time,ax1,ay1,az1,gx1,gy1,gz1,ax2,ay2,az2,gx2,gy2,gz2,ax3,ay3,az3,gx3,gy3,gz3,ax4,ay4,az4,gx4,gy4,gz4,label
0.0,9820,7172,9988,-356,-520,92,8424,-9292,9688,-666,-477,-411,-14624,3016,3744,-831,209,-215,-14736,-4580,4392,-414,284,-70,0
0.033667087554931696,9900,7228,10008,-243,-382,109,8340,-9420,9900,-1905,-1254,-671,-14856,3008,3860,-793,142,-109,-14644,-4516,4160,-400,294,-104,0
0.0674419403076172,10064,7328,10092,-264,-184,39,8656,-9480,9528,-3153,-1158,-1099,-14884,3116,3676,-805,91,-57,-14892,-4400,4380,-460,158,-174,0
0.1010510921478272,9892,7252,9988,-186,-47,-55,8888,-9680,8948,-1452,-286,-593,-15056,2964,3884,-1103,-2,-230,-14832,-4572,4244,-464,77,-250,0
0.1345441341400147,9800,7264,10256,-59,-58,-93,8268,-9288,11824,1817,1519,-62,-14820,3048,3864,-1231,-162,-67,-14800,-4416,4512,-509,25,-259,0
0.1681730747222901,9636,7320,10360,-79,57,-29,7816,-9260,10008,752,1315,201,-14516,3148,4332,-1096,11,-12,-14692,-4712,4676,-526,60,-90,0
0.2018201351165772,9484,7224,10304,-100,68,113,8028,-9496,9860,250,2,76,-14620,3132,3992,-1049,234,8,-14568,-4700,4772,-521,84,27,0
0.23554205894470218,9476,7288,10296,-139,42,213,8164,-9512,9508,-102,196,-55,-14576,3208,4040,-1017,282,6,-14840,-4748,4712,-258,71,46,0
0.26935315132141124,9424,7236,10312,-184,-20,231,8084,-9532,9976,-130,-51,-120,-14432,3232,4032,-975,222,19,-14832,-4608,4852,-488,78,61,0
0.3028860092163087,9532,7248,10260,-202,-110,234,8236,-9556,9776,-160,19,-108,-14668,3376,4028,-925,185,25,-14728,-4812,4780,-482,24,41,0
0.33640193939208995,9640,7056,10344,-291,-62,189,8280,-9564,9496,-112,107,-71,-14820,3196,3880,-895,145,46,-14648,-4416,4672,-449,46,-15,0
0.3699610233306885,9612,7080,10336,-344,-125,168,8272,-9548,9904,-130,121,-138,-14752,3136,4080,-872,141,-42,-14696,-4724,4432,-396,159,-12,0
0.40366506576538086,9704,7248,10392,-336,-194,66,8324,-9412,8988,-900,-970,-650,-14800,3172,3900,-854,160,-86,-14820,-4604,4364,-375,157,-75,0
0.4372389316558838,9852,7120,10256,-351,-234,68,8856,-9484,9424,58,233,-27,-14648,3212,3684,-909,70,-52,-14676,-4300,4732,-426,117,-97,0
0.4706439971923829,9780,6984,10624,-341,-180,100,8444,-9612,9860,73,215,-71,-14684,3536,3680,-1033,-6,-46,-14656,-4392,4736,-427,137,-100,0
0.5040099620819093,9748,7096,10396,-269,-192,140,8756,-9728,9052,675,331,-37,-14784,3460,3852,-1045,96,-73,-14760,-4504,4856,-498,195,-49,0
0.537886142730713,9968,7128,10252,-229,-150,183,8300,-9640,9796,183,-427,-112,-14688,3240,4000,-993,201,-54,-14700,-4456,4828,-492,133,-255,0
0.5713939666748048,9732,7068,10040,-245,-67,206,8492,-9328,9716,25,-61,-53,-14796,3124,3804,-927,225,3,-14744,-4512,4380,-478,69,-19,0
0.6045711040496827,9716,7140,10320,-245,-30,179,8432,-9484,9640,-142,179,53,-14768,3148,3896,-945,150,86,-14732,-4804,4704,-767,47,-65,0
0.6381280422210694,9760,7188,10368,-168,21,204,8508,-9356,9360,-691,241,17,-14476,3232,3712,-962,196,131,-14616,-4548,4616,-534,-2,32,0
0.6715970039367677,9744,7412,10352,-119,104,250,7944,-9516,9772,-349,-652,-190,-14712,3208,3716,-981,300,45,-14616,-4564,4796,-556,32,103,0
0.7048749923706056,9736,7184,10228,-143,127,325,8352,-9708,9916,55,-1048,-458,-14808,3100,3852,-948,369,-26,-14620,-4656,4664,-543,72,122,0
0.7384989261627198,9608,7144,10272,-168,254,386,8532,-9432,9776,53,-1646,-557,-14844,3148,3960,-933,412,-69,-14536,-4828,4696,-502,179,151,0
0.7717530727386476,9496,7316,10444,-151,-179,403,8276,-9232,9704,5,-1834,-784,-14684,3180,4032,-867,396,-69,-14664,-4648,4792,-498,194,194,0
0.8050830364227296,9656,7328,10440,-9,-194,368,8684,-9400,9992,631,-3530,-896,-14356,3080,4208,-777,1384,-120,-14656,-4484,4724,-440,68,509,0
0.8423480987548829,9828,7180,10356,-329,-167,340,8860,-9296,9472,400,-1530,-270,-14624,3212,3664,-916,1445,-255,-14404,-4204,5008,-423,29,277,0
0.878101110458374,9620,6928,10464,-375,-231,325,8872,-9508,9396,180,-351,-297,-14996,3260,3448,-1173,842,234,-14676,-4200,4828,-475,188,249,0
0.9135730266571046,9828,6744,10384,-295,-119,334,9264,-9612,9160,75,230,-211,-15028,3588,3536,-802,71,-70,-14768,-4240,4948,-650,180,44,0
0.9493601322174072,9844,6696,10404,-237,-133,271,8964,-9612,9408,111,682,-78,-14900,3372,3108,-1106,204,-108,-14524,-4092,4788,-664,222,-10,0
0.9841239452362059,9676,6992,10612,-222,-175,207,8816,-9236,9396,174,50,-196,-14672,3348,3476,-911,475,-251,-14756,-4144,4808,-517,398,65,0
1.0199079513549805,9716,6796,10400,-233,-160,239,8896,-9424,9336,-62,-175,-180,-14784,3408,3624,-870,374,-106,-14640,-4352,4856,-498,159,112,0
1.055009126663208,9736,6928,10340,-367,-68,271,9156,-9720,9324,-111,-66,-187,-14828,3348,3444,-1140,391,45,-14820,-4316,4648,-484,102,177,0
1.0906710624694824,9572,7136,10556,-323,-132,301,9036,-9424,9152,-197,80,-511,-14916,3264,3476,-1205,251,40,-14576,-4212,4644,-510,226,64,0
1.1260731220245361,9788,6692,10336,-287,-338,236,9076,-9484,8984,-77,92,-304,-14892,3520,3472,-1139,11,-114,-14684,-4120,4684,-548,285,14,0
1.1617710590362549,9912,6824,10204,-197,-319,209,9096,-9332,9208,-275,-408,-341,-14916,3140,3124,-864,219,-36,-14792,-4196,4696,-528,275,254,0
1.197632074356079,10016,6892,10432,-209,-206,129,9456,-9260,9312,-239,-219,-333,-14888,2856,3412,-1272,134,33,-14776,-4208,4488,-396,1,-25,0
1.2329630851745605,10144,6940,10016,-355,-80,77,9276,-9064,9264,-331,-8,-226,-14804,3084,3460,-970,61,184,-14840,-4292,4648,-274,27,-95,0
1.2682111263275146,9912,6964,10212,-385,34,47,9088,-9084,9136,-363,-32,-104,-14756,3176,3488,-928,55,225,-14792,-4144,4772,-299,-12,255,0
1.3037240505218508,9956,7052,10472,-445,62,179,8848,-9472,9024,-282,375,33,-14520,3388,3868,-900,367,102,-14684,-4252,4680,-4,94,157,0
1.3392879962921143,9676,6928,10528,-442,34,326,8792,-9432,9108,-279,185,27,-14732,2980,3420,-1080,689,132,-14680,-4132,4844,-376,79,261,0
1.374485969543457,9764,6796,10624,-370,21,387,8844,-9652,9260,-330,-307,22,-14732,3792,3592,-1164,729,211,-14700,-4156,4908,-486,82,279,0
1.4102449417114258,9804,6764,10436,-225,33,365,9304,-9592,9196,-220,-23,-71,-14968,3504,3196,-1225,500,144,-14848,-4196,4760,-406,50,83,0
1.4455430507659912,9948,6432,10564,-292,85,246,9676,-9284,9692,-217,45,36,-14876,3256,3396,-907,29,58,-14732,-4132,4808,-334,-30,-85,0
1.4830989837646482,9876,6724,10672,-360,101,143,9416,-9908,9000,-7,517,259,-14696,2612,3248,-826,-58,22,-14796,-4040,4808,-339,253,-63,0
1.5166590213775635,9856,6868,10664,-353,109,165,8520,-9608,8832,-237,446,176,-14624,2628,3224,-631,82,168,-14732,-4032,4668,-291,2,100,0
1.550313949584961,9592,6672,10332,-436,48,280,8500,-9224,9364,-373,-358,75,-14524,3276,3272,-870,319,185,-14636,-3860,5048,-399,60,501,0
1.5837159156799316,9580,6668,10824,-305,-54,455,8892,-9964,9076,-322,-295,-57,-14672,3696,3372,-1273,265,65,-14424,-3840,5316,-550,170,313,0
1.6172630786895752,9644,6384,10752,-204,-86,497,8976,-10028,8864,-216,-261,20,-14704,3808,3272,-1413,532,5,-14708,-4064,4956,-657,231,329,0
1.6507740020751953,9596,6524,10608,-50,-41,544,9088,-9836,8924,-126,-423,10,-14848,3460,3208,-1411,1106,-81,-14920,-3876,4972,-677,155,222,0
1.6840510368347168,9876,6604,10636,34,37,419,9240,-9856,9176,76,-105,123,-15344,3372,3080,-1151,854,-127,-14888,-3812,5024,-702,88,50,0
1.717453956604004,9920,6528,10600,23,48,284,9320,-9812,9060,426,595,370,-14856,3392,3836,-1189,503,-189,-14768,-3984,5008,-751,85,-49,0
1.7510991096496584,9884,6652,10536,19,125,301,9084,-9832,8792,310,262,63,-14956,2940,3164,-1153,284,-370,-14768,-4220,4568,-715,221,-20,0
1.7844469547271726,9840,6724,10700,0,-99,283,9096,-9520,9188,334,-90,47,-14920,3428,4160,-1025,-14,-225,-14872,-4172,4848,-607,267,-61,0
1.818270921707153,9960,6652,10444,-44,-159,82,9040,-9676,8896,119,651,-17,-15308,3264,3112,-950,-254,-237,-14604,-3980,4664,-594,210,-217,0
1.851396083831787,9772,6480,10244,-47,-181,-38,8976,-9752,8800,312,1091,-18,-15040,3580,3536,-873,-319,-313,-15040,-3904,5092,-627,313,-289,0
1.8849420547485352,9796,6568,10684,-6,-208,-114,9156,-9808,9172,201,299,-281,-15052,3648,3320,-1016,-74,-383,-14696,-3940,4936,-598,368,-290,0
1.918407917022705,9652,6612,10544,56,-248,-162,8840,-9804,9120,207,217,-313,-14824,3364,3276,-890,-72,-465,-14640,-3924,4900,-620,375,-305,0
1.9518101215362547,9764,6600,10400,44,-2,-192,8732,-9952,9124,317,549,-283,-14896,3140,3208,-1089,-59,-746,-14748,-4100,4836,-652,399,-347,0
1.985333919525147,9804,6716,10260,32,-275,-187,8796,-9616,9020,414,760,-277,-14936,3456,3212,-876,-124,-406,-14780,-4112,4800,-648,404,-334,0
2.0190341472625732,9776,6764,10416,15,-244,-139,9052,-9568,9320,313,686,-264,-14784,3480,3356,-838,-246,-376,-14844,-4048,4832,-639,285,-320,0
2.052600145339966,9736,6664,10496,-63,-163,-20,8680,-9488,9340,207,767,-227,-14940,3252,3392,-933,79,-317,-14608,-4060,4704,-656,340,-178,0
2.086036920547485,9772,6824,10320,-59,-272,96,8688,-9508,9220,165,381,-252,-14916,3352,3356,-957,136,-355,-14760,-4152,4748,-603,351,-109,0
2.1197731494903564,9876,6744,10416,-126,-312,116,8952,-9320,9420,153,129,-268,-14984,3208,3472,-1036,161,-218,-14984,-4144,4724,-582,284,-132,0
2.1533761024475098,9920,6896,10384,-182,-241,94,8864,-9364,9340,65,100,-235,-14976,3172,3456,-1044,120,-100,-14868,-4144,4712,-584,223,-143,0
2.18693208694458,9984,6940,10400,-175,-145,117,8940,-9340,9416,-60,162,-230,-14932,3192,3276,-984,69,-45,-14880,-4172,4456,-524,161,-134,0
2.220489978790283,9988,6812,10348,-195,-86,110,9004,-9420,9332,-98,148,-108,-14964,3140,3256,-975,70,-2,-14836,-3960,4584,-534,126,-109,0
2.253972053527832,9932,6808,10400,-231,-80,108,8896,-9444,9380,-51,173,-120,-15020,3160,3316,-1004,106,-52,-14824,-4176,4740,-523,146,-71,0
2.2873339653015137,9888,6680,10360,-207,-68,111,8852,-9352,9356,-74,157,-154,-14872,2832,3136,-1079,123,-25,-14956,-4252,4748,-263,101,-72,0
2.320933103561401,9952,6776,10284,-228,-84,60,8852,-9600,9368,-62,178,-155,-15084,3304,3084,-1074,140,-33,-15064,-4076,4492,-494,126,-77,0
2.354288101196289,9840,6752,10292,-203,-38,34,8880,-9716,9312,-81,164,-123,-14872,3088,3548,-1099,99,25,-14844,-3980,4700,-511,94,-90,0
2.3876171112060547,9792,6848,10248,-179,15,85,8872,-9624,9248,-87,171,-87,-14868,3328,3116,-1033,65,99,-14752,-4084,4820,-490,41,-111,0
2.420987129211426,9760,6700,10552,-221,59,93,8840,-9688,9308,-139,158,-87,-14624,3332,3556,-1066,46,106,-14728,-4296,4656,-477,36,-124,0
2.454445123672485,9844,6720,10400,-205,36,73,8780,-9676,9368,-128,117,-52,-14876,3396,3152,-1054,133,46,-14744,-4012,5040,-506,50,-137,0
2.487805128097534,9948,6832,10240,-141,51,77,8788,-9676,9380,-91,127,-101,-14888,3324,3416,-1053,117,244,-14624,-4080,4780,-513,144,-95,0
2.5243530273437504,9864,6612,10620,-131,-27,85,8844,-9704,9260,-118,96,-152,-14912,3340,3368,-1005,110,-73,-14724,-4252,4720,-554,159,-148,0
2.5596630573272705,9876,6668,10564,-98,-84,63,8944,-9712,9376,-37,123,-173,-14948,3544,3260,-937,40,-119,-14700,-4068,4708,-570,161,-153,0
2.595205068588257,9844,6428,10560,-106,-128,10,8800,-9696,9336,19,185,-192,-14912,3344,3228,-980,-246,-136,-14776,-4204,4664,-563,141,-180,0
2.630795955657959,9828,6760,10396,-135,-73,24,8796,-9584,9284,251,149,-172,-14864,3432,3264,-824,-22,-107,-14772,-4248,4740,-541,153,-168,0
2.6660799980163574,9936,6776,10512,-130,-85,23,8788,-9612,9468,-49,110,-190,-14856,3256,3380,-922,20,-121,-14776,-4164,4804,-519,161,-203,0
2.7019691467285156,9876,6848,10568,-145,-108,15,8888,-9592,9252,-78,109,-166,-14828,3236,3332,-914,22,-53,-14732,-4340,4688,-764,130,-191,0
2.737795114517212,9780,6756,10456,-95,-87,13,8812,-9600,9272,-114,70,-188,-14860,3320,3384,-895,45,-65,-14796,-4200,4728,-531,124,-121,0
2.7729420661926265,9756,6832,10284,-88,-77,63,8792,-9576,9308,-89,67,-181,-14892,3296,3440,-983,89,-30,-14664,-4212,4740,-514,163,-133,0
2.809356927871704,9708,6808,10512,-171,-85,53,8896,-9580,9280,-66,55,-189,-14764,3248,3344,-963,75,-103,-14752,-4352,4776,-768,144,-136,0
2.8450019359588627,9796,6712,10588,-110,-88,60,8820,-9712,9288,-39,105,-160,-15032,3400,3384,-975,33,-51,-14824,-4096,4700,-550,137,-185,0
2.880993127822876,9840,6744,10676,-140,-86,38,8812,-9684,9000,40,95,-146,-14820,3524,3244,-1050,33,-70,-14708,-4164,4796,-567,180,-173,0
2.9172120094299316,9832,6768,10484,-85,-68,54,8896,-9628,9280,255,132,-110,-14668,3248,3388,-976,32,-92,-14680,-3892,4784,-519,153,-157,0
2.952501058578491,9512,6668,10284,-168,-76,27,8888,-9672,9328,-254,85,-167,-14872,3404,3304,-991,25,-107,-14812,-4128,4856,-482,145,-174,0
2.9888529777526855,9560,6736,10516,-153,-54,21,8820,-9528,9288,-5,117,-173,-15092,3464,3472,-969,32,-37,-14772,-4068,5064,-526,147,-169,0
3.0238380432128906,9592,6728,10504,-151,-92,59,8852,-9536,9404,-26,11,-114,-14812,3304,3316,-941,40,-88,-14732,-4144,4976,-508,126,-157,0
3.059239149093628,9712,6668,10252,-179,-109,59,8724,-9928,9356,-29,-241,-168,-14940,3256,3368,-992,151,-74,-14856,-4088,4920,-494,117,-157,0
3.094038963317871,9644,6792,10416,-209,-124,59,8868,-9692,9216,-7,112,-163,-14952,3360,3372,-939,119,-99,-14748,-4224,4784,-530,155,-136,0
3.129390001296997,9860,6788,10360,-167,-91,52,8848,-9584,9296,12,179,-167,-14896,3240,3436,-961,38,-107,-14740,-4060,4772,-528,175,-158,0
3.1655139923095708,9496,6740,10712,-140,-92,64,8808,-9572,9192,-25,166,-156,-14688,3524,3356,-979,109,-120,-14672,-4344,5044,-552,188,-125,0
3.1989850997924805,9656,6712,10408,-158,-100,68,8904,-9696,9256,16,153,-151,-14864,3456,3412,-1074,163,-75,-14860,-4208,4848,-535,174,-88,0
3.2324039936065674,9776,6864,10556,-192,-50,94,8752,-9600,9436,53,129,-159,-14612,3268,3420,-1047,204,-71,-14796,-4200,4752,-547,187,-54,0
3.2658939361572266,9740,6804,10516,-179,-130,129,8876,-9736,9356,96,112,-194,-15092,3440,3228,-771,153,-93,-14720,-3864,4880,-549,240,-71,0
3.2996909618377686,9580,6780,10484,-185,-202,108,8820,-9744,9468,92,109,-232,-14948,3404,3496,-1027,239,-133,-14840,-4052,4828,-570,272,-57,0
3.333341121673584,9644,6736,10584,-192,-224,105,8520,-9604,9172,93,169,-203,-14768,3560,3504,-875,245,-196,-14792,-4284,4688,-536,260,-60,0
3.3668429851531982,9620,6760,10480,-208,-224,85,8800,-9552,9300,96,204,-247,-14912,3392,3460,-967,179,-229,-14716,-4156,4804,-546,249,-89,0
3.3999581336975098,9616,6800,10496,-226,-201,121,8840,-9672,9448,72,160,-215,-14740,3348,3400,-963,188,-216,-14596,-4348,4844,-544,234,-77,0
3.4332070350646973,9776,6760,10508,-243,-230,113,8836,-9564,9224,82,105,-200,-14908,3340,3444,-1005,245,-179,-14684,-3880,4904,-520,224,-48,0
3.4669449329376225,9752,6760,10340,-240,-232,138,8872,-9264,8960,10,163,-222,-14824,3364,3096,-954,223,-130,-15104,-4136,4744,-540,231,-63,0
3.5005040168762207,9832,6752,10372,-258,-217,156,8856,-9528,9236,83,129,-195,-14952,3268,3260,-1023,204,-131,-14744,-4064,4740,-558,237,-56,0
3.5337960720062256,9888,6704,10400,-239,-11,166,8852,-9564,9316,131,85,-217,-14976,3232,3328,-1034,210,-209,-14840,-4276,4744,-564,509,-38,0
3.567337989807129,9716,6756,10440,-216,-210,143,8864,-9500,9268,95,93,-196,-14632,3260,3552,-1276,229,-172,-14888,-4136,4728,-568,222,-74,0
3.6010489463806157,9748,6676,10600,-226,-220,131,8860,-9536,9256,122,133,-224,-14960,3304,3280,-1005,201,-189,-14824,-3988,4820,-550,222,-58,0
3.6345911026000977,9904,6668,10416,-189,-167,108,8936,-9532,8976,125,135,-184,-15084,3120,3124,-1007,148,-112,-14844,-4032,4840,-584,143,-103,0
3.668086051940918,9964,6708,10448,-199,-97,133,8736,-9584,9296,80,137,-117,-14924,3312,3356,-983,144,-60,-14844,-4148,4772,-556,66,-99,0
3.701467990875244,9744,6660,10400,-242,-97,138,8876,-9564,9408,76,156,-148,-14976,3076,3104,-990,170,-75,-14748,-4332,4824,-564,144,-104,0
3.7348971366882324,9792,6452,10316,-217,-144,150,8956,-9512,9428,70,162,-144,-14832,3320,3200,-1001,194,-125,-14684,-4328,4860,-522,188,-109,0
3.7681069374084477,9820,6632,10520,-191,-187,94,8868,-9504,9308,-246,85,-210,-14948,3304,3368,-975,178,-130,-14808,-4004,4724,-496,209,-89,0
3.8016560077667236,9728,6880,10512,-154,-207,91,9172,-9720,9028,11,89,-226,-14900,3364,3172,-939,116,-132,-14836,-4080,4788,-768,222,-116,0
3.835381984710693,9860,6744,10520,-90,-138,97,8840,-9504,9348,-16,120,-206,-14876,3348,3196,-953,53,-107,-14856,-4108,4748,-504,174,-129,0
3.868737936019898,10032,6624,10588,-111,-89,47,8912,-9664,9364,-53,123,-157,-14904,3360,3300,-1276,119,-107,-14828,-4084,4828,-503,167,-133,0
3.9021220207214355,9836,6764,10312,-105,-16,42,8984,-9544,9256,-76,121,-162,-14888,3272,3196,-1078,109,-246,-14600,-4236,4716,-504,138,-128,0
3.9354500770568848,9880,6760,10484,-90,7,41,9048,-9444,9352,-106,177,-140,-14888,3220,3348,-1059,74,-2,-14800,-4156,4644,-502,125,-151,0
3.968675136566162,9756,6768,10468,-118,12,42,8884,-9540,9404,-163,125,-153,-14800,3256,3316,-1057,125,-2,-14764,-4100,4808,-494,124,-142,0
4.002362966537476,9928,6768,10328,-49,50,32,8944,-9496,9364,-105,175,-117,-15028,3280,3396,-929,53,-27,-14856,-4072,4836,-566,103,-168,0
4.035912990570068,9760,6628,10556,-80,7,22,8776,-9536,9368,-9,116,-120,-15064,3380,3128,-1056,34,-33,-14732,-4244,4796,-535,93,-179,0
4.069224119186401,9772,6728,10560,-127,-14,31,8772,-9512,9312,-23,143,-126,-14840,3240,3380,-986,43,-23,-14736,-4264,4848,-493,106,-152,0
4.10290813446045,9808,6800,10652,-80,253,12,8844,-9528,9396,-38,188,-142,-14936,3388,3224,-1007,102,-33,-14756,-4184,4832,-534,86,-177,0
4.136696100234985,9776,6700,10620,-105,-29,26,8880,-9620,9244,10,135,-170,-15092,3332,3116,-981,79,-57,-14804,-4208,4932,-541,128,-198,0
4.170120000839233,9752,6768,10560,-83,-78,13,8840,-9528,9296,-23,190,-151,-15124,3152,3500,-506,-148,-89,-14712,-4192,4836,-504,114,-192,0
4.207482099533081,9688,6720,10600,-140,-105,251,8924,-9472,9328,-28,227,-96,-14904,3288,3244,-548,-35,-52,-14732,-4172,4924,-489,107,-170,0
4.242666959762573,9720,6700,10492,-153,-102,8,8864,-9540,9328,-6,143,-190,-14876,3224,3224,-915,22,-90,-14824,-4004,5016,-480,132,-152,0
4.278694152832031,9736,6744,10656,-154,-120,64,8716,-9500,9464,-45,93,-184,-15076,3452,3384,-1055,112,-41,-14572,-4012,4988,-508,142,-143,0
4.314144134521484,9784,6796,10452,-125,-153,94,8796,-9536,9252,-32,96,-202,-14876,3352,3296,-970,93,-88,-14784,-4024,4904,-501,151,-129,0
4.349538087844849,9812,6832,10600,-138,-141,90,8912,-9520,9256,11,102,-152,-14888,3564,3480,-999,70,-56,-14712,-4244,4836,-540,156,-156,0
4.38499903678894,9776,6680,10704,-120,-105,55,8940,-9504,9040,248,497,-196,-14616,3560,3496,-1012,102,-87,-14704,-4160,4820,-520,164,-165,0
4.42113995552063,9720,6780,10516,-115,-109,23,8928,-9512,9312,15,3,-126,-15020,3284,3208,-777,80,-88,-14760,-4108,4808,-503,190,-173,0
4.457122087478638,9580,6748,10524,-137,-92,16,8860,-9536,9400,-31,152,-168,-14692,3376,3212,-1003,30,-94,-14748,-4116,4840,-506,117,-150,0
4.492155075073243,9552,6880,10396,-130,-87,41,8772,-9312,9336,-12,147,-157,-14912,3280,3432,-982,58,-22,-14748,-4156,4992,-499,132,-135,0
4.527981996536255,9628,6848,10496,-163,-66,51,8828,-9604,9308,-21,174,-129,-14748,3192,3312,-955,60,-73,-14748,-4124,4816,-521,117,-119,0
4.56325101852417,9612,6696,10292,-156,-51,56,8940,-9516,9264,-16,123,-147,-14916,3432,3400,-772,121,-71,-14628,-4284,4960,-503,171,-124,0
4.59891414642334,9928,6788,10512,-102,-105,75,8860,-9648,9332,7,113,-186,-14824,3328,3412,-961,103,-115,-14628,-4280,4756,-530,201,-129,0
4.633976936340332,9764,6632,10604,-130,-135,44,8868,-9272,9460,11,160,-216,-14908,3372,3288,-934,66,-163,-14632,-4264,4896,-527,209,-132,0
4.669485092163086,9676,6780,10668,-159,-162,74,8820,-9512,9352,42,181,-192,-14840,3312,3356,-967,116,-135,-14704,-4136,4780,-476,230,-78,0
4.705035924911499,9640,6876,10516,-150,-208,95,8860,-9244,9308,40,119,-213,-14908,3372,3480,-992,210,-173,-14808,-4256,4960,-532,223,-60,0
4.7408270835876465,9776,6776,10492,-154,-205,133,8800,-9492,9396,66,134,-190,-14608,3412,3440,-937,178,-143,-14808,-4096,4888,-524,165,-77,0
4.7762451171875,9672,6800,10612,-202,-173,139,8776,-9524,9372,38,150,-189,-15092,3368,3316,-951,203,-105,-14736,-4128,4852,-260,221,-78,0
4.811897039413452,9648,6696,10328,-232,-198,148,8896,-9520,9280,26,130,-211,-14936,3368,3436,-974,193,-149,-14824,-4124,4760,-508,158,-54,0
4.848803997039795,9724,6740,10304,-181,-161,102,8920,-9484,9280,34,154,-171,-14920,3392,3384,-977,154,-121,-14612,-4180,4756,-535,186,-75,0
4.882532119750977,9760,6800,10484,-233,-178,128,8816,-9548,9320,98,131,-187,-14900,3336,3260,-774,132,-115,-14708,-4164,4872,-542,242,-73,0
4.915873050689698,9732,6832,10564,-200,-171,138,8852,-9436,9436,74,123,-191,-14944,3544,3396,-981,179,-125,-14684,-4276,5012,-525,219,-85,0
4.949162960052491,9812,6780,10500,-193,-233,107,8892,-9568,9240,51,131,-229,-14848,3276,3284,-1000,191,-157,-14804,-4176,4808,-526,234,-58,0
4.988600015640259,9828,6428,10532,-154,-189,128,8888,-9492,9496,87,145,-194,-14884,3320,3152,-985,140,-91,-14788,-4344,5112,-514,167,-70,0
5.022202014923096,9724,6708,10476,-198,-175,149,8736,-9476,9292,25,126,-154,-15000,3356,3492,-942,118,-110,-14748,-4236,4668,-260,133,-98,0
5.055691957473755,9676,6776,10576,-220,-185,118,8772,-9448,9456,34,137,-182,-14840,3384,3524,-971,187,-144,-14744,-4128,4616,-494,178,-109,0
5.089195966720581,9800,6812,10512,-213,-172,115,8772,-9492,9716,35,167,-215,-14836,3392,3312,-947,176,-102,-14848,-4352,5052,-488,165,-47,0
5.122859954833984,9948,6732,10456,-213,-217,127,8824,-9484,9464,36,131,-214,-14828,3304,3300,-990,181,-141,-14664,-4140,4856,-481,202,-38,0
5.15644097328186,9784,6684,10512,-210,-227,143,8840,-9516,9396,-254,119,-231,-14868,3296,3396,-974,160,-86,-14760,-4128,4740,-512,204,-41,0
5.189749002456665,9780,6652,10524,-190,-181,122,8800,-9268,9372,-34,110,-211,-14844,3292,3176,-1004,146,-68,-14760,-4120,4852,-507,171,-29,0
5.223313093185425,9844,6740,10568,-169,-160,121,8884,-9676,9360,-38,115,-193,-14956,3344,3092,-1279,179,-46,-14772,-4140,4888,-500,136,-93,0
5.256909132003784,9836,6604,10464,-128,-72,122,8832,-9412,9328,-16,137,-159,-14984,3352,3376,-1020,94,-36,-14748,-4124,4720,-521,145,-131,0
5.290687084197998,9812,6692,10540,-125,-40,66,8888,-9704,9220,-36,162,-155,-14876,3320,3496,-1279,74,-41,-14776,-4212,4840,-507,119,-139,0
5.324223041534424,9752,6668,10388,-128,-5,44,8856,-9472,9324,-97,171,-141,-14912,3284,3308,-998,64,-37,-14712,-4144,4772,-500,111,-125,0
5.357741117477417,9972,6736,10436,-115,-15,28,8892,-9496,9184,-91,169,-164,-15092,3484,3536,-993,65,-79,-14748,-4040,4824,-474,146,-170,0
5.391240119934082,9800,6848,10648,-119,-27,252,8840,-9520,9376,-94,147,-154,-14920,3364,3452,-974,65,229,-14628,-3880,4788,-497,167,-136,0
5.424374103546143,9756,6608,10484,-86,-28,26,8952,-9604,9252,-82,163,-175,-14908,3256,3344,-1016,47,-37,-14720,-4324,4704,-459,190,-131,0
5.457912921905518,9756,6724,10408,-177,-66,24,8876,-9440,9472,-91,160,-184,-14820,3324,3152,-964,68,-47,-14608,-4204,4756,-499,162,-134,0
5.491673946380615,9772,6688,10472,-95,-43,19,8908,-9552,9392,-81,141,-152,-15028,3376,3424,-983,57,-68,-14756,-4288,4932,-521,134,-186,0
5.5253190994262695,9692,6644,10604,-112,-18,34,8880,-9592,9488,7,151,-132,-14740,3536,3368,-973,31,-111,-14792,-4264,4892,-527,168,-173,0
5.558941125869751,9684,6800,10472,-86,-45,38,8896,-9544,9372,-24,138,-162,-14792,3300,3420,-962,37,-134,-15000,-4160,4612,-541,145,-189,0
5.592364072799683,9756,6768,10256,-103,-52,25,8880,-9264,9376,-26,142,-145,-14892,3212,3508,-946,58,-92,-14992,-4340,4832,-503,159,-187,0
5.626053094863892,9784,6664,10504,-109,-98,8,8900,-9440,9412,-35,133,-166,-15012,3296,3148,-979,96,-91,-14644,-4152,4636,-503,133,-188,0
5.659693002700806,9780,6788,10284,-116,-38,28,8872,-9444,9360,-33,115,-140,-15064,3132,3300,-961,52,-41,-14748,-4172,4772,-494,117,-145,0
5.692994117736816,9684,6784,10604,-117,-31,81,8804,-9572,9436,-88,72,-161,-14868,3392,3560,-960,37,-23,-14812,-4236,4744,-481,132,-129,0
5.726670980453491,9752,6720,10652,-156,-92,47,8872,-9512,9408,-32,125,-139,-14828,3540,3308,-987,103,-47,-14676,-4120,4704,-486,125,-136,0
5.760236024856567,9808,6824,10572,-144,-66,54,8940,-9564,9312,-29,126,-159,-14932,3380,3184,-964,137,-89,-14724,-4172,4744,-485,154,-120,0
5.793703079223633,9732,6672,10540,-153,-131,35,8868,-9472,9352,-9,124,-181,-14636,3088,3416,-1003,113,-91,-14768,-4112,4884,-503,187,-122,0
5.827428102493286,9680,6784,10556,-96,-90,63,8712,-9540,9384,-35,147,-170,-14904,3416,3304,-1006,85,-87,-14824,-4160,4904,-497,151,-136,0
5.8609089851379395,9828,6768,10348,-139,-81,66,8744,-9560,9464,-2,151,-148,-15068,3376,3472,-980,108,-66,-14776,-4132,4740,-495,144,-132,0
5.899644136428833,9592,6724,10596,-135,-76,51,8752,-9320,9236,-18,102,-152,-14632,3360,3396,-978,100,-115,-14740,-4180,5104,-522,180,-132,0
5.934512138366699,9664,6760,10520,-164,-97,83,8824,-9432,9240,24,125,-191,-14836,3436,3540,-996,83,-62,-14764,-4156,4920,-498,186,-94,0
5.9704649448394775,9944,6772,10632,-146,-112,69,8844,-9724,9660,-52,119,-185,-14864,3336,3300,-958,101,-91,-14772,-4232,4848,-495,185,-104,0
6.006165027618408,9612,6720,10676,-157,-120,91,8928,-9524,9372,-49,148,-175,-14848,3336,3204,-995,123,-58,-14688,-4200,4836,-520,196,-121,0
6.041785001754761,9476,6700,10712,-153,-96,70,8808,-9592,9428,-15,125,-154,-14640,3120,3144,-979,117,-79,-14708,-4280,4900,-523,157,-130,0
6.077697992324829,9792,6756,10648,-150,-85,89,8880,-9580,9276,-255,122,-162,-14664,3368,3548,-991,124,-63,-14828,-4152,5016,-522,165,-91,0
6.112793922424316,9644,6752,10508,-192,-139,67,8860,-9544,9356,30,125,-197,-14816,3468,3476,-1019,144,-100,-14724,-4336,4848,-507,195,-64,0
6.14805793762207,9864,6792,10620,-205,-166,82,8728,-9508,9224,-11,163,-211,-14640,3356,3348,-956,158,-95,-14716,-4256,4876,-766,170,-84,0
6.18336296081543,9816,6664,10684,-212,-168,107,8876,-9624,9276,66,103,-169,-14940,3448,3480,-1048,215,-131,-14648,-4104,5044,-534,205,-96,0
6.219589948654175,9704,6732,10668,-233,-199,120,8808,-9412,9452,77,81,-167,-14828,3360,3408,-980,180,-158,-14736,-4232,5108,-530,188,-61,0
6.254878997802734,9488,6796,10664,-210,-161,116,8952,-9436,9320,36,154,-180,-14796,3304,3456,-981,173,-117,-14724,-4128,4916,-509,204,-104,0
6.290812969207764,9704,6732,10600,-243,-214,119,8816,-9412,9444,83,138,-198,-14836,3384,3300,-1007,185,-111,-14768,-4156,4908,-494,200,-63,0
6.327371120452881,9608,6792,10656,-213,-153,146,8784,-9488,9376,86,120,-170,-14848,3576,3252,-984,120,-77,-14640,-4048,4796,-530,163,-76,0
6.3631110191345215,9624,6788,10576,-240,-189,133,8968,-9468,9276,27,129,-178,-14940,3392,3344,-930,144,-97,-14744,-4164,4804,-487,195,-73,0
6.39879298210144,9784,6692,10500,-244,-202,120,8888,-9520,9252,59,118,-219,-14996,3396,3260,-932,171,-147,-14748,-4316,5100,-506,188,-43,0
6.433754920959473,9684,6744,10264,-223,-194,114,8836,-9560,9404,73,78,-221,-14856,3288,3364,-1032,209,-129,-14716,-4120,4988,-760,223,-29,0
6.469457149505615,9756,6720,10372,-244,-228,151,8804,-9344,9336,70,102,-243,-14600,3392,3344,-1003,202,-138,-14764,-4168,5028,-500,229,-69,0
6.50487208366394,9764,6640,10692,-203,-197,155,8900,-9364,9428,42,91,-218,-15064,3328,3436,-995,169,-136,-14716,-4120,4888,-514,162,-66,0
6.541130065917969,9888,6652,10636,-194,-183,137,8932,-9452,9392,55,99,-205,-14632,3280,3268,-986,171,-142,-14784,-4240,4804,-513,201,-77,0
6.574609994888306,9524,6732,10292,-191,-157,114,8876,-9444,9424,75,113,-198,-14908,3304,3288,-1003,168,-99,-14836,-4152,4888,-528,187,-94,0
6.60817813873291,9736,6660,10564,-165,-160,143,8860,-9424,9388,27,116,-195,-14920,3564,3264,-1006,145,-79,-14708,-4144,4860,-487,196,-104,0
6.6418211460113525,9788,6684,10404,-186,-174,98,8916,-9496,9376,-21,120,-212,-14820,3136,3080,-969,132,-94,-14688,-4060,4876,-494,184,-126,0
6.675377130508423,9836,6592,10448,-142,-191,91,8996,-9484,9420,-53,126,-200,-14932,3132,3120,-972,88,-82,-14696,-4332,4688,-475,181,-98,0
6.7087061405181885,10184,6688,10552,-126,-125,46,9000,-9460,9336,-61,157,-204,-14864,3360,3288,-928,30,-118,-14720,-4076,4624,-500,168,-164,0
6.742136001586914,9788,6428,10632,-81,-31,30,8712,-9392,9380,-49,136,-140,-14820,3328,3188,-992,21,-95,-14784,-4164,4792,-502,133,-169,0
6.775607109069824,9968,6688,10388,-104,-23,35,8984,-9412,9336,-55,159,-135,-14876,3292,3240,-978,28,-51,-14612,-4348,5100,-484,164,-147,0
6.80924391746521,9720,6680,10712,-125,-46,57,8828,-9368,9448,-84,149,-173,-14824,3376,3248,-976,44,-37,-14792,-4252,4912,-482,162,-142,0
6.842986106872559,9508,6784,10440,-119,-62,45,8876,-9468,9284,-72,156,-144,-14928,3428,3168,-992,78,-37,-14832,-4344,4904,-497,133,-113,0
6.8766279220581055,9772,6684,10748,-87,-35,45,8912,-9492,9416,-34,146,-115,-14904,3312,3420,-1058,49,-20,-14776,-4128,4924,-500,151,-145,0
6.9100470542907715,9772,6784,10436,-150,-22,43,8836,-9392,9352,13,140,-149,-14828,3376,3444,-1274,44,-58,-14720,-4268,4836,-500,107,-182,0
6.943156957626343,9500,6892,10368,-70,6,34,9000,-9248,9372,-78,157,-119,-14908,3328,3388,-1010,95,-47,-14728,-4344,4652,-493,111,-184,0
6.9767069816589355,9580,6680,10644,-142,-37,-16,8920,-9552,9512,31,175,-146,-14848,3448,3544,-1018,57,-64,-14756,-4208,4608,-475,134,-180,0
7.010272979736328,9600,6408,10540,-108,-9,-249,8860,-9492,9632,-9,84,-152,-14852,3432,3104,-962,18,-89,-14776,-4176,4936,-501,151,-161,0
7.043797969818115,9640,6640,10496,-98,-60,45,8712,-9280,9320,-53,173,-153,-14772,3324,3300,-978,15,235,-14664,-4184,4960,-497,165,-145,0
7.077218055725098,9708,6636,10468,-99,-67,58,8856,-9692,9396,-46,101,-162,-14612,3548,3216,-958,91,-41,-14728,-4188,4876,-493,157,-149,0
7.110711097717285,9944,6744,10656,-129,-112,82,8932,-9500,9384,-31,142,-168,-14768,3368,3384,-938,103,-71,-14620,-4108,4912,-479,187,-80,0
7.144216060638428,9516,6712,10364,-133,-89,61,8788,-9440,9288,-31,143,-104,-14960,3352,3180,-899,59,-148,-14792,-4224,4868,-500,185,-121,0
7.177528142929077,9808,6636,10500,-157,-133,73,8892,-9436,9460,-20,142,-169,-14860,3344,3216,-1013,106,-92,-14644,-4268,4880,-498,171,-85,0
7.211221933364868,9696,6728,10492,-118,-78,87,8880,-9508,9376,-53,142,-170,-14828,3424,3284,-961,83,-81,-14804,-4320,4948,-501,170,-102,0
7.244795083999634,9672,6708,10596,-145,-82,75,8912,-9500,9436,10,184,-182,-15048,3428,3336,-996,154,-92,-14708,-4124,4860,-513,154,-94,0
7.278046131134033,9692,6756,10688,-128,-104,74,8896,-9452,9376,-4,134,-155,-14828,3392,3436,-981,109,-64,-14820,-4212,4760,-497,174,-134,0
7.3115410804748535,9604,6744,10584,-150,-102,65,8844,-9240,9380,-48,159,-169,-14820,3388,3420,-964,76,-81,-14664,-4188,4856,-501,195,-124,0
7.34483003616333,9664,6784,10596,-154,-77,64,8812,-9392,9412,-43,151,-181,-14616,3388,3284,-974,118,-94,-14676,-4196,4804,-260,158,-142,0
7.378061056137085,9912,6764,10528,-112,-92,61,8848,-9424,9296,-36,175,-154,-14864,3480,3344,-950,97,-124,-14668,-4092,4920,-506,126,-112,0
7.411773920059204,9692,6656,10304,-190,-110,65,8872,-9492,8972,71,139,-136,-15060,3116,3528,-944,106,-115,-14672,-4280,4832,-483,177,-77,0
7.445307016372681,9472,6852,10512,-200,-115,107,8824,-9420,9456,14,108,-204,-14768,3384,3436,-1018,198,-97,-14632,-4144,4976,-472,195,-35,0
7.478529930114746,9716,6740,10648,-147,-181,117,8880,-9584,9472,38,104,-189,-14864,3328,3412,-1002,217,-137,-14756,-4212,5040,-537,212,-75,0
7.512087106704712,9744,6692,10508,-198,-233,144,8864,-9636,9416,87,145,-179,-14904,3424,3404,-916,197,-148,-14640,-4212,4976,-497,177,-66,0
7.545156955718994,9676,6748,10604,-188,-188,144,8752,-9472,9392,66,123,-189,-14620,3456,3344,-963,179,-137,-14624,-4124,4640,-501,160,-53,0
7.582903146743774,9476,6724,10588,-234,-157,149,8772,-9412,9292,26,137,-186,-14688,3380,3504,-996,191,-115,-14708,-4272,4880,-529,170,-42,0
7.6187989711761475,9816,6716,10672,-225,-172,137,9000,-9496,9444,37,126,-173,-14804,3280,3360,-1003,188,-71,-14716,-4116,4828,-502,196,-53,0
7.653975009918213,9764,6700,10616,-222,-180,156,8936,-9404,9396,20,123,-212,-14968,3092,3340,-1022,187,-120,-14728,-4180,4960,-499,231,-41,0
7.689672946929932,9616,6720,10568,-248,-223,155,8864,-9408,9240,36,109,-258,-15092,3340,3220,-967,191,-180,-14768,-4216,4800,-469,284,-44,0
7.725064992904663,9692,6696,10616,-188,-256,135,8964,-9436,9324,65,116,-7,-14868,3408,3272,-976,169,-204,-14596,-4036,4968,-482,303,-48,0
7.761049032211304,9840,6644,10692,-181,-228,148,8860,-9544,9412,82,118,-4,-14900,3180,3196,-975,149,-146,-14676,-4000,4804,-496,243,-58,0
7.797220945358276,9912,6608,10468,-229,-218,147,8824,-9492,9364,69,162,-242,-14952,3572,3080,-940,158,-121,-14792,-4188,4972,-491,224,-53,0
7.832324981689453,9876,6488,10632,-229,-233,130,8916,-9368,9448,37,195,-203,-14908,3416,3088,-964,96,-102,-14676,-4236,4764,-495,182,-83,0
7.8681299686431885,9512,6684,10628,-210,-203,113,8892,-9424,9396,45,185,-215,-15060,3340,3344,-955,95,-113,-14800,-4332,4784,-259,197,-79,0
7.903295993804932,9868,6684,10668,-171,-239,140,9168,-9392,9344,35,131,-216,-14972,3348,3232,-989,211,-143,-14752,-4164,5060,-492,178,-86,0
7.938775062561035,9788,6692,10536,-175,-222,121,8904,-9404,9344,31,70,-219,-14948,3344,3216,-1009,149,-95,-14720,-4196,4660,-483,182,-92,0
7.974041938781738,9780,6856,10532,-148,-185,101,8856,-9336,9240,-16,113,-205,-14948,3324,3224,-944,130,-96,-14824,-4240,4764,-509,169,-135,0
8.010273933410645,9756,6660,10424,-104,-111,52,8988,-9336,9496,-41,169,-171,-14904,3240,3364,-980,76,-90,-14768,-4180,4624,-477,167,-140,0
8.04609203338623,9880,6648,10388,-102,-83,51,9184,-9336,9364,-39,132,-159,-14880,3296,3196,-1043,56,-45,-14780,-4152,4916,-509,157,-124,0
8.0818190574646,9864,6752,10564,-109,-49,37,8996,-9332,9684,-55,164,-130,-14896,3328,3136,-1008,32,-64,-14996,-3960,4760,-479,148,-125,0
8.117394924163818,9796,6684,10744,-134,-84,64,8932,-9392,9372,-50,158,-145,-14936,3516,3388,-996,15,-26,-14744,-4112,4740,-479,144,-141,0
8.153049945831299,9752,6628,10736,-119,-68,28,8956,-9492,9428,-58,183,-154,-14852,3352,3280,-1006,13,-52,-14708,-4348,4928,-485,148,-141,0
8.188903093338013,9524,6420,10440,-114,-38,42,8848,-9480,9348,-57,129,-164,-14808,3388,3348,-1046,59,-60,-14780,-4112,4928,-498,165,-142,0
8.224770069122314,9980,6692,10692,-115,-80,47,8844,-9528,9416,-52,140,-156,-14616,3440,3336,-1004,65,-74,-14760,-4128,5016,-502,148,-149,0
8.258348941802979,9820,6408,10536,-88,-77,39,8856,-9436,9344,-50,119,-163,-14872,3416,3296,-1006,57,-52,-14708,-4132,5092,-500,133,-157,0
8.291911125183105,9480,6764,10616,-72,-44,43,8864,-9448,9428,-28,137,-156,-14640,3284,3444,-960,59,-54,-14812,-4212,4664,-490,164,-170,0
8.325499057769775,9532,6752,10680,-83,-77,41,8916,-9400,9384,-31,142,-179,-15076,3352,3524,-970,75,-79,-14712,-3884,5024,-484,203,-157,0
8.359166145324707,9660,6772,10548,-111,-89,41,8816,-9276,9416,-71,119,-184,-14864,3296,3324,-942,114,-103,-14852,-4228,4756,-485,181,-131,0
8.39238715171814,9796,6636,10404,-94,-78,253,8848,-9428,9320,-31,169,-153,-14896,3372,3348,-1000,45,-117,-14780,-4052,4948,-492,163,-162,0
8.425770998001099,9484,6620,10572,-153,-81,36,9008,-9364,9452,31,152,-168,-14844,3344,3324,-988,66,-70,-14688,-4260,4848,-765,156,-144,0
8.45952296257019,9472,6784,10264,-113,-61,56,8852,-9328,9400,-51,149,-132,-14596,3248,3472,-990,64,-59,-14800,-4236,4916,-482,143,-156,0
8.493011951446533,9816,6684,10676,-117,-65,38,8984,-9452,9636,-51,105,-158,-14884,3408,3408,-991,53,-38,-14696,-4048,4920,-479,144,-167,0
8.526660919189453,9928,6684,10648,-90,-45,32,8924,-9456,9308,-44,144,-135,-14840,3384,3324,-984,21,-14,-14708,-4292,4872,-492,133,-152,0
8.560220956802368,9720,6764,10496,-96,-18,60,8720,-9448,9256,-11,177,-84,-14836,3480,3352,-983,36,-18,-14736,-4180,4992,-503,132,-138,0
8.593743085861206,9776,6728,10528,-113,-81,64,8824,-9452,9308,-47,147,-139,-15080,3432,3372,-994,104,-78,-14652,-4176,4892,-483,126,-145,0
8.62742805480957,9664,6760,10744,-142,-68,83,8912,-9408,9436,-46,129,-135,-14876,3308,3312,-978,134,-94,-14788,-4236,4816,-488,159,-95,0
8.661056995391846,9632,6784,10572,-142,-121,50,8868,-9408,9220,-53,115,-167,-14832,3576,3352,-995,82,-94,-14724,-4176,4784,-482,211,-106,0
8.694252014160156,9644,6756,10556,-149,-118,86,8824,-9424,9464,-5,116,-185,-14828,3304,3452,-999,82,-85,-14656,-3976,5080,-501,222,-70,0
8.727883100509644,9660,6668,10468,-119,-125,72,8892,-9220,9320,-50,83,-196,-15048,3176,3460,-974,118,-69,-14752,-4184,4792,-470,170,-111,0
8.761404037475586,9732,6728,10656,-161,-115,61,8900,-9488,9292,8,118,-193,-15020,3440,3532,-995,95,-54,-14708,-4256,4940,-523,140,-132,0
8.79500699043274,9712,6676,10240,-175,-73,64,8844,-9384,9488,20,144,-142,-14840,3364,3284,-994,70,-78,-14596,-4220,4880,-515,151,-98,0
8.828819990158081,9752,6896,10688,-181,-105,83,8868,-9396,9316,28,161,-143,-14852,3404,3320,-1004,94,-100,-14660,-4232,5000,-486,177,-98,0
8.862280130386353,9848,6728,10656,-222,-150,115,8752,-9420,9488,49,142,-192,-14852,3444,3332,-980,171,-170,-14652,-4244,4844,-491,214,-78,0
8.895583152770996,9756,6776,10628,-207,-215,118,8948,-9420,9628,-4,70,-237,-14800,3400,3480,-955,230,-167,-14784,-4240,4852,-500,0,-66,0
8.928835153579712,9572,6716,10540,-179,-251,131,8864,-9436,9428,35,109,-195,-14960,3416,3488,-938,185,-170,-14784,-4200,4864,-515,190,-92,0
8.962428092956543,9768,6692,10508,-221,-177,128,8868,-9408,9460,51,154,-197,-14784,3304,3384,-954,149,-99,-14668,-4124,4932,-492,188,-65,0
8.995569944381714,9668,6652,10416,-244,-173,125,8920,-9292,9464,68,140,-181,-14808,3420,3408,-965,180,-130,-14612,-3936,4988,-488,193,-68,0
9.029474973678589,9812,6624,10308,-245,-206,134,8896,-9412,9340,78,132,-210,-14800,3452,3548,-954,178,-170,-14772,-4208,5048,-494,223,-9,0
9.06295895576477,9820,6708,10632,-241,-240,138,9028,-9336,9340,92,150,-213,-14920,3108,3224,-977,185,-200,-14728,-4152,4932,-482,259,-43,0
9.09642505645752,9756,6752,10456,-257,-512,142,8860,-9404,9452,37,141,-237,-14820,3416,3296,-951,204,-192,-14876,-4244,4804,-491,228,-44,0
9.12996792793274,9840,6752,10540,-231,-497,156,8736,-9472,9396,16,120,-210,-15016,3400,3180,-1040,215,-149,-15072,-4296,4948,-530,172,-53,0
9.163633108139038,9848,6608,10544,-253,-179,148,8704,-9612,9456,86,76,-195,-14824,3312,3300,-1277,182,-115,-14744,-4108,4792,-257,218,-56,0
9.196964979171753,9788,6720,10396,-213,-188,152,8948,-9300,9360,50,106,-168,-14916,3256,3428,-1006,155,-85,-14812,-4116,4856,-507,166,-89,0
9.232746124267578,9784,6444,10620,-210,-155,110,8852,-9700,9412,48,125,-205,-14960,3296,3124,-964,161,-174,-14760,-4028,4928,-472,230,-67,0
9.268688917160034,9804,6588,10440,-222,-191,105,8924,-9384,9288,80,75,-226,-14924,3568,3552,-966,128,-103,-14824,-4224,4924,-501,189,-85,0
9.303717136383057,9772,6492,10404,-192,-156,130,8860,-9380,9364,63,110,-154,-14868,3364,3452,-968,112,-110,-14656,-4296,4884,-475,144,-82,0
9.33908200263977,9708,6624,10340,-211,-135,104,8916,-9552,9520,13,129,-172,-14932,3360,3460,-1015,152,-81,-14656,-4304,4644,-503,144,-104,0
9.374531984329222,9772,6620,10244,-159,-127,104,8828,-9372,9392,7,150,-184,-14916,3288,3320,-944,86,-87,-14748,-4116,5064,-504,173,-115,0
9.410244941711428,9800,6460,10748,-132,-134,73,8972,-9360,9432,-24,111,-167,-14840,3072,3564,-985,58,-115,-14616,-4032,5052,-455,230,-82,0
9.445569992065431,9828,6512,10272,-137,-136,93,9004,-9244,9460,-34,153,-206,-14632,3348,3540,-1007,87,-86,-14704,-4180,4788,-493,190,-123,0
9.481342077255249,9864,6616,10380,-105,-68,76,8920,-9292,9224,-31,144,-183,-14840,3364,3380,-1018,78,-102,-14724,-3888,4892,-460,156,-112,0
9.517635107040407,9840,6720,10468,-147,-54,55,8864,-9376,9520,-43,137,-149,-14964,3356,3404,-983,64,-88,-14720,-4184,4748,-487,172,-122,0
9.552792072296143,9968,6820,10552,-121,-39,33,8964,-9328,9504,-63,160,-174,-15104,3564,3140,-981,50,-94,-14760,-4180,4860,-507,197,-133,0
9.589142084121702,9768,6472,10748,-94,-41,51,8888,-9012,9524,-115,172,-183,-14808,3352,3284,-969,29,-11,-14824,-4208,4892,-499,159,-132,0
9.623924016952515,9904,6424,10592,-124,-72,50,8832,-9380,9492,-84,145,-160,-14864,3276,3328,-969,73,-69,-14840,-4004,4932,-503,155,-143,0
9.660089015960695,9804,6624,10564,-113,-45,44,8928,-9416,9236,-75,146,-168,-14936,3348,3488,-995,33,-45,-14820,-4176,4844,-483,161,-144,0
9.695110082626343,9560,6780,10596,-109,-42,21,8936,-9312,9420,-18,184,-149,-14760,3340,3464,-1003,29,-90,-14656,-4120,4744,-506,123,-151,0
9.731014966964723,9772,6632,10660,-117,-48,55,8820,-9324,9576,-10,145,-136,-14868,3336,3340,-965,70,-106,-14716,-4116,4864,-513,147,-171,0
9.7660551071167,9780,6652,10552,-139,-67,45,8992,-9340,9432,-27,125,-187,-14996,3412,3284,-997,74,-51,-14796,-3916,5100,-475,161,-153,0
9.80161714553833,9728,6704,10536,-139,-57,39,9180,-9328,9280,-69,157,-157,-14880,3376,3304,-963,49,-86,-14684,-4040,4636,-486,117,-150,0
9.83753514289856,9804,6604,10436,-97,-63,24,9184,-9404,9320,-27,183,-142,-14960,3428,3332,-1074,68,-33,-14696,-4020,4940,-516,141,-128,0
9.872586965560913,9644,6716,10632,-166,-54,40,8796,-9360,9576,27,120,-138,-14776,3272,3372,-1035,89,-65,-14804,-4212,5212,-507,171,-133,0
9.908265113830566,9672,6728,10704,-99,-70,56,8776,-9384,9456,-46,130,-150,-14892,3552,3388,-1010,91,-107,-14660,-4156,4960,-484,171,-125,0
9.941604137420654,9688,6632,10740,-168,-123,42,8960,-9424,9436,-27,157,-169,-14844,3256,3308,-995,119,-70,-14660,-4192,4984,-491,153,-140,0
9.975039958953857,9812,6744,10600,-123,-43,53,8884,-9424,9416,-30,99,-158,-14836,3400,3420,-1002,66,-68,-14592,-4108,5028,-495,156,-135,0
10.011515140533447,9700,6732,10636,-135,-44,82,8836,-9276,9492,2,130,-115,-14652,3568,3408,-999,87,-82,-14792,-3908,5036,-501,121,-113,0
10.045395135879517,9728,6716,10660,-144,-29,47,8884,-9392,9312,-51,149,-122,-14844,3524,3352,-957,135,-97,-14648,-4324,4824,-499,125,-96,0
10.078845024108887,9664,6620,10524,-192,-125,76,8880,-9420,9444,3,135,-173,-15092,3500,3532,-953,167,-136,-14668,-4156,5084,-497,218,-63,0
10.112340927124023,9648,6736,10516,-171,-204,137,8868,-9372,9440,28,93,-221,-14936,3364,3748,-976,219,-158,-14744,-4168,5036,-768,265,-43,0
10.145838022232054,9656,6728,10660,-185,-269,147,8844,-9276,9460,56,76,-238,-14788,3440,3368,-997,178,-123,-14712,-4188,5040,-535,215,-39,0
10.179360151290895,9488,6616,10260,-157,-207,150,8892,-9348,9420,56,120,-221,-14816,3116,3228,-952,190,-146,-14744,-4256,4912,-490,239,-24,0
10.212942123413086,9708,6732,10548,-207,-247,177,8932,-9456,9556,77,82,-238,-14864,3304,3296,-980,239,-152,-14684,-4128,4984,-491,505,-45,0
10.246649980545042,9764,6620,10548,-203,-248,156,8912,-9516,9416,92,141,-209,-15028,3428,3324,-983,196,-157,-14840,-4220,4960,-519,239,-32,0
10.280081987380983,9760,6708,10548,-186,-232,142,8816,-9292,9540,87,124,-221,-14664,3472,3296,-970,161,-217,-14836,-4264,4784,-487,248,-24,0
10.313687086105347,9780,6752,10608,-209,-246,144,9208,-9316,9684,74,117,-243,-14992,3420,3444,-972,177,-196,-14648,-4008,4900,-504,272,-17,0
10.347423076629639,9692,6752,10648,-223,-282,162,8940,-9284,9332,66,103,-260,-14940,3396,3404,-978,203,-166,-14652,-4108,4900,-486,275,-24,0
10.38093614578247,9924,6716,10580,-221,-265,160,8920,-9320,9452,89,92,-239,-15080,3392,3564,-991,148,-140,-14608,-4008,4888,-498,506,-41,0
10.414391040802002,9860,6624,10412,-166,-269,128,8932,-9324,9444,56,209,-230,-15104,3320,3332,-974,30,-120,-14828,-4140,4612,-503,221,-69,0
10.447715997695923,9816,6576,10272,-200,-235,124,8784,-8964,9336,40,93,-197,-14852,3300,3316,-965,141,-137,-14792,-4048,4816,-492,199,-91,0
10.480880975723267,9816,6664,10504,-128,-182,101,8856,-9316,9396,15,103,-188,-14864,3460,3348,-993,110,-124,-14724,-4156,4844,-506,207,-80,0
10.514163970947267,9780,6556,10280,-181,-173,89,8988,-9296,9668,-3,98,-167,-14884,3232,3416,-1030,109,-92,-14732,-4084,4812,-484,164,-103,0
10.547933101654053,9800,6612,10376,-140,-113,106,8920,-9200,9496,-49,132,-169,-15084,3376,3340,-963,64,-38,-14920,-4056,4772,-510,95,-87,0
10.581485986709595,9812,6584,10512,-137,-43,53,9128,-9368,9356,-8,142,-135,-14932,3272,3240,-1037,64,-54,-14684,-3856,4876,-500,116,-139,0
10.614952087402342,9844,6596,10688,-149,-83,42,8900,-9300,9356,23,160,-144,-14796,3192,3276,-1020,18,-56,-14684,-4216,4700,-509,158,-133,0
10.648405075073242,9788,6748,10604,-106,-51,47,8960,-9256,9676,-38,130,-143,-14864,3376,3088,-1004,82,-111,-14736,-3888,4852,-500,169,-144,0
10.681788921356201,9752,6624,10416,-141,-104,30,8952,-9388,9456,3,124,-210,-14924,3444,3304,-1275,131,-114,-14468,-4084,5060,-466,212,-135,0
10.715472936630249,9736,6556,10524,-105,-120,66,8980,-9280,9472,-45,129,-195,-14776,3420,3544,-954,73,-102,-14780,-4220,4888,-484,131,-124,0
10.749136924743652,9560,6416,10716,-133,-75,64,8984,-9316,9476,-49,163,-158,-15092,3380,3312,-970,73,-70,-14820,-4200,5092,-492,109,-153,0
10.782710075378418,9740,6556,10688,-147,-59,43,8892,-9384,9468,-56,163,-139,-14936,3348,3420,-1001,65,-74,-14796,-4240,4632,-521,130,-147,0
10.816187143325807,9980,6668,10736,-120,-61,40,8972,-9264,9368,-24,168,-159,-14824,3256,3344,-975,56,-70,-15100,-4128,4776,-510,155,-140,0
10.84995698928833,9776,6644,10440,-111,-73,47,8872,-9384,9320,-21,139,-184,-14928,3560,3088,-993,72,-93,-14740,-4116,4852,-490,188,-171,0
10.883566141128538,9804,6640,10576,-160,-119,37,8796,-9416,9560,-23,162,-189,-14888,3352,3356,-1008,40,-53,-14764,-3868,5080,-482,197,-142,0
10.92076301574707,9828,6656,10548,-124,-76,48,8880,-9340,9516,-45,149,-184,-14852,3356,3400,-957,8,-83,-14764,-4140,4620,-509,167,-156,0
10.955557107925415,9836,6608,10648,-116,-100,31,8952,-9308,9364,-28,113,-156,-15016,3320,3496,-1004,33,-101,-14832,-4148,4908,-497,181,-146,0
10.991613149642944,9764,6440,10656,-132,-43,30,9080,-9284,9336,-39,133,-165,-14876,3332,3348,-1089,78,-41,-14764,-3876,5096,-474,166,-158,0
11.02747893333435,9780,6716,10388,-124,-70,35,8820,-9240,9508,-67,153,-162,-14872,3376,3424,-1021,41,-58,-14740,-4260,4772,-485,162,-152,0
11.062901020050049,9792,6668,10552,-104,-76,33,9044,-9296,9364,-140,116,-155,-15056,3380,3136,-964,59,-75,-14664,-4212,4860,-484,113,-166,0
11.098885059356691,9864,6620,10504,-94,-24,11,8984,-9424,9320,-72,165,-133,-15032,3112,3432,-967,58,-36,-14660,-4116,4860,-522,126,-180,0
11.13435411453247,9768,6644,10248,-142,-64,30,8944,-9332,9428,17,144,-146,-14844,3368,3444,-967,14,-119,-14636,-4164,4792,-478,159,-162,0
11.169486045837402,9768,6772,10516,-69,-16,26,8704,-9316,9356,-45,165,-156,-15084,3404,3836,-984,71,-126,-14636,-3968,4904,-261,169,-167,0
11.205584049224855,9852,6604,10516,-83,-90,23,8992,-9300,9456,-10,154,-158,-14912,3452,3084,-1002,91,-52,-14856,-4148,4896,-480,147,-123,0
11.241716146469116,9804,6668,10488,-128,-76,31,8936,-9248,9436,-34,90,-148,-14788,3336,3532,-938,50,-64,-14660,-4116,4944,-502,131,-134,0
11.277714967727661,9632,6672,10712,-109,-32,61,8940,-9360,9452,-44,85,-110,-14736,3296,3456,-885,42,-77,-14684,-4112,4920,-527,107,-143,0
11.312989950180055,9764,6716,10564,-110,-37,61,8828,-9292,9220,-63,139,-81,-14916,3080,3344,-964,57,-12,-14708,-4292,4920,-764,129,-148,0
11.348182916641235,9684,6684,10652,-148,-79,45,8796,-9356,9668,-84,161,-126,-14836,3572,3192,-922,48,-68,-14732,-4140,5048,-470,125,-119,0
11.383466958999636,9612,6688,10428,-125,-103,69,8892,-9432,9540,-51,114,-179,-14752,3448,3444,-997,134,-73,-14616,-4124,4820,-490,177,-94,0
11.419162034988403,9652,6668,10536,-136,-163,85,8952,-9316,9464,-13,23,-207,-14868,3392,3608,-977,74,-112,-14616,-4252,4932,-516,216,-103,0
11.454252004623413,9812,6744,10452,-130,-129,34,8932,-9268,9560,252,80,-192,-14704,3460,3320,-829,41,-125,-14668,-4284,4988,-487,218,-133,0
11.49013900756836,9628,6736,10676,-135,-113,55,8860,-9428,9484,-251,143,-185,-14848,3312,3388,-979,91,-84,-14556,-4152,5100,-490,218,-112,0
11.525516033172607,9780,6748,10548,-171,-116,62,8864,-9360,9416,-32,144,-205,-14644,3568,3400,-1008,101,-96,-14832,-4488,4996,-476,179,-151,0
11.56270909309387,9696,6752,10588,-156,-108,51,8884,-9380,9340,-22,189,-155,-15012,3468,3440,-1079,82,-116,-14688,-4196,5028,-500,175,-155,0
11.59645414352417,9660,6620,10628,-189,-119,49,8932,-9336,9368,-10,179,-138,-15076,3568,3492,-962,95,-107,-14676,-4136,4840,-507,157,-98,0
11.629998922348022,9748,6608,10484,-191,-92,73,8864,-9424,9508,41,161,-160,-14836,3472,3440,-987,115,-108,-14752,-4200,4940,-506,166,-106,0
11.663685083389282,9608,6704,10524,-201,-134,84,8932,-9388,9408,34,135,-175,-14860,3408,3416,-996,161,-71,-14716,-4240,4932,-488,193,-68,0
11.696967124938965,9656,6880,10600,-194,-155,102,8952,-9376,9352,51,98,-205,-14848,3384,3560,-981,177,-136,-14636,-4180,5012,-267,230,-62,0
11.730298995971678,9668,6700,10636,-201,-201,118,8860,-9336,9404,55,148,-202,-14896,3320,3564,-997,207,-139,-14672,-4200,5112,-528,222,-68,0
11.763821125030518,9708,6700,10616,-197,-186,122,8884,-9292,9564,54,95,-203,-14768,3476,3564,-992,180,-146,-14636,-4164,4960,-487,227,-83,0
11.797291040420532,9668,6628,10548,-237,-200,141,8924,-9288,9448,44,179,-194,-14720,3412,3452,-981,152,-120,-14628,-4072,5056,-472,201,-46,0
11.830749988555906,9824,6716,10520,-227,-214,157,8744,-9336,9408,53,144,-186,-14912,3352,3552,-981,177,-158,-14696,-4144,4864,-504,232,-17,0
11.864345073699951,9956,6432,10900,-233,-194,160,8992,-9344,9520,49,136,-217,-14768,3436,3448,-970,150,-124,-14632,-4012,4912,-499,246,-28,0
11.897722959518433,9716,6656,10532,-235,-223,169,8964,-9344,9700,88,159,-225,-14816,3552,3632,-991,158,-116,-14796,-4104,4956,-493,235,-27,0
11.931091070175171,9628,6660,10700,-219,-3,148,8884,-9396,9456,86,132,-248,-14768,3308,3508,-773,202,-134,-14816,-4124,4984,-764,265,-8,0
11.96450400352478,9780,6672,10536,-249,-249,171,8904,-9324,9464,65,100,-243,-14876,3232,3472,-982,196,-171,-14764,-4216,4912,-501,246,-44,0
11.997828960418701,9832,6648,10560,-183,-238,163,9012,-9288,9504,51,171,-233,-14888,3372,3440,-993,146,-131,-14656,-3876,4976,-485,233,-62,0
12.031643152236938,9760,6548,10712,-200,-220,121,9044,-9328,9264,48,119,-239,-14612,3416,3756,-983,101,-134,-14652,-4096,4868,-500,232,-65,0
12.064856052398683,9748,6636,10516,-217,-214,135,8968,-9268,9416,87,114,-218,-14904,3404,3232,-966,137,-135,-14692,-4172,4888,-494,209,-61,0
12.09828996658325,9804,6624,10436,-259,-260,127,8992,-9276,9372,82,174,-194,-15040,3568,3388,-979,120,-125,-14816,-4168,4952,-490,220,-72,0
12.132112026214598,9848,6696,10560,-171,-223,136,9016,-9324,9328,19,110,-188,-14880,3464,3340,-970,125,-141,-14900,-4052,5004,-519,191,-67,0
12.165526151657104,9884,6532,10524,-199,-179,113,8972,-9356,9248,62,60,-223,-14948,3576,3372,-1033,125,-149,-14764,-4208,5032,-528,219,-112,0
12.198768138885498,9828,6720,10604,-172,-196,122,9012,-9200,9572,45,111,-190,-14864,3232,3484,-965,113,-96,-14724,-4116,4876,-497,175,-118,0
12.232293128967285,9808,6880,10632,-167,-171,86,8972,-9252,9716,-250,137,-172,-15044,3244,3420,-1002,129,-89,-14680,-4048,4956,-768,230,-120,0
12.265823125839235,9900,6512,10516,-177,-199,76,8924,-9472,9252,-250,91,-181,-15048,3568,3564,-771,106,-91,-14776,-3876,5084,-515,171,-117,0
12.299479961395262,9812,6592,10444,-143,-87,80,9020,-9184,9408,-39,115,-144,-14848,3304,3440,-961,26,-18,-14836,-4216,4876,-511,94,-132,0
12.332859992980957,9788,6616,10528,-187,-58,99,8904,-9216,9256,-55,170,-124,-14888,3548,3400,-1022,80,-51,-14668,-4100,4888,-508,117,-147,0
12.366203069686891,9736,6428,10312,-184,-64,46,9148,-9192,9540,-43,155,-135,-14860,3336,3404,-1012,101,-53,-14756,-4156,4968,-518,148,-113,0
12.399775028228758,9796,6884,10292,-137,-72,89,9188,-9228,9644,-57,155,-160,-14840,3284,3076,-974,110,-99,-14824,-4308,4852,-495,173,-105,0
12.433193922042847,9816,6592,10504,-141,-144,68,9008,-9308,9448,-22,137,-201,-14820,3320,3376,-1023,69,-101,-14724,-4216,4812,-471,208,-107,0
12.466922998428345,9904,6716,10632,-122,-125,64,8960,-9320,9592,-52,125,-215,-14896,3080,3132,-1007,42,-77,-14708,-4060,5100,-488,179,-135,0
12.500357151031494,9808,6632,10572,-116,-86,43,8916,-9352,9460,-38,161,-178,-14620,3292,3564,-978,58,-44,-14672,-4352,5024,-501,156,-144,0
12.533833980560303,9968,6640,10592,-145,-77,44,8836,-9256,9376,-39,145,-170,-14912,3304,3332,-986,75,-91,-14624,-4152,5000,-487,194,-133,0
12.567232131958006,9828,6692,10500,-155,-65,64,8840,-9216,9404,-19,138,-184,-14784,3364,3768,-1005,56,-70,-14796,-4276,4988,-501,150,-135,0
12.603394985198975,9860,6620,10624,-130,-55,34,8908,-9244,9284,-94,157,-184,-14816,3096,3512,-971,70,-7,-14684,-4192,4872,-499,128,-138,0
12.63817310333252,9700,6576,10472,-144,-83,58,8972,-9040,9724,-70,154,-185,-14848,3236,3528,-999,79,-91,-14776,-4216,4808,-483,191,-137,0
12.67382001876831,9820,6636,10556,-153,-96,40,9048,-9320,9444,-83,150,-176,-14888,3384,3380,-991,69,-54,-14816,-4112,4868,-498,171,-151,0
12.709285974502563,9804,6620,10608,-168,-82,64,8952,-9324,9556,-29,130,-167,-14840,3420,3472,-989,80,-89,-14680,-4328,4616,-519,168,-122,0
12.744384050369263,9736,6876,10508,-151,-65,46,8988,-9388,9596,-48,111,-137,-14808,3304,3428,-937,40,-79,-14792,-4132,4860,-493,141,-103,0
12.780336141586302,9728,6608,10536,-152,-79,49,9204,-9212,9400,-23,136,-154,-14856,3280,3672,-934,45,-74,-14632,-4304,4920,-495,168,-162,0
12.815266132354736,9828,6508,10668,-136,-85,31,8916,-9008,9356,-73,150,-154,-14836,3392,3396,-917,34,-103,-14688,-4144,4764,-497,154,-171,0
12.851103067398071,9796,6536,10568,-98,-59,16,8704,-9272,9392,-60,137,-122,-14884,3448,3324,-1007,46,-18,-14688,-4328,4944,-539,109,-176,0
12.88725209236145,9792,6636,10536,-140,-40,28,8712,-9408,9496,13,63,-114,-14608,3352,3600,-994,66,-62,-14812,-3952,5108,-527,156,-174,0
12.922443151473999,9800,6636,10696,-113,26,26,8832,-9292,9428,-76,113,-122,-14912,3224,3560,-949,26,-85,-14708,-4268,4864,-497,148,-123,0
12.957504987716675,9764,6744,10572,-133,-52,31,8912,-9224,9420,-27,146,-153,-14848,3380,3452,-995,51,-63,-14772,-4132,4992,-494,195,-144,0
12.993890047073364,9772,6864,10548,-149,-60,32,8912,-9292,9272,-29,178,-161,-14876,3352,3540,-1037,61,-40,-14772,-4188,4896,-504,196,-150,0
13.030147075653076,9784,6664,10504,-133,-57,79,8932,-9336,9572,-47,124,-149,-14616,3540,3164,-950,83,-91,-14652,-4188,4876,-260,120,-152,0
13.065276145935059,9908,6652,10812,-146,-41,50,8924,-9300,9624,-55,136,-134,-14804,3428,3572,-983,60,-64,-14796,-4256,4996,-488,130,-137,0
13.100487947463991,9676,6668,10536,-139,-64,39,8800,-9240,9500,11,148,-168,-14620,3336,3536,-1036,99,-89,-14652,-4108,4952,-260,123,-142,0
13.135935068130493,9668,6408,10532,-146,-41,36,8904,-9340,9724,-20,182,-133,-14812,3568,3404,-1274,112,-96,-14652,-4072,4952,-515,199,-161,0
13.171229124069214,9680,6672,10308,-176,-80,58,8932,-9240,9628,22,195,-175,-14812,3580,3664,-1055,117,-118,-13924,-3956,4768,-55,152,-158,0
13.206135034561157,9732,6748,10632,-145,-90,90,8836,-9288,9424,12,173,-196,-14956,3344,3536,-995,116,-100,-14712,-4112,5060,-507,176,-92,0
13.243386983871458,9520,6412,10500,-194,-62,86,8892,-9284,9412,19,140,-154,-14852,3428,3620,-953,185,-86,-14712,-4184,5116,-492,206,-61,0
13.276951074600218,9644,6408,10668,-200,-149,136,8852,-9352,9692,38,82,-197,-14808,3392,3652,-1279,250,-144,-14676,-4236,5052,-512,236,-54,0
13.310251951217651,9740,6688,10556,-208,-206,135,8960,-9352,9448,45,80,-218,-14816,3364,3584,-962,186,-124,-14804,-4188,4960,-536,222,-77,0
13.343786001205444,9668,6624,10436,-207,-194,128,8848,-9320,9552,36,94,-199,-14712,3340,3540,-949,175,-187,-14760,-4152,4892,-764,222,-25,0
13.3773889541626,9660,6700,10596,-211,-222,147,8856,-9252,9380,42,147,-222,-14768,3448,3360,-951,190,-163,-14756,-4300,5016,-503,253,-15,0
13.410782098770143,9704,6600,10552,-246,-239,152,8952,-9316,9556,87,85,-243,-15060,3524,3336,-1042,506,-143,-14696,-4188,4848,-524,262,-24,0
13.444190979003906,9792,6604,10688,-239,-238,152,8936,-9368,9468,125,116,-227,-14896,3320,3360,-977,187,-144,-14776,-3916,4884,-506,231,-41,0
13.477760076522827,9800,6560,10676,-234,-204,149,8976,-9336,9312,89,122,-249,-14828,3348,3380,-964,162,-158,-14748,-4216,4976,-509,271,-24,0
13.511167049407959,9796,6528,10464,-226,-246,141,9044,-9252,9644,94,152,-227,-14620,3288,3544,-978,161,-153,-14708,-3908,4608,-499,252,-75,0
13.544755935668947,9756,6600,10468,-226,-295,129,9016,-9208,9372,148,330,-268,-14756,3284,3464,-1013,137,-183,-15088,-4104,4948,-493,240,-40,0
13.578057050704956,9780,6572,10556,-233,-272,155,8772,-9248,9536,80,99,-227,-15088,3348,3224,-964,127,-156,-14812,-4120,4812,-474,233,-65,0
13.611562013626099,9980,6548,10420,-226,-194,153,8724,-9184,9520,25,185,-193,-14924,3384,3548,-971,148,-99,-14672,-4120,5016,-507,146,-70,0
13.645044088363647,9880,6460,10580,-223,-169,115,9160,-9420,9392,51,105,-184,-14896,3096,3408,-1010,124,-76,-14704,-4216,4816,-767,170,-128,0
13.678470134735107,9840,6612,10616,-213,-192,104,8912,-9176,9460,42,92,-185,-14796,3284,3496,-984,101,-102,-14744,-4148,5080,-514,153,-125,0
13.7117600440979,9736,6680,10324,-137,-142,86,9092,-9228,9528,-51,154,-181,-14868,3260,3408,-944,67,-135,-14672,-4352,5068,-497,209,-166,0
13.745229005813599,9796,6520,10584,-147,-164,43,9008,-9452,9380,-3,145,-191,-14856,3304,3400,-976,91,-96,-14764,-4024,4888,-481,195,-132,0
13.778743028640747,9892,6576,10488,-127,-64,31,8900,-9236,9404,-20,167,-128,-14828,3564,3532,-1001,-255,-46,-14592,-4048,4664,-499,126,-172,0
13.812103986740112,9820,6616,10400,-146,-12,50,8944,-9028,9512,-57,169,-120,-14944,3324,3464,-985,29,-12,-14748,-4176,4876,-470,130,-147,0
13.845520973205566,9840,6512,10468,-131,-18,44,8944,-9324,9560,-67,180,-140,-14868,3420,3488,-774,42,-26,-14740,-4080,4916,-514,140,-141,0
13.879203081130983,9716,6572,10528,-149,-39,47,8864,-9264,9672,-43,131,-175,-14772,3344,3580,-1015,64,-39,-14744,-3940,4644,-509,173,-142,0
13.912613153457643,9964,6524,10608,-103,-60,58,8960,-9248,9484,-67,175,-185,-15040,3344,3524,-972,21,-89,-14752,-4140,4896,-766,191,-142,0
13.945827960968018,9792,6540,10632,-122,-96,32,8828,-9136,9408,-92,168,-175,-14804,3464,3540,-1031,53,-95,-14660,-4156,4776,-479,157,-170,0
13.979525089263916,9740,6568,10604,-97,-66,26,8932,-9336,9720,-86,163,-187,-15100,3360,3604,-982,48,-80,-14844,-4128,4952,-512,134,-157,0
14.013116121292114,9800,6640,10548,-131,-66,45,8916,-9336,9476,-52,131,-145,-14872,3400,3816,-1012,58,-16,-14804,-4204,4976,-486,136,-144,0
14.046428918838501,9836,6552,10656,-115,-47,17,8924,-9328,9220,-61,174,-169,-14936,3328,3500,-962,73,-58,-14704,-4196,4776,-761,145,-156,0
14.079925060272217,9820,6660,10596,-111,-52,56,8892,-9272,9556,-64,118,-144,-15104,3324,3836,-982,44,-55,-14708,-4264,4764,-499,183,-159,0
14.11362910270691,9816,6628,10500,-111,-72,33,8728,-9208,9400,-99,166,-186,-14828,3368,3512,-995,23,-55,-14688,-4108,5028,-501,172,-157,0
14.147433042526245,9976,6624,10688,-96,-80,24,8980,-9292,9320,-103,111,-217,-14820,3320,3452,-944,55,-84,-14828,-4164,4828,-486,179,-158,0
14.180634021759033,9768,6544,10744,-104,-56,36,9040,-9296,9500,-69,158,-175,-14888,3120,3532,-914,57,-93,-14820,-4064,4892,-508,188,-153,0
14.214210987091064,9760,6576,10624,-104,-54,30,8820,-9248,9404,-37,134,-139,-14816,3308,3540,-979,58,-75,-14632,-4108,4968,-510,145,-164,0
14.247579097747803,9792,6592,10716,-107,-56,36,8904,-9468,9384,-23,176,-137,-14804,3432,3444,-1006,98,-45,-14840,-4180,4916,-516,136,-128,0
14.284253120422363,9924,6656,10536,-112,-64,63,8872,-9428,9460,-45,121,-163,-14880,3108,3604,-968,95,-86,-14644,-4108,4880,-496,201,-123,0
14.319935083389282,9488,6412,10628,-151,-105,39,8896,-9300,9592,-51,118,-216,-14776,3092,3508,-911,67,-87,-14684,-4164,5004,-477,204,-150,0
14.354964971542358,9976,6588,10540,-103,-104,72,8972,-9428,9392,-55,133,-153,-14868,3472,3580,-997,81,-76,-14788,-4120,4916,-521,172,-143,0
14.391258001327515,9736,6612,10800,-137,-59,71,8944,-9300,9476,8,163,-157,-14724,3368,3488,-1048,104,-121,-14648,-4260,4904,-258,199,-110,0
14.425990104675293,9668,6704,10656,-111,-57,86,9016,-9296,9536,-52,130,-167,-14852,3084,3712,-975,91,-86,-14768,-4240,4616,-767,154,-135,0
14.462507009506227,9476,6520,10824,-114,-129,64,9072,-9300,9556,-33,147,-171,-14876,3444,3528,-1002,84,-117,-14840,-4128,4828,-492,171,-172,0
14.4987051486969,9812,6472,10612,-106,-95,32,8896,-9284,9484,-9,150,-190,-14720,3420,3396,-1018,60,-60,-14672,-4144,5036,-510,180,-149,0
14.534188032150269,9664,6644,10560,-124,-81,67,8840,-9236,9584,-14,117,-171,-14788,3364,3620,-994,54,-103,-14736,-4184,4860,-493,180,-134,0
14.569795131683351,9712,6720,10540,-104,-64,97,8712,-9344,9700,-50,143,-153,-14720,3464,3704,-967,109,-52,-14604,-4156,5100,-476,151,-133,0
14.604957103729246,9944,6612,10716,-144,-96,54,9008,-9304,9412,-23,124,-154,-14740,3436,3556,-776,108,-78,-14672,-4264,5000,-501,149,-84,0
14.640721082687378,9716,6700,10544,-151,-88,60,8832,-9340,9552,-20,158,-176,-14744,3412,3632,-975,60,-62,-14816,-4268,4988,-526,155,-120,0
14.675488948822023,9688,6588,10648,-192,-125,105,8848,-9336,9704,10,159,-173,-15044,3472,3788,-969,93,-65,-14656,-4204,4944,-492,189,-97,0
14.711133003234863,9700,6600,10700,-176,-154,121,8916,-9300,9428,27,141,-193,-14756,3368,3708,-999,153,-144,-14700,-4324,4700,-493,197,-52,0
14.747444152832031,9488,6880,10676,-174,-154,132,8940,-9436,9512,62,100,-211,-14808,3440,3556,-981,211,-183,-14672,-4176,4944,-528,207,-95,0
14.782947063446045,9976,6636,10588,-142,-181,96,8980,-9384,9304,63,130,-215,-15104,3400,3496,-967,130,-157,-14748,-4224,5000,-525,204,-78,0
14.818889141082762,9772,6632,10268,-209,-193,88,8832,-9236,9244,38,146,-188,-14776,3332,3592,-968,148,-126,-14756,-4128,4740,-497,210,-67,0
14.853927135467531,9804,6568,10536,-223,-192,133,8944,-9332,9396,13,146,-205,-14756,3332,3576,-967,191,-167,-14724,-4232,5084,-464,239,-65,0
14.88967704772949,9740,6404,10576,-242,-223,131,9080,-9268,9688,24,146,-205,-14816,3336,3396,-959,191,-146,-14792,-4216,4832,-507,239,-51,0
14.926079034805298,9800,6588,10520,-250,-244,142,8876,-9244,9300,67,152,-221,-14836,3416,3528,-962,188,-167,-14644,-4132,4920,-503,216,-12,0
14.959768056869507,9800,6768,10688,-239,-233,139,8916,-9292,9716,70,132,-220,-14724,3484,3496,-989,198,-171,-14828,-4160,5088,-498,229,-36,0
14.993303060531616,9760,6556,10616,-230,-221,149,8904,-9300,9440,71,138,-222,-14844,3368,3472,-958,164,-125,-14640,-4172,4628,-531,228,-67,0
15.031697034835815,9740,6712,10616,-211,-210,146,8940,-9412,9480,81,143,-202,-14836,3260,3652,-1001,191,-126,-14716,-4180,4792,-525,200,-86,0
15.06539797782898,9880,6420,10552,-218,-234,128,8976,-9168,9480,69,152,-216,-14864,3344,3360,-1001,183,-139,-14824,-4136,4924,-497,210,-72,0
15.099040031433107,9800,6616,10552,-209,-248,158,9172,-9440,9608,47,196,-212,-14840,3340,3620,-984,165,-149,-14676,-4180,4844,-494,212,-60,0
15.132501125335695,9772,6468,10588,-221,-233,155,9084,-9248,9480,78,314,-237,-14664,3352,3412,-982,103,-119,-14744,-4140,4924,-483,187,-75,0
15.166051149368286,9952,6492,10796,-209,-239,175,8960,-9408,9252,46,103,-189,-14768,3332,3468,-967,185,-143,-14692,-4128,4876,-505,236,-52,0
15.199317932128906,9776,6556,10604,-191,-232,150,8944,-9224,9448,66,144,-223,-15092,3172,3400,-1010,173,-119,-14804,-4268,4780,-506,242,-60,0
15.232838153839111,9776,6592,10548,-180,-6,124,8784,-9424,9380,57,131,-234,-14788,3384,3604,-993,184,-122,-14784,-4268,4712,-493,239,-72,0
15.266492128372192,9848,6536,10596,-189,-256,121,8720,-9148,9264,24,119,-249,-14892,3136,3524,-959,144,-146,-14780,-4288,4884,-478,196,-104,0
15.29970598220825,9880,6516,10280,-162,-200,112,8988,-9168,9512,-24,127,-202,-14816,3404,3528,-964,113,-103,-14784,-4024,5060,-520,147,-105,0
15.333369970321655,9948,6512,10320,-143,-150,70,9212,-9448,9496,-25,95,-170,-14648,3120,3400,-995,100,-95,-14704,-3936,5096,-534,165,-162,0
15.366904973983765,9836,6552,10272,-157,-116,82,8996,-9168,9480,20,121,-168,-14872,3264,3408,-992,72,-114,-14856,-4144,4796,-504,173,-146,0
15.400344133377075,9864,6644,10684,-133,-51,72,9008,-9104,9536,-68,157,-152,-14912,3240,3492,-973,75,-65,-14824,-4252,4756,-493,164,-151,0
15.43372702598572,9808,6532,10404,-158,-48,58,9020,-9104,9352,-23,140,-166,-14844,3108,3516,-1045,98,-53,-14744,-3940,4876,-467,199,-126,0
15.467435121536255,9752,6516,10612,-128,-75,57,9000,-9216,9448,-46,137,-174,-14868,3332,3572,-1030,58,-30,-14908,-4196,4784,-474,133,-123,0
15.500828027725218,9864,6524,10572,-118,-38,81,8992,-9200,9556,-43,174,-134,-14796,3072,3540,-981,21,-42,-14800,-4108,4864,-501,125,-165,0
15.534209012985231,9780,6564,10568,-135,-60,43,9188,-9004,9596,-58,186,-137,-14832,3332,3652,-983,19,-73,-14728,-4148,4880,-499,128,-164,0
15.567788124084473,9768,6548,10440,-115,-60,28,8900,-9276,9656,-61,176,-156,-14788,3432,3808,-996,49,-108,-14760,-4212,5092,-482,160,-135,0
15.601347923278809,9816,6488,10640,-124,-76,45,8896,-9316,9632,-57,156,-181,-14756,3080,3800,-990,80,-104,-14768,-4136,5112,-512,191,-150,0
15.634952068328857,9768,6528,10672,-145,-109,62,9128,-9160,9660,-29,133,-189,-14752,3436,3604,-1008,61,-96,-14736,-4212,4648,-468,209,-100,0
15.6685209274292,9756,6440,10456,-123,-114,53,8948,-9104,9472,-72,94,-202,-14708,3444,3332,-977,109,-64,-14740,-4164,4916,-487,174,-109,0
15.701950073242188,9792,6596,10744,-98,-163,91,9200,-9472,9536,-70,74,-179,-14836,3396,3452,-938,86,-68,-14752,-4092,4892,-485,178,-139,0
15.735386133193972,9976,6592,10516,-130,-90,59,9076,-9228,9464,-40,139,-168,-14820,3344,3812,-992,61,-98,-14804,-4092,4908,-485,165,-135,0
15.768937110900879,9880,6548,10660,-115,-99,51,8952,-9164,9496,-15,158,-158,-14728,3112,3400,-982,77,-70,-14812,-4112,4808,-493,168,-175,0
15.802526950836183,9888,6544,10564,-120,-105,37,9052,-9428,9616,-39,141,-156,-14868,3352,3612,-985,66,-106,-14784,-4220,4752,-768,127,-166,0
15.836055040359497,9804,6592,10640,-146,-136,61,8888,-9256,9328,-17,126,-173,-14824,3312,3460,-983,57,-108,-14740,-3948,4784,-499,161,-149,0
15.869704008102417,9832,6592,10632,-146,-150,58,8928,-9188,9712,-35,149,-193,-14812,3264,3536,-967,129,-114,-14868,-4252,4924,-499,200,-120,0
15.90320611000061,9848,6536,10776,-174,-176,97,8864,-9096,9564,-15,98,-176,-14672,3432,3700,-961,131,-90,-14664,-4020,4816,-497,195,-120,0
15.936597108840942,9836,6512,10596,-145,-139,94,8940,-9228,9560,-8,85,-139,-14756,3392,3812,-1000,117,-67,-14652,-4188,4668,-517,160,-99,0
15.973876953125,9788,6532,10572,-145,-127,70,9000,-9284,9296,-15,142,-154,-14792,3256,3760,-976,121,-99,-14640,-4180,4968,-501,153,-123,0
16.009521961212158,9744,6592,10504,-160,-133,72,8900,-8996,9712,26,130,-185,-14888,3372,3836,-975,89,-138,-14800,-4268,4936,-490,199,-107,0
16.04470705986023,9764,6612,10548,-157,-133,87,8896,-8980,9528,-41,158,-193,-15036,3384,3560,-987,122,-76,-14664,-4228,4804,-521,165,-122,0
16.080695152282715,9872,6480,10300,-136,-143,92,8708,-9472,9244,-38,108,-142,-14772,3432,3572,-1004,112,-96,-14764,-4188,4812,-519,167,-82,0
16.116251945495605,9760,6496,10600,-180,-127,83,8884,-9112,9444,26,120,-166,-14716,3436,3396,-1020,128,-101,-14696,-4144,4680,-516,167,-77,0
16.152354955673218,9788,6700,10376,-131,-107,106,8976,-9144,9476,-78,105,-184,-14820,3224,3388,-1018,108,-100,-14808,-4284,4828,-485,201,-144,0
16.188143968582153,9808,6600,10496,-139,-135,70,8944,-9444,9304,253,110,-159,-14904,3348,3524,-966,71,-112,-14636,-4228,5080,-507,182,-153,0
16.223170042037964,9836,6552,10464,-119,-58,28,8888,-9296,9388,-71,192,-184,-14680,3320,3588,-1015,38,-78,-14700,-4124,4756,-468,159,-117,0
16.259180068969727,9852,6596,10668,-125,-35,56,8944,-9128,9704,-31,161,-128,-14764,3296,3608,-961,19,-46,-14716,-4296,5116,-490,121,-176,0
16.294928073883057,9904,6644,10504,-135,-255,13,9028,-9200,9452,-69,131,-116,-14804,3412,3376,-954,61,-58,-14776,-4224,4972,-487,117,-188,0
16.33072304725647,9792,6636,10460,-134,-23,27,9168,-8972,9536,-51,188,-131,-14768,3344,3640,-998,46,-69,-14732,-4176,4876,-484,143,-177,0
16.365545988082886,9864,6684,10596,-119,-26,34,8836,-9060,9604,-75,148,-153,-14836,3320,3496,-979,65,-89,-14732,-4172,4948,-488,168,-158,0
16.40183115005493,9780,6552,10532,-135,-59,48,8884,-9236,9224,-34,152,-151,-14704,3424,3564,-962,42,-85,-14752,-4284,4924,-481,170,-104,0
16.437670946121216,9752,6508,10672,-101,-45,29,8952,-9220,9476,-75,170,-145,-14820,3580,3804,-721,-14,-112,-14708,-4240,4900,-504,167,-143,0
16.472783088684082,9500,6664,10632,-140,-76,61,8852,-9316,9668,-50,164,-162,-14856,3344,3700,-976,90,-50,-14644,-4212,4968,-488,154,-139,0
16.50871992111206,9856,6628,10604,-122,-61,46,8892,-9280,9344,255,167,-168,-14828,3376,3608,-972,87,-112,-14728,-4284,4972,-516,170,-117,0
16.543736934661865,9780,6592,10596,-127,-93,35,9020,-9204,9520,-49,178,-177,-14736,3360,3528,-1010,90,-90,-14708,-4284,4924,-530,173,-100,0
16.57930612564087,9720,6628,10448,-147,-90,58,8952,-9192,9508,-50,152,-157,-14820,3192,3604,-872,139,-82,-14708,-4216,4936,-501,178,-117,0
16.615759134292603,9768,6532,10612,-145,-90,64,8904,-9336,9548,-59,135,-190,-14664,3376,3548,-961,88,-90,-14704,-4116,4920,-479,177,-100,0
16.648932933807373,9780,6404,10568,-152,-108,59,8876,-9216,9436,-72,158,-161,-14764,3100,3336,-984,91,-79,-14716,-4196,4896,-473,170,-110,0
16.682153940200806,9828,6620,10532,-162,-89,64,8948,-9196,9332,10,131,-159,-14808,3464,3604,-1001,112,-83,-14712,-4216,4640,-490,152,-87,0
16.715594053268433,9528,6644,10596,-211,-88,95,8988,-9200,9404,34,160,-152,-14692,3372,3668,-979,127,-118,-14744,-4172,4884,-506,160,-106,0
16.74913001060486,9692,6600,10340,-177,-141,120,9172,-9240,9660,37,139,-147,-14840,3352,3688,-968,170,-179,-14752,-4212,4916,-519,181,-77,0
16.78249502182007,9728,6624,10632,-175,-165,103,8936,-9304,9568,38,171,-164,-14856,3384,3384,-989,227,-149,-14708,-4204,4972,-558,180,-88,0
16.816000938415527,9812,6616,10716,-206,-161,112,8900,-9460,9648,70,159,-181,-14792,3320,3508,-982,198,-114,-14764,-4372,5008,-529,208,-65,0
16.84944200515747,9704,6636,10620,-214,-137,111,8932,-9188,9408,57,171,-183,-14788,3396,3528,-955,172,-114,-14668,-4132,4844,-470,186,-34,0
16.882996082305908,9656,6664,10548,-212,-163,126,8956,-8968,9560,13,176,-194,-14712,3320,3516,-975,213,-113,-14672,-4184,4860,-518,186,-67,0
16.925545930862427,9976,6552,10624,-245,-183,125,9168,-8976,9628,84,138,-222,-14808,3108,3816,-979,192,-183,-14708,-4248,4772,-263,248,-22,0
16.97303795814514,9824,6552,10620,-203,-201,160,8748,-9032,9592,36,141,-204,-14756,3308,3640,-987,200,-177,-14764,-4268,4904,-517,263,-45,0
17.015103101730347,9792,6576,10604,-215,-272,131,8968,-9168,9608,95,158,-241,-15020,3436,3472,-992,232,-189,-15056,-4160,4776,-479,0,-7,0
17.048779010772705,9796,6440,10448,-170,-204,119,9028,-9216,9508,79,131,-200,-14828,3340,3396,-962,149,-156,-14752,-4212,4732,-511,198,-68,0
17.082412004470825,9800,6528,10620,-193,-185,148,8976,-9400,9692,72,147,-181,-14724,3332,3740,-965,136,-113,-14628,-4272,4912,-490,170,-103,0
17.1161150932312,9824,6544,10604,-197,-181,105,8948,-9268,9584,55,110,-167,-14840,3320,3456,-1005,165,-114,-14800,-4184,4800,-504,177,-96,0
17.149935007095337,9820,6524,10624,-190,-171,111,8916,-9216,9716,55,134,-187,-14800,3380,3552,-917,124,-133,-14732,-4328,4904,-506,193,-72,0
17.18304705619812,9804,6584,10492,-162,-187,112,8988,-9160,9292,39,144,-218,-14852,3344,3556,-1270,170,-143,-14760,-4144,4844,-492,248,-26,0
17.216838121414185,9764,6528,10508,-198,-237,96,8824,-9212,9680,64,155,-247,-14736,3388,3416,-1011,157,-136,-14740,-3884,4932,-495,265,-71,0
17.250575065612793,9840,6592,10532,-173,-213,116,9036,-9216,9504,24,130,-231,-14608,3508,3612,-999,196,-107,-14724,-4188,4848,-499,211,-74,0
17.284147024154663,9900,6560,10676,-186,-179,107,8952,-9176,9488,-8,90,-214,-14844,3384,3588,-962,153,-131,-14840,-4108,4992,-490,205,-105,0
17.31765604019165,9792,6520,10604,-118,-163,71,9020,-9128,9632,-22,150,-200,-15072,3352,3348,-987,88,-127,-14760,-4112,4916,-530,174,-174,0
17.351171016693115,9860,6496,10600,-112,-125,62,8984,-9156,9292,-53,145,-179,-14788,3336,3476,-1004,85,-84,-14804,-4160,4732,-529,137,-126,0
17.384773015975952,9928,6484,10504,-99,-100,53,9048,-9196,9452,-75,120,-163,-14608,3368,3572,-988,88,-82,-14820,-4156,4708,-507,152,-132,0
17.41812515258789,9884,6468,10488,-112,-54,46,9152,-9184,9476,-68,179,-189,-14828,3360,3448,-988,78,-61,-14808,-4096,4728,-501,182,-144,0
17.451684951782227,9884,6464,10336,-105,-69,33,8968,-9148,9400,-76,162,-195,-14752,3212,3588,-991,13,-47,-14736,-4292,4900,-484,147,-174,0
17.485244035720825,9948,6588,10540,-101,-85,31,8908,-9212,9652,-65,165,-183,-14832,3348,3704,-1004,49,-63,-14784,-4212,5008,-479,178,-143,0
17.518787145614624,9884,6584,10412,-100,-80,37,8948,-9248,9712,-49,138,-168,-14616,3364,3616,-1038,75,-103,-14860,-4212,4640,-505,156,-152,0
17.552276134490967,9720,6508,10632,-79,-65,10,8972,-9140,9496,-59,125,-152,-14804,3332,3480,-1272,66,-66,-14908,-4244,5076,-503,142,-144,0
17.585756063461304,9808,6512,10572,-88,-52,26,8972,-9120,9252,-65,155,-157,-14804,3540,3788,-985,49,-63,-14628,-3924,4896,-494,143,-151,0
17.619478940963745,9724,6580,10596,-94,-23,1,9044,-9288,9736,-93,146,-132,-14756,3384,3640,-975,47,-70,-14728,-4156,4748,-503,130,-184,0
17.657576084136963,9784,6448,10720,-74,-41,30,8868,-9244,9524,-86,176,-122,-14836,3532,3556,-984,88,-54,-14868,-4156,4880,-516,117,-144,0
17.692991971969604,9884,6476,10600,-67,-252,27,8896,-9304,9508,-24,107,-127,-14804,3388,3636,-996,36,-78,-14672,-4120,4700,-500,162,-173,0
17.728135108947754,9700,6632,10588,-86,-68,36,8876,-9216,9576,-44,139,-159,-14792,3432,3440,-1011,52,-94,-14652,-4220,4840,-504,171,-142,0
17.763636112213135,9840,6624,10744,-56,-91,46,8972,-9216,9616,-87,103,-184,-15092,3428,3796,-946,85,-67,-14696,-4168,4960,-515,205,-168,0
17.79922914505005,9864,6544,10544,-129,-84,16,8972,-9256,9344,-56,184,-182,-14768,3412,3568,-998,74,-98,-14776,-4060,5024,-498,174,-165,0
17.83468508720398,9852,6628,10636,-104,-57,31,8908,-9112,9528,-47,120,-142,-14692,3376,3360,-956,44,-90,-14776,-4188,4828,-512,159,-147,0
17.870651960372925,9488,6504,10396,-119,-51,41,8876,-9468,9544,-70,146,-121,-14800,3380,3472,-1008,107,-250,-14724,-3960,4928,-504,94,-169,0
17.906082153320312,9768,6596,10572,-132,-33,27,8916,-9380,9516,-52,131,-144,-14756,3352,3784,-896,74,-60,-14708,-4256,4840,-495,137,-140,0
17.94183897972107,9964,6636,10616,-123,-52,46,8888,-9220,9492,-28,120,-153,-14884,3288,3548,-967,90,-106,-14700,-4128,4668,-748,169,-129,0
17.977406978607178,9800,6528,10516,-96,-107,61,9116,-9220,9476,-40,157,-183,-14704,3492,3748,-1000,85,-85,-14716,-4176,4876,-524,204,-133,0
18.013394117355347,9696,6660,10712,-107,-80,87,8860,-9144,9504,-46,162,-187,-14672,3248,3600,-1007,87,-94,-14620,-4220,4836,-514,197,-125,0
18.048975944519043,9512,6596,10636,-153,-84,56,8704,-9400,9252,-43,181,-168,-14816,3380,3544,-770,149,-77,-14744,-4140,4784,-498,173,-125,0
18.084444046020508,9740,6660,10324,-145,-50,56,8828,-9232,9716,-7,163,-157,-14684,3364,3356,-958,96,-72,-14708,-4104,4916,-512,149,-106,0
18.120063066482547,9508,6900,10484,-134,-57,61,8720,-8992,9240,-12,165,-180,-14708,3412,3724,-981,70,-78,-14760,-4216,4880,-486,169,-107,0
18.155349016189575,9840,6644,10564,-184,-96,62,8872,-9240,9528,-11,176,-161,-14768,3460,3564,-1010,123,-91,-14700,-4328,4904,-485,129,-86,0
18.190408945083618,9504,6580,10616,-187,-126,89,8864,-9220,9560,43,161,-197,-14748,3408,3576,-955,161,-108,-14776,-4240,4964,-467,187,-63,0
18.226096153259277,9488,6404,10668,-231,-211,127,8856,-9320,9692,63,138,-200,-14628,3332,3632,-957,229,-172,-14664,-4112,5004,-553,194,-34,0
18.261635065078735,9732,6632,10656,-166,-211,113,9000,-9304,9476,20,107,-196,-14748,3360,3572,-980,186,-195,-14644,-4104,5096,-541,210,-83,0
18.297234058380127,9564,6580,10568,-166,-188,121,8968,-9172,9428,59,165,-194,-14716,3424,3612,-965,184,-119,-14716,-4120,4852,-526,193,-68,0
18.330721139907837,9976,6540,10376,-195,-191,113,8940,-9112,9448,33,175,-180,-14864,3480,3720,-957,186,-133,-14724,-4216,4896,-507,241,-49,0
18.363987922668457,9708,6628,10668,-243,-190,136,8868,-9144,9512,57,154,-180,-14788,3332,3560,-961,202,-144,-14776,-4300,4888,-479,244,-33,0
18.397375106811523,9516,6584,10600,-231,-212,162,9164,-9148,9472,62,120,-217,-14660,3432,3652,-1012,232,-164,-14700,-4164,4712,-494,237,-33,0
18.43068814277649,9524,6688,10600,-243,-228,196,8936,-9192,9508,66,105,-228,-14768,3392,3428,-992,235,-149,-14720,-4192,4964,-493,223,-16,0
18.463999032974243,9788,6524,10440,-5,-257,140,8772,-8992,9720,55,150,-231,-14684,3376,3564,-965,193,-154,-14772,-4104,4944,-472,224,-39,0
18.49746799468994,9864,6624,10628,-228,-227,172,8948,-9116,9540,59,155,-193,-14776,3404,3636,-996,224,-96,-14808,-3880,4848,-509,175,-48,0
18.531456947326664,9816,6588,10468,-193,-231,147,8960,-9244,9540,98,150,-197,-14616,3144,3528,-1006,153,-65,-14676,-3856,4872,-508,184,-68,0
18.564909934997555,9740,6504,10576,-245,-199,129,8792,-9072,9372,106,125,-197,-14836,3216,3472,-950,151,-138,-14704,-4176,4780,-524,204,-79,0
18.598145008087158,9848,6628,10548,-180,-196,106,8932,-9208,9456,34,139,-180,-14604,3536,3520,-928,137,-166,-14848,-4224,4724,-497,231,-82,0
18.631753921508786,9892,6552,10748,-193,-253,114,9164,-9128,9556,72,137,-232,-14704,3360,3452,-969,186,-165,-14760,-4132,4948,-491,258,-73,0
18.664958000183105,9812,6648,10476,-180,-242,129,9052,-9184,9536,49,96,-205,-14884,3356,3548,-947,168,-131,-14712,-3880,4784,-458,214,-101,0
18.69820213317871,9900,6584,10508,-162,-203,123,8972,-9160,9512,14,97,-191,-14672,3384,3556,-980,101,-72,-14764,-4076,4784,-500,135,-131,0
18.731709957122803,9876,6576,10316,-146,-141,94,8952,-9152,9432,-68,114,-165,-14856,3472,3500,-956,63,-79,-14744,-4068,4772,-543,143,-145,0
18.76521110534668,9892,6568,10480,-63,-82,52,8868,-9096,9432,-104,162,-152,-14804,3408,3568,-964,53,-82,-14796,-4172,4664,-516,150,-168,0
18.798578977584835,9808,6504,10468,-86,-39,26,8992,-9208,9496,-107,166,-158,-14784,3232,3428,-1005,2,-79,-14816,-4308,4836,-505,168,-167,0
18.83213996887207,9712,6520,10488,-108,-20,13,8960,-9116,9560,-64,183,-162,-14724,3380,3412,-1000,1,-79,-14732,-4200,4876,-475,165,-135,0
18.865519046783447,9784,6636,10512,-114,-59,49,8884,-9212,9464,-63,175,-163,-14716,3120,3596,-997,75,-79,-14800,-4228,5004,-469,176,-125,0
18.89938497543335,9888,6576,10696,-186,-117,92,8924,-9332,9936,-254,178,-189,-14804,3484,3676,-992,162,-82,-14900,-4260,4956,-472,204,-52,0
18.932667970657345,9728,6668,10608,-164,-157,113,8848,-9240,9724,-4,127,-195,-14696,3420,3460,-1065,10,-63,-14748,-4200,5004,-515,175,-97,0
18.966184139251705,9828,6580,10820,-124,-140,76,8748,-9184,9636,-16,138,-148,-14636,3376,3428,-988,92,-86,-14788,-4268,5024,-556,126,-147,0
18.999670028686523,9860,6480,10488,-118,-62,51,8904,-9168,9468,-13,179,-136,-14808,3392,3684,-963,65,-86,-14688,-4200,4940,-515,117,-122,0
19.03328013420105,9756,6592,10332,-137,-34,45,8808,-8964,9652,-28,163,-137,-14704,3212,3516,-975,116,-107,-14680,-4092,5036,-486,165,-115,0
19.06698703765869,9692,6624,10492,-146,-65,53,8924,-9232,9596,-9,125,-195,-14748,3348,3468,-986,134,-174,-14796,-4164,4836,-489,231,-88,0
19.100121021270752,9856,6504,10572,-134,-159,92,9156,-9172,9652,-44,94,-223,-14852,3312,3376,-934,138,-106,-14772,-4264,4852,-497,257,-90,0
19.133682966232303,9868,6568,10508,-155,-215,86,8924,-9128,9224,-256,107,-247,-14788,3460,3508,-958,147,-131,-14744,-4060,4992,-517,243,-89,0
19.167325019836426,9856,6608,10300,-110,-201,96,9192,-9048,9692,-49,76,-219,-14880,3160,3656,-992,154,-137,-14688,-4280,4896,-765,220,-109,0
19.20018696784973,9868,6640,10448,-124,-133,72,8992,-9184,9476,-66,152,-179,-14916,3524,3468,-999,87,-112,-14836,-4192,4924,-493,108,-162,0
19.233478069305423,9872,6592,10472,-137,-25,32,9092,-8996,9568,-58,182,-128,-14844,3236,3488,-978,10,-59,-14780,-4224,4740,-504,95,-178,0
19.26721692085266,9936,6480,10420,-107,11,14,9016,-9212,9516,-102,214,-122,-14776,3320,3588,-775,24,33,-14824,-4140,4684,-760,97,-148,0
19.30031108856201,9900,6580,10512,-89,-18,16,8972,-9184,9644,-35,138,-116,-14792,3372,3360,-1275,46,-36,-14692,-4140,5004,-515,107,-165,0
19.337417125701908,9476,6620,10504,-100,-49,58,8856,-9128,9356,-58,125,-138,-14708,3284,3628,-948,74,-32,-14672,-4200,4688,-518,148,-158,0
19.373536109924316,9840,6716,10632,-96,-62,42,8932,-9148,9524,-159,150,-163,-14796,3520,3648,-976,58,-62,-14732,-4092,4944,-486,200,-140,0
19.409075021743774,9708,6576,10500,-116,-87,27,8736,-9188,9480,-44,151,-177,-14680,3360,3624,-941,79,-65,-14524,-4172,5072,-470,186,-143,0
19.444401025772095,9952,6640,10596,-89,-40,47,8812,-9148,9444,-91,143,-149,-14776,3364,3780,-959,38,-88,-14740,-4256,4896,-466,150,-125,0
19.47991394996643,9520,6624,10676,-103,-22,62,8936,-9216,9628,-107,154,-151,-14840,3432,3480,-988,52,240,-14696,-4204,5036,-468,108,-146,0
19.515005111694336,9772,6604,10988,-117,-38,31,8888,-9236,9552,-78,135,-142,-14740,3368,3576,-983,112,-65,-14708,-4252,4868,-485,128,-136,0
19.5510311126709,9820,6848,10596,-122,-81,38,9020,-9244,9508,-47,161,-151,-14744,3392,3604,-935,143,-101,-14648,-4288,4968,-501,169,-116,0
19.586158990859985,9800,6616,10592,-136,-85,74,9180,-9240,9404,-60,153,-154,-14628,3548,3824,-970,91,-76,-14768,-4156,4868,-506,207,-111,0
19.62214207649231,9784,6652,10428,-130,-136,65,8896,-9228,9484,-69,126,-204,-14756,3436,3408,-771,122,-112,-14748,-4216,4896,-488,212,-86,0
19.65739297866821,9812,6580,10544,-134,-114,63,8924,-9200,9516,-60,120,-180,-14828,3476,3648,-989,119,-124,-14752,-4108,4888,-470,196,-125,0
19.693211078643795,9812,6556,10636,-132,-77,78,8732,-9428,9288,-49,128,-165,-14620,3404,3836,-925,91,-66,-14620,-4160,5016,-764,172,-143,0
19.729280948638916,9788,6684,10612,-125,-75,28,8940,-9228,9544,-32,119,-192,-14900,3432,3544,-994,69,-82,-14696,-4136,4892,-516,188,-152,0
19.765020132064823,9852,6744,10548,-125,-103,38,8720,-9076,9552,-71,162,-171,-14780,3344,3624,-966,98,-148,-14692,-4328,4644,-259,184,-140,0
19.800259113311768,9632,6632,10668,-119,-128,52,8836,-9216,9480,-82,131,-161,-14836,3384,3596,-908,101,-99,-14696,-3864,4804,-531,156,-111,0
19.835621118545532,9788,6860,10376,-132,-121,52,8924,-9236,9564,-59,163,-176,-14612,3420,3628,-938,105,-81,-14800,-4128,4916,-489,130,-117,0
19.871865034103394,9748,6464,10544,-132,-103,40,9116,-9288,9340,-21,144,-173,-14736,3380,3656,-961,108,-106,-14644,-4204,4988,-764,162,-108,0
19.907697916030884,9980,6880,10392,-141,-94,55,8924,-9188,9504,-27,151,-178,-15072,3480,3516,-960,98,-66,-14636,-4340,4916,-495,167,-115,0
19.94276714324951,9660,6660,10668,-131,-71,71,8732,-9156,9384,-54,142,-175,-14832,3540,3664,-942,85,-75,-14784,-4240,4948,-530,189,-79,0
19.979006052017212,9924,6680,10548,-136,-119,74,8968,-9216,9528,-29,133,-180,-14756,3384,3692,-955,106,-55,-14632,-4140,4856,-531,165,-84,0
20.012457132339478,9800,6576,10616,-140,-146,77,8928,-9196,9516,-9,151,-173,-14800,3432,3592,-950,115,-97,-14784,-4180,4980,-527,168,-81,0
20.048983097076416,9696,6652,10700,-194,-142,120,8916,-9140,9568,35,112,-166,-14804,3396,3668,-983,176,-104,-14724,-4252,4892,-266,204,-45,0
20.08296799659729,9680,6864,10576,-193,-158,123,8992,-9200,9580,10,104,-218,-14816,3360,3832,-960,169,-152,-14800,-4264,5020,-515,209,-61,0
20.116404056549076,9776,6848,10548,-194,-204,98,8940,-9460,9424,252,158,-187,-14884,3340,3596,-961,198,-126,-14664,-3908,4892,-557,153,-63,0
20.149696111679077,9792,6600,10636,-184,-192,124,8876,-9140,9596,87,116,-195,-14700,3376,3616,-978,144,-152,-14656,-4048,4936,-536,193,-112,0
20.183169126510624,9692,6540,10504,-192,-235,113,8984,-9144,9580,61,124,-196,-14796,3424,3480,-982,167,-144,-14788,-4284,4940,-534,212,-75,0
20.216201066970825,9728,6868,10728,-174,-197,121,8920,-9204,9540,-253,133,-197,-14848,3124,3644,-963,145,-137,-14768,-4132,4892,-533,240,-96,0
20.249948024749756,9768,6876,10500,-212,-245,132,9160,-9004,9504,52,98,-225,-14796,3096,3348,-997,210,-132,-14716,-4284,4616,-499,241,-50,0
20.28368902206421,9800,6516,10508,-175,-227,128,9168,-9136,9568,25,108,-208,-14800,3468,3588,-977,143,-116,-14672,-4140,4864,-537,223,-60,0
20.31721305847168,9892,6560,10704,-191,-171,153,8864,-9224,9636,37,98,-188,-14748,3072,3544,-1049,181,-77,-14672,-4084,5040,-526,147,-55,0
20.35056209564209,9848,6596,10556,-209,-167,134,8708,-9176,9712,29,115,-186,-14788,3272,3616,-995,201,-121,-14732,-4308,4844,-268,145,-94,0
20.384170055389404,9724,6660,10544,-194,-167,113,8912,-9196,9668,55,113,-183,-14772,3396,3640,-957,145,-130,-14752,-4176,4960,-506,175,-81,0
20.417612075805668,9824,6668,10588,-174,-195,121,8820,-9168,9608,-9,123,-193,-14728,3580,3764,-970,155,-186,-14748,-4180,4812,-534,219,-69,0
20.451452016830444,9880,6596,10448,-210,-252,119,9192,-9164,9376,23,129,-243,-14852,3328,3572,-962,125,-139,-14756,-4156,4972,-761,268,-75,0
20.484889984130863,9784,6644,10464,-135,-203,129,8948,-9148,9404,255,68,-218,-14744,3416,3572,-972,151,-113,-14760,-4216,4896,-494,245,-66,0
20.518237113952637,9800,6656,10564,-161,-196,117,8748,-9176,9232,-2,109,-208,-14840,3344,3508,-968,165,-125,-14708,-4160,5064,-498,213,-94,0
20.551795005798343,9932,6596,10460,-180,-174,115,8928,-9168,9528,-28,114,-215,-14940,3352,3592,-922,139,-127,-14812,-4076,4944,-523,221,-109,0
20.585361957550052,9900,6476,10588,-170,-160,123,8976,-9400,9268,7,104,-203,-14744,3076,3400,-985,139,-135,-14612,-4188,4668,-763,207,-84,0
20.618909120559692,9900,6588,10636,-175,-157,107,8960,-9236,9504,-53,132,-192,-14832,3324,3628,-933,87,-104,-14732,-4184,4756,-496,191,-127,0
20.652403116226196,9836,6656,10492,-179,-174,115,8920,-9192,9428,-42,129,-193,-14764,3352,3788,-933,70,-111,-14664,-4160,5072,-491,181,-155,0
20.685617923736572,9932,6540,10696,-169,-126,54,8992,-9104,9352,-61,156,-175,-14756,3388,3540,-975,78,-50,-14712,-4192,4844,-486,157,-147,0
20.719056129455566,9896,6612,10596,-106,89,90,9020,-9180,9584,-25,127,-171,-14700,3552,3404,-961,88,-49,-14752,-4188,4772,-527,159,-147,0
20.752516984939575,9952,6620,10548,-124,-51,55,9004,-9236,9476,-66,135,-169,-14752,3360,3424,-980,69,-66,-14672,-4228,4816,-502,162,-140,0
20.786421060562134,9884,6724,10320,-138,-83,54,8992,-9172,9448,-49,161,-178,-14824,3352,3548,-935,54,-101,-14664,-4164,5016,-487,124,-146,0
20.819756031036377,9848,6532,10460,-125,-79,50,9004,-9444,9324,-99,100,-166,-14768,3548,3536,-969,66,-87,-14776,-4200,4840,-489,170,-124,0
20.853398084640506,9920,6560,10544,-139,-66,31,8892,-9208,9584,-83,143,-189,-14752,3384,3504,-1002,77,-76,-14756,-4064,4856,-504,142,-122,0
20.88690400123596,9796,6652,10432,-135,-92,39,8920,-8964,9400,-89,160,-158,-15076,3440,3600,-1017,79,231,-14748,-4100,4864,-763,83,-150,0
20.92028307914734,9816,6556,10540,-115,-50,36,8932,-9280,9408,-75,112,-105,-14888,3360,3460,-1015,58,25,-14812,-4204,4616,-536,102,-153,0
20.95369005203247,9868,6576,10612,-137,-10,21,8804,-9268,9500,-56,132,-94,-15104,3416,3620,-991,-13,-31,-14596,-4236,4968,-262,138,-187,0
20.989756107330322,9564,6908,10704,-103,-24,27,8908,-9204,9448,-75,158,-148,-14692,3324,3692,-1010,77,-53,-14788,-4256,4768,-505,152,-158,0
21.025155067443848,9524,6448,10648,-73,-66,17,9004,-9108,9352,-73,129,-170,-14772,3364,3356,-985,71,-79,-14688,-4124,5036,-477,197,-142,0
21.06076192855835,9848,6596,10264,-113,-52,37,8908,-8992,9232,-57,111,-171,-14684,3344,3580,-947,75,-93,-14628,-4076,4792,-498,156,-164,0
21.096081972122196,9736,6604,10736,-95,-30,34,8932,-9412,9716,-81,109,-126,-14744,3424,3596,-960,25,-57,-14676,-4184,4936,-476,139,-151,0
21.132267951965332,9772,6636,10488,-127,-25,31,9088,-9228,9568,-71,160,-129,-14696,3360,3732,-945,82,-61,-14688,-4192,4924,-510,98,-167,0
21.167420148849487,9856,6876,10508,-142,-38,64,8928,-9216,9600,-99,108,-140,-14744,3452,3808,-939,73,-67,-14756,-4144,4608,-486,140,-129,0
21.203443050384518,9596,6600,10544,-141,-51,50,8936,-9452,9568,-56,166,-174,-14816,3280,3472,-947,66,-63,-14664,-4104,5108,-492,205,-137,0
21.23919701576233,9932,6600,10632,-162,-107,60,8800,-9064,9580,-35,139,-188,-14712,3428,3532,-1043,98,-82,-14712,-4188,4840,-483,189,-132,0
21.274064064025875,9888,6600,10620,-102,-107,100,9000,-9120,9384,-35,83,-200,-14736,3328,3752,-826,131,-113,-14796,-4196,4904,-465,168,-125,0
21.309442043304443,9808,6592,10604,-144,-103,66,9008,-9304,9472,2,74,-163,-14732,3380,3788,-984,151,-97,-14688,-4044,4864,-490,168,-88,0
21.344362020492554,9792,6612,10584,-156,-105,90,8768,-9208,9468,-8,156,-190,-14972,3348,3920,-981,111,-58,-14824,-4208,4784,-506,170,-117,0
21.379223108291626,9828,6580,10628,-168,-98,110,8804,-9316,9216,-20,144,-178,-14780,3368,3464,-996,94,-128,-14776,-4176,4944,-477,180,-110,0
21.414113998413086,9724,6700,10708,-172,-105,66,8732,-9172,9424,-36,127,-177,-14768,3400,3836,-1003,123,-95,-14772,-4224,4820,-472,189,-161,0
21.449850082397464,9772,6612,10632,-165,-95,57,8948,-9256,9432,-42,135,-191,-15032,3416,3792,-941,86,-97,-14760,-4280,4832,-457,198,-107,0
21.484911918640137,9744,6536,10584,-173,-98,86,8932,-9304,9416,-12,148,-167,-14760,3448,3776,-981,117,-75,-14836,-4256,5000,-488,192,-101,0
21.520132064819336,9868,6624,10548,-191,-95,50,8996,-9176,9352,-15,167,-178,-14628,3360,3508,-994,145,-142,-14724,-4120,5020,-484,207,-111,0
21.55540108680725,9724,6624,10408,-159,-134,93,8952,-9288,9228,12,157,-163,-14788,3500,3680,-841,159,-78,-14776,-4180,4940,-502,215,-104,0
21.591115951538086,9668,6600,10564,-184,-118,79,8844,-9164,9488,7,160,-177,-14820,3420,3608,-1011,106,-86,-14608,-4176,5036,-499,193,-97,0
21.62727403640747,9764,6900,10284,-230,-120,87,9140,-9268,9812,43,155,-150,-14688,3452,3800,-1004,113,-96,-14756,-4104,4656,-479,141,-61,0
21.662771940231323,9708,6616,10500,-228,-185,109,8832,-9272,9560,54,148,-181,-14712,3112,3604,-1009,189,-160,-14572,-4224,5016,-512,169,-39,0
21.695927143096924,9724,6660,10608,-210,-209,124,8900,-9280,9344,86,118,-221,-14764,3440,3704,-1003,224,-178,-14764,-4200,4924,-509,199,-60,0
21.729402065277103,9744,6560,10568,-203,-199,141,8948,-9144,9572,42,162,-245,-14600,3340,3804,-987,168,-169,-14696,-4176,4964,-487,171,-62,0
21.76304793357849,9848,6644,10516,-195,-156,111,9040,-9004,9484,18,181,-200,-14796,3488,3584,-980,155,-79,-14668,-4120,4932,-498,180,-66,0
21.796705961227417,9792,6604,10516,-226,-192,134,8952,-9264,9504,94,111,-204,-14704,3404,3684,-1020,187,-128,-14836,-4216,4940,-521,193,-55,0
21.830121994018555,9928,6524,10532,-507,-168,133,9204,-9424,9232,81,127,-187,-14836,3400,3700,-1003,173,-87,-14644,-4220,4868,-494,224,-81,0
21.863680124282837,9868,6704,10536,-235,-192,123,9188,-9020,9544,34,161,-220,-14780,3320,3616,-975,174,-150,-14768,-4196,4944,-492,260,-48,0
21.897352933883667,9868,6540,10656,-270,-212,145,8900,-9148,9528,105,122,-220,-14828,3400,3580,-1052,201,-169,-15028,-4104,5064,-471,252,-28,0
21.93083095550537,9792,6532,10576,-209,-184,168,9196,-9064,9236,70,102,-208,-14676,3368,3580,-1016,179,-110,-14648,-4348,4936,-496,183,-48,0
21.96422505378723,9828,6492,10556,-225,-145,161,8924,-9128,9684,49,156,-167,-14768,3336,3708,-1015,180,-126,-14788,-4228,4880,-486,167,-66,0
21.99763011932373,9784,6624,10584,-224,-153,120,9016,-9448,9536,5,171,-176,-14732,3352,3796,-985,175,-78,-14772,-4240,4956,-476,131,-67,0
22.031208992004395,9816,6628,10620,-204,-173,134,8968,-9176,9572,27,122,-167,-14768,3392,3516,-969,159,-98,-14612,-4228,4856,-496,189,-65,0
22.06477403640747,9768,6560,10652,-225,-207,135,9204,-9112,9492,41,139,-208,-14896,3380,3628,-970,168,-124,-14680,-3984,4960,-486,245,-65,0
22.098196983337402,9804,6516,10724,-205,-510,143,9012,-9176,9332,52,131,-243,-14804,3408,3624,-981,141,-169,-14732,-4128,4896,-490,266,-72,0
22.13188099861145,9812,6652,10544,-139,-238,143,9088,-9124,9500,21,94,-248,-14776,3336,3512,-982,159,-183,-14732,-4276,4952,-486,249,-57,0
22.16549205780029,9912,6572,10256,-195,-245,133,9136,-9200,9272,44,100,-254,-14884,3352,3436,-975,173,-177,-14724,-4088,4948,-767,239,-91,0
22.198746919631958,9960,6404,10488,-168,-240,125,8996,-9176,9428,23,129,-216,-14704,3396,3704,-991,127,-157,-14672,-4156,4972,-509,499,-106,0
22.232319116592407,9968,6476,10528,-178,-186,126,8896,-9120,9648,25,101,-215,-14816,3388,3452,-993,136,-122,-14772,-4132,4672,-528,224,-77,0
22.26551103591919,9872,6620,10588,-184,-201,115,8940,-9128,9416,-2,141,-173,-14820,3392,3624,-987,128,-55,-14768,-4172,4828,-503,197,-110,0
22.299237966537476,9812,6612,10740,-151,-184,87,8948,-9132,9428,-9,147,-199,-14736,3312,3496,-953,101,-95,-14976,-4128,5036,-257,187,-113,0
22.332983016967773,9952,6500,10728,-147,-149,87,9180,-9056,9648,-27,133,-181,-14840,3328,3624,-985,49,-97,-14792,-4136,4844,-508,168,-97,0
22.366711139678955,10160,6524,10604,-128,-134,68,8956,-9120,9556,-29,171,-151,-14692,3328,3492,-963,81,-89,-14716,-4108,4832,-504,154,-133,0
22.400185108184814,9872,6504,10584,-150,-107,69,8976,-9072,9428,-32,140,-188,-14844,3300,3672,-960,48,-104,-14716,-4024,4780,-501,167,-135,0
22.433185100555423,9928,6472,10648,-141,-99,65,9036,-9176,9384,-43,162,-175,-14692,3256,3592,-992,50,-86,-14696,-4132,4832,-484,166,-140,0
22.466942071914676,9912,6540,10552,-149,-84,58,9192,-9124,9548,-47,134,-140,-14704,3496,3580,-770,94,-52,-14636,-4236,5008,-493,161,-121,0
22.500203132629395,9876,6476,10332,-166,-73,76,9028,-9152,9584,-47,164,-156,-14808,3140,3568,-772,83,-58,-14716,-4096,4868,-473,165,-111,0
22.53373098373413,9936,6600,10656,-133,-85,59,8812,-9076,9464,-73,157,-141,-14868,3400,3688,-1001,46,-43,-14800,-4144,4876,-486,122,-170,0
22.56740808486939,9944,6592,10728,-127,-59,66,8972,-9448,9516,-36,138,-134,-14852,3368,3732,-1025,68,-61,-14692,-4232,4972,-515,116,-158,0
22.600873947143555,9832,6560,10712,-117,-38,27,8964,-9272,9544,2,149,-149,-14816,3080,3612,-999,13,-84,-14832,-4132,4868,-497,165,-168,0
22.634464025497437,9808,6572,10636,-102,-34,57,8896,-9196,9500,-60,167,-187,-14800,3272,3680,-980,24,-69,-14836,-4276,4932,-258,171,-162,0
22.67020606994629,9884,6536,10532,-107,-105,30,9184,-9168,9620,-31,156,-179,-14632,3512,3680,-1005,50,-105,-14768,-4196,4944,-501,185,-172,0
22.70494794845581,9832,6536,10252,-101,-48,30,8904,-9192,9680,-70,141,-180,-14776,3432,3464,-995,40,-76,-14640,-4100,4808,-518,149,-166,0
22.74074792861939,9876,6532,10616,-74,-49,40,9080,-9016,9540,-19,200,-123,-14732,3340,3652,-989,38,-83,-14820,-4260,4892,-497,96,-192,0
22.775628089904785,9892,6532,10724,-99,-30,39,8956,-9204,9512,-56,156,-129,-14816,3492,3628,-944,38,-43,-14712,-4112,4816,-493,115,-165,0
22.810985088348385,9824,6576,10712,-110,248,14,8856,-9116,9568,-67,152,-149,-14852,3420,3720,-990,89,-72,-14592,-4124,4880,-490,137,-160,0
22.84617304801941,9800,6528,10652,-108,-14,51,9116,-9140,9520,-41,147,-147,-14796,3320,3348,-1004,95,-64,-14668,-4148,4760,-486,185,-127,0
22.881581068038944,9740,6600,10580,-144,-79,61,8868,-9228,9564,-44,117,-174,-14652,3404,3672,-1002,59,-87,-14656,-4108,4992,-491,182,-124,0
22.917606115341187,9784,6680,10544,-88,-71,76,8988,-9260,9432,-54,142,-170,-14900,3496,3396,-1174,110,-75,-14812,-4144,4924,-493,135,-127,0
22.95297908782959,9840,6520,10568,-147,-71,47,9000,-9184,9544,-48,180,-137,-14748,3304,3824,-981,74,-56,-14804,-4120,5032,-483,152,-129,0
22.988744974136356,9672,6620,10516,-133,-59,48,8908,-9400,9256,-30,120,-161,-14800,3360,3652,-994,96,-54,-14800,-4196,4876,-495,137,-148,0
23.024385929107666,9832,6544,10644,-134,-41,81,8800,-9132,9556,-50,110,-132,-14772,3480,3452,-1004,85,-93,-14684,-4128,5024,-263,160,-135,0
23.060354948043827,9480,6516,10516,-116,-84,79,8864,-9144,9364,-61,146,-153,-14672,3364,3388,-976,102,-92,-14672,-4164,4992,-495,187,-112,0
23.0958080291748,9816,6520,10684,-146,-101,53,8708,-9072,9504,-46,150,-183,-14604,3524,3648,-951,149,-61,-14752,-4052,5064,-479,198,-98,0
23.13135313987732,9860,6540,10712,-188,-102,114,8876,-9128,9440,27,157,-170,-14808,3352,3636,-998,119,-102,-14740,-4252,4928,-485,176,-73,0
23.167500972747803,9796,6548,10628,-169,-109,90,8716,-9276,9660,56,144,-176,-14916,3480,3664,-978,125,-94,-14660,-4108,5056,-507,179,-58,0
23.20248293876648,9824,6572,10572,-171,-154,105,8968,-9152,9608,38,102,-203,-14692,3388,3668,-1004,201,-143,-14840,-4284,4928,-526,223,-71,0
23.237586021423343,9836,6584,10668,-155,-210,125,8924,-9272,9524,12,128,-192,-14792,3360,3828,-961,156,-147,-14696,-4112,4948,-529,199,-63,0
23.27281904220581,9816,6488,10612,-152,-211,137,8912,-9212,9476,39,134,-193,-14848,3388,3792,-950,181,-155,-14644,-4132,4900,-257,224,-75,0
23.309144020080566,9716,6528,10620,-199,-216,119,9188,-8980,9724,51,131,-236,-14812,3096,3664,-988,191,-133,-14748,-4116,4920,-492,224,-46,0
23.344748973846436,9940,6532,10556,-202,-223,177,9036,-9108,9436,46,136,-205,-14720,3440,3656,-1003,216,-130,-14844,-4160,4952,-497,195,-22,0
23.378157138824466,9824,6464,10720,-5,-227,159,8944,-9236,9560,80,133,-195,-14828,3332,3756,-1052,196,-154,-14672,-4188,4976,-508,227,-59,0
23.411916017532345,9848,6552,10640,-262,-234,131,8832,-9052,9580,23,156,-233,-14780,3228,3396,-1005,134,-171,-14740,-4192,4772,-502,220,-69,0
23.445389986038208,9852,6648,10540,-205,-202,151,9032,-9168,9540,28,132,-200,-14788,3372,3580,-991,163,-155,-14740,-4244,4884,-491,221,-75,0
23.478737115859985,9848,6464,10724,-209,-232,138,8920,-9188,9516,79,140,-232,-14772,3384,3728,-974,162,-120,-14700,-4124,5000,-478,223,-17,0
23.511898040771484,9848,6372,10540,-180,-201,126,8904,-9048,9620,89,130,-204,-14772,3368,3560,-977,167,-139,-14784,-4052,4900,-503,183,-60,0
23.545347929000854,9868,6492,10512,-209,-139,112,8984,-9040,9692,64,154,-179,-14840,3336,3732,-964,154,-110,-14604,-4112,4936,-492,142,-94,0
23.581377029418945,9956,6436,10524,-214,-149,101,8908,-9172,9568,19,125,-147,-14884,3104,3608,-980,136,-133,-14836,-4144,5092,-509,160,-87,0
23.614818096160892,9816,6584,10452,-158,-158,128,8908,-9108,9560,-2,115,-198,-14612,3384,3628,-977,129,-120,-14744,-4216,4836,-503,197,-115,0
23.648448944091797,9860,6460,10548,-113,-172,90,8760,-9056,9548,-20,114,-215,-14788,3296,3560,-990,122,-147,-14724,-4184,4812,-525,227,-117,0
23.681704044342037,9900,6648,10264,-149,-181,96,9200,-9116,9416,-14,121,-240,-14744,3320,3584,-999,90,-112,-14784,-4092,4804,-497,218,-120,0
23.71502614021301,9924,6420,10476,-122,-117,76,8928,-8992,9440,-6,116,-187,-14820,3532,3356,-987,86,-117,-14832,-4112,4940,-495,178,-127,0
23.748559951782227,10040,6452,10520,-156,-66,44,8976,-9120,9520,-21,161,-139,-14764,3400,3632,-998,57,-90,-14656,-4176,4988,-482,163,-136,0
23.781754016876224,9884,6476,10532,-151,-37,39,8920,-9040,9480,-41,191,-163,-14848,3344,3604,-992,15,-64,-14644,-3960,5072,-482,160,-122,0
23.815386056900028,9896,6516,10524,-158,-79,74,8964,-9096,9532,-21,169,-162,-14816,3332,3820,-1021,85,-82,-14624,-3868,4896,-511,153,-141,0
23.848930120468143,9780,6520,10528,-155,-73,74,8908,-9208,9484,-39,146,-150,-14752,3356,3612,-988,79,-57,-14648,-4144,4628,-474,145,-129,0
23.882514953613278,9840,6524,10656,-173,-84,85,8928,-9128,9576,-42,141,-213,-14840,3312,3620,-1009,108,-97,-14752,-4228,5072,-489,187,-110,0
23.915729999542236,9780,6524,10620,-176,-101,89,8912,-9040,9632,-8,134,-171,-14760,3104,3672,-1004,97,-87,-14832,-4200,4968,-479,183,-114,0
23.949027061462402,9804,6456,10632,-161,-81,101,9196,-9036,9632,-17,153,-177,-14704,3436,3536,-987,116,-126,-14740,-4168,4852,-496,211,-119,0
23.982583045959476,9924,6424,10296,-176,-69,92,8964,-9052,9376,-256,145,-170,-14808,3164,3648,-974,131,-102,-14696,-4188,4940,-476,134,-103,0
24.016185998916626,9816,6488,10708,-153,-86,74,8880,-9164,9484,-10,114,-186,-14796,3448,3600,-1001,136,-110,-14748,-4216,4948,-505,184,-81,0
24.04996395111084,9900,6472,10456,-120,-107,103,8856,-9108,9572,-14,130,-190,-14616,3344,3764,-985,106,-102,-14832,-4172,4900,-500,238,-126,0
24.083619117736816,9840,6472,10424,-160,-140,72,8908,-9128,9660,-22,148,-236,-14832,3456,3568,-976,122,-75,-14820,-4196,4868,-493,210,-104,0
24.117200136184692,9852,6508,10740,-125,-105,97,8980,-9108,9524,-50,139,-188,-14788,3432,3588,-982,81,-81,-14864,-4188,4920,-502,147,-125,0
24.150757074356076,9952,6508,10416,-106,-67,71,9000,-9188,9540,-26,116,-127,-14856,3408,3560,-1033,80,-53,-14704,-4076,4972,-495,88,-167,0
24.18419003486633,9896,6384,10448,-140,-43,58,9096,-9084,9468,-14,166,-132,-14856,3404,3560,-967,7,-56,-14724,-4132,4984,-493,125,-185,0
24.217687129974365,9804,6668,10528,-98,13,47,9016,-9100,9692,-76,159,-137,-14880,3556,3836,-1020,25,-57,-14756,-4200,4756,-492,158,-181,0
24.251300096511837,9928,6504,10756,-114,-48,21,9032,-9424,9604,-36,155,-170,-14772,3304,3460,-1087,137,-99,-14764,-4180,4936,-460,200,-146,0
24.284605979919434,9844,6420,10656,-111,-34,35,8860,-9088,9516,-31,156,-143,-14716,3400,3504,-982,12,-37,-14768,-4200,4952,-455,151,-146,0
24.318205118179318,9880,6572,10576,-123,-17,48,8812,-9096,9360,-81,163,-132,-14768,3268,3624,-989,5,-15,-14652,-4176,4940,-495,112,-165,0
24.354454040527347,9740,6516,10692,-100,14,42,8704,-9104,9532,-79,151,-123,-14768,3348,3644,-975,46,-57,-14812,-4124,4860,-490,111,-182,0
24.39064812660217,9856,6428,10556,-126,12,75,8960,-9144,9816,-97,120,-115,-14744,3432,3744,-954,78,-50,-14840,-4120,4884,-484,128,-159,0
24.425442934036255,9836,6640,10588,-108,-6,60,8868,-9148,9600,-60,124,-149,-14768,3480,3764,-993,87,-20,-14708,-4156,4908,-469,149,-139,0
24.461319923400875,9984,6472,10520,-116,-79,62,9192,-9080,9520,-64,127,-180,-14668,3356,3636,-999,98,-94,-14760,-4196,4856,-478,148,-98,0
24.496176958084106,9680,6532,10548,-51,-88,75,9020,-9136,9456,-103,173,-225,-14804,3392,3720,-1015,93,-86,-15060,-4144,4632,-489,168,-93,0
24.531577110290527,9788,6600,10504,-92,-89,73,8940,-9124,9460,-35,102,-185,-14836,3112,3836,-1001,107,-74,-14824,-4228,4836,-492,156,-121,0
24.56760811805725,9788,6532,10648,-108,-60,67,8716,-9080,9564,-39,167,-164,-14912,3372,3800,-1104,96,-54,-14696,-4128,4960,-500,116,-133,0
24.603430032730106,9756,6580,10512,-133,-59,71,8904,-9156,9716,-7,159,-139,-14700,3404,3772,-984,82,-83,-14848,-4172,4964,-497,131,-100,0
24.638178110122677,9512,6456,10924,-183,-106,83,8860,-9196,9548,-252,188,-162,-14812,3568,3780,-1018,85,-123,-14720,-4180,4672,-499,158,-78,0
24.67385196685791,9828,6412,10656,-174,-98,113,8956,-9216,9604,56,180,-235,-14876,3284,3624,-977,125,-111,-14732,-4200,4976,-511,215,-88,0
24.709774017333988,9696,6576,10604,-187,-204,121,8840,-9208,9488,52,105,-221,-14796,3392,3840,-944,211,-179,-14720,-4136,4844,-513,208,-61,0
24.744926929473877,9816,6508,10716,-145,-191,131,9184,-9140,9476,40,108,-209,-14684,3444,3756,-981,158,-143,-14572,-4192,4900,-520,211,-86,0
24.780194997787476,9792,6552,10364,-175,-187,119,8860,-9136,9280,21,148,-191,-14820,3572,3692,-941,167,-146,-14740,-4224,4936,-504,205,-71,0
24.814983129501346,9856,6512,10604,-213,-191,133,9000,-9096,9500,20,134,-205,-14652,3376,3796,-984,214,-138,-14628,-4264,4912,-503,227,-31,0
24.851238965988156,9828,6520,10768,-214,-195,148,9188,-9152,9492,126,56,-219,-14712,3572,3812,-978,159,-168,-14724,-3936,4632,-512,232,-19,0
24.88612699508667,9876,6472,10556,-223,-221,163,9028,-9136,9672,39,158,-220,-14744,3308,3488,-994,198,-150,-14816,-4228,4976,-505,244,-25,0
24.921723127365116,9808,6488,10548,-245,-213,144,9040,-8980,9528,43,148,-214,-14800,3428,3592,-986,173,-150,-14732,-4056,5024,-264,220,-39,0
24.95766997337341,10168,6492,10592,-232,-228,164,9080,-9088,9564,45,140,-184,-14856,3448,3620,-916,160,-119,-14812,-4100,4868,-530,177,-37,0
24.99446392059326,9860,6456,10632,-247,-208,145,9028,-9172,9576,83,103,-208,-14824,3568,3564,-1023,199,-133,-14652,-4236,4924,-519,219,-47,0
25.028094053268436,9760,6476,10580,-198,-187,122,8916,-9080,9732,56,110,-188,-14844,3360,3708,-988,143,-115,-14672,-4128,4856,-527,202,-82,0
25.066816091537476,9796,6524,10908,-175,-235,120,8904,-9056,9520,73,131,-196,-14716,3396,3376,-920,161,-125,-14716,-4088,4852,-765,234,-52,0
25.10085701942444,9788,6452,10556,-218,-250,117,8708,-9096,9560,55,164,-219,-14736,3368,3640,-979,166,-118,-14768,-4132,4960,-509,221,-64,0
25.13435196876526,9928,6532,10600,-170,-180,151,9012,-9100,9524,50,125,-167,-14804,3208,3616,-982,168,-62,-14816,-4224,4876,-510,150,-86,0
25.167680025100708,9836,6456,10316,-200,-181,125,9048,-9116,9504,43,103,-180,-14848,3348,3640,-996,151,-101,-14828,-4240,4868,-768,170,-99,0
25.2009379863739,9944,6444,10552,-199,-187,100,9048,-9192,9504,20,114,-171,-14596,3548,3564,-971,163,-150,-14808,-4252,4956,-522,154,-99,0
25.23450493812561,9964,6432,10604,-152,-171,109,9188,-8976,9720,-52,94,-221,-14856,3264,3756,-955,125,-127,-14360,-4016,4632,-489,169,-119,0
25.268084049224854,9904,6356,10488,-126,-162,90,9044,-9040,9620,-26,114,-212,-14752,3368,3536,-1020,104,-83,-14604,-4160,5052,-502,215,-126,0
25.30153894424439,9848,6420,10452,-135,-127,56,8948,-9096,9520,5,129,-194,-14808,3272,3364,-1015,93,-79,-14700,-4020,4932,-766,159,-127,0
25.335176944732666,9848,6480,10396,-139,-107,63,8976,-9064,9584,-18,167,-157,-14744,3312,3772,-978,75,-77,-14716,-4144,4980,-486,166,-99,0
25.368685007095337,9944,6504,10576,-195,-77,64,8916,-9152,9612,-36,125,-177,-14600,3552,3640,-1006,106,-108,-14704,-4124,4976,-510,186,-99,0
25.401873111724854,9880,6652,10540,-157,-131,62,8888,-9004,9492,-11,124,-197,-14804,3360,3644,-769,108,-119,-14668,-4160,4668,-528,164,-145,0
25.43506097793579,9844,6460,10652,-101,-105,82,8720,-9172,9576,-73,128,-170,-14784,3524,3492,-1017,87,-91,-14712,-4108,5112,-531,133,-124,0
25.468819141387943,9876,6468,10436,-103,-95,61,8780,-9088,9480,-42,136,-185,-14896,3388,3396,-984,69,-76,-14692,-3844,4900,-268,151,-156,0
25.502233028411865,9844,6620,10472,-156,-80,49,9020,-9096,9572,-19,173,-182,-14752,3372,3808,-971,49,-40,-14844,-4076,5008,-508,144,-150,0
25.535709142684937,9808,6524,10564,-162,-99,48,8956,-9116,9636,-5,139,-175,-14852,3572,3424,-998,68,-98,-14764,-4276,4936,-488,144,-120,0
25.569244146347046,9868,6520,10600,-157,-128,59,8980,-9100,9536,6,123,-199,-14672,3488,3380,-980,77,-99,-14696,-4204,5020,-500,166,-122,0
25.602674961090088,9900,6484,10548,-138,-124,103,9156,-9008,9588,-10,124,-216,-14784,3352,3676,-941,89,-119,-14636,-4100,4892,-505,233,-121,0
25.63605308532715,9832,6508,10696,-145,-164,139,8860,-9036,9628,-14,103,-239,-14800,3412,3632,-1007,129,-141,-14764,-4188,4852,-513,0,-108,0
25.669666051864628,9868,6356,10480,-174,-127,111,9104,-9204,9676,-10,143,-201,-14860,3376,3580,-968,137,-115,-14716,-4200,4652,-454,209,-104,0
25.702880144119266,9956,6500,10292,-239,-113,80,9072,-9048,9548,-6,182,-177,-14860,3376,3716,-951,44,-43,-14760,-4128,4944,-494,169,-114,0
25.736391067504883,10020,6456,10560,-186,-68,53,8988,-9100,9724,12,204,-113,-14784,3520,3680,-997,33,-48,-14660,-4104,5068,-508,133,-145,0
25.769969940185547,9788,6496,10256,-226,-60,61,9208,-9044,9280,43,169,-134,-14736,3320,3356,-1001,78,-110,-14764,-4240,4700,-499,207,-112,0
25.803436040878296,9796,6492,10516,-176,-67,85,8980,-9052,9608,-256,111,-221,-14752,3272,3636,-950,112,-147,-14648,-4160,4852,-502,222,-119,0
25.83685302734375,9828,6480,10628,-142,-148,72,9016,-8976,9640,-39,126,-198,-14596,3380,3632,-959,100,-138,-14692,-4068,4972,-478,230,-146,0
25.870530128479004,9904,6392,10432,-157,-112,27,8952,-9000,9600,253,188,-204,-14780,3332,3512,-963,43,-88,-14696,-4076,4956,-465,172,-154,0
25.90391206741333,9948,6444,10428,-148,-71,63,9044,-9104,9900,44,136,-134,-14776,3424,3748,-1018,51,-36,-14672,-4136,4900,-464,160,-153,0
25.93727397918701,9872,6520,10604,-194,-45,79,9032,-9064,9648,19,164,-125,-14736,3400,3692,-1274,98,-64,-14736,-4224,4936,-501,140,-133,0
25.970932006835938,9916,6500,10696,-186,-72,56,8860,-9088,9216,-35,152,-141,-14792,3380,3584,-1004,84,-42,-14768,-4340,4664,-501,127,-123,0
26.004164934158325,9800,6444,10684,-149,-74,84,8876,-9052,9544,-34,152,-149,-14712,3364,3596,-972,86,-103,-14612,-4164,4856,-496,179,-120,0
26.040867090225223,9916,6460,10552,-146,-108,93,8936,-9056,9588,255,121,-175,-14704,3320,3692,-1015,107,-71,-14748,-4240,4804,-486,229,-105,0
26.076014041900635,9892,6468,10712,-181,-115,101,9084,-9044,9648,-5,119,-200,-14816,3360,3588,-997,122,-109,-14688,-4272,4964,-484,176,-76,0
26.11188292503357,9816,6420,10648,-160,-127,116,9032,-9100,9680,-252,124,-177,-14692,3392,3792,-958,141,-136,-14812,-4168,4640,-479,170,-73,0
26.148196935653687,9836,6568,10676,-140,-83,96,9020,-9024,9612,-28,130,-170,-14716,3380,3628,-1007,109,-94,-14796,-3992,4952,-504,174,-103,0
26.18336796760559,9916,6380,10532,-156,-147,92,9172,-8880,9636,-17,141,-170,-14796,3124,3620,-1015,121,-97,-14716,-4064,5048,-507,163,-84,0
26.218315124511715,9804,6648,10548,-141,-132,106,8948,-9032,9636,-54,128,-170,-14772,3352,3520,-1016,112,-64,-14664,-4132,5108,-506,199,-97,0
26.253366947174076,9796,6528,10536,-126,-126,99,8968,-9096,9544,-57,127,-213,-14704,3352,3652,-1029,118,-87,-14752,-4292,5004,-499,227,-100,0
26.289459943771362,9932,6416,10720,-124,-140,70,8736,-9004,9476,-38,150,-184,-14864,3392,3896,-922,92,-28,-14820,-4152,4788,-498,150,-161,0
26.3240430355072,9980,6360,10596,-140,-103,61,9060,-8996,9484,-5,162,-173,-14732,3392,3748,-950,49,-68,-14740,-4068,4844,-483,147,-159,0
26.359949111938477,9868,6504,10516,-155,-46,53,8772,-9144,9712,9,138,-141,-14768,3444,3740,-984,67,-63,-14800,-3888,5116,-486,164,-126,0
26.394932985305786,9892,6440,10728,-132,-87,73,8840,-9068,9724,-44,139,-145,-14684,3264,3732,-932,119,-91,-14696,-4076,4860,-500,189,-129,0
26.430325031280518,9964,6636,10576,-105,-134,96,8736,-9084,9700,-87,94,-165,-14752,3580,3688,-965,85,-120,-14684,-4340,4872,-497,213,-97,0
26.4655499458313,9888,6496,10616,-95,-137,62,9028,-9208,9388,-28,131,-175,-14832,3292,3700,-948,60,-57,-14760,-4268,4876,-498,180,-116,0
26.501652002334595,9872,6488,10352,-138,-67,68,9012,-9084,9600,-17,119,-165,-14800,3380,3876,-949,84,-80,-14736,-4112,4892,-477,190,-72,0
26.537826061248783,9860,6532,10536,-154,-95,70,8920,-9104,9568,-52,128,-185,-15016,3320,3608,-897,100,-113,-14768,-4172,4868,-477,160,-108,0
26.57267904281616,9728,6448,10540,-144,-144,77,9060,-9056,9596,-72,129,-151,-14736,3360,3836,-914,60,-30,-14792,-4296,5032,-501,145,-106,0
26.608192920684814,9924,6420,10648,-104,-126,69,8868,-9048,9616,-29,106,-175,-14768,3408,3568,-937,46,-118,-14576,-3856,4944,-257,183,-95,0
26.64351797103882,9792,6548,10500,-155,-104,77,8976,-8980,9448,-18,116,-167,-14764,3364,3668,-963,114,-73,-14792,-4200,4716,-510,137,-103,0
26.680680990219116,9936,6520,10748,-126,-106,52,9108,-9032,9884,-44,140,-160,-14608,3076,3700,-910,65,-65,-14596,-4164,4804,-486,181,-119,0
26.714028120040894,9872,6152,10600,-117,-53,57,9152,-9064,9664,15,94,-187,-14748,3428,3732,-1279,74,-83,-14708,-4312,4840,-490,167,-121,0
26.74762105941772,9772,6436,10612,-122,-63,92,8856,-9044,9552,-20,184,-167,-14752,3424,3700,-976,85,-102,-14620,-4084,4916,-496,133,-124,0
26.781151056289676,9800,6564,10544,-148,-43,82,8948,-9064,9592,-28,142,-138,-14732,3352,3808,-1012,137,-85,-14760,-4276,4820,-491,146,-107,0
26.81454110145569,9868,6532,10680,-147,-106,68,8932,-9232,9624,-68,108,-168,-14756,3120,3792,-950,86,-69,-14660,-3936,4708,-499,167,-126,0
26.84756112098694,9772,6536,10512,-127,-122,52,8908,-9056,9572,-47,114,-174,-14728,3392,3836,-957,80,-104,-14740,-4136,4912,-497,212,-129,0
26.881056070327755,9924,6508,10556,-84,-36,27,9212,-9004,9556,-58,161,-150,-14760,3572,3588,-983,63,-96,-14628,-4068,4784,-476,169,-167,0
26.91451597213745,9844,6508,10596,-117,-14,16,9044,-9084,9404,-58,183,-127,-14796,3264,3668,-1027,29,-47,-14776,-4228,4816,-477,131,-190,0
26.94768500328064,9860,6500,10624,-111,19,21,9012,-9128,9352,-46,158,-144,-14704,3256,3820,-918,26,-17,-14600,-4228,4644,-450,187,-150,0
26.98107409477234,9848,6372,10724,-115,-15,36,9116,-9164,9500,-56,164,-140,-14736,3468,3604,-931,36,-42,-14704,-4176,4660,-507,185,-160,0
27.014259099960327,9932,6532,10692,-99,-40,29,8864,-9120,9560,-72,152,-151,-14864,3432,3796,-950,17,-69,-14716,-4208,4668,-496,163,-157,0
27.04801297187805,9836,6496,10668,-118,-77,59,8760,-9044,9548,-56,146,-151,-14800,3368,3780,-1015,41,-72,-14656,-4184,4940,-514,154,-148,0
27.081390142440796,9964,6420,10624,-115,-49,38,9208,-9024,9756,-134,112,-73,-14680,3484,3700,-960,72,-70,-14664,-4332,5104,-257,144,-189,0
27.1150119304657,9796,6440,10532,-134,-36,54,8812,-9124,9652,-42,143,-177,-14696,3404,3736,-1033,35,-72,-14448,-4220,4924,-481,144,-151,0
27.14862608909607,9904,6528,10732,-117,-34,57,9072,-9128,9552,-69,211,-165,-14676,3384,3732,-1018,44,-101,-14828,-4192,4900,-257,156,-123,0
27.182003021240234,9720,6384,10684,-103,-33,62,8848,-9152,9548,-70,163,-162,-14736,3368,3784,-965,79,-42,-14588,-4168,4904,-483,189,-127,0
27.215610980987545,9768,6452,10408,-136,-77,63,8888,-9072,9528,-70,111,-194,-14724,3408,3680,-1016,95,-67,-14740,-4140,4972,-498,196,-117,0
27.249160051345825,9788,6412,10652,-113,-83,59,8912,-9008,9636,-46,175,-169,-14684,3452,3864,-976,83,-84,-14636,-4116,4956,-485,207,-96,0
27.282644987106323,9752,6592,10536,-176,-96,90,8872,-9068,9580,-30,130,-197,-14560,3392,3816,-1033,128,-91,-14800,-4232,4832,-483,181,-55,0
27.316174030303955,9880,6516,10868,-226,-145,98,8952,-9176,9676,253,114,-163,-14764,3484,3636,-1036,178,-157,-14792,-4268,4892,-503,208,-43,0
27.34959292411804,9808,6520,10564,-207,-141,148,9020,-9200,9576,21,146,-193,-14856,3424,3880,-781,185,-155,-14696,-4200,4880,-510,162,-89,0
27.383137941360474,9820,6480,10940,-181,-171,142,9212,-8992,9560,30,111,-191,-14712,3508,3800,-972,144,-93,-14700,-4252,4696,-763,160,-76,0
27.416747093200684,9800,6488,10600,-203,-196,128,8868,-9152,9660,8,144,-198,-14704,3416,3736,-973,169,-102,-14672,-4136,4712,-477,168,-74,0
27.4499671459198,9784,6500,10496,-222,-172,127,9056,-9104,9560,8,152,-189,-14640,3460,3840,-943,152,-103,-14748,-4348,4952,-496,177,-69,0
27.483502149581906,9836,6440,10604,-203,-195,130,8744,-9216,9600,65,123,-179,-14776,3396,3676,-987,187,-168,-14784,-4096,4876,-521,225,-68,0
27.516937971115116,9944,6564,10556,-240,-181,111,8732,-9140,9724,67,137,-212,-14752,3400,3608,-1016,169,-191,-14656,-4156,4896,-502,251,-44,0
27.55035901069641,9816,6548,10572,-185,-197,152,9100,-9028,9528,31,125,-223,-14612,3536,3696,-1007,170,-157,-14656,-4204,4896,-505,256,-30,0
27.583842039108276,9888,6404,10716,-188,-1,131,8704,-9104,9660,61,109,-229,-14732,3400,3828,-990,178,-148,-14744,-4188,4812,-485,271,-58,0
27.61729097366333,9832,6336,10516,-203,-214,132,8924,-8972,9572,46,108,-219,-14760,3580,3764,-994,162,-153,-14784,-4232,4880,-485,223,-72,0
27.650888919830322,9828,6444,10556,-186,-167,119,9000,-9064,9500,53,162,-187,-14776,3364,3688,-981,116,-77,-14816,-3936,4932,-481,133,-107,0
27.68402409553528,9800,6500,10628,-212,-167,113,8828,-9124,9588,51,196,-164,-14600,3268,3740,-953,163,-167,-14740,-4156,5068,-502,142,-89,0
27.720673084259033,9784,6496,10744,-200,-199,118,9140,-9048,9556,73,113,-177,-14724,3568,3680,-991,178,-121,-14592,-4128,5084,-518,194,-59,0
27.756133079528812,9792,6456,10552,-154,-207,146,9180,-9072,9620,47,106,-222,-14716,3280,3792,-937,165,-142,-14740,-4172,4996,-512,206,-55,0
27.791806936264038,9824,6356,10724,-229,-295,152,9096,-9036,9540,59,113,-244,-14704,3392,3604,-1006,181,-183,-14732,-4128,4880,-489,276,-38,0
27.82806396484375,9740,6148,10640,-165,-219,164,8832,-9044,9508,46,71,-237,-14752,3352,3836,-999,170,-161,-14760,-4176,4900,-518,220,-47,0
27.862964153289795,9900,6368,10776,-176,-237,147,8900,-9104,9652,51,107,-230,-14776,3436,3640,-1014,169,-140,-14636,-4108,4900,-482,238,-88,0
27.89885091781616,9952,6392,10708,-216,-157,121,8900,-9048,9708,72,144,-226,-14724,3544,3728,-973,181,-150,-14668,-4008,4968,-536,212,-95,0
27.934312105178833,9956,6404,10564,-155,-184,147,9004,-8984,9580,11,121,-209,-14816,3396,3732,-933,188,-112,-14780,-4220,4844,-573,163,-54,0
27.969686985015866,9900,6444,10580,-174,-188,125,9172,-8976,9956,-7,91,-206,-14828,3408,3636,-931,180,-124,-14628,-4020,4892,-565,165,-68,0
28.005429029464718,9936,6576,10644,-159,-204,91,9124,-8964,9564,-51,116,-231,-14780,3388,3780,-935,170,-114,-14788,-4216,4840,-599,183,-102,0
28.04096508026123,9952,6488,10508,-116,-100,84,9004,-8908,9528,-64,100,-182,-14716,3368,3644,-870,107,-66,-14768,-4128,4864,-642,130,-164,0
28.077513933181763,9860,6352,10540,-117,-40,23,9112,-8984,9560,-66,122,-145,-14868,3320,3720,-966,93,-64,-14728,-4116,4840,-645,118,-159,0
28.113047122955322,10216,6340,10548,-121,-43,26,8996,-9004,9608,-46,145,-148,-14724,3272,3696,-1028,86,-93,-14816,-4352,5044,-613,124,-174,0
28.14877414703369,10180,6424,10452,-144,-36,56,9136,-8976,9552,-54,149,-161,-14660,3096,3772,-978,64,-48,-14748,-4124,4852,-582,152,-143,0
28.183874130249027,9912,6460,10556,-155,-34,78,9000,-9168,9724,-53,155,-178,-14788,3392,3716,-946,117,-99,-14708,-4124,4888,-608,165,-130,0
28.21965193748474,9856,6176,10616,-166,-39,70,8740,-9044,9636,-57,132,-183,-14684,3352,3656,-968,103,-108,-14800,-4136,4952,-612,139,-132,0
28.25479793548584,9904,6408,10696,-117,-74,100,8992,-9044,9488,-52,147,-155,-14776,3472,3692,-1001,80,-81,-14740,-4112,4724,-601,120,-148,0
28.290805101394653,9920,6176,10276,-131,-49,43,8952,-9108,9516,-38,120,-142,-14676,3496,3684,-1084,87,-66,-14600,-4244,4920,-547,145,-151,0
28.326133966445923,9748,6416,10568,-114,-14,60,8872,-9052,9620,-18,131,-171,-14696,3540,3748,-771,122,-110,-14768,-4156,4804,-513,162,-144,0
28.363343954086307,9876,6412,10720,-109,-141,34,8936,-9036,9652,-6,152,-188,-14848,3272,3500,-951,114,-118,-14700,-4084,4820,-526,226,-134,0
28.39690613746643,9888,6604,10592,-149,-157,60,8776,-9000,9504,-107,87,-145,-14692,3344,3744,-919,93,-127,-14616,-4116,4876,-518,190,-98,0
28.430333137512207,9960,6476,10368,-122,-105,76,8856,-9056,9728,-56,100,-192,-14884,3344,3792,-1006,75,-92,-14776,-4188,4776,-509,145,-152,0
28.46404504776001,9848,6460,10528,-144,-110,85,9016,-9076,9644,-50,134,-193,-14732,3324,3716,-969,82,-90,-14624,-3984,4924,-507,107,-140,0
28.497697114944458,9852,6432,10284,-138,-103,54,8888,-9052,9580,-36,129,-169,-14736,3092,3764,-1006,57,-84,-14712,-4152,4636,-517,140,-93,0
28.530957937240597,9856,6380,10568,-108,-104,66,9032,-9036,9652,-34,147,-153,-14752,3292,3636,-1035,100,-89,-14632,-4116,4844,-498,166,-109,0
28.5644109249115,9816,6248,10684,-132,-115,99,8720,-9024,9568,11,109,-192,-14632,3252,3768,-1049,112,-131,-14768,-4276,5068,-486,236,-118,0
28.60079598426819,9804,6524,10580,-126,-139,117,8752,-9024,9712,-46,106,-219,-14676,3552,3696,-993,137,-84,-14712,-4208,4892,-456,200,-106,0
28.636584043502808,9940,6416,10256,-131,-136,86,8976,-9120,9668,-16,125,-208,-14784,3568,3888,-967,101,-70,-14624,-4136,4996,-460,187,-81,0
28.670051097869873,9760,6432,10748,-188,-65,39,8980,-9216,9496,19,178,-181,-14920,3420,4084,-975,29,-124,-15028,-4224,5116,-470,180,-126,0
28.703506946563717,9912,6388,10632,-133,-75,66,8872,-9200,9648,22,170,-155,-14688,3364,3780,-1051,47,-131,-14716,-4212,5012,-486,163,-117,0
28.737262964248657,9776,6456,10552,-133,-118,92,8964,-9088,9656,-22,113,-171,-14680,3368,3668,-1016,87,-121,-14620,-4192,5008,-476,179,-73,0
28.7709379196167,9780,6348,10724,-143,-151,88,9160,-9108,9664,-49,126,-232,-14776,3224,3700,-946,96,-167,-14740,-4312,5044,-468,201,-114,0
28.804409980773926,9852,6460,10312,-163,-122,65,9060,-9056,9592,-34,164,-221,-14856,3412,3768,-935,63,-110,-14764,-4104,4668,-473,169,-121,0
28.83796501159668,9892,6548,10524,-140,-96,57,9052,-9072,9592,14,162,-178,-14740,3392,3648,-1010,74,-74,-14696,-4172,5084,-508,152,-109,0
28.871451139450073,9832,6384,10696,-156,-106,71,8952,-9036,9608,31,148,-174,-14684,3380,3920,-996,27,-88,-14688,-4248,4916,-489,189,-53,0
28.904953956604004,9876,6404,10628,-164,-106,108,8992,-9016,9568,-52,129,-178,-14684,3352,3788,-1053,87,-53,-14752,-4176,4868,-493,172,-93,0
28.938492059707638,9852,6268,10716,-160,-96,128,8960,-8932,9620,-32,117,-164,-14772,3400,3648,-1080,101,-71,-14740,-4220,4980,-526,148,-45,0
28.972015142440796,9864,6448,10960,-189,-118,172,8948,-9000,9492,-37,113,-123,-14696,3308,3800,-1035,155,-49,-14808,-4240,4664,-487,106,-25,0
29.005558967590332,9796,6468,10604,-204,-84,177,9164,-9016,9580,-64,75,-157,-14736,3232,3764,-1108,143,-78,-14660,-4196,4684,-488,144,-35,0
29.039418935775757,9940,6576,10392,-153,-79,196,9212,-8992,9640,-66,100,-138,-14828,3364,3740,-1031,212,-42,-14724,-4132,4876,-537,81,-48,0
29.072922945022587,9780,6648,10660,-190,-77,153,8908,-9124,9688,26,71,-109,-14788,3136,3664,-1040,110,-50,-14708,-4104,4936,-493,147,-81,0
29.106693983078003,9896,6404,10620,-182,-79,99,9032,-9040,9624,30,143,-154,-14836,3336,3608,-1011,82,-54,-14668,-4256,4940,-521,143,-107,0
29.140041112899784,10132,6648,10744,-136,-71,36,8968,-9052,9548,20,171,-167,-14912,3440,3832,-1038,89,-85,-14840,-4176,4956,-495,146,-170,0
29.17346501350403,9936,6428,10652,-182,-86,-41,9024,-9076,9516,58,195,-227,-14708,3540,3672,-1014,76,-135,-14636,-4020,4816,-463,213,-144,0
29.207196950912476,9880,6344,10684,-153,-27,24,9180,-9068,9264,13,174,-207,-14632,3472,3668,-959,15,-141,-14684,-4008,5016,-473,181,-162,0
29.240463972091675,9708,6320,10720,-164,-91,40,8952,-9164,9560,-255,165,-184,-14756,3500,3648,-973,91,-115,-14660,-4168,5012,-504,147,-159,0
29.273911952972412,9904,6568,10660,-169,-115,38,8808,-9076,9584,-11,160,-196,-14768,3328,3680,-957,83,-95,-14692,-4084,4900,-768,120,-154,0
29.307589054107666,9852,6408,10612,-159,-50,61,8976,-9076,9628,-19,165,-164,-14768,3352,3704,-960,71,-88,-14820,-4200,4840,-523,133,-173,0
29.341073989868164,9940,6512,10496,-116,-76,62,8856,-9008,9644,-13,168,-142,-14700,3320,3768,-970,68,-111,-14652,-4304,4852,-561,135,-155,0
29.37431812286377,9748,6396,10572,-141,-89,59,9004,-8952,9608,-7,127,-183,-14888,3344,3648,-1037,75,-117,-14656,-4264,4744,-545,179,-117,0
29.411314010620117,9920,6516,10672,-103,-137,74,8976,-9200,9484,-247,139,-172,-14740,3132,3928,-999,96,-93,-14796,-4320,4856,-512,154,-135,0
29.446228981018066,9780,6448,10732,-122,-104,82,8900,-8728,9728,-27,129,-169,-14760,3220,3760,-965,102,-55,-14668,-3872,4892,-508,152,-121,0
29.482300996780396,9804,6512,10612,-136,-142,62,9028,-9136,9680,-45,71,-163,-14656,3376,3852,-1091,117,-75,-14840,-4312,4928,-509,164,-121,0
29.51800513267517,9840,6612,10536,-162,-137,88,8868,-9008,9568,-27,115,-151,-14748,3360,3824,-1039,136,-35,-14812,-4252,4964,-522,190,-99,0
29.553406953811646,9724,6436,10548,-167,-121,109,8928,-9108,9572,-80,128,-181,-14776,3360,3696,-939,114,-35,-14668,-4296,4720,-541,199,-131,0
29.588835954666138,9840,6384,10460,-146,-102,109,8860,-9028,9632,-77,141,-176,-14736,3412,3608,-978,86,-97,-14592,-3976,4948,-540,219,-139,0
29.623773097991947,9932,6412,10492,-116,-75,84,8900,-9100,9568,-4,146,-176,-14696,3392,3592,-934,17,-42,-14828,-4112,4872,-543,236,-173,0
29.660025119781494,9792,6404,10504,-150,-9,58,9104,-9112,9644,13,159,-158,-14764,3352,3856,-919,-255,-93,-14768,-4120,4948,-530,237,-164,0
29.695122957229614,9916,6356,10580,-138,-61,54,9064,-9036,9548,-23,173,-171,-14656,3432,3788,-928,24,-110,-14744,-4132,4796,-257,228,-134,0
29.730783939361572,9920,6376,10584,-66,-118,32,8836,-9032,9620,-34,182,-168,-14636,3420,3744,-915,15,-100,-14832,-4328,4884,-476,197,-150,0
29.766207933425907,9864,6404,10696,-64,-86,34,9044,-9020,9572,-86,194,-164,-14712,3464,3728,-837,-37,-131,-14768,-4320,4828,-485,182,-204,0
29.801922082900997,9920,6520,10572,-112,-37,255,8980,-9020,9748,-39,213,-164,-14692,3408,3644,-927,-255,-50,-14724,-4208,4892,-766,145,-189,0
29.837599992752075,9920,6544,10916,-152,-26,-18,8852,-9084,9584,-45,215,-152,-14704,3360,3860,-952,-17,-66,-14616,-4260,4860,-478,142,-154,0
29.87273097038269,9740,6492,10528,-102,-43,13,8820,-9020,9524,-101,222,-178,-14684,3264,3816,-964,22,-78,-14896,-4324,4840,-463,131,-127,0
29.908631086349487,9876,6456,10452,-115,-89,40,8960,-9092,9660,-53,196,-143,-14716,3392,3824,-773,50,-69,-14748,-4388,4828,-493,145,-136,0
29.943373918533325,9796,6540,10596,-144,-50,70,8808,-9096,9600,-17,185,-151,-14676,3288,3932,-988,51,-63,-14696,-4296,5032,-517,166,-93,0
29.979263067245483,9764,6528,10640,-119,-72,93,8852,-9032,9588,-51,168,-162,-14668,3356,3860,-967,24,-44,-14664,-4172,4944,-512,180,-69,0
30.01450204849243,9820,6444,10664,-135,-137,112,9148,-9132,9552,-11,136,-172,-14712,3444,3752,-992,92,-121,-14700,-4164,4984,-500,171,-36,0
30.051643133163452,9872,6436,10740,-134,-106,115,9024,-9084,9692,-14,126,-154,-14664,3552,3672,-1280,95,-89,-14828,-4256,4956,-510,156,-70,0
30.09021306037903,9808,6516,10612,-207,-94,100,8768,-9132,9544,51,167,-180,-14716,3384,3840,-969,82,-72,-14772,-4112,4904,-490,167,-58,0
30.12425112724304,9868,6512,10592,-218,-125,122,8920,-9108,9700,9,197,-163,-14736,3352,3812,-924,169,-90,-14740,-4096,5000,-469,158,-50,0
30.157769918441772,9792,6340,10796,-208,-187,139,8752,-9112,9612,-15,155,-163,-14724,3416,3876,-911,170,-92,-14792,-4220,4864,-476,185,-55,0
30.191157102584835,9744,6584,10552,-170,-182,111,8840,-9156,9544,-5,161,-202,-14736,3444,3752,-949,154,-143,-14724,-4332,5112,-528,224,-47,0
30.224266052246094,9640,6336,10676,-167,-218,143,8880,-9068,9568,20,186,-238,-14660,3360,3808,-990,151,-189,-14712,-4124,4912,-538,271,-24,0
30.257803916931156,9916,6384,10552,-108,-207,131,8900,-9044,9516,18,133,-249,-14692,3344,3768,-995,205,-167,-14616,-4104,4908,-532,294,-50,0
30.29144811630249,9856,6428,10672,-163,-507,118,9024,-9080,9588,36,136,-229,-14684,3448,3704,-997,196,-161,-14724,-4312,4980,-512,239,-40,0
30.324792146682743,9844,6460,10668,-160,-239,119,8856,-9052,9564,43,175,-233,-14796,3392,3856,-997,145,-154,-14800,-4300,4796,-543,235,-65,0
30.358319997787476,9900,6508,10512,-172,-213,114,8808,-9040,9960,21,154,-208,-14700,3304,3852,-1019,168,-141,-14784,-4164,4804,-513,203,-49,0
30.39181113243103,9748,6460,10508,-169,-222,120,8920,-9012,9644,-1,203,-229,-14732,3408,3676,-918,185,-166,-14752,-4304,4852,-499,230,-65,0
30.424822092056274,9784,6448,10568,-170,-265,135,8880,-9064,9600,-8,174,-232,-14804,3408,3852,-975,169,-201,-14800,-4284,4900,-500,209,-55,0
30.458334922790527,9876,6556,10512,-157,-1,128,9148,-9076,9608,24,227,-217,-14704,3380,3928,-930,103,-155,-14784,-4120,4840,-515,201,-58,0
30.491851091384888,9816,6508,10604,-140,-248,132,8832,-8968,9680,33,178,-222,-14744,3384,3716,-990,150,-100,-14704,-4180,4812,-506,196,-41,0
30.52530813217163,9832,6432,10488,-171,-176,143,8936,-9004,9736,40,111,-209,-14744,3344,3832,-1023,189,-121,-14736,-4272,4856,-477,234,-55,0
30.558795928955078,9840,6408,10464,-172,-201,134,9024,-8976,9824,11,115,-238,-14848,3352,4064,-968,153,-139,-14780,-4184,4772,-519,193,-61,0
30.592313051223755,9876,6460,10708,-138,-235,151,8812,-9048,9456,25,101,-199,-14764,3268,3820,-975,145,-140,-14716,-3876,4920,-498,207,-40,0
30.6254780292511,9920,6436,10452,-161,-216,139,8952,-9216,9916,4,128,-221,-14788,3368,3812,-1003,137,-140,-14784,-4344,4800,-516,215,-29,0
30.65936493873596,9872,6468,10416,-173,-203,151,8804,-8944,9620,-25,117,-194,-14692,3352,4056,-993,177,-61,-14828,-4160,5020,-766,148,-32,0
30.692439079284668,9972,6388,10664,-152,-172,124,8748,-9052,9544,-52,115,-175,-14708,3404,3764,-979,123,-91,-14764,-4100,4932,-504,153,-111,0
30.725748062133786,9980,6300,10540,-144,-115,78,8868,-8992,9592,-42,103,-185,-14788,3316,3804,-962,62,-77,-14656,-4152,4852,-508,168,-170,0
30.759308099746708,9860,6384,10540,-88,-105,48,8960,-9016,9668,-89,156,-185,-14744,3544,3592,-928,28,-72,-14844,-4228,4804,-505,149,-146,0
30.792827129364014,9760,6416,10572,-70,-112,34,8948,-9080,9540,-52,183,-190,-14700,3384,3660,-936,41,-103,-14760,-4340,4820,-441,199,-185,0
30.825995922088627,9924,6196,10240,-166,-38,19,8960,-8764,9556,-41,217,-223,-14652,3384,3716,-1074,3,-112,-14752,-3852,4892,-498,141,-180,0
30.859730958938595,10068,6400,10592,-118,-37,35,9096,-8952,9636,-57,172,-112,-14704,3380,3748,-996,-21,-24,-15024,-4160,4692,-488,102,-185,0
30.893443107604984,9860,6500,10500,-122,-25,25,9000,-9056,9680,-61,210,-131,-14700,3448,3724,-1025,27,-18,-14772,-4352,4936,-519,109,-171,0
30.926645994186398,9848,6468,10496,-145,-82,41,8816,-9008,9688,-60,180,-131,-14656,3368,3956,-1046,120,-53,-14760,-4280,4884,-529,129,-153,0
30.960116147994995,9868,6468,10308,-116,-57,26,9156,-9132,9668,-68,168,-134,-14724,3320,3716,-1047,97,-54,-14592,-4132,4676,-261,102,-156,0
30.993741035461426,9920,6368,10696,-119,-71,38,8936,-9020,9496,-46,189,-112,-14684,3376,3828,-1033,85,-77,-14612,-4336,4960,-495,106,-171,0
31.027524948120117,9480,6464,10272,-89,-25,12,8952,-8912,9512,-80,209,-145,-14820,3368,3672,-994,83,-46,-14640,-4240,4904,-492,65,-143,0
31.060845136642456,9872,6432,10448,-82,-92,35,8964,-9092,9604,-86,203,-163,-14692,3384,3828,-1008,73,-77,-14660,-4236,4864,-489,126,-153,0
31.098066091537476,9904,6452,10632,-133,-95,61,8892,-9128,9684,-62,172,-178,-14676,3436,3812,-986,83,-64,-14844,-4120,4840,-469,175,-147,0
31.133830070495605,9852,6532,10292,-106,-137,78,8808,-9000,9596,-65,121,-171,-14656,3372,3812,-984,70,-116,-14696,-3884,4768,-462,141,-127,0
31.168748140335083,9832,6576,10508,-82,-176,92,8868,-8980,9592,-129,200,-211,-14800,3268,3832,-980,65,-92,-14632,-4256,4912,-451,125,-110,0
31.205029010772705,9824,6440,10540,-255,-105,72,9100,-9020,9580,-71,295,-185,-14744,3368,3996,-962,-28,-113,-14732,-4148,4932,-319,285,-154,0
31.241140127182007,9980,6464,10556,-236,-101,8,8872,-9024,9656,-59,278,-136,-14632,3496,3688,-989,51,-72,-14660,-4332,4784,-338,319,-131,0
31.276164054870605,9860,6372,10540,-244,-98,58,8944,-9100,9584,-248,215,-151,-14716,3392,3988,-978,77,-151,-14632,-4200,4812,-333,483,-183,0
31.311826944351196,9852,6404,10444,-311,-137,72,9120,-8936,9660,11,235,-186,-14652,3448,3852,-920,30,-110,-14728,-4288,4860,-293,600,-114,0
31.347728967666626,9796,6628,10748,-334,-183,117,9060,-9008,9584,3,315,-192,-14640,3380,3976,-840,-28,-125,-14792,-4268,4880,-306,433,-169,0
31.38281798362732,9816,6400,10564,-305,-261,108,8908,-9020,9760,-45,518,-199,-14724,3364,4036,-539,-73,-137,-14768,-4244,4820,-400,353,-156,0
31.4187490940094,9864,6468,10616,-227,-305,92,8752,-9140,9624,18,683,-144,-14808,3468,3784,-857,-30,-129,-14760,-4172,4956,-326,177,-144,0
31.45374011993408,9868,6488,10556,-193,-248,90,8784,-8988,9784,-14,414,-156,-14632,3540,3672,-947,-67,-109,-14596,-4064,5040,-409,0,-146,0
31.48938298225403,10048,6304,10292,-119,-204,55,8876,-9172,9864,-23,309,-175,-14680,3420,3672,-839,-127,-90,-14576,-3928,4800,-439,38,-151,0
31.524495124816895,9908,6452,10904,-188,-159,84,8948,-9016,9872,46,701,-89,-14612,3444,3908,-749,-158,-123,-14700,-4188,4624,-432,180,-192,0
31.560186147689823,9904,6520,10520,-225,-206,61,8564,-9416,9756,-39,515,-214,-14676,3468,3940,-725,-248,-90,-14796,-4236,4852,-422,200,-174,0
31.59545612335205,10124,6352,10636,-244,-163,22,8896,-9456,9784,-169,373,-115,-14684,3288,3840,-588,-268,-138,-14528,-3992,4884,-409,225,-178,0
31.63094401359558,9900,6424,10436,-172,-117,52,8612,-9088,9760,-140,338,-143,-14668,3532,3872,-670,-280,-204,-14840,-4252,4948,-387,5,-149,0
31.66610312461853,9868,6316,10652,-224,-173,82,8696,-9024,9864,-177,-240,-117,-14608,3448,3900,-737,-163,-149,-14696,-4328,4900,-416,182,-142,0
31.701622962951664,9796,6432,10660,-208,-156,59,8728,-9148,9968,-109,511,-128,-14600,3464,3992,-919,6,-106,-14552,-4224,4832,-491,198,-60,0
31.738052129745483,9836,6408,10776,-249,-237,114,8568,-9128,9860,-57,473,-165,-14524,3456,4020,-956,82,-136,-14736,-4260,4892,-502,246,-246,0
31.771723985671997,9836,6412,10644,-270,-221,167,8668,-9144,9768,10,500,-179,-14588,3444,4348,-953,181,-113,-14716,-4100,4968,-526,188,-10,0
31.805280923843387,9816,6396,10636,-191,-186,193,8656,-9116,9864,-54,-88,-494,-14636,3460,4092,-920,164,-126,-14768,-4104,4944,-534,203,-23,0
31.838688135147095,9760,6372,10648,-199,-188,172,8680,-9064,9756,77,146,-321,-14620,3380,3984,-922,152,-190,-14796,-4224,4748,-503,175,-45,0
31.871776103973385,10148,6324,10500,-235,-136,155,8736,-9144,9700,74,65,-247,-14656,3320,4008,-930,169,-127,-14764,-3980,4684,-460,235,-45,0
31.90499401092529,9956,6332,10720,-217,-175,138,8780,-9148,9856,30,237,-199,-14584,3372,4016,-989,157,-176,-14656,-3924,4936,-502,307,-48,0
31.938036918640137,9908,6320,10572,-195,-242,147,8716,-8996,9740,-17,87,-227,-14624,3444,3948,-1000,203,-195,-14844,-4216,4940,-488,297,-247,0
31.971691131591797,10228,6144,10404,-224,-264,156,8708,-8720,9488,-251,189,-260,-14624,3464,3840,-947,165,-173,-14992,-4176,5000,-458,238,-255,0
32.005290031433105,9744,6380,10256,-263,-3,153,8684,-9140,9728,16,134,-278,-14556,3368,3908,-993,152,-105,-14688,-4252,5072,-408,186,-24,0
32.03886008262635,10212,6436,10508,-244,-137,171,8688,-9020,9908,3,39,-180,-14568,3472,3868,-921,199,-72,-14600,-4196,4644,-427,99,-3,0
32.072291135787964,10232,6440,10688,-250,-138,214,8740,-8932,9932,-67,11,-115,-14528,3280,4032,-893,215,-14,-14688,-4156,4764,-429,93,0,0
32.105709075927734,9940,6372,10412,-274,-148,205,8748,-8920,9776,-124,23,-148,-14360,3356,4272,-908,232,-33,-14756,-4104,4840,-412,119,5,0
32.139277935028076,10000,6296,10772,-216,-203,194,8800,-9008,9500,-88,30,-211,-14808,3404,3912,-960,511,-100,-14520,-3944,4652,-453,215,63,0
32.17271304130554,9964,6232,10484,-176,-297,210,8632,-9116,9704,-5,21,-252,-14684,3480,4036,-1025,219,-126,-14720,-4124,4704,-261,190,33,0
32.206218004226685,10028,6280,10656,-243,-257,176,8800,-9096,9696,-20,92,-236,-14656,3388,3852,-956,190,-140,-14796,-4040,4788,-485,216,-9,0
32.2397301197052,10000,6232,10500,-204,-185,110,8832,-9040,9820,-37,138,-230,-14764,3416,3760,-947,151,-138,-14792,-4100,4860,-445,196,-27,0
32.2733371257782,10084,6128,10628,-204,-222,86,8760,-9100,9712,-10,134,-234,-14620,3512,3848,-981,160,-131,-14716,-4072,4956,-480,212,-77,0
32.30699896812439,9736,6256,10732,-141,-143,71,8780,-9132,9576,30,100,-212,-14636,3488,3680,-982,146,-135,-14656,-4076,4928,-500,197,-108,0
32.34052300453186,9884,6276,10644,-84,-186,80,8660,-9076,9660,-63,149,-239,-14704,3416,3892,-922,151,-146,-14668,-4144,4924,-522,192,-70,0
32.3739550113678,9952,6248,10676,-106,-195,43,8492,-9188,9664,-159,136,-250,-14808,3516,4072,-904,172,-144,-14784,-4072,4852,-483,214,-75,0
32.40766096115112,10216,6284,10620,-103,-164,55,8796,-9084,9524,-181,107,-228,-14648,3556,3880,-957,157,-133,-14768,-3956,4796,-486,134,-95,0
32.440773010253906,10204,6300,10604,-106,-66,22,8880,-9036,9816,-195,175,-124,-14824,3076,3888,-897,62,-39,-14784,-4092,4988,-462,11,-116,0
32.47421407699585,10096,6148,10324,-200,-12,28,8924,-8904,9912,-1,226,-113,-14808,3236,3860,-900,130,-8,-14768,-4120,4616,-387,55,-76,0
32.5080509185791,9964,6440,10492,-260,-47,39,8748,-8920,9856,-351,194,-159,-14720,3124,3848,-787,174,-14,-14628,-4004,4668,-343,124,-3,0
32.54161810874939,10148,6288,10256,-254,-86,63,8784,-9112,9884,-386,97,-166,-14640,3224,3936,-865,191,7,-14856,-4100,4856,-394,106,-44,0
32.57509899139404,10096,6244,10388,-205,-62,62,8756,-9128,9700,-265,111,-97,-14540,3556,3876,-968,196,-26,-14700,-4128,4924,-520,181,-255,0
32.608673095703125,9904,6336,10540,-5,-38,109,8652,-9344,9816,-162,-98,-133,-14648,3648,4028,-1031,313,-144,-14804,-3892,4980,-697,220,250,0
32.641963958740234,10004,6212,10624,194,-53,179,8920,-9248,9228,-213,-154,-115,-14580,3336,4092,-1029,280,-124,-14740,-3988,5344,-696,78,-24,0
32.67544507980347,9900,6304,10572,83,34,212,8692,-9056,9492,-301,-130,-35,-14632,3436,3852,-992,337,-23,-14568,-4040,5196,-626,48,27,0
32.70896601676941,9836,6320,10476,-75,-8,281,8520,-9024,9568,-298,-37,-14,-14460,3508,3884,-946,422,51,-14764,-4172,4992,-541,78,123,0
32.742090940475464,9760,6308,10532,-168,45,388,8696,-9248,9864,-332,-211,51,-14452,3368,4012,-1013,542,81,-14612,-4112,5012,-601,27,281,0
32.77960801124573,9904,6360,10640,-106,67,502,8544,-9396,9936,-360,-355,49,-14676,3372,3748,-1011,668,125,-14768,-3884,5004,-611,55,340,0
32.81493091583252,10132,6304,10560,-154,40,544,8932,-9228,9572,-399,-227,250,-14440,3552,3308,-965,602,107,-14760,-3832,4848,-620,76,330,0
32.850199937820435,10148,6156,10468,-97,-59,765,8976,-9256,9396,-421,-292,24,-14612,3508,3752,-1001,541,56,-14612,-3788,4844,-602,186,253,0
32.88568115234375,10120,6128,10596,-116,-123,451,8860,-9392,9312,-313,-135,-42,-14700,3800,3708,-1177,467,255,-14632,-3628,4944,-601,200,262,0
32.92118191719055,10128,6112,10504,-94,-133,479,8944,-9380,9444,-271,-220,-40,-14672,3640,3524,-1121,497,-247,-14816,-3624,4676,-648,238,310,0
32.956002950668335,10016,6076,10600,26,-197,485,8824,-9408,9476,-338,-276,-44,-14664,3584,3576,-1107,504,-49,-14936,-3880,5052,-693,266,277,0
32.99181509017944,9992,5924,10456,48,-91,544,9036,-9380,9492,-412,-344,51,-15088,3376,3692,-1023,470,69,-14932,-3668,4688,-738,83,225,0
33.02840209007263,10304,6204,10252,-42,33,602,9016,-9288,9344,-407,-283,166,-14832,3756,3620,-1010,403,182,-14844,-3780,5064,-778,-126,216,0
33.06339406967163,10168,6252,10500,-62,147,590,8508,-9036,9656,-330,-206,242,-14564,3668,3792,-1080,399,200,-14672,-3936,5088,-756,-150,254,0
33.098809003829956,10040,6180,10264,-50,151,601,8692,-9572,9380,-320,-133,7,-14772,3628,3776,-1272,479,191,-14924,-3840,4632,-730,-18,294,0
33.134113073349,10224,5896,10780,-99,116,497,8932,-9684,9220,-196,-199,135,-14708,3612,3332,-1189,434,82,-14916,-3716,5020,-1022,94,214,0
33.17003798484803,9760,6008,10596,-37,75,420,8880,-9584,9276,-245,-95,160,-14688,4012,3552,-1239,320,4,-14780,-3620,4624,-780,172,199,0
33.20505404472351,10076,6084,10668,-27,160,493,8764,-9580,9124,-281,-146,167,-14376,3728,3504,-1177,447,16,-15068,-3784,4988,-515,199,268,0
33.241142988204956,9836,5928,10728,-86,135,685,8792,-9560,9336,-306,-356,165,-14808,3368,3348,-1083,588,-44,-14956,-3856,4848,-638,199,366,0
33.27741503715515,10084,6324,10552,-150,50,865,8840,-9544,9348,-393,-765,142,-14676,3372,3396,-1026,852,18,-14880,-3768,4884,-679,111,500,0
33.31249403953552,10080,6344,10636,-174,51,953,8940,-9464,9408,-544,-570,207,-14724,3560,3396,-1050,805,21,-14924,-3588,4896,-683,-32,529,0
33.347635984420776,10328,5940,10300,-323,132,989,9176,-9548,9132,-557,-608,329,-14856,3560,3424,-1091,788,369,-14872,-3632,4652,-668,-175,581,0
33.38271403312683,10292,6064,10608,-349,214,933,9312,-9612,9184,-463,-367,387,-14880,3560,3496,-1182,671,420,-14940,-3504,4672,-648,-209,557,0
33.418214082717896,10184,6052,10688,-458,264,926,8912,-9632,9080,-365,-339,421,-14768,3608,3336,-1247,748,475,-14900,-3388,4808,-612,-139,654,0
33.45172595977783,10136,5892,10616,-480,138,999,8784,-9804,9148,-377,-599,377,-14752,4080,3072,-1157,808,441,-14908,-3320,5068,-724,-76,726,0
33.48499011993408,10184,5732,10780,-341,78,1099,8756,-9748,9168,-402,-704,388,-14724,3904,3276,-1348,1023,438,-14936,-3180,5240,-845,-54,740,0
33.518635988235474,10344,5760,10660,-236,175,1190,9080,-9916,8876,-420,-809,478,-15084,3660,3072,-1397,852,522,-15116,-3304,5088,-856,-254,1012,0
33.55221700668335,10308,5808,10532,-331,335,1187,9152,-9740,8780,-435,-783,531,-14940,3912,3104,-1226,855,615,-14920,-3204,5128,-730,-351,713,0
33.58547902107239,10120,5576,10844,-406,374,1136,9040,-9796,8928,-484,-570,552,-14888,3800,2896,-1192,770,590,-14800,-3240,5040,-635,-264,600,0
33.61923909187317,10176,5480,10892,-445,0,1272,8996,-10172,8448,-498,-492,459,-14940,4024,2880,-1140,647,535,-14876,-3132,4888,-546,-186,760,0
33.65821814537048,10348,5420,10692,-445,215,928,9212,-10088,8584,-489,-481,393,-14928,3956,2988,-1082,663,555,-14968,-3064,5080,-449,-148,517,0
33.6916401386261,10264,5488,10844,-578,154,961,8992,-10056,8920,-428,-354,400,-14840,3940,2996,-1043,734,274,-14612,-3148,5168,-399,-105,617,0
33.725419998168945,10112,5484,10880,-640,102,1032,9188,-10000,8928,-580,-258,319,-14748,3956,3048,-1279,701,486,-14556,-3160,4888,-284,-11,661,0
33.75893807411194,10000,5564,10772,-686,-63,1025,8864,-10056,8724,-564,-552,216,-14716,3952,2960,-955,767,344,-14684,-3004,5048,-220,145,659,0
33.79245615005493,10144,5256,10872,-619,-132,977,9000,-10144,8364,-533,-530,122,-15060,4224,2884,-1048,732,350,-14680,-2916,5324,-248,144,610,0
33.826205015182495,10192,5292,10924,-635,15,812,9388,-10344,8328,-451,-365,168,-15104,4348,2604,-1053,528,309,-14684,-2736,5240,-336,78,257,0
33.85988211631775,10228,5092,11096,-558,-22,701,9164,-10368,8296,-399,-295,103,-14996,4204,2648,-1046,455,260,-14976,-2772,5068,-282,363,456,0
33.89343595504761,10236,4928,10912,-513,68,594,9132,-10420,8292,-282,-248,45,-14620,4260,2668,-1274,487,215,-14836,-2764,5148,-195,339,531,0
33.92678999900818,10000,5060,10792,-603,-169,675,9032,-10448,8284,-352,-347,-132,-14736,4328,2824,-936,567,162,-14836,-2732,5352,-240,297,509,0
33.960222005844116,10236,4912,10968,-502,-172,535,8980,-10544,8200,-291,-267,-191,-15032,4576,2760,-856,347,129,-15024,-2732,5324,-223,223,335,0
33.99349093437195,10224,4844,10876,-548,-31,247,8984,-10660,8264,-209,12,-190,-14956,4272,2756,-853,83,96,-14792,-2796,5232,-106,223,148,0
34.02740406990051,10148,4824,11036,-492,-183,-247,9328,-10644,8232,-11,293,-328,-15036,4400,2724,-737,58,-140,-14800,-2436,5300,-125,379,-20,0
34.06107807159424,10252,4756,11176,-382,-373,-138,9252,-10636,7952,-185,325,-473,-14884,4640,2664,-634,-85,-216,-14956,-2284,5184,-301,372,-164,0
34.094558000564575,10452,4640,10972,-314,-277,-161,9056,-10528,8012,-80,239,-481,-14680,4704,2556,-707,-104,-168,-15084,-2256,5200,-285,245,-62,0
34.12825107574463,10428,4552,10956,-335,-164,-117,9440,-10564,8092,11,166,-421,-14996,4760,2328,-811,-80,-201,-15028,-2212,5284,-288,204,-137,0
34.16181993484497,10388,4600,10824,-240,-221,-47,9332,-10572,8076,39,263,-331,-14868,4560,2404,-806,-145,-182,-14932,-2408,5232,-388,192,-164,0
34.19523501396179,10364,4660,10936,-177,-181,-44,9468,-10452,8216,63,290,-308,-14888,4404,2356,-785,-127,-210,-15212,-2512,5184,-429,135,-184,0
34.22877812385559,10552,4960,10824,-230,-120,-12,9344,-10280,8256,190,312,-261,-14828,4384,2696,-843,-190,-145,-15032,-2652,5148,-500,94,-191,0
34.262328147888184,10272,4932,10940,-273,-143,-21,9108,-10316,8308,256,355,-215,-14840,4168,2740,-857,-205,-187,-14868,-2596,5252,-548,152,-216,0
34.29583406448364,10180,5048,10840,-187,-128,-19,8932,-10300,8388,249,306,-292,-14632,4384,2928,-853,-218,-207,-14940,-2688,5328,-593,217,-208,0
34.329482078552246,10172,5000,10936,-166,-139,-41,8924,-10448,8596,293,211,-288,-14808,4408,2888,-883,-111,-205,-14972,-2780,5136,-649,279,-177,0
34.36309313774109,10108,5044,11052,-144,-93,10,9008,-10188,8428,243,252,-274,-14828,4188,3056,-830,-108,-221,-14820,-2700,5064,-556,243,-202,0
34.39668297767639,10232,5004,11004,-178,-168,-26,9028,-10236,8492,173,238,-332,-14844,4344,2720,-747,-45,-262,-15072,-2792,5368,-554,319,-251,0
34.432372093200684,10320,4976,10944,-170,-231,-23,9084,-10188,8488,107,224,-363,-14840,4316,2828,-728,-9,-334,-14888,-2684,5364,-566,253,-299,0
34.46810603141785,10416,4900,10912,-89,-151,-41,9172,-10132,8208,78,169,-308,-14608,4252,2788,-691,-31,-251,-15020,-2524,5120,-619,227,-303,0
34.50333213806152,10524,4816,10844,-15,-122,-34,9292,-10444,8444,21,284,-269,-14820,4236,2668,-714,-122,-285,-14868,-2548,5008,-670,320,-329,0
34.53920292854309,10304,5024,10996,37,-168,-62,9132,-10028,8356,54,184,-306,-14848,4304,2784,-869,-5,-252,-15116,-2812,4676,-615,328,-306,0
34.574280977249146,10244,4952,10904,12,-77,-82,9276,-10184,8448,55,157,-228,-14876,4264,2676,-811,-25,-221,-15096,-2572,5192,-613,235,-265,0
34.609506130218506,10432,5088,11248,-7,68,-22,9180,-10152,8664,5,202,-119,-14840,4384,2984,-769,-23,-73,-14948,-2704,5068,-650,143,-240,0
34.644652128219604,10308,4988,10952,-54,66,21,9124,-10148,8656,-98,199,-89,-14744,4308,2860,-726,-77,-79,-15008,-2732,5084,-649,173,-158,0
34.68022108078003,10396,5068,10960,-90,57,11,9076,-10184,8412,-100,154,-108,-14944,4320,2660,-694,-50,-30,-15076,-2880,5044,-593,121,-175,0
34.71505808830261,10392,5044,11068,-237,57,-13,8996,-10084,8232,-79,275,-73,-15028,4296,2968,-653,-133,-249,-15040,-2772,5192,-596,89,-200,0
34.75059103965759,10188,4956,10972,-154,-59,-100,9456,-10468,8524,-75,342,-199,-14832,4404,2852,-595,-176,-101,-14900,-2836,5196,-670,127,-352,0
34.7856330871582,10196,5036,11008,-12,-39,-212,8780,-10332,8536,-2,243,-269,-14804,4468,3284,-638,-148,-503,-14920,-2760,5264,-579,148,-365,0
34.820883989334106,10144,5020,11080,62,-66,-248,9132,-10336,8480,8,511,-321,-14788,4428,2852,-673,-120,-233,-14904,-2648,5088,-656,149,-409,0
34.856122970581055,10028,4956,10784,97,-69,-247,9304,-10004,8468,142,225,-329,-14824,4404,2932,-709,-188,-266,-14940,-2896,5216,-653,192,-469,0
34.891762018203735,10124,5228,11248,164,-84,-237,9204,-10292,8700,161,211,-340,-14612,4200,2892,-712,-99,-344,-15012,-3032,4884,-640,205,-435,0
34.92742609977722,10064,5372,10940,180,-98,-235,9284,-10084,8532,137,163,-389,-15088,4332,2864,-751,-98,-284,-15076,-2916,5024,-646,165,-434,0
34.962865114212036,10296,5196,10752,211,-103,-244,9352,-10040,8564,165,168,-348,-14876,4228,2840,-908,-150,-272,-15132,-2988,4992,-623,187,-432,0
34.998345136642456,10208,5168,10764,151,-122,-292,9224,-10048,8456,166,328,-325,-14688,4424,2932,-856,-272,-198,-15056,-2928,5220,-634,110,-441,0
35.033364057540894,10172,4904,10968,138,-60,-273,9076,-10192,8532,189,293,-228,-14564,4488,2688,-1016,-209,-190,-14928,-2812,5220,-667,77,-415,0
35.068212032318115,10064,5072,11216,244,117,-282,9236,-10368,8440,192,247,-509,-14940,4416,2872,-1033,-4,-4,-15020,-2820,5156,-752,139,-526,0
35.10759711265564,10044,5168,10968,348,100,-357,9116,-10124,8216,313,390,-222,-14660,4484,2820,-997,-280,-228,-15052,-2860,5284,-774,61,-506,0
35.141427993774414,10136,5176,11040,310,212,-354,9008,-10192,8500,412,340,-179,-14628,4380,2884,-1084,-509,-245,-14840,-3040,5008,-866,112,-556,0
35.17466998100281,10052,5372,11200,240,157,-283,9088,-10100,8616,410,300,-228,-14744,4272,2996,-1085,-511,-314,-14944,-3324,5292,-722,200,-507,0
35.208152055740356,9916,5660,11012,115,-29,-201,8752,-9952,8616,374,348,-265,-14520,4336,3116,-1059,-124,-512,-14928,-3200,5356,-721,97,-342,0
35.24130296707153,9924,5584,11008,110,-69,-130,8796,-10092,8744,193,157,-311,-14528,4416,3324,-1011,21,-476,-14792,-3120,5064,-799,158,-273,0
35.27480411529541,9948,5476,10816,212,-92,-139,9040,-10140,8896,258,106,-370,-14824,4308,3200,-1065,14,-317,-14924,-3328,4992,-834,194,-350,0
35.308287143707275,10092,5432,10776,290,-30,-231,9116,-9916,8712,445,285,-386,-14600,4224,3564,-1087,-196,-389,-14896,-3260,5028,-835,201,-481,0
35.34161400794983,9992,5428,10888,279,55,-375,9208,-10040,8696,655,409,-377,-14712,4172,3204,-1171,-348,-410,-14688,-3080,5248,-764,243,-570,0
35.37503409385681,9888,5596,10928,319,99,-526,9100,-10048,8664,666,524,-418,-14764,4196,3152,-1169,-454,-479,-14860,-3296,4972,-768,296,-662,0
35.408427000045776,9908,5880,11156,350,21,-598,9212,-9856,8748,667,568,-467,-14828,4184,3056,-1012,-497,-496,-14924,-3252,5360,-769,296,-727,0
35.44194293022156,9968,5760,11104,347,-18,-634,9084,-9900,8792,523,624,-508,-14744,4224,2900,-1143,-452,-561,-14696,-3520,4884,-832,299,-713,0
35.47550892829895,9916,5648,10784,426,-29,-572,9164,-9824,8776,775,487,-486,-14724,4308,3120,-1208,-438,-583,-14844,-3312,5144,-794,361,-704,0
35.50910806655884,9940,5768,10500,401,-79,-557,9144,-9720,8900,734,596,-482,-14612,4152,3268,-1181,-389,-591,-14924,-3240,5216,-749,372,-630,0
35.542431116104126,9908,5904,10960,257,-70,-453,9108,-9700,8704,677,572,-452,-14776,4180,3132,-1160,-348,-260,-14784,-3264,5124,-693,308,-616,0
35.57600402832031,9896,5868,11028,286,-119,-484,9064,-9488,8756,686,642,-463,-14828,4348,3536,-1101,-420,-458,-14792,-3464,5208,-676,195,-648,0
35.60960102081299,9904,5820,11000,236,-72,-497,8868,-9640,8912,656,715,-415,-14704,4064,3584,-1098,-470,-420,-14932,-3588,5168,-677,230,-667,0
35.643211126327515,9768,6096,11056,190,-93,-466,8776,-9620,8968,652,637,-396,-14652,4152,3532,-1154,-461,-441,-14748,-3516,5220,-805,318,-629,0
35.676677942276,9832,6088,11032,250,-111,-316,8796,-9548,9304,629,546,-314,-14676,3816,3512,-1236,-347,-445,-14884,-3652,5084,-848,342,-555,0
35.71020793914795,9900,6036,10960,301,-159,-507,9096,-9640,9408,563,477,-328,-14644,3792,3332,-1322,-268,-260,-14804,-3788,4844,-815,361,-575,0
35.743674993515015,9920,6256,10684,335,-205,-183,8868,-9272,9200,545,465,-322,-14632,3688,3708,-1333,-285,-490,-15084,-3752,4796,-835,277,-560,0
35.777305126190186,9796,6580,10904,286,-197,-143,8792,-9248,9324,474,370,-243,-14508,3668,3644,-1457,-176,-355,-14908,-3796,4864,-748,160,-437,0
35.81090998649597,9896,6460,10732,217,-109,-13,8976,-9132,9472,469,204,-145,-14676,3556,3764,-1502,-40,-240,-14632,-3828,4844,-704,93,-295,0
35.84443211555481,9732,6532,10692,100,-254,51,9024,-9012,9320,363,185,-65,-14756,3468,3344,-1454,-25,-108,-14688,-4084,4748,-605,253,-327,0
35.877721071243286,9792,6472,10624,-255,48,-5,9200,-9052,9368,203,292,-30,-14812,3452,3652,-1446,-63,-98,-14900,-4016,4628,-475,-45,-361,0
35.91123008728027,10096,6348,10768,-49,23,-75,8944,-9164,9256,173,390,11,-14624,3660,3820,-1379,-128,-34,-14836,-3844,5012,-451,-132,-345,0
35.94454598426819,9824,6512,10628,-187,67,-49,9044,-9424,9540,76,301,33,-14648,3776,3812,-1251,-66,64,-14932,-3860,4988,-411,-201,-267,0
35.97811508178711,9948,6152,10900,-190,103,10,8816,-9388,9656,254,256,51,-14384,3832,4076,-1149,-21,128,-14828,-4084,5068,-402,-168,-113,0
36.01162910461426,9512,6592,10916,-239,89,97,8752,-9392,9480,-180,197,59,-14560,3916,3784,-1061,24,178,-14712,-3796,5276,-411,-182,-48,0
36.04481792449951,9644,6328,10848,-212,64,173,8784,-9560,9428,-233,95,68,-14808,3916,4068,-987,96,209,-14820,-3852,5136,-392,-192,-20,0
36.07828092575073,9660,6152,10888,-301,105,208,8896,-9524,9388,-313,114,69,-14624,3968,3676,-888,88,191,-14688,-3744,5176,-389,-198,16,0
36.11445498466492,9908,6204,10764,-235,99,219,8948,-9380,9328,-380,253,87,-14676,3912,3700,-848,153,190,-14968,-3668,5088,-447,-257,13,0
36.15008592605591,9828,6224,10884,-147,110,255,8836,-9728,9376,-298,8,120,-14848,4076,3620,-979,140,197,-14632,-3756,5084,-476,-197,252,0
36.1854031085968,9652,6012,10824,-131,129,276,8836,-9416,9456,-265,-24,65,-14388,3856,3772,-992,189,163,-14696,-3756,5164,-494,-175,10,0
36.22072410583496,9768,6228,10896,-67,137,237,8868,-9476,9288,-292,-2,81,-14612,4028,3632,-946,141,177,-14656,-3684,5100,-425,-161,-10,0
36.25597906112671,9784,6112,10968,-214,114,156,8976,-9412,9188,-230,111,48,-14844,4032,3836,-943,127,147,-14764,-3840,5260,-417,-87,-36,0
36.291593074798584,9616,6100,10808,-210,116,108,8784,-9584,9304,-218,107,7,-14592,4040,4016,-998,78,96,-14804,-3684,5196,-441,-31,-92,0
36.32758712768555,9532,5932,10976,-136,121,128,8760,-9652,9428,-191,91,-15,-14472,4064,3668,-1043,92,93,-14576,-3620,5496,-437,-30,-55,0
36.36290502548218,9568,6208,10960,-150,17,137,8496,-9720,9280,-183,71,-50,-14472,3852,3744,-1039,143,20,-14576,-3688,5404,-417,-1,-52,0
36.3976149559021,9496,6188,10944,-146,-21,136,8876,-9728,9168,-150,49,-86,-14408,4344,3696,-789,177,-6,-14824,-3788,5568,-469,66,-67,0
36.43344306945801,9604,6160,11000,-145,-42,164,8740,-9976,9112,-143,39,-95,-14508,3920,3820,-1057,194,-44,-14720,-3804,5144,-458,74,-46,0
36.46979594230652,9668,6204,10556,-164,-33,191,8928,-9712,9248,-97,70,-114,-14528,3980,3820,-1064,194,-79,-14768,-3664,5320,-441,102,-40,0
36.50474405288696,9652,6012,10968,-241,-104,140,8928,-9696,9188,-254,110,-127,-14388,3860,3808,-1157,205,-78,-14708,-3588,5624,-398,98,-53,0
36.540523052215576,9700,6088,10860,-315,-105,130,8928,-9660,9312,105,175,-162,-14560,4304,3684,-1162,198,-136,-14676,-3756,5196,-410,135,-32,0
36.57591915130615,9620,6140,10960,-298,-230,132,8724,-9816,9432,151,120,-260,-14632,4060,3896,-1238,254,-210,-14636,-3776,5348,-459,305,252,0
36.61128091812134,9596,6388,10980,-178,-327,149,8756,-9684,9292,159,122,-314,-14528,4340,3640,-1265,233,-30,-14760,-3764,5288,-515,310,-48,0
36.646209955215454,9672,6076,10844,-231,-296,130,8772,-9600,9140,112,194,-291,-14588,4068,3636,-1156,224,-215,-14820,-3796,5420,-489,249,-80,0
36.682433128356934,9632,6024,10856,-268,-283,72,8800,-9660,9132,130,235,-265,-14644,4012,3700,-1157,175,-196,-14680,-3412,5520,-447,230,-85,0
36.718008041381836,9672,6376,10816,-325,-240,107,8768,-9624,9272,175,177,-229,-14352,3976,3712,-1166,221,-200,-14632,-3772,5284,-527,216,-92,0
36.75291395187378,9732,6072,10752,-268,-238,134,8976,-9520,9380,170,156,-213,-14696,3872,3780,-1145,210,-151,-14748,-3776,5196,-535,222,-42,0
36.788650035858154,9632,5928,10892,-271,-219,116,8932,-9648,9344,135,156,-236,-14584,3840,3824,-1092,225,-184,-14600,-3740,5124,-497,201,-37,0
36.82209396362305,9696,6168,10592,-316,-266,157,8784,-9452,9448,65,163,-250,-14560,4052,3624,-1099,249,-135,-14604,-3524,5300,-486,226,-9,0
36.855756998062134,9772,6004,10840,-284,-262,165,8808,-9492,9320,72,121,-237,-14580,3908,3684,-1108,234,-121,-14652,-3632,5464,-551,198,-47,0
36.8892741203308,9960,6052,10924,-265,-225,163,8800,-9236,9688,92,104,-217,-14684,3972,3768,-1093,182,-165,-14736,-3796,5316,-504,185,-68,0
36.922670125961304,9708,6112,10612,-248,-221,124,8948,-9428,9344,62,166,-217,-14676,3980,3748,-1034,200,-153,-14792,-3592,5240,-506,157,-64,0
36.95616292953491,9768,6096,10848,-254,-150,108,8936,-9524,9376,57,147,-211,-14340,3892,3704,-1049,151,-161,-14776,-3680,5340,-464,227,-61,0
36.98979306221008,9708,6076,10748,-218,-163,128,9168,-9624,9448,65,80,-225,-14816,3976,3588,-1080,129,-158,-14676,-3664,5296,-476,142,-146,0
37.02322602272034,9752,5908,10660,-127,-109,80,8932,-9716,9244,57,151,-156,-14632,3948,3696,-999,108,-76,-14664,-3808,5124,-493,45,-220,0
37.056692123413086,9472,6036,10984,-159,-79,26,8896,-9584,9244,21,173,-140,-14840,3928,4020,-1002,32,-38,-14632,-3336,5280,-481,69,-174,0
37.09033513069153,9668,6052,10940,-214,-71,50,8896,-9436,9304,30,207,-133,-14516,3968,3784,-1000,58,-73,-14716,-3568,5220,-468,109,-106,0
37.123717069625854,9592,5988,10932,-211,-102,107,8928,-9728,9288,26,203,-172,-14796,3964,3752,-1057,86,-123,-14652,-3660,5352,-500,168,-68,0
37.157021045684814,9828,6004,10880,-203,-163,132,8664,-9544,9508,75,162,-188,-14512,3904,3688,-1070,115,-111,-14732,-3576,5328,-538,205,-77,0
37.1902289390564,9972,5996,10756,-126,-170,134,8768,-9504,9332,23,39,-194,-14644,3912,3676,-1023,130,-144,-14672,-3816,5224,-529,228,-126,0
37.22363996505737,9688,5956,11000,-133,-191,59,8732,-9668,9280,38,139,-215,-14748,3848,3568,-976,66,-126,-14604,-3800,5532,-461,155,-159,0
37.2573881149292,9816,6076,10920,-187,-110,31,8916,-9376,9312,12,170,-183,-14732,3912,3808,-1009,54,-98,-14796,-3700,5572,-412,176,-136,0
37.29095697402954,9692,5908,10812,-245,-155,83,8756,-9440,9508,22,178,-156,-14596,4024,3828,-968,91,-106,-14836,-3796,5404,-411,118,-101,0
37.32424712181091,9796,6116,10792,-509,-123,89,8828,-9468,9232,-30,157,-154,-14344,3852,3788,-998,111,-49,-14680,-3816,5380,-442,133,-48,0
37.357556104660034,9740,5916,10772,-230,-170,123,8724,-9572,9312,-62,124,-161,-14660,3940,3568,-983,135,-91,-14768,-3684,5240,-419,148,-39,0
37.391140937805176,9752,5940,11028,-252,-183,113,8800,-9548,9352,-22,126,-187,-14604,4040,3732,-1047,126,-44,-14812,-3656,5284,-419,179,-21,0
37.424559116363525,9652,5992,10800,-2,-157,160,8972,-9240,9436,48,121,-167,-14596,3972,3656,-1041,164,-66,-14716,-3648,5168,-475,198,-30,0
37.45833396911621,9784,6028,11000,-214,-170,92,8860,-9532,9320,51,104,-224,-14660,3640,3828,-772,137,-97,-14632,-3640,5452,-399,204,-40,0
37.49174499511719,9772,6032,10848,-236,-185,67,8844,-9416,9256,44,151,-226,-14556,4016,3668,-1042,127,-175,-14684,-3728,5388,-399,240,-15,0
37.52518701553345,9708,5984,11080,-259,-225,92,8808,-9436,9244,-56,156,-220,-14616,3952,3632,-1011,151,-125,-15032,-3676,5372,-408,1,255,0
37.5581591129303,9848,5944,10960,-257,-210,120,8828,-9588,9324,-64,116,-213,-14664,4068,3712,-1058,165,-84,-14764,-3720,5428,-414,201,-7,0
37.59166693687439,9856,5928,10856,-268,-151,135,8812,-9720,9308,-77,96,-196,-14616,3948,3572,-1019,157,-73,-14652,-3576,5436,-421,174,-36,0
37.62507510185242,9884,5968,10952,-231,-132,113,8880,-9540,9376,-150,128,-134,-14668,3916,3704,-935,136,-8,-14956,-3632,5288,-368,107,-35,0
37.65883111953735,9936,5972,10680,-320,-38,112,9088,-9368,9224,-113,131,-116,-14792,3848,3436,-946,129,-21,-14696,-3476,5240,-353,58,-102,0
37.69214892387391,9820,5668,10768,-307,253,52,8808,-9504,9332,-127,184,-102,-14564,3908,3568,-920,27,-16,-14672,-3592,5216,-373,69,-158,0
37.72550296783447,9796,5696,10944,-151,-30,17,8852,-9444,9344,-115,134,-138,-14628,4004,3800,-975,19,-68,-14636,-3512,5392,-410,86,-215,0
37.75918412208558,9940,5980,10772,-90,53,-14,8960,-9392,9368,-69,178,-104,-14656,3896,3744,-1278,-1,17,-14900,-3632,5628,-386,31,-192,0
37.794991970062256,9828,6032,10808,-187,57,-6,8808,-9256,9292,-168,232,-63,-14540,3844,3708,-944,15,70,-14696,-3716,5336,-346,39,-144,0
37.83128499984742,9664,5940,10944,-192,37,54,8860,-9628,9360,-175,125,-63,-14468,4080,3716,-951,85,29,-14696,-3640,5356,-400,58,-107,0
37.867640972137444,9648,5940,10980,-209,-42,139,8564,-9608,9408,-136,95,-76,-14760,4064,3756,-997,133,248,-14628,-3600,5384,-425,69,-46,0
37.9028000831604,9708,6036,11152,-91,-45,160,8904,-9564,9296,-149,-242,-80,-14428,4064,3740,-956,177,12,-14732,-3784,5544,-414,58,-49,0
37.93868613243102,9660,6000,11076,-137,-33,128,8696,-9580,9140,-185,12,-157,-14352,4064,3716,-924,161,-71,-14472,-3472,5332,-412,191,-71,0
37.97386908531189,9548,5688,10976,-148,-190,97,8796,-9492,9000,-183,101,-298,-14480,4204,3668,-947,189,-85,-14540,-3504,5576,-420,298,-3,0
38.00987195968628,9620,5728,11104,-136,-261,110,8472,-9804,9168,-126,160,-281,-14444,4348,3432,-1045,142,-159,-14424,-3388,5412,-419,303,35,0
38.045061111450195,9700,5736,11096,-207,-246,160,8504,-9512,9252,-119,122,-224,-14620,4244,3504,-1048,235,-156,-14876,-3436,5680,-452,221,35,0
38.0806999206543,9828,5796,10840,-286,-192,231,8732,-9716,9440,-190,130,-144,-14720,4136,3484,-962,235,-53,-14788,-3336,5460,-485,145,25,0
38.11612892150879,9856,5896,11068,-219,-154,246,8860,-9712,9192,-182,87,-162,-14772,3964,3492,-966,278,-80,-14708,-3468,5124,-577,184,-17,0
38.152117967605584,9888,5772,10908,-78,-169,199,8996,-9552,9276,-57,64,-173,-14748,3856,3688,-1060,221,-146,-14616,-3536,5276,-621,211,-117,0
38.18761897087097,9848,6016,10952,-10,-124,153,8948,-9244,9284,93,164,-133,-14512,3868,3600,-1102,92,-142,-14660,-3596,5296,-604,206,-178,0
38.222412109375,9980,6088,10600,-59,-62,95,8904,-9452,9396,56,236,-124,-14624,4092,3752,-1080,90,-130,-14712,-3664,5324,-768,178,-143,0
38.25744700431824,9784,6124,10772,-196,-129,54,8892,-9336,9344,34,272,-104,-14776,3904,3788,-1042,83,-119,-14772,-3836,5604,-449,207,-86,0
38.292633056640625,9496,6376,11256,-299,-171,118,8696,-9564,9620,122,172,-188,-14344,3880,3956,-1049,195,-169,-14676,-3792,5432,-483,275,-28,0
38.3281409740448,9672,6356,11084,-111,-309,164,8792,-9608,9608,-29,8,-328,-14668,3964,3620,-938,225,-231,-14824,-3804,5556,-504,343,-44,0
38.36362910270691,9896,5996,10756,-125,-329,129,8812,-9444,9328,-96,79,-303,-14804,4068,3660,-903,201,-175,-14736,-3824,5476,-440,177,-22,0
38.399308919906616,9888,6048,10892,-293,-237,133,8932,-9552,9100,-150,133,-196,-14532,4108,3700,-927,170,-252,-14792,-3396,5380,-411,84,0,0
38.433988094329834,9812,5736,11048,-376,-143,175,8976,-9724,9052,-119,153,-116,-14652,4216,3432,-900,158,-254,-14808,-3372,5484,-437,40,18,0
38.4695999622345,9728,5760,10852,-443,-62,180,8896,-9924,8964,-116,140,-88,-14652,4120,3572,-890,159,-26,-14832,-3444,5552,-552,36,-12,0
38.50316810607911,9920,5664,11004,-233,-182,236,9072,-9732,9276,-57,73,-97,-14688,4324,3516,-986,182,-74,-14724,-3324,5352,-502,103,24,0
38.53679013252259,9964,5440,10892,-291,-123,221,8904,-9664,9088,-16,-16,-155,-14588,4096,3580,-1006,255,-66,-14660,-3436,5440,-548,145,38,0
38.57009506225586,9880,5724,10916,-195,-164,197,8820,-9516,9056,-26,75,-158,-14388,4064,3512,-1003,155,-106,-14764,-3500,5392,-541,141,-63,0
38.60351896286011,9832,5652,10812,-204,-171,152,8864,-9720,9160,38,114,-188,-14632,4040,3716,-1075,116,-111,-14608,-3580,5516,-502,213,-127,0
38.637311935424805,9916,5732,11056,-217,-179,142,8916,-9620,9312,111,169,-180,-14572,4028,3648,-1064,120,-149,-14760,-3532,5528,-528,200,-121,0
38.67067503929139,9824,5692,10752,-158,-125,94,8828,-9664,9264,29,202,-167,-14756,4032,3660,-997,35,-192,-14740,-3656,5616,-483,201,-184,0
38.703962087631226,9732,5840,10992,-155,-159,31,8920,-9580,9372,43,220,-226,-14552,4000,3844,-961,34,-207,-14688,-3484,5520,-547,245,-192,0
38.73758411407471,9816,5920,10968,-157,-171,17,8848,-9500,9320,14,202,-218,-14396,3852,3688,-960,48,-148,-14660,-3788,5296,-494,189,-162,0
38.771235942840576,9744,5632,10852,-127,-131,12,8880,-9556,9172,-57,155,-245,-14632,3992,3784,-930,56,-146,-14696,-3452,5628,-489,195,-183,0
38.8047559261322,9892,5916,10904,-123,-155,10,8872,-9420,9276,6,153,-215,-14400,4000,3620,-963,49,-100,-14768,-3484,5336,-501,195,-172,0
38.8379249572754,9876,5708,10796,-118,-74,39,8892,-9520,9144,46,133,-192,-14640,4016,3364,-1018,72,-129,-14824,-3476,5312,-502,174,-154,0
38.871457099914544,9860,5800,11064,-98,-78,39,8872,-9680,9220,30,131,-165,-14604,4036,3636,-1035,64,-178,-14792,-3376,5380,-532,199,-154,0
38.905076026916504,9856,5860,10928,-156,-79,78,8840,-9524,9452,58,135,-170,-14724,4020,3824,-1039,102,-135,-14796,-3392,5488,-516,207,-132,0
38.93842697143555,9952,5652,11248,-117,-97,98,8840,-9520,9044,18,147,-169,-14504,4096,3764,-1006,77,-121,-14680,-3484,5548,-557,187,-93,0
38.972026109695435,9844,5736,10888,-105,-104,80,8952,-9664,9316,-22,148,-159,-14752,3996,3796,-1005,50,-88,-14576,-3448,5540,-566,203,-155,0
39.00564002990723,9868,6084,11240,-109,-85,53,8772,-9596,9456,20,170,-127,-14820,3840,3644,-999,43,-81,-14708,-3572,5416,-555,130,-176,0
39.03894400596619,9880,5912,10908,-106,-78,46,8712,-9544,9428,-35,204,-144,-14584,4088,3528,-939,29,-57,-14916,-3524,5388,-517,102,-153,0
39.072333097457886,9840,5776,10896,-153,-38,26,8480,-9564,9216,11,244,-154,-14360,4048,3704,-960,57,-78,-14728,-3488,5152,-456,136,-117,0
39.10576891899109,9904,5816,10924,-165,-49,69,8824,-9484,9252,-12,152,-127,-14528,4048,3648,-1000,111,-68,-14696,-3460,5488,-498,100,-97,0
39.13939094543456,9788,6088,11120,-126,-105,109,8764,-9580,9312,-52,94,-149,-14576,4112,3704,-972,123,-60,-14796,-3340,5484,-516,87,-75,0
39.17272710800171,9820,5724,10968,-114,-136,122,8908,-9572,9040,-72,117,-171,-14664,3888,3720,-983,103,-90,-14640,-3516,5440,-496,108,-78,0
39.206234931945794,9900,5860,10872,-100,-147,114,8856,-9616,9212,-101,141,-174,-14692,4024,3700,-988,140,-70,-14684,-3500,5584,-520,106,-117,0
39.2397141456604,9760,5848,10896,-47,-122,87,8892,-9556,9120,-88,102,-167,-14544,3860,3664,-1014,134,-93,-14636,-3412,5364,-507,110,-128,0
39.2732310295105,9836,5816,10944,-96,-57,67,8748,-9532,9296,-43,162,-122,-14580,3992,3696,-1063,76,-124,-14768,-3528,5396,-474,95,-144,0
39.306873083114624,9832,5812,10928,-115,253,53,8860,-9600,9280,-41,200,-103,-14624,4048,3576,-1279,59,-86,-14800,-3528,5420,-409,82,-185,0
39.340413093566895,9824,5800,10912,-190,-49,16,8560,-9684,9224,-21,226,-133,-14668,4052,3704,-1032,26,-81,-14636,-3464,5456,-372,86,-179,0
39.37394094467164,9740,5828,10832,-129,-59,2,8884,-9776,9260,-31,220,-168,-14620,4092,3724,-1024,16,-107,-14688,-3492,5464,-397,119,-176,0
39.40746498107911,9840,5776,11096,-59,-83,-36,8848,-9624,9224,250,171,-180,-14564,4308,3828,-1017,13,-105,-14816,-3596,5472,-410,111,-191,0
39.44089198112488,9840,5880,11092,-59,-78,48,8912,-9536,9088,9,130,-131,-14512,4132,3796,-1067,11,-53,-14684,-3500,5500,-446,30,-171,0
39.47777199745179,9768,5884,10944,-50,22,40,8824,-9564,9248,-40,157,-103,-14640,4108,3800,-1051,13,-105,-14748,-3596,5260,-454,35,-174,0
39.51275110244751,9688,5880,10920,-122,-35,13,8860,-9648,9180,11,165,-124,-14524,4092,3748,-1033,50,-79,-14604,-3736,5484,-394,62,-187,0
39.54885005950928,9852,6124,11240,-73,-4,28,8956,-9636,9220,-46,153,-150,-14444,3984,3712,-1052,84,-155,-14844,-3556,5560,-437,123,-133,0
39.58413600921631,9816,5816,11048,-59,-99,17,8868,-9668,9328,-10,163,-182,-14664,3952,3776,-1054,64,-164,-14772,-3588,5552,-431,161,-144,0
39.62008094787598,9732,5680,10884,-96,-73,40,8468,-9632,9344,-24,121,-170,-14464,3944,3820,-1007,92,-82,-14684,-3804,5460,-460,111,-126,0
39.6552050113678,9848,6004,10936,-91,-55,47,8724,-9560,9236,-43,161,-149,-14664,4052,3716,-1043,44,-92,-14708,-3620,5380,-499,139,-164,0
39.69127893447876,9856,5988,10892,-117,-3,32,8924,-9260,9376,-43,185,-130,-14624,3880,4060,-1003,5,-67,-14732,-3692,5436,-473,135,-151,0
39.727499008178704,9792,6024,10948,-215,-40,255,8896,-9512,9008,-78,198,-137,-14552,3968,3744,-991,22,-52,-14608,-3368,5472,-476,163,-136,0
39.762442111968994,9860,5920,10976,-158,-23,26,8460,-9656,8960,-35,188,-150,-14508,4044,3744,-1034,54,-109,-14620,-3452,5656,-483,154,-96,0
39.79762005805969,9972,5928,10812,-152,-15,49,8672,-9612,9260,-7,120,-138,-14536,4012,3544,-993,114,-122,-14840,-3456,5848,-502,181,-112,0
39.833431005477905,9804,5940,10824,-151,-31,67,8712,-9672,9332,-11,91,-170,-14348,3988,3648,-1040,116,-74,-14848,-3612,5672,-479,203,-91,0
39.86937594413757,9788,5936,10884,-215,-70,93,8784,-9568,9220,12,168,-172,-14608,4012,3676,-1016,161,-146,-14672,-3344,5604,-462,147,-40,0
39.90460991859435,9804,5896,10936,-249,-19,68,8876,-9612,9376,-14,176,-161,-14564,3948,3904,-984,113,-65,-14760,-3664,5720,-431,186,-39,0
39.940030097961426,9684,5972,10864,-333,-127,139,8740,-9564,9212,-16,181,-207,-14572,4012,3620,-1003,169,-128,-14716,-3476,5524,-461,212,7,0
39.975574016571045,9720,6104,11216,-272,-203,129,8700,-9724,9212,-63,133,-199,-14624,4092,3636,-981,210,-154,-14708,-3840,5536,-486,244,-27,0
40.01155400276184,9704,5808,10864,-281,-200,131,8768,-9592,9328,-63,174,-208,-14564,3980,3624,-942,281,-119,-14364,-3444,5460,-480,234,-20,0
40.04784798622131,9472,5940,10900,-273,-187,128,8716,-9588,9336,44,169,-217,-14516,4140,3772,-939,179,-112,-14792,-3596,5432,-489,307,13,0
40.0825481414795,9944,6132,10916,-331,-168,171,8732,-9632,9320,4,132,-227,-14532,3972,3848,-929,189,-158,-14688,-3580,5496,-469,349,254,0
40.124171018600464,9876,5864,10860,-350,-208,168,8736,-9508,9376,-29,187,-247,-14736,4004,3784,-891,118,-122,-14660,-3400,5476,-473,310,3,0
40.157798051834106,9796,5636,10912,-366,-240,160,8836,-9672,9276,-57,177,-206,-14496,4080,3884,-873,168,-86,-14628,-3368,5428,-487,289,-15,0
40.190747022628784,9668,5832,10808,-328,-187,160,8792,-9704,9220,-17,125,-194,-14708,3932,3668,-893,90,-94,-14788,-3464,5428,-527,374,-78,0
40.22421312332153,9736,5816,10964,-357,-147,158,8764,-9544,9324,81,183,-207,-14600,4004,3716,-925,53,-96,-14616,-3464,5408,-467,344,-64,0
40.25770401954651,9936,5728,11020,-366,-146,114,8772,-9552,9228,68,133,-234,-14560,4016,3700,-909,57,-133,-14720,-3484,5524,-484,351,-78,0
40.291293144226074,9756,5792,11032,-340,-191,122,8728,-9724,9396,85,167,-247,-14448,4052,3680,-929,131,-144,-14680,-3464,5348,-416,313,-87,0
40.32480812072754,9720,5676,10872,-290,-223,135,8740,-9984,9260,76,125,-309,-14604,4064,3716,-942,148,-231,-14700,-3376,5544,-418,367,-69,0
40.358333110809326,9780,5760,10920,-288,-269,144,8916,-9532,9356,91,93,-303,-14388,3976,3696,-942,190,-202,-14780,-3460,5440,-454,284,-42,0
40.39184212684631,9824,5824,10920,-309,-266,146,8952,-9696,9316,68,101,-318,-14552,4272,3728,-949,192,-187,-14788,-3472,5420,-468,278,-56,0
40.42526602745056,9816,5724,11028,-299,-511,159,8876,-9472,9416,-12,105,-292,-14596,4048,3712,-915,187,-152,-14804,-3392,5584,-440,178,-61,0
40.45903396606446,9872,5688,10800,-302,-195,127,8892,-9620,9252,-5,154,-253,-14632,4208,3672,-954,164,-117,-14704,-3440,5528,-536,172,-73,0
40.492408990859985,9948,5624,10968,-290,-163,118,9100,-9612,9328,83,91,-199,-14572,4048,3564,-955,116,-127,-14816,-3484,5228,-597,265,-86,0
40.52584099769592,9896,5776,11060,-239,-33,128,8880,-9424,9152,-19,143,-224,-14692,3996,3764,-932,137,-128,-14988,-3568,5412,-628,183,-108,0
40.559427976608276,9896,5672,10808,-177,-128,82,8752,-9624,9428,-23,106,-229,-14476,4016,3812,-914,86,-156,-14620,-3076,5208,-648,200,-121,0
40.59293198585511,9820,5628,10756,-184,-59,102,8952,-9464,9244,33,105,-202,-14656,4060,3740,-949,86,-137,-14696,-3404,5308,-660,108,-187,0
40.626559019088745,9924,5880,10848,-125,31,59,8836,-9648,9300,-17,112,-130,-14576,4008,3728,-978,24,-58,-14820,-3500,5148,-625,97,-224,0
40.659765958786004,9780,5796,10916,-123,80,35,8824,-9476,9256,-36,197,-77,-14668,3924,3732,-947,45,-19,-14752,-3436,5460,-583,89,-222,0
40.69302296638489,9752,5748,11016,-204,84,23,8772,-9564,9428,-35,226,-114,-14848,4000,3592,-940,86,-6,-14688,-3380,5476,-534,96,-160,0
40.726678133010864,9872,5812,10992,-209,20,75,8756,-9608,9424,-12,154,-146,-14532,4100,3752,-980,116,-92,-14596,-3576,5488,-512,185,-92,0
40.75999593734742,9500,5780,10792,-191,-68,113,8688,-9636,9360,-3,93,-216,-14808,4064,3684,-979,144,-137,-14792,-3468,5416,-550,212,-97,0
40.793673038482666,9524,5696,11172,-143,-97,112,8660,-9588,9400,-69,86,-202,-14356,4020,3708,-939,93,-165,-14600,-3472,5540,-554,171,-118,0
40.82747006416321,9596,5836,11232,-120,-88,92,8872,-9576,9356,-21,110,-190,-14552,4028,3636,-985,99,-145,-14692,-3436,5444,-509,165,-124,0
40.86075401306152,9872,5688,10816,-130,-62,58,8836,-9520,9432,10,158,-193,-14592,4108,3660,-945,112,-85,-14688,-3440,5420,-554,135,-128,0
40.894264936447144,9792,5744,10908,-139,-31,102,8848,-9520,9308,-30,139,-145,-14560,4076,3828,-927,85,-56,-14748,-3364,5216,-547,175,-82,0
40.92759704589844,9768,5776,11064,-148,-71,122,8920,-9532,9388,-114,82,-188,-14348,3896,3676,-918,141,-101,-14704,-3512,5420,-543,195,-77,0
40.961153984069824,9824,5692,11060,-155,-142,116,8820,-9572,9328,-92,73,-249,-14820,4020,3432,-908,153,-149,-14680,-3408,5524,-522,212,-71,0
40.99489712715149,9804,5776,10976,-136,-186,102,8828,-9472,9272,-85,64,-229,-14576,3880,3716,-920,164,-169,-14644,-3372,5392,-578,242,-92,0
41.0284960269928,9744,5624,11012,-135,-170,104,8932,-9716,9268,-6,59,-256,-14516,4056,3680,-940,169,-191,-15004,-3516,5388,-552,262,-96,0
41.061684131622314,9808,5452,10844,-92,-155,107,8960,-9576,9112,-35,94,-291,-14400,4056,3672,-907,105,-156,-14740,-3512,5420,-554,305,-89,0
41.09536004066467,9888,5732,11100,-157,-196,38,8948,-9588,9436,-69,103,-265,-14624,4024,3560,-901,153,-181,-14736,-3528,5696,-532,286,-76,0
41.12862491607666,9772,5704,11024,-80,-203,71,8808,-9536,9208,-126,98,-241,-14516,4188,3524,-928,109,-137,-14792,-3412,5472,-540,227,-100,0
41.16541600227356,9864,5452,10892,-93,-90,57,8904,-9560,9224,-101,110,-183,-14628,4084,3632,-928,79,-117,-14748,-3396,5616,-583,156,-159,0
41.20040011405945,9824,5668,10768,-76,-252,81,8792,-9564,9212,-141,121,-116,-14580,3956,3592,-878,76,-80,-14600,-3168,5240,-566,74,-149,0
41.23563003540038,9788,5704,10896,-93,21,52,9124,-9308,9300,-135,133,-102,-14660,3996,3744,-887,30,-68,-14840,-3416,5436,-522,131,-161,0
41.27131915092468,9872,5688,11244,-126,28,44,9020,-9508,9228,-119,126,-147,-14604,4048,3640,-889,54,-59,-14812,-3472,5128,-498,156,-155,0
41.30760407447815,9800,5700,10936,-98,13,-6,8848,-9508,9268,-110,161,-159,-14600,3984,3660,-881,-10,-34,-14464,-3400,5192,-489,148,-161,0
41.34306001663208,9804,5620,11060,-82,-22,-40,8852,-9660,9164,-85,265,-169,-14552,4000,3500,-910,-27,-122,-14636,-3432,5452,-520,176,-179,0
41.37820506095887,9672,5668,11116,-78,-49,-5,8852,-9676,9232,-90,215,-163,-14564,4196,3588,-925,19,-78,-14784,-3444,5436,-270,154,-142,0
41.41382813453675,9556,5400,11012,-32,-26,-3,8932,-9688,9148,-124,204,-182,-14572,4176,3840,-887,32,-116,-14636,-3500,5504,-517,169,-163,0
41.449116945266724,9656,5668,11124,-67,-32,16,8696,-9756,9156,-115,220,-193,-14460,4188,3788,-938,32,-127,-14568,-3304,5548,-569,198,-151,0
41.484230041503906,9476,5700,11344,-1,-55,52,8900,-9588,9048,-108,177,-195,-14676,4108,3612,-929,111,-223,-14732,-3472,5548,-585,190,-144,0
41.52017092704773,9780,5688,11056,28,-87,59,8968,-9560,9420,-58,147,-166,-14600,4076,3764,-923,122,-155,-15076,-3620,5336,-571,141,-148,0
41.55511713027954,9872,5816,10956,-50,-21,71,8816,-9648,9228,-72,147,-96,-14488,3996,3800,-897,112,-104,-14740,-3480,5344,-524,81,-108,0
41.59069013595581,9740,5824,11000,-148,-21,94,8884,-9588,9288,-74,195,-112,-14544,4024,3796,-894,70,-121,-14792,-3636,5580,-483,105,-80,0
41.625422954559326,9732,5900,11136,-155,-131,87,8848,-9304,9400,-30,207,-168,-14656,3852,3608,-937,22,-142,-15040,-3596,5176,-468,197,-103,0
41.66065502166747,9844,5744,11024,-116,-260,117,8840,-9676,9424,12,144,-223,-14652,4104,3852,-951,-31,-167,-14872,-3596,5484,-767,203,-136,0
41.695665121078484,9740,5724,11096,-72,-278,78,8908,-9624,9152,-35,180,-181,-14560,4068,3604,-913,-69,-118,-14824,-3572,5412,-502,119,-173,0
41.73126196861268,9764,5660,10916,-105,-171,20,8868,-9500,9244,-69,280,-128,-14572,4088,3604,-956,-61,-87,-14724,-3488,5400,-474,115,-223,0
41.767094135284424,9768,5760,10956,-183,-95,-254,8776,-9556,9288,103,288,-128,-14576,4040,3760,-1037,-25,-132,-14576,-3480,5380,-471,141,-225,0
41.80378007888794,9664,5824,10808,-160,-16,17,8836,-9440,9340,84,178,-111,-14360,3984,3624,-1020,82,-103,-14652,-3440,5452,-481,100,-132,0
41.83733797073364,9816,5832,11024,-177,-65,69,8952,-9532,9292,97,153,-113,-14516,3852,3688,-1038,72,-102,-14708,-3352,5464,-455,73,-87,0
41.87083101272583,9652,5844,10784,-247,-61,111,8940,-9848,9284,67,176,-99,-14608,4032,3776,-1034,109,-105,-14584,-3552,5516,-465,93,-99,0
41.90431594848633,9540,5800,11116,-142,-112,137,8600,-9548,9384,14,56,-144,-14512,4076,3920,-771,149,-58,-14724,-3572,5464,-768,113,-79,0
41.93758511543274,9648,5804,11172,-130,-90,134,8648,-9704,9324,-35,93,-158,-14632,4120,3868,-995,89,-82,-14628,-3560,5492,-522,121,-115,0
41.9709210395813,9920,5680,10792,-164,-67,92,8768,-9576,9052,-35,143,-157,-14424,3852,3824,-1033,81,-103,-14644,-3416,5476,-477,112,-101,0
42.00445199012756,9640,5708,11196,-150,-43,76,8820,-9676,9232,-9,200,-139,-14520,4080,3696,-770,130,-90,-14844,-3536,5292,-500,112,-99,0
42.03805613517761,9616,5744,11060,-130,-13,92,8772,-9548,9256,-16,167,-143,-14564,4140,3692,-1015,95,-137,-14732,-3604,5524,-493,117,-104,0
42.071638107299805,9720,5696,11224,-141,-63,69,8900,-9636,9284,-35,131,-163,-14380,4344,3716,-1031,114,-148,-14660,-3392,5628,-478,156,-98,0
42.10507607460022,9572,5728,11008,-114,-92,93,8720,-9552,9296,-44,115,-221,-14656,3956,3832,-1030,145,-143,-14692,-3460,5128,-478,180,-103,0
42.13884902000427,9624,5708,11060,-138,-156,86,8852,-9600,9120,-15,180,-178,-14492,4100,3816,-1041,98,-100,-14820,-3464,5160,-467,205,-97,0
42.17221212387085,9708,5768,10976,-121,-136,81,8884,-9480,9312,-18,173,-188,-14612,4144,3768,-1000,50,-88,-14880,-3576,5552,-463,133,-140,0
42.20571708679199,9716,5712,11224,-123,-113,70,8840,-9560,9400,252,235,-135,-14568,4156,3888,-1035,52,-88,-14700,-3552,5676,-474,158,-156,0
42.23921012878418,9624,5728,11204,-120,-41,72,8788,-9660,9308,10,177,-126,-14528,4224,3912,-771,85,-130,-14688,-3552,5556,-495,145,-162,0
42.27262210845947,9692,5680,11168,-134,-117,79,8788,-9612,9304,-4,129,-166,-14596,4056,3832,-998,99,-145,-14740,-3572,5380,-527,149,-164,0
42.306213140487664,9912,5828,11096,-99,-99,39,8664,-9624,9288,-7,188,-188,-14484,4108,4012,-998,42,-141,-14644,-3616,5372,-768,193,-198,0
42.33975696563721,9652,5800,11000,-61,-139,-14,8720,-9576,9400,-51,194,-230,-14352,4032,3820,-967,33,-153,-14724,-3536,5544,-526,194,-5,0
42.37343692779541,9764,5800,11220,-76,-83,-18,8812,-9636,9200,-6,236,-198,-14448,3860,3656,-997,57,-137,-14772,-3512,5488,-456,195,-219,0
42.40716910362244,9708,5788,11036,-93,-69,-26,8696,-9640,9336,-34,173,-183,-14480,4000,3724,-1009,99,-136,-14700,-3556,5176,-493,207,-194,0
42.44029998779297,9668,5736,11140,-101,-80,38,8660,-9600,9260,-10,127,-201,-14840,4092,3760,-1277,121,-141,-14796,-3492,5576,-499,241,-153,0
42.47380614280701,9680,5852,10960,-92,-112,75,8916,-9592,9188,-256,140,-192,-14608,4016,3680,-1280,150,-184,-15012,-3628,5588,-518,251,-114,0
42.50750207901001,9640,5788,10904,-117,-150,100,8516,-9608,9296,-15,109,-180,-14556,4120,3880,-1043,144,-161,-14728,-3368,5456,-545,215,-112,0
42.541106939315796,9784,5740,10976,-82,-108,114,8880,-9504,9208,-63,120,-156,-14576,3840,3772,-988,166,-137,-14772,-3608,5148,-499,143,-96,0
42.57456994056702,9788,6128,11092,-82,-65,86,8772,-9628,9264,-84,131,-150,-14592,4096,3828,-986,132,-29,-14824,-3464,5412,-522,72,-129,0
42.60790514945984,9980,5872,11244,-117,-26,39,8784,-9676,9240,-20,184,-104,-14368,3892,3676,-1015,56,-48,-14800,-3808,5540,-525,93,-166,0
42.641212940216064,9712,5952,10976,-124,9,64,8920,-9528,9336,-15,197,-98,-14488,4044,4076,-1023,98,-85,-14820,-3772,5416,-505,91,-134,0
42.674257040023804,9592,6044,11192,-126,-13,33,8828,-9560,9464,-86,137,-124,-14564,4124,3916,-997,84,-78,-14716,-3640,5560,-496,134,-130,0
42.707793951034546,9772,5768,10868,-142,-68,54,8932,-9604,9264,-15,181,-148,-14532,4000,3588,-769,101,-89,-14412,-3500,5420,-475,189,-135,0
42.741194009780884,9472,5784,11136,-168,-85,47,8724,-9576,9304,38,216,-172,-14504,4080,3816,-1003,154,-85,-14492,-3576,5436,-461,208,-99,0
42.77471899986268,9628,5832,11020,-229,-186,87,8496,-9984,9260,19,169,-199,-14440,4240,3940,-1020,168,-136,-14728,-3672,5628,-459,199,-35,0
42.808130979537964,9576,5868,11172,-194,-212,127,8844,-9632,9312,-38,119,-218,-14648,4256,3956,-995,164,-152,-14452,-3620,5492,-497,208,-47,0
42.844964027404785,9640,5832,11148,-219,-234,183,8484,-9652,9296,-34,121,-208,-14828,4112,3772,-970,185,-157,-14664,-3376,5560,-760,187,-33,0
42.880666971206665,9636,5800,11060,-225,-210,156,8768,-9588,9352,-21,114,-189,-14536,4044,3708,-973,182,-133,-14640,-3712,5444,-489,187,-36,0
42.915539026260376,9676,5868,10924,-206,-240,189,8712,-9632,9288,-26,89,-221,-14556,3976,3744,-1013,217,-166,-14696,-3592,5408,-491,225,-5,0
42.95090293884277,9620,5856,11076,-264,-292,180,8912,-9520,9336,17,73,-254,-14676,4024,3836,-1002,267,-183,-14720,-3616,5492,-426,255,18,0
42.986202001571655,9948,5784,10972,-1,-263,211,8852,-9580,9432,5,73,-238,-14540,4036,3616,-1031,251,-207,-14744,-3420,5584,-440,279,1,0
43.02205300331116,9860,5876,11072,-14,-314,154,8920,-9592,9152,11,82,-272,-14484,3856,3884,-1034,226,-184,-14828,-3668,5440,-457,285,3,0
43.05858612060547,9632,5768,10968,-220,-288,161,8800,-9552,9240,4,64,-251,-14680,4040,3876,-1022,226,-144,-14968,-3664,5568,-443,242,253,0
43.093454122543335,9800,5804,11144,-198,-262,163,8900,-9580,9316,-29,71,-246,-14604,3880,3852,-983,174,-180,-14760,-3460,5556,-474,209,-41,0
43.12949013710022,9788,5824,10780,-188,-227,166,8752,-9604,9316,-24,111,-203,-14540,3872,3852,-1000,145,-100,-14716,-3396,5508,-455,180,-35,0
43.16499209403992,9804,5708,11152,-239,-193,116,8764,-9572,9200,-44,109,-186,-14376,4084,3704,-998,163,-81,-14612,-3384,5432,-452,149,-45,0
43.20037508010864,9748,5640,10752,-195,-202,134,8776,-9652,9144,-14,121,-190,-14700,4096,3700,-992,203,-148,-14736,-3540,5356,-457,175,-23,0
43.235634088516235,9728,5712,11044,-192,-190,148,8472,-9576,9272,-255,98,-185,-14616,3884,3612,-1036,172,-80,-14684,-3156,5616,-501,188,-27,0
43.27133393287659,9788,5700,10976,-172,-232,164,8984,-9604,9380,-9,76,-202,-14436,4316,3588,-1034,193,-125,-14832,-3396,5504,-477,202,-38,0
43.30757808685303,9752,5784,10752,-214,-217,168,8832,-9516,9236,-9,81,-228,-14540,4012,3720,-1032,139,-165,-14792,-3388,5468,-477,211,-61,0
43.342468023300164,9828,5700,10848,-183,-205,124,8812,-9664,9360,-12,108,-191,-14536,4148,3824,-1008,156,-79,-14836,-3520,5400,-498,186,-92,0
43.37802195549011,9528,5868,10976,-161,-182,103,8740,-9684,9240,14,138,-179,-14496,4168,3716,-769,114,-155,-14680,-3396,5420,-499,198,-138,0
43.41379904747009,9852,5756,10956,-101,-177,71,8788,-9568,9388,-18,161,-193,-14532,4304,3780,-1010,142,-127,-14648,-3448,5244,-479,194,-135,0
43.44890594482422,9852,5724,10984,-114,-180,41,8948,-9572,9304,-42,160,-195,-14672,3996,3572,-1009,107,-155,-14784,-3356,5288,-509,243,-184,0
43.48524498939515,9824,5672,10816,-146,-120,29,8912,-9544,9324,-254,176,-170,-14724,4000,3804,-1279,81,-108,-14764,-3416,5364,-467,188,-196,0
43.518792152404785,9868,5692,10852,-119,-52,38,8724,-9652,8964,22,157,-141,-14540,3992,3788,-1277,123,-48,-14636,-3536,5596,-508,142,-186,0
43.55235004425049,9960,5736,10888,-117,-89,52,8796,-9636,9344,21,131,-165,-14568,4076,3852,-1005,69,-64,-14728,-3528,5428,-528,178,-193,0
43.58581614494324,9752,5748,10836,-87,-75,35,8852,-9532,9468,-23,157,-152,-14532,4016,3800,-996,28,-99,-14716,-3508,5432,-519,179,-177,0
43.61956214904785,9852,5732,11080,-59,-86,67,8944,-9604,9224,-49,155,-150,-14608,4064,3820,-998,61,-59,-15056,-3528,5496,-529,122,-177,0
43.652809143066406,9792,5772,11012,-93,-26,56,8712,-9520,9324,-254,185,-153,-14420,4032,3336,-769,44,-79,-14764,-3560,5440,-476,153,-150,0
43.685770988464355,9768,5728,11060,-118,-7,50,8744,-9576,9272,-50,104,-135,-14624,4056,3684,-991,80,-58,-14760,-3528,5420,-469,121,-161,0
43.71941900253296,9744,5636,11108,-131,-24,53,8800,-9588,9304,-13,131,-120,-14816,3880,3972,-994,38,-82,-14680,-3484,5508,-468,120,-169,0
43.752993106842034,9856,5692,10948,-122,5,42,8872,-9608,9252,15,144,-126,-14556,4340,3704,-774,51,-47,-14752,-3412,5460,-457,149,-147,0
43.786662101745605,9796,5668,10848,-94,252,55,8788,-9564,9200,-18,142,-145,-14480,4172,3688,-1018,95,-95,-14652,-3436,5396,-478,161,-143,0
43.82021093368531,9684,5764,10920,-91,-30,59,8940,-9492,9288,245,154,-139,-14484,4348,3864,-1028,74,-120,-14684,-3444,5500,-487,189,-172,0
43.853580951690674,9792,5724,11152,-105,-88,50,8884,-9508,9352,-9,140,-192,-14400,4240,3780,-1268,95,-154,-14696,-3428,5604,-493,197,-166,0
43.887365102767944,9900,5748,11244,-100,-149,22,8828,-9484,9344,-23,165,-202,-14592,4048,3928,-988,89,-138,-14756,-3520,5300,-500,172,-155,0
43.920867919921875,9512,5840,11032,-97,-117,41,8796,-9680,9292,-42,194,-194,-14348,4044,3792,-998,68,-98,-14768,-3380,5500,-519,148,-172,0
43.95435094833374,9808,5756,11240,-101,-61,39,8692,-9616,9372,-16,135,-155,-14524,4156,3768,-970,92,-73,-14820,-3464,5556,-517,143,-182,0
43.98808193206788,9760,5836,10960,-113,-62,44,8828,-9508,9284,-27,119,-164,-14636,4016,3832,-1005,74,-78,-14700,-3668,5420,-484,199,-154,0
44.0217399597168,9768,5868,11080,-128,-106,49,8492,-9284,9336,-31,166,-179,-14524,4048,3560,-981,75,-125,-14616,-3364,5444,-497,205,-139,0
44.05534505844116,9476,5816,11032,-111,-101,57,8784,-9528,9324,-55,175,-194,-14832,4016,4048,-970,87,-116,-14716,-3496,5280,-504,172,-135,0
44.088711977005005,9832,5788,11008,-95,-118,61,8672,-9640,9308,-29,140,-158,-14592,4128,3672,-994,67,-115,-14740,-3500,5428,-548,178,-167,0
44.12247896194458,9532,5716,10896,-124,-99,73,8948,-9568,9292,46,165,-149,-14484,4040,3868,-1010,44,-145,-14668,-3660,5532,-519,151,-136,0
44.15592813491822,9656,5844,11028,-102,-51,71,8832,-9588,9220,-43,128,-149,-14644,3980,4020,-991,74,-99,-14752,-3392,5448,-542,178,-112,0
44.18937301635743,9832,5764,11024,-124,-117,51,8792,-9576,9292,254,183,-167,-14612,4144,3728,-982,71,-98,-14720,-3600,5660,-527,172,-154,0
44.22288799285889,9672,5816,10960,-121,-61,27,8560,-9592,9248,-11,165,-158,-14528,4100,3764,-998,80,-47,-14768,-3556,5388,-499,149,-145,0
44.25646710395813,9680,5776,10912,-127,-63,17,8752,-9556,9172,-18,145,-154,-14532,4104,3880,-955,83,-94,-14672,-3464,5588,-489,157,-154,0
44.28993892669678,9660,5660,10796,-139,-93,65,8748,-9580,9344,-25,156,-165,-14656,4080,3964,-994,75,-81,-14588,-3520,5436,-493,162,-136,0
44.32364511489868,9680,5788,10992,-154,-118,60,8724,-9584,9312,-32,182,-155,-14512,4136,3652,-954,99,-101,-14724,-3596,5520,-506,154,-94,0
44.357223987579346,9912,5716,10972,-187,-103,77,8772,-9548,9264,-7,155,-190,-14444,3872,3680,-977,96,-150,-14760,-3620,5484,-522,189,-74,0
44.390702962875366,9628,5732,10960,-202,-183,108,8792,-9608,9436,20,153,-201,-14504,4144,3860,-980,147,-160,-14676,-3460,5556,-507,190,-19,0
44.42405104637146,9716,5812,10764,-168,-224,139,8504,-9640,9296,-15,108,-234,-14820,4132,3768,-1265,146,-145,-14784,-3652,5548,-499,214,-25,0
44.45761013031006,9668,5824,11124,-161,-228,140,8884,-9568,9316,-33,150,-221,-14632,4116,3868,-939,165,-96,-14716,-3604,5460,-507,154,-29,0
44.49093508720398,9740,5796,10996,-199,-199,121,8936,-9600,9304,-41,149,-205,-14560,4096,3524,-949,151,-84,-14696,-3544,5500,-490,174,-33,0
44.528481960296624,9744,5804,10976,-227,-200,142,8828,-9576,9236,-23,145,-185,-14588,4272,3676,-973,183,-152,-14812,-3388,5540,-483,224,-12,0
44.56377601623535,9672,5684,10836,-240,-208,135,8780,-9484,9456,-48,96,-226,-14524,3968,3820,-966,196,-155,-14724,-3456,5384,-485,247,-43,0
44.5996150970459,9828,5828,10876,-246,-248,152,8892,-9712,9344,-37,88,-227,-14584,4072,3840,-950,209,-125,-14760,-3392,5448,-477,227,-256,0
44.634891986846924,9892,5784,10892,-244,-249,146,8852,-9528,9300,-14,128,-244,-14512,4076,3700,-973,196,-176,-14652,-3508,5548,-475,250,-14,0
44.67027807235718,9872,5804,10928,-244,-220,150,8844,-9712,9332,-48,118,-5,-14672,4060,3800,-986,181,-150,-14840,-3536,5516,-485,229,-14,0
44.70510411262512,9532,5648,10944,-256,-243,141,8708,-9596,9332,-13,97,-213,-14832,4280,3628,-986,172,-160,-14788,-3500,5520,-485,228,-38,0
44.740806102752686,9884,5776,10932,-233,-240,142,8796,-9544,9224,-5,142,-213,-14748,4316,3588,-976,126,-101,-14820,-3388,5536,-257,211,-79,0
44.77708101272583,9816,5728,11096,-213,-202,110,8816,-9552,9464,-252,152,-182,-14848,3924,3700,-983,178,-99,-14620,-3428,5516,-496,204,-36,0
44.812297105789185,9840,5692,11008,-508,-238,145,8836,-9620,9244,-7,130,-208,-14536,4108,3748,-1014,184,-166,-14840,-3592,5596,-493,195,-44,0
44.84807991981506,9884,5716,10804,-220,-246,151,8688,-9568,9472,-11,115,-222,-14700,4016,3676,-976,158,-118,-14716,-3384,5400,-481,237,-27,0
44.88353514671326,9780,5760,11064,-209,-253,168,8916,-9540,9232,-25,93,-222,-14540,4180,3648,-1017,196,-116,-14820,-3484,5416,-511,192,-39,0
44.91887092590331,9836,5712,10996,-218,-216,119,8924,-9600,9316,10,110,-231,-14344,4032,3908,-997,186,-132,-14812,-3444,5408,-463,210,-22,0
44.953819036483765,9856,5696,10792,-209,-236,130,8900,-9476,9320,-16,117,-243,-14504,4076,3608,-965,170,-205,-14820,-3460,5524,-484,217,-68,0
44.98983192443848,9988,5712,10676,-212,-199,104,8852,-9576,9232,-58,116,-229,-14560,3988,3688,-995,142,-158,-14716,-3528,5496,-485,167,-104,0
45.0249469280243,10220,5624,10852,-122,-178,92,9028,-9444,9232,-37,122,-168,-14608,4340,3480,-1005,107,-93,-14720,-3412,5176,-570,152,-137,0
45.06091499328614,9996,5680,10984,-141,-58,64,9012,-9508,9224,45,154,-124,-14792,3908,3524,-1043,99,-129,-14796,-3396,5192,-768,163,-130,0
45.09608197212219,9900,5856,10868,-106,-49,72,8936,-9584,9348,-21,145,-153,-14780,3856,3816,-1000,80,-145,-15092,-3568,5424,-496,151,-116,0
45.13473606109619,9964,5596,10868,-134,-112,10,8856,-9540,9192,21,180,-174,-14696,4080,3480,-982,36,-102,-14744,-3248,5412,-510,163,-157,0
45.171590089797974,9920,5776,10924,-124,-23,22,8880,-9412,9300,43,167,-106,-14628,4064,3664,-1019,33,-65,-14844,-3496,5404,-532,63,-213,0
45.204797983169556,9788,5768,10932,-60,23,45,8916,-9480,9240,-22,177,-94,-14532,3864,3660,-966,0,-52,-14668,-3476,5520,-532,30,-234,0
45.23857593536377,9744,5720,11032,-130,22,-7,8820,-9588,9292,-14,244,-101,-14828,3984,3592,-986,-33,-43,-14936,-3336,5532,-496,73,-226,0
45.271860122680664,9784,5724,11080,-118,254,16,8664,-9676,9204,-20,212,-139,-14444,4100,3784,-988,16,-92,-14396,-3452,5128,-482,167,-142,0
45.305516958236694,9960,5824,11256,-118,-103,40,8736,-9560,9392,-38,143,-168,-14540,4108,3712,-980,131,-103,-14668,-3560,5408,-510,174,-126,0
45.33905100822449,9720,5720,10952,-141,-127,82,8660,-9560,9224,-25,114,-204,-14340,4156,3764,-1019,160,-111,-14744,-3484,5412,-492,227,-66,0
45.37250995635986,9740,5700,10980,-150,-148,133,8708,-9632,9260,-62,95,-202,-14504,4084,3780,-979,153,-125,-14640,-3468,5608,-513,187,-62,0
45.406126976013184,9832,5772,10976,-132,-150,115,8880,-9232,9308,-49,75,-178,-14404,4316,3664,-1016,135,-122,-14848,-3652,5452,-762,159,-110,0
45.439404010772705,9888,5648,10944,-126,-91,97,8836,-9596,9376,-44,98,-162,-14644,3920,3780,-1008,125,-139,-14804,-3616,5412,-504,191,-67,0
45.47286605834961,9948,5784,10780,-121,-100,105,8740,-9240,9260,-9,80,-177,-14576,3992,3732,-1014,154,-87,-14780,-3580,5360,-258,183,-81,0
45.506561040878296,9888,5700,10880,-148,-122,101,8880,-9508,9364,-60,137,-160,-14552,3876,3380,-974,130,-119,-14752,-3500,5468,-500,203,-123,0
45.53976607322693,9812,5696,10892,-151,-128,86,8824,-9520,9292,-53,118,-192,-14596,4348,3636,-977,113,-137,-14696,-3496,5132,-491,188,-118,0
45.573153018951416,9872,5752,10976,-126,-110,70,8912,-9604,9228,-26,135,-210,-14344,3880,3548,-990,100,-89,-14804,-3536,5540,-472,175,-115,0
45.606760025024414,9956,5736,11024,-122,-106,78,8832,-9532,9348,-9,126,-173,-14556,4164,3616,-973,102,-128,-14636,-3408,5524,-490,168,-120,0
45.64026713371277,9948,5620,10920,-148,-86,71,8708,-9556,9356,-23,157,-171,-14660,4148,3756,-992,61,-74,-14672,-3376,5520,-501,156,-141,0
45.67355513572693,9836,5728,10964,-128,-79,74,8756,-9668,9360,-11,159,-177,-14560,4060,3656,-998,28,-86,-14824,-3652,5604,-259,160,-165,0
45.70708203315735,9976,5588,11212,-140,-64,79,8888,-9644,9260,-12,103,-174,-14472,4180,3772,-979,86,-89,-14724,-3448,5124,-266,187,-154,0
45.740561962127686,9676,5624,11056,-130,-100,84,8668,-9568,9232,-41,132,-159,-14788,4312,3656,-979,134,-129,-14776,-3536,5484,-505,148,-108,0
45.77417302131653,9788,5684,11080,-129,-100,92,8784,-9564,9284,-30,133,-188,-14528,4164,3656,-1009,96,-128,-14524,-3484,5440,-527,156,-100,0
45.8076090812683,9792,5672,10984,-171,-110,103,8848,-9564,9388,11,116,-218,-14844,4084,3676,-1010,121,-166,-14620,-3516,5584,-526,209,-126,0
45.841108083724976,9808,5836,10908,-145,-120,95,8728,-9512,9360,-25,130,-190,-14572,4092,3836,-985,122,-123,-14640,-3624,5412,-498,168,-119,0
45.874550104141235,9932,5748,10808,-76,-133,61,8932,-9560,9288,-54,159,-192,-14644,3988,3816,-969,80,-96,-14604,-3596,5380,-509,189,-157,0
45.908048152923584,9832,5700,11000,-167,-95,37,8720,-9620,9316,27,169,-189,-14632,4120,3792,-986,104,-143,-14604,-3392,5484,-504,202,-151,0
45.94126009941101,9824,5772,10968,-134,-99,79,8824,-9572,9320,5,167,-178,-14604,4056,3684,-988,103,-146,-14880,-3540,5248,-491,187,-120,0
45.97443914413452,9780,5736,11188,-154,-95,58,8772,-9244,9324,-16,128,-192,-14480,4092,3828,-980,99,-151,-14760,-3520,5560,-495,197,-96,0
46.008086919784546,9956,5732,11056,-172,-147,70,8704,-9592,9344,-31,124,-171,-14548,4172,3724,-980,103,-83,-14972,-3568,5516,-492,124,-87,0
46.04162096977234,9792,5788,11212,-166,-128,100,8800,-9488,9304,0,147,-146,-14512,4140,3712,-961,95,-76,-14672,-3552,5504,-525,129,-117,0
46.075135946273804,9908,5880,10976,-146,-126,92,8728,-9532,9076,-30,123,-157,-14596,4044,3648,-973,104,-57,-14716,-3520,5452,-518,165,-76,0
46.10861897468567,9776,5620,10540,-180,-135,110,8948,-9452,9224,16,106,-174,-14388,4036,3648,-1006,122,-122,-14852,-3552,5520,-514,154,-103,0
46.14210009574891,9872,5744,10940,-135,-144,99,8736,-9608,9400,-44,140,-168,-14544,4020,3672,-981,136,-137,-14612,-3488,5456,-520,131,-138,0
46.1753671169281,9852,5688,10916,-179,-55,65,8916,-9576,9312,-47,142,-157,-14632,4148,3932,-1008,95,-118,-14676,-3416,5372,-487,127,-134,0
46.21218204498291,9880,5688,10980,-178,-54,61,8880,-9512,9376,12,169,-154,-14832,3876,3956,-1010,67,-81,-14716,-3488,5628,-267,150,-169,0
46.24805712699891,9844,5772,10788,-139,-59,50,8924,-9656,9336,-14,159,-153,-14504,3848,3880,-1013,96,-127,-14740,-3520,5564,-765,184,-169,0
46.28357005119324,9848,5660,10980,-107,-84,48,8792,-9608,9324,-23,147,-168,-14584,4132,3820,-1007,43,-126,-14656,-3452,5460,-501,211,-185,0
46.31909513473511,9816,5636,10992,-106,-94,24,8884,-9524,9280,-20,173,-170,-14464,4056,3704,-1001,29,-97,-14696,-3396,5312,-508,153,-168,0
46.35457110404968,9708,5692,10928,-74,-28,30,8880,-9512,9180,-256,137,-143,-14516,4088,3688,-1010,78,-122,-14628,-3492,5516,-501,183,-161,0
46.39022493362427,9796,5736,11032,-65,-36,60,8832,-9540,9392,-26,128,-124,-14712,4032,4056,-1013,95,-86,-14672,-3496,5512,-498,152,-175,0
46.42485594749451,9936,5660,11004,-76,-6,13,8680,-9624,9232,-27,166,-125,-14552,4108,3860,-991,82,-94,-14768,-3568,5540,-516,133,-149,0
46.460482120513916,9804,5772,11116,-107,-247,51,8728,-9520,9304,-39,124,-141,-14364,4060,3832,-1021,96,-76,-14760,-3596,5492,-267,156,-142,0
46.495819091796875,9764,5760,10956,-101,-20,73,8712,-9580,9324,-81,127,-146,-14756,3980,3780,-981,89,-66,-14768,-3520,5476,-506,154,-151,0
46.53169012069703,9728,5800,11008,-120,-33,60,9056,-9680,9056,-39,118,-179,-14352,4052,3648,-1003,116,-99,-14752,-3596,5492,-266,201,-124,0
46.567968130111694,9792,5768,10908,-87,-76,49,8824,-9572,9332,-57,166,-203,-14548,4072,3628,-993,154,-129,-14720,-3572,5468,-495,142,-118,0
46.60312294960022,9828,5804,10988,-81,-85,68,8900,-9564,9420,-59,142,-172,-14488,4120,3864,-948,81,-59,-14612,-3580,5540,-477,117,-153,0
46.63881492614746,9776,5724,10988,-118,-84,33,8760,-9580,9096,-8,171,-143,-14828,4124,3620,-1004,60,-99,-14756,-3476,5492,-762,148,-133,0
46.67362308502198,9696,5836,11008,-176,-45,53,8784,-9612,9360,32,197,-124,-14428,4016,3864,-1021,83,-103,-15020,-3416,5444,-505,122,-124,0
46.709803104400635,9724,5868,11024,-143,-64,81,8800,-9600,9332,-36,198,-148,-14652,4148,3820,-972,117,-127,-14760,-3592,5504,-486,141,-105,0
46.74500107765198,9520,5732,11204,-208,-144,73,8700,-9684,9268,13,180,-210,-14492,4200,3832,-983,143,-142,-14372,-3448,5396,-497,201,-60,0
46.78109002113343,9724,5796,10908,-141,-193,113,8708,-9628,9388,-22,73,-208,-14580,4308,3720,-975,147,-98,-14668,-3612,5576,-761,220,-57,0
46.817081928253174,9616,5792,11020,-199,-206,130,8776,-9504,9204,-72,167,-184,-14552,4116,3836,-988,113,-117,-14724,-3524,5620,-507,161,-60,0
46.85322904586792,9800,5828,10916,-502,-222,104,8784,-9324,9000,-84,148,-187,-14584,3876,3740,-937,170,-119,-14756,-3572,5452,-470,161,-33,0
46.886826038360596,9784,5764,10976,-238,-186,140,8804,-9612,9348,-68,146,-206,-14544,4028,3836,-975,170,-90,-14784,-3568,5416,-491,181,-25,0
46.92024612426758,9840,5712,11220,-235,-204,137,8900,-9564,9356,-32,91,-232,-14540,4072,3876,-964,217,-138,-14780,-3532,5420,-478,243,248,0
46.953390121459954,9772,5776,10884,-253,-224,144,8952,-9564,9412,-42,143,-236,-14540,4120,3776,-1004,194,-161,-14688,-3580,5348,-476,218,-16,0
46.98729991912842,9848,5732,10872,-500,-255,125,8800,-9516,9404,-31,150,-213,-14536,4172,3656,-999,180,-167,-14872,-3632,5500,-462,246,252,0
47.020642042160034,9912,5756,11032,-238,-212,142,8812,-9572,9604,-19,129,-204,-14656,4072,3732,-1016,172,-155,-14836,-3500,5476,-485,193,-28,0
47.054211139678955,9884,5668,11164,-504,-242,147,8724,-9508,9364,-19,145,-210,-14588,4148,3840,-1000,143,-132,-14424,-3460,5540,-487,240,-48,0
47.08754301071167,9796,5800,11136,-243,-226,131,8768,-9628,9212,-27,110,-225,-14832,4232,3800,-1002,198,-75,-14660,-3524,5500,-523,189,-3,0
47.12105703353882,9852,5664,10904,-245,-226,186,8588,-9688,9292,-48,75,-201,-14732,4024,3584,-963,188,-126,-14788,-3584,5592,-484,209,-36,0
47.15436911582947,9840,5684,10912,-215,-281,172,8852,-9500,9476,-57,76,-241,-14560,3968,3860,-953,207,-117,-14684,-3352,5440,-491,183,-42,0
47.20291614532471,9896,5728,10760,-229,-230,145,8932,-9504,9248,-73,114,-209,-14828,4136,3744,-960,176,-75,-14668,-3452,5476,-463,165,-246,0
47.24821496009827,10148,5884,10876,-222,-210,141,8868,-9596,9248,-64,111,-196,-14632,4140,3716,-980,159,-113,-14768,-3452,5376,-491,156,-51,0
47.28321599960327,9976,5476,11168,-237,-164,160,8872,-9536,9336,-44,85,-203,-14476,4032,3648,-994,158,-79,-14828,-3528,5384,-487,189,-85,0
47.317111015319824,9972,5596,10768,-158,-158,115,8732,-9552,9296,-6,88,-176,-14584,4220,3808,-1022,147,-97,-14724,-3472,5388,-505,164,-100,0
47.35067796707153,9964,5752,10844,-104,-107,110,8948,-9652,9372,-13,90,-183,-14580,4016,3792,-997,156,-74,-14596,-3396,5376,-518,149,-152,0
47.384199142456055,10164,5620,10976,-107,-62,55,8860,-9512,9256,-36,153,-132,-14584,3972,3644,-1017,82,-82,-14728,-3376,5488,-512,125,-169,0
47.41763710975647,9780,5672,10996,-117,-22,44,8756,-9632,9452,24,195,-107,-14548,3968,3864,-1059,17,-99,-14652,-3364,5424,-767,146,-189,0
47.45137906074524,9936,5624,11064,-127,253,5,8716,-9596,9364,67,208,-141,-14540,4020,3728,-1049,53,-125,-14660,-3428,5532,-482,112,-196,0
47.485085010528564,9808,5640,10916,-111,16,24,8692,-9652,9236,11,178,-149,-14476,4284,3732,-1017,54,-108,-14612,-3412,5544,-488,138,-167,0
47.51856803894043,9824,5676,11020,-82,-45,-19,8840,-9632,8992,26,161,-189,-14688,4132,3756,-1026,65,-148,-14616,-3340,5496,-524,188,-186,0
47.55192804336548,9872,5848,10852,-98,-50,7,8716,-9652,9228,7,133,-168,-14764,4328,3712,-1279,54,-88,-14780,-3380,5452,-507,139,-202,0
47.58545804023743,9796,5700,10896,-59,253,17,8468,-9496,9272,-5,132,-120,-14740,4080,3744,-955,33,-43,-14676,-3616,5496,-519,95,-212,0
47.61904191970825,9792,5688,10904,-87,38,11,8720,-9568,9324,-35,138,-126,-14592,4144,3600,-975,45,-82,-14628,-3376,5496,-519,90,-184,0
47.65232205390931,9880,5816,11096,-82,25,16,8780,-9560,9264,-37,160,-119,-14532,4340,3680,-997,22,-69,-14800,-3440,5408,-526,123,-179,0
47.685567140579224,9828,5712,10784,-88,6,28,8712,-9568,9304,-58,140,-129,-14532,4284,3664,-1006,62,-106,-14732,-3468,5444,-506,158,-173,0
47.718974113464355,9760,5860,11068,-97,-40,55,8844,-9616,9256,3,160,-164,-14500,3864,3664,-1029,88,-86,-14584,-3524,5532,-497,202,-155,0
47.75235104560851,9824,5784,11020,-70,-64,95,8736,-9544,9404,-52,92,-174,-14348,4180,3760,-773,102,-116,-14760,-3596,5560,-768,202,-115,0
47.78580713272095,9760,5696,10960,-96,-44,65,8800,-9632,9352,-20,162,-166,-14364,4196,3912,-978,78,-121,-14720,-3548,5568,-497,212,-166,0
47.81940412521363,9792,5752,11056,-113,-37,31,8660,-9984,9016,-31,150,-160,-14548,4124,3804,-1003,84,-165,-14772,-3528,5616,-516,134,-196,0
47.852816104888916,9876,5632,11136,-87,-39,46,8900,-9656,9364,-250,170,-151,-14472,4016,3792,-769,48,-85,-14716,-3364,5548,-259,166,-170,0
47.88900899887085,9812,5780,11028,-90,-36,43,8808,-9572,9404,-3,141,-164,-14488,4228,3876,-994,78,-94,-14636,-3592,5624,-486,145,-143,0
47.92524695396423,9680,5712,11240,-135,-69,40,8760,-9656,9468,-49,142,-186,-14724,4344,3600,-954,59,-127,-14868,-3580,5500,-491,208,-161,0
47.9609911441803,9828,5704,11136,-127,-93,51,8828,-9560,9312,-52,141,-183,-14468,4088,3744,-980,76,-98,-14748,-3596,5520,-532,165,-133,0
47.9961941242218,9776,5692,11204,-115,-61,62,8800,-9568,9244,-32,126,-181,-14376,4024,3748,-996,97,-125,-14724,-3376,5472,-508,155,-120,0
48.031975984573364,9724,5816,10992,-128,-67,89,8844,-9600,9200,-63,153,-176,-14604,3884,3808,-969,120,-113,-14924,-3440,5404,-508,180,-137,0
48.06778907775879,9844,5724,10928,-149,-71,47,8844,-9628,9316,16,157,-155,-14628,4128,3764,-1001,82,-107,-14676,-3500,5580,-507,148,-136,0
48.102632999420166,9752,5792,10992,-203,-73,63,8632,-9544,9280,51,199,-190,-14528,4004,3892,-975,82,-117,-14752,-3816,5496,-469,178,-110,0
48.13809299468995,9696,5820,11108,-184,-163,86,8652,-9636,9360,9,180,-194,-14500,4336,3820,-977,133,-112,-14688,-3460,5548,-495,180,-21,0
48.17318105697632,9776,5700,10768,-149,-219,127,8736,-9608,9340,-78,113,-222,-14832,4252,3944,-957,112,-72,-14716,-3532,5440,-556,135,-52,0
48.209311962127686,9756,5752,11016,-171,-199,131,8788,-9572,9408,-55,124,-185,-14544,4100,3696,-948,129,-108,-14732,-3620,5540,-505,176,-68,0
48.24501705169678,9652,5776,11016,-214,-160,112,8672,-9576,9464,-46,114,-187,-14564,4068,3860,-939,179,-172,-14612,-3528,5508,-486,171,-29,0
48.280498027801514,9664,5816,10952,-223,-180,152,8824,-9604,9368,-46,143,-222,-14556,4024,3912,-936,188,-120,-15072,-3520,5592,-467,249,-34,0
48.31557893753052,9820,5744,10756,-285,-220,145,8504,-9548,9348,-43,120,-244,-14488,4064,3736,-975,194,-154,-14696,-3428,5484,-440,205,9,0
48.3516161441803,9704,5704,10948,-269,-214,152,8796,-9476,9232,-16,112,-197,-14736,4052,3780,-991,192,-101,-14668,-3624,5508,-457,203,-252,0
48.38763213157654,9704,5832,11104,-280,-232,175,8852,-9620,9296,-25,131,-203,-14452,4160,3744,-973,126,-123,-14732,-3520,5656,-480,181,-40,0
48.422693967819214,9840,5680,11248,-213,-209,154,8792,-9584,9376,-43,92,-206,-14548,4100,3848,-961,171,-151,-14800,-3432,5604,-521,163,-30,0
48.458696126937866,9856,5688,11060,-205,-233,148,8864,-9512,9348,-28,107,-220,-14580,4148,3700,-977,151,-100,-14812,-3564,5544,-751,174,-62,0
48.493713140487664,9836,5688,11188,-243,-219,163,8768,-9580,9292,-41,126,-176,-14484,4068,3780,-963,183,-126,-14716,-3416,5540,-492,177,-25,0
48.53097105026245,9908,5652,10944,-203,-215,179,8796,-9604,9240,-35,65,-230,-14516,4048,3692,-994,225,-127,-15072,-3492,5476,-462,182,-256,0
48.564327001571655,9880,5712,11104,-214,-211,151,8764,-9616,9428,-46,108,-204,-14348,4120,3732,-994,169,-111,-14672,-3404,5524,-487,199,-51,0
48.5979220867157,9836,5832,10928,-200,-199,123,8868,-9588,9308,-46,99,-205,-14848,3968,3588,-1004,181,-116,-14700,-3464,5464,-487,194,-82,0
48.63161301612854,9812,5632,10996,-164,-190,148,8888,-9504,9256,-51,98,-200,-14584,3912,3488,-991,156,-124,-14732,-3488,5528,-504,174,-110,0
48.66535401344299,9956,5628,10824,-131,-138,99,8804,-9560,9284,-27,109,-189,-14548,3908,3600,-995,117,-127,-14732,-3408,5572,-530,140,-141,0
48.69851112365723,9848,5632,10676,-119,-99,82,8892,-9492,9304,-26,125,-169,-14704,4080,3684,-993,89,-155,-14712,-3336,5484,-542,142,-150,0
48.73200511932373,9820,5612,10928,-114,-65,44,8916,-9532,9464,-16,177,-159,-14584,4088,3708,-995,61,-104,-14800,-3508,5532,-474,132,-152,0
48.76538395881653,9892,5648,10868,-152,-59,47,8760,-9548,9244,20,188,-152,-14572,3968,3632,-1006,103,-102,-14720,-3460,5364,-478,144,-133,0
48.798917055130005,9896,5756,11116,-146,-82,72,8860,-9652,9448,1,156,-164,-14564,4028,3752,-1035,141,-72,-14696,-3560,5580,-463,150,-109,0
48.832399129867554,9816,5688,11156,-133,-134,76,8792,-9640,8972,-27,124,-198,-14572,4252,3636,-1025,148,-122,-14748,-3404,5480,-516,173,-123,0
48.86600399017334,9816,5608,10984,-118,-173,94,8800,-9592,9296,-32,112,-222,-14528,4032,3816,-1002,158,-114,-14824,-3504,5640,-513,134,-91,0
48.89966297149659,9804,5596,11052,-168,-100,100,8848,-9524,9304,-31,123,-169,-14544,4204,3792,-1005,115,-122,-14660,-3456,5524,-505,132,-123,0
48.93286395072937,9848,5640,10932,-135,-80,94,8700,-9508,9336,-20,121,-145,-14532,3884,3688,-975,92,-64,-14672,-3396,5656,-504,96,-105,0
48.96648406982422,9840,5568,10908,-145,-103,61,8972,-9512,9212,-36,148,-143,-14524,4100,3676,-988,98,-83,-14768,-3536,5560,-520,128,-152,0
49.00001502037048,9756,5660,11032,-160,-95,94,8860,-9676,9300,7,172,-158,-14404,4052,3584,-998,116,-64,-14688,-3540,5488,-510,140,-130,0
49.03378510475159,9808,5684,10960,-100,-81,80,8900,-9532,9324,-78,122,-200,-14672,4008,3852,-982,117,-122,-14740,-3488,5460,-499,174,-128,0
49.06758403778076,9952,5552,10980,-139,-116,50,8980,-9600,9232,29,171,-210,-14480,3864,3692,-775,77,-113,-14576,-3408,5492,-498,200,-151,0
49.101043939590454,9804,5392,10584,-139,-57,34,8860,-9480,9208,15,171,-191,-14352,4080,3756,-1024,107,-96,-14628,-3132,5424,-495,172,-152,0
49.1347451210022,9816,5664,10980,-79,-53,40,8488,-9488,9464,-7,144,-149,-14636,4108,3716,-1006,75,-96,-14692,-3424,5496,-514,131,-190,0
49.168246030807495,9844,5632,11188,-124,-13,-255,8968,-9528,9380,-10,175,-162,-14488,4156,3720,-1010,25,-115,-14668,-3372,5612,-525,77,-206,0
49.201595067977905,9924,5668,11068,-105,0,6,8852,-9516,9340,-34,210,-87,-14540,4108,3756,-991,-11,-119,-14436,-3472,5476,-518,116,-181,0
49.23540115356446,9804,5660,10984,-83,19,21,8756,-9612,9336,-29,179,-142,-14544,4036,3796,-1020,71,-128,-14696,-3480,5488,-764,135,-170,0
49.26899313926697,9784,5716,10892,-106,-32,27,8752,-9628,9444,-13,154,-175,-14524,4084,3696,-1004,83,-81,-14624,-3356,5380,-495,133,-136,0
49.30238699913025,9736,5748,10940,-67,-76,50,8724,-9640,9388,-57,99,-182,-14640,4112,3712,-993,99,-54,-14696,-3416,5472,-499,132,-160,0
49.33586812019348,9824,5748,11104,-81,-87,55,8904,-9532,9220,-20,127,-156,-14408,4020,3608,-998,70,-93,-14616,-3500,5520,-523,144,-200,0
49.36932897567749,9868,5692,11032,-71,-28,46,8836,-9592,9180,-35,137,-135,-14568,4016,3792,-1031,53,-120,-14600,-3392,5504,-546,146,-180,0
49.40284299850464,9508,5688,11024,-75,-19,40,8732,-9532,9372,-55,137,-143,-14560,4080,3824,-987,83,-106,-14844,-3492,5616,-548,146,-146,0
49.43618392944336,9780,5732,10972,-86,-38,55,8720,-9552,9364,-21,133,-151,-14340,4132,3908,-993,84,-93,-14668,-3588,5548,-768,141,-146,0
49.47004199028015,9508,5768,11108,-93,-75,52,8836,-9688,9428,-78,143,-167,-14344,3960,3732,-953,69,-101,-14624,-3544,5656,-765,161,-139,0
49.50366997718812,9964,5744,10864,-91,-60,37,8772,-9492,9364,-49,131,-162,-14516,4096,3752,-965,60,-102,-14728,-3572,5548,-495,155,-131,0
49.53698992729187,9756,5744,10784,-111,-81,50,8500,-9632,9356,-46,157,-171,-14576,4052,3852,-981,80,-64,-14748,-3584,5672,-489,199,-146,0
49.57371401786804,9588,5760,11040,-90,-79,68,8912,-9544,9264,255,129,-179,-14468,4080,3756,-1015,96,-113,-14676,-3512,5648,-504,187,-135,0
49.609841108322144,9740,5776,11000,-83,-71,38,8780,-9500,9220,-23,134,-151,-14600,4064,3872,-1002,80,-125,-14604,-3504,5516,-546,167,-164,0
49.644989013671875,9688,5756,11088,-113,-90,58,8732,-9648,9220,2,141,-174,-14356,4120,3608,-966,81,-107,-14760,-3644,5472,-519,192,-146,0
49.68074703216553,9804,5796,10968,-109,-81,45,8740,-9584,9388,-15,149,-190,-14564,4116,3864,-971,119,-165,-14668,-3496,5628,-479,179,-127,0
49.71623992919922,9968,5784,10976,-116,-98,67,8880,-9544,9432,-48,171,-196,-14828,4140,3632,-974,109,-114,-14716,-3428,5460,-525,154,-107,0
49.75243902206421,9720,5732,10960,-128,-75,90,8784,-9644,9216,4,167,-151,-14800,3972,3776,-1001,66,-120,-14844,-3380,5556,-523,141,-111,0
49.788203954696655,9804,5924,11036,-160,-108,79,8808,-9524,9260,-6,169,-146,-14504,4068,3852,-1003,68,-93,-14712,-3772,5564,-497,144,-88,0
49.82367491722107,9620,5764,11032,-145,-155,75,8948,-9572,9312,-32,202,-163,-14576,4220,3740,-952,96,-139,-14672,-3412,5672,-491,159,-108,0
49.85964894294739,9840,5804,10792,-203,-147,46,8828,-9652,9320,8,203,-186,-14512,4324,3796,-999,119,-96,-14768,-3572,5408,-508,169,-122,0
49.8948290348053,9808,5748,11108,-176,-154,84,8896,-9608,9164,7,173,-160,-14584,4184,3900,-987,64,-79,-14588,-3444,5648,-491,197,-50,0
49.930843114852905,9620,5744,10792,-191,-197,141,8904,-9576,9328,-49,141,-163,-14432,4124,3692,-943,130,-122,-14732,-3340,5608,-490,149,-50,0
49.96717095375061,9824,5760,11196,-217,-202,125,8796,-9520,9316,-82,139,-187,-14500,4196,3800,-919,125,-92,-14696,-3816,5508,-497,153,-32,0
50.00224304199219,9784,5760,10992,-214,-174,178,8720,-9552,9304,-67,101,-191,-14548,3848,3712,-943,174,-139,-14724,-3768,5460,-486,181,-32,0
50.03759813308716,9772,5764,10856,-255,-219,157,8732,-9564,9316,-28,116,-218,-14560,4124,3788,-996,201,-154,-14512,-3484,5648,-470,222,-15,0
50.07365703582764,9824,5652,10900,-188,-235,166,8872,-9272,9304,-31,113,-201,-14836,4296,3644,-969,194,-128,-14688,-3472,5436,-480,238,-22,0
50.10921597480774,9932,5764,10984,-248,-273,167,8728,-9624,9220,-29,128,-248,-14828,4092,3908,-979,202,-145,-14848,-3552,5508,-475,233,-25,0
50.14948296546936,9836,5704,10976,-226,-230,136,8832,-9584,9292,-256,162,-203,-14644,4136,3576,-1008,176,-152,-14732,-3428,5336,-500,211,-71,0
50.1854989528656,9832,5672,10932,-219,-217,135,8904,-9644,9008,-5,106,-210,-14552,4132,3824,-989,137,-111,-14724,-3476,5532,-489,188,-21,0
50.22219109535217,9772,5712,11064,-221,-177,136,8780,-9568,9300,-37,131,-215,-14536,4084,3760,-955,155,-142,-14620,-3460,5552,-511,190,-82,0
50.255561113357544,9740,5760,11044,-187,-189,143,8832,-9516,9284,-58,129,-216,-14396,4348,3788,-968,146,-133,-14344,-3464,5572,-495,194,-64,0
50.28917193412781,9868,5716,11108,-177,-224,130,8804,-9596,9252,-42,114,-236,-14568,4080,3868,-951,158,-92,-14676,-3564,5520,-481,197,-58,0
50.322551012039185,9816,5632,10920,-195,-230,142,8840,-9596,9376,-35,130,-221,-14468,4048,3840,-946,149,-97,-14616,-3516,5432,-488,216,-45,0
50.35598611831664,9800,5780,10972,-212,-219,120,8696,-9508,9260,-23,98,-211,-14532,4032,3600,-959,152,-123,-14408,-3428,5548,-498,208,-59,0
50.389567136764526,9916,5620,10816,-178,-199,135,8928,-9500,9212,-43,146,-218,-14620,4052,3696,-985,118,-140,-14800,-3372,5524,-498,184,-100,0
50.42288899421692,9872,5724,10988,-168,-171,132,8760,-9600,9256,8,120,-175,-14528,4056,3416,-982,156,-113,-14816,-3404,5532,-495,174,-89,0
50.456560134887695,9928,5648,10892,-141,-126,119,8756,-9600,9260,-43,95,-180,-14408,4092,3916,-976,115,-153,-14796,-3548,5504,-498,175,-89,0
50.489994049072266,9920,5640,10764,-114,-108,85,8728,-9508,9204,-45,122,-159,-14492,4096,3640,-973,122,-72,-14756,-3484,5376,-767,120,-108,0
50.52364706993102,9936,5620,10840,-119,-53,83,8824,-9672,9404,-39,139,-139,-14800,4128,3684,-1007,60,-48,-14668,-3384,5556,-522,119,-148,0
50.557188987731934,9880,5636,10952,-129,-59,41,8812,-9544,9320,39,194,-136,-14492,4040,3660,-1011,62,-93,-14776,-3468,5596,-492,159,-162,0
50.590495109558105,9816,5728,10812,-121,-52,40,8744,-9532,9396,-28,121,-150,-14380,3876,3408,-988,118,-131,-14760,-3352,5556,-489,163,-142,0
50.62392592430115,9912,5612,10784,-115,-96,41,8860,-9648,9216,17,173,-157,-14380,4168,3744,-997,84,-137,-14648,-3392,5424,-471,213,-172,0
50.65746092796326,9824,5768,10840,-143,-65,33,8836,-9684,8968,25,169,-171,-14760,4108,3756,-1031,71,-102,-14604,-3448,5648,-260,143,-156,0
50.690946102142334,9772,5708,10916,-115,-23,73,8896,-9564,9224,-5,173,-137,-14584,3912,3668,-988,54,-50,-14676,-3408,5520,-489,82,-176,0
50.72438406944275,9876,5548,11056,-131,-25,54,8848,-9584,9424,-22,146,-140,-14516,4164,3724,-996,24,-59,-14428,-3436,5564,-531,130,-184,0
50.757676124572754,9736,5788,10924,-117,-50,49,8844,-9596,9164,-19,169,-155,-14492,4092,3972,-971,68,-91,-14768,-3436,5596,-531,122,-172,0
50.79087495803833,9860,5732,11168,-99,-50,78,8696,-9608,9324,-60,155,-156,-14416,4052,3796,-979,92,-105,-14732,-3500,5464,-526,160,-141,0
50.82425093650818,9800,5648,10844,-129,-104,81,8720,-9536,9300,-249,142,-184,-14584,4312,4032,-987,104,-142,-14748,-3308,5612,-499,190,-134,0
50.8576500415802,9948,5704,10912,-102,-122,80,8828,-9512,9028,4,117,-218,-14468,4024,3776,-998,98,-96,-14364,-3464,5496,-516,182,-125,0
50.89114594459534,9852,5664,10788,-112,-153,62,8904,-9500,9132,13,176,-175,-14556,4084,3500,-956,111,-100,-14784,-3424,5420,-507,174,-134,0
50.92453098297119,9856,5720,11064,-148,-121,90,8860,-9616,9360,-28,150,-180,-14604,4164,3732,-1004,96,-93,-14652,-3372,5824,-532,185,-130,0
50.958040952682495,9984,5760,11152,-137,-126,86,8716,-9512,9384,-13,155,-177,-14564,4064,3588,-991,117,-139,-14596,-3488,5516,-517,160,-120,0
50.99151110649109,9768,5736,11000,-130,-98,108,8932,-9508,9212,-38,119,-164,-14660,4084,3688,-975,97,-118,-14724,-3568,5460,-509,169,-114,0
51.025049924850464,9892,5740,10888,-123,-120,101,8800,-9312,9020,-57,128,-207,-14592,4148,3644,-958,105,-95,-14680,-3580,5528,-485,189,-102,0
51.058659076690674,9840,5668,11096,-151,-88,99,8724,-9524,9252,-30,119,-173,-14620,3896,3596,-981,129,-114,-14716,-3364,5548,-480,168,-99,0
51.09211993217468,9804,5668,10952,-166,-114,86,8900,-9588,9460,-30,102,-169,-14628,4040,3700,-975,135,-76,-14804,-3464,5608,-490,181,-62,0
51.12569713592529,9824,5860,11044,-145,-102,94,8776,-9652,9320,-5,116,-187,-14344,4140,3620,-997,115,-106,-14640,-3456,5556,-522,199,-103,0
51.159188985824585,9844,5804,11204,-116,-102,84,8772,-9648,9428,-12,126,-164,-14664,4076,3692,-969,146,-144,-14656,-3544,5472,-528,199,-115,0
51.19239807128907,9868,5748,11160,-103,-124,106,8872,-9652,9360,-13,113,-176,-14544,4020,3748,-971,123,-161,-14660,-3448,5584,-514,214,-125,0
51.225626945495605,9836,5812,11184,-140,-112,64,8920,-9432,9292,-31,156,-167,-14684,4100,3604,-986,101,-127,-14676,-3524,5388,-520,136,-124,0
51.26341795921326,9836,5724,10904,-161,-116,87,8736,-9668,9216,-43,141,-137,-14596,4132,3668,-980,99,-77,-14772,-3544,5532,-537,145,-70,0
51.299293994903564,9716,5612,10896,-182,-108,91,8996,-9592,9172,-4,163,-162,-14836,3876,3652,-1007,70,-89,-14748,-3484,5628,-492,159,-147,0
51.334620952606194,9900,5652,11116,-137,-111,79,8892,-9528,9172,-56,140,-177,-14376,4020,3968,-978,105,-115,-14796,-3560,5412,-517,148,-108,0
51.370145082473755,9924,5828,10956,-120,-98,44,8920,-9620,9260,-30,151,-169,-14572,4012,3780,-948,90,-70,-14600,-3392,5568,-497,162,-155,0
51.40513014793396,9660,5648,10952,-141,-29,32,8716,-9572,8960,15,177,-167,-14472,3988,3820,-1009,89,-118,-14536,-3344,5460,-494,161,-147,0
51.44042992591858,9844,5816,10796,-122,-38,44,8860,-9524,9352,1,167,-172,-14564,4120,3700,-1008,98,-89,-14716,-3468,5508,-474,199,-148,0
51.47575902938843,9792,5784,11116,-157,-93,50,8812,-9616,9228,-38,156,-183,-14640,4052,3676,-980,112,-113,-14812,-3576,5516,-519,166,-137,0
51.511719942092896,9836,5676,10912,-112,-78,25,8856,-9620,9284,-33,161,-173,-14488,4072,3796,-987,53,-116,-14804,-3512,5556,-504,142,-174,0
51.54765009880066,9844,5604,10824,-73,-43,29,8780,-9556,9312,-23,123,-137,-14524,4124,3684,-990,59,-68,-14828,-3396,5528,-544,133,-178,0
51.582667112350464,9760,5768,10884,-120,-32,43,8708,-9560,9236,254,142,-158,-14452,4060,3828,-1005,85,-109,-14644,-3408,5632,-492,166,-167,0
51.618030071258545,9936,5676,11260,-81,-251,17,8756,-9528,9300,-45,86,-164,-14768,4120,3792,-1003,85,-96,-15068,-3516,5500,-510,187,-154,0
51.653748989105225,9956,5716,11012,-122,-27,53,8892,-9672,9372,-6,157,-163,-14600,4024,3888,-997,75,-85,-14824,-3552,5456,-522,178,-143,0
51.68918299674988,9800,5688,10996,-105,-35,81,8912,-9640,9256,-25,151,-166,-14524,4032,3840,-989,83,-139,-14736,-3604,5748,-518,217,-170,0
51.72410297393799,9728,5756,11172,-103,-96,57,8872,-9592,9264,-37,124,-178,-14588,4188,3896,-991,105,-154,-14624,-3512,5580,-258,220,-151,0
51.75921607017517,9812,5724,10920,-110,-53,64,8632,-9544,9332,-29,147,-159,-14388,4080,3864,-948,69,-102,-14728,-3624,5604,-521,176,-152,0
51.79418992996216,9808,5780,10828,-122,-35,61,8708,-9524,9460,-40,157,-158,-14624,3996,3648,-979,69,-94,-14776,-3500,5560,-525,161,-141,0
51.82976794242859,9484,5696,11064,-123,-17,53,8828,-9600,9400,-20,157,-164,-14516,4348,3688,-956,91,-109,-14704,-3536,5480,-515,155,-146,0
51.86496901512146,9752,5772,10796,-102,-6,50,8776,-9552,9292,-29,122,-161,-14560,4336,3612,-994,68,-113,-14708,-3548,5380,-257,166,-110,0
51.901227951049805,9748,5864,10756,-141,-45,68,8852,-9580,9300,-35,161,-190,-14664,4104,3740,-985,74,-54,-14488,-3416,5584,-485,185,-88,0
51.93432903289795,9868,5688,10908,-173,-67,75,8788,-9556,9216,-21,167,-184,-14460,4092,3852,-1280,95,-103,-14776,-3544,5440,-504,185,-120,0
51.9677951335907,9644,5704,11020,-166,-80,76,8480,-9564,9340,-8,170,-184,-14552,4148,3884,-998,62,-159,-14808,-3588,5584,-499,170,-102,0
52.001096963882446,9968,5764,10964,-171,-102,77,8668,-9704,9376,-254,201,-175,-14412,4116,3744,-977,100,-120,-14564,-3492,5716,-258,146,-119,0
52.034765005111694,9536,5720,11048,-201,-120,113,8796,-9696,9228,11,185,-207,-14428,4116,3592,-988,93,-108,-14840,-3584,5696,-504,176,-71,0
52.06806206703186,9664,5808,11208,-208,-187,133,8776,-9572,9424,-250,151,-205,-14500,3908,3584,-954,133,-117,-14460,-3564,5636,-502,178,-52,0
52.101624965667725,9780,5752,10924,-191,-188,117,8756,-9620,9224,-76,176,-205,-14580,4188,3936,-933,148,-79,-14648,-3408,5624,-512,185,-18,0
52.135136127471924,9708,5716,11244,-225,-214,161,8952,-9544,9276,-32,123,-191,-14548,4196,3832,-964,110,-126,-14704,-3552,5556,-491,183,-25,0
52.1684489250183,9668,5848,11052,-239,-215,150,8728,-9492,9368,-47,131,-201,-14544,3960,3808,-954,167,-137,-14572,-3504,5524,-496,185,-28,0
52.20185708999634,9840,5640,10956,-239,-235,148,8736,-9488,9312,-50,134,-217,-14384,4100,3688,-964,165,-143,-14548,-3404,5612,-471,218,-28,0
52.235582113265984,9672,5624,10916,-265,-185,144,8792,-9580,8960,-3,152,-230,-14496,3840,3728,-970,174,-133,-14668,-3360,5668,-474,241,-19,0
52.268990993499756,9848,5664,11104,-234,-198,145,8752,-9524,9344,13,111,-214,-14608,4116,3928,-975,184,-98,-14688,-3600,5488,-478,209,-30,0
52.302469968795776,9780,5652,11204,-247,-187,146,8956,-9520,9340,-8,118,-228,-14424,3856,3628,-966,168,-95,-14608,-3500,5648,-499,179,-39,0
52.335782051086426,9852,5688,10916,-217,-206,136,8944,-9616,9276,-48,123,-195,-14524,4080,3728,-1008,129,-100,-14796,-3528,5592,-519,161,-46,0
52.36931610107422,9780,5704,11000,-187,-207,158,8940,-9644,9056,-15,107,-203,-14844,4168,3620,-984,182,-120,-14876,-3520,5632,-763,140,-64,0
52.40300703048706,9812,5816,11060,-188,-168,133,8760,-9568,9172,-16,123,-198,-14492,4088,3816,-964,136,-120,-14652,-3456,5628,-480,206,-50,0
52.436238050460815,9876,5608,10836,-223,-241,125,8812,-9532,9196,-29,102,-209,-14620,4056,3636,-969,167,-89,-14792,-3404,5504,-487,180,-54,0
52.469736099243164,9820,5424,11092,-202,-207,161,8824,-9640,9332,-42,106,-198,-14480,4204,3716,-969,155,-100,-14724,-3548,5428,-493,197,-62,0
52.503247022628784,9780,5656,10884,-211,-206,130,8960,-9528,9344,-23,113,-210,-14584,4180,4068,-983,142,-116,-15068,-3492,5824,-494,223,-56,0
52.536970138549805,9872,5660,10868,-210,-184,130,8804,-9576,9424,-9,101,-229,-14684,4156,3732,-985,178,-129,-14636,-3436,5552,-511,212,-40,0
52.570574045181274,10228,5672,11224,-198,-199,128,8820,-9544,9264,-25,107,-217,-14356,3928,3632,-969,147,-152,-14632,-3452,5524,-490,185,-66,0
52.604066133499146,9900,5692,10932,-193,-183,141,8812,-9544,9328,-26,107,-212,-14504,4160,3692,-962,145,-138,-14672,-3552,5404,-509,172,-83,0
52.637614011764526,9896,5852,10976,-155,-145,79,8940,-9588,9436,-43,134,-166,-14636,4080,3940,-1013,65,-127,-14748,-3528,5568,-526,132,-164,0
52.671003103256226,9884,5612,10916,-139,-94,103,8812,-9532,9252,45,147,-157,-14520,3928,3800,-992,108,-98,-14644,-3440,5560,-506,141,-153,0
52.704432010650635,9708,5704,10780,-131,-47,70,8900,-9432,9256,-62,108,-160,-14656,3884,3796,-978,113,-72,-14724,-3500,5360,-498,161,-140,0
52.738178968429565,9920,5596,10864,-148,-89,72,8716,-9548,9316,-14,149,-180,-14612,4108,3724,-1002,107,-98,-14724,-3364,5508,-500,203,-175,0
52.77191996574402,9848,5548,10856,-111,-71,54,8856,-9480,9244,7,155,-177,-14552,4024,3808,-1011,81,-116,-14752,-3552,5512,-518,171,-177,0
52.805498123168945,9852,5664,10876,-137,-43,54,8820,-9664,9316,36,120,-134,-14504,4320,3728,-1003,112,-120,-14600,-3484,5816,-512,123,-170,0
52.839020013809204,9916,5688,10892,-105,-14,47,8960,-9564,9200,35,134,-129,-14564,4144,3668,-782,49,-65,-14688,-3172,5528,-499,109,-151,0
52.872411012649536,9884,5384,11012,-101,13,41,8808,-9628,9468,-17,127,-128,-14460,3844,3788,-1015,34,-87,-14628,-3464,5832,-516,102,-186,0
52.90565204620361,9780,5648,10952,-70,8,29,8920,-9560,9336,-33,142,-106,-14824,3976,3648,-1014,40,-86,-14760,-3640,5516,-547,119,-177,0
52.94350600242615,9744,5712,10936,-52,-249,37,8772,-9512,9364,-40,142,-109,-14544,4020,3588,-964,10,-72,-14736,-3556,5232,-499,123,-219,0
52.97961902618408,9840,5704,10940,-90,-3,23,8760,-9568,9324,-55,167,-167,-14400,4068,3764,-986,40,-61,-14740,-3548,5580,-536,161,-190,0
53.01494002342224,9824,5700,10868,-94,-27,39,8860,-9512,9320,5,134,-175,-14516,4312,3600,-998,63,-147,-14576,-3444,5632,-500,189,-176,0
53.050213098526,9796,5760,10920,-90,-58,8,8868,-9556,9464,-22,145,-171,-14476,4176,3720,-1000,90,-137,-14616,-3368,5580,-502,201,-158,0
53.085631132125854,9896,5864,10944,-83,-86,22,8756,-9544,9276,-15,184,-177,-14516,4116,3660,-963,58,-110,-14592,-3540,5608,-523,170,-178,0
53.12170100212097,9868,5740,11072,-102,-77,29,8824,-9564,9020,-11,146,-164,-14508,4132,3696,-952,43,-113,-14720,-3416,5576,-519,154,-170,0
53.157684087753296,9812,5624,10944,-96,-57,58,8728,-9556,9444,3,154,-147,-14360,4060,3912,-990,72,-70,-14792,-3540,5512,-552,183,-142,0
53.19294595718384,9812,5732,10924,-107,-53,61,8820,-9488,9180,4,133,-160,-14536,4212,3712,-1013,92,-95,-14792,-3608,5604,-531,155,-162,0
53.229212045669556,9808,5680,11048,-116,-63,93,8888,-9612,9320,-36,146,-177,-14792,4092,3600,-979,54,-115,-14676,-3580,5540,-505,194,-103,0
53.26445412635803,9736,5744,10960,-111,-78,66,8872,-9572,9240,253,149,-188,-14528,4048,3876,-1010,104,-143,-14636,-3600,5572,-483,190,-90,0
53.30054998397827,9948,5764,11104,-159,-96,73,8748,-9584,9300,-12,167,-174,-14452,4256,3600,-986,108,-122,-14796,-3616,5608,-484,193,-87,0
53.335845947265625,9780,5676,10600,-187,-145,80,8900,-9492,9408,-44,157,-182,-14740,4120,3668,-970,120,-109,-14760,-3516,5648,-497,186,-67,0
53.371803998947144,9668,5764,11244,-173,-170,109,8708,-9596,9340,7,158,-183,-14676,4124,3752,-1000,115,-129,-14596,-3568,5816,-766,162,-87,0
53.40799403190613,9856,5860,10776,-151,-153,100,8732,-9588,9460,-41,150,-180,-14584,4120,3672,-963,119,-63,-14672,-3560,5560,-763,176,-47,0
53.443336963653564,9740,5816,11084,-206,-186,133,8804,-9624,9208,-58,129,-190,-14524,4152,3872,-934,144,-65,-14716,-3536,5644,-497,194,-36,0
53.479159116744995,9700,5640,11204,-197,-185,137,8480,-9628,9276,-75,140,-213,-14512,4060,3824,-952,156,-117,-14616,-3516,5252,-501,194,-38,0
53.51405310630798,9872,5652,11180,-205,-186,143,8860,-9484,9352,-61,109,-211,-14524,4040,3876,-970,185,-113,-14572,-3468,5552,-507,226,-56,0
53.54999899864197,9840,5780,11036,-217,-223,148,8852,-9544,9224,-23,96,-225,-14588,4344,3840,-968,185,-116,-14672,-3452,5468,-474,232,-19,0
53.58553409576416,9824,5796,10944,-228,-211,166,8652,-9604,9356,-32,102,-225,-14556,3888,3672,-987,184,-139,-14680,-3460,5484,-460,227,-30,0
53.61928105354309,9692,5688,11048,-232,-228,122,8672,-9612,9324,-21,134,-229,-14500,4104,3756,-958,200,-181,-14660,-3452,5568,-471,229,-48,0
53.65285301208496,9840,5700,10988,-204,-190,117,8688,-9568,9220,-66,114,-218,-14832,4176,3612,-947,181,-158,-14668,-3488,5528,-480,184,-38,0
53.686164140701294,9956,5688,10788,-173,-223,138,8884,-9592,9332,-42,148,-182,-14592,4060,3772,-974,145,-81,-14724,-3568,5408,-513,180,-80,0
53.719537973403924,9852,5584,11056,-215,-175,100,8836,-9700,9388,20,141,-183,-14408,3844,3608,-1009,136,-112,-14696,-3564,5564,-481,156,-78,0
53.75303506851196,9700,5708,10816,-186,-129,92,8712,-9460,9384,-25,153,-195,-14540,3952,3792,-976,172,-79,-14668,-3500,5368,-463,176,-41,0
53.7867169380188,9896,5680,11200,-203,-238,116,8840,-9552,9252,-20,130,-238,-14556,4104,3784,-963,175,-148,-14716,-3396,5548,-475,224,-71,0
53.82023000717164,9964,5636,10924,-203,-209,132,8928,-9496,9304,23,130,-205,-14644,4064,3684,-995,149,-126,-14800,-3456,5580,-508,183,-71,0
53.85372710227967,9848,5700,11008,-149,-173,160,8812,-9580,9016,-38,137,-167,-14520,4052,3700,-973,116,-94,-14644,-3484,5404,-516,135,-108,0
53.88701510429382,9836,5688,11032,-183,-151,111,8752,-9620,9208,-35,140,-183,-14468,4160,3616,-959,111,-89,-14788,-3452,5544,-511,158,-86,0
53.92042303085327,9828,5692,10884,-133,-142,135,8952,-9716,9244,-46,95,-179,-14480,4136,3736,-981,111,-113,-14692,-3436,5520,-533,157,-95,0
53.95384502410889,9948,5628,10784,-116,-135,128,8968,-9576,9256,-55,105,-171,-14564,3992,3724,-987,131,-100,-14584,-3316,5456,-507,173,-80,0
53.98749613761902,9804,5572,10780,-128,-123,85,8888,-9448,9368,-19,103,-177,-14472,4028,3720,-984,142,-130,-14652,-3560,5492,-483,172,-127,0
54.02121591567993,9868,5672,10844,-121,-125,97,8768,-9500,9280,-4,141,-176,-14548,4008,3584,-980,124,-110,-14828,-3440,5428,-762,161,-121,0
54.054749965667725,9868,5880,10772,-144,-66,63,9136,-9580,9460,26,172,-168,-14516,4088,3952,-999,110,-132,-14728,-3328,5596,-507,169,-136,0
54.08824706077576,9840,5744,11044,-120,-79,63,8952,-9524,9156,-13,135,-165,-14796,4056,3956,-1008,120,-120,-14644,-3340,5648,-516,198,-123,0
54.12183213233948,9836,5752,11104,-128,-113,72,8864,-9644,9332,-16,126,-155,-14628,4180,4012,-1020,119,-109,-14748,-3480,5568,-505,168,-134,0
54.1555540561676,9792,5860,11140,-111,-99,74,8500,-9524,9356,-30,137,-182,-14368,4056,3584,-982,136,-100,-14768,-3540,5760,-257,154,-116,0
54.189072132110596,9744,5652,11116,-115,-126,66,8804,-9676,9156,-10,133,-209,-14628,4180,3800,-996,92,-112,-14620,-3376,5820,-485,166,-100,0
54.222615003585815,9808,5664,10748,-143,-163,85,8880,-9500,9288,-44,111,-188,-14452,4112,3588,-971,98,-114,-14764,-3580,5508,-516,154,-100,0
54.256142139434814,9880,5644,10936,-150,-134,68,8860,-9568,9420,-39,142,-174,-14644,4176,3660,-980,81,-118,-14668,-3120,5616,-509,163,-138,0
54.28974008560181,9804,5724,10888,-137,-134,87,8696,-9632,9192,-14,153,-204,-14444,4048,3772,-1003,90,-129,-14620,-3376,5520,-507,193,-123,0
54.323508977890015,9960,5576,10904,-146,-152,111,8736,-9624,9256,20,133,-201,-14532,4148,3748,-978,110,-157,-14656,-3460,5812,-511,194,-99,0
54.35708498954773,9828,5688,10964,-186,-159,116,8536,-9556,9304,5,149,-208,-14560,4260,4052,-980,155,-145,-14736,-3516,5600,-510,165,-105,0
54.39033913612366,9812,5692,11200,-140,-194,108,8952,-9568,9304,-40,149,-188,-14576,4128,3740,-991,122,-105,-14628,-3388,5592,-564,149,-112,0
54.42369508743287,9852,5848,11064,-110,-145,112,8880,-9652,9012,-248,152,-175,-14708,4144,3684,-1006,66,-78,-14808,-3432,5632,-534,121,-133,0
54.45732498168945,9896,5672,11188,-140,-101,94,8868,-9496,9204,-2,161,-122,-14544,4036,3780,-969,60,-92,-14800,-3556,5548,-503,108,-135,0
54.49071002006531,9840,5732,10820,-111,-58,76,8704,-9520,9400,-52,165,-152,-14340,3988,3624,-977,78,-100,-14796,-3460,5380,-512,151,-155,0
54.52426099777222,9860,5580,10716,-183,-94,76,8976,-9320,9268,249,145,-163,-14352,4044,3752,-1039,99,-100,-14736,-3484,5540,-497,205,-115,0
54.55786204338074,9936,5796,11020,-128,-81,94,8852,-9500,9348,247,162,-165,-14564,4056,3836,-1008,95,-89,-14824,-3572,5536,-479,184,-106,0
54.594090938568115,9856,5724,11048,-155,-125,69,8928,-9620,9296,-22,133,-190,-14472,4144,3704,-980,100,-111,-14776,-3468,5588,-491,162,-117,0
54.62957501411438,9856,5672,10984,-133,-135,83,8780,-9540,9312,-31,164,-170,-14616,4116,4008,-1000,76,-145,-14600,-3488,5600,-499,136,-113,0
54.665318965911865,9860,5632,10952,-130,-70,74,8736,-9592,9236,-17,146,-152,-14508,4080,3636,-990,57,-61,-14792,-3300,5524,-511,115,-126,0
54.70060992240906,9832,5468,10880,-161,-116,98,8784,-9720,9272,4,124,-181,-14568,4148,3708,-1000,116,-150,-14576,-3392,5568,-535,171,-112,0
54.73596000671387,9908,5628,10984,-144,-105,118,8824,-9644,9372,-19,131,-176,-14472,4084,3848,-993,127,-122,-14356,-3484,5512,-506,160,-122,0
54.77133011817932,9780,5728,10872,-132,-134,83,8752,-9592,9284,-25,131,-194,-14664,4172,3760,-986,121,-147,-14712,-3548,5752,-522,207,-131,0
54.807178020477295,9912,5720,10928,-101,-83,45,8768,-9252,9228,-30,152,-165,-14648,4096,3776,-999,105,-95,-14792,-3572,5480,-513,170,-164,0
54.842227935791016,9892,5696,10808,-84,-36,39,8908,-9536,9228,-19,149,-137,-14364,4072,3712,-999,78,-86,-14616,-3544,5520,-259,150,-209,0
54.878133058547974,9880,5688,10924,-92,36,2,8772,-9620,9276,8,180,-115,-14532,3992,3712,-1024,46,-147,-14676,-3492,5512,-502,155,-198,0
54.91326403617859,9908,5760,10792,-77,247,26,8688,-9460,9152,-4,179,-166,-14560,4084,3696,-1018,48,-87,-14744,-3576,5384,-499,194,-182,0
54.948915004730225,9828,5872,11000,-93,-33,48,8764,-9588,9464,-25,141,-156,-14792,3884,3812,-1004,75,-123,-14740,-3496,5844,-524,177,-171,0
54.98354697227479,9732,5660,11228,-72,-65,57,8768,-9552,9272,-38,137,-153,-14808,4188,3772,-983,68,-80,-14524,-3596,5580,-531,184,-161,0
55.019803047180176,9756,5876,10816,-67,-83,30,8784,-9544,9272,-9,138,-175,-14496,4064,3604,-994,64,-113,-14800,-3556,5832,-759,185,-150,0
55.05503511428833,9560,5752,10756,-101,-44,17,8836,-9484,9336,-50,138,-135,-14600,4164,3632,-966,53,-118,-14616,-3536,5592,-502,132,-173,0
55.09075713157654,9948,5692,10944,-72,-18,42,8752,-9536,9404,-57,157,-141,-14616,4136,4032,-972,62,-44,-14684,-3576,5668,-524,133,-166,0
55.12562704086304,9744,5676,11000,-103,-42,65,8824,-9696,9420,8,154,-147,-14576,4100,3748,-990,31,-104,-14604,-3520,5540,-559,154,-185,0
55.163591146469116,9780,5772,10952,-75,-43,63,8756,-9592,9428,-42,143,-140,-14752,3996,3800,-990,70,-86,-14692,-3480,5532,-537,164,-158,0
55.199329137802124,9908,5716,10956,-79,-80,66,8784,-9612,9236,-61,166,-152,-14548,4028,3944,-1003,69,-147,-14736,-3552,5596,-523,199,-166,0
55.23446011543274,9868,5732,10868,-136,-76,50,8692,-9448,9240,14,156,-172,-14556,4004,3784,-1003,110,-116,-14692,-3664,5460,-511,185,-154,0
55.2701849937439,9620,5816,10900,-108,-74,49,8932,-9572,9396,-7,159,-156,-14504,4096,3728,-1028,105,-100,-14392,-3628,5624,-487,157,-126,0
55.30371809005737,9960,5752,11052,-135,-36,66,8864,-9556,9404,-24,165,-162,-14592,3848,3848,-1001,74,-96,-14772,-3464,5876,-488,157,-117,0
55.337342977523804,9936,5808,10988,-152,-84,67,8792,-9524,9120,-23,179,-160,-14620,4032,3868,-971,82,-100,-14708,-3604,5416,-499,152,-129,0
55.370814085006714,9720,5800,10896,-173,-75,77,8940,-9488,9280,-27,154,-159,-14464,4160,3804,-955,94,-72,-14844,-3492,5592,-492,174,-120,0
55.40409803390503,9740,5788,11144,-178,-127,87,8564,-9528,9364,-6,155,-183,-14368,4240,3912,-980,158,-126,-14736,-3644,5536,-498,174,-35,0
55.43746995925903,9480,5776,10856,-182,-175,124,8652,-9612,9320,-19,132,-227,-14484,4064,3760,-999,161,-155,-14648,-3512,5564,-498,212,-24,0
55.47080707550049,9788,5728,10872,-217,-245,134,8508,-9620,9320,253,149,-238,-14568,4220,3624,-953,152,-156,-14788,-3512,5652,-498,217,-5,0
55.50437808036804,9724,5764,11176,-219,-212,148,8736,-9616,9452,-86,124,-229,-14416,4068,3816,-927,153,-97,-14676,-3600,5564,-492,216,-1,0
55.53791403770447,9736,5664,11088,-243,-245,153,8740,-9656,9180,-48,117,-209,-14576,4152,3792,-949,165,-109,-14720,-3476,5476,-471,225,-21,0
55.57171106338501,9872,5660,11088,-250,-235,148,8668,-9592,9336,-14,126,-220,-14568,4128,3952,-960,171,-127,-14680,-3500,5560,-480,200,-28,0
55.60527491569518,9872,5692,10884,-222,-240,149,8864,-9524,9324,-74,94,-212,-14360,4052,3820,-939,184,-125,-14700,-3448,5548,-479,213,-26,0
55.63852500915527,9896,5652,11016,-217,-247,116,8840,-9616,9292,-48,129,-211,-14644,4020,3776,-982,172,-163,-14724,-3528,5512,-508,187,-64,0
55.6717529296875,9496,5784,10832,-251,-245,143,8656,-9560,9368,26,146,-223,-14556,4108,3704,-974,193,-130,-14604,-3440,5572,-478,205,-43,0
55.70523810386658,9732,5800,10876,-210,-191,135,8812,-9480,9464,-56,98,-240,-14488,4276,3776,-969,166,-124,-14676,-3400,5528,-529,206,-36,0
55.73880910873413,9820,5732,11008,-214,-279,124,8740,-9612,9336,1,145,-222,-14588,4092,3804,-973,121,-102,-14764,-3396,5696,-488,178,-62,0
55.77224802970887,9940,5884,10900,-267,-206,138,8724,-9716,9392,-250,145,-191,-14492,4180,3728,-967,162,-106,-14712,-3392,5436,-488,117,-36,0
55.80569791793823,9892,5588,10828,-212,-170,141,8840,-9260,9296,13,99,-156,-14548,4032,3708,-988,191,-91,-14696,-3556,5512,-262,151,-1,0
55.838988065719604,9800,5680,11044,-195,-154,178,8796,-9492,9152,-19,62,-172,-14500,4060,3660,-997,193,-113,-14664,-3580,5448,-513,166,-35,0
55.87237906455994,9840,5636,10776,-215,-237,145,8836,-9232,9340,14,83,-230,-14504,4004,3948,-973,149,-96,-14648,-3492,5480,-490,199,-69,0
55.90581297874451,9844,5420,11180,-191,-229,111,8796,-9540,9328,-25,103,-223,-14584,4264,3664,-978,168,-139,-14720,-3452,5596,-490,226,-51,0
55.93930196762085,9800,5652,10816,-180,-232,126,8940,-9552,9272,-54,114,-250,-14544,4088,3744,-948,192,-131,-14680,-3452,5592,-491,220,-41,0
55.97274398803711,9816,5624,10968,-218,-256,141,8832,-9568,9248,-16,85,-243,-14512,4260,3456,-987,198,-167,-14800,-3352,5552,-469,203,-52,0
56.00645208358765,9904,5640,10868,-228,-212,170,8924,-9584,9404,-23,109,-202,-14844,4228,3624,-964,154,-117,-14676,-3392,5404,-483,191,-34,0
56.03989005088807,9848,5624,11080,-229,-204,152,8940,-9480,9044,-42,100,-205,-14512,4024,3832,-964,183,-132,-14780,-3552,5424,-518,155,-49,0
56.07337808609009,9956,5640,10928,-195,-168,155,8864,-9620,9268,-31,99,-181,-14564,4096,3688,-964,163,-94,-14664,-3488,5420,-542,165,-84,0
56.107080936431885,9840,5548,10968,-126,-150,114,8816,-9632,9412,-34,116,-167,-14840,4124,3764,-1016,124,-118,-14612,-3548,5488,-545,177,-126,0
56.1405770778656,9964,5636,10892,-61,-136,93,8792,-9532,9360,-3,58,-173,-14628,4044,3716,-999,77,-106,-14776,-3416,5340,-544,153,-182,0
56.173633098602295,9992,5656,10880,-44,-59,61,8872,-9448,9324,14,140,-154,-14516,3984,3676,-984,94,-106,-14596,-3336,5452,-518,156,-165,0
56.20716595649719,9964,5544,10856,-119,-26,11,8952,-9484,9308,18,128,-161,-14432,4072,3632,-1017,90,-125,-14552,-3360,5532,-470,164,-166,0
56.240559101104736,9980,5656,10876,-133,-36,30,8996,-9532,9252,4,176,-197,-14636,4012,3664,-1001,60,-98,-14768,-3492,5428,-477,176,-177,0
56.277348041534424,9924,5652,10976,-109,-77,-252,8820,-9336,9340,14,154,-163,-14344,3880,3632,-1015,25,-105,-14624,-3420,5476,-493,164,-183,0
56.31265711784363,9936,5656,10816,-56,-35,5,8760,-9556,9312,-5,140,-146,-14592,4068,3876,-993,73,-118,-14680,-3408,5540,-539,145,-182,0
56.34844708442688,9904,5640,10936,-57,-33,22,8848,-9612,9384,-6,158,-120,-14568,4048,3840,-990,65,-57,-14616,-3396,5552,-264,132,-187,0
56.383602142333984,9936,5636,11140,-68,32,27,8776,-9492,9216,-31,133,-113,-14560,4080,3908,-990,36,-69,-14768,-3500,5448,-534,115,-188,0
56.41932511329651,9828,5596,10988,-65,1,15,8816,-9400,9332,-14,141,-125,-14480,4036,3720,-988,46,-72,-14768,-3484,5688,-528,130,-211,0
56.45415210723877,9840,5640,10956,-68,252,21,8928,-9292,9244,4,147,-144,-14544,4032,3896,-1010,80,-103,-14724,-3344,5580,-501,153,-169,0
56.48959994316101,9840,5720,11036,-89,-39,33,8756,-9500,9280,4,134,-168,-14620,3972,3680,-994,70,-100,-14732,-3712,5720,-257,173,-161,0
56.52508211135864,9856,5664,11244,-84,-40,41,8868,-9508,9268,-59,134,-176,-14608,4016,3872,-966,88,-128,-14744,-3396,5436,-507,143,-171,0
56.56078910827637,9880,5588,10760,-45,-49,20,8808,-9584,9200,-54,161,-148,-14652,4112,3764,-1004,-5,-114,-14672,-3344,5600,-543,152,-178,0
56.5961720943451,9768,5816,11232,-131,-37,34,8868,-9608,9260,34,200,-114,-14496,3884,3992,-984,51,-101,-14704,-3508,5652,-530,126,-179,0
56.631760120391846,9892,5856,10920,-23,32,23,8788,-9528,9292,-74,162,-151,-14536,4064,3772,-986,68,-114,-14724,-3564,5420,-532,159,-173,0
56.6720290184021,9908,5696,10752,-114,-48,23,8976,-9536,9392,-29,161,-159,-14528,4176,3952,-1002,81,-130,-14588,-3336,5680,-482,193,-168,0
56.70813012123108,9788,5772,11072,-51,28,55,8808,-9456,9420,-19,162,-142,-14548,4164,3848,-1003,73,-69,-14672,-3568,5796,-524,160,-165,0
56.74320101737976,9728,5732,11140,-94,-64,68,8772,-9552,9344,-57,139,-138,-14520,4284,3864,-996,68,-131,-14612,-3512,5636,-541,173,-162,0
56.77920913696288,9480,5664,11068,-93,-91,61,8800,-9556,9460,-52,145,-166,-14344,4048,3748,-957,98,-112,-14708,-3516,5456,-500,162,-147,0
56.81426692008972,9824,5816,10920,-85,-38,87,8716,-9576,9096,-39,145,-165,-14360,4084,3752,-980,81,-93,-14584,-3456,5552,-499,182,-156,0
56.85018491744995,9744,5800,11180,-135,-26,75,8796,-9536,9300,-38,122,-179,-14572,4088,3708,-992,100,-119,-14364,-3368,5604,-521,180,-126,0
56.88562512397767,9624,5756,10904,-147,-79,68,8760,-9512,9072,-29,140,-164,-14520,4100,3696,-1013,144,-84,-14748,-3552,5848,-510,174,-94,0
56.92220211029053,9832,5788,11236,-213,-84,80,8808,-9644,9248,22,215,-184,-14568,4116,3696,-975,70,-150,-14716,-3500,5516,-451,173,-85,0
56.95564007759095,9780,5728,11016,-225,-158,90,8728,-9592,9332,18,189,-197,-14568,4072,3776,-947,109,-109,-14596,-3592,5452,-767,210,-81,0
56.98899793624878,9856,5736,11096,-177,-228,138,8872,-9656,9356,-21,123,-207,-14608,4232,4072,-990,156,-99,-14620,-3568,5720,-267,239,-22,0
57.02238202095032,9900,5788,10768,-157,-512,144,8928,-9600,9232,-80,114,-229,-14472,4092,4032,-953,132,-115,-14588,-3588,5672,-524,187,-54,0
57.05603098869324,9720,5776,10884,-208,-231,153,8860,-9448,9228,-70,137,-230,-14440,4144,3892,-942,167,-106,-14480,-3452,5608,-476,206,-13,0
57.08962297439575,9788,5720,10864,-251,-246,177,8864,-9476,9044,-64,126,-234,-14568,3884,3896,-916,180,-159,-14660,-3552,5416,-468,202,10,0
57.123291015625,9824,5808,11016,-260,-260,186,8780,-9564,9224,-39,110,-257,-14508,4140,4052,-998,221,-177,-14728,-3584,5484,-480,252,21,0
57.156898975372314,9912,5736,10788,-3,-267,177,8868,-9560,9000,17,97,-250,-14596,4116,3856,-961,175,-162,-14612,-3488,5520,-471,248,-5,0
57.190295934677124,9756,5792,10884,-283,-232,154,8920,-9548,9244,-33,100,-511,-14532,4092,3764,-965,225,-148,-14584,-3432,5532,-466,253,-10,0
57.223854064941406,9728,5472,10828,-246,-250,166,8888,-9492,9236,-26,122,-220,-14628,4192,3800,-960,153,-109,-14888,-3436,5396,-505,205,-16,0
57.25743007659912,9972,5816,10988,-205,-226,163,8948,-9656,9348,-248,106,-231,-14632,4060,3668,-1004,154,-111,-14812,-3588,5536,-514,182,-85,0
57.29090714454651,9936,5700,10620,-192,-175,121,8772,-9496,9196,46,111,-174,-14396,4032,3684,-1003,121,-92,-14844,-3588,5584,-765,162,-107,0
57.324552059173584,9888,5664,10920,-134,-110,112,9096,-9452,9444,-50,108,-169,-14476,3928,4028,-1001,104,-106,-14660,-3628,5404,-501,176,-108,0
57.358176946640015,9940,5816,10960,-117,-105,54,8820,-9592,9408,-28,125,-187,-14636,4100,3648,-996,128,-110,-14864,-3508,5516,-503,131,-125,0
57.39180111885071,9972,5672,10808,-109,-22,75,8796,-9220,9108,24,122,-135,-14548,4056,3692,-1045,90,-70,-14728,-3444,5456,-498,87,-192,0
57.425254106521606,9872,5612,10748,-157,10,36,8836,-9288,9272,23,182,-117,-14544,4044,3744,-1001,75,-65,-14652,-3592,5536,-483,129,-133,0
57.45858693122864,9796,5676,11092,-197,-44,70,8936,-9612,9184,17,147,-174,-14460,4100,3868,-1001,80,-96,-14740,-3408,5616,-506,168,-131,0
57.4920129776001,9912,5712,11148,-136,-115,79,8768,-9644,9408,-17,135,-191,-14424,4120,3964,-984,104,-117,-14684,-3456,5576,-529,174,-122,0
57.52558994293213,9844,5712,11096,-104,-163,108,8588,-9528,9324,249,138,-218,-14564,4088,3792,-973,122,-104,-14644,-3448,5660,-768,186,-121,0
57.55927014350892,9784,5752,11000,-136,-142,78,8756,-9544,9344,-32,120,-191,-14536,4000,3768,-993,125,-145,-14628,-3460,5416,-492,159,-88,0
57.5927700996399,9876,5876,10916,-144,-131,96,8956,-9456,9296,-36,158,-174,-14372,3844,3608,-951,105,-103,-14596,-3468,5540,-260,131,-113,0
57.626518964767456,9888,5612,10864,-174,-74,82,8724,-9636,9256,-18,139,-170,-14788,4036,3712,-957,87,-131,-14788,-3444,5476,-520,145,-127,0
57.660067081451416,9900,5388,10808,-165,-70,89,8832,-9480,9360,-20,171,-167,-14644,4088,3884,-968,100,-126,-14672,-3500,5520,-509,200,-100,0
57.69339203834534,9864,5672,10832,-144,-124,91,8776,-9648,9348,-34,109,-212,-14552,4036,3960,-986,143,-130,-14660,-3540,5444,-483,221,-118,0
57.72693705558777,9776,5596,11024,-152,-189,107,8800,-9540,8960,-43,119,-241,-14660,4124,3776,-986,145,-137,-14636,-3572,5492,-511,208,-131,0
57.76045894622803,9820,5652,10800,-171,-143,77,8928,-9572,9184,-14,135,-215,-14564,4112,3644,-977,107,-143,-14764,-3580,5596,-517,197,-142,0
57.793920040130615,9992,5732,10968,-135,-122,76,8796,-9572,9372,-248,136,-169,-14484,4344,3764,-1012,57,-101,-14780,-3336,5516,-767,147,-172,0
57.82760810852051,9816,5604,11036,-100,-6,55,8956,-9540,9272,-255,153,-119,-14572,3952,3756,-1038,72,-98,-14800,-3508,5824,-494,122,-179,0
57.861040115356445,9840,5792,10944,-123,30,14,8892,-9448,9216,-13,176,-142,-14504,4056,3568,-1013,42,-110,-14828,-3476,5460,-487,125,-188,0
57.89479112625122,9848,5760,10932,-87,12,17,8748,-9500,9220,-56,126,-123,-14344,3868,3944,-990,77,-70,-14700,-3520,5500,-534,123,-173,0
57.928236961364746,9868,5884,10884,-75,-18,26,8788,-9652,9312,-5,142,-126,-14576,4312,3856,-996,40,-68,-14656,-3548,5564,-540,167,-189,0
57.96453499794006,9668,5764,11156,-92,-26,76,8776,-9276,9308,-8,170,-128,-14604,4104,3680,-1016,54,-118,-14772,-3552,5560,-505,170,-141,0
58.00052309036255,9828,5768,10976,-91,-37,61,8708,-9584,9288,-97,126,-144,-14828,4048,3720,-984,69,-81,-14412,-3564,5596,-522,153,-147,0
58.035723924636834,9768,5872,11048,-126,-57,32,8876,-9560,9288,-13,155,-173,-14632,4116,3716,-996,43,-85,-14684,-3524,5688,-486,142,-177,0
58.07133102416992,9928,5752,10860,-99,20,22,8620,-9604,9336,-38,178,-146,-14480,4056,3748,-974,63,-95,-14696,-3580,5648,-752,105,-216,0
58.10717201232911,9760,5680,11184,-97,-25,19,8756,-9568,9288,-30,138,-140,-14540,4320,3944,-958,34,-44,-14688,-3468,5624,-503,121,-172,0
58.14249801635743,9496,5676,11060,-132,-40,50,8876,-9548,9328,-64,146,-166,-14512,4336,3860,-948,62,-89,-14668,-3380,5572,-500,164,-166,0
58.178152084350586,9796,5648,10776,-129,-82,49,8800,-9524,9280,-62,168,-184,-14544,4184,3628,-983,94,-132,-14660,-3808,5400,-510,184,-135,0
58.213716983795166,9764,5804,10896,-135,-78,76,8908,-9624,9132,-11,135,-187,-14540,4056,3900,-1011,116,-115,-14760,-3468,5480,-503,180,-115,0
58.249589920043945,9592,5760,10976,-118,-82,75,8792,-9612,9232,-21,111,-177,-14564,4124,3840,-1277,136,-154,-14792,-3620,5680,-509,209,-121,0
58.285109996795654,9860,5668,11228,-159,-162,70,8900,-9588,9352,62,171,-218,-14600,4100,3792,-1012,128,-120,-14720,-3508,5680,-488,188,-97,0
58.32042598724366,9760,5744,10916,-202,-119,82,8716,-9620,9408,22,157,-210,-14384,4104,3908,-1031,125,-121,-14768,-3632,5512,-473,181,-67,0
58.355623960494995,9856,5788,11080,-202,-194,118,8772,-9612,9488,-18,150,-213,-14544,4112,3936,-961,105,-144,-14424,-3520,5416,-764,196,-59,0
58.39129996299744,9716,5740,10956,-189,-177,112,8752,-9620,9376,-27,133,-200,-14564,4056,3888,-990,123,-58,-14660,-3840,5516,-511,193,-27,0
58.42757201194763,9720,5752,11004,-210,-218,144,8776,-9612,9220,-82,138,-233,-14392,4040,3620,-928,144,-128,-14600,-3444,5612,-448,217,-21,0
58.46241307258606,9720,5700,10816,-268,-232,162,8512,-9544,9304,-47,138,-246,-14464,4072,3668,-962,218,-134,-14764,-3496,5528,-466,208,-7,0
58.49808406829834,9840,5668,10924,-281,-213,174,8880,-9532,9692,-18,97,-506,-14592,4136,3604,-962,226,-111,-14664,-3412,5396,-448,506,31,0
58.53370714187623,9836,5640,11084,-3,-275,184,8716,-9580,9300,-10,83,-258,-14636,4008,3800,-971,219,-156,-14836,-3412,5468,-471,266,23,0
58.569725036621094,9768,5644,11104,-272,-258,142,8912,-9508,9152,-32,99,-505,-14612,4096,3732,-978,184,-130,-14808,-3584,5516,-476,234,-7,0
58.60658502578735,9868,5584,11016,-262,-258,166,8952,-9544,9352,-59,110,-233,-14656,4076,3656,-973,193,-102,-15060,-3512,5584,-476,189,-24,0
58.640061140060425,9996,5736,11020,-222,-241,174,8732,-9592,9316,-46,141,-194,-14768,4192,3832,-1006,174,-57,-14812,-3596,5476,-535,166,-37,0
58.673635959625244,9728,5500,11236,-205,-200,138,9160,-9500,9324,12,113,-179,-14620,4064,4068,-994,132,-106,-14580,-3496,5452,-517,139,-44,0
58.707361936569214,9888,5704,10804,-177,-180,138,8848,-9480,9396,10,138,-189,-14464,3976,3852,-966,158,-117,-14540,-3568,5532,-491,155,-64,0
58.740960121154785,9840,5652,11256,-232,-206,122,8876,-9584,9252,-14,158,-235,-14500,4056,3648,-940,181,-161,-14568,-3368,5532,-452,204,-47,0
58.774872064590454,9864,5572,10840,-241,-199,160,8828,-9504,9428,-16,113,-229,-14516,4208,3940,-1005,159,-138,-14668,-3352,5524,-456,175,-35,0
58.80842614173889,9984,5640,10936,-237,-215,160,8836,-9468,9292,-7,145,-193,-14364,4056,4024,-958,147,-101,-14400,-3392,5564,-505,156,-59,0
58.842085123062134,9852,5668,10980,-1,-162,159,8804,-9616,9296,-28,90,-207,-14848,4016,3420,-969,131,-103,-14756,-3476,5608,-530,174,-83,0
58.87577700614929,9896,5592,10924,-176,-208,130,8792,-9520,9452,-32,93,-202,-14652,4100,3768,-978,124,-112,-14696,-3508,5588,-523,196,-93,0
58.90948414802551,9952,5588,10844,-131,-190,102,8872,-9564,9320,-54,105,-196,-14800,4072,3812,-997,115,-105,-14672,-3372,5504,-538,211,-128,0
58.942826986312866,9948,5520,10792,-135,-196,105,8828,-9484,9280,-9,74,-229,-14564,4068,3692,-999,119,-122,-14656,-3440,5528,-537,167,-133,0
58.97602200508118,9792,5524,10972,-84,-98,86,8916,-9468,9016,-28,73,-195,-14612,4148,3772,-990,98,-136,-14764,-3508,5484,-511,134,-134,0
59.00981402397156,10220,5584,10768,-140,-81,60,9004,-9520,9268,-12,128,-128,-14480,4036,3652,-997,115,-103,-14680,-3360,5596,-503,117,-161,0
59.04372596740723,9832,5612,10864,-132,-21,73,8868,-9520,9268,-31,144,-134,-14724,4036,3688,-1005,70,-100,-14836,-3520,5472,-259,164,-176,0
59.07722210884095,10004,5596,10952,-147,-41,52,8772,-9616,9444,16,156,-163,-14556,4092,3660,-1021,55,-128,-15024,-3480,5532,-765,153,-136,0
59.110739946365356,9780,5596,10828,-116,-39,68,8876,-9468,9264,-254,162,-163,-14484,4108,3700,-1002,83,-108,-14828,-3420,5628,-517,149,-146,0
59.144410133361816,9772,5584,10772,-77,-42,68,8748,-9620,9312,-46,139,-172,-14632,4188,3620,-976,64,-111,-14680,-3484,5612,-534,121,-166,0
59.17775297164917,9800,5440,10976,-82,-52,25,8852,-9512,9000,-15,130,-174,-14484,4128,3884,-1007,16,-51,-14764,-3568,5620,-532,141,-209,0
59.21144509315491,9836,5672,10924,-88,13,24,8868,-9464,9304,5,181,-137,-14432,4068,3708,-1003,71,-80,-14844,-3524,5440,-494,85,-210,0
59.24496603012085,9904,5576,10760,-76,-22,39,8844,-9528,9200,-39,142,-184,-14572,4096,3680,-985,74,-154,-14764,-3472,5656,-494,161,-185,0
59.278237104415894,9800,5604,10984,-131,-46,38,8960,-9460,9268,15,154,-158,-14552,4072,3740,-998,85,-146,-14628,-3496,5656,-494,151,-160,0
59.311826944351196,9920,5528,11012,-118,-37,56,8792,-9572,9236,-3,148,-155,-14620,4052,3836,-989,104,-81,-14796,-3516,5180,-521,166,-126,0
59.34546899795532,9912,5396,10752,-114,-49,93,8840,-9596,9320,7,144,-137,-14820,4332,3808,-1001,62,-112,-14696,-3552,5624,-508,200,-134,0
59.37916612625122,9856,5656,11124,-122,-109,84,8840,-9588,9260,-31,127,-197,-14504,4032,3836,-982,71,-73,-14816,-3824,5484,-520,191,-152,0
59.4125030040741,9900,5720,10892,-148,-124,63,8800,-9700,9232,-19,147,-182,-14384,3924,3816,-975,97,-105,-14608,-3408,5500,-510,126,-103,0
59.44580411911011,9884,5648,10752,-129,-97,80,8768,-9508,9344,-69,139,-174,-14520,3856,3908,-963,100,-142,-14560,-3500,5608,-759,133,-134,0
59.479193925857544,9792,5732,10912,-130,-78,81,8884,-9408,9216,-64,132,-172,-14588,4072,3808,-987,111,-107,-14732,-3516,5448,-490,169,-109,0
59.51266098022461,9884,5664,10976,-141,-100,91,8808,-9568,9012,-19,119,-184,-14480,4132,3592,-984,148,-121,-14588,-3376,5436,-494,192,-96,0
59.5464301109314,9776,5832,11016,-136,-104,106,8812,-9572,9352,-41,123,-205,-14588,4016,3840,-990,142,-96,-14704,-3572,5516,-512,197,-139,0
59.579694986343384,9856,5724,10976,-151,-72,102,8828,-9492,9452,-65,117,-198,-14552,4148,3748,-978,142,-106,-14668,-3400,5524,-537,175,-165,0
59.61329007148743,9908,5632,11044,-101,-59,57,8888,-9580,9404,-37,115,-193,-14548,4060,3780,-979,68,-80,-14756,-3564,5524,-497,169,-159,0
59.65069603919983,9884,5628,10804,-99,-30,38,8812,-9464,9296,-26,144,-164,-14624,4024,3716,-1275,87,-124,-14656,-3436,5584,-501,165,-207,0
59.686119079589844,9860,5636,10992,-102,7,53,8908,-9520,9416,-6,136,-120,-14340,3880,3660,-1009,63,-111,-14656,-3512,5548,-478,153,-167,0
59.7218120098114,9828,5392,10788,-103,-17,32,8824,-9636,9348,-40,147,-149,-14572,4108,3988,-1017,52,-58,-14620,-3680,5436,-544,144,-183,0
59.757588148117065,9672,5708,11020,-107,-8,49,8908,-9532,9016,-41,154,-144,-14572,4316,3880,-981,58,-108,-15068,-3440,5728,-531,148,-199,0
59.79266309738159,9728,5700,10876,-75,-18,51,8472,-9560,9272,-37,143,-165,-14580,4056,3788,-993,64,-94,-14696,-3464,5820,-765,168,-182,0
59.82874512672424,9820,5700,11008,-85,-43,49,8812,-9548,9228,-4,147,-162,-14376,4100,3728,-992,46,-81,-14816,-3684,5612,-532,149,-156,0
59.86432194709778,9940,5748,10984,-105,-59,72,8708,-9592,9020,-38,152,-171,-14504,4136,3740,-984,55,-69,-14732,-3336,5808,-509,167,-111,0
59.89958310127259,9836,5696,11196,-141,255,44,8816,-9600,9236,-11,149,-168,-14528,4108,3640,-1008,64,-66,-14676,-3756,5788,-515,164,-130,0
59.93491792678833,9748,5744,10768,-153,-35,54,8872,-9592,8984,-13,186,-163,-14540,4116,3860,-970,102,-95,-14664,-3840,5636,-502,170,-114,0
59.970674991607666,9648,5732,11220,-159,-103,73,8796,-9580,9268,-25,169,-178,-14524,4072,3736,-963,100,-108,-14644,-3468,5468,-760,158,-106,0
60.00564503669739,9928,5884,11100,-172,-137,72,8844,-9632,9244,-28,163,-186,-14740,4176,3788,-986,124,-153,-14796,-3492,5576,-514,186,-74,0
60.04151391983032,9784,5740,11008,-178,-183,120,8768,-9640,9192,-4,146,-225,-14620,4092,4048,-1008,192,-162,-14656,-3532,5616,-257,195,-41,0
60.076077938079834,9816,5728,11072,-169,-220,134,8864,-9512,9424,-22,143,-233,-14460,4136,3836,-957,168,-139,-14644,-3684,5440,-484,213,-78,0
60.11183404922485,9680,5756,10896,-213,-219,157,8804,-9540,9288,-73,160,-228,-14576,4092,3856,-919,160,-112,-15052,-3816,5620,-505,124,-33,0
60.147711992263794,9884,5380,11232,-197,-213,153,8912,-9640,9244,-27,141,-154,-14412,4312,3600,-1008,131,-103,-14504,-3456,5476,-497,186,-55,0
60.188178062438965,9796,5776,10748,-251,-205,138,8748,-9432,9284,-19,154,-185,-14596,3936,3748,-998,189,-118,-14732,-3560,5576,-495,186,-18,0
60.2238929271698,9812,5636,10968,-223,-159,139,8828,-9552,9220,-55,134,-212,-14572,4076,3784,-960,171,-127,-14756,-3428,5476,-492,274,-35,0
60.25929093360901,9864,5388,11252,-257,-244,148,8800,-9552,9324,-9,115,-229,-14808,3872,3676,-975,140,-137,-14600,-3408,5748,-482,220,-27,0
60.29573106765748,9816,5624,11144,-235,-184,147,8956,-9468,9436,-9,155,-211,-14532,4128,3724,-975,153,-109,-14548,-3384,5528,-513,149,-43,0
60.329286098480225,9736,5644,11140,-237,-201,163,8848,-9504,9324,-50,135,-195,-14608,4144,3720,-958,150,-127,-14804,-3456,5580,-477,171,-34,0
60.363033056259155,9908,5672,10976,-226,-216,149,8804,-9556,9300,-67,132,-197,-14532,4120,3648,-942,139,-76,-14620,-3404,5596,-766,166,-30,0
60.3964331150055,9820,5652,11020,-202,-183,151,8920,-9592,9272,-56,115,-201,-14392,4264,3704,-948,116,-115,-14656,-3320,5548,-501,194,-31,0
60.42973709106446,9792,5748,10860,-232,-236,157,8784,-9544,9308,-42,124,-214,-14524,4064,3828,-982,158,-148,-14496,-3420,5412,-513,201,-32,0
60.46321892738343,9944,5664,10804,-194,-209,172,8948,-9544,9048,-49,85,-237,-14628,4108,3704,-967,183,-150,-14708,-3532,5568,-497,219,-59,0
60.496532917022705,9780,5552,10752,-237,-235,145,8920,-9540,9300,-9,132,-214,-14472,4084,3720,-961,178,-182,-14372,-3340,5844,-487,214,-58,0
60.53009796142579,9900,5428,10832,-207,-170,155,8688,-9608,9356,-35,139,-184,-14636,4080,3716,-985,168,-115,-14768,-3372,5528,-486,213,-49,0
60.563730001449585,9920,5624,10796,-212,-207,157,8852,-9520,9256,-26,114,-208,-14632,4044,3592,-974,187,-113,-15004,-3536,5576,-478,193,-49,0
60.59707307815552,9904,5648,10896,-204,-184,152,8488,-9556,9340,-46,98,-218,-14840,3936,3960,-991,170,-85,-14700,-3732,5376,-483,178,-36,0
60.630643129348755,9988,5564,10876,-178,-157,127,8728,-9468,9316,-14,111,-187,-14560,4120,3836,-983,153,-140,-14860,-3568,5528,-515,191,-122,0
60.663716077804565,9872,5528,10828,-132,-132,123,9204,-9496,9296,-48,105,-199,-14480,3884,3612,-992,140,-144,-14744,-3512,5380,-521,160,-126,0
60.69713997840881,9916,5516,10780,-119,-96,93,8792,-9536,9124,-25,116,-164,-14504,4092,3652,-992,104,-113,-14736,-3404,5340,-542,169,-162,0
60.73071599006653,9928,5556,10876,-120,-80,53,8816,-9468,9300,-15,142,-180,-14496,4020,3588,-1019,82,-79,-14700,-3360,5432,-511,181,-124,0
60.76424312591553,9996,5576,10912,-148,-80,46,8788,-9564,9316,15,148,-178,-14500,4052,3576,-1279,95,-112,-14672,-3096,5868,-497,203,-150,0
60.79751992225647,10040,5608,10848,-124,-72,77,8892,-9588,9264,-22,125,-179,-14680,4200,3688,-1008,78,-123,-14744,-3428,5728,-767,139,-139,0
60.830897092819214,10016,5508,11220,-112,-66,74,8832,-9616,9408,12,142,-157,-14640,4248,3732,-1032,46,-130,-14640,-3316,5592,-523,141,-191,0
60.864211082458496,9832,5600,11036,-107,-45,55,8832,-9488,8964,42,157,-125,-14628,4088,3628,-996,66,-101,-14836,-3448,5612,-526,132,-179,0
60.89750099182129,9952,5424,11132,-75,-19,33,8772,-9508,9444,-24,107,-154,-14540,4200,3828,-1014,66,-92,-14676,-3472,5524,-524,145,-196,0
60.93099594116211,9876,5548,11216,-92,-71,0,8784,-9620,9272,22,192,-155,-14816,4156,3684,-989,56,-110,-14844,-3152,5468,-500,121,-222,0
60.96445393562317,10184,5612,11084,-139,14,29,8700,-9460,9180,-13,171,-114,-14524,4112,3732,-1016,52,-97,-14708,-3572,5540,-504,108,-215,0
60.99791097640991,9880,5624,11072,-110,-26,39,8808,-9240,9304,-7,197,-103,-14520,4040,3832,-992,64,-136,-14712,-3408,5560,-508,131,-201,0
61.03134202957153,9888,5708,10912,-91,-38,48,8828,-9556,9596,-10,142,-161,-14628,4064,3840,-1003,81,-101,-14688,-3432,5380,-520,154,-169,0
61.06487798690796,9932,5616,10904,-86,-57,35,8860,-9520,9248,-40,144,-157,-14648,4048,3736,-986,67,-78,-14540,-3416,5380,-521,156,-167,0
61.098107099533074,9768,5876,10936,-64,-48,21,8804,-9508,9268,-53,154,-155,-14484,4052,3772,-1015,61,-84,-14684,-3348,5456,-760,174,-164,0
61.131756067276,9756,5548,10896,-81,-22,40,8824,-9552,9204,0,149,-154,-14544,4024,3888,-1013,107,-115,-14476,-3340,5556,-257,191,-147,0
61.16529893875122,9808,5648,11256,-71,-62,78,8792,-9524,9060,-33,128,-170,-14572,4224,3768,-991,80,-113,-14728,-3580,5544,-530,164,-135,0
61.198683977127075,9920,5848,11040,-120,-93,71,8784,-9720,9060,-24,130,-179,-14828,4236,3628,-989,95,-107,-14652,-3444,5524,-522,130,-180,0
61.232300996780396,9892,5764,11004,-75,-45,66,8856,-9604,9268,-39,86,-156,-14420,4108,3748,-986,78,-144,-14544,-3420,5496,-541,187,-171,0
61.26577305793763,9772,5708,10924,-75,-58,68,8848,-9280,9308,-30,118,-154,-14528,4108,3676,-1024,100,-72,-14632,-3580,5560,-506,163,-153,0
61.298995018005364,9880,5648,11044,-86,-16,57,8752,-9236,9168,-33,158,-160,-14476,3848,3916,-985,73,-100,-14344,-3552,5620,-498,170,-181,0
61.33745098114014,9728,5672,10996,-95,-38,50,8892,-9652,9304,-50,152,-159,-14352,4284,3824,-983,80,-104,-14532,-3464,5564,-501,181,-153,0
61.3726749420166,9800,5692,11164,-132,-59,72,8896,-9664,9284,-17,149,-173,-14500,4080,3768,-989,89,-137,-14556,-3500,5604,-528,177,-146,0
61.407716035842896,9892,5632,11080,-105,-49,74,8720,-9600,9264,255,149,-150,-14492,3992,3864,-1013,104,-82,-14608,-3552,5520,-503,200,-132,0
61.443845987319946,9832,5408,10924,-146,-62,72,8936,-9544,9360,7,180,-157,-14812,3888,3896,-994,80,-107,-14688,-3564,5620,-475,176,-136,0
61.479228019714355,9860,5772,10904,-231,-109,55,8720,-9408,9276,-256,213,-185,-14620,4148,3776,-991,122,-97,-14804,-3440,5676,-485,146,-66,0
61.514419078826904,9884,5788,11108,-203,-180,97,8744,-9480,9356,-23,188,-183,-14764,4184,3952,-1013,115,-80,-14628,-3472,5516,-531,193,-65,0
61.55032992362976,9768,5772,11072,-234,-9,161,8708,-9552,9464,-31,174,-204,-14584,4104,3864,-966,131,-143,-14800,-3636,5500,-559,151,-45,0
61.58549904823303,9556,5660,11164,-138,-239,149,8780,-9552,9436,-95,119,-179,-14436,4000,3884,-958,138,-152,-14604,-3692,5540,-513,165,-56,0
61.621554136276245,9656,5568,10996,-226,-242,126,8824,-9488,9248,-16,207,-201,-14476,4064,3732,-951,157,-104,-14828,-3364,5596,-456,201,-254,0
61.65759992599487,9744,5836,11140,-278,-213,153,8548,-9436,9224,3,130,-207,-14460,4340,3736,-946,180,-131,-14608,-3520,5440,-467,198,17,0
61.692639112472534,9796,5672,11056,-274,-220,164,8868,-9568,9288,-17,114,-241,-14612,4000,3736,-957,205,-99,-14724,-3388,5600,-462,219,-34,0
61.72751808166504,9840,5492,10848,-227,-247,144,8832,-9596,9360,-47,94,-235,-14780,4000,3832,-987,157,-168,-14712,-3512,5460,-766,214,-70,0
61.763426065444946,9744,5688,10912,-144,-214,132,8780,-9532,9388,-40,88,-249,-14664,3840,3636,-978,159,-141,-14836,-3596,5436,-534,225,-114,0
61.799160957336426,9972,5564,10960,-95,-185,124,8868,-9464,9124,-42,71,-216,-14592,4064,3756,-999,145,-130,-14748,-3528,5400,-519,198,-98,0
61.83417797088622,9832,5548,10780,-94,-83,113,8724,-9436,9028,-42,85,-160,-14516,4036,3884,-995,93,-100,-14704,-3544,5496,-510,117,-166,0
61.86996412277222,9756,5516,10912,-152,-47,57,8928,-9528,9416,253,166,-143,-14568,4056,3832,-1004,102,-38,-14692,-3424,5616,-485,135,-170,0
61.905487060546875,9792,5684,11100,-184,13,73,8836,-9672,9380,255,148,-162,-14572,4112,3728,-1037,86,-72,-14648,-3456,5592,-486,190,-112,0
61.940885066986084,9884,5720,11108,-184,-98,116,8780,-9628,9352,-36,99,-158,-14528,4100,3836,-1035,185,-49,-14644,-3560,5596,-469,154,-91,0
61.977394104003906,9880,5640,11056,-147,-143,127,8768,-9552,9408,-43,98,-193,-14532,4080,3820,-1015,118,-60,-14732,-3632,5600,-498,162,-91,0
62.01114201545715,9840,5644,11112,-136,-134,100,8736,-9524,9252,-75,125,-161,-14544,3868,3976,-938,113,-93,-14728,-3576,5788,-521,121,-136,0
62.04469013214111,9760,5616,10916,-120,-85,91,8824,-9620,9384,-22,137,-174,-14448,4220,3648,-965,89,-108,-14556,-3320,5624,-262,125,-127,0
62.078258991241455,9864,5580,11088,-133,-49,81,8740,-9612,9444,-17,150,-165,-14408,4160,3820,-980,72,-153,-14656,-3548,5532,-499,165,-116,0
62.11179995536804,9780,5616,11052,-133,-111,47,8820,-9572,9332,254,164,-192,-14344,4172,3804,-972,120,-143,-14784,-3512,5516,-768,177,-132,0
62.14509201049805,9828,5608,11040,-112,-146,96,8876,-9548,9256,-19,140,-226,-14464,4060,3760,-970,131,-163,-14864,-3572,5536,-259,234,-116,0
62.17839598655701,9904,5604,10968,-109,-151,68,8960,-9428,9272,-64,140,-225,-14648,3920,3716,-964,123,-98,-14712,-3340,5532,-485,199,-159,0
62.2119619846344,10012,5620,10960,-86,-97,71,8872,-9232,9384,-48,121,-187,-14524,4116,3700,-963,78,-131,-14800,-3496,5360,-518,157,-168,0
62.24559307098389,9928,5484,10892,-74,-12,40,8992,-9572,9224,19,153,-120,-14772,4164,3736,-1045,21,-71,-14656,-3560,5428,-545,154,-237,0
62.27918791770934,9828,5656,11204,-89,246,37,8756,-9464,9184,35,169,-116,-14484,4024,3836,-1020,30,-116,-14700,-3820,5548,-530,125,-191,0
62.31272292137146,9956,5672,11020,-57,30,15,8860,-9500,9300,-44,166,-112,-14632,4084,3932,-984,27,-113,-14828,-3556,5548,-555,134,-218,0
62.346085071563714,9868,5648,10996,-102,-31,253,8528,-9592,9320,255,200,-152,-14480,4080,3780,-1009,39,-90,-14344,-3544,5500,-267,168,-178,0
62.37970805168152,9700,5720,10976,-85,-2,43,8772,-9540,9408,-31,153,-173,-14512,3968,3784,-975,88,-78,-14552,-3520,5688,-496,156,-165,0
62.413273096084595,9680,5612,11084,-66,-44,67,8824,-9540,9284,-10,140,-124,-14484,4124,3864,-1016,56,-49,-14352,-3832,5604,-490,152,-158,0
62.446717977523804,9672,5716,11032,-113,-25,54,8840,-9528,9332,-44,167,-150,-14448,4164,3916,-977,39,-83,-14736,-3572,5796,-512,133,-132,0
62.480144023895264,9636,5640,11120,-130,-50,76,8848,-9488,9340,-76,133,-152,-14464,4080,3736,-956,68,-68,-14748,-3828,5548,-537,122,-145,0
62.51368808746338,9796,5528,11004,-118,-49,64,8804,-9564,9388,-33,134,-149,-14660,4088,3696,-1002,96,-84,-14832,-3500,5620,-500,149,-110,0
62.547276973724365,9792,5692,10768,-184,-102,86,8788,-9548,9340,11,133,-199,-14624,3916,3660,-995,113,-111,-14664,-3404,5736,-489,182,-93,0
62.5806519985199,9928,5732,11016,-180,-166,122,8724,-9668,9368,5,194,-196,-14556,4056,3804,-1007,149,-93,-14688,-3824,5804,-495,203,-49,0
62.61420202255249,9836,5652,11136,-194,-218,131,8672,-9588,9404,-17,126,-233,-14512,4064,3796,-993,175,-133,-14672,-3524,5624,-513,179,-34,0
62.64771914482117,9896,5696,11212,-164,-239,134,8896,-9564,9316,-43,132,-246,-14568,4316,3784,-964,133,-142,-14724,-3696,5488,-543,213,-34,0
62.681183099746704,9820,5576,11044,-214,-211,175,8896,-9532,9272,-30,129,-211,-14540,4024,3884,-930,166,-167,-14728,-3532,5624,-483,211,-33,0
62.71491098403931,9712,5668,11108,-218,-212,162,8760,-9532,9364,-25,145,-213,-14532,4172,3936,-936,173,-147,-14692,-3608,5840,-483,214,3,0
62.74846601486207,9724,5652,10960,-249,-201,126,8840,-9556,9380,-34,166,-235,-14452,3932,3624,-963,168,-138,-14668,-3564,5616,-458,229,0,0
62.781782150268555,9904,5700,10956,-264,-273,136,8788,-9512,9296,-20,156,-252,-14548,4072,3708,-966,233,-102,-14696,-3468,5460,-470,232,4,0
62.81535005569458,9824,5828,10892,-2,-223,163,8800,-9520,9368,-7,99,-5,-14392,4072,3708,-962,242,-116,-14840,-3588,5396,-475,251,14,0
62.84894108772278,9940,5388,10984,-238,-297,170,8716,-9556,9296,-20,102,-277,-14592,4044,3800,-994,244,-153,-14556,-3512,5568,-494,217,-34,0
62.882416009902954,9872,5552,10824,-211,-267,152,8824,-9488,9284,-9,114,-221,-14676,4112,3784,-961,152,-147,-14840,-3408,5532,-511,229,-22,0
62.91594910621644,9840,5664,10956,-222,-246,157,8836,-9532,9424,-16,114,-207,-14848,4116,3964,-979,148,-137,-14700,-3496,5604,-480,172,-40,0
62.949217081069946,9912,5608,11036,-239,-214,135,8828,-9500,9224,-36,122,-218,-14620,4148,3720,-940,169,-101,-14620,-3452,5568,-486,145,-31,0
62.98225998878479,10216,5868,10884,-196,-208,186,8816,-9572,9412,-46,124,-178,-14608,4164,3712,-982,140,-75,-14840,-3492,5520,-762,142,-15,0
63.01968193054199,9888,5564,11000,-212,-198,163,8912,-9492,9452,8,119,-180,-14816,4176,3776,-984,158,-103,-14768,-3656,5552,-511,184,-54,0
63.05510997772217,9896,5384,10964,-206,-201,167,8788,-9476,9380,-11,102,-189,-14620,4080,3876,-983,167,-148,-14644,-3432,5612,-495,192,-62,0
63.0907940864563,9876,5668,10940,-183,-219,144,8912,-9536,9196,-53,100,-223,-14592,3860,3836,-969,182,-108,-14828,-3556,5576,-469,239,-66,0
63.126179933547974,9988,5524,10964,-231,-178,121,8780,-9508,9152,-14,103,-183,-14536,4184,3616,-1012,159,-83,-14740,-3384,5484,-493,174,-76,0
63.16184902191162,9896,5548,10928,-167,-125,128,8908,-9524,9200,255,137,-152,-14536,4112,3736,-976,79,-99,-14628,-3412,5612,-518,118,-151,0
63.19787812232971,9880,5496,10780,-128,-113,76,8832,-9540,9452,-30,128,-163,-14416,3848,3744,-974,104,-72,-14824,-3460,5552,-544,149,-175,0
63.2332079410553,9976,5640,10988,-80,-72,64,8796,-9300,9228,-35,159,-153,-14340,4144,3832,-990,48,-81,-14836,-3456,5228,-532,152,-165,0
63.269288063049316,9896,5580,10992,-54,-53,60,8724,-9488,9240,-9,137,-164,-14812,4024,3600,-985,79,-85,-14680,-3448,5604,-483,160,-147,0
63.304259061813354,9932,5524,10896,-146,-42,52,8716,-9728,9268,13,144,-192,-14496,4260,3800,-1001,112,-131,-14684,-3416,5536,-480,168,-161,0
63.34037113189697,9880,5588,10852,-90,-92,59,8912,-9488,9140,6,147,-166,-14504,4156,3780,-1030,83,-148,-14740,-3336,5392,-494,180,-167,0
63.37545108795166,9928,5584,10836,-84,-80,21,8852,-9552,9380,31,134,-177,-14492,4112,3828,-1000,48,-99,-14680,-3364,5756,-529,128,-195,0
63.41074013710022,9944,5572,11000,-71,6,33,8920,-9548,9300,-7,138,-140,-14648,4128,3660,-1009,65,-92,-14352,-3488,5600,-535,136,-196,0
63.44563698768616,9940,5576,10844,-79,28,25,8780,-9568,9316,-11,157,-121,-14680,4336,3740,-1009,33,-66,-14760,-3460,5376,-768,110,-193,0
63.481364011764526,9972,5608,10996,-79,-27,23,8744,-9564,9236,-28,127,-152,-14472,4132,3764,-1000,38,-109,-14652,-3396,5856,-263,148,-165,0
63.517394065856934,9804,5880,11200,-67,-29,43,8844,-9580,9284,-70,132,-168,-14448,4160,3992,-1005,62,-137,-14660,-3392,5532,-549,137,-157,0
63.552359104156494,9864,5608,10888,-46,-45,52,8892,-9220,9192,-43,97,-156,-14504,4148,3764,-977,88,-100,-14788,-3348,5492,-532,170,-176,0
63.588253974914544,9840,5884,10864,-30,-43,43,8836,-9512,9344,-27,127,-150,-14672,4020,3804,-996,102,-94,-14600,-3404,5584,-523,178,-170,0
63.62373208999634,9936,5624,10880,-34,-26,29,8704,-9548,9456,-10,108,-160,-14532,4164,3860,-1031,70,-134,-14692,-3560,5656,-529,170,-180,0
63.65930795669556,9888,5644,11096,-47,-30,5,8740,-9520,9232,-30,138,-172,-14344,4300,3640,-992,57,-122,-14628,-3424,5360,-504,175,-174,0
63.692651987075806,9852,5656,11088,-41,-47,33,8788,-9576,9292,-65,160,-160,-14564,4232,3700,-952,39,-73,-14784,-3528,5612,-544,140,-185,0
63.72619414329529,9832,5600,11044,-72,-25,45,8820,-9680,9260,-24,168,-144,-14604,4152,3912,-1036,-19,-92,-14480,-3364,5648,-514,173,-192,0
63.7598340511322,9824,5696,11044,-76,-46,46,8836,-9592,9280,11,171,-142,-14540,3992,3844,-1029,35,-88,-14568,-3516,5436,-524,163,-163,0
63.79336404800414,9876,5756,11060,-49,-44,60,8716,-9568,9112,-59,170,-167,-14624,4136,3816,-1010,70,-91,-14628,-3812,5712,-527,137,-181,0
63.826744079589844,9808,5644,11012,-112,-66,17,8828,-9580,9336,-16,169,-166,-14484,3980,3848,-987,86,-126,-14556,-3536,5612,-492,201,-148,0
63.86018705368042,9848,5700,10944,-94,-58,53,8808,-9444,9240,-32,114,-159,-14556,4052,3600,-982,87,-85,-14620,-3524,5584,-516,153,-161,0
63.894814014434814,9896,5664,10960,-78,-31,90,8720,-9504,9180,-49,124,-148,-14480,4020,3972,-974,66,-99,-14712,-3660,5568,-496,172,-119,0
63.92816114425659,9856,5732,11068,-73,-82,72,8868,-9512,9380,-60,115,-148,-14472,4140,3664,-991,50,-123,-14452,-3336,5648,-527,160,-154,0
63.9614601135254,9840,5680,11016,-109,-81,83,8876,-9508,9320,-42,128,-175,-14440,4080,3840,-967,90,-88,-14436,-3472,5504,-520,152,-150,0
63.99508714675903,9856,5684,10808,-120,-63,62,8824,-9544,9388,-37,141,-165,-14512,4088,3964,-969,92,-82,-14660,-3624,5488,-500,165,-100,0
64.02827501296997,9844,5756,10952,-199,-106,93,8724,-9516,9212,24,184,-164,-14636,4108,3744,-1033,80,-87,-14644,-3572,5584,-472,168,-71,0
64.06182813644409,9780,5728,11096,-213,-176,134,8676,-9636,9320,35,217,-165,-14548,4248,3892,-998,118,-89,-14716,-3544,5696,-480,162,-27,0
64.09536695480347,9824,5776,11056,-218,-221,145,8772,-9972,9256,-35,127,-209,-14784,4172,3608,-974,150,-155,-14644,-3580,5716,-542,190,-12,0
64.1287751197815,9860,5744,10868,-148,-250,153,8800,-9664,9276,-55,117,-196,-14444,4144,3784,-969,164,-105,-14600,-3460,5540,-542,217,-45,0
64.16241908073425,9832,5664,10940,-224,-3,143,8660,-9452,9244,-84,160,-224,-14424,4116,3832,-958,179,-151,-14668,-3612,5596,-470,202,-5,0
64.19576692581177,9916,5680,10872,-260,-204,152,8932,-9256,9392,-34,147,-219,-14524,4112,3776,-955,185,-127,-14784,-3512,5480,-443,225,254,0
64.22922897338867,9788,5668,11260,-260,-233,129,8904,-9512,9328,-32,160,-230,-14520,4108,3868,-955,151,-111,-14768,-3616,5656,-474,237,9,0
64.26289701461792,9880,5692,10920,-328,-209,175,8872,-9572,9352,24,190,-239,-14548,4176,3712,-987,195,-148,-14800,-3628,5516,-432,230,19,0
64.29647898674011,9860,5860,10936,-261,-229,158,8812,-9620,9292,-256,126,-258,-14760,4032,4088,-974,217,-166,-14776,-3520,5544,-456,6,3,0
64.32996892929077,9832,5404,10804,-265,-266,173,8940,-9576,9428,-11,111,-248,-14592,4220,3648,-971,191,-159,-14880,-3544,5552,-476,222,-15,0
64.36364698410034,9968,5576,11148,-266,-257,174,8832,-9468,9352,-7,126,-248,-14820,4124,3952,-968,140,-150,-14668,-3492,5628,-759,197,-19,0
64.3972270488739,9900,5628,10952,-219,-237,156,8912,-9560,9268,-15,125,-178,-14548,4184,4076,-975,155,-91,-14620,-3452,5640,-505,166,-38,0
64.4305579662323,9992,5864,10764,-234,-174,180,8864,-9496,9280,-1,119,-195,-14572,4092,3856,-979,187,-55,-14576,-3440,5532,-494,151,-251,0
64.46399998664856,9992,5656,10900,-241,-183,172,8724,-9508,9376,5,107,-169,-14528,4188,3672,-1001,195,-119,-14568,-3412,5596,-473,174,18,0
64.49743914604187,9904,5548,11076,-236,-238,152,8800,-9620,9152,-38,49,-200,-14564,4000,3716,-1019,200,-99,-14628,-3468,5628,-491,192,1,0
64.53113603591919,9960,5572,10884,-221,-239,181,8792,-9628,9320,-22,51,-208,-14544,4048,3808,-976,204,-121,-14604,-3340,5452,-505,186,-1,0
64.56475400924683,9912,5556,10992,-160,-221,182,8800,-9488,9300,22,72,-190,-14472,4188,3800,-1041,146,-144,-14756,-3424,5384,-527,203,-89,0
64.598140001297,9800,5552,11060,-146,-213,112,8740,-9652,9196,42,110,-211,-14488,4132,3612,-998,127,-158,-14816,-3604,5500,-533,205,-136,0
64.63175892829895,10152,5452,11000,-88,-185,86,8832,-9516,9428,0,107,-240,-14428,4200,3800,-992,108,-149,-14768,-3488,5844,-540,212,-174,0
64.66479897499084,9916,5492,10984,-40,-170,15,8968,-9540,9196,69,106,-263,-14612,4184,3524,-1032,67,-194,-14820,-3572,5876,-551,221,-251,0
64.70218205451965,10016,5468,10772,10,-23,-253,9012,-9492,9108,69,127,-154,-14352,4136,3608,-1044,72,-141,-14744,-3360,5480,-519,107,-252,0
64.73801612854004,9980,5676,10528,-89,27,5,8804,-9468,9352,28,135,-137,-14620,3868,3744,-995,97,-122,-14724,-3484,5212,-470,165,-179,0
64.7732560634613,9880,5676,10776,-134,-16,56,8756,-9384,9304,-10,74,-127,-14600,4024,3780,-1004,123,-50,-14796,-3572,5564,-495,104,-136,0
64.80918598175049,9884,5780,10920,-131,4,116,8828,-9508,9456,-96,69,-121,-14544,3924,4064,-1008,130,-33,-14716,-3504,5452,-519,101,-124,0
64.84502005577087,9928,5868,10928,-64,25,121,8872,-9480,9296,-91,42,-107,-14588,4064,3888,-995,80,-41,-14628,-3604,5664,-265,91,-143,0
64.88126993179321,9940,5596,10908,-113,6,102,8872,-9484,9224,-91,79,-86,-14600,4044,3788,-997,125,253,-14692,-3524,5392,-501,45,-138,0
64.91624903678894,9904,5408,10956,-110,26,110,9108,-9596,9388,-95,91,-117,-14344,4024,3968,-973,100,-41,-14880,-3548,5604,-482,75,-140,0
64.95184898376465,9776,5592,10808,-90,9,74,8920,-9600,9252,-45,117,-126,-14612,4096,3760,-1007,73,-59,-14608,-3448,5588,-525,104,-149,0
64.98827195167542,9912,5516,11148,-70,8,68,8892,-9548,9076,-33,121,-100,-14548,4204,3808,-1012,94,-28,-14540,-3444,5536,-513,151,-127,0
65.02336001396179,9744,5604,11228,-81,-32,139,8656,-9512,9396,-68,47,-113,-14372,4180,3852,-988,190,-46,-14376,-3444,5692,-485,204,-54,0
65.0603289604187,9776,5660,11096,-105,-68,190,8768,-9632,9312,-115,-11,-199,-14544,4228,3764,-959,233,-142,-14360,-3448,5716,-496,236,-60,0
65.09549593925476,9732,5700,10896,-108,-126,159,9020,-9528,8980,-148,33,-176,-14704,4100,3528,-929,218,-90,-14864,-3460,5504,-477,185,-83,0
65.13129591941833,9876,5548,11072,-152,-129,148,8812,-9540,9000,-153,99,-146,-14816,3852,3876,-946,132,-18,-14704,-3352,5556,-455,115,-111,0
65.16761708259583,9980,5448,10888,-177,-39,37,8964,-9700,9296,-28,181,-135,-14692,4204,3600,-1001,76,-68,-14716,-3260,5664,-263,138,-195,0
65.20770907402039,10004,5524,11012,-90,-63,-1,8988,-9708,9300,83,210,-146,-14620,4300,4072,-1092,-15,-147,-14628,-3400,5700,-550,190,-201,0
65.2436511516571,9644,5768,11012,-107,-61,10,8880,-9540,9128,25,207,-159,-14496,4088,3732,-969,32,-105,-14828,-3356,5392,-768,187,-192,0
65.27931809425354,9820,5664,10952,-124,-117,29,8844,-9552,9140,-63,189,-171,-14440,4152,3788,-888,42,-108,-14748,-3452,5508,-516,132,-170,0
65.31462693214417,9800,5844,10800,-113,-147,41,8832,-9544,9344,-2,215,-170,-14636,4136,3716,-973,3,-131,-14424,-3544,5496,-543,135,-209,0
65.35009694099426,9824,5656,11244,-173,-124,32,8908,-9336,9340,38,332,-129,-14420,4124,3756,-1006,-10,-108,-14648,-3632,5656,-526,148,-143,0
65.3837821483612,9696,5748,11156,-150,-125,24,8892,-9564,9292,-15,256,-196,-14384,3896,4092,-986,40,-166,-14440,-3544,5620,-525,250,-149,0
65.41739511489868,9848,5640,10848,-185,-240,26,8824,-9560,9392,-15,206,-270,-14644,4156,3640,-952,70,-153,-14608,-3392,5392,-534,242,-155,0
65.45067691802979,9916,5636,11084,-168,-179,91,8764,-9408,9288,21,182,-215,-14424,4116,3880,-982,120,-110,-14496,-3460,5548,-530,161,-107,0
65.48412799835205,9828,5708,11056,-174,-100,122,8716,-9460,9144,-4,135,-194,-14540,3856,3668,-949,163,-121,-14532,-3404,5532,-487,183,-18,0
65.51774096488953,9780,5784,10908,-268,-132,152,8740,-9728,9044,-88,93,-206,-14448,4020,3964,-943,205,-138,-14724,-3548,5572,-433,211,35,0
65.55127000808716,9900,5688,10992,-300,-193,174,8872,-9488,9424,-83,136,-225,-14812,3856,4052,-943,217,-112,-14696,-3832,5508,-464,218,25,0
65.58484601974487,9960,5676,10888,-266,-6,147,8932,-9588,9280,-47,132,-222,-14524,4164,3664,-995,182,-132,-14664,-3400,5672,-500,252,16,0
65.61809706687927,9840,5608,11152,-253,-268,170,8936,-9640,9244,-36,107,-235,-14436,4132,3724,-1034,251,-128,-14772,-3452,5536,-523,241,10,0
65.65175700187683,9976,5568,11040,-193,-263,199,8860,-9524,9160,-11,89,-233,-14504,4124,3708,-1017,216,-102,-14684,-3392,5568,-457,198,18,0
65.68505907058716,10016,5564,11024,-232,-165,199,8904,-9584,9200,-37,52,-178,-14540,4076,3652,-975,227,-96,-14856,-3520,5560,-463,135,-256,0
65.71865391731262,9956,5492,11028,-243,-136,185,8908,-9532,9172,-47,82,-146,-14484,4104,3680,-951,224,-109,-14588,-3344,5404,-495,149,-11,0
65.75228309631348,10052,5564,10872,-195,-150,170,8720,-9560,9228,-70,102,-171,-14516,3876,3832,-963,174,-108,-14760,-3388,5600,-483,176,-53,0
65.78561592102051,9908,5516,10940,-205,-144,134,8744,-9284,9248,-58,123,-182,-14636,4092,3824,-982,174,-134,-14672,-3536,5576,-466,186,-64,0
65.81952810287476,9900,5512,11080,-191,-172,76,8884,-9592,9344,-73,141,-250,-14508,4164,3692,-988,125,-136,-14800,-3464,5644,-483,191,-76,0
65.85298109054565,10000,5496,11084,-162,-177,104,8872,-9584,9148,-33,178,-219,-14712,4156,3708,-1006,68,-113,-14660,-3288,5576,-491,211,-105,0
65.88656210899353,10008,5528,11040,-132,-129,72,8716,-9568,9180,4,142,-199,-14696,4156,3744,-992,96,-71,-14568,-3372,5580,-258,200,-161,0
65.91991806030273,9944,5532,10832,-118,-99,82,8900,-9652,9152,9,124,-174,-14656,4336,3664,-985,80,-123,-14696,-3368,5616,-542,169,-135,0
65.95331192016602,9940,5532,11000,-86,-101,85,8804,-9676,9248,-21,140,-168,-14492,4104,3796,-961,104,-105,-14644,-3552,5576,-544,139,-141,0
65.9869499206543,9936,5512,10900,-111,-97,97,8848,-9532,9260,-56,140,-185,-14552,4068,3876,-992,105,-96,-14572,-3440,5608,-496,189,-130,0
66.02051591873169,9964,5540,10856,-143,-95,83,8756,-9472,9304,-59,142,-179,-14436,4196,3716,-990,122,-110,-14676,-3356,5660,-485,167,-129,0
66.05399703979492,10236,5588,10984,-123,-96,94,8956,-9524,9360,-70,144,-166,-14544,4072,3652,-978,65,-57,-14656,-3320,5596,-544,135,-157,0
66.08758306503296,10000,5440,10940,-109,-85,50,8964,-9604,9308,-33,148,-182,-14400,4044,3844,-980,58,-74,-14676,-3488,5516,-485,167,-170,0
66.12113404273987,9984,5496,10872,-146,-91,65,8844,-9520,9396,19,184,-167,-14764,4260,3812,-999,86,-109,-14576,-3464,5532,-464,164,-134,0
66.15479397773743,9924,5592,10824,-111,-108,73,8852,-9544,9308,-6,151,-171,-14448,4236,3624,-994,71,-133,-14664,-3308,5504,-499,204,-175,0
66.18831300735474,9836,5552,11016,-165,-117,63,8880,-9668,9192,39,126,-205,-14536,4216,3936,-979,114,-132,-14584,-3436,5612,-499,198,-151,0
66.22179293632507,9796,5540,11156,-131,-77,101,8924,-9576,9172,-26,131,-169,-14628,4116,3692,-991,114,-144,-14736,-3352,5588,-767,156,-133,0
66.25543999671936,9944,5596,10896,-111,-115,107,8792,-9480,9344,-13,124,-176,-14560,3924,3716,-1003,108,-62,-14692,-3484,5568,-492,154,-128,0
66.28873991966248,9760,5456,10960,-157,-90,100,8784,-9504,9212,-36,118,-154,-14568,4124,3624,-978,88,-80,-14812,-3408,5580,-538,132,-120,0
66.32227110862732,10092,5612,10892,-130,-95,94,8948,-9532,9112,-33,108,-149,-14532,4064,3600,-995,109,-99,-14776,-3512,5472,-768,149,-124,0
66.35865902900696,9732,5580,10996,-109,-73,98,9128,-9548,9192,-52,105,-161,-14816,4316,3812,-967,129,-135,-14648,-3232,5400,-522,186,-107,0
66.39396715164185,9832,5524,10840,-143,-111,104,8880,-9580,9220,-33,110,-189,-14560,3860,3756,-993,106,-107,-14780,-3464,5488,-511,180,-77,0
66.42979192733765,9856,5620,10996,-132,-107,87,8728,-9488,9160,-51,141,-194,-14664,4124,3540,-970,125,-104,-14752,-3520,5612,-495,182,-142,0
66.46503806114197,9852,5492,11140,-152,-80,77,8764,-9564,9032,-26,119,-191,-14584,3892,3688,-994,81,-79,-14704,-3496,5500,-511,157,-128,0
66.50049304962158,9980,5580,10936,-105,-41,52,8788,-9492,9140,-5,123,-155,-14844,4324,3584,-1278,63,-93,-14668,-3388,5612,-531,161,-193,0
66.53571510314941,9960,5852,10816,-83,46,20,8836,-9496,9344,-21,154,-139,-14604,4316,4028,-1268,43,-73,-14580,-3412,5608,-536,113,-177,0
66.57176804542542,9952,5552,10960,-114,28,21,8832,-9668,9212,-43,163,-129,-14412,3924,3996,-992,15,-80,-14676,-3464,5504,-503,160,-219,0
66.60753893852234,9904,5576,11220,-93,-254,30,8724,-9552,9228,-10,149,-133,-14728,4228,3808,-1022,50,-105,-14620,-3444,5608,-491,159,-177,0
66.64292001724243,9844,5644,11248,-66,-15,44,8728,-9504,9372,-15,151,-168,-14512,4116,3648,-773,85,-148,-14632,-3424,5564,-506,168,-197,0
66.67815399169922,9940,5616,11052,-99,-41,32,8936,-9568,9332,-34,146,-201,-14652,3920,3552,-1012,71,-101,-14700,-3468,5568,-263,193,-146,0
66.71329092979431,9928,5676,11028,-54,-36,35,8864,-9544,9260,-29,151,-191,-14692,4188,3712,-991,60,-156,-14780,-3416,5440,-529,183,-206,0
66.74885511398315,9844,5564,11212,-77,-29,37,8920,-9508,9340,-3,163,-139,-14604,4312,3720,-996,42,-96,-14696,-3564,5544,-545,153,-185,0
66.7838339805603,9908,5648,10948,-91,-34,28,8776,-9472,9416,-24,134,-164,-14516,4112,3640,-966,72,-93,-14620,-3548,5504,-520,139,-158,0
66.81967997550964,9772,5696,11224,-100,-53,44,8820,-9604,9308,-75,154,-166,-14520,4120,3832,-981,77,-64,-14688,-3556,5588,-527,141,-138,0
66.85480904579163,9912,5556,11040,-106,-43,73,8876,-9600,9280,-38,140,-146,-14592,4072,3612,-1009,113,-86,-14624,-3528,5500,-551,165,-124,0
66.89085793495178,9848,5768,11124,-111,-43,79,8952,-9276,9464,-21,149,-131,-14456,3980,3808,-994,120,-104,-14768,-3640,5552,-511,160,-159,0
66.92582607269287,9896,5684,10864,-91,-46,45,8892,-9588,9292,-46,153,-159,-14792,4100,3656,-989,103,-98,-14784,-3428,5516,-521,181,-148,0
66.96130514144897,9832,5728,10944,-115,-46,42,8864,-9636,9372,1,188,-157,-14552,4144,3776,-1021,103,-59,-14724,-3524,5640,-507,159,-172,0
66.9986400604248,9764,5600,10812,-100,-29,51,8792,-9620,9332,-16,170,-149,-14604,4132,3912,-1003,78,-59,-14592,-3592,5624,-498,156,-141,0
67.03194499015808,9792,5664,11064,-109,-43,68,8848,-9504,9332,-14,149,-152,-14420,4188,4016,-989,67,-109,-14764,-3572,5708,-490,165,-126,0
67.06555509567261,9556,5728,10764,-117,-59,59,8768,-9536,9256,-65,127,-142,-14600,4160,3864,-964,79,-77,-14648,-3544,5584,-498,162,-123,0
67.09923505783081,9776,5872,10916,-118,-81,84,8776,-9572,9256,-45,138,-169,-14440,4060,3812,-971,115,-133,-14748,-3564,5636,-517,159,-119,0
67.1327440738678,9780,5424,11044,-134,-88,104,8924,-9604,9172,-37,87,-164,-14540,3864,3680,-990,114,-115,-14600,-3608,5620,-470,193,-89,0
67.16590905189514,9828,5664,10864,-165,-70,93,8720,-9612,9080,-18,130,-195,-14572,4064,3604,-1009,105,-69,-14540,-3376,5396,-506,170,-53,0
67.19897103309631,9808,5744,11260,-197,-132,114,8764,-9624,9200,1,176,-187,-14572,4120,3784,-995,90,-78,-14672,-3452,5728,-484,160,-90,0
67.23239707946777,9812,5712,11068,-183,-104,109,8452,-9676,9408,18,176,-205,-14552,4216,3884,-988,109,-92,-14688,-3580,5876,-503,192,-60,0
67.26597714424133,9892,5636,11128,-185,-186,94,8844,-9612,9352,254,137,-218,-14520,4216,3924,-980,124,-121,-14624,-3472,5872,-513,197,-68,0
67.2998149394989,9852,5880,11064,-174,-214,136,8812,-9600,9356,-17,139,-206,-14544,4124,3752,-974,123,-137,-14672,-3628,5440,-541,185,-72,0
67.33342814445496,9844,5472,11052,-201,-230,130,8756,-9552,9168,-38,139,-223,-14544,4344,3892,-927,141,-144,-14624,-3576,5428,-494,188,-42,0
67.36700701713562,9760,5580,10856,-196,-223,122,8744,-9616,9256,-94,148,-228,-14564,3848,3832,-932,155,-126,-14868,-3516,5572,-472,201,-37,0
67.40005493164062,9812,5656,11132,-512,-217,140,8924,-9260,9348,-35,145,-217,-14456,4100,3716,-959,173,-92,-14636,-3508,5552,-472,188,-30,0
67.43337106704712,9800,5384,11036,-226,-189,148,8952,-9504,9196,-42,136,-226,-14448,3868,3752,-971,193,-153,-14692,-3360,5652,-505,213,-25,0
67.46710705757141,9820,5576,10952,-228,-212,139,8916,-9552,9252,-3,113,-238,-14556,3864,3768,-978,164,-186,-15088,-3472,5692,-492,236,-8,0
67.50037813186646,9916,5548,10956,-225,-224,141,8908,-9584,8988,-46,138,-272,-14612,4092,3772,-984,166,-188,-14956,-3468,5604,-484,236,-21,0
67.53398895263672,9856,5620,11028,-183,-238,141,8876,-9568,9308,-17,126,-205,-14668,3968,3652,-976,145,-132,-14752,-3560,5688,-514,197,-60,0
67.56755208969116,9840,5632,11032,-201,-211,132,8756,-9616,9396,-252,130,-188,-14440,4064,3624,-963,153,-117,-14792,-3548,5512,-766,205,-37,0
67.60109996795654,9832,5628,10928,-239,-207,144,8864,-9280,9032,-7,118,-208,-14504,4136,3616,-966,185,-70,-14816,-3512,5584,-460,193,-34,0
67.63467907905579,9908,5636,10904,-215,-171,151,8952,-9580,9356,-31,118,-196,-14716,4100,3584,-980,152,-77,-14556,-3604,5548,-473,150,-27,0
67.66816210746765,10036,5628,10964,-238,-179,146,8828,-9620,9316,1,111,-199,-14616,4192,3792,-978,146,-134,-14676,-3492,5432,-498,185,-62,0
67.701425075531,9740,5600,10672,-240,-197,115,8820,-9464,9316,5,122,-180,-14548,4032,4012,-1000,179,-152,-14568,-3416,5548,-496,183,-41,0
67.73494505882263,9952,5848,10868,-180,-169,130,8952,-9540,9424,-58,122,-210,-14584,3852,3776,-969,158,-127,-14732,-3420,5604,-495,203,-45,0
67.76860094070435,9912,5520,10920,-226,-225,128,8788,-9712,9292,-11,130,-238,-14500,4152,3712,-984,158,-98,-14968,-3464,5684,-469,208,-60,0
67.80180597305298,9912,5572,10852,-194,-162,133,8936,-9568,9264,3,139,-168,-14548,4108,3604,-1014,138,-96,-14628,-3424,5804,-495,151,-88,0
67.8356101512909,9888,5568,10972,-187,-134,124,8864,-9628,9276,-2,143,-169,-14624,3860,3736,-959,118,-57,-14668,-3460,5376,-501,158,-86,0
67.86917805671692,9888,5500,10976,-157,-125,119,8720,-9552,9280,-30,114,-188,-14676,4112,3644,-991,109,-121,-14688,-3400,5516,-503,128,-113,0
67.90243291854858,9860,5660,10948,-106,-124,94,8868,-9540,9016,-60,129,-167,-14424,4308,3768,-965,99,-122,-14736,-3288,5588,-534,142,-128,0
67.93580293655396,9884,5540,10708,-101,-112,76,8888,-9616,9220,-31,126,-154,-14836,4076,3744,-992,94,-140,-14732,-3560,5616,-513,168,-168,0
67.96929407119751,9892,5544,10876,-137,-82,62,8884,-9288,9452,20,161,-193,-14548,4196,3656,-772,105,-88,-14752,-3496,5588,-513,178,-122,0
68.00261402130127,9780,5508,10984,-121,-67,63,8900,-9456,9188,255,151,-174,-14596,4104,3740,-1021,80,-115,-14848,-3424,5664,-490,174,-152,0
68.03917098045349,9992,5508,11008,-143,-89,38,8832,-9552,9416,15,171,-177,-14656,4156,3820,-1009,76,-98,-14784,-3556,5584,-496,193,-174,0
68.07455801963806,9852,5564,11208,-138,-59,51,8936,-9572,9360,-10,156,-184,-14452,4076,3676,-991,67,-110,-14716,-3460,5708,-517,174,-168,0
68.11027812957764,9952,5576,10992,-126,-49,62,8804,-9584,9320,-16,132,-171,-14492,4020,3704,-983,91,-92,-14664,-3408,5872,-509,133,-164,0
68.14553999900818,9896,5596,11004,-91,-38,62,8776,-9552,9128,-6,135,-161,-14524,4116,3732,-969,71,-121,-14648,-3572,5600,-473,153,-171,0
68.18119406700134,9880,5880,11128,-122,-58,53,8824,-9424,9416,-37,158,-160,-14532,3936,3756,-986,63,-85,-14776,-3580,5524,-499,148,-141,0
68.21734809875488,9828,5384,10776,-130,-52,37,8724,-9556,9300,-33,146,-171,-14816,4140,3648,-981,80,-121,-14752,-3532,5484,-506,189,-152,0
68.25253200531006,9924,5544,10920,-70,-68,39,8880,-9608,9484,-26,145,-161,-14468,4112,3724,-1028,92,-142,-14376,-3396,5616,-499,174,-156,0
68.28871512413025,9936,5884,10752,-81,-79,60,8740,-9508,9216,249,140,-180,-14528,4048,4060,-998,106,-78,-14556,-3348,5552,-501,183,-167,0
68.32413411140442,9892,5872,10964,-97,-77,57,8772,-9540,9276,-33,154,-206,-14748,4256,4040,-986,111,-169,-14756,-3488,5628,-494,158,-152,0
68.35964894294739,9840,5692,10880,-95,-64,43,8844,-9528,9292,-68,115,-165,-14612,4264,3636,-998,62,-59,-14664,-3372,5548,-528,123,-132,0
68.3950879573822,9928,5552,11016,-84,-66,46,8788,-9612,9196,-1,127,-145,-14752,4312,3836,-1043,50,-68,-14716,-3512,5700,-520,127,-158,0
68.43040895462036,9924,5600,10988,-128,247,70,8876,-9708,9376,-251,183,-126,-14500,4160,4040,-993,74,-85,-14688,-3556,5480,-501,153,-120,0
68.4655110836029,9832,5636,10944,-95,-53,63,8852,-9560,9288,-67,134,-141,-14532,4108,3732,-983,67,-105,-14736,-3468,5716,-506,180,-117,0
68.50199007987976,9880,5576,10804,-130,-88,54,8896,-9500,9404,14,156,-184,-14544,4180,3852,-997,101,-111,-14748,-3388,5572,-494,148,-138,0
68.53766012191772,9876,5568,10908,-139,-85,76,8768,-9468,9296,-7,172,-148,-14496,4072,3824,-1001,63,-80,-14528,-3476,5640,-503,143,-112,0
68.57276797294617,9780,5724,10928,-160,-103,95,8712,-9516,9452,-19,163,-162,-14596,3876,4068,-982,89,-87,-14584,-3368,5720,-495,155,-101,0
68.60880613327026,9748,5864,10812,-189,-179,103,8744,-9528,9388,-39,173,-167,-14460,4160,3616,-968,83,-116,-14776,-3332,5856,-493,183,-34,0
68.64406704902649,9784,5588,10876,-154,-171,134,8824,-9612,9308,-61,159,-179,-14424,4128,3840,-1003,140,-117,-14732,-3480,5668,-487,201,-55,0
68.68124508857727,9864,5604,11096,-198,-236,145,8788,-9512,9428,-39,100,-224,-14360,4188,3804,-973,169,-123,-14660,-3504,5688,-471,233,-36,0
68.71461796760559,9768,5620,10752,-156,-240,115,8840,-9520,9344,-51,111,-508,-14588,4320,3700,-980,206,-133,-14740,-3536,5636,-492,233,-31,0
68.74812507629395,9848,5588,10808,-204,-279,151,8868,-9536,9328,3,146,-205,-14636,4112,3784,-993,183,-149,-14684,-3396,5776,-482,272,-43,0
68.78157997131348,9824,5624,11000,-238,-235,152,8940,-9644,9316,-1,126,-249,-14744,4180,3916,-971,169,-174,-14632,-3368,5664,-513,240,-18,0
68.81491899490356,9744,5552,11012,-229,-325,165,8920,-9632,9396,251,130,-255,-14812,4216,3844,-976,191,-147,-14660,-3508,5772,-266,508,-44,0
68.84825205802917,9892,5580,10796,-175,-287,144,8828,-9224,8988,-64,81,-224,-14432,4164,3824,-988,175,-132,-14636,-3484,5540,-529,205,-67,0
68.88187313079834,9932,5604,10816,-136,-236,158,8832,-9452,9256,-78,84,-238,-14512,4040,3680,-946,139,-137,-14792,-3476,5524,-258,226,-88,0
68.91613411903381,10000,5608,10888,-141,-174,109,8784,-9404,9448,-34,83,-206,-14560,4028,3588,-980,112,-106,-14664,-3448,5520,-494,183,-108,0
68.94952201843262,9948,5508,10744,-132,-60,101,9048,-9404,9244,-29,93,-157,-14844,4336,4036,-990,93,-69,-14740,-3316,5536,-481,135,-156,0
68.98301005363464,9988,5452,10808,-174,-9,59,8824,-9484,8988,13,164,-159,-14420,4048,3552,-1006,120,-104,-14660,-3424,5460,-459,184,-148,0
69.01684808731079,9844,5624,10860,-195,-44,85,8816,-9532,9052,9,124,-183,-14556,4180,3636,-1045,140,-160,-14780,-3540,5496,-480,211,-86,0
69.05025315284729,10044,5580,11008,-139,-123,93,8916,-9648,9412,-19,125,-195,-14580,4128,3608,-1028,121,-112,-14724,-3396,5648,-509,185,-100,0
69.08386206626892,9860,5544,10952,-107,-103,103,8852,-9580,9292,-33,154,-179,-14488,4272,3836,-991,84,-91,-14556,-3312,5544,-257,146,-117,0
69.11742496490479,9808,5592,10880,-145,-109,91,8704,-9480,9448,-63,129,-166,-14504,4168,3856,-961,72,-54,-14608,-3488,5640,-487,114,-86,0
69.15105199813843,9816,5576,10888,-124,-70,65,8740,-9608,9204,-68,135,-134,-14496,3908,3732,-976,83,-50,-14780,-3220,5664,-766,66,-91,0
69.18428206443787,9928,5524,11232,-136,-90,81,8784,-9548,9364,-35,153,-147,-14704,4104,3764,-1002,40,-103,-14632,-3344,5592,-504,136,-133,0
69.21794199943542,9804,5632,10860,-123,-91,103,8808,-9552,9172,-31,156,-145,-14604,4108,3544,-956,108,-110,-14572,-3480,5660,-506,114,-111,0
69.25162601470947,9980,5384,10976,-102,-98,57,8784,-9652,9152,-79,126,-195,-14684,4012,3784,-957,110,-113,-14652,-3408,5428,-503,223,-100,0
69.2848870754242,9924,5500,10764,-160,-142,68,8812,-9648,9416,14,140,-216,-14580,4148,3720,-992,115,-148,-14808,-3376,5468,-489,244,-144,0
69.31842494010925,9992,5572,10948,-146,-92,86,8852,-9488,9160,11,148,-196,-14468,3852,3832,-1277,158,-122,-14728,-3624,5608,-465,212,-115,0
69.35184812545776,9956,5624,10960,-154,-89,95,8820,-9564,9328,-35,100,-173,-14632,4040,3800,-999,131,-96,-14860,-3600,5716,-499,159,-166,0
69.38547396659851,9984,5540,10948,-123,-58,66,8852,-9664,9012,-39,138,-168,-14736,4156,3844,-996,44,-65,-14612,-3388,5672,-525,117,-214,0
69.41932010650635,9976,5552,10968,-82,19,10,8980,-9432,9236,252,187,-99,-14776,4140,3672,-1276,19,-103,-14516,-3312,5540,-533,86,-226,0
69.45265007019043,9932,5548,10992,-60,66,255,8852,-9488,9032,18,163,-101,-14452,3944,3744,-1010,17,-85,-14560,-3524,5616,-490,116,-209,0
69.48579907417297,9840,5608,11060,-109,54,11,8864,-9512,9108,251,157,-122,-14564,4056,3388,-1030,42,-101,-14652,-3572,5852,-759,140,-205,0
69.51931715011597,9840,5556,11100,-72,-251,36,8820,-9556,9256,-27,183,-138,-14740,3968,3736,-994,67,-75,-14676,-3464,5560,-490,201,-185,0
69.55285692214966,9756,5604,11364,-112,-34,54,8824,-9568,9388,-25,152,-166,-14640,4144,3716,-1005,69,-76,-14780,-3460,5824,-498,185,-159,0
69.58654808998108,9772,5376,11240,-90,-10,63,8796,-9528,9252,-44,151,-164,-14728,4092,3988,-997,81,-98,-14868,-3572,5480,-508,181,-158,0
69.62009906768799,9816,5672,11260,-81,-25,49,8744,-9616,9380,-51,126,-148,-14512,4096,3600,-1008,99,-70,-14756,-3780,5520,-482,152,-138,0
69.65368700027466,9704,5596,11132,-99,-16,60,8812,-9488,9308,-51,148,-129,-14576,4084,3836,-1015,92,-122,-14760,-3492,5632,-493,143,-175,0
69.68721413612366,9848,5600,11024,-88,-42,41,8820,-9568,9212,-38,181,-159,-14528,4092,3988,-969,25,-83,-14748,-3456,5408,-755,139,-179,0
69.7234411239624,9876,5664,11236,-101,-22,48,8780,-9544,9076,-36,147,-154,-14576,4104,4016,-984,87,-71,-14596,-3388,5520,-514,160,-112,0
69.75915193557739,9756,5720,10716,-87,-35,76,8840,-9528,9156,-67,122,-165,-14572,4124,3912,-938,118,-152,-14472,-3468,5560,-258,192,-108,0
69.79402899742126,9720,5604,10932,-92,-91,90,8896,-9580,9240,-16,125,-210,-14500,4216,3952,-958,113,-126,-14700,-3476,5568,-520,196,-114,0
69.82995891571045,9824,5848,10992,-115,-90,78,8780,-9448,9396,-48,142,-178,-14564,4252,4076,-985,92,-144,-14764,-3528,5656,-510,208,-113,0
69.86488509178162,9912,5852,10984,-133,-93,82,8824,-9556,9328,-256,142,-187,-14644,4156,3720,-1003,85,-91,-14660,-3476,5596,-486,179,-114,0
69.90039896965027,9812,5684,10984,-147,-100,85,8776,-9572,9288,-28,169,-177,-14568,4200,3908,-1002,98,-119,-14800,-3520,5464,-765,124,-123,0
69.93549609184265,9824,5604,11104,-165,-91,78,8896,-9692,9204,25,185,-145,-14644,4156,3872,-1015,58,-76,-14844,-3532,5880,-507,121,-125,0
69.97126913070679,9780,5712,10856,-206,-146,125,8744,-9572,9328,5,196,-164,-14444,4108,3768,-976,89,-121,-14596,-3488,5616,-490,132,-83,0
70.00620102882385,9876,5712,11044,-161,-167,139,8816,-9584,9436,-58,135,-225,-14612,4160,3908,-948,140,-139,-14672,-3512,5496,-527,216,-69,0
70.04179310798645,9812,5588,10976,-202,-208,109,8568,-9492,9356,-31,156,-241,-14512,4116,3780,-942,137,-108,-14516,-3420,5884,-509,179,-77,0
70.07768511772156,9864,5612,11088,-206,-170,145,8720,-9520,9244,-34,177,-169,-14560,4144,3696,-944,149,-127,-14524,-3432,5608,-495,184,-48,0
70.1126320362091,9756,5876,10944,-228,-179,123,8944,-9596,9152,-28,155,-214,-14536,4072,3648,-953,181,-96,-14780,-3516,5756,-463,176,-28,0
70.14820098876953,9964,5664,11008,-247,-212,123,8828,-9540,9112,-36,139,-226,-14544,4212,3700,-956,157,-132,-14720,-3440,5600,-472,244,-27,0
70.18325614929199,9972,5616,10752,-1,-237,138,8848,-9508,9212,-27,133,-222,-14752,4012,4048,-980,181,-133,-14756,-3460,5392,-506,212,-41,0
70.2257969379425,9840,5592,10948,-234,-245,189,9212,-9272,9284,-20,99,-223,-14568,4132,3696,-982,162,-161,-14712,-3168,5504,-488,215,-55,0
70.2618100643158,9824,5444,10780,-214,-250,142,8868,-9560,9200,-12,110,-223,-14632,4040,3976,-977,147,-136,-14704,-3304,5504,-487,210,-48,0
70.29803895950317,9804,5616,10944,-218,-217,159,8788,-9588,9212,-5,107,-204,-14796,4216,3972,-959,177,-94,-14736,-3488,5688,-477,159,-50,0
70.3331310749054,9732,5584,11036,-227,-202,122,8876,-9528,9344,-23,118,-186,-14488,4140,3556,-989,160,-130,-14664,-3396,5560,-493,169,-73,0
70.37004804611206,9876,5612,11160,-212,-204,153,8844,-9548,9180,-51,92,-216,-14472,4088,4032,-968,156,-97,-14812,-3572,5592,-499,181,-56,0
70.40377807617188,9868,5668,10936,-221,-193,152,8864,-9592,9156,-45,78,-199,-14544,4080,3796,-961,177,-78,-14596,-3464,5380,-498,193,-30,0
70.43728303909302,9824,5664,10876,-210,-234,154,8868,-9572,9324,-32,81,-211,-14584,4040,3628,-950,149,-126,-14724,-3392,5400,-500,189,-52,0
70.47076511383057,9864,5536,10944,-199,-223,151,8708,-9572,9244,-53,126,-202,-14540,4116,3612,-932,145,-169,-14744,-3488,5768,-487,178,-53,0
70.5043089389801,10148,5884,11224,-222,-199,137,8908,-9512,9348,-55,118,-199,-14420,4324,3632,-962,144,-110,-14544,-3380,5816,-521,216,-73,0
70.53788208961487,9804,5464,10944,-190,-175,143,9176,-9592,9352,-8,118,-209,-14608,3864,3692,-985,149,-153,-14700,-3544,5680,-258,188,-98,0
70.57162594795227,9968,5432,10972,-190,-161,135,8960,-9472,9224,-249,94,-205,-14508,4308,3592,-982,140,-133,-14768,-3384,5496,-768,201,-93,0
70.60502195358276,9912,5508,11216,-194,-169,133,8712,-9572,9272,-39,106,-209,-14400,4128,3852,-990,167,-103,-14608,-3340,5520,-488,193,-73,0
70.63867497444153,10028,5484,10900,-144,-153,134,8852,-9604,9396,-66,82,-178,-14792,4012,3584,-986,111,-94,-14764,-3312,5672,-518,155,-126,0
70.67217898368835,10008,5492,10924,-109,-100,77,8880,-9532,9244,-17,116,-169,-14732,4064,3556,-1020,74,-70,-14608,-3500,5572,-553,105,-155,0
70.70562791824341,10152,5424,10964,-107,-47,78,8724,-9724,9468,15,181,-136,-14572,4092,3908,-996,62,-133,-14364,-3408,5544,-508,118,-160,0
70.73923802375793,10016,5560,10992,-118,-28,41,8636,-9548,9236,-16,152,-134,-14532,4140,3892,-990,55,-139,-14816,-3516,5528,-505,181,-173,0
70.77278709411621,9940,5492,11008,-117,-66,16,8856,-9592,9340,32,177,-187,-14472,4288,3692,-1017,44,-123,-14604,-3400,5544,-512,186,-170,0
70.80622911453247,9980,5572,11096,-124,-42,40,8760,-9700,9224,23,147,-150,-14552,4160,3712,-1030,57,-89,-14716,-3516,5540,-511,130,-163,0
70.83996891975403,9936,5580,10876,-116,-60,66,8724,-9508,9460,-17,163,-143,-14452,4188,3868,-967,60,-52,-14840,-3352,5572,-503,96,-206,0
70.87351512908936,9832,5592,11076,-112,-55,34,8836,-9660,9236,-23,129,-143,-14660,3852,3624,-982,60,-63,-14652,-3512,5548,-514,108,-157,0
70.90729713439941,9868,5608,11008,-90,-38,42,8712,-9496,9316,-59,143,-136,-14540,4012,3796,-938,70,-52,-14892,-3444,5540,-533,132,-177,0
70.94044995307922,9956,5584,10956,-90,-45,52,8812,-9500,9156,-13,114,-158,-14612,4016,3740,-984,91,-83,-14676,-3464,5592,-504,168,-157,0
70.97419095039368,9960,5488,10892,-137,-85,47,8908,-9500,9212,-256,150,-215,-14480,4176,3784,-1031,116,-141,-14792,-3208,5784,-496,204,-156,0
71.007493019104,9964,5556,10984,-80,-98,82,8796,-9656,9248,-29,119,-203,-14652,4088,3844,-980,99,-168,-15064,-3804,5568,-519,188,-143,0
71.04103708267212,10224,5492,10768,-121,-119,95,8744,-9488,9452,-21,161,-204,-14632,3876,3816,-978,104,-104,-14704,-3540,5572,-508,176,-138,0
71.07484006881714,10204,5500,10984,-101,-89,64,8864,-9568,9200,-11,160,-172,-14588,4304,3564,-1002,112,-104,-14588,-3540,5552,-531,159,-141,0
71.10839605331421,9912,5380,11244,-100,-100,66,8948,-9548,8976,-3,112,-159,-14532,4004,3776,-1016,104,-95,-14664,-3456,5428,-501,148,-133,0
71.14185094833374,9756,5536,11044,-108,-101,64,8800,-9564,9208,-22,122,-167,-14828,4028,3772,-990,95,-100,-14620,-3372,5404,-259,185,-120,0
71.17526197433472,9812,5540,11000,-129,-105,92,8736,-9604,9100,-46,148,-172,-14492,4168,3516,-969,110,-137,-14588,-3512,5584,-498,165,-120,0
71.20825910568237,9892,5580,10800,-150,-102,73,8768,-9560,9404,-47,114,-170,-14792,4204,3896,-987,114,-97,-14644,-3520,5632,-500,195,-110,0
71.24182295799255,9768,5604,10868,-107,-124,81,8768,-9548,9272,-31,126,-164,-14476,4104,3820,-993,134,-115,-14692,-3476,5676,-508,197,-121,0
71.27556800842285,9964,5648,11016,-100,-125,86,8872,-9660,9140,-17,105,-177,-14672,4140,3712,-996,113,-95,-14768,-3520,5584,-499,194,-123,0
71.30882692337036,9860,5560,10956,-150,-98,84,8932,-9492,9296,-20,142,-193,-14368,4280,3716,-993,98,-129,-14668,-3492,5604,-481,181,-89,0
71.34228205680847,10020,5596,11260,-147,-118,82,8944,-9544,9276,-44,115,-181,-14816,4220,3732,-973,69,-123,-14716,-3332,5676,-522,165,-122,0
71.37565493583679,9940,5532,10904,-133,-116,90,8744,-9632,9124,-23,154,-158,-14696,4248,3780,-1004,98,-151,-14832,-3468,5640,-529,160,-135,0
71.41261315345764,9860,5592,11248,-139,-52,80,8724,-9508,9356,11,160,-144,-14564,3876,3628,-994,104,-112,-14636,-3492,5552,-530,112,-137,0
71.44813895225525,9896,5652,10920,-101,-47,97,8908,-9564,9204,-79,141,-127,-14652,3860,3740,-974,113,-109,-14780,-3568,5396,-487,143,-97,0
71.48366212844849,9848,5588,10856,-165,-93,45,8964,-9524,9244,10,164,-173,-14320,4144,3760,-960,98,-155,-14508,-3440,5592,-493,190,-164,0
71.5193989276886,9944,5536,10960,-132,-51,60,8768,-9580,9212,-4,150,-148,-14500,4188,3944,-1017,123,-89,-14844,-3408,5456,-498,178,-149,0
71.5546350479126,9868,5660,10904,-109,-70,75,8860,-9252,9336,-22,142,-149,-14624,4048,3692,-984,128,-123,-14768,-3480,5652,-490,148,-150,0
71.58988809585571,9908,5568,10972,-124,-76,49,8876,-9552,9052,-18,171,-148,-14548,4072,3696,-981,31,-38,-14580,-3448,5508,-497,145,-184,0
71.62552213668823,9772,5552,10808,-116,-21,48,8816,-9624,9272,-45,165,-132,-14580,4220,3516,-968,59,-65,-14732,-3460,5500,-530,120,-142,0
71.66163301467896,9936,5564,10864,-91,8,56,8696,-9452,9240,-36,120,-171,-14480,4040,3924,-1006,58,-123,-14680,-3296,5528,-514,164,-180,0
71.6975269317627,9828,5792,10932,-113,-27,49,8884,-9532,9252,-34,139,-157,-14492,4112,3908,-1008,67,-141,-14624,-3552,5552,-513,167,-164,0
71.73328900337219,9776,5688,11016,-123,-74,47,8768,-9492,9332,-30,168,-164,-14652,4240,3908,-1008,105,-102,-14768,-3580,5692,-510,174,-144,0
71.76867508888245,9856,5616,11108,-112,-30,50,8876,-9588,9640,-44,152,-161,-14488,4196,3652,-1003,98,-166,-14768,-3452,5664,-540,174,-170,0
71.8044171333313,9868,5588,10980,-92,-25,57,8876,-9520,9060,-36,134,-146,-14464,4128,3824,-1011,91,-138,-14640,-3632,5600,-513,194,-130,0
71.8402030467987,9848,5552,11088,-109,-54,58,8792,-9536,9280,-39,168,-167,-14564,4096,3908,-982,82,-67,-14820,-3448,5664,-765,191,-158,0
71.87559795379639,9748,5668,11044,-129,-61,56,8736,-9664,9320,-56,132,-173,-14428,4116,3776,-962,49,-119,-14784,-3612,5572,-767,160,-172,0
71.91177892684937,9804,5388,10832,-145,-65,47,8792,-9532,9268,-34,168,-162,-14372,4108,3904,-960,81,-106,-14824,-3476,5816,-477,166,-137,0
71.94771003723145,9856,5432,10920,-154,-75,68,8812,-9544,9208,-25,151,-178,-14436,4016,3820,-984,124,-88,-14732,-3348,5844,-475,174,-88,0
71.98280596733093,9836,5624,10984,-187,-88,89,8880,-9420,9364,-248,177,-203,-14600,4184,3896,-976,130,-90,-14412,-3412,5584,-490,182,-78,0
72.01887202262878,9924,5672,11252,-182,-146,112,8892,-9640,9188,-3,164,-201,-14720,4044,3828,-973,108,-111,-14672,-3412,5868,-501,181,-59,0
72.05434703826904,9868,5884,10868,-167,-188,117,8524,-9540,9156,-256,162,-192,-14456,4100,4112,-1022,120,-158,-14636,-3492,5696,-503,188,-70,0
72.08795499801636,9756,5404,11112,-190,-211,123,8812,-9556,9200,-43,145,-239,-14552,4284,3752,-951,111,-130,-14652,-3484,5376,-507,163,-45,0
72.12148904800415,9868,5696,11252,-187,-175,144,8736,-9452,9232,-81,141,-183,-14440,4232,3716,-956,158,-102,-14724,-3376,5880,-510,141,-39,0
72.15509915351868,9892,5492,10912,-201,-191,151,8880,-9620,9292,-36,139,-201,-14440,4288,3972,-982,144,-93,-14600,-3320,5556,-502,187,-56,0
72.18831205368042,9876,5624,11152,-235,-196,151,8884,-9668,9224,-3,155,-195,-14516,3980,3776,-954,168,-136,-14568,-3396,5384,-500,195,-51,0
72.22157001495361,9804,5672,10776,-247,-185,139,8784,-9588,9440,-57,147,-227,-14824,4344,3772,-973,174,-175,-14800,-3416,5440,-493,233,-33,0
72.25506496429443,9840,5576,10956,-239,-229,113,8888,-9660,9296,-1,146,-243,-14544,4156,3680,-963,154,-151,-14672,-3484,5608,-482,246,-51,0
72.28857803344727,9848,5544,11000,-244,-217,127,8912,-9616,9364,-254,142,-219,-14592,4184,3792,-992,173,-158,-14368,-3076,5528,-478,205,-49,0
72.32209801673889,9964,5396,10948,-229,-194,150,8832,-9628,9252,-20,153,-181,-14484,4268,4088,-979,110,-96,-14740,-3476,5540,-487,186,-47,0
72.35594606399536,9896,5504,10988,-243,-214,135,8892,-9632,9328,-25,136,-180,-14592,4156,3844,-961,126,-101,-14680,-3460,5604,-514,166,-63,0
72.3895320892334,9844,5528,10920,-212,-190,160,8808,-9624,9400,-25,131,-201,-14516,4108,3668,-982,151,-80,-14644,-3500,5668,-528,152,-67,0
72.42267894744873,9856,5584,11036,-193,-193,163,8844,-9492,9216,-18,103,-209,-14532,4248,3768,-975,189,-115,-14644,-3508,5512,-508,199,-30,0
72.45651602745056,9728,5576,10904,-209,-209,180,8776,-9484,9192,-32,90,-224,-14716,3888,3776,-958,200,-160,-14588,-3332,5656,-516,194,-19,0
72.49005508422852,9944,5828,11000,-208,-221,147,8876,-9568,9292,-61,99,-226,-14652,4112,3788,-954,199,-154,-14708,-3512,5584,-462,217,-49,0
72.52375102043152,9956,5552,11248,-212,-197,173,8952,-9484,9320,-58,98,-231,-14600,4140,3784,-971,229,-112,-14936,-3588,5424,-480,217,-44,0
72.557382106781,10000,5456,10824,-211,-229,134,8916,-9552,8972,1,124,-227,-14664,4004,3688,-1011,147,-133,-14760,-3480,5588,-452,230,-56,0
72.59104800224304,9976,5576,10860,-218,-196,116,8744,-9548,9400,-11,123,-219,-14448,3884,3592,-965,163,-95,-14736,-3476,5836,-498,185,-35,0
72.62429809570312,10000,5564,10928,-188,-172,142,8860,-9528,9284,-35,106,-219,-14460,4140,3912,-973,140,-100,-14736,-3412,5392,-501,182,-88,0
72.65793108940125,9940,5400,10908,-176,-167,124,8848,-9500,9304,-62,64,-170,-14652,3936,3636,-981,142,-108,-14596,-3468,5580,-514,170,-106,0
72.69143509864807,9964,5416,10888,-110,-113,92,8908,-9552,9304,-36,99,-191,-14344,4316,3700,-974,123,-92,-14716,-3456,5684,-539,151,-155,0
72.72505497932434,10020,5544,10872,-100,-91,74,8872,-9540,9352,-42,126,-166,-14572,4108,3684,-1003,81,-152,-14816,-3420,5508,-524,144,-178,0
72.75845193862915,9984,5556,10936,-105,-32,34,8984,-9504,9264,6,142,-169,-14840,4280,3392,-983,83,-120,-14668,-3448,5464,-503,171,-175,0
72.79193496704102,10228,5556,10904,-135,-65,50,8960,-9292,9108,21,152,-176,-14448,4340,3688,-1003,70,-130,-14812,-3520,5692,-483,183,-176,0
72.82549214363098,9988,5448,10812,-116,-66,57,8852,-9544,9388,-6,112,-186,-14480,4064,3868,-986,77,-113,-14788,-3488,5560,-507,132,-139,0
72.85919213294983,9752,5472,10888,-100,-106,85,8896,-9532,9340,-4,165,-161,-14652,4100,3812,-999,43,-58,-14704,-3472,5616,-552,151,-169,0
72.89266204833984,10172,5576,11188,-109,-55,31,8712,-9448,9468,13,204,-129,-14580,3976,3572,-1002,12,-85,-14488,-3504,5640,-505,106,-184,0
72.92581009864807,9892,5544,10996,-82,-23,30,8732,-9552,9436,-49,147,-157,-14624,4004,3728,-983,59,-158,-14744,-3576,5872,-534,124,-187,0
72.95943903923035,9920,5580,11100,-98,-54,32,8756,-9640,9240,-3,161,-175,-14812,4320,3736,-977,39,-91,-14732,-3456,5612,-503,140,-189,0
72.99294304847717,9908,5520,10928,-142,-46,59,8812,-9552,9232,-255,127,-171,-14388,4100,3716,-1269,71,-56,-14572,-3384,5532,-498,143,-175,0
73.0265679359436,9912,5560,10912,-101,-34,77,8844,-9488,9224,0,187,-164,-14588,4004,3588,-1020,101,-66,-14516,-3428,5460,-496,143,-156,0
73.05993700027466,9928,5596,10928,-115,-59,73,8836,-9544,9212,-6,137,-151,-14760,4156,3792,-1003,79,-94,-14640,-3448,5412,-505,159,-172,0
73.09826803207397,9884,5628,10924,-121,-75,54,8852,-9584,9268,-51,155,-155,-14460,3988,3908,-988,90,-100,-14516,-3488,5532,-261,158,-139,0
73.13333511352539,10000,5592,10928,-89,-43,79,8852,-9496,9272,-33,122,-196,-14540,4024,3848,-975,92,-89,-14676,-3496,5476,-501,177,-178,0
73.16852807998657,10220,5556,10960,-113,-109,48,8812,-9516,9356,-16,149,-189,-14552,4140,3764,-1046,78,-117,-14664,-3572,5440,-504,200,-148,0
73.2044129371643,9832,5600,10880,-102,-66,85,8756,-9408,9300,-18,124,-163,-14588,4124,3760,-1006,69,-99,-14644,-3512,5388,-545,177,-168,0
73.24017691612244,9980,5656,10732,-117,-66,55,8860,-9496,9452,-24,169,-152,-14540,4048,3832,-1002,91,-110,-14708,-3436,5440,-486,167,-154,0
73.27502393722534,9860,5524,11180,-132,-62,47,8920,-9544,9440,3,150,-146,-14500,4148,3760,-995,79,-112,-14680,-3464,5548,-520,161,-124,0
73.31041598320007,9920,5524,10856,-137,-76,75,8848,-9560,9500,253,158,-160,-14416,4084,3880,-1021,94,-82,-14688,-3488,5728,-486,163,-135,0
73.34547710418701,9856,5808,11260,-142,-116,69,8756,-9524,9348,-26,170,-192,-14532,4020,3744,-962,105,-100,-14680,-3524,5632,-510,162,-91,0
73.3816249370575,9944,5692,11104,-145,-134,112,8800,-9584,9356,-49,161,-198,-14504,4336,3652,-958,92,-141,-14628,-3352,5780,-519,199,-91,0
73.4176070690155,9868,5604,10996,-189,-173,134,8828,-9664,9280,-32,143,-198,-14508,4204,3752,-970,125,-131,-14672,-3504,5488,-507,212,-53,0
73.45269107818604,9848,5592,11000,-165,-213,147,8840,-9488,9272,-36,137,-237,-14652,3848,3772,-957,169,-164,-14612,-3516,5672,-515,228,-41,0
73.48751306533813,9880,5600,10844,-161,-236,139,8816,-9428,9288,-60,136,-236,-14564,3920,3892,-952,208,-155,-14504,-3432,5564,-487,206,-63,0
73.52366995811462,9960,5568,10788,-199,-194,106,8860,-9548,9204,-76,94,-231,-14484,4104,4072,-988,179,-125,-14772,-3636,5500,-490,217,-33,0
73.55918097496033,9736,5600,10812,-205,-251,153,8852,-9520,8984,-33,133,-212,-14452,4204,3736,-989,174,-157,-14712,-3452,5396,-544,192,-29,0
73.59415102005005,10028,5512,10952,-220,-181,147,8808,-9484,9336,249,106,-198,-14724,4056,3680,-988,160,-100,-14648,-3464,5532,-515,178,-83,0
73.62979912757874,9904,5632,10880,-178,-139,119,8804,-9232,9084,-26,148,-195,-14572,4132,3768,-995,140,-127,-14600,-3424,5512,-496,199,-67,0
73.6649980545044,10192,5508,10976,-141,-167,106,8992,-9664,9348,-37,116,-234,-14572,4004,3788,-977,148,-163,-14632,-3132,5584,-501,229,-115,0
73.70127010345459,9948,5448,10952,-175,-124,96,8884,-9520,9228,-33,117,-192,-14372,4188,3604,-1011,135,-118,-14404,-3368,5492,-505,165,-93,0
73.73756408691406,9924,5436,10840,-108,-47,78,8744,-9468,9208,-21,129,-137,-14656,3908,3692,-1005,85,-135,-14732,-3468,5580,-767,108,-168,0
73.77111506462097,9864,5544,11028,-159,34,48,8828,-9564,9244,-20,147,-112,-14532,4064,3800,-984,93,-73,-14632,-3460,5636,-482,126,-143,0
73.80453300476074,9880,5568,10964,-156,12,65,8864,-9512,9256,-13,148,-135,-14504,4324,3700,-1010,80,-70,-14600,-3508,5484,-486,180,-163,0
73.83818697929382,9924,5564,10956,-150,-30,32,8900,-9640,9272,-255,140,-154,-14564,3876,3980,-1018,85,-81,-14652,-3444,5492,-484,191,-140,0
73.87182903289795,9824,5564,10992,-162,-94,81,8764,-9656,9404,14,156,-215,-14400,4172,4092,-1011,102,-121,-14808,-3464,5696,-500,216,-88,0
73.9054970741272,9800,5612,11108,-131,-166,101,8724,-9588,9264,-21,119,-209,-14496,4164,3860,-990,144,-105,-14804,-3808,5760,-494,197,-61,0
73.93906497955322,9916,5568,11096,-152,-147,121,8912,-9584,9324,-13,152,-183,-14372,4228,3964,-1001,80,-138,-14644,-3432,5556,-762,132,-92,0
73.97253108024597,9916,5612,11116,-138,-90,74,8932,-9540,9296,-45,178,-129,-14508,4124,3760,-997,105,-114,-14636,-3480,5580,-509,124,-155,0
74.00618505477905,9820,5568,11068,-125,-62,88,8852,-9512,9304,-23,149,-162,-14388,4076,3632,-974,95,-141,-14844,-3388,5628,-500,146,-125,0
74.03984999656677,9840,5592,10968,-145,-104,88,8936,-9576,9220,-35,109,-158,-14508,4092,3660,-984,109,-115,-14424,-3488,5508,-498,170,-110,0
74.07336807250977,9940,5568,10780,-131,-84,82,8824,-9528,9448,-48,90,-203,-14356,4048,3916,-969,104,-119,-14724,-3336,5392,-485,174,-138,0
74.10711812973022,9912,5532,10872,-119,-121,72,8936,-9476,9292,-67,177,-180,-14584,4088,3720,-991,108,-88,-14788,-3552,5416,-507,198,-130,0
74.140615940094,9940,5568,10884,-107,-32,44,8932,-9412,9144,-18,142,-193,-14632,4052,3736,-994,92,-88,-14696,-3336,5616,-507,190,-169,0
74.17405414581299,9936,5848,10984,-100,-21,42,8988,-9500,9236,4,127,-167,-14380,3860,3724,-1047,46,-85,-14644,-3460,5516,-477,151,-179,0
74.20773792266846,10000,5584,11076,-105,-13,46,8852,-9676,9232,6,151,-132,-14440,4264,4092,-1016,66,-104,-14876,-3408,5732,-538,165,-186,0
74.24140691757202,9956,5636,11100,-131,10,23,8748,-9832,9132,-36,147,-132,-14628,4096,3832,-994,64,-120,-14456,-3532,5460,-501,153,-191,0
74.27498412132263,9840,5544,11004,-69,-48,72,8880,-9592,9140,-88,140,-152,-14488,4080,3724,-975,67,-97,-14672,-3464,5508,-534,138,-162,0
74.30829501152039,9952,5564,10904,-49,0,47,8804,-9604,9248,-34,133,-118,-14484,4268,3796,-1280,38,-72,-14780,-3784,5584,-532,148,-182,0
74.34181904792786,9888,5556,11248,-112,-2,63,8776,-9544,9320,8,181,-122,-14452,4080,3656,-989,96,-61,-14736,-3596,5660,-516,130,-159,0
74.37547707557678,9836,5868,11168,-56,-3,41,8792,-9576,9340,-69,157,-131,-14500,4080,3840,-981,86,-81,-14668,-3472,5504,-540,158,-162,0
74.4093029499054,9960,5592,11252,-119,-40,22,8744,-9572,9344,7,169,-167,-14392,3884,3884,-964,91,-78,-14500,-3536,5532,-261,172,-164,0
74.44286513328552,9812,5616,10820,-123,250,31,8808,-9540,9296,-27,172,-170,-14488,4052,3772,-1019,99,-109,-14452,-3476,5552,-483,172,-169,0
74.47642207145691,9852,5596,10984,-106,-38,60,8952,-9220,9244,-22,150,-191,-14428,4156,4056,-990,102,-104,-14700,-3512,5464,-467,177,-160,0
74.50983715057373,9868,5572,11044,-138,-59,74,8780,-9520,9276,-23,165,-167,-14632,4172,4000,-986,84,-105,-14776,-3332,5540,-497,143,-141,0
74.54327893257141,9788,5648,11040,-143,-59,68,8748,-9628,9424,-48,165,-158,-14364,4160,3812,-968,99,-123,-14672,-3516,5736,-766,164,-107,0
74.57680892944336,9808,5688,11144,-126,-58,79,8840,-9704,9152,-17,160,-158,-14528,4116,3824,-990,128,-84,-14704,-3340,5560,-506,170,-104,0
74.61007595062256,9876,5608,10928,-159,-111,86,8844,-9608,8988,-1,150,-180,-14368,4104,3604,-975,141,-75,-14700,-3504,5428,-471,194,-92,0
74.6437771320343,9748,5632,11072,-180,-158,104,8760,-9584,9212,-6,160,-195,-14524,4084,3788,-998,128,-122,-14820,-3372,5668,-257,206,-36,0
74.6771891117096,9824,5380,11156,-188,-174,118,8744,-9592,9352,-23,147,-211,-14424,4204,3852,-960,160,-148,-14632,-3456,5616,-505,190,-28,0
74.71038603782654,9792,5564,11120,-166,-196,130,8836,-9500,9396,-70,143,-213,-14512,4172,3756,-948,154,-119,-14588,-3372,5604,-504,181,-77,0
74.74371314048767,9848,5668,10912,-210,-165,136,8824,-9456,9220,-57,174,-196,-14468,4180,3940,-971,139,-148,-14848,-3420,5644,-481,209,-38,0
74.78174710273743,9892,5584,10928,-197,-188,118,8816,-9660,9292,-59,140,-220,-14472,4280,3584,-939,180,-119,-14664,-3596,5608,-496,236,-54,0
74.81764602661133,9832,5768,10896,-210,-189,147,8808,-9704,9376,-27,143,-232,-14848,3868,3804,-969,144,-134,-14780,-3456,5552,-508,212,-30,0
74.85280013084412,9920,5484,10908,-201,-224,125,8932,-9528,9392,-34,124,-225,-14848,4148,3524,-966,187,-116,-14744,-3420,5496,-492,207,-42,0
74.88796496391296,9748,5412,11044,-220,-234,140,9176,-9500,9236,-25,130,-224,-14524,4120,3768,-991,167,-116,-14580,-3372,5568,-508,222,-49,0
74.92369103431702,9840,5520,11204,-213,-234,142,9084,-9500,9244,-6,129,-222,-14588,4180,3668,-991,174,-156,-14760,-3492,5564,-509,187,-52,0
74.95948910713196,9888,5584,10880,-197,-227,130,8756,-9540,9568,-5,146,-186,-14592,4228,3768,-990,123,-100,-14720,-3504,5532,-258,180,-60,0
74.99473309516907,9980,5584,10940,-203,-193,136,8864,-9532,9160,-16,131,-199,-14556,4040,3928,-981,141,-100,-14800,-3552,5560,-500,178,-36,0
75.03021907806396,9868,5568,10988,-202,-169,149,8896,-9552,9076,-42,132,-200,-14424,4060,3672,-978,190,-78,-14696,-3504,5560,-490,184,-37,0
75.06500005722046,9924,5484,10908,-216,-214,169,8868,-9724,9392,-44,106,-204,-14528,4144,3628,-943,174,-105,-14768,-3508,5536,-490,156,-28,0
75.1008141040802,10012,5500,11068,-203,-212,150,8804,-9420,9320,-37,93,-188,-14656,4124,4000,-966,162,-88,-14356,-3424,5556,-532,189,-84,0
75.13594603538513,9880,5556,11000,-199,-229,125,8816,-9576,9244,17,143,-208,-14640,4144,3884,-981,155,-119,-14756,-3572,5644,-489,156,-58,0
75.17119097709656,9936,5572,10812,-176,-178,126,8764,-9264,9244,-48,119,-215,-14652,4100,3596,-1003,144,-122,-14688,-3124,5412,-493,187,-51,0
75.20597314834595,9968,5440,11208,-226,-200,99,8844,-9500,9220,-19,130,-213,-14576,4228,3688,-1009,129,-106,-14664,-3312,5856,-496,176,-79,0
75.24492192268372,9736,5492,10856,-177,-147,143,8912,-9460,9252,16,143,-137,-14784,3852,3732,-982,145,-24,-14688,-3572,5464,-489,124,-87,0
75.28116798400879,9896,5572,11152,-196,-144,135,8756,-9580,9272,-44,160,-155,-14672,4108,3704,-968,136,-129,-14712,-3468,5524,-505,160,-88,0
75.31710505485535,9868,5504,10828,-169,-123,131,8880,-9476,9312,-51,115,-182,-14532,4024,3712,-977,121,-98,-14624,-3392,5620,-521,190,-101,0
75.35220909118652,9872,5460,10964,-111,-161,99,8832,-9580,9456,-60,116,-211,-14552,4008,3736,-970,72,-127,-14732,-3500,5568,-526,176,-131,0
75.38809299468994,9880,5472,10996,-78,-113,57,8848,-9440,9268,17,125,-211,-14580,3860,3508,-771,107,-146,-14708,-3448,5560,-490,179,-137,0
75.42365407943726,9732,5468,10712,-73,-67,71,8836,-9568,9316,13,137,-187,-14552,4080,3784,-983,45,-119,-14668,-3252,5436,-465,191,-179,0
75.45715308189392,10212,5472,10904,-147,-79,34,8896,-9556,9340,29,180,-155,-14608,4060,4048,-990,56,-120,-14632,-3364,5564,-488,166,-174,0
75.49087715148926,10036,5452,10940,-121,-38,39,8976,-9636,9220,13,154,-148,-14608,3860,3836,-1038,39,-131,-14712,-3388,5544,-527,165,-192,0
75.52431797981262,9764,5688,10920,-90,-53,47,8712,-9496,9276,35,140,-161,-14572,3908,3744,-1017,37,-110,-14636,-3568,5536,-524,131,-148,0
75.55790305137634,9808,5536,10600,-85,-49,53,8708,-9604,9372,-16,137,-154,-14788,4072,3756,-1015,59,-100,-14732,-3576,5584,-533,150,-186,0
75.59127807617188,9824,5688,10908,-97,-55,41,8840,-9576,9240,-32,140,-159,-14528,4040,3620,-975,44,-101,-14756,-3484,5524,-486,130,-150,0
75.62478494644165,9876,5620,11088,-112,-54,35,8724,-9728,9272,-27,168,-143,-14456,4104,3732,-952,57,-138,-15080,-3476,5544,-502,129,-148,0
75.65828394889832,9924,5564,11004,-114,-62,65,8832,-9588,9392,-16,128,-170,-14748,4160,3728,-964,74,-100,-14680,-3396,5612,-539,150,-165,0
75.69181203842163,10012,5520,11036,-30,-52,32,8808,-9512,9376,-19,133,-176,-14496,4204,3804,-990,58,-112,-14664,-3484,5712,-534,218,-185,0
75.72539806365967,9836,5492,11168,-70,-74,57,8780,-9624,9360,-18,135,-163,-14464,4084,3680,-993,83,-94,-14708,-3404,5604,-504,175,-166,0
75.75894403457642,9828,5612,11012,-52,-66,23,8804,-9572,9476,-39,135,-187,-14828,4156,3656,-967,89,-89,-14664,-3440,5860,-503,203,-171,0
75.79208302497864,10204,5528,11044,-73,-82,40,8852,-9544,9212,-66,125,-157,-14540,4048,3744,-960,71,-128,-14660,-3564,5524,-762,166,-144,0
75.82548213005066,9940,5552,11248,-59,-32,52,8904,-9512,9296,-15,117,-158,-14832,3916,3856,-774,67,-116,-14768,-3572,5608,-524,135,-191,0
75.85934710502625,9904,5524,11012,-91,-26,61,8872,-9548,9340,255,164,-140,-14388,4064,3808,-1016,61,-126,-14640,-3544,5872,-550,105,-152,0
75.8928451538086,9928,5508,10972,-61,-25,58,8812,-9628,9284,-48,111,-116,-14520,4044,3760,-996,65,-76,-14696,-3640,5508,-263,166,-191,0
75.92596292495728,9864,5572,10980,-94,-74,33,8820,-9548,9252,-30,149,-148,-14424,4020,3596,-991,31,-61,-14756,-3384,5752,-531,160,-210,0
75.95975303649902,9852,5576,11124,-95,-16,53,8800,-9536,9460,-12,126,-168,-14544,4064,3688,-1013,48,-70,-14680,-3572,5560,-498,145,-181,0
75.99338793754578,9884,5556,11012,-55,-54,33,8868,-9476,9280,-24,150,-161,-14552,4140,3768,-995,57,-103,-14592,-3488,5456,-507,161,-201,0
76.02710509300232,9768,5576,10972,-101,-64,46,8952,-9544,9128,-17,157,-159,-14392,4120,3816,-961,73,-113,-14412,-3504,5612,-521,188,-168,0
76.0606300830841,9860,5528,10888,-88,-83,66,8812,-9600,9040,-47,147,-155,-14816,4108,3620,-964,81,-105,-14692,-3592,5880,-515,164,-172,0
76.0942280292511,9828,5752,11024,-88,-74,79,8900,-9548,9360,-42,118,-157,-14552,4148,3740,-1003,89,-137,-14616,-3808,5784,-525,155,-118,0
76.12767100334167,9868,5664,11032,-120,-62,70,8876,-9452,9296,-13,133,-150,-14464,4124,3828,-1006,144,-77,-14372,-3480,5464,-502,154,-118,0
76.16126704216003,9876,5652,10892,-107,-47,105,8760,-9568,9060,-28,126,-172,-14340,4124,3948,-994,120,-96,-14680,-3496,5508,-514,179,-116,0
76.19429612159729,9800,5876,10932,-159,-84,105,8900,-9500,9204,-7,158,-160,-14584,4188,3780,-1000,135,-110,-14640,-3452,5628,-493,156,-115,0
76.22801113128662,9844,5628,10964,-199,-88,92,8948,-9592,9304,17,199,-200,-14544,3848,3812,-1001,143,-118,-14688,-3500,5676,-491,184,-99,0
76.26165413856506,9764,5828,11148,-182,-172,118,8868,-9620,9308,32,170,-197,-14508,4116,4084,-972,112,-137,-14668,-3540,5656,-506,191,-38,0
76.2952630519867,9856,5408,10848,-183,-234,129,8728,-9552,9368,-45,146,-237,-14640,4052,3872,-979,145,-171,-14784,-3500,5780,-520,171,-30,0
76.3285620212555,9840,5544,11024,-155,-215,136,8780,-9620,9292,-82,149,-244,-14448,4152,3696,-950,175,-103,-14548,-3580,5584,-502,170,-51,0
76.36211395263672,9916,5612,11024,-231,-215,141,8784,-9428,9376,-46,127,-206,-14392,4068,4044,-965,192,-89,-14700,-3544,5732,-485,184,-16,0
76.3957359790802,9892,5592,10980,-231,-188,154,8876,-9524,9196,-34,139,-210,-14376,4140,3860,-972,176,-89,-14660,-3428,5624,-496,183,-13,0
76.43176603317261,9928,5544,10832,-203,-226,166,8852,-9556,9284,-33,97,-215,-14704,3852,3820,-982,201,-139,-14660,-3428,5852,-501,196,-42,0
76.46765995025635,9928,5548,10912,-215,-247,168,8904,-9568,9292,-45,137,-224,-14644,3960,3648,-967,187,-143,-14796,-3544,5500,-498,229,-18,0
76.50274109840393,9996,5596,10940,-225,-249,148,8876,-9504,9144,-3,143,-239,-14504,3956,3700,-1020,196,-172,-14692,-3540,5544,-500,196,-63,0
76.53875613212585,9940,5552,10996,-196,-231,116,8896,-9536,9252,252,170,-225,-14716,4156,3772,-1001,136,-155,-14620,-3552,5804,-499,212,-44,0
76.57422208786011,9756,5388,10964,-198,-230,132,8720,-9608,9156,-2,167,-219,-14544,4084,3808,-999,144,-96,-14828,-3576,5692,-492,218,-73,0
76.61017513275146,9880,5624,11000,-246,-234,124,8808,-9268,9240,13,157,-211,-14548,4160,4040,-958,143,-165,-14516,-3448,5528,-473,193,-55,0
76.64524412155151,10228,5604,10896,-226,-185,160,8800,-9324,9324,-54,190,-172,-14664,4144,3764,-949,138,-99,-14888,-3392,5788,-506,170,-23,0
76.68073391914368,9768,5584,11040,-203,-196,132,8900,-9616,9416,-7,124,-225,-14452,3920,3808,-953,124,-143,-14600,-3404,5520,-486,219,-48,0
76.71711611747742,9876,5592,11104,-206,-207,163,8856,-9420,9352,-10,133,-197,-14428,4100,3808,-968,178,-130,-14760,-3520,5564,-468,217,-51,0
76.75224304199219,9912,5584,11164,-217,-230,153,8892,-9480,9300,-255,98,-234,-14544,4108,3652,-945,159,-148,-14808,-3320,5656,-472,2,-51,0
76.78844594955444,9928,5508,10688,-253,-217,156,9208,-9252,9356,251,85,-226,-14788,4180,3584,-968,175,-111,-14580,-3368,5880,-458,188,-35,0
76.82330703735352,9736,5484,10996,-191,-159,150,9068,-9256,9016,254,121,-170,-14604,4176,3648,-974,134,-76,-14652,-3332,5532,-509,131,-92,0
76.85923504829407,10052,5504,10968,-197,-157,135,8760,-9556,9280,-26,96,-176,-14560,3852,3748,-1006,91,-84,-14648,-3348,5552,-525,135,-148,0
76.89423298835754,9728,5484,10784,-110,-127,102,8888,-9640,9324,-15,105,-191,-14496,4196,3712,-770,117,-133,-14360,-3120,5576,-570,163,-140,0
76.92967796325684,10188,5624,10876,-40,-96,100,8792,-9460,9452,-54,53,-199,-14504,4080,3672,-1001,119,-101,-14540,-3400,5488,-523,158,-171,0
76.9655020236969,10064,5384,10760,-83,-91,56,8888,-9572,9152,2,110,-197,-14564,4340,4076,-1004,133,-96,-14724,-3496,5540,-257,185,-176,0
77.00120115280151,10124,5480,10872,-89,-45,37,8984,-9516,9316,21,108,-197,-14652,4180,3672,-773,107,-147,-14680,-3488,5396,-496,185,-197,0
77.03735709190369,9948,5536,11096,-91,-51,35,8848,-9628,9220,47,148,-178,-14412,4316,3644,-1027,43,-164,-14676,-3568,5512,-530,166,-180,0
77.07263708114624,9992,5560,11176,-84,-41,23,8768,-9776,9272,5,118,-173,-14844,4144,3368,-1020,75,-100,-14744,-3500,5544,-533,147,-171,0
77.1081600189209,9800,5504,11132,-86,-17,53,8848,-9560,9336,-16,138,-174,-14400,4296,3832,-987,28,-47,-14672,-3460,5600,-509,115,-200,0
77.14184808731079,9972,5544,10868,-67,-245,15,8704,-9648,9420,-41,143,-141,-14632,3868,3644,-989,24,-71,-14708,-3836,5744,-521,146,-205,0
77.17527413368225,9948,5576,10928,-46,-24,22,8828,-9408,9424,-14,144,-154,-14692,3888,3900,-985,23,-96,-14720,-3460,5640,-522,134,-191,0
77.20862913131714,9868,5864,10880,-63,-27,38,8752,-9528,9300,-41,153,-137,-14816,4080,3720,-986,61,-117,-14604,-3540,5552,-510,129,-163,0
77.24221396446228,9940,5632,10940,-86,-32,69,8856,-9272,9252,-37,107,-144,-14404,4108,3776,-953,95,-126,-14604,-3380,5488,-517,185,-165,0
77.27578496932983,9728,5600,10944,-58,-82,76,8948,-9472,9340,-53,95,-168,-14472,4240,3692,-970,91,-84,-14596,-3352,5500,-454,176,-130,0
77.30923509597778,10084,5564,10748,-98,-66,72,8796,-9532,9300,-69,86,-164,-14528,4156,3848,-1020,129,-82,-14600,-3380,5836,-473,154,-152,0
77.34241914749146,10064,5564,10828,-99,-52,70,8788,-9444,9208,-71,76,-147,-14492,4116,3712,-980,117,-60,-14776,-3520,5416,-473,142,-117,0
77.37597393989563,9904,5668,10972,-122,-39,101,8920,-9724,9144,-123,86,-137,-14540,3920,3736,-933,108,-73,-14780,-3356,5508,-473,100,-106,0
77.40955996513367,9764,5548,10900,-76,-21,112,8744,-9560,9436,-94,95,-131,-14560,4292,3740,-990,66,-45,-14604,-3520,5472,-520,124,-131,0
77.46162414550781,10004,5384,10948,-118,-31,92,8888,-9536,9468,-35,116,-117,-14560,3844,3764,-981,92,-49,-14504,-3516,5800,-526,81,-119,0
77.50665712356567,9984,5572,10980,-84,-14,68,8900,-9644,9140,-49,140,-101,-14372,4068,4072,-986,81,-43,-14560,-3488,5552,-519,137,-140,0
77.54015493392944,9868,5532,10940,-135,-8,96,8740,-9596,9036,-38,107,-141,-14460,3884,3664,-1041,124,-112,-14584,-3444,5632,-508,152,-108,0
77.57387804985046,9748,5616,10788,-68,-31,97,8732,-9480,9192,-12,92,-144,-14640,4112,3868,-994,126,-124,-14648,-3640,5612,-500,215,-137,0
77.60746192932129,9744,5552,10964,-99,-74,95,8848,-9600,9196,-51,110,-194,-14504,4296,3752,-987,108,-123,-14600,-3364,5384,-500,231,-83,0
77.64102005958557,9852,5588,10852,-82,-93,126,8752,-9592,9236,-31,83,-194,-14376,4188,3784,-983,154,-75,-14684,-3468,5600,-488,212,-78,0
77.67424392700195,10152,5380,10924,-120,-81,115,8772,-9508,9144,-81,93,-210,-14676,4088,3768,-982,169,-106,-14720,-3568,5644,-522,218,-96,0
77.70772504806519,9904,5588,10824,-131,-116,124,8708,-9268,9228,-41,90,-207,-14472,3892,3740,-971,167,-129,-14748,-3452,5652,-476,190,-50,0
77.74121713638306,9932,5868,10872,-167,-94,94,8868,-9508,9192,-5,152,-182,-14648,4048,3792,-984,128,-166,-14840,-3588,5568,-463,207,-89,0
77.77475214004517,9900,5724,10992,-227,-133,114,8816,-9544,9328,35,229,-190,-14472,4204,3640,-990,168,-149,-14372,-3576,5612,-442,176,-31,0
77.80813503265381,9852,5684,11020,-223,-162,113,8948,-9540,9376,-12,197,-190,-14424,4292,3872,-769,131,-149,-15092,-3532,5608,-497,205,-254,0
77.84169912338257,9976,5636,10960,-230,-199,143,8760,-9588,9340,18,191,-211,-14484,4252,3932,-1031,182,-109,-14716,-3560,5608,-523,214,-254,0
77.87538003921509,9784,5496,10880,-178,-196,192,8764,-9564,9384,-17,84,-221,-14504,4144,3780,-1000,233,-149,-14840,-3620,5660,-566,246,19,0
77.9088089466095,9816,5540,11044,-172,-221,181,8904,-9728,9104,-13,79,-280,-14420,4156,3540,-964,205,-225,-14368,-3404,5516,-505,302,-35,0
77.9419469833374,9824,5552,10908,-192,-5,119,8888,-9532,8988,17,198,-266,-14552,4304,3484,-996,149,-220,-15016,-3380,5616,-489,261,-26,0
77.97550702095032,9976,5612,10892,-273,-217,126,8904,-9556,9256,36,202,-233,-14572,4264,3988,-1010,184,-195,-14656,-3468,5516,-491,233,-28,0
78.0090720653534,9732,5584,11040,-268,-231,126,8996,-9536,9256,21,154,-1,-14704,4096,3560,-963,158,-190,-14788,-3568,5492,-476,237,-64,0
78.04271292686462,10112,5508,11132,-258,-236,74,9004,-9532,8960,34,239,-273,-14692,3980,3792,-944,113,-182,-14704,-3572,5576,-468,264,-101,0
78.07641196250916,9952,5548,10936,-251,-223,53,8944,-9552,9240,31,238,-256,-14636,3908,3780,-978,63,-170,-14804,-3332,5420,-486,239,-132,0
78.11236810684204,9960,5540,10880,-197,-194,37,8940,-9612,9288,73,219,-274,-14696,4048,3636,-973,56,-225,-14768,-3476,5568,-532,249,-156,0
78.14830303192139,9948,5468,10904,-126,-199,26,8884,-9432,9096,79,236,-279,-14588,4296,3788,-1016,38,-206,-14704,-3520,5612,-525,501,-139,0
78.18336510658264,9760,5548,10592,-138,-161,27,8920,-9504,9428,89,186,-512,-14492,4016,3576,-992,81,-204,-14680,-3512,5512,-528,216,-143,0
78.21926093101501,9904,5696,10884,-147,-128,67,8772,-9472,9344,23,148,-230,-14608,4048,3796,-959,85,-138,-14720,-3628,5432,-548,176,-68,0
78.25492596626282,10068,5720,10968,-133,-159,96,8764,-9424,9012,-26,156,-181,-14744,3960,3744,-985,92,-54,-14636,-3472,5664,-517,139,-51,0
78.29068994522095,9820,5656,10988,-270,-154,167,8784,-9400,9304,20,140,-165,-14492,3920,3780,-1015,157,-117,-14488,-3724,5528,-486,140,-38,0
78.32620310783386,9928,5584,10956,-198,-132,166,8788,-9540,9432,-56,76,-177,-14544,4132,3612,-1007,223,-97,-14616,-3436,5476,-470,195,255,0
78.36178207397461,9908,5556,10972,-188,-209,169,8884,-9568,9332,-80,72,-230,-14552,4056,3816,-969,207,-126,-14692,-3320,5492,-503,197,-53,0
78.39771008491516,9956,5412,10796,-131,-136,148,8928,-9468,9272,-47,56,-188,-14460,4104,3660,-997,154,-128,-14768,-3448,5492,-528,165,-107,0
78.4323959350586,9760,5552,10856,-57,-92,99,8896,-9472,9284,-49,103,-173,-14680,4036,3840,-977,106,-84,-14692,-3364,5544,-509,137,-130,0
78.46813893318176,10216,5476,10840,-86,-3,64,8968,-9444,9172,-30,95,-128,-14812,4068,3680,-996,104,-112,-14732,-3460,5404,-519,127,-194,0
78.50323510169983,10020,5368,10828,-101,-27,58,8984,-9396,9012,-30,181,-151,-14596,3968,3636,-976,84,-74,-15036,-3356,5500,-469,168,-160,0
78.53879594802856,10052,5476,10920,-119,-7,40,9072,-9524,9244,-45,150,-187,-14584,4048,3796,-960,125,-82,-14636,-3344,5392,-466,179,-155,0
78.5743510723114,9888,5452,10952,-159,-65,40,8908,-9472,9224,-24,131,-169,-14552,3864,3752,-991,85,-126,-14688,-3484,5640,-497,168,-149,0
78.60977602005005,9952,5640,11068,-68,-77,45,9004,-9544,9184,-43,131,-180,-14816,4056,3744,-996,65,-109,-14828,-3532,5384,-485,161,-169,0
78.64499306678772,9792,5544,10928,-111,-40,7,8928,-9472,9396,-30,164,-141,-14656,4092,3724,-1019,47,-101,-14792,-3436,5544,-508,137,-185,0
78.68073010444641,9872,5812,11176,-71,-25,31,8888,-9536,9124,-39,156,-119,-14564,4020,3680,-972,23,-44,-14700,-3568,5584,-532,134,-177,0
78.71617794036865,9956,5604,10884,-91,-252,50,8924,-9436,9256,-46,138,-101,-14392,4280,3640,-1012,35,-49,-14748,-3580,5584,-557,86,-166,0
78.75226712226868,9852,5664,10940,-85,19,76,8876,-9492,9332,-57,88,-153,-14556,4072,3796,-1011,92,-81,-14496,-3464,5472,-507,137,-123,0
78.78779911994934,9940,5552,10920,-77,-78,94,8908,-9420,9304,-77,79,-156,-14372,4040,3752,-996,121,-98,-14808,-3476,5472,-488,163,-125,0
78.82131004333496,10000,5584,10920,-119,-104,82,8896,-9512,9200,-66,85,-189,-14564,4092,3732,-994,143,-129,-14664,-3416,5508,-483,190,-108,0
78.85477805137634,9760,5624,10808,-120,-96,83,8940,-9612,9396,-56,65,-180,-14648,4024,3560,-970,150,-105,-15092,-3524,5424,-495,204,-114,0
78.8882999420166,9728,5572,11036,-118,-88,36,8948,-9532,9208,-64,91,-176,-14776,4088,3652,-981,95,-92,-14768,-3420,5876,-448,201,-125,0
78.92182898521423,9752,5524,11116,-143,-70,30,8924,-9300,9360,-88,204,-183,-14628,4000,3852,-965,53,-63,-14716,-3156,5580,-414,180,-154,0
78.95544195175171,10008,5620,10952,-202,-65,29,8740,-9600,8984,-94,171,-144,-14708,4096,3832,-958,87,-35,-14708,-3524,5620,-451,122,-97,0
78.98872399330139,10024,5496,11240,-181,-62,77,8760,-9888,8960,-144,128,-144,-14340,4132,3652,-951,118,-53,-14700,-3456,5400,-496,91,-123,0
79.022381067276,9880,5440,10840,-138,-12,99,8764,-9700,9124,-55,140,-113,-14836,4184,3608,-1018,97,-72,-14620,-3404,5768,-765,113,-153,0
79.05598211288452,9884,5548,10764,-86,-14,64,8820,-9632,9260,-4,150,-124,-14584,4108,3664,-983,70,-110,-14764,-3352,5228,-520,151,-191,0
79.08975911140442,9884,5604,11092,-72,-41,7,9048,-9592,9264,-43,188,-182,-14532,4100,3712,-931,23,-138,-14736,-3500,5464,-470,174,-237,0
79.12365913391113,9876,5616,11016,-152,-70,-56,8976,-9440,9256,-42,249,-201,-14780,4040,3848,-918,16,-111,-14360,-3356,5460,-406,146,-219,0
79.15712904930115,9756,5568,10832,-174,-59,-56,8952,-9332,9424,-79,274,-139,-14724,3880,3688,-915,8,-30,-14672,-3348,5384,-405,74,-151,0
79.19038510322571,9860,5880,10760,-512,-31,45,8780,-9408,9280,-122,305,-88,-14468,4088,3864,-902,39,59,-14940,-3400,5768,-390,30,-32,0
79.22387909889221,9776,5712,11060,-325,-42,109,8584,-9588,9320,-209,220,-19,-14400,4236,3884,-936,142,115,-14716,-3560,5432,-407,0,81,0
79.2573790550232,9816,5580,11056,-379,-17,235,8720,-9520,9384,-226,112,-5,-14460,4172,3844,-956,270,88,-14776,-3524,5648,-456,31,142,0
79.29112911224365,9788,5652,11060,-371,-16,284,8804,-9492,9280,-231,86,-10,-14368,4200,3664,-948,271,73,-14544,-3548,5448,-435,89,129,0
79.32454800605774,9888,5544,11008,-396,-86,314,8744,-9548,9380,-146,56,-70,-14572,4032,3724,-971,310,38,-14512,-3568,5448,-419,144,138,0
79.35791611671448,9832,5644,11256,-352,-172,347,8796,-9632,9348,-204,-15,-131,-14492,4024,3788,-889,374,-231,-14708,-3492,5624,-403,166,149,0
79.39126515388489,9924,5580,10900,-319,-209,316,8908,-9600,9224,-249,-58,-166,-14836,4120,3652,-895,411,-15,-14712,-3316,5616,-412,140,152,0
79.42466902732849,10064,5620,11200,-294,-197,284,8932,-9564,9176,-176,-25,-181,-14664,4108,3820,-901,326,-48,-14552,-3352,5556,-405,190,95,0
79.45821595191956,9888,5356,11056,-242,-211,192,8852,-9668,9100,-128,48,-271,-14492,4204,3736,-914,243,-123,-14800,-3408,5672,-409,278,-34,0
79.49186491966248,9812,5292,11048,-208,-189,74,9196,-9944,9056,-25,104,-338,-14684,4312,3600,-940,135,-232,-14672,-2912,5400,-436,334,-128,0
79.52552795410156,9972,5292,11112,-145,-264,-16,9140,-9872,9056,86,218,-390,-14840,4556,3524,-991,38,-290,-14932,-3204,5680,-467,326,-213,0
79.55912113189697,10100,5324,11124,-92,-200,-104,9024,-9696,9100,75,219,-349,-14740,4264,3360,-955,12,-214,-14728,-3112,5660,-453,0,-223,0
79.59270596504211,10204,5272,10952,-134,-194,-95,8704,-9612,8948,15,334,-310,-14748,4292,3624,-869,-63,-141,-14796,-3128,5756,-400,222,-226,0
79.62617301940918,10084,5360,11180,-262,-123,-32,8768,-9680,9152,5,295,-201,-14552,4364,3720,-954,0,-78,-14604,-2992,5760,-407,139,-100,0
79.66019105911255,9936,5488,10924,-353,-116,104,8584,-9684,9180,-17,269,-126,-14416,4116,3844,-986,91,-19,-14820,-3348,5688,-452,63,19,0
79.69349598884583,9884,5580,11188,-396,-86,230,8616,-9600,9304,-96,173,-48,-14488,4148,3652,-953,219,15,-14808,-3440,5400,-489,75,97,0
79.72707414627075,9716,5420,10976,-388,-116,329,8576,-9480,9324,-82,64,-76,-14496,4056,4056,-1014,301,-43,-14568,-3396,5528,-478,165,161,0
79.7604570388794,9760,5592,10924,-349,-208,376,8736,-9488,9288,-70,9,-113,-14628,4072,3984,-1035,391,-74,-14564,-3600,5456,-499,198,163,0
79.79734301567078,9780,5608,10856,-306,-274,309,8828,-9528,9216,-114,-5,-179,-14824,4000,3688,-988,300,-120,-14784,-3660,5464,-435,508,126,0
79.83220410346985,9984,5408,10976,-299,-307,233,8856,-9420,9360,-190,72,-234,-14644,4068,3768,-945,287,-76,-14784,-3460,5492,-371,260,123,0
79.86810803413391,9936,5572,10820,-423,-307,239,8912,-9448,9336,-242,12,-214,-14592,3976,3660,-899,303,-11,-14752,-3568,5508,-311,197,118,0
79.90326499938965,10076,5504,10880,-374,-187,219,8872,-9424,9120,-422,17,-160,-14340,4184,3520,-845,319,28,-14688,-3136,5564,-295,159,163,0
79.93879199028015,10100,5328,11160,-456,-186,289,8848,-9664,8752,-366,48,-114,-14640,4296,3420,-878,347,89,-14812,-3024,5500,-281,145,178,0
79.97371292114258,10104,5188,10928,-464,-78,345,8972,-9716,8784,-329,-34,-17,-14384,4256,3328,-944,332,159,-14916,-3072,5672,-299,71,167,0
80.00975799560547,10188,5204,11252,-400,-53,378,9024,-9852,9204,-349,-18,57,-14644,4316,3536,-895,273,224,-14828,-3104,5376,-365,-8,142,0
80.04499101638794,10136,4872,10788,-401,-31,383,8928,-9936,8912,-372,-27,57,-14612,4440,3504,-915,1,188,-14828,-2880,5752,-380,-10,137,0
80.08073306083679,10092,5100,11028,-305,-87,409,8916,-9808,9076,-371,-49,56,-14760,4376,3432,-964,1,172,-14860,-3068,5716,-438,14,82,0
80.1171510219574,10204,5088,11124,-218,-23,365,8820,-9916,8904,-266,-45,68,-14576,4392,3472,-984,220,123,-14620,-3152,5756,-463,28,17,0
80.15226602554321,9928,5016,11064,-225,-252,323,8748,-9764,9048,-209,-8,-26,-14488,4512,3468,-1004,225,79,-14516,-3088,5640,-467,124,-57,0
80.18824601173401,9916,5152,11184,-159,-108,273,8816,-9876,8940,-166,24,-49,-14536,4328,3780,-971,146,-45,-14744,-3132,5424,-501,134,-90,0
80.22341895103455,9768,5196,11168,-91,-85,153,8844,-9936,9200,-152,91,-99,-14712,4356,3472,-918,84,-40,-14648,-3312,5864,-450,122,-151,0
80.26375603675842,10196,4908,11076,-105,-110,107,8728,-9844,9196,-130,117,-155,-14608,4392,3568,-950,70,-64,-14748,-3180,5592,-433,168,-171,0
80.29969596862793,10048,5204,10796,-95,-106,87,8936,-9832,9044,-119,95,-184,-14448,4448,3696,-951,87,-94,-14820,-3296,5568,-459,143,-175,0
80.3346700668335,10068,5136,11096,-110,-104,97,8916,-9824,8900,-166,115,-185,-14532,4364,3500,-924,104,-5,-14796,-2992,5692,-433,119,-119,0
80.37070798873901,10112,5052,11072,-179,-81,100,8888,-9896,8824,-125,127,-135,-14624,4148,3780,-978,58,-47,-14716,-3120,5540,-425,119,-95,0
80.40563297271729,10036,5024,11248,-167,-40,100,8748,-9916,8868,-86,162,-137,-14604,4396,3308,-1019,63,-12,-14760,-2984,5708,-492,147,-111,0
80.44258093833923,10060,5192,11108,-137,-60,98,8892,-9968,9096,-55,153,-86,-14596,4556,3476,-1035,71,-54,-14648,-2976,5780,-499,93,-150,0
80.47611713409424,10092,5076,11132,-166,9,95,8916,-9960,9068,-22,102,-109,-14592,4424,3584,-950,98,-78,-14684,-3136,5584,-490,131,-168,0
80.5097451210022,10040,5128,10968,-122,-15,78,8732,-9900,8932,-43,145,-135,-14392,4332,3836,-976,77,-69,-14792,-3196,5768,-504,127,-158,0
80.5430519580841,9980,5272,10912,-140,-44,93,8688,-10000,9116,-66,137,-107,-14320,4372,3592,-981,84,-18,-14788,-3164,5760,-455,151,-102,0
80.57680106163025,9928,5256,10984,-194,-91,120,8628,-9904,8980,-49,226,-121,-14132,4412,3676,-989,128,-20,-14640,-3276,5832,-488,112,-84,0
80.61011815071106,9736,5256,11124,-322,-86,186,8528,-9840,8736,-6,226,-114,-14404,4460,3540,-1012,138,-10,-14716,-3244,5872,-478,108,34,0
80.64374804496765,10204,5144,11304,-325,-142,239,8744,-9972,8972,-52,180,-178,-14464,4520,3516,-1274,227,-89,-14844,-3120,5848,-522,242,117,0
80.67729997634888,10024,5096,11140,-234,-297,285,8724,-10244,8996,-59,58,-262,-14452,4576,3404,-1007,296,-157,-14784,-2872,5868,-621,305,108,0
80.71071004867554,10084,5160,10984,-203,-295,308,8968,-9844,8924,-58,-10,-202,-14492,4472,3324,-948,317,-119,-15096,-3124,5804,-557,161,68,0
80.74406003952026,10112,4984,11164,-249,-235,287,9048,-9808,8844,-64,28,-156,-14480,4260,3408,-892,218,-57,-14408,-3252,5672,-536,72,-25,0
80.77795314788818,10068,5000,11092,-310,-143,182,8924,-9832,8824,-80,147,-151,-14508,4312,3488,-890,162,-43,-14856,-3128,5548,-437,113,-11,0
80.81159496307373,10112,5004,11032,-385,-164,155,8752,-9928,8984,-49,127,-194,-14424,4384,3384,-953,192,-95,-14648,-3068,5760,-492,153,13,0
80.84502100944519,10152,5012,11256,-280,-130,210,8808,-10136,8896,8,-14,-277,-14560,4404,3456,-1016,274,-167,-14680,-3028,5652,-556,220,-30,0
80.8784761428833,10028,4936,11008,-170,-208,162,8964,-9892,8868,58,26,-287,-14740,4320,3116,-958,158,-199,-14708,-3228,5392,-552,205,-143,0
80.91182708740234,10180,4984,11156,-93,-196,104,8916,-10000,8940,100,59,-277,-14572,4468,3240,-1011,99,-206,-14764,-2944,5688,-548,182,-173,0
80.94494295120239,10144,5112,10864,-67,-119,61,8960,-9960,8876,145,118,-236,-14620,4352,3440,-1271,55,-152,-14796,-3016,5800,-611,156,-188,0
80.9786729812622,10144,4996,10828,-50,-10,67,9008,-9860,8900,105,125,-180,-14688,4136,3252,-986,-2,-109,-14840,-2996,5792,-566,60,-216,0
81.0121591091156,10048,4908,11144,-32,28,37,8824,-9796,8944,62,143,-153,-14784,4416,3352,-1013,-14,-94,-14752,-2976,5676,-610,7,-204,0
81.04553699493408,10112,5100,11152,-84,83,127,8792,-9852,9040,93,112,-87,-14532,4592,3528,-1050,70,-69,-14748,-3060,5928,-629,28,-144,0
81.07921600341797,10068,5180,11008,-78,54,103,8956,-9900,8948,-4,80,-122,-14840,4416,3740,-959,78,-119,-14700,-3032,5712,-597,59,-156,0
81.11279296875,10044,5200,11216,-83,-57,92,9032,-9840,8708,-51,104,-186,-14596,4300,3528,-922,76,-104,-14676,-3076,5772,-505,91,-148,0
81.14621806144714,10000,5140,10968,-117,-77,86,8852,-9752,9180,-42,119,-187,-14408,4508,3364,-907,90,-95,-14584,-2960,5880,-506,69,-179,0
81.17977499961853,9972,5060,11068,-110,-97,59,8728,-9936,8776,-40,163,-212,-14360,4836,3544,-966,59,-84,-14676,-2824,5760,-590,170,-204,0
81.21333408355713,9880,4912,11136,-6,-76,55,9108,-10128,9020,34,105,-222,-14696,4576,3472,-1051,23,-168,-14608,-2896,5784,-660,243,-280,0
81.24679112434387,10128,4936,11004,95,-118,-34,8948,-10000,8848,168,211,-264,-14664,4472,3128,-1094,-28,-229,-14716,-3020,5828,-680,223,-383,0
81.2802050113678,10228,5064,11056,107,-27,-81,8808,-9896,8796,309,302,-167,-14656,4476,3604,-1203,-98,-3,-14572,-3188,5808,-653,224,-420,0
81.31360793113708,10000,5088,10828,104,55,-89,8844,-9836,9012,294,371,-169,-14420,4464,3508,-1149,-138,-236,-14636,-3320,5856,-700,210,-378,0
81.34739804267883,10020,5128,10836,72,-33,-89,8720,-9980,8928,296,278,-171,-14420,4484,3404,-1195,-59,-236,-14752,-3152,5744,-746,226,-350,0
81.38103199005127,9944,5224,11012,103,-54,-17,8972,-9928,9052,334,225,-222,-14448,4488,3744,-1177,-22,-283,-14444,-3152,5740,-703,261,-349,0
81.41417908668518,10044,5212,11144,173,-122,-47,8976,-9696,9012,225,188,-290,-14408,4256,3504,-1083,-19,-314,-14780,-3268,5692,-680,266,-390,0
81.44745802879333,9808,5400,10936,138,-150,-93,8976,-9672,8980,139,213,-280,-14576,4112,3384,-965,-73,-238,-14736,-3212,5388,-549,173,-380,0
81.48437094688416,10172,5544,10908,-29,-249,-135,9020,-9572,8976,31,289,-204,-14572,4276,3552,-913,-97,-137,-14740,-3328,5492,-491,65,-387,0
81.51975512504578,10144,5260,10948,-64,60,-127,8932,-9668,9160,85,284,-106,-14612,4296,3552,-1012,-166,-39,-14600,-3240,5624,-540,3,-388,0
81.55556297302246,10088,5328,10856,-35,129,-54,8964,-9968,9456,75,336,-29,-14476,4168,3796,-769,-173,-62,-14780,-3380,5612,-544,5,-350,0
81.59176707267761,10080,5464,11040,-55,76,-33,8800,-9636,9200,-20,229,-110,-14540,4232,3768,-971,-99,-47,-14632,-3324,5624,-546,123,-247,0
81.6277379989624,9924,5452,10928,-52,-67,27,8752,-9708,9172,-69,141,-162,-14456,4104,3596,-1013,32,-54,-14620,-3200,5660,-518,133,-177,0
81.66306114196777,10016,5440,10960,-85,-18,71,8720,-9572,8996,-89,14,-120,-14528,4124,3508,-1021,75,-9,-14380,-3156,5824,-517,105,-100,0
81.69881105422974,9816,5324,11208,-64,-34,131,8888,-9824,9164,-138,18,-63,-14740,4468,3556,-989,106,25,-14896,-3420,5740,-518,39,-51,0
81.73366498947144,9932,5260,11228,-139,25,182,8920,-9704,9108,-170,62,-27,-14352,4128,3712,-956,118,58,-14656,-3320,5740,-511,-15,-44,0
81.76916909217834,10220,5260,10836,-130,42,162,8780,-9884,9044,-122,42,-47,-14476,4468,3800,-974,109,61,-14696,-3420,5768,-765,252,-93,0
81.80410194396973,9752,5300,11288,-131,37,138,8824,-9940,9080,-95,133,-80,-14448,4492,3520,-1004,74,-254,-14652,-3328,5856,-530,87,-74,0
81.83951592445374,9856,5184,11044,-100,-19,100,8712,-9808,8936,-78,101,-109,-14516,4420,3728,-1035,80,-84,-14688,-3232,5800,-545,154,-91,0
81.87464594841003,9844,5200,11224,-108,-112,120,8756,-9888,8972,-83,73,-164,-14384,4452,3364,-1003,138,-83,-14484,-3112,5736,-562,185,-93,0
81.91017603874207,9976,5180,11160,-61,-118,106,8852,-9992,9008,-20,110,-181,-14408,4476,3828,-1046,290,-191,-14620,-3172,5832,-579,233,-163,0
81.94505715370178,10208,5176,11180,62,-94,104,8976,-9644,8876,-219,-477,-319,-14408,4500,3500,-1057,117,-155,-14744,-3244,5824,-597,229,-171,0
81.98070311546326,9892,5132,11152,22,-75,61,8716,-9848,8912,300,-457,-767,-14592,4364,3724,-1100,86,-239,-14708,-3464,6076,-599,298,-215,0
82.01607394218445,9908,5104,11152,46,-154,1,8992,-9884,9356,140,495,-486,-14560,4296,3652,-1079,22,-255,-14828,-3412,5536,-611,307,-255,0
82.0518069267273,9884,5468,11144,54,-165,-4,9148,-9788,8880,67,-384,-323,-14544,4388,3688,-1021,17,-208,-14916,-3344,5692,-640,237,-245,0
82.08806204795837,10052,5344,11136,24,-147,11,8744,-9628,9160,284,-655,-307,-14428,4380,3640,-1128,705,-10,-14732,-3108,5760,-634,225,-170,0
82.12443900108337,9916,5528,11108,-61,-97,85,9120,-9748,9032,423,-311,-120,-14408,4028,3716,-1056,644,-123,-14816,-3572,5756,-630,162,-109,0
82.15796709060669,9824,5560,11080,-36,-110,155,9208,-9600,9100,49,37,-175,-14752,4520,3636,-1062,454,-150,-14776,-3488,5728,-629,217,-94,0
82.19148993492126,9736,5444,11184,-99,-181,150,8896,-9604,9060,-57,157,-469,-14484,4508,3760,-1043,-59,-135,-14604,-3084,5484,-637,253,-111,0
82.22488713264465,10180,5304,11188,-83,-85,101,9092,-9488,8868,30,463,-499,-14104,4284,3516,-1140,-44,-81,-14756,-3432,5668,-625,222,-140,0
82.25848507881165,9748,5476,11092,-75,-113,139,9048,-9604,9032,18,582,-203,-14444,4296,3464,-1017,18,-128,-14688,-3464,5728,-615,191,-63,0
82.29177403450012,9888,5496,11120,-118,-188,150,8884,-9628,9192,68,66,-230,-14496,4168,3592,-1197,550,-188,-14600,-3504,5816,-262,271,30,0
82.32542300224304,9744,5524,11124,-199,-236,221,8876,-9892,9092,179,-137,-335,-14592,4248,3416,-1126,713,-203,-14600,-3332,5764,-527,301,74,0
82.35894513130188,9960,5480,11156,-206,-279,267,9048,-9608,9008,70,-310,-311,-14480,4272,3744,-1108,998,-190,-14584,-3232,5672,-539,279,113,0
82.39242696762085,9940,5388,10964,-200,-275,275,8776,-9676,9184,152,-505,-321,-14640,4212,3652,-1257,896,-167,-14808,-3304,5724,-546,249,111,0
82.42569303512573,10008,5384,11156,-199,-290,268,9328,-9696,9076,209,-365,-298,-14656,4924,3308,-1425,1034,-195,-14688,-3248,5800,-570,262,132,0
82.45951104164124,10064,5312,11060,-234,-243,271,9096,-9824,8992,195,-568,-512,-14724,4468,3472,-1083,1261,-216,-14872,-3108,5740,-601,235,132,0
82.49281811714172,10036,5204,11040,-199,-194,282,9384,-9752,8788,372,-522,-51,-15076,4232,3364,-1037,908,-172,-14784,-3540,5840,-608,193,62,0
82.52623105049133,10024,5192,11440,-145,-220,247,9364,-9824,9000,418,-362,-161,-14944,4096,3380,-875,579,-512,-14628,-3164,5608,-620,280,-31,0
82.55998492240906,9988,5032,11136,-106,-272,158,9132,-9652,8632,331,52,-213,-14724,4348,3388,-1004,34,-461,-14928,-3128,5656,-653,312,-95,0
82.5936050415039,10072,4944,11104,-62,-274,135,9220,-9692,8860,197,321,-193,-14368,4364,3300,-1272,-223,-156,-14880,-3076,5768,-762,234,-144,0
82.6273889541626,10008,5284,10872,-41,-218,153,8972,-9636,8756,166,303,-139,-14744,4304,3092,-947,-512,-167,-14600,-3312,5648,-701,183,-117,0
82.66102004051208,9868,5352,11156,-28,-206,135,9268,-9612,8860,118,242,-225,-14516,4140,3092,-859,92,-306,-14624,-3304,5544,-666,281,-99,0
82.69438004493713,9988,5120,11212,-45,-285,164,9100,-9464,9008,71,-56,-208,-14360,4180,3236,-1011,538,-295,-14748,-3356,5592,-621,281,-20,0
82.72771191596985,9844,5432,10860,-97,-272,149,9268,-9472,9000,75,81,-266,-14636,3932,3452,-1096,249,-222,-14768,-3472,5488,-503,322,-38,0
82.76110196113586,10032,5420,10864,-162,-334,127,9384,-9440,8860,57,-29,-371,-14760,4008,3004,-1205,326,-203,-14680,-3300,5492,-554,303,-24,0
82.79486012458801,10192,5344,10832,-128,-376,148,9292,-9276,9136,14,59,-363,-14728,3860,3208,-1174,322,-135,-14896,-3220,5608,-571,276,-19,0
82.82829809188843,10208,5356,11000,-160,-288,143,9308,-9464,8900,17,96,-333,-14964,4056,2816,-1075,215,-141,-14600,-3312,5584,-500,247,-38,0
82.8617651462555,9984,5384,10880,-190,-265,107,9424,-9436,9192,0,-6,-326,-14748,3952,3308,-924,271,-187,-14680,-3448,5548,-357,221,-20,0
82.89529204368591,9964,5496,10860,-277,-274,79,9296,-9404,9064,-57,-112,-323,-14508,4252,3144,-847,389,-177,-14744,-3400,5872,-337,263,-13,0
82.92856192588806,10072,5388,10788,-341,-288,53,9252,-9728,8912,-89,137,-303,-14664,4240,3424,-715,156,-137,-14696,-3184,5880,-344,199,-21,0
82.96193099021912,10208,5348,10828,-318,-242,78,9192,-9380,8800,-156,197,-233,-14820,4280,3256,-770,122,-85,-14652,-3520,5868,-405,125,-38,0
82.99555706977844,9996,5436,10804,-324,-238,110,9268,-9544,9092,-119,62,-268,-14700,4216,3428,-962,121,-88,-14656,-3276,5588,-480,159,-7,0
83.02902603149414,10056,5324,10932,-218,-335,172,9160,-9596,9068,-44,53,-222,-14696,4268,3168,-959,278,-105,-14888,-3284,5656,-534,169,57,0
83.06248092651367,10200,5156,10920,-149,-280,214,9408,-9520,9164,-22,-36,-241,-14628,3844,2924,-936,340,-211,-14724,-3184,5648,-448,230,245,0
83.09597992897034,10204,5120,10936,-194,-358,184,9616,-9524,8804,83,30,-284,-14932,4224,2988,-947,241,-244,-14932,-3140,5468,-522,244,-112,0
83.12930512428284,10680,5116,10908,-145,-348,66,9592,-9500,8672,48,5,-309,-14648,4072,3168,-924,-153,-192,-14952,-3156,5452,-497,194,-510,0
83.16603207588196,10372,5156,10996,-152,-215,-51,9524,-9492,8896,41,409,-169,-15076,3900,3232,-654,-342,-182,-14812,-2996,5596,-493,149,-348,0
83.20183205604553,10404,5260,10796,-144,-37,-95,9468,-9232,8840,-2,469,-137,-14368,3896,2996,-859,-261,-132,-14652,-3188,5560,-467,52,-344,0
83.23798608779907,10256,5128,10904,-86,110,-98,9240,-9276,8852,-12,430,-95,-14608,4264,3024,-1063,-196,57,-14828,-3092,5596,-473,-37,-432,0
83.27314496040344,10124,5212,10816,-160,287,-145,9328,-9528,8904,40,553,-12,-14692,4228,3152,-1124,-262,88,-14428,-3188,5376,-461,-60,-391,0
83.30926513671875,10076,5196,10964,-162,214,-87,9340,-9516,8996,12,370,251,-14340,4164,3284,-1073,-152,32,-14696,-3264,5572,-536,3,-274,0
83.34399008750916,10052,5152,10920,-113,111,255,9164,-9540,8988,-112,311,-64,-14740,4216,3252,-1275,-63,-240,-14756,-3176,5672,-566,0,-204,0
83.37904000282288,10164,5408,11040,-62,117,57,9140,-9724,8964,-188,233,99,-14784,4316,3292,-908,68,173,-15044,-3092,5768,-709,-162,-171,0
83.41507005691528,10256,5380,11232,-115,313,176,9212,-9504,9208,-299,119,244,-14800,4220,3172,-1251,169,317,-14568,-3344,5624,-586,-272,-38,0
83.45091795921326,10004,5524,10840,-180,400,263,9172,-9380,9060,-308,7,205,-14732,4044,3348,-984,175,262,-14600,-3408,5608,-572,-205,-56,0
83.48596692085266,9968,5432,10808,-88,304,215,8780,-9556,9024,-204,114,175,-14604,4252,3484,-1068,-43,486,-14524,-3468,5748,-690,-89,-112,0
83.52185201644897,10000,5464,11140,14,326,192,9136,-9508,9112,-247,118,72,-14360,4200,3076,-1341,106,253,-14804,-3236,5380,-690,-54,-17,0
83.55777096748352,9996,5436,10964,5,200,246,9200,-9564,8836,-291,89,-26,-14544,4228,3192,-1514,147,227,-14700,-3264,5668,-632,39,0,0
83.59275412559509,10012,5280,10956,-27,136,238,9140,-9500,8872,-244,102,-65,-14532,4076,3376,-1186,84,196,-14480,-3536,5756,-441,-11,-40,0
83.6286609172821,9968,5328,11008,-192,173,138,9076,-9492,8776,-377,269,-95,-14628,4240,3452,-852,-129,135,-14488,-3260,5628,-320,62,253,0
83.66370296478271,9868,5344,11016,-343,83,99,9032,-9648,9164,-312,421,-66,-14696,4240,3552,-772,-288,99,-14620,-3520,6080,-423,114,-79,0
83.69926500320435,9720,5340,11104,-255,34,10,9336,-9844,9224,-76,422,-176,-14832,4260,3372,-1080,-510,43,-14736,-3376,5680,-390,63,-205,0
83.73467302322388,10144,5368,11200,-202,36,-80,9292,-9756,8888,-98,518,-187,-14816,4288,3392,-985,-228,-50,-14712,-3188,5396,-404,139,-223,0
83.76990413665771,10176,5248,11088,-181,-28,-20,9100,-9712,8936,-179,793,-33,-14608,4300,3444,-588,-382,-44,-14776,-2996,5656,-472,210,-199,0
83.80703997612,9888,5100,10928,-53,-96,69,9580,-9592,8752,-112,2164,579,-13920,4172,2536,-446,-415,-264,-14384,-2948,5660,-490,336,-204,0
83.84045505523682,9704,5040,11080,-37,-203,24,8996,-9380,8952,-58,605,-233,-14180,4268,3276,-652,-220,-387,-14464,-3304,5640,-478,381,-196,0
83.87388801574707,9716,5200,11072,-52,-216,-21,8744,-9656,8844,126,397,-291,-14308,4548,3740,-373,-535,-385,-14692,-3328,5928,-360,371,-134,0
83.9075300693512,9928,5376,11148,-131,-105,245,8832,-9616,9260,52,208,-448,-14432,4132,3364,-842,-239,-157,-14824,-3516,6012,-358,207,-159,0
83.94082307815552,9988,5484,11440,-314,-42,-61,9380,-9944,8704,-166,1144,-126,-14800,4316,4012,-747,-112,-130,-14828,-3648,5912,-307,148,-281,0
83.97413396835327,9848,5488,11128,-403,-155,-150,8944,-9868,9496,-301,1059,95,-14848,4428,3884,-802,-203,-493,-14572,-3404,5936,-360,1,-319,0
84.00766396522522,9472,5492,11120,-186,-291,-158,8700,-9888,9280,-170,537,-317,-14380,4508,3876,-821,-143,-327,-14588,-3292,5868,-374,303,-234,0
84.04101395606995,9940,5420,11080,-104,-307,-99,8616,-9980,9236,134,503,-468,-14148,4592,3556,-872,-30,-20,-14500,-3084,5792,-502,277,-161,0
84.07457494735718,9804,5344,11140,-73,-271,110,8588,-9648,8988,15,-573,-408,-14524,4396,3336,-981,166,-200,-14524,-3152,5832,-508,297,-58,0
84.10820603370667,9828,5332,10976,-134,-203,226,8836,-9568,8984,-205,268,-96,-14424,4284,3384,-915,306,-163,-14592,-3188,5628,-465,243,65,0
84.14179611206055,9984,5360,10860,-227,-154,260,8868,-9532,9040,-175,-234,-194,-14592,4148,3488,-907,386,-117,-14676,-3188,5396,-417,201,152,0
84.1753339767456,9992,5236,10836,-223,-205,265,9156,-9548,9000,-62,-74,-301,-14848,4144,3608,-1015,280,-101,-14904,-3200,5380,-413,216,89,0
84.20893692970276,10240,5188,10880,-246,-110,0,9328,-9756,8936,-50,80,-67,-15052,4424,3572,-1142,132,8,-14872,-3244,5704,-482,84,34,0
84.24266004562378,10204,5240,11196,-285,74,205,9044,-9828,9112,-24,143,63,-14780,4304,3384,-1084,119,73,-14728,-3196,5852,-395,-11,-15,0
84.27620005607605,10004,5292,11364,-327,74,186,8808,-9864,9160,-136,154,61,-14516,4536,3332,-1005,93,150,-14764,-3184,6136,-431,-24,11,0
84.309809923172,9808,5252,11204,-328,82,175,8700,-9820,9052,-164,185,-3,-14404,4416,3668,-927,126,82,-14500,-3252,5732,-428,-13,-34,0
84.34346413612366,9752,5296,11220,-6,-30,145,8832,-9756,9136,-133,227,-80,-14208,4160,3612,-923,105,-39,-14116,-3420,5704,-404,98,-91,0
84.37712407112122,9680,5280,11360,-510,-85,115,8576,-9872,9012,-109,133,-174,-14368,4416,3800,-964,150,-63,-14460,-3436,5792,-447,191,19,0
84.41066908836365,9636,5440,11244,-259,-177,217,8488,-9776,9308,-51,81,-187,-14464,4476,3776,-980,283,-98,-14492,-3404,6032,-432,269,119,0
84.44381499290466,9920,5528,11184,-219,-186,294,8632,-9680,9200,-206,-133,-293,-14556,4368,3592,-892,409,-127,-14536,-3404,5932,-406,325,181,0
84.47737693786621,9880,5388,11468,-224,-288,293,8752,-9724,9056,-320,-184,-369,-14452,4304,3452,-819,436,-178,-14744,-3100,5844,-428,299,91,0
84.51106405258179,9996,5292,10920,-118,-263,263,9040,-9552,8968,-275,-190,-300,-14780,4292,3368,-805,343,-113,-15036,-3112,5724,-365,97,13,0
84.54477596282959,10056,5108,10880,-196,-141,178,9236,-9536,8760,-285,44,-152,-14696,4140,3388,-802,146,61,-14932,-3128,5588,-311,-71,-21,0
84.57846403121948,10348,5160,10948,-396,66,99,8960,-9584,8840,-266,221,-10,-14576,4228,3252,-806,91,253,-15008,-2980,5884,-267,-179,20,0
84.6119921207428,10260,5168,10864,-768,175,113,9032,-9744,8860,-236,202,71,-14508,4444,3324,-853,57,245,-14400,-3048,5676,-177,-93,54,0
84.64557003974915,9952,5224,11136,-577,81,187,8760,-9940,9096,-272,194,15,-14572,4496,3344,-894,182,197,-14516,-3048,5744,-258,85,164,0
84.67898392677307,9928,5336,11360,-474,-58,265,8500,-9928,8704,-279,41,-81,-14360,4704,3392,-955,259,100,-14604,-3120,5936,-301,87,141,0
84.71247410774231,9672,5024,11076,-351,-121,317,8540,-10008,9080,-232,17,-93,-14464,4608,3516,-963,307,24,-14580,-3204,6040,-351,137,161,0
84.74600911140442,9672,5220,11080,-304,-191,388,8644,-9828,8924,-339,-99,-141,-14228,4532,3660,-884,394,28,-14404,-3276,6100,-363,168,194,0
84.77975010871887,9800,5168,11156,-337,-207,365,8908,-9908,9128,-410,-134,-189,-14768,4856,3516,-858,371,23,-14796,-3296,6012,-344,117,163,0
84.81331992149353,9892,5080,11224,-290,-194,334,8888,-10108,8972,-393,-62,-164,-14376,4580,3496,-830,347,226,-14736,-3040,5792,-363,101,84,0
84.85079503059387,10064,4968,11248,-215,-131,246,9028,-9764,8792,-321,-8,-116,-14744,4532,3240,-812,243,42,-14832,-3036,5800,-381,52,32,0
84.88614892959595,10124,4920,11240,-276,-113,217,9056,-9740,8776,-288,92,-132,-14796,4540,3288,-880,176,22,-14732,-2568,5844,-405,106,8,0
84.9223051071167,10076,4884,11164,-253,-129,199,9016,-10016,8660,-264,103,-140,-14764,4452,3272,-893,174,-42,-14932,-3048,5816,-443,119,-13,0
84.95740413665771,10108,4900,11180,-182,-172,169,8980,-10084,8664,-139,191,-147,-14664,4776,3164,-1036,157,-43,-14840,-2652,5736,-510,195,-54,0
84.99332594871521,10028,4752,10968,-129,-94,166,9036,-10088,8656,-11,177,-92,-14708,4872,3248,-1158,63,-51,-14800,-2772,5932,-587,238,-105,0
85.02895307540894,10208,4728,11276,-80,-85,140,8712,-10220,8748,63,252,-74,-14560,4684,3180,-1140,61,-118,-14720,-2760,6100,-653,189,-148,0
85.0643630027771,10228,4844,11184,-60,-91,100,8784,-10120,8724,128,276,-99,-14396,4792,3372,-1161,-252,-120,-14556,-2924,6028,-654,221,-224,0
85.10037899017334,9844,4904,11196,-3,-50,69,8872,-10112,8736,132,243,-118,-14492,4852,3468,-1114,-33,-164,-14828,-3120,5948,-642,171,-225,0
85.13564395904541,9912,4868,11092,-34,23,62,8740,-9868,8864,73,223,-57,-14472,4364,3392,-1043,44,-86,-14712,-3268,5792,-761,93,-181,0
85.17178010940552,9784,5264,11008,-188,29,44,8872,-9732,8932,-51,114,-104,-14372,4492,3288,-892,92,-74,-14732,-3228,5712,-423,78,-136,0
85.20758605003357,10236,5240,10984,-326,-84,49,8840,-9932,9056,-104,183,-213,-14268,4556,3500,-861,96,-142,-14676,-2888,5684,-405,166,-124,0
85.24272108078003,9900,5112,10916,-313,-225,37,8960,-10088,9112,-59,197,-305,-14712,4448,3360,-960,98,-155,-14696,-3024,5856,-431,322,-83,0
85.28117299079895,9924,4976,11332,-235,-307,34,9188,-10180,9060,75,108,-364,-14612,4672,3420,-1012,184,-248,-14916,-2972,5696,-440,436,-62,0
85.31768703460693,10096,5060,11108,-169,-337,67,8956,-9940,8824,32,126,-389,-14516,4476,3432,-920,154,-509,-14652,-2904,5948,-463,340,-90,0
85.35270595550537,9980,5340,10964,-167,-347,54,8940,-9824,8912,5,158,-344,-14440,4368,3408,-888,116,-212,-14624,-2952,5860,-479,500,-97,0
85.38858413696289,10208,5112,11044,-187,-1,91,8920,-9848,8928,255,196,-250,-14432,4444,3464,-909,142,-132,-14640,-3020,5776,-458,166,-30,0
85.42372798919678,9960,5084,11080,-250,-223,164,8788,-9816,8988,-93,86,-188,-14464,4444,3472,-919,187,-25,-14748,-2924,5648,-449,102,47,0
85.45926904678345,9896,5136,11092,-352,-191,253,8896,-9796,8868,-135,39,-144,-14440,4796,3260,-902,279,12,-14732,-2928,6120,-388,89,143,0
85.49556493759155,10092,4932,11168,-427,-210,312,8720,-10184,8848,-169,12,-134,-14592,4528,3344,-907,277,19,-14696,-2884,5872,-367,115,199,0
85.52908301353455,10124,5004,11340,-444,-302,344,8916,-10132,8912,-186,-58,-149,-14496,4540,3464,-901,343,-249,-14716,-2924,6056,-418,151,208,0
85.56273412704468,10000,4856,11136,-440,-305,341,8948,-10016,8792,-174,-29,-176,-14604,4608,3468,-912,310,238,-14536,-2992,5792,-423,151,159,0
85.5963499546051,10036,4860,11060,-369,-300,315,8940,-10060,8844,-139,-37,-199,-14492,4496,3380,-915,304,-59,-14768,-2784,6108,-427,180,114,0
85.62975692749023,9808,4732,11308,-369,-278,278,9084,-10132,8700,-68,4,-228,-14356,4664,3300,-969,235,-77,-14604,-2732,5828,-477,238,83,0
85.66316795349121,10088,4764,11216,-329,-259,280,9200,-10100,8784,-23,93,-192,-14552,4768,3012,-1000,186,-84,-14724,-2780,5944,-763,188,54,0
85.69663095474243,10032,4708,11056,-285,-191,226,8736,-10168,8492,-1,105,-180,-14632,4732,3348,-1041,158,-102,-14724,-2620,5924,-555,200,9,0
85.73007297515869,9984,4808,11184,-236,-180,230,8916,-10104,8924,19,36,-180,-14708,4464,3212,-770,217,-160,-14776,-2844,5940,-536,204,5,0
85.76377201080322,10184,4768,11096,-190,-216,181,9144,-10048,8900,-28,1,-502,-14756,4492,3288,-974,223,-198,-14616,-2748,5624,-547,239,-65,0
85.79743194580078,10148,5064,10888,-155,-272,133,9108,-9880,8860,-29,49,-2,-14664,4496,3196,-935,191,-188,-14664,-2836,5820,-490,242,-94,0
85.83079195022583,10128,4856,10820,-138,-179,110,9064,-9892,8780,-74,46,-266,-14828,4496,3104,-927,160,-143,-15084,-2912,5660,-485,230,-140,0
85.86384105682373,10252,4788,10760,-164,-130,74,9208,-9968,8780,-73,83,-185,-14576,4512,3308,-967,101,-102,-14708,-2788,5848,-474,160,-155,0
85.89741802215576,10164,4724,11000,-166,-80,62,8984,-9884,8740,-78,175,-119,-14656,4536,3160,-948,56,-84,-14828,-2992,5996,-467,140,-145,0
85.930988073349,10168,4720,10908,-183,20,44,8928,-9880,8456,-47,173,-101,-14780,4512,3092,-973,71,-71,-14684,-2700,5832,-476,129,-144,0
85.96439504623413,10196,4776,11032,-200,33,95,8968,-9968,8712,-89,161,-86,-14660,4616,3272,-995,108,-43,-14724,-2844,5904,-494,124,-109,0
85.99762892723083,10148,4772,11236,-130,16,132,8732,-9804,8464,-126,131,-77,-14772,4684,3204,-993,96,-236,-14648,-2560,5928,-529,106,-113,0
86.03090810775757,10100,4608,11040,-112,-253,156,8708,-9992,8900,-129,82,-56,-14808,4684,3228,-1002,130,-8,-14632,-2712,5892,-534,95,-81,0
86.06422400474548,10068,4776,11384,-54,16,159,8952,-9792,8828,-167,71,-55,-14656,4464,3196,-1024,122,-29,-14808,-2884,5768,-548,107,-100,0
86.09792900085449,10100,4856,11424,-40,22,168,8940,-10048,8808,-117,72,-33,-14512,4588,3440,-1028,108,242,-14680,-2772,5964,-573,95,-118,0
86.13151001930237,10168,4748,11204,-48,33,134,9072,-10016,8756,-89,34,-58,-14368,4576,3308,-1277,117,-39,-14756,-2860,5872,-556,108,-149,0
86.16506695747375,10188,4832,11312,-83,53,134,8960,-10076,8696,-109,78,-90,-14436,4840,3564,-975,89,-23,-14768,-2880,6088,-533,160,-103,0
86.1984190940857,10060,4832,11144,-74,-30,118,8876,-10024,8780,-141,106,-129,-14480,4488,3164,-967,138,-28,-14732,-2604,6140,-523,189,-128,0
86.2318229675293,10076,4712,11196,-85,-88,96,9080,-10152,8560,-145,132,-137,-14612,4672,3296,-988,116,-76,-14756,-2684,6136,-530,188,-126,0
86.26550006866455,10088,5028,11104,-65,-51,110,8976,-10172,8492,-119,99,-127,-14592,4772,3208,-969,100,-96,-14752,-2772,6096,-505,132,-118,0
86.29922103881836,10224,4836,11280,-43,-17,138,8996,-10132,8732,-207,62,-104,-14616,4620,3192,-949,112,-100,-14852,-2976,5856,-510,126,-128,0
86.33274602890015,10048,4928,11016,-60,-42,145,9020,-10008,8628,-146,65,-108,-14536,4616,3300,-925,112,-38,-14680,-2752,5796,-480,100,-123,0
86.36637496948242,10204,4868,11100,-106,20,128,8888,-10020,8556,-178,56,-70,-14568,4832,3304,-946,104,-44,-14884,-2736,5824,-497,74,-131,0
86.39997792243958,10024,4904,11244,-89,-24,184,8976,-9992,8652,-159,66,-61,-14384,4676,3288,-987,74,30,-14708,-2700,5936,-469,58,-136,0
86.43338012695312,10128,4896,11128,-75,-26,170,9192,-10176,8656,-160,27,-82,-14456,4772,3248,-958,108,33,-14628,-2804,5932,-520,49,-96,0
86.46708011627197,10052,4836,11188,-60,-33,160,8896,-10112,8896,-118,20,-62,-14448,4732,3572,-978,65,-242,-14740,-2584,5852,-576,90,-152,0
86.50030493736267,10060,4748,11236,-7,-20,164,8940,-10180,8604,-68,81,-56,-14568,4752,3328,-1032,139,-1,-14628,-2760,6040,-585,81,-144,0
86.53811001777649,10052,4724,11252,-4,25,163,8944,-10264,8612,-40,71,-88,-14656,4764,3076,-1043,93,-75,-14548,-2616,6000,-562,111,-138,0
86.57372403144836,10048,4796,11328,-9,-32,149,8944,-10200,8652,-16,91,-117,-14528,4812,3344,-1019,61,-58,-14764,-2752,6040,-583,94,-158,0
86.60960698127747,10076,4808,11292,-19,-10,119,8988,-10120,8632,7,74,-93,-14560,4824,3548,-769,86,-78,-14740,-2848,5876,-592,115,-174,0
86.64517211914062,9988,4852,11120,-16,-9,127,8880,-10412,8588,-34,113,-110,-14792,4736,3468,-1003,66,-67,-14716,-2888,5892,-556,121,-136,0
86.68074202537537,9932,4836,11012,-57,-37,83,9144,-10088,8532,-33,134,-128,-14580,4648,3192,-1001,112,-64,-14544,-3056,6032,-539,111,-145,0
86.71620893478394,9936,4900,11140,-81,-81,83,8960,-10188,8700,-66,142,-163,-14508,4728,3248,-978,92,-63,-14644,-2716,5944,-506,131,-126,0
86.75164794921875,10092,4792,11060,-185,-20,68,9144,-10068,8672,-31,166,-162,-14512,4692,3212,-975,74,-53,-14576,-2780,5908,-452,167,-91,0
86.78761911392212,10040,4944,11128,-253,-58,83,8820,-10004,8656,12,220,-185,-14688,4688,3152,-975,118,-88,-14832,-2704,5956,-442,180,-52,0
86.82228994369507,10124,5008,11092,-195,-157,88,8824,-10264,8592,29,176,-226,-14368,5064,3228,-1019,101,-201,-14716,-2712,6004,-520,208,-67,0
86.8574149608612,10124,4832,11340,-165,-201,91,9188,-10068,8928,66,215,-251,-14820,4792,3364,-981,105,-151,-14640,-2820,6068,-539,192,-106,0
86.89344501495361,10084,4820,11388,-167,-171,61,8860,-10228,8768,23,250,-248,-14560,4688,3268,-962,100,-150,-14672,-2856,5916,-550,220,-139,0
86.92927598953247,9820,4752,11156,-156,-178,49,8868,-10156,8580,56,216,-255,-14492,4692,3488,-1008,113,-249,-14440,-2820,6104,-541,250,-134,0
86.96440196037292,10008,4784,10836,-148,-156,34,8804,-10100,8688,137,201,-264,-14580,4616,3340,-1054,79,-493,-14776,-2908,5912,-522,285,-150,0
86.99984502792358,10100,4948,11176,-164,-177,26,9096,-10040,8808,164,188,-299,-14532,4528,3420,-1034,140,-3,-14380,-2916,5848,-485,294,-131,0
87.03515100479126,9996,4812,11228,-219,-225,59,9188,-10004,8832,164,200,-330,-14576,4568,3104,-988,129,-505,-14804,-2868,5828,-463,333,-42,0
87.0707049369812,10348,5028,11184,-309,-302,75,8988,-9980,8788,20,108,-360,-14360,4608,3212,-908,209,-214,-14800,-2728,6088,-442,302,-33,0
87.10754013061523,10308,4892,11156,-349,-363,123,9208,-9996,8776,-31,124,-391,-14520,4376,3268,-893,188,-200,-14572,-2656,5816,-379,283,-9,0
87.14280700683594,10132,5084,10952,-364,-337,135,8916,-10076,8688,3,157,-297,-14420,4748,3140,-980,186,-184,-14696,-2768,5920,-446,221,-27,0
87.1787531375885,10144,4680,11276,-259,-225,172,8780,-10148,8796,33,92,-219,-14388,4760,3572,-1042,183,-147,-14844,-3048,6036,-522,167,-26,0
87.21233892440796,10064,4856,11284,-188,-168,170,9024,-10044,8960,43,-14,-221,-14684,4552,3280,-994,226,-160,-14628,-2880,6028,-554,177,-58,0
87.24568700790405,10088,4916,11068,-122,-199,175,9056,-9792,8852,15,-7,-238,-14848,4604,3236,-933,190,-185,-14648,-2892,5788,-546,200,-122,0
87.27930903434753,10144,4852,11104,-88,-201,148,8964,-9816,8716,20,36,-261,-14356,4568,3200,-971,143,-138,-14696,-2664,5768,-544,184,-86,0
87.31289505958557,10152,4888,11092,-108,-179,139,8984,-9904,8668,-49,58,-202,-14520,4572,3176,-955,142,-91,-14824,-2736,5800,-502,162,-52,0
87.34670114517212,10220,4804,10868,-313,197,180,9008,-10060,8632,-141,45,-193,-14652,4592,3144,-923,205,-32,-14616,-2564,5876,-456,88,-17,0
87.38023614883423,10220,4712,10976,-224,-163,160,9064,-10076,8584,-198,48,-136,-14672,4680,3248,-921,200,-237,-14848,-2612,5920,-447,94,-52,0
87.41379714012146,10336,4684,11136,-230,-32,174,8952,-10112,8708,-179,72,-75,-14680,4852,3276,-912,117,15,-14752,-2780,5868,-456,39,-83,0
87.44718909263611,10036,4728,11204,-182,52,125,9012,-10056,8572,-140,122,-55,-14464,4736,3116,-990,75,21,-14844,-2664,5792,-467,61,-92,0
87.48079299926758,10224,4652,11224,-140,33,89,9156,-10200,8448,-23,185,-53,-14668,4736,3168,-1048,70,52,-14808,-2676,6040,-458,61,-68,0
87.5143620967865,10136,4808,11084,-161,42,117,8908,-10232,8696,-98,184,-80,-14380,4668,3084,-1036,89,24,-14668,-2596,5916,-498,121,-67,0
87.54780602455139,10068,4736,11208,-141,-21,104,9024,-10116,8684,-49,133,-71,-14516,4800,3244,-1275,122,-27,-14800,-3056,6060,-565,125,-130,0
87.5813090801239,10108,4612,11076,-111,-21,149,8948,-10104,8724,-49,120,-55,-14596,4780,3116,-1030,120,-33,-14660,-2768,5712,-570,99,-94,0
87.6148910522461,10084,4800,11012,-68,6,138,8876,-10108,8628,-88,76,-71,-14500,4732,3068,-1005,107,-82,-14680,-2704,5660,-553,115,-113,0
87.64819812774658,10152,4808,11048,-80,-5,125,8944,-10100,8836,-65,79,-118,-14524,4620,3400,-985,144,-74,-14792,-2764,6116,-512,149,-142,0
87.68164205551147,10168,4804,11104,-49,20,106,9080,-10084,8660,-89,118,-149,-14476,4676,3276,-1001,98,-41,-14856,-2856,6096,-520,140,-140,0
87.71538496017456,10116,4776,11028,-78,-244,47,9124,-10120,8792,-44,163,-125,-14732,4640,3260,-1011,26,-52,-14852,-2732,5868,-531,150,-196,0
87.74872612953186,10108,4760,11300,-58,-10,38,9160,-10072,8696,255,143,-143,-14688,4580,3096,-1000,58,-85,-14732,-2564,5960,-538,114,-179,0
87.78227400779724,10124,4916,11048,-16,251,5,9144,-10036,8648,-92,155,-139,-14796,4848,3180,-931,23,-82,-14676,-2700,5912,-533,130,-227,0
87.81578207015991,10212,4712,11048,-79,-8,-12,8992,-10188,8612,-58,130,-110,-14684,4620,3216,-1009,29,-55,-14556,-2668,6108,-472,126,-205,0
87.84926795959473,10188,4856,11100,-93,74,53,8960,-10076,8520,-64,162,-57,-14492,4780,3268,-983,32,-41,-14632,-2756,5636,-476,53,-187,0
87.8829071521759,9992,4828,11140,-89,23,51,8980,-10100,8684,-87,153,-59,-14440,4704,3476,-1000,-256,246,-14664,-2788,5996,-512,7,-161,0
87.91662192344666,10044,4728,11172,-76,30,75,8968,-10200,8644,-78,124,-38,-14564,4760,3480,-1010,11,45,-14716,-2844,5996,-556,49,-161,0
87.94981002807617,10000,4856,11112,-89,14,93,8960,-10112,8616,-50,143,-89,-14496,4896,3072,-1023,100,-24,-14728,-2672,6036,-538,104,-131,0
87.98316502571106,9928,4804,11188,-78,251,111,8824,-10152,8916,-41,102,-98,-14392,4732,3188,-1050,128,-73,-14548,-2808,5924,-554,137,-120,0
88.01677894592285,9988,4824,11204,-41,-33,142,8856,-10104,8608,-33,30,-146,-14500,4652,3276,-1004,115,-88,-14364,-2872,6004,-547,149,-116,0
88.04999113082886,10044,4764,11168,-27,-44,103,8876,-10148,8628,-85,102,-141,-14680,4680,3556,-961,132,-112,-14648,-2824,6040,-494,132,-134,0
88.08368492126465,10140,4852,11092,-93,-74,111,8832,-10140,8660,-43,176,-146,-14544,4720,3348,-971,79,-62,-14660,-2676,6088,-484,141,-124,0
88.11728811264038,9960,4864,11164,-156,-74,106,8976,-10152,8592,-64,118,-158,-14456,4732,3264,-938,158,-80,-14572,-2788,5988,-483,163,-58,0
88.1506860256195,10080,5104,11060,-170,-91,115,8908,-10196,8592,-121,114,-184,-14548,4684,3228,-962,150,-98,-14832,-2796,5888,-496,180,-82,0
88.18378210067749,10040,4816,11084,-162,-89,104,8740,-10172,8484,-63,144,-221,-14536,4684,3264,-963,115,-82,-14656,-2864,5848,-454,196,-94,0
88.22158598899841,10180,5084,11028,-213,-85,60,9200,-10192,8636,-2,194,-205,-14672,4724,3284,-943,62,-108,-14768,-2660,6000,-441,149,-95,0
88.25773596763611,10088,4712,11328,-246,-108,89,8704,-10460,8492,245,230,-179,-14468,4820,3336,-965,80,-119,-14724,-2736,5756,-476,155,-40,0
88.29269313812256,10148,4760,11456,-211,-190,131,8844,-10128,8908,0,146,-196,-14644,4780,3252,-935,192,-124,-14784,-2576,5988,-509,187,16,0
88.32812809944153,9924,4792,11224,-203,-233,175,8952,-10292,8800,-45,135,-191,-14424,4704,3316,-954,182,-143,-14608,-2636,5888,-521,184,5,0
88.36367511749268,9904,4696,11172,-207,-208,155,8880,-10004,8544,2,151,-239,-14684,4800,3200,-976,184,-137,-14412,-2760,6300,-505,212,-38,0
88.39967107772827,10236,4844,11116,-226,-168,143,8704,-10128,8704,5,142,-246,-14460,4828,3232,-955,151,-178,-14792,-2976,5988,-491,166,-63,0
88.43466401100159,9976,4772,11196,-239,-195,121,8996,-10124,8636,41,192,-234,-14812,4720,3168,-997,167,-140,-14592,-2660,5892,-471,183,-38,0
88.46972799301147,10148,4696,11416,-330,-207,139,8940,-10068,8596,59,178,-246,-14596,4728,2988,-1015,170,-196,-14652,-2792,5964,-443,204,-31,0
88.50499606132507,10096,4852,11320,-322,-209,161,8900,-10160,8584,24,118,-256,-14644,4772,3460,-972,226,-162,-14936,-2736,5860,-437,2,-6,0
88.54086899757385,10052,4836,11416,-331,-319,155,8904,-10032,8768,37,84,-268,-14732,4692,3216,-956,225,-163,-14772,-2676,5940,-445,243,-22,0
88.57591414451599,10096,4688,11128,-269,-262,203,9012,-10096,8652,25,67,-227,-14432,4592,3168,-952,207,-96,-14856,-2696,5832,-473,141,-24,0
88.61122012138367,10048,4820,11040,-290,-240,190,9084,-10016,8732,-29,58,-205,-14724,4620,3160,-928,214,-104,-14752,-2708,5916,-463,139,-21,0
88.6462471485138,10080,4740,11076,-299,-205,177,9068,-9996,8708,-21,68,-219,-14768,4680,3168,-972,177,-137,-14748,-2640,5924,-492,171,-19,0
88.68232798576355,10128,4816,11204,-204,-195,172,9068,-10164,8788,-28,70,-221,-14748,4668,3416,-994,171,-110,-14752,-2664,6020,-471,185,-31,0
88.71857905387878,10112,4656,11116,-212,-170,121,8860,-10116,8584,-34,94,-237,-14576,4776,3188,-965,151,-107,-14724,-2808,5868,-508,192,-80,0
88.75372195243835,10164,4556,11248,-164,-238,115,9008,-10224,8528,55,113,-226,-14472,4828,3116,-1019,139,-173,-14664,-2660,6060,-553,202,-101,0
88.7891891002655,10136,4512,11212,-164,-154,131,8724,-10204,8656,47,106,-202,-14472,4944,3220,-1054,162,-143,-14600,-2780,6028,-518,194,-88,0
88.82432103157043,10108,4444,11344,-131,-161,129,8948,-10176,8584,38,113,-209,-14460,4732,3068,-1054,154,-134,-14708,-2640,6132,-557,511,-126,0
88.8606550693512,10168,4576,11044,-101,-137,80,9056,-10160,8624,21,104,-198,-14340,4644,3092,-1021,87,-177,-14664,-2716,5824,-545,221,-195,0
88.89415907859802,10236,4604,11080,-83,-106,50,9056,-10092,8560,17,184,-194,-14572,4660,3032,-1002,78,-142,-14708,-2728,6048,-524,166,-199,0
88.92750310897827,10124,4800,11052,-142,-58,3,9012,-10056,8660,25,180,-211,-14680,4556,3156,-996,-2,-170,-14568,-2672,6088,-445,212,-199,0
88.96105003356934,10164,4732,11204,-127,-87,-77,9128,-10144,8552,16,235,-213,-14560,4688,3132,-966,-54,-157,-14684,-2612,6112,-441,200,-249,0
88.99461007118225,10224,4704,11012,-121,-68,-94,8964,-10036,8572,14,258,-227,-14684,4712,3228,-989,-56,-149,-14800,-2680,5860,-452,229,-275,0
89.02801299095154,10140,4588,11080,-82,-51,-117,9108,-10248,8628,54,354,-194,-14836,4772,3224,-772,-106,-127,-14860,-2616,5940,-508,220,-302,0
89.06122493743896,10040,4632,11132,-66,-2,-111,9044,-10112,8596,101,323,-177,-14572,4712,3124,-1026,-58,-184,-14504,-2812,5956,-500,217,-311,0
89.09485101699829,10056,4700,11136,-33,-32,-95,8952,-10068,8648,57,329,-210,-14448,4844,3524,-989,-70,-171,-14696,-2844,5908,-511,242,-294,0
89.12823605537415,10092,4732,11172,-31,-55,-104,8752,-10104,8540,115,206,-215,-14552,4620,3436,-1077,-80,-213,-14740,-2856,5980,-581,243,-358,0
89.16198396682739,10100,4708,11140,29,-1,-135,9056,-9996,8772,75,264,-209,-14452,4540,3256,-1028,-108,-186,-14924,-2796,5992,-547,163,-332,0
89.19534492492676,10236,4848,10892,53,70,-138,9136,-10056,8704,40,280,-152,-14696,4704,3240,-1011,-133,-114,-14720,-2684,5868,-525,157,-386,0
89.22869896888733,10020,5100,11252,47,74,-136,8972,-10008,8808,139,279,-136,-14500,4716,3268,-1089,-91,-105,-14792,-2900,6092,-583,144,-315,0
89.26225805282593,9952,4948,11144,-22,102,-35,9132,-10044,8868,78,115,-136,-14368,4452,3540,-1053,54,-128,-14368,-2900,6028,-572,101,-255,0
89.29574298858643,9940,5068,11232,78,40,32,8920,-9748,8880,50,44,-177,-14544,4412,3560,-1019,74,-184,-14656,-3060,5788,-577,222,-506,0
89.32911705970764,10084,4996,10992,85,-32,54,8936,-9844,8856,23,6,-217,-14544,4520,3428,-1002,84,-192,-14792,-2856,5792,-531,217,-220,0
89.36271810531616,10072,5060,11148,23,-97,23,8996,-9520,8836,-39,86,-224,-14364,4464,3228,-946,65,-95,-14448,-2896,5840,-537,118,-213,0
89.39620995521545,10068,4996,11148,-95,-104,-22,8780,-9736,8468,-66,177,-191,-14612,4848,3560,-996,8,-29,-14648,-2776,6052,-461,117,-175,0
89.42972707748413,10044,4832,11212,-125,-62,-13,8888,-10200,8792,-51,151,-180,-14468,4760,3256,-1016,49,-29,-14652,-2696,6036,-485,171,-139,0
89.46339011192322,9964,4776,11360,-74,-76,23,8864,-10344,8908,-71,126,-161,-14776,4872,3228,-1025,66,-39,-14800,-2708,6096,-521,161,-119,0
89.49697709083557,9856,4820,11260,-57,-59,94,8796,-10088,8804,-58,41,-166,-14736,4936,2864,-988,106,-107,-14604,-2648,5688,-492,170,-138,0
89.53062510490417,10060,4720,11248,-37,-37,65,9056,-10160,8656,-29,40,-210,-14608,4700,3248,-915,137,-174,-14760,-2800,5972,-502,140,-187,0
89.56401515007019,10148,4844,11100,-42,-11,20,8748,-10016,8456,41,63,-202,-14540,4632,3440,-982,46,-163,-14428,-3060,5784,-548,151,-241,0
89.59758114814758,10028,4892,11048,15,-14,-38,8984,-10004,8980,84,158,-174,-14828,4576,3192,-1008,-39,-128,-14624,-3016,5884,-570,136,-297,0
89.63104009628296,10020,4948,11216,-53,-2,-66,8960,-10016,8728,115,7,-176,-14632,4560,3420,-1271,-52,-104,-14772,-2968,5700,-533,166,-254,0
89.66450715065002,9944,5024,11440,-122,-41,-43,8756,-10060,8736,140,288,-211,-14576,4784,3380,-1034,-24,-185,-14708,-2940,5956,-257,199,-187,0
89.69794797897339,9816,4944,11028,-97,-117,-19,8812,-10076,8732,126,328,-249,-14364,4740,3172,-1011,-8,-187,-14844,-2936,5724,-527,221,-144,0
89.73169612884521,9964,4988,11472,-96,-153,4,6964,-10196,8804,25,-4003,-578,-14452,4708,3416,-977,18,-199,-14712,-2964,6104,-552,510,-151,0
89.7653579711914,9964,4856,11112,-82,-170,-256,8780,-10112,9108,408,-54,-135,-14344,4804,3392,-962,100,-4,-14604,-2976,6124,-560,236,-198,0
89.79895901679993,10216,4960,11352,-120,-174,18,8968,-10040,8776,63,-470,-129,-14488,4796,3380,-988,57,-229,-14720,-2900,5968,-615,206,-184,0
89.83238291740417,9772,4864,11196,-110,-132,3,9032,-10120,8576,332,-150,-135,-14344,4500,3564,-1074,79,-230,-14568,-2976,5988,-586,262,-164,0
89.86582612991333,9956,5004,11228,-124,-158,-42,8956,-9884,8556,523,103,-248,-14496,4440,3468,-1460,570,-393,-14788,-3080,5860,-505,290,-184,0
89.90334296226501,9944,5036,11192,-164,-179,-50,9680,-10432,9628,-571,676,-508,-14368,4556,2332,-772,-224,-490,-14760,-2896,6008,-487,341,-177,0
89.93902492523193,10088,4988,11064,-231,-207,-65,9052,-10140,8612,163,393,-357,-14672,4624,3164,-1006,215,-296,-14664,-2600,5824,-506,290,-159,0
89.97461104393005,9964,4824,11432,-164,-219,-11,9268,-9952,8704,-87,-56,-742,-14648,4488,3516,-782,86,-3,-14708,-2908,5756,-765,265,-145,0
90.01023197174072,9772,5024,11096,-178,-182,43,9128,-9840,8536,86,446,-348,-14640,4472,3124,-1280,148,-169,-14812,-2936,5752,-519,192,-138,0
90.04604196548463,10212,4956,11180,-211,-145,35,9392,-9824,8628,85,-28,-285,-14572,4508,3632,-977,75,-224,-14692,-3024,5764,-555,203,-149,0
90.08177113533019,10048,5028,11204,-153,-183,18,8868,-9888,8736,181,333,-215,-14500,4616,3428,-893,13,-193,-14692,-3108,5668,-579,291,-176,0
90.11761403083803,9936,5040,11276,-101,-197,48,8996,-9928,8916,226,32,-279,-14468,4560,3332,-1043,104,-207,-14620,-3008,5712,-628,257,-153,0
90.15282201766966,9936,5032,11240,-21,-230,78,9088,-9916,8792,124,-72,-304,-14492,4424,3436,-1106,208,-273,-14772,-3104,5680,-617,329,-122,0
90.1881649494171,10032,5356,11072,-44,-299,80,9372,-9864,8932,-18,-115,-363,-14512,4440,3532,-946,145,-212,-14944,-3232,5712,-546,266,-153,0
90.223886013031,10104,5008,10944,-83,-204,50,9340,-9864,8884,251,-55,-178,-14516,4460,3576,-973,90,-124,-14680,-2884,5740,-505,185,-193,0
90.25969195365907,10112,4996,10964,-111,-150,35,9252,-9864,8656,-67,521,-74,-14836,4524,3292,-980,52,-81,-14696,-2980,5808,-559,64,-188,0
90.30005097389223,10044,4916,11072,-117,-51,48,9168,-9884,8732,-74,18,-162,-14492,4516,3152,-1170,35,-68,-14660,-2964,5632,-543,134,-162,0
90.33603405952455,9956,4880,11120,-75,-20,94,9076,-10124,8796,15,698,-32,-14500,4808,3400,-941,82,-92,-14720,-3052,5820,-571,140,-188,0
90.37232398986816,9888,5108,11116,-63,-48,87,8964,-9968,8796,-17,85,-155,-14476,4436,3296,-1134,173,-163,-14744,-3036,5884,-586,216,-160,0
90.40805602073671,10032,5012,10960,-6,-203,81,9128,-9940,8576,-68,268,-192,-14752,4352,3280,-1100,142,-141,-14608,-2968,5632,-640,194,-228,0
90.44324612617493,9740,5068,10884,-30,-110,67,8820,-9948,8860,-29,467,-85,-14448,4452,3364,-773,84,-172,-14720,-2996,5772,-613,171,-205,0
90.4782359600067,10016,5096,11056,49,-54,82,9032,-9988,8856,6,308,-60,-14520,4560,3320,-1068,-3,-116,-14756,-3044,5952,-610,126,-236,0
90.51362705230713,10056,5188,11172,44,60,57,9052,-9764,8808,98,221,-194,-14692,4376,3500,-1068,6,-23,-14752,-3164,5704,-630,6,-263,0
90.5491940975189,10100,5080,11080,42,27,17,9204,-9932,8800,-72,226,-65,-14468,4428,3352,-1188,249,-51,-14672,-3020,5448,-604,37,-279,0
90.58259606361389,10012,5320,11044,51,15,16,8800,-9696,8896,-43,336,-53,-14516,4488,3240,-1175,86,-79,-14692,-2936,5800,-571,96,-244,0
90.61603903770447,10052,5008,11148,253,-254,27,8972,-9740,8916,-3,294,-81,-14564,4400,3444,-1030,53,-84,-15004,-2948,5648,-566,139,-263,0
90.6496911048889,9928,5040,11184,-17,32,-10,8956,-9968,8748,69,146,-134,-14760,4448,3496,-1283,21,-120,-14600,-3296,5684,-601,154,-4,0
90.68312501907349,9904,5320,11504,78,-54,7,9060,-10184,8592,64,23,-229,-14404,4816,3580,-1410,140,-107,-14636,-2828,6004,-596,145,-242,0
90.71684098243715,9920,5156,11436,72,-53,253,9032,-9956,8720,43,341,-141,-14704,4856,3900,-967,-41,-61,-14804,-3120,5972,-578,121,-303,0
90.75033497810362,9948,5184,11132,23,-30,-14,8992,-9964,8776,167,297,-97,-14680,4372,3408,-1183,84,-60,-14372,-3232,6100,-586,97,-308,0
90.78392100334166,9860,4928,11220,52,251,-40,8964,-9848,8800,99,254,-91,-14464,4376,3376,-1161,30,-110,-14584,-3092,5896,-540,140,-291,0
90.81754612922668,9812,5224,11100,-44,-59,5,8936,-9844,8864,13,229,-75,-14480,4368,3444,-963,63,-123,-14632,-3172,6132,-510,120,-200,0
90.85133814811707,9796,5372,11044,-145,-99,61,8948,-9912,8932,248,268,-97,-14380,4428,3660,-1100,115,-81,-14764,-3152,5724,-475,175,-77,0
90.88485908508301,9804,5600,11088,-301,-162,153,8744,-9976,8840,54,135,-156,-14480,4492,3640,-1123,507,-116,-14812,-3236,5856,-479,284,-1,0
90.91820096969604,9824,5360,11412,-294,-366,216,8948,-10048,9040,10,160,-278,-14492,4408,3476,-1106,356,-221,-14588,-3192,5684,-530,407,104,0
90.9517979621887,9892,5316,11300,-157,-500,509,8972,-9984,8968,-253,-41,-251,-14724,4512,3392,-1008,277,-210,-14744,-3164,5800,-598,307,33,0
90.98545598983765,9904,5148,11140,-176,-458,206,9000,-9796,8800,-32,114,-271,-14540,4524,3576,-860,186,-223,-14728,-3336,5864,-620,283,-29,0
91.01925802230835,9956,5320,11200,-174,-462,172,8996,-9792,8844,56,79,-232,-14480,4396,3528,-1272,280,-220,-14664,-3180,5752,-565,304,-4,0
91.05291008949278,10068,5140,11040,-222,-369,156,8828,-9788,8712,50,2,-200,-14580,4412,3532,-846,234,-190,-14776,-3076,5768,-518,256,-2,0
91.08674502372743,10204,4904,10808,-226,-279,136,9028,-9864,8752,4,16,-147,-14692,4240,3456,-931,242,-167,-14660,-3140,5732,-504,235,-55,0
91.12000298500061,10080,5340,10864,-149,-189,111,9044,-9760,8736,132,-51,-164,-14752,4164,3124,-837,185,-128,-14512,-3180,5612,-258,191,-122,0
91.15346193313599,10128,4892,10820,-158,-122,114,8996,-9772,8544,-108,76,-231,-14456,4192,3292,-833,127,-157,-14792,-3172,5768,-548,288,-111,0
91.18723511695863,10212,5340,10800,-85,-95,105,9400,-9752,8628,-101,82,-5,-14788,4284,3308,-914,127,-127,-14756,-2936,5664,-478,172,-155,0
91.220773935318,10248,5052,10892,-153,43,49,9152,-9700,8784,46,204,-127,-14600,4232,3624,-811,-55,-27,-14656,-3032,5696,-449,76,-183,0
91.2544479370117,10136,5328,10968,-265,188,46,9136,-9808,8724,42,330,-75,-14500,4516,3552,-1043,-58,26,-14392,-3204,6068,-491,78,-148,0
91.28809595108032,9988,5272,11148,-155,91,70,9148,-10192,9148,-17,135,-66,-14420,4472,3592,-1252,-2,26,-14716,-3264,5940,-507,69,-74,0
91.32148909568787,9992,5232,11312,-177,-34,97,9024,-10020,8968,-3,167,-113,-14744,4536,3604,-975,62,-46,-14592,-3284,5788,-546,51,-117,0
91.35496091842651,9736,5224,10836,-110,-60,102,8780,-10132,8860,-111,121,-118,-14356,4500,3528,-933,101,-40,-14792,-3168,5848,-545,43,-101,0
91.38872003555299,9760,4864,10976,-104,-72,138,8740,-9680,8732,-100,126,-128,-14548,4356,3560,-998,113,234,-14364,-3264,5768,-562,39,-108,0
91.42218899726866,9928,5140,11152,-138,-64,118,8784,-9860,8836,-127,173,-112,-14416,4740,3544,-995,102,51,-14800,-3168,5900,-506,11,-59,0
91.4554750919342,10040,5104,11196,-167,-59,111,9136,-9872,8772,-87,114,-97,-14408,4376,3384,-965,108,-7,-14628,-3048,5744,-498,96,-86,0
91.48916101455688,9952,5112,11036,-151,-42,85,8976,-9884,9128,-73,130,-155,-14568,4372,3340,-982,193,-52,-14704,-3316,5776,-464,220,-54,0
91.52280902862549,9968,5024,11176,-187,-94,138,8964,-10044,8864,8,71,-208,-14680,4416,3336,-1130,203,-154,-14600,-2892,5860,-488,511,-31,0
91.55829000473022,9776,4904,11116,-157,-174,129,9048,-10040,8740,-3,32,-229,-14504,4460,3420,-963,142,-156,-14592,-3072,5840,-510,290,-123,0
91.59397196769714,10036,5040,11200,-130,-184,106,9040,-9976,8828,28,175,-238,-14820,4400,3624,-1005,78,-148,-14584,-3096,5736,-540,186,-128,0
91.62950706481935,9964,5180,10952,-88,-151,68,9040,-9960,8928,32,133,-180,-14612,4432,3160,-916,13,-117,-14700,-3160,5668,-498,189,-97,0
91.66478705406189,10180,5192,11052,-153,-106,78,9072,-9888,8764,16,127,-181,-14604,4372,3436,-1030,92,-98,-14480,-3076,5824,-767,157,-115,0
91.70021605491638,9984,5164,11008,-133,-94,63,8748,-9800,8904,-26,200,-167,-14624,4320,3424,-983,88,-84,-15028,-3152,5804,-525,139,-135,0
91.73534607887268,10068,5300,11032,-103,-115,49,9056,-9860,8864,-49,168,-151,-14652,4140,3432,-1001,68,-57,-14676,-2972,5720,-545,104,-156,0
91.77089595794679,10004,5188,11064,-149,-116,55,8908,-9840,8752,9,177,-146,-14608,4324,3384,-1010,104,-89,-14504,-3308,5712,-489,152,-81,0
91.80593800544739,9980,5252,11120,-167,-88,117,8752,-9812,8856,-82,92,-184,-14656,4308,3472,-770,161,-64,-14788,-3200,5748,-517,157,-78,0
91.84125995635986,10040,5140,11016,-137,-136,110,9044,-9840,8892,-42,154,-184,-14600,4356,3648,-1001,134,-118,-14632,-3100,6020,-536,166,-97,0
91.8777389526367,10084,4864,10808,-170,-128,77,8720,-9884,8936,-244,60,-155,-14508,4380,3728,-863,69,-89,-14744,-3168,5848,-513,116,-141,0
91.91278505325319,9968,5344,10984,-111,-96,127,8820,-9844,8616,-13,136,-170,-14616,4188,3524,-942,103,-52,-14648,-2884,5760,-536,92,-111,0
91.94823408126831,9812,5252,10784,-115,-54,136,8832,-9900,8932,-24,133,-127,-14708,4380,3072,-943,82,-85,-14680,-3128,5948,-526,109,-85,0
91.98369312286377,9760,4948,11108,-141,-82,113,9136,-9968,8940,-68,180,-116,-14492,4392,3436,-938,65,-40,-14764,-3136,5776,-528,98,-128,0
92.01923394203186,9800,5128,11056,-141,-104,85,9048,-9748,8916,-87,143,-140,-14612,4504,3288,-973,95,-71,-14356,-3004,5760,-540,103,-145,0
92.05415701866151,10228,5080,11064,-131,-66,71,8984,-9836,8808,-23,135,-160,-14380,4480,3360,-981,75,-48,-14772,-3072,5856,-517,153,-102,0
92.09016394615175,9892,5040,10820,-135,-71,86,9180,-10056,8628,26,61,-196,-14588,4496,3532,-1010,72,-114,-14648,-3032,5792,-496,165,-147,0
92.12560009956358,10028,5180,11184,-154,-75,71,9040,-9960,8704,-18,328,-155,-14644,4584,3408,-1002,-248,-106,-14704,-3120,5776,-520,190,-145,0
92.16084313392639,9788,5180,11124,-163,-97,79,8972,-9824,8844,4,181,-224,-14652,4500,3604,-1069,114,-122,-14720,-3032,5972,-506,214,-138,0
92.19865202903746,10016,5196,11080,-129,-105,73,8932,-9928,8812,-23,180,-216,-14512,4424,3736,-1036,104,-133,-14636,-3276,5804,-496,195,-145,0
92.23220896720886,10004,5192,11172,-134,-105,58,9172,-9888,8760,251,204,-191,-14808,4248,3708,-817,248,-131,-14616,-3204,5680,-515,167,-157,0
92.26561999320982,10028,5224,11084,-134,-80,36,8996,-9928,8732,-253,189,-165,-14604,4372,3560,-927,63,-138,-14728,-3204,5656,-554,140,-170,0
92.29948711395262,10072,5156,10960,-113,-104,63,8928,-9896,8776,-3,261,-180,-14428,4104,3392,-828,-31,-120,-14804,-3176,5764,-529,191,-141,0
92.33283901214598,10220,5196,11128,-118,-101,80,8920,-9832,8952,-47,255,-186,-14372,4440,3172,-893,50,-114,-14532,-3048,6124,-488,154,-116,0
92.36609411239623,10180,5164,11176,-149,-138,112,8712,-9888,8784,-85,152,-219,-14644,4388,3540,-964,86,-77,-14676,-3180,5788,-494,197,-112,0
92.39997601509094,9976,5208,11012,-151,-172,104,9004,-9856,8900,-25,254,-208,-14576,4112,3716,-999,132,-112,-14676,-3084,5888,-764,203,-100,0
92.43321704864503,9976,5196,11084,-109,-121,79,8724,-9796,8724,-87,333,-195,-14652,4364,3508,-971,68,-151,-14672,-3216,6064,-497,149,-82,0
92.46682500839235,9980,5176,11036,-156,-91,61,8924,-9956,8784,-77,417,-148,-14620,4396,3568,-886,45,-130,-14680,-3148,5940,-470,180,-84,0
92.50052404403687,10044,5208,11076,-178,-153,86,9024,-9928,8932,-30,358,-193,-14504,4504,3448,-928,53,-103,-14700,-2988,5828,-492,186,-93,0
92.5338339805603,9952,5124,11172,-174,-138,107,8944,-9856,8928,18,337,-195,-14628,4432,3516,-921,86,-86,-14552,-2992,5892,-485,177,-120,0
92.56737995147705,9992,5260,11048,-182,-145,91,8984,-9988,8860,38,227,-200,-14564,4400,3548,-912,84,-101,-14740,-3260,5760,-482,186,-94,0
92.60081100463867,9964,5120,11036,-159,-163,96,9056,-10140,8844,32,415,-221,-14552,4464,3532,-863,50,-111,-14688,-3076,5856,-490,192,-85,0
92.63385796546935,10104,5140,11056,-146,-164,111,8872,-9812,8872,-31,419,-130,-14496,4356,3348,-746,-18,-171,-14692,-3104,5892,-509,185,-126,0
92.66747999191284,10004,5036,11104,-102,-137,99,8704,-9732,9144,-7,282,-176,-14468,4508,3412,-855,69,-131,-14704,-3184,5828,-488,163,-147,0
92.70079398155212,9924,5112,11048,-136,-115,114,8800,-9884,8800,-50,237,-187,-14716,4416,3452,-940,76,-117,-14680,-2904,6020,-501,164,-129,0
92.73422408103943,10044,5160,11084,-115,-94,64,8708,-9824,8912,-53,150,-217,-14552,4492,3456,-969,68,-87,-14676,-2844,5840,-499,144,-160,0
92.7676839828491,9732,5132,11136,-130,-99,28,8872,-9896,8868,-30,194,-203,-14444,4472,3440,-995,42,-123,-14736,-3148,5912,-522,176,-141,0
92.80104398727417,9948,4888,10924,-122,-64,53,8936,-9920,8796,-63,185,-145,-14696,4408,3380,-965,75,-126,-14604,-3128,5688,-530,144,-166,0
92.83463692665099,9992,5276,11192,-71,-50,66,8848,-9832,8888,-75,79,-153,-14604,4368,3408,-1014,94,-89,-14600,-3168,5712,-490,123,-189,0
92.86816811561584,10000,5128,11104,-137,37,39,8924,-9804,8820,-21,200,-136,-14592,4384,3376,-1062,30,-32,-14376,-3060,5728,-438,117,-194,0
92.90178203582762,9740,5180,11180,-123,104,21,8860,-9836,8888,20,220,-125,-14348,4432,3468,-1058,-256,-18,-14604,-3172,5840,-487,91,-188,0
92.93513393402098,9960,5260,11188,-109,50,37,8876,-9916,8820,-3,173,-95,-14576,4476,3656,-945,-249,-31,-14708,-3220,5928,-763,44,-188,0
92.96862506866455,10052,5204,11036,-153,27,10,8984,-9896,9016,-64,253,-109,-14448,4504,3628,-933,21,-57,-14556,-3156,5948,-479,97,-178,0
93.002268075943,9872,5260,11204,-103,26,42,8776,-9948,8968,-73,223,-113,-14388,4472,3472,-941,31,-81,-14568,-3128,6100,-261,122,-195,0
93.03580594062807,9792,5220,11032,-116,-24,63,8600,-9888,9012,-102,180,-114,-14240,4576,3604,-1050,85,-84,-14472,-3072,5832,-533,112,-137,0
93.06924510002136,9860,5268,11272,-62,-55,61,8864,-9880,8708,-69,111,-146,-14292,4484,3612,-953,107,-102,-14620,-3096,5708,-510,151,-142,0
93.10288214683533,9804,5192,11108,-110,-78,87,8832,-10200,8928,-26,150,-163,-14712,4568,3532,-991,75,-81,-14784,-3128,5964,-467,153,-108,0
93.13619709014893,9844,5180,11268,-107,-23,44,8804,-10044,8840,-34,206,-128,-14508,4444,3452,-1001,80,-65,-14640,-3116,5948,-519,150,-164,0
93.16988801956177,9880,5184,11144,-104,-30,50,8716,-9924,8932,-37,110,-145,-14456,4472,3692,-1276,98,-59,-14468,-2980,5932,-505,154,-154,0
93.2035779953003,9996,5184,11096,-96,-4,69,8868,-10140,8808,-41,132,-161,-14564,4448,3332,-935,88,-97,-14640,-3124,5900,-500,135,-127,0
93.24023604393007,9996,5260,11220,-144,-7,64,8688,-9848,8988,-46,148,-155,-14720,4588,3616,-941,118,-120,-14420,-3164,5772,-474,135,-135,0
93.27561807632446,9940,5264,11208,-122,-33,53,8816,-9948,8988,-67,133,-148,-14460,4560,3332,-990,92,-75,-14680,-3256,5908,-493,143,-144,0
93.31122899055481,9872,5116,11228,-172,-23,32,8836,-9868,9092,-45,140,-151,-14404,4320,3488,-960,85,-88,-14556,-3148,5892,-460,118,-124,0
93.34720706939699,9900,5308,10808,-178,-48,81,8748,-9880,8988,-20,152,-165,-14404,4396,3812,-957,187,-84,-14612,-3324,5972,-434,173,-47,0
93.38235402107239,9936,5256,11244,-229,-94,117,8816,-9952,9168,-27,125,-192,-14424,4508,3720,-978,189,-131,-14700,-3220,5772,-477,186,-4,0
93.41808915138245,9796,5280,11196,-230,-182,168,8736,-10004,9056,-37,77,-187,-14476,4644,3520,-989,204,-117,-14732,-3184,5916,-519,142,-48,0
93.45334100723267,9836,5176,11204,-164,-201,122,8936,-10036,8900,-55,82,-201,-14420,4500,3672,-758,175,-99,-14816,-2892,5912,-480,139,-71,0
93.48921394348145,9924,5144,11072,-214,-141,98,8844,-9992,8840,47,97,-192,-14624,4508,3320,-1002,186,-58,-14720,-3152,5820,-491,120,-53,0
93.52508401870726,10168,5164,11132,-255,-112,125,8744,-9932,8780,-68,79,-171,-14532,4472,3356,-997,206,-117,-14592,-3096,5876,-263,144,-12,0
93.56118392944335,9848,5048,10960,-184,-141,149,8856,-9912,8704,38,114,-173,-14548,4396,3624,-1015,214,-124,-14532,-3164,5964,-498,178,-28,0
93.59756708145143,9936,5000,11168,-252,-193,134,9116,-10236,8880,43,70,-222,-14500,4648,3836,-970,235,-125,-14604,-3144,5996,-501,274,20,0
93.63291192054749,9896,4900,11052,-291,-214,172,8752,-9784,8952,24,112,-246,-14780,4492,3400,-1003,262,-169,-14636,-3208,6084,-497,272,12,0
93.66760611534119,9828,5316,11108,-254,-266,174,8876,-9916,8840,41,50,-265,-14572,4532,3496,-1085,275,-177,-14704,-3256,5916,-524,288,19,0
93.70370197296143,9980,5124,11220,-216,-292,159,8744,-9780,8792,-7,-104,-261,-14540,4528,3588,-1048,282,-158,-14628,-3192,5984,-506,256,-30,0
93.73934602737427,10016,5164,11216,-190,-276,146,8820,-9936,8852,84,-6,-208,-14480,4404,3448,-1008,274,-184,-14680,-3220,5800,-507,0,-63,0
93.77409696578978,9940,5208,10968,-170,-259,118,8752,-9860,8944,31,-101,-203,-14764,4500,3464,-1249,218,-161,-14724,-2876,5924,-497,272,-59,0
93.80970597267151,9836,5204,11244,-191,-505,111,8988,-9848,8996,-60,131,-241,-14848,4456,3524,-878,132,-171,-14752,-3140,5808,-484,227,-57,0
93.84511113166809,9944,5236,10848,-184,-237,85,8728,-9968,9092,254,143,-195,-14484,4476,3352,-1009,185,-127,-14756,-3112,5768,-503,278,-92,0
93.88193893432619,10124,5348,11196,-137,-203,75,8916,-9888,8760,64,80,-249,-14640,4392,3444,-924,186,-152,-14664,-3164,5832,-517,245,-102,0
93.91563296318054,10012,5136,11084,-170,-197,85,9160,-9764,8944,41,131,-235,-14680,4440,3572,-972,197,-119,-14512,-3040,5712,-535,206,-90,0
93.94881296157837,9992,5196,11168,-149,-169,114,8860,-9896,8824,20,98,-219,-14432,4392,3496,-996,138,-122,-14544,-3060,5848,-546,208,-119,0
93.98229813575745,9916,5148,11052,-142,-181,103,8840,-9920,8816,13,93,-178,-14760,4436,3492,-1031,165,-124,-14568,-3304,5936,-529,194,-99,0
94.01579809188843,9944,5160,11040,-141,-152,111,8976,-9808,8872,-33,272,-227,-14512,4428,3348,-830,147,-80,-14736,-3168,5936,-507,169,-119,0
94.04912209510803,10024,5096,11088,-151,-105,100,8884,-9872,8928,-65,391,-193,-14412,4460,3524,-798,132,-71,-14824,-2840,5808,-503,122,-112,0
94.08269596099855,9744,5140,11108,-151,-76,100,8804,-9868,8992,-69,-28,-144,-14696,4296,3416,-999,151,-89,-14612,-3148,5852,-471,121,-140,0
94.11813712120055,10040,5364,10776,-154,-54,78,9104,-9824,8924,-64,105,-158,-14704,4352,3288,-1014,75,-55,-14792,-3120,5808,-472,137,-158,0
94.15155911445619,10148,4884,11068,-142,-73,72,8908,-9872,9168,-12,33,-154,-14416,4372,3472,-1083,133,-91,-14680,-3164,5664,-525,198,-129,0
94.18480491638182,9956,5208,11104,-105,-105,86,8896,-9980,8948,21,23,-172,-14544,4440,3368,-1091,122,-111,-14488,-3052,5856,-524,175,-120,0
94.21863508224487,10012,5036,11208,-112,-75,103,9176,-9868,8828,-5,149,-164,-14492,4448,3384,-1002,60,-105,-14776,-3044,5976,-522,132,-130,0
94.25176405906679,10132,5168,11024,-87,-38,111,8892,-9880,8836,-88,63,-118,-14624,4428,3452,-1050,91,-43,-14592,-2908,5880,-571,56,-170,0
94.28523302078247,10228,4956,11112,-79,250,67,8976,-9960,8784,-37,89,-20,-14724,4636,3444,-856,-95,12,-14688,-2948,5792,-540,61,-144,0
94.31878304481506,9968,5368,10944,-81,4,98,8800,-9904,8736,104,156,-72,-14456,4380,3376,-1083,69,-18,-14740,-3296,5672,-503,51,-132,0
94.35207796096803,9892,5120,11144,-6,25,120,8884,-9816,8924,-54,152,-100,-14584,4328,3352,-996,60,-3,-14372,-2992,5860,-573,152,-92,0
94.38562893867493,10052,5048,11072,-130,-64,117,8936,-9880,9056,-13,156,-142,-14444,4492,3512,-989,62,-65,-14812,-3048,6052,-515,152,-164,0
94.41934108734131,9844,5328,11260,-57,-6,101,8928,-9952,9076,6,81,-110,-14740,4368,3576,-1064,3,-104,-14552,-3204,5960,-537,139,-207,0
94.4524450302124,10044,5132,11192,-61,249,28,8848,-9952,9008,-16,162,-143,-14408,4440,3512,-1031,7,-78,-14624,-3552,5716,-518,136,-250,0
94.4859869480133,9936,5400,11224,-40,-29,-11,8868,-9924,9200,-61,233,-158,-14844,4488,3372,-955,-61,-45,-14744,-3100,6020,-542,65,-223,0
94.51983308792114,9912,5292,11112,-60,26,-10,8860,-10036,8796,57,84,-79,-14300,4464,3408,-888,-25,-250,-14776,-3132,5988,-565,39,-204,0
94.55321097373962,9892,5180,11020,-7,24,56,8928,-9840,9000,-66,127,-102,-14500,4528,3452,-996,19,-29,-14668,-3144,5816,-557,40,-193,0
94.58687996864319,9804,5136,11200,-55,10,65,8784,-9960,8848,-60,87,-114,-14444,4452,3360,-995,54,-59,-14844,-3128,5900,-598,68,-195,0
94.6204719543457,9996,5148,11004,-3,-31,104,8876,-9904,8900,-23,80,-123,-14680,4396,3436,-1050,53,-121,-14340,-2976,5784,-549,122,-165,0
94.6538779735565,9968,5372,11140,-16,-105,82,9244,-10048,8928,132,-73,-247,-14444,4404,3412,-1014,46,-151,-14632,-3092,5948,-584,227,-189,0
94.68695998191835,9936,5080,11172,42,-178,114,8760,-10064,8860,89,88,-179,-14504,4544,3332,-1087,67,-172,-14748,-3152,5828,-629,244,-238,0
94.72049093246459,9976,5228,11132,255,-131,76,8932,-9940,8780,43,349,-209,-14836,4544,3516,-1092,-27,-144,-14780,-3212,5908,-591,198,-190,0
94.7539210319519,10052,5260,10984,-39,-61,65,9004,-9856,8896,-43,182,-125,-14500,4468,3816,-1045,44,-90,-14628,-3200,5988,-552,133,-171,0
94.78767704963683,9900,5244,11188,-75,-58,94,8856,-9736,8828,-13,99,-96,-14748,4360,3352,-1060,91,-50,-14704,-3276,6032,-554,87,-123,0
94.82119512557982,9884,5244,10912,-99,17,141,8812,-9904,8976,9,103,-61,-14448,4588,3420,-772,148,-12,-14488,-3108,6120,-504,23,-57,0
94.85445809364319,9876,5224,11360,-169,-10,150,8816,-9952,8908,-22,95,-88,-14796,4404,3632,-920,108,-73,-14744,-3220,6012,-469,87,-30,0
94.88793706893921,9888,5252,11144,-221,-126,156,9036,-10020,9188,33,141,-182,-14312,4524,3828,-937,188,-136,-14508,-3332,5836,-444,209,-52,0
94.92424702644348,9632,5340,11220,-239,-250,113,8724,-9932,8796,-14,182,-328,-14516,4600,3352,-864,195,-246,-14720,-3220,5896,-436,323,-47,0
94.95956897735594,9828,5344,11096,-170,-381,81,8804,-9848,8952,-34,96,-414,-14504,4408,3524,-941,224,-309,-14388,-3216,5888,-451,409,-60,0
94.99484896659851,9840,5268,11032,-199,-415,71,8824,-9828,8952,6,86,-429,-14500,4380,3360,-982,223,-346,-14648,-3252,5792,-444,454,-49,0
95.03026509284973,9988,5368,10904,-182,-341,75,8524,-9644,9040,-15,105,-355,-14612,4400,3628,-934,202,-208,-14628,-3200,5936,-442,311,-67,0
95.06535410881042,9840,5308,10984,-244,-269,73,8720,-9808,9060,-14,198,-324,-14268,4500,3340,-894,247,-205,-14644,-3116,5920,-444,276,-48,0
95.10085797309874,9884,5236,11208,-290,-276,144,8800,-9964,8980,-48,36,-267,-14504,4400,3384,-1022,288,-166,-14580,-3012,6124,-415,286,93,0
95.13586997985838,10088,5208,11180,-286,-310,220,9000,-9864,8816,-63,11,-253,-14676,4428,3316,-935,313,-145,-15092,-3052,5876,-449,200,80,0
95.17123508453369,10160,5112,11464,-324,-251,245,9004,-10060,8976,-75,74,-210,-14672,4584,3268,-929,331,-76,-14808,-2984,6040,-490,174,68,0
95.20768713951111,10216,5064,11024,-243,-260,248,9024,-10028,8840,-31,47,-223,-14636,4376,3308,-894,315,-101,-14784,-2952,5724,-544,230,60,0
95.24350905418395,9836,5012,11024,-211,-318,240,9208,-9872,8884,252,41,-265,-14352,4436,3412,-935,288,-230,-14636,-2996,5728,-484,346,25,0
95.27910900115967,9916,5116,10708,-202,-344,197,8732,-9756,8940,9,22,-342,-14580,4212,3512,-971,261,-218,-14612,-3132,5752,-421,350,-59,0
95.31868100166321,9996,5072,10836,-213,-297,85,8980,-9668,8940,49,152,-338,-14648,4336,3472,-1020,226,-217,-14620,-2984,5764,-413,318,-71,0
95.35516214370726,9748,5148,10992,-198,-191,4,9160,-9940,9144,44,113,-301,-14660,4416,3532,-1029,194,-3,-14968,-3220,5860,-432,511,-114,0
95.39085698127747,10056,5172,11108,-118,-127,28,9028,-9816,9180,-49,-27,-246,-14872,4480,3620,-1280,167,-116,-14964,-3204,6108,-483,210,-115,0
95.42582511901854,10028,5364,10888,-125,-91,103,9100,-9876,8884,-33,57,-196,-14672,4540,3180,-992,158,-56,-14808,-3116,5652,-566,171,-76,0
95.46183896064758,10128,5196,11008,-76,-115,142,8924,-9928,8788,-41,429,-150,-14532,4508,3204,-1039,204,-64,-14668,-3100,5792,-557,142,-120,0
95.49807095527649,10076,4992,11096,-83,-46,150,9028,-9908,8944,-50,153,-118,-14600,4488,3244,-1087,170,-57,-14540,-2904,5796,-553,160,-62,0
95.53332614898683,10024,5096,11100,-74,-72,163,9080,-9800,8744,-14,33,-178,-14444,4364,3200,-1031,86,-170,-14444,-3124,5824,-552,238,-117,0
95.57033514976503,10184,5180,11000,-97,-184,122,8916,-9856,8816,-254,97,-254,-14136,4576,3112,-1059,122,-198,-14796,-3160,5732,-542,294,-126,0
95.60392093658447,10016,5176,10872,-83,-165,113,9008,-9720,9100,-87,122,-234,-14588,4368,3416,-1018,170,-135,-14788,-3028,5760,-495,246,-80,0
95.63756299018858,10200,5280,11020,-99,-119,107,9228,-9852,8776,-58,100,-190,-14692,4472,3428,-986,124,-111,-14872,-3140,5792,-503,201,-115,0
95.67099213600159,10320,5096,11008,-133,-88,99,9268,-9876,8972,17,31,-96,-14656,4460,3272,-879,31,-55,-14688,-2844,5740,-539,131,-146,0
95.70430994033815,10152,5048,10936,-65,-28,77,8968,-9848,8816,-42,32,-100,-14692,4384,3308,-1049,122,-10,-14628,-2860,5736,-768,77,-117,0
95.73773407936096,10076,4896,11044,-78,34,69,9040,-9836,8792,-40,109,-86,-14700,4464,3148,-1055,112,-36,-14604,-3044,5760,-261,118,-121,0
95.77138304710388,10068,5216,11024,-114,64,90,9028,-9812,8860,-53,175,-112,-14420,4488,3256,-1019,65,-44,-14456,-3056,5776,-489,96,-132,0
95.80489897727966,9760,5172,11036,-78,33,87,9088,-9876,8796,-32,183,-83,-14628,4472,3220,-1029,33,-64,-14824,-3188,5800,-497,79,-142,0
95.83851194381715,10064,5256,11208,-111,34,86,9060,-9884,8868,-9,102,-109,-14460,4348,3268,-1053,58,-40,-14760,-3172,5744,-522,97,-157,0
95.87207698822023,9984,5144,11200,-73,254,94,9092,-9856,8888,-18,78,-118,-14592,4416,3192,-1000,44,-77,-14828,-3152,5796,-558,120,-189,0
95.90572500228883,9776,5248,11020,-35,-9,82,9132,-9888,8796,-27,69,-187,-14744,4272,3288,-1011,92,-110,-14732,-3192,5784,-530,181,-162,0
95.93924808502199,10052,5184,10824,-41,-88,62,8904,-9912,8476,-17,68,-191,-14520,4436,3332,-981,29,-105,-14764,-3088,5844,-497,213,-155,0
95.97282099723814,9940,5176,11068,-11,-102,33,9008,-9836,8860,8,248,-251,-14600,4408,3516,-1020,55,-180,-14620,-3132,5808,-504,196,-154,0
96.00649595260619,9740,5188,11200,-135,-73,45,8728,-9816,9188,28,95,-164,-14612,4456,3496,-949,105,-155,-14544,-3212,5824,-453,184,-129,0
96.04007911682129,10052,5120,11020,-110,-66,44,8944,-9920,8780,-51,140,-236,-14576,4492,3460,-943,125,-119,-14620,-3160,5776,-484,199,-117,0
96.07360100746155,9744,5196,11064,-137,-102,88,8984,-9844,8928,-89,60,-193,-14656,4448,3372,-968,76,-103,-14740,-3104,5752,-481,193,-91,0
96.1073589324951,10036,5192,10804,-137,-82,124,8960,-9816,8896,-46,12,-222,-14608,4548,3420,-774,87,-71,-14712,-3192,5856,-494,182,-120,0
96.14077496528627,9988,5164,10944,-123,-61,102,9068,-9872,9008,-95,119,-140,-14560,4488,3396,-993,133,-72,-14692,-3100,5776,-760,158,-105,0
96.17400813102722,9996,5116,11196,-124,-42,131,9084,-9908,8896,-36,61,-137,-14748,4460,3400,-1003,124,-102,-14736,-3000,5828,-549,109,-103,0
96.20753693580626,10052,5196,11120,-109,-17,137,9032,-9876,8836,-13,27,-140,-14340,4384,3508,-1059,109,-99,-14604,-3156,5884,-523,134,-94,0
96.24115896224974,10000,5076,10976,-119,-66,118,9100,-9972,8368,-108,464,-101,-14344,4452,3120,-1131,181,-96,-14396,-2860,6108,-485,174,-95,0
96.27464509010315,9964,5212,11020,-178,-62,98,9028,-9896,8868,-56,91,-170,-14684,4452,3236,-960,152,-138,-14896,-3116,5776,-491,159,-75,0
96.30820202827455,10100,5148,10888,-159,-121,91,9192,-9940,8852,-60,129,-201,-14480,4408,3392,-996,107,-90,-14660,-3168,5776,-263,166,-98,0
96.34176993370055,9980,5188,11128,-4,-171,112,9016,-9824,8748,19,231,-193,-14452,4476,3420,-996,102,-126,-14660,-3036,5808,-467,200,-90,0
96.37492394447327,10236,5228,11148,-211,-171,113,9212,-9928,8892,-40,233,-212,-14372,4128,3536,-950,142,-162,-14760,-3120,5688,-463,223,-88,0
96.40847706794739,10208,5168,11256,-195,-232,73,8908,-9872,8804,-14,180,-263,-14512,4496,3272,-954,154,-182,-14612,-3092,5944,-479,233,-84,0
96.44177103042603,9952,5076,11056,-195,-199,72,8988,-9908,8860,18,143,-253,-14536,4424,3476,-984,99,-201,-14828,-2612,5796,-499,239,-74,0
96.47561192512512,10064,4872,10912,-170,-212,124,9016,-9800,8868,31,198,-233,-14368,4356,3404,-932,125,-191,-14372,-3020,5832,-497,226,-62,0
96.50932812690735,9732,5232,11084,-267,-218,128,9040,-9936,8808,19,176,-230,-14560,4400,3096,-927,169,-112,-14696,-3160,5768,-462,226,-45,0
96.54283809661867,9760,5136,11220,-296,-262,145,9056,-9912,8884,-6,166,-253,-14756,4356,3460,-889,181,-180,-14808,-3132,5876,-454,278,-35,0
96.57621502876283,10204,5200,11168,-511,-262,148,9024,-9908,8888,31,143,-249,-14560,4600,3568,-971,174,-183,-14756,-3308,5784,-492,284,-60,0
96.61331510543823,10076,5116,10892,-2,-273,182,8984,-9788,8860,50,162,-265,-14512,4312,3312,-964,163,-200,-14780,-3124,5648,-488,236,-38,0
96.64915299415588,10096,5156,11196,-235,-282,170,9012,-9720,8900,38,114,-249,-14496,4392,3252,-949,161,-124,-14736,-3056,5744,-470,235,-24,0
96.68392300605775,10076,5164,11196,-240,-213,122,9048,-9748,8860,32,123,-223,-14836,4344,3376,-967,200,-125,-14784,-2920,5732,-491,198,-61,0
96.71937298774719,10168,5128,11116,-233,-200,153,8956,-9720,9084,48,111,-216,-14692,4428,3288,-974,155,-127,-14660,-2960,5648,-502,226,-79,0
96.75514793395995,10092,5152,11068,-216,-207,140,8984,-9848,8708,29,130,-217,-14652,4388,3320,-985,145,-142,-14812,-3276,5620,-496,223,-74,0
96.79038715362549,10156,5132,10912,-198,-195,135,9076,-9828,8784,14,77,-242,-14352,4412,3560,-948,155,-159,-14764,-3172,5708,-504,253,-86,0
96.82553100585939,10056,5044,11052,-161,-223,84,9048,-9816,8864,-31,98,-242,-14820,4388,3312,-950,146,-127,-14680,-2976,5640,-493,202,-85,0
96.86192011833191,10116,4900,10980,-113,-169,88,9168,-9876,8840,-42,155,-180,-14604,4456,3220,-1030,139,-111,-14620,-3040,5628,-523,192,-115,0
96.89809203147888,10064,5112,10900,-91,-104,106,8752,-9792,8876,-19,83,-187,-14544,4588,3244,-1048,99,-130,-14844,-3144,5796,-515,160,-177,0
96.93288397789003,10140,5080,10796,-119,-31,54,9076,-9728,8932,-32,194,-164,-14800,4532,3084,-983,79,-97,-14660,-2956,5664,-484,137,-138,0
96.96771812438965,10040,5184,10956,-190,0,80,9120,-9796,8860,-35,133,-119,-14684,4384,3408,-1010,97,-55,-14824,-3060,5648,-500,124,-108,0
97.00313115119934,10124,5112,10948,-154,-33,108,9080,-9748,8956,-24,127,-114,-14708,4204,3376,-770,88,-49,-14740,-2996,5708,-258,143,-98,0
97.03873205184937,10156,5208,11108,-148,-49,123,8708,-9972,8936,-4,116,-150,-14608,4128,3256,-1002,116,-77,-14776,-2984,5768,-527,111,-121,0
97.07413911819458,10008,5336,11048,-90,-40,97,9064,-9812,8780,-107,116,-152,-14496,4344,3444,-966,97,-30,-14680,-3088,5712,-537,136,-119,0
97.10977506637575,10072,5048,11216,-119,-92,85,9036,-9836,8840,-25,122,-147,-14612,4360,3240,-1006,69,-58,-14620,-2948,5840,-265,86,-159,0
97.14535093307495,10184,5036,10952,-84,52,46,9012,-9976,8856,-47,132,-105,-14712,4420,3264,-993,52,253,-14856,-3144,5688,-503,63,-183,0
97.18076515197755,10144,5116,11172,-132,65,71,9128,-9832,8868,-46,153,-87,-14480,4364,3308,-990,40,36,-14852,-3260,5812,-477,22,-154,0
97.21614599227907,10120,5196,11120,-176,36,45,8988,-9932,8936,-57,134,-104,-14604,4252,3532,-998,96,-13,-15048,-3016,5852,-502,93,-98,0
97.25274395942688,10100,5044,10992,-139,-35,90,8976,-9904,8904,-39,123,-143,-14716,4356,3276,-993,128,-64,-14612,-2976,5640,-507,163,-101,0
97.2862501144409,10064,5096,11140,-130,-141,101,8992,-9848,8792,-24,79,-202,-14552,4496,3084,-1011,133,-122,-14708,-3020,5732,-514,215,-107,0
97.32011699676515,10084,5152,11164,-119,-137,81,9040,-9968,8940,27,154,-213,-14840,4320,3536,-979,97,-176,-14708,-3156,5820,-264,226,-100,0
97.35337710380554,10096,5032,11140,-195,-258,88,8708,-9868,8840,33,174,-252,-14636,4436,3420,-974,150,-224,-14376,-2852,5936,-491,262,-49,0
97.38704705238342,9980,5200,11280,-155,-280,154,8976,-9928,8952,1,130,-294,-14524,4496,3348,-969,156,-234,-14792,-2888,5844,-759,258,-47,0
97.42038893699646,10124,5352,11100,-145,-327,135,9196,-9856,8788,-21,135,-302,-14740,4128,3088,-962,153,-149,-14748,-3092,5792,-535,218,-101,0
97.45339703559874,10088,5060,11044,-105,-227,117,8956,-9776,8964,-50,134,-261,-14444,4380,3216,-937,162,-169,-14676,-2944,5680,-539,179,-127,0
97.4869771003723,10060,5068,11008,-122,-214,100,9008,-9716,8808,-47,148,-269,-14792,4204,3284,-927,139,-196,-14784,-3188,5684,-509,232,-114,0
97.52051115036011,10080,5036,10984,-119,-183,73,9092,-9984,8808,-44,97,-244,-14596,4288,3428,-989,92,-169,-14748,-3016,5600,-512,200,-168,0
97.55387806892395,10028,5020,10756,-120,-105,93,9100,-9748,8888,-32,104,-188,-14604,4188,3452,-995,103,-112,-14948,-3008,5668,-517,172,-169,0
97.58763003349304,10192,5080,10988,-103,-6,48,9160,-9540,8692,-16,169,-138,-14768,4192,3164,-931,12,-71,-15100,-3092,5796,-477,155,-158,0
97.62084007263182,10140,5212,10948,-174,4,63,8956,-9784,9028,48,138,-132,-14616,4228,3284,-1013,52,-50,-15040,-3144,5592,-470,172,-153,0
97.65427494049072,10148,5196,10888,-166,-2,94,9152,-9812,9200,-38,136,-114,-14480,4160,3336,-1000,72,-65,-14852,-3168,5668,-504,149,-124,0
97.68760013580322,10156,5172,11108,-102,-45,105,9168,-9760,9040,-64,128,-119,-14600,4444,3508,-983,54,-22,-14800,-3184,5792,-538,77,-171,0
97.72107696533203,10012,5164,11076,-110,6,69,8996,-9872,8916,-38,127,-92,-14848,4432,3580,-1032,-5,-32,-14596,-3100,5812,-529,64,-153,0
97.7543520927429,10232,5124,10968,-67,31,98,8880,-9876,8880,-62,165,-67,-14668,4348,3408,-1020,19,247,-14732,-3228,5712,-536,47,-125,0
97.78812909126283,9836,5208,11080,-80,13,63,8752,-9772,8940,85,137,-44,-14696,4376,3488,-994,73,-4,-14664,-2992,5808,-511,80,-167,0
97.82154297828674,10028,4876,11116,-134,35,61,8732,-9892,8884,-58,88,-89,-14784,4444,3152,-1277,45,-253,-14684,-2964,5720,-764,76,-162,0
97.85486197471619,9960,5160,10788,-70,24,90,9032,-9844,8972,-49,93,-92,-14604,4368,3340,-1002,54,-55,-14704,-3128,5760,-527,102,-148,0
97.88837194442749,10040,5192,11112,-69,-251,95,8732,-9972,8848,-66,83,-154,-14680,4432,3244,-1012,88,-63,-14692,-3136,5804,-536,101,-135,0
97.92181015014648,10056,5084,10976,-98,-33,77,8960,-9756,9044,-68,146,-100,-14784,4328,3416,-995,96,-65,-14828,-3296,5692,-482,144,-100,0
97.95545697212219,9992,5200,10904,-80,-75,91,8880,-9848,8928,-242,112,-155,-14584,4316,3464,-995,88,-71,-14636,-2904,5748,-532,167,-175,0
97.98902201652527,9976,5204,11164,-75,-63,30,9064,-9776,8816,-10,111,-154,-14628,4108,3284,-1063,59,-72,-14736,-3164,5812,-533,165,-197,0
98.02268505096434,10000,5040,11244,-46,-60,59,9020,-9840,8936,-33,272,-182,-14604,4348,3580,-1078,13,-92,-14720,-3108,5736,-536,132,-192,0
98.05586695671083,10052,5256,11088,-94,-44,29,8948,-9856,8860,-44,168,-155,-14508,4400,3392,-1041,17,-97,-14968,-3264,6104,-521,142,-219,0
98.08943295478821,10024,5200,10992,-94,-15,23,9012,-9816,8868,-38,177,-179,-14580,4580,3580,-1011,43,-122,-14684,-3080,5824,-523,143,-142,0
98.12311792373659,10112,5292,11032,-84,-58,58,8956,-9916,8860,-37,121,-166,-14592,4312,3436,-985,72,-96,-14532,-3300,5756,-524,144,-111,0
98.1564450263977,10064,5208,10824,-121,-77,50,8772,-9892,8888,-49,158,-179,-14684,4288,3560,-985,94,-79,-14728,-3196,5792,-501,142,-106,0
98.18980813026428,9916,5244,11500,-83,-79,96,8976,-9844,8892,-51,145,-170,-14724,4388,3360,-968,96,-67,-14748,-3224,5808,-509,131,-110,0
98.22355508804323,9780,5132,11032,-152,-95,64,9032,-9896,8852,-57,103,-189,-14616,4500,3448,-1002,72,-76,-14760,-3312,5824,-535,152,-133,0
98.2569191455841,9932,5332,10980,-170,-88,100,8976,-9804,8848,18,114,-197,-14376,4452,3328,-1017,147,-140,-14556,-3108,5832,-491,137,-111,0
98.2938299179077,9728,5204,11128,-149,-83,114,8984,-9800,8808,-64,86,-171,-14636,4408,3364,-991,116,-105,-14692,-3260,6024,-541,182,-96,0
98.32954096794128,9784,5072,11156,-163,-153,109,9032,-9880,9176,-19,115,-198,-14480,4404,3364,-991,150,-105,-14688,-3148,5828,-500,163,-95,0
98.36435103416443,9968,5144,11016,-151,-121,85,9012,-9812,8872,-16,146,-168,-14396,4576,3420,-974,93,-91,-14832,-3104,5716,-500,181,-144,0
98.39969611167906,9944,5212,11208,-134,-104,114,9000,-9904,8748,5,153,-183,-14628,4452,3548,-1004,144,-97,-14736,-3276,5848,-478,146,-88,0
98.43457198143007,10060,5288,10936,-155,-62,81,8964,-9888,8884,-8,116,-166,-14744,4384,3448,-997,139,-93,-14708,-3108,5660,-478,130,-92,0
98.46989393234253,10028,5196,11232,-188,-119,92,9012,-10196,8536,-217,410,-45,-14408,4512,3284,-928,158,-102,-14672,-3100,5748,-504,163,-64,0
98.50493311882019,9936,5232,11252,-224,-157,122,9036,-9916,8896,-9,189,-177,-14488,4420,3312,-959,154,-119,-14640,-2828,5732,-473,191,-56,0
98.54068994522095,9976,5120,11188,-224,-190,124,8984,-9896,8960,-4,169,-202,-14396,4304,3088,-945,188,-153,-14644,-3036,5792,-491,0,2,0
98.57587099075319,10228,5312,11052,-221,-249,119,9092,-9932,8840,2,129,-241,-14688,4440,3300,-963,155,-173,-14668,-3032,5856,-471,511,-54,0
98.61139011383057,9988,5132,11136,-219,-198,143,9072,-9948,8872,18,140,-264,-14632,4380,3332,-954,153,-144,-14620,-3296,6124,-483,244,-55,0
98.64742612838745,9932,4896,11152,-218,-210,130,8904,-9920,8944,2,125,-249,-14532,4392,3448,-934,167,-153,-14652,-3068,5664,-497,229,-70,0
98.68236494064331,9768,5108,10996,-199,-219,133,8908,-9816,8824,-10,165,-259,-14624,4416,3436,-923,154,-134,-14712,-2828,5864,-483,5,-51,0
98.71750307083131,10016,5360,11040,-223,-249,134,9084,-9988,8872,21,149,-269,-14752,4352,3452,-950,177,-158,-14708,-3132,5728,-498,6,-64,0
98.75350213050842,10040,5068,11004,-230,-250,121,9096,-9792,8696,12,113,-265,-14532,4484,3344,-935,191,-193,-14724,-3048,5752,-486,237,-46,0
98.78838396072386,10112,5164,10800,-229,-259,170,9092,-9884,8872,30,184,-242,-14620,4408,3328,-933,199,-151,-14724,-3328,5792,-763,228,-72,0
98.82439303398132,10176,5056,11020,-244,-303,123,9048,-9900,9168,17,100,-7,-14724,4308,3156,-977,221,-220,-14748,-3136,5656,-766,263,-48,0
98.85994601249695,10076,5180,10912,-195,-340,163,8988,-9832,8924,21,90,-291,-14568,4504,3600,-972,178,-138,-14772,-2992,5860,-496,256,-37,0
98.89509892463683,10192,5072,10816,-202,-286,144,8996,-9768,8796,10,178,-247,-14612,4436,3388,-973,196,-131,-14696,-3104,5400,-502,188,-79,0
98.93144202232361,9996,5096,10992,-150,-211,104,8932,-9840,8872,13,107,-227,-14656,4400,3268,-980,128,-166,-14768,-3060,5676,-516,204,-89,0
98.96483898162843,10084,5064,10880,-115,-176,111,9044,-9784,8840,-32,109,-206,-14544,4316,3564,-1013,98,-98,-14752,-3128,5672,-540,139,-120,0
98.99841809272766,10160,5144,11004,-113,-64,104,9044,-9752,8864,-41,121,-180,-14776,4196,3072,-967,107,-89,-14780,-3068,5880,-517,116,-179,0
99.03195095062254,10116,4900,10892,-137,15,65,9108,-9680,8896,-19,123,-133,-14848,4300,3292,-1019,92,-45,-14696,-2960,5636,-487,108,-140,0
99.06550693511963,10096,4876,10760,-164,16,129,9008,-9816,8904,20,96,-137,-14412,4300,3148,-1049,135,-78,-14652,-3020,5732,-483,180,-94,0
99.09909105300903,9760,4884,11032,-139,-46,118,9084,-9828,9056,-20,107,-174,-14660,4408,3420,-1031,164,-70,-14752,-3064,5752,-497,172,-67,0
99.13268804550171,10216,4872,11260,-169,-67,137,9060,-9812,8928,-33,116,-185,-14728,4332,3412,-977,168,-83,-14816,-3128,5764,-497,140,-96,0
99.1660840511322,10020,5116,11108,-111,-89,86,8956,-9732,9076,-50,120,-159,-14600,4580,3460,-993,128,-71,-14752,-3088,5780,-521,155,-91,0
99.19954299926759,10144,5060,11048,-143,-128,106,9036,-9844,8916,-29,140,-182,-14480,4408,3372,-1001,106,-112,-14672,-3048,5832,-494,148,-100,0
99.2332351207733,10072,5028,11044,-149,-120,100,9060,-9788,8888,-60,162,-136,-14644,4328,3348,-936,139,-98,-14808,-3152,5804,-516,99,-105,0
99.26659798622131,10100,5032,11100,-102,-102,80,9020,-9860,8828,-63,141,-158,-14636,4184,3144,-975,81,-104,-14820,-2980,5572,-524,127,-133,0
99.2998421192169,10136,5040,11212,-130,-97,91,9048,-9840,8972,-13,171,-173,-14680,4252,3340,-996,80,-101,-14752,-3152,5804,-511,157,-99,0
99.33345508575438,10144,5180,10896,-96,-58,106,9084,-9824,8840,-69,153,-167,-14384,4516,3160,-970,135,-89,-14672,-2924,5704,-544,184,-116,0
99.36701297760011,10140,5088,11148,-133,-135,99,8980,-9540,8936,-19,123,-202,-14516,4444,3556,-1024,103,-110,-14640,-3028,5668,-498,227,-101,0
99.40062093734743,10100,5104,10824,-121,-83,109,9016,-9960,8828,-248,113,-172,-14636,4428,3412,-1036,95,-98,-14708,-3032,5704,-471,183,-113,0
99.43394804000854,10116,5324,11008,-151,-76,92,9028,-9944,8624,-2,145,-149,-14676,4108,3408,-973,85,-106,-14608,-3056,5784,-477,128,-157,0
99.46767592430115,10220,5108,11096,-157,-78,16,9096,-9924,8900,-49,192,-152,-14760,4296,3536,-982,12,-100,-14696,-3040,5672,-503,93,-164,0
99.50112605094911,10064,5136,11136,-156,-69,49,9156,-9784,9080,-6,235,-121,-14716,4320,3356,-962,-5,-78,-14588,-3068,5748,-496,160,-137,0
99.53476309776306,10104,5368,11088,-177,-69,78,9164,-9828,9120,8,168,-163,-14672,4332,3204,-1004,111,-69,-14592,-2952,5824,-766,184,-119,0
99.56811904907227,9944,5100,11056,-140,-117,114,8892,-9776,8772,-44,76,-190,-14480,4560,3460,-980,158,-87,-14584,-3052,5824,-513,207,-80,0
99.6018121242523,10028,5164,10888,-115,-133,120,8868,-9764,8800,-60,105,-183,-14800,4432,3576,-963,165,-90,-14776,-3016,5792,-494,169,-64,0
99.63563203811647,10000,4908,10800,-153,-109,100,9172,-9872,8832,-1,123,-217,-14692,4340,3388,-992,141,-135,-14748,-3156,5712,-523,192,-108,0
99.66892004013063,10164,5072,11032,-140,-120,113,9060,-9812,8844,-44,142,-182,-14828,4108,3500,-987,125,-126,-14644,-3096,5728,-515,176,-72,0
99.7023410797119,9988,5172,11120,-163,-100,106,9100,-9880,8944,-42,64,-184,-14560,4240,3220,-990,135,-98,-14756,-2932,5812,-523,154,-120,0
99.73556995391847,10140,4916,11008,-117,-106,112,9100,-9824,8952,-78,124,-176,-14664,4304,3404,-959,105,-84,-14740,-3316,5704,-526,144,-124,0
99.76907300949097,10208,5124,11148,-148,-76,86,9012,-9732,8840,-33,154,-169,-14716,4244,3248,-986,94,-60,-14772,-2876,5728,-260,154,-141,0
99.80273604393007,10084,5072,10804,-132,-80,88,9008,-9800,8832,-18,154,-160,-14764,4248,3452,-963,108,-68,-14676,-3080,5824,-503,151,-117,0
99.8364360332489,10112,5100,10840,-153,-98,78,9128,-9796,8868,5,130,-175,-14588,4484,3268,-1004,82,-98,-14776,-3048,5656,-476,184,-109,0
99.86999297142029,10072,5348,11240,-135,-120,75,9208,-9848,8856,-32,118,-183,-14356,4456,3360,-985,137,-76,-14796,-3100,5712,-499,177,-112,0
99.90368294715883,10008,5352,11184,-149,-121,107,9056,-9788,8788,-27,104,-183,-14728,4316,3304,-770,131,-124,-14672,-3124,5800,-491,177,-128,0
99.93737912178038,10188,5176,10760,-150,-106,78,9196,-9844,8856,2,145,-193,-14744,4432,3336,-1003,101,-108,-14748,-3052,5876,-516,128,-101,0
99.97431993484497,10068,5232,11052,-116,-99,93,8752,-9816,8720,-81,151,-166,-14612,4360,3408,-974,103,-46,-14732,-3072,5772,-537,103,-109,0
100.00970602035522,10144,5188,10936,-157,-85,111,8988,-9948,8884,-34,116,-160,-14640,4340,3384,-1054,81,-109,-14708,-3076,5780,-489,148,-126,0
100.04518413543701,10040,5196,11144,-135,-104,106,9012,-9852,8712,-60,141,-175,-14460,4484,3320,-984,122,-127,-14636,-3288,5780,-535,142,-133,0
100.08101797103883,10036,5168,11008,-117,-97,72,9004,-9532,8836,-48,136,-165,-14552,4572,3136,-987,100,-123,-14720,-3160,5708,-520,151,-157,0
100.11616897583006,10064,5060,10988,-133,-63,59,9316,-9808,8892,-77,212,-220,-14532,4364,3488,-1076,82,-113,-14648,-2876,5832,-501,190,-125,0
100.15192294120789,10040,5196,10972,-93,-75,91,8996,-9868,9000,-255,118,-169,-14520,4412,3288,-1048,118,-121,-14684,-2996,5708,-471,149,-122,0
100.18812012672424,10092,4884,10800,-149,-64,80,9084,-9752,8968,-30,172,-161,-14688,4372,3164,-968,97,-65,-14760,-3088,5764,-501,85,-137,0
100.22396993637085,10092,5320,11036,-137,-67,87,9076,-9896,8756,-61,183,-129,-14812,4596,3332,-966,83,-57,-14764,-3044,5800,-492,145,-110,0
100.25992894172668,10016,5212,11100,-159,-87,121,8972,-9864,8948,-48,108,-150,-14620,4436,3208,-999,106,-111,-14680,-3108,5860,-493,152,-107,0
100.2950370311737,10072,5364,11068,-150,-76,122,9044,-9776,8892,-23,113,-150,-14564,4588,3412,-1008,113,-53,-14648,-3048,5796,-530,167,-118,0
100.33526802062988,9824,5188,11216,-129,-97,103,9052,-9840,8880,-24,89,-154,-14628,4444,3484,-1032,133,-119,-14676,-2996,5868,-473,200,-102,0
100.37131595611572,10120,5124,11144,-186,-138,101,8948,-9836,8936,-28,103,-197,-14728,4356,3332,-1013,147,-107,-14632,-3068,5728,-476,180,-108,0
100.40756201744078,9780,5344,11096,-126,-122,87,9144,-9760,8792,-4,153,-213,-14584,4464,3364,-978,146,-100,-14708,-3000,6044,-470,206,-117,0
100.44316005706787,10068,5188,10792,-149,-123,114,9056,-9892,8752,-10,160,-182,-14576,4556,3284,-939,89,-100,-14576,-3164,5800,-499,188,-115,0
100.47866106033327,10100,5124,11048,-159,-154,96,9084,-9848,8860,-28,173,-179,-14764,4360,3456,-974,54,-104,-14692,-3080,5764,-491,161,-117,0
100.51432299613953,10044,4864,10888,-180,-132,67,8980,-9736,8804,-31,145,-193,-14704,4288,3208,-967,60,-59,-14844,-3048,5764,-258,172,-123,0
100.55024313926697,9952,5004,11068,-132,-93,82,8988,-9880,8880,-5,151,-193,-14624,4368,3340,-980,69,-149,-14784,-2828,5684,-489,180,-152,0
100.58536005020143,10048,5056,11012,-144,-109,95,8768,-9904,8916,-16,128,-188,-14540,4168,3204,-1003,95,-114,-14820,-3136,5852,-497,152,-109,0
100.62161612510681,10072,5164,11204,-141,-113,100,9060,-9788,9084,-34,118,-201,-14376,4352,3328,-981,106,-145,-14680,-3052,5840,-503,163,-121,0
100.65500998497009,10028,5120,11084,-145,-142,90,9076,-9792,9052,6,173,-180,-14604,4320,3072,-1007,103,-109,-14708,-3192,5636,-523,169,-118,0
100.68840408325195,10092,5200,10944,-145,-133,94,9028,-9740,8948,-255,138,-175,-14620,4392,3332,-1022,99,-123,-14544,-3080,5696,-488,168,-133,0
100.72188115119934,9944,5180,10952,-169,-108,102,9196,-9972,8724,-29,155,-184,-14584,4368,3340,-977,124,-93,-14672,-3152,5760,-489,147,-96,0
100.7556459903717,10136,5232,11072,-128,-104,89,9124,-9828,8856,-58,153,-187,-14820,4416,3228,-961,98,-92,-14620,-3036,5812,-525,115,-147,0
100.78882312774658,10144,5060,11072,-158,-117,82,9100,-9764,8808,-25,128,-159,-14560,4412,3376,-981,68,-82,-14784,-3244,5668,-507,118,-146,0
100.8223180770874,10044,5184,10780,-99,-41,85,9040,-9788,8972,-68,145,-126,-14468,4468,3424,-771,52,-69,-14676,-2956,5436,-485,76,-140,0
100.85579895973207,10076,5164,11228,-102,-7,58,9056,-9700,8904,-61,128,-111,-14572,4328,3408,-695,-63,-40,-14848,-3160,5752,-489,136,-198,0
100.88941311836243,10228,5164,11204,-111,40,51,8920,-9844,9132,123,82,-97,-14544,4336,3240,-1062,56,-27,-14396,-2960,5852,-475,137,-134,0
100.9229040145874,9968,5152,10960,-98,22,81,8920,-9844,8820,-17,126,-104,-14728,4508,3408,-1041,10,-8,-14760,-2992,5872,-507,113,-139,0
100.95643591880798,10064,5168,11000,-93,34,77,9004,-9816,8900,-79,50,-138,-14812,4300,3288,-1005,30,-18,-14684,-3288,5824,-497,70,-169,0
100.98970007896423,10024,5296,11140,-133,33,77,8916,-9864,8820,-18,180,-112,-14484,4420,3220,-1003,57,-68,-14656,-3124,5944,-516,115,-140,0
101.02319312095642,9760,5232,11088,-92,-18,65,9052,-9840,8868,-49,167,-120,-14512,4416,3424,-1280,24,-18,-14344,-3148,5792,-535,142,-163,0
101.05678200721741,9952,5080,11020,-112,-52,77,9148,-10104,8912,-35,183,-130,-14660,4344,3428,-1279,66,-62,-14804,-2864,5836,-552,126,-165,0
101.09029197692871,9892,5228,11132,-98,-17,70,9060,-9880,8836,-50,89,-158,-14608,4452,3416,-1021,106,-74,-14584,-2980,6036,-500,169,-140,0
101.12387704849243,9948,5168,11148,-98,-59,69,9016,-9844,8784,-47,115,-140,-14664,4356,3408,-985,91,-96,-14776,-3156,5676,-519,138,-153,0
101.1574010848999,10172,5212,11064,-97,-59,73,9104,-9944,8872,-23,114,-170,-14512,4420,3332,-996,132,-103,-14768,-2996,5828,-488,195,-122,0
101.19073295593263,10184,5200,11144,-143,-75,85,8928,-9864,8912,-9,438,-252,-14532,4532,3436,-1078,126,-125,-14704,-3108,5648,-499,178,-101,0
101.22442197799683,10164,5132,10960,-183,-97,85,8724,-9788,8820,-77,110,-181,-14564,4548,3384,-972,130,-175,-14628,-2820,5764,-506,188,-96,0
101.25814008712769,10080,5368,11068,-152,-109,108,9008,-9840,8900,-27,129,-200,-14820,4408,3496,-946,128,-131,-14796,-3076,5640,-261,190,-110,0
101.29169106483458,9940,5156,11248,-196,-106,110,8972,-9828,8820,-35,175,-192,-14644,4472,3376,-935,125,-98,-14700,-2996,5736,-480,178,-83,0
101.32520914077759,10056,5188,11244,-204,-149,106,9072,-9784,8824,-5,154,-189,-14484,4400,3420,-968,114,-79,-14628,-3216,5716,-499,211,-72,0
101.35878109931947,10212,4884,11168,-209,-192,137,9172,-9892,9132,2,125,-209,-14652,4124,3408,-771,187,-122,-14756,-3140,5668,-481,192,-91,0
101.39219307899475,9980,5212,11164,-186,-217,125,9076,-9924,8948,-8,181,-209,-14616,4384,3496,-952,139,-158,-14688,-3032,5656,-473,211,-60,0
101.42540001869203,10080,5192,11140,-207,-240,112,9028,-9920,8916,9,164,-228,-14676,4396,3396,-941,142,-171,-14648,-3120,5820,-484,208,-60,0
101.45902204513551,9980,5144,11140,-165,-235,126,9204,-9912,8768,2,143,-243,-14084,4548,3336,-935,185,-169,-14696,-3148,5696,-509,195,-55,0
101.49271202087402,10052,5092,11168,-205,-233,131,8924,-9860,8840,254,156,-248,-14604,4456,3576,-925,146,-161,-15028,-3008,5636,-482,217,-56,0
101.52621102333069,10060,5184,11104,-208,-238,146,9072,-9948,8900,-8,153,-216,-14632,4384,3480,-963,149,-129,-14600,-2956,5760,-506,229,-58,0
101.55963110923767,10160,5356,11236,-261,-213,137,9008,-9856,8860,28,162,-239,-14812,4584,3300,-965,154,-152,-14756,-3316,5864,-496,301,-98,0
101.59335803985594,9936,5164,11228,-187,-267,140,8968,-9800,8764,49,137,-245,-14672,4392,3364,-964,175,-175,-14700,-3120,5928,-501,266,-41,0
101.62943792343138,10048,5144,11016,-217,-283,131,9024,-9876,8820,34,152,-252,-14588,4364,3208,-948,156,-179,-14752,-2984,5808,-498,286,-42,0
101.66505408287048,10076,5040,11108,-239,-288,154,8960,-9784,8912,50,136,-247,-14620,4456,3548,-956,144,-156,-14692,-3032,5688,-500,2,-70,0
101.70074415206909,10156,5112,10776,-215,-221,147,9040,-9760,8820,40,130,-244,-14588,4344,3308,-971,111,-134,-14800,-3152,5792,-500,209,-34,0
101.73553895950319,10136,5360,10992,-235,-505,169,9008,-9776,8868,43,158,-219,-14892,4268,3408,-946,162,-113,-14620,-2988,5796,-504,186,-31,0
101.77172493934631,10140,5068,11032,-226,-276,178,9128,-9828,8996,34,126,-226,-14468,4388,3352,-924,183,-213,-14800,-3020,5812,-496,253,-45,0
101.80766010284422,10128,5012,11124,-144,-289,135,9040,-9832,8948,3,121,-258,-14500,4344,3564,-967,141,-199,-14588,-3076,5740,-529,258,-69,0
101.84274101257324,10188,4992,10936,-114,-247,167,9000,-9720,8704,-8,81,-249,-14600,4196,3344,-973,177,-172,-14728,-3116,5760,-760,225,-99,0
101.87771201133728,10096,5064,10832,-154,-186,120,9036,-9740,8792,248,104,-235,-14476,4300,3348,-981,151,-111,-14848,-2860,5400,-469,227,-115,0
101.913339138031,10124,4972,10776,-181,-91,83,9152,-9760,8996,7,128,-195,-14544,4580,3184,-1023,106,-81,-14856,-2968,5916,-508,147,-168,0
101.94877815246582,10276,4996,10924,-133,-21,69,9152,-9740,8876,6,160,-168,-14620,4204,3276,-995,64,-80,-14820,-3048,5724,-768,124,-141,0
101.98436999320982,10148,5324,10948,-182,46,81,9144,-9876,8820,-5,172,-120,-14620,4368,3484,-1009,96,-63,-14696,-3144,5704,-490,146,-130,0
102.02031397819519,10100,5204,11064,-162,-55,117,8708,-9804,8968,-8,98,-150,-14724,4236,3240,-1024,150,-74,-14788,-3072,5804,-500,148,-59,0
102.05557298660278,10176,5340,11168,-150,-113,119,9108,-9872,8880,-104,119,-166,-14716,4448,3356,-971,108,-80,-14652,-2896,5752,-549,133,-127,0
102.09131503105162,10100,4992,11104,-119,-102,131,9044,-9828,8988,-22,161,-127,-14512,4136,3560,-978,55,-41,-14620,-3096,5672,-514,138,-142,0
102.12619709968567,10008,5084,10968,-85,-34,84,9204,-9744,8848,-60,159,-130,-14636,4392,3072,-988,76,-100,-14460,-3032,5760,-512,116,-126,0
102.16231393814087,10104,5032,11264,-148,-68,69,9020,-9868,8816,4,151,-177,-14420,4472,3352,-963,92,-96,-14680,-3076,5852,-486,154,-155,0
102.19819712638855,10116,5136,11176,-164,-110,109,9040,-9836,8960,-25,183,-172,-14836,4448,3284,-937,142,-67,-14724,-2936,5720,-480,152,-89,0
102.23326802253723,10152,5356,11244,-170,-82,174,9100,-9760,9004,-4,116,-157,-14712,4512,3292,-985,171,-86,-14616,-3068,5612,-761,170,-89,0
102.26931095123291,10000,5092,10916,-147,-111,135,9052,-9740,8912,-46,125,-184,-14480,4452,3408,-994,114,-129,-14716,-3136,5672,-510,155,-122,0
102.30486297607423,10220,4940,11016,-137,-156,75,9008,-9816,8792,-28,170,-181,-14700,4308,3532,-1002,53,-115,-14836,-3156,5680,-522,151,-154,0
102.33812308311462,10160,4872,10784,-104,-70,35,9072,-9940,9148,-36,193,-159,-14844,4144,3232,-980,16,-59,-14752,-3152,5804,-526,131,-180,0
102.37190914154053,10048,5056,10924,-144,-48,48,9184,-9796,9140,-28,239,-178,-14564,4304,3384,-952,50,-66,-14724,-3012,5744,-465,120,-165,0
102.40549397468567,10036,5008,11024,-198,-65,61,9012,-9824,8964,-53,151,-181,-14624,4420,3156,-991,124,-74,-14676,-3076,5784,-267,178,-127,0
102.43889093399046,10156,5040,11116,-151,-124,92,9076,-9900,8856,-38,142,-172,-14848,4440,3452,-1010,134,-111,-14780,-2872,5732,-572,136,-109,0
102.47240710258482,10088,5156,11168,-130,-118,108,9012,-9844,8856,-44,116,-170,-14700,4596,3312,-1015,112,-86,-14664,-3024,5736,-554,126,-72,0
102.50579595565794,10180,5028,10800,-104,-86,120,8920,-9748,8880,-34,128,-136,-14704,4316,3428,-994,109,-116,-14724,-3224,5752,-538,143,-120,0
102.53969097137451,10136,5364,10976,-124,-89,110,9040,-9956,8892,-13,152,-128,-14848,4100,3408,-995,88,-59,-14724,-2960,5832,-534,105,-113,0
102.57317304611206,10176,5068,10996,-117,-69,96,9032,-9856,8692,-33,152,-143,-14744,4300,3212,-1010,72,-48,-14884,-3084,5760,-535,109,-126,0
102.60682296752931,10108,5088,11192,-100,-52,101,8988,-9776,9064,-15,161,-123,-14624,4292,3548,-769,89,-34,-14752,-2988,5900,-525,106,-145,0
102.64025092124939,10140,5152,11156,-138,-73,88,9164,-9984,8748,-42,160,-147,-14728,4412,3364,-993,87,-61,-14872,-3080,5844,-525,145,-127,0
102.67370104789735,10136,4900,11144,-140,-64,88,8984,-9836,8928,-29,160,-171,-14532,4380,3540,-988,112,-126,-14744,-3052,5804,-527,164,-109,0
102.70742607116699,10040,4904,11112,-105,-104,113,8952,-9672,8872,-55,97,-159,-14532,4324,3572,-1011,149,-92,-14696,-3080,5824,-537,161,-114,0
102.74097609519958,10104,4956,11020,-89,-96,112,8964,-9892,8940,-28,135,-158,-14684,4364,3452,-999,122,-120,-14724,-3004,5744,-532,141,-116,0
102.77470993995667,10068,5068,10896,-121,-38,118,9028,-9808,9024,-23,161,-130,-14772,4420,3428,-997,83,-85,-14680,-3280,5760,-766,146,-122,0
102.8081419467926,10180,4872,10800,-146,-62,102,9032,-9836,8868,-30,162,-133,-14644,4456,3380,-1029,78,-63,-14796,-3048,5672,-528,145,-132,0
102.84151101112367,10084,5136,10980,-147,-106,121,9040,-9904,8884,-36,167,-166,-14652,4500,3408,-975,49,-47,-14844,-3048,5776,-520,145,-112,0
102.87511610984802,10168,5088,11148,-107,-69,75,9068,-9772,8840,-4,163,-154,-14580,4496,3524,-984,103,-79,-14764,-3036,5792,-536,115,-127,0
102.90872311592102,10028,5084,11224,-135,-88,103,8940,-9792,9020,21,142,-181,-14760,4424,3332,-1018,99,-84,-14620,-3056,5764,-530,161,-124,0
102.94192409515381,10116,5128,10864,-151,-118,93,9080,-9760,8944,-31,109,-139,-14596,4420,3188,-1105,143,-87,-14760,-3132,5784,-540,95,-144,0
102.97570204734802,10120,5064,11044,-81,-92,68,8972,-9904,8820,-46,166,-134,-14640,4380,3484,-978,86,-57,-14624,-2976,5748,-536,117,-149,0
103.00913310050964,10072,5100,11096,-109,-42,84,9004,-9804,8848,-8,126,-112,-14372,4372,3136,-1050,33,-63,-14736,-3040,5900,-554,96,-151,0
103.0426890850067,10124,4916,10964,-73,-34,103,8984,-9828,8964,-41,155,-118,-14988,4160,3364,-1278,56,-58,-14648,-3128,5804,-535,66,-161,0
103.07573199272154,10172,5368,11032,-130,-38,41,9104,-9780,8832,-24,176,-158,-14556,4372,3092,-976,82,-97,-14712,-3312,5676,-515,143,-161,0
103.10931897163391,9960,5084,10996,-135,254,43,8756,-9752,8984,12,136,-146,-14672,4316,3208,-1071,53,-118,-14352,-3000,5840,-516,167,-146,0
103.1427869796753,10040,5116,10988,-92,-64,72,8708,-9784,8984,-32,173,-144,-14496,4360,3492,-1019,46,-89,-14636,-3092,5856,-511,128,-176,0
103.17594599723814,10032,5368,11036,-150,-45,41,8988,-9840,8844,-25,228,-175,-14772,4368,3380,-934,79,-51,-14800,-3184,6056,-485,84,-173,0
103.20946311950682,10032,5120,11144,-152,-56,-252,9176,-9872,8956,-59,214,-159,-14732,4488,3360,-924,23,-58,-14668,-3020,5788,-510,139,-161,0
103.24307608604431,10068,5136,11232,-124,-71,45,9156,-9940,8928,-37,220,-140,-14628,4492,3428,-997,52,-99,-14724,-2956,5924,-535,143,-132,0
103.27646303176878,10004,5064,10860,-104,-60,77,8924,-9904,8884,-21,179,-158,-14560,4424,3204,-962,82,-95,-14348,-3132,5824,-526,117,-147,0
103.31226110458374,9912,4892,11048,-138,-87,96,8840,-9804,8896,-39,137,-164,-14540,4440,3520,-994,62,-57,-14728,-3028,5864,-488,138,-123,0
103.34815812110901,10032,5212,11148,-158,-51,39,8704,-9880,9184,-49,179,-175,-14728,4572,3392,-994,39,-68,-14580,-3152,5816,-479,111,-171,0
103.38332915306091,9988,5176,11136,-118,-55,30,8924,-9876,8976,-13,203,-158,-14536,4448,3408,-972,64,-77,-14844,-3284,5832,-455,147,-128,0
103.41938710212706,10068,5104,11024,-155,-82,23,9212,-9972,8828,-37,185,-184,-14660,4404,3360,-977,89,-111,-14592,-3116,5800,-448,176,-114,0
103.45419001579285,10092,4876,11036,-164,-126,52,8888,-9836,8896,-46,142,-187,-14488,4436,3428,-942,101,-144,-14800,-3248,5896,-474,166,-137,0
103.49069404602051,10116,5200,11204,-154,-110,55,8724,-9824,8708,-53,168,-179,-14604,4432,3480,-921,81,-49,-14700,-3192,5764,-499,129,-159,0
103.52547192573547,10152,5160,11036,-130,-93,53,8736,-9828,8928,-47,139,-166,-14644,4424,3256,-979,83,-93,-14656,-2872,5900,-262,139,-136,0
103.56128597259523,10068,4924,11172,-131,-89,84,9000,-9792,8856,-20,147,-155,-14396,4500,3420,-970,74,-57,-14864,-3248,5824,-258,125,-120,0
103.59765791893007,10128,5348,11516,-156,-34,61,8900,-9916,9044,-11,159,-142,-14520,4512,3372,-980,71,-53,-14696,-3204,6040,-504,98,-127,0
103.63306808471678,9928,5072,11140,-129,-65,74,9004,-9904,8928,-36,184,-134,-14620,4368,3584,-982,22,-60,-14624,-3208,5908,-519,80,-186,0
103.66913294792175,10068,4872,11188,-129,-48,82,8872,-9784,9148,-35,217,-117,-14776,4384,3384,-912,23,-52,-14660,-3244,5848,-527,62,-167,0
103.70414400100708,10168,5148,11132,-130,-65,25,8940,-9912,8988,-46,253,-115,-14780,4408,3352,-952,-6,-37,-14660,-3072,5888,-550,90,-194,0
103.74000096321107,9796,4924,11088,-167,-54,42,8736,-9808,8992,-39,220,-106,-14464,4456,3588,-997,-17,-101,-14684,-3128,5896,-546,83,-170,0
103.77510714530945,10100,5188,11076,-121,-29,17,9020,-9864,8964,-51,231,-140,-14660,4324,3144,-978,-3,-98,-14632,-3188,5876,-492,138,-190,0
103.81074094772339,9952,5044,11184,-171,-109,255,8824,-9912,9184,63,203,-215,-14656,4292,3400,-1035,53,-192,-14516,-3080,5836,-768,264,-128,0
103.84540796279907,9948,5156,11240,-175,-220,77,8812,-9896,8860,9,197,-258,-14368,4396,3420,-972,123,-171,-14568,-3076,5648,-477,312,-49,0
103.88114809989929,9884,5200,10900,-180,-336,151,9164,-9964,8964,-34,129,-307,-14564,4488,3388,-935,235,-206,-14776,-3076,5984,-764,272,-33,0
103.91622900962831,10120,5108,11148,-172,-354,156,8852,-9908,8948,-38,41,-295,-14380,4508,3408,-954,225,-223,-14740,-3232,5804,-550,273,-55,0
103.95236110687254,10028,5356,11160,-142,-304,144,9204,-9872,8936,-38,152,-13,-14400,4356,3460,-918,178,-172,-14604,-3176,5860,-504,262,-69,0
103.98791193962097,9788,5324,10776,-184,-271,113,9000,-9716,8780,-67,100,-266,-14700,4448,3800,-968,210,-176,-14364,-3292,5728,-469,324,-50,0
104.02160906791687,9952,4876,11100,-168,-318,102,8952,-9676,8876,20,54,-302,-14540,4248,3416,-1001,197,-210,-14648,-3148,5700,-450,356,-45,0
104.05511999130249,9780,5132,11192,-188,-367,129,8792,-9820,8968,44,8,-388,-14492,4524,3496,-991,275,-297,-14656,-3080,5780,-258,466,-29,0
104.08870291709898,10112,5036,11220,-139,-439,159,8928,-9924,8896,44,39,-352,-14556,4452,3104,-1012,317,-294,-14764,-3180,5740,-502,419,-15,0
104.1222081184387,10116,5356,10952,-157,-329,179,9000,-9820,8828,19,86,-306,-14640,4456,3544,-989,199,-194,-14760,-3140,5856,-490,233,-89,0
104.15566110610963,10160,5336,11060,-157,-136,129,9140,-10116,8984,-8,146,-206,-14704,4404,3328,-978,86,-169,-14732,-3052,5680,-572,166,-168,0
104.18894791603088,10000,5076,10932,-58,-103,103,8984,-9800,8832,249,148,-151,-14588,4432,3332,-1040,38,-128,-14688,-3048,5632,-603,122,-186,0
104.22240900993347,10140,5200,10924,-75,-2,85,9040,-9648,8844,-18,150,-121,-14544,4140,3320,-998,37,-47,-15072,-2996,5604,-504,95,-178,0
104.25582313537599,10284,5176,10952,-217,64,92,9180,-9608,8992,-11,158,-120,-14684,4196,3136,-973,120,-32,-14732,-3088,5480,-264,132,-82,0
104.28943800926208,10116,5160,11116,-199,-96,169,9172,-9692,9016,-42,39,-220,-14604,4128,3348,-1067,243,-149,-14608,-3064,5460,-460,332,-24,0
104.32307004928589,10028,4868,11056,-167,-230,171,9056,-9680,9084,7,19,-270,-14696,4308,3484,-1061,0,-227,-14696,-3180,5684,-476,354,-77,0
104.35619592666626,9752,5212,10888,-151,-257,156,8848,-9664,8996,7,89,-283,-14496,4348,3528,-1007,209,-165,-14652,-3232,5844,-500,263,-77,0
104.39002203941347,10216,5180,11040,-117,-218,130,8884,-9732,8808,15,146,-217,-14476,4372,3464,-1001,148,-111,-14676,-3160,5656,-450,176,-69,0
104.42347693443298,10112,5136,11060,-188,-115,104,8920,-9752,9092,-61,57,-192,-14624,4468,3384,-981,203,-54,-14636,-3108,5820,-434,86,-31,0
104.45707392692567,10156,5364,11064,-166,-81,140,9044,-9832,8896,-104,60,-136,-14496,4480,3540,-952,217,-27,-14644,-3048,5868,-500,42,-49,0
104.49080204963683,10428,4968,11132,-149,-47,139,9156,-10224,8952,-46,106,-120,-14684,4420,3304,-976,175,-15,-14920,-2960,5832,-540,119,-91,0
104.52436804771423,10076,4972,10784,-160,-53,152,9212,-9908,8908,8,48,-134,-14588,4492,3276,-771,180,-82,-14824,-3024,5852,-530,179,-44,0
104.55769109725951,10104,5108,11052,-151,-102,160,8920,-9832,8864,-62,29,-190,-14500,4100,3244,-1008,201,-101,-14708,-3120,5752,-489,210,-64,0
104.59146213531494,10032,5096,10752,-211,-163,176,9044,-9952,8856,-55,30,-239,-14600,4304,3404,-981,204,-152,-14708,-3108,5780,-477,235,-119,0
104.62495803833006,10140,4976,10896,-167,-191,96,9136,-9772,8740,-8,110,-267,-14716,4276,3412,-949,119,-170,-14660,-3176,5560,-481,9,-141,0
104.65826201438902,10136,5156,10912,-165,-151,41,9168,-9788,8944,33,154,-236,-14676,4296,3192,-984,74,-179,-14784,-3024,5544,-475,285,-172,0
104.69182300567627,10248,5204,10876,-140,-154,32,9020,-9664,8968,-21,145,-245,-14656,4228,3140,-1011,71,-127,-14724,-3156,5736,-487,195,-162,0
104.72544407844542,10212,5140,11024,-131,-110,24,9096,-9660,8816,-34,116,-192,-14892,4272,3316,-967,88,-105,-14872,-3112,5664,-494,129,-135,0
104.75872993469238,10176,5140,10924,-175,-90,60,8972,-9776,8916,-36,117,-174,-14424,4432,3324,-977,135,-98,-14652,-3044,5768,-484,119,-95,0
104.79232096672058,10140,5044,10776,-176,-41,107,8924,-9804,9004,-26,76,-176,-14460,4432,3332,-1010,150,-45,-14548,-2936,5724,-480,128,-85,0
104.82577800750732,10076,5020,10784,-166,-62,142,9040,-9744,8936,-43,68,-152,-14628,4400,3388,-1041,137,-56,-14680,-3116,5824,-501,196,-61,0
104.8593280315399,10008,5064,10992,-160,-87,134,9100,-9780,8936,-14,74,-181,-14788,4444,3472,-1048,181,-61,-14784,-3212,5724,-504,140,-60,0
104.89266300201415,10004,5056,11084,-158,-93,145,8948,-9816,8948,-44,71,-171,-14528,4332,3424,-981,174,-83,-14700,-3116,5776,-495,173,-51,0
104.92602300643921,10044,5024,11060,-157,-77,133,9076,-9744,8860,-45,74,-173,-14732,4404,3200,-981,151,-125,-14780,-3028,5756,-521,131,-80,0
104.95949196815491,10092,5028,11036,-161,-81,114,9108,-9812,8912,-17,38,-224,-14608,4404,3256,-1270,115,-83,-14724,-3136,5780,-496,152,-110,0
104.99550700187683,10120,5152,10988,-142,-96,112,9088,-9760,8892,-32,136,-186,-14560,4500,3288,-975,150,-94,-14776,-3040,5680,-474,172,-105,0
105.03106999397279,10220,5168,11000,-165,-110,93,9180,-9744,9064,-55,85,-197,-14504,4416,3432,-969,151,-101,-14736,-3180,5656,-494,177,-56,0
105.06722211837769,10180,5028,10944,-124,-141,82,9140,-9536,8920,-88,141,-189,-14692,4364,3220,-948,71,-79,-14856,-2984,5720,-506,144,-107,0
105.10236001014711,10136,4904,11108,-199,-70,101,9072,-9736,8772,-9,157,-153,-14700,4364,3556,-989,68,-130,-14708,-3104,5744,-768,170,-112,0
105.13743114471434,10196,5324,11020,-95,-110,93,9084,-9700,8876,-39,112,-155,-14584,4412,3076,-1046,74,-52,-14916,-3096,5744,-533,155,-120,0
105.17338013648987,10272,5096,10984,-130,-68,50,8900,-9728,8636,-27,153,-158,-14820,4460,3332,-1003,36,-76,-14816,-3040,5800,-506,174,-158,0
105.20817995071411,10268,5088,10812,-147,-40,53,9020,-9828,8948,-51,177,-156,-14524,4140,3192,-1020,65,-78,-14576,-3084,5848,-515,178,-154,0
105.24428796768188,10200,5100,10888,-117,-75,95,9044,-9780,8748,-88,498,-94,-14496,4380,3316,-965,111,-105,-14644,-3208,5692,-486,187,-83,0
105.28066897392273,9764,5132,11008,-165,-125,78,9056,-9820,8908,-57,82,-231,-14532,4372,3396,-954,154,-119,-14748,-3168,5760,-490,168,-119,0
105.31636714935303,10076,5104,11212,-161,-139,77,8744,-9780,8712,-109,153,-170,-14428,4504,3344,-965,90,-108,-14708,-2940,5760,-518,176,-124,0
105.35480213165283,10124,5040,10992,-147,-94,82,9016,-9772,8808,9,154,-208,-14436,4160,3112,-990,99,-108,-14648,-3048,5788,-509,166,-138,0
105.39036107063295,10064,5044,10960,-120,-57,77,8972,-9824,8864,-78,155,-209,-14564,4412,3356,-1000,101,-99,-14612,-3048,5652,-499,184,-123,0
105.42543005943298,10108,5040,11016,-136,-105,70,9008,-9788,8908,-27,106,-156,-14448,4392,3320,-993,107,-56,-14656,-3004,5844,-520,131,-108,0
105.46076703071594,10088,5144,11116,-174,1,96,8980,-9796,8836,255,113,-138,-14520,4400,3456,-975,103,-66,-14652,-3088,5844,-531,154,-82,0
105.49617195129395,10052,5128,11080,-157,-82,132,9020,-9812,8848,-25,112,-175,-14616,4368,3772,-771,151,-138,-14664,-3324,5772,-486,215,-70,0
105.53181195259094,10192,5108,10976,-131,-140,148,9112,-9720,8884,-81,132,-210,-14648,4376,3324,-913,200,-86,-14724,-2880,5460,-513,185,-36,0
105.56763410568239,10064,5028,11048,-148,-142,147,9080,-9920,8880,-74,185,-215,-14400,4544,3528,-885,151,-141,-14636,-3060,5664,-508,211,-88,0
105.60306000709535,10048,5032,10968,-142,-153,81,9052,-9796,8848,-38,101,-217,-14372,4432,3260,-985,89,-100,-14748,-3108,5720,-472,188,-138,0
105.64029598236083,10096,5068,11036,-133,-109,76,9124,-9808,8776,-16,173,-194,-14864,4440,3292,-995,72,-71,-14772,-3172,5756,-470,176,-131,0
105.67352795600891,10104,4928,10752,-127,-70,36,9012,-9788,9128,-23,118,-170,-14508,4448,3308,-973,110,-107,-14692,-3284,5804,-509,183,-116,0
105.70733714103699,10184,4868,11148,-138,-94,74,9044,-9908,8916,-20,114,-213,-14652,4428,3080,-994,135,-120,-14660,-2996,5804,-501,193,-79,0
105.74088692665099,10028,5024,10808,-170,-132,111,9064,-9848,8848,-55,101,-182,-14744,4288,3212,-985,142,-98,-14728,-3080,5756,-507,172,-88,0
105.77434492111206,10128,5160,10960,-115,-144,131,9132,-9824,8784,-51,135,-193,-14632,4456,3156,-985,144,-114,-14748,-2824,5768,-545,144,-128,0
105.80769109725951,10148,4992,10992,-168,-111,105,8996,-9800,8840,-30,152,-160,-14704,4432,3268,-990,76,-79,-14748,-3292,5572,-529,153,-115,0
105.84124803543091,10120,5128,10944,-120,-83,104,9048,-9808,8988,-41,139,-155,-14684,4324,3264,-776,107,-62,-14708,-3004,5680,-527,95,-121,0
105.87491297721863,10124,5032,11068,-122,-79,84,9120,-9800,8908,-68,163,-190,-14732,4124,3408,-1076,218,-98,-14644,-3316,5444,-478,140,-158,0
105.90820598602295,10096,5048,11004,-187,-30,56,9040,-9828,8964,-8,193,-220,-14520,4408,3228,-788,80,-138,-14800,-2956,5640,-491,196,-144,0
105.94145202636719,10176,5372,10828,-124,-71,66,9188,-9772,8888,-35,140,-176,-14460,4364,3080,-1028,82,-84,-14636,-3172,5716,-488,139,-124,0
105.97484803199768,10052,4876,10856,-149,-89,92,8960,-9828,8992,-43,142,-145,-14480,4340,3320,-953,85,-85,-14796,-3168,5844,-480,132,-128,0
106.00839495658875,10044,5036,10976,-157,-91,74,9148,-9800,8844,-44,170,-170,-14544,4484,3320,-925,62,-63,-14704,-3060,5692,-527,167,-128,0
106.04196214675903,10164,5360,10992,-139,-99,97,9000,-9532,8836,-34,111,-151,-14568,4332,3252,-980,42,-45,-14536,-3192,5852,-520,147,-106,0
106.0754449367523,10160,5116,10992,-125,-74,95,8992,-9776,8852,-18,130,-145,-14560,4400,3388,-1000,70,-67,-14672,-2944,5900,-517,140,-134,0
106.10894513130188,10100,5040,10940,-102,-79,94,9116,-9868,8844,-53,93,-168,-14956,4364,3284,-997,89,-129,-14600,-3120,5692,-767,156,-125,0
106.14244794845581,10024,5012,11152,-153,-94,63,9020,-9808,9008,-20,135,-183,-14688,4416,3308,-955,128,-128,-14640,-2972,5676,-261,149,-122,0
106.1758201122284,10196,4968,11068,-141,-108,67,9020,-9960,8816,-19,148,-206,-14748,4408,3308,-974,132,-123,-14680,-3028,5808,-512,191,-109,0
106.2094509601593,10160,5120,11016,-130,-120,105,9052,-9984,8888,-10,160,-193,-14584,4428,3320,-974,119,-99,-14624,-3004,5732,-472,178,-128,0
106.24275708198547,10040,4900,11048,-138,-131,121,9072,-9808,8928,-10,143,-201,-14636,4420,3308,-971,102,-100,-14476,-3172,5760,-503,183,-106,0
106.27604913711546,10224,5136,11256,-176,-119,79,9136,-9848,8828,-12,196,-188,-14500,4444,3080,-998,96,-116,-14640,-3112,5904,-507,146,-134,0
106.30978512763977,10028,5264,11180,-134,-90,77,9048,-9900,9008,-34,311,-236,-14748,4144,3392,-868,254,-133,-14716,-3036,5800,-497,166,-128,0
106.34344100952148,10120,5016,10820,-149,-95,59,9004,-9860,8796,248,92,-184,-14668,4448,3320,-994,105,-130,-14664,-3164,5752,-505,189,-121,0
106.377023935318,10084,5108,11112,-127,-118,94,8968,-9980,8952,-22,79,-182,-14556,4452,3484,-1008,125,-101,-14664,-3096,5856,-503,194,-100,0
106.41035103797913,10024,5140,11036,-150,-119,92,8948,-9744,9004,-22,210,-199,-14600,4472,3472,-1009,119,-97,-14772,-3320,5784,-509,190,-116,0
106.44381308555603,10104,5024,10896,-134,-126,101,8924,-9756,8832,-26,61,-184,-14612,4352,3320,-980,144,-107,-14768,-3184,5688,-527,151,-80,0
106.47738003730775,10032,5144,11040,-120,-113,124,9064,-9780,8892,-38,85,-193,-14736,4348,3308,-999,131,-114,-14716,-3092,5848,-523,164,-78,0
106.51109814643858,10128,5184,11064,-132,-113,117,9000,-9788,8904,-18,139,-200,-14376,4332,3536,-974,92,-78,-14832,-3024,5708,-496,124,-124,0
106.54471802711487,10120,5152,10988,-144,-127,112,9076,-9812,8892,-40,107,-195,-14572,4424,3176,-978,120,-117,-14712,-2964,5804,-530,123,-120,0
106.57813096046446,10124,5064,11004,-151,-99,73,9088,-9836,8812,-10,108,-149,-14676,4408,3368,-989,68,-95,-14732,-3136,5856,-505,152,-137,0
106.61180806159973,10112,5076,11204,-117,-60,99,9052,-9760,8856,-29,158,-132,-14748,4284,3344,-991,61,-84,-14644,-3100,5692,-500,114,-145,0
106.64522099494934,10172,5084,10844,-124,-76,54,9048,-9812,8820,-56,177,-168,-14768,4328,3216,-973,70,-92,-14644,-2956,5724,-763,182,-164,0
106.68176412582399,10120,5196,10948,-152,-66,64,8704,-9752,8708,13,99,-185,-14588,4440,3192,-1042,97,-120,-14836,-3060,5764,-494,209,-131,0
106.71763205528259,10024,5140,10984,-115,-94,108,9008,-9792,8916,-1,109,-181,-14784,4404,3448,-1036,102,-73,-14748,-3124,5648,-764,160,-153,0
106.75277996063232,10120,5092,11128,-137,-76,83,9040,-9736,8908,-32,154,-161,-14536,4104,3396,-967,90,-90,-14944,-2896,6116,-519,118,-127,0
106.78773593902586,10160,5064,11140,-155,-64,90,9020,-9864,8824,-34,171,-156,-14788,4276,3520,-1005,75,-64,-14724,-3144,5764,-501,123,-141,0
106.82334208488464,10208,5060,11040,-112,-64,51,8952,-9792,8984,-25,178,-162,-14428,4580,3256,-1009,82,-60,-14736,-3128,5768,-524,150,-123,0
106.85944414138795,10108,5336,11100,-153,-60,102,9096,-9812,8576,-17,145,-180,-14572,4604,3228,-979,130,-101,-14568,-3156,5600,-498,140,-105,0
106.89483094215393,10000,5164,11040,-137,-104,114,9084,-9796,9136,-21,127,-197,-14648,4436,3316,-988,123,-69,-14708,-3092,5728,-446,226,-69,0
106.93019700050354,10188,5112,10812,-159,-91,102,9100,-9828,8860,-44,171,-202,-14636,4296,3140,-952,119,-121,-14648,-2836,5768,-517,148,-107,0
106.96614098548889,10020,5088,10760,-131,-90,73,9208,-9896,8896,-7,200,-190,-14380,4468,3280,-959,101,-118,-14600,-3144,5604,-519,171,-100,0
107.00181698799135,10080,5132,11132,-146,-89,114,8784,-9848,8956,-26,125,-185,-14672,4380,3428,-968,103,-144,-14380,-3224,5812,-506,178,-124,0
107.03804111480713,10064,4880,11160,-139,-125,84,8976,-9816,8784,-38,168,-182,-14604,4396,3200,-938,73,-75,-14688,-3048,5748,-506,121,-145,0
107.07350802421571,10196,5036,11064,-129,-70,48,9032,-9872,8820,-38,177,-153,-14680,4428,3492,-984,41,-62,-14612,-2972,5792,-507,162,-158,0
107.10932397842407,9980,5076,11108,-174,-85,92,9044,-9884,8848,5,112,-173,-14372,4440,3332,-1016,119,-136,-14616,-3164,5736,-476,191,-87,0
107.14495396614075,9772,5192,11040,-131,-114,141,8960,-9840,8896,-26,125,-209,-14472,4152,3548,-975,172,-125,-14668,-2828,5680,-767,218,-76,0
107.18084502220155,10096,5060,11116,-124,-180,118,9140,-9940,8724,-54,79,-205,-15036,4484,3108,-1028,118,-149,-14796,-3144,5752,-509,193,-129,0
107.21591591835022,10152,5064,10868,-117,-131,89,8976,-9812,8840,-28,127,-180,-14592,4396,3524,-995,91,-87,-14600,-3056,5680,-515,171,-133,0
107.25130796432495,10184,4892,10760,-123,-82,57,9008,-9876,8792,23,164,-169,-14592,4412,3388,-1002,89,-109,-14612,-3020,5744,-479,146,-126,0
107.28719496726991,10052,5216,10916,-138,-46,98,9004,-9800,8964,21,101,-153,-14560,4288,3440,-982,102,-77,-14688,-3088,5512,-478,122,-117,0
107.32384610176086,10100,4876,11012,-168,-92,91,9060,-9764,8820,-48,162,-167,-14712,4428,3308,-962,83,-19,-14724,-3120,5692,-513,138,-108,0
107.35748314857483,10104,5080,10804,-153,-129,98,9208,-9756,8964,-59,153,-173,-14616,4356,3232,-969,104,-80,-14628,-3168,5692,-524,137,-100,0
107.39107298851015,10004,5108,11048,-124,-93,98,9032,-9984,8936,-40,112,-177,-14680,4428,3580,-983,115,-109,-14688,-3000,5868,-508,162,-113,0
107.42423105239868,10016,5080,10896,-133,-94,91,9040,-9884,8776,-12,131,-184,-14612,4452,3364,-1043,97,-119,-14684,-3108,5832,-481,154,-97,0
107.4575729370117,10128,5128,10972,-111,-58,74,9044,-9816,8860,-31,131,-155,-14848,4364,3376,-990,85,-59,-14616,-3016,5812,-259,141,-136,0
107.49131798744203,10000,5076,11204,-136,-102,66,8920,-9816,8792,-27,92,-155,-14624,4480,3364,-1026,90,-90,-14544,-3088,5824,-521,153,-127,0
107.52484011650087,10136,5024,10996,-140,-108,100,8896,-9844,9152,-30,134,-204,-14548,4372,3444,-1275,78,-103,-14772,-3192,5780,-510,186,-142,0
107.55850195884705,9980,5172,11056,-111,-146,74,9076,-9856,8824,-40,156,-205,-14352,4436,3460,-976,107,-125,-14692,-3000,5848,-498,150,-148,0
107.5919620990753,10080,5036,11032,-132,-98,53,9108,-9884,8980,-36,162,-201,-14604,4432,3468,-935,96,-87,-14716,-3024,5848,-509,139,-146,0
107.62545704841615,10260,5084,11028,-118,-100,61,9076,-9784,8828,-30,135,-163,-14656,4356,3496,-975,72,-90,-14620,-3068,5636,-500,133,-110,0
107.65920209884642,10152,5076,10988,-161,-84,71,9024,-9880,9000,-3,160,-171,-14712,4108,3340,-776,66,-128,-14760,-3068,5844,-491,172,-147,0
107.71073698997499,10040,5152,11248,-116,-131,108,9036,-9820,8832,-20,118,-182,-14476,4140,3500,-1007,141,-83,-14628,-3124,5756,-499,203,-151,0
107.75521993637085,10088,5168,11076,-107,-142,102,9016,-9740,8952,-5,125,-190,-14560,4464,3344,-983,112,-110,-14648,-3024,5772,-498,190,-131,0
107.78878998756409,10084,5012,11100,-117,-117,86,8768,-9756,8912,-35,119,-164,-14476,4376,3432,-1000,112,-87,-14700,-3168,5640,-506,155,-112,0
107.82234096527098,10028,4892,10900,-132,-112,105,9020,-9792,8856,-37,92,-182,-14712,4600,3288,-1015,110,-100,-14728,-3160,5876,-507,125,-116,0
107.85585904121399,10040,5124,11016,-162,-130,105,9064,-9796,8932,-26,159,-160,-14704,4148,3488,-966,107,-56,-14744,-3300,5888,-500,131,-127,0
107.88946795463562,10092,5140,11088,-144,-158,92,9044,-9852,8976,-34,157,-213,-14460,4388,3276,-980,134,-114,-14772,-3112,6072,-490,181,-116,0
107.92286992073059,10008,5120,11116,-144,-166,101,9032,-9868,8876,-14,133,-191,-14556,4416,3168,-989,115,-134,-14784,-3124,5824,-483,196,-96,0
107.95644211769103,10048,5060,11000,-158,-145,74,9012,-9892,8820,-12,120,-202,-14688,4384,3396,-985,79,-129,-14824,-3296,5840,-521,181,-128,0
107.98977398872374,10064,5188,11088,-133,-131,90,9088,-9848,8840,-14,133,-203,-14596,4432,3248,-1011,109,-82,-14736,-2852,5780,-511,184,-103,0
108.02346301078796,9984,5072,10972,-144,-143,105,8976,-9760,9036,-1,155,-198,-14796,4320,3504,-979,132,-78,-14744,-3288,5816,-487,189,-127,0
108.05713200569153,10136,5248,10848,-107,-110,67,9036,-9976,8792,-71,116,-176,-14548,4436,3504,-983,83,-94,-14708,-3192,5708,-519,126,-122,0
108.09035301208495,10192,5360,10960,-132,-118,92,9068,-9856,8928,-54,119,-163,-14548,4384,3324,-1001,97,-109,-14404,-3040,5820,-537,152,-131,0
108.12386894226074,10020,5236,11232,-103,-96,105,9048,-9784,8928,-65,126,-141,-14796,4268,3376,-1023,96,-100,-14824,-3308,5752,-504,122,-93,0
108.15741610527039,10184,5220,10984,-129,-58,97,9148,-9892,8832,-50,135,-136,-14384,4380,3384,-993,92,-48,-14688,-3048,5712,-540,149,-147,0
108.19050312042236,10028,5224,11040,-155,-59,64,9000,-9768,8712,10,135,-178,-14680,4180,3284,-1038,105,-71,-14660,-3144,5712,-486,196,-122,0
108.22413706779479,10172,5224,11016,-129,-87,102,8980,-9776,8880,16,68,-182,-14448,4408,3072,-1058,71,-105,-14544,-3236,5796,-536,204,-107,0
108.25789809226991,9988,5188,11140,-96,-118,110,9044,-9860,8820,-34,120,-187,-14564,4396,3604,-975,80,-114,-14760,-3172,5840,-506,135,-151,0
108.29143810272217,10148,5184,11152,-112,-101,58,9128,-9872,8884,-18,189,-192,-14772,4432,3604,-703,40,-114,-14756,-3128,5880,-483,142,-153,0
108.32479310035707,9960,5104,11004,-120,-94,53,9060,-9896,8772,-66,175,-190,-14632,4448,3152,-956,91,-113,-14624,-3012,5696,-508,174,-123,0
108.3616111278534,9980,5108,11080,-136,-109,69,8976,-9772,8864,-18,139,-192,-14780,4312,3100,-1020,84,-115,-14592,-3296,5732,-500,190,-93,0
108.39766192436218,9860,4896,10980,-118,-129,106,9000,-9864,8824,-13,119,-177,-14716,4312,3308,-998,122,-99,-14768,-3108,5760,-468,179,-107,0
108.43275594711302,10028,5232,10996,-189,-125,77,8552,-9864,8928,-47,128,-166,-14656,4408,3324,-1266,141,-106,-14744,-3224,5896,-482,193,-112,0
108.46822214126587,9892,5096,11040,-179,-108,115,9032,-9796,9096,-38,95,-203,-14592,4396,3400,-1017,117,-130,-14720,-3060,5876,-501,203,-97,0
108.50366401672363,10084,5244,11036,-119,-152,106,9016,-9836,9156,7,150,-203,-14576,4488,3640,-983,93,-137,-14708,-3144,5800,-529,164,-95,0
108.53943014144899,10160,5156,11044,-122,-117,84,9064,-9952,8816,-21,138,-177,-14548,4548,3452,-970,68,-97,-14680,-3156,5900,-528,144,-146,0
108.57496905326843,10040,5204,11008,-105,-135,85,9012,-9548,8804,-36,163,-187,-14656,4384,3616,-975,72,-72,-14680,-3196,5728,-525,181,-122,0
108.61082100868225,10092,5128,11212,-146,-137,103,8964,-9844,9052,-47,161,-175,-14412,4424,3520,-980,114,-119,-14728,-3172,5784,-499,143,-134,0
108.64622712135315,10120,5112,11092,-127,-132,90,9052,-9816,8800,-43,93,-177,-14492,4416,3360,-969,145,-86,-14532,-3156,5676,-501,178,-76,0
108.68179607391359,10124,5100,11048,-123,-154,93,8996,-9844,8740,-24,108,-215,-14812,4352,3344,-982,125,-119,-14720,-3160,5732,-500,184,-93,0
108.7180540561676,10104,4956,10860,-115,-165,110,9028,-9784,8740,-9,98,-188,-14760,4332,3416,-1001,88,-109,-14680,-3312,5636,-501,162,-131,0
108.75371193885803,10076,5112,11128,-137,-95,82,9196,-9816,8584,-167,504,-34,-14748,4172,3500,-908,78,-130,-14704,-3100,5740,-515,160,-134,0
108.78953409194946,10236,5088,10884,-107,-82,79,9016,-9808,8864,-11,159,-197,-14796,4360,3428,-811,78,-77,-14724,-3188,5728,-513,137,-136,0
108.82468795776367,10052,5100,10936,-141,-77,71,9068,-9832,8892,-29,139,-161,-14576,4380,3528,-1034,81,-94,-14720,-3244,5792,-502,128,-128,0
108.86070799827574,10008,5304,10956,-141,-74,93,8964,-9756,8992,-9,173,-120,-14532,4428,3720,-1273,84,-17,-14372,-3152,5804,-508,125,-125,0
108.89590692520143,10188,5180,10952,-116,-46,108,9024,-9884,8848,-37,114,-132,-14548,4372,3508,-995,71,-108,-14528,-3188,5868,-510,183,-143,0
108.93129992485046,10172,5008,11112,-122,-54,71,9136,-9796,8856,-98,158,-184,-14416,4496,3324,-998,119,-105,-14660,-3196,5776,-489,166,-106,0
108.96620011329651,10008,5136,11024,-114,-73,107,9036,-9820,8880,-2,103,-157,-14484,4404,3432,-774,130,-45,-14712,-3276,5808,-482,198,-78,0
109.00383806228639,10000,5252,10884,-170,-85,120,9072,-9916,8808,-13,114,-180,-14420,4436,3532,-986,120,-106,-14772,-3096,5800,-520,120,-93,0
109.03741192817688,9988,5112,11180,-144,-83,70,9100,-9880,8888,-51,176,-164,-14436,4496,3132,-943,119,-107,-14732,-3152,5708,-535,119,-111,0
109.07087111473082,10032,5100,10996,-120,-64,71,9000,-9804,8844,-27,170,-180,-14728,4308,3472,-995,88,-73,-14636,-3156,5772,-511,160,-112,0
109.1044270992279,9992,5244,11020,-119,-36,94,8956,-9844,8936,-10,128,-175,-14496,4520,3248,-1009,69,-108,-14856,-2972,5852,-508,172,-139,0
109.13810300827026,9952,5080,11068,-155,-89,67,8972,-9828,8872,-32,123,-185,-14768,4312,3296,-1005,61,-69,-14856,-3116,5880,-496,188,-129,0
109.17184305191039,10104,5012,11256,-139,-65,47,8492,-9788,9184,218,56,-138,-14568,4400,3392,-1018,88,-64,-14668,-3112,5772,-493,144,-151,0
109.20529198646547,10108,5176,10944,-123,8,43,9080,-9784,8916,43,50,-183,-14388,4556,3564,-1083,53,-64,-14640,-3060,5572,-475,133,-151,0
109.23883414268495,10024,5180,10924,-130,17,49,8932,-9636,8840,-58,148,-123,-14576,4400,3096,-973,67,-108,-14612,-3120,5936,-475,151,-140,0
109.27227306365967,9980,5264,11128,-152,-33,95,9184,-9844,8888,3,113,-148,-14544,4348,3428,-772,85,-56,-14788,-3332,5860,-508,167,-96,0
109.30586409568787,10052,5172,11140,-135,-9,78,9060,-9736,8892,-48,113,-146,-14564,4356,3416,-981,116,-46,-14800,-3140,5936,-494,136,-99,0
109.3395640850067,10116,5244,11032,-141,-35,101,9068,-9828,8796,-48,106,-155,-14628,4404,3456,-978,104,-58,-14740,-3220,5984,-510,124,-101,0
109.37273812294006,10012,5200,11180,-124,-24,109,9084,-9792,8848,-37,111,-170,-14520,4340,3624,-929,79,-15,-14644,-3232,5852,-518,121,-105,0
109.40644311904907,10124,5116,10896,-173,-84,94,9000,-9776,8916,-21,150,-116,-14412,4416,3348,-1002,126,-92,-14672,-3204,5772,-490,160,-88,0
109.43978214263915,10072,5300,11056,-202,-108,121,9176,-9932,8952,5,163,-164,-14520,4512,3420,-947,152,-114,-14776,-3248,5736,-480,156,-38,0
109.47293496131897,10020,5156,11232,-191,-149,121,9012,-9824,9040,12,169,-212,-14460,4412,3520,-944,192,-139,-14792,-3252,5632,-464,212,-33,0
109.50677514076233,10020,5100,11012,-196,-240,161,9188,-9964,8856,-47,140,-236,-14800,4436,3332,-921,212,-119,-14608,-3156,5976,-494,232,-10,0
109.54032301902771,10056,5100,11168,-252,-261,136,8752,-9924,8728,-6,173,-282,-14512,4412,3404,-951,139,-140,-14556,-3112,5696,-766,207,-51,0
109.57380700111389,10020,5180,10988,-190,-175,127,8864,-9872,8960,5,186,-232,-14404,4472,3328,-978,121,-161,-14620,-2836,5764,-482,236,-72,0
109.60724902153015,9964,5068,11104,-232,-222,101,8756,-9876,8772,61,220,-6,-14552,4348,3288,-944,116,-207,-14764,-2844,5800,-461,289,-55,0
109.64072108268739,9920,5068,11000,-280,-224,85,9024,-9972,8992,48,211,-310,-14836,4436,3084,-912,154,-218,-14760,-3296,5860,-443,307,-53,0
109.6741349697113,10048,5128,11084,-259,-238,122,9112,-9864,8900,46,188,-251,-14844,4324,3304,-896,103,-194,-14600,-3104,5704,-458,263,-67,0
109.70790314674379,10112,5072,11092,-5,-254,99,9000,-9732,8832,23,156,-245,-14816,4364,3420,-920,123,-161,-14740,-2996,5772,-509,215,-76,0
109.7414720058441,10068,5120,11016,-243,-226,107,8744,-9952,8708,56,168,-241,-14628,4240,3532,-928,136,-147,-14744,-3164,5776,-264,221,-80,0
109.77489399909973,10160,5092,10948,-242,-241,112,9004,-9764,9132,30,114,-1,-14628,4316,3240,-961,188,-179,-14648,-3248,5752,-260,1,-36,0
109.8082821369171,10160,5116,10900,-216,-201,133,8968,-9796,8892,2,96,-215,-14768,4292,3408,-976,183,-123,-14720,-3144,5748,-507,177,-52,0
109.84193110466002,10148,4908,10960,-220,-215,121,9084,-9708,8868,13,148,-215,-14740,4232,3548,-978,125,-123,-14744,-2964,5884,-485,204,-56,0
109.87560415267944,10036,5164,10924,-229,-197,145,8988,-9816,8968,38,151,-235,-14616,4292,3432,-978,158,-143,-14592,-3196,5716,-491,234,-41,0
109.90926909446716,10132,5176,11204,-204,-229,122,8976,-9900,9080,39,122,-225,-14664,4544,3316,-1015,204,-160,-14704,-3144,5868,-494,235,-30,0
109.9424660205841,10160,5080,11040,-181,-238,148,9028,-9848,8984,10,144,-250,-14408,4112,3444,-1002,170,-138,-14744,-3024,5636,-495,245,-26,0
109.97585701942442,10188,5004,10816,-189,-264,148,9072,-9732,8992,20,149,-262,-14576,4416,3356,-998,210,-142,-14820,-3164,5720,-761,223,-62,0
110.00924897193909,10124,5072,10984,-198,-234,145,9032,-9880,8912,5,142,-2,-14448,4460,3404,-926,153,-179,-14704,-2964,5796,-482,230,-43,0
110.04588103294373,10096,5004,11016,-186,-230,109,9072,-9808,8816,29,162,-210,-14392,4604,3276,-976,128,-190,-14716,-3316,5832,-763,219,-91,0
110.08146905899046,10088,4988,11108,-179,-199,147,9008,-9800,8812,37,117,-232,-14784,4352,3292,-944,108,-178,-14784,-3124,5732,-495,230,-97,0
110.11708402633667,10208,4988,10960,-205,-194,98,9060,-9668,8844,3,155,-255,-14492,4212,3200,-998,98,-153,-14748,-2908,5596,-485,235,-109,0
110.15248107910156,10156,5004,10852,-175,-155,102,9004,-9676,8908,-14,135,-232,-14404,4408,3128,-956,147,-91,-14776,-3024,5680,-528,193,-108,0
110.18813204765318,10180,4992,10844,-141,-71,76,9180,-9976,8864,-24,159,-198,-14520,4416,3400,-978,50,-91,-14748,-3176,5740,-476,151,-151,0
110.22351503372192,10172,5088,11020,-131,243,78,9080,-9572,9068,-20,167,-117,-14636,4112,3368,-1032,50,-55,-14628,-3012,5772,-489,92,-157,0
110.25922894477844,10144,5148,10860,-106,21,64,9008,-9704,8920,-35,130,-135,-14640,4392,3380,-1023,68,-63,-14788,-3152,5752,-531,108,-145,0
110.29432392120363,10192,5096,11020,-158,9,66,9060,-9720,8744,-7,142,-112,-14468,4452,3448,-1055,62,-35,-14780,-2948,5712,-497,119,-137,0
110.32966208457947,10220,5088,11060,-95,29,100,8944,-9736,8744,-34,97,-100,-14496,4424,3308,-778,50,-24,-14676,-3220,6116,-541,69,-175,0
110.3695740699768,10124,5300,11256,-117,54,75,8980,-9764,8964,-83,151,-94,-14464,4352,3420,-981,84,-45,-14752,-3204,5800,-516,23,-195,0
110.40544295310974,10080,5080,10992,-92,86,50,8932,-9804,8964,-97,144,-105,-14424,4356,3516,-979,65,30,-14480,-2972,5784,-524,50,-161,0
110.4409761428833,10096,4984,10912,-112,91,59,8984,-9824,8860,-56,140,-71,-14420,4480,3560,-1022,58,-42,-14680,-3156,5852,-518,88,-141,0
110.47615313529968,10032,4972,11048,-92,103,49,8980,-9872,8956,-101,112,-83,-14704,4360,3460,-1042,58,254,-14676,-3032,5800,-506,89,-144,0
110.51230406761171,10084,4952,11108,-67,32,30,8992,-9820,8856,-69,109,-134,-14764,4408,3232,-1060,73,-59,-14612,-3164,5816,-514,122,-163,0
110.54812407493591,10100,5328,11124,-101,10,52,8948,-9808,8824,-59,106,-150,-14428,4464,3076,-1059,101,-94,-14660,-2832,5804,-764,127,-126,0
110.58384299278259,10176,5072,11204,-73,-3,60,8964,-9768,9044,-44,103,-147,-14648,4300,3288,-1060,99,-79,-14740,-3100,5832,-558,125,-139,0
110.61960697174072,9988,5092,11200,-40,16,59,9072,-9736,8776,-58,99,-128,-14552,4412,3396,-1021,73,-42,-14756,-3288,5760,-513,145,-140,0
110.65507793426515,10236,5172,11140,-23,-252,60,8992,-9872,8816,-119,105,-148,-14544,4592,3316,-961,69,-58,-14752,-3312,6008,-530,122,-151,0
110.69166707992555,10152,5100,11072,-63,-38,40,9092,-9784,8960,-89,97,-111,-14572,4472,3412,-1013,34,-4,-14764,-3288,5644,-530,84,-198,0
110.72529196739197,10100,5224,11120,-90,-25,57,8960,-9724,8968,5,160,-120,-14796,4220,3364,-1025,67,-64,-14548,-3148,5884,-488,152,-148,0
110.75894498825075,9928,5144,11032,-79,5,50,8912,-9812,8864,-65,101,-148,-14388,4488,3256,-1005,97,-72,-14728,-3104,5692,-506,208,-88,0
110.79241609573364,9992,5148,11060,-87,-69,57,9064,-9696,8916,-45,90,-194,-14712,4480,3356,-985,129,-90,-14784,-3180,5832,-517,159,-141,0
110.82580208778383,10068,5168,10988,-74,-71,67,9048,-9848,8892,-59,141,-162,-14768,4408,3416,-982,80,-111,-14796,-2908,5776,-520,123,-136,0
110.85962891578674,10024,5160,10968,-73,-12,110,9040,-9796,8888,-49,118,-121,-14400,4380,3432,-1063,67,-49,-14668,-3204,5800,-527,113,-165,0
110.893070936203,9952,5156,10968,-48,20,91,9056,-9768,9152,-72,128,-121,-14732,4468,3412,-1018,73,-34,-14664,-3328,5928,-521,89,-170,0
110.92644214630127,10008,5140,11156,-88,-22,41,9060,-9824,8872,-73,104,-111,-14840,4400,3392,-956,77,-39,-14640,-3196,5636,-259,167,-133,0
110.95999503135681,9948,5356,11124,-84,-17,77,8992,-9884,9080,-67,120,-166,-14380,4512,3400,-911,54,-94,-14612,-3004,5972,-531,165,-134,0
110.99330306053163,9988,5104,11088,-86,-70,68,8960,-9824,8828,-10,142,-139,-14620,4324,3500,-999,90,-112,-14596,-3172,5780,-521,174,-130,0
111.02706813812254,9852,5188,11060,-119,-47,112,9012,-9724,8808,-26,120,-180,-14444,4312,3452,-999,132,-94,-14668,-3108,5800,-515,179,-106,0
111.06029796600343,10012,5028,11064,-123,-71,100,8992,-9824,9020,-27,115,-178,-14596,4428,3476,-781,91,-85,-14584,-3108,5848,-475,179,-115,0
111.09377694129942,9948,5116,11036,-187,-62,87,9044,-9816,8900,-11,125,-157,-14556,4528,3416,-991,85,-90,-14620,-3152,6000,-503,139,-113,0
111.12747597694397,9944,5132,11144,-199,-56,95,8724,-9916,8912,-36,121,-171,-14396,4416,3428,-998,86,-71,-14708,-3220,5756,-473,155,-95,0
111.16105604171753,9884,5184,11244,-200,-102,93,8972,-9836,8932,-14,141,-159,-14624,4380,3364,-967,117,-107,-14716,-3136,5908,-488,156,-75,0
111.19432997703552,9924,5192,11164,-227,-144,114,8948,-9820,8992,-255,200,-197,-14420,4412,3340,-910,159,-142,-14736,-2980,5884,-444,198,-44,0
111.22821593284607,9828,5124,11044,-197,-195,141,8716,-9856,9012,-59,129,-224,-14356,4584,3240,-937,176,-161,-14752,-3112,5844,-496,205,-60,0
111.26172113418579,10132,5196,11216,-167,-5,111,9068,-9800,8876,-28,122,-254,-14816,4480,3464,-909,169,-147,-14824,-3004,5772,-503,219,-77,0
111.2952721118927,9916,5048,11072,-197,-234,130,9076,-9832,8756,-7,145,-240,-14576,4496,3572,-965,142,-172,-14780,-3040,5856,-484,222,-53,0
111.32897806167603,10040,5164,11048,-198,-233,134,8896,-9824,8748,14,136,-244,-14576,4416,3524,-915,168,-166,-14396,-3032,6052,-480,270,-46,0
111.36268305778502,9956,5132,10984,-243,-9,145,9028,-9900,8912,29,110,-277,-14644,4424,3444,-972,177,-211,-14696,-3140,5772,-485,303,-25,0
111.39637303352355,10016,5072,11184,-233,-292,175,8976,-9812,8864,54,83,-512,-14524,4488,3432,-966,217,-219,-14756,-2912,6108,-479,303,-2,0
111.42976307868959,10056,5144,10960,-236,-315,141,9108,-9872,8912,65,182,-306,-14560,4496,3420,-909,180,-223,-14756,-3160,5876,-498,316,-33,0
111.46342706680299,10160,5144,11104,-232,-301,153,9068,-9824,9000,65,149,-297,-14404,4508,3432,-957,223,-200,-14724,-3260,5808,-487,285,-55,0
111.49694895744322,10092,5200,11024,-223,-333,168,9028,-9928,8864,251,126,-326,-14872,4288,3320,-919,145,-219,-14696,-3076,5692,-488,208,-78,0
111.53061008453369,10164,5136,10880,-242,-316,117,9120,-9872,8952,38,137,-268,-14712,4368,3084,-965,144,-195,-14600,-3064,5660,-485,216,-108,0
111.56421303749084,10084,4996,11060,-220,-253,129,9052,-9728,8888,98,171,-255,-14456,4568,3224,-964,148,-194,-14640,-3028,5652,-437,221,-83,0
111.59773111343382,10148,5144,11012,-190,-193,84,9168,-9504,8808,1,165,-265,-14472,4412,3372,-942,142,-120,-14644,-3004,5572,-492,273,-83,0
111.63137292861938,10124,4960,10772,-188,-160,75,9008,-9476,8960,5,98,-227,-14796,4496,3396,-1033,142,-114,-14668,-2872,5824,-499,216,-134,0
111.66486811637878,10096,5096,10744,-116,-76,101,8984,-9584,8740,13,108,-133,-14500,4348,3168,-1060,36,-68,-14756,-3176,5856,-522,107,-162,0
111.69798493385315,10172,4884,10864,-112,69,73,9088,-9580,8900,-34,150,-81,-14492,4252,3532,-771,60,-5,-14660,-2956,5640,-498,53,-146,0
111.73468208312988,10124,5200,11100,-179,70,79,9112,-9932,8980,-23,144,-99,-14760,4336,3428,-1025,109,-6,-14664,-3224,5684,-494,109,-129,0
111.77080702781679,10048,5060,11072,-117,-28,103,9188,-9796,8880,-14,113,-144,-14360,4488,3124,-1035,133,-10,-14640,-3204,5800,-492,164,-89,0
111.80624008178711,10084,5064,11200,-157,-58,120,9100,-9876,9044,-41,114,-152,-14560,4448,3380,-1003,137,-96,-14496,-3124,5872,-515,123,-99,0
111.84227705001831,10028,4932,11072,-124,-145,86,8952,-9744,9012,-69,123,-211,-14472,4456,3396,-960,112,-110,-14732,-3064,5752,-497,147,-100,0
111.87850093841553,10072,4868,11056,-152,-114,90,9004,-9916,8968,-7,169,-167,-14668,4440,3340,-947,111,-58,-14640,-3284,5780,-495,114,-108,0
111.91305208206177,9984,5056,11044,-130,-99,114,9084,-9516,8916,-28,175,-143,-14620,4444,3152,-1015,124,-100,-14660,-2948,5820,-509,124,-98,0
111.94847893714905,10116,5088,11060,-138,-87,81,8972,-9672,8924,-52,154,-151,-14644,4380,3108,-967,108,-71,-14732,-3328,5748,-501,164,-97,0
111.98385691642763,10076,5144,11136,-166,-116,102,9088,-9968,8864,-44,120,-208,-14400,4376,3216,-958,127,-133,-14676,-2936,5656,-510,176,-92,0
112.01942110061647,10080,5072,10992,-121,-142,111,8988,-9816,8764,-27,134,-206,-14532,4484,3232,-993,94,-101,-14644,-2968,5744,-500,225,-115,0
112.0543849468231,10092,5024,10880,-166,-152,100,9072,-9952,8812,-251,164,-219,-14688,4272,3336,-987,128,-139,-14676,-3108,5784,-470,223,-101,0
112.09075713157655,10056,5056,11116,-175,-109,94,9044,-9728,8908,-5,148,-218,-14596,4580,3576,-1012,100,-160,-14976,-3100,5784,-483,194,-117,0
112.12685799598695,10156,4868,11012,-135,-119,47,8992,-9684,8884,-39,169,-182,-14616,4404,3084,-943,82,-75,-14796,-3148,5840,-501,93,-153,0
112.16196012496948,10300,5116,10936,-136,-95,58,9148,-9964,9024,-29,194,-138,-14528,4508,3308,-1012,19,-48,-14616,-2940,5664,-505,145,-128,0
112.19807600975037,10040,5124,11232,-156,-83,72,9112,-9716,8932,-11,167,-154,-14404,4380,3176,-997,47,-76,-14696,-3092,5788,-541,126,-135,0
112.23387312889099,10136,5124,10968,-114,-64,60,9012,-9644,8944,-83,136,-145,-14748,4348,3116,-988,102,-73,-14732,-3000,5696,-537,126,-93,0
112.2697401046753,10164,5092,11064,-139,-87,38,9028,-9736,8936,-28,107,-171,-14512,4528,3536,-1001,133,-76,-14668,-2984,5784,-491,176,-94,0
112.3055031299591,9948,5028,11232,-150,-97,105,9036,-9972,8788,-53,135,-178,-14300,4488,3336,-1011,95,-90,-14624,-3156,5856,-499,200,-113,0
112.34115099906923,10112,5012,11180,-132,-95,87,8756,-9840,9196,-39,94,-199,-14616,4400,3356,-939,117,-121,-14668,-3264,5852,-475,186,-73,0
112.37670302391052,10040,5336,11400,-147,-134,86,9044,-9828,8736,-65,76,-209,-14380,4548,3568,-946,136,-127,-14512,-3148,5696,-502,183,-85,0
112.41021299362183,10108,5100,11256,-142,-117,73,9040,-9684,9048,-65,102,-215,-14556,4364,3564,-925,139,-116,-14596,-3008,5688,-483,214,-86,0
112.44375109672546,10184,5012,11064,-165,-139,107,9012,-9792,8896,-1,76,-229,-14668,4328,3344,-975,152,-128,-14656,-2844,5828,-496,222,-89,0
112.47714304924011,10096,5024,11120,-114,-93,94,9040,-9700,8944,-38,59,-215,-14464,4284,3220,-962,82,-102,-14820,-3252,5860,-485,155,-123,0
112.51047801971434,10108,5060,11024,-128,-59,61,9080,-9724,8740,-45,61,-171,-14840,4416,3528,-970,81,-122,-14540,-2852,5640,-479,175,-131,0
112.54389214515686,10172,5036,10972,-199,-2,61,9076,-9652,8952,9,154,-130,-14464,4392,3312,-1000,106,-78,-14740,-3128,5684,-472,90,-144,0
112.57729911804199,10056,5312,11220,-142,24,60,9132,-9772,8868,28,107,-109,-14552,4396,3292,-1008,74,-72,-14620,-3188,5688,-518,141,-152,0
112.6108500957489,10084,5064,11088,-146,-43,67,9052,-9548,8836,-71,542,-104,-14592,4560,3072,-1164,71,-95,-14716,-3272,5640,-482,161,-104,0
112.64445400238037,10028,5064,11084,-178,-99,92,9044,-9656,8888,-151,242,-166,-14500,4480,3380,-991,101,-58,-14888,-3128,5772,-514,144,-76,0
112.67781209945679,10136,5364,11008,-133,-115,116,9180,-9848,8932,-163,188,-49,-14420,4480,3240,-960,97,-47,-14660,-3136,5912,-516,113,-118,0
112.71134495735168,10124,5000,11196,-109,-76,83,8736,-9656,8760,-94,92,-119,-14768,4604,3392,-951,34,-63,-14780,-3068,5844,-531,112,-125,0
112.74459195137023,10092,5032,11156,-87,-6,68,9060,-9708,8812,21,220,-147,-14648,4304,3504,-937,45,-85,-14656,-3120,5764,-515,119,-136,0
112.77803111076355,10080,5184,11228,-130,-54,85,9012,-9748,9196,-61,127,-130,-14376,4380,3408,-873,102,-44,-14692,-3032,5856,-470,149,-62,0
112.81177592277527,10196,5116,11016,-139,-93,83,8940,-9868,9140,-91,107,-116,-14852,4488,3420,-1001,58,3,-14760,-2824,5808,-580,147,-159,0
112.84544301033019,10148,5036,11212,-156,-49,98,9156,-9656,8812,-91,143,-186,-14552,4408,3240,-893,79,-19,-14704,-3072,5872,-535,125,-121,0
112.8787519931793,10212,4884,11248,-110,-119,98,8988,-9752,8812,-71,107,-173,-14680,4368,3420,-871,67,-94,-14648,-3116,5956,-481,184,-71,0
112.9120020866394,10080,4992,11088,-182,-140,95,9200,-9840,8728,-156,345,-128,-14464,4572,3372,-1089,39,-127,-14612,-3284,5828,-493,209,-99,0
112.94516611099243,9980,5216,10952,-198,-50,63,8876,-9920,9180,32,196,-176,-14492,4416,3364,-1007,122,-110,-14620,-3136,5876,-456,173,-104,0
112.97867393493652,9972,5040,11136,-133,-65,92,8716,-9900,8940,-251,71,-137,-14440,4464,3412,-981,29,-92,-14712,-3044,5784,-547,176,-153,0
113.01220107078552,9988,5168,11112,-101,-54,83,9048,-9756,8848,31,44,-172,-14708,4316,3452,-860,27,-69,-14616,-2996,5692,-497,140,-156,0
113.04552698135375,9948,4900,11192,-98,-75,53,9084,-9892,8704,-120,279,-202,-14772,4456,3556,-1025,32,-141,-14744,-3040,5860,-499,196,-178,0
113.07906794548035,10024,5112,11080,-103,-118,22,9000,-9792,8728,32,242,-222,-14572,4372,3472,-935,22,-186,-14768,-2964,5884,-495,2,-174,0
113.11265397071838,10060,5000,11252,-118,-139,44,8976,-9816,8696,-36,232,-185,-14392,4504,3268,-902,108,-155,-14880,-3092,5672,-479,214,-138,0
113.14655900001527,10024,5092,11300,-181,-112,94,9072,-9884,9036,71,169,-181,-14764,4380,3432,-720,40,-173,-14828,-3176,5768,-485,239,-104,0
113.1798300743103,10044,5124,11196,-146,-193,66,8896,-9728,8720,11,274,-225,-14588,4492,3344,-891,71,-164,-14748,-3164,5772,-441,271,-92,0
113.21333813667299,9984,5048,11132,-180,-195,93,9044,-9872,8772,1,198,-307,-14556,4516,3184,-1010,94,-257,-14508,-3008,5812,-553,332,-140,0
113.2469630241394,10008,5120,10796,-139,-321,45,8968,-9844,9104,164,232,-292,-14732,4412,3416,-841,111,-219,-14772,-3076,5796,-548,271,-164,0
113.28034305572511,10112,5188,11240,-128,-269,42,8936,-9896,8764,-69,242,-305,-14680,4452,3504,-865,56,-232,-14648,-3132,5912,-758,300,-159,0
113.31393408775331,9956,4880,11228,-150,-293,40,9052,-9976,8936,28,252,-304,-14424,4428,3344,-839,57,-259,-14724,-3112,5816,-471,314,-140,0
113.3476870059967,10096,4912,10832,-150,-246,26,9008,-9780,8928,-17,195,-319,-14556,4356,3392,-879,59,-244,-14792,-3068,5736,-502,312,-153,0
113.38069009780882,9984,5316,11028,-136,-288,31,8816,-9804,8820,39,143,-347,-14476,4388,3488,-866,59,-289,-14716,-3012,5688,-477,347,-166,0
113.41883993148802,10016,5216,11040,-186,-325,23,9040,-9676,8972,45,338,-372,-14676,4468,3484,-922,73,-504,-14344,-3252,5792,-439,384,-99,0
113.45376515388489,10040,5256,10960,-209,-297,64,9040,-9644,9008,0,270,-362,-14528,4400,3440,-895,163,-270,-14712,-2880,5564,-415,325,-64,0
113.48941802978514,10204,5188,10964,-233,-331,81,9100,-9676,9080,-41,194,-347,-14616,4428,3388,-878,92,-153,-14824,-3116,5676,-434,296,-102,0
113.52470612525939,10168,5372,10824,-240,-352,97,8996,-9664,8756,-12,127,-273,-14472,4180,3372,-965,99,-227,-14808,-2964,5792,-482,272,-101,0
113.56071901321411,10200,5204,10904,-175,-338,84,9004,-9624,9060,17,122,-337,-14572,4604,3504,-943,141,-20,-14624,-3004,5704,-423,288,-28,0
113.59715008735657,10192,5128,10988,-262,-360,104,9336,-9952,8968,-21,47,-295,-14612,4476,3108,-960,214,-230,-14860,-3004,5604,-427,253,-14,0
113.63228201866151,10200,5288,10924,-216,-296,142,8960,-9828,8884,19,207,-242,-14424,4368,3724,-1015,171,-101,-15076,-2900,5620,-421,168,-15,0
113.66810607910156,10308,5040,10960,-216,-204,207,9040,-9500,9064,29,116,-151,-14572,4248,3288,-1051,152,-27,-14868,-3132,5780,-491,70,-35,0
113.703458070755,10200,5104,10800,-228,-146,207,9056,-9692,9060,27,20,-78,-14548,4464,3344,-1076,152,-41,-14748,-2824,5864,-580,73,-10,0
113.73974013328552,10152,5100,10884,-156,-111,9,9104,-9524,9184,-69,82,-90,-14680,4352,3268,-1016,139,76,-14876,-2976,5576,-618,75,-13,0
113.77492213249207,10208,4936,11012,-143,-83,245,8984,-9536,8892,-61,94,-72,-14688,4324,3264,-984,104,4,-14776,-3224,5852,-650,100,-61,0
113.81008410453796,10156,4908,10972,-83,-120,204,9056,-9792,8944,-5,74,-191,-14592,4292,3396,-1000,133,-97,-14604,-3108,5876,-615,193,-148,0
113.84534502029419,10176,5012,11248,-99,-182,129,8960,-9680,9204,19,127,-209,-14636,4120,3412,-998,84,-162,-14396,-2904,5612,-625,213,-204,0
113.88079595565794,10176,5040,10716,-14,-78,63,9052,-9616,8848,-8,89,-234,-14540,4432,3276,-998,87,-94,-14628,-3004,5772,-612,184,-232,0
113.9174449443817,10192,5080,10828,-29,71,12,8980,-9632,8948,29,25,-173,-14748,4224,3188,-1015,49,-65,-14796,-3176,5484,-259,55,-304,0
113.95260214805603,10488,5068,10940,-76,185,-64,9288,-9516,8768,-6,12,-138,-14836,4168,3408,-883,-41,-248,-14692,-3124,5636,-467,33,-364,0
113.98861193656923,10248,5252,10840,-132,178,-140,9160,-9644,9060,-153,0,-162,-14396,4540,3436,-838,-106,25,-14736,-2944,5856,-495,10,-325,0
114.0233061313629,10280,5180,11088,-214,74,-109,9020,-9672,9116,-175,84,-87,-14388,4480,3488,-863,-70,56,-14876,-3320,6024,-469,30,-198,0
114.05971598625183,10168,5072,11232,-200,80,-7,9088,-9668,9000,-168,216,-39,-14644,4408,3248,-862,-51,86,-14692,-3060,5700,-533,26,-146,0
114.09300494194031,10212,5068,11152,-157,-24,70,8976,-9804,8752,-133,231,-25,-14684,4592,3424,-962,-57,66,-14800,-3192,5776,-619,-9,-222,0
114.12666106224059,10200,5160,11180,-80,42,72,9012,-9768,9012,-125,346,-53,-14832,4420,3496,-992,-81,30,-14740,-3228,5860,-598,-128,-15,0
114.16021299362183,10084,5200,10908,-63,128,47,8992,-9692,8968,-82,247,-3,-14472,4296,3560,-918,-33,36,-14676,-3288,5664,-566,-109,-196,0
114.19386506080626,10024,5136,10820,-44,129,44,9208,-9912,8860,-127,142,-256,-14668,4364,3608,-936,230,5,-14444,-3220,5740,-606,-13,-183,0
114.22768807411195,9936,5064,10864,-22,69,43,9200,-9968,9200,-60,154,-29,-14420,4612,3552,-1002,18,12,-14700,-3232,5864,-597,-21,-169,0
114.26124691963194,9944,5068,11148,-8,101,64,8992,-9968,8980,14,200,-65,-14404,4704,3332,-1271,13,49,-14712,-2864,5972,-588,23,-155,0
114.2944231033325,10048,5080,11188,9,101,107,8844,-10204,8744,-37,246,-49,-14660,4672,3360,-1054,26,48,-14608,-3104,5916,-609,29,-123,0
114.32804512977599,9920,5040,11100,68,-12,140,8920,-9872,8824,-52,196,-61,-14372,4496,3412,-926,136,-32,-14356,-3248,6052,-619,46,-78,0
114.36170506477355,9988,5008,11052,5,-64,152,9036,-9848,8888,-135,251,-176,-14528,4420,3224,-935,168,-168,-14804,-3312,5824,-481,143,-106,0
114.39545607566835,10100,5100,11036,-90,-106,80,8992,-9796,8928,-71,140,-508,-14532,4476,3492,-929,125,-191,-14612,-3308,5816,-400,1,-104,0
114.42871713638307,10092,5064,11212,-156,-166,70,9152,-9808,8812,-84,203,-343,-14588,4332,3436,-919,69,-212,-14688,-2876,5416,-462,327,-131,0
114.462327003479,10312,5172,10876,-159,-229,18,9248,-9704,8840,-99,338,-333,-14652,4576,3124,-956,26,-222,-14864,-3228,5664,-456,313,-222,0
114.4958710670471,10008,4996,10836,-128,-207,-52,9096,-9896,8868,-23,382,-285,-14636,4372,3612,-1073,-41,-201,-15024,-3120,5712,-414,266,-280,0
114.5294461250305,10188,5304,10880,-110,-80,-70,9016,-9840,9064,37,408,-254,-14536,4428,3672,-1076,-36,-123,-14812,-3200,5768,-501,213,-511,0
114.56284594535826,10008,5204,11084,-53,-58,-60,8948,-9692,9112,246,278,-151,-14544,4572,3452,-1085,-42,-128,-14728,-3296,5884,-531,135,-234,0
114.59647798538208,9996,5228,11056,-35,22,-6,9172,-9804,9064,-17,275,-88,-14496,4496,3560,-1097,10,-101,-14820,-3224,5748,-473,39,-219,0
114.62980008125307,9868,5224,11012,-69,55,35,8828,-9836,9036,27,261,-51,-14580,4648,3608,-1155,113,-21,-14628,-3272,5876,-518,1,-171,0
114.66342902183533,9976,5216,11164,-45,78,72,8908,-9920,9004,-4,198,-25,-14528,4848,3832,-1106,65,254,-14728,-3252,6044,-629,-20,-201,0
114.69699907302856,10004,5300,11104,-254,58,80,8844,-9876,9056,-31,-209,42,-14376,4632,3624,-1241,104,4,-14700,-3196,5992,-606,8,-173,0
114.73055696487427,9916,5244,11040,-49,43,108,8836,-9824,8920,-48,61,-51,-14484,4364,3652,-1103,117,28,-14352,-3516,6040,-578,94,-119,0
114.76421904563902,9856,5196,11140,-95,-35,96,8812,-9852,8836,-79,114,-166,-14764,4468,3488,-939,148,-60,-14708,-3180,6000,-495,170,-95,0
114.79755496978758,10028,5280,11036,-144,-109,129,8864,-9872,9044,-42,180,-180,-14428,4472,3436,-959,133,-108,-14640,-3196,5828,-456,225,-76,0
114.83103799819946,10000,5080,10884,-197,-186,120,8832,-9720,9136,-60,97,-216,-14552,4416,3504,-978,146,-201,-14824,-3300,5816,-465,274,-100,0
114.86475110054015,9948,5324,11020,-225,-254,84,8964,-9684,8920,-35,192,-289,-14820,4572,3528,-865,78,-228,-14676,-3396,5780,-456,231,-115,0
114.89820408821107,10104,5224,11072,-158,-189,-3,9068,-9644,9020,-85,239,-295,-14840,4400,3416,-773,26,-150,-14720,-3252,5660,-457,188,-176,0
114.93172693252562,10012,5320,10956,-228,-100,-5,8944,-9772,8924,-65,228,-230,-14508,4484,3560,-979,254,-99,-14784,-3096,5880,-457,220,-145,0
114.96538496017455,10076,5204,10996,-173,-45,77,8948,-9744,8796,41,141,-117,-14832,4568,3536,-1064,69,-255,-14740,-3172,5804,-487,148,-100,0
114.99850702285767,10048,5168,11060,-140,-254,106,8744,-9804,8764,-58,171,-133,-14580,4528,3296,-1065,101,-247,-14716,-3236,5884,-546,25,-124,0
115.03208899497987,10100,5300,11076,-126,60,104,9080,-9884,9016,-59,125,-31,-14520,4528,3384,-986,138,29,-14592,-3156,5664,-580,-11,-77,0
115.06529593467712,10152,5156,10792,-146,23,137,8788,-9984,9192,-63,81,-61,-14320,4512,3416,-992,146,24,-14552,-3296,5788,-568,67,-30,0
115.10270309448242,9884,5060,11120,-174,-256,180,8800,-9856,8868,-30,114,-37,-14436,4372,3476,-1029,168,42,-14644,-3304,5688,-581,43,-40,0
115.13788914680481,9728,5224,11100,-127,24,207,8768,-9792,9012,-85,138,-76,-14576,4504,3576,-918,100,-6,-14616,-3340,5768,-543,55,-47,0
115.17374205589294,9808,5124,11140,-162,-30,170,8836,-9944,8972,-84,98,-86,-14432,4540,3724,-1005,158,226,-14376,-3404,5992,-520,104,-45,0
115.20956301689147,9832,5304,11204,-154,-13,130,8844,-9856,9072,-83,86,-121,-14696,4528,3580,-1037,160,-249,-14740,-3196,5908,-553,149,-62,0
115.24501609802246,9904,5180,11156,-154,-84,132,8920,-9920,9148,-72,77,-125,-14540,4536,3740,-1023,134,-53,-14732,-3260,5876,-533,138,-92,0
115.28076696395874,10020,5172,11172,-140,-110,128,8724,-9852,9028,-101,83,-153,-14400,4492,3576,-964,144,-91,-14596,-3356,5784,-522,85,-134,0
115.31749510765074,10176,5192,10888,-164,-47,64,8720,-9832,8800,-85,224,-121,-14732,4516,3408,-951,242,9,-14700,-3136,5772,-523,24,-229,0
115.35232210159303,10156,5280,11060,-181,52,-22,8956,-9740,8816,-46,308,-72,-14592,4528,3496,-904,-61,-233,-14656,-3224,5840,-451,255,-190,0
115.39094305038451,9772,5208,11016,-227,45,9,8776,-9780,8720,-95,299,-106,-14508,4432,3528,-965,77,-49,-14576,-3188,5804,-418,140,-69,0
115.42736411094667,9928,5288,11472,-273,-67,101,8908,-9848,8908,-63,187,-199,-14620,4524,3548,-942,159,-132,-14660,-3092,5920,-451,165,-11,0
115.46271204948427,9956,5280,11052,-232,-226,141,8868,-10056,9088,-35,116,-231,-14532,4576,3384,-976,140,-141,-14492,-3228,5800,-493,264,-52,0
115.49887704849243,9916,5144,10892,-236,-323,183,8760,-9732,8952,-252,82,-236,-14096,4532,3448,-1010,242,-168,-14392,-3092,6020,-534,221,-254,0
115.5339570045471,9744,5160,10976,-140,-508,170,9152,-9824,9132,-32,53,-229,-14632,4456,3500,-1013,191,-172,-14836,-3344,5900,-465,214,-34,0
115.56952810287474,9968,5068,11168,-228,-232,110,8948,-9812,8824,63,187,-267,-14716,4672,3536,-970,172,-146,-14760,-3184,5884,-450,214,-96,0
115.60482406616211,9880,5028,11072,-241,-197,47,8848,-9868,8976,86,264,-226,-14576,4560,3552,-992,55,-177,-14524,-3268,5960,-468,232,-161,0
115.64018607139586,9976,5312,11140,-228,-193,38,8760,-9888,9096,44,293,-210,-14504,4620,3556,-963,19,-147,-14672,-3232,6100,-496,182,-181,0
115.6758940219879,9908,5244,11068,-211,-227,64,8848,-9896,9164,-9,332,-193,-14372,4844,3500,-915,44,-138,-14344,-3084,5880,-515,197,-111,0
115.71177411079407,9908,5132,11152,-169,-239,117,8832,-9868,9000,34,295,-216,-14420,4492,3460,-954,116,-116,-14476,-3136,5904,-258,200,-91,0
115.74775815010071,9952,5156,11216,-223,-4,162,8764,-9736,8752,255,181,-226,-14320,4448,3544,-987,182,-177,-14616,-3148,5848,-489,260,-15,0
115.78129005432129,9944,5192,11032,-220,-287,208,8888,-9808,8964,-23,75,-271,-14572,4356,3588,-1059,216,-161,-14688,-3164,5736,-537,293,-14,0
115.81483793258667,10028,5152,10940,-197,-293,226,8960,-9840,8988,31,54,-186,-14356,4636,3312,-1080,215,-161,-14708,-3016,5852,-602,236,-246,0
115.84842109680174,10040,4924,10900,-135,-245,279,8852,-9736,8880,95,37,-143,-14336,4584,3600,-1152,227,-125,-14656,-3104,5924,-603,204,-37,0
115.88181495666502,10048,4876,10780,-126,-136,248,8852,-9788,9152,76,27,-129,-14496,4408,3564,-1102,225,-87,-14540,-3328,5804,-562,165,-43,0
115.91566896438599,9984,5040,11080,-133,-168,199,8768,-9704,8888,-20,13,-163,-14300,4504,3372,-1052,242,-75,-14564,-3300,5916,-562,199,-10,0
115.94913506507875,10232,5196,11180,-129,-142,216,8796,-9496,9048,-59,61,-138,-14492,4552,3516,-1079,116,-82,-14572,-3272,5752,-594,173,-137,0
115.98277902603151,10220,4984,10944,-42,-52,170,9004,-9576,8800,-5,100,-122,-14408,4368,3404,-779,70,-112,-14692,-3296,5648,-575,104,-258,0
116.01642513275146,10236,5180,10992,-46,-16,-25,8984,-9684,8928,-31,148,-194,-14536,4132,3528,-1074,15,-176,-14508,-3276,5628,-505,169,-5,0
116.04973101615907,10228,5248,11004,-91,-7,-46,8748,-9312,8980,-28,147,-190,-14736,4320,3472,-1040,-25,-147,-14760,-3164,5576,-463,214,-207,0
116.08341813087463,10192,5044,10936,-134,100,255,8820,-9732,8900,20,104,-115,-14372,4852,3356,-1092,-36,-27,-14688,-3264,5904,-464,140,-176,0
116.11653494834898,10060,5112,11136,-108,148,32,8908,-9924,8992,39,147,-104,-14552,4444,3416,-1060,25,-4,-14652,-3116,5864,-517,67,-179,0
116.15009808540344,10032,5148,11096,-33,111,41,8816,-9784,8720,-49,122,-166,-14408,4480,3544,-976,98,-65,-14640,-3116,5884,-257,158,-126,0
116.18355703353883,10060,5152,11004,-97,-68,113,8776,-9892,8864,-89,104,-162,-14172,4844,3604,-1001,79,-76,-14732,-3016,5900,-521,154,-42,0
116.21738100051878,10068,5140,11084,-102,12,141,8884,-9852,8896,-100,54,-55,-14560,4588,3344,-1052,64,-236,-15080,-3196,5932,-518,7,-92,0
116.25120997428894,10088,5344,11192,-76,95,182,8992,-9992,8968,-46,252,24,-14692,4656,3504,-1097,17,11,-14828,-3116,5940,-583,-56,-149,0
116.28485798835754,10036,4892,11476,-36,143,132,9184,-9732,9184,-55,187,23,-14776,4472,3644,-1056,255,39,-14812,-3272,5936,-614,-74,-191,0
116.31842708587646,10028,5316,11188,-8,145,108,8896,-9884,9212,-42,102,9,-14500,4440,3588,-1051,9,52,-14592,-3268,5668,-611,-12,-191,0
116.35189008712769,9856,5112,11024,-49,71,125,8696,-9824,8896,-18,105,10,-14496,4392,3592,-1073,61,-6,-14540,-3136,5820,-558,120,-171,0
116.38557696342468,9756,4888,11208,6,75,96,9140,-9928,9000,-15,160,-81,-14492,4500,3836,-1084,126,-68,-14456,-3248,5968,-573,183,-166,0
116.41922712326051,9864,5216,11028,-45,240,47,8852,-9824,8720,-254,91,-189,-14336,4612,3536,-1019,77,-106,-14672,-3548,5884,-507,194,-143,0
116.45251512527467,9920,5164,11072,-84,-28,57,8808,-9856,9056,-60,136,-218,-14488,4548,3652,-977,98,-113,-14648,-3264,5928,-468,188,-136,0
116.48625302314758,9952,5216,11188,-88,-56,63,8852,-9748,9056,-51,145,-207,-14564,4544,3560,-987,83,-107,-14692,-3292,5916,-447,218,-152,0
116.51976799964905,10144,5148,11092,-112,-69,46,8824,-9784,8788,-24,129,-164,-14388,4484,3644,-1005,78,-128,-14612,-3348,6012,-259,164,-132,0
116.55342507362367,9988,5220,11072,-117,-26,38,8836,-9868,8992,-92,90,-176,-14448,4568,3668,-934,58,-132,-14716,-3140,5916,-516,147,-155,0
116.5872230529785,10012,5188,11224,-112,-63,60,8892,-9956,9188,-65,159,-181,-14400,4512,3608,-922,56,-94,-14652,-3076,5980,-513,161,-117,0
116.62050700187683,9976,5192,11084,-146,-114,83,8864,-9888,9024,-18,161,-186,-14416,4472,3404,-955,83,-93,-14512,-3324,5932,-463,174,-134,0
116.65420103073119,9816,5196,11192,-197,-114,71,8924,-9772,9040,-51,178,-211,-14568,4336,3424,-541,56,-79,-14740,-3216,5972,-437,204,-77,0
116.68775391578674,9820,5228,11104,-174,-150,80,8936,-9704,9072,-81,315,-246,-14588,4484,3704,-865,77,-156,-14568,-3220,5852,-480,225,-91,0
116.72112798690794,9972,5084,11088,-273,-205,99,8900,-9900,8948,-24,314,-502,-14424,4404,3328,-919,124,-198,-14508,-3180,5780,-497,269,-39,0
116.75773906707762,9904,5152,10824,-182,-282,148,8760,-9796,9052,-11,170,-319,-14484,4472,3480,-968,229,-238,-14552,-3156,5728,-396,366,14,0
116.79334211349487,10136,5344,11040,-198,-405,119,8932,-9960,8836,67,48,-476,-14288,4492,3736,-968,269,-355,-14664,-3228,5676,-392,404,-27,0
116.82823395729065,10028,5180,10844,-196,-362,113,8964,-10000,9120,57,84,-360,-14468,4748,3592,-782,169,-14,-14708,-3144,6108,-437,346,-87,0
116.86393713951111,9996,5084,11068,-168,-314,102,8904,-9928,9068,51,270,-263,-14528,4676,3764,-974,91,-156,-14720,-3144,6088,-464,201,-126,0
116.89960408210754,10000,5068,11148,-135,-195,79,8740,-10204,8824,31,229,-215,-14636,4536,3484,-929,61,-170,-14760,-3284,5924,-539,146,-121,0
116.93428897857666,9988,5200,11160,-112,-171,105,8824,-9848,9068,38,113,-236,-14392,4624,3432,-948,187,-167,-14552,-3272,5916,-507,189,-72,0
116.97006011009216,9868,5096,11108,-180,-253,170,8820,-9972,8956,49,71,-264,-14464,4604,3472,-959,222,-6,-14824,-3084,5896,-482,288,-21,0
117.00527906417847,9936,5120,11100,-178,-310,190,8768,-9840,8876,51,127,-305,-14568,4496,3592,-991,224,-508,-14588,-3256,5660,-527,346,-47,0
117.04113197326659,9976,5172,11096,-212,-399,174,8900,-9768,9000,63,107,-342,-14196,4404,3576,-970,174,-324,-14620,-3272,5644,-517,356,-68,0
117.07734394073486,10140,5264,11056,-178,-372,136,8984,-9976,9132,81,101,-344,-14364,4460,3776,-1044,200,-324,-14596,-3312,5876,-542,396,-82,0
117.11242294311522,10152,5172,10820,-142,-329,157,9020,-9816,9148,92,141,-305,-14416,4336,3452,-1067,225,-246,-14784,-3208,5780,-261,301,-73,0
117.14828610420227,10236,5220,11000,-143,-251,145,9056,-9732,8848,35,49,-4,-14732,4376,3528,-1029,182,-196,-14636,-3304,5636,-498,221,-75,0
117.18342208862305,10124,5220,10888,-128,-151,124,8952,-9668,9048,-43,132,-202,-14404,4556,3460,-1266,114,-72,-14816,-3180,5808,-527,127,-92,0
117.21823811531067,10268,4904,10932,-40,-66,141,9036,-9504,8896,-80,42,-151,-14620,4516,3524,-1064,100,-38,-14800,-3044,5756,-609,31,-158,0
117.25432991981506,10100,5152,10968,-57,12,97,9200,-9972,8884,250,52,-36,-14320,4500,3648,-1132,79,-53,-14592,-3224,5848,-523,44,-163,0
117.28973102569579,10108,5172,10992,-117,156,89,8908,-9764,8960,-35,-38,-52,-14564,4260,3408,-1161,126,-6,-14536,-3224,5736,-520,85,-106,0
117.3250730037689,10108,5228,11076,-126,73,118,8720,-9828,8868,-35,-94,-127,-14784,4384,3536,-1136,181,-37,-14644,-3284,5732,-475,168,-94,0
117.36078596115112,10108,5212,11044,-158,-4,90,8972,-9796,9188,-60,34,-170,-14480,4220,3804,-996,172,-41,-14776,-3448,6040,-429,139,-83,0
117.39620304107666,10004,5276,11044,-118,-8,91,8752,-9492,9180,-45,81,-150,-14592,4364,3584,-992,92,-6,-14692,-3268,5748,-494,92,-129,0
117.4318950176239,10088,5212,11136,-95,-11,58,9000,-9868,9020,-82,74,-126,-14400,4536,3520,-980,-18,28,-14868,-3132,5776,-517,39,-177,0
117.46550393104555,10140,5140,10976,-129,38,30,8908,-9752,9104,-56,222,-72,-14488,4860,3464,-982,-34,-3,-14640,-3092,5928,-541,-11,-211,0
117.4991180896759,9988,5100,11052,-146,79,31,8956,-9928,9200,-42,147,-37,-14364,4656,3516,-963,16,-69,-14720,-3048,6052,-542,19,-189,0
117.53270292282104,9960,5044,11216,-50,87,26,8712,-9856,8848,-27,97,-96,-14660,4516,3588,-802,246,-73,-14708,-3004,5920,-546,109,-196,0
117.56607007980347,9912,5116,11240,-58,3,68,8852,-9976,8980,20,159,-144,-14520,4568,3508,-995,100,-129,-14540,-3076,5900,-566,204,-183,0
117.59995293617249,9972,5176,11204,-31,-48,57,8704,-9796,8900,47,159,-205,-14696,4412,3360,-1119,129,-98,-14648,-3132,5792,-578,270,-184,0
117.6331419944763,10016,5164,11072,-66,-121,79,8828,-9788,8972,-25,93,-226,-14432,4432,3372,-1002,116,-111,-14536,-3188,5988,-518,217,-196,0
117.66680693626402,10184,5208,11164,-136,-106,64,9012,-9828,8836,-19,150,-199,-14784,4492,3508,-1009,124,-176,-14672,-3204,5772,-486,208,-150,0
117.69984412193298,10008,5164,10928,-132,-49,49,9032,-9816,9004,-51,156,-225,-14732,4388,3540,-931,92,-186,-14724,-3324,5720,-498,201,-161,0
117.7334189414978,10132,5188,11032,-84,-67,62,9100,-9828,8984,-118,35,-181,-14824,4152,3540,-924,99,-135,-14728,-3336,5736,-765,173,-167,0
117.76712608337402,10080,5172,10964,-66,-50,44,9040,-9764,8932,-48,149,-190,-14792,4376,3452,-959,63,-66,-14492,-3268,5752,-767,126,-189,0
117.80047607421875,9908,5244,11116,-117,-26,25,9016,-9632,9028,-38,113,-180,-14620,4508,3576,-924,76,-75,-14656,-3212,5856,-499,112,-179,0
117.83402514457703,10112,5204,11120,-103,-43,54,8928,-9960,8768,-29,233,-147,-14352,4428,3364,-1010,77,-93,-14656,-3164,5660,-536,130,-122,0
117.86769294738771,10072,5252,11096,-131,-41,65,9172,-9584,8968,31,161,-130,-14416,4548,3456,-979,95,-71,-14676,-3560,5824,-508,148,-69,0
117.90099596977235,9848,5248,11148,-170,-86,137,8972,-9732,9056,-20,149,-110,-14268,4452,3484,-979,186,-87,-14372,-3292,5808,-514,163,14,0
117.93433809280394,9856,5324,11100,-237,-134,196,8828,-9824,9096,-44,105,-151,-14640,4392,3584,-936,273,-105,-14796,-3404,5900,-491,172,45,0
117.96796298027039,9892,5268,11168,-225,-215,218,8872,-9900,9124,-104,32,-178,-14668,4524,3532,-875,273,-109,-14612,-3236,6132,-522,154,28,0
118.00156903266907,10224,5088,11024,-154,-272,178,9032,-9984,8936,-124,70,-195,-14416,4536,3588,-941,157,-77,-14344,-3172,5916,-555,164,-48,0
118.03532314300537,10172,5056,11056,-214,-204,129,8744,-9836,8724,-19,195,-165,-14516,4464,3600,-974,133,-81,-14608,-3260,5928,-502,158,-71,0
118.06898498535156,9808,5160,11064,-204,-153,100,8952,-9848,8896,-4,160,-202,-14456,4512,3532,-993,187,-168,-14520,-3292,5832,-458,243,-75,0
118.10232996940613,9892,5116,11196,-240,-294,105,8912,-9880,8828,47,121,-298,-14540,4468,3460,-1003,186,-287,-14608,-2840,5648,-443,399,250,0
118.13559603691101,9980,5152,11156,-217,-354,122,9204,-9848,8752,83,78,-334,-14820,4432,3332,-1028,190,-31,-14672,-3156,5824,-483,379,-51,0
118.16925811767578,10124,5168,11256,-197,-361,146,9000,-9684,8916,50,28,-291,-14524,4416,3452,-1034,149,-184,-14652,-3164,5936,-509,264,-101,0
118.20257592201233,10000,5204,10980,-190,-300,113,9084,-9812,8908,69,118,-249,-14684,4384,3344,-959,130,-181,-14680,-3140,5784,-760,227,-87,0
118.23623394966127,10052,5156,11068,-183,-274,126,9084,-9480,9036,3,134,-245,-14516,4352,3648,-1012,136,-139,-14708,-3200,5708,-497,229,-70,0
118.27001404762268,10088,5200,11024,-238,-266,134,8972,-9516,8880,48,232,-159,-14532,4496,3400,-1051,173,-155,-14620,-3264,5612,-481,226,-64,0
118.30359697341919,10112,5152,10848,-205,-243,168,9020,-9672,8916,3,32,-239,-14512,4416,3372,-1038,211,-147,-14612,-3272,5804,-512,208,-48,0
118.33726215362549,10116,4956,10800,-185,-235,172,9204,-9716,8936,248,60,-225,-14472,4436,3384,-974,145,-149,-14500,-3132,5540,-507,201,-102,0
118.3708860874176,10100,5184,10848,-179,-171,140,9104,-9788,8716,-50,246,-9,-14572,4316,3348,-1043,180,-148,-14600,-3196,5684,-515,196,-87,0
118.40420103073119,10020,5064,10856,-124,-125,107,8996,-9740,8888,-3,48,-217,-14496,4528,3384,-1022,130,-89,-14652,-3256,5824,-528,182,-128,0
118.4406509399414,10108,5184,11104,-70,-71,104,9060,-9540,8896,-73,101,-187,-14464,4548,3360,-1003,140,-91,-14664,-3100,5856,-500,128,-153,0
118.47611212730406,10140,5068,10964,-146,245,68,8832,-9812,8888,-57,120,-128,-14656,4440,3364,-1017,37,-80,-14844,-2844,5720,-486,84,-166,0
118.5118200778961,10056,5068,11016,-154,36,36,8580,-9760,8688,-58,42,-102,-14452,4508,3420,-990,69,-52,-14832,-3164,5744,-492,62,-126,0
118.54865407943727,10092,5360,10900,-138,75,33,9100,-9864,9048,-94,100,-106,-14468,4476,3500,-958,67,-22,-14612,-3152,5860,-455,84,-169,0
118.58360600471497,10028,5136,11044,-159,39,37,9212,-9780,9052,-82,226,-168,-14588,4504,3492,-907,47,-125,-14524,-3324,6000,-467,140,-136,0
118.61939311027527,10000,5100,11128,-121,-57,63,8896,-9836,8948,-120,172,-196,-14468,4580,3448,-886,56,-69,-14584,-3176,5824,-498,168,-134,0
118.65414714813232,10084,5100,11068,-149,-67,55,9188,-9764,9024,-77,145,-154,-14460,4372,3344,-975,71,-111,-14716,-3256,5868,-514,114,-168,0
118.68924903869629,10052,5152,11008,-88,-45,59,8952,-9820,8900,-80,141,-140,-14472,4520,3484,-964,79,-10,-14660,-3244,5868,-519,88,-188,0
118.72438693046571,10112,5196,10952,-87,22,30,9052,-9784,8872,-74,170,-122,-14600,4532,3420,-967,69,-46,-14696,-3108,5792,-513,101,-186,0
118.76010298728943,10168,5112,11008,-139,49,50,8980,-9740,9024,-60,182,-134,-14632,4408,3404,-915,49,-7,-14784,-3172,5756,-475,99,-119,0
118.79565906524658,10060,5136,10976,-86,31,85,9008,-9828,8888,-43,100,-135,-14808,4504,3496,-933,96,-77,-14752,-3172,5824,-505,102,-115,0
118.83090305328369,9972,5116,11168,-90,2,105,8748,-9848,9156,-49,49,-144,-14664,4452,3380,-940,99,-43,-14744,-3152,5848,-491,104,-113,0
118.86601901054382,9944,5260,11088,-108,-39,68,9208,-9740,8892,-131,137,-135,-14540,4820,3476,-884,103,-89,-14732,-3276,5768,-524,118,-108,0
118.90235209465027,10020,5228,11144,-133,-50,79,9204,-9896,9032,-33,126,-141,-14556,4540,3496,-847,116,-81,-14616,-3272,5828,-515,156,-131,0
118.93772411346434,9928,5348,10908,-64,-16,71,8880,-9924,9092,-74,79,-174,-14632,4524,3544,-955,115,-70,-14692,-3288,5844,-510,163,-146,0
118.97266697883607,9884,5248,11052,-107,-56,91,8936,-9820,9020,-52,88,-168,-14360,4616,3428,-932,190,-127,-14848,-3212,5864,-515,147,-109,0
119.00858902931215,9984,5236,11052,-117,-36,69,9016,-9796,8752,-76,111,-180,-14492,4572,3392,-938,152,-92,-14640,-3192,5856,-260,160,-117,0
119.04398703575134,10024,5120,11196,-102,-30,83,8784,-9932,8968,-65,166,-196,-14692,4620,3560,-953,106,-138,-14472,-3128,5728,-483,160,-121,0
119.08053207397461,9956,5124,11096,-110,-101,106,8960,-9888,8924,-28,81,-170,-14560,4548,3524,-936,124,-91,-14688,-3200,5712,-523,190,-148,0
119.11399292945863,10120,5176,11096,-95,-127,69,9056,-9940,8808,-56,109,-212,-14756,4456,3556,-984,88,-81,-14736,-3212,5728,-260,165,-145,0
119.14783000946045,9968,5252,11100,-105,-73,84,8932,-9816,9016,-45,178,-200,-14552,4632,3472,-975,101,-75,-14748,-3236,5760,-504,149,-168,0
119.18134093284607,9936,5168,11040,-111,-62,78,9056,-9736,8908,-45,180,-158,-14532,4496,3228,-965,76,-96,-14692,-3180,5860,-258,169,-159,0
119.21476697921753,10204,5188,11080,-104,-68,72,8916,-9884,8896,251,146,-167,-14520,4436,3500,-1033,112,-141,-14688,-3196,5760,-491,190,-132,0
119.24812412261963,9884,5200,10796,-113,-85,108,8992,-9824,9068,-28,114,-174,-14548,4608,3508,-951,113,-139,-14716,-3276,5784,-522,142,-105,0
119.28174901008607,9912,5280,11232,-122,-96,73,8996,-9796,8864,-16,115,-199,-14480,4572,3376,-1022,101,-141,-14576,-3180,5840,-520,196,-103,0
119.31516814231873,9856,5260,11140,-143,-137,94,9008,-9772,9160,7,147,-133,-14412,4372,3788,-980,73,-83,-14808,-3332,5944,-260,145,-74,0
119.3487160205841,9980,5180,11080,-174,-111,106,8940,-9824,8944,-66,143,-159,-14620,4440,3580,-938,88,-112,-14664,-3216,5704,-481,163,-95,0
119.38230395317079,9952,5152,11056,-206,-114,69,9076,-9904,8868,-48,145,-168,-14548,4592,3512,-982,113,-99,-14696,-3164,5816,-481,205,-54,0
119.41573810577393,9992,5220,11264,-199,-175,138,8960,-9836,8884,-252,125,-188,-14664,4444,3376,-1001,175,-128,-14548,-3148,5744,-511,199,-55,0
119.44914102554323,9892,5212,11180,-233,-241,156,8972,-9892,8896,2,139,-240,-14768,4544,3736,-967,153,-160,-14636,-3128,5880,-495,184,-47,0
119.48254299163818,9944,5228,10920,-200,-269,97,8720,-9896,9180,-20,179,-244,-14704,4544,3444,-916,165,-152,-14700,-3248,5924,-488,229,-56,0
119.51606392860413,10020,5152,11148,-176,-290,113,8912,-9912,8816,-35,148,-265,-14400,4548,3384,-947,153,-183,-14704,-3084,5876,-516,247,-84,0
119.54979205131531,9936,5164,11048,-193,-271,145,8980,-9836,8840,-12,167,-255,-14700,4452,3304,-781,178,-149,-14784,-3072,5876,-502,259,-59,0
119.58333611488342,10048,5140,10760,-166,-244,122,8888,-9756,8824,33,158,-242,-14576,4604,3352,-977,174,-191,-14644,-3100,5800,-512,248,-90,0
119.616868019104,10088,5120,11044,-229,-262,124,9084,-9736,8960,35,174,-222,-14608,4436,3384,-980,158,-194,-14604,-3088,5868,-486,225,-63,0
119.65039300918579,10052,5160,10952,-226,-238,117,8936,-9784,8804,58,154,-239,-14680,4452,3452,-1009,156,-165,-14844,-3116,5724,-262,0,-28,0
119.68370604515074,9792,4888,11188,-248,-295,140,9012,-9476,8756,32,120,-511,-14708,4420,3372,-1017,185,-188,-14616,-3216,5764,-492,300,-47,0
119.71734499931334,9752,5364,11128,-203,-314,161,8940,-9844,8928,53,135,-298,-14504,4444,3128,-959,214,-204,-14688,-3108,5672,-482,253,-38,0
119.7508590221405,9776,5368,10988,-187,-310,141,8756,-9800,8856,23,185,-260,-14320,4552,3428,-982,152,-180,-14652,-3252,5752,-478,239,-53,0
119.78431510925293,10020,4872,11044,-184,-297,119,9180,-9756,9140,12,136,-257,-14544,4448,3384,-995,125,-150,-14776,-3020,5776,-765,200,-80,0
119.81803894042969,10068,5184,11232,-165,-239,119,8924,-9772,9040,35,119,-223,-14488,4484,3080,-1020,127,-146,-14588,-3140,5792,-513,208,-91,0
119.85174703598022,10144,5156,10872,-175,-219,126,8988,-9736,8812,24,132,-5,-14588,4404,3380,-992,139,-220,-14428,-3148,5704,-489,224,-77,0
119.88485693931578,10100,5080,11036,-177,-225,121,8976,-9608,8972,3,131,-233,-14816,4460,3548,-998,170,-170,-14700,-3180,5824,-496,195,-69,0
119.91841292381287,10104,5092,10816,-134,-213,135,9028,-9920,8884,-34,106,-224,-14576,4460,3388,-998,173,-108,-14832,-3188,5828,-535,176,-102,0
119.95190000534059,10188,5084,10868,-142,-184,110,9008,-9944,9032,1,63,-192,-14648,4600,3452,-1021,116,-87,-14616,-3104,5832,-513,171,-111,0
119.98540902137756,10056,5228,10872,-123,-51,119,8956,-9748,8820,-8,108,-119,-14408,4416,3184,-1022,84,-41,-14632,-3188,5756,-485,122,-146,0
120.01906514167787,10060,5100,10928,-136,-23,103,9072,-9764,8956,-41,112,-143,-14344,4452,3384,-1001,90,-80,-14720,-3312,5676,-506,130,-152,0
120.05271100997925,10144,5004,11032,-171,28,77,9020,-9692,8788,-43,114,-131,-14528,4556,3404,-1040,82,-67,-14808,-3132,5736,-508,99,-145,0
120.08607411384583,10148,5164,11000,-119,47,68,9052,-9592,8724,-34,140,-93,-14612,4328,3572,-769,63,-34,-14636,-3208,5768,-494,55,-142,0
120.12335205078125,10084,5204,11176,-154,45,65,8988,-9840,8888,-59,142,-107,-14560,4528,3456,-972,96,-5,-14624,-3088,5712,-509,44,-147,0
120.15875506401062,10020,5352,11104,-117,-2,62,9200,-9744,9156,-98,155,-133,-14624,4504,3396,-954,64,-97,-14592,-3300,5776,-526,111,-170,0
120.19368100166321,10236,4924,11080,-103,-50,66,9056,-9848,9004,-97,197,-170,-14504,4420,3440,-972,100,-61,-14604,-2880,5780,-491,125,-150,0
120.22963404655457,10028,5168,10996,-105,-17,50,8964,-9780,8856,-65,173,-154,-14580,4508,3504,-998,63,-19,-14644,-3224,5892,-761,115,-192,0
120.26487207412718,9972,5356,10764,-92,-16,59,9108,-9768,8956,-54,143,-150,-14640,4408,3532,-983,58,-80,-14656,-3112,6008,-497,97,-160,0
120.30037403106691,10124,4912,11196,-112,47,28,9020,-9788,8872,-71,140,-126,-14472,4608,3420,-994,54,-22,-14720,-3256,5732,-761,100,-157,0
120.3354721069336,10028,5244,11096,-73,25,60,9208,-9808,9120,-43,104,-106,-14784,4500,3440,-1010,64,-70,-14688,-3192,5876,-513,157,-131,0
120.37170505523683,9948,5260,11024,-84,-25,85,8784,-9868,8972,-67,106,-151,-14368,4432,3456,-1005,93,-91,-14836,-3172,5840,-530,169,-131,0
120.41257095336914,9880,5140,11056,-106,-39,78,8992,-9780,8912,-96,123,-169,-14640,4496,3552,-957,136,-88,-14724,-2904,5732,-530,120,-121,0
120.44881796836853,10112,5068,11012,-59,-21,75,9096,-9756,9052,-75,92,-145,-14792,4364,3552,-967,16,-76,-14860,-3300,5792,-543,111,-154,0
120.48416996002199,10232,5352,11132,-107,23,45,9064,-9796,8896,0,132,-110,-14532,4412,3360,-1057,86,-71,-14632,-3056,5712,-515,102,-143,0
120.5199339389801,9816,5140,11092,-61,21,65,8948,-9864,8888,-85,138,-142,-14500,4460,3656,-992,89,-49,-14688,-3132,5916,-500,118,-99,0
120.55548501014711,10040,5136,11256,-76,-63,88,9056,-9760,8936,-47,129,-151,-14676,4576,3420,-985,88,-67,-14712,-3292,5968,-520,110,-123,0
120.59135007858276,9992,5236,11036,-100,-24,65,8920,-9800,8928,-73,112,-150,-14656,4572,3596,-934,94,-49,-14688,-3220,5744,-517,118,-139,0
120.62735295295715,9748,5360,11056,-91,-9,85,8992,-9832,8900,-62,118,-137,-14832,4540,3556,-1019,71,-34,-14708,-3180,5700,-522,117,-164,0
120.66244196891785,9900,5192,11012,-97,-8,59,8720,-9836,8940,-67,127,-143,-14348,4488,3452,-990,28,-56,-14604,-3176,5952,-768,132,-163,0
120.69825601577759,9952,5148,11080,-121,-22,77,9104,-9808,9100,-54,132,-173,-14436,4612,3460,-980,94,-86,-14652,-3184,5752,-261,123,-106,0
120.73356103897095,9936,5136,11184,-93,-30,78,9188,-9852,8852,-46,125,-166,-14420,4356,3480,-971,90,-111,-14552,-3228,5816,-521,164,-113,0
120.76952099800111,9868,5128,11216,-106,-67,88,9016,-9880,8936,-34,124,-158,-14432,4500,3456,-998,144,-70,-14672,-3332,5804,-522,160,-114,0
120.80320906639099,10136,5196,11188,-102,-70,94,9080,-9928,8756,-40,92,-185,-14468,4496,3456,-1006,98,-121,-14580,-3204,5748,-523,179,-129,0
120.83682608604431,10000,5140,11036,-94,-83,78,9024,-10140,8920,-87,133,-168,-14804,4352,3552,-1040,93,-82,-14856,-3320,5796,-762,196,-127,0
120.8702700138092,10212,5292,11124,-136,-59,69,8720,-9840,8932,-32,103,-176,-14708,4560,3396,-1007,141,-135,-14848,-3284,5980,-764,184,-110,0
120.90369892120363,9960,5264,11084,-116,-48,100,8956,-9824,8940,-53,121,-177,-14788,4500,3528,-937,80,-118,-14664,-3220,5852,-516,178,-101,0
120.93732404708862,9908,5300,10868,-117,-76,92,9048,-9768,8940,-51,150,-167,-14716,4504,3532,-974,96,-117,-14616,-3160,5860,-513,158,-118,0
120.97084593772888,10224,5236,10964,-152,-67,68,8944,-9740,8884,-19,190,-157,-14828,4396,3372,-951,77,-130,-14732,-3164,6020,-484,154,-95,0
121.00436997413635,9908,5232,11244,-224,-137,99,8948,-9820,8876,10,201,-200,-14720,4468,3316,-975,133,-133,-14612,-3316,5948,-482,216,-30,0
121.03795313835143,9848,5148,11248,-3,-224,140,8764,-9856,8852,8,203,-236,-14468,4532,3488,-952,188,-164,-14816,-3180,5868,-480,251,-36,0
121.07160115242004,9868,5184,11076,-187,-315,124,9156,-9864,8704,-17,150,-268,-14656,4552,3460,-946,144,-162,-14684,-3064,5984,-504,0,-83,0
121.10516595840454,10056,5180,11116,-142,-295,105,9000,-9900,8944,8,158,-255,-14828,4560,3432,-962,153,-174,-14712,-3108,5868,-534,230,-66,0
121.13872814178467,10028,5276,11020,-187,-264,124,8984,-9844,9000,61,223,-244,-14552,4400,3440,-943,148,-186,-14676,-3160,5916,-475,223,-45,0
121.17237305641174,9980,5336,11168,-232,-290,150,8888,-9860,8720,32,150,-264,-14588,4424,3364,-977,240,-233,-14728,-3244,5856,-447,279,-21,0
121.205570936203,9904,5100,10940,-239,-373,166,8928,-9916,8948,104,154,-306,-14608,4552,3372,-1013,219,-232,-14732,-3192,5812,-477,334,14,0
121.23901796340942,10104,5232,11200,-230,-426,145,9100,-9844,8772,78,160,-338,-14668,4428,3476,-1017,170,-222,-14756,-3252,5932,-521,323,-40,0
121.27249813079834,10036,5180,11016,-250,-449,186,9048,-9680,8884,45,208,-327,-14408,4464,3576,-972,188,-508,-14764,-3164,5908,-519,252,-49,0
121.30599212646484,10108,5172,10820,-185,-365,162,9048,-9748,8884,-5,170,-2,-14464,4624,3088,-959,165,-152,-14768,-3048,5840,-517,196,-50,0
121.33973097801208,10068,5064,10944,-221,-289,133,9024,-9712,8728,68,99,-225,-14504,4400,3616,-1008,150,-166,-14680,-3208,5712,-503,184,-89,0
121.37320399284363,10024,5336,10764,-137,-182,122,9080,-9940,8832,8,177,-204,-14740,4592,3384,-999,133,-156,-14680,-3160,5672,-491,194,-130,0
121.40677595138551,9996,5200,10952,-145,-157,95,9184,-9704,8864,8,141,-207,-14652,4440,3224,-993,92,-142,-14600,-3072,5708,-523,209,-145,0
121.44002699851991,10116,5028,10916,-136,-69,88,9036,-9724,8756,-15,108,-151,-14460,4484,3440,-1011,46,-22,-15016,-3008,5724,-517,130,-162,0
121.4736099243164,10104,5068,10908,-101,11,79,9096,-9620,8868,12,156,-94,-14484,4392,3456,-990,87,-243,-14540,-3268,5644,-485,49,-176,0
121.50730514526367,10136,5200,11024,-207,66,61,9004,-9724,8928,-21,151,-98,-14536,4384,3560,-997,97,-21,-14540,-3200,5724,-472,113,-91,0
121.54084300994873,10064,5164,11056,-128,-46,107,9200,-9800,9056,-60,120,-155,-14740,4484,3480,-986,148,-100,-14732,-3132,5764,-487,148,-84,0
121.57439613342285,10088,5236,11020,-117,-91,117,9188,-9776,9048,-35,112,-177,-14276,4588,3468,-995,158,-116,-14644,-3212,5816,-528,137,-82,0
121.60811305046083,9728,5184,10760,-106,-68,109,8900,-9768,9176,-62,106,-180,-14508,4500,3468,-965,137,-100,-14688,-3168,5772,-524,139,-108,0
121.64158892631531,10024,5064,10764,-90,-132,105,8924,-9904,8968,-61,110,-192,-14500,4612,3536,-975,146,-75,-14632,-3112,5864,-519,126,-78,0
121.67511701583862,10024,5368,11004,-161,-91,96,8720,-9792,8892,-54,113,-174,-14548,4524,3448,-997,140,-102,-14644,-3108,5892,-502,155,-123,0
121.70845913887023,9936,5136,11048,-127,-101,101,8944,-9880,8944,-35,132,-172,-14400,4448,3428,-995,150,-84,-14604,-3156,5772,-501,163,-109,0
121.74194002151489,10024,5084,10980,-144,-110,105,8948,-9828,8860,-14,138,-152,-14684,4432,3360,-989,113,-124,-14908,-3092,5724,-765,158,-106,0
121.77563810348511,10116,5120,11084,-142,-117,78,8976,-9792,9024,-34,105,-211,-14432,4504,3480,-984,136,-137,-14748,-3104,5788,-765,205,-101,0
121.81282210350037,10020,5096,11220,-139,-176,90,9088,-9800,8944,-48,107,-237,-14792,4516,3432,-992,142,-153,-14776,-3092,5496,-489,233,-108,0
121.84808397293091,10052,5064,11164,-133,-157,90,9016,-9500,8964,-15,135,-219,-14848,4392,3432,-983,139,-149,-14648,-3184,5696,-505,191,-151,0
121.88344693183899,10160,4888,10904,-116,-105,78,9064,-9836,8872,-17,172,-178,-14432,4564,3308,-972,41,-131,-14704,-3116,5788,-502,172,-141,0
121.91917300224304,10224,4912,10992,-157,-69,58,8944,-9692,8948,-15,170,-167,-14576,4504,3412,-984,38,-58,-14744,-3180,5680,-489,90,-164,0
121.95420503616333,10040,5196,11076,-132,-44,73,9020,-9800,8840,-32,171,-153,-14588,4480,3424,-964,77,-97,-14836,-3224,5836,-508,90,-96,0
121.98975992202759,10056,5080,11116,-109,-82,82,8952,-9784,8936,-22,179,-164,-14452,4516,3432,-1033,83,-87,-14656,-3272,5808,-528,158,-137,0
122.02502608299255,10040,5316,11196,-114,-100,99,8984,-9512,9188,-59,147,-127,-14724,4364,3436,-1026,92,-88,-14708,-3512,5744,-542,105,-88,0
122.06070113182066,10028,5248,11048,-95,-97,102,8960,-9756,9020,-58,119,-170,-14560,4464,3420,-986,137,-59,-14648,-3092,5828,-499,148,-97,0
122.0959939956665,10216,4936,11016,-146,-53,49,9000,-9984,8732,-25,126,-180,-14764,4500,3372,-946,99,-65,-14612,-3224,5804,-511,161,-131,0
122.13230514526367,10136,5112,11172,-96,-45,89,9016,-9692,8892,-11,146,-131,-14472,4540,3476,-1040,74,-77,-14792,-3224,5896,-514,136,-129,0
122.16761994361879,10048,5248,11176,-128,-56,107,9024,-9828,8704,-36,116,-143,-14480,4440,3420,-1007,100,-79,-14692,-3192,5872,-492,124,-101,0
122.20268201828003,10048,5164,11172,-135,-84,80,8964,-9820,8980,-68,166,-158,-14532,4500,3552,-978,130,-104,-14676,-3084,5732,-495,129,-111,0
122.23767614364623,9808,5164,10784,-118,-90,100,8968,-9740,9132,-34,123,-155,-14676,4480,3248,-1001,88,-76,-14688,-3160,5708,-511,168,-110,0
122.27363300323486,10064,5144,10940,-129,-80,107,8820,-9776,8712,-29,99,-169,-14584,4448,3352,-1065,125,-76,-14676,-3220,5768,-536,174,-113,0
122.30923604965211,10016,5364,10820,-99,-94,113,8976,-9868,8872,-14,99,-205,-14632,4552,3536,-980,124,-101,-14700,-3196,6120,-473,177,-131,0
122.34404206275939,9728,5132,11032,-141,-58,86,8988,-9816,8896,-19,140,-193,-14520,4588,3512,-976,94,-74,-14648,-3292,5732,-502,180,-123,0
122.38019895553589,10040,5272,10828,-169,-85,75,9040,-9688,8884,-22,153,-201,-14564,4504,3436,-1014,102,-124,-14780,-3084,5672,-504,198,-101,0
122.41488003730775,10016,5212,11204,-138,-108,105,8984,-9796,9156,-21,118,-191,-14680,4464,3432,-992,114,-158,-14824,-3100,5784,-257,165,-124,0
122.45162510871887,10132,5128,11008,-132,-128,98,9040,-9764,8964,-61,152,-184,-14620,4524,3352,-968,110,-123,-14624,-3092,6096,-521,162,-142,0
122.48524594306947,10128,5284,10840,-139,-90,75,8952,-9832,9016,-54,161,-199,-14628,4552,3512,-970,90,-134,-14788,-3088,5764,-507,163,-138,0
122.5187931060791,10000,5180,11048,-144,-67,64,9040,-9792,8776,-5,164,-168,-14480,4560,3424,-1001,113,-69,-14376,-3172,5764,-505,156,-127,0
122.55225610733032,9912,5344,11008,-117,-101,78,8984,-9780,9064,-34,158,-181,-14724,4380,3452,-1019,93,-81,-14696,-3180,5728,-764,195,-127,0
122.58570003509523,9948,5136,10760,-130,-90,103,9064,-9816,8876,-30,125,-205,-14624,4504,3336,-998,119,-112,-14672,-3108,5812,-510,184,-73,0
122.61955094337463,9808,5180,11156,-81,-95,106,8756,-9552,8940,-54,112,-173,-14516,4552,3440,-951,119,-91,-14652,-3304,5876,-505,169,-97,0
122.65303993225099,9764,5136,10988,-124,-103,89,9100,-9900,8888,-28,132,-158,-14596,4480,3416,-996,76,-104,-14844,-3256,5836,-767,158,-100,0
122.68645501136778,10020,5248,11052,-149,-70,102,8968,-9768,9068,6,120,-158,-14528,4860,3440,-1050,84,-79,-14548,-2904,5816,-499,137,-109,0
122.71956992149353,10068,5280,10912,-119,-36,99,9048,-9828,9012,-50,130,-133,-14596,4440,3528,-998,70,-41,-14820,-3244,6116,-488,140,-143,0
122.75311708450319,9996,5192,11092,-167,-69,56,9000,-9952,8788,-13,118,-149,-14516,4536,3408,-986,67,-92,-14604,-3096,5768,-525,142,-120,0
122.78689002990723,10084,5128,11048,-149,-41,90,9192,-9760,8920,4,160,-176,-14636,4404,3480,-1013,44,-120,-14564,-3280,5788,-494,159,-119,0
122.81986713409422,10028,5304,10788,-129,-79,116,8984,-9832,9036,-23,187,-134,-14448,4472,3524,-999,82,-127,-14784,-3220,5792,-506,148,-98,0
122.85339903831483,10008,5244,11108,-133,-81,70,8992,-9820,9008,-30,153,-199,-14408,4436,3484,-952,95,-137,-14644,-3096,5780,-765,175,-142,0
122.88710713386534,10072,4868,11076,-146,-73,70,9032,-9820,8932,-55,201,-164,-14512,4424,3328,-975,56,-94,-14688,-3216,5828,-498,127,-139,0
122.92049193382263,10020,5216,10960,-164,-60,56,8776,-9640,8840,-23,150,-153,-14504,4544,3600,-1047,70,-61,-14748,-3136,5708,-263,127,-132,0
122.95385313034059,9948,5184,10944,-100,-28,89,9024,-9832,8796,-46,134,-142,-14448,4456,3236,-1028,61,-65,-14664,-3204,5848,-487,163,-139,0
122.98770403861998,10032,4912,10992,-135,-86,86,8944,-9844,8804,-26,118,-161,-14796,4552,3744,-990,110,-88,-14628,-3280,5908,-481,169,-115,0
123.02099800109863,9940,5184,11068,-130,-14,115,8960,-9784,8908,-77,109,-172,-14524,4572,3488,-980,121,-107,-14724,-3260,5848,-524,132,-112,0
123.05478310585022,10096,5220,11104,-122,-36,101,9088,-9552,8980,-41,123,-170,-14512,4528,3580,-1001,101,-117,-14836,-3236,5804,-492,144,-128,0
123.08845496177675,9792,5236,10968,-92,-38,100,9048,-9824,9188,-40,90,-150,-14520,4472,3376,-772,70,-77,-14764,-3164,5888,-764,149,-158,0
123.12186908721922,9976,5216,10800,-107,-5,70,9124,-9788,8832,-19,128,-148,-14828,4500,3424,-1010,56,-43,-14800,-3220,5896,-525,120,-182,0
123.15574693679811,10004,5264,10932,-114,14,60,9044,-9980,8880,-35,129,-130,-14516,4576,3380,-987,74,-29,-14708,-3216,5744,-497,96,-180,0
123.18896198272705,9856,5152,11016,-127,14,68,9032,-9800,8804,-36,113,-137,-14640,4496,3344,-982,65,-43,-14848,-3188,6084,-473,143,-158,0
123.22234010696411,10012,5244,11100,-118,-21,55,8988,-9888,8860,-24,107,-134,-14324,4552,3524,-986,77,-102,-14712,-3116,5728,-509,144,-127,0
123.25555896759035,9988,5216,10828,-104,-32,84,8984,-9880,8996,-35,109,-162,-14796,4584,3460,-1006,93,-86,-14536,-3072,5800,-535,174,-128,0
123.28913903236389,9800,5080,11132,-99,-29,77,9208,-9936,9088,-60,103,-181,-14492,4560,3552,-988,94,-85,-14628,-3180,5944,-493,172,-100,0
123.32220697402954,9928,5244,11056,-77,-78,74,8976,-9892,8980,-60,114,-162,-14804,4548,3500,-984,97,-56,-14700,-3544,5644,-512,134,-144,0
123.35584211349487,10000,5160,11120,-88,-63,61,9196,-9860,8940,-51,150,-153,-14444,4420,3544,-994,84,-90,-14388,-3084,5948,-527,122,-136,0
123.3894510269165,9944,5236,11124,-152,-46,72,8916,-9980,8896,-84,173,-139,-14452,4672,3324,-1032,73,-89,-14836,-3580,5884,-535,137,-125,0
123.42282605171202,9928,5260,10984,-98,-21,82,9060,-9792,8864,-79,99,-155,-14400,4576,3436,-983,33,-59,-14664,-3164,5832,-528,127,-162,0
123.45615100860594,9892,5160,11052,-97,-73,55,8892,-9864,8860,-65,137,-185,-14364,4520,3520,-982,69,-98,-14696,-3100,5860,-480,160,-123,0
123.49280095100403,9940,5196,11028,-156,-46,69,8732,-9840,8960,-37,107,-191,-14460,4760,3576,-953,97,-121,-14700,-3080,5860,-501,154,-146,0
123.52765202522279,9872,5232,11064,-104,-68,107,8884,-9704,8788,-48,116,-150,-14552,4416,3444,-1009,115,-125,-14764,-3120,5932,-469,158,-118,0
123.56341004371643,9864,5284,11168,-148,-61,74,9068,-9736,8900,-47,143,-176,-14520,4608,3516,-963,118,-69,-14604,-3216,5908,-487,152,-138,0
123.59872913360594,9988,5260,11068,-146,-69,66,8768,-9848,8988,-52,134,-148,-14664,4384,3836,-997,65,-92,-14744,-3120,6136,-524,154,-154,0
123.63385605812073,9928,5292,11256,-152,-85,101,8944,-9808,8836,253,121,-157,-14452,4556,3504,-1030,142,-88,-14692,-3304,5692,-521,151,-145,0
123.66938710212706,9848,5332,11056,-111,-51,105,8896,-9848,8876,-16,104,-165,-14592,4492,3524,-1034,124,-76,-14440,-3312,5880,-501,172,-93,0
123.70440912246703,9916,5344,11172,-125,-94,102,8904,-9840,9056,-9,87,-143,-14440,4604,3336,-1005,122,-63,-14548,-3276,5904,-492,135,-111,0
123.74031615257263,10220,5356,11184,-129,-71,119,9028,-9856,9136,-52,110,-151,-14492,4552,3788,-1011,121,-129,-14388,-3312,6108,-495,155,-117,0
123.77556896209717,9812,5236,11020,-139,-86,112,8992,-9868,8720,-31,137,-178,-14344,4480,3444,-997,92,-130,-14656,-3216,5920,-506,203,-114,0
123.81177091598511,9856,5200,10760,-170,-111,109,8964,-9888,8864,-17,161,-199,-14464,4536,3480,-970,128,-102,-14640,-3252,5924,-492,170,-104,0
123.8476550579071,9856,5244,11092,-159,-115,72,9092,-9792,9000,-39,173,-186,-14272,4768,3408,-945,98,-130,-14692,-3220,5972,-487,155,-121,0
123.88257813453674,10044,5212,11112,-209,-124,88,8984,-9940,8912,-26,187,-180,-14444,4464,3764,-1012,62,-105,-14848,-3180,6108,-460,193,-73,0
123.9181659221649,9832,5284,11420,-241,-158,133,8812,-9860,8908,63,161,-210,-14448,4416,3564,-942,159,-182,-14656,-3096,5652,-472,225,-52,0
123.95347714424135,9860,5252,11208,-176,-223,105,9044,-9796,8880,-9,139,-246,-14728,4528,3332,-935,109,-196,-14688,-3256,5788,-762,274,-66,0
123.98986911773683,9892,5156,11040,-215,-275,115,9032,-9816,8876,20,202,-249,-14540,4540,3368,-946,131,-193,-14696,-3240,5988,-469,232,-91,0
124.02557110786438,10016,5076,10984,-203,-212,93,8900,-9836,8748,253,182,-200,-14416,4520,3436,-946,174,-129,-14652,-3116,5836,-478,201,-48,0
124.06129813194275,9964,5164,11156,-239,-190,137,8884,-9804,8920,30,121,-188,-14844,4360,3512,-981,150,-116,-14408,-3232,6116,-489,183,-42,0
124.09608006477355,9940,5208,11196,-229,-205,143,9004,-9828,9096,0,149,-217,-14596,4508,3460,-947,152,-148,-14620,-3136,5860,-495,227,-57,0
124.13297605514526,9940,5196,10924,-229,-249,110,9020,-9828,9056,15,178,-231,-14596,4584,3488,-1020,124,-163,-14604,-3276,5816,-497,242,-116,0
124.16674304008482,9792,5244,11172,-191,-203,111,9032,-9840,8708,45,175,-266,-14792,4508,3364,-985,118,-197,-14784,-3092,5752,-505,237,-78,0
124.20006108283997,9932,5124,11132,-181,-215,107,8864,-9908,8712,2,146,-252,-14612,4520,3436,-1003,149,-149,-14576,-3156,5800,-525,508,-86,0
124.23362708091734,9936,5052,11092,-184,-239,111,8920,-9800,8796,3,141,-509,-14544,4596,3464,-1023,122,-162,-14752,-3140,5836,-481,234,-75,0
124.26706600189209,10080,5196,11084,-196,-181,103,8748,-9816,8968,24,170,-230,-14444,4524,3480,-989,154,-138,-14652,-3132,5860,-502,190,-74,0
124.30034399032593,9816,5148,11008,-208,-212,135,9012,-9720,8892,8,163,-214,-14668,4484,3404,-969,153,-148,-14768,-3256,5644,-494,224,-71,0
124.33385396003723,9972,5168,11148,-216,-222,119,9152,-9732,8904,-34,148,-234,-14580,4716,3476,-982,137,-136,-14756,-3256,5668,-513,235,-70,0
124.36953210830688,9996,5168,11008,-189,-232,140,9208,-9856,8844,4,139,-216,-14824,4532,3340,-995,137,-109,-14660,-3180,5956,-530,223,-71,0
124.40308213233946,10100,5108,10928,-175,-209,141,8960,-9772,9020,21,116,-219,-14504,4368,3088,-1048,153,-157,-14756,-3232,5748,-532,224,-92,0
124.43656301498413,10116,5164,11064,-160,-214,143,8920,-9876,8920,-3,109,-193,-14772,4512,3460,-991,161,-177,-14876,-3064,5744,-260,213,-78,0
124.47013092041014,10032,5088,10884,-174,-190,117,8912,-9672,8780,21,113,-233,-14688,4388,3480,-975,155,-184,-14352,-3232,5820,-489,200,-99,0
124.50344109535219,10020,5172,11004,-159,-191,114,8932,-9800,8900,254,141,-224,-14368,4576,3504,-994,140,-140,-14724,-3148,5876,-502,184,-89,0
124.53716492652893,10020,5140,10896,-151,-127,114,8732,-9744,9096,-20,112,-229,-14588,4460,3336,-993,153,-137,-14688,-3216,5808,-483,188,-107,0
124.57085800170898,9944,5100,10936,-140,-132,77,9100,-9784,8860,-12,102,-207,-14584,4432,3268,-967,112,-85,-14676,-3152,5740,-493,168,-119,0
124.60431599617004,9996,5192,11008,-122,-97,101,9052,-9800,8888,-37,142,-187,-14344,4392,3388,-973,92,-53,-14520,-3104,5864,-498,104,-136,0
124.63793897628784,10108,5088,11008,-136,-58,89,9016,-9784,8996,-14,130,-158,-14680,4492,3580,-1014,98,-45,-14712,-3076,5644,-488,128,-123,0
124.67159295082092,10096,5064,11064,-156,-17,78,8792,-9728,8820,-27,142,-149,-14552,4428,3444,-958,80,-88,-14840,-3204,5872,-471,132,-139,0
124.70478892326355,10028,5124,11052,-138,-8,99,8884,-9784,8992,-19,109,-145,-14460,4488,3384,-1034,120,-99,-14696,-3228,5764,-537,116,-153,0
124.73853898048401,10016,5072,10968,-123,-41,115,9212,-9772,8968,-19,140,-145,-14624,4588,3576,-985,69,-68,-14624,-3160,5832,-509,140,-128,0
124.77188491821289,10064,5156,11028,-94,-37,71,8864,-9492,9068,-76,164,-165,-14612,4524,3684,-950,91,-48,-14728,-3192,5828,-524,92,-147,0
124.80552411079407,9996,5204,11036,-124,-32,60,9060,-9804,8920,-97,163,-121,-14560,4444,3480,-990,27,-13,-14720,-3132,5784,-534,94,-158,0
124.83923292160034,10084,5164,11168,-126,-30,76,8832,-9824,8936,250,138,-106,-14476,4376,3424,-1026,72,-24,-14764,-3292,5804,-261,115,-134,0
124.87289404869078,9968,5200,10960,-72,71,97,9028,-9752,8948,-96,164,-106,-14736,4112,3376,-969,61,-45,-15092,-3236,5744,-519,96,-170,0
124.90655803680419,10104,5140,11008,-102,-12,35,9084,-9948,8864,-41,141,-125,-14340,4548,3360,-978,71,-108,-14356,-3212,5852,-507,151,-182,0
124.93995094299316,10088,5140,11016,-110,63,41,8908,-9700,8792,-52,121,-113,-14520,4524,3344,-1023,47,-78,-14828,-3268,5900,-499,132,-152,0
124.97349905967712,9976,5196,10952,-76,45,69,9028,-9840,8868,-51,123,-113,-14532,4372,3384,-1004,53,-69,-14700,-3304,5964,-500,93,-160,0
125.00719404220581,9928,5272,11096,-98,-254,39,8992,-9824,9196,-86,124,-127,-14564,4576,3468,-935,92,-61,-14396,-3212,6120,-525,100,-122,0
125.04081392288208,10016,5128,11152,-97,2,68,8956,-9768,9176,-63,107,-132,-14752,4560,3364,-980,89,-14,-14692,-3224,5848,-516,142,-144,0
125.07434511184692,9964,5208,11012,-72,5,51,9072,-9852,8852,-35,136,-141,-14404,4576,3580,-773,72,-56,-14628,-3228,5820,-523,144,-121,0
125.10799193382263,9944,5160,11112,-64,253,66,9188,-9948,9016,-40,79,-146,-14516,4456,3272,-778,129,-67,-14676,-3192,5856,-512,122,-129,0
125.14148712158203,9976,5112,11132,-100,-62,79,8976,-9796,9060,-62,89,-129,-14372,4804,3548,-973,105,-79,-14460,-3104,5932,-516,141,-101,0
125.17931604385375,9948,5164,10920,-100,-47,70,9040,-9796,9000,-39,127,-139,-14648,4600,3388,-771,106,-63,-14716,-3260,6088,-539,133,-151,0
125.21452713012695,9952,5212,11184,-69,-27,86,9100,-9812,8712,-30,651,-39,-14620,4600,3340,-982,94,-114,-14804,-3176,5840,-519,147,-126,0
125.25017309188843,9992,5232,11172,-86,-44,86,9004,-9808,8792,-65,121,-160,-14520,4452,3464,-998,74,-88,-14820,-3372,5812,-514,140,-118,0
125.28514003753662,9892,5240,11148,-110,-98,85,8924,-9836,8812,-40,142,-164,-14548,4484,3536,-928,73,-67,-14644,-3324,6136,-503,134,-97,0
125.32116603851318,9928,5312,11196,-132,-78,67,8820,-9824,8932,-45,119,-161,-14432,4660,3572,-974,89,-65,-14660,-3160,5852,-762,157,-123,0
125.35624408721922,10000,5164,11024,-112,-58,94,8948,-9848,8992,-47,103,-167,-14624,4492,3752,-973,128,-93,-14628,-3260,5848,-516,182,-148,0
125.3926169872284,9888,5260,11028,-104,-73,91,8968,-9768,8848,-47,103,-184,-14496,4536,3432,-988,114,-101,-14740,-3320,5892,-501,188,-113,0
125.43291997909547,9896,5312,11204,-142,-90,89,8956,-9868,8900,-40,125,-169,-14464,4528,3516,-955,116,-80,-14712,-3300,5708,-506,164,-96,0
125.46870207786559,9936,5188,11088,-107,-83,73,8896,-9764,8828,-58,140,-165,-14564,4548,3548,-948,100,-84,-14804,-3256,5856,-521,155,-106,0
125.50442099571228,9784,5156,11200,-115,-91,102,9200,-9876,8720,0,114,-174,-14432,4528,3480,-1003,115,-141,-14640,-3076,5980,-532,131,-116,0
125.54021191596985,9836,5260,11008,-121,-70,130,9072,-9836,8884,-33,129,-157,-14672,4500,3344,-983,85,-64,-14832,-3252,5840,-511,139,-125,0
125.57535004615782,9948,5264,11132,-116,-81,93,8916,-9836,8944,-46,132,-174,-14492,4468,3464,-958,80,-99,-14556,-3180,5872,-512,158,-158,0
125.61040115356447,9956,5112,11112,-164,-48,80,8984,-9812,8924,-5,252,-235,-14760,4360,3452,-824,252,-125,-14828,-3108,5720,-476,161,-121,0
125.64586210250854,9852,5244,11092,-168,-98,76,8728,-9780,8972,-11,155,-154,-14500,4516,3444,-1011,85,-117,-14580,-3276,5996,-502,140,-77,0
125.68121600151062,9856,5252,11124,-219,-90,137,8948,-9860,9004,-17,166,-201,-14568,4832,3500,-978,141,-79,-14644,-3100,5780,-463,177,-64,0
125.71756100654602,9988,5236,11084,-2,-206,105,8852,-9908,8900,-38,188,-216,-14352,4472,3280,-932,144,-182,-14716,-3248,6064,-503,229,-87,0
125.75269198417662,9940,5196,11072,-179,-269,128,8880,-9968,9012,-5,146,-2,-14672,4572,3564,-979,160,-219,-14760,-3236,5900,-524,249,-56,0
125.78862500190735,9852,5084,11048,-162,-234,114,8908,-9880,8852,17,131,-252,-14492,4400,3472,-998,185,-184,-14524,-3168,5980,-521,212,-46,0
125.82404208183289,9944,5160,10976,-190,-17,153,8916,-9804,8800,1,103,-267,-14504,4516,3544,-962,217,-175,-14732,-3196,5844,-455,237,-19,0
125.8575439453125,9956,5104,11076,-218,-510,143,9016,-9748,8864,-22,84,-252,-14572,4452,3360,-981,235,-132,-14612,-3212,6096,-474,236,-62,0
125.89131999015808,10004,5144,10940,-202,-236,137,9084,-9828,8856,41,133,-244,-14724,4480,3384,-988,190,-168,-14504,-3324,5800,-512,275,-36,0
125.92471599578859,10036,5208,11144,-220,-8,136,8960,-9848,8896,0,88,-246,-14576,4380,3340,-989,175,-221,-14672,-3196,6096,-491,274,-58,0
125.95827007293701,9996,5252,11096,-230,-236,149,9028,-9752,8892,-9,88,-248,-14584,4568,3432,-980,197,-220,-14700,-3148,5904,-487,237,-58,0
125.99188208580017,10032,5128,11124,-223,-268,113,9048,-9788,8764,-20,87,-256,-14672,4516,3552,-942,199,-203,-14624,-3148,6016,-477,225,-63,0
126.02551794052123,10092,5156,11056,-226,-243,122,9144,-9856,9024,21,69,-222,-14556,4448,3480,-945,127,-147,-14816,-3244,6028,-477,208,-109,0
126.05926609039307,10100,5092,10972,-185,-250,115,9032,-9776,8876,12,129,-214,-14644,4596,3232,-898,126,-158,-14644,-3152,5868,-489,180,-111,0
126.09288597106935,9956,5136,11012,-208,-213,94,9188,-9900,8856,-21,177,-190,-14544,4460,3384,-957,139,-106,-14776,-3064,5800,-463,209,-92,0
126.12646913528442,10060,5204,11016,-187,-181,121,8780,-9920,8876,2,111,-214,-14832,4564,3464,-1005,130,-95,-14632,-3208,5732,-492,183,-77,0
126.16013598442079,9896,5140,11260,-155,-176,108,8984,-9772,8840,-7,124,-148,-14516,4488,3380,-946,132,-99,-14616,-3224,5712,-507,181,-120,0
126.1936559677124,10028,5112,11032,-164,-160,141,8952,-9688,9000,18,127,-173,-14616,4448,3264,-1033,121,-141,-14588,-3296,5920,-526,157,-117,0
126.2273850440979,10008,5192,10996,-119,-114,132,9020,-9736,8856,-34,138,-192,-14620,4352,3516,-1018,101,-108,-14404,-3320,5720,-509,205,-94,0
126.26101398468019,10232,4872,10932,-154,-109,92,9000,-9932,8704,-115,65,-147,-14592,4388,3500,-1000,109,-115,-14708,-3040,5772,-496,145,-128,0
126.29437112808226,10000,5080,10896,-125,-23,108,9164,-9696,8808,-27,129,-114,-14436,4556,3396,-1028,71,-37,-14640,-3132,5760,-504,82,-149,0
126.32791709899902,10140,5152,11016,-141,47,78,9100,-9640,9192,69,116,-188,-14668,4096,3492,-1033,72,1,-14748,-3188,5656,-480,65,-149,0
126.36156392097473,10028,5172,11084,-172,22,76,9096,-9840,8704,-42,157,-139,-14708,4372,3496,-995,75,-45,-14672,-3136,5684,-488,127,-151,0
126.39512705802919,9984,5204,11088,-109,-21,62,8848,-9752,8816,25,438,-134,-14776,4772,3492,-934,-10,-61,-14712,-3092,5672,-503,147,-146,0
126.42883992195131,9732,5172,11124,-139,-64,53,8836,-9828,8872,36,180,-204,-14672,4416,3392,-1036,80,-90,-14644,-3180,5784,-765,138,-156,0
126.46242308616638,9728,4992,11256,-85,-31,75,9208,-9872,8924,-55,158,-150,-14464,4488,3404,-992,119,-116,-14436,-3208,5956,-496,146,-162,0
126.49601912498474,10052,5124,11016,-131,-33,62,8968,-9812,8736,-48,97,-178,-14424,4568,3816,-952,35,-97,-14596,-3152,5912,-486,118,-153,0
126.52974414825438,10048,5240,11488,-137,10,58,9168,-9804,8820,-50,151,-150,-14780,4520,3588,-982,69,-63,-14688,-3228,5756,-503,94,-173,0
126.56359696388245,10000,5252,11136,-94,-26,60,9152,-9820,8776,-7,153,-124,-14804,4436,3384,-950,43,-57,-14604,-3176,5860,-482,119,-150,0
126.5970890522003,9984,5192,11164,-119,3,62,9076,-9832,9196,-73,115,-113,-14632,4500,3444,-1016,97,-31,-14652,-3084,5888,-538,126,-148,0
126.63031911849974,9904,5236,11140,-111,-6,57,9156,-9960,8732,-69,222,-48,-14528,4560,3228,-1047,96,-34,-14628,-3216,5828,-515,133,-132,0
126.66388797760011,10040,5112,10820,-114,-23,55,9020,-9800,8904,-63,165,-146,-14708,4556,3568,-930,47,-100,-14708,-3128,5832,-516,175,-147,0
126.69732213020325,10076,5212,11164,-114,-30,67,8800,-9668,8888,-31,140,-158,-14752,4536,3548,-1013,81,-109,-14528,-3204,5896,-506,152,-157,0
126.73082399368286,9992,5132,10908,-80,-42,68,9032,-9800,9052,-117,121,-134,-14424,4504,3568,-971,99,-114,-14688,-3080,5952,-510,181,-163,0
126.76440215110779,9940,5288,11128,-133,-52,70,9212,-9820,8908,-38,140,-158,-14568,4384,3548,-969,106,-89,-14644,-3240,5868,-498,126,-143,0
126.79768204689027,9736,5232,10876,-93,-58,60,8976,-9748,8932,-70,149,-174,-14380,4504,3400,-972,97,-53,-14780,-3172,5864,-760,131,-134,0
126.83331608772279,9880,5168,11200,-138,-66,54,9088,-9932,8532,-97,13,17,-14628,4560,3568,-914,-25,-82,-14712,-3100,5832,-530,169,-143,0
126.86814093589783,9820,5256,11060,-109,-98,75,8864,-9852,8932,-67,195,-156,-14712,4520,3416,-1013,75,-101,-14680,-3236,5824,-517,130,-136,0
126.90378403663635,10020,5176,11116,-95,-59,70,9020,-9884,9196,-40,134,-153,-14636,4596,3364,-961,78,-94,-14712,-3132,5692,-765,141,-127,0
126.9397201538086,9936,5368,11088,-124,-22,73,8980,-9756,8888,-28,111,-165,-14504,4464,3484,-1010,102,-75,-14548,-3280,6140,-508,130,-97,0
126.97499799728395,9916,5196,11168,-76,-33,91,8836,-9872,9172,-41,129,-149,-14408,4384,3396,-999,101,-89,-14716,-3316,6092,-494,150,-107,0
127.01083612442017,9888,5248,11164,-112,-51,94,9016,-9816,8764,-56,121,-170,-14520,4500,3452,-989,125,-68,-14688,-3152,5896,-505,142,-119,0
127.0455310344696,9932,4928,11008,-129,-94,75,9032,-9868,8996,-60,143,-185,-14516,4584,3712,-976,86,-135,-14664,-3184,5788,-511,151,-134,0
127.08087611198427,9940,5168,11052,-118,-79,81,8928,-9920,8884,-37,147,-161,-14520,4572,3480,-977,106,-113,-14616,-3116,5848,-539,135,-117,0
127.11721110343933,9976,5152,11216,-94,-88,118,9080,-9764,8816,-27,99,-187,-14636,4500,3380,-1007,92,-46,-14600,-3096,5844,-764,161,-127,0
127.15248394012451,9964,5212,11088,-116,-88,116,8880,-9832,8808,-37,103,-166,-14440,4476,3500,-985,147,-124,-14744,-3240,5636,-502,163,-121,0
127.18859791755676,9896,5136,10824,-136,-69,95,8584,-9656,8928,162,149,-258,-14708,4704,3436,-1040,112,-78,-14636,-3248,5848,-499,150,-100,0
127.22377204895018,9884,5292,11040,-100,-115,83,8972,-9896,8980,-24,117,-190,-14456,4584,3700,-1004,128,-73,-14624,-3248,5832,-518,156,-103,0
127.25949001312254,9888,5244,11020,-109,-104,97,9000,-9816,9204,-31,108,-173,-14584,4548,3544,-983,118,-90,-14556,-3316,5876,-494,153,-112,0
127.29499411582947,10012,5224,11092,-137,-101,99,8940,-9772,8852,-46,149,-177,-14660,4424,3504,-964,72,-48,-14624,-3248,5884,-510,163,-112,0
127.33072805404663,9948,5188,11180,-146,-95,85,8936,-9884,8856,-41,194,-168,-14560,4500,3468,-988,104,-131,-14624,-3164,6128,-514,155,-111,0
127.36613893508911,9928,5268,11132,-159,-100,85,8944,-9872,8764,-4,172,-171,-14384,4464,3476,-972,117,-123,-14720,-3188,5892,-500,163,-110,0
127.40173697471619,9860,5180,10844,-164,-121,76,9036,-9808,9124,-9,146,-184,-14440,4484,3384,-1035,94,-157,-14648,-3232,5828,-489,196,-86,0
127.43755912780763,9848,5260,11076,-189,-161,126,8980,-9940,9040,13,140,-207,-14484,4616,3692,-980,135,-166,-14704,-3288,5720,-460,215,-79,0
127.47311115264893,9928,5236,11180,-215,-213,128,9012,-9828,8780,-17,160,-212,-14492,4504,3612,-970,165,-147,-14676,-3220,5928,-481,193,-52,0
127.50877094268799,9872,5252,11196,-179,-242,140,8908,-9928,8912,-45,196,-245,-14568,4524,3460,-949,115,-157,-14624,-3100,5884,-764,209,-73,0
127.54236197471619,9876,5084,11104,-219,-246,106,8976,-9964,8972,-15,178,-230,-14116,4816,3400,-979,133,-160,-14664,-3304,5996,-515,177,-92,0
127.57590508460999,9968,5200,11200,-169,-215,104,8740,-9832,8912,3,152,-225,-14504,4516,3488,-985,117,-132,-14608,-3196,5864,-478,188,-112,0
127.60928201675415,9988,5164,11108,-179,-192,104,9004,-9816,8856,-3,176,-237,-14584,4540,3436,-963,133,-165,-14644,-3248,5956,-466,266,-72,0
127.64280104637146,9932,5196,11124,-236,-237,122,9208,-9776,8836,9,175,-252,-14396,4520,3352,-972,162,-178,-14648,-3116,6004,-481,240,-72,0
127.67598915100099,10008,5164,10964,-206,-249,127,8964,-9956,9212,18,163,-246,-14704,4532,3380,-957,137,-182,-14600,-3124,5816,-464,227,-48,0
127.70960092544554,10020,5232,11020,-218,-207,122,9044,-9772,8960,249,183,-226,-14512,4408,3412,-945,139,-133,-14596,-3160,5776,-472,168,-58,0
127.7431869506836,9980,5096,11216,-205,-210,140,8892,-9824,8868,-2,160,-205,-14524,4576,3480,-958,118,-133,-14728,-3180,5852,-502,191,-87,0
127.77689003944397,10052,5080,10904,-182,-219,152,9196,-9824,8764,254,140,-216,-14700,4488,3460,-1008,135,-138,-14584,-3256,5836,-504,227,-101,0
127.81007814407349,10096,4872,10852,-198,-237,146,8956,-9800,8876,33,124,-216,-14532,4540,3468,-1002,138,-171,-14688,-3092,5848,-516,201,-77,0
127.84369802474974,10168,5124,11016,-148,-205,123,8704,-9768,9144,-5,101,-225,-14540,4472,3548,-1000,148,-151,-14604,-3220,5800,-507,234,-72,0
127.87719798088075,9860,5232,11240,-170,-213,128,8972,-9824,8876,23,123,-227,-14808,4488,3400,-984,178,-179,-14620,-3108,5800,-481,219,-78,0
127.91058492660522,10076,5360,10940,-175,-205,109,8984,-9804,8940,-22,120,-232,-14452,4492,3284,-995,161,-139,-14708,-3132,5816,-510,213,-61,0
127.94397807121277,10108,5100,11256,-147,-194,114,8992,-9836,8952,24,159,-202,-14476,4496,3528,-1017,148,-125,-14720,-3180,5964,-472,215,-112,0
127.97754693031311,10020,5184,10808,-139,-170,98,9044,-9744,8928,-8,104,-219,-14556,4408,3464,-991,117,-103,-14624,-3200,5648,-511,181,-103,0
128.0112681388855,10036,5148,11144,-178,-164,106,9156,-9792,8972,-46,131,-224,-14812,4428,3528,-953,127,-107,-14676,-3252,5852,-763,160,-93,0
128.0448341369629,10068,5132,10904,-144,-120,84,8752,-9848,9064,-44,127,-186,-14568,4464,3344,-981,100,-130,-14340,-3144,5812,-493,157,-133,0
128.07829904556274,10048,5104,11052,-97,-87,69,9084,-9736,8832,-44,124,-180,-14600,4360,3528,-980,88,-113,-14448,-3180,5828,-258,142,-142,0
128.11176705360413,10136,5204,10816,-119,-39,64,8716,-9752,8900,-20,119,-152,-14844,4568,3684,-1021,97,-87,-14652,-3128,5752,-257,116,-120,0
128.14555406570435,10088,4884,11248,-121,-44,91,8964,-9480,8900,-9,128,-157,-14488,4452,3112,-1044,78,-62,-14568,-3080,5796,-520,129,-154,0
128.1791410446167,10024,4932,11020,-177,-48,79,9052,-9852,8796,-50,117,-149,-14608,4392,3528,-992,102,-48,-14660,-3196,5776,-509,141,-139,0
128.21242094039917,10148,5168,10936,-108,-49,97,8868,-9896,9128,-63,134,-135,-14772,4404,3568,-1016,91,-45,-14624,-3164,5808,-535,125,-116,0
128.24603915214539,10100,4916,11040,-103,-23,74,9116,-9836,8904,-33,154,-113,-14448,4432,3560,-999,70,-46,-14708,-3184,5880,-509,86,-154,0
128.27969193458557,10016,5264,10984,-101,-12,90,9180,-9548,8756,-56,146,-113,-14812,4404,3640,-1033,48,-27,-14620,-3224,5868,-523,74,-140,0
128.31325507164001,9932,5152,10796,-88,-4,38,8944,-9692,8908,-95,137,-108,-14368,4416,3464,-967,67,-86,-14828,-3200,5832,-534,105,-164,0
128.3467869758606,10080,5176,11044,-121,24,27,8704,-9864,8832,-68,172,-129,-14440,4540,3384,-992,37,-86,-14560,-3100,5748,-509,125,-169,0
128.38031005859375,9880,5184,11080,-74,255,70,8836,-9888,8848,-61,143,-154,-14532,4656,3448,-991,53,-38,-14648,-3240,5904,-500,143,-147,0
128.41382813453674,9908,5168,11240,-62,-17,60,9092,-9792,8880,-65,123,-144,-14664,4424,3532,-1003,99,-23,-14672,-3280,5972,-495,106,-141,0
128.4471070766449,10028,5128,11064,-111,-30,66,8760,-10112,8744,92,181,-237,-14544,4352,3080,-1061,87,-65,-14836,-3240,5720,-492,146,-138,0
128.48053908348083,9928,5204,10944,-91,-44,65,8920,-9876,8852,-58,154,-154,-14532,4564,3468,-966,77,-123,-14672,-3128,5644,-538,128,-162,0
128.51755714416504,9992,5124,11020,-105,-57,66,9192,-9788,8868,-17,102,-139,-14740,4528,3448,-769,80,-95,-14576,-3192,5860,-550,143,-138,0
128.55314898490906,9988,5240,11008,-38,-21,80,8896,-9820,8712,-52,99,-161,-14560,4652,3480,-869,55,-81,-14672,-3284,5952,-533,157,-158,0
128.58891105651855,9908,5276,11256,-103,-50,67,9032,-9796,8744,-48,160,-174,-14700,4540,3556,-999,69,-119,-14816,-3272,5752,-529,141,-141,0
128.62412810325623,10088,5172,11092,-106,-32,77,9012,-9916,8996,-65,151,-170,-14560,4488,3544,-990,99,-106,-14396,-3252,5652,-534,163,-128,0
128.6595859527588,9952,5312,11108,-101,-41,91,9092,-9840,8900,-61,141,-146,-14460,4540,3472,-1003,100,-92,-14800,-3192,5892,-499,174,-100,0
128.6949300765991,9936,5264,11164,-117,-106,93,9156,-9764,9016,-81,113,-188,-14632,4412,3496,-962,87,-85,-14652,-3172,5760,-763,146,-156,0
128.73013496398926,9940,5208,11220,-81,-84,78,8968,-9868,9044,-86,140,-183,-14624,4540,3488,-939,81,-116,-14704,-3084,5928,-532,139,-143,0
128.7654459476471,9764,5132,11080,-125,-82,74,8876,-9856,8796,-3,91,-158,-14524,4536,3388,-993,88,-86,-14620,-3244,6124,-494,134,-127,0
128.80041909217834,9900,5232,11016,-105,-54,107,8872,-9816,8924,-37,104,-178,-14488,4536,3564,-954,163,-131,-14540,-3220,5712,-536,169,-97,0
128.83571314811707,9988,5228,11100,-82,-57,94,9020,-9916,9204,-18,48,-187,-14488,4500,3628,-976,135,-106,-14724,-3544,5972,-519,167,-125,0
128.87131810188293,10064,5244,11180,-137,-135,81,8728,-9940,8804,-12,156,-169,-14696,4584,3460,-999,132,-116,-14644,-3344,5776,-509,151,-107,0
128.90754103660583,9888,5188,11056,-108,-48,97,9040,-9908,9020,-13,135,-147,-14360,4424,3508,-981,122,-86,-14632,-3152,5776,-486,128,-133,0
128.9423680305481,9956,5208,10916,-122,-66,99,9040,-9752,8876,-49,105,-152,-14664,4500,3420,-1003,115,-76,-14592,-3188,5872,-767,96,-133,0
128.97744703292847,9876,5180,11076,-112,-53,114,8936,-9848,8872,-44,150,-163,-14744,4340,3444,-1015,85,-121,-14600,-3132,5756,-511,165,-137,0
129.01291513442993,9928,5232,11100,-113,-73,81,8932,-9936,8952,-65,152,-170,-14516,4464,3460,-990,72,-103,-14588,-3208,5908,-531,165,-114,0
129.0492000579834,9964,5148,11148,-110,-83,81,8756,-9756,8860,-38,148,-184,-14512,4496,3500,-1001,120,-91,-14584,-3196,5796,-501,195,-115,0
129.08495593070984,9872,5244,10872,-137,-99,74,9080,-9832,8860,-16,103,-222,-14152,4448,3320,-995,106,-130,-14348,-2836,5844,-514,199,-106,0
129.12082505226135,9888,5192,11140,-110,-87,79,8916,-9848,8832,-4,127,-190,-14484,4528,3468,-769,98,-109,-14820,-3220,5644,-505,192,-111,0
129.15765714645386,9948,5228,11080,-122,-72,90,9076,-9900,8696,-82,128,-43,-14328,4584,3408,-940,87,-101,-14616,-3212,5976,-498,170,-117,0
129.1909899711609,9924,5200,11036,-148,-66,93,8912,-9928,8844,-29,154,-189,-14704,4588,3436,-974,97,-149,-14568,-3132,5824,-501,167,-78,0
129.22439098358154,9928,5204,11116,-196,-104,104,9016,-9848,8884,255,210,-181,-14496,4392,3820,-989,78,-123,-14808,-3164,5940,-467,202,-104,0
129.25793504714966,9908,5272,11092,-213,-166,91,8988,-9836,9004,2,164,-200,-14640,4588,3812,-965,145,-150,-14704,-3196,5836,-493,202,-61,0
129.2917079925537,9884,5320,11196,-197,-178,117,8928,-9776,8724,254,145,-229,-14504,4508,3636,-928,156,-154,-14544,-3252,5816,-505,203,-84,0
129.32482194900513,9972,5260,11128,-201,-257,129,8708,-9832,8988,-31,138,-235,-14540,4524,3528,-979,174,-168,-14632,-3240,5952,-496,208,-51,0
129.358304977417,9888,5120,11172,-224,-238,125,8900,-9800,8824,-24,174,-239,-14560,4556,3496,-960,171,-189,-14656,-3320,5664,-500,232,-62,0
129.39295506477356,9900,5152,11140,-194,-232,121,8952,-9852,8900,12,141,-218,-14104,4496,3404,-1006,151,-124,-14628,-3128,5820,-487,204,-83,0
129.4260699748993,9872,5264,11124,-240,-251,127,9012,-9800,8708,1,180,-237,-14452,4828,3500,-961,161,-161,-14684,-3196,5940,-463,222,-67,0
129.45998406410217,9936,5248,11272,-224,-216,106,9164,-9836,9188,7,194,-227,-14548,4436,3384,-988,135,-168,-14636,-3148,5744,-462,242,-68,0
129.49367308616638,9868,4980,11224,-215,-240,144,8888,-9808,9076,32,148,-227,-14420,4540,3452,-994,185,-206,-14640,-3136,5932,-509,281,-57,0
129.52713012695312,10012,5164,10956,-226,-219,118,8724,-9764,8864,29,130,-251,-14620,4540,3648,-1007,158,-198,-14544,-3280,5804,-507,253,-82,0
129.5606551170349,10004,5200,11068,-198,-226,118,9068,-9868,8948,33,131,-255,-14500,4448,3432,-984,165,-212,-14748,-3124,5840,-491,249,-58,0
129.5941550731659,10040,5228,11084,-207,-243,123,8944,-9812,8872,25,139,-507,-14548,4584,3364,-965,114,-151,-14704,-3192,5896,-498,247,-101,0
129.6277151107788,10064,5188,11072,-200,-503,93,8704,-9860,8980,46,171,-229,-14500,4456,3556,-991,122,-205,-14720,-3196,5896,-493,226,-88,0
129.6611361503601,10056,5204,11040,-178,-251,114,9168,-9876,9212,18,186,-238,-14540,4492,3316,-990,105,-184,-14688,-3108,5664,-504,220,-131,0
129.69447708129883,10140,5156,11024,-208,-240,136,9056,-9708,8828,35,181,-236,-14520,4424,3580,-995,145,-168,-14644,-3184,5768,-471,221,-70,0
129.7280809879303,10108,5208,10960,-178,-208,117,9212,-9520,9156,-71,138,-226,-14404,4484,3440,-980,162,-117,-14700,-3060,5716,-263,187,-91,0
129.76155614852905,10112,5156,10904,-138,-172,92,8936,-9884,8992,1,102,-194,-14572,4768,3824,-1035,119,-94,-14592,-3224,5876,-505,183,-76,0
129.79536199569702,10060,5172,10972,-150,-138,143,8984,-9732,8876,16,117,-197,-14544,4472,3472,-1019,158,-60,-14612,-3300,5800,-512,136,-94,0
129.82874298095703,9992,5164,10988,-115,-91,107,8964,-9736,8924,-72,118,-177,-14760,4500,3396,-997,114,-102,-14856,-3108,5684,-764,174,-95,0
129.86227798461914,9840,5060,10940,-161,-79,91,8956,-9748,8952,-19,112,-141,-14548,4448,3368,-1036,83,-88,-14724,-3208,5764,-492,118,-162,0
129.8957679271698,10088,5372,11192,-80,30,94,8952,-9804,8900,-26,146,-77,-14624,4504,3540,-1035,51,-46,-14592,-3012,5700,-496,51,-167,0
129.9289960861206,9980,5096,11088,-130,57,77,8916,-9828,8988,-39,141,-112,-14784,4448,3572,-1009,88,-33,-14704,-3084,5856,-481,89,-158,0
129.9622859954834,9988,5196,11044,-136,-13,62,8944,-9876,8960,-64,119,-116,-14740,4472,3556,-964,112,-44,-14684,-3256,5776,-519,114,-121,0
129.99601197242737,10000,5236,11052,-48,-16,86,9004,-9832,9212,-79,137,-149,-14472,4620,3308,-1001,122,-44,-14704,-3200,5728,-543,126,-140,0
130.02954506874084,10168,5240,11040,-96,-39,95,8956,-9544,8944,-36,125,-131,-14508,4436,3252,-1014,65,-51,-14756,-3216,5916,-504,105,-160,0
130.06316494941711,9928,5224,10928,-110,12,76,8936,-9768,8952,-73,116,-125,-14584,4548,3412,-975,46,-64,-14628,-3120,5868,-484,92,-158,0
130.0968370437622,10096,5260,11164,-118,-5,42,8948,-9824,8880,-57,109,-171,-14600,4436,3348,-961,52,-71,-14464,-3284,5944,-495,130,-177,0
130.13039994239807,9972,5180,11088,-93,-8,27,8764,-9868,8844,-44,143,-161,-14580,4432,3532,-1005,42,-106,-14568,-3260,5824,-505,139,-159,0
130.1638960838318,10136,5176,11060,-47,-42,37,9000,-9836,8900,-43,99,-182,-14720,4504,3380,-1017,71,-109,-14668,-3240,5940,-508,151,-139,0
130.2001760005951,10032,5200,11288,-69,-23,31,8936,-9796,8892,-54,142,-160,-14568,4456,3448,-973,47,-86,-14604,-3164,5824,-493,144,-172,0
130.23567914962769,10000,5224,11156,-89,-21,25,8944,-9960,8836,-76,134,-171,-14400,4456,3332,-941,26,-91,-14684,-3228,5852,-503,157,-194,0
130.27083110809326,10056,5072,11176,-68,-38,4,8968,-9832,9008,-98,125,-180,-14760,4528,3436,-1280,37,-115,-14620,-3152,5792,-516,119,-213,0
130.30601906776428,10072,5236,11176,-77,-11,32,9176,-9784,8704,-59,204,-139,-14716,4508,3516,-1015,8,-92,-14824,-3236,5820,-517,123,-229,0
130.34183597564697,9944,5180,10860,-49,1,25,9200,-9820,8948,-21,166,-149,-14356,4356,3416,-994,6,-96,-14556,-3212,5784,-497,141,-202,0
130.3781189918518,9896,5152,11108,-108,-37,21,8960,-9816,8860,-93,256,-135,-14788,4428,3476,-955,16,-117,-14500,-3284,5920,-466,156,-221,0
130.413409948349,10204,5128,10752,-59,-56,10,8952,-9596,9164,-44,194,-181,-14344,4584,3484,-943,37,-166,-14636,-3164,5648,-517,163,-192,0
130.45414996147156,9964,5256,11084,-83,-66,42,9040,-9800,8896,6,165,-174,-14712,4544,3660,-1029,57,-119,-14592,-3316,5720,-532,174,-144,0
130.4895100593567,9736,5252,11072,-96,-49,43,8816,-9984,9192,-42,158,-97,-14444,4468,3576,-996,50,-133,-14836,-3272,5900,-768,144,-158,0
130.52514600753784,10000,5168,11240,-94,-72,47,9020,-9776,8976,-46,214,-144,-14624,4504,3504,-976,49,-119,-14588,-3340,5908,-768,155,-175,0
130.56085991859436,10004,5296,11148,-135,-29,38,9244,-9768,9096,-52,503,-114,-14440,4832,3328,-1026,64,-146,-14568,-3244,5768,-515,152,-159,0
130.5973379611969,9916,5224,11068,-80,-44,59,8860,-9860,8948,39,160,-132,-14448,4604,3528,-1046,65,-125,-14592,-3368,6068,-259,174,-152,0
130.63238906860352,9732,5308,11168,-120,-68,91,9148,-9868,8936,-30,171,-149,-14368,4568,3416,-1006,103,-149,-14628,-3256,5880,-257,132,-135,0
130.66838097572327,9900,5252,10980,-141,-53,85,8964,-9792,9212,-43,142,-161,-14664,4596,3472,-975,75,-81,-14668,-3412,5876,-531,143,-141,0
130.70364594459534,10068,5224,10832,-120,-71,80,8908,-9792,8968,-35,168,-185,-14464,4444,3488,-994,76,-115,-14488,-3368,5824,-490,168,-128,0
130.739520072937,9848,5264,11048,-165,-95,84,8820,-9820,9008,-28,139,-162,-14480,4416,3416,-1014,105,-96,-14644,-3280,5836,-462,174,-78,0
130.775043964386,9892,5220,11040,-189,-121,117,8868,-9792,9184,-3,121,-176,-14376,4468,3464,-988,146,-127,-14668,-3276,6124,-509,194,-82,0
130.81091594696045,9928,5256,11020,-196,-140,107,9008,-9832,8896,-42,143,-176,-14816,4528,3816,-965,160,-147,-14712,-3228,5796,-489,159,-96,0
130.84771704673767,9756,5308,10764,-169,-123,92,9016,-9864,9060,-4,161,-178,-14468,4496,3612,-975,129,-105,-14696,-3248,6140,-485,186,-79,0
130.8811891078949,9900,5156,11140,-184,-145,107,8852,-9980,9128,-21,133,-220,-14388,4420,3404,-989,139,-117,-14464,-3096,5844,-485,215,-77,0
130.91496992111206,9940,5336,11072,-210,-194,108,8836,-9852,8876,-15,168,-228,-14472,4448,3340,-966,141,-158,-14624,-3164,5832,-479,216,-78,0
130.94833111763,9732,5300,11148,-180,-202,102,8804,-9944,8972,-64,182,-231,-14472,4504,3440,-960,135,-178,-14812,-3224,5844,-475,196,-77,0
130.9818549156189,10008,5244,11100,-208,-214,92,8928,-9844,8864,-25,180,-246,-14524,4596,3408,-945,130,-170,-14368,-3200,6132,-463,194,-67,0
131.01545596122742,9904,5244,10944,-182,-183,101,8916,-9896,8872,-21,177,-221,-14560,4500,3520,-970,135,-155,-14660,-3296,5796,-439,196,-87,0
131.0491189956665,9976,5284,11100,-262,-136,78,8984,-9760,8996,-24,182,-214,-14692,4568,3512,-968,139,-142,-14588,-3244,5804,-426,215,-76,0
131.0826759338379,9884,5300,10876,-282,-166,110,8972,-9820,9208,-56,140,-207,-14848,4532,3588,-968,189,-122,-14568,-3228,5864,-436,214,-78,0
131.11623811721802,9764,5292,11008,-237,-215,81,9208,-9792,8888,-49,158,-207,-14620,4464,3488,-995,144,-88,-14604,-3308,5732,-477,190,-79,0
131.1501190662384,10232,5204,11108,-267,-211,97,8944,-9904,8796,-13,131,-215,-14812,4472,3420,-1055,196,-112,-14512,-3296,5840,-484,216,-63,0
131.183452129364,9952,5248,10828,-165,-132,118,8908,-9768,8964,-33,115,-187,-14572,4496,3564,-956,172,-101,-14672,-3208,5788,-465,155,-76,0
131.2171881198883,10036,5248,11168,-218,-115,118,8968,-9844,8792,-59,142,-215,-14656,4496,3500,-934,125,-114,-14680,-3240,5632,-442,142,-106,0
131.25079703330994,10088,5284,11212,-250,-65,94,8780,-9752,8840,-75,173,-142,-14792,4464,3452,-953,71,-41,-14784,-3164,5716,-473,64,-107,0
131.2844090461731,9992,5236,11180,-197,-248,72,8984,-9752,8880,-102,222,-15,-14420,4588,3508,-1009,25,245,-14716,-3532,5668,-503,25,-144,0
131.31791496276855,9976,5224,10800,-181,64,43,9008,-9828,8852,-88,291,-69,-14548,4636,3436,-988,8,2,-14620,-3356,6084,-472,-1,-153,0
131.3515739440918,9964,5292,11052,-169,33,38,8848,-9496,8900,-80,190,-85,-14636,4456,3464,-961,79,13,-14388,-3264,6060,-465,46,-154,0
131.3850131034851,10160,5204,11048,-196,56,63,8848,-9512,9104,-88,107,-116,-14540,4568,3388,-942,69,-2,-14660,-3224,5740,-427,96,-110,0
131.4187879562378,10208,5252,11212,-199,-21,49,8936,-9920,8972,-96,149,-134,-14800,4388,3504,-968,57,-60,-14704,-3132,5920,-466,90,-104,0
131.4521360397339,9964,5108,11088,-159,-21,55,9172,-9816,8972,-115,155,-172,-14576,4604,3440,-986,54,-80,-14688,-3248,6032,-487,83,-167,0
131.48575901985168,9748,5240,11180,-161,11,19,8860,-9840,9176,-37,196,-139,-14528,4532,3480,-954,47,-58,-14676,-3252,6004,-485,89,-173,0
131.51942014694214,10208,5200,11288,-189,-4,33,8944,-9800,8852,-54,298,-201,-14580,4504,3836,-940,20,-51,-14788,-3300,5896,-461,89,-169,0
131.55291199684143,10196,5352,11064,-186,-9,13,8972,-9860,9008,-52,216,-131,-14724,4472,3520,-964,-11,233,-14612,-3216,5816,-459,67,-167,0
131.58672213554382,9876,5260,11092,-171,25,-20,8760,-9856,9024,-86,214,-167,-14660,4528,3540,-894,0,-14,-14712,-3332,5996,-455,13,-183,0
131.62003993988037,9856,5196,11128,-171,-35,-32,8880,-9916,8860,-106,302,-163,-14532,4544,3668,-909,-34,-12,-14620,-3220,5900,-493,47,-1,0
131.65376901626587,9900,4892,11048,-147,-4,-82,8724,-9928,8960,-15,257,-111,-14504,4688,3572,-1003,-55,-10,-14604,-3168,5936,-548,4,-8,0
131.68716311454773,9896,5276,11016,-157,64,-46,9172,-9672,9004,-35,369,-38,-14604,4464,3412,-917,-68,29,-14708,-3260,5832,-476,-48,-282,0
131.7205810546875,9980,5224,11060,-155,133,-64,8896,-9928,9008,14,390,-43,-14764,4804,3452,-1062,-111,229,-14500,-3132,5928,-555,-15,-267,0
131.7541470527649,9972,5272,11464,-125,155,8,8836,-9888,8952,-13,283,-53,-14084,4392,3612,-1270,-70,16,-14688,-3276,6012,-535,-16,-198,0
131.7878589630127,9872,5276,11188,-154,47,65,8736,-9816,8940,-123,288,-13,-14432,4700,3536,-930,11,43,-14580,-3280,6056,-569,2,-104,0
131.8213300704956,9844,5204,11116,-201,28,138,8952,-9984,9136,-63,186,-31,-14536,4644,3632,-1032,81,63,-14564,-3248,6144,-559,28,-58,0
131.85488295555115,9636,5264,11484,-212,20,163,8744,-9804,9100,-108,172,-9,-14404,4732,3672,-978,66,114,-14620,-3488,6016,-523,-44,-125,0
131.89221811294556,9776,5252,11284,-199,31,83,8804,-9956,9000,-80,267,-7,-14848,4528,3424,-951,-51,135,-14568,-3260,5904,-509,-56,-202,0
131.92814993858337,9792,5156,11184,-214,118,20,8744,-9852,8980,-80,341,16,-14368,4736,3808,-1007,-73,53,-14584,-3404,6020,-491,-81,-2,0
131.9634029865265,9540,5240,11244,-184,124,-2,8716,-9860,9144,-67,364,8,-14448,4632,3748,-954,-126,124,-14524,-3340,6044,-484,-106,-228,0
131.99948000907898,9640,5288,11208,-158,127,-24,8688,-9992,8856,-87,318,-49,-14548,4628,3632,-913,-108,62,-14520,-3316,6088,-461,-53,-204,0
132.03484296798706,9876,5120,11204,-127,23,-48,8820,-9916,9200,-75,406,-49,-14512,4688,3504,-994,-107,38,-14568,-3228,6068,-482,254,-512,0
132.06988906860352,9700,5144,11220,-146,-2,-22,8904,-9760,9036,-1,373,-48,-14520,4732,3740,-1067,-164,-252,-14416,-3232,6352,-480,-13,-1,0
132.1053991317749,9560,5212,11248,-153,79,-10,8540,-9948,8908,33,372,-59,-14328,4864,3612,-1096,-77,-28,-14504,-3252,6312,-560,5,-192,0
132.14190101623535,9720,5244,11232,-124,-6,28,8748,-10128,9084,9,362,-51,-14488,4812,3800,-1129,-67,-45,-14480,-3388,6220,-540,85,-206,0
132.17800092697144,9808,5288,11028,-165,35,51,8644,-9776,9100,30,341,-63,-14512,4760,3720,-1113,-43,-17,-14484,-3188,6360,-600,56,-208,0
132.2134439945221,9960,5196,11092,-71,-252,88,8744,-10032,9100,67,385,1,-14576,4812,3816,-1136,-52,32,-14764,-3452,6332,-600,-22,-216,0
132.24919414520264,9540,5252,11212,-31,131,69,8588,-10236,9028,39,475,36,-14380,4724,3804,-1092,-142,83,-14628,-3364,6224,-652,-146,-312,0
132.28421902656555,9752,5308,11288,-54,190,20,8748,-9948,9300,-249,750,119,-14348,4664,3636,-1090,-234,184,-14572,-3384,6096,-634,-212,-371,0
132.31992506980896,9604,5120,11040,-87,300,-61,8520,-10076,9084,73,514,166,-14344,4780,3668,-1114,-233,155,-14436,-3120,6228,-605,-192,-335,0
132.35553407669067,9648,5316,11348,-35,369,-33,8556,-10080,9172,149,698,160,-14140,4676,4088,-1183,-192,181,-14468,-3460,6192,-633,-117,-306,0
132.3908610343933,9468,5292,11224,-10,229,5,8472,-9920,9128,117,353,96,-14288,4784,3964,-1145,-212,98,-14308,-3344,5888,-623,-54,-281,0
132.42585706710815,9412,5160,11284,2,229,40,8324,-9932,9420,100,298,66,-14468,4720,3592,-1231,-100,33,-14540,-3480,6276,-651,41,-249,0
132.46134305000308,9520,5412,11248,-11,118,53,8452,-10104,9216,71,356,15,-14352,4620,3992,-1175,-136,-32,-14396,-3500,6284,-650,24,-336,0
132.497622013092,9556,5124,11184,250,165,7,8636,-9968,9020,81,368,44,-14308,4796,3972,-1192,-205,65,-14500,-3784,6264,-646,-79,-344,0
132.5335099697113,9504,5612,11464,-18,611,-51,8424,-9968,9132,76,408,147,-14164,4812,4020,-1109,-267,104,-14532,-3620,6324,-648,-157,-338,0
132.56715893745422,9516,5404,11436,-48,319,-65,8392,-9924,9344,-26,358,207,-14148,4780,3912,-1125,-262,186,-14424,-3408,6256,-571,-228,-377,0
132.6008801460266,9412,5436,11152,-106,384,-102,8264,-9760,9164,-32,355,173,-14252,4724,3940,-1094,-7,171,-14356,-3696,6344,-516,-187,-342,0
132.63422894477844,9256,5532,11452,-105,348,-41,8168,-9988,9244,-253,341,140,-14108,4804,4000,-1097,-231,147,-14284,-3704,6376,-505,-134,-269,0
132.6678159236908,9196,5456,11416,-114,284,-6,8144,-9736,9324,-74,242,65,-14224,4824,4084,-1030,-86,161,-14300,-3692,6556,-504,-129,-223,0
132.70101714134216,9352,5456,11312,-149,198,32,8284,-10040,9160,-112,227,45,-14280,4624,4100,-986,-67,162,-14600,-3668,6408,-484,-130,-241,0
132.73433995246887,9408,5348,11600,-146,236,-12,8232,-10044,9172,-131,306,93,-14344,4756,4112,-985,-187,204,-14468,-3804,6492,-537,-204,-283,0
132.76767897605896,9592,5432,11416,-150,342,-72,8188,-10112,9224,-98,444,165,-14280,4944,4100,-950,-264,265,-14416,-3580,6532,-549,-323,-286,0
132.80134105682373,9196,5284,11504,-128,444,-55,8264,-10224,9120,-64,465,237,-13996,4936,4224,-990,-328,496,-14332,-3448,6408,-568,-280,-315,0
132.83487796783447,9260,5428,11548,-105,443,-30,8224,-10204,9316,-36,469,188,-14104,4892,4176,-1049,-308,501,-14456,-3580,6596,-768,-272,-322,0
132.8684389591217,9184,5460,11648,-129,359,-77,8084,-10204,9152,-72,424,157,-13952,5108,4196,-1004,-311,228,-14324,-3648,6592,-542,-232,-334,0
132.90184211730957,9444,5160,11348,-134,341,-73,8096,-10184,9280,-66,471,129,-14104,4892,4252,-990,-275,214,-14516,-3604,6620,-466,-201,-512,0
132.93503093719482,9132,5540,11692,-201,359,-37,8004,-10088,9276,-75,435,146,-14188,5088,4104,-990,-327,2,-14180,-3820,6556,-421,-240,-507,0
132.96856904029846,9192,5412,11628,-264,346,-92,8096,-10184,9216,-139,562,215,-13832,5012,4276,-907,-327,281,-14256,-3644,6492,-405,-307,-274,0
133.00212502479556,9040,5520,11648,-357,417,-116,7988,-10292,9328,-58,666,160,-14136,5056,4320,-917,-275,261,-14268,-4064,6788,-339,-252,-183,0
133.03556609153748,8916,5512,11788,-429,244,-51,7772,-10340,9528,29,562,33,-13908,5216,4460,-962,-125,144,-14168,-3856,6816,-262,-127,-105,0
133.069237947464,8956,5608,11788,-287,112,-17,7916,-10324,9468,-105,462,-12,-14264,5248,4500,-893,-177,112,-14244,-3800,6812,-426,-148,-158,0
133.10280799865723,8860,5588,11748,-247,115,-52,7904,-10236,9364,-73,514,-249,-13928,5212,4268,-915,-202,130,-13984,-3656,6728,-403,-182,-168,0
133.13658595085144,8792,5444,11344,-278,157,-79,7724,-10192,9028,-75,462,-12,-14032,5300,4320,-928,-222,81,-13984,-3800,6832,-302,-169,-223,0
133.1701741218567,8720,5468,11336,-189,228,-154,7804,-10208,9304,-69,459,-29,-13996,5112,4384,-982,-211,23,-14168,-3700,6620,-382,-125,-308,0
133.20373606681824,9112,5384,11492,-168,240,-132,8152,-10060,9328,-39,369,43,-13996,5288,4404,-1070,-309,118,-14148,-3560,6772,-443,-191,-348,0
133.23722004890442,8876,5340,11756,-129,310,-216,7888,-10252,9180,-27,539,114,-13972,5356,4376,-1038,-412,100,-14324,-3624,6768,-485,-253,-443,0
133.27080392837524,9168,5324,11644,-58,431,-279,8068,-10336,9256,8,588,133,-14524,5200,4176,-1037,-492,226,-14424,-3568,6612,-447,-415,-638,0
133.30439400672913,9112,5348,11968,-54,582,-333,8184,-10200,9316,39,634,242,-14108,5124,4416,-1052,-646,348,-14228,-3644,6996,-408,-470,-619,0
133.33763694763184,8900,5416,11704,-148,661,-341,7596,-10040,9396,41,821,251,-13784,5336,4528,-1059,-597,285,-13844,-3580,6760,-486,-411,-553,0
133.37133812904358,8664,5380,11844,-77,587,-223,7408,-10176,9288,87,678,264,-13372,5316,4500,-1164,-478,229,-13808,-3756,6888,-496,-242,-426,0
133.4048590660095,8276,5612,11728,-160,390,-100,7188,-10452,9460,66,594,122,-13404,5268,4384,-1063,-238,102,-13580,-3792,7144,-478,-102,-296,0
133.43790793418884,8388,5552,11920,-163,101,18,6972,-10256,9512,-25,279,-102,-13252,5380,4700,-1049,90,-64,-13384,-3984,7084,-508,192,-71,0
133.47152400016785,8156,5492,11852,-148,-230,187,7032,-10324,9552,61,-41,-307,-13192,5168,4732,-1076,381,-272,-13776,-3860,6976,-575,473,22,0
133.50502705574036,8436,5584,11856,-154,-435,299,7264,-10256,9540,57,-173,-508,-13620,5252,4836,-1035,581,-456,-13912,-4036,7164,-642,684,59,0
133.53823709487915,8500,5524,11864,-51,-666,321,7564,-10172,9520,67,-234,-592,-13808,5268,4612,-1070,589,-765,-14128,-3948,7028,-567,779,84,0
133.5754270553589,8772,5588,11320,-104,-644,289,7776,-10300,9464,64,-227,-555,-14048,5296,4796,-1069,529,-510,-14148,-3844,6848,-527,648,43,0
133.6116840839386,8960,5476,11980,-83,-462,207,7888,-10292,9304,61,-246,-497,-14044,5188,4496,-971,363,-328,-14412,-3832,6916,-492,504,-16,0
133.64767599105835,8980,5564,11576,-155,-276,181,7844,-9960,9428,-42,81,-307,-13976,5080,4504,-911,332,-154,-14192,-3860,7024,-451,328,23,0
133.68293595314026,9196,5848,11624,-235,-198,203,7788,-10124,9480,-176,73,-278,-14092,5032,4396,-827,379,-97,-14088,-3700,6792,-411,198,70,0
133.71922206878662,8904,5532,11656,-196,-200,276,7764,-10284,9380,-202,4,-288,-14104,5072,4552,-941,476,-117,-14328,-3708,6640,-423,251,108,0
133.75407195091248,8796,5380,11536,-242,-327,289,7732,-10300,9400,-143,-239,-360,-13856,5160,4308,-1021,574,-176,-13840,-3724,6684,-386,390,214,0
133.789165019989,8624,5416,11688,-213,-432,328,7516,-10200,9448,87,-183,-470,-14028,5244,4364,-1119,696,-325,-14016,-3728,6636,-403,572,215,0
133.82392692565918,8852,5324,11852,-47,-656,335,7580,-10356,9324,-92,-477,-569,-13708,5192,4384,-1047,715,-629,-13944,-3628,6808,-421,793,254,0
133.8598120212555,8488,5420,11812,-29,-895,368,7792,-10060,9296,-53,-558,-683,-13856,5208,4364,-1160,712,-522,-13896,-3628,6772,-400,956,263,0
133.89552998542786,9020,5356,11492,-21,-912,399,7828,-10240,9404,9,-554,-697,-13976,5116,4596,-1170,711,-679,-14144,-3616,6680,-476,851,212,0
133.93126797676086,9080,5456,11488,47,-785,383,7924,-10028,9408,4,-607,-655,-13916,5104,4396,-1141,728,-659,-14484,-3744,6720,-471,819,203,0
133.9670989513397,9096,5536,11716,-35,-629,309,8416,-10132,9356,-115,-531,-551,-14424,5232,4252,-1010,585,-489,-14672,-3636,6564,-453,570,96,0
134.00223112106323,9324,5496,11508,-174,-474,214,8348,-10160,9304,-102,-188,-404,-14388,5024,4248,-948,290,-305,-14340,-3592,6236,-513,454,-49,0
134.03805208206177,9212,5388,11272,-164,-323,151,8348,-10204,9500,242,-33,-305,-14160,5000,4240,-1027,244,-16,-14480,-3684,6684,-571,325,-51,0
134.07335114479065,9216,5380,11396,-81,-204,116,7988,-10204,9280,1,-7,-1,-14248,4992,4260,-961,226,-157,-14588,-3496,6524,-581,249,-105,0
134.10825514793396,9304,5496,11416,-76,-128,114,8136,-10048,9376,-14,18,-192,-14312,5044,4396,-831,93,-122,-14504,-3520,6400,-483,145,-97,0
134.14431405067444,9372,5472,11396,-157,-46,124,8440,-9952,9288,-124,118,-126,-14116,4868,4060,-840,148,11,-14460,-3668,6472,-530,69,-74,0
134.17974615097046,9200,5548,11512,-177,-54,153,8144,-10152,9348,-161,23,-141,-14316,4816,4080,-873,220,17,-14088,-3544,6520,-544,98,26,0
134.21575713157654,9196,5444,11592,-205,-42,199,8176,-10000,9192,-166,-46,-107,-13832,4916,4140,-962,283,83,-14432,-3548,6408,-454,79,70,0
134.2492160797119,9236,5380,11696,-282,-22,234,8216,-10036,9280,-214,35,-72,-13852,5016,3852,-893,237,87,-14412,-3364,6856,-425,73,76,0
134.2828860282898,9184,5608,11528,-263,-20,238,8172,-10132,9000,-162,-205,-23,-14168,5032,4392,-993,284,67,-14228,-3448,6576,-436,90,100,0
134.31651306152344,9108,5364,11568,-244,-27,213,8148,-10132,9172,-137,217,-39,-14268,5212,3916,-1089,360,12,-14220,-3484,6512,-456,145,77,0
134.35002899169922,9228,5356,11696,-231,-41,210,8200,-10212,9428,-105,87,-182,-14104,5264,4024,-1077,362,-37,-14540,-3404,6564,-432,203,85,0
134.38363099098206,9104,5320,11668,-237,-79,220,7968,-10236,8960,-150,-18,-152,-14028,5172,4332,-1003,270,-57,-14428,-3456,6720,-466,216,68,0
134.41739892959595,9064,5284,11700,-210,-48,191,8120,-10208,9200,-102,-67,-149,-13916,5144,4296,-1009,222,1,-14240,-3752,6508,-500,144,33,0
134.4507040977478,9012,5304,11548,-228,-48,165,8092,-10308,9140,-40,68,-158,-14332,5008,4304,-834,115,-251,-14344,-3340,6792,-429,123,-11,0
134.48424100875854,9004,5216,11848,-192,-25,160,8332,-10232,9252,-80,106,-128,-14256,4896,4244,-990,147,-41,-14584,-3580,6744,-492,71,-109,0
134.51752495765686,9104,5276,11668,-147,11,107,8240,-10252,9192,-41,212,-145,-14212,5200,4084,-899,41,-58,-14140,-3640,6868,-510,87,-187,0
134.55106210708618,9036,5336,11656,-170,44,36,8252,-10180,9420,-69,211,-122,-14552,5060,4092,-887,-255,-73,-14344,-3388,6584,-257,61,-192,0
134.58443808555603,8964,5332,11632,-167,-251,11,8172,-10200,8972,-68,228,-132,-14100,5088,3936,-952,75,-49,-14276,-3364,6588,-531,89,-215,0
134.6180510520935,9260,5304,11632,-180,-34,34,8120,-10156,9088,-20,193,-200,-14132,4892,4020,-922,119,-62,-14120,-3344,6596,-431,112,-143,0
134.65181803703308,9096,5552,11468,-238,-87,52,8064,-10012,9164,-71,115,-213,-14176,4848,4136,-964,177,-80,-14124,-3472,6644,-386,166,-63,0
134.6852741241455,8976,5332,11392,-277,-116,58,8256,-10200,9008,-127,136,-234,-14348,5096,4196,-838,97,-74,-14420,-3516,6460,-385,151,-81,0
134.71861600875854,9288,5412,11768,-293,-67,64,8276,-10168,9124,-118,167,-224,-14164,4940,4128,-975,60,-49,-14436,-3552,6508,-431,160,-100,0
134.75202298164368,9308,5384,11704,-286,-44,55,8340,-10044,9408,-139,164,-195,-14220,4892,4024,-901,82,-72,-14384,-3584,6548,-378,99,-114,0
134.78531098365784,9152,5444,11668,-284,-66,6,8108,-10108,9252,-113,236,-190,-13928,4972,4024,-871,99,-28,-14300,-3412,6472,-384,170,-75,0
134.81885194778442,9168,5300,11524,-330,-112,51,7988,-10312,9208,-40,294,-147,-14112,5204,3864,-1065,68,-47,-14140,-3444,6676,-376,223,-30,0
134.8521749973297,9016,5260,11772,-255,-136,110,8048,-10204,9168,-26,163,-203,-14276,5256,4224,-982,102,-118,-14176,-3272,6824,-390,219,-250,0
134.88568305969238,9024,5292,11720,-270,-240,178,8000,-10272,9172,-23,118,-251,-14200,5220,3964,-995,192,-89,-14508,-3556,6872,-447,194,36,0
134.91904211044312,8896,5252,11836,-253,-233,211,8012,-10360,9232,-52,40,-204,-14076,5168,3972,-919,269,-109,-14292,-3340,6796,-493,234,70,0
134.95222091674805,9072,5288,11656,-206,-322,241,8092,-10484,9148,-34,-66,-240,-14008,5192,4024,-1008,350,-174,-14176,-3316,6664,-486,267,86,0
134.98562097549438,9040,5168,11584,-205,-300,295,8076,-10300,8980,16,-103,-244,-14232,5356,4016,-777,359,-169,-14228,-3544,6708,-490,270,43,0
135.01918601989746,9280,5096,11708,-185,-327,240,8440,-10312,9008,1,-39,-263,-14208,5068,3940,-994,240,-18,-14424,-3292,6608,-463,342,-256,0
135.0526909828186,9208,5228,11524,-284,-353,161,8260,-10272,8996,30,72,-305,-14148,5100,4252,-928,163,-282,-14312,-3324,6552,-481,363,-25,0
135.08643412590027,9152,5252,11460,-236,-327,152,8256,-10168,9080,90,314,-298,-14324,4936,3848,-971,140,-290,-14136,-3484,6528,-424,365,-30,0
135.12018299102783,9292,5224,11552,-185,-331,176,8216,-10180,8976,99,109,-348,-14332,5104,4228,-911,158,-276,-14448,-3428,6504,-484,314,-66,0
135.15368795394897,9176,5248,11388,-155,-274,146,8232,-10008,9112,121,269,-236,-14236,4932,4028,-1018,156,-194,-14332,-3456,6480,-527,2,-89,0
135.18732714653015,9264,5176,11652,-126,-248,168,8064,-10168,9132,78,106,-227,-13892,4980,4172,-1045,141,-148,-14472,-3432,6584,-539,202,-87,0
135.22032809257507,9332,4924,11484,-125,-214,205,8248,-10148,9148,24,102,-175,-14456,5008,4216,-1036,104,-129,-14516,-3312,6636,-541,173,-94,0
135.25743293762207,9264,5284,11512,-106,-178,201,8172,-10108,8968,16,44,-156,-14064,4984,3972,-1078,170,-123,-14288,-3440,6428,-576,214,-43,0
135.2937090396881,9324,5272,11460,-97,-170,223,8228,-10088,9188,10,20,-157,-14108,5016,3928,-1128,214,-175,-14284,-3104,6152,-539,193,-73,0
135.3297209739685,9292,4872,11412,-88,-156,165,8316,-10076,9204,253,61,-168,-14144,4976,4068,-1103,120,-114,-14208,-3392,6448,-508,155,-125,0
135.36505508422852,9332,5328,11536,-51,-68,109,7940,-10120,9136,29,125,-165,-13832,5048,3860,-1065,68,-143,-14312,-3252,6436,-509,195,-74,0
135.40069699287415,9420,5160,11400,-72,-114,121,7944,-10124,9048,9,99,-204,-14084,4932,4024,-1028,89,-171,-14492,-3376,6400,-415,239,-2,0
135.437087059021,9284,5208,11396,-80,-122,143,8412,-10068,9040,-61,106,-222,-14148,4984,3880,-1054,155,-153,-14396,-3408,6500,-417,498,-17,0
135.4749939441681,9276,5256,11632,-78,-138,132,8268,-10192,9096,-61,74,-235,-14188,5000,3892,-991,187,-129,-14456,-3556,6648,-426,271,249,0
135.5112121105194,9364,5296,11476,-98,-134,160,8272,-10196,9200,-66,55,-222,-14176,5088,4056,-1277,205,-137,-14440,-3324,6524,-444,208,-39,0
135.5475471019745,9212,5292,11532,-85,-104,103,8192,-10168,9116,-68,29,-189,-14032,4960,4276,-978,111,-130,-14308,-3400,6588,-467,122,-102,0
135.58234810829163,9336,5292,11632,-138,-35,48,8312,-10028,9140,-92,140,-189,-14272,4996,4264,-841,6,-96,-14460,-3440,6560,-501,51,-199,0
135.61810493469238,9404,5232,11672,-122,20,-253,8272,-10200,9160,-118,157,-142,-14404,5080,4088,-870,6,-81,-14512,-3344,6480,-486,36,-207,0
135.65331411361694,9200,5260,11628,-133,8,-15,8248,-10152,9272,-38,206,-126,-14220,4900,4016,-884,26,-45,-14300,-3292,6548,-503,97,-205,0
135.68913912773132,8968,5236,11620,-37,-28,9,8156,-10236,9048,-91,144,-203,-14032,5308,4120,-915,5,-71,-14392,-3220,6496,-519,146,-195,0
135.7244040966034,9276,5268,11736,-34,-55,7,8296,-9992,9156,-27,235,-184,-13976,5108,4012,-960,-18,-115,-14396,-3384,6640,-567,147,-246,0
135.76012301445007,9404,5168,11620,-36,-41,32,8144,-10104,8832,253,196,-183,-13976,5080,4084,-937,10,-111,-14228,-3300,6616,-584,198,-208,0
135.79573893547058,9188,5148,11504,-51,-125,65,7988,-10124,9104,26,142,-228,-14344,5004,4008,-1008,68,-197,-14436,-3364,6520,-257,242,-127,0
135.83171010017395,9380,5308,11316,-111,-164,85,8304,-10164,8988,15,208,-236,-14228,4992,4236,-1010,45,-146,-14376,-3264,6484,-504,231,-138,0
135.86767101287842,9328,5360,11580,-129,-162,83,8204,-10188,9156,-8,251,-188,-14276,4972,4088,-912,83,-190,-14444,-3416,6560,-535,166,-139,0
135.90345692634583,9220,5248,11536,-177,-162,70,8116,-10228,9348,29,256,-228,-14144,5036,3964,-961,91,-175,-14504,-3532,6476,-548,234,-97,0
135.93675994873047,9172,5336,11624,-121,-235,125,7956,-10468,9216,16,174,-233,-14176,5068,4208,-1040,84,-178,-14456,-3396,6548,-534,297,-72,0
135.97023701667786,9252,5288,11544,-115,-268,133,8168,-10264,9416,25,163,-1,-14328,5032,4232,-1013,156,-181,-14400,-3376,6652,-588,242,-103,0
136.00384211540222,9116,5260,11468,-132,-294,148,8048,-10148,9156,247,18,-268,-14144,5064,4068,-986,164,-180,-14364,-3336,6476,-552,510,-75,0
136.03748512268066,9276,5140,11472,-148,-336,145,8164,-10136,9180,52,64,-271,-14112,4940,4128,-996,210,-11,-14176,-3440,6508,-551,293,-67,0
136.0708360671997,9364,5320,11580,-166,-318,157,8252,-10104,9200,47,-16,-286,-14300,4904,4160,-1085,220,-286,-14488,-3396,6392,-504,328,-43,0
136.10434913635254,9180,5400,11552,-177,-324,165,8256,-10020,9088,20,51,-294,-14212,5092,4284,-995,241,-243,-14252,-3424,6484,-497,300,-35,0
136.13810896873474,9320,5432,11368,-227,-305,155,8288,-10164,9348,23,13,-326,-14248,4628,4000,-968,502,-8,-14332,-3376,6472,-427,306,-45,0
136.1717779636383,9388,5304,11456,-246,-283,145,8640,-10096,9240,-53,-15,-254,-14220,4976,3988,-990,199,-213,-14420,-3352,6496,-413,251,-54,0
136.20528197288516,9348,5296,11400,-194,-272,120,8380,-10056,9292,-39,90,-259,-14296,4972,3908,-974,142,-134,-14436,-3440,6452,-452,215,-118,0
136.2387421131134,9420,5176,11260,-179,-154,43,8436,-10048,9356,-19,104,-209,-14276,4984,3896,-959,98,-130,-14372,-3168,6344,-485,95,-167,0
136.27210998535156,9424,5228,11460,-104,10,41,8196,-10080,9180,-27,158,-133,-14328,4856,4108,-984,244,-76,-14356,-3264,6432,-479,38,-214,0
136.3056230545044,9460,5248,11328,-75,85,25,8236,-10160,9076,-23,177,-129,-14116,4936,3876,-1005,-256,-87,-14272,-3120,6388,-513,97,-216,0
136.33928298950195,9220,5184,11572,-90,85,45,8156,-10056,9016,12,154,-153,-14228,4940,3924,-994,64,-88,-14264,-3252,6420,-531,128,-192,0
136.372887134552,9236,5176,11584,-60,17,70,8228,-10048,9036,-19,86,-174,-14024,5024,4048,-997,153,-71,-14452,-3304,6528,-506,173,-117,0
136.4064769744873,9340,5168,11464,-98,-59,103,8220,-10092,9060,12,49,-188,-14216,4976,4024,-994,163,-103,-14424,-3256,6536,-495,196,-105,0
136.43983507156372,9308,5292,11416,-115,-94,134,8412,-10448,9256,-22,114,-240,-14288,4884,4144,-884,85,-121,-14424,-3432,6468,-260,240,-89,0
136.47336792945862,9316,5364,11464,-78,-100,101,8356,-10172,9088,23,43,-168,-13984,4984,4112,-777,131,-196,-14520,-3424,6328,-529,228,-139,0
136.5069510936737,9272,5264,11448,-33,-130,91,8404,-10084,9088,-60,124,-162,-14380,4848,3924,-1053,11,-195,-14272,-3284,6304,-541,201,-163,0
136.54052114486694,9440,5376,11432,-256,-86,28,8344,-10096,9456,-11,111,-139,-14376,5012,3996,-1072,-8,-105,-14516,-3440,6392,-570,117,-217,0
136.5740430355072,9428,5288,11492,-13,0,24,8364,-10176,9092,1,210,-145,-14172,4956,4052,-968,-30,-69,-14356,-3424,6528,-574,37,-234,0
136.60759902000427,9388,5332,11568,-5,65,31,8256,-10208,9104,41,202,-81,-14300,4968,3864,-997,-253,-51,-14244,-3336,6820,-561,108,-212,0
136.64121103286743,9288,5220,11664,-23,32,40,8016,-10160,9232,27,197,-130,-14132,4828,4164,-995,-32,-75,-14332,-3548,6508,-543,124,-196,0
136.67459297180176,9272,5388,11556,-33,-31,34,7984,-10076,9424,-19,168,-167,-14212,4980,4332,-988,26,-92,-14344,-3352,6532,-558,174,-183,0
136.7081799507141,9156,5280,11696,-86,-90,77,8240,-10120,9112,250,113,-196,-13944,4904,4276,-992,69,-147,-14280,-3564,6532,-584,237,-143,0
136.74186992645264,9020,5536,11336,-81,-133,126,8188,-10108,9244,-24,133,-156,-14056,4884,4080,-1076,107,-149,-14340,-3440,6540,-533,179,-106,0
136.7754521369934,9284,5136,11308,-88,-117,99,8284,-10232,9212,-54,123,-184,-14236,4860,4172,-1029,111,-168,-14456,-3696,6412,-541,186,-129,0
136.80891394615173,9224,5168,11432,-98,-118,89,8316,-10088,9228,-251,104,-178,-14176,4860,4112,-1004,119,-107,-14316,-3396,6424,-562,186,-144,0
136.84215903282166,9332,5312,11368,-62,-51,83,8208,-10016,8968,-41,94,-190,-14232,4884,4132,-1050,61,-72,-14252,-3812,6432,-509,156,-154,0
136.8757951259613,9372,5396,11508,-61,-1,92,8300,-10028,9176,-43,129,-154,-14492,4992,4208,-965,76,-48,-14468,-3500,6528,-549,71,-144,0
136.91189908981323,9360,5316,11620,-86,-253,60,8252,-10040,9084,-22,126,-132,-14000,5044,4088,-994,57,-57,-14364,-3464,6544,-524,122,-138,0
136.94800901412964,9288,5292,11620,-108,-36,73,8212,-10212,9156,-23,141,-137,-14432,4864,4260,-993,42,-64,-14344,-3328,6220,-518,111,-162,0
136.9835021495819,9336,5276,11460,-123,-52,88,8320,-10120,9144,-12,153,-173,-14024,5040,4068,-1018,109,-125,-14328,-3356,6452,-522,139,-130,0
137.01935195922852,9196,5128,11440,-67,-50,114,8268,-10188,9152,-24,96,-143,-13920,4956,4144,-1041,101,-100,-14532,-3412,6620,-532,140,-104,0
137.0543520450592,9328,5384,11516,-122,-105,101,8352,-10144,8992,-5,65,-176,-13988,4904,4008,-1011,149,-108,-14488,-3556,6476,-508,148,-107,0
137.09010791778564,9224,5152,11492,-134,-43,99,8100,-10008,9360,-47,35,-158,-14296,4852,3916,-1004,116,-117,-14340,-3432,6464,-498,166,-112,0
137.12584114074707,9320,5332,11500,-159,-81,109,8272,-10076,9120,-38,119,-163,-14248,4816,3904,-994,104,-64,-14332,-3508,6436,-497,166,-100,0
137.16124606132507,9180,5124,11472,-137,-94,77,8304,-10076,9220,-28,138,-154,-14144,4904,4176,-967,70,-129,-14372,-3464,6528,-490,182,-103,0
137.19758105278015,9248,5272,11584,-160,-123,76,8284,-10028,8980,-39,138,-205,-14204,4880,3884,-922,140,-177,-14324,-3504,6572,-461,140,-137,0
137.23303699493408,9200,5412,11424,-151,-131,84,8424,-10060,9244,-243,137,-211,-14232,4648,4348,-979,96,-94,-14420,-3520,6440,-450,187,-107,0
137.2682831287384,9416,5332,11304,-149,-97,88,8288,-10084,9104,-11,114,-184,-14168,4716,4072,-970,103,-125,-14492,-3408,6572,-494,153,-109,0
137.3042619228363,9304,5584,11456,-208,-141,67,8316,-10164,9100,-22,150,-177,-14340,4940,4196,-985,79,-136,-14564,-3396,6436,-473,137,-104,0
137.34012603759766,9268,5380,11688,-153,-79,79,8236,-10128,9416,-18,150,-183,-14328,5012,4128,-912,53,-83,-14388,-3344,6448,-763,174,-121,0
137.37545013427734,9320,5360,11652,-195,-117,96,8364,-10008,9012,29,167,-162,-14308,4968,4176,-1013,95,-150,-14108,-3372,6472,-547,228,-105,0
137.41097807884216,9256,5132,11748,-130,-120,165,8432,-10088,9204,42,103,-176,-14172,5000,4104,-1044,164,-113,-14328,-3512,6476,-764,212,-36,0
137.44709610939026,9276,5416,11604,-171,-194,151,8232,-10116,9056,-13,101,-210,-14240,5064,4020,-1001,183,-117,-14276,-3384,6580,-501,234,-24,0
137.48227214813232,9328,5372,11644,-186,-191,140,8336,-10064,9160,-256,101,-240,-14180,4884,4056,-992,176,-225,-14480,-3344,6440,-506,256,-76,0
137.5181930065155,9188,5328,11464,-196,-227,136,8300,-10040,9132,28,126,-232,-14188,4932,4020,-992,165,-166,-14420,-3332,6220,-483,218,-101,0
137.5534040927887,9216,5388,11372,-214,-196,131,8276,-10112,9156,30,169,-233,-14224,4880,4068,-954,143,-143,-14420,-3376,6556,-492,187,-78,0
137.58919405937195,9244,5328,11460,-245,-503,103,8348,-10120,9076,12,160,-228,-14212,4612,4116,-967,124,-158,-14456,-3396,6276,-479,194,-106,0
137.62283897399902,9372,5288,11312,-215,-207,89,8288,-10124,9256,43,208,-260,-14360,4876,4332,-952,99,-170,-14368,-3364,6352,-480,221,-110,0
137.65653014183044,9276,5264,11460,-229,-242,116,8224,-10120,9116,21,148,-241,-14052,4868,4016,-775,132,-220,-14228,-3600,6316,-758,250,-95,0
137.68974494934082,9376,5244,11536,-201,-267,120,8408,-9968,9268,-13,181,-311,-14152,4832,3932,-986,186,-212,-14292,-3264,6344,-471,230,-92,0
137.72339510917664,9324,5340,11448,-226,-240,129,8324,-10060,9384,64,110,-509,-14268,4844,4020,-1014,175,-197,-14432,-3500,6488,-448,241,-80,0
137.75699496269226,9312,5324,11516,-201,-214,115,8312,-10080,9104,56,97,-251,-14196,4852,4092,-769,148,-194,-14368,-3376,6392,-504,236,-80,0
137.79052710533142,9356,5348,11364,-190,-214,114,8316,-10128,9248,38,137,-252,-14200,5076,3888,-1020,145,-209,-14488,-3420,6368,-504,224,-73,0
137.82402801513672,9304,5248,11476,-198,-238,151,8324,-10092,9264,3,90,-249,-13836,5116,4148,-977,172,-150,-14404,-3244,6388,-762,242,-69,0
137.85759592056274,9416,5264,11356,-173,-187,154,8256,-9772,9408,-15,90,-231,-14228,5104,3840,-978,173,-138,-14296,-3504,6508,-503,199,-48,0
137.89132595062256,9316,5444,11540,-148,-198,142,8340,-10056,9032,-12,104,-217,-14156,4860,4068,-1010,151,-79,-14512,-3512,6428,-511,140,-81,0
137.93707299232483,9260,5264,11380,-159,-88,129,8308,-9996,9168,-12,83,-179,-14172,5040,4152,-988,128,-104,-14432,-3460,6512,-479,161,-118,0
137.982439994812,9348,5272,11292,-200,-71,64,8424,-10008,9016,-62,129,-177,-14264,4780,4104,-958,99,-83,-14536,-3328,6560,-484,156,-122,0
138.0219280719757,9312,5260,11408,-152,-75,66,8328,-10032,9080,-57,134,-158,-14268,5092,4056,-987,68,-115,-14412,-3360,6388,-496,172,-165,0
138.0555229187012,9504,5156,11324,-134,-39,59,8364,-10216,9236,-16,101,-178,-14236,4728,4004,-1061,80,-107,-14472,-3452,6376,-516,152,-151,0
138.08918499946594,9420,5344,11480,-122,-252,83,8312,-10060,9088,-50,84,-142,-14472,4836,4080,-1021,57,-83,-14356,-3448,6364,-493,129,-135,0
138.12295413017273,9356,5280,11472,-170,-16,55,8400,-9980,9232,-15,143,-197,-14196,4772,4096,-967,121,-75,-14384,-3336,6512,-475,155,-145,0
138.15648698806763,9444,5272,11488,-198,-94,123,8300,-10132,9436,-30,100,-201,-14012,4980,4032,-982,169,-110,-14284,-3400,6412,-487,205,-73,0
138.1898329257965,9204,5264,11480,-110,-134,141,8224,-10080,9148,-47,70,-175,-14236,4812,4144,-993,143,-45,-14428,-3380,6508,-493,139,-83,0
138.22345614433289,9372,5360,11456,-142,-114,111,8332,-10008,9304,-43,107,-189,-14168,4860,4092,-930,138,-92,-14476,-3380,6436,-489,106,-125,0
138.2571370601654,9312,5252,11484,-167,-112,94,8320,-9976,9136,-77,210,-156,-14188,4812,4052,-947,93,-64,-14304,-3124,6252,-494,140,-113,0
138.29084014892578,9040,5312,11400,-103,-76,100,8284,-10152,9408,-34,125,-173,-14196,4984,4108,-991,126,-135,-14108,-3556,6228,-490,121,-109,0
138.32437801361084,9400,5248,11268,-159,-72,118,8408,-10072,9444,-16,112,-185,-14148,4956,4064,-990,115,-160,-14400,-3316,6384,-531,180,-109,0
138.3577561378479,9284,5264,11708,-106,-124,89,8368,-9992,9164,-61,139,-203,-14200,4972,4072,-983,108,-151,-14384,-3108,6176,-503,166,-144,0
138.3913390636444,9400,5260,11468,-168,-130,101,8272,-10048,9244,18,118,-211,-14372,4968,4032,-774,82,-111,-14472,-3388,6616,-476,185,-104,0
138.42457103729248,9436,5272,11652,-149,-137,104,8340,-10012,9236,5,131,-208,-14324,4868,3932,-1011,133,-120,-14384,-3080,6420,-490,248,-91,0
138.45825004577637,9348,5252,11488,-162,-150,120,8320,-10136,9220,255,126,-216,-14268,4776,4152,-995,115,-158,-14392,-3384,6392,-512,196,-143,0
138.4919171333313,9352,5232,11376,-136,-141,84,8384,-10196,9392,-44,136,-185,-14292,4804,3944,-997,74,-87,-14440,-3468,6476,-527,136,-166,0
138.52528595924377,9324,5332,11368,-118,-70,57,8284,-9976,9128,-57,217,-138,-14256,4868,4056,-973,50,-123,-14460,-3492,6152,-526,85,-153,0
138.55900406837463,9400,5272,11592,-176,-51,46,8248,-10100,9260,-26,168,-136,-14244,4956,4000,-1004,72,-80,-14360,-3524,6504,-507,140,-144,0
138.59503602981567,9468,5568,11648,-135,-20,113,8248,-9964,9152,-20,143,-143,-14260,4776,3952,-981,144,-79,-14524,-3308,6360,-259,138,-74,0
138.630793094635,9280,5296,11280,-120,-110,129,8288,-10132,8972,-52,108,-198,-14316,5024,4140,-974,143,-106,-14532,-3084,6460,-505,168,-68,0
138.66599106788635,9260,5328,11548,-162,-122,137,8312,-9972,9060,-33,89,-186,-14092,4640,4128,-995,153,-88,-14428,-3428,6200,-765,120,-57,0
138.7017960548401,9312,5276,11376,-131,-52,122,8256,-10224,9216,-38,100,-150,-14184,4816,4316,-1019,186,-106,-14296,-3432,6408,-484,164,-70,0
138.73770594596863,9300,5304,11400,-156,-75,126,8364,-10068,9184,-55,105,-160,-14560,4696,3976,-984,128,-73,-14444,-3564,6536,-518,148,-109,0
138.7727770805359,9304,5260,11596,-154,-89,71,8288,-10024,9184,-37,165,-176,-14116,5100,4136,-1001,77,-126,-14432,-3416,6416,-509,142,-145,0
138.80792212486267,9428,5308,11288,-116,-76,56,8276,-10136,9068,-19,140,-191,-14304,4876,3984,-987,51,-69,-14420,-3352,6536,-498,142,-136,0
138.84365105628967,9264,5208,11500,-117,-72,50,8540,-10048,8968,-51,168,-173,-14080,4976,4072,-996,105,-68,-14424,-3304,6556,-495,166,-131,0
138.87958908081055,9340,5176,11464,-148,-86,90,8256,-10104,9092,-60,84,-193,-14164,4920,3732,-971,131,-123,-14532,-3388,6448,-510,197,-110,0
138.91528606414795,9324,5188,11744,-137,-138,83,8396,-10060,8976,0,145,-189,-14208,5000,3936,-992,97,-142,-14464,-3248,6456,-768,183,-115,0
138.95169591903687,9376,5208,11484,-142,-107,94,8412,-10108,9072,-14,142,-186,-14312,4928,4132,-1017,81,-109,-14116,-3348,6512,-503,169,-163,0
138.98792910575867,9360,5368,11456,-153,-82,89,8276,-10028,9268,-10,148,-186,-14208,4964,3896,-998,90,-96,-14380,-3456,6528,-259,177,-139,0
139.02340507507324,9356,5380,11484,-144,-81,90,8256,-10108,9380,-10,143,-176,-14216,4832,4160,-1003,78,-117,-14412,-3316,6472,-525,155,-131,0
139.05936908721924,9236,5128,11320,-129,-99,89,8308,-10056,9240,-21,164,-169,-14172,5112,4248,-1002,91,-89,-14152,-3136,6520,-507,156,-119,0
139.09436511993408,9280,5284,11528,-125,-103,116,8288,-10056,9212,-34,143,-173,-14248,4908,4080,-1000,126,-43,-14444,-3504,6428,-258,172,-96,0
139.12984108924866,9240,5276,11380,-135,-80,115,8260,-10008,9148,-76,103,-150,-14256,5116,3972,-985,102,-94,-14412,-3492,6220,-496,166,-103,0
139.16494798660278,9244,5316,11372,-143,-93,114,8420,-10108,9236,-35,121,-148,-14260,4924,4084,-1032,107,-45,-14416,-3500,6408,-504,168,-104,0
139.2008399963379,9348,5264,11584,-153,-61,83,8380,-10036,9240,-26,143,-164,-14200,4920,4028,-988,107,-95,-14236,-3452,6352,-498,122,-150,0
139.23620295524597,9340,5264,11572,-155,-40,71,8340,-10044,8972,-25,120,-124,-14104,4916,4020,-1012,40,-112,-14420,-3420,6404,-506,102,-133,0
139.27209496498108,9184,5204,11568,-180,-50,64,8092,-10092,9076,-43,138,-164,-14456,4876,4172,-1010,83,-83,-14300,-3432,6484,-493,164,-116,0
139.30567598342896,9156,5344,11552,-136,-43,87,8380,-10004,9076,86,113,-226,-13972,4712,3900,-1000,101,-101,-14448,-3536,6536,-483,158,-114,0
139.33932399749756,9332,5276,11688,-123,-53,50,8276,-10208,9148,-59,145,-155,-14284,4920,4068,-950,57,-25,-14428,-3408,6416,-765,121,-148,0
139.3728790283203,9308,5196,11504,-104,-64,72,8228,-10116,9188,237,129,-158,-14044,4916,4112,-957,81,-91,-14392,-3388,6440,-491,144,-137,0
139.40623903274533,9340,5624,11320,-144,-78,69,8340,-10080,9200,-58,149,-182,-14348,5116,4332,-990,80,-81,-14236,-3532,6444,-485,155,-134,0
139.44004011154175,9308,5292,11548,-108,-66,57,8320,-10312,9068,-53,119,-171,-14108,4928,4232,-985,52,-117,-14504,-3392,6364,-510,121,-162,0
139.47341895103455,9328,5300,11492,-128,-57,66,8220,-10160,9420,-26,131,-149,-14308,4876,3984,-1013,14,-73,-14376,-3372,6460,-568,118,-140,0
139.5072751045227,9468,5600,11428,-89,-49,131,8288,-10088,9420,-19,116,-114,-14124,4792,3940,-1060,77,-98,-14524,-3432,6564,-525,107,-114,0
139.5405089855194,9224,5348,11692,-81,34,105,8664,-9964,9336,-72,274,-114,-14220,4956,3876,-1048,95,-24,-14400,-3292,6444,-541,143,-127,0
139.5740089416504,9228,5224,11464,-143,7,82,8276,-10064,9408,-9,100,-121,-14228,4960,3876,-1014,94,-36,-14244,-3400,6280,-520,138,-113,0
139.60756301879883,9132,5372,11448,-86,-53,88,8312,-10032,9100,-14,119,-155,-14116,4820,4304,-1019,19,-78,-14400,-3536,6500,-537,179,-149,0
139.64066195487976,9260,5560,11424,-78,-37,49,8516,-10408,9008,-86,177,-142,-14260,4784,4060,-1038,60,-131,-14088,-3448,6476,-491,125,-174,0
139.6739649772644,9252,5380,11616,-126,-69,32,8384,-10088,9284,-31,199,-195,-14168,4888,4284,-962,51,-112,-14344,-3460,6416,-470,141,-183,0
139.7077169418335,9284,5332,11292,-122,-90,-2,8420,-10060,9416,-22,241,-201,-14156,4964,4072,-936,6,-98,-14244,-3472,6472,-477,141,-207,0
139.74107098579407,9240,5296,11416,-178,-88,44,8264,-10148,9204,0,189,-199,-14028,5020,4116,-989,52,-92,-14316,-3456,6492,-482,161,-149,0
139.7747220993042,9220,5428,11492,-124,-106,88,8200,-10040,9180,-41,145,-192,-14124,4936,3848,-981,107,-100,-14528,-3556,6544,-508,179,-89,0
139.80840706825256,8972,5292,11336,-180,-116,115,8164,-10112,9440,-11,108,-197,-14204,4900,4120,-993,195,-133,-14412,-3404,6444,-511,190,-90,0
139.84168601036072,9192,5304,11508,-160,-109,98,8332,-10088,9280,-8,118,-167,-14372,4876,4100,-990,151,-135,-14528,-3444,6492,-531,201,-59,0
139.87541007995605,9308,5408,11488,-150,-143,142,8372,-10180,9244,9,113,-199,-14580,4904,4292,-1011,140,-138,-14568,-3448,6484,-259,223,-69,0
139.90896105766296,9240,5380,11576,-174,-148,146,8276,-10044,9328,15,128,-178,-14076,5008,4200,-993,155,-147,-14292,-3448,6392,-768,245,-95,0
139.94205594062808,9236,5624,11636,-144,-199,124,8272,-10100,9308,-39,102,-247,-14200,4800,4196,-971,141,-153,-14368,-3548,6516,-516,193,-33,0
139.97583603858948,9244,5348,11388,-156,-242,129,8356,-10004,9236,-36,147,-230,-13844,5100,4016,-946,168,-131,-14348,-3360,6520,-525,188,-68,0
140.009428024292,9332,5396,11540,-166,-229,147,8204,-10056,9148,-5,165,-217,-14184,5088,3820,-975,168,-157,-14372,-3336,6408,-505,235,-14,0
140.04289197921753,9276,5184,11520,-177,-222,161,8324,-10148,9012,21,111,-230,-14268,4884,3964,-988,201,-202,-14384,-3276,6540,-491,213,-63,0
140.07604503631592,9316,5288,11724,-213,-236,102,8356,-10040,9172,-253,138,-223,-14044,4956,4048,-999,143,-192,-14496,-3412,6448,-489,254,-53,0
140.10995507240295,9444,5304,11620,-243,-221,125,8368,-10056,9184,-4,179,-252,-14348,4776,4044,-989,163,-184,-14384,-3376,6652,-491,243,-81,0
140.14349913597107,9424,5260,11420,-160,-297,146,8372,-10144,9116,-3,144,-252,-14300,4872,4120,-978,145,-147,-14308,-3112,6384,-501,283,-67,0
140.17695808410645,9368,5128,11476,-196,-309,150,8328,-10004,9280,38,126,-245,-14208,4756,3932,-1014,140,-170,-14460,-3320,6552,-528,250,-83,0
140.21047496795654,9256,5604,11264,-173,-209,133,8332,-9784,9304,10,118,-238,-14236,4636,4208,-987,165,-173,-14428,-3488,6160,-491,202,-67,0
140.24381303787231,9300,5324,11540,-181,-208,131,8268,-9984,9240,-8,138,-239,-14424,4848,4016,-969,156,-201,-14272,-3552,6252,-475,264,-90,0
140.28075313568115,9300,5260,11352,-202,-230,120,8240,-10040,9348,246,154,-226,-14412,4780,3888,-976,139,-158,-14516,-3456,6404,-470,219,-87,0
140.3159680366516,9400,5364,11412,-186,-217,120,8184,-9744,9112,-36,184,-207,-14200,4896,3920,-982,106,-126,-14384,-3424,6532,-490,157,-105,0
140.3522961139679,9424,5328,11496,-202,-172,111,8244,-9940,9300,-15,120,-211,-14412,4820,4052,-980,133,-110,-14576,-3344,6428,-465,172,-61,0
140.387521982193,9348,5332,11496,-165,-192,112,8272,-10016,9168,-31,95,-215,-14300,5100,3972,-972,159,-131,-14572,-3380,6404,-518,214,-80,0
140.42312502861023,9296,5304,11384,-143,-186,131,8344,-10088,9136,-10,67,-232,-14168,5080,4024,-1040,185,-135,-14456,-3520,6448,-514,218,-74,0
140.45891904830933,9368,5168,11412,-99,-113,156,8284,-9932,9396,-12,49,-174,-14316,4932,3972,-1060,169,-112,-14144,-3368,6644,-555,155,-89,0
140.53979802131653,9296,5300,11300,-146,-43,86,8324,-9832,9264,-48,169,-162,-14112,4712,4164,-1003,81,-49,-14408,-3340,6380,-519,148,-176,0
140.57500100135803,9360,5260,11476,-122,-23,90,8364,-9928,9164,-46,106,-146,-14172,4784,4164,-778,91,-54,-14392,-3432,6280,-487,151,-170,0
140.61126112937927,9436,5332,11440,-105,253,83,8352,-10236,9144,-61,110,-163,-14168,4844,4164,-1052,86,-100,-14500,-3328,6412,-454,129,-152,0
140.64621901512146,9328,5548,11508,-114,-13,78,8324,-9996,9108,-62,148,-166,-14308,4776,4156,-993,82,-44,-14500,-3440,6600,-493,140,-145,0
140.68173098564148,9388,5304,11636,-131,-10,45,8292,-10160,9104,-64,142,-175,-14256,4880,4020,-989,86,-50,-14360,-3084,6456,-516,117,-163,0
140.7180540561676,9292,5308,11728,-92,-54,59,8332,-10080,9164,-34,134,-120,-14100,4788,4180,-976,47,-59,-14388,-3560,6568,-503,100,-127,0
140.75342798233032,9228,5272,11536,-95,-59,69,8324,-10064,9040,-41,179,-105,-13908,4892,4228,-985,59,-95,-14380,-3128,6368,-501,95,-123,0
140.7897560596466,9384,5348,11440,-107,-8,67,8516,-10100,9356,-73,57,-139,-14316,4976,3860,-978,87,-34,-14396,-3376,6212,-511,56,-141,0
140.8248770236969,9324,5252,11280,-117,-23,65,8240,-10132,9144,-71,166,-93,-14516,5008,4084,-1014,69,-24,-14144,-3372,6500,-535,72,-143,0
140.86127996444702,9356,5264,11624,-124,18,82,7964,-10132,9244,-41,82,-134,-14152,4884,4212,-1025,80,-65,-14512,-3516,6424,-538,72,-102,0
140.89618301391602,9292,5316,11456,-70,-12,86,8188,-9736,9156,-233,507,-166,-14472,5004,3952,-1052,66,-83,-14304,-3448,6596,-545,130,-171,0
140.93283104896545,9228,5252,11676,-104,-256,62,8364,-10084,9044,-23,133,-142,-14212,4924,4028,-979,53,-89,-14396,-3408,6436,-507,139,-182,0
140.96648502349854,9328,5292,11380,-116,-23,42,8248,-10136,9224,-48,122,-158,-14264,4908,4032,-1279,94,-110,-14380,-3344,6368,-509,158,-150,0
141.0001220703125,9264,5236,11448,-63,-41,72,8312,-10232,8964,-32,160,-165,-14188,4940,4092,-1021,71,-71,-14372,-3500,6480,-507,115,-132,0
141.0335340499878,9248,5352,11632,-111,-32,63,8304,-10056,9252,-70,121,-141,-13888,4884,3864,-985,46,-45,-14328,-3488,6504,-258,116,-170,0
141.06738996505737,9384,5316,11544,-122,-20,40,8236,-10044,9168,-87,148,-175,-14136,4988,3976,-1055,76,-30,-14336,-3472,6632,-477,101,-146,0
141.10050797462463,9232,5300,11464,-119,-43,89,8640,-10040,9352,-57,274,-134,-14184,4856,4164,-1039,49,-119,-14368,-3484,6472,-501,147,-131,0
141.13397812843323,9444,5336,11516,-85,-37,88,8220,-10096,9196,-26,96,-182,-14140,4608,4156,-1280,103,-103,-14296,-3456,6420,-562,145,-154,0
141.16773104667664,9268,5304,11448,-79,-77,80,8132,-10144,9148,-56,103,-157,-14128,4896,4128,-1023,91,-128,-14324,-3436,6404,-524,166,-132,0
141.20115613937378,9468,5292,11600,-95,-58,114,8428,-10108,9180,-23,80,-181,-14132,4904,4064,-888,71,-91,-14524,-3420,6428,-764,157,-115,0
141.23462891578674,9088,5280,11664,-134,-67,92,8232,-10132,9176,-22,126,-165,-14280,4980,4120,-1016,142,-57,-14252,-3572,6480,-481,179,-88,0
141.268296957016,9232,5124,11420,-171,-103,111,8300,-10116,9216,-2,150,-176,-14544,4668,4244,-1008,114,-87,-14416,-3552,6588,-476,169,-104,0
141.3018000125885,9232,5428,11632,-172,-144,106,8292,-10168,9156,-8,175,-192,-14164,4892,4196,-969,138,-140,-14360,-3388,6524,-482,184,-91,0
141.33549308776855,9292,5416,11664,-180,-206,125,8284,-10000,9248,-20,147,-216,-14268,4952,3972,-954,151,-125,-14372,-3556,6520,-487,204,-87,0
141.3691761493683,9212,5268,11536,-163,-231,105,8296,-10152,9400,-22,163,-237,-14308,4964,4196,-949,132,-186,-14340,-3372,6532,-500,247,-92,0
141.40275812149048,9304,5292,11344,-140,-209,92,8296,-10188,9080,-8,171,-241,-14208,4964,4072,-983,103,-149,-14340,-3276,6424,-501,244,-94,0
141.43617391586304,9288,5336,11556,-158,-235,108,8152,-10048,9432,1,144,-274,-14240,4896,4068,-994,167,-177,-14088,-3496,6552,-479,289,-79,0
141.4698269367218,9212,5356,11480,-201,-233,127,8352,-10036,9100,3,148,-295,-14076,4888,4056,-976,160,-156,-14476,-3388,6348,-482,251,-54,0
141.50330209732056,9276,5352,11720,-207,-259,148,8320,-10128,9132,4,141,-236,-14280,5028,3964,-976,179,-195,-14396,-3328,6160,-759,282,-43,0
141.5367240905762,9280,5368,11500,-214,-272,159,8356,-10028,9432,35,108,-236,-14092,4764,4264,-1047,194,-208,-14136,-3076,6652,-537,508,-38,0
141.57044792175293,9436,5348,11472,-148,-224,174,8296,-9928,9048,32,119,-233,-14228,4808,4172,-998,196,-165,-14436,-3572,6340,-503,232,-54,0
141.60391092300415,9324,5368,11064,-199,-239,171,8436,-10048,9204,-51,143,-246,-14224,5092,3952,-953,178,-178,-14496,-3380,6400,-512,243,-48,0
141.63739609718323,9460,5300,11416,-199,-227,133,8324,-10072,9144,0,169,-252,-14260,4836,4008,-955,137,-193,-14392,-3380,6168,-504,216,-129,0
141.6709270477295,9424,5232,11736,-155,-202,95,8416,-9948,9320,34,210,-210,-14276,4740,4076,-964,52,-113,-14368,-3472,6460,-467,149,-107,0
141.70436596870422,9464,5400,11444,-176,-176,72,8348,-10040,9452,8,192,-206,-14172,4828,4304,-955,99,-106,-14376,-3404,6560,-486,153,-94,0
141.73767495155334,9300,5468,11524,-219,-190,116,8224,-10100,9220,-41,133,-226,-14068,4984,4268,-996,147,-146,-14120,-3444,6468,-471,244,-31,0
141.7713360786438,9212,5336,11468,-148,-228,167,8124,-10092,9284,-62,26,-232,-14092,4936,4104,-1027,244,-174,-14352,-3276,6416,-508,301,-18,0
141.804918050766,9252,5232,11092,-114,-164,202,8260,-9760,9052,-62,-24,-215,-14136,4860,3952,-1278,227,-142,-14348,-3576,6612,-573,215,-49,0
141.83845710754395,9484,5192,11304,-28,-51,176,8436,-10004,9028,-56,248,-131,-14384,4636,4012,-1066,110,-62,-14504,-3412,6376,-575,92,-155,0
141.8719401359558,9568,5304,11336,-81,78,75,8556,-10016,8996,20,133,-79,-14400,4704,4084,-1046,29,-252,-14340,-3404,6624,-559,5,-232,0
141.90545105934143,9548,5288,11376,-69,192,14,8492,-10060,8968,32,185,-70,-14352,4744,3904,-1052,-33,-27,-14440,-3332,6640,-544,54,-233,0
141.93888401985168,9416,5368,11528,-53,117,31,8360,-10080,9016,31,202,-84,-14332,4812,4320,-1060,-21,-53,-14372,-3388,6548,-529,115,-193,0
141.9762260913849,9420,5332,11444,-101,20,32,8308,-10184,9348,-59,174,-139,-14176,4900,4096,-990,-253,-93,-14476,-3476,6436,-468,106,-153,0
142.0118169784546,9312,5336,11432,-111,-37,62,8300,-10032,9212,-127,183,-144,-14432,4756,4232,-951,11,250,-14320,-3444,6404,-444,41,-161,0
142.04798913002014,9308,5280,11308,-118,19,16,8284,-9988,9264,-54,171,-126,-14168,4920,4248,-972,-19,-36,-14244,-3372,6480,-451,79,-187,0
142.08383107185364,9100,5388,11400,-144,62,41,8140,-10000,9376,-31,129,-153,-13836,4896,4252,-1275,81,-92,-14272,-3436,6524,-468,132,-152,0
142.11933612823486,9164,5124,11716,-23,-5,63,8244,-10208,9232,-25,101,-181,-14072,4916,4080,-1002,112,-171,-14392,-3532,6680,-546,253,-133,0
142.1548089981079,9288,5176,11616,-66,-119,84,8332,-10020,9100,-33,96,-218,-14300,5112,4280,-986,117,-128,-14572,-3444,6420,-547,215,-125,0
142.19073009490967,9372,5320,11400,-12,-59,72,8372,-10016,9004,-53,127,-164,-14432,4788,4068,-967,96,-97,-14332,-3532,6468,-561,115,-177,0
142.2259039878845,9428,5128,11704,-64,-9,100,8364,-9972,9116,-20,147,-132,-14312,4876,3876,-986,75,-45,-14392,-3516,6416,-546,109,-162,0
142.26175713539124,9384,5368,11456,-89,-11,97,8396,-9988,9260,-49,160,-114,-14420,4704,4080,-992,93,-71,-14504,-3460,6228,-508,82,-103,0
142.2975800037384,9284,5368,11380,-123,-11,103,8256,-10084,8752,-67,127,-121,-14172,4912,4064,-971,100,-40,-14472,-3436,6484,-768,83,-103,0
142.33240008354187,9252,5332,11496,-118,-51,89,8356,-10060,9212,-30,130,-157,-14184,4928,3976,-1010,95,-90,-14340,-3384,6412,-511,148,-96,0
142.36754894256592,9120,5332,11440,-144,-37,71,8300,-10120,9108,-42,152,-176,-14288,5056,3924,-985,63,-131,-14400,-3300,6612,-266,161,-143,0
142.4033920764923,9384,5304,11552,-125,-87,44,8340,-10064,8968,24,207,-177,-14168,4884,4076,-990,46,-131,-14456,-3448,6484,-492,232,-99,0
142.43895292282104,8972,5352,11696,-211,-140,71,8288,-10076,9156,76,237,-221,-14168,5008,4192,-1001,86,-206,-14340,-3632,6516,-450,291,-72,0
142.47407603263855,9136,5472,11684,-201,-241,127,8252,-10132,9336,37,191,-257,-14288,4868,4204,-1032,175,-240,-14316,-3544,6580,-484,335,-37,0
142.5097279548645,9200,5240,11712,-149,-345,151,8132,-10000,9036,-20,122,-317,-14216,4976,4188,-957,181,-486,-14348,-3372,6376,-525,324,-33,0
142.54512214660645,9184,5348,11444,-151,-358,156,8212,-10036,9304,-24,142,-309,-14328,4628,3984,-943,202,-244,-14440,-3500,6424,-547,233,-67,0
142.58103704452515,9284,5156,11656,-143,-283,151,8420,-9732,8972,15,152,-261,-14120,4828,4172,-969,199,-228,-14344,-3448,6320,-502,231,-50,0
142.61724305152893,9348,5424,11596,-206,-242,130,8328,-9984,8972,41,133,-248,-14224,4728,4036,-970,211,-189,-14344,-3468,6308,-447,225,-49,0
142.6508071422577,9356,5476,11452,-270,-239,135,8372,-9988,9120,249,135,-262,-14312,4744,4060,-962,222,-163,-14592,-3380,6360,-462,247,-41,0
142.68428111076355,9400,5364,11252,-244,-230,173,8324,-10032,9280,-48,59,-247,-14148,4748,3960,-949,217,-98,-14488,-3376,6272,-500,209,-24,0
142.71794509887695,9372,5312,11288,-178,-223,186,8360,-10000,9088,-70,48,-218,-14104,4760,3988,-1006,224,-115,-14400,-3580,6160,-504,198,-52,0
142.75162506103516,9404,5288,11388,-140,-157,157,8612,-9748,9108,-46,70,-184,-14104,4812,3960,-1019,162,-63,-14372,-3344,6644,-489,151,-85,0
142.78495812416077,9380,5308,11480,-128,-22,123,8372,-9892,9144,-64,83,-126,-14244,4712,4032,-982,109,-31,-14564,-3468,6248,-534,68,-153,0
142.81869792938232,9428,5184,11372,-101,54,81,8400,-10240,9092,-25,130,-94,-14108,4816,3964,-1054,24,-28,-14464,-3344,6372,-541,31,-207,0
142.8521499633789,9348,5296,11392,-114,83,21,8444,-10020,9448,252,174,-49,-14340,4796,4312,-1044,-2,-24,-14472,-3504,6368,-504,25,-207,0
142.88572812080383,9400,5344,11508,-116,74,43,8372,-9940,9240,-4,197,-97,-14096,4820,4040,-984,20,245,-14496,-3504,6516,-459,51,-180,0
142.91918301582336,9196,5584,11524,-173,8,99,8260,-10068,9356,-66,126,-131,-14072,4984,3988,-933,127,-28,-14440,-3408,6480,-440,83,-106,0
142.9525809288025,9252,5132,11572,-169,-71,96,8228,-10164,9280,-92,143,-161,-14112,4984,3996,-996,69,-40,-14592,-3388,6464,-482,102,-120,0
142.9861719608307,9244,5284,11592,-177,-97,104,8088,-10260,9444,-41,112,-133,-14120,5020,4076,-1016,99,-38,-14464,-3412,6556,-494,98,-82,0
143.02000212669373,9028,5164,11440,-77,-30,102,8340,-10100,9284,-81,108,-127,-14268,4860,3964,-1006,95,-45,-14356,-3508,6508,-555,56,-136,0
143.05360102653503,9340,5256,11356,-96,3,36,8368,-10232,9168,-77,132,-115,-14268,4896,4068,-984,37,-74,-14472,-3412,6536,-496,93,-148,0
143.087229013443,9288,5300,11592,-102,59,48,8264,-9800,9128,-20,182,-126,-14380,4872,3948,-1048,24,-81,-14332,-3420,6476,-524,104,-181,0
143.12058115005493,9328,5276,11664,-51,31,32,8392,-10136,9096,-38,155,-138,-14340,4840,4036,-1016,58,-56,-14384,-3504,6412,-545,100,-179,0
143.15414214134216,9236,5332,11532,-114,-7,45,8268,-10060,9180,-35,158,-173,-14312,4888,4152,-984,54,-64,-14304,-3312,6380,-501,131,-163,0
143.18767595291138,8960,5276,11464,-109,-70,50,8292,-10068,9032,-39,165,-188,-14196,4912,3996,-997,82,-99,-14416,-3364,6400,-268,178,-135,0
143.22117614746094,9240,5296,11636,-184,-75,70,8228,-10072,9080,25,169,-151,-14064,4952,4124,-986,93,-134,-14276,-3440,6556,-466,196,-109,0
143.25478601455688,9176,5292,11612,-139,-82,103,8032,-10112,9244,-40,145,-193,-14312,4812,4064,-983,130,-142,-14336,-3428,6440,-503,231,-81,0
143.28846192359924,9328,5548,11400,-125,-148,77,8432,-10044,9240,-25,140,-197,-14240,4708,4112,-988,139,-169,-14356,-3424,6492,-483,217,-67,0
143.32194995880127,9468,5120,11536,-215,-151,108,8388,-10228,9240,34,177,-223,-14136,4636,4284,-1007,133,-166,-14332,-3444,6488,-257,234,-70,0
143.35567712783813,8984,5584,11712,-153,-189,134,8300,-10132,9332,-12,157,-207,-14152,4896,4236,-983,134,-175,-14368,-3480,6564,-509,248,-43,0
143.38922715187073,9420,5328,11608,-128,-232,130,8228,-10020,9076,-30,117,-242,-14084,5072,4184,-981,165,-148,-14364,-3496,6572,-547,507,-62,0
143.42250895500183,9240,5268,11416,-131,-290,132,8212,-10224,9132,1,142,-284,-14196,4640,4156,-970,203,-164,-14556,-3496,6436,-509,261,-43,0
143.45611596107483,8976,5312,11316,-177,-272,133,8296,-10036,9072,3,141,-281,-14372,4844,3992,-973,177,-209,-14400,-3392,6484,-487,287,-62,0
143.48983502388,9372,5248,11480,-222,-249,161,8300,-9976,9224,2,155,-249,-14352,4904,4036,-955,185,-199,-14592,-3572,6196,-489,241,-256,0
143.52359104156494,9396,5328,11360,-192,-246,145,8380,-10240,9144,45,120,-272,-14136,4868,3940,-999,192,-199,-14376,-3436,6524,-496,260,-35,0
143.5571630001068,9300,5312,11680,-187,-242,166,8440,-10016,9080,31,104,-278,-14268,4796,3992,-1008,199,-202,-14460,-3392,6364,-481,288,-61,0
143.5907621383667,9256,5292,11680,-229,-275,156,8340,-10048,9212,-2,165,-295,-14224,4764,4144,-984,178,-177,-14488,-3412,6388,-498,283,-85,0
143.62411499023438,9456,5244,11424,-177,-281,144,8368,-10236,8964,253,142,-250,-14296,4856,4076,-994,180,-187,-14536,-3440,6228,-504,228,-75,0
143.66207695007324,9368,5268,11216,-210,-243,142,8400,-10048,9112,18,152,-217,-14304,4840,4040,-1275,113,-96,-14712,-3388,6420,-482,183,-86,0
143.69768500328064,9348,5420,11448,-175,-145,104,8296,-10076,9228,252,173,-197,-14104,4612,4040,-1019,151,-125,-14572,-3496,6528,-258,152,-108,0
143.7328770160675,9420,5248,11560,-180,-189,106,8312,-10016,9132,-2,146,-186,-14280,4964,4140,-954,114,-131,-14312,-3496,6392,-503,225,-65,0
143.76758098602295,9428,5236,11472,-211,-183,138,8396,-10076,9100,7,140,-220,-14088,4816,3988,-978,195,-180,-14384,-3308,6304,-491,201,-44,0
143.80336213111877,9276,5244,11368,-151,-202,132,8352,-9928,9220,17,160,-212,-14216,4856,4020,-1014,174,-120,-14472,-3388,6352,-464,169,-71,0
143.8381950855255,9420,5304,11540,-169,-150,135,8252,-10032,8996,-13,125,-211,-14200,4748,3880,-916,162,-123,-14332,-3412,6272,-528,161,-97,0
143.87335205078125,9440,5300,11460,-155,-173,123,8332,-10012,9160,-20,153,-189,-14212,4748,4284,-1003,57,-140,-14592,-3564,6448,-536,197,-109,0
143.90921211242676,9420,5236,11312,-140,-161,97,8200,-10224,9180,9,130,-213,-14204,4796,3908,-1047,128,-156,-14416,-3392,6304,-506,181,-92,0
143.94450902938843,9480,5344,11364,-117,-109,94,8400,-9996,9168,240,120,-187,-14312,4828,3948,-994,112,-108,-14472,-3292,6288,-509,148,-104,0
143.98041415214539,9248,5328,11288,-151,-77,81,8380,-9884,9204,-18,115,-174,-14204,5052,4232,-1007,99,-60,-14424,-3292,6328,-507,119,-110,0
144.0159089565277,9484,5296,11488,-155,-42,109,8324,-9948,9212,-15,129,-162,-14104,4624,4292,-1010,98,-89,-14408,-3428,6492,-502,157,-149,0
144.05101609230042,9372,5340,11472,-153,-68,99,8336,-9984,9216,-30,141,-159,-14320,4860,4144,-991,99,-62,-14528,-3364,6592,-500,137,-104,0
144.0861999988556,9412,5320,11448,-151,-66,89,8260,-10180,9208,-43,139,-168,-14232,4836,4144,-988,99,-119,-14400,-3436,6352,-768,144,-138,0
144.12194395065308,9444,5220,11528,-125,-85,69,8280,-10040,9060,-47,123,-169,-14164,4772,4088,-991,73,-28,-14456,-3308,6392,-520,135,-146,0
144.15791201591492,9352,5312,11312,-114,-51,63,8364,-10188,9320,-56,122,-144,-14168,4692,4020,-985,44,-48,-14464,-3404,6356,-260,104,-153,0
144.19336795806885,9516,5272,11504,-80,-6,67,8332,-10076,9228,-51,120,-122,-14216,4916,4032,-1001,48,-70,-14420,-3348,6500,-524,100,-123,0
144.22920513153076,9380,5388,11440,-114,-255,77,8400,-10020,9152,-35,119,-143,-14276,4924,3968,-987,60,-46,-14396,-3384,6452,-493,99,-132,0
144.26444005966187,9232,5344,11512,-131,-22,79,8292,-10040,9460,-59,132,-133,-14288,4848,4172,-973,106,-85,-14380,-3376,6224,-265,109,-123,0
144.30107402801514,9348,5260,11484,-132,-37,90,8316,-9800,9448,-39,114,-149,-14280,5108,4320,-1006,95,-63,-14544,-3540,6564,-523,129,-133,0
144.3344881534576,9312,5284,11492,-131,-15,69,8276,-9980,9324,-37,92,-125,-14364,4816,4128,-1021,64,-49,-14284,-3408,6508,-550,88,-156,0
144.3681571483612,9456,5388,11540,-63,18,62,8292,-9972,9168,-54,123,-121,-14196,4888,4020,-1001,26,-11,-14440,-3500,6200,-546,85,-169,0
144.40175008773804,9252,5332,11328,-113,31,14,8384,-10060,9224,-71,177,-113,-14248,4924,3940,-932,41,-54,-14396,-3308,6176,-498,107,-166,0
144.43506503105164,9384,5288,11476,-167,25,27,8304,-10052,9304,-62,175,-123,-14316,4840,3992,-978,24,-83,-14360,-3156,6392,-463,86,-147,0
144.4685480594635,9368,5268,11756,-111,4,56,8256,-10004,9048,-20,184,-137,-14276,4740,3888,-985,2,-51,-14488,-3544,6420,-514,58,-185,0
144.5019509792328,9300,5320,11420,-111,48,51,8332,-10048,9400,-50,160,-111,-14116,4916,4100,-968,-4,-55,-14404,-3140,6524,-507,34,-181,0
144.53543996810913,9252,5168,11728,-129,14,48,8208,-9948,9328,-72,154,-128,-14216,4664,4116,-959,25,-16,-14384,-3288,6456,-497,109,-162,0
144.5689549446106,9400,5360,11764,-113,253,54,8428,-10216,9048,-51,166,-150,-14184,4632,3940,-979,45,-49,-14440,-3392,6464,-497,136,-146,0
144.60242795944214,9224,5268,11324,-134,-59,89,8360,-10024,9020,-13,122,-159,-14156,5056,4024,-989,83,-92,-14432,-3388,6428,-538,141,-130,0
144.6358289718628,9216,5380,11416,-62,-32,91,8272,-10104,9076,-56,97,-154,-14300,4800,4012,-1009,80,-108,-14384,-3500,6480,-530,157,-159,0
144.66889309883118,9260,5340,11516,-119,-63,84,8308,-10012,9244,-37,94,-156,-14132,4896,4188,-994,118,-78,-14384,-3392,6524,-505,130,-129,0
144.70235395431519,9248,5336,11600,-115,-1,98,8336,-10020,9336,-72,109,-131,-14164,4932,4276,-1009,133,-49,-14448,-3408,6580,-532,129,-99,0
144.73557114601135,9348,5372,11424,-94,-53,119,8280,-9960,9292,-77,106,-167,-14308,4880,4044,-998,120,-78,-14556,-3448,6432,-511,127,-95,0
144.76924014091492,9380,5300,11352,-118,-54,107,8288,-10140,9156,-75,94,-136,-14268,4804,4080,-969,133,-79,-14364,-3424,6500,-523,103,-104,0
144.8029980659485,9312,5324,11488,-137,-29,78,8292,-10036,9064,-103,34,-198,-14172,5008,4016,-945,62,-48,-14556,-3484,6492,-481,155,-151,0
144.83654403686523,9268,5620,11588,-121,-68,91,8632,-10104,9208,249,127,-143,-14220,4956,3980,-975,92,-82,-14548,-3416,6312,-521,121,-138,0
144.869863986969,9244,5348,11544,-121,-24,64,8408,-10020,9152,-52,119,-160,-14164,4788,4248,-998,64,-37,-14372,-3460,6644,-494,156,-103,0
144.90349411964417,9192,5236,11408,-141,-73,79,8352,-9760,9176,-5,156,-174,-14156,4864,4344,-980,83,-127,-14456,-3480,6544,-462,157,-112,0
144.9367160797119,9244,5348,11552,-155,-74,66,8280,-9996,9212,-17,127,-189,-14236,4856,4016,-975,102,-121,-14344,-3344,6516,-465,140,-121,0
144.97024607658386,9228,5312,11416,-121,-78,87,8276,-9884,9008,-45,145,-159,-14444,4936,4060,-968,74,-123,-14428,-3540,6464,-517,156,-121,0
145.0039620399475,9228,5188,11556,-140,-91,78,8280,-10192,9444,-24,136,-192,-14120,4936,4036,-1029,61,-104,-14544,-3412,6536,-535,151,-123,0
145.0375120639801,9272,5340,11504,-114,-70,103,8272,-9984,9160,-17,158,-135,-14108,4944,4200,-1013,100,-84,-14496,-3444,6652,-536,132,-136,0
145.07096910476685,9296,5452,11720,-116,-88,99,8332,-10092,9156,-63,158,-161,-14344,4956,4036,-990,81,-69,-14456,-3432,6184,-523,136,-158,0
145.1046769618988,9200,5388,11468,-150,-10,72,8544,-10200,9180,-108,102,-159,-14248,4884,4208,-878,41,-108,-14128,-3440,6272,-493,119,-133,0
145.1381721496582,9256,5336,11268,-118,-54,63,8324,-10024,9308,-30,176,-147,-13916,4868,4196,-1010,79,-53,-14428,-3460,6548,-497,177,-116,0
145.1718029975891,9264,5388,11556,-137,-77,60,8244,-10044,9196,-35,121,-187,-14144,4856,4024,-998,89,-102,-14484,-3504,6616,-500,121,-117,0
145.20531797409058,9232,5352,11500,-123,-98,57,8208,-10080,9168,-50,158,-164,-13956,4700,3972,-934,98,-105,-14540,-3476,6540,-485,162,-98,0
145.23874592781067,9460,5304,11388,-152,-126,60,8320,-10092,8992,-52,177,-181,-14332,4876,4124,-992,105,-113,-14348,-3364,6492,-496,168,-126,0
145.27232813835144,9112,5520,11420,-143,-89,70,8396,-10060,9272,7,142,-179,-14300,4924,4232,-1006,97,-110,-14208,-3516,6480,-546,154,-104,0
145.3056800365448,9164,5392,11528,-112,-80,85,8212,-10072,9132,-33,117,-178,-14060,4904,4048,-1026,96,-105,-14272,-3468,6412,-511,197,-104,0
145.3434660434723,9212,5384,11616,-151,-107,98,8348,-10052,9432,-17,141,-195,-14204,4748,3884,-1001,134,-120,-14424,-3460,6472,-521,202,-79,0
145.3795211315155,9256,5300,11604,-167,-79,117,8224,-10056,9008,-16,147,-203,-14104,4904,4112,-961,113,-153,-14388,-3540,6276,-509,205,-84,0
145.41460514068604,9248,5376,11572,-155,-167,126,8276,-10044,9024,246,160,-216,-14164,4876,3968,-988,160,-144,-14388,-3540,6584,-483,511,-66,0
145.44991207122803,9216,5352,11488,-176,-198,144,8356,-10068,9072,-6,137,-241,-14216,4832,4004,-987,154,-178,-14396,-3508,6440,-470,215,-75,0
145.48510193824768,9224,5412,11352,-183,-230,119,8272,-10028,9188,-20,145,-240,-14296,4896,4128,-949,135,-116,-14272,-3376,6404,-485,239,-75,0
145.52338409423828,9244,5332,11404,-219,-194,125,8256,-10032,9124,246,156,-209,-14192,4860,4168,-972,155,-136,-14492,-3436,6484,-476,227,-57,0
145.5592701435089,9272,5304,11500,-197,-184,124,8396,-10104,9152,-12,144,-218,-14248,4852,4316,-1011,120,-190,-14188,-3416,6408,-484,4,-110,0
145.59496903419495,9084,5324,11480,-185,-217,92,8324,-10008,9088,36,154,-235,-14180,4904,3932,-988,133,-169,-14500,-3528,6260,-505,263,-100,0
145.6307020187378,9356,5396,11340,-168,-193,135,8392,-9992,9144,-4,149,-1,-14164,4932,4032,-1010,169,-169,-14400,-3416,6452,-497,234,-69,0
145.66576409339905,9280,5388,11516,-202,-222,135,8296,-10052,9284,3,123,-236,-14232,4764,4064,-966,176,-173,-14440,-3404,6620,-486,210,-74,0
145.70168900489807,9324,5368,11576,-185,-224,133,8364,-10040,9172,-28,130,-211,-14224,4936,4068,-986,168,-127,-14440,-3356,6452,-515,192,-73,0
145.7376310825348,9332,5344,11284,-209,-211,117,8316,-10100,9284,-4,129,-210,-14304,4792,4216,-1004,119,-117,-14400,-3364,6516,-465,178,-96,0
145.77284908294678,9296,5588,11648,-154,-194,118,8348,-9976,9440,-25,129,-195,-14104,4860,3948,-993,142,-137,-14360,-3464,6592,-258,178,-90,0
145.80809092521667,9352,5404,11488,-155,-168,118,8332,-10052,9232,-36,144,-214,-14440,4844,4064,-957,127,-164,-14592,-3320,6392,-476,241,-81,0
145.84352111816406,9252,5332,11392,-213,-177,129,8376,-10140,9204,-2,145,-215,-14164,4876,4092,-985,138,-159,-14412,-3404,6440,-454,191,-66,0
145.87915802001953,9324,5320,11492,-139,-161,112,8304,-9988,9040,12,177,-187,-14316,5080,3944,-989,94,-88,-14396,-3356,6444,-498,166,-116,0
145.91442108154297,9252,5300,11500,-170,-162,94,8196,-10040,9012,-35,133,-218,-14504,4796,4332,-932,115,-126,-14136,-3452,6148,-464,161,-108,0
145.9499270915985,9364,5376,11488,-158,-130,128,8244,-10124,9272,-46,141,-190,-14212,4876,3988,-1011,145,-128,-14312,-3576,6468,-468,198,-103,0
145.9854860305786,9232,5216,11308,-112,-119,102,8300,-10008,9092,-10,133,-199,-14288,4908,4088,-1011,86,-107,-14352,-3240,6152,-541,168,-112,0
146.01923203468323,9272,5320,11192,-163,-84,90,8380,-10004,9172,-23,124,-162,-14316,4732,4036,-997,89,-50,-14320,-3324,6228,-533,127,-146,0
146.05264806747437,9388,5328,11432,-109,-53,102,8428,-9924,9104,-29,115,-170,-14184,4880,4004,-1011,77,-74,-14436,-3292,6488,-500,132,-134,0
146.0862021446228,9308,5340,11464,-129,6,78,8340,-9780,9164,-34,132,-164,-14132,4912,3944,-998,84,-53,-14392,-3368,6408,-488,134,-134,0
146.11987709999084,9300,5252,11380,-123,252,77,8344,-10064,8964,-38,143,-150,-14088,4932,3960,-1010,58,-60,-14428,-3248,6292,-495,132,-145,0
146.15362811088562,9268,5300,11448,-117,-21,81,8360,-9996,9180,-60,125,-134,-14408,4764,4136,-1000,82,-78,-14508,-3532,6408,-495,133,-157,0
146.1874611377716,9324,5380,11752,-143,-41,88,8312,-10224,9388,-97,131,-140,-14108,4876,4172,-980,66,-70,-14264,-3476,6536,-494,88,-148,0
146.22108006477356,9368,5336,11516,-124,-18,76,8320,-10000,9304,-45,174,-129,-14240,5080,4052,-984,74,-94,-14488,-3496,6496,-259,88,-144,0
146.254497051239,9224,5320,11296,-120,-10,71,8684,-10004,9072,-46,169,-150,-14224,4876,3952,-966,40,-64,-14352,-3448,6408,-498,105,-118,0
146.28811597824097,9300,5132,11288,-87,-20,74,8260,-10056,8984,-54,143,-133,-14056,4952,4116,-951,44,-37,-14528,-3352,6436,-763,85,-149,0
146.32170295715332,9272,5132,11352,-95,249,71,8268,-10068,9284,-23,123,-146,-14540,4660,4276,-979,58,-71,-14320,-3444,6412,-528,126,-170,0
146.3551709651947,9188,5324,11500,-137,-41,77,8428,-10064,9192,-25,126,-150,-14136,4928,4028,-991,105,-71,-14412,-3404,6568,-258,139,-118,0
146.3887050151825,9200,5396,11764,-102,-32,127,8392,-10084,9120,-76,121,-154,-14292,4812,4180,-941,116,-91,-14432,-3420,6512,-764,135,-87,0
146.42223405838013,9400,5328,11416,-95,-52,89,8292,-10160,9304,-41,90,-171,-14152,4876,3908,-980,90,-94,-14328,-3396,6664,-503,138,-127,0
146.45560002326965,9224,5260,11428,-156,-83,102,8196,-10088,9376,5,133,-110,-14476,4884,4148,-1019,91,-113,-14424,-3308,6520,-511,138,-124,0
146.48918199539185,9288,5384,11684,-109,-63,68,8284,-10012,9468,-44,128,-135,-14352,4836,4200,-994,64,-57,-14388,-3528,6516,-533,118,-155,0
146.5228729248047,9348,5320,11668,-145,-76,61,8268,-10096,9180,-33,139,-141,-14244,4916,4104,-994,77,-58,-14352,-3452,6432,-490,107,-138,0
146.5564119815826,9264,5348,11468,-119,-28,55,8312,-10092,9116,-35,156,-120,-14316,5028,4016,-1001,62,-91,-14112,-3452,6468,-494,134,-125,0
146.59000205993652,9280,5200,11440,-76,-54,71,8256,-10208,9212,-36,152,-145,-14268,4664,3888,-995,83,-99,-14476,-3460,6564,-489,138,-146,0
146.6236469745636,9196,5384,11744,-143,-56,70,8308,-10076,9080,-76,145,-147,-14276,4968,4136,-967,83,-104,-14392,-3524,6500,-487,139,-113,0
146.65717005729675,9284,5344,11640,-141,-84,86,8272,-10024,9256,-58,178,-160,-14568,4968,4188,-969,93,-91,-14104,-3492,6492,-500,163,-141,0
146.69035291671753,9288,5336,11492,-110,-88,85,8176,-10080,9344,-31,124,-182,-13976,4988,4028,-986,129,-116,-14312,-3456,6444,-504,142,-100,0
146.7240550518036,9228,5340,11544,-105,-93,113,8252,-10208,9144,-21,118,-142,-14140,4876,4188,-1009,115,-88,-14112,-3088,6164,-533,174,-120,0
146.75757002830505,9252,5280,11432,-95,-115,104,8288,-9988,9008,-27,105,-206,-13884,4880,3996,-998,113,-85,-14192,-3528,6476,-522,158,-112,0
146.79111409187317,9240,5308,11516,-116,-100,105,8340,-10080,9304,-13,124,-180,-14216,4896,4248,-981,127,-99,-14272,-3428,6460,-259,132,-125,0
146.8246989250183,9300,5216,11484,-123,-56,80,8308,-10052,9100,8,172,-166,-14176,4940,3992,-979,103,-135,-14424,-3504,6500,-518,197,-139,0
146.8581681251526,9316,5332,11612,-157,-100,86,8312,-10092,9172,254,178,-176,-13984,4900,4160,-1013,103,-128,-14484,-3596,6584,-482,214,-73,0
146.89186191558838,9300,5432,11516,-210,-161,92,8272,-10028,9068,6,189,-233,-14224,4860,4196,-995,107,-156,-14360,-3552,6268,-260,233,-75,0
146.92532014846802,9456,5408,11384,-136,-218,98,8356,-10152,9316,-25,166,-232,-14284,4884,4164,-985,134,-167,-14192,-3372,6504,-505,226,-117,0
146.9587299823761,9288,5132,11544,-151,-274,96,8284,-10060,9224,27,146,-246,-14104,4864,3872,-1014,115,-174,-14240,-3576,6524,-479,238,-94,0
146.99437999725342,9152,5348,11428,-157,-214,91,8168,-10236,9132,-8,173,-509,-14076,4868,3828,-965,142,-143,-14252,-3412,6464,-521,198,-104,0
147.0299711227417,9464,5284,11620,-167,-242,117,8196,-10128,9460,-7,174,-254,-14164,4880,4160,-952,129,-154,-14360,-3576,6532,-464,297,-68,0
147.0660650730133,9268,5332,11656,-212,-222,122,8284,-10196,9424,-13,190,-256,-14260,4820,3960,-951,147,-163,-14560,-3616,6428,-458,202,-75,0
147.1023120880127,9392,5368,11504,-230,-221,122,8328,-10084,9228,7,138,-223,-14140,4924,4144,-960,210,-141,-14588,-3568,6532,-477,203,-21,0
147.1382601261139,9400,5180,11664,-230,-177,163,8252,-9928,9208,8,127,-212,-14196,4860,4052,-962,204,-116,-14392,-3436,6424,-508,208,-51,0
147.17328596115112,9288,5388,11332,-198,-186,178,8244,-9976,9248,-40,96,-185,-14032,4840,4104,-1004,200,-115,-14452,-3460,6632,-540,209,-20,0
147.20882391929626,9316,5440,11240,-143,-231,162,8284,-9956,9276,20,63,-205,-14224,4892,4088,-992,177,-135,-14408,-3524,6436,-532,235,-23,0
147.24445605278015,9272,5304,11340,-126,-185,159,8636,-10004,9140,-36,107,-190,-14208,4784,4056,-994,170,-90,-14472,-3488,6328,-526,210,-77,0
147.28043293952942,9320,5216,11360,-181,-228,144,8276,-9988,9072,-27,132,-199,-14188,4888,4000,-1019,159,-157,-14472,-3384,6464,-507,219,-72,0
147.3157660961151,9304,5148,11476,-156,-169,132,8368,-10240,9132,252,98,-199,-14340,5100,4060,-999,128,-127,-14392,-3456,6376,-507,142,-84,0
147.35180592536926,9348,5160,11360,-150,-99,140,8236,-9764,9196,19,129,-172,-14136,4796,4072,-971,113,-49,-14304,-3340,6420,-507,166,-118,0
147.38797903060913,9332,5276,11664,-175,-121,91,8296,-10012,9056,-31,119,-186,-14176,4808,4284,-987,89,-102,-14344,-3304,6476,-489,177,-122,0
147.42330598831177,9312,5208,11744,-158,-111,92,8336,-10064,9244,-64,156,-222,-14152,4948,3856,-1010,89,-132,-14160,-3160,6448,-466,193,-153,0
147.4593710899353,9280,5304,11336,-142,-93,80,8292,-9948,9216,-10,138,-185,-14208,4860,4020,-1004,67,-86,-14516,-3552,6452,-766,150,-149,0
147.49454498291016,9520,5380,11380,-131,-26,66,8364,-10108,8976,-31,132,-167,-14076,4940,4048,-1009,74,-92,-14396,-3500,6572,-491,134,-165,0
147.53076004981995,9416,5368,11528,-135,-6,81,8256,-9992,9212,-27,139,-151,-14156,4836,4332,-1000,83,-71,-14496,-3320,6548,-504,136,-145,0
147.56552410125732,9372,5380,11400,-95,-33,109,8404,-10052,9104,-22,113,-174,-14268,4784,4020,-998,125,-35,-14440,-3288,6412,-545,153,-133,0
147.60144710540771,9420,5340,11320,-110,-13,83,8296,-9972,9292,-57,141,-142,-14208,4820,3916,-1005,83,-67,-14392,-3484,6636,-767,105,-137,0
147.63803696632385,9268,5468,11408,-98,-5,67,8356,-9804,9356,-42,149,-139,-14264,4908,4180,-967,81,-55,-14552,-3148,6428,-500,104,-132,0
147.6714630126953,9348,5172,11276,-108,-2,85,8328,-10036,9352,-14,165,-123,-14136,4944,4248,-973,104,-2,-14364,-3424,6152,-515,86,-115,0
147.70482897758484,9320,5392,11736,-102,-24,65,8248,-9924,9100,-51,136,-132,-14228,4768,3868,-983,63,-79,-14524,-3272,6168,-497,96,-121,0
147.73829412460327,9340,5324,11400,-110,26,87,8304,-9996,9196,-67,134,-126,-14224,4832,4124,-988,107,-64,-14272,-3336,6176,-507,94,-105,0
147.77192091941833,9320,5320,11472,-84,-11,86,8308,-10080,9272,-51,122,-143,-14180,5012,4136,-973,108,-103,-14432,-3484,6580,-517,93,-123,0
147.80531811714172,9224,5344,11428,-112,-35,88,8308,-10060,9064,-47,124,-152,-14348,4872,4012,-985,143,-46,-14264,-3404,6440,-525,122,-118,0
147.83865594863892,9272,5356,11304,-113,-24,91,8292,-10136,9004,-43,119,-166,-14136,5028,4052,-964,115,-64,-14464,-3492,6500,-518,157,-134,0
147.87211394309998,9344,5520,11392,-116,-71,61,8240,-10076,9120,-12,110,-187,-14180,4864,4040,-970,125,-100,-14348,-3492,6552,-501,117,-125,0
147.90566611289978,9300,5332,11588,-94,-63,82,8308,-10148,9136,-77,128,-177,-14312,4960,4128,-986,103,-92,-14388,-3432,6476,-487,123,-124,0
147.93916511535645,9056,5352,11572,-127,-42,91,8216,-10136,9160,6,148,-156,-14012,4984,4028,-1021,54,-85,-14164,-3476,6544,-522,145,-154,0
147.97269105911255,9160,5436,11684,-133,-57,89,8344,-10232,9188,-40,170,-131,-14304,4816,3872,-1008,85,-46,-14280,-3620,6492,-765,110,-114,0
148.00623893737793,9220,5332,11712,-71,-43,74,8416,-10184,9192,-93,129,-143,-14284,4700,3908,-974,74,-57,-14428,-3488,6444,-543,139,-160,0
148.03964495658875,9264,5304,11416,-157,-22,70,8284,-9996,9332,-17,161,-161,-14028,4936,3928,-769,85,-60,-14248,-3516,6396,-493,137,-145,0
148.07315301895142,9268,5328,11472,-118,-52,60,8312,-9748,9304,-10,149,-144,-14252,5084,4144,-1013,89,-70,-14320,-3484,6468,-766,161,-143,0
148.10693407058716,9176,5400,11488,-88,-34,70,8320,-10100,9156,-36,119,-154,-14332,4980,3848,-987,88,-117,-14308,-3468,6476,-508,98,-131,0
148.14053010940552,9268,5372,11380,-121,-47,66,8316,-9956,9276,-41,160,-168,-14256,4844,4068,-942,85,-103,-14388,-3532,6464,-505,156,-141,0
148.17397713661194,9352,5120,11408,-131,-88,55,8340,-10140,9124,-4,191,-196,-14160,5028,4136,-973,125,-129,-14332,-3484,6452,-476,234,-94,0
148.20760011672974,9260,5324,11264,-211,-157,107,8276,-10092,9244,56,159,-233,-14112,4884,3856,-1000,135,-145,-14388,-3328,6336,-766,263,-68,0
148.2411069869995,9144,5164,11748,-146,-239,132,8248,-10140,9304,-251,120,-260,-14188,4932,4088,-1000,198,-156,-14300,-3512,6496,-511,264,-53,0
148.27463793754578,9456,5248,11592,-136,-512,145,8240,-10168,9372,-251,113,-260,-14172,4916,4152,-975,182,-145,-14348,-3412,6500,-539,231,-73,0
148.30818605422974,9276,5272,11272,-151,-216,128,8284,-10048,9180,-39,152,-227,-14148,4948,4276,-950,153,-218,-14256,-3404,6456,-496,228,-54,0
148.34175300598145,9264,5140,11384,-182,-215,130,8232,-10060,9160,15,147,-224,-14048,4968,4144,-992,178,-170,-14384,-3352,6408,-493,203,-68,0
148.37532210350037,9292,5412,11436,-201,-183,128,8380,-10060,9152,-246,128,-239,-14036,4912,4032,-1008,184,-197,-14408,-3440,6316,-474,251,-76,0
148.40899205207825,9412,5388,11296,-203,-204,114,8292,-10068,9236,-252,149,-241,-14232,4892,3876,-952,168,-152,-14356,-3444,6172,-481,247,-63,0
148.44225907325745,9372,5324,11532,-246,-235,123,8384,-10092,9260,-18,149,-236,-14212,4856,3872,-965,130,-153,-14396,-3396,6428,-493,250,-43,0
148.47586607933044,9324,5404,11372,-199,-248,126,8288,-10040,9220,-16,125,-271,-14248,4860,3968,-974,140,-179,-14400,-3372,6452,-480,269,-84,0
148.5093469619751,9336,5376,11440,-192,-258,132,8400,-10104,9020,-6,106,-509,-14204,4836,3848,-1004,134,-183,-14224,-3376,6300,-494,238,-80,0
148.54276299476624,9320,5364,11300,-179,-234,106,8380,-10052,9264,20,133,-249,-14212,4812,3868,-1019,116,-202,-14332,-3416,6492,-526,225,-110,0
148.57644414901733,9360,5260,11360,-199,-206,108,8388,-9988,9428,24,163,-221,-14268,4900,4064,-1002,137,-174,-14360,-3364,6416,-495,207,-72,0
148.60998702049255,9428,5332,11488,-182,-187,135,8364,-9852,9324,-41,141,-197,-14168,4972,4084,-967,158,-141,-14444,-3520,6236,-494,201,-76,0
148.64363598823547,9348,5380,11548,-159,-176,133,8312,-10224,9396,-25,116,-191,-14268,5076,4052,-979,126,-81,-14364,-3464,6532,-497,170,-63,0
148.68022513389587,9272,5396,11340,-170,-171,140,8312,-9940,9088,255,96,-158,-14132,5000,3840,-981,173,-134,-14420,-3440,6484,-494,170,-79,0
148.71575903892517,9336,5304,11664,-137,-95,136,8232,-10024,9140,-68,119,-175,-14096,4928,4152,-994,168,-113,-14424,-3352,6364,-500,178,-101,0
148.75178503990173,9436,5196,11440,-153,-107,80,8308,-9740,9112,-25,133,-179,-14340,4812,3892,-985,94,-87,-14348,-3240,6412,-768,175,-142,0
148.78758597373962,9344,5304,11512,-110,-46,111,8312,-9968,9204,-12,155,-151,-14232,5000,3748,-1011,81,-42,-14392,-3404,6356,-485,112,-160,0
148.8230690956116,9348,5372,11476,-126,43,73,8476,-9916,9224,-21,141,-121,-14524,4824,4008,-1022,91,-96,-14372,-3452,6400,-494,89,-172,0
148.85890102386475,9348,5328,11592,-125,11,76,8336,-10036,9124,-64,142,-142,-14148,4724,3884,-976,65,-19,-14436,-3548,6444,-477,129,-172,0
148.8943600654602,9416,5120,11484,-87,-20,49,8388,-10052,9444,-54,158,-128,-14140,4792,4012,-1000,40,-44,-14392,-3116,6416,-525,86,-144,0
148.9302339553833,9352,5528,11484,-121,13,77,8340,-10204,9328,-32,163,-131,-14248,4732,3912,-992,69,-70,-14484,-3540,6396,-494,79,-155,0
148.9655749797821,9252,5412,11392,-105,2,48,8312,-10112,9128,-68,142,-150,-14196,4832,4160,-986,56,-71,-14428,-3380,6400,-257,111,-134,0
149.0018129348755,9344,5312,11360,-117,-4,53,8316,-10024,9264,-24,149,-137,-14288,4920,4136,-996,69,-46,-14420,-3420,6484,-494,79,-151,0
149.0380630493164,9308,5308,11388,-113,45,52,8300,-10108,9180,-59,138,-120,-14252,4644,4220,-959,78,-61,-14188,-3816,6460,-498,83,-148,0
149.07346892356873,9272,5308,11288,-104,21,81,8004,-10076,9440,-34,107,-104,-14056,4876,4108,-1000,92,-34,-14372,-3356,6452,-521,85,-109,0
149.108745098114,9332,5312,11428,-92,-14,74,8232,-10032,9120,-53,111,-143,-14192,4892,3840,-983,78,-39,-14504,-3460,6420,-517,101,-141,0
149.1445610523224,9276,5440,11448,-105,-43,80,8312,-10232,9164,-74,115,-151,-14096,4860,4072,-978,78,-84,-14536,-3136,6652,-483,152,-131,0
149.17976093292236,9248,5324,11472,-110,-63,85,8236,-10176,9152,-49,117,-144,-14164,4908,4060,-980,93,-45,-14432,-3432,6636,-503,101,-135,0
149.2155201435089,9288,5276,11460,-97,-8,67,8324,-10080,9192,-33,117,-146,-14160,4876,4016,-993,98,-51,-14408,-3396,6524,-515,126,-152,0
149.25155401229858,9320,5284,11428,-136,-30,85,8284,-10116,9012,-5,130,-160,-14204,4836,4256,-1008,89,-64,-14380,-3340,6372,-487,112,-127,0
149.28769993782043,9344,5124,11644,-140,-38,69,8400,-9848,9124,-40,158,-171,-14236,4872,4192,-981,81,-54,-14148,-3468,6460,-496,117,-118,0
149.3245189189911,9244,5316,11576,-161,-88,72,8372,-10140,9224,-12,146,-160,-14360,4924,4020,-774,70,-84,-14304,-3388,6376,-506,176,-114,0
149.35807514190674,9028,5608,11264,-176,-106,137,8288,-10108,9212,26,163,-155,-14128,4628,3844,-1060,108,-123,-14356,-3308,6444,-521,196,-64,0
149.3915250301361,8960,5136,11316,-180,-134,143,8256,-10128,8968,7,152,-189,-14184,4912,4220,-1004,131,-160,-14276,-3560,6424,-542,216,-99,0
149.42485809326172,9348,5604,11728,-114,-211,100,8228,-10080,9176,12,118,-215,-14048,4888,4088,-995,148,-153,-14392,-3328,6496,-518,243,-78,0
149.45847511291504,9312,5304,11300,-131,-194,114,8312,-10068,9236,11,128,-263,-14196,4908,4172,-962,102,-156,-14232,-3396,6460,-518,12,-101,0
149.49185013771057,9264,5376,11520,-137,-236,90,8272,-9876,9220,12,211,-1,-14148,4848,4168,-981,139,-150,-14392,-3520,6380,-496,228,-99,0
149.52547693252563,9300,5260,11512,-185,-182,110,8220,-10108,9236,-29,183,-294,-14200,4668,4004,-928,159,-172,-14324,-3416,6500,-497,258,-64,0
149.55895113945007,9348,5404,11508,-211,-285,99,8300,-10108,9352,-22,182,-275,-14180,4676,3944,-974,134,-236,-14332,-3504,6612,-479,297,-75,0
149.59244513511658,9292,5376,11640,-170,-249,100,8400,-10020,9024,35,191,-274,-14268,4808,3948,-973,150,-243,-14392,-3296,6448,-486,299,-64,0
149.62605500221252,9352,5132,11324,-171,-254,126,8296,-10172,9460,7,144,-282,-14152,4940,4124,-995,170,-215,-14588,-3416,6336,-257,302,-73,0
149.65997195243835,9384,5328,11416,-178,-292,172,8256,-9928,9112,252,84,-250,-13992,4812,4112,-979,210,-165,-14460,-3360,6508,-492,276,-32,0
149.6933069229126,9392,5316,11384,-201,-229,174,8392,-9984,9204,-1,131,-247,-14188,4828,4344,-1000,217,-132,-14388,-3476,6352,-539,237,-51,0
149.72694897651672,9436,5288,11532,-167,-189,144,8276,-10024,9436,7,78,-238,-14348,4936,4176,-1016,187,-132,-14460,-3404,6424,-765,218,-81,0
149.76034903526306,9388,5320,11672,-138,-174,139,8192,-9980,9320,-14,114,-187,-14224,4736,4036,-1004,145,-133,-14452,-3524,6440,-522,177,-93,0
149.7938849925995,9312,5404,11464,-151,-136,129,8448,-9976,9164,-4,147,-166,-14188,5020,4316,-1016,147,-110,-14380,-3504,6452,-504,164,-107,0
149.82756114006042,9324,5392,11544,-145,-124,109,8284,-9740,9224,-37,105,-174,-14172,4804,4036,-982,182,-111,-14512,-3436,6492,-477,134,-96,0
149.861083984375,9464,5200,11340,-168,-99,109,8340,-9884,9188,-25,100,-181,-14264,4892,4104,-955,107,-106,-14172,-3428,6280,-455,144,-132,0
149.89475798606873,9372,5180,11292,-145,-82,88,8328,-9988,9180,-35,130,-180,-14352,4804,4012,-1000,85,-56,-14096,-3456,6600,-474,156,-111,0
149.92801594734192,9348,5308,11420,-124,-45,73,8264,-10232,9180,-35,111,-171,-14268,4800,4344,-1016,81,-54,-14480,-3548,6592,-491,170,-141,0
149.9617509841919,9368,5252,11356,-181,19,96,8468,-10060,9564,0,-232,-73,-14328,5088,4012,-1038,103,-84,-14372,-3268,6552,-531,120,-109,0
149.99552607536316,9344,5284,11444,-131,255,75,8364,-9988,9264,-44,121,-114,-14176,4880,3924,-1005,58,-40,-14324,-3352,6416,-516,109,-133,0
150.02932214736938,9364,5276,11076,-121,-256,114,8308,-9924,9368,-15,142,-143,-14176,4956,4060,-1040,73,-15,-14488,-3312,6460,-539,91,-159,0
150.06292700767517,9328,5176,11324,-117,22,85,8320,-9740,9128,-41,116,-106,-14192,4812,4084,-1006,66,-34,-14452,-3416,6488,-539,57,-136,0
150.09655213356018,9336,5356,11568,-111,17,47,8308,-10080,9164,-48,129,-145,-14220,4608,4264,-966,64,-89,-14368,-3376,6452,-767,130,-169,0
150.1301019191742,9308,5264,11436,-154,251,50,8308,-10020,9192,-26,139,-134,-14280,4676,3920,-999,63,-79,-14448,-3444,6444,-475,91,-139,0
150.16375494003296,9256,5300,11428,-111,35,68,8244,-10052,9168,-12,147,-126,-14320,4868,4116,-999,30,-250,-14392,-3396,6376,-488,86,-144,0
150.1971399784088,9256,5264,11680,-112,10,64,8248,-10036,9460,-56,156,-147,-14176,4792,4064,-979,42,-33,-14480,-3448,6540,-500,82,-144,0
150.2307679653168,9416,5300,11320,-113,-30,38,8396,-10048,9220,-85,141,-119,-14552,5008,3996,-962,43,-60,-14348,-3424,6492,-764,118,-146,0
150.26399111747742,9276,5284,11552,-113,-252,64,8292,-10096,9288,-59,148,-147,-14104,4940,4188,-999,57,-80,-14424,-3428,6524,-498,127,-172,0
150.29753398895264,9360,5224,11444,-112,-25,54,8300,-10024,8980,-24,137,-149,-14020,5084,3984,-995,55,-106,-14344,-3440,6280,-538,116,-160,0
150.33103799819946,9232,5320,11448,-101,4,76,8352,-10108,9144,-24,109,-141,-14172,4912,4100,-1264,95,-100,-14388,-3476,6540,-497,122,-137,0
150.3677020072937,9188,5288,11564,-100,-62,84,8296,-10064,9272,-22,130,-162,-14288,4868,3992,-1022,87,-62,-14348,-3448,6440,-501,120,-128,0
150.40368795394897,9332,5248,11512,-133,-33,76,9172,-10136,9248,-199,625,153,-14388,4868,3980,-1085,78,-96,-14352,-3468,6444,-500,141,-140,0
150.43910598754883,9236,5244,11584,-120,-16,108,8276,-10080,9256,-22,107,-153,-14244,4900,4084,-1274,99,-60,-14340,-3352,6184,-518,131,-153,0
150.47420191764832,9292,5368,11436,-129,-45,92,8256,-10012,9020,-41,132,-154,-14136,4828,4308,-1011,76,-105,-14376,-3544,6452,-528,135,-143,0
150.51017212867737,9316,5348,11756,-111,-72,60,8416,-10040,9008,-51,153,-167,-14236,4784,3928,-970,95,-61,-14576,-3404,6444,-526,131,-136,0
150.54984211921692,9012,5444,11732,-134,-49,56,8308,-10028,9144,-52,153,-171,-14036,4960,4108,-997,93,-116,-14400,-3396,6384,-495,132,-151,0
150.58551502227783,9212,5628,11420,-129,-70,81,8300,-10060,9156,-12,127,-179,-13832,4984,4032,-979,103,-82,-14416,-3336,6592,-517,164,-81,0
150.62174201011658,9120,5356,11272,-123,-64,59,8332,-10224,9416,-25,109,-184,-14136,5104,4048,-1010,99,-84,-14528,-3472,6500,-495,194,-120,0
150.6576271057129,9188,5328,11520,-98,-91,91,8376,-10016,8972,-35,102,-166,-14184,4680,3980,-977,110,-101,-14348,-3432,6416,-500,158,-93,0
150.6923589706421,9292,5304,11404,-121,-107,76,8328,-10164,9160,-31,157,-181,-14544,4952,4188,-1000,91,-106,-14412,-3116,6484,-521,151,-124,0
150.72850608825684,9444,5412,11276,-168,-102,88,8340,-9976,9136,7,123,-160,-14300,4904,4300,-1020,75,-77,-14392,-3432,6420,-522,85,-112,0
150.76367211341858,9276,5416,11532,-114,-73,83,8992,-10432,9240,-173,496,-124,-14156,4896,4308,-1269,104,-119,-14344,-3568,6400,-511,129,-112,0
150.80013704299927,9332,5388,11548,-154,-65,62,8364,-10040,9396,-43,132,-162,-14188,4856,4108,-952,84,-82,-14560,-3392,6344,-510,136,-136,0
150.83542704582214,9224,5344,11736,-132,-60,105,8280,-10080,9060,-44,148,-153,-14120,4904,4052,-769,68,-76,-14384,-3484,6180,-510,155,-99,0
150.87123703956604,9188,5420,11684,-122,-72,101,8336,-10000,9172,-9,153,-174,-14132,4616,4180,-1003,114,-113,-14312,-3496,6532,-480,142,-106,0
150.90736508369446,8964,5400,11540,-158,-82,75,8304,-10140,9060,-50,128,-176,-14216,4924,4076,-996,95,-86,-14568,-3416,6148,-472,178,-116,0
150.94225692749023,9256,5340,11544,-157,-97,98,8252,-10116,9200,-47,147,-207,-14288,5000,4124,-996,90,-78,-14112,-3464,6536,-512,153,-122,0
150.97748708724976,9164,5612,11632,-130,-98,68,8372,-10060,9352,-19,111,-183,-14184,4956,4128,-1017,90,-108,-14300,-3520,6184,-540,191,-125,0
151.01373100280762,9200,5400,11424,-93,-110,98,8268,-10136,9432,-17,130,-176,-14104,4980,4132,-1027,86,-79,-14128,-3408,6468,-521,169,-101,0
151.04733896255493,9464,5212,11288,-147,-106,115,8260,-10112,9300,-11,86,-175,-14256,5036,3864,-998,125,-127,-14536,-3416,6500,-768,150,-91,0
151.08106112480164,9332,5360,11468,-128,-39,101,8340,-10052,9232,-33,132,-158,-14380,4888,3996,-1027,142,-116,-14564,-3336,6528,-497,168,-103,0
151.11452507972717,9188,5300,11604,-135,-90,126,8392,-10076,9252,-19,135,-170,-14220,4908,4036,-979,117,-89,-14408,-3536,6572,-488,174,-120,0
151.1481649875641,9224,5392,11588,-149,-109,107,8308,-10068,9452,-40,112,-166,-13988,4928,4320,-1003,123,-109,-14140,-3828,6572,-488,168,-135,0
151.18133807182312,9188,5360,11560,-150,-104,111,8292,-9784,9276,100,332,-252,-13964,4940,4060,-1048,119,-78,-14388,-3380,6524,-502,201,-123,0
151.2147970199585,9312,5380,11368,-187,-111,80,8032,-10056,9384,-43,152,-210,-14216,4944,3904,-996,105,-96,-14164,-3448,6504,-485,184,-103,0
151.24815392494202,9236,5368,11548,-158,-108,96,8328,-10148,9024,-23,133,-195,-14184,4900,4128,-1000,113,-156,-14384,-3488,6540,-481,190,-81,0
151.28169202804565,9200,5292,11332,-148,-130,92,8284,-10064,9328,-9,147,-217,-14120,4780,4100,-1000,141,-114,-14252,-3468,6288,-486,182,-73,0
151.31536412239075,9320,5304,11592,-164,-155,100,8200,-10184,8984,-253,145,-213,-13952,4904,4092,-975,110,-148,-14584,-3376,6532,-762,195,-107,0
151.34882712364197,9336,5340,11476,-164,-166,125,8296,-10120,9072,243,128,-221,-14108,4932,4040,-993,154,-137,-14160,-3416,6448,-496,206,-63,0
151.3819351196289,9216,5388,11364,-162,-196,140,8320,-10092,9304,-16,165,-216,-14152,4964,4272,-984,113,-133,-14568,-3412,6444,-477,200,-112,0
151.4156630039215,9276,5412,11576,-185,-192,106,8324,-10016,9328,1,126,-210,-14112,4940,4172,-981,177,-161,-14480,-3432,6516,-477,193,-68,0
151.44905805587769,9260,5312,11504,-164,-218,117,8352,-10168,9140,-1,155,-203,-14228,4944,4040,-1013,112,-162,-14400,-3440,6460,-510,196,-45,0
151.4827370643616,9256,5356,11456,-228,-232,130,8260,-10120,9304,-253,129,-203,-14220,4968,4112,-981,125,-118,-14328,-3500,6344,-508,181,-72,0
151.51621103286743,9244,5276,11364,-186,-181,117,8264,-10100,8996,-17,141,-211,-14096,4640,3980,-981,147,-126,-14336,-3464,6148,-492,182,-115,0
151.54978394508362,9384,5332,11268,-185,-217,83,8272,-10052,9324,-9,200,-254,-14156,4836,4148,-969,126,-129,-14408,-3520,6448,-493,251,-86,0
151.5832679271698,9288,5348,11416,-212,-191,130,8420,-10056,9116,12,143,-233,-14308,4916,3884,-960,91,-164,-14448,-3444,6232,-451,210,-78,0
151.61680603027344,9284,5296,11516,-188,-191,125,8324,-10224,9460,-19,175,-221,-14256,4616,4096,-1003,130,-119,-14164,-3496,6204,-476,184,-81,0
151.65020298957825,9312,5348,11428,-222,-177,125,8380,-10076,9192,-30,147,-196,-14248,4824,4128,-951,140,-103,-14364,-3496,6304,-500,139,-71,0
151.6837351322174,9200,5384,11612,-210,-198,103,8364,-10132,9332,-55,140,-223,-14520,4836,4060,-989,116,-148,-14432,-3388,6500,-486,182,-101,0
151.71739292144775,9180,5320,11280,-165,-207,116,8340,-10100,9168,-12,169,-190,-14524,5108,3892,-989,147,-110,-14580,-3336,6356,-530,210,-98,0
151.7508671283722,9272,5180,11384,-200,-194,141,8280,-10096,9172,-247,125,-220,-14248,4932,4060,-1018,155,-108,-14436,-3432,6472,-540,204,-92,0
151.78414607048035,9240,5232,11292,-135,-223,134,8324,-10120,9408,-22,113,-211,-14256,4900,4348,-988,162,-132,-14348,-3268,6352,-519,200,-68,0
151.81759214401245,9344,5336,11408,-175,-229,134,8256,-10152,9252,-24,134,-214,-14172,4904,4044,-907,123,-161,-14416,-3344,6400,-480,211,-79,0
151.85121393203735,9324,5292,11384,-184,-198,120,8392,-10036,9272,-10,145,-210,-14016,4944,4020,-978,145,-159,-14396,-3548,6380,-531,220,-97,0
151.8847999572754,9300,5316,11300,-153,-166,114,8292,-10080,9444,-22,139,-203,-14248,4880,3992,-990,117,-126,-14356,-3376,6248,-511,186,-91,0
151.91841101646423,9244,5324,11364,-148,-152,119,8332,-9980,9112,-42,121,-175,-14296,5064,4088,-976,129,-74,-14348,-3492,6500,-501,145,-114,0
151.95172810554504,9272,5304,11548,-129,-129,96,8340,-9988,9136,-53,122,-207,-14204,4952,3992,-982,86,-104,-14396,-3396,6488,-503,162,-104,0
151.98535799980164,9444,5288,11380,-123,-101,68,8380,-9772,9180,-7,153,-159,-14388,4864,4004,-993,74,-88,-14360,-3328,6480,-488,125,-132,0
152.0188491344452,9388,5180,11396,-152,-43,66,8404,-10044,9172,-25,151,-133,-14220,4844,3896,-1001,94,-93,-14396,-3420,6444,-508,137,-127,0
152.05601811408997,9328,5328,11396,-127,-60,66,8240,-9980,9012,-26,134,-159,-14200,4820,4064,-1014,105,-116,-14384,-3324,6392,-504,134,-132,0
152.09202313423157,9352,5428,11408,-93,-62,91,8360,-10056,9120,-32,143,-158,-14228,4952,4080,-1017,91,-44,-14384,-3468,6428,-495,137,-125,0
152.12811613082886,9040,5248,11272,-113,-52,91,8336,-9908,9208,-45,146,-169,-14228,4776,4012,-1010,100,-45,-14348,-3368,6640,-257,134,-117,0
152.16364312171936,9348,5288,11408,-111,-56,83,8196,-10080,9212,-54,152,-152,-14232,4864,4024,-981,121,-83,-14160,-3560,6472,-536,105,-122,0
152.19886803627014,9344,5212,11444,-102,-48,79,8368,-10124,9128,-52,145,-135,-14356,4908,4092,-1009,45,-35,-14400,-3364,6596,-513,113,-143,0
152.23405003547668,9320,5364,11444,-148,-21,82,8264,-9988,9156,-48,151,-126,-14192,4896,4036,-1001,74,-81,-14372,-3476,6348,-520,96,-138,0
152.26953196525574,9292,5320,11516,-77,-16,64,8352,-10060,9336,-92,147,-128,-14308,4904,4124,-950,60,-37,-14408,-3548,6388,-526,131,-153,0
152.3049910068512,9312,5288,11440,-117,-73,53,8392,-10060,9156,-33,122,-159,-14192,4820,4040,-968,67,-98,-14284,-3380,6436,-515,161,-159,0
152.34075808525085,9308,5160,11720,-102,-36,62,8256,-10064,9272,-32,142,-153,-14236,5004,4004,-981,95,-76,-14348,-3488,6572,-526,146,-136,0
152.37591004371643,9240,5420,11552,-86,-43,83,8236,-10016,9252,-37,136,-141,-14436,4996,4100,-975,75,-52,-14388,-3484,6456,-494,129,-143,0
152.411395072937,9408,5312,11572,-119,-62,80,8204,-10128,9280,-59,156,-153,-14420,4856,4128,-964,79,-96,-14520,-3356,6236,-489,117,-110,0
152.44762015342712,9276,5396,11628,-126,-64,56,8236,-10144,9244,-39,166,-159,-14208,5040,4172,-1018,83,-87,-14412,-3504,6436,-518,135,-146,0
152.4823441505432,9256,5324,11460,-128,-97,71,8328,-10236,9188,-21,122,-175,-14184,4920,3884,-979,81,-107,-14308,-3384,6604,-525,156,-148,0
152.517560005188,9232,5360,11652,-79,-70,80,8248,-9920,9296,-46,106,-174,-14352,4876,4152,-996,110,-91,-14084,-3496,6456,-529,142,-114,0
152.55341506004333,9224,5348,11532,-108,-111,104,8304,-9972,9144,-17,123,-162,-14308,4872,4060,-997,92,-99,-14360,-3424,6604,-259,148,-135,0
152.58931708335876,9308,5196,11480,-119,-63,75,8360,-10136,9360,-14,139,-175,-14408,4964,4276,-988,88,-130,-14352,-3432,6520,-533,160,-120,0
152.62445306777954,9348,5392,11476,-112,-100,110,8356,-10008,9184,-35,155,-175,-14172,4920,4128,-993,102,-102,-14436,-3476,6204,-508,149,-94,0
152.66037893295288,9272,5312,11560,-123,-131,97,8228,-10036,9200,-27,123,-146,-14296,4860,3944,-953,76,-66,-14292,-3500,6508,-504,163,-136,0
152.69662809371948,9304,5400,11576,-131,-97,117,8292,-9960,9140,-48,160,-159,-14192,4892,4052,-969,107,-62,-14524,-3436,6332,-257,145,-94,0
152.73021912574768,9260,5424,11632,-106,-98,76,8352,-10048,9220,-59,136,-151,-14236,4960,4304,-981,104,-34,-14436,-3212,6528,-260,131,-128,0
152.76384115219116,9256,5360,11440,-114,-82,99,8320,-10056,9140,-32,137,-179,-14220,5000,4040,-972,134,-85,-14344,-3476,6444,-529,141,-141,0
152.79739093780518,9200,5316,11448,-125,-91,108,8360,-9964,9184,-10,135,-162,-14288,4888,3996,-965,116,-123,-14416,-3500,6516,-477,137,-95,0
152.83056902885437,9384,5364,11412,-130,-106,102,8280,-10172,9084,-20,113,-157,-14244,5012,3968,-997,126,-96,-14084,-3480,6472,-515,155,-92,0
152.86393404006958,9244,5184,11612,-129,-91,99,8324,-10100,9120,-19,133,-180,-14400,4856,4060,-1007,98,-109,-14420,-3496,6600,-520,184,-133,0
152.89757704734802,9272,5436,11476,-111,-99,103,8328,-10120,9112,-22,125,-169,-14100,4936,4316,-1020,90,-81,-14412,-3468,6508,-484,175,-135,0
152.93081712722778,9216,5412,11272,-119,-112,75,8268,-9992,8988,-19,169,-199,-14108,4944,4332,-1009,120,-118,-14432,-3468,6452,-505,179,-119,0
152.9643440246582,9456,5280,11380,-153,-86,94,8316,-10004,9292,-32,155,-194,-14336,4940,4104,-979,110,-95,-14560,-3468,6444,-473,143,-125,0
152.99795413017273,9360,5320,11416,-158,-157,99,8288,-10080,9120,-54,148,-168,-13920,5000,4124,-990,71,-106,-14560,-3380,6168,-526,147,-126,0
153.0315999984741,9264,5276,11384,-185,-111,109,8264,-10060,9192,-7,165,-174,-14164,4876,4168,-1019,72,-138,-14400,-3416,6444,-510,182,-134,0
153.0649859905243,9268,5620,11320,-136,-70,128,8216,-9968,9300,-46,158,-180,-14156,4804,4156,-967,106,-126,-14444,-3616,6508,-516,168,-125,0
153.09884309768677,9360,5556,11392,-128,-139,58,8328,-10080,9272,-45,144,-197,-14012,4936,4332,-968,95,-80,-14332,-3468,6512,-509,179,-132,0
153.1323721408844,9344,5536,11464,-137,-88,82,8256,-10060,9280,-6,135,-174,-14264,4956,4208,-993,118,-59,-14348,-3572,6428,-512,156,-98,0
153.1658580303192,9304,5240,11332,-125,-67,74,8320,-10012,9188,-26,136,-153,-14260,4884,4260,-1040,102,-78,-14376,-3480,6524,-519,157,-121,0
153.19915008544922,9260,5456,11536,-144,-74,97,8280,-10012,9148,-28,119,-134,-14492,4968,4180,-964,105,-65,-14236,-3560,6280,-489,121,-119,0
153.2326581478119,9252,5300,11548,-168,-94,94,8332,-10108,9172,-53,176,-137,-14212,5008,3960,-960,74,-95,-14592,-3436,6420,-500,151,-115,0
153.26591110229492,9340,5220,11320,-141,-116,96,8288,-10020,9156,-34,162,-179,-14096,4876,4200,-993,77,-72,-14280,-3432,6448,-262,158,-138,0
153.29958510398865,9216,5312,11424,-127,-104,84,8280,-10024,9312,-16,123,-184,-14288,4904,3876,-989,97,-107,-14368,-3404,6484,-529,181,-112,0
153.33297109603882,9304,5376,11524,-102,-103,95,8228,-10220,9140,-36,90,-204,-14080,4904,4020,-983,89,-133,-14344,-3492,6428,-496,208,-113,0
153.3665051460266,9148,5344,11372,-148,-127,101,8360,-10100,9076,-3,146,-177,-14128,4892,4104,-987,136,-134,-14144,-3484,6560,-264,175,-80,0
153.40003609657288,8972,5304,11456,-159,-78,77,8320,-10092,9028,-252,181,-195,-14224,4928,4236,-957,139,-164,-14188,-3456,6396,-479,174,-119,0
153.43330812454224,9264,5628,11672,-176,-108,100,8284,-10148,9244,14,159,-172,-14216,4888,4212,-1019,127,-104,-14344,-3576,6452,-470,201,-126,0
153.4670960903168,9364,5440,11472,-205,-167,130,8360,-10076,9252,28,138,-218,-14080,4888,4256,-989,142,-135,-14308,-3496,6560,-508,191,-74,0
153.50037813186646,9304,5424,11300,-168,-204,97,8260,-10116,9220,-15,155,-224,-14264,5020,4324,-966,106,-159,-14260,-3404,6468,-489,196,-89,0
153.5338840484619,9272,5336,11636,-180,-230,108,8236,-10044,9332,-13,145,-218,-14164,4984,4308,-963,119,-181,-14424,-3500,6396,-499,192,-86,0
153.567321062088,9240,5420,11288,-174,-197,121,8348,-10080,9240,-10,120,-235,-14244,4856,4204,-975,111,-181,-14248,-3440,6472,-505,192,-78,0
153.60076713562012,9260,5388,11524,-184,-203,112,8192,-10112,9204,-5,150,-220,-14016,4892,4168,-1004,146,-167,-14432,-3380,6540,-495,218,-71,0
153.63425707817078,9148,5380,11516,-197,-210,126,8336,-10072,9208,17,168,-236,-14120,4908,4312,-994,127,-129,-14432,-3408,6416,-465,231,-56,0
153.66802310943604,9356,5380,11540,-197,-228,127,8400,-10048,9220,5,133,-222,-14340,4892,4124,-967,189,-170,-14092,-3460,6496,-767,235,-91,0
153.70098996162415,9252,5280,11360,-158,-235,117,8364,-10016,9220,-24,119,-256,-14336,4844,4040,-987,156,-182,-14396,-3464,6500,-520,248,-70,0
153.73940610885617,9296,5620,11444,-168,-222,142,8364,-9760,9216,-38,163,-222,-14156,4924,4032,-982,170,-111,-14448,-3416,6524,-496,187,-102,0
153.77485609054565,9276,5156,11432,-222,-190,132,8392,-10000,9152,-28,148,-221,-14192,4812,3972,-989,149,-103,-14444,-3412,6464,-460,135,-49,0
153.8101589679718,9276,5352,11552,-3,-162,126,8300,-10020,9252,-23,141,-199,-14184,4960,4048,-965,174,-105,-14576,-3520,6408,-464,150,-29,0
153.84517097473145,9368,5272,11476,-223,-203,158,8172,-10080,8996,-34,125,-190,-14116,4976,4052,-968,136,-154,-14156,-3492,6392,-502,192,-23,0
153.88080501556396,9336,5148,11516,-214,-194,144,8372,-10092,8972,7,89,-213,-14164,4928,4024,-771,149,-98,-14396,-3368,6368,-499,231,-73,0
153.91713905334473,9316,5464,11376,-174,-195,199,8308,-9760,9132,-9,89,-193,-14092,5096,3940,-1019,155,-99,-14384,-3444,6548,-487,176,-43,0
153.95243501663208,9340,5348,11716,-190,-221,128,8312,-10020,9172,-20,128,-228,-14496,4688,4280,-959,154,-144,-14420,-3400,6492,-764,239,-64,0
153.98766899108887,9236,5264,11368,-212,-202,163,8396,-10088,8968,10,122,-214,-14244,4728,4192,-994,167,-89,-14392,-3076,6416,-498,178,-67,0
154.02386093139648,9440,5244,11416,-185,-179,131,8412,-10000,9068,-10,140,-172,-14252,4844,4188,-978,121,-69,-14400,-3312,6500,-486,148,-125,0
154.05949211120605,9304,5196,11664,-199,-149,113,8364,-10120,9036,-23,118,-181,-14468,4700,3984,-992,126,-136,-14432,-3428,6328,-511,155,-95,0
154.0950300693512,9240,5232,11344,-165,-175,112,8272,-10000,9360,-56,152,-218,-14260,4908,4092,-976,130,-117,-14256,-3344,6332,-492,221,-107,0
154.13011693954468,9348,5300,11348,-116,-178,87,8328,-9872,9304,-32,127,-506,-14240,5060,3924,-976,88,-165,-14484,-3244,6564,-495,190,-107,0
154.16548800468445,9264,5200,11400,-138,-172,74,8328,-9996,9184,-250,135,-211,-14268,4828,3940,-993,100,-163,-14416,-3284,6372,-509,213,-142,0
154.2017481327057,9336,5296,11348,-126,-142,103,8320,-9820,9024,-32,133,-197,-14180,4876,4092,-989,75,-96,-14296,-3352,6568,-472,187,-121,0
154.23805713653564,9448,5236,11316,-156,-86,79,8408,-9788,9404,-25,112,-168,-14544,4920,4028,-995,67,-69,-14184,-3512,6564,-512,143,-161,0
154.27330613136292,9336,5352,11484,-112,-36,70,8428,-10004,9232,12,172,-149,-14312,4868,4040,-999,81,-85,-14356,-3532,6448,-519,153,-136,0
154.3091559410095,9720,5616,11312,-146,-16,82,8336,-9924,9184,-27,127,-128,-14248,4920,4124,-988,80,-53,-14452,-3520,6532,-492,115,-109,0
154.34395098686218,9400,5372,11396,-151,-43,84,8400,-10000,9436,-77,157,-135,-14324,4652,3884,-926,76,-85,-14432,-3392,6420,-259,101,-143,0
154.3799340724945,9624,5168,11480,-120,-58,77,8308,-10072,9212,-54,177,-161,-14144,4660,3912,-982,65,-65,-14560,-3100,6600,-524,120,-169,0
154.41347694396973,9332,5188,11708,-138,-41,101,8372,-9756,9276,-5,136,-154,-14260,4788,4236,-1021,77,-78,-14336,-3568,6608,-466,153,-86,0
154.44697499275208,9400,5424,11316,-116,11,75,8376,-10040,9144,-46,146,-151,-14172,4880,4156,-976,131,-110,-14104,-3476,6460,-511,113,-123,0
154.4804871082306,9408,5288,11520,-76,-15,78,8440,-10032,9280,-72,129,-143,-14224,5004,4088,-992,84,-53,-14432,-3480,6376,-504,151,-125,0
154.51405501365662,9436,5276,11408,-138,-56,100,8284,-10040,9172,-41,137,-135,-14232,4944,4100,-1009,86,-31,-14592,-3104,6428,-508,92,-94,0
154.54761910438538,9320,5284,11400,-111,21,100,8240,-10060,9324,-53,106,-116,-14232,4852,4052,-1011,115,-10,-14344,-3372,6496,-516,69,-117,0
154.5810821056366,9396,5384,11556,-105,38,116,8216,-10100,9136,-61,91,-73,-14152,4624,4260,-1012,122,237,-14576,-3432,6344,-539,89,-109,0
154.61672115325928,9224,5336,11552,-99,6,92,8288,-9992,9160,-79,96,-137,-14200,4844,3972,-1006,111,-29,-14316,-3404,6448,-510,130,-119,0
154.6502079963684,9392,5280,11560,-108,-66,80,8312,-10076,9144,-44,132,-121,-14352,4872,4200,-1021,100,-26,-14440,-3440,6576,-535,127,-136,0
154.6837821006775,9312,5320,11524,-68,-24,95,8392,-9996,9316,-26,135,-134,-14216,4804,4152,-981,90,-78,-14376,-3416,6456,-533,110,-149,0
154.7173891067505,9400,5232,11408,-95,-46,88,8280,-9992,9052,-60,95,-176,-14172,4760,4208,-985,72,-69,-14332,-3476,6448,-509,155,-120,0
154.751079082489,9256,5276,11744,-121,-70,79,8328,-10084,9188,-38,117,-202,-14320,4948,4148,-1015,105,-120,-14408,-3408,6492,-499,154,-141,0
154.78471398353577,9260,5324,11628,-110,-67,60,8320,-10024,9124,-31,141,-194,-14052,4876,3992,-998,76,-118,-14272,-3472,6484,-492,157,-149,0
154.81829595565796,9244,5208,11640,-103,-39,39,8256,-10112,9248,-253,146,-194,-14168,5012,4200,-979,65,-161,-14332,-3392,6508,-522,156,-161,0
154.8518431186676,9220,5360,11696,-107,-71,32,8284,-10152,8976,-2,152,-196,-14168,4632,4000,-986,40,-125,-14336,-3368,6584,-516,188,-139,0
154.88549709320068,9272,5272,11444,-110,-69,52,8400,-10128,9192,-10,178,-189,-14308,4892,3984,-991,90,-128,-14380,-3116,6464,-498,177,-157,0
154.91911101341248,9356,5608,11328,-117,-42,55,8284,-9768,9180,-7,162,-176,-14180,5064,4144,-991,79,-90,-14468,-3360,6404,-512,137,-152,0
154.95228600502014,9232,5284,11540,-130,-62,71,8392,-10096,8964,51,217,-150,-14164,4888,3920,-1054,56,-79,-14376,-3392,6580,-553,149,-141,0
154.9859321117401,9448,5404,11284,-120,-36,69,8192,-9916,9236,112,123,-213,-14332,4800,4332,-1007,91,-108,-14396,-3484,6504,-519,187,-136,0
155.01954913139343,9260,5316,11444,-71,-56,90,8364,-10096,9268,7,156,-170,-14152,4780,4228,-1000,87,-106,-14320,-3520,6416,-523,195,-150,0
155.05299305915833,9304,5392,11428,-114,-90,68,8420,-9804,9096,-5,172,-176,-14144,4908,3996,-1035,105,-110,-14184,-3472,6408,-491,161,-107,0
155.08682513237,9216,5120,11540,-130,-64,67,8228,-10108,9052,-40,146,-181,-14152,5084,4112,-985,83,-96,-14472,-3452,6484,-504,166,-115,0
155.1202850341797,9324,5352,11488,-102,-89,73,8284,-10024,9116,-39,135,-181,-14260,4680,4104,-970,121,-64,-14544,-3548,6564,-259,176,-112,0
155.15377497673035,9260,5388,11544,-130,-70,85,8264,-9744,9292,-26,158,-154,-14200,4816,4004,-1001,81,-85,-14388,-3432,6500,-496,118,-80,0
155.1873631477356,9288,5384,11536,-119,-62,88,8204,-10036,9292,-29,127,-164,-14280,4968,4192,-969,78,-73,-14544,-3344,6240,-755,141,-118,0
155.22083711624146,9240,5196,11588,-112,-77,121,8244,-10100,9148,-44,143,-158,-14168,5040,4028,-980,126,-101,-14132,-3504,6648,-506,156,-97,0
155.25436806678772,9344,5392,11568,-112,-87,98,8396,-10072,9020,-23,109,-170,-14344,4856,4092,-984,114,-123,-14172,-3440,6248,-516,155,-102,0
155.28793907165527,9292,5448,11464,-119,-122,115,8336,-10108,9096,-16,107,-183,-14192,4876,4104,-995,119,-106,-14300,-3420,6552,-510,198,-90,0
155.32158994674683,9236,5304,11372,-123,-84,75,8284,-10116,9128,-36,108,-190,-14288,4960,4048,-1021,110,-80,-14344,-3564,6436,-489,175,-105,0
155.3550250530243,9268,5300,11500,-124,-70,108,8280,-10072,9276,-33,126,-175,-14320,5004,4144,-980,127,-95,-14388,-3436,6508,-498,125,-92,0
155.39131999015808,9388,5280,11548,-159,-99,92,8268,-10040,9224,-29,168,-165,-14184,4924,3956,-1279,101,-90,-14552,-3424,6440,-496,165,-113,0
155.4273099899292,9180,5328,11720,-155,-129,117,8308,-9984,9112,-254,123,-151,-14200,4668,4088,-1001,100,-100,-14588,-3440,6456,-258,140,-94,0
155.46189713478088,9284,5452,11520,-144,-81,83,8232,-10052,9216,-47,165,-190,-14068,4888,4084,-956,124,-127,-14332,-3544,6468,-532,185,-119,0
155.4980959892273,9316,5364,11576,-168,-102,78,8260,-10092,9264,-25,138,-186,-14172,5000,3868,-990,77,-128,-14456,-3448,6436,-493,211,-125,0
155.53324508666992,9456,5260,11468,-146,-117,116,8256,-9980,9196,9,173,-195,-14240,5112,4056,-1270,115,-89,-14288,-3412,6612,-499,180,-100,0
155.57395005226135,9304,5440,11636,-183,-137,121,8272,-10152,9232,-13,157,-203,-14236,4992,4172,-951,130,-146,-14432,-3724,6548,-479,172,-72,0
155.6099579334259,9264,5352,11460,-201,-172,106,8308,-10164,9176,-33,164,-235,-14136,4884,4200,-963,108,-112,-14356,-3324,6364,-483,217,-86,0
155.64494395256042,8996,5340,11568,-185,-178,110,8196,-10156,9376,3,148,-208,-14212,4900,3984,-1010,93,-184,-14404,-3452,6536,-506,202,-91,0
155.68019700050354,9252,5272,11312,-182,-193,129,8332,-10032,9276,2,148,-230,-14084,4828,4020,-958,157,-142,-14312,-3396,6304,-499,218,-44,0
155.7151141166687,9168,5300,11440,-176,-216,149,8176,-10072,9204,-21,126,-238,-14240,4632,4348,-978,184,-190,-14380,-3092,6632,-475,233,-54,0
155.75071096420288,9388,5388,11408,-210,-208,140,8308,-10112,9160,-12,147,-214,-14208,4920,4060,-995,133,-164,-14356,-3484,6304,-477,237,-70,0
155.78572010993958,9316,5332,11584,-217,-187,128,8352,-10032,9456,9,145,-231,-14268,4948,4284,-996,165,-152,-14408,-3508,6432,-499,274,-63,0
155.82137393951416,9272,5580,11440,-198,-173,113,8352,-9964,9208,3,133,-206,-14304,5012,3844,-992,139,-130,-14460,-3540,6436,-477,212,-51,0
155.8573820590973,9324,5300,11472,-187,-210,118,8304,-10076,9224,-18,168,-202,-14312,4844,3928,-991,131,-164,-14408,-3428,6380,-463,192,-85,0
155.89220714569092,9324,5256,11576,-206,-204,113,8328,-10012,9184,-6,167,-237,-14148,5028,4348,-974,135,-103,-14408,-3488,6416,-480,215,-89,0
155.92780995368958,9440,5308,11660,-214,-212,106,8348,-10048,9228,-11,162,-220,-14188,4652,3864,-1002,133,-166,-14400,-3372,6172,-507,210,-67,0
155.96299004554749,9244,5260,11556,-188,-176,117,8308,-10016,9268,-11,147,-218,-14280,4864,4272,-969,150,-141,-14300,-3320,6384,-469,226,-100,0
155.99878096580505,9312,5304,11444,-167,-178,111,8384,-9996,9212,-7,112,-223,-14084,4840,4092,-996,161,-117,-14432,-3584,6516,-498,213,-79,0
156.03431391716003,9668,5236,11500,-188,-221,112,8352,-9988,9256,-14,132,-224,-14496,4812,4064,-962,166,-93,-14376,-3308,6320,-500,204,-106,0
156.07005095481873,9284,5324,11288,-178,-170,134,8320,-10024,9324,-33,117,-205,-14128,4836,4056,-1007,170,-102,-14444,-3408,6432,-496,220,-58,0
156.10375809669495,9312,5312,11424,-188,-149,134,8420,-10036,9240,-23,134,-182,-14292,4912,4388,-974,112,-128,-14392,-3572,6412,-502,185,-86,0
156.13735699653625,9276,5216,11448,-182,-182,137,8392,-9928,9072,-16,108,-190,-14240,4828,3892,-771,142,-156,-14096,-3448,6244,-765,171,-82,0
156.17089200019836,9276,5296,11524,-110,-127,129,8312,-9948,9204,-51,112,-198,-14228,4900,3852,-1014,146,-137,-14484,-3524,6460,-768,235,-49,0
156.20417404174805,9320,5228,11684,-110,-198,115,8300,-10028,9128,-17,132,-253,-14124,4876,3884,-964,178,-128,-14400,-3448,6532,-488,3,-97,0
156.23774600028992,9412,5276,11340,-183,-169,112,8308,-10032,9152,-15,119,-224,-14372,4664,4004,-1001,142,-123,-14484,-3428,6360,-481,211,-81,0
156.27110314369202,9456,5200,11356,-140,-165,112,8396,-10032,9100,-17,173,-211,-14160,4808,4084,-1007,132,-116,-14524,-3364,6476,-477,170,-116,0
156.3047149181366,9280,5188,11536,-148,-141,125,8248,-9980,9152,-36,163,-209,-14316,4876,4160,-945,119,-118,-14448,-3444,6600,-488,188,-84,0
156.33830094337463,9348,5180,11356,-136,-170,110,8280,-10088,9256,-46,155,-204,-14272,4764,4180,-1003,143,-184,-14396,-3352,6632,-517,247,-84,0
156.3718240261078,9432,5268,11532,-133,-178,104,8392,-9948,9260,-23,119,-234,-14252,4816,3996,-997,171,-145,-14384,-3412,6344,-494,238,-89,0
156.40530014038086,9348,5248,11500,-120,-182,133,8268,-10100,9000,2,90,-232,-14172,5036,4172,-924,153,-119,-14440,-3452,6284,-509,510,-60,0
156.43847513198853,9348,5216,11476,-106,-216,117,8348,-10000,9144,-2,124,-507,-14228,4900,4040,-1015,190,-212,-14380,-3352,6412,-492,233,-86,0
156.47189092636108,9328,5280,11060,-138,-183,129,8264,-10028,9048,-21,85,-241,-14148,4936,4100,-1006,179,-176,-14500,-3404,6416,-507,242,-63,0
156.50548791885376,9388,5296,11332,-128,-196,124,8412,-10224,9132,-9,78,-234,-14196,4820,4148,-1013,222,-185,-14508,-3476,6400,-509,268,-65,0
156.53926992416382,9424,5340,11428,-137,-179,151,8364,-9752,8964,-13,82,-255,-14188,4756,3856,-980,176,-189,-14592,-3356,6256,-765,246,-69,0
156.57263803482056,9396,5284,11384,-121,-210,143,8316,-9968,9192,12,113,-225,-14100,4804,4020,-1018,175,-200,-14280,-3388,6444,-476,275,-50,0
156.60605192184448,9436,5132,11696,-124,-227,118,8356,-9988,9012,-24,151,-284,-14184,4880,3964,-1016,196,-168,-14492,-3448,6340,-507,295,-54,0
156.6395299434662,9444,5264,11612,-109,-248,109,8340,-9956,9236,-21,63,-286,-14076,4764,3892,-972,157,-195,-14580,-3332,6352,-524,291,-98,0
156.67440795898438,9676,5200,11408,-101,-238,119,8356,-10012,9468,23,103,-261,-14276,4628,3988,-1048,192,-232,-14436,-3504,6612,-516,306,-55,0
156.70808911323547,9444,5240,11404,-107,-223,112,8276,-9984,9276,26,82,-242,-14084,4724,3788,-1017,216,-178,-14452,-3560,6648,-475,304,-45,0
156.7417449951172,9416,5368,11296,-160,-227,155,8396,-9936,9236,5,134,-277,-14116,4772,4048,-1024,234,-131,-14432,-3364,6396,-766,284,-36,0
156.775043964386,9700,5260,11408,-133,-253,141,8244,-9948,9028,-27,87,-261,-14228,4828,3968,-976,197,-176,-14484,-3380,6268,-538,314,-44,0
156.80856895446777,9556,5316,11332,-143,-274,131,8400,-10008,9100,-27,112,-245,-14208,4824,3992,-1028,169,-226,-14540,-3384,6256,-499,284,-47,0
156.84195399284363,9532,5628,11320,-160,-247,155,8428,-9760,9296,16,61,-230,-14184,4720,4060,-1278,204,-203,-14348,-3416,6276,-493,285,-67,0
156.87547206878662,9548,5292,11392,-148,-272,124,8408,-9984,9216,72,46,-277,-14528,4724,4124,-1001,219,-173,-14496,-3268,6216,-496,299,-73,0
156.9089789390564,9572,5300,11220,-177,-286,155,8404,-9888,9052,12,25,-253,-14216,4844,3760,-1004,202,-145,-14480,-3296,6284,-495,277,-53,0
156.9423611164093,9628,5284,11228,-156,-246,152,8468,-9972,9292,29,83,-228,-14296,4728,3652,-1018,162,-160,-14548,-3300,6284,-514,238,-87,0
156.97577214241028,9500,5216,11272,-151,-205,135,8352,-9992,9276,53,44,-177,-14316,4832,4076,-1059,143,-186,-14420,-3252,6232,-525,216,-81,0
157.00929498672485,9688,5144,11320,-166,-219,119,8412,-9804,9280,72,145,-496,-14368,4788,4040,-773,142,-192,-14448,-3464,6172,-514,227,-42,0
157.04292011260986,9552,5404,11552,-175,-273,125,8364,-9916,9264,46,63,-208,-14460,4764,3884,-946,167,-159,-14428,-3292,6232,-523,247,-23,0
157.07964611053467,9616,5232,11316,-220,-317,159,8432,-9916,9232,38,65,-311,-14348,4780,3832,-1002,169,-141,-14476,-3248,6228,-574,243,-96,0
157.11492013931274,9536,5252,11276,-125,-299,136,8484,-9936,9164,255,86,-276,-14348,4740,3856,-962,134,-190,-14436,-3308,6324,-513,209,-70,0
157.15121698379517,9532,5236,11152,-246,-289,138,8484,-9940,9176,66,24,-199,-14176,4764,3872,-993,150,-118,-14496,-3448,6276,-542,180,-61,0
157.1862449645996,9564,5348,11316,-220,-204,148,8340,-9748,9188,27,131,-214,-14464,4704,4016,-1006,118,-66,-14420,-3088,6008,-257,136,-89,0
157.22232699394226,9692,5264,11088,-196,-131,178,8476,-9884,9336,-37,108,-156,-14372,4732,4000,-1010,125,-46,-14388,-3488,6188,-540,132,-120,0
157.25810599327087,9644,5176,11196,-148,-53,123,8404,-9820,9160,-7,84,-196,-14336,4508,3968,-975,108,-17,-14472,-3328,6048,-530,150,-181,0
157.29326009750366,9676,5192,11048,-148,104,54,8472,-9724,8948,-46,163,-120,-14296,4536,3908,-966,12,-256,-14508,-3352,6132,-494,77,-504,0
157.32865810394287,9672,5144,11260,-177,200,-9,8552,-9976,9144,104,257,-92,-14128,4740,3940,-1035,-15,23,-14520,-3344,6312,-443,42,-271,0
157.3638961315155,9660,5312,11400,-134,228,-13,8520,-9920,9276,37,252,-94,-14416,4784,3956,-990,-14,35,-14692,-3352,6644,-498,57,-229,0
157.3997299671173,9704,5236,11708,-169,125,24,8488,-9980,9308,-1,222,-92,-14324,4860,4112,-938,18,-58,-14368,-3568,6240,-484,37,-167,0
157.43507599830627,9700,5264,11388,-112,109,76,8220,-9980,9100,-127,178,-78,-14380,4772,4000,-868,-21,58,-14532,-3276,6308,-577,50,-202,0
157.4703769683838,9636,5164,11480,-29,70,58,8324,-9940,9288,-114,133,-68,-14124,4804,4060,-998,-14,6,-14412,-3364,6392,-584,253,-225,0
157.50550198554993,9420,5268,11448,-83,57,80,8320,-9940,9024,-63,229,-107,-14508,4412,4112,-961,-105,71,-14412,-3428,6300,-555,-15,-241,0
157.54154515266418,9336,5320,11344,-178,107,27,8028,-9940,9176,-117,179,-89,-14276,4792,4028,-997,125,27,-14152,-3436,6360,-435,245,-103,0
157.5775511264801,9408,5292,11400,-175,150,60,8384,-10228,8992,-134,112,-138,-14232,4720,3972,-883,128,230,-14348,-3324,6244,-496,53,-107,0
157.61230397224426,9476,5268,11472,-158,-19,85,8384,-10104,9288,-124,248,-108,-14216,4636,3944,-950,-50,-21,-14452,-3504,6384,-498,77,-162,0
157.6474850177765,9484,5360,11532,-115,15,63,8296,-9940,9232,-106,200,-135,-14208,4724,4004,-935,3,234,-14460,-3436,6400,-485,29,-146,0
157.6834909915924,9388,5300,11476,-90,-2,31,8340,-9964,9152,-103,200,-140,-14492,4832,4192,-878,68,-48,-14468,-3100,6372,-462,72,-137,0
157.72036314010617,9460,5212,11312,-104,-8,66,8372,-9752,9204,-63,195,-153,-14284,4872,3972,-940,19,-65,-14336,-3340,6256,-440,89,-122,0
157.75370907783508,9440,5276,11244,-159,253,64,8496,-10056,9228,-29,340,-167,-14332,4628,3924,-918,1,-33,-14424,-3344,6360,-504,90,-169,0
157.78742504119873,9544,5216,11416,-94,46,60,8708,-9980,9176,64,194,-21,-14200,4736,3536,-999,134,-67,-14452,-3520,6296,-503,60,-137,0
157.82102298736572,9324,5276,11408,-89,-244,89,8320,-10040,9156,-68,71,-90,-14200,4904,3928,-1053,85,-32,-14564,-3384,6440,-472,51,-145,0
157.85460305213928,9348,5264,11428,-135,12,104,8352,-10220,9304,-48,115,-89,-14128,4908,3884,-989,90,19,-14464,-3456,6408,-530,37,-151,0
157.88812613487244,9376,5236,11552,-138,81,80,8420,-10000,9132,-77,208,-93,-14312,4628,4068,-999,19,-17,-14416,-3476,6432,-474,30,-158,0
157.92135000228882,9412,5292,11352,-159,48,66,8288,-9768,9192,-61,187,-83,-14444,4848,4236,-891,26,-63,-14432,-3496,6160,-507,60,-201,0
157.95497393608093,9404,5344,11452,-131,-29,60,8360,-10224,9024,-73,214,-145,-13924,4780,4016,-930,2,-70,-14480,-3412,6148,-540,116,-191,0
157.98862504959106,9408,5244,11252,-110,-39,58,8300,-10004,9372,-82,249,-139,-13928,4656,4024,-948,13,-69,-14556,-3476,6156,-519,108,-153,0
158.0223309993744,9400,5280,11336,-91,-7,52,8336,-9976,9204,-38,229,-105,-14104,4656,4004,-1031,68,-29,-14456,-3388,6492,-492,44,-95,0
158.05571103096008,9384,5260,11492,-143,28,81,8324,-10084,9068,-40,104,-92,-14176,4872,4000,-995,65,250,-14452,-3384,6376,-484,67,-119,0
158.0894000530243,9324,5300,11528,-91,9,104,8328,-10128,9272,-79,123,-92,-14500,4888,4040,-950,51,-256,-14500,-3580,6496,-495,31,-101,0
158.1230399608612,9416,5336,11472,-104,15,96,8404,-10056,9212,-49,164,-90,-14300,4904,4216,-999,27,-12,-14132,-3392,6516,-258,81,-131,0
158.1566390991211,9408,5340,11476,-116,24,91,8300,-10032,9144,-36,127,-75,-14244,4860,4052,-1033,60,-32,-14292,-3420,6464,-572,32,-104,0
158.1899869441986,9324,5312,11468,-63,51,96,8376,-10056,9092,-73,91,-71,-14184,4968,4120,-1090,47,2,-14452,-3424,6388,-525,53,-156,0
158.22360801696777,9456,5376,11544,-108,31,71,8268,-10060,9212,-21,107,-74,-14136,5028,4136,-1278,63,-29,-14408,-3328,6608,-501,63,-142,0
158.25722408294678,9368,5360,11476,-130,51,55,8252,-10116,9128,-38,17,-52,-13924,4884,3996,-1006,25,255,-14320,-3292,6440,-498,65,-139,0
158.290874004364,9320,5360,11448,-98,40,80,8228,-10184,9144,-78,191,-116,-14264,5016,3920,-918,21,-9,-14284,-3320,6464,-518,76,-150,0
158.32435703277588,9260,5236,11408,-97,14,112,8324,-10120,9264,-40,134,-111,-14292,4964,4156,-1031,84,-21,-14448,-3312,6512,-501,69,-107,0
158.35774612426758,9292,5136,11572,-109,-23,97,8188,-10144,9184,-59,228,-130,-14116,5076,4100,-1049,63,-45,-14408,-3476,6456,-768,80,-116,0
158.39133214950562,9276,5588,11516,-106,2,94,8360,-10040,9020,-36,138,-87,-14380,4944,4208,-859,24,234,-14300,-3460,6500,-541,53,-161,0
158.4245760440826,9264,5212,11352,-74,40,88,8344,-9972,9200,-5,112,-104,-14208,4944,4000,-1275,63,-59,-14360,-3372,6508,-580,87,-141,0
158.4580500125885,9344,5220,11488,-75,-45,138,8228,-10184,9388,31,57,-123,-13956,5192,4144,-1064,89,-41,-14472,-3528,6604,-553,85,-153,0
158.4918601512909,8976,5312,11472,-98,-27,114,8240,-10108,9332,-28,108,-117,-14104,4620,3912,-1030,134,-43,-14408,-3508,6532,-534,95,-105,0
158.52541708946228,9168,5620,11436,-126,-45,79,8168,-10100,9156,-48,16,-177,-14100,4896,4260,-1275,140,-102,-14328,-3472,6424,-499,172,-93,0
158.55894804000854,9000,5600,11344,-155,-128,95,8268,-9996,9224,-27,129,-178,-14288,5000,4160,-943,97,-132,-14300,-3496,6516,-474,205,-108,0
158.59247994422913,9188,5288,11492,-139,-116,86,8220,-10064,9360,-57,111,-199,-14016,4920,4104,-994,94,-151,-14500,-3492,6656,-478,192,-105,0
158.62593793869019,9320,5364,11320,-131,-114,76,8252,-9996,9312,-40,128,-184,-14204,4792,4208,-997,97,-135,-14512,-3396,6492,-509,178,-137,0
158.65940594673157,9396,5388,11440,-108,-101,83,8328,-10080,9140,-39,139,-185,-14208,5312,3848,-1013,113,-49,-14516,-3480,6484,-520,138,-101,0
158.69262099266052,9400,5188,11560,-104,-48,84,8292,-10160,9060,-16,94,-121,-14268,4932,4272,-1071,133,-14,-14472,-3392,6416,-544,106,-110,0
158.72597312927246,9360,5264,11332,-88,-39,113,8264,-10096,9204,-252,101,-111,-14176,5024,4132,-1051,119,-57,-14368,-3572,6528,-583,132,-130,0
158.7630181312561,9196,5324,11512,-75,-31,121,8216,-10136,9264,251,129,-118,-14220,4624,4312,-1040,107,-62,-14572,-3492,6460,-501,153,-128,0
158.79816508293152,9036,5584,11408,-85,-46,117,8316,-10072,9168,-36,128,-148,-14156,4904,4272,-997,130,-81,-14348,-3512,6456,-538,116,-115,0
158.83384704589844,9212,5280,11480,-116,-83,119,8280,-10140,9052,-38,139,-150,-14136,4832,4028,-1054,93,-96,-14216,-3516,6472,-515,167,-110,0
158.86973404884338,9220,5140,11628,-141,-104,113,8260,-9972,9196,-17,111,-161,-13980,5092,3936,-1050,100,-82,-14364,-3456,6420,-519,123,-102,0
158.9050669670105,9360,5392,11456,-93,-41,102,8280,-10048,9328,-55,126,-170,-14172,5072,3912,-882,42,-84,-14488,-3396,6508,-500,177,-133,0
158.9404010772705,9236,5428,11448,-165,-102,49,8348,-10236,8968,-13,183,-218,-14224,4816,4196,-1008,45,-135,-14384,-3404,6512,-463,185,-150,0
158.9756281375885,9260,5404,11360,-138,-63,50,8384,-10124,9308,-32,209,-217,-14152,4700,3856,-978,33,-114,-14304,-3560,6508,-488,226,-142,0
159.01142692565918,9404,5396,11440,-137,-110,53,8304,-10080,9104,3,224,-196,-14320,4932,4332,-1029,57,-115,-14268,-3544,6520,-488,177,-91,0
159.04708814620972,9180,5440,11632,-223,-141,93,8212,-10196,9360,4,209,-183,-14148,5024,4272,-974,89,-150,-14576,-3440,6580,-490,242,-76,0
159.0822470188141,9456,5364,11772,-168,-236,148,8308,-10068,9140,44,162,-210,-14172,4948,4228,-1279,112,-179,-14404,-3568,6408,-495,220,-44,0
159.11742496490479,8964,5364,11804,-189,-223,154,8200,-10156,9124,16,132,-246,-14328,4924,4056,-978,175,-214,-14288,-3460,6868,-517,279,-39,0
159.1535050868988,9224,5288,11384,-182,-339,177,8164,-10112,9192,-19,77,-276,-13948,5028,4096,-957,209,-191,-14384,-3420,6672,-503,277,-13,0
159.18937492370605,9184,5276,11488,-246,-402,187,7988,-9964,9220,12,120,-291,-14196,5084,4320,-954,241,-229,-14424,-3348,6444,-448,287,-7,0
159.22498893737793,9232,5320,11400,-293,-308,157,8292,-9864,9224,26,134,-299,-14208,4932,4016,-950,254,-231,-14576,-3480,6420,-474,293,-49,0
159.26085114479065,9352,5248,11276,-6,-347,161,8280,-10080,9464,5,143,-291,-14124,5040,3988,-989,188,-193,-14368,-3380,6564,-472,315,-48,0
159.29606103897095,9308,5316,11372,-178,-333,138,8224,-10028,9196,7,120,-286,-14176,4860,3928,-966,187,-210,-14360,-3440,6636,-493,508,-46,0
159.33181810379028,9436,5392,11252,-156,-266,135,8360,-10024,9124,-37,117,-273,-14232,4764,3972,-980,148,-162,-14352,-3476,6224,-501,181,-107,0
159.36825704574585,9512,5164,11048,-155,-161,84,8432,-9944,9236,-10,140,-196,-14240,4944,4000,-999,97,-100,-14396,-3584,6160,-492,148,-142,0
159.4053590297699,9376,5292,11216,-128,-30,63,8272,-9912,9072,-23,117,-164,-14164,4820,4068,-987,39,-83,-14544,-3536,6228,-512,121,-177,0
159.4385280609131,9448,5308,11320,-79,33,16,8436,-9732,9060,-44,167,-129,-14084,4772,3940,-1005,25,-78,-14224,-3480,6172,-499,144,-191,0
159.47198104858398,9232,5300,11264,-182,15,39,8328,-10048,9220,32,167,-137,-14284,4796,3888,-1279,74,-89,-14548,-3380,6556,-420,133,-128,0
159.50553011894226,9276,5388,11560,-169,-8,124,8232,-10208,9424,-46,138,-152,-14244,4840,4140,-972,198,-35,-14140,-3508,6640,-469,152,-43,0
159.53927397727966,9320,5404,11576,-130,-55,165,8196,-10020,9308,-63,61,-177,-14272,4948,4124,-977,182,-29,-14384,-3368,6404,-491,154,-61,0
159.57244110107422,9260,5136,11504,-107,-135,135,8328,-10076,9232,-77,62,-167,-14264,4692,4280,-979,135,-84,-14512,-3476,6860,-764,154,-67,0
159.60602402687073,9380,5296,11692,-143,-151,136,8208,-10124,9168,-65,145,-154,-14268,4976,4112,-952,116,-84,-14092,-3556,6628,-534,141,-102,0
159.6395480632782,9244,5148,11408,-79,-99,112,8188,-10036,9408,-66,126,-161,-14168,4888,4248,-993,114,-106,-14452,-3380,6544,-536,110,-106,0
159.67297792434692,9324,5296,11464,-73,-12,70,8276,-10032,9220,-35,87,-124,-14328,4972,4028,-998,121,-72,-14320,-3200,6564,-520,86,-105,0
159.7068691253662,9364,5192,11388,-131,-252,117,8384,-10148,9184,-18,129,-160,-14216,4652,3980,-982,151,-90,-14304,-3368,6460,-259,167,-96,0
159.74047708511353,9292,5276,11672,-132,-112,102,8248,-10024,8984,-44,70,-198,-14224,5012,4064,-973,166,-123,-14492,-3552,6148,-517,222,-85,0
159.7737741470337,9304,5272,11652,-137,-161,147,8324,-10036,9124,-26,83,-223,-14188,4948,4072,-980,196,-133,-14368,-3292,6536,-764,252,-70,0
159.80715608596802,9380,5296,11336,-122,-187,116,8400,-10236,9184,-34,128,-226,-14444,5104,4024,-964,127,-159,-14304,-3380,6556,-497,216,-147,0
159.8406789302826,9388,5396,11308,-152,-130,90,8404,-9752,9132,-23,166,-183,-14412,4884,4096,-1001,50,-172,-14492,-3396,6296,-470,176,-165,0
159.8741991519928,9412,5332,11460,-148,-69,34,8260,-10008,9328,7,225,-172,-14272,4788,4104,-1019,30,-117,-14424,-3448,6504,-257,145,-151,0
159.90790700912476,9324,5272,11528,-127,-52,56,8180,-10044,9176,-32,197,-140,-14004,4856,4320,-990,73,-105,-14248,-3444,6600,-503,131,-142,0
159.9412829875946,9224,5376,11608,-139,-41,79,8228,-9964,9440,-24,142,-161,-14260,4884,4128,-984,69,-82,-14576,-3472,6616,-508,152,-134,0
159.97486805915833,9388,5480,11488,-144,-53,84,8252,-9960,9284,-37,133,-145,-14188,4860,4128,-968,91,-60,-14512,-3388,6488,-525,116,-93,0
160.00827598571777,9272,5344,11284,-140,-100,102,8248,-10076,9216,-64,153,-157,-14248,4912,4224,-996,105,-67,-14176,-3832,6292,-526,135,-65,0
160.04179096221924,9288,5340,11528,-132,-73,147,8280,-9960,9080,-47,82,-154,-14212,4772,3904,-985,162,-95,-14356,-3372,6540,-768,135,-84,0
160.07563304901123,9248,5232,11372,-122,-59,139,8360,-10040,9048,-84,84,-169,-14120,4924,4064,-959,122,-93,-14364,-3424,6436,-768,112,-89,0
160.10933208465576,9316,5268,11456,-123,-36,87,8356,-10056,9160,-75,98,-166,-14196,4932,4012,-981,77,-88,-14296,-3440,6436,-527,108,-146,0
160.14290499687195,9384,5156,11540,-91,8,66,8216,-9956,8932,-95,111,-150,-14200,4908,4120,-982,35,-52,-14432,-3404,6452,-503,107,-171,0
160.17613697052002,9340,5272,11544,-105,31,68,8272,-10072,9060,-30,591,-260,-14016,5336,3944,-1182,50,-46,-14352,-3364,6436,-469,140,-138,0
160.20982003211975,9336,5252,11416,-115,-4,86,8356,-10008,9156,-25,127,-157,-14304,4896,4076,-978,85,-83,-14452,-3364,6568,-482,172,-117,0
160.24338603019714,9396,5368,11632,-117,-36,84,8320,-10012,9460,-69,127,-146,-14424,5072,4076,-967,100,-51,-14448,-3472,6604,-517,106,-150,0
160.27692008018494,9408,5356,11576,-119,-53,67,8288,-10148,9152,-85,150,-138,-14184,4900,4164,-978,45,-89,-14348,-3340,6444,-516,133,-154,0
160.31049799919128,9208,5424,11504,-130,-58,99,8324,-10020,9152,-21,445,-203,-13996,4836,4260,-1112,54,-110,-14188,-3476,6436,-499,121,-147,0
160.34393692016602,9456,5348,11404,-109,-67,83,8020,-10108,9256,-33,200,-147,-14196,4840,4108,-1015,35,-134,-14444,-3448,6528,-470,166,-172,0
160.37747406959534,9216,5344,11552,-213,-78,34,8432,-10044,9340,65,237,-212,-14164,4932,4284,-988,70,-98,-14592,-3444,6392,-467,254,-85,0
160.41083312034607,9248,5400,11600,-233,-158,91,8196,-10140,9268,48,184,-208,-14128,5000,4208,-781,115,-147,-14304,-3416,6564,-458,260,-30,0
160.44845700263977,9296,5340,11608,-109,-295,143,8116,-10188,9436,-35,139,-1,-14104,4992,4200,-937,174,-212,-14368,-3496,6524,-258,221,-46,0
160.48381400108337,9208,5608,11676,-194,-323,134,8168,-10176,9136,-33,124,-334,-14140,5080,4152,-891,227,-168,-14288,-3460,6448,-490,265,-56,0
160.51961207389832,9148,5288,11356,-167,-342,130,8244,-10012,9272,-20,129,-308,-14332,4892,4064,-954,228,-213,-14400,-3464,6496,-438,301,-35,0
160.55491304397583,9284,5248,11516,-225,-345,160,8212,-10112,9220,247,106,-304,-14252,4860,4052,-1003,232,-9,-14416,-3336,6408,-484,291,-40,0
160.59534311294556,9220,5292,11500,-188,-297,146,8384,-10008,9312,-7,110,-280,-14084,4972,3980,-982,179,-211,-14464,-3392,6364,-465,278,-39,0
160.63141012191772,9444,5252,11448,-219,-274,160,8548,-9996,9208,-99,-231,-243,-14104,4848,4120,-968,188,-159,-14464,-3256,6584,-509,228,-57,0
160.66761708259583,9248,5268,11516,-139,-177,152,8300,-10076,9128,11,33,-190,-14124,4928,4160,-1029,187,-111,-14420,-3356,6340,-543,184,-119,0
160.70237493515015,9496,5288,11588,-102,-85,127,8304,-9800,9192,-18,44,-146,-14376,4636,4164,-1011,136,-57,-14376,-3124,6524,-523,100,-154,0
160.7376091480255,9464,5276,11504,-133,-17,75,8512,-9884,9104,-4,148,-112,-14524,4840,4160,-986,14,-83,-14420,-3272,6284,-489,113,-163,0
160.77385807037354,9360,5252,11420,-195,255,41,8420,-9976,9208,-15,218,-138,-14236,4968,4156,-982,15,-96,-14528,-3424,6448,-476,155,-164,0
160.8091859817505,9500,5400,11512,-166,-42,45,8232,-10152,9428,-31,189,-177,-14168,4916,4056,-1273,59,-72,-14272,-3460,6364,-476,194,-149,0
160.8445930480957,9336,5364,11320,-106,-74,79,8232,-10120,9060,-29,92,-185,-14192,4904,4112,-1005,72,-131,-14084,-3404,6312,-503,158,-151,0
160.88038992881775,9296,5240,11268,-130,-103,89,8160,-9988,9200,-39,150,-202,-13984,4920,4152,-936,128,-67,-14404,-3312,6644,-488,190,-78,0
160.9155740737915,9324,5356,11488,-146,-113,118,8432,-10240,9336,-56,130,-177,-14236,4908,4340,-973,161,-159,-14408,-3580,6580,-460,208,-63,0
160.9508330821991,9424,5272,11476,-105,-174,169,8296,-10056,9252,-27,63,-207,-14212,4876,4136,-996,168,-121,-14356,-3396,6444,-548,201,-57,0
160.98617911338806,9388,5344,11360,-106,-190,142,8308,-9908,9168,-46,92,-164,-13900,4860,3928,-981,162,-76,-14388,-3424,6364,-554,135,-96,0
161.0218620300293,9632,5264,11428,-17,-98,124,8328,-10036,9332,-85,114,-156,-14300,4812,4300,-978,104,-104,-14424,-3344,6428,-768,120,-120,0
161.05778813362122,9404,5348,11372,-129,-64,94,8280,-9976,9184,3,118,-163,-14144,4836,4120,-1008,151,-138,-14152,-3564,6420,-462,184,-131,0
161.09397292137146,9424,5288,11388,-137,-65,87,8328,-10052,9080,-253,123,-175,-14172,4888,4048,-1028,57,-121,-14288,-3372,6460,-478,173,-120,0
161.127583026886,9320,5240,11472,-151,-89,100,8304,-10104,9068,-44,153,-156,-14268,4860,4212,-1004,83,-66,-14516,-3444,6380,-501,144,-144,0
161.160875082016,9464,5252,11636,-167,-115,103,8292,-10112,9164,-38,129,-191,-14200,4976,3992,-1001,96,-56,-14192,-3584,6520,-515,176,-106,0
161.19421005249023,9420,5216,11384,-105,-114,90,8376,-10120,9288,-14,151,-174,-14156,4840,4060,-1015,108,-111,-14384,-3440,6396,-525,182,-95,0
161.227952003479,9348,5184,11472,-125,-87,74,8312,-10060,8984,24,127,-170,-13940,4924,4116,-1039,86,-90,-14292,-3436,6452,-520,186,-135,0
161.2613880634308,9256,5344,11512,-97,-74,119,8232,-10008,9056,-27,148,-172,-14384,4932,4156,-982,116,-117,-14560,-3476,6484,-258,147,-155,0
161.2948670387268,9352,5336,11392,-133,-87,80,8312,-10032,9172,-24,144,-163,-14308,4928,4236,-995,108,-106,-14304,-3448,6316,-467,156,-128,0
161.32850408554077,9264,5368,11316,-161,-50,72,8288,-9980,9068,-33,161,-169,-14132,4788,4212,-995,102,-83,-14408,-3316,6540,-504,170,-132,0
161.36180210113525,9304,5356,11432,-134,-107,82,8216,-10024,9324,-14,127,-211,-14168,4868,4260,-1011,132,-100,-14340,-3488,6388,-518,187,-119,0
161.39543795585632,9384,5424,11360,-135,-153,126,8380,-9996,9244,-41,113,-206,-14136,4888,4156,-1003,119,-83,-14500,-3452,6456,-490,177,-112,0
161.42883110046387,9376,5400,11380,-119,-134,108,8296,-9764,9400,-39,121,-219,-14224,4756,4264,-962,124,-145,-14456,-3340,6432,-491,189,-108,0
161.46191310882568,9316,5280,11348,-157,-111,120,8356,-9924,9168,-45,90,-202,-13860,4888,3968,-983,151,-74,-14376,-3464,6428,-512,178,-113,0
161.49538803100586,9516,5296,11460,-120,-131,91,8400,-9968,9300,-26,129,-160,-14324,4740,3896,-1006,101,-59,-14548,-3352,6360,-507,151,-112,0
161.52905893325806,9312,5244,11288,-129,-78,93,8352,-9980,9260,-28,125,-177,-14184,4920,3960,-996,105,-40,-14448,-3464,6396,-490,148,-125,0
161.56251096725464,9444,5332,11428,-177,-77,94,8280,-9996,9292,-49,122,-145,-14204,4784,4256,-983,90,-76,-14384,-3412,6448,-481,139,-127,0
161.59616804122925,9324,5332,11288,-124,-92,120,8344,-10132,8992,-57,130,-189,-14172,4944,3924,-973,121,-121,-14584,-3564,6460,-762,167,-108,0
161.62978410720828,9324,5200,11364,-110,-94,99,8348,-10128,9332,-5,130,-176,-14320,4944,3896,-999,94,-140,-14412,-3356,6496,-518,164,-137,0
161.66328811645508,9304,5244,11436,-116,-99,73,8300,-10056,9032,-8,137,-171,-14188,4904,4192,-999,67,-83,-14368,-3568,6464,-530,125,-162,0
161.6966691017151,9448,5376,11528,-125,-46,55,8308,-10032,9252,-43,184,-142,-14268,4916,4136,-979,17,-79,-14400,-3332,6404,-496,153,-164,0
161.73021912574768,9384,5312,11552,-219,-43,49,8248,-10060,9452,10,192,-155,-14236,4692,3840,-975,105,-35,-14156,-3380,6512,-451,145,-114,0
161.76373505592346,9336,5304,11560,-202,-38,82,8392,-10020,9176,-9,177,-154,-13952,4820,4268,-1003,124,-50,-14272,-3456,6400,-445,200,-84,0
161.7974910736084,9320,5360,11608,-153,-76,149,8124,-10208,9256,-53,68,-180,-14096,4900,4120,-1003,231,-83,-14100,-3516,6568,-499,210,-29,0
161.83108711242676,9284,5360,11388,-126,-135,169,8324,-10036,9232,-115,11,-220,-14356,4984,4136,-930,233,-134,-14352,-3336,6616,-565,192,-33,0
161.86440992355347,9560,5272,11132,-61,-163,175,8412,-10016,9096,-113,45,-191,-14404,4848,4020,-994,158,-116,-14476,-3128,6300,-588,120,-95,0
161.89789509773254,9536,5360,11268,-48,-73,122,8232,-9896,9060,-11,133,-136,-14500,4724,4028,-1034,37,-58,-14344,-3412,6196,-572,48,-151,0
161.93135499954224,9508,5244,11408,-70,37,71,8472,-10100,9076,-22,199,-97,-14344,4784,4116,-1030,-22,-6,-14436,-3440,6220,-539,62,-163,0
161.964781999588,9340,5372,11752,-119,-17,48,8428,-10056,9052,7,192,-103,-14276,4820,4112,-995,33,-51,-14560,-3556,6484,-492,114,-153,0
161.9982681274414,9356,5252,11456,-149,-41,67,8248,-10100,9128,-23,167,-170,-13968,4912,4084,-963,84,-91,-14212,-3448,6492,-471,175,-131,0
162.0318739414215,9176,5288,11460,-130,-89,72,8248,-10128,9020,-48,178,-209,-14160,4884,4168,-976,95,-167,-14276,-3384,6416,-470,244,-110,0
162.06545495986938,9420,5316,11416,-136,-131,77,8148,-10064,9120,249,149,-254,-14068,4984,4300,-978,92,-142,-14292,-3536,6576,-482,235,-126,0
162.09888911247253,9176,5324,11284,-125,-158,66,8228,-10180,9172,-15,147,-263,-14320,4992,4300,-937,90,-147,-14376,-3476,6728,-462,219,-121,0
162.13601803779602,9256,5164,11636,-161,-140,42,8196,-10020,9204,-38,202,-203,-13968,5060,4104,-947,66,-107,-14464,-3392,6504,-503,171,-153,0
162.17178392410278,9464,5404,11596,-134,-86,53,8320,-10056,9340,-12,205,-180,-14144,4972,4060,-979,32,-121,-14116,-3360,6600,-521,177,-175,0
162.20798301696777,9264,5388,11512,-143,-100,64,8316,-10068,9220,26,147,-162,-14204,4788,4156,-780,98,-160,-14584,-3380,6376,-529,172,-127,0
162.24384307861328,9400,5548,11448,-164,-134,128,8424,-9928,9160,20,94,-214,-14288,4820,4136,-998,158,-88,-14196,-3416,6324,-500,197,-71,0
162.27964997291565,9372,5476,11360,-178,-156,162,8372,-9980,9188,-35,61,-208,-14268,4716,4068,-974,218,-115,-14496,-3348,6408,-532,167,-25,0
162.31521010398865,9420,5292,11428,-177,-159,161,8356,-9952,9276,-24,51,-197,-14204,4784,4072,-993,192,-100,-14376,-3456,6408,-497,176,-58,0
162.35071802139282,9448,5336,11404,-190,-122,165,8436,-10232,9432,-8,61,-150,-14272,4824,4096,-1011,115,-56,-14428,-3356,6148,-506,126,-118,0
162.3855800628662,9404,5360,11344,-131,-41,106,8504,-10080,9360,-65,156,-116,-14176,5064,4180,-983,79,-83,-14424,-3432,6496,-506,88,-138,0
162.42128205299377,9428,5360,11520,-164,-38,52,8268,-9796,9172,-50,183,-120,-14232,4784,3940,-959,51,-37,-14252,-3260,6144,-479,98,-147,0
162.4573540687561,9412,5336,11480,-173,6,50,8312,-10044,9100,-43,155,-130,-14112,4844,3872,-1001,32,-44,-14412,-3316,6440,-448,123,-96,0
162.49218702316284,9348,5288,11560,-144,-52,121,8288,-10120,9204,-69,133,-150,-13852,5084,4080,-984,128,-24,-14320,-3420,6508,-485,119,-118,0
162.52784514427185,9312,5384,11636,-144,-80,125,8264,-10184,9152,-97,107,-169,-14264,5024,4008,-958,153,-44,-14348,-3356,6516,-497,116,-82,0
162.56317400932312,8984,5256,11600,-158,-132,137,8240,-10148,9076,-121,105,-180,-14188,5036,3856,-989,82,-120,-14516,-3412,6408,-514,147,-104,0
162.59918999671936,9244,5268,11272,-118,-83,123,8200,-10204,9316,254,83,-145,-14268,5048,4292,-1046,133,-60,-14324,-3344,6288,-548,157,-102,0
162.6344940662384,9316,5252,11400,-30,-16,117,8336,-10100,9104,-63,88,-152,-14288,4696,4180,-1022,54,-59,-14592,-3360,6624,-534,146,-183,0
162.67017912864685,9276,5208,11256,-90,-21,52,8328,-10180,9192,11,113,-158,-14228,4904,4108,-1012,55,-60,-14580,-3364,6436,-524,98,-188,0
162.70549511909485,9356,5556,11444,-103,56,-7,8440,-9988,9144,95,147,-177,-14060,4940,3960,-1020,50,-87,-14380,-3372,6644,-493,144,-197,0
162.741229057312,9264,5444,11612,-111,-20,24,8384,-10124,9208,49,171,-214,-14184,4844,4124,-997,53,-136,-14388,-3480,6624,-500,206,-179,0
162.77672815322876,9252,5508,11592,-99,-92,15,8320,-10020,9108,-33,172,-243,-14148,4980,4208,-952,53,-155,-14428,-3396,6532,-494,217,-164,0
162.8103449344635,9296,5384,11468,-93,-146,66,8320,-10056,9116,-106,178,-207,-14268,4848,4188,-922,67,-127,-14540,-3476,6500,-507,148,-127,0
162.84399604797363,9408,5396,11364,-149,-107,59,8228,-10048,9112,-103,185,-168,-14320,4828,4008,-945,39,-60,-14472,-3476,6564,-485,117,-149,0
162.87742805480957,9336,5464,11480,-202,-27,80,8336,-9984,8972,-20,141,-112,-14128,4788,4340,-1009,77,234,-14356,-3388,6424,-468,64,-74,0
162.91100811958313,9240,5460,11300,-135,32,147,8204,-10048,9332,-122,91,-89,-13900,4872,4120,-1278,129,25,-14164,-3364,6584,-547,112,-48,0
162.94435906410217,9272,5440,11436,-63,-47,176,8404,-10128,9048,-75,11,-120,-14392,4912,4144,-1057,161,-58,-14320,-3432,6496,-553,163,-47,0
162.97770404815674,9300,5516,11508,-91,-98,191,8340,-9956,9172,-50,89,-185,-14500,4820,4172,-771,172,-58,-14384,-3456,6504,-545,168,-38,0
163.01128792762756,9328,5132,11404,-61,-31,187,8380,-10048,9076,-69,71,-119,-14104,4892,4224,-996,147,-31,-14324,-3544,6372,-493,73,-19,0
163.0448501110077,9420,5360,11328,-108,-33,187,8292,-10052,9164,-115,36,-97,-14296,4896,4136,-971,166,11,-14248,-3368,6444,-494,65,-36,0
163.07841110229492,9040,5564,11648,-152,-75,159,8316,-10188,9024,-111,10,-124,-14248,5012,4164,-976,172,6,-14284,-3388,6552,-480,117,-32,0
163.11189603805542,9268,5332,11564,-177,-73,144,8316,-10244,9184,-114,46,-116,-14172,4900,3884,-989,165,-248,-14548,-3400,6584,-485,88,-78,0
163.14543199539185,9304,5268,11764,-187,-61,129,8340,-9996,8988,-86,112,-148,-14208,5104,3980,-981,115,-70,-14412,-3352,6500,-488,137,-83,0
163.17851400375366,9300,5156,11652,-168,-105,110,8316,-10228,8980,-53,109,-172,-14256,5052,4012,-991,103,-128,-14388,-3284,6588,-493,196,-120,0
163.2121729850769,9244,5224,11424,-161,-120,96,8256,-10472,9100,9,297,-507,-14084,4864,4248,-1078,82,-178,-14320,-3380,6560,-498,215,-127,0
163.2457239627838,9200,5304,11520,-144,-141,61,8356,-10492,9380,37,135,-227,-14336,4908,3988,-1009,81,-161,-14340,-3432,6460,-507,229,-127,0
163.27919602394104,9280,5340,11348,-164,-147,63,8296,-10180,9272,37,210,-506,-14200,4988,4096,-977,112,-147,-14348,-3312,6508,-502,220,-137,0
163.31263208389282,9292,5380,11484,-162,-177,80,8252,-10164,9032,30,182,-247,-14072,4968,4232,-962,103,-167,-14372,-3428,6488,-503,216,-101,0
163.34598207473755,9292,5356,11484,-159,-220,118,8332,-10100,8996,-2,185,-240,-14216,4892,3976,-960,107,-182,-14452,-3392,6464,-520,230,-98,0
163.37997102737427,9296,5396,11572,-192,-205,87,8344,-10064,9092,-26,203,-230,-14176,4864,4168,-939,131,-150,-14392,-3468,6388,-493,185,-85,0
163.41351413726807,9264,5312,11404,-205,-229,87,8320,-9736,9188,6,189,-227,-14292,4876,3844,-971,121,-148,-14420,-3344,6424,-492,223,-123,0
163.4468641281128,9240,5312,11408,-194,-225,112,8264,-10028,9096,16,171,-239,-14180,4824,4096,-973,145,-170,-14388,-3328,6476,-470,259,-61,0
163.48031091690063,9260,5412,11408,-215,-233,132,8228,-10052,9280,21,137,-510,-14144,4960,4160,-979,161,-145,-14384,-3496,6488,-492,218,-63,0
163.51364707946777,9372,5580,11496,-182,-228,141,8000,-10012,9120,8,114,-233,-14172,4956,4240,-981,137,-133,-14452,-3312,6284,-493,235,-57,0
163.54735112190247,9340,5364,11760,-202,-191,157,8312,-10016,9104,17,117,-223,-14220,4988,4184,-1002,155,-167,-14120,-3384,6412,-489,210,-49,0
163.58053612709045,9344,5344,11488,-200,-196,144,8292,-10072,9236,38,110,-217,-14332,4660,4204,-1274,162,-117,-14404,-3516,6432,-498,177,-47,0
163.61403107643127,9336,5248,11480,-223,-199,148,8332,-10056,8988,48,101,-186,-14196,4864,4104,-1008,168,-117,-14512,-3448,6592,-495,209,-42,0
163.64760994911194,9324,5336,11288,-238,-190,171,8240,-10096,9060,-251,121,-212,-14092,5100,4128,-979,163,-104,-14112,-3100,6248,-487,207,-54,0
163.68063592910767,9344,5332,11416,-189,-187,131,8296,-10092,9112,9,103,-232,-14284,4972,3888,-969,151,-154,-14396,-3320,6512,-491,203,-88,0
163.71415305137634,9336,5180,11292,-181,-195,124,8256,-10160,9000,4,123,-222,-14220,4976,4120,-981,151,-170,-14428,-3576,6480,-498,221,-112,0
163.7478210926056,9304,5272,11576,-166,-189,110,8276,-10016,9200,17,132,-236,-14084,4940,3856,-1001,148,-130,-14376,-3428,6444,-473,217,-70,0
163.78101110458374,9448,5300,11036,-205,-167,132,8360,-9948,9052,-34,157,-223,-14236,4924,4268,-964,100,-152,-14348,-3404,6612,-473,180,-125,0
163.81934094429013,9420,5248,11436,-170,-136,77,8432,-10076,9212,-27,138,-186,-14212,4924,3844,-1028,73,-86,-14356,-3384,6344,-500,144,-155,0
163.85434007644653,9400,5296,11500,-147,-90,111,8312,-9976,9076,19,165,-136,-14148,4892,4108,-1044,76,-82,-14436,-3344,6448,-504,156,-147,0
163.88972806930542,9372,5548,11288,-94,-27,61,8352,-9736,9232,-70,146,-176,-14496,4620,3880,-944,79,-88,-14436,-3244,6244,-516,151,-177,0
163.9248650074005,9352,5244,11428,-148,-32,69,8416,-9956,9212,-13,127,-158,-13916,5064,3856,-1033,65,-73,-14420,-3312,6348,-507,128,-146,0
163.9608769416809,9404,5324,11480,-110,60,79,8660,-9744,9192,-14,134,-102,-14188,4764,3892,-1036,63,-49,-14148,-3576,6580,-503,64,-187,0
163.99622297286987,9388,5472,11492,-129,53,60,8344,-10180,9216,-42,132,-117,-14204,4852,4140,-997,69,252,-14404,-3380,6548,-514,51,-163,0
164.03192591667175,9700,5308,11280,-140,40,61,8320,-10016,8976,-72,149,-118,-14252,4872,4156,-1000,89,-91,-14344,-3180,6496,-492,93,-140,0
164.06791591644287,9300,5332,11608,-115,-19,80,8252,-10208,9112,-21,143,-135,-14400,4892,4088,-1029,83,-107,-14400,-3412,6560,-507,140,-135,0
164.1031551361084,9356,5124,11712,-61,-31,85,8320,-9968,9144,-53,115,-151,-14140,4848,4072,-1005,89,-55,-14580,-3324,6524,-272,115,-128,0
164.13935899734497,9224,5292,11492,-89,-45,73,8268,-10036,9036,-49,120,-157,-14428,4852,4140,-978,84,-83,-14412,-3336,6496,-513,122,-140,0
164.17382192611694,9236,5292,11492,-95,-20,65,8400,-10128,9076,-47,113,-144,-14172,4976,4088,-972,61,-73,-14340,-3488,6500,-536,115,-157,0
164.20927500724792,9268,5252,11484,-94,-8,67,8304,-10060,9100,-5,132,-140,-14288,4916,4056,-999,81,-99,-14416,-3584,6596,-519,125,-149,0
164.2445740699768,9276,5304,11520,-99,-40,89,8388,-10104,9132,-28,117,-146,-14128,4852,3964,-1008,100,-58,-14332,-3344,6628,-523,131,-128,0
164.27997398376465,9232,5320,11664,-102,-49,85,8380,-9840,9156,-43,113,-140,-14308,4916,4244,-997,76,-102,-14364,-3492,6540,-525,110,-139,0
164.31549215316772,9060,5276,11684,-79,-54,67,8272,-10040,9292,-31,97,-191,-14192,4644,3840,-982,102,-132,-14168,-3432,6436,-516,190,-141,0
164.3517620563507,9328,5344,11436,-107,-68,69,8440,-10040,9104,-36,155,-207,-14164,4816,4252,-991,66,-86,-14464,-3484,6544,-520,159,-165,0
164.38755202293396,9296,5336,11388,-100,-71,48,8244,-9760,8984,-22,151,-177,-14320,4920,4324,-987,94,-111,-14340,-3528,6448,-506,153,-136,0
164.4221589565277,9192,5348,11368,-114,-84,55,8248,-10052,9192,251,162,-188,-14228,4896,4244,-992,103,-108,-14372,-3480,6540,-464,135,-113,0
164.45818400382996,9312,5472,11388,-177,-79,59,8240,-10084,9180,-25,147,-187,-14256,4916,4276,-960,58,-142,-14404,-3500,6496,-499,147,-153,0
164.491868019104,9016,5312,11460,-116,-104,69,8312,-10152,9236,-22,163,-199,-14196,4836,4164,-1015,81,-130,-14436,-3472,6628,-522,166,-143,0
164.52548694610596,9296,5332,11544,-145,-141,94,8320,-10076,9340,23,151,-195,-14236,4900,4428,-932,27,-157,-14420,-3444,6508,-511,208,-136,0
164.5590159893036,9296,5276,11392,-158,-114,89,8240,-10004,9148,-38,180,-188,-14140,4856,4188,-1008,46,-70,-14368,-3432,6544,-507,144,-123,0
164.59241008758545,9240,5304,11656,-127,-73,85,8284,-10096,9244,-48,144,-174,-14176,4884,4180,-991,55,-75,-14404,-3308,6608,-499,153,-147,0
164.62581515312195,9304,5240,11376,-134,-39,43,8208,-10148,9040,12,337,-223,-14104,4668,4284,-1072,69,-80,-14416,-3576,6484,-504,178,-137,0
164.65950393676758,9236,5292,11388,-141,-49,116,8256,-10092,8964,-7,139,-169,-14232,4888,4212,-988,87,-113,-14468,-3380,6596,-494,147,-112,0
164.6929450035095,9212,5384,11556,-156,-68,127,8224,-10076,9200,-34,122,-144,-14176,4876,4128,-989,107,-93,-14512,-3400,6828,-503,120,-114,0
164.72663712501526,9244,5328,11760,-151,-84,96,8344,-10068,9204,-43,117,-191,-14304,4964,4284,-685,24,-132,-14444,-3548,6624,-496,159,-131,0
164.76023411750793,9428,5480,11308,-165,-112,78,8328,-10180,9080,-44,175,-199,-14540,5004,4108,-960,103,-91,-14412,-3452,6348,-477,152,-127,0
164.79362607002258,9312,5248,11320,-138,-107,95,8188,-10076,9064,-14,136,-183,-14196,4992,3960,-769,96,-91,-14364,-3436,6472,-534,156,-122,0
164.82700514793396,9224,5328,11516,-111,-118,88,8312,-10136,9120,-34,115,-164,-14148,5116,3928,-986,99,-76,-14468,-3360,6556,-538,153,-102,0
164.86059403419495,9300,5328,11556,-167,-105,107,8300,-9996,9180,-16,91,-176,-14268,4656,4148,-1003,137,-107,-14328,-3544,6536,-485,159,-110,0
164.89400792121887,9200,5352,11592,-165,-74,101,8328,-10128,9060,-23,142,-170,-14280,4988,4136,-1001,146,-115,-14400,-3508,6464,-529,176,-103,0
164.92747497558594,9296,5268,11324,-157,-85,115,8244,-10164,9120,-17,113,-173,-14236,4924,4252,-778,146,-49,-14324,-3448,6520,-496,171,-115,0
164.9610631465912,9200,5308,11448,-129,-94,110,8288,-10068,9176,-2,110,-176,-14292,4936,4348,-1005,125,-108,-14312,-3552,6596,-511,154,-114,0
164.99434804916382,9224,5148,11420,-155,-100,76,8308,-10148,9124,-31,150,-189,-14284,4996,4148,-1010,77,-86,-14224,-3524,6460,-493,166,-129,0
165.02804398536682,9440,5216,11424,-155,-103,87,8404,-10120,8960,7,65,-272,-14212,4644,4288,-779,47,-107,-14344,-3500,6512,-500,156,-143,0
165.06159114837646,9408,5148,11624,-121,-72,91,8364,-10068,9192,-2,157,-179,-14140,4960,4344,-1275,130,-146,-14256,-3484,6440,-482,193,-72,0
165.09503602981567,9420,5348,11408,-152,-107,106,8352,-9996,9004,-36,89,-181,-14100,4900,4060,-1003,155,-107,-14360,-3404,6516,-507,207,-68,0
165.12858510017395,9224,5328,11584,-141,-129,121,8336,-10036,9152,-75,94,-199,-14312,5064,4236,-975,130,-89,-14356,-3460,6596,-502,160,-66,0
165.1621789932251,9284,5472,11352,-107,-124,145,8356,-10040,9188,-86,80,-149,-14264,4892,3892,-975,151,-38,-14348,-3376,6604,-505,88,-67,0
165.19544506072998,9344,5384,11464,-119,-94,148,8228,-10044,9004,-59,88,-109,-14192,4852,4308,-994,119,-45,-14372,-3524,6404,-525,133,-69,0
165.2289159297943,9388,5324,11500,-153,-110,134,8368,-10100,9088,-52,84,-113,-14240,4892,4252,-1033,112,-90,-14352,-3468,6452,-532,87,-84,0
165.2624750137329,9360,5428,11400,-122,-56,114,8352,-10080,9060,-68,116,-102,-14236,4708,4288,-991,81,-65,-14444,-3432,6548,-257,96,-107,0
165.29606413841248,9024,5280,11512,-180,-104,79,8352,-10040,9136,1,151,-154,-14164,4892,4004,-1008,89,-103,-14308,-3284,6444,-484,147,-85,0
165.3297140598297,9232,5336,11624,-235,-108,85,8016,-10256,9152,34,188,-202,-14188,4956,3976,-995,145,-149,-14336,-3428,6480,-454,264,-27,0
165.36343693733215,9164,5232,11592,-184,-278,161,8260,-10244,9436,41,150,-279,-14132,4884,4180,-996,167,-181,-14440,-3396,6640,-488,287,-66,0
165.3970041275024,9228,5172,11704,-145,-329,96,8296,-10096,9012,-70,163,-281,-14176,5112,4176,-906,88,-145,-14376,-3280,6628,-521,171,-70,0
165.4303810596466,9200,5232,11656,-220,-281,118,8260,-10068,8828,-30,287,-239,-14172,4956,4136,-904,107,-182,-14468,-3280,6420,-486,183,-76,0
165.46360301971436,9188,5416,11556,-307,-236,98,8176,-10088,9336,67,185,-297,-14084,5004,4112,-991,207,-242,-14108,-3388,6500,-449,308,-78,0
165.50160908699036,9152,5284,11288,-234,-349,152,8228,-10204,9112,23,144,-338,-13848,4932,4128,-998,201,-267,-14392,-3368,6444,-506,322,-51,0
165.53735399246216,9232,5264,11696,-160,-355,129,8368,-10092,9112,13,131,-341,-14304,4924,4104,-979,162,-230,-14432,-3400,6528,-579,313,-146,0
165.57239294052124,9316,5200,11280,-99,-245,94,8440,-10032,9068,38,166,-314,-14096,4724,4028,-988,136,-213,-14352,-3496,6372,-528,298,-148,0
165.6113419532776,9396,5284,11272,-127,-186,86,8376,-10004,9076,72,154,-290,-14292,4812,3908,-1010,82,-173,-14480,-3364,6276,-499,281,-118,0
165.64847993850708,9460,5412,11488,-184,-148,65,8440,-9904,9112,29,192,-194,-14228,4784,4076,-987,46,-133,-14408,-3456,6420,-456,141,-152,0
165.68348813056946,9688,5132,11432,-197,-40,34,8376,-9808,9136,-37,191,-132,-14084,4768,4064,-1008,31,42,-14832,-3540,6236,-435,69,-111,0
165.71916604042056,9720,5480,11416,-287,14,101,8408,-9904,8976,-84,186,-55,-14244,4932,3892,-977,64,34,-14364,-3380,6340,-489,19,-44,0
165.75436401367188,9356,5360,11392,-210,-18,140,8284,-10048,8968,-36,83,-55,-14172,4968,4208,-1055,147,251,-14348,-3424,6468,-519,73,-24,0
165.79061698913574,9272,5368,11600,-123,-82,227,8304,-9956,9044,-60,-18,-88,-14036,4924,4240,-1070,212,22,-14364,-3532,6564,-620,106,28,0
165.82611298561096,9096,5380,11364,-72,-52,3,8288,-10048,9044,-86,-44,-87,-13904,5116,3924,-1045,251,-237,-14288,-3440,6524,-589,134,-12,0
165.86182713508606,9288,5348,11380,-66,-28,231,8248,-10120,9152,-138,2,-107,-14092,4856,3984,-999,232,251,-14304,-3080,6504,-528,89,-25,0
165.8978009223938,9260,5192,11536,-102,24,129,8280,-10208,9204,-103,64,-110,-14492,4948,4140,-1002,144,-26,-14356,-3336,6644,-501,122,-105,0
165.9324140548706,9372,5276,11392,-123,255,102,8300,-10136,8968,-83,143,-130,-14248,5008,4180,-946,84,-75,-14156,-3484,6560,-461,110,-96,0
165.96873307228088,9340,5244,11324,-142,-79,104,8348,-10104,9044,-119,124,-197,-14564,4912,4176,-1024,90,-108,-14412,-3256,6236,-445,158,-85,0
166.0037019252777,9408,5212,11576,-210,-107,36,8308,-10240,9140,-51,145,-248,-14216,5096,4040,-929,107,-126,-14304,-3244,6500,-447,229,-165,0
166.0392849445343,9352,5108,11396,-147,-129,56,8276,-10308,9012,25,169,-243,-14120,5056,3876,-991,54,-160,-14336,-3284,6612,-533,3,-169,0
166.07453894615173,9180,5164,11684,-149,-127,28,8300,-10188,9132,59,219,-250,-14184,4932,4012,-1276,32,-161,-14468,-3420,6488,-537,252,-197,0
166.11023807525635,9304,5192,11484,-141,-137,10,8488,-10164,9168,35,507,-202,-14336,4940,4156,-993,-248,-131,-14432,-3416,6652,-536,176,-179,0
166.14611101150513,9384,5576,11464,-110,-73,59,8268,-10032,9244,-250,207,-129,-14236,4944,4320,-1004,58,-97,-14380,-3348,6416,-572,129,-149,0
166.1798119544983,9300,5120,11428,-96,-43,86,8332,-9764,9296,-27,144,-110,-14156,4700,4144,-1073,119,-115,-14356,-3388,6204,-568,117,-99,0
166.21339106559753,9336,5140,11312,-58,-49,125,8412,-9952,9216,-47,104,-110,-14200,4724,3848,-1277,132,-68,-14456,-3536,6344,-553,150,-101,0
166.24697399139404,9312,5356,11416,-188,-86,140,8344,-9968,9272,-49,124,-132,-14276,4896,4180,-1016,155,-39,-14280,-3544,6580,-472,144,-72,0
166.28042006492615,9372,5608,11648,-152,-45,132,8324,-9764,9228,-75,117,-161,-14248,4792,4036,-980,168,-73,-14432,-3400,6488,-472,172,-57,0
166.3140549659729,9304,5304,11444,-153,-99,116,8316,-10016,9044,-48,91,-176,-14260,4852,4340,-993,136,-59,-14412,-3396,6364,-487,139,-61,0
166.34777808189392,9324,5260,11532,-142,-118,112,8252,-9992,9308,-25,116,-215,-14192,5116,4164,-975,111,-83,-14320,-3372,6556,-513,181,-122,0
166.38143610954285,9284,5212,11380,-129,-110,93,8228,-10072,9204,-47,132,-200,-14212,4996,3912,-991,67,-82,-14364,-3392,6508,-473,143,-107,0
166.41497802734375,9420,5292,11760,-116,-91,81,8244,-10084,9124,-61,126,-191,-14352,5012,4156,-935,79,-59,-14368,-3316,6492,-483,113,-97,0
166.4482741355896,9256,5240,11532,-157,-74,104,8404,-10180,9396,-55,101,-157,-14088,4992,4040,-1011,115,-67,-14460,-3336,6564,-501,99,-83,0
166.48184299468994,9304,5176,11420,-130,-86,123,8328,-10228,8984,-23,108,-146,-14320,5044,4028,-1011,118,-63,-14416,-3312,6516,-257,113,-81,0
166.51555800437927,9352,5176,11604,-136,-112,139,8344,-10180,9140,-25,110,-161,-14184,5032,3848,-992,123,-56,-14392,-3304,6244,-510,125,-71,0
166.54925394058228,9236,5188,11328,-154,-86,143,8356,-10136,8968,-36,74,-175,-14136,4812,4060,-1013,123,-58,-14272,-3444,6504,-486,167,-78,0
166.58264899253848,9280,5236,11664,-140,-126,104,8308,-10020,9188,-58,114,-202,-14572,4924,3912,-950,86,-103,-14392,-3308,6484,-531,159,-137,0
166.61615204811096,9312,5300,11628,-94,-146,71,8336,-10020,9216,-49,156,-188,-14244,5004,4060,-995,72,-110,-14284,-3416,6504,-521,146,-148,0
166.6498339176178,9364,5212,11460,-160,-84,66,8340,-10148,9116,19,185,-154,-14200,4852,4200,-1032,26,-141,-14100,-3432,6440,-475,148,-127,0
166.6834270954132,9244,5184,11648,-157,-66,91,8060,-10208,9224,-10,181,-153,-14224,4932,4244,-997,63,-149,-14216,-3540,6488,-463,145,-120,0
166.71694111824036,9252,5412,11716,-151,-89,46,8364,-10040,9188,-56,137,-195,-14172,4940,3904,-941,99,-142,-14456,-3380,6652,-476,200,-135,0
166.75052213668823,9276,5252,11332,-176,-89,42,8260,-10012,9172,-37,137,-196,-14236,4996,3952,-968,89,-96,-14552,-3276,6588,-485,175,-145,0
166.78402400016785,9272,5332,11488,-124,-107,85,8280,-10004,9040,-16,150,-172,-14300,4852,4144,-993,34,-58,-14128,-3156,6476,-506,134,-127,0
166.81760811805725,9304,5244,11460,-147,-63,69,8344,-10112,9004,-15,140,-153,-14164,4808,4168,-988,64,-29,-14364,-3320,6532,-500,84,-115,0
166.8513000011444,9216,5252,11660,-180,-36,103,8248,-10040,9080,-29,149,-146,-14240,4948,4128,-973,104,-114,-14544,-3292,6600,-492,148,-102,0
166.8845250606537,9260,5340,11492,-150,-86,105,8360,-10176,9160,-55,110,-178,-14264,5040,4148,-1009,128,-140,-14292,-3296,6468,-513,164,-93,0
166.91810297966003,9300,5232,11592,-111,-117,138,8228,-10124,9140,-28,88,-173,-14032,4844,4156,-1003,171,-103,-14324,-3352,6440,-545,166,-88,0
166.95162296295166,9212,5168,11280,-119,-99,139,8268,-10080,9160,-37,105,-196,-14336,4960,4276,-773,117,-76,-14376,-3120,6540,-509,184,-91,0
166.98480892181396,9292,5316,11424,-142,-126,108,8268,-10092,9124,-4,121,-191,-14216,4996,4144,-1004,113,-63,-14344,-3416,6552,-484,141,-90,0
167.01857900619507,9332,5236,11532,-160,-42,77,8356,-10144,9360,-26,133,-157,-14236,4908,4236,-990,108,-96,-14372,-3496,6420,-479,140,-119,0
167.05210614204407,9372,5384,11524,-147,-79,82,8440,-10056,9028,-25,158,-158,-14196,4892,4048,-1000,63,-127,-14336,-3452,6548,-490,156,-145,0
167.0854001045227,9328,5328,11560,-160,-105,68,8288,-10068,9204,-47,159,-189,-14072,4856,4092,-986,92,-106,-14308,-3364,6412,-505,144,-110,0
167.11892008781433,9432,5216,11668,-159,-111,108,8252,-9992,9088,-53,176,-190,-14024,4880,4144,-932,127,-78,-14344,-3472,6464,-426,154,-80,0
167.15502309799194,9220,5232,11320,-216,-123,84,8280,-10108,9132,-88,141,-218,-14420,4984,4180,-938,126,-134,-14396,-3372,6592,-447,167,-112,0
167.1904001235962,9332,5256,11428,-176,-110,96,8280,-10188,9240,-35,164,-207,-14108,4932,4084,-958,99,-103,-14508,-3364,6380,-526,175,-155,0
167.22586107254028,8988,5228,11376,-143,-120,81,8260,-10180,9148,-246,139,-217,-14140,4976,4232,-1010,90,-188,-14280,-3256,6628,-499,198,-132,0
167.26136898994446,9168,5288,11444,-144,-119,78,8272,-10084,9004,38,124,-206,-14196,4912,4132,-1028,98,-136,-14308,-3428,6468,-258,204,-149,0
167.29754400253296,9448,5324,11560,-136,-141,61,8180,-10028,9336,-118,239,-126,-14228,5268,4212,-1278,109,-94,-14540,-3572,6628,-570,184,-169,0
167.33256196975708,9268,5356,11580,-91,-165,103,8340,-9736,9168,16,135,-178,-14164,4932,3940,-1017,61,-141,-14504,-3412,6400,-534,167,-151,0
167.36764001846313,9224,5352,11340,-140,-109,118,8392,-9940,9004,-22,100,-188,-14256,4880,4124,-966,137,-108,-14420,-3572,6436,-484,141,-117,0
167.40376901626587,9200,5400,11464,-175,-103,114,8296,-9944,9224,-31,143,-157,-14068,4792,4048,-969,119,-88,-14380,-3380,6308,-471,110,-23,0
167.43912506103516,9304,5328,11420,-192,-82,129,8260,-10052,9204,-49,109,-183,-14228,4968,4164,-966,170,-50,-14348,-3284,6652,-498,113,-62,0
167.4742410182953,9460,5128,11552,-206,-83,104,8300,-10116,9000,-36,67,-187,-14360,4924,4104,-1002,108,-102,-14340,-3092,6492,-507,184,-143,0
167.51032400131226,9384,5100,11376,-132,-140,76,8428,-10176,9000,-256,122,-192,-14136,4920,3948,-994,55,-126,-14392,-3348,6448,-525,172,-158,0
167.54531002044678,9336,5124,11432,-109,-137,255,8400,-10072,9300,24,214,-226,-14476,4940,4316,-1012,-22,-169,-14252,-3384,6548,-538,222,-210,0
167.58084106445312,9324,5196,11456,-95,-71,17,8284,-10080,9068,46,195,-239,-14312,4924,4024,-1266,5,-223,-14440,-3332,6568,-521,227,-220,0
167.61615014076233,9348,5312,11436,-86,-137,26,8296,-10000,8988,10,221,-232,-14112,4876,4160,-989,32,-145,-14424,-3456,6676,-472,196,-190,0
167.65181612968445,9324,5228,11280,-135,-81,26,8372,-10100,9080,-33,187,-218,-14136,4872,4020,-959,21,-128,-14468,-3336,6624,-526,126,-189,0
167.68769192695618,9444,5304,11476,-159,-114,14,8352,-9996,9032,-29,216,-190,-14240,4916,4160,-910,18,-163,-14352,-3572,6496,-433,158,-178,0
167.72281312942505,9300,5204,11304,-157,-89,39,8344,-9988,9132,-27,165,-223,-14204,5052,4048,-987,68,-121,-14380,-3212,6604,-544,213,-175,0
167.75873398780823,9300,5356,11560,-123,-123,105,8288,-9976,9396,4,127,-192,-13908,4840,4024,-1025,69,-163,-14404,-3416,6548,-533,222,-130,0
167.79438495635986,9304,5544,11340,-115,-158,83,8188,-10052,9304,7,124,-201,-14172,5108,4524,-1058,94,-143,-14364,-3376,6332,-527,197,-138,0
167.83026814460754,9324,5148,11700,-102,-57,95,8312,-9832,9104,22,147,-161,-14172,4836,4264,-1030,77,-140,-14344,-3572,6444,-539,136,-136,0
167.86387610435486,9276,5500,11456,-108,-51,93,8336,-9928,9236,-26,123,-151,-14192,4868,4208,-1014,143,-101,-14420,-3488,6464,-510,150,-101,0
167.89742803573608,9300,5592,11268,-156,-44,130,8240,-9972,9148,-33,77,-149,-14280,4688,4248,-974,147,-8,-14384,-3540,6180,-483,123,-70,0
167.93085598945618,9200,5396,11516,-201,-36,151,8248,-9732,9096,-95,80,-145,-14128,4884,4156,-954,131,-18,-14376,-3364,6640,-438,93,-88,0
167.96420001983643,9252,5240,11460,-210,-14,136,8284,-10108,9244,-59,94,-153,-14196,4976,4080,-974,114,-65,-14216,-3332,6468,-383,157,-61,0
167.99760007858276,9288,5280,11588,-210,-40,113,8336,-10128,9068,-15,118,-154,-14136,4964,4092,-953,94,-127,-14376,-3428,6528,-370,251,-80,0
168.0310559272766,9364,5156,11704,-194,-45,83,8308,-10180,8996,-4,114,-198,-14336,4976,4148,-978,60,-113,-14144,-3344,6528,-490,235,-126,0
168.06456303596497,9388,5204,11604,-130,-55,78,8364,-10144,9112,-9,147,-188,-14136,4952,4044,-1005,101,-120,-14448,-3336,6520,-497,209,-138,0
168.0979540348053,9032,5304,11616,-117,-120,73,8280,-9988,8992,-252,118,-200,-14104,4944,4120,-997,96,-135,-14448,-3420,6572,-532,174,-131,0
168.13140606880188,9308,5272,11400,-68,-121,53,8360,-10100,9064,-15,187,-218,-14188,5000,4052,-1028,22,-143,-14500,-3352,6436,-548,153,-163,0
168.17004299163818,9328,5248,11300,-78,-149,46,8292,-10092,9244,6,211,-168,-14084,4976,4132,-1014,33,-114,-14304,-3336,6180,-508,159,-182,0
168.2206289768219,9348,5356,11296,-136,-124,41,8268,-9760,9052,-34,370,-139,-13976,5016,4000,-1070,82,-110,-14264,-3360,6448,-257,146,-153,0
168.26247596740723,9196,5408,11312,-135,-83,47,8264,-10120,9456,-68,187,-220,-14160,4948,4252,-997,80,-105,-14368,-3500,6488,-578,135,-125,0
168.29575896263123,9204,5244,11624,-102,-92,66,8304,-10052,9268,-35,120,-185,-14108,4876,4276,-1020,85,-129,-14284,-3712,6500,-585,179,-166,0
168.32932209968567,9236,5396,11504,-98,-160,84,8332,-9960,9172,-5,136,-217,-14232,4940,4088,-1038,142,-147,-14364,-3528,6424,-546,151,-101,0
168.36296892166138,9276,5340,11452,-108,-139,92,8356,-9996,9092,-28,171,-196,-14152,4860,4312,-908,126,-140,-14436,-3380,6512,-535,196,-98,0
168.39641308784485,9320,5372,11488,-168,-150,102,8380,-10004,9468,-20,120,-196,-14240,4980,4232,-1014,163,-118,-14420,-3428,6600,-558,164,-113,0
168.42967009544373,9304,5244,11472,-101,-148,114,8292,-10080,9288,-33,96,-198,-14536,4872,4308,-1043,110,-88,-14444,-3384,6600,-531,159,-92,0
168.4633550643921,9324,5300,11548,-130,-142,104,8408,-10060,8968,-25,160,-154,-14140,4976,4300,-985,98,-59,-14236,-3476,6536,-259,164,-92,0
168.49685192108154,9284,5336,11412,-196,-139,115,8268,-10100,9172,-13,181,-195,-14248,4904,4300,-922,135,-121,-14304,-3488,6504,-492,168,-62,0
168.53030705451965,9224,5264,11604,-201,-189,131,8264,-10168,9196,-50,151,-225,-14172,4916,4200,-943,188,-170,-14436,-3368,6496,-488,242,-58,0
168.56398797035217,9252,5292,11484,-207,-220,162,7964,-10184,9128,-8,174,-236,-14096,4976,4012,-955,183,-179,-14236,-3448,6412,-491,271,-70,0
168.59756708145142,9264,5364,11300,-151,-282,167,8256,-9976,9132,5,142,-273,-14196,4884,4060,-994,198,-183,-14332,-3516,6428,-768,279,-55,0
168.6309061050415,9304,5500,11764,-202,-281,135,8352,-10032,9172,20,147,-258,-14216,4912,4224,-1001,177,-148,-14456,-3312,6496,-499,259,-61,0
168.6643750667572,9308,5312,11356,-182,-211,128,8340,-10080,9212,5,149,-238,-14108,5076,4188,-984,120,-175,-14352,-3456,6472,-498,220,-91,0
168.69775199890137,9328,5304,11632,-202,-225,101,8360,-9988,9292,30,186,-229,-14208,4828,4272,-983,153,-170,-14400,-3528,6592,-512,0,-117,0
168.73137593269348,9376,5364,11312,-211,-215,116,8328,-10224,9028,16,179,-248,-14092,4844,4156,-978,139,-185,-14252,-3560,6492,-529,239,-122,0
168.76489305496216,9412,5304,11512,-196,-216,125,8332,-9956,9236,-7,179,-234,-14280,5000,4096,-968,149,-179,-14556,-3404,6468,-537,211,-102,0
168.79816102981567,9328,5380,11536,-156,-224,124,8340,-9960,9240,-8,148,-240,-14180,4832,4060,-960,167,-139,-14516,-3444,6496,-499,190,-87,0
168.83437204360962,9376,5288,11292,-160,-127,126,8308,-9968,9160,-6,122,-190,-14300,5084,3988,-973,143,-122,-14524,-3368,6216,-511,171,-105,0
168.8707411289215,9644,5348,11300,-149,-103,109,8324,-10000,9292,-37,117,-176,-14116,4852,4284,-1002,99,-82,-14360,-3420,6316,-513,138,-122,0
168.90594005584717,9408,5612,11348,-107,-41,81,8388,-9984,9096,-9,119,-126,-14320,4752,4164,-1020,78,-48,-14444,-3584,6544,-498,127,-134,0
168.94176697731018,9340,5284,11692,-97,-6,83,8276,-9736,9016,-32,131,-120,-14224,4900,4108,-987,81,-61,-14388,-3560,6476,-491,99,-149,0
168.97769212722778,9436,5404,11448,-112,34,85,8284,-9936,9328,-69,106,-124,-14180,4988,3988,-981,91,235,-14440,-3452,6436,-497,108,-138,0
169.01277899742126,9264,5348,11356,-130,-12,103,8396,-10136,9088,-71,127,-111,-14236,4900,4232,-960,105,-42,-14416,-3468,6600,-504,80,-148,0
169.04780292510986,9340,5296,11488,-119,-4,94,8324,-10172,9348,-48,120,-113,-14208,4888,4136,-987,56,-82,-14528,-3400,6452,-765,87,-162,0
169.0839250087738,9252,5276,11456,-108,-16,67,8252,-10128,9328,-48,116,-118,-14164,4672,4296,-1010,63,-72,-14380,-3384,6456,-514,124,-165,0
169.119854927063,9372,5300,11576,-75,-28,42,8316,-10052,9152,-52,119,-146,-14276,4928,3920,-938,61,-32,-14548,-3440,6448,-463,69,-132,0
169.1556100845337,9400,5348,11368,-179,36,33,8380,-10040,9072,-89,170,-143,-14176,4644,4100,-911,55,-9,-14568,-3352,6564,-451,79,-148,0
169.19144105911255,9344,5352,11428,-156,-27,24,8300,-10120,9280,-104,142,-162,-14124,4988,4244,-909,65,-103,-14404,-3504,6464,-485,86,-183,0
169.2275369167328,9144,5448,11560,-116,-62,29,8300,-10096,8980,-99,98,-201,-14312,4836,4136,-930,38,-93,-14436,-3512,6536,-438,95,-143,0
169.26281905174255,9344,5408,11748,-167,-98,255,8340,-9904,9112,-174,162,-198,-14244,4852,4300,-860,32,-82,-14368,-3380,6428,-449,75,-146,0
169.29891705513,9240,5236,11364,-192,-99,31,8304,-10072,9124,-117,112,-206,-14336,4876,4332,-903,113,-86,-14292,-3380,6300,-427,133,-112,0
169.33390712738037,9224,5260,11412,-149,-134,81,8236,-9984,9204,-149,23,-2,-14216,4968,4320,-808,274,81,-14632,-3596,6592,-584,-14,-109,0
169.36948895454407,9128,5456,11700,-164,-185,82,8572,-10080,9572,-270,894,-41,-13884,5056,3696,-1317,192,-102,-14204,-3496,6176,-323,190,-20,0
169.40505599975586,9344,5336,11248,-287,-75,105,8264,-9960,9160,-180,-44,-217,-14188,4964,4180,-804,259,66,-14316,-3460,6616,-524,62,-37,0
169.44030904769897,9240,5320,11440,-210,-90,146,8444,-10044,9132,-163,-31,-171,-13828,5116,3988,-923,336,-42,-14300,-3376,6480,-367,146,71,0
169.47556805610657,9412,5376,11492,-275,-94,187,8380,-9988,9128,-164,-46,-189,-14148,5036,3864,-810,412,2,-14256,-3148,6448,-450,68,45,0
169.51152992248535,9276,5184,11516,-237,-102,198,8364,-10076,8800,-187,-6,-171,-14152,5024,4200,-831,317,-25,-14332,-3104,6648,-390,137,63,0
169.54502701759338,9180,5308,11348,-245,-98,159,8216,-10136,8988,-144,17,-194,-14268,4892,4228,-884,259,-41,-14344,-3456,6708,-359,114,-8,0
169.57854795455933,9172,5344,11272,-272,-106,65,8244,-10104,9120,-185,97,-2,-14296,5000,4196,-715,182,-73,-14328,-3536,6500,-356,170,-82,0
169.61208701133728,9192,5340,11564,-4,-168,-19,8336,-10024,9256,-186,250,-267,-14288,5100,4120,-701,82,-134,-14364,-3440,6532,-367,147,-151,0
169.64540100097656,9232,5376,11364,-279,-150,-60,8340,-10160,9252,-203,262,-306,-14320,4972,4212,-719,58,-155,-14456,-3412,6588,-338,179,-153,0
169.6786699295044,9220,5304,11404,-265,-183,-35,8324,-10176,9120,-210,272,-302,-14296,5232,4064,-770,142,-78,-14292,-3540,6560,-400,174,-99,0
169.71200895309448,9240,5268,11500,-199,-152,9,8228,-10180,9016,-174,235,-239,-14168,5192,4168,-781,128,-14,-14388,-3120,6692,-436,78,-82,0
169.74550914764404,9452,5160,11584,-205,-73,62,8428,-10480,9020,-189,197,-119,-14144,5308,3864,-812,192,87,-14360,-3152,6656,-524,8,-31,0
169.77919507026672,9324,5152,11644,-226,21,203,8216,-10236,9012,-190,144,34,-14088,5172,4016,-911,153,120,-14472,-3244,6676,-599,-9,67,0
169.81262397766113,9344,5136,11648,-156,77,273,8404,-10192,9044,-228,95,45,-14092,5008,3776,-851,215,150,-14372,-3424,6548,-604,-120,254,0
169.8461639881134,9380,5204,11688,-225,90,137,8604,-10136,9008,-204,210,-34,-14340,5024,3996,-774,219,160,-14380,-3468,6556,-526,-133,-82,0
169.87963795661926,9408,5292,11572,-270,141,86,8220,-10108,9160,-143,261,-5,-14196,5216,4064,-785,143,185,-14488,-3436,6492,-477,-81,-13,0
169.9131360054016,9396,5860,11272,-418,192,167,8108,-10120,9452,-253,93,27,-14048,4816,4256,-771,195,247,-14552,-3356,6592,-463,-53,129,0
169.94642615318298,9072,5460,11748,-396,-23,206,7976,-10140,9380,-397,-12,-96,-14028,4952,4156,-780,247,69,-13768,-3484,6564,-395,87,111,0
169.9801061153412,8856,5088,11752,-166,-282,197,8088,-10364,8936,-306,-80,-325,-13856,5252,4056,-908,427,-182,-14020,-2984,6588,-609,338,186,0
170.01364994049072,9272,5044,11588,-16,-501,364,8408,-10444,8904,-125,-117,-342,-14264,5300,3652,-916,603,-205,-14564,-2724,6468,-793,390,284,0
170.0475070476532,9936,4992,11428,-23,-408,546,8760,-10272,8884,33,-195,-172,-14340,5196,3456,-802,595,20,-14960,-2964,6612,-667,134,290,0
170.0809030532837,9760,5072,11388,-170,-97,528,9200,-10440,8704,250,373,50,-14520,4900,3644,-871,457,262,-14576,-3204,6776,-527,-132,158,0
170.11449813842773,9548,5012,11712,-315,147,370,8632,-10216,8748,-56,591,77,-14408,5068,3500,-940,382,201,-14220,-3164,6376,-490,-121,55,0
170.148029088974,9328,5340,11480,-451,-14,241,8568,-10076,8828,-159,419,80,-13968,5180,3664,-1242,216,90,-14056,-3200,6388,-373,64,-28,0
170.18131613731384,9216,5024,11324,-408,-87,141,8252,-10188,8892,-33,713,-6,-14008,5132,4048,-1103,-4,23,-14036,-3164,6388,-401,143,-89,0
170.21482396125793,9280,5052,11356,-310,-85,145,8524,-10336,8968,53,358,-120,-13904,5128,4008,-1113,158,-91,-14120,-3284,6616,-542,146,-83,0
170.24845600128174,8948,4972,11312,-104,-255,134,7740,-10424,9208,123,412,-71,-13924,5328,3824,-1472,331,-202,-14136,-3312,6760,-485,259,-12,0
170.28183007240295,9232,5208,11620,-91,-213,75,8324,-10376,9280,127,-157,-276,-14248,4896,4040,-838,389,-202,-14648,-3628,6988,-3,74,-118,0
170.31562304496765,9440,5400,11748,-246,-10,-64,8352,-10248,8984,-413,281,-276,-14396,5364,4000,-587,155,-93,-14836,-3480,6564,-164,-249,-317,0
170.34924292564392,9324,5204,11744,-378,-44,-268,8508,-10204,9100,-272,993,-350,-14352,4888,4136,-604,-241,-118,-13944,-3380,6600,-203,175,-257,0
170.38281512260437,9004,5148,11280,-287,-209,-368,7932,-10024,9136,-129,836,-363,-13800,5104,3972,-677,-385,-205,-13888,-3152,6612,-384,278,-431,0
170.41650104522705,9172,5368,11324,-155,-112,-227,7712,-10000,9140,-104,439,-317,-13720,5476,3716,-929,-61,-168,-14204,-3060,6828,-399,166,-147,0
170.44980001449585,9148,5108,11448,-109,-62,37,7876,-10296,9312,-26,-254,-149,-14400,5556,3828,-986,147,-62,-14480,-2964,6696,-568,88,-74,0
170.48331594467163,9504,4880,11720,-238,52,198,8272,-10568,8988,111,-246,-117,-14408,5420,3468,-1102,509,-26,-14536,-2784,6872,-754,39,26,0
170.5201370716095,9528,4896,11592,107,43,412,8248,-10420,8920,-35,-409,42,-14244,5624,3488,-1142,334,144,-14464,-2820,6764,-849,29,174,0
170.5554120540619,9452,4940,11976,87,-253,526,8312,-10744,8716,-26,-444,75,-14360,5412,3604,-1303,346,-27,-14428,-2952,6680,-806,115,151,0
170.5908989906311,9336,4908,11576,20,-23,493,8476,-10392,8892,42,-501,21,-14308,5296,3736,-1315,274,-13,-14324,-3232,6796,-702,110,7,0
170.63072514533997,9136,5088,11460,-54,-41,292,8216,-10244,9028,25,-11,-7,-14136,5196,3992,-1256,-9,-42,-14276,-3276,6792,-683,156,-180,0
170.66605496406555,9220,5128,11460,-5,-16,170,8224,-10224,9120,76,117,39,-14168,5356,4000,-1295,-116,-81,-14176,-3136,6408,-699,97,-275,0
170.70195412635803,9120,5368,11520,91,82,33,8212,-10200,9040,164,83,-43,-14184,5056,4064,-1308,-185,-202,-14084,-3512,6640,-628,120,-358,0
170.73780608177185,9076,5220,11524,60,-8,-26,8172,-10196,9232,160,81,-133,-14212,5248,3976,-1072,-245,-174,-14556,-3504,6696,-624,146,-335,0
170.77350902557373,9364,5308,11588,34,82,-47,8208,-10240,9312,-105,107,-182,-14372,4920,4052,-957,-117,-71,-14488,-3096,6596,-550,71,-512,0
170.80942797660828,9100,5192,11536,6,-54,-10,8368,-10172,9084,-50,157,-218,-14156,5044,3796,-935,32,-175,-14164,-3192,6896,-480,112,-510,0
170.84487295150757,9468,5212,11508,-31,-116,-67,8276,-10184,9072,44,126,-314,-14068,5000,4008,-958,-10,-212,-14016,-3344,6464,-414,190,-349,0
170.88023495674133,9104,5088,11220,-75,-236,-161,8312,-10236,8916,133,218,-360,-14060,5152,4108,-1077,-151,-265,-14152,-3232,6760,-411,319,-394,0
170.91572093963623,9176,5324,11556,-36,-151,-201,8168,-10492,9164,140,177,-314,-14260,5192,3888,-946,-213,-301,-14464,-3512,6948,-437,124,-407,0
170.95171904563904,9092,5416,11636,51,-142,-210,8432,-10296,9264,21,240,-358,-14124,5048,4168,-854,-97,-373,-14268,-3376,6712,-377,198,-413,0
170.98716592788696,9252,5268,11400,10,-250,-5,8304,-10232,9152,48,270,-458,-14140,4916,4040,-938,-180,-427,-14280,-3372,6692,-387,351,-391,0
171.02238392829895,9152,5376,11508,-39,-354,-149,8136,-10112,9120,20,13,-430,-14108,5144,3936,-898,-75,-325,-14412,-3252,6616,-484,352,-290,0
171.05779004096985,9336,5440,11672,-45,-273,-62,8228,-10104,8984,-85,210,-349,-14092,5208,3996,-876,75,-133,-14392,-3240,6692,-765,255,-155,0
171.0938799381256,9372,5276,11516,-118,-202,99,8220,-10288,9032,-64,146,-248,-14140,5352,4064,-1021,190,-145,-14444,-3180,6488,-470,185,-79,0
171.12939405441284,9452,4944,11456,-114,-41,187,8216,-10452,8892,12,34,-124,-14068,5208,3972,-1109,203,-58,-14128,-3168,6868,-566,79,-36,0
171.16656708717346,9272,5148,11608,-142,-8,249,8132,-10316,9020,31,-43,21,-13904,5476,3920,-1275,34,52,-14220,-3040,6876,-786,148,20,0
171.19978308677673,9316,5012,11388,41,7,414,7956,-10288,8972,39,-116,116,-13988,5200,3800,-1350,194,14,-14252,-2868,6744,-935,66,50,0
171.23331308364868,9264,5088,11392,169,57,431,8440,-10292,8908,139,-369,10,-14184,5188,3928,-1399,326,-145,-14332,-3348,6716,-583,74,-80,0
171.26715993881226,9180,5060,11736,147,95,300,8524,-10452,9036,341,115,77,-14444,5432,4228,-1459,-189,-91,-14580,-3468,6848,-854,232,-360,0
171.30079007148743,9408,5208,11592,98,138,168,8236,-10280,9036,216,760,155,-14412,4912,4100,-1319,-341,-68,-14484,-3792,6740,-863,118,-415,0
171.3340549468994,9044,5520,11572,70,110,-36,8268,-10240,9288,215,355,-95,-14080,4760,4196,-1126,-190,-238,-14096,-3688,6852,-696,195,-375,0
171.36761212348938,9064,5452,11364,167,-136,-62,8180,-10180,9296,167,170,-512,-13804,4936,4040,-1372,-64,-365,-13904,-3336,6196,-595,438,-260,0
171.40119004249573,8972,5432,11340,124,-249,102,7924,-9836,9012,114,123,-304,-13676,4924,3888,-1136,96,-280,-14168,-3532,6460,-524,387,-110,0
171.43449211120605,9124,5544,11312,-108,-230,157,8132,-10004,8996,65,226,-291,-13900,4928,4200,-974,184,-293,-14252,-3600,6424,-519,407,-49,0
171.46810007095337,9016,5484,11520,-264,-387,119,8152,-10104,9164,26,39,-469,-14044,4676,4096,-933,333,-465,-14308,-3700,6600,-257,542,-20,0
171.50185799598694,9132,5544,11472,-322,-495,19,8392,-10120,9388,74,-253,-650,-14208,4992,4172,-931,300,-454,-14372,-3780,6436,-127,571,-18,0
171.53532814979556,9360,5512,11576,-295,-490,249,8360,-10112,9348,-7,81,-566,-14128,5024,4296,-861,74,-365,-14836,-3472,6440,-404,563,-55,0
171.5689079761505,9472,5460,11300,-316,-442,100,8340,-10028,9296,-53,147,-330,-14276,5172,4124,-898,-20,-175,-14392,-3384,6612,-544,289,-71,0
171.60238003730774,9340,5340,11512,-177,-311,128,8244,-10092,9144,140,68,-325,-14264,4816,4128,-998,155,-146,-14332,-3344,6604,-542,254,-35,0
171.6360080242157,9272,5352,11408,-76,-5,200,8388,-10276,9028,117,191,-275,-14320,5192,3848,-1111,404,-159,-14540,-3128,6528,-510,186,111,0
171.6696219444275,9556,5204,11520,-63,-160,343,8340,-10184,8860,-43,-123,-147,-14228,5204,3840,-1019,472,-57,-14468,-3044,6524,-619,155,217,0
171.703125,9720,4988,11296,-196,-162,493,8296,-10160,8736,-17,-85,-16,-14256,5032,3780,-1191,423,-23,-14152,-3220,6528,-575,210,172,0
171.73678302764893,9324,5084,11552,-229,-289,365,8412,-10072,8984,59,-100,-203,-14300,4828,4020,-1110,343,-7,-14244,-3392,6672,-488,361,21,0
171.77025508880615,9360,5240,11760,-221,-402,224,8420,-10024,9416,86,91,-298,-14092,5020,3912,-1112,224,-225,-14480,-3484,6480,-462,354,-73,0
171.80390691757202,9556,5292,11472,-236,-305,126,8336,-10116,9224,34,235,-270,-14592,4984,4136,-1052,43,-160,-14480,-3440,6444,-529,503,-124,0
171.8374719619751,9300,5404,11492,-233,-246,66,8332,-10072,9236,20,315,-230,-14336,4924,3952,-999,18,-179,-14420,-3352,6560,-493,220,-152,0
171.87107992172244,9312,5308,11528,-203,-184,50,8252,-10128,9236,37,332,-229,-14184,4840,4184,-1077,36,-201,-14256,-3416,6584,-433,202,-146,0
171.9045569896698,9412,5300,11456,-166,-220,9,8304,-10056,9272,73,269,-254,-14116,4964,4328,-1106,27,-177,-14324,-3256,6496,-505,221,-154,0
171.93776297569275,9608,5276,11392,-138,-214,101,8148,-10092,9288,123,52,-194,-14288,4872,4044,-928,78,-154,-14440,-3404,6540,-556,189,-71,0
171.9712929725647,9380,5348,11476,-48,-153,184,8280,-10076,9132,21,86,-180,-14012,4796,3892,-1130,2,-104,-14316,-3444,6428,-544,217,-18,0
172.0049970149994,9716,5212,11364,-83,-200,228,8384,-10132,8944,-6,44,-228,-14228,4708,4088,-1081,199,-154,-14496,-3312,6480,-559,249,-20,0
172.03852796554565,9316,5192,11072,-14,-30,206,8276,-9896,9156,0,11,-106,-14420,4804,3900,-1173,188,-17,-14480,-3396,6280,-574,81,-84,0
172.07186603546143,9704,5344,11116,-47,138,154,8476,-9836,9096,36,142,3,-14108,4672,4080,-1090,52,39,-14376,-3396,6284,-574,-29,-176,0
172.10552310943604,9236,5164,11256,-123,213,101,8360,-9944,9088,-20,184,-12,-14260,4708,3948,-1018,13,79,-14356,-3488,6420,-472,-42,-143,0
172.13920903205872,9428,5424,11496,-129,173,85,8420,-10184,9276,-96,187,-57,-14132,4700,4068,-1241,98,34,-14464,-3412,6612,-453,76,-117,0
172.17273592948914,9500,5420,11496,-181,14,97,8420,-10056,9408,-131,161,-152,-14208,4736,4092,-938,73,11,-14444,-3484,6308,-440,163,-101,0
172.20954012870789,9440,5568,11476,-171,-88,99,8248,-10060,9308,-147,83,-214,-14296,4984,4028,-940,83,-45,-14268,-3548,6296,-407,209,-68,0
172.24525904655457,9248,5260,11228,-144,-164,115,8328,-9996,9080,-97,73,-226,-14172,4996,4080,-958,41,-143,-14128,-3492,6876,-431,214,-105,0
172.28087711334229,9288,5288,11472,-155,-128,54,8272,-10088,9132,-36,113,-243,-14100,4932,4088,-923,82,-111,-14120,-3384,6896,-447,199,-160,0
172.31723308563232,9328,5300,11592,-118,-94,38,8328,-10140,9144,-34,99,-234,-14248,5164,3948,-1022,100,-90,-14452,-3356,6596,-518,240,-160,0
172.35229802131653,9704,5164,11768,-95,-33,74,8320,-9996,9384,9,107,-152,-14140,5340,3920,-1103,36,-98,-14276,-3424,6724,-560,165,-162,0
172.38779211044312,9224,5264,11748,-62,-251,67,8256,-10228,9156,248,39,-154,-14232,5008,3880,-1040,93,-114,-14448,-3472,6800,-578,223,-147,0
172.42275595664978,9356,5252,11520,-85,-78,77,8312,-10112,9084,54,-237,-472,-14084,4976,3864,-1010,108,-133,-14088,-3460,6600,-528,217,-194,0
172.45766401290894,9276,5280,11464,-85,-177,41,8256,-10076,9224,4,134,-343,-14064,4932,4168,-1021,115,-222,-14268,-3388,6388,-488,0,-155,0
172.49343514442444,9508,5376,11284,-78,-175,47,8392,-10096,9064,-25,138,-310,-14236,4844,4196,-948,88,-207,-14128,-3484,6420,-441,279,-175,0
172.52914094924927,9412,5332,11108,-183,-191,27,7920,-9908,9064,-37,244,-275,-14388,4788,4268,-949,32,-151,-14400,-3504,6540,-386,231,-119,0
172.56438302993774,9448,5312,11344,-110,-132,17,8680,-10088,9448,-114,266,-244,-14336,4848,4080,-1259,37,-161,-14356,-3544,6604,-428,209,-186,0
172.6000530719757,9536,5296,11500,-142,-104,7,8512,-10140,9276,-82,234,-253,-14112,4748,4052,-1070,96,-109,-14396,-3316,6492,-462,170,-163,0
172.6351079940796,9688,5368,11408,-123,-98,52,8332,-9756,9324,-72,116,-186,-14196,4904,4028,-981,90,-100,-14380,-3460,6400,-507,154,-150,0
172.67072010040283,9348,5300,11272,-143,-90,60,8348,-10084,9204,-43,13,-174,-14100,5100,4036,-968,39,-75,-14436,-3328,6468,-472,174,-113,0
172.70556497573853,9448,5392,11488,-205,-60,82,8608,-10036,8912,-51,-75,-165,-14140,4904,3804,-995,86,-76,-14432,-3248,6364,-261,152,-60,0
172.7412600517273,9484,5340,11372,-181,-33,167,8320,-10228,9208,-38,52,-95,-14292,4960,4268,-993,88,11,-14356,-3196,6820,-533,79,-54,0
172.7761969566345,9332,5216,11468,-82,33,186,8336,-10164,9136,14,-54,-119,-14208,4816,4060,-969,143,-26,-14368,-3480,6564,-488,76,-59,0
172.81187105178833,9344,5356,11572,-106,-59,122,8384,-10128,9092,-44,-76,-178,-14268,4624,4328,-947,125,-120,-14308,-3308,6392,-502,194,-113,0
172.84931993484497,9388,5304,11396,-106,-109,68,8356,-10200,9172,-31,83,-202,-14104,4904,4228,-980,73,-150,-14260,-3268,6468,-455,230,-118,0
172.8828809261322,9292,5304,11316,-137,-126,64,8256,-10028,9176,13,172,-272,-14256,4784,4192,-1037,88,-166,-14324,-3376,6412,-488,303,-186,0
172.91655206680298,9240,5340,11356,-37,-175,40,8236,-10064,9176,12,175,-300,-14176,4840,4140,-1012,72,-235,-14400,-3436,6320,-506,379,-189,0
172.9499740600586,9388,5132,11508,-77,-205,-14,8392,-10196,9252,73,226,-294,-14564,4936,3988,-964,44,-511,-14460,-3340,6484,-487,328,-188,0
172.98344206809998,9388,5276,11448,-81,-198,19,8280,-10088,9252,36,255,-263,-14196,4820,3940,-969,18,-228,-14480,-3420,6552,-258,291,-149,0
173.01682710647583,9456,5228,11340,-110,-188,32,8496,-9988,8996,13,149,-269,-14212,4740,4108,-986,130,-197,-14128,-3400,6408,-491,284,-143,0
173.0505211353302,9696,5288,11356,-133,-183,75,8332,-10028,9188,23,183,-260,-14292,5040,4156,-942,83,-158,-14420,-3336,6376,-518,268,-126,0
173.08398914337158,9360,5624,11348,-122,-150,90,8416,-10076,9140,-12,165,-212,-14232,4876,4216,-951,98,-100,-14580,-3408,6564,-266,182,-110,0
173.11770296096802,9392,5172,11428,-168,-93,81,8604,-10048,9200,-48,9,-194,-14388,4928,4084,-992,84,-103,-14444,-3464,6504,-529,184,-133,0
173.15131902694702,9456,5424,11336,-100,-58,59,8432,-10044,9236,-25,143,-194,-14196,4964,4092,-972,117,-95,-14500,-3320,6416,-496,175,-84,0
173.1845350265503,9336,5604,11320,-124,-89,84,8420,-10004,9140,-8,147,-205,-14064,4880,3972,-964,90,-113,-14348,-3364,6388,-485,166,-139,0
173.2180950641632,9348,5372,11284,-133,-94,89,8440,-10040,9200,-30,183,-205,-14200,4868,3868,-1111,135,-136,-14480,-3352,6336,-509,170,-111,0
173.25192499160767,9436,5124,11048,-118,-106,80,8240,-10084,9328,-29,151,-205,-14232,4996,3940,-978,88,-111,-14572,-3420,6300,-512,191,-94,0
173.285315990448,9652,5400,11392,-132,-150,125,8268,-9760,9148,-5,156,-161,-14204,4628,4020,-1000,101,-72,-14364,-3300,6484,-507,175,-70,0
173.3188121318817,9424,5408,11464,-116,-95,102,8404,-10012,9164,-36,158,-168,-14176,4844,3884,-1002,111,-82,-14516,-3468,6328,-467,163,-123,0
173.35229396820068,9456,5392,11744,-159,-101,76,8420,-10056,9212,-6,92,-174,-14156,4828,3992,-1024,124,-148,-14412,-3360,6476,-480,176,-144,0
173.38558411598206,9416,5288,11356,-130,-80,65,8308,-9904,9092,-19,134,-184,-14196,4656,4308,-1048,115,-139,-14468,-3332,6396,-475,171,-148,0
173.41936612129211,9436,5324,11336,-123,-118,95,8352,-10048,9148,-16,133,-188,-14164,5116,4024,-778,83,-158,-14468,-3424,6440,-467,188,-151,0
173.45285606384277,9360,5320,11492,-159,-108,75,8260,-10016,9132,-29,47,-189,-14188,4852,3992,-1011,144,-117,-14380,-3340,6328,-488,158,-144,0
173.48604011535645,9288,5416,11472,-150,-120,48,8344,-10188,9232,-10,93,-199,-14268,4828,4092,-988,64,-79,-14472,-3368,6376,-469,172,-143,0
173.5199909210205,9400,5424,11480,-144,-115,60,8288,-10064,8996,-4,27,-212,-14288,4672,4292,-884,47,-76,-14472,-3296,6152,-478,200,-158,0
173.55362796783447,9424,5356,11496,-180,-113,83,8332,-10120,9136,-1,128,-176,-14216,4776,4036,-1011,109,-103,-14316,-3380,6476,-543,200,-123,0
173.58734393119812,9284,5328,11408,-182,-146,126,8364,-9764,9288,-27,-33,-216,-14252,4856,3916,-1045,148,-149,-14428,-3460,6424,-768,236,-88,0
173.62089896202087,9376,5612,11356,-165,-191,116,8356,-10096,9268,22,48,-220,-14376,4828,4192,-1007,154,-151,-14556,-3272,6172,-500,245,-69,0
173.6544110774994,9368,5372,11428,-194,-205,129,8404,-10048,9184,17,122,-247,-14112,4644,4244,-972,130,-155,-14396,-3468,6308,-503,248,-40,0
173.68750500679013,9224,5392,11528,-222,-267,145,8332,-10108,8960,12,119,-220,-14184,4820,4168,-1058,169,-119,-14424,-3432,6416,-484,1,-55,0
173.7207930088043,9444,5128,11600,-162,-295,151,8412,-10076,9132,-33,69,-243,-14204,4904,3856,-1007,195,-164,-14488,-3480,6436,-534,234,-62,0
173.75427198410034,9216,5136,11360,-151,-280,138,8320,-9780,9124,-33,82,-5,-14236,4868,4228,-971,189,-155,-14276,-3420,6332,-260,242,-58,0
173.78777694702148,9456,5280,11340,-192,-247,118,8396,-10164,9212,-26,97,-4,-14168,5116,4324,-974,172,-186,-14364,-3328,6176,-488,218,-78,0
173.82126593589783,9492,5248,11320,-192,-229,117,8420,-10000,9112,-249,74,-253,-14232,5032,4108,-1037,181,-209,-14584,-3332,6412,-432,5,-55,0
173.85448813438416,9488,5308,11400,-243,-214,123,8456,-9908,9152,13,110,-260,-14228,5060,4212,-1002,147,-206,-14608,-3408,6220,-469,245,-58,0
173.89190697669983,9672,5308,11384,-227,-300,129,8452,-9808,9064,253,145,-268,-14328,4928,4212,-771,132,-118,-14516,-3288,6308,-502,255,-67,0
173.927875995636,9628,5312,11400,-242,-286,166,8416,-10020,9156,23,84,-243,-14204,4760,4124,-1027,172,-221,-14400,-3168,6416,-530,250,-46,0
173.9632270336151,9596,5272,11392,-168,-283,161,8700,-9740,9216,12,110,-245,-14156,4812,3868,-1002,160,-182,-14424,-3392,6316,-487,241,-61,0
173.9988751411438,9380,5316,11288,-192,-253,127,8436,-10076,9028,-12,105,-258,-14320,4772,4072,-998,152,-180,-14580,-3320,6400,-494,248,-62,0
174.03449511528015,9612,5244,11044,-200,-190,132,8468,-10072,9056,2,155,-218,-14456,4744,3960,-782,113,-213,-14532,-3236,6144,-264,179,-125,0
174.0699269771576,9468,5328,11196,-149,-227,131,8492,-10012,9184,60,184,-198,-14112,4776,3976,-1042,77,-126,-14580,-3264,6404,-492,188,-100,0
174.1050660610199,9588,5368,11108,-182,-203,109,8408,-9952,9148,22,157,-218,-14200,4752,4080,-1014,111,-165,-14480,-3496,6428,-508,213,-109,0
174.1407380104065,9548,5272,11408,-134,-1,105,8468,-9908,9068,-22,114,-252,-13940,4780,4188,-978,123,-160,-14368,-3352,6488,-525,237,-106,0
174.1753990650177,9724,5284,11312,-157,-228,106,8312,-9884,9092,-255,99,-245,-14120,4780,3892,-993,147,-151,-14392,-3392,6308,-527,208,-118,0
174.21076893806458,9724,5168,11220,-107,-104,95,8364,-9804,9068,-29,56,-209,-14036,4800,4012,-1013,139,-102,-14252,-3284,6256,-522,195,-140,0
174.24616193771362,9452,5296,11288,-112,-41,100,8428,-9904,9032,-19,34,-205,-14260,4764,4000,-1056,136,-98,-14652,-3104,6296,-476,214,-98,0
174.28191494941711,9628,5180,11324,-163,32,131,8452,-9988,9204,-39,71,-150,-14256,4736,3936,-1015,160,-79,-14488,-3236,6308,-531,157,-96,0
174.3182029724121,9704,5592,11172,-140,-255,153,8540,-10048,9008,-36,91,-143,-14452,4796,4156,-1021,142,-45,-14592,-3580,6252,-510,119,-63,0
174.35308599472046,9664,5416,11372,-118,-50,158,8560,-9912,9072,-75,100,-125,-14340,4516,4144,-1007,80,-39,-14592,-3456,6224,-529,156,-73,0
174.38874101638794,9612,5312,11308,-117,-73,124,8528,-9932,9064,-76,121,-136,-14480,4744,4068,-998,77,-32,-14352,-3348,6312,-520,129,-107,0
174.42409110069275,9500,5324,11256,-119,-79,90,8552,-10068,9104,-68,162,-168,-14496,4812,4028,-1017,83,-86,-14380,-3448,6296,-501,131,-111,0
174.45997405052185,9472,5304,11172,-103,-40,83,8684,-10176,9156,-67,158,-164,-14308,4804,4068,-977,80,-20,-14448,-3080,6348,-474,119,-122,0
174.49496793746948,9536,5204,11360,-127,-36,61,8336,-10036,9204,-80,172,-148,-14408,4844,4096,-963,58,-91,-14388,-3156,6144,-466,106,-135,0
174.5318419933319,9536,5192,11456,-100,-38,44,8392,-10072,9140,-45,153,-171,-14184,4824,4004,-999,72,-97,-14392,-3256,6348,-530,183,-124,0
174.56544613838196,9352,5196,11416,-137,-93,89,8372,-10004,9212,-13,99,-192,-14224,4764,3960,-1013,111,-132,-14476,-3264,6592,-564,196,-103,0
174.59892797470093,9508,5320,11364,-64,-105,120,8476,-9968,9076,-89,68,-174,-14260,4752,4096,-1008,133,-87,-14420,-3356,6276,-544,142,-107,0
174.6325240135193,9472,5304,11276,-130,-92,89,8284,-10212,9116,-53,88,-181,-14268,4700,4008,-1009,100,-101,-14444,-3248,6336,-507,177,-99,0
174.6660590171814,9528,5236,11304,-131,-51,111,8428,-9976,8988,-53,95,-179,-14192,4688,4148,-998,111,-134,-14360,-3316,6224,-518,181,-96,0
174.6995189189911,9588,5152,11052,-117,-82,120,8552,-10068,8988,-26,84,-171,-14212,4820,3940,-1030,117,-107,-14784,-3344,6232,-491,137,-131,0
174.73298811912537,9552,5332,11444,-121,-61,103,8692,-10216,9064,-40,148,-131,-14388,4796,4036,-966,100,-93,-14432,-3452,6384,-259,105,-165,0
174.76655197143555,9612,5628,11308,-126,-56,60,8592,-10208,9204,-83,161,-171,-14200,4856,4064,-991,61,-54,-14452,-3260,6396,-483,117,-161,0
174.79994297027588,9496,5152,11464,-110,-81,58,8512,-9944,9120,-9,145,-177,-14096,4764,4332,-1005,78,-62,-14472,-3328,6320,-492,156,-155,0
174.83360409736633,9220,5352,11028,-149,-80,101,8436,-10016,9140,-9,160,-195,-14184,4832,4024,-994,141,-115,-14304,-3456,6252,-506,180,-122,0
174.86743712425232,9400,5376,11252,-127,-135,77,8240,-10080,8976,-31,107,-219,-14192,4796,4116,-1280,104,-173,-14516,-3300,6316,-472,212,-105,0
174.90066695213318,9504,5272,11452,-196,-151,78,8480,-10036,9052,25,138,-210,-14256,4660,4312,-994,102,-140,-14496,-3428,6648,-505,172,-121,0
174.9339530467987,9564,5268,11652,-155,-131,100,8688,-10116,9148,14,168,-178,-14308,4956,4156,-992,127,-129,-14772,-3440,6424,-493,196,-110,0
174.9676251411438,9496,5316,11400,-192,-117,116,8436,-10020,9116,-28,152,-176,-14156,4792,4212,-1000,70,-103,-14412,-3356,6308,-519,165,-123,0
175.0010631084442,9496,5376,11628,-157,-167,115,8400,-9968,9184,-13,100,-145,-14508,4860,4260,-976,108,-90,-14468,-3424,6460,-526,148,-122,0
175.03488898277283,9584,5372,11300,-144,-110,103,8424,-9972,9276,-82,131,-178,-14240,4960,4292,-959,128,-64,-14384,-3440,6356,-518,126,-104,0
175.06848311424255,9488,5272,11184,-115,-104,89,8480,-10064,9004,-29,100,-175,-14316,4660,3984,-990,105,-101,-14352,-3248,6408,-486,112,-107,0
175.10192394256592,9564,5320,11504,-121,-61,80,8476,-9916,9068,251,171,-170,-14248,4784,4152,-897,70,-112,-14404,-3416,6320,-471,156,-111,0
175.13560795783997,9568,5340,11312,-144,-109,77,8244,-10008,9284,151,64,-297,-14276,4620,4088,-973,124,-160,-14536,-3320,6400,-486,191,-81,0
175.16915011405945,9500,5608,11508,-95,-105,79,8632,-10028,9364,-48,118,-182,-14296,4808,4084,-982,108,-98,-14400,-3236,6264,-537,174,-147,0
175.20239114761353,9572,5276,11300,-98,-137,68,8472,-10020,9140,-67,147,-188,-14292,4800,4132,-1008,62,-87,-14368,-3392,6308,-536,167,-150,0
175.23603701591492,9572,5416,11132,-119,-41,87,8460,-9868,9128,11,156,-132,-14308,4824,4076,-1022,55,-18,-14420,-3396,6324,-535,117,-128,0
175.26954102516174,9448,5388,11412,-115,-11,68,8388,-10140,9152,-53,107,-107,-14576,4996,3956,-987,84,-65,-14356,-3284,6348,-516,87,-146,0
175.30287194252014,9544,5300,11480,-163,1,60,8480,-9936,9072,-7,441,-239,-14400,4532,4216,-935,-20,-77,-14400,-3364,6336,-457,130,-157,0
175.33654308319092,9400,5388,11196,-156,26,57,8384,-9968,9152,-253,192,-146,-14296,4876,4176,-1010,57,-119,-14280,-3456,6352,-498,155,-113,0
175.3700840473175,9456,5244,11296,-118,-22,66,8440,-10220,9036,-16,122,-158,-14220,4708,3840,-772,82,-61,-14560,-3288,6484,-473,127,-182,0
175.40371799468994,9448,5396,11380,-126,-33,73,8508,-9976,9064,-60,119,-182,-14216,4884,4216,-987,75,-69,-14540,-3408,6268,-492,113,-118,0
175.43716406822205,9428,5268,11452,-128,-36,73,8476,-10028,9136,-76,142,-148,-14204,4764,4092,-964,85,-71,-14512,-3392,6392,-514,175,-129,0
175.47079706192017,9556,5380,11340,-122,-35,97,8544,-9952,9100,-124,124,-126,-14088,5088,3964,-1004,108,-119,-14520,-3384,6360,-540,143,-99,0
175.5042450428009,9216,5312,11408,-101,-42,97,8696,-10044,8748,-110,281,-1,-14084,5004,3900,-999,82,-74,-14328,-3376,6268,-512,146,-129,0
175.53774595260617,9448,5320,11496,-126,-53,83,8272,-9980,9088,-15,103,-147,-14304,4764,4084,-999,136,-102,-14416,-3248,6368,-522,129,-132,0
175.57466912269592,9404,5224,11284,-125,-16,102,8596,-10056,9128,-100,116,-168,-14328,4792,3992,-973,99,-52,-14540,-3380,6288,-261,108,-154,0
175.610111951828,9280,5264,11184,-124,-49,64,8528,-9820,8980,-25,143,-149,-14236,4688,4196,-1002,100,-108,-14412,-3368,6264,-507,154,-131,0
175.64812302589417,9544,5344,11376,-121,-53,74,8700,-9988,9132,-12,122,-146,-14264,4720,4028,-995,112,-102,-14444,-3432,6344,-501,156,-107,0
175.68386507034302,9464,5380,11316,-116,-83,83,8384,-9996,9204,-30,154,-167,-14252,4836,4080,-982,38,-65,-14560,-3456,6380,-508,113,-154,0
175.71972703933716,9532,5232,11388,-147,-76,48,8516,-10080,9068,-5,210,-172,-14252,4836,4148,-975,15,-99,-14412,-3284,6180,-441,174,-117,0
175.75502610206604,9284,5332,11468,-232,-165,106,8376,-10128,9196,116,235,-200,-14124,4924,4124,-1009,144,-191,-14268,-3452,6496,-430,281,-1,0
175.7913041114807,9340,5176,11632,-146,-268,132,8368,-10092,9328,-7,138,-281,-14368,4820,4284,-957,191,-216,-14428,-3448,6528,-514,304,-24,0
175.8273561000824,9448,5352,11348,-168,-407,147,8472,-10020,9468,-30,121,-306,-14100,4944,3888,-910,174,-197,-14460,-3380,6492,-493,245,-50,0
175.86247301101685,9396,5244,11152,-181,-288,124,8408,-9996,9148,-42,160,-237,-14144,4828,3848,-973,173,-158,-14340,-3284,6276,-489,195,-67,0
175.89805006980896,9532,5252,11324,-204,-221,129,8404,-9896,9072,57,164,-227,-14256,4812,3872,-1034,233,-127,-14476,-3344,6336,-475,179,-19,0
175.93341612815857,9360,5608,11276,-226,-167,178,8524,-9888,9164,-1,118,-228,-14296,4752,4020,-1000,221,-155,-14380,-3376,6360,-464,208,-48,0
175.96929597854614,9544,5196,11144,-247,-255,154,8220,-9956,9252,-46,93,-250,-14336,4784,4020,-985,178,-156,-14444,-3404,6252,-490,249,-65,0
176.00415205955505,9484,5260,11468,-205,-238,106,8488,-9872,9084,-40,99,-512,-14328,4728,4048,-1001,177,-195,-14408,-3120,6288,-493,240,-85,0
176.03962993621826,9624,5236,11224,-99,-229,117,8552,-10096,9132,-52,81,-274,-14296,4792,3876,-769,131,-113,-14456,-3296,6040,-490,226,-93,0
176.07470393180847,9644,5204,11248,-104,-147,85,8564,-9868,9092,-7,113,-224,-14280,4812,4088,-1019,79,-120,-14448,-3368,6244,-490,138,-136,0
176.11009192466736,9704,5272,11008,-99,-13,59,8676,-9968,9124,-28,145,-146,-14368,4684,3992,-1010,47,-37,-14468,-3232,6140,-502,69,-163,0
176.14531707763672,9624,5268,11512,-163,61,27,8468,-9952,9192,21,167,-90,-14288,4756,4192,-1046,30,-42,-14516,-3228,6288,-485,109,-175,0
176.1807861328125,9452,5304,11420,-169,-18,71,8424,-10016,9392,-10,165,-135,-14212,4752,4016,-1028,55,-122,-14356,-3384,6464,-459,138,-93,0
176.2166941165924,9272,5608,11420,-140,-90,122,8448,-10044,9164,-45,90,-175,-14332,5016,4248,-1014,129,-116,-14552,-3300,6504,-484,166,-68,0
176.25022411346436,9472,5356,11440,-109,-123,108,8420,-10044,9140,-63,105,-181,-14244,4736,4056,-993,127,-94,-14452,-3372,6276,-257,186,-94,0
176.28369903564453,9672,5328,11380,-96,-139,126,8336,-10092,8964,-70,114,-192,-14120,4796,4184,-972,111,-85,-14476,-3348,6420,-767,182,-82,0
176.31731414794922,9340,5196,11316,-117,-83,120,8424,-10076,9328,-20,131,-178,-14260,4736,4220,-974,122,-80,-14412,-3512,6428,-490,155,-132,0
176.3508551120758,9696,5120,11432,-125,-61,91,8688,-9940,9232,-36,140,-160,-14144,4676,4080,-993,101,-94,-14532,-3268,6252,-498,128,-106,0
176.3842351436615,9520,5348,11744,-169,-107,108,8672,-10044,8992,-40,132,-170,-14316,4732,3848,-950,131,-122,-14528,-3316,6300,-498,175,-72,0
176.41774201393127,9588,5348,11464,-145,-110,128,8524,-10040,9052,-47,92,-197,-14352,4820,3992,-958,156,-153,-14436,-3404,6400,-508,197,-59,0
176.45145297050476,9548,5308,11300,-128,-165,136,8468,-10024,9252,-72,52,-228,-14216,4696,4036,-1015,170,-135,-14500,-3304,6248,-528,176,-80,0
176.484925031662,9684,5328,11248,-61,-144,135,8572,-9892,9096,-42,55,-203,-14496,4732,4168,-969,113,-85,-14484,-3268,6300,-768,162,-118,0
176.51843309402466,9476,5120,11436,-128,-87,83,8584,-10028,9100,-18,168,-183,-14212,4700,4224,-996,79,-87,-14428,-3264,6360,-514,146,-158,0
176.55198407173157,9596,5576,11368,-114,-64,64,8504,-9984,9228,-16,196,-153,-14108,4800,3932,-1006,2,-99,-14628,-3304,6372,-459,122,-169,0
176.5854570865631,9436,5288,11328,-185,-57,42,8428,-10204,9112,2,184,-145,-14168,4804,3916,-985,64,-123,-14480,-3472,6336,-486,149,-143,0
176.61888313293457,9392,5316,11204,-115,-89,39,8404,-10028,9252,-56,191,-181,-14168,4748,4108,-980,79,-110,-14388,-3400,6288,-508,202,-129,0
176.65235114097595,9332,5264,11292,-120,-121,72,8424,-9772,9184,-71,103,-188,-14340,4936,3892,-1023,92,-93,-14520,-3404,6620,-540,171,-143,0
176.68860411643982,9432,5472,11132,-96,-130,101,8480,-10048,9044,-49,111,-139,-14320,4608,4192,-998,95,-54,-14560,-3404,6628,-506,109,-120,0
176.7221281528473,9524,5300,11212,-111,-52,45,8452,-9976,9112,-44,128,-163,-14272,4808,4224,-925,50,-38,-14396,-3292,6324,-549,140,-158,0
176.75589799880981,9484,5292,11172,-178,19,74,8212,-10108,8992,-8,124,-139,-14256,4840,4024,-1013,30,-75,-14696,-3280,6568,-500,115,-155,0
176.78917598724368,9500,5332,11388,-105,-3,74,8488,-9984,9144,19,175,-141,-14256,4836,4312,-1024,72,-59,-14524,-3400,6352,-524,140,-126,0
176.8228089809418,9496,5232,11272,-146,-84,102,8572,-10028,9236,-47,150,-195,-14324,4764,4144,-955,118,-117,-14424,-3376,6420,-503,173,-76,0
176.85643601417542,9476,5444,11416,-166,-163,123,8620,-9996,9160,-34,135,-190,-14296,4892,4168,-955,111,-138,-14500,-3348,6292,-493,214,-45,0
176.8900511264801,9640,5336,11392,-142,-164,110,8568,-10128,9212,-4,144,-199,-14320,4828,4308,-996,119,-104,-14332,-3416,6396,-529,182,-107,0
176.92360711097717,9724,5468,11292,-129,-111,90,8320,-10020,9024,-7,120,-216,-14148,5028,4092,-1007,89,-117,-14444,-3300,6276,-509,186,-77,0
176.95718097686768,9240,5312,11328,-114,-99,115,8420,-9952,9168,-8,125,-190,-14140,4856,4008,-774,120,-90,-14540,-3376,6388,-495,152,-113,0
176.99056696891785,9556,5344,11304,-201,-78,65,8548,-10048,9040,254,183,-173,-14224,4808,4204,-960,119,-137,-14404,-3148,6296,-482,151,-127,0
177.02399897575378,9540,5300,11296,-207,-73,69,8516,-10088,9200,27,184,-191,-14336,4768,4024,-954,93,-129,-14560,-3520,6276,-504,227,-116,0
177.05741095542908,9688,5592,11404,-185,-130,91,8192,-9972,9344,253,156,-192,-14240,4704,3980,-989,111,-117,-14452,-3420,6332,-504,195,-76,0
177.09087800979614,9580,5360,11284,-131,-120,88,8472,-9876,9204,-23,108,-211,-14240,4708,3848,-989,138,-101,-14384,-3492,6184,-488,208,-88,0
177.12412095069885,9456,5340,11280,-157,-124,91,8452,-9944,9224,-6,125,-229,-14312,4764,4208,-991,135,-106,-14464,-3560,6224,-465,178,-137,0
177.15761804580688,9492,5352,11564,-202,-113,82,8512,-9960,9048,35,203,-181,-14276,4660,4328,-996,99,-123,-14480,-3440,6320,-763,203,-125,0
177.19080901145935,9552,5608,11364,-210,-154,87,8396,-9988,8980,53,234,-192,-14184,4792,4104,-986,94,-161,-14532,-3432,6216,-532,207,-114,0
177.22416305541992,9420,5324,11300,-209,-196,105,8524,-9940,9188,-3,217,-199,-14304,4752,3876,-968,118,-172,-14400,-3408,6292,-530,187,-123,0
177.26188802719116,9564,5396,11348,-189,-198,101,8508,-9948,9468,-4,160,-181,-14240,4716,4236,-963,108,-102,-14540,-3344,6264,-545,132,-127,0
177.2982461452484,9252,5316,11324,-149,-131,105,8368,-9868,9100,-42,117,-194,-14228,4844,4032,-950,123,-52,-14472,-3388,6196,-560,117,-121,0
177.33375096321106,9592,5220,11332,-111,-145,121,8428,-10004,9204,-26,142,-194,-14256,5116,4072,-984,127,-142,-14380,-3268,6324,-542,213,-89,0
177.3693311214447,9396,5196,11316,-121,-129,117,8420,-10200,9168,-45,107,-196,-14176,4788,3880,-987,111,-96,-14460,-3372,6228,-544,151,-102,0
177.40494513511658,9540,5324,11404,-108,-171,107,8548,-10020,9244,-95,111,-154,-14268,4612,4044,-945,84,-104,-14396,-3372,6280,-536,138,-146,0
177.4404649734497,9536,5224,11256,-131,-92,64,8552,-10028,9088,-63,118,-158,-14280,4888,4060,-959,72,-126,-14552,-3380,6412,-565,124,-126,0
177.47559714317322,9544,5344,11232,-112,-70,92,8496,-9932,9196,-59,142,-166,-14156,4764,4316,-958,65,-78,-14464,-3380,6272,-541,127,-93,0
177.51169300079346,9520,5336,11500,-123,-107,120,8412,-9968,9236,-83,105,-168,-14228,4712,4056,-945,90,-114,-14452,-3508,6208,-507,109,-120,0
177.5477809906006,9540,5220,11196,-147,-119,91,8672,-9784,8908,-130,162,-149,-14192,4624,4144,-918,92,-107,-14452,-3100,6332,-531,85,-137,0
177.5828881263733,9716,5304,11176,-109,-90,78,8580,-9956,9208,-52,151,-155,-14316,4684,4176,-1007,35,-81,-14312,-3284,6276,-509,141,-135,0
177.61767601966858,9500,5128,11264,-117,-55,81,8444,-10008,9172,-68,115,-160,-14188,4740,4236,-975,61,-79,-14340,-3480,6148,-533,152,-127,0
177.6538269519806,9484,5600,11356,-94,-86,106,8356,-10016,9120,-97,44,-179,-14260,4896,4108,-985,102,-86,-14412,-3344,6296,-508,140,-111,0
177.68924808502197,9412,5300,11424,-144,-104,94,8400,-9980,9132,-92,71,-170,-14252,4820,3844,-992,121,-103,-14348,-3400,6344,-522,162,-71,0
177.7245500087738,9548,5368,11456,-133,-96,112,8260,-10068,9224,-44,102,-178,-14180,5116,4004,-948,105,-110,-14428,-3372,6220,-763,185,-93,0
177.7603409290314,9432,5304,11416,-130,-164,118,8420,-10104,9016,-32,98,-188,-14264,4784,4220,-968,131,-101,-14412,-3292,6296,-548,230,-128,0
177.7955720424652,9476,5340,11188,-95,-175,119,8384,-10236,9144,-65,104,-217,-14328,4716,3992,-966,91,-163,-14416,-3380,6288,-554,208,-145,0
177.83179593086243,9644,5188,11316,-83,-153,90,8380,-9972,9068,-81,131,-217,-14276,4804,4040,-940,75,-58,-14600,-3348,6332,-519,124,-154,0
177.86768794059753,9600,5252,11488,-127,-100,60,8152,-9928,8840,-117,153,-79,-14256,4796,4060,-959,36,-103,-14448,-3344,6272,-518,120,-161,0
177.90363812446594,9608,5160,11292,-133,-81,53,8504,-9884,9092,-34,149,-164,-14236,4744,3952,-994,59,-75,-14392,-3328,6244,-487,165,-148,0
177.93721103668213,9456,5296,11364,-175,-109,91,8204,-9988,9040,-21,127,-205,-14300,4640,4028,-975,79,-105,-14444,-3448,6280,-497,230,-124,0
177.9708230495453,9476,5304,11260,-183,-161,83,8480,-10052,9104,-5,148,-209,-14260,4824,4028,-948,56,-130,-14368,-3448,6364,-496,207,-135,0
178.00437092781067,9588,5156,11244,-135,-175,82,8484,-10076,9184,-42,134,-235,-14296,4760,4192,-1009,87,-127,-14436,-3128,6160,-520,193,-112,0
178.03808903694153,9560,5316,11460,-120,-145,93,8416,-9980,9140,-15,127,-210,-14212,4908,4168,-1278,44,-130,-14420,-3520,6264,-529,195,-115,0
178.0717260837555,9676,5392,11276,-106,-104,109,8544,-9948,9120,-31,118,-169,-14232,4768,4172,-1012,51,-111,-14564,-3580,6296,-523,124,-131,0
178.10531997680664,9548,5428,11196,-101,-81,73,8264,-9784,9160,-49,154,-135,-14200,4740,3884,-934,13,-60,-14476,-3440,6300,-488,114,-164,0
178.13896703720093,9512,5336,11248,-157,-50,57,8440,-10060,9100,-26,322,-15,-14304,4624,4308,-795,-38,225,-14272,-3356,6308,-502,141,-157,0
178.17241501808167,9536,5404,11320,-137,-68,84,8324,-10036,9076,-19,112,-172,-14064,4848,4208,-986,24,-49,-14424,-3356,6352,-540,184,-111,0
178.205873966217,9492,5344,11284,-144,-128,106,8664,-9816,9344,-69,96,-177,-14148,4844,4204,-987,98,-67,-14456,-3408,6216,-470,149,-140,0
178.2395100593567,9504,5272,11448,-138,-140,106,8524,-9968,8908,-93,123,-193,-14216,4708,4096,-963,70,-88,-14460,-3364,6368,-435,164,-116,0
178.27305006980896,9460,5304,11252,-135,-106,96,8260,-10028,9160,-30,50,-218,-14196,4884,4112,-1008,69,-131,-14360,-3384,6344,-453,144,-113,0
178.3065321445465,9584,5272,11396,-108,-79,97,8488,-10160,9124,-19,118,-159,-14108,4828,4216,-985,-5,-90,-14572,-3444,6316,-468,143,-142,0
178.3403000831604,9532,5280,11224,-94,-19,114,8608,-10112,9100,-44,89,-135,-14124,4652,4340,-1020,61,-99,-14468,-3396,6240,-458,112,-106,0
178.37392210960388,9552,5308,11320,-141,-49,102,8260,-9892,8820,148,83,-491,-14256,4748,4112,-985,8,-62,-14556,-3416,6264,-396,118,-155,0
178.4075310230255,9544,5364,11304,-143,4,34,8344,-9936,9164,-46,137,-105,-14220,4732,4316,-946,-19,-50,-14436,-3468,6256,-420,95,-213,0
178.44122099876404,9472,5336,11220,-154,-37,55,8444,-9976,9060,-9,189,-147,-14200,4732,4084,-927,-1,-63,-14464,-3228,6364,-411,132,-176,0
178.47456192970276,9524,5328,11500,-192,-96,62,8240,-10036,9132,-22,173,-171,-13876,4968,4264,-916,-4,-85,-14332,-3532,6364,-373,174,-131,0
178.50829315185547,9496,5336,11300,-193,-133,83,8300,-9732,9224,-93,172,-220,-14116,4804,4372,-891,40,-117,-14536,-3552,6152,-417,146,-107,0
178.54181003570557,9536,5276,11408,-160,-130,75,8424,-10136,9112,-75,107,-177,-14244,4860,4092,-929,60,-90,-14568,-3480,6184,-453,131,-136,0
178.5754039287567,9504,5360,11052,-148,-111,90,8344,-10112,9084,-24,105,-175,-14116,4892,4260,-905,-8,-90,-14580,-3568,6240,-506,150,-133,0
178.608726978302,9392,5308,11352,-146,-119,108,8380,-10008,9052,-25,148,-186,-14272,4848,4160,-915,41,-45,-14492,-3516,6420,-763,155,-101,0
178.64230298995972,9516,5304,11296,-130,-83,127,8472,-10008,8944,-54,205,-133,-14240,4868,4280,-943,61,-54,-14592,-3428,6312,-508,134,-96,0
178.67582297325134,9664,5344,11544,-176,-85,158,8256,-10004,8992,-47,87,-155,-14324,4876,4164,-1008,143,-104,-14384,-3460,6364,-503,159,-73,0
178.7093551158905,9496,5288,11344,-134,-100,117,8536,-9968,9140,-56,5,-144,-14268,4684,4272,-992,148,-100,-14456,-3556,6232,-265,116,-87,0
178.74297213554382,9572,5268,11204,-132,-75,117,8468,-10032,9144,-29,124,-140,-14148,4616,4284,-1028,124,-82,-14444,-3444,6212,-512,136,-78,0
178.77655410766602,9524,5348,11392,-166,-112,121,8436,-10108,9192,34,211,-154,-14204,4884,4144,-1087,158,-52,-14384,-3468,6384,-485,145,-27,0
178.80973315238953,9476,5628,11232,-189,-106,140,8468,-10056,9120,-64,164,-153,-14156,4936,4116,-962,177,-72,-14544,-3440,6412,-475,175,-55,0
178.84322810173035,9512,5628,11368,-192,-192,99,8416,-10216,9024,-41,163,-200,-14152,4860,4548,-983,120,-118,-14348,-3404,6384,-477,211,-88,0
178.87690997123718,9252,5320,11300,-170,-200,87,8636,-10068,9140,-2,218,-251,-14204,4964,4208,-996,113,-178,-14348,-3360,6524,-260,218,-107,0
178.91229510307312,9288,5300,11488,-131,-214,112,8196,-9984,9164,-8,193,-227,-14036,4880,4232,-980,110,-135,-14384,-3404,6388,-464,170,-89,0
178.94767498970032,9500,5312,11428,-172,-191,80,8348,-10016,9176,-20,146,-200,-14180,4912,4168,-976,168,-158,-14516,-3412,6176,-468,169,-81,0
178.98290300369263,9500,5320,11188,-194,-178,102,8440,-9956,9176,-12,164,-223,-14312,4612,4280,-989,184,-162,-14416,-3412,6380,-444,207,-58,0
179.01765894889832,9644,5304,11404,-237,-186,140,8380,-10156,9116,-9,135,-260,-14080,5004,4200,-1278,214,-155,-14460,-3584,6424,-492,224,-62,0
179.0544080734253,9572,5188,11548,-173,-272,153,8400,-9776,8976,-44,91,-266,-14288,4812,4156,-974,246,-194,-14284,-3544,6328,-493,240,-37,0
179.08993792533875,9472,5340,11164,-197,-333,146,8412,-9736,9088,-32,83,-295,-14228,4760,4360,-977,248,-168,-14472,-3584,6284,-446,1,-62,0
179.12543106079102,9488,5360,11116,-217,-510,120,8380,-10236,9164,-14,138,-281,-14264,4912,4152,-974,187,-216,-14496,-3492,6416,-446,508,-45,0
179.16096711158752,9600,5384,11444,-194,-294,127,8400,-10076,9456,-8,145,-272,-14132,4692,4288,-778,223,-165,-14436,-3492,6420,-494,247,-9,0
179.19594907760617,9704,5176,11080,-202,-215,148,8400,-9956,9108,-249,108,-207,-14216,4712,4328,-990,267,-129,-14420,-3348,6316,-499,168,-8,0
179.23126697540283,9660,5196,11184,-203,-173,206,8440,-10040,9060,-26,71,-185,-14104,4660,4332,-981,507,-56,-14480,-3248,6212,-521,117,14,0
179.26622414588928,9584,5224,11364,-188,-118,190,8556,-10056,9140,23,84,-109,-14228,4768,4048,-1068,211,-60,-14384,-3436,6300,-504,151,-47,0
179.30232906341553,9532,5196,11084,-161,-128,186,8248,-9892,9136,24,133,-175,-14184,4684,4048,-1046,205,-87,-14376,-3372,6340,-470,189,-53,0
179.33805108070374,9576,5108,11328,-116,-108,116,8628,-10060,8952,-19,129,-177,-14084,4612,4140,-771,162,-92,-14488,-3376,6212,-491,160,-114,0
179.37320494651794,9960,5140,11172,-171,-8,96,8560,-10000,9044,-41,151,-110,-14372,4804,3916,-986,125,-59,-14480,-3084,6256,-430,57,-139,0
179.40869903564453,9672,5148,11180,-177,119,54,8452,-9992,9040,1,192,-88,-14192,4460,4304,-1036,51,-245,-14380,-3492,6240,-450,-18,-143,0
179.44342803955078,9488,5252,11488,-165,124,5,8240,-9896,8968,5,190,-99,-14220,4812,4152,-1013,32,-70,-14160,-3460,6296,-394,30,-199,0
179.47941708564758,9548,5360,11344,-159,69,-19,8352,-10004,9232,-50,267,-140,-14144,4788,4240,-946,-8,-4,-14532,-3808,6476,-384,60,-167,0
179.51445198059082,9620,5352,11048,-179,36,-43,8540,-10092,9104,-98,243,-191,-14084,4736,4120,-877,44,-39,-14404,-3356,6416,-415,23,-177,0
179.55041098594666,9460,5292,11376,-151,1,-9,8372,-10076,9436,-116,203,-146,-14236,4684,4348,-933,39,-47,-14436,-3296,6648,-422,55,-149,0
179.58589911460876,9488,5240,11324,-164,-31,42,8384,-10056,8952,-96,189,-171,-14420,5056,4416,-753,23,-28,-14372,-3540,6164,-425,55,-152,0
179.61953592300415,9616,5164,11340,-155,29,23,8384,-10016,9128,-84,201,-130,-14144,4868,4076,-901,26,-3,-14520,-3392,6424,-423,12,-185,0
179.65312004089355,9564,5148,11316,-123,74,51,8332,-9988,9288,-122,183,-105,-14280,4964,4052,-913,26,32,-14292,-3200,6380,-455,-242,-157,0
179.6866419315338,9540,5336,11304,-108,75,42,8152,-10024,9184,-250,179,-160,-14184,4924,4068,-991,7,-35,-14252,-3128,6436,-505,82,-184,0
179.71998000144958,9348,5060,11248,-105,51,255,8192,-10152,9404,253,225,-136,-14308,5000,4080,-1037,-33,-79,-14592,-3256,6504,-486,67,-219,0
179.75355911254883,9512,5272,11364,-100,36,-20,8424,-10148,9328,43,160,-167,-14244,4660,4224,-937,20,-88,-14528,-3184,6440,-462,40,-223,0
179.78716707229614,9620,5284,11380,-94,55,-17,8576,-10136,9080,-42,228,-134,-14136,4824,4324,-954,8,-46,-14588,-3112,6356,-259,55,-194,0
179.82057094573975,9704,5100,11128,-11,-14,24,8444,-10052,9120,-22,200,-155,-14428,5260,4604,-729,-144,-20,-14328,-3256,6368,-574,65,-241,0
179.85386395454407,9492,5168,11480,12,-3,25,8452,-10084,8828,68,200,-81,-14132,5068,4032,-1089,-11,-252,-14516,-3416,6636,-553,-10,-272,0
179.88740491867065,9620,5324,11412,-25,144,255,8408,-10020,9264,-51,238,-46,-14072,5024,4320,-1061,-123,-27,-14496,-3320,6412,-522,-14,-223,0
179.92067193984985,9484,5344,11424,-16,90,44,8332,-10056,9228,47,309,-65,-14032,4944,4212,-1073,1,-33,-14284,-3264,6536,-592,52,-155,0
179.95378494262695,9372,5312,11448,-48,-48,145,8208,-10048,9200,38,96,-51,-14080,5056,4364,-1120,66,-78,-14352,-3428,6676,-668,181,-161,0
179.9875020980835,9464,5280,11432,33,-141,165,8188,-10212,9372,93,146,-93,-14016,4888,4576,-1158,-22,-162,-14316,-3492,6676,-657,170,-203,0
180.02088403701782,9308,5152,11524,53,-120,102,8220,-10088,9144,130,154,-99,-14216,5020,4392,-1113,89,-113,-14408,-3464,6436,-640,118,-218,0
180.05438804626465,9672,5228,11408,77,-17,93,8344,-10056,8888,113,197,-80,-14028,4932,4184,-1058,12,-151,-14296,-3460,6472,-576,124,-276,0
180.0879380702972,9296,5568,11056,75,-26,87,8236,-10200,9460,127,234,-109,-14076,4836,4192,-1101,247,-201,-14132,-3504,6500,-475,180,-269,0
180.12127304077148,9360,5588,11456,-47,-43,48,8244,-9888,9328,160,253,-207,-14176,4676,4244,-772,-54,-212,-14364,-3620,6432,-227,248,-213,0
180.15469098091125,9248,5736,11164,-198,-91,-31,8304,-9560,9284,-40,323,-304,-13944,4384,4108,-837,-15,-218,-14188,-4000,6208,-18,282,-142,0
180.1881139278412,9380,5704,11268,-342,-211,-103,8460,-9756,9364,-191,290,-438,-14260,4496,4444,-731,55,-293,-14404,-3660,6200,73,385,-153,0
180.2215859889984,9548,5628,11276,-372,-295,-92,8664,-10060,9432,-78,307,-436,-14328,4816,4356,-903,-22,-334,-14368,-3576,6184,132,451,-124,0
180.25523400306702,9780,5400,11248,-186,-236,-10,8432,-10048,9288,46,254,-309,-14252,4952,4232,-1100,21,-244,-14676,-3200,6360,31,343,-93,0
180.28879308700562,9708,5408,11360,-100,-50,100,8404,-10036,9256,45,53,-182,-14252,4992,4140,-1140,99,-71,-14360,-3232,6520,-125,141,-26,0
180.3221111297608,9452,5372,11356,-69,104,185,8324,-10076,9040,41,15,-67,-14144,5080,4060,-1102,101,34,-14364,-3080,6404,-360,5,-66,0
180.35540914535522,9288,4940,11760,-256,113,243,8092,-10212,9012,72,34,28,-14060,5136,3876,-1205,86,61,-14128,-3280,6700,-590,-42,-69,0
180.38897895812988,9336,5208,11328,-254,93,280,8248,-10260,9000,123,21,68,-14084,5096,4256,-1257,113,25,-14296,-3328,6428,-710,-28,-97,0
180.42232513427734,9312,5264,11364,30,41,334,8264,-10156,8980,61,28,82,-14160,5048,4220,-1232,111,48,-14492,-3300,6556,-719,-84,-88,0
180.45579600334167,9460,5408,11512,-43,72,281,8316,-10104,9196,76,31,97,-14212,4960,4140,-1169,120,32,-14248,-3268,6624,-678,-22,-135,0
180.48941397666925,9348,5588,11292,-63,69,226,8240,-10048,9272,27,119,45,-14064,4896,4288,-1110,125,-9,-14284,-3460,6612,-652,43,-136,0
180.52280497550967,9336,5360,11320,-82,48,189,8352,-10216,8964,38,221,-129,-14024,4608,4188,-1053,114,-88,-14276,-3544,6408,-597,129,-172,0
180.55644297599795,9256,5460,11292,-93,-47,75,8268,-9836,9384,-253,115,-206,-14136,4796,4408,-982,84,-184,-14268,-3524,6364,-552,228,-218,0
180.59240102767941,9228,5480,11492,-160,-51,-5,8336,-9904,9356,-61,135,-276,-14188,4764,4600,-892,89,-141,-14456,-3404,6572,-486,169,-512,0
180.62781405448914,9448,5488,11512,-150,-41,-32,8368,-9888,9268,-68,226,-280,-14228,4740,4156,-893,28,-121,-14420,-3456,6168,-491,174,-277,0
180.66787910461426,9344,5508,11044,-148,-7,-20,8360,-9776,9320,-18,206,-243,-14120,4860,4388,-906,-9,-119,-14464,-3400,6632,-381,101,-180,0
180.7034969329834,9376,5536,11032,-237,55,-14,8216,-9932,9320,-79,188,-205,-14100,4728,4320,-920,90,-96,-14280,-3656,6440,-318,76,-143,0
180.73843693733215,9348,5488,11080,-286,105,22,8228,-9788,9236,-164,102,-169,-14176,4820,4572,-864,98,4,-14532,-3520,6552,-379,20,-143,0
180.77407097816467,9400,5508,11248,-308,110,21,8248,-9912,9412,-129,145,-152,-14324,4876,4588,-949,100,-247,-14152,-3472,6412,-389,83,-139,0
180.81012892723083,9236,5424,11388,-305,-34,52,8380,-9980,9100,-103,271,-159,-14056,4864,4208,-903,35,-54,-14348,-3624,6564,-372,153,-156,0
180.8454511165619,9328,5464,11120,-285,-46,-24,8380,-10072,9292,-137,291,-209,-14236,4780,4320,-859,14,-16,-14396,-3324,6500,-345,143,-147,0
180.88105010986328,9336,5376,11460,-277,-37,-43,8296,-10124,9220,-71,212,-248,-13936,5056,4016,-935,93,-54,-14344,-3168,6580,-364,137,-106,0
180.9169769287109,9348,5264,11544,-206,-40,43,8300,-10132,8928,40,171,-154,-14288,4896,4292,-938,166,-29,-14244,-3216,6832,-423,156,-58,0
180.95228815078735,9152,5164,11540,-235,-32,106,8148,-10164,9104,-43,19,-181,-14068,5192,4228,-918,221,-28,-14372,-3228,6752,-380,122,-1,0
180.9881720542908,9160,5188,11700,-273,-44,136,8440,-10132,9004,-59,144,-203,-13900,5028,4392,-866,193,-121,-14124,-3360,6400,-377,206,-63,0
181.02333998680118,9200,5292,11700,-351,-97,79,8328,-10132,9300,-60,155,-275,-14212,4900,4312,-889,172,-128,-14452,-3348,6516,-343,288,-100,0
181.0581769943237,9272,5344,11380,-331,-145,57,8368,-10016,8992,-71,209,-303,-14092,4932,4168,-882,178,-177,-14204,-3224,6616,-321,321,-67,0
181.09386491775516,9224,5380,11324,-341,-227,43,8232,-9904,9000,-61,199,-338,-14276,4784,4264,-841,126,-190,-14320,-3496,6540,-360,358,-102,0
181.1294820308685,9256,5396,11516,-333,-1,19,8384,-9756,9256,-27,237,-355,-14248,4816,4228,-909,86,-284,-14328,-3408,6364,-298,353,-136,0
181.16457605361938,9340,5528,11684,-300,-501,-15,8416,-9888,9360,-49,283,-338,-14160,4876,4364,-893,44,-211,-14400,-3368,6452,-330,358,-109,0
181.20033192634583,9404,5440,11376,-278,-263,2,8200,-10152,9332,-10,248,-350,-14248,4936,4112,-923,87,-205,-14372,-3252,6436,-372,347,-67,0
181.23588013648987,9412,5164,11340,-187,-282,83,8292,-10068,9244,-37,207,-289,-14188,4976,4180,-957,96,-144,-14580,-3256,6536,-480,278,-83,0
181.27160215377808,9304,5320,11480,-194,-227,141,8376,-10044,9208,-24,157,-208,-14292,5052,4284,-925,102,-85,-14420,-3196,6584,-502,177,-60,0
181.3050241470337,9408,5248,11300,-180,-181,183,8184,-10112,9028,13,203,-132,-14284,4920,4032,-973,145,-53,-14296,-3140,6564,-547,186,-24,0
181.3384871482849,9376,5244,11440,-187,-174,234,8272,-10108,9168,-5,181,-135,-14044,5108,4236,-1109,228,-66,-14416,-3172,6600,-568,196,33,0
181.37189102172852,9256,5268,11456,-159,-181,266,8280,-10092,9200,-23,101,-156,-14224,4972,4164,-1023,212,-100,-14164,-3280,6668,-584,248,16,0
181.40531206130981,9412,5204,11748,-199,-231,199,8232,-10056,9172,-40,105,-197,-14044,4996,4252,-1269,220,-133,-14244,-3144,6444,-552,241,-33,0
181.43866395950317,9316,5204,11448,-217,-307,195,8244,-10072,9128,46,119,-1,-14152,4628,4092,-984,233,-194,-14344,-3176,6436,-509,278,-50,0
181.47214913368222,9444,5332,11388,-214,-330,158,8300,-10020,9028,-3,244,-248,-14148,4812,4152,-1159,205,-237,-14496,-3336,6580,-438,347,-76,0
181.50568795204163,9456,5320,11440,-509,-378,69,8308,-9956,9184,-10,263,-363,-14204,4812,4168,-1021,97,-234,-14444,-3076,6548,-414,367,-98,0
181.5392611026764,9508,5180,11344,-244,-353,41,8428,-9772,9316,36,97,-280,-14300,4780,4376,-1278,95,-230,-14368,-3408,6172,-413,312,-155,0
181.57284092903134,9416,5276,11280,-217,-312,35,8128,-9788,8992,72,256,-334,-14288,4760,4508,-1012,70,-177,-14504,-3396,6652,-428,241,-131,0
181.6061351299286,9548,5308,11724,-262,-243,30,8304,-9944,9236,8,222,-237,-14124,4796,4144,-1086,132,-194,-14408,-3332,6632,-455,205,-127,0
181.6396450996399,9408,5316,11544,-179,-239,95,8244,-9924,9124,9,175,-248,-14168,4808,4412,-1019,95,-193,-14456,-3280,6604,-514,269,-95,0
181.67304611206055,9464,5196,11356,-162,-292,118,8116,-9732,9264,66,171,-509,-14172,4936,4204,-1081,163,-155,-14412,-3256,6348,-542,286,-50,0
181.7064380645752,9368,5256,11324,-167,-208,144,8392,-9948,9316,-21,71,-210,-14104,4720,4172,-1047,214,-83,-14380,-3348,6428,-481,170,-23,0
181.7400860786438,9384,5344,11388,-171,-176,171,8336,-9900,9012,-248,22,-180,-14064,4844,4256,-1018,242,-67,-14484,-3104,6488,-505,202,-31,0
181.77370405197144,9216,5156,11404,-155,-156,186,8200,-9764,9388,-31,6,-203,-14196,4916,4152,-1279,234,-101,-14468,-3220,6592,-485,146,-54,0
181.80724906921387,9368,5372,11424,-153,-93,141,8372,-10012,9248,-15,46,-190,-14052,4876,4084,-1008,228,-98,-14340,-3256,6300,-465,112,-76,3
181.84057998657227,9432,5268,11228,-96,-37,132,8212,-10168,9100,-83,20,-160,-14116,4740,4044,-980,190,-67,-14400,-3272,6512,-474,97,-120,3
181.8739550113678,9448,5180,11284,-152,3,88,8392,-9936,9260,-57,147,-152,-14196,4612,4248,-979,131,-57,-14288,-3316,6468,-415,138,-134,3
181.90759706497195,9432,5228,11444,-173,-250,34,8284,-9968,9208,-28,147,-211,-14116,4828,4208,-1279,105,-65,-14372,-3068,6488,-411,190,-121,3
181.94103193283078,9396,5292,11400,-156,-37,47,8428,-10124,9256,-25,126,-239,-14160,4772,4220,-992,129,-121,-14488,-3292,6468,-408,196,-78,3
181.9745390415192,9432,5376,11464,-176,-92,70,8372,-9988,9352,-64,150,-246,-14088,4628,4232,-1013,149,-141,-14420,-3220,6480,-401,160,-123,3
182.0080881118774,9492,5212,11616,-131,-136,34,8324,-9936,9312,-80,157,-239,-14204,4900,4256,-970,103,-153,-14516,-3164,6384,-432,150,-112,3
182.041738986969,9496,5212,11364,-137,-106,47,8336,-9928,9312,-22,151,-208,-14152,4884,4288,-1035,74,-138,-14572,-3344,6452,-473,176,-123,3
182.075355052948,9384,5328,11344,-93,-64,87,8204,-9804,9256,-28,124,-171,-13852,4812,4204,-1280,94,-81,-14380,-3408,6540,-522,131,-100,3
182.1086859703064,9436,5308,11496,-64,-52,94,8292,-9904,9268,-43,115,-166,-14204,5068,4304,-988,113,-85,-14352,-3208,6416,-580,189,-175,3
182.14219307899478,9720,5264,11408,-81,-75,93,8292,-10148,9032,-11,152,-170,-14080,4672,4240,-977,104,-120,-14440,-3276,6428,-632,208,-144,0
182.1755790710449,9324,5260,11360,-46,-61,108,8332,-9968,9144,-58,99,-173,-14212,5072,4188,-956,63,-90,-14504,-3280,6236,-605,146,-135,0
182.20925092697144,9224,5292,11448,-86,8,128,8416,-10068,9340,-88,159,-139,-14164,4900,4220,-970,65,-71,-14340,-3224,6576,-547,47,-119,0
182.2428021430969,9360,5240,11400,-119,-51,114,8388,-9972,9212,-107,170,-134,-14260,4840,4132,-937,122,-37,-14296,-3328,6404,-569,96,-110,0
182.27894997596744,9468,5260,11188,-94,-21,96,8404,-10184,9228,-79,116,-155,-14096,4780,4436,-995,162,-45,-14356,-3216,6192,-500,114,-115,0
182.31516408920288,9384,5220,11332,-130,-30,101,8280,-9892,9148,-25,142,-193,-14088,4900,4192,-1045,176,-100,-14332,-3116,6248,-607,212,-112,0
182.35076999664307,9360,5264,11472,-72,-115,94,8404,-10000,9168,-35,129,-192,-14116,4692,4252,-1014,153,-158,-14472,-3320,6448,-610,206,-145,0
182.38598704338074,9392,5268,11336,-91,-137,53,8340,-9972,9096,-53,157,-212,-14164,4820,4280,-990,77,-129,-14440,-3280,6532,-564,229,-153,0
182.422199010849,9224,5148,11328,-112,-88,67,8368,-9872,9284,-2,172,-202,-14100,4912,4184,-990,114,-148,-14444,-3412,6408,-604,218,-144,0
182.45809507369998,9652,5312,11532,-115,-129,76,8204,-9732,9296,-19,125,-198,-14380,4864,4228,-1015,120,-145,-14324,-3292,6532,-554,148,-131,0
182.49367499351501,9400,5192,11272,-138,-100,92,8184,-9896,9240,-42,108,-167,-14024,4852,4112,-1025,157,-71,-14096,-3164,6472,-574,184,-132,0
182.52950811386108,9444,5292,11324,-78,-121,78,8320,-9860,9348,-74,78,-173,-14372,4832,4244,-970,114,-119,-14528,-3284,6412,-605,101,-158,0
182.5649170875549,9432,5236,11428,-101,-85,70,8236,-10052,9260,51,179,-175,-14108,4768,4196,-995,101,-98,-14328,-3164,6396,-581,188,-153,0
182.60078501701358,9372,5252,11560,-131,-39,110,8312,-9964,9292,-10,94,-183,-14024,4792,4312,-987,181,-130,-14424,-3352,6256,-587,177,-99,0
182.63595008850098,9692,5224,11504,-62,-160,121,8308,-9856,9180,-67,73,-182,-14300,4816,4128,-955,161,-161,-14580,-3480,6296,-589,199,-110,0
182.6714811325073,9476,5260,11380,-132,-117,82,8344,-10024,9240,-89,41,-216,-14276,4680,4268,-1030,152,-77,-14428,-3280,6380,-554,89,-158,0
182.7076799869537,9460,5220,11332,-149,-56,69,8432,-9876,9088,-25,148,-140,-14112,4820,4104,-1057,67,-55,-14424,-3384,6376,-560,165,-117,0
182.7428290843964,9472,5316,11416,-116,-83,82,8444,-10032,9220,-26,122,-144,-14212,4904,4084,-1025,59,-101,-14392,-3472,6620,-582,99,-121,0
182.77811193466187,9436,5328,11456,-114,-106,55,8344,-9972,9196,-39,147,-151,-14332,4748,4268,-1003,82,-42,-14480,-3236,6444,-555,133,-124,0
182.81384897232056,9412,5376,11324,-110,-56,69,8368,-10020,9168,-58,142,-183,-14116,4908,4112,-965,103,-111,-14464,-3328,6376,-571,159,-150,0
182.84876394271848,9336,5564,11700,-94,-90,108,8248,-10188,9060,-69,121,-194,-14212,5108,4136,-1015,117,-87,-14448,-3472,6436,-562,181,-108,0
182.88454008102414,9392,5296,11292,-112,-79,87,8296,-9920,8964,-50,140,-197,-14124,4796,4308,-1005,107,-110,-14700,-3304,6428,-565,154,-135,0
182.9210741519928,9456,5304,11456,-132,-79,75,8344,-9996,9252,-30,117,-145,-14268,4836,4252,-1274,59,-25,-14456,-3428,6512,-576,115,-139,0
182.95434498786926,9244,5604,11556,-132,-53,93,8304,-9800,9284,-22,172,-146,-14164,4828,4212,-1010,108,-40,-14592,-3416,6640,-567,153,-110,0
182.9881041049957,9376,5564,11384,-139,-76,125,8368,-9968,9332,-28,127,-180,-14168,4624,4236,-1021,138,-96,-14368,-3108,6556,-545,158,-125,0
183.02193808555603,9412,5300,11472,-116,-105,85,8276,-10224,9228,-77,148,-203,-14128,4828,4052,-975,128,-129,-14368,-3348,6552,-547,150,-113,0
183.05551600456238,9392,5344,11264,-98,-140,87,8328,-9952,9144,-37,147,-210,-14088,4820,4472,-979,85,-125,-14428,-3416,6484,-528,163,-124,0
183.08912897109985,9360,5280,11276,-114,-90,93,8436,-9948,9268,-61,156,-183,-14256,4924,4108,-1018,114,-101,-14360,-3300,6524,-559,103,-142,0
183.12261199951172,9392,5248,11468,-101,-93,91,8332,-9920,9080,-31,155,-171,-14220,4796,4264,-1004,59,-94,-14432,-3396,6396,-533,136,-172,0
183.15619707107544,9364,5308,11532,-141,-68,60,8412,-10000,8968,-29,166,-181,-13832,4840,4244,-966,85,-43,-14376,-3336,6580,-560,132,-140,0
183.18961000442502,9436,5364,11492,-140,-105,89,8344,-10012,9232,-44,124,-183,-14164,4820,4180,-994,100,-93,-14428,-3396,6460,-587,163,-124,0
183.2230761051178,9360,5292,11420,-99,-140,115,8324,-9780,9252,-92,105,-179,-14188,4824,4244,-990,96,-123,-14420,-3420,6544,-593,154,-147,0
183.25663304328918,9356,5120,11316,-102,-94,90,8368,-9916,9100,-71,115,-178,-14144,4932,4252,-948,110,-134,-14368,-3252,6380,-625,150,-128,0
183.29008603096008,9388,5352,11296,-96,-124,125,8356,-9764,9152,-15,95,-185,-14260,4920,4200,-1029,96,-113,-14400,-3384,6432,-598,164,-118,0
183.3237099647522,9392,5128,11572,-118,-94,88,8392,-10008,9376,-16,121,-151,-14152,4892,4204,-1014,131,-92,-14480,-3368,6500,-595,113,-128,0
183.35740303993222,9276,5308,11304,-100,-69,83,8212,-9884,9064,-46,125,-152,-14164,5004,4280,-975,101,-84,-14492,-3292,6636,-608,112,-127,0
183.39103102684024,9376,5284,11520,-150,-75,97,8380,-10056,9208,-21,129,-155,-14352,4892,4376,-1021,75,-33,-14344,-3344,6468,-635,92,-119,0
183.42403602600098,9252,5424,11444,-79,-65,108,8340,-9888,9160,-65,88,-120,-14156,4820,4360,-996,111,-39,-14376,-3524,6388,-592,95,-131,0
183.45754098892212,9392,5164,11364,-80,-80,100,8352,-10048,9216,-46,122,-145,-14260,4848,4304,-948,152,-92,-14304,-3320,6508,-562,163,-129,0
183.49115204811093,9396,5372,11396,-190,-63,65,8312,-9928,9380,-12,133,-194,-14216,4724,4132,-982,137,-122,-14520,-3300,6296,-523,179,-124,0
183.52448105812076,9376,5328,11484,-129,-86,77,8300,-10232,9452,-5,148,-209,-14296,4804,4136,-999,73,-69,-14372,-3324,6360,-491,168,-141,0
183.55794095993042,9380,5376,11472,-154,-74,68,8352,-10000,9212,-67,170,-171,-14280,4820,4200,-963,63,-62,-14488,-3556,6500,-519,86,-164,0
183.59157705307007,9364,5376,11392,-139,-62,49,8300,-10016,9212,-53,146,-175,-14068,4824,4192,-973,61,-83,-14292,-3580,6312,-530,115,-127,0
183.6249430179596,9332,5376,11484,-123,-67,60,8304,-9964,9416,-28,160,-162,-14116,4820,4228,-1005,60,-110,-14228,-3420,6172,-547,138,-168,0
183.6584930419922,9292,5288,11292,-133,-25,75,8268,-9916,9152,-8,148,-153,-14268,4840,4284,-769,76,-100,-14224,-3432,6588,-559,139,-128,0
183.6919801235199,9236,5372,11428,-84,-50,105,8284,-10032,9016,-26,110,-168,-14084,4780,4124,-1045,96,-39,-14436,-3460,6484,-520,147,-91,0
183.72497391700742,9292,5240,11300,-148,-64,128,8296,-10112,9344,-27,90,-175,-14120,4832,4240,-1030,164,-51,-14308,-3336,6476,-528,163,-89,0
183.75858592987063,9308,5316,11296,-129,-46,98,8300,-9780,9440,-2,106,-149,-14292,4868,4320,-1004,160,-95,-14420,-3440,6572,-523,166,-114,0
183.79212403297421,9336,5308,11352,-148,-61,113,8248,-10028,9136,-7,135,-157,-14212,4652,4584,-1007,116,-89,-14432,-3416,6420,-495,144,-118,0
183.82535004615784,9344,5396,11452,-125,-50,101,8340,-9784,9096,-27,107,-166,-14064,4860,4212,-988,104,-90,-14280,-3452,6444,-540,126,-145,0
183.85902309417727,9276,5372,11240,-77,-29,53,8300,-9764,9176,-67,147,-163,-14204,4780,4236,-954,37,-66,-14380,-3416,6460,-531,128,-174,0
183.89265108108518,9352,5260,11324,-117,16,25,8336,-9912,9224,-33,168,-148,-14212,5108,4200,-947,70,-58,-14544,-3416,6368,-487,70,-190,0
183.92542600631714,9372,5348,11388,-129,66,23,8408,-10040,9140,-39,165,-113,-14136,4856,4284,-769,-2,-62,-14376,-3396,6292,-458,110,-187,0
183.9618189334869,9356,5392,11400,-146,66,5,8324,-10008,9164,-19,125,-161,-14084,4860,4232,-977,11,-100,-14416,-3512,6540,-258,124,-153,0
183.99819898605347,9368,5372,11432,-104,-7,45,8236,-9964,9212,-33,103,-156,-14112,4832,4076,-979,61,-66,-14412,-3568,6548,-504,145,-135,0
184.03327298164368,9380,5436,11528,-75,-19,62,8172,-9992,9072,-97,95,-161,-14124,4900,4176,-973,77,-82,-14432,-3416,6460,-525,132,-124,0
184.06919693946838,9296,5348,11344,-107,-47,81,8392,-10064,9220,-50,90,-133,-14172,4956,4260,-1013,37,-88,-14272,-3532,6660,-538,114,-147,0
184.10444903373718,9336,5404,11188,-86,-24,98,8240,-9908,9252,-26,133,-99,-14172,4888,4284,-1041,67,-58,-14312,-3212,6612,-540,80,-155,0
184.13983011245728,9288,5488,11304,-76,-23,66,8216,-9936,9160,-33,265,-156,-13916,4784,4044,-1050,54,-30,-14280,-3416,6480,-526,108,-140,0
184.17476201057434,9348,5128,11488,-104,46,90,8256,-10148,9280,-52,108,-113,-13988,4892,4340,-991,72,-50,-14380,-3396,6436,-767,108,-140,0
184.21022200584412,9204,5508,11552,-98,-27,81,8420,-10072,9160,-51,148,-146,-14168,4924,4604,-1006,61,-46,-14548,-3336,6444,-263,164,-139,0
184.2455921173096,9340,5400,11552,-102,-61,95,8192,-10060,9264,-43,69,-180,-13984,4832,4272,-974,92,-74,-14436,-3492,6564,-497,125,-130,0
184.28125,9312,5480,11556,-133,-69,76,8264,-10008,9220,-77,127,-173,-14144,4860,4204,-975,90,-57,-14536,-3472,6492,-487,151,-111,0
184.31602597236633,9312,5388,11404,-120,-77,71,8304,-9948,9328,-53,155,-201,-14308,4852,4396,-972,74,-104,-14084,-3568,6504,-498,181,-160,0
184.3519949913025,9464,5560,11384,-105,-59,91,8204,-9940,9200,-7,73,-180,-14280,5116,4292,-983,55,-78,-14320,-3564,6392,-540,166,-109,0
184.38788509368894,9280,5580,11580,-103,-76,101,8312,-10200,9252,252,123,-182,-14032,4828,4100,-1018,87,-91,-14436,-3508,6508,-524,164,-137,0
184.42322492599487,9312,5500,11480,-110,-66,85,8216,-10064,9272,-12,154,-166,-14068,4836,4164,-999,100,-123,-14376,-3476,6528,-513,168,-98,0
184.45820093154907,9256,5396,11576,-168,-80,108,8372,-10000,9288,0,118,-183,-14212,4792,4248,-1009,162,-86,-14444,-3376,6432,-543,159,-80,0
184.49441003799438,9220,5456,11400,-201,-134,135,8180,-10072,9348,14,149,-200,-14024,4744,4240,-1022,155,-114,-14208,-3560,6364,-516,219,-92,0
184.52957201004028,9228,5236,11452,-165,-220,172,8308,-9756,9152,-18,105,-215,-14272,4892,4480,-1004,210,-158,-14360,-3416,6452,-556,229,-37,0
184.5649609565735,9196,5440,11452,-171,-508,139,8356,-10076,8988,16,118,-228,-14228,4932,4324,-994,200,-148,-14360,-3364,6500,-531,249,-56,0
184.6027410030365,9016,5564,11408,-200,-255,168,7992,-10048,9352,12,109,-241,-13896,4656,4128,-998,223,-183,-14400,-3176,6428,-539,232,-58,0
184.63613295555118,9428,5292,11492,-172,-274,129,8340,-10032,9152,40,121,-505,-14276,4608,4284,-976,242,-206,-14416,-3444,6492,-261,7,-76,0
184.66978406906128,9268,5148,11652,-203,-282,157,8424,-10036,9144,32,111,-288,-14164,4856,4264,-995,200,-233,-14552,-3472,6444,-472,291,-51,0
184.70304512977597,9360,5472,11488,-277,-355,132,8312,-10212,9116,39,186,-309,-14200,5104,4204,-946,250,-222,-14560,-3484,6404,-462,300,-42,0
184.73666691780087,9412,5428,11292,-508,-375,145,8320,-9940,9100,254,185,-307,-14096,4780,4116,-947,183,-203,-14344,-3420,6548,-475,324,-64,0
184.7701771259308,9432,5420,11464,-260,-385,101,8388,-9936,9124,10,196,-304,-14224,4852,4044,-994,149,-147,-14364,-3584,6424,-542,260,-86,0
184.80380392074582,9472,5416,11116,-225,-359,115,8244,-9900,9000,32,179,-244,-13996,4756,4120,-958,162,-149,-14368,-3496,6464,-518,215,-69,0
184.83955597877502,9344,5320,11460,-206,-271,129,8332,-9976,9304,-15,155,-507,-14232,4732,4276,-978,195,-210,-14536,-3436,6468,-501,236,-58,0
184.87303495407102,9448,5592,11364,-509,-508,142,8428,-10068,9240,20,115,-249,-13904,4616,4268,-956,181,-166,-14364,-3372,6404,-523,207,-68,0
184.9067120552063,9708,5260,11300,-160,-237,137,8424,-9888,9140,18,141,-192,-14252,4804,3976,-1280,143,-98,-14412,-3452,6516,-524,148,-84,0
184.93982791900638,9272,5216,11412,-175,-153,121,8264,-9904,9156,-252,124,-175,-13892,4788,4280,-1009,158,-89,-14316,-3512,6160,-562,158,-75,0
184.9732151031494,9304,5300,11348,-140,-119,141,8268,-10088,9272,-40,110,-180,-14144,4876,4216,-1273,162,-106,-14556,-3412,6540,-551,189,-113,0
185.0069100856781,9312,5184,11388,-99,-115,107,8328,-9920,9256,-23,128,-163,-14272,4812,4240,-995,136,-97,-14472,-3576,6152,-543,169,-146,0
185.04047703742984,9440,5336,11308,-197,31,98,8316,-9976,9076,31,113,-161,-14244,4772,4124,-1019,174,-98,-14272,-3096,6252,-538,190,-110,0
185.07394313812256,9404,5400,11468,-129,-20,116,8392,-10004,9228,-21,119,-191,-14200,4792,4136,-1039,169,-127,-14432,-3452,6524,-529,218,-60,0
185.10757899284363,9460,5456,11396,-150,-90,149,8288,-10056,9152,-31,81,-195,-14264,4780,4368,-985,509,-62,-14432,-3504,6400,-584,185,-56,0
185.1410729885101,9524,5332,11464,-137,-116,120,8448,-10048,9304,-62,124,-191,-14284,4804,4168,-994,200,-82,-14464,-3312,6484,-595,191,-101,0
185.174476146698,9576,5260,11372,-64,-155,137,8360,-10004,9316,-46,195,-162,-14196,4840,4292,-1106,134,-97,-14388,-3352,6224,-613,140,-114,0
185.2077829837799,9688,5276,11500,-58,-128,124,8316,-10228,8968,-42,150,-112,-14148,4836,4124,-1040,18,-93,-14368,-3580,6652,-552,102,-110,0
185.24117493629456,9428,5380,11400,-147,-87,106,8332,-9876,9204,-24,194,-101,-14240,5060,4128,-998,44,-55,-14592,-3424,6612,-528,124,-113,0
185.2746081352234,9412,5348,11704,-189,-111,85,8412,-9736,9284,-57,198,-113,-14216,4880,4256,-934,84,-11,-14380,-3432,6412,-257,86,-129,0
185.30801796913147,9504,5268,11372,-239,-112,74,8364,-10216,9024,-68,194,-116,-14088,4796,4220,-956,26,-2,-14236,-3500,6192,-530,27,-215,0
185.34159302711487,9260,5436,11336,-210,-2,10,8072,-9928,9240,17,210,-120,-13852,4864,4160,-989,22,-124,-14228,-3388,6552,-481,194,-185,0
185.37515497207642,9028,5452,11656,-144,-30,32,8108,-10008,9444,96,99,-2,-13892,4664,4216,-976,177,-246,-14032,-3344,6512,-500,397,-109,0
185.40826606750488,9184,5312,11428,-92,-144,69,8216,-10148,9192,-29,41,-376,-14304,4940,4212,-939,185,-220,-14116,-3436,6552,-585,396,-190,0
185.44145393371582,9520,5232,11412,-64,-224,-250,8444,-10412,9136,-57,133,-349,-14180,4920,4080,-952,56,-222,-14524,-3360,6592,-536,293,-269,0
185.4749870300293,9532,5304,11432,-78,-83,-14,8404,-9904,9192,34,177,-229,-14336,4704,4152,-968,45,-171,-14488,-3404,6328,-555,218,-199,0
185.50852608680728,9468,5356,11408,-45,-32,34,8544,-9876,9116,-71,167,-176,-14252,4720,3912,-920,90,-140,-14488,-3416,6188,-586,163,-169,0
185.54207396507263,9704,5368,11364,-143,-69,60,8620,-9816,9060,-91,160,-159,-14292,4616,3916,-924,55,-55,-14576,-3448,6224,-513,56,-189,0
185.57560706138608,9708,5276,11448,-164,12,107,8572,-9776,9080,-92,216,-35,-14564,4712,4096,-985,4,59,-14516,-3160,6200,-504,-56,-145,0
185.6091499328613,9528,5432,11196,-166,126,80,8696,-9824,9172,-63,203,20,-14304,4656,4168,-1018,-14,122,-14352,-3644,6360,-538,-36,-186,0
185.64591097831726,9392,5400,11340,-137,141,41,8376,-10044,9280,-254,182,-23,-14164,4948,4296,-1053,-17,-29,-14304,-3436,6244,-568,70,-187,0
185.6860511302948,9204,5392,11488,-46,41,52,8208,-9996,9384,-9,182,-100,-14208,5076,4300,-1077,-6,-83,-14272,-3560,6432,-569,171,-211,0
185.72213196754456,9212,5392,11724,-55,11,28,8064,-10116,9224,41,123,-156,-14064,4968,4296,-1067,78,-103,-14212,-3540,6380,-569,205,-155,0
185.75740814208982,9060,5404,11492,-10,-18,113,8032,-10048,9192,-20,61,-195,-14304,4840,4316,-1019,114,-98,-14156,-3528,6768,-568,212,-129,0
185.79329013824463,8968,5412,11436,-85,-48,99,8180,-9732,9440,-109,87,-184,-14180,4976,4320,-957,161,-69,-14400,-3500,6684,-517,127,-89,0
185.82887101173398,9340,5176,11316,-138,-14,105,8328,-10020,9372,-127,109,-149,-14280,4952,4284,-905,163,-44,-14244,-3416,6452,-499,86,-93,0
185.86400508880615,9388,5364,11492,-149,-7,134,8296,-10200,9180,-107,81,-139,-14224,4808,4104,-949,137,-36,-14356,-3448,6416,-496,122,-75,0
185.8999049663544,9316,5600,11696,-147,-52,119,8244,-10000,9128,-101,133,-160,-14136,4840,4108,-894,149,-65,-14120,-3436,6648,-536,147,-83,0
185.93550300598142,9412,5268,11372,-120,-73,100,8304,-10052,9200,-25,123,-187,-14148,5060,4268,-987,80,-127,-14112,-3396,6268,-480,111,-165,0
185.97108292579648,9640,5544,11396,-129,-84,68,8396,-10108,9180,-11,181,-181,-14108,4808,4156,-772,37,-105,-14384,-3372,6344,-491,195,-169,0
186.00623893737796,9372,5320,11376,-105,-81,37,8312,-10232,9312,-256,195,-199,-14412,5092,4296,-1053,33,-116,-14272,-3548,6464,-478,171,-175,0
186.04190993309024,9304,5188,11488,-122,-20,32,8300,-9768,9220,-20,202,-164,-13848,4864,4292,-963,13,-127,-14528,-3468,6576,-523,116,-156,0
186.07798099517822,9332,5268,11564,-173,-66,79,8260,-9744,9396,40,213,-162,-14260,4920,4236,-1044,31,-82,-14560,-3332,6616,-465,147,-129,0
186.11344504356381,9344,5424,11516,-171,-92,78,8160,-9992,9312,-20,199,-174,-14176,4880,4384,-1041,61,-72,-14388,-3520,6476,-466,116,-122,0
186.14870309829715,9332,5380,11396,-171,-103,66,8228,-10092,9280,-9,200,-147,-14152,4928,4404,-996,84,-81,-14488,-3512,6388,-493,111,-92,0
186.18394613265994,9200,5628,11472,-214,-138,111,8228,-9936,9324,38,207,-139,-13956,4904,4264,-1037,108,-107,-14348,-3432,6472,-454,147,-60,0
186.2197360992432,9424,5564,11496,-195,-138,141,8264,-10000,9424,-63,125,-187,-14104,4896,4424,-976,155,-116,-14220,-3608,6496,-511,215,-21,0
186.2545931339264,9324,5364,11448,-192,-206,132,8188,-10044,9176,-36,144,-225,-14136,4980,4308,-907,159,-121,-14300,-3516,6428,-489,238,-35,0
186.2906210422516,9336,5308,11444,-230,-226,133,8216,-10236,8964,-44,159,-264,-14308,5096,3936,-919,185,-140,-14316,-3368,6412,-461,272,-21,0
186.32420611381528,9280,5376,11360,-177,-229,156,8236,-10064,9416,-11,110,-246,-14316,4836,4184,-981,201,-146,-14484,-3488,6512,-441,220,-20,0
186.3578789234161,9256,5276,11276,-237,-237,153,8392,-10052,8996,-64,91,-241,-14108,4980,4012,-919,144,-120,-14580,-3472,6540,-441,182,-49,0
186.39158391952517,9712,5340,11500,-242,-228,123,8428,-10092,9364,-73,147,-244,-14216,4796,4188,-916,94,-160,-14360,-3508,6428,-470,188,-59,0
186.4247739315033,9356,5308,11456,-239,-204,101,8296,-10068,9448,-29,153,-231,-14192,4936,4276,-914,128,-174,-14344,-3340,6388,-494,211,-56,0
186.4582710266113,9380,5288,11444,-184,-189,115,8320,-9996,9236,-35,119,-214,-14188,4852,4100,-928,123,-146,-14332,-3376,6648,-479,198,-49,0
186.49186205863955,9308,5288,11600,-211,-245,131,8376,-10028,9120,-30,131,-253,-14280,4876,4156,-957,125,-98,-14412,-3472,6368,-444,248,-32,0
186.5253911018372,9432,5560,11348,-213,-197,120,8380,-10016,9024,-37,147,-231,-14244,4816,4276,-960,135,-117,-14340,-3440,6396,-482,233,-41,0
186.5589120388031,9384,5212,11320,-199,-186,124,8444,-9896,9028,-36,128,-203,-14280,4836,4332,-940,87,-126,-14208,-3488,6444,-466,212,-55,0
186.59240412712094,9408,5120,11764,-186,-203,135,8256,-10104,9216,-20,158,-210,-14124,4856,4260,-939,99,-131,-14332,-3496,6152,-485,191,-98,0
186.62596797943118,9428,5592,11432,-200,-195,103,8288,-9836,9292,-47,168,-195,-14120,4840,4188,-902,81,-126,-14396,-3396,6356,-486,174,-85,0
186.6593680381775,9496,5324,11280,-171,-151,94,8300,-9992,9184,-55,155,-192,-14112,4848,4300,-950,70,-122,-14436,-3400,6396,-490,197,-87,0
186.6926050186157,9264,5360,11368,-192,-186,105,8232,-10040,9288,-45,120,-194,-14152,4700,4164,-931,102,-92,-14436,-3328,6508,-497,198,-97,0
186.72604393959045,9516,5292,11500,-130,-135,97,8296,-10016,9184,-35,137,-192,-14108,4820,4272,-972,99,-146,-14332,-3436,6460,-516,170,-118,0
186.75966215133667,9460,5208,11404,-69,-115,68,8272,-9956,9172,-35,130,-206,-14192,4840,4172,-952,71,-116,-14388,-3364,6448,-554,175,-120,0
186.7931571006775,9448,5216,11416,-128,-45,67,8296,-9744,9036,-42,107,-149,-14164,4764,4536,-958,50,-71,-14088,-3520,6384,-519,145,-121,0
186.82674407958982,9472,5436,11320,-152,-19,65,8392,-9968,8988,-47,145,-127,-14220,4972,4264,-949,26,-53,-14360,-3352,6500,-537,147,-153,0
186.86020493507385,9488,5248,11284,-102,-31,97,8336,-10052,9316,-60,127,-123,-14304,4948,4068,-979,41,-52,-14440,-3524,6348,-554,183,-146,0
186.8936650753021,9224,5264,11732,-130,-5,108,8268,-10092,9284,-23,138,-124,-14140,4892,4144,-775,41,-50,-14348,-3460,6476,-511,146,-163,0
186.92703413963318,9456,5596,11268,-77,-29,91,8304,-10016,9264,-64,135,-113,-14196,4796,4112,-992,33,-46,-14500,-3464,6428,-524,95,-136,0
186.9604721069336,9464,5308,11396,-108,15,66,8272,-9740,9356,-61,151,-120,-14096,4944,4156,-970,22,-102,-14508,-3480,6428,-516,127,-160,0
186.99384903907776,9452,5388,11276,-113,-2,31,8332,-10072,9260,-44,186,-142,-14192,4920,4204,-996,29,-63,-14432,-3336,6416,-534,87,-144,0
187.02747797966003,9284,5260,11268,-38,-10,43,8340,-10016,9292,-30,172,-120,-13928,4916,4124,-1007,22,-77,-14512,-3424,6468,-551,82,-158,0
187.06104803085327,9328,5352,11460,-45,-56,75,8252,-10032,8980,-55,166,-108,-14292,4936,4360,-855,-65,-75,-14548,-3472,6444,-507,57,-156,0
187.09428215026855,9328,5156,11492,-79,-59,25,8324,-10048,9184,-64,213,-132,-14096,4644,4256,-993,58,-67,-14368,-3572,6472,-506,58,-156,0
187.12767505645755,9392,5448,11348,-58,-29,65,8208,-10104,9024,-41,160,-143,-14196,4920,4300,-1046,92,-86,-14324,-3476,6180,-476,116,-151,0
187.1610860824585,9300,5248,11708,-91,-71,75,8484,-10132,9136,-95,297,-94,-14124,5028,4100,-1090,111,-77,-14320,-3428,6448,-532,132,-131,0
187.19424009323117,9280,5356,11516,-35,-133,86,8288,-10152,8992,-34,75,-179,-14120,4820,4144,-988,116,-90,-14328,-3468,6420,-549,163,-124,0
187.2279109954834,9280,5400,11416,-27,-123,93,8444,-10200,9164,-25,108,-189,-14020,4916,4160,-989,126,-75,-14428,-3540,6460,-556,142,-155,0
187.26153707504275,9364,5432,11280,-15,-21,70,8336,-10084,9148,-24,120,-169,-14180,5116,4348,-1021,129,-130,-14436,-3436,6492,-518,117,-143,0
187.29494214057922,9352,5416,11356,-38,-45,98,8348,-10212,9392,-9,83,-165,-14256,5056,4272,-1007,162,-124,-14456,-3432,6508,-552,116,-88,0
187.33170199394226,9380,5332,11332,-41,-42,107,8284,-9828,9280,-53,93,-184,-14160,4728,4200,-922,148,-64,-14400,-3448,6644,-548,137,-119,0
187.36760902404782,9336,5424,11500,-77,-96,85,8388,-10060,9268,-108,204,-158,-14104,4804,4116,-923,128,-93,-14332,-3516,6436,-530,128,-139,0
187.40286302566528,9664,5460,11408,-124,-75,62,8360,-10032,9220,-32,116,-158,-14236,4652,4300,-984,116,-101,-14264,-3512,6304,-501,157,-122,0
187.43858599662784,9296,5228,11472,-111,-23,92,8284,-10176,9364,-14,99,-156,-14140,4956,4416,-989,147,-96,-14180,-3524,6452,-498,162,-108,0
187.4743230342865,9324,5356,11600,-69,-73,94,8244,-10160,9268,-47,68,-183,-14184,4940,4184,-1010,143,-151,-14296,-3496,6284,-524,234,-116,0
187.50977206230164,9372,5624,11456,-51,-115,105,7976,-9916,9272,-49,115,-226,-14204,4964,4308,-976,177,-79,-14544,-3348,6536,-524,183,-70,0
187.54497003555298,9336,5468,11184,-74,-49,129,8212,-9996,8980,-38,73,-170,-14304,4940,4284,-976,182,-13,-14460,-3464,6324,-521,146,-79,0
187.58095908164978,9320,5432,11336,-51,-7,149,8224,-9760,9456,-45,83,-125,-14112,4852,4232,-979,164,-97,-14304,-3384,6408,-505,78,-112,0
187.61712503433228,9296,5464,11344,-64,-20,134,8244,-10108,9284,-62,72,-128,-14272,4880,4096,-985,127,-92,-14348,-3372,6284,-512,120,-138,0
187.65229010581967,9464,5472,11552,-119,-23,124,8308,-10100,9160,-19,91,-141,-13848,4628,4472,-977,131,-112,-14396,-3396,6260,-580,194,-106,0
187.68757605552673,9224,5400,11388,-111,-121,118,8316,-10084,9136,-20,104,-215,-14068,5016,4172,-962,101,-91,-14324,-3536,6452,-573,295,-122,0
187.72270798683167,9248,5472,11280,-102,-196,98,8264,-10152,9036,-18,104,-4,-14156,4852,4156,-986,101,-114,-14136,-3420,6492,-553,279,-155,0
187.75812602043155,9564,5376,11476,-91,-166,91,8284,-10068,9256,13,139,-239,-14116,4876,4360,-956,60,-134,-14464,-3432,6352,-551,211,-184,0
187.7931220531464,9392,5432,11204,-101,-109,59,8356,-10048,9276,33,135,-208,-14152,4952,4164,-983,83,-122,-14532,-3488,6420,-533,167,-181,0
187.8287479877472,9256,5424,11380,-51,-100,49,8240,-10084,9128,-252,153,-195,-14108,4796,4180,-939,58,-143,-14324,-3540,6188,-583,221,-202,0
187.8639121055603,9324,5408,11380,-125,-102,79,8284,-9784,9416,-13,164,-210,-14324,4688,4180,-972,23,-89,-14420,-3428,6300,-514,202,-162,0
187.9000699520111,9216,5440,11436,-163,-88,73,8320,-10068,9340,28,166,-192,-14256,4988,4376,-980,77,-113,-14368,-3400,6344,-542,162,-139,0
187.93496108055118,9392,5468,11364,-153,-93,81,8328,-9788,9204,18,128,-170,-14156,4972,4032,-1016,114,-108,-14480,-3484,6464,-494,179,-105,0
187.9718489646912,9324,5400,11348,-184,-114,116,8300,-9972,9348,24,141,-181,-14288,4916,4232,-1019,134,-161,-14348,-3792,6348,-469,191,-107,0
188.00544714927673,9228,5428,11380,-195,-201,139,8156,-10048,9448,22,154,-211,-14128,4704,4288,-980,131,-199,-14320,-3476,6448,-444,232,-77,0
188.03903007507327,9272,5400,11372,-174,-244,107,8240,-9812,9136,252,94,-249,-14336,4764,4264,-967,130,-195,-14496,-3472,6352,-472,235,-128,0
188.07253503799438,9368,5544,11448,-171,-239,125,8256,-10040,9196,13,168,-252,-14232,4816,4520,-1033,100,-156,-14280,-3400,6512,-487,215,-102,0
188.10609006881714,9288,5408,11396,-209,-200,103,8296,-10080,9352,23,166,-213,-14160,4916,4260,-1018,131,-131,-14496,-3528,6472,-444,178,-72,0
188.1400101184845,9412,5608,11364,-239,-217,130,8216,-9940,9128,9,133,-189,-14140,4928,4124,-1027,164,-106,-14424,-3476,6324,-426,159,-31,0
188.1734700202942,9272,5344,11488,-209,-169,163,7988,-10020,9096,35,108,-199,-14064,4884,4136,-1084,225,-102,-14340,-3364,6552,-458,161,-14,0
188.20717310905454,9264,5400,11712,-225,-224,218,8440,-10016,9456,11,58,-207,-14156,4632,4508,-1027,230,-160,-14320,-3492,6428,-439,192,-255,0
188.24073195457458,9344,5332,11500,-216,-185,208,8348,-9916,9008,-10,113,-222,-14204,4676,4124,-1021,194,-182,-14116,-3480,6156,-445,218,-13,0
188.27428007125854,9360,5156,11340,-251,-509,158,8356,-10044,9320,23,99,-260,-14236,4796,4220,-993,199,-183,-14252,-3576,6400,-380,227,-69,0
188.30803203582764,9432,5400,11456,-248,-242,123,8396,-10000,9252,15,132,-6,-14184,4828,4324,-1046,185,-195,-14424,-3412,6228,-344,243,-54,0
188.34146404266357,9712,5416,11184,-8,-209,107,8232,-10224,9392,17,205,-5,-14300,4860,4236,-1033,158,-172,-14452,-3360,6328,-336,186,-63,0
188.37500500679013,9228,5296,11312,-213,-163,80,8348,-9996,9240,-245,152,-243,-14072,4904,4072,-1028,117,-122,-14488,-3452,6416,-384,185,-92,0
188.4085431098938,9364,5440,11484,-255,-199,100,8220,-10028,9172,63,119,-193,-14220,4924,4160,-1109,107,-127,-14092,-3344,6500,-378,202,-48,0
188.44186997413638,9408,5328,11292,-235,-146,138,8248,-9752,9444,22,122,-213,-13864,4672,4600,-1037,176,-175,-14312,-3384,6368,-412,180,-40,0
188.47561693191528,9380,5352,11480,-281,-199,131,8292,-10012,9336,34,104,-233,-14168,4876,4096,-1027,196,-175,-14384,-3348,6376,-457,278,-28,0
188.50915598869324,9392,5352,11344,-249,-189,171,8296,-9996,9140,40,105,-199,-14380,5000,4180,-1105,163,-155,-14468,-3448,6500,-438,175,-48,0
188.54253292083743,9404,5324,11416,-145,-93,168,8296,-9872,9140,43,126,-158,-14288,4872,4116,-1055,133,-83,-14308,-3480,6500,-472,130,-107,0
188.5761480331421,9356,5412,11148,-212,-7,121,8248,-9892,9236,-250,109,-165,-14120,5084,4328,-771,118,-53,-14288,-3496,6352,-468,112,-119,0
188.6097590923309,9376,5332,11268,-163,59,88,8404,-9952,9284,-48,111,-143,-13960,4620,4324,-1278,89,-57,-14376,-3396,6340,-490,193,-93,0
188.64345598220828,9460,5336,11432,-166,166,86,8284,-9904,9264,27,91,-150,-14240,4780,4072,-1119,134,-99,-14084,-3248,5988,-385,295,-11,0
188.67697906494143,9228,5336,11460,-174,123,134,8332,-9952,9432,30,68,-205,-14164,4876,3864,-1127,210,-147,-14356,-3352,6496,-501,281,-25,0
188.7105429172516,9400,5120,11476,-186,-142,162,8472,-10032,9256,-46,70,-188,-14132,5100,4292,-1062,158,-134,-14608,-3232,6564,-547,201,-78,0
188.7441711425781,9572,5252,11664,-199,-110,133,8204,-9996,9436,15,147,-130,-14216,4772,4252,-1028,75,-60,-14444,-3464,6512,-489,97,-128,0
188.7774519920349,9512,5252,11388,-72,-160,77,8352,-10192,9308,33,145,-135,-14268,4916,4204,-1063,46,-59,-14392,-3408,6516,-568,94,-149,0
188.8111710548401,9372,5320,11368,-53,-107,85,8312,-9888,9296,255,169,-154,-14196,4732,4148,-1023,2,-67,-14444,-3408,6168,-584,39,-235,0
188.8445429801941,9348,5328,11184,-44,-146,51,8324,-9980,9236,-19,221,-187,-14140,4612,4116,-984,-19,-136,-14476,-3384,6424,-530,55,-212,0
188.8781111240387,9456,5472,11580,-109,-113,29,8292,-9972,9280,-38,253,-202,-13972,4712,4236,-946,6,-109,-14460,-3344,6332,-441,112,-155,0
188.91183495521545,9336,5248,11496,-144,-116,31,7988,-9752,9296,-38,194,-227,-14168,4912,4200,-956,75,-140,-14164,-3480,6204,-402,202,-135,0
188.9453129768372,9352,5368,11384,-154,-142,54,8220,-10000,9252,-47,160,-250,-13832,4624,4000,-964,139,-159,-14276,-3460,6456,-409,256,-98,0
188.97897696495053,9312,5348,11356,-160,-150,106,8212,-9900,9244,-38,125,-233,-14240,4872,4296,-939,153,-162,-14108,-3476,6516,-466,510,-67,0
189.01608109474182,9392,5484,11360,-202,-148,135,8396,-9908,9288,-49,107,-191,-14224,4836,4076,-997,145,-62,-14576,-3332,6384,-259,153,-106,0
189.0518810749054,9468,5420,11600,-148,-149,123,8292,-10028,9256,-43,156,-134,-14228,5104,4280,-980,25,-77,-14500,-3456,6460,-266,130,-111,0
189.0880260467529,9384,5352,11428,-154,-54,89,8328,-9924,9276,-8,142,-111,-14248,4444,4288,-773,100,-97,-14436,-3476,6152,-505,108,-101,0
189.12374711036682,9476,5416,11344,-78,-25,109,8276,-9960,9272,-56,105,-103,-14224,4688,4168,-775,82,-20,-14416,-3452,6284,-480,149,-115,0
189.15928602218628,9376,5372,11424,-98,-40,126,8376,-9888,9320,-37,92,-169,-14176,4888,4172,-999,95,-75,-14416,-3572,6508,-500,166,-85,0
189.1945869922638,9456,5280,11392,-125,-28,123,8408,-10024,9352,-48,85,-176,-14116,4816,4288,-1005,82,-123,-14532,-3320,6364,-484,168,-71,0
189.23037099838254,9372,5200,11484,-65,-38,89,8308,-10044,9276,-69,107,-147,-14112,4872,4308,-1276,87,-63,-14488,-3268,6476,-490,130,-122,0
189.26585698127747,9648,5244,11328,-96,-35,50,8372,-10008,9172,-37,137,-162,-14304,4928,4304,-1006,45,-125,-14456,-3376,6484,-467,129,-162,0
189.30134391784668,9384,5312,11332,-112,-27,37,8396,-10024,9360,-60,205,-192,-14212,4844,4120,-1000,-30,-106,-14392,-3352,6432,-481,151,-211,0
189.337749004364,9444,5308,11576,-70,7,-7,8376,-9972,9180,253,253,-203,-14164,4808,4244,-1278,-28,-137,-14396,-3488,6384,-490,172,-222,0
189.37283897399902,9300,5420,11208,-84,-245,-10,8232,-9952,9332,-40,203,-231,-14188,4756,4260,-1004,35,-211,-14120,-3512,6616,-459,273,-145,0
189.40818405151367,9368,5436,11756,-144,-20,44,8320,-9836,9268,-55,145,-226,-14192,4844,4564,-1037,91,-134,-14420,-3356,6356,-412,251,-114,0
189.44362211227414,9388,5404,11388,-168,56,85,8228,-9964,9280,-41,150,-171,-14156,4616,4360,-1072,115,-156,-14472,-3452,6432,-441,247,-49,0
189.47883200645447,9336,5416,11388,-196,68,95,8212,-9988,9284,252,137,-151,-14164,4800,4208,-1044,176,-120,-14520,-3492,6388,-482,295,-61,0
189.51443195343018,9252,5380,11392,-156,92,139,8248,-9896,9380,2,110,-150,-14172,4736,4372,-1053,147,-131,-14464,-3312,6400,-459,396,-83,0
189.55071496963504,9256,5584,11448,-172,152,110,8340,-9936,9460,31,135,-173,-14140,4772,4244,-1010,64,-217,-14556,-3364,6360,-452,525,-111,0
189.58557510375974,9288,5356,11344,-186,151,85,8312,-10180,9260,27,177,-176,-14164,4796,4336,-935,50,-160,-14460,-3424,6344,-445,478,-162,0
189.62131309509277,9368,5300,11268,-160,150,45,8384,-9944,9320,16,153,-201,-14116,4612,4112,-834,186,-159,-14368,-3284,6444,-562,366,-141,0
189.65791511535647,9320,5616,11400,-81,177,84,8308,-9956,9248,-5,126,-181,-14052,4696,4216,-858,246,-141,-14384,-3088,6192,-592,349,-116,0
189.69150400161743,9348,5356,11704,-123,66,69,8316,-9876,9252,-45,118,-193,-14040,4836,4176,-884,240,-108,-14388,-3480,6172,-689,207,-118,0
189.724916934967,9252,5388,11412,-81,30,100,8284,-9968,9432,-104,108,-182,-14168,5048,4252,-891,3,-69,-14408,-3292,6304,-708,214,-120,0
189.75846910476687,9316,5220,11608,-94,81,103,8304,-10144,9308,-61,101,-160,-14272,4856,4416,-1011,156,-108,-14496,-3528,6308,-615,289,-103,0
189.79196310043335,9244,5388,11596,-141,2,113,8424,-9932,9320,-13,126,-136,-14228,4948,4260,-1020,85,-79,-14504,-3520,6236,-592,312,-116,0
189.82527208328247,9204,5348,11628,-133,121,114,8392,-9956,9060,-42,159,-112,-14312,4828,4400,-979,39,-71,-14472,-3160,6288,-473,332,-175,0
189.85889601707458,9180,5404,11424,-204,195,42,8232,-10020,9392,32,189,-134,-14252,4700,4164,-954,41,-116,-14556,-3412,6224,-440,425,-171,0
189.8930051326752,9144,5424,11544,-186,240,63,8348,-9960,9256,18,166,-132,-14132,4708,4168,-936,103,-99,-14420,-3388,6168,-493,392,-146,0
189.92595005035398,9068,5444,11624,-175,236,70,8340,-9844,9316,55,194,-176,-14036,4756,4208,-806,142,-110,-14468,-3492,6168,-632,383,-109,0
189.95954108238223,9180,5424,11636,-176,314,68,8304,-9928,9304,-18,189,-206,-14132,4728,4188,-743,26,-131,-14488,-3356,5956,-555,499,-138,0
189.99311304092407,9024,5380,11656,-286,170,81,8232,-9900,9168,16,183,-205,-14196,4768,4200,-759,-44,-97,-14544,-3452,6300,-400,592,-171,0
190.02643394470215,9184,5120,11704,-227,-73,96,8164,-9860,9396,25,191,-210,-14324,4772,4208,-805,12,-73,-14584,-3500,6260,-448,354,-148,0
190.06004810333252,9008,5360,11480,-190,-42,99,8216,-9856,9276,-91,80,-170,-14164,5076,4144,-930,-21,-29,-14440,-3528,6296,-494,406,-152,0
190.09367299079895,9116,5308,11348,-213,-9,129,8240,-9864,9244,14,88,-140,-14136,4904,3988,-995,134,-28,-14472,-3400,6152,-500,201,-109,0
190.12725710868838,9008,5268,11596,-2,79,148,8100,-9952,9296,2,83,-116,-14120,4796,4396,-969,152,-35,-14456,-3432,6092,-448,216,-90,0
190.1607980728149,9036,5320,11704,-187,31,205,8316,-9956,9352,-6,-256,-126,-14268,4872,4128,-978,187,-44,-14844,-3472,6076,-559,287,-96,0
190.1942069530487,9064,5136,11700,-211,111,218,8316,-9968,9304,6,7,-120,-14204,5036,4236,-935,134,242,-14488,-3428,6048,-493,385,-108,0
190.22767400741574,9012,5264,11548,-222,209,228,8292,-9972,9292,9,-20,-132,-14388,4780,4172,-897,122,-47,-14536,-3400,6116,-392,414,-108,0
190.2612929344177,9140,5236,11740,-226,202,163,8536,-9892,9396,46,-244,-166,-14108,4860,4308,-867,127,-25,-14816,-3320,6100,-425,268,-133,0
190.29482698440555,9092,5304,11624,-223,209,107,8420,-9964,9160,-42,24,-144,-14576,5112,4228,-934,112,-20,-14760,-3296,5944,-439,165,-130,3
190.32818913459778,9192,5196,11640,-197,187,67,8384,-10032,9252,16,23,-142,-14116,4824,4132,-1000,99,-66,-14484,-3408,6012,-380,222,-138,3
190.36173605918887,9008,5232,11668,-185,137,96,8344,-10004,9036,14,128,-126,-14172,4872,4468,-993,45,-111,-14560,-3392,5964,-486,168,-160,3
190.39538002014157,8920,5204,11732,-137,245,79,8308,-10080,9400,-253,154,-174,-14164,5100,4544,-1009,63,-110,-14440,-3556,6208,-470,136,-171,3
190.42846608161926,8968,5252,11752,-107,-77,89,8216,-9992,9092,-30,155,-223,-14024,4884,4240,-982,50,-109,-14516,-3424,6052,-524,185,-197,3
190.46204900741574,8992,5236,11748,-103,-184,78,8336,-9992,9332,5,186,-195,-14164,4728,4332,-1002,102,-84,-14492,-3432,5936,-586,140,-200,3
190.49552392959598,8960,5320,11700,-62,-93,73,8328,-9776,9216,13,165,-141,-14176,4852,4176,-1072,68,-140,-14420,-3480,6228,-593,37,-190,3
190.52875399589539,8784,5332,11616,-11,-112,86,8356,-9936,9276,-8,156,-168,-14220,4828,4304,-1078,68,-136,-14544,-3476,6052,-601,251,-208,3
190.56219601631167,9192,5272,11660,12,-203,39,8340,-9868,9196,-17,228,-173,-14180,5064,4284,-771,61,-161,-14456,-3508,6060,-642,95,-204,0
190.5958480834961,8928,5280,11652,-41,-188,39,8392,-9744,9316,4,157,-202,-14132,4900,4436,-971,102,-170,-14500,-3532,6064,-609,152,-169,0
190.62927103042603,9016,5148,11604,-35,-233,52,8248,-9916,9304,252,251,-219,-14184,4608,4528,-1280,50,-106,-14504,-3524,6080,-568,112,-130,0
190.66250514984128,8880,5460,11672,-111,-314,48,8212,-9948,9236,-42,202,-224,-14216,4856,4332,-1000,137,-104,-14448,-3504,6096,-549,22,-73,0
190.7055790424347,9072,5316,11576,-98,-305,103,8236,-9912,9288,-93,159,-193,-14128,4804,4320,-939,123,-112,-14484,-3448,6112,-623,94,-103,0
190.74238204956055,9044,5388,11444,-77,-273,123,8368,-9876,9296,-32,139,-202,-14128,4776,4336,-1030,168,-136,-14528,-3376,6220,-613,4,-93,0
190.77743005752563,8796,5344,11604,-92,-303,152,8272,-9816,9348,-24,108,-184,-14132,4788,4296,-1012,183,-131,-14336,-3436,6148,-637,112,-40,0
190.8132200241089,9080,5324,11768,-120,-322,194,8284,-10232,9376,-27,67,-213,-14184,4896,4232,-1051,203,-140,-14524,-3448,6328,-632,167,247,0
190.84819912910461,9032,5304,11656,-104,-337,167,8292,-9976,9300,-19,88,-236,-14192,4784,4228,-1036,279,-176,-14544,-3440,6076,-714,146,-30,0
190.88406014442444,9156,5304,11684,-88,-332,165,8260,-10204,9344,-11,131,-226,-14124,4756,4348,-1064,6,-133,-14848,-3564,6120,-674,182,-63,0
190.91971397399902,9040,5336,11520,-88,-282,146,8268,-9888,8968,-12,148,-236,-14092,4724,4300,-1026,269,-185,-14480,-3364,6020,-680,145,-81,0
190.95507502555847,9072,5276,11584,-70,-280,133,8308,-9872,9384,-63,161,-511,-14176,4656,4340,-1001,207,-147,-14620,-3416,6028,-648,134,-118,0
190.99058604240417,9204,5320,11272,-130,-248,101,8356,-9968,9216,-47,134,-200,-14128,4760,4192,-998,157,-126,-14504,-3660,6080,-631,121,-134,0
191.02618408203128,9100,5616,11540,-90,-204,99,8424,-9952,9332,36,183,-191,-14200,4756,4228,-1006,240,-177,-14484,-3668,6212,-632,113,-102,0
191.06181597709656,9020,5276,11616,-75,-201,87,8276,-9956,9124,-18,128,-217,-14168,4636,4180,-1114,185,-133,-14520,-3476,5956,-677,154,-82,0
191.0977120399475,9132,5372,11612,-129,-318,160,8344,-9892,9268,24,135,-215,-14072,4676,4184,-1164,226,-195,-14440,-3572,6136,-629,108,-80,0
191.13285493850708,9152,5152,11224,-106,-240,159,8308,-9788,9404,-14,59,-201,-14336,4948,4248,-1075,260,-75,-14532,-3464,6216,-616,90,-77,0
191.1675910949707,8964,5592,11284,-99,-186,173,8320,-9860,9340,-22,101,-160,-14164,4720,4248,-1122,206,-106,-14428,-3812,5904,-579,175,-86,0
191.2037010192871,9144,5404,11412,-81,-231,133,8428,-9856,9400,251,139,-191,-14144,4764,4192,-1097,186,-101,-14432,-3556,5888,-575,255,-74,0
191.23886299133304,9104,5384,11520,-171,-236,146,8296,-9732,9036,1,154,-221,-14116,4796,4188,-1103,169,-132,-14432,-3552,6140,-576,240,-113,0
191.2742440700531,9184,5428,11708,-127,-227,111,8356,-9932,9324,-6,179,-222,-14216,4816,4344,-1073,191,-162,-14520,-3468,6092,-566,191,-128,0
191.31153512001038,9360,5252,11332,-125,-186,92,8332,-9872,9280,-49,135,-183,-14232,4936,4116,-1042,168,-54,-14480,-3512,6008,-585,217,-187,0
191.34498691558838,9300,5620,11448,-132,-116,82,8344,-9960,9228,-17,152,-150,-14256,4788,3904,-1050,129,-45,-14576,-3416,5676,-540,198,-133,0
191.37862896919248,9388,5356,11448,-135,-102,90,8444,-9780,9260,-70,158,-168,-14248,4828,4040,-1049,187,-37,-14480,-3564,5976,-561,97,-159,0
191.41235399246216,9020,5280,11304,-136,-68,91,8392,-9944,9312,-40,153,-154,-14236,4800,4332,-1063,152,-66,-14512,-3436,5960,-446,61,-135,0
191.4455881118774,8964,5120,11340,-163,-102,115,8392,-9908,9284,-35,148,-151,-14184,4700,4168,-1096,121,-91,-14544,-3448,6008,-454,129,-142,0
191.47913193702698,9268,5416,11508,-125,-15,98,8368,-9968,9144,-46,159,-98,-14316,4772,4300,-1047,77,-62,-14472,-3344,5964,-512,37,-116,0
191.51234412193298,9140,5392,11352,-116,-108,80,8284,-9916,9692,-68,162,-141,-14328,4724,4112,-1063,64,-19,-14544,-3388,6100,-201,36,-47,0
191.54573512077332,9364,5384,11380,-86,20,100,8312,-9932,9332,-41,121,-116,-14332,4756,4344,-770,46,-58,-14436,-3556,6064,-85,106,-95,0
191.579087972641,9212,5428,11668,-152,-3,104,8316,-9972,9372,-103,174,-122,-14384,4776,4264,-1012,47,-83,-14508,-3552,6256,-6,9,-73,0
191.6126179695129,9128,5396,11556,-145,11,85,8312,-10008,9240,-69,140,-91,-14188,4776,4256,-1035,33,-58,-14436,-3512,6220,-29,104,-57,0
191.64612007141113,9172,5444,11576,-161,-14,106,8348,-9972,9264,-96,173,-124,-14124,4688,4132,-1009,9,-44,-14476,-3496,6152,-88,164,-58,0
191.67960500717163,9432,5528,11708,-176,-51,116,8260,-9760,9416,-54,153,-176,-14192,4828,4200,-1054,131,-56,-14556,-3448,6248,-213,191,-65,0
191.71303415298462,9212,5312,11436,-143,-72,132,8236,-10068,9260,-25,125,-171,-14124,5100,4212,-1102,162,-113,-14536,-3300,6152,-351,220,-97,0
191.7468650341034,9008,5336,11600,-148,-36,61,8164,-10108,9260,9,106,-173,-14172,5096,4208,-1104,160,-120,-14472,-3340,6320,-416,252,-113,0
191.78039407730103,9076,5332,11684,-119,-95,84,8332,-9764,9380,-12,143,-161,-14220,4804,4268,-1092,180,-122,-14576,-3448,6192,-463,262,-105,0
191.81383514404294,9128,5496,11760,-187,-51,105,8216,-10224,9212,-52,148,-167,-14256,4716,4228,-1051,191,-126,-14500,-3292,6156,-463,269,-134,0
191.84739112854004,9064,5316,11316,-199,-96,63,8252,-10016,9228,-3,192,-137,-13988,4860,4084,-1092,229,-71,-14508,-3340,6224,-694,278,-186,0
191.8810329437256,9184,5388,11560,-192,-41,68,8220,-9928,9296,6,181,-127,-14328,4800,4200,-1154,251,-79,-14488,-3508,5920,-742,289,-181,0
191.91427493095398,9104,5448,11592,-161,-42,54,8260,-9968,9244,-53,149,-146,-14204,4880,4120,-1028,244,-63,-14536,-3580,5908,-803,142,-205,0
191.94765710830688,9112,5416,11508,-140,-117,19,8292,-9916,9260,-42,143,-166,-14204,4732,4212,-898,178,-73,-14560,-3392,6208,-751,185,-188,0
191.98121809959412,9188,5356,11488,-143,-114,16,8312,-9792,9276,-54,180,-152,-14296,4920,4148,-934,209,-96,-14388,-3344,6104,-664,91,-194,0
192.01478099822998,9144,5360,11408,-77,-66,58,8244,-9984,9296,-16,150,-181,-14156,4752,4164,-971,240,-86,-14404,-3560,6272,-739,28,-166,0
192.04840803146362,9100,5360,11620,-149,-83,82,8176,-9864,9336,-22,99,-168,-14148,4748,4136,-945,280,-38,-14632,-3516,6140,-828,12,-186,0
192.0816810131073,9084,5156,11636,-167,-132,88,8252,-9940,9416,-44,131,-137,-14288,4792,3924,-1009,277,-37,-14492,-3528,6028,-745,44,-137,0
192.1151621341705,9144,5184,11300,-171,-70,132,8292,-9904,9428,40,82,-143,-14196,4748,4044,-986,325,-32,-14428,-3364,6000,-742,57,-106,0
192.1486189365387,9020,5452,11424,-147,-124,143,8292,-9980,9252,-72,27,-136,-14300,4660,3912,-896,322,-90,-14340,-3516,6024,-777,62,-80,0
192.18192410469055,8992,5600,11316,-96,-124,153,8200,-9892,9172,-63,9,-160,-14160,4900,4100,-892,331,-79,-14552,-3440,6132,-777,108,-59,0
192.21546506881714,9064,5352,11440,-149,-128,161,8220,-9884,9240,-27,14,-149,-14172,4788,3972,-896,363,-59,-14436,-3332,6148,-758,59,-52,0
192.24909591674808,9136,5348,11724,-167,-93,187,8308,-9752,9300,-32,51,-174,-14560,4796,3840,-840,343,-72,-14404,-3488,6224,-785,30,-29,0
192.28258895874023,9444,5120,11680,-217,-188,173,8332,-10092,9240,30,78,-224,-14292,4900,4032,-795,319,-94,-14488,-3564,6176,-793,82,-26,0
192.31609106063843,9100,5292,11668,-162,-245,159,8296,-10112,9480,21,72,-230,-14320,4764,4060,-846,296,-159,-14548,-3544,6256,-835,129,-74,0
192.3522469997406,9272,5332,11576,-155,-300,116,8304,-9988,9164,-22,155,-270,-14300,4736,4252,-789,200,-163,-14812,-3828,6220,-740,63,-107,0
192.38816213607788,9164,5252,11452,-175,-290,57,8264,-9936,9176,-21,211,-261,-14248,4756,3992,-664,116,-163,-14376,-3368,6196,-691,74,-158,0
192.42338705062866,9144,5236,11292,-115,-311,49,8124,-10048,9220,35,173,-289,-13980,5088,3804,-745,200,-203,-14524,-3492,6200,-587,75,-114,0
192.4583079814911,9252,5380,11464,-166,-290,42,8248,-10220,9360,-77,235,-260,-14392,4844,3912,-742,188,-173,-14428,-3584,6168,-519,89,-85,0
192.49434995651248,9320,5300,11368,-147,-304,84,8440,-9944,9304,-39,194,-265,-14184,4828,3952,-830,176,-271,-14448,-3584,6240,-523,108,-90,0
192.53009915351868,9356,5476,11616,-170,-368,92,8268,-9860,9312,-50,211,-270,-14104,4828,4084,-874,228,-223,-14568,-3624,6220,-669,139,-87,0
192.56548810005188,9344,5416,11644,-172,-340,126,8372,-9916,9404,23,170,-260,-14136,4816,4192,-845,217,-177,-14572,-3612,6116,-667,65,-85,0
192.6014080047608,9304,5476,11752,-83,-299,112,8384,-9904,9468,-27,126,-245,-14304,4868,3844,-819,249,-199,-14416,-3664,6228,-737,81,-85,0
192.6376349925995,9360,5416,11496,-86,-282,108,8392,-9968,9288,1,145,-245,-14372,4756,3916,-902,232,-189,-14484,-3600,5936,-776,126,-104,0
192.67269015312198,9436,5244,11476,-57,-265,131,8396,-9916,9208,237,173,-209,-14084,4796,3884,-890,278,-121,-14536,-3600,6156,-839,17,-112,0
192.70862913131714,9344,5260,11292,-38,-130,100,8364,-9936,9252,-42,155,-153,-14292,4772,3980,-866,248,-120,-14292,-3664,6124,-901,-57,-186,0
192.7436511516571,9288,5308,11392,-37,-55,67,8328,-9924,9400,-106,157,-145,-14296,4836,3952,-947,170,-84,-14472,-3572,6076,-940,-60,-171,0
192.78003311157227,9348,5396,11384,8,-76,74,8024,-9880,9236,-116,205,-130,-14104,4812,3904,-985,106,-86,-14440,-3512,6188,-869,-31,-183,0
192.81494307518005,9336,5360,11480,-38,-53,101,8200,-9976,9284,-73,173,-167,-14312,4768,4080,-1031,218,-113,-14152,-3824,6004,-761,25,-116,0
192.85019803047183,9288,5404,11476,-7,-108,111,8308,-10092,9156,-124,106,-189,-14176,4828,3888,-1040,239,-146,-14344,-3636,6344,-735,-62,-123,0
192.8855600357056,9368,5336,11572,27,-175,96,8412,-10036,9368,-26,152,-175,-14360,4608,3948,-947,235,-114,-14556,-3692,6304,-873,-87,-164,0
192.9211859703064,9312,5400,11356,18,-99,76,8324,-9944,9364,-10,211,-163,-14220,4704,3848,-773,159,-100,-14388,-3600,6216,-778,-44,-130,0
192.95599412918088,9244,5616,11376,-125,-153,118,8200,-9884,9216,0,141,-193,-14332,4656,3932,-991,118,-92,-14332,-3676,6252,-732,-16,-107,0
192.99221706390384,9240,5520,11324,-35,-79,105,8276,-10160,9380,-98,91,-153,-14296,4752,3960,-981,152,-65,-14480,-3736,6168,-638,-32,-78,0
193.0280089378357,9276,5424,11488,-112,-94,105,8232,-9948,9236,-132,93,-148,-14300,4812,4088,-931,206,-19,-14372,-3400,6280,-552,-16,-48,0
193.06150698661807,9256,5184,11492,-94,-67,129,8320,-10032,9240,-168,74,-135,-14396,4804,3864,-907,161,-34,-14572,-3824,6240,-454,-2,-41,0
193.09505510330197,9400,5204,11272,-86,-80,146,8328,-9980,9292,-120,79,-172,-14428,4812,3800,-872,242,-49,-14568,-3668,6236,-479,-38,-80,0
193.12871098518372,9388,5436,11348,-103,-31,70,8608,-9772,9216,-108,96,-179,-14512,4932,3792,-885,200,-89,-14132,-3592,6204,-481,21,-102,0
193.16220998764038,9336,5404,11428,-81,-67,103,8404,-9892,9140,-53,103,-178,-14376,4636,3852,-859,183,-107,-14376,-3536,6388,-768,44,-93,0
193.19551992416382,9324,5364,11452,-127,-43,102,8256,-10084,9028,-74,111,-152,-14316,4876,3960,-933,102,-147,-14360,-3692,6160,-421,109,-86,0
193.22919607162478,9216,5344,11712,-223,-96,104,8252,-9732,9056,-23,122,-177,-14296,4924,3852,-902,111,-76,-14384,-3640,6332,-362,85,-92,0
193.26287603378296,9280,5520,11132,-150,-70,95,8284,-10060,9236,-118,104,-168,-14436,4844,3956,-951,59,-38,-14580,-3692,6328,-371,91,-111,0
193.29656600952148,9312,5488,11388,-157,-73,95,8444,-9960,9244,-47,131,-181,-14096,4768,4016,-924,46,-24,-14280,-3712,6344,-300,124,-100,0
193.3299789428711,9280,5476,11472,-235,-50,108,8272,-9732,9312,-83,137,-171,-14512,4840,3584,-969,-255,-24,-14112,-3536,6152,-182,140,-61,0
193.3637659549713,9456,5384,11556,-136,-641,80,8348,-9876,9164,-48,168,-172,-14336,4776,3804,-1037,-62,-28,-14560,-3368,6300,-130,204,-103,0
193.39721894264224,9340,5308,11400,-289,-111,87,8256,-10012,9172,-18,174,-183,-14364,4920,3884,-1027,-21,-80,-14560,-3400,6528,-139,170,-138,0
193.43059492111206,9400,5336,11584,-231,-125,51,8280,-10108,9296,-15,197,-182,-14084,4876,3880,-1010,5,-103,-14544,-3588,6496,-170,183,-124,0
193.464184999466,9316,5600,11412,-235,-92,86,8332,-9988,9456,33,152,-184,-14320,4928,3816,-1041,60,-88,-14320,-3540,6556,-254,183,-115,0
193.4976799488068,9324,5388,11416,-197,-86,129,8196,-10064,9224,253,113,-195,-14212,4936,4076,-1048,103,-89,-14284,-3352,6180,-306,146,-73,0
193.53118896484375,9284,5424,11528,-197,-116,133,8204,-9760,9272,24,92,-205,-14132,5116,3668,-1081,127,-109,-14572,-3608,6328,-337,139,-62,0
193.56478500366205,9288,5324,11620,-219,-116,156,8300,-10236,9372,14,120,-185,-14416,4916,3928,-1066,118,-129,-14488,-3604,6524,-340,58,-64,0
193.5982940196991,9280,5368,11536,-227,-119,114,8316,-9984,9292,89,146,-187,-14292,4960,3756,-1122,115,-121,-14436,-3548,6468,-347,42,-88,0
193.63181495666504,9260,5332,11528,-275,-124,130,8400,-9960,9252,103,144,-153,-14288,4924,3872,-1152,154,-95,-14360,-3540,6664,-244,-278,-85,0
193.6654980182648,9176,5328,11388,-357,-69,105,8224,-9872,9268,143,96,-144,-14536,4884,3800,-1172,237,-51,-14340,-3580,6300,-260,-184,-179,0
193.69900798797607,9372,5460,11528,-318,-102,135,8272,-9932,9220,94,148,-189,-14276,4836,3928,-1124,157,-58,-14504,-3564,6520,-533,162,-188,0
193.73245596885678,9296,5308,11508,-214,-159,118,8280,-9908,9140,191,151,-181,-14360,4888,3656,-1162,129,-43,-14488,-3620,6380,-488,338,-193,0
193.7660570144653,9304,5372,11368,-287,-94,143,8232,-10220,9252,194,148,-173,-14300,4788,3764,-1114,33,-81,-14272,-3484,6420,-476,436,-206,0
193.79965400695798,9376,5296,11256,-282,-79,165,8184,-9852,9288,59,82,-186,-14260,4736,4256,-1116,-113,-142,-14268,-3492,6300,-237,488,-95,0
193.83314394950867,9280,5376,11380,-263,12,151,8344,-9772,9372,74,98,-199,-14456,4680,4016,-1271,-70,-179,-14424,-3516,6404,545,454,102,0
193.86674809455874,9364,5248,11256,-502,-106,236,8644,-9784,9360,175,147,-171,-14252,4820,3800,-1316,308,-150,-14424,-3520,6840,132,-96,53,0
193.90017008781436,9340,5328,11464,-686,134,285,8260,-9948,9264,137,-256,-106,-14404,5088,3712,-1303,706,-29,-14316,-3532,6200,-552,-12,14,0
193.93347311019897,9724,5312,11772,-592,445,195,8208,-9888,9320,-4,35,-83,-14436,4800,4076,-1053,513,-3,-14452,-3676,6564,-843,16,-148,0
193.96724200248718,9188,5244,11636,-419,86,92,8320,-9892,9404,-73,145,-93,-14340,4900,4044,-1083,452,1,-14424,-3396,6404,-1342,185,-285,0
194.000638961792,9196,5320,11524,-177,-70,104,8348,-9928,9220,-16,197,-143,-14092,4836,4060,-1259,436,-44,-14256,-3636,6388,-1136,332,-240,0
194.03759098052979,9256,5084,11576,-211,-82,83,8260,-9740,9164,68,211,-191,-14320,4772,3932,-952,103,-87,-14416,-3524,6260,-468,702,-137,0
194.0723440647125,9224,4924,11720,-5,-49,35,8252,-10024,9348,-74,230,-177,-14296,4796,3864,-909,95,-107,-14376,-3416,6532,-455,416,-132,0
194.10807013511658,8964,5160,11144,-361,-85,36,8312,-9868,9376,33,247,-198,-14288,4888,3868,-1013,77,-126,-14220,-3836,6088,-262,646,-134,0
194.14345502853394,9340,5132,11640,-189,-6,22,8264,-9916,9600,-48,248,-189,-14120,4804,3660,-844,14,-136,-14464,-3532,6340,-259,544,-123,0
194.17930793762207,9176,5200,11568,-122,-124,25,8136,-9868,9300,-102,199,-201,-14244,4844,3612,-936,180,-92,-14356,-3640,6444,-274,265,-60,0
194.21398496627808,9260,5216,11736,-121,-213,67,8332,-9876,9032,-89,204,-213,-14556,4624,4072,-933,124,-98,-14604,-3596,6232,-448,239,-54,0
194.25,9408,5140,11464,-91,-11,247,8348,-9948,9252,-106,291,-202,-14348,4836,3640,-926,-45,-108,-14444,-3380,6288,-430,240,-121,0
194.2850320339203,9284,5084,11492,-5,-203,-31,8288,-9896,9376,-16,299,-158,-14148,4628,3760,-1108,-109,-102,-14368,-3464,6276,-130,256,-73,0
194.32074809074402,9284,5176,11480,-30,-15,96,8268,-9924,9244,55,202,-126,-14420,4720,3904,-1264,-114,-131,-14456,-3544,6144,-186,244,-71,0
194.3556649684906,9652,5328,11576,-17,-67,40,8404,-9924,9008,26,175,-142,-14560,4808,3708,-1214,-256,-5,-14588,-3468,6124,-17,93,-143,0
194.3917140960693,9400,5168,11624,34,-88,42,8340,-9744,9248,-59,80,-121,-14200,4752,3924,-1182,-473,243,-14432,-3408,6364,-67,216,-153,0
194.4261031150818,9272,5360,10256,-708,1372,235,8360,-10076,9412,-20,19,-90,-14216,4800,3644,-1133,-306,-80,-14472,-3496,6500,-4,388,-167,0
194.4623351097107,9004,5284,11624,18,147,65,8180,-9968,9496,40,75,-107,-14188,4808,3984,-1134,-306,-132,-14308,-3440,6280,-322,330,-127,0
194.49742794036868,9016,5308,11592,37,173,72,8124,-9984,9260,17,31,-224,-14096,4780,4012,-1058,-115,-182,-14424,-3580,6500,-390,369,-103,3
194.5330579280853,9168,5204,11400,36,178,57,8272,-9916,9216,-89,-25,-246,-14444,4756,4244,-960,-97,-154,-14484,-3644,6284,-566,365,-138,3
194.56864213943481,8996,5216,11432,-65,151,37,8180,-9876,9396,-45,149,-198,-14244,4792,4176,-867,-159,-182,-14420,-3372,6348,-430,428,-137,3
194.6037559509277,9064,5188,11464,-7,265,47,8276,-10176,9292,35,215,-169,-14144,4756,4128,-956,-48,-166,-14516,-3576,6292,-316,569,-74,3
194.63886713981628,9460,5304,11272,-279,176,110,8256,-10056,9388,-62,159,-178,-14328,4708,4088,-928,16,-198,-14392,-3488,6148,-395,608,-110,3
194.67374110221863,9204,5328,11580,-301,-88,67,8216,-9960,9324,-22,251,-264,-14104,4716,3900,-845,15,-231,-14436,-3428,6028,-469,628,-83,3
194.70940494537354,9188,5292,11464,-307,-132,111,8340,-9976,9468,-51,198,-257,-14164,4832,4312,-741,8,-176,-14400,-3432,5948,-429,589,-116,3
194.74261903762817,9172,5308,11536,-283,-207,137,8012,-9876,9408,-72,169,-245,-14240,4784,4428,-734,-112,-152,-14328,-3528,6328,-398,449,-94,3
194.7761740684509,9172,5280,11600,-226,-291,148,8272,-9932,9268,-110,209,-225,-14100,4788,3868,-731,-117,-153,-14628,-3468,6060,-314,364,-148,3
194.8098680973053,9072,5296,11656,-232,-271,132,8304,-9916,9328,-152,265,-206,-14520,4768,4164,-713,-185,-103,-14780,-3492,6192,-303,295,-100,0
194.8432469367981,9196,5300,11908,-505,-265,90,8284,-9772,9392,-177,301,-222,-14216,4804,3896,-1011,-46,-98,-14488,-3388,6112,-366,277,-93,0
194.87690114974976,9176,5260,11264,-212,-262,146,8148,-9740,9220,-177,187,-198,-14268,4812,4288,-860,-96,-84,-14296,-3424,6008,-432,236,-106,0
194.91017699241638,9104,5120,11760,-224,-292,152,8280,-10192,9344,-144,176,-228,-14056,4880,4108,-922,-104,-156,-14444,-3624,6300,-377,282,-66,0
194.94364213943481,9304,5216,11576,-190,-296,141,8240,-9952,9428,-111,83,-234,-14196,4812,4116,-995,-33,-192,-14484,-3292,6096,-406,383,-50,0
194.97743391990662,9208,5176,11648,-201,-288,159,8376,-9920,9388,-23,72,-238,-14380,4740,4176,-1035,-29,-169,-14568,-3360,6092,-461,317,-79,0
195.011167049408,9256,5140,11600,-185,-257,149,8256,-9928,9296,-256,179,-207,-14220,4720,4108,-970,-72,-132,-14556,-3364,6048,-421,296,-113,0
195.04450798034668,9004,5296,11460,-209,-130,96,8244,-9948,9360,11,140,-222,-14124,4776,4212,-1058,-40,-94,-14492,-3392,5972,-429,356,-108,0
195.07797694206238,9224,5204,11664,-238,-93,133,7944,-9896,9272,255,154,-233,-14224,4812,4216,-1041,-75,-114,-14528,-3360,6136,-359,333,-99,0
195.11160111427307,8984,5180,11304,-212,-117,126,8236,-9924,9244,3,152,-212,-14240,4684,4204,-1113,-89,-148,-14576,-3504,6040,-356,362,-88,0
195.1444520950317,9000,5176,11592,-278,-107,107,8320,-9920,9104,66,165,-237,-14244,4672,4144,-1169,-35,-167,-14540,-3432,6184,-363,297,-93,0
195.17809104919434,9128,5204,11584,-268,-105,90,8280,-9960,9444,87,131,-229,-14104,4800,4220,-1163,31,-115,-14520,-3440,6048,-374,298,-74,0
195.21187710762024,9260,5164,11628,-251,-106,106,8440,-9840,9012,30,198,-226,-14128,4712,4200,-1151,62,-92,-14508,-3468,5996,-400,204,-103,0
195.24542713165283,9196,5140,11492,-230,-123,80,8228,-9924,9448,69,133,-192,-14208,4836,4220,-1144,57,-53,-14588,-3400,5956,-435,205,-135,0
195.2789270877838,9240,5088,11440,-203,-94,81,8272,-9908,9352,69,129,-165,-14232,4832,4240,-1203,19,-24,-14564,-3480,6028,-425,231,-156,0
195.31244707107544,9204,5136,11424,-193,-21,93,8184,-9832,9268,76,123,-130,-14140,4736,4400,-1165,27,-33,-14532,-3392,5912,-489,229,-141,0
195.3457911014557,9256,5192,11704,-163,58,76,8288,-9764,9112,-18,155,-136,-14188,4752,4480,-1161,64,-38,-14640,-3348,6000,-492,153,-135,0
195.3795640468597,9240,5168,11404,-194,50,58,8368,-9840,9428,19,149,-142,-14260,4664,4232,-1209,121,233,-14604,-3364,5956,-427,111,-123,0
195.41314291954038,9292,5060,11568,-184,92,57,8196,-9928,9116,-2,505,-237,-14544,4644,4280,-1159,-52,58,-14520,-3288,5924,-411,175,-158,0
195.44654202461243,9152,5364,11532,-141,54,82,7972,-10016,9300,-104,182,-101,-14212,4844,4416,-1039,-45,12,-14448,-3444,5996,-363,170,-157,0
195.47982907295227,9096,4956,11536,-161,43,68,8108,-9896,9408,-94,170,-191,-14116,4812,4312,-1053,-87,-6,-14588,-3368,5920,-295,198,-180,0
195.5134310722351,9048,5272,11796,-259,34,70,8088,-9956,9388,-51,140,-144,-14236,4664,4372,-1100,-51,-51,-14564,-3460,6052,-275,292,-160,0
195.54701113700867,9104,5196,11724,-262,34,43,7956,-9988,9280,-98,184,-141,-14328,4808,4436,-1069,18,-69,-14528,-3388,6128,-309,506,-153,0
195.580600976944,8988,4872,11644,-208,44,76,8200,-9976,9324,-142,148,-148,-13920,4840,4140,-674,-4,-50,-14344,-3292,6040,-287,308,-141,0
195.61416602134702,9108,4888,11828,-511,-77,92,8280,-9948,9196,-91,135,-149,-14092,4760,4648,-651,194,-77,-14456,-3376,5904,-298,296,-122,0
195.6475100517273,9164,5356,11660,-288,-11,76,7964,-9992,9416,-144,163,-180,-13956,4816,4100,-880,198,-51,-14668,-3296,5972,-401,301,-164,0
195.68065309524533,9244,5180,11568,-237,-45,95,7988,-10092,9464,-160,156,-196,-14172,4836,4448,-853,187,-74,-14512,-3268,5956,-396,294,-156,0
195.71971702575684,9048,5160,11580,-204,-101,158,8184,-9940,9356,-108,90,-164,-14236,4756,4268,-848,201,-83,-14520,-3376,6092,-434,247,-142,0
195.75567507743838,9184,5328,11524,-103,-114,126,8256,-10024,9360,-217,126,-114,-14164,4812,4260,-854,155,-44,-14728,-3268,5864,-494,105,-139,0
195.79176902771,9240,5088,11972,-153,-77,131,8120,-9744,9248,-100,134,-144,-14256,4820,4360,-974,57,-94,-14688,-3460,5744,-439,236,-138,0
195.82762002944946,9172,5196,11748,-187,-73,116,8160,-9980,9216,-61,97,-211,-14176,4804,4440,-1011,78,-74,-14660,-3456,5944,-455,163,-156,0
195.8624310493469,9128,4996,11852,-196,-85,94,8248,-10020,9336,-41,147,-189,-14192,4888,4308,-941,88,-129,-14644,-3320,5860,-479,232,-169,0
195.89823698997498,9140,5012,11560,-218,-120,121,8256,-9904,9280,-48,112,-171,-14092,4876,4296,-858,42,-89,-14532,-3368,6040,-466,93,-136,0
195.93349099159238,9188,5160,11672,-130,-96,134,8120,-10032,9340,-101,103,-147,-14268,4924,4344,-912,54,-44,-14504,-3496,5836,-487,123,-135,0
195.96858096122742,9156,5084,11740,-230,-98,119,7980,-10040,9124,-102,411,-138,-14020,4868,3876,-1064,76,-73,-14428,-3524,6040,-260,138,-125,0
196.00499200820923,9152,5004,11972,-204,-128,81,8156,-9968,9356,-105,122,-164,-14216,5084,3892,-930,134,-113,-14552,-3240,6016,-585,8,-125,0
196.0410001277924,9136,5012,11780,-105,-182,71,8148,-10060,9276,-79,224,-7,-14140,4844,4160,-889,97,-44,-14488,-3332,5964,-612,-52,-133,0
196.0771470069885,9160,4996,11532,-75,-174,96,8216,-10092,9224,-91,101,-187,-14268,4776,4372,-977,130,-108,-14552,-3348,5744,-543,41,-143,0
196.11270093917847,9152,5016,11276,-93,-174,106,8180,-10056,8992,-53,121,-223,-14244,4836,4328,-969,132,-99,-14500,-3380,5924,-634,-19,-113,0
196.14874696731567,9180,5116,11768,-23,-172,93,8264,-9996,9288,-71,113,-186,-14184,4844,4124,-993,149,-74,-14828,-3360,5904,-545,31,-86,0
196.18348503112796,9224,5152,11648,-55,-153,90,8276,-9948,9320,-74,108,-156,-14308,4832,4316,-981,160,-57,-14564,-3528,6048,-527,-29,-122,0
196.2195179462433,9184,5172,11556,-35,-119,80,8300,-9952,9348,-131,111,-173,-14100,4804,4284,-952,149,-100,-14496,-3464,5924,-552,10,-134,0
196.25485396385196,8980,5200,11908,-60,-151,46,8164,-9964,9260,-111,158,-157,-14156,4828,4548,-987,141,-66,-14512,-3464,6028,-577,-24,-119,0
196.2897930145264,9116,5200,11448,-84,-140,86,8196,-10020,9260,-70,172,-163,-14104,4752,4376,-964,156,-101,-14452,-3084,5944,-532,91,-83,0
196.3254749774933,9208,5124,11616,-174,-221,71,8160,-9756,9324,-12,151,-207,-14228,4816,4208,-973,160,-110,-14476,-3448,6148,-521,73,-63,0
196.36298513412478,9104,5132,11616,-160,-510,114,8100,-10064,9220,-53,144,-221,-14180,4928,4340,-963,188,-126,-14556,-3476,6352,-536,115,-37,0
196.39669513702395,9104,5168,11552,-109,-316,122,8164,-10044,9440,-48,140,-512,-14208,4900,4400,-944,187,-165,-14416,-3448,6088,-553,153,-68,0
196.4301359653473,9252,5164,11656,-111,-287,134,7956,-9936,9068,-59,156,-251,-14084,4812,4264,-909,168,-143,-14444,-3184,5988,-534,99,-101,0
196.46368908882144,9428,5344,11572,-116,-222,123,8184,-9824,9444,-49,129,-218,-13896,4664,4184,-895,165,-176,-14516,-3444,6036,-519,125,-91,0
196.49737405776978,9176,4876,11544,-146,-194,121,8188,-9992,9068,-14,105,-205,-14132,4804,4264,-916,197,-191,-14532,-3384,6376,-493,170,-59,0
196.53082704544067,9388,5192,11560,-178,-214,130,8288,-10116,9108,-8,101,-211,-14164,4864,4180,-967,206,-138,-14512,-3404,5972,-515,130,-66,0
196.56442713737488,9292,5040,11764,-155,-216,141,8296,-9744,9440,-13,150,-242,-14296,4612,4288,-924,177,-132,-14540,-3308,6188,-544,130,-40,0
196.59807515144348,9404,5180,11728,-144,-246,146,8416,-9964,9356,-5,73,-256,-14076,4732,4200,-921,191,-141,-14576,-3348,5964,-530,139,-51,0
196.6317069530487,9296,5072,11372,-132,-270,141,8212,-10004,9172,-12,89,-7,-14372,4892,4188,-964,168,-160,-14504,-3472,6228,-259,177,-62,0
196.66505694389343,9464,5180,11720,-153,-246,128,8276,-9972,9104,-49,118,-216,-14172,5108,4256,-949,153,-161,-14704,-3560,6008,-511,120,-68,0
196.69846606254578,9448,5016,11616,-176,-198,99,8324,-10160,9152,-27,151,-188,-14204,5100,3924,-986,134,-104,-14492,-3156,5956,-537,100,-110,0
196.73191499710083,9284,5244,11608,-259,-198,140,8280,-9916,9276,57,108,-185,-14240,4784,4336,-994,138,-105,-14548,-3496,6152,-502,129,-78,0
196.76557207107544,9264,5104,11568,-159,-158,135,8012,-9884,9016,-12,134,-223,-14132,4764,4088,-962,147,-97,-14484,-3532,6192,-511,110,-87,0
196.79919409751892,9264,5192,11580,-200,-219,118,8120,-10028,9356,-18,112,-223,-14200,4828,4212,-927,170,-116,-14356,-3312,6108,-537,156,-55,0
196.83271503448486,9372,5052,11572,-160,-218,138,8260,-9948,9276,13,123,-226,-14244,4916,4192,-972,110,-137,-14532,-3352,6208,-538,132,-100,0
196.8662509918213,9308,4880,11424,-133,-162,115,8284,-9856,9200,16,149,-184,-14336,4920,4308,-953,129,-117,-14608,-3396,6392,-547,71,-122,0
196.90006399154663,9312,4936,11624,-180,-150,118,8216,-10228,9356,-17,141,-179,-14080,4720,4296,-924,133,-145,-14344,-3440,5996,-529,95,-83,0
196.9334831237793,9296,5052,11640,-138,-159,89,8132,-10016,9200,-25,120,-206,-14104,4812,4100,-925,125,-130,-14576,-3428,6124,-494,152,-115,0
196.96713709831238,9404,5016,11644,-124,-172,129,8268,-9964,9188,-17,112,-205,-14264,4832,4072,-930,136,-105,-14352,-3548,6008,-526,154,-92,0
197.0007119178772,9336,5336,11360,-92,-117,94,8128,-9904,9144,-59,79,-196,-14244,4612,3928,-966,137,-100,-14540,-3352,6396,-545,150,-154,0
197.0342421531677,9416,5088,11320,-96,-76,90,8232,-9968,8968,-72,107,-176,-14256,4948,4044,-943,124,-65,-14452,-3132,6124,-763,98,-97,0
197.06793403625488,9300,5364,11676,-104,-15,80,8260,-10192,9188,-57,135,-156,-14356,4852,4124,-969,97,-77,-14420,-3296,5996,-546,106,-156,0
197.10158300399783,9268,5100,11340,-119,40,99,8316,-9884,9416,-28,104,-156,-14192,4828,4152,-980,118,-71,-14540,-3456,6108,-528,127,-123,0
197.1350359916687,9364,5328,11596,-125,254,101,8232,-9736,9260,-57,132,-177,-14288,4928,4224,-970,108,-72,-14420,-3424,5984,-559,54,-165,0
197.1683690547943,9332,5108,11652,-81,57,56,8172,-10044,9344,-94,148,-173,-14156,4916,4172,-920,111,-57,-14456,-3136,6104,-557,41,-155,0
197.2018039226532,9348,5140,11584,-93,97,72,8196,-10064,9492,-75,153,-147,-14148,4952,4172,-911,170,-35,-14384,-3520,5916,-496,52,-138,0
197.23552894592288,9320,4888,11616,-149,44,107,8344,-10064,9436,-48,124,-143,-14220,5104,4108,-985,107,-67,-14736,-3396,6120,-490,124,-136,0
197.26917099952698,9348,5236,11728,-102,10,42,8292,-9920,9260,-42,172,-146,-14316,4864,4004,-921,106,-52,-14472,-3356,6108,-510,100,-151,0
197.30267906188968,9300,5204,11636,-125,20,69,8216,-9932,9248,-61,154,-156,-14136,4892,4292,-946,126,-91,-14496,-3396,6132,-477,123,-114,0
197.3361370563507,9248,5144,11660,-112,27,57,8240,-10028,9264,-82,123,-167,-14104,4988,4336,-951,133,-104,-14440,-3316,6176,-493,90,-156,0
197.36970806121826,9188,5100,11648,-81,5,79,8172,-9752,9092,-61,103,-160,-14184,4936,3876,-972,116,-94,-14448,-3292,6296,-546,89,-145,0
197.4060730934143,9336,5068,11508,-101,31,80,8288,-9996,9296,-16,111,-146,-14128,4912,4084,-961,141,-61,-14548,-3356,6128,-571,46,-134,0
197.44200801849368,9236,5108,11648,-98,36,84,7944,-10200,9220,-93,106,-135,-14232,4824,4144,-952,149,-74,-14428,-3468,6136,-523,28,-159,0
197.4777331352234,9180,5140,11436,-146,74,49,8300,-9820,9028,-10,152,-156,-14268,4612,3956,-933,125,-73,-14528,-3408,6128,-474,76,-123,0
197.51279211044314,9312,5364,11552,-181,97,73,8304,-10012,9296,-26,151,-148,-14168,5088,4260,-885,86,-80,-14504,-3360,6236,-538,101,-168,0
197.54865407943726,9200,5368,11536,-112,100,94,8276,-9968,9160,-44,121,-147,-14204,5108,4112,-928,66,-64,-14520,-3472,6212,-538,106,-143,0
197.58410811424255,9204,5152,11876,-88,-26,44,8308,-10056,9336,-84,121,-154,-14248,4892,4200,-953,63,-81,-14456,-3448,6268,-539,84,-141,0
197.61973214149478,8992,5088,11656,-83,-36,50,8208,-10040,9284,-56,170,-161,-14164,4920,4140,-899,68,-88,-14448,-3384,6208,-570,89,-154,0
197.6547451019287,9148,5136,11552,-129,-61,65,8376,-9784,9372,-15,167,-152,-14116,4860,4096,-950,103,-74,-14344,-3388,6332,-615,66,-159,0
197.69026112556458,9052,5120,11608,-110,-72,74,8292,-9988,9428,-17,130,-176,-14092,4924,4288,-965,157,-121,-14476,-3504,6276,-626,94,-132,0
197.72551894187927,9212,4908,11728,-98,-91,83,8340,-10044,9352,-45,114,-167,-14184,5096,4252,-933,126,-88,-14508,-3492,6336,-616,85,-111,0
197.76130509376526,9212,5200,11680,-82,-99,99,8268,-10076,9052,-60,83,-174,-14116,4812,4228,-938,159,-113,-14708,-3388,6136,-637,80,-119,0
197.7972841262817,9164,5192,11576,-72,-94,86,7940,-10008,9056,-32,95,-165,-14236,4736,4208,-955,187,-119,-14420,-3436,6176,-664,85,-131,0
197.83243799209598,9176,5184,11640,-42,-105,62,8212,-10008,9204,-57,101,-178,-14296,4916,4216,-932,174,-88,-14360,-3364,6128,-659,23,-116,0
197.86772894859314,9208,5188,11540,-39,-89,79,8296,-9988,9252,-94,143,-193,-14284,4988,4092,-903,147,-87,-14512,-3400,6112,-647,29,-149,0
197.90362906455994,9048,5176,11760,-73,-77,52,8312,-9796,9208,-55,129,-168,-14224,4892,4104,-939,171,-80,-14576,-3520,6312,-622,25,-142,0
197.93923807144168,8984,5172,11708,-64,-82,56,8260,-9740,9128,-44,117,-167,-14200,4860,3904,-949,177,-44,-14412,-3488,6176,-638,47,-130,0
197.9746789932251,9040,5264,11628,-34,-84,61,8284,-10040,8980,-51,118,-214,-14224,4940,4328,-953,186,-131,-14484,-3536,6268,-648,92,-126,0
198.0099380016327,9136,5160,11732,-256,-122,58,8260,-10008,9248,-79,123,-189,-14256,4972,4364,-956,206,-125,-14412,-3376,6336,-639,36,-110,0
198.04656410217288,9260,5128,11616,-18,-97,29,8244,-10192,9260,-60,129,-170,-14228,4940,4076,-994,124,-118,-14352,-3460,6376,-632,76,-127,0
198.08009910583493,9088,5152,11732,-55,-107,52,8220,-9920,9220,21,150,-160,-14232,4668,3956,-771,162,-96,-14748,-3424,6332,-630,73,-86,0
198.11367392539978,9152,5228,11656,-65,-98,95,8212,-10128,9348,-68,136,-189,-14336,4932,4152,-988,250,-111,-14516,-3352,6536,-635,51,-43,0
198.14733409881595,9044,5300,11604,-68,-187,85,8220,-10016,9312,-33,98,-197,-14208,4848,4220,-987,3,-126,-14488,-3416,6328,-623,122,-73,0
198.1804850101471,9104,5300,11672,-13,-190,104,8220,-10036,9180,-69,112,-237,-14164,4968,3840,-955,235,-196,-14432,-3492,6360,-683,126,-63,0
198.2138431072235,9412,5124,11396,7,-261,84,7936,-10008,9092,-72,105,-216,-14176,4916,4132,-958,236,-158,-14336,-3476,6316,-588,76,-70,0
198.2474069595337,9172,5296,11532,-65,-4,113,8276,-10092,9104,-68,157,-207,-14048,4900,4040,-950,265,-145,-14464,-3548,6232,-548,98,-41,0
198.2808060646057,9104,5156,11412,-142,-270,102,8228,-10092,9172,-62,119,-219,-14196,4940,3968,-936,239,-118,-14400,-3464,6228,-563,137,-62,0
198.314239025116,9136,5232,11624,-164,-298,114,8268,-10112,9444,-254,154,-256,-14092,4960,4152,-929,494,-181,-14376,-3484,6236,-557,198,-49,0
198.34774112701416,9148,5244,11432,-108,-297,119,8312,-10040,9188,-39,93,-244,-14212,5088,3880,-1037,252,-206,-14292,-3496,6236,-568,177,-74,0
198.38116097450254,9180,5072,11580,-135,-322,150,8324,-10024,9092,-16,100,-219,-14320,4840,4032,-1026,242,-227,-14432,-3484,6280,-533,238,-44,0
198.4228200912476,9208,5200,11568,-183,-236,157,8328,-10016,9188,-16,120,-204,-14280,4648,4052,-1103,228,-122,-14472,-3776,6332,-489,109,-59,0
198.46944308280942,9420,5292,11564,-125,-214,116,8252,-9916,9220,-2,170,-197,-14312,4820,3972,-1122,170,-143,-14524,-3464,6240,-467,149,-61,0
198.5119841098785,9188,5288,11312,-141,-195,119,8196,-9944,9184,-45,162,-198,-14280,4964,4072,-1089,141,-145,-14444,-3396,6280,-397,216,-81,0
198.5453839302063,8972,5236,11460,-179,-190,125,8240,-10000,9296,-34,185,-209,-14232,4868,4248,-1092,104,-160,-14572,-3152,6348,-332,285,-73,0
198.57889699935916,9216,5232,11520,-202,-235,111,8272,-9988,9172,-32,174,-201,-14248,4788,3940,-1114,137,-122,-14492,-3444,6336,-376,305,-94,0
198.61240911483767,9324,5128,11264,-160,-170,115,8320,-10216,9220,-22,152,-191,-14196,4828,3988,-1070,157,-134,-14504,-3444,6328,-443,263,-101,0
198.64600801467896,9228,5260,11368,-117,-183,111,8228,-10060,9172,-21,164,-193,-14208,4680,3940,-1073,177,-128,-14412,-3392,6260,-450,200,-100,0
198.67953395843506,9240,5212,11264,-67,-167,112,8392,-9740,9464,-61,119,-215,-14212,4788,4016,-1042,166,-133,-14488,-3144,6348,-501,152,-86,0
198.71277403831482,9300,5228,11392,-53,-126,93,8172,-10052,9176,-43,139,-185,-14260,4904,4100,-1114,108,-103,-14436,-3308,6252,-495,133,-130,0
198.74642896652222,9308,5216,11516,-56,-86,67,8192,-9940,9296,-51,127,-111,-14276,4784,3908,-1104,146,-88,-14520,-3424,6232,-476,128,-110,0
198.78008604049683,9200,5248,11504,-85,-34,67,8276,-9744,9232,-91,141,-136,-13980,4816,3960,-1092,116,-39,-14412,-3384,6248,-484,144,-114,0
198.81365394592288,9352,5336,11320,-69,-24,76,8384,-9984,9212,-91,152,-121,-14308,4776,3952,-1041,129,-41,-14412,-3404,6168,-455,172,-138,0
198.8472719192505,9432,5260,11360,-64,-18,87,8208,-9900,9172,-101,149,-111,-14296,4796,4140,-1038,121,-250,-14512,-3504,6128,-479,125,-159,0
198.88078498840332,9264,5256,11392,-63,2,47,8232,-10000,9076,-102,143,-98,-14280,4792,3844,-1037,87,-13,-14404,-3524,6332,-465,108,-148,0
198.91439509391782,9284,5260,11624,-87,6,47,8388,-10112,9288,-106,153,-121,-14120,4928,4308,-1004,69,-64,-14388,-3380,6372,-493,124,-148,0
198.94805908203128,9248,5288,11632,-99,-6,35,8316,-10184,9220,-82,144,-135,-14264,4752,4336,-1006,118,-107,-14372,-3540,6256,-259,135,-138,0
198.98176193237302,9116,5280,11708,-47,-256,35,8216,-9956,9260,-88,111,-109,-14188,4632,4236,-999,93,-77,-14544,-3464,6412,-536,134,-154,0
199.01552414894104,9236,5232,11628,-45,7,55,8220,-10196,9056,-92,130,-143,-14296,4940,3872,-1003,134,-68,-14344,-3496,6356,-552,138,-125,0
199.0491499900818,9212,5252,11456,-40,-55,76,8120,-10116,9048,-68,82,-146,-14248,5112,3948,-991,139,-49,-14452,-3484,6308,-593,132,-126,0
199.0859470367432,9296,5244,11572,-64,-45,117,8264,-10088,9176,-78,92,-126,-14296,4892,4104,-984,162,-87,-14476,-3520,6308,-574,87,-104,0
199.12129402160647,9304,5204,11504,-56,-14,111,8204,-10188,9068,-60,123,-119,-14228,4660,3928,-1000,128,-63,-14472,-3424,6256,-563,137,-120,0
199.15755414962769,9392,5248,11416,-66,255,84,8256,-10076,9172,-49,102,-159,-14248,4844,3956,-1007,151,-67,-14508,-3368,6384,-586,157,-131,0
199.19231796264648,9200,5316,11640,-87,-48,66,8256,-10000,9236,-64,131,-157,-14232,4920,4004,-1008,162,-102,-14532,-3508,6240,-584,142,-152,0
199.22817397117615,9244,5320,11768,-34,-23,54,8400,-10128,9128,-58,143,-180,-14268,5036,3988,-979,60,-19,-14356,-3476,6256,-610,113,-174,0
199.26356601715088,9188,5300,11672,-92,-43,40,8288,-10148,9384,4,153,-166,-14296,5116,4212,-945,58,-112,-14424,-3440,6284,-559,119,-190,0
199.29866409301758,9076,5352,11528,-69,8,11,8184,-10216,9044,-20,167,-181,-14236,4632,3896,-1013,120,-133,-14572,-3332,6388,-585,150,-127,0
199.3341579437256,9072,5592,11884,-70,-74,48,8232,-10112,9264,-17,104,-167,-14208,4836,4008,-1003,126,-72,-14564,-3404,6256,-588,108,-153,0
199.37018609046936,9228,5384,11516,-81,-47,83,8284,-10016,9132,-75,98,-135,-14148,4856,3864,-949,116,-79,-14436,-3440,6264,-645,72,-139,0
199.40521693229678,9404,5364,11400,-111,-14,101,8188,-10056,9176,-32,95,-153,-14320,4924,4120,-991,130,-44,-14356,-3596,6356,-633,83,-128,0
199.44076609611514,9188,5384,11732,-90,-31,91,8284,-10040,9268,-57,92,-120,-14376,4716,4036,-1004,156,-71,-14388,-3532,6204,-621,27,-121,0
199.47713398933408,9196,5124,11520,-111,-47,75,8200,-10132,8980,-27,86,-137,-14184,4892,4120,-1003,123,-99,-14468,-3520,6192,-610,44,-129,0
199.51228308677673,9120,5380,11464,-46,-44,97,8284,-10096,9172,-59,78,-177,-14228,4856,3932,-1000,146,-64,-14532,-3352,6324,-627,76,-106,0
199.54811000823975,9128,5392,11464,-93,-53,120,8260,-10096,9204,-39,137,-173,-14168,4784,3948,-961,153,-105,-14316,-3560,6352,-610,117,-119,0
199.58320307731628,9144,5368,11580,-92,-62,83,8264,-10132,9148,-36,128,-198,-14216,4776,4052,-957,110,-80,-14348,-3564,6344,-591,88,-134,0
199.6186079978943,9136,5484,11572,-110,-95,79,8436,-10032,9024,-9,148,-175,-14268,4636,3940,-953,75,-104,-14384,-3604,6292,-592,106,-124,0
199.6538641452789,9396,5600,11364,-193,-75,71,8216,-10052,9168,8,187,-172,-14260,4820,4120,-958,91,-87,-14448,-3596,6160,-597,94,-111,0
199.68934512138367,9132,5628,11668,-195,-159,133,8300,-10092,9176,-5,165,-190,-14204,4816,3856,-901,138,-105,-14464,-3428,6344,-585,162,-80,0
199.72661900520328,9380,5168,11580,-219,-203,137,8240,-10088,9324,45,145,-241,-14184,5044,4120,-967,163,-162,-14440,-3584,6332,-598,133,-70,0
199.7599990367889,9300,5368,11496,-173,-240,138,8228,-10152,9260,26,142,-239,-14304,5024,4224,-930,161,-102,-14384,-3532,6192,-635,111,-97,0
199.79358696937558,9196,5348,11356,-150,-227,130,8244,-10052,9000,-7,146,-249,-13984,5116,3876,-922,174,-119,-14444,-3596,6328,-626,103,-96,0
199.82736802101135,9132,5280,11568,-169,-212,95,8276,-10080,9180,13,156,-248,-14136,4888,3960,-968,157,-119,-14432,-3548,6364,-574,163,-93,0
199.86070513725278,9108,5304,11652,-159,-693,150,8240,-10112,9304,43,142,-258,-14188,4864,3808,-990,130,-184,-14444,-3516,6380,-570,164,-80,0
199.89402413368222,9156,5448,11648,-216,-2,133,8244,-10080,9212,28,144,-249,-14140,4872,3908,-940,134,-160,-14480,-3516,6460,-549,135,-132,0
199.92746996879578,9232,5320,11660,-197,-254,128,8280,-10108,9168,72,169,-6,-14228,4860,3968,-1000,114,-174,-14448,-3468,6400,-566,219,-88,0
199.96070694923398,9232,5608,11464,-265,-240,160,8192,-10104,9148,75,120,-241,-14248,5088,3836,-938,72,-104,-14432,-3456,6232,-652,252,-120,0
199.99439096450806,9016,5272,11468,-245,-265,173,8288,-10056,9044,81,149,-244,-14084,4884,3992,-964,66,-116,-14388,-3424,6316,-652,258,-107,0
200.02812814712527,9208,5332,11676,-170,-239,145,8324,-10120,9152,117,118,-260,-14304,5112,3984,-1112,116,-134,-14452,-3788,6356,-733,247,-149,0
200.06160306930542,9308,5276,11388,-206,-213,143,8360,-9984,9220,109,128,-246,-14288,4876,4048,-976,58,-179,-14532,-3484,6260,-623,253,-127,0
200.0950059890747,9264,5296,11448,-220,-238,147,8060,-9936,9144,125,163,-274,-14116,4720,3988,-984,142,-177,-14408,-3436,5928,-596,234,-107,0
200.12877297401428,9308,5372,11492,-198,-503,130,8284,-10100,9180,77,168,-198,-14184,4876,3976,-989,124,-132,-14416,-3448,6256,-637,174,-128,0
200.16200208663943,9232,5276,11492,-203,-222,153,8344,-10128,9436,114,104,-177,-14252,4788,3920,-1158,208,-127,-14324,-3580,6272,-613,184,-121,0
200.19554495811462,9180,5368,11720,-186,-205,146,8192,-9984,9312,77,11,-203,-14288,4836,4076,-1034,197,-110,-14352,-3616,6388,-606,174,-85,0
200.22919011116028,9344,5308,11264,-133,-205,158,8140,-10040,9152,9,15,-245,-14264,4784,4016,-962,241,-182,-14356,-3524,6200,-657,507,-29,0
200.26239609718323,9248,5280,11368,-190,-500,162,8236,-9996,9220,10,25,-254,-14332,4876,3956,-965,154,-192,-14424,-3548,6100,-616,214,-72,0
200.2958331108093,9264,5264,11292,-61,-165,110,8364,-9872,9124,33,481,-174,-14276,4860,3876,-869,75,-110,-14536,-3608,6276,-590,68,-158,0
200.32918500900269,9224,5348,11384,-97,-61,86,8320,-9964,9412,-21,41,-180,-14276,4828,3984,-941,81,-66,-14440,-3364,5896,-608,59,-170,0
200.3623960018158,9296,5320,11480,-78,-54,66,8196,-10020,9296,-86,98,-146,-14512,4804,4012,-970,105,-52,-14408,-3440,6180,-600,85,-136,0
200.39605402946475,9368,5260,11592,-103,34,78,8324,-9956,9236,-62,147,-146,-14540,4796,3908,-932,77,-78,-14396,-3568,6224,-567,84,-142,0
200.42954802513123,9416,5300,11708,-118,71,80,8356,-9952,9272,-50,102,-146,-14256,4832,3988,-958,95,-72,-14532,-3776,6228,-563,87,-116,0
200.46289992332458,9260,5300,11720,-111,252,89,8328,-10080,9264,-61,77,-151,-14268,4956,3908,-991,109,-78,-14472,-3528,6212,-580,130,-139,0
200.49648594856262,9224,5344,11456,-112,-6,102,8156,-10124,9144,-30,48,-151,-14424,4924,4056,-1004,108,-40,-14468,-3524,6304,-555,107,-127,0
200.5299620628357,9308,5216,11416,-102,-13,106,8280,-10072,9464,-56,97,-151,-14252,4968,4012,-1004,63,-36,-14512,-3696,6168,-547,94,-97,0
200.56356811523438,9252,5260,11352,-86,44,108,8352,-9984,9252,-30,139,-119,-14220,4828,3920,-1006,43,-13,-14356,-3784,6324,-540,67,-141,0
200.59712195396423,9128,5332,11388,-76,25,79,8328,-9976,9132,-77,127,-119,-14332,4876,3928,-1021,68,-21,-14384,-3604,6156,-517,82,-152,0
200.63069200515747,9188,5568,11644,-101,34,54,8164,-10116,9044,-16,75,-133,-14260,4888,3872,-965,82,-94,-14472,-3524,6288,-573,93,-166,0
200.6639850139618,9176,5424,11484,-96,238,42,8280,-10084,9148,-88,156,-154,-14188,4924,4144,-933,39,-73,-14552,-3532,6216,-543,128,-159,0
200.6974859237671,9160,5268,11492,-94,-5,63,8260,-10136,9260,-81,140,-172,-14220,4920,3924,-993,70,-71,-14140,-3832,5948,-552,146,-138,0
200.73526811599731,9448,5300,11588,-112,-3,80,8428,-9956,9100,-76,144,-170,-14244,4976,3904,-989,70,-94,-14092,-3656,6324,-540,177,-146,0
200.7721469402313,9268,5488,11448,-104,-253,85,8384,-10024,8820,-132,35,-80,-14104,4952,3920,-959,132,-68,-14448,-3492,6380,-537,75,-133,0
200.80741095542908,9256,5324,11588,-80,-36,51,8292,-10076,9224,-35,106,-180,-14440,4928,4112,-884,48,-77,-14420,-3708,6320,-580,137,-175,0
200.84348297119143,9288,5384,11372,-106,-19,63,8340,-9976,9212,-9,140,-135,-14252,4928,3868,-981,-255,-87,-14420,-3720,6340,-573,101,-147,0
200.87916803359985,9200,5396,11368,-47,18,65,8264,-10044,9084,-83,173,-139,-14276,4636,4036,-973,28,-24,-14376,-3728,6192,-558,74,-176,0
200.91434311866757,9080,5456,11676,-97,-21,31,8208,-10048,9204,-35,207,-179,-14220,4892,3956,-981,42,-65,-14288,-3432,6368,-526,114,-146,0
200.9495160579681,9160,5400,11416,-137,12,67,8304,-10024,9172,-51,103,-130,-14152,4888,4220,-980,94,-53,-14484,-3648,6320,-556,129,-152,0
200.9848051071167,9200,5288,11716,-81,-35,82,8228,-10068,9244,-41,99,-125,-14112,4884,3956,-1004,76,-71,-14432,-3764,6280,-556,96,-125,0
201.0202100276947,9056,5364,11604,-103,-33,70,8312,-10020,9432,-45,116,-147,-14216,4952,3868,-989,75,-72,-14324,-3608,6276,-535,75,-143,0
201.05558800697327,8964,5308,11536,-94,-55,72,8228,-10104,9172,-57,135,-160,-14244,4920,4120,-1006,97,-78,-14400,-3476,6360,-506,77,-139,0
201.09160900115967,8964,5592,11268,-124,-40,95,8232,-10060,9056,-38,73,-164,-14280,4852,3968,-1278,92,-116,-14356,-3572,6192,-763,142,-123,0
201.12775707244876,9104,5380,11364,-112,-93,107,8184,-10148,9212,-28,43,-185,-14316,5024,4052,-1006,112,-80,-14432,-3608,6372,-558,160,-120,0
201.16256904602048,8996,5616,11680,-121,-107,85,8320,-10012,8972,-76,109,-151,-14272,5068,4036,-985,121,-101,-14464,-3640,6464,-529,136,-125,0
201.19850206375122,8996,5448,11552,-112,-87,116,8352,-10140,8908,-48,211,-110,-14176,5064,3716,-1086,83,-77,-14312,-3760,6256,-506,189,-108,0
201.2338309288025,9224,5352,11540,-176,-121,101,8268,-10140,9256,-21,130,-170,-14220,4908,4220,-1280,92,-80,-14324,-3580,6364,-768,181,-130,0
201.2692329883576,8968,5140,11324,-143,-93,70,8260,-10088,9180,-31,154,-145,-14348,4884,4044,-1270,43,-133,-14288,-3644,6136,-533,152,-135,0
201.30488991737366,9212,5460,11336,-130,-90,103,8296,-10040,9064,-48,143,-162,-13912,4968,4040,-1012,95,-88,-14388,-3684,6268,-502,144,-129,0
201.3408100605011,9192,5324,11632,-139,-33,71,8100,-10096,9168,34,50,-165,-14168,4992,3880,-1016,93,-91,-14444,-3660,6216,-509,136,-141,0
201.37620306015015,9068,5620,11616,-133,-32,95,8212,-10124,9240,18,122,-142,-14180,4980,3868,-1039,98,-122,-14328,-3572,6368,-518,181,-116,0
201.41366314887998,9028,5372,11404,-120,-66,89,8324,-10096,9208,-20,149,-197,-14220,4932,4036,-1003,127,-80,-14592,-3744,6328,-466,174,-125,0
201.44688606262207,9140,5404,11268,-122,-96,105,8388,-10120,9268,-31,125,-182,-14244,5008,3972,-998,108,-74,-14404,-3576,6336,-501,167,-101,0
201.48060393333438,9156,5332,11752,-141,-102,94,7992,-10132,9156,-35,156,-174,-14176,5012,3836,-986,93,-80,-14356,-3508,6384,-541,191,-105,0
201.51420092582703,9100,5324,11772,-178,-92,110,8272,-10160,9124,30,121,-140,-14328,4916,4132,-1027,121,-112,-14360,-3520,6348,-503,168,-117,0
201.54783391952517,9044,5124,11472,-144,-80,142,8312,-10088,8968,-6,168,-160,-14340,4904,4136,-974,112,-105,-14320,-3648,6296,-476,188,-73,0
201.58113908767703,9172,5416,11720,-202,-162,124,8240,-10076,9164,-2,152,-189,-14228,4976,4008,-967,157,-148,-14436,-3736,6308,-472,203,-64,0
201.61474514007568,9028,5332,11568,-193,-160,132,8248,-10020,9448,-16,118,-244,-14288,4860,4128,-988,128,-141,-14404,-3552,6308,-496,214,-76,0
201.648255109787,9200,5360,11704,-183,-156,124,8276,-10092,9180,2,175,-223,-14204,4924,4084,-978,126,-102,-14328,-3664,6372,-471,193,-90,0
201.6816530227661,9112,5344,11568,-190,-173,104,8228,-10036,8960,-6,187,-222,-14268,4932,3956,-955,141,-92,-14316,-3588,6328,-474,191,-93,0
201.71533799171448,9104,5628,11576,-226,-201,99,8232,-9800,9452,-16,195,-223,-14264,4936,4100,-968,157,-156,-14364,-3624,6404,-469,199,-52,0
201.74882912635803,9100,5576,11684,-220,-216,127,8344,-10092,9256,19,181,-228,-14220,4968,4016,-969,142,-213,-14552,-3444,6344,-496,502,-72,0
201.78196096420288,9232,5396,11584,-218,-241,150,8244,-10048,9200,28,154,-255,-14140,4876,3992,-994,147,-185,-14104,-3668,6244,-535,6,-44,0
201.81549906730652,9300,5348,11412,-190,-242,141,8260,-9980,9276,23,118,-235,-14120,4804,4112,-1028,173,-144,-14120,-3724,6272,-503,264,-58,0
201.84903192520142,9228,5404,11496,-227,-224,161,8296,-10028,9236,2,125,-246,-14096,4924,4084,-1000,187,-130,-14520,-3652,6320,-507,196,-66,0
201.8824589252472,9352,5432,11516,-208,-175,149,8276,-10028,9156,9,126,-219,-14300,4840,4192,-981,192,-144,-14396,-3564,6352,-510,221,-58,0
201.9160630702972,9280,5280,11532,-223,-191,150,8268,-9996,9248,26,138,-212,-14328,4696,4128,-984,169,-154,-14576,-3372,6224,-490,192,-82,0
201.9495029449463,9288,5624,11404,-195,-211,143,8284,-9980,9260,19,171,-204,-14272,4640,4036,-969,171,-131,-14416,-3792,6304,-481,192,-70,0
201.98290705680847,9012,5396,11648,-205,-193,120,8300,-10036,9224,-12,114,-243,-14188,4936,3992,-974,157,-116,-14548,-3340,6316,-491,218,-87,0
202.01648902893066,9448,5376,11536,-229,-215,139,8272,-10116,9096,248,112,-253,-14316,4928,4028,-965,146,-120,-14452,-3604,6252,-486,247,-77,0
202.0499861240387,9292,5324,11464,-199,-185,114,8312,-9980,9104,-9,136,-249,-14264,4952,3844,-950,144,-135,-14384,-3596,6292,-534,229,-75,0
202.0838041305542,9432,5280,11340,-175,-202,133,8180,-10004,9164,-254,148,-218,-14256,4920,4092,-984,179,-153,-14416,-3720,6368,-498,196,-50,0
202.1172540187836,9460,5272,11344,-197,-194,132,8444,-9876,9140,-75,148,-222,-14208,4856,4100,-1010,186,-166,-14388,-3544,6144,-530,169,-78,0
202.15087795257568,9288,5264,11520,-150,-182,141,8412,-10068,9336,-18,70,-187,-14280,5020,4048,-1004,136,-134,-14400,-3572,6276,-556,165,-104,0
202.1843519210816,9284,5272,11192,-127,-124,126,8424,-10100,9008,9,112,-175,-14316,4840,4032,-1039,120,-72,-14384,-3668,6208,-534,159,-123,0
202.2177119255066,9228,5136,11376,-92,-104,87,8340,-9928,9048,-18,119,-157,-14240,4812,4080,-1063,91,-48,-14400,-3692,6316,-502,62,-140,0
202.25144600868222,9256,5328,11488,-68,-40,69,8320,-10012,9092,-50,137,-155,-14272,4916,3896,-996,111,-84,-14332,-3468,6352,-531,130,-163,0
202.28486394882202,9224,5276,11572,-123,-15,38,8332,-9948,9080,252,162,-172,-14300,4684,3996,-996,71,-112,-14432,-3628,6208,-497,167,-195,0
202.3184540271759,9360,5320,11404,-102,-6,47,8388,-9952,9088,-20,191,-143,-14120,5100,4056,-1007,51,-100,-14360,-3640,6336,-482,112,-166,0
202.35199213027954,9344,5348,11568,-143,5,66,8244,-10068,9316,-41,169,-131,-14184,4868,3960,-956,59,-72,-14356,-3688,6460,-473,81,-144,0
202.38558912277222,9272,5160,11616,-89,249,60,8256,-10048,9376,-69,132,-148,-14232,4972,3928,-1003,71,-35,-14404,-3676,6288,-502,83,-150,0
202.4188849925995,9320,5356,11376,-119,-31,87,8308,-9984,9200,-58,162,-153,-14216,4852,3940,-1006,67,-100,-14324,-3716,6352,-495,130,-140,0
202.4562170505524,9276,5352,11428,-107,-42,64,8392,-10076,9100,-99,197,-142,-14080,4876,4052,-998,82,-35,-14364,-3392,6144,-264,125,-155,0
202.4918749332428,9188,5324,11484,-53,5,79,8204,-10124,9388,-53,111,-133,-14308,4868,3824,-1269,86,-74,-14368,-3616,6272,-523,120,-149,0
202.52799201011658,9448,5364,11632,-79,-38,108,8340,-10056,9316,-37,98,-150,-14216,4940,3972,-1016,118,-78,-14352,-3556,6244,-492,87,-115,0
202.56341600418088,9420,5260,11560,-103,253,121,8296,-9764,9400,-20,132,-152,-14220,4956,3968,-991,113,-56,-14464,-3564,6188,-502,124,-102,0
202.59924507141113,9256,5364,11416,-104,-27,127,8272,-10008,9204,-26,106,-156,-14180,4932,3900,-1013,125,-89,-14084,-3704,6204,-527,105,-114,0
202.63458704948425,9164,5312,11320,-106,-32,103,8336,-9964,9212,-52,96,-157,-14304,4832,4144,-999,75,-49,-14328,-3728,6336,-487,121,-130,0
202.67113399505615,9280,5280,11348,-75,-30,55,8396,-10036,9016,-77,155,-142,-14308,4964,3960,-996,38,-14,-14460,-3460,6292,-535,105,-169,0
202.70747113227847,9228,5144,11668,-103,-26,40,8256,-10040,9284,-27,125,-136,-14192,4976,4024,-781,28,-47,-14404,-3696,6200,-488,127,-130,0
202.7429461479187,9200,5388,11520,-83,-31,29,8332,-10008,9356,-30,155,-153,-14084,4904,4176,-1013,53,-58,-14348,-3544,6184,-538,158,-161,0
202.77810907363892,9152,5340,11760,-68,-57,66,8344,-10100,9236,-32,155,-166,-14260,4920,4084,-1014,65,-78,-14444,-3748,6432,-502,132,-127,0
202.81370401382446,9288,5432,11436,-104,-82,98,8208,-10044,9016,-28,134,-137,-14236,5076,4024,-1008,82,-77,-14388,-3612,6164,-505,109,-117,0
202.84968209266663,9184,5420,11504,-109,-35,92,8300,-9956,9284,-47,139,-136,-14260,4944,4036,-1019,39,-78,-14480,-3812,6340,-507,132,-151,0
202.88501596450806,9420,5376,11468,-107,-52,99,8184,-9736,9236,-83,157,-155,-14288,4920,3764,-1039,14,-63,-14412,-3632,6640,-521,117,-148,0
202.92082715034488,9184,5388,11600,-124,-130,66,8228,-10040,9192,-63,103,-173,-14128,4872,4008,-1026,9,-126,-14368,-3556,6328,-511,161,-158,0
202.9562170505524,9112,5344,11664,-84,-109,91,8248,-10104,9140,-37,133,-201,-14136,4872,4124,-999,59,-105,-14364,-3544,6400,-452,161,-89,0
202.99192094802854,9248,5308,11364,-106,-136,94,8296,-9948,9196,-50,141,-208,-14268,4976,3992,-984,89,-115,-14360,-3648,6632,-473,181,-93,0
203.02805614471438,8968,5120,11664,-105,-112,127,8416,-10092,9076,-15,100,-195,-14260,4912,3892,-952,55,-103,-14156,-3608,6632,-457,179,-84,0
203.0633499622345,9116,5404,11328,-126,-99,96,8340,-10028,9136,4,145,-176,-14212,4796,4108,-972,73,-114,-14528,-3476,6400,-461,203,-126,0
203.09936904907227,9228,5132,11540,-158,-116,90,8332,-9980,9296,-20,126,-176,-14248,4860,4080,-912,59,-151,-14112,-3752,6220,-460,177,-112,0
203.1329889297485,9440,5388,11640,-166,-81,104,8264,-10004,9200,-25,159,-197,-14208,4916,4320,-978,53,-104,-14220,-3824,6292,-464,170,-112,0
203.16647696495053,9280,5384,11624,-153,-88,99,8348,-9940,9372,-23,155,-147,-14120,4844,4180,-964,105,-76,-14572,-3332,6208,-483,140,-90,0
203.19976806640622,9388,5432,11264,-157,-66,91,8240,-10052,9228,-244,153,-160,-14244,4956,3784,-998,106,-84,-14428,-3632,6644,-451,131,-97,0
203.23341608047485,9372,5420,11756,-200,-100,93,8236,-10100,9216,26,131,-175,-14268,5056,3880,-1032,81,-90,-14376,-3372,6368,-495,206,-86,0
203.26713204383847,9148,5508,11552,-226,-172,124,8212,-10028,9256,-6,168,-189,-14272,4696,4256,-1000,141,-166,-14420,-3756,6288,-456,233,-81,0
203.30060315132144,9120,5416,11612,-209,-213,143,8228,-10092,9304,-3,151,-213,-14240,4884,3996,-992,121,-191,-14492,-3656,6316,-487,226,-81,0
203.33418703079224,9200,5520,11488,-179,-229,128,8352,-10108,9236,-21,141,-250,-14256,5096,4264,-983,138,-142,-14580,-3516,6544,-524,236,-75,0
203.36749911308289,9020,5388,11304,-159,-220,110,8420,-9784,9280,-15,162,-248,-14212,4888,3840,-992,142,-157,-14556,-3652,6248,-495,217,-57,0
203.40112709999087,9232,5424,11268,-199,-212,118,8268,-10028,9244,-251,143,-228,-14340,4948,4012,-985,150,-126,-14568,-3640,6532,-458,239,-50,0
203.4343581199646,9256,5412,11712,-207,-169,163,8292,-10088,9408,28,140,-228,-14244,4932,3864,-993,160,-183,-14360,-3520,6340,-466,201,-81,0
203.4675071239472,9308,5268,11464,-204,-238,167,8264,-9952,9400,255,182,-229,-14196,4900,4036,-988,161,-185,-14296,-3572,6196,-483,238,-59,0
203.50110602378848,9264,5300,11492,-179,-235,130,8476,-10048,9120,24,162,-232,-14272,4944,4048,-984,152,-185,-14340,-3804,6340,-488,248,-42,0
203.53470611572266,9276,5332,11400,-189,-219,156,8272,-10208,9052,17,145,-250,-14280,4908,3948,-1006,145,-169,-14420,-3452,6260,-460,254,-71,0
203.56799411773682,9156,5384,11744,-239,-266,139,8352,-9920,9284,20,156,-264,-14248,4868,3916,-975,123,-148,-14444,-3592,6288,-473,234,-74,0
203.6015949249268,9288,5212,11280,-167,-216,125,8392,-10008,9308,-34,174,-221,-14352,4860,4160,-1008,135,-114,-14432,-3492,6276,-484,190,-95,0
203.635409116745,9300,5316,11648,-228,-187,117,8216,-10004,9396,38,156,-192,-14256,4932,4048,-1057,92,-140,-14292,-3580,6280,-494,172,-93,0
203.66859412193298,9012,5492,11404,-210,-186,144,8328,-9964,9228,43,126,-171,-14336,4864,4140,-1036,97,-116,-14448,-3600,6224,-462,181,-96,0
203.70193910598758,9012,5428,11420,-145,-191,112,8292,-10208,9428,-30,187,-225,-14176,4824,4116,-986,116,-118,-14400,-3576,6156,-454,237,-26,0
203.7355139255524,9224,5552,11620,-228,-199,128,8288,-10224,9416,18,141,-256,-14092,4888,4072,-1279,151,-89,-14304,-3508,6264,-463,223,-73,0
203.7691149711609,9288,5228,11392,-149,-220,137,8392,-9928,9248,21,165,-194,-14228,5112,3972,-1020,112,-104,-14424,-3636,6224,-477,159,-106,0
203.802472114563,9352,5508,11492,-160,-130,115,8240,-9952,9288,-10,140,-168,-14296,4932,4136,-1016,90,-110,-14352,-3636,6232,-474,110,-83,0
203.8361279964447,9252,5328,11356,-158,-152,134,8280,-9740,9336,-40,152,-184,-14420,4936,4040,-976,110,-143,-14280,-3592,6376,-450,149,-65,0
203.86953902244568,9228,5332,11472,-112,-121,111,8200,-10004,9304,-22,141,-213,-14084,4836,3976,-1042,99,-147,-14280,-3580,6240,-490,189,-138,0
203.9030020236969,9372,5260,11280,-138,-128,129,8328,-10204,9172,-25,151,-195,-14244,4844,3992,-1032,91,-82,-14240,-3568,6308,-491,145,-99,0
203.93620991706848,9352,5168,11536,-110,-110,88,8288,-10020,9140,-30,103,-179,-14288,4612,3904,-995,72,-115,-14436,-3708,6176,-483,143,-108,0
203.9696900844574,9356,5280,11352,-124,-59,86,8372,-9972,9016,-4,135,-169,-14360,4884,3992,-1038,74,-113,-14524,-3648,6188,-476,143,-138,0
204.00332212448117,9360,5328,11648,-119,-36,86,8320,-10028,9196,-18,156,-151,-14200,4840,4044,-998,66,-107,-14420,-3564,6320,-481,144,-123,0
204.03696393966678,9284,5428,11504,-111,-50,93,8308,-10008,9172,-250,137,-163,-14508,5092,4124,-774,91,-83,-14468,-3640,6284,-502,109,-157,0
204.0702650547028,9348,5536,11312,-101,-25,70,8324,-9736,9256,-60,132,-137,-14124,4620,4136,-995,14,254,-14508,-3612,6352,-506,116,-151,0
204.10363793373108,9172,5300,11444,-101,-35,58,8288,-9732,9264,-51,175,-155,-14184,4808,4076,-1001,38,-99,-14412,-3492,6292,-491,109,-157,0
204.14186096191406,9364,5324,11724,-89,-53,61,8232,-9924,9304,-66,173,-106,-14192,4944,4220,-1009,64,-49,-14504,-3492,6328,-505,125,-160,0
204.17757892608643,9212,5124,11620,-100,-33,58,8192,-9940,9316,-35,162,-135,-14196,4912,3928,-1010,25,-67,-14348,-3512,6304,-487,109,-155,0
204.2123191356659,9248,5604,11772,-92,252,59,8268,-10052,9264,-31,137,-134,-14252,4956,4220,-1002,57,-39,-14328,-3588,6392,-480,155,-145,0
204.24816608428958,9288,5368,11556,-117,-54,84,8132,-10052,9348,-50,140,-139,-14240,5104,3844,-988,93,-65,-14572,-3572,6360,-531,112,-123,0
204.2837219238281,9312,5252,11552,-82,-60,98,8200,-10140,9264,-40,160,-143,-14292,4956,4112,-1004,51,-51,-14440,-3836,6388,-554,135,-134,0
204.31877112388608,9296,5120,11772,-85,-50,88,8308,-9976,9192,-22,100,-137,-14200,4896,4216,-1013,47,-81,-14440,-3536,6600,-540,115,-144,0
204.35399198532102,9268,5364,11568,-40,249,96,8248,-9940,9052,-68,130,-111,-14264,4624,4180,-1015,70,-42,-14396,-3652,6288,-534,102,-142,0
204.3890039920807,9288,5344,11464,-80,-23,67,8236,-9972,9356,-40,153,-149,-14132,4844,4176,-973,28,-46,-14516,-3632,6360,-524,117,-163,0
204.42477202415466,9260,5344,11640,-101,-251,59,8348,-10020,8988,-56,145,-134,-14236,4948,3996,-987,74,-63,-14436,-3408,6312,-513,100,-150,0
204.46046805381775,9364,5308,11568,-56,-17,57,8128,-10004,9284,-48,136,-139,-14328,4940,4324,-1050,64,-31,-14192,-3608,6380,-527,155,-142,0
204.49590706825254,9312,5408,11436,-108,-54,67,8352,-10108,9436,-70,120,-161,-14296,4944,4036,-985,44,-123,-14392,-3548,6324,-526,133,-150,0
204.53129696846008,9184,5424,11632,-91,-78,70,8268,-10040,9336,-98,152,-176,-14240,4908,4152,-978,34,-29,-14440,-3544,6364,-534,117,-170,0
204.5676319599152,9136,5124,11332,-92,-61,50,8556,-10112,9336,-94,188,-162,-14076,5000,4036,-1029,60,-85,-14164,-3744,6340,-530,167,-155,0
204.60285115242007,9376,5368,11384,-59,-76,89,8136,-10188,9204,-44,144,-207,-14324,4868,3876,-1017,102,-96,-14120,-3812,6220,-536,172,-137,0
204.63763308525085,9416,5596,11576,-98,-136,74,8216,-10012,9324,40,147,-205,-14176,4948,4004,-1050,100,-63,-14408,-3640,6224,-518,131,-118,0
204.6736509799957,9284,5396,11492,-122,-64,92,8276,-10032,9336,-41,117,-162,-14312,4984,3952,-974,104,-103,-14180,-3636,6316,-529,138,-131,0
204.70929312705994,9240,5356,11676,-105,-72,114,8268,-10068,9224,-36,112,-182,-14264,4844,4164,-1008,121,-83,-14412,-3636,6216,-767,166,-101,0
204.74447703361514,9228,5412,11460,-118,-61,83,8248,-9968,9224,-22,117,-174,-14276,4880,4076,-981,90,-108,-14400,-3636,6304,-519,139,-116,0
204.78087496757507,9036,5404,11300,-128,-82,96,8276,-10004,9240,-63,138,-186,-14104,4872,4096,-981,101,-64,-14504,-3580,6456,-506,140,-134,0
204.81447196006775,9180,5444,11544,-132,-110,82,8228,-10060,9332,-50,115,-150,-14252,4912,3976,-1005,66,-53,-14556,-3368,6328,-499,152,-117,0
204.84774899482727,9288,5136,11736,-114,-66,111,8304,-9980,9160,-41,151,-167,-14224,4980,4168,-987,120,-103,-14160,-3636,6308,-517,133,-116,0
204.88128209114078,9452,5172,11496,-138,-86,105,8304,-10056,9256,252,135,-165,-14060,4988,4164,-1002,121,-142,-14336,-3692,6240,-489,179,-109,0
204.91497111320496,9456,5412,11416,-156,-113,61,8208,-9988,9016,-28,116,-206,-14324,4896,4336,-986,96,-132,-14428,-3680,6352,-498,149,-104,0
204.94856095314026,8980,5232,11460,-92,-124,90,8248,-10068,9292,-48,137,-166,-14256,4964,4220,-980,123,-114,-14340,-3608,6384,-517,187,-117,0
204.9820830821991,9140,5540,11504,-127,-94,112,8244,-9996,9308,7,141,-163,-14236,4920,4192,-1021,116,-81,-14292,-3628,6368,-533,184,-113,0
205.01570892333982,9388,5424,11540,-207,-94,133,8188,-9756,9012,28,162,-164,-14164,4860,4116,-1026,109,-89,-14372,-3560,6384,-496,148,-46,0
205.04923796653748,9140,5508,11440,-182,-76,133,8280,-10004,9300,-48,147,-188,-14236,4620,4140,-983,166,-119,-14460,-3648,6440,-498,217,-76,0
205.08297109603882,9216,5452,11548,-180,-180,118,8260,-10016,9324,-11,144,-225,-14100,5004,4080,-978,163,-153,-14456,-3608,6236,-489,211,-68,0
205.11667013168335,9164,5396,11528,-134,-137,100,8220,-9996,9160,-1,174,-201,-14184,4844,4016,-769,149,-174,-14336,-3544,6328,-490,204,-94,0
205.1498849391937,9148,5376,11308,-169,-148,99,8220,-10204,9212,24,169,-238,-14152,4916,3992,-969,135,-131,-14288,-3612,6416,-470,190,-86,0
205.18321013450623,9124,5592,11432,-206,-159,111,8188,-10036,9004,-43,171,-234,-14212,4612,4024,-932,156,-151,-14412,-3624,6372,-466,181,-77,0
205.21684503555298,9296,5212,11448,-220,-158,136,8216,-10064,9304,-6,167,-239,-14200,4992,4152,-962,154,-124,-14340,-3608,6252,-479,250,-115,0
205.25030303001404,9224,5120,11684,-219,-187,128,8280,-10228,8996,12,157,-249,-14076,4896,3876,-959,153,-162,-14264,-3500,6392,-513,254,-87,0
205.28399109840396,9432,5140,11552,-168,-183,129,8140,-10064,9236,20,106,-228,-14152,4632,3720,-981,183,-170,-14392,-3520,6280,-509,230,-63,0
205.31761312484744,9452,5344,11768,-213,-204,165,8248,-9988,9204,5,120,-255,-14160,4860,4128,-998,195,-171,-14500,-3624,6392,-515,250,-46,0
205.35075211524963,9232,5424,11692,-195,-176,153,8272,-10156,9184,-5,105,-213,-14248,4960,4216,-957,171,-155,-14400,-3644,6332,-495,196,-57,0
205.38433504104614,9220,5308,11620,-186,-203,122,8308,-10016,9212,11,149,-197,-14288,4988,4256,-1017,152,-123,-14516,-3600,6308,-499,231,-85,0
205.417906999588,9228,5460,11568,-195,-200,136,8292,-10160,9172,3,127,-213,-14176,4856,4108,-1019,128,-122,-14320,-3556,6240,-501,202,-65,0
205.4513339996338,9276,5424,11348,-182,-183,129,8284,-9912,9272,-7,126,-214,-14108,4756,3968,-974,169,-155,-14316,-3596,6352,-462,181,-67,0
205.4847249984741,9284,5452,11408,-199,-189,143,8312,-10032,9380,-21,121,-223,-14092,4612,4292,-974,163,-165,-14444,-3520,6332,-478,209,-69,0
205.51824498176575,9336,5336,11488,-210,-180,112,8244,-10024,9296,-10,150,-227,-14288,4868,3972,-976,150,-158,-14148,-3552,6308,-485,188,-99,0
205.55180311203003,9276,5312,11584,-159,-187,146,8208,-10152,9284,-10,112,-230,-14288,4944,4044,-1032,156,-101,-14344,-3600,6292,-464,209,-78,0
205.58527112007144,9032,5224,11568,-188,-176,107,8292,-10040,9332,-13,112,-223,-14096,5112,4004,-1006,165,-140,-14360,-3548,6296,-454,201,-94,0
205.61894512176514,9312,5360,11392,-181,-164,105,8284,-10240,9324,-27,99,-238,-14300,4740,4068,-977,179,-116,-14344,-3520,6316,-486,157,-78,0
205.65235114097598,9352,5128,11536,-168,-146,130,8260,-10000,9204,-62,93,-195,-14148,4940,3808,-1024,155,-115,-14420,-3748,6308,-546,144,-88,0
205.68562006950378,9424,5312,11444,-133,-126,113,8360,-9988,9208,-36,82,-168,-14328,4904,3860,-1008,124,-109,-14352,-3488,6348,-501,127,-133,0
205.71920108795166,9196,5332,11600,-136,-62,123,8324,-9916,9436,-41,114,-158,-14192,4804,4260,-1003,127,-83,-14444,-3516,6268,-453,68,-117,0
205.75560402870178,9296,5344,11392,-133,-94,79,8344,-9752,9288,-74,148,-183,-14540,4696,3892,-1057,90,-91,-14412,-3468,6208,-440,139,-157,0
205.79225993156436,9392,5296,11476,-180,-35,80,8352,-9944,9052,-40,181,-126,-14340,4936,3864,-1044,48,-65,-14348,-3584,6240,-442,99,-131,0
205.8280849456787,9304,5348,11432,-127,-19,108,8280,-9732,9328,-44,151,-126,-14268,4876,4056,-1045,46,245,-14416,-3392,6356,-427,48,-129,0
205.86310696601868,9276,5288,11400,-141,-39,80,8264,-10000,9144,-59,178,-113,-14220,4844,3944,-1039,43,-48,-14548,-3476,6304,-431,28,-122,0
205.89824914932245,9268,5352,11444,-132,-59,78,8444,-9772,9216,-65,172,-133,-14276,4884,4232,-1014,53,-75,-14340,-3348,6360,-467,81,-135,0
205.93394994735718,9196,5304,11556,-118,243,67,8344,-10148,9336,-40,116,-160,-14264,4660,4016,-1042,46,-32,-14464,-3392,6244,-533,108,-164,0
205.96968913078308,9180,5284,11556,-112,-31,79,8172,-10204,9308,-46,130,-149,-14172,5000,4012,-1035,85,-91,-14352,-3628,6616,-486,126,-110,0
206.00477004051208,9128,5356,11512,-102,-74,78,8312,-9968,9204,-52,114,-170,-14312,5100,4152,-1280,105,-97,-14492,-3548,6308,-490,115,-121,0
206.04118394851687,9628,5388,11272,-114,-39,82,8232,-10072,9408,-42,128,-158,-14184,4848,4144,-979,85,-46,-14532,-3548,6344,-501,126,-134,0
206.07763099670407,8992,5280,11540,-103,-37,93,7972,-10000,9236,-22,150,-148,-14216,4796,4284,-1009,86,-57,-14392,-3580,6496,-748,138,-135,0
206.11276507377622,9212,5420,11328,-92,-43,101,8356,-10240,9256,-35,135,-165,-14220,4844,3896,-1280,66,-89,-14408,-3712,6428,-505,143,-143,0
206.1486849784851,9260,5200,11332,-104,-94,78,8280,-10000,9296,-70,121,-154,-14256,4924,4012,-986,57,-53,-14564,-3492,6264,-489,114,-123,0
206.18329811096194,9244,5580,11740,-107,-51,66,8348,-10072,9064,-57,94,-173,-14268,4952,4048,-1272,49,-123,-14412,-3336,6396,-510,146,-142,0
206.2195339202881,9320,5600,11392,-125,-63,94,8364,-10212,9188,3,114,-142,-14168,4864,4160,-995,67,-65,-14348,-3608,6428,-499,87,-129,0
206.25497913360599,9232,5372,11400,-64,-32,68,8172,-10016,9156,-46,140,-183,-14204,4876,4188,-1006,63,-88,-14160,-3656,6280,-526,167,-132,0
206.29079794883728,9240,5604,11728,-106,-110,75,8328,-10180,9404,-22,132,-189,-14128,4924,4000,-980,63,-108,-14444,-3572,6376,-489,138,-127,0
206.3261730670929,9384,5424,11268,-140,-62,104,8256,-9980,9272,-60,132,-149,-14144,4824,4156,-988,125,-15,-14572,-3564,6228,-504,75,-122,0
206.36188912391663,8992,5452,11420,-118,-62,92,8252,-10040,9296,-20,134,-157,-14336,4904,4336,-1021,89,-60,-14300,-3584,6380,-518,106,-122,0
206.39803004264834,9016,5292,11324,-127,-78,99,8188,-9984,9304,-57,114,-140,-14248,5116,4016,-1031,94,-87,-14552,-3828,6416,-505,141,-132,0
206.43286609649658,8976,5428,11724,-120,-108,90,8032,-10128,8972,-55,112,-168,-14180,4968,4108,-979,67,-74,-14096,-3608,6592,-518,144,-102,0
206.46883296966556,9220,5316,11440,-113,-84,64,7960,-10096,9176,-14,136,-183,-14168,4900,4108,-1001,146,-79,-14356,-3560,6612,-501,151,-92,0
206.5022871494293,9224,5424,11304,-123,-95,88,8272,-10076,9064,-28,118,-204,-14112,4660,4064,-990,112,-77,-14188,-3600,6160,-520,197,-109,0
206.53582000732422,9276,5368,11420,-130,-102,110,8388,-10040,9376,-20,85,-193,-14140,4948,3992,-1016,95,-106,-14400,-3496,6176,-511,199,-129,0
206.56927704811093,9180,5356,11524,-136,-108,95,8336,-9756,9016,-10,85,-202,-14272,4848,4088,-956,98,-137,-14500,-3700,6468,-499,164,-125,0
206.6026771068573,9128,5396,11504,-142,-76,107,8392,-10052,9180,-21,148,-178,-14136,4764,4080,-1001,116,-123,-14092,-3388,6144,-488,138,-107,0
206.63620400428772,8968,5364,11408,-160,-85,98,8244,-10076,8980,-36,106,-179,-14212,4916,4256,-999,83,-78,-14364,-3632,6452,-509,150,-133,0
206.66979598999023,9464,5148,11444,-161,-80,105,8276,-10108,9196,-30,176,-170,-14128,4884,4144,-998,90,-87,-14448,-3580,6380,-507,121,-104,0
206.70311403274533,9468,5124,11716,-145,-83,112,8364,-10096,9196,-47,165,-158,-14236,4856,4004,-988,90,-69,-14316,-3580,6312,-517,161,-107,0
206.736722946167,9460,5612,11416,-159,-106,99,8280,-9784,9224,1,134,-172,-14260,4924,3864,-989,115,-106,-14376,-3588,6180,-476,170,-99,0
206.77023196220398,9388,5608,11536,-196,-113,92,8420,-10108,8988,12,153,-188,-14220,4956,4140,-984,118,-113,-14348,-3776,6488,-484,193,-82,0
206.80392503738403,9144,5396,11536,-213,-158,132,8308,-10168,9144,3,151,-224,-14128,4968,4244,-969,169,-170,-14424,-3736,6632,-472,226,-68,0
206.83757114410398,9456,5428,11672,-207,-222,147,8332,-10112,9244,-29,171,-235,-14140,4752,4044,-965,147,-163,-14312,-3664,6160,-484,240,-61,0
206.87114095687866,9040,5232,11476,-161,-214,135,8192,-10036,9344,-29,124,-219,-14160,4884,4032,-932,167,-116,-14572,-3560,6512,-474,209,-62,0
206.90475010871887,9436,5344,11616,-198,-206,124,7964,-10112,8976,-28,158,-226,-14116,4836,4092,-976,148,-81,-14564,-3796,6428,-491,188,-88,0
206.93820309638974,9288,5560,11264,-219,-194,145,8256,-10072,9264,-27,144,-231,-14296,4908,4152,-949,198,-124,-14456,-3600,6372,-470,197,-55,0
206.97212505340573,9328,5272,11552,-225,-180,177,8204,-10056,9216,-17,134,-210,-14216,4884,4036,-977,187,-109,-14260,-3624,6320,-465,216,-61,0
207.00567102432245,9216,5392,11400,-210,-192,143,8272,-10032,9180,-2,117,-237,-14092,4968,3856,-980,193,-161,-14280,-3484,6340,-483,221,-22,0
207.0390429496765,9260,5352,11516,-204,-187,153,8356,-10084,9340,17,114,-233,-14204,4936,4080,-1001,210,-193,-14364,-3596,6376,-768,260,-47,0
207.0725309848785,9288,5368,11452,-184,-240,177,8360,-9988,9204,-7,103,-217,-14152,4832,4272,-954,221,-152,-14480,-3528,6420,-467,224,10,0
207.10614109039307,9236,5372,11352,-172,-210,177,8372,-9916,9196,-24,148,-209,-14296,4912,4224,-980,181,-78,-14508,-3720,6240,-469,168,-43,0
207.1399080753326,9436,5332,11400,-213,-154,171,8328,-10224,9272,-36,108,-164,-14196,4872,4108,-991,112,-53,-14468,-3440,6624,-496,146,-78,0
207.17350411415097,9312,5476,11476,-201,-139,174,8236,-9940,9456,12,112,-158,-14316,4812,4060,-1016,169,-71,-14580,-3592,6236,-462,126,-60,0
207.20718812942502,9272,5380,11380,-152,-117,148,8280,-9760,9028,-32,141,-189,-14268,4844,4256,-930,161,-120,-14096,-3520,6368,-500,186,-60,0
207.2406449317932,9324,5300,11344,-215,-198,149,8220,-9996,9248,-23,100,-223,-14172,4932,4080,-994,173,-162,-14348,-3580,6392,-461,232,-13,0
207.2742350101471,9356,5288,11568,-206,-190,176,8204,-10072,9152,-25,101,-193,-14152,4848,4016,-993,154,-90,-14400,-3564,6408,-482,118,-73,0
207.30795407295227,9296,5272,11424,-187,-158,166,8204,-9780,9028,-26,120,-168,-14160,4876,3932,-975,124,-95,-14412,-3560,6416,-495,136,-74,0
207.34154796600342,9276,5368,11328,-183,-139,109,8200,-10092,9188,-23,143,-202,-14084,5108,4044,-918,107,-67,-14328,-3560,6400,-491,160,-97,0
207.37489700317383,9252,5260,11400,-129,-134,125,8160,-10068,9240,-165,113,-191,-14312,4892,4068,-1005,115,-97,-14424,-3464,6336,-489,161,-76,0
207.40844702720642,9264,5260,11488,-158,-131,142,8220,-10068,8992,-59,79,-194,-14256,4868,4088,-1031,115,-104,-14088,-3572,6228,-525,174,-92,0
207.44168305397034,9384,5208,11772,-137,-89,94,8336,-10068,9104,-78,80,-171,-14172,4888,4040,-1032,102,-107,-14436,-3428,6284,-495,157,-152,0
207.47758793830874,9364,5276,11472,-128,-90,67,8324,-10052,9256,-35,105,-165,-14312,4976,3992,-985,102,-74,-14516,-3508,6144,-511,148,-119,0
207.51310801506042,9452,5292,11424,-137,5,100,8348,-9968,9220,-31,154,-143,-14144,4796,4080,-1015,88,-96,-14392,-3552,6292,-485,156,-127,0
207.54844903945923,9344,5432,11536,-131,-49,83,8292,-9996,9180,-21,112,-158,-14280,4864,4152,-1280,83,-27,-14524,-3440,6508,-490,139,-133,0
207.5843210220337,9424,5292,11544,-107,-44,86,8236,-10008,9144,-74,123,-136,-14216,4904,4096,-1008,91,-59,-14356,-3468,6356,-262,107,-135,0
207.61977005004883,9340,5180,11460,-95,-34,93,8260,-9784,9064,-67,123,-145,-14300,4788,4028,-1022,55,-47,-14392,-3504,6348,-480,124,-155,0
207.65483593940735,9348,5332,11480,-108,-43,74,8244,-10112,9300,-67,183,-140,-14272,4916,4048,-1018,42,-49,-14356,-3560,6368,-262,89,-157,0
207.69075798988342,9268,5296,11368,-99,-27,73,8272,-10068,9124,-71,130,-138,-14192,4888,4084,-1275,59,-81,-14536,-3436,6356,-524,132,-154,0
207.7262179851532,9268,5260,11596,-87,20,89,8008,-10036,9132,-57,161,-133,-14236,4940,4032,-1027,57,-29,-14264,-3596,6504,-493,124,-113,0
207.7622971534729,9368,5620,11392,-114,-8,97,8256,-10036,9376,-71,82,-130,-14140,4940,4280,-973,136,-69,-14416,-3432,6148,-477,133,-129,0
207.7975311279297,9260,5352,11700,-79,-53,103,8368,-10112,9280,-91,115,-153,-14320,5000,4200,-1044,103,-62,-14460,-3572,6196,-555,141,-107,0
207.83312702178958,9252,5284,11580,-105,-53,98,8248,-10060,9048,-45,58,-126,-14204,4832,4048,-1056,95,-45,-14400,-3552,6332,-543,142,-107,0
207.86829710006714,9412,5348,11388,-49,254,123,8084,-9920,9144,-143,96,-128,-14292,5076,4264,-935,69,-36,-14512,-3376,6440,-516,98,-104,0
207.9038560390472,9336,5360,11648,-59,-36,81,8300,-10032,9272,-137,93,-98,-14228,4844,3940,-918,50,-237,-14456,-3500,6212,-257,79,-110,0
207.9393169879913,9416,5364,11564,-154,-17,122,8316,-10064,9152,-71,128,-94,-14208,4844,4264,-990,74,-34,-14460,-3448,6224,-479,82,-90,0
207.97490811347961,9264,5336,11380,-144,-16,126,8320,-9968,9104,-67,121,-98,-14200,4876,4100,-970,82,225,-14348,-3336,6308,-520,65,-92,0
208.010528087616,9188,5372,11436,-128,-10,125,8200,-10088,9344,-95,129,-107,-14300,4672,3960,-946,75,-2,-14372,-3572,6504,-535,84,-99,0
208.04559803009036,9444,5292,11768,-152,-29,125,8120,-10056,9176,-106,161,-120,-14236,4912,4132,-987,109,-34,-14408,-3460,6464,-497,107,-71,0
208.08134198188782,9140,5288,11624,-179,-76,98,8044,-10108,9060,-76,119,-169,-14136,4920,4064,-1024,79,-48,-14584,-3444,6484,-509,158,-118,0
208.11908602714539,9176,5332,11464,-102,-53,118,8244,-10224,9168,-64,98,-156,-14152,4964,3920,-976,103,-83,-14288,-3648,6456,-462,131,-124,0
208.15250492095947,9260,5308,11636,-92,-128,115,8280,-10060,9112,-49,90,-153,-14076,4948,4160,-1043,130,-72,-14452,-3352,6376,-504,138,-64,0
208.18579697608948,9220,5372,11364,-118,-80,114,8328,-10192,9084,-27,141,-148,-14460,5020,3952,-987,102,-82,-14488,-3392,6432,-491,104,-85,0
208.21953511238098,9200,5292,11392,-100,-84,132,8312,-10140,9116,-52,114,-119,-14244,4972,4000,-990,110,-85,-14452,-3444,6408,-505,145,-102,0
208.2529900074005,9236,5304,11460,-109,-76,107,8260,-10096,9164,-41,96,-138,-14260,4872,4240,-999,109,-71,-14360,-3344,6324,-497,161,-112,0
208.28660702705383,9252,5284,11368,-127,-96,123,8288,-10168,9144,-50,97,-174,-14212,4948,4060,-986,88,-42,-14316,-3576,6468,-491,146,-80,0
208.32016015052798,9252,5360,11488,-135,-72,104,8440,-10068,9216,-85,60,-158,-14288,4908,4132,-1013,77,-67,-14376,-3424,6524,-484,147,-85,0
208.3535001277924,9052,5220,11432,-150,-94,95,8304,-10192,9192,-42,101,-167,-14088,5020,4164,-1013,77,-103,-14404,-3484,6312,-502,165,-137,0
208.38737797737122,9264,5316,11408,-95,-61,85,8256,-10108,9120,-3,139,-179,-14168,4928,4124,-1002,118,-108,-14312,-3552,6384,-485,183,-127,0
208.42065691947934,9176,5360,11276,-158,-86,91,8268,-10064,9308,-28,136,-185,-13876,4956,4084,-994,109,-125,-14332,-3500,6360,-486,194,-86,0
208.45392012596128,9276,5420,11720,-127,-95,94,8192,-10112,9136,-70,109,-180,-14116,4960,4092,-985,142,-72,-14440,-3512,6452,-501,170,-80,0
208.48751711845398,9368,5252,11636,-135,-109,104,8200,-10160,9172,253,105,-163,-14148,4880,3980,-1038,63,-87,-14592,-3432,6416,-257,194,-112,0
208.5208239555359,9184,5320,11480,-205,-120,125,8252,-10100,9136,43,128,-167,-14280,4968,4116,-1014,91,-131,-14392,-3604,6652,-488,178,-81,0
208.55414414405823,9180,5376,11476,-209,-133,136,8308,-10088,9108,-1,185,-184,-14168,4944,4008,-1033,102,-127,-14368,-3440,6640,-467,219,-85,0
208.58781099319458,9260,5284,11680,-243,-177,96,8280,-10192,9076,-21,123,-231,-14168,5008,4096,-959,112,-115,-14360,-3552,6628,-482,272,-54,0
208.6212360858917,9324,5356,11544,-226,-191,146,8332,-10088,9172,-39,150,-219,-14188,5004,4136,-967,180,-125,-14592,-3548,6592,-482,208,-68,0
208.65455913543704,9044,5300,11596,-232,-189,149,8288,-10084,9152,-26,166,-200,-14248,4944,3972,-1010,136,-132,-14400,-3448,6436,-443,200,-88,0
208.68790793418887,9248,5136,11716,-254,-154,131,8324,-10048,9224,-59,164,-221,-14208,4928,4176,-952,168,-117,-14388,-3376,6184,-423,146,-52,0
208.72141599655154,9288,5156,11768,-275,-148,123,8264,-10088,9344,-60,158,-199,-14304,5100,3980,-926,159,-140,-14460,-3520,6300,-445,186,-43,0
208.75479912757874,9004,5260,11476,-218,-158,130,8204,-10012,9124,-53,89,-232,-14276,4880,4264,-955,182,-140,-14304,-3460,6428,-505,234,-37,0
208.78848004341125,9388,5280,11388,-206,-200,164,8164,-10184,9332,-31,-97,-192,-14260,4928,3976,-916,496,-163,-14472,-3532,6172,-520,199,-56,0
208.82200694084167,9300,5340,11772,-153,-220,168,8216,-10180,9092,39,-22,-213,-14148,4948,4060,-991,188,-154,-14560,-3516,6316,-507,510,-60,0
208.85529303550717,9216,5316,11464,-183,-187,133,8368,-10160,9304,21,97,-232,-14252,4964,4136,-999,202,-175,-14540,-3432,6448,-487,234,-67,0
208.88892197608948,9356,5288,11584,-147,-174,118,8336,-10164,9096,28,91,-222,-14220,4964,4020,-1007,138,-185,-14532,-3428,6368,-507,202,-71,0
208.9222750663757,9248,5244,11496,-164,-147,117,8340,-10212,9104,34,134,-231,-14324,4912,4156,-1001,101,-138,-14460,-3536,6476,-505,226,-97,0
208.95574498176575,9228,5328,11304,-190,-142,103,8324,-10088,9188,24,96,-213,-14240,4960,4028,-978,125,-119,-14408,-3316,6480,-490,209,-76,0
208.98938298225403,9264,5276,11536,-166,-181,106,8224,-10032,9168,-42,183,-252,-14144,4844,4024,-914,102,-151,-14404,-3392,6448,-476,233,-94,0
209.02296495437622,9292,5176,11392,-237,-162,119,8232,-10040,9200,-48,135,-239,-14240,4900,3940,-913,95,-134,-14572,-3372,6596,-456,217,-79,0
209.056380033493,9300,5212,11416,-194,-208,148,8184,-10132,9164,-27,158,-232,-14240,4908,4068,-921,154,-112,-14148,-3516,6280,-460,201,-56,0
209.0900890827179,9272,5408,11544,-232,-175,147,8384,-9988,9192,-23,133,-182,-14056,4828,3876,-950,178,-112,-14412,-3484,6292,-444,212,-80,0
209.1236310005188,9336,5292,11488,-238,-150,156,8372,-10072,9156,-56,98,-193,-14148,5000,4104,-948,185,-102,-14516,-3416,6284,-471,146,-62,0
209.16026306152344,9400,5272,11360,-181,-102,169,8272,-10052,9204,-3,89,-153,-14196,4936,4032,-1053,131,-48,-14148,-3352,6316,-506,189,-124,0
209.1956651210785,9324,5220,11572,-154,-76,109,8356,-10164,9112,35,146,-141,-14124,4660,3840,-1071,88,-103,-14516,-3416,6556,-499,127,-146,0
209.23088192939758,9324,5220,11452,-104,-38,61,8368,-10064,9212,-46,115,-130,-14152,4940,3964,-1008,76,-83,-14492,-3532,6304,-502,138,-152,0
209.26618003845215,9316,5224,11464,-120,-48,73,8456,-10100,9152,-24,128,-159,-14380,4688,4308,-982,83,-73,-14472,-3424,6332,-493,140,-147,0
209.30184698104858,9348,5168,11448,-146,16,87,8332,-10056,9072,-39,127,-111,-14212,4868,4056,-975,52,-255,-14484,-3496,6284,-473,77,-181,0
209.33810901641846,9288,5260,11388,-150,-248,81,8296,-10124,9168,9,112,-109,-14264,4908,4088,-899,20,-12,-14420,-3348,6600,-489,66,-159,0
209.37386512756348,9232,5276,11728,-174,-8,65,8324,-10176,8960,-92,215,-65,-14100,4944,3924,-1037,49,-45,-14392,-3356,6384,-505,97,-160,0
209.40914511680603,9096,5276,11288,-133,-18,80,8308,-10076,9236,-63,177,-136,-14156,4996,4020,-1273,64,-64,-14420,-3420,6392,-764,140,-173,0
209.4440929889679,9328,5272,11492,-114,-37,50,8360,-10232,9156,-23,123,-175,-14188,5016,4016,-990,60,-100,-14348,-3404,6424,-515,140,-143,0
209.4795379638672,9284,5212,11280,-77,-59,95,8300,-10128,9236,-81,138,-162,-14100,4880,4204,-1039,88,-76,-14316,-3416,6420,-523,158,-144,0
209.51461791992188,9252,5308,11664,-109,-69,82,8344,-10220,9076,-42,83,-147,-14120,4868,3940,-985,87,-69,-14388,-3488,6368,-503,122,-127,0
209.55030202865598,9284,5260,11448,-103,-40,67,8280,-10024,9060,-66,115,-121,-14200,4916,4068,-989,72,-77,-14276,-3516,6488,-524,120,-156,0
209.58535504341125,9348,5336,11420,-91,-55,89,8244,-10132,9100,-43,124,-163,-14220,5100,4000,-898,67,-65,-14428,-3424,6448,-493,133,-128,0
209.62077808380127,9340,5260,11492,-118,-71,121,8248,-9744,9032,-59,104,-146,-14216,5008,3848,-1272,132,-47,-14424,-3432,6648,-493,117,-58,0
209.6557900905609,9336,5372,11572,-61,-66,131,8268,-10060,9160,-131,74,-125,-14360,5068,3944,-996,115,-28,-14592,-3404,6244,-511,42,-106,0
209.691831111908,9428,5264,11524,-71,-80,84,8400,-10160,9344,-102,54,-100,-14208,4940,4060,-982,64,252,-14400,-3460,6572,-508,66,-161,0
209.72746300697327,9428,5312,11436,-123,-68,90,8236,-10128,9292,-49,70,-139,-13900,4960,4036,-994,76,-62,-14340,-3396,6476,-526,75,-156,0
209.7635989189148,9312,5240,11520,-1,-67,65,8304,-10188,9144,-16,143,-168,-14236,5080,4044,-1017,61,-108,-14372,-3376,6472,-549,148,-179,0
209.80061793327332,9292,5164,11552,-34,-96,52,8248,-10156,9184,10,138,-193,-14144,5048,4068,-1048,59,-148,-14420,-3480,6472,-509,151,-163,0
209.83420109748837,9296,5236,11580,-77,-57,45,8344,-10156,9160,-240,138,-182,-14320,4944,3848,-1007,47,-113,-14300,-3492,6448,-536,136,-177,0
209.86782407760617,9104,5336,11648,-106,-85,28,8312,-10072,9256,17,169,-198,-14176,4924,4084,-956,244,-135,-14320,-3576,6540,-503,192,-202,0
209.90145301818848,9240,5308,11596,-117,-110,39,8288,-10100,9184,12,164,-198,-14248,5000,4164,-973,19,-109,-14456,-3732,6600,-489,175,-183,0
209.93499898910522,8984,5324,11484,-133,-119,70,8252,-10088,9268,254,154,-174,-14248,4904,4180,-966,88,-101,-14536,-3384,6192,-487,149,-160,0
209.96815514564514,9276,5236,11592,-157,-104,77,8156,-10148,9236,-51,115,-195,-13840,4984,4240,-959,131,-137,-14312,-3372,6332,-504,159,-118,0
210.00179505348206,9348,5432,11464,-118,-109,131,8288,-10036,9232,-23,69,-178,-14184,4636,4184,-978,115,-136,-14352,-3500,6316,-534,166,-102,0
210.03546714782718,9324,5372,11504,-111,-102,103,8208,-10100,8964,58,196,-230,-14372,4856,4008,-1019,88,-109,-14332,-3480,6276,-535,182,-145,0
210.0689940452576,9264,5336,11428,-109,-95,85,8400,-10048,9132,12,149,-194,-14168,4892,4200,-1007,57,-120,-14432,-3484,6516,-519,173,-171,0
210.10257601737976,9332,5336,11352,-149,-58,48,8292,-10124,9264,-12,189,-191,-14196,4624,3908,-988,39,-82,-14448,-3548,6400,-523,150,-186,0
210.1360759735108,9204,5368,11372,-106,-102,60,8320,-10092,9140,-27,120,-206,-14180,4968,4072,-978,57,-80,-14428,-3408,6444,-260,149,-177,0
210.1698501110077,9304,5324,11540,-146,-64,64,8240,-10144,9316,-6,160,-197,-14104,4832,4156,-989,65,-106,-14368,-3476,6468,-486,157,-130,0
210.20339393615723,9196,5340,11680,-133,-62,68,8280,-10112,9184,13,175,-173,-14216,4952,4136,-1007,73,-104,-14116,-3344,6428,-493,154,-140,0
210.23706603050235,9264,5364,11572,-188,-80,80,8196,-10108,9068,-4,177,-193,-14176,4992,4344,-970,97,-130,-14280,-3536,6492,-499,182,-119,0
210.2705090045929,9152,5288,11544,-195,-146,95,8228,-10172,9272,255,173,-230,-14212,4956,3916,-970,149,-122,-14444,-3512,6472,-475,244,-86,0
210.30408310890198,9260,5272,11488,-205,-229,116,8344,-10204,9180,-20,167,-261,-14092,4960,4308,-954,135,-154,-14172,-3516,6544,-500,276,-106,0
210.3376259803772,9224,5280,11516,-205,-216,120,8316,-10168,8968,253,180,-275,-14192,4992,4288,-947,151,-174,-14344,-3500,6640,-480,265,-82,0
210.37110209465027,9276,5364,11472,-211,-223,87,8212,-10084,9336,15,172,-283,-14120,5080,4020,-936,146,-210,-14476,-3520,6500,-490,239,-102,0
210.40446901321405,9192,5308,11472,-218,-145,103,8208,-10080,9156,38,159,-242,-14112,4956,3884,-947,154,-219,-14316,-3520,6400,-495,239,-112,0
210.43751907348636,9244,5256,11500,-203,-178,109,8252,-10112,8980,68,168,-1,-14248,4924,4100,-956,167,-146,-14116,-3352,6372,-480,256,-131,0
210.47088599205014,9248,5328,11648,-190,-206,106,8388,-10092,9280,38,176,-263,-14188,4956,4032,-983,160,-218,-14456,-3512,6280,-490,309,-116,0
210.5045030117035,9384,5272,11428,-220,-511,109,8380,-10020,9192,58,179,-272,-14352,4992,4028,-993,158,-202,-14480,-3424,6296,-515,281,-112,0
210.53813910484314,9396,5236,11432,-189,-229,121,8192,-9816,9216,53,183,-261,-14224,5088,4112,-1002,154,-222,-14396,-3500,6332,-498,223,-95,0
210.5716960430145,9408,5220,11420,-239,-232,111,8248,-10132,9144,48,180,-260,-14180,4848,3956,-970,169,-206,-14392,-3512,6444,-489,237,-84,0
210.6050729751587,9436,5220,11292,-180,-208,115,8316,-10036,9076,-7,155,-220,-14352,4880,4020,-983,157,-166,-14516,-3448,6268,-515,168,-145,0
210.63864398002622,9396,5196,11400,-223,-161,89,8296,-9988,8988,25,173,-180,-14328,4908,3840,-1003,114,-126,-14420,-3444,6256,-511,154,-122,0
210.67179894447327,9244,5272,11564,-190,-155,126,8340,-10012,9220,57,163,-168,-14228,4892,4028,-1029,148,-134,-14160,-3564,6144,-433,163,-92,0
210.7053279876709,9284,5372,11576,-158,-191,110,8248,-10188,9192,40,149,-239,-14112,4892,3916,-1022,160,-171,-14376,-3424,6376,-514,252,-53,0
210.73892211914062,9296,5212,11556,-215,-227,114,8184,-10180,9208,37,136,-257,-14196,4864,4348,-1040,165,-194,-14480,-3388,6368,-496,235,-123,0
210.7770230770111,9228,5340,11632,-127,-4,135,8392,-9904,9168,-4,219,-198,-14100,4992,4232,-1036,121,-131,-14376,-3580,6412,-759,194,-96,0
210.81068301200867,9276,5300,11356,-161,-189,134,7948,-10048,9036,8,172,-212,-14244,4916,4212,-984,158,-118,-14580,-3508,6488,-768,130,-147,0
210.84763503074646,9340,5280,11644,-94,-139,89,8228,-10072,9276,-35,124,-217,-14196,4864,4200,-976,126,-137,-14444,-3448,6384,-503,201,-144,0
210.8832859992981,9204,5204,11428,-93,-174,95,8356,-9940,9208,-24,100,-216,-14148,4892,3864,-993,97,-143,-14316,-3508,6316,-533,178,-115,0
210.91922998428342,9392,5288,11368,-117,-109,100,8408,-9936,9184,-34,98,-181,-14200,4784,4140,-987,153,-107,-14420,-3388,6248,-258,149,-103,0
210.95441913604733,9404,5200,11280,-139,-66,107,8252,-9956,9056,-67,116,-139,-14272,4776,4040,-993,94,-76,-14440,-3332,6196,-496,125,-142,0
210.99074792861938,9576,5204,11512,-165,11,68,8336,-9996,9304,-28,120,-123,-14208,4684,4060,-1018,16,-87,-14404,-3496,6604,-260,121,-164,0
211.02622294425967,9360,5236,11364,-107,4,89,8344,-10104,9272,25,150,-118,-14208,4788,4104,-1027,16,-92,-14292,-3540,6296,-534,186,-180,0
211.06197404861447,9344,5248,11488,-70,-21,46,8232,-10092,9156,10,135,-163,-14188,5012,4016,-1009,28,-100,-14132,-3584,6356,-549,183,-180,0
211.09783792495728,9456,5252,11584,-66,-32,22,8196,-9996,9228,-30,197,-203,-14284,4876,4148,-949,-20,-110,-14388,-3580,6420,-526,166,-199,0
211.13260197639465,9264,5216,11560,-72,-74,48,8268,-9780,9196,-33,188,-186,-14256,4964,4016,-959,239,-64,-14372,-3564,6400,-464,118,-184,0
211.16856694221494,9368,5284,11332,-110,-11,252,8220,-10016,9216,-13,222,-157,-14088,4880,3900,-973,10,-91,-14376,-3536,6384,-501,111,-187,0
211.2037971019745,9264,5364,11508,-100,-21,39,8272,-10092,9292,-30,153,-154,-14168,4856,4128,-965,44,-48,-14128,-3544,6424,-481,107,-147,0
211.23889899253848,9352,5180,11672,-131,-59,63,8228,-10208,9248,-55,154,-168,-14064,4900,3968,-928,69,-118,-14452,-3468,6240,-502,143,-134,0
211.2741270065308,9308,5348,11316,-70,-64,31,8436,-10044,9164,-52,165,-178,-14316,4940,4208,-994,86,-72,-14324,-3508,6324,-549,125,-161,0
211.3095281124115,9384,5244,11396,-92,-50,74,8320,-10056,9284,10,141,-174,-14544,4672,4136,-1029,43,-112,-14372,-3540,6360,-555,167,-157,0
211.34467101097107,9336,5344,11468,-62,-8,62,8260,-9912,9244,-10,105,-153,-14164,4864,4136,-1029,51,-63,-14444,-3472,6448,-539,81,-153,0
211.3800981044769,9304,5292,11332,-38,-22,54,8288,-10028,9316,-38,150,-121,-14224,4872,3956,-1009,55,-78,-14480,-3460,6204,-522,103,-141,0
211.4152810573578,9332,5356,11384,-120,43,76,8272,-9944,9136,-21,135,-131,-14160,4888,4080,-998,41,-36,-14364,-3588,6632,-511,93,-138,0
211.45092010498047,9248,5572,11500,-70,-252,66,8296,-10084,8976,-31,139,-130,-14252,4904,4212,-1007,60,-53,-14496,-3564,6404,-511,98,-147,0
211.48792910575867,9292,5328,11672,-67,-35,48,8300,-10016,9208,-24,161,-172,-14264,5012,4096,-1005,24,-100,-14308,-3544,6496,-540,132,-189,0
211.52164006233215,9140,5340,11464,-69,-54,20,7992,-10040,9400,-34,226,-195,-14220,5004,4060,-988,44,-117,-14280,-3384,6608,-546,155,-195,0
211.5553979873657,9224,5312,11320,-34,-86,24,8324,-10040,8988,-16,193,-6,-14280,4924,4160,-975,38,-132,-14360,-3496,6360,-511,171,-231,0
211.58896803855896,9152,5316,11268,-77,-77,6,7944,-10004,9004,29,195,-232,-14108,4868,4304,-983,26,-114,-14416,-3448,6400,-257,-523,-146,0
211.62253093719482,9104,5624,11304,118,-275,31,8248,-9992,9076,-56,191,-207,-14240,4952,3900,-959,72,-164,-14320,-3560,6492,-760,181,-171,0
211.65575408935547,9356,5388,11424,-92,-104,43,8228,-9804,9292,18,168,-191,-14220,4800,4100,-1017,86,-162,-14348,-3688,6384,-492,149,-131,0
211.68915605545044,9300,5404,11516,-128,-30,62,8268,-10008,9304,-6,149,-164,-14308,4904,4124,-995,114,-95,-14476,-3576,6460,-503,172,-129,0
211.7226729393005,9228,5448,11356,-121,-61,129,8132,-9956,9372,-13,129,-165,-14320,4940,4308,-997,114,-78,-14296,-3624,6596,-535,172,-111,0
211.7562251091004,9256,5380,11572,-94,-58,100,8216,-9780,9404,-36,121,-152,-14236,4908,4140,-1005,138,-93,-14332,-3640,6392,-517,187,-105,0
211.78975892066958,9416,5436,11484,-90,-86,79,8200,-9936,9284,-43,158,-206,-14160,4836,3956,-996,120,-120,-14352,-3828,6388,-549,165,-112,0
211.8234219551086,9312,5416,11328,-124,-84,77,8312,-9940,9320,-20,113,-191,-14192,4900,4340,-989,112,-95,-14088,-3516,6496,-258,133,-148,0
211.85709309577942,9228,5304,11576,-100,-54,106,8272,-10036,9136,17,134,-173,-14316,4620,4212,-988,115,-110,-14408,-3784,6200,-507,163,-107,0
211.8905749320984,9200,5364,11340,-138,-56,81,8260,-10012,9436,-21,133,-169,-14124,4832,4344,-955,141,-130,-14124,-3672,6424,-475,168,-54,0
211.924173116684,9324,5396,11584,-199,-107,111,8312,-9952,9224,-31,142,-171,-14196,4968,4240,-954,163,-107,-14376,-3556,6512,-491,153,-68,0
211.95764899253848,9264,5384,11744,-201,-147,151,8240,-10076,9168,-29,132,-200,-14208,4896,4240,-993,144,-98,-14380,-3444,6568,-516,229,252,0
211.99110412597653,8992,5252,11580,-242,-179,194,7956,-10116,9244,-29,97,-201,-14156,4908,4136,-998,158,-127,-14584,-3396,6408,-503,180,-55,0
212.02471709251404,9308,5336,11520,-103,-150,161,8144,-10056,9212,-39,97,-197,-14196,4920,4104,-996,203,-127,-14424,-3620,6448,-766,164,-64,0
212.05819606781006,9256,5344,11456,-166,-175,128,8276,-9960,9192,-35,141,-208,-14176,4656,4212,-953,132,-130,-14380,-3476,6544,-511,214,-94,0
212.09189605712888,9212,5340,11524,-212,-140,101,8240,-9992,9180,-2,133,-221,-14212,5088,4036,-989,173,-183,-14272,-3648,6256,-468,213,-93,0
212.12553095817566,9368,5328,11536,-222,-161,122,8220,-9772,9084,254,190,-220,-14128,4932,4180,-951,128,-156,-14412,-3608,6328,-479,224,-94,0
212.15914201736447,9236,5364,11728,-202,-174,111,8216,-9968,9352,30,196,-233,-14184,4796,4092,-974,154,-147,-14460,-3596,6424,-477,182,-80,0
212.19254302978518,9328,5424,11636,-214,-187,120,8316,-10048,9280,-33,121,-230,-14248,4908,4172,-978,166,-117,-14244,-3592,6336,-465,268,-59,0
212.22616910934448,9296,5252,11540,-183,-202,129,8264,-9760,9436,-38,136,-254,-14216,4736,4212,-984,174,-165,-14336,-3332,6304,-501,222,-107,0
212.2599220275879,9320,5400,11500,-214,-203,136,8016,-9900,9376,36,245,-222,-14284,4872,3848,-1028,181,-149,-14384,-3512,6308,-501,238,-63,0
212.29313707351687,9288,5344,11472,-163,-201,138,8184,-9960,9260,-4,112,-214,-14216,4880,4140,-1047,139,-172,-14396,-3664,6524,-504,241,-55,0
212.32679510116574,9336,5388,11276,-208,-171,141,8284,-9776,9292,-3,125,-219,-14332,4800,4240,-1003,158,-123,-14496,-3484,6256,-500,204,-78,0
212.36014008522034,9348,5296,11524,-180,-148,118,8240,-10008,9384,24,130,-202,-14168,5000,3872,-1187,206,-115,-14356,-3476,6356,-492,190,-56,0
212.3936920166016,9452,5284,11544,-179,-170,139,8288,-10048,9232,36,135,-217,-14236,4932,4244,-997,154,-100,-14400,-3564,6344,-498,226,-65,0
212.42730307579038,9284,5364,11708,-184,-164,151,8012,-9800,8984,16,239,-209,-14120,4780,4048,-1027,139,-161,-14376,-3628,6344,-496,214,-97,0
212.46073603630066,9028,5240,11440,-163,-181,120,8256,-9956,9220,-21,152,-217,-14196,4776,4228,-989,154,-118,-14456,-3612,6388,-501,201,-69,0
212.4940221309662,9352,5624,11464,-143,-144,105,8424,-9744,9276,-73,-252,-237,-14176,4972,4188,-1012,100,-176,-14120,-3804,6312,-257,200,-112,0
212.53134799003598,9336,5304,11424,-127,-138,87,8356,-9960,9296,-12,137,-235,-14132,4612,3944,-1013,125,-109,-14496,-3724,6364,-504,171,-139,0
212.56719613075254,9336,5264,11288,-114,-110,65,8232,-9884,9172,-42,146,-192,-14112,4868,4156,-992,102,-147,-14092,-3504,6316,-474,150,-149,0
212.60224604606628,9324,5296,11396,-153,-32,78,8336,-9948,9244,-50,148,-172,-14288,4828,3988,-982,76,-80,-14492,-3520,6280,-497,125,-173,0
212.63813400268558,9716,5276,11768,-122,-18,99,8224,-9928,9128,-36,150,-111,-14096,5092,4336,-1279,82,-49,-14580,-3520,6256,-526,123,-155,0
212.67340993881226,9376,5252,11280,-150,23,80,8276,-9972,9400,-254,127,-131,-14212,4880,4296,-1074,91,-63,-14516,-3604,6180,-502,101,-119,0
212.70887398719788,9412,5440,11356,-91,17,112,8240,-9736,9276,-59,111,-113,-14300,4788,4208,-985,76,-15,-14440,-3644,6624,-531,62,-137,0
212.74401211738586,9460,5336,11432,-76,11,72,8300,-9988,9296,-65,141,-119,-14216,4952,3956,-969,75,-39,-14392,-3588,6288,-497,107,-170,0
212.78069496154782,9324,5372,11456,-124,12,76,8240,-9832,9440,-37,147,-112,-14260,4780,4296,-997,21,-67,-14428,-3344,6280,-498,99,-153,0
212.81590294837955,9312,5352,11444,-90,20,71,8308,-9996,9140,-58,165,-109,-13912,4632,3940,-1001,41,-22,-14484,-3512,6392,-537,41,-150,0
212.85138297080994,9276,5316,11676,-99,7,68,8220,-10004,9256,-69,165,-92,-14244,5112,4188,-979,6,-26,-14516,-3596,6416,-510,71,-133,0
212.88620400428772,9200,5336,11448,-116,-37,59,8240,-9988,9276,-86,159,-130,-14104,4868,3996,-950,52,-17,-14284,-3556,6392,-512,99,-166,0
212.92242908477783,9028,5332,11536,-110,-13,59,8324,-9980,9220,-51,147,-159,-14236,4788,4156,-983,60,-85,-14316,-3520,6524,-499,141,-155,0
212.95764112472534,9124,5360,11472,-85,-43,83,8312,-10020,9152,-74,112,-186,-14220,4772,3936,-1010,69,-96,-14512,-3492,6536,-505,162,-134,0
212.99345803260803,9236,5396,11628,-77,-94,82,8216,-10068,9360,-46,126,-187,-14216,4932,3860,-1010,84,-80,-14304,-3408,6488,-522,146,-167,0
213.02873897552487,9260,5276,11500,-111,-46,74,8320,-10008,9240,-29,127,-163,-14188,4844,4004,-990,85,-105,-14444,-3492,6572,-526,146,-132,0
213.06408596038818,9224,5564,11620,-109,-60,85,8332,-9748,9396,-19,126,-150,-14240,4636,4140,-977,105,-50,-14364,-3664,6440,-527,156,-140,0
213.10005998611447,8972,5592,11296,-121,-42,89,8192,-9984,9040,-37,124,-148,-14244,4652,3988,-975,103,-95,-14232,-3380,6340,-511,138,-148,0
213.13497495651248,9232,5376,11704,-101,-98,85,8280,-9732,9304,-88,144,-165,-14336,4860,4148,-971,76,-74,-14372,-3348,6648,-499,129,-161,0
213.17169404029846,9320,5276,11444,-117,-81,70,8328,-9996,9396,-18,154,-154,-14304,4616,3984,-995,35,-96,-14288,-3736,6484,-510,138,-154,0
213.20516109466556,9296,5460,11388,-146,-82,81,8404,-10160,9276,-14,139,-148,-14084,4952,4312,-994,129,-131,-14388,-3792,6392,-761,114,-109,0
213.23874092102048,9248,5400,11440,-68,-73,84,8192,-10084,9116,-48,148,-198,-14260,4864,4108,-1277,108,-113,-14100,-3632,6196,-259,184,-92,0
213.2722039222717,9192,5388,11532,-115,-148,102,8244,-9996,9444,-44,115,-201,-14264,4612,4236,-968,89,-101,-14564,-3600,6460,-491,143,-107,0
213.30571103096008,9340,5252,11476,-101,-63,96,8340,-10052,9068,-63,90,-165,-14188,4840,4180,-960,134,-23,-14432,-3400,6360,-522,107,-122,0
213.33909106254578,9212,5296,11408,-117,-53,104,8336,-9980,9184,-37,94,-117,-13832,4868,4180,-1007,71,-98,-14416,-3788,6336,-517,136,-128,0
213.37247014045718,9132,5364,11692,-125,-66,103,8300,-9780,9272,249,127,-138,-14192,4956,4244,-1013,104,-109,-14592,-3612,6420,-483,124,-116,0
213.40599608421326,9240,5300,11528,-157,-73,87,8248,-9976,9204,-31,193,-180,-14120,4904,4104,-992,85,-91,-14452,-3472,6324,-509,159,-112,0
213.43933200836182,9356,5624,11472,-124,-101,78,8400,-10080,9300,-34,129,-181,-13884,4932,4228,-972,100,-96,-14296,-3532,6264,-512,177,-125,0
213.47273111343384,9460,5316,11468,-150,-115,91,8292,-10132,9328,-25,116,-197,-14228,4992,3996,-1021,89,-155,-14244,-3532,6400,-497,199,-109,0
213.50614905357358,9244,5208,11380,-111,-100,83,8216,-10048,9300,-26,131,-200,-14172,4876,4112,-992,109,-126,-14292,-3432,6452,-766,176,-126,0
213.539736032486,9228,5172,11536,-127,-102,89,8260,-10128,9332,-32,126,-182,-14152,5068,4184,-1019,84,-103,-14300,-3632,6388,-518,176,-99,0
213.57324314117434,9188,5488,11312,-172,-96,92,8356,-10020,9348,-1,134,-192,-14192,4884,4308,-982,118,-142,-14412,-3600,6452,-486,158,-140,0
213.6069130897522,9228,5400,11456,-162,-94,100,8252,-9996,9192,-7,156,-185,-14160,4800,4264,-772,106,-108,-14368,-3624,6184,-485,160,-128,0
213.64051699638367,9132,5120,11320,-181,-91,74,8320,-9952,9464,7,158,-185,-14376,4988,4284,-968,99,-89,-14412,-3472,6392,-495,162,-126,0
213.6736011505127,9240,5356,11528,-158,-80,96,8316,-10056,9388,-22,175,-175,-14184,4928,4160,-1004,109,-110,-14324,-3624,6408,-764,181,-102,0
213.70725107192996,9252,5448,11348,-158,-125,115,8272,-10004,9184,-20,162,-191,-14348,4924,4240,-988,113,-116,-14368,-3652,6616,-501,182,-98,0
213.7409610748291,9176,5476,11500,-198,-163,139,8312,-9996,9252,-10,158,-212,-14304,4920,4212,-994,149,-202,-14140,-3800,6424,-495,217,-77,0
213.77451300621036,9252,5276,11436,-192,-190,125,8192,-9992,9236,-22,140,-241,-14236,4932,4228,-954,159,-188,-14492,-3624,6636,-478,231,-83,0
213.80816411972046,9240,5524,11508,-167,-163,108,8252,-10016,9036,-24,119,-232,-14264,4948,4036,-969,122,-182,-14316,-3468,6492,-463,234,-56,0
213.84176993370053,8968,5292,11384,-159,-187,139,8280,-9996,9256,-23,128,-250,-14228,4892,4020,-980,158,-91,-14412,-3560,6412,-483,236,-55,0
213.8752191066742,9452,5356,11432,-182,-178,140,8364,-9940,9012,-25,150,-202,-14156,4912,4212,-963,185,-109,-14448,-3620,6496,-470,219,-59,0
213.90899705886838,9268,5300,11728,-204,-151,148,8412,-10104,9304,252,128,-231,-14160,4868,4236,-966,171,-131,-14396,-3740,6400,-492,219,-70,0
213.9423589706421,9300,5236,11496,-195,-187,131,8220,-9948,9248,-17,124,-224,-14220,5020,4040,-984,166,-154,-14360,-3512,6648,-477,234,-49,0
213.97566795349118,9296,5260,11668,-191,-200,135,8316,-10216,9448,-9,147,-231,-14244,4876,4160,-1016,169,-196,-14288,-3364,6372,-505,246,-101,0
214.00919008255008,9396,5252,11536,-168,-222,116,8296,-9956,9280,30,163,-502,-14208,4812,3860,-998,153,-186,-14440,-3512,6304,-257,510,-87,0
214.04266715049744,9236,5284,11524,-195,-198,138,8300,-9972,9308,4,165,-271,-14216,4868,3896,-978,176,-168,-14480,-3504,6252,-444,248,-64,0
214.07612705230716,9328,5316,11448,-203,-187,129,8248,-10232,9304,-34,147,-237,-14172,4936,4104,-966,143,-130,-14500,-3444,6384,-465,190,-104,0
214.10988998413086,9476,5316,11452,-179,-209,114,8204,-10236,9080,9,153,-204,-14180,4840,4096,-971,62,-128,-14192,-3556,6352,-514,205,-71,0
214.1435890197754,9300,5136,11676,-231,-186,95,8244,-9960,9308,49,151,-183,-14308,4788,3972,-1019,127,-167,-14348,-3664,6160,-493,178,-105,0
214.17668795585635,9268,5404,11420,-141,-163,128,8292,-9960,9332,-26,159,-221,-14108,4772,4132,-989,156,-141,-14340,-3624,6556,-508,234,-43,0
214.2143709659576,9372,5336,11372,-198,-242,113,8268,-9856,8976,-8,137,-250,-14132,4860,4144,-993,140,-139,-14408,-3416,6332,-476,278,-44,0
214.24954199790957,9336,5372,11536,-212,-218,131,8408,-10212,9064,-8,158,-213,-14188,4816,4156,-1071,153,-96,-14452,-3360,6296,-509,174,-109,0
214.28511095047,9368,5332,11444,-143,-151,111,8308,-9848,9252,-16,156,-197,-14196,4768,4368,-990,111,-117,-14340,-3448,6352,-259,154,-102,0
214.3204159736633,9236,5344,11448,-142,-171,103,8312,-10240,9260,-34,153,-177,-14108,4860,4168,-964,108,-112,-14420,-3492,6332,-515,181,-95,0
214.35594201087955,9288,5296,11432,-91,-153,97,8316,-10036,9208,-64,168,-226,-14164,4848,4172,-986,140,-159,-14288,-3420,6396,-510,209,-98,0
214.39182496070862,9376,5280,11300,-145,-147,106,8624,-10136,9080,-169,150,-170,-14188,4828,3972,-1033,130,-88,-14496,-3500,6500,-555,184,-128,0
214.42763996124268,9380,5272,11456,-123,-111,109,8312,-9912,9220,-64,111,-188,-14144,4748,4012,-1002,111,-123,-14388,-3484,6308,-500,158,-119,0
214.46234893798828,9368,5296,11488,-127,-44,80,8364,-10016,9388,-34,122,-158,-14260,4788,4324,-991,84,-56,-14432,-3580,6204,-506,169,-122,0
214.49751400947568,9408,5340,11552,-114,-5,74,8444,-9956,9332,-20,130,-147,-14296,4684,4176,-1039,81,-90,-14204,-3604,6444,-501,163,-131,0
214.53308701515198,9288,5296,11528,-123,-27,70,8276,-9956,9216,-8,127,-128,-14196,5068,3932,-1001,104,-53,-14456,-3580,6436,-524,96,-133,0
214.5687091350556,9304,5392,11524,-81,-24,71,8444,-10216,9428,-38,132,-140,-14168,4760,4168,-1000,82,-60,-14548,-3356,6300,-479,112,-147,0
214.60363793373108,9228,5316,11724,-98,-42,87,8292,-9968,9184,-44,109,-170,-14208,4772,4068,-990,56,-80,-14436,-3472,6304,-768,87,-167,0
214.6396510601044,9292,5228,11428,-108,-23,52,8392,-10016,9196,-48,148,-155,-14200,4932,4192,-975,47,-18,-14380,-3552,6332,-495,116,-154,0
214.67490601539612,9348,5284,11324,-83,-21,66,8296,-9732,9272,-11,118,-153,-14168,4824,4040,-987,61,-82,-14120,-3596,6160,-506,122,-135,0
214.71041107177734,9288,5364,11520,-109,-31,39,8184,-9956,9272,-54,164,-162,-14096,4852,4160,-948,104,-51,-14288,-3580,6268,-456,123,-148,0
214.74587893486023,9228,5336,11316,-135,-43,93,8268,-10024,9276,-43,150,-147,-14120,4880,4320,-965,118,-75,-14300,-3576,6460,-479,97,-131,0
214.78149795532227,9304,5196,11540,-94,-59,91,8204,-10048,9292,-41,107,-171,-14180,5100,4108,-994,83,-53,-14396,-3568,6468,-510,129,-154,0
214.81761693954468,9316,5356,11668,-111,-53,92,8344,-9948,9332,-18,132,-124,-14172,5080,4132,-1002,96,-52,-14448,-3552,6408,-261,82,-122,0
214.854159116745,9228,5300,11500,-72,12,84,8280,-9896,9296,-62,118,-122,-14188,4752,4120,-998,53,-55,-14500,-3628,6380,-519,63,-148,0
214.88747596740723,9336,5340,11480,-115,-57,77,8328,-10188,9100,-13,151,-129,-14148,4892,4156,-962,74,-71,-14344,-3468,6280,-500,127,-144,0
214.92105293273926,9336,5304,11424,-127,-4,69,8320,-9956,9192,-29,143,-156,-14508,4780,4180,-1047,67,-23,-14188,-3588,6300,-477,79,-168,0
214.95440793037415,9368,5320,11492,-121,9,64,8300,-10004,9312,-23,152,-139,-14328,4620,4092,-1010,57,-18,-14340,-3492,6404,-496,74,-163,0
214.98808097839358,9284,5124,11576,-116,-36,93,8192,-10012,9228,-23,135,-137,-14248,4848,4004,-978,76,-43,-14180,-3608,6320,-507,87,-138,0
215.0214531421661,9252,5372,11468,-118,-34,80,8324,-9944,9244,-73,157,-131,-14100,5112,4256,-967,66,-73,-14420,-3684,6356,-489,133,-148,0
215.05497598648074,9144,5392,11500,-129,-51,54,8272,-10020,9232,-255,133,-179,-14156,4984,4124,-1004,68,-97,-14260,-3520,6328,-497,138,-148,0
215.09089708328247,9148,5312,11292,-99,-24,92,8240,-9996,9212,4,126,-192,-14148,4628,4120,-1039,103,-84,-14364,-3608,6588,-546,143,-120,0
215.12441396713254,8996,5292,11684,-89,-103,93,8000,-10056,9316,-25,117,-187,-14168,4884,4204,-1013,99,-68,-14436,-3604,6408,-537,140,-112,0
215.1581289768219,9252,5172,11496,-90,-43,74,8400,-10060,9312,-51,106,-175,-14232,4924,4136,-1000,107,-71,-14324,-3580,6340,-262,154,-136,0
215.19132113456726,9292,5388,11704,-114,-59,85,8172,-10024,9172,-39,132,-188,-14164,4676,4240,-988,128,-105,-14388,-3528,6640,-511,157,-134,0
215.22485208511355,9128,5628,11356,-119,-91,89,8308,-10064,9452,-35,106,-187,-14228,4812,4056,-1018,94,-106,-14324,-3764,6436,-530,143,-107,0
215.25843906402588,9340,5176,11384,-98,-95,97,8336,-9736,9140,-30,146,-163,-14104,4840,4244,-971,113,-111,-14412,-3456,6432,-513,164,-154,0
215.29212713241574,9280,5624,11280,-118,-76,87,8248,-9944,9292,-55,133,-176,-14272,4944,4216,-970,68,-96,-14436,-3544,6144,-505,148,-129,0
215.32574510574344,9360,5360,11268,-138,-83,95,8292,-9976,9188,-22,135,-168,-14252,5052,4216,-987,80,-73,-14424,-3788,6596,-491,131,-135,0
215.35932397842407,9268,5360,11480,-114,-39,96,8276,-9960,9468,-9,153,-165,-14116,4976,4024,-980,90,-85,-14084,-3840,6176,-491,167,-101,0
215.39267802238462,9428,5408,11488,-133,-85,85,8240,-10044,9348,-20,128,-200,-14140,4928,4080,-978,129,-93,-14492,-3784,6464,-478,160,-122,0
215.4260830879212,8980,5360,11296,-103,-68,103,8208,-10028,8996,-55,111,-192,-14172,5008,4136,-957,99,-100,-14372,-3472,6420,-534,149,-100,0
215.4601149559021,9432,5280,11508,-128,-114,77,8292,-10064,9316,-29,112,-176,-14220,4944,4104,-985,92,-125,-14232,-3596,6324,-529,169,-138,0
215.49361300468448,9144,5404,11704,-160,-102,123,8192,-9928,9324,-6,134,-158,-14256,5084,3996,-1018,143,-99,-14336,-3652,6384,-497,155,-100,0
215.52722907066348,9028,5312,11368,-137,-58,108,8192,-10036,9360,-70,132,-154,-14204,4948,4000,-1000,102,-85,-14496,-3580,6436,-476,116,-126,0
215.56059312820437,8988,5176,11620,-143,-103,89,8408,-10104,9228,-17,143,-169,-14184,4876,4344,-957,106,-65,-14260,-3532,6344,-522,159,-129,0
215.5939691066742,9408,5392,11392,-139,-52,121,8400,-10224,9468,-13,123,-169,-14188,4784,4280,-1006,128,-108,-14300,-3536,6320,-532,181,-123,0
215.627681016922,9216,5624,11656,-127,-70,112,8288,-10052,9236,8,129,-161,-14128,4760,4140,-1017,90,-120,-14396,-3676,6400,-507,134,-114,0
215.66127300262445,8960,5360,11476,-169,-71,80,8264,-10028,9300,-31,177,-204,-14156,5116,4196,-965,123,-112,-14340,-3332,6484,-467,166,-111,0
215.69437813758847,9164,5344,11700,-242,-141,88,8108,-10068,9272,-40,154,-210,-14188,4852,4188,-939,122,-140,-14344,-3592,6456,-482,199,-109,0
215.72796106338504,9292,5376,11676,-191,-167,111,8220,-10096,9040,5,150,-197,-14272,4844,4148,-1002,126,-103,-14352,-3612,6468,-510,214,-72,0
215.76162314414978,9124,5168,11448,-182,-165,121,8220,-10080,9188,255,148,-247,-14072,4844,4136,-974,156,-129,-14332,-3600,6500,-511,205,-86,0
215.7988841533661,9116,5388,11416,-181,-186,123,8184,-9988,9208,-252,109,-234,-14276,4876,4272,-984,176,-140,-14352,-3524,6500,-473,241,-53,0
215.83298707008362,8964,5364,11668,-210,-189,140,8256,-10204,9460,-29,110,-190,-14240,5108,4284,-946,179,-129,-14396,-3580,6436,-492,211,-57,0
215.86615896224976,9292,5288,11444,-221,-192,156,8236,-10028,9312,-23,141,-207,-14292,4916,4160,-976,173,-182,-14428,-3520,6500,-500,232,-81,0
215.90506100654602,9100,5372,11344,-195,-169,142,8328,-9924,9380,10,150,-218,-14144,4844,4120,-1278,184,-166,-14232,-3552,6388,-494,250,-49,0
215.940416097641,9152,5308,11284,-199,-209,149,8272,-10040,9324,-6,136,-4,-14180,5064,4128,-965,167,-133,-14336,-3508,6380,-479,2,-61,0
215.9762499332428,9264,5324,11436,-227,-507,158,8356,-10140,9320,-33,145,-510,-14288,5100,4188,-948,153,-130,-14440,-3632,6284,-467,261,-62,0
216.01223993301394,9352,5280,11432,-234,-241,143,8292,-9936,9328,-16,166,-251,-14288,4900,4068,-963,145,-191,-14516,-3808,6304,-485,237,-73,0
216.0481431484222,9384,5320,11280,-192,-208,145,8336,-9760,9228,32,130,-222,-14144,4852,4224,-1278,130,-150,-14252,-3540,6416,-505,220,-89,0
216.08368396759036,9280,5312,11496,-215,-210,142,8420,-10100,9364,4,167,-238,-14296,4832,3928,-1002,133,-136,-14588,-3520,6188,-469,187,-91,0
216.11965203285217,9268,5340,11468,-195,-211,119,8292,-9968,9252,-10,154,-205,-14264,4840,4036,-979,163,-142,-14440,-3800,6296,-492,196,-77,0
216.15491700172421,9420,5280,11532,-206,-209,142,8332,-9996,9312,-4,124,-206,-14184,4880,4048,-1013,105,-114,-14292,-3580,6340,-498,205,-67,0
216.19016313552854,9316,5240,11680,-217,-201,145,8216,-9932,9296,29,134,-188,-14164,4832,4164,-999,148,-169,-14300,-3668,6196,-482,174,-72,0
216.22538208961487,9360,5352,11588,-148,-175,146,8208,-9768,9440,-29,148,-213,-14124,4740,4252,-967,136,-113,-14472,-3484,6424,-483,199,-74,0
216.26077008247375,9352,5244,11480,-210,-217,143,8324,-9980,9312,-26,152,-249,-14260,4900,4272,-962,153,-155,-14476,-3520,6388,-484,222,-80,0
216.29599905014038,9380,5208,11460,-180,-164,143,8252,-9992,9208,-23,137,-202,-14228,4812,4076,-997,103,-107,-14400,-3476,6376,-474,165,-104,0
216.33169507980347,9304,5368,11472,-150,-125,88,8260,-9888,9356,-30,145,-187,-14224,4852,4116,-981,70,-113,-14452,-3536,6312,-504,122,-103,0
216.36757397651675,9400,5304,11440,-142,-74,69,8248,-9976,9388,-47,150,-172,-14232,4828,3896,-992,84,-73,-14368,-3540,6288,-493,120,-125,0
216.40234804153442,9276,5280,11512,-100,-54,83,8280,-9976,9312,-56,150,-159,-14252,4764,4036,-994,83,-108,-14420,-3460,6312,-512,144,-145,0
216.43774008750918,9420,5180,11572,-131,-40,63,8364,-9840,9256,-24,129,-164,-14480,4804,4208,-1008,103,-66,-14360,-3372,6276,-495,170,-160,0
216.47278594970703,9380,5272,11496,-109,-18,68,8260,-10008,9244,-28,112,-156,-14216,4852,4168,-1018,76,-80,-14372,-3404,6336,-526,167,-133,0
216.50814604759213,9388,5452,11336,-111,-45,102,8336,-10216,9352,-30,131,-144,-14296,4960,4308,-1017,94,-100,-14352,-3544,6304,-503,114,-107,0
216.544420003891,9284,5280,11572,-111,-16,108,8308,-9952,8988,-44,141,-163,-14256,4808,4004,-1016,75,-83,-14392,-3472,6228,-259,140,-151,0
216.57797193527222,9312,5240,11512,-86,-5,65,8216,-9772,9312,-45,167,-146,-14176,4760,3996,-1019,62,-83,-14420,-3628,6196,-538,118,-163,0
216.61168599128723,9212,5240,11368,-71,-1,82,8224,-9912,9296,-35,124,-129,-14116,4816,4068,-1041,51,-69,-14344,-3620,6260,-526,122,-145,0
216.64538002014157,9224,5392,11480,-101,-40,86,8304,-9916,9220,-69,171,-143,-14100,4776,4200,-972,37,-32,-14380,-3492,6328,-539,95,-175,0
216.67851901054382,9436,5244,11464,-101,-21,48,8200,-10092,9272,-30,133,-127,-14364,4936,4076,-991,-2,-21,-14516,-3528,6168,-522,94,-162,0
216.7119791507721,9324,5308,11416,-135,-36,78,8272,-9896,9212,-7,138,-140,-14220,4704,3860,-988,90,-76,-14380,-3496,6592,-481,86,-133,0
216.745542049408,9268,5224,11412,-72,-34,65,8240,-9980,9196,-50,118,-172,-14280,4900,4280,-993,82,-93,-14364,-3456,6412,-531,137,-123,0
216.77909207344055,9224,5248,11444,-129,-101,81,8284,-9956,9184,-25,160,-201,-14204,4948,4200,-982,87,-107,-14492,-3508,6432,-492,151,-139,0
216.81263899803162,9340,5360,11396,-95,-79,104,8240,-9968,9352,-56,129,-159,-14264,4832,4104,-998,86,-66,-14120,-3648,6232,-502,74,-134,0
216.8464069366455,9432,5320,11432,-91,254,93,8332,-9944,9248,-14,126,-125,-14092,4868,4136,-1023,51,-25,-14336,-3632,6324,-529,87,-154,0
216.87984800338742,9456,5340,11616,-119,10,97,8244,-9936,9420,-31,124,-127,-14196,4900,4188,-1046,64,-36,-14452,-3524,6504,-520,109,-142,0
216.91304993629456,9284,5292,11728,-111,-35,69,8264,-10040,9292,-50,166,-156,-14188,4872,4284,-1001,47,-88,-14392,-3504,6388,-535,139,-168,0
216.94647812843323,9272,5288,11764,-135,-83,44,8272,-10048,9436,-44,168,-152,-14136,4956,4268,-1026,81,-77,-14464,-3496,6448,-515,130,-129,0
216.9800820350647,9292,5176,11416,-108,-54,73,8252,-10028,9424,-43,135,-175,-14216,4892,4220,-993,144,-97,-14108,-3648,6496,-504,127,-113,0
217.01361703872678,9468,5352,11492,-122,-68,101,8188,-10056,9236,-43,116,-194,-14168,4892,3980,-989,140,-52,-14348,-3528,6144,-261,137,-116,0
217.047199010849,9316,5292,11344,-130,-86,93,8288,-10088,9184,45,147,-181,-14236,4912,4256,-773,116,-92,-14104,-3356,6424,-498,137,-123,0
217.08047008514407,9284,5288,11228,-124,-66,106,8284,-9868,9340,33,120,-191,-14260,4892,4328,-1008,93,-90,-14364,-3548,6344,-515,132,-110,0
217.1138479709625,9292,5308,11576,-156,-65,97,8244,-10076,9328,-11,160,-176,-14288,4892,4028,-995,126,-93,-14252,-3564,6344,-502,144,-141,0
217.14751601219174,9280,5404,11592,-110,-91,112,8420,-9768,9428,-29,166,-188,-14244,5060,3840,-1012,112,-129,-14276,-3648,6344,-524,138,-140,0
217.18064999580383,9348,5348,11444,-105,-62,83,8244,-9860,9312,-15,139,-148,-14104,4812,4092,-967,137,-80,-14308,-3672,6380,-517,114,-111,0
217.21415495872498,9348,5316,11460,-112,-89,70,7948,-9976,9304,-3,136,-186,-14168,4920,4336,-977,177,-129,-14452,-3644,6444,-264,137,-145,0
217.24773406982422,9264,5128,11552,-161,-13,103,8240,-9920,9260,-5,155,-157,-14228,4612,4116,-960,146,-87,-14328,-3340,6408,-513,137,-125,0
217.28133296966556,9240,5600,11724,-121,-81,107,8184,-9980,9248,-37,148,-192,-14060,4912,4248,-953,173,-105,-14344,-3536,6640,-495,151,-115,0
217.31465005874634,9220,5176,11740,-145,-44,122,8304,-9876,9380,-32,103,-179,-14124,4888,4036,-931,177,-108,-14420,-3560,6548,-528,143,-96,0
217.34843301773074,9340,5288,11372,-136,-37,103,8216,-9988,9212,-60,107,-175,-14140,4908,4304,-961,179,-87,-14372,-3428,6416,-493,123,-115,0
217.38191795349118,9444,5352,11720,-120,-78,119,8268,-10000,9312,-44,112,-180,-14244,4724,4180,-969,155,-73,-14448,-3504,6444,-537,129,-103,0
217.41552114486694,8964,5620,11732,-137,-52,107,8296,-10056,8988,-33,105,-181,-14256,5036,4072,-941,218,-80,-14404,-3408,6184,-522,137,-75,0
217.44896793365479,9396,5372,11520,-150,-49,128,8304,-10204,9276,-12,118,-160,-14172,4904,4236,-980,175,-120,-14096,-3616,6200,-493,144,-108,0
217.48245406150818,9260,5344,11744,-160,-92,110,8220,-9956,9340,-8,130,-201,-14312,4976,4260,-1015,100,-148,-14572,-3568,6176,-484,188,-87,0
217.51610112190247,9288,5416,11408,-176,-132,102,8260,-9772,9252,25,180,-205,-14204,4692,3924,-998,169,-179,-14116,-3712,6176,-524,198,-114,0
217.55179810523987,8976,5384,11588,-183,-161,103,8252,-9968,9460,-21,145,-235,-14180,5080,4344,-945,204,-152,-14148,-3612,6400,-490,190,-62,0
217.58768510818481,9216,5288,11372,-168,-188,134,8228,-9972,9244,-21,95,-240,-14296,4948,4300,-919,216,-151,-14320,-3568,6508,-500,156,-74,0
217.6228289604187,9308,5368,11476,-182,-169,126,8240,-9988,9360,246,100,-198,-14164,4924,4244,-921,197,-126,-14384,-3512,6620,-530,156,-42,0
217.65810298919678,9260,5300,11488,-186,-138,143,8232,-9916,9212,14,112,-206,-14128,4836,4288,-974,198,-144,-14300,-3340,6508,-457,136,-32,0
217.69386911392212,9276,5304,11388,-180,-87,146,8336,-9960,9420,-52,95,-244,-14256,4688,4152,-940,181,-118,-14296,-3540,6296,-498,189,-66,0
217.72916698455808,9280,5304,11456,-228,-199,114,8304,-9968,9304,9,132,-252,-14188,4900,4240,-928,200,-158,-14364,-3492,6572,-262,257,-73,0
217.76409006118774,9280,5308,11448,-193,-195,146,8324,-9940,9004,31,129,-206,-14296,4860,4028,-946,192,-172,-14400,-3636,6188,-470,205,-75,0
217.80021810531613,9264,5360,11420,-162,-141,138,8344,-9752,9244,-4,134,-212,-14204,4828,4140,-946,123,-144,-14456,-3768,6432,-501,170,-106,0
217.83560395240784,9356,5360,11504,-181,-154,118,8248,-9980,9340,-49,145,-212,-14344,4644,4024,-880,155,-147,-14368,-3540,6412,-542,206,-105,0
217.87187814712527,9300,5276,11488,-149,-168,114,8292,-10016,9404,-253,141,-219,-14112,4636,3940,-926,176,-170,-14228,-3540,6480,-538,208,-101,0
217.90843200683594,9324,5308,11400,-192,-196,132,8336,-10196,9040,6,108,-236,-13996,4912,3808,-968,172,-132,-14396,-3776,6344,-536,220,-92,0
217.94367098808289,9264,5356,11520,-156,-198,159,8240,-9844,9132,-25,102,-3,-14236,4844,4028,-955,151,-150,-14360,-3580,6420,-495,240,-76,0
217.97982907295227,9280,5280,11752,-189,-212,128,8256,-10016,9208,-9,129,-241,-14320,4916,4048,-910,185,-153,-14552,-3512,6204,-544,220,-71,0
218.01496100425717,9360,5140,11492,-157,-167,111,8248,-10016,9240,253,96,-220,-14252,4904,4028,-936,173,-140,-14464,-3488,6288,-538,196,-99,0
218.05123901367188,9384,5300,11448,-142,-159,133,8256,-9892,9340,-21,130,-231,-14356,4860,4020,-894,184,-184,-14468,-3456,6444,-538,232,-117,0
218.086051940918,9332,5336,11420,-164,-162,115,8216,-9984,9224,-36,110,-206,-14144,4852,4036,-873,154,-126,-14448,-3536,6256,-540,200,-92,0
218.12186408042908,9256,5236,11392,-157,-142,114,8272,-9988,9412,-46,114,-212,-14288,4984,3952,-823,167,-126,-14440,-3724,6160,-541,214,-136,0
218.15811800956726,9300,5224,11484,-129,-91,105,8376,-9908,9324,-35,107,-205,-14256,4792,3980,-892,200,-124,-14588,-3504,6180,-579,199,-122,0
218.19348812103274,9356,5212,11460,-138,39,93,8328,-9968,9012,101,145,-235,-14236,4900,4060,-808,233,-157,-14496,-3440,6224,-647,190,-113,0
218.22914695739746,9256,5316,11416,-148,44,117,8268,-9816,9172,-60,97,-182,-14268,4612,3868,-695,211,-57,-14428,-3532,6244,-753,128,-183,0
218.26272296905518,9388,5316,11448,-108,-59,123,8408,-9916,9408,-157,26,-210,-14352,4932,3680,-658,316,-252,-14388,-3792,6404,-884,-469,-198,0
218.29624700546262,9428,5200,11148,61,18,132,7960,-9740,9412,-500,-134,-182,-14236,4848,4056,-647,292,-233,-14156,-3544,6352,-1077,-152,-204,0
218.32985711097717,9332,5244,11316,42,-55,166,8344,-9920,9300,-408,-137,-176,-14156,4852,4028,-573,321,28,-14220,-3700,6492,-1149,-184,-222,0
218.36347603797915,9312,5120,11240,-135,157,177,8400,-9936,9156,-506,-143,-173,-14280,5056,4072,-806,139,-239,-14340,-3652,6384,-887,-110,-171,0
218.3973069190979,9260,5188,11992,-133,-32,180,8484,-9944,9048,-341,-18,-189,-14300,4884,3800,-1002,-25,-70,-14332,-3620,6444,-685,85,-199,0
218.43063402175903,9336,5236,11632,-232,18,141,8668,-10228,9040,-207,32,-153,-14360,5032,3940,-1060,-14,-56,-14448,-3572,6352,-627,13,-187,0
218.46426105499268,9356,5256,11744,-61,23,51,8352,-10068,9064,-82,143,-117,-14272,5012,3892,-1052,-43,-43,-14416,-3696,6320,-719,17,-215,0
218.49791812896729,9256,5272,11540,-119,29,37,8300,-10112,9200,-48,129,-102,-14108,5032,3864,-899,98,-45,-14288,-3636,6604,-720,-21,-177,0
218.53155303001404,9152,5344,11504,-47,8,49,8320,-10196,9140,-97,141,-139,-14184,4992,4040,-929,-27,-64,-14280,-3552,6252,-425,130,-163,0
218.56507205963135,9280,5204,11412,-19,47,55,8368,-10088,9424,-56,170,-193,-14160,4904,4064,-875,-142,-104,-14316,-3728,6496,-524,233,-183,0
218.59855604171756,9000,5276,11312,-199,-57,89,8308,-9940,8992,28,219,-221,-14248,5000,3716,-1010,-54,-146,-14332,-3708,6356,-448,699,-148,0
218.6321380138397,9236,5252,11280,-237,293,92,8488,-10064,9160,98,122,-164,-14228,4872,4276,-1012,-182,-132,-14536,-3620,6312,-375,1209,-203,0
218.6656539440155,9268,5212,12004,-403,922,140,8408,-10088,9116,121,185,-116,-14176,4880,4180,-1064,-545,-99,-14444,-3660,6120,-634,1452,-261,0
218.69922208786008,9596,5260,12356,-654,647,165,8408,-10136,8756,202,252,-163,-14396,4964,4276,-1171,-714,-105,-14552,-3700,6452,10,911,-226,0
218.73288893699646,8708,5184,11240,-1056,-15,247,8196,-9932,9252,121,402,-166,-14156,4812,4600,-1219,-999,-191,-14208,-3664,5136,1048,1218,-177,0
218.76654696464539,9060,5112,11632,-715,-243,190,8248,-10008,9040,255,686,-243,-14336,4916,3960,-918,-629,-172,-14372,-3768,6244,436,714,-166,0
218.79995703697207,9020,5168,11632,-527,-280,124,8268,-9920,9404,444,461,-248,-14236,4900,4104,-1008,-485,-223,-14668,-3800,6620,1038,829,15,0
218.83355903625488,9092,5028,11924,-812,483,189,8440,-10016,9172,569,621,-107,-14280,5220,4108,-1416,-753,-232,-14420,-3644,6132,428,403,-15,0
218.8674590587616,9064,5100,11448,-738,213,35,8192,-9956,9424,317,406,-89,-14076,4960,4068,-1452,-149,-152,-14280,-3460,6224,117,-354,36,0
218.9007749557495,9040,5024,11976,-169,-40,21,8040,-9984,9308,275,334,-133,-14008,5012,4164,-1235,-138,-183,-14480,-3524,5772,-125,231,-44,0
218.93406796455383,9048,5336,11820,-293,-669,42,8252,-9896,9224,247,419,-225,-14188,4836,4180,-1217,-176,-91,-14524,-3364,6360,-136,170,-76,0
218.96766304969788,9164,4864,11760,-300,-612,27,8264,-9812,9384,247,285,-187,-14088,5032,4308,-1047,-21,-70,-14488,-3436,6136,-271,8,-107,0
219.00080513954163,9228,5036,11680,-205,-673,66,8136,-10240,9216,-48,245,-175,-14008,4860,4424,-1080,92,-94,-14460,-3580,5888,-220,70,-59,0
219.03435111045837,9088,5080,11592,-89,-571,117,8156,-9864,9396,-74,150,-148,-14060,4896,4452,-1134,54,-66,-14800,-3536,6212,-170,115,-58,0
219.06801009178162,9360,4988,11524,-125,-286,63,8324,-9972,9436,-108,123,-136,-14212,4812,4332,-957,0,-86,-14824,-3428,6052,-261,147,-75,0
219.10113906860354,9300,5004,11520,2,-100,44,8140,-9812,9352,-155,128,-139,-14208,4956,4260,-908,37,-88,-14520,-3420,6236,-112,229,-79,0
219.13457798957822,9164,5076,11372,-194,8,152,8284,-9872,9452,-96,27,-146,-14032,4848,4328,-978,87,-89,-14296,-3508,6140,-29,328,-56,0
219.1681571006775,9148,5004,11788,-254,-48,202,8228,-9856,9260,-113,88,-167,-13956,4904,4472,-986,-27,-115,-14380,-3476,6224,9,539,-48,0
219.20156908035278,9144,4992,11684,-371,-44,173,8168,-10036,9368,-42,171,-175,-14076,4872,4236,-905,-59,-169,-14516,-3388,6276,-253,607,-99,0
219.23759508132935,9256,5012,11584,-386,-25,186,8192,-9912,9368,4,192,-174,-14136,4916,4440,-1056,-144,-66,-14556,-3372,6048,39,728,-103,0
219.27305006980896,9264,4972,11536,-474,-43,231,8288,-9788,9376,75,147,-174,-14060,4868,4376,-1068,-112,-157,-14464,-3404,6024,40,609,-98,3
219.30921697616574,9208,4816,11604,-465,-66,234,8104,-9832,9232,134,113,-138,-13888,4972,4600,-1106,-91,-95,-14528,-3572,6088,77,585,-66,3
219.3442139625549,9440,4904,11704,-510,-143,287,8068,-9896,9020,50,299,-134,-14084,4832,4520,-1125,-40,-157,-14556,-3492,6032,222,623,-16,3
219.37985706329346,9224,4900,11716,-479,-222,279,7976,-9772,9428,107,196,-200,-14076,4612,4384,-1173,-53,-165,-14568,-3300,6044,110,529,-59,3
219.4148371219635,9204,4864,11928,-459,-238,283,8436,-9900,9348,92,158,-223,-14048,4772,4448,-1134,-80,-156,-14440,-3380,6164,-87,368,-105,3
219.45011115074158,9288,4916,11764,-346,-344,244,8236,-9840,9372,72,168,-228,-14024,4816,4640,-1111,-74,-149,-14532,-3392,6076,-145,291,-126,3
219.4855530261993,9196,5116,11728,-337,-302,229,8148,-10172,9304,72,135,-249,-14160,4880,4816,-1145,-113,-117,-14348,-3232,5988,-104,286,-99,3
219.52175307273862,9292,4752,11704,-358,-321,236,8252,-9928,9400,116,157,-234,-14104,4796,4476,-1027,-47,-183,-14452,-3248,6004,-109,202,-68,3
219.55759692192078,9276,4724,11772,-223,-278,203,8272,-9936,9400,101,189,-177,-13836,4848,4584,-1198,-43,-132,-14572,-3416,6136,-265,218,-140,0
219.59253191947934,9268,4568,11824,-237,-374,203,8184,-9904,9468,152,225,-266,-13972,4676,4588,-1187,-154,-176,-14804,-3232,5976,-296,317,-123,0
219.62810707092288,9236,4740,11652,-267,-410,164,8188,-9780,9396,106,171,-2,-14108,4672,4828,-1162,-126,-178,-14484,-3324,6100,-348,307,-118,0
219.6637101173401,9692,4824,11616,-260,-397,184,8236,-9840,9492,81,163,-210,-14136,4960,4588,-1121,-110,-107,-14604,-3212,5916,-406,304,-92,0
219.6994321346283,9464,4636,11700,-241,-332,185,8372,-9888,9460,107,160,-216,-14036,4796,4544,-1127,-84,-170,-14616,-3228,5912,-408,219,-125,0
219.73482704162598,9460,4804,11680,-177,-285,177,8076,-9788,9548,63,144,-189,-13936,4732,4364,-1122,12,-139,-14536,-3400,5904,-349,99,-89,0
219.77021408081055,9300,4820,11708,-185,-234,140,8260,-9788,9284,-1,132,-224,-14108,4812,4704,-1069,84,-193,-14704,-3324,5916,-336,173,-68,0
219.80553197860718,9460,4800,11552,-186,-248,124,8212,-9860,9408,10,168,-191,-13936,4812,4672,-1088,103,-179,-14636,-3216,5892,-422,127,-62,0
219.84177613258362,9228,4676,11548,-159,-180,122,8312,-9784,9232,2,183,-167,-14168,4764,4672,-1039,22,-102,-14720,-3320,6020,-372,170,-122,0
219.87924313545227,9416,4732,11496,-206,-186,124,8044,-9980,9456,13,152,-155,-14156,4748,4812,-1080,21,-85,-14556,-3260,5944,-409,159,-91,0
219.9128789901733,9528,4768,11736,-183,-192,115,7976,-9884,9532,-39,157,-204,-14040,4868,4724,-1105,85,-126,-14600,-3248,5988,-421,151,-78,0
219.94643807411194,9516,4684,11532,-134,-203,120,8232,-9768,9520,-25,116,-221,-13876,4800,4676,-1083,74,-150,-14580,-3292,6096,-403,238,-65,0
219.9800980091095,9384,4644,11500,-168,-209,158,8176,-9732,9472,-14,101,-225,-13924,4740,4736,-1078,97,-190,-14552,-3224,6012,-456,241,-91,0
220.01361894607544,9528,4744,11488,-95,-179,108,8224,-9756,9312,-96,120,-221,-13960,4792,4840,-1075,108,-127,-14576,-3244,5876,-478,154,-70,0
220.04713106155398,9412,4724,11428,-86,-124,105,8164,-9908,9364,-94,80,-172,-14008,4684,4820,-1074,141,-91,-14704,-3128,5856,-468,125,-125,0
220.0805900096893,9720,4680,11572,-76,-88,67,8364,-9796,9404,-74,128,-185,-14160,4752,4728,-1075,85,-74,-14680,-3328,5980,-486,166,-125,0
220.1140649318695,9224,4696,11504,-95,-57,86,7940,-9508,9716,-88,141,-154,-13956,4744,4840,-1110,102,-74,-14456,-3192,5924,-435,157,-107,0
220.14765214920044,9512,4712,11528,-135,-57,102,8300,-9744,9720,-100,116,-133,-14284,4628,4860,-1107,138,-68,-14484,-3212,6036,-412,164,-96,0
220.18120312690735,9560,4676,11556,-114,-48,67,8164,-9896,9424,-103,167,-127,-14048,4764,4640,-1112,79,-72,-14648,-3132,5956,-440,113,-123,0
220.2147400379181,9664,4664,11568,-122,-252,57,8444,-9868,9408,-22,150,-138,-14084,4656,4792,-1138,115,-87,-14540,-3160,6072,-400,172,-119,0
220.24825215339663,9372,4748,11280,-121,15,76,8092,-9856,9488,-85,161,-129,-14028,4756,4676,-1122,123,-96,-14532,-3328,5960,-386,230,-104,0
220.28170800209045,9400,4720,11596,-152,-14,54,8116,-9872,9628,-62,160,-142,-13888,4760,4628,-1143,148,-101,-14584,-3500,6012,-360,224,-104,0
220.31540203094482,9556,4760,11624,-211,-23,88,8184,-9956,9604,-17,142,-151,-13892,4576,4808,-1122,177,-42,-14480,-3284,6080,-383,188,-45,0
220.34898114204407,9492,4820,11396,-182,14,92,8156,-9916,9220,-48,116,-85,-14068,4840,4788,-1161,217,-60,-14840,-3476,5984,-362,184,-58,0
220.38227105140686,9424,4780,11744,-181,-22,85,8220,-9804,9392,-31,104,-122,-14052,4736,4808,-1149,161,-59,-14432,-3256,6028,-348,165,-66,0
220.41585111618042,9368,4684,11360,-147,-71,77,8388,-9876,9316,-49,128,-150,-14036,4812,4744,-1126,71,-49,-14740,-3428,6100,-467,53,-93,0
220.4491720199585,9360,4776,11544,-128,-124,61,8172,-9916,9376,-54,129,-149,-14080,4732,4584,-1109,110,-28,-14532,-3264,5988,-432,176,-108,0
220.48232293128967,9484,4688,11676,-145,5,77,8352,-9936,9504,-57,85,-147,-14076,4764,4784,-1128,263,-110,-14744,-3332,6024,-389,171,-124,0
220.51592993736267,9484,4828,11716,-153,19,66,8264,-9928,9240,-42,96,-130,-13908,4704,4808,-1138,178,-94,-14596,-3152,5936,-383,179,-74,0
220.54950904846194,9424,4760,11536,-171,-104,65,8240,-9764,9396,-31,128,-151,-13848,4768,4700,-1118,193,-87,-14540,-3232,6004,-421,191,-83,0
220.58290910720828,9344,4684,11592,-143,-121,56,7952,-9888,9472,-47,162,-153,-13860,4676,4716,-1137,228,-80,-14836,-3240,5948,-388,216,-56,0
220.61664199829102,9408,4712,11692,-213,-113,50,8164,-9884,9288,-69,135,-164,-13924,4748,4772,-1119,182,-60,-14564,-3180,5960,-400,190,-96,0
220.64979910850528,9636,4760,11752,-142,-79,68,8120,-9804,9400,-87,168,-173,-14056,4832,5048,-1122,181,-95,-14564,-3260,6088,-442,184,-105,0
220.68344712257385,9368,4660,11800,-136,-109,57,8104,-9876,9532,-59,168,-163,-14108,4644,4672,-1100,197,-61,-14664,-3176,5944,-449,164,-67,0
220.71715712547302,9388,4712,11744,-144,-85,55,8152,-9820,9392,-75,192,-154,-14044,4676,4440,-1087,204,-118,-14764,-3188,6092,-442,175,-97,0
220.75068211555478,9372,4636,11604,-152,-82,86,8184,-9916,9424,-74,166,-166,-14032,4648,4632,-1090,187,-111,-14420,-3240,5980,-436,173,-74,0
220.7841489315033,9256,4740,11588,-136,-94,82,8036,-9820,9284,-70,129,-147,-13848,4416,4856,-1031,246,-106,-14372,-3228,6060,-506,160,-75,0
220.82222294807434,9316,4772,11576,-85,-84,50,8132,-9916,9688,-65,149,-167,-13996,4744,4496,-1050,221,-82,-14648,-3172,6252,-757,196,-98,0
220.8563530445099,9300,4740,11600,-158,-99,80,8160,-9960,9236,-76,143,-157,-13840,4780,4584,-771,228,-82,-14772,-3152,6008,-476,199,-73,0
220.88970494270328,9340,4676,11744,-120,-142,88,8200,-9844,9308,-68,177,-157,-14028,4700,4848,-966,176,-52,-14628,-3168,6104,-526,152,-95,0
220.9260220527649,9436,4744,11732,-106,-100,88,8204,-9864,9348,-88,178,-172,-14012,4652,4724,-713,150,-107,-14836,-3328,6140,-465,196,-94,0
220.96201705932614,9412,4732,11764,-156,-135,64,8200,-9908,9284,-62,171,-155,-14136,4752,4608,-954,198,-85,-14652,-3160,5996,-472,185,-85,0
220.99802112579346,9544,4752,11708,-179,-270,83,8404,-9892,9288,-71,258,-151,-14116,4700,4788,-926,146,-120,-14496,-3116,5888,-461,312,-129,0
221.03337407112122,9436,4712,11688,-136,-267,55,8104,-9912,9472,-60,305,-204,-14108,4820,4620,-850,164,-175,-14632,-3196,6124,-532,199,-106,0
221.06948399543762,9424,4752,11632,-141,-251,71,7992,-9928,9444,-66,204,-232,-14076,4740,4584,-803,232,-143,-14644,-3092,6072,-259,192,-85,0
221.10503697395328,9424,4712,11712,-147,-274,75,8068,-9864,9220,-58,158,-198,-14132,5072,4532,-803,197,-163,-14640,-3032,6004,-598,146,-86,0
221.14068198204038,9472,4700,11632,-163,-228,110,8072,-9856,9236,-48,127,-173,-14056,4720,4744,-812,196,-100,-14532,-3276,5908,-587,31,-72,0
221.1756861209869,9392,5088,11628,-106,-205,122,8152,-9884,9712,-106,89,-212,-13928,4752,4924,-790,204,-102,-14656,-3264,5964,-632,17,-92,0
221.2113859653473,9236,4780,11640,-79,-271,75,7936,-9816,9660,-51,120,-241,-13984,4692,4440,-791,150,-117,-14800,-3164,5684,-666,40,-88,0
221.2473680973053,9360,4692,11548,-59,-2,86,8040,-10016,9416,-24,131,-219,-14108,4680,4524,-830,162,-101,-14540,-3136,6040,-676,70,-119,0
221.28239703178406,9452,4640,11276,-95,-199,106,8148,-9868,9440,-6,137,-202,-14100,4752,4508,-838,153,-99,-14680,-3108,6092,-628,37,-100,0
221.31879305839539,9548,4840,11576,-94,-206,96,8188,-9856,9448,-13,138,-202,-14020,4684,4508,-836,174,-106,-14616,-3204,5724,-627,61,-94,0
221.35350799560547,9328,4800,11760,-85,-230,84,8132,-9876,9708,-40,125,-230,-14080,4692,4556,-883,144,-115,-14692,-3160,5924,-621,98,-120,0
221.38920712471008,9456,4704,11456,-78,-270,108,8152,-9996,9416,-11,145,-4,-14064,4740,4560,-849,181,-160,-14472,-3168,5672,-630,102,-60,0
221.4241099357605,9560,4668,11496,-92,-207,117,8168,-9908,9556,-31,135,-220,-13908,4772,4468,-900,201,-123,-14508,-3068,5916,-578,149,-60,0
221.46002411842346,9440,4608,11352,-159,-215,111,8100,-9876,9352,-4,108,-231,-14176,4724,4460,-916,196,-127,-14696,-3032,6144,-557,131,-79,0
221.4950771331787,9568,4768,11568,-146,-158,111,8124,-9960,9428,-5,129,-203,-14148,4756,4488,-959,193,-125,-14588,-3240,5736,-585,134,-92,0
221.53037214279175,9560,4716,11580,-137,-172,106,8128,-9792,9408,-23,126,-208,-14308,4784,4568,-935,186,-97,-14636,-3200,5992,-558,191,-93,0
221.56677699089047,9512,4808,11600,-160,-174,113,8112,-9848,9444,-21,108,-193,-14116,4688,4424,-941,186,-96,-14608,-3112,6036,-556,127,-73,0
221.6002559661865,9260,4724,11532,-156,-167,127,8148,-9888,9284,-62,122,-224,-14132,4692,4468,-930,164,-115,-14612,-3228,5916,-526,133,-81,0
221.63385701179502,9620,4616,11516,-146,-122,103,7936,-9832,9416,-44,159,-204,-14152,4708,4504,-915,187,-137,-14652,-3088,6032,-273,103,-124,0
221.6674361228943,9496,4752,11308,-113,-110,94,8188,-9808,9400,-69,116,-184,-13832,4628,4528,-941,163,-119,-14664,-3148,5916,-547,92,-152,0
221.7008531093597,9600,4708,11320,-116,-58,73,8132,-9828,9564,-50,145,-183,-14192,4696,4140,-959,141,-77,-14632,-3128,6084,-257,98,-136,0
221.73437595367434,9548,4740,11280,-124,-11,85,8292,-9792,9356,-66,112,-144,-14056,4632,4432,-926,173,-92,-14584,-3196,5952,-537,96,-111,0
221.7679691314697,9532,4744,11568,-86,-55,81,8384,-9904,9428,-80,123,-140,-14120,4896,4556,-993,134,-18,-14548,-3180,6052,-539,71,-125,0
221.80162310600278,9596,4656,11624,-87,-19,80,8164,-9972,9384,-52,122,-139,-14104,4788,4560,-977,129,-11,-14568,-2924,6180,-522,43,-113,0
221.83540105819702,9436,4816,11496,-87,6,87,8172,-9872,9540,-65,102,-120,-13844,4796,4536,-968,156,-41,-14792,-3120,6268,-564,49,-120,0
221.8691110610962,9556,5072,11448,-71,-24,54,8140,-9852,9536,-82,150,-138,-14208,4796,4448,-911,110,-71,-14804,-3224,6052,-524,66,-138,0
221.90253710746768,9560,4852,11464,-99,-17,43,7972,-9752,9392,-68,145,-166,-14044,4716,4496,-884,136,-78,-14576,-3300,6076,-517,65,-114,0
221.93555593490598,9532,4808,11512,-85,-26,64,8096,-9784,9620,-76,178,-137,-14100,4836,4544,-924,110,4,-14592,-3160,6256,-535,61,-153,0
221.96910405159,9720,5076,11564,-73,-16,42,8080,-9900,9696,-75,161,-122,-14068,4656,4428,-851,100,-31,-14452,-3316,6088,-544,23,-123,0
222.002475976944,9472,4864,11716,-88,-30,45,8220,-9936,9432,-87,140,-137,-14080,4816,4220,-905,131,-57,-14600,-3144,5984,-532,43,-133,0
222.03610992431638,9516,4804,11372,-87,-25,69,8160,-10056,9312,-76,139,-191,-14092,4808,4488,-915,138,-68,-14444,-3196,6084,-525,112,-158,0
222.06989812850955,9240,4804,11520,-108,-54,48,8064,-9888,9324,-44,126,-193,-13992,4692,4312,-990,125,-103,-14780,-2872,6008,-541,113,-130,0
222.10334706306458,9456,4752,11520,-67,-41,80,8144,-9892,9404,-53,92,-176,-13956,4708,4372,-961,141,-113,-14792,-3200,6264,-563,115,-126,0
222.1368880271912,9716,4852,11652,-89,-88,86,8380,-9908,9432,-50,97,-144,-14204,4832,4756,-974,137,-77,-14628,-3148,6076,-567,87,-131,0
222.16973209381104,9568,4740,11500,-108,-54,55,8160,-9920,9608,-67,121,-158,-14172,4716,4408,-960,126,-52,-14560,-3124,6104,-554,62,-127,0
222.20337510108948,9532,4712,11536,-119,-41,85,8172,-10196,9676,-37,123,-145,-14276,4764,4472,-982,131,-78,-14480,-3196,6028,-561,107,-110,0
222.23690795898438,9512,4844,11500,-92,-74,106,8444,-9912,9472,-73,103,-152,-14208,4828,4444,-1007,120,-72,-14556,-3232,6048,-553,43,-125,0
222.27052998542786,9456,4820,11384,-130,-63,75,8212,-9876,9288,-85,159,-171,-14152,4768,4504,-961,130,-83,-14600,-3320,6052,-263,88,-112,0
222.30392909049988,9436,4808,11664,-131,-74,44,8164,-9756,9312,-80,178,-178,-14092,4780,4520,-997,102,-55,-14552,-3208,6396,-519,105,-153,0
222.33758711814878,9460,4820,11560,-124,-56,71,7968,-9896,9344,-41,133,-160,-14180,5036,4108,-1001,109,-70,-14464,-3108,6024,-541,146,-128,0
222.37098503112796,9448,4892,11520,-137,-47,53,8120,-9964,9360,-56,164,-164,-14272,4708,4112,-994,102,-101,-14564,-3320,6252,-516,118,-124,0
222.4045190811157,9380,4848,11452,-147,-44,84,8416,-9968,9580,-54,124,-182,-14132,4760,4396,-965,156,-85,-14536,-3112,6068,-538,96,-91,0
222.43773913383484,9384,4712,11768,-89,-71,88,8104,-10120,9224,-48,103,-177,-14280,5104,4496,-1002,122,-104,-14452,-3148,6020,-560,131,-125,0
222.4712450504303,9360,4628,11756,-169,-62,75,7960,-9972,9404,7,145,-171,-14100,4852,4700,-1275,99,-92,-14544,-3304,6132,-530,130,-120,0
222.50475502014157,9700,5116,11548,-122,-63,86,8088,-9848,9424,-56,116,-182,-14044,4800,4436,-986,144,-39,-14552,-3164,6108,-545,94,-127,0
222.53828597068787,9680,4636,11512,-86,-68,59,8212,-9960,9492,-73,119,-153,-14116,4744,4348,-975,117,-58,-14504,-3124,6052,-537,127,-122,0
222.57184505462646,9248,4736,11408,-128,-35,61,8148,-9932,9672,-51,134,-174,-13912,4800,4448,-992,138,-93,-14512,-3092,6096,-517,142,-101,0
222.60868406295774,9216,4768,11520,-131,-51,91,8256,-9868,9328,-45,142,-168,-13828,4828,4200,-1026,111,-91,-14540,-3292,5904,-489,116,-119,0
222.6437270641327,9356,4836,11280,-145,-67,74,7956,-9932,9376,-67,144,-132,-14252,4812,4672,-978,121,-118,-14480,-3120,6164,-478,100,-122,0
222.67925095558167,9408,4688,11368,-168,-100,92,8092,-9740,9316,-39,173,-190,-14064,4840,4356,-989,141,-103,-14776,-3088,6160,-492,148,-128,0
222.71512913703918,9444,4692,11640,-135,-64,98,8132,-9928,9272,-47,164,-176,-14052,4740,4124,-1006,99,-62,-14544,-3176,6100,-526,137,-129,0
222.75066995620728,9392,5100,11624,-140,-82,103,8088,-9952,9348,-29,157,-187,-13932,4608,4332,-1031,113,-150,-14500,-3188,5988,-531,161,-106,0
222.7862069606781,9300,4872,11764,-152,-111,95,8048,-10200,9468,-13,142,-182,-14036,4820,4464,-1013,148,-124,-14596,-3232,6024,-764,167,-72,0
222.82189202308655,9460,4804,11688,-185,-97,114,8112,-9940,9316,-34,144,-199,-14136,4612,4592,-992,135,-100,-14524,-3164,6204,-507,159,-72,0
222.85744214057922,9408,4792,11496,-175,-138,123,8428,-9948,9496,-5,125,-212,-14112,4896,4356,-994,163,-125,-14448,-3312,5904,-550,182,-88,0
222.8937129974365,9680,4872,11660,-174,-159,95,8176,-9744,9364,12,137,-195,-14092,4760,4528,-966,128,-115,-14504,-3308,6188,-538,180,-102,0
222.9291679859161,9436,4800,11700,-148,-184,110,8108,-9908,9664,-49,153,-231,-14292,4816,4356,-966,153,-133,-14472,-3288,6340,-493,159,-77,0
222.96406602859494,9448,4864,11688,-178,-184,108,8056,-9968,9424,-43,141,-253,-14204,4856,4464,-964,165,-162,-14716,-3232,6072,-536,178,-83,0
222.99947094917297,9436,4780,11544,-198,-210,102,8100,-9944,9472,253,153,-225,-14096,4804,4472,-983,147,-125,-14368,-3208,5972,-518,179,-79,0
223.03501415252686,9436,4632,11704,-178,-197,99,8184,-9772,9432,1,153,-231,-13948,4804,4364,-980,163,-205,-14360,-3228,6124,-518,165,-72,0
223.07076692581174,9448,4616,11552,-160,-214,104,8088,-9772,9360,19,132,-231,-14032,4712,4368,-967,151,-112,-14560,-3208,6256,-525,164,-106,0
223.1056520938873,9488,5080,11620,-158,-199,121,7940,-10144,9308,-14,143,-198,-13928,4852,4604,-976,143,-130,-14472,-3196,6344,-564,122,-69,0
223.14160704612732,9496,4652,11432,-158,-212,126,8152,-9968,9324,11,123,-188,-14176,4848,4324,-1013,182,-110,-14580,-3236,6380,-576,93,-100,0
223.17795109748837,9228,4796,11592,-196,-183,107,8176,-9884,9284,-8,152,-202,-14188,4700,4484,-1024,167,-95,-14660,-3168,6232,-550,75,-88,0
223.21255111694336,9456,4920,11548,-118,-123,67,8076,-9904,9356,-55,139,-191,-14260,4768,4284,-960,212,-72,-14500,-3276,6136,-615,54,-68,0
223.24865913391113,9708,4740,11652,-133,-233,61,8136,-9940,9336,-30,121,-237,-13968,4752,4416,-932,235,-159,-14528,-3120,6004,-577,102,-57,0
223.2821750640869,9492,5052,11584,-151,-184,72,8228,-10020,9248,-39,168,-237,-14192,4708,4296,-979,200,-158,-14540,-3088,6068,-583,38,-72,0
223.31594395637515,9632,4832,11592,-93,-165,80,8136,-9848,9444,-49,133,-189,-13892,4812,4464,-972,215,-120,-14540,-3272,6248,-623,-55,-65,0
223.34951305389407,9548,4720,11732,-88,-170,76,8120,-9996,9444,-65,140,-181,-14092,4784,4552,-970,250,-90,-14500,-3200,6388,-637,-37,-50,0
223.38302493095398,9520,4768,11628,-76,-149,40,8136,-9920,9396,-87,140,-208,-14260,4764,4348,-976,266,-80,-14540,-3136,6088,-658,-13,-50,0
223.4164469242096,9716,4824,11320,-48,-135,63,8096,-9956,9376,-54,118,-220,-13940,4748,4596,-978,4,-100,-14452,-3208,6288,-671,16,-80,0
223.44980812072754,9528,4812,11568,-34,-152,51,8116,-10028,9428,-95,108,-203,-14132,4768,4412,-1007,291,-95,-14436,-3128,6108,-601,-19,-56,0
223.48356008529663,9468,4812,11520,-32,-91,99,8188,-9856,9336,-81,117,-176,-14148,4708,4392,-779,271,-119,-14580,-3256,6076,-574,25,-78,0
223.51716995239258,9472,4752,11304,-95,-65,73,7960,-9788,9436,-82,115,-174,-14096,4672,4428,-1021,212,-107,-14792,-3140,6188,-550,20,-108,0
223.5507459640503,9468,4920,11756,-24,-108,43,8232,-9824,9368,-58,148,-173,-14236,4852,4164,-1020,210,-78,-14764,-3172,6164,-575,11,-115,0
223.58426308631894,9484,4972,11548,-29,-46,31,8156,-9832,9324,-73,165,-146,-14272,4748,4340,-1036,191,-83,-14556,-3204,6248,-602,-43,-128,0
223.61759495735168,9556,4896,11400,-18,-48,54,8164,-9908,9412,-117,123,-172,-14120,4776,4320,-1044,244,-63,-14436,-3176,6300,-601,-53,-109,0
223.65121603012088,9488,4808,11356,-255,-4,28,8076,-9916,9340,-131,119,-165,-14276,4828,4340,-1076,226,-44,-14580,-3128,6208,-604,-94,-147,0
223.68456292152408,9620,4780,11620,19,252,29,8132,-9924,9368,-58,146,-140,-14304,4776,4444,-1084,196,-93,-14412,-3176,6376,-535,-33,-109,0
223.71792912483215,9400,4964,11500,12,60,35,8136,-9868,9352,-102,129,-128,-14092,4900,4196,-1073,193,-74,-14420,-3152,6092,-556,-30,-100,0
223.75139498710635,9544,4952,11656,-21,-8,26,8144,-10216,9364,-72,134,-139,-14184,4832,4160,-1061,221,-67,-14500,-3212,6204,-569,-2,-80,0
223.78489208221438,9292,4936,11580,-33,28,57,7936,-9932,9304,-102,102,-141,-14104,4800,4188,-1075,225,-16,-14516,-3260,6192,-575,-25,-132,0
223.81842494010925,9452,4924,11728,-8,61,81,8192,-9912,9344,-95,96,-118,-14164,4796,4292,-1050,228,-20,-14492,-3156,6232,-564,10,-101,0
223.8520839214325,9344,4968,11480,-23,30,76,8124,-9936,9396,-88,117,-110,-14196,4700,4348,-1055,185,-64,-14376,-3472,6332,-538,11,-105,0
223.8857171535492,9388,4916,11472,-42,20,41,8176,-10024,9332,-52,119,-142,-14324,4772,4444,-1083,128,-78,-14456,-3220,6432,-433,104,-144,0
223.91922593116757,9440,5032,11628,-103,9,57,8108,-9996,9192,-45,158,-144,-14152,4908,4220,-1066,154,-79,-14500,-3220,6460,-488,96,-141,0
223.95255398750308,9216,5084,11700,-92,20,32,8072,-9976,9284,-35,145,-152,-14116,4844,4116,-1091,158,-88,-14592,-3160,6392,-455,121,-148,0
223.9861760139465,9408,4868,11536,-89,-14,65,8200,-9968,9244,-25,96,-154,-14132,4896,4200,-1090,180,-82,-14448,-3084,6388,-467,114,-152,0
224.0200519561768,9436,4916,11592,-81,-28,52,8112,-9996,9384,-45,99,-189,-14108,4832,4092,-1097,164,-70,-14536,-3144,6352,-466,116,-118,0
224.05364608764648,9396,4920,11656,-87,-29,108,8172,-9928,9444,-24,123,-163,-14284,4688,4552,-1103,135,-75,-14600,-3140,6400,-447,155,-105,0
224.0872480869293,9324,4964,11672,-102,-31,88,8108,-10044,9284,-23,142,-177,-14120,5028,4128,-1097,142,-72,-14412,-3192,6344,-439,111,-138,0
224.12079501152039,9344,5004,11748,-86,-32,79,8108,-10048,9404,-40,133,-156,-14192,4744,4264,-1083,172,-116,-14500,-3276,6624,-465,149,-110,0
224.15434312820437,9396,5012,11632,-90,-28,61,8140,-10008,9344,-30,116,-129,-14164,4884,4252,-1078,144,-85,-14400,-3344,6400,-459,167,-131,0
224.1877861022949,9324,5096,11624,-108,-27,72,8112,-9760,9404,-49,132,-169,-13884,4688,4212,-1037,152,-93,-14456,-3244,6312,-469,159,-143,0
224.2214031219482,9456,5060,11596,-118,-65,72,8176,-9880,9448,-44,129,-164,-14064,4676,4180,-1056,157,-46,-14344,-3096,6288,-505,153,-138,0
224.25491905212402,9340,4948,11624,-96,-58,71,8064,-9916,9388,-77,131,-197,-14208,4708,4160,-769,197,-74,-14484,-3144,6648,-479,149,-94,0
224.29227113723758,9372,5004,11508,-92,-69,94,8168,-10040,9396,-61,141,-164,-14164,4740,4120,-1035,200,-103,-14392,-3192,6444,-470,185,-99,0
224.32755708694458,9360,5024,11508,-79,-70,83,8232,-10140,9424,-68,131,-162,-14156,4700,4228,-1036,189,-89,-14416,-3312,6296,-767,152,-114,0
224.3632040023804,9376,5052,11768,-76,-62,93,8212,-10072,9452,-48,110,-164,-14236,4700,4104,-1007,190,-93,-14592,-3264,6356,-528,142,-92,0
224.39864492416382,9672,5040,11284,-118,-46,91,8000,-10076,9328,-64,127,-188,-14236,4772,4308,-994,166,-89,-14504,-3168,6428,-535,124,-128,0
224.43391513824463,9280,4996,11624,-82,-37,77,8108,-10068,9296,-75,124,-161,-14072,4764,4140,-988,190,-76,-14356,-3168,6308,-538,143,-108,0
224.46940398216248,9332,5064,11676,-81,-31,84,8068,-10056,9324,-81,124,-181,-14184,4688,4176,-989,184,-123,-14192,-3256,6344,-576,149,-124,0
224.50516605377197,9288,5060,11588,-77,-77,72,8156,-10228,9256,-33,120,-191,-14108,4856,4308,-955,202,-72,-14452,-3188,6268,-537,184,-93,0
224.54080414772034,9348,5028,11628,-100,-40,91,8148,-10240,9308,-23,136,-200,-14164,4752,4176,-958,182,-73,-14488,-3320,6144,-493,168,-128,0
224.57712197303772,9320,5336,11584,-107,-68,67,8104,-10020,9312,-62,125,-181,-14224,4736,4464,-957,167,-106,-14780,-3292,6356,-521,141,-110,0
224.61213994026184,9348,5028,11456,-107,-36,59,8188,-10136,9328,-10,128,-169,-14308,4836,4244,-973,102,-59,-14508,-3296,6408,-516,169,-127,0
224.64800596237183,9280,4992,11584,-188,-16,117,8180,-9936,9244,15,167,-143,-14256,4692,4252,-964,146,-99,-14392,-3312,6544,-506,163,-120,0
224.68271493911743,9280,5068,11708,-106,21,84,8268,-9908,9212,-77,128,-168,-14276,4724,4168,-998,190,-58,-14400,-3188,6320,-500,149,-108,0
224.7181911468506,9268,4960,11536,-159,-46,98,7936,-9944,9272,7,126,-170,-14336,4708,3964,-1002,211,-72,-14416,-3224,6288,-474,231,-107,0
224.75363111495972,9312,5008,11756,-121,-29,65,8168,-10104,9332,23,146,-149,-14192,4744,4316,-989,225,-70,-14420,-3320,6552,-502,163,-109,0
224.78927612304688,9236,4928,11532,-123,-256,110,8112,-10044,9376,-248,154,-154,-14304,4768,4188,-973,212,-82,-14464,-3272,6404,-496,139,-108,0
224.8246009349823,9228,4880,11908,-193,-50,63,8060,-10032,9360,-34,173,-172,-14536,4728,4276,-907,201,-141,-14416,-3328,6284,-525,196,-92,0
224.85979199409488,9340,4964,11564,-164,-52,104,8164,-10000,9284,14,121,-187,-14184,4820,4540,-944,197,-163,-14420,-3220,6376,-509,252,-88,0
224.8951640129089,9432,4904,11692,-182,-143,112,8132,-10040,9332,11,142,-246,-14220,4752,3864,-960,240,-149,-14416,-3272,6452,-520,244,-73,0
224.93139505386355,9220,4956,11764,-159,-122,120,8120,-10100,9252,1,114,-247,-14228,4844,4064,-958,9,-160,-14488,-3204,6444,-504,234,-74,0
224.9648871421814,9344,5040,11736,-177,-130,108,8152,-9932,9368,23,138,-218,-14252,4728,4176,-918,212,-146,-14488,-3160,6356,-519,200,-81,0
224.99820804595947,9304,4984,11692,-175,-89,112,8008,-9732,9268,3,153,-211,-14336,4748,4340,-931,203,-148,-14484,-3112,6440,-532,220,-73,0
225.03180813789368,9248,4980,11704,-178,-109,148,8180,-9932,9356,66,142,-205,-14332,4652,4052,-925,204,-180,-14516,-3224,6416,-555,508,-99,0
225.06541895866394,9260,5032,11772,-176,-113,114,8132,-9952,9340,4,116,-230,-14156,4708,4036,-913,194,-88,-14464,-3312,6324,-768,236,-83,0
225.0989010334015,9344,5040,11592,-191,-198,115,8368,-9876,9348,-2,123,-224,-14336,4636,4092,-940,179,-116,-14432,-3188,6232,-534,212,-80,0
225.13235902786255,9276,4968,11648,-225,-156,112,8132,-9968,9404,1,132,-235,-14292,4672,4144,-899,152,-137,-14500,-3216,6348,-528,188,-90,0
225.16579413414001,9300,4944,11664,-203,-180,106,8220,-10232,9352,9,166,-226,-14140,4788,3856,-937,143,-146,-14348,-3244,6240,-543,210,-99,0
225.19876909255981,9412,4968,11496,-182,-175,113,8132,-10028,9320,16,143,-226,-14256,4692,4040,-945,150,-90,-14516,-3184,6256,-535,210,-92,0
225.23244714736938,9268,5040,11772,-150,-152,140,8208,-9920,9352,32,151,-219,-14236,4616,4156,-941,163,-104,-14464,-3228,6356,-529,196,-87,0
225.26597809791568,9324,5016,11568,-185,-193,123,8140,-9968,9448,-30,142,-217,-14172,4860,3844,-952,170,-91,-14540,-3084,6192,-260,182,-84,0
225.29930496215823,9324,5028,11696,-193,-192,129,8156,-9968,9344,2,142,-177,-14264,4768,3980,-956,108,-128,-14572,-3212,6220,-568,170,-82,0
225.33286905288693,9344,4888,11584,-204,-149,130,7936,-9916,9464,29,130,-196,-14208,4688,4120,-979,124,-144,-14512,-3104,6208,-495,206,-90,0
225.3663730621338,9336,5056,11636,-178,-151,144,7960,-9996,9300,5,125,-190,-14204,4704,4332,-961,95,-79,-14472,-3220,6348,-768,182,-78,0
225.3997931480408,9396,5024,11572,-150,-178,117,8156,-9976,9420,250,163,-216,-14276,4792,4100,-918,122,-143,-14504,-3272,6404,-537,207,-93,0
225.4332070350647,9424,4952,11624,-193,-166,94,8092,-10084,9080,2,123,-235,-14264,4732,4216,-962,89,-100,-14476,-3148,6584,-257,220,-134,0
225.46693706512445,9440,5012,11472,-131,-164,127,8204,-9964,9400,-4,119,-212,-14156,4628,4076,-950,93,-94,-14456,-3228,6240,-528,156,-161,0
225.50024509429932,9256,5096,11480,-151,-106,112,8104,-10016,9256,-36,131,-173,-14200,4680,4196,-960,86,-106,-14376,-3220,6320,-525,120,-126,0
225.53367495536807,9272,4992,11456,-151,-86,91,7952,-9760,9416,-53,127,-186,-14220,4784,4220,-935,75,-64,-14464,-3292,6260,-542,159,-123,0
225.56731510162354,9324,5024,11464,-93,-61,91,8108,-9932,9464,-32,135,-169,-14276,4696,4312,-960,75,-40,-14488,-3232,6288,-518,173,-163,0
225.60067296028134,9388,4972,11340,-123,-37,91,7964,-9924,9448,-28,128,-171,-14188,4700,3940,-971,97,-24,-14456,-3288,6344,-528,180,-145,0
225.6342351436615,9356,4920,11448,-81,-52,95,8156,-10080,9412,-70,90,-172,-14124,4688,4016,-962,101,-42,-14488,-3232,6224,-522,160,-128,0
225.66799092292786,9264,4988,11472,-111,-54,84,8164,-9884,9504,-30,106,-190,-14212,4756,4128,-963,115,-101,-14400,-3152,6280,-531,173,-124,0
225.70115900039676,9268,5020,11576,-104,-24,104,8220,-9736,9256,-43,101,-167,-14208,4704,4228,-946,77,-65,-14464,-3288,6276,-551,110,-139,0
225.7342460155487,9320,4928,11544,-108,-18,101,8192,-9940,9408,-19,116,-154,-14100,4740,4088,-986,63,-22,-14376,-3352,6256,-541,133,-159,0
225.76775693893435,9276,4928,11656,-110,-8,84,8444,-9948,9340,-42,124,-132,-14316,4740,4220,-950,61,-255,-14420,-3248,6320,-540,118,-142,0
225.8010380268097,9300,5104,11672,-156,-28,79,8260,-10012,9276,-69,147,-151,-14320,4728,4340,-928,63,-61,-14384,-3140,6260,-529,88,-146,0
225.83734893798828,9232,5004,11652,-111,-23,75,8108,-10016,9308,-56,163,-159,-14172,4784,4096,-924,30,-65,-14456,-3180,6368,-524,163,-178,0
225.87165498733518,9416,4984,11620,-107,-42,95,8376,-10220,9032,-44,138,-146,-14096,4828,4168,-957,66,-81,-14568,-3096,6176,-553,128,-130,0
225.90489506721494,9268,5024,11492,-98,-52,75,8300,-10036,9244,-42,111,-159,-14196,4944,4012,-949,71,-64,-14424,-3172,6180,-537,174,-148,0
225.93829894065854,9176,5000,11576,-135,-73,65,8152,-10212,9384,-44,148,-170,-14232,4680,4308,-927,36,-81,-14528,-3528,6556,-558,133,-125,0
225.97548604011536,9288,5032,11560,-99,-45,76,8188,-9764,9332,-57,153,-176,-14256,4792,4172,-941,18,-8,-14576,-3228,6168,-600,139,-171,0
226.0112719535828,9064,4956,11580,-97,-74,73,8180,-10216,9448,-23,155,-152,-14088,4784,4224,-989,-34,-64,-14456,-3200,6240,-577,171,-134,0
226.04636597633362,9332,5084,11616,-101,-17,81,8032,-9948,9348,-44,144,-138,-14488,4948,4180,-979,11,-56,-14468,-3268,6152,-590,108,-155,0
226.08220100402835,9360,5084,11544,-93,-46,67,8208,-10056,9396,-49,169,-148,-14140,4792,4164,-927,24,-66,-14460,-3196,6208,-558,118,-141,0
226.11751008033755,9284,5008,11564,-123,-42,53,8172,-10140,9256,-58,164,-161,-14304,4756,4088,-960,66,-81,-14476,-3196,6300,-537,130,-155,0
226.15301394462585,9000,4996,11340,-87,-43,84,8120,-9996,9400,-43,163,-162,-14576,5036,4144,-950,22,-69,-14464,-3220,6436,-536,132,-132,0
226.18822097778317,9316,5052,11632,-125,-33,59,8352,-9740,9320,-75,123,-147,-14184,4620,4384,-951,38,-68,-14484,-3256,6368,-536,142,-158,0
226.22337007522583,9220,5080,11380,-131,-45,89,8092,-9976,9344,-52,155,-173,-14276,5112,4080,-960,35,-70,-14468,-3252,6360,-525,166,-165,0
226.2586939334869,9328,5060,11588,-103,-55,71,8136,-10072,9480,-49,140,-167,-14136,4904,4184,-968,12,-109,-14456,-3204,6436,-566,150,-153,0
226.29402208328247,9232,5052,11568,-87,-82,79,8100,-10004,9400,-33,105,-192,-14244,4820,4196,-991,58,-84,-14524,-3284,6168,-596,177,-143,0
226.32967495918274,9276,5092,11592,-70,-112,73,7936,-10216,9160,-52,94,-180,-14524,4784,4072,-995,71,-105,-14464,-3460,6312,-591,163,-138,0
226.36543202400208,9228,5060,11628,-107,-56,90,8172,-9912,9340,-24,129,-167,-14244,4812,4140,-947,69,-46,-14592,-3228,6404,-594,160,-141,0
226.40090513229367,9428,5000,11400,-105,-71,98,8124,-10016,9412,-28,129,-164,-14288,4784,3980,-918,23,-124,-14428,-3188,6196,-620,213,-135,0
226.43620991706848,9276,5108,11452,-156,-39,93,7992,-10112,9368,-32,138,-161,-14284,4728,4172,-898,15,-90,-14400,-3316,6380,-574,199,-127,0
226.47182297706604,9164,5064,11608,-135,-91,81,8440,-9948,9396,-66,115,-193,-14124,4768,4276,-896,37,-108,-14416,-3276,6640,-605,185,-157,0
226.50805592536926,9216,5160,11756,-139,-83,73,8332,-9960,9496,-46,137,-199,-14112,4868,4208,-879,22,-110,-14424,-3268,6304,-590,191,-146,0
226.5431611537933,9452,4924,11684,-158,-82,75,7936,-10092,9336,-40,152,-195,-14180,4788,4232,-866,-31,-79,-14584,-3456,6288,-653,4,-162,0
226.5788290500641,9252,5060,11624,-176,-41,74,8092,-10016,9240,-30,134,-187,-14248,4840,4320,-801,-48,-72,-14484,-3524,6304,-646,287,-136,0
226.6146891117096,9212,5108,11528,-117,-72,64,8124,-9960,9268,-58,94,-204,-14188,4820,4116,-850,-12,-63,-14420,-3096,6256,-592,267,-129,0
226.64827203750608,9276,5076,11684,-134,-50,59,8120,-9976,9436,-40,122,-198,-14156,4876,4208,-834,53,-94,-14524,-3536,6320,-596,227,-91,0
226.68164801597598,9260,5116,11724,-117,-58,88,8220,-9988,9324,-74,123,-203,-14152,4916,4068,-812,42,-107,-14384,-3372,6140,-584,200,-92,0
226.71506500244143,9188,5060,11432,-199,-34,83,8160,-10020,9308,-20,132,-177,-14228,4912,4176,-845,-22,-122,-14440,-3584,6252,-601,240,-70,0
226.74863505363462,9296,5124,11720,-210,-58,85,8104,-9980,9280,-35,133,-176,-14024,4832,4412,-860,66,-82,-14832,-3336,6344,-551,156,-53,0
226.78162813186646,8984,5332,11728,-147,-10,78,8388,-10120,9312,-70,133,-201,-14300,4796,4592,-842,68,-88,-14592,-3488,6284,-585,158,-80,0
226.81488609313968,9272,5092,11708,-156,-43,20,7952,-10012,9288,-33,154,-233,-14184,4948,4184,-828,85,-139,-14568,-3216,6268,-586,194,-54,0
226.84840297698975,9164,5060,11644,-129,-19,65,8200,-10008,9256,-73,163,-203,-14188,4932,4268,-832,107,-139,-14524,-3276,6276,-542,236,-74,0
226.88197493553162,9192,5084,11564,-124,-49,60,8080,-10000,9332,-86,138,-180,-14172,5056,4320,-774,79,-115,-14528,-3392,6380,-580,193,-69,0
226.91558003425598,9284,5028,11828,-147,-50,48,8184,-9992,9328,-90,150,-179,-14200,4948,4168,-700,118,-100,-14432,-3408,6184,-546,146,-63,0
226.94899606704715,9188,5076,11620,-139,-130,30,8208,-10004,9460,-160,183,-191,-14312,4876,4140,-742,156,-108,-14404,-3140,6308,-555,131,-43,0
226.98225593566895,9212,5036,11544,-80,-215,74,7980,-10080,9280,-95,145,-215,-14068,4940,4344,-844,168,-166,-14472,-3176,6224,-570,192,-76,0
227.01572012901306,9288,5112,11320,-110,-210,94,8136,-9988,9232,-64,127,-208,-14192,4848,4168,-857,192,-177,-14436,-3132,6236,-564,178,-66,0
227.0492689609528,9168,5044,11716,-87,-11,71,8168,-10064,9272,-86,133,-230,-14148,4932,4096,-837,215,-179,-14748,-3216,6288,-612,175,-90,0
227.0829451084137,9216,5072,11568,-127,-206,102,8184,-10236,9248,-83,155,-192,-14208,5072,4056,-868,213,-149,-14528,-3100,6144,-567,192,-70,0
227.1164140701294,9320,5024,11620,-131,-196,79,8120,-10076,9288,-52,194,-210,-14124,4892,4336,-884,220,-159,-14484,-3236,6268,-578,170,-83,0
227.15000796318054,9032,5092,11560,-100,-229,73,8156,-10012,9260,-61,181,-197,-14228,4904,4168,-902,252,-111,-14444,-3388,6252,-584,155,-82,0
227.18310308456424,9248,5140,11564,-120,-226,120,8152,-10028,9308,-79,148,-207,-14184,4952,4212,-892,220,-115,-14564,-3532,6196,-550,162,-107,0
227.21680402755737,9020,5356,11624,-137,-279,95,8120,-10036,9308,-88,97,-225,-14240,4840,4112,-881,225,-153,-14484,-3272,6388,-561,142,-91,0
227.25033593177798,9228,5088,11704,-134,-277,101,8380,-10180,9408,-71,129,-226,-14200,4988,4080,-903,233,-143,-14512,-3576,6360,-558,59,-64,0
227.28381896018982,9456,4980,11688,-78,-334,76,8132,-10088,9232,-55,116,-212,-14288,4920,4092,-947,279,-133,-14524,-3500,6424,-568,-53,-66,0
227.31747794151306,9468,5108,11624,-73,-296,125,8344,-10024,9268,-21,100,-221,-14264,4924,4072,-987,293,-118,-14584,-3280,6216,-754,44,-92,0
227.35108304023743,9264,4928,11612,-142,-233,138,8148,-9968,9296,-7,141,-234,-14168,4668,4092,-1034,504,-113,-14504,-3224,6164,-478,60,-67,0
227.384624004364,9216,5116,11568,-131,-197,124,7984,-9764,9332,-38,131,-188,-14192,4844,3952,-976,243,-106,-14412,-3268,6252,-576,82,-81,0
227.41793704032898,9348,5136,11436,-101,-210,96,8080,-10164,9120,-58,143,-186,-14324,4956,3892,-1011,230,-123,-14428,-3076,5912,-608,52,-114,0
227.45137214660647,9336,5048,11768,-67,-197,91,8092,-9972,9300,-49,130,-154,-14164,4840,3916,-1047,197,-81,-14192,-3364,6224,-563,54,-110,0
227.4848229885101,9284,5084,11552,-44,-101,94,8064,-9856,9092,-116,128,-173,-14176,4852,4012,-999,232,-43,-14448,-3532,6212,-535,67,-83,0
227.5184030532837,9288,5036,11520,-77,-129,38,8272,-10084,9448,-69,161,-160,-14304,4872,3972,-993,236,-80,-14396,-3076,6296,-768,45,-132,0
227.55199313163757,9380,5104,11440,-94,-48,37,8184,-10052,9384,-69,174,-163,-14300,4648,3952,-1033,153,-38,-14504,-3368,6364,-500,66,-123,0
227.5854470729828,9384,5172,11428,-75,-66,93,8160,-9744,8992,-62,170,-111,-14264,4808,3972,-1038,134,-52,-14484,-3308,6324,-482,43,-138,0
227.618803024292,9380,5128,11436,-76,-52,61,8176,-10112,9016,-78,150,-118,-14172,4888,3944,-1009,108,-63,-14512,-3316,6208,-465,74,-158,0
227.65611004829407,9360,5116,11372,-120,-78,69,8080,-10164,9308,-68,158,-150,-14216,4768,4268,-1033,125,-54,-14368,-3344,6640,-494,110,-144,0
227.69141507148743,9260,5156,11628,-97,-48,91,7944,-10060,9320,-58,138,-160,-14296,4892,3960,-1054,128,-84,-14400,-3544,6400,-498,121,-143,0
227.7274091243744,9260,5188,11360,-100,-29,91,8012,-10024,9212,-49,132,-164,-14240,4956,3928,-1075,130,-72,-14388,-3268,6472,-521,96,-126,0
227.76282906532288,9224,5096,11452,-81,-38,96,8296,-10072,9156,-58,118,-194,-14344,5000,4088,-1089,153,-41,-14452,-3328,6264,-520,73,-135,0
227.79823899269104,9396,5324,11624,-92,-18,97,8184,-10060,9236,-28,123,-171,-14236,5088,3988,-1166,147,-78,-14488,-3300,6520,-429,85,-104,0
227.83359813690186,9380,5116,11276,-162,-9,105,8184,-10048,9252,11,144,-159,-14256,5108,3856,-1168,140,-59,-14548,-3268,6340,-483,105,-131,0
227.86942315101624,9272,5160,11564,-132,-29,113,8140,-10092,9404,-14,114,-160,-14276,4976,4004,-1167,108,-42,-14504,-3340,6408,-471,97,-125,0
227.9050869941712,9288,5148,11724,-150,-52,106,8232,-10164,9068,9,147,-142,-14336,4752,4048,-1226,137,-88,-14348,-3232,6396,-397,128,-147,0
227.94052004814148,9292,5068,11500,-163,-11,98,8108,-10088,9232,3,162,-183,-14240,4900,4012,-1136,82,-65,-14484,-3172,6380,-445,174,-156,0
227.9758701324463,9312,5068,11304,-162,-19,102,8152,-10096,9408,12,151,-170,-14132,4900,4064,-1147,80,-87,-14404,-3184,6468,-491,105,-156,0
228.01173496246338,9200,5128,11536,-116,-14,83,8172,-10024,9344,32,133,-163,-14284,4876,4032,-1147,88,-42,-14480,-3316,6392,-485,131,-140,0
228.04772806167603,9296,5168,11768,-147,-17,85,7956,-10240,9468,19,123,-170,-14212,4828,3852,-1117,114,-70,-14588,-3480,6428,-482,131,-119,0
228.08272695541382,9212,5140,11672,-155,-43,84,8044,-10080,9212,-53,135,-150,-14096,4648,4032,-1060,105,-105,-14528,-3296,6144,-480,110,-105,0
228.11816310882568,9300,5120,11576,-147,-71,115,7936,-10048,9168,-41,109,-163,-14124,4884,4080,-1066,89,-56,-14524,-3260,6384,-501,189,-143,0
228.153872013092,9220,5180,11604,-178,-69,123,8036,-9996,9324,5,120,-178,-14300,4904,4092,-1045,63,-75,-14436,-3556,6416,-481,188,-80,0
228.18877911567688,9220,5152,11496,-120,-37,109,8152,-10084,9248,-25,123,-149,-14196,4828,4040,-1039,116,-50,-14452,-3392,6348,-478,154,-113,0
228.22400498390198,9260,5200,11716,-137,-69,66,8196,-10044,9332,-25,153,-189,-14332,4808,4064,-971,69,-128,-14404,-3212,6484,-484,161,-144,0
228.25959610939026,9208,5156,11516,-127,-59,97,8036,-10064,9344,-19,123,-166,-14240,4892,4072,-1013,93,-100,-14388,-3240,6284,-455,163,-123,0
228.29569005966187,9160,5108,11596,-136,-73,91,8116,-10116,9244,-27,134,-180,-14216,4856,4080,-988,77,-56,-14460,-3484,6644,-454,196,-127,0
228.32928800582886,9248,5072,11712,-134,-48,97,8124,-10088,9376,-54,123,-150,-14216,4852,4032,-958,73,-55,-14488,-3272,6448,-453,157,-124,0
228.36263704299927,9232,5096,11700,-148,-71,84,8084,-10184,9320,-45,164,-179,-14316,4920,4060,-979,77,-79,-14360,-3240,6440,-470,178,-114,0
228.39620804786682,9192,5176,11524,-133,-55,85,8112,-10044,9348,-44,152,-172,-14240,4808,3864,-1006,74,-59,-14440,-3280,6580,-479,219,-176,0
228.4297821521759,9300,5132,11584,-168,-84,106,7976,-10072,9448,9,135,-170,-14092,4840,4032,-1009,69,-110,-14364,-3340,6536,-500,240,-96,0
228.46312308311462,9236,4928,11748,-145,-79,105,8000,-10080,9252,-7,111,-194,-14272,4952,4204,-978,96,-103,-14480,-3120,6444,-488,224,-135,0
228.49676609039307,9272,5164,11732,-168,-80,144,8140,-9952,9384,15,112,-178,-14160,5088,4036,-983,43,-87,-14400,-3308,6632,-472,208,-118,0
228.53023409843448,9220,5184,11616,-172,-49,102,8108,-10132,9408,-12,140,-176,-14264,4916,4232,-981,74,-59,-14100,-3104,6180,-474,216,-127,0
228.56370496749878,9240,5084,11764,-174,-42,133,8100,-10028,9272,29,127,-192,-14236,4952,4124,-967,32,-71,-14400,-3164,6340,-511,233,-114,0
228.5972490310669,9412,5024,11392,-234,-61,98,8080,-10028,9224,3,164,-197,-14056,5016,4124,-943,12,-75,-14460,-3440,6384,-476,230,-100,0
228.6307780742645,9180,4880,11740,-218,-91,88,8136,-10080,9344,-20,167,-206,-14208,4980,4028,-973,48,-110,-14524,-3292,6260,-530,171,-144,0
228.66981291770935,9292,5336,11536,-4,-96,138,7964,-10004,9448,80,140,-193,-14144,4644,4072,-962,112,-101,-14360,-3320,6436,-482,207,-53,0
228.71979498863223,9128,5092,11440,-165,-101,145,8124,-10128,9040,7,139,-226,-14264,4928,3960,-975,101,-144,-14144,-3480,6272,-553,217,-70,0
228.76183414459229,9240,5160,11744,-189,-197,124,7940,-10100,9316,25,128,-217,-14336,4844,4244,-963,81,-109,-14452,-3364,6488,-548,182,-111,0
228.79542803764343,9408,5140,11556,-163,-163,113,8100,-10016,9344,-8,147,-206,-14136,5084,3840,-953,103,-122,-14424,-3180,6636,-546,148,-83,0
228.82901191711426,9188,5052,11592,-172,-135,120,8128,-9908,9352,-3,157,-206,-14232,5080,4296,-950,112,-141,-14392,-3524,6308,-542,146,-88,0
228.86257600784302,9468,5140,11768,-183,-150,100,7952,-10048,9396,-27,121,-204,-14208,4864,4060,-971,156,-143,-14464,-3328,6312,-545,117,-57,0
228.89648008346558,9336,4872,11616,-142,-169,142,7940,-9752,9344,-34,106,-185,-14520,4852,4004,-964,137,-144,-14392,-3268,6272,-560,142,-82,0
228.92978310585022,9416,5104,11592,-165,-192,133,8076,-10064,9284,-24,135,-213,-14224,4708,3968,-972,141,-124,-14352,-3408,6312,-559,163,-93,0
228.96356701850885,9264,5308,11640,-141,-196,132,8172,-10052,9340,-12,121,-240,-14296,4864,4080,-998,162,-149,-14504,-3224,6280,-557,190,-65,0
228.99727892875674,9156,5096,11556,-137,-243,89,8260,-10004,9272,12,157,-510,-14308,4952,4100,-1006,132,-122,-14488,-3244,6340,-552,200,-62,0
229.03077697753906,9244,5116,11608,-129,-206,117,8160,-9756,9320,4,135,-248,-14264,5040,3860,-1021,161,-178,-14384,-3268,6396,-518,140,-82,0
229.06439208984375,9340,5192,11508,-129,-245,137,8164,-10056,9384,-8,129,-223,-14212,4796,4008,-993,155,-125,-14428,-3408,6600,-528,130,-90,0
229.09774899482727,9312,4884,11764,-149,-200,109,7944,-10096,9312,-60,144,-206,-14184,5100,3864,-987,150,-152,-14556,-3572,6384,-528,116,-90,0
229.13143610954288,9296,4984,11484,-138,-237,107,8356,-10124,9344,-15,133,-195,-14176,5116,3856,-972,154,-135,-14436,-3316,6304,-549,107,-90,0
229.16489505767822,9340,5124,11512,-117,-224,117,8240,-10100,9428,-56,113,-207,-14208,4872,4080,-773,228,-127,-14364,-3568,6584,-580,98,-108,0
229.19824600219727,9268,5108,11500,-82,-214,132,7964,-10008,9280,-35,118,-209,-14124,4772,4128,-984,248,-95,-14424,-3408,6308,-563,83,-67,0
229.2318110466004,9288,5136,11720,-97,-250,143,8064,-10056,9044,-38,114,-217,-14096,4828,4200,-979,214,-128,-14516,-3228,6296,-554,139,-73,0
229.2654881477356,9352,5060,11572,-107,-198,96,8152,-9956,9360,-54,130,-217,-14240,4780,3940,-982,212,-174,-14572,-3284,6328,-539,147,-81,0
229.29897904396054,9028,5040,11700,-119,-219,97,8236,-10028,9416,-256,132,-226,-14140,4776,3976,-993,164,-149,-14492,-3276,6256,-569,154,-111,0
229.33716106414798,9408,5180,11360,-95,-208,114,8108,-9964,9304,-12,121,-197,-14204,4888,3988,-972,133,-135,-14524,-3308,6264,-552,116,-118,0
229.37229013442996,9392,5084,11480,-95,-170,104,8232,-9924,9372,-21,86,-192,-14284,4844,3976,-978,143,-90,-14548,-3228,6208,-258,125,-109,0
229.40769505500793,9432,5112,11568,-74,-126,104,8120,-9980,9448,-67,126,-200,-14264,4736,4028,-976,132,-77,-14496,-3264,6368,-537,109,-129,0
229.4434940814972,9324,5108,11508,-109,-104,76,8440,-10036,8964,-52,122,-183,-14316,4804,4056,-769,113,-70,-14448,-3404,6600,-500,97,-144,0
229.47825694084167,9388,4972,11504,-118,-56,70,8200,-10068,9416,-58,145,-170,-14148,4752,4028,-962,93,-98,-14512,-3300,6244,-487,129,-165,0
229.51403903961182,9340,5124,11592,-97,-39,92,8424,-9992,9104,-63,121,-165,-14304,5052,3968,-973,78,-78,-14464,-3496,6324,-529,140,-123,0
229.54966592788693,9328,4908,11556,-62,-60,58,8164,-10056,9312,-42,131,-168,-14308,4672,3992,-988,127,-76,-14464,-3388,6360,-527,143,-138,0
229.58490896224976,9328,5072,11520,-53,-47,87,7968,-10232,9228,-43,130,-167,-14228,4688,3928,-982,105,-100,-14412,-3540,6632,-764,115,-164,0
229.62014508247375,9296,5120,11400,-120,-44,81,8136,-9936,9388,-54,138,-167,-14228,4844,3960,-972,116,-59,-14468,-3272,6508,-507,103,-139,0
229.65541195869446,9276,5364,11268,-79,-50,79,8200,-10100,9416,-63,157,-106,-14260,4892,4296,-991,51,-54,-14480,-3248,6436,-541,90,-149,0
229.69135403633118,9272,5096,11396,-127,-14,73,7952,-10056,9340,-14,160,-109,-14212,4764,3960,-1275,44,-33,-14440,-3256,6320,-476,91,-148,0
229.72757506370542,9272,5300,11388,-82,30,99,8064,-10072,9376,-89,139,-120,-14256,4880,4032,-936,98,-30,-14396,-3080,6420,-527,93,-131,0
229.76230001449582,9372,5364,11620,-71,-73,50,8016,-10100,9216,-71,177,-170,-14284,4868,4076,-961,87,-50,-14460,-3344,6304,-491,138,-116,0
229.79860496521,9356,5060,11476,-119,-2,92,8424,-10212,9388,-39,140,-149,-14164,4864,3980,-1006,108,-63,-14468,-3232,6444,-522,121,-123,0
229.8338041305542,9324,5180,11564,-67,-18,76,8172,-10044,8992,-40,127,-155,-14116,4916,4080,-1003,62,-86,-14536,-3440,6372,-511,80,-166,0
229.86921000480652,9268,5060,11688,-130,-5,66,8104,-10080,9168,-63,148,-140,-14200,5100,4340,-960,63,-42,-14448,-3352,6376,-493,78,-136,0
229.9042649269104,9216,5236,11572,-84,-35,82,8132,-10200,9280,-81,143,-154,-14556,5076,3880,-978,85,-115,-14364,-3348,6484,-517,121,-155,0
229.93960905075076,9272,5168,11736,-115,-39,82,8128,-10016,9384,-24,119,-162,-14200,4900,4116,-1007,70,-90,-14336,-3408,6628,-542,122,-152,0
229.97579312324524,9184,5164,11400,-71,-64,89,8120,-10000,9248,-56,102,-213,-13928,5080,3840,-1012,131,-106,-14420,-3264,6652,-546,178,-132,0
230.00935006141663,9256,5152,11580,-76,-86,83,8216,-10092,9032,-56,117,-200,-14512,4728,4128,-1000,131,-98,-14148,-3300,6292,-523,144,-133,0
230.04299592971802,9264,5244,11732,-110,-76,77,8092,-10036,9212,-27,160,-185,-14164,4924,4120,-973,110,-45,-14408,-3352,6328,-532,130,-126,0
230.0766019821167,9328,5248,11616,-98,-47,81,8144,-10068,9200,-33,131,-172,-14152,4952,3964,-982,88,-79,-14488,-3440,6240,-533,143,-143,0
230.1098139286041,9352,5192,11408,-86,-63,95,8200,-10052,9304,-40,114,-162,-14208,4836,4164,-988,107,-93,-14408,-3380,6332,-768,116,-143,0
230.1431200504303,9236,5136,11324,-73,-83,108,8276,-10040,9328,-79,139,-190,-14168,4936,4124,-995,105,-80,-14552,-3540,6600,-489,119,-130,0
230.17675495147702,9336,5180,11272,-106,-86,58,8132,-10012,9196,-53,134,-168,-14148,4792,3908,-999,79,-83,-14424,-3372,6312,-496,135,-122,0
230.20981693267822,9424,5208,11664,-114,-78,84,8176,-10124,9404,-64,157,-173,-14268,4980,3984,-998,77,-54,-14508,-3356,6480,-534,141,-98,0
230.2435410022736,9268,5184,11680,-82,-69,90,8392,-10068,9460,-30,152,-188,-14280,5000,4176,-1006,111,-88,-14384,-3456,6144,-540,153,-95,0
230.27716898918155,9344,5188,11504,-115,-86,110,8096,-10028,9460,-20,128,-178,-14244,4684,4260,-1017,108,-98,-14348,-3336,6364,-507,137,-146,0
230.31034803390503,9200,5168,11568,-105,-83,95,8136,-10092,9376,-22,123,-189,-14232,5036,4224,-975,109,-107,-14368,-3352,6472,-505,172,-127,0
230.34367108345035,9304,5236,11580,-113,-96,82,8164,-9976,8996,-58,118,-201,-14268,4836,4284,-994,116,-92,-14480,-3476,6408,-522,144,-138,0
230.3773410320282,9240,5168,11468,-99,-117,116,8200,-10144,9332,-51,128,-208,-14280,4964,4092,-1006,107,-74,-14420,-3340,6284,-562,143,-125,0
230.41033411025998,9300,5140,11708,-129,-98,111,8096,-10100,9236,-255,127,-173,-14092,4832,3876,-1009,125,-65,-14424,-3576,6416,-532,124,-131,0
230.44403696060184,9244,5276,11452,-105,-70,94,8184,-10012,9288,-51,115,-143,-14324,5100,3848,-991,95,-88,-14440,-3356,6368,-510,146,-141,0
230.47763299942014,9228,5168,11616,-109,-97,81,8164,-10132,9416,-48,142,-173,-14204,4832,3948,-980,80,-145,-14436,-3080,6308,-535,166,-127,0
230.51079297065735,9228,5172,11392,-115,-63,89,8024,-10012,9292,-28,163,-167,-14128,4892,4300,-981,87,-80,-14392,-3560,6436,-508,139,-113,0
230.5442049503326,9416,5272,11556,-81,-57,94,8044,-10048,9136,-3,125,-163,-14228,4808,4000,-984,90,-30,-14340,-3236,6144,-467,114,-135,0
230.57770800590518,9260,5188,11584,-143,-68,82,8172,-10168,9088,-38,166,-158,-14112,5096,3872,-986,95,-110,-14372,-3392,6412,-499,136,-139,0
230.61094498634338,9296,5248,11612,-151,-99,87,8084,-10112,9256,-36,154,-169,-14224,4852,4092,-962,120,-85,-14336,-3352,6408,-496,151,-125,0
230.64420294761658,9200,5216,11580,-138,-76,98,8128,-10092,9252,-21,155,-195,-14220,4988,4084,-997,112,-114,-14392,-3484,6424,-523,152,-111,0
230.6777849197388,9268,5272,11660,-190,-125,131,8256,-9996,9328,26,122,-173,-14196,4912,4068,-990,118,-112,-14376,-3256,6328,-257,174,-94,0
230.7111189365387,9140,5096,11528,-142,-126,137,8064,-9988,9284,9,116,-232,-14228,4884,4104,-999,147,-119,-14364,-3436,6500,-519,229,-78,0
230.74472904205322,9280,5252,11536,-157,-194,124,8280,-10048,9324,16,149,-216,-14256,4976,4224,-995,134,-121,-14284,-3300,6412,-766,190,-101,0
230.77811098098758,9240,5256,11584,-160,-147,123,8248,-10012,9340,-18,160,-199,-14104,4920,4116,-967,124,-157,-14436,-3340,6324,-521,217,-74,0
230.81154108047485,9384,5188,11660,-172,-134,123,8148,-9892,9200,-255,159,-210,-14156,4856,3956,-976,113,-141,-14428,-3576,6604,-257,199,-82,0
230.84946393966678,9228,5196,11400,-178,-163,128,8180,-10096,9296,-31,180,-210,-14200,4904,3980,-993,138,-110,-14468,-3484,6620,-495,182,-77,0
230.8837010860443,9300,5284,11484,-186,-155,104,8136,-10004,9228,-35,140,-218,-14084,4852,4096,-967,160,-136,-14180,-3388,6392,-500,202,-68,0
230.91702914237976,9440,5168,11712,-186,-194,132,8056,-9940,9204,-8,183,-236,-14260,4836,3844,-973,122,-149,-14472,-3424,6444,-765,186,-68,0
230.95058512687683,9380,5184,11272,-188,-177,106,8208,-9948,9328,-253,152,-254,-14276,4712,3984,-967,168,-161,-14516,-3552,6264,-510,201,-68,0
230.9836940765381,9300,5232,11656,-154,-200,141,8224,-10116,9228,7,152,-224,-14248,4828,4000,-982,140,-147,-14364,-3332,6636,-540,237,-72,0
231.02121901512146,9292,5184,11596,-158,-178,145,8184,-10080,9408,43,135,-224,-14288,4932,4032,-984,142,-135,-14480,-3396,6592,-497,187,-88,0
231.05727314949038,9264,5220,11500,-139,-186,113,8416,-9876,9264,-255,153,-217,-14288,4860,3936,-987,145,-135,-14424,-3252,6472,-510,211,-105,0
231.09184002876282,9456,5156,11596,-178,-185,141,8124,-10140,9376,-2,150,-217,-14360,4964,4080,-984,141,-102,-14536,-3304,6284,-508,167,-54,0
231.12768292427063,9396,5208,11616,-145,-193,146,8152,-10164,9412,-6,104,-184,-14240,4992,3968,-1005,126,-100,-14336,-3284,6300,-527,169,-101,0
231.16315507888794,9308,5272,11528,-191,-213,128,8404,-9760,9348,18,138,-190,-14208,5088,3844,-986,123,-154,-14332,-3416,6160,-502,194,-76,0
231.19872093200684,9224,5244,11536,-145,-155,147,8120,-9932,9404,-34,121,-226,-14228,4856,3996,-953,114,-123,-14416,-3272,6336,-265,225,-67,0
231.23417901992798,9312,5216,11460,-198,-222,91,8120,-10112,9016,54,13,-314,-14524,4812,4020,-897,116,-152,-14388,-3256,6484,-477,218,-71,0
231.26970791816714,9392,5136,11432,-166,-202,148,8332,-10072,9228,43,170,-214,-14204,4900,4144,-994,101,-97,-14472,-3332,6160,-521,165,-110,0
231.3049111366272,9240,5200,11300,-168,-135,102,8200,-9940,9268,33,139,-199,-14196,4852,4028,-968,114,-131,-14420,-3240,6604,-521,110,-92,0
231.34050703048706,9388,5208,11604,-148,-156,104,8116,-10108,9416,-34,104,-201,-14316,4796,4116,-971,109,-109,-14484,-3224,6436,-500,163,-99,0
231.37590193748474,9312,4912,11760,-108,-140,108,8040,-9808,9248,-33,103,-217,-14228,4804,4072,-980,94,-112,-14468,-3148,6376,-516,184,-122,0
231.41106510162354,9284,5368,11712,-139,-146,107,8196,-9956,9240,-25,108,-202,-14288,4892,4012,-971,135,-93,-14420,-3336,6384,-520,171,-126,0
231.4461989402771,9392,5136,11572,-87,-106,97,8132,-10228,9144,-38,124,-199,-14276,4780,3944,-979,133,-68,-14496,-3388,6344,-500,171,-143,0
231.48245191574094,9456,5168,11480,-121,-68,80,7948,-10020,9240,-50,144,-167,-14204,4888,3940,-988,76,-70,-14436,-3584,6148,-488,115,-134,0
231.51846504211426,9340,5188,11456,-137,-34,98,8264,-9964,9420,-39,125,-155,-14288,4884,3988,-996,95,-49,-14556,-3324,6320,-257,158,-131,0
231.5533580780029,9360,5180,11552,-116,-37,104,8224,-10000,9332,-34,114,-148,-14380,4800,4036,-1026,68,-28,-14552,-3312,6384,-519,122,-144,0
231.58863997459412,9332,5192,11416,-70,-38,94,8132,-10036,9348,-69,140,-143,-13976,4608,4016,-1012,83,-52,-14452,-3308,6328,-521,101,-153,0
231.62380313873285,9356,5212,11504,-100,-50,71,7952,-10076,9248,-95,147,-162,-14180,4876,3860,-974,57,-14,-14420,-3088,6384,-767,86,-155,0
231.65963411331174,9300,5196,11264,-110,-22,51,8184,-10120,9420,-40,157,-134,-14568,4944,4056,-981,73,-33,-14144,-3336,6172,-528,128,-156,0
231.69309496879578,9236,5164,11428,-104,-19,55,8156,-10036,9440,-47,154,-152,-14200,5116,4308,-978,63,-62,-14572,-3080,6180,-258,93,-155,0
231.72673106193542,9412,5144,11656,-77,-23,76,8088,-10068,9216,-52,141,-147,-14124,4828,3956,-985,97,-73,-14512,-3392,6416,-502,142,-141,0
231.76030611991882,9288,4948,11612,-121,-58,88,7952,-10048,9064,-52,138,-154,-14356,4952,4016,-991,114,-108,-14356,-3316,6280,-258,130,-132,0
231.79382395744324,9404,5204,11496,-93,-68,75,8236,-10120,9396,-69,126,-146,-14236,4908,4344,-980,97,-54,-14488,-3248,6640,-552,129,-137,0
231.82723307609558,9364,5176,11516,-77,-32,79,8296,-10100,9312,-43,142,-142,-14228,4868,4308,-1006,79,-56,-14540,-3312,6180,-541,134,-172,0
231.8606169223785,9272,5180,11496,-67,-50,108,8204,-10040,9324,-32,120,-130,-14252,4828,3920,-987,93,-40,-14376,-3460,6240,-535,95,-132,0
231.89404511451724,9392,5252,11512,-77,-27,66,8104,-10028,9388,-59,131,-132,-14140,4916,4032,-967,48,-76,-14432,-3476,6324,-508,101,-173,0
231.9276850223541,9444,5144,11208,-134,-45,71,8196,-10084,9400,-44,159,-149,-14372,4804,4280,-987,78,-59,-14408,-3512,6368,-474,115,-186,0
231.96123099327087,9296,5276,11528,-96,-4,53,8120,-9960,9108,-25,142,-154,-14116,4884,3952,-1027,58,-73,-14372,-3128,6652,-522,100,-153,0
231.99465203285217,9324,5192,11560,-114,-30,61,8092,-9984,9172,-32,148,-119,-14156,4956,4168,-999,67,-57,-14392,-3444,6456,-492,101,-127,0
232.0282621383667,9212,5232,11600,-117,-66,97,8036,-10064,8992,-42,154,-132,-14240,4904,4128,-988,63,-39,-14432,-3348,6432,-257,105,-144,0
232.06182098388675,9256,5168,11508,-130,-88,76,8112,-10180,9388,-46,131,-183,-14240,4616,4172,-987,48,-45,-14312,-3468,6524,-544,120,-125,0
232.0954339504242,9324,5176,11600,-110,-62,67,8124,-10048,9460,-32,157,-173,-14080,4916,3960,-981,114,-94,-14292,-3404,6580,-536,154,-153,0
232.12890911102295,9240,5216,11552,-97,-70,115,8120,-10100,9468,1,107,-178,-14168,4952,4024,-1009,124,-137,-14356,-3400,6540,-526,162,-153,0
232.16235899925235,9312,5316,11448,-79,-102,99,8144,-10124,9352,-42,108,-173,-14236,4692,3924,-1028,112,-88,-14472,-3388,6408,-522,167,-149,0
232.19588994979858,9376,5232,11548,-142,-80,95,8156,-10048,9384,-30,146,-147,-14192,4952,4320,-992,96,-79,-14416,-3356,6456,-766,133,-149,0
232.22916007041925,9380,5220,11596,-95,-58,84,7960,-10068,9240,-36,142,-154,-14096,4932,4240,-960,104,-51,-14348,-3464,6180,-537,147,-131,0
232.2627029418945,9436,5224,11332,-119,-60,94,8168,-9960,9192,-12,120,-163,-14104,4844,4016,-1008,112,-110,-14564,-3472,6376,-541,145,-122,0
232.29619312286374,9308,5236,11480,-122,-74,100,8184,-10056,9132,-39,118,-176,-14244,4964,4028,-967,97,-93,-14380,-3328,6424,-768,147,-143,0
232.32999110221863,9248,5196,11396,-131,-95,72,8188,-9956,9140,-40,156,-189,-14344,4824,4068,-965,85,-115,-14364,-3360,6360,-491,166,-144,0
232.36365008354187,9324,5208,11636,-177,-100,94,8192,-10072,9284,-22,171,-193,-14224,4880,4092,-998,116,-119,-14428,-3400,6508,-497,167,-114,0
232.39691805839539,9316,5272,11596,-172,-118,96,8164,-10000,9352,10,150,-198,-14228,4932,4032,-999,149,-92,-14392,-3340,6264,-496,186,-107,0
232.43033909797668,9332,5256,11704,-197,-168,129,8148,-10000,9268,20,128,-185,-14112,4960,3872,-1003,126,-98,-14132,-3404,6476,-257,234,-69,0
232.46378302574158,9308,5300,11428,-141,-203,109,8060,-10044,9172,-10,145,-232,-14084,4880,4124,-987,128,-156,-14568,-3388,6312,-503,227,-94,0
232.49739003181458,9244,5212,11424,-176,-200,131,8144,-9976,9236,-39,124,-237,-14072,4880,4168,-973,113,-161,-14516,-3428,6420,-505,210,-74,0
232.53083992004397,9252,5224,11280,-164,-186,121,8180,-10060,9340,-39,129,-193,-14292,4936,4148,-954,134,-116,-14484,-3328,6424,-545,201,-54,0
232.5644030570984,9296,5264,11552,-190,-163,145,8152,-10052,9348,12,141,-196,-14208,5068,4252,-980,130,-132,-14264,-3456,6564,-491,203,-94,0
232.59776711463928,9308,5328,11444,-188,-147,124,8228,-10000,9260,-16,126,-203,-14296,4940,4112,-966,153,-100,-14408,-3344,6424,-491,196,-86,0
232.63119196891782,9432,5176,11528,-171,-150,126,8152,-10000,9328,-20,153,-218,-14108,4976,4112,-945,157,-123,-14452,-3580,6172,-474,221,-86,0
232.6642050743103,9352,5256,11676,-212,-148,116,8188,-10024,9252,-18,154,-228,-14220,4780,4264,-993,136,-148,-14436,-3248,6368,-488,222,-101,0
232.70197606086725,9376,5224,11504,-169,-197,130,8108,-10088,9348,-4,162,-220,-14260,4868,3960,-979,119,-85,-14468,-3312,6572,-483,176,-84,0
232.73782205581662,9256,5220,11408,-188,-157,122,8156,-10100,9140,251,163,-199,-14304,4932,4208,-967,125,-100,-14344,-3300,6512,-507,144,-101,0
232.7726390361786,9328,5192,11308,-167,-168,118,8176,-10032,9292,-7,173,-192,-14224,4932,3928,-984,144,-146,-14488,-3476,6380,-503,192,-109,0
232.80859899520874,9344,5324,11360,-174,-167,119,8140,-10104,9468,-6,151,-201,-14180,4884,4332,-770,132,-120,-14280,-3312,6352,-497,190,-119,0
232.84404802322388,9260,5164,11488,-199,-208,149,8032,-10008,9340,-254,134,-218,-14076,4996,4080,-987,121,-124,-14392,-3364,6636,-760,208,-92,0
232.87972712516782,9288,5160,11596,-149,-191,128,8052,-9988,9268,3,104,-231,-14308,4656,4228,-994,171,-162,-14492,-3388,6500,-530,211,-83,0
232.91514706611633,9336,5144,11556,-193,-190,141,8200,-9984,9384,-5,108,-224,-14268,4948,3972,-969,182,-112,-14436,-3548,6412,-509,203,-73,0
232.95069694519043,9400,5208,11368,-156,-173,106,8436,-9992,9292,13,141,-200,-14220,4608,4068,-961,118,-118,-14444,-3460,6172,-533,233,-102,0
232.9856300354004,9388,5244,11520,-145,-185,157,8272,-10192,9640,14,117,-211,-14316,4856,4156,-1024,138,-97,-14428,-3424,6604,-520,165,-87,0
233.02167797088623,9308,5316,11536,-164,-160,117,8176,-9948,9292,-64,121,-228,-14236,4740,4036,-973,140,-140,-14420,-3296,6436,-533,137,-127,0
233.05768394470215,9560,5172,11364,-137,-149,100,8092,-10052,9136,-78,112,-201,-14132,4784,3840,-960,104,-84,-14512,-3328,6352,-492,160,-128,0
233.09321713447568,9384,5192,11292,-112,-125,98,8216,-10080,9348,-59,111,-189,-14256,4648,4308,-993,97,-79,-14496,-3264,6456,-520,142,-144,0
233.12823796272278,9720,5196,11408,-114,-62,80,8148,-9952,9112,-30,116,-191,-14220,4984,4196,-770,100,-111,-14420,-3420,6368,-492,132,-159,0
233.1641809940338,9372,5204,11412,-108,-19,96,8248,-9764,9392,-31,111,-157,-14272,5084,3900,-1007,109,-74,-14268,-3412,6380,-504,145,-109,0
233.19974493980408,9400,5336,11616,-122,-48,72,8084,-10040,9320,-57,122,-185,-14272,4764,4112,-983,124,-54,-14424,-3420,6380,-490,139,-112,0
233.23558807373047,9352,5196,11280,-86,-45,75,8216,-10044,9284,-50,124,-163,-14284,5036,3844,-1015,77,-59,-14500,-3276,6444,-543,125,-161,0
233.27119708061218,9392,5188,11452,-103,-50,69,8312,-10036,9296,-33,129,-143,-14236,4820,4032,-1015,62,-60,-14444,-3440,6588,-501,117,-152,0
233.30636096000674,9352,5236,11444,-112,-17,90,8148,-9960,9468,-31,131,-117,-14244,5020,4004,-952,63,-26,-14356,-3288,6424,-515,65,-131,0
233.3428361415863,9328,5220,11392,-74,-26,47,8196,-9992,9436,-77,158,-141,-14252,4812,4048,-999,75,-33,-14500,-3272,6500,-498,121,-151,0
233.37652897834778,9404,5256,11500,-139,-34,48,8208,-10024,9292,-51,172,-133,-14304,4856,4024,-988,63,-22,-14288,-3372,6340,-493,103,-136,0
233.40992903709412,9328,5148,11396,-91,-3,70,8056,-10044,9356,-60,151,-124,-14276,4824,4220,-997,76,-33,-14368,-3352,6396,-519,108,-151,0
233.44360113143918,9356,5288,11448,-98,-9,95,7948,-9764,8972,-55,130,-137,-14228,4864,4148,-988,83,-76,-14572,-3380,6428,-534,90,-139,0
233.47730398178103,9276,5264,11712,-110,-41,68,8176,-10140,9256,-73,125,-149,-14256,4852,3992,-977,79,-87,-14364,-3392,6572,-513,117,-134,0
233.51062512397766,9344,5296,11612,-92,-46,79,8296,-10048,9428,-54,136,-159,-14124,4884,4128,-985,39,-86,-14400,-3360,6436,-525,138,-131,0
233.5440969467163,9296,5236,11396,-107,-36,79,8216,-10020,9344,-25,94,-175,-14116,4792,4164,-1028,87,-82,-14536,-3368,6480,-549,124,-173,0
233.57795405387878,9344,5252,11540,-66,-24,73,8084,-10140,9468,-29,97,-158,-14192,4940,3996,-1006,100,-63,-14484,-3388,6468,-541,143,-112,0
233.6116099357605,9400,5252,11572,-91,-58,100,8196,-10208,9284,-26,136,-184,-13940,4908,4096,-989,82,-76,-14396,-3500,6568,-521,140,-136,0
233.6448850631714,9328,5184,11388,-100,-24,87,8228,-9980,9244,-39,140,-155,-14264,4896,4004,-981,106,-86,-14272,-3444,6496,-762,130,-127,0
233.67848491668704,9276,5240,11740,-130,-57,106,7988,-10024,9448,-57,148,-154,-14196,4888,4184,-997,84,-106,-14472,-3412,6352,-518,158,-132,0
233.7120180130005,8988,5256,11392,-116,-60,94,8092,-10084,9240,-38,97,-165,-14224,4944,4092,-1003,79,-107,-14224,-3404,6544,-258,113,-143,0
233.7457249164581,9264,5264,11452,-110,-72,75,8248,-10028,9420,-56,116,-171,-14108,4852,3928,-986,70,-83,-14380,-3368,6524,-494,154,-139,0
233.77941298484802,9232,5212,11500,-144,-66,89,8244,-10016,9232,-53,130,-175,-14164,4936,4332,-968,114,-80,-14404,-3400,6584,-482,150,-128,0
233.81303596496582,9268,5196,11448,-173,-48,103,7988,-9996,9200,-48,133,-169,-14272,4908,4108,-979,81,-62,-14444,-3568,6636,-259,130,-133,0
233.846794128418,9324,5244,11540,-159,-81,85,8216,-10000,9320,-21,127,-173,-14216,4876,3932,-770,110,-65,-14412,-3416,6284,-508,132,-97,0
233.88026309013367,9228,5204,11668,-155,-82,124,8240,-10028,9332,-8,106,-152,-14208,4968,4208,-1006,115,-110,-14244,-3448,6488,-523,177,-115,0
233.91332197189325,9252,5272,11708,-134,-70,90,8428,-10000,8964,-23,149,-196,-14212,4932,4016,-991,115,-92,-14416,-3440,6460,-498,154,-150,0
233.94707107543945,9264,5252,11344,-112,-87,117,8148,-10056,9352,-68,139,-198,-14264,4932,4040,-968,130,-90,-14376,-3080,6612,-766,137,-96,0
233.98064613342288,9288,5196,11516,-143,-64,111,8244,-10140,9460,-32,169,-170,-14288,4884,4048,-1019,85,-87,-14448,-3560,6200,-526,158,-132,0
234.01420998573303,9268,5204,11572,-193,-85,113,8392,-9840,9340,26,134,-171,-14172,4916,3868,-1004,130,-68,-14392,-3164,6144,-263,141,-115,0
234.0477409362793,9312,5288,11528,-139,-34,114,8384,-10032,9452,-50,155,-165,-14324,4908,4056,-970,90,-94,-14364,-3488,6624,-510,164,-113,0
234.0813410282135,9316,5164,11648,-166,-108,88,8284,-10112,9284,-3,169,-186,-14196,4912,4084,-987,92,-107,-14432,-3272,6576,-484,199,-119,0
234.1146490573883,9296,5172,11476,-179,-71,100,8128,-10060,9180,29,176,-182,-14280,4668,4220,-993,97,-136,-14148,-3460,6468,-479,180,-75,0
234.14816403388974,9280,5272,11584,-186,-82,109,8396,-9992,9136,18,152,-182,-14196,5052,4148,-1013,123,-90,-14452,-3456,6524,-489,190,-75,0
234.1817870140076,9372,5256,11736,-199,-110,118,8140,-10024,9380,-29,147,-206,-14344,4920,3992,-963,111,-101,-14388,-3452,6496,-494,189,-95,0
234.21530914306638,9316,5276,11704,-210,-150,92,8172,-10128,9364,-9,149,-225,-14128,4932,4144,-961,122,-89,-14404,-3444,6344,-258,218,-90,0
234.24892711639407,9236,5252,11436,-162,-164,135,8152,-10128,9288,19,175,-234,-14180,4636,3860,-988,120,-123,-14432,-3356,6504,-507,213,-84,0
234.28244709968567,9264,5220,11408,-219,-192,128,8144,-10032,9408,-14,118,-225,-14140,4680,3840,-992,168,-154,-14324,-3420,6424,-496,221,-48,0
234.31607913970947,9352,5216,11456,-161,-177,153,8252,-10056,9112,24,95,-220,-14108,4924,4092,-985,160,-181,-14468,-3524,6396,-502,200,-70,0
234.351793050766,9288,5172,11528,-174,-151,158,8244,-10036,8996,12,127,-217,-14092,4788,3960,-991,153,-183,-14392,-3396,6332,-502,197,-85,0
234.3861141204834,9328,4884,11668,-193,-174,129,8284,-10112,9352,7,126,-212,-14260,4908,3976,-1014,147,-126,-14420,-3412,6232,-510,240,-62,0
234.42238402366638,9256,5216,11460,-163,-194,149,8108,-10236,9284,29,123,-221,-14096,4624,3940,-983,133,-90,-14344,-3360,6192,-505,206,-54,0
234.45866298675534,9320,5196,11416,-191,-180,122,8160,-10020,9224,-23,146,-228,-14256,4908,4080,-968,143,-135,-14456,-3376,6392,-484,196,-70,0
234.4942710399628,9404,5260,11400,-218,-142,155,8180,-10048,9332,-23,149,-217,-14180,4924,4328,-974,143,-160,-14476,-3292,6428,-465,170,-92,0
234.53031897544864,9384,5092,11484,-199,-192,136,8240,-10156,9280,5,168,-194,-14332,5116,3996,-985,110,-97,-14436,-3468,6352,-489,201,-83,0
234.5656931400299,9316,5240,11604,-184,-182,121,8116,-10104,9144,4,160,-213,-14296,5000,4060,-1009,135,-135,-14388,-3416,6388,-264,231,-90,0
234.60130405426025,9340,5204,11404,-190,-177,119,8424,-9992,9304,3,138,-218,-14212,4916,3972,-1014,125,-144,-14384,-3076,6496,-526,199,-115,0
234.63747096061707,9432,5180,11276,-145,-182,119,8172,-9992,9332,244,120,-202,-14244,4852,4144,-985,133,-121,-14436,-3460,6480,-518,214,-77,0
234.6726269721985,9296,5152,11712,-174,-176,115,8104,-10064,9384,-4,117,-245,-14084,4844,4048,-967,153,-137,-14424,-3440,6436,-257,204,-72,0
234.70867705345154,9400,5176,11456,-139,-162,140,8328,-10012,9212,-28,111,-206,-14248,4856,4104,-979,122,-78,-14504,-3568,6428,-521,157,-89,0
234.7436139583588,9400,5196,11268,-131,-127,127,8204,-10132,9368,2,96,-196,-14156,4904,3980,-1004,116,-98,-14428,-3360,6428,-259,187,-97,0
234.7798490524292,9336,5208,11256,-149,-111,128,8236,-9932,9428,-13,112,-175,-14084,4832,4040,-1015,118,-83,-14492,-3452,6344,-511,134,-129,0
234.8151080608368,9608,5196,11768,-124,-67,94,8292,-10056,9224,-77,134,-170,-14256,4796,3972,-985,82,-57,-14512,-3332,6308,-504,156,-114,0
234.85097098350528,9368,5120,11444,-155,-46,82,8244,-10048,9300,-42,165,-178,-14232,4888,3940,-998,83,-101,-14448,-3136,6188,-496,150,-145,0
234.88590002059934,9504,5124,11288,-122,-32,74,8200,-10004,9312,-45,159,-125,-14248,4876,3884,-992,66,-72,-14472,-3324,6336,-515,82,-158,0
234.92187905311582,9376,5248,11464,-140,254,74,8280,-10144,9352,-47,152,-115,-14284,4884,4008,-1000,64,-35,-14352,-3484,6416,-509,85,-147,0
234.95796704292297,9360,5144,11736,-145,-34,97,8140,-10052,9240,-95,143,-136,-14228,4844,4204,-1003,104,-73,-14544,-3400,6408,-506,132,-145,0
234.99318504333493,9492,5240,11448,-96,-53,87,8248,-10044,9296,-85,119,-144,-14204,4892,3972,-998,76,-96,-14580,-3088,6176,-520,115,-176,0
235.02883315086368,9356,5364,11764,-120,-76,74,8108,-10208,8976,-45,131,-164,-14164,4860,3976,-1022,67,-108,-14220,-3448,6536,-520,145,-121,0
235.06242299079895,9452,5228,11432,-99,-16,117,8136,-10056,9236,-44,133,-163,-14148,4900,4000,-1002,89,-95,-14468,-3504,6620,-505,119,-151,0
235.09605097770688,9336,5192,11480,-111,-45,74,8192,-9996,9156,-44,121,-160,-14224,4900,4344,-962,88,-65,-14092,-3416,6620,-502,103,-121,0
235.1294379234314,9436,5184,11636,-109,-253,59,8444,-10036,9276,-21,127,-137,-14236,4840,3792,-983,93,-28,-14352,-3104,6144,-524,142,-153,0
235.16282796859744,9296,5160,11468,-101,-43,63,8212,-10068,9352,-24,139,-168,-14216,5100,4036,-1006,57,-102,-14496,-3532,6624,-552,149,-127,0
235.19651007652283,9240,5256,11304,-116,-22,101,8056,-9776,9304,-40,107,-168,-14256,4856,4312,-1008,109,-58,-14496,-3192,6448,-501,127,-130,0
235.2296919822693,9412,5284,11480,-85,-47,74,8168,-10016,9280,-99,137,-170,-14256,4928,4132,-985,75,-73,-14296,-3092,6340,-507,122,-136,0
235.26326799392703,9484,5208,11600,-102,-24,65,8256,-10112,9232,-14,139,-128,-14308,4988,4080,-1005,50,-48,-14408,-3424,6260,-505,95,-138,0
235.29694294929502,9324,5204,11628,-125,-54,90,8040,-10232,9336,-8,152,-169,-14236,4636,4264,-1016,111,-43,-14432,-3504,6412,-479,125,-122,0
235.33025002479556,9280,5244,11344,-98,-28,90,8260,-10060,9296,-51,116,-165,-14208,4872,4060,-1001,86,-85,-14524,-3464,6416,-521,141,-148,0
235.36402010917664,9360,5184,11672,-77,-120,62,8160,-10072,9316,-34,143,-157,-14296,4992,4092,-986,78,-116,-14456,-3340,6156,-768,156,-166,0
235.39731812477115,9384,5180,11680,-115,-78,96,8144,-10112,9028,-45,148,-151,-14188,4976,4032,-1001,109,-81,-14292,-3396,6352,-495,118,-151,0
235.43032407760617,9348,5200,11448,-93,-25,110,8256,-10016,9276,-11,106,-127,-14184,4876,3940,-984,107,-7,-14368,-3352,6416,-505,124,-135,0
235.46385097503662,9392,5248,11620,-95,-3,101,8140,-10072,8996,-48,116,-138,-14208,4844,3972,-992,98,-67,-14416,-3440,6448,-522,113,-113,0
235.49741005897522,9156,5300,11388,-105,-75,104,8128,-9980,9360,-51,120,-164,-14288,4932,4064,-996,115,-85,-14288,-3416,6468,-512,161,-133,0
235.5308439731598,9336,5264,11496,-141,-71,83,8080,-10088,9236,-49,140,-175,-14212,4972,4040,-1011,85,-108,-14420,-3420,6504,-523,137,-161,0
235.56435108184814,9220,5232,11508,-112,-70,98,8148,-10052,9252,-38,134,-201,-14136,5100,4112,-979,98,-97,-14292,-3484,6476,-496,176,-120,0
235.59776306152344,9300,5280,11484,-104,-63,90,8164,-9988,9300,-47,118,-205,-14276,5000,4060,-987,115,-53,-14088,-3336,6512,-531,160,-95,0
235.6308081150055,9304,5156,11420,-109,-74,85,8168,-10052,9308,-23,107,-177,-14256,4908,4036,-1004,92,-114,-14316,-3536,6608,-505,140,-125,0
235.6641819477081,9304,5300,11424,-134,-67,96,8192,-10124,9232,-26,115,-199,-14124,4912,4208,-988,115,-121,-14424,-3412,6572,-494,158,-130,0
235.69772601127622,9288,5224,11512,-103,-46,99,8288,-10108,9464,-34,159,-189,-14276,4908,4164,-978,89,-108,-14372,-3380,6524,-510,119,-162,0
235.73119997978208,9276,5252,11528,-124,-92,91,8148,-10020,9312,-35,181,-173,-14172,4884,4112,-972,111,-90,-14384,-3144,6380,-501,136,-107,0
235.76475501060486,9332,5280,11444,-161,-61,106,8104,-9952,9288,252,164,-162,-14164,4968,3896,-990,132,-40,-14432,-3564,6436,-503,137,-122,0
235.79814505577087,9280,5272,11476,-135,-99,110,8056,-10076,9328,-14,146,-163,-14164,4884,4068,-1004,124,-124,-14380,-3448,6488,-495,157,-104,0
235.83178305625918,9240,5212,11508,-179,-108,113,8180,-10032,9116,0,143,-185,-14280,4804,4192,-984,129,-99,-14380,-3468,6460,-485,202,-87,0
235.86816906929013,9292,5240,11596,-184,-130,116,8236,-10048,9404,-6,123,-197,-14224,4956,4124,-990,142,-141,-14364,-3484,6592,-486,225,-88,0
235.9018750190735,9280,5176,11532,-194,-170,130,8004,-10060,9232,-4,143,-216,-14240,4968,4036,-976,105,-168,-14444,-3432,6192,-763,224,-85,0
235.9351570606232,9344,5296,11524,-160,-148,112,8236,-10096,9272,-5,141,-194,-14308,4940,4268,-983,129,-137,-14108,-3364,6452,-474,178,-82,0
235.96871995925903,9320,5260,11560,-166,-133,106,8156,-9992,9460,-2,151,-195,-14228,5112,4032,-1008,114,-97,-14540,-3340,6504,-477,224,-78,0
236.00224494934082,9256,5168,11400,-174,-165,114,8232,-10152,9100,-18,143,-238,-14148,4912,4024,-979,172,-140,-14356,-3412,6480,-487,189,-104,0
236.0382559299469,9324,5172,11560,-184,-126,121,8180,-9988,9272,-25,94,-215,-14240,4956,3852,-965,190,-129,-14516,-3352,6408,-457,210,-30,0
236.07394814491275,9412,5224,11484,-200,-136,153,8232,-10008,9028,-13,140,-229,-14284,4996,3960,-987,204,-124,-14336,-3376,6512,-494,218,-57,0
236.1097309589386,9276,5192,11700,-190,-213,143,7948,-10068,8964,-2,127,-232,-14248,4896,3904,-976,149,-178,-14580,-3496,6400,-258,240,-72,0
236.14440798759463,9316,5156,11416,-165,-202,141,8148,-10100,9384,3,165,-232,-14156,4920,3788,-951,115,-171,-14272,-3248,6456,-533,230,-96,0
236.1797800064087,9344,5272,11448,-192,-221,108,7968,-9968,9460,11,148,-245,-14092,5012,4048,-1000,136,-161,-14500,-3400,6436,-493,235,-69,0
236.21477913856506,9300,5260,11560,-210,-175,124,8208,-9952,9276,-30,160,-209,-14328,4948,3980,-928,139,-128,-14408,-3400,6632,-759,182,-75,0
236.25024008750918,9428,5152,11476,-167,-197,136,8280,-10188,9224,-28,175,-178,-14256,5112,3976,-976,106,-101,-14444,-3328,6404,-502,194,-65,0
236.2857320308685,9348,5184,11520,-243,-161,129,8176,-10080,9340,47,146,-172,-14116,4892,4040,-1016,145,-140,-14368,-3396,6184,-484,180,-90,0
236.32095694541925,9336,5216,11616,-162,-148,127,8208,-9972,9332,-40,144,-216,-14304,4612,4220,-971,173,-167,-14356,-3304,6312,-484,185,-55,0
236.35617995262146,9516,5364,11324,-202,-226,117,8172,-10076,9236,-22,151,-214,-14280,4908,3948,-987,166,-105,-14424,-3260,6148,-490,9,-79,0
236.39181399345398,9436,5372,11336,-169,-202,137,8196,-10132,9264,23,135,-216,-14296,4900,4064,-1010,113,-132,-14500,-3080,6392,-478,208,-64,0
236.42754292488098,9428,5120,11424,-186,-214,123,8220,-10068,9260,8,172,-212,-14116,4876,4284,-976,81,-102,-14444,-3304,6320,-521,165,-94,0
236.46253395080566,9372,5164,11608,-154,-206,98,8164,-10076,9280,-12,123,-221,-14248,5028,3964,-966,147,-166,-14552,-3152,6176,-503,209,-59,0
236.49813604354858,9400,4868,11636,-128,-242,131,8096,-10016,9412,-38,120,-256,-14200,5068,3876,-1230,277,-130,-14448,-3320,6232,-536,250,-66,0
236.53327107429502,9384,5164,11528,-143,-266,158,8272,-10024,9408,22,92,-269,-14264,4880,3984,-996,169,-202,-14360,-3448,6352,-498,291,-93,0
236.56882214546204,9392,5180,11548,-121,-251,123,8400,-10052,9280,41,69,-239,-14176,4804,4008,-781,207,-164,-14092,-3344,6352,-544,270,-58,0
236.60422205924988,9364,5144,11344,-87,-249,161,8236,-10004,9360,-252,94,-300,-14328,4872,4052,-969,194,-210,-14376,-3296,6320,-575,325,-57,0
236.63981413841248,9404,5116,11504,-97,-292,169,7956,-10084,9372,17,62,-306,-14216,4844,3812,-1241,308,-263,-14416,-3100,6300,-554,363,-79,0
236.67936205863955,9504,5276,11552,-75,-312,177,8076,-9740,9176,54,225,-293,-14416,4748,4016,-1279,201,-228,-14540,-3108,6312,-259,317,-114,0
236.71275401115417,9664,5224,11420,-79,-2,111,8220,-9888,9316,-47,151,-313,-14184,4804,3952,-1021,178,-225,-14216,-3364,6520,-514,294,-97,0
236.74607396125793,9480,5236,11356,-118,-269,107,8288,-9928,9408,-51,104,-300,-14304,4828,4028,-1000,187,-203,-14512,-3360,6376,-502,348,-74,0
236.78020215034488,9464,5200,11352,-102,-322,117,8260,-9976,9264,6,104,-295,-14572,5088,3908,-1036,175,-243,-14568,-3280,6248,-258,335,-60,0
236.81373810768127,9468,5120,11368,-84,-284,129,8680,-10196,9400,-147,76,-266,-14232,4924,4092,-1016,187,-200,-14444,-3356,6140,-768,269,-61,0
236.84740900993347,9548,5204,11476,-83,-290,127,8368,-9768,9028,-25,87,-301,-14124,4804,3964,-1122,228,-228,-14400,-3088,6296,-513,273,-72,0
236.88093614578247,9584,5128,11496,-135,-247,121,8464,-9988,9352,-1,138,-283,-14116,4740,4028,-1149,304,-238,-14384,-3276,6188,-765,347,2,0
236.91428208351135,9448,5204,11460,-112,-305,182,8224,-9772,9404,-16,253,-315,-14392,4824,3984,-973,287,-201,-14520,-3276,6244,-554,351,254,0
236.94799900054932,9684,5172,11380,-99,-334,157,8388,-9752,9336,-80,-23,-262,-14428,4756,4132,-1032,177,-225,-14608,-3312,6240,-544,334,-106,0
236.981595993042,9672,5232,11480,-148,-290,112,8404,-9924,9388,35,58,-285,-14336,4748,4040,-1278,215,-206,-14568,-3584,6184,-530,294,-43,0
237.01506304740906,9612,5212,11364,-106,-302,140,8184,-10016,9308,-254,35,-227,-14588,5108,4060,-1048,196,-207,-14804,-3124,6064,-577,298,-57,0
237.048574924469,9692,5160,11304,-102,-293,184,8424,-10180,9456,72,-6,-212,-14336,4844,3740,-1100,318,-170,-14576,-3148,6380,-629,297,-30,0
237.0819480419159,9640,5168,11264,-67,-194,224,8344,-9932,9120,93,-69,-178,-14572,4804,3912,-1083,292,-140,-14400,-3400,6260,-530,172,-67,0
237.11561512947083,9524,5076,11252,-64,-155,166,8260,-10096,9180,67,26,-197,-14416,4792,3960,-1038,205,-105,-14644,-3312,6336,-636,175,-133,0
237.14882493019104,9676,4868,11396,6,-165,147,8348,-10044,9328,74,127,-158,-14360,4712,3884,-1148,134,-180,-14540,-3224,6176,-673,238,-107,0
237.18224000930786,9672,5276,11488,-8,-226,168,8292,-10236,9328,69,40,-181,-14468,4872,3660,-1150,223,-164,-14596,-3280,6296,-752,199,-89,0
237.21567296981812,9576,5084,11496,36,-210,246,8412,-9784,9208,120,-71,-144,-14280,4836,3812,-1165,250,-178,-14424,-3180,6296,-783,226,-94,0
237.2492470741272,9512,5028,11236,80,-503,258,8408,-9992,9088,215,-75,-146,-14312,4808,3780,-1176,291,-228,-14664,-3224,6244,-779,220,-120,0
237.28257012367249,9780,5112,11388,134,-271,261,8372,-9896,9280,213,-235,-178,-14528,4464,3932,-1301,153,-210,-14576,-3272,5996,-780,295,-144,0
237.31618404388428,9760,5236,11172,3,-329,300,8628,-9772,9632,110,-134,-103,-14576,4760,3820,-1290,178,-173,-14472,-3376,6376,-806,200,-98,0
237.34998512268066,9484,5372,11252,2,-291,274,8352,-9684,9464,169,41,-166,-14228,4540,4084,-1203,103,-159,-14580,-3696,5976,-715,176,-101,0
237.38355803489688,9628,5368,11188,-89,-214,236,8464,-9712,9368,125,33,-126,-14292,4416,4004,-1183,156,-217,-14396,-3444,6068,-633,137,-135,0
237.41701197624207,9976,5276,11460,-103,-252,152,8532,-9660,9364,115,29,-188,-14592,4132,4308,-1130,69,-175,-14492,-3612,5988,-583,165,-212,0
237.45056200027466,9680,5352,11256,-108,-195,22,8636,-9492,9216,73,191,-223,-14144,4432,3980,-1029,-9,-81,-14448,-3500,6060,-534,74,-276,0
237.48397707939148,9548,5192,11188,-50,-21,-28,8380,-9580,9224,15,201,-181,-14280,4488,3904,-1006,-255,-30,-14500,-3460,6044,-550,84,-262,0
237.5173959732056,9816,5268,11240,-51,110,-83,8668,-9620,9340,7,226,-131,-14296,4428,3764,-929,-26,-246,-14436,-3416,6212,-479,248,-313,0
237.55106902122498,9792,5264,11244,-76,203,-82,8460,-9716,9172,-59,286,-121,-14576,4860,3736,-917,52,36,-14460,-3076,6180,-455,20,-11,0
237.58474707603455,9684,5260,11012,-103,213,-9,8372,-9820,9308,-40,176,-112,-14400,4796,3852,-977,41,6,-14444,-3096,6248,-479,93,-177,0
237.61826515197754,9608,5152,11424,-111,118,48,8324,-9928,9312,-10,143,-97,-14456,4816,3812,-997,31,-42,-14532,-3448,6368,-491,109,-193,0
237.65155696868894,9728,5264,11320,-46,168,25,8472,-9840,9252,-24,226,-49,-14468,4732,3952,-1064,-14,20,-14816,-3172,6632,-554,-44,-251,0
237.68488311767578,9712,5292,11424,-19,184,17,8344,-10216,9380,-83,282,-9,-14360,4764,3784,-979,-101,76,-14424,-3372,6308,-586,-51,-312,0
237.7219250202179,9572,5128,11364,23,244,-30,8300,-10180,9336,-14,444,54,-14320,4948,3980,-1073,-212,46,-14476,-3388,6312,-629,-77,-390,0
237.75803899765015,9644,5176,11316,106,340,-16,8448,-9980,9200,58,434,157,-14536,4812,3928,-1114,-308,128,-14648,-3436,6520,-701,-267,-492,0
237.7931909561157,9556,5192,11416,111,508,-97,8368,-9836,9384,47,612,211,-14280,4636,4048,-1047,-428,251,-14448,-3612,6256,-647,-384,-528,0
237.8288929462433,9388,5440,11376,70,503,-161,8212,-9968,9424,15,564,179,-14216,4680,4180,-972,-397,109,-14268,-3624,6288,-624,-170,-765,0
237.8638620376587,9340,5376,11408,84,356,-185,8144,-9824,9408,-10,287,40,-14284,4408,4148,-978,-362,-243,-14176,-3340,6324,-592,3,-487,0
237.8994140625,9232,5416,11400,28,130,-188,8300,-9900,9380,13,646,-147,-14196,4632,4144,-896,-263,-194,-14332,-3528,6200,-550,145,-448,0
237.93479108810422,9428,5396,11188,70,60,-196,8388,-9856,9560,-67,668,-140,-14144,4752,4260,-996,-262,-220,-14336,-3620,6144,-604,221,-435,0
237.9706449508667,9636,5440,11084,38,2,-138,8136,-9848,9444,99,561,-138,-14336,4668,4112,-1229,-175,-170,-14468,-3660,6264,-596,100,-476,0
238.00558710098267,9576,5612,11172,73,146,-216,7948,-9888,9720,199,274,-191,-14304,4560,4220,-1062,-209,-140,-14396,-3660,6164,-532,54,-499,0
238.04128813743594,9464,5564,11384,83,122,-291,8080,-9784,9476,109,479,-184,-14248,4528,4256,-1195,-214,-133,-14288,-3748,5964,-457,104,-766,0
238.07617211341858,9308,5752,11480,23,135,-300,8088,-9768,9480,145,620,-19,-14228,4748,4288,-1191,-355,253,-14352,-3544,6420,-589,-13,-488,0
238.11194610595703,9300,5544,11260,37,219,-258,8032,-9960,9640,21,628,134,-14372,5000,4148,-1279,-392,70,-14420,-3740,6636,-667,-173,-576,0
238.1476509571076,9352,5520,11720,169,358,-287,7944,-10028,9916,232,611,215,-14384,5000,4416,-1161,-435,42,-14504,-3604,6616,-701,-225,-643,0
238.18288612365723,9216,5568,11768,278,316,-281,7760,-10192,9596,227,755,205,-14004,4948,4384,-1372,-313,5,-14228,-3676,6616,-707,-133,-535,0
238.21859908103943,9092,5476,11428,275,185,-177,7748,-10104,9428,152,419,-40,-13912,4756,4320,-1177,-188,-164,-14132,-3716,6488,-661,53,-437,0
238.2537450790405,9084,5632,11496,270,48,-83,7800,-10004,9268,187,313,-132,-14136,4792,4360,-1148,-116,-500,-14176,-3776,6236,-725,208,-440,0
238.28892612457278,9064,5400,11644,311,-81,-85,7908,-10080,9576,392,294,-240,-14124,4788,4272,-1239,-154,-432,-14148,-3604,6492,-818,292,-582,0
238.32458901405334,9092,5720,11308,404,-87,-201,7840,-9856,9636,498,432,-324,-14236,4604,4656,-1337,-321,-471,-14224,-3860,6364,-840,326,-737,0
238.36101698875427,9168,6076,11424,419,-66,-348,8004,-9688,9692,489,579,-271,-14276,4412,4632,-1201,-477,-546,-14188,-4324,6304,-718,376,-764,0
238.39431500434878,9196,5904,11372,447,-26,-400,7776,-9612,9808,453,682,-306,-14236,4580,4456,-1185,-515,-272,-14340,-4092,6172,-516,317,-806,0
238.4278450012207,9268,5980,11344,426,58,-409,7848,-9576,9504,457,721,-189,-14256,4432,4736,-1189,-485,-359,-14160,-4156,6260,-698,150,-793,0
238.461501121521,9068,6064,11232,357,118,-383,7628,-9640,9740,391,728,-115,-13992,4468,4792,-1254,-490,-283,-14160,-3916,6264,-737,141,-719,0
238.49484014511108,8976,6028,11288,345,121,-312,7472,-9692,9844,381,611,-48,-14044,4832,5100,-1029,-476,-507,-14252,-4180,6172,-727,25,-652,0
238.52814602851868,9188,6036,11368,317,181,-245,7596,-9624,10004,341,549,4,-13968,4360,4640,-1264,-397,-206,-14312,-4204,6172,-694,255,-614,0
238.56177592277527,8944,6384,11372,264,219,-217,7528,-9620,9880,319,563,21,-13852,4520,4764,-1213,-342,-171,-14112,-4120,6476,-751,-52,-667,0
238.5954411029816,8820,6200,11412,298,217,-162,7624,-9716,9872,256,575,35,-14036,4508,4960,-1173,-434,-182,-14080,-4340,6372,-833,-41,-685,0
238.6290340423584,8756,6216,11296,307,159,-190,7568,-9612,9732,275,806,-54,-14072,4500,4944,-1117,-483,-201,-14300,-4444,6256,-877,70,-736,0
238.66263794898987,8804,6096,11280,306,154,-191,7620,-9644,9944,336,667,25,-13972,4364,4740,-1264,-487,-222,-14140,-4432,6304,-931,111,-742,0
238.69620513916016,8928,6160,11348,317,126,-256,7652,-9636,9976,357,499,-18,-14100,4316,5080,-1329,-462,-296,-14228,-4536,6380,-909,169,-796,0
238.72973704338074,8976,6296,11352,339,99,-286,7760,-9664,9772,402,506,-86,-14116,4252,5112,-1366,-509,-377,-14132,-4412,6248,-858,208,-817,0
238.7632920742035,8868,6220,11248,400,26,-338,7620,-9628,10092,473,575,-183,-13944,4320,4800,-1344,-499,-458,-14004,-4568,6296,-828,296,-797,0
238.79689598083493,8892,6228,11064,446,-37,-360,7452,-9592,10104,263,470,-211,-14008,4412,5056,-1505,-463,-459,-14236,-4680,6348,-866,821,-777,0
238.8304481506348,9116,6452,11140,465,82,-336,7580,-9512,10196,573,364,-109,-14368,4524,5288,-1316,-497,-432,-14228,-4628,6360,-797,226,-764,0
238.86405301094055,8968,6652,11268,261,86,-355,7924,-9920,9760,588,489,-112,-13980,4112,5276,-1324,-589,-391,-14112,-4804,6192,-802,193,-844,0
238.8973789215088,8832,6420,11320,525,84,-436,7508,-9332,10140,504,645,-64,-13836,4132,5220,-1329,-653,-374,-13992,-4764,6248,-818,172,-932,0
238.9309630393982,8712,6504,11172,575,88,-426,7296,-9356,10204,760,718,-63,-13772,4064,5216,-1482,-665,-379,-13948,-4652,6292,-880,140,-923,0
238.96437597274783,8616,6540,11016,537,139,-403,7048,-9404,10408,721,730,60,-13720,4196,5452,-1465,-716,-364,-13956,-4928,6424,-877,123,-864,0
238.99763894081119,8600,6764,11396,474,250,-322,7276,-9384,10296,546,695,78,-13620,4172,5380,-1367,-709,-304,-14044,-5064,6320,-887,116,-809,0
239.03117513656613,8640,6800,11452,501,235,-310,7356,-9292,10312,301,575,71,-13896,4312,5536,-1411,-621,-246,-14112,-5148,6404,-843,15,-776,0
239.06473398208618,8592,6860,11132,406,260,-301,7312,-9212,10544,360,596,20,-13652,4088,5496,-1307,-598,-490,-13944,-5044,6168,-775,24,-755,0
239.09848809242249,8656,6756,11056,442,197,-284,7096,-9352,10436,392,663,-30,-13720,4032,5616,-1330,-535,-209,-13916,-5128,6284,-802,65,-690,0
239.13203406333923,8416,6708,11152,425,138,-200,7352,-9368,10284,420,497,30,-13660,4216,5400,-1444,-444,-293,-13800,-5148,6340,-829,45,-624,0
239.16552710533142,8356,6936,11444,403,159,-155,6964,-9360,10576,423,468,64,-13796,3852,5420,-1343,-406,-316,-13584,-5124,6336,-821,122,-590,0
239.19920802116394,8572,6888,11212,397,119,-193,7176,-9052,10824,393,288,38,-13764,4000,5924,-1297,-496,-290,-14068,-5300,6296,-785,137,-708,0
239.23267912864688,8600,7044,10912,353,168,-235,7024,-9224,10676,400,536,-58,-13644,3916,5892,-1309,-268,-225,-13892,-5268,6340,-778,38,-723,0
239.26622104644775,8500,6920,10964,381,240,-230,6672,-9260,10256,465,739,213,-13864,3668,5988,-1453,-503,-142,-14004,-5612,6100,-903,37,-714,0
239.30004811286926,8528,7056,10960,442,257,-209,6852,-8972,10964,350,354,53,-13588,3580,5752,-1489,-636,-160,-13908,-5536,6308,-793,-115,-767,0
239.3336479663849,8388,7144,11188,409,365,-245,7040,-9296,10584,445,802,132,-13732,4044,5916,-1491,-692,-178,-13728,-5436,6208,-971,180,-813,0
239.3672449588776,8300,7320,11320,454,380,-270,7172,-9184,10632,556,704,93,-13812,3952,6080,-1481,-771,-205,-13940,-5284,6240,-941,-76,-919,0
239.40389394760132,8432,7076,11104,502,391,-296,6800,-9260,10708,679,784,212,-13780,3980,6048,-1295,-747,-120,-13800,-5408,6520,-964,-105,-845,0
239.43950510025022,8180,7180,11140,577,425,-248,6480,-9104,10652,649,873,157,-13524,4064,6036,-1496,-634,-146,-13636,-5380,6320,-949,-98,-837,0
239.47510695457458,7944,7292,11132,503,354,-213,6608,-9064,10712,585,636,158,-13368,3728,6260,-1407,-575,-248,-13436,-5740,6220,-956,25,-793,0
239.51035499572754,8076,7224,10908,452,234,-185,6576,-8904,10676,625,613,159,-13128,3636,6232,-1412,-482,-137,-13428,-5712,6436,-895,0,-660,0
239.54550194740295,7892,7504,11260,280,197,-59,6360,-8736,10940,493,435,90,-12848,3604,6280,-1412,-272,-205,-13284,-5944,6220,-801,109,-428,0
239.58083510398862,7728,7200,10752,168,52,111,6532,-8908,10824,285,193,-88,-13284,3744,6356,-1527,-65,-196,-13544,-5972,6332,-790,241,-252,0
239.61624908447266,8072,7568,11004,45,-86,243,6468,-8844,10976,243,177,-115,-13168,3612,6224,-1152,129,-180,-13492,-5716,6320,-775,272,-93,0
239.65223503112796,7948,7488,10928,-160,-150,410,6508,-8740,10656,261,240,-255,-13060,3692,6296,-1069,320,-127,-13504,-5744,6144,-723,366,117,0
239.68750715255737,7716,7612,11068,-281,-4,587,6584,-8752,10696,77,-184,-162,-13112,3728,6152,-1086,545,-72,-13456,-5784,6192,-713,445,283,0
239.7234389781952,8164,7488,10904,-415,-253,743,6616,-8940,10772,7,-278,-122,-13436,3804,6340,-1010,695,-22,-13584,-5792,6252,-598,433,411,0
239.7591519355774,8244,7376,11124,-627,-181,826,6624,-8864,10980,-17,-297,-119,-13372,3624,6144,-1089,873,83,-13740,-5864,6192,-495,324,546,0
239.79468202590942,8264,7588,11140,-690,-162,817,6756,-8928,10980,-171,-710,-168,-13824,3444,6368,-1006,911,138,-13996,-6016,6168,-384,194,501,0
239.83057713508606,8160,7420,10916,-884,-190,697,7032,-8980,11096,-6,-317,-124,-13940,3608,6352,-738,643,164,-14056,-6108,6088,-376,124,359,0
239.86612010002133,8192,7620,11068,-700,-184,534,7088,-8928,10944,-339,-220,-142,-13752,3572,6368,-659,763,157,-13716,-5624,5852,-321,152,297,0
239.90225696563718,8292,7300,10944,-674,-205,450,6860,-8776,10908,-404,-135,-184,-13508,3472,5908,-642,494,168,-13740,-5724,5952,-121,201,453,0
239.93753004074094,8012,7280,11228,-729,-223,460,6744,-8708,10796,-493,-219,-208,-13448,3636,5956,-677,613,180,-13752,-5740,6040,-43,192,540,0
239.97341799736023,8312,7196,11028,-519,-115,454,6796,-8896,10756,-668,-9,-182,-13680,3808,6044,-611,685,334,-13868,-5388,6152,23,62,601,0
240.0091910362244,8352,7132,11072,-883,-57,503,6764,-9108,10884,-671,-323,-73,-14080,4048,6048,-627,670,313,-14020,-5576,6400,-26,-5,548,0
240.04563307762146,8680,7160,11488,-795,31,486,7040,-9560,10516,-566,-193,-63,-13996,4180,6044,-690,625,272,-14180,-5268,6360,-244,41,403,0
240.07916307449344,8548,6776,11344,-523,-47,458,7112,-9372,10564,-531,-240,-126,-13732,3984,5524,-620,591,170,-13756,-5160,6160,-278,136,351,0
240.11274194717407,8392,6740,10824,-411,-162,406,6936,-9052,10328,-561,-106,-321,-13340,3720,5372,-605,670,92,-13476,-5328,6092,-66,250,435,0
240.14621591567996,7960,6768,10776,-536,-3,314,6792,-8972,10532,-617,-312,-416,-13360,4052,5972,-743,610,139,-13812,-5324,6300,27,213,377,0
240.18000793457034,8352,6724,11280,-634,-71,153,7016,-9280,10688,-435,-51,-310,-14096,4156,5964,-820,300,162,-14180,-5384,6732,-73,33,149,0
240.21337914466858,8436,6780,11964,-462,-68,-4,7344,-9676,11056,-355,165,-509,-14280,4312,5896,-594,210,77,-14188,-5100,6420,-223,24,-2,0
240.24712800979614,8652,6676,11644,-398,-73,-19,7048,-9740,10648,-367,146,-313,-13840,4268,5632,-650,149,15,-14032,-4888,6232,-300,258,32,0
240.28044605255127,8504,6548,11284,-346,-259,103,7116,-9384,10356,-314,81,-347,-13792,4244,5448,-784,216,-55,-13948,-4960,6272,-302,316,93,0
240.31394195556638,8676,6604,11100,-256,-311,195,6692,-9344,10316,-244,-151,-373,-13384,4224,5492,-884,390,-79,-13916,-5100,6380,-273,225,153,0
240.34761905670166,8192,6740,11184,-268,-218,211,7160,-9280,10620,-211,-156,-315,-13784,4264,5388,-805,352,-4,-13968,-5116,6392,-281,122,102,0
240.381098985672,8564,6576,11340,-315,-98,135,7356,-9340,10448,-507,61,-205,-13928,4128,5892,-774,96,54,-13944,-5148,6352,-361,29,-34,0
240.41420102119446,8388,6660,11372,-362,-48,74,7056,-9476,10444,-245,506,-133,-13764,4288,5628,-802,12,37,-13932,-5160,6404,-366,33,-35,0
240.44791007041925,8352,6872,11372,-367,-52,81,6920,-9372,10492,-199,206,-207,-13692,4168,5716,-793,68,5,-13792,-5328,6408,-314,111,251,0
240.4815080165863,8236,6740,11356,-366,-164,53,7048,-9280,10500,-506,93,-335,-13724,4156,5836,-833,230,-106,-13908,-5180,6300,-290,281,45,0
240.51509594917297,8664,6720,11284,-296,-302,89,7108,-9432,10464,-299,48,-396,-13612,4136,5776,-813,229,-155,-13860,-5164,6284,-342,337,81,0
240.54851293563843,8412,6848,11404,-239,-377,123,7100,-9280,10556,-218,240,-402,-13704,4156,5504,-837,269,-175,-13912,-4980,6204,-335,304,87,0
240.5821030139923,8480,6764,11092,-264,-355,127,7144,-9344,10384,-233,-54,-380,-13724,4304,5644,-771,290,-171,-13956,-4972,6384,-320,243,106,0
240.61563801765442,8436,6596,11400,-257,-315,154,7204,-9400,10580,-236,-42,-394,-13880,4296,5476,-864,302,-190,-14052,-5124,6248,-358,281,69,0
240.64891505241394,8576,6656,11388,-244,-248,138,7336,-9484,10360,-158,-20,-334,-13940,4268,5784,-804,241,-100,-14084,-4968,6396,-377,218,47,0
240.6824469566345,8512,6596,11312,-208,-161,151,7296,-9716,10444,-108,65,-262,-13856,4236,5500,-916,182,-113,-14080,-4904,6360,-405,178,1,0
240.71615314483643,8724,6564,11288,-182,-142,140,7304,-9684,10584,-58,52,-220,-14056,4280,5732,-943,164,-81,-14136,-4672,6248,-454,144,-83,0
240.74997305870053,8664,6560,11360,-117,-93,105,7196,-9648,10296,-70,116,-175,-13896,4284,5504,-950,58,-32,-14024,-5020,6376,-763,97,-162,0
240.78378105163574,8540,6592,11356,-90,-43,58,7336,-9280,10464,-37,171,-160,-13856,4288,5760,-967,2,-75,-14008,-5040,6440,-493,102,-168,0
240.81739711761477,8196,6568,11408,-115,-48,42,7096,-9472,10328,-34,187,-117,-13860,4300,5764,-964,-22,-51,-14076,-5048,6644,-505,64,-216,0
240.85049295425415,8564,6472,11304,-124,7,39,7136,-9488,10332,-72,2,-93,-13720,4200,5608,-966,-22,-34,-13900,-5076,6388,-516,16,-205,0
240.8885419368744,8676,6424,11488,-190,243,51,7012,-9520,10440,-59,140,-139,-13656,4144,5684,-781,72,-10,-13912,-5020,6312,-472,88,-110,0
240.92265009880066,8228,6440,11052,-207,-82,98,6988,-9360,10328,-29,50,-176,-13784,3848,5548,-999,123,-30,-13964,-4988,6268,-489,182,-107,0
240.9564380645752,8520,6660,11356,-212,-180,140,7364,-9464,10364,-39,117,-219,-13684,4232,5420,-1042,175,-130,-13700,-4932,6288,-535,249,14,0
240.98999214172363,8288,6428,11272,-197,-295,262,7144,-9404,10448,255,-133,-281,-13796,4096,5504,-898,271,-496,-14056,-4632,6628,-476,312,113,0
241.02369213104248,8512,6612,11412,-161,-324,281,7072,-9508,10348,-5,-117,-292,-14048,4196,5752,-1064,327,-240,-14096,-4960,6428,-478,314,99,0
241.05685305595398,8540,6880,11616,-204,-279,510,7296,-9472,10444,-250,32,-237,-13700,4256,5856,-1070,270,-182,-14028,-5032,6336,-263,253,34,0
241.09429001808167,8588,6580,11412,-199,-283,185,7188,-9380,10360,30,54,-197,-13812,4156,5512,-1103,178,-124,-14076,-4908,6412,-539,212,-16,0
241.13008093833923,8504,6568,11292,-216,-230,198,7296,-9508,10404,41,29,-158,-13880,3884,5768,-1141,124,-134,-13852,-5288,6280,-494,191,-34,0
241.1651840209961,8612,6620,11356,-225,-183,185,7272,-9404,10496,47,118,-137,-13576,4060,5612,-1073,96,-109,-13928,-4996,6416,-492,152,-66,0
241.20070695877078,8508,6640,11360,-221,-193,127,7108,-9380,10392,19,130,-187,-13700,4124,5416,-1016,150,-156,-13996,-4928,6352,-760,199,-52,0
241.23566794395447,8604,6576,11360,-233,-223,161,7144,-9408,10312,-1,51,-230,-13776,4140,5604,-1059,192,-106,-14068,-4828,6308,-261,220,-1,0
241.27135396003723,8524,6604,11264,-183,-235,204,7420,-9404,10372,27,11,-180,-13744,4156,5232,-1060,206,-97,-14032,-4860,6340,-500,161,-23,0
241.3073780536652,8508,6432,11456,-167,-202,211,7292,-9412,10140,10,30,-167,-14080,4268,5468,-1055,226,-104,-13996,-4888,6296,-546,120,15,0
241.3421969413757,8616,6528,11328,-187,-180,220,7252,-9332,10460,-19,252,-137,-13916,4236,5428,-1077,201,-80,-13992,-4928,6184,-524,124,-47,0
241.3773939609528,8680,6588,11324,-179,-179,190,7612,-9420,10364,21,103,-189,-14012,4100,5348,-1083,154,-139,-14080,-4784,6280,-537,210,-56,0
241.41258311271667,8660,6504,11260,-167,-206,167,7284,-9320,10336,31,91,-181,-13808,4204,5416,-1065,135,-97,-14316,-4672,6212,-584,214,-56,0
241.44766712188718,8688,6592,11252,-147,-163,145,7276,-9408,10296,8,124,-144,-13608,4140,5496,-1050,97,-84,-13980,-4984,6640,-533,138,-82,0
241.48318696022034,8564,6524,11052,-189,-125,137,7248,-9456,10240,62,126,-149,-13868,4092,5456,-1035,85,-104,-13992,-5008,5972,-526,176,-128,0
241.5187201499939,8672,6544,11344,-156,-89,101,7308,-9248,10384,-28,126,-186,-13576,4344,5572,-953,69,-108,-14064,-4920,6212,-520,181,-117,0
241.55393815040588,8688,6564,11112,-135,-81,83,7420,-9312,10280,-41,117,-187,-13820,4088,5248,-921,68,-119,-14024,-4808,6208,-506,148,-129,0
241.58983206748962,8660,6620,11012,-141,-96,79,7232,-9240,10260,-77,158,-197,-13812,4284,5732,-1050,91,-105,-13964,-4912,6248,-460,145,-135,0
241.62494802474976,8488,6544,11116,-137,-57,74,7108,-9264,10356,-40,127,-165,-13792,4088,5456,-990,47,-85,-14012,-4808,6256,-459,131,-109,0
241.66039109230042,8688,6468,11348,-101,-11,80,7296,-9408,10292,-36,144,-144,-13876,4236,5564,-950,43,-104,-14028,-4796,6300,-511,118,-142,0
241.69565892219543,8484,6508,11416,-97,250,103,7204,-9384,10376,-42,135,-133,-13696,4168,5496,-1071,103,-81,-13688,-4940,6560,-528,142,-118,0
241.73208904266357,8584,6556,11304,-104,-27,115,7140,-9400,10296,-64,127,-140,-14004,4100,5236,-1036,134,-80,-13964,-4956,6184,-524,112,-98,0
241.76570796966556,8864,6480,11332,-73,-11,126,7200,-9404,10300,-90,122,-121,-13856,3968,5524,-774,107,-26,-13984,-4880,6396,-541,75,-128,0
241.79938197135925,8632,6492,11240,-107,-36,106,7324,-9532,10276,-15,143,-112,-13832,4120,5668,-1012,43,-70,-13992,-5012,6396,-257,98,-98,0
241.83274412155154,8216,6484,11516,-93,-33,126,7284,-9408,10476,-48,121,-122,-14040,3944,5532,-955,77,-66,-13944,-5056,6336,-498,109,-113,0
241.8661060333252,8572,6552,11444,-108,-51,77,7296,-9724,10344,-106,199,-137,-13704,4204,5376,-966,79,-54,-14000,-4900,6384,-495,155,-141,0
241.9000539779663,8524,6616,11356,-159,-47,29,7228,-9344,10404,-89,152,-225,-13844,4332,5536,-916,68,-71,-13988,-4896,6276,-414,153,-157,0
241.93350410461426,8608,6564,11384,-166,-49,28,7340,-9356,10340,-63,187,-213,-13820,4112,5476,-920,38,-85,-14012,-4944,6308,-456,151,-163,0
241.9671559333801,8540,6584,11196,-135,-65,23,7200,-9448,10408,-68,151,-196,-13772,4112,5512,-962,18,-99,-13976,-4948,6400,-482,120,-169,0
242.00064706802368,8720,6592,11368,-165,-67,31,7164,-9416,10324,-74,172,-176,-13768,4136,5588,-802,-34,-105,-13932,-4912,6256,-460,106,-157,0
242.03392601013184,8588,6548,11480,-150,-53,56,7408,-9356,10328,-59,169,-176,-13720,4012,5496,-950,90,-54,-14072,-4792,6396,-495,101,-144,0
242.06749200820923,8600,6480,11420,-116,-32,86,7268,-9368,10284,-13,148,-172,-13748,4124,5472,-1036,92,-54,-14036,-5028,6284,-512,139,-152,0
242.10077214241028,8552,6460,11396,-131,-23,122,7080,-9524,10100,-35,102,-135,-13768,4272,5608,-1040,116,-67,-14028,-4888,6428,-533,135,-110,0
242.1340789794922,8584,6524,11332,-109,-95,137,7256,-9552,10224,-30,114,-154,-13848,4272,5576,-1005,77,-80,-14148,-5096,6608,-531,95,-96,0
242.16763305664062,8576,6504,11408,-102,-47,147,7216,-9448,10424,-33,90,-150,-13660,4176,5700,-992,75,-63,-14020,-4960,6260,-537,115,-124,0
242.20109510421756,8556,6596,11296,-109,-70,128,7388,-9512,10424,-48,76,-138,-13824,4176,5648,-1041,120,-48,-13896,-5000,6404,-549,163,-100,0
242.2344241142273,8512,6600,11184,-128,-69,128,7132,-9340,10412,-17,46,-178,-13808,4188,5592,-996,142,-71,-13984,-4880,6628,-540,174,-93,0
242.268168926239,8560,6524,11204,-124,-102,118,7260,-9436,10400,-72,143,-181,-13600,4024,5564,-967,82,-52,-14024,-4992,6276,-486,159,-90,0
242.30171704292297,8560,6620,11268,-140,-104,96,7336,-9232,10304,-62,127,-228,-13904,4144,5512,-982,103,-135,-13976,-4896,6312,-485,160,-136,0
242.334862947464,8528,6480,11040,-127,-102,92,7388,-9404,10488,-62,112,-205,-13788,4116,5580,-978,85,-145,-13868,-5096,6268,-493,133,-128,0
242.36841893196106,8588,6480,11328,-142,-71,91,7104,-9380,10280,-29,255,-509,-13764,4208,5516,-1082,120,-101,-13936,-5028,6308,-467,155,-106,0
242.401871919632,8540,6536,11428,-159,-110,90,7324,-9444,10392,-62,131,-196,-13812,4152,5612,-941,99,-105,-14008,-4956,6392,-460,170,-90,0
242.43542504310608,8512,6572,11388,-174,-134,97,7220,-9548,10272,-106,117,-234,-13724,4184,5612,-924,147,-131,-14000,-4972,6320,-463,159,-97,0
242.46883392333982,8608,6528,11160,-159,-180,107,7248,-9388,10376,-97,135,-203,-13600,4204,5516,-933,78,-139,-14184,-4908,6396,-488,185,-113,0
242.50224494934082,8488,6520,11228,-199,-124,84,7156,-9460,10384,252,160,-210,-13796,4252,5612,-944,68,-122,-13908,-4916,6184,-474,177,-109,0
242.5355670452118,8632,6628,11268,-133,-88,90,7180,-9428,10296,-44,148,-194,-13892,4152,5608,-993,89,-60,-14072,-4972,6364,-467,117,-132,0
242.56904292106628,8592,6616,11292,-192,-103,86,7208,-9396,10316,-63,110,-192,-13860,4284,5588,-967,117,-69,-14024,-4920,6476,-490,160,-107,0
242.60259413719174,8656,6544,11288,-183,-48,73,7224,-9472,10028,-84,156,-178,-13792,4296,5472,-972,81,-63,-14052,-4812,6300,-489,175,-143,0
242.63596200942996,8652,6464,11300,-151,-67,96,7192,-9236,10212,-55,152,-158,-13820,4276,5560,-990,71,-57,-14044,-4848,6376,-491,140,-91,0
242.6697120666504,8580,6468,11328,-130,-56,119,7212,-9492,10396,-27,140,-156,-13772,4316,5588,-995,126,-100,-14064,-4904,6644,-503,106,-109,0
242.70325899124146,8624,6580,11344,-194,-107,81,7176,-9428,10176,-57,153,-185,-13812,4224,5512,-1011,124,-75,-14072,-4912,6376,-497,188,-69,0
242.73640513420102,8544,6540,11432,-138,-69,147,7264,-9488,10144,-248,123,-180,-13748,4084,5508,-1274,134,-111,-13980,-4844,6588,-531,214,-87,0
242.77367806434634,8568,6548,11384,-169,-136,129,7148,-9436,10236,-254,125,-200,-13756,4188,5424,-1019,147,-87,-14036,-4876,6320,-526,236,-111,0
242.809319972992,8512,6832,11388,-127,-194,143,7088,-9580,10336,-20,126,-237,-13820,4068,5416,-995,138,-133,-13996,-4956,6620,-502,238,-81,0
242.8442931175232,8608,6524,11372,-173,-209,136,7156,-9416,10660,255,100,-235,-13756,4160,5520,-992,148,-147,-14008,-5004,6312,-501,194,-95,0
242.87945294380188,8532,6508,11256,-163,-152,101,7220,-9348,10328,254,146,-217,-13744,4140,5612,-986,136,-135,-13852,-4856,6384,-511,219,-128,0
242.91511392593384,8560,6652,11296,-176,-150,132,7232,-9332,10312,17,157,-227,-13820,4060,5680,-1007,118,-160,-14004,-4952,6308,-480,215,-93,0
242.95138812065127,8564,6400,11300,-195,-190,110,7168,-9368,10280,5,125,-212,-13848,3864,5668,-965,132,-136,-14092,-4672,6408,-511,180,-103,0
242.98755812644958,8600,6524,11396,-168,-170,124,7320,-9392,10408,-3,202,-478,-13824,4256,5472,-992,121,-142,-13992,-4860,6640,-495,193,-109,0
243.02243614196777,8648,6568,11260,-199,-174,120,7248,-9372,10444,-229,125,-242,-13748,4108,5516,-1013,141,-106,-14084,-4776,6256,-504,212,-58,0
243.05869603157043,8696,6504,11496,-159,-187,125,7244,-9316,10392,-3,99,-217,-13784,4052,5504,-1016,172,-110,-14012,-5120,6244,-517,219,-85,0
243.0941550731659,8632,6508,11260,-159,-189,147,7320,-9448,10256,35,89,-202,-13772,4136,5268,-1028,165,-168,-14036,-4884,6232,-543,212,-56,0
243.12957406044006,8736,6564,11396,-157,-179,165,7280,-9464,10412,22,94,-197,-13640,4188,5404,-1046,168,-84,-14052,-4836,6356,-490,180,-78,0
243.16507411003116,8620,6488,11332,-174,-153,153,7360,-9404,10296,-242,103,-195,-13848,4156,5588,-974,150,-103,-14252,-4904,6272,-502,160,-75,0
243.2006480693817,8652,6492,11220,-164,-157,166,7332,-9392,10276,-24,121,-180,-13796,4156,5480,-972,99,-67,-14292,-4840,6144,-552,149,-91,0
243.23565697669983,8684,6428,11240,-156,-134,132,7304,-9220,10228,0,148,-177,-13900,4124,5576,-919,114,-109,-13876,-5104,6472,-517,172,-117,0
243.27124309539798,8612,6536,11444,-200,-174,142,7224,-9308,10336,17,133,-175,-13836,4320,5404,-774,122,-69,-14000,-5108,6380,-496,190,-122,0
243.30619096755981,8596,6512,11228,-135,-180,122,6980,-9332,10456,-8,150,-265,-13876,3852,5460,-1025,145,-101,-13964,-4924,6328,-503,234,-79,0
243.34257912635803,8588,6472,11204,-173,-205,115,7284,-9240,10276,32,159,-265,-13816,4180,5608,-769,145,-201,-14284,-4864,6300,-494,0,-121,0
243.3774740695953,8644,6436,11380,-155,-198,129,7288,-9344,10228,26,144,-196,-13744,4096,5524,-1029,118,-145,-14056,-4764,6432,-536,175,-66,0
243.41415596008304,8576,6536,11096,-130,-105,155,7252,-9320,10408,10,135,-146,-13600,3860,5568,-1021,114,-84,-14088,-4812,6244,-515,114,-78,0
243.4477140903473,8452,6628,11212,-130,-111,141,7232,-9508,10308,-8,110,-148,-13808,4108,5868,-1032,94,-71,-14012,-4932,6412,-537,118,-98,0
243.48128509521487,8904,6608,11504,-118,-49,122,7224,-9456,10440,-33,111,-133,-13724,4260,5292,-769,123,-32,-13996,-4908,6204,-560,115,-104,0
243.5147421360016,8812,6552,11232,-111,-72,139,7288,-9448,10284,-53,123,-134,-13816,4156,5528,-770,102,-36,-14032,-4792,6188,-520,168,-126,0
243.54850101470947,8680,6616,11220,-144,-87,98,7352,-9392,10420,-40,131,-177,-14048,4004,5552,-1004,121,-81,-14012,-4852,6268,-480,139,-151,0
243.5818741321564,8660,6476,11276,-163,-63,67,7400,-9388,10268,-47,159,-198,-13824,4116,5580,-995,99,-100,-13984,-4984,6440,-459,158,-162,0
243.61522507667542,8648,6564,11260,-193,-53,38,7308,-9356,10396,-51,151,-198,-13900,4324,5444,-950,65,-45,-13852,-4888,6356,-475,178,-154,0
243.6484339237213,8648,6520,11336,-118,-75,61,7316,-9424,10428,-64,159,-199,-13904,4136,5488,-987,70,-90,-14096,-4808,6204,-480,145,-144,0
243.68189406394958,8644,6532,11268,-131,-71,82,7276,-9420,10336,-56,140,-188,-13744,4140,5464,-988,66,-82,-14012,-4920,6268,-472,144,-113,0
243.71548104286194,8776,6480,11248,-121,-78,72,7192,-9424,10496,-78,136,-142,-13844,4272,5572,-992,108,-7,-14236,-4680,6608,-487,97,-151,0
243.7491500377655,8620,6476,11280,-96,-27,79,7240,-9508,10476,-42,129,-121,-13640,4288,5584,-1003,58,-36,-14008,-5120,6440,-527,75,-141,0
243.78252506256104,8652,6460,11412,-136,-16,101,7392,-9412,10348,13,122,-109,-13708,4272,5632,-996,93,-82,-13972,-4900,6320,-498,111,-81,0
243.81593799591062,8536,6572,11276,-84,19,115,7324,-9476,10316,-9,58,-132,-13824,4200,5464,-1029,124,-85,-14020,-4972,6172,-526,114,-115,0
243.84943103790283,8628,6532,11448,-99,-109,115,7280,-9428,10280,-56,112,-165,-13832,4188,5884,-980,106,-76,-14232,-5088,6552,-503,120,-121,0
243.88275313377383,8768,6484,11500,-98,-105,108,7340,-9664,10248,-43,150,-194,-13820,4188,5572,-973,93,-108,-13992,-4976,6452,-503,130,-147,0
243.9160981178284,8648,6524,11256,-104,-46,95,7220,-9420,10408,-41,213,-222,-13884,4028,5604,-800,96,-55,-14320,-5100,6252,-497,104,-108,0
243.94974398612976,8856,6596,11292,-124,-47,82,7296,-9416,10340,-68,134,-157,-13616,4216,5584,-972,84,-101,-14004,-5088,6268,-490,95,-151,0
243.9832119941712,8884,6528,11308,-111,-13,80,7244,-9396,10352,-60,160,-144,-13788,4108,5504,-1011,48,-49,-13980,-5112,6332,-498,104,-129,0
244.01682901382446,8508,6556,11508,-127,-51,74,7108,-9252,10464,-18,129,-216,-13876,4024,5720,-959,39,-83,-13916,-4796,6288,-499,131,-122,0
244.05031299591062,8564,6588,11400,-111,-83,65,7280,-9392,10364,-50,158,-173,-13576,4336,5376,-944,34,-79,-13996,-4984,6244,-502,123,-147,0
244.0839669704437,8648,6536,11132,-122,-78,56,7280,-9384,10424,-36,169,-196,-13784,4236,5596,-1023,67,-82,-13976,-4844,6528,-507,156,-132,0
244.11740112304688,8592,6520,11432,-153,-76,80,7188,-9428,10212,-26,164,-171,-13980,4180,5440,-997,89,-115,-13980,-4928,6328,-502,142,-125,0
244.15078306198117,8648,6604,11388,-123,-89,90,7288,-9392,10328,-22,117,-185,-14048,4208,5432,-996,93,-94,-13996,-4632,6348,-501,122,-95,0
244.1843559741974,8680,6596,11364,-107,-58,83,7236,-9440,10232,-39,131,-169,-13916,4056,5564,-1007,119,-67,-14028,-4924,6208,-507,121,-138,0
244.21758103370667,8588,6496,11272,-134,-77,73,7220,-9436,10420,-51,129,-185,-13644,4204,5524,-990,116,-60,-13860,-5036,6376,-490,157,-125,0
244.2511370182037,8672,6604,11252,-140,-111,97,7260,-9512,10324,-46,164,-191,-13952,3964,5628,-795,38,-96,-14168,-4772,6324,-490,153,-125,0
244.28472208976746,8636,6600,11212,-126,-80,104,7208,-9332,10264,-52,167,-179,-13724,4164,5456,-1012,96,-98,-14044,-4676,6376,-500,133,-130,0
244.31811499595642,8624,6528,11260,-111,-74,93,7224,-9488,10296,-42,122,-192,-13852,4108,5444,-979,102,-97,-13920,-4968,6444,-525,143,-149,0
244.35176301002502,8552,6508,11228,-126,-91,78,6932,-9616,10296,-33,130,-176,-13608,4208,5668,-986,100,-118,-13996,-4956,6336,-533,142,-139,0
244.38521814346313,8536,6572,11220,-136,-89,103,7076,-9356,10300,68,152,-251,-13732,3964,5636,-916,80,-75,-14044,-4844,6424,-506,148,-131,0
244.41859102249146,8604,6532,11344,-111,-89,108,7280,-9428,10232,2,146,-188,-13780,4240,5580,-978,118,-73,-13960,-4876,6356,-504,163,-148,0
244.45566606521606,8576,6584,11436,-148,-77,106,7256,-9468,10360,-37,143,-184,-13936,4168,5548,-1012,95,-118,-14012,-4964,6436,-502,155,-122,0
244.49135398864746,8668,6564,11296,-118,-77,92,7140,-9424,10344,-30,123,-165,-13604,4144,5536,-986,107,-18,-13856,-4664,6340,-501,146,-109,0
244.52621793746948,8620,6512,11368,-147,-84,110,7304,-9376,10348,247,140,-176,-13824,4216,5440,-998,140,-95,-13968,-5136,6276,-490,142,-110,0
244.56180405616757,8580,6556,11284,-122,-76,113,7252,-9396,10296,-22,131,-186,-14044,4096,5780,-985,107,-93,-13992,-4876,6280,-478,142,-139,0
244.5974760055542,8620,6652,11280,-177,-86,85,7220,-9400,10176,-2,150,-192,-14040,4148,5460,-994,98,-91,-14036,-4928,6496,-501,187,-126,0
244.633486032486,8668,6560,11444,-166,-90,111,7372,-9484,10372,-6,125,-189,-13804,4252,5556,-1006,148,-153,-14084,-4912,6484,-484,196,-109,0
244.66931796073914,8632,6640,11236,-161,-109,121,7280,-9372,10384,-250,123,-215,-13736,4196,5480,-1003,142,-110,-13956,-4628,6284,-502,204,-65,0
244.70455408096313,8628,6572,11388,-143,-175,115,7412,-9456,10248,7,104,-213,-13612,4160,5808,-1017,122,-136,-13880,-4884,6236,-522,223,-108,0
244.74081301689148,8648,6564,11208,-170,-171,116,7196,-9452,10256,0,169,-237,-13828,4064,5616,-960,161,-127,-14044,-4912,6184,-466,204,-87,0
244.77620697021487,8600,6600,11096,-185,-162,129,7260,-9412,10312,-23,142,-217,-13880,4208,5588,-973,116,-150,-14048,-4992,6272,-505,166,-96,0
244.81228804588318,8640,6476,11356,-190,-158,122,7276,-9512,10360,-3,124,-182,-13960,4208,5424,-1019,107,-104,-14072,-4888,6424,-529,203,-130,0
244.84785294532776,8576,6500,11312,-181,-146,126,7224,-9424,10328,42,143,-162,-13832,4056,5472,-1041,125,-153,-14108,-4988,6412,-261,183,-80,0
244.88257002830505,8696,6588,11364,-146,-119,122,7264,-9464,10316,-52,133,-195,-14024,4320,5496,-1002,136,-147,-14068,-4812,6288,-530,241,-77,0
244.91814494132998,8684,6552,11320,-186,-165,139,7200,-9348,10420,24,117,-226,-13924,4180,5576,-1267,148,-164,-13916,-4800,6308,-477,235,-91,0
244.9536430835724,8576,6536,11200,-200,-167,150,7244,-9368,10288,8,159,-194,-13816,4132,5512,-773,135,-61,-14016,-4872,6364,-509,158,-92,0
244.989452123642,8488,6548,11308,-167,-126,135,7244,-9376,10320,-2,110,-160,-13736,4328,5520,-998,149,-71,-14316,-4900,6252,-485,122,-88,0
245.02494597434998,8576,6576,11328,-220,-141,129,7176,-9344,10428,-2,159,-188,-13736,4192,5568,-971,107,-121,-13948,-4876,6304,-496,180,-81,0
245.06062006950378,8596,6532,11360,-172,-133,144,7324,-9604,10468,-47,31,-185,-13628,4184,5324,-1024,162,-141,-14008,-4916,6344,-518,200,-88,0
245.09730005264282,8704,6476,11328,-186,-172,144,7200,-9392,10336,251,115,-218,-13704,4128,5560,-1048,155,-170,-14024,-4840,6336,-535,237,-70,0
245.13038396835327,8672,6460,11260,-135,-193,129,7184,-9396,10180,-18,95,-229,-13804,4196,5432,-1006,161,-109,-13968,-4944,6356,-496,220,-71,0
245.16393399238586,8692,6532,11016,-142,-161,138,7348,-9248,10508,-19,95,-204,-13792,4256,5508,-1008,145,-95,-14116,-4852,6364,-524,244,-74,0
245.19747805595398,8604,6528,11384,-162,-125,117,7240,-9232,10528,-18,111,-203,-13964,4380,5520,-922,117,-114,-14080,-4924,6352,-513,194,-130,0
245.2310860157013,8900,6644,11256,-146,-127,129,7408,-9344,10372,-15,119,-204,-13880,4116,5472,-1001,122,-130,-14036,-4912,6288,-509,192,-111,0
245.26446700096128,8664,6464,11216,-133,-119,106,7260,-9212,10220,-49,128,-172,-14000,4284,5580,-1009,133,-141,-13992,-4972,6224,-526,156,-120,0
245.29814910888675,8720,6600,11120,-125,-106,86,7332,-9400,10288,-63,141,-184,-13912,4344,5524,-771,123,-84,-13952,-4628,6368,-507,151,-161,0
245.3338871002197,8488,6572,11228,-162,-63,70,7304,-9380,10268,-36,115,-177,-13576,4236,5428,-996,75,-75,-14316,-4880,6232,-499,159,-133,0
245.36740899085999,8612,6488,11236,-137,-36,95,7240,-9352,10164,-49,168,-149,-13792,4248,5564,-1005,91,-62,-13896,-4936,6384,-522,138,-131,0
245.40080809593198,8468,6588,11296,-106,-41,67,7140,-9548,10192,39,475,-213,-14068,4108,5624,-983,150,-85,-13856,-4824,6368,-507,139,-135,0
245.43431496620178,8572,6540,11096,-79,-59,93,7192,-9372,10288,252,63,-182,-13584,4344,5580,-965,166,-90,-13896,-4820,6348,-520,136,-105,0
245.4679429531097,8660,6484,11260,-115,-72,84,7416,-9204,10552,-72,81,-198,-13828,4040,5436,-950,136,-113,-14048,-4936,6272,-262,163,-112,0
245.50138497352597,8652,6492,11012,-110,-57,108,7196,-9328,10288,-46,114,-138,-13692,4112,5456,-972,126,-72,-13976,-4980,6236,-542,142,-101,0
245.53476595878598,8768,6404,11244,-96,-64,83,7264,-9264,10420,-78,212,-145,-13988,4160,5840,-1003,25,-71,-13940,-4860,6316,-536,123,-173,0
245.5682051181793,8636,6624,11340,-129,-46,86,7248,-9340,10348,-15,144,-137,-13832,4168,5616,-1017,72,-55,-13984,-4932,6388,-540,81,-138,0
245.6015651226044,8620,6528,11116,-66,-15,82,7288,-9420,10316,-80,174,-12,-13752,4236,5488,-1052,77,-107,-13944,-4904,6296,-566,109,-166,0
245.63463497161868,8592,6504,11444,-60,-35,51,7352,-9504,10484,-70,153,-166,-13920,4176,5468,-942,66,-118,-13992,-4936,6384,-587,141,-161,0
245.66811394691467,8680,6516,11356,-75,-37,77,7304,-9704,10272,-35,153,-163,-13852,4196,5400,-998,81,-84,-14028,-4884,6380,-565,133,-179,0
245.70173811912534,8560,6512,11092,-70,-7,73,7212,-9480,10420,-43,176,-137,-13812,4284,5480,-966,99,-18,-13968,-4816,6360,-591,105,-136,0
245.73541712760925,8616,6568,11232,-81,-9,83,7196,-9328,10328,-66,161,-153,-14028,4056,5548,-965,75,-74,-14096,-4928,6284,-581,121,-143,0
245.76895999908447,8892,6484,11292,-103,-39,64,7196,-9256,10424,-79,147,-151,-13924,4304,5668,-853,58,-93,-14012,-4864,6356,-594,160,-137,0
245.8024001121521,8912,6448,11512,-79,-54,64,7012,-9364,10464,-92,169,-157,-13832,4124,5568,-967,77,-139,-14008,-4992,6352,-568,182,-175,0
245.83605813980103,8488,6516,11376,-117,-69,68,7116,-9288,10016,-20,141,-183,-13732,4152,5504,-972,52,-85,-13916,-4960,6240,-594,164,-170,0
245.8697030544281,8648,6524,11412,-67,-118,89,7184,-9224,10320,-50,111,-222,-13672,4164,5488,-953,81,-53,-14140,-4864,6300,-596,150,-151,0
245.90667605400085,8788,6408,11468,-76,-81,82,7320,-9368,10388,-60,80,-159,-13820,4196,5492,-924,109,-97,-14052,-4988,6288,-611,110,-157,0
245.9407250881195,8664,6596,11228,-93,-72,101,7360,-9496,10160,-66,109,-167,-13848,4072,5636,-935,84,-112,-13976,-4992,6356,-600,137,-154,0
245.97426915168762,8656,6628,11084,-59,-87,108,7264,-9388,10264,-48,105,-149,-13820,4348,5620,-948,62,-79,-13952,-4928,6232,-532,136,-134,0
246.00792598724368,8604,6532,11260,-106,-61,84,7112,-9324,10280,-76,127,-197,-13876,3844,5680,-919,91,-63,-13924,-4988,6316,-537,107,-135,0
246.04160594940186,8604,6472,11296,-112,-103,89,7236,-9416,10264,-64,123,-176,-13844,4184,5572,-971,107,-60,-13860,-5088,6308,-768,153,-126,0
246.0754029750824,8604,6600,11240,-157,-90,95,7308,-9232,10276,-41,121,-191,-13788,4292,5480,-983,96,-83,-13948,-4960,6320,-546,168,-130,0
246.11126899719238,8632,6568,11460,-113,-87,101,7260,-9460,10340,-51,96,-173,-13588,4184,5596,-963,93,-67,-14008,-4968,6256,-587,164,-174,0
246.1471951007843,8672,6640,11252,-104,-90,93,7232,-9420,10280,-23,95,-192,-13792,4176,5624,-968,96,-65,-13980,-4948,6392,-605,167,-147,0
246.1823461055756,8696,6564,11492,-86,-88,111,7204,-9484,10280,-39,90,-198,-13764,4164,5688,-958,88,-121,-13880,-5028,6252,-635,189,-151,0
246.21806812286374,8700,6736,11404,-102,-86,124,7292,-9228,10132,-31,123,-186,-13852,4248,5516,-945,95,-71,-13888,-5012,6332,-676,202,-161,0
246.25318503379822,8608,6608,11192,-99,-92,104,7272,-9392,10380,2,73,-166,-13788,4240,5732,-977,130,-102,-14060,-5092,6452,-621,151,-117,0
246.2886619567871,8500,6900,11364,-132,-90,113,7264,-9424,10488,-24,34,-195,-13804,4160,5732,-1013,100,-89,-14004,-5060,6484,-572,141,-128,0
246.32350111007688,8480,6580,11376,-139,-135,97,7200,-9440,10292,-67,113,-179,-13888,4252,5520,-1043,85,-54,-13984,-5084,6224,-500,92,-105,0
246.35912108421326,8564,6588,11464,-160,-151,109,7264,-9388,10228,-62,162,-157,-13700,4316,5484,-1094,58,-77,-13944,-5244,6224,-481,80,-94,0
246.39389514923096,8632,6748,11328,-122,-77,92,7316,-9324,10520,-15,126,-174,-13784,4140,5416,-1121,21,-87,-13940,-5100,6116,-429,104,-140,0
246.42968010902408,8668,6844,11424,-138,-96,79,7176,-9464,10344,247,174,-197,-13788,4228,5700,-957,111,-61,-13948,-5008,6580,-496,111,-133,0
246.4650061130524,8888,6460,11208,-153,-56,94,7308,-9428,10352,-16,133,-207,-13588,4268,5544,-995,83,-113,-14108,-4900,6324,-451,128,-133,0
246.50067305564878,8588,6588,11188,-108,-42,101,7196,-9580,10360,-68,102,218,-13784,4332,5416,-952,90,-71,-13900,-5000,6392,-409,75,-110,0
246.53616809844968,8564,6572,11188,-202,-70,110,7368,-9396,10268,-24,112,-159,-13792,4120,5636,-914,70,-51,-14056,-5116,6548,-413,97,-143,0
246.57187795639038,8652,6416,11420,-175,-104,108,7056,-9392,10256,-80,83,-196,-13808,4116,5496,-1058,90,-143,-13960,-5000,6420,-431,114,-67,0
246.60748314857483,8636,6648,11196,-100,-68,135,7076,-9360,10300,-54,41,-173,-13888,4324,5584,-934,151,-103,-14020,-4912,6364,-534,172,-107,0
246.64335107803342,8688,6536,11060,-165,-90,114,7284,-9456,10440,-44,160,-187,-13760,4236,5664,-931,125,-119,-13904,-4988,6272,-575,248,-131,0
246.6781930923462,8544,6604,11316,-106,-114,108,7136,-9492,10344,-13,118,-214,-13864,4252,5440,-880,195,-112,-13888,-5024,6376,-699,211,-89,0
246.7138421535492,8428,6588,11340,-153,-74,151,7240,-9296,10316,10,40,-226,-13868,4200,5804,-885,275,-149,-14020,-4964,6172,-674,160,-104,0
246.74934101104733,8600,6636,11036,-124,-85,145,7352,-9696,10328,5,63,-228,-13928,4200,5492,-943,206,-182,-13928,-5036,6376,-592,209,-86,0
246.78477907180786,8600,6508,11432,-151,-140,127,7332,-9224,10380,-28,126,-181,-13820,4160,5792,-770,188,-144,-13992,-5016,6300,-505,192,-88,0
246.81854009628296,8628,6432,11488,-183,-183,149,7360,-9432,10452,-85,148,-203,-13724,4096,5436,-994,180,-116,-14044,-4916,6256,-500,182,-73,0
246.8522219657898,8520,6580,11328,-192,-199,101,7324,-9364,10276,-53,202,-239,-13792,4084,5536,-962,84,-91,-13956,-5060,6240,-396,155,-95,0
246.88556098937988,8540,6564,11012,-223,-180,137,7240,-9404,10352,-10,174,-233,-13764,4256,5316,-1152,104,-115,-13988,-5008,6316,-412,147,-60,0
246.91915106773374,8828,6888,11060,-189,-136,124,7212,-9416,10268,103,152,-216,-13884,4180,5416,-1040,142,-150,-13920,-4984,6204,-459,109,-82,0
246.95243096351624,8536,6488,11260,-218,-121,156,7128,-9388,10312,43,111,-218,-14044,4276,5420,-1060,106,-180,-13904,-4980,6252,-417,160,-82,0
246.985995054245,8648,6868,11328,-174,-182,145,7236,-9372,10356,56,106,-209,-13760,4156,5740,-1078,129,-117,-14196,-5012,6308,-385,154,-38,0
247.01979112625122,8880,6880,11296,-201,-196,148,7260,-9296,10332,-53,184,-222,-13884,4136,5576,-929,-21,-102,-14024,-5012,6396,-356,194,-47,0
247.05313301086426,8696,6528,11240,-204,-217,157,7212,-9396,10480,-43,142,-210,-13892,4240,5672,-951,42,-76,-13956,-4904,6288,-402,174,-64,0
247.08672714233398,8656,6604,11228,-204,-184,145,7248,-9392,10308,61,217,-216,-14016,4236,5444,-962,77,-101,-13932,-5032,6392,-386,202,-70,0
247.1201090812683,8576,6520,11360,-260,-155,140,7268,-9408,10200,24,96,-226,-13844,4124,5744,-915,35,-132,-14052,-4660,6576,-433,148,-60,0
247.1532199382782,8820,6544,11328,-213,-184,141,7288,-9220,10348,251,194,-156,-13740,4184,5712,-977,83,-96,-13996,-4940,6416,-527,148,-119,0
247.186751127243,8700,6496,11132,-190,-123,101,7316,-9404,10320,70,110,-199,-13620,4196,5376,-974,84,-89,-13924,-4984,6392,-500,161,-81,0
247.22018098831174,8612,6576,11240,-181,-160,102,7300,-9336,10268,52,156,-218,-13856,4184,5704,-968,64,-66,-14032,-4992,6232,-492,149,-107,0
247.2536461353302,8828,6524,11420,-173,-166,113,7248,-9368,10360,-21,156,-238,-13608,4148,5588,-963,113,-162,-13884,-4920,6436,-485,243,-74,0
247.28723406791687,8916,6484,11312,-193,-191,113,7292,-9396,10240,21,154,-231,-13832,4300,5584,-964,160,-179,-14036,-4876,6372,-474,223,-106,0
247.32070302963254,8744,6648,11024,-171,-159,130,6976,-9384,10432,23,19,-219,-13784,4256,5576,-969,70,-75,-13988,-4732,6384,-488,161,-99,0
247.35381698608398,8756,6572,11180,-173,-132,121,7276,-9460,10296,-32,88,-174,-13772,4136,5544,-995,91,-60,-14044,-4712,6328,-497,120,-79,0
247.38736009597778,8648,6584,11316,-172,-138,110,7252,-9456,10376,-76,110,-147,-13916,4100,5660,-978,52,-64,-14104,-5004,6384,-477,143,-94,0
247.4209430217743,8592,6476,11220,-135,-122,111,7360,-9468,10444,-38,134,-196,-13840,4084,5436,-1065,90,-96,-14064,-4908,6248,-468,207,-117,0
247.45451498031613,8616,6440,11276,-150,-133,111,7344,-9368,10404,252,125,-177,-13588,4132,5532,-1043,73,-127,-13956,-4784,6304,-440,198,-110,0
247.4881861209869,8720,6500,11124,-148,-92,96,7216,-9312,10220,-14,83,-151,-13940,4136,5416,-1016,108,-81,-13976,-4852,6312,-463,170,-122,0
247.52170896530154,8708,6540,11292,-136,-90,117,7316,-9432,10364,-38,121,-168,-13796,4068,5564,-773,71,-99,-14040,-4640,6320,-458,124,-92,0
247.55527591705322,8712,6460,11308,-159,-57,111,7308,-9300,10312,-27,95,-164,-13876,4052,5628,-1000,96,-53,-14056,-4620,6344,-483,118,-119,0
247.58898210525516,8740,6488,11260,-121,-28,100,7184,-9236,10320,-37,130,-168,-13808,4096,5584,-972,66,-49,-13992,-4948,6360,-456,154,-130,0
247.622388124466,8764,6492,11204,-131,-27,76,7212,-9360,10084,-51,149,-167,-13864,4052,5552,-1001,61,-32,-14044,-4956,6196,-470,107,-111,0
247.65555810928342,8612,6580,11324,-119,-21,63,7256,-9352,10244,-57,175,-140,-13668,4212,5632,-966,63,-92,-14156,-5008,6272,-484,87,-144,0
247.68915295600885,8672,6468,11388,-133,-29,52,7328,-9332,10344,-51,195,-140,-13788,4240,5552,-942,27,-77,-13916,-4936,6272,-473,92,-169,0
247.72268199920654,8680,6464,11080,-142,-37,74,7268,-9412,10296,-9,179,-163,-13820,4252,5512,-966,49,-40,-13984,-4892,6256,-473,91,-179,0
247.7564101219177,8572,6564,11244,-120,-57,77,7256,-9704,10408,-42,189,-143,-13760,4296,5712,-974,91,-38,-13824,-4992,6356,-499,142,-140,0
247.7922170162201,8672,6536,11328,-106,-49,82,7308,-9408,10404,-39,164,-150,-13760,4188,5528,-971,114,-95,-13968,-4896,6360,-498,124,-143,0
247.82824301719666,8524,6508,11292,-127,-60,95,7268,-9440,10328,-34,142,-184,-13768,4108,5424,-972,100,-100,-13980,-4932,6308,-482,162,-118,0
247.86367392539978,8624,6512,11348,-137,-86,95,7300,-9328,10320,-51,121,-194,-13760,4064,5560,-953,93,-132,-13852,-4904,6328,-474,130,-129,0
247.8986759185791,8656,6568,11200,-120,-109,92,7268,-9296,10424,-64,138,-197,-13868,4332,5548,-1010,70,-31,-14008,-5084,6296,-530,144,-111,0
247.93399691581726,8568,6488,11480,-132,-30,87,7412,-9436,10308,-33,141,-134,-13808,4180,5572,-999,50,-77,-14020,-4992,6268,-490,111,-143,0
247.96960496902466,8708,6536,11204,-116,-23,85,7240,-9380,10332,-14,138,-121,-13812,4160,5700,-1268,35,-31,-13936,-5024,6388,-515,93,-135,0
248.00472497940063,8888,6460,11484,-103,-83,67,7352,-9340,10372,-65,145,-161,-13784,4176,5580,-988,50,-57,-13984,-5016,6532,-514,152,-129,0
248.03996992111206,8460,6512,11284,-114,-36,80,7232,-9316,10216,-40,114,-178,-13880,4168,5728,-998,114,-63,-13896,-4876,6328,-463,141,-113,0
248.07552409172058,8672,6544,11356,-100,-32,110,7208,-9356,10216,-37,111,-162,-13696,4296,5720,-941,39,-58,-14080,-5016,6428,-479,101,-107,0
248.1115050315857,8448,6556,11212,-130,-65,104,7348,-9572,10156,23,72,-158,-13748,4212,5716,-1019,96,-49,-13928,-4888,6396,-493,109,-151,0
248.1471190452576,8616,6484,11328,-107,-52,88,7224,-9492,10468,-84,201,-155,-13716,4224,5604,-974,84,-62,-13944,-4896,6380,-510,130,-127,0
248.18231511116028,8936,6536,11420,-108,-80,74,7272,-9440,10232,-60,180,-187,-13760,4180,5404,-993,92,-106,-14088,-4924,6236,-523,123,-154,0
248.2180650234222,8636,6512,11240,-117,-94,84,7268,-9468,10472,-33,147,-198,-13656,4136,5672,-996,93,-88,-13848,-4836,6264,-520,130,-113,0
248.25326204299927,8500,6472,11352,-106,-93,104,7264,-9672,10372,-36,99,-210,-13788,4180,5648,-979,97,-103,-13908,-4908,6304,-506,185,-140,0
248.28849005699158,8472,6548,11408,-123,-118,94,7364,-9356,10380,-15,105,-182,-13796,4308,5532,-992,143,-104,-13912,-4948,6432,-486,144,-117,0
248.3238320350647,8652,6560,11228,-136,-90,112,7380,-9472,10072,-27,143,-197,-13852,4248,5544,-1021,107,-104,-13996,-4952,6364,-495,168,-128,0
248.35950803756714,8612,6540,11408,-124,-109,86,7296,-9508,10036,-14,123,-193,-13668,4168,5612,-994,82,-83,-13968,-4908,6204,-503,177,-103,0
248.3947241306305,8584,6416,11392,-133,-79,65,7324,-9536,10368,-11,151,-190,-13852,4256,5420,-1010,120,-75,-14016,-5088,6396,-498,155,-125,0
248.43029308319092,8572,6480,11316,-99,-81,76,7296,-9452,10348,-54,158,-181,-13784,4248,5884,-987,79,-77,-14056,-4900,6608,-491,148,-148,0
248.46604609489438,8644,6596,11464,-118,-128,73,7272,-9408,10276,-27,157,-170,-13600,4244,5660,-929,73,-97,-13964,-5040,6352,-496,177,-93,0
248.49989700317383,8620,6516,11336,-126,-81,104,7252,-9464,10352,-16,126,-169,-14056,4208,5576,-976,81,-94,-13976,-4940,6336,-497,174,-100,0
248.53326201438904,8548,6412,11268,-120,-73,111,7416,-9436,10416,-22,116,-173,-13836,4224,5692,-1010,120,-89,-13868,-4816,6424,-502,169,-100,0
248.5669231414795,8604,6532,11420,-126,-103,120,7312,-9360,10472,-20,122,-174,-13768,4304,5668,-1037,109,-112,-13988,-5028,6432,-507,154,-111,0
248.60039591789246,8612,6528,11048,-114,-100,116,7356,-9420,10332,12,124,-163,-13780,4276,5872,-1032,137,-73,-13984,-4920,6352,-269,155,-116,0
248.63365697860718,8688,6528,11292,-130,-64,104,7300,-9388,10284,-11,122,-204,-13776,4248,5704,-996,101,-83,-14080,-4896,6248,-502,149,-93,0
248.66737008094788,8636,6584,11172,-124,-94,108,7364,-9436,10216,-16,132,-178,-14048,4216,5532,-1004,113,-72,-13904,-4980,6392,-262,148,-111,0
248.70095014572144,8664,6548,11272,-147,-63,101,7292,-9396,10132,-21,115,-182,-13744,4100,5796,-1001,85,-107,-13948,-4888,6472,-494,158,-85,0
248.7344310283661,8488,6536,11060,-139,-93,84,7320,-9296,10320,-33,129,-199,-13740,4300,5480,-991,106,-117,-13908,-4920,6624,-489,154,-88,0
248.76810503005981,8652,6480,11288,-160,-111,71,7376,-9544,10476,13,165,-185,-13824,4240,5612,-1034,75,-96,-14012,-4920,6612,-525,192,-125,0
248.80177211761477,8524,6480,11280,-209,-117,119,7244,-9432,10268,27,145,-173,-13656,4208,5520,-1020,121,-105,-13808,-5052,6356,-521,160,-115,0
248.83498311042786,8640,6444,11140,-95,-141,118,7272,-9396,10332,-38,107,-187,-13732,4124,5464,-998,113,-108,-13864,-5016,6356,-515,203,-121,0
248.86868810653687,8672,6528,11400,-109,-165,76,7320,-9412,10436,-41,149,-238,-13704,4140,5596,-980,111,-132,-13908,-4948,6384,-504,212,-126,0
248.90205907821655,8616,6556,11228,-165,-129,99,7312,-9592,10092,79,175,-272,-13692,4140,5604,-1024,134,-144,-14056,-4992,6360,-487,206,-84,0
248.93559908866882,8548,6528,11396,-161,-100,128,6912,-9376,10268,10,120,-178,-14020,4172,5592,-1007,159,-127,-13932,-5096,6372,-490,146,-81,0
248.96928215026855,8624,6580,11280,-186,-121,110,7344,-9408,10256,-38,141,-163,-14036,4184,5868,-973,126,-118,-13956,-4956,6144,-498,159,-74,0
249.0030081272125,8684,6548,11440,-174,-166,115,7376,-9384,10464,-49,165,-195,-13836,4204,5672,-974,105,-134,-13880,-4928,6456,-504,212,-79,0
249.03625202178958,8632,6472,11344,-158,-168,123,7248,-9448,10416,-13,136,-222,-13760,4208,5540,-999,132,-123,-13872,-4884,6436,-521,218,-88,0
249.06984305381775,8548,6500,11516,-168,-190,150,7332,-9412,10404,9,112,-236,-13752,4168,5492,-1051,147,-161,-13856,-4832,6464,-526,234,-81,0
249.1036190986633,8612,6552,11208,-159,-190,133,7296,-9412,10472,-19,96,-252,-13708,4144,5620,-1009,161,-157,-14020,-5004,6356,-529,221,-86,0
249.1370120048523,8628,6536,11080,-186,-167,130,7292,-9440,10088,25,112,-233,-13740,4184,5560,-990,149,-138,-14220,-4988,6652,-494,194,-72,0
249.17042994499207,8636,6556,11280,-178,-153,145,7360,-9328,10020,-1,126,-205,-13828,4128,5708,-1010,191,-144,-13996,-5036,6592,-490,223,-85,0
249.20392107963562,8616,6572,11296,-190,-175,130,7580,-9724,10088,-39,121,-181,-13780,4164,5676,-1026,104,-105,-13948,-4872,6256,-495,215,-62,0
249.23740506172183,8668,6628,11324,-186,-206,153,7268,-9400,10388,5,104,-194,-13720,4168,5548,-1007,156,-100,-13908,-4920,6268,-496,163,-80,0
249.27107214927673,8692,6512,11364,-186,-194,137,7324,-9384,10316,-49,128,-214,-13744,4232,5624,-978,111,-106,-14068,-4808,6244,-530,166,-118,0
249.3047289848328,8808,6452,11252,-136,-146,91,7324,-9696,10056,2,126,-174,-13652,3844,5596,-1038,99,-115,-14024,-5008,6400,-500,204,-118,0
249.3382420539856,8676,6568,11044,-141,-136,122,7300,-9368,10448,24,125,-194,-13756,4088,5400,-1008,136,-148,-14000,-4876,6324,-501,197,-94,0
249.37185907363892,8664,6504,11212,-117,-120,92,7324,-9440,10396,-28,92,-203,-13640,4204,5576,-999,139,-119,-14064,-4832,6328,-521,215,-113,0
249.40533900260925,8796,6556,11476,-164,-162,136,7372,-9368,10288,-32,137,-208,-13832,4156,5516,-984,117,-70,-14028,-4932,6272,-494,170,-82,0
249.43872213363647,8788,6576,11128,-144,-111,140,7368,-9400,10340,-42,88,-175,-13572,4228,5852,-976,164,-108,-13948,-4996,6168,-259,127,-108,0
249.47442603111267,8584,6424,11072,-144,-72,106,7380,-9332,10288,-37,113,-159,-13920,4044,5608,-1007,103,-89,-13956,-4928,6468,-494,141,-151,0
249.5101399421692,8672,6496,11120,-144,-60,73,7408,-9308,10396,-43,135,-150,-13728,4156,5440,-997,83,-48,-13868,-5072,6340,-476,115,-160,0
249.5456120967865,8736,6492,11044,-118,-20,73,7380,-9420,10336,-29,142,-153,-14024,4152,5496,-997,61,-82,-13992,-4920,6340,-497,95,-173,0
249.5815670490265,8756,6524,11264,-129,-22,69,7320,-9308,10284,-56,142,-109,-13716,4108,5544,-1008,103,-253,-13976,-4912,6412,-500,100,-125,0
249.61625003814697,8592,6460,11140,-93,244,98,7304,-9448,10440,-39,112,-167,-13776,4164,5480,-1014,64,-120,-13968,-5000,6248,-768,164,-104,0
249.6518399715424,8616,6504,11324,-148,-55,68,7352,-9324,10324,-21,131,-154,-13736,4196,5704,-932,88,-107,-13924,-5052,6452,-471,157,-144,0
249.68776607513428,8652,6496,11388,-111,-69,98,7264,-9288,10340,-1,131,-180,-13792,4112,5708,-900,46,-116,-14216,-4924,6248,-508,131,-138,0
249.72274613380435,8648,6432,11508,-163,-66,61,7124,-9448,10336,-66,162,-194,-13712,4216,5812,-966,83,-75,-13912,-5012,6396,-492,142,-134,0
249.75764894485474,8692,6564,11316,-87,-69,67,7272,-9352,10520,-99,131,-146,-13824,4140,5500,-985,61,-128,-13996,-4916,6596,-520,113,-143,0
249.79337000846863,8476,6560,11140,-112,-95,67,7236,-9372,10416,-246,194,-226,-13684,4140,5660,-945,65,-89,-13944,-4972,6428,-499,126,-131,0
249.82929801940918,8644,6544,11380,-136,-47,70,7372,-9320,10424,-16,163,-164,-13712,4204,5584,-937,63,-73,-13932,-5052,6284,-499,127,-150,0
249.86439204216003,8644,6812,11252,-117,-42,107,7416,-9316,10388,-85,161,-165,-13576,4204,5536,-978,104,-94,-13904,-4968,6368,-495,125,-135,0
249.90018391609195,8584,6468,11360,-137,-61,86,7360,-9420,10460,-86,182,-160,-13784,4180,5584,-970,150,-49,-13872,-4656,6360,-258,172,-121,0
249.93561506271362,8776,6564,11504,-138,-42,121,7392,-9376,10304,-17,104,-141,-13796,4100,5544,-1001,122,-100,-14000,-4872,6604,-495,143,-143,0
249.97174811363223,8604,6796,11516,-123,-49,130,7380,-9324,10032,-28,166,-149,-14060,4192,5484,-1011,103,-77,-13940,-5020,6400,-502,78,-98,0
250.00623512268066,8716,6572,11268,-120,-54,77,7268,-9396,10288,-66,130,-127,-13888,4220,5728,-976,57,-62,-14000,-5028,6436,-483,84,-145,0
250.04200100898743,8636,6588,11512,-144,-80,66,7216,-9400,10372,-31,177,-178,-13820,4296,5536,-994,74,-110,-13928,-4816,6188,-492,153,-125,0
250.07810306549075,8756,6436,11492,-115,-59,80,7332,-9428,10400,-16,142,-177,-13632,4256,5392,-983,119,-98,-13940,-4876,6164,-522,188,-132,0
250.11366605758667,8484,6440,11348,-120,-128,75,7236,-9424,10492,-32,122,-203,-13784,4164,5856,-905,112,-90,-13916,-4924,6420,-500,169,-115,0
250.14880299568173,8712,6576,11292,-136,-95,113,7280,-9428,10348,-53,128,-201,-13808,4200,5508,-1007,119,-123,-13980,-4980,6368,-488,187,-100,0
250.18220710754397,8480,6516,11284,-146,-97,81,7396,-9328,10352,-42,114,-186,-14072,4268,5840,-1016,124,-117,-14036,-4896,6276,-500,178,-93,0
250.21563696861267,8952,6528,11284,-129,-87,107,7248,-9412,10384,-28,162,-191,-13824,4088,5704,-987,118,-97,-14016,-5076,6384,-523,166,-118,0
250.24924612045288,8476,6528,11392,-130,-120,100,7240,-9392,10092,-25,141,-192,-13788,4196,5540,-988,99,-100,-13928,-4976,6396,-491,140,-133,0
250.2827320098877,8944,6600,11256,-139,-101,93,7220,-9368,10372,-24,144,-164,-13800,4228,5608,-987,84,-66,-14088,-4964,6412,-517,143,-135,0
250.31641697883606,8548,6532,11120,-137,-87,97,7248,-9224,10280,-4,151,-146,-13692,4248,5628,-1024,96,-79,-13888,-5020,6436,-514,157,-126,0
250.35073804855347,8528,6568,11156,-131,-89,112,7244,-9388,10372,4,125,-194,-13744,4340,5556,-977,105,-59,-13940,-4996,6196,-492,176,-128,0
250.38459992408755,8604,6572,11220,-154,-85,100,7280,-9344,10324,-45,135,-192,-13888,4184,5376,-969,111,-80,-14000,-4912,6328,-491,162,-116,0
250.41826009750366,8776,6660,11308,-157,-120,102,7296,-9412,10360,-44,124,-168,-13648,4308,5516,-993,117,-75,-13828,-4880,6500,-546,171,-90,0
250.45198702812198,8636,6484,11372,-145,-95,86,7352,-9456,10456,-10,130,-171,-13712,4240,5628,-1278,83,-104,-13932,-5080,6336,-517,167,-108,0
250.48556399345398,8592,6556,11076,-119,-93,100,7264,-9372,10328,-254,147,-163,-13680,4184,5732,-1035,116,-116,-14008,-5156,6300,-511,140,-87,0
250.5192289352417,8572,6524,11508,-108,-103,102,7252,-9332,10412,-62,169,-176,-13880,4144,5732,-962,85,-114,-13992,-5024,6448,-532,146,-94,0
250.5527119636536,8644,6460,11052,-123,-95,75,7376,-9324,10364,-27,136,-203,-13772,4188,5720,-951,100,-87,-13984,-4980,6348,-479,141,-151,0
250.58643007278442,8628,6480,11076,-150,-54,102,7280,-9416,10360,-19,154,-180,-13760,4256,5436,-1003,82,-52,-14008,-4940,6480,-489,155,-121,0
250.62016105651855,8560,6560,11416,-151,-36,94,7204,-9488,10296,-39,144,-148,-13756,4104,5652,-994,112,-66,-13968,-5000,6460,-475,77,-105,0
250.65346813201901,8536,6628,11444,-151,-84,100,7360,-9396,10292,-34,153,-153,-13780,4112,5688,-947,64,-49,-14004,-4748,6404,-489,113,-129,0
250.68730998039246,8708,6556,11340,-153,-72,105,7364,-9444,10272,-57,151,-179,-13916,4216,5448,-1007,86,-103,-13924,-5044,6460,-768,171,-139,0
250.72054505348206,8628,6564,11216,-133,-95,94,7336,-9356,10436,-14,114,-178,-13716,4168,5576,-1003,95,-117,-13924,-4948,6620,-530,191,-132,0
250.7542519569397,8492,6580,11040,-109,-144,91,7228,-9408,10368,-32,98,-204,-13668,4160,5540,-1004,121,-149,-13896,-5064,6540,-768,196,-125,0
250.78803110122678,8628,6544,11328,-165,-142,115,7324,-9404,10240,-23,124,-196,-13784,4164,5704,-982,100,-122,-13900,-5044,6400,-483,167,-122,0
250.8216941356659,8580,6608,11396,-160,-92,103,7380,-9440,10344,-31,142,-188,-13820,4260,5536,-983,99,-103,-13988,-4968,6444,-495,180,-81,0
250.85526299476624,8672,6560,11180,-169,-123,112,7264,-9236,10288,-9,148,-203,-13820,4208,5640,-993,116,-100,-14044,-4900,6460,-504,192,-102,0
250.88870692253116,8608,6544,11148,-143,-154,101,7236,-9332,10400,-24,148,-203,-13720,4164,5796,-988,129,-127,-13924,-5124,6400,-524,198,-95,0
250.92724609375,8712,6536,11204,-150,-172,121,7248,-9448,10224,-49,141,-206,-13712,4168,5652,-975,125,-135,-13948,-4844,6268,-522,174,-97,0
250.9607870578766,8720,6572,11080,-153,-104,119,7292,-9500,10160,-31,134,-194,-13872,4204,5540,-1277,109,-102,-13940,-4868,6612,-514,186,-112,0
250.9943559169769,8672,6604,11296,-163,-133,138,7320,-9400,10336,49,151,-202,-13696,4084,5632,-1008,136,-108,-13944,-4968,6648,-481,201,-92,0
251.0280220508576,8540,6560,11180,-143,-125,125,7308,-9360,10024,-4,111,-214,-13732,4132,5592,-1004,128,-129,-13980,-4884,6352,-516,212,-77,0
251.0616159439087,8596,6504,11112,-150,-189,123,7344,-9368,10388,-28,141,-222,-14032,4180,5748,-979,91,-132,-14028,-4972,6456,-506,211,-91,0
251.09526705741882,8768,6576,11420,-167,-161,148,7220,-9380,10412,-20,114,-192,-13772,4196,5520,-1017,162,-74,-13956,-5076,6296,-494,181,-101,0
251.12869095802307,8940,6636,11504,-185,-112,134,7324,-9360,10308,17,126,-186,-13968,4176,5480,-1026,114,-152,-13864,-5108,6376,-483,183,-79,0
251.16545796394348,8688,6524,11196,-205,-136,121,7288,-9364,10384,-19,141,-187,-13748,4272,5616,-966,115,-111,-13920,-4948,6540,-515,183,-121,0
251.20079493522644,8560,6476,11140,-161,-194,121,7316,-9616,10400,-46,164,-192,-13800,4096,5572,-1014,111,-117,-14028,-4916,6356,-524,183,-99,0
251.2360870838165,8560,6504,11288,-145,-163,114,7348,-9404,10444,-18,135,-217,-13760,4200,5556,-1002,139,-192,-13956,-5116,6284,-496,171,-104,0
251.27183508872986,8700,6608,11244,-163,-123,127,7348,-9472,10416,-19,141,-202,-13740,4164,5460,-1004,150,-87,-14036,-4976,6304,-530,190,-75,0
251.30768513679502,8624,6524,11276,-187,-179,135,7332,-9444,10292,9,91,-194,-13748,4140,5524,-1275,155,-152,-13936,-5036,6632,-505,240,-65,0
251.3430330753326,8700,6460,11032,-168,-183,152,7340,-9356,10024,-23,100,-204,-14060,4136,5576,-1004,151,-129,-14028,-4980,6448,-498,186,-90,0
251.37813496589663,8632,6568,11284,-182,-162,117,7280,-9276,10508,16,152,-226,-13644,4072,5524,-989,127,-158,-13832,-5024,6304,-506,216,-71,0
251.41333794593805,8452,6516,11348,-165,-172,95,7344,-9368,10380,2,141,-215,-13904,4064,5584,-1002,114,-137,-13968,-4836,6432,-487,201,-104,0
251.4491250514984,8736,6504,11244,-209,-209,118,7272,-9276,10296,-22,129,-233,-13788,4260,5536,-986,135,-154,-14008,-4832,6328,-491,174,-89,0
251.4841980934143,8836,6420,11172,-159,-165,92,7308,-9364,10348,-13,62,-117,-13820,4292,5564,-957,96,-129,-13976,-4948,6468,-505,182,-76,0
251.5197110176086,8672,6508,11164,-188,-136,105,7292,-9308,10412,15,109,-194,-13736,4064,5696,-999,92,-130,-13904,-5000,6336,-764,151,-97,0
251.5545921325684,8680,6552,11072,-147,-154,129,7392,-9316,10472,13,121,-186,-13872,4164,5544,-981,137,-135,-13968,-4916,6236,-476,216,-93,0
251.59030413627622,8760,6516,11240,-159,-147,114,7376,-9408,10436,-41,103,-201,-13780,4152,5548,-1005,141,-109,-14028,-4864,6240,-487,191,-75,0
251.62557792663574,8548,6640,11020,-165,-127,124,7236,-9364,10340,-254,95,-182,-13788,4008,5484,-1015,103,-91,-14012,-4848,6408,-515,148,-115,0
251.66118597984314,8672,6472,11204,-152,-105,118,7404,-9356,10420,-29,128,-148,-14060,4092,5376,-1017,102,-45,-13988,-4972,6288,-511,75,-150,0
251.69723105430603,8712,6508,11024,-143,-47,63,7360,-9316,10296,-48,142,-139,-13904,4268,5632,-981,81,-69,-13976,-4892,6280,-490,122,-163,0
251.7322130203247,8756,6520,11304,-174,-40,60,7432,-9456,10512,-67,94,-179,-14076,4096,5552,-930,59,-104,-14004,-5072,6280,-500,164,-157,0
251.7677071094513,8648,6576,11332,-126,-59,73,7328,-9420,10320,-12,110,-153,-13748,4136,5524,-997,124,-135,-13964,-5112,6344,-496,165,-122,0
251.8043429851532,8748,6528,11324,-127,-90,63,7332,-9252,10380,-44,94,-189,-13840,4300,5404,-999,112,-89,-13984,-4940,6604,-489,153,-114,0
251.83771395683289,8624,6448,11348,-137,-75,94,7244,-9408,10196,-100,108,-68,-13792,4260,5520,-964,120,-82,-13828,-4936,6344,-488,152,-146,0
251.87128901481628,8732,6636,11188,-99,-53,85,7300,-9356,10452,-57,147,-214,-13884,3868,5496,-1057,85,-54,-14064,-4972,6220,-500,156,-152,0
251.904776096344,8720,6596,11244,-112,-47,71,7396,-9408,10416,-67,151,-163,-13716,4228,5528,-1006,82,-68,-13992,-4928,6652,-502,133,-130,0
251.93821001052854,8624,6520,11372,-107,-63,83,7396,-9372,10400,-131,126,-131,-13848,4200,5708,-1003,87,-77,-13936,-5076,6348,-526,107,-186,0
251.9718489646912,8684,6464,11252,-126,-58,81,7312,-9312,10188,-27,179,-136,-13804,4092,5580,-927,26,-53,-13832,-4992,6328,-531,118,-143,0
252.00548601150516,8732,6512,11144,-132,-35,84,7288,-9124,10352,-40,145,-140,-13632,4220,5532,-995,95,-47,-13868,-4860,6392,-507,152,-141,0
252.03866696357727,8652,6556,11232,-96,-63,80,7276,-9364,10252,-8,133,-173,-13804,4116,5632,-983,112,-80,-13880,-5052,6360,-477,149,-145,0
252.07217311859128,8604,6572,11516,-130,-66,93,7180,-9444,10408,-40,123,-188,-13764,4184,5444,-998,145,-107,-13840,-4904,6152,-497,151,-98,0
252.10574913024902,8500,6608,11208,-98,-77,98,7364,-9456,10364,-56,123,-179,-13580,4144,5812,-1023,105,-93,-14016,-4956,6152,-503,157,-111,0
252.1392149925232,8464,6488,11372,-161,-87,72,7340,-9400,10336,254,131,-181,-13792,4164,5692,-1035,88,-95,-13900,-4972,6152,-483,130,-151,0
252.1726839542389,8556,6552,11032,-58,-38,84,6940,-9332,10120,-60,168,-188,-13700,4220,5628,-1095,72,-75,-14000,-5068,6276,-522,136,-145,0
252.20621609687808,8884,6584,11484,-88,-83,56,7456,-9400,10400,-112,155,-170,-13864,4212,5624,-972,60,-68,-13896,-4848,6272,-764,147,-156,0
252.23971104621887,8760,6464,11228,-151,-26,72,7376,-9360,10324,-21,158,-158,-13788,4200,5584,-1001,77,-80,-13932,-4960,6576,-482,148,-121,0
252.27298212051394,8688,6536,11300,-91,-24,92,7388,-9372,10280,-20,110,-133,-13808,4160,5572,-1005,64,-60,-14012,-5012,6160,-497,117,-101,0
252.30663514137268,8496,6528,11220,-116,-62,113,7492,-9392,10352,-51,133,-155,-13824,4188,5644,-979,88,-84,-13984,-5064,6484,-505,116,-110,0
252.34010314941406,8668,6504,11296,-125,-79,108,7456,-9664,10280,-30,124,-167,-13792,4184,5780,-947,108,-95,-14020,-5120,6312,-523,121,-146,0
252.37366104125974,8720,6436,11308,-112,-72,101,7256,-9332,10252,-36,124,-188,-13744,4220,5632,-1004,103,-89,-13944,-5112,6308,-531,201,-126,0
252.4069790840149,8616,6528,11156,-98,-86,115,7248,-9360,10272,-20,122,-209,-13756,4292,5632,-1273,86,-118,-13932,-4948,6352,-534,187,-121,0
252.44037604331967,8640,6548,11304,-114,-137,104,7276,-9380,10060,-42,119,-208,-13860,4188,5852,-978,100,-126,-14020,-4980,6192,-531,184,-110,0
252.4738850593567,8464,6564,11512,-133,-70,91,7340,-9356,10228,-33,139,-194,-13864,4176,5552,-982,103,-154,-14016,-4932,6368,-500,153,-137,0
252.5075011253357,8624,6572,11216,-138,-50,67,7316,-9404,10368,-32,138,-161,-13808,4232,5796,-838,29,-85,-13852,-4640,6344,-517,171,-128,0
252.54081201553342,8780,6528,11020,-144,-83,90,7280,-9300,10572,-46,164,-187,-13740,4196,5404,-1002,123,-90,-13880,-5064,6412,-510,181,-110,0
252.57436299324038,8620,6520,11308,-149,-121,78,7216,-9272,10308,-18,120,-218,-13708,4220,5644,-958,125,-93,-13992,-4988,6168,-473,158,-100,0
252.60777711868286,8896,6476,11364,-115,-118,105,7544,-9392,10284,-46,154,-194,-13824,4224,5816,-990,108,-117,-13952,-4880,6376,-482,137,-120,0
252.64120292663574,8784,6480,11172,-145,-88,71,7448,-9404,10260,-13,141,-128,-13708,4108,5644,-1013,74,-82,-13916,-5032,6564,-487,160,-158,0
252.67499613761902,8636,6484,11464,-146,-64,86,7232,-9524,10344,50,141,-189,-13676,4272,5564,-999,117,-121,-13912,-5104,6464,-506,145,-93,0
252.70865392684934,8360,6652,11280,-130,-65,107,7320,-9476,10392,-57,135,-209,-13820,4184,5788,-998,107,-95,-13936,-4896,6352,-532,174,-109,0
252.7420461177826,8536,6564,11036,-121,-151,90,7292,-9280,10420,-47,135,-184,-13844,4232,5516,-984,110,-74,-13960,-4964,6176,-497,144,-128,0
252.77536892890927,8596,6852,11220,-146,-74,116,7288,-9332,10332,-26,104,-161,-13644,4144,5536,-978,131,-63,-13940,-5048,6424,-496,160,-118,0
252.80871200561523,8544,6588,11292,-128,-40,125,7320,-9356,10388,-24,109,-149,-13652,4104,5744,-970,105,-94,-14056,-5048,6276,-488,126,-123,0
252.84499597549438,8744,6544,11380,-137,-34,100,7236,-9356,10368,-50,139,-170,-13804,4140,5856,-1001,90,-81,-14068,-4992,6204,-507,124,-144,0
252.88057112693787,8664,6508,11196,-138,-93,75,7328,-9448,10372,-38,142,-200,-13736,4204,5624,-1014,97,-108,-13864,-4904,6392,-525,163,-132,0
252.91612792015079,8628,6520,11256,-133,-87,88,7300,-9316,10336,-24,175,-176,-13772,4164,5700,-1001,90,-100,-14020,-4872,6416,-494,138,-105,0
252.95231008529663,8588,6436,11112,-133,-55,104,7244,-9348,10284,-23,96,-183,-13724,4168,5432,-1007,118,-50,-13904,-4912,6300,-512,163,-78,0
252.9875910282135,8724,6480,11392,-150,-122,107,7300,-9392,10472,8,110,-186,-13800,4252,5740,-992,115,-129,-13916,-5052,6392,-766,187,-131,0
253.0235819816589,8740,6464,11188,-146,-96,106,7208,-9452,10296,-6,131,-180,-13792,4192,5724,-1017,108,-103,-13936,-5044,6388,-510,158,-99,0
253.0592589378357,8648,6540,11364,-174,-104,84,7200,-9380,10420,0,138,-232,-13892,4184,5620,-968,114,-82,-13952,-4844,6484,-479,205,-92,0
253.09494996070862,8660,6628,11164,-176,-136,96,7372,-9388,10416,-3,148,-230,-13872,4192,5556,-1047,141,-140,-14016,-4972,6172,-496,188,-65,0
253.13069105148318,8928,6588,11336,-154,-174,92,7288,-9416,10388,6,147,-214,-13576,4180,5800,-1018,142,-109,-13820,-4980,6452,-528,186,-91,0
253.1661441326141,8624,6532,11316,-188,-136,93,7376,-9340,10324,-6,142,-215,-13964,4212,5728,-1006,111,-106,-13888,-5040,6396,-766,192,-113,0
253.2018370628357,8648,6588,11212,-146,-143,135,7236,-9428,10144,1,141,-205,-13728,4120,5616,-972,144,-129,-13988,-5076,6624,-524,210,-88,0
253.23810005187988,8588,6464,11180,-146,-158,137,7184,-9448,10352,-16,140,-197,-13576,4348,5412,-959,170,-120,-13904,-4864,6272,-494,214,-82,0
253.2730450630188,8684,6528,11348,-189,-121,130,7300,-9372,10244,28,154,-217,-13888,4196,5392,-991,165,-124,-13984,-4988,6396,-505,214,-65,0
253.30943107604983,8456,6424,11088,-150,-158,149,7400,-9424,10480,-1,128,-190,-13688,4156,5656,-989,127,-91,-14008,-5044,6216,-508,172,-101,0
253.34494805335999,8664,6588,11356,-150,-138,110,7284,-9252,10456,-22,118,-194,-13756,4148,5676,-978,142,-142,-13900,-4980,6196,-525,137,-73,0
253.38054513931277,8784,6596,11420,-186,-142,136,7360,-9348,10380,-29,148,-206,-14044,4200,5600,-975,113,-107,-13896,-4972,6288,-262,192,-95,0
253.41715502738955,8680,6436,11288,-194,-151,120,7392,-9224,10284,8,137,-210,-13728,4112,5740,-769,135,-113,-13984,-4940,6308,-517,211,-80,0
253.45266199111938,8612,6572,11276,-155,-168,119,7228,-9400,10404,-5,115,-214,-13776,4140,5548,-998,137,-99,-13992,-4868,6648,-765,214,-86,0
253.4886920452118,8632,6580,11188,-187,-168,107,7228,-9344,10112,30,42,-225,-13832,4128,5548,-1020,170,-127,-13964,-4984,6160,-499,219,-83,0
253.5222220420837,8548,6576,11452,-203,-183,151,7304,-9220,10352,4,113,-204,-13684,4160,5496,-1003,149,-138,-13996,-5064,6364,-265,230,-63,0
253.55600500106812,8860,6528,11224,-181,-197,138,7360,-9396,10360,18,140,-218,-13572,4168,5400,-1276,157,-181,-13996,-4984,6412,-508,214,-83,0
253.58965611457822,8696,6508,11264,-176,-197,133,7272,-9388,10200,19,506,-259,-13928,4084,5604,-778,148,-144,-14036,-4832,6264,-494,187,-109,0
253.6231710910797,8924,6532,11192,-184,-210,136,7376,-9292,10300,-4,131,-220,-13632,4200,5540,-1006,127,-91,-13976,-4896,6300,-520,182,-86,0
253.6565079689026,8924,6536,11168,-142,-179,122,7340,-9312,10284,9,125,-213,-13924,3868,5420,-1010,104,-45,-14004,-4948,6416,-536,166,-110,0
253.6900839805603,8720,6520,11008,-154,-154,125,7476,-9432,10488,33,15,-181,-13652,4124,5528,-983,91,-98,-14012,-4940,6304,-505,193,-95,0
253.72378396987918,8940,6548,11016,-141,-146,113,7352,-9260,10360,-15,101,-218,-13820,4228,5676,-1001,147,-126,-14028,-4648,6344,-502,200,-83,0
253.75743293762207,8824,6536,11332,-144,-144,134,7372,-9336,10288,-43,70,-194,-13800,4248,5492,-1004,174,-120,-14040,-4872,6232,-521,182,-104,0
253.79079508781436,8820,6652,11008,-130,-127,67,7412,-9388,10388,-17,96,-171,-13944,3924,5620,-1030,67,-81,-13888,-4980,6288,-504,186,-159,0
253.8243579864502,8792,6448,11192,-132,-62,73,7296,-9320,10304,-9,141,-153,-13756,4128,5824,-1032,96,-76,-14020,-4912,6236,-493,99,-112,0
253.85769295692444,8732,6616,11236,-114,-32,84,7380,-9372,10404,-62,152,-160,-13880,4196,5536,-974,105,-76,-14040,-4924,6372,-480,137,-158,0
253.89120411872864,8792,6500,11276,-164,-40,88,7412,-9372,10364,-50,161,-157,-13772,3968,5444,-975,121,-52,-14020,-4828,6244,-459,112,-141,0
253.92473506927487,8732,6444,11028,-140,25,93,7248,-9392,10376,-37,132,-127,-13712,4132,5688,-1027,79,-79,-13980,-4900,6376,-468,84,-144,0
253.95817112922668,8724,6484,11268,-122,-15,87,7336,-9404,10376,-56,146,-128,-13856,4196,5656,-941,37,-44,-13968,-5004,6324,-260,65,-164,0
253.99177813529968,8660,6616,11372,-122,-11,90,7400,-9356,10328,-91,159,-125,-13588,4172,5768,-960,71,-48,-13932,-5008,6368,-493,98,-142,0
254.0254321098328,8692,6468,11476,-114,-24,63,7400,-9324,10392,-27,204,-137,-13760,4292,5560,-983,50,-77,-14012,-4932,6392,-500,151,-144,0
254.0590250492096,8852,6524,11236,-106,-13,115,7288,-9420,10312,-26,125,-155,-13680,4148,5588,-1019,84,-72,-13964,-4892,6520,-767,117,-103,0
254.09251093864438,8452,6424,11480,-100,-53,115,7304,-9316,10292,-24,148,-169,-13676,4136,5696,-988,111,-65,-14044,-5296,6444,-490,155,-115,0
254.12604498863223,8516,6524,11188,-131,-53,65,7340,-9424,10264,-69,116,-214,-13584,4344,5532,-940,78,-68,-13848,-4968,6384,-258,127,-146,0
254.15960311889648,8840,6436,11276,-124,-72,80,7416,-9428,10336,-72,176,-182,-13956,4180,5740,-879,22,-96,-14028,-4996,6300,-506,159,-160,0
254.19314408302307,8664,6600,11180,-116,-41,66,7240,-9352,10472,-38,194,-165,-13780,4196,5732,-988,56,-103,-14056,-4956,6240,-507,131,-142,0
254.22686910629275,8464,6500,11500,-113,-45,77,7320,-9020,10392,-41,144,-175,-13868,4124,5620,-992,64,-75,-13956,-5000,6396,-518,138,-159,0
254.2605509757996,8956,6468,11232,-115,-41,72,7296,-9464,10256,-54,174,-158,-14056,4212,5388,-965,59,-21,-13972,-4932,6264,-485,121,-135,0
254.29360008239746,8760,6496,11436,-157,-74,90,7304,-9400,10372,-74,279,-156,-13776,4248,5440,-1052,101,-89,-13840,-4932,6288,-525,129,-131,0
254.32721710205078,8700,6572,11428,-122,-51,78,7412,-9244,10356,-15,130,-173,-13824,4172,5492,-1007,98,-87,-13952,-4968,6332,-765,165,-114,0
254.36059212684634,8680,6564,11276,-119,-56,81,7288,-9384,10280,-48,141,-186,-13596,4304,5860,-991,104,-118,-14060,-5016,6380,-525,134,-139,0
254.39382815361023,8648,6660,11328,-122,-71,86,7268,-9228,10744,-59,88,-133,-13792,4204,5660,-969,70,-80,-13856,-4940,6236,-768,122,-144,0
254.42747592926025,8636,6504,11300,-115,-49,74,7284,-9372,10292,-59,144,-117,-13784,4140,5624,-972,116,-87,-13928,-5096,6448,-505,139,-123,0
254.46117305755615,8648,6524,11188,-126,-51,83,7292,-9360,10332,-46,129,-169,-14072,4104,5632,-974,53,-75,-14008,-4952,6484,-543,165,-134,0
254.49447202682495,8588,6504,11188,-129,-63,89,7288,-9304,10008,-32,169,-176,-13800,4288,5820,-991,105,-102,-13948,-5100,6624,-479,175,-117,0
254.53174996376038,8496,6588,11376,-161,-67,90,7316,-9408,10368,-31,117,-162,-13776,4240,5740,-982,139,-86,-13988,-4984,6488,-491,141,-123,0
254.56756711006167,8616,6548,11264,-132,-113,103,7348,-9428,10372,-39,143,-186,-13984,4244,5652,-770,109,-72,-14112,-5048,6340,-767,134,-113,0
254.60275292396545,8640,6528,11212,-188,-103,112,7356,-9336,10296,-9,132,-158,-13832,4140,5512,-1013,64,-71,-14020,-4988,6216,-525,134,-114,0
254.63835406303406,8616,6576,11408,-112,-60,80,7308,-9352,10348,-56,125,-130,-13764,4188,5624,-992,108,-74,-13992,-4908,6320,-758,116,-114,0
254.67339301109314,8704,6556,11276,-134,-76,67,7316,-9404,10108,-128,152,-93,-13804,4220,5576,-896,74,-105,-13980,-4992,6376,-537,167,-132,0
254.70919013023374,8624,6512,11264,-138,-27,71,7296,-9412,10220,1,138,-143,-13732,4160,5452,-1022,79,-51,-13860,-4928,6156,-470,164,-146,0
254.7444269657135,8632,6484,11356,-112,-43,79,7240,-9276,10260,-250,150,-161,-13744,4160,5772,-1003,84,-34,-14004,-4964,6504,-511,115,-125,0
254.7802579402924,8680,6564,11388,-148,-39,96,7388,-9324,10380,-62,161,-166,-13908,4204,5520,-948,77,-129,-13900,-4932,6188,-487,106,-108,0
254.8155920505524,8572,6576,11352,-156,-73,101,7344,-9336,10060,-44,170,-176,-13764,4208,5644,-995,104,-106,-14068,-5044,6376,-488,151,-135,0
254.85187411308289,8724,6576,11252,-146,-77,92,7196,-9292,10292,0,124,-177,-13708,4252,5660,-1000,130,-93,-14008,-4972,6428,-768,168,-122,0
254.8874409198761,8564,6528,11356,-131,-90,139,7372,-9356,10208,-17,101,-167,-13720,4136,5664,-1036,142,-118,-13944,-5012,6388,-512,183,-79,0
254.92254805564878,8620,6548,11272,-155,-105,104,7304,-9336,10308,18,123,-199,-13724,4124,5724,-1021,128,-113,-13960,-4808,6440,-465,198,-108,0
254.95860099792478,8604,6564,11412,-178,-118,113,7328,-9688,10404,250,125,-202,-13864,4236,5668,-988,114,-134,-14036,-4876,6284,-497,217,-81,0
254.99382114410398,8664,6480,11408,-171,-144,121,7368,-9412,10276,19,131,-212,-13792,4128,5704,-995,116,-138,-13940,-4972,6248,-524,210,-95,0
255.0291669368744,8552,6544,11268,-163,-190,130,7288,-9448,10380,-19,136,-202,-13720,4132,5596,-1008,113,-129,-13940,-4964,6284,-492,209,-63,0
255.06429815292358,8648,6528,11364,-202,-168,145,7260,-9436,10440,-40,125,-234,-13844,4260,5532,-989,136,-169,-13936,-5048,6144,-503,201,-73,0
255.10064792633054,8664,6540,11408,-186,-170,129,7240,-9440,10340,-249,146,-249,-13732,4180,5600,-985,138,-97,-14020,-4880,6444,-500,216,-87,0
255.1353030204773,8460,6500,11128,-166,-170,133,7296,-9432,10284,21,143,-197,-13732,4212,5776,-966,172,-119,-14320,-5016,6312,-529,188,-54,0
255.17201113700867,8624,6468,11328,-167,-169,143,7300,-9372,10152,-255,138,-222,-13768,4100,5564,-1015,155,-147,-13996,-4996,6192,-495,209,-81,0
255.20558714866638,8728,6492,11516,-183,-172,159,7352,-9292,10360,21,124,-240,-13832,4184,5472,-997,162,-153,-13932,-5040,6428,-531,267,-84,0
255.23928713798523,8544,6516,11348,-172,-226,160,7296,-9272,10280,-4,116,-215,-14000,4180,5396,-1003,136,-145,-14076,-4876,6328,-527,217,-98,0
255.27285313606262,8948,6504,11220,-147,-181,159,7352,-9276,10292,10,124,-220,-13812,4152,5856,-1008,137,-157,-13928,-4872,6404,-518,198,-101,0
255.30647492408755,8740,6532,11264,-171,-201,158,7240,-9320,10340,-13,107,-205,-14004,4180,5600,-997,149,-144,-13976,-5100,6168,-496,198,-52,0
255.33967995643616,8928,6560,11028,-209,-154,129,7328,-9336,10320,-7,133,-213,-13664,3876,5848,-988,149,-125,-13984,-5000,6280,-478,193,-69,0
255.37322902679443,8464,6520,11320,-185,-175,152,7336,-9276,10420,-29,144,-197,-13800,4228,5680,-991,138,-114,-14120,-4920,6436,-262,183,-63,0
255.40682101249695,8820,6512,11220,-170,-183,141,7392,-9432,10316,5,133,-203,-13844,4188,5440,-1278,124,-145,-14048,-4776,6248,-514,182,-104,0
255.44031214714047,8448,6564,11276,-190,-183,139,7336,-9320,10464,38,67,-208,-13656,4044,5480,-1034,134,-151,-13816,-5004,6364,-511,189,-70,0
255.4738941192627,8668,6544,11040,-155,-197,126,7372,-9324,10344,-17,142,-214,-13772,4184,5556,-981,123,-174,-13896,-4892,6640,-501,241,-78,0
255.50767207145688,8952,6520,11340,-195,-200,120,7452,-9300,10376,-9,83,-252,-13628,4180,5524,-971,158,-159,-13992,-4824,6300,-495,245,-73,0
255.54131698608398,8760,6392,11064,-177,-183,132,7372,-9280,10100,-4,92,-185,-13968,4120,5804,-996,107,-93,-14228,-4776,6236,-495,170,-83,0
255.5749089717865,8872,6428,11120,-157,-155,137,7316,-9424,10412,11,135,-153,-13724,4036,5496,-1275,82,-46,-14300,-4880,6432,-496,115,-114,0
255.60841894149783,8624,6544,11112,-181,-110,134,7316,-9276,10360,-5,149,-175,-13772,4176,5580,-990,102,-94,-13976,-5048,6312,-263,152,-101,0
255.64191007614136,8620,6428,11056,-135,-122,91,7344,-9392,10340,-62,107,-170,-13880,4204,5544,-1001,128,-97,-14000,-4700,6252,-513,175,-119,0
255.675616979599,8900,6504,11168,-101,-128,112,7204,-9336,10424,-9,41,-197,-13744,4184,5576,-990,98,-123,-13920,-4916,6312,-522,187,-143,0
255.70922112464902,8628,6436,11164,-88,-53,105,7284,-9260,10484,-17,90,-200,-14076,4100,5536,-999,111,-119,-14024,-4920,6332,-500,156,-143,0
255.74275302886963,8788,6556,11292,-110,-48,115,7372,-9316,10228,-47,97,-200,-13792,4100,5652,-1001,121,-108,-13984,-4876,6332,-490,128,-130,0
255.77640509605408,8708,6476,11340,-125,-16,64,7356,-9344,10388,-17,155,-153,-13656,4256,5648,-1007,102,-91,-14080,-4952,6228,-504,164,-156,0
255.80999898910522,8884,6468,11400,-118,-9,68,7436,-9396,10304,-43,155,-155,-13596,4332,5628,-982,62,-80,-14080,-4940,6336,-492,137,-148,0
255.84359908103943,8772,6468,11236,-112,-47,75,7400,-9320,10388,-27,131,-163,-13812,4260,5588,-1022,67,-24,-14036,-4896,6260,-509,127,-157,0
255.87725710868838,8740,6500,11292,-105,-14,68,7352,-9280,10436,-47,125,-139,-13728,4208,5560,-985,66,-60,-13904,-4900,6384,-492,128,-151,0
255.91052794456482,8672,6580,11256,-106,-27,53,7280,-9320,10492,-60,163,-138,-13712,4140,5568,-1005,62,-64,-14056,-4916,6384,-501,105,-149,0
255.9469759464264,8772,6464,11236,-113,-49,67,7252,-9376,10420,-15,146,-146,-13740,4152,5376,-1008,86,-64,-14028,-4980,6196,-515,142,-145,0
255.98072600364685,8772,6464,11324,-111,-52,74,7264,-9492,10372,-18,167,-142,-13732,4204,5808,-992,73,-86,-14216,-5008,6492,-495,138,-141,0
256.0142631530762,8640,6552,11088,-111,-54,89,7444,-9392,10392,-43,111,-164,-13740,4148,5652,-982,93,-76,-13988,-4872,6304,-489,135,-106,0
256.04795813560486,8820,6516,11052,-114,-61,111,7268,-9304,10384,-52,124,-156,-13780,4172,5592,-999,90,-51,-13980,-5004,6304,-500,143,-124,0
256.0815849304199,8916,6444,11452,-116,-73,93,7060,-9380,10240,-14,83,-171,-13708,4100,5820,-994,94,-78,-13968,-4952,6244,-523,138,-113,0
256.11539912223816,8868,6532,11276,-102,-67,92,7548,-9292,10240,-30,153,-177,-13592,4140,5528,-971,94,-60,-13964,-5032,6416,-473,130,-74,0
256.1487820148468,8772,6628,11212,-114,-45,77,7416,-9300,10256,-59,134,-159,-13820,4120,5576,-975,94,-75,-14004,-4852,6444,-522,101,-137,0
256.18185210227966,8752,6416,11200,-124,-40,90,7260,-9372,10248,-37,150,-134,-13684,4140,5552,-1012,61,-41,-14000,-4928,6368,-525,91,-138,0
256.21944308280945,8648,6628,11452,-107,-42,94,7296,-9372,10408,239,137,-148,-14036,4100,5700,-1003,43,-64,-14008,-5052,6300,-508,72,-129,0
256.2551929950714,8804,6828,11180,-86,-51,82,7252,-9412,10632,-84,173,-159,-13760,4088,5692,-985,61,-70,-14004,-4904,6288,-498,134,-156,0
256.2906460762024,8596,6468,11452,-96,-84,61,7340,-9348,10344,-52,182,-174,-14008,4188,5600,-944,90,-80,-13916,-5020,6352,-483,141,-127,0
256.32564091682434,8696,6432,11376,-139,-12,73,7364,-9296,10240,-21,174,-167,-13732,4276,5504,-993,93,-55,-14036,-5040,6360,-474,125,-102,0
256.3609471321106,8608,6448,11332,-114,-51,84,7284,-9292,10400,-14,143,-139,-13720,4128,5504,-1014,51,-77,-13868,-5044,6384,-259,118,-114,0
256.3960990905762,8736,6592,11316,-119,-67,75,7300,-9316,10384,-79,169,-156,-13964,4228,5392,-950,75,-33,-13960,-4936,6368,-493,109,-128,0
256.4320590496063,8600,6480,11132,-135,-59,90,7400,-9376,10012,-57,124,-177,-13740,4180,5616,-1014,92,-118,-13992,-5060,6296,-507,143,-113,0
256.46781492233276,8628,6488,11192,-124,-64,98,7216,-9416,10352,-27,81,-174,-13708,4256,5612,-1010,111,-64,-13864,-4956,6444,-533,177,-111,0
256.5026800632477,8720,6548,11020,-88,-67,100,7248,-9436,10272,-39,95,-185,-13760,4200,5696,-1021,110,-102,-14020,-5056,6600,-546,188,-109,0
256.5381450653076,8716,6516,11348,-93,-114,98,7348,-9360,10340,-4,107,-186,-13992,4212,5688,-967,109,-61,-14028,-5008,6412,-507,124,-105,0
256.57332491874695,8728,6400,11184,-124,-57,102,7332,-9336,10384,-57,151,-177,-13768,4116,5688,-993,119,-92,-13988,-4928,6212,-490,162,-102,0
256.60888600349426,8684,6584,11368,-126,-87,111,7300,-9320,10324,-15,123,-168,-13764,4196,5540,-1001,117,-72,-13864,-4940,6332,-495,132,-127,0
256.64396500587463,8668,6544,11264,-126,-128,76,7300,-9364,10212,-30,132,-174,-13816,4320,5764,-901,54,-98,-13984,-5028,6436,-473,141,-149,0
256.6799249649048,8720,6568,11212,-137,-57,109,7416,-9248,10424,-13,173,-227,-13728,4208,5388,-950,81,-128,-13992,-5024,6404,-517,139,-134,0
256.7149090766907,8660,6592,11344,-130,-97,85,7304,-9508,10300,-14,175,-179,-13728,4172,5744,-994,96,-96,-13920,-4968,6352,-526,184,-122,0
256.75079703330994,8688,6544,11208,-114,-98,91,7356,-9388,10312,-27,147,-157,-13740,4252,5700,-992,105,-140,-13948,-4992,6524,-480,164,-111,0
256.78636598587036,8604,6592,11084,-125,-109,102,7372,-9372,10404,-22,153,-208,-13680,4148,5388,-1018,108,-122,-14056,-5264,6172,-510,159,-105,0
256.82214403152466,8588,6564,11256,-111,-115,82,7432,-9320,10392,-16,131,-208,-13644,3916,5668,-1007,147,-103,-13896,-4932,6244,-763,153,-121,0
256.8574459552765,8680,6552,11248,-143,-93,98,7324,-9336,10344,-37,149,-179,-13804,4268,5576,-1005,141,-79,-13860,-4940,6404,-501,174,-124,0
256.8908100128174,8584,6608,11300,-151,-110,126,7308,-9416,10280,253,141,-152,-13740,4324,5812,-979,97,-110,-13964,-5040,6148,-257,153,-113,0
256.92447113990784,8636,6528,11340,-167,-124,103,7232,-9400,10332,-14,174,-173,-14008,4132,5844,-974,136,-127,-13892,-5092,6176,-462,179,-100,0
256.95789313316345,8616,6576,11264,-198,-131,118,7300,-9372,10360,-5,138,-192,-13804,4084,5392,-980,165,-121,-14024,-5052,6388,-508,169,-64,0
256.99164509773254,8632,6612,11368,-166,-172,128,7276,-9372,10216,-2,123,-204,-13816,4268,5804,-1021,151,-107,-13972,-4800,6388,-511,221,-81,0
257.02495312690735,8668,6440,11272,-198,-159,138,7348,-9344,10244,-255,131,-224,-13712,4164,5376,-769,97,-99,-13940,-4776,6360,-514,229,-106,0
257.0584349632263,8660,6560,11452,-141,-199,118,7348,-9352,10380,-1,166,-211,-14072,4156,5828,-997,137,-127,-13940,-5048,6368,-505,207,-103,0
257.09216713905334,8692,6548,11384,-164,-198,128,7388,-9312,10332,253,152,-228,-13820,4184,5700,-958,134,-134,-13972,-4928,6360,-498,247,-91,0
257.12578892707825,8576,6520,11140,-209,-157,114,7340,-9412,10284,28,133,-226,-14036,4336,5520,-1003,177,-156,-14072,-4900,6256,-465,212,-99,0
257.1589181423187,8588,6512,11276,-199,-134,159,7292,-9520,10420,30,102,-182,-13584,4136,5588,-1048,161,-103,-13940,-5000,6328,-477,168,-73,0
257.1924569606781,8724,6492,11456,-202,-162,153,7468,-9284,10320,-16,128,-183,-13708,4072,5588,-989,158,-65,-14000,-5112,6504,-258,148,-67,0
257.2257969379425,8684,6400,11020,-186,-165,132,7284,-9316,10372,-29,141,-211,-14052,4100,5572,-967,148,-92,-13928,-4620,6240,-498,187,-97,0
257.2596070766449,8920,6564,11208,-161,-209,171,7192,-9352,10648,253,136,-197,-14036,4260,5580,-1004,117,-152,-14052,-4992,6264,-535,198,-84,0
257.29313611984253,8772,6512,11372,-169,-186,160,7392,-9304,10268,47,96,-206,-13700,4112,5512,-1006,158,-191,-13964,-5024,6360,-532,221,-86,0
257.3268949985504,8900,6488,11232,-136,-156,139,7360,-9252,10352,-15,78,-224,-13812,4100,5536,-1032,164,-146,-13976,-4988,6348,-518,214,-47,0
257.36021614074707,8516,6472,11324,-199,-187,155,7360,-9260,10084,-5,93,-224,-13812,3916,5732,-1000,147,-87,-13956,-5004,6452,-470,186,-42,0
257.393443107605,8728,6632,11356,-210,-159,141,7328,-9384,10400,-8,113,-229,-13868,4276,5708,-987,145,-147,-14056,-4948,6380,-505,216,-92,0
257.4272220134735,8728,6220,11384,-184,-180,127,7288,-9392,10412,12,90,-213,-13736,4244,5384,-1212,133,-155,-13932,-5020,6268,-763,231,-80,0
257.4605529308319,8768,6572,11136,-170,-185,148,7384,-9276,10444,-29,116,-235,-13812,4116,5644,-999,139,-138,-14036,-4992,6312,-497,201,-67,0
257.4942400455475,8788,6544,11116,-155,-199,122,7376,-9332,10476,-32,138,-218,-13772,3840,5724,-960,136,-129,-13956,-4612,6368,-767,180,-102,0
257.52791810035706,8748,6628,11224,-134,-159,91,7400,-9388,10460,-18,109,-200,-13872,4156,5840,-777,109,-125,-14000,-4664,6364,-541,198,-123,0
257.5616190433502,8652,6432,11368,-162,-147,129,7328,-9260,10288,70,133,-187,-13672,4048,5572,-1015,134,-137,-13936,-5032,6356,-481,175,-64,0
257.5953459739685,8800,6380,11228,-135,-132,127,7356,-9316,10272,-40,77,-217,-13996,4324,5548,-1000,146,-123,-14016,-4876,6192,-527,206,-72,0
257.62903809547424,8740,6408,11336,-153,-155,95,7204,-9444,10432,-17,132,-216,-13792,4240,5604,-1018,129,-102,-14012,-4908,6232,-500,173,-87,0
257.6624550819397,8800,6496,11164,-121,-104,124,7204,-9244,10408,-26,97,-174,-13692,4068,5492,-999,109,-73,-14068,-4816,6320,-512,125,-127,0
257.69605898857117,8740,6528,11140,-145,-50,81,7380,-9280,10356,-10,136,-150,-13644,4016,5444,-1011,92,-55,-13912,-4928,6160,-483,88,-163,0
257.72974705696106,8812,6500,11304,-143,45,58,7388,-9300,10120,-26,188,-149,-13892,4108,5716,-986,83,-78,-13936,-4792,6468,-467,82,-160,0
257.76325011253357,8684,6472,11132,-160,253,60,7184,-9388,10340,-63,184,-137,-13872,4108,5584,-955,64,-70,-14012,-5116,6272,-762,113,-144,0
257.7968821525574,8684,6608,11040,-139,-39,54,7288,-9336,10736,-47,144,-166,-13836,4112,5464,-979,75,-79,-14100,-4988,6456,-478,139,-141,0
257.8305621147156,8744,6604,11152,-129,-30,74,7276,-9216,10412,-81,145,-142,-13792,4116,5400,-957,109,-35,-14052,-4940,6304,-508,127,-113,0
257.86374402046204,8704,6444,11264,-117,-55,78,7340,-9388,10300,-91,143,-125,-13804,4220,5416,-970,88,-62,-14000,-4920,6468,-501,102,-124,0
257.9016990661621,8808,6488,11296,-139,-12,94,7332,-9216,10248,-19,122,-123,-13704,4224,5384,-1023,74,-226,-13980,-5004,6516,-490,84,-104,0
257.937726020813,8568,6492,11340,-149,4,121,7520,-9356,10332,22,493,-134,-13680,4260,5496,-1091,105,-75,-13840,-4996,6184,-511,125,-108,0
257.97268414497375,8664,6424,11068,-109,-53,84,7536,-9324,10048,-41,99,-176,-13728,4220,5580,-944,107,-63,-13948,-5016,6404,-537,148,-94,0
258.00812292099,8944,6624,11360,-90,-64,99,7348,-9340,10332,-72,125,-177,-13820,4132,5468,-976,97,-115,-14044,-4656,6592,-524,125,-122,0
258.0438611507416,8512,6420,11236,-92,-47,89,7484,-9296,10208,-59,131,-177,-13588,3852,5512,-981,55,-61,-13888,-4908,6336,-500,99,-147,0
258.0794711112976,8812,6460,11168,-106,-20,58,7488,-9352,10340,-28,161,-151,-13840,4180,5380,-944,-5,-28,-13968,-4948,6392,-491,67,-188,0
258.11466097831726,8752,6452,11248,-149,-3,30,7276,-9328,10280,250,290,-168,-13760,4236,5612,-1091,12,-68,-13864,-5024,6384,-457,149,-190,0
258.1497600078583,8672,6420,11388,-137,-4,49,7336,-9408,10352,-45,181,-163,-13720,4248,5796,-935,78,-69,-13996,-4916,6156,-456,211,-146,0
258.18509006500244,8600,6556,11340,-133,-100,84,7224,-9284,10276,-48,132,-214,-13748,4168,5420,-1016,117,-154,-13916,-4924,6444,-501,196,-127,0
258.22091007232666,8620,6488,11316,-114,-123,104,7348,-9328,10356,-78,113,-201,-13804,4256,5768,-1000,101,-71,-13924,-5056,6604,-546,139,-134,0
258.2559781074524,8640,6528,11056,-97,-62,94,7344,-9352,10468,-47,136,-143,-13752,4208,5600,-992,70,-105,-14096,-4976,6312,-512,93,-152,0
258.2916889190674,8752,6488,11220,-131,-48,69,7388,-9348,10264,-12,181,-122,-13720,4000,5704,-984,20,-46,-14056,-5064,6348,-767,94,-121,0
258.32761311531067,8676,6564,11260,-137,-26,88,7312,-9368,10448,-51,121,-151,-13764,4144,5524,-1006,51,-64,-13944,-5012,6352,-505,104,-112,0
258.3626470565796,8608,6492,11468,-142,-43,75,7304,-9436,10292,241,119,-194,-13564,4056,5728,-926,94,-96,-13960,-5036,6380,-489,191,-111,0
258.39804911613464,8516,6464,11468,-153,-105,120,7300,-9356,10380,-51,75,-201,-13932,4284,5700,-1011,162,-85,-13864,-5116,6476,-503,207,-85,0
258.433128118515,8536,6628,11320,-123,-129,133,7416,-9404,10288,-61,87,-200,-13756,4128,5540,-987,199,-110,-14048,-4968,6512,-512,182,-82,0
258.46877694129944,8460,6488,11264,-119,-135,118,7440,-9456,10408,-32,111,-215,-13632,4252,5532,-965,131,-99,-13928,-4916,6616,-499,165,-95,0
258.5032169818878,8672,6424,11508,-114,-89,83,7360,-9352,10360,-47,120,-150,-13756,4168,5564,-960,97,-82,-14016,-4988,6268,-504,137,-136,0
258.53983092308044,8932,6548,11312,-127,-57,67,7348,-9372,10320,-12,174,-158,-13900,4092,5528,-971,89,-86,-14004,-5108,6284,-484,143,-135,0
258.573215007782,8732,6432,11328,-168,-38,97,7308,-9408,10320,-20,159,-155,-13824,4148,5708,-976,96,-100,-13836,-4928,6248,-508,127,-141,0
258.6069130897522,8928,6408,11420,-156,-102,80,7332,-9228,10340,-23,151,-174,-13752,4164,5752,-1013,60,-117,-13928,-4928,6320,-528,190,-113,0
258.6403810977936,8680,6556,11012,-165,-143,102,7204,-9324,10268,15,152,-208,-13732,4136,5880,-1011,113,-120,-13900,-5096,6356,-465,183,-104,0
258.67396092414856,8920,6596,11208,-113,-125,101,7304,-8996,10400,25,129,-228,-13808,4152,5856,-1016,132,-118,-13976,-5016,6340,-488,189,-111,0
258.7076621055603,8636,6564,11440,-159,-186,86,7276,-9380,10472,15,106,-246,-13716,4104,5448,-995,150,-153,-14000,-4844,6468,-459,226,-75,0
258.7411861419678,8536,6552,11304,-193,-161,140,7336,-9264,10448,17,115,-215,-13812,4216,5552,-1030,148,-147,-13900,-4980,6400,-468,217,-64,0
258.77458596229553,8676,6524,11280,-159,-123,139,7316,-9368,10444,255,124,-210,-14020,4180,5492,-986,154,-130,-14024,-4940,6340,-526,143,-92,0
258.80817699432373,8648,6576,11204,-186,-189,125,7616,-9288,10408,-37,110,-211,-13692,4148,5872,-970,139,-134,-13880,-4996,6328,-508,180,-98,0
258.8418481349945,8672,6504,11448,-166,-211,131,7312,-9284,10252,-26,101,-214,-13748,4080,5772,-992,144,-144,-13972,-5040,6304,-527,221,-75,0
258.87544298171997,8488,6424,11440,-144,-204,150,7384,-9352,10300,28,90,-234,-13848,3924,5588,-993,151,-142,-14028,-4804,6256,-532,10,-31,0
258.9085459709168,8744,6588,11208,-153,-184,167,7416,-9340,10280,-3,68,-223,-13760,4092,5548,-769,188,-127,-13988,-4688,6376,-513,231,-58,0
258.95960903167725,8696,6384,11368,-188,-183,155,7460,-9312,10284,24,100,-213,-13828,4072,5432,-1020,150,-142,-14052,-4788,6620,-507,196,-50,0
259.0036311149597,8880,6456,11504,-206,-161,145,7448,-9360,10344,12,144,-202,-13896,4172,5612,-998,125,-156,-14040,-4952,6336,-500,201,-119,0
259.0384449958801,8784,6416,11324,-187,-148,139,7328,-9328,10460,255,91,-180,-13580,4156,5648,-1041,126,-150,-13960,-4872,6380,-501,161,-105,0
259.0719850063324,8660,6580,11120,-150,-145,129,7320,-9348,10392,18,145,-229,-13848,4172,5864,-964,73,-136,-14048,-4908,6448,-518,186,-84,0
259.10529613494873,8492,6548,11168,-164,-166,120,7392,-9312,10348,-19,128,-241,-13768,4008,5720,-1023,103,-134,-13932,-5008,6264,-487,195,-76,0
259.13870000839233,8460,6452,11392,-179,-179,113,7328,-9396,10248,8,136,-189,-13656,4076,5564,-1003,108,-124,-14116,-4796,6388,-506,199,-118,0
259.17235803604126,8880,6460,11340,-161,-175,141,7332,-9400,10328,-256,106,-200,-13800,3868,5844,-1009,137,-131,-13968,-4980,6472,-263,201,-87,0
259.2058389186859,8656,6452,11328,-170,-168,148,7412,-9252,10256,36,159,-293,-13700,4140,5496,-988,178,-191,-13936,-4980,6412,-497,200,-82,0
259.2394609451294,8780,6224,11040,-166,-211,117,7316,-9260,10300,18,120,-220,-13812,4088,5660,-1015,173,-161,-14000,-4792,6396,-491,207,-105,0
259.272982120514,8776,6500,11224,-120,-175,125,7384,-9360,10292,28,55,-234,-13620,4140,5804,-1017,125,-132,-13968,-4944,6244,-765,194,-86,0
259.3065941333771,8800,6412,11192,-166,-151,138,7204,-9216,10304,-26,234,-203,-13732,4028,5620,-1012,125,-91,-14028,-4888,6176,-500,173,-96,0
259.3401939868927,8876,6500,11204,-139,-108,104,7464,-9368,10232,-54,151,-171,-13792,3840,5520,-983,108,-43,-14016,-4656,6248,-766,137,-100,0
259.37371611595154,8844,6196,11168,-98,-76,68,7432,-9252,10296,-49,139,-153,-13652,3908,5492,-1011,27,-126,-14060,-4864,6320,-512,143,-161,0
259.4068241119385,8860,6560,11228,-152,-21,82,7328,-9248,10304,14,134,-121,-13824,4088,5488,-1014,74,-96,-13952,-4916,6236,-498,93,-141,0
259.44033908843994,8852,6440,11028,-102,-14,70,7376,-9240,10344,-77,150,-146,-13696,4172,5524,-987,73,-69,-13960,-4892,6304,-482,141,-144,0
259.47395491600037,8760,6644,11220,-154,-46,66,7408,-9328,10420,-62,161,-166,-13908,4244,5704,-974,90,-106,-14012,-4916,6352,-481,147,-119,0
259.5082130432129,8808,6472,11112,-117,-247,99,7368,-9228,10320,-32,130,-146,-13788,4136,5592,-994,61,-62,-13952,-5120,6348,-472,117,-129,0
259.5414209365845,8948,6460,11156,-128,6,88,7536,-9228,10392,-14,157,-131,-13824,4212,5564,-1273,55,-16,-13884,-4892,6504,-505,51,-136,0
259.5802321434021,8624,6528,11324,-124,7,67,7232,-9416,10240,8,182,-147,-13736,4144,5628,-999,50,-36,-13996,-4964,6416,-504,102,-144,0
259.61551094055176,8628,6508,11372,-88,-43,57,7296,-9412,10200,37,262,-222,-13824,4028,5856,-987,49,-67,-14000,-4988,6280,-533,122,-148,0
259.6514799594879,8496,6536,11328,-109,-42,67,7284,-9344,10260,240,147,-169,-13752,4188,5528,-1013,82,-102,-13984,-4680,6304,-499,149,-150,0
259.68782901763916,8576,6476,11152,-101,-40,75,7416,-9340,10520,-35,140,-183,-13692,4104,5720,-930,69,-131,-13984,-4868,6156,-503,148,-121,0
259.722815990448,8768,6380,11196,-125,-74,69,7228,-9360,10452,-57,216,-235,-13680,4256,5464,-1069,128,-66,-13956,-4940,6456,-484,143,-118,0
259.75911808013916,8504,6548,11144,-123,-51,89,7616,-9224,10376,-64,133,-178,-13804,4088,5852,-884,88,-70,-13852,-4632,6248,-505,136,-147,0
259.7940709590912,8760,6472,11304,-130,-66,91,7360,-9280,10360,-54,167,-162,-13840,4240,5676,-1006,90,-90,-13964,-4952,6608,-501,117,-139,0
259.82921600341797,8556,6548,11472,-91,-24,79,7404,-8976,10332,-36,132,-146,-13708,4228,5624,-986,66,-57,-13972,-4960,6272,-533,123,-139,0
259.8646080493927,8452,6640,11268,-90,-28,57,7624,-9312,10504,-92,162,-133,-13668,4048,5384,-886,90,-60,-13908,-4828,6384,-537,91,-155,0
259.89989614486694,8692,6472,11008,-92,-61,64,7260,-9272,10456,-102,144,-130,-14044,4144,5412,-989,56,-109,-14060,-4992,6236,-516,124,-112,0
259.93479800224304,8880,6532,11416,-105,-67,68,7300,-9332,10440,-57,145,-148,-13752,4188,5580,-986,89,-51,-13980,-4968,6352,-498,125,-113,0
259.9702260494232,8672,6540,11224,-93,-63,78,7296,-9344,10328,-52,12,-225,-13648,4252,5424,-1121,115,-115,-14028,-4908,6452,-499,169,-113,0
260.0056431293488,8940,6504,11388,-98,-76,92,7332,-9336,10364,-40,92,-180,-13660,4128,5616,-903,62,-101,-13936,-5052,6348,-509,139,-105,0
260.04172015190125,8644,6564,11364,-90,-60,78,7332,-9340,10300,-68,108,-176,-13840,4228,5516,-986,121,-69,-14056,-4932,6152,-521,145,-118,0
260.0777220726013,8904,6480,11412,-93,-92,89,7188,-9308,10400,-52,114,-150,-13868,4208,5792,-983,52,-104,-14012,-5076,6208,-527,164,-153,0
260.1127791404724,8656,6504,11260,-104,-94,94,7252,-9356,10392,-36,193,-207,-13956,4220,5444,-1138,106,-60,-13920,-5008,6272,-511,133,-106,0
260.1486670970917,8652,6460,11300,-93,-72,85,7544,-9344,10420,-90,123,-108,-13796,4004,5504,-917,77,-103,-13968,-5068,6344,-537,117,-143,0
260.1833610534668,8704,6556,11008,-102,-66,78,7312,-9288,10352,-8,128,-178,-13732,4156,5428,-973,75,-71,-14016,-4904,6384,-504,146,-121,0
260.2196130752564,8648,6440,11252,-105,-40,93,7444,-9352,10176,-13,147,-162,-13820,4132,5532,-1017,118,-130,-13860,-5012,6392,-495,135,-140,0
260.2532429695129,8660,6608,11040,-89,-68,90,7344,-9348,10412,-16,144,-149,-13828,4072,5616,-986,75,-100,-14068,-4940,6584,-503,99,-136,0
260.2869200706482,8592,6572,11188,-107,-77,91,7416,-9332,10372,-50,142,-157,-13592,4172,5648,-981,69,-81,-14000,-5076,6288,-487,147,-148,0
260.32047510147095,8624,6580,11120,-127,-97,107,7308,-9336,10276,-78,142,-161,-13740,4108,5452,-986,68,-44,-14196,-5004,6624,-502,173,-132,0
260.3540360927582,8620,6436,11204,-122,-88,92,7304,-9404,10328,-1,136,-175,-13700,4188,5640,-1006,114,-79,-13924,-4740,6420,-517,170,-114,0
260.3875560760498,8616,6536,11456,-89,-61,105,7300,-9320,10224,255,122,-194,-13692,4204,5684,-772,104,-98,-13956,-4912,6484,-510,169,-107,0
260.4206631183624,8572,6700,11416,-118,-112,94,7248,-9340,10276,-60,509,-188,-13664,4232,5492,-1110,130,-129,-13916,-5040,6228,-504,156,-92,0
260.4542710781097,8612,6540,11332,-103,-59,101,7440,-9404,10312,-47,131,-164,-13792,4100,5548,-982,101,-86,-13864,-5080,6212,-498,157,-125,0
260.4879550933838,8636,6496,11088,-125,-93,94,7400,-9388,10356,-26,117,-205,-13752,4136,5752,-1002,56,-88,-13888,-5020,6392,-512,168,-157,0
260.5215530395508,8660,6604,11312,-132,-113,117,7300,-9332,10040,-8,123,-178,-13732,4216,5624,-998,115,-57,-13944,-4956,6384,-499,193,-111,0
260.5554730892181,8732,6496,11432,-137,-98,104,7332,-9348,10304,-45,138,-204,-13804,4124,5836,-1000,85,-72,-13960,-5040,6544,-499,161,-94,0
260.58877897262573,8656,6548,11220,-149,-102,104,7288,-9380,10488,-40,132,-207,-13716,4480,5768,-995,100,-124,-13944,-4936,6436,-516,190,-115,0
260.622328042984,8916,6548,11336,-176,-129,108,7348,-9384,10312,16,160,-208,-13776,4276,5736,-975,93,-143,-13952,-4956,6456,-509,191,-103,0
260.6558151245117,8940,6544,11280,-155,-153,113,7248,-9364,10256,17,120,-212,-13780,4184,5804,-1013,133,-149,-13932,-4872,6404,-516,192,-98,0
260.68931698799133,8656,6564,11180,-160,-152,131,7332,-9380,10240,9,124,-239,-13764,4132,5660,-1005,167,-164,-14012,-4996,6524,-509,223,-86,0
260.7229890823364,8648,6492,11328,-146,-165,121,7400,-9252,10220,-15,139,-229,-13732,4332,5624,-982,156,-115,-13964,-5008,6368,-501,227,-55,0
260.75658202171326,8920,6492,11088,-165,-174,139,7376,-9344,10380,-31,121,-218,-13748,4188,5644,-990,160,-119,-13896,-5016,6480,-500,198,-58,0
260.7898380756378,8644,6568,11172,-192,-197,144,7352,-9312,10208,-11,130,-196,-13748,4204,5768,-983,135,-120,-14012,-4904,6464,-523,217,-75,0
260.8234951496124,8684,6540,11240,-209,-179,154,7336,-9368,10236,-5,121,-201,-13756,4180,5752,-995,163,-132,-13944,-5000,6416,-506,184,-62,0
260.8574161529541,8624,6588,11080,-179,-171,135,7308,-9296,10380,8,96,-211,-13776,4004,5408,-997,140,-142,-14000,-4992,6144,-502,209,-90,0
260.8907821178436,8712,6544,11392,-155,-193,109,7324,-9308,10296,8,120,-230,-13788,4304,5500,-963,145,-148,-14060,-4992,6488,-503,271,-83,0
260.92415404319763,8884,6424,11044,-199,-204,140,7368,-9308,10280,14,127,-240,-13784,4140,5616,-771,141,-108,-14004,-4616,6424,-465,211,-56,0
260.96221113204956,8772,6484,11104,-182,-190,124,7256,-9328,10308,40,156,-219,-14072,4324,5740,-1013,157,-114,-13980,-5052,6312,-495,141,-101,0
260.9961559772492,8680,6552,11300,-206,-143,114,7296,-9328,10528,-18,131,-183,-13804,4140,5868,-998,138,-113,-14028,-4844,6408,-512,124,-98,0
261.0301010608673,8748,6588,11236,-181,-182,136,7292,-9432,10148,252,306,-228,-13712,4308,5688,-971,133,-150,-13916,-5048,6316,-768,199,-96,0
261.0637950897217,8668,6516,11232,-146,-175,121,7392,-9372,10336,-16,111,-230,-13768,4120,5532,-782,142,-150,-13980,-4972,6204,-516,254,-105,0
261.09741592407227,8680,6464,11032,-179,-205,130,7220,-9308,10448,40,83,-237,-13752,4120,5660,-1029,145,-163,-13928,-5080,6212,-259,237,-49,0
261.1310489177704,8496,6448,11264,-168,-195,147,7332,-9380,10216,12,115,-238,-13760,3900,5580,-1007,159,-122,-14036,-4964,6412,-494,227,-100,0
261.1642920970917,8668,6428,11488,-213,-202,125,6928,-9360,10180,8,131,-218,-13576,4176,5632,-1006,147,-127,-14024,-4920,6400,-483,192,-81,0
261.1979439258576,8832,6488,11048,-196,-200,119,7412,-9312,10284,14,119,-222,-13844,4208,5648,-965,123,-167,-13968,-4992,6432,-518,213,-111,0
261.23374605178833,8840,6504,11224,-161,-155,139,7432,-9236,10320,-4,143,-210,-13800,4124,5512,-771,119,-104,-13996,-5120,6264,-767,192,-78,0
261.2696599960327,8764,6368,11204,-150,-189,120,7372,-9288,10304,-10,131,-198,-13780,4092,5808,-987,150,-140,-13964,-5048,6608,-757,182,-100,0
261.30486702919006,8896,6348,11192,-141,-173,120,7352,-9316,10360,-11,123,-236,-13800,3984,5880,-919,144,-100,-14028,-4980,6272,-257,165,-98,0
261.34017395973206,8876,6468,11376,-161,-151,115,7384,-9368,10348,-20,142,-200,-13580,4188,5556,-1020,95,-148,-14052,-4980,6232,-502,169,-106,0
261.3756630420685,8776,6644,11268,-118,-102,112,7336,-9356,10332,-12,100,-212,-13672,4228,5420,-883,87,-160,-14032,-4620,6284,-497,166,-111,0
261.4112911224365,8884,6184,11228,-106,-119,99,7476,-9208,10252,-45,117,-210,-13604,3896,5716,-995,91,-138,-13960,-4944,6240,-494,139,-101,0
261.4462299346924,8728,6496,11072,-115,-92,101,7428,-9044,10044,-39,112,-163,-14004,3904,5660,-990,97,-80,-13948,-4648,6308,-504,168,-120,0
261.4823160171509,8756,6492,11244,-143,-59,82,7508,-9340,10272,-76,138,-152,-14004,4092,5636,-978,96,-24,-14300,-4908,6260,-495,96,-115,0
261.5174510478973,8852,6184,11348,-112,-15,81,7396,-9256,10396,-16,121,-149,-13884,4272,5844,-1060,45,-50,-14012,-5008,6352,-482,121,-157,0
261.5530409812927,8820,6540,11400,-142,-21,73,7408,-9348,10292,-256,138,-139,-13884,4064,5720,-1006,52,-46,-13964,-4988,6480,-760,94,-150,0
261.5892469882965,8816,6548,11256,-85,11,67,7396,-9332,10320,-71,147,-141,-13812,3904,5580,-1000,66,-33,-13972,-4984,6412,-505,113,-119,0
261.62506198883057,8848,6492,11300,-109,-19,81,7344,-9352,10260,-56,141,-161,-13820,4204,5724,-955,54,-50,-13928,-4956,6260,-502,127,-150,0
261.66126894950867,8740,6408,11120,-130,6,112,7336,-9304,10268,-23,163,-126,-13812,4168,5740,-1006,60,-34,-14004,-4960,6312,-478,109,-140,0
261.6975269317627,8828,6448,11268,-121,2,68,7428,-9248,10280,-58,145,-129,-13612,3856,5624,-995,72,-55,-14028,-5080,6456,-500,74,-132,0
261.7331781387329,8640,6532,11372,-129,-11,52,7376,-9300,10080,-73,146,-135,-13764,4124,5556,-944,85,-62,-13980,-4964,6640,-517,120,-148,0
261.7690989971161,8660,6468,11176,-106,-36,88,7380,-9432,10304,-44,165,-136,-13732,4188,5604,-991,62,-92,-13980,-4932,6364,-519,126,-165,0
261.80418515205383,8820,6528,11324,-127,-46,79,7292,-9384,10412,-22,152,-164,-13704,4128,5516,-983,51,-82,-13992,-5100,6396,-767,167,-150,0
261.8398470878601,8652,6532,11216,-78,-35,101,7304,-9332,10072,-32,127,-181,-13780,4140,5740,-983,90,-57,-13840,-4956,6380,-487,146,-147,0
261.8751530647278,8888,6440,11280,-129,-89,91,7560,-9308,10344,-29,102,-158,-14040,4288,5456,-981,86,-136,-14072,-4996,6648,-477,146,-136,0
261.91053915023804,8724,6500,11260,-125,-25,74,7400,-9448,10276,42,95,-214,-13808,4096,5732,-972,112,-83,-14032,-4984,6500,-512,145,-149,0
261.9440231323242,8456,6544,11244,-135,-39,60,7432,-9328,10380,-34,153,-156,-13740,4104,5504,-992,60,-67,-14000,-4820,6336,-535,168,-159,0
261.9775309562683,8664,6516,11044,-105,-17,77,7308,-9180,10416,-21,123,-130,-13752,4096,5656,-1035,73,-56,-13904,-4920,6240,-504,102,-141,0
262.01117300987244,8492,6540,11216,-105,-68,100,7168,-9348,10032,-55,137,-165,-13704,4156,5824,-976,44,-55,-13976,-4892,6428,-500,129,-134,0
262.04461097717285,8692,6448,11264,-141,-44,74,7260,-9232,10480,-60,167,-127,-13828,4156,5788,-1018,80,-71,-14048,-4980,6412,-497,125,-131,0
262.0780141353608,8920,6516,11188,-98,-42,94,7420,-9368,10288,-18,148,-150,-13804,4176,5456,-1036,88,-72,-13944,-4992,6384,-469,117,-132,0
262.11171793937683,8928,6504,11136,-146,-34,111,7372,-9304,10216,-28,178,-124,-13800,4348,5584,-1069,145,-112,-13896,-5032,6388,-476,118,-131,0
262.1448709964752,8592,6504,11020,-137,-29,93,7664,-9596,10472,-4,118,-163,-13764,4076,5388,-1011,107,-71,-13924,-4944,6408,-474,152,-132,0
262.1780550479889,8624,6468,11372,-143,-61,113,7396,-9420,10000,-34,125,-170,-13700,4208,5836,-1008,121,-86,-13896,-4916,6308,-486,144,-111,0
262.2116911411285,8576,6460,11292,-161,-88,97,7440,-9372,10392,-33,119,-191,-13784,4152,5792,-1050,112,-131,-14020,-4624,6340,-768,169,-97,0
262.24540400505066,8720,6424,11320,-166,-38,107,7292,-9260,10428,-26,158,-126,-13984,4164,5868,-1033,115,-79,-14068,-4972,6492,-467,153,-123,0
262.27844309806824,8656,6536,11204,-159,-47,112,7252,-9296,10268,-59,152,-146,-13792,4100,5588,-1014,108,-65,-13952,-5052,6336,-261,111,-142,0
262.31214594841003,8604,6500,11332,-146,-95,80,7380,-9368,10480,-32,140,-187,-13792,4188,5520,-979,75,-85,-14032,-4912,6388,-493,145,-152,0
262.3457510471344,8648,6464,11360,-158,-25,47,7320,-9288,10316,-27,159,-165,-13672,4172,5864,-880,29,-61,-13912,-5028,6296,-498,136,-151,0
262.3792071342468,8460,6508,11440,-137,-58,117,7356,-9188,10436,-22,141,-119,-13668,4180,5428,-1058,32,-64,-13892,-5016,6340,-463,157,-131,0
262.41264295578003,8672,6428,11360,-153,-55,95,7232,-9308,10308,-21,156,-160,-13748,4208,5388,-993,78,-97,-13836,-5016,6652,-472,122,-120,0
262.4463930130005,8552,6504,11236,-138,-49,86,7348,-9344,10380,-34,154,-142,-13772,4100,5692,-1007,45,-115,-13916,-4984,6444,-507,131,-152,0
262.47943115234375,8628,6488,11120,-125,-91,70,7288,-9400,10320,-50,147,-158,-13572,4128,5876,-1021,51,-90,-13880,-5064,6380,-499,179,-123,0
262.51297092437744,8708,6460,11080,-176,-79,107,7248,-9316,10296,7,155,-188,-13708,4228,5520,-1031,85,-94,-13952,-4928,6364,-497,177,-119,0
262.54663705825806,8588,6416,11500,-122,-97,111,7388,-9344,10316,4,126,-174,-13644,4176,5580,-1273,109,-78,-13844,-5040,6512,-471,204,-121,0
262.5802390575409,8620,6484,11484,-179,-93,103,7208,-9372,10356,-15,107,-170,-13812,4116,5740,-1013,118,-86,-14036,-4960,6360,-490,163,-113,0
262.6139271259308,8696,6468,11356,-215,-64,134,7376,-9396,10420,-8,143,-166,-13812,4204,5700,-1008,86,-116,-13896,-4976,6332,-483,184,-109,0
262.6473309993744,8548,6552,11644,-193,-101,106,7340,-9336,10420,4,157,-178,-13808,4144,5716,-1021,122,-108,-13948,-5088,6552,-499,177,-95,0
262.68030309677124,8708,6544,11236,-202,-98,128,7392,-9312,10412,-4,135,-187,-14024,4116,5512,-1000,107,-91,-13916,-5000,6392,-257,184,-104,0
262.71385407447815,8628,6492,11328,-184,-162,142,7296,-9412,10568,-15,139,-227,-13800,4168,5688,-998,119,-127,-13940,-5052,6556,-479,189,-68,0
262.74751901626587,8604,6432,11236,-160,-149,134,7352,-9352,10340,-25,87,-228,-13724,4136,5520,-976,139,-114,-14060,-4956,6204,-509,221,-67,0
262.7811269760132,8668,6468,11204,-187,-185,142,7320,-9468,10436,1,126,-220,-13752,4156,5536,-982,147,-165,-14036,-5076,6452,-500,222,-66,0
262.814759016037,8684,6652,11120,-184,-165,149,7316,-9340,10436,-6,128,-219,-13788,4332,5828,-988,157,-181,-14016,-4972,6232,-511,201,-87,0
262.8482890129089,8844,6468,11400,-193,-145,144,7376,-9376,10280,-4,133,-224,-14060,4156,5868,-1006,187,-154,-14028,-4984,6332,-495,215,-87,0
262.8817529678345,8660,6476,11116,-195,-160,138,7384,-9284,10308,-255,108,-236,-13716,4200,5432,-1009,178,-147,-13984,-4884,6348,-511,235,-57,0
262.9176659584045,8728,6436,11248,-180,-190,154,7440,-9260,10432,-6,73,-228,-13604,4188,5748,-987,178,-174,-14028,-5016,6360,-767,218,-57,0
262.95340514183044,8716,6384,11296,-168,-170,169,7332,-9280,10336,17,108,-229,-13780,4244,5788,-993,190,-152,-13900,-4980,6520,-765,226,-77,0
262.98892092704773,8680,6496,11316,-214,-175,115,7420,-9236,10336,-11,126,-215,-13680,3844,5788,-972,177,-137,-14040,-5084,6288,-521,184,-81,0
263.0243809223175,8792,6476,11336,-203,-208,156,7320,-9324,10484,-31,131,-169,-13820,4076,5516,-978,155,-126,-13840,-4972,6332,-485,186,-97,0
263.0598931312561,8784,6412,11232,-220,-168,142,7356,-9292,10372,-10,159,-192,-13584,4120,5588,-1026,163,-145,-13908,-4976,6320,-489,181,-94,0
263.09482502937317,8628,6492,11316,-155,-144,141,7356,-9224,10280,20,135,-193,-13708,4312,5780,-1007,158,-132,-13920,-4892,6536,-513,183,-75,0
263.13023805618286,8712,6500,11244,-146,-178,137,7400,-9292,10388,-26,155,-228,-13788,3840,5480,-954,169,-167,-13996,-4868,6412,-766,263,-64,0
263.16565203666687,8660,6624,11128,-221,-204,134,7536,-9388,10392,253,137,-291,-13936,3868,5664,-1000,178,-156,-13940,-4920,6316,-494,212,-89,0
263.2011981010437,8660,6504,11432,-182,-188,134,7372,-9276,10348,12,128,-207,-13716,3960,5584,-960,156,-86,-14156,-4876,6300,-490,156,-90,0
263.2375240325928,8716,6500,11212,-194,-170,115,7608,-9252,10428,-8,100,-185,-13736,4060,5588,-994,134,-103,-13956,-5032,6328,-528,153,-100,0
263.2725501060486,8824,6464,11368,-207,-166,155,7364,-9344,10400,-8,64,-222,-13780,4028,5760,-1006,160,-139,-13980,-4948,6312,-525,199,-83,0
263.30826711654663,8848,6496,11248,-144,-157,132,7488,-9248,10424,255,8,-206,-13824,4012,5396,-1002,137,-120,-14088,-4912,6272,-527,192,-68,0
263.3433809280396,8728,6192,11036,-166,-170,138,7424,-9196,10408,18,95,-217,-13800,4064,5848,-1020,158,-159,-13940,-4844,6348,-258,231,-46,0
263.37865710258484,8852,6432,11316,-140,-164,122,7584,-9400,10348,-20,121,-200,-13748,4148,5576,-1007,143,-169,-14076,-4892,6164,-533,216,-85,0
263.41375398635864,8752,6540,11308,-157,-163,148,7340,-9452,10384,17,109,-227,-13748,4104,5680,-998,166,-151,-13828,-5100,6340,-519,216,-104,0
263.4491820335388,8844,6452,11404,-141,-150,126,7384,-9288,10480,-22,183,-163,-14016,4052,5404,-1055,150,-150,-14320,-4660,6244,-528,208,-104,0
263.4839999675751,8836,6392,11248,-122,-154,110,7320,-9232,10340,-48,121,-202,-13784,4032,5632,-995,121,-98,-14224,-4988,6232,-525,172,-139,0
263.5192840099335,8632,6416,11020,-134,-118,94,7360,-9228,10220,-81,112,-195,-13812,4088,5596,-983,97,-104,-13908,-4876,6392,-501,153,-130,0
263.55429005622864,8764,6480,11452,-100,-60,66,7652,-9204,10408,-37,138,-189,-13900,4080,5556,-998,110,-117,-14000,-4828,6196,-497,124,-130,0
263.5900490283966,8892,6192,11176,-150,-41,66,7184,-9200,10452,-42,159,-148,-13764,4140,5644,-1038,93,-58,-13992,-4968,6360,-501,131,-143,0
263.62384510040283,8848,6372,11008,-116,-21,94,7376,-9308,10468,-39,112,-147,-13752,4148,5772,-1050,98,-50,-14100,-4928,6252,-521,127,-129,0
263.6571309566498,8808,6336,11284,-89,-36,96,7392,-9312,10360,-41,106,-151,-13792,4000,5600,-990,63,-71,-14024,-4928,6336,-521,126,-126,0
263.6907501220703,8952,6496,11212,-86,-22,100,7360,-9244,10296,-39,126,-150,-13792,4156,5764,-1009,107,-50,-14012,-5004,6372,-535,136,-123,0
263.72434401512146,8812,6408,11476,-107,-19,98,7348,-9256,10424,-54,143,-157,-13816,4092,5572,-994,108,-60,-13936,-5052,6192,-522,122,-164,0
263.757730960846,8808,6472,11068,-104,-48,68,7456,-9236,10580,-71,128,-162,-14080,3964,5448,-974,82,-68,-13984,-4912,6368,-516,95,-125,0
263.7913579940796,8732,6148,11340,-121,-12,81,7468,-9316,10296,-53,162,-160,-13768,3996,5452,-994,56,-51,-14052,-4980,6420,-515,111,-152,0
263.8249349594116,8784,6452,11300,-135,-19,76,7388,-9272,10460,-29,163,-140,-13788,4116,5360,-975,80,-23,-14020,-4964,6592,-493,91,-153,0
263.8585591316223,8784,6628,11448,-105,-19,58,7556,-9416,10464,-122,171,-127,-13700,4124,5828,-1014,38,-50,-13952,-5048,6360,-507,119,-159,0
263.8921401500702,8924,6624,11124,-104,-51,52,7516,-9224,10344,-55,209,-214,-14028,3924,5808,-796,93,-69,-13980,-4920,6296,-488,147,-154,0
263.92576813697815,8956,6396,11188,-120,-21,66,7368,-9336,10280,-65,157,-145,-13792,4124,5512,-985,117,-75,-14056,-4668,6324,-500,116,-138,0
263.95913004875183,8484,6608,11500,-89,-25,83,7352,-9196,10396,-42,136,-131,-13656,4160,5756,-996,81,-49,-13912,-4972,6340,-501,93,-135,0
263.9923410415649,8800,6464,11260,-121,-39,89,7368,-9248,10272,-46,128,-142,-13876,4152,5392,-993,96,-13,-13968,-4908,6280,-521,79,-159,0
264.0260190963745,8604,6468,11228,-100,-8,90,7376,-9276,10372,-43,185,-142,-13956,4180,5856,-994,73,-42,-13936,-4908,6300,-518,93,-136,0
264.05981492996216,8888,6620,11456,-73,-66,61,7352,-9224,10388,-63,144,-170,-13844,3844,5832,-1009,59,-27,-13944,-4968,6368,-528,122,-160,0
264.09338903427124,8928,6404,11256,-97,-52,74,7340,-9304,9988,-29,144,-180,-13728,4136,5688,-912,9,-102,-14084,-4936,6224,-495,124,-154,0
264.1271290779114,8628,6344,11224,-71,-48,61,7304,-9316,10432,-38,113,-164,-13788,4348,5880,-988,52,-101,-13988,-4956,6544,-543,160,-167,0
264.16034603118896,8624,6548,11036,-58,-57,73,7332,-9228,10200,-18,264,-208,-13728,4208,5780,-1103,70,-97,-14064,-4844,6324,-759,118,-181,0
264.1939160823822,8760,6452,11432,-81,-32,56,7668,-9404,10284,-64,158,-176,-13824,4012,5600,-940,61,-90,-13948,-4944,6328,-476,132,-134,0
264.22763299942017,8676,6488,11264,-93,-81,86,7268,-9332,10364,-8,106,-156,-13844,4128,5728,-1277,79,-65,-13936,-4936,6380,-524,127,-122,0
264.2611811161041,8904,6520,11400,-82,-57,71,7356,-9352,10296,-35,137,-163,-13740,4120,5680,-999,30,-59,-13840,-4968,6172,-545,124,-152,0
264.29475593566895,8632,6480,11252,-101,-70,68,7320,-9364,10344,-45,230,-206,-13724,4200,5740,-1039,98,-61,-14264,-4984,6428,-475,121,-133,0
264.3283140659332,8740,6516,11364,-119,-56,68,7652,-8984,10460,-63,134,-163,-13580,4348,5872,-991,75,-110,-13948,-4984,6260,-501,86,-137,0
264.3617820739746,8680,6396,11252,-124,-54,101,7404,-9240,10340,-37,116,-161,-13832,4132,5668,-1002,69,-69,-13928,-4992,6300,-502,152,-135,0
264.3950719833374,8460,6464,11192,-105,-64,106,7352,-9344,10368,-1,124,-164,-13744,4104,5792,-1023,83,-87,-14000,-4868,6256,-525,162,-135,0
264.42868304252625,8660,6476,11276,-94,-54,104,7384,-9388,10324,-9,139,-164,-13800,4156,5720,-1010,74,-68,-13980,-5008,6184,-530,157,-151,0
264.462198972702,8592,6500,11492,-94,-78,91,7296,-9296,10516,246,127,-171,-13696,4080,5868,-1010,119,-54,-13992,-4956,6392,-495,155,-117,0
264.49559712409973,8940,6556,11396,-137,-69,98,7356,-9416,10376,32,98,-200,-13880,4072,5684,-988,143,-107,-13900,-5060,6156,-474,165,-112,0
264.529314994812,8588,6640,11024,-182,-77,142,7296,-9312,10084,-24,112,-180,-13592,4176,5388,-965,141,-76,-14056,-5008,6168,-506,132,-87,0
264.56270003318787,8644,6420,11504,-162,-128,115,7352,-9336,10344,4,156,-177,-13748,4244,5752,-1013,107,-85,-13992,-4884,6436,-513,159,-80,0
264.59935092926025,8480,6404,11392,-186,-147,126,7280,-9376,10256,3,130,-162,-13868,4188,5684,-993,122,-136,-13860,-4984,6392,-536,176,-77,0
264.63423204421997,8572,6644,11268,-118,-165,124,7260,-9336,10348,-36,122,-214,-13780,4132,5768,-1000,119,-137,-13884,-5032,6392,-539,213,-90,0
264.6702079772949,8652,6472,11052,-123,-174,102,7400,-9208,10360,-255,131,-238,-13600,4228,5856,-982,137,-123,-14056,-4704,6296,-258,266,-91,0
264.70549607276917,8768,6504,11388,-203,-150,117,7344,-8980,10368,-9,173,-251,-13772,4168,5496,-998,161,-160,-13992,-4672,6288,-486,235,-73,0
264.74156308174133,8696,6508,11128,-201,-144,130,7452,-9280,10152,2,141,-200,-13592,4172,5540,-974,162,-109,-14028,-5020,6420,-479,185,-61,0
264.7779769897461,8452,6504,11316,-244,-157,139,7508,-9292,10332,-29,152,-202,-13804,3844,5592,-987,171,-142,-13976,-5052,6348,-508,221,-61,0
264.8132541179657,8716,6524,11420,-210,-183,162,7280,-9360,10308,-8,134,-225,-13728,4172,5600,-976,152,-152,-14004,-5016,6256,-519,219,-57,0
264.8487000465393,8760,6584,11324,-191,-191,157,7456,-9312,10276,22,117,-226,-13704,4092,5564,-1001,165,-168,-14024,-4964,6416,-267,266,-92,0
264.8837490081787,8736,6524,11116,-171,-198,164,7196,-9316,10296,38,103,-242,-13788,3960,5628,-1040,137,-146,-13960,-4884,6300,-511,262,-71,0
264.91948914527893,8800,6492,11212,-187,-223,160,7324,-9252,10384,18,122,-219,-13776,4092,5532,-996,144,-167,-14036,-4912,6344,-486,204,-91,0
264.9546160697937,8804,6512,11020,-219,-160,149,7420,-9316,10348,10,122,-217,-13928,4140,5576,-990,182,-129,-13976,-4840,6256,-494,205,-45,0
264.9903471469879,8728,6384,11196,-199,-146,128,7292,-9392,10340,-2,184,-217,-13772,4064,5596,-1001,156,-102,-14020,-4980,6356,-509,223,-74,0
265.02489614486694,8708,6612,11280,-173,-198,147,7480,-9300,10440,2,120,-225,-13752,3992,5396,-987,159,-132,-14092,-4936,6468,-497,177,-65,0
265.0607600212097,8628,6436,11212,-206,-190,144,7172,-9388,10384,-14,49,-243,-14072,4080,5552,-979,128,-174,-13952,-4976,6232,-500,218,-94,0
265.09614610671997,8760,6420,11280,-184,-174,142,7388,-9260,10276,7,115,-242,-13752,4128,5644,-785,177,-76,-14060,-5016,6304,-496,211,-98,0
265.1318471431732,8640,6448,11008,-190,-197,119,7384,-9368,10416,26,117,-233,-13740,4280,5596,-946,155,-164,-13972,-4936,6300,-490,241,-72,0
265.16712403297424,8744,6644,11236,-197,-220,139,7428,-9320,10416,246,119,-193,-13784,4064,5640,-1005,128,-116,-14000,-4944,6312,-523,202,-84,0
265.2024600505829,8848,6328,11284,-172,-216,115,7480,-9292,10388,34,79,-203,-13828,4100,5760,-1279,153,-149,-14004,-4844,6324,-518,225,-88,0
265.2376389503479,8828,6496,11284,-145,-181,142,7364,-9316,10288,6,120,-218,-13792,4076,5384,-1102,163,-178,-13984,-5012,6292,-532,193,-78,0
265.2734699249268,8844,6364,11248,-163,-143,121,7404,-9168,10388,255,103,-220,-13592,4336,5472,-976,133,-162,-14004,-4924,6188,-509,163,-44,0
265.3072109222412,8900,6356,11212,-143,-172,135,7240,-9356,10612,-67,146,-201,-13832,4160,5624,-985,118,-99,-13916,-4664,6284,-525,162,-121,0
265.3408200740814,8824,6384,11072,-161,-139,122,7476,-8992,10408,-36,133,-173,-13796,4024,5424,-1002,74,-69,-14008,-5116,6264,-265,157,-114,0
265.37436413764954,8788,6440,11172,-112,-52,85,7448,-9128,10344,-36,153,-168,-13576,4020,5596,-1023,86,-59,-13976,-4980,6260,-508,127,-140,0
265.4075450897217,8808,6364,11108,-123,-23,55,7480,-9472,10444,-59,177,-179,-13840,4148,5540,-1000,83,-98,-14112,-4904,6192,-486,161,-163,0
265.4411361217499,8896,6404,11160,-188,-1,62,7444,-8972,10376,-43,163,-165,-13884,4052,5476,-981,61,-56,-13948,-4896,6352,-483,101,-157,0
265.4745349884033,8900,6404,11024,-132,23,62,7492,-9216,10552,-41,152,-126,-13596,3912,5392,-991,65,-70,-13976,-5068,6244,-476,99,-148,0
265.50821900367737,8740,6500,11316,-141,20,64,7384,-9472,10368,-57,120,-131,-13788,3956,5596,-995,65,-36,-13964,-5004,6344,-503,96,-159,0
265.5417919158936,8636,6508,11220,-97,-11,60,7204,-9356,10340,-83,150,-121,-13732,4096,5808,-971,36,-57,-14088,-4984,6460,-521,140,-137,0
265.5754280090332,8724,6436,11220,-66,-33,52,7336,-9300,10372,-70,162,-161,-13820,4044,5596,-1015,67,-43,-13896,-5024,6388,-261,125,-116,0
265.6090109348297,8772,6524,11156,-127,-25,72,7444,-9196,10424,-47,130,-175,-13692,4172,5492,-979,93,-85,-13836,-4956,6372,-262,128,-169,0
265.6423079967499,8736,6436,11228,-80,-28,74,7308,-9460,10264,-63,143,-161,-13712,4196,5592,-998,83,-99,-13940,-4992,6284,-507,117,-147,0
265.67600107192993,8520,6500,11252,-112,-86,71,7364,-9348,10416,-63,167,-154,-13764,4220,5384,-967,84,-104,-14060,-5056,6652,-766,125,-111,0
265.70964097976685,8836,6480,11288,-145,-58,73,7412,-9288,10372,-72,169,-194,-13784,4140,5588,-963,82,-120,-14008,-4700,6280,-508,123,-131,0
265.7431619167328,8796,6412,11060,-109,-62,94,7404,-9288,10232,-73,151,-180,-14008,4060,5544,-934,33,-82,-13956,-4956,6208,-544,116,-114,0
265.77688097953796,8844,6504,11228,-84,-51,76,7324,-9276,10284,-27,127,-144,-13580,3992,5580,-986,68,-35,-14028,-5008,6300,-532,140,-141,0
265.8102550506592,8560,6460,11300,-93,-32,61,7672,-9356,10344,-92,153,-125,-13772,4080,5504,-772,60,-49,-13972,-5004,6440,-498,122,-140,0
265.84393215179443,8816,6472,11252,-137,-17,55,7480,-9348,10368,-54,149,-141,-13824,4176,5648,-885,28,-94,-13960,-4960,6244,-495,124,-156,0
265.87739396095276,8792,6496,11312,-127,-68,50,7420,-9304,10404,-18,160,-165,-13868,4168,5816,-960,45,-98,-14072,-4916,6296,-523,133,-166,0
265.9106869697571,8820,6484,11136,-85,-39,67,7368,-9344,10424,-42,156,-137,-13820,4100,5612,-1004,52,-66,-14056,-5020,6484,-511,119,-159,0
265.9442529678345,8652,6496,11244,-74,-62,45,7384,-9336,10328,-77,159,-173,-13684,4140,5568,-1014,30,-38,-14064,-4932,6332,-505,127,-139,0
265.9806089401245,8596,6548,11164,-94,-42,73,7260,-9372,10432,-71,149,-167,-13692,4116,5728,-974,76,-63,-13840,-4928,6584,-505,113,-141,0
266.014790058136,8924,6432,11460,-79,-80,94,7168,-9324,10296,-91,204,-163,-14036,4248,5636,-797,68,-61,-14020,-4904,6344,-504,123,-159,0
266.0478961467743,8796,6560,11416,-123,-18,62,7468,-9292,10356,-36,161,-154,-13616,4224,5500,-1001,35,-59,-13940,-5032,6424,-510,113,-141,0
266.08159613609314,8676,6400,11100,-98,-36,61,7288,-9208,10208,-34,157,-135,-13732,3868,5676,-956,15,-73,-13948,-5072,6552,-535,91,-151,0
266.11540508270264,8684,6500,11336,-86,-78,90,7316,-9300,10408,-80,136,-155,-13760,4116,5592,-971,73,-124,-13932,-4896,6160,-501,116,-161,0
266.1487669944763,8904,6608,11012,-105,-32,64,7196,-9392,10576,-79,163,-138,-13752,4156,5624,-986,109,-101,-14060,-4980,6208,-507,136,-130,0
266.1824071407318,8744,6524,11212,-95,-52,85,7384,-9288,10444,-13,131,-156,-13776,4236,5656,-979,109,-56,-14024,-4936,6328,-494,121,-137,0
266.2159991264343,8644,6476,11248,-99,-26,88,7180,-9272,10368,-23,144,-165,-13604,4224,5676,-1013,73,-38,-14008,-5300,6620,-767,95,-146,0
266.2496211528778,8744,6612,11460,-88,-68,87,7312,-9376,10244,-91,195,-94,-13788,3944,5568,-864,94,-55,-13860,-5100,6408,-515,95,-127,0
266.2861280441284,8704,6556,11172,-90,-61,91,7276,-9356,10328,-43,141,-160,-13840,4128,5732,-988,87,-100,-13940,-4984,6292,-482,103,-146,0
266.32176995277405,8636,6452,11216,-132,-68,104,7336,-9328,10332,-12,159,-158,-13684,4236,5496,-999,81,-36,-13972,-4976,6468,-260,162,-146,0
266.3581700325012,8648,6476,11408,-114,-30,105,7600,-9356,10268,-34,60,-223,-13712,4132,5756,-1028,93,-79,-14036,-5020,6400,-529,191,-131,0
266.39339804649353,8512,6512,11312,-110,-118,87,7276,-9420,10356,-37,107,-189,-13712,4244,5716,-1001,90,-128,-13972,-5000,6360,-481,150,-138,0
266.42935705184937,8656,6452,11260,-123,-40,65,7312,-9368,10368,14,142,-186,-13736,4116,5568,-960,99,-84,-14044,-4932,6212,-469,151,-153,0
266.46453309059143,8576,6576,11384,-145,-33,119,7416,-9328,10484,-12,109,-179,-13776,4148,5716,-992,92,-122,-13904,-4992,6380,-484,171,-90,0
266.5001881122589,8676,6560,11188,-152,-90,109,7204,-9288,10468,-13,112,-171,-13804,3972,5740,-985,106,-70,-14248,-4972,6304,-515,162,-136,0
266.5352690219879,8916,6640,11308,-166,-92,95,7392,-9292,10736,-14,153,-172,-13836,4136,5688,-990,122,-98,-14008,-5016,6256,-485,167,-115,0
266.57103204727173,8864,6512,11268,-187,-137,107,7356,-9376,10468,-255,144,-175,-13732,4332,5584,-1000,100,-109,-13936,-4892,6276,-762,157,-99,0
266.6070890426636,8616,6480,11240,-146,-147,117,7232,-9408,10436,-12,104,-205,-13772,4032,5612,-1009,140,-133,-13940,-4908,6344,-486,201,-60,0
266.64234709739685,8648,6480,11288,-158,-164,143,7236,-9356,10420,-8,96,-236,-13748,4084,5552,-993,177,-163,-13852,-5116,6268,-501,250,-101,0
266.6782441139221,8928,6580,11236,-161,-157,109,7288,-9320,10252,-17,149,-256,-13756,4172,5764,-1009,164,-154,-14044,-4912,6376,-503,202,-32,0
266.7133779525757,8660,6612,11172,-184,-192,136,7348,-9300,10432,-10,118,-236,-13684,4124,5612,-980,151,-143,-13936,-4908,6152,-500,1,-78,0
266.7492229938507,8852,6488,11348,-188,-180,146,7628,-9328,10492,254,127,-226,-13684,4152,5412,-1005,161,-177,-13960,-5048,6300,-472,215,-59,0
266.7843129634857,8748,6492,11352,-215,-164,149,7668,-9256,10432,-253,135,-200,-13768,4132,5736,-1000,167,-129,-13960,-4996,6376,-503,207,-57,0
266.8201320171356,8808,6524,11368,-199,-177,161,7372,-9300,10356,3,127,-181,-13644,4116,5664,-1015,159,-136,-13968,-4928,6364,-515,220,-66,0
266.8559229373932,8748,6508,11120,-204,-155,126,7316,-9296,10348,29,108,-207,-13772,4136,5856,-1058,165,-147,-13948,-4896,6476,-520,210,-76,0
266.89134311676025,8484,6528,11228,-144,-175,160,7400,-9316,10356,37,137,-216,-13752,4072,5528,-990,157,-159,-13944,-4988,6236,-495,231,-72,0
266.9283061027527,8780,6524,11244,-185,-228,129,7440,-9264,10480,29,118,-229,-13788,4092,5604,-973,183,-153,-13932,-4920,6300,-514,6,-47,0
266.96176505088806,8784,6500,11204,-212,-173,160,7572,-9360,10460,53,-252,-183,-13844,4200,5840,-1067,144,-144,-14024,-4908,6232,-257,200,-61,0
266.9954071044922,8804,6472,11312,-175,-173,162,7404,-9460,10376,12,70,-179,-13584,4064,5872,-1278,131,-86,-14000,-5080,6304,-503,124,-75,0
267.0290229320526,8776,6552,11156,-206,-162,163,7332,-9312,10324,5,101,-173,-13772,4048,5632,-985,167,-81,-13920,-4908,6344,-512,137,-48,0
267.06227803230286,8748,6516,11348,-166,-182,154,7240,-9336,10456,-36,205,-213,-14036,4308,5772,-1015,196,-170,-13948,-5068,6300,-529,202,-79,0
267.09569692611694,8796,6524,11456,-143,-211,156,7376,-9224,10296,18,125,-239,-13800,3984,5828,-1017,138,-187,-13888,-4944,6340,-539,232,-87,0
267.12921810150146,8768,6472,11136,-149,-222,140,7372,-9248,10264,3,104,-251,-13900,4008,5372,-1005,148,-184,-13872,-4736,6256,-530,214,-85,0
267.1623411178589,8844,6440,11140,-142,-214,118,7544,-9316,10424,-5,89,-255,-13868,4040,5492,-982,145,-101,-14052,-5024,6636,-515,218,-74,0
267.19574213027954,8756,6424,11280,-172,-195,130,7416,-9220,10428,11,119,-262,-13788,4032,5616,-991,152,-114,-13964,-4952,6396,-511,229,-91,0
267.2292010784149,8808,6260,11144,-145,-179,116,7516,-9392,10296,-8,144,-237,-13852,4220,5520,-982,104,-152,-13996,-5120,6300,-508,221,-85,0
267.26265692710876,8740,6488,11148,-163,-170,112,7592,-9228,10292,254,152,-242,-14004,4216,5492,-1272,139,-132,-13972,-4960,6192,-506,206,-94,0
267.29589796066284,8772,6528,11516,-152,-141,118,7172,-9196,10428,-71,78,-202,-13784,4064,5860,-974,135,-42,-13908,-4936,6140,-519,142,-86,0
267.32949805259705,8796,6460,11120,-125,-144,98,7676,-9356,10388,-100,153,-172,-13908,4028,5516,-987,60,-44,-14112,-5096,6308,-557,138,-148,0
267.3630719184876,8824,6532,11364,-74,-66,88,7544,-9356,10308,-3,132,-167,-13760,4032,5644,-1017,75,-60,-14100,-4980,6272,-480,128,-134,0
267.3963711261749,8844,6528,11188,-130,3,99,7348,-9128,10384,-4,116,-141,-13760,4020,5536,-1000,107,-71,-13976,-4956,6284,-496,93,-112,0
267.429808139801,8880,6444,11360,-94,-36,88,7368,-9288,10348,-60,141,-163,-14060,4136,5836,-993,64,-94,-13980,-4944,6324,-517,141,-114,0
267.46325397491455,8868,6364,11328,-129,-90,81,7648,-9224,10468,-56,152,-140,-13864,4064,5564,-981,102,-61,-13964,-4868,6248,-472,137,-118,0
267.4969069957733,8860,6492,11076,-125,-18,103,7200,-9208,10300,-51,133,-157,-13704,4060,5828,-965,108,-9,-14024,-4860,6152,-469,86,-139,0
267.53033113479614,8672,6640,11064,-112,36,80,7324,-9368,10388,-52,116,-131,-13688,4256,5596,-979,95,-23,-13972,-4876,6212,-497,111,-145,0
267.56373405456543,8692,6504,11328,-119,28,53,7444,-9268,10324,-51,151,-135,-13836,4052,5636,-1000,73,-50,-13976,-5016,6320,-486,135,-152,0
267.5974879264832,8708,6508,11072,-114,-20,61,7232,-9068,10280,-20,165,-142,-13736,4048,5720,-1012,50,-86,-14048,-4928,6148,-512,139,-156,0
267.63105511665344,8784,6460,11284,-76,-41,21,7296,-9344,10092,-47,148,-164,-13900,4052,5636,-985,61,-91,-14084,-4828,6340,-516,146,-165,0
267.66429901123047,8676,6372,11292,-77,-52,42,7676,-9328,10344,-39,169,-189,-13792,4120,5784,-999,71,-77,-14004,-4912,6480,-489,175,-118,0
267.69793796539307,8756,6452,11128,-127,-56,86,7556,-9328,10260,-42,107,-191,-13740,4172,5612,-997,87,-79,-14000,-4896,6500,-464,146,-119,0
267.7315330505371,8756,6412,11144,-92,-45,95,7332,-9296,10356,-36,86,-162,-13904,4244,5612,-974,104,-29,-13944,-4900,6296,-492,108,-129,0
267.76480412483215,8780,6488,11448,-155,-44,83,7388,-9300,10472,-61,160,-154,-13588,4152,5468,-982,73,-45,-13988,-4880,6392,-508,92,-126,0
267.7984111309052,8772,6400,11372,-105,-28,79,7440,-9340,10444,-37,169,-142,-13864,4204,5408,-972,60,-57,-14012,-4964,6352,-529,125,-146,0
267.8319520950317,8764,6404,11292,-115,-42,57,7648,-9356,10316,-55,181,-188,-13836,4144,5548,-982,47,-92,-13844,-5012,6352,-533,110,-156,0
267.8653130531311,8728,6484,11136,-103,-45,54,7296,-9208,10276,-40,184,-160,-14000,4232,5460,-984,50,-57,-14008,-4972,6392,-259,90,-178,0
267.8986120223999,8672,6412,11164,-95,-75,84,7228,-9260,10484,-30,147,-155,-13720,4080,5608,-1000,65,-59,-13856,-5140,6220,-500,101,-156,0
267.9322640895844,8812,6464,11228,-81,-29,37,7352,-9308,10476,-74,129,-152,-13788,4340,5816,-952,95,-64,-14000,-5032,6304,-497,104,-132,0
267.96970295906067,8756,6512,11148,-109,-80,78,7368,-9296,10320,-71,127,-171,-13940,4164,5568,-986,97,-65,-13928,-4992,6260,-761,139,-155,0
268.005609035492,8792,6504,11288,-95,-32,71,7328,-9368,10368,-69,135,-172,-13844,4120,5628,-864,14,-67,-14044,-4868,6292,-519,110,-130,0
268.0415549278259,8768,6544,11076,-82,-41,89,7408,-9040,10408,-71,134,-151,-13800,4120,5692,-975,72,-56,-13904,-5048,6360,-540,126,-120,0
268.07772302627563,8640,6448,11212,-72,-48,63,7260,-9444,10356,-60,120,-153,-13772,4244,5712,-1006,77,-40,-13976,-4888,6312,-507,114,-163,0
268.1127791404724,8696,6440,11232,-86,-35,96,7384,-9336,10280,-80,156,-116,-13708,4184,5612,-985,88,-99,-14140,-5024,6548,-518,101,-153,0
268.1487629413605,8708,6528,11208,-113,-41,97,7376,-9284,10052,-39,144,-157,-13720,4088,5688,-939,83,-69,-13920,-5124,6428,-522,146,-111,0
268.1843900680542,8668,6512,11204,-104,-87,69,7348,-9320,10260,-36,138,-167,-13612,4180,5408,-1014,94,-50,-14016,-4872,6348,-527,170,-124,0
268.2206790447235,8728,6468,11048,-113,-99,90,7388,-9060,10380,-5,150,-177,-13664,4192,5660,-1017,96,-106,-14044,-5352,6396,-494,139,-145,0
268.25593400001526,8952,6556,11316,-108,-49,62,7196,-9444,10352,-81,177,-172,-13744,4168,5452,-999,94,-90,-13996,-4916,6452,-503,164,-123,0
268.2917671203613,8608,6596,11236,-133,-58,75,7372,-9264,10216,-60,150,-170,-13588,4204,5560,-961,100,-87,-13980,-5056,6332,-764,111,-121,0
268.3276789188385,8888,6464,11340,-122,-107,74,7368,-9336,10432,-38,150,-169,-13772,4012,5708,-943,30,-113,-13948,-4952,6468,-524,153,-159,0
268.3624770641327,8696,6532,11228,-144,-81,103,7560,-9244,10380,243,143,-160,-13700,4072,5796,-1010,85,-59,-13956,-5008,6360,-512,140,-79,0
268.39863109588623,8672,6500,11084,-119,-35,109,7376,-9284,10360,-41,153,-182,-14072,4232,5560,-958,94,-117,-13924,-5044,6344,-533,155,-93,0
268.433671951294,8752,6508,11208,-137,-63,72,7292,-9256,10328,-29,124,-188,-13820,4056,5652,-995,98,-95,-13932,-5100,6328,-471,189,-109,0
268.46878004074097,8744,6460,11132,-170,-87,115,7448,-9220,10264,32,132,-179,-13728,4260,5684,-1030,129,-140,-13900,-5008,6180,-495,215,-96,0
268.50425910949707,8636,6548,11272,-161,-98,126,7260,-9380,10340,249,131,-184,-13772,4208,5880,-1009,144,-90,-13852,-5132,6544,-508,152,-78,0
268.54022312164307,8624,6492,11456,-163,-161,137,7204,-9372,10372,-36,124,-197,-13608,4244,5608,-961,138,-143,-13980,-4980,6384,-494,202,-59,0
268.5747859477997,8668,6480,11116,-151,-163,110,7336,-9412,10388,-33,132,-214,-13784,4168,5596,-987,145,-140,-13908,-4964,6372,-519,232,-61,0
268.611603975296,8472,6484,11084,-185,-167,111,7372,-9248,10356,5,107,-238,-13676,4272,5640,-986,172,-164,-14064,-5084,6344,-501,249,-70,0
268.6448390483856,8676,6492,11200,-169,-166,127,7400,-9408,10260,9,93,-245,-13812,4164,5588,-986,213,-205,-14028,-4896,6424,-478,504,-55,0
268.6784291267395,8716,6408,11276,-187,-195,156,7304,-9320,10316,1,110,-212,-13572,4116,5600,-992,192,-151,-13984,-4956,6320,-488,234,-30,0
268.71194100379944,8740,6476,11228,-193,-185,166,7400,-9248,10372,24,130,-242,-14028,4180,5512,-981,177,-130,-13960,-4896,6360,-494,231,-61,0
268.7454829216004,8812,6524,11460,-217,-203,148,7376,-9368,10288,-248,143,-229,-13776,4192,5608,-969,159,-139,-13968,-4908,6408,-518,211,-75,0
268.7790811061859,8720,6424,11004,-194,-203,146,7420,-9236,10492,8,136,-213,-13644,4000,5800,-982,165,-146,-14040,-4900,6240,-516,233,-66,0
268.8126609325409,8788,6480,11188,-193,-208,142,7260,-9248,10360,-15,117,-200,-13776,4024,5168,-994,155,-126,-13992,-4956,6236,-510,198,-64,0
268.84641194343567,8716,6448,11148,-182,-182,143,7468,-9268,10332,-16,133,-206,-13572,4196,5428,-1001,152,-124,-13988,-5116,6268,-507,213,-54,0
268.8798680305481,8952,6404,11444,-200,-185,155,7368,-9368,10328,20,112,-208,-13812,4156,5592,-1035,160,-132,-14016,-4952,6424,-502,213,-71,0
268.91341495513916,8520,6444,11096,-186,-183,137,7308,-9272,10336,250,115,-212,-13924,4108,5508,-1002,134,-144,-13968,-4892,6260,-501,209,-98,0
268.94722294807434,8932,6436,11416,-172,-189,152,7444,-9148,10412,19,171,-268,-13832,4064,5568,-995,179,-163,-13996,-4976,6276,-514,243,-99,0
268.9802300930023,8816,6440,11172,-186,-209,109,7168,-9304,10328,36,117,-224,-13668,4228,5576,-1255,177,-164,-14000,-4884,6200,-506,234,-89,0
269.013699054718,8772,6536,11244,-178,-181,166,7416,-9196,10256,245,110,-229,-13796,4136,5620,-987,174,-159,-14020,-5012,6304,-501,172,-60,0
269.0473940372467,8800,6460,11048,-176,-207,147,7508,-9276,10240,-2,115,-244,-13620,4180,5556,-1006,119,-162,-14068,-4964,6372,-525,215,-103,0
269.08090114593506,8756,6428,11252,-198,-207,148,7420,-9320,10452,26,117,-208,-13824,3980,5844,-986,140,-110,-14012,-5008,6208,-496,172,-69,0
269.11445593833923,8744,6536,11216,-152,-145,136,7188,-9464,10436,-9,75,-165,-13592,4064,5424,-988,123,-108,-14048,-4920,6180,-540,175,-64,0
269.1480710506439,8832,6628,11416,-167,-195,128,7656,-9280,10356,-20,116,-227,-13696,4232,5564,-996,152,-107,-13892,-4624,6196,-490,237,-78,0
269.1813471317291,8832,6444,11136,-213,-173,131,7388,-9392,10360,-255,129,-170,-13756,4128,5500,-1006,146,-118,-14068,-5044,6284,-468,154,-80,0
269.21478295326233,8852,6452,11128,-181,-156,134,7436,-8980,10416,-30,145,-195,-13772,4064,5660,-1007,144,-85,-14048,-5100,6264,-500,135,-92,0
269.2484920024872,8788,6372,11096,-176,-131,129,7392,-9320,10380,-48,98,-177,-13720,4032,5680,-1011,118,-108,-13980,-5020,6248,-259,130,-124,0
269.2819240093231,8788,6444,11032,-104,-111,107,7344,-9256,10280,-56,127,-173,-13848,4156,5640,-1012,77,-105,-14044,-4920,6260,-537,158,-136,0
269.31561493873596,8768,6444,11300,-113,-99,42,7416,-9256,10320,-61,162,-174,-13836,4044,5432,-1005,91,-68,-14016,-4872,6260,-512,164,-152,0
269.34927701950073,8776,6644,11464,-94,-23,69,7404,-9000,10240,-7,160,-164,-13836,4084,5512,-1011,116,-50,-14072,-4852,6256,-481,162,-132,0
269.38255500793457,8688,6520,11292,-159,-44,87,7408,-9308,10316,-53,125,-178,-13720,4116,5564,-1009,99,-114,-13964,-5100,6152,-494,140,-123,0
269.4159541130066,8800,6464,11268,-125,-58,79,7244,-9316,10272,-47,153,-151,-13804,4084,5516,-968,96,-109,-13900,-4916,6364,-487,149,-123,0
269.4495310783386,8892,6432,11204,-125,-44,84,7392,-9276,10392,-49,165,-176,-14048,4124,5452,-997,78,-53,-14088,-4940,6260,-508,144,-146,0
269.48308801651,8720,6472,11200,-102,248,85,7380,-9200,10420,-52,174,-161,-13720,3936,5520,-990,90,-47,-13996,-5020,6256,-504,117,-141,0
269.5167541503906,8788,6432,11304,-117,-29,80,7348,-9260,10524,-42,135,-163,-13812,4024,5544,-1001,80,-33,-13968,-4964,6352,-504,152,-148,0
269.55030512809753,8784,6464,11236,-110,-19,72,7388,-9264,10408,-57,151,-162,-13720,4104,5404,-964,74,-50,-13984,-4888,6360,-258,125,-161,0
269.58392000198364,8688,6544,11508,-119,-34,60,7200,-9152,10432,-70,171,-185,-14052,4328,5836,-980,66,-55,-13964,-4932,6352,-500,131,-130,0
269.6173551082611,8884,6496,11204,-80,-40,73,7372,-9260,10328,-33,154,-140,-13832,4192,5716,-971,100,-85,-14068,-4896,6252,-522,115,-129,0
269.65417098999023,8780,6640,11272,-115,-66,106,7328,-9272,10432,-46,138,-165,-13760,4080,5424,-989,134,-59,-14008,-5032,6328,-473,112,-111,0
269.6895909309387,8816,6504,11436,-145,-53,96,7584,-9296,10416,-90,122,-137,-13576,4092,5528,-949,90,-65,-14024,-4944,6296,-491,117,-137,0
269.72475695610046,8856,6476,11428,-98,-98,94,7380,-9320,10412,-69,291,-161,-13736,4172,5756,-1039,38,-17,-14048,-4920,6304,-768,104,-170,0
269.75999999046326,8484,6488,11196,-137,-41,72,7228,-9376,10424,-53,278,-126,-13624,4108,5472,-1054,16,-65,-13828,-5112,6496,-761,109,-151,0
269.7961390018463,8804,6536,11200,-85,-22,69,7260,-9428,10288,16,134,-170,-13760,3952,5636,-987,38,-46,-14224,-4912,6336,-498,113,-142,0
269.8323481082916,8748,6544,11156,-118,-28,51,7352,-9388,10280,-38,185,-174,-13728,4116,5524,-932,98,-74,-14004,-4940,6276,-488,109,-130,0
269.8682150840759,8764,6412,11064,-145,-29,82,7472,-9320,10340,-51,144,-142,-13800,4100,5664,-1024,63,-53,-13988,-4900,6432,-469,107,-128,0
269.90337896347046,8712,6480,11440,-119,-42,71,7332,-9248,10304,-37,164,-146,-13716,4080,5808,-997,32,-74,-14008,-4912,6588,-498,51,-164,0
269.9392600059509,8800,6520,11380,-131,-53,80,7332,-9360,10340,-43,111,-145,-13760,4068,5640,-969,39,-54,-13956,-5044,6256,-526,90,-148,0
269.9744920730591,8668,6536,11252,-84,-67,87,7324,-9368,10268,-65,140,-155,-13848,4200,5500,-984,38,-36,-14000,-4952,6340,-527,110,-144,0
270.01012802124023,8792,6552,11104,-92,-46,67,7320,-9344,10384,-39,117,-177,-13696,3876,5660,-988,76,-56,-13596,-5012,6296,-529,143,-149,0
270.04547905921936,8736,6416,11108,-109,-53,66,7604,-9368,10440,-93,144,-135,-13664,4120,5556,-1032,91,-47,-13980,-4924,6300,-506,150,-167,0
270.0817470550537,8728,6432,11276,-89,-83,71,7324,-9256,10384,-31,154,-197,-13604,4104,5668,-979,109,-97,-14336,-4980,6324,-486,122,-136,0
270.1176779270172,8780,6504,11196,-105,-62,69,7172,-9288,10352,-73,127,-157,-13756,4200,5560,-1003,118,-103,-14004,-5044,6308,-470,123,-106,0
270.15239691734314,8904,6488,11104,-145,-49,82,7520,-9228,10312,-68,141,-180,-13884,4164,5696,-997,72,-75,-14008,-4948,6340,-492,133,-143,0
270.18862295150757,8724,6460,11340,-131,-37,87,7384,-9340,10396,-25,164,-162,-13688,4080,5636,-1012,83,-112,-13924,-5032,6332,-260,126,-148,0
270.22385811805725,8744,6456,11232,-126,-99,98,7276,-9352,10272,-88,232,-95,-13588,4232,5632,-1030,57,-66,-13896,-5132,6380,-502,152,-139,0
270.2593529224396,8640,6456,11288,-126,-72,80,7184,-9328,10456,-60,160,-175,-13840,4188,5852,-994,61,-24,-14036,-5016,6340,-516,123,-133,0
270.2952229976654,8528,6496,11256,-138,-31,96,7352,-9344,10384,-54,162,-162,-13772,4176,5724,-995,75,-64,-13888,-5024,6180,-517,125,-115,0
270.32876992225647,8900,6552,11152,-117,-75,100,7452,-9312,10332,-44,147,-160,-13812,4196,5476,-989,104,-120,-13972,-5028,6344,-505,169,-127,0
270.3624310493469,8680,6448,11408,-129,-79,100,7324,-9300,10420,-29,129,-175,-13648,3848,5644,-999,133,-129,-13944,-5076,6460,-493,162,-125,0
270.3956429958344,8592,6504,11204,-140,-85,115,7404,-9276,10312,-36,137,-196,-13784,4028,5708,-973,86,-89,-13980,-5028,6320,-503,150,-115,0
270.4292230606079,8736,6500,11132,-135,-120,86,7308,-9344,10336,-94,142,-165,-13844,4128,5508,-972,118,-63,-13964,-4936,6416,-525,147,-112,0
270.46265292167664,8748,6396,11280,-130,-80,109,7208,-9472,10432,-106,187,-122,-13724,4220,5832,-1020,59,-77,-13980,-5064,6228,-531,166,-129,0
270.4962179660797,8712,6540,11280,-126,-82,120,7292,-9296,10444,-18,166,-125,-13720,4148,5584,-1029,86,-110,-13984,-5028,6284,-530,128,-136,0
270.5294749736786,8768,6556,11268,-142,-74,96,7316,-9360,10288,-54,161,-168,-13840,4192,5384,-966,92,-126,-13980,-4924,6352,-523,155,-132,0
270.5630090236664,8676,6536,11212,-138,-66,90,7292,-9316,10084,7,160,-167,-13864,4216,5672,-987,112,-109,-13904,-5092,6600,-458,163,-122,0
270.59693813323975,8760,6588,11512,-158,-85,103,7220,-9240,10328,8,149,-171,-13760,4344,5852,-1021,120,-102,-14008,-5044,6428,-452,155,-84,0
270.63027000427246,8672,6564,11388,-183,-91,118,7284,-9332,10404,4,149,-162,-13804,4132,5808,-1031,129,-80,-13936,-5056,6456,-481,136,-89,0
270.66340494155884,8596,6544,11356,-196,-105,108,7272,-9304,10360,-17,160,-218,-13704,4120,5668,-991,137,-130,-14016,-4948,6616,-484,187,-75,0
270.6969771385193,8640,6552,11448,-183,-175,133,7340,-9388,10256,-19,138,-200,-13872,4144,5684,-1000,144,-189,-13968,-4940,6628,-490,225,-84,0
270.7305209636688,8484,6508,11276,-125,-186,126,7296,-9352,10472,13,120,-249,-13780,4088,5700,-1014,151,-182,-13892,-5020,6436,-541,231,-102,0
270.76424503326416,8592,6520,11200,-163,-209,138,7248,-9192,10340,-2,129,-236,-13636,4188,5480,-990,147,-187,-13996,-4952,6336,-518,233,-50,0
270.7977080345154,8636,6496,11400,-188,-209,136,7244,-9268,10376,16,126,-255,-13772,4184,5472,-992,151,-123,-14024,-5040,6328,-490,234,-58,0
270.8312621116638,8472,6544,11204,-205,-140,141,7348,-9316,10468,4,160,-205,-13776,4072,5504,-980,177,-137,-13984,-4980,6364,-763,230,-56,0
270.86470103263855,8648,6572,11248,-206,-160,126,7356,-9192,10268,3,138,-204,-13704,4180,5376,-1000,135,-147,-14008,-5096,6284,-515,246,-91,0
270.8981339931488,8732,6520,11108,-195,-150,137,7316,-9280,10416,30,128,-213,-13928,4104,5564,-1021,152,-149,-14004,-4980,6388,-499,220,-77,0
270.9319341182709,8724,6496,11248,-202,-190,151,7244,-9240,10428,-7,125,-231,-13768,4284,5400,-984,171,-183,-13984,-4896,6356,-501,200,-54,0
270.9655029773712,8736,6480,11120,-200,-185,117,7656,-9312,10388,-8,122,-217,-13844,4324,5536,-957,144,-173,-13996,-4924,6328,-499,192,-84,0
271.0035879611969,8824,6536,11300,-190,-165,149,7404,-9228,10316,255,142,-202,-13712,4156,5572,-1007,143,-108,-13924,-5008,6292,-471,205,-79,0
271.03768706321716,8828,6396,11268,-208,-178,125,7332,-9392,10484,20,137,-232,-13712,3900,5696,-770,116,-94,-13920,-4972,6312,-497,206,-88,0
271.0711250305176,8628,6456,11300,-193,-167,134,7380,-9256,10692,21,154,-197,-13824,4088,5568,-1128,153,-96,-14028,-4924,6260,-499,196,-76,0
271.10477209091187,8808,6428,11200,-164,-188,137,7404,-9260,10320,39,96,-241,-13744,4272,5792,-956,153,-165,-13976,-5040,6284,-524,182,-48,0
271.137717962265,8744,6488,11100,-186,-179,118,7344,-9336,10484,-6,148,-195,-13796,4344,5820,-1041,153,-110,-13960,-5088,6348,-501,205,-80,0
271.17138504982,8892,6476,11148,-192,-189,142,7392,-9160,10308,-18,108,-186,-14080,3852,5768,-1086,197,-99,-14044,-4900,6228,-257,180,-62,0
271.2049870491028,8784,6480,11308,-192,-207,166,7388,-9304,10376,8,115,-185,-13780,4324,5728,-997,108,-117,-14016,-4928,6324,-765,181,-59,0
271.23868894577026,8872,6312,11352,-212,-168,145,7456,-9284,10420,24,102,-168,-13776,4092,5640,-1278,128,-101,-14040,-5064,6292,-495,172,-79,0
271.27227210998535,8764,6412,11316,-146,-173,121,7408,-9380,10324,5,133,-229,-13812,4068,5576,-975,141,-116,-14016,-4956,6324,-499,193,-100,0
271.3053269386292,8768,6432,11140,-177,-172,111,7340,-9372,10336,-5,147,-249,-13576,4096,5400,-982,144,-86,-14012,-4836,6392,-487,227,-83,0
271.34320092201233,8932,6436,11164,-171,-155,133,7268,-9236,10340,19,198,-170,-13852,3860,5532,-993,136,-141,-14080,-4928,6276,-483,159,-105,0
271.37920093536377,8928,6464,11016,-147,-127,131,7196,-9228,10388,-2,155,-166,-13828,4056,5420,-998,83,-60,-13940,-5016,6392,-494,150,-94,0
271.4142589569092,8720,6432,11116,-174,-140,115,7308,-9228,10560,26,141,-184,-14004,4092,5588,-1017,111,-119,-14004,-4892,6316,-507,165,-117,0
271.4495041370392,8788,6448,11220,-120,-146,115,7408,-9184,10292,-67,135,-190,-13788,4156,5520,-1142,131,-76,-13940,-5064,6256,-512,188,-100,0
271.48511505126953,8860,6620,11116,-114,-115,93,7336,-9232,10372,-41,109,-217,-13880,4088,5576,-991,93,-87,-13956,-5100,6296,-508,186,-126,0
271.5210449695588,8836,6308,11208,-119,-72,111,7372,-9156,10292,-43,138,-198,-13752,3972,5560,-998,109,-137,-14008,-4980,6236,-260,180,-159,0
271.5572829246521,8892,6508,11276,-125,-74,87,7288,-9228,10428,-34,132,-166,-13780,4076,5456,-1278,93,-76,-13856,-5072,6308,-478,127,-170,0
271.5921790599823,8904,6452,11244,-145,-8,79,7412,-9272,10480,-14,126,-169,-13728,4080,5836,-1012,101,-57,-14276,-4672,6332,-487,102,-158,0
271.6285660266876,8820,6376,11252,-127,-45,74,7452,-9284,10372,-46,184,-160,-13800,4056,5408,-983,89,-134,-14040,-4812,5940,-496,144,-145,0
271.6637511253357,8916,6504,11188,-121,-36,66,7248,-9316,10352,-59,145,-151,-13584,4072,5636,-1005,98,-59,-13984,-5032,6280,-500,154,-173,0
271.6995439529419,8696,6400,11312,-97,-44,69,7260,-9228,10324,-63,154,-163,-13756,4084,5672,-1005,73,-46,-14252,-4996,6224,-516,140,-153,0
271.73477697372437,8792,6516,11360,-96,-46,57,7428,-9276,10340,-67,173,-167,-13788,4196,5660,-963,51,-96,-14020,-4960,6240,-496,105,-103,0
271.77080607414246,8812,6448,11068,-100,-78,107,7264,-9312,10512,-69,153,-168,-14028,4108,5644,-956,102,-37,-14108,-5024,6228,-498,105,-148,0
271.80600905418396,8700,6404,11344,-108,-24,95,7304,-9292,10424,-38,114,-129,-13808,4324,5824,-978,85,-59,-14076,-4940,6300,-752,105,-151,0
271.84207105636597,8768,6504,11012,-109,-70,92,7356,-9324,10460,-26,132,-150,-13612,3888,5720,-986,88,-88,-14064,-5016,6348,-764,135,-136,0
271.8781681060791,8812,6440,11240,-101,-57,102,7324,-9260,10512,-60,141,-164,-13792,3884,5744,-968,80,-32,-14096,-4940,6296,-492,129,-131,0
271.9132640361786,8840,6388,11408,-74,-53,88,7512,-9252,10308,-70,134,-163,-13968,3872,5680,-970,104,-87,-13828,-5096,6588,-475,118,-141,0
271.9482080936432,8836,6156,11216,-115,-64,54,7560,-9248,10340,-98,179,-126,-13844,4104,5812,-1034,28,-84,-14004,-5024,6424,-508,114,-161,0
271.98429012298584,8828,6372,11424,-110,-51,75,7344,-9360,10236,-34,182,-136,-13848,3944,5668,-939,26,-31,-13936,-4888,6252,-503,97,-164,0
272.0179209709168,8800,6504,11164,-119,-19,55,7276,-9432,10372,-63,184,-131,-13860,4168,5536,-1005,77,-36,-14280,-4928,6268,-498,108,-184,0
272.05146503448486,8756,6476,11212,-80,-67,29,7392,-9272,10280,-33,150,-182,-13744,4192,5384,-963,51,-78,-13972,-4972,6156,-458,117,-138,0
272.0850279331207,8748,6464,11112,-118,-47,49,7336,-9316,10452,-31,159,-159,-13784,4180,5444,-983,43,-50,-13896,-5080,6624,-465,101,-157,0
272.1183979511261,8780,6532,11112,-105,-24,52,7308,-9244,10436,-43,150,-158,-13844,4164,5612,-978,37,-78,-13952,-5044,6344,-472,102,-150,0
272.151731967926,8472,6484,11060,-109,-30,56,7308,-9264,10308,-88,158,-148,-13712,4232,5744,-986,45,-73,-13928,-5000,6584,-493,80,-147,0
272.1853530406952,8732,6456,11312,-89,-80,83,7328,-9260,10412,-85,153,-177,-13796,4260,5680,-967,59,-56,-13964,-5060,6216,-514,112,-145,0
272.2189581394196,8744,6508,11172,-103,-78,100,7420,-9208,10328,-55,168,-173,-13768,4124,5576,-988,55,-74,-13968,-4980,6392,-517,161,-126,0
272.2525749206543,8808,6532,11212,-88,-75,106,7228,-9308,10420,-14,108,-193,-13808,4156,5724,-996,116,-69,-13916,-5032,6312,-538,163,-130,0
272.286071062088,8788,6508,11220,-85,-72,94,7340,-9304,10292,-43,116,-179,-13824,4120,5984,-855,40,-86,-14076,-4904,6272,-516,180,-126,0
272.3198239803314,8804,6504,11276,-118,-110,82,7332,-9316,10324,-68,98,-180,-13752,4104,5808,-1008,128,-93,-14004,-5072,6456,-521,127,-115,0
272.35315799713135,8468,6488,11280,-95,-66,67,7568,-9308,10392,-78,139,-168,-13608,4160,5736,-975,94,-102,-13876,-4988,6388,-525,150,-155,0
272.3868191242218,8688,6468,11248,-112,-73,97,7320,-9380,10428,-22,173,-156,-13640,4136,5688,-1000,100,-79,-13820,-4988,6392,-767,147,-145,0
272.42056608200073,8784,6496,11236,-129,-68,87,7252,-9464,10360,-44,187,-141,-13676,4080,5604,-993,90,-82,-13936,-5000,6200,-510,141,-113,0
272.4540610313416,8692,6532,11244,-129,-74,81,7304,-9304,10404,-74,157,-182,-13784,4172,5460,-969,104,-68,-13976,-4916,6288,-492,140,-141,0
272.4876699447632,8728,6508,11172,-143,-76,79,7320,-9360,10388,-51,150,-182,-13788,4164,5872,-995,106,-99,-13972,-4952,6264,-496,173,-139,0
272.5210130214692,8808,6496,11320,-156,-69,109,7316,-9300,10472,-5,152,-189,-13732,4248,5696,-1007,111,-123,-13976,-4964,6452,-478,163,-95,0
272.5545129776001,8704,6564,11316,-159,-100,104,7284,-9364,10396,254,131,-182,-13700,4212,5688,-1014,132,-147,-14056,-4996,6144,-503,172,-87,0
272.58821392059326,8744,6508,11300,-174,-97,125,7316,-9312,10348,-253,134,-171,-13628,4120,5408,-994,122,-100,-13952,-5044,6428,-527,179,-82,0
272.6217761039734,8676,6460,11348,-144,-107,115,7400,-9308,10316,-31,122,-200,-13672,4148,5668,-967,121,-118,-14032,-5012,6332,-519,187,-97,0
272.6551089286804,8700,6404,11104,-145,-136,134,7260,-9304,10436,-15,126,-192,-13808,4092,5588,-1015,155,-72,-13976,-5036,6512,-516,190,-69,0
272.6886990070343,8784,6640,11284,-186,-112,151,7300,-9268,10324,249,123,-196,-13776,4044,5668,-1030,153,-129,-14036,-4996,6332,-526,226,-44,0
272.7224061489105,8636,6536,11132,-166,-164,134,7348,-9328,10512,15,123,-212,-13832,4168,5644,-1002,165,-118,-13900,-5040,6388,-532,233,-52,0
272.7559940814972,8800,6612,11024,-153,-157,141,7340,-9280,10300,2,132,-211,-13584,4220,5384,-977,141,-137,-14072,-4832,6492,-519,207,-84,0
272.7898161411285,8912,6528,11100,-165,-159,148,7380,-9316,10420,19,129,-217,-13728,4236,5880,-1008,160,-170,-13860,-5012,6320,-509,245,-77,0
272.8234169483185,8944,6472,11024,-185,-131,140,7312,-9272,10416,-255,131,-228,-13772,4088,5808,-1009,206,-147,-13988,-5032,6380,-487,235,-85,0
272.8571100234985,8764,6504,11280,-184,-165,134,7440,-9372,10384,5,115,-212,-13812,4096,5808,-1011,166,-132,-14004,-5048,6220,-522,185,-40,0
272.89061403274536,8740,6548,11160,-189,-192,144,7324,-9316,10492,-20,127,-210,-13776,4016,5592,-990,141,-112,-14188,-5032,6360,-504,210,-103,0
272.9242639541626,8828,6396,11080,-201,-166,131,7272,-9220,10388,24,140,-182,-13572,4060,5440,-1004,120,-116,-13968,-4928,6360,-497,193,-89,0
272.9579019546509,8768,6544,11192,-170,-167,110,7376,-9236,10440,-256,142,-205,-13704,3888,5504,-1053,151,-141,-13964,-5092,6192,-512,235,-73,0
272.99388098716736,8940,6496,11104,-211,-193,115,7364,-9336,10312,-4,108,-244,-13796,4124,5664,-956,132,-152,-14008,-5100,6144,-506,244,-45,0
273.02933406829834,8808,6608,11476,-227,-212,124,7476,-9284,10500,0,143,-226,-13800,4056,5496,-1030,168,-162,-14064,-4964,6368,-465,196,-73,0
273.0643651485443,8868,6544,11112,-178,-149,138,7604,-9236,10404,5,142,-182,-13808,4128,5488,-1023,145,-43,-13988,-4940,6408,-486,115,-73,0
273.1001830101013,8728,6520,11400,-188,-157,136,7276,-9344,10288,4,108,-189,-13696,4120,5472,-992,163,-126,-13964,-5024,6356,-507,166,-67,0
273.135281085968,8796,6176,11316,-203,-165,161,7204,-9276,10468,-27,70,-187,-13848,4336,5432,-1024,153,-96,-14012,-4944,6392,-496,185,-70,0
273.1707091331482,8732,6156,11296,-143,-197,150,7360,-9244,10356,14,115,-193,-13752,4012,5836,-1061,143,-151,-13980,-4980,6208,-540,248,-73,0
273.2059519290924,8716,6424,11112,-175,-205,145,7420,-9064,10268,36,80,-231,-13616,4092,5584,-997,187,-139,-13896,-4872,6268,-528,225,-62,0
273.2412419319153,8796,6400,11104,-142,-197,153,7392,-9320,10432,-17,79,-212,-13880,4132,5628,-1014,186,-187,-13844,-4992,6360,-263,195,-50,0
273.27605509758,8940,6480,11124,-176,-185,134,7644,-9252,10352,-28,109,-512,-13648,4108,5568,-999,152,-149,-13900,-4904,6276,-258,196,-90,0
273.3118119239807,8896,6412,11232,-136,-153,110,7400,-9268,10340,7,119,-247,-13772,4076,5644,-957,89,-156,-13928,-4764,6284,-539,236,-103,0
273.34765005111694,8908,6364,11004,-125,-136,101,7364,-9252,10064,-45,154,-228,-13672,4088,5388,-993,87,-154,-14008,-4940,6256,-537,304,-89,0
273.3828039169312,8780,6484,11120,-131,-122,97,7396,-9256,10292,-34,109,-188,-13816,4068,5532,-990,112,-86,-14028,-4952,6416,-474,101,-152,0
273.4181990623474,8852,6336,11080,-115,-75,74,7440,-9000,10336,-82,122,-178,-14072,4116,5652,-983,91,-110,-14020,-4944,6276,-477,64,-147,0
273.45383310317993,8884,6472,11140,-134,-37,44,7484,-9204,10260,-36,169,-150,-13796,4024,5620,-987,66,-64,-13952,-4908,6100,-487,112,-168,0
273.4896640777588,8820,6464,11200,-138,-254,102,7352,-9272,10500,-20,171,-153,-13648,3852,5596,-1019,79,-98,-14068,-4928,6284,-498,133,-140,0
273.52512311935425,8908,6452,11228,-119,-46,87,7292,-9264,10392,-60,131,-136,-13872,4120,5480,-1016,86,-76,-13948,-4860,6364,-496,126,-157,0
273.5609509944916,8768,6536,11300,-113,-21,91,7368,-8980,10472,-41,126,-156,-13752,3940,5768,-1024,73,-36,-13828,-5016,6368,-499,147,-135,0
273.59604001045227,8768,6524,11224,-105,-30,60,7320,-8996,10288,-52,147,-144,-13788,3864,5620,-1022,75,-46,-13944,-5048,6256,-505,124,-158,0
273.63326811790466,8828,6468,11232,-126,-43,74,7348,-9232,10364,-79,159,-146,-13664,4084,5568,-998,66,-13,-14116,-5120,6304,-505,91,-100,0
273.6669290065765,8816,6448,11312,-125,-52,65,7332,-9388,10040,-25,160,-119,-13736,4048,5748,-965,43,-47,-13980,-5020,6496,-481,99,-139,0
273.70027899742126,8604,6476,11256,-133,-23,70,7316,-9304,10328,-27,165,-125,-13768,4076,5484,-1003,50,-44,-13976,-5004,6280,-522,100,-123,0
273.7338750362396,8728,6564,11040,-120,-37,77,7300,-9304,10396,-83,183,-130,-13728,4016,5684,-965,22,-66,-14184,-4692,6324,-518,134,-162,0
273.7674250602722,8712,6448,11340,-78,-60,48,7384,-9216,10392,-84,162,-193,-13596,4204,5608,-953,72,-111,-13948,-4916,6372,-503,133,-155,0
273.80071997642517,8848,6472,11124,-128,-22,82,7464,-9268,10276,-74,171,-179,-13784,4140,5516,-987,64,-55,-14008,-4996,6220,-492,122,-163,0
273.8341839313507,8816,6532,11376,-114,14,89,7400,-9256,10456,-35,174,-125,-13808,4096,5584,-976,34,-17,-13832,-5040,6248,-517,75,-148,0
273.8680520057678,8780,6492,11120,-116,16,67,7328,-8972,10372,-70,179,-113,-13716,3888,5452,-976,57,-25,-14024,-5008,6256,-494,93,-149,0
273.9013431072235,8536,6432,11036,-101,-40,44,7228,-9356,10432,-51,181,-150,-13772,4296,5688,-972,45,-63,-14052,-4896,6584,-491,89,-141,0
273.934937953949,8956,6472,11388,-55,-45,65,7392,-9372,10304,-53,165,-167,-13760,4092,5664,-979,51,-94,-13968,-4944,6260,-768,146,-164,0
273.968554019928,8668,6488,11268,-91,-49,63,7332,-9288,10368,-50,130,-157,-13752,4064,5648,-998,80,-112,-14016,-5040,6416,-534,166,-157,0
274.00190114974976,8720,6604,11272,-69,-15,49,7240,-9204,10444,-56,126,-168,-13704,4124,5568,-985,91,-67,-14300,-5000,6468,-506,169,-153,0
274.0355739593506,8740,6504,11232,-90,-61,70,7136,-9268,10412,-78,146,-155,-13740,4148,5692,-963,94,-84,-14012,-4932,6388,-509,125,-143,0
274.06920099258423,8724,6532,11184,-106,-47,63,7136,-9284,10440,-65,142,-156,-13856,4152,5692,-1005,77,-74,-14084,-5016,6340,-497,131,-165,0
274.1025540828705,8788,6516,11200,-102,-96,68,7268,-9372,10508,-31,153,-150,-13748,4188,5572,-770,64,-45,-14008,-4980,6364,-500,143,-156,0
274.1360759735108,8808,6528,11172,-103,-25,88,7256,-9284,10324,-44,130,-168,-13720,4072,5748,-983,70,-116,-14016,-5036,6380,-509,124,-153,0
274.16987800598145,8732,6516,11224,-103,-78,60,7256,-9280,10288,-89,168,-149,-13760,4172,5728,-969,92,-117,-14032,-5136,6412,-498,115,-145,0
274.2033920288086,8792,6528,11140,-121,-93,74,7288,-9260,10364,-59,152,-174,-13772,4156,5728,-987,71,-99,-13988,-4940,6316,-513,150,-141,0
274.2368810176849,8736,6480,11084,-107,-49,89,7320,-9376,10288,-49,128,-166,-13816,4008,5692,-899,42,-65,-14100,-4908,6292,-259,151,-100,0
274.2703881263733,8632,6592,11248,-133,-62,111,7256,-9364,10472,-39,122,-177,-13800,3920,5744,-999,111,-68,-13940,-4928,6316,-496,172,-107,0
274.3039960861206,8744,6488,11344,-104,-45,93,7288,-9224,10440,-31,121,-175,-13604,3912,5704,-993,130,-50,-13924,-5004,6192,-534,139,-128,0
274.33755803108215,8800,6556,11484,-110,-55,89,7360,-9280,10320,-23,170,-168,-13740,4088,5528,-904,52,-129,-13940,-4976,6400,-501,157,-138,0
274.3711879253388,8792,6652,11468,-125,-76,91,7292,-9264,10428,-19,132,-185,-13672,4136,5768,-1002,96,-128,-14004,-5028,6344,-492,170,-106,0
274.40430903434753,8696,6516,11296,-135,-63,105,7384,-9308,10472,-48,143,-156,-13824,3924,5856,-980,119,-73,-14080,-4972,6256,-508,137,-94,0
274.4376900196076,8748,6476,11236,-157,-98,108,7344,-9372,10492,-41,140,-166,-13836,4216,5708,-1010,86,-78,-13960,-4956,6400,-507,174,-88,0
274.4712071418762,8720,6516,11308,-177,-58,105,7372,-9224,10308,7,155,-167,-13832,3888,5708,-1015,107,-104,-14028,-5020,6408,-502,150,-98,0
274.50477409362793,8704,6564,11400,-162,-118,111,7296,-9472,10276,3,144,-174,-13788,4072,5744,-1007,130,-129,-13940,-5080,6360,-478,195,-60,0
274.5383739471436,8780,6484,11248,-162,-165,105,7284,-9372,10464,-32,147,-218,-13764,4312,5844,-996,162,-173,-13956,-4932,6296,-509,1,-90,0
274.572035074234,8672,6532,11076,-137,-173,120,7220,-9372,10256,-13,105,-232,-13704,4200,5576,-1006,174,-175,-14084,-4876,6240,-458,206,-83,0
274.6056110858917,8664,6504,11252,-178,-150,121,7308,-9240,10328,43,130,-205,-13784,4172,5660,-1005,123,-148,-14000,-4984,6424,-474,183,-72,0
274.6389961242676,8672,6336,11324,-207,-120,142,7320,-9268,10284,-256,163,-186,-13796,3884,5760,-970,143,-77,-14008,-5092,6564,-483,121,-67,0
274.6749551296234,8616,6508,11492,-217,-128,122,7392,-9412,10408,-16,155,-212,-13796,4132,5556,-966,127,-179,-13852,-4964,6352,-475,194,-74,0
274.71089601516724,8756,6600,11228,-194,-158,167,7348,-9340,10416,15,152,-217,-13816,4080,5500,-996,165,-123,-13976,-5008,6284,-497,224,-61,0
274.7460780143738,8632,6532,11220,-183,-181,153,7348,-9296,10292,7,107,-235,-13732,4036,5456,-1008,186,-185,-13968,-4908,6344,-519,280,-67,0
274.78186202049255,8820,6480,11104,-147,-200,150,7344,-9232,10296,8,79,-229,-13804,3900,5560,-1279,160,-183,-13904,-4992,6296,-494,226,-72,0
274.81806898117065,8752,6536,11308,-181,-222,158,7436,-9360,10728,4,122,-228,-13804,4176,5588,-990,182,-110,-13940,-5020,6312,-496,207,-93,0
274.8535830974579,8820,6428,11444,-191,-135,133,7428,-9300,10460,2,150,-200,-13784,4192,5664,-1001,131,-119,-13992,-4980,6264,-257,222,-93,0
274.88974809646606,8776,6424,10932,-201,-172,144,7176,-9216,10360,20,142,-199,-13748,4088,5548,-1003,158,-134,-13960,-5040,6304,-492,190,-77,0
274.92564392089844,8952,6500,11336,-197,-161,136,7308,-9196,10364,-26,139,-208,-13764,3844,5724,-988,153,-116,-13904,-4908,6220,-487,173,-74,0
274.9608509540558,8784,6492,11320,-198,-207,141,7420,-9232,10312,-26,109,-220,-13764,4264,5400,-990,136,-127,-14080,-4972,6232,-498,195,-56,0
274.9962170124054,8792,6524,11332,-177,-197,139,7376,-9392,10296,253,124,-213,-13804,4288,5576,-1275,115,-135,-13976,-4944,6268,-523,249,-46,0
275.0322070121765,8484,6436,11220,-185,-190,132,7356,-9452,10632,2,162,-274,-13744,3992,5708,-1009,158,-163,-13956,-5000,6400,-541,383,-83,0
275.068284034729,8672,6524,11176,-193,-225,170,7512,-9212,10448,47,109,-233,-13804,4040,5400,-1077,163,-151,-13988,-5044,6484,-506,199,-66,0
275.1037349700928,8852,6400,11204,-137,-237,130,7356,-9276,10432,13,123,-215,-13704,4020,5536,-1002,141,-115,-14036,-5060,6320,-487,138,-90,0
275.13867807388306,8752,6496,11408,-147,-180,133,7268,-9252,10460,-3,156,-198,-14056,4080,5496,-975,152,-123,-14048,-5036,6272,-476,148,-121,0
275.1743531227112,8704,6172,11168,-161,-177,133,7356,-9188,10184,-52,176,-173,-13784,4092,5632,-986,130,-117,-14016,-4972,6216,-504,161,-68,0
275.20976400375366,8948,6584,11260,-162,-171,134,7384,-9276,10368,-42,111,-189,-13692,4056,5592,-1007,139,-81,-13952,-5000,6320,-523,164,-101,0
275.24561405181885,8712,6184,11264,-134,-124,90,7356,-9280,10508,-20,118,-169,-13720,4036,5440,-1023,94,-54,-13936,-5116,6604,-270,144,-133,0
275.28136801719666,8828,6524,11188,-112,-50,105,7356,-9196,10468,-48,149,-156,-13616,4044,5444,-996,94,-80,-13980,-5080,6288,-492,132,-135,0
275.3190760612488,8832,6508,11460,-108,-42,60,7404,-9380,10412,-73,163,-180,-13604,4088,5428,-957,78,-98,-14088,-4800,6152,-494,160,-170,0
275.35266304016113,8872,6408,11068,-142,-40,78,7412,-9316,10400,-27,176,-173,-13756,3896,5836,-1014,84,-52,-13956,-4964,6352,-497,130,-154,0
275.3860280513764,8824,6156,11256,-98,3,67,7408,-9228,10384,-27,147,-128,-13704,4080,5680,-1018,92,-15,-13960,-4996,6144,-479,85,-125,0
275.4198980331421,8704,6472,11324,-128,-35,79,7348,-9252,10388,-54,153,-115,-13708,4164,5772,-995,95,-25,-14020,-5020,6184,-519,84,-136,0
275.45361614227295,8784,6576,11328,-124,-13,46,7384,-8992,10724,-87,139,-138,-13872,4108,5812,-984,24,-77,-13932,-4948,6224,-525,127,-191,0
275.48722791671753,8816,6504,11204,-71,-49,61,7312,-9276,10368,-66,193,-152,-13780,4148,5804,-978,63,-103,-13956,-5004,6320,-526,142,-180,0
275.52079701423645,8732,6412,11324,-103,-5,65,7292,-9380,10280,-24,175,-173,-13656,4164,5764,-996,95,-69,-13984,-4916,6404,-483,129,-145,0
275.55604004859924,8688,6428,11304,-113,-25,82,7336,-9276,10284,-43,131,-161,-13628,4280,5648,-994,135,-32,-14052,-4924,6308,-496,106,-135,0
275.59036207199097,8748,6472,11352,-117,-84,90,7400,-9268,10308,-70,149,-186,-13736,4148,5392,-988,87,-38,-14076,-5116,6632,-503,90,-129,0
275.62392711639404,8816,6488,11080,-121,-35,74,7384,-9300,10492,-89,128,-169,-13812,4172,5816,-970,101,-51,-14044,-4980,6304,-525,137,-91,0
275.6574170589447,8752,6496,11288,-91,-32,74,7388,-9308,10372,-44,159,-166,-13720,4084,5636,-978,46,-95,-13940,-4964,6240,-547,133,-137,0
275.6910569667816,8828,6476,11136,-80,-50,64,7356,-9244,10384,-57,121,-152,-13756,4116,5556,-991,69,-69,-13984,-4676,6352,-527,112,-130,0
275.7242829799652,8840,6464,11456,-97,-43,65,7424,-9276,10328,-89,107,-189,-13864,4028,5736,-953,73,-78,-14060,-4940,6292,-503,108,-108,0
275.7579081058502,8864,6428,11300,-98,-25,56,7672,-8964,10340,-88,153,-161,-13820,4004,5740,-886,29,-50,-13964,-4932,6356,-502,124,-182,0
275.7914581298828,8824,6452,11212,-112,-15,60,7316,-9292,10372,-60,171,-167,-13732,4168,5692,-1006,49,-45,-14000,-4964,6372,-486,120,-138,0
275.8249831199646,8816,6468,11236,-95,-1,70,7296,-9320,10356,-55,129,-179,-13988,4312,5476,-991,67,-68,-13996,-4940,6412,-497,155,-150,0
275.8586051464081,8688,6512,11100,-81,-48,57,7228,-9304,10336,34,62,-206,-13748,4068,5388,-972,67,-69,-13872,-4948,6224,-516,121,-148,0
275.8922281265259,8944,6524,11320,-96,-24,55,7360,-9232,10336,-45,121,-184,-13764,4084,5672,-984,78,-98,-13956,-4760,6356,-483,144,-146,0
275.92553210258484,8880,6576,11352,-104,-38,66,7348,-9260,10440,-72,161,-164,-13812,4160,5752,-969,93,-90,-13876,-4956,6352,-520,162,-154,0
275.9592430591583,8732,6588,11108,-129,-100,83,7276,-9360,10320,-43,160,-159,-13720,4164,5688,-967,54,-80,-13884,-5028,6288,-517,142,-165,0
275.99280309677124,8600,6496,11036,-124,-58,76,7360,-9472,10424,-4,139,-142,-13652,4236,5684,-1018,52,-45,-13940,-5016,6592,-510,121,-152,0
276.030198097229,8504,6556,11376,-124,-60,79,7320,-8996,10408,9,126,-156,-14016,4132,5544,-1049,91,-60,-13840,-4976,6616,-766,109,-119,0
276.0642490386963,8776,6568,11180,-117,-71,84,7352,-9276,10384,-36,148,-176,-13744,4180,5616,-984,78,-114,-14056,-4932,6232,-493,156,-133,0
276.09766602516174,8708,6528,11208,-166,-23,56,7464,-9172,10404,-32,138,-162,-13820,4212,5528,-999,114,-51,-14076,-5048,6380,-510,149,-136,0
276.1310441493988,8712,6532,11512,-123,-62,95,7308,-9352,10360,11,125,-136,-13756,4100,5748,-1011,76,-53,-13992,-4956,6432,-481,113,-134,0
276.1643581390381,8448,6520,11356,-137,-43,91,7276,-9284,10248,12,122,-175,-13856,3884,5772,-933,57,-96,-13916,-5020,6312,-494,98,-129,0
276.19793009758,8948,6576,11320,-132,-75,72,7264,-9440,10328,-40,128,-177,-13592,4136,5824,-981,102,-73,-14048,-4968,6260,-762,115,-111,0
276.2312259674072,8716,6520,11324,-110,-66,86,7428,-9324,10436,-62,144,-172,-13804,4104,5772,-997,98,-87,-13944,-5068,6632,-508,154,-127,0
276.2646391391754,8732,6572,11056,-147,-77,78,7424,-9304,10392,-18,111,-181,-13680,4128,5696,-994,121,-36,-13852,-5040,6280,-258,191,-140,0
276.29821395874023,8656,6544,11312,-108,-66,101,7328,-9268,10120,-34,139,-189,-13816,3948,5844,-1012,142,-76,-13884,-4964,6384,-498,177,-141,0
276.3318269252777,8792,6500,11144,-163,-84,117,7292,-9244,10184,-24,117,-187,-13748,4128,5636,-972,121,-84,-13836,-4952,6600,-497,142,-100,0
276.3690960407257,8772,6560,11456,-155,-76,100,7428,-9376,10264,-34,160,-162,-13784,4208,5540,-986,111,-141,-13952,-4948,6200,-483,174,-115,0
276.4041600227356,8820,6556,11316,-182,-75,85,7332,-9380,10416,7,154,-173,-13744,4140,5696,-1004,121,-97,-13896,-5044,6320,-484,202,-71,0
276.4391939640045,8452,6564,11296,-168,-132,121,7332,-9324,10452,-19,118,-202,-14080,4208,5588,-989,103,-110,-14000,-4964,6332,-491,183,-74,0
276.47482800483704,8948,6584,11280,-165,-121,126,7348,-9356,10384,-40,129,-213,-13816,4180,5736,-983,131,-138,-13896,-5052,6284,-482,218,-79,0
276.51124596595764,8732,6512,11196,-198,-178,101,7316,-9248,10388,-3,137,-219,-13704,3888,5476,-1015,169,-154,-14016,-5004,6424,-481,188,-73,0
276.54740715026855,8664,6524,11304,-174,-137,113,7360,-9472,10292,21,124,-236,-13716,4132,5748,-1007,161,-161,-13872,-5032,6344,-472,225,-48,0
276.582701921463,8452,6544,11092,-208,-180,158,7312,-9304,10504,-15,106,-235,-13712,4148,5560,-1018,176,-131,-13868,-5016,6516,-500,229,-93,0
276.6181070804596,8840,6580,11492,-183,-187,145,7364,-9292,10392,-7,109,-244,-13732,4084,5648,-968,185,-172,-14044,-5052,6344,-507,229,-75,0
276.6533799171448,8720,6488,11504,-191,-203,134,7412,-9316,10344,-15,126,-229,-13860,4160,5796,-1274,148,-211,-14032,-5048,6392,-503,260,-52,0
276.689257144928,8704,6548,11324,-210,-195,165,7392,-9240,10384,15,99,-230,-13756,4092,5684,-1004,181,-109,-13992,-5020,6228,-501,233,-46,0
276.7248101234436,8944,6452,11276,-199,-182,166,7672,-9252,10436,-28,145,-193,-13812,4116,5556,-770,177,-156,-14028,-5064,6392,-445,164,-38,0
276.7599539756775,8840,6496,11276,-220,-235,145,7256,-9308,10232,-29,145,-197,-13776,4076,5812,-1056,135,-119,-14324,-4904,6372,-524,191,-81,0
276.7951021194458,8840,6500,11500,-175,-192,129,7404,-9364,10472,31,73,-191,-13752,4056,5476,-1000,114,-166,-14064,-5008,6252,-477,169,-72,0
276.83085012435913,8672,6504,11204,-152,-191,126,7372,-9308,10476,-15,68,-134,-13796,4012,5716,-958,128,-103,-14000,-5016,6300,-493,202,-87,0
276.86599612236023,8800,6476,11048,-193,-176,113,7268,-9316,10348,250,146,-212,-13820,4116,5744,-938,151,-127,-14000,-4896,6344,-467,225,-48,0
276.9020221233368,8844,6472,11044,-209,-177,149,7408,-9428,10256,255,100,-144,-14020,4340,5604,-1263,158,-155,-13920,-4948,6388,-480,188,-71,0
276.9380440711975,8800,6456,11216,-177,-169,127,7416,-9184,10440,-10,144,-178,-13772,4036,5776,-990,102,-66,-13956,-5076,6256,-489,121,-84,0
276.9731080532074,8744,6528,11096,-212,-126,131,7428,-9324,10452,-18,137,-189,-13832,4120,5756,-960,130,-93,-13696,-4740,6312,-524,204,-85,0
277.00957703590393,8796,6512,11480,-166,-175,128,7384,-9352,10432,13,124,-200,-13872,4080,5584,-1058,146,-93,-13952,-4944,6196,-501,193,-68,0
277.04327607154846,8720,6516,11324,-119,-197,129,7388,-9232,10352,6,106,-231,-13644,4064,5628,-967,121,-134,-14020,-4624,6396,-502,226,-81,0
277.0769319534302,8952,6404,11104,-156,-184,137,7292,-9180,10228,-23,105,-214,-13820,3992,5544,-1006,168,-132,-13968,-4988,6328,-531,188,-90,0
277.11027812957764,8808,6480,11248,-149,-176,127,7416,-9360,10340,-32,101,-213,-13996,4012,5420,-1008,127,-145,-14004,-4920,6192,-483,187,-92,0
277.1437880992889,8820,6436,11296,-150,-120,127,7444,-9216,10636,-56,119,-226,-13788,4080,5536,-976,116,-145,-14060,-4888,6640,-523,170,-133,0
277.17737102508545,8756,6352,11260,-121,-120,84,7408,-9152,10256,-51,136,-197,-13824,3868,5724,-1004,93,-93,-14052,-4896,6300,-522,183,-167,0
277.21062898635864,8960,6424,11376,-101,-73,91,7372,-9288,10296,-41,152,-153,-13824,4024,5492,-988,98,-50,-13964,-4920,6256,-489,137,-129,0
277.244117975235,8844,6516,11224,-148,-24,77,7336,-9260,10324,-54,141,-162,-13796,4008,5532,-981,73,-25,-14020,-4860,6408,-476,124,-142,0
277.2779309749603,8756,6472,11060,-139,-64,56,7364,-9312,10312,-55,192,-181,-13696,4168,5692,-980,29,-101,-14032,-4872,6280,-526,134,-169,0
277.311231136322,8828,6416,11260,-108,-43,99,7256,-9276,10424,-15,161,-146,-14024,4132,5448,-978,84,-79,-13928,-4988,6392,-478,137,-125,0
277.34478306770325,8740,6492,11168,-111,16,81,7280,-9304,10292,-62,109,-183,-13708,4056,5716,-989,107,-88,-13960,-4940,6248,-485,135,-107,0
277.37818908691406,8740,6536,11368,-114,-70,102,7268,-9260,10380,-54,137,-175,-14000,4172,5720,-999,90,-68,-14036,-4956,6312,-506,146,-152,0
277.4119930267334,8732,6448,11396,-101,-80,93,7384,-9260,10288,-57,153,-171,-13984,4312,5820,-1006,63,-48,-14076,-4984,6304,-766,113,-102,0
277.44553112983704,8852,6508,11020,-136,-24,70,7364,-9236,10416,-48,147,-136,-13580,3844,5660,-989,91,-22,-13964,-4920,6352,-485,70,-141,0
277.47927808761597,8916,6496,11288,-131,26,91,7648,-9204,10260,-52,145,-116,-13820,4008,5524,-962,85,-30,-14004,-4984,6368,-504,72,-117,0
277.5127100944519,8884,6476,11076,-115,-10,118,7276,-9228,10316,-79,142,-124,-13804,4140,5656,-1012,69,-75,-13992,-4916,6388,-767,88,-126,0
277.5465090274811,8768,6472,11152,-109,-57,85,7380,-9324,10568,-39,164,-146,-13884,4112,5676,-1016,49,-76,-13968,-4900,6384,-508,124,-154,0
277.58014392852783,8500,6444,11384,-88,-48,84,7312,-9344,10296,-53,154,-166,-13880,3984,5752,-978,75,-88,-13976,-4940,6300,-503,127,-119,0
277.6137239933014,8820,6464,11156,-101,-72,89,7192,-9472,10292,-252,124,-187,-13976,4116,5556,-968,78,-93,-13968,-4896,6316,-511,136,-134,0
277.6472520828247,8768,6420,11140,-98,-71,52,7476,-9332,10352,-92,143,-128,-13688,4180,5592,-949,56,-103,-14168,-4900,6256,-509,144,-131,0
277.6808259487152,8836,6428,11172,-100,-50,75,7332,-9236,10356,-64,156,-172,-13740,4108,5816,-954,53,-60,-13880,-4992,6352,-490,113,-172,0
277.7142701148987,8684,6504,11252,-107,-20,41,7668,-9352,10360,-80,158,-169,-13748,4044,5644,-1007,65,-37,-14044,-4964,6376,-504,127,-179,0
277.74801301956177,8636,6600,11184,-100,-25,56,7268,-9308,10668,-66,199,-146,-13748,4024,5516,-952,48,-87,-13880,-4940,6380,-510,137,-177,0
277.7814071178436,8452,6500,11380,-89,-46,64,7232,-9284,10252,-66,220,-198,-13820,4136,5608,-1050,55,-71,-13968,-4936,6312,-526,142,-163,0
277.8145639896393,8936,6532,11380,-95,-39,68,7308,-9300,10456,-55,134,-181,-13812,4040,5796,-994,49,-54,-14052,-4856,6240,-537,174,-148,0
277.8481891155243,8500,6516,11228,-88,-50,85,7616,-9412,10264,-12,138,-180,-13692,3884,5392,-999,92,-82,-13900,-5076,6384,-521,134,-148,0
277.8817329406738,8684,6528,11200,-108,-38,105,7300,-9320,10432,-50,137,-150,-13768,4068,5680,-984,85,-87,-13928,-4980,6308,-518,144,-147,0
277.9153890609741,8744,6552,11192,-104,-81,83,7360,-9236,10340,-52,201,-150,-13748,4116,5548,-1087,107,-94,-14108,-5032,6384,-503,127,-130,0
277.94894099235535,8720,6548,11196,-112,-72,109,7348,-9448,10416,-78,140,-145,-13724,4112,5708,-1005,81,-88,-14052,-5052,6372,-528,149,-147,0
277.98249411582947,8724,6488,11476,-125,-66,116,7360,-9240,10332,-48,147,-167,-13692,4092,5836,-1013,112,-95,-13948,-4952,6196,-488,133,-150,0
278.01639103889465,8732,6504,11272,-133,-60,79,7564,-9272,10252,-103,135,-146,-13880,4212,5676,-991,96,-103,-13956,-4900,6252,-511,132,-123,0
278.0531749725342,8656,6592,11516,-137,-87,95,7232,-9276,10416,-252,130,-210,-13756,3860,5644,-956,84,-28,-13992,-4920,6400,-501,119,-125,0
278.08820104599,8744,6500,11164,-108,-54,87,7316,-9336,10420,-26,135,-169,-13664,3868,5692,-966,121,-73,-13972,-4964,6340,-520,140,-108,0
278.1238050460816,8612,6520,11232,-122,-77,90,7328,-9340,10344,-35,119,-152,-13916,4280,5632,-1003,94,-80,-13956,-4940,6416,-764,177,-123,0
278.1592810153961,8672,6508,11224,-123,-100,93,7636,-9236,10420,-68,173,-139,-13804,4324,5792,-960,99,-130,-14028,-4704,6272,-524,176,-129,0
278.1944959163666,8704,6412,11288,-131,-104,93,7340,-9348,10376,-27,132,-180,-13572,3924,5664,-972,95,-86,-14004,-4992,6456,-516,142,-125,0
278.22992992401123,8780,6172,11436,-130,-74,112,7380,-9344,10364,-34,130,-177,-13576,3884,5480,-974,122,-103,-14016,-4988,6352,-505,172,-122,0
278.2649700641632,8472,6496,11356,-175,-69,105,7304,-9360,10328,-44,154,-185,-13748,3848,5688,-990,134,-122,-14000,-4944,6320,-509,170,-142,0
278.30174803733826,8716,6532,11124,-151,-115,112,7312,-9356,10272,-39,177,-172,-13820,4116,5812,-980,65,-92,-14036,-4964,6408,-507,162,-104,0
278.33762192726135,8660,6432,11400,-178,-101,111,7412,-9328,10408,31,148,-164,-13680,4176,5396,-1029,122,-120,-13992,-4976,6604,-501,151,-107,0
278.37327909469604,8564,6608,11112,-128,-138,123,7372,-9436,10508,-23,151,-191,-13724,3964,5920,-987,159,-147,-13952,-4972,6272,-519,166,-97,0
278.40886306762695,8700,6468,11244,-149,-144,87,7300,-9284,10260,-41,147,-208,-13724,3884,5808,-947,106,-143,-13776,-4928,6344,-511,248,-84,0
278.44371914863586,8724,6512,11032,-178,-134,123,7272,-9320,10484,15,163,-218,-13700,4128,5636,-993,111,-114,-13916,-4988,6652,-446,262,-84,0
278.4796350002289,8640,6540,11304,-193,-112,141,7324,-9256,10300,-7,152,-180,-13788,4100,5696,-1278,125,-71,-13948,-5036,6400,-481,151,-83,0
278.5148079395294,8488,6572,11196,-215,-124,138,7308,-9308,10288,10,144,-210,-13796,4088,5588,-959,152,-112,-13940,-4984,6520,-476,155,-65,0
278.5503270626068,8452,6516,11276,-212,-141,126,7292,-9032,10380,-36,154,-197,-13784,4108,5584,-972,178,-161,-14008,-5096,6384,-514,186,-66,0
278.5853941440582,8764,6472,11060,-190,-183,139,7332,-9376,10324,44,141,-212,-13756,4264,5752,-998,152,-174,-13948,-5016,6448,-514,248,-79,0
278.6209020614624,8720,6472,11300,-172,-206,148,7288,-9252,10340,15,104,-239,-13780,4012,5600,-981,154,-147,-13920,-5036,6640,-521,229,-79,0
278.6562440395355,8708,6476,11272,-169,-204,142,7268,-9356,10424,-9,130,-223,-13800,4124,5616,-966,151,-172,-13916,-4952,6444,-496,218,-72,0
278.6938090324402,8832,6428,11276,-193,-142,127,7356,-9332,10308,32,152,-208,-14056,4160,5388,-1267,143,-169,-14320,-4660,6180,-469,220,-50,0
278.72744512557983,8700,6460,11312,-204,-184,148,7500,-9324,10372,-5,122,-206,-13804,4064,5472,-996,132,-177,-14076,-4888,6592,-257,215,-101,0
278.76105213165283,8812,6408,11068,-162,-190,149,7312,-9216,10372,-18,119,-213,-13732,4064,5728,-978,116,-149,-13940,-5096,6360,-521,196,-87,0
278.7944350242615,8744,6476,11264,-183,-172,136,7316,-9260,10324,-20,138,-189,-13640,4132,5664,-981,133,-99,-13860,-4992,6340,-505,170,-80,0
278.82818698883057,8772,6488,11220,-181,-175,114,7324,-9280,10364,-24,121,-213,-13848,4156,5636,-969,136,-158,-13996,-4928,6284,-502,176,-91,0
278.8615181446076,8716,6516,11284,-188,-187,133,7456,-9340,10500,39,55,-220,-13688,4140,5580,-985,121,-151,-13924,-4896,6616,-492,229,-71,0
278.89489793777466,8836,6372,11496,-172,-161,117,7308,-9284,10376,-16,125,-237,-13716,4008,5796,-1000,108,-187,-14000,-4904,6264,-521,198,-71,0
278.9284689426422,8780,6244,11208,-165,-175,132,7248,-9272,10356,-20,203,-195,-13800,4112,5876,-1011,133,-131,-14000,-4904,6216,-499,202,-118,0
278.9619770050049,8884,6208,11208,-171,-154,125,7356,-9224,10340,5,119,-211,-13716,4016,5656,-1039,115,-139,-13988,-5076,6400,-480,202,-90,0
278.99568915367126,8792,6396,11204,-194,-165,132,7636,-9256,10416,-25,113,-212,-13768,4080,5724,-770,180,-108,-14016,-4884,6376,-493,199,-73,0
279.02929306030273,8844,6468,11212,-173,-198,141,7172,-9268,10440,-36,111,-183,-13768,4092,5628,-1009,125,-72,-14004,-4972,6384,-518,141,-78,0
279.062814950943,8928,6496,11200,-138,-138,103,7352,-9268,10392,-51,108,-175,-13852,4072,5388,-1011,79,-110,-13984,-5096,6224,-517,164,-126,0
279.09647011756897,8820,6492,11132,-134,-132,107,7424,-9200,10360,-31,127,-153,-13820,4040,5824,-994,102,-94,-14008,-5008,6268,-530,157,-103,0
279.12997603416443,8772,6484,11144,-89,-83,81,7420,-9204,10260,-92,143,-173,-13820,4036,5656,-957,94,-98,-14016,-5108,6352,-508,159,-123,0
279.16359305381775,8784,6432,11088,-136,-82,46,7660,-9308,10304,-42,178,-189,-13776,4148,5404,-973,85,-99,-14268,-4844,6224,-506,179,-141,0
279.1973090171814,8816,6428,11176,-153,-35,88,7580,-9300,10288,-27,139,-133,-13684,4068,5496,-1008,64,-64,-14072,-4884,6220,-470,97,-153,0
279.2308781147004,8824,6476,11080,-119,7,62,7336,-9236,10500,-28,174,-135,-13808,3988,5832,-1002,77,-17,-14108,-4928,6276,-521,72,-133,0
279.2642810344696,8752,6360,11180,-117,-14,63,7416,-9240,10352,-70,154,-154,-13736,4048,5624,-982,68,-78,-14004,-4904,6120,-502,134,-162,0
279.29793906211853,8808,6448,11276,-67,-58,62,7292,-9288,10352,-83,151,-178,-13856,4036,5628,-1001,61,-71,-13936,-4948,6292,-550,146,-154,0
279.3315019607544,8760,6464,11292,-109,-36,84,7352,-9256,10332,-46,142,-184,-13772,4088,5732,-1000,77,-73,-14008,-4948,6336,-519,137,-129,0
279.3650150299072,8736,6500,11124,-82,-47,69,7264,-9276,10272,-60,130,-179,-13756,3884,5436,-1004,87,-79,-13980,-5084,6280,-499,145,-148,0
279.3982970714569,8788,6368,11264,-127,-77,65,7376,-9368,10372,-29,149,-187,-13812,4136,5704,-961,97,-62,-14112,-4860,6400,-509,120,-134,0
279.4318599700928,8808,6500,11276,-144,-61,77,7312,-9296,10364,-36,140,-173,-13712,4112,5580,-973,56,-54,-13956,-4896,6364,-491,125,-168,0
279.4655251502991,8860,6472,11140,-107,-57,96,7388,-9272,10472,-51,140,-148,-13668,3844,5880,-1000,86,-76,-14024,-4948,6252,-510,123,-147,0
279.4992880821228,8700,6472,11012,-96,-41,98,7384,-9364,10444,-1,152,-154,-13748,4040,5740,-774,85,-33,-13956,-5008,6348,-492,96,-163,0
279.5330219268799,8812,6420,11208,-108,-52,73,7276,-9188,10416,-57,157,-158,-13772,4088,5836,-998,57,-79,-13936,-4964,6452,-527,115,-148,0
279.56677293777466,8924,6432,11500,-89,-25,55,7300,-9328,10476,-44,121,-150,-13764,4128,5516,-997,56,-122,-14024,-4956,6272,-507,105,-133,0
279.6003680229187,8952,6548,10976,-98,-61,57,7356,-9324,10448,-20,193,-144,-13844,3904,5824,-778,25,-66,-13920,-4936,6340,-499,124,-148,0
279.6337311267853,8556,6564,11108,-106,-39,73,7348,-9292,10232,-26,123,-153,-13740,4184,5644,-1009,90,-76,-13936,-5020,6244,-491,131,-136,0
279.6674289703369,8804,6532,11384,-88,-46,80,7356,-9316,10384,-35,163,-154,-13640,4296,5576,-964,78,-53,-14004,-5012,6428,-491,125,-159,0
279.7009599208832,8904,6448,11240,-134,-46,67,7404,-9404,10412,-64,105,-186,-13684,4048,5644,-969,71,-82,-13916,-5088,6376,-508,126,-148,0
279.73921513557434,8748,6532,11080,-121,-72,81,7652,-9348,10300,-37,142,-168,-13732,4164,5700,-1005,64,-74,-13928,-4912,6584,-528,166,-166,0
279.77428007125854,8696,6416,11304,-119,-82,87,7268,-9256,10192,-8,177,-167,-13704,4052,5664,-1007,50,-96,-13976,-4996,6384,-506,139,-129,0
279.8099579811096,8736,6548,11348,-117,-64,98,7332,-9324,10448,-44,153,-172,-14004,4080,5740,-854,39,-77,-13976,-4992,6444,-525,93,-139,0
279.845458984375,8768,6416,11288,-93,-62,90,7288,-9284,10724,-56,144,-165,-13748,4124,5840,-943,89,-99,-13896,-4928,6260,-759,147,-144,0
279.8811869621277,8776,6488,11236,-109,-47,93,7352,-9276,10272,-43,134,-150,-13728,4172,5624,-994,99,-77,-14072,-4936,6448,-763,127,-120,0
279.91623401641846,8520,6484,11176,-102,-12,103,7544,-9400,10348,-41,103,-166,-14024,4316,5936,-985,79,-60,-13976,-4928,6288,-503,128,-131,0
279.95217514038086,8944,6588,11292,-150,-71,107,7312,-9256,10264,-51,164,-160,-13672,4152,5536,-981,110,-68,-13956,-4952,6432,-461,102,-115,0
279.98809003829956,8776,6452,11264,-123,-69,105,7288,-9292,10376,-70,148,-156,-13756,4104,5644,-966,110,-76,-13920,-5028,6344,-498,154,-106,0
280.02327013015747,8736,6576,11364,-141,-89,86,7276,-9256,10376,-256,134,-192,-13764,4136,5688,-1270,85,-94,-14000,-4916,6296,-517,154,-115,0
280.0593249797821,8700,6472,11204,-119,-72,98,7208,-9396,10268,-14,119,-177,-13804,4100,5608,-966,97,-87,-13904,-5076,6272,-517,151,-124,0
280.0938971042633,8780,6568,11236,-107,-99,92,7368,-9268,10376,-246,104,-185,-13680,3868,5884,-1016,64,-126,-14004,-5296,6420,-492,177,-123,0
280.1292550563812,8712,6380,11180,-110,-55,110,7328,-9324,10292,-21,167,-202,-13688,4148,5800,-957,110,-113,-13960,-4972,6436,-477,148,-119,0
280.1642389297485,8740,6608,11392,-151,-77,100,7280,-9376,10272,-25,165,-164,-13720,4152,5632,-987,84,-112,-14060,-4948,6256,-497,159,-103,0
280.1997721195221,8752,6536,11408,-119,-74,115,7212,-9300,10416,-50,125,-195,-13692,4232,5900,-993,102,-101,-13848,-5056,6460,-499,155,-113,0
280.2356169223785,8728,6532,11020,-148,-90,85,7400,-9180,10360,-39,146,-174,-13824,3892,5388,-965,97,-58,-13976,-4944,6368,-501,155,-107,0
280.27121901512146,8704,6680,11300,-160,-87,99,7268,-9360,10392,-16,169,-153,-13788,4152,5684,-966,100,-109,-13948,-5000,6492,-479,185,-97,0
280.30615401268005,8744,6560,11348,-168,-113,123,7340,-9308,10656,-8,147,-201,-13768,4220,5880,-1268,114,-120,-13976,-5108,6392,-489,196,-104,0
280.34213304519653,8696,6496,11316,-145,-143,118,7264,-9356,10348,22,125,-215,-13804,4140,5844,-1001,152,-155,-13988,-4924,6416,-497,192,-88,0
280.3786690235138,8676,6520,11188,-148,-131,109,7320,-9356,10472,3,136,-203,-13696,4144,5600,-979,139,-109,-13948,-5044,6436,-477,214,-94,0
280.41204595565796,8684,6592,11244,-169,-163,122,7392,-9252,10256,-19,130,-219,-13700,4228,5572,-984,155,-116,-13896,-5016,6192,-266,203,-31,0
280.44557905197144,8508,6548,11348,-165,-204,136,7276,-9336,10372,-11,135,-227,-13588,4344,5828,-990,153,-120,-13980,-4956,6568,-486,215,-115,0
280.4792540073395,8724,6484,11516,-190,-152,132,7416,-9256,10360,-28,127,-204,-13780,4156,5664,-1020,134,-135,-14016,-5008,6228,-768,168,-86,0
280.51259207725525,8756,6560,11300,-189,-105,110,7648,-8984,10388,-8,140,-183,-13716,4148,5700,-1001,134,-111,-13976,-4992,6548,-489,174,-72,0
280.5461459159851,8816,6492,11300,-216,-140,127,7320,-9296,10336,-11,146,-222,-13704,4192,5640,-981,170,-170,-13872,-5056,6400,-480,223,-54,0
280.5799820423126,8908,6440,11200,-199,-169,151,7316,-9384,10336,7,145,-219,-13696,4108,5580,-1005,150,-133,-13900,-4956,6384,-487,217,-89,0
280.6135079860687,8760,6436,11120,-162,-177,142,7440,-9252,10136,32,164,-177,-14036,4144,5624,-1041,148,-88,-13928,-5052,6184,-507,169,-69,0
280.6469340324402,8516,6660,11240,-242,-132,133,7384,-9332,10352,1,141,-174,-13720,4184,5660,-966,139,-107,-13896,-5024,6284,-502,165,-75,0
280.6804721355438,8888,6500,11168,-203,-175,144,7368,-9292,10440,-10,110,-221,-13768,4100,5636,-967,105,-159,-14080,-4664,6296,-496,202,-98,0
280.71379709243774,8496,6420,11244,-181,-170,117,7244,-9340,10444,24,159,-213,-13812,4124,5684,-1005,136,-134,-14052,-4964,6272,-518,228,-95,0
280.7475049495697,8460,6544,11064,-206,-173,134,7208,-9008,10308,21,91,-234,-13780,4348,5448,-1029,153,-160,-13872,-4980,6256,-257,233,-65,0
280.78112506866455,8756,6424,11076,-165,-195,143,7320,-9332,10396,16,118,-219,-13740,4012,5668,-981,177,-119,-14004,-4964,6372,-505,240,-47,0
280.81419610977173,8780,6464,11340,-199,-219,134,7352,-9324,10360,-18,95,-182,-13884,4324,5868,-964,207,-142,-13840,-4912,6384,-488,210,-72,0
280.8474700450897,8768,6516,11096,-209,-194,149,7464,-9300,10332,-7,133,-227,-13768,4092,5788,-1010,182,-134,-13968,-5104,6640,-764,217,-88,0
280.8809599876404,8704,6484,11064,-152,-195,140,7336,-9288,10468,20,121,-213,-13992,4164,5852,-1004,122,-129,-14004,-4952,6388,-498,219,-91,0
280.91429710388184,8792,6520,11208,-176,-184,127,7400,-9296,10272,-256,112,-216,-13680,4116,5832,-1007,113,-80,-13968,-4872,6300,-488,217,-102,0
280.94786310195923,8736,6480,11440,-178,-133,114,7328,-9320,10460,7,102,-224,-13728,3912,5664,-922,101,-86,-13952,-4940,6388,-487,180,-104,0
280.98142099380493,8812,6416,11260,-153,-156,120,7400,-9256,10296,14,114,-203,-13672,4168,5392,-1068,129,-153,-13960,-5100,6380,-489,181,-101,0
281.01478910446167,8936,6440,11140,-184,-171,118,7348,-9432,10288,-16,105,-199,-13736,4028,5536,-1017,134,-155,-13996,-4904,6280,-541,189,-99,0
281.05297207832336,8856,6212,11072,-128,-164,133,7432,-9300,10364,10,31,-232,-14004,4028,5516,-992,131,-116,-14032,-4940,6272,-762,217,-105,0
281.0867710113525,8748,6232,11144,-149,-171,118,7372,-9268,10480,-19,100,-220,-13636,4240,5868,-981,106,-89,-13988,-4972,6204,-497,177,-106,0
281.1200170516968,8816,6484,11060,-136,-96,98,7332,-9260,10180,-83,114,-210,-13700,4148,5600,-939,113,-39,-14060,-4980,6404,-529,165,-135,0
281.1532139778137,8840,6392,11180,-132,-97,89,7384,-9324,10352,-39,116,-170,-13752,3976,5636,-995,93,-125,-14072,-4836,6256,-517,160,-159,0
281.1868381500244,8876,6360,11124,-154,-61,85,7456,-9236,10384,-17,128,-158,-14040,3852,5396,-998,69,-101,-14116,-4976,6272,-507,137,-111,0
281.2202799320221,8860,6580,11084,-109,-19,111,7336,-9284,10388,-66,109,-159,-13772,4060,5652,-1005,96,-54,-14108,-4940,6464,-467,88,-126,0
281.25390005111694,8840,6468,11272,-104,-47,47,7212,-9328,10328,-53,144,-162,-13804,4128,5536,-963,84,-44,-14012,-4924,6284,-258,143,-128,0
281.28740310668945,8832,6428,11180,-138,-37,68,7344,-9360,10384,-39,124,-134,-13812,4064,5776,-999,78,-47,-14004,-4872,6212,-470,103,-123,0
281.32052397727966,8904,6468,11464,-113,-29,92,7280,-9444,10360,-28,118,-137,-13716,4056,5800,-1023,58,-77,-13940,-5084,6152,-498,85,-169,0
281.3541259765625,8760,6460,11100,-123,1,60,7284,-9336,10316,-74,163,-102,-13744,3960,5680,-964,52,-73,-13960,-4980,6360,-509,84,-128,0
281.3903601169586,8700,6488,11180,-141,-31,67,7444,-9260,10456,-62,171,-136,-13772,4152,5676,-968,92,-83,-14076,-5004,6332,-531,122,-176,0
281.42538809776306,8828,6408,11504,-120,-27,67,7344,-9284,10440,-45,162,-166,-13812,4328,5556,-974,57,-91,-13880,-5052,6388,-494,129,-131,0
281.46126914024353,8724,6432,11116,-98,-37,67,7316,-9288,9984,-34,139,-183,-13704,4080,5812,-1031,103,-67,-13912,-5112,6320,-470,126,-112,0
281.4962511062622,8720,6448,11220,-101,-72,62,7372,-9224,10408,-60,113,-177,-13772,3884,5676,-989,106,-81,-14012,-4944,6332,-513,121,-138,0
281.53236508369446,8748,6472,11228,-127,-42,79,7380,-9364,10316,-64,120,-166,-13732,4100,5700,-963,81,-77,-14328,-4620,6308,-522,125,-138,0
281.5674331188202,8816,6564,11300,-102,-55,58,7380,-9368,10308,-44,170,-165,-13820,3852,5756,-1002,65,-63,-13960,-4892,6304,-495,130,-180,0
281.60298705101013,8700,6432,11368,-88,-40,76,7412,-9252,10356,-25,127,-163,-13772,4128,5724,-997,63,-45,-13904,-4868,6388,-521,115,-130,0
281.63867592811584,8732,6524,11308,-85,-53,57,7340,-9228,10400,-37,159,-189,-14052,3880,5844,-1050,42,-45,-13964,-5004,6572,-497,147,-130,0
281.6741740703583,8676,6384,11308,-95,-56,65,7456,-9428,10408,-57,169,-153,-13816,4072,5560,-977,56,-115,-13884,-4992,6252,-495,119,-150,0
281.7102270126343,8904,6528,11332,-107,-62,60,7292,-9316,10368,-37,171,-152,-13760,4124,5648,-995,69,-60,-13872,-5028,6384,-490,158,-126,0
281.74559211730957,8744,6472,11084,-74,-52,99,7292,-9344,10448,-48,173,-177,-13648,4048,5612,-970,86,-87,-14012,-4904,6376,-763,142,-150,0
281.7816860675812,8744,6468,11232,-89,-74,88,7336,-9376,10360,3,90,-198,-13820,4124,5624,-967,88,-94,-13920,-5088,6372,-483,159,-125,0
281.8176131248474,8716,6504,11080,-121,-35,97,7324,-9260,10392,-66,148,-191,-13756,4176,5700,-973,113,-63,-13928,-5080,6404,-502,141,-120,0
281.8526351451874,8820,6472,11156,-110,-108,91,7380,-9388,10392,-51,140,-167,-13780,4140,5672,-1013,95,-84,-13984,-4964,6276,-543,157,-128,0
281.8880970478058,8644,6508,11340,-122,-71,70,7424,-9368,10344,-35,169,-139,-13708,4076,5676,-995,69,-50,-13860,-4932,6304,-544,151,-162,0
281.92332100868225,8768,6632,11316,-75,-72,86,7432,-9224,10468,-61,91,-180,-13576,4048,5824,-1022,108,-80,-13956,-5096,6224,-498,125,-104,0
281.95915603637695,8736,6608,11172,-106,-79,83,7352,-9320,10448,-55,135,-171,-13584,4088,5724,-985,96,-86,-13884,-4940,6312,-480,110,-128,0
281.9940640926361,8780,6452,11352,-110,-50,89,7280,-9336,10388,-20,136,-155,-13756,4288,5692,-1011,100,-30,-13912,-4916,6320,-507,117,-149,0
282.0297360420227,8704,6472,11008,-93,-23,98,7392,-9308,10388,-73,169,-128,-13572,4204,6112,-991,61,-59,-13888,-5060,6316,-269,110,-120,0
282.0655450820923,8656,6564,11228,-138,-69,101,7420,-9284,10244,-62,162,-148,-13796,4156,5748,-930,36,-73,-13984,-4912,6288,-518,117,-121,0
282.099130153656,8868,6564,11296,-133,-87,82,7280,-9408,10512,-71,122,-169,-13804,4144,5760,-965,96,-73,-13868,-5092,6320,-523,138,-119,0
282.1323311328888,8768,6432,11204,-119,-67,80,7240,-9320,10368,-30,129,-174,-13688,4132,5756,-1007,78,-93,-13968,-4896,6260,-533,204,-123,0
282.1657910346985,8756,6476,11164,-118,-87,108,7244,-9232,10392,-33,125,-198,-13764,4140,6100,-772,114,-78,-14064,-5012,6192,-521,176,-142,0
282.1992139816284,8648,6604,11244,-102,-109,102,7436,-9372,10256,-52,116,-201,-13784,4120,5700,-999,118,-129,-13984,-5028,6536,-532,157,-129,0
282.2325530052185,8732,6544,11188,-121,-87,111,7176,-9348,10356,-22,139,-191,-13800,4156,5784,-972,91,-88,-14040,-4948,6388,-523,152,-143,0
282.26611614227295,8688,6556,11108,-147,-56,97,7336,-9356,10300,-53,130,-183,-13860,4120,5780,-967,93,-119,-13660,-4964,6308,-261,145,-127,0
282.3000659942627,8660,6456,11064,-150,-101,108,7328,-9352,10460,-28,124,-158,-13732,4120,5700,-1005,115,-104,-13960,-4948,6336,-531,150,-130,0
282.33368396759033,8680,6508,11216,-132,-117,95,7308,-9348,10440,-28,133,-160,-13656,4216,5620,-994,118,-57,-14052,-4876,6412,-539,167,-138,0
282.3671541213989,8768,6516,11072,-137,-87,84,7320,-9472,10380,-69,177,-182,-13752,4176,5868,-942,88,-86,-13960,-5076,6296,-495,123,-122,0
282.4003210067749,8708,6512,11300,-156,-82,95,7296,-9392,10336,-14,149,-175,-13712,4216,5804,-958,111,-141,-13964,-4936,6348,-456,170,-115,0
282.4335060119629,8564,6600,11124,-160,-53,96,7324,-9268,10476,-6,154,-170,-13816,3920,5724,-1018,117,-94,-13924,-4960,6344,-451,153,-96,0
282.4672131538391,8640,6472,11168,-152,-88,107,7348,-9380,10368,33,128,-183,-13632,4112,5456,-994,120,-149,-13980,-5080,6400,-454,171,-97,0
282.5006060600281,8692,6524,11124,-171,-99,130,7288,-9332,10256,13,156,-179,-13688,4320,5860,-1003,150,-131,-14028,-5036,6244,-505,204,-117,0
282.53437399864197,8708,6592,11180,-149,-167,124,7612,-9272,10388,-29,146,-190,-13760,4156,5700,-1064,114,-100,-13948,-5108,6304,-488,238,-60,0
282.56798696517944,8760,6592,11160,-163,-150,122,7316,-9272,10256,-29,124,-210,-13828,4140,5608,-996,138,-135,-13892,-5012,6216,-480,180,-25,0
282.60143399238586,8716,6564,11196,-197,-132,135,7352,-9328,10376,-49,111,-206,-13736,3844,5720,-968,147,-134,-13936,-4988,6292,-766,175,-52,0
282.6347551345825,8748,6464,11468,-192,-166,140,7336,-9440,10204,-41,144,-219,-13792,3880,5400,-1000,148,-105,-14060,-5024,6192,-533,202,-54,0
282.66851806640625,8704,6476,11328,-221,-140,138,7440,-9300,10476,-2,160,-200,-13832,4148,5932,-1019,136,-130,-13972,-5036,6256,-493,197,-79,0
282.7019040584564,8724,6560,10948,-176,-136,128,7444,-9012,10480,5,145,-212,-13732,4080,5704,-1030,136,-119,-13948,-5080,6528,-483,208,-64,0
282.7354769706726,8776,6500,11260,-191,-152,123,7420,-9268,10412,-30,147,-218,-13764,4120,5476,-973,139,-124,-13888,-5048,6356,-485,222,-69,0
282.76924991607666,8836,6452,11260,-221,-157,124,7276,-9336,10340,40,124,-222,-13764,3864,5680,-1001,180,-150,-14132,-4904,6372,-482,229,-46,0
282.8028030395508,8732,6472,11248,-209,-138,150,7224,-9232,10308,7,194,-177,-13760,4104,5624,-993,131,-150,-13972,-4988,6452,-483,163,-85,0
282.8361930847168,8724,6488,11204,-221,-132,139,7180,-9380,10060,-10,166,-151,-13776,4128,5612,-941,157,-108,-13892,-5060,6320,-488,108,-73,0
282.869863986969,8808,6440,11380,-223,-147,143,7328,-9336,10364,-40,127,-222,-13752,3996,5752,-944,155,-90,-13968,-5076,6372,-486,170,-80,0
282.90296602249146,8824,6524,11156,-197,-174,140,7324,-9360,10396,254,203,-237,-13820,4044,5752,-1023,174,-130,-14056,-4852,6268,-496,214,-68,0
282.9366149902344,8724,6540,11196,-183,-181,136,7236,-9296,10384,30,177,-234,-13856,4172,5748,-1110,185,-131,-13956,-4892,6384,-497,222,-71,0
282.9702639579773,8760,6468,11172,-142,-192,141,7236,-9212,10300,5,78,-237,-13708,4140,5632,-1010,172,-135,-14020,-5024,6428,-492,223,-72,0
283.00385999679565,8724,6368,11340,-209,-169,159,7328,-9216,10360,-253,130,-218,-13572,4344,5644,-987,178,-173,-13964,-5020,6380,-485,192,-70,0
283.0373649597168,8740,6464,11008,-201,-177,131,7336,-9292,10236,-249,147,-214,-13872,4068,5684,-1004,162,-155,-14072,-4852,6336,-499,217,-67,0
283.07280111312866,8732,6460,11100,-189,-179,127,7380,-9332,10420,22,71,-191,-13712,4148,5656,-1011,120,-150,-14052,-4928,6216,-496,192,-79,0
283.1086959838867,8748,6480,11284,-174,-167,125,7416,-9308,10388,-16,113,-179,-14040,4312,5808,-990,140,-122,-13984,-5008,6608,-497,204,-97,0
283.1438910961151,8824,6472,11272,-172,-168,118,7436,-9208,10416,-12,117,-218,-14060,4020,5788,-972,139,-129,-14036,-4884,6280,-492,168,-63,0
283.1801669597626,8780,6488,11248,-166,-159,107,7388,-9280,10388,-253,120,-214,-13804,4040,5624,-1015,136,-129,-14024,-4872,6304,-523,193,-106,0
283.21562910079956,8760,6436,11316,-172,-156,133,7316,-9256,10408,-25,137,-209,-13580,4344,5700,-962,133,-108,-14184,-5000,6340,-512,189,-87,0
283.25125098228455,8924,6440,11160,-141,-157,133,7460,-9300,10272,-21,128,-233,-13700,4264,5428,-1020,126,-148,-14040,-5004,6236,-518,177,-98,0
283.28713512420654,8744,6528,11048,-106,-126,131,7308,-9136,10368,-8,144,-178,-13676,4172,5656,-997,99,-142,-14016,-5032,6284,-519,183,-100,0
283.32241797447205,8880,6440,11160,-113,-117,120,7392,-9244,10380,-50,113,-186,-13720,4000,5452,-986,115,-101,-14048,-4920,6156,-490,162,-133,0
283.3585910797119,8772,6164,11096,-151,-67,84,7404,-9204,10320,-71,159,-175,-13760,4164,5656,-964,128,-96,-14008,-5112,6244,-492,106,-107,0
283.39342498779297,8868,6172,11180,-156,-91,76,7376,-9264,10256,-29,165,-161,-13832,4284,5880,-1015,118,-33,-13956,-4884,6280,-504,105,-122,0
283.4282159805298,8792,6488,11124,-130,-11,73,7344,-9336,10404,-58,126,-139,-13712,4060,5516,-1041,87,-41,-14028,-4944,6368,-472,104,-128,0
283.4638991355896,8840,6520,11008,-127,-58,79,7388,-9204,10416,-28,133,-145,-13712,4080,5796,-988,94,201,-13940,-4972,6312,-503,146,-159,0
283.4999780654907,8820,6460,11008,-94,-54,50,7404,-9244,10268,-62,156,-191,-13828,4160,5640,-999,81,-63,-13956,-4948,6200,-511,176,-144,0
283.5354421138764,8732,6400,11196,-129,-33,91,7168,-9292,10384,-27,138,-172,-13824,4104,5732,-988,82,-70,-13908,-4988,6148,-481,107,-145,0
283.5712740421296,8804,6468,11320,-115,-13,95,7296,-9252,10400,-43,171,-131,-13732,4204,5840,-994,51,-16,-14056,-5044,6332,-486,65,-171,0
283.6062490940094,8700,6408,11020,-160,-8,77,7328,-9284,10364,-55,133,-139,-13852,4196,5656,-963,65,-29,-13912,-4932,6376,-508,102,-147,0
283.64231991767883,8840,6516,11276,-133,-24,96,7384,-9300,10468,-72,169,-165,-13864,4072,5624,-967,56,-83,-13984,-5064,6300,-530,127,-129,0
283.6782660484314,8844,6468,11200,-82,-56,81,7436,-9264,10344,-59,153,-165,-13740,3884,5844,-984,75,-62,-13968,-5076,6288,-528,136,-139,0
283.7138421535492,8952,6440,11240,-102,-54,88,7360,-9256,10396,-49,125,-167,-13692,4128,5612,-1008,115,-72,-13828,-5092,6372,-512,152,-143,0
283.7494399547577,8760,6484,11432,-94,-54,64,7312,-9328,10408,-43,122,-177,-13780,3840,5704,-995,112,-85,-14320,-5112,6592,-506,119,-150,0
283.782968044281,8760,6496,11300,-103,-63,84,7460,-9428,10484,-45,149,-182,-13764,3876,5616,-972,91,-78,-13968,-4880,6196,-496,112,-152,0
283.8166229724884,8792,6464,11360,-110,-45,47,7456,-9380,10428,-29,144,-157,-13840,4172,5688,-1009,41,-113,-14036,-4904,6352,-504,137,-143,0
283.85025000572205,8772,6560,11356,-106,-48,81,7328,-9272,10308,-42,143,-144,-13672,4032,5820,-1015,37,-74,-13984,-4940,6604,-257,116,-151,0
283.8836889266968,8944,6508,11152,-109,-22,71,7268,-9276,10320,-45,145,-144,-14028,3888,5636,-1006,76,-68,-13948,-5032,6328,-477,103,-124,0
283.917279958725,8692,6496,11032,-127,-60,53,7360,-9348,10384,-43,164,-152,-13736,4096,5820,-999,84,-75,-14048,-5036,6260,-490,128,-158,0
283.95080614089966,8804,6492,11012,-134,-71,89,7388,-9328,10324,-59,151,-168,-13748,3888,5460,-786,78,-48,-13944,-5076,6304,-257,137,-124,0
283.98443603515625,8636,6428,11348,-86,-67,91,7308,-9384,10308,-54,110,-170,-13716,4204,5660,-982,111,-94,-14036,-4948,6336,-517,146,-144,0
284.0180649757385,8644,6468,11212,-96,-74,72,7472,-9132,10260,-49,145,-163,-13760,4176,5716,-993,92,-109,-13984,-5012,6364,-531,165,-147,0
284.05178713798523,8728,6472,11152,-91,-97,91,7332,-9252,10384,-35,123,-185,-13888,4196,5796,-1000,120,-135,-13984,-5064,6352,-768,163,-109,0
284.0853850841522,8652,6616,11400,-117,-74,113,7300,-9444,10388,-44,126,-198,-13748,4068,5392,-982,102,-101,-13908,-4980,6388,-468,152,-129,0
284.1187279224396,8844,6568,11196,-126,-72,103,7456,-9408,10400,-42,81,-210,-13788,4076,5852,-965,131,-50,-14048,-4964,6420,-523,116,-126,0
284.1519570350647,8836,6492,11136,-122,-59,98,7368,-9332,10248,-49,155,-157,-13744,4136,5756,-1007,50,-48,-14016,-5004,6396,-492,110,-99,0
284.18552112579346,8784,6528,11260,-137,-44,126,7296,-9460,10268,4,126,-108,-13788,3840,5376,-988,98,-77,-13968,-5004,6324,-521,105,-113,0
284.2192380428314,8692,6596,11464,-117,-62,74,7576,-9368,10676,-52,129,-173,-13740,4340,5664,-967,79,-99,-14076,-5016,6340,-492,115,-121,0
284.2529020309448,8656,6488,11332,-105,-67,62,7208,-9328,10360,-60,137,-195,-13696,4152,5488,-961,77,-135,-13968,-4872,6628,-537,157,-133,0
284.2866771221161,8676,6572,11252,-113,-68,97,7396,-9316,10232,253,156,-181,-13812,4168,5612,-997,92,-79,-13916,-4936,6176,-496,135,-115,0
284.32001209259033,8748,6488,11344,-116,-53,92,7268,-9420,10328,14,69,-192,-13736,3936,5688,-994,61,-56,-14064,-4992,6308,-506,129,-130,0
284.3536419868469,8712,6528,11204,-142,-57,96,7308,-9384,10324,-41,175,-138,-13596,4204,5776,-1027,116,-52,-13980,-4984,6420,-500,97,-130,0
284.3873960971832,8468,6628,11092,-131,-108,98,7224,-9440,10368,-53,140,-187,-13788,4348,5632,-1003,111,-111,-13956,-5012,6316,-493,175,-129,0
284.4211530685425,8956,6492,11008,-125,-101,98,7308,-9284,10320,-15,158,-197,-13700,3860,5528,-1009,69,-66,-13980,-4936,6628,-494,160,-117,0
284.45480012893677,8716,6452,11136,-136,-84,109,7352,-9416,10312,-19,100,-190,-13724,4176,5408,-1000,110,-88,-13936,-4932,6268,-275,172,-134,0
284.488599061966,8920,6476,11172,-135,-83,106,7292,-9216,10308,-40,103,-199,-13744,4032,5688,-1003,116,-110,-13860,-5020,6360,-525,186,-129,0
284.52189207077026,8700,6528,11208,-122,-91,102,7328,-9332,10444,-38,154,-177,-13616,4124,5764,-866,109,-111,-14024,-4936,6600,-265,148,-120,0
284.5555729866028,8844,6512,11140,-165,-83,96,7324,-9240,10320,-36,149,-172,-13700,4124,5756,-996,91,-116,-13940,-5048,6320,-498,177,-128,0
284.58925914764404,8828,6548,11196,-165,-94,84,7360,-9324,10484,-31,140,-173,-13724,4180,5708,-1010,107,-104,-13980,-4940,6348,-495,179,-85,0
284.6226899623871,8716,6508,11280,-158,-67,78,7360,-9288,10340,-38,145,-174,-13800,4100,5796,-979,91,-84,-13964,-5104,6352,-509,170,-94,0
284.65600514411926,8800,6512,11408,-178,-110,89,7388,-9296,10276,-30,155,-165,-13764,4140,5680,-986,84,-103,-13932,-4948,6328,-511,194,-109,0
284.68976306915283,8708,6532,11400,-179,-132,77,7292,-9320,10456,-14,132,-210,-13580,4256,5840,-1019,123,-80,-13916,-4992,6500,-502,186,-90,0
284.7234170436859,8676,6552,11240,-160,-150,123,7252,-9400,10340,-11,124,-193,-13780,3920,5652,-988,131,-156,-13876,-4968,6388,-495,220,-44,0
284.7601201534271,8644,6544,11448,-154,-115,121,7376,-9444,10416,-37,116,-212,-13800,4124,5656,-1001,172,-124,-13904,-5068,6288,-510,217,-84,0
284.7956790924072,8736,6540,11268,-172,-152,131,7300,-9352,10260,-31,95,-217,-13672,3844,5724,-989,130,-133,-13992,-5012,6440,-531,223,-97,0
284.8313329219818,8520,6548,11292,-174,-169,134,7376,-9344,10324,-15,141,-202,-13780,4156,5892,-774,136,-116,-13884,-4976,6392,-492,188,-80,0
284.8673729896545,8744,6592,11036,-186,-144,135,7288,-9296,10456,16,143,-216,-13744,3868,5396,-769,143,-103,-13832,-4964,6192,-470,194,-82,0
284.90249705314636,8476,6176,11276,-236,-171,126,7424,-9316,10344,-254,134,-202,-13732,4084,5628,-967,155,-175,-14056,-4960,6352,-495,185,-73,0
284.9388520717621,8832,6488,11088,-161,-194,140,7324,-9348,10344,-44,140,-180,-14032,4160,5776,-989,145,-133,-14000,-4932,6632,-521,176,-52,0
284.9741461277008,8712,6488,11232,-199,-151,116,7212,-9344,10392,18,134,-195,-13820,4348,5436,-1280,106,-89,-13932,-5080,6332,-258,219,-121,0
285.0094029903412,8848,6492,11112,-174,-181,124,7360,-8972,10392,27,146,-205,-13652,4304,5748,-1006,145,-116,-13900,-5024,6172,-510,190,-101,0
285.0446400642395,8744,6592,11052,-154,-159,102,7268,-9344,10492,-12,165,-210,-13804,4048,5628,-978,113,-120,-13808,-5024,6280,-499,223,-94,0
285.0806701183319,8728,6556,11276,-213,-110,140,7352,-9352,10452,8,133,-221,-13808,4096,5508,-994,156,-175,-14016,-4944,6316,-487,204,-80,0
285.11619114875793,8728,6520,11164,-171,-135,142,7264,-9464,10276,-12,161,-163,-13784,4100,5376,-1010,123,-121,-14036,-4984,6320,-486,139,-78,0
285.15197706222534,8520,6532,11296,-167,-114,149,7296,-9312,10260,-10,124,-174,-13708,4076,5520,-992,128,-104,-13908,-4968,6364,-493,122,-113,0
285.1878590583801,8708,6532,11188,-180,-156,133,7344,-9320,10380,-46,138,-208,-13740,4252,5456,-979,148,-137,-13952,-5052,6368,-539,199,-75,0
285.2228181362152,8732,6468,11404,-117,-154,142,7392,-9352,10380,-17,118,-213,-13748,4060,5748,-1013,140,-76,-14020,-4988,6344,-535,227,-96,0
285.2580189704895,8948,6460,11288,-153,-167,136,7256,-9300,10392,3,88,-235,-13760,3900,5544,-1040,149,-165,-14012,-4984,6248,-766,241,-65,0
285.29345703125,8756,6336,11104,-144,-146,129,7440,-8992,10380,21,88,-233,-13876,4044,5736,-1010,163,-162,-13908,-5020,6224,-491,203,-67,0
285.3293030261993,8748,6476,11236,-180,-134,111,7648,-9272,10440,-7,109,-208,-13724,4060,5436,-1005,150,-120,-13996,-4888,6360,-493,161,-95,0
285.364550113678,8896,6440,11104,-173,-161,115,7444,-9284,10424,-15,122,-213,-13808,4192,5536,-1151,146,-107,-13976,-4948,6608,-501,189,-120,0
285.40161204338074,8928,6428,11504,-129,-132,124,7400,-9208,10488,252,135,-194,-13696,4128,5572,-991,74,-93,-13984,-4992,6324,-488,160,-100,0
285.4353139400482,8800,6424,11148,-166,-129,123,7332,-8976,10408,-50,114,-207,-13720,3996,5712,-982,97,-64,-14040,-5016,6376,-759,163,-109,0
285.46891593933105,8540,6384,11060,-147,-153,92,7388,-9456,10440,-70,132,-204,-13764,3856,5500,-992,103,-97,-14016,-4876,6352,-560,136,-148,0
285.5025300979614,8872,6424,11236,-102,-94,99,7188,-9176,10424,5,129,-173,-13764,4052,5688,-1006,108,-81,-13928,-4992,6276,-502,162,-107,0
285.5363519191742,8728,6484,11228,-131,-10,131,7320,-9088,10332,-39,117,-179,-13688,3968,5592,-987,132,-120,-13948,-4644,6300,-499,154,-106,0
285.56963896751404,8768,6364,11144,-121,-131,97,7432,-9336,10384,-54,145,-189,-13816,4136,5752,-1002,72,-124,-14008,-4964,6444,-519,159,-139,0
285.6034240722656,8844,6412,11236,-125,-83,70,7188,-8964,10384,-42,148,-163,-13860,4128,5692,-984,67,-72,-14328,-5036,6276,-506,133,-142,0
285.6367521286011,8936,6600,11296,-100,-62,80,7312,-9236,10356,-33,147,-181,-13772,3908,5688,-985,91,-15,-13924,-4948,6204,-500,113,-104,0
285.6702809333801,8888,6520,11176,-142,13,91,7400,-9268,10328,-39,138,-146,-13676,4088,5712,-958,81,-20,-13872,-4960,6312,-488,105,-130,0
285.70384907722473,8684,6588,11264,-105,4,68,7336,-8996,10320,-43,147,-133,-13728,4068,5732,-1015,82,-55,-13904,-5060,6364,-508,111,-146,0
285.73742294311523,8784,6500,11140,-85,-35,94,7240,-9300,10352,-65,122,-153,-14080,4032,5536,-1030,57,-83,-14024,-4960,6456,-495,127,-151,0
285.771075963974,8844,6500,11272,-103,-29,89,7304,-9276,10580,-32,156,-165,-13716,3840,5732,-1018,78,-83,-14028,-4964,6340,-487,113,-128,0
285.80437994003296,8736,6544,11296,-115,-17,88,7320,-9348,10288,-27,128,-165,-13740,4084,5676,-1019,118,-54,-13900,-4984,6356,-509,154,-121,0
285.8379440307617,8660,6452,11396,-133,-81,87,7316,-9000,10392,-40,139,-196,-13796,4060,5524,-1015,124,-93,-13956,-5008,6500,-519,182,-115,0
285.8716571331024,8880,6456,11200,-100,-46,82,7392,-9324,10204,-31,102,-183,-14036,4120,5792,-970,102,-89,-13992,-4976,6248,-483,131,-160,0
285.90486311912537,8920,6520,11220,-107,-77,80,7392,-9260,10364,-72,132,-174,-13800,4032,5748,-1000,71,-146,-14000,-4988,6372,-529,131,-147,0
285.9381310939789,8712,6448,11196,-114,-67,76,7576,-9368,10340,-55,165,-172,-13708,4104,5868,-955,49,-64,-13868,-5024,6408,-499,151,-162,0
285.97193002700806,8796,6488,11312,-118,-73,73,7444,-9268,10420,-40,175,-181,-13728,4344,5584,-991,72,-71,-14056,-5012,6372,-515,134,-141,0
286.0053639411926,8504,6508,11008,-95,-58,80,7336,-9288,10304,-51,152,-158,-13748,4108,5884,-1026,60,-41,-13972,-4960,6300,-525,118,-126,0
286.03897309303284,8724,6472,11072,-106,-62,84,7308,-9316,10312,-21,116,-162,-13772,4088,5732,-995,70,-79,-14016,-5072,6408,-515,150,-131,0
286.0750970840454,8752,6540,11196,-102,-53,106,7300,-9248,10268,-30,129,-174,-13732,4148,5632,-1276,111,-62,-14028,-4908,6308,-525,146,-116,0
286.1088330745697,8812,6544,11100,-92,-98,90,7384,-9264,10480,-33,112,-163,-13692,4180,5672,-996,104,-105,-14056,-4896,6332,-522,137,-133,0
286.14216208457947,8748,6452,11232,-124,-68,83,7452,-9272,10312,-44,129,-174,-13904,4348,5716,-976,106,-86,-13920,-4976,6516,-523,123,-132,0
286.1755540370941,8796,6560,11508,-89,-20,71,7340,-9356,10260,-34,154,-166,-13768,4128,5776,-972,89,-59,-13840,-4956,6344,-498,149,-137,0
286.2088041305542,8656,6504,11348,-121,-68,72,7424,-9284,10284,-35,167,-190,-13776,4108,5560,-1010,95,-34,-13936,-4964,6412,-505,137,-135,0
286.242378950119,8720,6552,11260,-135,-37,86,7384,-9244,10288,-57,157,-158,-13688,4328,5736,-993,86,-96,-13900,-5024,6412,-490,144,-115,0
286.2761149406433,8748,6560,11364,-134,-75,94,7340,-9344,10360,-24,131,-190,-13656,4116,5868,-979,111,-101,-13944,-4976,6340,-484,170,-144,0
286.3096809387207,8720,6516,11232,-127,-82,91,7624,-9340,10388,-61,143,-188,-13732,4100,5644,-987,92,-139,-14032,-4948,6344,-260,146,-121,0
286.34314703941345,8708,6376,11212,-83,-94,97,7396,-9408,10316,25,46,-202,-13856,4148,5672,-1011,108,-102,-13948,-4880,6404,-522,164,-131,0
286.37680292129517,8732,6528,11184,-88,-75,112,7292,-9244,10388,-28,103,-174,-13740,4208,5812,-1010,111,-88,-13920,-5044,6444,-522,159,-120,0
286.40983295440674,8704,6744,11080,-116,-88,103,7336,-9240,10360,-13,130,-185,-13692,4152,5880,-961,101,-85,-13884,-4972,6152,-514,145,-126,0
286.4461750984192,8740,6556,11216,-101,-83,96,7436,-9376,10400,-33,142,-179,-13764,3856,5772,-985,107,-122,-13964,-5096,6192,-497,169,-111,0
286.4824559688568,8812,6536,11312,-115,-61,108,7348,-9288,10044,-48,110,-187,-13752,4172,5748,-989,106,-68,-14040,-5028,6244,-482,121,-119,0
286.5181131362915,8832,6416,11124,-115,-105,76,7324,-9316,10272,-43,164,-163,-13768,4152,5800,-1016,50,-86,-14056,-5016,6400,-514,144,-132,0
286.55368208885193,8476,6576,11424,-155,-94,98,7280,-9372,10452,-44,165,-163,-13800,4148,5804,-1014,90,-92,-14024,-5096,6340,-488,115,-127,0
286.58904504776,8748,6580,11100,-112,-64,68,7320,-9292,10512,-56,147,-190,-13688,4312,5644,-965,97,-89,-13908,-5100,6208,-543,148,-130,0
286.62400794029236,8784,6540,11204,-102,-90,62,7404,-9288,10248,-55,109,-177,-13760,4048,5464,-985,120,-100,-13928,-5028,6256,-760,153,-141,0
286.6601209640503,8764,6504,11040,-125,-71,90,7200,-9336,10268,255,157,-146,-13740,4124,5648,-1026,87,-45,-14000,-5044,6332,-478,147,-92,0
286.6955850124359,8668,6488,11236,-123,-33,96,7328,-9232,10268,-14,145,-170,-13808,4096,5656,-1007,113,-67,-13848,-4948,6424,-493,94,-139,0
286.7312710285187,8464,6520,11188,-158,-79,97,7324,-9296,10384,-63,208,-174,-13776,4228,5620,-1043,109,-49,-13980,-5008,6536,-500,122,-126,0
286.76619696617126,8696,6476,11116,-150,-102,101,7472,-9368,10300,-31,140,-174,-13820,4148,5756,-992,95,-88,-13920,-5024,6460,-511,178,-107,0
286.801794052124,8696,6548,11284,-148,-91,94,7280,-9336,10304,11,130,-187,-13692,3876,5760,-770,132,-96,-13824,-5072,6144,-517,201,-130,0
286.8377170562744,8904,6572,11432,-156,-151,90,7368,-9220,10376,-33,96,-209,-13668,4136,5844,-986,120,-97,-13852,-4912,6652,-503,231,-79,0
286.8727779388428,8732,6480,11416,-152,-131,122,7384,-9304,10368,-5,142,-223,-13832,4124,5668,-999,138,-144,-13960,-5068,6556,-517,203,-65,0
286.9087679386139,8740,6488,11072,-145,-122,117,7368,-9392,10428,-255,117,-228,-13844,3984,5840,-978,128,-138,-14036,-5004,6336,-497,192,-110,0
286.9439101219177,8768,6564,11464,-155,-141,105,7296,-9160,10336,7,140,-189,-13760,4336,5712,-999,153,-128,-13956,-5164,6432,-768,215,-113,0
286.98019194602966,8668,6632,11292,-167,-157,95,7240,-9324,10500,-20,140,-176,-13760,4080,5732,-973,121,-146,-14004,-4968,6348,-501,187,-104,0
287.0155260562897,8772,6548,11028,-188,-153,137,7384,-9312,10316,-252,105,-210,-13784,3856,5780,-986,120,-128,-13912,-5020,6424,-491,197,-92,0
287.05096101760864,8608,6460,11008,-212,-148,144,7352,-9336,10356,-10,121,-215,-13756,3964,5752,-993,155,-177,-13964,-5016,6272,-483,183,-66,0
287.08771991729736,8612,6532,11120,-206,-169,148,7296,-9296,10420,14,118,-222,-13708,4048,5580,-1006,172,-137,-14000,-4992,6460,-525,215,-79,0
287.1210949420929,8472,6508,11140,-208,-189,153,7328,-9340,10344,-254,108,-233,-13692,3868,5712,-1012,163,-119,-14024,-4888,6352,-502,214,-101,0
287.15444898605347,8776,6552,11244,-199,-198,149,7400,-9440,10372,10,122,-221,-13784,4060,5680,-1015,164,-174,-13888,-4996,6252,-468,200,-90,0
287.1882519721985,8760,6488,11136,-172,-154,142,7172,-9276,10396,11,141,-194,-13788,4328,5712,-1026,121,-137,-14008,-4968,6312,-490,182,-101,0
287.221853017807,8784,6436,11184,-204,-195,134,7640,-9272,10460,15,121,-206,-13784,4032,5708,-998,143,-160,-13952,-5020,6296,-495,196,-48,0
287.2554349899292,8752,6480,11264,-217,-165,135,7360,-9320,10416,-15,108,-223,-13792,4152,5604,-979,160,-134,-14332,-4872,6244,-502,142,-70,0
287.2891409397125,8832,6484,11340,-181,-191,156,7412,-9356,10496,1,64,-214,-13580,4092,5632,-1003,153,-94,-14024,-4988,6396,-511,190,-90,0
287.3226671218872,8852,6440,11204,-195,-169,122,7424,-9356,10508,28,104,-198,-13584,3844,5396,-1035,110,-106,-14032,-5016,6200,-520,180,-98,0
287.356418132782,8620,6500,11144,-151,-135,133,7584,-9068,10468,13,114,-207,-13748,3984,5868,-971,125,-101,-14056,-4952,6248,-506,177,-65,0
287.38976192474365,8792,6488,11352,-166,-164,124,7376,-9304,10408,9,110,-250,-13864,4100,5732,-994,144,-147,-13952,-4892,6328,-502,248,-66,0
287.42338013648987,8848,6376,11224,-201,-182,134,7320,-9320,10392,15,117,-1,-13752,4144,5724,-963,118,-198,-14080,-4884,6340,-471,208,-85,0
287.45668292045593,8868,6364,11184,-167,-175,151,7260,-9024,10328,53,108,-187,-13952,4336,5756,-1005,107,-117,-14052,-4952,6420,-489,131,-93,0
287.49049401283264,8720,6496,11180,-184,-133,129,7428,-9312,10388,-2,99,-190,-13680,3992,5524,-942,127,-96,-13948,-4904,6268,-488,116,-80,0
287.52418303489685,8780,6504,11240,-207,-149,130,7264,-9408,10272,-8,115,-197,-13708,4228,5788,-977,135,-133,-13916,-4860,6416,-489,184,-65,0
287.5577509403229,8732,6148,11500,-108,-184,122,7368,-9228,10596,-12,123,-242,-13812,4080,5520,-990,149,-119,-14004,-4992,6252,-522,238,-102,0
287.5913450717926,8852,6440,11404,-149,-186,160,7300,-8976,10380,-10,134,-199,-13712,4064,5532,-1016,149,-129,-14012,-5052,6376,-506,222,-68,0
287.6246781349182,8672,6416,11140,-129,-184,125,7448,-9224,10204,-41,101,-225,-13752,3988,5556,-989,170,-169,-13976,-4980,6288,-477,210,-85,0
287.6580810546875,8900,6360,11332,-163,-164,104,7188,-9448,10288,-37,103,-215,-13744,3840,5748,-986,136,-152,-14036,-5040,6180,-505,160,-101,0
287.691468000412,8816,6436,11300,-126,-77,66,7384,-9188,10388,-49,149,-200,-13708,4016,5704,-1044,109,-109,-14028,-4892,6180,-494,144,-118,0
287.7249150276184,8964,6440,11256,-104,-78,90,7452,-9292,10260,-23,144,-165,-13872,4116,5616,-1014,77,-42,-13916,-5000,6256,-260,116,-145,0
287.75846695899963,8924,6412,11152,-115,-34,70,7660,-9452,10428,-33,144,-132,-13772,4064,5676,-1006,50,-44,-14044,-4904,6268,-493,99,-167,0
287.7920219898224,8824,6408,11228,-143,-28,78,7180,-9336,10336,-41,160,-162,-13768,3876,5576,-1024,82,-98,-14056,-4952,6188,-522,153,-170,0
287.8255190849304,8844,6528,11124,-94,-43,47,7440,-9320,10412,-23,156,-178,-13768,4260,5416,-1023,73,-82,-13988,-5004,6312,-768,143,-185,0
287.8592929840088,8800,6472,11288,-77,-29,42,7432,-9200,10356,-35,163,-168,-13832,4148,5588,-971,66,-100,-13956,-5024,6168,-264,164,-186,0
287.8922290802002,8808,6476,11124,-78,-77,54,7340,-9240,10316,-68,144,-210,-14068,4148,5404,-985,50,-83,-13968,-4980,6388,-509,148,-160,0
287.92580914497375,8564,6516,11188,-106,-54,29,7376,-9336,10272,-52,183,-196,-13984,4008,5740,-952,45,-65,-13876,-4992,6340,-487,131,-149,0
287.9591660499573,8780,6480,11088,-149,-31,53,7628,-9424,10480,-86,167,-147,-13708,4032,5748,-963,52,-77,-13968,-4948,6320,-761,113,-125,0
287.99269700050354,8844,6532,11224,-132,-44,73,7392,-9304,10384,-73,161,-130,-13572,4124,5796,-1002,66,-56,-13984,-4924,6372,-516,66,-140,0
288.02647614479065,8936,6508,11252,-106,-18,101,7364,-9224,10352,-86,116,-124,-13820,4156,5612,-887,60,-29,-13864,-5076,6228,-521,103,-136,0
288.0600769519806,8816,6476,11224,-60,-13,145,7188,-9080,10432,-22,40,-117,-13776,3920,5776,-900,59,250,-13992,-4964,6400,-546,52,-110,0
288.0933740139008,8820,6456,11044,-50,-1,98,7316,-9252,10284,-105,244,-125,-13728,3920,5728,-952,62,-10,-13936,-4972,6192,-766,114,-100,0
288.1301429271698,8492,6532,11176,-109,-10,108,7400,-9452,10272,-56,141,-105,-13912,4056,5852,-1004,89,-37,-14064,-5116,6316,-487,66,-121,0
288.16573214530945,8752,6484,10968,-53,3,103,7324,-9456,10300,-51,144,-105,-13868,4128,5424,-1036,93,230,-14240,-4992,6352,-488,52,-121,0
288.20175409317017,8708,6556,11052,-133,20,108,7348,-9264,10416,-86,149,-104,-13752,4156,5604,-980,86,-5,-14008,-4916,6444,-763,45,-139,0
288.2377369403839,8696,6528,11260,-97,-31,81,7612,-9480,10172,-101,157,-126,-13792,4124,5708,-973,68,-49,-13908,-5012,6472,-503,100,-140,0
288.2728171348572,8716,6460,11500,-73,-45,84,7348,-9384,10380,-60,146,-169,-13584,4172,5788,-935,42,-49,-13856,-4912,6504,-507,152,-139,0
288.30878496170044,8636,6500,11180,-97,-53,75,7188,-9384,10372,-50,89,-180,-13404,4088,5656,-950,58,-64,-13948,-4884,6348,-506,149,-120,0
288.34419298171997,8888,6436,11264,-108,-75,90,7236,-9284,10432,-52,145,-196,-13628,4164,5712,-1005,100,-105,-13904,-5044,6244,-527,187,-132,0
288.38009309768677,8712,6444,11140,-102,-65,65,7356,-9392,10296,-26,160,-174,-13740,4148,5616,-991,73,-121,-13920,-4996,6368,-485,197,-140,0
288.4155840873718,8856,6416,11100,-92,-58,101,7208,-9276,10260,-30,169,-174,-13576,4308,5512,-998,73,-88,-13952,-4940,6260,-533,175,-139,0
288.4518051147461,8696,6584,11272,-106,-60,89,7448,-9300,10416,-27,145,-167,-13720,4096,5408,-969,35,-83,-14020,-5056,6324,-526,156,-155,0
288.48814702033997,8500,6500,11064,-110,-93,84,7344,-9328,10384,-31,168,-190,-13704,3876,5752,-972,85,-90,-13988,-5292,6324,-513,122,-144,0
288.52377009391785,8488,6540,11132,-155,-67,106,7288,-9336,10460,-59,141,-162,-13644,3920,5656,-980,95,-75,-13996,-4964,6636,-498,160,-99,0
288.5592300891876,8708,6628,11372,-154,-96,114,7260,-9260,10472,-46,135,-162,-13712,4132,5712,-1030,122,-62,-13948,-5012,6396,-508,142,-84,0
288.59508299827576,8752,6664,11076,-145,-93,133,7268,-9328,10380,-50,93,-182,-13680,3856,5664,-1022,133,-130,-13956,-4988,6640,-500,171,-82,0
288.63108491897583,8660,6524,11136,-109,-87,113,7292,-9216,10260,-16,127,-211,-13760,3936,5700,-1010,137,-77,-14024,-4996,6312,-475,162,-66,0
288.6675989627838,8820,6544,11080,-138,-101,131,7404,-9284,10360,-39,119,-168,-13848,4052,5736,-1002,131,-75,-13992,-4944,6456,-502,148,-94,0
288.70262694358826,8740,6452,11276,-197,-94,128,7304,-9440,10368,3,172,-164,-13780,4192,5804,-1018,111,-102,-13904,-4948,6484,-490,161,-49,0
288.73745012283325,8712,6520,11196,-192,-124,149,7304,-9256,10392,15,90,-177,-13636,4180,5720,-1005,158,-147,-13828,-5064,6156,-535,186,-59,0
288.77457308769226,8656,6460,11212,-144,-172,163,7272,-9384,10360,-61,65,-221,-13792,4204,5740,-982,176,-156,-13932,-5024,6336,-551,240,-74,0
288.8082001209259,8712,6488,11188,-157,-192,149,7320,-9308,10276,-32,121,-201,-13660,4176,5828,-967,182,-122,-13936,-4876,6312,-511,248,-45,0
288.8417999744415,8700,6408,11184,-235,-143,168,7168,-9312,10448,-13,146,-186,-13712,4232,5720,-986,187,-110,-13948,-4976,6320,-477,190,-8,0
288.87560296058655,8884,6520,11240,-189,-129,196,7624,-9356,10452,-12,136,-150,-14048,4132,5624,-991,176,-66,-14128,-4900,6184,-489,105,-33,0
288.9091639518738,8904,6560,11252,-193,-104,170,7384,-9404,10320,-40,122,-149,-13808,4160,5684,-1004,171,-72,-14040,-4976,6304,-490,140,-25,0
288.9424669742584,8756,6484,11372,-186,-105,196,7296,-9216,10548,-26,122,-177,-14020,3900,5580,-983,172,-102,-13940,-5108,6388,-531,167,-253,0
288.97593212127686,8796,6620,11216,-177,-160,181,7304,-9284,10148,9,75,-171,-13748,4044,5628,-1020,187,-117,-13956,-5120,6292,-500,234,-25,0
289.0095739364624,8876,6616,11212,-172,-185,194,7264,-9260,10324,-10,41,-214,-13724,4020,5492,-1048,221,-153,-14044,-4900,6176,-520,237,-60,0
289.04323291778564,8820,6416,11140,-175,-195,185,7460,-9192,10368,7,62,-208,-13840,4324,5408,-1043,190,-125,-13828,-4904,6364,-492,204,-45,0
289.0768690109253,8776,6356,11028,-211,-172,172,7316,-9296,10240,21,94,-234,-13796,4344,5556,-990,160,-150,-13956,-5008,6412,-495,234,-58,0
289.1106460094452,8832,6404,11304,-185,-171,111,7380,-9364,10296,29,171,-225,-13624,4156,5464,-1024,115,-148,-14060,-4952,6416,-506,234,-65,0
289.1438660621643,8460,6472,11284,-176,-209,126,7344,-9272,10256,36,104,-244,-13680,4344,5532,-1000,189,-158,-13932,-4984,6356,-469,198,-53,0
289.1881980895996,8736,6436,11364,-173,-195,175,7312,-9228,10304,-19,89,-240,-13756,4220,5608,-935,174,-152,-13980,-4852,6340,-501,189,-35,0
289.23316502571106,8860,6636,11492,-179,-234,164,7348,-9316,10292,-53,51,-241,-13860,4228,5816,-970,171,-129,-13996,-4892,6392,-263,198,-64,0
289.2724621295929,8888,6388,11188,-145,-178,176,7468,-9224,10432,-51,111,-204,-13700,4240,5420,-957,169,-63,-14060,-4864,6156,-539,180,-49,0
289.30604100227356,8956,6464,11264,-152,-123,153,7436,-9160,10388,-27,105,-171,-13788,3996,5604,-988,172,-71,-14024,-5024,6336,-493,173,-57,0
289.3396770954132,8980,6516,11176,-211,-89,177,7476,-9324,10364,-34,78,-170,-13716,4080,5492,-977,184,-38,-13932,-4860,6260,-503,132,-24,0
289.3731520175934,8940,6376,11040,-168,-103,156,7380,-9468,10256,-96,52,-151,-13604,4284,5884,-1033,163,-66,-14076,-4924,6328,-520,128,-62,0
289.4065361022949,8864,6296,11100,-152,-57,131,7484,-9240,10328,-30,112,-128,-13812,4072,5548,-1042,95,-69,-13836,-4900,6212,-513,115,-96,0
289.44001507759094,8744,6540,11148,-101,-7,108,7444,-9188,10304,-30,138,-133,-13876,4056,5800,-1021,100,-29,-13972,-5028,6332,-519,89,-105,0
289.4737739562988,8752,6364,11384,-128,7,93,7400,-9220,10492,-84,139,-166,-13748,3872,5588,-965,104,-43,-13992,-4780,6328,-493,98,-101,0
289.5072729587555,8848,6356,11244,-156,-15,81,7408,-9360,10316,-54,119,-170,-13848,4164,5596,-998,74,-43,-14236,-4636,6372,-455,126,-152,0
289.54061794281006,8888,6320,11220,-149,11,41,7404,-9240,10328,-59,191,-155,-13832,4044,5592,-1012,33,-51,-13996,-5116,6368,-469,121,-207,0
289.5738980770111,8832,6280,11384,-106,19,21,7332,-9356,10364,-47,167,-162,-13748,4184,5520,-985,-256,-117,-13984,-4664,6204,-477,102,-210,0
289.60742807388306,8944,6396,11340,-91,-241,2,7412,-9316,10208,-43,225,-153,-13676,4312,5536,-1052,10,-58,-13936,-4932,6396,-500,155,-186,0
289.6405439376831,8860,6424,11268,-89,255,47,7396,-9356,10428,-60,184,-139,-14056,4108,5556,-1004,47,-67,-14024,-4912,6264,-470,160,-149,0
289.67414903640747,8976,6576,11140,-137,-16,98,7468,-9228,10308,-43,149,-142,-13720,4248,5808,-972,125,-44,-14024,-4836,6336,-453,119,-59,0
289.70782709121704,8644,6480,11216,-207,5,131,7312,-9236,10312,-121,126,-114,-13780,4160,5756,-934,148,-63,-14024,-5016,6392,-445,53,-50,0
289.7411570549011,8872,6484,11248,-170,33,127,7116,-9204,10320,-223,135,-69,-13780,4308,5764,-817,-18,62,-13968,-4900,6332,-761,22,-26,0
289.7743570804596,8880,6480,11292,-154,39,208,7344,-9240,10352,-169,88,-50,-13776,4172,5448,-934,149,100,-13948,-4892,6320,-485,58,42,0
289.81126713752747,8840,6420,11128,-189,90,215,7400,-9296,10480,-114,47,-35,-13620,3876,5636,-988,150,77,-13952,-5004,6344,-491,-6,0,0
289.8462059497833,8720,6640,11216,-188,83,187,7440,-9388,10468,-104,50,-50,-14028,4136,5840,-1265,156,70,-14056,-4948,6452,-483,30,-20,0
289.8817310333252,8756,6148,11040,-184,81,182,7392,-9384,10264,-125,127,-74,-13804,4212,5580,-1022,121,1,-13932,-4824,6364,-478,49,-35,0
289.9176290035248,8744,6416,11116,-171,33,132,7308,-9700,10316,-112,163,-99,-13680,4212,5492,-939,92,252,-13876,-4892,6416,-488,122,-87,0
289.9523551464081,8776,6372,11072,-149,-15,99,7292,-9384,10212,-103,191,-139,-13832,4228,5484,-972,53,-49,-13972,-4780,6476,-499,97,-132,0
289.9883120059967,8692,6364,11156,-169,-54,89,7408,-9224,10344,-75,153,-146,-13776,4268,5568,-855,107,-74,-13988,-4792,6452,-434,131,-106,0
290.02345299720764,8776,6360,11368,-217,-69,67,7344,-9464,10312,-96,204,-205,-13812,4216,5792,-905,102,-66,-14264,-4820,6492,-416,165,-131,0
290.0593221187592,8712,6368,11380,-198,-139,42,7620,-9600,10344,-74,171,-247,-13776,4260,5752,-921,70,-152,-13976,-4968,6476,-458,216,-156,0
290.09416604042053,8704,6296,11340,-170,-144,12,7344,-9500,10316,-16,199,-267,-13700,4244,5576,-973,51,-186,-13988,-4716,6352,-496,237,-201,0
290.1296031475067,8788,6360,11292,-93,-189,20,7344,-9460,10372,-27,242,-280,-13716,4252,5872,-1007,36,-209,-14052,-4972,6564,-482,234,-143,0
290.1647229194641,8900,6412,11332,-156,-193,15,7308,-9328,10372,7,230,-279,-13800,4200,5572,-925,71,-177,-13976,-4900,6500,-458,283,-170,0
290.2003870010376,8768,6508,11412,-219,-161,49,7328,-9412,10424,28,206,-510,-13712,4196,5572,-956,90,-196,-14336,-4816,6436,-502,261,-147,0
290.2356779575348,8852,6500,11252,-198,-195,106,7284,-9320,10372,15,142,-215,-13624,4164,5744,-994,144,-134,-14044,-4988,6464,-261,210,-64,0
290.2707669734955,8744,6508,11096,-171,-193,160,7276,-9436,10368,-6,124,-194,-13708,4176,5572,-991,193,-126,-13872,-4956,6384,-523,186,-36,0
290.30621099472046,8684,6432,11268,-182,-186,207,7296,-9328,10336,-30,43,-213,-13688,4120,5416,-963,233,-147,-13992,-4884,6420,-569,196,-10,0
290.3424949645996,8772,6280,11268,-155,-213,204,7204,-9360,10368,17,53,-205,-13648,4124,5516,-986,226,-86,-13900,-4844,6236,-258,244,245,0
290.3781270980835,8796,6464,11416,-201,-204,199,7344,-9336,10288,-62,55,-230,-13880,4256,5652,-992,242,-148,-14072,-4744,6304,-497,188,-21,0
290.41305208206177,8792,6424,11040,-177,-207,182,7428,-9380,10408,-44,35,-207,-13892,4348,5408,-982,214,-122,-14012,-4960,6480,-409,138,5,0
290.4503540992737,8732,6400,11512,-214,-142,186,7360,-9260,10388,-120,-255,-231,-13704,4152,5784,-966,235,-72,-14308,-4852,6400,-371,114,45,0
290.4839930534363,8848,6380,11156,-253,-76,112,7472,-9408,10292,-118,17,-197,-13900,4172,5340,-965,216,-121,-13924,-4852,6288,-373,138,253,0
290.5174629688263,8784,6236,11176,-196,-56,143,7540,-9304,10156,-101,68,-199,-13792,4180,5464,-998,164,-103,-13860,-4616,6452,-356,162,-109,0
290.5510959625244,8844,6280,11260,-204,5,81,7240,-9256,10208,-85,157,-207,-13788,4140,5516,-979,101,-95,-13908,-4684,6216,-401,84,-150,0
290.58479404449463,8840,6300,11024,-213,254,23,7472,-9448,10288,-38,195,-186,-13872,4100,5860,-976,20,-58,-14048,-4716,6408,-430,157,-200,0
290.61816906929016,8788,6328,11060,-162,-18,45,7460,-9472,10292,11,177,-205,-13824,4316,5624,-1031,29,-100,-14332,-5116,6640,-452,197,-152,0
290.6516990661621,8728,6276,11340,-144,-83,50,7480,-9444,10128,-6,177,-232,-13652,4272,5668,-1276,45,-148,-13828,-4928,6624,-507,186,-192,0
290.68493700027466,8776,6300,11336,-110,-62,14,7316,-9408,10260,8,236,-211,-13668,4204,5652,-968,-18,-163,-14024,-4844,6536,-563,196,-224,0
290.7182919979096,8680,6376,11280,-106,-104,33,7232,-9392,10056,15,219,-201,-13748,4168,5660,-958,39,-177,-13924,-4792,6364,-558,252,-189,0
290.7519040107727,8784,6364,11268,-82,-132,67,7356,-9248,10488,-27,187,-199,-13804,4116,5544,-945,33,-125,-13980,-4852,6248,-541,211,-168,0
290.7854571342468,8936,6516,11244,-160,-183,86,7400,-9376,10356,-36,167,-204,-14032,3864,5568,-956,54,-91,-14040,-4916,6200,-536,174,-162,0
290.81873393058777,8896,6476,11432,-178,-108,63,7372,-9324,10684,-58,213,-183,-13796,4048,5624,-935,67,-130,-14048,-4892,6300,-530,178,-164,0
290.8522651195526,8936,6472,11236,-132,-100,50,7492,-9456,10348,-79,190,-179,-13868,4100,5584,-915,62,-118,-13988,-4676,6376,-451,123,-199,0
290.885626077652,8840,6604,11260,-178,-34,12,7392,-9312,10264,-51,201,-191,-13792,4196,5856,-919,65,-62,-14020,-4684,6212,-502,170,-171,0
290.91915106773376,8828,6360,11180,-180,-54,79,7408,-9360,10136,-16,162,-134,-13768,4180,5592,-968,86,-55,-13996,-4692,6464,-484,181,-186,0
290.9528419971466,8936,6624,11260,-159,-57,105,7664,-9308,10412,-6,137,-192,-13780,4184,5472,-996,93,-74,-13912,-4744,6376,-478,90,-114,0
290.98646092414856,8664,6364,11292,-164,-66,69,7384,-9424,10000,-84,182,-168,-13760,4208,5624,-961,49,-39,-13900,-4828,6200,-496,61,-157,0
291.01979994773865,8888,6232,11360,-124,-28,47,7316,-9452,10188,-96,184,-148,-13924,4296,5564,-989,4,-72,-13936,-4816,6380,-525,63,-234,0
291.0531840324402,8820,6644,11012,-120,67,37,7368,-9392,10448,-36,219,-128,-13764,4228,5436,-954,18,-48,-13876,-4652,6452,-499,94,-212,0
291.09151101112366,8668,6344,11392,-135,21,40,7372,-9388,10264,-31,182,-146,-13700,4200,5656,-1013,56,-54,-13992,-4852,6420,-458,154,-171,0
291.125107049942,8476,6384,11404,-133,-28,80,7308,-9388,10316,-79,134,-170,-13808,4136,5644,-989,100,-56,-13896,-4852,6508,-452,140,-144,0
291.15845799446106,8756,6420,11416,-146,-56,63,7272,-9408,10372,-101,150,-173,-13848,4384,5596,-968,51,-57,-14072,-4836,6284,-491,116,-183,0
291.1920750141144,8724,6364,11192,-139,-21,17,7320,-9480,10284,-114,188,-182,-13696,4144,5616,-922,33,-106,-14004,-4780,6464,-461,151,-194,0
291.22563910484314,8900,6420,11456,-196,-45,24,7312,-9368,10492,-30,195,-195,-13684,4520,5540,-972,25,-113,-13924,-4928,6432,-435,168,-219,0
291.2592439651489,8656,6652,11352,-145,-74,21,7276,-9436,10308,-23,283,-207,-13776,4204,5860,-934,-14,-110,-13956,-4980,6280,-485,190,-237,0
291.29282999038696,8620,6456,11340,-140,-79,-8,7212,-9352,10276,-23,279,-213,-13624,4236,5616,-949,-21,-136,-13904,-4920,6440,-257,187,-239,0
291.32646894454956,8668,6444,11248,-124,-92,-245,7260,-9408,10428,-36,252,-235,-13648,4260,5596,-963,7,-102,-13872,-4876,6376,-481,196,-222,0
291.3600549697876,8456,6420,11228,-125,-81,9,7304,-9372,10392,-25,183,-225,-13716,4160,5912,-970,55,-105,-13968,-5036,6204,-465,188,-186,0
291.39335894584656,8720,6152,11484,-152,-61,47,7428,-9356,10372,-23,190,-223,-13800,4176,5568,-980,74,-122,-13912,-4980,6508,-471,196,-163,0
291.4267990589142,8548,6508,11032,-156,-112,55,7380,-9368,10336,-33,167,-215,-13772,4160,5668,-954,115,-140,-13972,-4936,6192,-486,179,-146,0
291.4603009223938,8672,6488,11052,-137,-111,80,7356,-9428,10276,-55,169,-220,-13716,4300,5520,-948,73,-102,-14048,-4804,6644,-500,157,-147,0
291.4981920719147,8664,6260,11488,-116,-81,48,7324,-9420,10336,-9,165,-178,-14048,4328,5568,-993,42,-70,-14128,-4832,6520,-504,151,-152,0
291.53342604637146,8708,6420,11476,-114,-77,71,7584,-9336,10268,31,165,-165,-13864,4536,5844,-997,113,-100,-14048,-4932,6540,-524,122,-164,0
291.5693910121918,8612,6472,11512,-98,-118,25,7336,-9364,10008,-12,164,-197,-13780,4268,5884,-956,60,-89,-13988,-4708,6504,-493,142,-145,0
291.6046390533447,8744,6256,11488,-157,-59,66,7332,-9392,10248,-30,175,-169,-13652,4160,5524,-969,131,-63,-13916,-4904,6368,-468,142,-111,0
291.6402559280396,8684,6340,11184,-155,-31,88,7372,-9384,10096,-31,140,-169,-13736,4260,5548,-779,111,-104,-13944,-4924,6408,-466,113,-129,0
291.6757171154022,8656,6436,11348,-157,-74,102,7304,-9312,10372,-19,148,-172,-13808,4204,5840,-994,77,-100,-13932,-5020,6660,-470,141,-146,0
291.7112920284271,8612,6536,11020,-170,-76,55,7324,-9444,10388,-81,151,-199,-13768,4212,5688,-964,83,-114,-14072,-4884,6300,-500,150,-135,0
291.74719500541687,8608,6488,11496,-149,-134,69,7188,-9336,10360,-60,141,-247,-13724,4168,5764,-969,61,-121,-13884,-4964,6452,-494,202,-148,0
291.78222393989563,8568,6324,11396,-168,-144,103,7312,-9288,10296,-3,158,-234,-13656,4244,5704,-991,97,-124,-13968,-5072,6420,-535,218,-140,0
291.8181869983673,8652,6456,11192,-105,-111,87,7264,-9336,10280,-8,119,-247,-13744,4344,5736,-1003,98,-140,-13912,-4980,6480,-483,197,-136,0
291.8533260822296,8700,6416,11372,-115,-119,94,7228,-9324,10420,-25,138,-201,-13600,4332,5596,-1008,112,-87,-13980,-4660,6228,-517,174,-128,0
291.889200925827,8616,6384,11264,-145,-79,104,7332,-9400,10384,-39,174,-187,-13780,4216,5424,-959,98,-92,-13828,-4660,6600,-519,189,-131,0
291.92498302459717,8872,6380,11480,-157,-87,110,7328,-9404,10280,-35,176,-164,-13728,4208,5724,-1006,103,-97,-13952,-4928,6564,-475,181,-114,0
291.9606969356537,8636,6468,11392,-181,-105,135,7292,-9384,10216,-43,149,-163,-13640,4204,5540,-962,115,-52,-14044,-4904,6364,-557,131,-129,0
291.9961860179901,8512,6424,11496,-144,-138,133,7404,-9468,10056,-44,153,-171,-13736,4272,5856,-974,110,-61,-14008,-4868,6456,-565,157,-97,0
292.0322289466858,8600,6360,11480,-191,-131,120,7196,-9432,10408,-2,113,-204,-13772,4192,5776,-995,138,-89,-13940,-4948,6472,-460,192,-86,0
292.0675599575043,8616,6444,11372,-195,-110,148,7260,-9536,10260,46,99,-249,-13660,4304,5744,-955,189,-126,-13948,-4956,6608,-525,234,-79,0
292.10268092155457,8488,6476,11308,-95,-214,100,7364,-9256,10420,-59,144,-274,-13772,4188,5708,-976,138,-192,-13952,-4876,6364,-542,271,-100,0
292.1383430957794,8472,6148,11376,-141,-266,95,7280,-9380,10188,20,165,-286,-13740,4268,5524,-985,139,-253,-13992,-4968,6360,-493,284,-85,0
292.1718821525574,8464,6204,11284,-144,-240,128,7212,-9404,10336,48,151,-266,-13756,4488,5764,-980,174,-173,-13936,-4908,6420,-509,225,-100,0
292.20542907714844,8720,6636,11276,-193,-130,117,7332,-9252,10480,39,103,-206,-13744,4196,5616,-985,172,-122,-14000,-4856,6416,-559,182,-60,0
292.239000082016,8940,6192,11404,-164,-158,137,7488,-9320,10268,18,109,-190,-13668,4212,5576,-1013,136,-144,-13884,-4832,6332,-558,201,-65,0
292.2724959850311,8716,6328,11316,-159,-220,132,7288,-9336,10308,12,111,-234,-13728,4300,5676,-1034,154,-150,-14008,-4864,6280,-531,1,-69,0
292.30591201782227,8472,6196,11076,-175,-228,180,7304,-9424,10484,43,95,-207,-13752,4188,5600,-1046,195,-161,-13976,-4968,6284,-564,260,-20,0
292.339457988739,8844,6448,11492,-156,-194,175,7224,-9384,10492,30,44,-217,-13712,4164,5744,-1048,247,-193,-14008,-4840,6360,-551,241,-3,0
292.3729510307312,8704,6396,11440,-157,-239,195,7328,-9296,10328,9,12,-200,-13756,4240,5680,-1057,211,-123,-13972,-4852,6396,-561,218,-30,0
292.40644097328186,8804,6308,11292,-135,-215,236,7380,-9412,10376,43,40,-184,-13636,4236,5632,-1069,174,-93,-13996,-5012,6424,-588,200,-49,0
292.4400329589844,8924,6264,11340,-112,-151,219,7672,-9420,10312,50,60,-172,-13752,4324,5588,-1088,194,-93,-13904,-4896,6376,-601,158,-70,0
292.4736111164093,8744,6380,11412,-128,-190,204,7460,-9240,10400,30,248,-205,-13836,4176,5816,-1086,200,-161,-13924,-4896,6392,-555,191,-23,0
292.50727009773254,8712,6416,11132,-144,-206,200,7448,-9272,10284,6,37,-232,-13712,4096,5644,-1008,188,-166,-13892,-4880,6228,-522,224,-39,0
292.5407109260559,8880,6632,11020,-166,-220,170,7620,-9228,10408,1,118,-223,-13852,4100,5768,-974,110,-179,-13936,-4724,6152,-542,229,-142,0
292.57417392730713,8772,6188,11140,-150,-187,112,7380,-9328,10336,48,157,-243,-13728,3884,5604,-941,28,-186,-14188,-4924,6168,-533,262,-145,0
292.60771012306213,8724,6276,11512,-137,-222,84,7452,-9224,10300,10,148,-276,-13628,4076,5736,-891,-8,-142,-14056,-4848,6328,-526,279,-156,0
292.64099311828613,8800,6300,11448,-174,-152,74,7420,-9256,10332,-252,182,-267,-13724,4100,5744,-942,-254,-106,-14036,-4984,6392,-446,271,-158,0
292.67451906204224,8816,6324,11176,-181,-127,85,7340,-9268,10336,51,155,-226,-13756,4196,5708,-925,-12,-75,-14056,-4896,6232,-465,253,-168,0
292.7081689834595,8708,6204,10992,-222,-52,107,7372,-9268,10288,-19,149,-188,-13776,4088,5656,-850,-27,-54,-13936,-4620,6568,-485,204,-152,0
292.7418270111084,8940,6652,11080,-194,-28,87,7200,-9296,10020,-8,140,-144,-13724,4316,5664,-892,-10,247,-13984,-4884,6264,-526,196,-181,0
292.77544808387756,8940,6304,11324,-202,13,140,7660,-9468,10108,-1,109,-130,-13668,4188,5648,-883,-77,251,-13972,-4828,6224,-542,258,-170,0
292.8089611530304,8792,6272,11152,-204,5,116,7392,-9252,10352,-253,113,-112,-13712,4284,5600,-968,22,-14,-14024,-4788,6380,-540,232,-154,0
292.8421640396118,8820,6348,11284,-157,14,143,7228,-9464,10432,-246,97,-112,-13680,4104,5640,-987,52,-22,-13964,-4676,6248,-258,229,-150,0
292.8759059906006,8708,6376,11144,-170,33,147,7468,-9288,10336,21,109,-135,-13716,4248,5548,-901,25,-41,-14040,-4964,6336,-524,244,-150,0
292.9092130661011,8680,6296,11332,-181,70,159,7416,-9312,10276,-52,106,-135,-13736,4124,5436,-898,43,-33,-14308,-4644,6244,-521,201,-170,0
292.94271302223206,8908,6272,11296,-196,53,109,7520,-9360,10352,-56,155,-138,-13840,4320,5668,-926,-80,241,-14284,-4844,6584,-461,183,-220,0
292.97621607780457,8796,6224,11516,-270,60,70,7424,-9380,10392,27,167,-115,-13696,4228,5700,-933,-81,-26,-13976,-4992,6176,-540,290,-207,0
293.009663105011,8628,6352,11368,-227,63,50,7344,-9368,10360,-20,213,-111,-13368,4236,5704,-917,-38,-67,-14060,-4960,6152,-488,509,-178,0
293.0432541370392,8656,6332,11408,-188,-15,59,7644,-9260,10272,-54,231,-182,-13688,4152,5736,-819,246,-82,-13956,-4952,6248,-477,304,-188,0
293.07654094696045,8732,6360,11164,-176,-38,54,7388,-9304,10356,-60,193,-156,-13644,4264,5676,-883,-7,-107,-13952,-4876,6168,-403,268,-139,0
293.1101040840149,8752,6308,11280,-165,35,96,7400,-9292,10244,-31,151,-125,-13660,4232,5520,-876,15,-40,-14056,-5072,6348,-444,243,-167,0
293.14320707321167,8848,6376,11088,-133,65,98,7344,-9368,10400,-49,164,-121,-13620,4348,5700,-917,251,-46,-13924,-4772,6168,-452,185,-152,0
293.18074011802673,8540,6580,11484,-148,48,123,7344,-9348,10416,-39,160,-143,-13784,4140,5568,-908,-13,-78,-13896,-5028,6504,-422,301,-171,0
293.21547508239746,8656,6316,11292,-246,93,105,7396,-9328,10292,9,148,-138,-13688,4564,5656,-917,33,-53,-13952,-4836,6236,-482,342,-137,0
293.25128197669983,8732,6240,11320,-219,46,149,7224,-9388,10368,17,138,-136,-13644,4228,5556,-920,50,-68,-13940,-5008,6208,-488,385,-141,0
293.2874641418457,8560,6148,11384,-211,-21,150,7312,-9328,10336,7,149,-164,-13664,4548,5804,-940,16,-158,-13996,-5084,6348,-421,427,-163,0
293.322361946106,8740,6280,11292,-269,31,134,7404,-9296,10420,0,194,-190,-13812,4316,5784,-915,-42,-92,-13996,-4916,6148,-325,451,-173,0
293.35757398605347,8916,6312,11388,-339,33,153,7256,-9320,10276,41,205,-143,-13648,4312,5776,-911,-55,-97,-13964,-5056,6392,-301,498,-148,0
293.3934199810028,8520,6264,11324,-359,29,147,7296,-9292,10372,36,247,-201,-13656,4368,5788,-902,-104,-151,-13968,-4980,6024,-296,499,-159,0
293.42971301078796,8656,6192,11392,-341,25,86,7284,-9324,10440,37,285,-208,-13732,4296,5752,-902,-119,-114,-14056,-5032,6208,-205,467,-178,0
293.46469807624817,8648,6244,11520,-383,-18,111,7400,-9296,10316,37,318,-218,-13696,4420,5756,-947,-131,-138,-14204,-4952,6340,-240,416,-158,0
293.50081396102905,8636,6212,11456,-301,-27,87,7284,-9244,10684,20,314,-172,-13724,4320,5928,-968,-101,-103,-14128,-4992,6372,-279,333,-187,0
293.5362319946289,8652,6156,11392,-316,-5,149,6948,-9316,10648,31,239,-162,-13608,4584,5860,-942,-24,-102,-13940,-4940,5992,-300,305,-107,0
293.57186102867126,8604,6324,11576,-301,-116,137,7296,-9296,10484,19,212,-235,-13680,4192,5716,-974,2,-148,-13876,-5076,6352,-5,377,-97,0
293.6080229282379,8704,6264,11524,-283,-129,109,7320,-9188,10392,-6,255,-210,-13820,4112,6112,-1051,50,-133,-14144,-4944,6212,-309,268,-79,0
293.64355301857,8692,6168,11484,-512,-174,107,7328,-9348,10264,8,194,-201,-13576,4384,5976,-1050,2,-106,-13932,-4908,6260,-352,244,-87,0
293.6791679859161,8596,6196,11404,-249,-202,124,7276,-9272,10428,18,192,-193,-13340,4252,6096,-1061,-251,-164,-14212,-4920,6028,-422,198,-84,0
293.71513509750366,8608,6192,11436,-192,-1240,414,7280,-9260,10260,-33,221,-205,-13796,4236,5732,-772,-248,-93,-14208,-4788,6224,-457,151,-109,0
293.75096011161804,8736,6152,11280,-165,-173,58,7280,-9268,10368,-6,176,-174,-13708,4332,5764,-1062,51,-82,-14088,-4764,6368,-357,139,-64,0
293.7872610092163,8608,6396,11756,-192,-173,152,7200,-9288,10396,-15,129,-166,-13392,4228,5632,-1123,146,-92,-13968,-4868,6064,-435,160,-42,0
293.8227491378784,8476,5912,11300,-150,-195,170,7308,-9164,10244,-13,113,-156,-13640,4276,5832,-1278,95,-77,-14148,-5036,6108,-425,116,-75,0
293.85644793510437,8476,6108,11300,-155,-196,123,7252,-9240,10396,-251,180,-133,-13672,4356,5712,-1067,101,-37,-14052,-5076,6176,-411,85,-52,3
293.8895239830017,8812,6212,11440,-135,-172,144,7204,-9396,10408,-256,149,-157,-13332,4252,6024,-1093,121,-65,-14096,-4824,6120,-448,162,-19,3
293.9231150150299,8952,6188,11460,-182,-168,191,7168,-9292,10348,14,143,-142,-13816,4236,5784,-1078,177,-58,-14168,-4824,6052,-470,179,19,3
293.9567620754242,8492,6244,11264,-183,-158,161,7312,-9316,10408,-29,80,-191,-13596,4300,5816,-1004,202,-63,-14156,-4880,6112,-439,169,255,3
293.99008798599243,8736,6112,11436,-242,-268,153,7304,-9244,10596,-4,167,-220,-13624,4344,5936,-1006,173,-127,-14240,-4892,6364,-412,316,-34,3
294.0238199234009,8956,6212,11496,-257,-232,116,6916,-9324,10424,-44,205,-246,-13668,4236,5804,-992,107,-160,-14088,-4920,5948,-441,325,-61,3
294.05742502212524,8744,6148,11400,-246,-343,108,7300,-9300,10316,10,230,-254,-13656,4280,6040,-769,90,-145,-14316,-4672,6396,-421,286,-72,3
294.0908839702606,8812,6116,11496,-211,-297,97,7252,-9268,10444,72,228,-293,-13432,4136,5692,-1076,83,-172,-14224,-5092,6128,-397,211,-124,3
294.12443494796753,8604,6080,11408,-176,-262,101,7244,-9272,10488,70,186,-235,-13616,4304,5716,-1083,109,-177,-14040,-4660,6108,-393,188,-119,3
294.1581399440765,8792,6036,11372,-149,-207,104,7220,-9408,10448,40,172,-241,-13672,4380,5556,-1102,77,-183,-14196,-4828,6032,-501,151,-80,0
294.1914310455322,8772,6120,11424,-95,-236,118,7208,-9340,10500,76,151,-193,-13680,4252,5752,-1161,89,-118,-13920,-4768,5768,-258,125,-99,0
294.2249391078949,8756,6072,11316,-114,-148,117,7284,-9236,10400,49,118,-177,-13672,4232,5840,-1097,120,-84,-14132,-4788,5916,-764,186,-95,0
294.25862312316895,8780,6108,11084,-118,-192,159,7384,-9432,10240,59,104,-181,-13540,4184,5872,-1080,151,-159,-14036,-4996,6124,-492,271,-74,0
294.292279958725,8868,6176,11064,-157,-194,177,7288,-9264,10472,25,116,-209,-13688,4196,5840,-1111,154,-164,-14132,-4784,6056,-505,245,-56,0
294.32578802108765,8956,6116,11448,-162,-210,140,7276,-9248,10460,65,149,-209,-13512,4192,5864,-1104,117,-156,-14136,-4940,6044,-500,206,-92,0
294.35931491851807,8868,6376,11348,-169,-207,135,7344,-9204,10444,37,131,-170,-13648,4128,5772,-1092,142,-85,-14124,-4876,6096,-454,137,-70,0
294.3925280570984,8764,6276,11396,-163,-190,138,7244,-9196,10516,-1,99,-206,-13576,4212,6060,-1057,134,-121,-14024,-4884,6000,-450,197,-35,0
294.42579913139343,8760,6156,11640,-168,-270,154,7212,-9248,10248,14,122,-217,-13588,4200,5968,-1070,160,-166,-14180,-5052,6380,-445,317,-25,0
294.4595980644226,8880,6016,11200,-191,-205,145,7296,-9448,10360,24,107,-211,-13752,4224,5660,-1107,106,-142,-14120,-4848,6064,-446,230,-48,0
294.49316692352295,8820,6032,11420,-179,-167,162,7204,-9244,10496,50,130,-181,-13596,4164,5816,-1104,117,-111,-14104,-4880,6040,-438,171,-88,0
294.5267350673676,8800,6140,11328,-185,-161,135,7228,-9232,10428,12,97,-181,-13320,4196,5852,-1079,117,-149,-13968,-4804,6052,-417,211,-74,0
294.56034994125366,8836,6076,11304,-161,-181,181,7296,-9040,10632,-34,88,-181,-13800,4216,5868,-1085,179,-129,-14148,-4836,5976,-454,234,-48,0
294.59335494041443,8972,6100,11356,-189,-106,139,7172,-9396,10304,13,66,-199,-13332,4156,5708,-1066,152,-113,-14296,-4660,6048,-426,503,-93,0
294.6267030239105,8836,6040,11016,-171,2,162,7388,-9224,10304,-2,65,-172,-13720,4204,5712,-1096,137,-121,-14084,-4780,6044,-467,187,-78,0
294.6603240966797,9212,6096,11364,-193,40,151,7200,-9184,10424,251,74,-174,-13736,4192,5824,-1083,99,-96,-14156,-4780,6028,-401,199,-102,0
294.6937911510468,8936,6016,11340,-223,137,155,7336,-9436,10348,19,104,-140,-13740,4164,5900,-1074,74,-96,-14200,-4728,6132,-498,152,-156,0
294.7273480892181,8900,6056,11284,-218,138,122,7440,-9264,10500,-251,156,-106,-13640,4168,5896,-1085,62,-55,-14280,-4884,5940,-485,174,-152,0
294.76096391677856,8928,6020,11372,-209,131,132,7344,-9128,10300,-23,123,-125,-13596,4216,5764,-1062,47,-99,-14020,-4780,6172,-483,156,-174,0
294.794450044632,8756,6136,11176,-197,57,115,7252,-9336,10312,-27,161,-163,-13640,4184,5976,-1275,43,-90,-14196,-4776,6024,-550,114,-170,0
294.83076095581055,8768,5956,11424,-171,12,81,7276,-9308,10428,-63,196,-143,-13620,4156,5804,-1036,50,-91,-14328,-4908,6048,-548,122,-212,0
294.8662519454956,8812,6396,11672,-169,-247,84,7236,-9212,10512,-7,188,-138,-13724,4196,6032,-1077,52,-30,-14088,-4828,6044,-534,114,-133,0
294.90217900276184,8796,6128,11440,-188,-15,75,7272,-9148,10380,14,129,-149,-13592,4224,6036,-1016,64,-92,-14176,-4912,6128,-527,80,-148,0
294.93818402290344,8772,6128,11608,-194,-61,88,7272,-9180,10356,-51,126,-170,-13816,3864,6028,-998,70,-89,-14176,-4808,5904,-268,116,-130,0
294.9728591442108,8880,6036,11364,-148,-71,86,7204,-8992,10552,-85,154,-148,-13728,4276,6080,-1009,96,-59,-14332,-4784,5976,-522,91,-131,0
295.0087640285492,8704,5996,11372,-156,-74,89,7236,-9272,10712,-34,117,-136,-13792,4180,5876,-993,64,-66,-14220,-4896,6040,-504,101,-170,0
295.0439031124115,8816,6036,11508,-124,-48,90,7360,-9196,10264,-13,155,-166,-13688,3860,6072,-1023,47,-45,-14116,-4860,5916,-542,55,-139,0
295.0799820423126,8844,6088,11696,-158,-62,75,7268,-9196,10552,-75,184,-110,-13680,4140,6032,-1018,61,-72,-14192,-4624,6052,-478,92,-133,0
295.11518001556396,8832,6072,11384,-199,-246,71,7336,-9472,10456,-64,191,-115,-13796,4140,5744,-1027,46,-32,-14168,-4644,6108,-481,123,-175,0
295.1504349708557,8784,6004,11500,-130,19,77,7196,-9192,10336,-44,173,-97,-13476,4300,5876,-983,40,-105,-13860,-4800,6124,-758,55,-175,0
295.1855320930481,8636,6024,11368,-167,-17,100,7296,-9236,10444,-58,167,-109,-13588,4060,6032,-1023,51,-56,-14036,-4812,5976,-473,38,-118,0
295.221440076828,8848,6312,11168,-145,-54,101,7264,-9240,10456,-77,151,-170,-13660,4280,5960,-994,73,-95,-14076,-5116,6388,-493,76,-117,0
295.2578270435333,8812,6092,11504,-141,-32,82,7188,-9144,10452,-40,135,-168,-13612,4232,5652,-992,66,-107,-13832,-4988,6292,-502,152,-160,0
295.2927300930023,8740,6020,11396,-141,-57,88,7164,-9188,10512,-12,183,-190,-13524,3896,5852,-1273,53,-94,-14320,-5052,6112,-469,156,-129,0
295.3281750679016,8724,5964,11468,-151,-104,121,7204,-9316,10472,-23,125,-181,-13564,4100,5736,-1005,129,-133,-13840,-4800,6376,-768,148,-130,0
295.3637809753418,8696,6084,11564,-179,-93,104,7388,-9172,10664,-256,113,-184,-13672,4252,5872,-1006,124,-109,-14144,-4836,6172,-459,186,-86,0
295.39915108680725,8788,6040,11432,-146,-156,101,6912,-9420,10468,18,133,-199,-13616,4128,6008,-1002,118,-128,-14184,-4820,6172,-267,201,-101,0
295.4343519210816,8744,6364,11380,-160,-193,143,7308,-9212,10256,-18,132,-209,-13676,4176,5924,-1015,139,-174,-13952,-4860,5948,-767,200,-77,0
295.4716510772705,8892,5916,11296,-148,-203,110,7228,-9156,10324,-11,124,-226,-13572,3840,6044,-984,114,-163,-14032,-4700,5912,-258,165,-98,0
295.5053150653839,8760,5972,11640,-157,-172,100,7248,-9216,10248,-38,123,-237,-13784,4300,6068,-982,128,-126,-14156,-5120,6100,-499,171,-88,0
295.53869700431824,8800,6048,11332,-175,-172,96,7240,-9204,10416,-16,117,-217,-13640,4244,6096,-991,111,-153,-14180,-4824,6124,-518,202,-92,0
295.57241797447205,8840,6048,11416,-141,-183,135,7292,-9280,10408,32,103,-217,-13588,4212,5840,-987,134,-164,-14124,-4968,6056,-520,218,-81,0
295.60583996772766,8824,6072,11452,-157,-210,128,7416,-9196,10448,11,102,-242,-13328,4112,5656,-980,167,-153,-14312,-4868,6068,-498,210,-56,0
295.6390919685364,8796,6016,11588,-140,-207,151,7252,-9200,10404,-39,89,-210,-13664,4180,5972,-1001,201,-78,-14092,-4820,5984,-497,192,-31,0
295.6725981235504,8768,5932,11488,-170,-212,152,7240,-9184,10496,15,55,-210,-13544,4100,6036,-1047,150,-119,-14064,-4624,6088,-526,187,-48,0
295.70595693588257,8824,6132,11488,-175,-193,167,7284,-9272,10552,26,112,-156,-13640,4060,5872,-1014,141,-132,-14336,-4616,6016,-512,159,-68,0
295.73960399627686,8808,6076,11336,-152,-197,147,7248,-9252,10488,-24,91,-176,-13656,4204,5892,-1020,127,-179,-14204,-4808,6068,-516,148,-72,0
295.7731730937958,8760,5952,11372,-160,-163,114,7292,-9452,10336,253,93,-209,-13772,4144,5764,-997,151,-136,-14188,-4756,6012,-509,145,-87,0
295.80684900283813,8908,5880,11268,-138,-147,121,7216,-9188,10296,-6,138,-187,-13344,4096,5904,-1005,133,-86,-14168,-4764,6024,-490,141,-71,0
295.84006094932556,8868,6024,11280,-140,-98,116,7264,-9224,10512,251,127,-180,-13588,4112,6116,-987,120,-51,-14156,-4888,5888,-462,150,-98,0
295.87364506721497,8760,6108,11448,-150,-115,103,7208,-9252,10528,-54,124,-178,-13600,4160,6124,-983,132,-115,-14072,-4792,6372,-515,148,-105,0
295.9072139263153,8816,5968,11284,-117,-98,79,7364,-9240,10428,-73,123,-176,-13640,4340,5860,-992,88,-105,-14300,-4844,5952,-259,146,-126,0
295.9404151439667,8944,6052,11324,-121,-79,49,7408,-9200,10356,-50,158,-211,-13368,4108,6108,-998,106,-118,-14224,-4780,6012,-500,148,-148,0
295.9742341041565,8816,5996,11312,-116,-53,59,7256,-9216,10340,-48,143,-183,-13600,4180,5784,-772,113,-68,-14096,-4828,5948,-458,183,-111,0
296.00776195526123,8792,6012,11512,-119,-106,89,7284,-9300,10444,-38,154,-211,-13708,4176,5948,-1055,126,-66,-14212,-4916,6168,-483,196,-126,0
296.04108715057373,8884,6068,11432,-131,-107,95,7252,-9228,10424,-69,125,-189,-13696,4212,5960,-1033,114,-84,-14196,-5020,6152,-497,160,-86,0
296.07439494133,8860,5952,11772,-89,-114,107,7292,-9460,10688,-60,162,-178,-13796,4196,5892,-1019,94,-92,-14336,-4824,6116,-525,174,-88,0
296.110876083374,8860,6108,11520,-115,-103,104,7148,-8992,10400,-52,167,-164,-13632,4092,6000,-1015,80,-109,-14108,-4896,5920,-535,137,-103,0
296.1444880962372,8832,6024,11504,-124,-91,95,7216,-9236,10388,-56,124,-164,-13640,4124,5752,-986,91,-114,-14112,-4856,6220,-259,148,-124,0
296.17811393737793,8748,6032,11456,-115,-72,81,7260,-9316,10292,-86,150,-170,-13560,3852,5908,-999,124,-78,-14244,-4880,5996,-494,98,-109,0
296.2118079662323,8800,5980,11612,-122,-79,92,7340,-9128,10644,-54,150,-178,-13576,4108,5716,-993,105,-70,-14024,-4892,6028,-511,140,-130,0
296.2454080581665,8824,6004,11320,-109,-115,92,7268,-9352,10360,-46,140,-190,-13648,3964,5792,-1006,124,-63,-14088,-4904,6240,-759,175,-74,0
296.27877593040466,8880,5988,11452,-128,-96,90,7264,-9212,10520,-57,138,-211,-13800,4132,5948,-1019,148,-83,-14216,-4736,6152,-458,213,-107,0
296.3123400211334,8868,6080,11392,-137,-128,110,7332,-9204,10428,-56,115,-203,-13812,4200,5808,-991,126,-118,-14304,-4808,6108,-502,129,-142,0
296.3458471298218,8852,5936,11328,-100,-96,77,7296,-9368,10356,-61,236,-182,-13596,4132,5824,-1072,59,-67,-14104,-4792,6392,-517,89,-156,0
296.37955808639526,8932,5952,11260,-155,23,38,7312,-9196,10480,-39,213,-106,-13608,4208,5868,-1026,34,-17,-14092,-4848,6096,-517,24,-167,0
296.4129331111908,8832,6120,11444,-101,54,66,7248,-9196,10324,-79,220,-104,-13676,4348,5664,-1006,55,-17,-14104,-4964,6012,-492,57,-145,0
296.44664311408997,8860,6028,11496,-122,-17,13,7080,-9416,10476,-102,189,-135,-13596,4144,6116,-972,104,-44,-14168,-4772,6044,-494,132,-141,0
296.48026609420776,8904,6032,11396,-131,-8,70,7116,-9244,10424,-78,184,-157,-13540,4256,5672,-1001,83,-45,-14028,-4880,6112,-478,134,-127,0
296.5160069465637,8728,5980,11392,-103,-29,49,7072,-9300,10488,-72,152,-135,-13520,4188,5844,-963,76,-44,-14164,-4844,6196,-483,114,-123,0
296.5518500804901,8764,6072,11288,-131,-25,66,7188,-9248,10552,-86,161,-140,-13616,4188,5960,-982,124,-58,-13844,-4620,6136,-481,79,-111,0
296.58756709098816,8700,6028,11636,-101,-49,66,7136,-9268,10396,-64,168,-141,-13824,4288,5860,-995,94,-119,-14140,-4820,5992,-502,81,-146,0
296.62335991859436,8920,6036,11384,-96,-19,49,7284,-9364,10600,-35,157,-143,-13400,4160,5924,-978,87,-87,-14212,-4924,6136,-519,133,-163,0
296.6592259407044,8940,6100,11328,-50,-49,69,7068,-9248,10688,-32,119,-176,-13548,4124,5996,-1009,106,-98,-13928,-4784,6248,-533,159,-106,0
296.6982970237732,8768,6100,11540,-102,-86,82,7184,-9420,10452,-60,162,-197,-13808,4272,5884,-1002,138,-114,-14104,-4832,6356,-762,162,-103,0
296.733451128006,8756,6016,11264,-113,-59,83,7344,-9340,10712,-69,145,-189,-13608,4180,5656,-964,117,-119,-14228,-4776,6072,-490,145,-98,0
296.7695159912109,8804,6136,11464,-101,-54,81,7308,-9356,10608,-49,153,-148,-13676,3876,5928,-1005,94,-83,-14036,-4900,5976,-497,125,-98,0
296.8045620918274,8772,6004,11272,-134,-58,84,7176,-9304,10512,-35,129,-176,-13648,3884,5644,-1007,108,-92,-14096,-5120,6080,-488,149,-80,0
296.8399329185486,8748,5888,11464,-99,-74,88,7256,-9268,10400,-74,147,-147,-13608,4228,6068,-994,98,-46,-14044,-4780,6084,-530,95,-121,0
296.8755519390106,8816,6016,11312,-108,-64,79,7280,-9296,10440,-39,177,-156,-13732,4232,6120,-1008,62,-83,-14108,-4768,6168,-521,134,-119,0
296.9109511375427,8708,6104,11732,-138,-43,86,7288,-9264,10660,-26,159,-146,-13528,4180,5888,-992,91,-96,-13868,-4872,6084,-257,118,-113,0
296.94621109962463,8752,6140,11396,-80,-39,78,6912,-9264,10348,-65,146,-196,-13636,4336,6068,-992,130,-91,-14292,-4612,6172,-502,141,-138,0
296.9818239212036,8884,6064,11544,-108,-102,81,7308,-9284,10364,-28,152,-200,-13700,4140,5876,-970,139,-126,-14088,-4848,6172,-472,171,-124,0
297.01809310913086,8780,6108,11444,-142,-67,90,6948,-9208,10500,-46,133,-154,-13588,4196,5888,-958,135,-27,-14104,-4972,6208,-499,117,-126,0
297.05328607559204,8768,6260,11320,-133,-32,101,7208,-9256,10316,-44,122,-137,-13824,4316,5856,-1004,116,-54,-14056,-4912,6220,-509,115,-103,0
297.0892231464386,8736,6396,11268,-140,-39,101,7176,-9276,10392,-51,150,-146,-13556,4180,6080,-997,113,-85,-13828,-4640,6188,-510,133,-78,0
297.12399792671204,8940,6340,11564,-175,-133,92,7148,-9320,10412,-40,141,-193,-13496,4172,5852,-1009,109,-92,-14104,-4896,6108,-532,175,-77,0
297.161062002182,8708,6064,11520,-126,-124,85,7412,-9336,10284,2,144,-208,-13780,4156,5736,-975,131,-165,-13868,-4908,6200,-488,202,-77,0
297.1944811344147,8860,6076,11536,-137,-126,72,7252,-9344,10420,254,111,-236,-13732,4140,5976,-772,140,-135,-14148,-4756,6152,-510,231,-51,0
297.2281320095062,8752,6124,11556,-162,-188,127,7272,-9340,10248,22,96,-247,-13636,4144,5984,-1028,146,-110,-14172,-4820,6092,-495,235,-72,0
297.26159405708313,8784,6072,11632,-142,-185,112,7204,-9316,10240,-250,120,-222,-13720,4188,5924,-977,144,-117,-14084,-4912,6328,-492,207,-58,0
297.2952959537506,8460,6060,11768,-157,-200,140,7412,-9252,10476,250,163,-210,-13652,4232,6124,-970,144,-127,-13984,-4812,5984,-500,194,-89,0
297.32865595817566,8748,6092,11692,-164,-208,132,7128,-9232,10380,-7,101,-232,-13700,4164,5764,-990,141,-163,-14036,-4800,5912,-489,182,-75,0
297.362380027771,8768,6376,11296,-147,-207,101,7152,-9316,10500,28,143,-209,-13608,4220,6088,-1010,140,-169,-14188,-4808,6224,-524,205,-53,0
297.3956971168518,8868,6136,11480,-146,-186,114,7256,-9260,10304,13,89,-233,-13608,4136,5980,-1006,156,-134,-14068,-4884,5968,-519,208,-64,0
297.4291801452637,8888,6116,11416,-137,-184,150,7232,-9328,10504,31,82,-215,-13540,4272,5836,-1273,190,-115,-14140,-4772,6124,-504,206,-59,0
297.46281695365906,8864,6100,11328,-151,-190,149,7212,-9188,10432,8,112,-211,-13704,4124,6060,-996,167,-122,-14096,-4888,6048,-501,201,-53,0
297.49645805358887,8856,6048,11516,-171,-194,143,7348,-9196,10560,0,82,-219,-13656,4184,5956,-998,148,-128,-14160,-5052,5912,-494,195,-42,0
297.52977108955383,8848,6064,11212,-157,-194,147,7292,-9256,10412,20,75,-204,-13672,3980,5808,-1012,154,-115,-14080,-4952,6248,-488,204,-65,0
297.56324911117554,8856,6012,11376,-172,-209,166,7336,-9220,10448,24,119,-208,-13648,4100,5996,-985,140,-153,-14140,-5088,5924,-465,205,-65,0
297.59690499305725,8748,6144,11212,-189,-185,137,7300,-9272,10432,5,159,-201,-13652,4128,5924,-1030,145,-124,-14120,-4804,6064,-455,198,-77,0
297.6302409172058,8756,6024,11520,-185,-187,157,7248,-9136,10472,30,111,-230,-13576,4344,6112,-1022,166,-109,-14128,-4860,6160,-460,178,-81,0
297.66348695755005,8812,6096,11432,-163,-154,117,7176,-9236,10396,-18,117,-221,-13588,4148,5920,-986,141,-153,-14132,-4784,6196,-489,206,-73,0
297.6971130371094,8756,6068,11484,-109,-176,128,7288,-9260,10544,252,94,-243,-13632,4184,5792,-1049,166,-183,-14128,-4820,6008,-519,175,-78,0
297.7306430339813,8724,6012,11276,-102,-195,109,7220,-9308,10412,-24,127,-234,-13816,4172,5880,-1018,116,-136,-14144,-4848,5984,-517,168,-94,0
297.76420307159424,8780,5988,11488,-98,-182,113,7356,-9256,10368,-18,86,-232,-13588,4204,5724,-981,146,-139,-14084,-4848,6120,-505,180,-77,0
297.7977719306946,8812,6116,11448,-130,-126,102,7276,-9216,10432,-62,114,-223,-13604,4076,5852,-991,140,-61,-14204,-4728,6012,-519,113,-97,0
297.831246137619,8880,6012,11424,-124,-119,87,7276,-9288,10404,-49,169,-167,-13728,4012,6084,-1032,67,-60,-14136,-4744,6068,-767,96,-166,0
297.86488604545593,8948,6000,11476,-175,-86,76,7280,-9212,10732,-254,181,-164,-13608,4000,5924,-1011,72,-109,-14120,-4836,6120,-489,143,-132,0
297.89817905426025,8924,6136,11472,-125,-33,90,7224,-9260,10492,-102,175,-160,-13708,4128,5784,-957,103,-86,-14152,-4756,5940,-493,142,-104,0
297.93180799484253,8888,6040,11300,-150,-63,64,7380,-9240,10328,-56,153,-190,-13800,4264,5744,-1006,84,-126,-14148,-4720,6048,-494,152,-128,0
297.96544909477234,8904,6020,11348,-141,-82,103,7280,-9124,10268,-76,148,-120,-13668,4128,5940,-1040,87,-43,-14052,-4972,6152,-486,101,-137,0
297.99926114082336,8876,6148,11388,-115,15,107,7236,-9012,10428,-58,176,-112,-13592,3992,5904,-989,72,-256,-14048,-4800,6152,-485,73,-141,0
298.03294014930725,8832,6128,11416,-147,-13,64,7164,-9292,10348,-128,169,-166,-13672,4144,5772,-981,85,-45,-14044,-4652,6360,-501,101,-134,0
298.0666401386261,8800,6120,11424,-120,-41,80,7208,-9368,10428,-66,132,-168,-13640,4152,5784,-1017,100,-65,-14304,-4844,6128,-488,167,-132,0
298.1003119945526,8736,6036,11560,-138,-76,110,7204,-9240,10460,-58,127,-180,-13708,4176,5696,-989,130,-64,-14112,-4672,5964,-510,156,-95,0
298.1336479187012,8764,5988,11328,-142,-69,107,7192,-9276,10716,-118,143,-176,-13548,4080,5928,-971,142,-79,-14148,-4876,6052,-500,149,-106,0
298.16691994667053,8780,5936,11564,-107,-98,87,7192,-9268,10532,-112,137,-179,-13600,4108,6124,-924,114,-90,-13904,-4756,6124,-547,119,-115,0
298.2034521102905,8908,5980,11424,-120,-95,101,7264,-9312,10420,-85,153,-199,-13800,4192,6020,-959,113,-75,-14112,-4644,6100,-542,103,-156,0
298.2396321296692,8948,6064,11408,-105,-53,64,7240,-9312,10504,-78,161,-165,-13732,4144,5872,-938,84,-73,-14084,-4880,6096,-546,54,-136,0
298.2751839160919,9128,6160,11496,-92,-56,80,7364,-9268,10348,-89,159,-140,-13664,4224,5844,-941,107,-40,-13892,-4612,6084,-554,84,-144,0
298.3108401298523,8808,6000,11384,-89,-76,67,7236,-9292,10492,-93,141,-176,-13600,3872,6056,-929,73,-54,-14028,-4756,6220,-575,92,-147,0
298.3461289405823,8852,6004,11448,-88,-93,57,7176,-9304,10436,-93,192,-162,-13612,4048,5644,-920,74,-107,-14148,-4800,6188,-580,105,-160,0
298.38191509246826,8828,6144,11396,-93,-124,39,7288,-9264,10496,-86,157,-177,-13648,4252,6112,-929,83,-51,-14148,-4988,6072,-551,89,-131,0
298.41809606552124,8792,6148,11360,-61,-143,54,7200,-9260,10336,-54,153,-189,-13512,4348,5644,-900,136,-40,-14040,-4620,6196,-587,103,-117,0
298.4533989429474,8508,5900,11264,-67,-136,45,7244,-9348,10532,-95,111,-207,-13548,4088,5832,-878,132,-99,-14072,-4936,6228,-579,62,-143,0
298.48923110961914,8804,6076,11496,-94,-121,46,7204,-9220,10464,-117,99,-202,-13704,4180,6020,-902,102,-61,-14132,-4852,6192,-571,62,-121,0
298.5249750614166,9104,6188,11408,-59,-151,66,7580,-9404,10456,-25,58,-186,-13596,4196,6072,-889,87,-41,-14060,-4960,6328,-604,69,-144,0
298.5606780052185,8868,6312,11428,-81,-132,72,7192,-9188,10456,-44,138,-189,-13676,4124,5872,-879,109,-57,-14096,-4776,6128,-624,68,-154,0
298.5960919857025,8892,6120,11300,-78,-151,94,7224,-9280,10440,-110,118,-167,-13620,4176,5964,-869,89,-42,-14336,-4792,6208,-611,102,-136,0
298.63181710243225,8776,6016,11336,-122,-117,57,7184,-9292,10416,-77,144,-191,-13616,4096,5832,-841,106,-109,-14052,-4796,6212,-599,121,-129,0
298.6674370765686,8880,6100,11336,-86,-101,85,7284,-9404,10432,-79,127,-173,-13800,4096,5820,-854,129,-49,-13840,-5016,6184,-588,111,-123,0
298.7023730278015,8892,5984,11416,-104,-102,118,7224,-9224,10304,-41,111,-162,-13628,4252,5940,-845,138,-60,-14116,-4868,6172,-611,92,-168,0
298.7381360530853,8784,6132,11428,-120,-105,111,7136,-9336,10388,-112,109,-178,-13640,4216,5768,-839,135,-67,-14144,-4780,6116,-613,129,-148,0
298.77372097969055,8876,6388,11068,-88,-80,98,7220,-9296,10244,-95,102,-182,-13680,4204,5900,-811,153,-78,-13848,-4856,6348,-608,119,-148,0
298.80890798568726,8784,6092,11220,-104,-91,105,7292,-9224,10488,-49,103,-182,-13532,4268,5832,-855,153,-127,-14112,-4876,6116,-633,154,-141,0
298.8456959724426,8720,6108,11412,-120,-107,103,7304,-9380,10420,-70,62,-192,-13624,4164,5924,-859,197,-50,-14180,-4868,6008,-600,151,-134,0
298.8792541027069,8884,6176,11388,-123,-122,117,7280,-9340,10372,-74,56,-209,-13676,4196,5720,-817,151,-57,-14104,-4984,6312,-602,119,-147,0
298.9126300811768,8800,6068,11400,-130,-41,85,7212,-9408,10396,-90,89,-189,-13624,4224,6040,-801,144,-110,-14148,-4884,6076,-629,155,-145,0
298.94605803489685,8896,6132,11412,-121,-68,77,6992,-9372,10412,-57,94,-218,-13608,4332,5808,-859,98,-102,-14076,-4708,6064,-612,142,-169,0
298.97992992401123,8824,6120,11292,-100,-85,106,7192,-9284,10428,-67,94,-181,-13628,4300,5736,-889,134,-87,-13992,-4952,6348,-588,91,-161,0
299.0133399963379,8940,6168,11372,-151,-44,117,7160,-9368,10252,-104,29,-177,-13824,4316,5684,-846,153,-41,-13996,-4964,6336,-567,65,-161,0
299.0469789505005,8944,5960,11412,-174,-47,140,7280,-9364,10008,-129,47,-170,-13632,4216,5916,-882,152,-47,-13860,-4884,6240,-587,109,-179,0
299.0805389881134,8768,6224,11020,-112,-256,138,7236,-9268,10472,-120,40,-168,-13620,4364,5964,-968,134,-67,-14068,-4896,6160,-562,80,-154,0
299.1141550540924,8916,6196,11292,-117,7,117,7268,-9396,10248,-75,81,-127,-13804,4524,5732,-971,142,-94,-13920,-4984,6336,-544,133,-138,0
299.1477279663086,8796,6164,11476,-126,8,104,7416,-9320,10368,-78,77,-160,-13736,4252,5884,-978,98,-106,-14016,-5044,6152,-542,153,-115,0
299.1812319755554,8796,6216,11216,-145,-9,105,7308,-9252,10412,-76,87,-158,-13720,4232,5812,-939,118,-89,-14016,-4896,6188,-551,119,-135,0
299.21462297439575,8744,6332,11476,-147,-67,65,7344,-9560,10204,-84,149,-170,-13796,4340,5820,-971,43,-74,-14124,-4816,6152,-538,121,-163,0
299.24811911582947,8804,6048,11344,-174,-50,77,7300,-9380,10360,-21,162,-167,-13624,4220,5808,-935,15,-59,-14056,-5004,6336,-519,153,-145,0
299.28184700012207,8832,6376,11392,-148,2,78,7332,-9412,10448,-83,167,-152,-13576,4172,5676,-981,23,-57,-14256,-5080,5912,-503,116,-149,0
299.3156180381775,8800,6332,11456,-158,-36,24,7240,-9324,10304,-98,191,-131,-13800,4124,5820,-977,54,-58,-13832,-4908,6392,-494,123,-133,0
299.3492169380188,8456,5888,11464,-159,254,67,7220,-9452,10352,-67,191,-126,-13572,4420,5740,-990,46,-72,-14080,-4888,6232,-483,145,-148,0
299.38264894485474,8628,6060,11500,-120,8,68,7136,-9336,10332,-63,143,-136,-13720,4408,5804,-1039,76,-107,-13960,-5056,6532,-506,141,-129,0
299.416198015213,8468,6120,11300,-159,8,87,6912,-9356,10372,-50,111,-140,-13640,4320,6132,-999,84,-91,-13944,-4992,6220,-264,143,-141,0
299.4498040676117,8636,5936,11696,-130,-67,87,7212,-9452,10312,-89,162,-180,-13616,4372,5664,-971,98,-88,-14008,-4892,6252,-484,148,-123,0
299.4836001396179,8732,6176,11348,-72,-59,91,7304,-9376,10440,-14,130,-154,-13820,4336,5928,-774,82,-77,-14004,-5064,6072,-517,155,-129,0
299.5172519683838,8740,6044,11408,-116,-50,118,7180,-9424,10376,-31,120,-157,-13672,4272,5788,-1032,100,-81,-14040,-4912,6148,-547,156,-117,0
299.55080008506775,8788,6212,11312,-108,-82,113,7156,-9364,10336,-28,149,-188,-13576,4320,5816,-1023,97,-124,-14008,-5048,6204,-505,172,-130,0
299.5844340324402,8836,6388,11392,-89,-73,78,7320,-9436,10284,-36,120,-186,-13668,4388,5744,-1003,79,-119,-14204,-4940,6108,-492,163,-124,0
299.6180901527405,8824,6112,11752,-92,-67,77,7348,-9368,10356,-49,178,-178,-13720,4292,5804,-1001,98,-142,-14264,-4708,6100,-472,152,-124,0
299.6516981124878,8848,5888,11324,-139,-72,69,7268,-9276,10288,-20,163,-153,-13620,4112,5752,-1037,95,-113,-13896,-4948,6184,-500,182,-85,0
299.6851649284363,8796,6224,11432,-139,-82,121,7260,-9424,10320,-38,132,-183,-13668,4268,5816,-990,97,-103,-13960,-5000,6212,-471,166,-69,0
299.7186229228973,8788,6196,11472,-174,-101,105,7236,-9436,10304,-23,138,-196,-13668,4304,5936,-997,125,-108,-13852,-4952,6356,-487,193,-64,0
299.7520890235901,8688,6072,11512,-133,-114,118,7316,-9356,10260,-19,142,-213,-13668,4420,5864,-1013,168,-148,-14276,-4832,6272,-498,238,-59,0
299.7856929302216,8660,6224,11456,-124,-155,117,7204,-9448,10300,15,147,-226,-13668,4524,5652,-1278,148,-180,-14028,-4888,6336,-505,236,-103,0
299.8193030357361,8760,6080,11356,-122,-166,123,7284,-9444,10332,20,127,-228,-13572,4376,5720,-1008,140,-201,-13968,-4900,6308,-492,219,-74,0
299.8528089523316,8784,5924,11320,-126,-160,138,7172,-9400,10320,14,93,-253,-13608,4284,5852,-1008,164,-185,-14120,-5008,6288,-476,240,-61,0
299.8897180557251,8756,6192,11512,-149,-178,120,7296,-9392,10364,27,96,-228,-13740,4264,5724,-999,156,-148,-13856,-4912,6184,-510,173,-33,0
299.9255020618439,8824,6220,11444,-139,-221,134,7316,-9408,10324,43,148,-208,-13628,4316,6116,-1073,144,-131,-14052,-5008,6224,-507,203,-93,0
299.9617431163788,8808,6060,11320,-168,-173,139,7300,-9328,10440,45,142,-193,-13684,4256,5752,-1046,139,-178,-14096,-4944,6220,-508,181,-45,0
299.99762201309204,8760,6152,11408,-137,-176,132,7244,-9340,10252,30,159,-217,-13656,4132,5888,-770,161,-155,-14152,-4908,5992,-496,196,-46,0
300.03294801712036,8856,6184,11552,-124,-187,110,7432,-9352,10388,20,78,-255,-13780,4344,5884,-1006,162,-162,-14168,-4796,6248,-476,203,-50,0
300.06877613067627,8820,6064,11440,-186,-153,127,7376,-9300,10328,19,127,-215,-13768,4196,5784,-1035,151,-157,-14144,-5080,6188,-507,178,-74,0
300.1041140556336,8864,6224,11256,-134,-112,142,7324,-9416,10520,37,133,-159,-13580,4284,5740,-1013,132,-115,-14088,-4984,6164,-467,95,-70,0
300.14020705223083,8736,6220,11424,-159,-142,130,7272,-9392,10524,8,93,-187,-13600,4260,5688,-997,140,-107,-13992,-5032,5892,-510,169,-63,0
300.17545914649963,8812,6204,11372,-116,-168,94,7220,-9348,10544,252,72,-226,-13620,4236,5900,-981,135,-157,-14072,-4852,6136,-521,198,-95,0
300.2108781337738,8748,6028,11344,-134,-150,130,7264,-9340,10428,6,102,-212,-13504,4240,5676,-1037,165,-161,-13968,-5012,6156,-257,225,-81,0
300.2462389469147,8756,6152,11416,-121,-169,114,7208,-9356,10360,-22,83,-230,-13680,4300,5648,-1002,127,-191,-14076,-5072,6268,-767,173,-86,0
300.2821259498596,8836,6384,11056,-142,-148,98,7304,-9340,10296,-51,126,-221,-13644,4248,5816,-996,150,-91,-13884,-4940,6076,-508,159,-97,0
300.3180570602417,8968,6080,11260,-122,-64,80,7340,-9296,10428,-57,146,-181,-13784,4292,5820,-998,98,-97,-14152,-4900,6248,-495,145,-136,0
300.3537030220032,8932,6160,11204,-109,-46,46,7316,-9384,10168,-54,142,-186,-13672,4128,5792,-1017,94,-88,-14176,-4980,6152,-512,103,-151,0
300.3892550468445,8848,6172,11152,-114,-50,72,7312,-9316,10368,-73,143,-162,-13564,4232,5820,-995,98,-65,-14144,-4748,6112,-505,130,-123,0
300.42453813552856,8888,6384,11424,-93,-45,70,7252,-9364,10504,-93,150,-179,-13684,4232,5776,-995,86,-42,-14148,-4996,6156,-483,69,-146,0
300.46089601516724,8960,6108,11444,-112,-26,73,7352,-9372,10260,-68,151,-140,-13716,4292,5644,-1005,57,-48,-14220,-4848,5928,-549,77,-161,0
300.495532989502,8800,6380,11460,-89,-3,48,7288,-9256,10344,-5,161,-145,-13580,4116,5808,-1001,111,-113,-13996,-5020,6248,-483,101,-132,0
300.5324001312256,8672,6288,11416,-81,14,48,7300,-9408,10460,-106,142,-176,-13364,4248,5784,-993,108,-104,-13928,-4956,6328,-487,97,-140,0
300.5659849643707,8808,6168,11480,-118,-56,42,7288,-9392,10332,-87,134,-167,-13632,4144,5872,-1000,75,-78,-14244,-5108,6328,-507,86,-126,0
300.59983491897583,8748,5912,11300,-112,-11,92,7292,-9300,10304,-63,122,-146,-13648,4308,5840,-965,113,-30,-14152,-4920,6088,-515,53,-118,0
300.63328194618225,8820,6184,11076,-107,36,86,7260,-9368,10288,-86,145,-132,-13716,4208,5816,-1021,93,-34,-14028,-4944,6188,-523,114,-135,0
300.666827917099,8744,6200,11388,-129,46,76,7172,-9340,10304,-67,178,-125,-13616,4164,5796,-1020,128,-49,-14024,-4944,6328,-489,92,-118,0
300.70039105415344,8896,6312,11448,-118,-13,64,7392,-9368,10420,-52,181,-142,-13608,4324,6112,-1053,113,-119,-13828,-4956,6328,-489,120,-111,0
300.73379397392273,8752,6208,11428,-127,-16,57,7216,-9212,10408,-21,160,-163,-13696,4208,5736,-1049,88,-106,-14136,-4896,6264,-493,88,-148,0
300.7671010494232,8844,6232,11492,-145,52,34,7276,-9400,10484,-38,171,-169,-13628,4364,5844,-772,113,-86,-13852,-4920,6224,-486,131,-146,0
300.80076694488525,8804,6360,11340,-188,37,70,7232,-9400,10344,-16,122,-145,-13612,4288,5788,-1085,165,-92,-13836,-4900,6184,-469,114,-123,0
300.83437299728394,8720,6184,11480,-171,44,87,7276,-9392,10264,-36,142,-156,-13752,4236,5736,-1056,128,-83,-14120,-4948,6228,-463,154,-101,0
300.8682110309601,8868,6004,11324,-154,15,88,7368,-9312,10336,-44,164,-133,-13704,4364,5692,-1059,117,-108,-13956,-4940,6312,-449,138,-143,0
300.901242017746,8764,6128,11372,-154,-3,69,7412,-9308,10508,-38,177,-172,-13796,4268,5768,-1048,129,-130,-13972,-4960,6228,-496,123,-138,0
300.9353051185608,8696,6212,11308,-124,-250,42,7184,-9372,10432,-58,150,-174,-13624,4348,5664,-1034,124,-124,-14020,-5052,5952,-499,136,-118,0
300.9689190387726,8928,6180,11352,-157,-9,62,7232,-9408,10324,-44,164,-161,-13632,4332,5720,-1013,134,-140,-13840,-4940,6348,-472,147,-89,0
301.0024359226227,8724,6308,11464,-149,-6,110,7212,-9368,10364,-58,131,-157,-13812,4148,5840,-1040,132,-49,-14068,-4996,6156,-475,127,-91,0
301.0361840724945,8752,6200,11492,-159,-255,77,7332,-9352,10408,-42,135,-154,-13716,4252,5708,-1051,160,-69,-14196,-4940,6328,-485,150,-99,0
301.06982612609863,8712,6212,11336,-163,-32,102,7252,-9384,10404,-33,126,-174,-13604,4284,5876,-1041,154,-80,-14028,-4908,6272,-492,147,-107,0
301.1032419204712,8796,6216,11472,-152,5,92,6988,-9320,10392,-40,155,-177,-13684,4332,5852,-1046,170,-125,-14004,-4976,6216,-474,156,-88,0
301.14097714424133,8552,6176,11452,-146,-54,106,7248,-9380,10340,-50,128,-158,-13644,4240,5744,-1019,181,-117,-14056,-4968,6176,-495,138,-74,0
301.1746881008148,8480,6216,11452,-122,-15,100,7252,-9420,10424,-29,183,-178,-13724,4244,5772,-1051,167,-63,-14160,-4920,6160,-764,133,-93,0
301.2082009315491,8696,6160,11316,-110,-21,97,7204,-9332,10340,-43,121,-151,-13596,4232,5816,-1066,209,-85,-14060,-4892,6236,-549,70,-75,0
301.24131894111633,8608,6000,11664,-139,29,102,7256,-9372,10332,-53,97,-173,-13580,4312,5644,-1036,220,-88,-14012,-4808,6244,-548,86,-87,0
301.27477192878723,8648,6192,11416,-101,-51,100,7180,-9376,10368,-47,103,-161,-13656,4292,5812,-985,216,-98,-13964,-4892,6348,-577,92,-130,0
301.3084011077881,8676,6164,11444,-55,-95,108,6936,-9448,10356,-55,117,-182,-13824,4280,5852,-965,207,-98,-14052,-4852,6228,-563,133,-121,0
301.3417270183563,8452,6200,11520,-112,-76,108,7288,-9428,10248,-45,98,-186,-13776,4308,5672,-992,160,-79,-14044,-4860,6424,-576,113,-113,0
301.3751931190491,8652,6136,11356,-66,-120,109,7304,-9364,10464,-99,84,-208,-13804,4260,5716,-917,162,-88,-13860,-4936,6288,-609,43,-126,0
301.40860199928284,8748,5892,11576,-44,-163,78,7148,-9408,10380,-88,90,-179,-13792,4396,5704,-935,143,-99,-13852,-5088,6168,-697,24,-137,0
301.44195103645325,8660,6156,11740,-65,-186,101,7272,-9432,10376,-73,53,-177,-13988,4284,5740,-959,82,-94,-13928,-4844,6264,-650,96,-145,0
301.47553992271423,8652,6252,11552,-42,-198,106,7408,-9392,10472,-131,45,-220,-13688,4236,5708,-919,74,-102,-14080,-5032,6228,-659,73,-133,0
301.50921392440796,8688,6212,11752,-30,-274,60,7212,-9416,10400,-89,65,-235,-13700,4340,5656,-905,13,-87,-14060,-5028,6116,-631,208,-146,0
301.5421380996704,8732,6208,11552,-75,-274,124,7292,-9388,10464,-67,46,-222,-13588,4340,5584,-913,84,-98,-14048,-4940,6284,-646,141,-116,0
301.58035802841187,8464,6180,11312,-89,-185,160,7344,-9332,10356,-51,8,-185,-13624,4352,5844,-883,84,-50,-13956,-5036,6372,-665,79,-152,0
301.61546897888184,8680,6296,11408,-113,-211,127,7288,-9428,10328,-96,25,-229,-13692,4296,5680,-885,125,-99,-14008,-5020,6312,-652,96,-111,0
301.651046037674,8656,6164,11124,-103,-191,148,7296,-9228,10484,-72,13,-245,-13704,4304,5876,-939,113,-144,-14000,-4892,6364,-635,191,-123,0
301.6861970424652,8676,6296,11412,-109,-239,157,7348,-9700,10316,-27,24,-233,-13496,4312,5720,-936,154,-171,-13988,-4960,6304,-651,199,-94,0
301.7217600345612,8692,6208,11328,-78,-224,138,7336,-9448,10224,-32,-13,-1,-13696,4272,5580,-908,157,-137,-13900,-4900,6280,-632,164,-97,0
301.7576880455017,8800,6240,11204,-102,-265,157,7288,-9428,10276,-50,2,-236,-13764,4288,5660,-942,169,-116,-14060,-4980,6240,-668,121,-99,0
301.79274702072144,8796,6208,11320,-66,-177,147,7380,-9460,10196,-119,-25,-243,-13840,4356,5740,-940,124,-69,-13972,-5052,6360,-675,208,-83,0
301.8280739784241,6684,5624,12096,444,-164,147,7368,-9400,10352,-42,-11,-200,-13688,4236,5864,-957,112,-110,-14260,-5116,6200,-616,129,-86,0
301.86376905441284,8848,6292,11600,-70,-203,135,7356,-9352,10260,-55,64,-210,-13684,4196,5784,-1035,111,-116,-14068,-4992,6176,-760,183,-66,0
301.8992850780487,8768,6320,11356,-119,-261,141,7276,-9376,10308,-16,140,-195,-13676,4596,5692,-1043,92,-114,-13916,-4968,6232,-448,235,-83,0
301.9348721504212,8800,6188,11372,-146,-208,98,7304,-9432,10000,15,139,-208,-13664,4344,5452,-1017,87,-155,-14332,-4952,6224,-488,189,-93,0
301.9700720310212,8868,6156,11408,-106,-213,94,7344,-9380,10428,-18,118,-190,-13652,4292,5648,-988,90,-131,-14040,-5016,6192,-501,136,-97,0
302.0053539276123,8756,6164,11336,-70,-175,104,7424,-9368,10100,-22,118,-205,-13628,4320,5784,-780,125,-182,-13972,-5004,6124,-483,149,-100,0
302.0402431488037,8812,6324,11172,-67,-174,76,7376,-9428,10284,-41,117,-215,-13572,4148,5676,-772,91,-141,-13976,-5040,6268,-462,137,-72,0
302.07565808296204,8888,6256,11140,-91,-118,79,7272,-9380,10176,-73,153,-183,-13692,4128,5484,-1038,69,-102,-14052,-4896,6072,-438,132,-118,0
302.1108751296997,8868,6380,11308,-108,-84,69,7500,-9408,10288,-58,176,-164,-13708,4328,5704,-1043,4,-77,-14032,-4880,6276,-435,120,-131,0
302.1471221446991,8936,6236,11380,-117,-43,43,7412,-9344,10388,-21,189,-137,-13692,4284,5740,-1036,5,-81,-13992,-4988,6172,-412,137,-101,0
302.182382106781,8776,6300,11320,-107,-18,71,7352,-9356,10244,-74,174,-134,-13740,4268,5644,-1029,2,-97,-13928,-5032,6340,-388,129,-118,0
302.218554019928,8768,6208,11292,-106,-72,48,7332,-9712,10208,-47,197,-174,-13708,4292,5784,-999,12,-109,-13952,-4916,6272,-371,151,-133,0
302.25203704833984,8784,6204,11488,-120,-31,71,7280,-9368,10164,-54,186,-139,-13752,4220,5836,-1048,-6,-53,-14008,-4960,6328,-405,129,-149,0
302.2856979370117,8724,6320,11256,-115,-27,70,7272,-9368,10260,-23,199,-137,-13680,4256,6140,-1049,-62,-40,-14036,-5012,5952,-359,137,-136,0
302.3193271160126,8748,6220,11364,-163,-57,49,7348,-9380,10440,-28,259,-124,-13600,4132,5836,-1095,-73,-72,-13904,-5012,6236,-323,170,-117,0
302.35260105133057,8920,6308,11240,-185,-90,30,7368,-9424,10324,-31,0,-159,-13660,4276,5664,-1073,-79,-111,-13900,-4932,6256,-357,213,-126,0
302.3857889175415,8884,6280,11424,-175,-70,52,7272,-9432,10352,15,267,-143,-13596,4308,5660,-1042,-70,-123,-14064,-5056,6256,-354,176,-148,0
302.41936707496643,8732,6216,11412,-161,-38,74,7252,-9416,10268,10,192,-169,-13316,4348,5688,-1026,-25,-125,-13876,-4992,6344,-406,193,-145,0
302.4530739784241,8716,6236,11496,-157,-101,49,7348,-9668,10316,-17,202,-169,-13716,4292,5612,-1031,8,-99,-13976,-4996,6316,-410,176,-140,0
302.4866111278534,8792,6308,11516,-158,-65,77,7288,-9544,10288,-58,194,-172,-13636,4260,5708,-1049,9,-87,-14008,-5008,6012,-417,184,-118,0
302.52027106285095,8800,6308,11328,-149,-49,84,7228,-9436,10360,-10,210,-159,-13696,4596,5640,-1019,29,-77,-14012,-4944,6072,-427,145,-86,0
302.55374908447266,8832,6280,11236,-153,-54,50,7320,-9636,10376,-26,179,-154,-13576,4268,6124,-1048,33,-107,-14072,-5120,6272,-470,124,-116,0
302.5873050689697,8768,6300,11264,-113,-20,72,7224,-9372,10280,-12,151,-158,-13520,4196,5740,-1039,55,-90,-14052,-4988,6320,-475,72,-101,0
302.6208200454712,8844,6292,11348,-94,-30,80,7332,-9432,10336,-73,170,-157,-13660,4212,5796,-1039,88,-127,-14064,-4956,6256,-506,108,-141,0
302.65429306030273,8756,6224,11276,-96,-10,59,7188,-9472,10372,-64,166,-143,-13420,4332,6076,-1053,77,-93,-13988,-5088,6196,-518,64,-106,0
302.68791699409485,8588,6336,11320,-113,252,79,7364,-9236,10372,-36,165,-160,-13352,4244,5732,-1055,95,-63,-14028,-4940,6200,-504,123,-102,0
302.72158694267273,8808,6260,11176,-136,-37,73,6976,-9464,10356,-49,155,-174,-13520,4120,5888,-1015,120,-79,-13924,-5112,6364,-493,117,-84,0
302.7549080848694,8464,6304,11452,-164,-66,100,7280,-9408,10348,-40,157,-191,-13672,4308,5912,-1007,113,-129,-13976,-5012,6368,-488,145,-89,0
302.78824496269226,8916,6216,11104,-130,-95,105,7300,-9232,10352,-39,123,-170,-13720,4596,5920,-1034,103,-108,-13980,-5040,6376,-529,123,-110,0
302.8218479156494,8740,6184,11424,-155,-69,66,7276,-9476,10352,-19,164,-180,-13452,4324,5940,-1036,96,-94,-13968,-4988,6316,-522,154,-139,0
302.8553810119629,8928,6272,11320,-117,-22,88,7320,-9344,10232,-45,114,-152,-13548,4256,5712,-1034,103,-52,-14140,-4936,6256,-534,111,-95,0
302.8886890411377,8696,6276,11480,-124,-58,64,7184,-9304,10484,-81,153,-193,-13632,4564,5688,-1005,93,-43,-14028,-4968,6180,-260,163,-127,0
302.9224021434784,8704,6292,11456,-154,-9,58,7292,-9452,10088,-16,150,-168,-13776,4264,5796,-1020,137,-88,-14036,-4892,6300,-492,152,-118,0
302.9559121131897,8472,6340,11392,-133,-33,96,7268,-9444,10140,-2,172,-135,-13632,4264,5984,-1278,129,-110,-14044,-4936,6300,-483,152,-116,0
302.9894380569458,8716,6348,11416,-170,-1,88,7268,-9564,10224,-53,180,-128,-13552,4276,5844,-998,127,-110,-13872,-5056,6296,-500,128,-112,0
303.0229890346527,8712,6256,11440,-148,-24,51,7240,-9488,10276,-62,158,-172,-13816,4292,5856,-994,102,-91,-13904,-5012,6280,-475,127,-116,0
303.0565481185913,8648,6256,11324,-143,-78,73,7184,-9504,10272,-17,173,-189,-13636,4236,6084,-775,75,-95,-14072,-4960,6208,-494,171,-152,0
303.09006810188293,8708,6280,11388,-157,-43,92,7128,-9468,10304,27,145,-198,-13684,4292,5860,-1271,120,-70,-13968,-4988,6360,-518,198,-99,0
303.12376713752747,8628,6248,11352,-128,-44,91,7284,-9396,10308,-7,143,-193,-13332,4192,5832,-1014,147,-124,-14052,-4952,6168,-502,199,-95,0
303.1571469306946,8904,6360,11336,-149,-76,96,7256,-9432,10268,-20,130,-176,-13800,4212,5900,-1279,151,-147,-14016,-4920,6200,-493,171,-112,0
303.19062304496765,8520,6272,11268,-150,5,63,7372,-9248,10256,-18,177,-172,-13668,4308,5732,-1033,130,-158,-13980,-4940,6248,-486,186,-123,0
303.22386598587036,8668,6332,11332,-173,-41,78,7324,-9264,10396,-15,176,-197,-13572,4216,5824,-999,112,-145,-13844,-4904,6372,-487,161,-111,0
303.2612760066986,8596,6348,11468,-127,-16,68,7220,-9412,10392,5,149,-200,-13644,4160,5860,-1030,78,-131,-13996,-4952,6456,-491,165,-151,0
303.2975389957428,8672,6172,11464,-114,-75,28,7348,-9400,10136,-13,212,-202,-13692,4296,5984,-1010,46,-121,-13928,-4980,6360,-469,126,-164,0
303.3327579498291,8932,6268,11268,-185,-43,30,7280,-9408,10268,15,290,-149,-13532,4336,5672,-1016,68,-19,-14044,-4836,6408,-424,123,-121,0
303.3676869869232,8588,6260,11424,-240,-42,90,7112,-9252,10296,-6,144,-90,-13532,4312,5936,-769,138,-51,-13840,-4980,6336,-427,158,-72,0
303.4034631252289,8624,6376,11268,-234,-79,169,7088,-9440,10440,-19,66,-135,-13500,4276,5916,-1042,231,-86,-13912,-4928,6304,-491,181,-32,0
303.4393479824066,8592,6372,11332,-141,-84,224,7020,-9336,10384,-32,37,-155,-13352,4284,5896,-1037,2,-104,-14284,-4880,6280,-509,209,2,0
303.4743721485138,8548,6260,11388,-131,-122,206,7288,-9420,10260,-57,67,-166,-13612,4180,5880,-933,504,-97,-14144,-5036,6280,-498,177,-44,0
303.5101339817047,8652,6172,11384,-180,-73,141,7384,-9464,10268,27,172,-180,-13784,4308,5840,-1041,202,-60,-13872,-4872,6256,-498,94,-76,0
303.5455250740051,8756,6208,11700,-192,-32,108,7348,-9488,10224,20,152,-145,-13764,4224,5796,-1045,148,-96,-14096,-4908,6280,-471,117,-100,0
303.58159494400024,8772,6196,11188,-162,-22,73,7172,-9288,10320,3,187,-144,-13680,4120,5880,-1277,139,-53,-14072,-4832,6276,-459,79,-116,0
303.6175320148468,8732,6240,11504,-188,-43,69,7288,-9528,10352,-50,167,-167,-13644,4308,5384,-984,140,-64,-13936,-5108,6252,-420,137,-122,0
303.65230202674866,8780,6256,11464,-211,-11,76,7296,-9512,10252,-24,150,-181,-13676,4272,5656,-997,157,-91,-13956,-4724,6256,-471,156,-115,0
303.6875159740448,8564,6092,11552,-183,-5,94,7076,-9252,10320,-22,159,-159,-13636,4280,5928,-1058,163,-66,-14068,-4984,6212,-463,116,-81,0
303.7234139442444,8492,6260,11500,-182,-33,92,7068,-9432,10392,7,139,-163,-13596,4548,6032,-1030,170,-40,-13888,-5028,6484,-258,112,-115,0
303.75914692878723,8512,6368,11588,-159,-89,107,7136,-9464,10236,13,142,-187,-13364,4372,5892,-1029,141,-130,-14080,-4908,6444,-543,157,-119,0
303.79416394233704,8560,6392,11440,-160,-103,105,7080,-9448,10324,21,149,-200,-13688,4220,5916,-780,168,-132,-13916,-4988,6428,-529,214,-83,0
303.829715013504,8556,6348,11496,-152,-122,119,7108,-9416,10412,25,131,-224,-13824,4284,6076,-1033,187,-162,-13984,-4692,6344,-549,220,-101,0
303.864853143692,8476,6256,11336,-133,-200,125,6968,-9400,10292,17,123,-244,-13648,4280,5660,-1005,216,-163,-13956,-5016,6196,-513,250,-51,0
303.9008529186249,8464,6256,11348,-180,-179,133,7292,-9372,10248,39,134,-503,-13564,4204,5820,-1012,503,-122,-14100,-5088,6292,-496,224,-74,0
303.9343590736389,8904,6172,11492,-171,-206,105,7324,-9372,10244,28,133,-1,-13992,4252,5824,-1024,218,-172,-14156,-4636,6296,-478,243,-52,0
303.96796202659607,8752,6320,11080,-186,-172,130,7172,-9620,10444,60,185,-227,-13612,4200,5692,-1026,178,-180,-14096,-4908,6320,-465,206,-41,0
304.00153708457947,8684,6256,11308,-183,-179,119,7312,-9308,10320,35,153,-215,-13688,4100,5728,-1012,197,-154,-14128,-4880,6192,-493,192,-54,0
304.0351090431213,8768,6184,11412,-171,-185,130,7224,-9424,10276,31,143,-203,-13748,4312,5916,-993,196,-133,-14088,-4880,6200,-501,192,-70,0
304.068480014801,8700,6200,11372,-194,-151,131,7288,-9320,10452,60,143,-195,-13796,4332,5776,-1018,150,-146,-13976,-4904,6428,-501,190,-45,0
304.1019570827484,8748,6236,11332,-197,-100,147,7124,-9500,10324,33,153,-191,-13700,4268,5792,-1017,182,-80,-13968,-4820,6264,-508,152,-47,0
304.13528203964233,8592,6272,11688,-165,-138,163,6960,-9396,10352,43,94,-189,-13636,4108,5604,-989,185,-118,-14032,-4796,6396,-506,166,-84,0
304.16893315315247,8748,6364,11276,-162,-191,183,7200,-9404,10260,26,68,-208,-13824,4224,5840,-777,195,-152,-13988,-4872,6392,-497,173,-67,0
304.2024209499359,8880,5928,11408,-186,-168,165,7224,-9412,10344,9,74,-233,-13672,4248,5476,-987,222,-155,-13880,-4980,6232,-761,202,-67,0
304.236132144928,8768,6332,11468,-163,-197,157,7248,-9392,10348,-28,94,-221,-13708,4136,5812,-1000,206,-138,-13988,-4860,6308,-553,175,-114,0
304.26974391937256,8836,6216,11724,-175,-219,124,7288,-9432,10480,23,81,-226,-13716,4176,5856,-1040,131,-142,-14068,-4904,6424,-543,182,-82,0
304.3030140399933,8860,6192,11396,-193,-182,126,7272,-9300,10460,53,103,-270,-13792,4136,5668,-983,104,-138,-14072,-4948,6244,-535,158,-101,0
304.3366651535034,8756,6376,11384,-150,-178,82,7176,-9384,10276,18,90,-259,-13700,4200,5692,-949,116,-130,-14040,-4844,6320,-560,161,-113,0
304.37019896507263,8804,6208,11100,-122,-183,102,7336,-9220,10404,-47,84,-284,-13692,4224,5768,-932,152,-183,-14208,-4880,6312,-548,181,-101,0
304.4037311077118,8752,6124,11332,-122,-165,125,7328,-9312,10196,-26,57,-245,-13660,4172,5672,-935,113,-130,-14056,-4804,6088,-568,121,-103,0
304.4375660419464,8952,6280,11180,-80,-124,121,7332,-9268,10492,-86,95,-194,-13672,4204,5764,-951,144,-102,-13980,-4732,6252,-565,45,-147,0
304.4708299636841,8536,6240,11320,-117,-89,113,7376,-9248,10400,-89,40,-188,-13628,3900,5728,-918,63,-58,-14036,-4828,6244,-591,76,-170,0
304.50437211990356,8784,6216,11500,-90,-79,104,7292,-9436,10372,-115,77,-176,-13648,4176,5728,-933,36,-29,-13832,-5056,6212,-613,87,-219,0
304.5379719734192,8828,6396,11472,-83,-37,81,7264,-9580,10328,-72,64,-152,-13680,4080,5640,-914,-13,-54,-14080,-4772,6240,-559,115,-198,0
304.5717029571533,8800,6372,11348,-88,4,64,7292,-9340,10368,-71,87,-171,-13580,4284,5732,-926,3,-71,-13940,-4776,6336,-579,127,-213,0
304.6052839756012,8744,6284,11340,-97,-61,59,7216,-9404,10268,-82,93,-223,-13728,4200,5816,-930,-34,-104,-14020,-4968,6296,-563,151,-202,0
304.63865208625793,8464,6248,11368,-112,-34,37,7296,-9368,10220,-72,124,-215,-13700,4484,5876,-969,30,-110,-14104,-4856,6312,-766,131,-224,0
304.67216205596924,8708,6296,11496,-105,-93,46,7308,-9408,10524,-51,188,-186,-13720,4304,5816,-995,14,-109,-14024,-4932,6236,-501,169,-209,0
304.7056679725647,8632,6324,11352,-134,-53,43,7244,-9312,10256,-26,182,-194,-13344,4176,5832,-958,-19,-78,-14028,-5024,6224,-506,167,-204,0
304.7392740249634,8464,6360,11432,-145,-49,30,7232,-9356,10052,-27,205,-198,-13624,4232,5716,-965,5,-54,-14036,-4964,6336,-485,160,-162,0
304.7728679180145,8832,6320,11480,-170,-48,36,7360,-9348,10104,-43,237,-159,-13624,4220,5692,-967,-25,-97,-13976,-4944,6320,-422,151,-163,0
304.8060300350189,8944,6188,11440,-171,-50,68,7392,-9332,10260,-20,238,-150,-13620,4244,5796,-1001,-37,-135,-14064,-4880,6328,-414,168,-148,0
304.8398060798645,8804,6248,11328,-173,-75,62,7252,-9348,10660,245,271,-156,-13636,4164,5672,-1038,-39,-105,-14028,-4748,6280,-402,243,-117,0
304.87336707115173,8704,6336,11356,-173,-53,105,7316,-9360,10364,26,183,-143,-13620,4172,5756,-1077,10,-120,-13972,-5004,6232,-410,229,-96,0
304.9092650413513,8628,6244,11156,-181,-55,101,7304,-9260,10412,12,164,-172,-13672,4224,5828,-1043,24,-92,-13856,-5104,6248,-422,186,-113,0
304.94491505622864,8696,6256,11344,-157,-74,102,7320,-9360,10360,-12,184,-161,-13584,4236,6064,-1000,21,-63,-14020,-4872,6176,-456,149,-119,0
304.9805579185486,8724,6264,11288,-133,-43,95,7312,-9400,10348,15,166,-123,-13576,4232,5468,-1266,5,-104,-14068,-5004,6368,-458,116,-160,0
305.0158829689026,8500,6256,11444,-172,-65,88,7308,-9296,10292,14,193,-121,-13640,4260,5856,-987,58,-60,-13840,-4976,6172,-486,117,-113,0
305.0518400669098,8724,6296,11620,-143,-77,108,7280,-9304,10432,-47,190,-151,-13636,4320,5820,-982,58,-56,-13840,-4864,6288,-450,189,-90,0
305.0880060195923,8568,6216,11452,-171,-104,121,7320,-9448,10364,-16,129,-190,-13632,4332,5728,-1014,118,-102,-14048,-4868,6252,-453,214,-56,0
305.1233170032501,8588,6144,11604,-180,-128,139,7184,-9388,10348,9,150,-197,-13628,4220,6112,-991,76,-116,-13932,-5112,6648,-432,196,-64,0
305.15879797935486,8640,6080,11344,-188,-117,109,7404,-9320,10364,-5,166,-169,-13592,4304,5844,-982,64,-72,-13944,-4808,6280,-454,160,-87,0
305.1938979625702,8672,6296,11600,-192,-95,109,7236,-9428,10364,-17,142,-188,-13696,4276,5680,-966,85,-135,-14000,-4984,6424,-446,232,-111,0
305.2296230792999,8728,6168,11424,-193,-40,123,7272,-9348,10108,12,172,-189,-13676,4128,5888,-979,45,-131,-13960,-4984,6216,-465,287,-134,0
305.26498198509216,8928,5956,11740,-241,-102,115,7256,-9288,10288,4,198,-201,-13592,4164,5756,-998,88,-125,-14012,-4856,6212,-428,271,-108,0
305.30075907707214,8656,6228,11384,-188,-72,101,7260,-9344,10396,2,162,-200,-13724,4160,5868,-991,85,-113,-14040,-4872,6312,-398,278,-84,0
305.33610796928406,8468,6284,11380,-265,-104,107,7208,-9364,10496,36,178,-180,-13812,4240,5632,-1015,128,-118,-14036,-4840,6296,-395,276,-97,0
305.3719141483307,8576,6256,11384,-244,-70,110,7304,-9324,10392,34,225,-183,-13632,4312,5992,-997,91,-160,-14084,-4696,6208,-391,275,-92,0
305.40746808052063,8544,6180,11496,-252,-98,116,7332,-9360,10380,44,177,-182,-13580,4140,5888,-1037,97,-153,-13988,-5068,6288,-386,287,-137,0
305.4436631202698,8660,6192,11440,-324,-47,115,7212,-9320,10408,22,184,-157,-13672,4208,5844,-986,98,-132,-14052,-5020,6252,-396,268,-109,0
305.4790999889374,8636,6228,11420,-314,-28,92,7232,-9440,10344,32,225,-185,-13652,4232,5936,-1000,137,-150,-13964,-4660,6116,-413,3,-92,0
305.5141599178314,8600,5960,11452,-313,-67,118,6928,-9284,10376,5,183,-205,-13684,4316,5896,-1025,234,-96,-14300,-4888,6232,-418,322,-90,0
305.55024814605713,8744,6144,11520,-348,18,114,7180,-9308,10412,28,148,-206,-13660,4236,5796,-987,233,-94,-14292,-4644,6484,-435,13,-97,0
305.5855989456177,8748,6108,11500,-258,2,106,7192,-9380,10372,13,152,-178,-13596,4348,5664,-1006,226,-117,-14020,-4620,6352,-440,228,-96,0
305.6192820072174,8584,6120,11432,-6,-71,128,7216,-9364,10336,-2,160,-201,-13716,4212,5636,-968,209,-147,-13892,-4832,6208,-458,175,-90,0
305.65266394615173,8768,6376,11520,-220,-57,120,7284,-9336,10300,-53,184,-151,-13740,4304,5788,-923,149,-120,-14132,-4812,6216,-458,172,-106,0
305.6862411499024,8728,5924,11524,-227,-14,58,7300,-9380,10400,25,216,-136,-13632,4208,5428,-1028,99,-62,-14108,-4612,6300,-413,126,-120,0
305.7199101448059,8760,6132,11304,-149,27,86,7276,-9328,10300,25,155,-122,-13660,4172,5644,-1031,140,-67,-14080,-4896,6200,-478,92,-128,0
305.7536399364472,8744,6096,11300,-174,23,93,7276,-9328,10532,-47,198,-154,-13768,4212,5896,-974,141,-39,-14104,-4852,6152,-454,182,-140,0
305.788526058197,8472,6080,11480,-214,-38,62,7244,-9324,10512,-25,191,-162,-13584,4292,5716,-977,141,-99,-14316,-4804,6060,-416,214,-105,0
305.82238698005676,8732,6096,11576,-184,-55,105,7192,-9308,10444,-24,195,-171,-13616,4200,5716,-1279,131,-96,-14088,-4912,6260,-454,203,-73,0
305.8560380935669,8600,6204,11396,-196,-65,99,7228,-9340,10488,-15,178,-179,-13636,4276,5868,-957,124,-74,-14084,-4848,6248,-448,130,-121,0
305.88953399658203,8552,6040,11504,-146,-102,94,7132,-9420,10516,-69,152,-167,-13568,4196,5616,-1011,98,-108,-13884,-4908,6372,-459,136,-135,0
305.9231071472168,8440,6080,11948,160,-878,23,7140,-9252,10388,-60,176,-180,-13748,4208,5924,-984,125,-120,-14116,-4824,6144,-500,187,-126,0
305.9565050601959,8672,6048,11596,-170,-120,68,7156,-9384,10424,-17,170,-218,-13600,4444,5772,-984,72,-123,-14108,-4748,6248,-494,205,-122,0
305.9900159835816,8592,6124,11344,-120,-99,103,7192,-9432,10424,-13,141,-201,-13748,4164,5768,-976,131,-101,-14016,-4916,6248,-493,167,-120,0
306.02367901802063,8728,6060,11516,-130,-141,84,7180,-9316,10496,-23,125,-188,-13676,4172,5904,-991,158,-142,-13876,-4852,6244,-482,190,-102,0
306.0574300289154,8708,6116,11456,-143,-99,96,7216,-9400,10372,-30,150,-194,-13760,4296,5728,-983,144,-125,-14004,-4820,5976,-501,186,-120,0
306.09118008613586,8720,6020,11768,-156,-99,78,6964,-9348,10532,8,178,-183,-13576,4224,5832,-994,103,-89,-14120,-4940,6320,-501,171,-97,0
306.12474298477173,8648,6100,11760,-154,-115,101,7284,-9368,10448,-34,165,-188,-13604,4112,5676,-990,134,-96,-13904,-4624,6292,-483,179,-119,0
306.1627099514008,8720,6128,11304,-145,-123,78,7160,-9392,10392,-22,180,-181,-13628,4244,5636,-959,112,-89,-13976,-4936,6356,-475,171,-145,0
306.19686913490295,8640,6392,11440,-190,-125,74,7120,-9296,10580,5,225,-180,-13588,4272,5836,-945,126,-108,-14072,-4936,6300,-446,202,-147,0
306.23045015335083,8868,6108,11280,-172,-96,88,7172,-9320,10680,19,214,-171,-13640,4192,5688,-1001,124,-146,-13876,-4848,6268,-448,180,-98,0
306.2639660835266,8656,6080,11640,-180,-156,88,7092,-9344,10244,30,200,-177,-13588,4240,5660,-1021,164,-195,-14300,-4668,6168,-465,244,-48,0
306.2975559234619,8860,6092,11320,-205,-163,117,7128,-9360,10384,15,174,-232,-13652,4224,5832,-956,177,-129,-14052,-4988,6240,-468,249,-51,0
306.33101892471313,8928,6396,11416,-173,-202,143,6956,-9292,10388,3,169,-205,-13652,4252,5724,-975,108,-143,-14104,-4800,6244,-487,238,-78,0
306.3643379211426,8664,5908,11300,-174,-222,104,7032,-9256,10532,43,196,-217,-13676,4188,5780,-1012,119,-190,-14116,-4872,6196,-484,274,-75,0
306.3976171016693,8632,6064,11536,-187,-246,147,7120,-9288,10592,80,152,-221,-13580,4064,5896,-1007,201,-173,-14212,-5008,6184,-487,215,-46,0
306.43097615242004,8604,6096,11472,-152,-215,106,7180,-9232,10592,31,125,-227,-13688,4156,5744,-957,176,-163,-14144,-4812,6216,-501,249,-68,0
306.4644949436188,8704,6020,11536,-155,-227,101,7152,-9424,10452,18,146,-243,-13712,4200,5860,-953,172,-126,-14164,-4832,6188,-478,260,-57,0
306.49806904792786,8800,6016,11616,-186,-207,141,7264,-9428,10372,44,170,-221,-13668,4220,5656,-1006,154,-116,-14036,-4812,6176,-473,249,-65,0
306.5317759513855,8820,6136,11524,-168,-195,136,7224,-9220,10524,41,165,-194,-13656,4200,5640,-1009,177,-107,-13852,-4964,6312,-458,164,-101,0
306.56528401374817,8672,6184,11460,-192,-187,174,7240,-9340,10340,42,133,-180,-13600,4348,5844,-1000,136,-116,-14124,-4772,6076,-474,164,-82,0
306.60189414024353,8828,6036,11272,-145,-213,125,7196,-9260,10456,23,131,-248,-13664,4176,5856,-961,163,-156,-13840,-4984,6000,-478,230,-84,0
306.6380250453949,8808,6104,11540,-198,-208,131,7228,-9272,10620,67,129,-237,-13684,4168,5868,-1007,157,-178,-13968,-4764,6164,-481,3,-53,0
306.6726801395416,8728,5952,11480,-158,-246,139,7056,-9256,10364,16,144,-217,-13620,4280,5736,-1279,158,-112,-14008,-4960,6244,-470,236,-87,0
306.7086751461029,8952,6036,11572,-178,-242,130,7088,-9352,10724,-17,106,-222,-13648,4136,5600,-967,153,-142,-14152,-4724,6184,-457,203,-77,0
306.7436530590057,8812,6116,11696,-176,-199,116,7128,-9344,10584,-10,129,-188,-13676,4144,5716,-1005,135,-155,-14292,-4792,6308,-493,213,-103,0
306.77988505363464,8776,5976,11464,-149,-181,97,7076,-9244,10360,-24,164,-197,-13716,4228,5632,-990,86,-81,-14140,-4888,6344,-493,205,-126,0
306.81491112709045,8856,6024,11420,-140,-143,129,7212,-9084,10436,-46,116,-191,-13824,4152,5748,-1000,143,-95,-14160,-4612,6144,-509,150,-92,0
306.8497941493988,8528,6000,11340,-118,-122,128,7164,-9332,10320,-65,113,-191,-13732,4188,5844,-1009,102,-63,-14068,-4824,6176,-519,147,-116,0
306.88482308387756,8808,6028,11496,-133,-41,95,7116,-9204,10268,-61,167,-144,-13804,4200,5708,-1263,93,-89,-13928,-4800,5980,-484,144,-151,0
306.9205560684204,8804,6036,11580,-118,-35,69,7248,-9332,10432,-21,163,-142,-13792,4196,5528,-1056,83,-56,-14116,-4788,6116,-262,113,-163,0
306.95615911483765,8748,6128,11264,-118,-14,91,7264,-9304,10576,-36,134,-172,-13668,4164,5768,-988,118,-46,-14312,-4868,6272,-502,123,-123,0
306.9919850826264,8852,6368,11444,-138,-64,98,6956,-9188,10540,-90,149,-170,-13688,4204,5700,-984,92,-32,-14156,-4760,6172,-483,122,-118,0
307.02783393859863,8828,6080,11384,-121,-68,68,7252,-9472,10516,-98,193,-160,-13720,3940,5760,-997,67,-47,-14308,-4756,6176,-499,86,-147,0
307.06279611587524,8708,5992,11376,-129,-29,80,7180,-9368,10508,-33,155,-152,-13704,4220,5960,-1020,44,-52,-14080,-4876,6176,-469,82,-162,0
307.0979881286621,8720,6120,11436,-99,-11,72,7040,-9412,10696,-30,161,-118,-13676,4200,5832,-934,40,-30,-14084,-4888,6256,-484,88,-147,0
307.1332619190216,8748,6016,11480,-96,-27,48,7124,-9316,10460,-77,155,-150,-13740,4152,5956,-961,93,-95,-14212,-4792,5992,-497,87,-151,0
307.1691119670868,8892,6076,11464,-108,-18,38,7228,-9228,10420,-58,163,-190,-13696,4116,5516,-776,105,-41,-14136,-4812,6328,-494,111,-147,0
307.2040500640869,8800,6116,11520,-106,-35,68,7352,-9336,10256,-63,138,-168,-13732,4236,6088,-998,80,-28,-13908,-5084,5988,-503,84,-126,0
307.2403149604797,8736,6012,11676,-109,-42,78,7268,-9308,10412,-57,136,-146,-13656,4100,5980,-861,51,-88,-14064,-4924,6392,-502,20,-122,0
307.273628950119,8952,6032,11316,-97,-67,95,7216,-9344,10456,-75,130,-159,-13632,4184,5844,-990,113,-85,-14140,-4828,6184,-524,58,-140,0
307.30740308761597,8716,6052,11392,-71,-56,93,7120,-9332,10536,-43,114,-161,-13692,4228,5688,-1009,53,-65,-14112,-4748,6332,-535,23,-161,0
307.34072613716125,8696,6032,11760,-70,-71,101,7096,-9292,10460,-41,64,-183,-13644,4280,5636,-1012,84,-60,-13980,-4644,6380,-551,-61,-120,0
307.37423300743103,8920,6136,11324,-41,-69,127,7196,-9300,10520,-110,32,-167,-13648,4184,5664,-1009,146,-52,-14080,-4956,6188,-558,-5,-150,0
307.4076979160309,8696,6008,11424,-98,-69,88,7224,-9344,10388,-61,21,-184,-13672,4244,5720,-973,105,-65,-14164,-4724,6300,-535,-3,-162,0
307.4412109851837,8708,6080,11456,-77,-34,112,7328,-9380,10356,-50,48,-167,-13700,4188,5696,-983,118,-129,-14072,-4904,6180,-546,7,-122,0
307.4745020866394,8728,6148,11496,-47,-55,125,7096,-9332,10384,-64,93,-160,-13708,4140,5960,-1016,103,-96,-13836,-5116,5900,-526,43,-141,0
307.50820994377136,8668,6040,11428,-111,-67,129,7060,-9308,10344,-51,88,-169,-13600,4128,5740,-962,102,-82,-13948,-4900,6208,-544,145,-161,0
307.5417439937592,8748,6060,11396,-129,-86,105,7420,-9356,10380,-101,97,-164,-13684,4160,5668,-978,75,-54,-13892,-5080,6256,-551,140,-124,0
307.5752489566803,8752,6128,11684,-92,-80,77,7112,-9396,10412,-69,122,-171,-13724,4184,5856,-970,98,-61,-14100,-4784,6240,-765,122,-138,0
307.60889506340027,8752,6136,11604,-115,-67,102,7172,-9252,10424,-54,113,-175,-13732,4232,5812,-995,134,-64,-14028,-4892,6264,-507,133,-103,0
307.6421711444855,8736,6096,11360,-114,-68,121,6972,-9252,10452,-24,93,-197,-13736,4252,5880,-1280,101,-133,-14008,-4960,6356,-528,146,-130,0
307.67578506469727,8616,6080,11464,-109,-87,92,7168,-9396,10668,-28,119,-184,-13680,4268,5824,-1011,123,-131,-14052,-4916,6284,-522,155,-143,0
307.70934200286865,8604,6124,11684,-111,-84,101,7232,-9332,10492,-31,104,-190,-13724,4108,5856,-962,86,-81,-14092,-4788,6304,-486,158,-104,0
307.7428071498871,8700,6192,11520,-126,-76,102,7208,-9268,10252,-69,102,-164,-13760,4204,5728,-972,105,-53,-14052,-4852,6216,-763,109,-115,0
307.77644205093384,8744,5992,11600,-112,-92,95,7192,-9436,10408,-14,109,-161,-13632,4180,5728,-772,66,-55,-14028,-4872,6352,-506,131,-104,0
307.809986114502,8836,6088,11404,-145,-86,120,7224,-9304,10500,10,124,-148,-13576,4152,5796,-998,92,-101,-14012,-4908,6184,-498,123,-97,0
307.8430700302124,8644,6376,11472,-118,-70,100,6968,-9328,10660,-58,115,-201,-13632,4196,5784,-982,112,-116,-14148,-4812,6228,-484,141,-110,0
307.8768780231476,8636,6104,11344,-125,-71,62,7228,-9360,10408,-33,142,-175,-13696,4160,5680,-973,114,-94,-14056,-4948,5896,-497,158,-114,0
307.9101071357727,8704,6088,11516,-153,-76,94,7072,-9408,10336,-14,159,-192,-13744,4200,5772,-1007,78,-95,-14008,-4928,6304,-493,127,-123,0
307.94359707832336,8640,6084,11464,-145,-57,100,7372,-9348,10648,-35,162,-151,-13744,4200,5836,-988,69,-55,-13928,-4924,6316,-447,128,-138,0
307.9773800373077,8684,6212,11544,-138,-52,113,7408,-9388,10324,-78,165,-180,-13428,4204,5744,-964,57,-75,-14036,-4908,6356,-504,130,-160,0
308.0111539363861,8736,6204,11380,-146,-112,87,7144,-9364,10720,-41,134,-178,-13768,4340,5872,-962,21,-115,-14056,-4756,6344,-528,168,-142,0
308.0442340373993,8628,5892,11280,-97,-113,86,7204,-9352,10416,-23,158,-183,-13652,4124,5796,-979,11,-104,-13972,-4816,6296,-539,199,-76,0
308.0777771472931,8684,6152,11744,-135,-150,116,7416,-9304,10468,-12,86,-222,-13356,4284,5920,-993,83,-106,-14016,-4904,6328,-540,196,-89,0
308.1113181114197,8708,6356,11684,-109,-225,115,7164,-9456,10452,-13,120,-240,-13676,4292,5848,-966,58,-104,-14052,-4892,6308,-533,217,-82,0
308.144385099411,8732,6072,11432,-100,-197,130,7064,-9324,10388,18,121,-219,-13728,4340,5912,-956,37,-116,-14012,-4936,5980,-573,168,-121,0
308.17792797088623,8780,6088,11272,-88,-220,99,7196,-9332,10420,254,113,-7,-13720,3984,5840,-995,63,-154,-13932,-4876,6316,-556,183,-127,0
308.2117199897766,8612,6136,11312,-95,-200,127,7180,-9336,10384,-33,92,-229,-13640,4256,5840,-989,74,-148,-14016,-4900,6328,-525,212,-70,0
308.24510312080383,8656,6144,11452,-170,-206,155,7192,-9292,10452,-48,88,-254,-13636,4228,5892,-908,98,-105,-13828,-4948,6304,-553,217,-87,0
308.2818400859833,8720,6144,11464,-98,-226,129,7228,-9408,10380,-84,145,-232,-13684,4264,5800,-981,107,-139,-14060,-4820,6204,-768,214,-93,0
308.31807804107666,8852,6108,11620,-134,-206,129,7184,-9368,10268,59,101,-240,-13596,4148,5908,-1016,101,-126,-14044,-4868,6200,-765,511,-98,0
308.35331296920776,8828,6228,11348,-135,-127,154,7392,-8968,10472,9,72,-248,-13652,4092,5832,-1021,169,-135,-14040,-4880,6164,-530,229,-56,0
308.38890504837036,8736,6108,11492,-160,-233,141,7220,-9436,10416,10,150,-508,-13952,4228,5776,-1006,132,-149,-14008,-5040,6368,-525,232,-104,0
308.42429208755493,8788,5892,11292,-181,-214,146,7296,-9268,10268,45,62,-222,-13696,4200,5884,-962,136,-154,-14108,-4832,6296,-496,182,-78,0
308.4603540897369,8768,6088,11400,-172,-155,107,7220,-9296,10336,40,115,-183,-13796,4192,5908,-954,120,-66,-13872,-5000,6252,-480,170,-82,0
308.49550914764404,8768,6152,11436,-179,-113,145,7240,-9308,10440,-6,106,-191,-13648,4220,5800,-1008,171,-117,-13860,-4888,6088,-500,146,-74,0
308.530827999115,8724,6132,11328,-158,-149,156,7252,-9240,10328,-11,64,-178,-13672,4140,6032,-1069,151,-85,-14116,-4880,6372,-530,179,-69,0
308.56708812713623,8844,6148,11348,-142,-213,147,7352,-9304,10404,-254,136,-225,-13768,4248,5908,-988,135,-111,-14116,-4856,6376,-503,213,-75,0
308.6022479534149,8780,6156,11404,-127,-147,110,7152,-9388,10440,246,120,-226,-13644,4296,5704,-770,150,-143,-13928,-4900,6212,-504,217,-86,0
308.63803911209106,8748,6012,11548,-183,-180,124,7240,-9260,10388,-3,103,-227,-13652,4176,5868,-992,171,-140,-14076,-4820,6156,-486,238,-85,0
308.6734790802002,8776,6120,11272,-117,-180,119,7344,-9248,10532,-10,60,-232,-13648,4320,5788,-998,143,-142,-13960,-4728,6208,-495,175,-96,0
308.7091691493988,8708,6012,11268,-140,-118,88,7252,-9272,10348,-33,103,-215,-13768,4152,5756,-952,117,-115,-13996,-4864,6328,-471,139,-123,0
308.7441761493683,8744,6080,11348,-140,-73,82,7260,-9360,10316,-63,147,-175,-13708,4204,5468,-972,85,-77,-14300,-4620,6388,-483,143,-162,0
308.78001403808594,8760,6072,11276,-140,-39,65,7364,-9304,10348,-44,171,-143,-13784,4164,5664,-996,77,-67,-14064,-4752,6216,-518,114,-145,0
308.81499695777893,8832,6072,11388,-153,-3,77,7272,-9220,10344,-49,135,-141,-13648,4100,5716,-990,47,-36,-14108,-4624,6208,-520,120,-133,0
308.8507649898529,8840,6040,11492,-134,-3,99,7200,-9328,10332,-77,105,-161,-13632,4224,5656,-888,55,-72,-14064,-4884,6296,-540,122,-128,0
308.88596200942993,8860,6112,11388,-152,-27,129,7204,-9264,10372,-110,62,-188,-13760,4216,5708,-805,57,-35,-14128,-4788,6264,-601,142,-155,0
308.92273902893066,8712,6188,11412,-133,-4,125,7248,-9280,10296,-121,53,-158,-13632,4180,5980,-689,28,-60,-14096,-4968,6152,-632,83,-161,0
308.9563961029053,8804,5888,11348,-184,6,108,7204,-9244,10396,-169,56,-160,-13684,4164,5812,-674,-24,-37,-14084,-4844,6256,-608,119,-164,0
308.9901509284973,8792,6044,11592,-148,-8,85,7336,-9264,10428,-144,44,-170,-13604,4232,5860,-747,33,-42,-14040,-4920,6312,-583,118,-187,0
309.0237159729004,8832,6208,11524,-141,-16,94,7308,-9384,10360,-122,148,-134,-13716,4340,5864,-746,-5,-19,-14072,-5104,6156,-563,125,-147,0
309.0572581291199,8764,6172,11504,-130,-36,93,7216,-9392,10228,-124,128,-153,-13664,4252,5772,-758,35,-33,-14080,-4824,6240,-613,135,-146,0
309.090656042099,8524,6088,11512,-105,-28,97,6948,-9344,10492,-152,94,-170,-13636,4356,5656,-801,59,-74,-14308,-4796,6144,-575,133,-136,0
309.12429904937744,8904,6072,11556,-125,-41,75,7316,-9332,10316,-113,90,-177,-13600,4276,5820,-793,70,-95,-13964,-5116,6232,-593,165,-146,0
309.1574399471283,8792,6100,11696,-99,-65,61,7348,-9332,10280,-112,107,-197,-13628,4384,5872,-810,52,-113,-14128,-4868,6176,-611,190,-155,0
309.1910560131073,8756,6136,11484,-111,-62,72,7388,-9416,10372,-161,152,-171,-13612,4256,5792,-851,38,-69,-14108,-4968,6168,-634,180,-168,0
309.2246780395508,8944,6140,11396,-162,-49,82,7244,-9360,10332,-143,116,-174,-13656,4320,5680,-775,49,-58,-13976,-4976,6260,-598,193,-169,0
309.2582199573517,8784,6188,11504,-141,-58,129,7308,-9328,10204,-121,138,-149,-13816,4308,5808,-791,37,-29,-13840,-4880,6608,-526,109,-158,0
309.291671037674,8828,6088,11424,-181,-43,95,7292,-9328,10420,-64,90,-144,-13616,4440,5748,-749,28,-50,-14320,-4876,6192,-605,157,-138,0
309.3252069950104,8456,6248,11716,-158,-48,110,7288,-9332,10424,-42,111,-146,-13616,4264,5768,-783,43,-107,-14044,-5096,6204,-601,210,-163,0
309.35879492759705,8844,6148,11328,-124,-52,85,7116,-9360,10480,-176,180,-137,-13692,4324,5752,-874,56,-75,-14256,-5080,5892,-600,189,-160,0
309.39196705818176,8728,6124,11340,-115,-52,38,7072,-9280,10164,-118,184,-169,-13628,4368,5508,-914,117,-67,-14240,-4712,6352,-561,144,-124,0
309.4254651069641,8480,5900,11480,-167,-13,110,7136,-9376,10424,-42,115,-147,-13532,4320,5796,-921,122,-43,-13988,-5048,6316,-260,79,-119,0
309.45910596847534,8648,6132,11440,-120,-10,96,7268,-9332,10508,-55,123,-143,-13688,4396,5800,-938,141,-82,-13992,-4904,6288,-536,53,-141,0
309.492712020874,8728,5892,11332,-122,-58,103,6924,-9316,10000,-100,140,-144,-13672,4260,5592,-925,152,-75,-14000,-5032,6240,-505,85,-113,0
309.526015996933,8768,6068,11496,-96,-70,106,7268,-9480,10312,-106,131,-169,-13668,4536,5800,-996,128,-120,-13852,-5032,6200,-510,125,-134,0
309.55953097343445,8704,6128,11584,-128,-64,96,7268,-9608,10456,-17,139,-178,-13756,4356,5636,-1026,135,-78,-13932,-4908,6204,-537,154,-118,0
309.5931260585785,8712,6028,11604,-119,-64,104,7108,-9468,10324,-52,117,-197,-13556,4104,5884,-1028,155,-79,-14028,-4984,6320,-489,153,-89,0
309.6267640590668,8772,6076,11456,-146,-115,94,7144,-9356,10332,-248,82,-192,-13776,4432,5820,-963,97,-86,-13952,-5032,6320,-504,169,-108,0
309.66034412384033,8748,5992,11472,-145,-73,90,7256,-9448,10404,-10,132,-179,-13628,4368,5748,-1031,88,-105,-14104,-4920,6108,-496,151,-113,0
309.6938810348511,8940,6120,11448,-144,-102,108,7260,-9464,10492,-250,190,-176,-13704,4364,5832,-1034,129,-149,-14032,-5084,6344,-511,183,-94,0
309.7273299694061,8680,6208,11584,-160,-145,120,7200,-9220,10452,24,151,-201,-13712,4312,5892,-1062,165,-138,-13948,-5096,6332,-476,179,-84,0
309.7610149383545,8648,6112,11544,-130,-184,109,7248,-9652,10336,12,142,-237,-13748,4320,5776,-1034,146,-142,-14068,-5052,6204,-459,192,-63,0
309.79453206062317,8588,5944,11524,-140,-225,111,7280,-9376,10248,14,146,-219,-13616,4296,5772,-1006,141,-131,-14296,-4936,6272,-764,191,-99,0
309.8281979560852,8636,6032,11376,-115,-220,122,7280,-9412,10276,49,128,-201,-13820,4096,5660,-1012,137,-144,-13964,-4924,6160,-504,208,-50,0
309.861645936966,8664,6068,11440,-116,-216,109,7216,-9324,10492,17,159,-249,-13692,4604,5812,-1050,160,-174,-14000,-4952,6220,-505,223,-56,0
309.8949110507965,8800,6124,11376,-130,-211,113,7328,-9396,10400,46,96,-250,-13656,4336,5988,-772,167,-208,-14008,-4960,6256,-496,212,-63,0
309.92821311950684,8696,6120,11284,-135,-218,130,7208,-9352,10444,62,118,-250,-13600,4348,5840,-1007,147,-130,-14292,-4884,6204,-508,208,-84,0
309.9648389816284,8792,6120,11416,-145,-200,129,7256,-9308,10336,249,213,-200,-13704,4580,5884,-1016,154,-158,-14044,-4880,6272,-486,176,-65,0
310.00059700012207,8712,6184,11396,-157,-221,151,7220,-9352,10396,12,151,-214,-13688,4512,5744,-1039,163,-149,-14152,-4660,6192,-509,189,-62,0
310.0362241268158,8796,6088,11384,-136,-210,149,7276,-9368,10380,45,121,-151,-13736,4096,5648,-1081,112,-118,-14044,-4896,5972,-495,189,-27,0
310.0718791484833,8792,6200,11272,-141,-207,130,7212,-9284,10472,60,79,-169,-13612,4208,5824,-1035,136,-126,-14056,-4972,6212,-486,135,-71,0
310.1075870990753,8736,6176,11124,-108,-213,106,7188,-9320,10376,-252,199,-197,-13596,4208,5828,-1034,159,-148,-14136,-4916,6152,-257,219,-74,0
310.14299607276917,8776,6372,11456,-153,-231,96,7180,-9344,10280,63,114,-216,-13616,4340,5628,-1013,110,-163,-14124,-5112,6116,-522,208,-81,0
310.17942094802856,8900,5956,11360,-140,-188,126,7336,-9352,10432,18,159,-188,-13640,4340,5632,-1008,101,-109,-14016,-5028,6204,-471,110,-82,0
310.214998960495,8744,6136,11352,-134,-136,117,7368,-9356,10320,-5,139,-188,-13648,4252,5684,-1001,122,-128,-14088,-4900,6236,-524,122,-77,0
310.25073194503784,8724,6112,11508,-118,-176,109,7144,-9392,10356,-17,47,-217,-13564,4236,5820,-1015,122,-89,-13984,-4916,6376,-531,162,-88,0
310.28621006011963,8868,6096,11400,-93,-169,103,7224,-9380,10452,250,70,-221,-13644,4228,5876,-1043,105,-120,-14024,-4892,6264,-517,194,-108,0
310.321809053421,8736,6020,11528,-100,-113,102,7304,-9244,10220,-16,81,-193,-13572,4348,5656,-1041,134,-133,-14084,-4796,6096,-518,117,-125,0
310.3582270145416,8936,6032,11356,-97,-100,90,7336,-9300,10424,-77,97,-184,-13756,4104,5388,-992,129,-101,-14072,-4900,6088,-499,101,-135,0
310.3934199810028,8864,6176,11400,-145,-33,57,7352,-9244,10396,-64,147,-156,-13772,4288,5664,-1016,69,-40,-13840,-4904,6192,-269,79,-161,0
310.4292371273041,8856,6128,11348,-82,-33,58,7308,-9324,10320,-56,141,-156,-13740,4324,5728,-775,60,-59,-14304,-5016,6072,-525,114,-142,0
310.4644010066986,8864,6100,11276,-67,-61,69,7312,-9272,10324,-53,133,-141,-13520,4260,5632,-1011,36,-29,-14284,-4988,6296,-555,78,-178,0
310.50016808509827,8840,6228,11304,-51,-68,50,7192,-9316,10328,-100,121,-167,-13688,4316,5748,-982,-27,-47,-13840,-4872,6296,-547,60,-165,0
310.5354759693146,8796,6300,11496,-36,-76,34,7348,-9308,10400,-89,126,-163,-13692,4144,5892,-998,10,-63,-14028,-4912,6296,-549,76,-184,0
310.5709021091461,8884,6072,11504,-66,-65,68,7220,-9248,10476,-33,141,-158,-13580,4384,5792,-959,14,-56,-14012,-5036,6352,-543,81,-163,0
310.60731196403503,8728,6300,11284,-54,-88,67,7232,-9348,10300,-84,135,-172,-13656,4604,5824,-958,-16,-16,-13980,-4992,6340,-550,103,-179,0
310.6405529975891,8736,6120,11276,-42,-97,72,7264,-9360,10400,-88,104,-203,-13704,4316,5988,-953,-9,-64,-13996,-5000,6368,-536,105,-148,0
310.6740291118622,8764,6184,11416,-54,-87,83,7196,-9228,10348,-118,119,-164,-13628,4392,5924,-970,22,-80,-14008,-4888,6148,-542,105,-164,0
310.70765113830566,8748,6068,11404,-86,-140,83,7348,-9616,10332,-49,156,-162,-13696,4560,5808,-1015,25,-107,-14240,-4632,6148,-535,132,-162,0
310.74112200737,8776,6192,11432,-110,-95,90,7168,-9440,10420,-6,183,-158,-13620,4204,5904,-1001,42,-62,-13996,-4912,6320,-498,116,-132,0
310.77436709404,8864,6236,11308,-89,-20,69,7220,-9412,10492,-47,130,-155,-13364,4300,5720,-986,45,-68,-14040,-5104,6408,-542,92,-165,0
310.8079421520233,8892,6296,11472,-122,-51,69,7428,-9344,10424,-76,124,-161,-13808,4420,5604,-1020,45,-45,-14048,-4912,6356,-496,102,-143,0
310.8424940109253,8868,6168,11332,-134,-41,53,7268,-9236,10308,-41,138,-165,-13600,4572,5876,-1032,65,-24,-14260,-4864,6296,-499,105,-130,0
310.8762259483337,8744,6132,11432,-137,-20,101,7216,-9340,10404,-46,135,-131,-13640,4308,6004,-1279,100,-55,-13976,-4972,6300,-504,83,-135,0
310.9092810153961,8840,6244,11632,-132,-40,75,7276,-9424,10480,-43,154,-134,-13564,4284,5788,-1052,89,-54,-13892,-5008,5960,-513,71,-131,0
310.9428379535675,8744,6212,11332,-116,-37,48,7224,-9472,10380,-72,177,-169,-13592,4284,5848,-1279,102,-111,-14036,-4924,6200,-489,112,-127,0
310.9760270118713,8776,6308,11368,-87,-32,93,7264,-9468,10304,-31,124,-150,-13672,4320,5824,-1030,98,-117,-13952,-5020,6284,-489,134,-134,0
311.009966135025,8492,6240,11360,-115,-40,78,6976,-9376,10340,-18,119,-176,-13464,4336,5740,-1038,116,-123,-14028,-5080,6352,-259,163,-136,0
311.0437340736389,8680,6180,11324,-98,-80,112,7420,-9252,10380,-51,111,-185,-13576,4376,5868,-1032,117,-103,-14084,-5012,6352,-503,159,-134,0
311.0773630142212,8812,6308,11508,-135,-89,92,7400,-9404,10368,-37,88,-190,-13812,4456,5892,-972,134,-83,-14028,-5112,6420,-509,177,-107,0
311.1108429431915,8796,6260,11472,-130,-53,90,7372,-9424,10412,-48,129,-167,-13688,4248,5812,-954,134,-89,-14072,-4760,6268,-508,148,-118,0
311.1440050601959,8860,6176,11412,-132,-71,90,7400,-9388,10260,-46,121,-160,-13712,4428,5820,-995,109,-86,-13968,-4968,6136,-763,125,-110,0
311.18256092071533,8720,6176,11380,-136,-84,95,7288,-9296,10308,-34,132,-181,-13488,4216,5772,-998,106,-73,-13948,-4972,6396,-498,88,-116,0
311.2162110805512,8756,6144,11240,-115,-77,111,7224,-9232,10464,-59,97,-190,-13596,4532,5824,-985,53,-64,-14064,-5044,6476,-494,122,-128,0
311.25003814697266,8704,6196,11496,-119,-90,88,7260,-9384,10184,-61,135,-180,-13524,4552,5640,-1018,112,-83,-13836,-5004,6224,-498,145,-126,0
311.2837450504303,8800,5904,11276,-126,-53,93,7336,-9380,10288,-32,133,-190,-13540,4604,6048,-1008,77,-67,-14044,-5024,6324,-528,156,-135,0
311.31736397743225,8800,6244,11432,-115,-98,87,7388,-9380,10308,-20,135,-185,-13580,4296,5956,-1013,95,-133,-13852,-4964,6164,-510,171,-120,0
311.3508260250092,8704,6220,11708,-124,-133,80,7328,-9376,10424,-32,144,-195,-13484,4284,5872,-1002,148,-147,-14008,-5040,6376,-483,152,-118,0
311.3843331336975,8900,6284,11496,-110,-123,120,7260,-9332,10296,-33,143,-201,-13696,4432,5832,-998,142,-112,-13840,-4952,6336,-531,145,-86,0
311.41745495796204,8776,6132,11332,-125,-184,116,7252,-9656,10440,-43,129,-190,-13692,4344,5856,-774,104,-94,-13980,-4968,6324,-509,188,-79,0
311.45122814178467,8736,6212,11416,-108,-142,125,7272,-9400,10464,-1,132,-180,-13596,4288,5776,-1009,153,-135,-13920,-5072,6212,-505,121,-84,0
311.48474407196045,8660,6216,11456,-77,-125,113,7232,-9384,10416,-35,111,-204,-13608,4128,5676,-978,157,-146,-14068,-4992,6316,-531,185,-79,0
311.518226146698,8748,6160,11344,-103,-199,120,7224,-9348,10312,-10,118,-223,-13708,4360,5936,-981,166,-180,-13920,-4844,6340,-498,232,-70,0
311.5517511367798,8884,6128,11388,-143,-182,110,7280,-9320,10272,-15,146,-211,-13616,4392,5704,-1018,168,-147,-14036,-5024,6232,-502,165,-72,0
311.5852279663086,8816,6192,11324,-137,-135,142,7176,-9368,10352,-23,116,-178,-13652,4556,5872,-976,176,-137,-13968,-5032,6428,-492,138,-44,0
311.61875009536743,8812,6236,11488,-160,-178,119,7312,-9432,10336,-34,125,-208,-13680,4360,5996,-998,164,-118,-13948,-5012,6316,-519,168,-97,0
311.6559691429138,8776,6228,11516,-126,-192,130,7320,-9416,10348,3,125,-215,-13728,4372,5688,-1278,136,-118,-13960,-4988,6200,-559,197,-71,0
311.69229102134705,8840,6280,11280,-105,-178,101,7316,-9376,10380,11,130,-240,-13588,4272,5664,-1002,138,-192,-13936,-4920,6188,-561,228,-68,0
311.7274580001831,8792,6232,11380,-84,-168,118,7260,-9300,10300,-29,96,-250,-13620,4108,5828,-1038,187,-131,-14060,-4928,6296,-763,191,-55,0
311.7629051208496,8660,6168,11276,-122,-204,137,7264,-9348,10276,-10,100,-213,-13316,4568,5880,-1003,172,-161,-13964,-5020,6336,-519,183,-65,0
311.7981870174408,8892,5952,11184,-143,-134,116,7188,-9308,10296,-33,115,-190,-13628,4344,6020,-1001,88,-160,-13920,-4948,6284,-553,163,-64,0
311.83353900909424,8956,6248,11248,-113,-190,113,7452,-9252,10372,-12,120,-213,-13324,4300,5804,-1014,141,-165,-13968,-4964,6208,-529,160,-88,0
311.8687279224396,8820,6184,11156,-130,-177,135,7296,-9324,10472,-16,92,-208,-13556,4320,6032,-1045,140,-110,-13932,-4976,6240,-530,171,-74,0
311.9043490886688,8896,6300,11320,-128,-186,144,7280,-9356,10252,-35,95,-202,-13620,4520,5848,-1011,132,-105,-14016,-4928,6360,-493,170,-83,0
311.93998312950134,8908,6188,11408,-109,-178,92,7312,-9372,10444,-31,125,-229,-13628,4332,5784,-1005,117,-120,-14012,-4932,6144,-520,169,-109,0
311.97503995895386,8908,6224,11284,-96,-155,93,7196,-9360,10208,-27,122,-199,-13648,4304,5612,-1040,98,-92,-13976,-4936,6240,-511,144,-90,0
312.01065611839294,8760,6192,11048,-95,-132,66,7304,-9332,10440,-47,118,-193,-13700,4536,5728,-772,93,-76,-13912,-4888,6184,-483,115,-106,0
312.04549193382263,8884,6172,11228,-160,-73,93,7336,-9228,10288,-55,148,-162,-13716,4332,5720,-1280,78,-72,-14092,-5008,6144,-466,108,-124,0
312.0816969871521,8884,6188,11376,-132,-95,70,7392,-9344,10272,-64,167,-147,-13636,4356,5860,-1050,59,-91,-14072,-4856,6128,-500,123,-143,0
312.1176481246948,8828,6208,11304,-147,-51,78,7356,-9496,10324,-22,170,-163,-13720,4296,5736,-1079,41,-56,-13980,-4868,6292,-481,114,-136,0
312.1526710987091,9076,6264,11360,-128,-37,63,7176,-9396,10496,-51,143,-159,-13636,4148,5664,-1070,61,-68,-14020,-5032,6388,-485,115,-106,0
312.18825101852417,8836,6304,11312,-138,-46,77,7260,-9284,10360,-55,179,-147,-13620,4296,5788,-1258,28,-122,-13960,-5112,6268,-441,160,-129,0
312.22368693351746,8856,6196,11152,-177,-39,65,7332,-9396,10388,-25,182,-146,-13676,4268,5820,-1073,39,-40,-13936,-5004,6276,-453,122,-125,0
312.25874495506287,8808,6284,11192,-134,-20,81,7248,-9392,10348,-22,175,-134,-13644,4316,5860,-1146,37,-25,-13864,-5044,6360,-438,100,-157,0
312.2951431274414,8776,6252,11356,-169,-36,82,7268,-9472,10304,-32,185,-114,-13592,4208,5916,-1165,100,-44,-14040,-4936,6392,-447,103,-109,0
312.32868814468384,8752,6300,11472,-151,-69,95,7228,-9668,10452,-4,192,-165,-13604,4368,5632,-1099,106,-119,-13924,-4916,6396,-437,123,-137,0
312.3621771335602,8704,6260,11092,-124,-54,94,7400,-9420,10448,-20,167,-161,-13616,4316,5908,-1133,85,-124,-13960,-5008,6312,-424,129,-126,0
312.3958051204681,8780,6208,11324,-160,-69,77,7292,-9408,10084,-12,193,-173,-13572,4292,5816,-1165,135,-113,-13896,-4944,6172,-449,173,-109,0
312.429386138916,8760,6204,11380,-138,-65,76,7072,-9300,10284,-17,137,-192,-13400,4300,5824,-1167,126,-68,-13840,-5100,6228,-465,145,-141,0
312.46230912208557,8768,5900,11384,-133,-47,66,7300,-9336,10308,-3,158,-194,-13648,4252,5904,-1156,106,-82,-14116,-4968,6348,-454,143,-151,0
312.49585008621216,8744,6244,11080,-159,-53,83,7324,-9380,10304,254,154,-175,-13680,4352,5800,-1099,79,-100,-13840,-4988,6444,-497,155,-162,0
312.5294759273529,8836,6256,11036,-149,-50,84,7240,-9440,10356,-4,208,-138,-13580,4284,5776,-1081,87,-90,-14020,-4972,6200,-497,94,-129,0
312.562744140625,8784,6280,11112,-137,-72,80,7256,-9372,10372,-50,125,-174,-13556,4340,5808,-1051,95,-73,-13992,-4864,6232,-476,130,-126,0
312.59647512435913,8796,6192,11332,-144,-64,98,7316,-9372,10416,-56,162,-171,-13620,4152,5940,-1059,111,-76,-13988,-4976,6280,-477,159,-119,0
312.6299409866333,8784,6092,11404,-144,-61,76,7236,-9312,10396,-38,146,-164,-13608,4196,5792,-1037,97,-80,-14020,-4684,6220,-477,148,-103,0
312.66333413124084,8800,6280,11356,-136,-35,79,7316,-9312,10332,-34,106,-154,-13548,4284,5856,-1043,98,-112,-13908,-4904,6316,-493,146,-121,0
312.696918964386,8852,6280,11316,-129,-75,104,6948,-9708,10340,-10,100,-197,-13528,4316,6100,-1009,103,-125,-13916,-4996,6280,-484,156,-111,0
312.73047399520874,8708,6300,11348,-154,-92,91,7268,-9416,10304,-39,135,-192,-13644,4196,5956,-981,142,-106,-14012,-4936,6288,-481,157,-107,0
312.76394414901733,8796,5956,11228,-130,-83,112,7340,-9344,10480,-40,121,-186,-13676,4276,6116,-1014,98,-68,-14080,-4928,6340,-505,140,-116,0
312.79762601852417,8852,6224,11332,-160,-85,87,7312,-9380,10344,-10,125,-160,-13736,4340,5956,-1017,100,-86,-14060,-4964,6452,-496,155,-121,0
312.8311259746552,8816,6168,11332,-174,-53,105,7328,-9320,10300,248,108,-141,-13548,4188,5816,-1045,103,-67,-14092,-5052,6212,-259,109,-118,0
312.8642771244049,8748,6168,11372,-121,-90,91,7348,-9492,10176,-70,158,-182,-13596,4180,5860,-1009,61,-69,-14056,-4948,6280,-507,138,-116,0
312.8976490497589,8840,6296,11460,-142,-57,80,7276,-9360,10248,-10,106,-175,-13608,4236,5672,-989,106,-84,-14008,-4916,6320,-509,135,-103,0
312.9313020706177,8768,6184,11296,-168,-18,105,7336,-9304,10388,2,140,-153,-13344,4252,5676,-1032,103,-67,-13916,-4904,6332,-485,143,-111,0
312.9643359184265,8788,6252,11680,-144,-30,115,7200,-9336,10384,-48,96,-134,-13652,4256,5956,-1016,90,-34,-13960,-4924,6344,-493,112,-121,0
312.99794602394104,8788,6292,11400,-152,-46,104,7204,-9432,10432,-33,152,-156,-13580,4256,5880,-966,99,-77,-14028,-5020,6412,-508,150,-133,0
313.0314581394196,8808,6392,11380,-160,-96,103,7260,-9432,10300,-60,160,-159,-13636,4252,5700,-989,97,-109,-13892,-5012,6296,-259,163,-93,0
313.0649070739746,8836,6296,11276,-133,-89,104,7220,-9408,10464,-18,129,-177,-13540,4336,5720,-1273,108,-123,-14052,-4972,6596,-262,176,-105,0
313.09839606285095,8568,6280,11644,-124,-79,105,7136,-9316,10440,-3,127,-198,-13560,4212,5956,-769,131,-69,-13920,-5028,6256,-520,190,-97,0
313.13185691833496,8768,6276,11416,-170,-144,99,7248,-9320,10288,-2,130,-207,-13540,4544,5740,-955,132,-116,-13860,-4972,6356,-482,193,-91,0
313.16493105888367,8772,6168,11360,-163,-123,108,7256,-9408,10380,2,125,-199,-13692,4316,5680,-1006,133,-164,-13972,-5008,6388,-501,169,-82,0
313.19843792915344,8768,6260,11364,-172,-172,113,7276,-9408,10332,4,106,-219,-13608,4272,5964,-1020,141,-179,-14072,-4872,6348,-500,245,-67,0
313.23194313049316,8916,6148,11384,-153,-154,124,7416,-9356,10332,-5,106,-223,-13376,4308,5672,-1039,194,-121,-14064,-5236,6296,-768,219,-76,0
313.26543712615967,8916,6196,11344,-140,-173,143,7132,-9252,10404,-15,77,-205,-13712,4352,5832,-987,88,-126,-13988,-4988,6220,-510,198,-103,0
313.29889011383057,8796,6212,11128,-135,-161,112,7276,-9416,10456,6,113,-221,-13560,4172,5720,-973,123,-118,-13904,-4876,6284,-527,205,-75,0
313.3360979557037,8756,6192,11364,-142,-177,134,7260,-9332,10156,16,122,-232,-13624,4176,5828,-996,185,-181,-13992,-4956,6364,-765,214,-83,0
313.3724009990692,8772,6256,11484,-131,-136,138,7260,-9308,10468,12,105,-217,-13652,4200,5956,-1007,160,-161,-13956,-5028,6172,-525,237,-85,0
313.4081370830536,8888,6156,11312,-130,-176,124,7296,-9240,10448,25,111,-230,-13816,4204,5976,-996,157,-179,-14016,-5032,6156,-509,203,-86,0
313.4433069229126,8808,6144,11272,-147,-176,125,7320,-9316,10256,6,131,-209,-13648,4244,5796,-968,166,-170,-14000,-4948,6460,-493,185,-74,0
313.47882199287415,8804,6188,11336,-141,-166,131,7340,-9412,10364,255,94,-197,-13692,4172,5964,-986,138,-102,-14024,-4940,6288,-518,191,-74,0
313.51363015174866,8904,6200,11216,-166,-173,148,7200,-9364,10360,30,116,-189,-13668,4180,5876,-1009,138,-135,-14048,-4940,6312,-755,170,-101,0
313.5492010116577,8916,6192,11036,-154,-175,129,7204,-9372,10352,31,112,-195,-13788,4188,5828,-997,151,-121,-13880,-4960,6352,-504,157,-40,0
313.58434009552,8836,6296,11260,-130,-167,117,7196,-9384,10300,-10,112,-222,-13712,4236,5784,-976,167,-134,-14028,-5016,6300,-489,206,-72,0
313.6195180416108,8924,6224,11436,-135,-178,95,7348,-9384,10296,12,85,-220,-13712,4200,5780,-979,155,-116,-13964,-4824,6148,-497,203,-72,0
313.6554250717163,8860,5940,11176,-156,-187,137,7272,-9292,10324,-21,112,-203,-13644,4248,5728,-1011,108,-124,-14044,-4904,6316,-513,116,-91,0
313.6912319660187,8840,6192,11276,-117,-135,124,7256,-9340,10380,-5,107,-159,-13340,3864,5824,-987,107,-90,-13976,-4936,6420,-514,144,-75,0
313.7270939350128,8748,6276,11388,-108,-143,95,7140,-9324,10360,-43,109,-208,-13716,3912,5756,-981,117,-87,-13832,-5120,6320,-532,170,-113,0
313.7623710632324,8932,6232,11208,-65,-164,89,7352,-9288,10440,-72,93,-213,-13328,4268,5712,-976,109,-86,-14084,-4900,6196,-529,175,-138,0
313.79882192611694,8900,6392,11396,-77,-93,108,7328,-9320,10320,-42,111,-203,-13556,4184,5796,-1009,114,-133,-13956,-4628,5936,-533,157,-136,0
313.83390712738037,8876,6324,11348,-112,-79,104,7232,-9360,10324,-81,98,-202,-13684,4188,5952,-1000,139,-90,-14096,-4892,6312,-505,140,-141,0
313.86965107917786,8864,5932,11288,-137,-54,68,7308,-9352,10276,-60,145,-180,-13708,4256,5776,-964,64,-89,-14104,-4880,6108,-488,108,-152,0
313.9049479961395,8840,6316,11308,-133,14,66,7296,-9400,10248,-54,159,-159,-13684,4328,5744,-1001,58,-56,-14044,-4656,6364,-514,164,-156,0
313.94062304496765,8908,6244,11476,-135,-24,81,7264,-9372,10396,-38,142,-162,-13792,4292,5800,-970,31,-59,-13960,-4976,6344,-260,145,-132,0
313.9758520126343,8868,6212,11204,-123,-19,86,7220,-9308,10336,-71,105,-173,-13596,4216,5752,-994,71,-19,-13948,-4984,6304,-497,99,-154,0
314.0094690322876,8700,6244,11236,-137,-46,60,7236,-9396,10416,-73,154,-162,-13636,4292,5844,-987,91,-56,-14024,-4960,6308,-479,120,-135,0
314.0429530143738,8752,6244,11468,-148,-16,70,7292,-9320,10352,-48,164,-150,-13680,4260,5788,-990,57,-71,-13984,-4932,6372,-500,116,-116,0
314.0765950679779,8776,6220,11468,-140,-6,63,7252,-9344,10408,-61,166,-156,-13672,4244,6000,-988,65,-76,-14072,-4880,6292,-498,113,-147,0
314.1101200580597,8772,6240,11212,-137,-22,87,7192,-9212,10348,-44,142,-163,-13672,4160,5828,-958,89,-50,-14032,-4896,6424,-479,116,-115,0
314.14337491989136,8796,6196,11392,-156,-40,85,7304,-9332,10364,-54,128,-188,-13660,4108,5668,-958,130,-86,-14040,-5008,6336,-488,136,-132,0
314.1769540309906,8864,6376,11216,-138,-88,74,7296,-9292,10492,-80,123,-174,-13660,4220,6088,-966,118,-66,-13976,-4936,6468,-520,104,-142,0
314.21050214767456,8892,6204,11284,-145,-52,60,7328,-9340,10356,-30,140,-169,-13712,4208,5860,-1020,49,-86,-13988,-4872,6288,-499,133,-160,0
314.24417209625244,8800,6232,11508,-122,-15,85,7212,-9316,10280,6,165,-128,-13524,4152,6148,-1036,60,-102,-13932,-4876,6184,-513,83,-148,0
314.2775580883026,8736,6312,11348,-111,-20,65,7292,-9296,10324,-81,164,-151,-13628,4276,5952,-1008,78,-51,-13996,-4928,6276,-495,101,-140,0
314.31106901168823,8872,6264,11360,-123,-10,47,7260,-9400,10308,-51,180,-155,-13660,4284,5832,-966,88,-24,-14020,-4936,6336,-489,118,-152,0
314.34442114830017,8808,6144,11348,-154,-4,87,7308,-9336,10328,-36,148,-163,-13552,4304,5752,-771,68,-28,-14052,-4912,6412,-494,91,-138,0
314.3781599998474,8712,6224,11380,-103,255,93,7320,-9292,10280,-27,154,-130,-13512,4192,5972,-997,87,-76,-13984,-4972,6256,-498,87,-165,0
314.4117090702057,8872,6380,11388,-145,-33,100,7196,-9228,10396,-49,132,-142,-13672,4228,5912,-972,102,-104,-14032,-5012,6468,-471,120,-133,0
314.445228099823,8820,6268,11344,-146,-63,67,7124,-9320,10408,-67,155,-173,-13700,4400,5948,-962,97,-91,-14020,-4956,6404,-517,156,-139,0
314.47850799560547,8776,6296,11292,-119,-58,88,7420,-9300,10356,-33,135,-158,-13624,4344,5904,-997,78,-80,-13976,-4900,6356,-505,144,-186,0
314.512079000473,8708,6276,11312,-112,-57,86,7200,-9280,10424,-40,161,-199,-13344,4220,5644,-1002,96,-64,-13916,-4944,6156,-495,178,-111,0
314.5454399585724,8816,6276,11460,-91,-79,114,7364,-9388,10312,-16,135,-223,-13584,4264,5888,-998,109,-84,-13936,-5008,6196,-762,155,-127,0
314.57907009124756,8896,6240,11448,-114,-71,80,7288,-9376,10428,1,131,-183,-13732,4268,5988,-951,118,-121,-14308,-4928,6304,-764,148,-133,0
314.612685918808,8812,6216,11416,-123,-48,79,7368,-9328,10272,-69,121,-159,-13724,4228,5788,-983,97,-133,-13952,-4988,6364,-509,147,-122,0
314.64603900909424,8836,6204,11376,-148,-67,99,7224,-9308,10408,-43,152,-175,-13560,4184,5788,-989,92,-79,-14036,-5012,6272,-516,130,-98,0
314.6794941425324,8792,6232,11452,-116,-96,94,7420,-9372,10120,-30,129,-170,-13708,4228,5832,-991,102,-60,-13844,-4988,6272,-495,133,-131,0
314.7129740715027,8844,6176,11436,-125,-104,93,7196,-9452,10352,-60,137,-180,-13580,4276,6048,-966,102,-84,-14056,-4940,6648,-490,141,-125,0
314.7465810775757,8764,6244,11364,-129,-99,91,7256,-9432,10360,-30,128,-168,-13384,4228,5776,-990,71,-119,-13984,-4932,6288,-486,150,-121,0
314.78025007247925,8736,6184,11252,-123,-52,77,7232,-9428,10404,-31,140,-189,-13700,4316,5816,-973,100,-108,-14060,-5116,6164,-495,172,-147,0
314.8137369155884,8452,6212,11400,-121,-68,87,7272,-9516,10272,7,139,-201,-13724,4308,5824,-1024,119,-113,-14020,-5004,6452,-525,160,-98,0
314.8473629951477,8744,6252,11500,-138,-117,113,7332,-9404,10392,-24,134,-201,-13816,4156,5884,-986,135,-94,-14044,-4916,6268,-498,200,-95,0
314.8806910514832,8484,6260,11020,-182,-111,102,7208,-9352,10384,-15,122,-205,-13752,4248,5892,-968,128,-92,-13964,-4948,6420,-496,166,-116,0
314.91417694091797,8808,6224,11340,-156,-117,112,7236,-9688,10344,-38,166,-197,-13732,4288,5776,-992,133,-99,-14028,-4988,6372,-520,179,-105,0
314.9479880332947,8708,6300,11496,-159,-130,120,7304,-9276,10456,38,119,-189,-13692,4324,5844,-1037,102,-147,-14068,-4872,6364,-514,186,-67,0
314.98132610321045,8848,6280,11636,-142,-122,143,6948,-9124,10352,-16,126,-197,-13656,4208,6052,-970,119,-83,-13972,-5020,6216,-508,176,-60,0
315.0192830562592,8728,6228,11448,-115,-193,94,7208,-9396,10396,-18,120,-204,-13328,4240,5764,-992,120,-167,-13916,-4928,6364,-504,217,-79,0
315.0549011230469,8720,6224,11328,-153,-135,130,7352,-9344,10300,19,103,-222,-13564,4316,5888,-770,162,-168,-14024,-4876,6388,-507,224,-56,0
315.0912330150604,8916,6176,11448,-159,-157,124,7252,-9388,10296,19,138,-196,-13548,4164,5868,-997,146,-108,-13988,-4908,6360,-488,165,-49,0
315.12624502182007,8892,6268,11384,-163,-141,128,7280,-9252,10540,-10,127,-196,-13620,4172,6048,-965,190,-144,-14028,-4816,6312,-491,166,-71,0
315.1618790626526,8696,6236,11376,-177,-174,129,7172,-9412,10344,-4,170,-217,-13516,4240,5808,-987,170,-110,-13996,-5044,6388,-514,212,-61,0
315.19771909713745,8728,6272,11328,-119,-156,147,7264,-9372,10404,9,106,-208,-13604,4164,5652,-1018,155,-181,-13968,-4912,6356,-533,251,-77,0
315.23280096054077,8856,6188,11324,-111,-201,142,7248,-9296,10312,23,89,-239,-13688,4300,5672,-1009,203,-157,-13988,-4948,6240,-533,200,-82,0
315.26873993873596,8744,6308,11212,-136,-218,169,7264,-9292,10300,23,99,-232,-13708,4228,5948,-987,174,-121,-13964,-4944,6240,-490,221,-56,0
315.3043670654297,8852,6264,11336,-186,-190,158,7292,-9340,10316,-251,91,-214,-13640,4360,5648,-985,175,-163,-13836,-4972,6448,-513,187,-100,0
315.3402440547943,8888,6256,11280,-147,-191,131,7268,-9360,10464,26,139,-213,-13696,4184,5768,-994,135,-95,-14108,-4928,6296,-528,204,-101,0
315.37524795532227,8756,6216,11052,-156,-184,129,7268,-9364,10392,-250,87,-220,-13668,4168,5816,-1008,157,-143,-13924,-4904,6504,-508,196,-49,0
315.41059398651123,8760,6216,11456,-145,-159,133,7304,-9396,10408,-13,112,-213,-13640,4192,5692,-975,132,-134,-13936,-4876,6428,-500,176,-54,0
315.4461259841919,8832,6348,11316,-155,-155,109,7236,-9360,10440,-14,117,-219,-13748,4308,5828,-1030,132,-88,-13968,-4892,6208,-483,169,-102,0
315.4824631214142,8892,6064,11220,-137,-163,102,7308,-9264,10428,4,123,-213,-13600,4328,5808,-1043,151,-109,-14000,-4928,6376,-530,218,-78,0
315.5185959339142,8784,6244,11416,-113,-143,136,7268,-9268,10340,12,110,-196,-13688,4224,5868,-1274,122,-154,-14060,-4936,6376,-257,182,-88,0
315.55364203453064,8828,6156,11236,-115,-134,117,7212,-9272,10360,-12,78,-224,-13664,4144,5792,-1000,135,-117,-13940,-4884,6372,-483,147,-87,0
315.589595079422,8772,6316,11504,-170,-92,112,7372,-9228,10300,-63,130,-183,-13624,4212,5824,-963,122,-104,-14120,-4840,6340,-501,120,-100,0
315.6248049736023,8988,6244,11316,-150,-120,69,7328,-9348,10252,-47,138,-155,-13600,4208,5676,-1011,72,-120,-13996,-4912,6400,-515,111,-129,0
315.6606879234314,8852,6164,11392,-164,-25,79,7312,-9280,10332,-24,166,-134,-13688,4140,5812,-1280,58,-91,-13944,-5044,6292,-482,118,-159,0
315.6942210197449,8812,6332,11236,-150,-255,72,7296,-9468,10332,-12,131,-128,-13600,4228,5868,-1018,70,-36,-13876,-4964,6204,-466,99,-112,0
315.7276539802551,8780,6248,11124,-132,-46,74,7204,-9356,10372,-63,114,-182,-13652,4160,5672,-988,46,-53,-14008,-4780,6168,-472,137,-137,0
315.7611811161041,8860,6316,11296,-153,-9,100,7296,-9336,10284,-58,159,-168,-13668,4272,5820,-1030,57,-48,-13896,-4792,6308,-515,139,-138,0
315.7945020198822,8816,6280,11024,-107,-2,86,7272,-9328,10420,-52,147,-124,-13700,4260,5816,-1022,39,-68,-14072,-4972,6396,-474,69,-138,0
315.8282370567322,8788,6280,11276,-146,8,103,7080,-9304,10348,-72,149,-125,-13588,4324,5744,-958,42,-44,-14048,-4960,6316,-486,88,-145,0
315.86171293258667,8808,6328,11064,-151,-47,57,7212,-9388,10360,-61,173,-136,-13660,4292,5904,-982,36,-41,-14068,-4908,6640,-486,118,-142,0
315.8948669433594,8784,6224,11300,-92,-50,77,7300,-9328,10352,-56,143,-155,-13624,4160,5876,-1015,57,-53,-13948,-4980,6228,-767,134,-148,0
315.9284510612488,8828,6136,11084,-129,-22,69,7360,-9312,10368,-38,154,-168,-13640,4264,5796,-1014,102,-73,-13992,-5012,6292,-257,137,-139,0
315.96192598342896,8744,6192,11324,-118,-64,81,7228,-9332,10500,-42,103,-164,-13640,4252,5644,-986,119,-112,-13900,-4916,6372,-530,167,-137,0
315.9955699443817,8772,6228,11444,-128,-88,100,7300,-9252,10340,-42,106,-182,-13656,4196,5956,-1008,113,-117,-14292,-4980,6448,-489,137,-143,0
316.0289371013641,8804,6204,11468,-123,-39,72,7328,-9380,10368,-53,148,-160,-13692,4240,5772,-987,84,-104,-13968,-4976,6440,-490,143,-131,0
316.06239914894104,8684,6228,11256,-117,-49,86,7360,-9328,10416,-4,148,-149,-13712,4240,5840,-981,60,-57,-13996,-4972,6308,-513,120,-152,0
316.09600591659546,8832,6292,11036,-106,-76,87,7320,-9452,10364,-27,152,-173,-13576,4148,5632,-1006,56,-48,-13972,-4856,6456,-765,108,-154,0
316.1296651363373,8852,6228,11296,-103,-54,66,7284,-9384,10408,-37,140,-181,-13616,4300,5972,-952,63,-76,-14012,-4912,6260,-761,146,-130,0
316.1629309654236,8800,6160,11368,-146,-48,77,7296,-9388,10508,-54,184,-165,-13748,4280,5908,-998,73,-82,-14104,-4872,6392,-525,164,-119,0
316.1990520954132,8784,6280,11396,-107,-52,71,7344,-9368,10328,-58,136,-174,-13808,4588,5776,-1014,87,-108,-13912,-5056,6352,-526,171,-129,0
316.2329030036926,8804,6236,11444,-105,-68,85,7260,-9372,10292,-19,113,-203,-13548,4208,6000,-1012,95,-105,-14004,-4924,6304,-484,194,-130,0
316.2664921283722,8696,6176,11296,-127,-56,92,7204,-9256,10288,-58,153,-184,-13592,4308,5896,-993,96,-89,-14016,-5004,6376,-495,145,-126,0
316.3000681400299,8812,6260,11364,-95,-58,96,7380,-9300,10376,-82,108,-174,-13580,4272,6044,-966,133,-45,-13908,-4964,6268,-559,118,-130,0
316.3338210582733,8756,6256,11336,-98,-81,61,7256,-9424,10572,-48,142,-169,-13632,4272,5988,-1018,110,-37,-13880,-4964,6300,-543,112,-88,0
316.36741399765015,8864,6296,11368,-148,-73,79,7276,-9296,10448,-70,153,-156,-13652,4272,5720,-1043,89,-70,-13836,-5084,6388,-514,87,-102,0
316.4007840156556,8764,6256,11308,-103,-45,91,7288,-9276,10476,-67,102,-182,-13412,4196,6112,-1032,121,-73,-14068,-4904,6288,-536,93,-119,0
316.4343249797821,8816,6176,11680,-91,-59,77,7352,-9336,10268,-77,127,-174,-13596,4304,5844,-948,90,-88,-13944,-4708,6280,-551,148,-154,0
316.46802401542664,8796,6204,11300,-87,-29,81,7232,-9348,10352,-42,116,-184,-13612,4248,5804,-971,101,-64,-13844,-4948,6220,-573,158,-164,0
316.50167202949524,8784,6240,11500,-102,-54,100,7260,-9244,10340,-22,140,-162,-13656,4264,5644,-990,118,-43,-13892,-4988,6432,-516,113,-99,0
316.5349450111389,8744,6308,11756,-120,-81,87,7296,-9280,10392,-67,119,-155,-13632,4236,5764,-996,88,-59,-14080,-4908,6320,-500,78,-126,0
316.56859612464905,8448,6200,11372,-111,-99,75,7268,-9348,10172,-75,145,-157,-13628,4264,5816,-973,79,-82,-13944,-4948,6352,-545,129,-146,0
316.602128982544,8452,6372,11708,-84,-63,79,7276,-9384,10340,-56,146,-168,-13580,4220,5932,-976,106,-138,-14008,-4808,6412,-549,136,-140,0
316.6356029510498,8852,6264,11300,-106,-71,92,7244,-9308,10116,-38,111,-185,-13612,4308,6072,-1040,134,-120,-13932,-5108,6472,-549,157,-141,0
316.6718189716339,8788,6260,11424,-135,-113,120,7320,-9324,10192,-28,131,-209,-13580,4264,5656,-1007,118,-105,-13960,-4968,6368,-501,134,-126,0
316.70757699012756,8756,6280,11400,-163,-62,93,7296,-9308,10320,-36,146,-197,-13636,4364,5916,-1008,134,-136,-14092,-4916,6416,-496,151,-87,0
316.7432310581207,8792,6320,11264,-136,-83,82,7376,-9360,10412,7,169,-188,-13596,4280,5660,-987,139,-87,-13988,-5032,6376,-504,154,-109,0
316.77939200401306,8820,6288,11304,-154,-99,86,7288,-9420,10312,36,117,-186,-13320,4580,5696,-998,129,-84,-13952,-4868,6148,-520,130,-101,0
316.8145270347595,8804,6280,11488,-163,-136,129,7260,-9388,10500,-2,162,-192,-13636,4156,5832,-998,125,-126,-13992,-4904,6368,-497,159,-90,0
316.8501341342926,8700,6300,11236,-138,-150,104,7336,-9440,10520,-13,152,-197,-13720,4188,5872,-981,138,-72,-13912,-4888,6328,-766,196,-76,0
316.8852291107178,8488,6264,11348,-155,-159,135,7296,-9292,10268,254,167,-199,-13428,4204,5676,-1022,174,-142,-13956,-5008,6624,-510,209,-81,0
316.92044711112976,8700,6252,11436,-154,-180,85,7296,-9372,10292,7,97,-228,-13820,4268,5716,-956,186,-158,-14008,-4920,6352,-502,207,-82,0
316.9559540748596,8832,6240,11344,-141,-176,119,7332,-9388,10284,-10,115,-248,-13640,4328,5728,-1007,177,-166,-13956,-4924,6296,-490,215,-60,0
316.99169301986694,8760,6272,11360,-179,-188,127,7372,-9380,10368,7,90,-243,-13536,4236,5808,-1001,163,-128,-13836,-5012,6280,-478,222,-62,0
317.0277349948883,8736,6296,11292,-187,-161,140,7284,-9320,10196,-21,108,-223,-13668,4204,5740,-982,168,-132,-14048,-4944,6360,-498,206,-80,0
317.0628199577332,8788,6164,11516,-154,-216,152,7324,-9408,10300,-24,152,-178,-13712,4528,5816,-1025,169,-126,-13952,-4896,6296,-530,185,-93,0
317.098149061203,8744,6164,11412,-186,-164,163,7408,-9348,10468,28,95,-203,-13668,4256,6140,-1013,117,-103,-13828,-5128,6356,-527,190,-82,0
317.13359093666077,8896,6364,11288,-131,-144,120,7300,-9340,10392,20,128,-200,-13632,4236,5792,-971,135,-155,-14000,-5040,6268,-486,161,-49,0
317.168762922287,8792,6256,11276,-147,-162,105,7264,-9380,10356,-21,151,-237,-13616,4256,5768,-998,186,-143,-14276,-4876,6480,-482,229,-49,0
317.2041630744934,8824,6180,11448,-194,-157,131,7308,-9240,10348,10,106,-211,-13576,4212,5720,-1276,130,-170,-13920,-4812,6316,-503,167,-75,0
317.2401371002197,8720,6344,11016,-148,-127,126,7356,-9324,10144,15,106,-169,-13644,4196,5704,-1268,138,-66,-14040,-4916,6372,-484,131,-111,0
317.2755000591278,8772,6336,11280,-154,-152,125,7208,-9328,10364,-19,106,-190,-13576,4224,5660,-1006,150,-101,-13964,-5028,6412,-508,152,-104,0
317.3112361431122,8756,6280,11512,-136,-173,134,7280,-9312,10420,-21,114,-216,-13696,4204,5780,-1004,159,-117,-14040,-4868,6208,-547,214,-95,0
317.3473989963532,8672,6168,11336,-68,-188,113,7336,-9288,10288,-22,97,-230,-13700,4320,5864,-1005,113,-159,-13836,-4840,6416,-546,241,-93,0
317.38078808784485,8744,6232,11180,-95,-191,114,7344,-9228,10312,-36,105,-234,-13664,4176,5732,-1021,148,-175,-13956,-4924,6192,-531,215,-88,0
317.4142339229584,8936,6112,11228,-140,-180,99,7296,-9340,10336,-31,116,-228,-13684,4252,5704,-985,127,-159,-13956,-4780,6376,-488,201,-92,0
317.4479269981384,8784,6272,11276,-120,-145,113,7320,-9364,10388,-62,112,-212,-13724,4208,5836,-990,94,-113,-13976,-4820,6352,-525,183,-142,0
317.48133301734924,8940,6232,11292,-77,-130,71,7488,-9356,10360,-128,150,-171,-13600,4204,5712,-998,13,-85,-13964,-4848,6200,-560,201,-143,0
317.5148150920868,8888,6220,11168,-114,-100,88,7384,-9276,10428,-58,165,-172,-13688,3876,5876,-1010,87,-80,-13956,-4996,6452,-526,144,-122,0
317.5483570098877,8920,6340,11452,-158,-83,89,7360,-9244,10392,-93,160,-175,-13664,4156,5712,-1012,64,-66,-14020,-4864,6368,-499,118,-123,0
317.5816271305084,8936,6348,11460,-132,-81,66,7396,-9416,10380,-84,168,-168,-13672,4256,5640,-1048,27,-60,-14048,-4888,6328,-525,105,-154,0
317.61526012420654,8888,6132,11276,-105,-65,49,7604,-9240,10276,-33,167,-132,-13740,4168,5924,-1033,22,-49,-13672,-4940,6272,-501,151,-156,0
317.64868092536926,8808,6364,11368,-98,-16,64,7304,-9320,10312,-46,128,-176,-13536,4104,5832,-1055,60,-92,-13912,-4980,6180,-509,134,-158,0
317.68207693099976,8920,6260,11012,-77,-101,41,7264,-9376,10272,-79,144,-178,-13680,4280,5716,-1081,26,-117,-13980,-5008,6652,-493,171,-157,0
317.71558904647827,8904,6272,11312,-143,-72,71,7296,-9404,10444,-59,165,-133,-13368,4272,5648,-1061,38,-101,-14076,-4908,6396,-466,124,-143,0
317.74929213523865,8852,6276,11048,-151,253,74,7372,-9292,10392,-89,169,-136,-13632,4132,5836,-1070,38,-40,-13984,-4952,6276,-483,96,-124,0
317.78233003616333,8892,6288,11232,-161,31,104,7420,-9368,10240,-43,125,-98,-13824,4160,6072,-1073,35,-9,-13892,-4736,6384,-497,93,-127,0
317.81582403182983,8756,6280,11292,-132,-15,104,7396,-9328,10404,-61,150,-135,-13712,4200,6092,-1071,68,-37,-13940,-4920,6188,-481,112,-132,0
317.8494520187378,8828,6240,11504,-115,-48,89,7260,-9500,10436,-55,144,-161,-13560,4268,5812,-1050,39,-100,-13904,-4968,6288,-495,129,-137,0
317.8825180530548,8760,6236,11252,-117,-64,40,7244,-9448,10408,-34,159,-188,-13788,4176,5980,-1031,24,-90,-13968,-4832,6252,-513,152,-143,0
317.91581201553345,8544,6268,11180,-116,-82,65,7268,-9300,10488,-41,175,-195,-13600,4148,5704,-1048,69,-112,-13968,-4848,6584,-482,161,-132,0
317.94945311546326,8832,6264,11320,-162,-42,76,7360,-9236,10284,-43,153,-194,-13708,4276,5852,-1035,36,-78,-14052,-4896,6340,-492,154,-143,0
317.9829571247101,8764,6184,11168,-146,-60,76,7372,-9396,10464,-33,138,-177,-13672,4256,5940,-1002,53,-51,-14004,-4912,6496,-463,99,-110,0
318.016618013382,8828,6264,11332,-151,-25,103,7356,-9384,10196,-46,138,-186,-13652,4260,5632,-769,88,-59,-13948,-4944,6352,-483,143,-144,0
318.05011510849,8928,6356,11148,-115,-48,74,7356,-9240,10428,-21,137,-169,-13608,4184,5660,-992,81,-103,-13924,-5036,6216,-502,140,-150,0
318.0837731361389,8768,6272,11296,-145,-54,75,7412,-9360,10380,-26,160,-167,-13664,4244,6036,-1016,100,-104,-14176,-5016,6200,-504,99,-138,0
318.11740612983704,8772,6240,11376,-127,-24,86,7280,-9344,10464,-43,121,-149,-13796,4124,6012,-1038,67,-98,-14020,-4964,6392,-497,111,-98,0
318.1508820056915,8744,6308,11312,-126,-30,92,7296,-9328,10340,-39,111,-148,-13812,4200,5896,-1055,84,-36,-14016,-5068,6332,-494,134,-109,0
318.1843559741974,8768,6268,11380,-135,-83,105,7280,-9332,10288,-24,135,-160,-13680,4172,5892,-1041,79,-85,-14040,-5004,6304,-493,156,-108,0
318.21796011924744,8712,6316,11192,-146,-79,104,7604,-9288,10280,-25,126,-178,-13644,4192,5784,-780,126,-64,-14064,-4888,6308,-485,141,-122,0
318.25169491767883,8816,6228,11180,-174,-49,113,7344,-9340,10228,-24,113,-153,-13644,4172,5848,-1022,98,-126,-14056,-4904,6412,-468,150,-140,0
318.28498911857605,8840,6280,11404,-135,-78,86,7424,-9392,10248,-61,131,-170,-13588,4596,6272,-1004,75,-71,-13996,-4836,6332,-481,160,-132,0
318.3186831474304,8808,6264,11472,-131,-93,77,7348,-9368,10404,-55,118,-167,-13652,4292,5980,-1012,95,-108,-13956,-4896,6408,-480,118,-112,0
318.3544170856476,8880,6280,11560,-136,-67,110,7272,-9388,10352,-256,127,-174,-13796,4328,5816,-1003,113,-100,-13992,-4872,6144,-495,164,-152,0
318.3902690410614,8740,6260,11480,-128,-81,80,7268,-9344,10424,-20,130,-181,-13584,4180,5784,-1274,101,-66,-13908,-4744,6464,-493,149,-111,0
318.4254479408264,8728,6288,11448,-134,-88,121,7276,-9420,10012,-24,118,-189,-13768,4300,5652,-1018,103,-110,-13896,-4924,6456,-509,142,-107,0
318.46083092689514,8648,6280,11380,-124,-100,93,7264,-9424,10392,-8,136,-171,-13632,4160,5828,-985,115,-69,-13848,-5060,6436,-500,164,-124,0
318.4958999156952,8764,6540,11424,-143,-76,88,7328,-9400,10336,-50,141,-182,-13672,4152,5640,-961,89,-104,-13940,-4876,6268,-485,110,-124,0
318.5314350128174,8796,6216,11444,-145,-136,73,7308,-9368,10460,-3,152,-193,-13824,4264,5960,-1007,85,-80,-14000,-4964,6380,-503,141,-120,0
318.567479133606,8728,6232,11424,-184,-104,123,7252,-9344,10440,43,165,-167,-13640,4208,6268,-1037,92,-77,-13936,-5164,6320,-476,165,-60,0
318.603364944458,8808,6344,11532,-130,-99,103,7292,-9316,10380,-21,126,-213,-13620,4176,5984,-980,127,-107,-13976,-5060,6420,-514,169,-76,0
318.6387119293213,8904,6272,11420,-167,-164,73,7280,-9288,10400,-254,161,-2,-13696,4268,5824,-969,144,-133,-14180,-4860,6340,-507,216,-79,0
318.67393612861633,8596,6228,11272,-146,-139,119,7316,-9336,10372,50,133,-187,-13572,4184,5984,-997,154,-110,-13936,-4924,6372,-498,187,-86,0
318.71000599861145,8744,6420,11408,-147,-94,137,7260,-9276,10328,-9,136,-158,-13660,4128,5992,-956,178,-95,-13984,-4992,6228,-494,120,-43,0
318.74525594711304,8920,6232,11332,-178,-158,149,7192,-9348,10368,-12,153,-204,-13720,4252,5672,-930,187,-91,-13936,-4932,6424,-511,175,-50,0
318.78127813339233,8744,6244,11460,-136,-140,136,7336,-9360,10448,17,114,-223,-13616,4184,5932,-984,171,-162,-13996,-4920,6280,-520,254,-65,0
318.81748509407043,8700,6436,11392,-161,-178,164,7212,-9352,10092,30,91,-231,-13340,4224,6136,-970,198,-186,-13980,-4952,6368,-530,247,-81,0
318.8527150154114,8760,6204,11488,-123,-191,158,7340,-9316,10332,7,106,-235,-13560,4324,5768,-979,181,-159,-13960,-4952,6420,-767,237,-53,0
318.8881459236145,8836,6292,11260,-149,-191,128,7276,-9384,10360,14,109,-247,-13648,4288,5732,-948,183,-168,-14032,-5092,6308,-510,188,-58,0
318.9239239692688,8912,6216,11332,-170,-175,146,7360,-9336,10400,255,121,-201,-13684,4188,5852,-948,166,-188,-14028,-4868,6156,-762,196,-66,0
318.95977210998535,8800,6220,11396,-158,-149,130,7600,-9352,10348,10,128,-235,-13572,3880,5988,-982,164,-124,-13992,-5096,6120,-530,180,-71,0
318.9947900772095,8740,6260,11224,-146,-143,129,7296,-9244,10328,6,89,-218,-13644,4136,5704,-990,160,-121,-14076,-4900,6256,-765,183,-60,0
319.0303280353546,8748,6348,11220,-145,-157,103,7248,-9300,10440,-13,88,-227,-13588,4348,5736,-972,167,-144,-14008,-4832,6368,-528,169,-81,0
319.06378698349,8792,6264,11092,-142,-187,164,7296,-9292,10396,-12,119,-222,-13764,4176,5868,-956,204,-119,-13916,-4900,6400,-508,177,-85,0
319.0973811149597,8472,6288,11372,-145,-153,141,7252,-9328,10056,14,84,-229,-13668,4268,5980,-1005,184,-137,-14060,-4912,6132,-527,226,-78,0
319.13091111183167,8852,6184,11304,-108,-181,105,7308,-9324,10208,255,72,-232,-13616,3884,5864,-971,182,-121,-13932,-4996,6504,-258,209,-102,0
319.1642601490021,8788,6240,11060,-125,-174,139,7352,-9068,10360,-256,98,-227,-13680,4172,5868,-976,157,-120,-13996,-5028,6256,-503,184,-82,0
319.19775915145874,8884,6248,11348,-151,-135,103,7328,-9260,10316,-49,99,-208,-13796,4200,5796,-986,188,-105,-14164,-4908,6404,-588,116,-79,0
319.231409072876,8888,6228,11208,-65,-161,101,7376,-9344,10448,-51,113,-185,-13772,4132,5912,-965,163,-110,-14008,-4884,6144,-546,126,-112,0
319.26485800743103,8904,6300,11068,-147,-114,84,7348,-9240,10428,-37,124,-186,-13576,4224,5700,-983,148,-55,-14036,-4920,6424,-545,78,-113,0
319.2984590530396,8940,6232,11304,-79,-54,91,7188,-9372,10320,-74,117,-170,-13572,4136,5768,-1029,183,-66,-13964,-4976,6264,-538,66,-110,0
319.3321681022644,9164,6280,11368,-85,-69,39,7344,-9336,10476,-82,145,-162,-13608,4240,5732,-997,169,-48,-14052,-4816,6372,-541,77,-129,0
319.3656220436096,8936,6260,11232,-119,-7,61,7200,-9324,10268,-53,169,-127,-13688,4144,5640,-1006,147,-40,-14020,-4996,6432,-557,11,-116,0
319.39889907836914,8876,6312,11148,-56,21,74,7284,-9324,10368,-75,123,-120,-13688,4208,5812,-993,138,10,-13864,-5068,6144,-579,-33,-143,0
319.4467580318451,8704,6360,11292,-82,-27,30,7316,-9404,10452,-90,143,-138,-13728,4336,5924,-1015,120,-83,-14008,-4948,6372,-607,56,-128,0
319.49214005470276,8900,6236,11492,-38,253,24,7560,-9380,10556,-76,149,-159,-13696,4216,5616,-1029,123,-93,-13968,-5000,6400,-538,63,-152,0
319.52944898605347,8808,6280,11220,-71,-1,35,7328,-9412,10324,-50,125,-145,-13816,4240,5736,-985,169,-95,-13924,-4996,6452,-555,102,-128,0
319.5631489753723,8688,6304,11208,-71,-5,67,7312,-9272,10180,-93,129,-180,-13632,4220,5656,-1030,116,-72,-13984,-4944,6360,-265,98,-124,0
319.5964050292969,8828,6256,11440,-72,-71,63,7276,-9376,10384,-97,180,-153,-13764,4184,6020,-1013,106,-52,-13968,-4924,6432,-461,88,-89,0
319.6299171447754,8904,6392,11308,-35,-28,44,7396,-9368,10328,-145,170,-148,-13736,4208,5716,-1040,140,-88,-13912,-4928,6532,-477,36,-112,0
319.6633780002594,8896,6364,11404,-74,-12,55,7352,-9332,10408,-90,169,-139,-13620,4264,5660,-973,116,-100,-13948,-4880,6324,-526,71,-127,0
319.69690012931824,8728,6632,11124,-53,-23,69,7320,-9360,10292,-139,164,-128,-13632,4196,5732,-863,85,-110,-13972,-4868,6472,-529,176,-118,0
319.7304620742798,8952,6408,11364,66,92,34,7216,-9448,10360,-144,134,-153,-13660,4184,5908,-941,51,-125,-13916,-4968,6336,-454,155,-111,0
319.7642409801484,8812,6332,11344,71,14,27,7592,-9356,10420,-91,220,-169,-13716,4244,5924,-867,49,-90,-13928,-4944,6336,-457,225,-142,0
319.7975730895996,8724,6308,11340,45,-4,11,7216,-9480,10340,-134,191,-140,-13712,4192,5644,-732,65,-104,-13976,-4972,6280,-429,260,-145,0
319.8310761451721,8732,6476,11464,75,-33,13,7208,-9332,10228,-228,226,-174,-13584,4164,5892,-647,93,-102,-13960,-4972,6340,-367,375,-114,0
319.8645329475403,8936,6432,11400,-48,-112,16,7340,-9260,10380,-143,260,-176,-13636,4180,5756,-962,154,-164,-14012,-4936,6332,-341,240,-64,0
319.89812898635864,8736,6404,11428,-140,-108,23,7316,-9368,10264,-30,277,-168,-13672,4416,5636,-772,149,-139,-13948,-5120,6340,-321,203,-73,0
319.93182396888733,8628,6396,11308,-284,-136,42,7268,-9348,10392,16,339,-140,-13756,4332,5928,-1069,194,-175,-13992,-4956,6164,-297,423,-72,0
319.9654550552368,8764,6496,11220,-656,43,35,7288,-9316,10572,134,472,-102,-13656,4116,5920,-1042,301,-226,-14208,-4952,6364,-227,739,-58,0
319.9989609718323,8744,6404,11388,-928,323,252,7392,-9388,10368,287,446,-82,-13672,4220,5788,-1064,293,-162,-14140,-5076,6436,-478,621,-87,0
320.0349690914154,8572,6312,11216,-378,73,41,7384,-9236,10604,83,303,-145,-13628,4344,5580,-1103,258,-143,-13832,-4940,6436,-537,440,-70,0
320.0708110332489,8576,6324,11408,-145,4,112,7232,-9380,10484,18,82,-178,-13580,4240,5808,-1201,125,-26,-14040,-4784,6452,-352,191,-53,0
320.10617995262146,8956,6364,11612,-63,-179,193,7192,-9292,10420,47,6,-223,-13752,4012,5868,-1294,90,-58,-14008,-4916,5988,93,398,-42,0
320.14236211776733,8820,6348,11504,-550,-80,204,7208,-9432,10656,-28,261,-207,-13776,4200,5976,-1293,59,-124,-14196,-4748,6308,354,441,-58,0
320.1780841350556,8764,5864,11932,-361,-343,201,7392,-9272,10488,108,308,-150,-13760,4136,5984,-1532,40,-96,-13988,-5096,6552,-59,966,-130,0
320.2135751247406,8584,6260,11372,-536,-228,167,7148,-9424,10240,102,299,-165,-13608,4020,5664,-1301,50,-143,-14052,-4788,6412,8,676,-53,0
320.24997901916504,8668,6196,11408,-547,-173,153,6984,-9308,10392,193,251,-208,-13712,4140,5428,-1326,109,-141,-13960,-4804,6256,162,301,-23,0
320.28511095046997,8748,6236,11380,-445,-184,12,7240,-9248,10324,163,142,-226,-13656,4268,5784,-1337,-15,-30,-14164,-4732,6240,164,80,-85,0
320.320433139801,8856,6048,11448,-276,-393,321,7276,-9320,10352,103,104,-243,-13740,4228,5732,-1315,-199,-46,-14148,-4824,6120,-139,115,-106,0
320.356194972992,8712,6144,11396,-288,-319,293,7420,-9380,10564,117,82,-216,-13816,4116,6124,-1359,-154,-50,-14328,-4656,6060,-22,414,-92,0
320.39240407943726,8808,6224,11512,-428,-306,233,7200,-9308,10488,99,144,-180,-13632,4040,6092,-1247,-156,-44,-14232,-4872,6304,-93,374,-88,0
320.4282660484314,8932,6088,11364,-382,-306,140,7232,-9276,10500,33,501,-192,-13688,4184,5648,-1100,-74,-85,-14152,-4808,6352,-397,330,-158,0
320.46333193779,8736,6136,11420,-219,-297,109,7188,-9292,10356,37,215,-201,-13360,4312,5832,-1130,-5,-101,-14172,-4872,6312,-449,147,-95,0
320.4982039928436,8868,6128,11272,-61,-207,111,7212,-9244,10304,2,101,-210,-13628,4132,5684,-1054,200,-94,-13852,-4736,6256,-519,-95,-95,0
320.53386998176575,8800,6180,11332,-37,-170,52,6968,-9340,10460,-58,106,-235,-13632,4088,5932,-533,503,-156,-13980,-4716,6044,-808,47,-105,0
320.5697889328003,8876,6200,11416,-50,-120,85,7124,-9320,10484,-89,174,-206,-13348,4200,5980,-980,242,-153,-14292,-4672,6312,-659,191,-70,0
320.6049630641937,8872,5932,11256,-56,-184,69,7220,-9320,10256,1,172,-231,-13644,3868,5664,-922,186,-168,-14092,-4776,6228,-650,192,-81,0
320.6408619880676,8900,6172,11196,-55,-187,94,7116,-9264,10560,-22,156,-199,-13644,4060,6112,-870,170,-116,-14220,-4820,6216,-448,296,-33,0
320.6785891056061,8856,6204,11268,-199,-139,56,7200,-9300,10428,-39,180,-232,-13604,4060,5992,-927,119,-163,-14172,-4720,5932,-337,433,-39,0
320.71233201026917,8960,6184,11288,-310,-199,119,7364,-8968,10296,8,215,-239,-13680,4164,5940,-910,122,-120,-14300,-4712,6376,-319,525,-18,0
320.74596309661865,8904,6104,11380,-335,-197,170,7196,-9328,10400,69,185,-221,-13760,3940,5732,-995,127,-110,-14120,-4896,6268,-458,362,-50,0
320.7799279689789,8928,6060,11432,-252,-254,129,7380,-9120,10336,49,128,-161,-13640,3872,5836,-877,94,-78,-14196,-4688,6256,-458,194,-55,0
320.81363105773926,8876,6088,11412,-267,-248,180,7104,-9256,10348,-17,139,-136,-13572,4348,5980,-1122,-38,-145,-14064,-4632,6028,-161,516,-24,0
320.8472321033478,9004,6068,11252,-391,-312,204,7256,-9404,10264,92,192,-160,-13736,4064,5916,-1076,-48,-154,-14176,-4816,6116,-512,566,-138,0
320.8808641433716,9056,6016,11344,-313,-273,179,7208,-9148,10488,111,190,-193,-13596,4124,5740,-984,-176,-173,-14140,-4708,5892,-385,472,-149,0
320.91407799720764,8824,6036,11436,-248,-232,173,7092,-8972,10732,53,174,-161,-13628,4304,5800,-944,-150,-71,-14180,-4644,5996,-287,397,-101,0
320.94777607917786,8848,6148,11416,-244,-273,173,7020,-9404,10520,-13,94,-204,-13616,4060,5940,-771,80,-104,-14092,-4356,6264,-323,332,-41,0
320.98133993148804,9020,6036,11504,-224,-211,167,7272,-9276,10476,-68,101,-172,-13760,4192,6032,-1036,89,-43,-14140,-4776,6224,-430,236,-22,3
321.01492404937744,8972,6060,11392,-170,-286,159,7280,-9268,10328,-38,197,-217,-13616,4164,5912,-945,18,-70,-14332,-4716,5908,-258,228,-70,3
321.0484130382538,9012,6004,11348,-102,-2,154,7156,-9172,10368,-52,147,-198,-13568,4280,6052,-808,-41,-85,-14312,-4780,6092,-578,193,-110,3
321.08198714256287,9000,6048,11180,-167,-219,148,7172,-9228,10428,-64,69,-225,-13672,4336,6072,-756,-70,-98,-14072,-4736,5900,-576,346,-151,3
321.1156129837036,8980,6068,11352,-182,-217,158,7264,-9324,10368,-36,88,-201,-13736,4140,5884,-723,-161,-42,-14276,-4632,6072,-706,308,-200,3
321.14896392822266,9076,6048,11256,-108,-140,89,7288,-9324,10632,-110,143,-103,-13716,4116,5900,-779,-117,-62,-14208,-4668,5932,-580,-123,-220,3
321.1826419830322,9356,6228,11128,-125,-99,92,7256,-8992,10484,-62,122,-145,-13484,4064,6064,-698,-75,-28,-14152,-4728,6044,-515,204,-138,3
321.22084403038025,8968,6104,11280,-126,-46,56,7340,-9280,10380,-102,120,-172,-13672,4156,5640,-804,54,-119,-14316,-4680,5972,-597,168,-161,3
321.25451397895813,9060,6068,11312,-152,-73,88,7200,-9292,10368,-78,166,-165,-13636,4100,5716,-779,88,-70,-14252,-4768,5972,-619,142,-189,3
321.28813099861145,9044,6020,11388,-77,-115,63,7288,-9464,10532,-70,219,-142,-13540,4188,6060,-833,-23,-83,-14092,-4648,5892,-571,155,-207,3
321.32175493240356,8948,6048,11308,-116,-127,88,7244,-9068,10424,-56,230,-119,-13624,4108,5936,-820,-23,-110,-13868,-4720,6048,-617,206,-246,0
321.3557679653168,9020,6080,11368,-76,-130,51,7168,-9380,10376,-15,212,-175,-13592,4148,5836,-837,3,-121,-14236,-4788,5952,-619,133,-220,0
321.38912296295166,9000,6064,11652,-54,-128,12,7096,-9268,10504,-20,209,-186,-13540,4212,5996,-793,30,-75,-14148,-4808,6080,-653,183,-1,0
321.42268896102905,9180,6096,11516,-51,-74,254,7108,-9332,10572,-94,197,-193,-13512,4292,5996,-750,80,-88,-14144,-4824,5992,-647,132,-212,0
321.4561829566956,9040,6108,11316,-56,-84,30,7372,-9324,10428,-111,138,-213,-13688,4200,5808,-590,122,-99,-14196,-4652,5988,-712,-3,-145,0
321.4900000095368,8944,6092,11320,69,-139,33,7228,-9268,10428,-107,115,-195,-13604,4160,5896,-720,207,-95,-14152,-4840,5912,-713,-42,-186,0
321.5237441062927,8968,6136,11444,20,-115,47,6952,-9232,10308,-140,170,-211,-13592,4240,5968,-698,214,-158,-14132,-4840,5988,-713,113,-163,0
321.5574059486389,8952,6112,11144,-40,-116,39,7248,-9340,10584,-106,198,-179,-13556,4196,5944,-740,243,-138,-13896,-4800,5968,-680,255,-154,0
321.5910620689392,9120,5932,11376,7,-146,34,7316,-9280,10604,-143,153,-192,-13324,4220,5956,-701,187,-77,-13916,-4860,6036,-727,-62,-174,0
321.6244549751282,8984,5896,11200,250,-70,15,7344,-9316,10432,-232,503,-124,-13580,4188,5776,-1015,239,-90,-14072,-4788,6096,-654,15,-147,0
321.6579360961914,9048,6188,11272,-24,-43,36,7144,-9236,10532,-156,171,-166,-13656,4208,5908,-740,218,-83,-14144,-4804,5944,-670,253,-140,0
321.6918349266052,8944,6216,11272,-21,-39,-10,7220,-9356,10524,-166,139,-164,-13616,4280,5980,-762,205,-55,-14196,-4792,5996,-686,-34,-121,0
321.7291419506073,9212,6344,11212,-256,-31,5,7224,-9336,10660,-156,79,-174,-13484,4188,6092,-648,226,-106,-14100,-4868,5828,-721,-29,-139,0
321.7642810344696,8972,6212,11052,29,3,-10,7164,-9428,10464,-270,153,-163,-13692,4392,5808,-579,331,-111,-14044,-4920,6140,-811,-156,-125,0
321.80071210861206,8904,6124,11220,45,-55,-27,7044,-9324,10348,-239,122,-142,-13668,4428,5560,-615,362,-80,-14008,-4788,6008,-803,-143,-89,0
321.8370831012726,8932,6264,11316,-7,29,30,7116,-9384,10484,-500,89,-171,-13612,4416,5936,-622,435,-121,-14144,-4868,6292,-759,-133,-76,0
321.872456073761,8888,6316,11116,31,26,-27,7100,-9428,10620,-4,119,-156,-13688,4576,5656,-614,602,-115,-14072,-4868,6116,-920,-284,-55,0
321.9083549976349,8964,6248,11200,141,98,-59,7268,-9448,10748,-315,147,-160,-13708,4268,5772,-669,732,-105,-14160,-4884,6216,-918,-309,-37,0
321.9432530403137,8828,6332,11272,144,146,-132,7148,-9428,10400,-313,123,-134,-13732,4304,5576,-632,777,-149,-14248,-4876,6360,-1097,-331,-251,0
321.9793031215668,8996,6280,11200,189,80,-212,7204,-9484,10344,-303,179,-124,-13720,4360,5456,-724,911,-144,-14164,-4736,6228,-958,-535,17,0
322.015016078949,8908,6344,11368,101,95,-125,7384,-9536,10432,-107,196,-129,-13976,4296,5572,-797,859,-157,-13932,-4992,5888,-812,-269,37,0
322.05107712745667,8836,6448,11324,-48,80,-54,7124,-9388,10500,-65,219,-151,-14080,4328,5584,-827,630,-220,-13872,-4988,6076,-688,38,-26,0
322.086049079895,8812,6364,11500,-90,-95,-26,7108,-9396,10392,-14,197,-237,-13824,4272,5436,-869,256,-227,-13988,-4744,6196,-634,195,-5,0
322.1219019889832,8824,6416,11272,-164,-51,77,6940,-9412,10236,54,162,-199,-13840,4440,5396,-1012,370,-179,-14288,-4628,6632,-471,67,-100,0
322.1576941013336,8880,6276,11324,-240,-46,210,7180,-9248,10260,35,159,-175,-13780,4452,5128,-1119,440,-132,-14016,-4876,6380,-627,-23,-128,0
322.192862033844,8932,6344,11128,-60,698,119,7096,-9396,10340,-11,42,-138,-13828,4252,5472,-1263,339,-138,-13980,-4848,6452,-94,339,-52,0
322.2277240753174,8920,6348,11256,25,-35,205,7228,-9388,10540,122,253,-199,-13644,4104,5204,-1362,257,-184,-13932,-5040,6160,-390,657,41,0
322.2632119655609,8808,6376,11324,441,25,-130,7084,-9324,10436,-31,43,-216,-13780,4296,5688,-1029,524,-108,-13968,-5048,5844,-1253,84,32,0
322.2995550632477,8836,6536,11152,169,-161,-109,7056,-9300,10728,-173,107,-267,-13936,4240,5772,-845,284,-142,-14096,-4716,6020,-722,408,-61,0
322.3347520828247,8804,6332,11260,-350,-165,276,7352,-9296,10260,82,44,-238,-13920,4268,5408,-815,194,-96,-14136,-4992,6464,-723,209,-32,0
322.37173199653625,8728,6380,11344,-308,-228,89,7100,-9708,10280,-19,283,-238,-13864,4284,5292,-820,226,-108,-13868,-4900,6076,-1357,288,-199,0
322.4049150943756,8900,6376,11228,-319,-123,83,7140,-9456,10324,57,258,-226,-13888,4292,5252,-927,267,-165,-14240,-4816,6200,-327,71,-44,0
322.4384109973908,8852,6612,11204,-197,-283,150,7104,-9452,10268,99,187,-244,-13856,4364,5456,-1014,314,-208,-14272,-4908,6228,1,204,20,0
322.4718859195709,8860,6392,11496,-253,-177,190,7236,-9356,10460,61,108,-226,-13948,4356,5396,-893,201,-172,-14096,-4900,6608,-509,245,-123,0
322.50548100471497,8872,6468,11040,-126,-304,128,7148,-9452,10344,47,143,-227,-14056,4416,5292,-1148,202,-104,-14156,-4696,6388,-745,-84,-126,0
322.5389759540558,8776,6368,11324,-130,-189,209,7156,-9492,10280,122,113,-236,-13620,4364,5284,-1351,259,-153,-13904,-4640,6172,-718,-150,-124,0
322.5726001262665,8768,6340,11216,-132,-237,205,7068,-9360,10400,127,61,-251,-13580,4296,5268,-1317,279,-160,-14260,-4872,6084,-645,52,-111,0
322.6061980724335,8764,6360,11276,-228,-200,221,7124,-9432,10416,157,14,-229,-13908,4280,5464,-1294,89,-154,-13860,-4884,6196,-357,493,-115,0
322.6395981311798,9452,6372,11556,-506,-106,318,7224,-9344,10208,190,-14,-215,-13916,4340,4884,-1441,-178,-73,-14004,-5076,6168,-493,235,-197,0
322.6729910373688,8900,6252,11208,-238,-57,336,7408,-9372,10432,142,-42,-200,-13924,4276,5568,-1447,-51,-136,-14028,-4804,5736,-735,701,-236,0
322.7067840099335,8768,6276,11168,-240,195,317,7304,-9324,10564,253,-20,-158,-13980,4528,5356,-1558,-291,-125,-14140,-4844,6160,-800,1173,-324,0
322.7402811050415,9012,6316,11160,-251,331,316,7324,-9372,10260,235,-252,-142,-13996,4212,5360,-1448,-412,-119,-14140,-4852,5852,-882,966,-363,0
322.773775100708,8808,6244,11168,-136,394,243,7168,-9308,10228,169,-10,-135,-13888,4220,5188,-1267,-248,-93,-14156,-4916,5996,-888,440,-346,0
322.80738592147827,8808,6336,11424,16,336,2,7236,-9292,10400,90,-108,-64,-13888,4220,5244,-1062,-83,-75,-14080,-4992,6112,-1130,668,-384,0
322.8410451412201,8796,6368,11296,10,699,243,7220,-9360,10268,42,-85,-77,-13972,4148,5884,-1129,-130,-131,-14188,-5168,5776,-938,729,-314,0
322.87443709373474,8748,6364,11112,14,469,186,7280,-9328,10456,-10,7,-93,-13832,4224,5484,-1001,-116,-92,-14156,-5116,5952,-952,577,-324,0
322.9080059528351,8796,6404,11344,130,279,116,7224,-9292,10476,-131,66,-108,-14064,4260,5392,-1050,-83,-72,-14324,-5088,5852,-837,524,-286,0
322.94147515296936,8756,6412,11408,176,492,62,7152,-9292,10392,-64,77,-83,-13632,4148,5700,-1118,-79,-120,-14292,-5044,5728,-578,451,-165,0
322.975182056427,8736,6376,11388,115,361,60,7132,-9284,10556,-142,139,-143,-13596,4160,5488,-1133,252,-137,-14168,-5128,6088,-374,142,-112,0
323.00868010520935,8628,6452,11400,31,350,56,7320,-9328,10252,-39,136,-123,-13896,4148,5556,-1117,-38,-140,-14212,-5112,5696,-308,117,-129,0
323.0422611236572,8660,6272,11008,-29,291,107,7236,-9268,10552,-41,86,-143,-13836,4180,5440,-1261,-206,-130,-14200,-4872,5672,-189,140,-128,0
323.07558703422546,8684,6400,11416,-62,154,118,7172,-9340,10612,-19,96,-151,-13792,4132,5504,-1203,-212,-108,-14168,-5352,5668,-185,158,-97,0
323.109267950058,8496,6472,11432,-174,255,138,6936,-9028,10248,23,57,-145,-13856,4324,5520,-1284,-142,-84,-14144,-5064,5696,-169,229,-55,0
323.14260697364807,8584,6432,11424,-221,157,143,7116,-9248,10372,-247,142,-140,-13768,4140,5552,-1292,-111,-109,-14264,-5052,6088,-127,230,-105,0
323.1759099960327,8588,6592,11276,-266,226,149,7248,-9244,10456,24,83,-175,-13744,3888,5564,-1279,-68,-152,-14212,-5024,6064,-191,204,-72,0
323.20935106277466,8564,6184,11272,-252,220,121,7216,-9336,10508,46,133,-118,-13708,4240,5736,-1345,-85,-128,-14168,-5060,5788,-216,345,-84,0
323.24296593666077,8484,6412,11380,-193,172,111,7188,-9344,10632,49,129,-128,-13708,4136,5668,-1294,-52,-123,-14224,-5012,5752,-507,331,-96,0
323.27661895751953,8532,6384,11432,-222,142,101,6972,-9256,10384,59,152,-153,-13688,4092,5704,-1301,-14,-76,-14184,-5052,5740,-269,264,-82,0
323.3101511001587,8504,6388,11512,-214,52,108,7048,-9316,10344,71,171,-125,-13704,4128,5696,-1383,64,-81,-14212,-5036,5808,-267,273,-62,0
323.3437969684601,8480,6400,11616,-271,73,101,7152,-9272,10532,117,191,-153,-13792,4000,5860,-1391,64,-91,-14220,-5064,5688,-206,169,-97,0
323.3772671222687,8456,6356,11432,-234,3,92,7360,-9288,10544,66,198,-150,-13648,4052,5808,-1219,-11,-54,-14152,-4936,5664,-293,300,-75,0
323.41451501846313,8280,6200,11392,-508,27,33,7224,-9324,10308,-31,216,-162,-13712,4048,5712,-1213,31,-83,-14216,-5000,5852,-220,201,-12,0
323.4501941204071,8480,6352,11472,-233,-10,105,7232,-9284,10452,23,213,-180,-13680,3884,5380,-1229,86,-38,-14052,-4956,5792,-249,230,248,0
323.4855260848999,8524,6256,11804,-219,-151,114,6984,-9336,10628,-1,221,-185,-13784,3936,5648,-1198,28,-94,-14300,-4984,5796,-289,235,-10,0
323.5209250450134,8512,6392,11724,-209,-174,90,7416,-9264,10452,4,279,-200,-13732,4016,5840,-1187,47,-47,-14280,-4996,5760,-263,81,-21,0
323.5562059879303,8460,6328,11568,-202,-180,59,7392,-9280,10504,-28,259,-168,-13748,4008,5832,-1182,119,-63,-14240,-4764,5700,-175,75,-4,0
323.59209513664246,8328,6328,11488,-209,-197,86,7180,-9324,10652,-11,203,-197,-13688,4028,5440,-1171,112,-80,-14144,-4956,5828,-319,92,-99,0
323.6281630992889,8556,6296,11476,-156,-31,71,6924,-9204,10392,-47,182,-188,-13808,3960,5828,-1046,47,-1,-14144,-5004,5884,-246,25,-74,0
323.66341400146484,8312,6408,11464,-209,79,71,7180,-9348,10568,-50,201,-177,-13664,4092,5876,-1060,72,-8,-14324,-5068,5724,-103,43,-92,0
323.69942808151245,8372,6228,11500,-266,282,106,7384,-9440,10352,-32,154,-158,-13772,4072,5880,-1003,-32,-63,-14244,-4672,5832,-111,94,-57,0
323.73449206352234,8484,6288,11476,-279,437,88,7256,-9188,10288,10,193,-137,-13760,4044,5708,-1016,48,12,-14276,-4940,6148,-139,44,-38,0
323.77071714401245,8388,6312,11728,-245,479,85,7116,-9388,10384,-3,129,-142,-13640,4056,5764,-1100,58,-54,-14104,-4868,5844,-72,25,32,0
323.8055191040039,8288,6256,11744,-269,300,125,7172,-9324,10456,74,156,-178,-13736,4128,5612,-1113,101,-98,-14124,-4616,6044,-235,248,-23,3
323.8409390449524,8240,6268,11592,-273,116,128,7116,-9328,10592,56,166,-205,-13680,4100,5784,-980,124,-114,-14220,-4956,6088,-481,247,-64,3
323.87617897987366,8284,6260,11468,-199,-211,107,6988,-9332,10636,-33,161,-205,-13744,4076,5952,-1004,184,-120,-14196,-4628,5416,-417,468,15,3
323.9118800163269,8264,6248,11824,-243,-203,123,7212,-9328,10380,33,174,-265,-13800,4044,5780,-927,113,-123,-14312,-5112,5652,-560,343,-62,3
323.9484770298004,8308,6348,11576,-235,-162,101,7068,-9304,10748,-32,150,-250,-13672,3952,6060,-892,112,-117,-14284,-4756,5948,-575,278,-90,3
323.98343205451965,8316,6176,11676,-166,-159,104,7108,-9244,10460,-30,186,-191,-13632,3864,5740,-963,101,-85,-14208,-4788,5788,-523,249,-28,3
324.0193510055542,8336,6216,11552,-231,-164,107,7120,-9292,10400,54,138,-197,-13748,4100,5708,-974,155,-152,-14280,-4836,5760,-554,306,-72,3
324.0556061267853,8360,6384,11524,-184,-161,126,6960,-9248,10564,32,114,-210,-14028,3960,5924,-959,127,-98,-14312,-4944,5860,-584,3,-44,3
324.0894191265106,8452,6196,11424,-207,-152,116,7236,-9472,10648,10,167,-216,-13736,3984,6052,-940,111,-121,-14304,-4764,5700,-599,309,-94,3
324.12263202667236,8372,6388,11480,-216,-144,139,7212,-9340,10504,28,125,-230,-13800,4076,5848,-954,132,-157,-14356,-4688,5744,-585,370,-112,3
324.1559591293335,8356,6156,11272,-189,-130,145,7224,-9192,10428,26,148,-200,-13668,4052,5860,-966,105,-177,-14228,-4912,5772,-564,284,-115,3
324.18934893608093,8304,6252,11624,-191,-116,131,7120,-9204,10420,42,140,-170,-13692,4064,5664,-956,67,-91,-14228,-4872,5656,-583,237,-129,0
324.2226331233978,8292,6240,11728,-173,-155,150,7136,-9272,10556,35,167,-185,-13744,4044,5852,-971,48,-81,-14164,-4828,5660,-623,312,-137,0
324.2561230659485,8192,6264,11644,-129,-149,111,7172,-8976,10632,29,160,-209,-13776,4048,6100,-971,47,-151,-14200,-4852,5760,-615,316,-128,0
324.2899360656738,8372,6252,11648,-149,-181,114,7068,-9288,10404,55,104,-238,-13600,4316,5732,-937,93,-110,-14136,-4964,5828,-640,281,-121,0
324.3237309455872,8312,6228,11752,-133,-218,137,7076,-9156,10472,7,100,-243,-13684,3980,5768,-903,65,-161,-14316,-4612,5696,-584,304,-120,0
324.35762906074524,8368,6256,11456,-141,-251,124,7100,-9260,10580,-1,95,-246,-13748,4024,5648,-901,73,-175,-14312,-4648,5720,-601,296,-97,0
324.390841960907,8436,6304,11492,-176,-243,112,7172,-9332,10244,17,110,-246,-13716,4172,5728,-873,42,-129,-14288,-4832,5708,-563,314,-92,0
324.4240500926972,8388,6260,11372,-152,-222,124,7196,-9172,10496,12,98,-245,-13736,4016,5828,-870,58,-117,-14308,-4792,5752,-603,334,-99,0
324.4576201438904,8624,6296,11352,-143,-183,129,7344,-9064,10468,-29,116,-225,-13656,3944,5872,-879,83,-89,-14200,-4812,5872,-573,218,-98,0
324.4911890029907,8372,6220,11272,-134,-223,138,7416,-9460,10708,-114,158,-223,-13880,4000,5680,-851,46,-108,-14332,-4808,5528,-602,76,-148,0
324.5247459411621,8652,6132,11456,-174,-231,59,7260,-9424,10736,-70,135,-154,-13760,3972,5764,-930,28,-80,-14308,-4816,5860,-629,112,-174,0
324.5583040714264,8408,6272,11488,-87,-234,59,7304,-9184,10528,-56,194,-110,-13740,3972,5748,-884,21,-88,-14212,-4652,5672,-618,43,-141,0
324.5919461250305,8256,6368,11652,-36,-238,36,7252,-9208,10428,-93,170,-192,-13692,4084,5808,-851,78,-99,-14232,-4912,5644,-655,30,-152,0
324.62531304359436,8552,6292,11560,-71,-392,48,7144,-9412,10680,-173,179,-199,-13644,4096,5740,-738,136,-14,-14388,-4632,5792,-640,-256,-145,0
324.6586561203003,8476,6220,11376,-21,-540,56,7208,-9148,10460,-207,175,-181,-13680,4144,5440,-646,267,-3,-14152,-4944,5776,-687,-486,-138,0
324.6922039985657,8440,6160,11264,-44,-517,65,7204,-9440,10464,-228,138,-167,-13736,4060,5796,-537,262,249,-14268,-5064,5648,-719,-356,-167,0
324.7257330417633,8540,6256,11508,24,-502,18,6936,-8988,10600,-250,219,-219,-13788,4084,5864,-529,187,235,-14224,-4808,6064,-662,-389,-190,0
324.75924015045166,8300,6284,11484,32,-414,-11,7184,-9268,10592,-497,288,-222,-13768,3864,5764,-607,213,-30,-14160,-4684,6124,-695,-349,-202,0
324.79269909858704,8248,6276,11404,31,-240,-26,7180,-9292,10504,-180,210,-174,-14020,4140,5640,-737,123,-33,-14160,-4812,5636,-709,-102,-167,0
324.8262209892273,8512,6252,11296,3,-160,-12,7412,-9228,10604,-184,213,-159,-13768,4116,5764,-782,132,-39,-14228,-4868,5776,-524,-184,-173,0
324.8598790168762,8504,6268,11464,22,-107,14,7064,-9388,10328,-141,147,-158,-13736,4132,5672,-879,132,-63,-14100,-4876,5836,-498,-94,-168,0
324.8932521343231,8464,6264,11396,-45,-83,75,7356,-9248,10372,-88,125,-173,-13700,3888,5796,-846,216,-79,-14164,-4848,6108,-506,-108,-128,0
324.9268660545349,8672,6320,11504,-69,-95,83,7132,-9260,10448,-112,98,-159,-13740,4140,5776,-871,172,-89,-14240,-4896,5820,-477,-64,-141,0
324.96050691604614,8536,6168,11296,-61,-61,84,7364,-9236,10372,-113,123,-173,-13756,4148,5828,-895,131,-55,-14200,-4908,6028,-573,-103,-162,0
324.99396109580994,8660,6412,11328,-35,-104,71,7152,-9352,10552,-126,82,-178,-13748,4116,5688,-923,120,-10,-14200,-4972,5932,-553,-106,-156,0
325.02774691581726,8492,6144,11536,252,-120,63,7080,-9320,10524,-98,132,-154,-13692,4120,5740,-926,146,-8,-14184,-5120,6028,-536,-109,-179,0
325.0609519481659,8544,6344,11400,4,-61,57,6912,-9252,10408,-115,94,-165,-13768,4116,5740,-905,109,-57,-14124,-4920,6268,-519,-170,-145,0
325.0993299484253,8472,6268,11336,9,-43,73,7108,-9244,10644,-88,58,-170,-13660,4284,5872,-941,122,-25,-14044,-5028,6076,-541,-110,-175,0
325.13442492485046,8596,6440,11276,1,-68,70,6980,-9224,10744,-100,72,-174,-13752,4216,5644,-926,112,-69,-13852,-5036,6124,-524,-81,-174,0
325.17069005966187,8456,6300,11476,-55,-33,66,7120,-9364,10516,-82,113,-194,-13732,4168,5756,-985,72,-49,-13988,-5032,6064,-492,-16,-147,0
325.20546793937683,8416,6436,11448,-34,-94,103,6940,-9368,10436,-72,112,-199,-13672,4220,5728,-954,54,-95,-14000,-5116,6048,-495,-65,-145,0
325.2409200668335,8444,6420,11416,-19,-59,96,7104,-9288,10416,-87,54,-190,-13776,4288,5740,-987,94,-65,-14052,-4888,6080,-502,-66,-114,0
325.276221036911,8504,6408,11376,-71,-45,131,6948,-9308,10268,-45,18,-180,-13812,4164,5816,-1009,95,-78,-14096,-5000,6168,-469,-63,-128,0
325.3123109340668,8496,6408,11400,-52,-35,111,7128,-9360,10700,-38,77,-180,-13608,4196,5768,-1277,76,-34,-14140,-5212,6080,-479,-13,-139,0
325.34760999679565,8552,6504,11476,-92,-66,113,6964,-9272,10516,-76,74,-182,-13820,4180,5632,-963,112,-47,-14152,-5008,6044,-504,-31,-126,0
325.3833241462708,8604,6640,11344,-78,-65,73,7328,-9364,10312,-59,136,-185,-13720,4228,5904,-1008,88,-100,-13996,-4944,6096,-520,-43,-121,0
325.41820907592773,8452,6460,11568,-122,-27,139,7152,-9248,10356,-19,109,-159,-13752,4204,5700,-1006,125,-97,-13912,-4896,6200,-521,-11,-129,0
325.4538769721985,8492,6548,11304,-108,-31,111,6968,-9380,10408,-50,128,-188,-13748,4172,5824,-972,147,-104,-14956,-4976,6168,-480,36,-115,0
325.4894180297852,8700,6436,11528,-153,-111,97,7124,-9340,10400,-15,129,-217,-13728,4176,5880,-986,176,-104,-13840,-4936,6044,-535,132,-89,0
325.5247249603272,8564,6152,11516,-163,-73,125,7172,-9412,10488,17,71,-201,-13684,4124,5744,-1010,171,-119,-14320,-4972,6084,-540,130,-65,0
325.5606701374054,8420,6488,11372,-139,-88,152,7128,-9416,10260,14,90,-199,-13732,4108,5752,-985,174,-122,-14148,-4932,6256,-521,97,-69,0
325.59565806388855,8380,6612,11280,-159,-131,130,7084,-9328,10432,-8,108,-208,-13656,4244,5580,-964,169,-64,-14068,-4956,6168,-521,105,-77,0
325.6314561367035,8316,6436,11372,-175,-140,131,6968,-9688,10720,47,97,-210,-13736,4288,5856,-956,178,-162,-14016,-4964,5892,-526,164,-76,0
325.6676969528198,8680,6632,11440,-187,-158,154,7108,-9364,10452,49,83,-240,-13656,4580,5644,-1003,189,-147,-13884,-4684,5928,-560,194,-54,0
325.70290994644165,8476,6644,11472,-156,-218,158,7192,-9356,10368,20,89,-6,-13756,4172,5880,-989,195,-194,-14080,-4948,6124,-522,190,-48,0
325.73969912529,8560,6640,11472,-176,-223,153,7252,-9308,10268,40,106,-215,-13760,4256,5640,-977,146,-164,-14080,-4944,6396,-548,198,-61,0
325.7731831073761,8492,6180,11368,-192,-194,132,7004,-9400,10492,17,101,-237,-13740,4304,5548,-923,138,-120,-13876,-4896,6032,-540,162,-82,0
325.8069131374359,8520,6396,11484,-160,-190,143,7116,-9464,10404,53,82,-222,-13796,4132,5488,-1026,139,-107,-14024,-4928,6028,-514,197,-64,0
325.84049892425537,8552,6260,11404,-190,-211,130,7204,-9280,10412,10,131,-221,-13628,4164,5632,-1011,115,-92,-13888,-4992,6100,-650,148,-108,0
325.8739960193634,8472,6368,11444,-225,-188,139,7012,-9312,10288,7,110,-241,-13956,4284,5872,-962,121,-142,-14124,-5004,6120,-487,147,-63,0
325.9077451229096,8572,6304,11432,-167,-188,129,7280,-9348,10692,36,77,-213,-14072,4128,5872,-1035,88,-135,-14172,-4852,6092,-476,207,-58,0
325.9412200450897,8544,6392,11352,-155,-204,130,7320,-9296,10636,41,100,-214,-13696,4196,5668,-1033,99,-171,-14044,-4944,6108,-492,194,-55,0
325.97479009628296,8524,6408,11444,-168,-194,130,7332,-9244,10376,-246,134,-224,-13712,4160,5740,-1012,131,-114,-14020,-4880,6068,-473,164,-68,0
326.00829100608826,8436,6416,11348,-215,-197,132,7260,-9292,10360,-9,139,-239,-13680,4184,5712,-994,164,-116,-13996,-4948,6176,-474,140,-42,0
326.0417730808258,8560,6328,11388,-186,-215,137,7264,-9364,10452,-11,125,-224,-13808,4164,5648,-1116,132,-91,-13976,-5108,6092,-457,159,-25,0
326.07556414604187,8652,6304,11472,-201,-230,119,7420,-9044,10388,7,162,-207,-13796,4264,5788,-1128,40,-120,-14284,-4648,6216,-475,189,-97,0
326.1088140010834,8656,6312,11204,-139,-198,109,7316,-9284,10380,-27,157,-203,-14020,4288,5476,-1109,83,-134,-14040,-4956,6100,-489,130,-96,0
326.14217710495,8660,6344,11316,-140,-153,102,7404,-9356,10252,-47,160,-199,-13772,4184,5444,-1016,122,-92,-14056,-4912,6060,-489,132,-112,0
326.1757221221924,8572,6368,11184,-156,-101,82,7332,-9388,10372,-71,135,-186,-13824,4164,5492,-999,128,-31,-14016,-4876,6116,-510,113,-104,0
326.2090690135956,8692,6308,11364,-126,-31,89,7252,-9320,10408,-82,153,-131,-13804,4060,5460,-1016,128,-30,-14076,-4932,6068,-490,71,-147,0
326.24536514282227,8884,6300,11376,-143,21,78,7380,-9392,10332,-66,161,-127,-13688,4136,5684,-988,168,-8,-13900,-4980,6168,-494,92,-155,0
326.2793369293213,8540,6340,11372,-146,35,43,7268,-9344,10580,-52,144,-136,-13692,4200,5396,-954,186,-77,-13932,-5016,6388,-487,99,-127,0
326.3129200935364,8444,6392,11372,-104,-9,74,7188,-9380,10436,-76,121,-136,-13736,4240,5644,-939,179,-74,-14044,-5104,6260,-497,132,-118,0
326.34675192832947,8528,6640,11428,-94,-8,57,7420,-9232,10448,-108,134,-146,-13780,4144,5388,-993,217,-52,-13944,-4948,6052,-508,135,-134,0
326.38049507141113,8520,6424,11336,-98,-5,56,7232,-9272,10344,-98,163,-150,-13744,4092,5624,-997,139,-84,-13996,-5000,6272,-489,125,-131,0
326.4139621257782,8568,6392,11460,-131,-52,44,7200,-9372,10448,-77,177,-142,-13716,4232,5672,-945,132,-75,-14104,-4936,6152,-460,100,-131,0
326.447557926178,8592,6192,11456,-134,-16,60,7420,-9376,10360,-91,184,-153,-13604,4252,5576,-981,136,-42,-14132,-4756,5888,-473,145,-140,0
326.4809341430664,8684,6644,11440,-111,-31,63,7152,-9432,10536,-69,181,-149,-13712,4260,5656,-970,106,-103,-14044,-4888,6284,-489,94,-124,0
326.51431798934937,8208,6460,11456,-109,-62,85,6916,-9420,10484,-111,185,-160,-13724,4172,5580,-988,152,-95,-14028,-5008,6284,-494,113,-120,0
326.5480239391327,8516,6620,11268,-73,-85,77,7244,-9356,10324,-118,155,-155,-14040,4256,5592,-959,103,-81,-14136,-4976,6140,-762,86,-141,0
326.5814869403839,8852,6632,11400,-104,-34,70,7304,-9436,10340,-73,175,-137,-13656,4192,5612,-1024,101,-102,-14076,-5048,6304,-506,120,-114,0
326.61500096321106,8524,6616,11632,-77,-54,64,7364,-9448,10416,-88,182,-155,-13772,4236,5540,-1000,114,-94,-14132,-4884,6212,-477,137,-105,0
326.64841198921204,8572,6632,11408,-105,-58,64,7152,-9244,10388,-72,157,-188,-13780,4148,5656,-984,113,-87,-14020,-4936,6192,-454,121,-154,0
326.681813955307,8472,6380,11412,-129,-53,96,7264,-9316,10364,-74,184,-148,-13760,4208,5780,-984,143,-81,-13840,-4940,5904,-763,109,-120,0
326.7152600288391,8496,6492,11264,-139,-35,47,7260,-9336,10688,-43,175,-162,-13592,4200,5624,-1045,81,-108,-13976,-4956,6164,-467,111,-140,0
326.75075912475586,8476,6364,11600,-111,-45,78,7212,-9288,10460,254,184,-151,-13752,4172,5576,-1102,60,-108,-14112,-4892,6176,-467,116,-129,0
326.7859740257263,8520,6440,11344,-123,-73,80,7076,-9340,10620,-60,183,-171,-13748,4164,5544,-1057,59,-108,-14008,-5036,6312,-442,133,-111,0
326.8218469619751,8392,6460,11412,-128,-85,49,7324,-9460,10328,-84,198,-183,-13748,4196,5672,-1096,69,-70,-13968,-4636,6368,-413,136,-106,0
326.85819911956787,8536,6460,11616,-127,-68,67,7120,-9460,10340,-58,182,-147,-13660,4236,5436,-1155,57,-65,-14048,-5040,5908,-449,148,-99,0
326.8934659957886,8416,6356,11356,-110,-59,89,7088,-9344,10448,-77,171,-127,-13696,4224,5628,-1107,19,-103,-13940,-4892,6312,-427,108,-109,0
326.9286689758301,8460,6456,11472,-125,-91,77,7260,-9360,10444,-84,173,-167,-13724,4172,5620,-1112,254,-112,-14136,-4904,6208,-429,164,-126,0
326.96369910240173,8484,6448,11392,-127,-92,64,7252,-9440,10456,-77,185,-148,-13700,4188,5656,-1071,16,-102,-14056,-4844,6168,-458,180,-112,0
326.99887895584106,8484,6500,11396,-127,-102,91,6936,-9400,10352,-55,176,-157,-13648,3940,5704,-1073,48,-102,-13856,-4932,6280,-475,204,-95,0
327.0343539714813,8436,6644,11520,-103,-104,84,7416,-9372,10384,-46,154,-180,-13676,4268,5856,-1088,87,-119,-13992,-4924,6292,-457,190,-82,0
327.07018208503723,8524,6424,11456,-131,-100,81,7196,-9380,10408,-30,145,-196,-13784,4204,5704,-1035,103,-105,-14196,-4884,6340,-455,147,-92,0
327.1049361228943,8556,6640,11564,-130,-72,75,7160,-9416,10448,-45,180,-177,-13744,4156,5564,-1049,137,-112,-14080,-4968,6288,-459,129,-109,0
327.1407239437103,8484,6496,11256,-143,-87,85,7220,-9412,10416,-51,149,-158,-13576,4260,5464,-770,109,-71,-14048,-4816,6148,-493,116,-112,0
327.1761429309845,8656,6176,11764,-120,-80,96,7216,-9444,10428,-66,156,-185,-13772,4136,5696,-769,99,-114,-14000,-4836,6192,-465,140,-121,0
327.2117519378662,8260,6400,11268,-135,-77,88,7056,-9332,10372,-66,169,-185,-13768,4120,5720,-1003,134,-64,-14052,-4896,6204,-498,130,-109,0
327.2476210594177,8404,6404,11500,-146,-66,93,7020,-9412,10352,-10,182,-203,-13728,4232,5740,-1040,117,-96,-14112,-4852,6160,-503,124,-98,0
327.28264904022217,8364,6460,11500,-139,-63,87,7092,-9452,10388,-4,157,-202,-13708,4228,5576,-1041,158,-100,-13984,-4788,6168,-500,180,-104,0
327.3177869319916,8380,6520,11388,-154,-81,89,7172,-9500,10620,24,150,-217,-13724,4216,5692,-1022,136,-146,-13884,-4976,6100,-480,188,-67,0
327.3533329963684,8488,6424,11460,-161,-131,115,7176,-9372,10552,-29,134,-191,-13720,4200,5624,-963,122,-87,-14024,-4880,6308,-487,152,-56,0
327.3888139724732,8484,6436,11408,-170,-165,163,7068,-9352,10412,14,138,-237,-13764,4272,5576,-1041,144,-120,-14040,-5036,6148,-498,195,-80,0
327.42472791671753,8520,6448,11460,-173,-188,146,7208,-9380,10528,38,122,-220,-13692,4032,5700,-1021,120,-115,-14080,-5012,6128,-511,193,-90,0
327.45845198631287,8636,6492,11296,-154,-149,139,7188,-9304,10340,4,140,-196,-13740,4208,5608,-1036,132,-93,-14032,-4896,6304,-498,189,-81,0
327.4918339252472,8540,6476,11304,-179,-204,114,7324,-9240,10488,21,148,-236,-13736,4132,5540,-1018,150,-128,-14148,-4800,6280,-486,204,-55,0
327.52552008628845,8460,6424,11288,-203,-161,125,7376,-9368,10396,5,125,-219,-13832,4256,5432,-771,133,-155,-14276,-4836,6176,-497,199,-76,0
327.5592119693756,8600,6404,11380,-194,-161,133,7056,-9328,10292,54,131,-188,-13768,4244,5616,-1020,113,-137,-14092,-4944,6188,-485,151,-94,0
327.59240913391113,8220,6548,11304,-186,-169,162,7400,-9360,10716,28,140,-191,-13784,4184,5652,-963,139,-111,-14176,-4856,6020,-264,173,-79,0
327.62602710723877,8548,6324,11452,-187,-180,162,7160,-9408,10328,20,119,-201,-13828,4160,5408,-1001,132,-108,-13856,-5108,6144,-521,207,-79,0
327.6596870422363,8572,6448,11500,-154,-183,121,7184,-9320,10384,56,129,-228,-13748,4068,5456,-1013,113,-149,-13988,-4804,6068,-526,215,-80,0
327.69288897514343,8584,6608,11528,-148,-212,139,7284,-9364,10372,50,114,-223,-13792,4196,5472,-770,161,-152,-14104,-4852,6288,-532,212,-86,0
327.72653102874756,8484,6332,11716,-156,-215,137,7160,-9340,10416,31,73,-199,-13744,4144,5628,-770,135,-151,-13988,-4916,6216,-495,175,-79,0
327.7597589492798,8528,6432,11464,-193,-185,139,7176,-9372,10544,18,124,-214,-13884,4140,5708,-974,125,-105,-13840,-4908,6220,-498,186,-79,0
327.792916059494,8600,6400,11552,-182,-173,131,7224,-9488,10480,21,127,-201,-13812,4204,5420,-1035,99,-127,-14072,-4868,6216,-519,196,-77,0
327.82663011550903,8552,6436,11348,-175,-170,148,7292,-9312,10336,27,96,-199,-13768,4104,5460,-1009,131,-113,-14048,-4920,6204,-504,201,-68,0
327.8602831363678,8424,6320,11400,-173,-197,144,7168,-9308,10380,9,122,-247,-13580,4112,5652,-978,142,-185,-14096,-4876,6204,-499,169,-52,0
327.89350414276123,8688,6408,11320,-162,-183,116,7344,-9320,10476,-31,91,-218,-13780,4264,5644,-987,99,-116,-14104,-4820,6244,-548,131,-127,0
327.92718410491943,8512,6388,11456,-148,-167,122,7236,-9344,10344,44,128,-199,-13792,4108,5604,-1033,57,-77,-14116,-4796,6160,-521,173,-105,0
327.96072697639465,8428,6396,11492,-117,-170,129,7196,-9320,10340,252,115,-215,-13672,3880,5644,-974,104,-128,-14080,-4840,6092,-513,195,-134,0
327.9940700531006,8700,6396,11344,-110,-166,88,7288,-9304,10344,-31,107,-231,-13768,4060,5492,-987,105,-122,-14080,-4812,5960,-508,181,-89,0
328.0278010368348,8632,6356,11368,-119,-170,124,7248,-9284,10304,-46,83,-172,-13796,3884,5676,-968,132,-56,-14124,-4644,6376,-259,116,-110,0
328.06132793426514,8580,6308,11292,-144,-45,134,7264,-9172,10552,-76,87,-171,-13824,4344,5424,-993,144,-63,-14000,-5072,6008,-525,132,-95,0
328.0948801040649,8568,6352,11288,-132,-23,105,7300,-9040,10368,-60,161,-161,-13728,4064,5784,-1003,78,-104,-14040,-4664,6252,-511,140,-111,0
328.12847900390625,8564,6476,11484,-131,-33,57,7264,-9432,10368,-70,170,-155,-13720,4108,5576,-997,51,-74,-14296,-4624,6220,-480,145,-173,0
328.1618449687958,8564,6380,11324,-125,-44,53,7088,-9276,10552,-86,178,-168,-14016,4212,5512,-981,88,-62,-14088,-5116,6296,-503,138,-154,0
328.195513010025,8524,6360,11388,-102,-24,48,7100,-9236,10368,-74,168,-161,-13756,3888,5848,-963,58,-51,-14136,-4960,6284,-464,145,-141,0
328.2292890548706,8660,6644,11424,-111,-16,55,7136,-9356,10428,-93,149,-168,-13756,4148,5796,-976,98,-60,-14064,-5116,6316,-503,142,-133,0
328.2624809741974,8576,6344,11360,-112,-28,73,7128,-9384,10408,-92,135,-160,-13764,4284,5580,-985,92,-86,-14096,-4840,6192,-502,143,-155,0
328.2964069843292,8616,6236,11308,-131,-24,92,7156,-9384,10364,-68,161,-152,-13752,4140,5724,-983,76,-90,-14124,-4860,6156,-487,117,-139,0
328.3299911022186,8568,6640,11412,-135,-28,91,7172,-9404,10380,-79,156,-156,-13752,4252,5812,-983,69,-40,-14028,-5028,6048,-531,134,-151,0
328.36377215385437,8688,6400,11268,-103,-52,53,7188,-9364,10420,-65,161,-173,-13728,4136,5720,-980,78,-47,-14140,-4756,6240,-514,130,-159,0
328.3973181247712,8548,6432,11324,-91,-74,69,7276,-9348,10428,-65,173,-169,-13772,4172,5612,-1008,74,-42,-13976,-4780,6228,-507,137,-146,0
328.43281507492065,8488,6420,11432,-107,-26,83,7196,-9392,10288,-64,181,-167,-13740,4112,5812,-973,59,-25,-14060,-4868,6292,-544,100,-136,0
328.4677391052246,8500,6424,11452,-89,-41,79,7088,-9388,10440,-62,186,-146,-13688,4188,5540,-990,53,-67,-14292,-4796,6296,-527,107,-134,0
328.5033609867096,8248,6620,11400,-93,-48,73,7088,-9388,10292,-74,170,-164,-13704,4140,5740,-986,54,-59,-14044,-5100,6100,-504,148,-148,0
328.53821301460266,8584,6456,11752,-77,-48,75,6920,-9224,10412,-57,169,-143,-13660,4172,5872,-974,34,-72,-14008,-4912,6092,-503,131,-178,0
328.57385301589966,8388,6428,11324,-102,-58,61,7100,-9344,10268,-66,141,-186,-13804,4136,5680,-996,58,-34,-14072,-4884,6156,-524,113,-176,0
328.6093249320984,8588,6452,11316,-79,-65,57,6944,-9432,10328,-86,153,-179,-13824,3932,5880,-968,53,-70,-14084,-4900,6276,-534,105,-164,0
328.6449100971222,8500,6596,11316,-70,-42,76,7128,-9440,10420,-63,131,-170,-13704,4228,5536,-986,84,-107,-13880,-4964,6304,-537,119,-152,0
328.6806540489197,8500,6468,11264,-65,-51,60,7120,-9324,10428,-44,125,-160,-13716,4172,5820,-980,78,-39,-14028,-4888,6332,-558,92,-155,0
328.7160129547119,8376,6424,11300,-80,-64,75,7116,-9320,10464,-61,120,-176,-13720,4124,5800,-927,93,-70,-14100,-4960,6336,-506,78,-129,0
328.7517149448395,8532,6460,11212,-85,-68,95,6928,-9460,10484,-94,139,-185,-13772,4208,5804,-955,65,-57,-14064,-4864,6240,-561,112,-152,0
328.7876169681549,8584,6640,11320,-115,-76,88,7104,-9444,10244,-44,115,-177,-13768,4164,5848,-987,57,-32,-14076,-4916,6240,-552,93,-162,0
328.822261095047,8608,6480,11492,-103,-82,100,6912,-9388,10364,-30,134,-190,-13720,4164,5624,-946,126,-53,-14056,-4944,6124,-546,78,-153,0
328.8574459552765,8608,6484,11400,-76,-69,82,7392,-9352,10128,-92,165,-175,-13652,4260,5684,-915,120,-94,-13856,-4928,5908,-559,101,-165,0
328.89294505119324,8536,6520,11504,-106,-59,74,7380,-9392,10408,-55,125,-172,-13736,4184,5656,-926,118,-63,-13996,-4980,6184,-514,97,-150,0
328.9293270111084,8464,6652,11508,-80,-49,105,6924,-9392,10332,-57,98,-133,-13624,4168,5824,-952,110,-42,-14320,-4992,6360,-535,46,-156,0
328.96501994133,8488,6508,11572,-120,-32,109,7164,-9400,10460,-62,151,-150,-13764,4252,5768,-957,110,-70,-13844,-5036,6248,-522,66,-116,0
329.0004251003265,8244,6616,11600,-152,-59,92,7088,-9416,10732,-82,124,-187,-13772,4204,5828,-950,134,-93,-14100,-4836,6224,-527,116,-139,0
329.0358819961548,8516,6516,11364,-137,-113,99,7096,-9440,10372,20,146,-196,-13768,4232,5700,-1005,153,-94,-14080,-5088,6556,-514,183,-107,0
329.0712339878082,8388,6412,11380,-140,-132,152,7056,-9492,10400,12,64,-219,-13608,4176,5764,-1017,182,-134,-13920,-5024,6336,-516,225,-64,0
329.10709500312805,8504,6480,11288,-131,-208,146,7120,-9448,10712,0,82,-272,-13808,4252,5644,-967,187,-174,-14048,-4920,6332,-525,204,-57,0
329.14035296440125,8448,6208,11300,-166,-179,126,7064,-9388,10412,-10,140,-248,-13740,4172,5420,-951,153,-185,-14068,-4872,6304,-506,181,-85,0
329.1739101409912,8236,6464,11480,-177,-160,126,6936,-9356,10296,255,146,-235,-13804,4296,5584,-975,134,-133,-13908,-4912,6172,-526,170,-87,0
329.2075319290161,8244,6552,11356,-186,-175,141,7080,-9460,10276,10,136,-221,-13748,4172,5560,-979,133,-122,-13992,-5008,6256,-511,192,-55,0
329.241014957428,8552,6652,11364,-166,-176,134,7136,-9368,10360,-11,93,-214,-13704,4260,5628,-974,168,-162,-14044,-4916,5912,-767,173,-100,0
329.2743139266968,8448,6484,11372,-172,-178,145,7216,-9308,10472,-15,121,-227,-13876,4256,5668,-960,170,-153,-14240,-4812,6216,-550,179,-89,0
329.30817794799805,8588,6400,11396,-152,-187,151,7164,-9220,10380,-23,69,-211,-13772,4204,5524,-965,158,-150,-14068,-4840,6084,-556,198,-88,0
329.3418231010437,8684,6652,11368,-143,-169,156,7264,-9388,10268,35,80,-241,-13848,4172,5552,-1002,154,-143,-14068,-4900,6340,-546,179,-93,0
329.37544798851013,8696,6468,11312,-178,-169,147,7224,-9436,10440,24,109,-226,-13768,4132,5808,-993,174,-110,-13960,-5100,6364,-503,192,-78,0
329.40866708755493,8624,6524,11292,-152,-153,136,7212,-9332,10420,-31,97,-211,-13792,4196,5548,-977,139,-83,-13996,-4852,6220,-536,151,-73,0
329.44227504730225,8596,6172,11268,-169,-174,148,7108,-9296,10408,-251,120,-190,-13672,4208,5692,-1013,105,-91,-14144,-4992,6192,-538,167,-84,0
329.4759929180145,8520,6220,11380,-174,-164,150,7208,-9352,10400,14,104,-206,-13748,4200,5808,-984,125,-115,-13948,-4920,6244,-526,154,-74,0
329.50951313972473,8604,6524,11508,-127,-160,132,7200,-9392,10264,-36,86,-226,-13744,4180,5732,-979,154,-171,-14020,-4972,6264,-545,158,-61,0
329.5431170463562,8632,6160,11448,-152,-224,121,7216,-9420,10376,-9,101,-216,-13812,4220,5488,-994,168,-157,-14064,-4624,6264,-533,159,-83,0
329.5768129825592,8636,6320,11256,-181,-181,171,7336,-9472,10476,250,68,-209,-13760,4152,5428,-1010,156,-119,-14004,-4700,6256,-529,155,-72,0
329.6101989746094,8616,6156,11352,-128,-149,144,6964,-9344,10408,18,100,-198,-13712,4064,5404,-973,109,-80,-13976,-4744,6340,-509,112,-78,0
329.64377903938293,8628,6392,11280,-148,-124,145,7192,-9284,10284,-44,98,-186,-13720,4248,5860,-980,134,-101,-14048,-4796,6372,-533,116,-120,0
329.6773610115051,8632,6436,11488,-83,-117,100,7324,-9356,10336,-84,64,-197,-13780,3916,5612,-952,109,-128,-13972,-4972,5952,-545,142,-151,0
329.71079993247986,8596,6176,11412,-79,-109,81,7208,-9260,10480,-79,120,-209,-13784,4192,5844,-965,116,-134,-14036,-4672,6296,-514,169,-129,0
329.7443950176239,8548,6288,11436,-96,-52,108,7184,-9280,10372,-70,121,-194,-13896,4156,5668,-983,125,-109,-14068,-5036,6272,-519,118,-159,0
329.7775900363922,8584,6480,11376,-114,-62,60,7292,-9348,10320,-81,122,-202,-13860,4212,5584,-959,118,-24,-13968,-4764,6264,-489,117,-108,0
329.81116795539856,8560,6492,11088,-144,-10,82,7280,-9388,10280,-74,132,-163,-13768,4136,5844,-975,111,-33,-13844,-5112,6184,-496,116,-129,0
329.8447530269623,8548,6608,11348,-89,-29,88,7192,-9424,10360,-71,141,-166,-13772,4272,5396,-987,96,-83,-14036,-5068,6328,-527,118,-129,0
329.87809801101685,8584,6652,11288,-93,-19,66,7396,-9312,10476,-69,138,-155,-13456,4212,5824,-984,100,-77,-14252,-4908,6268,-528,90,-172,0
329.9115550518036,8548,6444,11040,-78,-29,53,7232,-9268,10304,-95,139,-184,-13728,4196,5492,-967,91,-47,-14028,-4988,6436,-487,104,-150,0
329.9449689388275,8616,6336,11376,-114,-40,62,7316,-9376,10456,-82,128,-154,-13796,4284,5868,-955,76,-31,-14056,-4956,6244,-768,106,-162,0
329.97846007347107,8564,6500,11444,-112,-26,71,7340,-9420,10248,-79,170,-146,-13572,4224,5808,-992,66,-32,-14276,-5040,6392,-509,87,-127,0
330.01200699806213,8500,6452,11340,-121,-79,63,7268,-9228,10428,-74,144,-154,-13716,4176,5376,-988,105,-81,-13992,-4876,6448,-501,109,-160,0
330.0455241203308,8488,6364,11460,-120,-58,64,7160,-9328,10332,-71,125,-182,-13744,4236,5628,-938,108,-116,-13844,-4928,6192,-487,109,-121,0
330.0791609287262,8680,6464,11332,-112,-76,72,7420,-9364,10460,-83,148,-183,-13768,4232,5612,-960,54,-83,-13852,-4916,6200,-549,125,-143,0
330.11492800712585,8644,6488,11416,-110,-51,69,7280,-9396,10028,-45,151,-151,-13800,4240,5596,-995,46,-87,-13908,-5104,6284,-545,124,-160,0
330.1507799625397,8556,6500,11460,-100,-7,66,7180,-9404,10300,-37,160,-147,-13792,4180,5604,-984,57,-78,-13860,-4964,6316,-532,112,-139,0
330.1860339641571,8548,6564,11372,-86,-39,59,7212,-9380,10364,-92,188,-163,-13888,4204,5468,-985,18,-48,-14108,-4872,6196,-504,134,-191,0
330.22192311286926,8656,6564,11320,-112,-18,61,7120,-9296,10344,-65,139,-161,-13772,4228,5552,-976,54,-84,-14272,-4636,6612,-538,81,-146,0
330.25805592536926,8500,6508,11352,-87,4,80,7080,-9432,10284,-46,162,-132,-13764,4308,5492,-981,40,-51,-13968,-5056,6260,-528,106,-153,0
330.292976140976,8488,6444,11124,-114,-20,72,7060,-9724,10404,-68,169,-129,-13696,4168,5660,-1002,48,-37,-13988,-4964,6368,-513,122,-154,0
330.3292360305786,8592,6500,11364,-149,-48,66,7392,-9692,10400,-72,165,-160,-13692,4196,5736,-989,49,-86,-14008,-5060,6352,-259,195,-104,0
330.36462211608887,8588,6464,11416,-102,-12,84,7176,-9512,10352,-56,146,-166,-13832,4248,5564,-980,64,-99,-13988,-4972,6328,-502,157,-155,0
330.39993715286255,8228,6488,11468,-110,-86,77,7112,-9384,10308,-27,108,-187,-13748,4224,5524,-1017,114,-98,-13960,-4884,6236,-538,126,-122,0
330.4355819225311,8504,6496,11496,-53,-42,99,7344,-9348,10232,-52,113,-172,-14068,4228,5648,-1014,110,-131,-14012,-4884,6260,-520,99,-123,0
330.4709250926972,8456,6500,11476,-93,-87,102,7168,-9372,10408,-39,123,-166,-13716,4228,5604,-981,113,-82,-14300,-4964,6384,-537,132,-165,0
330.506010055542,8584,6500,11340,-103,-27,92,7240,-9476,10360,-66,149,-149,-13840,4332,5616,-1023,90,-110,-13992,-4968,6232,-519,143,-128,0
330.5418999195099,8480,6488,11392,-121,-49,87,7204,-9412,10384,-35,135,-166,-13784,4368,5648,-997,99,-97,-14148,-4948,6408,-525,158,-129,0
330.5784499645233,8472,6484,11632,-92,-85,74,7292,-9264,10456,-70,121,-174,-13664,4172,5632,-998,87,-72,-13972,-5012,6332,-505,149,-137,0
330.61379313468933,8648,6468,11312,-111,-54,90,7228,-9492,10068,-56,165,-173,-13608,4276,6068,-1003,103,-127,-13940,-5052,6220,-515,166,-114,0
330.64941000938416,8508,6532,11340,-102,-61,79,7020,-9508,10448,-41,162,-161,-13680,4292,5668,-1024,81,-109,-14024,-4964,6136,-499,162,-124,0
330.684867143631,8512,6468,11328,-112,-92,88,7184,-9452,10440,-25,138,-156,-13716,4144,5732,-995,88,-63,-13892,-5020,6444,-510,157,-116,0
330.7203290462494,8436,6536,11384,-123,-76,64,6916,-9224,10384,-36,163,-195,-13700,4204,5508,-1004,105,-93,-13948,-5064,6244,-491,202,-123,0
330.7556359767914,8464,6552,11372,-128,-107,95,7388,-9688,10384,-37,147,-175,-13740,4276,5488,-956,96,-84,-13864,-4912,6284,-512,165,-127,0
330.7910900115967,8564,6440,11372,-169,-134,102,7268,-9552,10304,253,154,-181,-13804,4252,5696,-1059,75,-77,-14080,-4888,6252,-481,209,-103,0
330.8244631290436,8512,6552,11528,-208,-144,130,7084,-9444,10324,35,123,-206,-13760,4248,5840,-1036,116,-140,-14032,-4952,6376,-507,201,-83,0
330.85809206962585,8476,6608,11464,-135,-140,122,7176,-9448,10540,-11,123,-205,-13788,4220,5812,-1025,107,-170,-13872,-4988,6328,-536,194,-102,0
330.8918149471283,8344,6488,11308,-142,-213,114,7412,-9368,10444,-14,142,-228,-13664,4248,5596,-999,93,-140,-14028,-4912,6356,-516,232,-82,0
330.9252779483796,8464,6460,11320,-157,-204,124,6960,-9236,10072,3,141,-225,-13712,4292,5880,-1008,104,-97,-14008,-4916,6300,-508,225,-56,0
330.9589591026306,8244,6460,11332,-171,-161,149,7192,-9496,10368,33,154,-192,-13680,4220,5720,-1004,144,-101,-13888,-5032,6288,-469,192,-83,0
330.9924249649048,8524,6416,11376,-180,-164,151,7184,-9424,10288,21,122,-191,-13740,4220,5676,-979,134,-134,-14320,-4968,6296,-467,183,-72,0
331.02602195739746,8572,6516,11428,-179,-176,147,7352,-9412,10428,-16,143,-239,-13740,4256,5760,-980,98,-172,-13832,-4812,6180,-500,238,-85,0
331.05981492996216,8564,6492,11304,-131,-190,136,7416,-9392,10600,33,109,-233,-13732,4224,5608,-1014,119,-153,-13932,-4908,6236,-504,234,-94,0
331.0933330059052,8576,6548,11288,-110,-195,149,7232,-9424,10276,20,106,-239,-13720,4156,5488,-1042,128,-170,-13992,-4888,6256,-530,206,-54,0
331.12694907188416,8536,6532,11544,-127,-199,156,7136,-9360,10224,-247,71,-221,-13784,4220,5536,-1016,171,-139,-14000,-4980,6240,-487,220,-74,0
331.160218000412,8632,6488,11392,-126,-180,155,7280,-9388,10272,11,103,-227,-13800,4212,5612,-985,164,-106,-14300,-4996,6208,-492,154,-64,0
331.1937940120697,8620,6460,11372,-158,-153,146,7408,-9712,10460,39,139,-207,-13748,4204,5376,-1013,123,-102,-14072,-4952,6112,-485,210,-93,0
331.22743105888367,8640,6516,11272,-184,-145,141,7132,-9380,10304,28,136,-198,-13760,4248,5740,-773,169,-133,-14024,-5004,6280,-469,195,-83,0
331.26561403274536,8608,6484,11240,-170,-193,135,7148,-9348,10472,-12,110,-210,-13732,4244,5868,-992,116,-168,-13944,-4944,6240,-461,204,-60,0
331.29997992515564,8704,6492,11308,-150,-230,131,7180,-9412,10400,-7,141,-226,-14048,4240,5880,-1032,99,-146,-14264,-5064,6268,-519,178,-90,0
331.3337800502777,8456,6536,11432,-171,-178,115,7172,-9312,10280,41,120,-198,-13704,4132,5716,-1034,73,-161,-14020,-5100,6276,-476,206,-118,0
331.36710810661316,8536,6520,11212,-127,-144,115,7268,-9440,10616,24,123,-234,-13420,4320,5688,-1021,101,-138,-14316,-4952,6348,-489,184,-66,0
331.40049600601196,8616,6452,11304,-112,-194,93,7256,-9468,10380,-19,95,-222,-13820,4344,5800,-770,101,-131,-13852,-4928,6284,-522,204,-90,0
331.4339780807495,8556,6524,11204,-143,-171,124,7172,-9400,10336,-12,121,-205,-13708,4264,5672,-984,95,-122,-14092,-5048,6156,-490,151,-136,0
331.4675180912018,8736,6512,11184,-138,-122,125,7276,-8968,10364,-43,115,-134,-13780,4112,5632,-989,115,-92,-13964,-4944,6212,-490,89,-115,0
331.5010249614716,8684,6448,11120,-101,-20,105,7232,-9328,10292,-62,117,-110,-13712,4192,5688,-1023,125,-64,-13912,-4908,6088,-511,112,-129,0
331.5348091125488,8572,6364,11352,-122,-253,76,7248,-9408,10288,-60,164,-145,-13740,4092,5784,-1023,54,-57,-13996,-4964,6268,-479,152,-154,0
331.56831192970276,8500,6404,11244,-130,-57,76,7260,-9404,10420,-24,184,-156,-13636,4168,5764,-1013,66,-61,-14112,-4956,6208,-480,164,-142,0
331.6019380092621,8492,6420,11060,-100,-23,72,6988,-9360,10432,-61,183,-157,-13824,4192,5548,-969,49,-63,-14084,-4876,6280,-471,151,-138,0
331.6353480815888,8648,6424,11356,-88,-66,59,7116,-9320,10468,-54,156,-155,-13756,4208,5376,-1018,61,-100,-13976,-4688,6392,-480,151,-122,0
331.6689519882202,8516,6372,11468,-106,-37,69,7192,-9340,10320,-39,150,-171,-13708,4180,5856,-1001,57,-102,-14024,-4940,6268,-477,162,-136,0
331.70241808891296,8580,6460,11288,-122,-40,60,7152,-9384,10020,-56,176,-153,-13644,4136,5596,-981,42,-94,-13972,-4880,6320,-458,140,-151,0
331.73606300354004,8596,6580,11356,-147,-42,57,7256,-9460,10344,-54,185,-135,-13724,4212,5688,-988,22,-72,-13932,-4992,6256,-469,124,-142,0
331.7697250843048,8556,6540,11296,-141,-53,74,7184,-9364,10408,-80,208,-142,-13696,4276,5752,-979,43,-46,-13976,-4984,6232,-477,153,-124,0
331.8060441017151,8460,6484,11496,-134,-46,53,7400,-9468,10312,-52,152,-186,-13664,4240,5664,-994,54,-99,-13832,-5024,6352,-486,152,-151,0
331.84224009513855,8564,6484,11440,-84,-36,69,7268,-9336,10360,-42,145,-161,-13772,4164,5752,-1007,64,-94,-14068,-4852,6276,-533,162,-165,0
331.8780689239502,8888,6300,11280,-83,-18,94,7232,-9340,10468,-37,130,-165,-13812,4164,5752,-992,83,-42,-14096,-4964,6316,-496,130,-129,0
331.9134471416473,8572,6496,11220,-97,-57,66,7196,-9400,10436,-51,156,-160,-13700,4132,5612,-966,75,-68,-14012,-4800,6008,-472,135,-135,0
331.9492070674896,8624,6568,11340,-124,-79,80,7264,-9452,10452,-68,149,-167,-13676,4260,5668,-951,94,-73,-14236,-4944,6072,-489,136,-126,0
331.9839940071106,8612,6556,11360,-108,-67,75,7172,-9368,10380,-39,141,-171,-13784,4180,5564,-960,61,-48,-14060,-5008,6288,-468,121,-133,0
332.0202040672302,8548,6464,11292,-122,-55,60,7412,-9236,10652,-79,157,-171,-13664,4188,5584,-994,83,-75,-14252,-4884,6260,-482,94,-151,0
332.05527806282043,8580,6548,11336,-156,-39,77,7204,-9432,10308,-57,119,-173,-13724,4232,5672,-996,63,-64,-14052,-4984,6172,-488,104,-143,0
332.09074902534485,8504,6456,11700,-138,-57,92,7108,-9440,10360,-41,134,-160,-13688,4168,5728,-973,95,-80,-14056,-4964,6300,-501,128,-127,0
332.12616896629333,8584,6516,11324,-140,-95,93,7284,-9388,10440,-64,133,-159,-13600,4168,5720,-985,79,-106,-13900,-5108,6160,-500,140,-132,0
332.161808013916,8520,6500,11092,-124,-98,102,7236,-9232,10156,-50,127,-202,-13624,4152,5636,-992,81,-115,-13984,-4928,6200,-519,157,-148,0
332.19773602485657,8664,6476,11272,-100,-84,102,7172,-9408,10244,-19,120,-159,-13812,4196,5680,-1019,138,-104,-13968,-5008,6388,-493,165,-124,0
332.2328360080719,8456,6488,11364,-140,-86,109,7420,-9388,10468,-54,126,-190,-13700,4164,5692,-965,118,-88,-14016,-5068,6272,-472,126,-103,0
332.2691969871521,8648,6524,11172,-130,-75,87,7224,-9436,10440,-85,138,-178,-14004,4296,5700,-992,98,-78,-14036,-4728,6240,-514,109,-154,0
332.30465507507324,8512,6624,11356,-154,-67,100,7312,-9464,10532,-21,141,-164,-13672,4156,5720,-1034,66,-120,-14012,-5020,6204,-499,127,-131,0
332.34033703804016,8460,6732,11392,-120,-67,89,7196,-9388,10424,-36,119,-161,-13736,4116,5808,-969,108,-33,-14020,-4940,6268,-498,106,-93,0
332.37548208236694,8556,6500,11488,-126,-75,63,7248,-9380,10412,-71,167,-172,-13712,4208,5740,-948,113,-116,-14040,-5036,6336,-500,156,-140,0
332.41090297698975,8500,6580,11392,-149,-74,108,7176,-9432,10072,-23,159,-160,-13600,4144,5440,-997,103,-79,-13988,-4684,6400,-480,160,-94,0
332.4477639198303,8604,6500,11352,-153,-39,113,7160,-9408,10392,-6,141,-138,-13748,4260,5676,-999,99,-75,-14004,-4960,6288,-482,106,-140,0
332.48122215270996,8484,6636,11552,-165,-51,113,6980,-9220,10368,-14,135,-175,-13700,4184,5828,-1011,106,-112,-13996,-5004,6292,-467,129,-103,0
332.5147929191589,8524,6556,11464,-215,-92,137,7336,-9728,10264,-30,163,-169,-13732,4256,5768,-980,124,-124,-14220,-5100,6168,-493,152,-92,0
332.5484681129456,8508,6548,11472,-171,-160,155,7196,-9328,10308,4,122,-212,-13776,4228,5800,-1009,153,-162,-13928,-5040,6168,-500,218,-89,0
332.5819680690765,8572,6556,11508,-157,-196,160,7144,-9368,10408,-6,78,-260,-13632,4184,5636,-983,147,-127,-13924,-5020,6376,-529,242,-73,0
332.61561012268066,8208,6592,11492,-149,-203,166,7196,-9372,10360,-12,74,-253,-13628,4284,5716,-981,170,-140,-14000,-4940,6272,-525,221,-61,0
332.64911913871765,8572,6456,11372,-196,-181,125,6924,-9308,10080,30,129,-240,-13760,4196,5876,-965,163,-173,-13956,-4976,6380,-497,203,-62,0
332.68249106407166,8720,6540,11420,-194,-164,160,7268,-9420,10352,19,141,-226,-13804,4200,5696,-1009,147,-192,-14000,-4844,6324,-518,222,-68,0
332.71622109413147,8508,6468,11344,-199,-181,137,7156,-9396,10328,48,118,-196,-13668,4192,5400,-995,136,-147,-13976,-4840,6168,-519,181,-80,0
332.74998211860657,8640,6460,11372,-198,-187,149,7072,-9372,10384,0,127,-210,-13596,4172,5824,-1006,154,-123,-14064,-4912,6176,-260,195,-89,0
332.78352403640747,8604,6476,11228,-193,-208,151,6928,-9372,10288,-9,101,-211,-13732,4192,5612,-984,160,-125,-13956,-4896,6292,-485,196,-52,0
332.8172130584717,8548,6428,11112,-207,-162,143,7208,-9416,10356,44,111,-220,-13752,4200,5716,-1015,153,-122,-14036,-4716,6156,-518,198,-99,0
332.85058999061584,8620,6432,11372,-178,-186,133,7164,-9436,10252,6,138,-218,-13752,4172,5672,-1278,111,-167,-13992,-4968,6260,-490,182,-90,0
332.8840880393982,8584,6496,11404,-168,-157,131,7420,-9348,10276,35,115,-201,-13784,4092,5732,-1005,139,-171,-13908,-5060,6592,-488,186,-95,0
332.9175329208374,8584,6488,11364,-174,-173,118,7124,-9312,10344,21,100,-247,-13692,4116,5720,-1023,147,-168,-13980,-4892,6220,-489,195,-51,0
332.9510500431061,8672,6448,11248,-180,-174,126,7216,-9536,10540,2,80,-209,-13712,4156,5876,-1018,156,-110,-13856,-4912,6268,-500,165,-73,0
332.9844651222229,8584,6612,11440,-187,-192,161,7140,-9672,10364,-21,79,-222,-13796,4164,5828,-1038,138,-77,-13964,-4976,6304,-539,151,-91,0
333.0181131362915,8608,6464,11036,-194,-212,142,6976,-9416,10400,255,107,-208,-13608,4124,5604,-1000,155,-98,-14008,-4892,6288,-506,165,-114,0
333.05192613601685,8544,6560,11244,-151,-159,138,7164,-9268,10356,-52,94,-202,-13772,4212,5728,-1007,171,-96,-13988,-5020,6220,-506,187,-115,0
333.0854799747467,8592,6552,11308,-157,-187,122,7284,-9344,10284,-54,106,-216,-13712,4168,5652,-969,126,-140,-13876,-5056,6236,-503,190,-119,0
333.1192529201508,8640,6332,11440,-166,-156,119,7244,-9300,10292,-38,109,-174,-13988,4188,5608,-985,123,-132,-14092,-4892,6124,-527,129,-114,0
333.1526119709015,8608,6432,11316,-127,-77,111,7364,-9340,10388,-59,169,-144,-13760,4116,5720,-1000,97,-78,-13956,-4948,6252,-487,60,-138,0
333.18616795539856,8608,6432,11316,-151,-26,78,7220,-9404,10432,-58,137,-138,-13652,4052,5812,-1006,91,-24,-13940,-4944,6280,-516,113,-150,0
333.2197880744934,8668,6436,11352,-136,-38,58,7220,-9352,10380,-84,175,-168,-13760,4164,5700,-1009,75,-60,-14008,-4620,6204,-762,115,-132,0
333.2531831264496,8624,6420,11348,-96,-31,64,7232,-9360,10356,-63,145,-161,-13780,4140,5600,-998,77,-91,-13924,-5092,6156,-483,150,-135,0
333.2869551181793,8584,6512,11292,-124,-22,80,7188,-9284,10444,-45,149,-158,-13664,4056,5772,-1004,115,-87,-13980,-4812,6344,-486,111,-147,0
333.320240020752,8584,6460,11352,-132,-32,77,7060,-9356,10304,-76,106,-164,-13736,4216,5556,-967,107,-64,-14148,-5076,6536,-504,81,-158,0
333.3535370826721,8556,6516,11380,-123,-46,63,7224,-9296,10392,-72,116,-161,-13676,4252,5692,-946,112,-50,-14080,-5060,6288,-486,104,-158,0
333.387393951416,8644,6432,11456,-111,5,55,7252,-9368,10020,-71,156,-151,-13824,4156,5708,-971,91,-41,-14324,-4896,6176,-480,109,-112,0
333.4206500053406,8600,6868,11428,-137,-24,64,7280,-9316,10248,-47,150,-138,-13756,4240,5720,-1011,61,-80,-13952,-5008,6264,-490,101,-131,0
333.45394110679626,8528,6508,11244,-115,-61,91,7372,-9356,10312,-70,141,-141,-13772,4200,5792,-1016,71,-84,-13976,-4940,6172,-257,112,-138,0
333.49079513549805,8508,6420,11288,-115,-37,63,7236,-9420,10412,-71,169,-162,-13676,4180,5608,-964,57,-41,-14028,-4900,6316,-492,138,-119,0
333.5258541107178,8584,6480,11372,-125,-48,77,7220,-9364,10380,-82,157,-159,-13688,4216,5772,-972,19,-80,-13952,-4988,6140,-494,117,-142,0
333.5614049434662,8516,6520,11376,-99,-45,64,7164,-9396,10368,-46,137,-157,-13704,4280,5612,-1013,69,-22,-13880,-5036,6288,-493,149,-173,0
333.5961480140686,8572,6532,11076,-129,-40,57,7200,-9308,10696,-42,163,-187,-13732,4212,5724,-981,77,-122,-14072,-4952,6576,-470,129,-169,0
333.63180708885193,8580,6480,11260,-154,-47,65,7128,-9380,10468,-62,160,-169,-13724,4268,5828,-975,74,-58,-13976,-4928,6260,-488,115,-141,0
333.6682929992676,8680,6576,11372,-122,-58,80,7192,-9472,10244,-61,143,-163,-13940,4284,5740,-769,45,-91,-14004,-4952,6296,-512,108,-158,0
333.7029230594635,8440,6532,11476,-133,-47,90,7160,-9448,10248,-6,135,-146,-13712,4152,5632,-1021,73,-88,-14040,-5000,6284,-520,102,-175,0
333.73939394950867,8552,6504,11244,-99,-43,100,7228,-9356,10416,-58,141,-152,-13644,4244,5736,-995,99,-73,-13952,-5044,6316,-257,117,-141,0
333.77502608299255,8608,6588,11080,-129,-67,73,7160,-9420,10332,-51,144,-153,-13692,4196,5884,-966,72,-63,-13996,-4860,6228,-488,110,-136,0
333.810420036316,8604,6488,11376,-138,-43,78,7232,-9340,10432,-36,153,-173,-13680,4304,5740,-770,73,-64,-13888,-4852,6284,-764,112,-137,0
333.8458471298218,8528,6440,11276,-107,-45,82,6972,-9464,10204,-56,133,-153,-13688,4172,5572,-1013,76,-65,-13968,-5012,6396,-489,119,-147,0
333.88129711151123,8568,6468,11276,-141,-38,99,7188,-9472,10480,-43,140,-175,-13780,4240,5844,-983,98,-109,-13856,-5024,6332,-491,138,-153,0
333.91761207580566,8680,6596,11364,-123,-115,74,7260,-9460,10348,-41,125,-199,-13676,4144,5760,-1007,90,-94,-13832,-4928,6268,-489,159,-121,0
333.95281410217285,8196,6564,11512,-97,-65,74,7240,-9428,10300,-35,125,-196,-13680,4196,5672,-1012,85,-92,-14060,-4996,6216,-503,149,-131,0
333.98874711990356,8524,6568,11340,-95,-91,103,7112,-9372,10344,-16,86,-197,-13620,4348,5648,-1019,121,-115,-13996,-4884,6272,-535,177,-97,0
334.0238149166108,8532,6480,11384,-118,-95,92,7184,-9484,10452,-33,113,-191,-13768,4268,5704,-994,92,-94,-14024,-4956,6356,-497,123,-140,0
334.0599200725556,8508,6440,11420,-138,-64,123,7324,-9436,10248,-48,143,-174,-13816,4180,5732,-954,89,-64,-13968,-5004,6364,-511,134,-130,0
334.09494495391846,8688,6572,11264,-125,-57,111,7212,-9384,10408,251,134,-179,-13660,4180,5620,-991,77,-69,-13980,-4996,6240,-511,125,-111,0
334.131315946579,8404,6440,11076,-139,-96,114,7204,-9460,10280,-26,120,-151,-13628,4244,5612,-996,103,-81,-14020,-4912,6432,-485,148,-117,0
334.16481709480286,8520,6504,11068,-122,-106,84,7268,-9440,10388,-43,152,-197,-13576,4212,5692,-976,68,-112,-13936,-5088,6340,-504,158,-130,0
334.1982719898224,8540,6564,11344,-150,-82,87,6952,-9328,10440,-31,143,-182,-13724,4232,5588,-983,103,-78,-13892,-5016,6576,-488,149,-93,0
334.23189401626587,8668,6500,11432,-152,-69,109,6920,-9432,10304,7,154,-186,-13728,4292,5772,-970,100,-75,-13840,-4980,6220,-501,159,-118,0
334.265517950058,8604,6504,11372,-173,-102,107,7172,-9436,10392,26,130,-190,-13648,4116,5720,-1045,111,-119,-14024,-4964,6328,-524,175,-97,0
334.2987549304962,8520,6532,11404,-147,-107,103,6940,-9420,10524,254,129,-221,-13740,4168,5700,-974,128,-116,-14028,-4664,6424,-520,205,-106,0
334.332426071167,8580,6592,11268,-181,-149,114,7348,-9408,10372,-24,130,-201,-13780,4340,5756,-959,124,-110,-13976,-4976,6304,-469,185,-104,0
334.36582612991333,8524,6608,11192,-166,-153,145,7212,-9436,10336,5,128,-221,-13996,4244,5816,-964,138,-117,-14128,-4872,6200,-520,178,-52,0
334.3990709781647,8572,6436,11260,-175,-194,130,7160,-9508,10356,21,111,-213,-13628,4180,5692,-1038,115,-122,-13988,-4960,6200,-495,199,-75,0
334.43246507644653,8580,6516,11504,-209,-168,153,7172,-9328,10360,50,120,-177,-13660,4112,5712,-1276,163,-110,-13864,-4948,6308,-524,165,-67,0
334.4659991264343,8544,6564,11452,-157,-168,143,7220,-9352,10436,14,114,-204,-13812,4244,5884,-955,154,-129,-14036,-4952,6268,-512,184,-64,0
334.499724149704,8540,6532,11448,-193,-175,118,7236,-9352,10444,17,135,-217,-13720,4328,5704,-987,126,-181,-13976,-4928,6356,-486,263,-61,0
334.5332009792328,8580,6444,11448,-194,-167,164,7248,-9352,10304,58,106,-198,-13680,4272,5524,-999,169,-168,-14040,-4916,6236,-487,212,-64,0
334.5669701099396,8624,6460,11564,-162,-155,155,7360,-9384,10356,30,130,-176,-13776,4192,5852,-1009,150,-102,-14068,-4968,6424,-474,165,-65,0
334.60032510757446,8592,6472,11432,-196,-146,141,7140,-9400,10412,4,102,-222,-13700,4208,5584,-992,132,-79,-14036,-4872,6384,-495,157,-65,0
334.6335799694061,8596,6520,11200,-181,-166,130,7200,-9408,10252,-14,111,-210,-13700,4144,5640,-1002,147,-134,-14044,-4904,6620,-505,171,-85,0
334.6672451496124,8532,6412,11548,-140,-129,140,7276,-9368,10352,29,146,-228,-13780,4056,5688,-1036,122,-178,-14016,-4928,6376,-519,209,-81,0
334.70052099227905,8568,6448,11316,-156,-210,132,7248,-9340,10460,9,111,-244,-13748,4220,5480,-1005,158,-152,-13948,-4976,6176,-523,224,-92,0
334.7340769767761,8552,6444,11388,-151,-196,146,7264,-9420,10124,254,80,-240,-13824,4112,5848,-964,144,-111,-14008,-4960,6356,-497,208,-80,0
334.7676410675049,8596,6504,11328,-162,-155,124,7160,-9348,10388,9,71,-224,-13816,4156,5720,-990,167,-117,-14080,-4668,6144,-486,195,-44,0
334.8011810779572,8588,6476,11428,-195,-172,137,7208,-9328,10464,15,105,-211,-13732,4144,5912,-1006,117,-116,-14048,-4920,6488,-502,240,-77,0
334.83479404449463,8584,6484,11408,-165,-184,144,7268,-9432,10380,4,88,-214,-13728,4156,5784,-1036,127,-156,-13988,-4964,6272,-490,199,-75,0
334.8684160709381,8488,6480,11264,-158,-173,146,7236,-9464,10272,-27,91,-195,-13796,4120,5656,-980,167,-136,-13860,-4916,6540,-497,147,-82,0
334.9014480113984,8484,6400,11340,-128,-195,101,7272,-9408,10420,-46,135,-195,-13804,4208,5880,-1000,107,-92,-14016,-5100,6280,-526,114,-124,0
334.9349229335785,8500,6376,11236,-139,-116,123,7344,-9304,10340,-24,114,-172,-13700,4200,5828,-1021,95,-59,-14052,-5036,6376,-503,144,-112,0
334.96846199035645,8644,6492,11088,-117,-76,94,7168,-9244,10256,-23,117,-164,-13728,4244,5648,-1007,134,-86,-13900,-4632,6384,-493,155,-122,0
335.001855134964,8636,6180,11496,-101,-88,67,7232,-9408,10028,-47,132,-198,-13824,4124,5656,-1003,68,-145,-13872,-4836,6356,-763,148,-141,0
335.0355999469757,8492,6508,11212,-143,-93,87,7296,-9296,10376,-49,135,-149,-14076,4168,5488,-998,81,-68,-14044,-4884,6216,-459,100,-137,0
335.06925201416016,8676,6552,11340,-154,-3,71,7304,-9008,10296,-80,123,-114,-13760,4116,5568,-987,98,-34,-14080,-4944,6344,-470,90,-153,0
335.1028549671173,8608,6440,11304,-138,49,94,7156,-9372,10360,-42,126,-127,-13680,4064,5652,-1035,71,249,-13876,-4904,6224,-487,107,-157,0
335.13598704338074,8596,6492,11384,-123,250,75,7232,-9364,10412,-57,150,-147,-13736,4184,5652,-1018,67,-87,-13900,-5016,6240,-262,110,-144,0
335.1732039451599,8616,6548,11300,-107,-41,47,7200,-9412,10436,-58,159,-148,-13780,4156,5492,-1021,36,-62,-13912,-4948,6236,-498,117,-190,0
335.20883798599243,8608,6456,11408,-106,-14,53,7396,-9468,10368,-55,163,-170,-13664,4144,5736,-989,71,-105,-13952,-4968,6360,-492,131,-183,0
335.2443461418152,8540,6512,11392,-111,-26,36,7220,-9344,10356,-45,156,-174,-13644,4152,5664,-1001,57,-66,-14032,-4636,6244,-503,168,-162,0
335.2798230648041,8596,6500,11276,-122,-58,73,7220,-9356,10344,-46,136,-185,-13756,4144,5784,-966,93,-85,-14076,-4940,6240,-491,127,-135,0
335.3152120113373,8612,6540,11344,-128,-50,82,7236,-9348,10392,-59,158,-169,-13748,4100,5644,-949,79,-57,-13900,-4980,6220,-483,126,-139,0
335.35047006607056,8616,6480,11356,-137,-63,98,7240,-9308,10360,-82,151,-175,-13752,4216,5708,-971,62,-103,-13980,-5084,6252,-492,151,-167,0
335.38575410842896,8576,6492,11288,-120,-81,63,7180,-9392,10388,-23,182,-170,-13652,4184,5556,-955,60,-116,-14020,-4992,6224,-499,144,-179,0
335.4218590259552,8564,6520,11284,-126,-57,40,7340,-9448,10388,-19,158,-161,-13712,4196,5644,-1015,28,-81,-13980,-5060,6296,-508,92,-158,0
335.4574730396271,8616,6456,11388,-124,-26,69,7144,-9328,10280,-29,154,-140,-13740,4228,5708,-1010,62,-83,-13980,-4988,6296,-496,129,-177,0
335.493381023407,8580,6528,11340,-93,-43,58,7132,-9384,10356,-33,133,-170,-13592,4120,5788,-1260,62,-70,-13932,-4944,6280,-502,149,-189,0
335.5282070636749,8560,6600,11372,-119,-63,92,7060,-9356,10428,-57,143,-162,-13704,4140,5788,-1001,100,-97,-14088,-4880,6296,-514,156,-133,0
335.56420612335205,8608,6552,11148,-122,-58,100,6980,-9440,10416,-58,133,-197,-13672,4172,5656,-967,82,-120,-14300,-4948,6616,-497,153,-120,0
335.5997700691223,8540,6432,11588,-118,-71,85,7312,-9320,10264,-40,118,-169,-13728,4300,5720,-974,116,-92,-14052,-4952,6320,-507,147,-129,0
335.63481092453003,8676,6612,11332,-138,-72,96,7420,-9632,10292,-37,152,-183,-13744,4272,5668,-1004,100,-107,-13936,-4936,6332,-497,137,-125,0
335.6707420349121,8596,6488,11412,-128,-83,93,7252,-9340,10356,-46,131,-161,-13704,4260,5592,-991,85,-47,-13944,-4980,6328,-507,152,-130,0
335.70614099502563,8508,6588,11264,-133,-79,104,7316,-9384,10356,-50,137,-178,-13600,4100,5740,-984,96,-88,-13972,-4896,6448,-494,140,-93,0
335.741886138916,8568,6548,11440,-124,-77,114,7240,-9300,9996,-46,136,-159,-13584,4156,5668,-1004,85,-105,-13904,-5168,6292,-523,151,-126,0
335.77778601646423,8520,6508,11468,-116,-82,120,7196,-9440,10316,-18,126,-173,-13736,4224,5808,-1019,117,-153,-14236,-4964,6360,-257,153,-126,0
335.8141360282898,8568,6500,11264,-132,-109,101,7240,-9404,10488,-17,130,-186,-13680,4164,5832,-994,113,-123,-13944,-4948,6596,-512,157,-107,0
335.84762597084045,8468,6564,11320,-190,-105,104,7280,-9348,10348,-27,139,-169,-13780,4200,5852,-962,115,-102,-13984,-4924,6264,-494,141,-114,0
335.88123393058777,8660,6460,11400,-163,-107,95,7360,-9476,10324,5,170,-166,-13680,4204,5688,-997,76,-72,-14004,-4696,6648,-497,149,-137,0
335.9144129753113,8468,6528,11380,-202,-87,117,7168,-9400,10208,33,164,-174,-13684,4092,5820,-1027,105,-113,-13976,-4936,6352,-492,177,-72,0
335.94822812080383,8576,6588,11424,-141,-99,120,7240,-9276,10500,-44,143,-182,-13636,4184,5860,-1002,131,-125,-13980,-4896,6336,-501,157,-100,0
335.9816460609436,8612,6468,11332,-160,-139,102,7256,-9668,10428,16,125,-228,-13712,4240,5780,-1007,134,-161,-14008,-5008,6440,-498,219,-71,0
336.0153839588165,8432,6516,11496,-166,-120,114,7276,-9464,10248,15,146,-188,-13672,4292,5856,-1048,153,-118,-14004,-5028,6368,-479,205,-123,0
336.0507650375366,8484,6532,11372,-171,-138,129,7080,-9380,10352,-3,134,-169,-13716,4136,5492,-985,126,-87,-14068,-4920,6296,-485,170,-65,0
336.08435797691345,8612,6564,11400,-190,-138,158,7116,-9356,10360,-22,128,-220,-13728,4228,5808,-951,123,-125,-13988,-4920,6368,-475,172,-77,0
336.11808800697327,8560,6540,11440,-186,-161,137,7260,-9332,10356,-11,115,-182,-13764,4212,5696,-987,165,-174,-13968,-4952,6292,-503,198,-69,0
336.15143513679504,8596,6608,11444,-180,-155,141,7232,-9428,10368,29,107,-242,-13688,4244,5808,-1035,152,-197,-13972,-4936,6248,-522,249,-81,0
336.184965133667,8512,6532,11460,-122,-183,164,7112,-9376,10364,19,95,-250,-13720,4192,5724,-1000,169,-168,-13952,-4900,6304,-499,252,-49,0
336.2185220718384,8632,6504,11360,-151,-204,135,7288,-9328,10272,-24,54,-243,-13796,4128,5600,-998,180,-147,-14008,-5108,6248,-497,227,-55,0
336.2522039413452,8696,6500,11472,-178,-208,154,7260,-9368,10380,12,91,-224,-13676,4188,5720,-1003,186,-125,-13996,-4884,6336,-497,220,-58,0
336.29070806503296,8668,6528,11392,-159,-174,138,7252,-9376,10380,-10,121,-205,-13788,4096,5764,-1019,162,-133,-14060,-4972,6204,-489,233,-52,0
336.32474994659424,8588,6524,11388,-160,-153,154,7168,-9376,10216,3,75,-224,-13704,4044,5684,-999,173,-152,-14020,-5036,6268,-487,219,-58,0
336.3582019805908,8568,6496,11348,-161,-174,135,7128,-9316,10380,-41,78,-1,-13772,4124,5968,-1010,206,-154,-14160,-4988,6340,-491,235,-81,0
336.3918480873108,8568,6520,11320,-152,-185,139,7276,-9416,10412,-21,114,-222,-13748,4156,5720,-1013,193,-163,-13956,-4952,6288,-500,236,-87,0
336.42535614967346,8652,6524,11264,-156,-209,136,7208,-9412,10408,255,122,-225,-13712,4076,5656,-990,165,-147,-13888,-4916,6272,-527,511,-73,0
336.45893001556396,8592,6484,11396,-131,-235,147,7184,-9292,10372,247,96,-262,-13708,4196,5724,-1036,180,-129,-13864,-4856,6376,-503,268,-74,0
336.49261713027954,8640,6628,11276,-122,-243,141,7120,-9384,10328,40,90,-268,-13716,3872,5620,-1269,198,-179,-14044,-4868,6260,-457,269,-72,0
336.5260300636292,8592,6548,11056,-156,-226,160,7224,-9348,10328,-3,63,-273,-13596,4296,5740,-994,179,-154,-14088,-5008,6216,-521,234,-37,0
336.55972814559937,8468,6652,11276,-131,-251,152,7280,-9400,10264,-26,59,-264,-13888,4156,5836,-1013,199,-191,-14132,-4900,6232,-557,243,-54,0
336.5933210849762,8656,6540,11264,-95,-230,163,7332,-9352,10384,18,87,-2,-13800,4120,5580,-782,146,-216,-13904,-4912,6280,-558,234,-114,0
336.6268320083618,8628,6508,11160,-86,-194,137,7380,-9312,10348,19,83,-243,-13788,4052,5692,-1006,171,-190,-14016,-4936,6180,-543,217,-76,0
336.6602921485901,8752,6500,11172,-91,-183,137,7292,-9276,10320,-4,116,-243,-13744,4184,5532,-1021,157,-157,-14056,-4856,6272,-538,1,-77,0
336.6954929828644,8848,6488,11292,-147,-184,127,7404,-9396,10100,-16,124,-235,-13908,4080,5572,-772,165,-210,-14140,-4920,6140,-495,230,-89,0
336.7291741371155,8756,6456,11204,-140,-181,112,7300,-9236,10452,16,93,-226,-13760,4056,5512,-773,150,-146,-13960,-4968,6184,-519,218,-116,0
336.76265501976013,8668,6532,11220,-116,-151,116,7240,-9340,10392,25,120,-215,-13820,4128,5700,-1280,126,-140,-14060,-4948,6292,-510,206,-100,0
336.7964489459992,8448,6536,11492,-102,-169,118,7196,-9352,10376,32,107,-246,-13760,3956,5740,-1036,109,-165,-13960,-4940,6296,-520,267,-76,0
336.8322079181671,8504,6644,11452,-89,-241,116,7240,-9296,10436,-13,130,-275,-13792,4076,5680,-1273,152,-188,-13832,-4824,6328,-514,301,-89,0
336.8684680461884,8496,6624,11028,-158,-243,110,7284,-9340,10256,-3,117,-295,-13700,4100,5636,-997,164,-178,-13996,-4664,6304,-492,263,-72,0
336.9037489891052,8612,6516,11232,-105,-232,123,7364,-9236,10428,253,95,-274,-14076,4316,5500,-977,186,-212,-13980,-4880,6224,-498,263,-63,0
336.9394271373749,8904,6460,11024,-160,-205,141,7260,-9280,10392,-9,65,-270,-13764,4044,5632,-988,258,-164,-14004,-4956,6272,-502,253,-24,0
336.97441005706787,8676,6620,11464,-147,-204,152,7344,-9292,10664,-7,21,-259,-14072,4312,5652,-1023,223,-119,-14256,-4880,6176,-515,500,-36,0
337.01018714904785,8792,6444,11236,-138,-190,185,7244,-9032,10472,-32,54,-225,-13752,3960,5644,-1032,207,-158,-14300,-5104,6128,-768,240,-24,0
337.0457830429077,8804,6532,11260,-173,-206,186,7384,-9288,10336,9,66,-196,-14028,3992,5488,-1055,169,-128,-14320,-4984,6032,-257,243,-51,0
337.08178901672363,8876,6412,11168,-124,-183,139,7652,-9248,10236,-14,57,-212,-13904,4092,5580,-1017,146,-108,-14104,-4688,5968,-519,201,-111,0
337.11816692352295,8712,6488,11264,-141,-138,154,7332,-9212,10304,-26,91,-197,-14068,3968,5556,-1018,134,-168,-14120,-4752,6028,-545,171,-73,0
337.1533689498901,8796,6388,11200,-112,-128,118,7284,-9296,10368,12,83,-223,-13920,4004,5576,-1061,165,-134,-14016,-4912,6144,-529,240,-81,0
337.1892409324646,8816,6404,11376,-167,-168,114,7664,-9304,10332,-250,87,-262,-13800,4024,5552,-1001,167,-142,-14172,-4892,6264,-471,212,-44,0
337.22431898117065,8844,6544,11388,-137,-203,141,7384,-9300,10352,-35,83,-229,-13832,4072,5748,-1008,183,-169,-14216,-5044,6092,-486,226,-55,0
337.2601020336151,8776,6188,11276,-122,-223,137,7200,-9276,10236,-252,120,-289,-13696,4292,5632,-1011,121,-204,-14044,-4656,6172,-511,280,-96,0
337.2950251102448,8756,6412,11276,-113,-231,123,7576,-9224,10344,42,135,-271,-14060,4052,5560,-1070,159,-234,-13860,-4968,6232,-504,265,-75,0
337.3307199478149,8756,6456,11028,-155,-251,102,7364,-9280,10492,62,113,-279,-13848,4068,5492,-1048,173,-201,-14060,-4904,6084,-515,320,-85,0
337.3662419319153,8824,6456,11172,-166,-324,165,7176,-9336,10416,98,35,-318,-13832,4000,5708,-1050,204,-225,-14028,-4908,6132,-474,297,-255,0
337.40223693847656,8836,6532,11100,-169,-326,198,7488,-9140,10352,81,48,-245,-13804,4016,5536,-1014,235,-159,-14080,-4960,6136,-259,210,-32,0
337.4377131462097,8764,6416,11176,-147,-268,192,7472,-8972,10348,24,17,-508,-13828,4008,5848,-997,199,-149,-14188,-4812,6056,-554,233,-35,0
337.4743959903717,8992,6532,10920,-144,-287,185,7456,-9200,10404,8,63,-257,-14048,3984,5600,-1014,111,-205,-14152,-4804,5928,-563,199,-42,0
337.50815200805664,8852,6496,11104,-175,-273,175,7564,-9128,10440,29,96,-229,-13936,3848,5596,-1042,102,-143,-14192,-4644,6036,-533,192,-43,0
337.5417320728302,9084,6484,11064,-221,-271,186,7532,-9168,10412,68,55,-249,-13860,3856,5496,-984,137,-131,-13876,-5060,6132,-507,175,-69,0
337.5753071308136,9156,6460,11132,-165,-246,131,7544,-9212,10392,24,66,-227,-13836,3912,5428,-990,152,-116,-14136,-4816,5940,-474,139,-73,0
337.60860109329224,9016,6428,11260,-208,-265,143,7444,-9180,10464,65,103,-237,-13928,4048,5548,-981,135,-134,-14184,-4676,6132,-759,178,-82,0
337.64172101020813,8932,6424,11440,-174,-275,172,7540,-9192,10352,64,41,-219,-13848,4040,5500,-1059,112,-149,-14176,-4820,6112,-525,165,-58,0
337.6753439903259,8756,6312,11212,-170,-273,194,7268,-9024,10344,81,67,-219,-13768,4044,5536,-1038,125,-155,-14156,-4868,6160,-538,160,-63,0
337.70880103111267,8944,6372,11508,-148,-266,196,7332,-9064,10268,90,31,-220,-13588,3904,5596,-1037,154,-95,-14084,-4808,6124,-482,171,-69,0
337.74231910705566,8888,6320,11232,-140,-193,160,7312,-9120,10228,3,67,-210,-13748,3924,5188,-1032,172,-92,-14020,-4792,5908,-465,222,-96,0
337.7758071422577,9148,6272,10836,-81,-27,126,7484,-9016,10172,-80,37,-163,-13796,3900,5508,-769,167,-31,-14136,-4656,5908,-469,107,-173,0
337.8091471195221,9028,6336,10888,-149,107,53,7680,-8976,10080,-81,240,-72,-13888,3784,5736,-961,66,-27,-14236,-4748,5964,-482,-28,-232,0
337.8426661491394,9056,6348,10808,-225,243,-10,7440,-9036,10264,-60,286,-39,-14084,3936,5448,-1011,24,53,-14276,-4884,5980,-440,-30,-227,0
337.87596893310547,9140,6616,11008,-4,203,-6,7604,-9324,10460,-62,305,-57,-13836,3968,5212,-941,8,32,-14220,-4876,6016,-415,61,-167,0
337.90931510925293,9044,6544,11324,-175,127,15,7556,-9340,10448,-74,280,-112,-13832,4016,5620,-955,-3,-29,-14304,-4860,6096,-480,103,-232,0
337.94281101226807,9024,6296,11056,-55,161,-15,7500,-9164,10404,-98,269,-68,-13776,4000,5444,-991,-29,-11,-14036,-4796,6228,-493,70,-272,0
337.9764859676361,8792,6508,11164,13,161,-16,7184,-9092,10188,-96,252,-82,-13644,4000,5488,-1035,-8,-21,-14076,-4956,6148,-469,40,-243,0
338.0099549293518,8660,6556,11336,-95,147,-250,7372,-9112,10340,-145,309,-151,-14028,4104,5444,-918,66,226,-14116,-4908,6200,-465,74,-216,0
338.0437269210816,8816,6628,11500,-195,130,22,7392,-9328,10456,-150,232,-103,-13572,4032,5740,-982,73,37,-14144,-4876,6220,-472,-34,-212,0
338.0773220062256,8844,6408,11280,-110,213,21,7376,-9444,10444,-147,239,-16,-13852,4308,5712,-970,-9,106,-14048,-4884,6116,-516,-30,-196,0
338.1106541156769,8720,6492,11364,-79,190,51,7288,-9340,10660,-160,136,-76,-13812,4088,5692,-1067,93,48,-14056,-4904,6308,-532,30,-158,0
338.1439781188965,8716,6480,11372,-59,107,88,7324,-9432,10296,-168,98,-92,-13944,4296,5868,-991,74,12,-14112,-4952,6240,-589,72,-172,0
338.17759895324707,8812,6416,11308,-74,66,109,7316,-9212,10352,-195,105,-119,-13768,4040,5472,-1016,90,-10,-14208,-4884,6160,-535,99,-180,0
338.21122312545776,8688,6412,11012,-110,28,71,7440,-9320,10336,-126,33,-139,-13892,4148,5480,-1102,135,-27,-14336,-4612,5908,-570,68,-191,0
338.2448661327362,8708,6364,11388,-60,25,59,7420,-9268,10256,-12,153,-127,-13772,4044,5624,-1034,34,-33,-14052,-4928,6336,-575,105,-190,0
338.2782070636749,8860,6428,11384,-73,41,40,7224,-9324,10244,-8,221,-107,-13828,4048,5824,-934,-2,-29,-13884,-4928,5944,-557,72,-204,0
338.31178402900696,8800,6416,11436,-88,98,31,7652,-9288,10400,-24,186,-104,-13836,3884,5472,-914,-25,-35,-14148,-5088,6156,-524,50,-181,0
338.34542894363403,8720,6476,11332,-135,70,38,7416,-9200,10384,-69,238,-130,-13856,4072,5504,-929,-41,-12,-13836,-4876,6388,-531,68,-187,0
338.3788859844208,8696,6508,11160,-128,28,42,7428,-9208,10508,-72,202,-121,-13840,4020,5728,-894,-21,243,-14292,-4920,6180,-528,36,-160,0
338.41230392456055,8724,6604,11232,-120,44,47,7304,-9284,10520,-73,214,-110,-13812,4072,5672,-921,-7,232,-13844,-4948,6208,-266,35,-125,0
338.4456009864807,8716,6496,11224,-106,22,68,7556,-9280,10388,-85,213,-89,-13780,3972,5808,-928,-46,7,-14064,-4868,6168,-532,10,-197,0
338.4791929721832,8752,6392,11276,-123,33,72,7640,-9244,10320,-11,228,-70,-13760,4108,5716,-985,-15,-4,-13904,-4948,6392,-479,-6,-146,0
338.51495814323425,8616,6492,11080,-72,95,80,7224,-9236,10436,-45,159,-87,-13696,4024,5580,-1008,51,15,-13896,-4968,6308,-259,36,-158,0
338.55028104782104,8648,6532,11440,-98,21,86,7356,-9244,10408,-21,168,-82,-13696,4176,5744,-1040,30,-46,-13996,-4964,6292,-530,43,-149,0
338.58540296554565,8596,6556,11280,-133,49,127,7316,-9216,10416,25,178,-33,-13728,4136,6080,-1271,49,255,-14032,-4968,6260,-538,57,-106,0
338.62179803848267,8544,6540,11344,-124,62,101,7212,-9356,10464,-4,124,-78,-13720,4136,5576,-1028,95,25,-13964,-5016,6300,-506,30,-97,0
338.65780305862427,8580,6552,11356,-68,-250,121,7280,-9376,10348,-61,115,-102,-13608,4164,5704,-1016,84,-28,-13876,-4992,6300,-549,66,-87,0
338.69318103790283,8584,6488,11392,-136,-12,111,7388,-9240,10356,-49,153,-114,-14048,4056,5752,-991,69,248,-13956,-5028,6336,-521,33,-142,0
338.7290849685669,8584,6516,11428,-158,249,118,7324,-9420,10348,-35,180,-111,-13648,4148,5852,-971,43,-11,-13944,-5076,5928,-480,97,-120,0
338.76486110687256,8572,6508,11384,-148,-27,109,7336,-9396,10400,-69,120,-166,-13716,4156,5388,-947,86,-36,-13892,-4880,6188,-499,99,-149,0
338.8006730079651,8760,6444,11104,-156,-32,80,7404,-9356,10320,-30,141,-153,-13772,4140,5620,-938,42,-46,-13900,-4908,6204,-518,98,-134,0
338.8359749317169,8604,6492,11028,-141,-60,68,7256,-9472,10420,-77,193,-135,-13832,4104,5496,-992,44,-54,-14132,-4900,6344,-472,96,-138,0
338.87194299697876,8552,6488,11356,-172,-18,43,7384,-8984,10520,-60,176,-171,-13708,4048,5612,-981,37,-47,-13948,-4976,6364,-445,83,-181,0
338.90801310539246,8696,6560,11256,-153,-46,53,7384,-9356,10724,-81,144,-155,-13780,3860,5400,-948,57,-71,-13964,-4968,6168,-440,118,-150,0
338.9431481361389,8616,6480,11188,-180,-10,69,7348,-9336,10300,-88,143,-175,-13668,4140,5760,-946,78,-33,-13968,-4860,6308,-467,81,-125,0
338.9788329601288,8700,6608,11336,-201,-34,57,7224,-9324,10352,-62,156,-164,-13760,4168,5716,-991,94,-69,-13908,-4968,6280,-450,110,-84,0
339.0139579772949,8592,6556,11296,-189,-44,102,7320,-9412,10268,-76,142,-177,-13636,4348,5848,-964,105,-85,-13880,-5076,6328,-413,137,-90,0
339.050656080246,8548,6408,11500,-178,-84,95,7220,-9440,10476,-72,73,-188,-13692,4232,5852,-957,110,-53,-13884,-4912,6312,-463,136,-95,0
339.08620715141296,8528,6480,11244,-151,-86,95,7208,-9412,10428,-3,137,-192,-13640,4168,5420,-983,121,-72,-14052,-5044,6388,-457,136,-105,0
339.1219570636749,8536,6384,11336,-161,-111,103,7292,-9384,10352,-59,161,-191,-13688,4240,5672,-980,122,-70,-14060,-4768,6440,-481,143,-106,0
339.1592350006104,8592,6488,11408,-163,-125,107,7396,-9364,10292,-49,126,-199,-13768,4184,5828,-968,135,-85,-14080,-4828,6360,-462,190,-86,0
339.1929819583893,8572,6388,11412,-130,-144,114,7284,-9336,10332,-50,114,-199,-13736,4076,5924,-984,123,-80,-13980,-4964,6360,-470,178,-122,0
339.2266299724579,8624,6484,11372,-135,-152,114,7348,-9376,10268,-62,109,-216,-13684,4256,5596,-961,132,-101,-13976,-4904,6372,-498,191,-67,0
339.26029801368713,8624,6312,11480,-142,-147,107,7364,-9360,10384,-44,140,-225,-13724,4208,5784,-916,88,-139,-14040,-5048,6216,-500,179,-126,0
339.29403805732727,8564,6480,11476,-148,-147,73,7476,-9400,10224,-56,142,-239,-13708,3888,5748,-948,88,-180,-14028,-4952,6256,-450,181,-131,0
339.32751202583313,8532,6468,11436,-143,-105,56,7348,-9244,10432,-70,164,-183,-13784,4092,5704,-926,64,-133,-14024,-4996,6348,-431,205,-132,0
339.36102414131165,8584,6424,11276,-144,-67,42,7328,-9376,10460,-62,220,-240,-13692,4180,5784,-896,34,-63,-13976,-4968,6320,-464,164,-161,0
339.3942790031433,8580,6460,11292,-155,-112,28,7628,-9416,10368,-33,240,-223,-13988,4208,5732,-977,18,-88,-14128,-4888,6240,-500,166,-182,0
339.4280309677124,8624,6468,11484,-154,-90,50,7220,-9336,10344,18,191,-186,-13784,4292,5720,-1006,46,-106,-14144,-5008,6524,-492,164,-149,0
339.4614810943604,8604,6496,11316,-118,-55,72,7252,-9276,10320,-50,168,-193,-13748,4124,5912,-960,54,-135,-14032,-4860,6240,-762,135,-130,0
339.49499797821045,8560,6560,11340,-138,-25,45,7332,-9428,10396,-58,157,-188,-13712,4124,5808,-960,82,-105,-14012,-4908,6248,-492,180,-148,0
339.5284790992737,8548,6472,11204,-128,-87,102,7276,-9408,10208,-39,160,-184,-13672,4144,5792,-1017,80,-100,-13968,-4968,6440,-481,176,-129,0
339.56197595596313,8524,6432,11276,-119,-72,92,7336,-9264,10304,-18,140,-156,-13784,4240,6012,-1004,74,-77,-14092,-4924,6180,-486,107,-115,0
339.59566593170166,8624,6616,11288,-138,-70,101,7344,-9348,10312,-43,137,-174,-13708,4180,5844,-996,106,-70,-14012,-4960,6392,-477,116,-115,0
339.62924313545227,8492,6500,11340,-172,-76,110,7304,-9232,10440,-57,162,-190,-13648,4148,5708,-941,120,-76,-14028,-4968,6148,-494,119,-102,0
339.66263794898987,8628,6452,11404,-147,-121,92,7236,-9384,10468,-9,129,-209,-13640,4204,5728,-994,84,-176,-13860,-5016,6312,-513,217,-101,0
339.6961829662323,8568,6508,11048,-119,-128,81,7144,-9428,10492,-44,137,-220,-13708,4104,5736,-1006,128,-170,-13948,-5024,6360,-494,218,-93,0
339.73003602027893,8508,6476,11392,-127,-126,103,7400,-9372,10324,-31,119,-228,-13704,4216,5376,-987,107,-138,-14104,-4908,6320,-529,202,-119,0
339.7635340690613,8616,6440,11280,-126,-101,73,7228,-9320,10480,-21,152,-209,-13784,4064,5772,-1002,70,-66,-14028,-4916,6036,-503,152,-151,0
339.797238111496,8456,6516,11420,-149,-40,90,7268,-9360,10384,-42,144,-186,-13792,4048,5876,-968,90,-82,-13980,-5052,6172,-475,175,-99,0
339.8307750225067,8676,6516,11308,-139,-79,93,7288,-9300,10308,-27,128,-192,-13712,4152,5832,-983,102,-67,-14084,-4948,5988,-463,164,-110,0
339.8643729686737,8460,6196,11336,-159,-80,91,7328,-9304,10348,-73,139,-185,-13620,4180,5740,-949,75,-94,-13936,-4972,6236,-479,151,-131,0
339.89767694473267,8596,6548,11340,-154,-83,114,7280,-9308,10452,-71,182,-189,-13712,4220,5580,-970,110,-111,-14024,-5000,6156,-455,130,-97,0
339.93132996559143,8608,6544,11432,-182,-78,98,7236,-9376,10300,-41,142,-190,-13596,4244,5756,-985,116,-128,-13924,-4912,6164,-474,173,-116,0
339.9649329185486,8584,6472,11360,-137,-81,89,7256,-9408,10288,-11,120,-198,-13704,4168,5752,-978,106,-92,-13972,-4928,6208,-496,193,-135,0
339.99811601638794,8472,6440,11360,-146,-69,105,7288,-9352,10332,-15,150,-208,-13740,4192,5868,-1011,117,-69,-13928,-4928,6472,-485,183,-107,0
340.0318989753723,8664,6208,11748,-151,-74,81,7284,-9400,10068,-7,163,-189,-13724,4132,5820,-966,112,-97,-13936,-5084,6248,-464,171,-112,0
340.06548595428467,8584,6640,11488,-169,-71,88,7292,-9284,10392,-62,162,-199,-13624,4168,5784,-953,103,-70,-14160,-4936,6288,-478,157,-55,0
340.0993130207062,8676,6460,11476,-155,-94,109,7304,-9460,10408,-28,163,-156,-13768,4244,5744,-965,70,-64,-14016,-4976,6356,-548,140,-142,0
340.1328139305115,8580,6388,11328,-187,-112,119,7124,-9276,10296,-4,172,-149,-13744,4168,5740,-1007,70,-112,-14020,-4952,6276,-768,111,-100,0
340.1659791469574,8612,6520,11324,-164,-107,131,7192,-9256,10600,-54,162,-179,-13716,4140,5864,-957,98,-47,-13992,-5024,6280,-531,130,-111,0
340.20281505584717,8580,6472,11296,-126,-113,103,7276,-9268,10360,-45,195,-189,-13792,4228,5680,-959,110,-105,-14036,-4940,6252,-521,160,-131,0
340.2377390861511,8556,6480,11348,-161,-60,117,7344,-9412,10304,-28,141,-169,-13720,4168,5776,-1014,92,-36,-13976,-4964,6144,-258,130,-111,0
340.27354311943054,8568,6496,11424,-145,-73,94,7256,-9316,10256,0,134,-150,-13760,4184,5384,-998,57,-82,-13924,-5032,6340,-490,131,-108,0
340.3093099594116,8644,6488,11444,-179,-56,107,7304,-9328,10440,-19,151,-153,-13648,4164,5644,-962,55,-90,-14264,-4900,6268,-464,91,-91,0
340.34444212913513,8608,6436,11500,-176,-44,108,7268,-9672,10480,-63,187,-168,-14004,4240,5848,-961,92,-52,-13992,-4660,6320,-497,139,-122,0
340.3802809715271,8544,6440,11332,-171,-88,76,7252,-9448,10476,-11,184,-170,-13636,4148,5760,-1002,82,-107,-13860,-4972,6368,-508,187,-105,0
340.41553497314453,8448,6436,11332,-163,-120,112,7236,-9372,10168,-25,146,-220,-13780,4168,5648,-970,117,-149,-14016,-4944,6560,-498,205,-79,0
340.4518780708313,8556,6504,11052,-181,-171,109,7188,-9404,10324,-11,86,-207,-13748,4228,5796,-977,131,-125,-13968,-4640,6184,-487,184,-64,0
340.4881899356842,8496,6456,11480,-191,-133,131,7344,-9400,10356,-20,117,-216,-14012,4136,5796,-977,133,-123,-13976,-4896,6224,-506,208,-108,0
340.5237100124359,8568,6448,11336,-162,-194,142,7296,-9396,10452,254,139,-231,-13624,4212,5672,-977,112,-160,-13964,-4928,6292,-513,217,-114,0
340.5596349239349,8640,6476,11220,-148,-211,140,7264,-9384,10380,5,115,-1,-13608,4212,5688,-976,150,-161,-14060,-4908,6300,-494,218,-97,0
340.5951180458069,8496,6212,11416,-178,-226,113,7280,-9392,10340,-40,152,-266,-13724,4244,5860,-993,127,-128,-13988,-4948,6248,-467,196,-83,0
340.6309030056,8584,6480,11416,-215,-224,145,7296,-9348,10056,-27,155,-230,-13680,4124,5736,-944,128,-140,-13884,-4612,6392,-518,186,-89,0
340.6660931110382,8560,6408,11344,-168,-209,114,7336,-9368,10344,0,134,-218,-13736,4192,5876,-995,124,-134,-14028,-4748,6228,-512,192,-105,0
340.7024381160736,8904,6416,11312,-131,-179,129,7344,-9328,10344,17,128,-191,-13716,4156,5552,-778,121,-123,-14032,-4984,6260,-547,219,-97,0
340.73768496513367,8620,6560,11196,-168,-190,130,7252,-9340,10432,15,127,-211,-13764,4220,5732,-1028,142,-161,-14000,-4920,6140,-538,227,-71,0
340.773873090744,8640,6456,11320,-124,-185,151,7264,-9280,10336,-12,90,-224,-13728,4064,5620,-1014,158,-106,-14016,-4936,6596,-537,206,-65,0
340.8097550868988,8588,6508,11508,-174,-182,142,7360,-9304,10412,8,130,-189,-13944,4212,5804,-787,105,-82,-14276,-4920,6268,-764,196,-93,0
340.8467130661011,8632,6568,11248,-193,-140,154,7376,-9296,10372,40,129,-159,-13640,4124,5856,-1010,111,-117,-13944,-4956,6196,-507,142,-102,0
340.88015699386597,8660,6220,11312,-141,-147,126,7312,-9288,10504,-21,99,-179,-13744,4332,5732,-1003,131,-116,-13916,-4992,6240,-500,168,-79,0
340.91368794441223,8604,6448,11324,-188,-142,150,7292,-9292,10396,-4,117,-200,-13708,4112,5728,-979,136,-147,-14036,-4964,6324,-479,204,-50,0
340.9473879337311,8660,6392,11448,-200,-147,154,7212,-9412,10276,-11,94,-195,-13752,4168,5760,-1031,106,-93,-14028,-4876,6208,-513,156,-96,0
340.9809980392456,8656,6448,11244,-155,-141,123,7272,-9336,10368,-38,121,-188,-13728,4156,5772,-977,113,-65,-14004,-4916,6196,-506,136,-150,0
341.01403403282166,8480,6640,11308,-176,-107,91,7256,-9376,10444,-43,111,-211,-13720,4104,5432,-993,94,-148,-13932,-4976,6268,-486,183,-155,0
341.0475571155548,8744,6404,11488,-132,-82,96,7308,-9292,10080,-63,155,-208,-13784,4112,5668,-980,47,-88,-14060,-4944,6252,-498,168,-165,0
341.0810389518738,8692,6484,11204,-139,-86,75,7340,-9376,10308,-28,169,-187,-13752,4188,5504,-1027,56,-46,-14148,-4872,6324,-508,123,-151,0
341.1145179271698,8484,6204,11280,-161,-26,57,7268,-9404,10320,2,150,-155,-13764,4344,5700,-981,73,-48,-13976,-4892,6256,-481,122,-156,0
341.14780497550964,8676,6392,11252,-183,-50,83,7412,-9396,10268,-29,175,-121,-13700,4152,5832,-988,56,-65,-13920,-4900,6244,-508,103,-132,0
341.18128395080566,8756,6460,11428,-155,-3,103,7404,-9356,10452,-36,185,-118,-13732,4072,5828,-1038,54,-46,-14012,-5028,6356,-757,95,-123,0
341.2147159576416,8652,6512,11432,-143,-15,108,7208,-9420,10284,-79,142,-104,-13664,4212,5720,-1045,65,-85,-13840,-4844,6336,-537,98,-83,0
341.24853801727295,8544,6452,11292,-147,-41,161,7304,-9316,10464,-62,95,-109,-13760,4064,5720,-1019,126,-22,-13924,-4992,6352,-523,85,-79,0
341.2866840362549,8548,6464,11340,-127,-256,169,7264,-9368,10320,-98,109,-90,-13676,4176,5712,-984,140,-236,-13976,-4904,6224,-520,63,-66,0
341.3205120563507,8644,6652,11312,-123,-6,166,7264,-9436,10412,-127,54,-94,-13560,4040,5556,-983,96,-1,-14072,-5016,6132,-550,61,-57,0
341.35400915145874,8912,6604,11376,-117,-16,152,7340,-9284,10432,-89,98,-81,-13736,4172,5664,-1021,64,-56,-14008,-4996,6332,-561,110,-94,0
341.3875639438629,8672,6616,11272,-123,-9,137,7316,-9416,10240,-81,133,-107,-13740,4112,5864,-990,97,-42,-14092,-4924,6320,-540,109,-140,0
341.42098903656006,8648,6444,11480,-141,-15,121,7252,-9376,10264,-17,119,-128,-13712,4180,5736,-996,102,-76,-14040,-4948,6212,-455,128,-106,0
341.4547281265259,8604,6468,11304,-132,-9,104,7232,-9296,10316,-54,115,-145,-13748,4224,5664,-1000,82,-48,-14032,-4892,6276,-531,145,-131,0
341.48839592933655,8920,6364,11268,-93,-108,105,7328,-9324,10404,-27,153,-142,-13648,4192,5688,-1039,64,-74,-13936,-4896,6280,-555,171,-142,0
341.52170515060425,8252,6344,11328,-121,-86,89,7196,-9392,10668,13,123,-159,-13688,4272,5860,-1079,89,-101,-14008,-4996,6236,-546,137,-147,0
341.5553369522095,8608,6612,11628,-49,-15,99,7356,-9336,10336,-18,146,-165,-13840,4116,5704,-1014,61,-87,-14240,-4956,6396,-495,127,-148,0
341.5889370441437,8612,6652,11332,-104,-45,35,7236,-9404,10212,-56,189,-181,-13800,4256,5704,-989,33,-99,-13876,-4868,6192,-494,140,-179,0
341.6224579811096,8560,6440,11508,-147,-42,36,7220,-9320,10312,-13,188,-190,-13756,4172,5684,-1019,33,-105,-14072,-4824,6360,-476,171,-158,0
341.65597105026245,8532,6436,11284,-108,-67,52,7276,-9344,10348,-30,179,-196,-13812,4108,5768,-1017,58,-55,-13968,-4996,6300,-483,134,-160,0
341.6897029876709,8576,6476,11300,-133,-11,69,7188,-9348,10336,-255,185,-146,-13780,4212,5676,-1019,68,-81,-14052,-4936,6304,-258,126,-146,0
341.72335505485535,8636,6408,11280,-133,-69,77,7200,-9328,10280,-72,155,-172,-13720,4136,5756,-960,54,-71,-13884,-5008,6264,-496,164,-130,0
341.7569501399994,8532,6420,11260,-138,-93,103,7200,-9364,10436,-41,139,-160,-13692,4220,5736,-978,101,-82,-13952,-5004,6284,-497,158,-88,0
341.7905330657959,8644,6484,11388,-141,-84,112,7212,-9284,10228,-32,114,-151,-13652,4084,5924,-1005,125,-66,-14280,-4980,6204,-257,130,-89,0
341.8240079879761,8604,6512,11232,-96,-63,157,7300,-9308,10252,-74,64,-153,-13740,4172,5768,-980,145,-50,-14048,-4884,6380,-533,128,-96,0
341.85730600357056,8596,6472,11404,-123,-106,145,7264,-9388,10444,-49,75,-163,-13688,4204,5884,-1002,145,-71,-14308,-4920,6512,-497,119,-65,0
341.8944320678711,8592,6452,11364,-117,-40,138,7236,-9376,10468,-92,135,-150,-13796,4164,5820,-979,114,-31,-14044,-4924,6316,-481,93,-80,0
341.93013310432434,8580,6204,11496,-130,-82,150,7340,-9424,10260,-67,73,-166,-13628,4300,5860,-1000,127,-78,-13984,-4912,6144,-510,121,-69,0
341.9653949737549,8548,6392,11344,-150,-87,138,7208,-9460,10336,-63,102,-179,-13784,4196,5828,-1021,111,-64,-13984,-4924,6324,-490,168,-72,0
342.0003819465637,8608,6524,11424,-153,-82,112,7268,-9360,10460,-30,127,-140,-13688,4164,5724,-1008,125,-47,-13900,-4708,6504,-499,121,-71,0
342.0356650352478,8572,6556,11512,-172,-119,134,7236,-9412,10464,-31,124,-141,-13648,4404,5660,-988,165,-38,-13948,-4620,6372,-542,141,-60,0
342.07147693634033,8524,6288,11320,-157,-129,152,7192,-9456,10368,24,86,-176,-13596,4320,5660,-1035,202,-133,-13848,-5084,6476,-538,174,-44,0
342.10765504837036,8552,6388,11656,-109,-184,191,7240,-9460,10388,30,60,-199,-13668,4220,5544,-1067,184,-141,-13960,-5012,6164,-558,217,-61,0
342.1429080963135,8604,6408,11476,-108,-188,155,7176,-9412,10316,16,111,-234,-13760,4172,5672,-997,128,-170,-13992,-5056,6320,-519,221,-77,0
342.1776490211487,8464,6248,11364,-134,-209,123,7316,-9316,10376,-22,137,-250,-13660,4344,6072,-992,160,-158,-13960,-4992,6264,-479,212,-99,0
342.2134280204773,8652,6436,11300,-180,-209,107,7340,-9388,10440,-19,141,-240,-13660,4120,5784,-1011,133,-167,-13984,-5004,6332,-509,229,-121,0
342.249589920044,8596,6468,11360,-218,-218,104,7212,-9280,10336,40,188,-224,-13772,4148,5856,-986,68,-143,-13976,-4924,6244,-481,215,-111,0
342.2848889827728,8608,6592,11280,-160,-172,82,7404,-9272,10444,-48,146,-241,-13644,4084,5720,-947,97,-166,-14076,-4964,6252,-470,231,-90,0
342.3212311267853,8548,6504,11344,-172,-208,107,7220,-9260,10424,-3,88,-267,-13744,4196,5736,-957,193,-144,-13876,-4816,6320,-483,507,-81,0
342.35767102241516,8748,6428,11292,-166,-152,120,7340,-9364,10492,-43,95,-210,-13788,4208,5644,-1010,129,-83,-13836,-4816,6244,-501,175,-59,0
342.39290595054626,8724,6432,11504,-160,-144,167,7232,-9352,10316,8,110,-156,-13636,4172,5460,-1016,152,-81,-14016,-4636,6416,-509,111,-54,0
342.4293179512024,8600,6368,11408,-170,-141,168,7292,-9360,10320,-23,101,-138,-13752,4264,5588,-1001,154,-61,-13868,-4964,6376,-764,125,-33,0
342.46441197395325,8588,6640,11300,-154,-132,163,7396,-9440,10440,-4,73,-145,-13668,4256,5580,-1004,182,-33,-14036,-5032,6248,-530,175,-49,0
342.4996659755707,8656,6388,11212,-178,-132,182,7296,-9352,10312,-34,50,-151,-13648,4184,5616,-996,202,-80,-13932,-4956,6292,-517,184,-256,0
342.5358679294586,8684,6440,11368,-136,-129,200,7196,-9304,10332,-80,24,-177,-13664,4228,5732,-999,229,-103,-14040,-4636,6492,-518,179,-18,0
342.56945395469666,8632,6492,11320,-172,-135,195,7308,-9380,10216,-58,52,-167,-13788,4204,5724,-963,207,-89,-14020,-4952,6552,-496,160,-49,0
342.6029860973358,8664,6364,11256,-159,-93,150,7388,-9404,10264,-72,102,-185,-14032,4132,5588,-986,127,-84,-14264,-4860,6332,-511,151,-82,0
342.6364481449127,8680,6436,11284,-161,-49,91,7396,-9316,10336,-68,119,-181,-13764,4180,5800,-1008,81,-37,-13844,-4952,6208,-499,133,-139,0
342.6699891090393,8728,6368,11400,-129,-18,85,7264,-9280,10324,-43,135,-157,-13740,4084,5728,-1018,66,-67,-14252,-4764,6156,-495,124,-134,0
342.7034089565277,8664,6428,11336,-142,-23,63,7352,-9408,10464,-52,156,-179,-13752,4224,5520,-981,27,-67,-14020,-4828,6376,-473,147,-148,0
342.7370090484619,8720,6328,11324,-133,-23,28,7288,-9340,10204,-35,200,-168,-13720,4196,5656,-999,253,-144,-13848,-4612,6364,-477,114,-206,0
342.77027702331543,8684,6456,11408,-122,-12,9,7292,-9408,10312,-37,211,-168,-13736,4232,5660,-978,-9,-57,-13896,-4620,6340,-487,134,-194,0
342.8039300441742,8612,6432,11404,-128,-5,23,7252,-9360,10268,-45,191,-165,-13664,4152,5864,-1001,76,-88,-14000,-5116,6368,-486,124,-141,0
342.8374481201172,8624,6480,11444,-151,-19,106,7252,-9388,10336,-58,134,-154,-13652,4220,5700,-979,105,-60,-13980,-4992,6424,-449,149,-134,0
342.87106704711914,8524,6452,11148,-153,-60,86,7156,-9232,10324,-86,137,-151,-13784,4264,5776,-982,118,-74,-13996,-4916,6280,-450,136,-111,0
342.9038760662079,8696,6516,11072,-149,-65,123,7196,-9316,10412,-118,124,-160,-13620,4172,5784,-938,80,-84,-14040,-4924,6320,-500,123,-124,0
342.9373869895935,8616,6644,11576,-160,-68,138,7304,-9428,10432,-84,113,-141,-13824,4220,5748,-986,95,225,-14324,-4636,6300,-510,141,-81,0
342.97112011909485,8476,6428,11320,-126,-83,132,7240,-9324,10440,-52,118,-135,-13724,4188,5584,-988,119,23,-14248,-4920,6168,-258,85,-58,0
343.00474095344543,8464,6396,11412,-152,-10,138,7352,-9308,10424,-119,88,-104,-13956,4120,5700,-945,139,-13,-14012,-4872,6296,-482,66,-49,0
343.0380771160126,8636,6644,11484,-193,-35,170,7284,-9280,10364,-105,87,-154,-13708,4140,5588,-953,197,-25,-13868,-4780,6200,-456,101,-23,0
343.0716280937195,8628,6328,11280,-184,-12,172,7316,-9368,10264,-123,71,-129,-13716,4240,5664,-985,186,-30,-13836,-4776,6284,-439,74,-44,0
343.1050660610199,8692,6372,11340,-168,-27,179,7180,-9396,10208,-46,90,-92,-13752,4268,5784,-997,140,-30,-14296,-4652,6388,-474,59,-58,0
343.13848400115967,8616,6316,11324,-131,249,113,7248,-9400,10408,-49,132,-137,-13756,4308,5784,-1032,82,-44,-13936,-4820,6644,-495,102,-100,0
343.1721649169922,8648,6248,11488,-127,-35,100,7292,-9464,10296,-18,137,-162,-13768,4272,5732,-991,100,-71,-13832,-4784,6608,-493,146,-147,0
343.205687046051,8656,6268,11380,-142,-61,40,7308,-9420,10264,-1,190,-193,-13740,4340,5880,-1002,30,-84,-14016,-4744,6284,-467,172,-158,0
343.23927903175354,8552,6284,11448,-139,-96,43,7312,-9664,10232,-19,208,-192,-13720,4392,5420,-982,49,-130,-13932,-4776,6608,-490,177,-132,0
343.27289509773254,8544,6296,11304,-155,-103,68,7204,-9224,10088,-30,157,-202,-13584,4448,5492,-997,128,-97,-14052,-4892,6388,-463,133,-161,0
343.3066580295563,8572,6552,11392,-181,-115,100,7156,-9380,10204,-57,125,-185,-13668,4228,5872,-936,117,-88,-13952,-4848,6160,-463,146,-61,0
343.3402750492096,8664,6368,11456,-174,-92,138,7252,-9352,10328,-118,84,-175,-13644,4252,5548,-978,197,-84,-14016,-4960,6392,-493,174,-41,0
343.3736789226532,8916,6452,11252,-143,-121,184,7388,-9388,10392,-91,80,-155,-13812,4116,5784,-968,184,-52,-14028,-4912,6344,-768,130,-66,0
343.40713906288147,8640,6436,11400,-149,-81,161,7404,-9344,10272,-117,112,-111,-13740,4216,5740,-951,113,-60,-14060,-4940,6388,-258,98,-95,0
343.44059801101685,8648,6160,11344,-123,-50,114,7392,-9380,10388,-32,160,-150,-13812,4140,5800,-991,39,-50,-13968,-5040,6248,-533,98,-160,0
343.4741590023041,8484,6372,11412,-122,-26,54,7324,-9400,10084,43,191,-176,-13648,4348,5684,-1040,35,-103,-13972,-5092,6356,-761,169,-190,0
343.50780606269836,8528,6308,11152,-101,-19,22,7172,-9344,10352,44,158,-196,-13664,4256,5836,-1059,49,-175,-13944,-4904,6264,-503,215,-167,0
343.5409770011902,8524,6624,11676,-107,-141,30,7212,-9448,10616,56,153,-512,-13748,4292,5684,-1014,73,-198,-13940,-5116,6508,-477,218,-173,0
343.579430103302,8508,6312,11280,-135,-182,45,7304,-9500,10168,-24,150,-258,-13708,4588,5608,-949,106,-167,-13956,-4648,6428,-487,192,-164,0
343.6143710613251,8612,6148,11452,-131,-121,57,7224,-9424,10260,-29,151,-236,-13684,4296,5704,-956,120,-133,-14056,-4784,6420,-460,157,-139,0
343.6501131057739,8564,6404,11292,-195,-102,111,7248,-9408,10408,-80,124,-167,-13748,4348,5764,-957,122,-107,-13972,-4832,6400,-471,116,-94,0
343.685387134552,8608,6648,11332,-199,-100,131,7352,-9468,10448,-84,120,-121,-13680,4192,5696,-986,137,-40,-13996,-4860,6328,-520,105,-55,0
343.7212641239166,8652,6472,11352,-201,-118,169,7292,-9484,10476,-35,97,-125,-13708,4188,5648,-1006,184,-68,-13844,-4680,6248,-538,129,-25,0
343.7577440738678,8608,6220,11496,-135,-159,182,7320,-9428,10256,249,58,-194,-13772,4220,5756,-1050,189,-138,-14052,-4884,6272,-579,209,-68,0
343.79321694374084,8580,6496,11296,-123,-205,165,7364,-9360,10480,15,5,-195,-13532,4092,5624,-1057,209,-111,-14104,-4836,6396,-566,219,-44,0
343.8292419910431,8720,6368,11356,-154,-167,170,7372,-9332,10448,8,73,-220,-13740,4220,5732,-1005,197,-98,-13960,-4984,6576,-512,169,-61,0
343.8649611473084,8656,6152,11360,-152,-168,140,7296,-9392,10432,22,79,-235,-13752,4220,5724,-1000,154,-122,-14040,-4868,6408,-761,153,-72,0
343.90037512779236,8588,6340,11376,-170,-188,114,7248,-9388,10304,-32,120,-230,-13804,4124,5600,-967,128,-120,-14056,-4932,6392,-477,141,-68,0
343.93560099601746,8556,6392,11304,-188,-192,101,7348,-9444,10244,-16,139,-245,-13760,4276,5480,-910,168,-146,-14052,-4692,6604,-468,189,-88,0
343.97120904922485,8548,6264,11496,-204,-179,81,7312,-9512,10268,-11,136,-239,-13632,4276,5392,-1001,131,-134,-14008,-4712,6300,-475,208,-104,0
344.007609128952,8656,6304,11292,-173,-212,104,7224,-9492,10432,52,97,-267,-13660,4328,5580,-995,144,-166,-13968,-4852,6336,-519,234,-97,0
344.04270792007446,8592,6272,11424,-153,-205,115,7316,-9428,10344,10,98,-254,-13752,4348,5548,-1014,129,-205,-14080,-4724,6188,-529,232,-67,0
344.07760214805603,8452,6332,11512,-150,-213,157,7292,-9232,10484,7,116,-235,-13616,4128,5580,-1002,157,-105,-14108,-4788,6264,-523,198,-54,0
344.11325693130493,8688,6364,11080,-186,-185,179,7304,-9424,10012,-8,76,-191,-13820,4288,5628,-1019,203,-134,-14080,-4876,6220,-522,197,-57,0
344.1491451263428,8928,6300,11276,-154,-163,194,7408,-9336,10260,-8,85,-172,-13804,4128,5728,-1011,193,-111,-14004,-4664,6228,-540,158,-82,0
344.1844129562378,8784,6144,11496,-139,-135,166,7384,-9236,10396,-12,78,-156,-13692,4328,5668,-1024,104,-108,-14076,-4856,6380,-525,141,-108,0
344.2205550670624,8708,6396,11284,-128,-142,122,7452,-9296,10424,-7,124,-197,-13820,4120,5628,-1018,83,-53,-14316,-4932,6192,-507,149,-164,0
344.2543320655823,8880,6300,11204,-146,-77,73,7332,-9296,10288,-40,194,-171,-13736,4256,5624,-990,64,-67,-14092,-4832,6296,-480,149,-174,0
344.2879559993744,8668,6404,11552,-148,-63,58,7336,-9360,10184,-44,176,-175,-13740,4184,5680,-1012,66,-54,-14040,-4716,6388,-465,162,-129,0
344.3216691017151,8492,6364,11372,-148,-22,57,7400,-9320,10288,-41,167,-171,-13704,4244,5556,-995,55,-84,-13908,-4640,6356,-471,163,-118,0
344.355397939682,8896,6352,11344,-153,-37,75,7212,-9360,10440,-37,150,-162,-13776,4268,5756,-977,80,-61,-13912,-4772,6388,-483,148,-136,0
344.3884780406952,8732,6368,11364,-137,-48,74,7324,-9408,10264,-61,144,-143,-13740,4236,5644,-970,111,-69,-13896,-4940,6436,-459,120,-126,0
344.4218759536744,8684,6404,11556,-168,-38,103,7176,-9352,10184,-93,164,-156,-13728,4344,5708,-973,79,-40,-14044,-4888,6460,-465,79,-118,0
344.4554970264435,8592,6284,11444,-141,-30,95,7276,-9520,10020,-61,200,-125,-13764,4364,5768,-989,13,-246,-14096,-4792,6548,-531,86,-149,0
344.4891700744629,8660,6376,11288,-199,-19,120,7400,-9432,10396,-253,185,-106,-13792,4140,5684,-1019,20,-30,-14056,-4860,6356,-482,91,-139,0
344.52270698547363,8620,6436,11348,-122,25,82,7332,-9416,10412,-38,181,-118,-13796,4264,5708,-992,53,-86,-13992,-4928,6240,-534,98,-145,0
344.5565049648285,8640,6188,11336,-106,-72,68,7260,-9340,10392,-54,149,-161,-13712,4204,5444,-974,97,-85,-13992,-4904,6400,-519,162,-162,0
344.5895071029663,8660,6336,11316,-135,-20,88,7288,-9336,10380,-41,160,-183,-13796,4192,5584,-1017,89,-62,-13912,-4904,6504,-487,109,-144,0
344.6229000091553,8548,6272,11372,-113,-7,96,7344,-9396,10240,-54,132,-145,-13768,4248,5724,-939,73,-58,-14072,-4828,6356,-469,118,-186,0
344.6564450263977,8588,6348,11352,-135,-26,42,7348,-9412,10436,-72,176,-166,-13700,4256,5656,-962,54,-71,-14076,-4872,6360,-509,113,-157,0
344.6899709701538,8700,6352,11480,-134,-57,45,7344,-9372,10320,-78,163,-182,-13964,4196,5452,-967,44,-86,-14076,-4776,6172,-495,144,-158,0
344.72360014915466,8688,6296,11376,-126,-60,38,7212,-9444,10228,-11,197,-167,-13668,4208,5836,-988,36,-78,-14052,-4716,6404,-488,159,-155,0
344.75737500190735,8672,6348,11472,-134,-50,80,7196,-9472,10388,19,146,-188,-13612,4240,5836,-1002,99,-92,-14032,-4720,6608,-482,190,-118,0
344.7908580303192,8500,6288,11528,-132,-144,102,7288,-9696,10400,-10,100,-204,-13608,4216,5696,-995,148,-122,-13936,-4884,6156,-512,186,-73,0
344.82409596443176,8680,6416,11488,-155,-154,123,7332,-9408,10360,-16,110,-195,-13504,4268,5412,-962,135,-76,-14048,-4860,6448,-525,175,-100,0
344.85791993141174,8608,6364,11312,-170,-118,168,7164,-9448,10220,8,101,-188,-13688,4304,5652,-1021,155,-105,-14016,-4688,6520,-514,197,-63,0
344.8912479877472,8560,6324,11456,-131,-155,156,7244,-9308,10340,-7,61,-200,-13632,4200,5576,-1019,167,-129,-13972,-4968,6312,-543,156,-59,0
344.9243929386139,8508,6332,11268,-123,-149,142,7300,-9372,10084,-9,78,-196,-13760,4236,5600,-991,161,-139,-13940,-5112,6392,-541,168,-109,0
344.9580011367798,8652,6268,11392,-141,-158,111,7356,-9424,10272,-19,114,-238,-13792,4192,5684,-977,143,-121,-14220,-4796,6264,-498,169,-84,0
344.9915199279785,8808,6312,11420,-148,-146,85,7404,-9388,10228,-11,123,-236,-13756,4220,5452,-970,89,-105,-14152,-4808,6648,-510,204,-114,0
345.02496099472046,8948,6292,11372,-171,-192,91,7168,-9428,10328,0,133,-217,-13780,4252,5628,-984,129,-97,-13992,-4704,6324,-480,190,-87,0
345.0585820674896,8628,6388,11472,-159,-140,125,7392,-9368,10144,-17,111,-218,-13760,4264,5796,-998,134,-136,-13876,-4804,6296,-495,194,-99,0
345.09208393096924,8756,6144,11268,-144,-164,153,7384,-9432,10432,255,116,-222,-13844,4220,5828,-1005,157,-142,-14144,-5116,6372,-524,188,-72,0
345.12558102607727,8688,6628,11380,-174,-159,129,7348,-9420,10428,-11,106,-218,-13716,4236,5408,-1026,168,-81,-14036,-4804,6148,-505,193,-75,0
345.1591300964356,8720,6636,11424,-166,-176,142,7420,-9404,10492,-31,94,-195,-13680,4236,5872,-1012,146,-73,-14124,-4828,6328,-520,138,-80,0
345.192666053772,8528,6224,11408,-142,-135,149,7280,-9436,10320,-34,111,-172,-13700,4264,5780,-1046,127,-64,-14040,-4912,6556,-541,131,-77,0
345.22565507888794,8612,6352,11412,-171,-130,140,7304,-9400,10336,25,107,-197,-13600,4332,5880,-1016,156,-79,-13808,-4872,6280,-504,166,-108,0
345.2633090019226,8604,6352,11172,-98,-90,112,7328,-9312,10432,-25,92,-196,-13772,4328,5720,-990,135,-87,-13924,-4712,6380,-549,206,-115,0
345.2994260787964,8708,6280,11328,-118,-127,59,7424,-9272,10476,-34,109,-235,-13768,4224,5872,-987,131,-127,-14120,-4720,6356,-501,212,-138,0
345.33500814437866,8804,6328,11164,-157,-68,80,7432,-9360,10368,-40,128,-142,-13748,4204,5512,-1001,49,-58,-14056,-4620,6216,-482,102,-172,0
345.37085604667664,8824,6324,11416,-136,16,72,7396,-9348,10228,-50,201,-103,-13752,4164,5716,-974,45,-82,-13984,-4840,6616,-459,67,-158,0
345.40624809265137,8620,6440,11212,-176,15,51,7284,-9396,10304,-11,174,-153,-13696,4196,5384,-982,74,-70,-14304,-4772,5912,-475,107,-150,0
345.44224214553833,8720,6276,11328,-137,1,79,7272,-9348,10308,-70,169,-132,-13996,4280,5732,-1007,39,-25,-14012,-4908,6384,-524,106,-167,0
345.4774830341339,8760,6316,11380,-120,-4,51,7328,-9468,10288,-22,163,-148,-13756,4196,5880,-1010,68,-68,-14008,-4628,6372,-517,129,-166,0
345.5138120651245,8612,6300,11372,-110,-36,77,7296,-9368,10320,-50,138,-152,-13872,4328,5660,-1279,35,-30,-14020,-5120,6256,-477,116,-156,0
345.54962396621704,8680,6596,11468,-136,-19,90,7248,-9432,10308,-62,194,-88,-13720,4288,5684,-980,57,-223,-13992,-4856,6476,-452,57,-146,0
345.584841966629,8544,6392,11336,-173,32,123,7224,-9524,10328,-61,127,-91,-13824,4272,5832,-953,118,-37,-13860,-4904,6208,-504,97,-67,0
345.6202290058136,8568,6456,11344,-143,-34,150,7260,-9224,10284,-62,42,-150,-13636,4264,5816,-1008,178,-49,-13912,-4848,6196,-517,158,-77,0
345.6555609703064,8456,6284,11260,-99,-72,143,7372,-9356,10196,-22,76,-166,-13800,4132,5904,-1010,71,-102,-13968,-4924,6336,-536,166,-155,0
345.69189405441284,8756,6240,11376,-85,-61,31,7388,-9448,10116,-9,185,-203,-13572,4240,5712,-955,-8,-107,-14116,-4852,6384,-485,144,-218,0
345.72819995880127,8932,6288,11484,-147,-47,1,7268,-9484,10224,-7,253,-203,-14040,4228,5700,-897,-26,-151,-13984,-4788,6380,-442,163,-176,0
345.7637979984284,8924,6352,11540,-185,-77,49,7380,-9360,10396,-60,195,-198,-13724,4260,5704,-965,85,-87,-14020,-4764,6460,-462,156,-96,0
345.7996699810028,8672,6380,11444,-166,-75,88,7396,-9388,10248,-70,136,-165,-13632,4256,5652,-963,118,-76,-14048,-4852,6368,-480,159,-129,0
345.8349120616913,8616,6252,11384,-161,-85,137,7276,-9336,10348,-36,93,-156,-13572,4284,5612,-1008,161,-99,-14052,-4904,6384,-767,169,-75,0
345.87101912498474,8624,6188,11448,-144,-83,161,7316,-9432,10456,-62,101,-169,-13652,4220,5664,-1028,141,-61,-13924,-4892,6460,-484,132,-69,0
345.90672397613525,8600,6340,11400,-144,-86,110,7412,-9396,10452,-31,119,-143,-13708,4276,5644,-1019,96,-33,-14028,-4848,6352,-563,121,-125,0
345.9402849674225,8632,6252,11512,-124,-52,109,7300,-9556,10224,17,154,-150,-13792,4212,5592,-1046,55,-73,-13984,-4856,6336,-526,136,-166,0
345.9738380908966,8680,6376,11388,-98,-55,78,7340,-9284,10428,36,157,-153,-13676,4300,5680,-772,79,-82,-14048,-4960,6424,-526,132,-158,0
346.00740098953247,8664,6400,11380,-114,-86,68,7288,-9708,10392,-36,181,-207,-13676,4204,5696,-981,60,-99,-13960,-4960,6348,-454,185,-142,0
346.04073905944824,8652,6392,11420,-186,-74,48,7316,-9324,10296,-37,170,-201,-13820,4276,5748,-954,108,-76,-14048,-4812,6416,-465,194,-117,0
346.07420206069946,8584,6352,11272,-163,-91,105,7232,-9340,10192,-69,125,-173,-13672,4324,5416,-952,107,-52,-13964,-4848,6344,-473,156,-109,0
346.1076879501343,8500,6312,11356,-169,-72,117,7208,-9364,10400,-49,127,-189,-13612,4284,6100,-961,117,-73,-13872,-4876,6288,-479,104,-112,0
346.14087295532227,8552,6340,11472,-164,-76,86,7256,-9480,10416,-47,151,-167,-13604,4296,5672,-974,71,-112,-14088,-4740,6344,-506,135,-139,0
346.1744351387024,8588,6308,11432,-115,-68,76,7244,-9292,10260,-17,160,-184,-13660,4320,5632,-998,92,-131,-14128,-4800,6248,-517,156,-125,0
346.2081060409546,8672,6380,11400,-116,-78,93,7296,-9424,10416,23,109,-180,-13444,4244,5840,-778,116,-114,-13912,-4768,6460,-530,191,-120,0
346.24190402030945,8596,6160,11452,-99,-84,133,7264,-9356,10260,-4,111,-167,-13712,4264,5760,-1004,152,-100,-14048,-4980,6556,-535,171,-104,0
346.27562713623047,8532,6412,11380,-131,-120,117,7328,-9324,10316,-9,122,-188,-13700,4260,5724,-1001,146,-102,-14052,-5120,6304,-497,161,-67,0
346.3117570877075,8624,6396,11348,-171,-124,116,7356,-9452,10376,-29,88,-195,-13632,4208,5532,-981,155,-92,-13856,-4820,6384,-495,231,-64,0
346.34579205513,8568,6404,11416,-157,-158,155,7328,-9332,10348,-16,119,-205,-13776,4204,5804,-1000,176,-86,-14068,-4728,6468,-467,178,-54,0
346.3794090747833,8548,6468,11444,-187,-218,138,7236,-9440,10048,-255,121,-210,-13696,4180,5700,-1006,160,-96,-14000,-4908,6416,-487,185,-34,0
346.4129419326782,8568,6256,11456,-213,-174,117,7372,-9396,9984,-34,129,-221,-13732,4296,5592,-978,155,-137,-14020,-4748,6400,-503,182,-98,0
346.4464991092682,8604,6224,11340,-163,-208,111,7288,-9408,10420,21,132,-234,-13816,4364,5688,-977,117,-182,-14052,-4780,6396,-517,217,-101,0
346.47998213768005,8576,6360,11416,-145,-195,107,7224,-9460,10328,27,111,-506,-13800,4336,5712,-1022,124,-166,-14088,-4720,6340,-259,215,-64,0
346.5135200023651,8636,6328,11336,-138,-215,107,7296,-9416,10224,9,84,-240,-13680,4268,5640,-1002,155,-160,-14020,-4764,6620,-541,221,-78,0
346.54739809036255,8884,6352,11428,-144,-196,143,7356,-9384,10120,31,93,-236,-13736,4228,5564,-1022,150,-127,-14076,-4856,6424,-509,215,-86,0
346.58103108406067,8624,6552,11312,-153,-208,164,7348,-9224,10032,246,81,-219,-13696,4212,5480,-998,166,-121,-14012,-5084,6388,-502,204,-55,0
346.6143929958344,8628,6456,11272,-147,-179,150,7276,-9300,10332,-16,94,-218,-13760,4260,5640,-990,160,-123,-13872,-4696,6248,-521,183,-80,0
346.6476490497589,8632,6392,11416,-159,-165,154,7396,-9268,10372,-19,124,-186,-13692,4324,5808,-995,141,-90,-14104,-4772,6628,-522,159,-74,0
346.6812300682068,8768,6380,11268,-158,-192,115,7304,-9388,10340,-27,131,-184,-13696,4248,5844,-772,121,-109,-13860,-4620,6184,-522,156,-114,0
346.71480894088745,8584,6224,11392,-173,-117,125,7268,-9392,10440,9,114,-182,-13788,4188,5788,-769,118,-122,-13932,-4816,6308,-487,131,-99,0
346.74848198890686,8592,6156,11304,-130,-115,80,7392,-9340,10536,-16,120,-214,-13792,4180,5604,-998,91,-101,-13996,-4856,6328,-264,174,-138,0
346.7821021080017,8704,6260,11320,-121,-126,90,7336,-9344,10248,-40,142,-215,-13752,4204,5588,-957,126,-111,-14064,-4900,6276,-507,187,-116,0
346.8156440258026,8608,6272,11368,-160,-52,88,7332,-9336,10276,-44,139,-167,-13712,4284,5720,-1005,109,-32,-14084,-4820,6560,-503,117,-134,0
346.8494760990143,8692,6360,11304,-131,-23,106,7384,-9360,10396,-56,157,-129,-14044,4216,5492,-995,89,-72,-14084,-4824,6336,-457,85,-135,0
346.882954120636,8532,6304,11372,-179,18,108,7404,-9416,10428,-18,144,-136,-13656,4252,5884,-984,82,-61,-13912,-4932,6316,-486,103,-152,0
346.9197299480438,8560,6284,11308,-136,-36,86,7200,-9428,10204,-66,126,-125,-13796,4208,5652,-1013,51,-36,-14036,-4792,6388,-524,138,-156,0
346.9551100730896,8704,6284,11432,-86,-27,68,7404,-9328,10252,-46,153,-138,-13756,4120,5608,-984,65,-75,-13968,-4960,6496,-488,161,-156,0
346.9909670352936,8616,6240,11444,-134,-31,68,7276,-9348,10308,-50,128,-175,-13620,4404,5600,-1002,92,-85,-14000,-4844,6296,-501,140,-141,0
347.02709913253784,8596,6352,11360,-106,-55,99,7416,-9400,10268,-71,127,-156,-13832,4304,5812,-1001,43,-30,-13996,-4892,6380,-494,136,-121,0
347.06235814094543,8580,6280,11440,-134,-54,82,7308,-9420,10400,-25,155,-160,-13692,4168,5700,-973,91,-72,-14028,-4916,6340,-480,136,-147,0
347.0980689525604,8676,6456,11388,-147,-54,69,7280,-9416,10252,-45,182,-156,-13728,4280,5612,-975,75,-95,-13856,-5100,6360,-488,153,-147,0
347.1338400840759,8636,6344,11368,-116,-78,99,7300,-9352,10344,-46,159,-158,-13672,4228,5700,-988,101,-54,-13904,-4804,6356,-486,166,-142,0
347.1694641113281,8692,6380,11316,-140,-68,84,7332,-9448,10348,-70,126,-185,-13696,4284,5684,-959,74,-73,-13844,-4892,6360,-503,122,-135,0
347.2046730518341,8664,6336,11460,-104,-59,60,7328,-9468,10452,-52,153,-146,-13792,4284,5624,-1000,39,-64,-14084,-4812,6392,-507,144,-168,0
347.2407939434052,8668,6176,11276,-139,-59,66,7252,-9444,10260,10,162,-166,-13672,4172,5784,-982,91,-72,-14020,-4856,6368,-474,163,-132,0
347.2771210670471,8648,6392,11448,-101,-34,88,7240,-9432,10248,-51,94,-187,-13740,4316,5600,-1002,120,-103,-14060,-4840,6400,-500,148,-113,0
347.3125319480896,8452,6276,11268,-128,-110,88,7340,-9272,10352,-59,142,-198,-13588,4172,5720,-977,91,-91,-14032,-4636,6280,-495,146,-124,0
347.34850096702576,8652,6284,11328,-135,-97,105,7344,-9416,10336,-31,159,-161,-13604,4244,5428,-982,108,-65,-13860,-4724,6260,-480,123,-130,0
347.38381600379944,8644,6424,11472,-131,-16,98,7316,-9348,10460,-28,143,-151,-13740,4204,5592,-986,115,-113,-14224,-4752,6304,-474,97,-135,0
347.4195599555969,8600,6400,11364,-131,-12,107,7220,-9320,10228,-54,133,-128,-13720,4516,5704,-1004,109,-69,-13840,-5012,6336,-260,118,-109,0
347.45482897758484,8476,6360,11512,-123,-69,113,7228,-9340,10376,-46,137,-174,-13756,4584,5524,-992,79,-76,-13940,-4940,6404,-527,150,-151,0
347.4897119998932,8612,6304,11396,-116,-57,88,7184,-9376,10268,-37,158,-175,-13680,4340,5752,-1007,55,-118,-13976,-4832,6312,-504,170,-140,0
347.5254261493683,8496,6244,11536,-124,-70,93,7288,-9444,10356,-30,148,-181,-13620,4220,5500,-995,86,-105,-14068,-5100,6412,-524,184,-113,0
347.56226801872253,8500,6216,11284,-108,-124,86,7360,-9400,10196,-41,138,-193,-13688,4292,5676,-989,98,-95,-14008,-4672,6484,-491,172,-115,0
347.5959029197693,8620,6148,11340,-151,-99,116,7320,-9480,10320,-39,137,-173,-13688,4240,5680,-997,146,-60,-14072,-5108,6356,-481,122,-107,0
347.6292080879212,8636,6156,11384,-166,-68,97,7280,-9316,10260,-38,129,-178,-13668,4228,5584,-993,104,-67,-13984,-4952,6224,-479,137,-102,0
347.6627550125122,8584,6356,11396,-157,-90,87,7368,-9360,10328,-41,147,-155,-13660,4232,5824,-1017,92,-61,-13908,-5120,6612,-513,155,-128,0
347.69623494148254,8524,6152,11432,-139,-91,87,7272,-9344,10232,-65,136,-187,-13784,4336,5812,-1005,83,-103,-13996,-4648,6436,-493,152,-137,0
347.7297079563141,8592,6348,11496,-132,-88,98,7272,-9408,10268,-22,140,-176,-13748,4228,5656,-1014,85,-116,-14016,-4836,6368,-492,162,-150,0
347.7633831501007,8664,6212,11504,-117,-76,76,7184,-9304,10420,-27,109,-170,-13672,4172,5692,-1278,109,-84,-14044,-4884,6288,-519,176,-117,0
347.79699993133545,8568,6376,11376,-127,-74,85,7236,-9504,10332,-4,113,-179,-13648,4532,5664,-1014,106,-78,-14000,-4828,6328,-492,164,-110,0
347.8303360939026,8528,6192,11432,-128,-88,113,7252,-9404,10380,-34,128,-197,-13700,4308,5840,-1006,110,-79,-14032,-4816,6304,-506,163,-104,0
347.86394000053406,8948,6168,11444,-122,-112,107,7268,-9400,10304,-36,148,-174,-13656,4236,5748,-993,123,-96,-14320,-4688,6272,-470,150,-92,0
347.8973970413208,8620,6328,11180,-164,-96,97,7300,-9428,10500,-1,169,-177,-13724,4284,5412,-990,111,-132,-14020,-4832,6148,-461,175,-111,0
347.93060994148254,8664,6340,11284,-195,-155,121,7152,-9444,10276,-15,156,-182,-13676,4196,5544,-998,121,-97,-14152,-4776,6392,-490,170,-85,0
347.96408200263977,8540,6276,11444,-135,-115,114,7268,-9424,10276,-20,124,-187,-13724,4228,5808,-942,140,-94,-14064,-4816,6520,-531,170,-54,0
347.9976921081543,8636,6348,11520,-143,-151,131,7288,-9428,10364,253,119,-192,-13628,4268,5804,-1010,120,-87,-13996,-4776,6204,-511,167,-69,0
348.031142950058,8520,6392,11472,-140,-168,133,7248,-9392,10404,-5,107,-212,-13648,4352,5720,-1004,173,-112,-14064,-4856,6160,-516,211,-66,0
348.06472992897034,8564,6400,11436,-128,-221,139,7264,-9412,10040,-10,86,-223,-13644,4308,5816,-987,168,-162,-14096,-4852,6456,-504,199,-90,0
348.09843492507935,8652,6324,11388,-168,-185,122,7240,-9424,10292,0,95,-210,-13708,4200,5676,-1002,158,-146,-14108,-4948,6408,-535,212,-68,0
348.13175106048584,8636,6312,11424,-124,-190,119,7416,-9380,10372,14,123,-227,-13720,4172,5664,-984,144,-112,-14244,-4652,6340,-506,203,-80,0
348.1650459766388,8696,6228,11300,-147,-198,143,7284,-9364,10244,253,106,-228,-13744,4352,5600,-994,150,-149,-14012,-5088,6180,-478,205,-74,0
348.1986310482025,8524,6408,11572,-165,-203,132,7320,-9368,10476,-23,106,-223,-13728,4216,5816,-987,160,-143,-14124,-4808,6288,-501,186,-68,0
348.23209714889526,8704,6320,11340,-138,-209,130,7384,-9344,10332,-29,107,-238,-13988,4316,5376,-1005,118,-153,-13868,-4660,6304,-539,164,-79,0
348.2657001018524,8756,6232,11444,-211,-151,106,7272,-9360,10472,11,108,-211,-13684,4272,5520,-1034,101,-133,-13968,-4848,6448,-500,191,-77,0
348.29936003685,8616,6380,11500,-161,-161,133,7460,-9424,10420,34,108,-205,-13544,4156,5744,-989,180,-129,-13992,-5012,6336,-495,199,-81,0
348.33280301094055,8684,6376,11400,-150,-196,139,7400,-9336,10312,-28,109,-263,-13744,4224,5784,-989,183,-118,-14024,-4800,6280,-534,511,-23,0
348.3664510250092,8644,6268,11200,-193,-181,150,7376,-9372,10328,-23,102,-221,-13692,4220,5620,-992,203,-87,-14084,-4704,6344,-258,178,-93,0
348.39984011650085,8772,6328,11376,-133,-145,163,7336,-9352,10208,-9,90,-160,-13716,4188,5632,-1021,148,-85,-13892,-4852,6400,-487,108,-88,0
348.43325996398926,8684,6372,11296,-165,-138,158,7396,-9388,10648,254,87,-160,-13780,4272,5512,-955,119,-123,-13968,-4876,6344,-506,126,-100,0
348.46695613861084,8668,6256,11384,-147,-99,99,7376,-9384,10348,-23,107,-210,-13796,4136,5548,-992,131,-147,-14048,-4804,6392,-511,178,-97,0
348.50058007240295,8668,6324,11320,-98,-136,84,7264,-9408,10492,-34,99,-200,-13672,4172,5840,-1029,110,-138,-14044,-4740,6584,-535,220,-119,0
348.53397512435913,8656,6312,11400,-122,-148,106,7260,-9424,10176,-5,89,-240,-13772,4276,5572,-1005,131,-121,-13924,-4852,6176,-492,204,-120,0
348.5675859451294,8656,6252,11248,-126,-114,102,7360,-9244,10272,-57,102,-236,-13708,4120,5740,-967,147,-93,-14024,-4828,6432,-486,152,-103,0
348.6043150424957,8524,6152,11464,-161,-66,108,7404,-9336,10304,-49,109,-156,-13784,4244,5680,-967,119,-121,-13892,-4820,6304,-479,127,-138,0
348.63963413238525,8776,6308,11472,-134,9,83,7520,-9360,10236,-40,150,-130,-13904,4228,5796,-996,88,-47,-13984,-4996,6424,-495,124,-133,0
348.6752619743348,8928,6596,11128,-172,-28,112,7372,-9448,10324,-19,173,-124,-13780,4164,5592,-1002,54,-60,-13940,-4796,6624,-487,137,-156,0
348.7111759185791,8696,6300,11352,-133,-28,100,7352,-9352,10324,-51,151,-129,-13716,4328,5660,-1004,63,-31,-14032,-4836,6396,-510,116,-159,0
348.7473430633545,8672,6340,11444,-120,-34,98,7336,-9408,10276,-38,163,-158,-13708,4492,5520,-1000,62,-34,-13900,-4832,6424,-489,118,-164,0
348.7824800014496,8684,6308,11464,-136,-38,72,7284,-9248,10304,-27,154,-152,-13660,4304,5624,-995,92,-107,-13948,-4996,6168,-507,134,-134,0
348.8175880908966,8596,6352,11336,-112,-256,63,7296,-9420,10408,-32,155,-176,-13640,4164,5812,-997,105,-79,-14092,-4772,6428,-504,135,-131,0
348.8533101081848,8600,6416,11464,-121,-47,86,7312,-9392,10480,-58,197,-202,-13820,4240,5688,-967,77,-102,-13944,-4836,6336,-488,182,-163,0
348.8886549472809,8732,6292,11392,-148,-69,83,7324,-9336,10400,-58,151,-179,-13708,4240,5656,-973,93,-79,-14220,-4852,6380,-457,152,-107,0
348.92374992370605,8452,6152,11360,-128,-83,75,7284,-9360,10284,-64,133,-158,-13648,4248,5960,-964,57,-73,-14200,-4788,6348,-502,144,-114,0
348.9601349830628,8704,6268,11440,-141,-75,35,7416,-9456,10248,-64,173,-138,-13700,4300,5608,-1013,25,-82,-14064,-4616,6152,-532,177,-171,0
348.9959759712219,8644,6336,11488,-140,-58,84,7276,-9372,10228,-16,202,-141,-13652,4188,5444,-1006,49,-66,-13956,-4892,6468,-260,140,-134,0
349.03137493133545,8484,6320,11400,-90,-30,51,7256,-9380,10340,-92,141,-125,-13704,4192,5748,-988,83,-54,-13844,-4920,6260,-260,102,-142,0
349.06748509407043,8632,6372,11392,-122,-57,68,7232,-9300,10264,-56,154,-148,-13708,4312,5768,-977,112,-87,-13988,-4796,6476,-529,138,-117,0
349.10237312316895,8488,6352,11372,-140,-41,98,7276,-9296,10480,-20,143,-166,-13760,4284,5432,-1002,92,-30,-14012,-4916,6424,-508,127,-120,0
349.13789892196655,8652,6292,11428,-121,-57,100,7280,-9312,10304,-77,142,-128,-13744,4184,5720,-981,57,-87,-14080,-4936,6344,-478,83,-139,0
349.17333006858826,8616,6332,11444,-141,-69,84,7320,-9368,10288,-73,162,-144,-13740,4156,5768,-961,74,-49,-14072,-5044,6360,-490,115,-121,0
349.20883798599243,8564,6604,11340,-118,-86,58,7276,-9452,10072,-64,142,-195,-13696,4292,5656,-995,79,-105,-13936,-4876,6364,-516,151,-132,0
349.24570298194885,8656,6380,11260,-134,-102,70,7280,-9236,10380,-19,161,-218,-13620,4340,5780,-773,34,-72,-13880,-4792,6320,-557,219,-128,0
349.279256105423,8708,6268,11376,-138,-120,88,7304,-9404,10336,-71,148,-220,-13608,4304,5744,-1014,103,-91,-13836,-4820,6620,-499,176,-89,0
349.31287908554077,8640,6308,11596,-108,-142,89,7308,-9372,10352,-29,113,-198,-13716,4100,5480,-977,133,-77,-13980,-4892,6648,-510,169,-115,0
349.34641909599304,8684,6396,11300,-151,-88,100,7392,-9380,10308,-46,134,-193,-13820,4180,5728,-978,75,-36,-13984,-4860,6296,-495,167,-139,0
349.38007402420044,8644,6308,11300,-145,-71,105,7368,-9452,10256,-26,180,-154,-13672,4352,5540,-959,110,-90,-14120,-4824,6284,-507,162,-111,0
349.413332939148,8652,6416,11392,-175,-79,98,7304,-9476,10176,-63,115,-157,-13824,4272,5568,-1071,119,-119,-14016,-5008,6592,-495,134,-97,0
349.4469850063324,8672,6448,11320,-155,-118,104,7264,-9412,10272,-16,121,-180,-13724,4264,5764,-1003,96,-87,-14312,-4624,6152,-488,140,-133,0
349.48051595687866,8740,6436,11376,-126,-65,87,7412,-9428,10352,-47,170,-165,-13800,4232,5684,-994,69,-61,-13932,-4648,6224,-768,138,-115,0
349.5140149593353,8604,6340,11296,-139,-125,87,7372,-9244,10464,-41,170,-156,-13800,4340,5752,-982,59,-86,-13992,-4860,6392,-514,177,-130,0
349.5475809574127,8544,6384,11508,-105,-76,94,7364,-9472,10284,-33,151,-199,-13748,4312,5476,-979,92,-102,-14008,-4852,6392,-497,171,-128,0
349.5811190605164,8628,6272,11380,-128,-128,86,7292,-9428,10176,-11,123,-179,-13720,4580,5604,-968,85,-150,-13916,-4952,6292,-492,177,-133,0
349.6144959926605,8624,6368,11428,-144,-102,104,7332,-9636,10304,-30,129,-196,-13704,4284,5828,-1007,118,-106,-13988,-4940,6276,-509,193,-106,0
349.6480541229248,8596,6388,11352,-167,-78,108,7288,-9452,10264,-53,133,-189,-13668,4300,5780,-956,100,-94,-14012,-4776,6616,-499,149,-121,0
349.6946840286255,8624,6332,11380,-132,-116,87,7388,-9516,10380,-37,136,-175,-13708,4300,5596,-1023,67,-104,-14068,-4808,6492,-503,191,-99,0
349.74055910110474,8628,6448,11336,-129,-105,102,7288,-9328,10292,-249,147,-170,-13764,4228,5712,-1010,83,-52,-13996,-4860,6316,-260,185,-116,0
349.7779800891876,8648,6376,11408,-122,-95,94,7288,-9436,10328,-26,134,-178,-13720,4272,5844,-980,93,-80,-14052,-4844,6392,-500,213,-132,0
349.81171107292175,8628,6348,11348,-168,-126,101,7348,-9328,10264,-39,151,-192,-13664,4208,5624,-930,86,-100,-13928,-4864,6364,-489,205,-82,0
349.8449919223785,8684,6360,11388,-155,-90,123,7328,-9324,10244,248,136,-154,-13780,4288,5600,-988,84,-103,-13932,-4976,6360,-485,161,-112,0
349.8785719871521,8624,6364,11444,-145,-86,115,7304,-9348,10248,-51,168,-153,-13872,4248,5788,-953,88,-96,-14016,-4892,6268,-463,160,-114,0
349.9119160175324,8608,6324,11444,-162,-77,101,7384,-9392,10352,-57,161,-185,-13756,4188,5760,-987,89,-80,-13928,-4980,6280,-476,137,-114,0
349.9455101490021,8540,6244,11368,-152,-104,81,7480,-9692,10412,-254,151,-178,-13716,4160,5796,-1016,103,-108,-13980,-4864,6452,-484,202,-123,0
349.9792449474335,8664,6328,11312,-153,-149,113,7384,-9392,10372,4,163,-209,-13668,4284,5668,-1009,113,-122,-13984,-4832,6492,-498,232,-79,0
350.01287293434143,8644,6324,11396,-189,-220,118,7220,-9388,10396,26,111,-224,-13596,4388,5572,-996,171,-156,-13908,-4888,6400,-500,249,-57,0
350.0458991527557,8608,6652,11332,-169,-234,137,7184,-9488,10368,18,88,-248,-13624,4344,5720,-1017,178,-140,-14032,-4872,6440,-504,229,-91,0
350.0794439315796,8652,6336,11400,-148,-219,161,7272,-9332,10208,-252,97,-225,-13620,4320,5780,-965,148,-125,-14036,-4780,6476,-546,214,-59,0
350.1129350662232,8456,6296,11212,-169,-187,155,7212,-9244,10264,3,109,-228,-13652,4148,5668,-980,127,-83,-14116,-4920,6284,-527,192,-84,0
350.14609694480896,8924,6280,11068,-140,-162,151,7384,-9320,10408,-11,83,-209,-13724,4292,5592,-978,145,-112,-13900,-4832,6060,-530,196,-80,0
350.1797471046448,8856,6144,11380,-156,-174,144,7248,-9468,10220,16,101,-214,-13756,4192,5472,-1002,158,-148,-13992,-4668,6384,-513,193,-70,0
350.2135419845581,8632,6400,11384,-138,-192,112,7352,-9432,10424,14,89,-212,-13764,4240,5416,-977,152,-179,-14032,-4864,6340,-529,218,-72,0
350.24708795547485,8888,6348,11368,-151,-173,111,7288,-9260,10448,31,125,-230,-13736,4180,5380,-1009,166,-148,-14168,-4864,6244,-498,222,-80,0
350.2839410305023,8648,6328,11320,-175,-190,137,7176,-9364,10396,25,88,-216,-13816,4224,5772,-997,188,-129,-13892,-5072,6196,-529,219,-45,0
350.3195419311524,8556,6372,11616,-166,-164,157,7356,-9464,10308,-20,87,-205,-14044,4156,5388,-982,162,-165,-14056,-4912,6412,-264,192,-68,0
350.3547580242157,8772,6280,11356,-145,-158,152,7224,-9420,10352,-8,109,-216,-13732,4260,5712,-988,134,-124,-14236,-5092,6324,-500,187,-73,0
350.3902440071106,8596,6356,11424,-158,-157,137,7396,-9344,10304,-4,120,-182,-13608,4256,5512,-985,122,-96,-14012,-4616,6396,-504,160,-96,0
350.4254939556122,8908,6148,11324,-189,-153,142,7304,-9360,10568,-14,81,-186,-13672,4192,5624,-1002,149,-87,-14332,-4832,6328,-763,132,-74,0
350.4614269733429,8684,6260,11500,-133,-127,132,7396,-9412,10476,-18,91,-209,-13884,4288,5864,-996,116,-129,-14004,-4828,6260,-765,150,-113,0
350.49733710289,8812,6312,11496,-164,-110,126,7388,-9412,10188,5,137,-205,-13768,4240,5460,-989,104,-137,-13908,-4836,6240,-502,178,-117,0
350.53293013572693,8620,6316,11012,-128,-55,84,7192,-9344,10320,-69,137,-183,-13736,4148,5736,-960,104,-133,-14096,-4728,6300,-488,187,-133,0
350.5691909790039,8764,6272,11440,-198,-47,74,7228,-9308,10488,-32,131,-203,-13664,4284,5796,-939,132,-58,-14132,-4708,6204,-458,112,-105,0
350.6043350696564,8828,6232,11332,-213,14,120,7292,-9276,10228,-50,128,-133,-13884,4244,5532,-973,86,-31,-14032,-4756,6168,-444,107,-126,0
350.63969111442566,8780,6368,11368,-168,99,87,7304,-9300,10308,-36,102,-119,-13660,4228,5700,-988,-24,-5,-14084,-4748,6372,-411,83,-129,0
350.6745591163635,8672,6200,11492,-179,128,75,7176,-9384,10464,-6,148,-117,-13648,4240,5768,-1006,-16,-73,-13944,-4632,6284,-461,180,-154,0
350.71071696281433,8628,6384,11372,-152,73,75,7336,-9356,10316,-35,166,-135,-13732,4268,5632,-985,254,-54,-14020,-4808,6584,-767,182,-190,0
350.7462041378021,8616,6280,11308,-138,108,93,7340,-9356,10288,16,149,-157,-13672,4244,5664,-1001,-39,-81,-13944,-5020,6340,-469,263,-149,0
350.7823119163513,8624,6320,11396,-164,71,79,7272,-9336,10316,-3,127,-144,-13404,4304,5656,-1007,43,-94,-13944,-4804,6324,-465,236,-150,0
350.8174331188202,8588,6312,11296,-161,50,107,7372,-9356,10312,-4,116,-181,-13660,4256,5860,-1027,50,-59,-14088,-4860,6396,-466,169,-139,0
350.8528151512146,8576,6256,11348,-163,16,111,7408,-9392,10376,-42,136,-153,-13772,4096,5764,-1040,64,-93,-14084,-4724,6260,-502,189,-134,0
350.8886260986328,8688,6308,11392,-115,-77,111,7524,-9308,10324,-14,134,-170,-13628,4244,5628,-1265,81,-90,-13860,-5028,6180,-528,177,-132,0
350.92546796798706,8516,6324,11432,-156,-48,92,7344,-9396,10252,-32,150,-160,-13688,4256,5952,-1029,76,-71,-13828,-4804,6652,-504,160,-137,0
350.95908999443054,8632,6348,11436,-133,-38,92,7664,-9436,10196,-45,170,-132,-13816,4260,5644,-1034,67,-74,-14056,-4720,6204,-521,140,-164,0
350.99267292022705,8664,6220,11408,-102,-44,90,7252,-9512,10292,-2,161,-148,-13740,4296,5428,-1056,46,-84,-13956,-4772,6320,-507,201,-144,0
351.0261940956116,8620,6272,11676,-121,-57,93,7272,-9384,10312,27,134,-131,-13620,4196,5716,-1046,100,-124,-14028,-4808,6624,-486,202,-100,0
351.06005811691284,8532,6336,11768,-121,-22,109,7360,-9252,10220,-19,129,-173,-13664,4240,5524,-1030,88,-89,-14044,-4860,6328,-494,193,-118,0
351.09347105026245,8608,6276,11420,-152,-97,112,7328,-9312,10332,-26,160,-189,-13612,4248,5776,-1025,93,-69,-13860,-4724,6236,-466,162,-116,0
351.1272220611572,8548,6236,11400,-149,-14,116,7320,-9384,10484,-31,102,-148,-13660,4092,5676,-1002,126,-52,-14104,-4852,6312,-468,126,-115,0
351.1606719493866,8532,6316,11464,-112,3,116,7320,-9276,10364,-26,153,-136,-13640,4268,5760,-1025,81,-73,-14044,-4804,6320,-437,130,-134,0
351.19410705566406,8608,6312,11280,-123,-9,89,7328,-9448,10044,-29,138,-160,-13728,4304,5800,-1036,54,-90,-14052,-4884,6292,-451,158,-160,0
351.22793793678284,8504,6296,11356,-129,-47,97,7288,-9372,10008,-24,150,-171,-13596,4236,5628,-1015,91,-100,-13952,-4824,6204,-492,134,-167,0
351.2616059780121,8668,6272,11388,-134,-66,62,7292,-9428,10324,-8,153,-187,-13620,4168,5696,-1029,107,-124,-14076,-4868,6312,-768,182,-147,0
351.2950670719147,8524,6312,11364,-107,-89,96,7352,-9364,10288,-29,149,-199,-13740,4252,5692,-1004,135,-119,-14084,-4896,6236,-474,133,-100,0
351.33336305618286,8652,6340,11364,-142,-60,80,7176,-9332,10064,-45,120,-178,-13612,4368,5872,-1034,149,-50,-14252,-4808,6480,-488,136,-101,0
351.3671591281891,8544,6224,11296,-159,-51,127,7276,-9356,10488,-40,114,-156,-13736,4308,5684,-1000,132,-108,-14024,-4828,6296,-491,107,-103,0
351.4006080627441,8528,6272,11380,-169,-34,119,7388,-9476,10360,-39,123,-152,-13960,4212,5696,-1001,128,-73,-14248,-5092,6396,-504,139,-117,0
351.434268951416,8604,6324,11556,-143,-62,89,7356,-9364,10368,-50,124,-153,-13660,4228,5748,-997,105,-110,-13984,-4692,6352,-260,159,-131,0
351.46800804138184,8580,6384,11128,-130,-71,86,7296,-9456,10408,-23,136,-193,-13652,4196,5664,-994,102,-93,-14088,-4764,6268,-503,161,-109,0
351.501522064209,8604,6320,11724,-121,-54,85,7224,-9400,10328,-26,126,-183,-13612,4248,5724,-1017,92,-111,-14060,-4892,6304,-501,153,-119,0
351.53536009788513,8472,6332,11440,-136,-59,93,7296,-9368,10420,-3,94,-176,-13680,4276,5620,-1021,101,-58,-14000,-4820,6288,-491,145,-119,0
351.5689480304718,8516,6396,11280,-137,-79,102,7260,-9420,10276,-12,150,-154,-13680,4288,5844,-985,109,-74,-14024,-5040,6412,-464,152,-137,0
351.60261511802673,8456,6344,11324,-136,-71,106,7328,-9352,10228,-45,125,-185,-13708,4264,5832,-990,108,-101,-14284,-5076,6344,-493,144,-113,0
351.6361150741577,8552,6364,11352,-159,-73,97,7320,-9264,10304,-40,140,-184,-13700,4228,5720,-986,128,-99,-14052,-4848,6436,-490,138,-101,0
351.669970035553,8520,6476,11196,-149,-85,101,7312,-9380,10444,-42,171,-203,-13680,4248,5404,-976,116,-118,-14000,-4764,6256,-474,151,-107,0
351.703449010849,8600,6296,11384,-147,-61,112,7316,-9368,10308,-38,141,-162,-13668,4336,5764,-989,88,-104,-13948,-4844,6392,-504,157,-102,0
351.7370059490204,8596,6364,11268,-128,-50,97,7268,-9400,10328,-39,131,-184,-13728,4240,5596,-976,108,-114,-14044,-4836,6200,-257,132,-69,0
351.7707209587097,8580,6392,11404,-152,-87,81,7268,-9420,10368,-37,141,-160,-13664,4340,5696,-1015,144,-90,-13864,-5056,6332,-482,111,-74,0
351.80439805984497,8644,6248,11332,-121,-99,116,7364,-9360,10400,-38,120,-177,-13792,4248,5724,-1017,144,-83,-13980,-4940,6588,-496,128,-94,0
351.8379549980164,8544,6276,11296,-155,-112,89,7292,-9420,10384,-77,127,-172,-13672,4292,5668,-982,132,-64,-14172,-4836,6440,-266,91,-108,0
351.8715980052948,8548,6256,11324,-107,-113,94,7280,-9356,10312,-41,131,-202,-13640,4228,5656,-984,157,-78,-14020,-4904,6296,-540,104,-102,0
351.9048891067505,8680,6296,11480,-66,-102,74,7276,-9432,10420,-76,118,-204,-13596,4264,5784,-993,154,-120,-14276,-4780,6648,-522,97,-124,0
351.9383111000061,8600,6624,11488,-118,-139,98,7316,-9340,10308,-95,140,-189,-13728,4332,5840,-935,194,-116,-13836,-5088,6356,-519,-3,-128,0
351.9755129814148,8648,6228,11412,-86,-153,74,7360,-9444,10656,-62,128,-146,-13676,4232,5676,-963,123,-122,-13960,-4828,6404,-549,72,-130,0
352.0118980407715,8588,6288,11468,-112,-118,67,7296,-9372,10372,-50,165,-146,-13620,4216,5716,-1009,187,-79,-14044,-4636,6320,-553,26,-105,0
352.04755091667175,8456,6424,11472,-59,-89,86,7220,-9324,10308,-98,139,-183,-13720,4316,5756,-958,172,-109,-14032,-5060,6356,-537,59,-128,0
352.0834541320801,8488,6572,11416,-97,-150,63,7248,-9452,10256,-86,110,-195,-13756,4348,5692,-950,183,-96,-14028,-4836,6408,-550,97,-99,0
352.11985898017883,8620,6328,11420,-128,-110,111,7288,-9428,10280,-62,91,-161,-13632,4308,5720,-1006,153,-41,-14012,-4832,6476,-545,77,-112,0
352.15493392944336,8552,6428,11308,-126,-107,115,7200,-9544,10340,-2,135,-137,-13580,4292,5804,-953,182,-97,-13984,-4964,6428,-532,30,-128,0
352.1906900405884,8508,6336,11372,-137,-127,90,7268,-9436,10372,-31,183,-196,-13756,4140,5772,-952,215,-97,-13912,-4884,6532,-537,95,-79,0
352.22608399391174,8476,6296,11448,-128,-188,105,7296,-9432,10440,-33,134,-239,-13808,4316,5632,-985,167,-150,-14004,-4868,6308,-522,180,-91,0
352.26234793663025,8568,6328,11464,-150,-236,136,7280,-9408,10208,0,132,-217,-13576,4180,5624,-976,204,-144,-13880,-4740,6508,-535,218,-58,0
352.2975070476532,8536,6320,11264,-148,-244,140,7240,-9380,10160,-28,74,-508,-13688,4284,5732,-990,191,-190,-14036,-4676,6192,-516,168,-58,0
352.3334090709686,8624,6356,11480,-144,-234,139,7312,-9316,10220,-19,108,-238,-13688,4300,5552,-986,150,-152,-14000,-4820,6508,-533,160,-62,0
352.3688271045685,8568,6412,11516,-158,-201,147,7264,-9392,10448,-22,85,-248,-13804,4296,5692,-996,120,-131,-13988,-4812,6380,-545,166,-53,0
352.40370202064514,8552,6272,11348,-149,-190,131,7284,-9400,10292,23,117,-233,-13752,4252,5804,-772,134,-163,-13900,-4800,6356,-552,179,-79,0
352.43923807144165,8696,6316,11236,-140,-177,129,7336,-9296,10340,9,101,-218,-13704,4288,5728,-982,152,-142,-13992,-5112,6352,-524,195,-87,0
352.47455191612244,8608,6160,11436,-143,-200,145,7324,-9252,10380,6,104,-226,-13824,4212,5656,-971,150,-96,-14088,-4624,6356,-765,192,-78,0
352.510360956192,8644,6272,11508,-166,-194,153,7404,-9452,10464,-254,107,-244,-13804,4316,5640,-1271,172,-178,-13860,-5100,6528,-526,182,-104,0
352.5455570220947,8668,6312,11408,-150,-171,140,7296,-9400,10400,4,117,-219,-13740,4232,5448,-773,148,-131,-13940,-4840,6336,-517,181,-80,0
352.58109998703003,8456,6248,11384,-150,-155,151,7388,-9416,10296,22,101,-218,-13652,4316,5692,-993,120,-114,-13936,-4632,6288,-521,178,-91,0
352.6167731285095,8892,6324,11436,-159,-165,138,7228,-9352,10372,-27,107,-221,-13728,4236,5640,-1001,110,-154,-13920,-4632,6352,-515,187,-113,0
352.65010714530945,8916,6296,11420,-175,-165,122,7388,-9296,10236,-37,100,-197,-13736,4216,5396,-1002,168,-114,-13992,-4740,6252,-493,161,-89,0
352.6838130950928,8640,6336,11220,-125,-172,146,7356,-9292,10384,-34,118,-211,-13588,4192,5496,-969,131,-131,-14080,-4812,6208,-532,153,-118,0
352.71740913391113,8560,6260,11324,-131,-125,107,7420,-9356,10328,-66,119,-178,-13740,4304,5392,-996,77,-60,-14056,-4840,6564,-530,116,-131,0
352.7504811286926,8684,6188,11296,-131,-91,86,7368,-9460,10456,-1,143,-157,-13728,4232,5508,-988,118,-56,-13904,-4904,6168,-514,111,-125,0
352.78387808799744,8708,6344,11300,-112,-40,103,7388,-9316,10276,-58,116,-162,-13644,4220,5724,-967,89,-78,-13968,-4820,6340,-504,193,-130,0
352.81748509407043,8720,6280,11268,-133,-49,70,7196,-9344,10252,-54,133,-158,-13712,4316,5700,-1007,105,-131,-14032,-4816,6376,-490,145,-128,0
352.8508400917053,8712,6260,11284,-142,-22,113,7372,-9300,10244,-19,132,-132,-13680,4188,5564,-1007,103,-79,-13944,-4648,6352,-501,140,-135,0
352.88431310653687,8752,6316,11452,-143,-21,132,7228,-9452,10416,-30,156,-133,-13752,4300,5716,-1018,109,-26,-13876,-4628,6432,-498,101,-141,0
352.917927980423,8612,6304,11432,-145,-10,110,7300,-9384,10240,-46,175,-137,-13652,4268,5860,-997,78,-53,-13948,-4936,6448,-504,116,-151,0
352.95141792297363,8584,6368,11356,-124,-70,82,7316,-9380,10460,-48,157,-167,-13716,4096,5588,-977,62,-86,-14072,-5080,6356,-519,137,-160,0
352.98491311073303,8692,6300,11440,-120,-38,64,7316,-9408,10424,-29,147,-183,-13752,4240,5728,-994,73,-89,-14000,-4892,6372,-767,176,-138,0
353.01852893829346,8584,6268,11440,-126,-89,83,7268,-9604,10296,-14,125,-203,-13648,4236,5544,-1009,101,-137,-13920,-4824,6576,-514,179,-136,0
353.05203008651733,8640,6300,11380,-109,-123,94,7320,-9392,10292,-42,147,-209,-13648,4288,5624,-982,106,-127,-14072,-4828,6376,-495,202,-97,0
353.0855760574341,8548,6332,11380,-147,-131,82,7408,-9440,10280,-44,134,-184,-13780,4184,5560,-982,109,-68,-14052,-4820,6364,-477,186,-119,0
353.1192970275879,8940,6392,11304,-131,-110,108,7420,-9372,10320,-32,165,-207,-13732,4184,5432,-996,97,-114,-14072,-4904,6400,-498,163,-103,0
353.1525330543518,8720,6348,11424,-150,-95,106,7288,-9336,10080,-49,147,-188,-13676,4212,5616,-1005,63,-91,-14136,-4840,6348,-515,138,-119,0
353.1858551502228,8680,6268,11292,-124,-99,120,7356,-9324,10268,-48,144,-190,-13668,4264,5724,-1009,86,-82,-14004,-4832,6248,-522,157,-117,0
353.2196669578552,8736,6344,11540,-117,-92,96,7240,-9240,10368,-61,171,-177,-13772,4228,5864,-1007,84,-111,-14044,-5112,6212,-767,138,-124,0
353.25312995910645,8740,6356,11472,-133,-70,115,7260,-9356,10248,-18,138,-173,-13608,4188,5652,-1003,100,-65,-14064,-4700,6204,-258,141,-104,0
353.28692412376404,8596,6152,11460,-104,-55,108,7316,-9348,10436,-36,128,-159,-13760,4228,5732,-1014,92,-66,-13924,-4820,6456,-485,117,-103,0
353.3205189704895,8656,6316,11272,-133,-99,112,7348,-9380,10244,-23,147,-180,-13740,4316,5824,-1018,92,-69,-14040,-4940,6228,-501,133,-110,0
353.3537540435791,8672,6392,11428,-130,-100,96,7280,-9352,10476,-6,134,-196,-13728,4316,5664,-1005,111,-100,-14008,-5120,6600,-494,155,-95,0
353.387225151062,8628,6312,11396,-107,-110,79,7360,-9428,10300,-39,142,-194,-13692,4356,5752,-992,102,-146,-13968,-5068,6604,-501,180,-112,0
353.42079305648804,8732,6200,11388,-118,-120,85,7388,-9500,10300,-24,157,-205,-13760,4356,5800,-1012,61,-141,-13904,-4640,6184,-524,157,-110,0
353.4543409347534,8548,6284,11316,-131,-77,93,7272,-9444,10464,-15,152,-182,-13760,4272,5876,-1011,89,-64,-13860,-4620,6636,-516,142,-131,0
353.4879641532898,8580,6444,11316,-107,-70,99,7364,-9308,10256,-52,139,-169,-14004,4240,5880,-969,65,-75,-13996,-4760,6228,-495,153,-150,0
353.52160596847534,8468,6312,11264,-167,-68,65,7280,-9372,10368,-24,168,-218,-13816,4212,5696,-954,132,-110,-13984,-4720,6320,-462,153,-128,0
353.5550260543823,8624,6168,11380,-164,-59,105,7320,-9316,10296,-42,128,-165,-13660,4296,5584,-1278,132,-100,-13980,-4868,6400,-489,176,-103,0
353.58869910240173,8716,6292,11432,-124,-93,140,7348,-9452,10220,1,106,-164,-13592,4260,5704,-985,130,-96,-14076,-4896,6572,-478,123,-101,0
353.621994972229,8556,6276,11508,-147,-66,105,7360,-9400,10236,-62,145,-155,-13728,4212,5844,-963,107,-104,-13912,-4868,6192,-517,123,-133,0
353.6596510410309,8576,6268,11636,-101,-70,90,7364,-9392,10336,-51,162,-172,-13816,4100,5732,-990,69,-88,-13956,-4800,6260,-517,150,-108,0
353.69479513168335,8668,6332,11280,-100,-74,90,7364,-9352,10312,11,129,-164,-13748,4192,5880,-988,111,-88,-13932,-4884,6564,-524,195,-103,0
353.7312741279602,8568,6368,11284,-122,-61,91,7264,-9324,10328,-21,123,-207,-13748,4224,5584,-1001,138,-121,-13944,-4612,6452,-482,163,-114,0
353.7662489414215,8672,6396,11404,-149,-104,124,7312,-9404,10296,-44,119,-208,-13732,4268,5692,-980,152,-111,-14004,-4704,6584,-488,145,-102,0
353.8022360801697,8616,6336,11328,-122,-87,120,7360,-9460,10380,-66,85,-192,-13804,4300,5532,-955,135,-95,-14060,-4840,6396,-491,147,-126,0
353.8381559848785,8660,6284,11472,-116,-99,112,7400,-9404,10464,-24,117,-181,-13716,4360,5628,-980,108,-109,-14004,-4812,6376,-482,177,-87,0
353.87367391586304,8764,6340,11352,-134,-22,109,7372,-9368,10308,-61,153,-171,-13784,4376,5748,-1002,121,-40,-14000,-4720,6360,-464,101,-103,0
353.9092421531677,8528,6320,11696,-132,-80,140,7276,-9372,10024,-52,115,-132,-13696,4348,5500,-973,108,-88,-13976,-4772,6248,-537,122,-85,0
353.9439721107483,8640,6364,11352,-135,-90,130,7300,-9432,10164,-67,95,-178,-13692,4260,5708,-1005,128,-119,-13968,-4844,6560,-517,188,-113,0
353.9803669452667,8652,6276,11400,-99,-60,101,7356,-9380,10184,-18,116,-208,-13764,4256,5700,-1039,125,-69,-14012,-5060,6380,-497,165,-148,0
354.0155100822449,8628,6296,11236,-94,-74,97,7364,-9412,10412,9,97,-205,-13752,4232,5596,-1274,70,-154,-14100,-4856,6528,-499,170,-151,0
354.0509510040283,8456,6148,11308,-103,-90,65,7320,-9396,10260,11,151,-213,-13724,4164,5616,-976,59,-97,-14012,-4820,6380,-491,153,-181,0
354.0862259864807,8676,6252,11384,-130,-103,40,7348,-9320,10256,-30,167,-232,-13668,4308,5588,-975,68,-151,-14028,-4836,6412,-469,162,-163,0
354.1218221187592,8692,6184,11508,-128,-110,76,7336,-9384,10276,-33,145,-197,-13772,4308,5488,-959,78,-59,-14024,-4984,6532,-480,140,-148,0
354.1578500270844,8548,6600,11536,-121,-117,83,7348,-9504,10004,-41,114,-159,-13640,4112,5584,-994,107,-86,-13956,-4752,6520,-766,143,-107,0
354.192666053772,8684,6372,11332,-156,-96,122,7008,-9364,10364,-35,134,-158,-13784,4184,5716,-1015,112,-57,-13976,-4772,6416,-520,127,-100,0
354.22825598716736,8552,6604,11364,-114,-68,127,7356,-9408,10280,-50,140,-147,-13820,4292,5612,-999,129,-91,-13940,-4916,6452,-515,152,-119,0
354.2634279727936,8720,6440,11348,-128,-76,91,7380,-9288,10216,-12,124,-193,-13640,4328,5720,-982,113,-82,-13980,-4884,6440,-537,164,-137,0
354.30026602745056,8600,6400,11432,-117,-62,89,7424,-9412,10168,9,142,-175,-13732,4308,5668,-1011,91,-96,-14012,-4876,6400,-479,146,-153,0
354.3338289260864,8580,6236,11404,-96,-58,95,7360,-9396,10284,-3,141,-179,-13740,4208,5564,-993,112,-104,-13952,-4960,6380,-490,127,-139,0
354.36739802360535,8536,6320,11488,-122,-60,103,7256,-9376,10304,-63,126,-183,-13820,4252,5696,-933,100,-117,-13888,-4792,6380,-484,112,-123,0
354.4007661342621,8632,6392,11428,-124,-97,58,7332,-9256,10024,-63,151,-222,-13800,4268,5484,-988,48,-129,-14056,-4856,6348,-510,184,-152,0
354.434287071228,8596,6300,11344,-114,-117,47,7328,-9344,10316,-26,154,-204,-13792,4236,5604,-979,86,-119,-14028,-4832,6320,-462,209,-141,0
354.4677691459656,8668,6292,11476,-117,-88,48,7296,-9388,10400,-5,172,-228,-13840,4324,5576,-1002,72,-114,-13948,-4752,6400,-466,184,-155,0
354.5012950897217,8560,6280,11440,-153,-135,43,7372,-9728,10360,-13,176,-222,-13744,4312,5712,-991,62,-144,-13992,-4860,6464,-510,165,-151,0
354.53479194641113,8588,6312,11528,-149,-77,75,7196,-9404,10352,-28,126,-188,-13716,4316,5752,-1003,73,-159,-13900,-4740,6380,-494,166,-147,0
354.5684609413147,8724,6324,11320,-113,-89,122,7312,-9680,10380,-2,132,-213,-13688,4236,5808,-1021,115,-124,-13896,-5096,6384,-526,209,-124,0
354.60195112228394,8648,6300,11472,-109,-97,117,7412,-9348,10316,-15,89,-193,-13636,4208,5540,-1033,115,-69,-13992,-4976,6152,-534,156,-77,0
354.63546800613403,8552,6476,11348,-110,-120,143,7320,-9340,10488,-64,119,-178,-13796,4272,5676,-967,124,-83,-14308,-4964,6412,-533,119,-136,0
354.6690080165863,8516,6476,11316,-104,-119,81,7380,-9412,10200,-67,152,-201,-13796,4300,5856,-995,80,-86,-14044,-5088,6180,-556,145,-155,0
354.7026090621948,8732,6416,11696,-77,-121,65,7388,-9328,10476,16,152,-180,-13712,4096,5668,-1007,47,-129,-14048,-5008,6392,-491,167,-170,0
354.7360320091248,8448,6488,11312,-112,-51,42,7388,-9344,10204,14,169,-205,-13764,4204,5700,-1009,79,-141,-13916,-4944,6360,-488,197,-134,0
354.76962399482727,8640,6464,11436,-125,-102,68,7340,-9348,10348,-36,166,-227,-13764,4292,5684,-984,60,-136,-14040,-4912,6412,-473,190,-132,0
354.8032419681549,8592,6168,11348,-150,-122,86,7332,-9356,10312,-50,159,-219,-13616,4316,5552,-982,107,-98,-13924,-4956,6428,-469,167,-113,0
354.83700013160706,8596,6588,11400,-120,-102,79,7328,-9376,10272,-36,147,-179,-14004,4516,5480,-964,105,-80,-14008,-4916,6344,-481,148,-124,0
354.8703501224518,8860,6152,11352,-158,-84,106,7244,-9352,10236,-48,113,-175,-13760,4108,5768,-976,139,-73,-14048,-4940,6284,-491,117,-86,0
354.9037399291992,8560,6408,11496,-125,-74,122,7204,-9372,10332,-51,113,-164,-13804,4236,5392,-999,148,-95,-14084,-4836,6456,-545,111,-86,0
354.9373619556427,8652,6352,11712,-117,-98,139,7364,-9376,10232,-49,101,-154,-13772,4300,5872,-1012,110,-85,-14040,-4860,6584,-538,134,-114,0
354.9710350036621,8664,6376,11392,-97,-93,117,7224,-9288,10292,-11,119,-184,-13772,4128,5688,-1004,125,-112,-14276,-4980,6452,-516,165,-95,0
355.0047199726105,8608,6432,11284,-163,-113,96,7376,-9308,10352,-21,156,-188,-13696,4284,5392,-1026,96,-114,-13972,-4624,6472,-548,179,-115,0
355.03834295272827,8808,6348,11420,-120,-113,108,7240,-9340,10336,-31,119,-176,-13648,4320,5564,-1005,103,-93,-14012,-4664,6180,-493,190,-86,0
355.0718140602112,8664,6616,11468,-157,-91,122,7264,-9372,10260,-18,118,-194,-13696,4188,5688,-987,107,-62,-14008,-4928,6296,-481,176,-78,0
355.1054859161377,8584,6340,11408,-190,-66,109,7288,-9660,10296,-36,134,-170,-13732,4268,5792,-962,78,-90,-14008,-4872,6424,-511,110,-132,0
355.13917899131775,8748,6336,11340,-130,-102,62,7348,-9468,10368,254,163,-223,-13768,4220,5668,-989,70,-139,-13956,-4896,6424,-501,180,-156,0
355.17267203330994,8576,6340,11380,-144,-137,50,7260,-9472,10288,-3,165,-210,-13708,4284,5784,-983,50,-122,-14044,-4896,6556,-506,188,-162,0
355.2064790725708,8572,6148,11328,-112,-126,43,7268,-9348,10284,-17,172,-195,-13668,4312,5636,-1277,34,-121,-13944,-4912,6316,-533,160,-167,0
355.24010014533997,8496,6636,11380,-80,-123,46,7356,-9392,10256,254,162,-205,-13672,4364,5552,-1026,47,-116,-14028,-5084,6348,-766,125,-151,0
355.2735130786896,8596,6416,11408,-103,-110,64,7308,-9408,10268,8,110,-214,-13824,4204,5840,-990,86,-98,-13916,-4860,6200,-540,118,-158,0
355.3097629547119,8524,6376,11384,-129,-107,93,7648,-9648,10184,-9,144,-186,-13692,4228,5412,-1008,99,-110,-13992,-4876,6480,-529,177,-152,0
355.3449959754944,8808,6192,11136,-131,-66,87,7208,-9340,10252,-26,144,-168,-13824,4256,5628,-1019,94,-90,-14020,-4928,6396,-537,162,-118,0
355.3809771537781,8604,6348,11376,-120,-99,104,7348,-9408,10304,-30,136,-194,-13700,4196,5704,-985,83,-144,-14052,-4916,6516,-499,174,-151,0
355.41714096069336,8668,6384,11196,-131,-96,72,7404,-9408,10268,4,147,-185,-13636,4188,5404,-1007,64,-123,-14024,-4948,6380,-496,114,-156,0
355.45288705825806,8664,6156,11112,-122,-86,61,7388,-9236,10240,15,139,-183,-13732,4156,5740,-772,49,-91,-13912,-4956,6376,-480,130,-147,0
355.4876489639282,8588,6360,11356,-134,-51,58,7240,-9348,10276,-15,175,-169,-13636,4324,5676,-975,69,-68,-14056,-4884,6392,-495,130,-151,0
355.5238449573517,8592,6460,11448,-148,-74,89,7260,-9428,10488,-7,121,-162,-13736,4212,5640,-992,102,-87,-13844,-5024,6508,-503,146,-118,0
355.559387922287,8596,6200,11468,-149,-71,81,7180,-9460,10208,-27,129,-183,-13656,4240,5640,-980,85,-107,-13912,-4800,6552,-529,175,-106,0
355.59480595588684,8576,6384,11080,-148,-100,96,7332,-9372,10300,-14,104,-190,-13680,4156,5808,-993,102,-122,-14004,-4904,6376,-507,163,-145,0
355.6306619644165,8564,6424,11696,-137,-67,93,7392,-9316,10324,-23,167,-180,-13644,4300,5828,-1010,134,-87,-13912,-4900,6272,-258,189,-123,0
355.6659710407257,8512,6144,11680,-137,-87,112,7308,-9328,10328,-18,149,-187,-13708,4200,5704,-986,134,-103,-13948,-4948,6396,-476,210,-101,0
355.70183396339417,8640,6448,11516,-141,-99,105,7196,-9348,10276,-59,141,-225,-14004,4192,6032,-973,125,-101,-14016,-4932,6548,-458,148,-102,0
355.7377140522004,8624,6352,11336,-169,-121,96,7676,-9436,10248,-249,170,-193,-13604,4216,5628,-977,75,-91,-13984,-5068,6336,-508,191,-133,0
355.7729179859161,8572,6400,11480,-194,-132,96,7332,-9312,10484,66,208,-195,-13744,4220,5836,-1274,104,-139,-14216,-5048,6336,-493,157,-120,0
355.8088450431824,8584,6548,11268,-151,-126,91,7360,-9316,10380,-6,183,-223,-13708,4188,5740,-987,80,-151,-13916,-4928,6156,-515,186,-118,0
355.84438610076904,8524,6380,11356,-134,-146,50,7404,-9396,10388,7,175,-508,-13704,4224,5756,-979,104,-133,-13932,-4640,6500,-495,228,-135,0
355.8805639743805,8544,6280,11244,-161,-158,89,7396,-9388,10132,42,192,-208,-13680,4236,5756,-769,52,-150,-13836,-5084,6508,-456,191,-155,0
355.9154989719391,8588,6360,11456,-176,-102,97,7308,-9212,10260,47,159,-203,-13624,4272,5652,-1016,112,-131,-13892,-4872,6436,-497,139,-107,0
355.9518120288849,8500,6356,11464,-168,-138,100,7316,-9440,10476,8,150,-214,-13732,4332,5692,-984,150,-158,-13964,-4952,6388,-491,187,-84,0
355.98780608177185,8580,6440,11408,-172,-194,156,6968,-9344,10396,20,102,-226,-13764,4148,5676,-996,185,-157,-13932,-4988,6400,-761,274,-75,0
356.0213351249695,8672,6484,11436,-135,-180,136,7228,-9272,10344,6,75,-257,-13696,4196,5564,-984,187,-157,-13916,-4948,6364,-523,260,-74,0
356.05482602119446,8592,6400,11444,-129,-226,144,7392,-9212,10224,-24,85,-265,-13728,4348,5692,-1024,181,-152,-14052,-4884,6336,-551,242,-72,0
356.0884211063385,8716,6528,11208,-151,-231,131,7288,-9252,10260,-3,71,-240,-13772,4152,5704,-1009,197,-176,-14008,-4940,6332,-539,232,-67,0
356.1220009326935,8572,6372,11408,-165,-175,136,7400,-9248,10404,-6,101,-220,-13732,4104,5732,-987,182,-173,-13976,-4940,6380,-494,222,-93,0
356.1554651260376,8788,6332,11456,-162,-189,148,7444,-9276,10328,2,97,-223,-13760,4196,5844,-1000,158,-164,-14172,-4644,6328,-506,229,-94,0
356.1892440319061,8656,6436,11336,-168,-201,143,7240,-9268,10332,20,121,-215,-13784,4152,5584,-1015,181,-213,-14000,-4868,6384,-503,203,-85,0
356.22298097610474,8620,6384,11308,-158,-211,124,7304,-9280,10340,-47,166,-252,-13796,4088,5692,-986,137,-127,-14008,-4904,6388,-474,193,-120,0
356.25650215148926,8452,6212,11372,-155,-167,102,7568,-9328,10388,28,170,-223,-13808,4240,5636,-952,126,-120,-13968,-4880,6272,-483,188,-143,0
356.2897469997406,8668,6384,11308,-155,-181,95,7252,-9400,10096,22,131,-230,-13732,4208,5480,-895,102,-195,-13936,-4884,6384,-505,209,-115,0
356.3232350349426,8692,6392,11356,-147,-180,76,7224,-9316,10248,14,127,-2,-14032,4120,5660,-1274,92,-192,-14040,-5076,6156,-501,235,-114,0
356.359365940094,8616,6348,11284,-144,-142,76,7140,-9300,10344,-32,112,-225,-13612,4316,5672,-1042,107,-143,-13964,-4916,6500,-492,189,-121,0
356.39319610595703,8608,6448,11316,-155,-130,96,6980,-9076,9988,-31,169,-250,-13684,4212,5632,-1269,119,-123,-14008,-4828,6292,-430,164,-91,0
356.4268479347229,8696,6304,11352,-107,-78,95,7400,-9284,10604,-68,-24,-179,-13784,4196,5576,-1070,130,-73,-14084,-4768,6292,-499,138,-175,0
356.4605281352997,8684,6380,11328,-145,-54,45,7468,-9256,10380,-114,479,-116,-13804,4108,5632,-998,3,-64,-14272,-4864,6180,-490,136,-199,0
356.49413895607,8732,6180,11476,-170,-11,70,7320,-9232,10288,-59,124,-108,-13756,4288,5864,-962,50,-28,-13996,-4980,6296,-497,111,-154,0
356.5276720523834,8908,6472,11304,-149,16,63,7332,-9340,10400,-57,131,-174,-13660,4148,5740,-970,96,-88,-13952,-5016,6216,-488,133,-123,0
356.56103110313416,8752,6408,11432,-186,-31,81,7348,-9304,10428,-89,172,-152,-13668,4192,5608,-963,77,-54,-14004,-5076,6344,-444,140,-118,0
356.59451699256897,8736,6368,11252,-173,-249,104,7288,-9268,10468,-24,184,-126,-13740,4172,5656,-1001,53,-48,-14004,-4996,6368,-461,108,-123,0
356.6282551288605,8916,6544,11496,-129,-5,82,7368,-9304,10396,-34,159,-103,-13764,4224,5776,-1004,70,-47,-13992,-5140,6572,-483,63,-157,0
356.6617910861969,8644,6644,11336,-129,-254,83,7340,-9360,10344,-44,164,-134,-13652,4260,5760,-973,95,-29,-13948,-4948,6352,-474,69,-145,0
356.6953399181366,8548,6616,11640,-88,-12,67,7260,-9492,10380,-48,134,-144,-13768,4232,5612,-984,70,-92,-14180,-4856,6500,-484,172,-142,0
356.7289659976959,8660,6380,11236,-141,-38,50,7320,-9400,10288,-253,168,-175,-13680,4212,5532,-996,83,-104,-13996,-4688,6480,-473,191,-118,0
356.7622539997101,8640,6440,11392,-123,-50,76,7316,-9300,10340,-26,128,-214,-13712,4144,5840,-980,106,-145,-14036,-4984,6364,-472,189,-144,0
356.7958390712738,8548,6440,11416,-151,-110,82,7372,-9416,10388,-36,150,-224,-13852,4264,5792,-944,90,-83,-14000,-4884,6632,-491,198,-121,0
356.82920694351196,8672,6420,11412,-176,-89,91,7324,-9348,10304,-61,144,-200,-13764,4096,5872,-945,99,-107,-14008,-5032,6572,-482,199,-171,0
356.8625919818878,8560,6308,11432,-132,-67,79,7204,-9304,10356,-10,165,-218,-13692,4208,5736,-987,61,-140,-13996,-4940,6372,-494,170,-169,0
356.8959720134735,8736,6336,11308,-113,-57,87,7384,-9308,10304,27,179,-220,-13868,4184,5740,-997,59,-119,-14060,-4912,6244,-519,187,-171,0
356.9295599460602,8656,6396,11324,-130,-127,63,7328,-9300,10268,-25,167,-3,-13820,4196,5812,-996,52,-151,-13924,-4912,6344,-494,209,-132,0
356.9628119468689,8616,6368,11436,-134,-187,61,7356,-9356,10276,-7,173,-301,-13712,4096,5592,-936,118,-163,-14060,-4824,6364,-426,190,-182,0
356.99962306022644,8696,6328,11296,-141,-157,23,7388,-9360,10244,-70,194,-249,-13820,4156,5508,-963,27,-169,-13992,-4856,6256,-504,167,-207,0
357.034863948822,8632,6388,11176,-128,-165,22,7452,-9284,10308,251,209,-222,-13648,4116,5688,-1006,25,-138,-13896,-4928,6256,-476,193,-203,0
357.0704460144043,8524,6340,11244,-147,-141,26,7356,-9224,10332,0,200,-187,-13724,4104,5736,-959,54,-157,-13988,-5024,6328,-482,156,-136,0
357.1058261394501,8804,6512,11176,-139,-114,45,7256,-9240,10404,-73,196,-203,-13752,4252,5808,-945,58,-105,-14112,-4944,6272,-747,132,-150,0
357.1413700580597,8600,6388,11404,-156,-84,72,7308,-9264,10304,-28,132,-171,-13764,4260,5712,-769,93,-65,-13908,-4896,6396,-468,156,-88,0
357.17614793777466,8632,6564,11340,-183,-103,145,7400,-9264,10348,-32,110,-146,-13648,4216,5900,-1018,140,-97,-14020,-5080,6260,-524,134,-23,0
357.21227502822876,8596,6548,11500,-163,-152,157,7244,-9248,10452,-98,132,-170,-13704,4140,5884,-956,118,-33,-14004,-4988,6288,-768,146,-121,0
357.2481470108032,8596,6412,11188,-195,-101,104,7216,-9352,10496,-56,137,-185,-13640,4164,5864,-945,157,-112,-13896,-4868,6308,-493,191,-62,0
357.2837791442871,8648,6412,11228,-159,-144,125,7336,-9296,10380,-256,108,-214,-13724,4168,5712,-989,126,-138,-14020,-4980,6332,-473,193,-73,0
357.3192400932312,8708,6416,11460,-127,-140,95,7568,-9296,10456,-50,158,-207,-13704,4172,5620,-918,67,-56,-14068,-5008,6324,-482,92,-146,0
357.3550591468811,8748,6380,11284,-136,-70,37,7416,-9296,10412,-90,208,-169,-13688,4248,5824,-901,18,-60,-14028,-5112,6284,-470,72,-148,0
357.3911099433899,8764,6308,11280,-150,-44,38,7400,-9324,10304,-55,206,-167,-13724,4196,5552,-941,45,-100,-13992,-5080,6496,-431,123,-139,0
357.427365064621,8460,6468,11288,-149,-44,83,7268,-9400,10420,-32,130,-186,-13696,4288,5632,-957,123,-75,-13932,-4704,6448,-478,150,-110,0
357.4622781276703,8504,6336,11336,-149,-112,141,7188,-9408,10380,-87,89,-175,-13664,4128,5396,-936,150,-118,-14024,-4920,6360,-450,179,-94,0
357.49842715263367,8748,6380,11312,-184,-122,97,7180,-9432,10388,-21,82,-221,-14064,4216,5420,-941,103,-132,-13996,-4960,6468,-454,156,-105,0
357.5334041118622,8712,6172,11432,-183,-84,88,7400,-9352,10416,45,163,-218,-13800,4584,5776,-1005,62,-98,-13980,-4956,6624,-483,180,-140,0
357.56982707977295,8452,6460,11348,-169,-63,94,7236,-9240,10320,-38,139,-144,-13732,4092,5700,-899,20,-90,-13984,-5040,6404,-535,159,-129,0
357.60499000549316,8496,6488,11284,-152,-101,72,7620,-9020,10292,-33,195,-186,-13684,4164,5716,-923,25,-88,-13972,-4972,6640,-512,145,-171,0
357.6421649456024,8632,6528,11416,-153,-91,70,7288,-9276,10412,-53,217,-200,-13684,4004,5400,-927,47,-102,-13964,-4876,6304,-459,152,-107,0
357.6757071018219,8616,6644,11292,-158,-54,52,7372,-9320,10440,-34,193,-196,-13824,4208,5688,-967,69,-93,-14296,-4940,6436,-472,196,-106,0
357.7092659473419,8628,6164,11428,-173,-61,51,7384,-9352,10388,-20,204,-219,-13596,4204,5696,-937,31,-122,-13964,-4940,6284,-434,134,-138,0
357.7428021430969,8460,6496,11160,-204,5,52,7268,-9248,10408,-16,95,-198,-13628,4208,5692,-926,85,-123,-13972,-4876,6364,-410,194,-114,0
357.776447057724,8624,6292,11456,-220,-33,88,7244,-9376,10308,21,145,-238,-13660,4340,5812,-974,100,-144,-14068,-4800,6332,-450,497,-106,0
357.80968713760376,8464,6372,11504,-165,-48,97,7288,-9352,10256,-38,149,-246,-13576,4244,6000,-906,60,-133,-14012,-4796,6324,-427,245,-110,0
357.8430140018463,8716,6164,11324,-179,-48,74,7404,-9400,10244,-15,152,-179,-13596,4548,5692,-1274,7,-72,-14068,-4736,6528,-418,230,-75,0
357.87687706947327,8504,6152,11440,-299,-33,122,7292,-9284,10356,4,169,-118,-13684,4216,5712,-1005,74,-46,-13984,-4964,6460,-501,121,-63,0
357.91025400161743,8536,6492,11232,-219,-62,166,7244,-9188,10476,-90,106,-104,-13608,4136,5840,-965,134,-25,-13876,-5024,6424,-446,100,-21,0
357.9438021183014,8508,6188,11488,-210,-52,155,7340,-9340,10408,-82,110,-123,-13640,4104,5640,-974,197,-89,-13856,-4816,6272,-372,61,8,0
357.977352142334,8624,6460,11148,-157,-36,199,7356,-9348,10356,-9,58,-125,-13612,4152,5692,-1065,218,-76,-13940,-4836,6244,-402,113,-35,0
358.01092410087585,8672,6344,11352,-138,-75,169,7496,-9288,10320,4,87,-154,-13716,4336,5764,-1032,123,-70,-13976,-5092,6292,-401,79,-81,0
358.0445399284363,8692,6388,11512,-151,-67,77,7320,-9336,10316,-81,180,-169,-13580,4104,5880,-957,57,-39,-14324,-4848,6648,-426,102,-112,0
358.07824993133545,8632,6308,11496,-191,-45,54,7360,-9348,10448,-46,215,-179,-13824,4280,5704,-944,83,-40,-13984,-5004,6540,-419,100,-60,0
358.1118731498718,8548,6356,11360,-133,-69,86,7300,-9304,10728,-55,85,-213,-13672,4300,5828,-984,140,-164,-13880,-4824,6196,-451,173,-44,0
358.1450650691986,8548,6360,11448,-133,-86,132,7288,-9288,10244,-82,76,-200,-13628,4260,5752,-958,163,-109,-14028,-4768,6312,-504,132,-81,0
358.1788649559021,8596,6356,11416,-117,-106,112,7280,-9208,10348,-52,144,-186,-13660,4232,5460,-929,167,-109,-13908,-4948,6436,-530,110,-130,0
358.2125790119171,8672,6316,11484,-117,-101,49,7216,-9408,10272,-51,131,-218,-13772,4220,5580,-987,124,-136,-14008,-4932,6452,-508,144,-148,0
358.24582695961,8580,6264,11332,-88,-120,68,7512,-9312,10284,-18,92,-226,-13728,4256,5588,-1058,159,-104,-13996,-4928,6376,-543,173,-105,0
358.27943301200867,8656,6392,11452,-98,-200,66,7472,-9276,10336,-9,154,-214,-13700,4212,5488,-1059,126,-152,-14032,-4972,6532,-549,155,-146,0
358.31297492980957,8608,6412,11316,-45,-239,93,7356,-9460,10308,-21,125,-209,-13660,4136,5572,-1031,113,-182,-13836,-4832,6640,-652,161,-200,0
358.34595799446106,8612,6592,11388,-20,-246,77,7360,-9292,10332,-10,163,-227,-13772,4220,5576,-1027,61,-168,-14012,-4656,6348,-700,206,-195,0
358.3796799182892,8756,6384,11256,26,-71,40,6684,-9712,10896,503,200,-206,-13556,4148,5532,-1025,232,-108,-13952,-4952,6352,-635,184,-180,0
358.4131119251251,8660,6424,11276,-94,-103,77,7188,-9324,10260,45,218,-136,-13680,4144,5592,-912,88,-71,-13964,-4876,6476,-572,111,-159,0
358.4464950561524,8648,6464,11396,-89,-90,93,7352,-9268,10408,-27,170,-135,-13740,4220,5612,-958,105,-56,-14016,-5000,6328,-536,115,-149,0
358.4800491333008,8612,6420,11344,-143,-104,122,7292,-9308,10264,-26,114,-213,-13588,4200,5488,-967,165,-132,-13980,-4952,6236,-529,191,-124,0
358.5136649608612,8836,6544,11400,-122,-178,107,7352,-9352,10404,-112,148,-204,-13788,4116,5636,-965,145,-113,-14060,-4912,6592,-469,180,-94,0
358.54729199409485,8620,6416,11216,-134,-161,96,7412,-9296,10432,-24,146,-227,-13664,4388,5660,-939,133,-77,-13920,-4860,6388,-549,147,-130,0
358.580815076828,8596,6364,11344,-135,-82,53,7388,-9364,10440,-47,201,-176,-13668,4228,5552,-990,97,-71,-13924,-4916,6464,-526,158,-149,0
358.6143629550934,8604,6420,11372,-68,-51,102,7324,-9356,10464,-26,132,-148,-13812,4188,5540,-1012,155,-110,-14048,-4904,6352,-504,137,-113,0
358.647577047348,8628,6196,11404,-98,-58,108,7492,-9308,10472,-99,156,-148,-13652,4144,5464,-943,104,-94,-14036,-4916,6408,-503,134,-154,0
358.6843769550324,8664,6336,11340,-143,252,68,7328,-9296,10248,-86,137,-147,-13700,4188,5688,-963,151,-70,-13988,-4744,6356,-497,124,-147,0
358.7201919555664,8672,6420,11348,-117,19,84,7308,-9340,10332,-46,143,-129,-13740,4196,5648,-956,142,-45,-14188,-4660,6236,-499,113,-142,0
358.75580191612244,8604,6440,11416,-109,41,92,7184,-9340,10380,-30,148,-116,-13852,4284,5684,-950,159,-70,-13924,-4968,6628,-477,72,-140,0
358.79176902770996,8664,6584,11380,-159,4,77,7364,-9332,10432,-45,165,-137,-13800,4248,5744,-984,169,-63,-14016,-5000,6408,-478,132,-107,0
358.82767510414124,8700,6504,11552,-123,-51,100,7404,-9392,10420,-25,152,-159,-13748,4212,5612,-949,130,-118,-13896,-5032,6644,-499,160,-145,0
358.86248993873596,8572,6448,11396,-139,-69,91,7236,-9276,10276,-255,176,-171,-13600,4344,5768,-1007,139,-82,-13880,-4884,6380,-528,179,-125,0
358.8980839252472,8528,6164,11332,-102,-59,90,7224,-9340,10476,-14,143,-198,-13700,4204,5388,-966,167,-82,-13892,-4868,6444,-501,179,-146,0
358.93372106552124,8632,6436,11364,-137,-83,77,7276,-9232,10340,0,135,-197,-13768,4148,5760,-936,145,-152,-13880,-4984,6436,-510,139,-164,0
358.9693019390106,8620,6504,11352,-149,-52,62,7340,-9240,10396,-30,142,-178,-13788,4252,5612,-933,163,-90,-13940,-4944,6312,-506,150,-124,0
359.0049080848694,8512,6488,11452,-156,-61,79,7308,-9352,10356,-51,124,-181,-13768,4216,5564,-994,158,-100,-13928,-4924,6412,-258,169,-95,0
359.04039692878723,8572,6416,11428,-155,-90,103,7304,-9296,10300,-27,152,-165,-13780,4276,5724,-963,167,-92,-13988,-4916,6200,-513,175,-102,0
359.07579493522644,8624,6424,11408,-187,-99,111,7308,-9292,10456,-5,143,-194,-13612,4264,5384,-997,151,-117,-14000,-5048,6416,-499,197,-77,0
359.11177110671997,8540,6496,11520,-169,-162,145,7300,-9416,10332,11,131,-215,-13776,4148,5676,-1002,180,-140,-13996,-4916,6436,-526,213,-64,0
359.14762711524963,8616,6480,11408,-120,-192,147,7244,-9348,10464,-43,101,-210,-13792,4228,5432,-988,194,-145,-14028,-4940,6304,-549,187,-88,0
359.18298602104187,8516,6456,11020,-129,-174,171,7244,-9332,10208,-253,118,-203,-13688,4156,5488,-971,180,-143,-13880,-5008,6544,-534,215,-56,0
359.21807408332825,8700,6452,11312,-170,-179,161,7272,-9248,10456,23,113,-511,-13732,4192,5572,-998,188,-155,-13900,-4988,6560,-471,222,-87,0
359.2534580230713,8624,6436,11556,-177,-154,125,7308,-9236,10428,-29,128,-228,-13752,4180,6040,-995,195,-127,-14020,-4904,6168,-517,209,-30,0
359.28937697410583,8612,6440,11380,-168,-235,141,7356,-9288,10392,-46,144,-222,-13748,4156,5504,-998,180,-143,-13932,-5116,6268,-523,200,-54,0
359.32667112350464,8620,6360,11384,-196,-191,128,7296,-9272,10380,-254,72,-230,-13704,4204,5500,-1038,159,-140,-13988,-5120,6432,-510,193,-51,0
359.3601109981537,8560,6340,11316,-148,-185,150,7280,-9260,10400,-12,60,-210,-13768,4176,5632,-1004,208,-127,-13860,-4940,6364,-763,232,-16,0
359.3935430049896,8708,6416,11448,-176,-198,119,7448,-9308,10376,-30,44,-269,-13788,4292,5680,-995,206,-140,-14012,-4668,6348,-521,250,-31,0
359.4272611141205,8688,6256,11396,-183,-210,165,7360,-9328,10316,-26,77,-246,-13828,4192,5556,-984,210,-136,-14116,-4724,6528,-495,210,-27,0
359.4605059623718,8756,6480,11288,-157,-169,150,7376,-9388,10328,18,95,-192,-13820,4192,5732,-1046,156,-161,-14056,-5092,6220,-503,198,-54,0
359.49396896362305,8656,6636,11272,-154,-139,168,7408,-9280,10324,21,112,-188,-13612,4156,5508,-1035,135,-133,-13996,-4940,6468,-565,145,-104,0
359.5275931358337,8628,6320,11240,-126,-138,139,7224,-9360,10352,23,98,-170,-13660,4224,5504,-1065,168,-86,-13856,-4856,6624,-564,199,-53,0
359.5610580444336,8604,6308,11328,-64,-173,149,7296,-9420,10404,38,83,-225,-13776,4248,5644,-1048,178,-123,-14024,-4832,6400,-588,214,-58,0
359.5945830345154,8556,6400,11444,-97,-209,213,7292,-9308,10400,23,249,-221,-13792,4240,5600,-1085,212,-180,-13884,-4896,6456,-576,257,-33,0
359.6282720565796,8684,6396,11312,-96,-205,208,7364,-9272,10244,-18,-8,-232,-13768,4036,5540,-1045,240,-180,-14084,-4768,6304,-532,250,-39,0
359.66161608695984,8524,6344,11440,-151,-185,182,7384,-9320,10340,-1,33,-219,-13860,4092,5564,-1016,200,-159,-14052,-4872,6264,-508,209,-56,0
359.69508695602417,8684,6440,11172,-151,-115,145,7624,-9340,10368,-17,79,-188,-13836,4156,5652,-1007,119,-91,-14184,-5040,6444,-504,199,-122,0
359.7288019657135,8720,6416,11276,-153,-83,109,7452,-9260,10280,-37,108,-163,-13608,4116,5816,-978,95,-83,-14152,-4656,6256,-497,123,-164,0
359.7624580860138,8792,6476,11228,-151,-52,87,7360,-9472,10432,-29,170,-150,-13640,4320,5424,-971,34,-17,-13996,-4980,6276,-498,116,-175,0
359.79621410369873,8848,6488,11436,-141,-3,19,7372,-9444,10268,-73,219,-171,-13780,4056,5376,-972,-34,-247,-14028,-4928,6344,-500,103,-207,0
359.82997012138367,8500,6436,11236,-173,251,38,7328,-9224,10392,4,220,-149,-13832,4200,5684,-988,13,-56,-13920,-4956,6336,-460,110,-198,0
359.86336493492126,8628,6468,11328,-118,19,46,7372,-9316,10444,4,144,-143,-13752,4144,5764,-947,29,-87,-13876,-4636,6156,-546,105,-141,0
359.896714925766,8700,6364,11316,-114,-22,84,7296,-9360,10356,-37,133,-139,-13740,4164,5548,-985,73,-69,-13996,-4812,6288,-571,141,-119,0
359.93023896217346,8608,6384,11420,-108,-70,145,7264,-9304,10280,-85,70,-123,-13432,3900,5776,-994,150,-54,-14036,-4864,6340,-524,117,-77,0
359.96384596824646,8636,6260,11340,-137,-37,180,7380,-9328,10076,-84,52,-116,-13880,4256,5468,-995,193,-250,-14048,-4928,6296,-490,84,-75,0
359.9973430633545,8712,6408,11444,-164,52,144,7444,-9304,10412,-56,123,-92,-13880,4172,5588,-1000,108,-11,-13928,-5004,6264,-486,70,-165,0
360.0307531356812,8592,6372,11216,-139,20,98,7380,-9248,10516,-41,181,-118,-13828,4320,5712,-981,8,-42,-13888,-5032,6412,-521,74,-221,0
360.06421995162964,8564,6460,11476,-128,1,33,7264,-9328,10480,-37,162,-121,-13956,4128,5532,-1004,-4,-38,-14008,-4948,6464,-525,117,-195,0
360.0977101325989,8644,6400,11440,-74,-37,21,7376,-9296,10340,-37,189,-163,-13612,4176,5648,-999,26,-84,-13980,-4960,6640,-512,155,-176,0
360.1309399604797,8636,6424,11336,-139,-38,42,7336,-9344,10400,255,199,-190,-13844,4236,5560,-982,80,-57,-13876,-4832,6432,-492,147,-141,0
360.16459107398987,8672,6432,11424,-146,-68,55,7272,-9340,10340,-34,144,-187,-13788,4252,5600,-998,56,-95,-13968,-4876,6492,-262,165,-137,0
360.1981210708618,8668,6412,11264,-118,-69,100,7224,-9084,10004,-46,110,-176,-13620,4088,5516,-976,123,-90,-14016,-5004,6312,-528,153,-122,0
360.231565952301,8592,6404,11304,-123,-77,141,7364,-9300,10492,-27,119,-166,-13808,4176,5444,-985,146,-82,-13948,-4888,6328,-541,116,-101,0
360.26491808891296,8640,6164,11288,-137,-81,109,7672,-9388,10364,-43,101,-167,-13772,4192,5916,-974,118,-69,-14076,-5032,6480,-530,136,-135,0
360.2984130382538,8508,6504,11292,-128,-54,122,7352,-9368,10408,-41,128,-150,-14048,4296,5696,-1007,121,-55,-14020,-5048,6164,-545,141,-126,0
360.3318600654602,8600,6424,11408,-141,-54,93,7360,-9280,10360,-30,112,-147,-13836,4108,5624,-1008,69,-82,-13992,-5088,6608,-542,104,-156,0
360.36912512779236,8640,6440,11272,-98,-43,98,7228,-9288,10380,-43,137,-134,-13752,4252,5572,-773,91,-68,-13984,-4940,6176,-530,109,-122,0
360.40410900115967,8560,6432,11204,-140,-31,103,7340,-9304,10404,-68,120,-132,-13860,4236,5740,-985,121,-31,-14084,-4968,6296,-497,118,-113,0
360.4399220943451,8636,6436,11328,-145,-53,82,7264,-9324,10284,-75,117,-141,-13768,4220,5392,-973,96,-49,-14052,-4828,6348,-490,102,-105,0
360.4756190776825,8680,6332,11324,-139,-72,78,7360,-9320,10428,-55,158,-140,-13808,4192,5832,-996,102,-87,-13900,-4952,6352,-510,97,-118,0
360.51175904273987,8584,6412,11432,-147,-39,78,7364,-9328,10348,-57,136,-139,-13760,4112,5472,-1005,93,-68,-14024,-4904,6616,-504,116,-127,0
360.5477950572968,8548,6284,11372,-141,-72,74,7208,-9332,10336,-42,166,-151,-13732,4176,5764,-991,66,-96,-14020,-4884,6512,-532,163,-151,0
360.5826280117035,8652,6416,11284,-81,-30,61,7304,-9376,10400,-24,183,-163,-13740,4256,5768,-1035,43,-66,-14016,-5024,6476,-541,175,-135,0
360.61859607696533,8236,6424,11376,-99,-42,70,7216,-9320,10200,-7,120,-175,-13748,4252,5412,-1053,75,-81,-13904,-4896,6456,-506,168,-150,0
360.65343594551086,8468,6440,11088,-144,-57,86,7332,-9344,10300,-35,145,-188,-13604,4148,5676,-969,77,-115,-13856,-4872,6320,-262,135,-127,0
360.6894631385804,8480,6364,11172,-123,-96,86,7348,-9444,10336,-73,165,-166,-13924,4232,5668,-1047,23,-37,-13896,-4716,6640,-559,186,-160,0
360.7245919704437,8684,6384,11332,-149,-95,108,7356,-9424,10356,20,141,-133,-13776,4180,5744,-1095,244,-97,-13992,-4948,6624,-518,151,-98,0
360.76005697250366,8616,6524,11388,-121,-104,132,7360,-9304,10468,1,145,-163,-13796,4088,5708,-1127,-63,-56,-13916,-5028,6188,-764,155,-63,0
360.79516696929926,8596,6448,11548,-154,-209,133,7296,-9320,10300,-11,134,-188,-13732,4160,5468,-1105,-32,-126,-13964,-4904,6468,-473,233,-67,0
360.8311710357666,8552,6416,11392,-171,-2,196,7192,-9412,10364,31,86,-217,-13784,4224,5776,-1140,19,-147,-13948,-4976,6440,-462,218,-46,0
360.867635011673,8536,6372,11316,-88,-243,176,7276,-9264,10388,47,133,-199,-13696,4144,5648,-1101,-13,-61,-13952,-5016,6412,-473,142,-64,0
360.90284299850464,8556,6212,11328,-117,-194,158,7344,-9292,10284,45,121,-199,-13716,4224,5640,-1110,15,-136,-13960,-4880,6196,-480,127,-60,0
360.9388780593872,8508,6424,11368,-136,-151,152,7332,-9340,10400,27,47,-182,-13760,4152,5552,-1088,98,-129,-14032,-4792,6332,-511,196,-78,0
360.97409796714777,8700,6492,11300,-153,-189,168,7400,-9372,10420,39,76,-215,-13748,4188,5648,-1048,144,-161,-13972,-4908,6440,-490,265,-46,0
361.010183095932,8940,6272,11344,-164,-206,150,7384,-9252,10340,2,89,-238,-13728,4084,5620,-972,144,-184,-13908,-4940,6284,-475,272,-51,0
361.04384207725525,8948,6144,11468,-182,-286,146,7368,-9288,10428,2,133,-289,-13644,4308,5464,-992,140,-146,-13960,-4912,6284,-467,285,-55,0
361.07740211486816,8936,6464,11516,-186,-255,90,7348,-9344,10484,-21,97,-260,-13652,4172,5868,-773,133,-154,-14008,-4936,6332,-431,268,-56,0
361.1109881401062,8632,6612,11368,-159,-227,126,7352,-9280,10288,30,133,-257,-13784,4228,5588,-1272,160,-182,-13968,-5064,6344,-443,220,-85,0
361.1441969871521,8796,6624,11480,-139,-191,132,7296,-9240,10388,18,100,-234,-13700,4148,5376,-1012,138,-192,-14008,-4948,6460,-495,232,-55,0
361.17767214775085,8736,6480,11152,-135,-206,141,7248,-9308,10224,254,86,-231,-13836,4156,5396,-988,116,-151,-13960,-4928,6484,-478,262,-64,0
361.2113881111145,8624,6620,11044,-156,-184,144,7320,-9276,10392,6,138,-214,-13732,4176,5544,-1277,90,-130,-14016,-4904,6428,-468,251,-51,0
361.2448410987854,8956,6364,11348,-153,-166,137,7432,-9012,10420,-9,111,-183,-13672,4116,5456,-1041,115,-87,-13832,-4676,6268,-482,185,-45,0
361.27842593193054,8552,6304,11264,-131,-131,157,7396,-9252,10340,-15,97,-171,-13764,4216,5420,-1015,140,-101,-13632,-4880,6608,-500,178,-47,0
361.31194496154785,8956,6364,11392,-158,-162,158,7396,-9264,10300,-39,105,-224,-13740,4000,5532,-999,176,-132,-13932,-4828,6272,-475,170,-71,0
361.34546303749084,8880,6336,11232,-120,-169,139,7296,-9196,10448,-36,69,-202,-13712,4076,5556,-996,157,-143,-14020,-4852,6368,-514,177,-116,0
361.3831441402436,8716,6260,11292,-122,-88,93,7244,-9292,10296,-2,163,-179,-13576,4044,5748,-970,103,-89,-14116,-4620,6268,-481,179,-175,0
361.4166510105133,8684,6172,11248,-119,-31,65,7336,-9456,10316,30,142,-173,-13728,3864,5840,-912,156,-115,-14012,-4872,6288,-476,120,-192,0
361.4500739574433,8680,6196,11244,-127,-27,58,7432,-9264,10412,-33,191,-186,-13888,4156,5604,-840,137,-135,-14148,-4868,6264,-487,144,-176,0
361.48382210731506,8728,6352,11416,-182,-251,44,7480,-9288,10328,-15,168,-151,-13832,4220,5436,-730,193,-53,-14108,-4764,6208,-520,108,-154,0
361.5173530578613,8640,6432,11200,-147,88,111,7408,-9448,10480,-31,147,-105,-13676,4080,5728,-772,190,-33,-13940,-4944,6348,-766,39,-152,0
361.5508460998535,8660,6416,11300,-130,73,107,7276,-9360,10236,-58,163,-122,-13732,4200,5516,-912,182,-37,-13980,-4856,6360,-491,66,-129,0
361.58413100242615,8552,6368,11424,-157,24,101,7224,-9268,10348,-76,125,-129,-13752,4328,5684,-954,135,-40,-13992,-4856,6312,-763,108,-141,0
361.617751121521,8688,6640,11288,-101,-40,89,7348,-9472,10316,-74,161,-135,-13908,4108,5680,-979,119,-88,-14068,-4868,6340,-501,149,-136,0
361.6511950492859,8648,6424,11488,-149,-41,112,7348,-9172,10356,-61,147,-146,-13740,4180,5604,-951,154,-81,-14000,-4928,6408,-513,119,-127,0
361.6848039627075,8532,6304,11280,-127,-20,95,7344,-9272,10380,-48,120,-155,-13736,4196,5484,-921,142,-73,-13868,-4948,6168,-525,114,-160,0
361.7184090614319,8624,6556,11380,-115,-19,101,7572,-9268,10364,-88,135,-163,-13720,4388,5716,-904,130,-45,-14072,-4824,6176,-524,108,-153,0
361.7518939971924,8704,6452,11292,-102,-30,67,7312,-9320,10396,-58,138,-168,-13836,4200,5412,-917,140,-56,-14020,-4656,6280,-548,110,-134,0
361.7855110168457,8656,6384,11448,-117,-43,59,7528,-9300,10332,-50,115,-183,-13808,4196,5880,-946,128,-52,-14044,-4780,6640,-523,129,-144,0
361.8190450668335,8800,6424,11276,-134,-35,100,7424,-9260,10432,-43,167,-165,-13964,3956,5680,-955,111,-92,-14008,-5060,6480,-489,120,-134,0
361.8526999950409,8684,6412,11248,-117,-63,92,7284,-9344,10332,-37,170,-192,-13776,4184,5472,-951,87,-116,-14032,-4912,6436,-262,131,-136,0
361.8859851360321,8596,6420,11380,-125,-97,84,7660,-9356,10252,-20,155,-176,-13804,4252,5808,-993,134,-103,-14076,-4788,6144,-496,169,-118,0
361.9194779396057,8560,6408,11332,-129,-90,94,7372,-9360,10416,-26,118,-191,-14044,4128,5560,-1010,136,-96,-13872,-4964,6612,-487,146,-127,0
361.9528660774231,8620,6344,11404,-114,-128,100,7292,-9404,10476,-48,152,-188,-13728,4200,5620,-990,94,-100,-13964,-4756,6344,-490,147,-146,0
361.9866180419922,8552,6344,11512,-146,-108,83,7372,-9264,10304,-15,156,-164,-13800,4228,5508,-988,109,-122,-13864,-4928,6404,-532,120,-105,0
362.0199620723725,8664,6428,11368,-105,-134,106,7380,-9420,10428,-19,137,-197,-13816,4252,5620,-994,107,-104,-13948,-4972,6492,-520,175,-140,0
362.0580461025238,8608,6472,11272,-115,-146,108,7348,-9192,10356,-26,163,-172,-13812,4212,5408,-1010,82,-129,-14056,-4984,6304,-538,130,-132,0
362.0938489437103,8684,6512,11372,-65,-98,92,7432,-9200,10428,-91,156,-165,-13800,4168,5712,-960,75,-69,-13964,-4952,6168,-508,147,-104,0
362.1287660598755,8688,6420,11316,-153,-56,79,7412,-9304,10068,-51,161,-155,-13880,4188,5500,-969,100,-54,-13968,-4776,6332,-484,158,-115,0
362.1652090549469,8712,6408,11440,-157,-36,83,7404,-9268,10304,-16,149,-163,-14016,4156,5432,-992,110,-121,-13968,-4748,6300,-481,131,-91,0
362.2007920742035,8656,6556,11340,-122,-72,108,7192,-9376,10384,-36,142,-152,-13596,4180,5388,-1279,84,-107,-14128,-4912,6476,-487,99,-136,0
362.2371730804444,8648,6364,11272,-157,-57,62,7376,-9420,10420,-1,154,-142,-13920,4348,5624,-1006,82,-88,-14008,-4808,6284,-265,184,-109,0
362.2723710536957,8588,6588,11440,-128,-126,120,7316,-9316,10416,-36,122,-190,-13860,4196,5752,-1059,159,-92,-13940,-4892,6356,-511,234,-38,0
362.30885791778564,8452,6440,11600,-104,-192,176,7276,-9320,10400,-33,82,-236,-13720,4172,5668,-780,209,-172,-13896,-4976,6384,-562,270,-41,0
362.3439030647278,8600,6308,11320,-108,-4,164,7388,-9400,10236,-19,77,-255,-13680,4180,5436,-1034,197,-146,-13924,-5052,6456,-526,255,-65,0
362.3795449733734,8460,6636,11320,-135,-227,172,7300,-9384,10408,-17,63,-511,-13604,4172,5492,-1050,229,-201,-13920,-4940,6564,-525,266,-34,0
362.4148859977722,8624,6476,11276,-152,-231,169,7316,-9404,10388,9,89,-244,-13800,4252,5556,-1021,215,-163,-14064,-4644,6320,-526,250,-32,0
362.4507451057434,8648,6412,11152,-119,-224,167,7300,-9356,10392,-7,55,-244,-13844,4196,5708,-1270,189,-191,-14024,-4868,6328,-537,242,-71,0
362.486093044281,8740,6416,11248,-126,-228,168,7320,-9360,10228,-55,106,-508,-13596,4172,5416,-996,169,-185,-14008,-4784,6324,-547,241,-62,0
362.5223920345307,8944,6624,11180,-156,-217,130,7632,-9220,10244,-56,81,-259,-13836,4160,5580,-1005,124,-146,-14004,-5052,6388,-532,206,-131,0
362.55820202827454,8764,6160,11128,-111,-124,89,7608,-9400,10176,-21,141,-214,-14076,4192,5428,-1017,66,-109,-14036,-4792,6232,-519,138,-149,0
362.5933060646057,8748,6604,11072,-106,-19,53,7560,-9188,10428,-14,159,-153,-13824,4036,5584,-1020,32,-92,-13996,-4864,6044,-464,104,-154,0
362.629135131836,8760,6416,11348,-221,30,50,7396,-9200,10372,0,194,-148,-13616,4128,5316,-1274,60,-17,-13828,-4980,6204,-453,124,-129,0
362.6641249656677,8648,6508,11372,-161,-51,98,7264,-9256,10372,-66,118,-151,-13884,4236,5756,-1036,62,-93,-14232,-4672,6184,-487,137,-119,0
362.70026206970215,8804,6392,11384,-120,-96,73,7432,-9384,10464,-58,138,-147,-13920,4276,5720,-1277,35,-62,-13964,-4900,6356,-260,137,-130,0
362.73372507095337,8628,6564,11372,-144,-14,71,7296,-9268,10292,-252,173,-144,-13816,3932,5376,-966,83,-77,-13836,-4976,6192,-495,97,-127,0
362.7672290802002,8540,6464,11308,-116,-65,93,7192,-9016,10404,-60,135,-161,-13780,4144,5612,-1022,113,-99,-13948,-4908,6328,-492,145,-95,0
362.8007290363312,8684,6460,11512,-160,-50,101,7316,-9212,10464,-31,113,-170,-13672,4124,5588,-972,136,-71,-14280,-4884,6344,-478,141,-105,0
362.8341701030731,8904,6532,11336,-137,-47,127,7396,-9348,10444,-25,140,-163,-13592,4192,5484,-1001,91,-68,-13964,-4828,6460,-465,140,-91,0
362.8677179813385,8900,6440,11308,-127,-72,98,7364,-9292,10400,-37,120,-147,-13800,4216,5580,-1018,127,-55,-13992,-4952,6444,-512,145,-100,0
362.9010450839997,8484,6424,11336,-167,-112,113,7416,-9240,10312,-68,136,-176,-13768,4048,5540,-986,135,-125,-13980,-4964,6264,-491,174,-84,0
362.9344019889832,8676,6576,11260,-153,-128,116,7664,-9424,10232,-66,126,-183,-13952,4180,5652,-1003,98,-143,-14064,-5012,6320,-511,176,-121,0
362.9680440425873,8804,6348,11204,-133,-109,116,7360,-9272,10372,-10,129,-183,-13768,4220,5652,-1014,102,-99,-13924,-4848,6424,-521,172,-102,0
363.00171303749084,8628,6392,11264,-106,-66,75,7344,-9284,10136,-20,153,-196,-13580,4136,5556,-1027,118,-93,-14068,-4932,6448,-497,166,-121,0
363.03534603118896,8484,6400,11344,-126,-139,76,7400,-9344,10388,-2,157,-168,-13860,4240,5580,-1267,73,-112,-14080,-4816,6296,-759,148,-126,0
363.0688440799713,8480,6504,11092,-132,-56,92,7336,-9256,10292,-11,176,-167,-13848,4196,5720,-1024,63,-109,-14072,-4884,6356,-265,152,-139,0
363.10231494903564,8536,6392,11304,-151,-67,95,7308,-9356,10360,-32,165,-166,-13780,4140,5396,-1002,78,-91,-14056,-4936,6232,-498,169,-119,0
363.13555812835693,8928,6624,11456,-140,-70,122,7400,-9276,10300,-34,147,-190,-13712,4160,5580,-1005,66,-70,-13920,-4948,6508,-475,122,-123,0
363.1692600250244,8680,6420,11244,-155,-72,123,7416,-9388,10268,-39,168,-163,-13780,4112,5592,-1025,50,-53,-14012,-5084,6324,-496,91,-140,0
363.2028570175171,8628,6352,11244,-147,-72,83,7348,-9336,10288,-56,149,-161,-13784,4272,5712,-999,52,-60,-14036,-4908,6276,-526,158,-146,0
363.2366120815277,8612,6408,11248,-145,-103,103,7296,-8968,10424,3,144,-178,-13688,4120,5692,-1005,119,-104,-13960,-4908,6464,-483,202,-107,0
363.2700791358948,8620,6504,11300,-127,-68,118,7160,-9412,10396,-24,61,-221,-13740,4056,5776,-995,198,-154,-14048,-4880,6260,-520,177,-93,0
363.303631067276,8464,6444,11280,-125,-144,115,7624,-9372,10396,-71,120,-194,-13840,4108,5632,-1011,126,-105,-13840,-5096,6344,-512,139,-88,0
363.3372459411621,8828,6472,11272,-143,-104,124,7228,-9464,10408,-29,125,-170,-13860,4124,5596,-965,86,-63,-14136,-4912,6248,-528,107,-136,0
363.3707311153412,8824,6460,11256,-146,-33,109,7500,-9372,10244,-19,172,-151,-14056,4340,5460,-1019,90,-52,-13960,-4820,6316,-502,123,-134,0
363.4040460586548,8460,6616,11044,-117,-35,79,7404,-9344,10312,-31,167,-159,-13780,4088,5676,-1042,55,-80,-13896,-4616,6148,-514,139,-158,0
363.4374599456787,8856,6412,11052,-138,-65,58,7220,-9340,10408,-10,182,-175,-13840,4132,5520,-1019,54,-93,-14068,-4684,6292,-477,156,-158,0
363.47097611427307,8680,6644,11344,-162,-68,86,7412,-9336,10240,-20,201,-206,-13668,4144,5476,-1029,89,-119,-13964,-4992,6428,-480,181,-133,0
363.50471115112305,8604,6324,11476,-137,-104,109,7428,-9344,10396,-250,97,-225,-13748,4180,5840,-1004,122,-123,-13992,-4724,6300,-509,197,-126,0
363.5382919311524,8612,6444,11328,-143,-126,100,7260,-9260,10348,-41,140,-176,-13812,4252,5636,-967,99,-100,-14008,-4928,6376,-762,191,-121,0
363.57192397117615,8652,6520,11348,-163,-90,114,7288,-9308,10388,-39,118,-185,-13776,4176,5680,-990,104,-65,-13904,-4976,6188,-507,148,-121,0
363.6055290699005,8688,6424,11288,-160,-63,109,7264,-9324,10268,-16,141,-177,-13792,4228,5480,-1005,140,-103,-13956,-4924,6332,-504,157,-96,0
363.63893699645996,8628,6452,11428,-142,-81,115,7304,-9288,10652,-9,122,-158,-13776,4156,5596,-993,114,-138,-14056,-4872,6324,-526,143,-117,0
363.67215204238886,8712,6620,11484,-120,-94,71,7420,-9292,10432,-49,136,-189,-13736,4152,5400,-984,71,-115,-14056,-4876,6300,-507,162,-142,0
363.7053439617157,8760,6496,11436,-157,-103,81,7320,-9268,10136,-22,151,-195,-13580,4276,5552,-978,114,-90,-14044,-4660,6368,-491,131,-109,0
363.74318194389343,8956,6356,11324,-163,-81,94,7316,-9220,10424,-44,102,-175,-13768,4176,5600,-993,100,-84,-13992,-5120,6320,-480,149,-78,0
363.77890706062317,8708,6348,11296,-147,-66,116,7624,-9268,10356,-54,120,-169,-13884,4120,5752,-1017,99,-84,-13972,-4644,6228,-479,115,-130,0
363.8145251274109,8748,6432,11420,-152,-46,105,7296,-9304,10324,247,141,-203,-13740,4180,5620,-1014,116,-116,-13956,-4932,6232,-481,143,-107,0
363.8502950668335,8784,6408,11376,-140,-77,72,7668,-9276,10364,-27,160,-169,-13800,4180,5696,-1020,88,-78,-14068,-4888,6192,-488,149,-125,0
363.8852620124817,8628,6424,11572,-153,-80,116,7288,-9348,10396,-2,133,-171,-13720,4196,5584,-991,115,-151,-13984,-4876,6468,-493,168,-152,0
363.9208250045777,8576,6460,11300,-106,-92,107,7384,-9296,10300,-71,117,-180,-13800,4184,5560,-1000,47,-67,-14008,-4784,6540,-521,122,-169,0
363.95615911483765,8624,6436,11384,-101,-250,64,7412,-9428,10324,-56,155,-133,-13816,4220,5676,-997,30,-39,-14076,-4928,6344,-518,80,-154,0
363.99223709106445,8576,6356,11176,-160,33,70,7264,-9260,10412,2,208,-133,-13724,4192,5656,-1032,59,-51,-13972,-4904,6444,-486,119,-157,0
364.02761602401733,8636,6444,11440,-148,-4,58,7356,-9352,10456,-15,175,-177,-13588,4172,5712,-999,68,-77,-14308,-5116,6460,-491,125,-123,0
364.0629200935364,8700,6512,11364,-125,-85,105,7432,-9240,10296,-56,163,-157,-13728,4100,5572,-984,71,-111,-13980,-4972,6412,-481,163,-121,0
364.09879207611084,8636,6396,11020,-161,-116,100,7176,-9368,10364,-62,169,-175,-13900,4068,5612,-1018,53,-104,-14008,-4876,6424,-530,154,-140,0
364.1333169937134,8704,6452,11300,-143,-92,112,7392,-9152,10468,-13,163,-142,-13860,4232,5664,-773,58,-70,-13908,-5128,6376,-510,84,-132,0
364.16925597190857,8936,6436,11380,-129,-44,71,7328,-9296,10340,-68,192,-157,-13768,4168,5520,-991,6,-43,-13988,-4992,6240,-766,106,-182,0
364.20408606529236,8624,6452,11256,-168,-32,35,7328,-9308,10384,-36,181,-153,-13728,4196,5492,-999,30,-34,-14068,-4792,6504,-490,100,-133,0
364.2389359474182,8744,6440,11292,-146,-13,64,7364,-9308,10248,-33,166,-126,-14000,4120,5800,-1036,-19,-27,-13988,-4940,6408,-512,109,-142,0
364.274836063385,8620,6460,11324,-146,-48,96,7652,-9284,10696,-48,121,-131,-13768,4224,5680,-997,11,-61,-14100,-4992,6420,-478,78,-137,0
364.3106300830841,8624,6372,11340,-153,-47,100,7352,-9328,10328,-57,136,-147,-13732,4104,5652,-995,48,-38,-14016,-4952,6300,-480,97,-121,0
364.34583592414856,8660,6596,11308,-128,-59,77,7320,-9344,10380,-48,129,-176,-13660,4124,5780,-1025,53,-71,-13912,-4940,6424,-497,171,-131,0
364.3816089630127,8648,6404,11320,-135,-80,89,7416,-9380,10484,-20,121,-179,-13748,4244,5456,-1041,88,-89,-13928,-5088,6328,-767,164,-150,0
364.41499495506287,8528,6412,11288,-105,-88,85,7428,-9372,10412,-30,148,-178,-13772,4200,5600,-1278,70,-112,-13908,-4932,6484,-493,166,-129,0
364.4486250877381,8528,6464,11380,-153,-97,98,7320,-9364,10376,-36,136,-189,-13780,4216,5572,-1280,75,-117,-13964,-4960,6148,-522,133,-134,0
364.48194193840027,8548,6392,11476,-125,-32,75,7232,-9380,10392,-32,171,-191,-14016,4172,5636,-975,81,-70,-14032,-4884,6384,-489,166,-132,0
364.51566815376276,8600,6516,11400,-146,-69,97,7324,-9292,10088,-35,127,-191,-13580,4240,5720,-1005,76,-83,-13872,-5024,6416,-522,147,-129,0
364.54914498329157,8616,6492,11372,-119,-51,91,7360,-9360,10324,-45,132,-180,-13692,4144,5720,-978,71,-53,-13968,-4956,6308,-495,154,-157,0
364.58235692977905,8584,6412,11480,-149,-52,106,7272,-9324,10324,-50,160,-180,-14064,4248,5784,-999,79,-115,-13944,-4948,6160,-502,183,-97,0
364.6157970428467,8448,6200,11316,-166,-96,102,7232,-9332,10340,-31,147,-182,-13740,4292,5752,-997,129,-127,-14040,-4960,6380,-505,214,-97,0
364.6492030620575,8648,6208,11316,-169,-152,145,7204,-9316,10268,8,121,-204,-13792,4180,5752,-1040,150,-127,-13984,-4896,6364,-493,241,-107,0
364.682471036911,8452,6632,11372,-149,-189,152,7212,-9412,10360,4,101,-244,-13752,4232,5696,-1277,171,-133,-13964,-4884,6292,-506,253,-62,0
364.7162220478058,8536,6412,11376,-153,-216,127,7364,-9368,10408,247,101,-3,-13772,4100,5604,-979,140,-182,-13916,-4920,6308,-264,227,-72,0
364.74961614608765,8636,6220,11508,-157,-200,131,7200,-9272,10276,-14,114,-228,-13572,4236,5476,-1008,138,-144,-14012,-4704,6416,-521,188,-73,0
364.78297996520996,8624,6448,11308,-155,-238,119,7464,-9276,10284,19,116,-214,-13756,4148,5732,-1032,116,-150,-13964,-4900,6376,-472,203,-88,0
364.8166429996491,8584,6444,11348,-174,-198,149,7368,-9284,10336,25,115,-223,-13856,4224,5496,-1010,128,-136,-14028,-4788,6392,-520,187,-66,0
364.85021495819086,8636,6440,11208,-152,-192,142,7316,-9268,10484,-30,136,-229,-13748,4196,5660,-1002,173,-124,-14020,-4968,6420,-518,214,-47,0
364.88363313674927,8648,6200,11464,-138,-207,122,7204,-9260,10400,-23,100,-241,-14040,4196,5532,-987,180,-188,-14020,-4744,6236,-499,244,-38,0
364.91719913482666,8764,6336,11084,-182,-231,170,7452,-9332,10280,-23,82,-248,-14020,4204,5756,-1046,188,-189,-13996,-4640,6308,-759,238,-67,0
364.9506649971009,8732,6472,11364,-135,-207,154,7336,-9136,10300,13,116,-206,-13732,4312,5688,-993,152,-118,-14064,-4972,6348,-258,174,-66,0
364.9837520122528,8616,6508,11364,-172,-158,146,7268,-9204,10268,-244,120,-224,-13648,4220,5756,-1016,144,-96,-14080,-4964,6228,-490,175,-82,0
365.0173680782318,8704,6476,11176,-142,-193,141,7288,-9252,10424,-21,106,-222,-13824,4156,5584,-1020,127,-160,-13888,-4984,6264,-511,204,-82,0
365.0510740280152,8672,6408,11416,-149,-195,143,7312,-9440,10260,26,93,-227,-13668,4164,5508,-1058,125,-128,-13868,-4852,6284,-518,213,-108,0
365.08472299575806,8648,6412,11160,-96,-184,145,7356,-9012,10452,9,85,-229,-13696,4192,5664,-1026,175,-143,-14016,-4956,6472,-506,217,-65,0
365.1184499263764,8672,6156,11328,-144,-192,136,7296,-9076,10344,-22,85,-248,-13744,4136,5556,-1006,155,-153,-14016,-4988,6408,-464,211,-42,0
365.15165400505066,8688,6428,11180,-187,-183,154,7608,-9300,10328,-13,64,-245,-13752,4144,5472,-1001,166,-165,-13984,-4924,6348,-754,221,-69,0
365.1851580142975,8820,6304,11456,-160,-183,153,7620,-9280,10320,253,102,-221,-13832,4128,5624,-988,129,-114,-13984,-4916,6344,-524,216,-74,0
365.2186970710755,8764,6360,11304,-155,-179,130,7404,-9248,10456,-20,118,-230,-13668,4328,5624,-774,160,-132,-13968,-4852,6352,-493,180,-90,0
365.2522530555725,8740,6364,11260,-146,-153,131,7332,-9228,10336,-49,105,-188,-13820,4180,5836,-1020,119,-96,-13996,-4812,6292,-515,175,-77,0
365.2856450080872,8716,6356,11272,-135,-126,125,7676,-8980,10380,-58,117,-187,-13848,4112,5652,-995,107,-150,-13968,-4800,6344,-502,157,-101,0
365.3192150592804,8764,6404,11192,-123,-84,121,7444,-9228,10052,-39,142,-178,-13796,4124,5792,-770,99,-100,-13924,-4872,6292,-519,129,-125,0
365.352774143219,8804,6396,11192,-133,-54,90,7360,-9420,10288,-18,165,-155,-13676,4324,5524,-1279,89,-69,-14056,-4856,6268,-488,133,-152,0
365.3856499195099,8704,6648,11272,-178,-18,95,7348,-9096,10252,-35,141,-152,-13748,4108,5524,-984,103,-73,-14028,-4900,6288,-475,126,-151,0
365.4231939315796,8716,6368,11500,-131,-49,93,7384,-9252,10408,-81,146,-154,-13636,4148,5556,-1015,80,-69,-14072,-4948,6560,-522,146,-156,0
365.4587421417237,8512,6608,11332,-134,-41,108,7364,-9248,10272,-36,119,-172,-13800,4056,5720,-979,49,-44,-13952,-4976,6412,-505,144,-158,0
365.49431800842285,8624,6452,11072,-112,-20,102,7272,-9164,10312,-53,179,-159,-13772,4244,5644,-997,57,-61,-13840,-5080,6188,-478,106,-138,0
365.5297040939331,8564,6640,11124,-127,-32,79,7404,-9332,10340,-83,173,-144,-13764,4124,5816,-952,97,-56,-13984,-4844,6336,-473,136,-129,0
365.56497597694397,8736,6400,11244,-143,-20,75,7324,-9212,10180,-80,183,-153,-13792,4180,5744,-967,62,-35,-13844,-4920,6364,-471,104,-160,0
365.6006441116333,8808,6600,11256,-120,-25,83,7384,-9132,10372,-51,174,-117,-13772,4076,5504,-972,47,-82,-13972,-4912,6316,-476,79,-159,0
365.63615012168884,8892,6196,11412,-144,27,95,7264,-9228,10344,-33,167,-128,-13788,4076,5416,-958,58,-39,-14024,-4992,6392,-258,111,-133,0
365.6722550392151,8664,6428,11380,-168,-63,80,7380,-9364,10340,-83,130,-147,-13772,4196,5760,-969,102,-53,-13964,-4628,6248,-508,129,-157,0
365.70831394195557,8932,6580,11428,-113,-61,75,7396,-9348,10432,-67,159,-162,-13828,4092,5440,-962,120,-94,-14000,-4676,6308,-480,144,-142,0
365.7433340549469,8560,6624,11356,-113,-23,53,7320,-9272,10268,-28,177,-158,-13800,4184,5648,-965,66,-49,-13904,-4944,6408,-512,169,-148,0
365.7793791294098,8956,6408,11312,-126,-65,71,7408,-9228,10356,-12,166,-178,-13608,4196,5812,-988,62,-85,-13884,-4956,6376,-477,124,-130,0
365.81440114974976,8680,6636,11380,-178,-36,73,7348,-9372,10356,-25,158,-156,-13820,4292,5816,-967,87,-79,-13948,-4988,6640,-487,111,-124,0
365.8501949310303,8644,6632,11488,-160,-59,101,7404,-9340,10276,-25,176,-140,-13744,4168,5568,-988,100,-72,-13912,-4684,6296,-501,131,-126,0
365.8853731155396,8900,6380,11388,-134,-58,118,7388,-9356,10324,-30,133,-159,-13752,4136,5884,-1007,100,-111,-13932,-4900,6640,-500,132,-114,0
365.92170000076294,8684,6412,11324,-98,-76,89,7168,-9272,10468,-63,146,-170,-13732,4140,5692,-986,46,-74,-13952,-4868,6264,-512,123,-128,0
365.95777010917664,8548,6572,11300,-123,-62,71,7360,-9292,10328,-61,153,-165,-13812,4148,5616,-943,62,-92,-14036,-4868,6584,-509,111,-151,0
365.9928050041199,8692,6448,11412,-118,-35,75,7384,-9368,10204,-41,178,-146,-13896,4232,5824,-991,52,-95,-14040,-5004,6200,-486,104,-160,0
366.02828812599176,8932,6428,11320,-125,-10,63,7224,-9268,10032,-63,309,-167,-13768,4112,5544,-1048,58,-113,-13980,-4980,6276,-466,130,-137,0
366.06426310539246,8808,6472,11344,-165,-51,48,7304,-9332,10236,-42,162,-205,-13788,4100,5420,-972,78,-82,-13920,-4948,6364,-486,116,-138,0
366.0979280471802,8828,6496,11440,-126,-77,77,7260,-9224,10316,-49,168,-176,-13804,4196,5832,-979,46,-90,-14020,-4888,6448,-516,146,-150,0
366.13155913352966,8664,6452,11268,-147,-53,72,7304,-9444,10464,-7,174,-144,-13624,4144,5676,-785,19,-52,-13916,-4948,6536,-503,105,-148,0
366.16505098342896,8588,6436,11456,-126,-53,94,7292,-9324,10296,-29,153,-152,-13644,4192,5772,-1007,63,-58,-13916,-4980,6468,-506,118,-150,0
366.19855093956,8684,6500,11336,-129,-116,78,7260,-9344,10448,-70,173,-137,-13676,4200,5704,-947,71,-73,-13984,-4904,6508,-257,116,-154,0
366.23197102546686,8580,6448,11348,-121,-38,66,7344,-9296,10288,-32,125,-142,-13636,4100,5592,-981,101,-49,-13948,-4980,6496,-497,131,-111,0
366.26539492607117,8596,6404,11424,-131,-26,112,7352,-9392,10324,-17,119,-177,-13696,4176,5824,-999,162,-69,-14056,-4940,6340,-493,138,-101,0
366.3011200428009,8536,6364,11428,-152,-75,118,7248,-9392,10268,-51,107,-171,-13664,4212,5584,-994,128,-28,-14076,-4988,6432,-766,118,-87,0
366.3347759246826,8680,6456,11340,-149,-110,119,7472,-9372,10360,-47,171,-186,-13732,4176,5784,-967,86,-68,-13956,-4932,6440,-492,88,-146,0
366.3683121204377,8700,6408,11312,-136,-49,81,7372,-9308,10380,-55,153,-155,-13748,4120,5628,-971,82,-69,-14024,-4864,6336,-487,140,-151,0
366.40604400634766,8596,6524,11300,-162,-77,69,7272,-9256,10400,-13,147,-171,-13812,4132,5668,-1006,82,-59,-13816,-4960,6412,-506,158,-167,0
366.43974494934076,8680,6412,11060,-143,-86,90,7364,-9336,10408,-254,160,-171,-13680,4224,5768,-986,91,-103,-14056,-4968,6300,-470,170,-117,0
366.47349214553833,8508,6536,11352,-189,-100,113,7376,-9344,10500,255,142,-184,-13760,4316,5580,-1004,136,-155,-14020,-4936,6492,-483,186,-94,0
366.50682497024536,8672,6464,11668,-200,-138,133,7340,-9424,10396,45,128,-213,-13728,4100,5784,-1007,157,-142,-13940,-5060,6504,-489,243,-57,0
366.54046297073364,8496,6456,11468,-154,-503,182,7356,-9404,10472,-16,113,-238,-13660,4260,5968,-996,144,-198,-13904,-4920,6444,-515,232,-96,0
366.57397508621216,8584,6464,11288,-99,-244,154,7208,-9276,10220,-35,100,-237,-13668,4164,5700,-993,137,-183,-13832,-5036,6416,-547,190,-79,0
366.60761308670044,8548,6448,11472,-94,-235,163,7332,-9264,10292,-57,122,-213,-13756,4348,5576,-971,147,-98,-13948,-4940,6460,-502,178,-69,0
366.6406600475311,8616,6352,11188,-159,-202,146,7264,-9360,10456,-22,90,-225,-13664,4288,5664,-1005,186,-142,-13980,-4900,6600,-532,219,-61,0
366.6740369796753,8624,6424,11320,-157,-216,179,7380,-9236,10324,49,93,-236,-13996,4084,5568,-770,185,-176,-13852,-5020,6296,-518,245,-41,0
366.70750904083246,8692,6356,11308,-98,-207,164,7320,-9192,10524,-19,68,-268,-13700,3884,5876,-1024,218,-228,-14072,-4892,6336,-566,269,-46,0
366.74102091789246,8732,6360,11308,-121,-281,148,7432,-9276,10316,-29,103,-248,-13916,4076,5636,-769,168,-160,-14160,-5060,6568,-491,220,-47,0
366.7744851112366,8716,6468,11176,-160,-189,129,7456,-9288,10196,-254,104,-204,-13764,4148,5624,-992,178,-104,-13984,-4940,6300,-469,118,-69,0
366.80808901786804,8728,6412,11180,-180,-103,124,7392,-9268,10376,26,139,-175,-13592,3984,5628,-1061,126,-85,-13832,-4892,6432,-457,149,-87,0
366.8418369293213,8932,6648,11312,-171,-84,129,7304,-9328,10440,4,131,-173,-13708,4268,5748,-1035,101,-97,-13928,-4944,6432,-493,173,-104,0
366.87537598609924,8712,6400,11360,-167,-140,115,7320,-9296,10372,-32,143,-175,-13760,4124,5588,-1006,124,-146,-13956,-4928,6292,-765,186,-106,0
366.9086239337921,8732,6436,11292,-142,-159,108,7404,-9300,10292,-60,130,-209,-13756,4104,5672,-984,95,-114,-13924,-4936,6432,-762,171,-111,0
366.94211101531977,8688,6384,11340,-123,-114,99,7308,-9280,10244,-46,96,-196,-13732,4140,5740,-997,117,-91,-13968,-4864,6528,-489,167,-109,0
366.9755790233612,8596,6444,11272,-150,-77,140,7392,-9188,10396,-51,100,-169,-13768,4100,5584,-966,131,-64,-13944,-5088,6364,-518,138,-105,0
367.00909399986267,8616,6376,11280,-153,-50,96,7304,-9240,10252,-61,150,-154,-13728,4092,5520,-1014,97,-59,-14104,-4912,6364,-488,128,-128,0
367.04250407218933,8768,6324,11432,-180,15,112,7348,-9304,10316,-26,143,-115,-13820,4240,5384,-1013,111,-71,-13868,-4904,6348,-477,126,-144,0
367.0796720981598,8736,6204,11300,-158,-26,115,7328,-9288,10404,-22,141,-159,-13764,4080,5676,-1017,113,-80,-14004,-4912,6352,-487,156,-127,0
367.11529994010925,8932,6380,11008,-137,-41,77,7404,-9332,10440,-40,126,-178,-13812,4132,5552,-1017,104,-54,-13912,-4976,6260,-508,153,-141,0
367.15095400810236,8576,6516,11164,-130,-88,98,7388,-9372,10476,-81,135,-170,-14080,4176,5720,-970,104,-83,-13940,-4976,6412,-502,119,-145,0
367.1861641407013,8524,6648,11400,-117,-13,83,7432,-9256,10228,-79,134,-160,-13772,4140,5848,-986,52,-38,-14024,-4964,6360,-475,99,-143,0
367.2223861217499,8756,6496,11308,-131,13,66,7396,-9216,10308,-39,164,-128,-13712,4056,5728,-1000,60,-22,-14000,-4728,6384,-480,78,-176,0
367.2582430839539,8612,6352,11388,-144,10,54,7304,-9260,10372,-51,179,-150,-13760,4172,5752,-1000,17,-95,-13900,-4748,6296,-478,120,-161,0
367.29377913475037,8664,6432,11512,-139,-36,60,7324,-9364,10480,-21,158,-184,-13788,4184,5684,-1016,80,-91,-13868,-4940,6452,-491,142,-157,0
367.3292689323425,8648,6376,11420,-125,-48,71,7308,-9352,10164,-34,164,-171,-13644,4124,5872,-997,108,-109,-14060,-4932,6372,-479,126,-125,0
367.36442613601685,8676,6152,11056,-108,-68,89,7332,-9296,10328,-50,136,-157,-13756,4176,5432,-1003,68,-73,-14076,-4852,6508,-506,145,-157,0
367.4001750946045,8496,6652,11368,-103,-14,95,7344,-9256,10376,-30,173,-139,-13712,4156,5624,-1015,53,-73,-14076,-4956,6328,-511,95,-181,0
367.43548607826233,8620,6400,11268,-116,-24,65,7208,-9376,10396,-30,166,-145,-13748,4172,5644,-1039,54,-123,-14004,-4964,6432,-513,130,-172,0
367.47094202041626,8632,6540,11424,-129,-50,87,7260,-9372,10404,-35,117,-147,-13732,3972,5684,-982,59,-36,-13964,-5028,6324,-510,105,-146,0
367.50611996650696,8620,6452,11312,-110,-46,99,7320,-9376,10400,-65,140,-161,-13712,4188,5688,-974,78,-71,-13868,-4880,6316,-501,150,-142,0
367.54245400428766,8656,6332,11212,-133,-65,66,7284,-9296,10300,-3,130,-154,-13828,4180,5760,-1010,76,-118,-13948,-5020,6352,-511,154,-115,0
367.5781860351563,8508,6388,11392,-112,-59,101,7304,-9232,10496,-12,159,-178,-13752,4148,5668,-991,97,-61,-13868,-4956,6396,-501,129,-92,0
367.61374306678766,8588,6392,11440,-104,-73,70,7360,-9308,10368,-84,146,-154,-13688,4172,5644,-979,46,-80,-13976,-4876,6344,-511,147,-139,0
367.64918303489685,8724,6384,11328,-188,-48,70,7372,-9224,10336,1,140,-179,-13712,4212,5440,-1022,110,-81,-13988,-5052,6468,-474,152,-88,0
367.6841149330139,8640,6192,11388,-176,-48,136,7352,-9436,10372,33,136,-155,-13756,4240,5876,-1032,144,-117,-13836,-4932,6392,-483,162,-71,0
367.7213671207428,8584,6648,11372,-173,-128,145,7316,-9328,10436,-256,72,-192,-13820,4128,5796,-993,148,-132,-13856,-4912,6640,-525,172,-67,0
367.7548520565033,8612,6508,11572,-113,-212,132,7360,-9416,10332,-69,94,-229,-13748,4176,5752,-975,150,-123,-13932,-5008,6148,-532,230,-62,0
367.7883279323578,8620,6408,11340,-128,-229,153,7416,-9316,10328,-24,149,-250,-14008,4268,5440,-1001,120,-133,-13860,-4892,6460,-530,247,-75,0
367.82191610336304,8552,6440,11228,-120,-169,158,7364,-9332,10428,-13,88,-220,-13676,3840,5864,-1017,168,-151,-13908,-4980,6168,-498,223,-59,0
367.8555071353913,8540,6608,11388,-162,-176,123,7320,-9316,10264,-9,113,-232,-13624,4108,5432,-1277,182,-190,-14200,-4888,6352,-497,242,-53,0
367.889123916626,8476,6252,11400,-184,-152,142,7312,-9340,10296,4,102,-248,-13780,4148,5604,-1002,173,-142,-13840,-4996,6392,-507,216,-58,0
367.9226589202881,8708,6456,11040,-160,-170,144,7372,-9336,10304,-13,95,-216,-13788,4060,5688,-1272,160,-125,-13972,-4916,6300,-512,229,-56,0
367.9564211368561,8596,6416,11404,-143,-201,145,7188,-9300,10360,-10,97,-229,-13676,4076,5736,-1042,180,-129,-13964,-4896,6240,-533,243,-43,0
367.98982095718384,8628,6636,11432,-143,-195,173,7372,-9180,10460,-23,51,-224,-13688,4200,5688,-1047,194,-124,-13952,-4972,6356,-515,227,-31,0
368.02325201034546,8664,6428,11096,-143,-196,151,7328,-9316,10376,-37,69,-215,-13708,4164,5624,-1276,204,-151,-14004,-4888,6428,-496,224,-37,0
368.0568199157715,8504,6320,11276,-151,-180,145,7476,-9284,10304,-24,96,-202,-13784,4120,5684,-1014,138,-152,-14140,-4816,6304,-524,223,-56,0
368.09017610549927,8624,6396,11204,-148,-189,153,7304,-9300,10324,40,87,-239,-13772,4328,5700,-1264,183,-152,-14012,-4864,6396,-492,229,-80,0
368.1239380836487,8604,6612,11364,-165,-189,157,7356,-9212,10388,15,68,-2,-13856,4080,5404,-1025,176,-121,-14056,-4888,6356,-494,245,-25,0
368.1573989391327,8652,6368,11136,-159,-228,157,7236,-9432,10252,-38,61,-245,-13840,4132,5628,-1002,206,-162,-13904,-4988,6444,-491,250,-63,0
368.19074010849,8848,6416,11132,-153,-258,172,7352,-9312,10388,-4,92,-257,-13620,4096,5560,-1272,187,-159,-14024,-4892,6268,-525,258,-88,0
368.22439813613886,8880,6412,11248,-123,-510,137,7392,-9308,10296,-11,69,-2,-13760,4120,5496,-1002,143,-182,-14032,-5008,6296,-499,239,-81,0
368.2579131126404,8468,6200,11172,-115,-178,146,7372,-9440,10324,3,73,-198,-13740,4100,5588,-1013,154,-122,-14108,-4856,6184,-521,174,-78,0
368.2913889884949,8904,6340,11164,-138,-164,121,7508,-9220,10364,-19,114,-229,-13816,4144,5532,-1011,118,-111,-13952,-4756,6292,-509,202,-96,0
368.3248670101166,8832,6276,11180,-170,-133,84,7520,-9164,10164,-19,144,-200,-13884,4092,5432,-1017,99,-56,-14036,-5064,6200,-498,109,-160,0
368.35840106010437,8948,6356,11036,-129,-70,112,7448,-9032,10216,-255,195,-145,-13840,3972,5544,-1021,57,-31,-13972,-4876,6204,-492,82,-178,0
368.39163899421686,8732,6404,11248,-160,249,77,7364,-9224,10292,12,184,-139,-13752,3964,5688,-1004,50,-86,-14024,-5108,6352,-501,104,-179,0
368.4252460002899,8784,6324,11172,-164,-8,66,7360,-9356,10432,19,185,-129,-13784,4060,5640,-1003,52,-92,-13860,-4888,6316,-481,138,-160,0
368.45887804031366,8744,6520,11264,-151,-54,61,7428,-9316,10472,-18,202,-178,-13772,4184,5596,-988,57,-102,-13844,-5044,6436,-466,169,-109,0
368.49252700805664,8856,6460,11496,-159,-111,98,7376,-9296,10336,-7,127,-213,-13744,4128,5692,-997,131,-64,-14040,-4928,6624,-493,184,-73,0
368.5258939266205,8648,6436,11424,-110,-128,133,7252,-9208,10372,-66,103,-236,-13700,4036,5700,-988,164,-88,-13976,-4732,6592,-493,191,-100,0
368.5591721534729,8632,6424,11188,-154,-128,123,7220,-9236,10288,-83,157,-208,-13756,4288,5688,-958,103,-147,-14108,-4896,6320,-496,147,-126,0
368.5924870967865,8512,6632,11264,-149,-62,91,7464,-9312,10260,-51,202,-145,-13920,4116,5632,-980,55,-104,-14116,-4932,6192,-480,103,-143,0
368.62605714797974,8856,6484,11356,-157,-5,76,7360,-9172,10412,-21,183,-125,-13616,4056,5676,-993,46,-24,-14028,-4928,6248,-259,134,-136,0
368.6596350669861,8712,6400,11184,-161,-9,101,7248,-9060,10420,-20,146,-156,-13600,4052,5584,-1015,112,-63,-13980,-5096,6316,-262,170,-86,0
368.69296002388,8916,6476,11416,-155,-103,101,7300,-9232,10436,-48,93,-178,-13724,4176,5560,-982,150,-113,-14068,-4920,6152,-515,171,-60,0
368.7266240119934,8932,6268,11504,-124,-139,134,7432,-9308,10248,-56,97,-181,-14048,4064,5664,-1003,176,-111,-14048,-4864,6192,-517,169,-97,0
368.7637009620667,8792,6160,11348,-141,-116,125,7376,-9188,10320,-31,120,-211,-13764,4132,5640,-955,130,-106,-13988,-5000,6296,-495,165,-103,0
368.79968810081476,8756,6424,11092,-143,-77,87,7352,-9152,10340,-32,132,-162,-13912,4084,5588,-994,139,-74,-13836,-4916,6232,-458,118,-138,0
368.8349981307984,8788,6380,11216,-147,-44,78,7340,-9268,10372,-55,145,-167,-13844,4124,5752,-987,80,-97,-14084,-4816,6260,-494,90,-120,0
368.8703279495239,8836,6384,11324,-148,-92,73,7332,-9376,10276,-47,196,-168,-13820,4332,5588,-1000,17,-32,-14092,-4876,6280,-505,139,-146,0
368.905592918396,8732,6484,11372,-132,-77,65,7344,-9200,10280,-30,172,-159,-13752,4024,5716,-1011,54,-74,-14028,-4920,6296,-489,135,-156,0
368.94136095046997,8800,6384,11024,-103,-89,78,7440,-9256,10164,-81,137,-185,-13816,4348,5496,-980,82,-63,-14104,-4928,6312,-501,161,-106,0
368.9762499332428,8764,6368,11328,-144,-65,71,7416,-9328,10292,-23,141,-175,-13708,4320,5472,-976,101,-69,-14028,-4776,6416,-489,139,-109,0
369.01231694221497,8900,6648,11432,-147,-30,91,7672,-9268,10408,-56,112,-105,-13796,4160,5704,-974,92,-70,-14088,-4904,6408,-471,121,-119,0
369.0480761528015,8656,6504,11360,-136,-39,110,7396,-9292,10300,-59,117,-156,-14056,4144,5864,-960,76,-35,-13972,-4968,6408,-524,81,-129,0
369.08316111564636,8908,6400,11320,-137,-93,73,7312,-9284,10340,-86,150,-173,-13688,4276,5736,-964,72,-106,-13948,-4984,6400,-517,105,-136,0
369.1187801361084,8692,6632,11200,-83,-85,73,7288,-9332,10268,-31,174,-191,-13804,4124,5880,-981,84,-85,-13900,-4896,6224,-499,179,-141,0
369.15407705307007,8588,6408,11052,-141,-104,86,7308,-9328,10488,-29,145,-206,-13728,4020,5660,-994,68,-127,-14064,-4968,6292,-495,198,-123,0
369.1895489692688,8728,6448,11236,-106,-141,59,7232,-9268,10356,-43,133,-243,-13780,4128,5588,-975,106,-132,-14104,-4848,6472,-511,181,-132,0
369.22465801239014,8684,6380,11336,-111,-127,77,7348,-9272,10368,-31,132,-225,-13820,4124,5732,-977,114,-124,-14112,-4852,6516,-493,144,-141,0
369.2604911327362,8880,6504,11428,-130,-92,75,7668,-9356,10460,-34,170,-191,-13916,4096,5608,-924,128,-105,-13924,-4904,6356,-765,144,-145,0
369.2955579757691,8500,6360,11184,-154,-56,82,7364,-9332,10476,-16,157,-168,-13692,4156,5848,-1048,101,-116,-13960,-4904,6412,-479,112,-139,0
369.332328081131,8736,6452,11204,-141,-75,104,7348,-9048,10408,-44,150,-169,-13748,4264,5692,-992,97,-66,-13924,-4876,6600,-507,84,-151,0
369.3681430816651,8760,6428,11416,-126,-124,63,7264,-9296,10408,-61,119,-182,-13648,4012,5636,-995,77,-126,-14020,-4804,6600,-515,132,-105,0
369.40493392944336,8912,6612,11156,-99,-85,91,7244,-9292,10328,-61,95,-194,-13804,4184,5488,-993,168,-107,-13920,-4624,6240,-531,191,-61,0
369.4384801387787,8724,6348,11428,-116,-207,167,7496,-9268,10256,-83,65,-222,-13764,4148,5620,-1092,151,-107,-13968,-4724,6240,-550,246,-34,0
369.47198009490967,8856,6368,11244,-111,-191,196,7492,-9260,10316,17,20,-168,-13780,4208,5788,-1091,206,-87,-14276,-4728,6364,-534,187,-23,0
369.50551915168757,8852,6336,11388,-85,-104,276,7324,-9328,10284,5,-29,-95,-13632,4168,5736,-1134,217,-21,-14016,-4864,6564,-612,106,-16,0
369.5392029285431,8696,6296,11252,-84,-78,205,7476,-9344,10236,252,41,-80,-13808,4144,5876,-1110,113,-83,-14004,-4976,6444,-624,62,-145,0
369.57236099243164,8528,6436,11324,-14,21,125,7340,-9232,10184,-254,158,-67,-14004,4040,5764,-1080,20,-41,-14336,-4992,6304,-591,58,-179,0
369.6058621406555,8756,6472,11100,-82,-18,69,7400,-9252,10272,-9,245,-84,-13732,4052,5820,-1055,-20,-38,-13988,-4916,6616,-527,105,-195,0
369.63921904563904,8916,6424,11196,-121,33,62,7180,-9304,10388,29,175,-162,-13580,4076,5708,-1031,61,-75,-13832,-5020,6352,-513,114,-197,0
369.67278003692627,8596,6404,11284,-83,-24,61,7292,-9152,10440,-50,116,-162,-13716,4020,5672,-973,63,-118,-13916,-4960,6592,-532,146,-172,0
369.70638704299927,8748,6480,11180,-85,-38,54,7516,-9276,10432,-78,124,-153,-13772,4072,5780,-951,27,-106,-13980,-4848,6316,-477,125,-198,0
369.74010014533997,8744,6452,11460,-185,-59,49,7252,-9244,10236,-37,188,-154,-13696,4312,5700,-991,64,-88,-13948,-4880,6332,-466,127,-146,0
369.7733709812164,8756,6464,11392,-132,-30,64,7248,-9332,10256,-43,152,-172,-14040,4092,5628,-979,119,-76,-14312,-4712,6244,-490,131,-123,0
369.806725025177,8736,6424,11164,-125,-62,109,7448,-9288,10428,-30,148,-169,-13924,4172,5720,-1017,59,-81,-14140,-4920,6248,-530,122,-148,0
369.84027194976807,8780,6460,11028,-60,-49,86,7372,-9340,10396,-52,162,-95,-13596,3976,5824,-1048,-19,-26,-13984,-4904,6296,-564,54,-165,0
369.874046087265,8828,6464,11164,-73,-26,109,7400,-9296,10388,29,161,-78,-13748,4012,5772,-1050,22,-47,-13992,-4924,6436,-530,34,-165,0
369.90745306015015,8460,6448,11424,-97,57,103,7372,-9296,10308,25,175,-50,-13788,4160,5656,-1273,68,238,-13872,-4972,6412,-554,22,-167,0
369.9410829544068,8724,6528,11348,-83,29,118,7348,-9368,10420,38,199,-67,-13848,4164,5616,-1051,56,237,-13956,-5016,6324,-539,60,-135,0
369.97450613975525,8668,6472,11496,-75,26,99,7192,-9320,10416,-17,170,-83,-13788,4032,5700,-1050,48,20,-13780,-5024,6412,-546,60,-124,0
370.0081059932709,8572,6548,11472,-109,-20,126,7328,-9268,10264,-64,156,-130,-13612,4136,5700,-957,89,-19,-13932,-5044,6372,-528,63,-149,0
370.0416729450226,8612,6416,11264,-95,-80,86,7256,-9372,10264,-85,163,-161,-13824,4212,5688,-963,87,-60,-14040,-4900,6476,-552,70,-165,0
370.0749831199646,8648,6388,11328,-107,-63,100,7436,-9216,10520,-18,192,-156,-13696,4240,5784,-1001,84,-96,-14004,-4968,6460,-527,159,-142,0
370.1087131500244,8628,6404,11500,-114,-75,88,7400,-9332,10292,-28,115,-180,-13660,3840,5724,-994,108,-134,-13964,-4964,6380,-554,145,-121,0
370.1421239376068,8612,6448,11356,-77,-103,93,7268,-9256,10292,-37,153,-184,-13776,4132,5852,-997,84,-98,-14008,-4952,6256,-586,236,-94,0
370.1755850315094,8956,6516,11208,-101,-156,143,7500,-9172,10464,-76,66,-168,-13808,3996,5880,-942,128,-79,-14100,-5032,6352,-501,133,-53,0
370.20893692970276,8644,6440,11188,-98,-44,114,7200,-9144,10348,-47,142,-149,-13728,3868,5808,-957,114,-53,-13932,-5024,6348,-259,97,-105,0
370.2424540519715,8676,6572,11172,-136,-20,114,7188,-9448,10420,-17,119,-115,-13728,4040,5952,-779,44,-38,-13864,-5064,6308,-486,116,-134,0
370.2758939266205,8508,6588,11324,-133,-27,87,7640,-9348,10308,-62,206,-111,-13664,4124,5688,-955,54,-68,-13928,-4952,6504,-500,132,-111,0
370.309415102005,8612,6480,11276,-170,-79,93,7236,-9220,10392,-38,116,-179,-13748,4164,5904,-975,107,-61,-13908,-4996,6500,-467,139,-45,0
370.34293699264526,8588,6476,11416,-180,-155,107,7192,-9228,10392,-21,112,-223,-13672,4192,5700,-978,184,-103,-13852,-4904,6376,-447,205,-36,0
370.3765940666199,8488,6448,11340,-193,-206,157,7148,-9452,10520,44,53,-251,-13672,4164,5744,-1036,216,-193,-13824,-4924,6436,-451,307,10,0
370.40961503982544,8584,6448,11432,-135,-301,183,7224,-9380,10508,-82,77,-297,-13820,4236,5672,-969,228,-204,-13916,-4964,6476,-558,254,-40,0
370.4460759162903,8636,6420,11076,-90,-338,171,7320,-9340,10248,-59,-39,-278,-13728,4240,5480,-989,240,-186,-14072,-4844,6472,-766,266,253,0
370.48190212249756,8648,6400,11320,-112,-295,207,7308,-9236,10104,22,79,-275,-13748,4132,5776,-1024,263,-202,-14048,-4832,6400,-506,300,-31,0
370.51801705360407,8860,6156,11508,-157,-231,187,7532,-9252,10232,-10,38,-282,-13872,4176,5576,-1059,221,-227,-14092,-5096,6372,-575,259,-25,0
370.5534040927887,8544,6468,11456,-143,-4,170,7364,-9360,10532,49,31,-280,-13904,4088,5644,-1003,209,-165,-14092,-4644,6156,-515,285,-19,0
370.58886098861694,8816,6432,11284,-123,-228,199,7492,-9280,10384,35,97,-3,-13936,4032,5660,-1040,200,-219,-14008,-4868,6360,-558,245,-41,0
370.6240301132202,8624,6496,11508,-125,-257,207,7556,-9336,10336,46,250,-1,-13832,4096,5472,-1049,250,-122,-13944,-4632,6344,-567,265,-41,0
370.659903049469,8492,6552,11116,-130,-268,215,7396,-9196,10324,25,10,-255,-13652,4080,5568,-1005,244,-173,-13908,-4984,6188,-557,277,-25,0
370.6952910423279,8628,6432,11240,-162,-327,210,7388,-9424,10060,-20,-10,-328,-13640,3936,5592,-993,288,-226,-14076,-4936,6208,-470,299,10,0
370.7308530807495,8720,6364,11088,-186,-359,155,7484,-9280,10236,0,41,-350,-13776,3884,5544,-960,228,-259,-13924,-4948,6304,-420,358,-11,0
370.76605105400085,8916,6508,11080,-243,-317,132,7484,-8968,10308,-12,65,-340,-13900,3996,5776,-965,196,-196,-14040,-4912,6292,-401,297,-73,0
370.8018441200257,8952,6496,11156,-249,-184,82,7388,-9240,10368,-19,108,-316,-13924,4024,5696,-929,124,-116,-14032,-5020,6304,-405,223,-128,0
370.83789014816284,8708,6492,11076,-232,-75,18,7668,-9164,10360,-133,142,-268,-13752,4060,5376,-849,92,-88,-14052,-4844,6228,-428,128,-119,0
370.87290501594543,8720,6164,11108,-187,-38,18,7500,-9256,10176,-154,117,-227,-13752,4028,5620,-886,167,-52,-14048,-4680,6068,-381,162,-43,0
370.90894198417664,8896,6288,11304,-280,-68,88,7484,-9220,10288,-15,64,-226,-13868,4068,5500,-1047,208,-118,-13912,-4804,6368,-313,280,-61,0
370.94406294822693,8832,6416,11284,-282,-149,143,7380,-9276,10264,254,85,-249,-13988,4092,5728,-1016,182,-145,-14264,-4912,6408,-411,265,-40,0
370.97974705696106,8900,6352,11252,-134,-161,101,7580,-9388,10388,-87,132,-234,-13892,4144,5676,-953,135,-87,-14176,-4904,6396,-260,187,-135,0
371.0150129795075,8948,6276,11136,-96,-78,108,7644,-9272,10188,-22,117,-186,-13788,4112,5472,-1000,141,-80,-14000,-4444,6368,-493,121,-83,0
371.0503950119019,8736,6372,11208,-120,-67,132,7336,-9220,10236,-256,82,-124,-13672,4172,5616,-1030,107,-32,-14080,-4928,6356,-425,103,-100,0
371.0870590209961,8784,6432,11324,-232,10,108,7176,-9332,10344,-17,195,-135,-13856,4124,5688,-979,53,-72,-14016,-4916,6352,-470,125,-138,0
371.1206741333008,8660,6428,11292,-194,-74,86,7388,-9288,10488,-64,192,-181,-13712,4132,5660,-967,77,-84,-14020,-4920,6564,-509,134,-153,0
371.1539840698242,8744,6376,11300,-105,-124,50,7512,-9264,10444,-58,154,-220,-13792,4004,5584,-942,111,-129,-13988,-4896,6304,-499,228,-110,0
371.1874921321869,8932,6376,11392,-135,-145,97,7476,-9136,10260,-18,144,-260,-13728,3956,5620,-933,180,-133,-13956,-4780,6184,-466,295,-101,0
371.22106409072876,8728,6464,11180,-172,-217,87,7484,-9156,10428,-67,118,-335,-13748,4092,5548,-943,184,-192,-13936,-4840,6260,-383,287,-96,0
371.2544219493866,8896,6460,11308,-241,-207,49,7412,-9240,10288,-46,117,-329,-13836,4108,5632,-895,181,-210,-13996,-4876,6256,-398,291,-95,0
371.2880830764771,8836,6424,11096,-208,-195,57,7480,-9304,10392,-83,70,-297,-13660,3932,5836,-917,144,-183,-14088,-4792,6272,-411,225,-118,0
371.3224949836731,8788,6388,11044,-151,-154,43,7564,-9252,10348,-40,114,-258,-14068,3856,5416,-898,111,-173,-14028,-4980,6312,-456,217,-119,0
371.356204032898,8796,6448,11152,-181,-124,60,7508,-9252,10364,-16,152,-255,-13620,4048,5384,-977,155,-149,-14092,-5044,6260,-433,195,-109,0
371.3895430564881,8820,6200,11156,-148,-84,82,7520,-9244,10320,-47,155,-231,-13812,4112,5528,-956,107,-79,-14072,-4768,6196,-432,137,-115,0
371.4288930892945,8892,6404,11424,-175,-50,88,7388,-9240,10224,-50,142,-155,-13868,4108,5492,-981,109,-82,-14000,-4700,6260,-468,123,-113,0
371.4628810882569,8784,6380,11256,-142,-58,115,7428,-9280,10140,-55,143,-142,-13672,4172,5516,-982,105,-71,-14052,-4844,6312,-497,106,-110,0
371.49645805358887,8628,6312,11408,-164,-66,110,7396,-9248,10264,-54,158,-174,-13740,3888,5760,-985,121,-80,-13944,-4940,6272,-459,172,-95,0
371.5300350189209,8928,6336,11008,-163,-97,125,7408,-9176,10308,-49,126,-201,-14044,3912,5596,-943,125,-102,-14056,-4880,6344,-489,170,-85,0
371.56376004219055,8816,6340,11308,-144,-129,99,7484,-9320,10236,-59,106,-235,-13884,4328,5420,-976,138,-76,-14028,-4740,6328,-519,241,-119,0
371.5972340106964,8884,6476,11420,-149,-129,94,7484,-9184,10316,-52,116,-209,-13720,4052,5636,-966,77,-140,-14048,-4816,6236,-526,158,-122,0
371.6306159496308,8820,6472,11440,-97,-66,69,7536,-9308,10320,-34,148,-192,-13948,4172,5452,-994,93,-78,-14004,-4948,6328,-490,164,-128,0
371.6638879776001,8880,6388,11152,-152,-38,56,7520,-9288,10384,-64,154,-204,-13848,4116,5472,-957,102,-101,-14028,-4748,6224,-461,183,-115,0
371.6973919868469,8804,6348,11148,-162,-81,100,7196,-9264,10348,-51,125,-212,-13856,4080,5456,-963,130,-75,-14052,-4720,6280,-498,159,-96,0
371.7310569286347,8976,6372,11156,-144,-90,119,7672,-9260,10460,-37,118,-169,-13940,4044,5612,-1021,97,-62,-13892,-5084,6256,-494,102,-131,0
371.7647500038147,8852,6360,11080,-142,-35,94,7504,-9260,10240,-28,184,-134,-13860,4076,5408,-964,56,-45,-14088,-4800,5996,-259,105,-131,0
371.79832100868225,8784,6480,11152,-128,-49,100,7444,-9272,10428,-46,157,-134,-13700,3992,5564,-1014,80,-73,-13952,-4624,6288,-503,137,-110,0
371.83181595802307,8776,6168,11300,-139,-45,123,7484,-9244,10360,-32,159,-198,-13784,4020,5492,-1020,130,-110,-14028,-4740,6204,-477,196,-117,0
371.8653230667114,8752,6208,11048,-123,-98,114,7468,-9320,10336,-31,91,-234,-13756,4264,5584,-992,164,-86,-14008,-4792,6132,-469,196,-88,0
371.8987030982971,8868,6396,11088,-136,-139,100,7532,-9256,10408,-44,87,-245,-13788,4036,5560,-993,137,-120,-14336,-4788,6240,-441,166,-96,0
371.93240308761597,8832,6448,11300,-181,-135,71,7592,-9280,10160,-28,106,-245,-13856,3908,5756,-942,118,-130,-14044,-4892,6296,-454,206,-114,0
371.966078042984,8476,6356,11256,-174,-114,75,7504,-9328,10424,-33,148,-227,-13916,4132,5588,-924,126,-136,-13992,-4892,6304,-447,188,-99,0
371.9995560646057,8716,6184,11116,-176,-97,120,7564,-9280,10344,-39,157,-243,-13624,4180,5752,-975,106,-137,-14032,-4772,6196,-451,195,-96,0
372.03309202194214,8664,6148,11196,-165,-161,111,7372,-9288,10376,-62,156,-205,-13808,4140,5784,-943,117,-120,-13980,-4868,6320,-492,173,-130,0
372.0667600631714,8784,6332,11464,-133,-119,75,7360,-9328,10292,-70,137,-195,-13848,4104,5472,-978,79,-60,-14104,-4788,6352,-762,147,-101,0
372.1000771522522,8832,6324,11048,-106,-73,101,7544,-9300,10424,-6,131,-169,-14016,4332,5532,-991,75,-99,-13848,-4848,6148,-537,145,-123,0
372.1378400325775,8916,6360,11340,-84,-72,123,7448,-9244,10328,-37,116,-156,-13780,4068,5460,-988,124,-93,-14108,-4764,5960,-513,153,-117,0
372.17340803146357,8900,6288,11212,-137,-36,112,7572,-9424,10000,-16,141,-154,-13840,4040,5584,-992,114,-80,-14116,-4740,6256,-493,107,-109,0
372.2092869281769,8868,6224,11208,-182,-130,111,7584,-9268,10376,-14,157,-144,-13856,4116,5484,-1011,85,-21,-14072,-4660,6268,-508,185,-144,0
372.2444851398468,8896,6404,11364,-193,-96,109,7536,-9304,10408,-33,127,-175,-13628,4056,5596,-1278,153,-91,-14076,-4840,6228,-498,175,-94,0
372.28020310401917,8748,6212,11036,-108,-102,118,7448,-9276,10440,-61,115,-206,-13852,3992,5680,-965,135,-73,-14332,-5056,6184,-522,174,-121,0
372.31509613990784,8932,6344,11192,-109,-105,66,7500,-9276,10280,-81,144,-208,-13928,4036,5536,-964,112,-134,-13976,-4744,6364,-489,188,-108,0
372.3509271144867,8824,6380,11132,-157,-37,61,7600,-9204,10232,-256,148,-175,-13928,4028,5560,-971,104,-89,-14052,-4796,6348,-439,135,-106,0
372.3860349655152,8876,6416,11488,-125,-12,86,7176,-9364,10388,-28,169,-158,-13816,4116,5620,-996,64,-42,-13848,-4916,6444,-461,117,-137,0
372.4218821525574,8744,6400,11400,-176,-95,90,7388,-9332,10252,-83,123,-164,-13772,4200,5436,-966,83,-117,-14092,-4812,6304,-519,149,-116,0
372.457407951355,8844,6448,11356,-121,-131,124,7584,-9332,10376,-62,113,-199,-13836,4156,5588,-994,116,-100,-14060,-4776,6204,-524,161,-92,0
372.4925580024719,8952,6524,11256,-117,-86,124,7496,-9308,10308,-7,122,-157,-13752,4132,5680,-1013,91,-116,-13984,-4828,6324,-520,180,-105,0
372.5274839401245,8864,6348,11328,-117,-76,111,7432,-9276,10236,-17,156,-162,-14044,4056,5592,-986,95,-78,-14084,-4844,6340,-520,128,-115,0
372.5637619495392,8816,6352,11308,-136,-129,143,7496,-9316,10428,-24,89,-198,-13740,4088,5832,-977,119,-93,-13964,-4768,6196,-467,155,-93,0
372.5992910861969,8704,6496,11376,-163,-188,113,7420,-9428,10280,-65,98,-207,-13792,4004,5620,-978,161,-147,-14148,-4956,6312,-496,227,-110,0
372.633938074112,8888,6412,11140,-192,-147,116,7492,-9212,10192,-72,154,-196,-13800,4068,5684,-945,169,-95,-14088,-4780,6248,-476,135,-67,0
372.6694989204407,8876,6356,11248,-134,-184,113,7460,-9364,10324,-86,130,-194,-13828,4136,5484,-976,90,-106,-14032,-4624,6232,-509,149,-91,0
372.7050120830536,8824,6344,11260,-117,-117,103,7488,-9276,10484,-75,117,-190,-13740,4116,5600,-977,96,-59,-14184,-4784,6248,-515,150,-119,0
372.7410521507263,8788,6276,11240,-161,-67,69,7572,-9372,10212,-53,147,-199,-14064,4112,5852,-1003,72,-91,-14004,-4744,6392,-495,137,-138,0
372.77742910385126,8804,6152,11076,-147,-21,38,7652,-9256,10440,-250,159,-155,-13816,4068,5504,-990,76,-77,-14036,-4788,6124,-479,117,-146,0
372.8110530376435,8756,6432,11204,-144,-64,91,7424,-9280,10328,-2,139,-161,-13788,4136,5468,-1032,87,-86,-14068,-4728,6392,-502,220,-100,0
372.84474205970764,8828,6392,11424,-148,-97,125,7440,-9336,10292,-7,120,-199,-13848,4104,5656,-770,169,-102,-14140,-4668,5916,-512,217,-98,0
372.8780879974365,8832,6440,11116,-121,-132,129,7500,-9272,10316,-56,111,-204,-13840,4256,5884,-943,117,-109,-14096,-4748,6144,-551,156,-102,0
372.9114110469818,8864,6428,11420,-147,-155,110,7484,-9288,10336,-44,126,-150,-13852,4020,5472,-1270,81,-42,-14080,-4836,6244,-526,134,-122,0
372.94475412368774,8728,6484,11192,-152,-52,115,7472,-9244,10420,-5,153,-143,-13916,3924,5388,-996,89,-253,-14044,-4848,6288,-265,81,-128,0
372.9780740737915,8800,6460,11240,-135,-26,110,7404,-9360,10332,-89,174,-146,-13796,4076,5612,-998,46,-81,-14072,-4628,6220,-536,140,-162,0
373.0116329193116,8840,6400,11212,-136,-42,62,7452,-9328,10320,-19,155,-174,-13700,4100,5472,-972,87,-106,-13968,-4820,6284,-499,134,-118,0
373.04527401924133,8828,6384,11180,-152,-63,77,7492,-9316,10084,6,137,-176,-13748,4092,5452,-1021,94,-127,-13904,-4868,6364,-454,195,-97,0
373.0787401199341,8736,6592,11124,-163,-67,87,7628,-9260,10180,-49,145,-197,-14040,4084,5532,-977,108,-106,-14036,-4896,6428,-448,131,-114,0
373.1123690605164,8812,6464,11360,-160,-128,88,7376,-9368,10352,-66,153,-175,-13920,4088,5664,-918,113,-122,-14076,-4816,6404,-489,180,-123,0
373.14565992355347,8768,6452,11500,-126,-113,101,7536,-9456,10420,-77,147,-230,-14020,4064,5624,-946,98,-94,-14096,-4724,6312,-481,170,-162,0
373.17906999588007,8816,6324,11112,-170,-125,77,7524,-9284,10404,-19,155,-201,-14076,4072,5392,-997,54,-110,-14136,-4780,6224,-462,164,-130,0
373.21261501312256,8848,6408,11236,-167,-59,104,7492,-9308,10260,-256,108,-169,-13768,4116,5596,-773,67,-82,-13964,-4812,6360,-498,175,-118,0
373.2461140155793,8788,6492,11504,-183,-118,104,7448,-9240,10340,-34,139,-176,-13792,4080,5600,-987,94,-127,-14088,-4788,6352,-766,171,-106,0
373.27969598770136,8772,6360,11372,-126,-83,124,7392,-9316,10164,-53,117,-173,-13848,4320,5456,-986,125,-89,-14048,-4864,6192,-530,170,-101,0
373.3132040500641,8816,6432,11172,-118,-111,130,7472,-9236,10260,-26,136,-170,-13832,4128,5584,-1002,148,-67,-14168,-4736,6280,-487,147,-78,0
373.3467609882355,8688,6424,11188,-154,-97,127,7448,-9332,10296,-44,130,-167,-13828,4020,5400,-1030,103,-91,-13944,-4624,6232,-479,138,-103,0
373.38025093078613,8784,6424,11236,-162,-80,109,7456,-9204,10184,-40,137,-149,-13576,4080,5408,-993,98,-82,-13964,-4808,6168,-765,115,-78,0
373.4136481285095,8888,6352,11268,-104,-123,105,7472,-9212,10400,-82,119,-160,-13840,3884,5560,-961,95,-91,-14264,-4808,6232,-556,115,-135,0
373.44725799560547,8864,6412,11292,-139,-102,110,7568,-9328,10312,-18,156,-176,-13852,4168,5484,-1004,86,-61,-14300,-4864,6176,-471,162,-119,0
373.48060607910156,8688,6416,11172,-163,-52,82,7348,-9212,10196,2,147,-183,-13716,3928,5616,-990,126,-47,-13832,-4832,6312,-504,141,-130,0
373.5141680240631,8744,6368,11328,-121,-135,63,7448,-9284,10292,-54,141,-219,-13892,4132,5792,-998,67,-88,-14332,-4736,6168,-534,192,-138,0
373.54777097702026,8856,6364,11268,-129,-196,70,7620,-9384,10004,-20,165,-216,-13972,4088,5424,-988,55,-154,-14136,-4616,6360,-505,184,-147,0
373.5812089443207,8896,6388,11296,-154,-111,69,7528,-8980,10240,-31,188,-188,-13772,4084,5516,-966,76,-69,-14088,-4780,6376,-467,94,-151,0
373.6147871017456,8932,6436,11220,-169,-55,89,7372,-9224,10372,-14,146,-99,-13796,4292,5536,-942,108,-80,-13984,-4888,6296,-478,119,-84,0
373.64818501472473,8676,6444,11176,-194,-92,126,7364,-9240,10308,-40,90,-190,-13612,4312,5864,-977,174,-68,-13996,-5076,6600,-534,177,-28,0
373.6817021369934,8700,6500,11260,-149,-163,155,7388,-9228,10648,-98,42,-214,-13856,4108,5708,-991,215,-87,-13952,-4664,6564,-561,188,-87,0
373.7153420448303,8812,6420,11180,-61,-157,167,7576,-9288,10380,-64,51,-218,-13856,4008,5592,-1044,150,-85,-14096,-4836,6132,-562,160,-77,0
373.7489719390869,8864,6516,11116,-54,-98,106,7612,-9208,10436,-254,102,-154,-13964,4344,5332,-996,87,-115,-13860,-5024,6212,-565,111,-158,0
373.7822661399841,8948,6328,11224,-124,-32,46,7600,-9216,10244,251,173,-142,-13912,4004,5600,-1026,12,-59,-13912,-4728,6308,-503,121,-150,0
373.8202359676361,8804,6364,11456,-142,-54,53,7628,-9368,10044,-24,213,-171,-14048,4156,5628,-769,47,-100,-14044,-4748,6296,-446,126,-132,0
373.8552031517029,8812,6376,11084,-177,-70,77,7220,-9324,10204,-28,130,-181,-13772,4196,5472,-975,124,-84,-14228,-4808,6248,-437,167,-97,0
373.8907511234284,8772,6336,11228,-173,-169,102,7444,-9248,10236,-73,112,-188,-13760,4284,5592,-999,140,-108,-13864,-4644,6328,-488,169,-116,0
373.92605209350586,8636,6392,11276,-135,-162,127,7460,-9388,10368,-55,126,-206,-13732,4080,5716,-1011,116,-101,-13940,-4772,6464,-459,164,-109,0
373.96246910095215,8768,6432,11124,-129,-100,104,7356,-9316,10304,-31,116,-196,-13904,4144,5532,-1002,84,-74,-13832,-4672,6352,-506,141,-116,0
373.9976289272309,8908,6424,11252,-132,-69,109,7556,-9324,10304,-18,121,-164,-13916,4116,5632,-983,85,-99,-14052,-4792,6296,-762,129,-153,0
374.0336410999298,8732,6452,11244,-126,-102,88,7388,-9340,10296,-18,181,-157,-13796,4048,5592,-771,71,-71,-14328,-4892,6176,-257,144,-135,0
374.06921792030334,8824,6448,11296,-134,-105,112,7216,-9256,10304,-31,157,-177,-13756,3844,5692,-977,93,-124,-14052,-4640,6372,-489,143,-111,0
374.10443115234375,8812,6636,11268,-136,-130,112,7540,-9240,10312,-49,101,-194,-13808,3964,5568,-978,145,-133,-14100,-4792,6180,-509,178,-105,0
374.1402521133423,8836,6416,11232,-150,-157,129,7528,-9216,10296,-34,118,-199,-13792,4036,5488,-1009,122,-78,-14092,-4800,6212,-495,154,-115,0
374.17520403862,8896,6368,11072,-153,-128,99,7344,-9308,10452,-4,120,-187,-13624,4000,5376,-989,76,-131,-14072,-4840,6372,-502,168,-71,0
374.2110569477081,8828,6452,11296,-179,-104,86,7500,-9336,10236,-10,155,-178,-13788,4100,5632,-991,67,-90,-14096,-4808,6320,-491,145,-126,0
374.2473039627075,9112,6400,11048,-131,-85,81,7528,-9288,10288,-55,141,-183,-13756,4312,5700,-992,54,-94,-14060,-4648,6380,-503,140,-141,0
374.2828779220581,8832,6276,11140,-115,-110,78,7424,-9248,10056,-25,146,-176,-14064,3972,5596,-1003,93,-78,-13984,-4824,6388,-491,151,-139,0
374.3180639743805,8864,6364,11124,-149,-57,65,7364,-9268,10324,-11,164,-180,-13784,3908,5792,-1008,116,-64,-14052,-4832,6628,-449,131,-127,0
374.3534009456635,8780,6464,11360,-143,-58,125,7464,-9388,10340,-71,124,-169,-13616,4068,5872,-980,115,-94,-14068,-4816,6308,-507,132,-88,0
374.38872814178467,8836,6360,11220,-124,-88,96,7448,-9328,10068,-83,144,-157,-13952,4124,5616,-995,85,-74,-14284,-4796,6456,-522,153,-120,0
374.42340302467346,8780,6392,11176,-123,-39,105,7572,-9152,10096,-50,122,-116,-13592,4000,5616,-775,81,-105,-13992,-5072,6128,-497,105,-137,0
374.4593000411988,8856,6184,11140,-136,-11,75,7516,-9280,10360,-70,165,-120,-13784,4056,5672,-972,70,-73,-14108,-4848,6200,-521,135,-154,0
374.492604970932,8744,6208,11132,-145,29,27,7284,-9240,10240,-6,194,-140,-13736,4096,5360,-1001,71,-76,-13988,-4828,6284,-470,155,-139,0
374.5261549949646,8832,6648,11008,-220,9,68,7540,-9252,10288,23,191,-152,-13772,4048,5612,-1023,124,-61,-14048,-4884,6616,-452,142,-80,0
374.5597159862518,8452,6448,11336,-223,-103,134,7444,-9372,10712,40,129,-176,-13832,4104,5820,-1018,174,-137,-14020,-4916,6412,-473,178,-4,0
374.5931560993195,8736,6476,11500,-176,-5,187,7496,-9236,10692,-83,60,-243,-13652,4160,5544,-996,208,-194,-14028,-4824,6288,-765,274,-54,0
374.626533985138,8784,6516,11364,-75,-348,171,7400,-9364,10056,-76,93,-274,-14028,4100,5696,-953,182,-175,-14104,-4724,6412,-537,286,-77,0
374.6597709655762,8724,6396,11132,-134,-307,169,7452,-9252,10212,-1,103,-233,-13684,4152,5540,-1008,170,-192,-13928,-4876,6456,-553,275,-28,0
374.6931741237641,8732,6336,11116,-130,-214,173,7368,-9296,10316,13,113,-224,-13684,4152,5500,-1056,202,-203,-13940,-4720,6328,-540,511,-8,0
374.72688007354736,8792,6368,11364,-192,-249,191,7400,-9240,10280,49,35,-271,-13828,4164,5604,-1030,231,-229,-14032,-4684,6256,-527,297,-10,0
374.760488986969,8912,6368,11268,-174,-244,195,7496,-9404,10412,51,38,-287,-13892,4096,5604,-1024,220,-216,-14108,-4792,6236,-574,328,-68,0
374.79390811920166,8900,6476,11124,-150,-270,171,7488,-9040,10424,11,53,-296,-13852,3952,5676,-997,245,-183,-14092,-4704,6104,-534,275,-66,0
374.8274440765381,8812,6292,11120,-127,-243,176,7588,-9184,10460,249,44,-262,-13888,3984,5584,-1280,209,-144,-14108,-4696,6160,-498,232,-81,0
374.86103010177607,8984,6304,11152,-127,-178,120,7672,-9116,10168,-49,57,-231,-13992,4004,5472,-1022,113,-97,-14120,-4752,6052,-479,168,-123,0
374.8942649364472,9184,6404,11104,-193,-57,75,7904,-9092,10144,-33,181,-156,-13936,4032,5524,-966,38,-40,-14120,-4768,6232,-475,54,-194,0
374.9279339313507,9016,6348,11052,-209,132,-246,7440,-9012,10008,-30,240,-98,-13996,4036,5296,-1003,-13,-47,-14172,-4668,5916,-443,57,-171,0
374.9615480899811,8944,6404,11276,-212,74,23,7584,-9368,10336,254,222,-126,-13936,4024,5376,-1028,14,-35,-14196,-4844,6120,-440,148,-170,0
374.995010137558,8916,6488,11272,-170,-32,74,7428,-9380,10428,16,172,-196,-13788,4328,5664,-1048,82,-83,-14096,-4748,6232,-461,183,-107,0
375.0286049842835,8964,6436,11376,-145,-106,99,7664,-9256,10348,-80,133,-208,-13832,4176,5480,-976,109,-77,-13944,-4852,6260,-480,149,-85,0
375.0621430873871,8808,6468,11200,-97,-157,109,7644,-9344,10024,-89,123,-207,-13884,4236,5580,-975,104,-66,-13988,-4832,6176,-496,138,-127,0
375.095871925354,8840,6384,11080,-150,-87,124,7400,-9312,10364,-41,143,-188,-13756,4176,5556,-978,108,-95,-14076,-4780,6280,-504,127,-141,0
375.12929391860956,8784,6476,11140,-139,-49,99,7192,-9260,10224,-9,171,-131,-13844,4040,5684,-1001,95,-60,-14004,-4824,6144,-524,85,-148,0
375.1624779701233,8772,6368,11376,-124,251,73,7488,-9284,10316,-31,178,-155,-13848,3916,5460,-945,71,-76,-13840,-4740,6144,-497,122,-139,0
375.19598507881165,8844,6332,11276,-161,-58,78,7524,-9340,10208,-21,100,-168,-13768,4148,5160,-986,149,-87,-13828,-4700,6336,-511,173,-84,0
375.22972297668457,8840,6376,11208,-129,-98,156,7508,-9232,10208,-54,94,-169,-13928,4272,5600,-1006,190,-76,-14036,-4792,6352,-529,164,-82,0
375.2630910873413,8800,6292,11232,-119,-117,155,7404,-9300,10300,-75,73,-185,-13852,4020,5608,-1007,157,-107,-14120,-4820,6280,-534,145,-95,0
375.296599149704,8884,6396,11244,-107,-99,114,7612,-9256,10296,-67,109,-191,-13956,4016,5588,-1000,126,-122,-14336,-4752,6256,-542,193,-124,0
375.3300549983978,9064,6368,11220,-131,-54,93,7564,-9016,10196,17,144,-171,-13916,3852,5384,-1048,72,-116,-14224,-4800,6316,-494,186,-139,0
375.3637731075287,8900,6440,11136,-155,-70,85,7544,-8980,10340,16,166,-161,-13852,4100,5652,-1002,44,-106,-14080,-4824,6328,-481,134,-184,0
375.3972029685974,8932,6412,11304,-144,-77,33,7572,-9260,10212,-46,234,-185,-13848,4088,5476,-993,-254,-91,-14072,-4756,6196,-460,120,-170,0
375.4307310581207,8852,6460,11120,-177,-79,54,7408,-9176,10476,-27,190,-193,-13788,3856,5800,-985,73,-86,-13956,-4816,6296,-467,201,-118,0
375.464105129242,8856,6416,11272,-165,-113,95,7400,-9180,10304,-56,112,-197,-13764,4108,5548,-1280,124,-89,-14072,-4656,6208,-486,165,-106,0
375.5018711090088,8740,6456,11268,-151,-98,142,7440,-9184,10204,-50,109,-188,-13576,4096,5600,-1007,137,-122,-14008,-4876,6204,-499,186,-116,0
375.5380799770356,8840,6292,11256,-133,-86,120,7168,-9304,10448,-38,138,-179,-13712,4092,5612,-970,95,-106,-14304,-4800,6264,-521,157,-117,0
375.573881149292,8808,6380,11176,-149,-73,132,7456,-9192,10376,-24,125,-181,-13844,4108,5612,-987,143,-83,-13968,-4880,6288,-501,160,-116,0
375.609493970871,8768,6432,11188,-121,-104,122,7380,-9260,10336,-35,129,-166,-14008,4048,5556,-982,121,-82,-14056,-4956,6232,-494,164,-116,0
375.6448950767517,8828,6388,11208,-138,-66,128,7536,-8992,10340,-55,96,-178,-13820,4036,5464,-980,116,-77,-14016,-4628,6188,-506,148,-73,0
375.6802809238434,8848,6400,11304,-179,-103,128,7584,-9000,10236,-65,85,-209,-13856,4004,5464,-999,159,-105,-14312,-4696,6212,-501,156,-100,0
375.71574211120605,9028,6396,11068,-168,-90,120,7564,-9348,10432,-60,98,-195,-13956,4100,5512,-990,121,-80,-13992,-4768,6172,-522,138,-76,0
375.7509109973908,8836,6372,11352,-150,-103,87,7540,-9284,9984,-42,175,-189,-13932,3888,5496,-1003,52,-85,-14124,-4828,6368,-477,154,-137,0
375.7870819568634,8796,6424,11256,-120,-47,89,7564,-9268,10316,-23,158,-152,-13972,4064,5508,-989,17,-115,-14208,-4876,6256,-522,116,-139,0
375.8222999572754,8856,6352,11240,-135,-64,47,7516,-9300,10328,-17,180,-163,-13892,4124,5532,-993,37,-37,-14172,-4728,6184,-500,156,-174,0
375.8575940132141,8848,6392,11156,-161,-40,57,7544,-9288,10484,25,158,-173,-13756,4220,5496,-1006,84,-87,-14040,-4996,6384,-466,151,-133,0
375.8934209346772,8788,6432,11408,-205,-72,115,7332,-9308,10240,-24,147,-155,-13788,4116,5812,-1270,138,-113,-13972,-4876,6360,-476,149,-71,0
375.9292860031128,8928,6400,11016,-169,-93,131,7492,-9308,10256,-89,115,-184,-13616,4336,5704,-934,128,-96,-14000,-4812,6312,-528,156,-111,0
375.96450304985046,8768,6336,11220,-136,-130,108,7476,-9208,10376,-74,149,-157,-13900,4084,5648,-997,101,-145,-14008,-4676,6204,-498,138,-115,0
376.00009107589716,8868,6400,11272,-157,-58,74,7572,-9244,10348,31,123,-190,-13956,4088,5564,-1023,113,-85,-14308,-4740,6208,-257,174,-154,0
376.03582215309143,8980,6380,11156,-111,-81,73,7660,-9372,10160,-20,151,-179,-13824,4312,5472,-1001,84,-68,-14028,-4868,6284,-531,139,-117,0
376.07178807258606,8888,6312,11268,-98,-101,77,7408,-9224,10232,-71,127,-197,-13936,4172,5852,-985,95,-116,-14060,-4820,6288,-468,188,-137,0
376.10790300369257,8904,6368,11300,-153,-88,93,7544,-9320,10176,-55,140,-209,-13828,4220,5436,-981,105,-139,-14140,-4684,6200,-510,199,-100,0
376.1435000896454,8884,6396,11348,-122,-83,118,7504,-9276,10332,-33,141,-163,-13800,4112,5476,-968,92,-132,-14076,-4780,6268,-500,172,-118,0
376.1771619319916,8900,6456,11280,-154,-73,109,7528,-9212,10388,-41,135,-141,-13748,4000,5452,-950,104,-68,-14020,-4876,6356,-518,127,-127,0
376.21060013771057,8696,6508,11128,-139,-79,117,7504,-9340,10316,-63,161,-136,-13848,4108,5456,-912,101,-63,-13848,-4836,6272,-512,162,-96,0
376.24434304237366,8904,6524,11108,-129,-83,106,7496,-9348,10424,-78,120,-166,-13812,4024,5640,-945,106,-81,-14124,-4748,6328,-546,157,-107,0
376.27777695655817,8832,6296,11244,-98,-108,102,7572,-9296,10340,-53,137,-176,-14072,4088,5600,-985,57,-90,-14132,-4772,6304,-528,134,-145,0
376.3113000392914,8868,6420,11240,-108,-56,61,7560,-9200,10224,1,162,-173,-13780,4348,5556,-997,65,-66,-13996,-4724,6328,-493,149,-162,0
376.3446431159973,8804,6436,11160,-178,-19,89,7524,-9068,10256,39,150,-174,-13856,4132,5416,-1003,119,-122,-13932,-4736,6360,-478,154,-48,0
376.37818813323975,8812,6396,11160,-117,-108,116,7456,-9336,9992,-45,104,-178,-14056,3880,5392,-1004,137,-99,-14056,-4760,6196,-525,185,-84,0
376.4117040634156,8832,6328,11240,-127,-151,116,7516,-9236,10320,-19,115,-230,-13608,4108,5600,-1005,151,-118,-14032,-4860,6264,-519,191,-104,0
376.447713136673,8852,6356,11216,-136,-125,128,7464,-9360,10164,-23,108,-182,-13796,4124,5560,-1042,152,-87,-14096,-4720,6000,-529,124,-105,0
376.48172307014465,8900,6444,11200,-117,-102,96,7480,-9280,10240,-23,156,-193,-13848,3988,5432,-1016,105,-80,-14008,-4828,6272,-507,125,-146,0
376.5149469375611,8848,6332,11344,-162,-53,66,7600,-9324,10280,19,175,-171,-13576,4056,5608,-1033,106,-111,-14276,-4740,6316,-468,150,-150,0
376.5485990047455,8836,6376,11160,-190,-59,85,7516,-9308,10260,246,170,-161,-14080,4088,5716,-1005,85,-95,-14064,-4836,6516,-486,111,-131,0
376.5822739601135,8812,6368,11236,-147,-45,114,7424,-9184,10276,-54,132,-147,-13808,4184,5660,-1012,91,-59,-13960,-5032,6268,-514,36,-171,0
376.6157009601593,8828,6340,11112,-109,-33,68,7452,-9292,10472,-101,158,-141,-13748,4312,5748,-998,46,-33,-14028,-4760,6264,-765,79,-188,0
376.6489329338074,8864,6396,11200,-120,20,48,7580,-9184,10312,-42,186,-107,-13768,4040,5676,-1002,44,-62,-14028,-4776,6176,-484,98,-180,0
376.6823310852051,8732,6620,11072,-202,53,88,7472,-9328,10240,3,142,-124,-13824,4052,5672,-1012,122,-81,-14052,-4788,6240,-464,68,-111,0
376.71578097343445,8804,6348,11108,-129,-14,118,7672,-9440,10332,-38,120,-172,-13812,4132,5884,-1014,111,-108,-14048,-4912,6284,-493,143,-111,0
376.7494199275971,8840,6364,11092,-107,-99,116,7660,-9280,10264,-58,137,-190,-14080,3840,5596,-999,93,-82,-14132,-4772,6352,-493,133,-118,0
376.78291201591486,8808,6380,11348,-138,-65,69,7664,-9316,10464,-34,135,-146,-13692,4148,5524,-978,86,-39,-14308,-4776,6260,-476,106,-112,0
376.8165819644928,8784,6312,11272,-160,-42,62,7500,-9416,10132,-28,164,-158,-13840,4024,5580,-957,69,-55,-14044,-4808,6300,-484,133,-122,0
376.8500819206238,8720,6288,11256,-141,-46,92,7232,-9268,10212,-41,149,-155,-13716,3928,5628,-983,59,-82,-14288,-4852,6352,-502,121,-149,0
376.8834550380707,8752,6144,11388,-135,-47,82,7508,-9336,10480,-53,151,-142,-13852,4160,5496,-969,65,-73,-13856,-4792,6444,-504,130,-151,0
376.9168779850006,8752,6184,11288,-138,254,65,7436,-9332,10156,-22,164,-137,-14080,4092,5500,-997,59,-56,-13968,-4836,6328,-258,147,-140,0
376.950434923172,8840,6180,11392,-134,-53,91,7500,-9416,10264,36,135,-169,-13824,4348,5516,-1007,116,-118,-14108,-4824,6292,-766,191,-72,0
376.983875989914,8832,6584,11324,-163,-157,145,7616,-9352,10480,68,97,-218,-13772,4160,5620,-1039,194,-133,-13828,-4888,6336,-511,258,-47,0
377.01736402511597,8952,6468,11360,-107,-2,188,7444,-9400,10300,-15,71,-278,-13724,4088,5536,-1062,208,-196,-14028,-5104,6268,-262,268,-38,0
377.0511801242829,8920,6408,11216,-51,-332,178,7468,-9276,10168,-50,68,-237,-13752,4040,5552,-1024,154,-156,-13976,-4816,6272,-537,215,-53,0
377.0844991207123,8804,6288,11292,-81,-500,162,7188,-9204,10300,-28,122,-224,-13960,3992,5600,-1009,135,-155,-13920,-4800,6212,-549,203,-69,0
377.1180169582367,8852,6432,11088,-114,-144,140,7420,-9204,10196,33,144,-194,-13736,4064,5508,-1032,123,-104,-14056,-4876,6304,-543,179,-58,0
377.15328097343445,8808,6512,11340,-132,-163,125,7504,-9332,10292,35,123,-217,-13852,4164,5580,-1032,211,-156,-14084,-4852,6228,-561,234,-66,0
377.1891920566559,8956,6428,10772,-142,-205,160,7516,-9228,10324,-26,45,-231,-13756,4176,5352,-1007,230,-136,-14128,-4756,6300,-545,233,-13,0
377.22409296035767,8880,6348,11176,-132,-251,206,7564,-9168,10464,-5,22,-242,-13932,4088,5440,-1280,213,-151,-14020,-4812,6276,-512,208,-27,0
377.25946712493896,8868,6412,11148,-173,-232,198,7488,-9240,10300,-23,-16,-237,-13956,4104,5564,-1030,234,-150,-13992,-4844,6384,-530,198,-28,0
377.2950830459595,8856,6300,11268,-146,-511,185,7612,-9240,10188,-22,34,-230,-13932,4104,5540,-1027,159,-165,-14064,-4728,6256,-550,235,-69,0
377.33064103126526,8940,6332,11260,-113,-224,186,7576,-9352,10380,14,49,-223,-13848,4116,5488,-1045,163,-121,-14076,-4700,6340,-542,241,-56,0
377.36594796180725,8928,6340,11088,-114,-203,153,7504,-9288,10208,252,55,-203,-13924,4320,5284,-1052,138,-121,-14028,-4712,6208,-523,152,-54,0
377.401407957077,8932,6360,11132,-102,-112,141,7592,-9264,10268,20,103,-175,-13644,4080,5492,-1019,107,-74,-14008,-4696,6348,-502,148,-109,0
377.4374940395356,8880,6152,11040,-112,-9,94,7640,-9228,10260,-1,98,-107,-13924,3976,5356,-1023,78,-238,-14040,-4812,6180,-555,47,-165,0
377.4728441238404,8812,6236,11024,-121,104,76,7604,-9188,10124,-30,153,-77,-13792,3992,5352,-1046,98,35,-14296,-4708,6356,-476,89,-96,0
377.50923895835876,8932,6356,11204,-196,72,143,7604,-9296,10176,34,118,-81,-13852,4088,5508,-975,192,226,-14176,-4768,6172,-496,130,-64,0
377.5442810058594,8940,6404,11264,-135,-73,160,7508,-9292,10336,255,70,-168,-13896,4016,5620,-1033,139,-76,-14144,-4876,6296,-511,159,-114,0
377.57986998558044,8872,6408,11160,-124,-93,124,7572,-9288,10364,-15,144,-152,-13876,4044,5420,-967,138,-46,-14336,-4824,6320,-576,155,-133,0
377.6149549484253,8720,6620,11020,-81,-117,110,7508,-9216,10296,-45,110,-185,-13612,4048,5428,-992,148,-90,-14004,-4848,6512,-564,173,-119,0
377.6503939628601,8944,6344,11084,-102,-88,92,7432,-9256,10300,10,131,-160,-13584,4016,5680,-1013,109,-90,-13980,-5120,6188,-502,132,-149,0
377.68562197685236,8804,6420,11272,-133,-55,71,7460,-9292,10296,-12,141,-172,-13860,4160,5548,-996,109,-115,-14052,-4772,6272,-519,133,-163,0
377.72126412391657,8900,6400,11280,-113,-75,57,7536,-9220,10356,-4,168,-168,-13940,4044,5716,-999,28,-109,-14040,-4824,6256,-528,161,-176,0
377.7561089992523,8824,6488,11104,-130,-32,58,7184,-9264,10432,19,195,-188,-13756,3984,5376,-1037,67,-80,-14292,-4624,6204,-499,182,-114,0
377.79197597503656,8804,6352,11340,-116,-81,104,7188,-9248,10484,248,129,-192,-13860,4052,5508,-1023,148,-125,-14052,-4744,6220,-258,224,-90,0
377.82747507095337,8792,6312,11128,-132,-102,98,7444,-9236,10180,-30,61,-222,-13856,4012,5532,-965,185,-104,-14300,-4652,6172,-514,160,-77,0
377.8611090183258,8964,6184,11108,-131,-64,150,7556,-9444,10252,-31,66,-152,-13936,4116,5496,-1035,138,-86,-14208,-4728,6196,-498,116,-102,0
377.8944640159607,9028,6164,11148,-111,-35,115,7604,-9276,10152,-10,100,-133,-13900,4044,5480,-1006,52,229,-14160,-4848,6308,-492,45,-136,0
377.92811012268066,9016,6408,11036,-160,36,106,7592,-9308,10308,-13,211,-53,-14064,4168,5468,-1002,24,26,-13996,-4756,6276,-534,48,-147,0
377.96160101890564,8892,6484,11184,-96,-253,85,7452,-9280,10388,-6,246,-100,-13804,4032,5440,-1004,33,-43,-14104,-4832,6224,-544,56,-162,0
377.99490594863886,8852,6360,11304,-120,247,79,7508,-9304,10236,26,215,-61,-13704,3868,5384,-1060,43,-44,-13984,-4736,6232,-546,94,-120,0
378.0286049842835,8876,6408,11268,-98,-8,105,7184,-9296,10412,32,194,-117,-13716,4124,5832,-1075,67,-65,-13952,-4860,6232,-538,107,-145,0
378.06225204467773,8740,6184,11128,-103,-16,117,7656,-9224,10316,-16,158,-120,-13864,4104,5676,-1068,84,-93,-13992,-5020,6392,-577,113,-141,0
378.0956521034241,8712,6476,11140,-80,-44,126,7468,-9344,10348,255,96,-151,-13824,4152,5648,-1028,77,-71,-13956,-4772,6612,-583,131,-141,0
378.129203081131,8840,6384,11472,-47,-73,116,7612,-9312,10456,15,156,-136,-13600,3868,5540,-1057,88,-107,-14072,-4836,6380,-611,159,-112,0
378.1624159812927,8748,6420,11196,-22,-99,160,7396,-9244,10452,56,78,-133,-13752,4100,5496,-1086,153,-146,-14056,-4876,6376,-613,189,-50,0
378.1959810256958,8756,6444,11188,-66,-111,227,7408,-9208,10332,29,-255,-127,-13628,4072,5356,-1080,200,-151,-14320,-5052,6320,-577,198,-50,0
378.229572057724,8992,6272,11220,-27,-130,179,7616,-9284,10200,-34,-17,-156,-13892,4100,5448,-1056,196,-50,-14192,-4696,6312,-718,102,-126,0
378.26315093040466,8820,6404,11292,-11,-132,178,7572,-8972,10184,35,49,-121,-13952,4020,5792,-1121,80,-101,-14144,-5076,6176,-610,143,-120,0
378.2967851161957,8968,6328,10844,17,-108,150,7676,-9156,10480,-26,81,-151,-13808,4052,5464,-1000,159,-92,-14288,-4720,6208,-647,144,-127,0
378.3302731513977,8976,6396,11240,-23,-89,157,7596,-9160,10248,-11,72,-112,-13964,3904,5392,-1072,113,-43,-14204,-4804,6132,-540,125,-110,0
378.36398911476135,9040,6512,11148,-62,-7,133,7616,-9128,10272,-21,132,-97,-13616,3860,5472,-1049,86,-37,-14260,-4840,6136,-543,84,-101,0
378.39742493629456,8944,6188,11092,-75,142,97,7476,-9172,10352,252,133,-65,-13900,4024,5508,-990,95,4,-14132,-4944,6296,-541,43,-90,0
378.43104600906366,8860,6516,11436,-84,64,131,7592,-9360,10420,-27,68,-125,-13844,4056,5668,-1048,148,-35,-14124,-4988,6372,-540,85,-103,0
378.46454000473017,8888,6516,11384,-54,-40,127,7456,-9352,10256,-27,129,-119,-14008,4400,5708,-992,181,43,-14044,-5016,6396,-615,62,-138,0
378.4978060722351,8608,6448,11276,-46,-75,102,7412,-9332,10224,46,169,-115,-13748,4180,5628,-1061,61,-55,-13924,-4852,6340,-754,164,-161,0
378.5313761234284,8616,6420,11104,-53,-38,63,7420,-9260,10360,15,166,-125,-13696,4160,5556,-1010,53,-34,-13936,-4892,6516,-546,65,-122,0
378.5648720264435,8708,6544,11460,-121,60,74,7296,-9320,10356,14,172,-89,-13708,4124,5800,-1018,27,-22,-13936,-4992,6484,-498,32,-159,0
378.598140001297,8632,6488,11372,-179,55,68,7244,-9352,10144,-24,212,-84,-13772,4156,5788,-977,22,-34,-13904,-5020,6316,-257,44,-191,0
378.63162803649897,8572,6572,11284,-161,-27,45,7420,-9352,10372,-72,232,-148,-13804,4104,5592,-946,-248,-74,-13948,-4964,6368,-517,72,-193,0
378.6650149822235,8636,6528,11100,-128,-42,-7,7428,-9220,10472,-70,213,-167,-13832,4020,5612,-947,-40,-134,-13944,-4960,6212,-527,106,-233,0
378.698303937912,8804,6456,11244,-114,-127,13,7516,-9200,10400,-27,226,-212,-13892,3996,5540,-928,11,-192,-14316,-4932,6288,-539,182,-209,0
378.731822013855,8856,6564,11228,-117,-140,40,7432,-9440,10292,-11,98,-310,-13792,3948,5536,-923,162,-233,-13976,-4740,5896,-548,271,-88,0
378.76526403427124,9192,6636,11128,-21,-272,127,7908,-9260,10252,-19,255,-302,-14000,4012,5204,-1015,235,-236,-14328,-4648,6128,-561,379,-45,0
378.79872393608093,9188,6144,11172,-66,-276,175,7812,-9228,10108,52,250,-287,-14008,4036,5200,-1087,251,-150,-14264,-4812,6316,-592,288,-44,0
378.8344070911408,8984,6608,11076,-109,-173,239,7756,-9176,10208,110,23,-162,-13964,4064,5364,-1095,223,-98,-14128,-4656,6308,-548,135,-67,0
378.8706319332123,9180,6620,11252,-153,-45,210,7684,-9164,10236,55,126,-39,-13996,4148,5584,-1116,104,33,-14172,-4908,6336,-568,20,-121,0
378.90555906295776,8796,6432,11268,-198,8,119,7508,-9292,10152,252,215,-256,-13804,3976,5676,-1029,-14,-53,-14048,-4928,6280,-532,-15,-184,0
378.94129610061646,8780,6424,11036,-157,33,100,7360,-9296,10308,250,200,-48,-13772,4040,5612,-1065,-8,-18,-13888,-5016,6388,-471,59,-150,0
378.9776129722595,8580,6596,11196,-188,-30,77,7364,-9236,10332,9,206,-159,-13652,3980,5864,-1043,32,-105,-13876,-4904,6384,-416,160,-172,0
379.01259112358093,8540,6584,11164,-205,-106,33,7240,-9148,10420,-22,195,-509,-13656,3868,5756,-938,82,-158,-13872,-5016,6556,-432,226,-171,0
379.0477950572968,8652,6412,11100,-132,-184,14,7220,-9288,10440,-84,186,-310,-13712,4140,5684,-952,89,-124,-13972,-5064,6264,-513,256,-134,0
379.0835270881653,8640,6464,11308,-125,-174,60,7360,-9248,10256,-35,97,-275,-13728,3968,5544,-997,159,-160,-14072,-4848,6396,-507,268,-91,0
379.11947894096375,8856,6560,11216,-109,-155,130,7448,-9096,10308,-69,46,-252,-13788,3984,5568,-989,213,-122,-14272,-4884,6236,-495,233,-86,0
379.1552400588989,9032,6356,11212,-231,-127,101,7524,-9328,10356,-75,100,-220,-13900,4044,5364,-934,204,-54,-13988,-4776,6344,-558,214,-60,0
379.190819978714,8892,6476,11096,-170,-94,154,7584,-9328,10264,-36,89,-182,-14044,4044,5584,-993,195,-79,-14080,-4736,6164,-530,165,-39,0
379.225830078125,8900,6372,11500,-80,-126,149,7704,-9376,10168,-117,43,-207,-13972,3956,5884,-944,177,-74,-14176,-4844,6348,-470,150,-111,0
379.26182293891907,8920,6448,11144,-171,-142,97,7424,-8976,10260,-108,140,-196,-13956,4072,5848,-977,64,-59,-14132,-4828,6164,-491,138,-150,0
379.2980799674988,9008,6492,11140,-134,-66,58,7516,-9224,10312,-51,173,-142,-14004,4056,5624,-977,-2,-99,-14040,-4912,6180,-442,101,-193,0
379.3336880207062,8788,6524,11200,-168,-34,61,7444,-9204,10240,13,155,-164,-13980,3956,5384,-969,75,-66,-13972,-4928,6240,-453,108,-110,0
379.36959409713745,8780,6576,11288,-116,-66,30,7236,-9364,10460,-53,189,-208,-13816,3960,5624,-939,84,-73,-14052,-4964,5984,-428,202,-83,0
379.4051201343537,8836,6452,11168,-154,-170,66,7188,-9268,10296,-61,125,-511,-13748,4340,5612,-918,155,-104,-14116,-4652,6312,-492,219,-93,0
379.44030594825745,8664,6316,11504,-188,-146,134,7432,-9288,10472,-42,39,-239,-13652,4116,5572,-1002,510,-143,-13980,-4864,6420,-407,255,-39,0
379.475487947464,8692,6428,11124,-179,-153,147,7496,-9348,10300,-4,59,-279,-13820,4348,5580,-983,505,-186,-14156,-4884,6432,-442,216,-78,0
379.511246919632,8840,6492,11052,-193,-186,97,7432,-9276,10340,-32,125,-226,-13936,4108,5696,-972,101,-162,-14300,-4672,6368,-521,216,-139,0
379.54477405548096,8736,6412,11484,-159,-156,54,7440,-9252,10332,-15,157,-238,-13960,4180,5436,-955,82,-175,-14140,-4832,6288,-257,143,-206,0
379.57830905914307,8812,6192,11200,-127,-116,8,7460,-9296,10424,16,219,-228,-13876,3992,5564,-979,-255,-124,-14028,-4864,6352,-514,180,-190,0
379.6119599342346,8928,6476,11108,-104,-128,53,7484,-9408,10120,12,197,-220,-13900,4084,5480,-995,24,-113,-14044,-4848,6288,-553,157,-165,0
379.6450791358948,8764,6516,11156,-103,-100,64,7484,-9144,10236,-52,137,-215,-13712,3948,5384,-939,135,-92,-13952,-4884,6200,-472,154,-73,0
379.6787259578705,8908,6540,10976,-151,-123,116,7540,-9148,10336,-116,124,-200,-13844,3972,5416,-939,145,-106,-14040,-4912,6232,-440,122,-63,0
379.712170124054,9008,6564,11208,-201,-130,130,7516,-9156,10416,-85,111,-207,-13912,4052,5496,-970,171,-119,-14336,-4684,6180,-460,159,-93,0
379.74566102027893,8944,6500,11332,-191,-86,100,7528,-9304,10232,-73,160,-205,-14004,3912,5584,-957,90,-85,-14020,-4776,6392,-486,127,-137,0
379.77899193763733,8828,6492,11072,-100,-88,32,7440,-9212,10316,-105,170,-204,-14076,4048,5576,-929,73,-79,-13904,-4952,6244,-433,162,-133,0
379.8126139640808,8760,6488,11168,-205,-84,15,7560,-9176,10268,-56,179,-229,-13844,3904,5444,-934,115,-73,-13936,-4636,6368,-402,201,-90,0
379.8461549282074,8880,6372,11316,-5,-34,47,7436,-9204,10436,-64,131,-224,-13788,4116,5592,-941,164,-76,-14300,-4824,6332,-423,196,-86,0
379.8796811103821,8812,6588,11224,-187,-73,107,7540,-9388,10192,-66,124,-201,-13588,4120,5728,-935,165,-107,-14008,-4924,6412,-459,158,-71,0
379.91292810440063,8764,6412,11220,-173,-134,101,7432,-9312,10184,-71,140,-189,-14028,4148,5764,-974,66,-118,-14020,-4656,6624,-488,131,-156,0
379.96573400497437,8816,6416,11224,-114,-89,102,7500,-9320,10348,33,166,-152,-13748,3908,5664,-981,51,-93,-13960,-4896,6244,-505,128,-127,0
380.0091090202332,8584,6352,11252,-139,-69,85,7372,-9268,10248,-66,144,-177,-14064,4128,5460,-952,90,-103,-14020,-4792,6292,-544,128,-135,0
380.04261708259577,8800,6396,11324,-99,-146,83,7480,-9256,10220,-68,164,-213,-13844,4080,5408,-973,62,-113,-14068,-4660,6264,-473,214,-126,0
380.0765459537506,8880,6372,11092,-173,-175,115,7532,-9288,10260,-38,133,-231,-13932,4320,5472,-1001,105,-84,-14204,-4672,6212,-560,168,-85,0
380.1100859642029,9016,6652,11112,-152,-111,151,7596,-9404,10252,6,86,-128,-13964,4188,5548,-1279,113,-43,-14320,-4700,6328,-608,148,-87,0
380.14342498779297,8916,6460,11136,-97,-90,204,7512,-9260,10328,50,43,-99,-13768,4080,5400,-987,194,-65,-14236,-5112,6348,-530,99,-21,0
380.1771111488342,8784,6632,11356,-150,-124,204,7540,-9272,10084,-67,26,-193,-13872,3972,5632,-981,226,-104,-14012,-4864,6128,-514,217,-5,0
380.21077299118036,8788,6456,11216,-200,-226,195,7560,-9184,10168,-104,103,-211,-13876,3932,5484,-979,154,-75,-14004,-4936,6176,-523,234,-63,0
380.24442791938776,8908,6436,11120,-203,-198,142,7472,-9184,10284,-21,132,-224,-13608,4012,5384,-973,133,-65,-14000,-4972,6280,-490,190,-100,0
380.27781414985657,8824,6400,11136,-146,-104,98,7472,-9232,10268,8,159,-165,-13932,4072,5464,-1042,56,-119,-14252,-5024,6168,-529,136,-178,0
380.3112599849701,8796,6508,11288,-110,-17,76,7572,-9224,10356,4,177,-143,-13748,4124,5460,-982,12,-79,-14152,-4852,6424,-522,74,-171,0
380.34474205970764,8776,6504,11152,-112,28,86,7416,-9452,10176,-57,148,-102,-13728,4164,5572,-966,12,-21,-13944,-4852,6288,-518,32,-149,0
380.37818908691406,8792,6616,11340,-127,30,89,7432,-9240,10356,-112,179,-18,-13748,4268,5708,-1003,-38,94,-13996,-4812,6512,-564,4,-156,0
380.4118111133576,8912,6396,11260,-183,114,112,7384,-9232,10188,-21,210,30,-13784,4020,5344,-1014,9,126,-13984,-4892,6340,-596,-56,-183,0
380.4453830718994,8768,6400,11252,-52,158,128,7172,-9236,10404,-35,229,16,-13828,4188,5596,-1047,21,43,-13892,-4792,6352,-624,-2,-163,0
380.4789230823517,8868,6408,11320,-47,53,142,7552,-9320,10272,-65,176,-37,-13788,4348,5352,-984,65,28,-14016,-4688,6296,-714,15,-155,0
380.51495814323425,9104,6356,11352,16,-49,199,7296,-9272,10376,-128,-32,-90,-13660,4004,5444,-1097,73,-34,-14020,-4816,6164,-587,147,-22,0
380.55011892318726,8868,6180,11144,-106,-145,243,7536,-9180,10328,-56,33,-166,-13884,3980,5400,-1041,226,-88,-14096,-4932,6172,-499,162,-17,0
380.5860090255737,8896,6472,11440,-126,-96,176,7636,-9224,10380,-59,81,-181,-13956,4064,5664,-941,158,-49,-13948,-4964,6308,-259,79,-112,0
380.6218850612641,8780,6356,11380,-110,-58,89,7536,-9336,10324,-71,169,-189,-13600,3892,5728,-968,25,-84,-13952,-4800,6292,-518,124,-247,0
380.6575770378113,8688,6420,11276,-144,-45,-9,7492,-9220,10352,-58,244,-154,-13740,4076,5448,-1021,-87,-68,-13916,-4880,6320,-534,96,-238,0
380.6928460597992,8908,6548,11056,-100,120,-28,7488,-9292,10476,-14,264,-88,-13892,4064,5452,-997,-19,21,-13976,-4928,6348,-762,255,-236,0
380.72768092155457,8880,6440,11372,-95,119,-11,7504,-9336,10308,0,3,-97,-13764,4128,5448,-959,-33,-83,-13904,-4648,6408,-483,51,-199,0
380.7635200023651,8792,6496,11416,-155,87,33,7560,-9416,10284,3,237,-66,-13832,4276,5596,-1081,-44,16,-14028,-4884,6160,-540,80,-181,0
380.7996890544892,8760,6472,11288,-96,-249,100,7392,-9432,10404,59,174,-24,-13812,4172,5756,-1064,-247,-244,-13960,-4852,6468,-605,76,-148,0
380.8348789215088,8620,6416,11436,-65,248,164,7292,-9356,10292,102,79,-51,-13644,4308,5772,-1096,108,-83,-13852,-4916,6512,-595,34,-112,0
380.8704171180725,8536,6504,11512,-48,-56,173,7188,-9452,10048,-24,74,-100,-13808,4212,5732,-1092,59,-88,-13944,-5296,6620,-578,87,-83,0
380.90543603897095,8632,6520,11556,-89,-143,115,7412,-9420,10504,31,158,-150,-13748,4112,6076,-1064,11,-139,-13952,-5028,6496,-562,140,-185,0
380.94079995155334,8604,6508,11440,-74,-145,72,7276,-9284,10420,50,261,-177,-13824,4120,5812,-1020,-13,-124,-13968,-4976,6324,-587,197,-142,0
380.976154088974,8676,6544,11120,-83,-184,92,7648,-9236,10332,62,175,-262,-13732,3948,5548,-1010,67,-189,-13948,-5052,6172,-595,280,-82,0
381.0121791362763,8816,6552,11080,-141,-285,165,7368,-9196,10220,11,-9,-307,-13728,4032,5520,-954,295,-167,-13992,-4740,6368,-564,289,-253,0
381.04801297187805,8924,6392,11100,-131,-324,226,7664,-9276,10000,-2,-62,-331,-13892,4044,5604,-993,279,-218,-14016,-4864,6172,-532,357,-13,0
381.0833611488342,9048,6364,11080,-181,-296,207,7608,-9448,10300,63,-4,-302,-13972,4056,5548,-1044,253,-212,-14164,-5092,6272,-555,333,-41,0
381.1189270019532,9028,6420,11252,-102,-298,200,7932,-9300,10164,64,36,-248,-14096,3948,5500,-1083,186,-182,-14184,-4856,6256,-543,287,-85,0
381.1540560722351,8984,6624,11100,-130,-231,181,7676,-9336,9996,94,75,-195,-13832,4064,5616,-1111,111,-194,-14152,-4788,6244,-566,235,-88,0
381.1896750926972,8740,6436,11436,-135,-187,160,7512,-9164,10412,107,81,-173,-13956,3976,5548,-1071,106,-190,-13964,-5008,6288,-259,173,-97,0
381.2230291366577,8956,6464,11232,-108,-169,92,7544,-9208,10392,80,145,-226,-13596,3852,5616,-1022,84,-183,-14312,-5068,6152,-438,159,-180,0
381.256896018982,8716,6608,11268,-166,-165,55,7184,-9144,10344,17,213,-218,-13848,4008,5744,-949,-18,-106,-13920,-5196,6252,-400,205,-184,0
381.290167093277,8904,6584,11500,-223,-219,13,7272,-9156,10464,-28,196,-258,-13572,3988,5656,-977,65,-181,-13876,-5092,6228,-412,284,-138,0
381.3236799240113,8752,6484,11204,-193,-201,250,7408,-9196,10360,-23,183,-326,-13728,4136,5444,-932,150,-233,-13988,-4928,6288,-446,316,-160,0
381.3573660850525,8732,6352,11192,-93,-189,15,7180,-8984,10300,-33,171,-311,-13752,4288,5584,-995,134,-192,-13956,-4844,6344,-516,263,-175,0
381.39078402519226,8768,6372,11156,-89,-123,36,7648,-9004,10184,-7,125,-252,-13720,4208,5352,-1000,110,-159,-14008,-4764,6308,-271,178,-166,0
381.4243130683899,8828,6380,11260,-122,15,69,7460,-9268,10332,28,163,-201,-13808,4096,5592,-990,151,-151,-14236,-4744,6376,-452,112,-139,0
381.46244502067566,8828,6464,11284,-180,-12,108,7536,-9308,10232,38,154,-146,-13584,3940,5440,-1039,120,-65,-14180,-4876,6236,-462,159,-110,0
381.49673008918757,8916,6464,11348,-143,-82,101,7536,-9340,10472,-20,152,-149,-13908,4024,5664,-1022,83,-59,-14156,-4980,6332,-543,127,-146,0
381.5302169322968,8816,6520,11240,-74,-88,101,7484,-9472,10284,-39,217,-160,-14004,4108,5644,-971,4,-93,-14124,-4980,6292,-558,116,-199,0
381.56380796432495,8856,6400,11136,-93,-27,45,7392,-9256,10264,-17,199,-132,-13784,4068,5548,-1021,-45,-54,-14020,-5116,6572,-549,86,-218,0
381.5973629951477,8688,6500,10776,-63,71,45,7432,-9228,10428,253,196,-111,-13760,3848,5636,-991,32,-56,-13936,-5000,6272,-529,51,-194,0
381.6307671070099,8876,6424,11116,-100,108,46,7544,-8968,10212,-15,224,-81,-13792,4188,5700,-1028,-36,14,-14060,-4960,6604,-535,30,-210,0
381.66416692733765,8860,6556,11156,-120,137,58,7492,-9196,10408,14,510,19,-14060,4112,5696,-1055,-51,69,-13976,-4756,6576,-568,-29,-262,0
381.6977400779724,8804,6540,11236,-118,200,83,7452,-9172,10256,-50,149,34,-14032,4196,5704,-1259,-42,87,-14072,-4968,6152,-590,-107,-229,0
381.73134994506836,8868,6452,11140,-133,244,87,7564,-9168,10368,-59,161,60,-13708,4012,5612,-989,-38,80,-14020,-5000,6392,-556,-118,-234,0
381.7647590637207,8584,6528,11252,-117,215,47,7488,-9256,10260,-16,199,-82,-13844,3920,5816,-824,-75,-17,-13924,-5020,6328,-531,-57,-280,0
381.79806303977966,8484,6484,11096,-56,109,-9,7488,-9300,10300,-7,249,-127,-13704,3980,5592,-986,-86,-60,-13928,-5028,6044,-550,84,-265,0
381.8315579891205,8860,6516,11060,-73,20,-21,7640,-9092,10216,-69,179,-118,-13636,4088,5512,-1183,-100,-45,-14008,-5004,6328,-547,163,-508,0
381.8649270534516,8760,6520,11116,-57,93,10,7328,-9216,10432,249,-25,-100,-13692,3860,5568,-1149,-24,-15,-13844,-5088,6332,-512,57,-241,0
381.8982391357422,8676,6468,11468,-103,111,17,7664,-9240,10392,30,198,-109,-13696,4304,5868,-1009,50,-34,-13888,-4968,6436,-482,48,-222,0
381.93194699287415,8656,6456,11308,-98,107,15,7320,-9272,10464,-68,97,-85,-13724,4132,5596,-1049,39,255,-13944,-4940,6636,-494,29,-210,0
381.9653971195221,8536,6552,11392,-151,61,84,7244,-9372,10388,-110,178,-114,-13652,4164,5824,-972,51,232,-14076,-5252,6384,-418,92,-132,0
381.99897813796997,8656,6604,11316,-172,-13,66,7404,-9296,10224,-99,162,-158,-13728,4116,5840,-981,75,-24,-13868,-5084,6344,-464,163,-159,0
382.03251910209656,8632,6424,11048,-131,-92,68,7292,-9308,10376,-87,176,-186,-13672,4204,5648,-945,89,-80,-13924,-5000,6168,-494,169,-114,0
382.06606101989746,8684,6500,11324,-116,-74,77,7248,-9280,10340,-56,130,-188,-13728,3908,5700,-984,121,-66,-13912,-5040,6332,-482,154,-139,0
382.1000390052796,8644,6628,11204,-114,-57,83,7344,-9168,10288,-25,159,-139,-13620,4164,5772,-966,55,-26,-13880,-5140,6144,-473,83,-162,0
382.1335029602051,8756,6636,11168,-195,40,45,7364,-9340,10280,-68,166,-132,-13864,4068,5668,-917,84,-41,-13848,-5124,6436,-432,43,-146,0
382.1671171188355,8496,6676,11440,-221,77,29,7376,-9276,10428,-109,216,-176,-13712,4040,5844,-835,61,240,-13936,-5096,6320,-373,87,-129,0
382.20396399497986,8644,6620,11516,-241,-31,11,7372,-9208,10484,-140,298,-173,-13740,4220,5756,-862,-3,-33,-13932,-5348,6344,-373,103,-177,0
382.2394931316376,8608,6612,11256,-234,-22,-29,7360,-9264,10412,-125,290,-181,-13784,4048,5688,-843,-41,-44,-14004,-5136,6304,-371,66,-218,0
382.2753140926361,8596,6604,11128,-243,-12,-71,7236,-9252,10452,-117,228,-204,-13640,4124,5736,-841,5,-58,-13820,-5056,6456,-354,108,-148,0
382.3113291263581,8564,6516,11312,-4,-25,-24,7456,-9388,10380,-89,316,-218,-13836,4080,5640,-823,35,-64,-14000,-4984,6288,-358,175,-194,0
382.34736514091486,8724,6472,11220,-222,-56,-38,7420,-9372,10424,-54,380,-246,-13748,4240,5756,-822,-12,-118,-13960,-4860,6304,-376,213,-197,0
382.38290214538574,8448,6448,11308,-277,-111,-61,7384,-9220,10436,-3,339,-247,-13692,4344,5832,-956,246,-145,-14012,-5008,6508,-417,258,-164,0
382.41769099235535,8468,6532,11588,-183,-149,40,7208,-9296,10284,2,250,-258,-13708,4196,5952,-932,38,-174,-13936,-5372,6472,-380,239,-171,0
382.4534120559693,8556,6560,11308,-215,-193,-40,7216,-9236,10360,-106,348,-306,-13764,4100,5860,-829,27,-203,-13904,-5000,6640,-344,229,-232,0
382.4892580509186,8536,6472,11124,-293,-96,-54,7116,-9184,10408,-51,317,-314,-13812,4316,5688,-869,41,-121,-14076,-4868,6472,-372,240,-168,0
382.52434992790216,8284,6548,11212,-232,-104,14,7412,-9260,10368,-62,230,-234,-13540,4184,5688,-960,122,-133,-13792,-5064,6608,-336,169,-76,0
382.5595190525055,8556,6548,11452,-220,-105,57,7276,-9428,10376,-45,249,-253,-13680,4148,5680,-820,134,-98,-13892,-5212,6512,-396,172,-115,0
382.5948441028595,8676,6588,11428,-224,-158,39,7292,-9404,10328,-142,270,-278,-13644,4224,5740,-849,67,-104,-14012,-4964,6440,-432,218,-107,0
382.6307020187378,8680,6428,11372,-222,-137,72,7240,-9308,10300,-78,204,-232,-13580,4264,5548,-915,88,-111,-13976,-5064,6492,-444,232,-76,0
382.66557002067566,8544,6464,11224,-188,-88,113,7208,-9376,10364,253,144,-511,-13664,4192,5864,-1061,150,-156,-13936,-4980,6436,-483,206,-72,0
382.7013320922852,8512,6420,11372,-161,-162,98,7408,-9292,10260,-14,315,-210,-13988,4220,5972,-872,70,-71,-13880,-5072,6436,-535,151,-149,0
382.7375400066376,8596,6464,11440,-150,-114,115,7264,-9448,10460,13,199,-172,-13744,4272,5684,-960,58,-118,-13840,-4920,6476,-481,167,-142,0
382.7723309993744,8548,6584,11412,-184,-123,98,7332,-9272,10452,-33,200,-178,-13680,4168,5664,-969,92,-57,-13876,-5176,6420,-455,195,-111,0
382.8077230453491,8536,6596,11276,-186,-139,96,7260,-9296,10524,-45,128,-226,-13628,4136,6048,-986,109,-134,-13828,-5080,6364,-459,191,-84,0
382.8442361354828,8624,6516,11460,-191,-146,106,7232,-9308,10236,-99,80,-240,-13628,4156,5760,-948,153,-153,-14020,-4972,6312,-492,176,-60,0
382.87771797180176,8436,6540,11288,-182,-197,95,7196,-9244,10436,-71,72,-252,-13652,4208,5664,-932,155,-79,-13936,-5068,6540,-467,196,-117,0
382.91094303131104,8612,6500,11324,-188,-172,78,7336,-9300,10420,-61,107,-194,-13780,4144,5868,-966,136,-111,-13980,-4984,6488,-436,208,-67,0
382.9445350170136,8576,6412,11412,-191,-99,81,7232,-9368,10316,255,171,-227,-13700,4160,5848,-980,122,-130,-13960,-5004,6500,-435,202,-86,0
382.97815704345703,8564,6520,11416,-227,-101,91,7340,-9440,10688,28,111,-222,-13684,4252,5664,-773,159,-160,-13992,-4980,6520,-489,208,-67,0
383.0113549232483,8500,6516,11372,-162,-221,151,7332,-9432,10432,78,99,-177,-13760,4352,5724,-1085,141,-104,-14016,-5024,6628,-534,208,-79,0
383.04490399360657,8552,6528,11740,-117,-161,170,7340,-9296,10244,253,62,-158,-13728,4332,5872,-1033,133,-53,-13932,-5048,6444,-570,111,-94,0
383.0784111022949,8600,6500,11384,-84,-163,175,7340,-9228,10396,-46,132,-171,-13776,4196,5780,-1004,137,-96,-13600,-5104,6604,-553,149,-90,0
383.1117651462555,8524,6484,11268,-137,-172,149,7268,-9260,10296,3,191,-198,-13656,4048,5720,-960,132,-113,-13936,-4952,6528,-507,225,-62,0
383.1451950073242,8568,6404,11384,-221,-197,151,7292,-9372,10292,-254,90,-215,-13716,4140,5844,-1020,178,-163,-13872,-5016,6388,-501,207,-46,0
383.1787071228028,8664,6504,11256,-196,-248,178,7356,-9236,10468,7,66,-225,-13756,4188,5848,-1016,184,-124,-13948,-4936,6348,-463,191,-61,0
383.2121639251709,8736,6468,11248,-213,-234,153,7328,-9308,10344,-24,114,-254,-13812,4096,5636,-972,152,-127,-14072,-5072,6284,-506,235,-47,0
383.2455389499665,8760,6404,11128,-184,-276,139,7168,-9288,10284,-21,113,-1,-13716,4084,5636,-1010,184,-185,-14020,-4884,6356,-485,282,-51,0
383.2791850566864,8672,6388,11204,-185,-241,151,7328,-9328,10328,55,74,-273,-13812,3860,5868,-1044,213,-178,-14008,-4976,6344,-470,268,-49,0
383.31247115135193,8680,6420,11296,-150,-206,167,7288,-9272,10336,3,64,-216,-13792,4136,5784,-1020,162,-126,-13852,-5008,6328,-488,195,-76,0
383.34578800201416,8604,6504,11484,-169,-157,136,7332,-9304,10396,14,132,-171,-13784,3856,5652,-1000,92,-82,-13984,-4968,6344,-488,137,-140,0
383.3793449401856,8548,6548,11208,-208,-103,90,7176,-8996,10344,7,180,-208,-13596,4184,5844,-981,76,-87,-13924,-4984,6224,-483,143,-122,0
383.4125709533692,8696,6552,11292,-166,-87,89,7232,-9332,10424,-11,172,-164,-13736,4120,5820,-981,82,-140,-14068,-5120,6464,-517,169,-125,0
383.4459869861603,8648,6500,11032,-133,-105,106,7280,-9184,10320,-32,161,-196,-13756,4060,5784,-998,145,-127,-14064,-4996,6644,-478,145,-130,0
383.47971510887146,8672,6472,11336,-136,-108,113,7276,-9272,10364,-77,102,-195,-13700,4096,5768,-996,125,-87,-13880,-4912,6268,-475,125,-128,0
383.5131380558014,8616,6500,11108,-137,-35,84,7388,-9384,10004,-80,133,-183,-13792,4176,5772,-954,123,-43,-14044,-5028,6364,-491,133,-165,0
383.5467641353607,8804,6652,11020,-171,17,65,7324,-9316,10340,-26,152,-129,-13740,4188,5720,-981,80,-13,-14092,-4932,6360,-492,141,-186,0
383.5803771018982,8696,6504,11328,-161,53,84,7364,-9356,10420,-39,160,-151,-13712,4252,5716,-996,107,-16,-14044,-5308,6452,-479,114,-139,0
383.6136870384217,8448,6460,11492,-107,5,95,7304,-9400,10460,-74,145,-107,-13804,4228,5796,-1012,98,-49,-13864,-4936,6556,-768,134,-144,0
383.6473391056061,8640,6384,11396,-129,1,73,7272,-9328,10348,-49,145,-121,-13648,4220,5668,-1045,47,-77,-14044,-4944,6320,-524,104,-154,0
383.680871963501,8600,6504,11488,-73,-31,100,7376,-9192,10540,-39,148,-157,-13580,4056,5840,-1008,98,-44,-13888,-5016,6444,-520,111,-137,0
383.7142250537873,8576,6508,11504,-91,-97,102,7384,-9016,10272,-102,162,-158,-13760,3940,5720,-997,75,-35,-13920,-5048,6288,-520,125,-151,0
383.7478790283203,8616,6252,11248,-117,-62,83,7600,-9268,10316,-41,153,-163,-13628,4232,5600,-996,88,-29,-14076,-4940,6376,-477,120,-113,0
383.78142309188837,8652,6372,11372,-119,20,78,7256,-9264,10324,-15,151,-96,-13796,4112,5684,-1042,77,-42,-14008,-5132,6500,-762,60,-137,0
383.81481909751886,8548,6440,11368,-114,64,91,7304,-9008,10272,-53,173,-81,-13760,4284,6116,-960,46,-30,-13792,-5044,6524,-482,26,-156,0
383.84812712669367,8500,6416,11548,-151,45,76,7336,-9368,10392,-66,200,-100,-13668,4212,5904,-958,24,-35,-13932,-5156,6312,-263,73,-190,0
383.8847761154175,8624,6500,11396,-119,-24,21,7180,-9300,10460,-72,232,-160,-13748,4168,5800,-951,11,-74,-14076,-5024,6356,-543,151,-202,0
383.92012906074524,8680,6516,11504,-130,-65,54,7144,-9260,10352,-32,181,-186,-13572,4140,5452,-992,92,-109,-14076,-5068,6640,-543,199,-157,0
383.9554669857025,8504,6436,11296,-96,-112,85,7280,-9364,10356,-17,98,-204,-13588,4040,5612,-981,145,-138,-13992,-4952,6548,-483,183,-125,0
383.99086809158325,8516,6544,11236,-130,-149,119,7328,-8988,10344,-50,111,-248,-13728,4088,5652,-975,155,-146,-14048,-5052,6444,-441,219,-107,0
384.0275239944458,8684,6440,11040,-128,-92,90,7332,-9372,10380,-12,99,-169,-13832,4252,5672,-769,124,-76,-14060,-4876,6380,-508,143,-110,0
384.0630121231079,8624,6488,11464,-122,-4,109,7372,-9252,10352,-43,103,-117,-13836,4196,5952,-995,93,-5,-13932,-5304,6520,-530,73,-112,0
384.09883403778076,8584,6436,11560,-112,255,103,7304,-9384,10452,-90,144,-92,-13812,4176,5844,-1016,40,-50,-13908,-5012,6384,-524,99,-171,0
384.13426303863525,8608,6520,11316,-99,-28,93,7260,-9296,10328,-54,167,-129,-13676,4248,5764,-1016,27,-45,-13960,-5044,6448,-529,104,-154,0
384.1699731349945,8612,6560,11356,-144,-33,114,7316,-9360,10428,-33,155,-115,-13644,4224,5856,-1011,106,-84,-13828,-5020,6472,-513,133,-88,0
384.20497393608093,8516,6372,11424,-145,-53,133,7380,-9256,10412,-4,88,-150,-13740,4212,5760,-1008,154,-108,-13884,-5096,6616,-464,162,-83,0
384.24117708206177,8560,6580,11444,-150,-113,149,7276,-9312,10376,-31,96,-209,-13732,4248,5872,-770,171,-89,-13956,-5088,6500,-520,213,-117,0
384.27726697921753,8516,6444,11436,-144,-174,139,7324,-9332,10360,22,114,-243,-13660,4268,5904,-1040,137,-155,-13916,-4916,6200,-550,274,-67,0
384.3120031356812,8632,6436,11452,-91,-235,135,7336,-9328,10520,26,131,-242,-13624,4032,5976,-1034,157,-158,-13948,-5064,6496,-508,221,-66,0
384.3482460975647,8564,6488,11528,-126,-231,135,7328,-9292,10460,-30,98,-265,-13752,4112,5780,-962,176,-136,-13980,-5108,6472,-500,224,-89,0
384.3832700252533,8592,6408,11240,-183,-205,131,7280,-9304,10312,-13,135,-250,-13652,4244,5732,-954,125,-158,-13932,-5040,6312,-498,198,-123,0
384.4188599586487,8660,6520,11248,-162,-188,127,7260,-9268,10332,-12,122,-219,-13588,4096,5748,-990,100,-105,-13908,-5088,6356,-514,134,-70,0
384.45494508743286,8520,6584,11276,-213,-195,169,7272,-9472,10412,-35,74,-251,-13688,4128,5680,-971,224,-96,-13888,-4960,6340,-499,197,9,0
384.4903731346131,8672,6464,11360,-180,-303,198,7344,-9332,10452,-51,1,-2,-13656,4096,5580,-1021,299,-239,-13624,-5252,6384,-473,328,81,0
384.52711296081543,8700,6440,11272,-170,-341,243,7332,-9256,10260,46,-86,-281,-13704,4188,5552,-1125,342,-162,-13988,-5108,6324,-456,337,69,0
384.5606601238251,8736,6468,11256,-158,-249,255,7180,-9164,10316,13,-82,-242,-13716,4260,5800,-1105,308,-130,-13944,-4928,6476,-539,220,16,0
384.5941050052643,8740,6400,11360,-145,-197,201,7512,-9248,10472,16,10,-180,-14080,4236,5764,-1064,205,-130,-14104,-4932,6488,-528,119,-62,0
384.6277229785919,8660,6352,11384,-149,-127,148,7360,-9336,10348,-255,131,-190,-13864,4272,5812,-780,85,-99,-14028,-4980,6280,-570,144,-99,0
384.66113114357,8748,6492,11228,-161,-141,132,7360,-9264,10492,10,186,-157,-13676,4160,5656,-1015,57,-99,-13988,-5068,6620,-532,171,-106,0
384.69441103935236,8564,6488,11036,-148,-127,129,7332,-9124,10292,-12,167,-179,-13612,4148,5656,-993,114,-75,-13808,-5060,6268,-491,166,-83,0
384.7279510498047,8632,6552,11300,-178,-158,116,7240,-9264,10228,-55,106,-215,-13648,4168,5652,-959,159,-138,-13876,-4980,6392,-468,181,-97,0
384.7617311477661,8636,6444,11240,-169,-157,145,7332,-9324,10468,-40,100,-231,-13644,4176,5712,-975,150,-178,-13876,-4968,6332,-505,233,-121,0
384.79531693458557,8496,6420,11208,-118,-168,99,7176,-9224,10240,-22,114,-6,-13768,4032,5784,-975,108,-173,-14072,-4960,6308,-491,242,-157,0
384.8288910388947,8692,6508,11252,-112,-118,75,7472,-9144,10144,-57,116,-228,-13748,3988,5580,-971,122,-153,-13944,-5000,6248,-491,205,-157,0
384.8622190952301,8820,6400,11184,-148,-54,78,7440,-9116,10396,-45,131,-174,-13716,4048,5640,-1004,82,-47,-14108,-4832,6244,-505,151,-143,0
384.895348072052,8748,6360,11148,-140,-34,105,7432,-9228,10252,-9,84,-152,-13828,4140,5716,-1047,97,-59,-13964,-4920,6252,-538,120,-127,0
384.9289391040802,8740,6480,11100,-119,3,117,7428,-9248,10468,7,111,-121,-13876,4124,5736,-1058,122,-56,-14056,-4952,6360,-517,95,-139,0
384.9623899459839,8952,6532,11436,-69,-9,123,7484,-9252,10560,-65,155,-98,-13800,4056,5808,-1029,85,232,-14052,-4904,6220,-596,79,-139,0
384.9960479736328,8744,6420,11396,-92,33,107,7392,-9276,10440,-31,128,-70,-13760,4188,5680,-1011,120,-29,-13984,-4984,6404,-511,54,-99,0
385.02989506721497,8732,6348,11240,-115,76,132,7380,-9280,10392,-53,103,-69,-13724,4136,5656,-1038,136,4,-13920,-5052,6192,-493,22,-114,0
385.06347012519836,8624,6516,11296,-128,9,125,7376,-9284,10092,-54,189,-103,-13796,4092,5772,-986,61,-255,-13980,-4936,6464,-481,64,-161,0
385.09725904464716,8580,6484,11480,-172,5,49,7384,-9272,10552,-63,201,-121,-13672,4172,6044,-982,10,-20,-14000,-5128,6336,-463,78,-178,0
385.1306109428406,8672,6504,11304,-166,10,6,7316,-9336,10492,-102,0,-159,-13828,4192,5772,-941,-36,-107,-13952,-4884,6416,-468,138,-227,0
385.16397213935846,8628,6520,11212,-124,-54,-8,7388,-9272,10508,-68,249,-196,-13812,3892,5888,-958,-21,-135,-13980,-4932,6368,-471,155,-183,0
385.1975200176239,8528,6392,11324,-98,-18,-7,7252,-9248,10300,-70,211,-220,-13560,4136,5692,-936,19,-145,-13912,-4976,6516,-484,175,-160,0
385.2310709953308,8580,6480,11416,-115,-67,27,7268,-9332,10372,-25,154,-197,-13664,4176,5712,-953,92,-81,-13904,-4992,6368,-481,167,-129,0
385.264701128006,8696,6484,11500,-109,-51,78,7316,-9288,10340,-25,131,-195,-13680,4156,5632,-951,139,-54,-13968,-4972,6304,-491,133,-91,0
385.29810404777527,8592,6468,11300,-128,-78,70,7352,-9244,10240,-52,136,-183,-13624,4244,5412,-945,145,-83,-14012,-4940,6348,-503,147,-112,0
385.3315050601959,8712,6428,11296,-129,-65,150,7348,-9376,10400,-47,103,-125,-13716,4220,5848,-1022,146,-86,-13976,-4936,6404,-535,140,-77,0
385.3648700714112,8656,6444,11172,-87,-63,168,7364,-9380,10100,-30,103,-107,-13784,4240,5668,-1060,130,-60,-13988,-4960,6380,-537,76,-89,0
385.3985409736633,8592,6464,11236,-92,24,143,7324,-9380,10184,-12,120,-70,-13720,4348,5780,-1036,95,240,-13956,-5048,6500,-543,27,-137,0
385.4320340156555,8592,6460,11416,-109,19,123,7252,-9320,10536,247,169,-86,-13700,3972,5752,-1020,35,-1,-13920,-5180,6432,-540,43,-152,0
385.4655511379242,8568,6504,11460,-115,10,67,7280,-9248,10396,-15,205,-134,-13832,4072,5796,-1020,29,-34,-13904,-5184,6412,-515,121,-167,0
385.499076128006,8524,6584,11584,-140,-50,78,7212,-9260,10264,-49,183,-153,-13648,4192,5800,-978,32,-92,-13792,-5092,6356,-489,141,-113,0
385.5324800014496,8584,6536,11384,-106,-84,71,7324,-9252,10456,-29,152,-175,-13632,4196,5680,-994,81,-109,-14032,-4992,6472,-491,169,-148,0
385.56906509399414,8480,6500,11392,-186,-124,98,7244,-9352,10292,13,91,-226,-13628,4176,5824,-1044,150,-117,-13916,-4916,6344,-453,187,-58,0
385.6049840450287,8612,6568,11312,-198,-163,120,7372,-9408,10368,-19,145,-241,-13764,4176,5732,-969,153,-157,-13984,-5028,6408,-476,249,-66,0
385.6407420635224,8624,6644,11324,-163,-214,102,7248,-9376,10468,-18,123,-275,-13668,4196,5872,-947,186,-203,-13992,-5016,6392,-478,253,-62,0
385.676197052002,8516,6536,11344,-127,-225,118,7288,-9328,10428,253,92,-222,-13644,4264,5820,-1009,148,-106,-13976,-4968,6584,-469,185,-87,0
385.71233105659485,8604,6428,11356,-150,-171,140,7304,-9328,10444,-15,98,-193,-13660,4148,5652,-974,173,-96,-13908,-4928,6460,-508,151,-74,0
385.74821996688837,8696,6508,11348,-222,-175,159,7276,-9308,10308,-13,110,-179,-13720,4256,5748,-952,190,-120,-13928,-4952,6436,-503,204,-53,0
385.7834119796753,8636,6172,11308,-184,-173,170,7292,-9328,10380,-46,74,-197,-13832,4112,5832,-993,192,-120,-13952,-4956,6260,-477,192,-57,0
385.8194439411164,8596,6428,11348,-159,-209,187,7280,-9268,10228,21,42,-217,-13588,4024,5448,-987,206,-159,-13656,-5000,6272,-513,249,-27,0
385.85447907447815,8668,6432,11292,-112,-252,190,7288,-9368,10316,-12,46,-265,-13816,4348,5680,-1279,219,-168,-13852,-5056,6652,-506,266,-251,0
385.88971614837646,8732,6420,11332,-156,-241,172,7320,-9316,10412,249,38,-270,-13664,4132,5760,-1026,220,-175,-14052,-4924,6464,-499,239,-23,0
385.9248600006104,8724,6440,11280,-138,-238,157,7452,-9292,10412,9,78,-233,-13904,4264,5716,-1042,197,-152,-13988,-4920,6212,-503,244,-28,0
385.9608080387116,8760,6436,11472,-158,-236,157,7360,-9340,10268,14,122,-224,-13748,4228,5960,-773,152,-124,-13948,-4660,6280,-500,223,-43,0
385.9961230754852,8620,6516,11228,-183,-207,173,7428,-9352,10484,-2,61,-221,-13740,4152,5804,-1013,209,-163,-13964,-4896,6396,-474,171,-22,0
386.0318760871887,8540,6424,11512,-126,-186,157,7256,-9268,10268,-36,80,-224,-13692,4176,5632,-1027,163,-80,-14020,-4952,6304,-265,169,-62,0
386.06807112693787,8684,6336,11280,-152,-234,165,7304,-9288,10480,11,81,-224,-13632,4044,5592,-1280,154,-130,-13860,-4904,6412,-491,201,-81,0
386.1034750938416,8584,6480,11196,-82,-189,141,7284,-9240,10176,12,65,-229,-13740,3900,5640,-1014,183,-142,-13968,-5064,6376,-524,224,-52,0
386.1393361091614,8740,6648,11340,-143,-210,113,7416,-9152,10608,-12,120,-246,-13768,4000,5600,-1033,179,-122,-13936,-4932,6372,-499,191,-84,0
386.1741180419922,8796,6508,11148,-158,-144,131,7516,-9148,10444,-43,102,-221,-13872,4028,5580,-985,142,-84,-14044,-4940,6292,-496,150,-115,0
386.2108359336853,8812,6532,11212,-177,-41,121,7384,-9272,10436,-20,89,-199,-13760,4012,5540,-1014,128,-37,-13936,-4896,6296,-480,155,-133,0
386.244432926178,8700,6432,11156,-144,-36,80,7436,-9212,10368,-50,124,-165,-13808,4072,5732,-1027,77,-61,-14028,-4708,6196,-475,158,-152,0
386.27811193466187,8796,6364,11320,-179,-43,79,7200,-9220,10336,-44,202,-183,-13724,4244,5632,-985,55,-87,-14056,-4944,6348,-767,151,-159,0
386.3116879463196,8680,6392,11260,-99,-50,38,7424,-9268,10244,-14,153,-160,-14044,4252,5760,-993,70,-100,-13932,-4892,6400,-524,141,-172,0
386.3452820777893,8684,6416,11324,-83,-43,79,7416,-9328,10296,-32,115,-156,-13648,4120,5516,-1015,99,-86,-14040,-4664,6176,-543,147,-121,0
386.3787610530853,8764,6388,11176,-90,-19,97,7380,-9252,10464,-14,125,-146,-13708,4208,5584,-1021,131,-71,-13980,-5072,6288,-542,169,-112,0
386.41215991973877,8684,6372,11320,-113,-39,147,7412,-9336,10416,-29,120,-126,-13572,4124,5556,-1025,120,-47,-13984,-4940,6640,-566,160,-127,0
386.4456160068512,8752,6392,11352,-121,-55,137,7316,-9312,10400,-10,147,-146,-13788,4136,5820,-1032,98,-69,-13856,-4988,6156,-542,134,-122,0
386.4990191459656,8904,6400,11356,-103,-54,114,7300,-9336,10388,-33,92,-157,-13768,4132,5720,-1025,126,-57,-14048,-5008,6328,-537,131,-121,0
386.53290510177607,8928,6368,11320,-94,-67,111,7364,-9292,10476,-60,141,-160,-13816,4048,5792,-990,102,-71,-14000,-4948,6448,-554,172,-164,0
386.5666170120239,8488,6472,11300,-111,-80,115,7260,-9172,10488,-14,132,-164,-13796,4112,5600,-1005,131,-82,-14024,-5028,6344,-489,164,-124,0
386.6001150608063,8820,6408,11220,-114,-49,79,7460,-9168,10276,-51,141,-192,-13772,3872,5684,-998,92,-50,-13948,-5012,6248,-487,150,-137,0
386.6334800720215,8908,6484,11204,-137,-35,77,7444,-9248,10280,-69,154,-178,-13748,4140,5828,-991,92,-130,-13948,-5056,6368,-483,146,-166,0
386.66725397109985,8768,6500,11216,-152,-45,46,7456,-9244,10400,-76,165,-183,-13584,4096,5824,-975,48,-109,-13960,-4948,6240,-502,162,-162,0
386.700670003891,8904,6400,11044,-140,-17,62,7320,-9220,10280,-48,147,-164,-13844,4108,5788,-1020,71,-70,-14028,-4868,6276,-481,185,-145,0
386.7341229915619,8476,6516,11252,-130,-54,41,7452,-9224,10288,-42,167,-187,-13848,4068,5740,-968,83,-42,-13948,-4900,6416,-490,136,-127,0
386.76764392852783,8760,6472,11300,-118,-60,51,7384,-9348,10380,-55,188,-167,-13784,4112,5640,-1009,64,-56,-14280,-4912,6368,-531,130,-110,0
386.8009750843048,8500,6504,11356,-71,-26,104,7592,-9020,10468,-37,136,-150,-13748,4196,5908,-975,72,-85,-13940,-4684,6512,-257,114,-120,0
386.8344831466675,8656,6492,11252,-118,-41,114,7328,-9356,10484,-36,132,-139,-13768,4120,5548,-1004,111,-54,-13940,-4980,6448,-510,94,-77,0
386.8682589530945,8772,6488,11276,-157,-80,150,7320,-9396,10380,-41,137,-131,-13804,4192,5676,-1008,116,-66,-13984,-4908,6460,-517,125,-91,0
386.9013171195984,8692,6408,11204,-172,-83,125,7392,-9384,10376,-256,129,-127,-14012,4244,5688,-1056,110,-40,-13924,-5016,6648,-556,148,-100,0
386.934739112854,8548,6588,11412,-111,-97,149,7276,-9228,10384,12,104,-188,-13708,4052,5684,-991,207,-103,-13936,-4988,6304,-529,202,-53,0
386.9683361053467,8588,6504,11468,-111,-261,171,7280,-9224,10536,-32,71,-273,-13672,3860,5844,-955,206,-213,-13880,-4908,6372,-767,310,-14,0
387.00172114372253,8616,6492,11268,-189,-274,188,7364,-9288,10256,-32,48,-314,-13756,4156,5564,-957,212,-215,-13980,-5088,6372,-459,285,-32,0
387.0350430011749,8660,6428,11260,-148,-293,130,7520,-9172,10264,-37,88,-267,-13604,3928,5656,-940,157,-201,-14264,-5048,6404,-422,218,-100,0
387.06881093978876,8640,6520,11188,-218,-242,85,7400,-9156,10380,-22,171,-288,-13720,4280,5752,-890,94,-175,-13900,-4980,6352,-437,222,-106,0
387.1022491455078,8816,6568,11500,-215,-246,83,7336,-9408,10336,-58,128,-280,-13832,4188,5632,-970,121,-190,-14240,-4940,6200,-454,241,-97,0
387.1354689598084,8816,6468,11288,-210,-228,79,7468,-9160,10368,-28,112,-304,-13688,3848,5708,-1001,149,-192,-13976,-4928,6192,-447,2,-32,0
387.169007062912,8808,6444,11112,-161,-209,103,7344,-9088,10260,-23,73,-299,-13740,3996,5696,-972,136,-173,-13892,-4684,6640,-498,236,-63,0
387.2023251056671,8688,6480,11316,-141,-233,109,7568,-9072,10228,-60,82,-272,-13688,4096,5808,-989,168,-156,-13872,-5100,6320,-480,248,-63,0
387.23825311660767,8724,6384,11188,-170,-189,130,7332,-9352,10080,-39,86,-217,-13752,4196,5616,-769,160,-147,-14284,-4748,6360,-262,211,-89,0
387.27387499809265,8824,6356,11172,-104,-142,134,7436,-9300,10196,-27,91,-204,-13852,4188,5620,-970,151,-75,-13964,-4836,6164,-500,161,-80,0
387.3097810745239,8796,6428,11180,-116,-65,141,7224,-9140,10416,-25,126,-144,-13632,4080,5596,-1007,148,-90,-14052,-5016,6580,-513,102,-85,0
387.344936132431,8828,6360,11192,-176,-29,113,7516,-9264,10360,-46,144,-144,-13884,4100,5652,-969,107,-19,-14060,-4648,6552,-453,92,-128,0
387.3803050518036,8736,6516,11320,-162,16,66,7436,-9208,10312,-62,167,-169,-13784,4040,5720,-954,86,-80,-13868,-4640,6220,-485,141,-140,0
387.4153909683228,8788,6460,11416,-185,-23,81,7468,-9356,10240,-14,191,-195,-13784,4048,5588,-990,77,-83,-14004,-4776,6208,-476,202,-161,0
387.45082211494446,8464,6464,11452,-138,-72,69,7644,-9020,10340,-34,160,-214,-13760,4072,5632,-952,65,-81,-13920,-5036,6368,-464,167,-178,0
387.48619508743286,8760,6500,11480,-197,-72,57,7484,-9192,10364,-69,156,-211,-13872,4128,5508,-922,118,-103,-13980,-4888,6260,-439,154,-96,0
387.5219030380249,8756,6516,11212,-152,-108,80,7396,-9308,10468,-59,120,-213,-14040,4172,5796,-969,94,-85,-13884,-4908,6224,-512,194,-148,0
387.5579750537873,8768,6428,11092,-142,-113,93,7644,-9244,10436,-50,197,-155,-13728,4196,5500,-969,78,-111,-13856,-4752,6372,-502,139,-128,0
387.5932149887085,8740,6480,11232,-119,-48,63,7432,-9188,10268,-19,176,-147,-13756,4124,5704,-988,35,-52,-13992,-5096,6304,-765,90,-146,0
387.62878799438477,8788,6436,11144,-152,-28,53,7416,-9396,10556,-31,228,-169,-13720,4040,5672,-958,85,-89,-13976,-5080,6636,-467,160,-150,0
387.6637399196625,8728,6512,11376,-176,-45,75,7336,-9280,10248,-36,154,-199,-14080,3912,5684,-992,108,-66,-13972,-4864,6244,-506,182,-160,0
387.6999311447144,8448,6492,11012,-127,-79,66,7460,-9284,10396,-29,161,-173,-13812,3976,5624,-977,86,-77,-13968,-4656,6304,-502,150,-147,0
387.73526406288147,8672,6492,11292,-160,-81,87,7432,-9244,10296,-22,159,-183,-13664,4196,5876,-970,115,-108,-13984,-4884,6372,-489,149,-136,0
387.7710659503937,8808,6596,11332,-115,-75,65,7660,-9324,10424,-74,161,-198,-13776,4128,5812,-954,55,-84,-13848,-4932,6164,-498,126,-139,0
387.80611395835876,8780,6384,11304,-141,-83,75,7408,-9232,10352,-43,193,-209,-13784,4164,5464,-955,42,-118,-13992,-5020,6236,-511,174,-184,0
387.841961145401,8556,6420,11484,-138,-70,76,7656,-9252,10440,-53,184,-202,-13676,4176,5684,-958,49,-97,-13960,-4736,6292,-480,155,-163,0
387.8791570663452,8764,6480,11256,-159,-121,46,7328,-9264,10288,-38,198,-179,-13808,4164,5708,-995,62,-70,-14312,-5024,6652,-495,179,-174,0
387.9121170043945,8732,6444,11200,-166,-49,81,7396,-8968,10400,-26,196,-195,-13700,4092,5540,-968,120,-91,-14040,-4912,6308,-487,154,-127,0
387.9455311298371,8772,6516,11356,-144,-93,99,7404,-9028,10320,-66,146,-169,-13892,4316,5684,-969,125,-79,-14016,-4992,6308,-515,157,-90,0
387.9792239665985,8576,6528,11100,-120,-77,131,7316,-8976,10280,-36,138,-179,-13728,4284,5404,-979,113,-103,-13980,-4984,6272,-540,150,-111,0
388.0127730369568,8540,6420,11160,-156,-95,133,7408,-9232,10284,-53,144,-177,-13828,4304,5672,-963,118,-46,-14008,-5068,6188,-447,132,-86,0
388.04602313041687,8780,6548,11400,-173,-72,88,7672,-9164,10416,-64,160,-167,-13736,4076,5624,-954,115,-53,-14024,-4920,6604,-438,142,-79,0
388.07987213134766,8776,6484,11308,-145,-71,116,7520,-9372,10420,-72,126,-160,-13724,4228,5604,-989,119,-57,-13920,-5028,6272,-471,107,-102,0
388.1133270263672,8684,6484,11256,-144,-41,113,7376,-9236,10256,-81,120,-173,-13660,4064,5728,-979,119,-82,-13828,-4940,6428,-459,186,-101,0
388.1467819213867,8736,6468,11328,-147,-70,81,7604,-9200,10400,-19,115,-170,-13792,4120,5708,-940,111,-82,-14048,-4904,6184,-491,114,-126,0
388.1804630756378,8700,6388,11344,-165,-88,92,7464,-9328,10264,-30,170,-153,-13892,4080,5676,-1006,60,-61,-13956,-5116,6552,-489,172,-132,0
388.21391892433167,8480,6384,11312,-171,-63,70,7380,-9228,10464,-33,138,-151,-13796,4224,5504,-991,70,-92,-14072,-4836,6368,-480,143,-124,0
388.24752712249756,8728,6508,11332,-140,-66,91,7364,-9256,10216,-56,189,-151,-13800,4096,5404,-985,91,-73,-13924,-5016,6352,-479,120,-138,0
388.2808871269226,8708,6436,11296,-179,-63,88,7380,-9308,10432,-87,156,-173,-13720,4120,5708,-934,101,-94,-13932,-5120,6380,-472,151,-144,0
388.3142831325531,8756,6252,11280,-178,-52,125,7396,-9280,10396,-33,171,-176,-13652,4128,5840,-998,112,-116,-13936,-4928,6304,-477,152,-59,0
388.3480169773102,8792,6516,11232,-160,-54,121,7348,-9204,10288,-69,157,-158,-13780,4344,5688,-955,92,-64,-14080,-4968,6476,-461,88,-97,0
388.38151812553406,8652,6452,11228,-187,-45,87,7356,-9040,10324,-70,154,-134,-13696,4192,5648,-930,66,19,-13912,-4980,6316,-473,84,-115,0
388.4149339199066,8588,6484,11112,-169,-54,92,7288,-9216,10432,-101,179,-150,-13704,4308,5652,-978,84,-35,-13920,-5008,6392,-494,113,-127,0
388.44825410842896,8904,6432,11024,-149,-47,98,7356,-9200,10568,-51,173,-169,-13700,4160,5684,-986,86,-94,-14036,-5104,6252,-455,187,-94,0
388.48166012763977,8944,6424,11344,-160,-77,139,7412,-9312,10296,-71,77,-161,-13628,4220,5748,-1015,148,-77,-13836,-4956,6372,-516,161,-105,0
388.5151381492615,8600,6420,11352,-122,-98,139,7384,-9284,10288,-58,120,-169,-13800,4048,5648,-970,126,-75,-13912,-4920,6364,-491,166,-79,0
388.5487689971924,8628,6424,11304,-127,-121,117,7420,-9360,10380,-38,98,-194,-13784,4176,5696,-974,174,-72,-13908,-4860,6360,-495,157,-86,0
388.5821859836579,8712,6164,11196,-128,-91,84,7672,-9272,10388,-18,100,-186,-13800,4124,5660,-984,121,-74,-14040,-4856,6304,-489,188,-85,0
388.6156709194184,8724,6472,11248,-133,-91,93,7656,-9336,10480,4,151,-199,-13788,4120,5608,-984,98,-120,-13980,-4884,6352,-481,144,-161,0
388.6489670276642,8696,6364,11388,-152,-72,55,7348,-9280,10280,-26,160,-213,-13680,4180,5392,-971,57,-110,-13984,-4924,6284,-468,160,-141,0
388.6822619438172,8688,6412,11280,-157,-99,46,7360,-9360,10332,-58,182,-214,-13760,4164,5688,-978,65,-70,-13976,-4916,6600,-441,159,-168,0
388.71577405929565,8700,6500,11328,-159,-92,25,7416,-9344,10392,-39,181,-228,-13800,4188,5976,-943,73,-90,-13904,-5020,6344,-466,170,-143,0
388.74918007850647,8740,6420,11388,-164,-106,61,7292,-9276,10296,-25,199,-227,-13664,4164,5700,-968,105,-104,-13880,-4904,6628,-472,205,-119,0
388.78283500671387,8744,6536,11360,-169,-114,52,7372,-8992,10480,-47,132,-221,-13624,4148,5728,-1002,113,-110,-13880,-5012,6376,-481,146,-144,0
388.8162450790405,8664,6440,11336,-151,-81,103,7356,-9308,10484,-58,132,-175,-13784,4204,5728,-995,100,-98,-14020,-4928,6316,-511,136,-99,0
388.8499219417572,8752,6404,11272,-141,-122,109,7364,-9344,10432,-26,144,-185,-13740,4148,5776,-998,107,-90,-14116,-4960,6320,-508,157,-132,0
388.88357305526733,8684,6484,11188,-163,-33,95,7232,-9280,10448,-59,166,-173,-13976,3912,5444,-1005,66,-85,-13976,-5044,6476,-490,106,-106,0
388.9207010269165,8784,6516,11136,-106,-73,84,7392,-9004,10400,-83,181,-167,-13948,4036,5588,-967,75,-113,-13932,-5060,6508,-474,139,-126,0
388.95571899414057,8636,6488,11308,-147,-67,70,7268,-9372,10460,-54,171,-197,-13712,4176,5804,-964,99,-104,-13956,-4920,6508,-461,153,-112,0
388.991770029068,8692,6408,11276,-205,-73,115,7320,-9364,10324,-8,135,-206,-13768,4240,5700,-987,124,-74,-13928,-4964,6444,-473,175,-109,0
389.027624130249,8712,6416,11224,-153,-76,106,7176,-9308,10364,-63,154,-174,-13808,4152,5732,-947,94,-58,-13908,-4956,6616,-459,127,-112,0
389.06296396255493,8656,6388,11308,-180,-109,73,7404,-9304,10360,-94,157,-183,-13660,4204,5820,-931,74,-90,-13936,-4916,6348,-478,130,-128,0
389.0987620353699,8684,6348,11120,-158,-80,68,7348,-9336,10380,-55,174,-193,-13620,4280,5708,-957,51,-164,-14264,-4900,6324,-489,151,-163,0
389.133474111557,8460,6364,11416,-144,-87,58,7344,-9328,10332,-21,177,-189,-13740,4064,5516,-991,63,-106,-13968,-5068,6404,-501,149,-152,0
389.16922092437744,8688,6384,11512,-100,-102,43,7384,-9228,10264,-36,150,-210,-13780,4244,5620,-998,73,-129,-14036,-4704,6180,-488,167,-168,0
389.2042989730835,8528,6448,11280,-152,-133,56,7300,-9340,10104,-16,158,-220,-13776,4156,5692,-981,85,-150,-14060,-4856,6248,-484,160,-132,0
389.2403471469879,8732,6392,11300,-162,-91,61,7312,-9284,10300,-253,165,-201,-13768,4124,5708,-989,75,-89,-13868,-4936,6332,-483,190,-129,0
389.2756390571594,8628,6472,11292,-191,-117,92,7280,-9408,10368,-28,165,-188,-13732,4188,5704,-974,116,-76,-13988,-4988,6476,-499,150,-98,0
389.31139492988586,8728,6364,11488,-160,-89,117,7268,-9000,10256,-2,148,-181,-13792,4156,5864,-957,91,-82,-13904,-5020,6312,-485,133,-113,0
389.3474559783936,8792,6576,11408,-154,-100,97,7324,-9236,10272,-55,150,-156,-13808,4328,5752,-981,75,-65,-14044,-4924,6368,-767,106,-132,0
389.38292813301086,8728,6408,11332,-131,-42,89,7352,-9324,10248,-25,170,-120,-13728,4196,5724,-994,55,-79,-13872,-4920,6572,-498,157,-149,0
389.41858911514277,8600,6416,11288,-141,-48,99,7260,-9356,10380,30,121,-163,-13632,4092,5816,-983,144,-54,-13980,-4928,6328,-484,140,-97,0
389.4539589881897,8560,6148,11296,-100,-76,92,7368,-9368,10340,-77,125,-184,-13776,4188,5572,-978,117,-88,-14156,-4888,6400,-503,162,-108,0
389.4894890785217,8456,6512,11356,-147,-130,102,7276,-9380,10336,-62,140,-202,-13792,4196,5460,-993,99,-107,-13984,-5104,6176,-471,132,-131,0
389.5250630378723,8792,6428,11504,-143,-32,95,7456,-9164,10292,-93,144,-135,-13732,4128,5400,-946,67,-1,-13952,-4912,6312,-462,35,-153,0
389.5623679161072,8784,6368,11236,-158,38,46,7648,-9284,10020,-75,171,-84,-13668,4156,5816,-928,40,-243,-14292,-4968,6524,-452,49,-152,0
389.5961091518402,8700,6516,11312,-216,41,55,7308,-9348,10436,-37,232,-118,-13712,4268,5632,-973,37,-26,-13896,-5036,6452,-428,105,-123,0
389.6296241283417,8608,6508,11380,-242,-39,59,7236,-9440,10420,-21,200,-170,-13780,4188,5744,-1280,76,-70,-14020,-5004,6528,-474,161,-154,0
389.6629319190979,8884,6500,11448,-150,-114,65,7308,-9352,10460,-73,168,-206,-13848,4280,5820,-984,55,-83,-13836,-5048,6512,-485,127,-160,0
389.69663405418396,8540,6476,11344,-68,-100,32,7344,-9236,10216,-69,185,-189,-13736,4268,5848,-955,37,-63,-13976,-4928,6440,-522,137,-171,0
389.72973608970636,8672,6448,11124,-127,-70,61,7276,-9316,10292,47,178,-181,-13700,4216,5712,-1021,111,-120,-13924,-4876,6608,-461,176,-83,0
389.763386964798,8580,6156,11744,-165,-92,146,7412,-9460,10340,49,98,-239,-13700,4268,5768,-1065,188,-199,-13924,-4932,6432,-486,251,-31,0
389.79706406593317,8620,6496,11380,-134,-200,170,7428,-9420,10464,24,56,-4,-13588,4332,5736,-1089,212,-231,-14016,-5016,6608,-516,278,-29,0
389.8305549621582,8612,6476,11484,-136,-314,176,7380,-9372,10480,-40,25,-286,-13708,4228,5748,-989,219,-228,-13968,-4988,6328,-562,290,-20,0
389.8640170097351,8576,6612,11280,-119,-334,206,7276,-9244,10392,-11,35,-306,-13720,4252,5788,-1030,230,-205,-13844,-4924,6584,-540,294,-31,0
389.8972980976105,8604,6636,11236,-118,-313,190,7268,-9196,10248,0,48,-251,-13708,4332,5988,-773,225,-181,-13976,-4940,6324,-463,265,-45,0
389.9306480884552,8700,6444,11284,-198,-505,164,7388,-9012,10492,33,37,-235,-13720,4248,5840,-1002,190,-190,-13916,-5080,6436,-501,236,-24,0
389.96386194229126,8776,6444,11228,-162,-243,160,7320,-9284,10444,25,92,-251,-14068,3844,5692,-1278,171,-159,-13956,-4960,6536,-526,511,-49,0
389.99737811088556,8808,6484,11204,-131,-243,183,7612,-9276,10444,12,79,-242,-13684,4064,5568,-1029,145,-142,-13992,-4944,6280,-560,243,-62,0
390.0307841300965,8744,6384,11216,-120,-223,137,7416,-9268,10384,13,90,-243,-13760,4168,5532,-1048,159,-130,-13940,-4632,6256,-264,229,-66,0
390.064414024353,8808,6332,11292,-145,-195,141,7324,-9172,10348,-26,43,-265,-13608,3988,5584,-999,192,-131,-14000,-5056,6300,-482,237,-56,0
390.0981149673462,8700,6444,11056,-132,-154,128,7468,-9152,10336,-29,15,-243,-13988,4328,5460,-995,164,-112,-13952,-4912,6248,-503,191,-112,0
390.13172602653503,8868,6308,11120,-170,-54,108,7464,-9152,10488,-29,103,-163,-13832,4200,5672,-997,103,-25,-14048,-4892,6224,-495,83,-135,0
390.16489696502686,8796,6472,11220,-186,42,61,7500,-9336,10336,-57,169,-107,-13860,3900,5824,-986,74,-23,-14000,-4936,6356,-461,96,-161,0
390.1984519958496,8760,6424,11412,-184,58,61,7508,-9268,10420,-4,137,-119,-13652,4344,5672,-1012,64,-58,-13936,-5108,6360,-483,143,-117,0
390.2318720817566,8672,6392,11384,-184,-35,76,7300,-9376,10444,-9,180,-180,-13836,4204,5664,-771,99,-88,-13976,-5012,6360,-488,169,-113,0
390.265545129776,8688,6528,11088,-135,-83,80,7316,-9368,10308,-48,197,-165,-13740,4188,5744,-998,82,-81,-13976,-4848,6384,-522,104,-112,0
390.2993540763855,8720,6340,11376,-60,-102,101,7296,-9348,10488,-47,177,-117,-13684,4232,5536,-769,49,-95,-13952,-5112,6456,-562,113,-141,0
390.33297109603876,8576,6208,11008,-92,-65,123,7276,-9212,10216,35,99,-126,-13660,4140,5760,-1070,142,-87,-13920,-4916,6304,-763,98,-90,0
390.3662350177765,8608,6640,11508,-70,-20,127,7556,-9348,10372,-37,120,-182,-13648,4180,5680,-1011,153,-96,-14044,-4804,6160,-525,180,-89,0
390.3997061252594,8844,6392,11348,-184,-69,125,7304,-9296,10488,-253,143,-194,-13772,4128,5528,-1025,158,-109,-14060,-4916,6468,-552,187,-85,0
390.43312907218933,8828,6456,11204,-106,-105,111,7648,-9256,10328,-15,106,-139,-13768,4004,5752,-1048,115,-93,-13976,-4948,6488,-765,153,-103,0
390.4666259288788,8720,6448,11380,-118,-95,114,7568,-9260,10396,-54,106,-180,-13808,3848,5772,-983,68,-130,-14008,-5060,6356,-544,127,-167,0
390.50037002563477,8776,6636,11120,-107,-89,86,7196,-9316,10344,-37,153,-173,-14080,4108,5744,-996,73,-97,-13968,-4688,6368,-545,132,-153,0
390.5339660644532,8736,6580,11200,-50,-96,51,7480,-9192,10492,-17,191,-178,-13772,4120,5652,-1052,50,-125,-14000,-4992,6296,-499,157,-160,0
390.56756711006165,8772,6624,11500,-165,-51,81,7284,-9148,10412,30,139,-199,-13720,4088,5668,-1029,66,-117,-13924,-4964,6184,-494,196,-120,0
390.6045389175415,8728,6480,11484,-118,-78,57,7312,-9188,10392,-26,169,-203,-13692,4104,5400,-1003,91,-69,-13960,-5032,6336,-496,158,-126,0
390.6402361392975,8880,6464,11008,-153,-103,68,7384,-9332,10264,-19,148,-176,-13592,4152,5764,-987,114,-120,-14068,-4856,6364,-524,173,-139,0
390.6753270626068,8612,6404,11112,-116,-128,123,7420,-9196,10436,-30,123,-163,-13768,4180,5868,-1040,141,-55,-14044,-5004,6316,-534,163,-91,0
390.711305141449,8716,6528,11104,-137,-77,105,7408,-9228,10516,-16,110,-182,-13652,4320,5680,-1008,145,-107,-13956,-4984,6540,-530,127,-113,0
390.74740505218506,8684,6492,11164,-125,-57,115,7644,-9428,10356,-60,107,-175,-13800,4096,5668,-989,91,-71,-13964,-5020,6204,-522,140,-98,0
390.7824909687042,8948,6632,11160,-129,-92,99,7656,-9432,10360,-42,145,-164,-13664,4100,5672,-981,117,-33,-13932,-5000,6332,-496,101,-110,0
390.8180680274964,8752,6428,11248,-170,-73,122,7200,-9232,10300,-44,163,-176,-13812,4204,5500,-1000,121,-107,-13944,-4932,6648,-482,135,-122,0
390.85367012023926,8672,6452,11236,-123,-66,100,7384,-9288,10260,-51,144,-168,-13660,4232,5544,-997,117,-91,-13992,-4952,6420,-469,173,-136,0
390.8891911506653,8780,6372,11476,-146,-94,92,7236,-9284,10356,-4,151,-178,-13708,4228,5688,-998,116,-103,-13936,-4988,6396,-486,126,-110,0
390.9242119789124,8728,6404,11096,-147,-43,99,7368,-9280,10320,-51,151,-169,-13756,4140,5784,-994,97,-83,-14060,-4948,6348,-508,134,-141,0
390.95954513549805,8608,6468,11072,-116,-128,105,7392,-9236,10440,-38,176,-174,-13744,4240,5852,-1004,67,-110,-13948,-4968,6444,-264,152,-150,0
390.99506306648254,8488,6384,11284,-131,-75,61,7644,-9448,10296,247,157,-151,-13740,4328,5624,-1007,79,-112,-13988,-4992,6312,-540,129,-147,0
391.03166508674616,8648,6528,11452,-101,-128,104,7400,-9196,10492,-44,137,-179,-13660,4168,5768,-1277,100,-59,-13964,-5024,6444,-497,147,-108,0
391.0679180622101,8764,6468,11144,-143,-98,82,7360,-9296,10304,-22,138,-184,-13752,3880,5800,-974,122,-59,-13932,-5080,6384,-535,206,-100,0
391.10338711738586,8648,6436,11392,-137,-74,152,7444,-9284,10428,-4,95,-172,-13628,4212,5844,-1017,133,-142,-13920,-4900,6320,-521,156,-67,0
391.1386959552765,8836,6560,11376,-104,-105,142,7448,-9168,10420,-36,109,-154,-13772,4116,5820,-998,111,-78,-13916,-4904,6368,-536,95,-123,0
391.17437410354614,8664,6492,11040,-127,-86,107,7320,-9272,10408,-37,119,-177,-13816,3916,5672,-988,81,-63,-13960,-4972,6568,-539,154,-142,0
391.2102489471436,8508,6500,11224,-83,-87,93,7188,-9276,10660,-252,163,-151,-13760,4068,5688,-1022,74,-92,-13932,-4908,6432,-498,152,-131,0
391.2465660572052,8664,6452,11236,-136,-77,95,7320,-9252,10392,4,156,-169,-13728,4104,5740,-1020,113,-48,-14008,-4888,6380,-261,155,-110,0
391.280102968216,8600,6432,11468,-133,-95,105,7496,-9236,10360,-48,122,-205,-13796,4156,5700,-950,109,-81,-13952,-5064,6632,-531,180,-123,0
391.3137381076813,8728,6420,11348,-129,-139,95,7416,-9276,10472,-37,143,-228,-13708,4092,5824,-968,95,-95,-14292,-5032,6300,-500,178,-141,0
391.34742498397827,8636,6492,11344,-143,-103,95,7356,-9292,10312,-45,152,-219,-13816,4148,5856,-992,97,-121,-14012,-5096,6328,-479,156,-70,0
391.3809571266174,8820,6444,11124,-156,-112,97,7416,-9352,10312,-24,152,-192,-13792,4092,5720,-1002,106,-83,-13960,-4900,6360,-485,120,-98,0
391.4144129753113,8488,6428,11304,-143,-85,97,7384,-9420,10332,-27,156,-186,-13784,4128,5740,-1070,130,-48,-13908,-5032,6308,-499,155,-121,0
391.4480731487274,8676,6420,11388,-157,-105,112,7400,-9348,10352,-84,176,-198,-13600,4172,6004,-981,100,-98,-14008,-5012,6384,-508,172,-117,0
391.48577094078064,8708,6184,11412,-117,-111,88,7440,-9348,10296,-44,151,-177,-13752,4056,5464,-1003,85,-104,-13836,-4944,6600,-516,153,-129,0
391.51964592933655,8512,6472,11492,-131,-88,78,7196,-9452,10236,-12,155,-154,-13768,4132,5724,-1015,70,-97,-13828,-4948,6196,-540,148,-134,0
391.55316710472107,8716,6480,11308,-130,-62,110,7244,-9252,10308,-35,141,-132,-13608,4336,5688,-972,118,-79,-13896,-4896,6432,-500,145,-109,0
391.5868270397186,8740,6520,11188,-175,-57,108,7384,-9336,10284,-5,124,-171,-13788,4320,5864,-987,141,-27,-14036,-5016,6148,-524,137,-107,0
391.62033605575556,8448,6252,11136,-120,-104,113,7340,-9412,10388,-54,122,-178,-13804,4104,5788,-769,97,-81,-13972,-4976,6472,-526,176,-132,0
391.65363097190857,8716,6424,11316,-154,-98,137,7292,-9276,10368,-50,93,-173,-13720,4316,5816,-1005,94,-114,-13872,-5004,6340,-536,140,-132,0
391.687304019928,8476,6504,11052,-76,-51,76,7352,-9236,10412,-52,129,-185,-13992,4040,5564,-1006,81,-135,-13932,-5004,6620,-261,137,-165,0
391.72061109542847,8764,6500,11372,-116,-68,38,7376,-9460,10348,-40,168,-170,-13820,4144,5676,-998,54,-85,-14000,-4916,6296,-496,146,-169,0
391.75417304039,8924,6456,11388,-188,-32,67,7284,-9296,10008,32,195,-188,-13716,4192,5676,-1005,105,-76,-13904,-5016,6448,-483,174,-128,0
391.78782892227173,8696,6472,11044,-150,-68,97,7456,-9324,10312,-43,117,-144,-13644,4188,5408,-1015,107,-52,-13996,-5080,6468,-498,132,-93,0
391.8211109638214,8640,6524,11180,-113,-65,112,7304,-9460,10280,-76,111,-159,-13700,4200,5712,-974,106,-96,-13896,-4980,6364,-525,127,-118,0
391.8546230792999,8700,6184,11288,-140,-74,107,7380,-9396,10264,-72,110,-174,-13728,4032,5644,-961,120,-146,-13952,-4948,6328,-508,151,-108,0
391.888013124466,8692,6404,11124,-116,-78,110,7448,-9312,10368,-24,126,-157,-13800,3848,5676,-1055,103,-74,-13904,-4904,6368,-496,149,-137,0
391.9214789867401,8632,6452,11272,-146,-49,97,7340,-9236,10476,31,140,-165,-13764,4156,5776,-1023,104,-91,-13896,-5072,6312,-533,115,-133,0
391.9549911022186,8556,6484,11404,-142,-93,103,7676,-9336,10040,-74,187,-163,-13704,4136,5884,-952,93,-71,-13908,-4916,6428,-508,153,-109,0
391.98862099647516,8644,6440,11348,-131,-141,100,7168,-9272,10208,-24,150,-214,-13712,4180,5420,-992,135,-124,-13992,-5008,6448,-496,153,-95,0
392.0217261314392,8784,6404,11388,-175,-96,120,7276,-9316,10304,-50,137,-191,-13972,4336,5676,-967,122,-113,-13932,-4948,6208,-527,167,-99,0
392.055272102356,8768,6492,11248,-131,-114,116,7376,-9292,10476,-41,116,-184,-13776,3848,5680,-995,94,-84,-13928,-5036,6300,-505,147,-71,0
392.0889139175415,8768,6468,11292,-129,-72,127,7420,-9292,10332,-86,129,-150,-13732,4248,5712,-948,110,-62,-13888,-5096,6400,-481,158,-129,0
392.12221908569336,8732,6476,11232,-144,-136,109,7288,-9468,10540,-70,131,-187,-13660,4172,5632,-978,98,-116,-14076,-4920,6152,-475,156,-116,0
392.15552496910095,8708,6440,11216,-143,-106,85,7384,-9280,10404,-25,94,-210,-13748,4152,5708,-988,103,-132,-14040,-4956,6360,-506,130,-134,0
392.1891789436341,8700,6600,11188,-108,-105,113,7288,-9288,10460,-51,113,-155,-13760,4240,5704,-977,83,-99,-13976,-4952,6196,-522,152,-134,0
392.22274804115295,8580,6472,11220,-116,-109,113,7332,-9256,10380,-28,118,-182,-13780,4192,5740,-1009,110,-96,-14000,-4872,6520,-520,194,-112,0
392.25621795654297,8656,6484,11356,-145,-117,101,7364,-9000,10240,-50,133,-207,-13712,4116,5440,-980,147,-102,-14080,-4876,6384,-505,157,-122,0
392.2931809425354,8476,6500,11172,-144,-130,156,7456,-9416,10260,-67,128,-200,-13864,4136,5864,-977,126,-84,-14044,-4916,6452,-555,152,-96,0
392.3291239738465,8744,6144,11348,-143,-119,97,7520,-9220,10308,-25,177,-190,-13772,4108,5696,-1002,52,-110,-14000,-4916,6428,-515,131,-128,0
392.36442303657526,8524,6464,11324,-127,-90,102,7280,-9328,10340,-3,156,-156,-13772,4128,5400,-919,39,-62,-13900,-5108,6336,-491,129,-126,0
392.4001100063324,8928,6488,11296,-144,-67,91,7416,-9272,10436,-102,174,-164,-13728,4152,5816,-978,106,-106,-13896,-5056,6156,-495,146,-127,0
392.4351041316986,8904,6428,11172,-160,-88,90,7172,-9068,10484,-8,114,-186,-13768,4192,5684,-956,107,-66,-13852,-4972,6316,-492,192,-121,0
392.4704520702362,8768,6496,11160,-126,-95,139,7416,-9276,10352,-49,149,-181,-13692,4180,5744,-939,102,-72,-14028,-4964,6380,-532,103,-121,0
392.5057439804077,8956,6408,11428,-139,-70,93,7360,-9368,10400,-76,158,-137,-13736,3916,5788,-960,55,-56,-13872,-5048,6588,-581,121,-152,0
392.5418541431427,8604,6436,11096,-114,-104,104,7136,-9336,10332,-101,192,-132,-13800,4164,5732,-974,74,-80,-14064,-4956,6440,-571,156,-121,0
392.5774800777436,8552,6500,11476,-40,-90,82,7268,-9288,10340,-85,142,-166,-13680,4236,5748,-965,89,-66,-14028,-4888,6168,-593,136,-119,0
392.61376309394836,8904,6304,11268,-20,-177,75,7396,-9376,10184,-50,156,-169,-13648,4208,5700,-894,41,-101,-13896,-4900,6364,-625,181,-168,0
392.64913296699524,8592,6384,11504,-67,-177,84,7348,-9332,10300,-7,161,-182,-13616,4152,5880,-918,45,-93,-13904,-5004,6172,-568,191,-142,0
392.68441104888916,8684,6392,11212,-137,-188,91,7640,-9376,10392,-14,193,-212,-13796,4272,5816,-896,72,-162,-14012,-4896,6384,-626,210,-143,0
392.7202470302582,8820,6504,11144,-55,-217,72,7272,-9332,10368,-38,209,-218,-13768,4176,5648,-899,90,-146,-13892,-5004,6404,-500,200,-113,0
392.755273103714,8740,6448,11188,-43,-198,78,7180,-9304,10328,-50,199,-213,-13740,4284,5696,-1031,124,-153,-13940,-5020,6612,-433,168,-109,0
392.79120206832886,8488,6484,11172,-76,-123,69,7384,-9464,10260,-69,170,-188,-13680,4140,5840,-939,35,-87,-14000,-5008,6372,-455,159,-145,0
392.82609009742737,8672,6576,11304,-107,-73,50,7368,-9256,10464,-65,245,-192,-13776,4168,5708,-1015,33,-35,-13976,-4928,6212,-456,174,-150,0
392.8623731136322,8792,6544,11340,-145,-60,64,7236,-9280,10252,-34,195,-178,-13648,4140,5880,-963,44,-57,-13948,-5040,6312,-460,215,-115,0
392.8976209163666,8928,6480,11400,-130,-50,119,7376,-9340,10308,-23,150,-171,-13624,4172,5680,-1008,105,-121,-14052,-4956,6252,-427,215,-44,0
392.9341080188751,8780,6544,11292,-181,-54,139,7320,-9280,10412,6,92,-175,-13712,4156,5744,-1017,103,-125,-13952,-4956,6168,-415,250,-65,0
392.9677290916443,8712,6536,11428,-186,-59,131,7352,-9400,10316,-1,103,-190,-13724,4220,5804,-998,114,-96,-13952,-4976,6344,-454,167,-117,0
393.00125098228455,8932,6572,11088,-129,-83,114,7380,-9348,10268,-37,146,-174,-13316,4344,5440,-938,74,-79,-14028,-4964,6384,-620,140,-114,0
393.0345010757446,8512,6488,11148,-143,-36,92,7244,-9292,10372,-25,147,-126,-13756,4144,5720,-1268,27,-84,-13888,-5084,6496,-498,132,-102,0
393.0684030056,8652,6468,11460,-164,-95,107,7168,-9288,10312,-29,112,-164,-13588,4220,5656,-974,100,-84,-13860,-4976,6540,-548,107,-119,0
393.10162806510925,8628,6428,11156,-82,-48,90,7384,-9240,10420,-108,186,-138,-13696,4192,5928,-913,43,-55,-14092,-4996,6412,-533,100,-195,0
393.1348531246185,8840,6448,11288,-157,57,6,7168,-9268,10264,255,202,-169,-13800,4212,5672,-948,80,-17,-13932,-4864,6408,-454,115,-213,0
393.1684250831604,8632,6424,11104,-238,103,60,7260,-9380,9988,69,155,-119,-13672,4144,5756,-957,34,-40,-13964,-4920,6344,-469,150,-137,0
393.2018780708313,8600,6464,11212,-189,46,101,7224,-9348,10416,-30,101,-147,-13740,3924,5764,-1080,110,-81,-13960,-5100,6516,-472,112,-109,0
393.235454082489,8676,6428,11116,-190,-10,69,7440,-9324,10480,-17,162,-158,-13828,4140,5844,-958,40,-136,-14072,-4984,6408,-531,164,-161,0
393.2691509723664,8772,6464,10908,-176,19,63,7300,-9328,10432,-48,159,-151,-13764,4188,5500,-779,59,-61,-14028,-4988,6324,-512,175,-199,0
393.3024511337281,8732,6420,11120,-178,21,80,7396,-9352,10308,-10,193,-118,-13644,4116,5568,-1078,108,-79,-13872,-4984,6396,-455,248,-168,0
393.335932970047,8624,6432,11268,-194,54,88,7288,-9276,10404,29,187,-132,-13708,4208,5732,-1093,105,-41,-13928,-5024,6500,-437,1,-108,0
393.36943793296814,8588,6476,11280,-241,38,93,7168,-9280,10296,8,156,-130,-13692,4212,5652,-1051,153,-82,-14052,-5120,6480,-402,167,-81,0
393.40284609794617,8724,6548,11344,-201,59,102,7256,-9376,10236,-43,147,-115,-13796,4092,5732,-1000,144,-56,-13940,-5004,6492,-396,111,-51,0
393.43656396865845,8580,6508,11364,-211,-16,103,7352,-9236,10348,-20,130,-135,-13692,4164,6060,-1010,144,-70,-13992,-5020,6240,-449,153,-99,0
393.4701359272003,8616,6456,11544,-189,-39,117,7240,-9308,10368,-29,132,-164,-13716,3924,5820,-1050,122,-63,-13980,-5084,6252,-454,180,-105,0
393.5034711360932,8636,6500,11300,-178,-18,89,7376,-9268,10356,-42,197,-129,-13644,4148,5708,-1059,88,-70,-14004,-4984,6384,-437,223,-97,0
393.53676295280457,8640,6440,11360,-201,19,76,7236,-9352,10396,-45,178,-154,-14040,4212,5660,-994,82,-60,-14312,-4992,6488,-369,226,-67,0
393.5703160762787,8676,6416,11328,-275,24,76,7276,-9248,10440,-43,187,-158,-13648,4128,5632,-992,101,-87,-14028,-5040,6208,-378,192,-87,0
393.6039400100708,8692,6420,11340,-220,7,94,7236,-9296,10412,-10,140,-147,-13700,4236,5796,-1038,112,-126,-13952,-4940,6388,-469,255,-85,0
393.6373219490052,8568,6452,11548,-186,-68,144,7216,-9400,10300,31,82,-224,-13664,4192,5812,-1039,170,-164,-13964,-4988,6504,-467,284,-44,0
393.6710090637207,8536,6428,11548,-191,-124,135,7184,-9360,10440,20,84,-263,-13748,4216,5664,-1054,167,-148,-13940,-5044,6436,-465,286,-55,0
393.70428705215454,8916,6472,11516,-177,-156,162,7228,-9268,10344,12,115,-229,-13788,4176,5688,-1011,190,-144,-14036,-4904,6348,-463,238,-11,0
393.73777413368225,8476,6400,11332,-159,-156,164,7364,-9408,10304,-256,151,-205,-13756,4268,5816,-988,111,-168,-13944,-5036,6340,-504,238,-124,0
393.7713520526886,8568,6484,11376,-168,-149,118,7344,-9348,10320,16,220,-194,-13712,4160,5820,-1035,91,-184,-14056,-4968,6276,-500,232,-119,0
393.80479407310486,8636,6536,11164,-155,-124,107,7400,-9432,10328,63,183,-222,-13728,4008,5884,-996,103,-202,-13944,-5000,6184,-452,239,-109,0
393.8381929397583,8656,6196,11436,-212,-153,98,7296,-9260,10404,18,176,-14,-13732,4040,5704,-956,110,-150,-14256,-4868,6268,-405,281,-79,0
393.87174105644226,8580,6476,11428,-245,-176,95,7276,-9252,10404,8,124,-275,-13688,4092,5696,-972,179,-148,-13952,-4956,6360,-427,508,-75,0
393.9048850536347,8540,6480,11028,-188,-236,118,7336,-9148,10380,33,132,-262,-13664,4156,5716,-1021,161,-181,-13932,-5024,6440,-438,2,-91,0
393.9382770061493,8572,6480,11324,-201,-251,144,7136,-9152,10384,34,95,-240,-13692,4100,5764,-1017,190,-180,-14012,-4844,6308,-497,8,-62,0
393.9754569530487,8460,6464,11304,-153,-218,130,7240,-8972,10360,-35,73,-240,-13672,4092,5676,-967,188,-154,-14336,-5104,6640,-512,278,-48,0
394.01103806495667,8720,6480,11164,-183,-202,148,7256,-9316,10252,-11,102,-253,-13760,3892,5428,-985,172,-169,-14000,-4844,6312,-508,260,-15,0
394.04732394218445,8932,6460,11352,-160,-199,177,7420,-9348,10356,-37,33,-239,-13652,4088,5444,-1029,157,-150,-14032,-4988,6260,-482,246,-15,0
394.0823209285736,8668,6424,11336,-194,-238,167,7340,-9284,10464,245,57,-276,-13588,3932,5836,-973,178,-134,-14036,-4924,6580,-428,291,-36,0
394.1181299686432,8500,6364,11380,-211,-230,144,7292,-9340,10344,-28,87,-251,-13744,4200,5688,-1001,149,-153,-14068,-4940,6252,-445,507,-63,0
394.1531300544739,8708,6376,11396,-197,-223,141,7320,-9260,10440,-27,112,-282,-13728,4096,5664,-958,135,-152,-13856,-4928,6256,-446,260,-77,0
394.1882319450379,8556,6580,11292,-193,-210,117,7236,-9320,10524,-43,101,-263,-14052,4040,5700,-998,141,-139,-13984,-4828,6296,-407,215,-47,0
394.2234721183777,8704,6432,11456,-195,-217,128,7340,-9216,10432,-81,176,-242,-13784,4180,5764,-985,128,-108,-13872,-5040,6356,-431,224,-80,0
394.2591199874878,8824,6288,11140,-186,-181,73,7380,-9236,10372,-46,176,-195,-13732,4016,5840,-965,21,-108,-14076,-4840,6196,-397,242,-94,0
394.29422092437744,8704,6432,11224,-167,-110,127,7252,-9240,10320,21,64,-236,-13708,3848,5852,-781,102,-105,-13912,-4940,6060,-400,235,-70,0
394.3296959400177,8636,6308,11428,-162,-120,95,7372,-9364,10360,-57,169,-213,-13680,4216,5400,-770,67,-158,-14008,-4828,5892,-439,276,-112,0
394.36459612846375,8672,6352,11408,-197,-143,103,7416,-9216,10472,-25,133,-188,-13980,4284,6052,-1270,59,-110,-14328,-4684,6180,-358,250,-122,0
394.3998980522156,8704,6372,11268,-208,-5,67,7340,-9468,10352,-39,179,-139,-13780,4004,5560,-1046,61,-70,-14084,-4720,6296,-366,249,-115,0
394.43508315086365,8780,6296,11228,-287,93,85,7304,-9148,10312,248,146,-103,-13588,4056,5632,-1086,73,-1,-14016,-4928,5936,-344,307,-112,0
394.47043108940125,8724,6364,11180,-272,52,84,7232,-9248,10460,-254,251,-95,-13728,4084,5764,-1064,61,-40,-13868,-4884,6332,-317,326,-72,0
394.5059199333191,8940,6344,11496,-304,16,100,7396,-9376,10488,-24,176,-130,-13804,4048,5660,-1073,87,-80,-14244,-4896,6252,-280,326,-72,0
394.5421650409699,8588,6344,11408,-329,57,91,7308,-9240,10456,-75,226,-129,-13768,4200,5876,-985,57,-22,-14012,-4908,6132,-289,372,-101,0
394.5775420665741,8640,6272,11272,-362,32,97,7280,-9440,10576,-68,277,-161,-13676,4236,5764,-1022,35,-53,-14016,-4796,6256,-304,369,-105,0
394.613697052002,8692,6300,11436,-326,-19,68,7344,-9360,10360,-30,296,-167,-13716,4036,5732,-982,-12,-47,-14128,-4900,6176,-282,295,-120,0
394.6472260951996,8628,6336,11348,-317,-39,80,7252,-9328,10424,-53,263,-156,-13692,4116,5872,-955,-50,-93,-14008,-5084,6232,-315,236,-124,0
394.68075513839716,8568,6268,11476,-295,-12,61,7236,-9248,10320,-73,500,-175,-13680,3860,5808,-1004,30,-70,-14256,-4752,6224,-346,182,-155,0
394.714271068573,8684,6200,11552,-268,-85,54,7368,-9328,10460,-93,274,-170,-13660,4164,5784,-1060,14,-53,-14076,-4984,6368,-385,125,-160,0
394.74781012535095,8612,6304,11452,-273,-61,29,7328,-9256,10372,-87,287,-192,-13652,4152,5664,-1129,62,-65,-14260,-4896,6256,-343,291,-136,0
394.7811210155487,8564,6308,11400,-196,-252,11,7268,-9228,10432,-43,280,-169,-13720,4040,5592,-1114,31,-125,-13864,-5068,6192,-403,351,-171,0
394.8146879673004,8684,6408,11524,-248,23,14,7236,-9236,10596,-36,314,-141,-13708,4164,5736,-1025,38,-104,-14060,-4832,6156,-492,207,-165,0
394.8482370376587,8732,6320,11236,-210,9,11,7356,-9276,10428,-65,285,-127,-13776,4124,5732,-1124,95,-46,-14096,-4792,6228,-442,135,-156,0
394.88169193267817,8588,6212,11444,-142,31,10,7160,-9312,10288,-80,297,-124,-13368,3856,5708,-1167,71,-36,-13836,-5100,5892,-398,226,-143,0
394.9150390625,8672,6284,11312,-142,17,32,7252,-9256,10564,-116,323,-124,-13632,4136,5384,-1168,63,-21,-14320,-4760,6220,-445,245,-95,0
394.9486839771271,8640,6304,11480,-133,7,72,7256,-9272,10372,-108,212,-100,-13688,4264,5672,-1095,27,-36,-14336,-5108,6380,-259,167,-111,0
394.9820520877838,8592,6268,11536,-122,20,76,7152,-9344,10668,-85,229,-116,-13612,4084,5808,-1130,-1,-48,-14088,-4864,6184,-473,211,-120,0
395.0154891014099,8520,6280,11408,-111,48,40,7252,-9316,10584,-64,255,-104,-13584,3844,5644,-1150,24,-93,-14148,-4884,6208,-526,195,-123,0
395.0492949485779,8528,6364,11448,-99,29,60,7212,-9340,10472,-78,190,-144,-13632,3844,6000,-1096,18,-79,-14000,-4880,6200,-425,218,-103,0
395.0826749801636,8632,6340,11532,-121,7,68,7196,-9300,10324,-93,170,-182,-13672,4020,5852,-1043,-9,-67,-14056,-4920,6144,-391,232,-119,0
395.11655592918396,8576,6332,11424,-144,-8,75,7180,-9436,10404,-37,268,-181,-13732,4064,5984,-1042,-66,-52,-14336,-4864,6156,-391,285,-155,0
395.14984393119806,8564,6280,11460,-219,11,83,7256,-9292,10400,17,203,-144,-13684,4260,5832,-1083,-84,-104,-14168,-4808,6140,-322,327,-122,0
395.1832571029663,8584,6496,11580,-225,50,95,6948,-9344,10440,39,221,-171,-13772,4044,6136,-1017,-65,-141,-13884,-4900,6160,-307,391,-63,0
395.2168459892273,8604,6364,11468,-341,253,93,7036,-9336,10708,116,240,-225,-13688,4216,6128,-1019,-8,-168,-14048,-4676,5972,-602,705,-24,0
395.2504360675812,8368,6348,11636,-415,302,191,7040,-9480,10744,175,91,-226,-13648,4108,6060,-1088,-17,-215,-14156,-4768,6144,-310,809,253,0
395.2839879989624,8544,6168,11512,-388,316,258,7236,-9340,10308,169,137,-187,-13660,4056,6028,-1084,-22,-111,-14176,-5104,6036,-343,762,-17,0
395.317528963089,8388,6300,11532,-471,368,216,7040,-9060,10260,145,143,-147,-13780,4332,5640,-1097,24,-94,-14068,-4716,6004,-440,572,-68,0
395.3511040210724,8472,6192,11520,-422,380,178,7156,-9408,10516,159,103,-161,-13628,4028,6008,-1147,53,-150,-14252,-4792,5944,-475,527,-54,0
395.3845191001892,8352,6160,11608,-271,250,167,7236,-9372,10536,229,73,-190,-13684,3968,6028,-1181,117,-273,-14124,-4808,5840,-269,683,-37,0
395.4180550575257,8436,6228,11612,-220,131,152,7360,-9224,10488,165,162,-274,-13640,3944,5672,-1145,112,-17,-14308,-4736,6064,-49,582,-38,0
395.4516839981079,8520,6200,11652,-272,221,168,6924,-9464,10312,132,116,-277,-13660,3992,5716,-1179,147,-240,-14272,-4764,5700,-144,585,-80,0
395.48526692390436,8692,5960,11600,-289,237,167,7340,-9304,10680,145,67,-256,-13692,4064,5916,-1265,208,-213,-14256,-4684,5812,-200,604,-73,0
395.5187859535217,8592,6360,11720,-221,201,108,7128,-9324,10520,50,101,-200,-13848,3900,5928,-1140,132,-146,-14420,-4660,5692,-106,559,-101,0
395.5523099899292,8248,6200,11576,-147,184,86,6952,-9212,10532,64,179,-184,-13716,3984,6052,-1059,-253,-151,-14100,-4700,5832,-6,485,-71,0
395.58556294441223,8368,6156,11560,-193,320,124,7084,-9256,10508,-21,102,-186,-13736,3868,5884,-1129,75,-126,-14220,-4660,5860,-170,417,-79,3
395.6187529563904,8324,6096,11488,-213,139,130,7120,-9192,10532,-76,113,-195,-13564,3944,6024,-1123,96,-66,-14212,-4848,6092,-283,493,-124,3
395.655573129654,8280,6120,11584,-150,102,150,7324,-9068,10392,-58,107,-172,-13684,4000,6064,-1110,79,-44,-14236,-4668,5836,-325,369,-84,3
395.69164514541626,8284,6192,11736,-60,-54,103,7244,-9172,10416,-102,152,-152,-13812,3944,6140,-1034,98,-117,-14328,-4720,5712,-192,434,-121,3
395.7276499271393,8304,6192,11636,-82,-43,101,7216,-9196,10556,-89,172,-156,-13632,3916,5908,-991,73,-58,-14256,-4764,5704,-180,441,-81,3
395.76277208328247,8508,6144,11708,-124,-39,136,7160,-9100,10428,-157,169,-122,-13696,3868,6048,-989,17,-254,-14440,-4432,5860,-220,164,-156,3
395.7988021373749,8428,6260,11756,-63,-22,112,7276,-9292,10700,-96,194,-99,-13636,4012,6156,-1066,-13,-38,-14216,-4632,5952,-285,331,-198,0
395.8341739177704,7936,6176,11856,-156,39,123,7052,-9304,10476,-35,202,-109,-13704,3864,6288,-1090,-56,-40,-14232,-4632,5864,-555,402,-234,0
395.8691189289093,8200,6212,11476,-27,-60,121,7072,-9352,10252,-101,150,-132,-13428,4004,6168,-1076,-47,-88,-14408,-4704,5828,-51,433,-160,0
395.9048850536347,8388,5920,11656,-87,-241,117,7088,-9316,10384,-110,506,-158,-13640,4124,5424,-1080,62,247,-14280,-4696,5848,-349,477,-163,0
395.9412131309509,8352,6140,11648,-80,-319,180,7236,-9352,10588,-188,173,-67,-13668,4100,6092,-1031,-7,-22,-14092,-4668,5816,-284,439,-169,0
395.977294921875,8412,6328,11728,-88,-394,141,7332,-9348,10352,-89,174,-99,-13780,3896,6036,-923,-53,-72,-14268,-4432,5804,-295,-255,-235,0
396.0124609470368,8332,6216,11700,-21,-539,86,7180,-9320,10532,-82,196,-182,-13696,3904,6012,-980,-25,-121,-14140,-4812,5816,-426,-64,-216,0
396.0477259159088,8320,6192,11572,-10,-554,56,7108,-9464,10532,-66,174,-257,-13744,4088,6356,-934,30,-169,-14264,-4404,5836,-438,239,-158,0
396.0840120315552,8388,6264,11372,-66,-349,52,7136,-9188,10412,-91,155,-284,-13332,3848,5960,-963,76,-190,-14260,-4692,5580,-380,224,-104,0
396.11971712112427,8544,6172,11552,-121,-172,82,7180,-8968,10400,-106,139,-235,-13712,3956,6124,-993,13,-83,-14364,-4644,5856,-308,123,-79,0
396.1548840999604,8688,6188,11452,-199,-30,101,7236,-9284,10496,-103,106,-106,-13644,4052,5948,-780,251,48,-14448,-4740,5896,-424,-2,-66,0
396.1911871433258,8696,6228,11420,-174,120,160,7084,-9308,10692,-58,75,-23,-13680,3976,6120,-1080,86,255,-14332,-4652,5640,-418,42,-19,0
396.22623205184937,8304,6220,11624,-185,143,253,7044,-9212,10336,-92,35,-14,-13340,3936,6080,-1061,184,9,-14248,-4788,5780,-521,68,-44,0
396.26213598251337,8376,6176,11616,-151,95,235,7096,-9040,10476,-69,40,-47,-13644,3928,6024,-1048,98,31,-14260,-4780,5688,-493,133,-97,0
396.29765510559076,8420,6224,11560,-136,27,3,7204,-9272,10416,-12,56,-64,-13820,3936,6308,-989,96,-15,-14204,-4792,5704,-487,129,-135,0
396.3311450481415,8348,6140,11276,-158,41,163,7112,-9320,10356,-12,93,-139,-13560,3924,5960,-907,102,-95,-14268,-4644,5832,-543,39,-142,0
396.36482095718384,8296,6188,11628,-134,-13,133,7048,-9396,10748,-12,142,-199,-13492,3968,6188,-935,147,-130,-14276,-4700,5772,-414,218,-133,0
396.3981740474701,8264,6184,11828,-208,-42,91,7176,-9432,10444,13,204,-293,-13528,4012,5860,-960,159,-187,-14292,-4624,5864,-396,191,-143,0
396.4318821430206,8312,6076,11664,-145,-128,23,7128,-9320,10348,2,134,-306,-13764,4160,5932,-865,95,-178,-14296,-4600,6088,-467,234,-213,0
396.4654650688172,8548,6028,11784,-156,-101,-4,7224,-9380,10420,33,135,-276,-13824,4308,6020,-906,55,-123,-14248,-4596,5888,-469,213,-214,0
396.51191997528076,8436,6092,11676,-159,-85,30,7108,-9360,10252,-42,208,-143,-13644,4048,5992,-906,55,-105,-14104,-4804,5784,-478,62,-209,0
396.5456440448761,8536,6204,11820,-172,-95,33,7224,-9244,10416,-38,191,-176,-13596,4016,6036,-896,32,-101,-14536,-4648,5716,-527,81,-186,0
396.5791411399841,8348,6160,11584,-172,0,117,7168,-9224,10580,-23,174,-137,-13588,3916,6068,-964,126,-111,-14252,-4696,5684,-521,122,-136,0
396.61262392997736,8448,6360,11592,-127,-27,138,7088,-9136,10528,-4,128,-94,-13608,3872,5928,-970,74,-22,-14272,-4692,5800,-576,93,-144,0
396.6459541320801,8632,6332,11600,-140,20,144,7040,-9160,10696,-9,102,-75,-13548,3864,6120,-968,53,-8,-14192,-4816,5724,-528,35,-130,0
396.67923402786255,8348,6292,11704,-142,-21,160,7016,-9240,10540,-28,129,-105,-13428,3944,6176,-935,109,-22,-14132,-4796,5816,-531,80,-101,0
396.7128729820252,8408,6312,11940,-153,2,138,6944,-9304,10552,4,132,-104,-13536,3936,6056,-956,165,-97,-14144,-4820,5824,-529,143,-88,0
396.746721982956,8268,6276,11648,-151,-96,145,7028,-9428,10728,-28,64,-189,-13452,4044,5992,-978,221,-134,-14172,-4852,5996,-533,180,-32,0
396.78040194511414,8220,6192,11800,-146,-172,167,7140,-9392,10264,-5,65,-241,-13680,3852,6004,-962,206,-184,-14316,-4752,5928,-495,199,-41,0
396.8139820098877,8356,6360,11416,-187,-195,148,7080,-9348,10420,7,91,-236,-13636,4124,6056,-929,182,-152,-14212,-4668,5804,-492,175,-42,0
396.84751796722406,8428,6376,11936,-201,-223,129,7168,-9368,10436,13,125,-249,-13660,4088,6056,-946,183,-126,-14320,-4652,5880,-521,148,-85,0
396.8809061050415,8356,6092,11720,-216,-197,116,6912,-9356,10304,-25,114,-234,-13612,4044,6152,-923,150,-177,-14316,-4648,5816,-520,204,-92,0
396.9144239425659,8332,6052,11648,-199,-223,108,7132,-9264,10520,24,131,-228,-13636,4068,5956,-933,124,-183,-14300,-4676,6100,-536,158,-74,0
396.94806814193726,8424,6064,11592,-198,-273,87,7084,-9444,10308,41,135,-230,-13620,4328,5968,-971,166,-183,-14480,-4440,5740,-573,150,-103,0
396.9817409515381,8312,6076,11612,-164,-210,114,7276,-9376,10532,31,145,-241,-13580,4056,5840,-984,137,-131,-14380,-4636,5784,-597,168,-81,0
397.01529908180237,8388,6024,11532,-153,-231,119,7396,-9408,10604,76,91,-201,-13596,4092,6024,-1015,145,-133,-14244,-4676,5664,-584,136,-63,0
397.04883098602295,8416,5976,11668,-158,-231,152,7244,-9460,10292,73,62,-200,-13520,3896,6088,-1009,150,-114,-14400,-4772,5732,-643,125,-65,0
397.08227801322937,8372,6152,11556,-181,-207,169,7144,-9164,10532,18,68,-180,-13596,3920,5972,-987,193,-95,-14276,-4628,6072,-611,63,-38,0
397.1155819892884,8520,6116,11512,-161,-210,172,7052,-9148,10560,27,97,-186,-13628,4004,6092,-1031,142,-87,-14424,-4628,6012,-639,50,-63,0
397.1487829685211,8460,6116,11704,-179,-168,159,7048,-9288,10612,26,75,-181,-13600,3972,6088,-1031,157,-103,-14164,-4792,5792,-600,55,-75,0
397.1831979751587,8416,6204,11604,-137,-136,176,7124,-9152,10748,26,64,-188,-13404,3956,6216,-1009,133,-98,-14304,-4836,5668,-624,54,-91,0
397.21777296066284,8420,6096,11644,-171,-193,117,7164,-9436,10388,9,118,-233,-13636,4016,6228,-971,156,-135,-14240,-4696,5892,-626,62,-66,0
397.2512369155884,8468,6076,11640,-214,-222,128,7144,-9196,10440,9,105,-236,-13756,3840,6048,-979,152,-127,-14164,-4764,5692,-621,94,-54,0
397.2845420837403,8332,6364,11740,-178,-143,129,6916,-8964,10556,0,108,-230,-13736,4028,6068,-959,149,-128,-14264,-4636,5768,-621,22,-72,0
397.3211281299591,8624,6116,11288,-201,-126,98,7100,-9236,10444,-250,97,-218,-13680,4080,5960,-992,146,-96,-14200,-4664,5844,-626,29,-83,0
397.3572039604187,8220,6092,11736,-178,-143,112,7400,-9232,10292,-14,114,-214,-13680,3988,6116,-1010,117,-138,-14220,-4700,5712,-606,41,-82,0
397.39260697364807,8456,6036,11512,-127,-77,74,7408,-9240,10292,-19,106,-189,-13612,3928,6028,-1008,109,-67,-14368,-4560,5784,-623,108,-99,0
397.4282770156861,8700,6112,11600,-102,-79,102,7152,-9116,10496,-20,93,-192,-13688,4044,5980,-998,124,-101,-14236,-4600,5796,-649,59,-107,0
397.4634010791779,8424,5996,11556,-83,-24,119,7060,-9264,10292,-58,126,-165,-13748,3904,5940,-998,152,-50,-14272,-4600,5728,-642,-6,-103,0
397.4988069534302,8400,5984,11776,-101,28,124,7264,-9240,10304,-60,116,-126,-13696,4008,5900,-1004,138,-69,-14260,-4636,6108,-640,-19,-101,0
397.5339980125428,8488,6028,11732,-133,43,80,7220,-9244,10424,-55,168,-150,-13632,4032,6068,-978,145,-20,-14176,-4660,5792,-646,-6,-125,0
397.5689499378205,8404,6104,11680,-112,50,74,7152,-9288,10616,-105,127,-132,-13648,3912,6080,-978,128,-23,-14296,-4724,5812,-623,252,-122,0
397.6048910617829,8408,6216,11464,-103,38,50,7232,-9208,10532,-173,161,-160,-13672,3968,6004,-929,124,-101,-14224,-4840,5944,-686,-67,-157,0
397.6402461528778,8468,6104,11668,-57,51,-21,7120,-9220,10544,-170,167,-146,-13652,4032,6092,-935,98,-24,-14236,-4816,5908,-677,-116,-157,0
397.6758041381836,8316,6092,11572,-24,68,-18,7368,-9204,10512,-108,213,-166,-13608,3936,5972,-923,79,-74,-14112,-4732,5804,-597,-64,-116,0
397.71142292022705,8312,6316,11744,244,80,-18,7096,-9252,10324,-145,193,-178,-13512,4056,5908,-912,132,-78,-14120,-4764,5804,-601,-8,-84,0
397.7462000846863,8328,6068,11944,-70,-243,-17,7400,-9232,10496,-114,133,-163,-13516,3992,5980,-942,194,-58,-14252,-4680,5936,-592,3,-105,0
397.7823369503021,8432,6084,11764,-28,24,51,6964,-9336,10428,-145,86,-132,-13596,3992,5680,-956,198,-6,-14180,-4744,5632,-565,49,-69,0
397.81760907173157,8336,6176,11672,-14,24,64,7160,-9252,10432,-120,138,-118,-13636,4024,6068,-949,189,-3,-14192,-4716,5892,-551,86,-84,0
397.853796005249,8324,6192,11692,-15,-37,57,7260,-9280,10304,-113,155,-145,-13756,4012,5996,-979,146,-109,-14220,-4720,5900,-520,137,-108,0
397.88916301727295,8420,6132,11936,253,-33,18,7124,-9304,10532,-87,138,-138,-13652,4044,6048,-994,114,-48,-14236,-4752,6080,-546,181,-116,0
397.92397904396057,8392,6068,11612,3,-71,5,7080,-9404,10384,-61,137,-155,-13548,4160,5884,-792,36,-108,-14340,-4756,5976,-492,210,-131,0
397.9610779285431,8376,6152,11596,16,-78,37,7156,-9360,10424,-58,112,-165,-13332,3852,5728,-1043,166,-27,-14244,-4712,5964,-505,230,-78,0
397.9945080280304,8132,6228,11648,13,-156,25,7216,-9368,10452,-67,126,-143,-13632,4052,6124,-1030,155,-51,-14084,-4744,5980,-549,262,-88,0
398.0281460285187,8424,6216,11552,38,-187,48,7184,-9332,10380,-59,107,-147,-13792,4032,5916,-1045,175,-104,-14236,-4668,6012,-561,284,-87,0
398.0619781017304,8308,6208,11680,21,-248,56,7196,-9392,10568,-55,100,-149,-13692,3988,6248,-860,77,-116,-14132,-4764,5860,-642,292,-136,0
398.0955021381378,8296,6184,11392,11,-247,29,7196,-9264,10520,-56,136,-189,-13772,4092,5844,-1022,166,-77,-14300,-4676,5980,-794,253,-124,0
398.12863111495966,8328,6256,11560,19,-136,38,7184,-9284,10500,-88,154,-181,-13712,4004,6024,-1020,169,-78,-14172,-4832,5632,-831,220,-147,0
398.1619610786438,8332,6344,11584,24,-222,44,7080,-9332,10488,-96,167,-183,-13652,4008,6080,-974,205,-79,-14520,-4740,5908,-846,-128,-141,0
398.1956589221955,8428,6320,11504,7,-229,13,7180,-9268,10532,-62,147,-145,-13708,4008,5856,-984,206,-64,-14232,-4816,5840,-804,-245,-118,0
398.2290940284729,8364,6392,11636,-16,-293,26,7076,-9280,10392,-62,155,-167,-13660,4008,5756,-978,203,-105,-14136,-4744,5868,-796,-285,-107,0
398.26250410079956,8408,6260,11764,-64,-313,51,7160,-9244,10428,-105,158,-171,-13668,3976,6136,-980,218,-106,-14272,-4780,5880,-779,-319,-79,0
398.2964060306549,8328,6336,11600,-80,-254,60,7080,-9364,10480,-70,152,-200,-13660,4032,5804,-997,246,-79,-14200,-4728,6004,-692,-256,-95,0
398.32974815368647,8436,6320,11348,-51,-210,53,7116,-9300,10572,-55,160,-210,-13656,4040,6084,-975,226,-82,-14120,-4756,5968,-677,-153,-148,0
398.363165140152,8460,6372,11416,-65,-200,56,7188,-9212,10392,-45,192,-207,-13732,3864,5832,-961,217,-87,-14184,-4808,6020,-722,-71,-162,0
398.3966619968414,8424,6276,11468,-107,-190,66,7152,-9280,10400,10,201,-178,-13736,4052,5864,-994,231,-131,-14088,-4764,6020,-655,-13,-150,0
398.4301149845124,8632,6304,11592,-123,-121,69,7360,-9288,10492,20,180,-207,-13648,4056,6036,-1013,215,-172,-14208,-4896,6028,-605,141,-123,0
398.46364307403564,8232,6172,11592,-180,-180,76,7168,-9316,10408,20,192,-248,-13728,4064,5796,-983,236,-147,-14288,-4764,6020,-623,78,-104,0
398.4972710609436,8420,6352,11524,-140,-166,145,7016,-9356,10580,252,124,-507,-13768,4168,5804,-963,293,-130,-14120,-4760,6052,-615,73,-75,0
398.530601978302,8440,6292,11508,-196,-199,143,7140,-9292,10356,46,133,-229,-13692,3984,5944,-980,287,-131,-13904,-4876,6020,-607,100,-85,0
398.5640261173249,8396,6208,11444,-180,-229,146,7136,-9212,10500,46,118,-219,-13712,4008,6052,-963,299,-134,-14116,-4860,5996,-607,73,-72,0
398.59760093688965,8348,6204,11412,-171,-199,117,6912,-9320,10496,44,101,-224,-13672,3944,5860,-966,269,-178,-14216,-4724,5904,-614,219,-35,0
398.63088512420654,8448,6388,11264,-199,-238,157,7084,-9336,10388,56,79,-249,-13728,3924,5664,-1014,318,-168,-14132,-4796,5992,-540,164,-2,0
398.6643660068512,8484,6296,11448,-185,-204,182,7128,-9316,10340,38,79,-206,-13800,4300,5596,-1015,326,-106,-14188,-4860,6012,-574,138,-54,0
398.69791913032526,8372,6152,11672,-176,-139,166,7216,-9248,10516,11,95,-193,-13804,3912,5732,-991,269,-94,-13828,-4908,6056,-606,42,-65,0
398.73137497901917,8268,6652,11452,-180,-185,161,7192,-9244,10244,-12,111,-197,-13692,3896,5716,-942,257,-124,-14164,-4732,5880,-589,142,-57,0
398.7649149894715,8596,6336,11388,-193,-179,139,7280,-9280,10500,-12,115,-232,-13788,3992,5760,-969,275,-155,-14120,-4860,6008,-536,170,-40,0
398.79848313331604,8692,6268,11452,-189,-198,146,7196,-9304,10520,-8,90,-3,-13776,4008,5808,-968,272,-168,-14148,-4728,5920,-574,205,-78,0
398.8317410945893,8568,6312,11496,-157,-198,126,7168,-9312,10256,20,58,-220,-13724,4060,5736,-1038,305,-124,-14024,-4856,5960,-560,204,-99,0
398.86532402038574,8492,6180,11380,-145,-181,81,7204,-9368,10348,-11,103,-245,-13760,3852,5780,-963,241,-153,-14088,-4708,6020,-559,159,-91,0
398.89871311187744,8432,6296,11540,-154,-134,95,7208,-9312,10708,2,138,-238,-13916,3852,5716,-1001,203,-157,-14232,-4824,5900,-546,216,-135,0
398.9323239326477,8500,6272,11544,-163,-120,88,7400,-9344,10624,-2,132,-208,-13760,4048,5780,-974,233,-147,-14072,-4764,6084,-563,205,-91,0
398.96557712554926,8380,6272,11616,-148,-155,109,7136,-9296,10388,-42,116,-229,-14044,4228,5800,-942,219,-123,-14336,-4740,5972,-571,191,-116,0
399.0028350353241,8452,6156,11128,-150,-139,97,7304,-9192,10452,-60,136,-192,-13820,4056,5724,-928,189,-69,-14232,-4808,5840,-550,166,-143,3
399.0387740135193,8636,6276,11532,-119,-47,85,7184,-9276,10316,-61,138,-182,-13880,4156,5416,-967,159,-65,-14124,-4740,5760,-567,122,-145,3
399.0743129253388,8600,6268,11432,-121,27,57,7400,-9256,10488,-256,149,-130,-13868,3940,5736,-977,156,-97,-14180,-4764,6100,-591,153,-187,3
399.11010098457336,8524,6340,11740,-104,-251,54,7180,-9004,10476,-55,178,-167,-14040,3844,5568,-950,190,-38,-14092,-4860,6068,-548,121,-127,3
399.1449940204621,8520,6408,11304,-99,34,64,7264,-9288,10408,-115,141,-142,-13720,4024,5716,-925,188,-85,-14208,-4828,6060,-501,112,-104,3
399.1809339523316,8528,6244,11268,-118,0,99,7408,-9320,10644,-70,163,-135,-13740,3980,5644,-955,206,-33,-14144,-4788,6120,-525,107,-113,3
399.2160589694977,8452,6308,11644,-144,-1,81,7272,-9272,10400,-83,145,-155,-13760,3984,5840,-913,151,-73,-14144,-4912,5988,-473,65,-125,3
399.2517330646515,8412,6416,11360,-132,41,58,7192,-9280,10464,-116,220,-150,-14080,4040,5864,-906,126,-2,-13864,-5056,5992,-443,78,-137,3
399.2876789569855,8580,6352,11704,-173,37,41,7084,-9288,10408,-91,183,-142,-13848,3924,5688,-906,127,-60,-14160,-4736,5968,-449,44,-149,3
399.32301092147827,8228,6328,11660,-148,47,51,7196,-9340,10408,-62,181,-133,-13744,4048,5740,-926,47,-2,-13936,-4784,6116,-508,59,-170,3
399.35934710502625,8420,6220,11284,-83,71,42,7124,-9376,10408,-56,214,-137,-13800,4044,5668,-887,9,-56,-13852,-4792,5988,-558,83,-200,3
399.39495491981506,8280,6288,11624,-46,-14,65,7124,-9308,10508,-98,164,-197,-13708,4120,5420,-946,18,-90,-14244,-4812,6056,-571,139,-228,0
399.4302849769593,8516,6296,11544,-74,52,30,7376,-9256,10692,-130,217,-190,-13624,4132,5820,-947,29,-113,-14128,-4820,6060,-724,-361,-204,0
399.4655499458313,8472,6272,11684,30,-62,76,7016,-9356,10540,-69,183,-177,-13820,4036,5904,-898,59,-82,-14272,-4788,6336,-533,89,-176,0
399.501816034317,8428,6380,11416,-67,-247,42,7112,-9344,10564,-53,221,-189,-13780,4056,5524,-1016,110,-102,-14116,-4824,5820,-569,153,-231,0
399.5376119613648,8456,6412,11444,-82,-37,40,6960,-9228,10588,-42,186,-179,-13836,4032,5452,-923,62,-109,-14080,-4816,6124,-556,147,-199,0
399.57281303405756,8436,6360,11600,-97,-43,46,7196,-9340,10480,-39,183,-187,-13760,4032,5836,-899,73,-79,-14120,-4908,6384,-265,155,-195,0
399.60872411727905,8348,6408,11604,-153,-38,56,7092,-9392,10432,-74,169,-181,-13800,4056,5612,-915,98,-105,-14088,-4844,6044,-460,119,-117,0
399.6452491283417,8344,6608,11452,-147,-80,63,7128,-9340,10468,-83,159,-193,-13744,4036,5596,-967,103,-46,-13916,-4780,6300,-531,150,-141,0
399.6789360046387,8352,6368,11736,-151,-122,60,7144,-9332,10432,-55,205,-202,-13760,4092,5388,-929,103,-84,-14216,-5080,6092,-500,145,-133,0
399.7124681472779,8384,6568,11608,-142,-112,65,7148,-9372,10540,-38,200,-193,-13792,4120,5880,-952,87,-103,-14192,-4620,6344,-490,208,-99,0
399.74581813812256,8340,6444,11688,-175,-156,135,7068,-9348,10552,20,157,-219,-13596,3956,5712,-975,151,-127,-14288,-5052,6376,-505,244,-54,0
399.77943015098566,8268,6412,11624,-162,-188,128,6892,-9336,10672,54,63,-357,-13600,4064,6072,-897,133,-139,-14104,-4896,6120,-533,217,-38,0
399.81290912628174,8404,6408,11476,-145,-240,185,7092,-9356,10264,-14,63,-221,-13768,4068,5748,-903,174,-124,-14324,-4884,5904,-544,198,-36,0
399.8464720249176,8376,6284,11732,-192,-271,179,7136,-9276,10472,-249,121,-211,-13868,4112,5808,-959,172,-146,-14012,-4904,6124,-522,223,-30,0
399.8800110816956,8376,6344,11628,-216,-263,204,7228,-9268,10356,17,76,-233,-13576,4004,5700,-971,149,-91,-14156,-4632,6008,-494,170,-60,0
399.9134919643402,8700,6416,11412,-189,-226,132,7020,-9284,10488,22,159,-212,-13984,4260,5656,-929,150,-134,-14268,-4840,6076,-500,205,-50,0
399.9469470977783,8472,6296,11268,-211,-239,109,7108,-9260,10488,33,153,-252,-13860,4028,5648,-929,110,-160,-14140,-4808,5992,-491,202,-70,0
399.9806880950928,8232,6272,11540,-203,-512,180,7396,-9356,10420,38,131,-250,-13904,4116,5560,-932,111,-182,-14256,-4888,6076,-508,203,-37,0
400.01399898529047,8664,6368,11268,-193,-503,167,7180,-9200,10568,25,111,-224,-13812,4132,5656,-916,95,-113,-14132,-4852,5860,-480,174,-66,0
400.0476830005646,8404,6364,11388,-206,-256,147,6936,-9276,10268,-248,205,-224,-14040,4348,5504,-896,127,-114,-14080,-4732,5996,-499,181,-61,0
400.0811810493469,8552,6332,11364,-173,-270,159,7100,-9036,10408,8,104,-249,-13796,4064,5676,-963,105,-128,-14072,-4928,6064,-518,168,-102,0
400.114755153656,8272,6308,11320,-149,-2,128,7016,-9332,10436,13,185,-249,-13780,3980,5884,-946,38,-106,-14088,-4776,6112,-541,193,-101,0
400.1480360031128,8612,6384,11400,-126,-171,104,6916,-9252,10240,-26,102,-202,-13732,4084,5728,-967,33,-114,-14104,-4804,5968,-528,119,-159,0
400.1813509464264,8424,6348,11256,-104,-185,101,7204,-9284,10324,-77,99,-196,-13788,4088,5676,-934,21,-67,-14140,-4760,5856,-536,129,-127,0
400.214851140976,8440,6308,11428,-125,-80,112,7072,-9428,10252,-92,94,-160,-13588,4080,5480,-933,29,-18,-14312,-4832,5952,-490,103,-126,0
400.2482619285584,8524,6268,11524,-127,-48,133,7260,-9224,10688,-85,136,-150,-13868,4308,5380,-988,55,-20,-14152,-4812,5916,-506,134,-88,0
400.28179597854614,8544,6316,11320,-138,-77,136,7108,-9344,10716,-52,122,-157,-13836,3968,5796,-988,71,-81,-14208,-4896,6072,-497,133,-74,0
400.3155119419098,8516,6148,11468,-134,-108,133,7224,-9328,10444,-78,109,-239,-13792,4096,5672,-966,31,-121,-14208,-4868,6056,-453,150,-136,0
400.34894704818726,8628,6324,11480,-125,-162,47,7316,-9352,10716,-57,170,-248,-13604,4196,5392,-972,-21,-114,-14136,-4780,6020,-478,156,-186,0
400.3823080062866,8504,6332,11552,-109,-85,-13,7212,-9296,10604,-19,270,-215,-13916,4152,5792,-953,-90,-100,-14160,-4816,5980,-496,144,-210,0
400.4156939983368,8408,6244,11496,-102,-85,-12,7104,-9332,10396,11,209,-220,-13400,4196,5728,-981,-29,-117,-13960,-4796,6092,-460,187,-191,0
400.4487750530243,8452,6388,11452,-145,-128,16,7076,-9376,10420,-63,199,-236,-13676,4052,5804,-904,-20,-145,-14152,-4876,6020,-440,182,-146,0
400.4823169708252,8572,6612,11488,-124,-149,65,7028,-9260,10464,-144,176,-240,-13632,4212,5832,-931,42,-94,-13936,-4756,6292,-450,148,-116,0
400.5158989429474,8696,6388,11544,-144,-158,131,7080,-9340,10540,-84,117,-175,-13780,3964,5708,-981,70,-100,-14040,-4792,5992,-492,128,-102,0
400.54923009872437,8640,6472,11448,-106,-200,128,7156,-9264,10536,-71,71,-181,-13800,4064,5808,-979,77,-78,-14140,-4748,5944,-524,128,-126,0
400.5828909873963,8668,6376,11412,-76,-113,130,7184,-9352,10420,-64,139,-186,-13812,4068,5696,-964,26,-52,-14176,-4904,5960,-757,126,-158,0
400.6164979934693,8500,6272,11268,-129,-118,58,6916,-9224,10360,-43,208,-175,-14056,4316,5816,-1004,18,-99,-14200,-4764,6064,-490,145,-113,0
400.649652004242,8492,6428,11480,-146,-108,106,7064,-9272,10356,-60,163,-138,-13748,3888,5676,-996,77,-30,-14112,-4788,5976,-501,130,-93,0
400.6861169338227,8492,6460,11600,-130,-95,163,7124,-9236,10456,-83,108,-127,-13676,4228,5824,-975,123,-254,-14140,-4868,6036,-533,109,-63,0
400.72182297706604,8432,6388,11640,-89,-75,148,7136,-9292,10400,-107,78,-138,-13664,4080,5724,-982,155,-73,-14116,-4900,6124,-537,135,-75,0
400.7575900554657,8576,6616,11428,-122,-93,149,7120,-9396,10380,-87,102,-155,-13700,4348,6048,-943,90,-91,-14228,-4892,6100,-510,154,-114,0
400.79271602630615,8472,6340,11672,-125,-99,105,7188,-9276,10256,-69,185,-187,-13808,4236,5760,-931,61,-90,-14128,-4808,6088,-519,142,-162,0
400.8282790184021,8488,6220,11412,-95,-66,46,7112,-9320,10408,-99,189,-188,-13692,4180,5628,-984,37,-71,-14148,-4736,5916,-503,171,-139,0
400.8634989261627,8544,6352,11440,-126,-139,26,6916,-9440,10396,-23,153,-236,-13656,4092,5864,-986,30,-142,-14096,-4816,6120,-496,216,-124,0
400.89912605285645,8556,6172,11724,-111,-118,84,7172,-9400,10412,17,111,-213,-13728,4168,5868,-995,124,-59,-14060,-4836,5992,-524,217,-111,0
400.9340000152588,8456,6372,11728,-142,-83,106,7152,-9296,10600,-38,86,-201,-13596,4056,5568,-996,182,-90,-14196,-4736,6092,-544,168,-69,0
400.96897792816156,8560,6352,11520,-136,-81,163,7416,-9312,10580,-72,99,-132,-13768,4056,5664,-967,137,-53,-14168,-5088,6032,-550,119,-113,0
401.005038022995,8484,6424,11432,-143,-62,165,7080,-9260,10668,-51,95,-208,-13704,4312,5800,-943,96,-38,-14168,-4968,5948,-569,120,-97,0
401.0404989719391,8532,6160,11496,-111,-53,117,7348,-9040,10416,-63,111,-122,-13708,4272,5720,-970,83,-36,-14336,-4980,5972,-547,176,-102,0
401.0759561061859,8528,6376,11332,-86,-86,113,6896,-9292,10428,-241,109,-153,-13744,4092,5588,-1007,127,-52,-14156,-4952,5936,-542,174,-84,0
401.1113269329071,8480,6324,11464,-79,-35,88,7284,-9280,10336,-251,150,-181,-13800,3988,5604,-984,56,-82,-14072,-4892,6028,-492,204,-120,0
401.1472361087799,8456,6368,11524,-144,-96,72,6920,-9304,10416,-15,176,-193,-13860,4144,5748,-964,56,-66,-14124,-4816,6004,-529,189,-107,0
401.182452917099,8536,6632,11568,-158,-132,93,7152,-9352,10436,-59,152,-203,-13712,4160,5632,-968,88,-131,-14308,-4936,6012,-475,187,-109,0
401.2176311016083,8460,6360,11556,-179,-103,74,7236,-9360,10648,-50,124,-213,-13740,4080,5652,-972,89,-128,-14228,-4644,6164,-468,162,-102,0
401.2538390159607,8616,6452,11332,-155,-88,96,7216,-9316,10380,-59,220,-168,-13780,4124,5784,-977,251,23,-14156,-4952,6168,-494,109,-179,0
401.2893791198731,8576,6512,11588,-160,0,17,7328,-9380,10316,-81,282,-3,-13740,4188,5512,-997,238,-54,-13924,-4768,6056,-583,46,-193,0
401.3267180919647,8380,6288,11468,-106,-40,105,6824,-9408,10440,44,114,-103,-13560,4156,5688,-1084,103,-63,-14088,-4764,5996,-623,141,-76,0
401.3602440357209,8500,6376,11344,-46,-119,186,6928,-9376,10272,-32,54,-155,-13704,4128,5472,-1044,177,-79,-14164,-5064,6376,-529,138,-27,0
401.3939869403839,8592,6360,11372,-84,-101,204,7248,-9368,10484,-68,89,-139,-13792,4096,5784,-989,159,-75,-14184,-4724,6140,-499,154,-54,0
401.4276330471039,8516,6636,11600,-165,-121,178,6916,-9348,10520,-4,124,-148,-13796,4108,5752,-1031,150,-79,-14088,-4884,6204,-552,174,-77,0
401.4611921310425,8460,6380,11512,-122,-123,127,7200,-9364,10408,-11,122,-156,-13720,3840,5800,-966,74,-128,-14096,-4980,6056,-579,176,-138,0
401.4945371150971,8500,6376,11452,-111,-106,110,7044,-9264,10316,248,144,-206,-13716,4112,5700,-1002,92,-127,-14168,-4884,6028,-518,183,-114,0
401.53364205360407,8448,6176,11340,-139,-123,103,7164,-9360,10564,3,138,-212,-13744,4148,5696,-990,81,-159,-14104,-4964,6092,-491,153,-128,0
401.5675690174103,8208,6436,11412,-176,-84,64,7136,-9296,10544,-72,198,-214,-13760,4160,5892,-958,36,-107,-13888,-4820,6020,-501,134,-172,0
401.6011230945587,8536,6492,11384,-160,-48,47,7148,-9280,10372,-67,192,-174,-13648,4180,5716,-989,26,-81,-14176,-4928,6072,-486,76,-153,0
401.63462495803833,8616,6640,11348,-137,-252,81,7096,-9292,10636,-44,121,-157,-13692,4196,5600,-772,40,-18,-14132,-4800,5928,-518,90,-101,0
401.6682951450348,8456,6620,11388,-123,-62,108,7052,-9340,10336,-41,129,-122,-13672,4216,5700,-1038,111,-36,-13940,-4804,6028,-518,71,-105,0
401.701455116272,8444,6280,11464,-103,-50,158,7348,-9364,10360,-30,93,-154,-13620,4144,5652,-1052,167,-109,-13844,-4856,6036,-525,118,-73,0
401.73498702049255,8452,6284,11432,-103,-110,163,7140,-9384,10428,6,49,-172,-13760,4168,5668,-1061,200,-97,-14112,-4804,6024,-768,121,-44,0
401.7685129642486,8540,6448,11560,-142,-103,173,7288,-9364,10576,-36,50,-177,-13820,4096,5728,-1017,208,-120,-14208,-4968,5920,-482,138,-65,0
401.8020739555359,8488,6344,11592,-110,-92,149,7232,-9356,10352,-24,128,-176,-13600,4288,5808,-1023,135,-99,-14172,-4948,5940,-517,160,-109,0
401.83575797081,8544,6312,11400,-144,-135,114,7360,-9360,10284,-18,153,-208,-13816,3852,5676,-1003,73,-114,-14100,-5108,5984,-490,190,-169,0
401.8693630695343,8476,6484,11712,-147,-85,41,7096,-9344,10268,-19,201,-204,-13644,4156,5836,-995,61,-101,-14140,-4980,6276,-473,96,-175,0
401.90252113342285,8548,6376,11544,-112,-83,49,7060,-9372,10540,-17,199,-186,-13852,4340,5752,-1006,11,-103,-14164,-4784,6000,-513,102,-166,0
401.93620896339417,8208,6188,11560,-170,-25,56,7040,-9328,10564,22,169,-148,-13712,4092,5788,-1036,22,-98,-13860,-4824,5888,-522,107,-142,0
401.9698460102081,8540,6652,11488,-104,-32,103,7148,-9256,10268,-17,137,-114,-13668,4212,5712,-1017,84,-85,-13924,-4904,6304,-545,118,-109,0
402.00354504585266,8392,6480,11328,-109,-112,137,7120,-9316,10680,-57,89,-146,-13624,3880,5788,-1004,145,-121,-14068,-4804,6068,-552,166,-106,0
402.0373909473419,8384,6348,11408,-129,-113,155,6944,-9224,10460,-42,46,-178,-13656,4132,5736,-1279,188,-73,-14108,-4796,6088,-569,163,-48,0
402.07104301452637,8600,6368,11440,-95,-140,201,7080,-9448,10324,-36,71,-93,-13712,3876,6016,-1034,163,-251,-14116,-4896,6156,-505,108,-34,0
402.1045489311218,8548,6404,11436,-129,-67,208,7132,-9368,10452,-85,64,-80,-13808,4056,5740,-1033,172,-4,-14212,-4844,6116,-546,66,-19,0
402.13770508766174,8340,6144,11488,-137,-35,190,7128,-9360,10496,-105,86,-86,-13800,4152,5780,-1027,175,-40,-14232,-4836,6140,-564,59,-44,0
402.1713490486145,8536,6376,11728,-97,-18,151,7076,-9400,10352,-96,86,-77,-13608,4264,5760,-996,117,-52,-13864,-4768,5988,-520,48,-95,0
402.2045800685883,8552,6452,11264,-116,-38,113,7232,-9280,10348,-55,151,-129,-13692,4116,5644,-1000,66,-38,-14280,-4844,6072,-518,114,-106,0
402.23823308944696,8476,6352,11412,-86,-66,94,7188,-9524,10288,226,119,-167,-13760,4112,5736,-978,76,-49,-14040,-4920,6176,-507,165,-120,0
402.27176213264465,8528,6328,11408,-144,-120,77,7068,-9376,10308,-25,137,-208,-13724,4220,5656,-954,118,-123,-14048,-4912,6356,-474,202,-105,0
402.30538296699524,8504,6376,11752,-129,-125,89,7180,-9460,10372,-50,124,-2,-13632,4268,5724,-952,92,-130,-14132,-4852,6004,-475,206,-133,0
402.3387920856476,8556,6352,11336,-146,-121,62,7120,-9332,10428,-10,148,-230,-13720,4272,5832,-954,83,-132,-14060,-4896,6200,-477,149,-112,0
402.37609696388245,8492,6384,11524,-140,-126,80,7076,-9336,10356,-52,163,-208,-13652,4132,5740,-974,107,-118,-14048,-4972,6108,-466,153,-155,0
402.4119539260865,8448,6408,11344,-105,-86,65,7156,-9384,10588,-60,149,-218,-13756,4188,5780,-920,39,-83,-14172,-4836,6104,-554,163,-151,0
402.4478669166565,8540,6332,11368,-115,-68,43,7044,-9508,10364,16,192,-196,-13744,4176,5752,-1279,29,-127,-14052,-4936,5896,-520,154,-167,0
402.4832530021668,8408,6396,11408,-74,-81,95,7044,-9428,10460,21,146,-187,-13696,4116,5860,-992,99,-88,-14292,-5008,5944,-558,155,-107,0
402.5192060470581,8484,6628,11488,-65,-126,134,7096,-9408,10564,-8,85,-171,-13608,4244,5744,-1028,111,-75,-14300,-5028,6172,-573,142,-108,0
402.5540671348572,8496,6404,11360,-105,-117,154,7140,-9296,10376,-31,47,-175,-13724,4344,5692,-1000,168,-120,-14176,-4832,6396,-550,125,-82,0
402.5898821353913,8536,6484,11440,-112,-107,171,7140,-9416,10416,-25,79,-135,-13812,4088,5688,-984,146,-48,-14200,-4984,6020,-507,100,-124,0
402.6248469352722,8592,6468,11548,-144,-110,139,7128,-9328,10576,-39,113,-166,-13744,4112,5876,-997,105,-69,-14088,-4924,6084,-475,96,-103,0
402.6603651046753,8584,6632,11504,-138,-67,133,7088,-9332,10240,-60,148,-184,-13732,4324,5640,-976,104,-37,-13888,-5100,6020,-515,82,-125,0
402.69552302360535,8468,6432,11452,-108,-92,108,7096,-9260,10504,-55,134,-195,-13748,4216,5788,-993,96,-106,-14128,-4888,6344,-500,141,-140,0
402.73138904571533,8500,6184,11512,-114,-110,71,7092,-9424,10488,-40,143,-191,-13716,4156,5932,-975,81,-88,-14188,-4832,6096,-501,153,-160,0
402.76755809783936,8480,6460,11368,-146,-103,57,7088,-9376,10492,-41,174,-170,-13652,4300,5760,-971,72,-80,-14092,-4864,6172,-502,155,-127,0
402.8022940158844,8640,6456,11412,-102,-80,94,7112,-9404,10448,-14,94,-175,-13648,4272,5768,-1017,141,-115,-14088,-4888,6104,-504,143,-99,0
402.8386161327362,8388,6540,11440,-63,-36,110,7080,-9296,10256,-78,87,-147,-13692,4140,5812,-1021,115,-62,-13964,-4616,6148,-507,62,-139,0
402.87384295463556,8500,6412,11444,-81,-255,109,7072,-9388,10476,-82,125,-134,-13768,4184,5716,-997,52,-43,-14080,-5008,6068,-521,64,-176,0
402.9094851016998,8672,6348,11428,-48,32,78,7136,-9468,10376,-67,188,-125,-13728,4172,5852,-994,67,-34,-14080,-4812,6132,-523,84,-148,0
402.9450860023499,8536,6640,11468,-97,250,88,7108,-9672,10496,-41,168,-126,-13684,4200,5616,-1028,52,-54,-14148,-5108,6256,-523,101,-140,0
402.98059010505676,8424,6412,11532,-89,-43,97,7112,-9720,10240,-56,181,-201,-13724,4124,5492,-1078,102,-85,-14148,-4780,5968,-524,117,-163,0
403.0169460773468,8436,6608,11284,-79,-51,104,7072,-9320,10428,-27,136,-169,-13780,4108,5988,-1037,96,-90,-14104,-4984,6184,-557,151,-125,0
403.0506761074066,8196,6532,11332,-97,-67,90,7180,-9352,10320,-24,147,-146,-13740,4164,5880,-1016,55,-103,-14036,-5060,6120,-531,148,-164,0
403.0839891433716,8228,6456,11400,-101,-57,89,7184,-9424,10516,-79,219,-133,-13720,3848,5748,-1009,49,-100,-14044,-4904,6176,-514,119,-147,0
403.11753702163696,8496,6508,11356,-123,11,73,7068,-9440,10392,-69,163,-170,-13620,4188,5788,-969,68,-43,-14024,-4824,6248,-495,94,-141,0
403.1507511138916,8356,6500,11588,-134,-10,91,7092,-9412,10432,-53,154,-152,-13656,4200,5800,-1002,99,-36,-14028,-4980,6144,-491,95,-85,0
403.18425297737116,8360,6428,11580,-160,-57,82,7152,-9304,10748,-31,119,-198,-13628,4168,5836,-930,118,-93,-14044,-4876,6076,-497,170,-86,0
403.21759009361267,8460,6460,11524,-191,-55,84,7180,-9336,10440,-35,148,-186,-13700,4204,5648,-975,124,-102,-14100,-4920,6212,-475,209,-97,0
403.2512950897217,8476,6496,11476,-179,-87,122,7080,-9408,10520,4,123,-204,-13660,4172,5868,-979,147,-153,-14112,-4916,6088,-497,228,-70,0
403.284814119339,8484,6496,11460,-171,-159,145,7112,-9496,10344,-8,92,-269,-13596,4260,5872,-971,154,-156,-14048,-4904,6304,-516,268,-57,0
403.318293094635,8340,6620,11416,-146,-194,187,7100,-9332,10300,-10,93,-224,-13692,4176,5720,-964,154,-117,-14176,-4824,6084,-507,238,-42,0
403.3515830039978,8472,6476,11460,-189,-181,161,7028,-9420,10448,30,95,-213,-13692,4280,5688,-1007,190,-150,-14072,-4844,6168,-510,242,-53,0
403.3847451210022,8496,6160,11736,-191,-179,160,7136,-9472,10384,61,119,-236,-13768,4168,5736,-990,155,-193,-14112,-5116,6168,-487,272,-69,0
403.41823410987854,8560,6516,11548,-224,-241,181,7120,-9412,10360,75,128,-266,-13732,4268,6044,-966,190,-160,-14312,-4668,6144,-499,260,-44,0
403.4515631198883,8436,6360,11352,-192,-219,174,7228,-9408,10464,67,99,-251,-13700,4208,5660,-980,136,-147,-14148,-5028,5904,-537,245,-59,0
403.4850130081177,8500,6388,11552,-231,-237,156,7156,-9328,10368,85,92,-256,-13664,4108,5580,-1016,148,-146,-13848,-4912,6272,-512,228,-72,0
403.518520116806,8460,6416,11320,-241,-263,164,7344,-9228,10396,94,118,-273,-13676,4076,5864,-954,148,-183,-14124,-4888,6112,-477,226,-62,0
403.5518579483033,8632,6372,11444,-223,-241,129,7128,-9336,10308,39,143,-282,-13644,3868,5728,-959,128,-210,-14132,-4720,6072,-534,268,-130,0
403.5852289199829,8652,6300,11380,-222,-232,129,7216,-9336,10252,73,133,-282,-13832,4164,5776,-1003,100,-197,-14252,-4764,6344,-525,207,-106,0
403.61882615089417,8552,6388,11444,-142,-211,140,7204,-9412,10404,22,154,-208,-13732,3916,5864,-982,81,-78,-14160,-4828,5908,-500,108,-104,0
403.6522269248963,8488,6524,11608,-204,-101,122,7124,-9208,10460,-36,136,-144,-13696,3876,5772,-955,120,-50,-13896,-4904,6140,-479,76,-58,0
403.6857259273529,8496,6636,11396,-214,-116,148,7108,-9284,10360,-66,132,-144,-13620,4068,5884,-964,146,-73,-14300,-4884,6016,-483,106,-53,0
403.71940994262695,8508,6308,11432,-154,-118,174,7108,-9304,10388,-76,98,-164,-13780,4160,5780,-1006,126,-63,-14088,-4856,6088,-540,113,-67,0
403.75270795822144,8584,6148,11080,-147,-69,179,7160,-9376,10424,-39,45,-121,-13704,4140,5804,-1033,143,-21,-14028,-4944,6300,-257,92,-67,0
403.7862179279328,8540,6632,11348,-149,-46,145,7180,-9384,10356,-98,60,-111,-13752,4104,5664,-990,179,-20,-13996,-4628,5924,-495,101,-57,0
403.8198130130768,8516,6320,11380,-137,-64,172,7012,-9384,10440,-63,85,-139,-13740,4132,5848,-1012,191,-61,-14072,-4656,6024,-501,151,-65,0
403.8531091213227,8560,6300,11672,-117,-68,143,7168,-9372,10392,-85,91,-172,-13968,4204,5692,-992,149,-99,-13964,-5084,6112,-492,136,-120,0
403.8865699768067,8604,6308,11456,-99,-92,120,7420,-9348,10304,-80,127,-172,-13740,4156,5788,-993,103,-82,-14236,-5060,6076,-452,135,-115,0
403.9201300144196,8572,6328,11392,-114,255,58,7280,-9372,10356,-109,164,-189,-13856,4180,5580,-940,64,-69,-14272,-4832,6092,-455,128,-148,0
403.95352292060846,8592,6268,11544,-111,-55,57,7096,-9308,10336,-115,199,-188,-13596,4188,5636,-970,60,-84,-14192,-5044,6196,-458,128,-169,0
403.9873600006104,8508,6312,11648,-136,-52,19,7108,-9372,10528,-124,190,-218,-13588,4184,5724,-968,56,-78,-14124,-4788,6144,-482,140,-200,0
404.0210530757904,8520,6332,11420,-121,-256,4,7052,-9220,10452,-102,211,-182,-13712,4224,5748,-965,19,-55,-14028,-4840,6120,-485,102,-204,0
404.05877804756165,8456,6408,11488,-110,31,25,7008,-9444,10312,-76,156,-163,-13660,4208,5680,-981,104,-86,-13944,-4904,6164,-471,128,-227,0
404.0944390296936,8468,6432,11360,-119,-7,4,7252,-9292,10444,-70,183,-181,-13688,4136,6020,-975,59,-120,-14012,-4904,6136,-481,150,-159,0
404.13030099868774,8572,6364,11268,-65,-38,66,7132,-9348,10448,-112,173,-193,-13744,4164,5752,-978,61,-88,-14148,-4756,6100,-534,105,-237,0
404.16549801826477,8532,6436,11328,-81,20,20,7160,-9360,10716,-47,194,-176,-13808,4180,5680,-1022,4,-106,-14004,-4956,6268,-472,125,-186,0
404.2011630535126,8448,6544,11492,-137,-13,29,7120,-9248,10512,-89,222,-129,-13696,4040,5804,-976,41,-59,-14028,-4960,6136,-489,90,-168,0
404.2360799312592,8584,6476,11464,-96,9,60,7128,-9428,10520,-156,197,-165,-13652,4276,5732,-950,87,-31,-14188,-4912,5912,-501,106,-134,0
404.2718770503998,8544,6464,11528,-170,-9,50,7080,-9356,10464,-146,185,-181,-13692,4268,5852,-933,90,-41,-14152,-4828,6180,-451,103,-129,0
404.30755305290216,8464,6456,11560,-123,-2,60,7156,-9360,10424,-120,160,-155,-13660,4120,5924,-941,105,-28,-14016,-4920,6212,-467,90,-150,0
404.34345412254333,8660,6192,11504,-78,27,77,7032,-9412,10360,-79,363,-209,-13760,4556,5804,-1068,48,-28,-14068,-4888,6260,-508,70,-173,0
404.3795020580292,8388,6176,11300,-63,-8,39,7048,-9488,10488,-49,174,-121,-13716,4196,5700,-968,25,-83,-14332,-4824,6192,-520,64,-183,0
404.41501212120056,8656,6476,11504,-82,249,58,7152,-9220,10364,-64,505,-162,-13736,4240,5392,-1051,99,-99,-13940,-4824,6172,-257,128,-140,0
404.4511799812317,8500,6484,11428,-105,-9,90,7040,-9292,10416,-16,66,-166,-13524,4140,5716,-991,135,-126,-13992,-4892,6216,-485,133,-117,0
404.48607802391047,8252,6396,11464,-99,-46,108,6920,-9384,10472,-87,147,-192,-13616,4164,5840,-960,123,-102,-13828,-5116,6236,-498,136,-116,0
404.5225119590759,8204,6356,11348,-139,-93,92,6924,-9428,10420,-41,157,-219,-13700,4268,5680,-979,91,-72,-14100,-4912,6392,-491,156,-143,0
404.55813908576965,8340,6476,11404,-123,-54,94,7228,-9472,10356,-78,169,-120,-13692,4240,5664,-1014,101,-76,-13836,-4888,6208,-486,133,-141,0
404.5931370258332,8420,6584,11472,-134,-23,100,7092,-9444,10412,-62,154,-181,-13348,4192,5792,-977,87,-99,-14116,-4888,6056,-496,110,-126,0
404.62918400764465,8612,6184,11472,-118,-48,79,7112,-9312,10404,-61,168,-167,-13640,4124,5856,-974,63,-37,-13832,-4956,6108,-502,96,-185,0
404.66411113739014,8384,6476,11436,-174,-40,56,7216,-9452,10464,-35,188,-193,-13700,4140,5904,-945,78,-85,-14024,-4836,6196,-488,178,-134,0
404.70017313957214,8624,6532,11688,-165,-95,91,7072,-9488,10424,-9,206,-202,-13720,4228,5768,-954,89,-114,-13996,-4928,6068,-469,207,-108,0
404.7336699962616,8352,6500,11596,-173,-148,101,7060,-9396,10688,19,169,-233,-13808,4180,5796,-964,125,-185,-13984,-4964,6372,-486,214,-105,0
404.7669749259949,8408,6536,11600,-153,-194,113,7060,-9372,10468,9,126,-265,-13696,4252,5784,-972,127,-160,-13832,-4892,6288,-466,235,-91,0
404.8004760742188,8336,6196,11356,-164,-214,114,7128,-9384,10356,-21,131,-236,-13600,4264,5932,-963,131,-102,-14024,-4888,6180,-485,183,-93,0
404.8339400291443,8688,6376,11456,-156,-191,141,7028,-9456,10132,-251,143,-232,-13712,4208,5668,-956,121,-108,-13956,-4800,6144,-528,192,-55,0
404.8676791191101,8360,6164,11520,-210,-176,149,7416,-9340,10676,38,116,-235,-13744,4240,5416,-1003,146,-145,-14040,-4860,6100,-501,154,-52,0
404.9010970592499,8432,6220,11296,-163,-180,170,7104,-9436,10520,28,95,-198,-13684,4240,5676,-970,144,-139,-14052,-4872,6256,-502,184,-66,0
404.93465995788574,8376,6412,11448,-181,-204,150,7116,-9308,10388,8,100,-246,-13708,4260,5628,-940,156,-155,-14092,-4800,5948,-516,221,-54,0
404.9681820869446,8448,6376,11404,-211,-244,189,7104,-9416,10132,58,105,-271,-13776,4324,5708,-927,189,-155,-14092,-4832,5896,-485,203,-71,0
405.0017731189728,8564,6616,11436,-165,-228,160,7068,-9396,10308,34,87,-247,-13740,4196,5668,-988,139,-97,-14120,-5096,5936,-510,168,-57,0
405.03549313545227,8556,6364,11516,-176,-210,148,7092,-9328,10000,-32,124,-186,-14004,4128,5668,-973,122,-135,-14060,-4872,6344,-494,124,-90,0
405.0690460205078,8472,6384,11396,-159,-163,140,7176,-9556,10404,2,175,-221,-13672,4276,5792,-980,95,-123,-14084,-4708,6244,-495,156,-119,0
405.1025950908661,8232,6368,11352,-134,-172,125,6920,-9236,10428,28,101,-223,-13748,4252,5868,-1022,92,-204,-13828,-4804,6176,-504,191,-106,0
405.13601303100586,8464,6456,11484,-151,-195,115,7164,-9332,10348,45,130,-507,-13656,4380,5620,-988,144,-153,-13996,-4928,6100,-257,161,-96,0
405.1697599887848,8556,6396,11504,-127,-226,135,7140,-9388,10332,-4,88,-245,-13696,4064,5764,-982,140,-170,-14088,-4828,6232,-504,154,-109,0
405.20346212387085,8488,6360,11408,-145,-249,157,7044,-9372,10552,6,61,-238,-13628,4280,5876,-1119,192,-119,-14144,-4868,6136,-523,147,-75,0
405.23689794540405,8512,6528,11432,-124,-203,147,7100,-9372,10380,-19,81,-241,-13820,4196,5572,-998,136,-84,-14000,-4888,6188,-552,120,-127,0
405.2701859474182,8500,6328,11340,-95,-207,159,7096,-9388,10580,-18,66,-231,-13664,4252,5648,-994,138,-121,-14152,-4920,6292,-550,125,-101,0
405.30371499061584,8348,6396,11336,-97,-176,139,6912,-9276,10416,-80,57,-206,-13656,4216,5748,-1011,153,-119,-14116,-4932,6148,-768,68,-115,0
405.33733701705927,8580,6276,11360,-86,-149,119,7408,-9356,10352,-105,82,-189,-13748,4244,5688,-962,115,-87,-14056,-4884,6020,-519,61,-162,0
405.37082505226135,8496,6332,11260,-57,-85,105,7128,-9376,10472,-68,110,-170,-13824,4244,5560,-999,67,-42,-14068,-4804,5992,-540,39,-166,0
405.4043941497803,8584,6424,11388,-75,-93,111,7220,-9320,10392,-41,114,-146,-13808,4192,5552,-999,35,-50,-14300,-5092,5936,-539,35,-182,0
405.4380509853363,8488,6404,11504,-47,-86,78,7240,-9296,10524,-64,128,-140,-13812,4104,5440,-1016,75,-54,-13844,-4920,5992,-505,24,-134,0
405.47152400016785,8584,6432,11584,-45,-71,102,6932,-9348,10532,-101,106,-152,-13676,4260,5796,-1015,61,-45,-14308,-4784,6024,-549,33,-165,0
405.50500011444086,8612,6372,11264,-25,-63,97,7144,-9408,10440,-98,114,-138,-13756,4260,5704,-1046,30,-61,-14060,-4612,6360,-557,12,-189,0
405.53853607177734,8504,6428,11432,-48,-32,95,7232,-9388,10452,-51,129,-128,-13808,4128,5808,-1041,34,-59,-14272,-4972,6272,-483,31,-176,0
405.5722019672394,8384,6448,11420,-47,-24,77,7060,-9448,10456,-33,94,-130,-13456,4136,5928,-1034,22,243,-14292,-4920,6160,-545,7,-168,0
405.60570812225336,8452,6484,11384,-47,-51,71,7184,-9424,10360,-77,155,-170,-13744,4184,5848,-1006,24,-44,-14028,-4948,6248,-763,44,-200,0
405.639123916626,8564,6452,11212,-68,-34,57,7172,-9364,10280,-69,126,-189,-13644,4112,5728,-1053,83,-87,-14012,-4900,6076,-522,72,-147,0
405.6726269721985,8464,6456,11364,-26,-16,86,7120,-9336,10432,-89,116,-148,-13548,4152,5680,-1017,30,-101,-13856,-4972,6300,-520,74,-179,0
405.7056429386139,8460,6432,11352,-52,-12,69,7068,-9288,10428,-55,113,-135,-13608,4208,5828,-1275,70,-73,-14124,-4952,6280,-518,25,-161,0
405.7434740066529,8624,6544,11488,-51,-38,94,6952,-9312,10420,-77,113,-140,-13712,4224,5768,-998,69,-31,-14020,-4980,6284,-533,67,-119,0
405.77908396720886,8576,6476,11272,-30,-12,117,7380,-9300,10324,-64,78,-155,-13624,4136,5756,-1032,132,-94,-14072,-4900,6312,-501,93,-129,0
405.8140900135041,8528,6480,11248,-90,-78,131,7104,-9384,10452,-21,95,-160,-13704,4288,5696,-1046,111,-71,-14072,-4944,6292,-534,132,-116,0
405.8496141433716,8536,6504,11420,-51,-51,114,7048,-9360,10652,-41,76,-175,-13628,4192,5852,-1082,88,-98,-13928,-4948,6272,-532,88,-144,0
405.8846831321716,8544,6532,11304,-61,-62,99,7148,-9376,10424,-20,92,-110,-13672,4136,5872,-1073,65,-43,-13828,-5000,6240,-519,77,-146,0
405.9200880527497,8484,6512,11460,-67,-8,114,7148,-9232,10300,-20,140,-146,-13732,4172,5808,-1044,70,-81,-14032,-4908,6276,-524,105,-101,0
405.9556920528412,8540,6432,11332,-96,-62,97,7260,-9348,10372,-17,105,-137,-13784,4236,5956,-1073,92,-108,-13936,-4780,6364,-505,114,-149,0
405.9917049407959,8656,6576,11344,-94,-59,126,7132,-9284,10400,-34,126,-175,-13680,4140,5744,-1278,49,-69,-14016,-4972,6352,-504,111,-115,0
406.0279059410095,8208,6516,11328,-111,-53,79,7060,-9412,10468,-20,117,-175,-13608,4328,5808,-1002,76,-93,-14032,-4976,6352,-495,150,-141,0
406.0626780986786,8444,6492,11384,-107,-77,101,7164,-9452,10316,-33,141,-193,-13640,4204,5752,-1039,86,-93,-13940,-4984,6356,-509,140,-176,0
406.0986070632934,8424,6468,11336,-102,-74,100,7240,-9412,10456,-17,142,-186,-13688,4328,5768,-1023,78,-102,-14040,-4888,6248,-489,155,-126,0
406.1337220668793,8480,6492,11356,-99,-102,73,7164,-9264,10396,-29,136,-178,-13624,4100,5592,-1033,85,-139,-13904,-5008,6312,-486,148,-105,0
406.16956400871277,8464,6624,11348,-85,-88,116,7416,-9336,10388,-57,103,-182,-13656,4224,5708,-991,98,-45,-14072,-4872,6216,-257,118,-127,0
406.2050471305847,8480,6516,11420,-120,-91,114,7236,-9228,10416,-14,104,-157,-13728,4220,5756,-1040,76,-91,-14076,-5008,6212,-521,136,-134,0
406.2407670021057,8412,6504,11324,-137,-65,118,7228,-9412,10420,-26,131,-163,-13596,4152,5832,-1010,45,-36,-14036,-4948,6140,-518,110,-120,0
406.2755000591278,8512,6548,11344,-115,-56,113,7052,-9312,10468,-86,157,-146,-13764,4156,5860,-993,49,-38,-14072,-5096,6204,-257,99,-144,0
406.3114559650421,8556,6536,11164,-112,-17,100,7052,-9428,10320,-18,141,-165,-13468,4140,5780,-1004,67,-71,-13932,-4912,6332,-489,99,-118,0
406.3476800918579,8672,6464,11392,-119,-46,117,7184,-9356,10540,-35,140,-136,-13672,4224,5872,-1275,88,-61,-14040,-5072,6284,-480,132,-76,0
406.38329315185547,8192,6516,11292,-126,-49,147,7192,-9396,10328,10,132,-121,-13720,4328,5708,-1048,91,-39,-14000,-5040,6312,-488,101,-75,0
406.4168529510498,8356,6504,11444,-150,-78,121,7116,-9376,10356,-8,133,-145,-13660,4268,5828,-1023,101,-66,-13992,-4944,6348,-485,135,-57,0
406.4503231048584,8384,6624,11552,-157,-152,173,7016,-9552,10472,9,80,-212,-13684,4272,5692,-1056,161,-128,-13984,-4984,6368,-462,217,-65,0
406.4839510917664,8448,6496,11268,-130,-191,194,7080,-9632,10448,29,92,-234,-13648,4268,5864,-1028,142,-134,-13956,-4928,6296,-258,206,-57,0
406.51753997802734,8408,6448,11372,-130,-196,173,6924,-9452,10356,12,91,-245,-13324,4156,5692,-1019,169,-131,-13904,-5052,6284,-261,225,-52,0
406.55347514152527,8368,6576,11300,-151,-511,194,7124,-9452,10472,0,66,-256,-13596,4272,5764,-985,224,-165,-13956,-5040,6192,-491,225,-63,0
406.5878410339356,8496,6520,11348,-197,-176,123,7232,-9320,10388,12,120,-276,-13772,4216,5884,-983,154,-180,-14004,-4744,6220,-475,236,-102,0
406.62143301963806,8868,6552,11392,-161,-156,117,7228,-9396,10448,24,156,-237,-13712,4088,5724,-977,108,-163,-14076,-5088,5924,-496,217,-135,0
406.65477895736694,8468,6520,11408,-179,-164,112,7408,-9336,10468,14,153,-235,-13656,4096,6020,-1003,105,-128,-14008,-4868,6204,-506,199,-114,0
406.6883139610291,8528,6536,11296,-168,-209,110,7108,-9384,10256,-32,78,-234,-13680,4176,5668,-1013,130,-130,-14028,-4948,6248,-502,206,-86,0
406.7218511104584,8512,6552,11248,-156,-177,150,7196,-9668,10236,-8,75,-225,-13620,4140,5756,-1023,125,-125,-14336,-5120,6288,-527,213,-74,0
406.7554910182953,8584,6456,11292,-153,-151,147,7324,-9220,10456,15,65,-194,-13616,4080,5928,-1039,128,-112,-14028,-4912,6320,-535,218,-55,0
406.789085149765,8556,6472,11336,-137,-170,176,7080,-9400,10628,13,67,-181,-13632,4228,5904,-1037,167,-139,-13940,-4964,6416,-543,231,-56,0
406.8226180076599,8540,6520,11032,-155,-186,199,7196,-9316,10604,10,37,-198,-13752,4128,5724,-1029,155,-117,-13976,-4880,6280,-523,240,-65,0
406.8560781478882,8504,6508,11308,-190,-161,173,7216,-9328,10436,21,105,-201,-13632,4068,5640,-1017,141,-109,-14128,-4868,6400,-541,210,-46,0
406.8895599842072,8672,6468,11644,-168,-170,167,7268,-9284,10416,-7,102,-181,-13712,4172,5836,-1017,97,-78,-13976,-4916,6344,-528,189,-111,0
406.9230329990387,8548,6220,11448,-176,-112,131,7152,-9388,10356,14,106,-169,-13760,4208,5860,-1034,48,-103,-14036,-4884,6304,-530,223,-91,0
406.9565989971161,8480,6512,11300,-209,-160,117,7416,-9356,10384,45,133,-203,-13692,3864,6024,-1000,108,-121,-14036,-4940,6232,-549,216,-75,0
406.9901111125946,8524,6528,11480,-126,-177,112,7192,-9372,10348,-23,90,-213,-13680,4204,5772,-1013,126,-142,-13960,-4880,6236,-565,284,-82,0
407.0238339900971,8648,6164,11424,-174,-200,111,7244,-9340,10208,24,126,-272,-13720,4204,5448,-984,90,-194,-13932,-4660,6144,-571,280,-138,0
407.05741500854487,8892,6480,11328,-131,-195,109,7652,-9280,10392,-28,142,-213,-13636,4136,5752,-959,40,-123,-14104,-4884,6280,-556,243,-163,0
407.0910301208496,8944,6464,11036,-79,-99,76,7256,-9348,10264,-48,162,-205,-13748,4112,5864,-961,-20,-82,-14100,-4928,6192,-480,168,-183,0
407.12473702430725,8628,6532,11408,-119,-41,37,7248,-9316,10384,-18,171,-174,-13712,4104,5796,-978,8,-75,-14212,-4956,6372,-503,133,-194,0
407.1581320762634,8500,6556,11404,-150,-71,61,6936,-9312,10408,-22,189,-200,-13728,3908,6020,-990,33,-99,-13996,-4904,6176,-519,161,-172,0
407.1916799545288,8456,6496,11420,-88,-75,71,7276,-9336,10460,-42,145,-177,-13708,4032,5848,-1024,54,-110,-13916,-4880,6148,-259,145,-152,0
407.22531604766846,8560,6496,11220,-71,-47,92,7152,-9332,10280,-91,88,-163,-13552,4108,5904,-1021,118,-96,-14068,-4852,6288,-501,86,-108,0
407.25895500183105,8540,6596,11340,-91,-78,112,7220,-9364,10604,-62,100,-148,-13664,4196,5920,-1011,120,-73,-14152,-4932,6172,-259,88,-123,0
407.29253697395325,8528,6532,11264,-111,-30,104,7212,-9336,10420,-32,128,-133,-13676,4180,5776,-1021,132,-50,-14032,-5084,6212,-519,93,-144,0
407.32606506347656,8580,6524,11416,-101,-27,77,7176,-9368,10296,-48,162,-134,-13672,4188,5712,-1036,116,-40,-13896,-4992,6328,-497,130,-144,0
407.3596920967102,8560,6484,11360,-101,-87,94,7208,-9404,10392,-55,109,-161,-13668,4176,5880,-983,113,-74,-14000,-4932,6340,-498,108,-116,0
407.39555096626276,8528,6588,11348,-101,-67,88,7076,-9320,10444,-60,124,-182,-13724,4092,5680,-992,93,-53,-14148,-4912,6256,-260,79,-151,0
407.4314930438996,8628,6388,11428,-134,-23,54,7244,-9372,10348,-79,135,-151,-13592,4104,5864,-1010,70,-56,-14136,-5104,6412,-534,80,-187,0
407.46777296066284,8604,6512,11144,-89,-45,23,7268,-9372,10352,-55,157,-137,-13604,4344,5732,-974,69,-109,-13904,-4968,6200,-505,123,-161,0
407.5026340484619,8588,6492,11260,-79,-66,56,7152,-9400,10396,-56,155,-169,-13744,4188,5888,-1007,78,-71,-14028,-5104,6236,-506,158,-159,0
407.5387010574341,8576,6520,11332,-90,-38,61,7136,-9288,10520,-66,141,-171,-13704,4220,5968,-959,117,-51,-14060,-4972,6320,-496,150,-130,0
407.5742220878601,8448,6420,11060,-71,-52,97,7268,-9332,10372,-72,149,-163,-13628,4212,5744,-949,89,-79,-14108,-4860,6232,-542,105,-154,0
407.61001801490784,8500,6500,11392,-117,-35,67,7316,-9372,10448,-32,190,-132,-13760,4188,5840,-978,39,-38,-14288,-4848,6220,-525,85,-173,0
407.64504408836365,8560,6604,11212,-93,-30,75,7236,-9204,10396,-37,190,-163,-13696,4104,5976,-1027,62,-82,-14000,-5040,6200,-535,86,-147,0
407.6807749271393,8696,6640,11264,-80,8,71,7180,-9340,10468,-67,182,-133,-13720,4180,5948,-987,62,-37,-14032,-4992,5924,-498,79,-151,0
407.7170660495758,8476,6404,11108,-120,250,72,7196,-9372,10292,-7,151,-125,-13568,4204,5944,-958,80,-35,-14004,-4964,6204,-491,107,-136,0
407.75254607200617,8512,6592,11268,-113,25,91,7096,-9324,10372,-45,151,-144,-13380,4192,6116,-938,104,-47,-13928,-5000,6316,-489,139,-121,0
407.7883460521698,8564,6616,11276,-136,-37,96,7080,-9368,10312,-61,121,-160,-13712,4184,5836,-983,121,-71,-14004,-4928,6348,-466,144,-111,0
407.8238949775696,8500,6596,11344,-150,-68,99,7304,-9256,10372,-95,139,-162,-13644,4204,5764,-940,136,-37,-14020,-5060,6152,-494,145,-117,0
407.8596501350403,8504,6576,11280,-133,-79,100,7168,-9436,10252,-92,141,-157,-13676,4168,6044,-959,116,-80,-13968,-4944,6400,-496,172,-118,0
407.89491891860956,8424,6592,11304,-149,-98,69,7240,-9356,10300,-42,104,-193,-13672,4200,6116,-999,109,-104,-14064,-4976,6284,-488,181,-131,0
407.9306271076203,8456,6532,11316,-122,-17,110,7180,-9400,10204,-44,119,-192,-13708,4272,5836,-969,131,-109,-14132,-4964,6336,-484,177,-130,0
407.965940952301,8612,6412,11336,-170,-18,88,7192,-9432,10340,-17,131,-176,-13684,4280,5904,-992,122,-65,-13872,-4928,6160,-483,138,-101,0
408.00133204460144,8516,6508,11532,-178,250,113,7164,-9412,10400,-19,118,-170,-13644,4196,5880,-1020,111,-102,-13968,-4808,6200,-492,192,-79,0
408.03900814056396,8512,6564,11460,-173,-77,111,7180,-9468,10484,-12,159,-163,-13624,4196,5852,-1018,114,-101,-14256,-5028,6176,-497,175,-119,0
408.0725030899048,8556,6548,11404,-158,-86,118,7176,-9328,10196,-22,145,-163,-13712,4172,6100,-997,102,-104,-14260,-5084,6252,-505,182,-104,0
408.1060450077057,8508,6484,11160,-144,-83,114,7112,-9452,10400,-39,136,-155,-13688,4324,5536,-989,101,-96,-13936,-5044,6176,-485,180,-89,0
408.13972902297974,8412,6580,11300,-206,-79,88,6972,-9412,10408,-254,178,-181,-13636,4236,5952,-1013,105,-114,-14016,-4928,6364,-475,232,-91,0
408.1733629703522,8488,6576,11412,-208,-125,130,7100,-9356,10492,41,140,-207,-13688,4184,5852,-1021,138,-133,-13988,-5048,6420,-517,248,-56,0
408.2068250179291,8496,6516,11408,-166,-148,132,7136,-9400,10384,39,96,-218,-13396,4232,5876,-991,171,-118,-14056,-4888,6348,-759,247,-87,0
408.2405650615692,8452,6440,11544,-170,-158,152,7080,-9404,10480,6,104,-231,-13644,4160,6100,-965,166,-164,-13936,-4892,6216,-262,250,-83,0
408.2741720676422,8416,6536,11748,-176,-197,162,7152,-9432,10356,18,125,-239,-13664,4220,5728,-966,158,-185,-14052,-4992,6160,-257,245,-64,0
408.3077280521393,8492,6516,11316,-206,-201,142,7120,-9356,10360,254,126,-229,-13732,4116,5884,-954,126,-155,-14084,-4856,6220,-499,218,-85,0
408.3412020206452,8548,6508,11392,-187,-173,161,7188,-9396,10372,-256,146,-191,-13652,4152,5760,-948,128,-104,-14000,-4940,6328,-548,212,-74,0
408.3747510910034,8544,6520,11132,-167,-170,162,7196,-9448,10268,25,97,-201,-13760,4196,5680,-1005,135,-100,-14320,-4932,6028,-539,237,-72,0
408.40809893608093,8568,6464,11476,-177,-167,158,7364,-9344,10408,45,93,-206,-13728,4196,5832,-987,168,-134,-13972,-5012,5928,-510,204,-25,0
408.4417209625244,8552,6640,11316,-129,-151,160,7020,-9360,10404,-11,111,-228,-13692,4112,5692,-982,150,-147,-13892,-5092,6076,-481,205,-79,0
408.47531914711,8500,6520,11412,-188,-191,127,7196,-9348,10372,40,140,-237,-13704,4152,5776,-969,121,-180,-14132,-4632,6136,-500,217,-93,0
408.5089139938355,8588,6444,11356,-206,-191,121,7224,-9432,10328,42,144,-170,-13820,4240,5940,-769,96,-133,-13992,-4980,6172,-502,191,-86,0
408.5424129962921,8556,6464,11224,-165,-149,143,7080,-9372,10576,21,143,-188,-13512,4136,5912,-1006,101,-98,-13948,-4964,6252,-506,179,-92,0
408.5759060382843,8700,6480,11500,-179,-218,132,7168,-9368,10600,18,132,-187,-13684,4148,5948,-1008,136,-105,-14024,-4988,6256,-525,216,-76,0
408.60943412780756,8544,6524,11448,-126,-179,146,7084,-9252,10392,4,125,-229,-13724,4200,5792,-982,145,-150,-14224,-4648,6272,-448,214,-79,0
408.64279913902277,8564,6652,11508,-120,-174,141,6976,-9364,10304,6,93,-245,-13584,4160,5692,-995,141,-166,-14032,-4916,6364,-535,205,-109,0
408.67655897140503,8232,6572,11312,-128,-193,122,7340,-9272,10316,-48,115,-249,-13616,4236,5724,-989,157,-144,-14044,-4952,6140,-597,171,-98,0
408.7100169658661,8460,6496,11288,-105,-192,106,7252,-9308,10412,-51,98,-219,-13552,4148,5852,-983,113,-108,-14004,-4880,6204,-539,195,-119,0
408.74349808692926,8540,6444,11260,-116,-147,102,7152,-9352,10508,-26,107,-211,-13732,4248,5724,-978,109,-87,-14108,-4860,6124,-530,181,-151,0
408.7769329547882,8872,6444,11344,-97,-92,84,7252,-9368,10328,-18,122,-184,-13656,4128,5768,-973,99,-83,-14088,-4900,6252,-539,178,-135,0
408.810693025589,8580,6548,11328,-111,-72,123,7288,-9344,10344,-50,115,-184,-13736,4160,5752,-986,95,-112,-14116,-4928,6048,-258,135,-141,0
408.8439741134644,8624,6384,11380,-112,-31,88,7212,-9384,10248,-61,146,-168,-13760,3920,5868,-963,105,-85,-14080,-4980,6276,-556,110,-135,0
408.87753200531006,8636,6532,11416,-105,-57,104,7168,-9388,10416,-48,107,-147,-13592,4164,5752,-996,80,-50,-13956,-4988,6284,-560,74,-148,0
408.91074895858765,8616,6480,11476,-105,-37,104,7192,-9400,10388,-9,130,-132,-13692,4096,5852,-1007,66,-18,-14152,-4800,6124,-563,92,-112,0
408.9443509578705,8540,6504,11412,-93,-53,121,7224,-9256,10260,-43,113,-138,-13640,4180,5732,-1019,94,-33,-14076,-4948,6296,-538,92,-156,0
408.977942943573,8504,6500,11296,-86,-53,115,7268,-9312,10408,4,123,-163,-13620,4248,5712,-1040,90,-109,-13940,-4896,6216,-520,70,-141,0
409.011677980423,8696,6544,11416,-116,-29,107,6912,-9348,10480,6,109,-173,-13768,4132,5828,-1044,103,-79,-14008,-4964,6232,-490,29,-135,0
409.0450849533081,8464,6556,11760,-141,-5,131,7192,-9288,10304,-33,116,-164,-13612,4308,5912,-1036,81,-94,-14052,-4952,6208,-576,34,-155,0
409.08196711540216,8648,6464,11244,-88,-59,106,7228,-9400,10416,-6,133,-162,-13648,4228,5816,-1061,34,-38,-14116,-4964,6228,-605,53,-181,0
409.1178650856018,8556,6548,11456,-75,-73,95,7328,-9312,10472,-40,122,-152,-13620,4176,5700,-1047,60,-69,-14028,-4880,6148,-536,68,-143,0
409.15288496017456,8560,6540,11064,-57,-28,97,7328,-9388,10464,-88,88,-155,-13736,4120,5868,-1032,51,-33,-14284,-5020,6280,-512,16,-174,0
409.18823504447937,8560,6468,11456,-73,-18,53,7204,-9228,10308,-69,116,-167,-13712,4092,5872,-1006,42,-115,-13892,-4976,6252,-516,53,-162,0
409.22329092025757,8532,6600,11312,-69,-27,46,7212,-9428,10372,-57,144,-165,-13700,4220,5680,-1016,44,-52,-13928,-4952,6264,-524,75,-152,0
409.2588081359863,8544,6528,11208,-89,-21,84,7212,-9400,10408,-21,97,-126,-13572,4184,5824,-1031,62,-87,-13940,-4976,6200,-495,38,-135,0
409.294429063797,8516,6660,11280,-107,22,87,7168,-9296,10488,-54,71,-142,-13684,4208,5852,-1049,106,-87,-13988,-4940,6292,-497,46,-132,0
409.3301639556885,8544,6564,11268,-157,21,140,7220,-9328,10352,-27,55,-155,-13760,4228,5756,-1014,159,-78,-14072,-4912,6172,-502,14,-150,0
409.36493492126465,8524,6552,11424,-143,35,124,7224,-9356,10288,-5,112,-147,-13692,4080,5912,-994,80,-60,-13948,-4992,6252,-533,42,-167,0
409.4008650779724,8480,6592,11372,-140,31,121,7148,-9460,10352,12,99,-136,-13396,4192,5828,-1031,122,-32,-13960,-5016,6352,-524,80,-141,0
409.436175107956,8524,6604,11492,-157,255,122,7236,-9396,10296,-7,47,-149,-13632,4316,6020,-1031,169,-121,-13872,-5040,6588,-542,120,-86,0
409.47196197509766,8460,6576,11332,-145,48,137,7196,-9372,10476,-16,34,-138,-13688,4156,5804,-995,124,-52,-14144,-4960,6204,-514,112,-94,0
409.5082080364228,8568,6584,11512,-147,-11,142,7188,-9300,10384,-16,79,-153,-13664,4296,5852,-989,101,-39,-13908,-5048,6232,-571,168,-138,0
409.5437409877777,8504,6604,11348,-106,-14,122,7196,-9344,10392,-32,31,-195,-13624,4152,5884,-864,75,-109,-13964,-5052,6264,-599,104,-158,0
409.57962107658386,8596,6812,11280,-76,3,128,7172,-9328,10256,-115,28,-186,-13640,4248,5964,-891,90,-87,-14200,-4960,6284,-539,149,-172,0
409.6145009994507,8560,6548,11440,-107,-54,97,7280,-9408,10452,-41,106,-159,-13760,4132,5864,-1005,20,-99,-13976,-5028,6444,-524,155,-147,0
409.6502220630646,8384,6536,11400,-166,-37,87,7244,-9384,10400,33,142,-213,-13628,4212,6136,-969,88,-81,-13912,-4852,6352,-542,145,-143,0
409.6855931282044,8400,6548,11444,-129,-30,64,7184,-9380,10316,-42,126,-173,-13644,4184,5904,-916,79,-81,-13960,-5004,6348,-584,158,-135,0
409.7235939502716,8436,6548,11324,-163,-112,87,7244,-9368,10448,-29,110,-200,-13692,4156,5808,-960,97,-111,-14036,-4948,6264,-573,228,-102,0
409.7570641040802,8460,6528,11340,-178,-94,126,7252,-9312,10324,15,106,-184,-13620,4212,5808,-968,141,-176,-14036,-5024,6204,-484,181,-89,0
409.79056310653687,8432,6628,11604,-195,-100,124,7048,-9308,10432,8,133,-225,-13724,4248,5868,-995,110,-148,-13832,-5320,6320,-504,179,-90,0
409.8240900039673,8696,6548,11700,-186,-170,142,7344,-9388,10360,9,111,-252,-13608,4208,5768,-1002,119,-129,-14016,-5000,6364,-534,177,-97,0
409.8573849201203,8460,6516,11292,-129,-231,179,7236,-9396,10552,-44,99,-203,-13344,4268,5680,-1050,100,-70,-14000,-5092,6220,-766,123,-84,0
409.8907270431518,8572,6536,11244,-101,-229,181,7200,-9376,10128,45,162,-200,-13520,4072,6020,-961,116,-75,-13996,-5020,6312,-537,153,-89,0
409.92445707321167,8376,6520,11400,-135,-130,132,7400,-9288,10420,-3,79,-190,-13700,4200,5852,-1045,140,-139,-14016,-5052,6240,-564,221,-82,0
409.95777893066406,8512,6564,11448,-194,-233,182,7304,-9344,10460,-14,55,-218,-13344,4172,5780,-1101,125,-176,-13908,-5096,6328,-456,152,-34,0
409.9913890361786,8512,6436,11508,-139,-236,176,7276,-9384,10284,-22,68,-234,-13748,4220,5864,-1029,150,-124,-14096,-5008,6304,-488,172,-35,0
410.0250060558319,8524,6484,11456,-162,-218,182,7200,-9308,10428,-18,18,-255,-13736,4188,5916,-987,156,-104,-14008,-5024,6348,-487,155,-39,0
410.0584030151367,8584,6556,11476,-149,-272,169,7428,-9332,10456,-93,51,-508,-13704,4196,5796,-1068,160,-169,-13972,-4900,6108,-452,193,-37,0
410.0919470787049,8584,6492,11340,-145,-279,170,7508,-9372,10456,-8,108,-239,-13816,4164,5740,-1033,129,-129,-14044,-4956,6188,-466,166,-76,0
410.12558007240295,8936,6440,11136,-146,-214,149,7300,-9336,10372,38,136,-182,-13704,4228,5960,-1045,101,-138,-14012,-5060,6340,-483,162,-100,0
410.1586971282959,8640,6576,11344,-151,-151,-232,7164,-9356,10600,-54,71,-207,-13536,4228,5980,-1267,90,-140,-13980,-5008,6288,-451,137,-88,0
410.2096209526062,8420,6532,11480,-179,-176,123,7244,-9392,10448,-3,150,-233,-13640,4224,5668,-1069,101,-146,-14012,-5016,6396,-454,158,-71,0
410.253839969635,8540,6492,11672,-130,-193,129,7248,-9280,10424,-30,127,-215,-13804,4168,5632,-1033,94,-124,-14020,-5080,6312,-470,212,-90,0
410.2875981330872,8568,6584,11440,-154,-215,150,7248,-9316,10328,-8,103,-207,-13700,4200,5724,-1075,89,-160,-14316,-4928,6348,-479,161,-78,0
410.3209609985352,8500,6504,11484,-179,-170,126,7368,-9284,10340,-11,118,-194,-13704,4228,5968,-1032,107,-134,-13912,-4988,6196,-514,169,-61,0
410.3541491031647,8484,6444,11496,-178,-141,129,7388,-9260,10304,24,68,-180,-13692,4184,5868,-984,141,-83,-13932,-5020,6332,-499,158,-126,0
410.3874850273133,8508,6504,11468,-211,-107,101,7280,-9272,10280,28,121,-193,-13652,4112,5852,-1000,114,-118,-14024,-4928,6296,-520,175,-80,0
410.4210641384125,8620,6412,11232,-182,-59,113,7384,-9348,10240,1,121,-188,-13600,4148,6024,-769,103,-132,-14020,-4976,6244,-499,207,-120,0
410.4542701244354,8556,6380,11300,-204,28,96,7252,-9288,10328,6,126,-183,-13612,4060,5756,-1008,85,-143,-14044,-5032,5964,-649,216,-150,0
410.48794102668757,8700,6476,11288,-240,-243,75,7316,-9296,10380,-25,143,-177,-13740,4120,5804,-939,19,-60,-14152,-4808,6364,-438,192,-148,0
410.5213069915772,8668,6372,11168,-123,-5,70,7328,-9248,10060,3,181,-128,-13608,4256,6064,-977,9,-41,-13916,-5032,6344,-372,154,-138,0
410.55485701560974,8548,6572,11308,-82,121,72,7200,-9332,10192,-254,142,-114,-13716,4232,5824,-966,25,-37,-14008,-5008,6220,-450,211,-160,0
410.5884940624237,8624,6500,11220,-209,59,108,7296,-9344,10300,-15,194,-167,-13672,4176,6016,-939,-6,-59,-14016,-4964,6384,-450,190,-164,0
410.6220359802246,8520,6480,11340,-170,-77,66,7340,-9340,10636,-67,156,-123,-13644,4188,6100,-924,-15,-43,-14088,-4992,6312,-469,128,-174,0
410.6553010940552,8476,6440,11380,-256,-39,65,7200,-9392,10292,-66,151,-144,-13592,4128,5748,-988,-24,-17,-13960,-5040,6384,-485,100,-181,0
410.6889250278473,8504,6584,11508,-44,-31,59,7212,-9368,10460,-49,141,-122,-13604,4168,6132,-978,-36,-21,-13948,-5244,6244,-444,65,-149,0
410.7223019599915,8484,6472,11320,-30,-58,33,7208,-9348,10512,-126,230,-141,-13596,4304,5656,-946,-73,-62,-13992,-4968,6316,-336,108,-151,0
410.75851392745966,8428,6436,11376,-92,-67,47,7340,-9372,10328,0,219,-163,-13652,4256,5804,-786,-4,-51,-14024,-4936,6240,-288,139,-113,0
410.79400992393494,8504,6564,11452,-130,253,56,7240,-9360,10420,24,201,-143,-13692,4172,5840,-1033,-4,-107,-14048,-4936,6352,-390,135,-134,0
410.8292260169983,8576,6620,11308,-130,-39,58,7148,-9292,10340,-126,182,-123,-13572,4284,5844,-1007,16,-28,-14024,-4740,6480,-305,59,-134,0
410.86421298980713,8644,6552,11408,-82,-4,44,7228,-9360,10420,-104,179,-138,-13812,4112,5936,-1274,81,-120,-14028,-4884,6272,-294,93,-104,0
410.89979004859924,8524,6512,11320,-85,94,49,7200,-9312,10448,-57,188,-116,-13604,4188,5804,-1158,116,-89,-13936,-4828,6176,-216,93,-77,0
410.93489813804626,8524,6476,11428,-166,111,89,7120,-9356,10396,-9,187,-126,-13596,4172,6012,-1133,91,-69,-13932,-5016,6312,-216,99,-95,0
410.97060108184814,8212,6508,11456,-140,4,87,7116,-9316,10280,-60,144,-139,-13536,4148,6100,-1124,135,-111,-14052,-4928,6608,-305,60,-41,0
411.0060291290283,8464,6472,11432,-131,-4,84,7180,-9396,10356,-59,152,-125,-13688,4260,5684,-1140,146,-74,-14008,-4944,6528,-259,34,-102,0
411.04191613197327,8400,6508,11320,-119,37,81,7220,-9312,10476,-47,127,-148,-13736,4116,5800,-1139,157,-93,-14040,-4964,6348,-298,10,-72,0
411.077516078949,8444,6576,11380,-157,20,105,7268,-9348,10420,-54,127,-138,-13688,4220,5972,-1127,151,-85,-13968,-4940,6280,-314,26,-54,0
411.1132481098175,8452,6588,11500,-148,6,101,7236,-9452,10372,-60,150,-141,-13804,4172,5924,-1063,123,-94,-14000,-4800,6328,-317,29,-87,0
411.1488721370697,8420,6524,11292,-154,-9,86,7236,-9412,10372,-66,176,-146,-13648,4072,5852,-1035,98,-101,-14024,-4620,6144,-295,24,-83,0
411.1843330860138,8488,6484,11340,-153,14,83,7248,-9368,10312,-53,153,-142,-13696,4176,6080,-1099,112,-56,-14040,-4956,6468,-293,23,-93,0
411.2197649478913,8460,6544,11496,-167,-251,87,7420,-9380,10256,-25,122,-152,-13640,4164,5852,-1101,78,-112,-13964,-4704,6492,-338,49,-109,0
411.255056142807,8456,6472,11548,-171,-38,95,7204,-9324,10408,2,144,-186,-13540,4108,5968,-1095,40,-69,-13852,-4920,6324,-341,67,-130,0
411.29068398475647,8340,6552,11360,-174,-123,93,7412,-9344,10288,-250,156,-174,-13636,4340,6096,-1060,12,-126,-13940,-4920,6564,-343,117,-95,0
411.3255560398102,8268,6468,11344,-169,-68,93,7304,-9444,10352,19,159,-191,-13620,4140,5812,-1068,57,-130,-14032,-4784,6480,-357,466,-82,0
411.3613770008087,7980,5776,11464,-36,90,117,7368,-9728,10684,59,174,-204,-13632,3924,5984,-1100,87,-130,-13912,-5076,6580,-336,202,-57,0
411.3961410522461,8500,6536,11632,-163,-96,132,7244,-9288,10668,59,180,-195,-13556,4052,5996,-1114,123,-132,-13904,-4944,6504,-378,183,-70,0
411.43194913864136,8376,6652,11432,-124,-104,115,7164,-9368,10452,-26,119,-218,-13700,4280,6148,-942,96,-145,-14000,-4808,6460,-430,218,-93,0
411.4652171134949,8328,6484,11328,-157,-121,102,7256,-9284,10496,-29,126,-211,-13644,4208,6092,-981,130,-130,-13968,-4672,6588,-495,237,-73,0
411.4989149570465,8392,6456,11468,-195,-152,138,7184,-9280,10296,46,125,-209,-13544,4156,5856,-985,156,-106,-14020,-5064,6404,-456,229,-72,0
411.5326180458069,8640,6608,11344,-179,-165,157,7376,-9356,10664,24,140,-197,-13636,4180,6040,-922,147,-134,-14004,-4872,6188,-475,186,-79,0
411.5703039169312,8328,6608,11312,-183,-182,143,7212,-9240,10332,33,110,-238,-13628,3992,6104,-945,160,-182,-13948,-4840,6156,-498,211,-54,0
411.60452699661255,8288,6556,11444,-147,-141,135,7092,-9356,10288,-38,255,-218,-13588,4096,5636,-879,186,-171,-13948,-4760,6364,-470,233,-87,0
411.6375660896301,8464,6564,11348,-147,-133,137,7308,-9304,10320,-86,69,-242,-13712,4100,5884,-907,214,-151,-14068,-4768,6324,-455,224,-86,0
411.67113614082336,8424,6424,11488,-145,-126,131,7236,-9260,10448,-7,124,-217,-13484,4048,5908,-819,232,-135,-13956,-4704,6144,-531,226,-75,0
411.70475792884827,8388,6388,11488,-167,-158,112,7420,-9276,10392,13,95,-244,-13488,4348,5896,-865,180,-161,-13976,-4908,6500,-457,211,-52,0
411.7382230758667,8424,6468,11504,-177,-144,146,7160,-9404,10272,35,134,-227,-13648,4216,6048,-888,191,-192,-13828,-5060,6596,-487,254,-52,0
411.77183508872986,8364,6432,11488,-147,-203,144,7232,-9136,10240,-17,61,-275,-13716,4324,5952,-901,229,-103,-13948,-4848,6144,-464,288,-42,0
411.8051450252533,8504,6508,11420,-167,-178,162,6948,-9228,10388,19,235,-239,-13320,3860,6104,-984,274,-134,-14020,-4836,6332,-524,233,-29,0
411.83862709999084,8404,6504,11328,-151,-129,148,7488,-9352,10584,-84,-236,-262,-13752,4296,5892,-977,260,-105,-13964,-4836,6368,-538,185,-79,0
411.8721299171448,8500,6464,11472,-139,-147,160,7284,-9236,10440,-50,56,-189,-13572,3876,5936,-869,171,-126,-14076,-4780,6484,-514,167,-92,0
411.9053900241852,8496,6508,11336,-131,-75,109,7408,-9300,10508,-16,118,-180,-13724,4004,5748,-1080,235,-95,-14176,-4676,6316,-489,146,-93,0
411.93894600868225,8536,6504,11200,-130,-81,102,7328,-9224,10396,-57,105,-143,-13656,4048,5868,-938,147,-87,-13960,-4816,6304,-512,132,-109,0
411.9726209640503,8404,6348,11360,-127,-64,92,7260,-9260,10340,-83,117,-177,-13728,3976,5836,-918,181,-48,-13908,-4724,6312,-442,82,-117,3
412.0058870315552,8360,6476,11516,-139,-33,68,7224,-9296,10304,-117,33,-179,-13696,3864,5804,-967,214,-94,-13940,-4696,6232,-459,98,-126,3
412.0395770072937,8460,6456,11476,-158,-11,84,7344,-9372,10428,-37,121,-144,-13784,4140,5736,-937,151,-72,-14072,-4816,6500,-525,94,-140,3
412.0729370117188,8364,6420,11328,-147,13,58,7316,-9316,10428,-43,101,-138,-13660,4192,6044,-931,140,-70,-14048,-4744,6476,-446,86,-153,3
412.1066660881043,8416,6560,11544,-128,48,75,7412,-9468,10412,-65,143,-111,-13660,4128,5872,-889,149,-33,-13884,-4668,6636,-526,96,-146,3
412.1401331424713,8260,6472,11416,-97,17,58,7224,-9304,10412,-93,175,-161,-13588,4336,6128,-861,86,-34,-13924,-4752,6488,-506,157,-139,3
412.1736409664154,8404,6380,11640,-101,-28,88,7252,-9428,10444,-51,120,-186,-13676,4260,6020,-955,126,-107,-14036,-4752,6548,-544,169,-176,3
412.20705008506775,8220,6520,11400,-50,-28,81,7296,-9400,10316,-62,138,-168,-13668,4164,5904,-933,118,-102,-14008,-4808,6556,-596,103,-193,3
412.2404770851135,8448,6440,11172,-42,36,68,7296,-9380,10480,-70,176,-156,-13760,4140,5724,-833,63,-89,-14028,-4840,6460,-600,48,-273,0
412.2738630771637,8312,6552,11408,-52,19,49,7332,-9400,10376,-76,234,-135,-13752,4092,5940,-865,31,-55,-13872,-4812,6648,-524,70,-246,0
412.30746293067926,8236,6644,11520,-75,86,19,7320,-9320,10392,-86,181,-138,-13780,4116,5664,-822,78,-7,-14072,-4796,6428,-528,96,-212,0
412.34101915359497,8340,6532,11368,-110,35,40,7240,-9256,10440,-37,142,-135,-13800,4244,5776,-853,134,-69,-13920,-4824,6620,-540,131,-207,0
412.37441396713257,8692,6572,11424,-84,70,58,7344,-9312,10348,-65,71,-149,-13556,4132,5828,-876,170,-107,-13924,-4940,6392,-553,162,-180,0
412.40756607055664,8448,6624,11500,-110,42,86,7176,-9372,10412,-72,73,-172,-13732,4240,5696,-895,163,-136,-13880,-4872,6512,-540,177,-165,0
412.44395303726196,8236,6524,11276,-119,58,87,7220,-9364,10464,-92,82,-174,-13648,4236,5956,-883,179,-65,-14084,-4852,6556,-575,149,-154,0
412.479483127594,8384,6576,11640,-131,-13,98,7384,-9412,10260,-100,177,-192,-13652,4252,6048,-907,107,-86,-13996,-4724,6584,-559,116,-163,0
412.5150001049042,8304,6496,11296,-119,4,79,7416,-9348,10428,-105,170,-148,-13644,4276,5752,-892,95,-64,-13996,-4836,6588,-553,118,-140,0
412.5507619380951,8364,6612,11316,-136,-32,82,7240,-9360,10264,-129,155,-167,-13744,4116,6008,-846,165,-106,-13944,-5104,6352,-580,130,-132,0
412.5861539840698,8272,6528,11456,-125,-129,115,7268,-9404,10296,-43,164,-207,-13680,4188,5804,-948,140,-113,-13996,-4872,6440,-556,173,-141,0
412.6224730014801,8352,6528,11368,-120,-102,108,7216,-9304,10580,-66,95,-173,-13716,4204,5900,-1011,129,-51,-14084,-4844,6540,-500,178,-119,0
412.658066034317,8388,6596,11276,-126,-68,108,7316,-9384,10528,-43,98,-190,-13608,4196,5624,-967,137,-146,-13860,-4660,6468,-766,176,-103,0
412.6937069892884,8452,6524,11492,-147,-98,109,7344,-9448,10396,-21,100,-184,-13772,4148,5680,-981,128,-88,-14208,-4660,6236,-504,161,-75,0
412.72965812683105,8432,6520,11496,-121,-95,94,7296,-9248,10356,-28,149,-148,-13808,4248,5864,-1009,113,-47,-13896,-4804,6600,-557,192,-114,0
412.7649970054627,8388,6500,11636,-150,-39,88,7648,-9456,10348,53,172,-144,-13600,4244,5720,-995,157,-99,-13972,-5004,6220,-504,136,-140,0
412.80072498321533,8236,6656,11412,-121,-30,104,7168,-9300,10500,-38,162,-144,-13680,4160,5956,-982,152,-45,-13836,-4928,6428,-500,159,-85,0
412.8359191417694,8364,6544,11652,-162,-75,69,7180,-9464,10340,-28,126,-190,-13736,4136,5684,-972,137,-93,-13872,-4824,6484,-533,208,-111,0
412.8717920780182,8316,6452,11424,-173,-102,142,7100,-9388,10424,18,126,-210,-13816,4188,5668,-1012,172,-124,-13968,-4904,6480,-473,228,-84,0
412.9075520038605,8368,6468,11536,-153,-122,146,7176,-9444,10336,10,128,-203,-13552,4228,5744,-987,135,-114,-13884,-4896,6508,-495,181,-90,0
412.9423189163208,8412,6512,11492,-200,-134,126,7244,-9356,10264,3,122,-194,-13696,4216,5840,-957,169,-124,-13948,-4940,6444,-489,208,-85,0
412.9775390625,8228,6540,11712,-208,-191,149,6976,-9396,10340,26,135,-230,-13652,4264,5900,-1019,141,-146,-13992,-4836,6288,-492,250,-106,0
413.0132009983063,8324,6640,11716,-193,-181,128,7296,-9456,10384,72,166,-222,-13696,4220,5868,-975,85,-175,-14088,-5064,6224,-521,270,-90,0
413.04930210113525,8300,6528,11604,-219,-182,146,7344,-9328,10328,40,134,-512,-13620,4160,5636,-1029,154,-173,-13992,-4752,6412,-505,509,-89,0
413.0861179828644,8420,6552,11332,-201,-239,134,7312,-9404,10376,48,145,-252,-13692,4144,5792,-1040,187,-137,-13972,-4736,6428,-499,262,-96,0
413.1197690963745,8192,6600,11340,-188,-229,140,7308,-9220,10436,37,142,-233,-13744,4332,5872,-1036,177,-153,-14000,-4748,6608,-507,196,-77,0
413.1529109477997,8424,6520,11324,-212,-201,156,7312,-9372,10416,31,113,-217,-13684,4172,5448,-1015,147,-124,-13844,-4676,6168,-265,230,-68,0
413.1866431236267,8376,6508,11340,-211,-200,139,7248,-9236,10380,36,185,-212,-13688,4156,5744,-1031,158,-142,-13964,-4792,6480,-501,214,-84,0
413.22019696235657,8364,6528,11376,-206,-183,149,7120,-9192,10228,-21,175,-192,-13652,4208,5620,-1035,148,-107,-14044,-5108,6328,-476,233,-60,0
413.2535300254822,8384,6512,11480,-185,-168,132,7316,-9048,10560,254,127,-219,-13748,4196,5892,-1002,102,-101,-13920,-4904,6520,-505,207,-71,0
413.28718996047974,8388,6468,11476,-184,-163,108,7224,-9340,10632,18,131,-234,-13604,4228,5720,-996,119,-150,-13968,-5080,6188,-502,205,-73,0
413.3204391002655,8412,6520,11512,-148,-176,120,7384,-9304,10428,17,118,-191,-13732,4220,5716,-1013,106,-113,-14008,-5100,6476,-494,208,-54,0
413.3538680076599,8396,6480,11464,-179,-192,110,7280,-9332,10424,4,131,-236,-13720,4104,5728,-1013,134,-123,-13944,-5108,6556,-505,226,-91,0
413.3873040676117,8380,6460,11380,-202,-191,139,7128,-9392,10452,21,-87,-351,-13784,3844,6116,-885,118,-84,-14060,-4800,6464,-491,181,-84,0
413.4206349849701,8492,6452,11516,-168,-211,144,7264,-9300,10504,-31,91,-178,-13692,4076,5616,-1018,132,-85,-14072,-5056,6428,-258,168,-125,0
413.4540741443634,8492,6396,11276,-146,-150,118,7300,-9380,10276,4,131,-176,-13732,4264,5652,-1057,57,-110,-13992,-4612,6240,-500,175,-133,0
413.4877209663391,8512,6452,11116,-128,-83,103,7348,-9196,10276,-14,87,-169,-13780,4176,5868,-1279,103,-96,-13908,-4804,6328,-512,121,-145,0
413.5211839675904,8476,6524,11404,-146,-59,73,7332,-9360,10268,-57,160,-162,-13668,4168,5656,-1001,33,-55,-13988,-4780,6596,-491,150,-136,0
413.5544309616089,8468,6468,11380,-164,-41,66,7176,-9328,10400,-34,129,-181,-13800,4176,5648,-966,42,-72,-14112,-4664,6348,-768,129,-148,0
413.5882210731507,8512,6468,11524,-105,8,82,7304,-9232,10220,-46,174,-105,-13812,4112,5880,-987,62,-10,-13948,-4884,6420,-501,67,-158,0
413.62175297737116,8212,6460,11344,-106,-8,73,7268,-9276,10432,-78,166,-119,-13704,4180,5804,-995,57,-62,-13948,-4844,6180,-498,69,-167,0
413.6550600528717,8432,6460,11268,-119,-25,54,7224,-9260,10352,-92,165,-136,-13784,4096,5808,-1010,66,-95,-13944,-4624,6588,-522,123,-153,0
413.68862009048456,8336,6428,11272,-83,-44,63,7244,-9448,10692,-45,136,-148,-13672,4184,5748,-1058,37,-79,-14044,-4856,6392,-523,152,-187,0
413.72229099273676,8208,6476,11556,-78,-59,32,7180,-9368,10372,-9,199,-181,-13656,4180,5776,-1017,17,-49,-13980,-4852,6440,-472,147,-156,0
413.75594997406006,8356,6508,11380,-107,-54,68,7228,-9320,10336,-40,153,-195,-13664,4324,5820,-1034,69,-67,-13896,-5100,6648,-489,154,-145,0
413.78956198692316,8396,6516,11456,-89,-104,74,7012,-9356,10460,-49,184,-138,-13688,4112,5840,-1118,91,-41,-13944,-4876,6152,-526,138,-150,0
413.82313799858093,8460,6512,11320,-103,-58,66,7216,-9004,10376,-84,157,-186,-13724,4128,5896,-780,23,-77,-13848,-4620,6416,-522,118,-170,0
413.85683012008667,8460,6460,11440,-101,-51,65,7236,-9448,10292,-29,181,-155,-13692,4160,5752,-1051,25,-78,-13976,-4804,6344,-258,97,-170,0
413.88968014717096,8352,6432,11056,-104,-48,85,7332,-9372,10436,-66,154,-133,-13692,4124,5836,-1051,25,-23,-13948,-4940,6472,-551,135,-153,0
413.92297410964966,8352,6468,11304,-116,-66,75,7304,-9356,10464,-85,139,-173,-13664,4120,6140,-1019,45,-66,-14008,-4936,6324,-259,125,-167,0
413.9568269252777,8204,6504,11360,-113,-64,62,7216,-9360,10456,-104,171,-173,-13748,4236,5888,-1006,38,-54,-14076,-4776,6376,-519,126,-176,0
413.9904861450196,8408,6480,11544,-91,-52,77,7188,-9400,10740,-94,109,-154,-13648,4308,5920,-1050,21,-66,-13928,-4616,6644,-532,127,-168,0
414.0241339206696,8480,6564,11520,-61,-46,78,7264,-9404,10420,-87,121,-145,-13576,4136,5804,-1054,-245,-80,-13944,-4668,6356,-514,116,-148,0
414.0577220916748,8316,6516,11408,-89,-37,92,7192,-9304,10340,-69,141,-132,-13688,4172,5792,-1027,21,-81,-13896,-4960,6152,-496,157,-143,0
414.0912971496582,8264,6564,11468,-116,-25,87,7280,-9380,10304,-60,165,-162,-13712,4148,6060,-1025,-13,-54,-13916,-4852,6484,-480,134,-134,0
414.12812304496765,8328,6504,11496,-106,-79,71,7228,-9356,10472,-35,199,-183,-13748,4140,5936,-1081,-67,-63,-13964,-4968,6644,-510,192,-125,0
414.1631031036377,8344,6524,11464,-171,-84,100,6932,-9300,10312,-25,497,-154,-13588,4284,5776,-1147,32,-55,-14020,-5044,6336,-550,175,-102,0
414.1983060836792,8396,6560,11472,-155,-41,80,7260,-9368,10468,-103,0,-115,-13684,3908,5780,-1082,-25,-44,-14032,-4956,6376,-519,203,-67,0
414.2338891029358,8376,6564,11656,-211,-132,105,6972,-9656,10428,-253,128,-206,-13624,4204,5876,-1106,73,-66,-14028,-4844,6408,-474,284,-61,0
414.2693309783936,8380,6580,11444,-174,-176,156,7196,-9472,10444,13,99,-196,-13608,4292,5892,-1050,61,-109,-14056,-4876,6652,-496,261,-62,0
414.3045740127564,8408,6612,11396,-154,-216,158,7152,-9436,10376,-21,85,-231,-13568,4212,6004,-990,50,-102,-13904,-4892,6376,-759,236,-64,0
414.3402359485626,8332,6516,11504,-136,-193,135,6964,-9356,10432,-99,124,-214,-13608,3884,6048,-959,73,-89,-13992,-4732,6472,-504,206,-81,0
414.3755381107331,8388,6488,11332,-175,-179,146,7308,-9372,10360,2,130,-216,-13640,4152,5908,-966,91,-124,-14004,-4924,6340,-522,234,-70,0
414.4111981391907,8620,6572,11460,-205,-185,127,7304,-9384,10344,39,106,-249,-13688,4144,5888,-775,70,-146,-14048,-4748,6340,-516,284,-73,0
414.44625306129456,8424,6532,11504,-186,-162,177,7232,-9460,10436,16,76,-260,-13804,4112,5796,-1029,122,-152,-14036,-4912,6344,-501,298,-72,0
414.4824600219726,8356,6412,11296,-237,-156,170,7268,-9316,10260,47,80,-234,-13692,3868,5900,-1045,109,-199,-14248,-4660,6336,-406,384,-61,0
414.5182890892029,8396,6436,11284,-317,-115,197,7276,-9388,10348,94,121,-230,-13708,4056,6016,-1073,67,-137,-14044,-4860,6120,-295,476,-24,0
414.55318999290466,8424,6596,11560,-323,-40,172,7348,-9268,10528,154,141,-210,-13680,4052,5936,-1106,-19,-184,-14000,-4888,6224,-214,490,-35,0
414.58886909484863,8248,6504,11128,-393,45,187,7164,-9296,10376,129,135,-184,-13812,4148,6024,-1125,63,-110,-14032,-4616,6324,-185,491,-29,0
414.62435007095337,8232,6532,11400,-403,74,182,7252,-9404,10380,96,191,-181,-13752,4160,5824,-1215,299,-209,-14148,-4792,6176,-122,486,44,0
414.65986394882196,8376,6584,11752,-544,391,162,7332,-9316,10376,319,131,-160,-13664,4040,5804,-1194,66,-208,-14056,-4816,6364,-191,645,-25,0
414.6950099468231,8276,6496,11484,-262,203,132,6924,-9004,10328,128,151,-198,-13812,4108,5972,-1147,152,-135,-14028,-4804,6232,-247,252,39,0
414.7314250469208,8352,6340,11468,-173,-28,148,7224,-9228,10328,52,207,-178,-13564,4116,5880,-1293,220,-210,-14176,-4700,6296,-42,302,73,0
414.7678020000458,8440,6376,11388,-104,-27,124,7360,-9096,10452,-10,190,-168,-13768,4032,5668,-1378,231,-78,-14196,-4672,6212,-350,183,50,0
414.80128812789917,8368,6396,11292,11,72,94,7284,-9244,10212,5,166,-125,-13696,3972,5664,-1419,107,-78,-14168,-4828,6376,-350,220,10,0
414.83482694625854,8276,6300,11492,-131,224,83,7340,-9172,10324,-8,190,-93,-13748,3988,5864,-1368,-55,-66,-14056,-4676,6232,-463,205,-148,0
414.8683819770813,8268,6300,11496,-304,241,98,7176,-9304,10572,25,167,-155,-13352,4320,6116,-1160,-24,-42,-14048,-4704,6216,-758,-10,-238,0
414.9015579223633,8236,6632,11400,-134,138,91,7144,-9420,10420,-62,51,-194,-13560,4348,5704,-1065,187,-21,-14164,-4608,6312,-862,-42,-209,0
414.9350950717926,8260,6432,11652,-21,-77,103,7180,-9324,10400,-63,255,-215,-13696,4104,6272,-932,128,-48,-14172,-4740,5928,-614,80,-177,0
414.9682650566101,8284,6420,11664,-15,-4,66,7244,-9328,10340,-153,93,-183,-13736,4080,5676,-885,134,-56,-14192,-4720,6408,-690,-40,-197,0
415.0018129348755,8444,6148,11352,10,-124,32,7236,-9300,10272,-151,124,-165,-13608,4004,5756,-847,219,-38,-14036,-4728,6464,-954,-250,-295,0
415.03571605682373,8384,6608,11420,-66,-220,81,7376,-9348,10184,-243,147,-13,-13460,4032,5616,-818,351,241,-14100,-4800,6272,-873,-205,-295,0
415.069118976593,8144,6392,11640,-151,-128,120,7044,-9376,10400,-197,114,-189,-13748,4108,6076,-643,209,-26,-14064,-4700,6184,-701,80,-224,0
415.10266494750977,8224,6516,11576,-158,-191,102,7236,-9380,10524,-134,101,-213,-13340,4092,6132,-729,166,-57,-14028,-4816,6368,-737,41,-237,0
415.13604307174677,8260,6504,11344,-42,-183,66,7152,-9336,10368,-78,112,-215,-13756,4048,6060,-749,148,-40,-14312,-4788,6284,-692,53,-203,0
415.1698191165924,8240,6412,11764,-49,-117,88,7232,-9296,10448,-75,123,-171,-13620,4020,5936,-782,135,-44,-14088,-4884,6288,-690,19,-207,0
415.2035210132599,8276,6600,11368,-103,-166,89,7240,-9244,10564,-78,87,-165,-13628,4056,5792,-830,158,-58,-13964,-4808,6108,-631,89,-181,0
415.2372131347657,8212,6440,11560,-119,-132,97,7232,-9216,10432,-109,109,-165,-13680,4152,5964,-879,131,-63,-14052,-4876,6272,-567,69,-184,0
415.2705199718476,8356,6436,11504,-109,-121,57,7320,-9404,10252,29,119,-220,-13696,4064,6084,-854,84,-26,-14016,-4796,6364,-576,104,-192,0
415.30398392677307,8208,6208,11612,-100,-131,74,7216,-9280,10304,-110,163,-57,-13636,4220,5740,-932,166,-31,-14076,-4872,6308,-601,103,-180,0
415.33762311935425,8280,6408,11560,-49,-118,85,7204,-9220,10424,-98,122,-169,-13616,3868,5900,-870,123,-60,-13976,-4932,6376,-593,174,-141,0
415.3708200454712,8228,6480,11560,-58,-164,81,7180,-9328,10460,-99,97,-191,-13648,4088,5804,-910,144,-79,-14120,-4808,6236,-625,96,-166,0
415.4043171405793,8204,6484,11320,-24,-178,86,7288,-9596,10372,-77,113,-494,-13660,4216,5956,-800,147,-71,-14036,-4860,6288,-677,59,-165,0
415.4378969669342,8012,6464,11700,-38,-159,95,7212,-9356,10432,-104,91,-178,-13620,4196,5904,-893,112,-88,-14096,-4884,6372,-637,79,-145,0
415.47142004966736,8344,6424,11544,-93,-166,80,7280,-9460,10344,-89,83,-202,-13808,4144,5680,-901,158,-72,-14128,-4880,6252,-609,147,-127,0
415.50500297546387,8440,6464,11576,-53,-175,107,7252,-9368,10352,-118,116,-190,-13748,4272,5972,-877,101,-41,-14008,-4636,6296,-632,75,-145,0
415.53866314888,8204,6444,11520,-113,-164,82,7180,-9476,10268,-91,131,-175,-13724,4328,5896,-877,72,-59,-14064,-4836,6364,-666,47,-141,0
415.5720529556275,8372,6468,11684,-88,-208,115,6960,-9232,10356,-66,101,-169,-13680,4088,5868,-850,164,-49,-14072,-4960,6368,-667,32,-131,0
415.6055710315705,8324,6508,11300,-49,-193,79,7308,-9464,10484,-110,135,-244,-13736,4124,5700,-780,70,-101,-14156,-4780,6236,-663,113,-172,0
415.63862705230713,8412,6512,11352,-76,-213,63,7300,-9368,10316,-123,160,-205,-13472,4188,5632,-850,95,-48,-13996,-4956,6312,-625,103,-155,0
415.6719059944153,8404,6520,11396,-107,-132,73,7316,-9316,10416,-57,143,-164,-13600,4108,6060,-891,41,-34,-14028,-4912,6452,-570,121,-174,0
415.70553302764887,8364,6564,11536,-124,-74,65,7304,-9468,10428,-61,138,-141,-13620,4160,5824,-854,47,-64,-14008,-4972,6384,-596,46,-173,0
415.7391860485077,8344,6584,11600,-133,-135,77,7228,-9300,10248,-133,103,-165,-13628,4276,5728,-834,78,-85,-13960,-4960,6312,-579,73,-155,0
415.7724759578705,8248,6524,11496,-105,-122,108,7104,-9348,10452,-101,122,-175,-13736,4236,5876,-857,115,-104,-13960,-4932,6292,-547,151,-130,0
415.8091859817505,8268,6496,11408,-134,-139,100,7044,-9292,10404,44,91,-263,-13704,4164,6124,-881,71,-101,-13928,-4864,6344,-540,163,-123,0
415.8442749977112,8252,6416,11768,-136,-107,97,7136,-9352,10264,-20,90,-200,-13612,4256,5756,-970,108,-97,-13976,-4912,6312,-519,204,-111,0
415.8795530796051,8316,6584,11356,-165,-169,132,7184,-9340,10272,-18,115,-178,-13728,4260,6080,-961,113,-114,-14008,-4868,6352,-545,198,-81,0
415.915030002594,8376,6568,11436,-204,-189,107,7268,-9416,10508,-13,150,-227,-13728,4284,5956,-910,135,-134,-13952,-5012,6304,-557,238,-100,0
415.95094895362854,8388,6496,11548,-148,-230,134,7232,-9232,10444,20,120,-220,-13556,4252,6052,-939,132,-135,-13980,-4992,6272,-558,215,-91,0
415.9861640930176,8348,6500,11464,-128,-218,149,7176,-9364,10448,-41,126,-210,-13592,4148,5904,-890,115,-114,-13984,-4956,6408,-561,197,-111,0
416.02237701416016,8344,6572,11720,-153,-236,111,7212,-9296,10284,-45,112,-213,-13668,4236,5852,-905,121,-114,-13856,-4972,6552,-519,197,-85,0
416.05802512168884,8388,6424,11308,-170,-197,142,7304,-9480,10332,7,152,-212,-13668,4248,5648,-942,148,-112,-14000,-5032,6308,-533,230,-113,0
416.0936920642853,8584,6496,11588,-163,-223,147,7320,-9356,10492,34,130,-492,-13712,4184,5720,-912,187,-173,-14016,-4904,6224,-565,231,-90,0
416.1295759677887,8420,6492,11208,-145,-205,123,7332,-9424,10512,24,120,-236,-13748,4064,5656,-966,162,-156,-13996,-4944,6268,-539,233,-88,0
416.16497802734375,8364,6544,11464,-183,-208,120,7192,-9300,10384,252,110,-235,-13820,4176,5832,-912,192,-167,-13964,-4992,6320,-523,218,-70,0
416.2008719444275,8572,6556,11468,-157,-196,131,7344,-9284,10400,-37,119,-206,-13720,4208,5856,-960,141,-179,-14112,-5104,6152,-551,189,-88,0
416.2361590862274,8476,6492,11292,-150,-177,130,7296,-9304,10332,45,112,-212,-13700,4176,5772,-1000,106,-134,-13988,-4996,6208,-524,189,-100,0
416.2723140716553,8596,6624,11276,-163,-159,141,7344,-9376,10360,-6,126,-174,-13340,4104,5744,-950,162,-92,-13936,-4972,6200,-512,161,-62,0
416.3081259727478,8508,6612,11440,-162,-156,126,7320,-9376,10368,-31,131,-216,-13664,4164,5772,-961,199,-157,-14020,-4888,6264,-506,198,-59,0
416.3431460857392,8204,6644,11408,-198,-180,120,7324,-9356,10296,14,96,-231,-13700,4316,5840,-972,189,-96,-14120,-4956,6300,-518,203,-42,0
416.3787930011749,8676,6408,11316,-155,-196,136,7276,-9368,10344,-254,135,-206,-13708,4232,5780,-963,128,-128,-14016,-5004,6352,-759,146,-87,0
416.4135601520539,8484,6464,11240,-161,-145,153,7208,-9288,10092,-19,97,-169,-13644,4244,5760,-953,144,-127,-13960,-4924,6240,-528,125,-96,0
416.4495360851288,8416,6424,11348,-144,-147,123,7204,-9260,10304,-17,119,-186,-13692,4292,5816,-992,133,-88,-14032,-4992,6328,-526,174,-107,0
416.4827070236206,8408,6524,11476,-107,-135,106,7368,-9340,10268,-21,142,-224,-13696,4172,5660,-968,119,-93,-14040,-4632,6312,-552,229,-140,0
416.5166280269623,8436,6500,11008,-121,-133,108,7260,-9080,10412,-15,107,-212,-13668,4212,5824,-981,113,-113,-14052,-4804,6120,-521,166,-129,0
416.55004501342773,8568,6512,11416,-97,-114,108,7264,-9328,10212,-70,106,-208,-13668,4208,5720,-979,135,-132,-14240,-4888,6216,-528,145,-109,0
416.58607602119446,8540,6628,11564,-145,-102,85,7332,-9300,10512,-51,116,-183,-13732,4184,5724,-964,112,-125,-14132,-4832,6252,-500,106,-138,0
416.62006306648254,8440,6516,11280,-132,-32,67,7292,-9440,10340,-48,123,-161,-13700,4184,5776,-980,65,-62,-14068,-4956,6216,-529,164,-141,0
416.6533260345459,8512,6496,11304,-92,-26,75,7260,-9308,10276,-52,129,-150,-13684,4276,5828,-1007,84,-33,-14008,-5032,6592,-764,149,-162,0
416.6914849281311,8364,6520,11516,-93,-39,109,7180,-9380,10244,-70,147,-164,-13732,4292,5416,-997,115,-75,-13916,-5016,5896,-498,125,-132,0
416.724997997284,8472,6488,11300,-75,-45,78,7240,-9388,10280,-93,138,-139,-13672,4252,5780,-988,101,-60,-13964,-4712,5932,-495,139,-127,0
416.75854206085205,8412,6440,11340,-88,6,89,7316,-9464,10268,-54,179,-154,-13664,4192,5816,-940,89,-85,-14196,-4924,6108,-461,107,-113,0
416.7921330928803,8444,6568,11388,-86,1,78,7144,-9380,10520,-57,138,-142,-13816,4292,5668,-978,109,-19,-14000,-5008,6268,-489,98,-125,0
416.8256850242615,8500,6500,11468,-112,-34,84,7276,-9372,10404,-70,125,-144,-13660,4200,5840,-983,135,-44,-13948,-4964,6288,-459,103,-119,0
416.85908007621765,8508,6512,11420,-95,-62,88,7348,-9316,10348,-55,144,-168,-13600,4252,5856,-972,91,-28,-13960,-4908,6060,-545,68,-122,0
416.89262008667,8476,6404,11516,-151,-69,66,7224,-9448,10492,-105,153,-149,-13676,4296,6044,-990,68,-60,-14072,-4844,6388,-415,145,-134,0
416.9261801242829,8500,6500,11292,-102,-80,85,7392,-9368,10408,-5,156,-154,-13728,4260,5672,-1011,87,-93,-13928,-4976,6356,-503,106,-135,0
416.95972514152527,8320,6532,11404,-106,-33,83,7276,-9356,10428,-58,118,-159,-13768,4188,5816,-987,71,-82,-14100,-4940,6168,-547,134,-152,0
416.9936330318451,8452,6464,11444,-110,-81,43,7292,-9348,10288,-67,163,-170,-13664,4236,5728,-995,52,-71,-13852,-4880,6428,-511,78,-172,0
417.02732300758356,8688,6196,11424,-130,-31,74,7240,-9328,10240,-38,180,-152,-13772,4280,5860,-992,66,-59,-14056,-4860,6376,-587,100,-151,0
417.0607550144196,8336,6496,11596,-104,-4,47,7616,-9332,10488,-67,163,-130,-13668,4224,5704,-977,37,-41,-14016,-4956,6456,-486,112,-161,0
417.094290971756,8360,6472,11476,-99,-34,70,7188,-9356,10308,-58,161,-162,-13508,4556,5756,-1011,79,-10,-14004,-5020,6400,-262,114,-150,0
417.1279051303864,8380,6532,11328,-123,-42,66,7320,-9420,10400,-74,145,-153,-13724,4236,5896,-991,79,-73,-14004,-4988,6184,-495,117,-130,0
417.1611659526825,8608,6540,11368,-74,-19,78,7272,-9348,10320,-39,161,-163,-13628,4272,5988,-985,72,-118,-14040,-5032,6324,-515,154,-137,0
417.19471096992487,8228,6560,11396,-130,-66,77,7196,-9288,10308,-44,292,-234,-13380,4120,5716,-1108,103,-48,-13940,-5024,6320,-524,140,-140,0
417.2283730506897,8312,6484,11284,-71,-90,89,7240,-9392,10468,-60,141,-202,-13692,4240,5632,-1034,109,-94,-14076,-5008,6308,-489,149,-125,0
417.26174592971796,8412,6588,11408,-108,-109,89,7148,-9356,10356,-26,81,-156,-13636,4304,5820,-1062,88,-43,-14104,-5024,6272,-486,152,-141,0
417.295264005661,8232,6576,11508,-107,-66,73,7156,-9364,10000,-53,95,-168,-13720,4336,5780,-996,88,-93,-14092,-4928,6264,-531,121,-100,0
417.3286950588227,8376,6472,11324,-126,-91,97,7148,-9396,10452,-31,123,-171,-13612,4228,5804,-1033,122,-97,-14024,-5036,6220,-545,131,-96,0
417.36188411712646,8412,6496,11348,-94,-122,97,7212,-9348,10388,-48,132,-164,-13576,4300,5760,-1034,104,-63,-14000,-4968,6344,-520,119,-138,0
417.3955130577088,8428,6544,11272,-110,-95,76,7208,-9372,10460,-68,311,-223,-13648,4344,5708,-1133,68,-44,-13984,-5036,6276,-497,109,-144,0
417.42916011810297,8412,6508,11464,-120,-85,78,7260,-9520,10408,-58,143,-172,-13620,4124,5764,-1057,103,-66,-13960,-5000,6316,-523,142,-145,0
417.46233892440796,8412,6620,11468,-114,-83,94,7168,-9380,10280,-43,143,-177,-13384,4160,5696,-1052,100,-92,-13928,-4980,6412,-481,133,-129,0
417.49988293647766,8324,6564,11376,-119,-104,104,7272,-9292,10048,-14,150,-196,-13692,4292,5844,-1036,108,-95,-13936,-4880,6584,-511,166,-157,0
417.53501415252686,8376,6556,11680,-144,-98,83,7296,-9292,10344,-54,144,-194,-13692,4272,5924,-1006,118,-86,-13928,-5012,6296,-477,150,-98,0
417.570433139801,8440,6520,11356,-125,-89,73,7276,-9448,10348,-21,175,-177,-13728,4288,5912,-1044,106,-93,-14040,-4996,6216,-522,172,-101,0
417.6055419445038,8436,6492,11508,-184,-105,133,7300,-9404,10280,-256,147,-176,-13636,4292,5892,-1028,81,-102,-14036,-5036,6336,-518,178,-102,0
417.6407120227814,8300,6644,11464,-144,-121,129,7240,-9356,10448,6,148,-181,-13664,4340,5664,-1276,129,-87,-14196,-4924,6256,-505,181,-67,0
417.67579698562616,8424,6596,11472,-163,-195,117,7168,-9376,10260,-29,122,-215,-13636,4300,5932,-993,163,-144,-14084,-4832,6348,-498,225,-94,0
417.71156191825867,8420,6500,11424,-176,-213,130,7124,-9372,10476,13,143,-234,-13740,4300,5904,-999,157,-126,-13956,-4832,6396,-482,245,-105,0
417.74784803390503,8380,6584,11428,-218,-197,133,7368,-9336,10200,9,141,-216,-13600,4244,5768,-993,118,-113,-14004,-4928,6360,-484,201,-84,0
417.7827091217041,8328,6532,11236,-205,-186,147,7236,-9316,10324,4,160,-200,-13696,4284,5888,-1017,140,-157,-13928,-4948,6356,-764,136,-101,0
417.8184981346131,8428,6504,11452,-193,-221,123,7204,-9432,10512,-12,131,-198,-13704,4316,5684,-1030,166,-112,-14336,-5016,6316,-259,148,-81,0
417.8534319400788,8692,6508,11056,-143,-163,150,7192,-9312,10380,24,143,-226,-13372,4236,5788,-784,132,-183,-14072,-4880,6284,-541,241,-96,0
417.8886620998382,8448,6420,11416,-183,-214,153,7252,-9372,10244,54,95,-3,-13672,4140,5752,-1046,163,-139,-14032,-4852,6412,-525,258,-90,0
417.9239180088043,8496,6536,11412,-144,-245,149,7380,-9284,10236,35,108,-233,-13700,4256,5760,-1273,182,-171,-13988,-4892,6244,-495,215,-63,0
417.95921993255615,8524,6532,11272,-172,-198,150,7376,-9400,10284,26,104,-210,-13776,4344,5720,-1017,156,-111,-14160,-5008,6248,-503,207,-58,0
417.9942910671234,8608,6532,11480,-171,-165,121,7248,-9412,10440,32,116,-218,-13744,4228,5844,-1028,146,-166,-14136,-4972,6288,-496,199,-87,0
418.0295269489289,8408,6528,11420,-174,-211,153,7244,-9292,10368,34,155,-201,-13664,4308,5744,-1047,154,-128,-13976,-4908,6256,-489,199,-50,0
418.06491899490356,8296,6592,11736,-179,-203,145,7248,-9360,10356,-15,126,-214,-13636,4124,5832,-1280,207,-137,-14000,-5020,6216,-494,186,-68,0
418.1001501083374,8420,6512,11448,-184,-226,142,7276,-9228,10340,8,123,-216,-13680,4144,5828,-1087,159,-146,-13976,-5076,6324,-526,172,-74,0
418.1360621452332,8692,6556,11476,-188,-238,179,7296,-9340,10244,72,106,-222,-13556,4116,5928,-1109,189,-135,-13936,-5000,6292,-480,178,-83,0
418.1698169708252,8500,6476,11416,-100,-169,137,7256,-9360,10420,-9,95,-227,-13760,4196,5732,-1064,180,-105,-13912,-4632,6200,-521,160,-93,0
418.203458070755,8572,6628,11432,-141,-225,113,7308,-9440,10344,-253,134,-195,-13788,4256,5744,-1094,145,-116,-14028,-4944,6176,-531,174,-103,0
418.2371830940246,8608,6484,11308,-128,-145,141,7408,-9264,10304,-32,104,-170,-13716,4128,5696,-1066,166,-77,-14056,-5052,6208,-524,118,-113,0
418.27087712287897,8544,6512,11452,-118,-52,122,7292,-9312,10308,-16,86,-150,-13692,4252,5852,-1094,174,-86,-13992,-5044,6200,-511,99,-119,0
418.30435013771057,8548,6504,11516,-123,-56,124,7352,-9308,10200,-44,118,-189,-13784,4304,5872,-1069,123,-109,-13984,-4904,6380,-492,146,-159,0
418.33793091773987,8492,6396,11384,-107,-59,35,7364,-9268,10360,-24,189,-216,-13692,4120,5644,-1035,81,-98,-14040,-4964,6240,-486,183,-173,0
418.3715591430664,8516,6488,11392,-116,-98,37,7300,-9368,10132,-39,182,-201,-13660,4132,5660,-1012,56,-80,-14048,-4908,6336,-492,132,-169,0
418.40472507476807,8512,6512,11400,-107,-41,60,7240,-9312,10324,-58,175,-194,-13736,4196,5820,-994,80,-97,-14072,-4968,6300,-487,151,-124,0
418.4383270740509,8492,6536,11468,-136,-67,91,7228,-9272,10324,-48,145,-176,-13632,4220,5836,-1018,99,-87,-13968,-4660,6348,-488,173,-140,0
418.47195196151733,8628,6512,11440,-106,-92,116,7416,-9300,10152,-47,128,-173,-13676,4252,5912,-992,142,-115,-14016,-5104,6348,-503,133,-127,0
418.50544810295105,8492,6536,11400,-143,-83,105,7288,-9288,10400,-25,156,-162,-13616,4276,5820,-1023,131,-108,-13940,-5048,6348,-509,151,-131,0
418.538948059082,8416,6564,11308,-157,-93,116,7236,-9400,10448,-54,136,-210,-13632,4204,6084,-1006,92,-134,-14028,-4924,6264,-531,177,-114,0
418.5726480484009,8504,6580,11320,-103,-108,112,7416,-9388,10588,-36,116,-175,-13648,4256,5692,-1007,92,-111,-14016,-4920,6252,-524,195,-90,0
418.60617995262146,8488,6576,11368,-112,-112,124,7216,-9340,10256,-55,123,-198,-13672,4212,5644,-1009,120,-53,-13992,-5012,6192,-545,167,-93,0
418.63961005210876,8548,6572,11360,-114,-70,129,7308,-9396,10328,-33,81,-179,-13704,4116,5732,-978,173,-89,-14004,-4928,6428,-503,163,-91,0
418.67306995391846,8556,6576,11292,-141,-104,113,7252,-9336,10320,-66,108,-173,-13808,4192,5820,-965,151,-91,-13896,-4948,6248,-494,132,-115,0
418.7065749168396,8520,6472,11440,-132,-99,94,7312,-9388,10324,-65,110,-185,-13720,4272,5828,-970,120,-80,-14072,-4996,6200,-494,169,-103,0
418.74015498161316,8584,6480,11344,-144,-77,76,7336,-9392,10372,-35,130,-165,-13760,4208,5792,-986,91,-89,-14092,-4976,6388,-509,174,-85,0
418.7736310958862,8640,6508,11232,-135,-138,116,7392,-9360,10372,-39,140,-177,-13700,4220,5876,-972,91,-65,-14012,-4940,6216,-259,140,-96,0
418.8073310852051,8452,6516,11308,-131,-88,96,7236,-9400,10392,-53,134,-158,-13704,4220,5880,-1001,94,-91,-13988,-4948,6304,-495,144,-123,0
418.8409471511841,8556,6488,11300,-122,-86,116,7188,-9300,10308,-10,127,-157,-13600,4236,5708,-1008,81,-53,-14044,-4880,6480,-521,134,-116,0
418.8744170665741,8596,6432,11412,-117,-74,119,7252,-9328,10384,-49,152,-168,-13592,4216,5788,-986,110,-88,-14128,-4888,6320,-524,148,-112,0
418.9077270030976,8440,6468,11344,-121,-68,134,7228,-9408,10592,-55,112,-180,-13648,4188,5472,-1009,122,-92,-13984,-5056,6260,-522,141,-106,0
418.94124293327326,8460,6512,11364,-110,-116,136,7220,-9328,10264,-36,122,-175,-13760,4196,5824,-998,140,-58,-14024,-4956,6580,-485,147,-100,0
418.97466802597046,8508,6536,11428,-126,-88,122,7216,-9360,10212,-96,122,-172,-13648,4264,5864,-973,112,-77,-13840,-5000,6188,-484,99,-122,0
419.00822591781616,8624,6376,11360,-117,-118,80,7356,-9392,10464,-50,169,-173,-13752,4336,5848,-1020,32,-98,-14004,-4892,6260,-531,141,-156,0
419.0414969921112,8696,6476,11388,-142,-37,62,7176,-9292,10440,-14,152,-148,-13616,4192,5808,-1001,82,-112,-13840,-5004,6252,-274,105,-141,0
419.0752229690552,8536,6544,11228,-71,6,44,7332,-9316,10184,-111,172,-118,-13756,4112,5708,-950,61,-82,-14240,-5096,6340,-525,60,-161,0
419.1089570522309,8572,6448,11304,-136,13,3,7396,-9324,10408,-87,177,-131,-13820,4200,5748,-944,36,250,-13880,-4804,6212,-493,84,-168,0
419.1420340538025,8536,6236,11300,-130,59,46,7264,-9388,10400,-39,179,-94,-13708,4208,5936,-1003,44,-35,-13996,-4920,6412,-257,111,-151,0
419.1797571182251,8472,6600,11300,-90,48,100,7288,-9400,10400,-59,115,-103,-13648,4144,5916,-991,93,-17,-14052,-5064,6328,-535,73,-138,0
419.21553206443787,8560,6492,11444,-99,1,83,7236,-9424,10396,-95,135,-121,-13660,4116,5832,-989,97,-72,-14072,-5052,6464,-527,73,-168,0
419.2511661052704,8696,6520,11036,-77,-45,99,7340,-9400,10468,-92,137,-156,-13628,4220,5844,-985,83,-40,-13972,-4960,6212,-511,96,-173,0
419.2862150669098,8460,6516,11488,-127,-52,80,7256,-9252,10456,-33,179,-143,-13596,4216,5672,-1029,47,-96,-13892,-5016,6308,-261,135,-150,0
419.3219130039215,8300,6488,11356,-108,-51,78,6944,-9376,10324,-47,146,-176,-13680,4164,5868,-1008,83,-60,-13964,-4972,6360,-524,127,-149,0
419.35777497291565,8520,6564,11676,-97,-74,86,7200,-9400,10300,-49,209,-248,-13796,4052,5752,-1002,43,-95,-13864,-4976,6388,-509,178,-133,0
419.3928229808808,8360,6520,11324,-134,-54,107,7232,-9260,10360,10,176,-210,-13636,4248,5752,-957,117,-30,-13916,-4952,6344,-502,156,-128,0
419.428218126297,8500,6640,11364,-120,-61,93,7252,-9400,10268,-55,113,-191,-13700,4344,5720,-1019,96,-66,-13948,-4944,6372,-522,138,-118,0
419.46391892433167,8560,6560,11264,-108,-108,86,7268,-9344,9996,-34,88,-155,-13780,4292,5860,-931,84,-84,-13960,-5048,6260,-539,144,-127,0
419.4996190071106,8488,6564,11476,-103,-74,68,7236,-9312,10500,-49,136,-171,-13656,4180,5844,-977,95,-73,-14060,-5144,6308,-491,116,-118,0
419.53441309928894,8220,6580,11496,-129,-34,103,7236,-9432,10388,-48,127,-150,-13724,4252,5796,-987,110,-92,-14220,-5024,6388,-505,119,-149,0
419.56978511810297,8536,6500,11488,-133,-31,82,7340,-9336,10328,-30,118,-184,-13760,4284,5700,-992,80,-54,-13992,-5024,6424,-272,107,-146,0
419.60497307777405,8376,6552,11400,-105,-81,109,7272,-9304,10408,-26,133,-157,-13684,4252,5692,-1004,102,-79,-13968,-5036,6344,-767,164,-140,0
419.64124608039856,8452,6464,11304,-131,-68,105,7196,-9372,10400,-16,164,-190,-13572,4256,5656,-959,92,-98,-13904,-5048,6308,-490,159,-147,0
419.6772150993347,8396,6560,11716,-133,-92,103,7260,-9324,10456,-74,118,-170,-13620,4232,6000,-944,131,-52,-13952,-5012,6364,-257,140,-127,0
419.7122299671173,8336,6504,11300,-100,-133,76,7196,-9504,10424,-37,153,-188,-13688,4204,5648,-965,74,-119,-14300,-4964,6284,-528,161,-139,0
419.7481091022492,8672,6592,11468,-138,-99,101,7412,-8996,10404,11,122,-169,-13612,4188,5588,-988,122,-88,-14004,-4988,6212,-499,116,-120,0
419.7830340862274,8424,6532,11504,-107,-67,91,7300,-9364,10440,-70,140,-174,-13712,4160,5632,-959,117,-92,-14044,-5064,6404,-501,72,-122,0
419.8199210166931,8480,6576,11664,-148,-121,53,7288,-9472,10316,-25,153,-183,-13748,4272,5872,-960,123,-60,-13872,-4612,6224,-536,176,-93,0
419.853532075882,8268,6560,11416,-171,-179,136,7384,-9376,10384,-11,164,-186,-13704,4236,5864,-1002,129,-91,-13976,-5080,6296,-499,186,-88,0
419.88672995567316,8548,6584,11376,-155,-145,139,7280,-9436,10356,0,121,-177,-13656,4284,5776,-1012,147,-132,-13972,-5120,6196,-498,137,-88,0
419.92032194137573,8300,6516,11260,-170,-177,144,6964,-9408,10320,-28,145,-219,-13624,4236,5728,-1002,160,-121,-13956,-4936,6152,-525,162,-66,0
419.953871011734,8464,6512,11344,-135,-204,125,6964,-9692,10344,-59,140,-211,-13664,4200,5764,-959,158,-144,-14048,-4920,6316,-512,192,-95,0
419.9874029159546,8432,6572,11300,-150,-180,112,7284,-9436,10372,33,156,-243,-13688,4240,5776,-977,141,-131,-13616,-4948,6640,-491,217,-90,0
420.02107095718384,8680,6520,11352,-159,-196,127,7188,-9400,10332,23,125,-254,-13792,4252,5844,-1020,174,-142,-13968,-5000,6272,-527,207,-110,0
420.0542941093445,8416,6588,11508,-154,-183,150,7184,-9404,10368,-252,109,-241,-13676,4360,5804,-986,197,-178,-13880,-4948,6212,-521,218,-80,0
420.087739944458,8488,6544,11452,-190,-227,159,7232,-9388,10356,19,103,-268,-13772,4208,6036,-974,177,-174,-13988,-4980,6300,-492,204,-84,0
420.1211221218109,8504,6648,11440,-175,-205,149,7392,-9704,10412,33,129,-238,-13672,4176,5776,-776,173,-147,-13988,-5048,6336,-503,219,-72,0
420.1543259620667,8268,6556,11344,-176,-221,155,7212,-9280,10424,5,84,-218,-13652,4176,5776,-1000,203,-130,-13968,-5008,6264,-504,207,-45,0
420.1875250339508,8492,6560,11236,-182,-204,178,7408,-9320,10096,248,88,-229,-13720,4192,5788,-1276,190,-156,-13976,-5012,6424,-526,217,-37,0
420.2211239337921,8440,6500,11516,-178,-217,168,7248,-9356,10408,-29,101,-217,-13788,4260,5592,-975,170,-148,-13912,-5028,6236,-501,203,-57,0
420.254723072052,8568,6528,11456,-151,-212,170,7256,-9428,10416,2,93,-224,-13684,4180,5556,-1020,142,-130,-14088,-4980,6412,-533,164,-66,0
420.28824305534357,8576,6492,11320,-169,-156,149,7288,-9340,10416,-19,98,-206,-13708,4156,5568,-994,121,-95,-13956,-4932,6192,-519,158,-107,0
420.32181906700134,8584,6528,11276,-132,-155,132,7212,-9324,10352,-25,116,-221,-13692,4180,5800,-976,107,-90,-13924,-4988,6160,-258,173,-106,0
420.3555810451508,8604,6224,11264,-174,-110,115,7280,-9328,10308,-42,112,-197,-13692,4116,5872,-974,137,-80,-13984,-4860,6272,-519,134,-141,0
420.3887169361115,8548,6520,11216,-141,-130,107,7308,-9460,10176,-43,152,-174,-13716,4260,5664,-964,51,-61,-14032,-4936,6056,-545,130,-163,0
420.42230606079096,8640,6444,11460,-139,-95,56,7324,-9408,10312,23,199,-151,-13816,4228,5624,-1042,71,-120,-13956,-4932,6240,-518,183,-165,0
420.4558250904084,8536,6568,11064,-157,-111,81,7324,-9400,10328,52,190,-171,-13632,4252,5860,-1035,102,-113,-14120,-5004,6344,-522,144,-129,0
420.489226102829,8592,6660,11416,-135,-164,98,7356,-9352,10368,-47,144,-197,-13752,4208,5960,-978,79,-50,-14296,-4972,6368,-520,163,-121,0
420.5228650569916,8624,6512,11356,-158,-174,114,6956,-9256,9984,-48,144,-200,-13672,4260,5776,-915,84,-81,-13840,-4952,6232,-526,124,-115,0
420.5565650463105,8564,6548,11196,-116,-116,120,7264,-9292,10476,-58,152,-152,-13668,4152,5756,-985,92,-43,-13904,-5056,6332,-513,90,-86,0
420.59001207351685,8564,6540,11124,-121,-20,122,7240,-9292,10328,-49,134,-136,-13664,4264,5804,-1024,119,-35,-13996,-5028,6324,-528,28,-118,0
420.623654127121,8620,6584,11396,-127,-60,118,7248,-9368,10260,-87,142,-135,-13768,4240,5780,-977,86,-94,-14048,-4908,6172,-522,93,-139,0
420.6569640636444,8580,6568,11356,-102,-61,97,7292,-9228,10396,-71,136,-151,-13748,4180,5704,-999,98,-93,-14012,-4996,6316,-508,154,-128,0
420.6904909610748,8628,6632,11268,-114,-57,80,7228,-9364,10340,-12,140,-197,-13628,4292,5712,-983,123,-84,-13896,-4904,6436,-507,193,-125,0
420.72427606582636,8244,6536,11176,-124,-115,88,7248,-9380,10272,-17,100,-221,-13668,4164,5660,-1001,154,-96,-14000,-4916,6352,-470,217,-83,0
420.7578821182251,8576,6492,11412,-125,-150,105,7244,-9388,10312,-59,95,-231,-13724,4224,5676,-968,139,-120,-13984,-4996,6468,-484,205,-106,0
420.79127192497253,8696,6504,11048,-134,-64,102,7316,-9268,10476,-50,129,-203,-13656,4516,5708,-960,108,-114,-14112,-4992,6336,-264,155,-146,0
420.82424306869507,8492,6420,11484,-139,-76,80,7360,-9452,10256,-24,151,-176,-13724,4356,5816,-988,52,-125,-13992,-5028,6304,-511,155,-136,0
420.86195397377014,8508,6612,11388,-150,-55,85,7240,-9312,10292,-21,167,-178,-13448,4136,5660,-996,83,-78,-13940,-5016,6328,-514,154,-118,0
420.8980269432068,8468,6508,11316,-125,-60,85,7268,-9340,10416,-76,131,-199,-13628,4236,5732,-989,107,-64,-14036,-4940,6208,-500,140,-114,0
420.93390107154846,8572,6536,11076,-117,-89,95,7248,-9424,10360,-69,98,-183,-13804,4204,5700,-986,108,-65,-14020,-4924,6212,-517,145,-137,0
420.9699001312256,8572,6480,11500,-96,-55,114,7276,-9416,10188,-50,101,-134,-13712,4180,5880,-1001,98,-69,-13984,-5020,6304,-533,106,-165,0
421.00497102737427,8524,6604,11092,-108,8,92,7216,-9408,10072,-58,135,-154,-13740,4100,5740,-1002,96,-68,-13984,-4980,5888,-487,150,-110,0
421.0410990715027,8424,6568,11292,-103,17,81,7236,-9312,10392,-44,132,-148,-13652,4340,5728,-998,102,-80,-14020,-4960,6360,-499,118,-128,0
421.077271938324,8620,6544,11416,-109,-28,65,7312,-9404,10380,-85,146,-158,-13700,4276,5976,-1004,49,-70,-14064,-4960,6300,-519,64,-156,0
421.1121349334717,8552,6492,11316,-54,-627,28,7260,-9380,10428,-58,188,-154,-13740,4340,5928,-1008,-3,-35,-14004,-4908,6360,-761,99,-181,0
421.14821195602417,8528,6580,11200,-130,-39,67,7144,-9352,10320,-4,162,-143,-13620,4252,5764,-973,62,-34,-14008,-4952,6608,-768,74,-107,0
421.1836080551148,8548,6536,11484,-116,-30,53,7376,-9444,10308,-117,143,-146,-13672,4196,5860,-1016,46,-62,-14276,-5012,6152,-508,64,-145,0
421.21941208839417,8572,6516,11344,-131,-46,47,7248,-9420,10252,-35,142,-170,-13620,4280,5676,-997,62,-25,-13908,-4912,6308,-496,129,-132,0
421.2547709941864,8516,6532,11396,-121,-14,78,7248,-9456,10148,-57,166,-176,-13632,4272,5784,-1024,82,-69,-13928,-5008,6400,-486,151,-143,0
421.2901260852814,8460,6592,11420,-104,-37,99,7244,-9456,10316,-44,145,-175,-13572,4280,5752,-1020,88,-83,-13892,-5048,6424,-512,137,-137,0
421.32538509368896,8496,6640,11408,-116,-69,99,7104,-9392,10280,-77,136,-170,-13664,4228,5856,-975,82,-107,-14008,-5360,6224,-757,135,-141,0
421.3610639572144,8272,6552,11508,-122,-65,84,7280,-9432,10324,-60,164,-183,-13796,4236,5816,-1006,57,-60,-13876,-5032,6488,-497,149,-152,0
421.39715099334717,8512,6604,11336,-152,-69,88,7284,-9432,10380,-45,163,-172,-13460,4188,5808,-1026,79,-79,-13904,-4948,6300,-767,158,-131,0
421.43219709396357,8672,6592,11272,-109,-73,84,7292,-9320,10040,-26,124,-193,-13644,4244,5492,-1034,92,-42,-14032,-5032,6304,-500,164,-131,0
421.4681820869446,8236,6528,11280,-149,-106,79,7216,-9416,10468,-8,166,-161,-13608,4168,5892,-1012,123,-63,-13996,-5068,6292,-497,146,-118,0
421.5038249492645,8376,6580,11320,-197,-59,103,7196,-9356,10340,9,179,-157,-13648,4140,5908,-1014,106,-102,-13852,-5056,6364,-473,185,-46,0
421.53740406036377,8204,6684,11476,-201,-110,135,7212,-9440,10332,9,123,-210,-13628,4284,5644,-1027,143,-98,-13960,-5048,6424,-486,186,-50,0
421.5707490444184,8368,6552,11500,-171,-179,157,7196,-9468,10364,11,135,-220,-13620,4268,5720,-1039,141,-168,-14008,-4980,6292,-481,204,-56,0
421.6088070869446,8472,6656,11284,-134,-193,146,7304,-9368,10172,-33,124,-241,-13728,4228,5752,-981,143,-104,-13976,-4964,6628,-498,167,-71,0
421.6422131061554,8476,6468,11320,-154,-161,137,7196,-9436,10284,-13,97,-199,-13596,4344,5920,-1029,121,-90,-13988,-5028,6348,-478,177,-77,0
421.67576813697815,8304,6648,11404,-185,-145,122,7156,-9376,10236,48,134,-208,-13648,4324,5800,-1035,182,-155,-13964,-5004,6244,-446,186,-43,0
421.70915699005127,8296,6460,11392,-152,-126,134,7268,-9716,10272,8,119,-251,-13676,4320,5716,-1027,165,-186,-13860,-4972,6152,-478,240,-85,0
421.74269104003906,8564,6536,11376,-165,-240,124,7340,-9428,10272,29,150,-249,-13836,4256,5624,-1009,144,-195,-14048,-4876,6384,-482,249,-107,0
421.77616906166077,8560,6516,11324,-185,-221,166,7280,-9344,10328,10,122,-215,-13688,4260,5796,-986,193,-123,-14016,-4852,6308,-452,193,-50,0
421.8097870349884,8616,6476,11252,-189,-157,154,7284,-9352,10400,254,91,-181,-13712,4148,5876,-1038,178,-91,-14056,-4964,6252,-478,159,-33,0
421.8435060977936,8528,6508,11356,-166,-155,181,7184,-9368,10268,-5,95,-163,-13600,4204,5956,-774,190,-56,-13820,-5028,6380,-498,186,-30,0
421.8770439624787,8564,6596,11304,-181,-150,136,7328,-9324,10368,20,114,-193,-13660,4144,5816,-1011,108,-137,-14028,-4920,6320,-490,207,-90,0
421.91049098968506,8572,6464,11296,-170,-179,134,7292,-9384,10384,15,128,-213,-13708,4184,5876,-771,106,-145,-14004,-5024,6348,-257,218,-90,0
421.9439790248871,8556,6500,11348,-149,-178,109,7276,-9452,10456,-18,156,-4,-13616,4280,5688,-993,147,-154,-13940,-4928,6220,-483,229,-90,0
421.9775559902191,8512,6472,11332,-152,-182,114,7168,-9444,10328,13,92,-249,-13628,4148,5796,-1014,178,-143,-13940,-4908,6268,-484,231,-64,0
422.0110349655152,8488,6596,11252,-144,-211,146,7232,-9396,10360,5,87,-237,-13652,4236,5452,-996,196,-135,-13908,-5076,6264,-478,224,-67,0
422.04475498199463,8596,6532,11352,-195,-186,160,7224,-9300,10336,27,131,-220,-13668,4180,5960,-958,178,-111,-14044,-4964,6324,-493,182,-76,0
422.0782721042633,8560,6512,11300,-198,-168,152,7364,-9336,10316,-33,107,-209,-13664,4156,5688,-989,158,-149,-13968,-4964,6240,-499,189,-94,0
422.1117341518402,8544,6512,11300,-160,-158,121,7320,-9304,10256,-38,105,-199,-13688,4148,5716,-1280,132,-156,-14060,-4964,6240,-495,200,-94,0
422.1448891162873,8648,6572,11348,-147,-160,125,7176,-9324,10348,-17,135,-193,-13624,4180,5848,-999,145,-104,-13932,-4900,6160,-542,170,-106,0
422.17838191986084,8652,6456,11044,-108,-112,128,7360,-9308,10376,-46,110,-200,-13748,4188,5628,-1000,79,-62,-13980,-4916,6220,-260,161,-128,0
422.212063074112,8508,6532,11300,-116,-71,93,7364,-9312,10408,-33,104,-182,-13680,4100,5656,-983,117,-71,-13976,-5004,6256,-518,139,-131,0
422.2455360889435,8584,6544,11196,-130,-65,102,7288,-9320,10228,-49,147,-176,-13772,4140,5840,-981,114,-96,-13988,-4948,6376,-528,131,-108,0
422.27907705307007,8560,6516,11296,-131,-24,91,7360,-9352,10248,-68,155,-155,-13704,4180,5696,-959,114,-107,-13944,-5012,6244,-478,125,-146,0
422.3125,8588,6512,11312,-164,-2,97,7312,-9388,10356,-69,142,-141,-13724,4132,5648,-961,134,-80,-14036,-4992,6152,-484,131,-147,0
422.3460829257965,8600,6548,11328,-153,246,79,7332,-9280,10340,-45,146,-163,-13632,4248,5412,-965,85,-90,-14016,-4912,6256,-455,107,-155,0
422.37984895706177,8464,6692,11440,-146,39,98,7204,-9284,10332,-49,159,-124,-13708,4220,5740,-785,118,-52,-14004,-5020,6408,-438,136,-143,0
422.4133539199829,8536,6460,11296,-157,68,56,7184,-9464,10240,-20,164,-117,-13660,4208,5716,-1027,147,-64,-13896,-4980,6324,-463,108,-93,0
422.4469749927521,8624,6500,11240,-136,-4,68,7192,-9428,10428,-43,126,-156,-13680,4292,5744,-971,163,-80,-13948,-4912,6364,-531,106,-124,0
422.4803409576416,8452,6564,11328,-65,6,74,7312,-9312,10240,-78,150,-148,-13672,4280,5772,-950,108,-93,-13896,-4932,6260,-513,129,-131,0
422.51603412628174,8528,6580,11320,-87,-40,80,7392,-9408,10544,-78,131,-153,-13644,4304,5704,-947,149,-43,-14208,-5040,6368,-492,133,-142,0
422.552297115326,8440,6592,11356,-146,-62,102,7408,-9320,10300,-93,152,-189,-13676,4196,5860,-976,127,-75,-13944,-4928,6236,-476,117,-135,0
422.58824610710144,8600,6400,11092,-121,-37,62,7364,-9408,10228,-59,180,-164,-13600,4260,5860,-990,52,-72,-13992,-5112,6368,-258,99,-172,0
422.6231849193573,8616,6436,11492,-154,6,47,7212,-9472,10144,251,216,-134,-13640,4180,5588,-1028,63,-106,-13908,-5060,6260,-494,103,-170,0
422.65864396095276,8588,6464,11496,-82,32,68,7320,-9344,10332,-15,163,-135,-13768,4144,5608,-996,73,-25,-13976,-4956,6252,-259,109,-166,0
422.69371700286865,8552,6560,11228,-101,-43,33,7232,-9364,10356,-67,172,-161,-13584,4136,5428,-942,84,-68,-14036,-4928,6380,-488,157,-134,0
422.7299399375916,8448,6516,11340,-104,251,69,7220,-9360,10320,-34,177,-144,-13568,4168,5768,-1015,91,-69,-13840,-5032,6292,-458,149,-138,0
422.7649779319763,8464,6536,11304,-70,11,105,7196,-9452,10372,-46,145,-120,-13680,4320,5752,-1280,116,-43,-13884,-5016,6584,-501,138,-165,0
422.8010640144348,8200,6588,11328,-89,-5,76,7200,-9452,10276,-76,167,-151,-13628,4196,5856,-964,89,-86,-13996,-5068,6184,-482,133,-126,0
422.8372120857239,8364,6668,11520,-82,-18,69,7276,-9540,10384,-65,156,-152,-13620,4192,5724,-962,94,-113,-13940,-5048,6328,-506,186,-147,0
422.8724179267884,8696,6580,11336,-127,-83,90,7284,-9372,10256,-25,134,-180,-13576,4096,5644,-986,137,-117,-14024,-4956,6256,-553,218,-118,0
422.907653093338,8316,6432,11340,-107,-78,99,7196,-9412,10400,-25,147,-205,-13756,4248,5692,-974,71,-134,-13972,-5032,6224,-527,227,-136,0
422.94291400909424,8536,6584,11336,-236,-137,111,7192,-9368,10304,252,197,-189,-13768,4252,5700,-1014,41,-84,-13856,-4992,6228,-523,166,-98,0
422.9787359237671,8692,6528,11460,-180,-113,113,7200,-9484,10340,-6,149,-165,-13700,4224,5776,-1006,133,-135,-14024,-5076,6380,-490,109,-102,0
423.0141201019287,8524,6496,11412,-169,-141,125,7280,-9360,10392,25,114,-199,-13712,4204,6112,-1039,152,-120,-14008,-4976,6256,-530,224,-100,0
423.0496821403504,8428,6580,11308,-156,-158,139,7220,-9428,10316,19,110,-237,-13688,4204,5800,-1029,129,-140,-13996,-4964,6220,-521,181,-105,0
423.0850789546966,8344,6588,11408,-137,-204,158,7136,-9364,10388,-20,132,-213,-13668,4192,5676,-993,167,-139,-13880,-5068,6380,-475,159,-98,0
423.12033605575556,8508,6520,11232,-152,-188,135,7280,-9468,10432,16,127,-208,-13680,4308,5816,-1002,174,-163,-13952,-5024,6236,-495,157,-83,0
423.1550850868225,8524,6576,11360,-159,-139,123,7224,-9380,10380,8,80,-211,-13608,4208,6040,-1018,204,-157,-14080,-5228,6344,-488,191,-44,0
423.19062995910645,8504,6560,11340,-176,-176,144,7264,-9388,10280,58,88,-226,-13768,4220,5408,-1032,178,-147,-14052,-5100,6256,-490,198,-74,0
423.2240641117096,8472,6560,11356,-162,-172,136,7312,-9316,10300,11,111,-209,-13696,4168,5684,-1048,197,-103,-14000,-5028,6340,-484,219,-88,0
423.2579290866852,8488,6600,11304,-191,-177,132,7244,-9316,10336,2,120,-240,-13684,4152,5784,-984,180,-117,-14032,-4876,6180,-467,157,-91,0
423.29166913032526,8460,6588,11196,-165,-178,124,7256,-9424,10328,-18,128,-204,-13724,4156,5704,-1043,154,-123,-13976,-4968,6324,-512,173,-77,0
423.3250489234924,8584,6524,11380,-184,-142,133,7292,-9364,10340,36,77,-177,-13772,4140,5708,-1069,152,-137,-14204,-4940,6232,-527,160,-105,0
423.35874795913696,8544,6544,11408,-159,-126,158,7312,-9240,10360,45,99,-174,-13664,4076,5824,-1031,153,-129,-13976,-5048,6224,-481,124,-64,0
423.3921980857849,8536,6568,11332,-136,-91,115,7316,-9388,10400,17,155,-173,-13732,4152,5692,-1005,181,-143,-14036,-5000,6300,-755,180,-43,0
423.42575907707214,8468,6516,11340,-222,-144,138,7296,-9232,10268,5,110,-236,-13776,4076,5620,-1013,143,-91,-14024,-5104,6332,-489,169,-60,0
423.45941996574396,8652,6488,11276,-181,-133,147,7320,-9248,10256,9,112,-176,-13780,4120,5756,-1051,135,-39,-14056,-4968,6268,-511,90,-96,0
423.4929749965668,8636,6504,11360,-197,-93,136,7232,-9360,10452,-7,120,-182,-13640,4128,5828,-1000,107,-41,-14016,-4992,6128,-523,79,-118,0
423.5265641212464,8436,6452,11316,-141,-96,110,7316,-9360,10352,-45,127,-187,-13700,4256,6004,-994,79,-112,-13924,-4964,6392,-520,126,-103,0
423.5601670742035,8616,6308,11300,-115,-76,89,7300,-9388,10332,-58,140,-221,-13688,4148,5768,-773,40,-106,-13984,-4936,6296,-528,156,-140,0
423.5936830043793,8608,6508,11324,-118,-79,70,7296,-9296,10264,-36,149,-200,-13724,4064,5680,-769,75,-108,-14068,-5020,6392,-763,162,-147,0
423.6273369789124,8516,6492,11576,-138,-44,84,7256,-9280,10180,-50,113,-184,-13736,4152,5664,-1020,101,-89,-13936,-4920,6316,-439,151,-111,0
423.6607530117035,8568,6536,11516,-92,-52,91,7292,-9308,10288,-44,161,-161,-13736,4216,5748,-1058,33,-75,-14256,-4984,6284,-426,212,-126,0
423.6942949295044,8548,6492,11476,-133,-57,84,7328,-9240,10320,-6,205,-152,-13612,4064,5596,-1045,41,-77,-13876,-4964,6164,-422,217,-133,0
423.7278859615326,8544,6548,11316,-145,-26,53,7248,-9336,10316,-61,149,-135,-13804,4304,5636,-1055,24,-80,-13924,-4988,6164,-379,202,-137,0
423.7612409591675,8584,6504,11396,-109,-11,76,7224,-9276,10392,-53,177,-131,-13704,4148,5872,-1072,255,-69,-13908,-4992,6248,-350,220,-134,0
423.7947700023651,8456,6596,11044,-133,-26,47,7172,-9264,10320,-102,249,-129,-13652,4096,5652,-1066,-17,-35,-14304,-4924,6248,-344,241,-111,0
423.8284809589386,8508,6628,11048,-133,-22,44,7080,-9364,10672,-120,225,-126,-13676,4148,5760,-1008,34,-73,-13980,-4992,6488,-396,203,-117,0
423.8619990348816,8460,6636,11352,-95,-40,27,7160,-9392,10480,-110,207,-176,-13700,4116,5748,-1053,58,-51,-13952,-4928,6296,-428,163,-133,0
423.8953161239624,8448,6500,11204,-86,-69,82,7248,-9432,10288,-82,162,-164,-13364,4108,6048,-1021,101,-84,-14068,-4876,6332,-426,195,-74,0
423.9289150238037,8572,6596,11312,-155,-22,57,7296,-9324,10256,-95,160,-174,-13712,4228,6128,-990,95,-122,-14012,-4876,6248,-379,219,-92,0
423.96244406700134,8500,6588,11416,-168,-9,68,7212,-9316,10372,-79,190,-170,-13636,4248,5740,-1008,100,-116,-14072,-4948,6484,-446,175,-68,0
423.99640011787415,9312,5468,9900,-755,-124,38,7200,-9620,10312,-80,197,-153,-13644,4228,5700,-782,98,-79,-14080,-4920,6284,-450,178,-108,0
424.0298669338227,8468,6568,11432,-192,-128,96,7108,-9352,10204,-71,187,-152,-13688,4156,5672,-997,110,-32,-13856,-4976,6216,-496,175,-112,0
424.06351113319397,8288,6604,11448,-145,-249,57,7172,-9396,10448,-126,187,-145,-13824,4132,5452,-979,93,-34,-13928,-4936,6360,-497,151,-154,0
424.09715008735657,8608,6524,11464,-194,-33,45,7204,-9388,10308,-82,161,-151,-13732,4248,5624,-931,71,-36,-14012,-4848,6344,-523,112,-140,0
424.1302239894867,8488,6420,11772,-138,-6,86,7096,-9356,10464,-119,247,-176,-13764,4228,5648,-955,88,-42,-14024,-4952,6336,-578,116,-143,0
424.16356897354126,8488,6496,11292,-120,32,104,6948,-9388,10284,-57,123,-137,-13680,4256,6072,-954,136,-47,-14040,-4948,6240,-571,76,-184,0
424.2007579803467,8428,6588,11284,-113,5,89,7112,-9248,10328,-67,139,-144,-13704,4252,5864,-952,131,-58,-13992,-5052,6200,-598,108,-124,0
424.2370660305023,8484,6504,11288,-139,-39,99,7408,-9420,10364,-72,174,-175,-13736,4156,5660,-921,138,-79,-13944,-4996,6388,-580,156,-156,0
424.2727429866791,8412,6604,11308,-126,20,74,7204,-9408,10388,-48,136,-164,-13616,4164,5788,-981,128,-91,-13884,-4872,6376,-568,213,-139,0
424.3086040019989,8320,6452,11392,-115,-14,101,7196,-9436,10292,-73,110,-184,-13628,4020,5780,-959,129,-96,-13928,-4980,6304,-582,185,-114,0
424.3443491458893,8388,6592,11240,-133,-10,98,7216,-9488,10184,-70,101,-179,-13700,4284,5708,-863,172,-78,-14080,-4944,6556,-601,136,-115,0
424.37986493110657,8536,6612,11264,-193,70,93,7360,-9488,10512,-73,99,-159,-13672,4288,5668,-609,280,-127,-14060,-5000,6180,-753,182,-160,0
424.4147219657898,8512,6588,11560,-211,148,113,7192,-9700,10412,-43,64,-166,-13656,4192,5644,-794,224,-100,-13952,-4992,6336,-669,94,-139,0
424.4505090713501,8208,6500,11416,-224,-38,149,6960,-9376,10364,14,107,-185,-13712,4204,5700,-880,246,-155,-13932,-4972,6224,-725,362,-75,0
424.48612093925476,8468,6604,11448,-242,-59,136,7224,-9696,10376,-39,110,-205,-13688,4280,5740,-929,154,-151,-13852,-5012,6312,-492,281,-84,0
424.5217959880829,8356,6548,11624,-254,-83,116,7216,-9448,10376,16,132,-205,-13736,4308,5644,-745,165,-103,-14060,-5056,6520,-682,165,-161,0
424.558002948761,8356,6500,11448,-215,-3,144,7272,-9472,10316,-14,78,-240,-13604,4312,5672,-708,173,-141,-14016,-4884,6200,-692,188,-143,0
424.5929720401764,8392,6608,11480,-274,8,190,7080,-9288,10472,3,40,-204,-13656,4212,5772,-740,171,-134,-13980,-5012,6080,-663,334,-86,0
424.6281290054321,8420,6544,11440,-342,-8,174,7196,-9408,10408,64,102,-284,-13756,3916,5448,-879,146,-189,-14024,-5056,6008,-559,369,-105,0
424.6636860370636,8396,6436,11744,-328,-127,159,7212,-9328,10392,83,130,-242,-13688,4244,5800,-850,103,-98,-14132,-4968,6336,-587,299,-115,0
424.6993319988251,8432,6412,11568,-264,-229,179,7332,-9348,10352,77,104,-221,-13608,4340,5436,-917,19,-142,-13968,-5092,6228,-653,306,-112,0
424.7348849773407,9004,6860,11596,-130,-191,212,7356,-9228,10012,52,181,-196,-13684,4240,5680,-930,13,-114,-14076,-4920,6364,-442,316,-91,0
424.77015209198,8404,6568,11344,-227,-146,199,7296,-9380,10328,27,107,-214,-13824,4168,5668,-979,5,-126,-14080,-4984,6384,-423,364,-110,0
424.80553102493286,8400,6504,11392,-502,-95,151,7332,-9388,10408,79,173,-235,-13684,4284,5660,-907,-24,-167,-14012,-4996,6396,-452,408,-115,0
424.843101978302,8516,6508,11264,-209,-53,157,7272,-9276,10532,55,160,-208,-13696,4280,5656,-915,15,-86,-14060,-5080,6176,-481,323,-132,0
424.8767249584198,8428,6464,11632,-216,37,172,7204,-9288,10264,41,-19,-195,-13320,4264,5728,-900,9,-44,-14040,-5004,6056,-459,251,-106,0
424.91002011299133,8316,6452,11320,-243,-15,169,7148,-9348,10488,-33,67,-207,-13708,4228,5752,-927,44,-115,-14008,-5044,6136,-446,298,-84,0
424.9436480998993,8364,6468,11420,-191,-68,167,7268,-9464,10356,-37,94,-233,-13700,4328,5820,-926,35,-179,-14064,-4856,6136,-447,506,-121,0
424.9772551059723,8200,6348,11504,-133,-119,151,7284,-9056,10256,-35,106,-231,-13700,4356,5720,-944,43,-128,-14044,-4932,6156,-474,288,-107,0
425.01066207885737,8432,6348,11304,-122,-115,118,7288,-9320,10352,-46,106,-231,-13408,4328,5664,-924,65,-81,-14076,-4976,6164,-473,280,-105,0
425.0442349910736,8412,6368,11376,-131,-55,115,7332,-9344,10268,-76,106,-198,-13668,4284,5468,-978,20,-65,-14116,-4992,6128,-474,231,-154,0
425.07760000228876,8484,6488,11392,-119,251,83,7416,-9348,10380,-96,175,-155,-13832,4308,5736,-915,0,-81,-14048,-4980,5972,-450,226,-159,0
425.11109614372253,8688,6372,11624,-141,53,84,7332,-9324,10316,-61,165,-148,-13692,4268,5684,-977,-8,-117,-14264,-5004,6044,-470,227,-171,0
425.144091129303,8476,6436,11416,-142,66,87,7236,-9260,10332,-80,164,-149,-13612,4272,5556,-958,2,-81,-14296,-5080,6072,-462,207,-143,0
425.17750096321106,8376,6492,11436,-121,57,92,7300,-9368,10344,-102,117,-134,-13732,4108,5860,-961,30,-24,-14192,-5084,6032,-444,202,-141,0
425.21100306510925,8420,6336,11560,-109,33,77,7264,-9412,10324,-108,204,-155,-13732,4116,5880,-982,-38,-58,-14140,-5048,6060,-492,160,-182,0
425.2447061538697,8316,6440,11696,-85,2,77,7280,-9324,10236,-14,175,-139,-13676,4232,5876,-968,25,-87,-14024,-5004,6124,-469,138,-152,0
425.2781219482422,8256,6548,11568,-38,17,54,7132,-9364,10488,-28,164,-162,-13648,4276,5740,-986,73,-128,-14008,-4944,6192,-534,37,-119,0
425.3114659786225,8684,6412,11568,-33,-93,47,7264,-9380,10412,-85,164,-170,-13680,4264,5752,-991,87,-78,-14040,-5032,6072,-560,49,-109,0
425.34494805336,8368,6512,11564,-249,-173,74,7244,-9480,10364,-124,143,-140,-13636,4376,5676,-988,204,-37,-14088,-5040,6108,-631,-61,-123,0
425.3784840106964,8656,6512,11516,34,-162,76,7260,-9260,10412,-146,137,-167,-13620,4224,5804,-1003,217,-4,-14036,-5000,6368,-628,-78,-118,0
425.41201400756836,8368,6536,11476,37,-137,72,7260,-9344,10472,-128,138,-125,-13672,4244,6136,-1034,142,-42,-14228,-5020,6084,-655,90,-139,0
425.44543409347534,8316,6632,11724,-54,-125,60,7308,-9408,10304,-78,200,-171,-13728,4276,5644,-1081,62,-118,-14108,-5112,6096,-627,158,-176,0
425.4787800312042,8408,6556,11420,-78,-143,28,7216,-9392,10444,-71,230,-188,-13664,4304,5676,-1203,127,-87,-14064,-5068,6280,-631,57,-154,0
425.51231813430786,8428,6472,11372,47,-214,43,7244,-9464,10324,-111,188,-199,-13688,4260,5532,-1218,229,-53,-13860,-4980,6332,-622,-127,-128,0
425.5457911491394,8336,6492,11416,41,-712,89,7220,-9352,10340,-129,132,-211,-13360,4488,5868,-1157,331,-65,-14036,-5008,6108,-670,-174,-122,0
425.5791730880737,8348,6580,11436,59,-365,38,7228,-9468,10188,-191,126,-196,-13736,4204,5960,-1144,333,-121,-14020,-5048,5996,-672,-98,-126,0
425.61277198791504,8224,6608,11504,79,-447,6,7316,-9420,10328,-179,172,-167,-13796,4232,5804,-1213,255,-112,-14032,-5008,6224,-572,-128,-134,0
425.6462321281433,8456,6584,11440,24,-400,52,7196,-9508,10328,-142,196,-161,-13712,4212,5808,-1241,230,-83,-14012,-5304,6152,-548,-70,-112,0
425.67957496643066,8460,6584,11260,14,-370,51,7116,-9416,10400,-153,205,-185,-13536,4292,5784,-1062,234,-59,-13968,-5056,6296,-575,-63,-122,0
425.7130401134491,8436,6676,11336,28,-290,58,7184,-9336,10448,-156,168,-166,-13588,4292,5832,-1093,197,-32,-14016,-5020,6216,-602,-42,-148,0
425.7467961311341,8648,6588,11396,-18,-214,91,7120,-9516,10352,-107,139,-174,-13756,4268,5780,-1104,184,-76,-14004,-5152,6356,-623,-68,-118,0
425.7803330421448,8648,6612,11348,-37,-146,99,7316,-9480,10352,-105,123,-168,-13628,4156,5700,-1069,199,-105,-13912,-5140,6304,-607,-10,-114,0
425.81377696990967,8408,6884,11392,-9,-111,109,7228,-9476,10096,-114,96,-186,-13732,4252,5676,-1060,221,-101,-14024,-5084,6260,-578,32,-82,0
425.8472969532013,8412,6588,11068,4,-73,80,7312,-9404,10420,-115,102,-153,-13980,4200,5680,-1055,231,-74,-13972,-5024,6216,-548,19,-120,0
425.8833301067353,8528,6616,11048,-73,-36,99,7196,-9452,10312,-82,92,-188,-13704,4192,5844,-1067,242,-43,-13980,-5056,6200,-515,40,-70,0
425.9181900024414,8352,6716,11448,-82,-50,92,7332,-9536,10364,-98,100,-175,-13812,4096,5772,-743,323,-77,-13984,-5080,6288,-553,62,-124,0
425.9540040493012,8564,6620,11500,-130,-47,118,7380,-9400,10380,-49,82,-189,-13696,4188,5848,-848,6,-67,-14016,-5032,6344,-768,112,-128,0
425.9896740913391,8540,6564,11420,-182,-51,121,7168,-9476,10312,-47,115,-172,-13764,4284,5632,-855,141,-46,-13996,-4968,6432,-576,172,-105,0
426.02480912208557,8456,6576,11492,-155,-66,112,7228,-9528,10420,-45,123,-189,-13844,4324,5672,-805,238,-83,-13972,-5116,6364,-524,200,-104,0
426.0608870983124,8456,6628,11272,-176,-45,106,7204,-9516,10176,21,98,-193,-13624,4384,5600,-781,375,-108,-14052,-5024,6280,-545,206,-99,0
426.09615302085876,8252,6644,11412,-197,-69,154,7188,-9476,10236,45,107,-226,-13772,4236,5680,-783,273,-133,-13904,-5140,6264,-549,269,-69,0
426.1318690776825,8372,6604,11372,-212,-159,153,7264,-9416,10348,25,127,-242,-13588,4300,5504,-811,222,-145,-13892,-5052,6340,-540,239,-72,0
426.16759610176086,8548,6624,11332,-146,-192,168,7296,-9244,10456,-6,95,-235,-13776,4108,5512,-791,235,-90,-14312,-5104,6180,-603,193,-106,0
426.2026331424713,8528,6612,11328,-210,-122,157,7256,-9552,10472,-5,122,-193,-13804,4272,5876,-882,200,-119,-13932,-5112,6168,-557,222,-101,0
426.2379341125489,8548,6412,11292,-200,-138,137,7252,-9464,10352,5,148,-193,-13584,4200,5784,-815,133,-83,-14248,-4908,6280,-545,163,-112,0
426.2734229564667,8520,6404,11400,-156,-171,93,7196,-9448,10136,-64,116,-228,-13720,4540,5376,-625,135,-104,-13880,-5052,6424,-629,204,-103,0
426.3093850612641,8436,6504,11168,-219,-126,169,7224,-9532,10188,-88,20,-236,-13796,4308,5624,-431,104,-129,-13904,-5020,6192,-644,297,-108,0
426.34486293792725,8500,6632,11204,-255,-124,194,7248,-9336,10452,-122,-20,-204,-13720,4308,5472,-326,152,-56,-13940,-4892,6348,-730,210,-133,0
426.3807349205017,8380,6576,11496,-291,-75,203,7176,-9428,10316,-178,27,-214,-13700,4292,5412,-387,124,-54,-13992,-4952,6212,-746,244,-146,0
426.4155480861664,8676,6576,11352,-225,-99,174,7384,-9492,10364,-135,41,-192,-13800,4432,5512,-463,168,-98,-14004,-5340,6256,-814,240,-167,0
426.4515919685364,8552,6536,11296,-222,-18,164,7280,-9428,10476,-18,68,-192,-13712,4384,5360,-1001,268,-149,-13884,-5076,6216,-913,225,-189,0
426.4877629280091,8504,6544,11512,-235,-18,183,7184,-9472,10124,-46,35,-217,-13680,4408,5452,-721,310,-121,-14068,-5048,6176,-999,243,-154,0
426.52445101737976,8512,6496,11440,-177,-12,151,7048,-9676,10180,-26,116,-213,-13696,4420,5472,-872,278,-122,-14024,-4896,6188,-873,238,-127,0
426.55804109573364,8464,6592,11284,-182,15,137,7348,-9676,10384,-2,131,-232,-13916,4448,5416,-1043,66,-87,-14104,-5104,6268,-882,168,-130,0
426.59148502349854,8492,6536,11364,-86,-18,127,7272,-9452,10104,-79,152,-174,-13748,4424,5340,-984,101,-84,-13908,-5148,6232,-915,107,-132,0
426.62748503685,8348,6568,11340,-72,6,148,7240,-9492,10308,-42,64,-206,-13812,4380,5428,-974,246,-126,-13952,-5152,6288,-1108,51,-181,0
426.6611540317536,8572,6568,11548,-9,-52,138,7304,-9544,10076,-177,75,-174,-13868,4384,5612,-1225,194,-61,-13968,-5224,6008,-927,-7,-168,0
426.6943459510804,8540,6524,11204,-13,-153,128,7384,-9608,10000,-219,115,-148,-13772,4332,5420,-1427,101,-88,-13936,-5284,6052,-809,86,-168,0
426.7279019355774,8204,6496,11496,-45,-172,90,7420,-9380,10260,-221,102,-175,-13704,4396,5592,-1302,72,-151,-13976,-5180,6080,-783,37,-181,0
426.7636771202088,8532,6536,11368,-42,-71,109,7376,-9472,10156,-266,50,-177,-13680,4536,5276,-1305,123,-159,-13956,-5204,6092,-712,38,-149,0
426.79720401763916,8544,6544,11384,-70,-25,71,7328,-9256,10272,-203,76,-150,-14048,4224,5436,-1236,88,-120,-14052,-5232,6076,-601,61,-160,0
426.8307890892029,8464,6564,11324,-93,45,81,7328,-9480,9880,-128,125,-126,-13856,4448,5492,-1211,42,-53,-13988,-5140,6108,-592,37,-161,0
426.8643190860748,8472,6632,11304,-32,15,82,7408,-9576,10136,-147,158,-124,-13940,4464,5516,-1099,129,-19,-13948,-5224,6196,-636,74,-194,0
426.89736104011536,8464,6608,11420,-19,16,57,7184,-9580,10100,-15,200,-143,-13744,4572,5440,-1109,13,-63,-13876,-5280,6124,-568,114,-199,0
426.9308400154114,8236,6624,11384,-35,-251,50,7344,-9440,10272,-116,145,-136,-13764,4600,5788,-1045,171,-78,-14076,-5192,6132,-548,54,-151,0
426.9646620750428,8396,6660,11340,254,-42,58,7332,-9584,10140,-76,178,-153,-13728,4340,5492,-1080,66,-105,-13848,-5236,6056,-562,133,-170,0
426.99815392494196,8372,6580,11208,-85,-38,46,7300,-9616,10036,-95,198,-150,-13760,4392,5456,-1088,68,-112,-13960,-5160,6288,-557,153,-189,0
427.0317280292511,8524,6504,11332,-27,18,57,7296,-9524,10140,-140,122,-116,-13684,4412,5420,-961,158,-27,-13972,-5256,6248,-601,225,-150,0
427.0652010440827,8304,6712,11340,-18,70,68,7316,-9636,10316,-95,139,-102,-13660,4380,5384,-971,268,-87,-13984,-5428,6232,-601,210,-156,0
427.09846115112305,8412,6880,11440,17,-23,71,7196,-9516,10056,-190,110,-135,-13764,4428,5476,-911,212,-156,-13688,-5536,6356,-553,298,-66,0
427.13195896148676,8648,6816,11296,59,-49,72,7304,-9612,10164,-224,318,-507,-13640,4536,5464,-977,113,-174,-13932,-5128,6116,-508,442,-107,0
427.1654739379883,8440,6616,11448,29,-103,61,7544,-9576,10176,-43,11,-160,-13868,4300,5404,-961,266,-115,-13976,-5348,5956,-456,504,-69,0
427.1987090110779,8388,6732,11484,65,-79,88,7452,-9556,10096,-137,116,-150,-13580,4376,5668,-870,243,-89,-13724,-5476,5960,-501,609,-96,0
427.23229002952576,8252,6708,11380,102,-73,50,7376,-9532,10080,-117,87,-120,-14032,4408,5548,-822,156,-132,-13932,-5304,6236,-565,682,-76,3
427.2658030986786,8244,6704,11308,86,-67,57,7264,-9684,10104,-157,170,-136,-13848,4312,5484,-677,101,-122,-13848,-5304,6764,-681,456,-87,3
427.2992060184479,8240,6648,10928,175,-262,79,7236,-9488,10076,-154,251,-131,-13892,4340,5484,-577,101,-92,-13940,-5220,6096,-568,569,-74,3
427.332612991333,8656,6796,11324,238,-424,87,7356,-9528,10144,-152,200,-144,-13624,4312,5616,-686,147,-115,-14052,-5540,6012,-555,672,-86,3
427.36610102653503,8528,6832,11176,232,-338,52,7176,-9632,10220,-189,227,-162,-13820,4488,5384,-690,73,-75,-13980,-5400,5708,-696,368,-149,3
427.3995869159699,8524,6820,11212,312,-504,57,7332,-9596,10160,-203,161,-209,-13808,4404,5268,-674,190,-88,-13976,-5532,6124,-771,366,-159,3
427.4330201148987,8424,6836,11244,264,-401,41,7404,-9632,9916,-14,180,-189,-13768,4368,5448,-745,-117,-74,-13976,-5288,6056,-685,550,-153,3
427.4666669368744,8492,6756,11212,167,-174,87,7336,-9560,10144,73,240,-184,-14028,4204,5292,-854,83,-101,-13828,-5180,5724,-691,442,-166,3
427.5002100467682,8436,6844,11176,-27,-217,113,7364,-9632,10080,112,134,-243,-13936,4456,5360,-844,82,-48,-14088,-5152,5808,-651,421,-159,3
427.53365898132324,8496,6904,11304,24,-199,76,7292,-9588,10196,6,211,-191,-13784,4580,5460,-863,65,-75,-14292,-5600,6076,-732,200,-249,3
427.57066202163696,8560,6832,11284,33,-199,63,7296,-9648,10156,78,189,-199,-13800,4424,5408,-901,-40,-103,-14124,-5188,5700,-744,307,-261,3
427.6059651374817,8532,6936,10788,-50,-145,72,7252,-9536,10372,79,98,-174,-13752,4412,5588,-949,-107,-82,-14036,-5372,5840,-676,193,-236,0
427.6418240070343,8444,6944,11124,-91,-104,71,7252,-9500,10220,141,210,-181,-13880,4376,5344,-1094,-79,-40,-13840,-5420,5756,-573,190,-239,0
427.67797899246216,8580,6844,11356,-104,-1,49,7472,-9592,10184,158,211,-159,-13828,4512,5540,-1108,-58,-40,-13848,-5228,5740,-622,58,-509,0
427.71309208869934,8444,6876,11428,-29,-3,50,7268,-9696,10136,143,276,-123,-13664,4520,5280,-1053,-87,-29,-13980,-5188,5696,-664,10,-214,0
427.74873805046076,8524,6892,11192,62,-69,47,7220,-9592,10196,138,262,-142,-13744,4424,5616,-1115,-34,-54,-13924,-5600,6076,-620,-65,-152,0
427.7844431400299,8284,6824,11100,21,-54,41,7260,-9572,10072,134,146,-179,-13776,4504,5392,-1164,28,-113,-14080,-5384,5884,-761,-51,-155,0
427.8202559947968,8460,6960,11236,-43,-27,46,7096,-9520,10316,104,170,-152,-13720,4516,5596,-1086,79,-61,-14008,-5312,5860,-783,-39,-157,0
427.8555591106415,8648,6880,11248,-140,62,116,7220,-9424,10400,108,158,-179,-13552,4472,5284,-1051,135,-99,-14052,-5408,5644,-822,-18,-152,0
427.89133405685425,8400,6916,11268,-84,-21,96,7192,-9508,10340,46,82,-180,-13708,4520,5628,-1521,208,-124,-14004,-5488,5964,-803,-89,-100,0
427.92732095718384,8352,6996,11240,-186,-90,130,7316,-9600,10132,115,156,-223,-13744,4504,5400,-1124,188,-140,-14024,-5540,6044,-716,-109,-74,0
427.96254801750183,8380,6888,11168,-147,-141,104,7220,-9536,10156,57,154,-207,-14080,4448,5460,-1060,150,-125,-14008,-5448,5828,-676,-102,-99,0
427.9981660842896,8512,6920,11040,-204,-96,119,7156,-9468,10376,83,169,-175,-13812,4436,5552,-989,119,-117,-14020,-5464,6036,-692,-107,-150,0
428.0337791442871,8692,6916,11192,-202,-67,122,7172,-9560,10264,101,138,-193,-13680,4364,5472,-982,143,-130,-13976,-5536,5876,-581,-153,-114,0
428.0691411495209,8420,6972,11164,-184,-88,127,7292,-9480,10352,69,345,-313,-13580,4692,5376,-940,108,-64,-13928,-5348,5920,-649,-100,-135,0
428.10414004325867,8524,6880,11340,-190,-104,127,6936,-9572,10188,75,306,-226,-14080,4596,5616,-1046,61,-92,-14024,-5456,5776,-575,-3,-88,0
428.1403160095215,8272,7076,11108,-142,-110,104,7300,-9524,10480,65,194,-176,-13832,4428,5404,-1051,98,-86,-13860,-5460,5996,-585,56,-133,0
428.17493796348566,8588,6928,11260,-163,-79,139,7200,-9252,10484,122,359,-177,-13712,4576,5436,-990,107,-158,-13944,-5556,6096,-607,49,-147,0
428.2112081050873,8384,6932,11204,-235,-138,118,7216,-9268,10372,95,191,-199,-13776,4384,5500,-990,67,-117,-14028,-5560,5632,-514,83,-139,0
428.2448499202729,8692,6672,11172,-235,-151,126,7252,-9688,10420,78,179,-164,-13728,4464,5452,-1070,10,-97,-13900,-5520,6028,-479,73,-87,0
428.2783100605011,8580,6872,11088,-14,-135,147,7116,-9544,10344,35,173,-153,-13804,4332,5316,-1171,31,-91,-13960,-5532,6040,-442,23,-143,0
428.31184911727905,8364,7112,11164,-274,-144,137,6912,-9348,10368,40,174,-166,-13660,4356,5572,-1170,-17,-126,-13924,-5444,5928,-339,46,-81,0
428.3454449176789,8452,6672,11068,-256,-180,114,7144,-9364,10424,-43,185,-177,-13744,4460,5800,-1160,-35,-104,-13888,-5512,6068,-294,85,-43,0
428.37872314453125,8468,6888,11132,-287,-199,132,7176,-9524,10408,61,150,-223,-13696,4380,5488,-1144,-62,-136,-13952,-5456,5996,-298,121,-69,0
428.41223311424255,8496,6784,11048,-277,-176,133,6956,-9552,10460,158,282,-194,-13644,4456,5684,-1201,-83,-126,-13904,-5516,5912,-263,72,-81,0
428.44558000564575,8492,6788,11160,-285,-161,131,7124,-9316,10276,93,152,-166,-13616,4516,5408,-1249,-5,-100,-13796,-5468,6036,-296,44,-52,0
428.4791579246521,8404,6888,11216,-275,-162,162,7176,-9500,10244,72,0,-203,-13688,4356,5580,-1169,42,-150,-13876,-5572,6008,-344,19,-88,0
428.51266407966614,8492,6884,11124,-265,-154,113,7248,-9632,10088,-20,65,-171,-13828,4432,5544,-1063,44,-86,-14076,-5504,5900,-389,41,-101,0
428.546452999115,8528,6876,11328,-179,-135,91,7288,-9396,10360,32,183,-164,-13796,4428,5560,-1100,58,-135,-13980,-5488,6096,-424,93,-167,0
428.57991099357605,8488,6700,11144,-209,-103,62,7112,-9416,10136,24,165,-156,-13788,4120,5212,-1083,98,-71,-13944,-5424,5924,-443,0,-162,0
428.61355900764465,8536,6736,11056,-144,5,48,7264,-9404,10436,23,204,-165,-13680,4344,5552,-987,135,-51,-13952,-5372,6252,-437,-6,-165,0
428.6468501091004,8572,6872,11188,-180,-31,52,6956,-9468,10348,-5,185,-117,-13760,4440,5580,-978,101,-40,-13860,-5508,6088,-498,27,-205,0
428.68039202690125,8568,6876,11192,-149,62,52,7228,-9436,10240,-43,167,-122,-13576,4444,5456,-985,52,-53,-14008,-5464,5948,-533,19,-240,0
428.7137849330902,8408,6860,11228,-107,20,38,7044,-9312,10464,-66,211,251,-13768,4604,5532,-1056,73,-68,-13772,-5512,6040,-585,73,-235,0
428.74746704101557,8436,6656,11116,-150,-46,30,7112,-9396,10372,-15,156,-123,-13740,4344,5628,-1275,80,-6,-13764,-5524,6088,-564,242,-232,0
428.78103494644165,8364,6916,11180,-141,7,14,6732,-8980,10204,35,399,-181,-13648,4464,5740,-942,4,-246,-13892,-5464,5932,-578,9,-508,0
428.8145120143891,8472,6692,11260,-142,27,18,7208,-9476,10296,-68,157,-146,-13800,4176,5824,-942,12,-59,-13872,-5412,6152,-524,48,-235,0
428.8480770587921,8428,6856,11076,-128,6,28,6888,-9340,10236,-53,237,-144,-13376,4356,5744,-942,47,-113,-13864,-5588,5912,-766,59,-212,0
428.8816020488739,8632,6836,11404,-86,-42,26,7024,-9720,10352,-104,50,-176,-13740,4528,5616,-1008,32,-143,-13840,-5456,6324,-513,129,-169,0
428.9149920940399,8364,7000,11144,-140,-39,84,6992,-9456,10488,-40,85,-147,-13692,4392,5616,-927,91,-97,-14000,-5512,5896,-489,99,-126,0
428.94881892204285,8492,6892,11104,-135,27,89,7060,-9292,10280,-117,163,-139,-13664,4396,5620,-886,71,253,-13784,-5540,5948,-522,23,-108,0
428.98228096961975,8396,7112,11144,-159,12,121,7160,-9368,10208,-181,-249,-140,-13728,4372,5660,-938,114,-49,-13760,-5536,5888,-529,59,-130,0
429.0155940055847,8644,7164,11292,-103,-42,79,7064,-9280,10328,-104,14,-153,-13760,4456,5564,-915,74,-87,-13644,-5500,6372,-522,53,-151,0
429.04907202720636,8504,6860,11152,-123,-19,74,7176,-9508,10188,-47,222,-106,-13644,4448,5696,-947,-1,-85,-14020,-5452,6080,-545,82,-138,0
429.0825171470642,8412,6804,11220,-129,-16,58,7188,-9504,10348,-84,119,-170,-13768,4372,5392,-946,47,-78,-13856,-5468,6232,-518,131,-145,0
429.1163990497589,8256,6744,11332,-140,-18,56,7400,-9468,10208,30,278,-139,-13784,4504,5596,-883,81,-78,-13768,-5528,6204,-466,147,-143,0
429.14973497390747,8212,6844,11152,-129,-63,108,7140,-9576,10272,-53,87,-187,-13772,4476,5552,-851,46,-41,-13876,-5608,6220,-524,152,-136,0
429.18331599235535,8196,6852,11508,-120,-59,112,7136,-9540,10220,-3,137,-173,-13488,4260,5748,-944,113,-114,-13736,-5532,6188,-466,143,-117,0
429.2168481349945,8192,6852,11260,-130,-97,136,6912,-9528,10360,-84,165,-213,-13720,4556,5832,-998,125,-96,-13828,-5624,6140,-471,77,-109,0
429.25389409065247,8456,6860,11308,-111,-35,94,7344,-9276,10256,-44,164,-174,-13776,4432,5720,-898,51,-109,-13580,-5540,6264,-491,101,-120,0
429.2896909713745,8212,7092,11292,-164,-89,87,7296,-9664,10212,38,119,-208,-13824,4408,5740,-933,141,-105,-14080,-5592,6200,-402,104,-71,0
429.3250660896301,8368,6820,11216,-183,-91,94,6948,-9492,10364,17,25,-158,-13616,4424,5756,-949,142,-138,-13616,-5508,6216,-403,122,-59,0
429.360918045044,8396,6704,11264,-178,-79,143,6988,-9468,10284,-43,217,-189,-13628,4488,5640,-986,195,-111,-13752,-5504,6076,-384,120,42,0
429.39611291885376,8372,6868,11196,-178,-155,183,7192,-9532,10364,-47,102,-218,-13668,4420,5472,-973,238,-107,-13940,-5508,6144,-401,195,26,0
429.43193793296814,8632,6676,11220,-189,-190,203,7236,-9588,10392,5,139,-219,-13812,4592,5544,-998,225,-178,-13924,-5532,6184,-410,197,-27,0
429.4677679538727,8408,6852,11252,-176,-138,156,7256,-9460,10080,-254,108,-207,-13768,4496,5564,-950,202,-107,-13852,-5460,6252,-397,144,-18,0
429.50264596939087,8252,6836,11252,-212,-133,154,7128,-9400,10296,-4,105,-200,-13696,4456,5612,-939,204,-152,-13852,-5460,5988,-414,178,251,0
429.5386950969696,8464,6708,11372,-212,-151,176,7120,-9496,10440,17,160,-200,-13580,4496,5556,-959,173,-166,-13632,-5420,6152,-440,230,-45,0
429.5741360187531,8388,6724,11152,-191,-117,148,7264,-9516,10200,12,137,-212,-13840,4448,5580,-980,151,-134,-13900,-5496,6248,-448,224,-58,0
429.6099989414215,8264,6876,11400,-183,-149,171,7184,-9676,10340,38,137,-215,-13792,4548,5376,-995,113,-183,-13928,-5276,6116,-452,221,-100,0
429.64498710632324,8420,6780,11356,-168,-226,153,7248,-9548,10296,24,175,-201,-13704,4520,5444,-1024,113,-173,-13828,-5164,6072,-509,265,-71,0
429.68074202537537,8376,6760,11168,-136,-215,151,7392,-9724,10332,89,113,-222,-13772,4340,5636,-777,130,-187,-13660,-5400,6348,-509,226,-116,0
429.7157280445099,8544,7160,10996,-152,-192,149,7200,-9356,10340,250,169,-173,-13724,4440,5428,-982,79,-151,-13960,-5408,6392,-460,119,-90,0
429.7509150505066,8432,6840,11256,-162,-131,149,7420,-9492,10340,14,69,-184,-13836,4532,5576,-967,53,-148,-13856,-5428,6260,-519,145,-137,0
429.78594303131104,8204,6776,11204,-192,-152,148,7136,-9696,10324,67,129,-155,-13724,4384,5584,-772,139,-125,-13884,-5488,6360,-484,142,-71,0
429.821809053421,8408,6888,11092,-122,-133,109,7236,-9444,10424,-255,182,-189,-13728,4536,5600,-1280,112,-166,-13624,-5476,6156,-437,182,-117,0
429.85774207115173,8456,7004,11064,-227,-152,115,7416,-9460,10324,53,128,-245,-13708,4440,5872,-1091,77,-184,-13740,-5420,6184,-442,194,-94,0
429.89381098747253,8400,6720,11108,-135,-209,122,7248,-9636,10404,60,162,-211,-13588,4464,5460,-1085,79,-155,-13852,-5396,6168,-456,156,-124,0
429.92742609977716,8540,6780,11080,-146,-111,96,7148,-9320,10348,48,152,-190,-13664,4212,5668,-1065,10,-190,-13836,-5484,6244,-414,154,-124,0
429.9611310958862,8676,6856,11512,-179,-96,90,7108,-9452,10348,-46,216,-191,-13628,4324,5520,-1061,3,-126,-13808,-5340,6288,-449,152,-99,0
429.9943239688873,8528,6860,11200,-130,-47,92,7288,-9276,10956,-146,-178,-144,-13640,4460,5576,-1073,31,-95,-13872,-5484,6256,-395,166,-114,0
430.028039932251,8504,6820,11300,-186,-45,77,7332,-9460,10188,-97,166,-169,-13592,4412,5452,-1086,47,-112,-13864,-5300,6044,-373,100,-105,0
430.0614409446716,8440,6772,11252,-145,29,55,7068,-9412,10236,-27,197,-161,-13784,4476,5480,-1099,71,-153,-13876,-5320,6172,-404,142,-96,0
430.09484004974365,8456,6752,11328,-94,4,91,7368,-9372,10228,-65,172,-128,-13708,4452,5520,-1035,150,-70,-13944,-5252,6296,-393,53,-141,0
430.1284170150757,8524,6876,11228,-145,57,50,7020,-9488,10368,-17,205,-84,-13628,4604,5852,-1095,108,-83,-13944,-5404,6200,-360,91,-105,0
430.1617929935456,8336,6824,11284,-145,12,66,7068,-9432,10304,-23,184,-129,-13728,4308,5664,-1053,70,-33,-13908,-5380,6120,-350,123,-94,0
430.19505500793457,8484,6916,11100,-153,250,65,7032,-9556,10256,-104,68,-122,-13592,4372,5588,-1084,101,-82,-13848,-5408,6220,-343,165,-54,0
430.2287130355835,8284,6824,11244,-150,-37,103,7028,-9400,10288,-153,16,-233,-13568,4416,5656,-998,203,-199,-13732,-5396,6236,-289,184,19,0
430.261785030365,8356,6860,11168,-170,-119,147,7368,-9396,10352,-189,35,-267,-13712,4428,5772,-975,158,-129,-13920,-5444,6192,-292,183,-9,0
430.295264005661,8688,6904,11464,-189,-75,139,7220,-9468,10316,-236,38,-196,-13656,4404,5756,-895,28,-114,-13812,-5416,6192,-306,143,253,0
430.3289539813996,8308,7148,11236,-182,-152,154,7156,-9520,10280,-302,-28,-251,-13692,4316,5872,-987,186,-124,-13676,-5464,6216,-269,231,101,0
430.3624119758606,8352,6832,11212,-230,-235,199,7248,-9380,10212,-4,-56,-316,-13864,4420,5684,-926,256,-127,-13976,-5324,6280,-322,211,88,0
430.3959150314331,8492,6696,11516,-148,-109,197,7284,-9260,10388,-155,107,-211,-13660,4452,5548,-902,49,-88,-14008,-5384,6180,-383,122,-5,0
430.4295160770417,8596,6720,11316,-174,-42,152,7344,-9600,10164,-176,31,-206,-13768,4536,5448,-1026,118,-91,-13804,-5308,6140,-404,130,-6,0
430.4628651142121,8412,6812,11296,-193,-96,151,7316,-9536,10400,-138,20,-159,-13800,4448,5740,-1028,141,-26,-13936,-5208,6264,-499,123,-44,0
430.4962041378021,8576,6736,11248,-77,-39,155,7356,-9524,10224,-73,181,-115,-13880,4264,5492,-1272,16,-41,-13932,-5360,6324,-489,98,-114,0
430.5297360420227,8460,6848,11392,-140,-43,78,7388,-9448,10268,-122,168,-119,-14052,4396,5496,-962,35,-104,-13952,-5168,6272,-431,72,-91,0
430.5634429454804,8432,7124,11324,-154,-23,74,7176,-9572,10252,-135,78,-155,-13668,4532,5472,-1103,140,-100,-13836,-5336,6184,-461,124,-69,0
430.59686613082886,8380,6736,11148,-122,-49,113,7192,-9496,10224,-140,47,-160,-13616,4380,5436,-1068,151,-85,-13796,-5308,6396,-452,130,-89,0
430.63026595115656,8268,6780,11096,-120,-80,116,7172,-9576,10044,-98,237,-229,-13704,4424,5456,-975,105,-118,-13924,-5324,6196,-412,144,-80,0
430.6636741161347,8496,6776,11368,-171,-81,100,7356,-9520,10192,-78,151,-200,-13760,4564,5664,-1056,170,-109,-13920,-5304,6384,-423,154,-120,0
430.6968479156494,8456,6796,11196,-162,-74,73,7352,-9620,10192,-68,187,-225,-13752,4096,5784,-1109,103,-161,-13960,-5220,6384,-431,141,-152,0
430.7304909229278,8360,6800,11424,-174,-128,70,7140,-9512,10264,-18,164,-181,-13804,4428,5600,-1138,67,-154,-13944,-5304,6240,-475,186,-149,0
430.7639570236206,8360,6816,11232,-114,-122,76,7096,-9564,10308,-59,201,-222,-13736,4512,5660,-1109,85,-146,-13820,-5308,6300,-458,191,-111,0
430.7973041534424,8448,6864,11152,-126,-115,73,7308,-9480,10420,-18,166,-185,-13824,4396,5544,-1083,46,-115,-13932,-5336,6268,-461,144,-140,0
430.83096408844,8264,6880,11108,-147,-96,88,7144,-9584,10252,-43,168,-192,-13684,4260,5840,-1054,69,-72,-13956,-5336,6228,-461,140,-118,0
430.8644571304321,8416,6808,11256,-152,-135,117,7228,-9500,10296,-73,114,-172,-13648,4392,5596,-1089,100,-114,-13908,-5436,6212,-456,157,-120,0
430.89799213409424,8476,6808,11324,-158,-135,139,7200,-9428,10160,-84,124,-156,-13608,4124,5640,-1047,67,-71,-13728,-5316,6148,-437,130,-88,0
430.9354889392853,8204,6804,11364,-158,-106,113,7180,-9496,10200,-87,117,-192,-13716,4332,5796,-1058,87,-106,-13884,-5372,6276,-421,123,-87,0
430.97116494178766,8548,6708,11332,-198,-105,113,7276,-9548,10328,-107,37,-169,-13608,4420,5524,-1040,86,-83,-13900,-5204,6396,-389,131,-56,0
431.0061810016632,8460,6776,11368,-205,-98,127,7296,-9684,10004,-88,57,-202,-13628,4452,5576,-957,116,-112,-13912,-5300,6172,-395,181,-90,0
431.0417881011963,8340,6792,11300,-216,-95,104,7420,-9508,9740,-102,171,-212,-13764,4420,5784,-979,56,-132,-13880,-5352,6344,-366,188,-78,0
431.0779869556427,8444,6860,11228,-203,-143,113,7208,-9528,10168,-70,166,-179,-13760,4440,5720,-989,82,-112,-14020,-5368,6644,-379,167,-66,0
431.1131191253662,8524,6736,11444,-203,-160,120,7192,-9644,10248,-57,182,-199,-13764,4424,5580,-770,70,-121,-13992,-5252,6308,-397,190,-93,0
431.14859795570374,8408,6788,11304,-253,-122,134,7236,-9520,10256,6,139,-166,-13680,4416,5868,-1273,72,-86,-14056,-5244,6288,-388,188,-66,0
431.1842319965363,8496,6660,11396,-174,-123,124,7136,-9620,10032,-77,156,-212,-13768,4480,5700,-1014,109,-100,-13956,-5292,6332,-416,191,-17,0
431.2202861309052,8508,6808,11352,-209,-194,136,7220,-9624,10300,-42,167,-227,-13668,4380,5452,-970,138,-152,-13596,-5344,5980,-420,201,-84,0
431.2555320262909,8492,6780,11236,-228,-145,144,7260,-9632,10152,-43,148,-202,-13544,4344,5520,-955,126,-116,-13856,-5188,6376,-444,223,-68,0
431.29133796691895,8644,6788,11264,-247,-179,141,7064,-9556,10096,13,111,-210,-13708,4320,5508,-1020,142,-167,-13928,-5296,6264,-418,171,-67,0
431.32772397995,8212,6764,11376,-247,-199,164,7144,-9588,10140,254,123,-227,-13696,4404,5764,-973,136,-152,-13876,-5316,6284,-431,185,-62,0
431.3627791404724,8440,6788,11120,-243,-185,163,7220,-9568,10240,-256,114,-218,-13688,4312,5668,-986,122,-127,-13984,-5244,6276,-442,231,-94,0
431.3986620903015,8572,6732,11188,-219,-192,165,7280,-9504,10052,25,126,-240,-13660,4604,5592,-1008,139,-190,-13884,-5232,6388,-454,247,-53,0
431.4338641166687,8400,6632,11124,-204,-196,161,6940,-9604,10480,23,117,-246,-13728,4328,5700,-1038,133,-123,-13932,-5264,6188,-474,230,-38,0
431.4694421291352,8448,6712,11156,-205,-214,157,7228,-9588,10000,-10,76,-235,-13768,4348,5664,-1038,131,-155,-13956,-5260,6340,-474,226,-57,0
431.5048370361328,8500,6400,11192,-218,-161,138,7268,-9532,10344,8,81,-226,-13740,4456,5716,-1280,153,-145,-13956,-5236,6032,-487,200,-85,0
431.54084491729736,8560,6716,11116,-202,-173,167,7208,-9492,10104,44,117,-195,-13668,4384,5604,-1034,147,-170,-13868,-5208,6200,-471,202,-79,0
431.5772659778595,8604,6656,11184,-197,-158,156,7236,-9588,10320,-11,113,-192,-13780,4580,5412,-1275,121,-127,-13896,-5264,6292,-469,184,-70,0
431.61055302619934,8452,6716,11372,-208,-161,143,7176,-9480,10276,-2,103,-213,-13752,4312,5640,-1013,135,-113,-13900,-5232,6060,-479,164,-76,0
431.64910101890564,8464,6676,11164,-181,-156,143,7344,-9500,10136,254,151,-216,-13776,4332,5376,-1013,104,-97,-13904,-5200,6188,-481,179,-124,0
431.6831121444702,8488,6712,11136,-177,-146,142,7260,-9612,10248,-12,140,-209,-13616,4248,5624,-1016,98,-119,-13984,-5160,6212,-505,191,-124,0
431.7168779373169,8512,6708,11300,-136,-155,123,7220,-9564,10172,5,107,-183,-13360,4268,5532,-1044,120,-184,-13968,-5180,6136,-257,180,-118,0
431.75014114379877,8560,6708,11312,-154,-138,116,7192,-9492,10220,-44,121,-223,-13652,4296,5492,-1009,105,-142,-13976,-5232,6100,-493,193,-107,0
431.78317403793335,8588,6720,11212,-121,-113,115,7316,-9500,10272,-79,132,-192,-13796,4584,5536,-994,81,-86,-13964,-5144,6224,-478,131,-112,0
431.81775093078613,8536,6640,11156,-136,-61,60,7320,-9556,10276,-34,139,-162,-13608,4308,5472,-1040,57,-56,-13980,-5160,6268,-515,136,-146,0
431.8513309955597,8580,6736,11192,-168,-29,92,7292,-9400,10364,-53,149,-117,-13776,4280,5880,-1046,95,-21,-14024,-5176,6248,-501,110,-140,0
431.8846480846405,8548,6668,11016,-89,-6,67,7260,-9500,10360,-88,190,-140,-13868,4360,5748,-988,83,-56,-13932,-5088,6364,-491,130,-123,0
431.9183750152588,8524,6456,11036,-139,-24,71,7304,-9488,10180,-31,147,-179,-13636,4240,5672,-989,85,-89,-13904,-5184,6208,-482,131,-135,0
431.95186495780945,8528,6596,11176,-111,-28,89,7280,-9520,10216,-82,161,-136,-13744,4308,5872,-967,77,-98,-13880,-5200,6272,-461,112,-135,0
431.9853479862213,8520,6412,11080,-104,23,72,7400,-9416,10308,-58,132,-119,-13604,4372,5444,-1000,43,-66,-13888,-5292,6268,-471,47,-150,0
432.0189390182495,8488,6760,11420,-123,-26,69,7228,-9528,10160,-78,163,-137,-13660,4412,5596,-1036,59,-59,-14052,-5280,6292,-475,103,-152,0
432.0526530742645,8468,6692,11408,-127,-20,80,7152,-9572,10188,-96,159,-156,-13680,4376,5784,-954,53,-67,-13956,-5376,6384,-258,103,-143,0
432.0861179828644,8412,6732,11420,-87,-49,84,7212,-9576,10252,-48,184,-160,-13648,4372,5544,-1010,75,-60,-13868,-5228,6112,-501,152,-139,0
432.1199610233307,8528,6684,11320,-112,-58,74,7208,-9484,10208,-68,133,-175,-13680,4416,5408,-998,83,-84,-14000,-5132,6332,-525,163,-147,0
432.15327405929565,8544,6740,11260,-58,-65,72,7160,-9700,10264,-49,65,-176,-13716,4308,5744,-909,32,-80,-13920,-5188,6312,-488,140,-136,0
432.1868190765381,8524,6736,11392,-87,-57,99,7228,-9592,10248,-73,153,-184,-13836,4428,5736,-970,90,-98,-13948,-5144,6176,-487,119,-125,0
432.22041511535645,8540,6632,11092,-98,-30,70,7312,-9564,10260,-58,138,-160,-14028,4304,5380,-985,74,-86,-14080,-5232,6304,-259,130,-131,0
432.2539150714874,8544,6820,11328,-87,-13,66,7188,-9500,10280,-43,147,-136,-13736,4360,5376,-998,78,-45,-13992,-5204,6396,-519,115,-143,0
432.28750109672546,8400,6632,11116,-99,-29,96,7232,-9576,10200,-70,177,-134,-13732,4384,5396,-989,63,-85,-13904,-5196,6152,-492,114,-137,0
432.32107496261597,8472,6688,11248,-101,-33,77,7164,-9624,10360,-69,143,-135,-13600,4260,5684,-995,112,-66,-14048,-5260,6296,-521,107,-138,0
432.3544270992279,8532,6704,11360,-114,-25,72,7416,-9512,10472,-35,161,-173,-13668,4380,5800,-992,84,-88,-14000,-5144,6460,-506,131,-125,0
432.38780403137207,8436,6772,11220,-93,-40,106,7200,-9544,10244,-56,128,-137,-13740,4440,5664,-1020,122,-98,-13860,-5268,6368,-495,115,-103,0
432.42128801345825,8508,6724,11140,-98,-59,88,7224,-9576,10320,-59,155,-189,-13608,4300,5708,-999,94,-64,-13908,-5328,6424,-478,121,-112,0
432.45474910736084,8388,6780,11268,-122,-58,94,7172,-9568,10056,-77,113,-156,-13604,4364,5856,-982,112,-82,-13976,-5172,6292,-481,101,-135,0
432.4881579875946,8464,6744,11488,-104,-59,82,7236,-9624,10216,-94,140,-176,-13772,4484,5664,-963,83,-121,-13932,-5320,6268,-554,124,-116,0
432.5217020511627,8624,6736,11028,-154,-47,83,7216,-9628,10080,-40,152,-170,-13660,4396,5752,-1011,89,-94,-13848,-5276,6340,-525,173,-108,0
432.5552170276642,8200,6768,11036,-100,-66,119,7264,-9292,10096,-41,136,-162,-13616,4344,5484,-1018,98,-70,-13888,-5240,6208,-523,134,-108,0
432.59148693084717,8248,6852,11480,-95,-48,79,7208,-9612,10168,-91,222,-199,-13700,4304,5836,-770,138,-90,-13908,-5224,6256,-498,131,-123,0
432.6277780532837,8588,6692,11284,-133,-41,66,7276,-9548,10244,-75,144,-154,-13704,4324,5672,-951,101,-106,-13904,-5140,6276,-264,146,-116,0
432.6626501083374,8356,6660,11092,-118,-42,99,7252,-9644,10248,-68,134,-157,-13724,4144,5684,-779,130,-49,-13780,-5200,6260,-762,127,-110,0
432.69808411598206,8524,6708,11060,-105,-49,100,7212,-9608,10128,-60,145,-143,-13648,4376,5680,-973,111,-113,-13872,-5340,6384,-515,80,-133,0
432.7336959838867,8244,6812,11288,-133,-66,81,7136,-9640,10236,-88,180,-170,-13720,4408,5692,-990,71,-75,-13832,-5204,6288,-261,152,-106,0
432.76915907859797,8684,6744,11376,-148,-68,99,7248,-9576,10124,-66,167,-190,-13692,4316,5728,-1009,91,-99,-13692,-5200,6260,-527,171,-129,0
432.80402398109436,8484,6844,11452,-162,-118,96,7216,-9616,10256,-4,165,-189,-13660,4328,5760,-1028,114,-100,-13892,-5264,6592,-259,178,-132,0
432.8389101028443,8440,6776,11200,-136,-92,122,7192,-9600,10308,-15,143,-198,-13596,4404,5688,-1000,157,-166,-13892,-5252,6476,-483,164,-80,0
432.8749840259552,8408,6780,11376,-218,-145,143,7148,-9624,10116,15,145,-208,-13716,4360,5740,-999,160,-122,-13864,-5292,6276,-507,182,-73,0
432.9107699394226,8376,6864,11460,-186,-153,131,7420,-9564,10324,10,173,-206,-13744,4376,5764,-1018,117,-121,-13900,-5312,6044,-507,212,-56,0
432.9462239742279,8364,6732,11364,-162,-160,140,7140,-9532,10116,2,128,-218,-13648,4100,5812,-1006,135,-185,-13912,-5208,6328,-505,200,-76,0
432.9822280406952,8416,6764,11196,-170,-180,140,6916,-9620,10148,-5,128,-204,-13652,4588,5548,-999,167,-106,-14048,-5304,6368,-493,196,-80,0
433.01751708984375,8680,6764,11400,-190,-153,144,7096,-9612,10128,-10,124,-209,-13712,4100,5704,-1007,156,-165,-13852,-5020,6284,-496,196,-75,0
433.0531749725342,8488,6676,11192,-187,-189,144,6972,-9564,10256,21,135,-215,-13740,4296,5824,-1007,172,-122,-13828,-5156,6148,-491,228,-43,0
433.08817195892334,8472,6712,11188,-182,-210,162,7192,-9652,10316,7,104,-211,-13700,4296,5756,-1011,168,-179,-13884,-4956,6224,-512,242,-105,0
433.1239240169525,8448,6688,11044,-195,-187,140,7192,-9552,10256,13,107,-215,-13668,4272,5612,-1004,147,-130,-13964,-4952,6232,-516,192,-80,0
433.15937995910645,8500,6700,11020,-192,-163,159,7232,-9604,10308,21,142,-209,-13712,4404,5552,-1276,148,-104,-13968,-5188,6376,-496,222,-81,0
433.1943149566651,8676,6788,11200,-163,-180,153,7272,-9496,10184,12,120,-213,-13700,4384,5612,-1000,143,-169,-13956,-5172,6320,-454,172,-69,0
433.23154091835016,8500,6796,11204,-245,-179,127,7296,-9472,10428,-10,152,-208,-13768,4344,5624,-1274,167,-123,-13840,-5200,6276,-474,132,-27,0
433.2649600505829,8544,6704,11376,-187,-140,149,7228,-9580,10320,-11,142,-166,-13812,4332,5764,-1045,122,-90,-14024,-5192,6252,-264,150,-82,0
433.29840803146357,8540,6664,11468,-218,-150,146,7264,-9592,10292,20,114,-187,-13632,4308,5872,-1071,90,-138,-13748,-5204,6380,-504,178,-91,0
433.3320429325104,8548,6708,11124,-168,-174,141,7356,-9492,10108,-252,90,-198,-13672,4220,5676,-1036,142,-158,-13976,-5192,6328,-503,214,-98,0
433.3655319213867,8580,6780,11236,-154,-187,134,7164,-9552,10380,-16,132,-207,-13684,4360,5696,-1004,167,-140,-13992,-5076,6268,-475,207,-85,0
433.398775100708,8512,6404,11468,-216,-167,137,7336,-9532,10212,6,125,-234,-13748,4128,5376,-1019,129,-130,-13916,-5136,6152,-482,184,-100,0
433.4321930408478,8436,6748,11168,-140,-132,125,7260,-9544,10168,250,120,-191,-13720,4312,5604,-1011,100,-101,-14020,-5196,6248,-497,129,-119,0
433.4656779766083,8468,6684,11204,-141,-99,126,7200,-9572,10172,-8,106,-158,-13732,4340,5728,-1007,118,-117,-13844,-5184,6304,-500,126,-96,0
433.49934101104736,8580,6652,11140,-128,-117,104,7248,-9632,10124,-78,137,-174,-13732,4124,5564,-1006,90,-100,-13864,-5368,6348,-514,142,-138,0
433.53297305107117,8592,6680,11156,-110,-70,87,7252,-9712,10164,-58,129,-159,-13692,4352,5600,-1280,96,-105,-14028,-5352,6180,-514,169,-145,0
433.5665810108185,8584,6716,11200,-148,-86,86,7172,-9480,10140,-41,135,-194,-13636,4360,5640,-1012,120,-73,-14072,-5208,6224,-505,186,-118,0
433.5999879837036,8512,6716,11168,-114,-52,104,7280,-9644,10208,-43,125,-172,-13796,4220,5580,-1009,102,-104,-13840,-5232,6180,-496,158,-141,0
433.6332709789276,8568,6672,11256,-121,-99,85,7240,-9588,10208,-39,105,-194,-13764,4408,5840,-988,116,-104,-13996,-5252,6276,-501,116,-125,0
433.66685605049133,8632,6732,11212,-133,-36,92,7316,-9516,10472,-64,123,-151,-13728,4192,5728,-1014,121,-79,-14008,-5128,6172,-499,139,-164,0
433.700541973114,8620,6688,11456,-127,-58,66,7240,-9540,10168,-38,164,-158,-13772,4344,5916,-1063,86,-93,-13912,-5212,6216,-528,121,-165,0
433.7341630458832,8592,6688,11332,-106,-54,80,7108,-9596,10376,-46,170,-127,-13692,4316,5660,-1033,102,-84,-13872,-5156,6264,-765,135,-163,0
433.7676911354065,8484,6720,11128,-81,-19,79,7216,-9596,10036,-113,149,-140,-13748,4268,5844,-967,66,-24,-13956,-5216,6476,-508,60,-149,0
433.8011040687561,8564,6664,11348,-104,-17,54,7080,-9552,10384,-11,218,-122,-13820,4384,5548,-1039,90,-78,-13888,-5200,6268,-514,115,-145,0
433.83436012268066,8564,6804,11240,-144,-23,100,7132,-9564,10480,-41,127,-151,-13672,4236,5720,-979,75,-95,-14080,-5252,6384,-487,120,-137,0
433.86803698539734,8648,6908,11300,-96,-6,96,6944,-9224,10224,-82,114,-158,-13644,4548,5696,-1003,109,-91,-13864,-5200,6304,-507,155,-129,0
433.9015560150147,8376,6672,11492,-94,-61,69,7144,-9580,10300,-70,139,-157,-14056,4364,5704,-951,83,-94,-13924,-5128,6296,-528,155,-157,0
433.9350769519806,8624,6740,11464,-140,-58,122,7172,-9556,10180,-93,145,-171,-13648,4324,5716,-989,77,-47,-14052,-5136,6208,-260,91,-126,0
433.9686050415039,8656,6752,11240,-115,7,89,7204,-9552,10036,-58,144,-114,-13768,4308,5688,-1009,93,-34,-13884,-5192,6392,-514,78,-136,0
434.0020711421966,8256,6708,10856,-110,11,110,7092,-9632,10168,-65,142,-125,-13576,4292,5828,-770,77,-73,-13964,-5216,6200,-523,79,-118,0
434.03544998168945,8616,6804,11140,-81,-3,73,7172,-9568,10240,-103,142,-147,-13644,4220,5776,-991,56,-84,-14008,-5288,6368,-502,119,-130,0
434.0691740512848,8500,6764,11228,-111,-22,81,7168,-9600,10172,-42,163,-150,-13652,4496,5676,-1035,64,-68,-13852,-5328,6196,-765,113,-171,0
434.10265493392944,8552,6728,11440,-126,-22,61,7176,-9580,9996,-51,154,-178,-13608,4316,5664,-1011,82,-66,-13872,-5292,6552,-488,153,-148,0
434.1360940933228,8368,6804,11328,-99,-54,95,7344,-9648,10220,-50,158,-202,-13804,4124,5580,-1023,92,-77,-13912,-4900,6192,-495,157,-133,0
434.1699380874634,8400,6668,11244,-128,-83,109,7160,-9680,10056,-34,120,-204,-13580,4296,5648,-991,92,-101,-13924,-5304,6252,-497,142,-133,0
434.2037229537964,8512,6764,11296,-122,-91,93,7204,-9616,10276,-58,140,-188,-13712,4412,5880,-989,105,-86,-13892,-5212,6340,-479,147,-148,0
434.2373969554901,8400,6664,11216,-151,-65,85,6976,-9672,10296,-86,158,-185,-13716,4284,5884,-983,21,-97,-13960,-5240,6268,-488,148,-136,0
434.27327299118036,8548,6868,11424,-148,-68,92,7208,-9524,10460,-54,148,-166,-13764,4272,5772,-1010,115,-62,-13932,-5244,6236,-507,131,-118,0
434.30937099456787,8316,6736,11284,-142,-42,76,7208,-9532,10136,-30,156,-156,-13624,4360,5592,-1005,104,-65,-13964,-5196,6348,-504,142,-112,0
434.3448431491852,8440,6780,11256,-129,-49,113,7208,-9568,10224,-40,106,-164,-13636,4380,5868,-997,110,-107,-13964,-5180,6160,-501,132,-128,0
434.3807110786438,8572,6908,11508,-95,-67,99,7368,-9524,10208,-66,90,-161,-13444,4288,5644,-936,112,-94,-13852,-5372,6336,-501,143,-91,0
434.41589093208313,8680,6764,11336,-123,-48,119,7288,-9688,10352,-52,137,-183,-13636,4416,5676,-995,94,-105,-13888,-5252,6228,-489,159,-112,0
434.4513750076294,8484,6664,11392,-141,-74,104,7324,-9576,10040,-68,193,-162,-13592,4360,5388,-1033,116,-60,-13980,-5316,6168,-516,138,-126,0
434.4878799915314,8560,6768,11172,-113,-45,84,7184,-9588,10296,-36,158,-166,-13640,4228,5604,-1014,119,-70,-13928,-5300,6396,-479,144,-112,0
434.52321600914,8424,6632,11228,-146,-81,89,7232,-9644,10284,-48,166,-176,-13744,4356,5616,-1023,107,-125,-13636,-5284,6576,-481,142,-119,0
434.55840611457825,8480,6700,11380,-137,-50,106,7068,-9576,10160,-36,126,-155,-13792,4144,5620,-999,108,-62,-13836,-5216,6308,-504,143,-129,0
434.593917131424,8472,6648,11348,-123,-71,108,6948,-9612,10168,-40,225,-155,-13576,4580,5480,-983,133,-102,-13860,-5228,6284,-258,157,-134,0
434.629851102829,8512,6736,11372,-138,-84,126,7212,-9612,10088,-26,126,-194,-13748,4580,5704,-1009,126,-71,-13856,-5264,6344,-514,193,-146,0
434.6648700237274,8468,6788,11416,-162,-112,114,7200,-9620,10144,255,142,-177,-13660,4308,5640,-995,115,-72,-13944,-5200,6324,-496,168,-111,0
434.70102405548096,8204,6728,11184,-162,-115,110,7396,-9560,10152,7,124,-173,-13756,4384,5644,-1280,109,-155,-13872,-5212,6192,-516,155,-116,0
434.7362139225006,8476,6724,11312,-171,-120,140,7208,-9656,10340,19,158,-204,-13772,4372,5664,-988,121,-98,-13924,-5176,6452,-258,195,-84,0
434.7723741531372,8400,6728,11308,-220,-141,138,7184,-9548,10308,244,174,-232,-13760,4320,5784,-973,123,-98,-13848,-5192,6320,-469,164,-76,0
434.808424949646,8316,6796,11472,-179,-175,129,7204,-9680,10012,-11,185,-228,-13720,4540,5800,-989,109,-153,-13880,-5172,6280,-532,174,-101,0
434.84352707862854,8448,6748,11200,-219,-142,119,7192,-9640,10276,46,142,-206,-13672,4316,5632,-1054,142,-126,-13908,-5200,6268,-502,154,-89,0
434.8787889480591,8632,6764,11316,-167,-167,126,7164,-9504,10352,-3,162,-178,-13784,4348,5672,-986,126,-146,-13684,-5168,6324,-487,186,-71,0
434.91386604309076,8372,6896,11280,-203,-159,124,7164,-9596,10240,-1,157,-210,-13652,4404,5688,-968,87,-118,-13968,-5244,6536,-473,226,-71,0
434.94934010505676,8576,6696,11200,-187,-149,138,7180,-9568,10120,30,162,-218,-13732,4324,5840,-1023,151,-144,-13828,-5224,6260,-476,177,-104,0
434.9829480648041,8484,6712,11300,-197,-155,155,7400,-9572,10460,24,125,-168,-13712,4156,5624,-1033,156,-71,-13896,-5364,6552,-492,138,-86,0
435.0166790485382,8492,6804,11216,-206,-129,135,7228,-9548,10192,11,109,-177,-13732,4436,5624,-992,132,-103,-13912,-5232,6252,-472,125,-69,0
435.0502531528473,8504,6748,11180,-202,-155,161,7164,-9680,10312,250,147,-178,-13788,4304,5628,-1005,140,-153,-13900,-5276,6224,-481,175,-101,0
435.0837900638581,8456,6404,11256,-164,-146,144,7116,-9592,10220,41,140,-201,-13732,4260,5664,-1034,114,-116,-14076,-5128,6264,-516,214,-91,0
435.11702704429626,8396,6608,11372,-209,-203,149,7200,-9560,10232,24,114,-234,-13656,4276,5552,-1051,164,-116,-14036,-5308,6268,-495,218,-77,0
435.1503040790558,8448,6784,11308,-174,-193,149,7372,-9624,10204,255,112,-227,-13768,4308,5540,-1000,155,-153,-13904,-5208,6480,-472,205,-50,0
435.18377494812006,8408,6644,11372,-209,-194,117,7316,-9600,10292,29,108,-231,-13780,4124,5504,-1018,156,-157,-14000,-5340,6652,-453,204,-90,0
435.21715593338007,8456,6648,11316,-181,-159,152,7256,-9584,10276,13,129,-212,-13820,4540,5656,-1012,146,-143,-13984,-5156,6368,-504,213,-87,0
435.2506680488587,8572,6672,11244,-185,-175,104,6964,-9580,10444,16,152,-203,-13680,4284,5680,-1019,121,-125,-13992,-5148,6300,-492,209,-78,0
435.2844181060791,8520,6640,11516,-169,-117,144,7408,-9584,10468,4,123,-216,-13688,4340,5740,-1013,110,-100,-14000,-5176,6292,-502,163,-82,0
435.31774497032166,8460,6564,11272,-171,-144,136,7196,-9476,10332,-5,103,-197,-13672,4256,5516,-968,120,-118,-13968,-5128,6304,-493,179,-115,0
435.35120010375977,8512,6612,11284,-166,-129,108,7272,-9604,9992,-8,117,-202,-13796,4300,5636,-1008,142,-106,-13924,-5236,6252,-494,156,-122,0
435.3845500946045,8536,6588,11156,-153,-138,105,7060,-9592,10152,-14,142,-180,-13784,4308,5836,-1007,79,-101,-13892,-4900,6284,-258,163,-146,0
435.41793203353876,8700,6624,11228,-108,-68,101,7272,-9572,10116,-24,100,-186,-13772,4232,5648,-1009,106,-87,-14040,-4892,6220,-513,143,-109,0
435.4516990184784,8592,6660,11204,-116,-98,93,7172,-9508,10124,-37,145,-190,-13756,4172,5476,-1028,115,-73,-14000,-5148,6372,-486,141,-139,0
435.4852380752564,8488,6672,11236,-163,-46,88,7252,-9448,10272,-60,153,-163,-13708,4296,5496,-977,130,-88,-13984,-4872,6156,-496,124,-136,0
435.51824498176575,8592,6888,11488,-111,-62,89,7328,-9560,9992,-75,127,-159,-13768,4340,5744,-1267,52,-102,-13896,-5160,6292,-546,132,-163,0
435.5517930984497,8528,6768,11164,-120,-5,68,6952,-9616,10092,-21,93,-154,-13748,4396,5716,-771,69,-62,-13836,-5128,6280,-512,125,-160,0
435.58538007736206,8452,6704,11100,-126,-32,102,7248,-9564,10172,-31,123,-138,-13744,4276,5668,-981,98,-33,-13944,-5248,6324,-543,116,-120,0
435.61865305900574,8464,6716,12172,-606,-338,158,7316,-9476,10116,-48,180,-143,-13756,4368,5532,-993,74,-66,-13772,-5272,6296,-493,130,-155,0
435.6520781517029,8580,6624,11332,-171,-40,73,7252,-9560,10296,-58,166,-147,-13780,4472,5668,-996,94,-103,-13944,-5120,6152,-501,136,-156,0
435.6855869293213,8664,6740,11504,-119,-10,74,7180,-9656,10308,-70,166,-150,-13600,4260,5652,-993,40,-58,-13860,-5176,6372,-501,126,-110,0
435.7186810970307,8392,6724,11188,-112,-7,86,7196,-9616,10288,-53,134,-129,-13796,4324,5632,-995,80,-49,-14004,-5160,6408,-510,77,-152,0
435.7522211074829,8468,6788,11304,-117,-19,83,7132,-9584,10328,-78,124,-144,-13636,4312,5576,-1004,106,-28,-13884,-5228,6236,-518,100,-147,0
435.7856991291046,8508,6652,11180,-114,-42,91,7236,-9500,10312,-86,230,-133,-13740,4284,5832,-999,78,-107,-13884,-5192,6404,-529,137,-142,0
435.8189871311188,8468,6752,11484,-128,-35,53,7224,-9540,10112,-12,135,-162,-13648,4344,5572,-971,91,-110,-13872,-5212,6372,-527,133,-151,0
435.8525609970093,8636,6700,11120,-106,-63,79,7208,-9484,10212,-33,122,-176,-13688,4288,5844,-977,101,-92,-13836,-5196,6232,-259,156,-125,0
435.88599514961237,8508,6712,11128,-118,-73,86,7140,-9580,10072,-62,166,-191,-13964,4112,5864,-1006,88,-51,-14004,-5240,6392,-756,144,-121,0
435.9194941520691,8604,6724,11460,-124,-87,93,7220,-9572,10240,-21,128,-187,-13800,4376,5624,-1005,100,-80,-13928,-5128,6540,-497,97,-153,0
435.95555591583246,8560,6760,11220,-115,-23,54,7168,-9572,10160,-33,167,-158,-13636,4388,5628,-1013,40,-80,-13880,-5164,6360,-499,118,-158,0
435.99148201942444,8684,6444,11352,-123,-53,85,7184,-9620,10076,-52,133,-148,-13628,4300,5704,-1016,69,-26,-13972,-5112,6200,-528,136,-157,0
436.02777099609375,8688,6712,11452,-130,-55,67,7248,-9588,10476,-50,120,-172,-13576,4472,5760,-971,39,-108,-13852,-5220,6348,-496,136,-144,0
436.0626320838929,8660,6680,11244,-120,-63,66,7396,-9608,10100,-41,155,-166,-13668,4304,5588,-978,88,-99,-13868,-5244,6164,-502,156,-151,0
436.09795093536377,8336,6716,11380,-121,-46,67,6936,-9568,10260,-45,142,-183,-13676,4348,5632,-1273,102,-79,-13984,-5308,6232,-514,135,-122,0
436.1334459781647,8444,6668,11392,-106,-64,106,6984,-9612,10204,-19,101,-171,-13716,4388,5856,-984,119,-106,-13896,-5328,6312,-527,168,-127,0
436.1695420742035,8436,6740,11268,-128,-80,82,7156,-9492,10284,-36,181,-185,-13648,4332,5644,-1052,110,-92,-13940,-5468,6244,-508,172,-115,0
436.20448899269104,8612,6740,11108,-134,-95,105,6924,-9576,10084,-84,133,-180,-13740,4336,5400,-963,109,-102,-13916,-5196,6384,-479,148,-103,0
436.240571975708,8504,6824,11368,-115,-90,89,7228,-9620,10136,-46,146,-169,-13752,4460,5716,-1011,94,-76,-13896,-5196,6164,-520,130,-147,0
436.2761869430542,8424,6860,11092,-150,-44,98,7164,-9660,10400,59,92,-159,-13680,4336,5588,-1266,82,-77,-13940,-5268,6432,-530,111,-163,0
436.31147503852844,8452,6828,11160,-109,-52,129,6912,-9488,10024,-45,134,-156,-13764,4240,5712,-772,105,-58,-13880,-5124,6384,-509,123,-138,0
436.3476610183716,8460,6672,11364,-135,-68,87,7236,-9644,10260,-47,144,-193,-13700,4436,5464,-975,86,-89,-13968,-5272,6276,-257,133,-150,0
436.3831720352173,8412,6660,11324,-127,-68,98,7244,-9628,10124,-43,162,-182,-13824,4104,5760,-1003,76,-77,-13924,-5184,6376,-485,145,-110,0
436.4186561107636,8424,6752,11168,-131,-61,90,7204,-9556,10136,-73,132,-120,-13588,4372,5868,-989,64,-58,-13884,-5268,6368,-487,104,-152,0
436.4543571472168,8452,6716,11480,-127,-51,91,7180,-9644,10360,-41,150,-161,-13604,4288,5676,-956,83,-55,-14004,-5268,6352,-481,127,-128,0
436.4898090362549,8460,6692,11500,-156,-55,85,7404,-9672,10304,-61,157,-154,-13720,4328,5656,-1016,92,-130,-13872,-5264,6272,-516,157,-143,0
436.52490997314453,8668,6756,11388,-128,-85,97,7200,-9592,10204,21,161,-163,-13744,4324,5464,-997,117,-65,-13628,-5212,6240,-525,187,-129,0
436.56082010269165,8352,6856,11376,-185,-115,119,6912,-9520,9984,17,150,-196,-13672,4288,5692,-1005,121,-158,-14076,-5188,6188,-502,207,-67,0
436.59611010551447,8220,6728,11516,-162,-155,112,6976,-9572,10044,14,121,-205,-13796,4392,5596,-952,161,-161,-13884,-5288,6528,-510,199,-66,0
436.6318781375885,8468,6776,11384,-176,-150,137,7252,-9676,10156,2,133,-196,-13752,4400,5816,-967,130,-177,-13964,-5128,6372,-499,187,-68,0
436.6683220863342,8208,6452,11416,-153,-133,120,7220,-9572,10088,23,132,-214,-13672,4340,5704,-987,118,-158,-13936,-5192,6256,-486,199,-82,0
436.70223808288574,8436,6568,11116,-188,-152,131,7156,-9584,10176,10,136,-196,-13704,4292,5864,-1003,136,-131,-13880,-5276,6308,-494,180,-100,0
436.7358000278473,8248,6808,11012,-179,-156,127,7164,-9584,10404,10,173,-204,-13740,4360,5724,-999,164,-101,-13924,-5232,6236,-484,187,-61,0
436.7691299915314,8412,6756,11316,-186,-165,159,7256,-9548,10196,-15,185,-213,-13820,4272,5772,-981,145,-145,-13948,-5268,6292,-491,182,-59,0
436.80236911773676,8424,6660,11484,-190,-155,147,7408,-9572,10008,21,157,-220,-13760,4404,5836,-1004,140,-155,-13860,-5128,6432,-490,231,-82,0
436.8359389305115,8544,6616,11236,-186,-187,147,7288,-9548,10424,42,111,-213,-13684,4284,5656,-990,149,-170,-13984,-5244,6328,-496,219,-87,0
436.86959505081177,8472,6628,11084,-170,-164,151,7196,-9520,10148,37,120,-209,-13720,4592,5740,-994,128,-127,-14068,-5308,6300,-478,192,-86,0
436.9025630950928,8456,6600,11284,-198,-175,136,7236,-9620,10100,26,111,-213,-13784,4236,5772,-1017,132,-117,-13964,-5264,6388,-503,174,-72,0
436.9361000061035,8548,6740,11320,-168,-158,127,7120,-9532,10360,-252,151,-196,-13832,4300,5616,-986,128,-154,-13832,-5276,6360,-475,214,-97,0
436.96975111961365,8556,6736,11192,-189,-164,149,7168,-9520,10272,-18,157,-200,-13708,4124,5768,-1006,120,-102,-13840,-4908,6244,-491,176,-102,0
437.00289702415466,8448,6592,11500,-179,-178,126,7288,-9620,10356,34,149,-167,-13676,4400,5580,-1041,161,-121,-13932,-5192,6368,-537,191,-113,0
437.0366611480713,8516,6720,11280,-209,-167,147,7248,-9508,10192,52,90,-205,-13784,4204,5668,-1045,126,-129,-13892,-5252,6388,-464,162,-72,0
437.07023310661316,8440,6748,11256,-149,-141,143,7168,-9540,10256,-4,108,-205,-13808,4364,5776,-1020,113,-111,-13924,-5200,6392,-480,169,-89,0
437.10358214378357,8512,6644,11324,-155,-137,114,7180,-9528,10268,21,124,-231,-13680,4248,5412,-992,141,-154,-14052,-5116,6332,-458,229,-98,0
437.1368911266327,8292,6616,11012,-190,-173,142,7260,-9624,10280,36,142,-216,-13744,4320,5672,-1001,128,-153,-13912,-5248,6200,-467,205,-81,0
437.17047214508057,8504,6572,11296,-161,-139,146,7204,-9452,10180,-21,140,-178,-13784,4440,5392,-769,105,-91,-14044,-5232,6348,-487,124,-84,0
437.2038960456848,8496,6684,11244,-167,-91,134,7116,-9652,10052,-11,127,-144,-13728,4292,5420,-979,106,-83,-13956,-5216,6224,-258,103,-110,0
437.2374680042267,8480,6856,11088,-115,-112,122,7116,-9524,10324,-45,109,-190,-13708,4188,5732,-974,92,-109,-13956,-5140,6240,-509,161,-134,0
437.2711520195008,8500,6640,11228,-117,-103,105,7244,-9512,10264,-40,115,-188,-13684,4244,5532,-782,101,-90,-13836,-5248,6272,-513,177,-145,0
437.30454993247986,8540,6584,11256,-132,-99,95,7288,-9484,9988,-16,123,-196,-13652,4256,5568,-1026,127,-123,-13908,-5192,6312,-264,188,-122,0
437.33812713623047,8516,6624,11112,-83,-69,72,7276,-9492,10320,-59,101,-188,-13656,4220,5712,-1009,99,-105,-13936,-5128,6392,-492,154,-107,0
437.3718719482422,8548,6672,11304,-132,-75,86,7240,-9528,10224,-69,103,-186,-13740,4260,5512,-977,130,-80,-13972,-5212,6256,-468,152,-129,0
437.4054069519043,8640,6716,11172,-139,-42,77,7316,-9572,10280,-37,147,-176,-13764,4316,5656,-1017,79,-43,-13888,-4904,6352,-508,139,-161,0
437.438924074173,8548,6608,11432,-129,-56,81,7228,-9552,10420,-56,125,-152,-13628,4296,5712,-1022,51,-56,-13952,-5152,6260,-502,144,-173,0
437.47244095802307,8512,6808,11212,-110,-11,83,7088,-9708,10064,-70,150,-139,-13688,4388,5840,-1003,93,-61,-13588,-5184,6148,-490,101,-124,0
437.50581192970276,8428,6648,11276,-98,-48,75,7176,-9496,10116,-74,168,-163,-13784,4292,5568,-966,57,-63,-13972,-5140,6540,-502,90,-174,0
437.5393590927124,8572,6600,11220,-118,2,59,7232,-9912,10012,-49,123,-149,-13772,4324,5564,-1008,32,-77,-13936,-5236,6364,-503,123,-127,0
437.5728831291199,8388,6704,11204,-136,-34,99,7340,-9524,10276,-253,128,-170,-13712,4364,5692,-1003,111,-49,-13872,-5340,6032,-486,123,-128,0
437.6060061454773,8496,6680,11300,-67,-49,96,7204,-9628,10056,-77,106,-181,-13780,4432,5728,-1002,120,-96,-14056,-4908,6308,-520,182,-130,0
437.6423330307007,8288,6880,11396,-88,-86,82,7180,-9656,10284,-44,140,-175,-13724,4432,5456,-980,97,-80,-13976,-5252,6208,-765,154,-125,0
437.677973985672,8528,6736,11356,-103,-62,102,7200,-9492,9984,-61,109,-155,-13752,4364,5812,-969,116,-55,-14012,-5236,6224,-521,121,-144,0
437.71329712867737,8648,6748,11288,-97,17,88,7148,-9596,10220,-52,127,-117,-13740,4344,5720,-1033,77,-56,-13984,-5132,6240,-544,107,-128,0
437.74867701530457,8500,6756,11020,-79,-10,83,7296,-9320,10044,-61,124,-134,-13824,4284,6140,-1009,73,-95,-13688,-5176,6412,-503,118,-154,0
437.7836091518402,8528,6692,11016,-133,-56,80,7260,-9588,10244,-71,223,-144,-13700,4324,5684,-995,60,-94,-13896,-5156,6396,-537,122,-142,0
437.8193690776825,8452,6692,11400,-126,-8,72,7220,-9504,10452,-44,121,-177,-13740,4140,5468,-1280,122,-69,-13820,-5224,6320,-498,146,-138,0
437.854730129242,8464,6644,11156,-107,-72,96,7316,-9552,10312,-30,205,-170,-13704,4356,5552,-1043,136,-86,-13908,-5188,6388,-475,140,-119,0
437.8896880149841,8380,6748,11340,-116,-43,98,7240,-9680,10136,-42,98,-195,-13728,4344,5652,-992,119,-101,-14056,-5268,6580,-480,149,-86,0
437.9248170852661,8416,6760,11320,-141,-42,87,7300,-9608,10196,-41,136,-172,-13396,4560,5664,-1004,104,-95,-13944,-5288,6392,-490,149,-120,0
437.9597580432892,8428,6768,11236,-129,-56,85,7232,-9604,10444,-40,127,-188,-13748,4256,5664,-999,78,-89,-13584,-5288,6312,-497,160,-141,0
437.9954919815064,8416,6672,11068,-126,-53,78,7164,-9664,10276,-54,213,-190,-13716,4396,5732,-1038,100,-101,-13956,-5244,6256,-515,139,-155,0
438.03189492225647,8688,6688,11080,-120,-32,94,6940,-9552,10212,-52,186,-172,-13824,4232,5536,-780,83,-56,-13932,-5284,6308,-497,139,-123,0
438.0677089691162,8488,6756,11384,-120,-41,97,7392,-9512,10464,-62,141,-183,-13624,4392,5776,-1011,87,-50,-13876,-5244,6220,-492,125,-108,0
438.1029360294342,8440,6728,11228,-127,-71,116,7136,-9612,10256,-26,136,-170,-13732,4124,5768,-984,110,-87,-13748,-5160,6316,-498,167,-120,0
438.1386971473694,8368,6748,11364,-124,-56,111,7116,-9496,10176,-50,116,-172,-13664,4260,5872,-1279,107,-61,-13896,-5212,6336,-510,158,-130,0
438.174164056778,8432,6712,11292,-111,-76,102,7104,-9452,10316,-46,76,-200,-13696,4128,5828,-1007,92,-96,-13912,-5168,6328,-260,184,-128,0
438.209664106369,8364,6664,11340,-128,-85,98,7140,-9668,10284,-35,138,-198,-13576,4312,5644,-993,105,-58,-13892,-5208,6392,-501,168,-94,0
438.2445089817047,8400,6720,11300,-143,-77,101,7216,-9584,10192,-13,122,-163,-13824,4108,5460,-999,116,-95,-13968,-5168,6236,-511,143,-115,0
438.2816879749298,8408,6748,11324,-146,-74,120,7140,-9568,10260,-30,164,-157,-13720,4596,5660,-1002,139,-71,-13840,-5296,6452,-482,158,-108,0
438.31495213508606,8492,6684,11224,-155,-82,103,7136,-9544,10320,18,161,-183,-13712,4328,5884,-989,119,-74,-13960,-5260,6336,-497,164,-79,0
438.34861612319946,8488,6780,11352,-152,-142,138,7164,-9580,10324,27,159,-208,-13760,4448,5676,-1001,133,-108,-13812,-5244,6348,-474,197,-83,0
438.3820350170136,8444,6704,11304,-168,-132,160,7164,-9492,10472,13,143,-216,-13572,4112,5720,-999,139,-166,-13584,-5212,6328,-498,230,-82,0
438.4152479171753,8420,6740,11212,-170,-180,129,7248,-9616,10300,29,132,-223,-13724,4340,5780,-1000,136,-165,-13896,-5168,6356,-487,199,-50,0
438.44861912727356,8668,6708,11284,-167,-175,171,7196,-9544,10300,21,133,-248,-13776,4292,5668,-989,153,-114,-13948,-5268,6300,-468,217,-81,0
438.4822111129761,8684,6868,11428,-219,-179,131,7256,-9500,10224,10,141,-196,-13584,4236,5780,-974,167,-149,-13948,-5180,6252,-447,181,-77,0
438.5156600475311,8556,6692,11088,-167,-176,143,7288,-9620,10316,-11,153,-230,-13756,4400,5680,-972,98,-132,-13984,-5204,6336,-516,171,-82,0
438.5492429733277,8672,6676,11352,-226,-166,139,7236,-9604,10308,75,123,-190,-13640,4252,5668,-1044,121,-147,-14052,-5292,6336,-507,173,-98,0
438.5828630924225,8672,6724,11084,-188,-148,119,7404,-9544,10276,51,109,-219,-13692,4268,5644,-1009,131,-141,-13896,-5312,6384,-484,188,-64,0
438.6164729595185,8688,6792,11328,-155,-141,122,7212,-9496,10256,-15,136,-224,-13764,4268,5620,-1009,125,-144,-13924,-5204,6248,-479,250,-62,0
438.6497559547425,8564,6848,11508,-214,-192,136,7280,-9536,10268,14,128,-227,-13700,4312,5524,-1013,130,-102,-13992,-5292,6184,-449,207,-80,0
438.68316411972046,8528,6660,11296,-177,-197,152,7316,-9560,10208,7,108,-189,-13748,4268,5764,-1010,100,-74,-13920,-5252,6320,-456,146,-113,0
438.71688795089716,8512,6696,11140,-208,-129,138,7216,-9484,10464,17,135,-146,-13752,4552,5712,-1002,86,-97,-13924,-5192,6284,-482,104,-105,0
438.75034093856806,8440,6752,11408,-191,-142,122,7248,-9580,10288,-24,146,-164,-13684,4564,5420,-1010,142,-130,-13884,-5148,6324,-473,170,-86,0
438.78397393226624,8580,6620,11068,-169,-169,148,7296,-9604,10360,31,127,-208,-13832,4344,5632,-1031,99,-131,-13876,-5136,6364,-505,211,-91,0
438.8174481391907,8460,6668,11452,-212,-187,149,7208,-9688,10252,17,144,-230,-13676,4264,5552,-1011,153,-90,-13960,-5120,6268,-504,192,-68,0
438.8510880470276,8412,6652,11312,-169,-170,128,7180,-9484,10444,-1,89,-225,-13680,4108,5656,-1007,158,-92,-13944,-5156,6188,-500,209,-107,0
438.8845329284668,8692,6900,11180,-174,-200,139,7264,-9460,10224,18,74,-209,-13712,4332,5568,-1002,155,-170,-13980,-5184,6368,-496,175,-84,0
438.91768312454224,8548,6548,11328,-152,-148,133,7344,-9532,10488,-2,91,-215,-13680,4584,5580,-1021,123,-165,-13972,-5112,6276,-501,175,-113,0
438.951257944107,8536,6420,11220,-152,-128,108,7272,-9448,10268,-11,135,-186,-13768,4376,5868,-1280,100,-112,-13948,-5192,6280,-512,147,-130,0
438.98485493659973,8556,6884,11140,-128,-67,112,7240,-9504,10084,-54,124,-180,-13668,4228,5680,-1019,79,-23,-13964,-5220,6168,-501,102,-163,0
439.01828598976135,8600,6588,11184,-137,-48,83,7196,-9712,10184,-50,157,-158,-13632,4268,5716,-1004,53,-34,-14004,-4920,6272,-502,144,-134,0
439.0519640445709,8500,6788,11224,-160,-59,76,7328,-9496,10100,-30,165,-169,-13612,4504,5596,-991,68,-69,-13912,-5252,6300,-511,155,-147,0
439.0854461193085,8464,6728,11316,-118,-47,122,7164,-9496,10312,-45,158,-173,-13716,4244,5840,-1014,91,-72,-13940,-5244,6356,-768,135,-122,0
439.1191041469574,8448,6776,11472,-107,-66,123,7192,-9264,10488,-23,120,-167,-13684,4316,5684,-1011,88,-121,-14024,-5132,6196,-495,141,-108,0
439.1523659229278,8656,6892,11496,-106,-59,87,7224,-9512,10276,-38,122,-178,-13660,4332,5628,-1017,71,-83,-13848,-5224,6392,-469,154,-109,0
439.18602895736694,8196,6676,11312,-122,-64,99,7240,-9480,10388,-68,117,-164,-13668,4280,5696,-975,92,-36,-13848,-5268,6152,-503,113,-130,0
439.2196199893952,8452,6888,11172,-100,-59,82,7240,-9556,10212,-45,147,-149,-13664,4160,5816,-1001,70,-40,-13992,-5204,6448,-762,124,-171,0
439.25311398506165,8520,6632,11348,-137,-20,62,7328,-9520,10272,-20,127,-143,-13660,4372,5584,-1029,66,-69,-13920,-5216,6284,-515,132,-143,0
439.28676414489746,8408,6736,11192,-117,-28,84,7232,-9524,10276,-62,107,-147,-13784,4320,5400,-1015,102,-129,-13908,-5344,6272,-493,81,-133,0
439.3233461380005,8560,6724,11348,-80,-61,81,7244,-9556,10292,-54,135,-164,-13800,4368,5424,-982,69,-100,-13844,-5224,6288,-511,169,-136,0
439.3594329357147,8660,6656,11248,-134,-57,85,7180,-9512,10336,-56,164,-171,-13672,4124,5548,-978,86,-52,-13896,-4972,6380,-494,154,-130,0
439.3943860530853,8528,6720,11020,-103,-24,89,7164,-9408,10128,-50,151,-158,-13708,4412,5720,-980,40,-71,-13884,-5336,6376,-497,100,-156,0
439.4297959804535,8428,6616,11408,-136,-13,99,7172,-9524,10348,-61,107,-157,-13640,4356,5668,-960,70,-59,-13920,-5200,6628,-497,99,-135,0
439.4649760723114,8196,6672,11020,-134,-57,59,7348,-9676,10252,-57,187,-151,-13656,4124,5708,-980,102,-94,-13880,-5200,6300,-472,134,-152,0
439.50041794776917,8268,6756,11452,-100,-37,91,7280,-9540,10184,-44,146,-161,-13732,4308,5860,-981,82,-43,-13764,-5208,6392,-504,139,-169,0
439.5358901023865,8404,6768,11308,-93,-68,98,7156,-9588,10220,-24,129,-180,-13740,4384,5748,-1265,100,-97,-13916,-5252,6216,-262,168,-97,0
439.5714421272278,8696,6904,11356,-113,-86,92,7128,-9492,10164,-52,118,-205,-13720,4344,5628,-1003,96,-95,-13868,-5328,6208,-522,148,-119,0
439.6076049804688,8484,6868,11248,-142,-79,99,7148,-9552,10296,-57,134,-184,-13712,4384,5756,-994,102,-85,-13820,-5244,6232,-501,161,-132,0
439.6428589820862,8476,6664,11392,-134,-68,114,7228,-9500,10276,-25,125,-165,-13764,4256,5712,-995,92,-68,-14052,-5220,6240,-507,129,-144,0
439.6776170730591,8456,6608,11324,-114,-70,103,7312,-9520,10344,-21,119,-153,-13796,4132,5788,-1001,88,-101,-13896,-5292,6336,-502,129,-145,0
439.7134621143341,8688,6720,11148,-104,-87,116,7208,-9504,10288,-27,145,-160,-13588,4248,5392,-982,58,-54,-14008,-5288,6436,-766,124,-146,0
439.74915599823,8396,6716,11080,-151,-87,94,7192,-9616,10268,-55,154,-171,-13720,4580,5844,-1008,88,-84,-13896,-5268,6256,-493,163,-117,0
439.78416299819946,8488,6768,11200,-131,-80,100,7240,-9552,10348,-15,105,-180,-13708,4124,5772,-990,95,-94,-13816,-5184,6368,-510,138,-113,0
439.8201279640198,8476,6684,11380,-113,-83,127,7380,-9504,10276,-23,135,-171,-13636,4348,5704,-996,126,-49,-13968,-5260,6464,-519,170,-122,0
439.8555779457092,8452,6680,11448,-121,-64,118,7116,-9616,10480,-8,135,-181,-13644,4228,5796,-1006,104,-84,-13912,-5228,6364,-487,170,-111,0
439.89181900024414,8524,6780,11264,-149,-98,107,7212,-9544,10172,-32,120,-191,-13696,4356,5836,-998,136,-102,-14028,-5192,6040,-490,152,-132,0
439.9277470111847,8536,6684,11112,-129,-136,113,7408,-9568,10000,-41,141,-164,-13752,4464,5740,-965,100,-38,-13900,-5164,6272,-529,138,-140,0
439.96422004699707,8568,6592,11396,-164,-83,106,7240,-9532,10336,6,218,-153,-13636,4364,5660,-1026,51,-96,-13876,-5308,6480,-524,136,-116,0
439.99766397476196,8380,6756,11024,-114,-60,117,7136,-9592,10320,-45,127,-169,-13636,4292,5672,-1022,104,-91,-13848,-5336,6392,-480,134,-101,0
440.0311491489411,8484,6764,11352,-134,-124,103,7192,-9524,10296,-6,145,-173,-13788,4344,5816,-974,77,-112,-13900,-5260,6296,-469,168,-109,0
440.0647249221802,8520,6888,11308,-198,-86,82,7164,-9580,10168,-18,159,-170,-13644,4496,5660,-989,75,-97,-13864,-5132,6376,-464,182,-119,0
440.09829211235046,8432,6420,11456,-165,-67,101,6948,-9308,9992,33,155,-170,-13736,4560,5824,-1000,114,-97,-13844,-5180,6196,-485,144,-115,0
440.1317000389099,8396,6744,11504,-178,-103,147,7088,-9520,10268,-7,160,-174,-13648,4356,5736,-987,118,-119,-13680,-5256,6160,-493,159,-92,0
440.16505694389343,8288,6700,11336,-189,-155,137,7184,-9544,10296,-19,137,-212,-13684,4304,5712,-956,103,-166,-14068,-5168,6236,-480,181,-76,0
440.1986141204834,8412,6668,11348,-172,-185,134,7292,-9492,10252,-6,161,-209,-13616,4564,5764,-984,137,-149,-14048,-5188,6352,-494,195,-108,0
440.2321391105652,8492,6660,11424,-183,-174,150,7212,-9604,10304,31,169,-241,-13668,4316,5844,-964,145,-131,-13944,-5228,6168,-499,250,-57,0
440.26574802398676,8444,6712,11252,-185,-168,143,6952,-9548,10208,15,123,-236,-13680,4284,5796,-1014,155,-127,-14044,-5144,6400,-490,202,-78,0
440.29926800727844,8456,6724,11332,-191,-185,158,6936,-9672,10484,10,135,-210,-13724,4356,5732,-981,130,-129,-13944,-5088,6336,-477,156,-81,0
440.3327281475067,8472,6772,11280,-178,-143,137,7212,-9508,10200,20,113,-214,-13780,4208,5668,-1008,138,-162,-14052,-5184,6200,-493,187,-89,0
440.3662340641022,8584,6908,11336,-163,-169,157,7292,-9540,10252,16,141,-202,-13780,4312,5544,-1021,131,-172,-13852,-5164,6292,-507,177,-82,0
440.39967513084406,8616,6712,11260,-154,-145,149,7248,-9452,10124,38,113,-177,-13704,4304,5484,-1008,124,-149,-13920,-5188,6304,-492,174,-97,0
440.44741010665894,8212,6404,11356,-164,-161,123,7204,-9420,10296,-7,125,-197,-13672,4348,5612,-984,135,-82,-13864,-5208,6356,-473,180,-95,0
440.4924509525299,8456,6608,11028,-182,-174,139,7412,-9480,10188,-34,152,-213,-13708,4328,5732,-1032,96,-93,-13836,-5224,6248,-496,223,-79,0
440.5296139717102,8388,6672,11376,-161,-156,150,7148,-9552,10260,-17,123,-204,-13688,4120,5884,-1038,126,-119,-13860,-5352,6136,-491,204,-91,0
440.5630700588227,8524,6684,11280,-138,-153,162,7160,-9452,10408,30,123,-198,-13636,4148,5764,-1007,138,-144,-13884,-5232,6312,-485,191,-74,0
440.59698605537415,8640,6552,11080,-186,-180,139,7220,-9476,10276,-16,109,-208,-13788,4300,5640,-999,150,-176,-13848,-5160,6400,-464,207,-82,0
440.63046503067017,8528,6616,11388,-181,-167,150,7304,-9544,10304,-11,98,-203,-13644,4348,5868,-970,159,-153,-13992,-5144,6372,-488,181,-86,0
440.6638669967652,8572,6556,11032,-142,-175,144,7220,-9448,10316,-45,153,-168,-13756,4336,5640,-1274,126,-109,-13960,-5148,6348,-505,166,-106,0
440.697478055954,8456,6900,11020,-171,-106,125,7300,-9436,10380,16,91,-183,-13672,4300,5488,-1045,96,-119,-13912,-5320,6208,-488,157,-94,0
440.7310471534729,8576,6704,11304,-141,-109,143,7228,-9300,10300,19,73,-163,-13704,4600,5712,-1021,82,-123,-13952,-5176,6080,-492,142,-98,0
440.764545917511,8584,6452,11188,-120,-135,107,7336,-9720,10252,-29,128,-207,-13804,4360,5612,-988,122,-109,-13908,-5140,6260,-481,185,-94,0
440.7981231212616,8688,6584,11184,-166,-181,113,7316,-9504,10176,-10,118,-210,-13768,4284,5668,-1002,118,-131,-13924,-5328,6352,-468,165,-124,0
440.8317129611969,8536,6560,11228,-108,-101,89,7220,-9420,10156,-38,136,-162,-13744,4252,5760,-933,45,-94,-13888,-5256,6292,-462,97,-147,0
440.8653209209442,8568,6724,11268,-135,-40,90,7224,-9492,10224,-35,136,-141,-13664,4584,5732,-986,74,-54,-13932,-5072,6340,-490,63,-119,0
440.8986520767212,8508,6564,11264,-104,-44,91,7132,-9480,10236,-63,164,-150,-13720,4260,5808,-1014,96,-50,-13892,-5124,6280,-483,127,-178,0
440.9321789741516,8572,6680,11416,-112,-62,76,7212,-9516,10144,-22,141,-174,-13716,4308,5648,-1027,94,-113,-13944,-5128,6360,-516,169,-136,0
440.9653890132904,8404,6676,11116,-96,-63,97,7236,-9476,10332,-41,112,-177,-13564,4368,5640,-1007,93,-120,-13924,-5160,6376,-544,168,-151,0
441.0018539428711,8560,6600,11248,-104,-62,99,7220,-9560,10228,-57,83,-196,-13632,4104,5860,-1005,149,-74,-13912,-5140,6272,-495,180,-117,0
441.03755807876587,8516,6620,11380,-92,-77,114,7264,-9448,10136,-62,139,-156,-13604,4344,5616,-981,85,-51,-13876,-5276,6380,-487,144,-131,0
441.07323813438416,8500,6656,11208,-124,-38,66,7292,-9540,10356,-76,136,-151,-13768,4360,5700,-1011,96,-72,-13844,-5144,6376,-508,116,-141,0
441.10918307304377,8536,6636,11148,-124,-15,93,7232,-9496,9984,-41,150,-133,-13684,4244,5780,-1044,54,-22,-13944,-5128,6344,-494,133,-134,0
441.1439471244812,8500,6452,11288,-102,-24,94,7140,-9220,10164,-59,133,-156,-13644,4300,5852,-997,76,-61,-13776,-5244,6232,-495,117,-136,0
441.179897069931,8520,6848,11256,-89,-67,100,7260,-9600,10384,-114,129,-172,-13728,4488,5596,-1007,62,-62,-13952,-5220,6288,-766,88,-151,0
441.21509408950806,8512,6508,11188,-137,-73,101,7208,-9560,10280,-20,134,-145,-13644,4228,5672,-1019,111,-109,-13872,-5208,6324,-505,159,-129,0
441.25080394744873,8688,6688,11288,-109,-47,92,7120,-9428,10248,-44,105,-183,-13688,4312,5744,-986,132,-107,-13972,-5188,6348,-499,137,-115,0
441.286101102829,8436,6672,11292,-93,-61,94,7268,-9600,10468,-61,130,-200,-13744,4108,5676,-989,81,-94,-13904,-5220,6400,-474,155,-149,0
441.3224549293518,8536,6428,11228,-135,-82,64,7264,-9464,10188,-38,221,-151,-13696,4556,5568,-962,83,-133,-13880,-5252,6332,-505,113,-122,0
441.3580210208893,8528,6888,11264,-114,-17,95,7176,-9368,10180,-68,110,-151,-13676,4228,5828,-1019,53,-18,-13876,-5248,6336,-519,128,-164,0
441.39301109313965,8436,6612,11072,-92,24,98,7276,-9496,10192,-44,132,-142,-13636,4432,5828,-1280,92,-45,-13856,-5148,6176,-530,89,-135,0
441.4293899536133,8408,6664,11316,-81,-17,84,7304,-9528,10212,-62,152,-157,-13772,4576,5848,-1007,64,-102,-13828,-5276,6384,-530,150,-156,0
441.46421599388117,8424,6820,11188,-137,-53,63,7348,-9608,10260,-22,91,-193,-13640,4584,5828,-1020,57,-49,-13992,-5196,6328,-519,140,-139,0
441.5003650188446,8592,6648,11284,-120,-72,84,7196,-9532,10104,-50,141,-171,-13616,4356,5556,-1027,98,-144,-13860,-5236,6404,-500,160,-108,0
441.5358679294586,8568,6660,11116,-121,-64,109,7240,-9496,10360,-22,112,-208,-13692,4516,5684,-1003,98,-97,-13920,-5176,6168,-487,152,-128,0
441.57137298583984,8484,6764,11432,-126,-77,115,7220,-9532,10236,-33,108,-168,-13580,4364,5668,-1011,67,-113,-13980,-5176,6316,-474,152,-137,0
441.60717511177063,8492,6628,11328,-151,-51,117,7420,-9464,10156,-22,132,-177,-13684,4364,5868,-999,71,-109,-13844,-5300,6400,-470,161,-131,0
441.64398193359375,8372,6888,11516,-145,-80,82,7368,-9528,10420,-29,101,-193,-13752,4280,5816,-770,102,-76,-13828,-5224,6440,-492,153,-138,0
441.6820819377899,8448,6764,11172,-131,-55,93,7232,-9308,10180,-61,155,-174,-13688,4328,5716,-965,77,-104,-14044,-5156,6252,-506,152,-152,0
441.7160029411316,8692,6712,11068,-136,-38,116,7332,-9512,10284,-37,147,-172,-13732,4328,5796,-1018,76,-53,-13692,-5232,6292,-506,122,-99,0
441.7497000694275,8288,6744,11368,-137,-65,99,7276,-9560,10292,-26,117,-142,-13720,4568,5636,-1026,102,-127,-13956,-5200,6292,-494,159,-118,0
441.7833650112152,8440,6668,11260,-166,-95,140,7224,-9544,10268,-250,133,-170,-13676,4332,5860,-1042,88,-128,-13860,-5200,6332,-496,167,-67,0
441.8168599605561,8496,6660,11380,-171,-140,130,6952,-9324,10360,15,141,-193,-13700,4348,5716,-1276,137,-139,-13604,-5204,6404,-461,187,-86,0
441.85049414634705,8492,6756,11460,-205,-167,132,7268,-9268,10072,12,139,-223,-13680,4380,5736,-999,135,-81,-13912,-5268,6388,-494,186,-87,0
441.88406205177307,8548,6760,11256,-171,-190,138,7288,-9484,10344,248,158,-237,-13592,4348,5780,-1005,93,-124,-13956,-5204,6336,-499,190,-71,0
441.9177031517029,8480,6672,11280,-171,-168,134,7280,-9508,10344,-2,125,-198,-13768,4236,5764,-1014,118,-105,-13904,-5192,6360,-490,182,-92,0
441.95135307312006,8192,6628,11292,-189,-149,105,7164,-9472,10144,251,131,-212,-13712,4312,5528,-1006,143,-170,-13860,-5156,6168,-473,193,-91,0
441.9848029613495,8500,6716,11100,-190,-150,130,7228,-9548,10464,2,136,-213,-13716,4332,5688,-988,161,-162,-13880,-5172,6212,-475,185,-71,0
442.01811504364014,8420,6700,11252,-195,-188,140,7248,-9480,10288,1,135,-223,-13612,4372,5556,-1034,157,-131,-13960,-5208,6352,-484,220,-62,0
442.0518839359284,8532,6672,11056,-186,-186,152,7268,-9524,10184,23,122,-218,-13688,4268,5636,-1023,165,-124,-13896,-4868,6536,-499,255,-45,0
442.08554196357727,8588,6448,11308,-177,-184,153,7248,-9520,10244,-246,113,-237,-13752,4344,5700,-1008,132,-147,-13932,-5164,6340,-471,219,-76,0
442.1189351081848,8556,6612,11340,-161,-175,151,7240,-9500,10064,36,97,-200,-13732,4324,5636,-1100,227,-142,-13968,-5152,6304,-496,179,-97,0
442.1523599624634,8568,6636,11132,-174,-173,141,7272,-9464,10180,47,124,-224,-13692,4308,5768,-1053,159,-155,-13872,-5208,6324,-487,175,-107,0
442.185986995697,8560,6752,11320,-227,-180,139,7204,-9436,10236,245,134,-193,-13660,4212,5676,-1035,149,-137,-14064,-5180,6168,-472,115,-59,0
442.2195179462433,8652,6888,11172,-172,-136,140,7236,-9508,10360,-29,116,-158,-13820,4128,5800,-1020,86,-71,-13936,-5156,6300,-258,142,-102,0
442.25303411483765,8648,6588,11468,-197,-123,140,7328,-9548,10356,51,97,-179,-13712,4216,5804,-1050,101,-74,-13904,-5264,6352,-494,197,-86,0
442.2866921424866,8668,6904,11184,-152,-153,125,7196,-9444,10496,30,120,-177,-13752,4220,6116,-1020,149,-129,-13908,-5340,6296,-488,195,-78,0
442.3199679851532,8584,6752,11372,-176,-186,118,7288,-9260,10288,-28,126,-228,-13648,4284,5788,-1004,86,-165,-13896,-5100,6412,-520,258,-65,0
442.3536829948425,8676,6624,11248,-211,-204,142,7376,-9628,10012,35,133,-219,-13688,4188,5748,-969,89,-157,-13996,-5176,6192,-461,221,-66,0
442.3872010707855,8640,6592,11140,-166,-167,131,7296,-9404,10404,21,126,-178,-13748,4308,5420,-989,73,-83,-13904,-5184,6144,-482,134,-132,0
442.421098947525,8588,6652,11268,-172,-114,131,7276,-9532,10312,-7,137,-148,-13712,4208,5800,-1008,53,-82,-13964,-5124,6152,-477,99,-134,0
442.4543299674988,8280,6624,11444,-172,-119,106,7404,-9272,10384,-61,131,-187,-13724,4200,5824,-973,45,-90,-13952,-5180,6376,-473,152,-125,0
442.4876310825348,8568,6640,11156,-111,-68,81,7284,-9428,10348,-52,137,-169,-13708,4252,5612,-984,32,-99,-14012,-5172,6368,-493,187,-138,0
442.5209641456604,8632,6556,11160,-177,-88,83,7276,-9444,10172,-33,132,-180,-13688,4308,5604,-1007,78,-115,-13820,-5148,6356,-480,198,-124,0
442.55447793006897,8548,6604,11228,-125,-65,95,7240,-9420,10464,-30,83,-209,-13748,4316,5428,-972,64,-110,-13924,-5148,6336,-473,194,-137,0
442.58814597129816,8568,6628,11088,-138,-93,90,7336,-9568,10424,-30,102,-141,-13728,4188,5788,-987,97,-75,-13936,-5100,6268,-479,143,-141,0
442.6215360164643,8600,6672,11176,-131,-78,87,7284,-9544,10372,-48,173,-163,-13576,4236,5736,-1018,64,-63,-14024,-5088,6164,-473,142,-126,0
442.6547169685364,8548,6728,11332,-129,-75,80,7156,-9464,10388,-36,163,-158,-13752,4360,5748,-1033,54,-39,-13988,-5364,6332,-498,113,-168,0
442.69221115112305,8596,6684,11232,-99,-255,72,7252,-9444,10148,-63,160,-135,-13656,4244,5732,-1006,47,-73,-13984,-5080,6164,-510,100,-153,0
442.7284851074219,8544,6840,11040,-117,-29,56,7248,-9372,10244,-71,152,-115,-13752,4224,5860,-1009,63,-48,-13952,-5180,6228,-482,94,-152,0
442.76350593566895,8664,6644,11192,-109,-59,35,7212,-9472,10344,-49,160,-169,-13620,4316,5740,-1004,82,-76,-13944,-4952,6268,-497,137,-154,0
442.79866313934326,8528,6760,11024,-107,-46,77,7080,-9604,10204,-58,142,-162,-13716,4100,5808,-987,71,-60,-13844,-5320,6212,-519,162,-122,0
442.83418011665344,8544,6828,11224,-111,-64,82,7232,-9600,10188,-49,118,-194,-13700,4280,5656,-986,114,-135,-13872,-5244,6396,-495,166,-117,0
442.86956214904785,8524,6624,11292,-112,-66,77,7268,-9540,10300,-32,154,-205,-13676,4340,5628,-968,101,-82,-14008,-5316,6312,-473,151,-138,0
442.9049069881439,8588,6640,11264,-78,-42,68,7272,-9468,10260,-73,131,-166,-13760,4364,6096,-980,87,-29,-13944,-4896,6384,-528,138,-161,0
442.94056606292725,8560,6620,11188,-115,-24,56,7188,-9492,10212,-52,171,-158,-13700,4312,5924,-1034,50,-79,-13816,-5216,6204,-506,141,-139,0
442.97598004341125,8500,6788,11504,-130,-38,99,7248,-9452,10292,-15,137,-140,-13556,4188,5732,-995,66,-83,-13936,-5216,6372,-505,130,-128,0
443.0120050907135,8512,6684,11480,-82,-18,81,7216,-9496,10256,-96,152,-142,-13680,4432,5956,-1001,65,-71,-13904,-5148,6188,-511,141,-177,0
443.04786014556885,8672,6724,11040,-124,-57,73,7184,-9508,10248,-45,140,-163,-13672,4412,5660,-964,90,-63,-13924,-5064,6236,-468,121,-125,0
443.0824949741364,8572,6676,11144,-109,-54,89,7240,-9580,10320,-57,108,-171,-13732,4220,5784,-1007,61,-73,-13940,-5216,6444,-472,152,-129,0
443.11807513237,8560,6672,11320,-107,-34,108,7248,-9488,10224,-51,166,-131,-13688,4292,5432,-1046,71,-26,-14072,-5356,6392,-484,89,-161,0
443.1533100605011,8400,6724,11408,-104,-54,98,7208,-9484,10308,-80,165,-157,-13680,4360,5704,-1004,65,-115,-13792,-5308,6280,-461,140,-155,0
443.1886990070343,8248,6684,11032,-116,-54,71,7232,-9564,10332,-53,176,-171,-13632,4224,5876,-999,83,-100,-13828,-5276,6288,-516,171,-146,0
443.22418999671936,8548,6668,11476,-118,-81,83,7392,-9280,10312,-28,161,-177,-13528,4320,5832,-1003,98,-112,-13824,-5112,6356,-524,171,-101,0
443.25905799865717,8668,6736,11036,-105,-68,81,7140,-9268,10240,-36,102,-196,-13824,4248,5716,-914,109,-99,-13940,-5148,6340,-474,194,-95,0
443.2951090335846,8528,6660,11304,-165,-133,119,7328,-9524,10248,5,157,-180,-13780,4268,5840,-1010,124,-147,-14000,-5136,6156,-471,175,-79,0
443.3317000865937,8500,6412,11240,-192,-96,103,7256,-9480,10140,-9,181,-197,-13708,4304,5700,-981,125,-102,-13892,-5192,6268,-491,199,-95,0
443.3652801513672,8524,6720,11312,-183,-159,119,7200,-9488,10336,6,134,-199,-13644,4380,5784,-998,127,-135,-13900,-5144,6232,-763,207,-69,0
443.39867401123047,8684,6472,11144,-168,-187,122,7196,-9504,10420,-3,126,-201,-13628,4536,5772,-981,123,-128,-13924,-5180,6272,-507,193,-89,0
443.4319739341736,8620,6900,11128,-179,-200,146,7244,-9468,10196,-10,126,-238,-13680,4296,5712,-962,121,-127,-13904,-4880,6304,-520,211,-104,0
443.4654440879822,8456,6636,11132,-184,-178,129,6912,-9364,10492,-10,180,-222,-13636,4340,5704,-961,122,-153,-13840,-5220,6304,-452,187,-70,0
443.49884700775146,8556,6672,11388,-187,-167,138,7232,-9448,10136,15,112,-223,-13668,4556,5880,-974,133,-125,-13936,-5220,6240,-504,220,-75,0
443.5322449207306,8436,6688,11200,-190,-160,160,7244,-9320,10328,50,101,-235,-13736,4240,5852,-1038,145,-136,-14004,-5244,6584,-476,228,-71,0
443.56574296951294,8536,6720,11336,-196,-181,161,7224,-9480,10316,28,111,-240,-13720,4240,5872,-1016,180,-110,-13932,-5360,6184,-511,225,-68,0
443.599261045456,8536,6700,11228,-207,-177,155,7256,-9472,10152,-8,127,-239,-13760,4300,5724,-968,153,-174,-13864,-5144,6252,-476,208,-63,0
443.6324779987335,8500,6756,11032,-166,-142,158,7420,-9412,10416,11,57,-230,-13764,4292,5384,-956,148,-141,-13996,-5116,6380,-517,170,-75,0
443.6660740375519,8552,6584,11256,-191,-168,122,7248,-9692,10184,53,132,-168,-13812,4300,5772,-772,130,-130,-13976,-5164,6264,-489,154,-110,0
443.69970512390137,8620,6612,11204,-229,-123,134,7204,-9316,10256,55,117,-184,-13620,4328,5848,-991,141,-73,-13948,-5208,6212,-491,119,-84,0
443.73301100730896,8560,6768,11296,-152,-122,108,7240,-9272,10020,-24,136,-185,-13616,4152,5764,-987,149,-96,-13860,-5228,6180,-495,173,-80,0
443.7666339874268,8612,6564,11220,-193,-146,115,7332,-9556,10316,8,133,-217,-13700,4372,5636,-1065,181,-144,-13956,-4872,6604,-451,162,-78,0
443.8001670837403,8636,6632,11100,-188,-160,141,7296,-9492,10264,-13,102,-176,-13648,4316,5808,-995,178,-100,-13932,-5100,6288,-498,134,-78,0
443.8338129520417,8632,6516,11232,-156,-107,146,7220,-9444,10352,36,89,-169,-13744,4360,5660,-972,206,-118,-13856,-5232,6396,-489,75,-101,0
443.8674991130829,8496,6724,11332,-194,-114,136,7260,-9384,10376,253,106,-191,-13720,4236,5740,-978,142,-115,-13780,-5240,6260,-493,107,-93,0
443.90071296691895,8324,6576,11208,-141,-110,109,7172,-9420,10320,-49,106,-200,-13676,4292,5652,-773,77,-94,-13880,-5212,6216,-264,169,-124,0
443.93414306640625,8560,6860,11124,-99,-97,99,7280,-9372,10200,-53,122,-210,-13740,4288,5672,-1024,124,-114,-13932,-5084,6268,-506,179,-146,0
443.9676499366761,8668,6632,11296,-158,-90,84,7288,-9624,10044,-22,96,-186,-13696,4312,5844,-1041,142,-107,-13900,-5100,6336,-490,162,-159,0
444.00111413002014,8584,6612,11108,-136,-63,108,7212,-9416,10308,-32,96,-180,-13668,4316,5752,-772,145,-85,-13980,-5188,6192,-492,123,-141,0
444.0341460704804,8596,6688,11236,-137,-54,90,7364,-9460,10288,-21,122,-180,-13804,4276,5768,-1020,101,-72,-13912,-4900,6260,-493,125,-147,0
444.06774401664734,8568,6676,11128,-122,-40,75,7288,-9512,10288,-33,149,-171,-13676,4252,5808,-1043,70,-79,-13952,-4920,6320,-766,153,-178,0
444.1012580394745,8616,6624,11276,-146,-26,81,7272,-9392,10288,-7,160,-164,-13768,4244,5760,-1057,80,-76,-13952,-5224,6256,-766,109,-153,0
444.134211063385,8604,6608,11296,-108,-37,81,7188,-9416,10228,-34,151,-118,-13720,4288,5744,-771,84,-65,-13880,-5372,6308,-497,98,-169,0
444.1677420139313,8564,6476,11176,-136,-14,62,7272,-9376,10332,-42,128,-150,-13752,4316,5604,-994,77,-51,-13912,-5196,6328,-485,100,-155,0
444.2012929916382,8632,6564,11184,-125,-23,80,7220,-9484,10492,-37,155,-151,-13660,4196,5520,-979,90,-43,-14048,-5156,6584,-497,136,-160,0
444.23472809791565,8568,6848,11104,-97,-51,80,7260,-9552,10328,-21,140,-174,-13724,4228,5752,-1277,97,-89,-13968,-5260,6548,-264,128,-133,0
444.2685070037842,8540,6628,11432,-87,-50,96,7124,-9392,10260,-56,107,-194,-13628,4132,5692,-997,137,-121,-13844,-5008,6368,-493,138,-124,0
444.3019800186157,8540,6640,11368,-110,-50,80,7204,-9508,10324,-54,89,-204,-13700,4280,5892,-992,133,-110,-13928,-4924,6324,-452,155,-118,0
444.3355119228363,8584,6644,11244,-116,-58,113,7284,-9628,10320,-73,206,-190,-13676,4400,5616,-1275,96,-84,-13880,-5088,6144,-258,134,-136,0
444.3723950386048,8660,6568,11124,-104,-28,81,7252,-9540,10204,-12,134,-156,-13660,4264,5696,-1025,26,-37,-13936,-5152,6388,-503,139,-161,0
444.408194065094,8460,6728,11472,-138,-59,93,7236,-9352,10228,5,150,-162,-13620,4340,5808,-1021,48,-90,-13912,-5168,6456,-525,124,-145,0
444.4438009262085,8528,6672,11208,-96,-15,56,7384,-9444,10252,-54,182,-174,-13668,4212,5416,-1026,40,-53,-13924,-4968,6336,-486,117,-133,0
444.47961807250977,8528,6684,11244,-155,-68,49,7224,-9420,10384,-37,200,-170,-13576,4236,5632,-1032,56,-46,-13904,-5164,6320,-496,144,-153,0
444.5149891376496,8540,6548,11504,-106,-16,84,7292,-9464,10368,-53,125,-142,-13764,4312,5916,-1028,63,-79,-13932,-5204,6352,-508,173,-142,0
444.55050492286676,8532,6688,11416,-122,-3,106,7328,-9448,10276,-28,190,-160,-13556,4328,5568,-1071,63,-60,-13928,-5296,6412,-521,133,-143,0
444.5855541229248,8508,6656,11472,-125,-45,102,7028,-9520,10356,-46,146,-147,-13648,4348,5688,-977,84,-114,-13852,-5220,6248,-481,154,-120,0
444.6214909553528,8484,6696,11188,-132,-54,101,7336,-9228,10416,-29,161,-175,-13656,4324,5912,-981,92,-80,-13924,-5192,6292,-506,222,-132,0
444.65756702423096,8552,6684,11064,-131,-84,106,7168,-9560,10388,-2,169,-181,-13584,4180,5832,-1006,84,-83,-13944,-5240,6152,-503,209,-97,0
444.6929359436035,8576,6604,11300,-115,-77,109,7400,-9468,10288,-16,211,-189,-13708,4340,5760,-1007,106,-136,-13836,-5284,6160,-472,248,-120,0
444.7288680076599,8572,6592,11308,-156,-75,137,7164,-9456,10448,-10,119,-175,-13664,4372,5824,-977,63,-88,-13928,-5104,6640,-436,504,-159,0
444.76419591903687,8532,6692,11332,-222,-27,125,7196,-9468,10412,10,153,-158,-13732,4268,5796,-982,32,-106,-13940,-5272,6224,-448,301,-147,0
444.7998111248017,8496,6652,11180,-193,-58,146,7408,-9392,10360,9,127,-158,-13588,4280,5852,-960,49,-95,-13860,-4988,6308,-457,281,-157,0
444.83490896224976,8480,6688,11148,-172,-38,135,7308,-9496,10264,25,143,-155,-13748,4584,6060,-968,39,-74,-13884,-5192,6344,-411,277,-134,0
444.8707001209259,8404,6660,11420,-210,-58,114,7180,-9420,10184,21,183,-170,-13712,4172,5824,-942,44,-105,-13900,-5212,6296,-322,351,-142,0
444.90556502342224,8484,6596,11432,-270,-75,142,7204,-9544,10372,55,200,-193,-13620,4272,5776,-931,3,-135,-13948,-4944,6376,-316,508,-115,0
444.9413161277771,8484,6648,11508,-315,-113,220,7144,-9476,10332,122,170,-206,-13680,4320,6024,-926,-42,-136,-13960,-5240,6264,-250,605,-126,0
444.9776210784912,8548,6448,11452,-326,-123,202,7184,-9400,10232,90,154,-237,-13624,4340,5732,-963,-28,-129,-13872,-5196,6216,-336,532,-107,0
445.0138680934906,8428,6644,11276,-1,-105,180,7216,-9348,10400,77,129,-232,-13700,4344,5840,-960,65,-193,-13920,-5100,6176,-327,400,-62,0
445.04727697372437,8504,6588,11276,-246,-141,187,7140,-9300,10336,56,126,-225,-13816,4244,5792,-983,101,-169,-13940,-5160,6288,-336,335,-45,0
445.0806019306183,8584,6572,11308,-508,-169,171,7224,-9228,10496,52,131,-230,-13584,4212,5756,-1001,102,-158,-14036,-5192,6184,-309,419,-48,0
445.1141469478607,8584,6576,11348,-275,-124,198,7244,-9256,10440,71,133,-189,-13704,4256,5732,-994,-21,-127,-14052,-4896,6200,-291,533,-92,0
445.1475141048432,8656,6448,11488,-437,-73,219,7236,-9392,10104,123,108,-181,-13796,4232,5864,-1006,-65,-122,-13676,-4764,5944,-528,609,-146,0
445.1811239719391,8492,6540,11884,-305,-51,237,7256,-9216,10240,109,160,-177,-13808,4172,5892,-968,-25,-147,-13908,-5148,6032,-199,478,-110,0
445.21481108665466,8584,6616,11240,-347,212,210,7300,-9364,10240,49,126,-201,-13652,4252,5800,-931,27,-158,-13984,-5104,6344,-208,387,-50,0
445.24847292900085,8608,6432,11408,-308,32,164,7256,-9416,10340,58,127,-205,-13688,4408,5768,-961,7,-182,-14008,-4892,5932,-226,351,-54,0
445.2820799350739,8224,6368,11268,-313,21,153,6928,-9380,10240,58,155,-155,-13628,4116,5768,-1052,-20,-144,-13984,-4956,6072,-247,296,-89,0
445.31581711769104,8504,6584,11472,-320,5,157,7224,-9288,10480,70,171,-157,-13672,4212,5788,-1133,-23,-61,-13948,-5108,6100,-317,216,-73,0
445.3493421077729,8352,6480,11392,-327,-58,166,7116,-9376,10468,40,145,-161,-13600,4304,6020,-1112,-254,-98,-14040,-5080,5984,-272,267,-64,0
445.3826780319214,8460,6536,11468,-302,-91,138,7232,-9400,10396,31,142,-207,-13620,4316,6000,-1279,9,-158,-13880,-5100,5988,-309,293,-49,0
445.41619110107416,8256,6436,11176,-250,-99,140,7216,-9400,10416,25,123,-220,-13600,4132,5908,-1019,34,-147,-14080,-5096,6084,-325,267,-54,0
445.44999599456787,8548,6184,11296,-511,-128,159,7248,-9260,10368,15,98,-220,-13320,4208,5868,-1018,78,-168,-14036,-5008,6084,-355,216,-68,0
445.4836940765381,8456,6424,11376,-178,-114,117,7276,-9364,10368,-35,115,-195,-13608,4216,5916,-1014,97,-145,-14100,-5112,6384,-382,191,-105,0
445.51730704307556,8504,6404,11252,-174,-62,125,7292,-9312,10400,-41,113,-190,-13632,4108,5656,-775,104,-77,-14264,-4892,6108,-399,178,-135,0
445.5506319999695,8572,6640,11328,-132,-79,66,7332,-9272,10492,-62,154,-168,-13712,4124,5832,-1042,61,-59,-14088,-5040,6068,-417,111,-121,0
445.5840561389923,8496,6232,11380,-97,-69,79,7372,-9320,10296,-22,139,-143,-13640,4140,5696,-1073,129,-68,-14284,-4908,6096,-406,123,-122,0
445.6177430152893,8620,6416,11284,-108,-3,76,7268,-9340,10268,-55,124,-161,-13716,4236,5908,-777,104,-80,-13852,-5016,6384,-383,105,-141,0
445.6510031223297,8488,6636,11444,-120,-7,56,7200,-9348,10284,-67,144,-151,-13604,4364,5908,-1022,137,-79,-14040,-5120,6144,-440,152,-121,0
445.6847379207611,8508,6396,11520,-101,-22,80,7244,-9392,10276,-77,130,-149,-13512,4284,5780,-1027,172,-83,-14276,-5044,6424,-359,71,-104,0
445.7182791233063,8236,6524,11332,-7,-11,72,7184,-9312,10416,-75,130,-134,-13560,4164,5804,-1090,186,-66,-14072,-5060,5964,-397,138,-97,0
445.7518050670624,8220,6444,11220,-25,-57,52,6932,-9360,10320,-90,96,-138,-13548,4212,6144,-1061,175,-33,-14004,-4980,6176,-409,136,-73,0
445.7854080200196,8476,6512,11496,-30,-80,30,7264,-9440,10396,-105,122,-154,-13620,4180,5892,-1075,221,-101,-13828,-5016,6072,-465,138,-94,0
445.8188841342926,8408,6512,11252,-38,-92,67,7188,-9392,10420,-128,80,-158,-13660,4168,6088,-1040,222,-121,-14080,-5168,6112,-538,51,-88,0
445.8525900840759,8516,6432,11536,16,-95,77,7296,-9416,10356,-140,113,-141,-13628,4192,5648,-1078,226,-77,-14048,-4896,6104,-635,25,-120,0
445.8858830928803,8512,6416,11376,-15,-57,55,7312,-9408,10332,-58,115,-165,-13656,4216,5884,-1049,204,-25,-14036,-5132,6192,-623,25,-83,0
445.919438123703,8436,6492,11440,-1,-40,73,7292,-9372,10664,-81,111,-141,-13628,4340,5812,-1008,221,-58,-14136,-4980,6152,-643,-249,-105,0
445.9529960155487,8380,6508,11328,-10,-52,37,7276,-9456,10380,-113,120,-203,-13616,4268,5788,-1034,168,-62,-13932,-5008,6080,-705,-8,-131,0
445.9865951538086,8532,6584,11424,-29,-61,13,7204,-9452,10320,-74,118,-173,-13648,4224,5724,-986,223,-63,-13976,-4980,5924,-722,-88,-107,0
446.020024061203,8476,6516,11440,36,-31,31,7352,-9432,10288,-112,153,-161,-13680,4296,5844,-1019,174,-45,-14116,-5092,6204,-700,-27,-106,0
446.0580611228943,8256,6464,11372,-44,-10,41,7248,-9236,10220,-70,139,-154,-13648,4348,5920,-774,178,-51,-13968,-4872,6320,-699,-94,-140,0
446.09369802474976,8228,6600,11416,-5,-41,14,7164,-9516,10244,-115,128,-159,-13648,4216,5948,-1012,231,-64,-13956,-5168,6208,-687,-98,-114,0
446.1296579837799,8448,6628,11492,9,-7,40,7260,-9460,10164,-62,46,-177,-13548,4264,6064,-1033,230,-56,-14068,-4908,6300,-627,-66,-143,0
446.1650660037995,8356,6532,11408,-28,-14,44,7308,-9520,10352,-77,100,-194,-13668,4268,5836,-1274,212,-126,-13944,-4988,6168,-697,-58,-104,0
446.20080614089966,8668,6528,11312,24,-69,51,7228,-9456,10328,-79,102,-201,-13608,4260,5884,-1036,504,-67,-14008,-5080,6232,-687,-24,-103,0
446.23711109161377,8524,6908,11432,12,-40,61,7248,-9464,10464,-59,145,-174,-13644,4252,5724,-1001,160,-82,-14040,-5108,6368,-549,-37,-70,0
446.2722511291504,8404,6580,11320,-70,29,66,7232,-9424,10240,-69,117,-162,-13632,4276,5708,-994,183,-98,-14020,-5104,6284,-619,-30,-128,0
446.3082950115204,8512,6508,11356,-71,-9,44,7224,-9404,10348,-64,123,-151,-13708,4276,5828,-981,178,-74,-13920,-5052,6152,-614,-36,-109,0
446.343358039856,8408,6588,11296,-15,-59,43,7224,-9488,10328,-76,185,-164,-13724,4220,5764,-992,152,-78,-13940,-5076,6148,-500,-7,-82,0
446.3793849945069,8380,6520,11412,-62,-77,61,7192,-9704,10296,-67,156,-181,-13740,4328,5724,-997,180,-101,-13972,-5100,6332,-569,-16,-103,0
446.4148190021515,8700,6508,11388,-43,-133,64,7284,-9504,10308,-24,167,-197,-13704,4292,5856,-933,137,-78,-14008,-5020,6300,-561,52,-111,3
446.45012092590326,8400,6412,11404,-84,-139,54,7164,-9492,10384,-36,199,-185,-13516,4192,5756,-972,164,-103,-14016,-5164,6188,-456,28,-36,3
446.4860219955445,8348,6716,11472,-123,-153,113,7220,-9684,10336,-20,137,-205,-13800,4268,5804,-994,194,-162,-13916,-5104,6208,-564,97,-78,3
446.52186512947077,8308,6620,11392,-122,-15,131,7180,-9492,10300,-12,161,-238,-13796,4604,5768,-950,156,-114,-14160,-4980,6452,-534,90,-69,3
446.557492017746,8408,6588,11392,-113,-169,86,7248,-9480,10272,-29,169,-220,-13556,4160,5700,-1053,153,-132,-13820,-5112,6124,-465,74,-101,3
446.5936629772186,8328,6668,11396,-148,-155,102,7224,-9500,10304,-253,160,-201,-13748,4276,5812,-1025,162,-160,-14080,-5016,6232,-602,168,-93,3
446.62893295288086,8664,6600,11308,-113,-195,126,7336,-9324,10292,20,155,-201,-13632,4196,5764,-994,108,-153,-13968,-5364,6376,-567,134,-154,3
446.6641719341278,8368,6592,11392,-63,-328,137,7360,-9472,10288,26,219,-194,-13720,4196,5780,-1044,67,-156,-13940,-5072,6228,-599,163,-161,0
446.7028341293335,8548,6640,11232,-106,-213,121,7248,-9680,10288,66,129,-202,-13672,4292,5604,-1090,71,-165,-14028,-5028,6584,-556,248,-129,0
446.73678493499756,8384,6612,11368,-168,-207,129,7308,-9268,10288,61,82,-202,-13592,4156,5616,-1096,144,-111,-14004,-5120,6348,-517,155,-123,0
446.7702851295471,8424,6668,11348,-137,-126,122,7264,-9496,10284,-21,86,-214,-13740,4264,5780,-1032,125,-113,-13856,-5120,6372,-493,161,-113,0
446.80399107933044,8260,6788,11384,-138,-200,113,7292,-9472,9996,-15,177,-217,-13668,4172,5812,-937,76,-149,-13992,-5084,6248,-460,181,-99,0
446.8375599384308,8568,6440,11024,-190,-149,132,7228,-9456,10368,6,193,-208,-13764,4296,5812,-982,60,-88,-14036,-5120,6376,-460,96,-98,0
446.8711290359497,8648,6632,11384,-173,-102,148,7084,-9308,10304,20,79,-163,-13588,4244,5784,-968,96,-83,-13964,-5060,6376,-512,103,-81,0
446.90418314933777,8288,6632,11328,-189,-134,161,7176,-9704,10408,-24,121,-164,-13672,4176,5748,-1273,148,-127,-13868,-4892,6360,-503,161,-99,0
446.9375669956207,8448,6624,11292,-185,-135,141,7252,-9456,10168,-49,142,-213,-13724,4224,6060,-978,110,-100,-13708,-5068,6152,-506,137,-111,0
446.9710900783539,8388,6636,11300,-125,-142,155,7320,-9488,10420,-12,123,-204,-13616,4132,5756,-1061,109,-138,-13872,-5132,6252,-476,179,-58,0
447.00469994544983,8396,6612,11272,-191,-218,141,7184,-9252,10356,16,38,-250,-13336,4164,5792,-1275,165,-139,-13872,-5072,6248,-522,215,-109,0
447.0380439758301,8460,6616,11120,-132,-188,158,7284,-9468,10252,-47,56,-251,-13696,4236,5824,-986,147,-127,-13928,-5084,6352,-492,155,-96,0
447.0713000297547,8192,6532,11324,-151,-164,142,7320,-9360,10372,-32,101,-227,-13752,4164,5464,-979,117,-133,-14172,-5136,6396,-495,174,-120,0
447.1047410964966,8608,6820,11068,-135,-125,113,7312,-9308,10372,-57,163,-186,-13636,4208,5644,-984,66,-86,-13880,-5032,6212,-265,162,-113,0
447.13787508010864,8496,6632,11252,-114,-139,104,7296,-9704,10372,-53,173,-208,-13656,4188,5776,-958,42,-66,-13964,-4992,6396,-528,154,-125,0
447.17147207260126,8440,6624,11284,-97,-82,86,7304,-9372,10252,-58,194,-155,-13788,4172,5628,-992,56,-39,-14000,-5024,6344,-518,136,-149,0
447.204980134964,8460,6624,11360,-145,-35,75,7180,-9320,10340,-63,126,-164,-13552,4168,5728,-1008,82,-103,-14056,-5044,6264,-503,116,-151,0
447.23851203918457,8492,6692,11440,-101,-46,67,7228,-9224,10284,-65,158,-160,-13732,4288,5768,-941,65,-93,-13924,-5052,6144,-531,144,-153,0
447.27180314064026,8520,6636,11332,-96,-62,105,7212,-9420,10472,-35,184,-155,-13732,4156,5544,-997,29,-105,-13904,-5336,6284,-498,145,-185,0
447.30545806884766,8476,6556,11308,-79,-58,56,7292,-9404,10492,-46,140,-162,-13632,4172,5820,-1036,89,-73,-13844,-5192,6616,-257,150,-164,0
447.3387939929962,8400,6656,11280,-90,-54,97,7208,-9704,10396,-58,130,-159,-13564,4348,5800,-971,59,-65,-13972,-5048,6284,-533,154,-123,0
447.3724601268769,8500,6660,11336,-106,-47,65,7292,-9400,10196,-89,177,-160,-13736,4204,5928,-962,58,-115,-13892,-5296,6144,-470,138,-141,0
447.4057009220124,8492,6592,11332,-129,-62,63,7228,-9460,10408,-70,178,-168,-13608,4268,5896,-972,86,-95,-13908,-5152,6216,-491,124,-166,0
447.43921899795527,8476,6688,11352,-96,-53,92,7248,-9528,10312,-100,156,-147,-13684,4296,5936,-1003,82,-59,-14028,-5032,6160,-504,123,-156,0
447.47272992134094,8432,6564,11428,-90,-25,94,7208,-9396,10380,-31,155,-147,-13640,4256,5880,-1275,57,-65,-13948,-5104,6184,-476,112,-128,0
447.5062210559845,8524,6684,11152,-104,-101,94,7308,-9460,10328,-49,134,-148,-13648,4220,5836,-1030,44,-75,-13976,-4944,6284,-535,109,-141,0
447.5396890640259,8232,6620,11196,-65,-43,67,7196,-9428,10372,-84,165,-150,-13620,4316,5784,-977,40,-48,-14052,-5112,6324,-534,120,-157,0
447.57328605651855,8536,6576,11440,-134,-83,62,7120,-9364,10184,-40,140,-163,-13640,4496,5860,-962,38,-99,-13916,-5008,6352,-471,165,-149,0
447.6066811084748,8280,6576,11252,-106,-43,64,7304,-9724,10236,-58,192,-142,-13652,4384,5784,-1015,63,-18,-13896,-4884,6380,-486,151,-149,0
447.63976001739496,8324,6696,11464,-110,10,108,7180,-9444,10400,-41,167,-96,-13572,4316,5676,-1029,66,-25,-13940,-5124,6568,-490,73,-178,0
447.6733181476593,8412,6728,11476,-104,-30,63,7408,-9536,10248,-73,159,-142,-13612,4252,5728,-977,61,-79,-13904,-4992,6196,-526,115,-167,0
447.7092509269715,8468,6656,11300,-106,-46,105,7332,-9512,10460,-40,140,-120,-13620,4236,5928,-962,62,-92,-13880,-5112,6408,-496,141,-151,0
447.7442750930786,8516,6712,11364,-82,-53,81,7284,-9544,10080,-67,133,-156,-13652,4168,5648,-1021,64,-90,-13912,-5108,6352,-492,156,-125,0
447.7798349857331,8676,6696,11316,-109,-114,121,7404,-9444,10068,-69,121,-189,-13332,4252,5756,-1008,116,-89,-13868,-5180,6604,-483,153,-120,0
447.81494212150574,8448,6748,11476,-102,-110,109,7244,-9472,10420,-72,116,-188,-13696,4272,5828,-1278,99,-92,-13956,-5092,6368,-488,148,-88,0
447.85020303726196,8424,6748,11216,-105,-87,87,7220,-9428,10196,-26,134,-189,-13580,4116,5916,-1008,122,-114,-13956,-5148,6340,-506,152,-114,0
447.8854010105133,8464,6680,11336,-142,-67,81,7256,-9512,10236,-50,133,-172,-13640,4244,5780,-1010,100,-141,-14032,-5092,6308,-751,166,-123,0
447.9212260246277,8396,6704,11292,-165,-89,98,6944,-9712,10156,-28,165,-161,-13608,4196,5808,-994,93,-47,-14080,-5208,6224,-521,139,-113,0
447.95734310150146,8252,6464,11316,-178,-90,111,7164,-9504,10244,-70,106,-181,-13724,4220,5796,-1012,130,-106,-13888,-5100,6308,-437,151,-82,0
447.9923300743103,8392,6772,11480,-188,-156,125,7212,-9460,10412,-21,104,-215,-13660,4176,6096,-1005,132,-114,-13976,-5108,6496,-466,180,-61,0
448.0281889438629,8660,6708,11424,-161,-200,142,7248,-9500,10288,-26,118,-221,-13728,4204,5628,-1009,139,-129,-13712,-5364,6368,-481,168,-45,0
448.06368708610535,8636,6660,11028,-129,-182,142,7204,-9508,10356,-28,101,-240,-13560,4236,5800,-976,142,-149,-13868,-5240,6392,-460,190,-60,0
448.09919810295105,8352,6612,11140,-193,-175,168,7164,-9552,10464,-10,107,-247,-13728,4224,5788,-984,199,-133,-13888,-5140,6212,-452,152,-79,0
448.134045124054,8460,6680,11392,-169,-173,148,7260,-9436,10400,10,129,-206,-13728,4180,5780,-991,117,-159,-13944,-5076,6320,-474,178,-73,0
448.1701440811157,8528,6628,11244,-167,-163,159,7224,-9400,10488,-15,125,-222,-13388,4172,5924,-992,121,-144,-13956,-5100,6356,-485,200,-64,0
448.2054519653321,8232,6484,11244,-190,-203,143,7356,-9544,10484,-7,132,-223,-13752,4216,5848,-990,150,-148,-13948,-5040,6352,-411,190,-51,0
448.2406890392304,8516,6652,11292,-194,-145,156,7272,-9376,10304,-31,91,-198,-13688,4180,5928,-988,138,-72,-14008,-5040,6196,-471,117,-56,0
448.27712202072144,8512,6576,11356,-179,-194,143,7328,-9380,10252,-11,161,-163,-13744,4188,5832,-1057,95,-101,-13968,-5172,6340,-446,157,-110,0
448.312215089798,8628,6896,11060,-160,-146,148,7236,-9416,10336,36,146,-155,-13700,4196,5820,-1021,106,-163,-13952,-5016,6292,-480,133,-90,0
448.34765791893005,8592,6632,11320,-115,-120,116,7284,-9440,10180,-38,169,-210,-13756,4196,5636,-959,99,-139,-13912,-5104,6376,-475,225,-78,0
448.3833389282227,8280,6484,11304,-203,-176,118,7264,-9568,10236,34,128,-197,-13580,4268,5648,-1122,188,-150,-13920,-5076,6376,-426,244,-73,0
448.41688203811646,8488,6852,11268,-189,-174,149,7236,-9700,10280,31,145,-205,-13656,4272,5720,-1073,109,-70,-13988,-5012,6416,-429,160,-90,0
448.4504909515381,8248,6624,11216,-185,-140,146,7320,-9392,10076,13,138,-168,-13600,4220,5800,-1004,114,-46,-13820,-5068,6424,-453,124,-60,0
448.48413014411926,8540,6612,11376,-194,-143,125,7296,-9492,10392,-46,102,-173,-13664,4216,5888,-975,115,-70,-13968,-5008,6380,-483,152,-107,0
448.5175750255585,8548,6708,11276,-168,-157,131,7312,-9576,10120,-59,106,-207,-13752,4312,5864,-993,103,-111,-13892,-5344,6636,-487,201,-122,0
448.55122995376587,8584,6576,11344,-149,-158,118,7248,-9452,10356,-36,119,-220,-13708,4228,5772,-980,70,-133,-13964,-4944,6268,-481,243,-102,0
448.5847899913788,8468,6580,11496,-147,-129,115,7136,-9328,10392,-23,108,-198,-13652,4172,5700,-1007,106,-121,-13988,-4964,6340,-459,240,-105,0
448.6181330680847,8520,6652,11292,-139,-88,99,7344,-9300,10368,-26,115,-183,-13756,4228,5656,-987,113,-48,-14036,-5072,6392,-437,196,-112,0
448.65165615081787,8516,6612,11340,-190,-42,91,7308,-9456,10432,-27,161,-174,-13748,4200,5916,-981,82,-44,-13948,-5096,6360,-438,146,-132,0
448.6853129863739,8480,6628,11204,-158,247,96,7324,-9664,10088,-26,168,-155,-13732,4236,5872,-1003,49,-93,-13992,-5064,6160,-471,181,-168,0
448.7187280654908,8452,6604,11360,-155,-62,103,7160,-9440,10388,-33,151,-153,-13576,4148,5884,-1279,65,-115,-13840,-5060,6352,-477,195,-159,0
448.7520461082459,8700,6684,11224,-141,-22,94,7284,-9352,10416,-64,123,-165,-13668,4204,5824,-1006,61,-31,-13920,-5092,6568,-505,171,-162,0
448.78558897972107,8580,6604,11380,-164,-29,79,7224,-9456,10292,-54,150,-148,-13600,4228,5968,-960,68,-31,-14008,-5248,6324,-541,204,-165,0
448.81918692588806,8496,6556,11408,-186,-252,89,7188,-9480,10412,-29,142,-138,-13640,4160,5816,-933,98,-21,-13992,-4976,6348,-549,210,-159,0
448.85316801071167,8468,6904,11356,-173,-17,89,7144,-9516,10140,-41,149,-155,-13656,4292,5740,-943,131,-60,-13948,-5032,6352,-580,246,-144,0
448.8866839408875,8416,6608,11396,-126,-34,104,7312,-9436,10312,-29,110,-163,-13544,4304,5768,-938,137,-90,-13992,-5096,6452,-767,-37,-184,0
448.9198639392853,8740,7044,11480,-23,-136,103,7328,-9512,10468,-71,128,-186,-13568,4156,5868,-796,107,-86,-13912,-5088,6308,-599,240,-170,0
448.9533360004425,8592,6668,11384,-208,-75,75,7240,-9400,10224,-56,165,-189,-13572,4184,5744,-929,103,-82,-14032,-5040,6440,-606,238,-142,0
448.9869649410248,8556,6648,11252,-142,-38,101,7296,-9480,10064,-58,102,-169,-13768,4304,5784,-948,95,-61,-14040,-5048,6336,-623,162,-167,0
449.0206310749054,8472,6580,11256,-130,-34,94,7216,-9540,10324,17,143,-129,-13720,4288,5788,-896,28,-57,-14020,-5092,6164,-630,148,-160,0
449.05420303344727,8548,6640,11156,-148,-28,78,7232,-9428,10300,-15,156,-135,-13668,4328,5848,-957,84,-40,-14044,-5372,6388,-634,115,-146,0
449.0877270698548,8564,6668,11272,-84,-31,60,7136,-9400,10480,-92,159,-130,-13728,4248,5824,-972,67,-106,-14072,-5044,6240,-617,160,-188,0
449.12087512016296,8560,6536,11544,-114,-52,46,7252,-9512,10388,-57,176,-166,-13536,4308,5908,-963,20,-57,-13932,-4984,6368,-585,214,-163,0
449.15408205986023,8516,6620,11384,-126,-45,73,7236,-9232,10272,-73,168,-158,-13604,4308,5788,-992,29,-23,-13984,-5140,6264,-604,186,-154,0
449.1877980232239,8436,6592,11344,-94,-13,100,7400,-9452,10320,-32,116,-125,-13660,4268,5916,-1012,49,-41,-13988,-5016,6372,-583,126,-129,0
449.22112011909485,8400,6900,11044,-122,-255,81,7120,-9540,10348,-72,159,-152,-13684,4308,5804,-967,73,-106,-13896,-5084,6224,-568,143,-162,0
449.25475811958313,8232,6700,11332,-153,-48,69,7252,-9528,10364,-56,157,-176,-13736,4288,5892,-961,77,-95,-13844,-5224,6396,-564,138,-147,0
449.28840398788446,8404,6724,11320,-81,-38,101,7220,-9368,10208,-60,158,-154,-13648,4356,5796,-970,87,-113,-13888,-5228,6332,-585,204,-152,0
449.32178497314453,8600,6668,11268,-155,-70,82,7180,-9680,10252,-39,116,-181,-13520,4264,5720,-1006,87,-88,-13624,-5376,6216,-574,216,-138,0
449.3555331230164,8452,6672,11244,-91,-46,124,7240,-9436,10208,-72,154,-190,-13600,4340,5704,-1065,143,-75,-13844,-5212,6336,-549,196,-137,0
449.39126205444336,8444,6600,11268,-131,-73,116,7368,-9448,10288,-52,92,-169,-13648,4252,5672,-950,91,-78,-14276,-5044,6292,-550,150,-133,0
449.4271459579468,8548,6644,11212,-125,-12,93,7228,-9488,10252,-59,139,-182,-13772,4276,5712,-1012,93,-64,-13836,-5356,5892,-549,193,-151,0
449.46221899986267,8448,6696,11516,-160,-44,98,7276,-9500,10332,-47,129,-152,-13672,4284,5868,-1001,89,-96,-13972,-5196,6240,-553,166,-144,0
449.498027086258,8456,6640,11256,-134,-38,97,7176,-9572,10268,-74,106,-159,-13664,4312,5924,-987,104,-52,-13992,-4976,6304,-530,158,-127,0
449.5331449508667,8380,6644,11448,-134,-46,99,7296,-9504,10292,-24,198,-185,-13720,4332,6060,-1006,92,-111,-13900,-5156,6244,-515,180,-104,0
449.5687639713288,8680,6672,11360,-176,-76,113,7168,-9472,10256,-4,171,-194,-13624,4272,5828,-986,108,-101,-13920,-5176,6312,-531,188,-73,0
449.6034660339356,8192,6412,11356,-191,-75,134,7084,-9328,10424,17,153,-210,-13532,4248,5912,-1008,146,-127,-13848,-5056,6352,-519,207,-66,0
449.6386799812317,8376,6624,11300,-190,-135,157,7176,-9484,10392,5,111,-206,-13656,4328,5960,-968,130,-161,-13984,-5016,6316,-521,214,-81,0
449.6736590862274,8428,6636,11396,-166,-181,145,6944,-9508,10348,-9,134,-241,-13376,4292,5744,-995,135,-133,-13960,-4884,5968,-527,222,-80,0
449.70881414413446,8264,6624,11356,-171,-184,123,7212,-9240,9984,255,122,-233,-13608,4300,5852,-993,144,-147,-14008,-5004,6368,-519,214,-86,0
449.7449860572815,8352,6608,11316,-198,-167,144,7316,-9236,10240,2,134,-215,-13604,4192,5636,-974,161,-155,-13880,-4936,6280,-493,214,-78,0
449.7806260585785,8532,6612,11292,-166,-158,146,7264,-9440,10352,-244,154,-188,-13624,4284,5772,-939,157,-88,-13992,-5112,6248,-517,202,-79,0
449.8159091472626,8528,6524,11448,-201,-154,149,7224,-9672,10232,45,132,-201,-13672,4224,5876,-994,129,-169,-13976,-5028,6156,-261,200,-85,0
449.85129404067993,8512,6536,11180,-220,-163,158,7324,-9488,10276,31,128,-218,-13676,4188,5832,-1016,142,-122,-13884,-5152,6080,-503,178,-91,0
449.8871190547943,8520,6704,11428,-168,-152,124,7300,-9356,10484,-30,144,-207,-13756,4232,5952,-986,107,-134,-13948,-5172,6300,-501,206,-101,0
449.9223599433899,8476,6560,11404,-196,-182,116,7356,-9240,10248,12,146,-200,-13756,4332,5752,-975,141,-155,-14000,-4944,6220,-467,189,-87,0
449.9580359458924,8460,6504,11452,-208,-123,143,7336,-9396,10376,-17,119,-176,-13672,4164,5868,-985,105,-86,-14020,-5100,6272,-476,140,-102,0
449.99305415153503,8604,6664,11516,-195,-118,132,7152,-9484,10360,18,126,-163,-13500,4284,5892,-986,119,-107,-13932,-5220,6340,-510,111,-90,0
450.02889108657837,8492,6644,11212,-193,-125,148,7144,-9504,10328,250,123,-176,-13664,4200,5884,-986,135,-129,-13936,-5136,6228,-501,169,-68,0
450.0647881031037,8376,6568,11336,-190,-123,125,7248,-9304,10444,-7,69,-216,-13676,4244,5840,-961,125,-134,-13944,-5116,6228,-520,199,-81,0
450.0984139442444,8212,6624,11412,-155,-176,142,7208,-9484,10252,2,90,-239,-13660,4180,5844,-1008,126,-136,-13916,-4880,6240,-505,215,-107,0
450.1318869590759,8268,6644,11152,-189,-172,136,7228,-9336,10192,3,89,-242,-13628,4336,5860,-991,142,-125,-13984,-5056,6392,-545,225,-73,0
450.16557002067566,8548,6540,11396,-138,-154,140,7204,-9428,10360,-34,69,-238,-13724,4184,5892,-972,121,-104,-13968,-5132,6200,-763,154,-93,0
450.1991629600525,8612,6528,11112,-152,-77,92,7360,-9420,10000,-46,124,-180,-13680,4168,5776,-973,131,-104,-14044,-5004,6256,-520,143,-142,0
450.2324421405793,8604,6472,11068,-130,-71,79,7292,-9380,10208,-82,167,-159,-13700,4212,5672,-960,54,-116,-14012,-5092,5964,-260,120,-129,0
450.2657871246338,8524,6624,11136,-128,-37,68,7288,-9420,10248,-45,138,-145,-13624,4112,5840,-999,71,-66,-13984,-5344,6172,-523,115,-93,0
450.2996549606324,8536,6588,11424,-155,-59,89,7348,-9384,10172,-54,132,-120,-13700,4188,5636,-995,63,-46,-14008,-5204,6220,-533,115,-135,0
450.3331320285797,8548,6632,11168,-98,-31,66,7224,-9532,10332,-72,149,-143,-13644,4236,5876,-1004,84,-36,-14232,-5000,6192,-519,136,-161,0
450.3667850494385,8580,6500,11244,-116,-31,50,7244,-9472,10344,-44,132,-157,-13580,4276,6080,-1004,57,-88,-13984,-5184,6144,-522,148,-137,0
450.40017008781433,8512,6632,11264,-80,-19,70,7228,-9428,10360,-44,120,-138,-13688,4220,5732,-776,83,-88,-13924,-5152,6260,-536,110,-169,0
450.4337501525879,8364,6668,11384,-89,-33,93,7180,-9428,10120,-44,140,-131,-13588,4164,5664,-995,80,-91,-13972,-5116,6200,-521,135,-147,0
450.4675669670105,8528,6680,11300,-92,-25,70,7188,-9456,10356,-60,150,-156,-13792,4124,5748,-988,82,-58,-13876,-5160,6148,-516,133,-127,0
450.5011320114136,8536,6536,11060,-99,-252,77,7184,-9432,10340,-71,125,-162,-13624,4208,5672,-962,107,-70,-13956,-4936,6236,-529,116,-131,0
450.53456592559814,8504,6628,11360,-94,240,84,7220,-9464,10312,-106,144,-147,-13656,4296,5896,-955,116,-25,-13964,-5352,6304,-573,109,-111,0
450.5682349205017,8260,6528,11036,-96,-2,107,7196,-9508,10424,-46,120,-151,-13640,4284,5728,-991,99,-43,-13952,-5224,6268,-578,148,-128,0
450.6018419265747,8548,6672,11076,-115,-256,100,7276,-9424,10356,-23,142,-165,-13632,4308,5820,-980,123,-100,-14132,-4908,6372,-552,141,-126,0
450.6351580619812,8616,6416,11500,-87,-8,90,7332,-9240,10368,-82,114,-167,-13676,4192,5728,-958,105,-83,-14252,-5204,5888,-572,133,-144,0
450.668673992157,8584,6616,11372,-105,-36,51,7292,-9472,10428,-76,166,-179,-13672,4324,5744,-891,93,-63,-14056,-5088,6184,-547,157,-165,0
450.70219111442566,8532,6564,11480,-129,-255,69,7236,-9520,10356,-81,132,-159,-13748,4220,5752,-939,127,-46,-13972,-4868,6184,-551,133,-168,0
450.73564410209656,8424,6652,11288,-115,-255,96,7108,-9408,10416,-63,161,-134,-13628,4296,5680,-956,90,-56,-14008,-5144,6224,-557,107,-157,0
450.76929092407227,8440,6840,11300,-119,254,81,7240,-9500,10312,-90,128,-145,-13612,4580,6088,-944,95,-82,-13968,-5188,6280,-566,117,-156,0
450.8030240535736,8420,6628,11492,-104,-45,77,7208,-9452,10328,-81,170,-170,-13588,4532,5676,-950,89,-98,-13868,-5164,6216,-532,140,-147,0
450.8367841243744,8456,6676,11316,-104,-26,70,7248,-9720,10360,-72,136,-168,-13640,4256,5748,-980,113,-90,-13988,-5216,6288,-575,180,-140,0
450.87036108970636,8280,6544,11396,-138,-80,112,7140,-9336,10456,-36,83,-166,-13536,4204,5700,-995,139,-97,-13812,-5276,6196,-544,196,-132,0
450.9036941528321,8404,6612,11388,-98,-56,97,7168,-9468,10268,-72,158,-208,-13664,4284,5496,-1274,137,-79,-14024,-5160,6212,-570,167,-137,0
450.9372079372406,8688,6668,11412,-140,-101,107,7288,-9700,10384,-57,107,-175,-13688,4248,5900,-952,136,-74,-13984,-5172,6272,-536,97,-131,0
450.9707851409912,8452,6684,11396,-146,-40,82,7264,-9288,10156,-25,151,-152,-13628,4396,5940,-942,122,-84,-13932,-5172,6208,-535,149,-144,0
451.00457096099854,8552,6604,11400,-127,-104,109,7204,-9492,10440,-20,148,-171,-13744,4284,5844,-969,133,-85,-13952,-5064,6080,-563,129,-113,0
451.038066148758,8448,6652,11352,-174,-74,107,7268,-9452,10396,4,174,-166,-13704,4112,5828,-895,123,-117,-13972,-5228,6116,-517,165,-119,0
451.07387804985046,8228,6560,11472,-202,-87,136,7408,-9532,10168,-9,139,-201,-13752,4104,5736,-830,190,-157,-13988,-5200,6264,-594,185,-95,0
451.1091330051422,8408,6656,11404,-242,-154,166,7184,-9572,10340,-33,62,-212,-13748,4332,5660,-791,200,-104,-13884,-5216,6256,-610,181,-78,0
451.1443901062012,8456,6636,11328,-181,-135,187,7200,-9432,10308,-53,74,-213,-13668,4104,5848,-879,163,-167,-14000,-5224,6240,-619,193,-61,0
451.1796369552612,8384,6616,11320,-201,-178,163,7160,-9536,10240,-50,127,-206,-13612,4244,5396,-905,176,-117,-13904,-5160,6116,-625,167,-100,0
451.21470308303833,8464,6500,11320,-202,-164,127,7168,-9404,10216,-32,91,-240,-13684,4296,5852,-920,168,-176,-14000,-5084,6100,-656,144,-92,0
451.2506041526795,8520,6864,11072,-160,-179,165,7292,-9224,10264,-38,84,-241,-13732,4300,5860,-932,192,-107,-13868,-5256,6124,-691,178,-117,0
451.287150144577,8496,6856,11384,-193,-180,160,7264,-9408,10268,-54,78,-232,-13712,4272,5828,-958,182,-92,-14004,-5112,6188,-667,165,-116,0
451.32245707511896,8584,6568,11200,-127,-205,171,7396,-9508,10308,-49,81,-219,-13608,4192,5652,-962,159,-86,-13980,-4916,6032,-705,133,-113,0
451.3576121330261,8456,6584,11356,-152,-208,152,7360,-9448,10240,-50,74,-203,-13696,4284,5720,-982,137,-111,-13960,-5200,6224,-653,163,-109,0
451.39336109161377,8488,6680,11476,-122,-197,156,7300,-9496,10316,-26,98,-194,-13656,4300,5812,-983,113,-103,-14052,-5324,6252,-620,149,-127,0
451.4292070865631,8580,6632,11328,-104,-192,134,7320,-9440,10276,-47,124,-217,-13784,4328,5692,-949,112,-97,-14000,-5124,6220,-578,186,-124,0
451.4641411304474,8560,6596,11372,-164,-186,156,7356,-9552,10280,-33,94,-213,-13676,4596,5748,-1280,150,-90,-13976,-5372,6248,-586,153,-97,0
451.499794960022,8548,6608,11208,-135,-192,126,7276,-9388,10232,-80,79,-194,-13664,4276,5752,-974,107,-98,-13956,-5224,6288,-604,98,-117,0
451.53512406349176,8372,6656,11256,-105,-158,134,7208,-9360,10044,-90,61,-187,-13668,4388,5748,-999,129,-37,-14000,-5316,6392,-590,82,-80,0
451.5708720684052,8544,6584,11380,-65,-219,147,7344,-9512,10236,-108,59,-219,-13600,4312,5776,-991,123,-117,-14008,-5316,6280,-538,128,-70,0
451.60608291625977,8408,6540,11196,-96,-198,140,7288,-9520,10200,-104,68,-225,-13764,4556,5476,-1023,119,-144,-14032,-5168,6160,-578,108,-129,0
451.64231896400446,8460,6532,11284,-99,-169,111,7228,-9512,10232,-99,86,-211,-13592,4120,5488,-1038,99,-101,-13892,-4928,5912,-559,146,-105,0
451.67802906036377,8536,6508,11228,-89,-112,132,7368,-9420,10032,-93,105,-191,-13640,4216,5756,-1067,126,-124,-14072,-5180,6000,-259,106,-87,0
451.7177400588989,8548,6564,11172,-123,-107,93,7392,-9576,10124,-99,125,-171,-13732,4232,5912,-1046,107,-69,-14100,-5292,6360,-520,85,-149,0
451.7540040016174,8688,6600,11516,-126,-17,84,7384,-9496,10136,-82,134,-138,-13764,4292,5728,-1053,90,-74,-14080,-5224,6340,-546,133,-130,0
451.7877449989319,8568,6616,11260,-118,-75,102,7292,-9496,10264,-53,128,-159,-13680,4324,5640,-1042,57,-56,-13928,-5360,6368,-545,93,-146,0
451.8213140964508,8504,6548,11408,-67,-65,61,7248,-9280,10144,-84,131,-166,-13644,4308,5752,-1023,65,-7,-13940,-5240,6304,-500,97,-152,0
451.8547871112824,8512,6612,11012,-96,-58,69,7244,-9584,10252,-86,147,-152,-13676,4288,5712,-1041,35,-88,-13736,-5308,6220,-502,103,-164,0
451.88825011253357,8548,6520,11400,-59,-45,51,7296,-9516,10384,-68,161,-156,-13756,4576,5884,-1051,73,-113,-13952,-5224,6208,-529,94,-135,0
451.92175698280334,8460,6600,11324,-85,-69,97,7368,-9680,10456,-51,170,-160,-13596,4292,5700,-1062,57,-78,-13844,-5328,6272,-500,142,-121,0
451.9549729824066,8396,6548,11336,-87,-53,40,7244,-9452,10140,-73,171,-156,-13612,4268,5812,-1050,76,-72,-13948,-5284,6260,-480,100,-124,0
451.9887161254883,8544,6428,11224,-72,-34,90,7320,-9540,10304,-74,144,-161,-13600,4188,5748,-1015,55,-97,-13944,-5336,6260,-491,138,-105,0
452.0222020149231,8240,6440,11272,-86,-98,82,7260,-9552,10280,-34,136,-190,-13636,4256,5800,-1040,81,-108,-13860,-5184,5932,-500,173,-132,0
452.055545091629,8596,6648,11284,-85,-105,89,7284,-9524,10476,-115,124,-186,-13628,4284,5660,-975,64,-76,-13844,-5212,6228,-515,109,-130,0
452.08922815322876,8516,6680,11444,-68,-67,77,7356,-9652,10160,-90,139,-142,-13596,4164,5844,-1052,9,-80,-14016,-5228,6292,-524,121,-165,0
452.1225781440735,8480,6660,11260,-101,-54,71,7356,-9696,9996,-10,139,-125,-13640,4296,6000,-1052,71,-38,-13904,-5236,6344,-510,132,-144,0
452.15611600875854,8520,6624,11020,-104,-29,82,7276,-9408,10028,-84,157,-121,-13608,4376,5984,-1046,39,-44,-14036,-5224,6136,-516,98,-145,0
452.1898181438446,8572,6700,11356,-77,-66,63,7244,-9444,10024,-109,157,-128,-13668,4288,5668,-997,28,-75,-13960,-5192,6204,-261,147,-132,0
452.22329211235046,8588,6904,11232,-111,-88,93,7244,-9596,9952,-57,162,-153,-13644,4140,6076,-1028,43,-85,-13952,-5196,6192,-469,157,-117,0
452.25685000419617,8508,6840,11612,-82,-75,64,7208,-9564,10124,-49,190,-122,-13532,4360,5712,-1072,16,-85,-13828,-5232,6240,-468,142,-146,0
452.290354013443,8436,6680,11212,-81,-61,64,7348,-9600,10320,-40,202,-151,-13640,4420,5828,-1028,6,-67,-13960,-5236,6224,-465,115,-130,0
452.32385897636414,8696,6720,11432,-110,-88,63,7168,-9532,10268,-50,164,-129,-13376,4132,5720,-977,44,-91,-13908,-5140,6280,-460,125,-141,0
452.3574450016022,8468,6716,11376,-89,-93,89,7304,-9564,10268,-47,187,-158,-13776,4568,5868,-1006,45,-52,-13988,-5300,6248,-473,176,-134,0
452.3907289505005,8464,6648,11392,-95,-115,56,7196,-9572,10272,-11,168,-207,-13524,4300,5796,-1011,38,-99,-13832,-5272,6148,-447,206,-122,0
452.4241700172425,8444,6716,11148,-99,-133,93,7280,-9512,10296,-26,169,-190,-13704,4240,5772,-968,26,-149,-13940,-5380,6244,-470,209,-95,0
452.4577250480652,8544,6744,11516,-110,-118,84,7344,-9620,10208,-10,156,-207,-13596,4364,6096,-980,15,-116,-13984,-5244,6300,-417,171,-96,0
452.4912610054016,8664,6400,11048,-105,-135,74,7232,-9588,10396,-19,193,-144,-13632,4372,5848,-985,33,-74,-13960,-5212,6208,-447,150,-122,0
452.524670124054,8528,6656,11336,-112,-100,89,7260,-9500,10280,-7,199,-161,-13576,4368,5912,-978,11,-51,-13856,-5224,6320,-450,173,-142,0
452.558217048645,8492,6772,11320,-131,-105,87,7224,-9540,10488,-32,182,-136,-13688,4236,5828,-967,-11,-84,-14060,-5244,6240,-457,163,-116,0
452.5918021202088,8500,6656,11012,-148,-102,99,6960,-9532,10208,-19,186,-165,-13812,4544,5872,-966,25,-126,-13988,-5172,6320,-471,168,-123,0
452.62522912025446,8452,6692,11324,-148,-116,86,7236,-9612,10252,53,189,-186,-13636,4108,6004,-1019,38,-90,-14020,-5236,6272,-449,176,-112,0
452.6584539413452,8428,6756,11560,-180,-141,90,7016,-9600,10380,35,194,-197,-13324,4344,5636,-1002,99,-99,-13908,-5304,6256,-436,191,-87,0
452.6919169425965,8676,6708,11300,-178,-141,172,7272,-9524,10288,6,152,-224,-13672,4356,5972,-983,144,-157,-13988,-5148,6392,-466,213,-75,0
452.72527503967285,8644,6708,11228,-158,-201,154,7416,-9588,10148,12,105,-225,-13576,4288,6100,-985,116,-199,-13844,-5352,6212,-487,212,-54,0
452.7619049549103,8448,6616,11380,-142,-218,115,7264,-9520,10176,-1,153,-227,-13548,4284,5996,-969,121,-142,-13840,-5200,6216,-453,197,-64,0
452.7981719970703,8420,6908,11272,-194,-214,142,7204,-9608,10124,0,169,-212,-13600,4268,5644,-966,152,-167,-13932,-5184,6132,-455,222,-79,0
452.8334469795227,8656,6900,11240,-223,-183,122,7196,-9408,10284,22,160,-206,-13748,4288,5840,-997,188,-150,-13920,-5272,6208,-461,198,-80,0
452.8691830635071,8584,6680,11284,-188,-157,149,7248,-9724,10272,12,145,-200,-13800,4376,5728,-998,152,-97,-13916,-5180,6240,-471,198,-51,0
452.90435600280756,8492,6860,11428,-191,-178,165,7252,-9584,10188,88,169,-210,-13652,4284,5780,-1023,98,-138,-13972,-5192,6308,-453,264,-90,0
452.9399471282959,8488,6724,11048,-216,-150,145,7328,-9472,10320,94,162,-184,-13792,4236,5676,-1044,92,-104,-13880,-5304,6152,-464,232,-73,0
452.97506093978876,8612,6708,11356,-189,-159,125,7232,-9464,10552,41,158,-185,-13596,4332,5988,-962,78,-144,-14000,-5172,6384,-426,237,-56,0
453.01073002815247,8588,6620,11364,-209,-148,124,7356,-9572,10304,25,180,-223,-13712,4336,5672,-1007,125,-136,-13924,-5096,6024,-400,242,-40,0
453.0461649894715,8528,6676,11184,-228,-149,157,7244,-9248,10448,56,199,-144,-13660,4272,5988,-976,76,-105,-13932,-5200,6276,-385,208,-95,0
453.08249711990356,8520,6688,11380,-257,-110,141,7416,-9448,10364,56,151,-153,-13596,4352,5812,-984,74,-80,-13904,-5244,6256,-390,202,-96,0
453.11850214004517,8548,6700,11452,-249,-156,144,7240,-9592,10244,3,160,-196,-13624,4232,5860,-936,90,-134,-13948,-5340,6176,-442,244,-59,0
453.1534979343414,8524,6680,11088,-231,-135,157,6932,-9296,10400,28,160,-216,-13368,4236,5876,-990,132,-156,-13984,-4924,6236,-440,296,-80,0
453.1884949207306,8568,6528,11288,-6,-175,165,7292,-9428,10292,60,156,-240,-13560,4332,5992,-970,145,-186,-13932,-5068,6084,-425,345,-71,0
453.2241570949555,8292,6608,11192,-242,-152,154,7316,-9540,10404,22,103,-235,-13652,4284,5712,-979,131,-137,-13952,-4956,6160,-410,347,-83,0
453.2597961425781,8612,6616,11488,-283,-94,128,7220,-9420,10172,37,122,-210,-13716,4320,6128,-921,112,-133,-14000,-5156,6116,-442,287,-120,0
453.29509711265564,8600,6556,11180,-283,-45,100,7320,-9496,10236,-251,164,-169,-13644,4260,5620,-939,90,-61,-13956,-4944,5960,-467,259,-140,0
453.3302550315857,8628,6600,11416,-243,-26,96,7304,-9408,10256,-17,173,-141,-13588,4224,5888,-956,53,-90,-14068,-5132,6320,-486,246,-156,0
453.3655989170075,8632,6524,11260,-284,-244,94,7244,-9400,10268,255,209,-144,-13656,4220,6020,-949,41,-80,-14008,-5296,5944,-482,277,-157,0
453.402971982956,8528,6572,11380,-307,-33,83,7168,-9520,10292,-14,172,-162,-13800,4260,6016,-911,59,-90,-14056,-5240,6152,-456,296,-109,0
453.43663597106934,9788,5516,9584,-782,-194,62,7180,-9536,10140,-56,217,-160,-13612,4280,6096,-904,92,-113,-13996,-5156,6268,-507,281,-99,0
453.4701759815216,8448,6808,11292,-275,-155,56,7212,-9420,10488,16,197,-191,-13672,4280,5668,-880,94,-127,-14040,-5192,6116,-480,309,-133,0
453.50373005867004,8552,6488,11284,-226,-65,75,7308,-9420,10016,21,193,-178,-13676,4384,5824,-916,87,-116,-14020,-5148,6132,-476,282,-110,0
453.53732204437256,8508,6592,11188,-201,-43,84,7352,-9440,10376,-18,158,-155,-13612,4316,5984,-901,101,-38,-13972,-5200,6024,-526,231,-111,0
453.5706639289856,8620,6576,11384,-184,-50,72,7192,-9508,10296,-68,167,-148,-13372,4544,5848,-834,130,-50,-14004,-5124,5944,-540,196,-113,0
453.6045310497284,8696,6492,11176,-143,-110,95,7224,-9372,10492,-103,143,-151,-13744,4556,6052,-821,103,-72,-14076,-5152,6252,-502,91,-138,0
453.63760113716125,8696,6468,11284,-41,-21,99,7136,-9508,10400,-117,72,-161,-13572,4356,5672,-814,49,-59,-13924,-5236,6164,-554,-91,-186,0
453.6711609363556,8540,6484,11396,36,-58,89,7368,-9524,10484,-210,255,-174,-13536,4368,5716,-581,58,-33,-13960,-5144,6224,-729,-273,-238,0
453.70463013648987,8660,6684,11408,144,-19,137,7272,-9684,10452,-346,-139,-159,-13600,4252,5396,-459,173,48,-14052,-5240,6228,-841,-465,-214,0
453.7382740974426,8644,6556,11420,271,38,97,7276,-9472,10168,-434,-172,-198,-13712,4460,6148,-644,316,25,-14020,-5256,5860,-924,-217,-239,0
453.7718689441681,8568,6592,11312,148,64,61,7240,-9548,10280,-305,8,-175,-13848,4448,5748,-1086,221,-79,-14032,-5216,6304,-656,-51,-154,0
453.8055830001831,8600,6636,11312,162,0,65,7176,-9568,10372,-209,16,-129,-13556,4404,5808,-1075,194,-21,-14028,-5124,6192,-647,-220,-176,0
453.8389821052551,8636,6460,11060,187,114,55,7248,-9308,10320,-302,-39,-137,-13616,4452,5716,-972,216,-30,-13748,-5296,6204,-849,-300,-190,0
453.87249398231506,8488,6696,11308,42,47,75,7192,-9540,10304,-296,-59,-149,-13636,4344,5936,-1062,316,-45,-13952,-5360,6380,-888,-124,-189,0
453.9058771133423,8492,6688,11092,51,93,88,7168,-9568,10228,-350,-161,-149,-13648,4588,5804,-1052,319,-17,-13984,-5236,6104,-805,-154,-173,0
453.9393980503082,8556,6688,11364,163,40,109,7220,-9624,10132,-368,-133,-172,-13804,4376,6036,-1151,293,-64,-14052,-5264,6144,-728,35,-176,0
453.9729399681092,8340,6888,11244,106,157,134,7220,-9512,10012,-274,-140,-175,-13596,4316,6076,-1139,231,-85,-13872,-5340,6260,-751,110,-135,0
454.0064699649811,8224,6752,11492,-117,-43,100,7400,-9552,10004,-140,61,-178,-13584,4440,5696,-1057,97,-100,-13880,-5224,6256,-755,195,-137,0
454.03982305526733,8420,6820,11380,-261,-192,106,7348,-9612,10136,-61,108,-205,-13396,4412,5828,-1122,98,-92,-13880,-5304,6264,-561,207,-145,0
454.0733370780945,8544,6692,11148,-184,-220,111,7280,-9652,10128,-67,139,-196,-13640,4488,5884,-949,82,-73,-13904,-5288,6132,-565,135,-160,0
454.1069610118866,8532,6660,11424,-65,-106,103,7228,-9760,10044,-109,106,-154,-13732,4332,5796,-1045,86,-64,-13856,-5356,6156,-560,77,-143,0
454.1403031349182,8436,6672,11132,-115,-79,112,7192,-9652,9980,-108,152,-181,-13608,4408,5744,-980,70,-123,-13896,-5352,6304,-513,144,-140,0
454.1738691329956,8468,6608,11248,-140,-73,104,7304,-9880,10144,-33,163,-184,-13804,4420,5632,-1036,98,-122,-13936,-5296,6348,-488,92,-89,0
454.2073450088501,8428,6732,11224,-141,-88,116,7336,-9612,10016,253,146,-181,-13776,4484,5476,-1028,107,-95,-13892,-5292,5928,-541,153,-100,0
454.2404761314392,8528,6728,11400,-167,-106,122,7252,-9748,10032,31,175,-180,-13380,4364,5848,-1011,85,-116,-13628,-5328,6256,-431,158,-27,0
454.2739560604096,8304,6728,11388,-186,-216,125,7260,-9544,10152,21,132,-253,-13552,4464,5844,-1072,145,-165,-13880,-5372,6296,-495,201,-60,0
454.3077199459076,8476,6700,11268,-212,-280,107,7320,-9596,10144,246,132,-259,-13636,4520,5896,-1025,163,-190,-14008,-5384,6288,-571,211,-97,0
454.3411209583283,8464,6768,11344,-206,-221,116,7356,-9604,10220,253,91,-244,-13584,4348,5824,-992,168,-168,-13928,-5300,6376,-430,219,-50,0
454.3747560977936,8408,6656,11236,-235,-139,124,7396,-9632,10092,25,170,-233,-13536,4444,5784,-1044,179,-146,-13912,-5224,6112,-467,175,-58,0
454.4078180789948,8604,6708,11368,-219,-180,144,7328,-9664,10044,-3,146,-202,-13668,4528,5648,-1005,123,-104,-14060,-5276,6380,-545,228,-73,0
454.4445230960846,8548,6660,11048,-222,-162,106,7368,-9600,10100,54,152,-193,-13616,4236,5724,-1020,135,-133,-13888,-5224,6204,-388,153,-57,0
454.4796490669251,8504,6696,11244,-197,-117,114,7224,-9592,10152,36,141,-200,-13756,4376,5744,-957,69,-120,-13928,-5380,6316,-436,212,-46,0
454.5156519412995,8564,6696,11308,-159,-200,113,7400,-9548,10068,32,183,-224,-13424,4320,5664,-1011,135,-134,-13984,-5240,6208,-459,223,-32,0
454.5517070293427,8556,6420,11260,-214,-174,126,7308,-9636,10092,28,169,-230,-13688,4320,5820,-1048,124,-153,-14004,-5260,6324,-402,193,-57,0
454.5878341197968,8668,6728,11272,-161,-164,135,7248,-9616,10384,15,171,-182,-13716,4428,5712,-1016,71,-109,-13964,-5604,6312,-457,111,-78,3
454.62300205230713,8540,6700,11220,-135,-142,129,7356,-9664,10152,32,188,-162,-13704,4432,5724,-1004,54,-71,-13896,-5324,6260,-257,94,-110,3
454.6591229438782,8492,6712,11236,-148,-145,122,6984,-9624,10172,20,205,-165,-13316,4352,5796,-778,-11,-107,-13892,-5312,6184,-763,167,-72,3
454.69421315193176,8616,6764,11448,-115,-162,103,7288,-9568,10148,1,106,-207,-13700,4400,5820,-1011,57,-107,-13844,-5208,6120,-537,234,-76,3
454.72979307174677,8592,6644,11388,-158,-251,147,7224,-9520,10260,40,180,-232,-13772,4332,5700,-769,11,-168,-13856,-5148,6092,-527,271,-92,3
454.7657039165497,8572,6564,11332,-64,-209,113,7344,-9480,9960,15,219,-232,-13664,4236,5740,-972,-15,-159,-13912,-5248,6188,-471,243,-101,3
454.80127215385437,8656,6652,11188,-79,-228,111,7304,-9552,10228,33,209,-231,-13636,4388,5820,-1012,-29,-140,-14020,-5248,6164,-480,220,-132,0
454.83733892440796,8744,6716,11316,-113,-129,76,7456,-9508,10092,6,166,-200,-13652,4348,5764,-1061,-60,-136,-13972,-5268,6188,-453,199,-147,0
454.8723471164704,8680,6792,11268,-160,-120,118,7272,-9568,10248,-30,189,-177,-13680,4336,5784,-1027,-58,-69,-13932,-5192,6168,-479,173,-132,0
454.90785813331604,8592,6672,11228,-115,-159,81,7172,-9612,10140,6,215,-178,-13500,4264,5792,-980,-22,-128,-13980,-5324,6284,-456,160,-132,0
454.94331192970276,8688,6896,11180,-82,-161,83,7180,-9560,10436,-256,242,-194,-13572,4396,5796,-1024,-87,-99,-13972,-5264,6176,-449,206,-159,0
454.9790699481964,8628,6792,11272,-109,-130,65,7280,-9628,10376,6,156,-197,-13556,4320,5796,-1117,-39,-71,-13944,-5224,6268,-453,130,-122,0
455.0140950679779,8608,6696,10816,-114,-35,69,7336,-9480,10200,-21,60,-168,-13532,4276,5640,-1084,-249,-105,-13832,-5232,6224,-449,83,-128,0
455.04940009117126,8560,6632,11512,-74,-74,118,7268,-9520,10032,-48,163,-180,-13576,4516,5968,-1082,-46,-88,-13976,-5236,6312,-405,122,-153,0
455.08567214012146,8652,6700,11368,-98,-33,75,7356,-9632,10228,-56,187,-152,-13708,4320,5808,-1098,-39,-77,-13932,-5280,6200,-437,124,-169,0
455.11925196647644,8676,6732,11280,-171,-48,92,7344,-9240,10120,-63,145,-142,-13820,4520,5812,-1054,1,-58,-14024,-5348,6144,-442,123,-113,0
455.1523630619049,8604,6728,11360,-112,-75,101,7368,-9536,10364,-72,192,-161,-13600,4220,5724,-770,-6,-44,-13872,-5244,6348,-438,89,-113,0
455.18601393699646,8512,6684,11120,-104,20,80,7216,-9556,10096,-37,163,-117,-13588,4332,5860,-1047,-19,-52,-14080,-5232,6260,-427,88,-141,0
455.2198519706726,8588,6724,11188,-145,2,85,7316,-9512,10428,-50,140,-114,-13708,4412,5940,-1103,-29,-43,-13768,-5352,6132,-500,105,-149,0
455.2528409957886,8544,6728,11376,-74,-42,86,7256,-9600,10204,-77,135,-146,-13740,4600,5924,-1005,-24,-42,-14012,-5240,6340,-458,96,-136,0
455.28647804260254,8548,6716,11116,-124,-19,81,7372,-9680,10156,-59,127,-167,-13548,4340,5932,-1032,7,-63,-13940,-5300,6336,-417,106,-121,0
455.32015204429626,8596,6644,11268,-111,33,67,7248,-9964,10136,-97,160,-71,-13568,4456,5856,-1039,41,-53,-13652,-5288,6272,-484,102,-133,0
455.35372710227966,8348,6712,11212,-60,-39,96,7184,-9604,10144,-86,162,-127,-13520,4288,5896,-1001,-253,-89,-13924,-5280,6232,-489,80,-141,0
455.38724398612976,8432,6616,11148,-75,-25,56,7268,-9612,10016,-82,128,-154,-13588,4276,6036,-979,7,-76,-13992,-5332,6240,-454,83,-165,0
455.42111992836,8576,6792,11136,-113,-15,84,7300,-9672,10444,-59,164,-158,-13408,4428,6004,-998,1,-79,-13972,-5312,6172,-529,80,-156,0
455.4542980194092,8584,6696,11276,-82,-48,75,7336,-9604,10132,-79,111,-168,-13516,4448,5952,-1037,41,-105,-13892,-5140,6372,-518,177,-170,0
455.4876730442047,8460,6708,11204,-98,-94,77,7236,-9496,10092,-33,141,-209,-13456,4136,6084,-1029,66,-117,-13880,-5204,6280,-492,137,-121,0
455.52130794525146,8428,6700,11204,-76,-59,85,7232,-9580,10352,-54,123,-205,-13324,4432,5632,-1012,98,-96,-13968,-5292,6320,-484,105,-143,0
455.55479192733765,8608,6656,11220,-92,-109,91,7212,-9600,10188,15,160,-177,-13568,4308,5992,-1035,103,-125,-13872,-5260,6356,-511,134,-152,0
455.58855414390564,8424,6808,11012,-55,-132,66,7248,-9580,10300,-50,154,-181,-13660,4404,5984,-994,102,-100,-13912,-5288,6272,-530,206,-123,0
455.6221570968628,8492,6796,11020,-90,5,108,7324,-9488,10212,-45,144,-156,-13712,4536,5988,-1046,117,-85,-13948,-5304,6264,-577,93,-163,0
455.65538811683655,8644,6820,11192,-32,-76,77,7232,-9532,10416,-89,109,-154,-13480,4364,6040,-1028,116,-63,-13808,-5296,6284,-567,124,-124,0
455.6886601448059,8560,6808,11116,-76,-73,87,7288,-9548,10184,-76,120,-185,-13520,4284,6068,-976,115,-79,-13928,-5364,6196,-512,166,-120,0
455.72236394882196,8548,6704,11252,-120,-49,86,7372,-9624,10072,-34,148,-165,-13560,4132,6008,-1018,158,-99,-13864,-5212,6264,-504,122,-118,0
455.75580096244806,8436,6720,11480,-164,-45,95,7160,-9584,10128,-12,120,-177,-13756,4364,6064,-1012,205,-137,-13832,-5288,6388,-524,130,-105,0
455.7893660068512,8480,6676,11352,-152,-81,128,7184,-9572,10108,-8,98,-181,-13348,4436,5904,-1035,195,-123,-13932,-5272,6332,-487,193,-65,0
455.8228800296784,8468,6748,11280,-149,-138,148,7352,-9640,10276,239,72,-255,-13644,4392,6100,-1036,223,-119,-13904,-5312,6368,-484,201,-57,0
455.85647106170654,8472,6820,11372,-123,-173,153,7300,-9624,10084,-19,119,-222,-13648,4108,5712,-1005,162,-118,-13836,-5316,6616,-491,195,-75,0
455.88969707489014,8236,6752,11336,-171,-172,129,7308,-9508,10020,-28,123,-224,-13456,4124,5660,-974,188,-155,-13828,-5336,6328,-459,156,-64,0
455.92350506782526,8568,6828,11292,-148,-151,163,7248,-9460,10084,-33,123,-178,-13320,4368,6012,-1014,177,-121,-13972,-5160,6276,-477,149,-74,0
455.95725011825556,8460,6764,11356,-191,-169,156,7276,-9692,10112,30,100,-176,-13644,4328,5992,-1038,183,-139,-13896,-5316,6284,-445,161,-57,0
455.9907319545746,8544,6892,11040,-188,-128,143,7268,-9564,10256,31,108,-169,-13488,4256,6028,-1022,185,-114,-14008,-5308,6268,-475,173,-57,0
456.0243270397186,8500,6812,11036,-184,-148,148,7268,-9412,10156,-10,169,-219,-13576,4212,6104,-996,148,-126,-13836,-5280,6164,-491,227,-83,0
456.0579590797425,8576,6428,11476,-211,-213,144,7280,-9676,10144,35,206,-244,-13332,4364,6012,-1005,129,-149,-13940,-5276,6136,-438,250,-68,0
456.09139609336853,8588,6748,11332,-187,-186,153,7372,-9552,10092,-15,146,-190,-13536,4292,5812,-989,115,-109,-13940,-5332,6308,-461,165,-59,0
456.1281991004944,8548,6788,11096,-187,-128,135,7252,-9620,10300,-3,123,-182,-13492,4272,5960,-959,143,-99,-13824,-5164,6312,-447,117,-101,0
456.16322207450867,8488,6680,11208,-183,-118,127,7252,-9564,10032,9,143,-187,-13632,4320,6000,-1004,118,-111,-13932,-5288,6272,-469,177,-103,0
456.199303150177,8452,6716,11232,-233,-141,115,7188,-9520,10216,99,230,-202,-13776,4420,5940,-974,146,-173,-13588,-5236,6248,-559,300,-107,0
456.2349479198456,8696,6756,11320,-217,-195,123,7272,-9568,10136,73,155,-249,-13448,4264,5756,-1000,152,-154,-13916,-5220,6236,-440,254,-48,0
456.2704811096192,8520,6684,11232,-83,-138,132,7212,-9532,10116,3,46,-239,-13464,4324,5640,-1043,222,-171,-13840,-5248,6360,-466,222,-67,0
456.3056609630585,8524,6680,11488,-184,-169,140,7256,-9584,10096,55,131,-239,-13576,4324,5992,-993,137,-125,-13992,-5188,6328,-527,170,-111,0
456.3415789604187,8528,6648,11292,-123,-101,113,7312,-9608,10028,-27,85,-213,-13676,4352,5780,-998,144,-118,-13840,-5272,6236,-497,169,-59,0
456.37760996818537,8632,6736,11224,-110,-125,147,7280,-9532,10236,-19,87,-201,-13544,4268,5984,-1017,113,-120,-14000,-5252,6280,-480,145,-112,0
456.41332507133484,8784,6632,11268,-142,-129,124,7364,-9484,10028,-43,132,-207,-13368,4136,5652,-1008,110,-128,-13852,-5332,6204,-763,121,-147,0
456.4493529796601,8624,6412,11156,-117,-115,99,7188,-9624,10188,-109,153,-180,-13332,4156,5944,-967,47,-62,-13900,-5208,6196,-517,156,-134,0
456.48454999923706,8684,6676,11160,-69,-94,70,7408,-9544,10072,-92,137,-161,-13644,4260,6048,-1002,83,-78,-13956,-4920,6164,-513,138,-162,0
456.5204041004181,8528,6460,11100,-117,-72,69,7340,-9532,10172,-49,186,-146,-13764,4296,5992,-1041,33,-107,-14060,-5348,6388,-485,146,-163,0
456.5562160015106,8636,6792,11212,-109,-82,86,7356,-9288,10120,-54,141,-139,-13524,4324,5812,-995,57,-37,-13956,-5248,6112,-762,130,-115,0
456.5918040275574,8664,6788,11236,-108,-36,85,7280,-9488,10096,-87,152,-176,-13780,4300,5924,-1273,50,-93,-13604,-5324,6212,-471,161,-161,0
456.6282379627228,8600,6760,11216,-122,-56,69,7236,-9500,10116,-113,113,-166,-13568,4296,5752,-992,78,-54,-13900,-5300,6304,-510,144,-142,0
456.6632030010224,8588,6716,11248,-92,-19,79,7276,-9640,10200,-84,120,-153,-13536,4372,5848,-998,24,-13,-13656,-5188,6120,-511,97,-175,0
456.6986770629883,8544,6640,11224,-111,7,73,7372,-9676,10100,-57,166,-131,-13548,4332,5824,-773,11,-67,-14080,-5212,6216,-458,147,-164,0
456.7376890182495,8452,6728,11220,-106,-35,49,7328,-9544,10184,-94,145,-142,-13548,4340,6112,-1000,38,-25,-13916,-5260,6336,-500,107,-158,0
456.77473902702326,8548,6696,11376,-69,-33,88,7252,-9556,10216,-108,154,-170,-13624,4356,5904,-972,50,-16,-13936,-5356,6244,-467,141,-121,0
456.80845308303833,8532,6648,11096,-120,-37,61,7352,-9544,10120,-47,140,-170,-13568,4440,5928,-996,51,-66,-13840,-5180,6364,-469,121,-118,0
456.8419890403748,8468,6724,11220,-69,-43,84,7400,-9528,10136,-105,147,-132,-13756,4304,5940,-972,29,-24,-13860,-5364,6204,-452,83,-151,0
456.87559509277344,8512,6672,11308,-85,-13,70,7252,-9544,10092,-90,130,-144,-13568,4112,5968,-999,14,-45,-14004,-5260,6240,-504,73,-164,0
456.909068107605,8560,6804,11300,-143,-32,62,7368,-9548,10236,-91,151,-159,-13664,4324,5932,-1001,37,-84,-13848,-5336,6300,-486,98,-192,0
456.9422309398651,8608,6756,11224,-83,-50,78,7372,-9604,10228,-76,141,-148,-13600,4556,6108,-974,74,-72,-13924,-5284,6348,-507,143,-164,0
456.97579312324524,8500,6760,11140,-99,-50,78,7208,-9564,10180,-52,121,-197,-13560,4220,5908,-994,86,-73,-13820,-5276,6248,-503,145,-146,0
457.0112371444702,8504,6864,11232,-82,-73,79,7216,-9676,10276,-86,101,-180,-13556,4372,5980,-984,94,-111,-13892,-5296,6320,-479,139,-139,0
457.0448100566864,8612,6740,11196,-89,-70,84,7300,-9640,10000,-85,103,-186,-13480,4408,5896,-1005,64,-115,-13788,-5348,6264,-474,156,-126,0
457.0784440040589,8476,6812,11476,-142,-48,73,7240,-9652,10264,-71,112,-162,-13516,4336,5832,-1011,63,-94,-13872,-5360,6360,-511,133,-154,0
457.11202907562256,8692,6752,11468,-129,-79,119,7288,-9544,10228,-70,133,-174,-13668,4256,5960,-1017,88,-58,-14012,-5300,6328,-523,146,-146,0
457.14555311203,8448,6748,11096,-107,-52,102,7180,-9592,10384,-32,116,-176,-13528,4380,6008,-998,68,-63,-13688,-5512,6396,-469,120,-138,0
457.17925214767456,8596,6664,11204,-110,-59,88,7376,-9588,10164,-68,152,-157,-13576,4216,5996,-985,93,-43,-13836,-5192,6288,-461,135,-138,0
457.2130300998688,8520,6728,11176,-119,-52,97,7308,-9644,10004,-49,174,-160,-13508,4284,6168,-982,79,-106,-13936,-5332,6368,-516,122,-135,0
457.24637508392334,8520,6836,11060,-123,-74,118,7248,-9644,10224,-62,119,-162,-13508,4320,5956,-1005,57,-95,-13900,-5200,6192,-492,161,-110,0
457.2796859741211,8488,6804,11164,-139,-44,108,7296,-9664,10132,-26,103,-164,-13436,4344,5892,-1012,97,-98,-13932,-5156,6228,-476,155,-112,0
457.3133790493012,8548,6780,11248,-157,-79,116,7420,-9564,10052,-15,147,-183,-13640,4360,5988,-982,95,-95,-13828,-5348,6648,-482,186,-105,0
457.3467450141907,8588,6780,11328,-148,-90,146,7344,-9620,10128,15,165,-178,-13564,4240,5980,-1006,146,-82,-13668,-5536,6220,-478,169,-110,0
457.38031697273254,8496,6900,11264,-215,-127,107,7232,-9628,10260,6,179,-202,-13584,4312,5960,-970,170,-131,-13940,-5336,6232,-452,161,-80,0
457.41363501548767,8460,6804,11164,-184,-188,149,7172,-9600,10164,9,154,-206,-13480,4384,5848,-985,155,-166,-13948,-5240,6324,-463,170,-30,0
457.4469220638275,8468,6716,11204,-206,-164,160,7276,-9476,10152,37,102,-220,-13504,4312,6060,-1033,123,-121,-13952,-5128,6328,-475,168,-75,0
457.4804990291596,8512,6768,11428,-159,-145,177,7232,-9544,10136,34,129,-189,-13344,4236,5952,-991,125,-98,-13916,-5256,6200,-469,144,-96,0
457.5142760276795,8476,6736,11200,-180,-127,147,7344,-9576,10332,-11,144,-227,-13548,4300,5892,-968,127,-130,-13884,-5244,6224,-456,209,-76,0
457.5477969646454,8616,6772,11212,-228,-143,135,7348,-9516,10192,26,133,-234,-13584,4380,5964,-1001,188,-171,-14008,-5164,6312,-447,212,-81,0
457.58123898506165,8612,6712,11016,-209,-174,158,7296,-9564,10216,-245,167,-166,-13580,4568,6116,-988,150,-148,-13924,-5244,6216,-448,183,-63,0
457.6147689819336,8580,6788,11244,-215,-157,155,7428,-9512,10132,10,110,-194,-13408,4348,5968,-995,174,-131,-13948,-5348,6324,-451,125,-89,0
457.6482801437378,8536,6836,11088,-206,-174,151,7244,-9508,10060,14,166,-157,-13568,4420,6028,-975,156,-120,-13884,-5184,6364,-458,162,-70,0
457.6818540096283,8608,6728,11124,-192,-157,178,7392,-9540,10188,21,119,-199,-13608,4316,5976,-1056,146,-118,-13960,-5260,6292,-499,175,-113,0
457.7156000137329,8600,6864,11136,-162,-157,166,7388,-9580,10200,34,124,-187,-13364,4284,5800,-1001,115,-112,-13756,-5176,6356,-493,184,-92,0
457.7491569519043,8572,6640,11172,-178,-165,147,7204,-9520,10156,4,128,-203,-13548,4124,6060,-996,168,-134,-13872,-5224,6304,-470,205,-77,0
457.7823040485382,8568,6732,11368,-188,-162,138,7376,-9588,10464,4,102,-203,-13540,4332,6144,-992,182,-143,-13920,-5332,6292,-467,144,-60,0
457.8202631473541,8524,6612,11236,-191,-126,128,7284,-9552,10124,-250,81,-213,-13656,4588,5660,-769,181,-172,-13880,-5280,6352,-450,213,-90,0
457.855651140213,8592,6716,11464,-177,-197,135,7320,-9736,10188,15,119,-212,-13824,4564,5996,-775,151,-90,-13988,-5172,6224,-475,186,-72,0
457.891263961792,8548,6732,11444,-167,-142,153,7420,-9540,10152,-12,100,-195,-13612,4148,6072,-1006,143,-121,-13660,-5196,6344,-488,158,-96,0
457.9273459911347,8568,6768,11176,-177,-154,135,7296,-9584,10316,-21,97,-205,-13636,4160,5968,-998,143,-92,-13864,-5200,6228,-487,162,-114,0
457.96219110488886,8600,6708,11212,-138,-119,118,7304,-9516,10076,-8,110,-184,-13640,4324,5920,-995,88,-123,-13836,-5264,6236,-503,153,-105,0
457.9978289604187,8664,6692,11420,-129,-95,121,7456,-9488,10104,-21,135,-175,-13756,4124,5920,-1014,88,-112,-14080,-5252,6240,-506,158,-133,0
458.0330901145935,8620,6760,11140,-99,-71,91,7288,-9276,10084,-43,143,-171,-13816,4320,6004,-1010,93,-39,-13932,-5104,6356,-262,135,-142,0
458.0693781375885,8696,6728,11204,-127,-51,100,7320,-9460,10140,-17,137,-185,-13552,4592,6048,-1000,102,-100,-13872,-5180,6264,-516,125,-142,0
458.1045789718628,8624,6700,11212,-126,-29,90,7224,-9576,10208,-68,131,-162,-13576,4296,5884,-991,105,-60,-13960,-5244,6344,-475,130,-134,0
458.140398979187,8728,6760,11240,-90,-62,76,7248,-9560,10128,-62,128,-160,-13608,4300,6120,-986,40,-40,-13968,-5228,6344,-529,109,-168,0
458.1755681037903,8620,6636,11084,-90,-14,51,7256,-9540,10168,-38,149,-144,-13664,4264,5804,-1036,45,-82,-13936,-5288,6368,-523,121,-171,0
458.21111011505127,8612,6784,11180,-87,-19,82,7264,-9608,10036,-20,99,-137,-13508,4240,5988,-1003,34,-101,-13948,-5304,6612,-492,88,-164,0
458.24706292152405,8684,6812,11280,-55,-28,60,7332,-9652,10216,-85,150,-138,-13576,4252,5964,-979,70,-96,-13828,-5236,6332,-511,111,-165,0
458.2821960449219,8516,6632,11204,-111,-21,70,7340,-9576,10232,-40,119,-164,-13564,4344,5928,-972,41,-31,-13816,-5188,6200,-489,135,-134,0
458.3178651332855,8528,6684,11172,-44,-38,80,7344,-9452,10200,-82,124,-143,-13552,4224,6012,-968,65,-78,-13888,-5292,6472,-519,124,-158,0
458.3533201217652,8560,6808,11248,-70,-28,88,7264,-9612,10108,-62,128,-132,-13524,4384,5880,-991,90,-52,-13804,-5216,6364,-505,80,-143,0
458.3887119293213,8560,6720,11228,-90,-23,83,7320,-9628,10208,-84,148,-155,-13544,4380,5980,-1004,61,-68,-13916,-5224,6328,-760,130,-148,0
458.42377996444696,8844,6752,11016,-47,-53,79,7256,-9600,10180,-57,136,-159,-13568,4340,5688,-1010,84,-113,-13880,-5212,6164,-522,106,-171,0
458.45913195610046,8632,6760,11192,-96,-76,66,7168,-9604,10432,-37,119,-170,-13560,4292,6140,-1002,81,-105,-13880,-5208,6380,-517,144,-154,0
458.492849111557,8520,6728,11140,-75,-70,79,7284,-9620,10100,-88,134,-196,-13568,4368,5968,-998,107,-95,-13868,-5180,6456,-521,116,-161,0
458.526584148407,8560,6804,11024,-57,-94,62,7312,-9612,10192,-79,129,-191,-13436,4308,5952,-974,115,-65,-13956,-5340,6348,-529,111,-163,0
458.56003093719477,8652,6684,11172,-82,-79,73,7364,-9572,10128,-70,157,-165,-13568,4544,5648,-997,98,-70,-13860,-5168,6300,-265,109,-152,0
458.59343099594116,8480,6692,11424,-76,-94,63,7332,-9560,10344,-60,143,-151,-13540,4372,5980,-1041,78,-105,-13832,-5252,6372,-509,117,-160,0
458.6270260810852,8600,6868,10876,-100,-71,95,7296,-9564,10068,-95,131,-137,-13644,4268,6232,-1057,74,-88,-13896,-5408,6296,-519,116,-135,0
458.6605451107025,8300,6792,11124,-87,-93,66,7272,-9640,10132,-76,158,-174,-13484,4572,6124,-1020,28,-67,-13932,-5244,6176,-501,151,-131,0
458.69405794143677,8584,6704,11212,-121,-98,93,7396,-9616,10168,-70,161,-179,-13344,4340,6036,-984,13,-55,-14056,-5360,6332,-489,169,-163,0
458.72766494750977,8452,6716,11248,-116,-92,88,7188,-9644,9912,-26,160,-168,-13568,4356,5700,-1032,34,-58,-13596,-5228,6548,-496,184,-144,0
458.76131796836853,8412,6800,11032,-70,-28,93,7364,-9580,10316,-39,67,-156,-13564,4256,5984,-1059,63,-92,-13900,-5180,6376,-420,225,-105,0
458.7949221134186,8452,6744,11196,-82,-43,85,7216,-9580,10136,-38,120,-170,-13572,4392,5932,-1082,59,-132,-13832,-5232,6368,-393,180,-89,0
458.82807898521423,8616,6860,11392,-96,-137,116,7224,-9660,10092,-29,160,-155,-13544,4308,6008,-1041,79,-81,-13880,-5344,6284,-462,111,-119,0
458.8617091178894,8580,7076,11064,-232,-120,99,7316,-9580,10108,-88,179,-159,-13500,4260,6084,-941,15,-59,-13584,-5268,6392,-526,233,-134,0
458.8949830532074,8528,6852,11048,-252,-204,100,7276,-9660,10132,-19,244,-156,-13776,4580,6004,-957,-252,-61,-13912,-5220,6164,-335,262,-121,0
458.9287450313568,8464,6660,11160,-184,-161,57,7260,-9688,10032,59,496,-154,-13772,4312,6012,-1090,17,-93,-13860,-5244,6284,-298,334,-107,0
458.96213006973267,8564,6792,11252,-198,-171,91,7272,-9600,10160,82,249,-158,-13632,4104,5668,-1128,33,-139,-13868,-5316,6144,-365,235,-88,0
458.9957389831543,8636,6660,11168,-186,-240,86,7296,-9684,10392,57,290,-170,-13596,4332,6284,-1059,25,-142,-13888,-5444,6256,-315,315,-81,0
459.02917313575745,8596,6844,11120,-299,-210,101,7336,-9564,10184,102,284,-211,-13456,4144,6060,-1084,54,-150,-13968,-5268,6308,-229,437,-31,0
459.0625491142273,8652,6796,11040,-289,-281,142,7308,-9488,10252,104,267,-175,-13376,4292,6304,-1113,85,-120,-13840,-5268,6320,-1,472,-49,0
459.09611701965326,8600,6780,11284,-399,-325,131,7128,-9512,10140,119,307,-173,-13496,4356,5956,-1079,43,-104,-13836,-5316,6404,49,592,-1,0
459.1297791004181,8244,6864,10904,-354,-266,106,7108,-9588,10364,106,298,-185,-13488,4308,6072,-1108,125,-163,-13596,-5156,5944,75,897,-6,0
459.1631360054016,8616,6720,11044,-483,-114,168,7168,-9580,10428,156,313,-209,-13528,4284,6232,-1084,148,-249,-14004,-5100,5960,495,1264,70,0
459.19689893722534,8904,6764,11032,-715,-154,162,7148,-9536,10348,198,355,-224,-13436,4124,6284,-1041,106,-23,-13908,-5180,5724,831,1777,129,0
459.2304849624634,8652,6596,11216,-1021,2,216,7116,-9472,10340,360,401,-160,-13700,4276,5892,-931,84,-235,-14036,-5368,6108,-104,1504,61,0
459.2640030384064,8720,6704,11196,-1240,171,223,7248,-9488,10228,230,341,-177,-13592,4200,5736,-1072,193,-168,-14068,-5004,6100,136,513,103,0
459.29761815071106,8576,6560,11336,-441,31,183,7176,-9488,10256,-170,221,-244,-13696,4452,6112,-895,244,-170,-14024,-4904,6124,-89,72,66,0
459.33104705810547,8560,6452,11420,-399,-231,177,7304,-9576,10136,-124,104,-189,-13368,4228,5636,-897,208,-174,-14096,-4948,5916,-120,149,77,0
459.3646819591522,8672,6508,11404,-493,-344,150,7308,-9500,10124,-134,290,-203,-13632,4144,6048,-913,230,-212,-14108,-5048,5948,-137,64,87,0
459.3978850841522,8512,6500,11456,-435,-345,148,7192,-9388,10260,-232,330,-175,-13656,4296,6100,-870,190,-127,-13968,-5012,6188,-338,-30,10,0
459.4315190315246,8696,6432,11436,-484,-408,112,7120,-9524,10244,-201,370,-190,-13584,4604,6024,-852,142,-98,-13960,-4992,6224,-421,43,-15,0
459.4646670818329,8600,6408,11348,-432,-333,123,7056,-9588,10212,-89,313,-204,-13556,4396,5992,-925,167,-104,-13988,-4944,6220,-433,130,-31,0
459.5023360252381,8764,6624,11156,-241,-385,101,7112,-9720,10084,-89,316,-213,-13408,4292,5916,-938,103,-141,-14096,-4980,6244,-541,96,-63,0
459.53810000419617,8736,6332,11272,-116,-435,123,7108,-9572,10208,-39,203,-263,-13388,4364,5924,-877,41,-151,-14244,-4628,6120,-453,174,-98,0
459.57369804382324,8784,6428,11320,-141,-345,119,7084,-9504,10492,36,105,-257,-13348,4316,6012,-982,78,-100,-14080,-4920,6380,-423,35,-127,0
459.60964798927307,8624,6460,11012,-18,-360,111,7420,-9568,10000,-62,158,-256,-13584,4208,6044,-957,76,-98,-13844,-4656,6336,-484,61,-150,0
459.6450679302216,8892,6424,11232,55,-292,97,7148,-9468,10176,-117,138,-202,-13660,4332,5948,-924,52,-64,-14316,-4864,5944,-280,63,-160,0
459.6811680793762,8808,6432,11172,29,-175,23,7160,-9488,9992,-96,149,-181,-13636,4208,5900,-871,-2,-18,-14068,-4936,6028,-503,69,-135,0
459.7172551155091,9084,6560,11096,22,-267,5,7204,-9460,10244,-144,190,-207,-13616,4136,5980,-828,46,-56,-14076,-4992,5988,-566,-15,-82,0
459.75217413902277,8800,6628,11148,227,-424,-13,7148,-9528,10288,-220,92,-204,-13504,4240,6100,-867,188,30,-14168,-4684,6184,-480,-31,-98,0
459.7878019809723,8620,6524,11440,72,-197,23,7384,-9536,10228,-58,68,-190,-13808,4568,6060,-940,161,-25,-14100,-4808,6316,-432,-239,-97,0
459.8226001262665,8816,6568,11092,-3,-92,35,7100,-9492,10264,-125,146,-176,-13492,4324,6076,-887,90,-26,-13948,-4964,6204,-422,27,-111,0
459.8587820529938,8952,6544,11100,-36,-88,21,7136,-9572,10148,-140,162,-124,-13672,4272,6028,-787,71,-49,-14032,-4904,6204,-482,-15,-153,0
459.89389991760254,8812,6588,11224,-22,-91,2,7144,-9580,10004,-123,99,-124,-13576,4316,5976,-746,68,-39,-14092,-5040,6232,-522,-112,-122,0
459.9297299385071,8836,6680,11092,21,-30,7,7064,-9544,10328,-202,140,-121,-13488,4388,5988,-660,100,-8,-13904,-4992,6336,-461,-15,-28,0
459.964851140976,8728,6572,11208,-26,-117,93,7088,-9632,10340,-172,76,-194,-13484,4312,6032,-734,156,-113,-13996,-4952,6264,-259,66,-80,0
459.9997911453247,8864,6480,11012,8,-157,56,6988,-9584,10228,-121,134,-215,-13616,4276,5892,-1020,151,-65,-14168,-4956,6220,-526,10,-92,3
460.0360159873963,8864,6588,11144,-10,-86,65,7164,-9576,10320,-124,127,-215,-13504,4604,6004,-1013,73,-51,-13840,-4916,6164,-444,23,-93,3
460.0718331336975,8836,6612,11096,-111,-59,77,7096,-9672,10080,-115,76,-182,-13516,4412,5944,-797,134,-84,-14040,-5080,6308,-521,-23,-114,3
460.10777711868286,8836,6556,11104,-50,-78,61,7208,-9652,10356,-110,90,-168,-13748,4540,5976,-738,83,-72,-13884,-4944,6328,-569,-94,-170,3
460.1432819366455,8896,6596,11212,-26,-38,78,7044,-9676,10248,-178,97,-136,-13680,4380,5948,-598,254,-82,-13904,-4936,6392,-577,-75,-170,3
460.17693614959717,8664,6608,11268,31,-114,35,7192,-9788,10164,-257,132,-168,-13496,4428,5732,-586,-36,-71,-14124,-4912,6300,-801,-139,-228,3
460.21051597595215,8748,6548,11132,77,-166,31,6932,-9676,10400,-173,98,-170,-13536,4512,5836,-693,38,-33,-14024,-4884,6328,-795,-198,-237,3
460.2441599369049,8760,6640,11100,55,-39,54,7120,-9656,10252,-78,101,-164,-13548,4504,5936,-700,26,-79,-13944,-5052,6272,-821,-104,-233,3
460.27772402763367,8596,6668,11092,104,-39,81,7116,-9612,10008,-52,71,-188,-13452,4156,6348,-835,41,-151,-13976,-4984,6264,-952,-89,-271,0
460.3112530708313,8804,6740,11444,129,-165,57,7412,-9476,10404,-70,127,-234,-13452,4408,5908,-969,68,-148,-14008,-4992,6412,-841,69,-273,0
460.34447503089905,8832,6736,10852,35,-58,100,7056,-9568,10232,-81,104,-217,-13628,4484,5876,-920,65,-113,-14140,-5060,6232,-721,105,-193,0
460.37806296348566,8972,6672,11156,12,-256,111,6996,-9616,10316,-75,43,-157,-13580,4392,5996,-938,61,-32,-14000,-5024,6248,-749,49,-195,0
460.4116890430451,8768,6804,10796,-23,59,103,7044,-9656,10148,-29,-18,-142,-13460,4436,5964,-1042,103,-51,-13940,-5064,6388,-745,-57,-168,0
460.4454071521759,8820,6720,11440,-13,255,99,7084,-9624,9996,-19,13,-191,-13556,4416,5824,-1035,101,-64,-13996,-5048,6280,-734,11,-207,0
460.4790050983429,8948,6808,10968,-69,-49,89,7080,-9628,10160,2,43,-194,-13720,4488,5972,-988,119,-91,-13872,-5060,6268,-696,25,-212,0
460.51246213912964,8716,6728,11196,-77,16,90,7228,-9696,10168,3,26,-193,-13536,4472,5912,-1064,162,-118,-14008,-5124,6220,-737,65,-128,0
460.5461320877075,8456,6808,11096,-109,-51,119,7188,-9628,10112,49,67,-218,-13320,4444,5744,-1021,176,-131,-13852,-5128,6304,-669,106,-116,0
460.5798890590668,8724,6768,10952,-132,-30,151,7180,-9556,10136,75,23,-201,-13528,4448,5868,-1007,211,-146,-14008,-5088,6264,-587,154,-100,0
460.6135160923004,8656,6780,11240,-168,-49,155,6948,-9704,10188,55,80,-226,-13580,4456,6068,-1046,212,-89,-13924,-5260,6260,-591,163,-68,0
460.64690399169916,8724,6724,11288,-161,-143,178,7100,-9548,10120,30,38,-181,-13532,4448,5940,-1009,216,-120,-13696,-5172,6340,-574,166,-104,0
460.6805579662323,8740,6676,11140,-196,-128,137,7196,-9600,10120,36,67,-199,-13516,4512,5964,-983,180,-126,-13880,-5344,6260,-566,128,-76,0
460.7138819694519,8648,6760,11136,-171,-137,150,7196,-9624,10344,52,93,-221,-13456,4432,6032,-779,168,-183,-13940,-5168,6152,-621,148,-111,0
460.74763107299805,8744,6796,11024,-158,-97,178,7412,-9604,9988,95,36,-206,-13480,4548,5960,-1074,266,-140,-13832,-4968,6376,-613,99,-72,0
460.7812781333924,8688,6720,10968,-167,-105,199,7232,-9660,10244,121,60,-219,-13616,4392,5964,-1064,258,-136,-14052,-5132,6316,-542,175,-76,0
460.81498312950134,8896,6776,11256,-216,-96,173,7284,-9620,10256,119,71,-188,-13512,4460,5904,-1097,244,-110,-13944,-5328,6352,-548,153,-77,0
460.84857296943665,8804,6776,11048,-213,-114,167,7352,-9544,10192,88,25,-199,-13536,4408,5888,-1074,229,-117,-13912,-5112,6384,-638,125,-62,0
460.8820230960846,8724,6784,11180,-184,-165,178,7264,-9628,10468,73,60,-190,-13372,4404,5924,-1058,217,-134,-13924,-5052,6412,-566,143,-64,0
460.9152610301972,8784,6656,11096,-199,-122,167,7276,-9600,10224,94,86,-210,-13640,4432,5936,-1106,212,-159,-14644,-5208,6568,-434,178,-101,0
460.9490380287171,8900,6600,11460,-209,-98,183,7216,-9572,10220,100,79,-198,-13528,4480,5804,-1111,264,-148,-13984,-5052,6340,-550,124,-97,0
460.9825220108033,8932,6672,11096,-209,-51,166,7208,-9572,10204,83,49,-207,-13528,4384,6064,-1095,276,-75,-13896,-4872,6652,-549,116,-64,0
461.01608896255493,8484,6648,11180,-216,-93,214,7336,-9724,10076,86,41,-215,-13532,4372,5660,-1055,249,-127,-13852,-5168,6268,-525,155,-99,0
461.0500180721283,8852,6644,11168,-156,-92,166,7228,-9488,10316,63,41,-216,-13600,4600,5860,-1153,240,-101,-13940,-5128,6376,-522,154,-78,0
461.0837099552155,8760,6668,11168,-190,-130,155,7208,-9268,10220,82,91,-217,-13768,4348,5804,-1178,209,-128,-13924,-5080,6200,-525,190,-76,0
461.11730909347534,8784,6668,10992,-135,-150,175,7300,-9488,10212,83,88,-223,-13592,4472,5820,-1123,205,-179,-13836,-5092,6344,-522,131,-90,0
461.1527941226959,8788,6752,11080,-171,-103,131,7320,-9504,10172,78,93,-219,-13568,4396,5644,-1137,494,-116,-14012,-5324,6332,-525,153,-105,0
461.18869996070856,8856,6736,10880,-173,-95,158,7252,-9532,10336,34,107,-216,-13640,4316,5776,-1101,225,-132,-13940,-4904,6148,-527,113,-103,0
461.2242331504822,8728,6900,11048,-139,-82,147,7244,-9492,10304,11,83,-156,-13672,4392,5828,-1112,173,-68,-13936,-4900,6344,-550,84,-134,0
461.259654045105,8928,6876,11180,-144,-72,123,7252,-9476,10200,57,56,-177,-13612,4288,6008,-1141,237,-107,-13872,-5220,6300,-529,69,-128,0
461.29471611976624,8716,6712,10976,-70,-14,130,7252,-9496,10216,-42,65,-182,-13696,4592,5860,-1108,208,-87,-13908,-5112,6372,-496,112,-114,0
461.3301639556885,8752,6652,11120,-160,-98,92,7332,-9700,10216,-38,115,-200,-13720,4360,5816,-1068,213,-75,-13888,-4872,6344,-538,122,-130,0
461.3655951023102,8824,6636,11088,-104,-20,114,7348,-9520,10064,-23,118,-144,-13804,4108,5852,-1062,172,-60,-13904,-5152,6316,-502,83,-157,0
461.40191411972046,8788,6728,11064,-137,39,98,7344,-9480,10180,-37,130,-126,-13536,4132,5960,-1094,185,-70,-13840,-4952,6392,-521,32,-147,0
461.43807792663574,8728,6404,11160,-128,14,84,7356,-9544,10268,-66,85,-131,-13668,4416,5812,-1120,196,-29,-13888,-5140,6424,-511,51,-136,0
461.4736289978028,8672,6668,11072,-79,13,96,7320,-9572,10220,-61,119,-164,-13652,4300,5828,-1145,160,-77,-13936,-5124,6328,-533,106,-142,0
461.5087699890137,8780,6600,11104,-115,-45,97,7276,-9452,10136,-41,97,-165,-13628,4380,5788,-1123,195,-69,-13880,-5136,6332,-516,93,-131,0
461.5448091030121,8460,6756,11096,-135,-59,94,7184,-9440,10136,-42,92,-181,-13568,4260,5888,-1069,146,-64,-13992,-5352,6232,-495,121,-140,0
461.58073496818537,8672,6628,11024,-130,-55,70,7328,-9268,10352,-54,94,-156,-13640,4108,5648,-1030,126,-62,-14008,-4876,6416,-497,44,-126,0
461.6156289577484,8752,6696,11132,-163,-35,104,7360,-9600,10096,-49,124,-168,-13680,4408,5784,-1145,133,-42,-13572,-5080,6652,-490,65,-151,0
461.65156292915344,8696,6660,11116,-126,-8,101,7280,-9540,10332,-11,129,-144,-13644,4348,5952,-1103,152,-91,-14004,-4880,6404,-480,42,-165,0
461.68756198883057,8740,6892,11204,-99,-25,121,7236,-9512,10116,-33,115,-167,-13720,4372,5632,-1074,110,-72,-13904,-5072,6332,-444,67,-147,0
461.72300004959106,8744,6648,11132,-114,-35,104,7244,-9480,10468,-66,158,-155,-13624,4308,5868,-1053,56,-22,-13880,-5340,6364,-413,90,-124,0
461.76523113250727,8928,6908,11176,-103,-102,118,7312,-9580,10076,-2,104,-175,-13680,4208,6100,-1041,50,-51,-14036,-5048,6188,-439,160,-100,0
461.8024520874024,8748,6604,11100,-132,-15,121,7300,-9548,10196,9,151,-142,-13600,4340,5800,-1037,33,-110,-14064,-5284,6440,-437,147,-135,0
461.83611702919006,8844,6904,11136,-123,32,113,7280,-9524,10204,-15,158,-147,-13648,4464,5812,-1080,74,-55,-13940,-5120,6452,-446,167,-157,0
461.8692810535431,8720,6784,11144,-162,-52,66,7208,-9404,10196,253,102,-172,-13596,4280,5948,-994,47,-67,-13828,-5136,6444,-483,138,-153,0
461.9024789333344,8472,6748,11020,-109,-12,91,7376,-9524,10252,-41,127,-160,-13620,4116,5880,-1039,26,-28,-13988,-5044,6348,-394,134,-150,0
461.93609499931335,8724,6680,11136,-156,-6,97,7320,-9320,10160,18,145,-155,-13712,4424,6076,-1086,12,-69,-13888,-5248,6444,-459,158,-162,0
461.96929693222046,8768,6688,10760,-162,-48,97,7272,-9532,10140,32,159,-160,-13624,4376,5892,-1010,24,-88,-13804,-5092,6596,-481,140,-161,0
462.0028719902038,8460,6900,11420,-123,-17,102,7224,-9664,10080,-11,141,-149,-13588,4284,5896,-993,55,-72,-13844,-4888,6144,-521,50,-156,0
462.0365719795227,8680,6660,11448,-81,-65,79,7452,-9584,10160,-47,158,-154,-13588,4288,5820,-983,65,-75,-13896,-5172,6484,-498,142,-130,0
462.07007694244385,8684,6420,11200,-134,-25,101,7252,-9464,10200,-34,133,-171,-13580,4408,5672,-982,95,-69,-13832,-5136,6600,-466,155,-115,0
462.1036789417267,8956,6708,11200,-116,-42,103,7196,-9464,10060,-42,136,-169,-13576,4368,5784,-978,73,-47,-13868,-4956,6476,-502,125,-132,0
462.1371920108795,8692,6860,11168,-120,-54,64,7240,-9492,10200,-28,161,-165,-13616,4396,5696,-971,128,-93,-13884,-5216,6552,-523,107,-157,0
462.1705050468445,8472,6736,11212,-106,-58,96,7268,-9560,10372,-55,137,-186,-13576,4304,5796,-915,115,-127,-13908,-4984,6640,-489,132,-154,0
462.2042429447174,8600,6660,11232,-103,-43,92,7300,-9552,10200,-62,134,-201,-13616,4420,6004,-908,128,-121,-13960,-5064,6380,-560,186,-135,0
462.2378959655762,8680,6828,11032,-117,-62,99,7204,-9720,10176,-26,131,-196,-13568,4352,5784,-921,167,-129,-13780,-5116,6580,-573,199,-140,0
462.27128791809076,8600,6692,10980,-85,-77,117,7344,-9516,10136,-42,127,-187,-13664,4284,5780,-917,181,-101,-13828,-5168,6484,-548,160,-85,0
462.30485796928406,8692,6868,11380,-127,-86,91,7384,-9604,10208,-4,143,-188,-13716,4604,5856,-924,178,-86,-13956,-5104,6516,-515,180,-95,0
462.3385040760041,8684,6764,11124,-179,-83,107,7308,-9584,10236,31,168,-174,-13692,4560,5656,-925,176,-132,-13968,-5120,6332,-265,174,-70,0
462.3719470500946,8612,6772,11228,-155,-119,144,7220,-9584,10492,55,158,-206,-13692,4504,5728,-946,191,-152,-13820,-5228,6620,-531,186,-51,0
462.4053499698639,8648,6624,11232,-143,-186,171,7292,-9540,10280,-17,109,-233,-13568,4316,5736,-945,189,-164,-13604,-5164,6648,-547,222,-86,0
462.4390270709992,8668,6708,11024,-124,-174,128,7264,-9516,10204,-63,125,-228,-13652,4556,5680,-915,185,-150,-13824,-5128,6584,-523,199,-62,0
462.4724340438843,8696,6704,11104,-153,-182,127,7356,-9412,10236,-24,151,-191,-13544,4316,5860,-945,192,-146,-13852,-4968,6428,-505,209,-79,0
462.5060329437256,8712,6696,11252,-206,-167,163,7276,-9700,9996,32,150,-249,-13400,4120,5644,-969,212,-162,-13864,-5104,6444,-466,237,-48,0
462.5399069786072,8776,6684,11064,-183,-135,142,7312,-9536,10196,57,122,-225,-13680,4120,5876,-983,203,-186,-13876,-5152,6376,-479,246,-81,0
462.5733969211579,8744,6508,11300,-180,-178,160,7176,-9404,10412,42,115,-263,-13684,4332,5776,-939,196,-169,-13904,-5116,6380,-477,256,-39,0
462.6069221496582,8724,6660,11260,-199,-202,155,7248,-9552,10220,16,139,-223,-13620,4232,5776,-956,197,-154,-13896,-5032,6384,-483,225,-38,0
462.64027404785156,8812,6744,11324,-192,-205,171,7320,-9692,10116,5,96,-206,-13724,4372,5684,-1006,201,-114,-13992,-5100,6352,-471,139,-71,0
462.673681974411,8832,6652,11032,-180,-205,146,7316,-9544,10252,20,123,-186,-13636,4316,5736,-1277,145,-92,-13896,-5120,6340,-451,157,-93,0
462.70743203163147,8744,6728,11184,-189,-130,153,7308,-9420,10236,16,134,-172,-13608,4276,5872,-971,145,-121,-13984,-5228,6444,-469,159,-59,0
462.7411849498749,8808,6704,10916,-166,-118,111,7340,-9432,10144,-42,150,-185,-13596,4380,5600,-930,113,-99,-13936,-5304,6336,-459,208,-74,0
462.77476811408997,8732,6872,11188,-214,-154,139,7232,-9224,10044,-2,132,-225,-13652,4388,5612,-975,117,-142,-13996,-5032,6508,-422,242,-44,0
462.80823612213135,8776,6652,11504,-188,-167,141,7348,-9676,10000,8,75,-193,-13616,4436,5848,-969,81,-78,-13812,-5072,6180,-427,178,-69,0
462.8444380760193,8732,6508,11184,-168,-154,140,7364,-9464,10360,-27,134,-158,-13636,4244,5884,-955,73,-97,-13864,-4964,6524,-459,167,-95,0
462.8799641132355,8696,6632,11148,-181,-138,125,7332,-9584,10052,-54,116,-207,-13764,4300,5872,-932,70,-142,-13864,-4868,6304,-444,231,-80,0
462.9156880378723,8764,6424,11120,-157,-163,116,7348,-9472,10168,-59,108,-198,-13644,4408,5864,-959,74,-88,-14116,-5012,6400,-497,217,-105,0
462.950786113739,8724,6616,10960,-126,-150,101,7296,-9508,10168,-61,120,-191,-13320,4100,5724,-959,65,-131,-13848,-5044,6520,-497,265,-138,0
462.9862370491028,8712,6612,10968,-106,-87,119,7324,-9440,10144,-112,85,-198,-13612,4336,5704,-949,61,-74,-13932,-5116,6392,-476,185,-111,0
463.02252411842346,8776,6580,11020,-142,-80,94,7320,-9272,10252,-77,111,-160,-13752,4568,5936,-945,45,-25,-13928,-5056,6344,-500,161,-150,0
463.0586769580841,8772,6584,11088,-139,-11,84,7356,-9564,10172,-70,131,-155,-13728,4272,5828,-973,34,-70,-13972,-4956,6584,-498,179,-168,0
463.0942199230194,8796,6660,11252,-99,-17,86,7400,-9556,10320,-40,141,-137,-13776,4372,5768,-986,25,-80,-13624,-5076,6592,-542,153,-139,0
463.12946605682373,8804,6704,11096,-93,-46,73,7320,-9556,10180,-85,130,-164,-13616,4384,5708,-961,73,-55,-13648,-5076,6360,-507,116,-161,0
463.1651449203491,8676,6604,11124,-67,-40,55,7400,-9580,10168,-89,116,-186,-13648,4448,5824,-946,26,-67,-13848,-5332,6488,-528,109,-157,0
463.20070505142206,8692,6624,11032,-104,-39,41,7344,-9512,10100,-115,189,-135,-13824,4372,5824,-944,47,-70,-13932,-5096,6240,-518,99,-174,0
463.2361550331116,8568,6676,11088,-62,254,60,7192,-9524,10252,-53,136,-165,-13388,4524,5772,-965,48,-68,-13888,-4924,6148,-530,119,-161,0
463.27209997177124,8768,6652,11116,-99,-32,70,7288,-9612,10164,-58,99,-138,-13552,4280,5876,-955,98,-58,-13912,-5052,6288,-500,118,-158,0
463.3081750869751,8748,6704,11072,-132,-10,72,7352,-9400,10216,-95,113,-153,-13660,4460,6004,-933,107,-90,-13932,-5020,6392,-513,121,-103,0
463.34370493888855,8760,6672,11008,-64,-71,76,7284,-9532,10012,-93,139,-163,-13772,4308,5932,-991,60,-58,-13916,-5096,6364,-544,154,-161,0
463.3798000812531,8828,6836,11188,-107,-18,75,7600,-9628,10184,-30,197,-149,-13588,4472,5740,-1032,52,-62,-13920,-4908,6596,-517,128,-175,0
463.4146120548249,8708,6740,11020,-61,-19,52,7364,-9564,10000,-49,149,-141,-13604,4512,6060,-1002,62,-74,-13980,-5136,6492,-508,79,-128,0
463.4502260684967,8872,6616,11108,-73,-43,39,7348,-9656,10056,-54,186,-151,-13692,4324,5656,-1015,59,-93,-13904,-5028,6628,-447,86,-175,0
463.48757100105286,8808,6600,11284,-93,-10,56,7288,-9644,10088,-26,183,-142,-13548,4532,5700,-1005,86,-63,-13976,-5052,6520,-484,82,-186,0
463.5211300849915,8588,6772,11184,-79,5,83,7348,-9528,10024,-31,147,-130,-13604,4452,5836,-1042,80,-48,-13880,-5036,6520,-457,118,-194,0
463.5545289516449,8452,6656,11228,-112,11,83,7260,-9572,10192,-36,174,-126,-13824,4452,5792,-1015,85,-89,-13956,-5192,6556,-470,81,-185,0
463.58820700645447,8684,6616,11072,-101,-73,56,7292,-9596,10156,-52,245,-162,-13540,4492,5828,-1059,74,-115,-13880,-5112,6420,-456,141,-148,0
463.621817111969,8660,6716,11100,-66,-24,74,7264,-9620,10312,-27,140,-171,-13656,4368,5820,-1075,59,-142,-13936,-5088,6488,-479,154,-158,0
463.6550099849701,8608,6480,11156,-124,-49,104,7208,-9552,10144,16,123,-183,-13572,4416,5976,-1087,101,-109,-13704,-5080,6448,-464,189,-136,0
463.6886260509491,8648,6700,11088,-104,-28,109,7404,-9592,10160,21,150,-161,-13520,4408,5948,-1048,124,-121,-13964,-5316,6636,-430,208,-106,0
463.72234296798706,8648,6756,11072,-109,-61,94,7380,-9604,10172,-256,95,-169,-13680,4352,5764,-1063,118,-81,-13972,-5292,6476,-424,166,-113,0
463.7560820579529,8564,6764,11080,-98,-11,74,7204,-9584,10084,-3,139,-157,-13732,4372,5880,-1094,105,-82,-14064,-5060,6396,-403,174,-123,0
463.7897779941559,8696,6832,11408,-120,-54,95,7328,-9648,9984,-28,159,-141,-13608,4300,6036,-1076,97,-93,-13876,-5196,6436,-387,197,-90,0
463.82340812683105,8684,6896,11408,-120,-51,110,7336,-9268,10204,-18,114,-140,-13332,4316,6068,-1097,113,-116,-13868,-5164,6332,-394,240,-115,0
463.8571209907532,8744,6708,11008,-202,677,57,7296,-9508,10272,7,150,-157,-13640,4276,5764,-1100,153,-137,-14040,-5108,6532,-374,296,-110,0
463.89053893089294,8464,6708,11468,-201,-35,97,7208,-9532,10488,57,210,-151,-13652,4284,5772,-1150,148,-83,-13872,-5136,6500,-360,371,-69,0
463.92410802841187,8572,6720,11040,-182,-69,152,7244,-9656,10308,73,155,-184,-13588,4364,5876,-1200,208,-113,-13956,-5376,6552,-346,347,-17,0
463.95769906044006,8700,6672,11040,-147,-120,147,7208,-9552,10196,68,131,-183,-13616,4152,5668,-1234,231,-159,-14012,-5160,6188,-364,360,-45,0
463.9912459850311,8640,6896,11408,-168,-92,148,7184,-9612,10220,95,166,-244,-13628,4288,5664,-1199,253,-161,-13948,-5104,6464,-380,441,-69,0
464.02478408813477,8536,6808,11124,-223,-107,125,7172,-9516,9984,58,167,-226,-13652,4292,5744,-1193,247,-175,-13952,-5284,6432,-368,478,-98,0
464.0583939552307,8824,6688,11316,-204,-97,152,7292,-9516,10152,83,169,-172,-13612,4292,5828,-1202,327,-193,-14064,-5080,6436,-400,455,-87,0
464.09217715263367,8744,6628,11152,-219,-68,189,7220,-9592,10440,111,136,-197,-13716,4304,5824,-1330,369,-182,-14060,-5048,6316,-423,444,-39,0
464.12578892707825,8612,6692,11120,-188,-66,168,7252,-9416,10236,106,115,-182,-13648,4292,5968,-1025,353,-160,-13988,-5060,6248,-371,391,-31,0
464.1589789390564,8732,6788,11080,-188,-127,186,7348,-9484,10288,87,130,-210,-13736,4200,5940,-1235,331,-188,-13944,-5044,6296,-427,351,-58,0
464.192645072937,8664,6696,11136,-227,-150,169,7300,-9512,10100,90,159,-221,-13668,4264,5668,-1241,322,-167,-13900,-4976,6216,-415,377,-62,0
464.22635293006897,8724,6748,11028,-197,-133,175,7300,-9620,10208,132,178,-193,-13656,4216,5616,-1284,287,-151,-13980,-4904,6248,-381,356,-68,0
464.2600679397583,8940,6740,11140,-202,-99,168,7356,-9428,10268,143,161,-158,-13772,4272,5864,-1276,206,-161,-14232,-5112,6224,-376,264,-107,0
464.29366397857666,8544,6696,11128,-212,-80,150,7204,-9460,10464,89,145,-160,-13776,4100,5796,-1270,190,-130,-13812,-5100,6228,-383,228,-67,0
464.32736992836,8880,6660,11188,-212,-93,163,7176,-9480,10312,117,146,-201,-13632,4100,5840,-1282,509,-178,-13976,-5052,6160,-463,221,-60,0
464.3608560562134,8644,6680,11096,-187,-155,172,7220,-9472,10612,131,78,-212,-13648,4116,5860,-1236,226,-145,-13872,-5036,6280,-459,247,-63,0
464.39431715011597,8720,6568,11072,-177,-168,182,7252,-9360,10492,92,100,-217,-13680,4128,5708,-1190,212,-135,-14040,-5044,6360,-468,222,-79,0
464.4278690814972,8660,6484,11440,-183,-171,173,7328,-9356,10320,71,109,-217,-13760,4180,5928,-1151,202,-139,-14076,-5060,6392,-432,191,-60,0
464.46139097213745,8944,6752,11100,-194,-146,169,7316,-9420,10396,37,103,-217,-13708,3992,5852,-1146,189,-185,-14128,-4972,6132,-460,132,-104,0
464.49487709999084,8480,6640,11096,-141,-137,124,7344,-9504,10392,254,125,-175,-13724,4132,5464,-1091,165,-102,-13900,-4996,6188,-473,125,-108,0
464.5318191051483,8720,6540,11024,-88,-99,119,7312,-9412,10432,-252,104,-155,-13700,3868,5376,-1069,137,-37,-14004,-4944,6088,-460,74,-106,0
464.5680429935456,8672,6560,11000,-159,-65,112,7372,-9300,10136,-28,131,-157,-13708,4340,5512,-1036,125,-87,-14020,-4896,6232,-458,90,-145,0
464.60315799713135,8784,6592,11300,-145,-36,83,7320,-9616,10268,-15,123,-143,-13744,4028,5720,-1008,104,-102,-14088,-4896,6076,-454,136,-142,0
464.63866996765137,8812,6648,11088,-129,-53,85,7276,-9412,10064,10,114,-156,-13764,4100,5768,-1022,92,-84,-13980,-4968,6296,-452,95,-151,0
464.67375802993774,8708,6680,11196,-73,-49,83,7324,-9360,10020,7,101,-139,-13704,4140,5716,-1040,133,-80,-14060,-5060,6364,-454,115,-132,0
464.7089629173279,8632,6612,11200,-92,-57,89,7200,-9316,10068,-15,143,-178,-13628,4072,5748,-1089,188,-56,-14012,-5108,6208,-456,135,-139,0
464.7446670532227,8696,6728,11112,-106,-38,89,7300,-9372,10352,-32,119,-159,-13724,4236,5812,-1130,151,-96,-13956,-4948,6408,-448,55,-149,0
464.7805190086365,8940,6516,11052,-113,-57,88,7316,-9416,10220,14,114,-149,-13708,4216,5772,-1110,155,-39,-14000,-4964,6212,-478,76,-138,0
464.8158800601959,8692,6632,11080,-129,-26,80,7196,-9328,10444,7,131,-130,-13592,4104,5956,-1065,153,-51,-14048,-5124,6268,-497,69,-156,0
464.8519771099091,8712,6668,11140,-93,-34,87,7204,-9468,10176,-27,146,-140,-13772,3840,5760,-1028,182,-53,-13924,-5088,6292,-449,163,-158,0
464.88763213157654,8704,6512,11376,-140,-49,64,7292,-9460,10356,12,149,-196,-13700,4132,5864,-967,133,-35,-14292,-4964,6408,-486,227,-136,0
464.9224169254303,8688,6568,11364,-156,-39,91,7296,-9388,9992,-1,147,-153,-13732,3860,5752,-998,75,-78,-13996,-4964,6272,-522,251,-133,0
464.9580969810486,8816,6688,11204,-137,-24,65,7280,-9328,10372,10,125,-141,-13668,4188,5692,-1041,26,-42,-14040,-5040,6332,-510,217,-161,0
464.9936249256134,8692,6640,11192,-165,-6,77,7308,-9472,10324,-39,238,-124,-13680,4156,5652,-1041,84,-92,-13920,-4940,6304,-524,135,-185,0
465.0287790298462,8904,6716,11164,-171,-16,81,7280,-9720,10340,-40,179,-145,-13980,4216,5684,-1063,173,-93,-14024,-4992,6256,-538,99,-159,0
465.0647389888764,8460,6692,11096,-121,-55,60,7236,-9432,10272,-253,150,-157,-13640,3940,5676,-1077,192,-84,-13912,-4980,6240,-541,146,-116,0
465.1007180213929,8632,6404,11108,-155,-44,98,7272,-9324,10092,7,105,-188,-13760,4068,5596,-1053,160,-103,-13916,-5036,6276,-524,172,-127,0
465.1353340148926,8556,6632,11256,-157,-81,113,7220,-9392,10384,-5,148,-173,-13720,4348,5704,-1041,130,-140,-13980,-5068,6264,-768,185,-146,0
465.17208194732666,8656,6588,11072,-158,-24,89,7300,-9408,10368,-34,161,-189,-13728,4116,5816,-1014,134,-96,-13940,-5060,6268,-765,165,-143,0
465.205589056015,8716,6872,11324,-170,-38,78,7280,-9424,10428,4,133,-143,-13948,4148,5832,-1017,128,-60,-13892,-5036,6640,-516,181,-167,0
465.23924493789673,8608,6712,11196,-164,-19,102,7224,-9384,10276,-9,127,-147,-13724,4312,5708,-1084,125,-22,-13900,-5084,6288,-469,172,-131,0
465.27292799949646,8508,6656,11176,-149,-57,94,7300,-9444,10312,-49,132,-157,-13676,3860,5808,-1014,115,-44,-13976,-4948,6480,-449,99,-135,0
465.3065769672394,8564,6708,11292,-161,-71,125,7224,-9412,10316,-20,94,-171,-13736,4172,5936,-991,123,-107,-13988,-4988,6436,-505,179,-95,0
465.34010004997253,8596,6608,11216,-122,-60,135,7288,-9444,10268,-24,101,-166,-13748,4092,5656,-1048,78,-86,-13976,-5028,6400,-467,162,-110,0
465.3736879825592,8596,6628,11276,-135,-86,96,7216,-9300,10280,-18,99,-169,-13648,4344,5680,-1280,98,-72,-13928,-5124,6368,-489,231,-145,0
465.4069979190827,8536,6704,11284,-145,-53,105,7360,-9304,10384,-255,116,-190,-13744,4072,5776,-1040,105,-57,-13936,-5104,6332,-456,184,-96,0
465.4402611255646,8600,6696,11232,-158,-71,111,7312,-9384,10076,-32,152,-239,-13720,4088,5588,-1043,112,-66,-13932,-5076,6212,-454,219,-78,0
465.47401595115656,8636,6672,11408,-215,-99,105,7204,-9292,10392,11,147,-199,-13724,4136,5740,-998,111,-80,-13932,-4952,6336,-457,150,-82,0
465.5076670646668,8648,6720,11348,-200,-99,152,7392,-9416,10416,-13,146,-172,-13712,4204,5864,-1061,128,-117,-14072,-4964,6320,-489,132,-34,0
465.54117512702936,8592,6592,11284,-238,-100,161,7220,-9684,10320,66,100,-208,-13720,4136,5844,-1073,203,-158,-13952,-5140,6300,-473,171,-54,0
465.57441306114197,8592,6636,11228,-191,-109,172,7184,-9336,10372,28,72,-215,-13712,4092,5992,-1014,231,-80,-13988,-5128,6348,-501,172,-28,0
465.60793113708496,8664,6680,11276,-161,-109,134,7232,-9400,10296,-3,123,-223,-13748,3916,5888,-965,163,-109,-14064,-5016,6244,-478,278,-60,0
465.64128494262695,8624,6584,11144,-233,-147,122,7236,-9300,10296,23,122,-238,-13664,4156,5520,-973,138,-148,-14080,-4904,6268,-499,277,-76,0
465.6747829914093,8716,6520,11108,-203,-131,129,7328,-9300,10256,-24,136,-210,-13820,4016,5776,-994,118,-136,-14052,-4948,6176,-495,207,-58,0
465.70854210853577,8644,6560,11196,-244,-111,171,7252,-9232,10412,54,90,-194,-13420,4064,5652,-967,170,-126,-13844,-4968,6228,-502,137,-39,0
465.7419970035553,8544,6612,11432,-251,-145,161,7308,-9388,10336,-36,99,-218,-13760,4044,5780,-1000,174,-110,-13880,-5072,6208,-494,192,-32,0
465.7754449844361,8756,6656,11204,-227,-178,176,7200,-9416,10264,20,116,-226,-13784,4132,5644,-1014,187,-99,-14368,-4972,6240,-496,198,-81,0
465.8090889453888,8772,6596,11208,-230,-147,206,7344,-9412,10388,46,111,-216,-13688,4100,5740,-988,163,-114,-13972,-5000,5988,-516,281,-45,0
465.8425860404969,8724,6584,11196,-199,-160,195,7212,-9384,10384,10,69,-237,-13700,4092,5880,-987,146,-151,-13984,-4956,6128,-524,289,-72,0
465.8759961128235,8660,6588,11336,-228,-174,159,7360,-9308,10224,17,87,-204,-13704,4084,5732,-1279,152,-128,-14088,-4956,6248,-445,92,-35,0
465.90948009490967,8920,6492,11164,-223,-114,141,7180,-9392,10380,10,-4,-207,-13716,4184,5712,-1035,204,-122,-13920,-5044,6336,-473,87,-62,0
465.94304609298706,8448,6460,11264,-204,-162,160,7408,-9360,10360,30,99,-192,-13640,4328,5652,-997,106,-146,-14004,-4924,6212,-517,191,-50,0
465.9765419960022,8500,6584,11228,-218,-127,157,7344,-9272,10308,17,120,-262,-13800,4092,5812,-1045,154,-100,-14136,-5080,6328,-398,157,-20,0
466.010046005249,8768,6632,11152,-244,-75,127,7340,-9312,10404,252,72,-195,-13792,3956,5764,-953,156,-100,-13988,-5004,6308,-387,41,-9,0
466.0437469482422,8692,6424,11232,-222,-144,158,7180,-9424,10316,-24,97,-245,-13916,4156,5880,-966,155,-139,-13996,-4936,6204,-534,181,-80,0
466.07705807685846,8500,6576,11388,-200,-209,140,7392,-9296,10352,19,157,-211,-13744,4068,5720,-907,90,-151,-14008,-4880,6384,-439,152,-36,0
466.11064410209656,8784,6472,11288,-178,-148,77,7384,-9404,10348,4,166,-228,-13792,4248,5508,-942,118,-73,-13964,-4744,6312,-468,129,-91,0
466.1438901424408,8596,6476,11132,-144,-181,132,7288,-9316,10244,27,74,-509,-13720,3988,5704,-972,105,-130,-14008,-4952,6312,-535,167,-117,0
466.1769850254059,8672,6580,11220,-149,-162,113,7304,-9304,10220,-14,154,-204,-13648,4092,5588,-979,105,-104,-14008,-4692,6496,-461,157,-114,3
466.21386098861694,8740,6512,11136,-158,-83,81,7276,-9264,10356,-46,198,-207,-13760,4076,5696,-973,122,-85,-14020,-4864,6284,-443,90,-132,3
466.2491760253906,8784,6524,11060,-140,-33,78,7312,-9360,10268,-31,159,-143,-13780,4060,5648,-988,103,-98,-13832,-4936,6216,-510,75,-126,3
466.284392118454,8772,6220,11248,-162,-31,89,7316,-9380,10276,253,151,-138,-13864,4092,5636,-1052,80,-64,-13976,-5068,6284,-481,77,-177,3
466.3201179504395,8768,6572,11324,-143,-42,94,7212,-9240,10320,-2,168,-162,-13748,4056,5832,-1017,109,-85,-14020,-5072,6304,-478,63,-138,3
466.35516715049744,8720,6484,11312,-107,-22,78,7416,-9328,10276,-34,224,-163,-13864,4100,5648,-1010,101,-98,-13880,-5040,6228,-532,111,-183,3
466.3907380104065,8772,6444,11156,-157,-44,65,7328,-9252,10280,-250,206,-144,-13660,4116,5744,-1280,61,-123,-13848,-4880,6312,-535,116,-195,3
466.4262490272522,8716,6492,11252,-101,-248,77,7232,-9280,10276,6,180,-109,-13628,4344,5740,-994,51,-70,-13960,-4956,6328,-549,67,-174,3
466.46197605133057,8676,6560,11284,-110,-9,53,7344,-9308,10360,-36,163,-129,-13740,4156,5768,-991,39,-7,-13992,-4960,6396,-554,75,-230,0
466.4976289272309,8452,6548,11452,-100,-2,66,7308,-9316,10392,-70,194,-139,-13684,4088,5660,-938,41,-90,-14028,-4992,6368,-597,127,-188,0
466.5327970981598,8716,6680,11436,-100,-34,100,7328,-9360,10416,-30,166,-152,-13684,4080,5392,-1025,49,-59,-14028,-5208,6324,-530,166,-158,0
466.56858706474304,8648,6508,11028,-138,-82,73,7276,-9264,10336,-26,121,-194,-13588,4132,5744,-1005,96,-126,-13912,-4968,6624,-548,174,-178,0
466.60365200042725,8732,6548,11124,-95,-15,81,7288,-9400,10312,-25,107,-139,-13756,3916,5736,-1019,98,-116,-14328,-5052,6152,-588,135,-217,0
466.63917207717896,8760,6568,11280,-126,-63,71,7308,-9352,10564,-64,55,-160,-13788,4016,5796,-1000,89,-73,-14048,-4936,6364,-528,88,-156,0
466.6740901470185,8756,6636,11508,-133,21,77,7344,-9432,10360,-93,168,-170,-13984,4340,5708,-942,112,-31,-14012,-4920,6368,-438,87,-135,0
466.7095029354096,8784,6552,11028,-150,-24,105,7360,-9336,10340,-66,166,-131,-13764,4132,5716,-1063,82,-83,-13980,-5096,6492,-521,82,-167,0
466.7447590827942,8624,6636,11136,-147,18,72,7276,-9288,10248,-58,97,-145,-13820,3856,5768,-1047,97,-47,-13920,-5052,6356,-486,55,-141,0
466.7831981182099,8496,6604,11404,-142,15,86,7248,-9368,10372,-56,68,-148,-13696,4100,5720,-964,151,-47,-14040,-4940,6292,-442,105,-114,0
466.8192780017853,8884,6636,11044,-147,-20,91,7352,-9392,10248,-64,80,-164,-13768,4104,5852,-974,147,-35,-13940,-4960,6376,-457,88,-111,0
466.85465812683105,8616,6572,11228,-136,12,128,7192,-9448,10348,-64,142,-141,-13812,3896,5640,-1018,104,-104,-13920,-4956,6296,-456,107,-126,0
466.8879630565644,8608,6612,11144,-117,9,95,7260,-9428,10404,-33,111,-150,-13604,4172,5860,-1014,125,-101,-13928,-5020,6312,-477,113,-116,0
466.92160296440125,8608,6584,11056,-121,-18,122,7240,-9328,10468,-51,76,-156,-13620,4156,5760,-1269,163,-80,-13964,-5032,6296,-464,167,-122,0
466.9551169872284,8548,6640,11292,-169,-82,134,7296,-9252,10220,-76,158,-181,-13812,3848,5676,-984,110,-34,-13976,-5076,6344,-502,162,-141,0
466.98868203163147,8576,6556,11348,-95,-68,114,7292,-9276,10376,-79,159,-140,-13740,4208,5724,-956,73,-73,-14012,-4960,6284,-448,104,-103,0
467.021989107132,8640,6536,11504,-130,6,93,7336,-9428,10256,-19,156,-119,-13640,4132,5748,-1054,99,-73,-13952,-5000,6292,-484,77,-118,0
467.0552880764008,8608,6620,11336,-197,-41,121,7416,-9284,10416,-45,128,-148,-13760,4004,5768,-1029,140,-90,-13896,-5108,6292,-528,100,-106,0
467.08866906166077,8656,6528,11284,-156,-66,102,7168,-9336,10608,-81,152,-149,-13672,4040,5676,-944,129,-66,-14284,-5092,6336,-482,90,-110,0
467.1223261356354,8572,6588,11436,-231,-64,83,7292,-9424,10424,-13,140,-171,-13812,3880,5816,-938,138,-80,-13940,-5012,6376,-461,146,-56,0
467.155296087265,8544,6576,11388,-186,-106,161,7288,-9424,10328,-23,78,-197,-13688,4248,5692,-1004,188,-137,-13888,-4900,6304,-494,190,-61,0
467.18907594680786,8636,6564,11292,-173,-140,166,7260,-9388,10104,-47,103,-213,-13732,4128,5568,-939,142,-95,-13948,-5108,6492,-535,133,-132,0
467.2223370075226,8616,6532,11392,-197,-158,125,7228,-9340,10220,-37,174,-186,-13688,4152,5648,-951,97,-115,-14016,-5064,6624,-426,146,-65,0
467.2556490898133,8584,6564,11492,-226,-132,121,7276,-9472,10388,-42,165,-174,-13740,4204,5732,-953,171,-107,-13860,-5000,6296,-504,188,-79,0
467.2893099784851,8640,6488,11468,-197,-171,129,7252,-9296,10272,-5,141,-223,-13692,4160,5656,-980,171,-139,-13940,-4872,6436,-529,243,-78,0
467.3228759765625,8648,6564,11100,-218,-203,117,7232,-9300,10276,36,126,-243,-13740,4080,5868,-769,189,-139,-13900,-4968,6412,-453,194,-56,0
467.35669112205505,8608,6428,11280,-210,-150,135,7260,-9320,10296,-5,122,-229,-14056,4096,5464,-951,167,-174,-14020,-4996,6392,-466,176,-65,0
467.39012503623957,8580,6532,11460,-228,-174,151,7320,-9388,10324,9,112,-212,-13784,4156,5556,-1003,158,-138,-13920,-5016,6352,-525,241,-86,0
467.4235351085663,8744,6636,11236,-225,-172,139,7304,-9400,10408,26,140,-204,-13704,4160,5744,-1004,138,-155,-14032,-5040,6408,-494,210,-80,0
467.45734310150146,8720,6560,11304,-225,-128,137,7376,-9320,10388,39,183,-165,-13768,4104,5652,-1014,125,-87,-13980,-5008,6272,-530,218,-126,0
467.49047899246216,8620,6496,11332,-274,-158,147,7268,-9256,10260,44,153,-207,-13716,4128,5556,-1059,155,-115,-13952,-5108,6372,-543,230,-89,0
467.5239999294281,8648,6604,11456,-251,-154,137,7232,-9328,10392,24,118,-168,-13816,4148,5672,-999,161,-157,-14064,-4884,6424,-463,164,-97,0
467.55748105049133,8660,6444,11372,-228,-133,134,7220,-9392,10384,39,110,-188,-13696,4124,5428,-1008,169,-141,-13932,-4940,6404,-499,214,-65,0
467.59113097190857,8544,6504,11512,-235,-188,173,7268,-9328,10464,53,99,-217,-13624,4112,5744,-1011,140,-142,-13988,-5068,6376,-568,4,-101,0
467.6245179176331,8460,6444,11392,-235,-207,164,7376,-9392,10376,37,149,-223,-13752,4060,5680,-1007,161,-88,-13976,-4888,6356,-468,221,-83,0
467.65802693367004,8840,6480,11204,-271,-116,134,7316,-9308,10300,32,167,-191,-13672,4160,5636,-981,158,-123,-13920,-4940,6440,-481,277,-88,0
467.6916921138764,8464,6364,11392,-223,-159,169,7272,-9260,10300,48,125,-208,-13732,4304,5556,-986,145,-144,-14004,-4980,6300,-538,322,-101,0
467.7254090309143,8644,6444,11128,-219,-188,123,7308,-9384,10360,40,188,-225,-13584,4304,5572,-988,120,-137,-13968,-5092,6292,-501,242,-115,0
467.7588000297547,8672,6448,11272,-270,-133,126,7356,-9380,10288,-5,143,-192,-13744,4164,5584,-981,131,-137,-13900,-4904,6252,-496,198,-102,0
467.7923419475556,8940,6388,11232,-200,-142,158,7292,-9416,10304,-22,143,-185,-13772,4204,5648,-1027,122,-95,-14036,-4960,6376,-556,248,-172,0
467.8260359764099,8712,6384,11148,-193,-89,88,7360,-9276,10320,-6,176,-158,-13892,4108,5684,-781,50,-50,-13920,-4980,6372,-529,206,-214,0
467.85921597480774,8552,6276,11268,-169,-22,72,7264,-9232,10184,35,173,-159,-13768,4328,5712,-1276,49,-52,-14028,-4868,6408,-522,214,-159,0
467.89710593223566,8584,6452,11268,-194,-60,56,7336,-9328,10380,-34,177,-190,-13840,4140,5448,-968,71,-103,-14068,-5016,6312,-539,259,-147,0
467.93243098258966,8780,6448,11168,-200,-66,98,7400,-9316,10348,-9,211,-162,-13980,3928,5588,-967,89,-102,-14056,-5060,6200,-507,203,-132,0
467.96863198280334,8744,6460,11368,-140,-18,104,7268,-9316,10372,-37,158,-140,-13776,4164,5408,-990,99,-27,-13864,-4996,6232,-533,157,-161,0
468.0039920806885,8592,6408,11324,-157,-23,47,7312,-9404,10300,-35,130,-137,-13744,4160,5532,-993,99,-44,-14048,-5088,6192,-543,141,-148,0
468.03960299491877,8628,6540,11256,-139,-38,53,7332,-9404,10428,-54,190,-167,-13748,4064,5728,-958,67,-58,-13976,-5016,6228,-527,174,-138,0
468.0747311115265,8688,6556,11028,-122,-15,70,7168,-9408,10636,-54,150,-165,-13804,4032,5440,-937,60,-91,-13984,-5028,6280,-557,193,-174,0
468.10977005958557,8636,6392,11332,-152,-76,81,7276,-9320,10660,-34,203,-179,-13736,4144,5636,-954,77,-70,-13880,-4976,6272,-538,272,-131,0
468.14548707008356,8732,6444,11312,-144,-89,91,7224,-9212,10484,-62,159,-203,-13776,4344,5748,-930,92,-99,-14116,-4904,6316,-545,251,-129,0
468.18127393722534,8664,6224,11440,-153,-104,86,7400,-9372,10296,-30,199,-193,-13792,4108,5736,-874,59,-96,-14124,-5016,6268,-552,147,-141,0
468.217689037323,8768,6396,11280,-139,-31,69,7372,-9324,10416,-73,154,-155,-13820,4116,5728,-949,11,-63,-13916,-4992,5920,-566,226,-166,0
468.2528121471405,8728,6464,11284,-120,-41,59,7300,-9316,10440,-2,116,-164,-13704,4076,5836,-947,28,-64,-14036,-5032,6192,-617,243,-184,0
468.2875709533692,8624,6508,11276,-149,-32,83,7164,-9336,10396,-60,154,-156,-13776,4216,5756,-925,22,-49,-14000,-5032,6264,-647,220,-166,0
468.3234181404114,8680,6376,11432,-101,-14,69,7324,-9380,10312,-43,155,-137,-14036,4132,5400,-957,-73,-14,-14060,-4888,6156,-640,210,-169,0
468.35919404029846,8580,6456,11272,-140,255,101,7296,-9348,10340,-1,167,-145,-13700,4224,5556,-953,-25,-81,-13956,-5100,6300,-648,315,-209,0
468.3939039707184,8564,6492,11416,-137,11,105,7148,-9392,10108,-38,75,-160,-13652,4144,5820,-936,-256,-45,-13992,-5000,6140,-661,303,-181,0
468.42997193336487,8700,6484,11440,-111,-69,76,7348,-9312,10456,-55,140,-188,-13808,4156,5528,-941,-44,-135,-14120,-5096,6156,-689,294,-205,0
468.4649569988251,8480,6468,11296,-143,-52,104,7240,-9288,10380,-34,153,-166,-13720,4068,5576,-968,-4,-48,-13832,-5052,5892,-635,226,-184,0
468.50075912475586,8700,6496,11496,-100,12,99,7280,-9316,10440,-43,105,-143,-13716,4052,5700,-994,25,-42,-13944,-5176,6068,-628,174,-160,0
468.53709506988525,8632,6468,11028,-109,15,114,7308,-9272,10516,-61,120,-135,-13964,4328,5856,-1009,251,-23,-14044,-5176,6200,-637,188,-198,0
468.5704870223999,8652,6472,11352,-130,-59,76,7232,-9340,10492,-71,146,-152,-13716,4160,5740,-987,6,-86,-14052,-5152,6184,-626,206,-208,0
468.60412406921387,8564,6452,11492,-144,-57,86,7180,-9244,10716,-41,98,-164,-13680,4176,5712,-995,25,-97,-14060,-5072,6148,-663,198,-179,0
468.6374499797821,8548,6636,11488,-122,-67,85,7312,-9404,10296,-56,119,-178,-13740,3876,5712,-973,61,-75,-13816,-5108,6100,-614,1,-155,0
468.67085313796997,8496,6420,11164,-160,-67,118,7288,-9436,10284,-31,95,-190,-13576,4132,5888,-999,120,-49,-14092,-5136,6344,-668,218,-131,0
468.7042829990387,8560,6412,11424,-131,-79,111,7252,-9448,10288,-12,118,-169,-13752,4244,5748,-994,115,-67,-13928,-5100,6124,-607,205,-115,0
468.73779296875,8572,6424,11332,-190,-63,99,7292,-9336,10388,4,96,-181,-13712,4172,5676,-1000,101,-106,-13964,-5200,6112,-607,224,-127,0
468.77105498313904,8432,6532,11380,-174,-116,123,7256,-9312,10408,-253,168,-191,-13668,4136,5728,-966,76,-139,-14044,-5140,6208,-599,197,-107,0
468.80476093292236,8640,6512,11308,-163,-148,138,7240,-9300,10384,22,173,-228,-13704,4160,5784,-997,115,-127,-14056,-5156,6128,-597,222,-123,0
468.83820700645447,8532,6432,11356,-166,-184,120,7228,-9364,10396,-18,113,-243,-13720,4252,5868,-991,111,-106,-14108,-5096,6032,-588,211,-65,0
468.8716630935669,8744,6404,11160,-133,-160,140,7216,-9252,10352,-256,121,-224,-13708,4072,5612,-995,153,-110,-14080,-5224,6108,-598,200,-82,0
468.90498805046076,8648,6468,11224,-166,-148,151,7264,-9388,10328,18,117,-216,-13804,4076,5544,-973,163,-152,-13948,-5152,6152,-593,200,-60,0
468.93860697746277,8560,6420,11336,-204,-146,162,7320,-9388,10472,-1,133,-208,-13620,4144,5516,-997,147,-172,-14060,-5120,6104,-536,172,-70,0
468.9721989631653,8600,6364,11312,-170,-206,151,7288,-9296,10480,11,97,-249,-13768,4212,5716,-991,163,-152,-14040,-5108,6044,-567,174,-65,0
469.0053310394287,8648,6648,11392,-151,-183,149,7344,-9360,10428,-10,105,-231,-13756,4260,5824,-1013,134,-115,-13984,-5168,6268,-566,127,-73,0
469.0389230251313,8784,6440,11100,-126,-173,140,7304,-9296,10376,-6,130,-211,-13628,4168,5764,-1280,162,-137,-14112,-5156,6276,-563,56,-65,0
469.0724060535431,8640,6612,11492,-66,-140,156,7312,-9208,10396,-31,-5,-214,-13884,4160,5744,-976,220,-130,-14184,-5172,6024,-574,-64,-30,0
469.1058671474457,8664,6408,11108,-4,-118,152,7332,-9288,10456,-76,52,-204,-13768,4136,5740,-998,225,-119,-14028,-5068,6160,-579,23,-92,0
469.13923811912537,8616,6640,11292,-100,-151,153,7296,-9400,10296,-29,70,-183,-13692,4092,5652,-1004,198,-129,-13920,-5064,6148,-553,89,-74,0
469.17300605773926,8640,6408,11072,-101,-150,144,7276,-9260,10312,-13,68,-187,-13648,4112,5736,-1007,237,-105,-13948,-5140,6164,-590,79,-94,0
469.2067570686341,8624,6444,11036,-93,-152,165,7304,-9328,10344,-57,26,-212,-13648,4184,5632,-956,240,-118,-14336,-4900,6100,-612,51,-90,0
469.24033308029175,8640,6476,11364,-54,-166,146,7324,-9296,10504,-45,47,-228,-13752,4116,5636,-946,246,-139,-14016,-5148,6388,-625,53,-110,0
469.2737989425659,8724,6472,11204,-88,-164,137,7396,-9268,10412,-37,25,-233,-13764,4020,5664,-941,183,-124,-13988,-5272,6048,-585,111,-67,0
469.3074641227722,8520,6476,11396,-151,-142,147,7656,-9288,10292,-37,109,-217,-13836,4100,5664,-931,157,-175,-14076,-5196,5952,-577,103,-92,0
469.3410849571228,8876,6352,11140,-109,-160,117,7328,-9312,10044,-46,132,-198,-13704,4096,5404,-960,115,-116,-14016,-5128,6136,-597,136,-134,0
469.3743989467621,8640,6340,11248,-161,-103,140,7268,-9440,10376,30,70,-203,-13712,4124,5632,-953,139,-113,-14020,-5376,6108,-519,121,-118,0
469.4076709747315,8684,6464,11276,-115,-87,143,7428,-9008,10380,-93,106,-198,-13876,4052,5800,-910,112,-52,-14016,-5148,6004,-568,122,-141,0
469.44117903709406,8900,6380,11428,-121,-116,91,7428,-9408,10292,-86,94,-185,-13720,4124,5436,-912,116,-124,-14060,-5072,6152,-541,152,-125,0
469.47473692893976,8836,6432,11128,-109,-47,90,7380,-9324,10192,-80,152,-149,-14068,4192,5704,-954,33,-83,-14060,-5032,6092,-529,69,-158,0
469.50852608680725,8648,6432,11212,-74,-2,68,7616,-9192,10404,-55,154,-122,-13700,4080,5632,-995,13,230,-13988,-5064,6072,-766,62,-153,0
469.5416159629822,8708,6432,11320,-136,18,48,7268,-9400,10320,-73,211,-119,-13752,4196,5764,-968,23,-57,-14000,-5372,5916,-468,75,-147,0
469.5792689323425,8644,6508,11144,-105,-52,62,7380,-9404,10588,-73,165,-139,-13748,4156,5700,-1004,62,-55,-13968,-5152,5992,-493,167,-141,0
469.6146230697632,8632,6508,11288,-77,-51,91,7336,-9320,10360,-37,157,-154,-13688,4240,5596,-1008,45,-90,-13940,-5244,6392,-493,172,-127,0
469.6497359275818,8576,6472,11028,-72,-30,69,7248,-9292,10360,-82,107,-171,-13716,4184,5416,-999,78,-72,-13936,-5276,6004,-483,156,-104,0
469.68480014801025,8576,6420,11228,-121,-69,81,7344,-9324,10252,-68,142,-145,-13780,3920,5700,-975,67,-104,-14108,-5236,6180,-498,115,-128,0
469.721029996872,8616,6188,11468,-115,-4,56,7344,-9304,10280,-89,180,-130,-13744,4248,5880,-1007,34,-21,-14004,-5192,6040,-458,136,-147,0
469.75638508796686,8696,6560,11364,-68,-43,62,7284,-9260,10264,-74,168,-159,-13788,3940,5700,-971,-39,-49,-14084,-5152,6136,-478,178,-129,0
469.79230904579157,8636,6548,11140,-71,-29,53,7312,-9328,10380,-67,151,-143,-13700,4260,5812,-960,-2,-93,-13936,-4976,6116,-445,138,-131,0
469.828194141388,8452,6408,11448,-66,-21,60,7388,-9328,10380,-42,154,-173,-13576,4148,5804,-972,22,-87,-13980,-5132,6024,-433,113,-124,0
469.8639199733734,8584,6448,11392,-85,-12,53,7320,-9372,10464,-78,161,-157,-13740,4184,5796,-948,251,-61,-13992,-5192,6076,-429,101,-128,0
469.89976811408997,8588,6480,11344,-100,-19,42,7528,-9348,10404,-76,169,-155,-13724,4216,5380,-976,5,-62,-14000,-5172,6196,-442,73,-130,0
469.9355459213257,8620,6480,11240,-69,-26,79,7320,-9332,10204,-66,137,-154,-13672,4324,5712,-946,36,-117,-13948,-5180,6168,-398,130,-108,0
469.97187209129333,8620,6432,11308,-52,-44,61,7356,-9432,10328,-75,151,-184,-13688,4188,5684,-949,19,-72,-13952,-5164,6256,-381,177,-133,0
470.0074670314789,8608,6568,11424,-80,-55,79,7260,-9320,10392,-78,143,-195,-13712,4136,5744,-936,11,-60,-14060,-5188,6148,-364,139,-143,0
470.0435910224915,8660,6568,11508,-93,-59,56,7212,-9420,10308,-71,189,-176,-13812,4220,5772,-943,10,-88,-13940,-5164,6228,-379,133,-109,0
470.07937693595886,8512,6472,11532,-130,-42,67,7340,-9412,10360,-50,168,-118,-13712,4252,5616,-953,-247,-77,-13952,-5160,6280,-375,123,-132,0
470.11441707611084,8604,6464,11252,-94,38,74,7252,-9336,10408,-66,108,-144,-13640,4164,5772,-944,33,-72,-13976,-5220,6184,-383,66,-87,0
470.1506509780884,8700,6460,11480,-88,9,55,7336,-9316,10308,-82,101,-165,-13700,4152,5868,-889,27,-109,-13992,-5340,6196,-343,122,-103,0
470.18588995933527,8596,6400,11264,-110,13,68,7320,-9352,10368,-62,140,-172,-13692,4220,5740,-940,64,-84,-13880,-5096,6192,-341,138,-83,0
470.22198605537415,8592,6480,11228,-90,7,91,7220,-9276,10268,-61,166,-149,-13688,4248,5716,-939,58,-63,-13948,-5104,6196,-374,65,-110,0
470.25544810295105,8568,6564,11276,-124,36,83,7284,-9292,10428,-74,142,-142,-13620,4156,5768,-918,91,-58,-14004,-5148,6308,-395,22,-99,0
470.2890100479126,8592,6588,11392,-118,-24,78,7264,-9352,10292,-58,143,-167,-13684,4236,5792,-960,111,-85,-13924,-5128,6268,-406,105,-92,0
470.3225841522217,8628,6588,11368,-135,-12,102,7220,-9424,10304,-27,169,-172,-13928,4276,5624,-937,107,-107,-13868,-5136,5944,-450,130,-126,0
470.3561940193177,8672,6608,11392,-187,-62,89,7224,-9384,10264,21,161,-200,-13632,4240,5648,-964,158,-129,-13892,-5120,6204,-439,158,-47,0
470.38963413238525,8600,6504,11420,-147,-90,108,7248,-9320,10416,-24,165,-231,-13800,4296,5756,-928,161,-153,-13924,-5176,6276,-440,151,-74,0
470.4231879711151,8560,6452,11276,-133,-194,125,7180,-9404,10328,255,129,-226,-13716,4220,5776,-969,173,-138,-13928,-4896,6284,-464,136,-63,0
470.45697808265686,8560,6560,11284,-114,-146,128,7224,-9412,10320,-39,166,-237,-13740,4276,5724,-951,182,-88,-13944,-5156,6272,-469,150,-75,0
470.4905271530152,8564,6620,11416,-160,-145,112,7276,-9288,10440,-23,150,-201,-13688,4212,5580,-951,178,-100,-13940,-5148,6132,-449,133,-51,0
470.52429604530334,8540,6568,11160,-148,-132,120,7460,-9408,10228,-17,147,-219,-13632,4348,5812,-923,191,-107,-13940,-5104,6168,-454,113,-37,0
470.5576310157776,8564,6500,11420,-174,-155,115,7300,-9256,10276,-33,130,-223,-13764,4236,5688,-931,211,-154,-13932,-5052,6188,-458,116,-38,0
470.5910561084748,8628,6556,11192,-162,-185,138,7312,-9428,10396,-8,136,-216,-13712,4268,5688,-928,211,-141,-14008,-5056,6160,-469,128,-52,0
470.6247799396515,8636,6476,11020,-156,-172,133,7292,-9372,10424,249,124,-217,-13800,4172,5496,-972,182,-119,-14008,-5072,6196,-471,124,-44,0
470.65805101394653,8620,6480,11424,-134,-194,148,7240,-9488,10340,-4,114,-222,-13728,4132,5616,-976,180,-151,-13936,-5032,6304,-467,118,-21,0
470.7083160877228,8608,6500,11292,-143,-189,116,7268,-9296,10356,-41,133,-199,-13764,4188,5600,-947,162,-102,-14064,-5044,6144,-463,80,-81,0
470.75247502326965,8520,6424,11396,-135,-197,126,7348,-9428,10360,-50,158,-197,-13692,4260,5728,-986,121,-148,-13940,-5044,6240,-505,119,-90,0
470.7872431278229,8908,6508,11120,-141,-172,136,7324,-9372,10380,-22,143,-182,-13748,4148,5720,-994,129,-121,-13648,-5168,6336,-464,123,-69,0
470.82112193107605,8676,6652,11256,-123,-190,148,7300,-9332,10360,-17,120,-192,-13804,3844,5764,-995,156,-132,-13896,-4992,6292,-451,135,-53,0
470.8547339439392,8552,6528,11200,-128,-184,123,7400,-9408,10276,-68,170,-228,-13704,4228,5620,-964,158,-123,-13996,-5104,6220,-495,192,-66,0
470.8881199359894,8464,6208,11500,-194,-195,129,7260,-9400,10268,-21,134,-218,-13816,4252,5740,-1016,106,-128,-14104,-5036,6212,-459,162,-73,0
470.92186307907104,8748,6412,11072,-119,-181,126,7376,-9380,10232,-39,141,-183,-13844,4204,5584,-978,104,-59,-13984,-5208,6252,-475,111,-90,0
470.95564007759094,8608,6532,11160,-157,-170,105,7356,-9372,10308,-52,130,-195,-13684,4216,5624,-1015,99,-86,-13844,-5072,6196,-464,52,-114,0
470.9892680644989,8648,6428,11424,-132,-143,99,7272,-9376,10004,-99,121,-202,-13612,4456,5824,-997,105,-107,-13944,-5008,5936,-764,111,-126,0
471.0226709842682,8760,6520,11184,-71,-156,70,7392,-9368,10280,-83,124,-200,-13756,4108,5448,-994,106,-110,-13956,-4928,6288,-550,114,-127,0
471.05616307258606,8776,6436,11244,-88,-75,83,7392,-9336,10236,-65,133,-172,-13720,4132,5700,-1027,97,-106,-13892,-5076,6228,-487,116,-118,0
471.0898060798645,8588,6560,11452,-89,-45,87,7252,-9368,10460,-50,131,-174,-13692,4056,5668,-1020,81,-64,-13892,-5088,6304,-475,127,-126,0
471.1235690116883,8944,6584,11332,-137,-80,75,7668,-9456,10064,-62,123,-188,-13772,4172,5776,-1046,107,-48,-14064,-5000,6304,-507,117,-171,0
471.15694403648376,8940,6500,11324,-103,-66,67,7284,-9328,10356,-73,157,-199,-13740,4296,5628,-1018,74,-87,-14048,-5140,6188,-500,111,-165,0
471.1902451515198,8736,6476,11268,-85,-62,59,7672,-9420,10280,-58,106,-173,-13708,4236,5824,-1071,88,-99,-13952,-5076,6232,-427,146,-143,0
471.2235901355744,8724,6560,11240,-66,-38,44,7216,-9240,10244,-94,138,-138,-13700,4228,5768,-1138,74,-73,-14052,-5048,6328,-331,57,-110,0
471.2608160972595,8620,6564,11216,-49,-18,51,7304,-9352,10288,-111,189,-151,-13824,4092,5828,-1128,47,-22,-14008,-5080,6392,-246,30,-107,0
471.29620599746704,8584,6536,11396,-49,-3,32,7292,-9304,10248,-105,187,-114,-13728,4208,5796,-1204,83,-70,-13932,-4984,6316,-212,92,-74,0
471.3323769569397,8864,6532,11252,-24,-17,44,7292,-9360,10396,-89,158,-127,-13816,4092,5828,-1268,95,-97,-13996,-5128,6476,-113,112,-19,0
471.3681221008301,8468,6556,11268,-33,-21,76,7328,-9340,10296,-53,139,-125,-13704,4068,5800,-1325,110,-98,-13992,-5032,6424,169,261,-13,0
471.402850151062,8536,6600,11176,-128,-8,90,7240,-9392,10176,-3,137,-152,-13680,4136,5752,-1383,-27,-77,-13984,-5024,6288,274,638,5,0
471.4375729560852,8604,6472,11296,-205,-22,110,7400,-9424,10308,9,158,-151,-13772,4156,5636,-1452,-121,-96,-14320,-4952,6276,80,841,-107,0
471.4734170436859,8152,5916,10716,-595,147,80,7248,-9464,10308,84,201,-128,-13720,4144,5672,-1359,-209,-124,-13988,-4936,6588,-154,668,-174,0
471.5094609260559,8720,6572,11176,-149,2,91,7348,-9368,10320,13,240,-133,-13620,4180,5704,-1270,-252,-54,-14044,-4964,6208,-332,389,-125,0
471.5445010662079,8588,6604,11392,-159,8,79,7352,-9332,10456,-73,164,-157,-13816,3852,5836,-1087,-8,-78,-13928,-4852,6380,-681,-27,-199,0
471.58026099205017,8672,6572,11340,-124,-38,42,7260,-9472,10368,-55,124,-152,-13752,4148,5712,-1090,151,-54,-14008,-5000,6212,-555,-126,-144,0
471.6155951023102,8584,6564,11096,-100,-27,97,7336,-9668,10308,-50,125,-138,-13756,4116,5876,-1029,184,-84,-13932,-5020,6272,-452,17,-144,0
471.6509039402008,8552,6648,11204,-158,12,108,7168,-9456,10256,-99,105,-143,-13720,4148,5984,-1015,214,-59,-13912,-4984,6272,-392,110,-156,0
471.6861979961396,8456,6632,11368,-145,-40,81,7308,-9408,10292,-81,184,-145,-13808,4312,5876,-1008,155,-76,-14028,-4924,6364,-411,160,-122,0
471.722307920456,8508,6572,11176,-113,-46,96,7264,-9348,10320,-55,153,-144,-13652,4128,5796,-1013,135,-93,-13988,-5020,6332,-386,285,-141,0
471.7575690746308,8504,6656,11180,-123,-34,63,7280,-9340,10360,-11,159,-163,-13688,4092,5716,-1047,176,-95,-13948,-4876,6292,-458,281,-121,0
471.7987401485443,8452,6604,11264,-101,-253,87,7224,-9432,10268,-47,107,-167,-13656,3868,5752,-1000,201,-72,-14072,-4956,6324,-390,223,-105,0
471.8348751068116,8488,6616,11156,-147,-22,110,7228,-9220,10408,-30,137,-166,-13692,4096,5764,-950,233,-129,-14148,-5000,6168,-437,143,-109,0
471.87028193473816,8568,6480,11376,-133,-248,80,7264,-9440,10304,-50,114,-171,-13672,4300,5836,-1017,163,-111,-13976,-4932,6376,-406,242,-114,0
471.9058899879456,8652,6608,11020,-165,-46,103,7372,-9440,10340,-29,133,-149,-13736,3844,5736,-1038,112,-89,-13964,-5044,6300,-401,279,-86,0
471.93961215019226,8524,6564,11320,-171,-47,113,7180,-9392,10316,-39,134,-167,-13616,3972,5712,-1039,121,-82,-14000,-4900,6376,-403,325,-107,0
471.9728560447693,8488,6492,11236,-142,-64,95,7320,-9380,10276,-47,142,-181,-13688,3968,5676,-996,138,-83,-13988,-4932,6352,-385,306,-114,0
472.00647497177124,8596,6572,11436,-173,-73,120,7160,-9424,10328,17,123,-159,-13680,3940,5808,-1071,138,-115,-14052,-4948,6148,-458,507,-109,0
472.04004311561584,8500,6560,11316,-201,-80,121,7308,-9392,10432,-17,122,-187,-13668,4084,5788,-1037,174,-101,-14060,-4948,6340,-542,123,-113,0
472.0733809471131,8460,6608,11132,-157,-123,86,7264,-9424,10428,21,151,-195,-13712,4132,5752,-994,166,-145,-14072,-4836,6352,-495,141,-121,0
472.10731410980225,8684,6896,11516,-174,-160,124,7284,-9344,10388,16,178,-221,-13724,4116,5880,-964,187,-110,-13984,-5072,6196,-471,217,-76,0
472.1407511234284,8568,6584,11324,-219,-211,127,7248,-9368,10476,-30,148,-226,-13792,4268,5780,-931,218,-92,-13872,-4972,6388,-535,207,-70,0
472.1742119789124,8668,6600,11392,-169,-206,139,7220,-9368,10384,-41,126,-218,-13780,4196,5672,-961,181,-123,-14044,-4888,6376,-531,187,-52,0
472.2077660560608,8572,6472,11040,-176,-175,100,7332,-9420,10380,-15,119,-209,-13660,4204,5796,-968,171,-146,-14044,-4880,6180,-550,163,-83,0
472.2413201332092,8500,6568,11100,-191,-164,136,7176,-9416,10488,-11,152,-214,-13684,4156,5684,-930,196,-140,-13960,-4972,6340,-536,147,-58,0
472.27489495277405,8536,6544,11300,-186,-162,105,7308,-9320,10348,-68,138,-224,-13796,4248,5848,-931,210,-134,-13980,-4936,6260,-555,155,-73,0
472.3085720539093,8884,6564,11344,-199,-198,120,7220,-9408,10428,-13,145,-252,-13764,3844,5432,-896,266,-130,-14112,-4884,6136,-551,210,-60,0
472.34224700927734,8552,6476,11368,-198,-196,119,7252,-9388,10012,0,157,-238,-13784,4080,5540,-907,202,-135,-14116,-4924,6084,-480,199,-73,0
472.3756539821625,8624,6552,11176,-205,-155,130,7320,-9308,10396,249,136,-183,-13764,4088,5640,-968,214,-134,-14044,-4708,6288,-512,77,-77,0
472.4089660644532,8680,6560,11100,-192,-124,123,7340,-9376,10100,-41,139,-174,-13772,4336,5744,-871,183,-147,-14132,-4820,6188,-537,138,-65,0
472.442449092865,8592,6564,11396,-203,-130,119,7352,-9460,10452,-50,164,-159,-13684,4072,5604,-906,237,-118,-13940,-4968,6200,-577,117,-95,3
472.47603607177734,8608,6444,11220,-146,-154,102,7352,-9444,10280,-10,119,-182,-13700,4156,5748,-914,152,-116,-13912,-4672,6172,-538,203,-81,3
472.5097889900208,8488,6504,11240,-154,-168,144,7288,-9312,10176,28,163,-243,-13708,4076,5616,-940,200,-154,-13936,-4956,6176,-518,233,-72,3
472.5434789657593,8640,6456,11432,-166,-157,142,7224,-9424,10128,29,155,-211,-13816,4180,5652,-890,232,-126,-14064,-4896,6336,-467,167,-35,3
472.5769319534302,8636,6568,11120,-169,-154,133,7224,-9396,10336,20,86,-207,-13580,3968,5800,-917,230,-140,-14296,-5100,6216,-536,177,-79,3
472.61051106452936,8632,6620,11272,-116,-148,138,7340,-9484,10200,-22,117,-208,-13900,4120,5464,-946,197,-171,-14020,-4964,5928,-596,193,-119,3
472.64400601387024,8632,6496,11292,-96,-167,122,7396,-9368,10308,7,158,-215,-13800,4172,5920,-924,121,-126,-14036,-4888,6188,-579,169,-124,3
472.6773519515991,8524,6508,11388,-117,-151,119,7268,-9372,10392,-2,198,-202,-14048,3844,5752,-880,128,-91,-13840,-5012,6312,-570,195,-108,0
472.71094703674316,8628,6552,11196,-149,-123,72,7336,-9468,10252,-32,159,-187,-13692,4120,5632,-902,128,-88,-14020,-5116,6156,-756,178,-119,0
472.7444920539856,8608,6532,11492,-142,-140,119,7296,-9268,10312,-25,142,-220,-13776,4208,5588,-874,134,-115,-14300,-4628,6276,-594,179,-135,0
472.77794313430786,8616,6608,11240,-121,-145,128,7344,-9412,10424,-53,151,-198,-13668,4016,5652,-921,106,-134,-13852,-4816,6008,-592,156,-160,0
472.8116490840912,8696,6572,11356,-92,-137,110,7268,-9372,10452,-66,147,-199,-13756,4048,5772,-846,90,-121,-14052,-4876,6252,-606,120,-195,0
472.8452799320221,8724,6576,11216,-75,-89,90,7276,-9312,10140,-84,122,-184,-13700,3996,5416,-891,82,-91,-14040,-5028,6056,-629,154,-157,0
472.87874007225037,8600,6440,11204,-109,-71,81,7224,-9336,10004,-74,170,-168,-13884,4056,5448,-875,85,-50,-14300,-5116,6220,-592,122,-137,0
472.9144089221955,8704,6544,11500,-71,-38,53,7308,-9364,10348,-93,160,-129,-13756,4108,5492,-926,59,-39,-14112,-4816,6244,-615,76,-153,0
472.9495861530304,8604,6548,11180,-105,-58,47,7300,-9488,10476,-68,79,-153,-13796,4188,5528,-910,86,-65,-14044,-4956,6204,-681,50,-159,0
472.9850649833679,8628,6592,11308,-73,-62,49,7292,-9296,10416,-77,93,-163,-13744,4044,5748,-857,54,-28,-13992,-5108,5968,-682,30,-196,0
473.0204689502716,8592,6628,11164,-47,-50,44,7268,-9408,10184,-118,158,-163,-14068,4180,5632,-864,61,-65,-13960,-4880,6384,-687,63,-190,0
473.0558750629425,8544,6528,11448,-67,-96,-250,7304,-9492,10452,-97,138,-198,-13720,4204,5708,-869,96,-101,-14008,-4992,6172,-690,75,-214,0
473.0912320613861,8616,6544,11388,-27,-46,30,7240,-9428,10312,-71,179,-133,-13792,4168,5696,-903,14,-59,-14028,-5024,6168,-673,58,-198,0
473.1271390914917,8648,6628,11256,-26,-69,40,7204,-9428,10276,-89,162,-161,-13740,4112,5644,-931,-255,-38,-14068,-4992,6252,-802,-13,-206,0
473.16243505477905,8584,6668,11236,11,-143,16,7308,-9336,10296,-138,113,-173,-13816,4168,5736,-970,41,-32,-14060,-4952,6156,-939,94,-192,0
473.1975169181824,8700,6620,11224,-6,-60,47,7000,-9328,10248,-88,83,-161,-13812,4100,5776,-913,43,-60,-13956,-5072,6180,-1068,-61,-193,0
473.2333199977875,8568,6576,11232,16,-81,29,7208,-9308,10368,-137,80,-173,-13744,4080,5644,-962,44,-17,-13968,-5100,6224,-903,15,-161,0
473.26875710487366,8520,6488,11044,32,-51,67,7312,-9236,10432,-91,111,-181,-13768,4088,5588,-1005,3,-47,-14252,-4892,6216,-883,30,-158,0
473.3041090965271,8680,6504,11044,-137,-64,24,7328,-9468,10064,-13,136,-164,-13576,4184,5712,-1034,16,-77,-14168,-5144,6368,-860,240,-198,0
473.3401291370392,8640,6872,11320,-142,16,65,7340,-9376,10332,-35,138,-159,-13824,4292,5864,-937,61,-26,-14004,-5024,6244,-773,82,-152,0
473.3749511241913,8616,6744,11012,-128,19,58,7316,-9708,10296,-19,102,-157,-13764,4160,5736,-1012,135,-101,-13948,-4948,6216,-700,21,-132,0
473.4107220172882,8492,6608,11132,-111,-71,129,7308,-9492,10152,6,107,-181,-13968,3924,5616,-1021,123,-114,-14024,-5312,6236,-676,-35,-114,0
473.446191072464,8536,6616,11244,-116,-115,81,7276,-9448,10368,-256,145,-197,-13760,4112,5828,-974,170,-115,-13844,-5052,6208,-649,54,-118,0
473.48200297355646,8548,6732,11456,-162,-151,123,7192,-9464,10376,47,139,-227,-13768,4252,5752,-993,186,-166,-13916,-5148,6324,-610,108,-73,0
473.5181601047516,8528,6672,11140,-128,-196,141,7220,-9492,10268,3,93,-257,-13628,4164,5412,-964,192,-147,-14028,-5100,6260,-654,127,-33,0
473.55372500419617,8536,6608,11204,-155,-205,160,7240,-9392,10052,-13,103,-243,-13768,4208,5528,-937,214,-109,-14012,-4916,6276,-714,120,-111,0
473.58912205696106,8660,6624,11248,-148,-198,146,7352,-9340,10372,15,113,-246,-13700,4076,5848,-950,163,-179,-13836,-4952,6260,-593,111,-46,0
473.6225171089173,8532,6696,11196,-142,-156,166,7364,-9428,10260,10,98,-231,-13772,4192,5684,-995,183,-190,-14032,-5320,6160,-551,121,-34,0
473.6558430194855,8704,6900,11156,-152,-161,155,7212,-9348,10344,7,151,-199,-13740,4172,5480,-998,138,-147,-14080,-5276,6196,-585,104,-68,0
473.6892430782318,8708,6616,11092,-183,-162,153,7276,-9448,10404,-250,122,-192,-13804,4312,5532,-1014,152,-106,-13844,-5060,6340,-578,155,-76,0
473.722727060318,8584,6828,11268,-199,-187,171,7236,-9256,10240,37,72,-229,-13664,4068,5716,-989,164,-141,-14032,-5148,6248,-552,137,-57,0
473.7564980983734,8660,6584,11308,-121,-179,162,7328,-9332,10440,-8,96,-246,-13788,4200,5688,-977,157,-144,-13976,-5376,6172,-539,180,-44,0
473.79005908966064,8640,6660,11276,-181,-197,146,7256,-9408,10316,-6,110,-227,-13852,4200,5460,-967,197,-170,-13944,-4972,6360,-514,125,-60,0
473.82370114326477,8752,6544,11240,-168,-124,137,7308,-9384,10208,-11,99,-198,-13832,4192,5760,-974,102,-113,-14060,-5144,6212,-487,107,-108,0
473.8573970794678,8684,6628,11180,-165,-128,151,7256,-9436,10268,-13,102,-161,-13744,4116,5524,-1006,113,-77,-13940,-5104,6344,-494,76,-92,0
473.8905191421509,8648,6764,11364,-166,-117,123,7332,-9360,10416,-47,87,-188,-13820,4104,5608,-981,92,-94,-13972,-5136,6268,-531,142,-126,0
473.92425203323364,8624,6596,11048,-89,-81,116,7356,-9332,10276,-68,98,-173,-13780,4300,5548,-980,85,-77,-13980,-5052,6216,-551,141,-129,0
473.95767307281494,8640,6620,11200,-80,-54,80,7360,-9360,10320,-66,143,-166,-13820,4072,5476,-996,70,-76,-14036,-4968,6160,-501,145,-164,0
473.9912071228028,8628,6516,11204,-171,-66,70,7304,-9356,10116,-9,130,-166,-13768,4224,5412,-997,115,-125,-13928,-5044,6304,-504,186,-137,0
474.0248029232025,8624,6624,11292,-130,-44,78,7316,-9472,10268,-23,129,-186,-13784,4112,5480,-1033,115,-134,-13928,-4924,6348,-497,182,-117,0
474.0584189891815,8672,6720,11188,-117,-134,98,7304,-9308,10368,-35,99,-212,-13956,4204,5432,-963,106,-104,-13992,-5160,6336,-469,135,-137,0
474.09207606315607,8680,6676,11240,-121,-95,122,7340,-9444,10264,-54,129,-211,-13764,4132,5644,-982,98,-56,-13940,-5120,6160,-533,134,-109,0
474.1255271434784,8744,6688,11148,-133,-93,117,7280,-9412,10288,-31,125,-175,-13784,4192,5600,-1006,123,-53,-13940,-5112,6356,-764,125,-132,0
474.15882897377014,8640,6636,11312,-137,-72,114,7196,-9408,10432,-40,133,-157,-13724,4160,5756,-997,94,-63,-13972,-5084,6228,-492,116,-109,0
474.1924340724945,8612,6612,11220,-133,-70,102,7376,-9500,10252,-50,187,-158,-13708,4176,5764,-980,115,-93,-13920,-5064,6316,-482,115,-114,0
474.22603511810297,8676,6652,11392,-136,-61,93,7264,-9496,10256,-30,123,-190,-13824,4148,5812,-977,114,-105,-13864,-5072,6236,-505,130,-117,0
474.2599160671234,8560,6876,11016,-120,-106,101,7260,-9392,10192,-49,125,-211,-13756,4112,5468,-982,138,-117,-14056,-5060,6072,-484,167,-103,0
474.2935590744019,8636,6640,11256,-143,-113,115,7440,-9396,10272,-13,98,-240,-13784,4224,5536,-972,137,-100,-14008,-5048,6264,-510,185,-118,0
474.3272340297699,8788,6600,11144,-110,-104,107,7628,-9356,10168,-15,120,-189,-13736,4200,5452,-982,96,-87,-14028,-4936,6368,-488,151,-139,0
474.3606660366059,8728,6528,11132,-149,-78,97,7416,-9380,10320,12,154,-179,-13852,3924,5700,-1002,90,-103,-14016,-5008,6240,-457,107,-96,0
474.39389514923096,8668,6644,11032,-148,-73,111,7316,-9364,10344,-38,146,-153,-13772,4144,5412,-1003,109,-117,-13948,-5024,6248,-489,121,-126,0
474.4275369644165,8592,6636,11220,-118,-72,99,7084,-9696,10180,-17,153,-154,-13792,4208,5436,-1045,83,-68,-13892,-5100,6348,-518,141,-137,0
474.46113991737366,8448,6636,10768,-149,-43,85,7236,-9320,10372,12,109,-144,-13584,4236,5544,-1029,55,-97,-13900,-4868,6248,-476,131,-108,0
474.4945890903473,8596,6688,11028,-96,-39,105,7628,-9324,10208,-70,141,-165,-13576,4156,5576,-1013,72,-63,-14020,-5176,6276,-500,142,-115,0
474.5281839370728,8764,6600,11284,-124,-62,68,7356,-9448,10292,-43,141,-169,-13592,4232,5644,-975,83,-27,-14004,-5012,6204,-483,173,-118,0
474.5617859363556,8604,6604,11228,-147,-44,78,7316,-9460,10216,-35,149,-163,-13812,4208,5672,-991,107,-126,-13960,-5120,6188,-462,172,-118,0
474.59764003753656,8612,6608,11196,-134,-50,98,7308,-9412,10420,-16,123,-138,-13772,4164,5536,-982,103,-57,-13952,-4872,6188,-481,121,-114,0
474.6332290172577,8660,6900,11516,-120,-80,86,7308,-9396,10280,-79,169,-171,-13796,4152,5880,-982,110,-100,-13940,-5120,6360,-505,139,-120,0
474.66925501823425,8684,6628,11300,-152,-100,103,7288,-9424,10224,-37,133,-168,-13756,4228,5676,-990,77,-110,-13960,-5148,6316,-495,176,-128,0
474.70515608787537,8892,6432,11172,-116,-86,123,7296,-9436,10200,-19,131,-194,-13764,4160,5612,-996,124,-70,-13896,-5000,6348,-521,196,-144,0
474.7408721446991,8512,6808,11204,-176,-114,123,7308,-9416,10336,-23,115,-167,-13780,4336,5832,-1026,124,-128,-13908,-4868,6300,-262,158,-102,0
474.77615213394165,8668,6572,11160,-125,-94,100,7356,-9468,10396,-10,118,-177,-13608,4184,5704,-973,126,-119,-14004,-5076,6152,-466,141,-109,0
474.8124289512634,8716,6692,11356,-151,-58,113,7356,-9364,10228,-32,136,-184,-13868,4144,5652,-1021,112,-99,-13968,-5100,5980,-483,144,-97,0
474.8485910892486,8692,6652,11328,-130,-92,98,7396,-9456,10228,-7,133,-151,-13700,4324,5596,-1009,94,-104,-13872,-5068,6320,-498,156,-110,0
474.88353514671326,8540,6552,11228,-137,-89,97,7332,-9292,10028,250,120,-168,-13772,4236,5536,-1012,92,-93,-13844,-5192,6248,-498,151,-97,0
474.91917395591736,8676,6732,11104,-150,-83,101,7408,-9408,10100,-36,136,-194,-13808,4280,5740,-981,69,-111,-13872,-5192,6244,-484,142,-108,0
474.95420694351196,8584,6560,11172,-115,-77,96,7300,-9400,10284,-29,141,-222,-13760,4260,5648,-987,109,-81,-13956,-5096,6556,-517,162,-139,0
474.9893341064453,8624,6848,11140,-123,-81,69,7328,-9688,10488,-29,148,-172,-13820,4260,5660,-1010,85,-131,-14008,-5140,6252,-484,148,-118,0
475.02456498146057,8476,6656,11072,-147,-88,125,7248,-9404,10484,-18,129,-168,-13680,4212,5604,-997,126,-89,-13912,-5048,6356,-487,157,-98,0
475.0606751441956,8636,6612,11208,-147,-70,134,7280,-9396,10292,-13,118,-196,-13752,4104,5384,-1020,135,-101,-13964,-5084,5948,-507,149,-103,0
475.09588599205017,8544,6564,11192,-142,-122,127,7332,-9348,10376,-56,89,-186,-13732,4196,5648,-1003,114,-111,-13892,-5080,6216,-257,179,-98,0
475.13119292259216,8952,6576,11244,-141,-112,126,7360,-9360,10256,-26,107,-178,-13792,4216,5880,-1018,113,-96,-14008,-5080,6224,-504,154,-108,0
475.1662199497223,8560,6612,11080,-128,-97,126,7316,-9400,10292,-51,118,-175,-13852,4120,5652,-997,110,-80,-13984,-5020,6360,-478,144,-98,0
475.20243191719055,8732,6624,11244,-121,-66,138,7376,-9408,10464,-64,149,-171,-13844,4244,5684,-993,91,-70,-13904,-5056,6312,-501,95,-109,0
475.239886045456,8620,6480,11172,-146,-53,111,7344,-9480,10268,-20,126,-170,-13764,4232,5644,-1040,74,-86,-14008,-5352,6364,-486,168,-156,0
475.2734439373017,8696,6536,11144,-147,-79,104,7304,-9368,10348,247,144,-157,-13756,4156,5752,-1037,70,-87,-14032,-5120,6208,-484,151,-132,0
475.3071410655976,8712,6708,11188,-112,-88,92,7308,-9448,10236,-71,154,-191,-14000,4192,5768,-969,106,-88,-14020,-5068,6264,-490,180,-132,0
475.3407959938049,8724,6548,11276,-164,-68,95,7320,-9308,10296,-5,145,-202,-13676,4180,5640,-979,78,-127,-13984,-5056,6640,-502,154,-131,0
475.3743560314179,8748,6580,11148,-130,-55,103,7492,-9292,10180,-7,196,-153,-13764,4196,5656,-1027,54,-83,-13972,-5168,6360,-451,132,-121,0
475.40756607055664,8648,6660,11288,-146,-26,91,7352,-9400,10336,-21,144,-118,-13772,4112,5408,-997,90,-74,-13940,-5064,6220,-487,79,-122,0
475.4410560131073,8540,6548,11232,-157,-78,77,7312,-9412,10312,-82,130,-152,-13780,3856,5720,-984,71,-59,-13952,-5128,6324,-497,136,-129,0
475.4745600223541,8656,6676,11188,-113,-91,109,7300,-9484,10392,-46,155,-173,-13768,4152,5580,-1010,117,-110,-13924,-5140,6260,-526,179,-122,0
475.5081970691681,8600,6668,11028,-81,-95,116,7388,-9440,10168,-51,132,-190,-13640,4140,5652,-989,116,-112,-14012,-5076,6296,-481,193,-138,0
475.5417671203613,8584,6580,11364,-135,-129,93,7324,-9356,10232,-31,113,-207,-13728,3848,5392,-1022,102,-129,-14072,-5172,6296,-480,160,-134,0
475.5754611492157,8604,6796,11164,-145,-93,122,7588,-9428,10256,-10,88,-192,-14004,4156,5432,-772,95,-116,-14060,-5364,6648,-493,146,-92,0
475.6091570854187,8556,6892,11236,-145,-68,119,7400,-9416,10276,-27,139,-178,-13832,4184,5784,-989,109,-42,-13996,-5116,6240,-498,118,-145,0
475.6424551010132,8820,6516,11252,-149,-65,83,7384,-9484,10124,-54,197,-153,-13748,4080,5484,-1026,102,-73,-14284,-4968,6200,-763,147,-110,0
475.6762280464173,8540,6404,11324,-150,-70,128,7304,-9400,10264,12,110,-170,-13860,4260,5632,-1000,96,-47,-13896,-5108,6304,-502,141,-115,0
475.7101750373841,8608,6652,11148,-137,-71,123,7272,-9380,10464,-30,110,-202,-13768,4132,5644,-979,111,-61,-14000,-4876,6604,-502,164,-114,0
475.74372005462646,8648,6612,11116,-143,-113,91,7376,-9464,10272,-33,132,-197,-13832,4276,5784,-980,75,-107,-13916,-5052,6268,-473,134,-124,0
475.77740693092346,8796,6812,11460,-146,-89,76,7368,-9408,10412,-8,164,-176,-13712,4168,5508,-999,41,-93,-14060,-5084,6352,-496,103,-137,0
475.8110361099243,8596,6708,11140,-180,-78,76,7340,-9448,10212,-22,170,-165,-13788,4152,5436,-980,90,-88,-13904,-4980,6340,-502,143,-127,0
475.84455704689026,8572,6400,11040,-128,-99,108,7244,-9252,10400,-30,143,-161,-13652,4216,5724,-991,122,-120,-13940,-4980,6304,-507,176,-106,0
475.87827706336975,8608,6612,11072,-152,-129,137,7336,-9396,10356,-38,106,-191,-13824,4184,5668,-1018,140,-93,-13912,-5120,6248,-499,193,-82,0
475.9117090702057,8648,6644,11164,-166,-126,142,7576,-9268,10368,-34,139,-178,-13736,4096,5616,-1254,112,-100,-14028,-5120,6184,-498,195,-114,0
475.94509291648865,8640,6572,11188,-165,-130,114,7392,-9348,10420,12,168,-181,-13768,4132,5604,-774,85,-115,-13956,-5152,6332,-505,153,-123,0
475.978975057602,8512,6716,11072,-168,-116,87,7348,-9356,10276,11,153,-170,-13880,4224,5536,-1026,75,-88,-13964,-5080,6152,-501,125,-86,0
476.0126430988312,8732,6720,11208,-179,-83,80,7236,-9420,10412,-15,154,-176,-13688,4228,5380,-985,80,-98,-13876,-5028,6236,-474,121,-126,0
476.04591608047485,8592,6624,11508,-130,-53,108,7368,-9452,10344,-10,140,-183,-13760,4228,5664,-1032,117,-66,-13988,-5016,6300,-483,134,-125,0
476.07948994636536,8572,6652,11256,-126,-95,133,7356,-9480,10356,-31,105,-179,-13708,4112,5620,-773,119,-98,-14004,-5324,6344,-477,143,-112,0
476.1129710674286,8616,6612,11408,-127,-126,133,7360,-9388,10116,-47,117,-222,-13776,4156,5720,-985,116,-95,-13932,-4932,6288,-474,151,-132,0
476.14605712890625,8452,6608,11224,-181,-96,116,7352,-9312,10320,-31,137,-211,-13792,4144,5544,-991,107,-122,-13920,-4896,6144,-472,127,-107,0
476.1798720359802,8612,6572,11092,-149,-128,122,7400,-9424,10028,-24,150,-169,-13804,4236,5712,-1021,78,-110,-14040,-5044,6264,-503,145,-122,0
476.2135300636292,8672,6656,11060,-169,-67,106,7656,-9380,10292,-15,134,-157,-13752,4160,5480,-1048,59,-108,-13932,-5088,6232,-512,121,-139,0
476.2471001148224,8524,6680,11120,-131,-72,118,7428,-9372,10312,-39,122,-180,-13840,4224,5776,-998,59,-78,-13920,-5180,6372,-514,101,-121,0
476.28399300575256,8692,6452,11236,-117,-62,74,7624,-9340,10356,-55,159,-154,-13796,4328,5512,-980,42,-85,-13932,-5064,6276,-511,107,-171,0
476.3196301460266,8604,6428,11148,-177,-44,81,7292,-9412,10280,26,197,-162,-13780,4240,5508,-980,47,-56,-13920,-5360,6288,-473,181,-117,0
476.3550260066986,8648,6648,11276,-139,-61,89,7340,-9328,10252,-10,151,-150,-13880,4136,5516,-1046,106,-55,-13932,-5240,6320,-477,143,-135,0
476.3902530670166,8512,6644,11412,-126,-74,110,7356,-9392,10028,-41,113,-171,-13668,4156,5748,-1008,108,-76,-14024,-5056,6264,-459,95,-97,0
476.4250400066376,8576,6408,11216,-154,-68,108,7320,-9432,10232,-64,148,-188,-13744,4188,5584,-965,104,-85,-13948,-5132,6280,-475,129,-108,0
476.4604830741883,8584,6584,11316,-139,-46,108,7332,-9404,10312,-32,160,-174,-13788,4132,5616,-985,68,-25,-13940,-5240,6308,-508,129,-124,0
476.4956841468811,8640,6576,11104,-135,-71,91,7408,-9428,10288,-29,166,-154,-13672,4168,5448,-1027,69,-53,-13648,-5088,6256,-500,154,-148,0
476.5312020778656,8572,6576,11036,-156,-44,95,7232,-9500,10252,-21,139,-159,-13684,4132,5700,-992,99,-100,-13952,-5080,6440,-484,178,-83,0
476.56762313842773,8584,6684,11272,-168,-100,105,7292,-9432,10228,-12,133,-199,-13752,4316,5736,-999,143,-135,-13908,-5272,6444,-512,178,-82,0
476.6026411056518,8616,6652,11204,-120,-142,105,7332,-9332,10248,-36,131,-191,-13728,4224,5672,-1005,122,-120,-13988,-5028,6200,-490,158,-96,0
476.6381590366364,8624,6468,11508,-164,-113,135,7428,-9380,10196,-16,153,-172,-13740,4240,5564,-1036,116,-73,-14048,-5368,6368,-487,116,-111,0
476.673397064209,8596,6420,11120,-179,-39,121,7400,-9420,10328,-27,139,-166,-13748,4156,5648,-990,98,-66,-13956,-5112,6392,-490,81,-131,0
476.70945596694946,8768,6604,11220,-154,-64,101,7336,-9448,10224,-60,246,-179,-13640,4132,5612,-780,87,-97,-13928,-5176,6332,-499,119,-125,0
476.74456214904785,8568,6440,11044,-144,-93,97,7336,-9356,10268,-49,152,-178,-13756,4236,5556,-1007,70,-82,-13884,-5172,6468,-509,178,-120,0
476.78038907051086,8584,6680,11268,-150,-85,101,7248,-9424,10368,-41,144,-187,-13740,4280,5548,-985,146,-115,-13944,-5320,6280,-485,170,-129,0
476.8188049793244,8680,6604,11060,-140,-103,100,7308,-9292,10280,-1,133,-191,-13676,4108,5616,-1272,125,-157,-13916,-5376,6444,-458,180,-126,0
476.8545620441437,8552,6628,11048,-164,-93,125,7268,-9400,10300,-10,129,-192,-13720,4252,5700,-1014,133,-94,-13992,-5008,6280,-497,182,-133,0
476.8897240161896,8564,6600,11252,-140,-108,116,7328,-9376,10236,-47,131,-193,-13800,4144,5788,-993,125,-128,-13948,-5072,6268,-503,160,-92,0
476.9271619319916,8656,6640,11108,-123,-93,109,7328,-9424,10224,-52,165,-167,-13800,4148,5568,-1010,114,-20,-13964,-5048,6272,-500,153,-110,0
476.9607560634613,8700,6616,11136,-176,-105,90,7316,-9372,10208,-49,137,-189,-13776,4088,5656,-975,105,-81,-13940,-5068,6380,-508,159,-98,0
476.99429512023926,8640,6668,11208,-126,-76,99,7628,-9464,10248,-26,148,-179,-13588,4132,5672,-1012,93,-49,-13944,-5108,6268,-767,174,-130,0
477.0280539989472,8500,6564,11488,-137,-106,110,7340,-9408,10120,-4,140,-203,-14016,4196,5764,-987,115,-128,-13952,-4888,6320,-508,167,-134,0
477.06166315078735,8668,6404,11464,-141,-125,121,7264,-9452,10336,-24,125,-216,-13788,4200,5720,-993,132,-138,-13916,-5128,6444,-470,141,-118,0
477.0949511528015,8628,6656,11260,-108,-69,81,7476,-9360,10328,-71,103,-193,-13768,4196,5616,-993,79,-41,-14032,-5096,6364,-507,63,-157,0
477.12856101989746,8792,6580,11076,-101,-27,29,7376,-9392,10304,-57,254,-101,-13868,4132,5672,-781,253,-245,-13856,-5060,6308,-528,58,-201,0
477.1614861488342,8660,6524,11188,-157,62,50,7320,-9372,10016,250,204,-94,-13684,4192,5664,-769,255,-255,-13940,-5136,6320,-491,58,-188,0
477.19492506980896,8560,6716,11108,-125,71,29,7392,-9396,10408,-65,171,-85,-13772,4152,5676,-1010,50,-53,-14012,-5076,6432,-488,90,-163,0
477.22855305671686,8556,6708,11032,-125,250,47,7376,-9408,10440,-60,164,-133,-13608,4148,5424,-970,74,-45,-14060,-5092,6324,-475,117,-157,0
477.2620711326599,8616,6596,11196,-125,-29,79,7244,-9696,10492,-66,130,-145,-13772,4192,5816,-1273,80,-22,-13872,-5032,6364,-498,129,-132,0
477.2953140735626,8512,6584,11172,-108,-49,110,7188,-9388,10136,-23,121,-135,-13684,4212,5736,-1015,76,-83,-13904,-5136,6460,-478,111,-129,0
477.3286819458008,8460,6612,11408,-123,8,84,7264,-9372,10148,-85,140,-119,-13824,4188,5456,-986,61,-48,-13896,-5228,6468,-501,69,-140,0
477.3623440265656,8616,6780,11116,-125,21,61,7292,-9664,10340,-81,152,-130,-13724,4188,5804,-974,41,-60,-13880,-5100,6296,-508,104,-153,0
477.3956360816956,8448,6452,11220,-117,-239,72,7244,-9492,10324,-38,177,-113,-13764,4220,5812,-978,68,-54,-13928,-5040,6308,-768,130,-126,0
477.4291319847107,8592,6588,11300,-171,-47,84,7236,-9472,9988,249,159,-165,-13712,4148,5416,-996,108,-81,-13956,-5136,6336,-262,186,-112,0
477.46268796920776,8456,6480,11028,-136,-83,143,7228,-9272,10072,-22,137,-216,-13628,4148,5872,-1008,136,-139,-13940,-5052,6268,-504,208,-76,0
477.4960980415345,8576,6684,11340,-145,-100,147,7292,-9452,10408,-41,84,-233,-13756,4204,5732,-981,143,-115,-13972,-5052,6376,-495,217,-84,0
477.52960801124567,8636,6648,11456,-162,-131,129,7356,-9448,10232,-15,106,-217,-13876,4300,5520,-980,172,-168,-14036,-5132,6340,-494,180,-91,0
477.56312894821167,8588,6464,11164,-185,-136,135,7304,-9400,10360,-1,175,-198,-13588,4236,5708,-1280,159,-131,-14064,-5376,6312,-494,184,-85,0
477.59690499305725,8536,6880,11460,-162,-152,143,7272,-9336,10412,10,152,-188,-13744,4136,5704,-1009,140,-108,-13832,-5112,6316,-512,198,-107,0
477.6304130554199,8588,6896,11184,-176,-145,125,7300,-9380,10256,2,138,-211,-13744,4220,5608,-1014,148,-95,-13876,-4940,6208,-481,187,-73,0
477.6638960838318,8588,6900,11192,-189,-150,140,7416,-9408,10276,-246,165,-220,-13788,4196,5488,-970,166,-125,-13892,-5264,6288,-489,197,-84,0
477.6975619792938,8660,6644,11292,-170,-153,127,7348,-9356,10084,-254,133,-229,-13712,4152,5868,-996,156,-175,-13912,-5036,6264,-530,211,-61,0
477.7310440540314,8580,6604,11472,-173,-177,139,7252,-9424,10360,28,132,-218,-13704,4176,5644,-1006,144,-171,-13948,-5200,6424,-475,185,-80,0
477.76479601860046,8584,6752,11124,-196,-157,132,7400,-9436,10260,13,124,-210,-13784,4156,5704,-1056,170,-139,-13964,-5036,6392,-502,194,-73,0
477.7982659339905,8616,6568,11200,-176,-173,157,7320,-9372,10300,-9,130,-220,-13780,4164,5648,-1020,183,-117,-14000,-5104,6284,-504,239,-78,0
477.83179211616516,8668,6548,11076,-181,-184,141,7324,-9320,10428,-10,117,-226,-13804,4172,5712,-1012,158,-90,-14028,-5048,6320,-487,197,-52,0
477.8653950691223,8556,6512,11200,-172,-158,138,7356,-9400,10076,252,93,-189,-13808,4156,5632,-989,162,-92,-13908,-5024,6272,-262,177,-46,0
477.8987100124359,8620,6528,11232,-176,-142,123,7296,-9412,10216,12,132,-200,-13744,4216,5672,-1012,158,-159,-13908,-5056,6492,-505,188,-81,0
477.9323649406433,8628,6604,11176,-209,-135,143,7320,-9408,10372,-254,140,-213,-13724,4156,5580,-1002,160,-112,-13996,-5104,6296,-496,163,-76,0
477.96913599967957,8716,6660,11020,-177,-166,164,7492,-9372,10272,-7,112,-193,-13720,4276,5752,-1033,105,-97,-13972,-5084,6380,-491,150,-79,0
478.00440406799316,8672,6544,11264,-203,-133,140,7372,-9340,10248,34,90,-217,-13772,4168,5600,-1041,142,-177,-13896,-5352,6580,-464,168,-55,0
478.0398600101471,8568,6632,11308,-160,-148,126,7304,-9336,10320,15,101,-217,-13780,4264,5488,-776,192,-99,-13968,-5100,6300,-504,211,-64,0
478.0748789310456,8604,6464,11376,-181,-194,152,7344,-9420,10280,17,123,-252,-13676,4232,5396,-983,180,-163,-14076,-5080,6260,-485,230,-64,0
478.1102719306946,8700,6508,11360,-219,-225,171,7332,-9380,10444,5,104,-223,-13844,4176,5732,-1021,165,-118,-13976,-5084,6444,-479,204,-58,0
478.1455979347229,8776,6568,11276,-169,-187,151,7220,-9300,10004,18,97,-178,-13784,4208,5692,-1008,148,-149,-13968,-5080,6244,-501,144,-88,0
478.1812460422516,8616,6620,11024,-189,-144,147,7296,-9440,10264,3,103,-217,-13692,4056,5712,-1018,145,-124,-13976,-4996,6392,-500,156,-86,0
478.21747398376465,8716,6580,11240,-151,-204,140,7376,-9368,10356,-23,108,-214,-13708,4108,5608,-1020,142,-136,-14064,-5008,6300,-767,201,-74,0
478.2524199485779,8704,6796,11164,-154,-172,146,7388,-9316,10328,247,81,-229,-13704,3848,5640,-1015,146,-156,-13864,-4912,6264,-766,212,-67,0
478.2881541252137,8632,6532,11132,-138,-154,135,7416,-9320,10060,-27,70,-227,-13760,4076,5532,-1010,130,-89,-13984,-5056,6256,-498,205,-81,0
478.32379698753357,8736,6536,11180,-141,-158,123,7400,-9648,10316,-42,95,-207,-13836,4236,5844,-993,132,-104,-14112,-5040,6440,-477,181,-106,0
478.3598690032959,8896,6560,11424,-163,-78,123,7416,-9308,10416,-17,140,-187,-13856,4080,5856,-1014,81,-97,-14016,-4956,6200,-477,139,-123,0
478.394937992096,8736,6500,11476,-130,-67,98,7440,-9356,10260,-25,165,-166,-13956,4140,5640,-995,48,-72,-13984,-4936,6328,-503,138,-148,0
478.4306931495667,8528,6500,11192,-119,-31,84,7312,-9328,10340,-78,162,-150,-13696,4060,5644,-1009,62,-87,-14000,-5072,6304,-768,127,-136,0
478.4655990600586,8584,6500,11284,-128,-51,75,7368,-9240,10284,-48,153,-150,-13816,4112,5540,-997,25,-35,-13976,-5044,6220,-506,131,-115,0
478.5012381076813,8632,6468,11172,-123,-33,99,7404,-9340,10276,-57,145,-152,-13760,4108,5564,-993,80,-98,-13904,-5096,6480,-486,113,-121,0
478.53729009628296,8616,6572,11500,-131,-47,92,7316,-9392,10376,-58,128,-183,-13716,4084,5732,-1000,86,-81,-13920,-5048,6352,-483,148,-135,0
478.5720191001892,8588,6564,11232,-121,-54,107,7284,-9372,10348,-48,120,-184,-13764,4232,5692,-986,89,-128,-13864,-5024,6272,-481,172,-122,0
478.60901403427124,8584,6440,11340,-92,-85,94,7312,-9416,10200,-37,152,-161,-13796,4188,5668,-976,64,-58,-13976,-5056,6264,-258,157,-141,0
478.6423330307007,8708,6552,11220,-120,-60,77,7368,-9448,10384,-30,144,-192,-14060,3932,5476,-1001,87,-62,-13840,-5000,6292,-486,154,-91,0
478.6758930683136,8596,6604,11232,-132,-93,87,7200,-9412,10240,-36,127,-172,-13800,4244,5668,-998,86,-88,-14020,-5060,6292,-475,106,-143,0
478.7094631195069,8932,6572,11104,-113,-55,85,7452,-9420,10104,-47,178,-150,-13808,4152,5620,-1000,44,-36,-14028,-5044,6208,-510,110,-148,0
478.74297404289246,8888,6516,11248,-91,-4,60,7360,-9412,10288,-35,163,-129,-13804,4108,5680,-1004,4,-93,-13904,-4972,6352,-257,124,-176,0
478.7765641212464,8924,6508,11196,-130,-2,88,7240,-9348,10400,-6,165,-142,-13728,4104,5496,-1003,40,241,-14004,-5072,6212,-494,94,-112,0
478.8100221157074,8912,6592,11092,-118,-41,67,7272,-9468,10224,-73,163,-138,-13784,4096,5832,-957,67,-20,-14020,-5176,6244,-482,126,-141,0
478.84360003471375,8588,6544,11264,-147,-33,69,7320,-9480,10300,-60,164,-167,-13728,4116,5532,-957,62,-59,-13972,-5112,6500,-469,140,-151,0
478.8774380683899,8684,6552,11240,-140,-43,112,7392,-9452,10280,-36,123,-130,-13680,4224,5560,-769,63,-64,-13968,-5376,6216,-496,103,-178,0
478.9107620716095,8628,6560,11152,-95,10,74,7168,-9348,10240,-40,152,-137,-13704,4168,5716,-994,37,-49,-13960,-5308,6520,-504,63,-172,0
478.9443120956421,8572,6652,11284,-106,28,72,7240,-9420,10276,-58,164,-153,-13712,4212,5860,-985,36,-62,-13920,-5164,6484,-506,94,-159,0
478.9778039455414,8508,6604,11384,-98,-23,69,7176,-9372,10432,-23,173,-161,-13764,4256,5756,-992,49,-81,-13956,-5200,6260,-516,124,-163,0
479.0113000869751,8632,6584,11236,-104,1,68,7300,-9472,10236,-26,150,-160,-13784,4136,5872,-995,51,-63,-13968,-5044,6572,-507,135,-142,0
479.0449030399323,8648,6516,11116,-90,-59,30,7220,-9388,10188,-32,120,-185,-13672,4096,5632,-977,83,-61,-13880,-5008,6300,-504,144,-173,0
479.07846903800964,8560,6592,11188,-101,-48,76,7424,-9372,10388,-11,148,-165,-13620,4172,5580,-1001,70,-95,-14004,-5032,6456,-470,143,-134,0
479.11195707321167,8636,6640,11332,-142,-47,74,7312,-9444,10208,-6,155,-191,-13812,4116,5824,-983,119,-101,-13932,-5080,6532,-479,149,-110,0
479.1453649997711,8568,6532,11280,-163,-92,96,7360,-9480,10256,-1,159,-174,-13808,4200,5900,-1015,85,-124,-13936,-5100,6280,-486,177,-128,0
479.1790280342102,8656,6548,11064,-133,-70,91,7256,-9380,10328,28,156,-176,-13668,4272,5768,-1279,87,-63,-13996,-5032,6348,-496,170,-118,0
479.2124800682068,8592,6588,11360,-122,-64,79,7300,-9316,10228,-48,147,-163,-13744,4132,5852,-987,80,-58,-14012,-5128,6288,-492,122,-120,0
479.2461349964142,8768,6640,11332,-154,-87,114,7380,-9536,10436,-17,164,-195,-13700,4268,5676,-1005,93,-70,-13964,-5008,6528,-492,169,-93,0
479.27976393699646,8560,6624,11216,-144,-124,124,7272,-9412,10408,1,172,-188,-13736,4312,5672,-1044,150,-159,-13872,-5220,6248,-486,234,-37,0
479.3134191036225,8484,6680,11468,-151,-129,166,7284,-9288,10284,-14,68,-233,-13604,4204,5700,-975,240,-179,-13924,-5248,6384,-512,216,-23,0
479.3471610546112,8608,6548,11116,-119,-213,155,7248,-9328,10164,-58,101,-265,-13732,4096,5812,-977,177,-181,-14036,-5144,6316,-509,508,-28,0
479.3807229995728,8692,6552,11508,-148,-201,162,7288,-9388,10200,12,108,-242,-13760,4180,5600,-1021,221,-152,-13924,-5060,6380,-477,246,-48,0
479.4139161109924,8704,6600,11316,-183,-207,160,7288,-9380,10276,6,135,-232,-13656,4168,5424,-1011,199,-135,-13928,-4884,6312,-483,181,-45,0
479.44748306274414,8664,6532,11188,-175,-113,178,7232,-9372,10304,-8,123,-205,-13732,4040,5652,-1016,187,-131,-13892,-5068,6284,-475,183,-30,0
479.4811580181122,8592,6564,11428,-185,-109,166,7376,-9428,10284,-10,97,-213,-13744,4136,5380,-1044,175,-126,-13944,-5028,6340,-510,189,-58,0
479.51486110687256,8624,6572,11492,-146,-179,164,7328,-9380,10404,-18,72,-235,-13712,4108,5732,-772,158,-163,-13904,-5088,6388,-526,241,-59,0
479.54857301712036,8688,6652,11272,-135,-203,154,7336,-9428,10288,-11,81,-242,-13772,4300,5512,-1013,158,-166,-13908,-5020,6200,-497,268,-99,0
479.58203196525574,8652,6648,11236,-157,-187,144,7400,-9228,10360,-44,58,-266,-13668,3856,5792,-984,163,-126,-14008,-5092,6248,-499,224,-90,0
479.61551308631897,8624,6468,11216,-191,-192,133,7420,-9408,10268,-38,67,-223,-13744,4220,5832,-982,124,-109,-13936,-4980,6392,-484,177,-99,0
479.65276408195496,8456,6508,11144,-188,-74,103,7408,-9332,10280,-16,128,-171,-13764,4112,5728,-999,90,-44,-13908,-5060,6312,-480,80,-166,0
479.68874406814575,8824,6628,11164,-188,-26,58,7360,-9280,10244,-25,186,-128,-14048,3888,5764,-1011,67,-90,-14016,-5064,6588,-470,113,-179,0
479.72402691841125,8704,6532,11460,-182,-31,74,7304,-9380,10344,0,174,-160,-13812,4184,5692,-1015,65,-90,-13944,-5080,6348,-258,177,-130,0
479.75919914245605,8904,6424,11228,-155,-122,100,7356,-9408,10396,-34,176,-186,-13824,4224,5832,-772,72,-123,-13928,-5128,6312,-520,163,-129,0
479.79508996009827,8504,6544,11332,-110,-97,114,7284,-9404,10060,-32,140,-201,-13784,4100,5700,-979,123,-77,-13924,-5060,6156,-518,167,-99,0
479.83045411109924,8628,6460,11396,-119,-88,98,7252,-9288,10204,-56,95,-177,-13692,4040,5668,-985,147,-116,-13988,-4908,6352,-517,170,-96,0
479.8655700683594,8672,6632,11192,-152,-75,124,7304,-9388,10276,-27,144,-168,-13748,4184,5764,-988,93,-55,-13892,-5172,6228,-463,101,-87,0
479.90089201927185,8584,6536,11048,-156,-49,116,7344,-9412,10276,-36,163,-159,-13724,4192,5732,-1002,96,-84,-13984,-5016,6336,-486,142,-137,0
479.9361670017243,8660,6548,11272,-152,-92,132,7292,-9420,10256,-29,167,-186,-13848,4072,5848,-966,124,-106,-13884,-5020,6320,-509,179,-92,0
479.97190594673157,8476,6624,11288,-142,-129,134,7308,-9424,10388,-34,96,-176,-13728,3880,5468,-970,164,-103,-14020,-4996,6244,-258,160,-96,0
480.00745511055,8460,6392,11348,-138,-118,117,7336,-9360,10024,-25,113,-190,-13804,4152,5396,-992,122,-106,-14028,-5060,6192,-491,172,-147,0
480.0430500507355,8668,6528,11100,-129,-99,93,7380,-9664,10116,-20,152,-210,-13780,4124,5820,-996,107,-53,-13988,-4948,6304,-499,145,-105,0
480.07820892333984,8684,6580,11180,-144,-82,89,7304,-9328,10292,-35,186,-181,-13768,4216,5448,-1011,89,-123,-13992,-5288,6280,-508,139,-132,0
480.1136329174042,8732,6584,11180,-156,-80,104,7280,-9448,10268,248,129,-171,-13796,4160,5644,-1019,106,-100,-13956,-5032,6360,-501,146,-135,0
480.1496901512146,8536,6544,11252,-138,-75,107,7428,-9372,10208,-13,131,-193,-13776,4188,5884,-1019,83,-117,-13964,-5012,6260,-759,139,-126,0
480.1849570274353,8928,6612,11188,-127,-107,93,7332,-9392,10160,-44,135,-190,-13772,4184,5680,-1004,103,-127,-13952,-5104,6416,-483,168,-131,0
480.2211310863495,8680,6608,11228,-162,-77,80,7328,-9312,10364,-38,123,-202,-13612,4116,5720,-958,131,-76,-13968,-5104,6180,-762,112,-143,0
480.2562520503998,8704,6532,11196,-130,-92,80,7316,-9468,10316,-46,181,-185,-13884,4236,5592,-991,59,-131,-13992,-5060,6292,-498,181,-146,0
480.29359793663025,8620,6572,11380,-165,-68,99,7252,-9376,10168,-26,131,-174,-13644,4072,5836,-1016,64,-112,-13940,-5032,6392,-498,131,-128,0
480.3271861076355,8672,6632,11288,-99,-55,104,7372,-9312,10248,-54,123,-166,-13732,4348,5736,-1005,76,-48,-14016,-4884,6216,-262,122,-125,0
480.3607800006867,8700,6536,11312,-112,-75,66,7168,-9220,10404,-46,146,-180,-13576,4140,5560,-969,109,-55,-13940,-5048,6368,-515,167,-131,0
480.39403796195984,8532,6584,11288,-157,-46,99,7408,-9444,10324,-2,153,-172,-13872,4192,5656,-1033,59,-98,-13952,-4896,6364,-469,160,-126,0
480.4278061389923,8668,6540,11248,-113,-48,125,7340,-9412,10184,-16,131,-154,-13800,4260,5716,-986,103,-127,-13996,-5136,6348,-494,98,-123,0
480.46101713180536,8720,6624,11264,-152,-86,91,7228,-9392,10168,-65,145,-151,-13620,3900,5768,-954,61,-87,-13960,-5320,6288,-492,73,-131,0
480.49442505836487,8616,6588,11324,-161,-61,103,7348,-9444,10324,-76,150,-161,-13768,4108,5552,-1271,90,-92,-13884,-5052,6160,-505,131,-140,0
480.5281059741974,8584,6560,11280,-117,-31,91,7348,-9396,10268,1,170,-174,-13680,4064,5640,-1019,71,-81,-13980,-4980,6384,-257,163,-125,0
480.5615940093994,8664,6576,11284,-151,-71,86,7296,-9360,10188,-8,139,-182,-13644,4144,5528,-1006,92,-84,-13900,-5144,6368,-765,184,-105,0
480.5953769683838,8660,6500,11100,-152,-113,104,7224,-9404,10276,-21,120,-204,-13668,3920,5644,-995,154,-146,-13908,-5052,6468,-494,195,-121,0
480.62898206710815,8620,6468,11200,-140,-135,123,7284,-9380,10328,-32,137,-208,-13800,4160,5788,-984,164,-115,-13916,-5332,6376,-491,156,-122,0
480.6623001098633,8728,6480,11136,-163,-117,101,7332,-9464,10276,-12,186,-196,-13860,4260,5544,-996,76,-123,-14044,-4988,6208,-492,147,-137,0
480.6958141326905,8784,6588,11380,-127,-67,83,7388,-9364,10392,-18,162,-152,-13760,4104,5560,-1004,100,-73,-13960,-5096,6484,-513,134,-133,0
480.7292640209198,8652,6556,11296,-136,-65,118,7364,-9280,10184,-28,110,-155,-13716,4096,5868,-1008,71,-89,-13976,-5084,6224,-542,148,-130,0
480.7626600265503,8620,6600,11276,-140,-92,122,7384,-9316,10356,-28,131,-183,-13740,4088,5680,-1001,110,-100,-14068,-5116,6268,-509,168,-117,0
480.7961950302124,8616,6668,11136,-166,-98,86,7288,-9360,10036,-18,142,-202,-13800,4112,5556,-1008,85,-131,-13908,-5044,6396,-507,152,-89,0
480.8298039436341,8696,6592,11448,-150,-101,95,7416,-9468,10340,-22,108,-173,-13804,4204,5612,-1017,97,-107,-13988,-5040,6320,-491,145,-111,0
480.8632080554962,8580,6612,11272,-139,-111,101,7400,-9408,10384,-22,129,-191,-13864,4108,5700,-995,97,-102,-13924,-5120,6284,-479,170,-120,0
480.8967819213867,8564,6548,11376,-131,-111,109,7280,-9228,10416,-15,130,-207,-13636,4192,5592,-987,108,-83,-13944,-5020,6348,-522,168,-95,0
480.93027710914606,8712,6564,11208,-148,-106,118,7364,-9384,10024,-17,137,-190,-13748,4132,5664,-981,125,-109,-13832,-4964,6256,-497,147,-101,0
480.9639000892639,8636,6560,11164,-99,-105,94,7260,-9392,10312,-36,141,-182,-13580,4196,5604,-968,90,-139,-13968,-4960,6648,-524,143,-119,0
480.997370004654,8712,6564,11196,-145,-127,89,7348,-9452,10416,-32,135,-189,-14064,4320,5508,-1060,93,-117,-14044,-4992,6624,-768,150,-113,0
481.03109312057495,8688,6600,11112,-143,-67,116,7336,-9420,10212,4,128,-161,-13672,4148,5536,-1017,121,-90,-13972,-5072,6300,-258,128,-124,0
481.06476211547846,8536,6564,11264,-112,-62,90,7652,-9392,10304,-63,144,-171,-13996,4140,5712,-1000,115,-75,-13936,-5120,6264,-487,147,-114,0
481.09794306755066,8640,6440,11268,-142,-91,83,7364,-9480,10196,-10,166,-195,-13812,4300,5664,-974,100,-125,-14032,-5112,6340,-480,183,-104,0
481.1315460205078,8544,6420,11276,-146,-56,113,7640,-9456,10340,-14,122,-164,-13764,4132,5688,-1036,101,-74,-13880,-4872,6648,-499,160,-137,0
481.16489601135254,8756,6596,11316,-128,-100,119,7352,-9388,10380,-19,141,-151,-13824,3848,5484,-1003,77,-74,-14036,-5348,6560,-486,86,-130,0
481.1982989311218,8656,6496,11168,-123,-25,61,7304,-9424,10204,-78,187,-159,-13960,4236,5640,-990,21,-58,-13952,-4976,6364,-493,51,-170,0
481.2318251132965,8644,6552,11268,-84,-8,45,7324,-9392,10268,-78,180,-116,-13760,4168,5624,-1019,12,-4,-13980,-4992,6212,-537,106,-178,0
481.2653081417084,8736,6568,11164,-109,78,23,7368,-9364,10296,-16,192,-121,-13648,4348,5840,-998,36,-38,-13940,-5072,6380,-483,149,-180,0
481.2989010810852,8528,6700,11292,-143,29,75,7312,-9356,10348,-58,135,-141,-13720,4200,5584,-1004,87,-45,-13952,-5024,6312,-481,151,-123,0
481.3361949920654,8552,6440,11240,-130,-60,98,7284,-9452,10248,-52,126,-147,-13792,4160,5756,-987,84,-88,-13956,-5036,6152,-497,132,-122,0
481.3718740940094,8644,6656,11156,-117,-39,100,7384,-9352,10376,-58,137,-166,-13784,4176,5800,-971,62,-80,-13912,-5060,6308,-482,132,-169,0
481.4080250263214,8688,6624,11064,-124,-36,67,7288,-9440,10360,-42,138,-141,-13744,4240,5520,-1005,90,-28,-13908,-4976,6284,-520,135,-145,0
481.44354701042175,8616,6820,11272,-105,-9,78,7388,-9348,10252,-31,167,-119,-13688,4224,5672,-974,61,-68,-13892,-5100,6444,-516,110,-140,0
481.4793019294739,8584,6560,11168,-106,-17,68,7356,-9420,10296,-67,189,-141,-13640,4092,5556,-999,51,-20,-14000,-5012,6328,-486,130,-146,0
481.5141091346741,8688,6636,11356,-129,-12,40,7276,-9448,10248,-62,190,-140,-13716,4228,5668,-938,32,-97,-13968,-5120,6464,-484,137,-164,0
481.54951095581055,8664,6596,11420,-115,-43,70,7348,-9336,10296,-30,170,-160,-13760,4160,5492,-999,71,-65,-13840,-4876,6192,-516,158,-139,0
481.5845010280609,8668,6628,11372,-113,-81,67,7356,-9488,10444,-42,149,-167,-13768,4188,5560,-986,124,-93,-13856,-5108,6336,-472,194,-121,0
481.62057900428766,8572,6632,11044,-136,-50,109,7324,-9512,10396,-36,89,-191,-13680,4148,5704,-1005,109,-76,-13940,-5064,6264,-491,141,-126,0
481.6555850505829,8564,6524,11172,-125,-60,100,7340,-9436,10216,-20,140,-181,-13776,4228,5684,-1006,77,-78,-14036,-5092,6464,-513,109,-151,0
481.6919641494751,8464,6624,11292,-109,-32,70,7224,-9372,10360,-74,165,-131,-13692,4140,5700,-983,70,-77,-13892,-5132,6460,-518,127,-138,0
481.72801399230957,8556,6552,11348,-123,-10,77,7356,-9504,10304,24,161,-112,-13768,4168,5728,-1032,27,-47,-13944,-4912,6344,-508,146,-174,0
481.7628891468048,8672,6628,11312,-173,-30,87,7260,-9268,10368,23,173,-117,-13788,4124,5772,-1019,69,-88,-13956,-4868,6352,-516,106,-120,0
481.79861307144165,8596,6600,11276,-104,-34,96,7308,-9348,10376,-54,128,-178,-13808,4172,5768,-986,101,-89,-13904,-5100,6228,-509,164,-95,0
481.8383331298828,8624,6600,11036,-167,-62,122,7240,-9220,10328,-15,141,-189,-13744,4264,5668,-1007,145,-125,-13832,-5100,6424,-489,191,-65,0
481.87497210502625,8616,6456,11312,-126,-96,117,7292,-9412,10264,-253,154,-180,-13736,4192,5732,-1013,116,-107,-13940,-5132,6272,-758,183,-77,0
481.91114401817316,8528,6628,11244,-169,-109,136,7260,-9344,10368,-16,152,-178,-13668,4180,5800,-976,134,-123,-13868,-5148,6444,-489,153,-111,0
481.9471180438996,8612,6712,11432,-178,-147,131,7248,-9392,10432,-40,159,-210,-13660,4240,5688,-965,157,-167,-14064,-4868,6308,-491,194,-104,0
481.98280501365656,8484,6656,11372,-151,-163,114,7348,-9332,10320,6,149,-231,-13780,4248,5664,-994,164,-142,-13896,-5068,6168,-509,235,-79,0
482.01638913154596,8576,6648,11376,-186,-174,151,7224,-9376,10128,39,97,-237,-13620,4204,5732,-1027,196,-98,-13952,-5036,6364,-759,235,-66,0
482.0499999523163,8600,6612,11156,-155,-171,149,7328,-9412,10284,17,98,-228,-13712,4192,5580,-999,219,-161,-13976,-5120,6292,-507,235,-58,0
482.0834939479828,8660,6588,11360,-210,-196,163,7284,-9432,10336,32,121,-1,-14000,4148,5720,-996,197,-180,-13996,-5068,6336,-479,228,-60,0
482.11726713180536,8612,6512,11208,-184,-174,159,7400,-9432,10308,22,134,-244,-13692,4212,5536,-1003,171,-171,-13860,-5068,6368,-766,219,-72,0
482.1503491401673,8592,6552,11388,-197,-176,156,7304,-9356,10356,45,93,-216,-13796,4160,5788,-1009,155,-134,-13912,-5112,6368,-508,226,-68,0
482.1836969852448,8552,6604,11236,-177,-171,147,7288,-9336,10280,7,88,-225,-13704,4168,5660,-1030,203,-129,-14008,-5148,6320,-476,202,-69,0
482.2175381183625,8552,6592,11260,-203,-161,144,7276,-9296,10276,-11,114,-210,-14048,4136,5536,-1017,164,-139,-13960,-5096,6296,-494,215,-54,0
482.25104999542236,8632,6608,11224,-212,-187,162,7316,-9356,10308,13,108,-223,-13768,4160,5772,-992,161,-166,-13924,-4976,6264,-493,213,-39,0
482.2844099998474,8648,6552,11252,-193,-199,183,7320,-9344,10264,-14,70,-220,-13684,4128,5532,-775,205,-178,-13904,-5016,6300,-499,235,-54,0
482.3179471492768,8756,6544,11164,-176,-202,174,7308,-9316,10040,-254,65,-268,-13764,4180,5408,-1040,230,-172,-13916,-5040,6620,-475,242,-37,0
482.3514361381531,8564,6572,11248,-168,-1,157,7320,-9360,10380,33,52,-274,-13792,4164,5676,-1014,193,-191,-13912,-5096,6400,-261,275,-92,0
482.3847360610962,8624,6404,11024,-162,-217,156,7328,-9404,10348,19,55,-271,-13640,4124,5552,-1035,210,-154,-14016,-4968,6264,-490,272,-44,0
482.4182300567627,8456,6600,11064,-157,-236,179,7324,-9336,10384,254,64,-1,-14052,4068,5504,-1022,189,-166,-14132,-4972,6176,-521,215,-35,0
482.4519920349121,8768,6516,11200,-150,-239,174,7348,-9424,10200,-14,44,-253,-13772,4172,5796,-1009,172,-167,-14032,-5104,6180,-492,209,-87,0
482.4853579998017,8848,6472,11152,-195,-136,150,7508,-9372,10380,31,90,-210,-13740,4112,5480,-1045,201,-185,-13988,-5012,6332,-469,213,-59,0
482.5189599990845,8684,6716,11156,-134,-172,161,7448,-9328,10324,10,50,-222,-13736,4132,5752,-1005,178,-155,-14012,-5080,6288,-495,230,-42,0
482.5523200035095,8596,6580,11260,-175,-238,150,7316,-9264,10432,-40,123,-6,-14032,4072,5808,-979,214,-159,-14312,-4980,6224,-449,287,-48,0
482.5856840610504,8552,6548,11012,-226,-199,174,7404,-9364,10436,28,81,-1,-13768,4176,5540,-1011,222,-183,-14324,-5000,6384,-467,241,-62,0
482.6193079948425,8464,6572,11172,-155,-196,176,7304,-9304,10432,33,81,-227,-13732,4160,5688,-1002,206,-188,-13876,-4928,6240,-467,169,-82,0
482.65298008918757,8468,6568,11228,-150,-158,161,7360,-9296,10440,253,82,-221,-13632,4340,5720,-1016,172,-175,-13940,-5084,6308,-488,168,-78,0
482.6866021156311,8684,6656,11112,-149,-204,151,7312,-9276,10312,-59,50,-277,-14012,4328,5520,-1021,221,-172,-13996,-4936,6232,-502,270,-11,0
482.7201581001282,8836,6416,11168,-123,-204,176,7360,-9320,10440,-26,5,-272,-13820,4004,5596,-771,249,-135,-13992,-4900,6328,-492,316,-2,0
482.7534921169281,8808,6580,11220,-169,-222,192,7412,-9196,10272,-11,13,-279,-13728,4072,5468,-1274,283,-157,-13968,-5092,6244,-766,291,-11,0
482.7870180606842,8708,6652,11160,-122,-239,191,7264,-9100,10040,-79,-9,-303,-13892,3884,5536,-1002,268,-147,-13992,-4968,6268,-474,273,-4,0
482.82072591781616,8776,6464,11100,-164,-266,179,7432,-9388,10288,-34,12,-285,-14020,4176,5400,-1017,251,-199,-14016,-4928,6216,-481,317,-17,0
482.8542320728302,8816,6508,11136,-135,-234,178,7452,-9320,10304,244,21,-286,-13912,4040,5396,-997,184,-190,-14036,-4932,6392,-512,262,-46,0
482.8875241279602,8892,6464,11364,-123,-211,150,7556,-9312,10360,31,62,-3,-13924,4116,5644,-1052,190,-166,-14020,-5084,6356,-488,275,-43,0
482.92107796669006,8760,6468,11112,-132,-178,151,7588,-9272,10192,62,71,-510,-13844,4100,5452,-1053,192,-176,-13980,-4700,6304,-487,271,-66,0
482.9546999931336,8784,6540,11128,-139,-221,122,7492,-9304,10360,26,98,-266,-13800,4344,5340,-1033,189,-153,-13984,-5024,6140,-492,252,-60,0
482.99068593978876,8780,6512,11512,-116,-205,115,7452,-9236,10296,2,108,-301,-13920,4088,5632,-1010,193,-199,-14088,-4956,6152,-513,284,-93,0
483.02619099617004,8892,6528,11140,-156,-263,154,7480,-9372,10356,73,67,-292,-13636,4108,5844,-1062,223,-502,-14008,-5116,5916,-498,335,-64,0
483.06183195114136,8872,6504,11432,-128,-271,154,7532,-9232,10440,81,64,-335,-13900,4064,5576,-1073,228,-212,-13984,-4972,6204,-483,323,-48,0
483.09764409065247,8812,6452,11100,-149,-275,162,7436,-9196,10416,64,63,-318,-13776,4068,5512,-1006,240,-223,-14044,-5056,6084,-510,289,-36,0
483.1327519416809,8888,6524,11216,-158,-279,186,7600,-9212,10360,16,85,-298,-13616,3996,5308,-999,217,-182,-13828,-4976,6236,-523,239,-62,0
483.16770911216736,8704,6480,11048,-144,-281,156,7448,-9424,10452,74,87,-269,-14008,4028,5440,-1073,124,-151,-13980,-4936,6324,-502,204,-88,0
483.2038729190827,8952,6552,11228,-169,-245,129,7592,-8764,10448,53,85,-233,-13844,3996,5452,-987,119,-152,-14176,-5008,6184,-492,157,-82,0
483.23876905441284,8996,6472,11240,-209,-237,149,7608,-8988,10368,64,119,-181,-13912,4064,5304,-998,120,-94,-14000,-4936,6120,-499,107,-70,0
483.2744791507721,8824,6424,11228,-233,-232,163,7504,-9224,10432,45,68,-170,-13916,4020,5456,-1073,114,-92,-14148,-4896,6244,-467,96,-98,0
483.3101420402527,8900,6236,10752,-221,-150,178,7600,-9044,10372,19,115,-165,-13800,3924,5220,-1004,108,-47,-13940,-5080,6056,-484,96,-120,0
483.3452970981598,8872,6472,10960,-161,-34,115,7468,-9092,10168,-18,117,-150,-13700,3848,5244,-999,86,-60,-13992,-4632,5960,-456,94,-170,0
483.380676984787,8896,6364,10984,-161,61,56,7628,-9108,10096,-18,263,-86,-13936,3972,5172,-988,2,28,-14028,-4956,6132,-472,91,-222,0
483.41594409942627,9040,6424,11144,-158,124,33,7708,-9424,10272,-17,306,-58,-13972,3972,5432,-974,-61,19,-14324,-4912,6272,-473,67,-212,0
483.4512560367585,9040,6500,11304,-184,147,14,7580,-9256,10436,-35,251,-87,-13936,4068,5368,-1081,26,27,-14028,-4980,6168,-472,59,-191,0
483.4872591495514,8816,6404,11284,-141,109,54,7500,-9380,10324,-42,185,-128,-13860,4004,5524,-1060,51,29,-14096,-5000,6256,-474,37,-209,0
483.52231001853943,8824,6436,11296,-126,66,74,7340,-9324,10272,-93,200,-97,-13844,4056,5416,-994,33,238,-13964,-4944,6312,-764,56,-225,0
483.55825304985046,8816,6416,11084,-107,58,51,7316,-9348,10264,-63,107,-100,-14040,4000,5848,-1029,35,37,-14032,-5024,6420,-517,92,-168,0
483.5937659740448,8832,6500,11136,-107,77,39,7520,-9280,10300,-52,138,-100,-13616,4304,5524,-991,10,39,-13928,-5008,6308,-525,33,-239,0
483.6309931278229,8800,6472,11204,-99,137,29,7384,-9236,10312,-71,273,-79,-13844,4088,5476,-917,-253,245,-14020,-4964,6280,-533,68,-214,0
483.6645369529724,8696,6460,11280,-120,73,19,7216,-9280,10380,-10,246,-140,-13880,4016,5632,-961,14,228,-14284,-5008,6212,-517,97,-196,0
483.6981711387634,8752,6500,11028,-116,28,28,7480,-9224,10284,-61,178,-91,-13820,3988,5660,-979,37,-17,-14096,-4900,6212,-513,77,-198,0
483.73181700706476,8832,6528,11032,-97,30,72,7660,-9148,10344,-83,219,-132,-13812,3924,5524,-917,38,-251,-14028,-5056,6204,-498,67,-174,0
483.7654480934143,8868,6536,11164,-177,33,37,7472,-9280,10256,-76,258,-117,-14072,4040,5480,-992,102,40,-13980,-5004,6124,-476,79,-172,0
483.79861402511597,8752,6544,11100,-178,34,79,7188,-9380,10364,-94,137,-110,-13836,4024,5604,-935,39,-40,-14020,-5032,6276,-521,79,-139,0
483.83217310905457,8832,6444,11008,-89,3,56,7652,-9332,10300,-41,136,-115,-13916,4200,5516,-1041,244,-29,-13960,-4956,6312,-540,70,-204,0
483.865788936615,8712,6520,11036,-119,57,47,7444,-9304,10276,-24,191,-89,-13840,4304,5656,-1008,-70,-240,-14044,-5080,6352,-519,37,-212,0
483.8989639282227,8772,6612,11196,-153,58,25,7400,-9256,10304,-19,232,-63,-13932,4100,5532,-919,-25,16,-14004,-5124,6248,-516,45,-171,0
483.9326150417328,8604,6652,11160,-140,39,50,7436,-9220,10392,-55,203,-103,-14056,4344,5572,-984,29,-20,-14052,-5044,6320,-510,48,-185,0
483.96612811088556,8744,6536,11188,-133,51,64,7404,-9356,10364,-63,211,-123,-13728,4272,5540,-985,5,-47,-13932,-4892,6332,-765,88,-143,0
483.999608039856,8644,6580,11236,-89,12,60,7520,-9200,10496,-69,137,-22,-13884,4172,5656,-948,-18,239,-14016,-5084,6176,-488,34,-159,0
484.0331361293793,8708,6484,11296,-142,83,46,7392,-9232,10288,-99,239,-100,-13780,4084,5708,-966,6,252,-14056,-5096,6188,-487,66,-159,0
484.0667531490326,8704,6452,11248,-154,43,49,7416,-9332,10392,-85,190,-99,-13900,4136,5556,-949,53,-11,-14020,-5032,6272,-485,43,-170,0
484.10055899620056,8696,6496,11196,-116,23,57,7424,-9300,10264,-71,185,-118,-13720,4156,5540,-968,27,-19,-13880,-5024,6236,-510,90,-186,0
484.1340160369873,8668,6516,11128,-171,-12,73,7220,-9356,10332,-19,181,-121,-13732,4152,5636,-1022,56,-32,-14000,-5200,6232,-508,106,-147,0
484.16759610176086,8604,6544,11076,-119,7,86,7308,-9392,10276,-49,72,-134,-13740,3844,5568,-1000,93,-31,-13908,-4976,6296,-519,82,-127,0
484.201054096222,8632,6560,11280,-107,-46,97,7352,-9280,10252,-32,69,-115,-13776,4212,5580,-961,69,-63,-14028,-5048,6348,-497,93,-128,0
484.2344460487366,8652,6596,11412,-125,46,110,7676,-9428,10324,-46,140,-125,-13768,4336,5664,-997,35,-26,-14028,-4936,6236,-515,77,-141,0
484.2683069705963,8476,6560,11400,-103,-252,80,7564,-9436,10416,-25,275,-158,-13860,4168,5612,-979,35,-21,-13980,-5016,6256,-521,111,-159,0
484.30175709724426,8700,6600,11052,-120,29,85,7300,-9300,10316,-8,182,-126,-13820,4088,5688,-995,67,-21,-13904,-5300,6280,-529,95,-156,0
484.3353409767151,8464,6512,11216,-140,251,88,7440,-9316,10256,-49,170,-131,-13800,4000,5708,-969,36,-45,-13948,-5096,6620,-492,96,-123,0
484.3689589500428,8692,6624,11296,-130,8,68,7452,-9296,10408,-75,173,-175,-13792,4340,5800,-979,81,-57,-14028,-4956,6364,-487,104,-156,0
484.4021420478821,8624,6572,11168,-118,-17,59,7416,-9000,10376,-28,318,-172,-13804,4104,5376,-966,34,-54,-13880,-4964,6312,-504,133,-129,0
484.43551301956177,8692,6464,11312,-133,2,63,7392,-9412,10272,16,7,-160,-13832,4164,5652,-945,40,-67,-13964,-4992,6396,-505,120,-157,0
484.46931099891657,8604,6500,11244,-127,9,74,7308,-9352,10448,-15,148,-74,-13860,4180,5840,-1006,71,-35,-13936,-5332,6564,-502,114,-146,0
484.5029020309449,8544,6600,11376,-108,21,90,7312,-9272,10344,-35,148,-151,-13796,4104,5704,-965,76,-53,-14004,-5068,6336,-496,105,-149,0
484.53664898872375,8664,6592,11220,-93,-11,89,7276,-9316,10376,-80,187,-159,-13744,4156,5720,-1004,69,-63,-13888,-5088,6308,-534,106,-173,0
484.5702459812164,8596,6520,11364,-89,-51,104,7168,-9336,10332,-45,149,-160,-13808,4056,5660,-1014,58,-87,-13976,-5016,6156,-539,119,-177,0
484.6041541099549,8576,6544,11024,-133,-16,91,7316,-9352,10344,-16,169,-156,-13628,4132,5840,-965,44,-112,-13904,-4912,6152,-537,99,-127,0
484.6374740600586,8568,6552,11208,-122,-15,67,7392,-9316,10460,-75,171,-149,-13672,4068,5644,-929,81,-43,-13944,-5088,6208,-265,134,-155,0
484.6733939647675,8576,6904,11344,-140,-23,87,7364,-9396,10380,-25,162,-159,-13732,4324,5816,-996,103,-58,-13904,-5088,6232,-509,148,-119,0
484.7093529701233,8560,6584,11308,-128,-44,92,7460,-9388,10132,19,330,-48,-13808,4148,5496,-931,72,-57,-13944,-5376,6192,-497,131,-105,0
484.744971036911,8548,6612,11324,-130,-7,107,7176,-9388,10420,30,133,-120,-13784,4152,5712,-998,95,-37,-13968,-5072,6492,-520,76,-132,0
484.780592918396,8680,6420,11320,-133,-45,93,7408,-9332,10328,-62,183,-144,-13672,4148,5660,-941,31,-86,-13964,-4876,6296,-508,81,-164,0
484.8158710002899,8628,6696,11320,-135,-20,82,7476,-9348,10324,-61,178,-160,-13776,4132,5712,-1067,90,-85,-13892,-5100,6304,-503,110,-165,0
484.851154088974,8620,6480,11172,-140,-11,73,7268,-9264,10444,-94,240,-154,-13752,4212,5644,-971,99,-59,-13936,-5044,6324,-523,178,-131,0
484.88613510131836,8612,6544,11256,-98,-62,98,7212,-9356,10460,-24,156,-173,-13640,4212,5824,-1012,75,-73,-13892,-5068,6464,-526,173,-145,0
484.9218940734863,8552,6624,11424,-148,-125,106,7304,-9368,10284,-65,111,-173,-13716,4128,5800,-1018,88,-109,-13924,-4880,6480,-534,180,-123,0
484.9574179649353,8632,6576,11324,-117,-68,82,7268,-9292,10312,-54,91,-179,-13784,4292,5596,-968,70,-56,-13904,-5324,6152,-529,141,-164,0
484.9928619861603,8544,6576,11416,-134,-40,76,7288,-9684,10388,-56,77,-192,-13764,4332,5424,-1259,122,-119,-13988,-5108,6256,-535,154,-119,0
485.02868509292597,8596,6556,11352,-128,-70,105,7300,-9292,10316,-64,109,-197,-13692,4196,5716,-971,90,-68,-13968,-5048,6324,-491,153,-109,0
485.0636160373688,8500,6404,11312,-145,-78,88,7344,-9340,10328,-79,162,-174,-13736,4188,5832,-964,65,-47,-13940,-5164,6544,-499,124,-151,0
485.0997769832611,8688,6600,11304,-128,-54,78,7308,-9288,10308,-37,167,-184,-13816,4340,5804,-915,106,-98,-14008,-5024,6328,-525,138,-135,0
485.1348841190338,8488,6632,11268,-143,-76,94,7280,-9272,10296,-25,107,-202,-13632,4116,5608,-989,121,-59,-13868,-4900,6460,-479,171,-128,0
485.1706719398499,8516,6528,11268,-133,-80,108,7644,-9412,10404,-53,116,-195,-13732,4144,5448,-912,60,-130,-13860,-5168,6400,-765,157,-155,0
485.2061951160431,8508,6664,11344,-149,-93,94,7260,-9380,10376,17,114,-171,-13696,4080,5612,-961,64,-99,-13940,-5116,6288,-261,164,-134,0
485.2417769432068,8632,6588,11444,-105,-89,87,7340,-9336,10372,-51,125,-196,-13780,4256,5756,-947,91,-98,-13928,-5204,6300,-257,139,-130,0
485.2775549888611,8568,6876,11100,-131,-39,113,7404,-9260,10292,-3,142,-156,-13584,4244,5760,-972,90,-99,-13828,-5208,6416,-510,160,-125,0
485.312618970871,8512,6560,11500,-115,-62,103,7296,-9316,10480,-24,124,-184,-13724,4284,5788,-1016,85,-60,-13832,-5316,6348,-508,153,-129,0
485.34822392463684,8500,6576,11516,-129,-38,109,7324,-9352,10156,-16,144,-179,-13756,4236,5632,-1014,109,-55,-13852,-5156,6624,-259,166,-127,0
485.3817241191864,8468,6404,11100,-135,-98,85,7432,-9372,10320,-8,137,-188,-13760,4128,5784,-907,99,-101,-13880,-5056,6424,-467,189,-100,0
485.4150559902191,8548,6560,11408,-154,-114,111,7172,-9436,10168,-11,124,-178,-13776,4300,5628,-964,142,-107,-13892,-5100,6520,-506,129,-110,0
485.4486999511719,8608,6500,11472,-151,-160,119,7372,-9420,10316,-256,151,-179,-13796,4200,5752,-1013,100,-112,-13952,-5024,6360,-534,183,-94,0
485.48222994804377,8560,6720,11360,-184,-142,140,7440,-9388,10352,35,155,-163,-13596,4196,5872,-1037,135,-106,-13916,-5132,6528,-502,187,-82,0
485.5157310962677,8560,6660,11056,-143,-130,124,7264,-9264,10476,-250,115,-216,-14040,4164,5688,-1014,176,-96,-13844,-5272,6400,-529,182,-120,0
485.54932713508606,8584,6640,11368,-164,-152,105,7252,-9336,10332,-22,151,-227,-13668,4256,5720,-969,138,-128,-13888,-5124,6376,-502,225,-87,0
485.5828421115876,8588,6588,11296,-197,-158,128,7292,-9400,10268,-22,138,-212,-13724,4164,5624,-993,121,-134,-13852,-5008,6392,-457,220,-77,0
485.61646914482117,8496,6620,11516,-138,-157,136,7280,-9300,10324,1,156,-215,-13608,4312,5508,-999,154,-116,-13924,-5096,6172,-462,155,-75,0
485.6494641304016,8580,6488,11388,-176,-182,145,7272,-9392,10328,-1,131,-214,-13888,4116,5720,-993,171,-123,-13888,-4912,6312,-475,169,-59,0
485.68308806419367,8560,6620,11268,-187,-179,141,7336,-9424,10440,-5,157,-208,-13604,4280,5692,-1009,170,-130,-14012,-5068,6260,-501,189,-71,0
485.7167320251465,8604,6596,11472,-164,-184,151,7352,-9308,10320,17,117,-214,-13696,4132,5416,-1016,129,-103,-13856,-5048,6276,-475,176,-95,0
485.7502539157868,8584,6552,11260,-181,-202,158,7272,-9332,10284,-254,96,-255,-13740,4212,5840,-1001,157,-157,-13912,-5148,6476,-482,213,-63,0
485.7838089466095,8516,6452,11496,-137,-193,165,7360,-9228,10360,12,101,-213,-13616,4124,5580,-1001,164,-155,-13956,-4948,6248,-482,223,-64,0
485.81738114357,8636,6564,11280,-181,-195,154,7428,-9288,10312,28,113,-221,-13708,4156,5712,-1019,161,-168,-13984,-5192,6192,-472,192,-87,0
485.8505530357361,8612,6536,11340,-185,-150,134,7320,-9368,10244,22,144,-178,-14068,3868,5608,-1033,155,-84,-14072,-5008,6460,-499,186,-75,0
485.8841209411621,8632,6544,11168,-177,-144,144,7600,-9280,10400,-246,67,-211,-13692,4084,5676,-1276,136,-135,-13964,-5176,6340,-257,202,-77,0
485.9174029827118,8744,6532,11340,-166,-188,140,7352,-9356,10380,-8,90,-215,-14008,4084,5804,-1271,127,-141,-13988,-5184,6252,-484,172,-88,0
485.9511489868164,8596,6536,11216,-149,-173,137,7596,-9352,10380,-10,122,-229,-13736,4264,5872,-979,136,-128,-13928,-4872,6224,-486,188,-82,0
485.98478507995605,8584,6544,11264,-161,-198,155,7336,-9348,10328,-10,119,-226,-13780,4108,5720,-1008,110,-162,-13884,-5076,6288,-508,205,-111,0
486.01842498779297,8584,6432,11328,-158,-167,135,7344,-9280,10344,35,108,-181,-13812,4252,5884,-1011,124,-140,-13888,-5116,6284,-487,202,-106,0
486.0520889759064,8656,6556,11280,-142,-168,155,7276,-9244,10272,21,125,-230,-13784,4228,5624,-1027,142,-118,-13920,-4984,6324,-498,191,-97,0
486.0855519771576,8672,6472,11468,-176,-203,136,7376,-9136,10424,7,138,-243,-13688,4072,5712,-1016,160,-119,-13948,-5104,6320,-486,178,-62,0
486.1191470623017,8656,6400,11108,-161,-179,126,7344,-9376,10480,3,109,-240,-13868,4116,5840,-1001,153,-152,-14044,-5072,6228,-257,200,-96,0
486.1524920463562,8468,6592,11352,-168,-168,162,7360,-9384,10336,-27,112,-234,-13708,4112,5776,-997,133,-167,-13980,-5044,6288,-495,205,-76,0
486.18602895736694,8496,6504,11012,-140,-179,165,7196,-9380,10360,9,79,-208,-13892,4096,5636,-1266,163,-143,-13940,-5068,6328,-502,198,-71,0
486.2196030616761,8448,6532,11504,-167,-174,150,7404,-9268,10380,9,107,-224,-13820,4212,5580,-1013,142,-93,-14028,-5056,6156,-475,158,-85,0
486.2531490325928,8884,6572,11100,-144,-124,125,7296,-9340,10336,-78,118,-196,-13576,4192,5380,-998,131,-8,-14000,-5036,6192,-488,111,-123,0
486.2867810726166,8736,6472,11076,-113,-91,93,7444,-9300,10256,-40,135,-169,-13856,3904,5876,-1010,39,-80,-14080,-5068,6328,-510,99,-165,0
486.3199620246887,8768,6520,11068,-133,-69,89,7468,-9284,10256,-7,147,-145,-13832,4096,5648,-994,31,-99,-13920,-5348,6236,-484,96,-170,0
486.35711908340454,8696,6556,11128,-128,-11,56,7360,-9184,10304,-68,171,-171,-13744,4052,5632,-986,68,-70,-13868,-5064,6304,-485,156,-166,0
486.39223313331604,8480,6416,11176,-147,-44,65,7676,-9296,10332,-20,170,-181,-14056,4136,5556,-1004,92,-105,-13948,-5068,6336,-476,145,-126,0
486.42816305160517,8676,6468,11372,-126,-3,79,7408,-9264,10304,-55,129,-132,-13736,4120,5384,-991,45,-58,-13984,-5108,6156,-499,99,-178,0
486.46368503570557,8728,6500,11484,-111,-20,91,7380,-9040,10300,-67,147,-135,-13720,4140,5700,-993,53,-252,-13952,-5376,6464,-503,58,-157,0
486.4992320537567,8624,6480,11304,-127,-13,65,7372,-9308,10320,-45,171,-145,-13740,4136,5636,-991,71,-90,-13856,-5128,6352,-482,122,-175,0
486.53437399864197,8676,6528,11148,-99,-32,67,7404,-9400,10268,-99,172,-144,-13820,4140,5996,-996,40,-51,-13948,-5008,6240,-522,106,-148,0
486.57004308700556,8616,6620,11244,-80,8,47,7328,-9412,10300,-59,146,-169,-13720,4172,5532,-978,40,-88,-13672,-5004,6288,-506,150,-144,0
486.60494709014887,8684,6576,11060,-104,-25,74,7452,-9336,10240,-77,11,-165,-13712,4076,5500,-1030,68,-50,-13956,-5052,6296,-501,154,-151,0
486.6407630443573,8644,6472,11140,-88,-67,71,7296,-9348,10344,-66,166,-167,-13636,4132,5416,-969,59,-58,-13940,-5232,6616,-525,146,-150,0
486.6775441169739,8740,6552,11484,-111,-29,76,7360,-9372,10308,-66,149,-173,-13828,4196,5764,-982,36,-73,-14008,-5064,6304,-493,138,-152,0
486.712336063385,8924,6488,11264,-128,-47,62,7544,-9308,10484,-30,174,-140,-13892,4164,5668,-1020,77,-46,-13968,-5036,6276,-508,116,-174,0
486.7481489181518,8648,6588,11176,-112,-29,84,7320,-9280,10396,-34,138,-138,-13788,4232,5740,-1016,46,-41,-14008,-5240,6152,-508,95,-148,0
486.78371810913086,8584,6496,11320,-131,-25,67,7388,-9344,10276,-91,164,-129,-13636,4192,5408,-985,52,-42,-13980,-5004,6228,-491,110,-134,0
486.8192191123963,8684,6600,11456,-109,-40,67,7308,-9400,10300,-69,162,-137,-13776,4244,5828,-968,58,-53,-13936,-5044,6408,-488,119,-150,0
486.85753297805786,8604,6500,11356,-104,-71,83,7380,-9416,10592,-63,147,-141,-13804,4132,5472,-772,88,-112,-13852,-5104,6272,-485,131,-128,0
486.89235401153564,8504,6696,11344,-103,-47,77,7304,-9272,10252,-68,149,-160,-13720,4108,5564,-978,66,-57,-13864,-5112,6380,-261,155,-116,0
486.92742395401,8648,6532,11312,-119,-44,77,7420,-9220,10272,-32,133,-187,-13772,4176,5644,-972,88,-111,-14008,-5068,6332,-512,118,-121,0
486.96293807029724,8700,6612,11424,-106,-56,88,7404,-9256,10168,-40,105,-177,-13964,4144,5792,-994,84,-45,-14036,-5152,6172,-541,148,-129,0
487.00026392936707,8540,6576,11304,-103,-47,104,7400,-9304,10300,-27,148,-174,-13812,4124,5668,-981,59,-97,-14016,-5184,6296,-483,161,-117,0
487.03382396698,8664,6500,11172,-151,-64,67,7336,-9388,10372,-50,134,-166,-13696,3908,5852,-981,121,-102,-13968,-4908,6348,-518,107,-123,0
487.067389011383,8708,6612,11232,-112,-53,102,7376,-9320,10404,-36,147,-154,-13820,4268,5452,-1001,74,-80,-14016,-5048,6464,-518,90,-129,0
487.10076713562006,8560,6580,11460,-144,-33,106,7320,-9304,10368,-19,127,-162,-13732,4192,5588,-1017,57,-52,-13860,-4908,6224,-489,128,-142,0
487.1341879367829,8628,6600,11344,-110,-24,80,7236,-9408,10388,-1,129,-126,-13748,4060,5776,-992,51,-49,-13996,-5308,6336,-509,120,-132,0
487.1675601005554,8600,6520,11068,-95,-51,58,7404,-9400,10328,-59,159,-151,-13720,4088,5604,-971,55,-94,-13924,-5116,6396,-500,134,-163,0
487.2008719444275,8580,6612,11048,-133,-51,67,7320,-9424,10192,251,182,-170,-13624,4160,5396,-989,69,-64,-13836,-5044,6376,-474,146,-150,0
487.2352120876313,8584,6604,11276,-119,-26,74,7280,-9388,10408,-35,131,-152,-13672,4192,5860,-1009,64,-67,-13836,-5104,6336,-480,141,-146,0
487.26976203918457,8668,6596,11236,-120,-57,99,7348,-9376,10112,-51,139,-162,-13812,4180,5700,-979,40,-59,-13936,-5112,6364,-504,86,-136,0
487.3032810688019,8544,6660,11484,-137,-78,75,7276,-9356,10272,-64,183,-172,-13728,4136,5692,-980,91,-81,-13876,-5120,6436,-260,118,-138,0
487.3368799686432,8564,6476,11084,-128,-64,70,7232,-9288,10416,-88,122,-178,-13800,4116,5668,-1006,71,-111,-13936,-5100,6400,-767,138,-144,0
487.3702239990235,8544,6592,11220,-116,-78,105,7328,-9364,10276,-18,123,-152,-13612,4232,5636,-1000,106,-73,-13640,-5136,6340,-538,222,-121,0
487.403361082077,8512,6592,11060,-107,-114,104,7364,-9364,10520,-67,145,-180,-13800,4196,5664,-980,110,-100,-13976,-5052,6384,-502,176,-126,0
487.4369771480561,8584,6520,11292,-147,-110,110,7296,-9404,10352,-50,115,-183,-13708,4204,5752,-989,92,-98,-13976,-5104,6464,-505,154,-115,0
487.4706959724426,8552,6500,11244,-128,-61,103,7448,-9428,10052,-39,149,-185,-13752,4060,5676,-991,86,-118,-14008,-5124,6240,-522,146,-131,0
487.5039300918579,8588,6852,11308,-117,-80,91,7348,-9264,10208,-27,151,-182,-13712,4220,5728,-993,75,-56,-13960,-5128,6368,-474,111,-107,0
487.5375721454621,8412,6560,11292,-147,-83,86,7292,-9280,10460,-11,173,-180,-13964,4256,5792,-1269,56,-37,-13820,-5236,6148,-501,144,-122,0
487.5711839199066,8584,6512,11248,-132,-64,108,7248,-8972,10380,-29,130,-194,-13740,4192,5832,-967,89,-57,-14008,-5368,6356,-488,113,-134,0
487.6048481464386,8596,6512,11372,-130,-72,85,7240,-9336,10292,-13,145,-161,-13712,4200,5752,-985,90,-86,-14028,-5028,6208,-466,172,-112,0
487.63817596435547,8676,6620,11476,-154,-81,105,7324,-9372,10488,4,149,-193,-13704,4172,5704,-1011,90,-126,-13968,-5368,6452,-485,150,-96,0
487.6719391345978,8672,6640,11024,-134,-87,102,7296,-9248,10416,-243,133,-168,-13792,4200,5780,-998,121,-103,-13952,-5136,6588,-483,170,-114,0
487.70525813102716,8504,6616,11216,-187,-85,90,7260,-9296,10376,-243,132,-192,-13704,4196,5760,-991,105,-119,-13940,-5340,6196,-484,190,-122,0
487.7389371395111,8708,6480,11376,-155,-125,111,7304,-9336,10344,245,142,-206,-13596,4124,5644,-1005,100,-109,-13860,-5092,6500,-479,186,-73,0
487.7726640701294,8560,6660,11364,-173,-135,127,7256,-9268,10288,-7,144,-197,-13712,4212,5552,-996,139,-102,-13828,-5176,6408,-479,154,-87,0
487.8059420585633,8496,6632,11364,-171,-128,163,7400,-9320,10376,-13,130,-204,-13792,4224,5872,-1007,126,-138,-13872,-5116,6388,-489,156,-59,0
487.83950304985046,8660,6528,11024,-133,-100,123,7308,-9412,10468,-14,134,-182,-13672,4152,5708,-1006,137,-141,-14036,-5140,6560,-491,188,-84,0
487.87297105789185,8584,6580,11432,-155,-152,147,7332,-9436,10352,-1,136,-187,-13800,4176,5644,-983,154,-97,-13896,-4912,6168,-476,187,-66,0
487.9061470031738,8584,6584,11248,-181,-152,151,7268,-9252,10328,22,157,-228,-13744,4204,5824,-983,159,-82,-13988,-5096,6448,-463,178,-68,0
487.93991494178766,8524,6528,11284,-199,-164,158,7332,-9240,10500,-16,132,-211,-13716,4280,5716,-971,177,-97,-13916,-5168,6416,-489,179,-61,0
487.97358894348145,8644,6640,11276,-163,-184,148,7352,-9376,10368,-11,123,-213,-13768,4284,5816,-1014,167,-123,-14064,-5088,6476,-504,167,-93,0
488.006973028183,8708,6496,11428,-186,-187,141,7636,-9292,10472,21,113,-200,-13788,4180,5752,-1006,154,-149,-13844,-5076,6284,-496,160,-98,0
488.04334902763367,8620,6532,11220,-161,-133,126,7144,-9412,10356,19,139,-208,-13708,4160,5828,-987,152,-95,-13956,-5188,6324,-494,159,-96,0
488.0791289806366,8604,6472,11280,-182,-163,135,7352,-9296,10324,-10,151,-200,-13876,4128,5696,-964,167,-157,-13860,-5324,6360,-497,227,-53,0
488.1141080856324,8672,6520,11292,-235,-170,156,7376,-9252,10248,-9,131,-241,-13796,4148,5592,-1003,144,-113,-13912,-4896,6340,-475,192,-76,0
488.14971113204956,8684,6552,11284,-179,-128,158,7184,-9240,10328,6,124,-187,-13820,4156,5740,-999,133,-112,-13912,-5236,6304,-479,139,-104,0
488.18500995635986,8608,6604,11052,-176,-131,125,7248,-9308,10336,1,130,-226,-13832,4200,5632,-1003,130,-122,-14000,-5012,6356,-502,147,-102,0
488.22085404396057,8576,6600,11256,-153,-140,129,7252,-9268,10228,-24,138,-209,-13748,4172,5868,-981,137,-138,-14080,-5060,6316,-516,185,-87,0
488.25602293014526,8660,6528,11352,-153,-151,125,7288,-9324,10240,-8,113,-215,-13732,4140,5544,-990,116,-146,-14004,-5016,6416,-500,230,-103,0
488.29188203811646,8712,6488,11240,-182,-156,147,7168,-9236,10004,-15,122,-235,-13744,4124,5680,-1039,160,-126,-13980,-5000,6180,-509,197,-63,0
488.3277909755707,8500,6476,11516,-162,-188,141,7356,-9440,10492,1,93,-214,-13760,4132,5960,-1020,133,-139,-13696,-5364,6408,-498,200,-93,0
488.3632950782776,8700,6512,11272,-151,-132,102,7328,-9320,10392,-49,146,-193,-13740,4196,5760,-998,115,-134,-14008,-5016,6344,-480,171,-91,0
488.3987519741059,8952,6548,11044,-153,-104,127,7284,-9384,10392,-16,145,-175,-13612,4068,5576,-1004,112,-86,-13952,-4872,6304,-505,201,-91,0
488.4341690540314,8664,6564,11364,-132,-154,134,7400,-9308,10380,-32,138,-198,-13636,4064,5860,-1020,132,-125,-13988,-5044,6236,-502,174,-80,0
488.4702069759369,8608,6528,11332,-176,-142,128,7308,-9168,10288,-26,101,-190,-13736,4072,5648,-985,129,-100,-13880,-5104,6260,-504,155,-105,0
488.5049591064453,8640,6460,11316,-159,-141,121,7360,-9324,10308,-30,142,-178,-13776,4200,5516,-980,126,-129,-13992,-5060,6312,-504,172,-114,0
488.54048800468445,8688,6624,11220,-138,-121,111,7360,-9344,10284,-27,133,-183,-13752,4108,5436,-1012,98,-75,-13928,-5068,6396,-498,147,-136,0
488.5755109786988,8712,6516,11116,-145,-117,97,7356,-9472,10352,-27,122,-170,-13572,4340,5504,-993,111,-118,-13848,-5360,6420,-493,154,-123,0
488.6108980178833,8728,6480,11212,-146,-79,90,7168,-9272,10288,-27,144,-173,-14056,3884,5808,-1026,83,-42,-14012,-5076,6336,-516,132,-138,0
488.64721512794495,8716,6496,11280,-142,-40,61,7428,-9332,10344,-24,155,-159,-13756,4100,5652,-994,64,-61,-13876,-5104,6348,-489,143,-153,0
488.6838250160217,8768,6560,11200,-136,-51,76,7396,-9248,10224,-33,151,-181,-13756,3916,5476,-1037,72,-106,-13932,-5076,6320,-508,156,-136,0
488.7173810005188,8608,6496,11220,-127,-43,86,7352,-9220,10428,-40,130,-158,-13780,3912,5736,-992,78,-57,-13936,-5088,6420,-512,114,-147,0
488.7508299350739,8760,6520,11188,-111,-38,91,7384,-9420,10356,-71,118,-147,-13736,4148,5696,-994,72,-1,-14104,-5100,6324,-515,97,-146,0
488.7843611240387,8644,6440,11232,-120,-27,67,7280,-9296,10316,-33,142,-135,-13612,3892,5652,-993,48,-89,-13896,-5132,6444,-501,118,-152,0
488.81770610809326,8688,6516,11272,-141,-38,89,7288,-9288,10440,-27,143,-138,-13632,3892,5480,-1275,63,-34,-13860,-4924,6364,-501,105,-159,0
488.8511600494385,8620,6688,11180,-99,-16,64,7232,-9288,10408,-64,125,-167,-13896,4116,5584,-1000,77,-69,-13960,-5132,6632,-541,131,-152,0
488.88483905792236,8620,6592,11308,-137,-72,58,7356,-9296,10516,-75,186,-180,-13812,4108,5704,-949,51,-50,-13856,-5164,6368,-257,149,-137,0
488.91820907592773,8652,6516,11380,-138,-49,96,7380,-9416,10196,-38,125,-160,-13776,4160,5708,-984,78,-64,-13884,-5088,6336,-764,123,-142,0
488.9518101215363,8620,6484,11304,-97,-17,87,7252,-9284,10492,-68,108,-125,-13688,3864,5416,-965,61,-48,-13896,-4936,6372,-515,115,-157,0
488.98547911643976,8500,6508,11384,-132,-13,73,7312,-9372,10308,-61,142,-134,-13812,4012,5664,-988,54,-48,-13972,-4872,6360,-522,91,-153,0
489.01905393600464,8672,6560,11356,-122,-36,48,7336,-9300,10468,-52,152,-167,-13824,4156,5836,-972,65,-77,-13872,-4868,6204,-522,124,-121,0
489.0526289939881,8636,6656,11192,-116,-22,71,7348,-9240,10236,-38,118,-175,-13800,4204,5736,-1028,64,-118,-13996,-5328,6348,-503,124,-146,0
489.0862491130829,8612,6548,11288,-131,-31,81,7264,-9372,10300,-34,126,-192,-13712,4196,5720,-979,104,-87,-13948,-5060,6328,-764,185,-114,0
489.11978101730347,8528,6556,11120,-78,-70,105,7292,-9344,10344,-66,110,-192,-13668,4212,5788,-974,60,-63,-14012,-4968,6304,-507,159,-122,0
489.1530060768128,8548,6508,11200,-125,-98,76,7320,-9300,10460,-30,165,-182,-13752,4204,5764,-985,89,-56,-14056,-5156,6352,-496,131,-131,0
489.1866590976715,8712,6560,11320,-111,-27,72,7368,-9632,10304,-37,156,-168,-13788,4340,6048,-989,83,-102,-13996,-5052,6272,-501,141,-143,0
489.2204041481018,8620,6400,11156,-107,-78,77,7172,-9260,10272,-23,138,-173,-13780,4288,5704,-1013,68,-105,-13904,-5124,6452,-484,133,-140,0
489.25388503074646,8644,6696,11268,-103,-50,91,7316,-9428,10408,-33,118,-153,-13728,4124,5716,-997,94,-62,-13852,-5080,6248,-516,118,-104,0
489.287269115448,8692,6616,11276,-108,-73,76,7172,-9304,10336,-87,154,-165,-13776,3932,5656,-1015,86,-38,-13932,-5160,6344,-765,145,-109,0
489.3205599784851,8596,6700,11144,-128,-70,84,7372,-9348,10388,-50,145,-177,-13704,4188,5804,-985,78,-91,-13892,-5216,6296,-483,154,-140,0
489.3542160987854,8660,6536,11268,-125,-65,94,7492,-9400,10336,-30,128,-191,-13784,4180,5632,-1007,95,-117,-13928,-5124,6344,-490,144,-136,0
489.3876221179962,8760,6592,11232,-119,-69,96,7264,-9364,10296,-31,135,-181,-13636,4192,5836,-974,83,-90,-13844,-5352,6424,-757,127,-138,0
489.4208390712738,8568,6688,11288,-115,-49,67,7364,-9376,10364,255,89,-150,-13720,4276,5512,-1009,84,-73,-13976,-5128,6476,-505,157,-122,0
489.45429301261896,8556,6600,11308,-123,-55,96,7292,-9428,10380,-38,130,-146,-13640,4176,5704,-1011,79,-56,-13956,-5088,6636,-517,177,-151,0
489.4877600669861,8672,6680,11172,-111,-76,102,7364,-9356,10308,-53,137,-163,-13688,4168,5732,-1038,83,-123,-13880,-5332,6276,-498,145,-119,0
489.5211200714112,8492,6532,11364,-119,-102,96,7304,-9340,10172,-48,131,-168,-13744,4172,5492,-980,104,-112,-13956,-5068,6336,-498,139,-127,0
489.5547411441803,8548,6640,11232,-143,-106,88,7356,-9380,10384,-48,126,-181,-13756,4228,5768,-973,129,-118,-13812,-5116,6316,-490,162,-119,0
489.5885419845581,8668,6604,11308,-115,-68,111,7208,-9348,10240,-65,143,-157,-13716,4308,5584,-992,116,-69,-13948,-5140,6360,-500,123,-123,0
489.6220591068268,8648,6564,11268,-131,-70,101,7380,-9436,10352,-10,135,-179,-13780,3976,5680,-993,82,-54,-13876,-5128,6404,-767,154,-141,0
489.65541410446167,8484,6656,11260,-149,-73,97,7280,-9388,10360,15,163,-155,-13792,4240,5720,-1002,97,-81,-13864,-5184,6316,-491,151,-151,0
489.6887750625611,8496,6904,11132,-119,-77,98,7232,-9412,10424,-75,137,-180,-13792,4136,5884,-999,82,-106,-13968,-5144,6428,-515,146,-127,0
489.72539806365967,8640,6608,11372,-147,-54,75,7216,-9240,10332,-53,137,-184,-13660,4176,5820,-988,119,-86,-13820,-5076,6244,-479,165,-128,0
489.7606511116028,8584,6580,11332,-151,-31,85,7344,-9388,10368,-14,144,-150,-13736,4124,5868,-1277,71,-81,-13860,-5188,6444,-758,150,-147,0
489.7961609363556,8652,6860,11212,-134,-8,114,7388,-8972,10336,-21,217,-166,-13712,4248,5700,-1046,114,-98,-13832,-5216,6280,-487,124,-116,0
489.83183312416077,8528,6684,11480,-159,-67,97,7268,-9340,10456,-48,136,-178,-13852,4200,5792,-977,96,-79,-13956,-5196,6296,-478,162,-111,0
489.8681390285492,8456,6872,11144,-167,-98,114,7236,-9424,10268,-30,158,-179,-13684,4268,5660,-986,128,-105,-13924,-5224,6324,-492,186,-102,0
489.9029741287232,8552,6652,11216,-125,-130,129,7308,-9384,10400,11,152,-198,-13640,4284,6116,-1038,109,-110,-14056,-4876,6408,-492,215,-67,0
489.9387969970703,8516,6596,11020,-149,-129,127,7212,-9240,10312,13,99,-217,-13728,4196,5672,-1004,152,-171,-13888,-5228,6168,-492,194,-80,0
489.9738869667053,8644,6688,11280,-153,-168,151,7352,-9404,10676,24,117,-210,-13760,4232,5756,-992,152,-118,-13964,-5104,6444,-498,186,-90,0
490.00965309143066,8536,6412,11476,-164,-114,122,7344,-9364,10356,12,162,-208,-13728,4220,5856,-1004,153,-125,-13840,-5168,6368,-478,207,-95,0
490.0450620651245,8600,6564,11384,-198,-152,139,7272,-9416,10392,-23,151,-201,-13744,4196,5460,-961,162,-156,-13908,-5064,6580,-508,223,-76,0
490.08074402809143,8620,6608,11448,-189,-154,154,7328,-9400,10348,24,142,-189,-13668,4136,5620,-992,190,-98,-13892,-5224,6332,-483,220,-56,0
490.1162130832672,8496,6560,11276,-168,-154,135,7292,-9352,10412,-18,133,-212,-13728,4200,5792,-980,163,-163,-14032,-5080,6300,-474,201,-86,0
490.1517939567566,8604,6604,11200,-179,-165,144,7396,-9276,10356,5,130,-222,-13824,4092,5828,-1014,171,-184,-13984,-5156,6412,-489,191,-97,0
490.188441991806,8692,6524,11476,-172,-171,147,7328,-9400,10420,7,120,-215,-13784,4220,5540,-998,129,-139,-13952,-5080,6356,-491,214,-68,0
490.22375297546387,8608,6540,11284,-167,-149,140,7368,-9392,10400,24,123,-201,-13696,4132,5636,-989,134,-150,-13996,-5128,6492,-490,183,-76,0
490.25918698310846,8520,6612,11408,-189,-170,156,7328,-9208,10128,7,118,-216,-13716,4148,5764,-995,143,-133,-13788,-5052,6444,-495,196,-98,0
490.294979095459,8600,6576,11232,-180,-164,118,7292,-9328,10300,-8,129,-230,-13668,4240,5788,-1003,147,-117,-13956,-5312,6216,-761,166,-93,0
490.33035111427307,8484,6476,11500,-167,-192,150,7380,-9292,10332,-15,150,-195,-13680,4164,5600,-1021,133,-118,-13928,-5148,6380,-507,189,-80,0
490.3668029308319,8636,6508,11188,-165,-164,144,7420,-9300,10444,-13,117,-210,-13676,4160,5676,-1013,141,-125,-14008,-5108,6332,-487,229,-75,0
490.4000370502472,8692,6548,11188,-197,-166,143,7412,-9320,10268,-1,71,-215,-13652,4132,5636,-1039,207,-128,-13888,-5164,6340,-472,191,-53,0
490.4333550930023,8644,6560,11344,-147,-167,144,7384,-9296,10412,-17,72,-216,-14072,3852,5740,-987,144,-126,-13980,-5028,6160,-495,161,-72,0
490.4669630527497,8708,6496,11424,-175,-178,143,7376,-9424,10360,7,140,-225,-14068,4216,5660,-771,101,-86,-13932,-4964,6348,-506,170,-99,0
490.50059294700617,8696,6600,11316,-190,-155,143,7412,-9252,10224,34,104,-199,-13740,4112,5444,-1278,134,-100,-13956,-5132,6352,-493,165,-108,0
490.5339210033417,8564,6572,11232,-126,-148,136,7324,-9280,10492,-51,108,-214,-13760,4060,5684,-1003,130,-140,-13880,-4980,6364,-505,197,-93,0
490.567626953125,8712,6628,11424,-194,-187,107,7256,-9028,10344,-53,181,-225,-13744,4156,5588,-1008,130,-152,-13992,-4988,6316,-468,206,-76,0
490.60120511055,8472,6520,11064,-179,-139,126,7228,-9276,10180,-27,99,-235,-13760,4032,5768,-1035,102,-94,-14016,-5076,6208,-488,134,-116,0
490.6346991062164,8656,6520,11176,-147,-124,128,7364,-9272,10236,-50,144,-160,-13632,4240,5504,-995,103,-75,-13928,-4976,6256,-483,80,-138,0
490.66844606399536,8668,6544,11376,-163,-93,104,7328,-9288,10304,-87,135,-161,-13724,4140,5692,-982,86,-47,-13912,-5024,6340,-502,113,-141,0
490.70188307762146,8728,6480,11300,-121,-67,85,7288,-9296,10400,-65,159,-145,-13728,4032,5472,-1005,75,-45,-14076,-5064,6364,-521,150,-145,0
490.7353110313416,8692,6596,10908,-145,-34,61,7424,-9216,10412,-31,136,-146,-13800,4348,5404,-1018,68,-43,-13844,-4900,6360,-260,168,-148,0
490.7689709663391,8648,6512,11492,-147,-50,82,7344,-9328,10196,-14,121,-182,-13660,4288,5568,-1029,133,-83,-13896,-4912,6300,-495,139,-127,0
490.8024709224701,8712,6596,11108,-116,-64,78,7316,-9356,10332,-70,125,-191,-13872,4148,5692,-1007,82,-114,-13940,-5352,6152,-516,160,-152,0
490.8359990119934,8668,6576,11456,-138,-83,100,7408,-9324,10280,-48,139,-178,-13760,4212,5660,-983,82,-76,-14192,-4892,6304,-494,132,-170,0
490.86959409713745,8684,6644,11360,-133,-23,71,7304,-9392,10412,-52,172,-160,-13768,4224,5688,-992,51,-76,-14000,-5052,6328,-499,125,-131,0
490.9029040336609,8948,6532,11012,-124,-30,74,7360,-9320,10352,-39,154,-153,-13752,4116,5796,-1015,62,-66,-13944,-5312,6288,-503,139,-142,0
490.9364790916443,8764,6612,11296,-123,-21,76,7356,-9300,10428,-3,150,-155,-13708,4160,5776,-1279,55,-46,-14028,-5172,6152,-508,108,-130,0
490.96975207328796,8568,6584,11052,-131,-48,84,7288,-9356,10332,-74,141,-169,-13752,4172,5600,-992,80,-71,-14256,-4868,6320,-478,119,-140,0
491.0033950805664,8644,6520,11188,-121,-55,82,7348,-9360,10404,-40,138,-173,-13656,4192,5656,-974,86,-95,-13984,-4984,6252,-516,156,-151,0
491.0372140407562,8700,6576,11244,-114,-27,78,7600,-9260,10372,-48,120,-197,-13620,4076,5732,-987,106,-111,-13924,-5048,6384,-506,152,-97,0
491.0707910060883,8632,6516,11136,-107,-77,91,7360,-9344,10444,-28,115,-177,-13756,4100,5716,-992,94,-79,-13928,-5148,6284,-260,129,-137,0
491.1043610572815,8580,6564,11416,-113,-52,80,7444,-9312,10192,-56,157,-169,-13816,4128,5720,-1008,79,-64,-14032,-4872,6316,-518,132,-161,0
491.13774514198303,8580,6576,11308,-116,-42,70,7396,-9304,10356,-32,137,-173,-13788,4180,5700,-1014,82,-105,-13928,-5148,6348,-484,144,-164,0
491.1710560321808,8448,6644,11468,-100,-46,84,7300,-9336,10164,-35,165,-179,-13688,4144,5776,-997,62,-90,-13904,-5052,6652,-499,133,-115,0
491.204824924469,8632,6568,11372,-90,-53,90,7340,-9296,10392,-64,127,-173,-13772,4316,5872,-1003,58,-66,-13956,-5356,6296,-506,107,-159,0
491.2384150028229,8532,6560,11276,-93,-44,80,7172,-9384,10464,-32,131,-152,-13812,4212,5776,-1001,35,-40,-13852,-5144,6180,-260,136,-170,0
491.27193999290466,8468,6576,11336,-139,-65,88,7184,-9420,10352,-37,152,-159,-13720,4084,5720,-771,64,-57,-13904,-5288,6292,-515,135,-136,0
491.305545091629,8648,6616,11132,-91,-17,82,7340,-9296,10296,-32,147,-181,-13700,4164,5796,-1020,42,-65,-13892,-5212,6244,-515,143,-143,0
491.3391649723053,8608,6468,11292,-97,-50,57,7364,-9364,10408,-32,190,-186,-13744,4248,5780,-940,73,-121,-13888,-5128,6484,-495,173,-151,0
491.3728210926056,8672,6612,11364,-143,-57,74,7364,-9260,9996,-31,167,-169,-13700,4156,5632,-975,85,-80,-13924,-5204,6268,-480,155,-118,0
491.4096930027008,8560,6640,11356,-98,-55,90,7232,-9216,10256,-51,133,-149,-13756,4040,5928,-1012,59,-54,-14028,-5148,6252,-504,101,-142,0
491.4453680515289,8624,6580,11424,-128,-47,69,7352,-9400,10424,-67,193,-156,-13776,4188,5744,-992,98,-67,-13820,-5344,6404,-498,102,-136,0
491.48070192337036,8640,6564,11036,-123,-72,87,7204,-9316,10424,-97,156,-164,-13640,4172,5772,-998,82,-57,-13988,-5372,6368,-541,93,-140,0
491.51624298095703,8700,6772,11276,-100,-35,98,7424,-9332,10344,-34,124,-155,-13616,4172,5688,-987,85,-49,-13864,-4988,6456,-756,156,-109,0
491.5522270202637,8672,6552,11280,-128,-74,115,7280,-9356,10188,-13,105,-181,-13708,4144,5600,-1004,99,-107,-13916,-5140,6452,-504,191,-132,0
491.5882451534271,8472,6844,11516,-107,-98,96,7248,-9336,10608,23,63,-169,-13664,4284,5680,-989,123,-116,-14000,-5356,6388,-521,162,-112,0
491.623841047287,8900,6652,11148,-138,-57,99,7472,-9340,10424,-18,112,-148,-13844,4296,5636,-973,109,-76,-13972,-5132,6356,-499,137,-111,0
491.65981602668757,8548,6452,11436,-123,-63,85,7400,-9400,10372,-52,153,-177,-13980,4180,5756,-989,87,-87,-13920,-5172,6332,-505,140,-116,0
491.6955089569092,8820,6500,11304,-111,-46,91,7312,-9304,10316,-45,143,-165,-13732,4256,5684,-1014,76,-74,-13864,-5204,6540,-511,150,-136,0
491.73161792755127,8536,6596,11228,-111,-55,88,7320,-9336,10356,-40,124,-199,-13676,4248,5752,-930,82,-68,-13904,-5104,6404,-507,157,-118,0
491.7662069797516,8612,6628,11448,-144,-70,97,7260,-9348,10344,-27,174,-178,-13660,4124,5824,-953,87,-102,-13852,-5040,6164,-487,138,-111,0
491.8018569946289,8560,6588,11432,-118,-40,89,7276,-9336,10264,-10,160,-186,-13588,4268,5620,-998,100,-59,-13928,-5340,6368,-496,160,-136,0
491.8376829624176,8628,6596,11264,-103,-57,109,7332,-9240,10332,-35,153,-175,-13748,4200,6008,-996,132,-139,-13976,-5224,6284,-513,165,-109,0
491.87949895858765,8492,6712,11172,-136,-77,116,7300,-9248,10328,-23,147,-172,-13656,4244,5772,-983,87,-89,-13888,-5144,6348,-517,146,-121,0
491.9144289493561,8584,6664,11056,-147,-82,113,7224,-9272,10260,-16,136,-178,-13712,4332,5668,-984,101,-80,-13952,-5152,6364,-498,162,-118,0
491.9501299858093,8476,6644,11200,-139,-82,96,7212,-9312,10328,-47,141,-192,-13708,4140,5748,-1009,107,-103,-13860,-5052,6184,-490,157,-133,0
491.9855511188507,8596,6896,11472,-139,-94,101,7320,-9220,10164,-43,140,-175,-13788,4212,5792,-1004,97,-76,-13880,-5116,6280,-503,144,-115,0
492.02100110054016,8604,6624,11348,-142,-81,105,7292,-9240,10368,-25,140,-154,-13688,4336,5800,-1010,100,-85,-13948,-4908,6312,-490,137,-100,0
492.05728101730347,8572,6628,11292,-134,-76,99,7348,-9312,10368,-36,140,-189,-13684,4208,5860,-993,93,-48,-14052,-5116,6312,-496,146,-110,0
492.0908110141754,8620,6576,11496,-148,-96,88,7260,-9396,10356,-38,143,-188,-13748,4264,5796,-1009,104,-78,-13876,-5016,6620,-503,148,-104,0
492.1242709159851,8616,6540,11264,-153,-96,108,7468,-9448,10200,6,124,-193,-13764,4160,5728,-1004,84,-121,-13924,-5208,6360,-507,162,-110,0
492.1574320793152,8500,6680,11244,-169,-129,127,7244,-9244,10292,5,127,-179,-13768,4068,5636,-995,116,-104,-14016,-5200,6468,-491,179,-76,0
492.1911280155182,8488,6436,11088,-132,-156,100,7336,-9424,10384,-31,153,-210,-13720,4148,5772,-969,129,-137,-13904,-5128,6592,-260,199,-86,0
492.22447395324707,8584,6508,11268,-165,-124,110,7304,-9264,10208,19,144,-217,-13704,4212,6040,-990,126,-110,-13916,-5124,6384,-475,199,-77,0
492.2580950260163,8676,6648,11356,-198,-128,145,7240,-9312,10268,-9,137,-195,-13684,4216,5748,-989,139,-100,-13856,-4872,6168,-466,171,-75,0
492.2925579547882,8604,6424,11356,-174,-131,159,7304,-9292,10328,-16,140,-180,-13612,4188,5616,-983,149,-102,-13864,-5084,6352,-483,142,-70,0
492.3258399963379,8528,6620,11252,-217,-173,127,7308,-9504,10448,-23,143,-217,-13720,4180,5684,-991,161,-96,-13656,-5376,6404,-481,186,-63,0
492.3594710826874,8696,6604,11296,-204,-199,148,7392,-9272,10484,-13,157,-231,-13716,4180,5548,-953,185,-145,-13980,-5236,6404,-491,206,-66,0
492.3928279876709,8640,6556,11384,-172,-162,155,7344,-9288,10332,252,137,-210,-13708,4200,5712,-1008,176,-131,-13944,-5032,6348,-498,237,-64,0
492.42588901519775,8696,6512,11264,-199,-220,148,7292,-9320,10208,5,110,-242,-13648,4244,5700,-1024,184,-132,-13912,-5016,6372,-483,232,-59,0
492.45968914031977,8648,6540,11316,-170,-188,159,7304,-9300,10024,-7,93,-227,-13832,4092,5704,-998,157,-115,-13960,-5220,6496,-483,202,-58,0
492.49306797981257,8844,6516,11332,-185,-180,155,7416,-9304,10392,1,116,-221,-13784,4144,5604,-976,177,-132,-13948,-5212,6300,-486,164,-89,0
492.52647709846497,8620,6576,11380,-179,-178,137,7396,-9312,10428,17,155,-215,-13716,4180,5856,-1002,167,-147,-13984,-5032,6260,-493,186,-83,0
492.56010913848877,8568,6488,11200,-153,-225,142,7304,-9352,10480,-17,162,-212,-13680,4136,5436,-1003,125,-125,-13956,-5056,6352,-481,177,-91,0
492.59344005584717,8728,6504,11400,-176,-192,154,7308,-9184,10472,6,109,-209,-13788,4228,5708,-1000,138,-127,-13976,-5024,6404,-505,159,-78,0
492.62709212303156,8644,6584,11304,-188,-195,132,7368,-9316,10280,-10,133,-228,-13676,4348,5816,-976,172,-120,-13932,-5020,6272,-471,199,-105,0
492.6606090068817,8672,6492,11268,-183,-206,131,7328,-9224,10288,-254,47,-230,-13764,4136,5884,-985,144,-135,-13892,-5056,6624,-495,204,-80,0
492.6942529678345,8588,6548,11184,-139,-187,118,7260,-9280,10396,-8,135,-219,-13756,4152,5700,-989,134,-165,-13904,-5116,6268,-495,189,-69,0
492.72754096984863,8900,6496,11044,-164,-175,138,7336,-9264,10376,8,108,-240,-13652,4116,5740,-994,154,-151,-14036,-5184,6636,-488,185,-72,0
492.76108193397516,8564,6560,11200,-162,-146,115,7612,-9296,10148,-256,129,-205,-13708,4124,5772,-986,106,-139,-13936,-5272,6260,-486,185,-88,0
492.7947759628296,8680,6508,11084,-152,-184,158,7348,-9360,10368,-4,93,-212,-13740,4120,5704,-1001,111,-76,-13888,-4936,6340,-519,172,-106,0
492.8282399177551,8716,6576,11364,-154,-151,123,7168,-9292,10308,-20,111,-179,-13668,4100,5516,-1011,147,-59,-13952,-5072,6228,-497,189,-103,0
492.86182713508606,8452,6540,11260,-161,-92,132,7380,-9268,10228,-42,102,-183,-13760,4128,5580,-1002,145,-55,-14020,-5188,6356,-476,160,-97,0
492.8953609466553,8496,6572,11072,-120,-82,100,7220,-8984,10492,-63,111,-153,-13768,3860,5496,-983,102,-74,-14036,-4964,6324,-509,116,-117,0
492.92869997024536,8476,6456,11084,-131,-3,94,7172,-9344,10284,-13,147,-159,-13728,4152,5676,-1027,57,-78,-13924,-5072,6404,-477,118,-139,0
492.9623739719391,8696,6576,11200,-164,-29,72,7284,-9220,10408,8,142,-147,-13780,4084,5740,-1037,99,-79,-13884,-5224,6328,-764,96,-141,0
492.9960060119629,8684,6600,11292,-114,-39,82,7380,-9280,10304,-88,160,-160,-13780,4124,5792,-992,71,-75,-13888,-5076,6324,-482,142,-152,0
493.0294790267945,8756,6528,11156,-157,-89,66,7612,-9308,10256,-29,149,-178,-13748,4164,5640,-962,73,-56,-14020,-4980,6636,-467,156,-132,0
493.0630099773407,8600,6512,11244,-137,-27,110,7344,-9252,10380,-44,143,-143,-13788,4192,5588,-1012,103,-25,-13948,-5092,6356,-445,95,-145,0
493.1007940769196,8680,6500,11352,-140,-12,104,7352,-9184,10344,-29,141,-123,-13772,4116,5708,-989,27,-51,-13900,-5256,6360,-499,67,-158,0
493.13589000701904,8916,6628,11452,-157,9,77,7284,-9328,10388,-67,157,-136,-13732,4172,5716,-974,13,-41,-13916,-5128,6240,-264,82,-158,0
493.1712150573731,8924,6476,11348,-127,-34,81,7332,-9324,10192,-89,150,-153,-13820,4108,5688,-1007,59,-100,-13956,-4896,6368,-521,156,-143,0
493.2075650691986,8712,6576,11172,-66,-74,77,7576,-9280,10412,-26,135,-172,-13648,4112,5796,-1002,86,-69,-13892,-4996,6348,-507,139,-149,0
493.2423369884491,8680,6548,11276,-96,-58,96,7328,-9316,10480,-29,117,-175,-13628,4200,5676,-996,81,-78,-14020,-5284,6436,-501,154,-125,0
493.27780508995056,8656,6480,11300,-103,-83,81,7468,-9316,10360,-29,133,-180,-13808,4144,5668,-991,62,-65,-13984,-4872,6640,-500,129,-130,0
493.3129961490631,8956,6556,11132,-132,-34,99,7388,-9404,10288,-43,148,-167,-13700,4240,5752,-1000,84,-61,-13884,-5032,6400,-485,117,-136,0
493.3482129573822,8452,6468,11504,-132,-37,58,7300,-9396,10300,-38,168,-153,-13732,4184,5748,-999,66,-49,-13904,-5352,6436,-492,127,-141,0
493.383593082428,8656,6540,11244,-105,-28,88,7196,-9244,10308,-30,148,-147,-13624,4144,5752,-1004,74,-18,-13888,-5132,6344,-766,119,-123,0
493.41978001594543,8708,6584,11200,-115,-51,92,7308,-9352,10312,-53,137,-171,-13628,4048,5880,-984,67,-81,-13916,-5132,6384,-507,143,-161,0
493.45509696006775,8616,6520,11264,-110,-48,70,7428,-9224,10380,-68,165,-177,-13672,4116,5624,-967,49,-98,-13860,-5364,6180,-511,134,-161,0
493.490816116333,8632,6480,11268,-123,-54,79,7336,-9336,10376,-43,142,-160,-13688,4136,6096,-973,69,-104,-13964,-5060,6360,-515,131,-127,0
493.52620100975037,8636,6516,11488,-123,-34,79,7340,-9300,10352,-36,150,-145,-13684,3868,5804,-1004,97,-89,-13964,-5196,6384,-510,150,-153,0
493.56232714653015,8648,6600,11280,-130,-68,102,7436,-9316,10272,-11,134,-171,-13672,4228,5688,-974,85,-43,-14036,-5312,6644,-490,141,-119,0
493.59749293327326,8644,6584,11012,-129,-80,87,7288,-9276,10380,-24,124,-182,-13700,4284,5748,-999,98,-105,-13940,-5072,6320,-496,145,-129,0
493.632642030716,8648,6612,11204,-121,-89,80,7320,-9252,10348,-18,143,-221,-13688,4156,5716,-997,54,-74,-13908,-4908,6640,-472,162,-138,0
493.66769909858704,8536,6568,11308,-131,-55,83,7412,-9356,10476,-36,164,-162,-13736,4332,5796,-979,51,-87,-13956,-5164,6408,-484,126,-87,0
493.70365405082697,8584,6484,11328,-149,-60,110,7204,-9368,10416,33,149,-177,-13704,4204,5852,-991,59,-81,-13936,-5108,6392,-463,157,-104,0
493.74017596244806,8572,6640,11396,-152,-65,131,7276,-9408,10416,15,118,-167,-13628,4240,5668,-1016,116,-95,-13880,-5196,6432,-472,134,-75,0
493.7736620903015,8520,6584,11244,-93,-116,107,7336,-9244,10336,-86,128,-207,-13780,4228,5708,-957,83,-97,-13852,-5324,6180,-520,168,-127,0
493.80714297294617,8672,6564,11312,-126,-87,103,7524,-9288,10148,-25,174,-182,-13736,4228,5840,-936,95,-101,-13596,-5052,6600,-478,150,-117,0
493.8407199382782,8660,6404,11236,-176,-53,112,7364,-9324,10428,-8,152,-182,-13656,4228,5536,-963,77,-72,-13908,-4888,6372,-444,147,-113,0
493.8742949962616,8632,6516,11164,-170,-39,120,7404,-9280,10348,-12,148,-162,-13752,4240,5612,-986,96,-67,-13888,-5144,6420,-491,103,-116,0
493.9076120853424,8624,6512,11144,-157,-76,105,7376,-9324,10348,-67,145,-154,-13724,4148,5816,-965,54,-69,-13888,-4876,6332,-491,123,-127,0
493.94103407859797,8688,6544,11492,-116,-66,93,7312,-9300,10376,-33,144,-157,-13748,4188,5464,-971,82,-131,-13928,-4944,6380,-506,152,-125,0
493.97473311424255,8592,6516,11180,-109,-54,118,7292,-9284,10456,-2,160,-164,-13628,4064,5540,-1007,103,-88,-13836,-5128,6628,-499,207,-139,0
494.0077691078186,8532,6544,11216,-198,-62,117,7308,-9420,10260,22,130,-189,-13636,4228,5736,-1019,111,-68,-13820,-5148,6488,-485,204,-93,0
494.0412631034851,8584,6568,11292,-152,-128,114,7272,-9332,10304,-44,121,-190,-13528,4264,5648,-1005,104,-113,-13892,-5228,6492,-487,151,-119,0
494.0748510360718,8580,6576,11328,-143,-80,108,7296,-9448,10364,-38,133,-173,-13588,4172,5856,-996,87,-105,-13856,-5324,6400,-499,155,-110,0
494.10826301574707,8656,6588,11484,-161,-67,102,7344,-9300,10412,-18,138,-159,-13620,4268,5828,-982,117,-109,-13852,-5176,6376,-473,159,-106,0
494.14167404174805,8604,6592,11252,-129,-87,115,7240,-9236,10432,-21,123,-190,-13380,4184,5740,-984,113,-88,-13936,-5104,6160,-492,154,-114,0
494.1752870082855,8532,6548,11260,-147,-132,107,7292,-9204,10408,-47,161,-219,-13724,4156,5816,-976,108,-69,-13872,-4892,6256,-495,167,-100,0
494.208811044693,8640,6556,11088,-160,-127,92,7344,-9296,10332,-35,145,-192,-13896,4200,5600,-972,95,-86,-14036,-5064,6216,-489,171,-138,0
494.2423679828644,8504,6608,11512,-158,-109,94,7192,-9304,10260,-37,152,-204,-13760,4204,5568,-993,95,-101,-13952,-5368,6160,-509,174,-90,0
494.2760839462281,8544,6504,11124,-146,-90,107,7288,-9236,10268,-9,112,-213,-13744,4276,5836,-1016,136,-124,-14008,-5144,6348,-498,168,-110,0
494.3097319602966,8448,6492,11480,-134,-80,104,7308,-9292,10232,-30,122,-176,-13668,4244,5744,-1006,96,-117,-13968,-5024,6244,-510,121,-131,0
494.34336304664606,8628,6588,11352,-118,-49,91,7312,-9316,10388,-47,116,-149,-13700,4224,5728,-1002,84,-98,-13976,-5104,6412,-260,138,-143,0
494.3769640922547,8652,6480,11144,-138,-44,87,7376,-9264,10416,-7,146,-149,-13688,4204,5780,-1019,76,-47,-13892,-5148,6440,-467,153,-128,0
494.4101040363312,8608,6548,11488,-164,-42,113,7324,-9236,10400,-46,164,-153,-13724,4196,5796,-1015,104,-49,-13948,-5140,6400,-473,125,-133,0
494.4437770843506,8628,6540,11288,-140,-55,85,7252,-9320,10196,-22,130,-160,-13784,4188,5796,-1032,100,-123,-13844,-5192,6452,-550,144,-111,0
494.47738003730774,8568,6564,11372,-138,-97,122,7272,-9252,10308,-37,113,-155,-13568,4276,5740,-1037,94,-125,-13868,-5188,6364,-493,116,-108,0
494.5106589794159,8560,6600,11180,-101,-64,77,7324,-9348,10372,-44,141,-165,-13688,4296,5860,-993,100,-70,-13912,-5144,6384,-519,120,-126,0
494.54398798942566,8644,6560,11152,-98,-80,74,7360,-9452,10412,-69,141,-192,-13632,4204,5696,-989,66,-58,-14080,-4964,6384,-499,183,-134,0
494.57747292518616,8628,6460,11344,-133,-45,95,7272,-9384,10120,-25,131,-196,-13640,4304,5880,-1010,92,-91,-13940,-5064,6408,-502,173,-127,0
494.6112549304962,8676,6560,11200,-136,-65,92,7364,-9356,10276,-27,127,-161,-13676,4268,5660,-1013,77,-84,-13932,-5216,6184,-509,94,-137,0
494.6447920799256,8664,6556,11376,-130,-73,77,7292,-9236,10316,-39,129,-170,-13756,4212,5768,-973,101,-104,-13984,-5076,6400,-485,111,-124,0
494.6784451007843,8600,6680,11116,-136,-73,85,7260,-9264,10460,-57,143,-192,-13632,4164,5672,-991,69,-103,-14080,-4872,6336,-500,145,-153,0
494.71184992790216,8548,6544,11016,-110,-93,104,7172,-9368,10364,-49,195,-155,-13792,4224,5752,-983,64,-61,-14064,-4928,6188,-507,98,-107,0
494.7452509403229,8596,6500,11108,-163,-92,82,7264,-9364,10316,-21,120,-171,-13592,3900,5772,-1013,94,-119,-13668,-5348,6340,-508,171,-134,0
494.7831799983978,8468,6560,11172,-83,-77,100,7312,-9376,10276,-51,129,-194,-13744,4332,5740,-1275,116,-78,-13892,-4900,6272,-517,173,-141,0
494.81912302970886,8488,6536,11156,-116,-78,89,7252,-9372,10408,-24,132,-180,-13604,4176,5696,-989,103,-137,-13924,-5368,6268,-478,132,-139,0
494.85437297821045,8668,6620,11200,-137,-61,109,7320,-9264,10208,-49,474,-188,-13596,4128,5656,-1028,89,-74,-13960,-5212,6216,-525,146,-123,0
494.8897259235382,8620,6448,11296,-130,-68,102,7424,-9284,10248,-35,114,-169,-13708,4128,5476,-986,67,-94,-14056,-5188,6404,-488,144,-105,0
494.9248750209809,8628,6468,11220,-141,-83,115,7312,-9224,10216,-43,134,-177,-13724,4272,5672,-978,118,-82,-13860,-5096,6308,-507,144,-138,0
494.9601230621338,8656,6520,11364,-133,-95,94,7364,-9352,10272,-50,157,-162,-13752,4184,5760,-968,86,-80,-14036,-5140,6436,-474,154,-120,0
494.99569511413574,8576,6532,11312,-158,-75,75,6980,-9304,10268,-8,106,-157,-13792,4308,5772,-1008,111,-106,-13908,-5140,6652,-497,159,-108,0
495.0317780971527,8496,6508,11188,-150,-62,112,7328,-9336,10404,-29,144,-198,-13688,4188,5884,-984,100,-76,-13920,-5336,6208,-481,164,-106,0
495.0675089359284,8660,6552,11368,-135,-72,122,7356,-9324,10392,-254,154,-205,-13804,3920,5788,-1022,90,-112,-14016,-5060,6448,-494,180,-124,0
495.102872133255,8620,6564,11364,-140,-117,107,7312,-9348,10360,-22,128,-186,-13676,4252,5832,-1002,111,-97,-13920,-5164,6412,-504,175,-105,0
495.1381421089173,8612,6504,11312,-154,-91,115,7316,-9316,10124,-6,126,-186,-13688,4192,6032,-979,115,-113,-13964,-5140,6556,-494,163,-113,0
495.17325592041016,8628,6596,11300,-149,-104,121,7348,-9312,10320,-26,150,-183,-13628,4164,5756,-971,135,-89,-13932,-5052,6368,-508,182,-107,0
495.2092571258545,8300,6436,11020,-152,-89,112,7392,-9356,10280,5,132,-184,-13684,4156,5988,-1273,121,-126,-13900,-5368,6328,-489,141,-95,0
495.2444140911102,8600,6448,11048,-144,-145,146,7364,-9304,10620,10,135,-179,-13592,4164,5912,-1032,121,-104,-14064,-5328,6296,-497,156,-91,0
495.2799689769745,8524,6556,11292,-153,-120,111,7280,-9388,10360,-39,173,-225,-13764,4184,6132,-954,127,-128,-14036,-5100,6272,-481,203,-83,0
495.31495213508606,8836,6624,11048,-181,-145,107,7644,-9420,10292,-9,155,-228,-13732,4180,5688,-974,145,-167,-13856,-5156,6348,-480,219,-69,0
495.35064792633057,8596,6592,11300,-169,-151,123,7248,-9236,10452,-7,146,-193,-13820,4292,5848,-989,169,-113,-13976,-4888,6536,-484,177,-52,0
495.385332107544,8560,6572,11188,-178,-165,160,7256,-9408,10280,-21,140,-206,-13728,4128,5796,-960,176,-109,-13956,-5304,6452,-508,151,-56,0
495.42160391807556,8504,6500,11308,-197,-187,130,7344,-9260,10336,-61,144,-202,-13732,4228,5840,-986,136,-181,-13980,-4880,6632,-257,206,-70,0
495.45526099205017,8596,6496,11320,-155,-184,141,7488,-9400,10444,-27,111,-215,-13692,4296,5828,-1004,147,-158,-13876,-4912,6156,-525,207,-76,0
495.4889099597931,8676,6492,11380,-156,-185,128,7260,-9320,10248,24,93,-246,-13692,4224,5708,-1007,162,-141,-13888,-4952,6436,-521,232,-69,0
495.5223410129547,8620,6568,11256,-123,-181,139,7336,-9316,10476,-25,97,-219,-13620,4220,5640,-1002,171,-107,-13860,-5100,6468,-485,205,-65,0
495.5557789802551,8676,6568,11292,-173,-207,167,7312,-9360,10444,-9,101,-224,-13708,4220,5868,-979,168,-135,-14056,-5304,6544,-493,206,-78,0
495.58918809890747,8708,6516,11256,-182,-142,94,7240,-9284,10440,-21,177,-212,-13692,4156,5736,-987,167,-177,-13912,-5104,6288,-502,195,-73,0
495.6227550506592,8716,6448,11172,-158,-165,119,7332,-9324,10372,-12,133,-189,-13636,4120,5804,-1003,131,-141,-13888,-5092,6444,-491,202,-67,0
495.6559829711914,8728,6616,11356,-151,-182,126,7396,-9212,10348,-254,121,-214,-13732,4164,5832,-1279,136,-152,-13900,-5032,6376,-505,169,-117,0
495.68976092338556,8592,6536,11176,-147,-139,114,7296,-9260,10260,-27,146,-192,-13792,4224,5796,-990,131,-90,-13864,-5084,6380,-491,163,-108,0
495.7231810092926,8708,6540,11340,-161,-174,121,7312,-9340,10308,-255,148,-217,-13708,4248,5904,-968,117,-148,-14008,-4980,6444,-482,164,-92,0
495.7569069862366,8684,6504,11216,-160,-109,118,7628,-9288,10008,-5,142,-208,-13736,4136,5788,-1011,144,-100,-13824,-5160,6372,-500,179,-76,0
495.79045701026917,8652,6472,11276,-160,-167,127,7320,-9284,10360,244,99,-214,-13768,4196,5756,-1029,107,-143,-13892,-5044,6316,-505,164,-109,0
495.8239200115204,8724,6492,11280,-135,-107,139,7440,-9296,10364,-39,102,-209,-13660,4096,5876,-991,115,-116,-13948,-5072,6184,-542,152,-101,0
495.8575689792633,8788,6544,11388,-122,-102,88,7184,-9016,10368,-36,122,-175,-13784,3884,5696,-1016,105,-92,-13868,-5012,6312,-526,157,-141,0
495.890862941742,8708,6572,11120,-128,-82,86,7476,-9296,10352,-26,136,-174,-13572,4132,5816,-771,80,-55,-13892,-5068,6392,-519,148,-149,0
495.92443108558655,8764,6548,11252,-146,-41,74,7552,-9320,10292,-53,152,-183,-13768,4120,5676,-994,74,-51,-13848,-5336,6316,-506,141,-125,0
495.9581110477448,8636,6564,11284,-156,-42,108,7392,-9252,10276,-48,165,-160,-13816,4156,5472,-999,99,-47,-13968,-4980,6580,-489,115,-126,0
495.9914710521698,8736,6440,11128,-138,-57,88,7312,-9344,10424,-54,159,-134,-13796,4136,5748,-983,53,-96,-13924,-5140,6320,-493,103,-172,0
496.02477312088007,8632,6532,11236,-154,-57,62,7404,-9364,10352,-18,133,-156,-13704,4124,5708,-771,55,-66,-13904,-5188,6244,-503,99,-151,0
496.05812311172485,8600,6432,11376,-84,-19,61,7220,-9220,10324,-72,157,-149,-13648,4180,5556,-1010,55,-19,-13852,-5168,6360,-519,95,-134,0
496.091805934906,8636,6560,11448,-108,-48,71,7400,-9284,10396,-63,175,-139,-13744,4136,5716,-962,38,-61,-13936,-4972,6640,-489,133,-151,0
496.1254770755768,8736,6508,11408,-148,-29,81,7372,-9336,10372,-35,179,-152,-13724,4248,5696,-1010,70,-59,-14044,-5100,6380,-481,126,-127,0
496.1589510440827,8720,6476,11308,-104,-1,77,7340,-9356,10328,-37,130,-129,-13796,4236,5736,-1014,69,-75,-13968,-5120,6516,-489,108,-165,0
496.1924679279328,8644,6708,11256,-96,7,67,7420,-9320,10384,-60,125,-132,-13712,4152,5816,-978,84,-85,-13944,-5084,6416,-505,105,-156,0
496.2260711193085,8640,6612,11292,-128,-70,57,7320,-9332,10084,-68,149,-135,-13720,4100,6136,-980,52,-58,-13876,-5132,6480,-532,139,-139,0
496.25977396965027,8720,6608,11256,-93,-74,77,7336,-9276,10388,-28,131,-160,-13648,4236,6092,-999,87,-70,-13872,-5060,6296,-508,160,-139,0
496.2934319972992,8660,6592,11484,-127,-65,81,7248,-9316,10248,-37,126,-174,-13660,4224,5728,-1009,117,-56,-13848,-5084,6328,-498,158,-99,0
496.32715702056885,8480,6516,11104,-97,-71,73,7244,-9216,10228,-34,119,-192,-13652,4160,5764,-1006,71,-85,-13964,-4888,6240,-507,154,-155,0
496.3607380390167,8612,6588,11184,-100,-64,75,7320,-9288,10248,-29,134,-192,-13796,4184,5744,-994,72,-81,-13964,-4872,6416,-525,138,-161,0
496.3939881324768,8564,6592,11488,-123,-44,75,7320,-9348,10336,-65,151,-157,-13692,4144,5628,-991,75,-90,-13900,-5116,6516,-499,130,-138,0
496.4301400184632,8632,6464,11308,-121,-87,80,7320,-9380,10360,-10,148,-162,-13644,4184,5908,-1010,99,-79,-13960,-5024,6308,-763,148,-137,0
496.46536111831665,8624,6508,11240,-116,-69,101,7284,-9388,10288,-62,135,-175,-13708,4232,5844,-1000,90,-38,-13968,-5112,6380,-519,126,-124,0
496.5004460811615,8584,6572,11476,-140,-71,65,7392,-9324,10352,-82,141,-187,-13728,4284,5828,-976,75,-111,-13896,-5024,6320,-475,131,-134,0
496.535474061966,8536,6596,11124,-138,-81,88,7320,-9036,10348,-37,172,-171,-13580,4084,5692,-1001,76,-25,-13900,-5140,6336,-483,152,-122,0
496.5717670917511,8644,6580,11196,-119,-82,99,7320,-9348,10396,-30,111,-188,-13648,4272,6052,-1007,126,-130,-13940,-4880,6632,-502,140,-117,0
496.607677936554,8640,6580,11356,-134,-76,91,7296,-9380,10492,-21,145,-195,-13584,4172,5768,-983,85,-85,-14064,-4880,6584,-504,155,-117,0
496.64279413223267,8564,6548,11252,-92,-96,101,7292,-9368,10300,-18,111,-186,-13668,4124,5848,-983,100,-93,-13728,-5340,6652,-513,147,-118,0
496.6785640716553,8560,6656,11220,-120,-55,77,7328,-9360,10472,-42,149,-157,-13720,4180,5752,-987,94,-105,-13964,-5104,6268,-763,153,-150,0
496.7139410972595,8584,6596,11300,-139,-54,75,7344,-9360,10280,-30,133,-177,-13696,4248,5772,-912,71,-124,-13932,-5076,6356,-484,127,-121,0
496.7499289512634,8620,6528,11176,-144,-58,98,7316,-9284,10360,-40,145,-157,-13728,4140,5772,-994,113,-72,-13800,-5140,6420,-504,136,-134,0
496.7849080562592,8636,6616,11504,-143,-124,105,7388,-9396,10288,-17,148,-174,-13792,4196,5668,-985,76,-79,-13976,-5048,6496,-502,146,-127,0
496.8204629421234,8616,6500,11200,-149,-62,119,7348,-9360,10348,-26,163,-189,-13436,4264,5788,-1029,117,-106,-13996,-5076,6392,-489,137,-116,0
496.8554539680481,8592,6592,11212,-132,-81,91,7372,-9312,10300,-63,151,-172,-13716,4332,5820,-1000,71,-107,-13852,-4904,6524,-513,135,-122,0
496.8935649394989,8720,6536,11300,-122,-78,91,7320,-9344,10244,-56,156,-184,-13412,4184,5784,-979,77,-78,-13884,-5060,6464,-491,137,-113,0
496.9295780658722,8588,6528,11096,-122,-55,106,7228,-9332,10348,4,156,-172,-13560,4228,5704,-1019,81,-101,-13836,-4900,6532,-503,123,-113,0
496.9647250175476,8608,6532,11292,-109,-33,95,7196,-9332,10460,-34,123,-151,-13804,4132,5904,-1004,94,-29,-13860,-4964,6428,-506,108,-137,0
497.0001831054688,8548,6592,11232,-146,-84,84,7340,-9316,10300,-69,131,-176,-13588,4128,5732,-966,103,-84,-13860,-5360,6232,-500,138,-124,0
497.0351231098175,8576,6552,11340,-129,-92,114,7188,-9340,10668,-47,141,-165,-13736,4176,6100,-991,118,-63,-13948,-5080,6400,-492,167,-123,0
497.0704479217529,8700,6524,11092,-124,-79,91,7272,-9332,10408,-13,123,-167,-13708,4144,5924,-1007,142,-141,-14068,-5312,6500,-259,182,-121,0
497.10581398010254,8288,6636,11244,-156,-115,103,7252,-9324,10408,18,101,-201,-13584,4156,6020,-995,124,-119,-13828,-5132,6244,-489,185,-107,0
497.1392140388489,8548,6888,11460,-159,-134,141,7296,-9316,10328,-15,105,-193,-13668,4288,5936,-977,140,-122,-13872,-4968,6476,-471,158,-92,0
497.172868013382,8544,6572,11344,-178,-108,131,7328,-9412,10372,0,141,-203,-13648,4148,5796,-977,156,-128,-13956,-5376,6364,-487,184,-92,0
497.2065899372101,8660,6640,11292,-151,-151,127,7360,-9316,10460,1,174,-203,-13696,4272,5764,-1003,154,-119,-13668,-5048,6384,-514,177,-69,0
497.2399981021881,8572,6600,11508,-166,-171,119,7308,-9248,10344,-7,116,-201,-13712,4108,5944,-972,125,-102,-13828,-5188,6464,-507,172,-78,0
497.2736210823059,8580,6616,11244,-175,-169,121,7244,-9268,10268,-31,150,-208,-13668,4156,5732,-978,157,-142,-13820,-5052,6392,-488,184,-59,0
497.3072910308838,8636,6604,11412,-186,-151,119,7236,-9328,10484,-22,144,-221,-13736,4220,5876,-955,133,-175,-13828,-4944,6356,-492,222,-93,0
497.341138124466,8904,6808,11052,-176,-180,141,7284,-9376,10428,20,146,-209,-13600,4256,5820,-1005,157,-173,-13940,-4892,6312,-458,217,-80,0
497.3747191429138,8736,6584,11296,-164,-189,138,7300,-9212,10312,11,125,-234,-13732,4224,5808,-992,152,-155,-13920,-4936,6524,-483,205,-46,0
497.4080400466919,8628,6544,11360,-188,-159,161,7348,-9280,10276,13,134,-229,-13700,4228,5660,-1004,167,-114,-14068,-5024,6472,-484,206,-81,0
497.4415810108185,8560,6516,11300,-172,-164,145,7388,-9320,10372,-15,129,-224,-13644,4196,5708,-985,160,-152,-13876,-4868,6376,-489,201,-46,0
497.4749710559845,8664,6540,11176,-175,-188,173,7412,-9316,10328,21,161,-179,-13716,4156,5824,-1010,155,-135,-14004,-5284,6348,-754,217,-77,0
497.50870013237,8664,6512,11492,-141,-171,142,7476,-9312,10472,10,137,-213,-13672,4192,5764,-1008,152,-145,-13940,-5164,6420,-503,192,-96,0
497.5423340797425,8656,6592,11044,-185,-158,117,7320,-9396,10516,-30,120,-214,-13788,4228,5664,-1007,157,-112,-14008,-5260,6396,-264,174,-52,0
497.57578015327454,8692,6516,11052,-198,-164,146,7404,-9364,10464,254,133,-226,-13664,4164,5884,-970,169,-113,-13716,-5092,6508,-468,196,-97,0
497.6093671321869,8640,6528,11416,-154,-158,130,7308,-9320,10076,-20,116,-212,-13736,4224,5712,-1008,177,-131,-13924,-5012,6244,-492,187,-79,0
497.6426920890808,8860,6476,11036,-139,-191,115,7360,-9360,10332,4,116,-203,-13752,4088,5784,-1011,95,-127,-14020,-5000,6248,-508,213,-111,0
497.6763949394226,8668,6592,11472,-147,-159,125,7308,-9240,10388,17,101,-190,-13648,4124,5928,-1003,101,-139,-13960,-5156,6428,-494,154,-105,0
497.7098591327668,8636,6632,11012,-127,-138,124,7364,-9384,10480,-29,115,-195,-13756,4180,6128,-993,150,-140,-13964,-4868,6336,-488,192,-74,0
497.7434859275818,8916,6500,11240,-172,-172,140,7224,-9260,10380,-25,146,-233,-13716,4144,5440,-991,137,-146,-13964,-4972,6320,-511,205,-90,0
497.777104139328,8936,6480,11260,-154,-144,137,7360,-9312,10512,4,103,-160,-13756,4200,5804,-1014,114,-64,-13952,-4980,6312,-480,168,-89,0
497.8105890750885,8728,6516,11472,-124,-96,138,7348,-9356,10204,-16,131,-160,-13820,4092,5680,-1014,119,-53,-13880,-4876,6340,-489,115,-114,0
497.84425497055054,8748,6500,11276,-181,-127,145,7568,-9260,10492,-20,137,-181,-13640,4036,5860,-1020,149,-69,-13588,-5312,6344,-491,121,-81,0
497.87767004966736,8564,6568,11496,-134,-150,111,7348,-9288,10244,-68,116,-194,-13676,4068,5840,-995,78,-144,-13972,-5044,6144,-524,205,-106,0
497.9112260341644,8524,6472,11132,-69,-119,94,7424,-9256,10444,-28,115,-214,-13820,4136,5700,-1027,108,-122,-13860,-5060,6288,-496,166,-117,0
497.944855928421,8656,6480,11224,-149,-87,101,7316,-9268,10448,253,108,-203,-13684,4228,5888,-1034,121,-84,-13932,-5064,6424,-476,152,-113,0
497.978415966034,8704,6512,11052,-151,-61,98,7676,-9324,10456,-49,146,-179,-13676,4156,5548,-1021,111,-63,-13936,-5160,6400,-486,137,-153,0
498.0119619369507,8676,6592,11184,-125,-55,86,7216,-9388,10472,-34,137,-180,-14080,3908,5784,-986,78,-69,-13952,-5040,6468,-485,137,-160,0
498.0455560684204,8744,6572,11232,-118,-36,70,7364,-9384,10480,-65,155,-180,-13784,4136,5988,-1007,56,-68,-13932,-5124,6364,-493,130,-161,0
498.0789921283722,8860,6528,11232,-112,-29,92,7284,-9000,10044,-11,164,-139,-13680,4180,5700,-993,74,-124,-13932,-5116,6348,-516,151,-168,0
498.1152009963989,8676,6524,11272,-117,-33,62,7264,-9272,10396,-62,134,-140,-13688,4200,5696,-1008,74,-17,-13896,-4900,6376,-261,110,-170,0
498.15124797821045,8712,6532,11096,-119,-5,87,7280,-9348,10328,-50,149,-167,-13792,4056,5796,-967,70,-80,-13912,-4876,6340,-480,118,-154,0
498.1873540878296,8716,6540,11272,-136,-61,70,7392,-9348,10348,-58,156,-156,-13676,4132,5736,-1018,71,-96,-13888,-4992,6420,-493,114,-167,0
498.2227749824524,8640,6472,11188,-107,-19,83,7304,-9396,10288,-56,151,-163,-13720,4192,5832,-993,92,-36,-13928,-5172,6360,-487,139,-128,0
498.25805497169495,8656,6560,11276,-121,-35,82,7320,-8984,10260,-28,114,-173,-13792,4264,5768,-956,85,-80,-14000,-5372,6268,-766,140,-138,0
498.2933909893036,8708,6468,11368,-103,-59,89,7388,-9348,10212,-49,151,-158,-13632,4124,5788,-993,84,-59,-13916,-5164,6156,-266,110,-127,0
498.32870602607727,8612,6592,11308,-119,-63,89,7304,-9336,10384,-20,157,-184,-13704,4152,5860,-1005,73,-80,-13860,-5112,6340,-489,155,-139,0
498.3642621040345,8684,6616,11196,-144,-42,80,7400,-9268,10352,-70,135,-158,-13716,4224,5792,-995,90,-19,-13932,-5132,6384,-524,129,-141,0
498.39964604377747,8688,6504,11096,-101,-94,103,7404,-9300,10428,-37,117,-134,-13728,4264,5760,-999,90,-58,-13924,-5116,6368,-530,136,-148,0
498.43465399742126,8724,6500,11336,-132,-31,79,7352,-9344,10436,-24,133,-140,-13676,4160,5724,-1000,58,-37,-13816,-5192,6496,-502,127,-140,0
498.4702200889588,8684,6504,11100,-100,-12,88,7360,-9240,10004,-39,107,-124,-13712,4296,5804,-1278,83,-81,-13624,-5164,6352,-503,94,-149,0
498.504872083664,8660,6520,11448,-77,-52,77,7392,-9452,10040,-44,153,-170,-13688,4128,5648,-977,36,-33,-13912,-5044,6220,-257,154,-166,0
498.5407280921936,8732,6516,11436,-157,-14,84,7416,-9336,10224,-34,153,-147,-13740,4244,5708,-1017,57,-102,-13892,-5036,6384,-510,133,-137,0
498.5761630535126,8576,6568,11320,-101,-39,51,7268,-9372,10428,-40,145,-152,-13704,4176,5864,-999,39,-60,-13956,-5112,6508,-257,121,-157,0
498.6118109226227,8596,6576,11216,-125,-32,63,7280,-9336,10372,-56,149,-163,-13756,4288,5684,-984,69,-77,-13876,-5156,6448,-493,105,-165,0
498.6476061344147,8540,6620,11344,-129,-65,77,7396,-9360,10340,-92,170,-165,-13728,4188,5640,-975,66,-97,-14012,-5092,6412,-504,140,-144,0
498.68279910087585,8652,6432,11076,-82,-57,122,7364,-9344,10480,-33,111,-166,-13784,3884,5856,-1003,101,-110,-13868,-5192,6400,-514,169,-123,0
498.7182590961457,8656,6584,11356,-133,-64,101,7216,-9252,10332,-256,116,-182,-13532,4228,5880,-1004,116,-98,-13892,-5096,6264,-508,163,-109,0
498.7536289691925,8624,6820,11440,-110,-85,124,7292,-8996,10248,-32,114,-178,-13808,4180,5720,-956,105,-102,-13936,-5148,6616,-526,152,-136,0
498.78922295570374,8624,6544,11152,-107,-83,109,7352,-9384,10352,-33,163,-183,-13720,4172,5716,-986,89,-71,-14000,-5156,6304,-517,129,-125,0
498.8226089477539,8640,6580,11476,-115,-33,79,7320,-9340,10456,-32,155,-170,-13732,4176,6024,-998,93,-72,-13984,-5068,6352,-494,142,-154,0
498.8564429283142,8640,6616,11216,-128,-74,104,7316,-9016,10340,-24,134,-154,-13584,4148,5828,-1018,99,-76,-13808,-5156,6440,-504,128,-141,0
498.8898129463196,8644,6584,11444,-125,-58,90,7264,-9304,10424,-35,117,-150,-13704,4164,5828,-979,83,-101,-13876,-5180,6428,-486,138,-134,0
498.92304611206055,8580,6696,11252,-114,-64,80,7300,-9316,10380,-58,187,-199,-13772,4216,5828,-769,99,-116,-13832,-5244,6468,-480,150,-126,0
498.95691299438477,8860,6596,11404,-134,-50,98,7296,-9412,10532,-24,149,-179,-13760,4296,5732,-969,77,-75,-13948,-5232,6476,-491,178,-120,0
498.9904530048371,8628,6520,11256,-126,-78,104,7288,-9360,10364,-28,128,-183,-13728,4156,5668,-1004,116,-73,-13812,-5204,6472,-469,148,-115,0
499.0237720012665,8600,6596,11268,-129,-56,102,7384,-9248,10468,-31,99,-185,-13588,4156,5764,-1004,135,-105,-13880,-5196,6288,-493,150,-118,0
499.057363986969,8616,6596,11380,-119,-77,122,7392,-9360,10236,-49,137,-193,-13708,4168,5784,-1006,87,-103,-13848,-5172,6380,-529,158,-122,0
499.0909631252289,8612,6408,11368,-115,-48,105,7296,-9392,10348,-57,157,-163,-13748,4144,5852,-1001,85,-136,-13928,-5180,6328,-517,144,-136,0
499.12435698509216,8552,6564,11516,-137,-64,110,7360,-9328,10420,-24,207,-182,-13768,4212,5688,-1061,100,-82,-13932,-5168,6344,-501,148,-131,0
499.1576340198517,8612,6636,11036,-146,-46,105,7272,-9224,10288,-36,132,-174,-13588,4164,5932,-1005,94,-44,-13896,-5164,6464,-489,156,-88,0
499.1911220550537,8652,6652,11268,-133,-53,106,7304,-9308,10360,-47,141,-151,-13700,4204,5600,-979,116,-111,-13976,-5172,6460,-491,135,-90,0
499.2243859767914,8688,6560,11232,-145,-66,121,7408,-9372,10208,-40,135,-177,-13732,4256,5872,-976,116,-133,-13964,-5044,6452,-491,146,-104,0
499.2579619884491,8644,6492,11220,-149,-67,111,7668,-9372,10340,-15,166,-178,-13720,4252,5804,-770,90,-128,-13824,-5184,6376,-483,155,-144,0
499.2916669845581,8508,6536,11460,-180,-77,96,7324,-9340,10276,31,159,-177,-13692,4128,5664,-1021,123,-44,-13788,-5208,6404,-505,158,-113,0
499.3248689174652,8440,6544,11300,-137,-62,121,7344,-9332,10348,-47,167,-200,-13692,4236,6076,-960,98,-114,-14028,-5272,6492,-491,146,-107,0
499.3583369255066,8560,6568,11284,-137,-93,95,7332,-9308,10364,-9,132,-206,-13652,4196,5708,-989,111,-101,-13912,-5132,6452,-473,180,-130,0
499.391725063324,8568,6556,11348,-160,-91,118,7280,-9312,10368,11,168,-192,-13648,4208,5640,-990,80,-121,-13796,-5100,6404,-489,181,-78,0
499.4249370098114,8540,6588,11300,-152,-98,144,7220,-9236,10420,-8,126,-173,-13680,4132,5488,-998,138,-99,-13952,-5028,6488,-494,127,-89,0
499.4586460590363,8620,6840,11400,-190,-123,128,7276,-9320,10484,-41,156,-209,-13720,4260,5884,-970,147,-80,-13768,-5084,6408,-500,160,-88,0
499.49240803718567,8744,6616,11384,-194,-141,127,7188,-9396,10256,-46,138,-190,-13788,4252,5784,-970,119,-115,-13968,-5040,6316,-527,204,-79,0
499.5258049964905,8608,6496,11132,-157,-137,143,7360,-9272,10388,251,118,-217,-13648,4100,5764,-1029,140,-164,-13824,-5224,6476,-479,225,-70,0
499.5592710971833,8524,6544,11180,-190,-154,157,7320,-9280,10336,29,128,-512,-13632,4308,5764,-997,188,-166,-13912,-5272,6380,-492,232,-66,0
499.5928509235382,8564,6492,11156,-179,-168,128,7384,-9324,10288,-17,65,-221,-13648,4148,6040,-978,143,-146,-13884,-5112,6496,-500,201,-66,0
499.62610602378845,8592,6528,11380,-176,-147,132,7324,-9420,10444,-17,119,-201,-13728,4148,5712,-985,157,-128,-13972,-5164,6164,-486,181,-76,0
499.6597800254822,8452,6528,11344,-193,-142,128,7388,-9372,10296,-255,152,-211,-13736,4160,5680,-1007,109,-118,-13928,-5120,6352,-261,221,-70,0
499.6933560371399,8524,6636,11368,-164,-138,160,7300,-9328,10456,29,130,-210,-13640,4340,5836,-996,142,-130,-14036,-5140,6356,-517,195,-82,0
499.7268180847168,8564,6600,11260,-187,-152,144,7344,-9232,10392,-11,125,-207,-13656,4144,5796,-985,164,-138,-13844,-5144,6372,-483,183,-82,0
499.7603940963745,8584,6544,11316,-180,-165,126,7332,-9288,10356,-17,121,-225,-13652,4132,5732,-997,156,-151,-13924,-5144,6164,-478,189,-80,0
499.7973370552063,8688,6520,11512,-199,-153,119,7276,-9396,10336,-17,149,-225,-13712,4212,5784,-972,151,-128,-13816,-5036,6440,-483,205,-93,0
499.83234000206,8648,6488,11424,-137,-160,141,7572,-9312,10480,-19,136,-234,-13740,4216,5724,-977,153,-125,-14064,-5064,6400,-511,209,-92,0
499.86740493774414,8636,6528,11168,-168,-143,157,7356,-9236,10308,-21,117,-232,-13696,4140,5824,-1008,168,-144,-14028,-4988,6208,-502,190,-85,0
499.902850151062,8476,6500,11440,-169,-185,135,7396,-9280,10640,-8,114,-206,-13700,4168,5740,-988,153,-148,-13972,-5076,6352,-522,198,-95,0
499.93860602378845,8636,6548,11256,-171,-170,146,7312,-9248,10360,-249,100,-210,-13640,4128,5780,-1005,138,-96,-13940,-5164,6320,-523,160,-106,0
499.9737629890442,8868,6548,11180,-154,-166,134,7328,-9240,10376,-36,105,-218,-13796,3840,5840,-1013,130,-106,-13888,-4992,6392,-507,175,-82,0
500.0100100040436,8768,6564,11232,-184,-120,135,7372,-9208,10528,-19,98,-199,-13632,4160,5844,-970,152,-125,-13940,-5188,6372,-257,156,-83,0
500.0453281402588,8768,6500,11268,-136,-147,155,7404,-9276,10308,-50,99,-217,-13768,4168,5720,-987,115,-112,-13976,-4972,6284,-514,139,-84,0
500.08072805404663,8508,6440,11164,-156,-144,107,7344,-9412,10428,-34,128,-194,-13788,4212,5668,-1052,105,-139,-13852,-5052,6352,-489,155,-107,0
500.11606097221375,8496,6452,11404,-157,-102,130,7384,-9236,10356,254,119,-205,-13728,4176,5828,-1032,99,-55,-13936,-5164,6380,-486,127,-101,0
500.15234303474426,8760,6588,11380,-130,-84,88,7284,-9296,10388,-93,157,-184,-13704,4084,5680,-991,102,-111,-13988,-5060,6344,-499,142,-105,0
500.18856191635126,8688,6436,11244,-158,-61,74,7344,-9236,10412,-42,168,-167,-13996,4104,5568,-993,93,-118,-14012,-5020,6272,-474,136,-135,0
500.2234151363373,8892,6476,11248,-144,-29,76,7336,-8976,10340,-30,136,-119,-13636,4260,5788,-771,62,-34,-13932,-5064,6404,-463,90,-128,0
500.2597720623017,8732,6444,11056,-181,3,63,7360,-9276,10336,-41,152,-104,-13652,4036,5752,-1006,57,-9,-13944,-5200,6436,-500,81,-175,0
500.2951271533966,8656,6520,11096,-137,-38,84,7220,-9316,10412,-72,152,-158,-13692,4164,5876,-992,47,-84,-13880,-5152,6364,-516,131,-148,0
500.3304519653321,8728,6536,11220,-98,-27,88,7324,-9236,10356,-64,142,-145,-13688,4164,5628,-1032,82,-56,-13984,-5096,6296,-519,145,-147,0
500.3659100532532,8560,6596,11328,-119,-44,74,7348,-9288,10348,-32,116,-165,-13668,4168,5792,-1022,84,-105,-13924,-5024,6376,-498,131,-152,0
500.4013760089874,8684,6496,11252,-117,-25,109,7264,-9232,10232,-37,112,-161,-13720,4156,5756,-996,66,-41,-13920,-5180,6420,-490,117,-145,0
500.4390671253205,8452,6612,11348,-121,-78,58,7324,-9268,10348,-59,135,-184,-13692,4148,5876,-977,81,-59,-13968,-5088,6296,-501,104,-144,0
500.4725959300995,8456,6516,11516,-143,-12,73,7316,-9288,10340,-40,159,-160,-13596,4268,5828,-981,82,-72,-14056,-5116,6356,-504,150,-106,0
500.50611901283264,8612,6464,11020,-120,-27,68,7384,-9336,10356,-33,140,-174,-13768,4184,5820,-1000,75,-93,-13852,-5080,6316,-542,134,-156,0
500.5397810935974,8556,6524,11112,-116,-38,81,7296,-9260,10380,-31,127,-162,-13672,4164,5680,-1001,64,-102,-13836,-5028,6384,-524,128,-150,0
500.5735409259796,8612,6548,11432,-117,-63,66,7352,-9324,10432,-52,160,-195,-13648,4156,5540,-970,64,-94,-13984,-5120,6328,-498,142,-166,0
500.6070590019226,8616,6556,11316,-128,-53,56,7284,-9240,10280,-48,152,-142,-13680,4228,5732,-997,75,-71,-13964,-5108,6420,-479,133,-130,0
500.6402199268341,8700,6524,11284,-127,-57,47,7280,-9404,10432,-9,136,-167,-13712,4124,5732,-1000,91,-81,-13904,-5356,6328,-495,114,-113,0
500.673828125,8592,6508,11504,-115,-25,102,7328,-9340,10412,-51,141,-168,-13764,4180,5776,-990,57,-71,-13956,-5112,6388,-507,137,-137,0
500.70735692977905,8684,6552,11336,-112,-62,77,7356,-9380,10420,-59,137,-151,-13804,4188,5732,-1004,56,-93,-13948,-5152,6432,-760,125,-139,0
500.74112200737,8668,6660,11228,-107,-55,81,7332,-9336,10284,-35,123,-161,-13824,4184,5792,-999,65,-89,-13924,-5208,6624,-513,151,-139,0
500.77474308013916,8612,6552,11232,-123,-76,80,7356,-9408,10284,-7,139,-175,-13740,4116,5660,-981,84,-103,-13680,-5148,6460,-506,127,-138,0
500.80822110176086,8700,6632,11248,-122,-69,91,7348,-9352,10236,-68,121,-158,-13748,4236,5848,-965,95,-56,-14024,-5056,6156,-761,140,-129,0
500.8418350219726,8652,6552,11300,-134,-78,114,7364,-9308,10288,-46,126,-148,-13768,4164,5868,-1012,104,-51,-13956,-5060,6320,-530,137,-143,0
500.875519990921,8640,6536,11252,-145,-62,107,7520,-9296,10428,-19,128,-166,-13692,4348,5808,-990,85,-86,-13924,-5276,6464,-528,136,-120,0
500.90870809555054,8592,6632,11308,-126,-47,104,7208,-9308,10292,-67,121,-143,-13620,4224,6184,-998,83,-72,-13932,-5260,6268,-521,140,-140,0
500.95966506004333,8588,6620,11376,-130,-68,81,7232,-9228,10420,-36,133,-155,-13740,4132,5736,-1001,87,-55,-13956,-5100,6432,-467,159,-124,0
501.00433611869806,8712,6556,11292,-136,-51,83,7408,-9264,10248,-17,134,-156,-13704,4208,5836,-977,46,-81,-13836,-5112,6380,-482,137,-143,0
501.03844594955444,8588,6544,11440,-139,-23,113,7268,-9372,10316,-44,160,-131,-13680,4208,5744,-998,87,-44,-13884,-5272,6436,-494,105,-133,0
501.07194805145264,8620,6400,11380,-138,-60,96,7316,-9256,10400,-62,139,-165,-13720,4116,5836,-985,102,-45,-13908,-5000,6572,-513,128,-118,0
501.1055359840393,8532,6524,11244,-116,-45,114,7368,-9316,10320,-56,135,-179,-13712,4252,5684,-996,82,-82,-13848,-5204,6644,-499,161,-125,0
501.13904094696045,8648,6564,11172,-137,-71,112,7268,-9328,10396,-15,130,-180,-13636,4192,5736,-1023,101,-108,-13792,-5152,6396,-485,164,-123,0
501.1727330684662,8576,6512,11344,-116,-63,103,7188,-9352,10316,-7,102,-201,-13760,4164,5872,-1009,109,-136,-13796,-5104,6388,-491,170,-143,0
501.2063479423523,8580,6584,11232,-144,-121,111,7276,-9296,10380,-31,107,-179,-13708,4260,5916,-997,105,-94,-13940,-5076,6404,-764,141,-112,0
501.2393109798432,8604,6812,11476,-126,-24,75,7368,-9364,10296,-54,128,-156,-13792,4216,5864,-976,91,-62,-13988,-5236,6560,-481,147,-135,0
501.2729351520539,8548,6496,11188,-139,-73,77,7308,-9280,10276,1,148,-181,-13640,4176,5800,-1016,79,-130,-13932,-5236,6428,-504,181,-126,0
501.3065979480744,8564,6540,11168,-148,-79,95,7360,-9208,10244,14,132,-180,-13604,4144,5908,-994,95,-112,-13932,-5076,6492,-503,152,-122,0
501.3401429653168,8816,6584,11324,-160,-100,92,7304,-9292,10412,-41,173,-197,-13644,4096,5984,-1014,106,-124,-13776,-5204,6364,-477,151,-79,0
501.3736870288849,8552,6576,11372,-181,-136,108,7336,-9328,10432,-33,148,-201,-13756,4528,6064,-987,137,-94,-13740,-5132,6304,-484,177,-50,0
501.40700507164,8700,6540,11108,-158,-161,125,7276,-9388,10396,-254,152,-203,-13716,4336,5692,-991,126,-100,-13892,-5148,6424,-477,186,-108,0
501.4404799938202,8636,6552,11416,-135,-136,142,7272,-9160,10412,-22,123,-204,-13660,4252,5844,-941,136,-105,-13580,-5356,6476,-499,196,-108,0
501.4773619174957,8612,6616,11420,-156,-158,128,7280,-9312,10680,-10,128,-230,-13816,4212,5796,-1003,156,-154,-13848,-4996,6308,-472,203,-82,0
501.51263403892517,8596,6516,11456,-148,-155,170,7284,-9316,10264,-32,139,-206,-13956,4220,5808,-1003,166,-106,-13956,-5056,6472,-503,206,-74,0
501.5477659702301,8700,6644,11220,-162,-148,154,7316,-9276,10296,-15,136,-190,-13656,4124,6068,-977,153,-126,-13904,-5152,6456,-507,214,-59,0
501.5834629535675,8812,6564,11412,-167,-161,156,7304,-9292,10328,10,114,-196,-13776,4280,5720,-973,191,-144,-13888,-4876,6276,-491,176,-48,0
501.6198790073395,8636,6536,11412,-180,-158,167,7376,-9268,10388,-20,112,-210,-13412,4320,5840,-1014,153,-115,-13888,-5120,6432,-488,220,-78,0
501.65479493141174,8672,6908,11472,-200,-165,148,7364,-9340,10300,249,143,-214,-13676,4236,5588,-986,145,-157,-14008,-5044,6632,-473,163,-87,0
501.6902010440827,8608,6600,11176,-171,-182,141,7420,-9268,10408,-11,145,-213,-13700,4228,5996,-1003,143,-111,-13920,-5060,6556,-497,160,-100,0
501.7255721092224,8456,6588,11072,-195,-160,153,7372,-9324,10392,7,116,-192,-13652,4208,5876,-992,123,-150,-14004,-4892,6184,-511,177,-112,0
501.76156306266785,8648,6428,11136,-147,-116,104,7404,-9196,10336,13,128,-186,-13692,4196,5688,-1015,131,-109,-13972,-5196,6408,-492,184,-74,0
501.7976241111756,8604,6576,11284,-158,-148,117,7292,-9300,10544,-11,137,-228,-13644,4172,5620,-965,146,-89,-13800,-5052,6360,-506,219,-76,0
501.8333611488342,8676,6452,11180,-170,-166,121,7372,-9440,10312,15,124,-201,-13736,4208,5664,-995,138,-150,-14036,-4884,6592,-474,177,-92,0
501.86882996559143,8788,6552,11400,-163,-141,131,7372,-9256,10312,3,121,-185,-13776,4148,5792,-994,142,-57,-13900,-5100,6460,-493,127,-106,0
501.9089500904084,8600,6564,11260,-189,-122,135,7372,-9284,10316,-27,128,-161,-13740,4308,5692,-1004,126,-111,-13816,-5160,6568,-492,144,-101,0
501.9443149566651,8636,6520,11220,-144,-153,121,7344,-9340,10252,-19,138,-194,-13728,4100,5660,-993,125,-134,-13984,-5060,6412,-494,180,-101,0
501.9803199768067,8596,6440,11224,-117,-155,104,7320,-9268,10064,-18,99,-214,-13748,4096,5692,-1012,111,-130,-13852,-5016,6372,-501,217,-92,0
502.0160949230194,8612,6532,11216,-178,-155,128,7332,-9048,10100,11,92,-235,-13700,4120,5712,-1008,136,-136,-13896,-4876,6296,-481,202,-66,0
502.052325963974,8952,6512,11392,-132,-172,128,7340,-9268,10368,-25,100,-232,-13760,4152,5656,-991,122,-108,-14032,-5236,6368,-491,194,-87,0
502.0882489681244,8728,6528,11264,-164,-130,119,7352,-9308,10340,-43,116,-187,-13636,4212,5456,-986,116,-70,-13900,-5224,6224,-539,148,-107,0
502.1249499320984,8668,6532,11164,-145,-54,91,7468,-9228,10480,-43,129,-175,-13716,4284,5752,-988,71,-123,-13912,-5120,6248,-523,163,-146,0
502.1580550670624,8488,6424,11048,-144,-53,107,7196,-9336,10144,-35,142,-139,-13680,4116,5476,-1280,93,-58,-13860,-4980,6296,-501,129,-131,0
502.1917729377747,8720,6568,11344,-141,4,76,7360,-9332,10384,-32,130,-176,-13684,4180,5716,-1021,101,-85,-13932,-5056,6632,-468,152,-109,0
502.2254409790039,8692,6436,11228,-146,-64,65,7396,-9236,10292,-35,177,-173,-13708,3996,5932,-1037,79,-58,-14028,-5060,6640,-473,150,-144,0
502.2589330673218,8696,6436,11308,-172,-40,89,7440,-9204,10432,-36,149,-141,-13736,4220,5724,-968,110,-48,-13976,-5088,6400,-496,113,-109,0
502.29278111457825,8748,6504,11348,-120,-21,91,7300,-9276,10312,-60,156,-150,-13664,4220,5796,-972,104,-107,-13912,-4944,6404,-474,117,-143,0
502.3264060020447,8628,6484,11156,-126,-65,102,7356,-9308,10356,-69,142,-169,-13772,4168,5756,-1013,44,-85,-13888,-5120,6336,-522,142,-145,0
502.3599591255188,8892,6632,11100,-121,-34,79,7284,-9260,10264,-31,133,-160,-13740,3928,5816,-1011,42,-110,-13980,-5040,6320,-520,128,-168,0
502.3932909965515,8720,6516,11272,-120,-56,68,7292,-9356,10460,-44,134,-162,-13712,4140,5832,-993,89,-29,-13924,-4868,6356,-494,136,-131,0
502.4267070293427,8696,6640,11492,-151,-22,88,7372,-9288,10440,-66,129,-161,-13688,4128,5740,-1006,122,-33,-13856,-5152,6396,-472,115,-119,0
502.4602360725403,8688,6528,11228,-135,-48,117,7400,-9320,10308,-59,116,-151,-13800,4232,5792,-998,70,-57,-13892,-5120,6444,-506,117,-135,0
502.4936900138855,8540,6504,11232,-94,-53,74,7356,-9216,10328,-33,161,-139,-13664,4180,5796,-1001,53,-78,-13860,-5164,6320,-516,110,-151,0
502.52740001678467,8540,6568,11508,-106,-30,95,7284,-9280,10436,-25,127,-144,-13784,4180,5664,-1002,87,-59,-13972,-5132,6376,-516,126,-158,0
502.5610909461975,8648,6436,11464,-90,-36,73,7384,-9272,10212,-60,158,-173,-13648,4228,5712,-986,56,-86,-13984,-4908,6164,-509,133,-159,0
502.5948929786682,8644,6612,11164,-133,-34,53,7400,-9276,10252,-51,137,-186,-13652,4256,5812,-970,78,-62,-13836,-5084,6424,-457,165,-150,0
502.6287291049957,8644,6516,11236,-119,-13,97,7276,-9036,10260,-23,147,-159,-13616,4196,5724,-991,72,-59,-13880,-5188,6476,-477,130,-152,0
502.66199707984924,8748,6480,11136,-138,-1,75,7344,-9292,10348,-52,124,-126,-13728,4156,5708,-998,45,-37,-13876,-5248,6428,-507,95,-168,0
502.69566798210144,8488,6584,11228,-128,-21,62,7328,-9216,10320,-81,151,-139,-13780,4100,5700,-976,57,-52,-13740,-5124,6384,-473,130,-122,0
502.72925209999084,8624,6656,11480,-110,-48,92,7276,-9356,10280,-52,138,-161,-13636,3888,5684,-1000,83,-103,-13944,-5124,6468,-515,123,-148,0
502.76294207572937,8744,6500,11244,-98,-58,72,7392,-9376,10356,-23,156,-174,-13700,4252,5852,-991,88,-74,-13884,-5376,6644,-519,169,-131,0
502.7967760562897,8588,6504,11116,-117,-37,109,7340,-9312,10304,-16,114,-194,-13628,4236,5704,-1276,113,-117,-13920,-5120,6336,-515,160,-139,0
502.83033299446106,8640,6516,11276,-118,-69,100,7400,-9232,10280,-52,145,-186,-13628,4192,5900,-977,65,-138,-14056,-5192,6408,-263,161,-124,0
502.86385703086853,8668,6556,11308,-123,-46,103,7328,-9256,10448,-39,163,-173,-13588,4176,5640,-994,96,-41,-13924,-5204,6512,-492,155,-139,0
502.89721298217773,8588,6516,11512,-154,-47,92,7328,-9280,10460,-48,139,-158,-13676,4164,5588,-988,80,-74,-13900,-5288,6464,-516,140,-140,0
502.9305579662323,8592,6624,11280,-127,-57,92,7348,-9272,10308,-20,124,-166,-13684,4160,5680,-985,89,-99,-13976,-5096,6392,-496,138,-155,0
502.96427512168884,8636,6604,11232,-127,-75,100,7332,-9280,10416,-44,128,-157,-13640,4192,5656,-990,82,-89,-13792,-5100,6392,-486,130,-176,0
502.9979319572449,8556,6536,11308,-125,-66,65,7268,-9208,10356,-46,156,-171,-13644,4128,5724,-954,77,-94,-13880,-5148,6320,-501,129,-136,0
503.0314559936524,8668,6476,11428,-145,-59,91,7364,-9340,10420,-25,133,-167,-13732,4196,5668,-984,97,-74,-13852,-5172,6412,-487,138,-154,0
503.06500792503357,8668,6528,11260,-112,-79,108,7384,-9232,10048,-21,137,-163,-13744,4268,5724,-990,83,-37,-13860,-5144,6412,-494,151,-143,0
503.0985550880432,8632,6588,11308,-132,-63,100,7328,-9268,10128,-21,144,-175,-13632,4204,5820,-996,121,-87,-13900,-5156,6316,-263,177,-123,0
503.1318900585174,8604,6640,11212,-107,-79,92,7404,-9272,10300,-22,135,-173,-13676,4160,5640,-998,69,-139,-13900,-5112,6492,-527,169,-132,0
503.1691269874573,8536,6600,11176,-116,-87,101,7292,-9152,10316,-21,157,-152,-13716,4204,5696,-980,96,-78,-13884,-4892,6444,-524,160,-129,0
503.2044200897217,8588,6576,11208,-134,-104,106,7360,-9272,10372,-7,154,-153,-13668,4156,5616,-988,107,-102,-13920,-5096,6352,-495,160,-97,0
503.23959493637085,8620,6620,11144,-141,-56,74,7304,-9244,10360,-44,132,-176,-13660,4144,5708,-1008,102,-80,-13936,-5152,6352,-465,128,-101,0
503.2747061252594,8644,6600,11384,-136,-89,116,7328,-9360,10328,-42,149,-171,-13708,4324,6136,-1001,99,-107,-13892,-5060,6436,-261,131,-126,0
503.3104300498963,8672,6584,11260,-140,-74,111,7296,-9384,10348,-15,154,-165,-13800,4104,5784,-1273,82,-75,-13904,-5152,6404,-487,138,-161,0
503.34599494934076,8572,6576,11336,-176,-89,107,7260,-9248,10452,34,160,-199,-13636,4328,5904,-1040,134,-93,-13968,-5236,6292,-496,157,-119,0
503.38221192359924,8464,6600,11380,-126,-133,103,7408,-9368,10340,-39,177,-211,-13696,4172,5664,-956,84,-119,-13860,-4972,6532,-500,192,-119,0
503.4182391166687,8692,6544,11496,-158,-115,125,7400,-9280,10344,-16,132,-206,-13648,4256,5808,-992,122,-134,-13980,-5204,6464,-503,182,-97,0
503.4533760547638,8624,6472,11248,-153,-116,125,7192,-9264,10320,7,136,-199,-13680,4252,5820,-995,108,-90,-13832,-5248,6424,-492,163,-103,0
503.489629983902,8656,6432,11340,-185,-96,108,7396,-9372,10408,-11,154,-191,-13716,4196,6096,-990,145,-87,-13884,-5156,6468,-482,146,-97,0
503.5250279903412,8632,6532,11284,-190,-142,129,7176,-9376,10376,-43,153,-189,-13696,4124,5744,-993,142,-107,-13956,-5120,6644,-507,178,-58,0
503.56099700927734,8676,6572,11204,-156,-160,147,7268,-9296,10388,249,124,-204,-13748,4220,5700,-1002,122,-97,-13868,-5320,6408,-533,208,-76,0
503.5962281227112,8652,6424,11028,-199,-197,157,7280,-9248,10364,18,119,-242,-13704,4160,5732,-999,157,-132,-13984,-5180,6360,-494,215,-70,0
503.6327559947968,8564,6472,11200,-158,-167,166,7300,-9316,10204,2,92,-242,-13664,4172,5872,-1003,167,-137,-13860,-5192,6364,-484,211,-57,0
503.66772294044495,8736,6572,11272,-194,-186,163,7344,-8976,10308,-19,147,-227,-13592,4224,5512,-985,148,-131,-13988,-5364,6456,-476,181,-30,0
503.7033879756928,8468,6524,11104,-189,-158,113,7412,-9328,10384,33,175,-209,-13740,4148,5644,-1001,155,-186,-13956,-5060,6436,-487,195,-82,0
503.73924112319946,8636,6584,11356,-168,-142,138,7348,-9224,10412,-8,120,-214,-13620,4108,5768,-1010,142,-129,-13964,-5308,6320,-495,203,-63,0
503.7746229171753,8584,6520,11308,-163,-188,126,7272,-9272,10352,-9,117,-195,-13728,4100,5644,-992,138,-138,-13960,-5112,6300,-468,196,-41,0
503.8106551170349,8700,6552,11212,-190,-161,131,7168,-9276,10420,-4,121,-222,-13808,4112,5760,-996,146,-105,-13924,-4980,6304,-493,172,-80,0
503.84428215026855,8464,6532,11044,-176,-182,133,7372,-9252,10316,-33,157,-221,-13824,4212,5672,-1005,123,-94,-13812,-5012,6404,-756,181,-72,0
503.8779170513153,8624,6572,11224,-166,-163,142,7340,-9280,10464,10,158,-230,-13604,4228,5768,-1010,142,-159,-13956,-5136,6492,-504,171,-56,0
503.91107296943665,8672,6508,11284,-129,-164,158,7388,-9328,10068,-32,118,-203,-13676,3868,5676,-1020,150,-166,-13844,-5124,6328,-257,205,-104,0
503.9445600509644,8648,6532,11140,-149,-147,142,7352,-9252,10116,8,121,-189,-13616,4172,5688,-1001,151,-134,-13916,-5156,6332,-768,200,-114,0
503.97799706459045,8704,6528,11336,-120,-149,131,7404,-9280,10420,-29,142,-209,-13732,4124,5788,-1011,147,-113,-14016,-5120,6408,-489,187,-76,0
504.0116469860077,8688,6212,11040,-159,-176,130,7308,-9284,10248,12,60,-214,-13812,4148,5852,-1048,154,-120,-13928,-5088,6304,-483,194,-75,0
504.0452160835266,8748,6516,11356,-162,-164,127,7380,-9284,10320,-22,125,-200,-13760,3856,5648,-995,129,-100,-13880,-5024,6476,-478,131,-83,0
504.0787670612335,8792,6540,11080,-150,-140,130,7484,-9188,10276,-60,124,-182,-13720,4124,5684,-996,119,-119,-14004,-4928,6344,-513,132,-115,0
504.112370967865,8644,6440,11188,-137,-138,111,7416,-9320,10300,-14,122,-164,-13796,4200,5776,-1278,84,-106,-13976,-5104,6220,-498,156,-137,0
504.14552307128906,8808,6452,11368,-118,-106,109,7320,-9256,10492,6,140,-199,-13680,3900,5976,-998,107,-47,-13920,-5172,6436,-503,114,-110,0
504.1791160106659,8740,6532,11196,-131,-128,93,7276,-9288,10260,-89,136,-214,-13740,4172,5808,-956,92,-55,-13932,-5052,6288,-506,162,-109,0
504.21263909339905,8732,6472,11056,-117,-106,79,7404,-9252,10112,-55,145,-181,-13668,4216,5640,-980,95,-90,-13888,-5024,6344,-525,131,-176,0
504.2459890842438,8756,6508,11180,-125,-35,88,7316,-9204,10440,-22,155,-136,-13840,4148,5672,-1277,77,-68,-14008,-5032,6284,-490,99,-137,0
504.2798030376435,8616,6508,11088,-148,36,104,7392,-9204,10456,-13,150,-133,-13688,4032,5864,-985,72,-93,-13936,-5316,6160,-482,111,-139,0
504.3134081363678,8932,6540,11192,-142,-12,69,7332,-9188,10280,-82,149,-129,-13816,4148,5660,-1022,63,-50,-13940,-5080,6320,-485,107,-140,0
504.3470449447632,8624,6424,11324,-110,-54,69,7388,-9368,10340,-49,141,-151,-13720,4200,5676,-1034,79,-73,-13928,-5056,6328,-262,143,-149,0
504.38072514533997,8696,6436,11188,-83,-32,78,7440,-9264,10304,-44,149,-161,-13668,4108,5744,-993,92,-30,-13896,-4892,6492,-496,139,-162,0
504.4142141342163,8560,6596,11248,-118,-60,68,7256,-9216,10360,-33,117,-196,-13692,4236,5576,-1008,81,-79,-13828,-5120,6364,-505,148,-137,0
504.4475481510163,8536,6548,11228,-101,-51,68,7448,-9292,10404,-57,125,-175,-13712,4120,5748,-992,75,-77,-13956,-5216,6320,-259,149,-117,0
504.4810860157013,8508,6576,11468,-140,-36,98,7372,-9320,10360,-41,157,-163,-13680,4160,5956,-948,82,-103,-13956,-5020,6596,-488,113,-156,0
504.51473903656006,8724,6548,11292,-132,-37,48,7344,-9300,10312,-36,166,-150,-13756,4192,5608,-1000,91,-54,-13920,-5060,6300,-757,144,-144,0
504.548378944397,8660,6584,11164,-117,-58,83,7376,-9328,10316,-56,129,-140,-13812,4172,5664,-1012,70,-29,-13860,-5028,6488,-534,133,-136,0
504.5819721221924,8652,6512,11152,-105,-37,82,7276,-9260,10232,-52,151,-186,-13604,4124,5832,-995,77,-23,-13868,-5328,6592,-508,136,-166,0
504.61546301841736,8640,6560,11244,-113,-57,72,7292,-9252,10400,-66,156,-181,-13716,4220,5764,-978,90,-61,-13940,-5344,6160,-505,148,-148,0
504.6487629413605,8636,6552,11292,-111,-62,64,7368,-9272,10400,-48,148,-165,-13680,4200,5672,-975,33,-111,-13892,-5060,6644,-505,134,-132,0
504.6824169158936,8700,6636,11216,-118,-30,84,7336,-9320,10380,-32,119,-157,-13692,4260,5844,-994,67,-65,-13920,-5152,6340,-509,166,-138,0
504.71583008766174,8692,6572,11404,-119,-54,99,7296,-9260,10352,-49,130,-183,-13728,4224,5816,-983,74,-46,-13872,-5156,6416,-262,145,-159,0
504.7492070198059,8952,6404,11200,-111,-60,79,7332,-9312,10428,-40,136,-165,-13716,4168,5856,-990,91,-68,-14000,-5140,6428,-519,140,-117,0
504.7827219963074,8540,6572,11120,-95,-69,64,7264,-9300,10328,-60,139,-177,-13732,4248,5764,-992,75,-115,-13912,-5148,6400,-508,143,-165,0
504.8159189224243,8588,6608,11344,-141,-59,95,7308,-9244,10408,-56,127,-159,-13580,4248,5700,-991,115,-105,-13896,-4876,6204,-492,122,-89,0
504.8528370857239,8716,6556,11328,-115,-71,113,7212,-9304,10324,-67,140,-163,-13708,4228,5972,-1013,80,-19,-13936,-4916,6476,-515,95,-136,0
504.8886709213257,8584,6564,11364,-133,-73,104,7280,-9384,10356,-20,135,-146,-13800,4228,5752,-1031,59,-52,-13892,-4984,6452,-501,101,-181,0
504.92417192459106,8596,6608,11328,-101,-49,95,7140,-9268,10288,-17,118,-149,-13664,4236,6096,-1022,81,-124,-13908,-5372,6164,-535,104,-147,0
504.9606029987335,8660,6500,11292,-114,-73,85,7656,-9220,10052,-74,169,-170,-13608,4188,5648,-971,70,-84,-13824,-5092,6240,-504,161,-139,0
504.99594593048096,8956,6564,11224,-110,-63,66,7340,-9304,10360,-31,112,-173,-13680,4148,6108,-974,88,-74,-13616,-5096,6296,-484,166,-101,0
505.0313260555268,8648,6592,11320,-94,-61,99,7392,-9320,10212,-23,164,-150,-13660,4128,5676,-991,80,-89,-13920,-5192,6580,-489,115,-137,0
505.06765508651733,8600,6584,11424,-140,-54,118,7372,-9388,10360,-49,158,-149,-13616,4192,5636,-1038,83,-32,-13916,-4872,6144,-505,120,-135,0
505.1028420925141,8564,6404,11324,-134,-70,78,7316,-9456,10320,-56,150,-159,-13640,4244,5924,-965,98,-84,-13956,-5124,6164,-499,122,-137,0
505.13816714286804,8636,6612,11168,-130,-37,83,7292,-9356,10336,-42,152,-165,-13572,4156,6048,-1015,97,-53,-13928,-5108,6540,-264,163,-122,0
505.1737310886383,8700,6588,11188,-110,-99,93,7332,-9256,10324,-24,127,-181,-13776,4276,5944,-1002,128,-72,-13860,-5048,6612,-504,159,-108,0
505.20960593223566,8616,6524,11336,-98,-69,111,7460,-9340,10396,-48,113,-197,-13672,4192,5736,-996,107,-112,-13936,-5372,6456,-512,172,-128,0
505.24466013908386,8656,6612,11468,-115,-92,90,7308,-9332,10276,-33,254,-195,-13708,4228,5700,-1044,101,-58,-14028,-5172,6152,-492,126,-152,0
505.2805850505829,8600,6652,11164,-139,-56,83,7372,-9256,10372,-43,125,-190,-13576,4340,5856,-980,91,-111,-13852,-4892,6408,-495,164,-134,0
505.317125082016,8660,6532,11260,-135,-80,110,7240,-9424,10348,-24,127,-157,-13724,4212,5700,-995,100,-112,-13932,-5196,6392,-489,124,-158,0
505.35236406326294,8468,6808,11116,-119,-83,74,7444,-9340,10524,-36,130,-165,-13708,4156,5740,-974,115,-63,-13868,-5124,6512,-486,133,-124,0
505.38850808143616,8636,6472,11288,-126,-74,87,7324,-9316,10256,-64,136,-186,-13740,4260,5868,-976,109,-129,-13828,-5064,6520,-477,152,-122,0
505.423299074173,8580,6592,11176,-149,-76,71,7300,-9412,10364,20,167,-172,-13660,4220,5612,-1018,77,-85,-13980,-4884,6456,-487,168,-105,0
505.45887303352356,8640,6620,11312,-138,-102,95,7256,-9324,10292,-12,153,-171,-13660,4212,5816,-1000,110,-96,-13888,-5344,6624,-483,155,-99,0
505.4943780899048,8560,6568,11188,-141,-85,86,7252,-9296,10476,-6,170,-191,-13640,4104,5868,-1010,103,-99,-13904,-5092,6624,-499,189,-86,0
505.527704000473,8556,6640,11360,-145,-146,116,7284,-9396,10308,-256,140,-204,-13668,4152,5852,-994,115,-131,-13896,-5104,6476,-510,190,-100,0
505.5614140033722,8616,6556,11188,-157,-140,138,7368,-9316,10264,-11,148,-202,-13712,4172,6048,-1007,124,-138,-13836,-4880,6308,-506,198,-71,0
505.59502601623535,8632,6632,11344,-124,-146,140,7328,-9272,10380,-19,126,-208,-13696,4220,5708,-984,144,-140,-13952,-5120,6396,-517,199,-60,0
505.6285910606385,8560,6588,11248,-150,-149,141,7332,-9296,10292,11,128,-213,-13596,4216,5872,-972,152,-116,-13844,-4952,6476,-483,208,-70,0
505.661672115326,8676,6600,11472,-183,-114,152,7320,-9316,10356,-18,151,-209,-13612,4224,5892,-966,158,-125,-13876,-4876,6212,-476,191,-62,0
505.69523310661316,8644,6400,11484,-154,-174,180,7312,-9468,10292,-44,117,-194,-13716,4556,5716,-963,169,-140,-13876,-4992,6428,-498,195,-42,0
505.7285969257355,8672,6520,11152,-181,-134,128,7256,-9292,10468,-11,116,-215,-13752,4204,5664,-1017,151,-171,-13636,-5324,6380,-489,195,-82,0
505.76205396652216,8592,6564,11180,-158,-152,138,7340,-9192,10500,15,146,-221,-13652,4180,5800,-1014,140,-111,-13944,-5128,6216,-490,174,-54,0
505.79567694664,8652,6532,11300,-167,-156,139,7420,-9300,10432,-42,168,-226,-13720,4096,5720,-977,129,-81,-13972,-5220,6172,-517,208,-72,0
505.8291461467743,8700,6584,11284,-208,-148,103,7392,-9316,10408,-4,155,-235,-13624,4240,5856,-956,151,-156,-13876,-5060,6620,-462,192,-66,0
505.8623700141907,8684,6508,11268,-183,-137,140,7376,-9292,10472,11,168,-189,-13684,4144,5820,-1023,147,-100,-13968,-5108,6392,-488,159,-57,0
505.8956699371338,8708,6652,11180,-178,-122,136,7364,-9284,10388,-15,146,-175,-13740,4100,5672,-990,111,-69,-13872,-5204,6476,-479,137,-58,0
505.9290459156037,8572,6616,11380,-193,-113,165,7480,-9352,10420,-42,130,-201,-13716,4204,5824,-1002,144,-133,-13884,-5180,6616,-505,162,-70,0
505.9625859260559,8580,6508,11056,-175,-170,138,7328,-9376,10360,-29,137,-208,-13796,4272,5800,-1273,165,-126,-13880,-5068,6528,-490,215,-85,0
505.99638414382935,8700,6588,11268,-147,-190,126,7400,-9016,10272,-255,97,-221,-13648,4144,5716,-1015,175,-148,-13816,-5004,6460,-497,221,-58,0
506.0297341346741,8728,6520,11284,-161,-172,116,7436,-9024,10360,18,91,-231,-13788,4160,5404,-1028,141,-183,-14000,-4972,6616,-502,194,-31,0
506.0632140636444,8676,6480,11156,-155,-203,134,7420,-9280,10336,-20,97,-216,-13612,4208,5724,-997,142,-134,-13876,-5100,6272,-480,203,-118,0
506.09680914878845,8716,6568,11344,-169,-163,136,7376,-9184,10452,4,64,-221,-13764,4156,5768,-939,163,-137,-13984,-5352,6528,-494,194,-80,0
506.13013005256647,8956,6400,11200,-171,-145,112,7336,-9288,10216,-27,132,-212,-13728,4164,5892,-1077,150,-128,-13956,-5324,6396,-507,202,-90,0
506.16366696357727,8768,6600,11412,-150,-187,135,7424,-9300,10296,-7,76,-211,-13680,4104,5688,-1028,148,-122,-13956,-5068,6320,-512,166,-100,0
506.19733500480646,8776,6500,11212,-148,-149,147,7356,-9360,10436,-23,115,-189,-13716,4192,5676,-996,149,-126,-13916,-5068,6368,-498,172,-101,0
506.2306320667267,8708,6524,11012,-166,-149,114,7368,-9336,10252,-20,127,-218,-13792,4136,5724,-986,115,-141,-13700,-5296,6304,-489,172,-117,0
506.2641351222992,8748,6460,11176,-162,-144,111,7364,-9340,10404,-31,114,-211,-13728,4224,5692,-968,124,-111,-13964,-5076,6288,-501,201,-107,0
506.2975859642029,8920,6576,11036,-129,-146,116,7320,-9452,10272,-23,121,-221,-13832,4216,5656,-1085,176,-117,-13912,-5304,6360,-494,175,-106,0
506.3310720920563,8740,6460,11468,-149,-118,147,7240,-9320,10296,-32,102,-203,-13708,4228,5700,-1007,118,-112,-13952,-5156,6332,-524,160,-112,0
506.36475801467896,8764,6528,11140,-129,-114,95,7440,-9288,10340,-65,95,-185,-13744,4164,5812,-983,118,-121,-13912,-4892,6328,-509,156,-136,0
506.39798998832697,8468,6540,11476,-138,-57,99,7172,-9424,10280,-40,143,-172,-13676,4096,5776,-1014,111,-93,-13940,-5272,6652,-505,155,-155,0
506.43141913414,8592,6576,11216,-164,-32,64,7388,-9260,10320,-22,161,-173,-13772,4216,5720,-993,100,-23,-13936,-5116,6260,-494,120,-152,0
506.4649169445038,8756,6540,11012,-124,-51,88,7444,-9148,10284,-45,139,-152,-13660,4252,5844,-1015,78,-48,-13864,-4952,6424,-495,116,-145,0
506.4983811378479,8808,6516,11144,-136,-42,84,7384,-9356,10408,-25,154,-169,-13712,4152,5864,-1029,56,-45,-13996,-5296,6168,-468,92,-145,0
506.53564310073847,8700,6600,11144,-122,-36,85,7372,-9244,10456,-27,164,-132,-13720,4148,5848,-1015,42,-75,-13864,-4976,6412,-516,103,-148,0
506.57121896743774,8648,6512,11400,-109,-18,71,7192,-9288,10416,-59,152,-156,-13688,3868,5716,-769,54,-82,-14076,-4884,6360,-507,145,-157,0
506.6075849533081,8680,6460,11028,-132,-37,33,7348,-9404,10268,-29,169,-153,-13680,4204,5744,-982,79,-27,-13896,-4924,6340,-510,144,-137,0
506.64285111427307,8620,6476,11180,-111,-33,75,7320,-9408,10364,-47,149,-133,-13724,4140,5600,-1012,63,-38,-13896,-5216,6612,-495,79,-147,0
506.6791009902954,8648,6488,11172,-124,5,88,7332,-9256,10300,-67,159,-120,-13656,4160,5752,-994,54,-14,-13636,-5344,6412,-518,70,-148,0
506.7141079902649,8632,6536,11388,-121,-30,67,7380,-9368,10248,-74,144,-160,-13684,4200,5764,-1008,62,-73,-14012,-4988,6304,-514,107,-144,0
506.74930214881897,8708,6620,11380,-88,-48,71,7248,-9308,10040,-51,129,-156,-13716,4148,5632,-1000,54,-38,-13996,-5080,6260,-523,144,-151,0
506.7841329574585,8708,6428,11100,-132,-72,70,7380,-9256,10396,-36,133,-162,-13692,4172,5708,-975,106,-73,-13892,-5064,6196,-521,173,-133,0
506.81908893585205,8712,6484,11300,-111,-34,95,7440,-9284,10304,-35,114,-180,-13624,4136,5868,-1020,94,-26,-13892,-5148,6460,-267,128,-150,0
506.85501313209534,8776,6508,11188,-126,-96,75,7660,-9308,10240,-28,150,-192,-13784,4208,5824,-974,58,-112,-13832,-5180,6432,-493,142,-133,0
506.8902361392975,8688,6556,11264,-146,-27,59,7412,-9332,10224,-33,171,-165,-13664,4260,5784,-987,56,-46,-13964,-5024,6604,-494,137,-182,0
506.9283630847931,8632,6644,11208,-122,-45,71,7444,-9064,10420,-29,162,-157,-13628,4264,5788,-1016,62,-74,-13864,-5180,6492,-493,130,-183,0
506.9644250869751,8756,6604,11224,-128,-20,74,7416,-9376,10360,-57,130,-155,-13656,4200,5808,-1005,57,-79,-13820,-5076,6384,-508,136,-144,0
507.0001950263977,8732,6584,11160,-119,-60,73,7376,-9476,10356,-70,168,-154,-13660,3916,5864,-965,50,-52,-14020,-5344,6504,-470,132,-148,0
507.03561210632324,8852,6468,11224,-134,-50,69,7316,-9300,10444,-35,153,-167,-13648,4192,5728,-994,107,-102,-13804,-5160,6424,-507,142,-129,0
507.0712730884552,8656,6576,11312,-117,-39,101,7332,-9388,10328,-46,141,-197,-13836,4168,5688,-1037,102,-114,-13676,-5160,6532,-468,139,-114,0
507.1077859401703,8836,6568,11072,-136,-63,102,7428,-9292,10472,-22,121,-179,-13656,4236,5816,-1017,86,-58,-13880,-5168,6620,-529,142,-133,0
507.14280104637146,8464,6596,11252,-143,-46,90,7296,-9260,10384,-76,142,-177,-13672,3848,5688,-997,87,-70,-13836,-5044,6444,-520,139,-137,0
507.1791639328003,8820,6616,11052,-137,-59,79,7284,-9444,10256,-78,178,-142,-13752,4148,5744,-971,110,-59,-13940,-5148,6396,-501,142,-108,0
507.2128629684449,8628,6832,11216,-108,-93,102,7408,-9296,10408,-59,129,-188,-13688,4108,6008,-990,96,-28,-13888,-4876,6600,-479,118,-127,0
507.2465090751648,8728,6576,11076,-123,-79,90,7352,-9264,10280,-28,148,-165,-13708,4264,5772,-1022,92,-112,-13860,-5068,6160,-523,152,-114,0
507.2797820568085,8516,6628,11364,-148,-44,84,7416,-9276,10412,-20,138,-162,-13720,4088,5712,-1008,87,-86,-14008,-5332,6432,-487,125,-118,0
507.3133840560913,8452,6824,11424,-116,-38,94,7352,-9320,10408,-65,138,-165,-13632,4116,6072,-900,70,-93,-13892,-4912,6560,-508,159,-109,0
507.3469920158386,8600,6488,11052,-153,-74,80,7344,-9280,10332,-42,151,-198,-13752,4220,5748,-959,94,-69,-13880,-5036,6436,-496,167,-133,0
507.3805611133576,8908,6452,11316,-146,-57,113,7364,-9276,10396,-34,144,-176,-13644,4276,5628,-984,105,-76,-13912,-5028,6256,-507,174,-121,0
507.41419410705566,8492,6596,11304,-140,-26,90,7332,-9376,10352,-15,158,-177,-13616,4152,5848,-995,89,-97,-13924,-5180,6520,-489,110,-114,0
507.4475381374359,8628,6532,11332,-175,-53,108,7392,-9220,10184,-25,154,-146,-13700,4152,5768,-961,72,-103,-13844,-5140,6340,-490,120,-113,0
507.481017112732,8544,6636,11436,-182,-96,111,7396,-9416,10448,-35,178,-179,-13644,4208,5636,-969,132,-102,-13860,-5204,6368,-488,166,-110,0
507.5144910812378,8728,6544,11324,-147,-127,120,7308,-9428,10448,-18,116,-175,-13652,3924,5828,-961,130,-106,-13904,-5368,6496,-526,208,-73,0
507.54796504974365,8532,6596,11244,-177,-149,113,7352,-9412,10436,12,123,-226,-13764,4164,5828,-1005,173,-110,-13708,-5072,6408,-512,214,-55,0
507.5816760063172,8572,6584,11228,-152,-163,159,7300,-9324,10172,-247,110,-254,-13668,4236,5844,-995,177,-128,-13992,-5200,6420,-480,240,-47,0
507.6152420043945,8692,6568,11312,-181,-177,159,7328,-9388,10368,-10,121,-220,-13720,4160,5756,-986,162,-161,-13968,-5012,6464,-469,183,-68,0
507.64847803115845,8628,6544,11020,-198,-155,148,7340,-9284,10260,-1,134,-206,-13648,4228,5772,-967,150,-131,-13868,-5144,6328,-475,197,-91,0
507.68206310272217,8620,6636,11276,-201,-174,144,7356,-9272,10320,249,116,-213,-13596,4232,5724,-981,184,-111,-13888,-5048,6320,-509,195,-64,0
507.7157530784607,8624,6556,11220,-173,-124,137,7340,-9392,10512,-7,126,-203,-13676,4244,5640,-987,138,-120,-13912,-4908,6348,-508,165,-71,0
507.74919295310974,8640,6580,11152,-191,-157,138,7340,-9064,10412,-24,126,-203,-13720,4188,5700,-990,138,-108,-13884,-5072,6592,-493,187,-82,0
507.78243112564087,8456,6444,11196,-167,-187,159,7364,-9336,10324,-15,128,-234,-13688,4152,5740,-976,130,-162,-13956,-4868,6644,-482,201,-78,0
507.8161060810089,8680,6560,11264,-191,-153,157,7228,-9316,10288,-2,146,-222,-13708,4100,5712,-991,148,-164,-13972,-5280,6344,-485,178,-36,0
507.849739074707,8952,6496,11132,-176,-177,159,7364,-9416,10328,10,117,-237,-13724,4088,5920,-982,161,-141,-13872,-5024,6216,-487,161,-76,0
507.883271932602,8732,6508,11280,-183,-203,153,7356,-9244,10276,-6,93,-203,-13652,4188,5804,-999,124,-120,-13952,-5140,6448,-504,176,-80,0
507.91717004776,8708,6520,11132,-176,-165,134,7296,-9328,10596,-2,123,-195,-13696,4156,5904,-984,132,-80,-13940,-5168,6396,-523,214,-67,0
507.95054411888117,8724,6604,11308,-146,-165,147,7308,-9408,10456,-10,123,-201,-13772,4212,5636,-1021,175,-120,-13948,-5008,6468,-488,200,-91,0
507.98423194885254,8700,6448,11128,-175,-201,164,7324,-9216,10440,-1,126,-209,-13732,4192,5732,-1004,144,-116,-13948,-5104,6360,-489,185,-75,0
508.0179619789124,8468,6636,11244,-157,-150,156,7292,-9208,10364,-39,103,-206,-13768,4216,5696,-1009,169,-147,-14004,-5316,6288,-500,189,-65,0
508.0517349243164,8944,6412,11032,-170,-185,114,7628,-9312,10324,-14,124,-214,-13600,4108,5408,-999,128,-130,-13888,-5068,6528,-260,183,-87,0
508.0852761268616,8732,6576,11284,-178,-161,128,7384,-9248,10576,13,124,-202,-13784,4172,5620,-1013,135,-124,-13928,-5212,6380,-259,168,-98,0
508.1189670562744,8688,6640,11168,-168,-152,113,7176,-9012,10668,-32,123,-226,-13780,4328,5808,-967,138,-94,-13948,-5268,6632,-471,172,-73,0
508.152174949646,8784,6532,11388,-187,-157,111,7304,-9296,10308,-68,209,-226,-13624,4196,5612,-988,132,-102,-13944,-4936,6640,-477,192,-80,0
508.1853449344635,8752,6420,11152,-169,-183,156,7660,-9300,10468,2,119,-194,-13692,4180,5776,-1267,113,-78,-13912,-5288,6316,-454,129,-115,0
508.22325706481934,8696,6548,11340,-153,-77,132,7312,-9372,10276,246,145,-163,-13744,4168,5720,-1009,123,-81,-13964,-5156,6324,-493,103,-103,0
508.258290052414,8604,6508,11172,-163,-104,105,7652,-9220,10364,-63,132,-180,-13668,4204,5772,-996,114,-74,-13668,-5312,6220,-530,174,-90,0
508.2941119670868,8836,6516,11244,-119,-110,96,7388,-9320,10308,-77,122,-179,-13692,4148,5708,-1017,105,-79,-13848,-5032,6300,-527,164,-124,0
508.329754114151,8768,6488,11328,-106,-68,100,7360,-9316,10380,-48,121,-195,-13680,4132,5528,-996,119,-70,-13976,-5008,6220,-534,175,-132,0
508.3648679256439,8768,6648,11204,-126,-70,76,7384,-9264,10316,-30,111,-180,-13632,4068,5836,-1015,116,-105,-13948,-4996,6272,-489,146,-114,0
508.3998839855194,8704,6484,11288,-151,-69,102,7304,-9012,10460,-25,111,-187,-13772,4204,5620,-973,128,-52,-14016,-5136,6392,-490,139,-131,0
508.4350240230561,8832,6468,11204,-145,-51,85,7420,-9324,10420,-27,139,-149,-13756,4192,5712,-996,86,-102,-13944,-4888,6228,-518,150,-142,0
508.47074508667,8848,6556,11400,-122,-54,76,7388,-9392,10344,-22,144,-135,-13668,4312,5884,-985,53,-63,-13892,-5044,6316,-508,158,-134,0
508.5061631202698,8748,6404,11168,-100,-27,86,7244,-9276,10368,-27,158,-173,-13624,4132,5812,-1008,60,-51,-13880,-5200,6428,-510,102,-137,0
508.5428409576416,8768,6520,11260,-116,-28,78,7360,-9300,10464,-79,140,-165,-13744,4180,5688,-995,46,-62,-13988,-4956,6328,-499,98,-146,0
508.57800793647766,8736,6444,11184,-105,-52,62,7448,-9336,10704,-30,141,-148,-13800,4108,5772,-1010,43,-77,-13648,-4952,6452,-261,110,-135,0
508.6140990257263,8904,6600,11280,-128,-84,98,7268,-9240,10388,-6,116,-155,-13680,4196,5680,-998,61,-38,-13596,-5180,6372,-474,131,-137,0
508.6496391296387,8700,6636,11172,-119,-18,88,7316,-9288,10420,-63,91,-178,-13720,3900,5716,-1004,125,-101,-13944,-5164,6444,-505,151,-127,0
508.6849040985108,8700,6488,11504,-123,-99,79,7424,-9292,10272,-55,143,-170,-13740,4212,5732,-1271,78,-89,-13940,-4896,6292,-516,137,-173,0
508.7203810214997,8756,6512,11036,-129,-99,77,7360,-9308,10280,-46,156,-178,-13412,4180,5756,-982,62,-86,-14000,-5056,6376,-473,102,-121,0
508.75598192214966,8692,6484,11248,-127,-13,91,7400,-9204,10492,251,136,-141,-13720,4344,5816,-1012,98,-54,-13848,-5140,6392,-502,82,-129,0
508.7917919158936,8744,6412,11492,-118,-6,91,7272,-9348,10280,-41,119,-119,-13720,4100,5808,-1025,81,-56,-13848,-4876,6160,-541,109,-127,0
508.8278911113739,8864,6596,11380,-122,-49,84,7380,-9356,10276,-58,143,-162,-13736,4224,5712,-1007,60,-60,-13920,-5208,6288,-516,144,-146,0
508.8637290000916,8644,6628,11360,-101,-79,74,7496,-9232,10248,-45,168,-181,-13720,4132,5780,-1009,51,-34,-13864,-5096,6580,-509,168,-158,0
508.8973081111908,8920,6500,11220,-103,-38,82,7412,-9336,10388,-39,137,-158,-13664,4136,5464,-997,102,-61,-13888,-5100,6436,-499,152,-147,0
508.9310600757599,8576,6444,11128,-111,-43,100,7396,-9360,10360,-38,127,-181,-13596,4300,5764,-991,77,-89,-13944,-5004,6640,-257,148,-138,0
508.9647281169892,8748,6496,11364,-128,-69,55,7440,-9340,10268,-28,156,-191,-13728,4196,5860,-921,51,-80,-13932,-4932,6520,-489,162,-173,0
508.9982450008393,8684,6456,11264,-144,-69,70,7184,-9304,10304,-34,131,-160,-13684,4064,5720,-989,88,-103,-13924,-5108,6508,-502,131,-166,0
509.03183913230896,8728,6496,11496,-134,-72,75,7400,-9268,10352,-44,164,-190,-13752,4072,5964,-977,47,-94,-13920,-5052,6468,-531,145,-169,0
509.0654261112213,8620,6576,11164,-111,-60,65,7260,-9328,10460,-16,152,-177,-13616,4196,5752,-951,65,-79,-13632,-5064,6408,-521,163,-165,0
509.09894704818726,8544,6568,11412,-139,-72,81,7284,-9308,10368,-50,147,-169,-13740,4152,5632,-995,100,-62,-13956,-5164,6384,-510,126,-159,0
509.1326229572296,8628,6512,11256,-97,-51,98,7368,-9276,10460,-24,103,-169,-13568,4092,5860,-1008,77,-62,-13852,-5096,6360,-505,156,-154,0
509.16598415374756,8452,6516,11464,-135,-54,112,7356,-9276,10292,-13,123,-165,-13720,4068,5688,-1009,116,-138,-13876,-5128,6436,-492,172,-70,0
509.19976806640625,8892,6876,11472,-125,-75,117,7408,-9292,10424,-39,221,-178,-13636,4312,5832,-1062,125,-120,-13920,-5156,6468,-502,126,-122,0
509.2329440116883,8608,6616,11152,-126,-81,96,7252,-9240,10280,-65,118,-176,-13424,4196,5632,-997,97,-93,-13912,-5220,6416,-507,141,-128,0
509.2665760517121,8736,6576,11164,-132,-46,100,7360,-9368,10452,-35,142,-188,-13668,4164,5444,-949,52,-67,-13848,-5180,6300,-498,133,-141,0
509.30018401145935,8652,6600,11108,-143,-49,76,7296,-9312,10380,-31,119,-157,-13528,4248,5660,-1011,72,-27,-13956,-5172,6540,-499,150,-153,0
509.3335671424866,8596,6444,11236,-119,-49,112,7360,-9388,10400,-31,126,-182,-13680,4244,5884,-998,118,-59,-13820,-5304,6156,-494,141,-130,0
509.3673131465912,8948,6596,11284,-126,-69,73,7336,-9320,10436,-45,121,-183,-13656,4220,5740,-999,100,-90,-13716,-5136,6500,-501,137,-104,0
509.400484085083,8636,6600,11160,-108,-74,75,7360,-9280,10320,-46,134,-173,-13712,4184,5728,-1011,122,-74,-13940,-5052,6380,-519,138,-135,0
509.43383502960205,8580,6604,11300,-148,-77,109,7292,-9352,10324,-6,124,-167,-13700,4180,5668,-983,81,-66,-13920,-5160,6400,-258,150,-105,0
509.4673521518708,8708,6608,11012,-136,-72,106,7344,-9316,10296,-31,155,-168,-13736,4188,5752,-943,103,-68,-13948,-5128,6420,-526,165,-104,0
509.50119400024414,8624,6624,11384,-149,-49,90,7620,-9272,10356,-47,125,-173,-13676,4256,5664,-993,105,-98,-14040,-4872,6152,-528,166,-160,0
509.53465700149536,8672,6588,11388,-113,-56,95,7404,-9348,10332,-34,144,-163,-13664,4172,5676,-982,74,-113,-13848,-4868,6636,-490,168,-125,0
509.5682010650635,8876,6488,11076,-116,-69,103,7376,-9220,10392,-23,137,-197,-13624,4192,5840,-991,79,-127,-13972,-4896,6392,-494,171,-145,0
509.6018040180206,8496,6600,11016,-123,-72,111,7392,-9300,10304,-32,138,-205,-13656,4252,5704,-993,105,-75,-13800,-5204,6336,-499,158,-94,0
509.63529706001276,8644,6560,11452,-135,-71,105,7204,-9304,10364,-59,136,-168,-13676,4288,5580,-984,108,-52,-13928,-4924,6488,-507,133,-108,0
509.6689670085907,8604,6584,11124,-133,-84,84,7352,-9440,10292,3,167,-165,-13728,4292,5812,-1001,78,-92,-13952,-5012,6484,-513,168,-132,0
509.70262503623957,8588,6520,11356,-185,-87,111,7292,-9280,10360,254,136,-149,-13692,4252,5784,-1037,98,-107,-13912,-5196,6532,-483,147,-78,0
509.7359430789948,8540,6664,11220,-145,-61,98,7280,-9400,10252,-18,125,-172,-13596,4196,5988,-997,83,-116,-13904,-5124,6520,-491,155,-107,0
509.7695069313049,8644,6616,11344,-152,-101,96,7324,-9324,10108,-37,124,-210,-13652,4260,5860,-957,111,-135,-13916,-5128,6348,-491,193,-113,0
509.80297207832336,8464,6448,11300,-176,-98,106,7396,-9280,10476,31,148,-200,-13652,4228,6128,-1015,120,-95,-14024,-5132,6452,-477,167,-113,0
509.8368270397186,8584,6576,11196,-143,-84,126,7408,-9328,10244,19,151,-162,-13584,4120,5788,-997,104,-54,-13820,-5260,6376,-485,125,-113,0
509.8722779750824,8608,6540,11236,-194,-113,118,7364,-9276,10388,-27,175,-186,-13728,4160,5836,-942,112,-71,-14036,-5168,6400,-478,148,-101,0
509.90811109542847,8588,6544,11284,-177,-170,131,7236,-9296,10024,-59,140,-216,-13676,4228,5796,-976,157,-108,-13996,-5064,6636,-511,221,-94,0
509.94344997406006,8640,6572,11316,-140,-172,134,7356,-9344,10296,10,108,-228,-13672,4172,5696,-995,150,-208,-13936,-5176,6228,-510,243,-64,0
509.979171037674,8916,6600,11056,-143,-188,153,7260,-9064,10348,-251,113,-243,-13608,4232,5812,-990,201,-143,-13852,-5148,6168,-478,243,-47,0
510.01424908638,8648,6572,11208,-181,-204,155,7384,-9368,10556,-45,104,-207,-13748,4208,5872,-990,168,-164,-13908,-5004,6372,-479,207,-70,0
510.0498650074005,8648,6568,11128,-161,-127,128,7192,-9336,10328,20,152,-212,-13732,4148,5804,-977,157,-137,-14020,-5076,6400,-488,195,-80,0
510.08528113365173,8808,6600,11280,-169,-152,134,7328,-9288,10292,5,157,-195,-13668,4348,5812,-1011,146,-158,-13972,-5084,6288,-504,218,-68,0
510.12104392051697,8468,6616,11508,-152,-194,142,7584,-9356,10468,253,127,-191,-13680,4260,5720,-1010,167,-82,-13932,-5116,6500,-260,170,-52,0
510.1571569442749,8640,6656,11120,-179,-152,121,7388,-9324,10280,9,163,-213,-13728,4220,5780,-966,152,-84,-13896,-5088,6324,-497,201,-77,0
510.1923050880432,8632,6424,11360,-182,-214,153,7444,-9256,10304,255,109,-232,-13788,4160,5848,-980,151,-143,-14048,-5064,6300,-491,186,-84,0
510.22819805145264,8720,6540,11192,-161,-176,131,7352,-9288,10400,-25,129,-225,-13676,4128,5760,-1003,151,-116,-13880,-5128,6360,-472,186,-54,0
510.2631969451905,8648,6536,11492,-178,-201,144,7396,-9240,10300,-5,132,-198,-13624,4188,5752,-1056,185,-145,-13992,-5072,6416,-493,200,-87,0
510.2981719970703,8536,6516,11308,-147,-146,116,7328,-9364,10336,12,127,-219,-13732,4160,5648,-1012,137,-146,-13888,-4984,6416,-520,204,-105,0
510.3342659473419,8768,6608,11476,-134,-164,120,7432,-9228,10300,-22,105,-216,-13792,4252,5620,-1014,93,-123,-13904,-5024,6200,-545,203,-101,0
510.3706600666046,8736,6508,11384,-124,-158,111,7312,-9252,10360,-21,67,-211,-13672,4052,6096,-988,145,-173,-13948,-5032,6564,-499,204,-75,0
510.4056191444397,8684,6532,11324,-156,-152,163,7412,-9300,10248,-38,97,-211,-13788,4216,5764,-976,171,-99,-14036,-5068,6248,-484,143,-59,0
510.4413149356842,8804,6440,11452,-150,-160,139,7608,-9332,10252,-41,75,-195,-13664,4224,5676,-996,105,-143,-13900,-5028,6524,-756,166,-70,0
510.47742199897766,8668,6488,11328,-136,-115,129,7372,-9316,10396,-254,116,-198,-13620,4340,5604,-1010,118,-106,-13864,-4908,6480,-478,159,-122,0
510.51269602775574,8484,6600,11196,-154,-82,111,7344,-9184,10532,-19,127,-201,-13660,4016,5724,-1008,122,-86,-13984,-5116,6316,-499,168,-115,0
510.54828906059265,8852,6416,11336,-151,-139,117,7352,-9268,10268,-49,163,-238,-13684,4148,5756,-968,93,-100,-13864,-4952,6512,-498,186,-119,0
510.58174991607666,8860,6436,11196,-131,-112,98,7632,-9264,10280,-35,118,-172,-13700,4140,5560,-990,119,-58,-14032,-5016,6320,-495,90,-139,0
510.6152460575104,8812,6464,11148,-104,-56,97,7356,-9156,10336,-23,135,-158,-13688,4100,5788,-1001,82,-63,-13768,-5084,6280,-488,94,-165,0
510.648766040802,8632,6500,11348,-167,13,81,7380,-9260,10264,-27,137,-125,-13700,4120,5744,-1007,63,-94,-13896,-4916,6332,-506,87,-183,0
510.68223595619196,8680,6588,11312,-121,-15,49,7180,-9424,10348,-59,138,-137,-13636,4216,5792,-1278,48,-67,-13868,-5136,6152,-511,159,-162,0
510.71578907966614,8688,6544,11188,-90,-49,69,7416,-9252,10188,-51,109,-161,-13784,4152,5704,-1034,94,-46,-13932,-4972,6596,-488,139,-154,0
510.74930214881897,8684,6564,11292,-119,-57,113,7460,-9204,10316,-25,126,-182,-13652,4188,5996,-774,132,-36,-13888,-5060,6472,-508,134,-128,0
510.78281903266907,8696,6564,11028,-115,-31,82,7308,-9444,10476,-40,95,-176,-13680,4180,5780,-1024,81,-80,-13852,-5088,6340,-486,142,-151,0
510.81645798683167,8684,6516,11248,-115,-45,73,7452,-9276,10356,-57,119,-167,-13792,4184,5704,-976,58,-100,-13944,-5372,6484,-476,82,-137,0
510.8495399951935,8708,6588,11212,-153,251,58,7308,-9220,10412,-58,160,-122,-13748,4212,5684,-1002,57,-73,-14016,-5048,6392,-487,108,-166,0
510.8828580379486,8620,6564,11376,-120,-14,63,7392,-9188,10380,-41,138,-123,-13660,4108,5812,-1024,46,-28,-13984,-5096,6384,-261,95,-162,0
510.91654706001276,8616,6568,11468,-111,-15,65,7368,-9356,10244,-40,114,-130,-13764,4248,5896,-1009,64,-38,-13816,-5148,6420,-496,120,-140,0
510.9499890804291,8572,6604,11140,-119,-27,65,7288,-9272,10224,-37,151,-168,-13724,4108,5744,-984,58,-100,-13940,-5080,6344,-493,162,-143,0
510.98365807533264,8900,6488,11048,-136,-65,81,7348,-9268,10264,-72,133,-178,-13688,4284,5808,-992,97,-98,-13976,-5116,6296,-504,135,-140,0
511.01730012893677,8560,6524,11124,-121,-57,102,7384,-9280,10260,-53,112,-168,-13664,4168,5720,-991,93,-116,-13908,-5096,6636,-494,141,-134,0
511.05070114135737,8756,6536,11312,-111,-49,67,7444,-9276,10304,-51,128,-170,-13840,4176,5632,-990,82,-55,-13880,-5092,6304,-482,132,-152,0
511.0843050479889,8724,6488,11372,-109,-33,69,7176,-9232,10276,-22,147,-155,-13632,4124,5932,-1011,81,-52,-13936,-5068,6336,-499,149,-158,0
511.1178810596466,8592,6452,11332,-113,-45,53,7404,-9264,10464,-56,194,-152,-13768,4196,5608,-971,116,-63,-13920,-5068,6440,-503,140,-138,0
511.15141201019287,8736,6552,11048,-134,-19,77,7368,-9336,10396,-77,146,-156,-13740,4256,5808,-968,52,-75,-13972,-5112,6324,-506,129,-141,0
511.18489599227905,8700,6516,11256,-110,-74,81,7368,-9304,10432,-62,127,-139,-13632,4228,5832,-1002,44,-84,-13960,-5112,6440,-524,125,-138,0
511.21838903427124,8744,6604,11296,-160,-65,82,7192,-9296,10332,-11,197,-171,-13828,4240,5860,-1061,65,-85,-13784,-5076,6324,-475,148,-117,0
511.2520301342011,8720,6560,11168,-105,-17,78,7268,-9452,10456,-41,123,-141,-13688,4160,5860,-1018,107,-53,-13932,-5144,6500,-508,138,-103,0
511.28545212745667,8596,6624,11256,-129,-43,58,7432,-9312,10432,-55,125,-164,-13616,4184,5792,-1018,72,-82,-13972,-5228,6468,-487,175,-123,0
511.3187229633332,8608,6596,11204,-151,-44,101,7348,-9356,10332,-24,120,-171,-13652,4176,5704,-973,79,-68,-13876,-4892,6392,-482,132,-100,0
511.352117061615,8660,6600,11448,-101,-30,73,7252,-9272,10324,-36,172,-148,-13736,4176,5908,-992,60,-60,-13872,-5152,6416,-493,126,-162,0
511.3853731155396,8660,6504,11380,-139,-29,73,7296,-9372,10276,-38,153,-149,-13608,4228,5924,-979,64,-37,-13976,-5200,6624,-498,124,-173,0
511.41886711120605,8600,6560,11500,-156,-57,83,7348,-9336,10416,-66,160,-176,-13636,4196,5968,-1280,87,-54,-13968,-5056,6448,-496,147,-134,0
511.4525079727173,8668,6652,11248,-121,-42,89,7312,-9308,10520,-42,158,-153,-13672,4172,5804,-985,100,-77,-13884,-5108,6392,-526,155,-126,0
511.4860770702362,8600,6524,11264,-133,-79,88,7376,-9196,10392,-29,140,-158,-13360,4140,5804,-1015,105,-69,-13780,-5176,6440,-526,169,-130,0
511.5197129249573,8552,6512,11156,-106,-53,108,7388,-9296,10256,-32,108,-194,-13608,4204,5800,-997,130,-110,-13620,-5188,6408,-512,177,-113,0
511.5554051399231,8648,6564,11284,-118,-89,101,7660,-9316,10368,-28,158,-175,-13824,4000,5864,-792,137,-68,-13964,-5084,6456,-517,138,-116,0
511.5910339355469,8736,6572,11320,-149,-43,98,7480,-9288,10412,-21,131,-183,-13728,4228,5868,-992,101,-86,-13924,-5072,6316,-488,143,-94,0
511.6259911060333,8904,6800,11144,-145,-53,113,7392,-9320,10260,-16,121,-133,-13680,4208,5632,-995,105,-55,-13872,-5364,6464,-767,129,-136,0
511.6624739170075,8612,6452,11464,-137,-44,116,7336,-9336,10412,-41,140,-150,-13612,4060,5688,-984,94,-83,-13968,-5116,6524,-485,124,-101,0
511.69850397109985,8676,6612,11232,-140,-46,76,7304,-9344,10264,-34,131,-187,-13684,4212,6064,-984,90,-63,-14020,-5136,6364,-479,120,-164,0
511.733402967453,8584,6588,11020,-126,-71,93,7300,-9368,10196,-35,144,-165,-13688,4296,5792,-973,96,-123,-13924,-5084,6152,-478,144,-120,0
511.7691109180451,8572,6600,11016,-141,-77,92,7268,-9348,10304,-27,121,-178,-13692,4096,5720,-1027,109,-87,-13844,-4924,6460,-477,173,-114,0
511.8044240474701,8612,6468,11312,-139,-73,115,7208,-9336,10276,3,143,-206,-13704,4172,5832,-993,118,-51,-13912,-5152,6372,-496,170,-113,0
511.8402171134949,8656,6584,11312,-153,-79,112,7328,-9300,10320,-2,135,-167,-13692,4236,5800,-992,128,-129,-13932,-4924,6432,-535,158,-101,0
511.8752059936524,8640,6648,11296,-144,-132,120,7304,-9444,10432,-18,103,-198,-13652,4064,5824,-992,104,-79,-13972,-5140,6152,-265,185,-121,0
511.9107689857483,8524,6576,11432,-144,-106,121,7364,-9308,10452,-20,132,-200,-13692,4196,5776,-993,133,-135,-13864,-5164,6400,-494,185,-85,0
511.9507319927216,8588,6588,11432,-141,-121,138,7312,-9328,10340,-28,143,-199,-13652,4224,6016,-956,167,-77,-13956,-5312,6160,-531,170,-89,0
511.9873459339142,8732,6408,11040,-158,-156,143,7420,-9308,10404,-252,102,-188,-13764,4172,5780,-1008,131,-90,-13728,-5148,6368,-511,204,-87,0
512.022980928421,8568,6544,11308,-181,-149,135,7404,-9328,10356,255,130,-214,-13784,4192,5708,-1016,154,-139,-13820,-5068,6328,-492,203,-64,0
512.0586850643158,8532,6540,11052,-135,-167,128,7368,-9304,10420,-34,169,-231,-13700,4272,5796,-968,128,-131,-13852,-4992,6440,-497,241,-70,0
512.0943629741669,8548,6508,11108,-192,-168,118,7352,-9328,10304,-14,127,-227,-13700,4224,5756,-972,165,-162,-13928,-5152,6436,-476,223,-72,0
512.1299109458923,8644,6576,11284,-194,-156,133,7328,-9332,10416,11,144,-192,-13732,4196,5932,-947,152,-148,-13936,-4892,6188,-486,185,-55,0
512.1656539440155,8716,6540,11624,-166,-123,158,7376,-9300,10320,-7,118,-188,-13760,4100,5800,-996,126,-136,-13916,-5164,6324,-503,155,-52,0
512.2019670009613,8688,6512,11176,-188,-135,142,7388,-9388,10328,-33,137,-193,-13644,4292,5840,-988,157,-139,-13892,-4996,6500,-497,196,-98,0
512.2354209423065,8676,6472,11148,-147,-166,151,7392,-9372,10304,-18,140,-219,-13684,4228,5808,-769,128,-89,-13648,-5148,6560,-510,211,-68,0
512.269238948822,8688,6612,11352,-138,-144,151,7664,-9060,10312,18,123,-506,-13592,4180,5852,-1029,155,-121,-13828,-4964,6316,-492,225,-79,0
512.3028049468994,8656,6528,11204,-152,-194,147,7512,-9372,10480,-19,117,-240,-13720,4168,5772,-1042,187,-146,-13892,-4880,6176,-506,192,-74,0
512.3362419605255,8480,6600,11128,-163,-238,153,7268,-9356,10368,-22,134,-214,-13804,4164,5840,-978,170,-151,-13964,-5220,6652,-532,209,-66,0
512.3696200847626,8704,6620,11220,-142,-163,113,7412,-9328,10440,-46,151,-206,-13660,4148,6072,-997,122,-149,-13884,-5052,6172,-498,227,-114,0
512.4029951095581,8756,6488,11368,-120,-181,105,7276,-9360,10356,-31,127,-215,-13720,4132,5728,-1007,106,-110,-13904,-5092,6356,-492,195,-84,0
512.4364869594574,8676,6524,11120,-144,-186,131,7184,-9288,10304,-10,138,-196,-13628,4092,5840,-1009,131,-74,-13944,-5056,6548,-497,161,-92,0
512.4699709415436,8716,6576,11156,-184,-149,139,7344,-9304,10336,-49,117,-221,-13748,4204,5836,-968,146,-103,-14080,-4912,6484,-489,164,-74,0
512.5038170814514,8624,6616,11168,-140,-160,113,7384,-9300,10388,-11,133,-195,-13728,4272,5460,-969,149,-121,-13920,-5040,6212,-494,157,-92,0
512.5374529361725,8644,6556,11072,-125,-183,125,7380,-9320,10420,-38,133,-219,-13688,3928,5652,-982,155,-161,-14016,-5080,6532,-500,204,-70,0
512.5709669589996,8768,6544,11344,-138,-175,119,7392,-9236,10216,-6,90,-209,-13668,4100,5820,-998,153,-128,-13936,-5332,6416,-499,192,-71,0
512.6047461032867,8484,6448,11020,-128,-161,97,7388,-9372,10408,-39,65,-180,-13824,4212,5868,-964,117,-112,-13964,-5268,6256,-497,195,-92,0
512.6380760669708,8460,6556,11444,-117,-116,113,7532,-9472,10472,-42,150,-187,-13648,4084,5840,-971,109,-88,-13980,-5256,6364,-478,152,-119,0
512.6715021133423,8732,6520,11200,-124,-112,119,7424,-9264,10424,-45,126,-177,-13668,4108,5456,-1017,85,-80,-13996,-5032,6204,-496,148,-154,0
512.7049789428711,8740,6480,11040,-149,-52,66,7200,-8964,10280,-51,139,-171,-13720,4152,5800,-973,97,-92,-13880,-5036,6300,-473,97,-132,0
512.7385449409485,8888,6564,11240,-117,-50,77,7364,-9284,10360,-72,170,-151,-13772,4140,5800,-1009,54,-83,-13956,-4996,6360,-502,125,-141,0
512.7722270488739,8464,6524,11516,-143,-28,93,7400,-9308,10468,-19,122,-140,-13712,4136,5684,-1025,38,-90,-14052,-4952,6408,-484,113,-129,0
512.805498123169,8756,6592,11100,-134,-26,71,7224,-9248,10408,-37,146,-160,-13636,4320,5920,-1008,59,-58,-14016,-5088,6288,-488,111,-149,0
512.8390691280365,8688,6484,11152,-80,-68,70,7620,-9412,10292,-78,156,-171,-13692,4140,5652,-965,77,-61,-13984,-5112,6368,-265,157,-141,0
512.8723909854889,8612,6624,11220,-139,-52,69,7444,-9344,10256,-51,129,-146,-13700,4124,5740,-980,81,-108,-13932,-5112,6616,-476,138,-156,0
512.9057910442352,8624,6468,11200,-113,-14,116,7648,-9240,10292,-22,146,-133,-13712,4112,5524,-979,60,-56,-13860,-5156,6288,-478,98,-160,0
512.9393479824066,8608,6608,11260,-101,14,46,7256,-9280,10304,-36,151,-106,-13656,4104,5764,-1016,60,225,-13956,-5044,6648,-503,73,-135,0
512.9729580879211,8508,6652,11460,-140,10,75,7476,-9352,10392,-62,150,-141,-13572,4144,5840,-975,92,-49,-13944,-5108,6748,-496,138,-147,0
513.0064759254456,8632,6636,11216,-111,-73,84,7388,-9268,10424,-82,142,-164,-13712,4160,5720,-1018,70,-71,-13868,-4900,6240,-514,121,-152,0
513.0400929450989,8484,6592,11224,-62,-50,65,7264,-9336,10284,-49,141,-171,-13672,4212,5756,-966,98,-63,-13992,-4940,6320,-503,151,-142,0
513.0736329555511,8476,6580,11012,-99,-61,107,7404,-9024,10304,-41,125,-171,-13596,4284,5732,-1006,106,-126,-13796,-5028,6340,-260,147,-123,0
513.1072919368744,8512,6840,11024,-111,-46,83,7396,-9440,10156,-23,109,-181,-13720,4244,5872,-992,62,-81,-13912,-5172,6384,-524,141,-159,0
513.1407549381256,8756,6540,11492,-119,-62,95,7384,-9292,10468,-44,166,-159,-13668,4104,5828,-966,77,-61,-13940,-5104,6448,-467,114,-184,0
513.1743791103363,8492,6540,11212,-128,-34,42,7336,-9420,10300,-30,144,-180,-13676,4232,5920,-984,37,-51,-13908,-5116,6304,-502,120,-153,0
513.2077231407166,8892,6596,11220,-125,-39,99,7316,-9324,10308,-39,122,-168,-13640,4196,5772,-1015,39,-74,-13792,-5084,6652,-523,108,-145,0
513.244029045105,8476,6620,11008,-116,-51,89,7328,-9244,10340,-73,132,-159,-13692,4144,5860,-1015,59,-63,-13864,-5100,6460,-489,119,-155,0
513.2789380550385,8696,6640,11180,-155,-60,93,7388,-9248,10316,-53,168,-175,-13608,4160,6040,-1011,77,-89,-13888,-5152,6464,-494,108,-146,0
513.3150589466095,8664,6604,11292,-137,-51,105,7628,-9300,10312,-46,132,-193,-13580,4184,5864,-1031,86,-108,-13940,-5188,6356,-488,129,-121,0
513.3505029678345,8692,6852,11172,-122,-78,104,7384,-9340,10392,-31,128,-187,-13580,4208,5732,-1009,82,-70,-13820,-5156,6348,-495,133,-129,0
513.3857600688934,8552,6608,11252,-115,-73,103,7288,-9256,10288,-26,149,-164,-13608,4192,5800,-999,97,-79,-13812,-5052,6484,-518,143,-157,0
513.4219169616699,8668,6540,11240,-122,-75,96,7372,-9264,10324,-37,127,-183,-13652,4220,5772,-991,81,-101,-13968,-5104,6428,-503,142,-142,0
513.4586420059204,8764,6556,11280,-144,-63,76,7392,-9368,10204,-62,194,-165,-13748,4184,5856,-950,96,-68,-13900,-5128,6340,-504,150,-108,0
513.4938900470734,8556,6640,11300,-115,-79,86,7280,-9228,10468,-27,131,-169,-13688,4272,5768,-1010,63,-32,-13940,-5372,6184,-528,136,-129,0
513.529825925827,8576,6616,11192,-120,-47,109,7396,-9268,10396,-12,137,-161,-13712,4192,5768,-1003,81,-112,-13836,-5188,6356,-510,141,-152,0
513.565299987793,8604,6508,11068,-111,-55,97,7336,-9396,10236,-31,162,-121,-13704,4192,5572,-984,107,-98,-13864,-5076,6352,-520,159,-115,0
513.6010501384735,8660,6512,11140,-131,-106,90,7180,-9412,10248,-71,152,-186,-13744,4140,5888,-950,56,-84,-14048,-5088,6368,-513,137,-146,0
513.6372289657593,8684,6600,11032,-146,-40,115,7320,-9376,10468,-20,146,-170,-13684,4272,5828,-998,107,-80,-13588,-5340,6616,-468,146,-145,0
513.6724750995636,8708,6576,11216,-95,-16,90,7340,-9240,10400,-4,138,-150,-13708,4204,5832,-986,75,-23,-13880,-5068,6484,-490,123,-124,0
513.708477973938,8652,6864,11216,-149,-39,100,7356,-9400,10408,-39,148,-167,-13672,4152,5964,-1017,84,-82,-13896,-5188,6452,-502,115,-135,0
513.7434070110321,8660,6428,11224,-125,-45,89,7332,-9340,10332,-49,139,-184,-13728,4232,6140,-986,69,-60,-13868,-5328,6380,-502,146,-160,0
513.779228925705,8504,6520,11268,-117,-69,103,7324,-9272,10396,-8,124,-167,-13628,4116,5880,-1042,116,-105,-14080,-5164,6580,-470,187,-96,0
513.8142800331116,8608,6644,11252,-163,-88,119,7328,-9256,10436,34,107,-194,-13356,4340,5672,-1038,170,-125,-13584,-5176,6252,-485,186,-97,0
513.8494970798492,8592,6564,11072,-152,-93,120,7444,-9080,10380,-14,117,-204,-13692,4196,6072,-1003,128,-112,-13984,-5116,6408,-498,156,-119,0
513.8854510784149,8680,6660,11280,-171,-94,120,7360,-9256,10176,-6,135,-179,-13696,4328,5840,-978,146,-84,-14020,-5196,6408,-506,175,-115,0
513.9189460277557,8624,6556,11216,-139,-113,109,7412,-9268,10408,247,135,-226,-13720,4136,5836,-983,140,-136,-13876,-5340,6160,-485,184,-61,0
513.9524819850922,8608,6536,11416,-174,-129,129,7292,-9276,10720,-10,138,-187,-13736,4104,5748,-1011,138,-134,-14072,-5028,6436,-506,179,-62,0
513.986025094986,8572,6764,11168,-176,-128,154,7340,-9400,10372,-17,127,-218,-13668,4108,5700,-966,137,-149,-13864,-5184,6544,-480,177,-67,0
514.0197660923004,8656,6900,11224,-154,-166,142,7420,-9320,10512,-49,139,-220,-13760,4204,5840,-969,141,-176,-13860,-5168,6320,-488,202,-75,0
514.0533199310303,8672,6624,11068,-179,-152,143,7332,-9360,10404,-28,123,-235,-13680,4112,5644,-990,162,-124,-14028,-5144,6448,-512,235,-55,0
514.0869290828705,8656,6572,11356,-176,-134,121,7416,-9332,10356,0,104,-228,-13660,4172,5732,-995,152,-150,-13976,-5092,6160,-492,192,-59,0
514.1204791069031,8660,6576,11392,-184,-139,129,7464,-9228,10280,22,99,-210,-13692,4212,5524,-997,165,-168,-13864,-5124,6420,-501,205,-100,0
514.1537809371948,8648,6580,11348,-187,-159,149,7412,-9400,10444,6,114,-190,-13776,4188,6112,-985,170,-152,-13932,-5064,6436,-503,209,-33,0
514.1873109340668,8900,6568,11216,-139,-197,159,7412,-9336,10340,250,139,-218,-13732,4112,5728,-985,155,-158,-13948,-5164,6324,-515,184,-73,0
514.221048116684,8456,6600,11056,-161,-182,131,7476,-9300,10392,-23,120,-218,-13652,4124,5736,-997,132,-137,-13948,-5160,6372,-494,211,-85,0
514.2543420791626,8684,6400,11236,-176,-152,143,7332,-9340,10340,-6,106,-223,-13784,3860,5764,-1015,150,-96,-13904,-5076,6424,-479,193,-65,0
514.2879440784454,8812,6636,11148,-188,-131,142,7360,-9276,10400,-32,108,-184,-13752,3852,5644,-1008,159,-114,-13912,-5116,6364,-465,145,-83,0
514.3215589523315,8748,6404,11100,-181,-178,167,7392,-9388,10036,-13,108,-196,-13628,4248,5780,-1017,153,-146,-13996,-5096,6376,-494,174,-91,0
514.35520195961,8680,6516,11244,-183,-134,138,7364,-9288,10268,-4,105,-189,-13812,4204,5748,-1033,128,-147,-13924,-5112,6316,-500,169,-82,0
514.3886590003967,8736,6512,11088,-166,-132,138,7408,-9328,10404,31,125,-199,-13652,4192,5752,-770,131,-134,-13928,-5316,6176,-471,196,-97,0
514.4219150543213,8572,6560,11352,-139,-149,117,7420,-9276,10024,-42,118,-236,-13820,4140,5728,-992,138,-113,-13924,-4876,6412,-487,214,-75,0
514.4554550647736,8644,6556,11336,-186,-189,155,7344,-9452,10372,1,130,-213,-13768,4236,5824,-976,147,-122,-13836,-5068,6436,-512,184,-68,0
514.4892430305481,8488,6556,11040,-166,-135,145,7340,-9192,10300,13,163,-209,-13748,4208,5536,-986,120,-85,-13908,-5176,6284,-493,107,-91,0
514.5228991508484,8728,6452,11124,-184,-134,150,7344,-9212,10356,-40,144,-190,-13660,4204,5836,-1004,134,-114,-13872,-5364,6156,-482,112,-93,0
514.5567960739136,8784,6544,11244,-187,-149,133,7376,-9252,10308,-53,133,-201,-13684,4132,5968,-980,104,-141,-13892,-5284,6648,-507,179,-106,0
514.5903270244598,8484,6856,11352,-139,-186,149,7396,-9352,10404,-58,114,-191,-13724,4180,5808,-993,118,-126,-13892,-5044,6268,-551,168,-135,0
514.6238880157471,8760,6468,11068,-110,-160,107,7220,-9376,10460,-54,87,-207,-13724,4136,5712,-994,109,-118,-13588,-4952,6640,-483,195,-133,0
514.6574430465698,8744,6448,11164,-149,-86,112,7184,-9328,10268,254,107,-185,-13740,4092,5700,-774,114,-90,-13936,-4980,6248,-495,197,-163,0
514.6909921169281,8772,6492,11012,-132,-68,89,7396,-9188,10324,-27,128,-197,-13848,4164,6124,-976,69,-100,-14008,-5112,6548,-484,139,-138,0
514.7246899604797,8832,6520,11260,-164,-39,64,7476,-9372,10276,-25,134,-156,-13788,4180,5620,-982,76,-44,-13984,-5060,6324,-460,133,-119,0
514.7579910755157,8476,6476,11272,-144,-43,73,7460,-9300,10372,-41,140,-146,-13812,4268,5812,-1017,87,-92,-13940,-5008,6316,-477,142,-143,0
514.7916419506073,8788,6576,11056,-129,-55,97,7324,-9300,10380,4,129,-148,-13700,4168,5688,-1059,41,-86,-13876,-5196,6428,-487,132,-157,0
514.8252770900726,8484,6520,11096,-155,-36,65,7344,-9332,10400,-13,176,-146,-13700,4212,5692,-1004,52,-49,-13852,-4936,6156,-764,105,-186,0
514.8590281009674,8704,6512,11300,-144,-27,62,7412,-9304,10424,-22,170,-166,-13740,4228,5752,-984,51,-59,-13964,-5340,6392,-506,147,-142,0
514.8925230503082,8692,6544,11188,-133,-54,85,7376,-9336,10280,-15,133,-149,-13620,4128,5680,-988,77,-72,-13900,-5092,6464,-511,162,-100,0
514.9301590919495,8660,6564,11412,-142,-83,110,7336,-9244,10276,-42,111,-164,-13672,4208,5880,-990,125,-70,-13976,-4996,6308,-509,182,-121,0
514.9656291007996,8744,6536,11332,-130,-72,102,7356,-9272,10420,-31,119,-190,-13692,4244,6104,-973,111,-95,-13992,-4932,6372,-527,158,-109,0
515.00172996521,8788,6604,11460,-130,-132,117,7388,-9328,10376,-53,114,-196,-13612,4188,5704,-982,103,-125,-13932,-5256,6412,-496,146,-88,0
515.0381050109863,8708,6532,11436,-119,-140,97,7248,-9196,10352,-9,138,-207,-13772,4128,5704,-989,102,-107,-13880,-5044,6292,-478,178,-106,0
515.073637008667,8832,6480,11200,-176,-125,115,7376,-9248,10432,-7,136,-179,-13752,4232,5736,-987,98,-120,-13888,-5124,6428,-481,145,-129,0
515.1088659763336,8808,6556,11272,-168,-181,119,7384,-9224,10380,-9,147,-200,-13684,4232,5724,-1009,85,-62,-13908,-5056,6376,-494,165,-151,0
515.1437449455261,8784,6548,11488,-149,-117,118,7384,-9296,10452,-20,150,-191,-13760,4092,5764,-982,67,-122,-13924,-5200,6184,-492,98,-114,0
515.1795880794525,8796,6560,11028,-97,-72,89,7184,-9276,10436,-53,124,-134,-13764,4160,5752,-1002,73,-38,-13996,-5156,6284,-496,108,-129,0
515.2150120735168,8932,6572,11256,-124,-71,46,7404,-9208,10360,-31,146,-157,-13648,4072,5832,-997,98,-25,-13932,-4892,6308,-476,139,-147,0
515.2507951259613,8760,6492,11024,-170,-14,94,7328,-9304,10244,9,156,-163,-13660,4152,5592,-1032,91,-85,-13884,-5324,6192,-470,143,-126,0
515.2860009670258,8796,6456,11208,-150,-64,110,7348,-9308,10508,-21,150,-156,-13748,4132,6136,-1004,100,-59,-13960,-5076,6464,-505,134,-146,0
515.3214380741119,8756,6452,11364,-135,-46,90,7176,-9360,10640,-46,138,-193,-13568,4188,5908,-997,103,-101,-14068,-5208,6340,-508,142,-129,0
515.3576290607452,8636,6508,11252,-87,-76,102,7356,-9268,10412,-63,134,-166,-13792,4220,5884,-997,97,-99,-13948,-5164,6384,-522,148,-79,0
515.3928940296173,8680,6620,11320,-85,-86,87,7280,-9260,10340,-37,83,-187,-13692,4140,5688,-994,101,-59,-13896,-5160,6424,-488,139,-117,0
515.4288399219513,8616,6476,11180,-150,-43,131,7232,-9388,10380,-46,85,-180,-13608,4116,5836,-1030,129,-113,-13856,-5248,6332,-483,153,-106,0
515.4643020629883,8720,6544,11104,-118,-81,104,7320,-8980,10304,-12,114,-185,-13884,4112,6140,-1000,95,-79,-13880,-5208,6444,-495,159,-114,0
515.5001590251923,8936,6480,11168,-151,-73,98,7412,-9016,10072,-32,124,-186,-13780,4188,5796,-979,124,-107,-13988,-5036,6240,-499,150,-151,0
515.535581111908,8832,6508,11236,-126,-35,67,7444,-9288,10316,-41,141,-159,-13776,4192,5784,-989,87,-46,-13932,-5060,6616,-478,117,-148,0
515.5726521015167,8712,6556,11268,-136,-246,81,7428,-9284,10300,-41,129,-144,-13672,4188,5732,-1008,71,-31,-13908,-5052,6284,-496,138,-160,0
515.6062350273132,8496,6552,11052,-118,22,72,7332,-9024,10252,-45,137,-159,-13780,3904,5800,-1007,68,-21,-13848,-5204,6360,-483,133,-165,0
515.6396820545197,8756,6608,10996,-135,-19,55,7444,-9280,10320,-55,163,-145,-13664,4236,5888,-997,48,-71,-13952,-5092,6484,-485,100,-191,0
515.6731040477753,8620,6460,11228,-119,-25,64,7320,-9176,10336,-42,151,-137,-13840,4164,5880,-1010,108,-52,-13844,-5112,6444,-465,124,-139,0
515.7067410945892,8476,6520,11380,-108,-35,80,7292,-9276,10388,-47,144,-136,-13724,4136,5664,-1012,98,-56,-13876,-5224,6432,-481,156,-113,0
515.7404849529266,8668,6640,11260,-124,-14,93,7328,-9268,10432,-25,111,-133,-13628,4220,5856,-1051,82,-71,-13876,-5088,6412,-521,126,-147,0
515.7739989757538,8872,6904,11308,-120,-18,92,7304,-9376,10272,-54,146,-132,-13708,4256,5936,-1015,72,-48,-13992,-4908,6636,-531,88,-150,0
515.8075859546661,8940,6624,11316,-98,-20,96,7420,-9316,10492,-60,151,-129,-13584,4124,5752,-991,59,-29,-13920,-5052,6652,-508,126,-167,0
515.8410539627075,8536,6548,11020,-85,-19,96,7308,-9080,10456,-17,113,-145,-13644,4136,5688,-1262,133,-88,-14032,-5236,6260,-504,156,-127,0
515.8745369911194,8632,6592,11052,-120,-58,104,7344,-9300,10376,-66,130,-176,-13648,4116,5780,-987,122,-81,-13880,-5136,6512,-501,142,-115,0
515.9080319404602,8624,6580,11264,-122,-93,107,7440,-9368,10408,-59,149,-178,-13736,4268,5752,-999,103,-72,-13956,-5016,6384,-768,127,-114,0
515.9412131309509,8660,6452,11360,-128,-55,91,7188,-9392,10216,-37,135,-144,-13748,4240,5652,-1027,67,-63,-13880,-5144,6536,-767,156,-143,0
515.9747700691223,8556,6540,11396,-126,-41,106,7328,-9272,10400,-9,186,-162,-13608,4124,5640,-1046,73,-73,-13888,-5240,6432,-497,138,-117,0
516.0082800388336,8740,6612,11228,-100,-34,64,7468,-9352,10468,-51,146,-180,-13780,4016,5688,-964,55,-77,-13816,-5020,6372,-490,163,-142,0
516.0416951179504,8588,6532,11272,-130,-38,78,7320,-9320,10388,-22,158,-159,-13636,4280,5928,-1002,69,-79,-13900,-5032,6336,-492,186,-125,0
516.0752489566803,8584,6652,11344,-128,-51,79,7348,-9356,10420,-25,156,-144,-13676,4200,5884,-987,82,-50,-13888,-5260,6368,-502,114,-122,0
516.1089470386505,8472,6512,11184,-128,-52,103,7328,-9340,10344,-27,147,-140,-13700,4120,5860,-1001,56,-23,-13932,-5156,6644,-511,115,-127,0
516.1421840190887,8544,6580,11384,-153,-44,85,7284,-9312,10388,-39,149,-157,-13652,4168,5832,-969,114,-98,-13928,-5164,6636,-503,135,-137,0
516.175763130188,8656,6592,11468,-132,-73,90,7260,-9352,10344,-48,134,-169,-13728,4296,5908,-978,101,-77,-14060,-5112,6408,-503,143,-115,0
516.2094309329987,8624,6564,11348,-114,-94,108,7328,-9224,10472,-14,137,-190,-13668,3948,5812,-1006,67,-138,-13856,-5128,6360,-526,180,-136,0
516.2428231239319,8608,6524,11012,-130,-75,86,7356,-9296,10268,247,114,-195,-13604,4364,5944,-1053,128,-96,-13884,-5152,6460,-495,174,-102,0
516.2765641212463,8588,6576,11132,-155,-119,108,7180,-9308,10392,11,131,-219,-13632,4156,5976,-977,155,-96,-13852,-5200,6516,-493,198,-63,0
516.3101050853729,8696,6884,11296,-142,-112,113,7348,-9356,10356,-16,127,-217,-13752,4256,5840,-995,140,-88,-13888,-5152,6436,-509,172,-94,0
516.343544960022,8920,6524,11132,-141,-171,106,7348,-9244,10320,-29,148,-212,-13676,4128,5764,-974,119,-120,-13872,-5108,6308,-501,190,-101,0
516.3771319389343,8656,6556,11264,-155,-154,144,7384,-9020,10308,254,122,-201,-13716,4192,5936,-977,139,-130,-13904,-5220,6508,-483,183,-63,0
516.4104480743408,8640,6520,11132,-177,-153,123,7348,-9300,10288,-32,134,-214,-13684,4244,5788,-972,150,-100,-13684,-5140,6364,-480,198,-55,0
516.4437019824982,8612,6576,11276,-179,-133,138,7280,-9320,10232,-25,130,-219,-13724,4180,5916,-972,155,-91,-13904,-5076,6180,-496,199,-110,0
516.4773619174957,8596,6456,11428,-182,-169,138,7288,-9360,10448,-3,116,-204,-13624,4224,5848,-988,178,-123,-13912,-5040,6380,-501,205,-52,0
516.510824918747,8656,6580,11332,-159,-153,154,7332,-9460,10376,254,122,-217,-13696,4172,5800,-992,172,-147,-13876,-5184,6436,-761,209,-78,0
516.5442321300507,8628,6640,11256,-177,-155,155,7320,-9296,10300,4,95,-202,-13740,4176,5796,-985,151,-135,-13972,-5112,6436,-496,203,-76,0
516.577789068222,8684,6568,11148,-183,-168,140,7432,-9304,10344,10,151,-217,-13688,4084,5660,-1012,149,-168,-13956,-5024,6360,-506,220,-70,0
516.6147000789642,8584,6492,11304,-163,-194,135,7452,-9316,10240,3,161,-219,-13692,4160,5692,-976,131,-121,-13944,-4996,6468,-474,187,-69,0
516.6502630710602,8644,6468,11212,-169,-175,143,7300,-9360,10332,-254,106,-211,-13688,4140,5780,-1034,165,-134,-13900,-5104,6408,-463,179,-62,0
516.6877410411835,8720,6560,11200,-169,-155,133,7320,-9300,10240,-7,132,-194,-13684,4196,5552,-976,154,-128,-13904,-5088,6452,-469,183,-80,0
516.7227959632874,8948,6624,11184,-167,-155,149,7400,-9412,10428,-26,109,-199,-13736,4164,5692,-988,158,-126,-13976,-5320,6248,-765,163,-63,0
516.7581479549408,8536,6472,11268,-159,-174,136,7396,-9408,10360,-10,78,-201,-13764,4072,5764,-962,78,-140,-13920,-5100,6352,-491,192,-67,0
516.7935481071472,8712,6524,11180,-162,-163,129,7348,-9228,10372,4,135,-202,-13664,4128,5776,-1015,114,-114,-13976,-5080,6420,-499,183,-73,0
516.8294339179993,8924,6572,11408,-158,-151,124,7356,-9320,10352,-39,133,-231,-13656,4080,5860,-969,130,-116,-13988,-5340,6228,-762,229,-91,0
516.8646500110626,8784,6424,11164,-184,-145,106,7228,-9328,10412,-4,108,-205,-13812,4212,5640,-976,159,-156,-14044,-5008,6484,-465,164,-84,0
516.9002840518951,8716,6444,11264,-164,-163,162,7376,-9140,10288,-7,115,-172,-13660,4132,5852,-1009,132,-124,-13876,-5188,6608,-485,149,-101,0
516.9362170696259,8636,6480,11020,-181,-120,151,7616,-9004,10368,-29,128,-190,-13624,4240,5828,-988,127,-82,-13888,-5184,6392,-764,150,-85,0
516.9742181301117,8724,6536,11456,-165,-144,137,7332,-9404,10484,-42,129,-192,-13720,4148,5960,-994,99,-126,-13872,-5064,6460,-475,182,-71,0
517.0101079940796,8652,6556,11140,-99,-155,137,7320,-9268,10460,-38,56,-221,-13736,4296,5668,-948,144,-118,-13832,-5068,6396,-531,175,-123,0
517.0452530384064,8692,6396,11004,-131,-128,113,7644,-9256,10256,-22,106,-202,-13648,4080,5732,-1002,161,-130,-13796,-5076,6404,-524,202,-95,0
517.0810730457306,8956,6452,11164,-118,-109,124,7460,-9276,10268,-60,101,-209,-13708,4096,5776,-979,78,-99,-13836,-5032,6328,-257,159,-135,0
517.1171691417694,8692,6536,11064,-170,-115,109,7536,-9300,10348,-20,106,-175,-13728,4164,5820,-996,81,-94,-13976,-5124,6500,-478,144,-122,0
517.1518800258636,8804,6544,11100,-150,-67,75,7552,-9280,10440,-7,155,-148,-13692,4136,5812,-1014,34,-80,-13980,-4992,6408,-504,127,-132,0
517.1882309913635,8708,6528,11096,-143,-68,80,7380,-9268,10372,-29,127,-149,-13632,4164,5816,-1280,68,-73,-13968,-4980,6428,-495,132,-145,0
517.2237350940704,8904,6476,11044,-110,-54,61,7440,-9372,10388,-53,127,-166,-13680,4152,5648,-1019,86,-34,-13948,-5120,6600,-499,131,-156,0
517.2591869831085,8500,6428,11052,-134,-64,52,7440,-9308,10224,-46,161,-183,-13716,4136,5740,-963,82,-57,-13880,-4912,6328,-500,157,-140,0
517.2929201126099,8884,6548,11264,-103,-44,76,7360,-9252,10324,-51,162,-155,-13716,4228,5784,-973,75,-58,-13928,-5136,6384,-491,141,-142,0
517.3266251087189,8784,6560,11172,-108,-29,74,7440,-9280,10428,-36,135,-149,-13608,4148,5804,-974,108,-80,-13956,-5120,6380,-491,88,-138,0
517.3599500656128,8484,6484,11120,-123,-43,76,7252,-9324,10344,-39,145,-176,-13752,4332,5664,-982,109,-56,-13960,-5164,6496,-767,123,-144,0
517.3933720588684,8676,6600,11100,-123,-90,81,7420,-9176,10332,-42,158,-159,-13688,4108,5848,-995,56,-68,-13956,-5148,6492,-543,165,-161,0
517.4270300865173,8764,6588,11188,-95,-91,85,7676,-9372,10348,-54,136,-177,-13688,4136,5768,-1002,90,-49,-14040,-5292,6412,-509,140,-146,0
517.4601531028748,8928,6572,11088,-124,-56,69,7424,-9300,10308,-49,137,-167,-13692,4104,5712,-972,111,-84,-13880,-4992,6352,-499,143,-166,0
517.4960739612579,8696,6456,11172,-127,-77,99,7204,-9328,10424,-72,131,-175,-13744,4220,5748,-966,66,-97,-13864,-5012,6636,-514,116,-168,0
517.5298011302948,8732,6512,11172,-107,-43,71,7464,-9212,10372,-24,142,-146,-13812,4208,5740,-984,82,-56,-13940,-5304,6616,-506,138,-148,0
517.5632319450378,8724,6604,11212,-111,-15,72,7444,-9200,10360,-33,150,-158,-13632,4140,5884,-970,86,-11,-13672,-5176,6144,-498,102,-132,0
517.5969841480255,8896,6492,11316,-108,-59,79,7628,-9252,10488,-95,133,-143,-13704,4228,5840,-949,47,-38,-13916,-5120,6652,-511,124,-126,0
517.6304581165314,8580,6488,11300,-89,-24,41,7344,-9284,10104,-45,138,-185,-13776,4308,5884,-962,83,-74,-13956,-5104,6476,-487,137,-139,0
517.6637809276581,8708,6536,11332,-113,-22,88,7364,-9280,10384,-36,141,-130,-13700,4244,5808,-1002,66,-54,-13852,-5112,6484,-491,112,-151,0
517.6974129676819,8668,6520,11296,-110,-30,68,7300,-9236,10216,-35,149,-127,-13704,4344,5704,-998,36,-81,-13876,-5112,6396,-500,69,-162,0
517.7310240268707,8584,6524,11364,-121,-45,50,7268,-9472,10312,-68,165,-141,-13680,4100,5740,-965,42,-2,-13900,-5140,6416,-262,104,-182,0
517.7644429206848,8616,6556,11320,-127,-40,70,7292,-9472,10324,-77,167,-148,-13676,4240,5808,-973,90,-70,-13864,-5236,6448,-524,128,-129,0
517.7980690002441,8892,6612,11432,-98,-25,102,7408,-9296,10276,-38,147,-192,-13660,4176,5988,-1006,74,-95,-13900,-5012,6484,-257,150,-129,0
517.8314809799194,8716,6552,11152,-89,-55,87,7392,-9468,10432,-29,207,-196,-13668,4204,5724,-1055,90,-129,-13676,-5032,6328,-498,181,-135,0
517.8645739555359,8664,6540,11332,-127,-77,88,7364,-9300,10204,-18,120,-158,-13716,4144,5844,-1009,89,-69,-13928,-5180,6624,-492,138,-135,0
517.8981621265411,8668,6576,11272,-135,-44,92,7600,-9232,10356,-40,136,-188,-13752,4212,6104,-967,99,-59,-13984,-5056,6400,-506,118,-136,0
517.9318559169769,8728,6588,11280,-120,-51,79,7660,-9304,10384,-39,158,-141,-13668,4236,5656,-997,78,-82,-13872,-5088,6456,-512,146,-140,0
517.9652631282806,8640,6588,11204,-126,-54,94,7312,-9260,10356,-40,133,-160,-13608,4192,5776,-921,47,-47,-13968,-5060,6408,-767,126,-134,0
517.9987959861755,8572,6524,11164,-115,-82,94,7312,-9388,10460,-47,146,-148,-13732,4168,5868,-978,90,-72,-13808,-5084,6480,-499,132,-145,0
518.0322949886322,8592,6524,11356,-114,-28,76,7368,-9252,10320,-44,142,-170,-13684,4204,5720,-1005,109,-85,-13912,-5196,6480,-482,128,-117,0
518.0657839775085,8496,6560,11136,-141,-48,85,7376,-9472,10380,-47,128,-176,-13696,4224,5748,-1010,99,-82,-13912,-5132,6368,-487,126,-110,0
518.0994629859924,8636,6508,11052,-91,-39,88,7384,-9380,10360,-10,125,-178,-13784,4292,6024,-1018,100,-73,-13940,-5284,6652,-504,135,-119,0
518.1329629421234,8700,6552,11160,-125,-59,126,7392,-9312,10372,-42,128,-190,-13700,4184,5916,-1008,111,-70,-13880,-5172,6500,-488,153,-119,0
518.1664769649506,8584,6544,11040,-112,-66,125,7428,-8972,10456,-39,108,-157,-13452,4216,5668,-1002,104,-74,-13916,-5088,6492,-513,142,-140,0
518.1999819278717,8576,6536,11348,-120,-53,127,7324,-9248,10444,-65,138,-170,-13676,4332,5800,-1028,106,-111,-13988,-5092,6424,-524,132,-137,0
518.2335109710693,8696,6552,11136,-91,-86,100,7292,-9276,10280,-26,126,-169,-13720,4220,5792,-990,116,-112,-13652,-5224,6528,-767,165,-122,0
518.2697319984436,8676,6540,11200,-143,-65,88,7336,-9376,10260,-18,149,-167,-13616,4156,5760,-1000,118,-90,-14080,-5116,6212,-487,146,-91,0
518.3055100440979,8744,6620,11380,-151,-64,124,7348,-9256,10364,-25,148,-179,-13668,4200,6060,-1008,123,-124,-14032,-4872,6460,-485,150,-88,0
518.3417689800262,8644,6624,11292,-164,-108,90,7352,-9376,10296,-18,142,-187,-13692,4348,5860,-1007,89,-105,-13864,-5060,6452,-477,167,-111,0
518.3777091503143,8632,6660,11448,-162,-123,131,7248,-9452,10412,3,150,-167,-13664,4132,5816,-1018,120,-126,-13828,-5192,6584,-517,173,-92,0
518.4126780033112,8620,6628,11284,-112,-132,111,7384,-9352,10356,-30,138,-224,-13716,4184,5852,-970,101,-142,-13940,-5176,6508,-518,198,-116,0
518.4487380981445,8644,6872,11048,-155,-110,96,7276,-9244,10332,-255,134,-215,-13596,4148,5840,-969,145,-123,-13624,-5092,6148,-504,213,-96,0
518.4836549758911,8644,6604,11252,-173,-117,119,7316,-9192,10404,15,133,-183,-13588,4164,5916,-979,113,-152,-13988,-5364,6604,-483,199,-78,0
518.5192220211029,8664,6660,11180,-175,-99,134,7288,-9380,10352,-9,149,-192,-13600,4184,5636,-1000,154,-105,-13860,-5180,6388,-459,156,-63,0
518.5549800395966,8652,6604,11288,-216,-150,146,7404,-9344,10272,-13,140,-207,-13672,4188,5668,-968,138,-135,-13904,-5024,6520,-476,187,-60,0
518.5907409191132,8624,6576,11176,-182,-172,146,7328,-9424,10404,-48,128,-209,-13672,4224,5748,-959,143,-130,-13932,-5156,6632,-509,208,-59,0
518.6261100769043,8688,6532,11220,-172,-147,125,7404,-9300,10168,-4,118,-235,-13704,4140,5740,-994,179,-125,-13744,-5172,6420,-527,215,-101,0
518.6622290611267,8616,6532,11148,-156,-153,130,7404,-9240,10188,-13,85,-238,-13700,4140,5720,-1003,142,-169,-14016,-4872,6468,-520,198,-65,0
518.6974549293518,8568,6456,11364,-162,-151,132,7352,-9196,10448,-9,115,-214,-13712,4136,5876,-964,158,-159,-13900,-5192,6496,-504,161,-88,0
518.7335119247437,8500,6632,11180,-182,-113,120,7464,-9292,10288,250,163,-186,-13708,4288,5884,-971,128,-134,-13976,-5044,6412,-492,222,-81,0
518.7692499160767,8704,6536,11372,-181,-157,118,7412,-9360,10320,-5,123,-201,-13644,4220,5884,-997,146,-141,-13908,-5060,6428,-495,191,-76,0
518.8048899173737,8640,6600,11144,-170,-159,154,7280,-9244,10320,-9,117,-215,-13744,4232,5972,-978,150,-128,-13940,-4892,6188,-487,161,-78,0
518.8406369686127,8744,6520,11212,-161,-154,145,7324,-9272,10228,-63,127,-191,-13620,4256,5784,-972,162,-121,-13964,-5296,6204,-496,149,-79,0
518.8753371238708,8624,6580,11136,-158,-150,131,7356,-9392,10396,253,145,-215,-13772,4208,5784,-1028,138,-126,-14044,-5052,6356,-508,193,-101,0
518.911169052124,8676,6520,11220,-150,-170,132,7412,-9440,10280,10,115,-198,-13768,4216,5812,-1025,116,-142,-14060,-5072,6504,-512,204,-83,0
518.9467809200287,8680,6532,11276,-161,-166,106,7176,-9356,10336,5,125,-232,-13620,4196,5792,-992,151,-113,-13912,-5084,6376,-500,216,-76,0
518.9804849624634,8684,6500,11108,-147,-195,140,7392,-9252,10420,2,134,-216,-13692,4152,5676,-1007,97,-133,-13964,-5328,6344,-496,180,-92,0
519.0139849185944,8608,6540,11204,-159,-212,154,7316,-9132,10380,-9,75,-220,-13740,4284,5832,-1002,127,-163,-13828,-5356,6152,-502,186,-97,0
519.0475170612335,8732,6488,11112,-149,-134,120,7456,-9296,10356,-31,113,-211,-13756,4124,5744,-1009,128,-153,-13852,-5264,6496,-520,162,-107,0
519.0809960365295,8740,6564,11320,-192,-151,143,7456,-9472,10304,-18,107,-191,-13704,4252,5752,-994,141,-115,-14008,-5072,6156,-518,149,-99,0
519.1146640777588,8708,6560,11380,-137,-141,128,7376,-9460,10336,-60,121,-205,-13676,4224,5864,-1004,152,-120,-13904,-5096,6320,-529,149,-82,0
519.1481540203094,8844,6532,11180,-149,-119,95,7420,-9276,10256,-31,110,-182,-13664,4104,5592,-1013,88,-101,-13848,-5152,6424,-516,146,-112,0
519.1818470954895,8940,6520,11168,-137,-117,87,7400,-9264,10232,-28,149,-170,-13624,4164,5864,-972,100,-51,-13840,-5104,6452,-504,136,-117,0
519.2154750823975,8740,6484,11192,-147,-129,76,7352,-9296,10372,-83,169,-175,-13772,4184,5776,-956,98,-70,-13828,-5060,6268,-517,126,-130,0
519.2490799427032,8808,6432,11112,-156,-97,67,7360,-9388,10368,-37,155,-181,-13800,4184,5716,-975,70,-93,-13968,-5032,6408,-523,129,-173,0
519.2826170921326,8828,6456,11248,-147,-72,76,7436,-9232,10328,-39,144,-145,-13692,4012,5852,-1003,74,-64,-14052,-5080,6316,-499,90,-143,0
519.316036939621,8828,6532,11260,-147,-18,83,7300,-9256,10328,-33,137,-132,-13732,4180,5840,-1001,84,-42,-13908,-5272,6532,-485,82,-150,0
519.3497200012207,8748,6688,11340,-133,-47,88,7348,-9464,10384,-69,148,-156,-13680,4172,6108,-980,86,-61,-13672,-4980,6632,-507,123,-158,0
519.3832120895386,8760,6516,11184,-100,-70,69,7380,-9292,10380,-53,149,-165,-13628,4224,5804,-964,54,-49,-13812,-5024,6588,-502,141,-175,0
519.4168751239777,8680,6496,11308,-89,-36,98,7356,-9444,10280,-48,129,-167,-13724,4152,5648,-985,73,-82,-13908,-5048,6424,-502,149,-127,0
519.4503719806671,8612,6452,11172,-105,-43,96,7384,-9296,10188,-46,104,-162,-13708,4244,5748,-1006,117,-105,-13852,-5108,6440,-765,155,-125,0
519.4841220378876,8712,6564,11212,-104,-70,96,7392,-9284,10304,-51,124,-162,-13716,3932,5820,-986,101,-86,-13992,-5348,6252,-488,164,-149,0
519.51740193367,8708,6564,11136,-149,-1,79,7340,-9360,10288,-61,131,-176,-13756,4172,5788,-979,103,-85,-14028,-5240,6380,-499,115,-140,0
519.5507669448853,8716,6452,11148,-103,-51,91,7404,-9280,10340,-48,184,-156,-13696,4128,5708,-987,54,-62,-13876,-5176,6376,-522,172,-155,0
519.5843629837036,8640,6564,11164,-106,-55,64,7348,-9236,10004,-30,127,-148,-13680,4284,5720,-983,69,-57,-13892,-5048,6392,-528,138,-162,0
519.6179339885712,8624,6568,11116,-108,-64,69,7384,-9228,10248,-66,113,-131,-13668,4152,5748,-993,62,-107,-13608,-4872,6336,-536,141,-183,0
519.6511290073395,8896,6572,11196,-113,-72,67,7508,-9316,10336,-64,138,-166,-13740,4228,5700,-950,66,-97,-13972,-5164,6524,-477,135,-144,0
519.6848709583282,8664,6492,11264,-127,-30,80,7672,-9316,10336,-47,169,-184,-13664,4092,5856,-970,58,-49,-13892,-5136,6516,-478,127,-139,0
519.7182710170746,8644,6516,11236,-102,-37,72,7276,-9336,10300,-38,156,-153,-13732,4308,5712,-977,74,-39,-13820,-5128,6412,-520,158,-135,0
519.7517960071564,8836,6512,11120,-92,-65,67,7316,-9380,10288,-70,126,-179,-13708,4124,5848,-986,88,-73,-13896,-5256,6524,-510,104,-136,0
519.785444021225,8732,6656,11252,-114,-54,86,7336,-9276,10260,-36,109,-168,-13660,4196,5856,-985,64,-88,-13936,-5100,6452,-764,140,-131,0
519.8189649581909,8700,6508,11300,-130,-42,74,7400,-9304,10304,-66,225,-200,-13676,4264,5748,-1051,95,-107,-13868,-4892,6264,-482,148,-139,0
519.8525519371033,8696,6636,11220,-139,-68,96,7356,-9328,10356,-25,131,-175,-13716,4228,5696,-988,80,-90,-13920,-4912,6312,-476,151,-155,0
519.8858029842377,8616,6860,11052,-81,-59,102,7360,-9344,10440,-64,126,-143,-13716,4260,5768,-965,91,-20,-13928,-5000,6436,-502,111,-112,0
519.9192731380463,8660,6632,11040,-100,-52,98,7420,-9428,10440,-7,126,-160,-13636,4132,5852,-1028,82,-94,-13812,-5192,6416,-481,114,-126,0
519.9557530879974,8484,6556,11084,-124,-45,90,7396,-9288,10292,-253,124,-139,-13652,4160,5844,-1013,72,-66,-13908,-5196,6336,-528,108,-117,0
519.9912869930267,8896,6648,11308,-110,-22,96,7376,-9372,10268,-74,245,-183,-13636,4300,5784,-1058,98,-54,-13604,-5080,6312,-507,149,-132,0
520.0276689529419,8500,6648,11264,-143,-64,69,7352,-9356,10452,-23,119,-174,-13668,4276,5820,-990,104,-87,-13920,-4980,6388,-480,155,-147,0
520.0633389949799,8732,6516,11168,-102,-56,98,7340,-9348,10272,-36,153,-128,-13688,4164,5828,-988,59,222,-13872,-5048,6460,-502,148,-110,0
520.099151134491,8564,6632,11252,-122,-33,97,7348,-9300,10320,-39,146,-123,-13660,4124,5784,-1002,80,-42,-13940,-5240,6600,-494,101,-157,0
520.1342849731445,8648,6400,11488,-137,-42,89,7376,-9408,10364,-52,152,-160,-13692,4204,5828,-987,90,-77,-13840,-5088,6368,-507,143,-157,0
520.1706790924072,8716,6648,11160,-113,-49,87,7484,-9312,10360,-48,148,-167,-13680,4308,5832,-990,51,-68,-13964,-5052,6368,-517,146,-148,0
520.2058761119843,8676,6568,11312,-116,-21,97,7316,-9248,10332,-31,134,-165,-13664,4192,5892,-1007,88,-65,-13892,-5128,6376,-505,179,-114,0
520.2413101196289,8944,6620,11248,-124,-46,104,7320,-9276,10356,-37,114,-182,-13708,4224,5748,-1012,125,-80,-13856,-5156,6572,-498,158,-115,0
520.2771689891815,8952,6592,11404,-143,-76,105,7284,-9412,10508,14,51,-190,-13636,4240,5660,-991,119,-86,-13900,-5052,6396,-499,136,-124,0
520.3122329711914,8692,6608,11064,-125,-42,77,7344,-9276,10336,-29,140,-172,-13656,4336,5764,-992,84,-102,-13804,-5200,6472,-479,173,-135,0
520.3482091426849,8688,6616,11084,-154,-61,119,7384,-9356,10372,-48,169,-178,-13664,4212,5900,-1032,92,-101,-13908,-5364,6164,-466,147,-115,0
520.3836109638214,8616,6700,11232,-169,-103,127,7300,-9300,10400,250,158,-185,-13676,4232,5828,-998,81,-99,-13956,-5372,6596,-479,180,-54,0
520.4198060035706,8464,6568,11460,-172,-116,109,7352,-9444,10364,-38,135,-194,-13748,4220,5936,-966,121,-109,-13896,-5156,6468,-474,186,-68,0
520.4555411338806,8588,6868,11052,-167,-163,124,7336,-9380,10256,-31,145,-223,-13708,4260,6004,-1005,142,-153,-13864,-5156,6484,-500,215,-62,0
520.4919679164886,8544,6444,11048,-105,-209,128,7288,-9312,10324,-65,125,-222,-13616,4180,5684,-969,133,-191,-13960,-5196,6372,-506,224,-51,0
520.5281019210815,8460,6880,11036,-153,-167,146,7272,-9296,10312,-29,128,-231,-13584,4208,5752,-980,152,-137,-13888,-5156,6468,-492,215,-29,0
520.5634679794312,8720,6400,11504,-171,-168,157,7344,-9336,10268,-18,144,-234,-13688,4244,5928,-995,166,-173,-13868,-5120,6344,-494,249,-78,0
520.5999529361725,8680,6424,11228,-180,-172,151,7376,-9400,10468,-4,110,-236,-13692,4224,5884,-998,171,-156,-13956,-5096,6344,-507,189,-59,0
520.6333241462708,8692,6548,11312,-169,-182,147,7408,-9348,10396,17,123,-213,-13652,3900,5772,-983,135,-133,-13888,-5180,6384,-522,197,-73,0
520.6669311523438,8752,6572,11212,-139,-141,169,7492,-9284,10004,-10,136,-207,-13660,4204,5868,-1009,154,-169,-13988,-5172,6356,-470,220,-51,0
520.7004780769348,8692,6592,11404,-182,-185,128,7248,-9456,9996,-10,115,-224,-13656,4204,5740,-992,180,-159,-13868,-5004,6404,-507,191,-53,0
520.7341809272766,8736,6416,11368,-168,-180,160,7428,-9272,10164,-66,120,-211,-13716,4096,5796,-981,135,-139,-14000,-5224,6340,-526,177,-79,0
520.7675559520721,8932,6436,11176,-184,-188,123,7324,-9308,10024,-4,124,-211,-13748,4188,5960,-1016,126,-117,-13880,-4872,6460,-476,181,-86,0
520.8010909557343,8680,6828,11008,-165,-155,133,7372,-9440,10440,19,126,-179,-13804,4120,5764,-769,111,-112,-13880,-5332,6640,-468,185,-51,0
520.8346631526947,8584,6552,11040,-148,-163,123,7332,-9292,10296,0,130,-199,-13716,3904,6108,-1013,130,-128,-13964,-5308,6248,-482,211,-66,0
520.8682811260223,8528,6548,11248,-195,-174,124,7292,-9348,10228,-24,116,-244,-13692,4284,5884,-1080,159,-177,-13904,-5004,6392,-495,221,-75,0
520.901428937912,8600,6528,11128,-160,-169,160,7176,-9320,10248,13,74,-210,-13720,4244,5732,-1002,123,-140,-13940,-4892,6584,-492,151,-104,0
520.9349310398102,8628,6604,11124,-124,-156,162,7300,-9296,10480,-36,139,-192,-13636,4116,5772,-1009,114,-73,-13608,-5064,6360,-508,140,-108,0
520.9685499668121,8752,6548,11244,-160,-150,132,7340,-8996,10340,-35,122,-189,-13652,4076,5872,-987,106,-102,-13844,-4884,6492,-505,193,-96,0
521.002072095871,8788,6624,11052,-134,-181,139,7192,-9392,10488,-25,131,-203,-13652,4108,5872,-770,130,-147,-13880,-5004,6244,-517,215,-87,0
521.0355789661407,8884,6516,11240,-112,-166,112,7504,-9448,10408,-66,133,-225,-13672,4244,5704,-1263,112,-92,-13860,-5080,6348,-506,203,-98,0
521.069244146347,8712,6444,11064,-132,-140,115,7380,-9260,10204,-24,117,-217,-13700,4268,5680,-1011,121,-118,-13820,-5112,6416,-506,165,-128,0
521.1028220653534,8848,6556,11108,-125,-136,99,7488,-9280,10248,-41,115,-213,-13696,4144,5708,-1020,91,-126,-13892,-5088,6400,-496,163,-133,0
521.1362309455872,8880,6588,11160,-139,-89,91,7612,-9304,10268,-42,170,-180,-13688,4256,5688,-1005,96,-87,-13932,-5064,6380,-500,131,-154,0
521.1700520515442,8776,6568,11280,-144,-43,72,7448,-9328,10364,-40,167,-135,-13592,4164,5976,-1004,51,-43,-13900,-5028,6148,-525,132,-177,0
521.2037091255188,8840,6572,11144,-123,-20,75,7400,-9352,10356,-1,170,-148,-13628,4172,5704,-1040,38,-40,-13608,-5328,6300,-486,152,-169,0
521.2374210357666,8756,6652,11232,-108,-60,89,7388,-9348,10308,-42,151,-166,-13684,4208,5736,-1008,46,-73,-14080,-5188,6344,-485,135,-153,0
521.2711410522461,8680,6408,11244,-129,-56,82,7412,-9440,10288,-28,155,-186,-13656,3856,5712,-996,67,-90,-13804,-5144,6396,-474,113,-143,0
521.3047320842743,8612,6640,11152,-115,-57,92,7408,-9372,10312,-34,142,-154,-13664,4252,5780,-1007,81,-74,-13908,-5048,6340,-484,127,-106,0
521.3384039402008,8724,6548,11148,-138,-47,106,7300,-9336,10340,-32,130,-172,-13732,4188,5756,-1003,77,-92,-13884,-5108,6304,-508,133,-140,0
521.3720009326935,8448,6548,11176,-122,-47,95,7376,-9300,10240,-57,119,-174,-13732,4196,5852,-976,92,-89,-13872,-5088,6492,-500,127,-136,0
521.4049470424652,8704,6588,11264,-108,-53,61,7308,-9372,10336,-47,159,-177,-13652,4180,5784,-1013,61,-80,-13748,-5136,6384,-756,156,-169,0
521.4385890960693,8768,6608,11216,-97,-77,73,7412,-9248,10336,-46,129,-192,-13660,4132,5744,-980,100,-81,-14044,-5000,6304,-469,135,-138,0
521.472284078598,8660,6528,11072,-130,-26,95,7304,-9260,10412,-54,131,-155,-13740,4172,5816,-1010,89,-70,-13948,-5008,6156,-492,133,-149,0
521.5057830810547,8564,6576,11284,-126,-64,97,7612,-9340,10328,-65,139,-143,-13768,4180,5824,-993,53,-74,-13884,-4884,6408,-497,102,-152,0
521.5391321182251,8860,6592,11140,-142,-22,84,7400,-9368,10200,-15,152,-137,-13732,4348,5696,-1034,33,-61,-13936,-5312,6328,-473,147,-158,0
521.5728230476379,8704,6600,11484,-114,-21,82,7396,-9044,10268,-15,150,-141,-13736,4204,5708,-1027,58,-42,-13600,-5216,6544,-487,100,-178,0
521.6062009334564,8448,6640,11336,-113,-25,64,7548,-9668,10360,-47,153,-140,-13688,4080,5796,-986,40,-94,-13868,-5104,6416,-477,141,-155,0
521.6428589820862,8772,6644,11060,-143,-50,61,7268,-9268,10204,-6,153,-183,-13652,4156,5856,-1037,89,-132,-13956,-5048,6568,-441,157,-134,0
521.6790781021118,8748,6604,11228,-124,-50,100,7308,-9308,10272,-26,150,-152,-13716,4140,6020,-1039,38,-55,-13620,-5316,6512,-444,131,-152,0
521.7145681381226,8672,6636,11056,-135,-3,92,7308,-9416,10436,-28,147,-143,-13652,4212,5724,-1011,40,-40,-13992,-5096,6524,-460,95,-155,0
521.7498209476471,8656,6640,11192,-145,-51,56,7312,-9284,10332,-68,153,-164,-13672,4216,5828,-1015,62,-54,-13916,-5216,6328,-525,137,-156,0
521.7849130630493,8888,6524,11176,-115,-43,61,7208,-9348,10228,-74,150,-170,-13748,4136,5796,-1276,56,-110,-13888,-5108,6464,-504,156,-160,0
521.8204350471497,8700,6508,11220,-116,-68,100,7300,-9384,10232,-17,122,-160,-13668,3860,5908,-1267,93,-69,-13572,-4892,6500,-505,156,-124,0
521.855553150177,8736,6564,11300,-117,-42,86,7288,-9300,10464,-41,109,-165,-13668,4188,5904,-1002,97,-79,-13856,-4884,6276,-479,177,-118,0
521.8912379741669,8740,6592,11092,-133,-76,97,7416,-9324,10148,-90,142,-168,-13868,4140,5860,-1011,104,-100,-14020,-5148,6420,-484,125,-120,0
521.9275810718536,8728,6572,11100,-144,-52,95,7656,-9360,10200,-41,135,-198,-13680,4108,5824,-1274,39,-42,-14052,-5076,6172,-484,152,-147,0
521.9628059864044,8744,6560,11260,-132,-20,102,7288,-9340,10300,-31,205,-161,-13592,4192,5700,-1052,64,-73,-14008,-5184,6460,-501,123,-130,0
522.0040171146393,8668,6588,11288,-142,-33,115,7360,-9356,10424,-37,147,-146,-13816,4212,5656,-1002,60,-69,-13856,-5248,6620,-480,142,-133,0
522.0406539440155,8724,6592,11216,-163,-67,67,7368,-9256,10320,-41,152,-177,-13708,4184,5860,-971,70,-84,-14016,-4896,6512,-484,133,-159,0
522.0757460594177,8652,6656,11188,-155,-63,81,7296,-9456,10508,-15,146,-164,-13708,4336,5964,-1012,83,-64,-13852,-5156,6476,-461,154,-126,0
522.1117010116577,8664,6584,11280,-181,-65,96,7360,-9368,10440,-22,115,-162,-13676,4116,5840,-1280,139,-106,-13816,-5232,6460,-478,169,-103,0
522.1481821537018,8564,6584,11236,-147,-70,105,7388,-9324,10364,-26,128,-192,-13652,4192,6108,-1052,129,-94,-13892,-5072,6508,-479,142,-139,0
522.1832580566406,8688,6564,11188,-175,-78,94,7424,-9268,10444,-27,136,-182,-13700,4144,5912,-1001,95,-64,-13856,-5092,6544,-526,147,-132,0
522.2193250656128,8636,6636,11168,-148,-82,106,7304,-9292,10416,-19,146,-174,-13660,4164,5932,-1276,78,-73,-13864,-4872,6144,-508,147,-128,0
522.254900932312,8612,6564,11196,-155,-62,118,7360,-9320,10264,-9,151,-168,-13696,4148,5824,-1003,135,-63,-13872,-5208,6400,-487,165,-104,0
522.2920401096344,8704,6608,11164,-159,-39,108,7360,-9340,10308,-34,142,-184,-13684,4136,5672,-984,111,-12,-13880,-5076,6456,-480,103,-113,0
522.3256549835205,8648,6580,11216,-153,-79,111,7280,-9360,10216,-30,127,-157,-13680,4260,6064,-1008,115,-67,-13828,-5216,6336,-513,133,-138,0
522.359071969986,8536,6576,11356,-182,-64,128,7348,-9348,10408,-23,123,-179,-13704,4160,5960,-769,111,-93,-13908,-5152,6416,-478,165,-114,0
522.3924069404602,8556,6692,11288,-140,-85,120,7344,-9248,10344,-19,138,-179,-13372,4252,5776,-1031,116,-112,-13968,-5268,6156,-503,123,-125,0
522.4260261058807,8672,6576,11184,-125,-85,70,7356,-9348,10208,-54,163,-169,-13700,4152,5880,-993,88,-54,-13956,-5088,6616,-492,148,-131,0
522.4593820571899,8624,6592,11160,-152,-39,80,7332,-9388,10404,-12,106,-183,-13636,4208,5752,-1012,98,-62,-13916,-5108,6400,-466,176,-114,0
522.4930839538574,8744,6500,11240,-127,-41,101,7312,-9296,10196,-21,124,-141,-13616,4168,5772,-968,71,-49,-13912,-4872,6416,-488,124,-118,0
522.5266721248627,8636,6588,11280,-153,-13,88,7368,-9244,10300,-46,153,-164,-13684,4108,5832,-1019,75,-52,-13600,-5168,6352,-490,117,-145,0
522.5601410865784,8696,6648,11356,-172,-64,93,7280,-9356,10316,-38,165,-161,-13792,4284,5944,-993,95,-122,-13908,-5256,6504,-498,191,-124,0
522.5936851501465,8664,6564,11188,-129,-74,105,7228,-9260,10484,-25,131,-168,-13536,4240,5684,-988,91,-123,-13972,-5176,6448,-502,161,-116,0
522.6273839473724,8600,6568,11212,-171,-92,99,7676,-9392,10328,-2,148,-218,-13580,4112,5924,-995,133,-64,-13808,-4956,6472,-525,196,-117,0
522.6607649326324,8584,6556,11236,-135,-91,124,7360,-9284,10264,6,122,-193,-13656,4248,5936,-997,123,-123,-13712,-5032,6348,-493,195,-101,0
522.6942100524902,8604,6500,11340,-175,-157,135,7400,-9364,10308,19,135,-199,-13672,4268,6012,-985,137,-150,-13868,-5188,6408,-257,176,-114,0
522.7277300357819,8640,6600,11052,-168,-116,124,7508,-9280,10356,-16,168,-219,-13644,4252,5836,-974,106,-111,-13640,-5084,6460,-517,188,-125,0
522.7611320018768,8732,6592,11200,-152,-135,110,7372,-9284,10320,-28,123,-189,-13584,4228,5864,-970,139,-143,-13872,-5164,6480,-533,185,-115,0
522.7946560382843,8672,6536,11304,-174,-113,151,7284,-9288,9992,-17,116,-204,-13584,4228,6084,-989,126,-108,-13744,-5212,6372,-495,193,-124,0
522.8283360004425,8672,6696,11252,-181,-150,119,7284,-9292,10280,-10,140,-207,-13572,4248,6012,-943,126,-109,-13904,-5200,6420,-509,210,-116,0
522.8616840839386,8752,6564,11184,-187,-132,133,7396,-9312,10272,-38,118,-230,-13712,4124,5752,-942,152,-120,-13856,-5332,6320,-532,235,-105,0
522.8948800563812,8656,6584,11096,-175,-154,135,7336,-9308,10428,-13,104,-231,-13640,4128,5980,-994,138,-176,-13972,-5040,6372,-502,225,-59,0
522.9285130500793,8464,6496,11244,-180,-121,142,7360,-9336,10328,-34,110,-228,-13652,4212,5932,-965,129,-117,-13980,-5332,6352,-487,213,-63,0
522.961874961853,8936,6524,11024,-189,-160,145,7308,-9256,10248,9,111,-218,-13624,4172,5808,-988,154,-94,-13892,-5148,6432,-486,180,-68,0
522.9955711364746,8692,6456,11164,-184,-185,139,7400,-9240,10236,-15,146,-195,-13792,4212,5700,-970,112,-79,-13836,-5028,6488,-459,193,-96,0
523.0292980670929,8636,6508,11064,-182,-153,152,7204,-9296,10256,8,148,-200,-13596,4140,5864,-993,162,-133,-13940,-5096,6176,-453,177,-55,0
523.0626020431519,8476,6536,11312,-176,-129,141,7444,-9228,10340,-1,107,-199,-13612,4224,5856,-964,153,-117,-13924,-5044,6392,-475,168,-68,0
523.0960290431976,8664,6532,11292,-171,-152,143,7308,-9360,10304,-250,143,-198,-13624,3972,5828,-964,148,-181,-13960,-5028,6152,-466,199,-69,0
523.1296720504761,8768,6484,11268,-177,-145,131,7332,-9252,10404,-24,106,-204,-13760,4196,5496,-975,172,-70,-13928,-5104,6416,-502,167,-112,0
523.1628451347351,8784,6464,11392,-160,-153,145,7396,-9444,10448,-13,109,-200,-13660,4240,5944,-997,134,-81,-13844,-5060,6304,-510,160,-64,0
523.1967780590057,8784,6572,11088,-167,-90,142,7440,-9224,10400,12,117,-207,-13644,4084,5628,-1020,151,-147,-14032,-5204,6312,-489,162,-88,0
523.2303099632263,8648,6564,11172,-154,-109,119,7428,-9244,10348,20,137,-219,-13624,4084,5864,-1003,143,-135,-14072,-4896,6200,-503,161,-79,0
523.2638070583344,8728,6472,11372,-143,-147,109,7208,-9336,10384,-40,131,-222,-13980,4212,5660,-970,149,-172,-13988,-4896,6216,-501,182,-70,0
523.2973220348358,8776,6568,11288,-183,-152,141,7356,-9308,10340,-254,107,-196,-13716,4172,5748,-987,141,-111,-13916,-4892,6336,-471,154,-64,0
523.3341219425201,8648,6500,11236,-134,-117,150,7372,-9256,10316,3,104,-145,-13740,4112,5700,-983,122,-84,-13896,-5352,6408,-481,102,-87,0
523.3697049617767,8684,6548,11024,-199,-87,137,7416,-9212,10360,-41,127,-166,-13616,4156,5852,-1000,118,-105,-14016,-5200,6272,-501,124,-97,0
523.4049339294434,8672,6516,11200,-158,-129,120,7328,-9372,10452,-15,143,-198,-13664,4104,5716,-1023,128,-72,-13856,-5060,6412,-533,157,-86,0
523.4407739639282,8800,6496,11240,-118,-114,141,7384,-9308,10292,-29,123,-199,-13724,4220,5744,-1030,160,-142,-13980,-5108,6448,-499,186,-103,0
523.4771671295166,8772,6484,11188,-167,-153,135,7364,-9312,10272,-5,82,-197,-13664,4168,5660,-1007,121,-114,-13908,-5244,6632,-506,156,-121,0
523.5119321346283,8652,6520,11440,-85,-70,102,7360,-9204,10208,-61,78,-179,-13640,4228,5668,-1014,104,-91,-14052,-4984,6152,-510,154,-137,0
523.5481970310211,8468,6504,11424,-115,-70,98,7436,-9372,10408,-54,128,-177,-13704,4168,5776,-1009,91,-77,-13936,-5096,6396,-488,108,-135,0
523.5833611488342,8832,6500,11316,-111,-46,87,7412,-9304,10432,-31,159,-177,-13700,4132,5432,-1002,62,-100,-13932,-5080,6400,-506,142,-150,0
523.6191890239716,8732,6516,11088,-127,-30,83,7416,-9284,10460,-28,138,-156,-13684,4152,5756,-773,71,-80,-13876,-5228,6144,-504,108,-135,0
523.6542720794678,8752,6500,11200,-118,-55,75,7228,-9264,10348,-45,130,-164,-13684,4064,5776,-965,65,-95,-13896,-5244,6152,-261,116,-173,0
523.6906781196594,8848,6500,11168,-118,-29,75,7656,-9368,10320,-54,144,-177,-13656,4208,5824,-946,67,-55,-13912,-5036,6508,-515,127,-137,0
523.7256610393524,8804,6488,11136,-98,-40,79,7316,-9396,10576,-51,151,-168,-13636,4156,6124,-993,89,-74,-13860,-5144,6440,-514,123,-137,0
523.7613070011139,8716,6556,11136,-108,-33,68,7652,-9356,10432,-33,111,-160,-13676,4220,5896,-975,107,-48,-14052,-5096,6476,-765,106,-162,0
523.7977049350739,8636,6608,11164,-124,-22,90,7416,-9324,10224,-34,137,-173,-13624,4156,5808,-987,95,-39,-13904,-5160,6152,-488,120,-131,0
523.8327851295471,8620,6528,11008,-140,-42,93,7604,-9360,10388,-33,148,-163,-13756,4164,5656,-981,91,-98,-13896,-5140,6164,-513,114,-121,0
523.8687200546265,8936,6552,11472,-114,-63,93,7292,-9316,10000,-55,128,-165,-13716,4260,5832,-996,105,-43,-13880,-5012,6368,-509,173,-150,0
523.9038419723511,8920,6476,11184,-118,-63,87,7232,-9328,10392,-38,123,-180,-13740,4128,5656,-968,111,-69,-13936,-5024,6468,-483,108,-122,0
523.9392981529236,8872,6464,11288,-119,-15,103,7392,-9256,10292,-38,131,-152,-13628,4148,5700,-1012,75,-69,-13884,-4996,6368,-491,113,-110,0
523.9748210906982,8956,6480,11352,-116,-20,74,7388,-9336,10472,-25,137,-154,-13600,4156,5804,-1035,26,-76,-13960,-5088,6564,-510,125,-164,0
524.0084509849548,8720,6584,11220,-129,-48,72,7656,-9464,10336,-255,172,-164,-13604,4216,5764,-1001,64,-52,-13808,-5132,6172,-767,112,-157,0
524.0420019626617,8492,6908,11236,-96,-31,60,7408,-9424,10324,-41,161,-169,-13644,4188,5832,-1008,45,-67,-13952,-4992,6640,-486,116,-143,0
524.0754590034485,8928,6524,11480,-138,-49,56,7456,-9332,10380,-36,146,-178,-13632,4108,5652,-975,77,-52,-13936,-5116,6472,-496,159,-141,0
524.1087989807129,8728,6576,11472,-128,-37,84,7592,-9320,10336,-24,171,-164,-13664,4160,5720,-983,65,-75,-13944,-5324,6436,-492,122,-142,0
524.1418130397797,8640,6520,11148,-107,-30,101,7216,-9128,10456,-29,136,-136,-13640,4180,5892,-980,51,-36,-13816,-5196,6424,-492,91,-129,0
524.1754250526428,8564,6604,11312,-145,-18,87,7372,-9316,10352,-38,174,-145,-13588,4288,6088,-983,52,-23,-13828,-5176,6372,-489,85,-135,0
524.2089459896088,8760,6704,11332,-113,-68,92,7304,-9320,10488,-54,165,-171,-13604,4156,5740,-993,63,-80,-13884,-5060,6392,-515,151,-130,0
524.2424790859222,8696,6560,11312,-72,-86,94,7340,-9384,10344,-40,149,-171,-13744,4144,5840,-999,67,-98,-13804,-5072,6336,-500,175,-112,0
524.2758750915527,8644,6544,11260,-103,-73,95,7344,-9264,10456,-13,105,-179,-13680,4220,5800,-1032,99,-99,-13904,-5044,6340,-495,157,-122,0
524.309464931488,8632,6600,11184,-101,-79,108,7364,-9452,10276,-45,124,-165,-13616,4188,5740,-1032,81,-88,-13944,-5092,6376,-495,150,-136,0
524.3428430557251,8856,6532,11056,-146,-79,90,7296,-9216,10284,-42,133,-159,-13700,4172,5896,-1012,83,-55,-13952,-5092,6296,-487,139,-160,0
524.3764729499817,8672,6484,11220,-105,-63,94,7368,-9352,10364,-19,149,-151,-13652,4284,5752,-992,71,-74,-13972,-5112,6376,-497,148,-146,0
524.4096939563751,8692,6628,11364,-99,-67,100,7344,-9544,10296,-24,114,-152,-13620,4268,6140,-1278,90,-78,-13840,-5164,6384,-767,155,-126,0
524.4433951377869,8584,6556,11132,-109,-82,99,7372,-9288,10216,-33,150,-149,-13616,4200,5760,-774,69,-94,-13920,-5140,6436,-505,123,-136,0
524.4771370887756,8732,6608,11252,-123,-72,93,7324,-9276,10180,-55,133,-177,-13672,4224,5976,-978,100,-113,-13656,-4936,6352,-474,146,-169,0
524.5106499195099,8660,6516,11268,-113,-59,95,7364,-9288,10388,-52,136,-201,-13584,4268,5812,-989,85,-61,-13868,-4952,6608,-486,170,-121,0
524.5439851284027,8684,6508,11172,-135,-92,88,7368,-9384,10024,-55,143,-187,-13716,4200,5760,-1273,88,-67,-14048,-5084,6468,-499,156,-124,0
524.5776040554047,8572,6636,11296,-122,-86,105,7288,-9280,10544,-46,119,-174,-13600,4224,5988,-976,84,-128,-13864,-4904,6276,-505,149,-144,0
524.6110000610352,8544,6624,11220,-123,-100,120,7636,-9364,10432,-28,110,-185,-13672,4200,6036,-1023,95,-125,-13808,-5172,6628,-517,159,-117,0
524.6443610191345,8684,6876,11072,-123,-82,112,7340,-9308,10292,-54,134,-170,-13632,4204,5856,-1010,98,-61,-14064,-5192,6228,-494,158,-149,0
524.677964925766,8680,6644,11216,-115,-96,97,7400,-9360,10340,-17,158,-156,-13660,4116,6116,-990,98,-80,-13880,-5104,6552,-480,147,-128,0
524.7115521430969,8448,6628,11208,-132,-96,120,7416,-9348,10244,-34,139,-184,-13732,4272,5828,-1005,75,-48,-13896,-5308,6508,-484,144,-148,0
524.7451500892639,8668,6616,11280,-148,-68,105,7248,-9360,10492,-36,133,-176,-13640,4116,5936,-1024,108,-73,-13952,-5136,6484,-468,156,-94,0
524.7785880565643,8732,6656,11108,-135,-74,125,7340,-9256,10468,-47,150,-166,-13608,4216,5692,-979,116,-110,-13928,-5116,6400,-522,147,-126,0
524.8122191429138,8688,6580,11228,-152,-88,92,7380,-9312,10188,-14,149,-168,-13640,4232,5636,-1276,79,-114,-13928,-5036,6416,-519,165,-119,0
524.8457860946655,8628,6684,11192,-148,-82,85,7360,-9264,10276,22,135,-181,-13560,4248,5928,-994,96,-97,-13784,-5160,6376,-500,164,-113,0
524.8792369365692,8636,6620,11176,-106,-101,83,7372,-9300,10300,-35,168,-173,-13748,4172,5724,-979,99,-59,-13940,-5224,6444,-259,148,-105,0
524.9126250743866,8772,6572,11248,-130,-83,60,7324,-9396,10428,-45,135,-193,-13628,4292,5664,-999,126,-96,-13952,-5060,6440,-489,166,-89,0
524.9461960792542,8732,6516,11224,-161,-91,117,7292,-9360,10284,7,146,-163,-13640,4192,5728,-997,109,-82,-13880,-5064,6364,-492,183,-96,0
524.9795849323273,8552,6592,11076,-161,-95,114,7640,-9356,10436,-20,123,-190,-13640,4200,5900,-957,101,-82,-13924,-4940,6280,-479,132,-98,0
525.0176651477814,8584,6644,11224,-178,-140,80,7344,-9376,10380,-38,148,-193,-13608,4220,6048,-973,113,-150,-13768,-5144,6492,-532,151,-64,0
525.0528140068054,8684,6516,11212,-131,-145,138,7372,-9296,10296,-12,147,-210,-13660,4252,5816,-989,106,-125,-13888,-4984,6500,-259,195,-83,0
525.0885779857635,8732,6584,11508,-147,-135,133,7368,-9308,10296,-253,115,-233,-13696,4116,5776,-978,162,-153,-13912,-5324,6636,-267,250,-75,0
525.1238911151886,8688,6632,11324,-147,-157,146,7340,-9296,10460,4,113,-249,-13672,4276,5824,-1019,178,-137,-13852,-5360,6208,-488,204,-77,0
525.1592171192169,8648,6612,11348,-191,-195,142,7376,-9288,10300,253,119,-239,-13660,4268,5816,-978,161,-161,-13964,-5376,6448,-499,175,-60,0
525.1946420669556,8836,6628,11164,-183,-151,138,7388,-9356,10452,-18,106,-197,-13628,4224,6052,-948,149,-152,-14020,-5036,6392,-500,170,-85,0
525.2302529811859,8808,6560,11284,-195,-165,111,7404,-9316,10364,4,161,-192,-13608,4160,5848,-988,88,-128,-13792,-5136,6364,-496,188,-74,0
525.2660000324249,8632,6628,11036,-168,-136,149,7360,-9248,10420,-9,130,-197,-13688,4184,5672,-1010,140,-101,-13852,-5080,6376,-495,171,-69,0
525.302050113678,8724,6556,11056,-164,-155,110,7384,-9320,10336,239,111,-207,-13660,4344,5640,-970,133,-119,-13828,-5128,6572,-485,177,-80,0
525.337993144989,8488,6408,11128,-174,-158,95,7340,-9392,10336,-24,121,-224,-13620,4140,5876,-974,132,-90,-13968,-4972,6364,-483,188,-79,0
525.3733489513397,8676,6528,11288,-145,-167,127,7272,-9284,10404,-247,138,-207,-13712,4224,5744,-981,151,-170,-13628,-5016,6476,-490,205,-61,0
525.409234046936,8740,6600,11220,-171,-151,140,7348,-9380,10448,-10,124,-221,-13692,4252,5708,-967,174,-130,-14036,-5180,6484,-497,180,-74,0
525.4446439743042,8456,6576,11036,-167,-164,135,7468,-9372,10268,-255,136,-207,-13648,4136,5984,-999,168,-146,-13940,-5080,6452,-485,173,-92,0
525.4808330535889,8624,6604,11392,-180,-175,136,7348,-9296,10432,-13,129,-208,-13720,4256,5780,-1004,176,-144,-13680,-5036,6588,-488,208,-85,0
525.5174751281738,8784,6636,11124,-141,-160,131,7404,-9268,10412,-21,124,-208,-13760,4128,5652,-982,151,-150,-13900,-4876,6520,-522,173,-99,0
525.5523750782013,8756,6472,11116,-141,-159,129,7344,-9236,10284,-19,146,-196,-13684,4224,5704,-1074,167,-141,-13888,-5112,6436,-481,178,-71,0
525.5874440670013,8800,6512,11332,-204,-163,145,7228,-9340,10324,-27,118,-218,-13612,4164,5904,-971,153,-109,-13956,-5028,6460,-488,175,-89,0
525.6224279403687,8816,6520,11116,-140,-150,156,7192,-9460,10308,-12,158,-188,-13772,4192,5676,-993,149,-104,-13840,-5368,6396,-493,174,-84,0
525.6585690975189,8776,6536,11248,-159,-144,127,7460,-9396,10380,-16,101,-222,-13632,4128,6128,-1017,125,-96,-13828,-5008,6428,-508,207,-119,0
525.6921720504761,8760,6620,11160,-132,-129,120,7368,-9216,10504,37,109,-198,-13596,4144,5792,-1005,119,-99,-13840,-5144,6344,-511,154,-101,0
525.7256700992584,8916,6556,11132,-143,-142,98,7312,-9356,10384,-49,157,-211,-13680,4052,5700,-950,147,-132,-13908,-5036,6312,-482,201,-108,0
525.7593050003052,8720,6524,11336,-176,-156,110,7436,-9472,10248,-46,104,-223,-13608,4136,5608,-1071,136,-117,-13888,-5056,6392,-478,148,-133,0
525.7929141521454,8744,6512,11092,-115,-103,126,7360,-9184,10256,-51,114,-160,-13736,4336,5776,-992,74,-103,-14068,-5300,6240,-509,100,-146,0
525.8266019821167,8832,6512,11272,-132,-8,104,7444,-9276,10308,-51,150,-123,-13704,4112,5852,-1009,76,-56,-13928,-5072,6324,-511,94,-184,0
525.8601911067963,8760,6500,11200,-167,-37,63,7380,-9352,10320,-47,150,-155,-13652,4096,5832,-1005,72,-18,-13936,-5104,6316,-506,120,-163,0
525.8933570384979,8776,6596,11212,-117,-35,71,7488,-9052,10352,-23,132,-160,-13684,4156,5848,-1012,89,-83,-13904,-5016,6372,-523,119,-142,0
525.9269530773163,8784,6608,11408,-111,-55,57,7420,-9280,10356,-31,133,-178,-13652,4216,5744,-987,108,-79,-14080,-4888,6192,-503,168,-161,0
525.960618019104,8672,6484,11144,-120,-43,115,7424,-9276,10260,-8,112,-151,-13644,4192,5828,-1011,95,-121,-13872,-5308,6344,-455,139,-141,0
525.9941630363464,8692,6500,11328,-115,-65,75,7640,-9280,10444,-44,128,-182,-13776,4188,5940,-1005,59,-58,-14016,-5080,6484,-494,117,-141,0
526.027820110321,8668,6544,11268,-160,-29,65,7184,-9388,10744,-37,159,-164,-13668,4240,5628,-986,69,-74,-13896,-5068,6324,-501,120,-168,0
526.0613479614258,8740,6552,11284,-124,-28,46,7360,-9340,10368,-57,164,-145,-13660,4192,5672,-1017,41,-59,-13876,-5076,6472,-524,114,-143,0
526.0948760509491,8740,6484,11436,-108,-38,73,7316,-9308,10252,-57,147,-149,-13708,4120,5784,-973,57,-28,-13836,-5076,6324,-517,103,-147,0
526.1282570362091,8696,6556,11200,-111,-10,70,7296,-9356,10252,-68,152,-171,-13580,4176,5748,-1010,92,-82,-13756,-5188,6580,-510,103,-126,0
526.1618340015411,8712,6604,11104,-129,-39,63,7668,-9256,10416,-61,120,-175,-13616,4168,5888,-975,95,-110,-13896,-5328,6588,-484,144,-116,0
526.1955790519714,8696,6424,11516,-135,-40,80,7176,-9184,10288,-32,132,-153,-13660,4228,5988,-997,65,-64,-13892,-5064,6520,-487,142,-124,0
526.2291450500488,8748,6432,11248,-109,-33,83,7408,-9336,10348,-57,122,-182,-13608,4180,5872,-988,109,-81,-13892,-4880,6376,-482,123,-138,0
526.2627999782562,8524,6492,11232,-119,-48,92,7296,-9316,10356,-35,128,-170,-13656,4236,5656,-987,111,-58,-13912,-5064,6408,-483,117,-141,0
526.2964799404144,8672,6628,11036,-105,-26,82,7408,-9272,10368,-19,180,-169,-13692,4148,5884,-1011,60,-44,-13820,-5120,6400,-508,158,-143,0
526.3301389217377,8704,6624,11156,-127,-60,50,7356,-9380,10372,-36,158,-164,-13752,4108,6040,-997,67,-89,-13952,-5148,6184,-478,115,-151,0
526.3638849258423,8736,6588,11164,-106,-37,74,7308,-9316,10276,-45,151,-169,-13604,4180,5820,-1004,67,-92,-13976,-5120,6468,-476,114,-151,0
526.3972480297089,8764,6676,11248,-105,-37,90,7384,-9240,10316,-63,130,-147,-13680,4228,5864,-1004,76,-63,-13852,-5368,6196,-493,101,-131,0
526.4308650493622,8660,6524,11196,-122,-43,94,7364,-9400,10224,-55,120,-153,-13740,4260,5892,-1029,71,-94,-13908,-5180,6624,-520,143,-145,0
526.4645531177521,8680,6544,11504,-148,-55,98,7308,-9396,10184,-16,145,-139,-13812,4112,5808,-1023,37,-85,-13652,-5208,6472,-264,118,-145,0
526.4980940818787,8616,6632,11172,-105,-34,54,7396,-9308,10424,-75,151,-181,-13668,4196,5948,-1011,82,-59,-13876,-5180,6392,-506,126,-140,0
526.5317461490631,8696,6496,11380,-108,-52,59,7188,-9256,10344,-48,156,-168,-13716,3972,5736,-959,96,-87,-13996,-5192,6532,-502,146,-124,0
526.5651240348816,8696,6564,11288,-156,-57,93,7424,-9368,10188,-42,144,-170,-13680,4192,5852,-983,101,-72,-13900,-5120,6344,-492,167,-134,0
526.5986819267273,8940,6624,11096,-119,-45,106,7500,-9296,10260,241,78,-155,-13680,4080,5920,-988,53,-88,-13880,-5220,6436,-491,107,-168,0
526.632187128067,8548,6588,11020,-145,-24,82,7500,-9312,10328,-55,164,-119,-13672,4120,5844,-1009,52,-61,-13944,-5300,6464,-514,93,-134,0
526.6652839183807,8744,6632,11136,-123,-79,82,7472,-9308,10556,-67,151,-157,-13680,4332,5820,-977,89,-104,-13912,-5300,6216,-541,134,-138,0
526.7032051086426,8924,6516,11196,-117,-50,86,7404,-9240,10460,-39,129,-182,-13712,4168,5860,-1008,79,-25,-13868,-5040,6428,-501,180,-113,0
526.7391200065613,8708,6588,11220,-125,-80,111,7272,-9332,10376,-12,110,-169,-13588,4232,5884,-1027,110,-109,-13912,-5148,6476,-488,183,-97,0
526.7739200592041,8660,6576,11196,-117,-70,95,7412,-9388,10368,-37,145,-186,-13660,4200,6044,-1001,108,-66,-13908,-5128,6524,-483,155,-109,0
526.8092489242554,8672,6592,11180,-143,-62,107,7640,-9396,10452,-63,121,-199,-13600,4228,5896,-1279,84,-124,-13880,-5076,6500,-491,149,-111,0
526.8448629379272,8684,6620,11332,-158,-51,77,7364,-9344,10296,-17,158,-166,-13824,4288,5548,-970,96,-73,-13888,-5164,6604,-495,163,-131,0
526.8801181316376,8616,6460,11164,-124,-45,98,7188,-9288,10400,-21,145,-161,-13680,4184,5788,-1009,51,-88,-13980,-5072,6452,-499,152,-122,0
526.9156210422516,8672,6576,11464,-136,-57,107,7388,-9284,10208,-51,139,-170,-13520,4108,5796,-1007,98,-82,-13840,-5124,6424,-528,150,-116,0
526.9512701034546,8676,6632,11260,-145,-59,89,7312,-9284,10404,-50,134,-161,-13672,4204,5864,-984,82,-78,-13820,-5116,6500,-509,148,-126,0
526.9876689910889,8572,6588,11352,-140,-75,108,7328,-9304,10356,-31,151,-153,-13608,4120,6068,-1018,95,-86,-14068,-5112,6324,-493,169,-116,0
527.0253059864044,8912,6640,11312,-119,-62,120,7444,-9252,10332,-13,128,-165,-13480,4244,5848,-998,99,-106,-13996,-5212,6144,-488,170,-92,0
527.0616700649261,8684,6632,11288,-134,-73,112,7296,-9336,10280,-28,138,-167,-13608,4108,5936,-999,117,-68,-13920,-5060,6408,-514,172,-117,0
527.097855091095,8616,6588,11216,-120,-87,115,7416,-9260,10312,-14,142,-174,-13636,4188,5736,-1005,96,-78,-13852,-5176,6492,-529,160,-129,0
527.1333439350128,8644,6656,11236,-124,-64,104,7336,-9408,10368,-22,150,-177,-13644,4236,5928,-1020,100,-114,-13856,-5072,6556,-497,146,-125,0
527.168704032898,8456,6420,11308,-157,-58,87,7296,-9304,10412,-15,144,-153,-13656,4200,5932,-1013,93,-117,-13904,-4976,6536,-472,158,-96,0
527.2039361000061,8568,6616,11272,-176,-53,114,7348,-9344,10280,254,157,-197,-13604,4124,5864,-1011,128,-98,-13844,-5172,6580,-477,176,-97,0
527.2393980026245,8700,6524,11512,-187,-85,151,7336,-9316,10440,-16,118,-206,-13684,4164,5816,-980,122,-87,-13844,-5172,6456,-471,161,-113,0
527.2743351459503,8664,6632,11028,-147,-109,121,7320,-9340,10308,-27,154,-202,-13732,4296,5860,-984,127,-107,-13912,-5156,6580,-520,183,-89,0
527.3116400241852,8636,6608,11216,-173,-127,117,7400,-9340,10404,16,148,-221,-13332,4296,5976,-1013,127,-98,-14064,-5216,6556,-519,182,-99,0
527.3451681137085,8612,6400,11440,-136,-121,136,7348,-9236,10452,-250,123,-198,-13808,4240,6044,-994,116,-151,-13648,-5336,6604,-513,180,-79,0
527.3786690235138,8456,6816,11132,-163,-127,123,7348,-9252,10276,-55,137,-214,-13672,4152,5884,-964,130,-125,-13892,-5116,6564,-496,210,-56,0
527.4120700359344,8576,6600,11320,-203,-127,144,7404,-9344,10148,11,119,-203,-13676,4228,6092,-969,163,-138,-13860,-5044,6172,-452,208,-59,0
527.4456861019135,8948,6532,11052,-181,-137,137,7240,-9272,10368,253,130,-188,-13612,4200,6076,-970,127,-91,-13940,-5256,6156,-481,166,-50,0
527.4789731502533,8692,6432,11324,-174,-147,152,7412,-9360,10324,-21,140,-180,-13640,4212,5928,-964,148,-76,-13572,-5188,6236,-477,134,-57,0
527.5125079154968,8628,6620,11364,-205,-124,139,7344,-9284,10376,-30,167,-193,-13644,3908,6032,-984,150,-97,-13792,-5192,6164,-500,177,-84,0
527.5458250045776,8672,6604,11428,-166,-128,167,7588,-9312,10396,-2,138,-214,-13700,4184,5868,-995,126,-143,-13828,-5088,6372,-540,190,-86,0
527.5792870521545,8948,6556,11460,-153,-170,136,7260,-9312,10368,11,121,-216,-13676,4212,5800,-997,159,-163,-13632,-5332,6412,-508,229,-76,0
527.6129429340363,8952,6524,11252,-183,-155,166,7320,-9248,10304,2,120,-230,-13620,4140,5756,-1021,167,-120,-13888,-5036,6372,-506,242,-56,0
527.6464669704437,8668,6596,11252,-161,-197,153,7240,-9308,10244,252,128,-248,-13688,4292,5804,-997,189,-112,-13832,-5132,6452,-458,190,-49,0
527.6795160770416,8720,6576,11140,-203,-174,159,7376,-9344,10348,254,129,-215,-13736,4172,6012,-984,182,-137,-13840,-5156,6420,-491,178,-68,0
527.7126870155334,8656,6552,11408,-192,-189,162,7336,-9284,10288,-22,133,-209,-13648,4248,5796,-1015,134,-135,-13872,-5084,6460,-523,204,-82,0
527.7462160587311,8740,6572,11360,-188,-190,171,7388,-9232,10116,-8,124,-178,-13716,4280,5716,-997,163,-127,-14024,-5080,6544,-483,160,-110,0
527.7799251079559,8720,6624,11148,-154,-160,169,7516,-9260,10420,-18,123,-193,-13708,4208,5872,-995,177,-117,-13892,-5064,6288,-500,185,-83,0
527.8135149478912,8744,6448,11356,-168,-202,137,7364,-9300,10416,-17,116,-229,-13688,4156,5848,-972,152,-108,-13944,-4960,6292,-486,150,-109,0
527.8471510410309,8632,6508,11220,-177,-183,114,7340,-9396,10512,27,127,-195,-13720,4140,6112,-994,127,-127,-13884,-5048,6396,-479,204,-69,0
527.8804919719696,8720,6636,11200,-176,-187,141,7372,-9360,10260,2,44,-204,-13676,4116,5772,-975,158,-141,-13896,-4928,6456,-496,184,-68,0
527.9139161109924,8760,6424,11260,-167,-185,134,7176,-9444,10372,-11,112,-216,-13736,4144,5840,-983,147,-170,-13872,-4972,6448,-494,178,-96,0
527.9477639198303,8764,6564,11404,-151,-187,137,7408,-9300,10280,-19,118,-221,-13708,3868,5640,-989,117,-115,-13872,-5024,6372,-520,166,-72,0
527.9811549186707,8712,6600,11140,-130,-155,131,7408,-9296,10368,-23,115,-210,-13656,4164,6088,-1009,134,-90,-13924,-4968,6460,-261,176,-112,0
528.0147819519043,8788,6520,11088,-146,-138,110,7356,-9312,10172,-27,128,-205,-13584,4300,5772,-994,173,-42,-14068,-5104,6336,-487,147,-105,0
528.0484149456024,8916,6540,11252,-153,-126,133,7448,-9188,10308,-55,92,-197,-13688,4136,5784,-1002,112,-80,-13960,-5040,6368,-501,137,-91,0
528.081885099411,8864,6508,11088,-137,-132,105,7484,-9268,10252,-39,123,-182,-13728,4080,5684,-1050,91,-104,-13976,-4992,6444,-258,122,-138,0
528.1153070926666,8692,6392,11040,-177,-35,59,7516,-9004,10348,2,149,-167,-13600,4104,5836,-770,112,-68,-13920,-5084,6456,-496,105,-136,0
528.1488361358643,8768,6556,11208,-140,-10,56,7468,-9248,10276,-56,142,-160,-13724,4108,5620,-1003,105,-18,-13932,-5312,6604,-492,117,-143,0
528.1821789741516,8792,6540,11188,-129,-12,51,7636,-9392,10424,-47,145,-183,-13748,4140,5896,-956,83,-42,-13924,-5080,6400,-494,154,-150,0
528.2156879901886,8788,6436,11284,-122,-88,100,7464,-9324,10300,-25,122,-158,-13680,4140,5804,-1022,47,-89,-13896,-5148,6480,-501,120,-163,0
528.2492270469666,8788,6448,11072,-118,-9,86,7400,-9176,10368,-34,141,-128,-13708,4236,5672,-995,69,-59,-13924,-5044,6460,-492,84,-170,0
528.2826380729675,8588,6592,11156,-149,-254,76,7360,-9236,10416,-35,153,-127,-13728,4064,5928,-1018,69,-40,-13804,-5252,6508,-491,85,-137,0
528.3163690567017,8688,6520,11032,-149,-19,49,7384,-9276,10252,-77,155,-157,-13688,4140,5756,-982,58,-47,-13908,-5072,6512,-505,109,-148,0
528.3522479534149,8772,6548,11240,-97,-41,92,7380,-9236,10376,-45,157,-144,-13792,4128,5872,-1010,43,-66,-13904,-5028,6464,-502,106,-162,0
528.3877711296082,8856,6400,11008,-147,-34,73,7352,-9260,10252,-39,118,-175,-13352,3848,5712,-995,110,-49,-13876,-5000,6344,-768,146,-153,0
528.4229919910431,8804,6520,11096,-115,-35,94,7316,-9308,10324,-51,109,-180,-13636,4208,5820,-999,96,-79,-13852,-4880,6376,-510,138,-145,0
528.4580690860748,8704,6548,11328,-119,-62,84,7424,-9288,10392,-50,131,-167,-13692,4216,5848,-963,82,-68,-13932,-5112,6496,-485,128,-166,0
528.4937789440155,8820,6540,11228,-145,-59,85,7480,-9344,10320,-25,154,-170,-13748,4208,5496,-970,63,-85,-13940,-5080,6648,-502,147,-142,0
528.529214143753,8764,6520,11140,-108,-15,74,7388,-9356,10356,-31,144,-147,-13696,4128,5796,-1050,64,-53,-13816,-5116,6316,-485,85,-128,0
528.5640881061554,8580,6548,11128,-97,-6,90,7428,-9288,10356,-24,159,-160,-13612,4204,5816,-1010,58,-64,-13896,-5104,6416,-500,132,-158,0
528.600594997406,8632,6460,11132,-106,-16,45,7376,-9372,10428,-70,159,-144,-13724,4148,6052,-989,55,-93,-13888,-5036,6372,-511,130,-174,0
528.6361589431763,8700,6556,11140,-122,-28,75,7396,-9320,10440,-255,104,-145,-13672,4100,5860,-986,71,-44,-14036,-4928,6484,-487,141,-113,0
528.6718120574951,8648,6560,11012,-118,-29,78,7360,-9268,10272,-41,119,-172,-13676,4128,5808,-1007,113,-97,-13912,-5372,6544,-259,118,-148,0
528.7081370353699,8636,6528,11256,-84,-66,81,7312,-9324,10260,-48,144,-184,-13664,4148,5920,-980,108,-118,-14044,-5004,6596,-501,129,-159,0
528.743763923645,8684,6596,11148,-111,-59,79,7388,-9284,10468,-13,196,-180,-13732,4164,5816,-1038,100,-56,-13924,-5092,6400,-507,148,-133,0
528.7793989181519,8624,6580,11308,-119,-48,57,7408,-9308,10360,-71,132,-160,-13692,4144,5884,-1008,101,-84,-13932,-5052,6392,-503,155,-156,0
528.8143789768219,8744,6544,11220,-101,-33,77,7232,-9276,10464,-60,149,-168,-13696,4272,5792,-1012,74,-45,-13976,-5024,6456,-512,109,-126,0
528.8495111465454,8696,6572,11164,-91,-20,89,7236,-9348,10460,-35,141,-151,-13696,4196,5768,-1043,60,-97,-13856,-5100,6468,-757,116,-138,0
528.8849420547485,8676,6516,11488,-141,-31,83,7188,-9272,10368,-10,140,-140,-13628,4124,5676,-990,56,-29,-13932,-5348,6188,-510,106,-125,0
528.9204931259155,8688,6660,11204,-104,-47,84,7344,-9316,10400,-43,157,-164,-13624,4196,6044,-994,81,-74,-13880,-5072,6376,-495,147,-125,0
528.9559230804443,8712,6540,11132,-113,-60,72,7328,-9380,10236,-54,134,-195,-13660,4232,5932,-986,99,-125,-13840,-5056,6452,-485,149,-132,0
528.9918401241302,8724,6808,11180,-125,-29,106,7256,-9300,10284,1,131,-136,-13684,4128,5804,-1029,102,-67,-14076,-5168,6532,-493,149,-136,0
529.0277719497681,8628,6584,11132,-137,-34,79,7412,-9280,10308,-56,122,-132,-13680,4248,5776,-1006,87,-48,-13836,-5100,6468,-493,99,-126,0
529.0612690448761,8640,6568,11312,-129,-58,102,7180,-9240,10424,-43,215,-141,-13628,4220,5804,-963,82,-34,-13900,-5128,6568,-493,125,-141,0
529.0947840213776,8668,6504,11240,-119,-67,102,7240,-9320,10596,-59,148,-171,-13356,4196,6092,-989,94,-75,-13932,-5068,6344,-766,140,-127,0
529.1282460689545,8620,6556,11232,-130,-60,90,7352,-9340,10384,-8,155,-161,-13656,4204,5904,-995,125,-74,-13888,-5052,6528,-532,150,-113,0
529.16162109375,8456,6560,11412,-108,-62,93,7388,-9284,10460,-23,86,-191,-13564,4224,5828,-991,127,-85,-13872,-5164,6560,-515,191,-103,0
529.1949670314789,8580,6624,11440,-146,-85,106,7388,-9412,10380,-254,167,-191,-13656,4288,5792,-980,114,-88,-13892,-5060,6412,-482,171,-94,0
529.228716135025,8556,6400,11148,-169,-48,103,7444,-9316,10432,5,140,-197,-13580,4256,5808,-975,133,-82,-13964,-4968,6432,-485,158,-97,0
529.2623689174652,8596,6784,11512,-155,-54,99,7244,-9340,10324,21,158,-189,-13616,4204,5708,-1009,94,-115,-13996,-5340,6528,-499,175,-119,0
529.2958490848541,8608,6508,11276,-175,-92,103,7312,-9220,10412,-13,133,-208,-13684,4144,5828,-988,107,-129,-13872,-5196,6428,-520,147,-96,0
529.329216003418,8624,6572,11484,-144,-135,114,7308,-9296,10308,-29,118,-211,-13636,4184,5936,-968,126,-156,-13920,-5272,6492,-765,172,-127,0
529.3628530502319,8636,6624,11208,-154,-162,107,7368,-9324,10332,-4,147,-195,-13396,4148,5892,-970,130,-135,-13744,-5096,6428,-506,204,-103,0
529.3962371349335,8624,6556,11256,-158,-171,131,7244,-9268,10336,1,134,-232,-13628,4232,5648,-991,164,-122,-13960,-5020,6600,-485,201,-70,0
529.4301199913025,8664,6680,11296,-186,-169,140,7376,-9464,10128,252,118,-207,-13588,4216,5764,-1013,177,-114,-13924,-5000,6356,-472,208,-77,0
529.4637520313263,8668,6600,11224,-188,-149,149,7332,-9464,10124,12,131,-221,-13640,4268,5688,-988,189,-160,-13968,-5120,6536,-500,219,-62,0
529.4973950386047,8736,6604,11304,-154,-166,157,7412,-9308,10280,-253,109,-202,-13608,4140,5792,-963,153,-161,-13988,-5124,6584,-479,200,-70,0
529.5310430526733,8572,6596,11496,-168,-163,168,7472,-9336,10284,6,129,-204,-13704,4132,5864,-995,131,-164,-13904,-5092,6364,-510,220,-53,0
529.564768075943,8576,6608,11132,-168,-175,131,7364,-9248,10320,-6,121,-207,-13636,4228,5904,-1008,156,-136,-13880,-5360,6408,-502,196,-52,0
529.5979981422424,8708,6516,11204,-165,-124,132,7488,-9268,10276,-9,132,-189,-13736,4164,5696,-1003,170,-71,-13920,-4876,6376,-493,174,-71,0
529.631462097168,8720,6704,11228,-168,-167,154,7340,-9360,10212,-36,125,-182,-13716,4292,5884,-972,116,-120,-13896,-4912,6528,-515,181,-63,0
529.6649811267853,8732,6484,11056,-174,-110,130,7500,-9296,10272,-6,141,-184,-13688,4100,5692,-999,128,-133,-13604,-4888,6532,-478,160,-98,0
529.6985409259796,8680,6532,11372,-171,-159,139,7288,-9256,10280,19,125,-204,-13632,3868,5808,-1014,155,-145,-13824,-5208,6640,-477,175,-71,0
529.7322261333466,8920,6528,11144,-184,-180,123,7388,-9352,10460,-28,124,-247,-13688,4244,5836,-978,165,-173,-13936,-4928,6612,-482,205,-42,0
529.7657389640808,8456,6536,11048,-200,-166,136,7352,-9368,10380,-5,131,-214,-13740,4300,5884,-961,166,-132,-13896,-4936,6300,-491,207,-69,0
529.7991490364075,8856,6516,11104,-171,-143,150,7284,-9224,10360,-254,113,-179,-13632,4136,5936,-980,147,-87,-13900,-5172,6388,-490,140,-112,0
529.8329060077667,8896,6612,11396,-150,-119,115,7376,-9416,10388,2,151,-179,-13668,4208,5716,-1024,200,-27,-13852,-5120,6524,-491,126,-75,0
529.8666379451752,8664,6548,11256,-177,-135,130,7316,-9364,10304,-46,128,-210,-13692,4168,5916,-1026,132,-112,-14036,-5064,6532,-486,142,-109,0
529.8998861312866,8852,6604,11028,-133,-153,139,7328,-9296,10424,-16,142,-193,-13584,4092,5740,-1014,129,-123,-13888,-5016,6328,-525,192,-87,0
529.9336380958557,8664,6476,11276,-137,-161,137,7420,-9360,10192,-7,114,-204,-13648,4160,5664,-772,145,-160,-13840,-4888,6584,-493,184,-93,0
529.9673421382904,8736,6516,11232,-113,-135,112,7384,-9268,10440,-50,82,-226,-13756,4144,5792,-988,149,-130,-13852,-5084,6376,-509,202,-112,0
530.0007309913635,8760,6476,11188,-128,-172,120,7468,-9216,10064,-44,104,-218,-13632,4228,5716,-993,113,-75,-13960,-5068,6328,-482,161,-152,0
530.0375609397888,8800,6612,11212,-111,-58,91,7364,-9224,10344,-50,148,-174,-13772,4120,5696,-980,78,-78,-13900,-5080,6568,-507,113,-149,0
530.0726699829102,8784,6548,11140,-132,-32,91,7632,-9280,10360,-15,157,-162,-13756,4116,5760,-997,61,-87,-13840,-5108,6512,-511,117,-178,0
530.1077470779419,8744,6548,11192,-132,-42,74,7184,-9204,10316,-19,132,-174,-13624,4348,5796,-784,69,-67,-13968,-4948,6420,-509,112,-152,0
530.1433861255646,8788,6540,11172,-126,-33,74,7428,-9224,10288,-44,136,-169,-13668,4132,6020,-992,63,-65,-13832,-5076,6492,-510,124,-148,0
530.1792359352112,8732,6480,11288,-107,-80,71,7332,-9224,10284,-50,149,-170,-13580,4128,5916,-1004,81,-78,-13876,-5040,6416,-510,119,-150,0
530.2138509750366,8744,6500,11288,-107,-36,100,7424,-9248,10316,-20,134,-148,-13616,4056,5916,-993,117,-53,-13608,-5216,6540,-521,104,-131,0
530.2495400905609,8500,6520,11188,-106,-33,92,7328,-9280,10524,-56,128,-150,-13720,4140,5700,-997,84,-106,-13884,-5104,6376,-757,111,-134,0
530.2849290370941,8676,6524,11108,-118,-28,92,7416,-9172,10280,-46,153,-182,-13772,4260,5756,-995,82,-85,-13828,-5180,6364,-493,122,-135,0
530.3205461502075,8724,6564,11036,-99,-52,81,7172,-9312,10432,-33,131,-167,-13672,4344,5920,-1279,86,-65,-13884,-5344,6644,-492,125,-149,0
530.3562531471252,8660,6492,11068,-134,-67,79,7384,-9264,10320,-47,131,-177,-13660,4176,5876,-992,74,-82,-13988,-5308,6444,-485,136,-122,0
530.3918719291687,8708,6484,11172,-88,-32,85,7656,-9240,10380,-76,143,-161,-13700,4248,5812,-988,66,-43,-13924,-5000,6592,-547,106,-128,0
530.4282619953156,8744,6580,11280,-88,-32,82,7372,-9344,10204,-21,148,-157,-13724,4268,5832,-1002,52,-38,-13780,-5140,6328,-765,114,-151,0
530.4633181095123,8732,6580,11028,-109,-39,71,7340,-9316,10228,-3,136,-138,-13752,4108,5792,-1009,52,-86,-13888,-4920,6180,-763,108,-125,0
530.4993050098419,8736,6648,11248,-112,-59,73,7412,-9228,10308,-67,183,-172,-13764,4120,5768,-975,65,-68,-13888,-5152,6288,-261,156,-136,0
530.534716129303,8624,6584,11320,-131,-25,63,7376,-9240,10340,-39,139,-160,-13672,4188,5856,-988,87,-81,-13924,-5088,6452,-497,112,-117,0
530.5706250667572,8716,6580,11208,-104,-43,92,7396,-9360,10280,-31,161,-145,-13676,4200,5696,-999,85,-89,-13928,-5124,6468,-489,120,-158,0
530.605495929718,8608,6544,11032,-114,-28,69,7300,-9420,10444,-43,152,-122,-13548,4216,5848,-998,61,-28,-13640,-5352,6404,-502,91,-161,0
530.6408500671387,8576,6644,11236,-148,-72,74,7312,-9348,10264,-60,158,-152,-13792,4204,5964,-963,76,-106,-13876,-5244,6556,-765,129,-155,0
530.6758859157562,8716,6672,11148,-100,-42,91,7344,-9312,10452,-51,161,-168,-13596,4136,6088,-1005,67,-85,-13936,-5032,6388,-530,165,-174,0
530.7116389274597,8652,6564,11148,-124,-79,81,7420,-9240,10368,-21,146,-191,-13588,4116,5780,-1011,81,-30,-13792,-5036,6464,-764,167,-129,0
530.7450220584869,8652,6588,11272,-102,-68,63,7308,-9256,10172,-27,95,-192,-13572,4220,5836,-1030,131,-104,-13860,-5356,6384,-512,178,-103,0
530.7785589694977,8672,6580,11500,-130,-115,71,7372,-9304,10304,58,51,-192,-13696,4224,6036,-986,127,-109,-13816,-5132,6440,-512,146,-101,0
530.8121929168701,8780,6644,11056,-139,-60,109,7332,-9224,10312,-36,133,-176,-13636,4204,5792,-969,88,-72,-14056,-5112,6384,-761,130,-129,0
530.8455419540405,8956,6516,11156,-103,-45,81,7428,-9320,10244,-24,152,-161,-13636,4204,5796,-1009,33,-84,-13876,-5012,6408,-512,133,-139,0
530.8790400028229,8576,6652,11164,-119,-54,80,7236,-9316,10324,-37,135,-156,-13772,4244,5892,-994,84,-52,-13960,-5084,6524,-261,137,-127,0
530.912425994873,8588,6644,11168,-116,-60,86,7180,-9296,10356,-107,132,-183,-13720,4100,6000,-989,82,-46,-13904,-5140,6480,-496,159,-158,0
530.9460959434509,8692,6504,11252,-134,-87,83,7656,-9332,10376,-38,140,-168,-13680,4264,5972,-989,104,-102,-13928,-5084,6420,-267,146,-115,0
530.979768037796,8472,6528,11020,-139,-62,104,7400,-9380,10440,-41,165,-175,-13676,4180,5692,-998,76,-98,-13848,-4948,6536,-506,176,-122,0
531.0134191513062,8920,6572,11232,-120,-53,109,7396,-9340,10356,-38,115,-199,-13596,4236,5820,-990,111,-100,-13828,-5088,6488,-259,162,-117,0
531.0471079349518,8492,6644,11064,-136,-70,127,7372,-9392,10312,-22,107,-185,-13628,4200,5956,-994,120,-92,-13944,-4968,6284,-502,171,-117,0
531.080225944519,8688,6600,11212,-138,-71,115,7468,-9276,10408,-8,147,-171,-13716,4288,6096,-1012,115,-74,-13708,-5180,6468,-512,158,-139,0
531.113755941391,8660,6416,11312,-128,-53,126,7324,-9324,10428,-9,149,-186,-13676,4172,5868,-991,122,-130,-13936,-5136,6520,-488,186,-101,0
531.1471440792084,8596,6588,11316,-161,-90,98,7352,-9288,10216,10,134,-192,-13620,4172,5980,-1004,149,-149,-13904,-5152,6580,-493,210,-72,0
531.192831993103,8584,6632,11404,-159,-135,143,7292,-9340,10348,-30,107,-190,-13724,4176,5988,-998,120,-150,-13600,-5036,6628,-257,159,-76,0
531.2370591163635,8944,6592,11348,-193,-150,139,7204,-9324,10456,17,140,-183,-13712,4108,5928,-1015,128,-134,-13624,-5164,6612,-501,172,-105,0
531.2751150131226,8636,6616,11240,-169,-121,130,7364,-9240,10528,-3,151,-215,-13608,4188,6048,-978,167,-148,-13832,-5248,6464,-496,187,-84,0
531.3089489936829,8652,6644,11352,-174,-184,125,7404,-9336,10204,-2,158,-224,-13760,4168,5780,-977,150,-151,-13860,-5212,6416,-482,242,-65,0
531.3424589633942,8684,6584,11508,-200,-157,125,7552,-9320,10252,18,133,-221,-13696,4228,5712,-1000,162,-129,-13976,-5012,6428,-492,218,-64,0
531.3759109973907,8672,6580,11312,-169,-162,126,7340,-9148,10340,-252,131,-176,-13688,4108,5884,-990,179,-109,-13884,-5140,6416,-474,162,-58,0
531.4092190265656,8676,6532,11120,-191,-118,164,7460,-9272,10232,-15,130,-201,-13648,4348,5944,-973,171,-146,-13984,-5092,6492,-456,129,-82,0
531.4429359436035,8664,6496,11388,-192,-161,136,7316,-9284,10364,-14,135,-203,-13708,4196,5648,-967,138,-173,-13892,-5048,6276,-473,180,-74,0
531.4768249988556,8464,6592,11500,-136,-143,171,7324,-9368,10372,-20,134,-193,-13672,3856,5648,-1000,128,-170,-13928,-5084,6652,-496,207,-76,0
531.5105209350586,8952,6568,11216,-163,-187,162,7552,-9284,10320,11,141,-242,-13600,4200,5732,-1006,150,-150,-14056,-5332,6444,-499,241,-78,0
531.5439550876617,8944,6512,11220,-118,-154,164,7416,-8968,10408,-3,101,-232,-13728,4140,5732,-1011,190,-113,-13860,-5084,6560,-491,234,-78,0
531.5774829387665,8660,6616,11160,-176,-193,160,7208,-9340,10400,-11,126,-212,-13664,4196,5804,-999,218,-168,-13596,-5284,6460,-492,215,-46,0
531.6110961437225,8636,6408,11204,-178,-147,123,7360,-9268,10252,-15,136,-207,-13676,4196,6004,-993,162,-151,-13848,-4904,6460,-476,199,-57,0
531.6444840431213,8456,6576,11172,-168,-170,127,7220,-9252,10276,27,91,-234,-13752,4036,5796,-1005,124,-115,-13896,-5288,6288,-490,184,-99,0
531.6780209541321,8800,6644,11224,-170,-180,142,7340,-9156,10308,-6,129,-199,-13652,4140,5960,-1275,143,-116,-13912,-5152,6340,-462,165,-61,0
531.7139101028442,8688,6560,11168,-183,-166,130,7384,-9216,10304,-20,147,-216,-13604,4212,5628,-1024,133,-143,-13896,-4980,6240,-485,169,-93,0
531.7494111061096,8820,6444,11176,-162,-147,110,7408,-9240,10256,-19,147,-201,-13716,4164,5680,-1002,115,-110,-13964,-5108,6288,-518,163,-92,0
531.7844860553741,8744,6472,11208,-158,-153,133,7364,-9240,10496,-14,64,-228,-13800,4116,5888,-1004,124,-124,-14040,-5052,6432,-511,196,-93,0
531.8212449550629,8804,6544,11184,-130,-144,120,7180,-9244,10428,-35,97,-236,-13764,4184,5788,-986,122,-111,-13936,-5024,6144,-508,180,-140,0
531.8562481403351,8828,6556,11084,-134,-141,96,7428,-9352,10312,-54,123,-207,-13672,4068,5568,-1020,121,-112,-14008,-4996,6436,-535,159,-119,0
531.8923461437225,8632,6492,11200,-119,-94,94,7468,-9208,10284,-29,157,-192,-13684,4328,5764,-1014,103,-117,-13844,-5080,6468,-492,160,-145,0
531.9275031089783,8828,6476,11116,-159,-34,81,7464,-9224,10284,-37,151,-153,-13596,4224,5788,-1001,95,-82,-13964,-5184,6380,-484,115,-134,0
531.9633519649506,8732,6212,11124,-137,-61,66,7492,-9304,10288,-46,164,-128,-13700,4156,5876,-1006,63,-68,-13908,-5052,6240,-503,103,-149,0
531.9993591308594,8956,6568,11356,-131,-23,67,7516,-9340,10472,-14,128,-136,-13760,4120,5784,-1269,60,-94,-13860,-5096,6380,-507,118,-167,0
532.0389640331268,8704,6576,11168,-90,-60,68,7348,-9232,10304,-45,132,-156,-13688,4216,5756,-998,66,-70,-13896,-4968,6624,-260,122,-134,0
532.074126958847,8612,6472,11420,-112,-24,73,7400,-9264,10012,-35,134,-173,-13684,4120,5752,-933,64,-89,-13864,-4884,6584,-503,118,-123,0
532.1100280284882,8744,6528,11348,-150,-24,82,7476,-9356,10480,-26,163,-152,-13620,4200,5744,-995,86,-1,-13852,-5104,6464,-481,112,-151,0
532.1454899311066,8740,6612,11352,-113,30,98,7368,-9236,10484,-24,179,-114,-13652,3932,5900,-974,67,-42,-13904,-4948,6412,-459,58,-154,0
532.1813399791718,8656,6584,11320,-129,-26,71,7368,-9308,10316,-60,173,-140,-13660,4208,5880,-991,91,-53,-13924,-5112,6364,-499,85,-157,0
532.2177710533142,8728,6576,11212,-121,-50,71,7272,-9312,10284,-56,118,-165,-13696,4128,5664,-975,60,-79,-13916,-5088,6456,-262,151,-151,0
532.2525389194489,8756,6604,11124,-135,-54,87,7420,-9272,10492,-74,122,-160,-13708,4132,5952,-977,115,-96,-13836,-5028,6264,-527,136,-174,0
532.2880909442902,8792,6592,11256,-83,-17,71,7420,-9188,10340,-22,157,-184,-13672,4344,5768,-997,90,-50,-14072,-5296,6592,-517,150,-132,0
532.3233671188354,8612,6628,11124,-104,-67,70,7440,-9376,10300,-46,137,-183,-13816,4136,5892,-994,84,-80,-13932,-5128,6388,-484,148,-152,0
532.3611030578613,8604,6528,11380,-131,-45,86,7296,-9292,10420,-49,156,-178,-13812,4140,5868,-966,101,-118,-13924,-5056,6524,-469,92,-157,0
532.3942949771881,8876,6556,11484,-118,-19,80,7188,-9316,10336,-50,164,-146,-13728,4272,5660,-972,60,-55,-13872,-5088,6548,-504,137,-170,0
532.4278020858765,8728,6616,11168,-98,-38,70,7392,-9348,10344,-35,161,-149,-13680,4244,5860,-1002,51,-16,-13940,-5188,6620,-524,128,-147,0
532.4613840579987,8784,6636,11116,-91,-42,86,7300,-9368,10252,-43,156,-159,-13708,4188,6120,-992,62,-40,-13908,-5332,6612,-526,135,-149,0
532.494796037674,8692,6632,11100,-134,-48,51,7172,-9324,10108,-43,144,-167,-13708,4104,5672,-971,63,-64,-13916,-5272,6500,-480,147,-127,0
532.5282981395721,8884,6644,11460,-125,-66,81,7212,-9304,10244,-34,163,-151,-13584,4228,5832,-868,54,-91,-13872,-5052,6512,-508,153,-120,0
532.5618200302124,8596,6540,11052,-119,-73,102,7400,-9264,10328,-40,126,-161,-13724,4240,5864,-994,88,-67,-13856,-4916,6432,-509,137,-124,0
532.5950729846954,8572,6520,11220,-100,-40,92,7400,-9320,10404,-38,134,-196,-13748,4236,5880,-974,103,-65,-14048,-4944,6608,-497,128,-149,0
532.6287140846252,8560,6424,11060,-98,-54,99,7360,-9356,10512,-31,133,-163,-13724,4180,5980,-965,108,-88,-14076,-5200,6448,-767,159,-106,0
532.6620841026306,8620,6612,11296,-137,-76,90,7584,-9316,10400,-31,99,-164,-13680,4224,5852,-1009,113,-109,-13892,-4908,6556,-498,136,-100,0
532.6955361366272,8684,6572,11048,-130,-54,117,7204,-9464,10372,-44,143,-196,-13648,4208,5804,-1025,123,-114,-13860,-5056,6444,-480,98,-117,0
532.729131937027,8648,6556,11260,-141,-76,103,7304,-9260,10412,-43,138,-151,-13748,4160,5716,-1009,104,-76,-13924,-5168,6416,-530,131,-131,0
532.762216091156,8680,6644,11312,-166,-54,91,7656,-9412,10344,-6,141,-161,-13688,4148,5968,-1028,85,-49,-13788,-5104,6512,-485,120,-130,0
532.7958679199219,8676,6580,11224,-121,-38,95,7320,-9296,10368,-39,138,-160,-13724,3968,5988,-975,48,-65,-13700,-5132,6400,-501,110,-130,0
532.8294589519501,8628,6676,11252,-117,-69,78,7304,-9316,10288,-62,154,-195,-13760,4212,5736,-973,100,-117,-13896,-5076,6536,-502,153,-139,0
532.8629369735718,8596,6548,11268,-106,-55,86,7364,-9360,10512,-51,139,-165,-13700,4220,6128,-989,78,-73,-13888,-5148,6480,-470,146,-116,0
532.8960680961609,8708,6508,11256,-77,-49,94,7400,-9280,10384,-28,126,-140,-13688,4292,5776,-985,101,-55,-13956,-5348,6564,-479,118,-136,0
532.9297480583191,8648,6628,11128,-139,-50,99,7308,-9284,10360,-52,140,-157,-13676,4140,5720,-973,108,-28,-13828,-5224,6176,-258,102,-136,0
532.963084936142,8608,6556,11276,-139,-57,72,7344,-9324,10392,-68,178,-170,-13648,4192,5892,-978,107,-118,-13880,-5136,6368,-511,153,-122,0
532.9967560768127,8652,6528,11160,-134,-35,109,7396,-9344,10376,-46,132,-172,-13716,4204,5852,-1016,84,-131,-13892,-5100,6468,-263,190,-111,0
533.0303089618683,8616,6596,11104,-163,-100,97,7240,-9312,10292,13,96,-172,-13364,4244,5972,-1001,130,-107,-13808,-5116,6476,-491,164,-115,0
533.0637409687042,8580,6632,11180,-128,-77,99,7316,-9308,10320,-20,127,-198,-13628,4240,5732,-1006,137,-89,-13896,-5300,6604,-504,202,-108,0
533.0974180698395,8584,6584,11256,-153,-84,120,7356,-9356,10380,8,116,-195,-13680,4244,5868,-980,126,-114,-13976,-5012,6516,-491,145,-107,0
533.1309540271759,8816,6624,11292,-174,-92,111,7464,-9380,10436,-10,175,-204,-13772,4212,5900,-969,95,-145,-13840,-5068,6604,-472,167,-114,0
533.164412021637,8668,6636,11248,-168,-117,120,7408,-9340,10332,-8,147,-206,-13708,4108,5656,-970,80,-116,-13900,-5176,6412,-490,162,-81,0
533.1980249881744,8684,6660,11216,-152,-129,127,7368,-9216,10416,-27,136,-198,-13648,4108,6056,-1004,104,-150,-13788,-5168,6464,-485,175,-88,0
533.2315831184387,8640,6676,11324,-170,-148,131,7420,-9332,10324,-18,130,-217,-13600,4244,5952,-991,124,-125,-13852,-5120,6444,-491,171,-86,0
533.2649590969086,8648,6552,11260,-199,-159,137,7348,-9280,10344,-17,143,-219,-13640,4188,5752,-995,163,-101,-13924,-5080,6416,-500,217,-52,0
533.2986090183258,8624,6572,11248,-168,-127,154,7292,-9328,10208,-16,143,-200,-13596,4164,5732,-1017,164,-98,-13924,-5016,6560,-480,209,-92,0
533.3323390483856,8560,6616,11312,-179,-174,158,7336,-9256,10400,-14,117,-209,-13704,4160,5884,-1273,169,-137,-13904,-5176,6500,-474,225,-70,0
533.365641117096,8608,6652,11312,-180,-175,159,7372,-9232,10024,-4,134,-209,-13724,4196,5792,-1010,155,-167,-13916,-5104,6560,-492,229,-68,0
533.4018189907074,8704,6576,11272,-187,-154,155,7404,-9252,10300,-7,123,-224,-13712,4080,5604,-980,160,-132,-13872,-5168,6484,-520,201,-74,0
533.4382231235504,8512,6592,11268,-187,-187,130,7672,-9256,10324,17,152,-204,-13704,4176,5768,-986,139,-131,-13908,-5128,6348,-481,222,-78,0
533.4735989570618,8716,6564,11348,-187,-147,144,7476,-9268,10356,-9,130,-216,-13696,4192,5752,-1003,154,-149,-13964,-5084,6212,-488,203,-79,0
533.5097961425781,8740,6568,11132,-182,-164,152,7392,-9320,10356,-247,122,-201,-13668,4188,5808,-989,136,-127,-13596,-4996,6372,-767,196,-105,0
533.5454869270325,8684,6604,11048,-213,-130,113,7420,-9292,10392,18,121,-188,-13648,3940,5804,-1027,110,-129,-13792,-5236,6424,-478,171,-93,0
533.5814139842987,8724,6632,11308,-164,-120,135,7244,-9248,10444,-5,118,-204,-13724,4172,5824,-1003,157,-146,-13924,-4944,6484,-511,221,-76,0
533.6175050735474,8748,6644,11244,-166,-182,130,7212,-9012,10280,-22,164,-216,-13768,4144,5780,-989,165,-121,-14008,-4964,6448,-491,193,-87,0
533.6523430347443,8784,6520,11292,-233,-196,147,7336,-9368,10360,-3,113,-209,-13668,4116,5856,-1008,133,-101,-13992,-5076,6376,-476,173,-81,0
533.6881051063538,8808,6492,11200,-176,-127,139,7204,-9168,10440,-12,120,-185,-13752,3908,5804,-1012,121,-90,-13788,-5208,6496,-468,146,-86,0
533.7231481075287,8668,6592,11316,-168,-135,131,7632,-9260,10288,-7,139,-192,-13656,4236,5776,-1022,111,-83,-13936,-5124,6440,-504,132,-68,0
533.7592339515686,8664,6640,11332,-130,-129,126,7332,-9260,10512,-42,113,-221,-13744,4192,5852,-977,125,-113,-13876,-5024,6484,-530,166,-98,0
533.7944540977478,8780,6524,11132,-142,-141,101,7368,-9228,10284,250,126,-206,-13608,4220,5708,-771,133,-92,-13904,-5064,6340,-502,198,-97,0
533.8307480812073,8688,6528,11020,-154,-144,138,7332,-9316,10328,-25,94,-226,-13700,4344,5636,-993,142,-109,-13944,-5028,6404,-483,204,-79,0
533.8661780357361,8820,6592,11156,-140,-145,127,7184,-9016,10284,-47,113,-197,-13692,4168,5684,-973,157,-128,-13876,-4872,6544,-504,141,-118,0
533.9018540382385,8880,6496,11112,-150,-70,93,7508,-9308,10392,-71,130,-172,-13616,4236,5744,-989,110,-73,-13916,-4948,6324,-508,109,-153,0
533.9380130767822,8788,6564,11180,-119,-42,78,7448,-9216,10336,-51,146,-184,-13752,4112,5656,-1010,83,-71,-14012,-5076,6452,-497,129,-158,0
533.973237991333,8804,6492,11072,-139,-28,78,7204,-9264,10244,-31,174,-152,-13696,4156,5764,-778,57,-70,-13940,-5128,6180,-494,103,-137,0
534.0088319778442,8780,6520,11252,-138,-41,74,7372,-9296,10256,-46,150,-162,-13776,4216,5772,-1005,70,-72,-13904,-5040,6472,-514,130,-141,0
534.0458450317383,8784,6596,11320,-139,-71,58,7364,-9300,10336,-43,159,-179,-13664,4120,6004,-1006,85,-92,-13888,-4892,6544,-525,128,-129,0
534.0793559551239,8792,6592,11148,-109,-68,82,7352,-9392,10352,-60,122,-159,-13704,4232,5820,-982,93,-96,-13880,-5112,6448,-266,126,-128,0
534.1129651069641,8684,6500,11164,-108,-85,90,7376,-9268,10448,-66,113,-172,-13716,3900,5836,-1015,123,-58,-13836,-5148,6484,-500,128,-127,0
534.1461610794067,8612,6576,11516,-101,-25,82,7396,-9340,10272,-40,139,-162,-13732,4188,5800,-968,83,-54,-13928,-5288,6492,-511,120,-108,0
534.1798269748688,8732,6492,11384,-125,-52,76,7196,-9364,10416,-46,131,-167,-13740,3868,5660,-993,94,-77,-13880,-5132,6484,-483,109,-133,0
534.212898015976,8476,6612,11300,-129,-38,55,7420,-9236,10264,-70,145,-157,-13716,4124,5700,-994,71,-85,-13784,-5144,6480,-506,105,-131,0
534.2466440200806,8684,6532,11064,-118,-30,87,7420,-9348,10256,-58,119,-148,-13684,4264,5740,-1011,45,-74,-13976,-5100,6476,-258,101,-154,0
534.2801330089569,8684,6520,11148,-106,-5,71,7404,-9296,10352,-29,136,-130,-13756,4108,5680,-1047,47,-57,-13916,-5092,6436,-505,105,-157,0
534.3136141300201,8772,6608,11280,-114,-13,80,7420,-9220,10384,-8,125,-129,-13672,4128,5876,-777,78,-33,-13600,-5132,6380,-501,85,-166,0
534.3472530841827,8668,6560,11220,-96,-30,70,7472,-9452,10392,-96,161,-141,-13720,4188,5708,-1006,56,-52,-13848,-5048,6644,-512,123,-146,0
534.380795955658,8684,6520,11388,-121,-30,82,7388,-9320,10236,-18,150,-200,-13720,4188,5900,-887,27,-93,-13624,-5012,6628,-470,172,-171,0
534.4140100479126,8684,6544,11268,-102,-49,83,7440,-9284,10268,-27,166,-150,-13636,4156,5808,-769,72,-72,-14064,-4940,6472,-476,102,-147,0
534.4477639198303,8716,6588,11328,-108,-9,89,7328,-9328,10252,-21,157,-129,-13704,4208,5784,-989,77,-67,-13892,-5328,6456,-486,71,-146,0
534.4811930656433,8684,6588,11480,-107,-36,77,7400,-9312,10472,-47,164,-130,-13596,4292,5788,-984,49,-56,-14040,-4908,6632,-505,111,-151,0
534.5145289897919,8636,6568,11148,-110,-50,90,7336,-9292,10392,-71,157,-166,-13844,4204,5880,-966,63,-55,-13888,-5076,6444,-518,114,-149,0
534.5482580661774,8784,6652,11068,-95,-51,83,7356,-9352,9992,-20,150,-191,-13580,4196,5888,-993,80,-134,-13912,-5084,6536,-505,165,-159,0
534.5817790031433,8612,6568,11312,-87,-53,72,7336,-9324,10324,-40,124,-184,-13632,4196,5772,-1006,88,-95,-13904,-5076,6336,-257,189,-158,0
534.6153831481934,8572,6616,11100,-106,-117,92,7364,-9452,10432,-20,141,-212,-13788,4116,5928,-1010,75,-74,-13924,-4888,6556,-257,170,-124,0
534.6485810279846,8728,6572,11224,-138,-56,108,7352,-9248,10288,-42,133,-178,-13748,4152,5780,-992,110,-85,-13952,-5192,6540,-493,133,-125,0
534.6821949481964,8660,6656,11304,-122,-78,90,7392,-9356,10280,-33,141,-171,-13620,4132,5772,-1009,98,-46,-13876,-5092,6376,-507,143,-138,0
534.7158060073853,8620,6612,11064,-140,-71,84,7212,-9372,10332,-36,119,-170,-13576,4204,5660,-1011,105,-76,-13840,-5124,6568,-261,111,-146,0
534.7492611408234,8672,6592,11280,-131,-56,99,7312,-9340,10248,-34,158,-163,-13724,4204,5844,-996,94,-87,-13820,-5240,6376,-500,128,-156,0
534.7829661369324,8740,6568,11340,-142,-76,87,7376,-9336,10388,-57,168,-175,-13804,4168,5952,-997,64,-113,-13832,-5032,6440,-504,142,-105,0
534.8165330886841,8632,6572,11452,-120,-48,103,7332,-9392,10376,-51,152,-179,-13676,4156,5696,-899,71,-39,-13948,-5200,6336,-522,129,-156,0
534.8500311374664,8640,6600,11332,-127,-52,89,7392,-9304,10268,-18,130,-174,-13644,4172,6104,-995,88,-68,-13916,-5184,6420,-506,161,-101,0
534.8836390972137,8604,6536,11464,-121,-59,116,7396,-9380,10340,-28,119,-179,-13636,4252,6088,-992,133,-73,-13620,-4880,6492,-499,161,-94,0
534.9172251224518,8904,6588,11240,-128,-75,104,7404,-9376,10292,-37,129,-175,-13692,4264,5896,-1005,107,-77,-13812,-5168,6144,-500,164,-111,0
534.9508340358734,8956,6628,11324,-115,-70,104,7308,-9288,10372,-21,126,-154,-13672,4212,6044,-995,95,-113,-13828,-4940,6620,-485,147,-122,0
534.9843831062317,8596,6612,11168,-141,-71,111,7348,-9300,10480,-57,117,-163,-13704,4164,5792,-989,126,-83,-13984,-5300,6460,-510,127,-118,0
535.0179440975189,8624,6600,11312,-120,-101,110,7316,-9356,10224,-49,133,-162,-13628,4140,5668,-996,128,-39,-13904,-5136,6548,-510,147,-94,0
535.0513789653778,8584,6544,11168,-120,-50,118,7408,-9308,10080,-48,131,-164,-13748,4248,5648,-1034,84,-95,-13792,-5164,6552,-493,147,-122,0
535.0886540412903,8592,6620,11176,-141,-57,97,7408,-9228,10260,4,138,-155,-13564,4080,5816,-1016,114,-76,-13864,-5216,6516,-761,156,-117,0
535.1243889331818,8696,6592,11148,-128,-73,95,7384,-9312,10248,-58,144,-182,-13688,4180,5808,-974,123,-90,-13876,-5080,6360,-499,162,-107,0
535.1595120429993,8560,6544,11300,-155,-89,78,7336,-9332,10448,4,127,-180,-13636,4268,5820,-1007,134,-80,-13896,-5108,6528,-466,177,-106,0
535.1950809955597,8564,6588,11316,-169,-63,106,7208,-9372,10044,-243,156,-142,-13652,4148,5680,-1018,95,-96,-13904,-5140,6572,-484,169,-95,0
535.2307391166687,8660,6868,11368,-157,-81,121,7296,-9220,10284,-30,151,-164,-13628,4240,5816,-982,127,-68,-13764,-5088,6360,-487,112,-107,0
535.2660300731659,8588,6588,11296,-156,-136,113,7392,-9420,10388,-62,148,-211,-13652,4248,6084,-967,129,-117,-14064,-5132,6628,-513,182,-95,0
535.3023819923401,8676,6564,11364,-163,-141,141,7320,-9308,10460,-40,152,-199,-13760,4216,5856,-975,170,-112,-13904,-5156,6468,-504,208,-64,0
535.3374519348145,8652,6544,11108,-217,-177,142,7332,-9324,10284,250,125,-212,-13600,4248,5804,-980,177,-113,-13756,-5060,6504,-503,225,-44,0
535.3734669685364,8620,6536,11248,-179,-178,166,7304,-9296,10260,-16,117,-212,-13676,4152,5860,-997,194,-138,-13844,-5200,6612,-504,215,-53,0
535.409215927124,8592,6600,11316,-203,-139,145,7380,-9400,10360,251,96,-224,-13676,4148,5960,-970,179,-144,-13944,-5320,6440,-493,197,-76,0
535.4450659751892,8720,6540,11332,-203,-141,162,7364,-9364,10364,-16,157,-195,-13800,4188,5776,-992,153,-104,-13816,-5048,6608,-465,226,-41,0
535.4803581237793,8484,6600,11332,-162,-151,115,7600,-9296,10408,-28,129,-192,-13600,4124,5788,-1004,137,-141,-13896,-5080,6420,-494,187,-67,0
535.5161800384521,8596,6560,11316,-167,-108,150,7372,-9340,10292,-10,124,-234,-13744,4284,5900,-1009,104,-140,-13880,-5052,6336,-503,203,-103,0
535.5520839691162,8648,6488,11100,-163,-149,112,7380,-9284,10344,-13,128,-221,-13640,4168,5656,-975,147,-126,-13604,-5316,6412,-499,193,-87,0
535.5881879329681,8668,6496,11256,-171,-160,137,7304,-9228,10336,-35,139,-219,-13668,4228,5688,-986,117,-140,-13832,-5312,6488,-478,207,-67,0
535.6236779689789,8744,6488,11236,-164,-152,137,7328,-9348,10264,19,126,-223,-13676,4252,5744,-989,166,-147,-13828,-5076,6328,-488,214,-64,0
535.6592259407043,8644,6572,11168,-160,-134,133,7392,-9304,10000,255,128,-211,-13672,4220,5704,-1007,151,-108,-13924,-5028,6312,-480,198,-64,0
535.6944539546967,8712,6468,11152,-155,-159,134,7400,-9328,10416,9,126,-230,-13784,4124,5756,-1016,150,-89,-13916,-5372,6508,-509,172,-69,0
535.731626033783,8668,6556,11256,-165,-152,125,7372,-9264,10464,-13,142,-194,-13796,4248,5776,-1007,126,-84,-13896,-5100,6352,-510,183,-76,0
535.7652990818024,8696,6524,11220,-145,-165,143,7476,-9212,10320,-19,137,-188,-13732,4096,5776,-1018,139,-114,-13896,-5032,6432,-496,197,-93,0
535.7987589836121,8684,6580,11080,-160,-141,134,7404,-9260,10260,-16,107,-200,-13724,4196,5820,-988,135,-135,-13920,-5012,6536,-485,169,-39,0
535.8321061134338,8716,6496,11336,-154,-161,135,7592,-9280,10316,-40,111,-200,-13684,4152,5784,-1007,147,-149,-13980,-5096,6420,-532,175,-67,0
535.8656311035156,8696,6528,11276,-161,-130,132,7448,-9360,10336,-10,113,-209,-13700,4192,5676,-998,111,-135,-13752,-5068,6492,-475,180,-72,0
535.8992810249329,8648,6548,11220,-156,-112,105,7660,-9280,10308,16,139,-181,-13740,4140,5600,-1004,94,-118,-13904,-5056,6468,-509,162,-88,0
535.9329340457916,8732,6584,11316,-136,-137,97,7376,-9320,10436,-44,158,-221,-13712,4164,5840,-977,137,-79,-14072,-5088,6352,-472,186,-93,0
535.9666259288788,8736,6536,11156,-173,-158,107,7352,-9240,10280,-31,104,-184,-13812,4152,5984,-988,168,-72,-13920,-4988,6196,-483,140,-126,0
535.9999549388885,8816,6480,11172,-94,-78,121,7660,-9228,10280,-46,136,-153,-13700,4180,5772,-1009,82,-56,-13828,-5076,6452,-483,111,-149,0
536.0335371494293,8720,6556,11144,-126,-42,71,7616,-9240,10316,-53,147,-133,-13752,4184,5808,-992,70,-78,-14080,-5096,6424,-498,78,-131,0
536.0671269893646,8712,6548,11280,-142,-32,80,7396,-9264,10376,-51,174,-174,-13636,4340,5824,-1026,64,-62,-14036,-4976,6504,-509,109,-140,0
536.1002831459045,8672,6532,11172,-130,-51,87,7296,-9304,10256,-42,150,-179,-13668,4192,5744,-994,108,-31,-13964,-5080,6364,-528,152,-163,0
536.133682012558,8760,6564,11376,-131,-40,92,7368,-9260,10360,-48,114,-159,-13692,4212,5760,-1021,127,-74,-13912,-5064,6472,-492,150,-151,0
536.1671669483185,8672,6560,11188,-91,-41,78,7352,-9244,10384,-49,105,-199,-13672,4176,5796,-1264,131,-115,-13852,-5100,6496,-501,154,-116,0
536.2005190849304,8712,6528,11312,-126,-83,89,7564,-9344,10336,-39,116,-181,-13596,4044,5740,-989,116,-90,-13900,-5308,6528,-480,109,-162,0
536.2340550422668,8636,6568,11292,-135,-55,60,7500,-9336,10368,-53,156,-154,-13672,4288,5948,-1002,74,-56,-13948,-5056,6204,-519,91,-163,0
536.2677481174469,8812,6644,11396,-111,-35,61,7408,-9288,10388,-46,164,-144,-13616,3848,5684,-985,28,-56,-13868,-5036,6540,-496,87,-128,0
536.3008999824524,8708,6584,11276,-90,-15,86,7400,-9444,10412,-40,187,-120,-13648,4276,5712,-996,54,-73,-13888,-5140,6516,-500,106,-152,0
536.3344089984894,8736,6544,11340,-101,-38,65,7444,-9284,10344,-67,124,-150,-13772,4076,5712,-982,55,-96,-14072,-5136,6236,-491,85,-147,0
536.3679509162903,8608,6596,11020,-122,-35,95,7612,-9328,10256,-63,168,-168,-13708,4184,5640,-980,80,-88,-13916,-5072,6556,-490,118,-153,0
536.401426076889,8696,6556,11180,-115,-58,107,7264,-9368,10416,-19,131,-157,-13672,4184,5776,-1001,97,-52,-13888,-5308,6144,-517,169,-153,0
536.4350850582123,8652,6644,11480,-105,-54,93,7264,-9252,10248,-7,129,-181,-13668,4128,5852,-1012,98,-59,-13836,-5092,6504,-495,149,-142,0
536.4687221050262,8696,6580,11500,-90,-47,61,7556,-9272,10320,-52,131,-173,-13644,4088,5748,-1001,83,-66,-13904,-5092,6432,-479,112,-153,0
536.5020890235901,8932,6592,11444,-109,-30,58,7376,-9244,10332,-47,149,-161,-13712,3932,5924,-1004,102,-79,-13828,-5112,6556,-496,131,-147,0
536.5355010032654,8948,6560,11024,-133,-24,78,7420,-9316,10468,-30,163,-162,-13660,4172,5728,-1003,83,-116,-13836,-5008,6508,-500,150,-131,0
536.5691139698029,8912,6628,11408,-92,-44,59,7404,-9324,10348,-50,128,-152,-13652,4168,5732,-986,91,-75,-14000,-4976,6476,-523,135,-162,0
536.6026329994202,8896,6584,11072,-100,-67,82,7400,-9344,10304,-35,132,-150,-13804,4240,5676,-1004,63,-87,-13836,-5112,6612,-497,100,-144,0
536.6361000537872,8580,6624,11312,-155,-31,75,7364,-9236,9988,-18,122,-150,-13576,4228,5872,-990,89,-68,-13924,-5244,6612,-502,109,-139,0
536.6726059913635,8656,6884,11244,-108,-29,92,7284,-9216,10340,-66,144,-151,-13736,4116,5992,-1003,82,-65,-13908,-5188,6372,-495,156,-156,0
536.7059950828552,8624,6564,11472,-119,-51,75,7400,-9340,10308,-36,149,-180,-13628,4256,5928,-971,98,-88,-13976,-5040,6580,-472,140,-153,0
536.7394030094147,8648,6572,11164,-126,-35,92,7432,-9304,10308,240,130,-157,-13812,4276,5640,-1028,93,-74,-13860,-4948,6460,-479,156,-177,0
536.7776980400085,8644,6616,11256,-116,-18,74,7316,-9292,10452,-7,159,-137,-13668,4188,5884,-1011,75,-70,-14056,-5288,6568,-506,117,-143,0
536.812695980072,8632,6576,11400,-142,-50,87,7168,-9248,10404,-45,150,-140,-13736,4204,5720,-993,67,-81,-13784,-5152,6612,-500,127,-140,0
536.8486039638519,8596,6532,11296,-112,-69,78,7308,-9436,10240,-65,154,-165,-13692,4240,5708,-965,93,-95,-13868,-5120,6456,-515,137,-130,0
536.8842170238495,8712,6644,11340,-131,-70,101,7360,-9312,10384,-28,148,-185,-13680,4216,5796,-1008,120,-109,-13904,-5096,6528,-521,191,-92,0
536.9196829795837,8580,6580,11316,-73,-85,107,7108,-9256,10252,-231,103,-193,-13816,4208,5832,-994,144,-114,-13888,-5056,6500,-508,167,-120,0
536.9546251296997,8448,6632,11232,-140,-79,90,7360,-9332,10412,-40,102,-166,-13668,4296,5828,-1002,135,-123,-13860,-5184,6452,-488,150,-90,0
536.990317106247,8692,6568,11300,-136,-41,88,7252,-9328,10240,-243,119,-175,-13752,4252,5792,-969,110,-101,-13904,-5120,6412,-507,164,-108,0
537.0260181427002,8648,6540,11220,-151,-49,99,7364,-9360,10280,-33,149,-176,-13712,4152,5668,-1009,118,-99,-13864,-5172,6484,-488,167,-123,0
537.0647859573364,8620,6408,11196,-152,-69,108,7304,-9312,10332,-20,175,-176,-13652,4184,5640,-971,74,-106,-13876,-5084,6536,-482,162,-115,0
537.1005399227142,8876,6672,11228,-176,-118,116,7408,-9380,10328,255,178,-180,-13680,4308,5944,-994,98,-118,-13872,-5132,6580,-467,135,-94,0
537.1353640556335,8672,6884,11084,-187,-124,112,7428,-9248,10264,-12,133,-195,-13632,4248,5856,-986,116,-127,-14060,-4888,6196,-498,194,-86,0
537.1710741519928,8588,6652,11060,-139,-134,117,7264,-9276,10364,-14,153,-213,-13596,4232,5900,-981,147,-144,-13908,-5140,6508,-476,213,-75,0
537.207111120224,8580,6548,11392,-185,-178,114,7332,-9380,10300,-20,136,-215,-13652,4248,5744,-964,118,-130,-13820,-5120,6564,-490,221,-60,0
537.2422299385071,8636,6564,11024,-178,-158,140,7584,-9276,10312,-5,145,-213,-13744,4268,5764,-998,147,-149,-13844,-5112,6632,-486,226,-51,0
537.2780530452728,8644,6652,11152,-199,-154,152,7372,-9304,10444,-13,135,-214,-13672,4100,5868,-1019,186,-159,-13916,-5020,6148,-494,223,-61,0
537.3133070468903,8616,6820,11208,-191,-151,160,7364,-9304,10316,5,144,-201,-13744,4196,5828,-982,171,-134,-14032,-5008,6548,-505,205,-65,0
537.3488259315491,8700,6652,11172,-198,-140,155,7376,-9260,10344,-4,118,-203,-13744,4256,5636,-985,149,-167,-13924,-5108,6520,-489,186,-63,0
537.3836801052094,8740,6548,11324,-175,-176,148,7408,-9372,10352,-26,147,-190,-13740,4212,5828,-1013,118,-140,-14020,-5076,6536,-501,196,-74,0
537.4197819232941,8696,6584,11076,-199,-153,118,7512,-9256,10284,8,158,-191,-13804,4164,5716,-1024,120,-159,-13840,-5064,6340,-493,191,-73,0
537.4534740447998,8748,6548,11300,-157,-141,128,7664,-9384,10360,10,148,-193,-13688,3888,5672,-989,105,-134,-13908,-5088,6460,-479,201,-84,0
537.487067937851,8648,6512,11188,-164,-156,131,7432,-9356,10400,-33,152,-203,-13728,4260,5860,-974,129,-141,-13896,-5020,6480,-502,227,-60,0
537.520674943924,8836,6452,11300,-181,-164,154,7380,-9248,10372,-2,111,-177,-13736,4336,5880,-1002,145,-120,-13960,-5048,6400,-481,165,-67,0
537.5542120933533,8656,6552,11220,-190,-151,152,7348,-9220,10048,-4,117,-176,-13744,4216,5732,-963,125,-98,-13712,-5192,6520,-480,145,-85,0
537.5875051021576,8768,6564,11256,-182,-97,131,7412,-9264,10380,-30,118,-195,-13688,4200,5884,-978,127,-120,-13948,-5040,6536,-509,153,-59,0
537.62122797966,8712,6660,11360,-141,-148,121,7332,-9308,10480,-43,122,-207,-13680,4144,5704,-1019,134,-158,-13848,-5100,6188,-527,187,-120,0
537.6545031070709,8708,6552,11064,-120,-147,115,7360,-9256,10360,-15,134,-203,-13700,4244,5688,-1036,152,-119,-13864,-5016,6148,-261,174,-103,0
537.6880490779877,8752,6468,11092,-162,-157,134,7244,-9288,10296,-18,112,-223,-13600,4164,5636,-976,154,-108,-13908,-4964,6516,-517,195,-81,0
537.7216219902039,8784,6472,11160,-118,-155,146,7424,-9288,10416,-34,83,-233,-13688,4332,5656,-990,127,-112,-13804,-5272,6608,-504,194,-77,0
537.7552261352539,8816,6596,11260,-167,-172,134,7372,-9308,10268,-5,119,-208,-13692,4336,5696,-977,173,-120,-13856,-5052,6500,-486,179,-53,0
537.7887880802155,8784,6528,11152,-184,-123,111,7660,-9288,10508,-44,130,-196,-13752,4188,5772,-1034,140,-152,-13824,-5064,6272,-486,176,-127,0
537.822359085083,8760,6464,11084,-132,-134,125,7672,-9472,10012,-35,126,-177,-13756,4204,5728,-1018,86,-114,-13780,-4972,6452,-264,143,-126,0
537.8557341098785,8732,6616,11048,-128,-86,111,7312,-9220,10248,-88,108,-174,-13668,3844,5792,-1006,92,-66,-13892,-5020,6276,-524,122,-110,0
537.8891170024872,8720,6536,11340,-111,-83,78,7384,-9284,10288,-104,153,-167,-13776,4164,5852,-967,59,-41,-13984,-4996,6484,-503,138,-167,0
537.9226410388947,8780,6500,11148,-126,-47,48,7416,-9280,10404,0,121,-165,-13732,4052,5796,-1027,57,-61,-13952,-5156,6456,-484,133,-160,0
537.9564199447632,8676,6572,11024,-110,-39,71,7188,-9220,10296,-19,115,-164,-13596,4084,5760,-999,117,-94,-13864,-5072,6532,-478,116,-99,0
537.9898200035095,8684,6568,11236,-100,-66,94,7352,-9304,10416,-70,111,-194,-13716,4348,5668,-993,129,-103,-13828,-5052,6148,-502,158,-143,0
538.0234470367432,8720,6484,11128,-121,-106,93,7212,-9404,10264,-59,137,-202,-13768,4140,5712,-1021,70,-96,-13988,-5080,6252,-522,164,-164,0
538.0571200847626,8616,6556,11400,-119,-86,62,7272,-9272,10292,-35,147,-161,-13720,4328,5668,-972,84,-58,-13872,-5072,6480,-503,96,-153,0
538.0906081199646,8956,6512,11196,-137,-3,82,7468,-9272,10280,-38,130,-150,-13676,4112,5800,-1014,98,-34,-13868,-5064,6212,-488,101,-125,0
538.1242830753326,8732,6556,11136,-116,26,102,7408,-9244,10252,-44,122,-104,-13724,4140,5792,-1006,77,-31,-13860,-4900,6332,-491,85,-169,0
538.1575889587402,8928,6624,11072,-107,-30,92,7344,-9248,10316,-64,120,-104,-13608,4312,5652,-1016,50,-65,-13872,-5048,6612,-559,111,-152,0
538.191036939621,8736,6540,11220,-86,-32,85,7420,-9344,10340,-60,123,-154,-13744,4192,5868,-1011,65,-91,-13856,-5136,6576,-536,147,-173,0
538.2244701385498,8632,6548,11516,-93,-53,69,7236,-9308,10204,-59,138,-189,-13736,4060,5776,-992,90,-33,-13860,-5076,6512,-506,156,-136,0
538.2580399513245,8712,6492,11176,-115,-59,87,7376,-9388,10256,-25,113,-165,-13700,4108,5688,-1021,119,-23,-13880,-5108,6568,-510,146,-145,0
538.2917990684509,8892,6480,11084,-100,-34,104,7636,-9392,10192,-28,123,-174,-13728,4144,5376,-977,92,-40,-13860,-5048,6460,-485,125,-140,0
538.3254499435425,8928,6400,11468,-133,-41,77,7200,-9348,10380,-77,163,-179,-13712,4252,5796,-998,66,-89,-13892,-4996,6488,-463,116,-146,0
538.3589401245117,8648,6596,11292,-125,-40,81,7316,-9248,10436,-47,177,-158,-13700,4324,5808,-989,81,-73,-13880,-5144,6588,-507,104,-126,0
538.3923380374908,8492,6604,11096,-121,-44,62,7272,-9300,10276,-44,155,-152,-13724,4208,5692,-970,47,-73,-13944,-5132,6392,-767,135,-184,0
538.4258451461792,8712,6576,11264,-111,-36,73,7304,-9336,10356,-55,166,-138,-13760,4272,5752,-992,56,-101,-14060,-5112,6184,-506,139,-165,0
538.4632830619812,8872,6616,11136,-121,-67,88,7340,-9260,10300,-21,140,-164,-13660,4336,6024,-995,75,-66,-13896,-5104,6476,-504,141,-166,0
538.49915599823,8628,6580,11396,-118,-23,123,7360,-9296,10348,-53,122,-165,-13816,4136,5784,-979,86,-108,-13920,-5144,6544,-767,153,-128,0
538.5343511104584,8584,6640,11132,-131,-67,91,7368,-9276,10396,-57,110,-176,-13824,4260,5792,-1011,112,-33,-13912,-5080,6568,-492,151,-136,0
538.5701551437378,8704,6620,11440,-137,-77,119,7444,-9332,10316,-34,123,-156,-13748,4100,5880,-964,56,-91,-14048,-5212,6516,-480,125,-117,0
538.6055700778961,8604,6544,11072,-130,-56,75,7340,-9228,10492,-44,138,-176,-13700,4184,5748,-979,93,-76,-13872,-5148,6420,-506,127,-147,0
538.641233921051,8548,6636,11100,-125,-39,58,7316,-9276,10284,-65,142,-179,-13720,4316,5784,-1011,90,-64,-13932,-5108,6528,-509,146,-138,0
538.6777260303497,8624,6648,11172,-132,-54,71,7268,-9340,10316,-42,140,-161,-13636,4204,5868,-991,99,-48,-13900,-5180,6612,-529,132,-118,0
538.7126560211182,8700,6644,11100,-119,-56,88,7412,-9388,10488,-44,119,-173,-13612,4184,5984,-983,94,-57,-13908,-4876,6612,-504,153,-131,0
538.7486929893494,8608,6652,11012,-112,-58,82,7388,-9256,10512,-66,142,-185,-13780,4200,5864,-1002,73,-63,-13736,-4904,6460,-492,169,-125,0
538.7844009399414,8612,6544,11192,-125,-65,97,7296,-9288,10052,-26,137,-169,-13660,4156,5740,-991,123,-84,-13820,-5112,6512,-518,139,-101,0
538.8200781345367,8696,6624,11388,-134,-64,89,7332,-9288,10348,-21,147,-167,-13736,4100,5904,-990,125,-93,-13836,-5128,6644,-264,150,-112,0
538.855318069458,8648,6528,11464,-113,-60,77,7488,-9308,10424,-13,161,-167,-13728,4148,5996,-1010,141,-106,-13804,-5244,6476,-507,166,-124,0
538.8908200263977,8900,6596,11052,-147,-61,91,7644,-9364,10332,-28,144,-184,-13740,4148,5724,-996,110,-102,-13964,-5196,6528,-481,153,-87,0
538.9259951114655,8656,6584,11300,-143,-92,107,7340,-9252,10420,-21,147,-190,-13688,4268,5660,-988,93,-48,-13984,-4872,6632,-506,155,-120,0
538.9622459411621,8712,6564,11212,-170,-67,96,7404,-9408,10404,-251,190,-178,-13596,4208,5812,-1008,59,-87,-13852,-5140,6420,-524,143,-98,0
538.9981729984283,8596,6884,11516,-143,-92,124,7312,-9352,10456,5,166,-168,-13632,4184,5928,-996,102,-132,-13824,-5240,6436,-477,151,-79,0
539.033518075943,8656,6612,11264,-154,-144,107,7344,-9320,10248,-42,134,-199,-13720,4204,5740,-968,123,-119,-13648,-4916,6484,-527,236,-82,0
539.0699870586395,8676,6552,11132,-192,-129,140,7308,-9380,10480,11,131,-224,-13680,4212,5552,-988,138,-92,-13728,-5112,6160,-472,215,-56,0
539.1054620742798,8552,6536,11188,-175,-152,124,7332,-9392,10368,27,170,-171,-13656,4196,5992,-991,116,-64,-13872,-5076,6484,-463,151,-65,0
539.139023065567,8512,6596,11252,-225,-104,160,7320,-9352,10000,-21,155,-175,-13720,4276,5760,-944,141,-117,-13900,-5188,6560,-477,134,-77,0
539.1727211475372,8952,6424,11484,-192,-146,129,7372,-9252,10368,-27,153,-206,-13692,4348,5840,-975,148,-152,-13912,-5104,6352,-482,215,-47,0
539.206484079361,8936,6472,11136,-172,-156,153,7388,-9324,10328,0,138,-226,-13672,4188,5664,-998,157,-125,-13920,-4952,6604,-516,227,-73,0
539.2399060726166,8680,6552,11476,-183,-172,154,7344,-9292,10208,1,89,-236,-13656,4116,5776,-771,201,-191,-13808,-4956,6504,-516,231,-47,0
539.2736160755157,8940,6576,11256,-171,-198,163,7412,-9208,10384,-18,101,-248,-13700,4104,5744,-1009,154,-117,-13888,-5120,6632,-466,238,-85,0
539.3071780204773,8456,6576,11212,-196,-138,137,7368,-9348,10376,-8,124,-216,-13772,4200,5708,-984,176,-125,-14028,-5056,6504,-474,197,-66,0
539.3408329486847,8752,6584,11276,-209,-127,144,7388,-9296,10364,9,156,-213,-13732,4168,5928,-983,144,-101,-13928,-5036,6404,-482,201,-79,0
539.3744411468506,8780,6544,11236,-184,-125,155,7272,-9280,10368,21,150,-178,-13680,4152,5936,-984,141,-128,-13916,-5100,6476,-759,191,-93,0
539.4080979824066,8744,6636,11200,-174,-117,149,7176,-9304,10248,-20,117,-206,-13668,4180,5884,-988,171,-119,-13852,-5120,6472,-473,170,-93,0
539.4418420791626,8600,6536,11068,-181,-159,142,7308,-9264,10284,-26,127,-207,-13808,4204,5644,-1006,134,-151,-13636,-5036,6484,-480,183,-102,0
539.4754991531372,8636,6548,11304,-191,-149,111,7364,-9312,10428,-24,146,-203,-13676,4160,5640,-976,123,-107,-13940,-4868,6604,-484,177,-81,0
539.5091619491577,8648,6584,11036,-183,-152,129,7412,-9412,10376,-18,123,-213,-13736,4228,5848,-990,152,-123,-13964,-4988,6464,-509,187,-77,0
539.5427060127258,8484,6548,11316,-148,-132,139,7392,-9324,10172,-20,126,-180,-13672,4240,5836,-1022,132,-112,-13964,-5076,6444,-503,190,-118,0
539.5763559341431,8780,6500,11380,-141,-141,128,7304,-9012,10300,12,126,-221,-13800,4120,5768,-995,142,-109,-13908,-5020,6200,-761,182,-117,0
539.6100709438324,8808,6516,11140,-162,-130,119,7624,-9336,10252,-9,132,-220,-13616,4072,5764,-1018,149,-129,-13976,-5104,6484,-510,181,-112,0
539.6434640884399,8616,6524,11272,-176,-137,124,7360,-9140,10236,-10,129,-197,-13744,4188,5476,-993,132,-123,-14068,-5092,6292,-488,161,-95,0
539.676999092102,8744,6500,11136,-159,-139,145,7364,-9240,10304,-22,122,-182,-13676,4188,5640,-1001,116,-152,-14000,-5188,6420,-501,154,-126,0
539.7103891372681,8768,6420,11096,-145,-128,107,7476,-9300,10464,-24,127,-205,-13720,4184,5888,-1016,99,-49,-13904,-5056,6600,-485,150,-135,0
539.7438781261444,8668,6588,11104,-130,-123,109,7252,-9180,10248,-9,122,-177,-13652,4200,5816,-965,92,-71,-13724,-5108,6624,-496,108,-121,0
539.7774519920349,8796,6476,11156,-94,-82,75,7368,-9280,10416,-80,157,-190,-13784,4052,5688,-961,60,-102,-14016,-4896,6328,-267,127,-162,0
539.811192035675,8736,6480,11076,-142,-72,73,7188,-9272,10296,-45,144,-167,-13744,4136,5688,-996,69,-72,-13900,-5004,6360,-478,128,-145,0
539.844799041748,8792,6452,11080,-125,-40,100,7532,-9280,10352,-30,160,-151,-13632,4112,5808,-1016,63,-63,-13916,-5164,6528,-473,97,-160,0
539.8784599304199,8772,6472,11100,-147,-15,86,7304,-9284,10336,-25,164,-140,-13780,4204,5996,-1011,67,-80,-13900,-5172,6368,-513,96,-140,0
539.9117140769958,8696,6556,11268,-121,-42,69,7264,-9320,10384,-42,157,-168,-13808,4156,5688,-1010,77,-85,-13876,-5084,6440,-508,138,-159,0
539.9453110694885,8840,6552,11288,-85,-38,97,7676,-9224,10280,-52,148,-150,-13672,4132,5764,-1007,78,-51,-13892,-5004,6316,-488,172,-153,0
539.9789390563965,8532,6428,11296,-125,-49,89,7324,-9268,10372,-36,109,-174,-13796,4136,5848,-1028,99,-71,-13876,-5052,6448,-490,146,-122,0
540.0126399993896,8628,6552,11236,-123,-53,85,7252,-9372,10240,-27,110,-187,-13672,4140,5760,-984,117,-70,-13924,-4976,6464,-503,137,-145,0
540.0461809635162,8732,6536,11356,-153,-76,83,7424,-9364,10464,-57,135,-196,-13688,4076,5768,-947,85,-106,-14068,-5112,6540,-498,121,-140,0
540.0798931121826,8744,6616,11220,-132,-48,83,7360,-9320,10348,-62,157,-139,-13812,4108,5808,-988,95,-65,-13856,-4992,6196,-760,153,-158,0
540.1160681247711,8652,6604,11028,-90,-38,85,7612,-9336,10336,-22,130,-178,-13640,4200,5764,-1003,71,-56,-13944,-5088,6504,-519,137,-135,0
540.1523320674896,8448,6516,11144,-86,-18,104,7440,-9268,10432,-47,142,-143,-13748,4136,5860,-987,86,-48,-13956,-5116,6644,-500,131,-158,0
540.1883001327515,8692,6572,11152,-120,-54,62,7412,-9292,10412,-65,154,-176,-13740,4216,5948,-978,67,-85,-13988,-5056,6404,-483,141,-143,0
540.223345041275,8948,6492,11228,-135,-44,90,7264,-9340,10488,-29,167,-166,-13600,4312,5704,-1005,86,-53,-13892,-5096,6336,-509,150,-171,0
540.2592921257019,8640,6540,11356,-124,-20,75,7412,-9356,10300,-10,146,-150,-13672,4348,5664,-1021,74,-78,-13620,-5204,6584,-491,119,-130,0
540.2945010662079,8584,6500,11516,-106,-41,80,7312,-9400,10356,-25,114,-160,-13592,4236,5632,-1002,112,-48,-13596,-5152,6476,-489,128,-146,0
540.330325126648,8636,6656,11308,-136,-31,79,7584,-9332,10212,-67,145,-167,-13728,3928,6116,-978,96,-112,-13888,-5180,6540,-499,143,-151,0
540.3662109375,8660,6484,11328,-119,-68,105,7248,-9324,10480,-64,147,-185,-13748,4240,5724,-988,65,-85,-13984,-5052,6532,-522,159,-169,0
540.401654958725,8708,6520,11496,-109,-53,82,7308,-9372,10092,-26,124,-168,-13712,4276,5740,-1028,66,-72,-13892,-5128,6740,-514,130,-135,0
540.4379000663757,8732,6556,11164,-100,-39,85,7376,-9288,10424,-25,121,-134,-13612,4124,5716,-1017,86,-64,-13840,-5140,6624,-527,94,-127,0
540.4733800888062,8676,6552,11224,-108,-51,87,7304,-9324,10036,-80,150,-151,-13640,4168,5980,-961,106,-62,-13916,-5068,6472,-505,135,-148,0
540.5088939666748,8680,6564,11364,-141,-27,103,7316,-9288,10328,-29,129,-166,-13948,4268,5584,-984,109,-69,-13624,-5368,6360,-476,138,-107,0
540.5439019203186,8664,6524,11340,-106,-33,85,7400,-9320,10368,-44,135,-159,-13688,4280,5640,-1277,103,-92,-13892,-5124,6528,-504,98,-132,0
540.5794680118561,8636,6628,11292,-159,-65,131,7296,-9272,10372,-45,131,-143,-13628,4164,5656,-981,92,-32,-13852,-5104,6532,-511,82,-130,0
540.6150269508362,8648,6644,11348,-113,-96,88,7356,-9452,10260,-73,163,-184,-13716,4164,5976,-997,78,-108,-13828,-5100,6484,-263,113,-146,0
540.6503710746765,8660,6612,11288,-98,-30,76,7360,-9292,10288,-5,126,-157,-13728,4156,5688,-1008,52,-66,-13792,-5084,6492,-524,159,-158,0
540.6855130195618,8592,6664,11440,-141,-69,103,7232,-9248,10340,-253,142,-180,-13620,4296,5704,-990,95,-92,-13896,-5116,6540,-511,188,-155,0
540.7213439941406,8456,6624,11280,-121,-93,120,7660,-9420,10004,-56,126,-180,-13724,4284,6104,-1011,122,-76,-13928,-5176,6404,-480,178,-111,0
540.7590210437775,8544,6544,11192,-136,-63,91,7360,-9304,10384,-42,130,-180,-13728,4244,5844,-991,106,-82,-13896,-5164,6464,-494,156,-141,0
540.7925069332123,8600,6628,11156,-149,-76,108,7400,-9316,10412,-23,158,-159,-13744,4136,5656,-978,103,-131,-13908,-5196,6416,-499,142,-134,0
540.8261020183563,8628,6832,11100,-121,-57,102,7256,-9320,10424,-15,144,-160,-13632,4212,5812,-998,101,-73,-13788,-5164,6412,-507,122,-124,0
540.8599901199341,8536,6568,11516,-133,-64,103,7328,-9316,10468,-38,132,-179,-13624,3920,5776,-984,85,-114,-13876,-5076,6524,-524,142,-147,0
540.8932781219482,8600,6660,11296,-125,-72,74,7460,-9280,10316,-43,161,-177,-13760,4220,5664,-985,106,-93,-13904,-5112,6540,-488,162,-134,0
540.9267580509186,8680,6596,11236,-148,-65,100,7380,-9236,10388,-24,165,-161,-13692,4156,6140,-983,117,-85,-13884,-5112,6480,-473,173,-129,0
540.9602880477905,8664,6640,11212,-149,-61,91,7268,-9372,10276,-14,137,-179,-13744,4180,5948,-986,117,-58,-13936,-5084,6484,-506,150,-138,0
540.9937219619751,8460,6588,11388,-144,-70,105,7380,-9372,10288,-14,144,-176,-13676,4128,5796,-1000,111,-82,-14012,-5092,6500,-514,147,-127,0
541.0273079872131,8684,6608,11388,-151,-69,116,7240,-9316,10276,-9,152,-176,-13780,4264,5948,-968,110,-84,-13864,-5268,6536,-477,177,-97,0
541.0610439777374,8664,6548,11056,-163,-86,111,7264,-9356,10336,-38,122,-196,-13704,4196,5960,-1011,145,-93,-13896,-5268,6492,-470,158,-113,0
541.0945160388947,8480,6504,11248,-149,-103,125,7344,-9376,10420,-29,156,-192,-13736,4220,5980,-1008,137,-114,-14040,-5096,6488,-492,159,-68,0
541.128142118454,8888,6560,11432,-188,-128,131,7264,-9332,10348,-11,128,-208,-13724,4216,5796,-1025,118,-91,-13964,-5128,6416,-517,181,-112,0
541.1617450714111,8560,6908,11464,-173,-88,122,7368,-9184,10396,21,144,-205,-13700,4220,5716,-1002,123,-96,-13856,-5180,6468,-512,140,-96,0
541.1952660083771,8648,6608,11224,-140,-118,133,7392,-9356,10356,-37,153,-201,-13728,4164,5816,-993,137,-110,-13916,-5192,6344,-489,215,-63,0
541.2289810180664,8588,6588,11380,-181,-104,110,7352,-9284,10404,8,148,-212,-13636,4264,5756,-969,144,-132,-13960,-5116,6468,-477,229,-46,0
541.2625019550323,8652,6556,11252,-164,-139,143,7364,-9280,10192,-5,154,-205,-13580,4224,5640,-998,138,-127,-13876,-5020,6452,-467,189,-67,0
541.2958290576935,8656,6600,11380,-199,-145,140,7372,-9428,10244,246,140,-181,-13732,4232,5704,-975,146,-96,-13904,-5152,6512,-470,133,-70,0
541.3294451236725,8568,6600,11332,-205,-138,139,7320,-9300,10392,-24,165,-205,-13640,4196,5928,-952,173,-112,-13840,-5092,6468,-495,165,-64,0
541.3626179695129,8640,6620,11388,-186,-158,152,7392,-9384,10400,-25,151,-202,-13724,4224,6064,-1005,159,-156,-14028,-4924,6624,-524,192,-75,0
541.395770072937,8724,6680,11128,-164,-161,129,7360,-9324,10276,14,130,-222,-13596,4204,5712,-983,136,-186,-13848,-5172,6192,-506,237,-84,0
541.429193019867,8596,6508,11200,-132,-148,145,7356,-9320,10008,8,133,-208,-13644,4276,5812,-1011,191,-163,-13872,-5284,6564,-499,211,-68,0
541.4629421234131,8680,6624,11260,-189,-174,126,7268,-9216,10440,-3,155,-230,-13684,4140,5860,-974,175,-128,-13912,-5056,6480,-463,182,-66,0
541.4965810775757,8744,6556,11208,-177,-131,119,7340,-9176,10492,7,106,-195,-13668,4148,5708,-978,161,-127,-13976,-5032,6448,-483,194,-90,0
541.5300779342651,8736,6560,11196,-182,-127,128,7176,-9356,10472,13,137,-197,-13724,4156,5696,-985,126,-145,-13924,-5100,6452,-496,228,-87,0
541.5633080005646,8696,6544,11232,-178,-165,137,7340,-9284,10392,4,130,-213,-13676,4136,5736,-969,130,-122,-13968,-4964,6584,-502,162,-69,0
541.5970270633698,8640,6536,11212,-167,-160,122,7388,-9224,10408,-53,168,-199,-13632,4108,5824,-998,125,-124,-13904,-5096,6444,-475,178,-87,0
541.6304321289062,8768,6516,11052,-183,-157,134,7328,-9320,10260,5,147,-204,-13748,4244,5828,-990,117,-99,-13972,-4968,6332,-472,185,-99,0
541.6638660430908,8696,6660,11200,-179,-159,121,7416,-9268,10260,-5,152,-207,-13708,4224,5636,-1013,115,-119,-13936,-5056,6460,-503,178,-85,0
541.6973991394043,8716,6628,11328,-176,-155,135,7316,-9248,10292,-12,153,-217,-13764,4176,5880,-997,121,-143,-13880,-5020,6380,-500,197,-93,0
541.7310061454773,8688,6532,11100,-142,-120,128,7388,-8992,10468,-13,114,-215,-13656,4104,5840,-1002,131,-143,-13840,-5040,6480,-521,195,-102,0
541.7644250392914,8640,6536,11344,-152,-118,135,7676,-9244,10344,248,108,-207,-13668,4140,6128,-999,127,-129,-13924,-4872,6388,-260,171,-113,0
541.801234960556,8836,6516,11076,-160,-140,129,7264,-9392,10300,-21,106,-212,-13540,4112,5880,-978,122,-85,-13900,-5308,6616,-501,163,-82,0
541.8376641273499,8460,6560,11324,-139,-132,122,7356,-9452,10336,-77,129,-190,-13772,4188,5836,-987,125,-52,-13904,-5056,6480,-768,153,-125,0
541.872771024704,8772,6504,11208,-93,-92,106,7168,-9248,10360,-39,143,-157,-13748,4108,5684,-995,78,-53,-13924,-5136,6468,-505,126,-177,0
541.9081709384918,8684,6544,11224,-106,-55,72,7352,-9208,10364,-29,136,-144,-13604,4168,5668,-1024,72,-56,-13896,-4980,6440,-487,118,-141,0
541.9433660507202,8944,6524,11224,-107,-29,57,7376,-9276,10348,-66,160,-179,-13752,4188,5892,-998,68,-80,-13820,-4972,6448,-503,146,-169,0
541.978796005249,8720,6500,11492,-123,-54,62,7340,-9344,10324,-28,118,-154,-13644,4268,5668,-983,80,-64,-13840,-5024,6392,-489,120,-130,0
542.0143649578094,8920,6520,11244,-81,-41,90,7356,-9288,10300,-48,149,-146,-13736,4180,6056,-1008,56,-78,-13904,-5184,6560,-493,88,-155,0
542.0500960350037,8672,6432,11324,-122,-11,84,7392,-9280,10312,-43,148,-127,-13664,4140,5820,-999,34,-44,-14068,-4912,6464,-498,102,-162,0
542.0906591415405,8644,6564,11192,-115,-34,65,7360,-9392,10432,-66,163,-172,-13696,4220,5840,-1013,76,-77,-13844,-5176,6408,-515,103,-162,0
542.1275770664215,8800,6552,11404,-73,-11,55,7372,-9248,10316,-34,115,-173,-13616,4196,5792,-999,67,-42,-13992,-4896,6396,-513,149,-168,0
542.1628150939941,8928,6540,11180,-128,-42,88,7352,-9260,10292,-37,140,-157,-13680,4144,5968,-996,72,-73,-13864,-5024,6444,-525,140,-151,0
542.1981120109558,8704,6564,11216,-101,-35,85,7252,-9356,10588,-32,119,-147,-13588,4240,5740,-982,103,-102,-13856,-5148,6172,-516,152,-136,0
542.2336480617523,8708,6596,11252,-113,-75,92,7400,-9336,10336,-32,141,-169,-13736,4144,6136,-978,93,-64,-13940,-5080,6524,-499,142,-156,0
542.2693510055542,8536,6856,11336,-127,-29,87,7228,-9384,10040,-55,150,-145,-13712,4112,5476,-982,82,-58,-13928,-4868,6328,-764,153,-138,0
542.3044769763947,8680,6560,11220,-112,-38,82,7320,-9264,10280,-33,127,-165,-13716,4236,5816,-1017,59,-106,-13876,-5120,6540,-519,133,-156,0
542.3407580852509,8648,6572,11260,-85,-58,73,7312,-9336,10248,-66,119,-168,-13360,4180,5840,-992,49,-44,-14036,-5052,6488,-501,136,-168,0
542.3762249946594,8876,6528,11456,-120,-53,61,7352,-9324,10452,-49,179,-157,-13756,4148,5780,-980,61,-63,-13912,-5128,6452,-497,132,-137,0
542.4116089344025,8576,6600,11368,-131,-48,80,7420,-9348,10316,-27,159,-137,-13688,4268,5768,-989,99,-109,-13768,-5140,6456,-506,122,-161,0
542.4482989311218,8648,6592,11272,-106,-51,99,7344,-9284,10344,-43,119,-171,-13672,4232,5640,-988,95,-80,-13924,-5148,6468,-489,149,-122,0
542.4818370342255,8760,6608,11124,-107,-61,89,7340,-9348,10260,-21,126,-192,-13684,4148,5884,-987,97,-102,-13932,-5128,6424,-518,167,-150,0
542.5151450634003,8668,6524,11388,-145,-45,70,7392,-9304,10404,-57,156,-193,-13568,4152,5812,-983,74,-99,-13884,-5108,6544,-506,158,-133,0
542.548800945282,8652,6488,11336,-140,-40,89,7316,-9288,10244,-57,145,-177,-13692,4228,5780,-966,62,-101,-13908,-5156,6496,-766,129,-134,0
542.5823659896851,8624,6588,11228,-125,-101,118,7252,-9308,10372,-48,123,-171,-13700,4244,5744,-1001,85,-84,-13800,-5192,6312,-518,144,-144,0
542.6156280040741,8948,6636,11508,-145,-55,107,7292,-9348,10424,-12,132,-163,-13616,4228,5884,-995,79,-65,-13920,-5284,6476,-515,134,-104,0
542.6489019393921,8660,6884,11252,-127,-41,101,7340,-9300,10192,-44,133,-152,-13592,4148,5928,-990,88,-60,-13916,-5136,6452,-505,100,-106,0
542.6821830272675,8656,6616,11108,-111,-69,75,7348,-9332,10332,-81,160,-145,-13764,4184,5740,-981,86,-82,-14024,-5328,6468,-502,147,-135,0
542.7155990600586,8552,6532,11192,-134,-57,88,7292,-9356,10276,-45,141,-185,-13660,4188,5884,-964,89,-59,-13936,-4904,6472,-493,172,-126,0
542.7492170333862,8720,6612,11100,-123,-66,98,7284,-9304,10272,-40,138,-155,-13596,4284,5748,-989,87,-32,-13940,-5308,6556,-510,124,-131,0
542.7828631401062,8656,6508,11268,-150,-32,92,7384,-9292,10296,-41,136,-162,-13680,4208,5668,-989,102,-73,-13588,-5344,6460,-499,119,-149,0
542.8161470890045,8640,6592,11240,-154,-69,80,7300,-9392,10264,-71,157,-160,-13800,4296,5760,-953,85,-93,-13928,-4892,6396,-481,154,-116,0
542.8497159481049,8608,6632,11348,-135,-80,97,7388,-9316,10344,-48,142,-191,-13632,4192,5900,-1014,100,-98,-13896,-5060,6536,-533,159,-96,0
542.8831870555878,8736,6636,11112,-175,-73,104,7236,-9408,10392,-254,140,-181,-13572,4200,5932,-1021,105,-85,-13964,-5084,6504,-513,183,-110,0
542.9166009426117,8664,6592,11360,-145,-79,91,7256,-9344,10284,-4,123,-201,-13704,4236,5860,-987,131,-54,-13832,-5216,6576,-484,194,-77,0
542.9499740600586,8576,6596,11344,-186,-126,104,7412,-9332,10280,14,141,-190,-13732,4208,5880,-964,150,-132,-13920,-5172,6604,-466,202,-93,0
542.983638048172,8756,6508,11276,-186,-120,123,7360,-9348,10256,-24,139,-225,-13680,4188,5692,-973,127,-122,-13856,-5288,6472,-511,207,-108,0
543.0171439647675,8664,6652,11276,-167,-116,115,7280,-9020,10356,248,140,-206,-13624,4148,5696,-980,90,-129,-13836,-5228,6540,-500,182,-92,0
543.0506520271301,8736,6584,11136,-157,-130,132,7364,-9328,10368,-12,139,-185,-13736,4056,5900,-957,121,-125,-13832,-5172,6492,-502,204,-89,0
543.0842931270599,8708,6572,11340,-178,-109,129,7364,-9256,10276,-27,170,-194,-13612,4108,5852,-988,117,-74,-13920,-5080,6316,-467,179,-48,0
543.1176609992981,8648,6648,11304,-193,-156,137,7324,-9300,10484,6,131,-207,-13652,4248,5684,-985,137,-139,-13864,-4908,6348,-494,225,-68,0
543.1509840488434,8708,6624,11320,-197,-164,149,7332,-9308,10276,-1,138,-218,-13708,4128,5652,-978,166,-126,-13912,-5144,6360,-497,206,-59,0
543.1845381259918,8568,6632,11156,-175,-163,144,7372,-9316,10392,6,149,-200,-13600,4272,5704,-996,158,-139,-13948,-5300,6508,-494,200,-80,0
543.2179579734802,8692,6592,11212,-178,-165,140,7416,-9300,10312,-21,116,-209,-13640,3956,5828,-962,157,-79,-13928,-5168,6456,-506,229,-74,0
543.2516279220581,8664,6580,11152,-174,-163,143,7344,-9300,10288,-11,138,-209,-13752,3856,5792,-992,158,-107,-13868,-5148,6400,-760,202,-54,0
543.2852909564972,8672,6480,11172,-175,-156,148,7304,-9276,10316,-10,133,-210,-13660,4252,5892,-984,147,-138,-13920,-5024,6428,-492,168,-70,0
543.3186149597168,8732,6488,11432,-172,-165,125,7296,-9288,10268,-12,118,-213,-13636,4156,5888,-998,134,-119,-13980,-5032,6644,-487,179,-86,0
543.3520979881287,8676,6568,11204,-161,-130,160,7336,-9208,10416,-9,125,-190,-13576,4188,5800,-996,137,-119,-14000,-5112,6464,-494,199,-88,0
543.3854739665985,8572,6480,11388,-177,-157,127,7304,-9392,10376,-8,134,-220,-13752,4132,5572,-982,126,-134,-13940,-5104,6480,-479,201,-95,0
543.4191920757294,8648,6568,11112,-162,-137,138,7404,-9216,10348,-24,104,-203,-13656,4276,5880,-985,150,-115,-14028,-5336,6416,-487,181,-108,0
543.452831029892,8752,6496,11236,-127,-141,129,7348,-9364,10328,254,132,-203,-13704,4204,5672,-1005,113,-129,-13892,-5368,6452,-492,192,-103,0
543.4890871047974,8792,6492,11380,-179,-142,137,7280,-9032,10316,26,137,-195,-13636,4224,5832,-987,92,-153,-13988,-4980,6476,-768,160,-58,0
543.5249810218811,8768,6632,11212,-147,-155,87,7340,-9320,10368,-25,129,-223,-13812,4144,5728,-965,118,-137,-14024,-5364,6620,-489,203,-81,0
543.5607290267944,8820,6548,11204,-189,-150,124,7392,-9272,10328,-8,136,-236,-13796,4284,5636,-973,136,-121,-13940,-4964,6368,-465,175,-107,0
543.596244096756,8712,6544,11128,-147,-120,140,7416,-9460,10416,-10,133,-177,-13688,4220,5712,-770,110,-126,-13944,-5120,6192,-467,116,-110,0
543.6322340965271,8696,6520,11272,-154,-80,125,7220,-9292,10432,-9,152,-162,-13612,4168,5760,-1012,131,-90,-14064,-5036,6572,-523,129,-87,0
543.6682350635529,8680,6492,11432,-159,-129,112,7308,-9412,10432,-48,146,-186,-13700,4240,5880,-1000,121,-143,-13932,-5148,6312,-524,158,-84,0
543.7029340267181,8936,6436,11120,-100,-148,145,7316,-9228,10256,-51,115,-185,-13728,4108,5816,-1007,103,-137,-13952,-5032,6384,-497,166,-111,0
543.7393701076508,8708,6556,11164,-126,-138,97,7280,-9292,10392,-28,100,-222,-13616,4164,5732,-769,135,-92,-13808,-4996,6308,-528,180,-127,0
543.7750060558319,8776,6536,10956,-113,-94,87,7416,-8964,10316,-46,111,-194,-13660,4140,5628,-1004,101,-68,-13948,-5108,6376,-470,152,-128,0
543.8109390735626,8788,6504,11124,-179,-57,106,7296,-9040,10268,-11,130,-148,-13652,4164,5768,-990,99,-95,-13960,-5020,6464,-493,121,-151,0
543.846216917038,8716,6476,11196,-170,-46,75,7360,-9336,10480,-52,172,-158,-13600,4148,5684,-995,46,-25,-14044,-5008,6420,-489,156,-152,0
543.8823850154877,8792,6496,11164,-144,-71,106,7356,-9248,10348,-20,116,-166,-13716,3916,5872,-1000,64,-55,-14040,-5016,6392,-765,113,-158,0
543.9180951118469,8704,6584,11244,-107,-62,115,7280,-9316,10364,-54,134,-143,-13704,4180,5868,-1004,54,-74,-13896,-5044,6392,-530,122,-157,0
543.9531531333923,8956,6484,11116,-123,-52,76,7168,-9352,10348,-34,124,-179,-13648,4200,5836,-997,103,-34,-13956,-5308,6460,-471,157,-147,0
543.9892189502716,8624,6584,11428,-142,-43,90,7384,-9348,10328,-22,150,-184,-13660,4192,5700,-1004,93,-89,-13860,-5112,6524,-487,145,-137,0
544.0247509479523,8456,6480,11164,-112,-57,103,7412,-9372,10384,-42,125,-169,-13732,4180,5828,-1006,94,-92,-14064,-5144,6316,-513,147,-118,0
544.0607569217682,8752,6524,11304,-117,-62,80,7192,-9312,10316,-49,147,-168,-13640,4108,5876,-972,81,-87,-13804,-5076,6384,-517,155,-131,0
544.0961890220642,8940,6584,11188,-117,-68,100,7420,-9264,10416,-46,155,-187,-13780,4136,5736,-990,82,-71,-13984,-5068,6400,-494,138,-137,0
544.1328129768372,8808,6640,11372,-133,-68,94,7400,-9440,10340,-34,148,-182,-13644,4176,5780,-1011,91,-55,-13824,-5160,6400,-482,130,-155,0
544.1663510799408,8672,6552,11344,-138,9,77,7324,-9244,10448,-70,147,-144,-13672,4168,5792,-992,79,-68,-13968,-5000,6424,-508,135,-123,0
544.200010061264,8844,6532,11236,-146,-40,101,7520,-9364,10316,-34,124,-134,-13620,4252,5716,-999,65,-95,-13924,-5184,6224,-259,110,-155,0
544.2335820198059,8692,6452,11288,-145,-25,65,7388,-9288,10320,-24,141,-144,-13744,4192,5800,-1032,30,-64,-13908,-5056,6564,-495,119,-147,0
544.2671799659729,8652,6436,11488,-98,-4,73,7360,-9280,10436,-37,140,-167,-13596,4168,5872,-1001,67,-53,-13936,-4896,6380,-508,108,-141,0
544.3006579875946,8692,6400,11224,-113,-43,48,7172,-9380,10332,-68,156,-174,-13708,4276,5808,-970,72,-52,-13896,-5156,6416,-481,146,-151,0
544.3341729640961,8644,6468,11464,-123,-28,73,7324,-9288,10472,-52,141,-148,-13660,4220,5712,-1002,47,-61,-13924,-5120,6416,-492,150,-147,0
544.3676419258118,8640,6540,11492,-77,-41,93,7292,-9236,10328,-55,151,-152,-13692,4236,5752,-1012,54,-64,-13848,-5128,6528,-491,120,-167,0
544.4010679721832,8708,6568,11316,-120,-45,77,7360,-9344,10256,-46,173,-132,-13664,4188,5860,-961,50,-99,-13844,-5024,6452,-502,109,-166,0
544.4346549510956,8632,6600,11508,-124,-54,87,7204,-9284,10304,-75,141,-145,-13760,4284,5748,-970,115,-89,-13876,-5076,6408,-750,158,-153,0
544.4683079719543,8664,6576,11108,-95,-61,113,7360,-9276,10408,-35,162,-166,-13712,4140,5928,-1001,89,-40,-13880,-5096,6280,-496,140,-143,0
544.501354932785,8620,6608,11344,-141,-78,111,7380,-9408,10240,-4,129,-163,-13424,4204,5776,-771,102,-70,-13876,-5124,6332,-527,194,-104,0
544.5349209308624,8648,6640,11216,-79,-67,95,7344,-9340,10452,-23,99,-188,-13716,4232,5668,-1003,112,-120,-13976,-5048,6440,-495,147,-113,0
544.5684411525726,8892,6516,11204,-122,-112,116,7288,-9300,10364,-42,125,-174,-13692,4144,5760,-978,98,-89,-13844,-4908,6556,-481,147,-136,0
544.6016781330109,8956,6548,11268,-131,-44,101,7376,-9332,10372,-32,150,-163,-13656,4228,5620,-1002,86,-59,-14080,-5280,6468,-468,137,-127,0
544.6350610256195,8828,6552,11312,-124,-67,92,7324,-9288,10396,-255,138,-161,-13672,4164,6128,-1001,101,-19,-13856,-5368,6560,-493,102,-134,0
544.6687240600586,8584,6624,11204,-122,-67,98,7412,-9368,10380,-45,137,-149,-13652,4304,5844,-996,77,-52,-13904,-5124,6512,-515,140,-127,0
544.7021729946136,8716,6584,11172,-100,-69,88,7372,-9316,10396,-42,148,-163,-13660,4172,5776,-982,80,-79,-13948,-5156,6436,-511,141,-141,0
544.7356021404266,8476,6472,11128,-115,-55,85,7392,-9260,10268,-38,153,-164,-13644,4152,5868,-991,66,-124,-13940,-5220,6428,-499,142,-127,0
544.7691969871521,8640,6640,11172,-142,-24,109,7280,-9288,10408,-33,130,-187,-13692,4248,5780,-996,126,-80,-13892,-5068,6372,-514,176,-119,0
544.8027219772339,8668,6532,11424,-143,-75,99,7352,-9240,10392,-251,139,-192,-13680,4144,5936,-1022,120,-52,-13800,-5076,6536,-531,167,-117,0
544.8364100456238,8604,6608,11360,-152,-65,117,7384,-9276,10040,-12,115,-164,-13648,4264,5800,-976,121,-103,-13880,-5028,6540,-480,174,-132,0
544.869952917099,8632,6616,11368,-175,-70,110,7424,-9260,10356,26,136,-195,-13744,4204,5896,-990,89,-125,-13876,-5128,6420,-504,195,-97,0
544.903039932251,8588,6648,11492,-153,-79,123,7364,-9348,10368,-254,168,-176,-13676,4196,5868,-1000,114,-152,-13868,-5152,6524,-503,173,-98,0
544.9369969367981,8672,6640,11280,-162,-94,109,7356,-9280,10388,-14,162,-215,-13740,4216,5764,-970,137,-112,-13928,-5192,6456,-479,168,-116,0
544.9704909324646,8628,6524,11172,-175,-134,122,7336,-9336,10400,-9,122,-211,-13684,4304,5824,-979,128,-65,-13920,-5108,6408,-766,168,-68,0
545.0039451122284,8776,6580,11228,-160,-127,134,7344,-9328,10456,-6,106,-171,-13688,4116,5620,-1035,118,-80,-13836,-4884,6200,-482,187,-99,0
545.0375690460205,8708,6556,11172,-207,-128,135,7316,-9032,10452,17,125,-170,-13384,4152,6120,-977,136,-116,-13868,-5128,6640,-507,170,-86,0
545.0710899829865,8568,6588,11176,-169,-118,142,7332,-9024,10632,-7,138,-200,-13604,4188,5692,-992,140,-159,-13936,-5176,6400,-489,210,-47,0
545.1049249172211,8588,6612,11344,-191,-122,125,7404,-9344,10308,16,180,-207,-13676,4212,5852,-967,144,-165,-14076,-5076,6420,-465,220,-79,0
545.1380031108856,8716,6472,11300,-204,-142,158,7332,-9256,10332,7,140,-198,-13740,4276,6140,-1025,188,-98,-13928,-5004,6380,-470,194,-58,0
545.1747329235077,8692,6588,11428,-170,-146,160,7364,-9184,10368,2,144,-171,-13608,4196,5776,-987,151,-102,-13880,-5060,6428,-481,127,-79,0
545.2104229927063,8596,6512,11276,-171,-153,136,7324,-9348,10484,-43,136,-174,-13764,4220,5832,-969,137,-140,-13904,-5304,6464,-486,150,-69,0
545.245521068573,8744,6516,11320,-197,-140,151,7352,-9300,10436,-8,158,-205,-13768,4264,5692,-990,120,-114,-13968,-5072,6420,-506,194,-114,0
545.2817831039429,8600,6532,11280,-167,-180,132,7432,-9260,10448,22,134,-201,-13620,4220,5872,-1017,149,-140,-13596,-5092,6536,-523,224,-82,0
545.3177580833435,8564,6576,11116,-180,-135,140,7268,-9296,10312,8,103,-198,-13608,4348,5740,-1023,183,-113,-13864,-4892,6460,-471,217,-92,0
545.3525240421295,8736,6528,11044,-177,-184,142,7444,-9244,10376,-249,102,-236,-13672,4196,5772,-1017,153,-128,-13932,-5128,6476,-491,225,-93,0
545.3882670402527,8720,6556,11344,-169,-149,127,7356,-9320,10404,-252,137,-209,-13724,4196,5908,-1016,141,-144,-13992,-5076,6148,-493,172,-98,0
545.423926115036,8696,6528,11360,-151,-146,124,7452,-9268,10404,-11,140,-205,-13728,4220,5964,-1010,105,-113,-13956,-4908,6420,-509,187,-101,0
545.4594850540161,8628,6568,11044,-139,-127,143,7384,-9232,10412,-30,107,-190,-13656,4176,5796,-1018,103,-104,-13836,-5028,6424,-507,171,-90,0
545.4947240352631,8712,6532,11484,-172,-141,98,7232,-9244,10696,-41,150,-205,-13608,4192,5772,-998,115,-97,-13888,-5112,6152,-489,145,-95,0
545.5301759243011,8708,6584,11272,-184,-146,109,7460,-9356,10276,-36,151,-207,-13608,4140,5852,-980,120,-144,-13924,-5080,6524,-488,187,-70,0
545.5655109882355,8916,6484,11488,-164,-145,128,7372,-9324,10524,-10,146,-203,-13656,4212,5708,-1001,131,-132,-13904,-5100,6428,-529,187,-76,0
545.6018509864807,8728,6492,11248,-132,-137,138,7408,-9284,10192,-42,89,-204,-13700,3864,5788,-990,136,-80,-14000,-5068,6428,-491,216,-100,0
545.6379971504211,8508,6556,11352,-125,-153,101,7416,-9248,10248,-22,103,-194,-13600,4208,5672,-1018,106,-107,-13920,-5068,6336,-496,129,-129,0
545.6735019683838,8448,6516,11276,-121,-108,113,7352,-9292,10388,-47,113,-197,-13716,4204,5840,-990,103,-101,-13964,-5060,6392,-535,145,-114,0
545.7089159488678,8844,6488,11140,-141,-103,77,7408,-9000,10248,-70,123,-170,-13720,4160,5568,-1001,102,-55,-13912,-4872,6416,-482,124,-141,0
545.7443759441376,8840,6488,11316,-123,-49,121,7432,-9352,10272,-45,135,-149,-13712,4072,5828,-990,79,-54,-14072,-5064,6388,-534,112,-175,0
545.7795090675354,8800,6452,11216,-123,-4,62,7356,-9288,10328,-24,119,-134,-13752,4180,5764,-1060,51,-86,-13940,-5172,6436,-532,128,-175,0
545.8160181045532,8708,6532,11108,-105,-46,71,7332,-9404,10380,-10,142,-135,-13708,3872,5856,-1001,85,-89,-13852,-4952,6468,-502,100,-157,0
545.8496930599213,8732,6568,11272,-111,-48,94,7172,-9352,10596,-67,136,-176,-13644,4216,5560,-947,83,-95,-13964,-5108,6592,-504,133,-161,0
545.8830749988556,8724,6460,11128,-150,-55,92,7332,-9260,10280,-64,138,-174,-13752,4260,5880,-993,63,-65,-13876,-5084,6460,-463,131,-151,0
545.91685795784,8756,6424,11132,-113,-17,94,7408,-9248,10292,-18,162,-117,-13704,4256,5848,-995,48,-37,-13932,-5052,6248,-493,90,-184,0
545.9503509998322,8636,6528,11188,-124,255,64,7172,-9028,10248,-19,163,-144,-13748,4276,5656,-991,52,-36,-13888,-5348,6484,-509,69,-177,0
545.9837410449982,8748,6580,11184,-138,-24,64,7356,-9452,10452,-51,153,-141,-13620,4152,5968,-972,32,-86,-13904,-4968,6408,-493,89,-180,0
546.0171389579773,8608,6472,11192,-124,-24,85,7352,-9316,10356,-77,132,-170,-13748,4104,5760,-970,70,-89,-13948,-5136,6492,-520,121,-148,0
546.0507659912109,8740,6564,11228,-111,-19,56,7316,-9236,10316,-32,110,-185,-13584,4172,5984,-1009,94,-83,-13792,-4980,6448,-760,167,-144,0
546.0843770503998,8604,6584,11340,-126,-49,80,7388,-9260,10252,-34,111,-170,-13324,4140,5732,-988,112,-64,-13896,-5080,6456,-498,174,-138,0
546.1177570819855,8664,6596,11388,-104,-68,89,7328,-9272,10252,-35,107,-181,-13712,4156,5732,-991,77,-140,-13912,-5136,6484,-490,163,-120,0
546.1510190963745,8604,6528,11260,-145,-62,85,7332,-9256,10348,-38,148,-164,-13736,4164,5756,-982,80,-84,-13828,-4948,6452,-465,112,-125,0
546.1844160556793,8640,6588,11400,-135,-68,66,7416,-9272,10376,-255,151,-158,-13604,4184,5892,-1005,29,-64,-13844,-5032,6468,-496,151,-140,0
546.2176940441132,8588,6588,11148,-164,-75,66,7272,-9232,10372,-44,120,-170,-13688,4204,5752,-986,82,-41,-13896,-5120,6436,-512,129,-156,0
546.2511930465698,8568,6648,11096,-124,-29,80,7288,-9020,10388,-47,144,-143,-13636,4264,5684,-991,74,-80,-13840,-5168,6604,-490,126,-127,0
546.2848119735718,8688,6492,11204,-142,-46,69,7264,-9312,10368,-64,138,-184,-13648,4132,5840,-987,56,-92,-13972,-5296,6384,-501,127,-146,0
546.318244934082,8668,6544,11084,-135,-69,81,7416,-9348,10460,-33,148,-171,-13712,4228,5824,-998,105,-94,-13880,-5316,6540,-509,165,-113,0
546.3518009185791,8688,6636,11460,-140,-81,98,7352,-9348,10316,-32,131,-196,-13724,4220,5788,-1023,117,-96,-13940,-5268,6432,-516,153,-120,0
546.3852300643921,8908,6608,11232,-122,-80,134,7368,-9248,10268,-47,82,-193,-13648,4220,5828,-997,99,-82,-13872,-5204,6852,-491,158,-139,0
546.4188330173492,8728,6576,11144,-121,-77,90,7332,-9300,10276,-15,125,-176,-13676,4104,5944,-989,91,-77,-14060,-4868,6608,-526,173,-129,0
546.4524149894714,8696,6580,11200,-128,-82,107,7588,-9244,10424,-31,155,-174,-13560,4092,5732,-1000,79,-82,-14000,-5100,6448,-494,146,-113,0
546.48601603508,8628,6600,11308,-163,-72,88,7380,-9260,10356,-66,114,-177,-13620,4276,5828,-979,96,-99,-13920,-5048,6448,-486,135,-129,0
546.5194690227509,8472,6504,11332,-142,-57,92,7352,-9364,10272,-47,145,-160,-13660,4184,6120,-991,76,-31,-13836,-5068,6524,-514,157,-110,0
546.5529041290283,8660,6504,11260,-158,-48,95,7656,-9336,10336,-21,150,-169,-13700,4236,5860,-1020,80,-60,-13852,-5140,6608,-515,141,-108,0
546.5866129398346,8620,6524,11292,-134,-40,113,7252,-9276,10252,-29,143,-175,-13660,4252,5964,-1002,104,-68,-13956,-5248,6408,-497,140,-126,0
546.6199131011963,8572,6512,11380,-129,-97,82,7380,-9300,10372,-52,141,-184,-13680,4184,5792,-964,69,-102,-14048,-5068,6452,-473,198,-137,0
546.6530530452728,8620,6588,11388,-164,-73,82,7460,-9264,10320,254,139,-177,-13708,4204,5844,-966,109,-91,-13896,-5168,6332,-460,150,-125,0
546.6865561008453,8600,6480,11472,-149,-48,92,7364,-9356,10320,253,139,-172,-13660,4228,5952,-1035,87,-49,-13984,-5160,6512,-455,155,-127,0
546.719927072525,8592,6628,11328,-196,-66,85,7400,-9264,10308,-3,158,-165,-13448,4152,5816,-969,76,-52,-13844,-5168,6544,-489,113,-139,0
546.7534549236298,8700,6492,11604,-188,-98,116,7616,-9396,10464,-35,177,-203,-13552,4160,5816,-1005,110,-119,-13840,-5172,6344,-494,150,-88,0
546.7871210575104,8828,6492,11320,-149,-133,99,7296,-9288,10380,-1,155,-200,-13708,4248,5864,-994,114,-161,-13828,-5148,6508,-493,191,-116,0
546.8205659389496,8612,6580,11328,-175,-146,136,7348,-9296,10368,2,113,-201,-13584,4228,5952,-984,175,-173,-13844,-5220,6344,-519,219,-75,0
546.858598947525,8540,6652,11464,-168,-135,141,7276,-9288,10224,-17,123,-246,-13572,4132,5500,-990,161,-150,-13836,-5148,6572,-267,206,-69,0
546.8938760757446,8652,6564,11240,-185,-144,142,7356,-9336,10452,15,142,-220,-13648,4204,5708,-957,143,-128,-13888,-5252,6492,-481,182,-46,0
546.9292800426483,8944,6532,11412,-208,-119,138,7376,-9232,10296,6,142,-217,-13688,4188,5796,-984,139,-162,-14072,-5080,6636,-760,219,-71,0
546.9648780822754,8464,6604,11172,-187,-139,170,7384,-9356,10308,-28,138,-189,-13580,4256,6024,-1011,150,-101,-13656,-5340,6404,-493,209,-67,0
547.0008330345154,8708,6572,11104,-166,-170,159,7592,-9424,10340,-5,113,-232,-13636,4048,5968,-993,147,-146,-13888,-5032,6452,-517,192,-51,0
547.0357239246368,8672,6520,11092,-177,-159,161,7432,-9192,10444,-4,145,-228,-13736,4240,5716,-982,165,-117,-13872,-5016,6480,-489,203,-58,0
547.0712220668793,8872,6576,11320,-191,-156,142,7392,-9300,10248,0,126,-221,-13648,4240,5772,-1003,179,-135,-13880,-5052,6612,-482,206,-68,0
547.1100299358368,8604,6560,11268,-185,-155,149,7372,-9300,10440,5,138,-196,-13672,4196,6060,-1002,96,-149,-13860,-5116,6368,-758,212,-81,0
547.1455149650574,8704,6500,11224,-176,-136,164,7284,-9320,10348,28,118,-204,-13612,4324,5796,-1031,140,-154,-13852,-5108,6428,-496,177,-93,0
547.1818261146545,8640,6624,11164,-160,-152,168,7332,-9244,10484,0,114,-185,-13720,4172,5772,-1006,138,-114,-13908,-5164,6432,-504,181,-84,0
547.2182879447937,8708,6404,11224,-155,-145,143,7364,-9292,10428,3,132,-214,-13708,4192,5948,-994,165,-104,-13868,-5112,6524,-497,196,-86,0
547.2536959648132,8652,6508,11132,-186,-162,132,7408,-9232,10276,-11,126,-219,-13720,4184,5796,-981,150,-129,-13936,-5068,6588,-481,205,-80,0
547.2896270751953,8684,6516,11480,-185,-130,119,7224,-9288,10388,-16,135,-216,-13688,4120,5808,-986,135,-126,-14060,-4888,6388,-514,169,-77,0
547.325070142746,8696,6424,11276,-150,-169,113,7416,-9204,10320,-8,124,-193,-13780,4280,5652,-1024,118,-115,-13844,-5208,6376,-499,186,-109,0
547.3607051372528,8928,6452,11468,-184,-137,150,7372,-9196,10328,28,153,-184,-13648,4128,6036,-1030,96,-100,-13888,-5116,6352,-509,157,-95,0
547.3957159519196,8872,6480,11128,-126,-124,117,7348,-9324,10468,-37,120,-196,-13620,4236,5784,-988,112,-95,-14020,-5036,6396,-488,198,-80,0
547.4316821098328,8756,6440,11080,-158,-150,113,7364,-9320,10428,-10,139,-212,-13700,4208,5832,-960,136,-151,-13940,-4924,6448,-496,208,-77,0
547.4677789211273,8720,6424,11072,-156,-145,134,7428,-9232,10260,13,110,-187,-13672,3924,5636,-984,132,-110,-13896,-5312,6152,-488,167,-98,0
547.5033140182495,8768,6468,11176,-139,-109,105,7360,-9264,10412,-14,136,-165,-13668,4016,5644,-1007,98,-121,-13908,-5180,6368,-487,124,-109,0
547.5370841026306,8684,6404,11484,-151,-105,105,7420,-9460,10368,-74,125,-171,-13680,4220,5884,-992,84,-64,-13852,-5152,6592,-266,104,-131,0
547.5702769756317,8640,6520,11092,-106,-80,83,7252,-9272,10256,-91,121,-186,-13692,4196,5684,-987,80,-37,-14000,-5032,6364,-535,149,-154,0
547.6036479473114,8744,6476,11376,-92,-66,93,7184,-9240,10452,-14,164,-188,-13720,4148,5736,-1272,92,-101,-13924,-5040,6512,-494,159,-128,0
547.6370460987091,8696,6496,11176,-141,-37,81,7352,-9204,10308,-1,130,-200,-13660,4348,5828,-1022,134,-104,-13976,-4976,6420,-471,153,-118,0
547.6703040599823,8792,6476,11276,-148,-75,85,7364,-9260,10352,-57,117,-177,-13640,4168,5720,-1010,110,-50,-13888,-5072,6544,-456,144,-152,0
547.7035460472107,8776,6544,11196,-158,-55,75,7344,-9236,10456,-29,109,-157,-13736,4212,5944,-994,116,-39,-13604,-5088,6476,-503,133,-157,0
547.7394969463348,8756,6460,11244,-116,-78,78,7412,-9304,10472,-32,145,-152,-13708,4156,5720,-997,61,-96,-13652,-5036,6152,-536,112,-165,0
547.773157119751,8720,6460,11352,-106,-19,109,7412,-9212,10564,-38,138,-156,-13616,4160,5604,-1030,62,-74,-13912,-5072,6372,-515,101,-151,0
547.806755065918,8612,6532,11172,-98,-37,71,7356,-9272,10484,-45,113,-153,-13664,4200,5824,-987,57,-57,-13884,-5164,6464,-495,108,-148,0
547.8404960632324,8956,6560,11248,-116,-56,71,7468,-9240,10268,-40,155,-147,-13700,4204,5656,-997,52,-35,-13988,-5044,6512,-495,126,-153,0
547.873820066452,8652,6516,11516,-100,-25,63,7348,-9328,10492,-38,128,-162,-13736,4032,5828,-1000,77,-41,-13896,-5108,6436,-521,115,-173,0
547.907308101654,8724,6536,11316,-93,248,89,7244,-9340,10320,-54,85,-182,-13676,4252,5936,-981,94,-72,-13800,-5096,6524,-764,130,-163,0
547.9410800933838,8644,6472,11516,-97,-78,87,7404,-9172,10212,-48,128,-169,-13612,4132,5812,-1007,88,-114,-13976,-5032,6492,-510,131,-164,0
547.974739074707,8636,6592,11252,-103,-55,84,7436,-9224,10280,-29,112,-162,-13728,4180,5960,-997,74,-84,-13848,-4872,6504,-501,150,-181,0
548.008131980896,8676,6560,11012,-149,-28,54,7204,-9316,10392,-43,141,-164,-13680,4180,5836,-971,115,-86,-13852,-5016,6564,-506,128,-157,0
548.0415999889374,8544,6520,11268,-104,-52,72,7416,-9388,10408,-50,151,-180,-13696,4216,5720,-1011,69,-44,-13964,-4948,6532,-533,116,-150,0
548.0745639801025,8752,6452,11304,-96,-38,70,7332,-9280,10412,-39,115,-130,-13764,4164,5804,-1021,54,-71,-13812,-5076,6472,-525,110,-151,0
548.1081759929657,8660,6492,11304,-126,-33,101,7376,-8980,10352,-18,133,-141,-13684,4080,5856,-1008,92,-97,-13836,-5200,6476,-259,110,-136,0
548.1415960788727,8668,6640,11344,-77,-38,87,7348,-9300,10360,-89,139,-132,-13672,4040,5772,-958,81,-71,-13832,-5112,6388,-500,141,-140,0
548.1753470897675,8664,6492,11184,-119,-16,65,7424,-9072,10444,-63,151,-184,-13592,4180,5840,-1003,109,-54,-13976,-5052,6464,-481,124,-134,0
548.208683013916,8552,6564,11364,-112,-33,81,7404,-9308,10160,-12,127,-132,-13696,4128,5840,-1032,84,-20,-13884,-5216,6488,-498,144,-139,0
548.2422890663147,8560,6536,11132,-103,-29,98,7420,-9248,10344,-49,131,-145,-13680,4248,6000,-1009,75,-38,-14056,-5172,6564,-510,110,-107,0
548.2756650447845,8556,6544,11172,-133,-53,83,7336,-9336,10456,-68,164,-122,-13740,4244,5828,-999,78,-90,-13980,-5212,6208,-496,102,-127,0
548.309329032898,8568,6600,11188,-89,-61,51,7400,-9332,10400,-64,123,-180,-13672,4192,5776,-976,75,-86,-14048,-4884,6408,-517,141,-155,0
548.342945098877,8700,6588,11456,-92,-56,71,7032,-9332,10320,-39,139,-156,-13744,4296,5848,-1009,81,-69,-13872,-4904,6608,-260,172,-157,0
548.3766391277313,8676,6544,11052,-105,-48,105,7364,-9240,10312,-16,120,-170,-13628,4128,5788,-1025,117,-94,-13836,-4888,6600,-517,174,-108,0
548.4099469184875,8652,6552,11344,-115,-88,95,7360,-9308,10336,-50,130,-175,-13660,4244,5904,-1024,114,-65,-13940,-5156,6504,-495,140,-136,0
548.4437260627747,8676,6600,11140,-128,-32,85,7348,-9260,10352,-36,139,-173,-13712,4240,5752,-995,118,-69,-13912,-5200,6556,-482,150,-112,0
548.4773819446564,8708,6500,11312,-128,-62,116,7376,-9192,10280,-9,112,-168,-13660,4192,5644,-997,87,-76,-13968,-5232,6480,-495,146,-117,0
548.5133740901947,8680,6456,11188,-134,-28,102,7564,-9296,10456,-31,128,-172,-13664,4316,5676,-981,109,-25,-13588,-5300,6624,-496,137,-140,0
548.5493531227112,8660,6636,11120,-133,-60,82,7180,-9372,10448,-52,144,-200,-13744,4288,5944,-959,92,-115,-13836,-5060,6472,-487,127,-119,0
548.5840880870819,8624,6548,11324,-142,-84,83,7396,-9364,10400,-31,150,-168,-13680,4280,5936,-985,114,-44,-13880,-5060,6460,-501,156,-146,0
548.6194469928741,8648,6600,11344,-136,-68,89,7392,-9308,10308,3,141,-173,-13632,4232,6132,-1007,123,-110,-13844,-5040,6504,-497,160,-104,0
548.655002117157,8660,6592,11488,-142,-55,119,7300,-9320,10532,14,130,-173,-13672,4264,5932,-1015,158,-148,-13916,-5292,6336,-476,172,-95,0
548.6907880306244,8584,6496,11432,-161,-84,146,7608,-9360,10276,12,119,-180,-13708,4260,5740,-999,162,-126,-13788,-5276,6424,-503,197,-97,0
548.7263700962067,8628,6564,11332,-131,-151,148,7300,-9348,10352,2,158,-183,-13812,4068,5752,-970,141,-157,-13876,-5120,6492,-504,196,-100,0
548.7624459266663,8644,6544,11364,-127,-120,155,7348,-9228,10436,-12,131,-187,-13672,4212,5800,-992,157,-132,-13680,-5164,6652,-491,179,-76,0
548.7981679439545,8616,6600,11276,-170,-129,147,7324,-9184,10448,-30,142,-220,-13672,4176,5868,-1004,142,-106,-13856,-5080,6404,-494,186,-43,0
548.8332350254059,8660,6644,11252,-203,-153,126,7336,-9336,10252,-35,156,-191,-13696,4232,6036,-992,144,-143,-13948,-5132,6360,-499,169,-67,0
548.8696999549866,8752,6528,11484,-205,-111,95,7360,-9236,10288,5,148,-207,-13720,4080,5612,-1009,150,-111,-13808,-5368,6552,-491,188,-72,0
548.9048969745636,8548,6520,11148,-165,-121,147,7432,-9296,10372,-1,96,-217,-13696,4168,5884,-982,167,-104,-13800,-5108,6652,-502,221,-74,0
548.9404249191284,8860,6572,11268,-167,-174,136,7364,-9340,10312,-2,132,-207,-13752,4276,5784,-963,165,-143,-13880,-5020,6532,-488,236,-69,0
548.9760999679565,8556,6452,11040,-191,-140,174,7392,-9468,10368,15,133,-199,-13628,4116,6048,-986,167,-82,-13836,-5100,6176,-491,201,-62,0
549.0119519233704,8692,6452,11324,-164,-131,149,7624,-8996,10400,1,140,-146,-13616,4244,5912,-980,127,-137,-13828,-5164,6528,-499,117,-81,0
549.0477669239044,8704,6500,11220,-193,-104,150,7316,-9364,10356,-14,132,-172,-13688,4296,5832,-986,132,-102,-13860,-4880,6292,-511,129,-64,0
549.0828759670258,8572,6532,11252,-181,-151,151,7344,-9328,10400,-35,145,-191,-13728,4192,5844,-980,134,-98,-13800,-5160,6472,-501,180,-77,0
549.1187391281128,8860,6472,11260,-132,-177,155,7424,-9240,10364,-7,136,-240,-13580,4180,5892,-1014,179,-154,-13900,-5072,6352,-496,233,-75,0
549.1542840003967,8804,6428,11268,-135,-196,163,7312,-8968,10344,28,104,-228,-13608,4140,5444,-1027,152,-174,-13940,-5060,6492,-478,216,-62,0
549.1899509429932,8632,6452,11296,-151,-187,161,7360,-9352,10280,13,93,-242,-13752,4144,6016,-1007,177,-153,-13948,-5028,6440,-475,212,-71,0
549.2234621047974,8656,6604,11228,-180,-172,126,7440,-9296,10296,11,111,-219,-13624,4132,5900,-997,159,-117,-14132,-5080,6500,-473,189,-93,0
549.2571039199829,8640,6488,11288,-140,-142,131,7484,-9328,10372,8,137,-193,-13724,4244,5712,-996,118,-111,-13932,-5008,6428,-501,193,-79,0
549.2906460762024,8700,6584,11148,-148,-140,140,7304,-9244,10376,-3,116,-188,-13604,4200,5748,-1013,133,-99,-13748,-5320,6512,-503,175,-101,0
549.3241329193115,8672,6468,11204,-137,-145,131,7316,-9236,10656,-20,104,-182,-13656,4184,5688,-1279,142,-120,-13852,-4900,6228,-557,168,-82,0
549.357922077179,8768,6504,11168,-132,-138,154,7400,-9268,10412,-38,89,-198,-13744,4340,5728,-1007,150,-134,-13912,-5112,6484,-494,153,-79,0
549.3914489746094,8796,6480,11028,-164,-100,159,7416,-9268,10372,-21,109,-205,-13636,4148,5808,-1009,135,-110,-13628,-5088,6460,-487,186,-90,0
549.4248359203339,8732,6516,11240,-160,-142,144,7248,-8972,10412,20,148,-169,-13796,4096,5720,-1030,135,-128,-13856,-5112,6400,-764,181,-74,0
549.4584119319916,8728,6520,11436,-135,-121,134,7268,-9424,10420,-36,71,-194,-13760,4100,5692,-1010,152,-138,-13848,-4972,6292,-508,204,-88,0
549.4919500350952,8900,6444,11192,-96,-122,113,7440,-9216,10340,-32,116,-211,-13688,4196,5744,-1005,102,-93,-13980,-5100,6580,-480,190,-134,0
549.5253789424896,8760,6556,11188,-146,-86,106,7192,-9468,10340,-29,154,-211,-13700,4332,5816,-986,106,-77,-13916,-5092,6148,-456,150,-147,0
549.5586531162262,8864,6424,11232,-119,-57,89,7452,-9192,10376,-79,158,-179,-13712,3948,5688,-996,58,-39,-13968,-5092,6176,-261,90,-143,0
549.5921499729156,8804,6456,11216,-99,-74,85,7448,-9348,10476,-17,126,-153,-13712,4248,5776,-1041,70,-47,-13892,-4988,6504,-535,122,-146,0
549.6256411075592,8764,6572,11308,-126,-25,98,7492,-9296,10292,24,123,-128,-13736,3900,5664,-1011,88,-66,-14028,-5368,6388,-483,92,-148,0
549.6589469909668,8768,6520,11280,-121,5,74,7372,-9336,10364,-66,137,-162,-13584,4172,5580,-1016,97,-107,-14004,-5332,6280,-496,126,-142,0
549.6926770210266,8692,6476,11172,-125,-29,63,7388,-9272,10480,-21,129,-171,-13752,4272,5852,-993,93,-103,-13892,-5004,6512,-484,149,-164,0
549.7260730266571,8704,6480,11204,-127,-38,91,7180,-9264,10412,-11,137,-190,-13688,4132,5632,-989,77,-67,-13972,-5004,6444,-482,103,-151,0
549.7595889568329,8696,6516,11192,-122,-39,63,7420,-9176,10416,-42,137,-145,-13712,4228,5816,-992,91,-9,-13820,-5156,6604,-481,51,-159,0
549.7931039333344,8688,6492,11400,-103,-17,72,7420,-9300,10524,-30,153,-158,-13680,4196,5812,-1003,43,-65,-13848,-5116,6376,-512,106,-164,0
549.8266370296478,8764,6556,11140,-123,-19,71,7372,-9472,10300,-86,151,-158,-13712,4108,6084,-964,93,-57,-13896,-5184,6320,-506,85,-142,0
549.8603241443634,8720,6468,11244,-88,-45,75,7240,-9228,10408,-52,153,-188,-13668,4124,5820,-988,83,-100,-13868,-5020,6244,-507,162,-160,0
549.8936250209808,8740,6440,11260,-122,-68,88,7296,-9260,10224,-28,121,-171,-13816,4164,5656,-1018,95,-82,-13808,-5048,6436,-508,148,-101,0
549.9272041320801,8676,6476,11100,-101,-59,104,7416,-9276,10344,-65,96,-193,-13732,4112,5824,-1000,120,-51,-13908,-5076,6560,-489,166,-150,0
549.9606621265411,8736,6508,11100,-111,-65,82,7412,-9332,10320,-31,135,-164,-13632,4312,6140,-991,76,-64,-13936,-5132,6636,-498,135,-181,0
549.9941689968109,8748,6556,11252,-112,-56,68,7404,-9340,10412,-34,125,-179,-13808,4092,5752,-995,76,-74,-13868,-5068,6384,-485,143,-148,0
550.0277469158173,8552,6532,11256,-118,-17,91,7388,-9264,10196,-30,152,-155,-13692,4204,5816,-1016,43,-82,-13836,-4868,6272,-526,134,-138,0
550.0613131523132,8592,6560,11376,-110,-67,75,7236,-9236,10332,-64,144,-154,-13624,4044,5860,-981,49,-84,-13788,-5156,6436,-519,115,-133,0
550.0947079658508,8628,6572,11252,-106,-59,54,7380,-9320,10304,-61,156,-165,-13804,4152,5888,-989,78,-49,-13864,-4888,6652,-498,143,-160,0
550.1281509399414,8676,6508,11336,-142,-42,42,7292,-9320,10356,-33,159,-162,-13632,4160,5884,-992,85,-93,-14052,-5124,6476,-466,163,-138,0
550.161495923996,8512,6532,11056,-114,-53,90,7396,-9236,10428,-52,138,-161,-13688,4228,5976,-1003,82,-89,-13880,-5120,6412,-497,150,-115,0
550.1975481510162,8664,6524,11256,-135,-73,90,7332,-9244,10308,-32,130,-174,-13632,4224,5752,-996,105,-55,-13648,-5084,6364,-514,144,-128,0
550.2335450649261,8600,6524,11264,-93,-31,77,7344,-9328,10280,-29,154,-172,-13680,4236,5688,-1004,93,-137,-13896,-5164,6204,-763,136,-129,0
550.2688450813293,8684,6484,11224,-87,-89,66,7376,-9216,10468,-34,149,-188,-13656,4272,5808,-1004,71,-62,-13680,-5332,6292,-518,177,-134,0
550.3043601512909,8956,6600,11140,-92,-66,83,7348,-8980,10464,-58,134,-170,-13636,4236,5748,-970,100,-93,-13828,-5156,6576,-515,111,-120,0
550.3400399684906,8708,6488,11216,-138,-85,107,7224,-9276,10316,-42,139,-155,-13732,4264,6116,-992,99,-41,-13900,-5028,6624,-499,146,-131,0
550.3747780323029,8800,6488,11380,-144,-64,112,7280,-9236,10304,-25,116,-133,-13520,4156,5928,-1010,109,-102,-13900,-5124,6412,-482,124,-120,0
550.4103419780731,8568,6464,11100,-114,-45,77,7380,-9324,10448,-92,132,-173,-13660,4064,5772,-970,75,-91,-13840,-5212,6432,-536,131,-117,0
550.4454789161682,8696,6496,11108,-134,-81,73,7396,-9284,10416,-54,129,-185,-13800,4200,5864,-984,73,-67,-13860,-5000,6512,-499,147,-105,0
550.4808940887451,8468,6608,11312,-125,-59,70,7420,-9364,10432,-51,129,-149,-13668,4264,5820,-1001,115,-71,-14020,-5264,6404,-489,117,-127,0
550.5171239376068,8700,6616,11508,-131,-56,101,7472,-9180,10228,-51,120,-152,-13660,4176,5740,-988,99,-24,-13976,-5076,6636,-760,101,-110,0
550.5523180961609,8652,6572,11064,-166,-51,100,7308,-9472,10460,-67,146,-186,-13620,4180,5656,-958,62,-87,-13860,-5084,6440,-500,142,-107,0
550.5883409976959,8724,6592,11296,-137,-77,99,7408,-9348,10652,-57,132,-169,-13412,4192,6100,-966,68,-93,-13860,-5100,6644,-495,160,-133,0
550.6236369609833,8672,6592,11192,-154,-80,98,7364,-9280,10040,-14,125,-193,-13616,4312,5900,-1042,98,-77,-13888,-5084,6624,-505,187,-115,0
550.6593101024628,8600,6564,11212,-127,-63,102,7380,-9324,10360,-17,121,-193,-13712,4184,5772,-1015,122,-122,-14044,-5220,6284,-258,167,-121,0
550.6946420669556,8888,6508,11412,-152,-120,109,7360,-9296,10272,-35,116,-162,-13660,4188,5972,-983,99,-59,-14044,-4900,6424,-768,139,-114,0
550.7300999164581,8744,6564,11348,-121,-49,86,7404,-9356,10376,37,36,-159,-13708,4252,5752,-962,83,-115,-13992,-5016,6500,-501,158,-133,0
550.7653520107269,8500,6528,11092,-147,-44,96,7408,-9280,10256,-22,149,-166,-13780,4120,5668,-991,97,-99,-13820,-5236,6592,-523,148,-133,0
550.8008501529694,8796,6432,11232,-161,-73,113,7420,-9436,10372,-30,139,-174,-13580,4144,5732,-987,101,-114,-13692,-5140,6440,-511,126,-91,0
550.8389849662781,8620,6532,11308,-163,-77,102,7364,-9312,10420,-21,144,-175,-13616,4120,5776,-981,109,-115,-14064,-4920,6596,-475,145,-91,0
550.8724701404572,8644,6544,11116,-148,-106,94,7384,-9228,10348,20,150,-198,-13720,4236,5824,-984,136,-127,-13896,-5352,6500,-488,179,-111,0
550.9058480262756,8552,6488,11284,-137,-114,126,7332,-9308,10420,-255,130,-191,-13624,4200,5808,-979,132,-87,-14056,-4876,6548,-516,187,-72,0
550.9393351078033,8560,6508,11220,-152,-124,140,7296,-9344,10328,-18,115,-191,-13352,4224,5852,-989,123,-100,-13832,-5344,6576,-768,196,-71,0
550.9729399681091,8624,6516,11424,-167,-133,133,7360,-9268,10412,-16,130,-208,-13652,4240,5852,-967,157,-110,-13892,-5112,6392,-516,208,-77,0
551.0065960884094,8568,6588,11300,-170,-159,134,7300,-9276,10460,-25,127,-191,-13624,4148,6068,-1004,163,-145,-13928,-5148,6444,-509,200,-63,0
551.0400581359863,8580,6540,11304,-155,-130,143,7352,-9296,10444,-250,132,-205,-13612,4152,5648,-990,167,-146,-13912,-5012,6492,-516,177,-51,0
551.0736079216003,8704,6572,11300,-177,-140,129,7312,-9288,10296,-11,117,-204,-13748,4144,5728,-981,196,-102,-13932,-5120,6376,-480,166,-67,0
551.1071729660034,8656,6540,11300,-196,-114,144,7520,-9168,10344,-20,130,-191,-13652,4128,5844,-958,195,-89,-13904,-5148,6384,-495,160,-68,0
551.1405799388885,8736,6516,11224,-196,-180,146,7412,-9232,10712,-251,120,-205,-13716,4196,5752,-1015,152,-118,-13872,-5136,6420,-476,199,-64,0
551.1741909980774,8596,6424,11292,-200,-152,143,7428,-9260,10388,48,130,-188,-13660,4312,5856,-1018,112,-140,-14024,-5136,6356,-505,181,-81,0
551.2076239585876,8572,6544,11320,-159,-140,113,7676,-9276,10484,12,153,-183,-13640,4180,5628,-988,129,-168,-14008,-5064,6484,-486,180,-76,0
551.2412250041962,8556,6564,11344,-146,-144,113,7332,-9444,10380,-31,165,-224,-13668,4248,5748,-971,130,-129,-13868,-5000,6620,-482,222,-42,0
551.2747390270233,8484,6472,11312,-186,-163,138,7416,-9252,10356,12,151,-206,-13664,4120,5848,-1022,138,-104,-14032,-5072,6444,-483,173,-84,0
551.3083760738373,8664,6500,11208,-148,-124,153,7444,-9264,10300,-10,145,-173,-13580,4164,5828,-993,121,-65,-13832,-4944,6624,-499,107,-79,0
551.3418500423431,8604,6548,11024,-173,-141,130,7636,-9312,10368,-22,126,-166,-13620,4196,5692,-986,146,-95,-13872,-4884,6492,-502,148,-80,0
551.3755159378052,8628,6468,11176,-169,-164,137,7428,-9308,10280,-36,141,-204,-13680,4120,5760,-1006,123,-164,-13940,-5076,6440,-488,199,-74,0
551.4089159965515,8724,6560,11332,-145,-181,117,7468,-9352,10328,12,136,-212,-13752,4232,5924,-1029,129,-164,-13924,-5104,6480,-505,231,-93,0
551.4421510696411,8632,6428,11108,-177,-170,133,7240,-9464,10372,39,108,-226,-13588,4200,5672,-1008,150,-121,-13928,-4996,6504,-520,201,-85,0
551.4756820201874,8744,6584,11108,-134,-177,110,7252,-9252,10308,-18,104,-229,-13704,4164,5720,-1000,138,-116,-13992,-5316,6332,-468,205,-96,0
551.50927901268,8744,6556,11296,-189,-205,130,7416,-9236,10532,-13,125,-226,-13740,4180,5828,-966,135,-142,-13852,-4872,6152,-500,178,-89,0
551.5425970554352,8704,6588,11352,-178,-155,130,7416,-9276,10412,24,144,-221,-13816,4144,5872,-1003,125,-166,-13932,-5044,6352,-499,186,-93,0
551.5761160850525,8784,6432,11056,-147,-159,127,7424,-9072,10640,-7,130,-199,-13664,4052,5928,-1273,78,-130,-13944,-5080,6384,-510,182,-107,0
551.6099541187286,8740,6480,11192,-145,-151,141,7376,-9352,10292,-14,124,-170,-13736,4348,5864,-1009,112,-118,-13836,-4892,6360,-496,157,-104,0
551.6430170536041,8684,6488,11296,-160,-175,121,7404,-9284,10360,-38,148,-214,-13708,4176,5708,-997,143,-92,-13840,-4992,6468,-453,176,-104,0
551.6767880916595,8744,6528,11316,-169,-162,102,7348,-9320,10416,-17,166,-197,-13676,4004,5628,-986,129,-113,-13812,-5088,6348,-479,154,-77,0
551.7102160453796,8712,6504,11212,-157,-151,121,7452,-9320,10188,-46,105,-215,-13600,4164,5788,-990,145,-120,-13580,-5020,6384,-501,134,-105,0
551.7436580657959,8740,6488,11184,-116,-99,95,7416,-9212,10336,-79,105,-204,-13768,4148,5716,-1023,111,-101,-14064,-5012,6252,-522,160,-122,0
551.7773051261902,8692,6528,11236,-91,-98,112,7496,-9268,10396,-61,120,-192,-13728,4136,5800,-1005,81,-107,-14004,-5016,6616,-482,135,-158,0
551.8110570907593,8848,6632,11228,-122,-62,77,7256,-8968,10336,-43,131,-188,-13720,4136,5840,-1280,82,-56,-13844,-5156,6352,-471,159,-174,0
551.844386100769,8744,6436,11060,-138,-50,90,7420,-9196,10260,-51,154,-167,-13700,3872,6032,-1003,45,-54,-13944,-4996,6512,-495,134,-159,0
551.881087064743,8724,6612,11468,-136,-62,126,7320,-9356,10308,-19,128,-140,-13700,4344,6064,-1028,43,-48,-13976,-4976,6352,-505,137,-163,0
551.9161190986633,8768,6504,11168,-141,-57,84,7432,-9000,10704,-32,130,-140,-13692,4116,5760,-1004,53,-19,-13860,-5152,6456,-506,94,-145,0
551.9518489837646,8720,6564,11492,-117,-38,80,7400,-9312,10324,-57,152,-172,-13372,4216,5788,-985,59,-75,-13948,-5368,6400,-491,140,-150,0
551.9874680042267,8496,6452,11452,-105,-60,65,7496,-9232,10496,-27,139,-163,-13692,4224,5788,-992,76,-78,-13908,-4936,6252,-499,152,-131,0
552.0229251384735,8676,6644,11184,-135,-55,88,7328,-9340,10328,-32,162,-142,-13732,4176,5924,-1006,80,-42,-13860,-5088,6404,-493,111,-131,0
552.0582089424133,8796,6452,11108,-101,7,75,7364,-9216,10268,-48,150,-141,-13628,4100,6056,-988,46,-26,-13904,-5172,6456,-470,82,-144,0
552.0938251018524,8660,6584,11088,-122,-42,98,7296,-9312,10300,-60,121,-133,-13720,4196,5900,-1008,63,-47,-13944,-5064,6212,-492,118,-156,0
552.134740114212,8640,6524,11196,-88,-50,98,7404,-9284,10368,-50,135,-158,-13732,4040,5720,-1026,65,-50,-13896,-5068,6340,-508,117,-127,0
552.1712520122528,8608,6536,11168,-87,-39,81,7344,-9208,10392,-29,123,-184,-13664,4236,5672,-1020,93,-107,-13912,-5104,6460,-490,144,-145,0
552.2076649665833,8788,6592,11248,-90,-44,100,7392,-9296,10308,-28,113,-179,-13756,4148,5784,-1021,66,-95,-14076,-4876,6392,-487,141,-142,0
552.2432241439819,8744,6440,11348,-125,-84,79,7372,-9252,10312,-28,149,-184,-13824,4124,5812,-978,86,-55,-13968,-5044,6460,-493,136,-155,0
552.2788319587708,8708,6564,11384,-107,-51,61,7380,-9328,10376,-24,143,-201,-13752,4136,5920,-1018,92,-100,-13836,-5332,6448,-483,146,-156,0
552.3142759799957,8704,6508,11012,-103,-59,79,7464,-9348,10292,-41,139,-171,-13668,4136,6104,-978,67,-52,-13908,-5120,6368,-501,136,-169,0
552.3501040935516,8676,6600,11380,-130,-38,63,7416,-9316,10312,-45,155,-170,-13704,4116,5752,-993,63,-91,-13868,-5372,6332,-267,158,-156,0
552.3848869800568,8484,6596,11432,-112,-62,99,7468,-9336,10412,-42,153,-183,-13640,4172,5716,-983,85,-84,-14008,-4984,6488,-489,159,-170,0
552.4208340644836,8624,6528,11172,-130,-69,59,7316,-8996,10388,-52,138,-167,-13680,4220,5760,-978,86,-50,-13888,-5080,6396,-490,161,-119,0
552.457356929779,8600,6484,11012,-107,-47,111,7396,-9340,10448,-40,131,-172,-13584,4212,5880,-1013,84,-135,-13884,-5108,6528,-501,156,-139,0
552.4924111366272,8672,6548,11256,-104,-81,90,7412,-9276,10288,-27,125,-197,-13680,4232,5804,-991,93,-50,-13888,-5220,6220,-516,149,-157,0
552.5295450687408,8548,6512,11200,-107,-92,114,7312,-9248,10380,-46,122,-181,-13720,4168,6020,-1001,102,-55,-14028,-5096,6588,-522,171,-139,0
552.5631220340729,8680,6584,11224,-128,-63,110,7392,-9188,10328,-38,133,-159,-13588,4176,5696,-1001,98,-114,-13920,-5084,6408,-458,166,-124,0
552.5968790054321,8636,6596,11308,-132,-64,86,7356,-9116,10208,-59,123,-187,-13652,4164,5788,-1003,117,-89,-14004,-5076,6344,-496,107,-107,0
552.6303949356079,8752,6496,11308,-112,-50,86,7396,-9340,10252,-40,160,-169,-13632,4276,5792,-1025,64,-62,-13924,-5076,6612,-515,128,-148,0
552.6637530326843,8620,6492,11212,-143,-64,96,7376,-9272,10364,-19,153,-167,-13352,4196,5776,-998,78,-37,-13896,-5096,6404,-264,107,-140,0
552.697319984436,8608,6604,11340,-121,-44,88,7248,-9220,10448,-71,131,-163,-13684,4176,6036,-999,87,-42,-13876,-5180,6392,-500,156,-130,0
552.7309489250183,8596,6488,11312,-124,-86,60,7580,-9360,10080,-53,96,-170,-13660,4236,6016,-997,93,-69,-13848,-5092,6544,-502,169,-116,0
552.7654070854187,8648,6492,11268,-150,-60,101,7620,-9364,10392,-35,146,-169,-13612,4268,5952,-992,81,-40,-13948,-5208,6552,-767,139,-122,0
552.7989239692688,8724,6520,11204,-128,-20,99,7340,-9220,10412,-41,115,-152,-13624,4176,5840,-982,114,-49,-13948,-5008,6452,-495,120,-157,0
552.8324611186981,8768,6668,11276,-135,-40,114,7280,-9260,10300,-48,140,-178,-13692,4216,5936,-987,68,-64,-13816,-5140,6532,-497,98,-122,0
552.8660271167755,8684,6724,11308,-138,-46,91,7408,-9320,10340,-42,146,-167,-13608,4080,5844,-996,76,-97,-13776,-5148,6452,-526,162,-143,0
552.8991010189056,8600,6572,11360,-102,-43,95,7352,-9296,10284,-35,146,-180,-13788,4340,5632,-1011,83,-71,-14012,-5156,6428,-511,162,-117,0
552.9325709342957,8692,6648,11088,-138,-17,105,7420,-9224,10404,-39,123,-186,-13624,4148,5836,-987,98,-82,-13772,-5124,6424,-766,166,-111,0
552.966099023819,8500,6560,11340,-121,-68,92,7580,-9312,10292,-48,106,-167,-13640,4180,5684,-985,135,-95,-13960,-4996,6540,-259,147,-134,0
552.999794960022,8732,6512,11240,-142,-78,91,7360,-9224,10432,-32,160,-179,-13676,4172,6080,-992,125,-111,-13888,-5208,6504,-520,156,-141,0
553.0334680080414,8592,6608,11400,-144,-39,109,7480,-9240,10224,-1,160,-191,-13712,4128,5832,-1024,124,-119,-13848,-4920,6404,-488,169,-130,0
553.0671319961548,8636,6592,11172,-177,-67,128,7360,-9388,10380,0,133,-178,-13632,4220,5776,-1000,131,-131,-14052,-5132,6244,-483,145,-115,0
553.1006269454956,8660,6576,11320,-171,-105,111,7360,-9428,10320,248,133,-167,-13652,4220,5776,-994,127,-108,-13828,-4900,6452,-504,164,-85,0
553.1338419914246,8692,6588,11264,-165,-141,97,7416,-9376,10492,-17,129,-213,-13608,4224,5712,-949,121,-125,-13896,-5088,6500,-497,178,-76,0
553.1672439575195,8624,6520,11412,-164,-138,121,7320,-9340,10612,-14,124,-223,-13660,4240,5848,-1011,114,-128,-13604,-4868,6396,-501,181,-69,0
553.2007670402527,8636,6492,11132,-144,-162,122,7316,-9256,10412,6,155,-211,-13600,4224,6108,-994,168,-136,-13796,-5260,6464,-506,192,-86,0
553.2340960502625,8536,6412,11248,-174,-154,143,7408,-9324,10328,8,111,-201,-13708,4200,5764,-976,140,-118,-13904,-5344,6480,-486,223,-75,0
553.267655134201,8664,6592,11224,-202,-185,130,7388,-9248,10336,-18,109,-214,-13660,4156,5800,-982,155,-126,-13884,-5052,6472,-514,201,-51,0
553.3013191223145,8768,6656,11236,-190,-180,167,7336,-9228,10340,-18,107,-202,-13672,4176,5840,-983,151,-82,-13852,-4884,6220,-496,207,-67,0
553.3349080085754,8676,6592,11364,-197,-157,148,7432,-9320,10372,-256,139,-204,-13696,4220,5848,-967,164,-143,-13856,-5180,6308,-504,212,-51,0
553.3685989379883,8756,6560,11280,-185,-149,166,7420,-9308,10228,251,131,-186,-13732,4140,5772,-994,133,-147,-13856,-5164,6612,-504,187,-88,0
553.4018769264221,8660,6520,11268,-185,-113,159,7416,-9004,10260,-36,117,-226,-13708,4108,5720,-994,177,-105,-13988,-5108,6444,-470,155,-78,0
553.4353420734406,8668,6568,11456,-159,-173,133,7364,-9376,10316,-18,151,-188,-13720,4284,5760,-1009,136,-102,-13852,-5160,6548,-258,171,-71,0
553.4690780639648,8764,6440,11136,-184,-143,125,7368,-9468,10400,19,149,-180,-13640,4160,5828,-988,108,-63,-13960,-5164,6420,-465,199,-76,0
553.5026180744171,8644,6628,11140,-146,-147,144,7300,-9232,10348,35,134,-196,-13668,4128,5740,-1003,142,-139,-13884,-5188,6536,-489,154,-100,0
553.53617811203,8768,6564,11372,-163,-158,129,7312,-9320,10416,-16,141,-230,-13712,4196,6000,-959,157,-144,-13884,-4880,6552,-481,215,-45,0
553.573408126831,8692,6476,11264,-190,-180,124,7420,-9288,10204,3,138,-212,-13636,4172,5852,-976,133,-174,-13840,-5112,6288,-484,189,-86,0
553.609265089035,8460,6484,11408,-155,-151,161,7436,-9228,10552,-25,143,-169,-13752,4220,5688,-988,123,-54,-13836,-5060,6348,-491,108,-79,0
553.6448440551758,8552,6532,11176,-159,-147,133,7408,-9212,10492,-10,128,-154,-13652,4240,5808,-992,103,-98,-13804,-5112,6476,-508,149,-70,0
553.6803870201111,8952,6584,11204,-152,-155,111,7280,-9236,10380,-46,136,-203,-13648,3936,5788,-1004,142,-148,-13868,-5048,6352,-527,180,-44,0
553.7160120010376,8948,6544,11344,-135,-138,146,7204,-9308,10280,-255,147,-199,-13672,3900,5640,-1013,129,-140,-13984,-4976,6504,-764,202,-96,0
553.7519979476929,8592,6464,11112,-174,-157,141,7440,-8988,10464,233,150,-214,-13600,3952,5828,-1279,158,-150,-13848,-5056,6648,-476,200,-73,0
553.7881591320038,8696,6536,11200,-167,-172,133,7424,-9248,10400,-27,134,-248,-13708,4320,5916,-982,141,-159,-13932,-5116,6208,-515,191,-82,0
553.8239269256592,8900,6620,11092,-152,-157,133,7396,-9240,10324,-55,126,-207,-13716,4128,5840,-960,128,-124,-13864,-5300,6420,-521,175,-126,0
553.8594830036163,8796,6468,11392,-118,-137,109,7524,-9464,10268,-47,105,-205,-13712,4144,5788,-978,122,-106,-14044,-5044,6280,-496,163,-120,0
553.89439702034,8800,6204,11080,-110,-118,103,7348,-9216,10348,-64,127,-199,-13672,4104,5780,-1021,105,-86,-13852,-5040,6476,-261,118,-140,0
553.9303951263428,8804,6532,11116,-118,-70,77,7580,-9400,10448,-59,117,-177,-13760,4228,5808,-998,36,-82,-13964,-5056,6368,-521,144,-151,0
553.9655110836029,8772,6436,11144,-129,-52,60,7372,-9380,10308,-43,139,-167,-13628,4232,5676,-989,72,-111,-13956,-4976,6476,-473,166,-172,0
554.0017459392548,8796,6476,11508,-157,-45,74,7548,-9208,10372,-38,151,-164,-13644,4156,5772,-771,72,-76,-13976,-5080,6420,-490,134,-108,0
554.0377819538116,8700,6548,11092,-132,-42,59,7660,-9300,10352,-25,144,-173,-13744,4236,5636,-1016,87,-41,-13832,-5116,6400,-503,119,-149,0
554.0733499526978,8672,6488,11344,-123,-54,78,7660,-9068,10400,-35,117,-174,-13692,4156,5812,-1012,93,-72,-13884,-5152,6520,-537,142,-144,0
554.1095490455627,8708,6500,11312,-112,-66,101,7408,-9256,10284,-29,169,-171,-13700,4136,5656,-1004,94,-85,-13912,-4872,6448,-497,119,-134,0
554.1449289321899,8752,6532,11128,-126,-30,97,7492,-9316,10136,-46,152,-168,-13452,4160,5760,-989,82,-52,-13864,-5116,6400,-480,90,-124,0
554.1803369522095,8712,6564,11268,-117,-44,95,7412,-9300,10472,-64,129,-142,-13760,4160,5900,-772,49,-21,-13860,-4928,6456,-539,95,-152,0
554.2167251110077,8736,6512,11168,-122,-28,91,7324,-9312,10356,-22,137,-141,-13600,4088,5752,-987,59,-60,-13620,-5156,6408,-506,86,-149,0
554.2502701282501,8648,6568,11292,-81,-247,89,7288,-9244,10412,-55,134,-143,-13740,4144,5756,-994,87,-44,-14004,-5124,6412,-501,116,-128,0
554.2840790748596,8764,6612,11284,-121,-47,60,7408,-9236,10256,-71,145,-184,-13616,4208,5876,-949,87,-97,-13844,-5036,6400,-478,139,-130,0
554.3175649642944,8644,6524,11400,-141,-18,83,7384,-9340,10256,-24,121,-176,-13648,4124,5932,-985,90,-95,-13908,-5128,6336,-501,109,-117,0
554.3510479927063,8740,6468,11152,-119,-248,71,7452,-9240,10320,-32,155,-148,-13668,4140,5904,-994,54,-46,-13980,-5152,6476,-479,91,-164,0
554.3844239711761,8696,6420,11336,-116,247,70,7340,-9232,10452,-27,171,-124,-13688,4248,5848,-994,45,-65,-13836,-5076,6404,-528,101,-136,0
554.4180099964142,8736,6484,11212,-113,-52,88,7380,-9304,10284,-34,151,-154,-13700,4192,5916,-1001,44,-90,-13920,-5024,6584,-534,127,-138,0
554.451642036438,8712,6528,11280,-117,-58,88,7400,-9472,10440,-55,142,-168,-13716,4132,5716,-1002,69,-78,-14072,-4936,6484,-260,154,-133,0
554.4853320121765,8660,6648,11212,-117,-41,82,7332,-9176,10276,-24,128,-162,-13584,4232,5740,-1016,130,-104,-13616,-5136,6588,-521,158,-139,0
554.519063949585,8656,6520,11272,-101,-56,88,7280,-9204,10356,-47,112,-163,-13752,4232,6048,-996,114,-108,-13824,-5140,6448,-525,159,-154,0
554.5526261329651,8648,6540,11308,-106,-74,70,7400,-9148,10268,-53,148,-158,-13724,4172,5808,-986,76,-107,-14012,-5200,6512,-762,108,-143,0
554.5861580371857,8712,6576,11256,-83,-40,65,7392,-9248,10384,-44,155,-161,-13756,4132,5960,-978,92,-75,-13828,-5144,6424,-479,136,-144,0
554.6199140548706,8596,6568,11320,-76,-54,73,7412,-9232,10344,-35,123,-188,-13604,4172,5864,-1011,45,-94,-13820,-5200,6316,-537,163,-136,0
554.6531050205231,8608,6460,11316,-92,-49,82,7420,-9260,10328,-46,133,-145,-13608,4260,6024,-995,42,-79,-13780,-5096,6480,-533,126,-154,0
554.6867320537567,8640,6652,11032,-83,-56,77,7636,-9276,10628,-70,160,-169,-13676,4200,5812,-964,94,-107,-13896,-5096,6388,-516,114,-140,0
554.7202010154724,8728,6860,11516,-110,-37,80,7668,-9336,10348,-51,138,-190,-13752,4180,5900,-1005,103,-71,-13952,-5036,6172,-492,138,-118,0
554.753720998764,8472,6576,11360,-105,-49,77,7404,-9316,10416,-42,104,-169,-13580,4092,5708,-1003,103,-84,-13620,-5136,6436,-507,153,-127,0
554.7874200344086,8604,6536,11260,-113,-50,104,7388,-9224,10268,-19,132,-173,-13708,4136,5812,-994,80,-71,-13632,-5196,6188,-514,135,-100,0
554.8212909698486,8564,6592,11516,-138,-40,107,7404,-9344,10408,-35,139,-150,-13716,4112,5968,-998,96,-79,-13872,-5180,6364,-521,148,-126,0
554.8548419475555,8628,6540,11384,-82,-46,96,7428,-9240,10388,-39,137,-182,-13804,4124,5824,-984,101,-75,-13880,-5160,6336,-259,164,-141,0
554.8882300853729,8620,6592,11188,-149,-50,87,7396,-9464,10360,-59,145,-167,-13704,4340,5848,-956,74,-109,-13940,-5156,6544,-498,160,-116,0
554.9217779636383,8568,6612,11016,-113,-77,95,7356,-9392,10332,-48,161,-149,-13748,4272,5868,-990,106,-106,-13968,-5168,6220,-504,155,-134,0
554.955461025238,8688,6600,11140,-131,-58,99,7316,-9276,10240,-21,122,-185,-13632,4176,5784,-994,56,-91,-13896,-5088,6572,-502,156,-111,0
554.9892859458923,8500,6620,11480,-140,-71,117,7356,-9312,10248,-12,112,-168,-13676,4108,5992,-1031,99,-76,-13908,-5192,6408,-763,138,-133,0
555.0229210853577,8704,6648,11276,-125,-79,90,7380,-9268,10360,-47,149,-181,-13728,4144,5928,-984,108,-99,-13868,-5064,6360,-499,170,-140,0
555.056617975235,8724,6584,11308,-126,-47,77,7220,-9464,10324,-42,143,-179,-13684,4212,5908,-1006,78,-29,-13868,-5044,6604,-483,145,-139,0
555.0902180671692,8736,6532,11328,-128,-50,91,7352,-9464,10412,-10,137,-154,-13760,4276,5556,-970,88,-82,-13864,-5236,6556,-486,158,-133,0
555.1235120296478,8708,6596,11236,-127,-30,102,7332,-9320,10344,-21,156,-138,-13620,4196,5928,-990,77,-101,-13988,-5172,6420,-491,86,-126,0
555.1571221351624,8644,6508,11324,-175,-64,93,7288,-9296,10464,-33,151,-153,-13648,4164,5700,-979,101,-105,-13856,-5120,6540,-490,147,-103,0
555.1906981468201,8616,6628,11288,-158,-80,109,7180,-9236,10364,-24,150,-202,-13708,4212,5928,-978,139,-72,-14044,-5192,6364,-482,176,-106,0
555.2236680984497,8580,6612,11256,-150,-118,99,7364,-9320,10320,14,164,-228,-13596,4208,5924,-993,158,-119,-13844,-4908,6408,-526,203,-97,0
555.2615249156952,8504,6536,11312,-151,-120,91,7252,-9300,10440,-25,125,-232,-13564,4232,6028,-1273,168,-114,-13804,-5148,6524,-517,196,-77,0
555.2977421283722,8596,6600,11232,-149,-144,134,7292,-9324,10468,-25,94,-214,-13708,4268,5876,-985,153,-142,-13868,-4912,6336,-490,188,-57,0
555.3333790302277,8728,6512,11136,-180,-108,140,7372,-9428,10288,-12,135,-231,-13644,4148,5900,-981,155,-142,-13956,-4956,6320,-494,195,-59,0
555.3694500923157,8616,6556,11276,-168,-122,140,7400,-9232,10332,10,148,-193,-13612,4060,5744,-1010,153,-121,-13812,-5068,6568,-497,196,-62,0
555.4049940109253,8588,6588,11508,-194,-177,144,7384,-9308,10404,-30,143,-204,-13612,4140,6092,-988,154,-125,-14032,-4920,6488,-491,226,-73,0
555.4404489994049,8656,6624,11148,-177,-163,157,7372,-9268,10428,-23,138,-225,-13700,4244,5880,-985,155,-133,-13944,-5140,6332,-497,214,-47,0
555.4760601520538,8744,6548,11144,-180,-183,144,7664,-9200,10248,19,128,-234,-13752,4196,5824,-994,165,-136,-14040,-5096,6592,-485,201,-53,0
555.512050151825,8664,6900,11028,-171,-138,136,7400,-9356,10280,-5,136,-221,-13648,4048,5964,-1012,144,-137,-13900,-5100,6348,-493,178,-92,0
555.5476560592651,8664,6868,11332,-177,-145,128,7400,-9236,10680,12,146,-203,-13816,4216,5848,-1000,128,-116,-13984,-5100,6484,-499,177,-78,0
555.5828499794006,8584,6548,11420,-177,-174,150,7416,-9264,10348,-23,139,-212,-13716,4168,5948,-997,146,-137,-13980,-5140,6320,-507,170,-83,0
555.6176309585571,8744,6528,11464,-156,-131,149,7396,-9268,10364,-17,136,-236,-13756,4196,5804,-1010,116,-115,-13784,-5228,6352,-503,189,-86,0
555.6535739898682,8736,6460,11120,-162,-150,155,7176,-9216,10384,-5,103,-206,-13580,4112,5796,-994,129,-155,-13912,-5208,6524,-502,195,-46,0
555.6892449855804,8692,6572,11464,-176,-168,136,7384,-9016,10352,-14,145,-238,-13616,4168,6116,-994,169,-107,-14016,-5116,6372,-473,198,-71,0
555.724044084549,8528,6604,11516,-193,-170,140,7636,-9224,10640,-56,97,-206,-13700,4212,5784,-998,149,-118,-13924,-5100,6332,-467,183,-75,0
555.7606589794159,8692,6524,11228,-167,-200,120,7388,-9016,10364,-15,110,-231,-13732,4200,5840,-974,107,-114,-13908,-4884,6644,-491,193,-113,0
555.7971770763397,8468,6528,11208,-151,-173,114,7668,-9148,10372,24,132,-213,-13540,4072,5804,-1000,132,-163,-13844,-5108,6408,-764,184,-79,0
555.8323340415955,8632,6544,11276,-132,-136,116,7332,-9460,10476,-54,129,-225,-13768,3892,5672,-969,142,-141,-13860,-5036,6520,-482,196,-86,0
555.8674240112305,8828,6476,11220,-186,-203,96,7248,-9168,10280,-39,176,-248,-13712,4204,6084,-974,168,-172,-13932,-5024,6320,-473,212,-66,0
555.9026300907135,8840,6244,11060,-176,-196,133,7460,-9016,10280,-26,110,-208,-13672,4152,5804,-988,141,-94,-13976,-5040,6228,-459,157,-123,0
555.9361050128937,8668,6420,11248,-175,-147,133,7420,-9268,10284,-25,145,-186,-13704,4200,5648,-988,137,-124,-13900,-5088,6360,-484,144,-110,0
555.9699659347534,8812,6592,11140,-142,-132,125,7356,-9292,10300,-24,120,-210,-13712,4156,5720,-993,128,-96,-13816,-4984,6304,-528,161,-93,0
556.0036859512329,8584,6496,11476,-121,-143,122,7360,-9272,10392,-72,99,-206,-13568,4068,5928,-1005,112,-99,-13844,-5340,6480,-262,149,-93,0
556.037281036377,8744,6532,11276,-121,-146,109,7420,-9264,10260,-58,97,-213,-13660,4092,5816,-991,125,-114,-13852,-4928,6216,-272,129,-132,0
556.0705869197845,8716,6456,11056,-109,-81,103,7616,-9012,10356,-52,95,-188,-13800,4340,5832,-1019,111,-97,-13884,-5116,6616,-545,156,-181,0
556.1041939258575,8756,6456,11076,-122,-64,90,7492,-9212,10060,-38,116,-173,-13732,4092,6060,-1014,78,-86,-13964,-5044,6620,-499,144,-130,0
556.137463092804,8748,6520,11192,-145,-35,76,7484,-9256,10372,-46,141,-166,-13644,4208,5828,-1014,94,-60,-13904,-5096,6496,-493,116,-137,0
556.1710820198059,8780,6612,11112,-113,-21,74,7464,-9240,10384,-61,106,-175,-13772,4156,5760,-1014,80,-58,-14036,-5344,6212,-484,147,-157,0
556.204831123352,8720,6540,11408,-119,-55,63,7440,-9008,10408,-47,122,-167,-13648,4076,5824,-985,76,-75,-14036,-5152,6288,-502,136,-129,0
556.2379620075226,8816,6504,11220,-121,-48,63,7456,-9292,10512,-73,125,-170,-13768,4116,5804,-987,47,-74,-13968,-5372,6280,-508,142,-169,0
556.2714509963989,8668,6580,11180,-152,-57,43,7484,-9220,10380,-58,190,-197,-13720,4116,5836,-985,31,-76,-13996,-5348,6648,-483,115,-157,0
556.3049931526184,8728,6584,11344,-115,-19,46,7208,-9172,10176,-51,189,-158,-13624,4180,5856,-980,79,-57,-13956,-5120,6612,-512,118,-158,0
556.3382790088654,8716,6556,11180,-118,-18,63,7388,-9148,10332,-72,148,-176,-13652,4144,5684,-999,82,-43,-13912,-5312,6412,-492,105,-171,0
556.3720500469208,8776,6652,11324,-125,-29,80,7292,-9236,10384,-45,134,-152,-13696,4168,5780,-990,70,-60,-13888,-5072,6460,-766,107,-140,0
556.4053709506989,8724,6588,11292,-108,-58,90,7340,-9320,10244,-73,141,-169,-13888,4160,5736,-993,80,-102,-13948,-5316,6576,-500,161,-126,0
556.4387540817261,8672,6520,11264,-152,-39,86,7408,-9304,10428,-70,106,-208,-13680,4144,5800,-950,112,-70,-13852,-5096,6336,-485,118,-130,0
556.4719970226288,8784,6536,11376,-129,-74,58,7444,-9328,10428,-75,152,-174,-13732,4156,5796,-969,79,-55,-13824,-5088,6392,-488,140,-142,0
556.5054910182953,8744,6504,11148,-151,-16,52,7468,-9392,10324,-61,492,-167,-13688,4236,5832,-1074,49,-31,-13972,-5124,6396,-470,105,-175,0
556.53884100914,8888,6612,11120,-112,-20,65,7556,-9136,10304,-32,210,-141,-13684,4168,5608,-995,69,-91,-13896,-5144,6328,-507,96,-153,0
556.5723690986633,8948,6520,11292,-114,-33,37,7292,-9316,10488,-96,280,-194,-13612,4224,5692,-997,38,-78,-13856,-5308,6428,-475,114,-153,0
556.6060061454773,8948,6428,11220,-165,-25,51,7424,-9256,10408,-62,164,-203,-13684,4180,5784,-969,57,-96,-13872,-5068,6496,-475,138,-140,0
556.6393439769745,8660,6568,11464,-124,-24,45,7376,-9284,10392,-80,179,-163,-13812,4224,5632,-993,60,-35,-13936,-5124,6444,-469,131,-173,0
556.6727619171143,8720,6576,11280,-133,-64,46,7408,-9308,10424,-63,171,-150,-13608,4344,5808,-964,48,-79,-13872,-5120,6436,-489,108,-176,0
556.7062230110168,8336,6564,11008,-143,-51,52,7328,-9300,10432,-74,185,-171,-13612,4288,5936,-890,8,-69,-13852,-5164,6492,-489,119,-155,0
556.7399170398712,8644,6596,11400,-95,-35,78,7340,-9360,10392,-75,158,-169,-13704,4144,6136,-969,93,-111,-13888,-5076,6628,-525,139,-147,0
556.7734339237213,8624,6592,11372,-112,-60,88,7424,-9340,10492,-37,118,-166,-13680,4212,5848,-1016,98,-87,-14024,-5352,6404,-503,124,-99,0
556.807207107544,8672,6620,11284,-108,-24,86,7324,-9328,10344,-61,127,-149,-13660,4332,5776,-962,96,-61,-13920,-5176,6600,-517,137,-127,0
556.8406131267548,8608,6504,11244,-149,-79,87,7424,-9344,10288,-43,115,-185,-13604,4172,5632,-967,123,-59,-13832,-5032,6392,-471,149,-102,0
556.8741600513458,8684,6616,11288,-164,-21,95,7400,-9288,10204,-65,160,-147,-13636,4164,5676,-981,104,-90,-13992,-5200,6516,-499,145,-143,0
556.9101760387421,8668,6640,11124,-152,-60,102,7672,-9392,10456,-37,191,-199,-13796,4220,5732,-991,72,-73,-13864,-5176,6480,-484,151,-159,0
556.9452221393585,8588,6664,11100,-148,-67,84,7352,-9260,10360,-68,161,-196,-13716,4236,5696,-933,95,-87,-13888,-5296,6508,-451,126,-136,0
556.9804630279541,8668,6536,11444,-158,-65,67,7532,-9244,10212,-112,229,-167,-13728,4152,5896,-938,57,-79,-13860,-5176,6644,-453,137,-177,0
557.0154991149902,8564,6616,11248,-167,-77,38,7376,-9360,10388,-48,185,-217,-13800,4236,5864,-893,19,-83,-13808,-5168,6512,-435,155,-161,0
557.0511200428009,8580,6636,11156,-145,-93,47,7352,-9300,10328,-66,161,-160,-13348,4256,5832,-1001,52,-67,-13756,-5228,6504,-449,135,-155,0
557.0870981216431,8596,6576,11148,-137,-65,79,7280,-9256,10376,-40,136,-189,-13624,4336,5892,-981,72,-113,-13936,-5156,6212,-502,170,-134,0
557.122111082077,8492,6628,11116,-137,-92,93,7224,-9328,10336,-39,136,-187,-13608,4212,5852,-1001,99,-98,-13880,-4960,6452,-527,137,-162,0
557.1604590415955,8660,6584,11164,-116,-55,108,7440,-9312,10476,-63,123,-178,-13652,4284,5644,-999,133,-47,-14076,-5192,6556,-500,173,-130,0
557.1972949504852,8580,6428,11056,-127,-60,110,7256,-9268,10328,-109,110,-179,-13716,4196,5768,-952,114,-98,-13884,-5152,6384,-481,131,-85,0
557.2323551177979,8632,6624,11232,-137,-104,136,7372,-8984,10348,-111,135,-180,-13808,4284,5952,-958,168,-22,-13984,-4888,6504,-504,118,-63,0
557.2682049274445,8644,6488,11148,-122,-86,143,7476,-9300,10328,-67,101,-120,-13728,4204,5852,-775,116,-19,-14056,-4968,6416,-542,91,-106,0
557.3035669326782,8660,6416,11168,-109,-40,137,7212,-9228,10308,-29,105,-106,-13600,4132,5756,-1040,82,-13,-13920,-5344,6428,-490,111,-110,0
557.3402619361877,8660,6600,11380,-143,-73,114,7348,-9376,10212,-16,165,-153,-13660,4176,5924,-1010,81,-89,-13832,-5164,6392,-502,181,-116,0
557.3756339550018,8580,6516,11356,-161,-66,110,7316,-9272,10348,17,475,-207,-13548,4328,5624,-1078,111,-107,-13880,-5188,6432,-512,235,-134,0
557.4110879898071,8512,6592,11232,-121,-86,100,7340,-9332,10260,-40,128,-239,-13528,4216,5920,-989,91,-145,-13812,-5164,6564,-487,217,-125,0
557.4462480545044,8548,6640,11172,-163,-95,86,7316,-9296,10364,-13,145,-260,-13504,4244,5988,-982,149,-153,-13772,-5256,6508,-493,182,-118,0
557.4822020530701,8488,6584,11488,-168,-104,60,7384,-9400,10348,-27,124,-275,-13676,4296,6108,-927,107,-149,-13916,-5220,6252,-486,219,-82,0
557.518238067627,8644,6508,11324,-147,-128,63,7440,-9320,10452,30,132,-302,-13804,4144,5792,-990,142,-214,-13896,-5044,6512,-459,241,-137,0
557.5537180900574,8684,6636,11312,-213,-137,51,7340,-9320,10340,10,161,-284,-13700,4244,5744,-939,93,-162,-14080,-4892,6168,-432,240,-116,0
557.5892329216003,8664,6600,11416,-248,-150,56,7380,-9248,10428,73,197,-294,-13624,4228,5852,-990,135,-178,-13872,-5296,6444,-446,506,-96,0
557.6228301525116,8720,6568,11200,-183,-186,107,7632,-9320,10324,71,176,-281,-13752,4212,5936,-1015,121,-218,-13884,-5208,6204,-485,257,-138,0
557.6560080051422,8492,6508,11500,-155,-202,32,7612,-9384,10300,45,170,-292,-13588,4228,5688,-1055,68,-499,-13912,-5204,6396,-500,277,-198,0
557.6897110939026,8652,6904,11040,-127,-153,13,7628,-9212,10260,104,399,-286,-13700,4152,5632,-976,-2,-2,-13604,-5180,6640,-491,227,-251,0
557.7231740951538,8676,6720,11420,-174,-140,-25,7196,-9472,10428,88,313,-260,-13648,4144,5908,-965,-24,-236,-13860,-5320,6652,-468,196,-12,0
557.7569589614868,8584,6584,11376,-192,-145,-40,7248,-9216,10432,58,308,-231,-13580,4280,5864,-990,-7,-200,-13860,-5164,6524,-425,191,-210,0
557.7903709411621,8568,6884,11128,-231,-138,1,7316,-9128,10348,69,299,-264,-13592,4148,5904,-984,43,-176,-13576,-5228,6640,-414,240,-169,0
557.8239240646362,8656,6640,11012,-171,-173,86,7340,-9228,10504,31,249,-250,-13356,4180,5892,-996,121,-194,-13948,-4988,6360,-487,232,-98,0
557.8574330806732,8644,6556,11332,-142,-209,116,7412,-8984,10420,-29,140,-246,-13488,4348,5916,-996,190,-211,-13808,-5188,6472,-506,216,-78,0
557.8906841278076,8676,6624,11092,-121,-214,161,7456,-9200,10388,-16,91,-227,-13696,4116,5940,-999,198,-173,-13864,-5316,6404,-550,200,-83,0
557.9243149757385,8652,6896,11212,-145,-177,182,7408,-9112,10332,-41,104,-185,-13608,4156,5864,-776,163,-88,-13924,-5192,6220,-550,174,-30,0
557.9575951099396,8672,6768,11136,-155,-204,199,7292,-9104,10472,-45,149,-145,-13700,4124,5884,-1009,160,-85,-13868,-5228,6376,-521,180,-22,0
557.991054058075,8780,6664,11008,-187,-201,229,7324,-9056,10740,-43,1,-169,-13656,4024,5892,-962,228,-84,-13864,-5196,6384,-500,138,12,0
558.0246341228485,8672,6600,11128,-155,-202,236,7364,-9112,10472,-74,74,-141,-13768,3900,6028,-1010,202,-90,-13808,-5292,6340,-526,135,16,0
558.0582129955292,8904,6868,11052,-174,-149,233,7660,-9132,10340,-55,51,-161,-13660,4308,5672,-1003,185,-84,-13828,-5324,6404,-482,119,1,0
558.091845035553,8476,6604,11224,-153,-132,191,7352,-9256,10288,-59,57,-193,-13648,3944,5876,-1089,258,-57,-13828,-5112,6508,-481,135,-61,0
558.1254291534424,8460,6492,11156,-162,-157,104,7464,-9332,10388,-12,133,-216,-13876,4116,5860,-964,140,-126,-13884,-5132,6496,-418,217,-108,0
558.1585021018982,8604,6368,11300,-173,-142,77,7208,-9380,10072,59,193,-268,-13708,4228,5800,-1018,77,-202,-13872,-5064,6436,-454,258,-130,0
558.1920800209045,8604,6520,11292,-154,-198,52,7392,-9220,10392,5,181,-285,-13588,4204,5720,-956,52,-176,-13920,-5076,6600,-477,266,-137,0
558.2256300449371,8672,6552,11444,-159,-229,76,7256,-9304,10356,-118,118,-299,-13580,4132,5764,-927,112,-202,-13856,-5144,6344,-505,163,-128,0
558.2590799331665,8688,6468,11032,-132,-197,69,7336,-9268,10420,-175,167,-509,-13792,4304,5668,-952,92,-77,-13924,-4996,6428,-476,159,-147,0
558.2927041053772,8828,6576,11184,-134,-106,63,7340,-9212,10244,-77,151,-182,-14004,4348,5892,-969,79,-73,-14012,-5140,6348,-493,104,-149,0
558.326180934906,8832,6528,11048,-179,-23,108,7480,-9216,10340,-14,161,-129,-13788,4148,5712,-1038,49,-10,-13912,-5076,6208,-526,72,-171,0
558.3599030971527,8844,6644,11220,-141,-13,102,7368,-9124,10392,-50,147,-126,-13740,4100,5756,-996,39,-36,-13892,-5236,6332,-527,69,-143,0
558.3932440280914,8928,6676,11176,-191,-31,120,7312,-9164,10392,-49,118,-118,-13676,4072,5800,-998,92,-43,-13992,-5256,6272,-525,59,-124,0
558.4269800186157,8716,6568,11016,-105,-46,120,7412,-9456,10388,-67,123,-107,-13620,3880,5832,-1001,84,-44,-13904,-5192,6156,-522,80,-114,0
558.4605691432953,8932,6616,11496,-96,-30,130,7324,-9276,10380,-69,103,-122,-13672,3856,6044,-1049,98,250,-13940,-5196,6452,-530,99,-82,0
558.494148015976,8700,6652,11200,-87,-43,118,7328,-9252,10156,-83,117,-127,-13648,4300,5760,-997,91,-9,-13920,-5128,6408,-522,79,-127,0
558.5277400016785,8624,6624,11348,-144,-25,74,7300,-9364,10300,-101,149,-132,-13684,4120,6060,-953,77,-12,-13804,-5144,6440,-482,75,-148,0
558.5611259937286,8700,6648,11032,-140,15,27,7368,-9268,10416,-125,171,-158,-13676,4188,5904,-947,42,-81,-13640,-5084,6468,-483,108,-150,0
558.5977609157562,8716,6512,11216,-136,-50,65,7392,-9260,10592,-75,160,-189,-13688,4220,6000,-966,91,-42,-13948,-4928,6620,-766,106,-113,0
558.6328670978546,8460,6560,11504,-87,-40,93,7376,-9272,10424,-93,150,-182,-13728,4208,5840,-924,50,-66,-13932,-5120,6308,-524,113,-120,0
558.6677451133728,8724,6464,11364,-111,-46,104,7660,-9244,10272,-94,119,-164,-13732,4132,5824,-997,87,-51,-13828,-5136,6300,-495,125,-130,0
558.703351020813,8736,6424,11212,-144,-54,115,7440,-9164,10272,-96,76,-159,-13668,4124,5676,-991,128,-89,-13860,-5180,6144,-486,93,-83,0
558.7393860816956,8932,6492,11096,-128,-78,131,7180,-9304,10388,-93,139,-145,-13804,4180,5916,-984,51,-33,-14008,-5152,6456,-541,75,-150,0
558.7743360996246,8704,6604,11352,-122,-255,94,7252,-9312,10448,-59,68,-136,-13684,4228,5704,-1039,38,-56,-13904,-5200,6464,-541,85,-152,0
558.8100531101227,8592,6892,11164,-62,5,117,7264,-9252,10420,-19,118,-129,-13664,4168,5928,-1039,52,-255,-14020,-4884,6492,-536,50,-116,0
558.8450601100922,8608,6640,11304,-100,254,111,7328,-9320,10332,-91,125,-124,-13360,4236,6092,-975,47,-28,-13800,-5256,6468,-485,65,-117,0
558.8802900314331,8688,6428,11272,-146,32,77,7288,-9040,10360,-62,146,-148,-13512,4208,5872,-955,72,-1,-13764,-5220,6512,-493,114,-135,0
558.9155299663544,8592,6900,11192,-104,-34,89,7264,-9320,10376,-78,143,-135,-13548,4216,5808,-1277,44,-60,-13728,-5120,6460,-477,168,-98,0
558.9514169692993,8488,6584,11196,-103,-56,105,7324,-8992,10368,-95,161,-145,-13772,4352,6016,-958,91,-75,-13852,-5220,6592,-523,126,-119,0
558.9874401092529,8576,6800,11368,-128,-116,87,7360,-9340,10272,-114,115,-180,-13580,4344,6076,-959,118,-42,-13804,-5164,6356,-496,139,-112,0
559.0223979949951,8672,6648,11256,-103,-58,111,7384,-9312,10376,-96,152,-167,-13656,4272,5912,-988,103,-70,-13748,-5224,6456,-505,131,-140,0
559.057403087616,8568,6504,11284,-115,-83,124,7336,-9288,10224,-47,119,-158,-13792,4120,5808,-1000,111,-67,-13876,-5152,6376,-521,150,-136,0
559.0932290554047,8460,6528,11384,-97,-68,128,7388,-9268,10340,-45,98,-169,-13652,4272,5676,-1034,118,-91,-13996,-5080,6412,-543,159,-106,0
559.1292181015015,8756,6612,11184,-89,-51,116,7444,-9308,10328,-51,85,-160,-13704,4252,5724,-1007,107,-41,-13948,-5216,6496,-521,106,-124,0
559.1645400524139,8748,6612,11476,-123,-33,103,7440,-9072,10376,-43,152,-144,-13728,4212,5820,-1012,90,-67,-13608,-5360,6332,-531,163,-136,0
559.1997830867767,8544,6656,11104,-124,-72,115,7172,-9280,10308,-33,150,-138,-13624,4216,5812,-782,94,-90,-14076,-5184,6468,-493,135,-132,0
559.2350521087646,8496,6404,11160,-138,-83,106,7332,-8988,10264,-34,135,-164,-13796,4120,6056,-1008,80,-43,-13900,-5244,6280,-469,120,-89,0
559.2706010341644,8464,6888,11404,-177,-117,82,7280,-9336,10328,-18,194,-180,-13640,4244,5836,-979,69,-76,-13872,-5260,6520,-474,153,-136,0
559.3039939403534,8568,6640,11372,-177,-100,102,7248,-9324,10376,-10,162,-185,-13620,4268,6064,-993,96,-129,-13904,-5140,6492,-483,183,-88,0
559.3374309539795,8524,6884,11412,-147,-135,107,7232,-9348,10484,24,168,-207,-13620,4212,5944,-995,95,-148,-13816,-5200,6488,-504,237,-67,0
559.3712160587311,8544,6564,11188,-140,-153,109,7336,-9288,10400,-1,158,-246,-13628,4256,5960,-985,123,-125,-13892,-5180,6444,-513,242,-81,0
559.4043180942535,8580,6404,11200,-151,-164,115,7280,-9336,10472,17,155,-236,-13620,4228,6212,-969,132,-158,-13748,-5212,6556,-524,236,-81,0
559.4379479885101,8640,6656,11264,-145,-192,174,7388,-9244,10344,-19,132,-250,-13580,4140,6100,-971,180,-167,-13752,-5224,6468,-525,508,-42,0
559.471451997757,8660,6548,11172,-174,-211,178,7280,-9368,10388,0,117,-247,-13644,4224,5936,-982,208,-193,-13868,-5204,6524,-499,227,-25,0
559.5049080848694,8712,6412,11080,-160,-180,190,7456,-9032,10360,5,101,-219,-13668,4368,5764,-1059,212,-162,-14024,-5076,6384,-518,199,-55,0
559.538416147232,8916,6424,11460,-190,-168,196,7444,-9292,10492,22,120,-166,-13736,4240,5796,-1034,151,-112,-13848,-5140,6376,-540,194,-68,0
559.5719411373138,8796,6584,11100,-182,-165,176,7336,-9252,10440,57,89,-170,-13656,4136,5704,-1042,151,-82,-13964,-5184,6408,-522,147,-75,0
559.6054680347443,8780,6608,11400,-152,-135,164,7280,-9256,10164,7,53,-220,-13784,4164,5728,-1012,122,-96,-13852,-5188,6276,-519,176,-78,0
559.6389520168304,8704,6544,11012,-175,-128,144,7676,-9472,10312,-37,140,-194,-13648,4228,5604,-1113,194,-152,-13936,-5108,6416,-476,179,-89,0
559.6724579334259,8736,6504,11116,-172,-154,135,7264,-9240,10452,-11,154,-183,-13636,4164,5836,-1014,75,-162,-13888,-5180,6268,-443,195,-120,0
559.7059271335602,8912,6620,11044,-156,-153,91,7364,-9172,10364,16,131,-191,-13756,4168,6228,-994,102,-135,-13860,-5168,6512,-444,158,-104,0
559.7393410205841,8668,6620,11236,-190,-160,100,7292,-9356,10452,-32,186,-235,-13568,4084,5836,-972,109,-154,-14072,-4968,6632,-458,189,-91,0
559.7729840278625,8924,6592,11292,-178,-178,123,7404,-9372,10428,-52,157,-239,-13616,4460,5824,-990,138,-147,-13884,-5112,6388,-463,207,-96,0
559.8065130710602,8472,6576,11092,-158,-194,103,7404,-9320,10376,-17,156,-6,-13720,4116,5752,-1000,125,-169,-13716,-5088,6188,-451,259,-92,0
559.8399829864502,8944,6632,11168,-180,-205,112,7392,-9220,10260,-11,129,-230,-13584,4176,5864,-1028,139,-177,-13884,-5100,6424,-497,202,-79,0
559.8736219406128,8840,6504,11068,-161,-173,140,7564,-9304,10352,-12,135,-210,-13620,4148,5780,-1019,154,-114,-13932,-5064,6424,-509,185,-82,0
559.9069271087646,8480,6636,11144,-166,-170,176,7308,-9340,10340,20,77,-208,-13720,4200,5812,-1024,183,-106,-14048,-5376,6640,-516,195,-75,0
559.9405860900879,8692,6484,11156,-135,-141,159,7444,-9272,10340,-12,129,-201,-13636,4284,5632,-769,145,-113,-13888,-5120,6440,-545,207,-59,0
559.9741320610046,8760,6648,11176,-130,-163,147,7348,-9448,10372,-23,85,-198,-13676,4036,5820,-1039,128,-98,-13916,-5120,6324,-504,188,-91,0
560.0076899528503,8956,6532,11112,-151,-150,134,7336,-9272,10500,-47,90,-182,-13676,3932,6096,-976,106,-138,-13916,-5112,6416,-259,163,-104,0
560.0412390232086,8924,6548,11132,-136,-110,95,7424,-9188,10392,-37,137,-183,-13624,4108,5848,-980,110,-94,-13924,-5176,6416,-483,155,-106,0
560.0746669769287,8760,6524,11188,-165,-107,106,7364,-9316,10244,-34,117,-180,-13772,4168,5748,-992,115,-104,-13852,-5260,6400,-495,139,-130,0
560.1082980632782,8792,6500,11136,-133,-82,87,7348,-9000,10356,-48,134,-186,-13760,3876,5660,-1006,81,-60,-13880,-5228,6456,-472,155,-143,0
560.1414959430695,8828,6524,11376,-127,-34,75,7348,-9312,10348,-39,82,-162,-13740,4156,5768,-997,72,-97,-13852,-5200,6348,-491,136,-138,0
560.1749470233917,8736,6548,11052,-136,-58,84,7352,-9252,10372,-25,126,-190,-13652,4196,5764,-1001,117,-121,-13916,-5248,6284,-482,169,-128,0
560.2085721492767,8624,6596,11216,-143,-66,89,7188,-9300,10400,-43,142,-195,-13700,4216,5884,-1001,89,-76,-13864,-5228,6512,-502,152,-118,0
560.2417860031128,8712,6564,11192,-100,-53,97,7408,-9236,10332,-47,136,-138,-13696,4168,5832,-997,75,-59,-14080,-5252,6372,-526,137,-128,0
560.2775311470032,8760,6520,11172,-90,-59,101,7360,-9268,10344,-26,143,-145,-13692,4172,5748,-992,51,-59,-13880,-5156,6420,-507,151,-147,0
560.3133411407471,8652,6604,11516,-105,-18,61,7392,-9032,10436,-4,163,-134,-13744,4180,6068,-1012,55,-45,-13836,-5240,6444,-486,95,-136,0
560.3488759994507,8684,6580,11204,-106,-48,73,7284,-9340,10332,-47,156,-165,-13736,4300,5936,-1008,60,-57,-13840,-5140,6388,-260,128,-124,0
560.3837721347809,8684,6628,11248,-144,-44,93,7408,-9360,10276,-37,110,-190,-13620,4220,5744,-1002,93,-34,-13892,-5012,6640,-260,140,-157,0
560.4195330142975,8536,6480,11188,-85,-6,108,7396,-9284,10340,-39,44,-175,-13636,4112,5864,-1017,37,-68,-14012,-5368,6384,-485,145,-110,0
560.4547529220581,8576,6604,11112,-124,-39,119,7408,-9256,10444,-54,115,-153,-13724,4148,6128,-995,101,-11,-13944,-5196,6284,-509,105,-143,0
560.4902861118317,8812,6844,11152,-125,-21,55,7208,-9308,10288,-67,139,-153,-13640,4176,5648,-1018,56,-72,-13896,-5140,6408,-767,81,-143,0
560.5259029865265,8772,6652,11224,-101,-74,94,7356,-9252,10456,-92,122,-133,-13628,4164,5840,-981,73,-73,-13884,-5148,6452,-491,95,-150,0
560.5617649555206,8676,6588,11172,-138,-27,97,7372,-9228,10404,-40,115,-160,-13588,4220,6120,-989,67,-20,-13900,-5088,6404,-499,119,-146,0
560.5980970859528,8696,6520,11292,-119,-7,99,7308,-9324,10412,-38,108,-173,-13384,4184,5876,-1011,69,-46,-13916,-5160,6412,-488,127,-138,0
560.6332540512085,8752,6580,11436,-123,-64,85,7384,-9240,10336,-46,80,-167,-13600,4188,5908,-1004,99,-42,-13864,-5248,6468,-492,119,-128,0
560.6687920093536,8760,6684,11196,-128,-4,103,7424,-9340,10280,-66,126,-162,-13756,4204,5968,-987,82,-79,-13936,-5040,6404,-508,134,-126,0
560.7038660049438,8684,6612,11148,-127,-50,98,7508,-9208,10332,-43,140,-156,-13768,4296,5984,-975,83,-47,-13608,-5172,6432,-496,150,-148,0
560.7398250102997,8620,6680,11220,-107,-51,94,7660,-9340,10420,-52,90,-166,-13612,4204,5864,-993,71,-65,-13900,-5232,6172,-497,105,-135,0
560.7749371528625,8584,6624,11164,-136,-68,75,7400,-9236,10272,-83,128,-178,-13580,4248,5976,-885,29,-102,-13888,-5188,6500,-506,140,-133,0
560.8107731342316,8684,6616,11280,-137,-56,83,7328,-9276,10460,-50,141,-158,-13576,4128,5844,-1005,79,-54,-14080,-5148,6444,-493,121,-120,0
560.8460409641266,8728,6540,11492,-122,-62,85,7176,-9360,10264,-17,144,-167,-13596,4188,6000,-1005,102,-50,-13792,-5072,6460,-492,141,-131,0
560.8822751045227,8656,6688,11096,-124,-59,96,7400,-9336,10452,-30,111,-174,-13784,4164,5872,-986,60,-88,-13852,-5140,6428,-512,148,-133,0
560.9174480438232,8652,6588,11100,-116,-54,95,7352,-9300,10328,-22,152,-173,-13616,4172,5744,-995,68,-27,-13948,-5224,6576,-541,167,-145,0
560.9526450634003,8580,6612,11300,-109,-52,105,7408,-9304,10408,-38,111,-184,-13544,4144,5812,-1007,92,-52,-13872,-5132,6448,-536,156,-152,0
560.9861791133881,8600,6664,11196,-132,-71,106,7300,-9256,10444,-50,110,-175,-13776,4252,5764,-953,119,-103,-13840,-5188,6352,-476,141,-120,0
561.020045042038,8648,6552,11292,-147,-79,112,7420,-9388,10372,-49,143,-163,-13552,4256,6016,-1001,77,-85,-13788,-5116,6464,-493,138,-142,0
561.0534689426422,8556,6496,11216,-165,-48,100,7332,-9448,10204,-42,151,-154,-13648,4172,6084,-1038,70,-74,-13604,-5252,6468,-259,125,-128,0
561.0870809555054,8648,6684,11188,-141,-51,96,7340,-9260,10372,-22,128,-171,-13656,4208,5824,-1009,116,-91,-13632,-5284,6488,-481,134,-121,0
561.1206080913544,8688,6580,11236,-129,-48,79,7444,-9280,10312,-62,163,-144,-13736,4244,5692,-963,84,-96,-13748,-5216,6368,-519,182,-130,0
561.1537749767303,8956,6564,11116,-161,-70,79,7304,-9236,10356,251,158,-185,-13596,4220,5872,-991,127,-108,-14032,-5112,6576,-491,182,-110,0
561.1873619556427,8608,6604,11164,-144,-69,119,7624,-9296,10344,22,174,-156,-13632,4180,5816,-1023,102,-118,-13824,-5236,6556,-468,172,-108,0
561.2210030555725,8668,6688,11292,-158,-84,130,7336,-9356,10368,-5,171,-185,-13628,4276,5828,-983,154,-111,-13880,-5164,6408,-489,140,-85,0
561.2545170783997,8632,6532,11168,-148,-121,111,7316,-9444,10412,-28,158,-192,-13656,4212,5948,-968,146,-114,-13848,-5096,6488,-487,170,-102,0
561.2880709171295,8604,6656,11308,-162,-119,137,7420,-9252,10408,-13,128,-206,-13692,4184,5928,-973,118,-121,-13860,-5156,6468,-500,236,-100,0
561.3214690685272,8636,6608,11172,-191,-157,148,7312,-9256,10456,-8,143,-232,-13616,4176,5936,-1005,161,-139,-14076,-5164,6424,-489,233,-82,0
561.3548741340637,8600,6572,11164,-179,-157,139,7348,-9272,10384,-16,135,-219,-13556,4212,6060,-1009,149,-178,-13828,-5256,6472,-509,216,-48,0
561.3883090019226,8564,6868,11012,-178,-184,130,7180,-9460,10452,-10,147,-204,-13644,4336,5660,-994,170,-155,-13968,-4904,6432,-481,165,-45,0
561.4310369491577,8884,6656,11208,-185,-101,136,7168,-9316,10360,-240,153,-187,-13588,4196,5820,-989,177,-119,-13964,-5088,6424,-464,201,-67,0
561.4759049415588,8944,6896,11076,-184,-160,141,7292,-9296,10320,15,100,-221,-13612,4176,5852,-1012,150,-127,-13748,-5308,6360,-488,200,-69,0
561.5179290771484,8716,6632,11428,-178,-158,149,7456,-9392,10160,-34,125,-229,-13680,4120,5796,-982,146,-109,-14068,-5084,6336,-490,191,-71,0
561.5514159202576,8680,6640,11448,-181,-151,151,7468,-9248,10664,-9,127,-209,-13720,4176,5676,-979,166,-122,-13932,-5068,6348,-476,216,-89,0
561.5848619937897,8840,6588,11348,-166,-111,130,7340,-9348,10320,-7,149,-201,-13748,4120,6092,-1021,148,-142,-13988,-5140,6400,-455,170,-70,0
561.6183919906616,8684,6620,11148,-161,-139,149,7348,-9256,10364,-23,153,-212,-13728,4264,5972,-1011,140,-138,-13932,-4884,6424,-486,182,-77,0
561.6519451141357,8752,6552,11440,-151,-160,152,7644,-9308,10412,-24,122,-220,-13648,4128,5784,-980,164,-112,-13820,-5164,6428,-480,194,-72,0
561.6854569911957,8760,6536,11248,-140,-155,163,7400,-9292,10312,-27,111,-223,-13600,4124,5828,-1016,165,-130,-13840,-5136,6344,-463,215,-61,0
561.7187781333923,8776,6512,11096,-130,-179,146,7424,-9196,10412,-20,120,-211,-13616,4180,5788,-1028,145,-143,-13792,-5352,6188,-505,217,-63,0
561.7520530223846,8644,6572,11300,-164,-165,156,7356,-8968,10316,-256,103,-190,-13692,4208,5912,-1011,175,-151,-13828,-5120,6516,-509,167,-83,0
561.7855091094971,8720,6520,11100,-145,-151,165,7372,-9300,10280,-7,110,-201,-13580,4108,5824,-1014,133,-128,-13936,-5028,6232,-513,186,-60,0
561.8190679550171,8688,6500,11100,-156,-155,164,7316,-9328,10484,11,81,-185,-13696,4172,5672,-773,139,-68,-13924,-5372,6360,-472,169,-91,0
561.8524351119995,8840,6572,11340,-171,-137,135,7192,-9044,10344,28,130,-197,-13688,4192,5804,-1036,132,-83,-13884,-4992,6372,-486,161,-99,0
561.8857889175415,8700,6624,11180,-173,-126,145,7352,-9272,10392,-59,103,-189,-13740,4088,5648,-1000,125,-150,-13944,-5180,6384,-522,187,-68,0
561.9193880558014,8756,6508,11396,-180,-165,110,7656,-9308,10204,-54,84,-223,-13684,4132,5892,-966,136,-125,-13956,-5044,6328,-481,194,-74,0
561.9554059505463,8828,6432,11108,-143,-152,118,7320,-9188,10340,-37,134,-181,-13732,4332,5832,-1024,118,-49,-13624,-4944,6216,-499,126,-117,0
561.9909160137177,8912,6536,11136,-142,-62,111,7456,-9296,10240,-58,104,-172,-13628,4084,5772,-982,82,-56,-14072,-5084,6372,-512,79,-143,0
562.0261480808258,8760,6520,11260,-156,-31,45,7416,-9300,10340,-42,139,-164,-13600,4172,5860,-1010,59,-29,-13936,-5136,6360,-500,125,-152,0
562.0623450279236,8748,6552,11108,-127,-3,62,7460,-9236,10400,-40,154,-180,-13712,4152,5864,-1277,50,-69,-13936,-5092,6164,-514,153,-137,0
562.0980660915375,8780,6520,11120,-150,-44,75,7308,-9164,10360,-15,96,-169,-13648,4140,5716,-1019,90,-79,-13928,-5336,6492,-502,153,-139,0
562.1335599422455,8656,6500,11172,-113,-57,75,7392,-9300,10344,-62,82,-156,-13628,4176,5880,-1014,95,-49,-13756,-5128,6396,-513,149,-120,0
562.1742379665375,8792,6468,10984,-112,-103,92,7384,-9216,10308,-63,110,-172,-13660,4164,5816,-984,96,-81,-13880,-5172,6488,-500,146,-129,0
562.2102110385895,8776,6572,11280,-132,-33,90,7200,-9384,10392,-55,158,-186,-13664,4160,5924,-1015,65,-56,-14012,-5072,6436,-503,129,-154,0
562.2449369430542,8736,6604,11404,-115,-44,84,7200,-9032,10300,-28,114,-150,-13680,4212,5744,-1042,54,-88,-13872,-5152,6412,-541,139,-149,0
562.2803730964661,8660,6620,11268,-133,-48,92,7368,-9216,10300,-30,133,-153,-13800,4204,5892,-968,55,-51,-13816,-5152,6424,-521,150,-157,0
562.3155460357666,8448,6624,11136,-111,-92,94,7360,-9308,10352,-40,148,-198,-13636,4176,5804,-993,63,-130,-13836,-5120,6420,-486,150,-139,0
562.3514039516449,8716,6548,11120,-116,-95,92,7208,-9456,10304,-49,152,-189,-13656,4188,5876,-981,102,-60,-13952,-5168,6452,-509,128,-127,0
562.3872799873352,8732,6572,11132,-136,-67,99,7388,-9392,10272,-31,124,-164,-13644,4184,5644,-956,106,-92,-13976,-5152,6372,-530,129,-121,0
562.4228539466858,8896,6588,10988,-127,-91,90,7360,-9164,10380,-30,119,-153,-13600,4212,5748,-974,77,-64,-13928,-5096,6360,-492,149,-144,0
562.4593019485474,8728,6484,11000,-129,-32,96,7392,-9308,10256,-35,121,-171,-13736,4048,5972,-986,79,-67,-13900,-5368,6500,-467,125,-95,0
562.4945430755615,8744,6628,11228,-112,-30,76,7412,-9188,10368,-47,141,-150,-13760,4248,5776,-1004,59,-41,-13856,-5172,6368,-538,122,-144,0
562.5303480625153,8948,6472,11344,-112,-35,81,7364,-9344,10252,-30,131,-151,-13664,4272,5948,-1038,34,-55,-13852,-5076,6424,-535,134,-159,0
562.565614938736,8688,6536,11012,-110,-46,102,7308,-9284,10540,-255,131,-150,-13676,4096,5840,-1006,47,-41,-13800,-5144,6624,-532,115,-154,0
562.6033821105957,8660,6600,11168,-98,-62,86,7508,-9212,10296,-78,131,-120,-13624,4204,5884,-989,61,-36,-13924,-5344,6472,-258,110,-126,0
562.637069940567,8712,6656,11372,-122,-28,78,7420,-9248,10384,-47,159,-151,-13648,4184,5704,-976,74,-57,-13884,-5168,6404,-497,108,-133,0
562.670557975769,8576,6528,11192,-110,-46,77,7420,-8992,10280,-27,123,-154,-13796,4284,5904,-1022,73,-45,-13920,-5060,6504,-503,131,-156,0
562.7041630744934,8676,6612,11108,-107,-41,96,7348,-9148,10304,-35,121,-129,-13568,4240,5932,-983,91,-70,-13904,-5132,6408,-258,90,-160,0
562.7375659942627,8712,6612,11284,-133,-66,75,7496,-9372,10324,-49,49,-166,-13644,4140,5708,-955,92,-36,-13656,-5140,6356,-507,128,-131,0
562.7707080841064,8512,6840,11456,-113,-78,84,7404,-9240,10312,-60,121,-163,-13668,4184,5876,-972,96,-82,-13880,-5376,6576,-538,149,-123,0
562.8043370246887,8844,6560,11124,-116,-97,83,7676,-9272,10420,-19,132,-180,-13608,4224,5908,-1016,93,-127,-13876,-5368,6620,-494,150,-132,0
562.8376121520996,8460,6544,11100,-126,-55,94,7316,-9296,10292,-29,95,-174,-13648,4156,6040,-1014,114,-107,-13824,-5356,6632,-506,123,-122,0
562.8710570335388,8628,6592,11276,-106,-86,94,7360,-9328,10304,-22,109,-186,-13596,4244,5760,-977,70,-52,-13840,-5136,6516,-524,155,-111,0
562.9042811393738,8768,6516,11052,-122,-58,82,7296,-9276,10248,-64,152,-169,-13804,4212,5856,-974,101,-60,-13880,-4888,6408,-765,121,-98,0
562.9377961158752,8772,6624,11236,-135,-47,105,7396,-9228,10228,-65,162,-176,-13636,4112,5776,-1277,83,-106,-13944,-5324,6508,-499,154,-129,0
562.9711899757385,8628,6648,11220,-133,-53,94,7364,-9304,10400,-22,126,-179,-13616,4276,6016,-993,91,-104,-14076,-5152,6460,-515,152,-118,0
563.0047900676727,8684,6620,11012,-118,-72,91,7316,-9228,10308,-40,109,-190,-13712,4196,5872,-973,98,-110,-13908,-5192,6392,-517,154,-128,0
563.038535118103,8676,6420,11324,-116,-73,84,7352,-9240,10356,-48,108,-161,-13520,4220,5756,-978,85,-88,-13956,-5140,6368,-485,140,-166,0
563.0721011161804,8940,6572,11200,-140,-60,88,7352,-9320,10188,-60,121,-153,-13628,4200,5808,-982,94,-53,-13876,-5268,6436,-488,167,-116,0
563.1056699752808,8696,6628,11032,-135,-57,99,7400,-9300,10264,-27,140,-168,-13676,4100,5792,-1015,108,-68,-13784,-5028,6472,-479,145,-133,0
563.1391050815582,8452,6648,11352,-136,-66,95,7296,-9292,10328,-19,109,-188,-13640,4284,5852,-1029,119,-126,-13888,-5104,6484,-545,147,-150,0
563.1727619171143,8604,6580,11156,-116,-84,99,7328,-9320,10340,-26,110,-187,-13620,4172,5940,-998,123,-129,-13852,-5116,6400,-523,183,-144,0
563.2060370445251,8684,6716,11172,-125,-97,117,7380,-9252,10224,-47,115,-170,-13636,4216,5884,-769,115,-109,-14028,-5132,6388,-511,178,-134,0
563.2396290302277,8924,6660,11384,-148,-85,104,7232,-9280,10368,-39,152,-184,-13584,4096,5748,-1003,138,-71,-13800,-5180,6572,-477,175,-108,0
563.2731940746307,8900,6624,11124,-146,-78,96,7228,-9444,10360,-31,138,-166,-13680,4276,5952,-1007,137,-65,-13960,-5120,6484,-766,146,-105,0
563.3068881034851,8636,6604,11284,-163,-92,112,7332,-9340,10296,-254,153,-168,-13624,4252,6004,-1012,89,-88,-13952,-5172,6168,-467,177,-103,0
563.3404710292816,8604,6680,11204,-169,-97,148,7416,-9240,10276,27,135,-170,-13628,4152,5656,-1051,142,-113,-13872,-5200,6572,-515,148,-72,0
563.373939037323,8572,6580,11244,-128,-107,119,7272,-9236,10372,-18,141,-178,-13604,4176,6088,-1015,121,-155,-13928,-5352,6444,-264,164,-88,0
563.4073390960693,8624,6612,11328,-131,-130,116,7568,-9276,10308,-255,157,-228,-13672,4328,5904,-982,117,-142,-13864,-4872,6604,-474,211,-84,0
563.4410860538483,8700,6532,11040,-180,-133,147,7296,-9256,10488,2,153,-191,-13628,4188,5744,-1016,129,-122,-13888,-5156,6544,-456,195,-58,0
563.4745740890503,8616,6616,11140,-170,-107,158,7396,-9240,10364,245,152,-184,-13572,4228,5912,-1011,159,-103,-13796,-5252,6480,-454,162,-84,0
563.5082609653473,8660,6404,11364,-182,-142,128,7288,-9352,10372,-18,139,-182,-13728,4264,5864,-971,151,-103,-13960,-5132,6588,-472,168,-52,0
563.541787147522,8708,6584,11396,-199,-146,165,7376,-9296,10336,-7,152,-187,-13776,4188,6036,-987,145,-132,-13912,-5228,6452,-501,215,-47,0
563.5753979682922,8716,6440,11076,-165,-124,142,7216,-9348,10328,19,139,-198,-13600,4248,5828,-1017,153,-151,-13836,-5148,6404,-475,201,-74,0
563.6086311340332,8708,6632,11236,-171,-143,154,7364,-9168,10316,-17,132,-222,-13780,4204,5648,-1008,148,-138,-13916,-5140,6524,-490,215,-63,0
563.6455500125885,8500,6476,11020,-185,-175,166,7380,-9300,10368,-12,113,-216,-13688,4160,5808,-997,160,-105,-13976,-5124,6224,-490,199,-63,0
563.681764125824,8820,6564,11396,-180,-148,141,7436,-9296,10408,-7,121,-206,-13816,4120,5820,-1013,150,-90,-13988,-5244,6468,-467,154,-49,0
563.7181930541992,8776,6856,11072,-167,-130,139,7452,-9260,10492,6,143,-198,-13648,4024,5932,-1006,152,-161,-13884,-5052,6340,-475,200,-80,0
563.7531161308289,8668,6564,11300,-208,-144,160,7392,-8992,10400,-33,139,-222,-13544,4300,5912,-999,159,-107,-13936,-5148,6456,-492,203,-84,0
563.7888479232788,8656,6544,11268,-184,-152,138,7352,-9280,10300,-23,152,-216,-13756,4236,5860,-983,142,-140,-13652,-4944,6484,-480,175,-56,0
563.8234961032867,8720,6552,11156,-162,-160,110,7324,-9276,10300,-9,120,-220,-13572,4284,5852,-986,111,-89,-13836,-5144,6436,-470,207,-79,0
563.8592629432678,8816,6460,11168,-185,-149,135,7344,-9260,10432,-8,125,-224,-13680,4304,5988,-1010,137,-117,-13896,-5264,6332,-438,174,-84,0
563.893914937973,8720,6532,11204,-197,-155,110,7636,-9472,10364,10,149,-222,-13696,4212,5916,-1004,115,-97,-13880,-4908,6596,-479,190,-114,0
563.9295129776001,8500,6568,11124,-169,-158,142,7416,-9208,10316,-33,126,-220,-13712,4152,5652,-1024,116,-180,-13952,-5068,6468,-257,192,-87,0
563.9650459289551,8744,6684,11252,-136,-138,146,7316,-9288,10196,-27,109,-210,-13604,3984,6072,-1008,108,-122,-13928,-5372,6148,-483,194,-103,0
564.0007901191711,8824,6544,11156,-161,-148,136,7328,-9216,10276,-19,123,-227,-13608,4164,5932,-991,151,-154,-13936,-4892,6328,-480,181,-85,0
564.0361580848694,8780,6576,11096,-164,-174,146,7668,-9312,10516,-45,90,-189,-13580,4148,5844,-993,109,-109,-13956,-5200,6612,-767,155,-81,0
564.0718729496002,8720,6532,11024,-122,-115,97,7676,-9264,10304,-27,101,-180,-13708,4208,5716,-1014,102,-108,-13648,-5368,6484,-518,152,-109,0
564.1082191467285,8696,6524,11308,-129,-99,122,7368,-9140,10416,-45,136,-179,-13404,4116,5920,-997,109,-61,-13920,-5152,6360,-493,107,-122,0
564.1434841156006,8816,6520,11080,-114,-56,77,7208,-9260,10364,-59,164,-185,-13768,4180,5772,-964,98,-94,-13916,-5012,6584,-475,167,-134,0
564.1794829368591,8832,6484,11156,-171,-58,102,7172,-9256,10352,-10,159,-160,-13700,4172,6072,-996,98,-40,-13856,-5116,6372,-486,143,-124,0
564.2146589756012,8768,6520,11244,-125,-40,94,7296,-9228,10360,-24,126,-155,-13672,4168,5832,-1015,61,-74,-13920,-5180,6520,-482,96,-133,0
564.2504920959473,8664,6600,11024,-130,-42,69,7364,-9204,10412,-66,111,-145,-13680,4072,5980,-1027,76,-48,-13940,-5156,6360,-526,108,-134,0
564.2867250442505,8672,6560,11156,-139,-85,92,7364,-9248,10368,-69,127,-156,-13812,4184,6020,-1023,69,-75,-13868,-5140,6468,-768,147,-145,0
564.3201880455017,8788,6424,11228,-117,-46,67,7412,-9224,10380,-72,129,-185,-13616,4184,5812,-1015,101,-46,-13932,-5060,6404,-265,146,-146,0
564.3536989688873,8476,6516,11360,-145,-34,76,7396,-9248,10676,-24,147,-171,-13576,4192,5812,-987,119,-42,-13788,-5132,6380,-504,145,-121,0
564.3871450424194,8744,6532,11028,-118,-43,95,7456,-9376,10228,-70,111,-185,-13604,4220,6108,-994,92,-76,-13852,-5148,6496,-520,140,-122,0
564.420783996582,8916,6540,11308,-117,-64,90,7380,-9344,10412,-52,98,-155,-13712,4220,5836,-1000,113,-93,-13924,-5212,6440,-488,100,-144,0
564.4540259838104,8684,6544,11388,-119,-55,116,7352,-9372,10296,-47,94,-177,-13692,4220,5956,-969,118,-82,-13916,-5208,6388,-506,124,-157,0
564.4876379966736,8724,6516,11088,-127,-72,80,7344,-9320,10228,-43,114,-163,-13664,4276,5880,-1025,74,-39,-13816,-5136,6460,-534,129,-136,0
564.5210990905762,8720,6620,11076,-103,-52,111,7424,-9348,10420,-28,134,-150,-13668,4172,5868,-1007,62,-38,-13868,-5140,6432,-528,128,-153,0
564.5545649528503,8820,6588,11472,-125,-41,64,7464,-9288,10464,-57,147,-163,-13596,4192,5888,-989,40,-60,-13920,-5052,6612,-521,129,-162,0
564.5882270336151,8724,6544,11228,-131,-66,74,7384,-9380,10264,-20,137,-173,-13616,4056,5668,-995,55,-100,-13848,-5184,6472,-504,125,-172,0
564.6218049526215,8892,6612,11064,-119,-48,60,7364,-9312,10292,-38,123,-163,-13696,4136,5704,-987,76,-105,-13952,-5356,6372,-480,106,-147,0
564.6551790237427,8940,6600,11220,-93,-24,78,7424,-9452,10260,-25,122,-164,-13624,4148,5884,-1010,95,-64,-13900,-5316,6632,-762,146,-153,0
564.6886529922485,8868,6520,11136,-117,-44,89,7320,-9236,10280,-29,142,-160,-13636,4160,5728,-979,77,-66,-13848,-5076,6428,-501,172,-134,0
564.7221200466156,8732,6644,11252,-115,-34,93,7340,-9288,10260,-73,138,-167,-13616,4172,5972,-971,109,-76,-13956,-5156,6492,-489,130,-146,0
564.7558469772339,8600,6572,11032,-106,-90,80,7336,-9336,10300,-71,132,-155,-13620,4300,5632,-983,52,-94,-13876,-5176,6256,-521,120,-143,0
564.7894489765167,8460,6556,11100,-126,-54,63,7324,-9268,10432,-42,139,-176,-13684,4224,5720,-776,62,-100,-13868,-5196,6320,-521,134,-139,0
564.8229150772095,8616,6600,11132,-95,-29,87,7360,-9208,10388,-33,154,-148,-13628,4116,5824,-1273,73,-74,-13892,-5240,6380,-522,106,-134,0
564.856626033783,8648,6616,11208,-81,-36,85,7420,-9248,10368,-71,143,-158,-13680,4156,5680,-985,75,-86,-13940,-5176,6484,-547,136,-133,0
564.8900871276855,8768,6652,11152,-121,-28,105,7676,-9264,10340,-17,116,-165,-13624,4288,5820,-1000,98,-33,-13948,-5156,6408,-494,116,-105,0
564.9237129688263,8744,6576,11128,-92,-17,117,7344,-9312,10272,-24,137,-142,-13676,4236,5776,-1006,79,-30,-13924,-5324,6540,-472,120,-142,0
564.9574639797211,8716,6592,11280,-151,-17,101,7420,-9308,10008,-52,127,-151,-13692,3976,5796,-1279,60,-54,-13840,-5192,6404,-459,89,-156,0
564.9910850524902,8644,6556,11248,-119,-84,93,7248,-9316,10252,-40,89,-157,-13584,4304,6000,-974,83,-67,-13800,-5268,6444,-505,134,-130,0
565.0246789455414,8676,6580,11052,-120,-41,89,7384,-9332,10372,-58,126,-149,-13616,4236,5812,-991,69,-114,-13824,-5192,6480,-510,128,-126,0
565.0582220554352,8616,6588,11188,-140,-60,93,7308,-9324,10348,-31,111,-179,-13504,4184,5768,-1277,103,-122,-13764,-5164,6476,-538,189,-126,0
565.0916841030121,8596,6636,11052,-102,-67,110,7196,-9328,10372,-63,112,-211,-13612,4184,5928,-771,89,-91,-13912,-5096,6504,-522,186,-101,0
565.1252460479736,8616,6640,11276,-138,-67,101,7460,-9252,10300,-30,104,-176,-13804,4188,5864,-1004,131,-67,-13884,-5192,6476,-488,169,-94,0
565.1586689949036,8676,6848,11196,-143,-20,113,7280,-9260,10284,-57,137,-166,-13616,4212,5740,-990,111,-78,-13940,-5148,6348,-506,158,-107,0
565.1922979354858,8700,6628,11264,-140,-68,99,7176,-9332,10296,-62,107,-154,-13652,4260,5936,-1000,105,-85,-13596,-5208,6172,-483,172,-137,0
565.2260050773621,8616,6708,11200,-165,-47,107,7380,-9288,10296,-38,129,-153,-13600,4260,5804,-997,127,-96,-13644,-5156,6448,-489,167,-106,0
565.2598271369934,8648,6648,11232,-191,-83,101,7384,-9296,10084,-22,150,-201,-13744,4316,5792,-991,86,-121,-13924,-5376,6484,-478,141,-122,0
565.2933671474457,8760,6640,11340,-185,-108,115,7336,-9352,10312,-252,161,-187,-13620,4284,5848,-994,94,-121,-13820,-5128,6356,-489,175,-103,0
565.3301870822906,8672,6652,11240,-135,-116,121,7400,-9404,10212,-1,136,-214,-13676,4268,5796,-972,127,-132,-13820,-5068,6400,-495,176,-98,0
565.3657109737396,8732,6892,11252,-141,-117,145,7332,-9328,10324,12,126,-227,-13620,4272,5668,-1003,155,-197,-13744,-5184,6624,-517,187,-104,0
565.4012799263,8572,6624,11168,-157,-153,127,7628,-9248,10344,-15,137,-217,-13516,4216,5692,-984,153,-138,-13824,-5192,6404,-492,192,-85,0
565.4372100830078,8640,6600,11204,-188,-137,157,7276,-9356,10412,-9,143,-225,-13648,4144,5880,-951,162,-161,-13924,-5312,6468,-504,213,-67,0
565.4724080562592,8720,6572,11332,-204,-171,137,7396,-9332,10332,-13,156,-219,-13552,4280,5924,-994,141,-109,-13956,-5024,6300,-443,228,-39,0
565.5083739757538,8700,6400,11136,-172,-163,168,7176,-9316,10336,4,140,-209,-13684,4228,5828,-1000,139,-104,-14224,-5348,6368,-489,197,-55,0
565.5434761047363,8736,6544,11172,-206,-149,153,7372,-9348,10308,14,160,-170,-13668,4244,5724,-1010,147,-135,-13856,-5144,6620,-515,175,-74,0
565.5786709785461,8520,6576,11188,-203,-145,155,7200,-9340,10112,25,151,-176,-13616,4092,5856,-991,136,-150,-13856,-5196,6372,-489,156,-60,0
565.6136701107025,8792,6596,11128,-172,-140,138,7432,-9280,10376,-14,177,-211,-13656,4108,5916,-982,182,-128,-13888,-5136,6436,-464,191,-82,0
565.6496589183807,8884,6548,11188,-200,-167,131,7384,-9320,10328,-8,185,-213,-13704,4344,5900,-950,132,-157,-13808,-5064,6464,-442,188,-68,0
565.6848990917206,8836,6484,11348,-211,-156,155,7300,-9296,10284,21,141,-192,-13668,4212,5796,-959,98,-128,-13888,-5328,6456,-463,189,-51,0
565.720869064331,8716,6536,11324,-165,-135,155,7356,-9352,10480,10,138,-169,-13700,4196,5860,-977,155,-69,-13948,-5100,6372,-468,123,-56,0
565.7571461200714,8528,6604,11168,-200,-169,146,7348,-9276,10472,-43,147,-196,-13624,4140,6108,-993,118,-114,-13836,-5104,6524,-510,200,-55,0
565.7924039363861,8768,6612,11044,-150,-149,129,7400,-9240,10404,-25,136,-236,-13660,4180,6088,-995,154,-154,-14004,-5096,6424,-263,208,-97,0
565.8277010917664,8812,6540,11188,-147,-174,153,7420,-9288,10324,24,106,-219,-13636,4216,5704,-1013,149,-159,-13780,-5052,6492,-507,234,-69,0
565.8637819290161,8696,6624,11200,-122,-173,124,7392,-9284,10280,-18,85,-236,-13640,4216,5800,-1085,148,-118,-13856,-5112,6544,-535,215,-82,0
565.8997609615326,8808,6496,11256,-170,-176,120,7188,-9344,10372,-22,89,-221,-13784,4244,5796,-962,150,-145,-13836,-4960,6368,-530,178,-56,0
565.935084104538,8736,6528,11088,-152,-155,134,7316,-9432,10328,-18,102,-216,-13648,4116,5916,-1038,156,-188,-13888,-5196,6368,-495,216,-74,0
565.9719569683075,8708,6436,11196,-149,-177,131,7376,-9260,10360,-27,126,-231,-13724,4124,5828,-1010,112,-145,-13952,-5084,6348,-489,217,-97,0
566.0054490566254,8752,6564,11120,-152,-132,136,7396,-9328,10068,-53,116,-202,-13816,4180,5880,-1022,145,-122,-13628,-4888,6248,-485,164,-66,0
566.0390501022339,8812,6488,11120,-137,-167,97,7484,-9156,10312,-82,125,-204,-13748,4140,5868,-961,76,-116,-13952,-4976,6228,-470,116,-109,0
566.0726220607758,8940,6344,11336,-159,-73,67,7408,-9284,10264,-65,128,-161,-13700,4100,5660,-1024,58,-55,-13888,-5176,6436,-505,159,-181,0
566.1060919761658,8684,6536,11260,-133,-23,107,7396,-9232,10396,20,151,-163,-13668,4072,5856,-1005,103,-60,-13876,-5236,6388,-469,123,-132,0
566.1396930217743,8792,6548,11148,-100,-20,79,7668,-9404,10056,-84,102,-169,-13648,4156,5700,-984,77,-84,-13812,-5176,6360,-528,168,-137,0
566.1734149456024,8648,6500,11464,-122,-103,71,7676,-9320,10336,-41,168,-180,-13744,4144,6120,-1006,72,-100,-13976,-5064,6652,-483,143,-155,0
566.2071149349213,8844,6624,11220,-129,-46,101,7188,-9220,10292,-38,140,-144,-13816,4112,5700,-988,113,-41,-14056,-5188,6640,-503,89,-118,0
566.2406771183014,8788,6532,11008,-134,-252,111,7280,-8968,10276,-42,95,-137,-13676,4164,5936,-1004,125,232,-13940,-5120,6192,-763,89,-138,0
566.2742140293121,8520,6564,11048,-114,12,103,7464,-9312,10240,-40,118,-131,-13544,4180,6016,-1005,70,-13,-13660,-5352,6360,-488,107,-140,0
566.3078660964966,8956,6544,11284,-140,-60,99,7324,-9304,10372,-27,128,-144,-13772,4184,5920,-769,69,-57,-13888,-5192,6520,-514,143,-146,0
566.3411951065063,8808,6572,11116,-102,-66,57,7184,-9288,10384,-55,133,-163,-13712,4164,5644,-992,62,-66,-14080,-4908,6408,-258,116,-143,0
566.3749251365662,8840,6588,11340,-84,-11,62,7352,-9412,10328,-73,138,-176,-13628,4256,5828,-985,66,-65,-13900,-4884,6160,-497,129,-151,0
566.4081151485443,8500,6540,11344,-130,-57,68,7344,-9328,10344,-54,117,-179,-13668,4152,5880,-1000,100,-94,-14000,-5308,6436,-495,159,-140,0
566.4414410591125,8844,6584,11248,-131,-52,78,7324,-9280,10472,-49,116,-182,-13700,4232,5912,-992,81,-53,-13948,-4908,6436,-500,122,-138,0
566.4749939441681,8784,6560,11452,-120,-53,38,7460,-9364,10268,-50,126,-182,-13644,4140,5892,-987,86,-62,-13924,-5364,6508,-506,145,-136,0
566.5087060928345,8776,6568,11100,-120,-32,93,7480,-9324,10432,-45,168,-166,-13724,4068,5868,-973,52,-58,-13936,-5076,6500,-488,149,-138,0
566.5422921180725,8652,6648,11068,-118,-53,63,7396,-9340,10088,-53,142,-164,-13640,4116,5904,-1010,69,-90,-13868,-5148,6480,-485,130,-158,0
566.575807094574,8640,6796,11348,-94,-54,98,7672,-9040,10392,-36,166,-165,-13632,4188,5852,-776,33,-77,-13864,-5204,6440,-503,100,-129,0
566.6092910766602,8604,6488,11064,-103,-29,58,7392,-9276,10348,-49,141,-140,-13328,4196,6100,-1008,70,-32,-13872,-5364,6440,-524,139,-166,0
566.6425330638885,8924,6548,11248,-105,-44,79,7172,-9288,10368,-43,125,-180,-13604,4204,5768,-1023,87,-54,-13856,-5140,6636,-504,104,-139,0
566.6763780117035,8656,6616,11152,-95,-49,80,7192,-9240,10280,-48,122,-162,-13592,4184,5968,-1003,71,-74,-13900,-5092,6400,-531,156,-140,0
566.7099709510803,8684,6508,11276,-117,-61,106,7320,-9444,10488,-19,132,-180,-13684,4172,6068,-970,94,-71,-13804,-5168,6464,-765,153,-134,0
566.7433919906616,8780,6608,11164,-115,-35,113,7168,-9260,10112,-39,126,-176,-13708,4320,5744,-994,126,-102,-13868,-5144,6424,-505,137,-147,0
566.7769980430603,8704,6528,11220,-105,-74,117,7172,-9364,10408,-33,135,-168,-13744,4296,6056,-880,39,-89,-13908,-4940,6544,-499,148,-130,0
566.8105199337006,8720,6516,11152,-121,-70,104,7168,-9340,10352,-47,126,-153,-13696,4232,5736,-981,72,-57,-13908,-5088,6452,-502,140,-130,0
566.8438520431519,8660,6588,11284,-129,-43,88,7276,-9320,10348,-35,148,-189,-13700,4236,5752,-1007,90,-75,-13868,-5192,6436,-498,107,-126,0
566.8774099349976,8496,6520,11260,-126,-60,102,7496,-9372,10424,-53,142,-184,-13508,4276,5972,-997,75,-73,-13956,-5168,6416,-516,140,-130,0
566.91077709198,8696,6616,11240,-103,-47,81,7360,-9320,10368,-57,145,-177,-13668,4204,5952,-914,72,-95,-13868,-5156,6472,-501,142,-161,0
566.9440591335297,8508,6908,11188,-114,-50,109,7184,-9352,10284,-41,129,-159,-13596,4360,5708,-1007,79,-75,-13924,-5128,6484,-494,168,-129,0
566.9774241447449,8716,6544,11260,-130,-84,103,7188,-9328,10248,-55,138,-169,-13456,4136,5952,-990,111,-82,-13884,-5140,6492,-482,134,-123,0
567.0143799781799,8700,6552,11012,-114,-54,85,7384,-9308,10264,-57,133,-166,-13760,4328,5852,-985,70,-68,-13824,-5092,6476,-494,134,-155,0
567.0497720241547,8624,6576,11164,-151,-77,91,7376,-9332,10336,-18,165,-159,-13688,4112,5972,-1003,85,-92,-13860,-5096,6524,-476,107,-134,0
567.0849659442902,8644,6696,11368,-124,-76,104,7400,-9224,10616,-26,149,-173,-13724,3880,5876,-1003,85,-81,-13884,-5084,6412,-260,82,-124,0
567.1203870773315,8464,6896,11008,-108,-92,83,7668,-9260,10332,-62,150,-162,-13540,4184,5784,-966,85,-72,-13812,-5028,6376,-518,155,-135,0
567.1554980278015,8792,6488,11188,-131,-60,90,7332,-9264,10404,-14,118,-170,-13628,4172,5656,-1016,93,-102,-13884,-5148,6568,-478,179,-126,0
567.194188117981,8620,6516,11480,-111,-23,118,7344,-9268,10380,-17,116,-154,-13696,4228,5820,-1007,96,-56,-13940,-5228,6332,-524,110,-87,0
567.2302510738373,8612,6596,11268,-150,-44,103,7212,-9224,10308,-51,144,-161,-13784,4200,6116,-980,96,-46,-13900,-5156,6632,-487,125,-112,0
567.2656180858612,8636,6648,11060,-125,-53,92,7620,-9340,10468,-74,132,-179,-13536,4084,5732,-985,104,-94,-13592,-5136,6292,-515,167,-117,0
567.3014631271362,8728,6552,11352,-169,-69,120,7308,-9320,10296,-256,132,-202,-13704,4228,6072,-1017,114,-80,-13820,-5124,6452,-521,191,-91,0
567.3362519741058,8672,6608,11148,-131,-88,118,7332,-9252,10288,-5,117,-171,-13632,4156,5716,-1012,138,-87,-13652,-5040,6404,-489,168,-76,0
567.3723349571228,8632,6584,11392,-152,-116,134,7376,-9348,10180,-14,103,-202,-13692,4220,5976,-1002,131,-100,-13836,-5220,6468,-481,174,-101,0
567.4077439308167,8768,6512,11288,-157,-108,145,7172,-9332,10372,251,155,-217,-13664,4252,5824,-996,145,-96,-13956,-5216,6188,-492,165,-88,0
567.4427969455719,8956,6576,11308,-155,-154,131,7452,-9336,10484,-15,129,-207,-13704,4188,5972,-988,138,-161,-13808,-5212,6324,-500,192,-70,0
567.4787430763245,8732,6584,11164,-128,-108,162,7388,-9236,10372,-59,141,-196,-13672,4176,5920,-1010,127,-110,-13892,-5368,6476,-767,179,-80,0
567.5138370990753,8600,6572,11080,-158,-136,141,7256,-9308,10316,-28,157,-181,-13660,4120,5964,-948,142,-101,-13856,-5112,6164,-479,199,-68,0
567.5502870082855,8524,6576,11268,-206,-105,123,7364,-9284,10388,12,166,-210,-13592,4208,5896,-970,140,-120,-13836,-5144,6444,-464,219,-46,0
567.585597038269,8908,6504,11340,-176,-144,125,7356,-9248,10460,-7,123,-203,-13760,4184,6128,-1009,153,-110,-13888,-4952,6588,-474,204,-69,0
567.6210911273956,8448,6524,11048,-148,-190,134,7380,-9252,10340,-5,120,-224,-13608,4220,5908,-996,144,-136,-13816,-5108,6364,-503,208,-63,0
567.6564950942993,8904,6628,11440,-162,-149,111,7320,-9288,10288,13,132,-228,-13648,3888,6076,-968,155,-143,-14012,-5108,6460,-483,182,-71,0
567.6900510787964,8632,6612,11152,-156,-156,136,7292,-9296,10376,14,131,-199,-13740,4132,6044,-1019,124,-146,-13808,-5132,6648,-500,203,-81,0
567.7237050533295,8736,6660,11324,-159,-136,137,7400,-9288,10412,-7,155,-202,-13632,4136,5756,-1000,136,-140,-13876,-5140,6596,-493,181,-91,0
567.7572810649872,8756,6584,11348,-152,-135,149,7472,-9360,10428,-16,117,-197,-13668,4208,5756,-975,128,-75,-13904,-5032,6572,-504,148,-54,0
567.7908561229706,8708,6544,11112,-159,-134,135,7268,-9368,10308,13,104,-173,-13692,4188,5820,-1280,145,-109,-13924,-5328,6452,-474,167,-74,0
567.8243250846863,8712,6564,11240,-208,-153,157,7364,-9296,10424,18,126,-180,-13580,4136,6124,-998,137,-125,-13836,-5220,6400,-488,166,-106,0
567.8576741218567,8488,6604,11468,-136,-153,121,7452,-9276,10404,-19,150,-211,-13760,4216,5880,-970,129,-129,-13832,-5176,6636,-495,201,-60,0
567.8910961151123,8904,6476,11300,-168,-154,115,7488,-9332,10304,-20,163,-238,-13700,4184,5940,-952,141,-110,-13952,-4980,6444,-472,227,-68,0
567.9248039722443,8808,6440,11316,-181,-162,140,7184,-9292,10308,1,161,-161,-13712,4188,5468,-1010,100,-72,-13944,-5032,6424,-479,160,-90,0
567.9584069252014,8748,6572,11156,-133,-115,127,7332,-9184,10296,-10,133,-174,-13692,4196,5632,-993,104,-51,-14028,-5080,6492,-496,117,-102,0
567.9919140338898,8624,6508,11208,-168,-110,128,7416,-9376,10308,-13,122,-181,-13664,4196,5784,-1028,108,-107,-13904,-5144,6328,-502,142,-102,0
568.0254049301147,8748,6536,11208,-139,-124,120,7328,-9296,10376,-56,104,-184,-13696,4180,5824,-982,109,-118,-13892,-4908,6244,-509,178,-118,0
568.0587871074677,8708,6516,11244,-147,-141,112,7476,-9292,10344,-17,114,-210,-13720,4176,5784,-1030,165,-127,-13948,-5132,6412,-477,209,-105,0
568.0924379825592,8776,6540,11244,-128,-111,134,7420,-9228,10252,-4,127,-192,-13328,4152,5732,-1036,117,-114,-13932,-5060,6376,-484,210,-103,0
568.1259679794312,8696,6544,11076,-126,-127,120,7664,-9308,10256,-44,125,-204,-13732,4228,5708,-998,135,-84,-13912,-5184,6548,-478,143,-130,0
568.1594150066376,8760,6520,11096,-156,-112,103,7172,-9276,10460,-52,110,-198,-13692,4172,5828,-985,124,-100,-13856,-4980,6456,-766,131,-157,0
568.1929800510406,8748,6600,11196,-116,-66,101,7440,-9316,10184,-54,146,-183,-13816,3860,6052,-1020,74,-74,-13932,-5040,6376,-522,120,-145,0
568.2265629768372,8724,6532,11372,-84,-46,79,7448,-9244,10316,-14,113,-178,-13656,4124,5824,-993,84,-86,-13920,-5048,6388,-504,137,-172,0
568.2598919868469,8808,6604,11136,-119,-66,94,7312,-9268,10348,-43,126,-195,-13640,4228,6052,-999,83,-92,-13896,-5120,6532,-494,157,-140,0
568.2934620380402,8720,6520,11264,-130,-43,75,7540,-9320,10328,-51,140,-181,-13620,4148,5844,-993,75,-45,-13864,-5108,6592,-498,146,-162,0
568.3272409439087,8752,6548,11056,-123,-50,66,7336,-9244,10392,-54,133,-190,-13728,4324,5740,-991,106,-47,-13904,-4964,6532,-477,119,-176,0
568.3607721328735,8732,6580,11148,-113,-47,96,7396,-9236,10340,-23,135,-179,-13628,4156,5808,-996,69,-116,-13904,-5112,6324,-508,153,-133,0
568.3941099643707,8720,6528,11036,-117,-62,71,7356,-9280,10380,-42,108,-170,-13708,4184,5864,-998,63,-104,-13876,-4884,6208,-501,143,-131,0
568.4277651309967,8748,6540,11108,-129,-59,96,7408,-9220,10412,-40,142,-187,-13740,4136,5644,-974,78,-92,-13888,-5152,6652,-496,120,-137,0
568.460865020752,8804,6600,11156,-123,-42,93,7488,-9316,10372,-75,117,-161,-13776,4216,5868,-983,95,-24,-13924,-5088,6340,-518,116,-104,0
568.4944069385529,8748,6612,11168,-131,-59,97,7384,-9308,10348,-30,139,-160,-13620,4072,5772,-1268,75,-74,-13892,-4948,6316,-502,134,-162,0
568.5279579162598,8772,6616,11236,-139,-51,101,7492,-9220,10360,-17,144,-157,-13688,4204,5996,-989,82,-77,-13932,-5336,6464,-517,118,-124,0
568.5613429546356,8792,6692,11168,-106,-43,62,7288,-9308,10488,-59,141,-146,-13688,4196,5844,-1000,89,-91,-13880,-5192,6540,-475,137,-132,0
568.5950639247894,8836,6504,11028,-122,-49,59,7656,-9236,10336,-33,155,-199,-13636,4152,5796,-987,73,-79,-13880,-5216,6404,-462,151,-147,0
568.6287260055542,8788,6556,11064,-124,-27,99,7404,-9340,10116,-12,147,-163,-13512,4196,5904,-991,52,-34,-14080,-5132,6388,-489,122,-139,0
568.6618909835815,8748,6628,11072,-121,-18,74,7468,-9308,10276,-53,151,-140,-13516,4176,5636,-1008,45,-34,-13904,-5184,6408,-484,94,-164,0
568.6991901397705,8772,6664,11260,-133,-56,101,7300,-9288,10316,-67,173,-158,-13648,3968,5824,-1002,96,-93,-13936,-5140,6420,-511,104,-165,0
568.7342419624329,8608,6552,11240,-130,-76,73,7228,-9268,10300,-63,180,-160,-13628,4140,5760,-1012,98,-46,-14036,-5184,6268,-511,108,-145,0
568.7695350646973,8668,6620,11248,-143,-52,88,7284,-9388,10300,249,107,-177,-13520,4180,6084,-987,83,-126,-13788,-5148,6296,-535,166,-151,0
568.804759979248,8608,6596,11256,-99,-59,104,7368,-9336,10416,-31,100,-200,-13620,4188,5716,-1009,120,-85,-13824,-5076,6572,-507,167,-147,0
568.8408310413361,8924,6628,11300,-117,-93,104,7348,-9348,10420,-34,100,-191,-13756,4156,5680,-971,112,-87,-13896,-4912,6452,-483,170,-99,0
568.8771419525146,8900,6600,11140,-146,-59,104,7608,-9352,10308,-22,166,-180,-13736,4156,5844,-965,105,-109,-13888,-4904,6616,-490,139,-150,0
568.9122979640961,8672,6576,11196,-119,-75,84,7476,-9336,10360,-45,132,-188,-13608,4200,5856,-771,71,-50,-13816,-5096,6424,-485,147,-142,0
568.948324918747,8464,6560,11120,-115,-73,114,7376,-9300,10276,-26,123,-144,-13724,4208,5676,-1004,85,-72,-13852,-5092,6432,-767,119,-138,0
568.9834201335907,8716,6700,11240,-106,-66,65,7344,-9392,10484,-61,131,-150,-13740,4184,5916,-972,100,-102,-13976,-5140,6376,-484,140,-155,0
569.0193250179291,8684,6636,11280,-122,-54,80,7460,-9296,10216,-20,132,-162,-13724,4248,5832,-1020,102,-55,-13852,-5188,6388,-490,118,-114,0
569.054475069046,8644,6580,11124,-136,-68,86,7396,-9316,10468,-49,127,-163,-13636,4132,5668,-997,87,-80,-13732,-5188,6416,-505,168,-151,0
569.090548992157,8604,6616,11120,-134,-48,110,7316,-9312,10320,-27,112,-173,-13644,4312,5796,-1031,117,-49,-13836,-5192,6596,-485,132,-103,0
569.1255841255188,8452,6636,11284,-118,-70,115,7276,-9408,10420,-12,93,-179,-13696,4184,5904,-1020,104,-94,-13572,-5360,6424,-261,167,-119,0
569.1608951091766,8640,6568,11508,-152,-94,92,7484,-9276,10188,-36,135,-170,-13600,4216,5664,-1000,86,-72,-13792,-5268,6544,-498,153,-121,0
569.1963639259338,8624,6608,11348,-140,-84,95,7404,-9284,10372,-32,153,-187,-13644,4196,6132,-981,120,-78,-13832,-5196,6440,-485,134,-106,0
569.2322859764099,8720,6512,11280,-141,-86,91,7364,-9344,10372,-45,170,-159,-13732,4208,5872,-1006,119,-92,-13872,-5312,6468,-519,137,-128,0
569.2679269313812,8660,6604,11380,-164,-53,96,7352,-9332,10436,17,133,-157,-13696,4156,5920,-1008,118,-66,-13652,-4880,6496,-487,171,-96,0
569.3026700019836,8652,6472,11236,-140,-89,111,7292,-9260,10440,-30,137,-202,-13508,4164,6036,-991,131,-131,-13872,-5128,6412,-505,174,-102,0
569.3383901119232,8904,6556,11420,-124,-133,97,7332,-9328,10332,-30,139,-192,-13648,4108,5808,-969,131,-143,-13816,-5080,6600,-499,186,-113,0
569.3720891475677,8488,6548,11356,-170,-91,130,7360,-9280,10116,12,150,-182,-13648,4188,5892,-965,134,-83,-13880,-4996,6580,-463,162,-103,0
569.4053630828857,8908,6400,11280,-152,-110,120,7332,-9296,10208,-17,138,-170,-13680,4240,6004,-989,108,-82,-13840,-5256,6540,-485,139,-105,0
569.4389350414276,8488,6552,11028,-186,-75,126,7384,-9348,10412,-35,143,-173,-13704,4280,6120,-990,136,-107,-13832,-5192,6468,-474,144,-66,0
569.472382068634,8764,6584,11396,-198,-103,95,7336,-9264,10368,-64,149,-207,-13376,4212,5844,-979,148,-152,-13704,-5328,6452,-482,193,-77,0
569.5059070587158,8660,6568,11040,-161,-94,137,7300,-9368,10244,-2,124,-220,-13628,4164,5720,-975,141,-123,-13924,-5320,6448,-523,230,-95,0
569.5393829345703,8544,6468,11492,-195,-150,169,7252,-9260,10476,16,104,-224,-13576,4252,5852,-1036,173,-180,-13828,-5112,6296,-501,222,-75,0
569.573215007782,8708,6584,11308,-167,-189,132,7372,-9308,10416,-15,98,-238,-13588,4196,5944,-1009,159,-164,-13912,-5108,6528,-496,226,-80,0
569.6069340705872,8788,6624,11168,-174,-183,142,7440,-9300,10364,-2,125,-227,-13672,4252,5924,-994,172,-104,-13932,-5104,6452,-481,189,-45,0
569.6401720046997,8812,6472,11220,-198,-105,147,7420,-9336,10240,22,142,-193,-13792,4192,5632,-988,138,-112,-13944,-5084,6444,-469,190,-90,0
569.6736431121826,8728,6552,11308,-196,-115,148,7308,-9284,10316,255,144,-190,-13700,4192,5808,-1007,121,-113,-13924,-5204,6524,-493,189,-84,0
569.707337141037,8684,6480,11192,-163,-128,147,7352,-9268,10312,-11,115,-192,-13584,4176,5876,-1004,137,-146,-13952,-4872,6428,-499,186,-64,0
569.7410840988159,8728,6556,11260,-163,-145,142,7348,-9240,10404,-51,149,-202,-13624,4216,5856,-971,134,-142,-13912,-5172,6484,-499,174,-80,0
569.7744791507721,8712,6552,11216,-207,-151,129,7304,-9328,10404,-19,129,-209,-13724,4164,5928,-982,162,-120,-13932,-5112,6492,-467,207,-78,0
569.8080959320068,8684,6632,11428,-169,-132,129,7304,-9248,10292,-17,132,-194,-13668,4148,5888,-1005,121,-111,-13936,-5032,6436,-480,202,-83,0
569.8416259288788,8716,6508,11208,-163,-132,116,7424,-9280,10384,-21,100,-200,-13604,4108,5936,-995,127,-111,-13860,-5064,6288,-505,195,-90,0
569.8751029968262,8468,6548,11208,-158,-142,109,7272,-9324,10316,-11,133,-206,-13636,4164,5884,-1000,122,-151,-14020,-5216,6628,-498,152,-54,0
569.9082200527191,8708,6540,11184,-155,-140,141,7456,-9276,10376,-1,108,-202,-13612,4168,5640,-999,127,-134,-13860,-5180,6208,-258,175,-102,0
569.9418201446533,8816,6524,11084,-152,-145,130,7488,-9164,10396,-18,132,-210,-13752,3920,5784,-1017,138,-81,-13852,-5236,6428,-490,188,-83,0
569.9753410816193,8716,6576,11196,-162,-133,128,7356,-9264,10284,-22,136,-177,-13612,4104,5844,-980,153,-93,-13852,-4928,6144,-504,166,-88,0
570.0087161064148,8740,6432,11156,-149,-123,149,7636,-9420,10336,-23,128,-202,-13664,4196,5748,-1007,120,-91,-13852,-5136,6576,-502,151,-98,0
570.0422570705414,8744,6516,11336,-161,-114,100,7392,-9320,10400,12,151,-163,-13680,4168,5980,-1011,112,-119,-13904,-5180,6164,-485,136,-118,0
570.0757761001587,8660,6480,11204,-150,-75,119,7360,-9216,10472,-4,129,-199,-13632,4148,6064,-994,121,-96,-13912,-5028,6524,-259,183,-121,0
570.1093001365662,8692,6552,11308,-129,-131,131,7212,-9232,10384,-33,181,-219,-13708,4192,5732,-1003,125,-79,-13968,-5052,6188,-497,183,-104,0
570.1424140930176,8500,6492,11024,-164,-131,118,7456,-9268,10112,-25,91,-160,-13692,4168,5872,-1041,89,-145,-13952,-4976,6588,-454,143,-98,0
570.1758110523224,8716,6440,11160,-142,-107,139,7336,-9264,10248,-2,163,-172,-13652,4288,5912,-984,85,-78,-14184,-5192,6476,-497,121,-127,0
570.2094099521637,8636,6612,11460,-145,-45,121,7352,-9260,10412,-54,143,-148,-13632,4120,5836,-986,94,-96,-13872,-4872,6532,-490,87,-121,0
570.2428550720215,8712,6532,11464,-148,-88,106,7456,-9280,10408,-73,142,-173,-13684,4184,5796,-990,98,-70,-13872,-4872,6640,-539,137,-141,0
570.2765231132507,8804,6548,11012,-97,-52,77,7540,-9264,10308,-42,139,-168,-13668,4192,5756,-999,83,-69,-14064,-5108,6480,-507,159,-166,0
570.3101909160614,8676,6624,11144,-139,-65,98,7436,-9292,10296,-6,136,-190,-13648,4188,5732,-778,135,-88,-13876,-5020,6408,-517,158,-146,0
570.3435759544373,8448,6556,11156,-106,-66,86,7440,-9280,10156,-41,93,-187,-13628,4184,5816,-991,133,-50,-13916,-5180,6356,-493,154,-108,0
570.3812100887299,8708,6512,11184,-154,-92,89,7440,-9316,10340,-47,162,-190,-13720,4180,5748,-961,113,-91,-13944,-4876,6500,-474,109,-122,0
570.417158126831,8760,6604,11200,-139,-75,95,7472,-9276,10240,-47,169,-170,-13748,4164,5852,-989,81,-80,-13956,-5136,6368,-498,111,-147,0
570.4524919986725,8724,6520,11156,-101,-46,68,7360,-9192,10388,-22,123,-141,-13780,4164,5972,-1002,57,-96,-13916,-5144,6468,-527,122,-124,0
570.4875769615173,8764,6604,11256,-130,-37,88,7288,-9236,10240,-34,147,-148,-13644,4144,6072,-999,64,-57,-13800,-5096,6516,-500,115,-129,0
570.52321600914,8632,6496,11332,-141,-67,73,7340,-9296,10204,-73,124,-172,-13704,4156,5708,-980,79,-40,-13868,-5104,6508,-485,129,-149,0
570.5588409900665,8720,6608,11204,-132,-55,86,7372,-9356,10160,-47,121,-174,-13636,4148,5892,-988,77,-84,-13944,-4952,6400,-500,160,-141,0
570.594407081604,8900,6544,11036,-109,-62,103,7304,-9244,10300,-45,145,-189,-13680,4156,5756,-981,108,-83,-13884,-5036,6440,-486,173,-117,0
570.6303880214691,8548,6628,11240,-120,-69,114,7428,-9232,10088,-40,97,-193,-13588,4148,5776,-1276,96,-59,-13924,-5120,6452,-478,179,-135,0
570.6656339168549,8704,6636,11212,-133,-59,97,7476,-9324,10268,-21,131,-201,-13644,4140,6036,-997,93,-108,-13608,-5292,6416,-760,153,-152,0
570.701502084732,8624,6532,11140,-130,-78,98,7416,-9072,10384,-24,149,-181,-13708,4120,5720,-974,101,-65,-13888,-5208,6460,-503,133,-133,0
570.7371029853821,8804,6588,11144,-125,-56,88,7204,-9260,10316,-55,117,-157,-13824,4216,5948,-975,95,-70,-13920,-5096,6460,-493,123,-129,0
570.7723350524902,8676,6532,11272,-112,-71,99,7460,-9328,10356,-17,120,-166,-13732,4208,6056,-1010,69,-48,-13876,-5084,6452,-490,132,-120,0
570.8074519634247,8856,6576,11104,-130,-62,96,7420,-9184,10260,-39,144,-146,-13616,4148,5852,-996,74,-85,-13836,-5108,6284,-507,119,-109,0
570.8432779312134,8712,6644,11280,-106,-41,98,7460,-9024,10092,-53,137,-158,-13648,4112,5904,-993,81,-115,-13852,-5332,6376,-522,162,-126,0
570.8791279792786,8648,6556,11428,-122,-65,73,7612,-9296,10328,-30,137,-193,-13652,4256,5824,-954,103,-119,-13764,-5008,6588,-477,144,-106,0
570.9141581058502,8708,6560,11188,-138,-56,94,7476,-9324,10336,-33,153,-151,-13576,4172,6072,-982,72,-85,-14008,-5092,6600,-499,120,-151,0
570.9502589702606,8624,6628,11500,-116,-19,104,7356,-9252,10316,-32,142,-136,-13748,4156,5928,-1008,77,-40,-13908,-4876,6432,-504,102,-128,0
570.9852600097656,8572,6588,11040,-152,-67,92,7416,-9280,10256,-41,132,-185,-13704,4156,5848,-968,66,-77,-13592,-4912,6472,-523,155,-140,0
571.0211169719696,8660,6584,11220,-114,-79,104,7672,-9256,10392,-59,145,-169,-13760,4220,5956,-997,76,-92,-13832,-4944,6400,-262,158,-130,0
571.0548801422119,8800,6648,11144,-103,-70,96,7620,-9040,10404,-16,130,-179,-13628,4156,5748,-1007,98,-98,-13768,-5172,6556,-262,187,-151,0
571.0884339809418,8684,6556,11124,-97,-72,105,7608,-9452,10356,-34,114,-196,-13636,4164,5732,-1000,105,-85,-13784,-5100,6472,-491,184,-96,0
571.1219799518585,8796,6504,11260,-143,-109,115,7280,-9264,10260,-11,126,-178,-13672,4276,5656,-974,126,-86,-13904,-5096,6508,-460,138,-103,0
571.155396938324,8720,6576,11236,-143,-50,109,7280,-9412,10364,-23,166,-185,-13704,4228,5656,-982,123,-70,-14040,-5216,6360,-479,149,-150,0
571.1891279220581,8708,6504,11364,-145,-58,95,7488,-9356,10360,-8,156,-188,-13664,4200,5644,-1023,77,-38,-13956,-4904,6584,-503,171,-120,0
571.2228109836578,8520,6652,11200,-117,-45,78,7344,-8988,10360,-34,125,-172,-13656,4260,5860,-1031,89,-64,-13980,-5224,6416,-502,127,-158,0
571.2564380168915,8668,6872,11384,-144,-66,109,7244,-9276,10276,-62,139,-142,-13704,4232,5764,-968,64,-120,-13740,-5320,6500,-512,139,-130,0
571.289922952652,8756,6492,11184,-122,-93,84,7308,-9404,10300,-32,137,-160,-13632,4180,6076,-995,110,-113,-13804,-5288,6476,-516,129,-108,0
571.3235969543457,8744,6552,11048,-140,-95,104,7416,-9240,10300,-47,130,-171,-13632,4292,5788,-953,38,-88,-13996,-5132,6484,-490,150,-118,0
571.3574631214142,8600,6584,11244,-121,-71,106,7408,-9268,10212,-36,141,-166,-13596,4228,6120,-1011,130,-79,-13860,-5144,6560,-473,139,-91,0
571.3906619548798,8896,6636,11432,-155,-72,85,7436,-9332,10224,-31,128,-182,-13700,4200,5836,-971,128,-109,-13868,-5040,6632,-519,154,-118,0
571.4242091178894,8660,6544,11240,-141,-77,91,7468,-9344,10412,-15,147,-192,-13684,4112,5924,-1002,110,-91,-13940,-5292,6348,-521,152,-109,0
571.45774102211,8488,6592,11116,-130,-114,97,7408,-9308,10420,-18,151,-185,-13656,4212,5960,-1013,105,-135,-13928,-5144,6560,-519,159,-124,0
571.4912729263306,8756,6400,11244,-135,-98,101,7248,-9392,10172,-48,165,-183,-13748,4160,5988,-1000,74,-128,-13924,-5152,6344,-514,160,-104,0
571.5248939990997,8660,6592,11112,-122,-61,93,7416,-9320,10020,-37,121,-162,-13600,4176,5796,-989,118,-74,-13868,-4936,6432,-478,130,-111,0
571.5584261417389,8512,6560,11392,-138,-100,84,7480,-9332,10308,-27,126,-187,-13744,4136,5820,-770,100,-70,-13860,-5164,6400,-488,155,-112,0
571.5918440818787,8712,6588,11492,-173,-68,99,7380,-9300,10452,-33,134,-189,-13612,4128,5816,-987,110,-71,-13832,-5208,6444,-489,137,-104,0
571.625321149826,8632,6576,11048,-133,-119,115,7676,-9260,10380,-59,147,-193,-13648,4172,5968,-1000,91,-80,-13908,-5092,6256,-522,152,-124,0
571.6587281227112,8656,6512,11112,-151,-86,102,7356,-9392,10300,-7,122,-172,-13584,4172,6012,-777,118,-98,-13852,-4988,6576,-501,157,-135,0
571.6923899650574,8504,6672,11224,-121,-76,135,7276,-9204,10424,-7,151,-179,-13680,4220,5964,-1024,120,-103,-13904,-5188,6456,-491,145,-118,0
571.7260699272156,8660,6684,11372,-148,-126,84,7420,-9300,10332,-69,142,-178,-13668,4304,5652,-975,108,-99,-13916,-5032,6288,-500,173,-142,0
571.7599809169769,8496,6576,11144,-139,-63,83,7336,-9324,10488,-61,84,-143,-13652,4280,5812,-999,105,-72,-13956,-4868,6144,-498,155,-118,0
571.7934439182281,8708,6548,11480,-136,-58,117,7396,-9376,10196,-16,143,-153,-13640,4212,5928,-1005,81,-45,-13728,-5136,6612,-459,139,-111,0
571.8273141384125,8924,6620,11332,-163,-37,106,7332,-9336,10348,-9,122,-174,-13324,4348,5916,-975,104,-77,-13892,-5088,6368,-472,109,-81,0
571.8609690666199,8640,6688,11244,-177,-119,102,7344,-9384,10324,-50,144,-177,-13596,4188,5648,-990,121,-118,-13924,-5232,6600,-505,168,-111,0
571.8942639827728,8496,6648,11144,-140,-137,112,7336,-9268,10328,-49,147,-196,-13624,4224,5828,-997,150,-144,-13820,-5096,6324,-507,187,-103,0
571.9279141426086,8624,6564,11092,-129,-127,131,7380,-9296,10344,-14,111,-227,-13580,4164,5812,-1001,117,-151,-13860,-5072,6428,-492,205,-94,0
571.9616401195526,8540,6548,11164,-157,-156,127,7396,-8984,10268,11,101,-231,-13592,4208,5876,-1009,136,-132,-13620,-4872,6500,-497,212,-80,0
571.9952039718628,8736,6616,11324,-170,-132,131,7632,-9324,10336,-11,130,-238,-13584,4200,5820,-983,149,-106,-13888,-4992,6520,-495,182,-100,0
572.0312070846558,8900,6648,11292,-163,-84,126,7396,-9272,10460,-27,127,-212,-13632,4100,5796,-995,118,-107,-13652,-5180,6400,-489,176,-94,0
572.0671031475067,8696,6620,11232,-175,-121,121,7276,-9148,10456,71,234,-9,-13716,4176,5944,-990,162,-67,-13872,-4880,6492,-499,193,-66,0
572.1023459434509,8692,6532,11252,-161,-127,136,7408,-9256,9988,-16,110,-203,-13668,4324,5660,-992,141,-117,-13964,-5204,6596,-500,181,-50,0
572.1379699707031,8668,6524,11244,-160,-157,124,7368,-9340,10408,-57,153,-215,-13696,4204,6096,-989,124,-77,-13912,-5208,6444,-497,211,-107,0
572.1730899810791,8768,6504,11300,-165,-140,113,7496,-9284,10404,-15,160,-216,-13656,4244,5768,-990,139,-129,-13836,-5068,6356,-457,174,-88,0
572.2131581306458,8600,6568,11064,-149,-111,140,7460,-9396,10232,253,119,-200,-13616,4152,5852,-991,133,-104,-13644,-5140,6160,-468,176,-75,0
572.2481999397278,8916,6544,11212,-175,-131,123,7380,-9240,10288,-5,107,-207,-13812,4212,6092,-992,145,-141,-13832,-5336,6556,-502,187,-99,0
572.2842669487,8448,6584,11104,-152,-138,123,7492,-9320,10360,-46,105,-185,-13704,4164,5976,-983,131,-71,-13920,-5344,6516,-493,181,-65,0
572.3196549415588,8640,6612,11252,-163,-152,119,7396,-9268,10356,-31,134,-218,-13620,4104,5632,-977,94,-165,-13920,-5020,6456,-523,200,-69,0
572.354640007019,8680,6564,11240,-168,-148,121,7432,-9224,10288,-26,121,-206,-13596,4184,5900,-996,158,-103,-13944,-5104,6436,-491,201,-92,0
572.3902671337128,8744,6524,11156,-156,-149,134,7388,-9236,10708,-25,125,-183,-13612,4184,5868,-993,166,-117,-13844,-5040,6152,-496,177,-82,0
572.425332069397,8520,6616,11280,-167,-103,117,7372,-9200,10424,-29,121,-181,-13728,4216,5856,-985,127,-72,-13920,-5076,6488,-485,166,-49,0
572.4608221054077,8944,6544,11188,-175,-126,125,7440,-9284,10400,-8,143,-230,-13620,4212,5844,-1001,123,-149,-13904,-5140,6336,-494,168,-85,0
572.4973809719086,8676,6596,11196,-145,-114,121,7428,-9252,10480,-23,123,-184,-13604,4156,5864,-1009,144,-132,-13896,-5144,6300,-498,163,-122,0
572.5330529212952,8712,6600,11040,-174,-123,120,7184,-9300,10240,-5,140,-199,-13708,4084,5816,-1003,147,-120,-13924,-5104,6620,-481,183,-94,0
572.5690951347351,8476,6640,11176,-153,-93,113,7388,-9268,10432,-27,141,-181,-13600,4196,5708,-981,112,-110,-13908,-5068,6452,-487,140,-117,0
572.6044449806213,8676,6540,11172,-150,-120,112,7264,-9252,10356,-26,143,-169,-13752,3896,5816,-1005,100,-88,-13924,-5344,6440,-507,141,-125,0
572.6403501033783,8708,6564,11484,-173,-91,134,7352,-9180,10352,14,111,-172,-13652,4340,6108,-1273,92,-80,-13912,-5144,6476,-492,159,-95,0
572.6756110191345,8672,6592,11500,-113,-103,132,7384,-9252,10324,-73,153,-107,-13768,4144,5732,-1273,132,-102,-14028,-5156,6304,-463,135,-91,0
572.7111370563507,8760,6548,11400,-157,-101,110,7196,-9244,10276,-1,145,-202,-13720,4280,5736,-999,133,-105,-13944,-4964,6476,-457,159,-94,0
572.7447419166565,8752,6588,11140,-159,-109,139,7184,-9276,10260,-26,132,-165,-13744,4280,5860,-995,86,-118,-13932,-5160,6448,-482,139,-99,0
572.7781109809875,8796,6536,10908,-139,-66,121,7420,-9228,10464,-28,157,-166,-13628,4064,5936,-966,89,-85,-13876,-5272,6504,-481,66,-133,0
572.8118119239807,8464,6536,11480,-155,-85,107,7372,-9348,10268,-54,131,-142,-13680,4036,5992,-989,69,-91,-13864,-5044,6196,-521,154,-152,0
572.8452820777893,8900,6420,11248,-106,-93,71,7356,-9460,10328,-60,87,-201,-13768,4116,5732,-1004,78,-70,-13908,-5128,6356,-513,157,-143,0
572.8786001205444,8556,6592,11148,-82,-76,89,7472,-9316,10316,-37,106,-172,-13704,4108,5884,-1012,92,-109,-13904,-4984,6404,-491,165,-150,0
572.911808013916,8684,6428,11176,-151,-78,86,7188,-9052,10076,43,125,-211,-13576,4176,5772,-1019,146,-107,-13904,-5044,6460,-496,184,-138,0
572.9454810619354,8768,6492,11200,-143,-66,93,7368,-9336,10276,-45,92,-182,-13628,4488,5820,-1019,104,-90,-13984,-5008,6380,-490,144,-140,0
572.9789481163025,8908,6520,11332,-152,-43,94,7340,-9280,10456,-65,103,-168,-13736,4288,5788,-1012,86,-75,-13940,-5120,6264,-496,115,-129,0
573.0126900672913,8776,6496,11252,-115,-68,68,7416,-9340,10376,-41,153,-184,-13748,4124,5828,-772,62,-77,-13836,-4972,6352,-508,154,-129,0
573.0459201335907,8636,6568,11044,-117,-71,87,7356,-9344,10356,-11,125,-167,-13628,4176,5736,-962,46,-96,-13912,-5172,6316,-519,129,-138,0
573.0792651176453,8620,6568,11244,-121,-38,71,7404,-9164,10364,-41,139,-146,-13600,4232,6044,-994,65,-101,-13888,-5056,6476,-507,119,-151,0
573.112890958786,8688,6572,11504,-137,-70,61,7416,-9288,10456,-61,129,-170,-13736,4256,5780,-1002,72,-80,-13996,-5248,6528,-259,146,-131,0
573.146106004715,8724,6636,11376,-137,-74,84,7512,-9240,10288,-47,169,-206,-13724,4264,5780,-998,96,-62,-13868,-5200,6456,-505,144,-134,0
573.1795830726624,8636,6592,11032,-140,-79,97,7480,-9296,10164,-39,114,-183,-13656,4212,5852,-995,124,-59,-13844,-5168,6452,-503,136,-109,0
573.2132070064545,8796,6524,11256,-134,-70,111,7416,-9376,10420,-32,128,-190,-13644,4124,5688,-1010,142,-69,-13816,-5156,6360,-491,147,-147,0
573.2467930316925,8716,6584,11112,-123,-93,64,7456,-9276,10452,-42,314,-186,-13388,4236,5808,-1045,82,-99,-13940,-5104,6368,-488,166,-130,0
573.2800121307373,8736,6564,11248,-137,-55,81,7496,-9276,10308,-46,138,-168,-13724,4112,6140,-978,73,-64,-13924,-5108,6460,-520,136,-141,0
573.313707113266,8776,6564,11116,-126,-68,82,7440,-9276,10360,-33,135,-170,-13552,4260,6004,-997,68,-48,-14044,-5324,6616,-766,128,-169,0
573.3473041057587,8708,6532,11248,-91,-51,103,7336,-9324,10452,-43,146,-153,-13632,4184,5668,-1003,77,-100,-13780,-5108,6464,-528,147,-156,0
573.3805389404297,8676,6480,11204,-121,-73,96,7324,-9264,10460,-31,134,-175,-13628,4128,6116,-987,95,-97,-13816,-5108,6400,-509,154,-143,0
573.4139261245728,8672,6580,11224,-120,-62,89,7364,-9276,10328,-40,131,-185,-13784,4156,6012,-975,129,-98,-13904,-5172,6344,-482,134,-116,0
573.4475791454315,8648,6612,11212,-147,-63,126,7196,-9472,10332,-44,116,-162,-13748,4204,5896,-973,100,-74,-13948,-5144,6436,-487,148,-133,0
573.4807860851288,8504,6596,11444,-132,-93,101,7416,-9416,10344,-50,141,-162,-13688,4196,5764,-1020,82,-83,-13952,-5128,6392,-520,155,-177,0
573.5142910480499,8504,6620,11384,-132,-95,75,7656,-9268,10384,-13,123,-195,-13656,4248,5896,-770,80,-109,-13876,-5248,6388,-497,127,-139,0
573.5479681491852,8696,6604,11252,-97,-70,110,7376,-9288,10396,-29,151,-153,-13624,4116,5912,-989,71,-92,-13784,-5264,6452,-505,134,-120,0
573.5812990665436,8508,6544,11112,-104,-68,67,7432,-9220,10348,-35,156,-200,-13616,4172,5652,-975,74,-112,-13796,-5116,6460,-260,184,-138,0
573.6148550510406,8768,6604,11180,-133,-70,91,7488,-8968,10032,-43,118,-169,-13632,4300,5836,-975,113,-69,-13788,-5224,6492,-460,138,-123,0
573.648138999939,8672,6528,11420,-110,-42,94,7416,-9308,10360,-38,136,-151,-13684,4128,6036,-1005,112,-13,-13860,-5120,6492,-450,137,-128,0
573.6815309524536,8864,6652,11232,-130,-56,104,7344,-9328,10392,-31,229,-197,-13348,4140,6116,-1058,61,-78,-13904,-5104,6516,-476,104,-140,0
573.718642950058,8656,6684,11240,-124,-83,83,7392,-9376,10424,-57,182,-184,-13576,4256,6028,-1002,94,-109,-13848,-5172,6464,-502,148,-115,0
573.7542550563812,8712,6432,11300,-100,-72,106,7236,-9296,10412,10,120,-209,-13600,4172,5840,-1004,115,-95,-14004,-5136,6180,-530,148,-121,0
573.7900879383087,8636,6584,11120,-145,-68,108,7328,-9460,10216,-256,26,-155,-13620,4204,5904,-973,86,-141,-14072,-5088,6488,-494,180,-123,0
573.8250210285187,8752,6556,11500,-106,-81,111,7380,-9280,10120,-39,139,-162,-13596,4124,5872,-985,92,-74,-13932,-5360,6456,-521,161,-143,0
573.8608360290527,8664,6640,11252,-130,-82,103,7288,-9292,10272,-255,124,-169,-13716,4216,5804,-978,113,-84,-13876,-5152,6448,-491,123,-117,0
573.8960490226746,8660,6560,11292,-146,-84,87,7212,-9020,10184,254,134,-200,-13708,4192,5912,-988,108,-75,-13816,-5192,6416,-496,150,-119,0
573.9323360919952,8772,6576,11308,-149,-60,111,7388,-9296,10316,-32,139,-156,-13768,4176,5824,-993,97,-63,-13896,-5068,6412,-493,132,-105,0
573.9682459831238,8644,6604,11208,-141,-78,102,7328,-9372,10240,-33,137,-176,-13720,4244,5944,-984,84,-79,-13856,-5196,6440,-494,138,-112,0
574.0036821365356,8648,6520,11260,-154,-78,89,7332,-9264,10432,-27,144,-174,-13724,4196,6036,-986,70,-146,-13872,-4888,6508,-481,145,-121,0
574.0393660068512,8684,6572,11412,-165,-90,99,7656,-9260,10288,252,171,-192,-13684,4032,5932,-993,84,-98,-13912,-5060,6488,-503,170,-80,0
574.0745229721069,8576,6628,11196,-144,-97,120,7348,-9376,10628,-21,108,-185,-13628,4088,5804,-994,128,-145,-13888,-5080,6452,-492,166,-65,0
574.1098921298981,8668,6652,11260,-150,-147,130,7276,-9340,10348,-17,141,-228,-13608,4220,5960,-999,154,-111,-13860,-5096,6556,-491,182,-81,0
574.1450099945068,8916,6516,11052,-164,-139,123,7304,-9260,10472,-38,121,-199,-13616,4196,5632,-965,144,-132,-13616,-5044,6448,-516,207,-87,0
574.1806869506836,8672,6608,11264,-166,-136,139,7356,-9240,10308,-17,128,-207,-13708,4072,5868,-1026,185,-117,-13924,-5356,6544,-470,151,-87,0
574.2161009311676,8952,6588,11288,-144,-134,128,7436,-9292,10280,-18,112,-221,-13544,4116,5720,-1021,169,-148,-13912,-5052,6488,-484,178,-81,0
574.2519619464874,8624,6624,11316,-152,-128,144,7320,-9260,10040,-7,97,-211,-13604,4156,5744,-984,156,-139,-13872,-5096,6492,-470,190,-58,0
574.2875061035156,8704,6568,11248,-180,-131,118,7368,-9424,10236,-39,103,-98,-13404,4224,5860,-984,168,-113,-14072,-4888,6156,-486,136,-94,0
574.3237371444702,8636,6520,11248,-163,-181,126,7360,-9284,10108,-5,130,-204,-13708,4324,5852,-981,121,-141,-13744,-5164,6444,-520,222,-77,0
574.3607749938965,8916,6584,11100,-175,-135,120,7416,-9336,10248,-7,217,-238,-13680,4228,5796,-1048,132,-159,-13912,-5196,6436,-501,165,-95,0
574.3941731452942,8704,6576,11092,-151,-136,109,7232,-9248,10400,-254,156,-191,-13652,4148,5944,-990,91,-81,-13896,-5328,6436,-487,172,-78,0
574.4278259277344,8456,6548,11136,-180,-148,107,7432,-9472,10340,-34,142,-190,-13632,4184,5824,-987,167,-99,-13904,-5116,6360,-482,194,-87,0
574.4612519741058,8716,6464,11180,-212,-111,144,7444,-9360,10312,-23,131,-185,-13616,4220,5772,-975,129,-99,-13976,-5016,6228,-478,187,-55,0
574.4948170185089,8744,6508,11120,-181,-113,130,7664,-9276,10480,16,130,-188,-13708,4160,6136,-1006,123,-139,-13928,-5100,6484,-471,147,-87,0
574.5281391143799,8528,6588,11056,-175,-104,151,7380,-9244,10736,-18,150,-166,-13672,4228,5944,-987,123,-92,-13908,-4896,6160,-480,126,-93,0
574.5617079734802,8904,6408,11172,-191,-110,120,7336,-9244,10468,-33,139,-191,-13680,4108,5740,-988,132,-79,-13928,-5372,6160,-496,200,-61,0
574.5949470996857,8720,6496,11036,-142,-148,145,7404,-9000,10316,-9,146,-199,-13612,4152,5888,-1003,129,-134,-13656,-5040,6408,-521,190,-68,0
574.6286070346832,8728,6572,11224,-141,-155,127,7404,-9176,10460,13,126,-213,-13644,4232,5804,-998,168,-158,-13588,-5088,6412,-508,220,-66,0
574.6618759632111,8700,6556,11280,-132,-143,130,7172,-9300,10480,2,146,-203,-13660,3872,5712,-999,129,-157,-13904,-5360,6444,-497,189,-70,0
574.6954660415649,8528,6604,11324,-181,-157,146,7384,-9288,10092,-8,120,-208,-13716,4180,5848,-1003,145,-141,-14060,-5320,6480,-493,191,-91,0
574.7290380001068,8816,6560,11260,-170,-120,126,7396,-9332,10460,248,126,-191,-13700,4272,5628,-1040,145,-118,-13912,-5368,6304,-499,163,-85,0
574.7623510360718,8880,6596,11152,-152,-133,132,7448,-9240,10356,-21,160,-182,-13760,4308,5884,-994,102,-131,-13868,-5152,6340,-490,166,-116,0
574.7959671020508,8952,6520,11104,-134,-120,136,7336,-9248,10408,-40,119,-159,-13612,4128,6080,-1005,144,-83,-13912,-5056,6356,-494,154,-117,0
574.82976603508,8532,6628,11120,-169,-113,109,7368,-9420,10240,-44,138,-180,-13736,4152,5996,-987,105,-144,-13900,-5168,6460,-493,158,-77,0
574.8634140491486,8932,6508,11324,-162,-128,114,7356,-9180,10244,-36,141,-192,-13648,4216,5784,-980,115,-122,-13840,-5080,6464,-493,197,-90,0
574.8966820240021,8780,6552,11008,-153,-127,106,7304,-9252,10292,-56,119,-207,-13648,4124,5720,-1008,125,-90,-13948,-5132,6424,-503,148,-125,0
574.9302139282227,8812,6556,11128,-118,-124,120,7216,-9304,10000,-35,101,-202,-13708,4180,5960,-996,107,-48,-13820,-5196,6420,-499,175,-137,0
574.9638221263885,8676,6576,11088,-142,-115,82,7460,-9320,10356,-22,108,-181,-13692,4156,5796,-1013,102,-90,-13932,-4896,6196,-514,142,-157,0
574.9973850250244,8780,6540,11036,-118,-56,94,7480,-9300,10384,-23,128,-190,-13688,4136,5776,-1011,88,-107,-14012,-5136,6352,-491,154,-162,0
575.0309979915619,8784,6488,11132,-114,-90,95,7312,-9148,10380,-90,123,-157,-13640,4116,5780,-1024,99,-109,-13960,-5116,6456,-492,150,-149,0
575.0642189979553,8744,6588,11200,-151,-48,80,7604,-9264,10344,-51,118,-178,-13668,4100,5872,-994,90,-81,-13868,-5064,6184,-475,135,-132,0
575.0976791381836,8796,6508,11168,-144,-45,100,7520,-9248,10412,-76,129,-170,-13748,4200,5688,-1001,72,-41,-13880,-5368,6172,-258,105,-167,0
575.1311309337616,8848,6536,10848,-123,-68,82,7520,-9316,10332,-28,135,-143,-13668,4196,5796,-1278,31,-69,-14020,-5148,6564,-482,126,-166,0
575.1644389629364,8664,6548,11284,-144,-8,84,7348,-9076,10356,37,246,-146,-13604,4208,5780,-1013,112,-80,-13900,-5148,6424,-528,98,-156,0
575.1979711055756,8792,6608,11136,-103,21,74,7472,-9308,10460,-72,151,-156,-13652,4168,5812,-1002,49,-106,-13900,-5060,6188,-466,166,-147,0
575.2315809726715,8796,6480,11184,-127,-71,96,7400,-9008,10280,-61,142,-195,-13556,4196,5840,-985,95,-101,-13988,-4968,6448,-477,184,-138,0
575.265242099762,8504,6592,11200,-165,-67,119,7476,-9324,10364,-56,161,-148,-13644,4096,5928,-991,97,-54,-13920,-5060,6188,-486,97,-139,0
575.2989919185638,8948,6464,11244,-111,-51,101,7184,-9308,10276,-49,125,-154,-13688,4196,5816,-980,83,-32,-13820,-5204,6576,-757,59,-147,0
575.3326890468597,8712,6504,11372,-109,-65,72,7284,-9296,10240,-89,167,-169,-13608,4144,5808,-999,68,-43,-13860,-5168,6392,-533,107,-159,0
575.3659031391144,8624,6544,11244,-124,-82,67,7460,-9212,10384,-64,123,-176,-13660,4256,5884,-1011,86,-109,-13888,-5068,6596,-520,165,-129,0
575.4022891521454,8816,6536,11268,-96,-56,99,7412,-9236,10320,-23,146,-160,-13696,4140,5824,-996,86,-63,-13852,-4880,6460,-491,164,-127,0
575.4375579357147,8608,6528,11344,-125,-32,90,7428,-9164,10360,-33,101,-188,-13396,4184,5636,-1036,107,-91,-13884,-5068,6384,-522,163,-98,0
575.4734380245209,8740,6528,11080,-115,-74,124,7468,-9240,10392,-57,134,-191,-13760,3864,6116,-979,86,-51,-14036,-4884,6556,-497,157,-138,0
575.5084099769592,8744,6548,11376,-158,-32,91,7472,-9344,10344,-48,136,-188,-13660,4204,5736,-981,108,-129,-14000,-4896,6420,-475,134,-112,0
575.5439291000366,8680,6560,11204,-122,-52,55,7368,-9292,10372,-18,148,-160,-13788,4212,5988,-974,82,-80,-13580,-5300,6440,-492,132,-128,0
575.5798690319061,8688,6660,11236,-96,-67,67,7348,-9284,10380,-27,126,-163,-13520,4276,5736,-1009,94,-56,-13984,-5116,6492,-258,149,-112,0
575.6150181293488,8660,6600,11272,-138,-86,89,7316,-9204,10336,-52,163,-166,-13632,4096,5920,-943,60,-55,-13924,-5116,6476,-520,114,-147,0
575.650386095047,8480,6536,11236,-137,-67,71,7440,-9348,10452,-46,155,-160,-13668,4236,5944,-993,25,-79,-13852,-5056,6524,-507,139,-152,0
575.6860709190369,8664,6900,11376,-138,-70,98,7296,-9252,10392,26,110,-182,-13600,4160,5952,-1023,129,-125,-13736,-5188,6520,-459,134,-119,0
575.7217750549316,8660,6572,11332,-104,-36,115,7324,-9284,10220,-22,104,-183,-13580,4032,5820,-998,135,-84,-13876,-5188,6376,-511,181,-98,0
575.7578251361847,8716,6412,11240,-149,-121,118,7620,-9348,10308,-67,136,-184,-13732,4220,5652,-1007,85,-110,-13852,-5176,6592,-488,126,-128,0
575.7926931381226,8480,6620,11020,-118,-111,108,7452,-9316,10272,-76,105,-144,-13700,4212,5832,-973,103,-76,-13848,-4908,6492,-501,107,-122,0
575.8281519412994,8644,6624,11276,-128,-43,98,7400,-9320,10416,-36,144,-143,-13596,4180,5884,-1276,79,-31,-13976,-5096,6384,-470,133,-141,0
575.8634920120239,8936,6640,11236,-161,-37,113,7384,-9292,10328,-28,138,-168,-13600,4180,5888,-1000,87,-58,-13760,-5176,6360,-507,88,-116,0
575.8986620903015,8564,6604,11252,-148,-39,100,7416,-9332,10348,-50,129,-157,-13628,4212,5864,-968,88,-97,-14080,-5360,6492,-514,126,-137,0
575.9339179992676,8672,6544,11260,-139,-100,101,7416,-9408,10364,-48,139,-148,-13592,4188,5716,-997,69,-109,-13832,-5212,6500,-470,132,-123,0
575.9696891307831,8776,6420,11268,-128,-75,105,7404,-8984,10316,-50,112,-175,-13660,4172,5664,-1023,95,-109,-14068,-5008,6580,-525,165,-134,0
576.0050001144409,8512,6524,11144,-107,-98,113,7648,-9456,9996,-18,124,-197,-13660,4188,5836,-987,128,-113,-13876,-4872,6576,-261,196,-130,0
576.0428140163422,8908,6620,11200,-132,-108,103,7196,-9404,10372,25,111,-179,-13704,4276,5932,-983,118,-68,-13820,-5104,6548,-488,165,-117,0
576.0764999389648,8832,6628,11108,-162,-58,107,7324,-9348,10404,12,162,-205,-13612,4276,6044,-986,81,-98,-13948,-5088,6680,-477,116,-120,0
576.1099109649658,8676,6560,11232,-150,-71,92,7388,-9268,10272,-33,142,-177,-13712,4180,5756,-963,82,-76,-13868,-5196,6476,-510,161,-137,0
576.1431930065155,8728,6560,11268,-120,-81,100,7356,-9368,10432,-34,159,-177,-13752,4208,5904,-1004,94,-117,-13840,-5188,6428,-260,148,-133,0
576.1768989562988,8484,6512,11144,-147,-122,102,7396,-9328,10240,-24,142,-183,-13612,4176,5740,-1019,153,-120,-13844,-5068,6460,-479,140,-124,0
576.2101790904999,8624,6600,11064,-137,-56,118,7508,-9184,10236,-5,130,-161,-13696,4188,5952,-1004,122,-91,-13824,-5104,6512,-501,145,-125,0
576.2438309192657,8624,6600,11020,-136,-96,106,7364,-9252,10392,-26,142,-166,-13600,4256,5888,-1016,86,-67,-13800,-5108,6604,-500,167,-137,0
576.2772989273071,8776,6548,11032,-138,-58,110,7400,-9280,10272,-36,169,-161,-13716,4144,5956,-988,128,-77,-13904,-5216,6532,-522,165,-117,0
576.3109469413757,8916,6404,11192,-142,-109,121,7456,-9372,10352,-30,173,-163,-14068,4116,5728,-1003,110,-89,-14024,-5324,6400,-500,156,-103,0
576.3445379734039,8948,6424,11012,-148,-91,104,7432,-9336,10372,-14,121,-171,-13552,4200,5788,-1021,114,-115,-13912,-5148,6440,-477,148,-85,0
576.3777539730072,8548,6860,11032,-154,-81,125,7412,-9400,10460,-34,101,-190,-13612,4232,5844,-966,125,-96,-13864,-5272,6452,-473,161,-114,0
576.411062002182,8644,6628,11268,-152,-73,122,7400,-9240,10364,-18,148,-181,-13652,4196,5948,-983,131,-111,-13856,-5064,6556,-258,168,-90,0
576.4446580410004,8708,6528,11380,-157,-110,132,7380,-9340,10312,-11,139,-207,-13628,4132,5716,-1005,127,-115,-13856,-5148,6468,-489,163,-88,0
576.4780149459839,8588,6584,11352,-152,-143,113,7316,-9456,10328,-22,132,-217,-13668,4324,5852,-992,123,-150,-13776,-5220,6500,-488,178,-92,0
576.5116560459137,8648,6672,11484,-175,-128,139,7336,-9344,10372,-28,129,-208,-13620,4132,5928,-988,134,-170,-13944,-5168,6156,-503,177,-98,0
576.5452699661255,8484,6452,11100,-153,-119,138,7392,-9392,10228,-17,138,-203,-13652,3884,5808,-973,158,-157,-13884,-5040,6404,-475,196,-77,0
576.5787029266357,8704,6568,11036,-169,-142,148,7184,-9288,10292,-10,131,-212,-13660,4168,5892,-992,144,-130,-13924,-4920,6652,-501,194,-76,0
576.6122031211853,8624,6664,11200,-155,-116,129,7440,-9152,10376,-11,116,-216,-13676,4128,5700,-1007,160,-126,-13928,-5108,6496,-507,204,-42,0
576.6452870368958,8752,6648,11232,-151,-145,137,7580,-9284,10388,-14,143,-219,-13600,4204,6004,-995,146,-151,-13868,-5176,6384,-497,197,-79,0
576.6787779331207,8736,6588,11248,-164,-148,137,7404,-9236,10376,-18,130,-218,-13704,4136,5760,-988,170,-166,-13968,-5236,6412,-462,194,-62,0
576.7123200893402,8692,6612,11184,-188,-166,139,7404,-9364,10316,17,148,-221,-13632,4168,6004,-968,150,-125,-14068,-5144,6592,-477,160,-89,0
576.7459471225739,8760,6540,11168,-189,-157,127,7332,-9284,10300,-19,136,-193,-13808,4216,5656,-1006,127,-99,-13808,-5068,6156,-517,165,-84,0
576.7792799472809,8784,6472,11216,-153,-84,129,7432,-9288,10388,-12,133,-180,-13404,4136,6088,-1024,116,-99,-13832,-5032,6244,-503,148,-90,0
576.8129601478577,8600,6660,11152,-157,-124,140,7168,-9300,10708,253,133,-186,-13628,4188,5808,-1016,141,-130,-13984,-5020,6632,-479,157,-85,0
576.8464770317078,8880,6516,11212,-142,-137,134,7316,-9288,10332,-31,124,-206,-13660,4160,5896,-956,164,-137,-13604,-5012,6168,-506,234,-74,0
576.8797590732574,8760,6520,11084,-171,-170,141,7452,-9272,10476,-23,132,-212,-13592,4148,5864,-1006,162,-143,-13868,-5088,6184,-453,203,-69,0
576.9131119251251,8488,6540,11104,-168,-122,150,7364,-9232,10372,6,124,-191,-13632,4168,5852,-988,129,-64,-13924,-4884,6628,-468,115,-79,0
576.946702003479,8956,6584,11068,-168,-82,120,7576,-9208,10396,-24,160,-188,-13700,4224,5656,-979,93,-67,-13836,-5052,6460,-499,103,-118,0
576.9800460338593,8816,6516,11508,-180,-102,120,7312,-9240,10308,-46,159,-173,-13644,4160,5864,-1001,110,-151,-13932,-5320,6496,-503,171,-134,0
577.0136590003967,8708,6492,11208,-137,-128,118,7340,-9156,10340,6,148,-205,-13756,4212,5860,-993,112,-132,-13880,-5084,6432,-501,188,-113,0
577.0472700595856,8732,6508,11012,-164,-142,137,7432,-9300,10316,-15,156,-221,-13668,4172,6000,-1039,142,-128,-13916,-5156,6360,-768,202,-66,0
577.083466053009,8736,6464,11248,-162,-175,141,7296,-9228,10400,-21,93,-224,-13648,4108,5780,-1011,165,-139,-14004,-5164,6500,-525,209,-87,0
577.1186361312866,8760,6440,11200,-145,-167,120,7412,-9308,10348,255,119,-209,-13700,4164,5796,-986,150,-96,-13952,-4996,6516,-499,186,-93,0
577.1541509628296,8808,6588,11360,-163,-101,124,7428,-9296,10480,-18,137,-202,-13788,4132,5984,-971,119,-116,-13996,-5164,6444,-497,186,-92,0
577.1895589828491,8792,6564,10928,-150,-134,96,7484,-9468,10392,-14,165,-198,-13680,4168,5952,-1010,96,-79,-13968,-5376,6492,-477,155,-100,0
577.2280809879303,8732,6548,10840,-128,-133,131,7496,-9216,10360,-26,139,-194,-13596,4140,5820,-1010,120,-75,-13888,-5044,6540,-468,167,-119,0
577.2634019851685,8736,6556,11076,-128,-115,101,7512,-9232,10460,-53,128,-182,-13672,4204,5760,-981,110,-80,-14040,-5044,6452,-515,114,-122,0
577.2983219623566,8808,6512,11064,-140,-95,96,7460,-9252,10488,-48,128,-171,-13656,4300,5628,-1041,103,-62,-13852,-4996,6440,-505,156,-147,0
577.3338739871979,8676,6472,11092,-125,-84,86,7412,-9220,10396,-256,143,-173,-13652,3992,5632,-992,137,-141,-13888,-5224,6420,-492,136,-134,0
577.369213104248,8736,6488,11308,-119,-75,103,7416,-9236,10424,-88,108,-197,-13672,4132,5900,-995,105,-99,-13920,-5052,6380,-534,166,-165,0
577.4041650295258,8780,6520,11188,-150,-131,80,7388,-9260,10020,-8,164,-181,-13720,4208,5820,-1011,71,-67,-13992,-5036,6444,-481,146,-112,0
577.4390270709991,8892,6468,11276,-148,-38,106,7188,-9344,10356,-38,137,-130,-13764,4208,5744,-988,112,-64,-13636,-5020,6364,-496,96,-120,0
577.4745659828186,8792,6480,11140,-152,11,132,7456,-9232,10408,-14,112,-148,-13584,4124,5712,-999,102,235,-13592,-5088,6592,-472,126,-122,0
577.5104279518127,8452,6524,11236,-123,-33,91,7312,-9268,10276,-42,111,-169,-13772,4156,5796,-1007,42,-47,-13844,-5072,6644,-504,152,-138,0
577.5460760593414,8740,6496,11248,-121,-72,77,7460,-9276,10360,-5,179,-179,-13496,4148,6044,-1030,48,-102,-13652,-5068,6524,-503,137,-137,0
577.5823740959167,8940,6616,11228,-99,-69,64,7308,-9272,10276,-46,167,-199,-13688,4152,5884,-980,71,-60,-13868,-5092,6268,-501,147,-162,0
577.6180551052094,8696,6516,11260,-113,-59,56,7340,-9300,10388,-64,127,-189,-13704,4180,6008,-976,93,-58,-13892,-5080,6392,-484,143,-128,0
577.6530690193176,8700,6500,11216,-148,-84,80,7392,-9468,10376,-45,111,-175,-13716,4164,5860,-979,96,-110,-13980,-5120,6520,-498,166,-102,0
577.688686132431,8792,6572,11244,-131,-82,102,7628,-9248,10260,-38,130,-166,-13572,4164,5956,-999,76,-64,-13880,-5076,6424,-473,125,-117,0
577.7256779670715,8680,6624,11224,-128,-77,90,7404,-9288,10308,-16,143,-157,-13744,4120,5816,-1018,71,-84,-13768,-5076,6388,-513,147,-155,0
577.7592239379883,8700,6584,11276,-134,-73,76,7584,-9088,10424,-61,110,-148,-13608,4184,5752,-996,63,-93,-13832,-5184,6472,-510,131,-154,0
577.7927670478821,8748,6564,11228,-118,-61,70,7676,-9232,10456,-40,175,-177,-13636,4088,5752,-992,47,-68,-13844,-5120,6424,-257,134,-159,0
577.8262310028076,8944,6548,11204,-95,-59,101,7388,-9272,10460,-18,137,-152,-13736,4312,5808,-984,83,-36,-13900,-5124,6428,-508,102,-125,0
577.8600289821625,8708,6432,11156,-134,-41,100,7196,-9280,10464,-45,107,-143,-13604,4196,5756,-999,91,-60,-13688,-5356,6152,-525,130,-144,0
577.8934650421143,8456,6624,11196,-123,-47,116,7312,-9240,10280,-47,145,-146,-13620,4276,5912,-991,100,-75,-13816,-5120,6328,-519,136,-117,0
577.9271171092987,8660,6580,11088,-119,-45,99,7380,-8968,10420,-60,126,-158,-13620,4220,5684,-1006,101,-45,-13772,-5276,6460,-486,145,-140,0
577.9626679420471,8464,6556,11076,-101,-94,66,7368,-9244,10352,-36,108,-179,-13604,4156,6108,-1019,90,-79,-13920,-5136,6524,-508,147,-147,0
577.9962451457977,8612,6548,11056,-118,-50,84,7372,-9340,10432,-39,132,-166,-13648,4144,5836,-990,77,-17,-14064,-4924,6416,-497,133,-112,0
578.0299761295319,8680,6584,11172,-96,-51,87,7496,-9336,10188,1,124,-180,-13676,4196,5696,-993,120,-79,-13880,-5096,6448,-492,157,-135,0
578.0636019706726,8700,6628,11268,-112,-52,85,7456,-9312,10220,-48,118,-172,-13744,4204,5888,-991,110,-73,-14072,-4872,6356,-495,144,-141,0
578.0971901416779,8796,6528,11324,-113,-60,83,7364,-9448,10444,-63,196,-149,-13668,4236,5788,-1001,103,-109,-13904,-5044,6420,-765,162,-148,0
578.1307020187378,8636,6572,11264,-104,-59,87,7396,-9284,10396,-19,117,-163,-13580,4220,5824,-998,79,-67,-13896,-4932,6252,-530,138,-146,0
578.163850069046,8592,6552,11236,-141,-84,100,7416,-9328,10184,-19,108,-204,-13728,4200,5936,-998,113,-85,-13932,-5188,6468,-478,153,-126,0
578.1974880695343,8656,6604,11360,-161,-61,82,7380,-9384,10412,-45,119,-179,-13524,4124,5844,-981,115,-50,-13820,-5172,6492,-474,121,-110,0
578.231076002121,8804,6700,11220,-116,-73,88,7388,-9304,10280,-15,160,-173,-13680,4232,5796,-1008,38,-96,-13952,-5144,6528,-513,128,-132,0
578.2646350860596,8688,6624,11220,-146,-58,98,7352,-9252,10308,-16,164,-146,-13644,3924,5980,-901,21,-104,-13832,-5124,6528,-481,133,-121,0
578.2984080314636,8700,6700,11156,-100,-105,102,7380,-9268,10408,-34,133,-139,-13680,4116,5644,-1005,95,-104,-13872,-5324,6308,-263,95,-153,0
578.3319900035858,8712,6640,11212,-90,-70,91,7436,-9236,10156,-85,132,-178,-13780,4208,5656,-959,98,-66,-13996,-5004,6644,-529,178,-99,0
578.3654520511627,8868,6580,11156,-116,-74,107,7440,-8992,10328,-24,135,-171,-13640,4220,5956,-1024,93,-51,-13864,-5080,6524,-477,152,-118,0
578.3986859321594,8656,6564,11276,-113,-40,108,7472,-9328,10340,-17,119,-152,-13608,4148,5676,-991,76,-50,-13980,-5116,6548,-477,126,-151,0
578.4323189258575,8612,6672,11368,-152,-15,93,7360,-9304,10320,-255,149,-156,-13688,4208,5936,-989,94,-59,-14016,-5100,6244,-506,104,-83,0
578.4658260345459,8648,6544,11396,-143,-82,94,7320,-9288,10356,-67,168,-157,-13712,4280,5824,-1002,101,-97,-13888,-5172,6252,-499,166,-116,0
578.4993360042572,8584,6492,11208,-123,-71,107,7196,-9276,10368,-34,130,-190,-13700,4188,5800,-1270,89,-115,-13656,-5020,6168,-264,173,-121,0
578.5329740047455,8608,6488,11136,-156,-96,113,7352,-9308,10240,-250,133,-197,-13632,4144,5816,-1015,117,-109,-13872,-5152,6476,-498,186,-94,0
578.5667150020599,8640,6588,11280,-152,-94,120,7284,-9180,10324,-32,121,-213,-13640,4256,5872,-989,141,-94,-13820,-5232,6484,-502,186,-114,0
578.6002259254456,8620,6536,11176,-154,-96,103,7352,-9336,10456,-17,133,-199,-13704,4344,6124,-973,110,-131,-13888,-5180,6500,-470,185,-110,0
578.6334829330444,8792,6668,11388,-158,-84,112,7344,-9284,10388,-9,178,-194,-13700,4132,5872,-1013,98,-144,-13864,-5132,6516,-489,170,-114,0
578.6668951511383,8724,6612,11216,-157,-110,121,7344,-9204,10308,-15,120,-193,-13804,4188,6048,-984,113,-127,-13880,-5092,6412,-517,212,-74,0
578.70055103302,8720,6556,11060,-151,-101,124,7416,-9284,10448,-28,151,-192,-13796,4188,5816,-982,143,-112,-13916,-5168,6444,-490,174,-105,0
578.7339389324188,8716,6624,11204,-172,-117,124,7404,-9204,10264,-27,150,-205,-13748,4160,5972,-999,144,-111,-13996,-5180,6360,-473,178,-82,0
578.7712171077728,8780,6516,11356,-189,-148,118,7400,-9256,10288,-23,155,-209,-13616,3912,6052,-962,140,-132,-13884,-5332,6640,-492,186,-83,0
578.8073229789734,8696,6632,11092,-169,-126,125,7440,-9220,10260,-255,133,-194,-13804,4196,5880,-985,157,-156,-13944,-5220,6372,-506,181,-70,0
578.8428061008453,8884,6640,11468,-139,-147,145,7440,-9340,10684,-30,128,-207,-13616,4204,5988,-988,148,-118,-13832,-5152,6440,-508,219,-60,0
578.8786759376526,8648,6536,11144,-171,-145,139,7292,-9204,10488,-4,114,-226,-13696,4128,5732,-999,131,-135,-14008,-5148,6488,-487,196,-76,0
578.9137251377106,8492,6480,11252,-176,-99,142,7384,-9248,10384,-10,151,-211,-13608,4068,5932,-961,149,-102,-13936,-5288,6552,-489,189,-89,0
578.9495820999146,8668,6536,11204,-195,-147,137,7460,-9328,10496,-8,144,-181,-13664,4172,5840,-1022,119,-95,-13860,-5092,6524,-476,158,-81,0
578.9850449562073,8636,6412,11172,-211,-153,134,7304,-9232,10304,-246,149,-201,-13684,4152,5720,-1031,120,-134,-13908,-5164,6400,-485,144,-94,0
579.020966053009,8612,6560,11240,-153,-112,145,7196,-9288,10404,-7,142,-193,-13764,4120,5848,-992,145,-98,-13920,-4880,6396,-488,179,-68,0
579.056088924408,8608,6552,11184,-165,-151,102,7656,-9304,10288,-29,143,-205,-13644,4204,5684,-956,141,-137,-13924,-5088,6444,-463,209,-90,0
579.0922429561615,8796,6580,11172,-176,-157,138,7364,-9256,10344,-5,144,-182,-13840,4168,5724,-977,117,-129,-13848,-4900,6436,-465,171,-95,0
579.1280019283295,8736,6528,11148,-163,-108,131,7460,-9112,10312,-21,150,-162,-13652,4148,5860,-983,117,-93,-13824,-5124,6516,-494,120,-109,0
579.1624391078949,8696,6544,11236,-185,-106,122,7364,-9196,10408,-36,150,-176,-13644,4128,5760,-994,150,-95,-13776,-5368,6328,-500,165,-141,0
579.197713136673,8892,6500,11236,-156,-161,133,7392,-9340,10340,-27,153,-230,-13664,4068,5784,-1040,159,-101,-13784,-5036,6280,-493,193,-80,0
579.2336809635162,8668,6588,11500,-153,-138,136,7432,-9248,10276,-11,115,-222,-13576,4092,5712,-1042,127,-129,-13940,-5084,6364,-485,198,-91,0
579.2688019275665,8680,6496,11284,-152,-150,132,7328,-9144,10360,-18,107,-226,-13432,4224,5920,-1272,150,-128,-13980,-5076,6492,-496,180,-79,0
579.3040480613708,8956,6400,11012,-178,-128,120,7392,-9192,10540,-25,103,-191,-13604,4080,5840,-960,169,-122,-13888,-5068,6416,-497,179,-84,0
579.339103937149,8868,6484,11436,-186,-107,127,7416,-9240,10476,-24,135,-197,-13692,4160,6076,-991,114,-127,-14028,-5080,6496,-506,179,-105,0
579.374990940094,8948,6576,11204,-131,-130,132,7172,-9136,10288,7,159,-206,-13704,4128,5684,-989,108,-102,-13848,-5024,6488,-503,173,-99,0
579.4120500087738,8648,6568,11484,-162,-157,141,7456,-9168,10308,-53,117,-191,-13652,4092,5844,-1013,96,-72,-13936,-4992,6396,-508,163,-105,0
579.445552110672,8588,6608,11112,-151,-126,126,7316,-9184,10412,-41,137,-199,-13612,4220,6132,-977,114,-92,-13908,-4904,6552,-493,158,-99,0
579.4792311191559,8800,6632,11420,-119,-136,107,7328,-9240,10460,-56,128,-184,-13628,3908,5756,-1003,106,-49,-14076,-5060,6596,-491,178,-118,0
579.5128300189972,8732,6404,11188,-104,-85,69,7476,-9228,10260,-34,115,-157,-13648,4344,5864,-977,90,-122,-13932,-4872,6456,-524,130,-126,0
579.5464580059052,8824,6532,11188,-128,-96,91,7364,-9156,10472,-22,141,-171,-13684,4100,5800,-998,81,-116,-13836,-5056,6448,-514,159,-156,0
579.5801210403442,8720,6528,11080,-148,-49,97,7448,-9272,10316,-30,140,-160,-13672,4132,6020,-1002,75,-82,-14004,-5064,6368,-480,115,-145,0
579.6136591434479,8700,6516,11224,-137,-40,87,7428,-9260,10256,-60,133,-159,-13652,4244,5764,-995,91,-48,-13872,-4900,6420,-521,135,-160,0
579.647164106369,8800,6520,11196,-129,-71,80,7404,-9220,10432,-37,141,-162,-13756,4168,5664,-777,51,-30,-13944,-5128,6472,-487,144,-177,0
579.6806149482727,8732,6544,11260,-114,-18,99,7340,-9280,10360,-15,127,-166,-13608,4344,5952,-1017,80,-55,-13788,-5140,6520,-516,109,-120,0
579.7141671180725,8748,6488,11248,-110,-24,63,7472,-9236,10456,-68,156,-177,-13636,4148,5968,-1010,85,-76,-13916,-5344,6480,-496,130,-154,0
579.7478029727936,8832,6600,11236,-164,-40,52,7412,-9244,10452,-26,140,-186,-13676,4248,5896,-966,71,-100,-13800,-5084,6268,-472,109,-158,0
579.7813041210175,8792,6536,11244,-154,-41,96,7364,-9292,10308,-33,164,-116,-13624,4220,5796,-1001,34,-75,-13868,-5048,6452,-498,88,-128,0
579.8148369789124,8696,6524,11240,-144,-16,82,7396,-9212,10436,-36,134,-135,-13640,4108,5864,-980,62,-24,-13944,-5104,6576,-257,92,-178,0
579.8484539985657,8720,6584,11312,-133,-21,77,7360,-9192,10424,-59,159,-152,-13576,4172,5912,-985,70,-52,-13880,-5324,6364,-517,139,-123,0
579.8818709850311,8692,6588,11276,-101,-67,124,7344,-9164,10412,-45,139,-158,-13692,4124,5872,-998,74,-60,-13884,-5096,6388,-766,169,-153,0
579.9155189990997,8792,6544,11156,-109,-46,79,7616,-9268,10488,-30,114,-160,-13708,4164,5848,-1014,91,-102,-13796,-5068,6496,-511,164,-156,0
579.9493141174316,8916,6588,11480,-114,-57,95,7412,-9232,10340,-8,126,-166,-13568,4188,5696,-995,105,-111,-13968,-5148,6400,-502,158,-151,0
579.9828851222992,8740,6456,11280,-105,-88,89,7512,-9268,10368,-37,146,-181,-13740,4112,5680,-994,71,-105,-13932,-5200,6456,-504,163,-164,0
580.0164959430695,8916,6604,11348,-113,-45,79,7356,-9248,10364,-22,124,-176,-13708,4148,6092,-985,81,-66,-13924,-4904,6496,-497,124,-156,0
580.0500240325928,8504,6532,11252,-128,-53,96,7364,-9240,10372,-9,129,-164,-13656,4216,5916,-986,86,-45,-13908,-5216,6408,-486,140,-143,0
580.0838530063629,8692,6528,11316,-104,-46,107,7304,-9264,10468,-18,141,-166,-13616,4104,5900,-1037,87,-47,-13948,-5176,6428,-501,156,-128,0
580.1174070835114,8748,6528,11220,-122,-66,81,7364,-9340,10348,15,159,-204,-13684,4080,5832,-981,47,-80,-13808,-5152,6584,-512,148,-124,0
580.1508331298828,8688,6552,11264,-122,-65,69,7364,-9300,10288,-42,131,-184,-13720,4192,6040,-975,78,-108,-13912,-5140,6468,-504,150,-148,0
580.1841480731964,8640,6572,11296,-127,-81,67,7384,-9284,10300,-39,184,-152,-13656,4252,5872,-992,83,-70,-13592,-5352,6652,-477,144,-161,0
580.2175741195679,8696,6624,11320,-117,-46,96,7272,-9260,10292,-31,152,-156,-13668,4152,5644,-1019,113,-87,-14060,-5116,6400,-501,156,-124,0
580.2510740756989,8644,6600,11288,-101,-58,75,7632,-9228,10464,-3,109,-176,-13616,4276,6128,-1007,102,-75,-13792,-5120,6508,-486,124,-127,0
580.2847149372101,8712,6624,11248,-140,-55,77,7204,-9288,10312,-66,156,-193,-13600,4252,5752,-1000,93,-97,-13972,-5012,6448,-504,142,-91,0
580.3181970119476,8708,6572,11256,-118,-111,112,7368,-9368,10396,-53,139,-158,-13760,4260,5976,-983,37,-84,-13888,-5044,6512,-522,156,-152,0
580.3518369197845,8644,6504,11144,-132,-81,93,7392,-9256,10400,238,134,-153,-13644,4168,6036,-1011,72,-115,-13984,-5164,6456,-511,148,-172,0
580.3852300643921,8772,6592,11348,-100,-59,91,7324,-9296,10336,-26,113,-157,-13572,4296,6036,-1003,120,-73,-13968,-5228,6444,-522,129,-142,0
580.4184820652008,8780,6604,11500,-98,-56,75,7388,-9156,10380,-64,154,-150,-13668,4320,5876,-963,103,-47,-13848,-5144,6636,-509,141,-112,0
580.4559969902039,8476,6568,11172,-158,-27,108,7496,-9276,10332,-37,110,-159,-13672,4144,5796,-993,109,-59,-13876,-5188,6524,-463,158,-127,0
580.4917089939117,8596,6544,11100,-123,-62,124,7440,-9276,10060,-21,155,-173,-13616,4168,5800,-1017,84,-68,-13928,-5224,6640,-473,134,-121,0
580.5275559425354,8668,6560,11088,-150,-51,90,7308,-9368,10348,-28,138,-146,-13544,4224,5724,-993,90,-51,-13876,-5140,6428,-258,103,-135,0
580.5623140335083,8452,6520,11516,-131,-63,97,7316,-9336,10372,-58,122,-163,-13512,4248,5804,-971,66,-100,-13772,-5184,6528,-495,144,-126,0
580.5974941253662,8592,6560,11264,-112,-60,85,7228,-9224,10292,-55,93,-160,-13620,4144,5900,-1036,110,-82,-14076,-5084,6448,-263,195,-140,0
580.6329929828644,8612,6636,11196,-144,-95,94,7328,-9188,10336,-22,112,-203,-13624,4136,5760,-1030,119,-149,-13784,-5056,6444,-536,208,-109,0
580.6688380241394,8572,6428,11300,-118,-117,117,7352,-9248,10464,-25,84,-174,-13648,4220,5896,-1011,146,-86,-13848,-5348,6532,-489,147,-109,0
580.7039220333099,8512,6608,11084,-139,-69,105,7252,-9224,10372,-12,168,-183,-13660,4280,5876,-977,148,-123,-14052,-5200,6512,-471,144,-111,0
580.7394790649414,8828,6612,11016,-182,-71,87,7272,-9188,10352,-23,138,-167,-13608,4168,5816,-1005,138,-84,-13888,-5016,6416,-475,189,-85,0
580.7749891281128,8708,6560,11080,-152,-78,101,7260,-9176,10360,-4,115,-180,-13572,4156,6036,-1013,103,-78,-13944,-5112,6540,-495,158,-95,0
580.8107221126556,8476,6596,11400,-138,-62,107,7360,-9224,10432,-31,139,-164,-13596,4232,5904,-1020,120,-78,-13904,-5108,6564,-494,144,-113,0
580.8454699516296,8720,6668,11236,-146,-116,117,7612,-9360,10356,-2,156,-212,-13632,4336,5968,-999,101,-104,-13904,-5008,6460,-460,199,-88,0
580.8813691139221,8916,6592,11388,-148,-129,89,7316,-9312,10416,2,139,-188,-13680,4284,5880,-1009,139,-111,-13872,-5136,6516,-482,185,-84,0
580.9171850681305,8644,6560,11352,-122,-149,131,7420,-9260,10292,-23,136,-216,-13612,4180,5852,-1010,157,-97,-13868,-5208,6356,-483,178,-92,0
580.9523229598999,8628,6504,11232,-157,-133,143,7348,-9284,10364,-8,123,-220,-13616,4120,5788,-1009,155,-122,-13812,-5260,6480,-504,207,-48,0
580.9881601333618,8752,6512,11212,-166,-121,115,7328,-9288,10328,-22,124,-223,-13824,4160,6044,-976,133,-128,-14060,-5104,6548,-497,180,-83,0
581.0239250659943,8740,6536,11412,-172,-135,135,7376,-9304,10292,-19,122,-214,-13580,4164,5888,-986,162,-113,-13968,-5064,6444,-500,216,-81,0
581.0594711303711,8944,6632,11172,-158,-134,130,7580,-9256,10704,-10,94,-218,-13660,4204,5872,-1002,140,-97,-13976,-5180,6352,-491,189,-66,0
581.0960140228271,8452,6608,11220,-133,-154,138,7384,-9464,10308,-21,139,-213,-13684,4216,5740,-965,138,-108,-13880,-5224,6452,-475,181,-65,0
581.1296479701996,8688,6536,11292,-167,-124,160,7400,-9268,10332,-25,158,-215,-13720,4172,6096,-971,163,-115,-13600,-4872,6420,-450,197,-45,0
581.162985086441,8776,6544,11196,-186,-121,151,7408,-9236,10284,-24,134,-194,-13712,4160,5824,-984,128,-133,-13912,-5100,6504,-500,170,-68,0
581.1965501308441,8752,6580,11380,-183,-140,138,7408,-9296,10404,-12,125,-172,-13748,4128,5996,-1017,116,-115,-13864,-5308,6540,-482,170,-99,0
581.2297790050507,8616,6552,11180,-213,-154,154,7280,-9188,10280,33,138,-209,-13624,4216,5916,-1018,168,-107,-13912,-5356,6528,-478,181,-76,0
581.2632501125336,8620,6568,11200,-153,-136,109,7428,-8980,10432,-37,145,-208,-13656,4244,5700,-1001,149,-95,-13984,-4976,6652,-489,182,-82,0
581.2969169616699,8756,6624,11312,-167,-168,140,7316,-9188,10436,-14,160,-214,-13364,4196,5824,-987,109,-162,-13968,-5044,6448,-483,224,-83,0
581.3302929401398,8804,6508,11204,-208,-105,147,7488,-9268,10316,37,161,-192,-13340,4212,5700,-1004,136,-157,-13908,-5008,6376,-494,173,-98,0
581.3639221191406,8860,6484,11100,-156,-132,135,7404,-9188,10296,-4,135,-140,-13744,4048,5812,-1003,81,-77,-13900,-5160,6576,-505,114,-119,0
581.3971810340881,8744,6636,11332,-172,-109,143,7328,-9240,10424,-21,98,-147,-13624,4220,5768,-978,115,-101,-14072,-4916,6436,-264,167,-80,0
581.4308130741119,8816,6524,11188,-165,-154,137,7416,-9160,10388,-27,158,-205,-13704,4256,5640,-987,152,-126,-13880,-5120,6380,-496,185,-74,0
581.4640281200409,8928,6464,11112,-124,-163,138,7224,-9016,10432,-11,82,-207,-13700,4304,5824,-957,110,-152,-13892,-4880,6248,-514,206,-93,0
581.4973831176758,8768,6484,11156,-149,-171,159,7192,-9236,10492,-15,97,-221,-13612,4220,5780,-1011,141,-152,-13892,-5072,6388,-765,224,-78,0
581.5310289859772,8744,6464,11264,-147,-147,134,7428,-9272,10240,-9,69,-213,-13628,4216,5816,-984,148,-121,-14076,-5064,6412,-499,198,-77,0
581.5646300315857,8776,6616,11268,-163,-157,167,7648,-9140,10388,-255,102,-188,-13632,4108,5864,-992,164,-106,-13912,-5112,6480,-487,175,-107,0
581.598081111908,8784,6516,11284,-154,-127,120,7372,-9284,10336,-40,59,-234,-13764,4200,5720,-996,98,-115,-13940,-5124,6360,-512,182,-89,0
581.6315989494324,8784,6528,11164,-133,-128,125,7416,-9116,10360,30,123,-214,-13616,4200,5952,-1024,124,-139,-13916,-5368,6152,-513,197,-106,0
581.6647169589996,8516,6472,11072,-142,-120,113,7236,-9240,10428,-8,124,-209,-13720,3884,5808,-999,139,-82,-14008,-5044,6508,-258,150,-131,0
581.6981060504913,8684,6488,11232,-131,-114,95,7448,-9248,10304,-88,121,-214,-13764,4180,5736,-985,80,-54,-13968,-5076,6480,-758,139,-140,0
581.7313239574432,8768,6524,11164,-129,-49,63,7472,-9196,10308,-49,148,-192,-13704,4244,5764,-1008,117,-73,-14008,-5032,6232,-474,123,-116,0
581.7649929523468,8852,6584,11100,-136,-44,97,7436,-9204,10292,-34,144,-179,-13544,4228,5796,-1029,111,-98,-13992,-4892,6308,-485,142,-150,0
581.7985310554504,8828,6404,11052,-130,-23,86,7368,-9292,10360,-31,147,-169,-13748,4184,5688,-1279,109,-97,-13640,-4904,6384,-497,155,-135,0
581.8320779800415,8708,6468,11068,-146,-40,86,7460,-9288,10548,-31,98,-173,-13684,4212,5840,-1013,114,-77,-13624,-4872,6260,-258,154,-142,0
581.8655619621277,8672,6440,11156,-96,-64,107,7404,-9456,10408,-20,129,-170,-13672,4104,5900,-1009,54,-67,-13916,-5048,6464,-486,138,-144,0
581.8989260196686,8804,6548,11296,-157,-45,91,7480,-9228,10392,-37,138,-188,-13812,4096,5952,-1000,96,-76,-13980,-5356,6272,-494,113,-131,0
581.9324131011963,8736,6536,11088,-136,-61,70,7336,-9260,10404,-40,167,-171,-13740,4156,5744,-771,48,-78,-14044,-5372,6636,-517,101,-142,0
581.9659080505371,8804,6540,11316,-111,-45,73,7400,-9380,10240,-33,160,-156,-13728,4172,5740,-986,54,-85,-13924,-5108,6236,-502,133,-113,0
581.9992399215698,8832,6580,11188,-157,-74,84,7316,-9288,10540,26,141,-182,-13584,4236,5940,-1013,128,-94,-13928,-5088,6452,-497,160,-96,0
582.0329790115356,8716,6624,11364,-132,-142,121,7516,-9204,10340,-68,154,-177,-13708,4104,5752,-970,106,-78,-13856,-5160,6308,-519,161,-88,0
582.0666770935059,8728,6628,11396,-155,-152,110,7664,-9260,10388,-48,147,-204,-13644,4184,5988,-943,110,-105,-13880,-4988,6336,-500,147,-118,0
582.0999870300293,8780,6472,11140,-153,-100,106,7456,-9284,10372,-19,110,-200,-13720,4200,5684,-1007,98,-71,-13904,-5008,6212,-493,120,-121,0
582.1379930973053,8748,6532,11152,-123,-61,122,7460,-9416,10460,-34,127,-170,-13640,4208,5944,-968,106,-110,-13828,-5168,6440,-493,111,-129,0
582.1730620861053,8776,6588,11388,-137,-67,93,7444,-8988,10460,-55,166,-161,-13704,4036,5708,-980,95,-51,-13988,-5076,6528,-494,143,-153,0
582.2082099914551,8760,6544,11292,-103,-64,98,7512,-9004,10336,-54,111,-164,-13704,4124,5980,-1008,116,-78,-13836,-5124,6460,-506,120,-127,0
582.2496480941772,8744,6492,11244,-116,-53,127,7336,-9276,10428,-30,113,-175,-13320,4180,5656,-1280,165,-102,-14044,-5324,6368,-485,164,-103,0
582.2855560779572,8772,6592,11216,-105,-66,98,7296,-9196,10376,-23,91,-191,-13700,4132,6080,-1010,98,-67,-13900,-5000,6564,-503,160,-116,0
582.3211090564728,8520,6544,11020,-141,-96,95,7648,-9456,10432,-65,102,-190,-13720,4088,5968,-972,115,-121,-13888,-4876,6424,-492,155,-121,0
582.357528924942,8688,6868,11172,-153,-52,83,7388,-9368,10468,-17,158,-178,-13688,4152,5816,-971,83,-92,-13808,-5112,6508,-754,198,-140,0
582.3918831348419,8712,6508,11176,-130,-97,88,7376,-9292,10424,251,128,-188,-13732,4260,5872,-1009,97,-121,-13840,-5196,6512,-540,168,-133,0
582.4279129505157,8636,6552,11284,-115,-66,119,7332,-9264,10280,-54,141,-207,-13664,3880,6108,-1000,106,-104,-13912,-5096,6584,-513,168,-138,0
582.4628620147705,8756,6512,11352,-122,-84,76,7448,-9416,10356,-63,130,-181,-13692,4148,5852,-954,130,-104,-13932,-5312,6428,-522,155,-134,0
582.4988520145416,8760,6564,11188,-150,-98,111,7656,-9272,10448,-33,122,-195,-13716,4072,5672,-970,122,-134,-14036,-5108,6492,-508,147,-103,0
582.5341169834137,8724,6576,11104,-116,-72,94,7640,-9444,10452,-57,110,-179,-13692,4180,6100,-1017,120,-112,-13872,-5100,6312,-484,141,-119,0
582.5698299407959,8752,6512,11116,-96,-67,113,7372,-9296,10388,-44,102,-184,-13628,4064,5788,-1000,81,-98,-13944,-5092,6380,-516,111,-143,0
582.6048080921173,8932,6536,11124,-100,-10,80,7212,-9176,10452,-39,151,-145,-13664,4184,5948,-1007,68,-64,-13860,-5212,6268,-257,102,-159,0
582.640741109848,8744,6496,11208,-98,18,78,7432,-9180,10272,-22,161,-135,-13688,4216,5868,-1001,93,-53,-13944,-5160,6532,-502,119,-135,0
582.6761159896851,8808,6624,11500,-135,-253,88,7648,-9288,10300,-28,146,-122,-13588,4204,5884,-1004,78,-45,-13840,-5200,6492,-491,80,-153,0
582.7117609977722,8784,6596,11240,-110,-256,94,7444,-9284,10480,-47,126,-125,-13728,4152,5936,-1029,52,-51,-13872,-5280,6448,-499,96,-154,0
582.7475910186768,8736,6532,11052,-130,-71,76,7288,-9256,10248,-37,128,-128,-13508,3880,5956,-1034,59,-248,-13740,-5160,6564,-530,83,-167,0
582.7832970619202,8640,6680,11044,-119,-13,89,7360,-9460,10388,-111,142,-151,-13648,4128,5924,-1001,65,-37,-14016,-4880,6352,-509,123,-153,0
582.8169550895691,8448,6500,11208,-126,2,66,7500,-9236,10288,-45,160,-148,-13608,4272,5800,-955,83,-58,-13676,-5332,6592,-507,118,-133,0
582.8504710197449,8676,6604,11356,-115,-1,82,7328,-9308,10456,-53,158,-131,-13596,4140,5712,-1000,78,-61,-13884,-4888,6436,-476,138,-154,0
582.8835909366608,8648,6532,11180,-110,-25,78,7200,-9012,10240,-43,165,-146,-13648,4220,6064,-1010,90,-76,-13828,-5360,6484,-508,113,-151,0
582.9173431396484,8608,6416,11068,-115,-40,95,7496,-9260,10336,-103,146,-172,-13572,4160,5904,-964,76,-36,-13828,-4884,6436,-755,120,-136,0
582.9507019519806,8928,6652,11324,-122,-37,86,7376,-9260,10368,-68,129,-156,-13676,4280,5892,-982,70,-87,-13812,-5192,6472,-502,147,-140,0
582.9838891029358,8764,6592,11172,-76,-35,79,7208,-9284,10240,-53,112,-188,-13704,4084,5836,-984,90,-99,-13860,-5016,6388,-532,143,-138,0
583.0174460411072,8676,6544,11128,-121,-55,82,7240,-9304,10404,-14,133,-163,-13620,4248,5808,-986,71,-114,-13900,-5012,6416,-506,168,-151,0
583.0510289669037,8624,6568,11516,-111,-29,94,7396,-9288,10292,-2,134,-183,-13516,4252,6136,-1019,115,-37,-13788,-5156,6448,-497,171,-128,0
583.0843999385834,8768,6644,11080,-136,-28,85,7376,-9300,10268,-31,129,-165,-13708,4168,5672,-982,125,-56,-13936,-5160,6356,-494,124,-122,0
583.117947101593,8768,6580,11416,-146,-29,79,7420,-9332,10348,-252,139,-161,-13596,4280,5892,-986,116,-93,-13928,-5188,6448,-492,166,-113,0
583.1515121459961,8616,6544,11292,-174,-77,118,7348,-9216,10372,-5,179,-165,-13588,4244,5892,-997,115,-111,-13944,-5180,6484,-479,150,-66,0
583.1849160194397,8712,6636,11356,-142,-108,131,7324,-9288,10352,-40,136,-196,-13588,4156,5744,-999,140,-108,-13852,-5252,6292,-523,166,-108,0
583.2184870243073,8588,6636,11300,-137,-146,140,7348,-9032,10428,-32,111,-224,-13596,4176,5672,-1017,134,-106,-13876,-5196,6520,-757,163,-97,0
583.251965045929,8544,6632,11196,-152,-131,101,7480,-9304,10500,-28,25,-155,-13668,4216,5828,-985,143,-102,-13772,-4916,6640,-501,186,-73,0
583.2854671478271,8584,6840,11356,-131,-169,123,7308,-9416,10372,-11,110,-208,-13528,4152,5724,-988,174,-89,-13876,-5336,6204,-495,183,-66,0
583.3191850185394,8668,6584,11012,-174,-124,152,7308,-8988,10004,-12,154,-223,-13568,4332,5816,-989,174,-174,-13992,-5080,6464,-479,217,-78,0
583.3528089523315,8548,6560,11104,-194,-143,161,7288,-9436,10464,-3,111,-212,-13708,4128,5780,-971,169,-147,-13872,-5020,6480,-525,228,-62,0
583.3859660625458,8676,6760,11140,-194,-174,165,7332,-9300,10396,-253,117,-231,-13696,4236,5644,-998,155,-144,-13912,-5084,6500,-498,202,-69,0
583.420079946518,8708,6616,11252,-144,-155,137,7420,-9228,10304,2,119,-207,-13632,4064,5784,-1014,169,-162,-13864,-4940,6452,-515,214,-72,0
583.4536731243134,8732,6532,11264,-171,-161,153,7352,-9176,10460,19,105,-190,-13672,4100,5784,-1001,160,-103,-13964,-5308,6416,-471,176,-54,0
583.4872560501099,8744,6500,11244,-186,-150,140,7224,-9256,10368,-44,146,-202,-13632,4144,5876,-1019,124,-124,-13976,-5060,6532,-498,150,-85,0
583.520859003067,8772,6520,11236,-176,-162,143,7428,-9316,10484,-1,148,-183,-13616,4220,6088,-1019,121,-100,-13828,-4916,6508,-515,143,-73,0
583.5540950298309,8724,6552,11316,-183,-111,136,7416,-9172,10424,16,125,-186,-13520,4108,5912,-1032,131,-145,-13684,-4908,6432,-523,148,-72,0
583.5877621173859,8656,6604,11188,-153,-151,136,7384,-9260,10440,-13,151,-167,-13620,4156,5896,-984,161,-136,-13848,-5228,6516,-494,193,-66,0
583.6213619709015,8764,6612,11236,-184,-173,115,7524,-9296,10428,-17,127,-217,-13668,4200,5712,-967,174,-127,-13980,-5184,6516,-492,243,-37,0
583.6547241210938,8836,6480,11348,-189,-169,170,7440,-9292,10268,251,124,-222,-13692,4280,5752,-1068,189,-97,-13900,-5020,6524,-435,163,-58,0
583.6882240772247,8752,6516,11320,-168,-174,144,7432,-9428,10304,-255,86,-182,-13760,4124,6128,-1021,131,-73,-13636,-5084,6376,-465,156,-62,0
583.7217979431152,8712,6632,11236,-209,-141,141,7412,-9352,10428,-33,88,-206,-13640,4316,5912,-983,132,-135,-13984,-5164,6376,-760,157,-89,0
583.7551510334015,8696,6584,11172,-166,-182,156,7488,-9372,10356,-59,138,-187,-13704,3916,5740,-1028,133,-160,-13900,-5124,6404,-259,192,-62,0
583.7907221317291,8756,6516,11128,-130,-161,112,7604,-9244,10300,6,65,-232,-13708,4228,5936,-1004,135,-152,-13928,-5116,6448,-464,215,-107,0
583.8261280059814,8784,6452,11200,-179,-181,150,7636,-9252,10268,8,99,-219,-13648,4164,5880,-1003,173,-123,-13880,-5344,6488,-506,188,-55,0
583.8618459701538,8656,6608,11280,-145,-212,173,7440,-9188,10148,-11,67,-220,-13640,4196,5712,-994,175,-134,-13876,-4904,6428,-487,193,-52,0
583.8976390361786,8792,6532,11184,-159,-159,164,7456,-9288,10320,-3,100,-229,-13716,4184,6076,-995,174,-118,-13976,-5052,6176,-489,190,-81,0
583.9328601360321,8760,6512,11116,-158,-121,127,7424,-9248,10348,-6,148,-215,-13700,4132,5656,-1006,123,-122,-13948,-5080,6532,-515,178,-92,0
583.9676229953766,8808,6536,10980,-145,-139,125,7464,-9200,10388,-38,124,-202,-13684,4148,5872,-1031,93,-116,-13904,-5076,6428,-501,159,-127,0
584.0039229393005,8648,6532,11208,-143,-112,103,7424,-9228,10356,-61,148,-190,-13644,4168,5632,-1002,48,-66,-13916,-5060,6460,-529,110,-142,0
584.03950715065,8732,6420,11244,-149,-59,77,7468,-9204,10268,-64,166,-178,-13712,4128,5784,-966,68,-98,-13868,-5064,6408,-479,124,-151,0
584.0746140480042,8804,6472,11376,-160,-52,68,7428,-9248,10400,-33,173,-177,-13704,4188,5896,-772,52,-57,-13924,-5088,6488,-467,179,-136,0
584.110454082489,8812,6468,11220,-144,-49,61,7432,-9248,10328,10,155,-186,-13740,4108,5840,-1048,79,-85,-13872,-5104,6504,-444,165,-138,0
584.1460709571838,8892,6480,11124,-143,-57,90,7464,-9432,10420,-8,126,-158,-13780,4180,5880,-1024,74,-112,-13928,-5032,6508,-506,148,-155,0
584.1818239688873,8760,6488,11220,-149,-37,113,7300,-9284,10460,-25,168,-191,-13616,4248,5836,-978,67,-85,-14008,-4980,6428,-502,163,-130,0
584.2176690101624,8768,6480,11264,-125,-73,114,7452,-9356,10544,-22,147,-151,-13732,4188,5884,-1019,85,-103,-13900,-5164,6488,-766,100,-138,0
584.2530019283295,8784,6432,11244,-78,-64,94,7444,-9300,10476,-16,153,-161,-13744,4176,5896,-776,59,-16,-14004,-5060,6552,-269,114,-132,0
584.2887120246887,8752,6532,11148,-125,-250,91,7192,-9156,10328,-27,142,-146,-13624,4112,5852,-986,61,-39,-13880,-5308,6460,-514,73,-147,0
584.3242509365082,8812,6516,11080,-127,-25,64,7392,-9268,10448,-101,157,-164,-13684,3840,5996,-973,44,-82,-13864,-4896,6348,-515,133,-119,0
584.3595259189606,8804,6480,11284,-129,-38,43,7352,-9324,10620,-47,126,-163,-13668,3844,5852,-967,84,-101,-13852,-5012,6512,-490,153,-161,0
584.3948149681091,8796,6544,11236,-108,-29,60,7424,-9236,10260,-51,157,-156,-13716,4184,6052,-1005,70,-107,-13808,-5108,6440,-481,157,-143,0
584.4305131435394,8804,6480,11192,-124,249,73,7412,-9440,10432,-18,130,-147,-13584,4180,5832,-984,38,-71,-13904,-4920,6440,-504,79,-164,0
584.4661841392517,8744,6544,11016,-160,-1,93,7292,-9312,10380,-59,153,-158,-13760,4196,5696,-995,54,-65,-13956,-4892,6432,-507,95,-158,0
584.4997670650482,8792,6556,11080,-94,-25,72,7436,-9200,10356,-48,167,-134,-13656,4180,5908,-995,46,-40,-13896,-5188,6400,-545,112,-155,0
584.5333940982819,8760,6524,11128,-89,-13,72,7300,-9312,10420,-47,127,-167,-13576,4220,5804,-995,61,-53,-13792,-5060,6576,-520,147,-169,0
584.5670421123505,8684,6612,11208,-79,-28,86,7420,-9160,10332,-29,118,-155,-13648,4208,5972,-998,49,-90,-13808,-5248,6560,-497,155,-151,0
584.6005611419678,8464,6556,11412,-136,-72,98,7408,-8980,10336,-51,70,-169,-13424,4244,5984,-1007,71,-99,-13624,-5136,6460,-469,121,-111,0
584.6338260173798,8784,6528,11084,-141,-42,64,7204,-9296,10412,-26,148,-210,-13804,4148,5816,-938,110,-120,-13984,-5052,6576,-493,149,-124,0
584.6673579216003,8916,6632,11064,-118,-83,59,7320,-9320,10304,-62,146,-194,-13648,4212,5844,-969,81,-79,-13888,-5080,6472,-477,175,-138,0
584.7010381221771,8652,6628,11240,-107,-76,62,7172,-9320,10328,-39,140,-206,-13636,4212,5768,-985,69,-86,-13900,-5156,6396,-497,175,-154,0
584.7345530986786,8876,6572,11244,-115,-78,55,7360,-9256,10368,-72,146,-204,-13732,4164,5868,-974,56,-122,-13904,-5200,6480,-469,138,-150,0
584.7680940628052,8700,6592,11092,-117,-97,64,7436,-9268,10416,-97,228,-175,-13684,4164,5668,-941,33,-93,-13992,-5096,6524,-526,112,-170,0
584.801687002182,8676,6524,11228,-104,-31,57,7368,-9220,10400,-38,206,-146,-13596,4192,5744,-1047,77,-35,-13836,-5100,6516,-506,133,-157,0
584.8348751068115,8676,6428,11488,-129,-24,98,7276,-9276,10296,-21,108,-158,-13580,4064,5968,-1018,138,-51,-13912,-5120,6544,-497,126,-100,0
584.8685319423676,8900,6572,11196,-92,-44,113,7364,-9352,10236,-55,94,-176,-13692,4212,5920,-1004,111,-97,-13572,-5164,6448,-526,149,-113,0
584.9016211032867,8552,6552,11236,-99,-120,88,7364,-9188,10368,-55,141,-164,-13760,4164,5812,-970,73,-92,-13880,-5188,6528,-505,147,-144,0
584.9352400302887,8492,6544,11192,-103,-24,125,7364,-9176,10392,-44,135,-126,-13608,4216,5736,-1010,97,-71,-13892,-5156,6656,-501,103,-121,0
584.9689190387726,8816,6596,11264,-98,1,106,7384,-9444,10372,-11,99,-135,-13596,4332,5748,-1008,114,-29,-13784,-5048,6428,-504,82,-132,0
585.0023789405823,8684,6536,11088,-111,36,107,7380,-9348,10400,-65,115,-140,-13396,4172,6124,-992,85,-58,-13884,-5184,6480,-506,155,-140,0
585.0357141494751,8628,6544,11268,-151,-35,78,7408,-9252,10292,-53,164,-162,-13580,4136,5980,-948,34,-110,-13792,-5068,6456,-492,188,-156,0
585.0692601203918,8620,6528,11108,-127,-92,78,7180,-9316,10260,-52,204,-202,-13684,4236,5936,-867,-16,-149,-13848,-5100,6452,-257,188,-143,0
585.1026799678802,8480,6408,11364,-112,-76,53,7588,-9012,10584,-53,159,-208,-13800,4188,6016,-987,95,-119,-13892,-5128,6472,-472,192,-149,0
585.1359760761261,8452,6560,11064,-137,-71,103,7348,-9252,10348,48,100,-208,-13608,4136,5912,-1012,142,-106,-13848,-5068,6460,-461,189,-99,0
585.1695799827576,8848,6564,11504,-146,-80,117,7468,-9296,10304,-14,131,-186,-13668,4212,5884,-1011,101,-105,-13984,-5164,6548,-261,167,-104,0
585.2028920650482,8772,6580,11244,-175,-98,132,7316,-9332,10336,-30,167,-180,-13644,4280,5644,-985,85,-107,-13884,-5132,6460,-527,146,-96,0
585.236850976944,8732,6552,11464,-135,-131,128,7224,-9308,10408,-25,168,-198,-13556,4224,5988,-977,117,-128,-13984,-5200,6500,-525,179,-95,0
585.2705011367798,8632,6556,11292,-162,-121,150,7356,-9328,10352,-27,134,-203,-13604,4248,5724,-1002,110,-151,-13940,-5200,6264,-514,188,-99,0
585.3037021160126,8720,6404,11100,-142,-155,127,7404,-9248,10244,0,154,-208,-13560,4116,5844,-1005,147,-99,-13604,-5344,6568,-531,222,-73,0
585.3373329639435,8700,6572,11180,-195,-128,118,7220,-9316,10372,-23,132,-208,-13672,4220,5916,-996,121,-125,-13628,-5056,6456,-490,220,-88,0
585.3709840774536,8720,6588,11172,-194,-116,147,7376,-9260,10416,-256,154,-195,-13600,4276,6068,-966,165,-126,-13932,-5152,6540,-469,208,-45,0
585.4044330120087,8476,6580,11128,-214,-155,172,7384,-9192,10412,13,108,-194,-13784,3876,6132,-984,149,-98,-13936,-5224,6492,-480,194,-104,0
585.4380941390991,8560,6564,11184,-208,-136,178,7668,-9320,10432,-19,123,-210,-13632,4236,6124,-995,139,-164,-13872,-5156,6452,-481,226,-86,0
585.4746170043945,8680,6540,11276,-188,-176,139,7408,-9272,10296,-11,149,-229,-13656,4156,5776,-972,100,-124,-13832,-5200,6536,-523,216,-65,0
585.5102169513702,8608,6496,11288,-168,-168,147,7444,-9244,10408,-14,140,-203,-13800,4120,5904,-982,128,-109,-13884,-5112,6208,-473,168,-86,0
585.5453701019287,8684,6556,11076,-175,-163,159,7428,-9384,10340,-8,150,-207,-13660,4100,5876,-979,133,-95,-13608,-4920,6444,-484,171,-67,0
585.5808620452881,8704,6532,11248,-182,-129,148,7408,-9296,10320,-16,149,-194,-13728,4100,5792,-997,161,-99,-13904,-4980,6360,-463,191,-58,0
585.6159970760345,8920,6556,11220,-172,-159,138,7364,-9220,10352,-18,145,-193,-13504,4168,5932,-1033,180,-119,-13864,-5368,6456,-484,160,-51,0
585.651603937149,8480,6564,11100,-170,-130,157,7432,-9356,10312,-21,131,-205,-13684,4180,5812,-996,179,-116,-13932,-5088,6476,-478,179,-65,0
585.6876831054688,8660,6732,11268,-184,-161,141,7348,-9276,10360,-20,-246,-207,-13740,4100,5832,-933,148,-176,-13932,-5088,6460,-497,192,-79,0
585.7228820323944,8712,6468,11324,-136,-171,123,7524,-9336,10452,-51,109,-233,-13640,4164,5984,-774,129,-148,-13976,-5132,6640,-490,221,-95,0
585.7587909698486,8948,6552,11372,-161,-149,118,7340,-9240,10304,-13,145,-236,-13708,4136,5788,-971,193,-141,-13984,-5092,6360,-482,183,-86,0
585.7939560413361,8768,6580,11160,-158,-175,107,7356,-9276,10328,-22,125,-237,-13440,4164,5708,-999,150,-117,-13896,-4884,6532,-506,167,-89,0
585.8299059867859,8860,6524,11120,-153,-130,107,7668,-9268,10460,-37,128,-179,-13716,4196,5872,-1280,101,-109,-13916,-5180,6332,-490,166,-110,0
585.864758014679,8672,6576,11224,-158,-143,149,7464,-9120,10468,9,107,-182,-13560,4184,5736,-1001,172,-139,-13960,-5128,6616,-487,186,-66,0
585.9007451534271,8860,6540,11240,-152,-181,137,7412,-9000,10484,-8,119,-2,-13744,4184,5824,-1026,171,-179,-13984,-5016,6344,-505,263,-91,0
585.9355471134186,8912,6204,11108,-172,-192,157,7460,-9256,10044,27,112,-216,-13624,4096,5656,-1032,164,-144,-14052,-4920,6556,-475,170,-72,0
585.9715530872345,8832,6572,11036,-151,-150,158,7440,-9136,10136,-45,101,-149,-13684,4120,5856,-999,102,-77,-13864,-5148,6400,-480,136,-102,0
586.0077359676361,8860,6488,11172,-187,-94,134,7180,-9376,10256,241,117,-160,-13668,4156,6108,-988,88,-105,-13848,-5060,6468,-505,147,-87,0
586.0427961349487,8612,6524,11248,-117,-130,119,7432,-9168,10080,-63,136,-181,-13616,4184,5688,-1013,71,-107,-13948,-4924,6320,-497,191,-116,0
586.0787999629974,8828,6472,11244,-123,-102,99,7360,-9168,10296,-21,112,-209,-13608,3880,5740,-1005,128,-49,-13880,-4912,6584,-484,167,-115,0
586.1154460906982,8780,6196,11068,-140,-73,111,7348,-9300,10412,-55,107,-171,-13628,4172,5676,-1006,158,-129,-13912,-4992,6332,-490,149,-110,0
586.1489689350128,8784,6432,11036,-143,-68,90,7196,-9192,10480,-46,133,-188,-13628,4100,5864,-994,100,-99,-13916,-5048,6360,-488,124,-146,0
586.1822919845581,8720,6516,11108,-139,-36,88,7528,-9260,10480,-15,158,-156,-13800,4192,5740,-1005,66,-39,-13924,-5004,6624,-509,145,-135,0
586.2158329486847,8844,6528,11092,-142,251,59,7424,-9272,10396,-29,140,-160,-13776,4196,5792,-769,77,-59,-13920,-5028,6416,-497,171,-167,0
586.2495920658112,8764,6428,11356,-128,-31,90,7388,-9156,10396,-34,144,-184,-13736,4156,5760,-994,68,-36,-13888,-5068,6548,-540,121,-161,0
586.283087015152,8952,6564,10976,-97,-17,86,7440,-9304,10372,-74,152,-177,-13732,4144,5936,-981,60,-87,-13940,-5080,6212,-490,133,-155,0
586.3165299892426,8724,6556,11116,-148,-20,75,7348,-9312,10412,-21,158,-166,-13648,4152,5884,-978,84,-103,-13948,-4868,6432,-477,122,-143,0
586.3500399589539,8828,6572,11168,-122,-30,84,7420,-9212,10372,-23,166,-156,-13624,4140,5900,-971,84,-59,-13852,-5156,6476,-482,131,-141,0
586.3833930492401,8708,6228,11104,-115,-27,85,7444,-9288,10268,-59,141,-178,-13692,4224,5748,-976,108,-43,-13888,-5332,6452,-497,101,-126,0
586.4169659614563,8788,6524,11172,-100,-88,89,7416,-8984,10188,-54,117,-186,-13732,4180,6016,-998,103,-97,-13832,-5020,6528,-493,148,-136,0
586.4504709243774,8808,6472,11396,-113,-73,83,7424,-9260,10404,-31,145,-193,-13748,3864,5792,-1005,123,-99,-13920,-5120,6476,-494,148,-93,0
586.4840040206909,8768,6512,11120,-115,-70,79,7540,-9228,10316,-72,97,-211,-13780,4136,5808,-1012,111,-103,-13900,-5124,6520,-503,107,-127,0
586.5175161361694,8880,6528,11180,-113,-64,100,7412,-9276,10332,-44,142,-152,-13776,4192,5864,-1012,78,-67,-13968,-5120,6300,-534,129,-154,0
586.5511031150818,8732,6516,11064,-132,-69,81,7460,-9196,10280,7,170,-146,-13732,4076,5840,-1037,55,-41,-13828,-5020,6408,-500,80,-124,0
586.58478307724,8740,6560,11208,-113,-28,110,7348,-9220,10400,-44,141,-168,-13324,4280,5888,-1019,72,-14,-13884,-5060,6356,-495,65,-121,0
586.618420124054,8768,6468,11184,-127,-39,51,7432,-9300,10368,-59,158,-148,-13688,4104,5716,-994,63,-65,-13920,-5076,6488,-475,121,-182,0
586.6519091129303,8768,6552,11364,-127,251,66,7648,-9312,10652,-4,169,-146,-13688,4100,5848,-999,91,-66,-13944,-5088,6432,-477,92,-162,0
586.685595035553,8756,6448,11260,-108,-14,60,7628,-8968,10084,-24,174,-130,-13772,4168,5832,-983,11,-57,-13896,-5060,6440,-767,97,-144,0
586.7190570831299,8624,6580,11360,-130,252,65,7368,-9200,10504,-53,158,-148,-13592,4088,5892,-1031,45,-61,-14028,-5152,6508,-763,78,-146,0
586.7526121139526,8664,6632,11372,-133,-73,75,7332,-9244,10488,-78,163,-150,-13720,4268,5740,-972,33,-82,-13828,-5092,6628,-513,109,-200,0
586.786159992218,8476,6488,11056,-94,-51,64,7228,-9240,10548,-68,150,-173,-13724,4112,5880,-1011,44,-28,-13792,-5096,6608,-533,138,-166,0
586.8196399211884,8616,6592,11336,-117,-28,72,7372,-9216,10196,-29,153,-164,-13628,4312,5784,-974,75,-63,-13840,-5100,6428,-505,124,-128,0
586.853394985199,8944,6532,11472,-101,-62,101,7388,-9188,10488,-42,126,-172,-13716,4132,5792,-989,82,-114,-13932,-5148,6544,-507,157,-101,0
586.8867290019989,8692,6576,11132,-115,-77,78,7344,-9208,10388,-24,150,-184,-13580,3996,5716,-989,82,-107,-13932,-5132,6356,-506,139,-137,0
586.920205116272,8860,6560,11132,-123,-55,95,7676,-9432,10440,-36,132,-183,-13720,4240,5684,-980,68,-94,-13916,-5200,6516,-486,147,-122,0
586.9536910057068,8716,6536,11256,-117,-77,103,7408,-9252,10320,-29,127,-164,-13728,4220,5808,-776,102,-46,-13940,-5144,6408,-499,128,-128,0
586.9873170852661,8944,6592,10824,-128,-35,74,7432,-9220,10408,-33,121,-158,-13604,4092,5984,-993,53,-84,-13856,-5236,6208,-518,140,-147,0
587.0210239887238,8740,6484,11464,-126,-50,74,7460,-9108,10364,-11,149,-158,-13560,4064,5844,-950,41,-83,-13872,-5144,6480,-486,128,-106,0
587.0545301437378,8692,6572,11204,-156,-28,76,7316,-9292,10408,-31,164,-158,-13604,4220,5832,-938,40,-121,-13868,-5116,6488,-520,143,-137,0
587.0880360603333,8652,6532,11140,-129,-36,91,7468,-9400,10268,-39,142,-151,-13620,4180,6120,-1032,81,-95,-13716,-5096,6320,-475,133,-114,0
587.1215350627899,8564,6620,11060,-115,-58,106,7380,-9280,10280,-18,99,-179,-13580,4100,5908,-1019,103,-74,-13840,-5088,6424,-503,160,-160,0
587.1578190326691,8624,6484,11380,-135,-52,71,7324,-9248,10428,-48,140,-185,-13668,4268,5832,-1017,113,-100,-13928,-5168,6512,-501,164,-129,0
587.1924760341644,8668,6640,10844,-160,-78,106,7252,-9336,10368,-37,121,-190,-13676,4160,5832,-987,106,-101,-14056,-5112,6520,-768,136,-93,0
587.2278470993042,8720,6564,11328,-148,-80,118,7380,-9352,10312,-17,151,-164,-13744,4252,5952,-1016,86,-115,-13656,-5340,6556,-496,167,-116,0
587.2658779621124,8756,6636,11336,-170,-89,140,7380,-9256,10336,21,150,-194,-13620,4152,6136,-1007,105,-61,-13936,-5104,6592,-500,138,-74,0
587.301882982254,8684,6412,11132,-152,-110,120,7292,-9244,10264,-63,162,-198,-13640,4168,5720,-996,131,-129,-13956,-5356,6336,-526,171,-82,0
587.3375771045685,8724,6516,11220,-146,-115,117,7448,-9380,10412,-41,116,-203,-13664,4144,5944,-995,145,-82,-13768,-4932,6460,-472,190,-102,0
587.3724930286407,8680,6536,11284,-183,-106,116,7380,-9464,10208,-250,146,-193,-13608,4244,5840,-999,129,-135,-13836,-4896,6600,-488,188,-88,0
587.4075510501862,8500,6528,11144,-188,-102,151,7420,-9240,10464,-26,150,-195,-13656,4212,5980,-1007,135,-107,-13860,-5180,6488,-483,172,-98,0
587.4432349205017,8648,6508,11216,-181,-132,129,7328,-9348,10416,-53,140,-229,-13712,4220,5896,-984,137,-164,-13856,-5120,6280,-481,196,-71,0
587.4784469604492,8716,6520,11268,-195,-131,126,7408,-9264,10244,-7,134,-204,-13696,4188,5888,-986,133,-131,-13948,-5120,6460,-511,200,-102,0
587.5143461227417,8760,6524,11136,-177,-155,147,7412,-9308,10396,9,143,-234,-13580,4156,6140,-1007,177,-128,-13868,-4928,6164,-532,220,-45,0
587.5501470565796,8924,6588,11336,-147,-155,149,7168,-9120,10716,253,94,-208,-13632,4172,5852,-1006,193,-159,-13900,-5144,6536,-518,230,-76,0
587.5853500366211,8744,6640,11272,-197,-179,141,7396,-9308,10240,-20,119,-202,-13772,4112,5848,-976,174,-92,-13948,-5044,6200,-475,190,-68,0
587.6208760738373,8592,6532,11212,-190,-117,146,7208,-9340,10356,-20,131,-187,-13752,4196,6028,-1278,162,-143,-13916,-5140,6400,-498,200,-61,0
587.6561830043793,8772,6608,11176,-180,-164,136,7384,-9184,10464,14,128,-223,-13692,4140,5780,-1020,158,-117,-13904,-5044,6152,-764,192,-78,0
587.6919710636139,8788,6564,11204,-165,-157,134,7444,-9136,10416,-28,116,-195,-13632,4144,5900,-985,169,-167,-13984,-5104,6500,-511,203,-79,0
587.7278039455414,8816,6564,11232,-193,-162,147,7364,-9188,10408,-6,17,-223,-13560,4132,6112,-1009,149,-112,-13972,-5052,6440,-488,197,-56,0
587.7629210948944,8532,6540,11280,-191,-184,134,7472,-9276,10328,-19,52,-214,-13732,4224,5916,-950,136,-107,-13908,-5096,6456,-497,223,-63,0
587.8001840114594,8784,6612,11436,-164,-147,125,7360,-9428,10264,-14,127,-216,-13736,4208,6112,-1083,168,-153,-13880,-5120,6548,-505,213,-56,0
587.8335320949554,8676,6520,11232,-145,-153,129,7396,-9304,10236,-256,101,-236,-13724,4064,5924,-1078,189,-139,-13932,-5036,6348,-489,238,-57,0
587.8671860694885,8668,6532,11168,-167,-164,135,7312,-9204,10388,-21,74,-239,-13676,4208,5444,-1277,189,-139,-13912,-5060,6492,-475,233,-64,0
587.9004330635071,8860,6544,11060,-191,-162,137,7484,-8968,10416,-36,56,-214,-13616,4200,5940,-996,172,-144,-13952,-5296,6464,-484,198,-46,0
587.933965921402,8812,6520,11236,-163,-199,183,7448,-9184,10360,-250,97,-228,-13636,4140,5708,-1007,153,-127,-13896,-4900,6472,-514,205,-65,0
587.9675660133362,8812,6456,11236,-174,-191,142,7668,-9244,10328,-22,116,-214,-13708,4200,5732,-992,149,-167,-14060,-5016,6440,-512,176,-94,0
588.0008270740509,8788,6564,11268,-145,-145,126,7532,-9192,10404,-11,101,-200,-13664,3848,5792,-1006,150,-89,-14068,-4868,6444,-499,187,-61,0
588.0343480110168,8812,6480,11232,-163,-165,128,7504,-9204,10388,-30,124,-202,-13672,4108,5616,-963,178,-113,-14024,-4948,6424,-495,192,-62,0
588.0680160522461,8836,6492,11244,-204,-139,156,7472,-9180,10276,-33,116,-208,-13744,4136,5952,-1011,132,-71,-13968,-4992,6612,-463,158,-99,0
588.1014270782471,8852,6368,11192,-124,-119,126,7416,-9176,10336,-15,111,-163,-13632,4340,5848,-1011,142,-72,-13860,-5068,6416,-475,119,-140,0
588.1348609924316,8812,6448,11132,-167,-63,98,7348,-9128,10420,-50,129,-180,-13652,4100,5772,-999,84,-107,-13896,-5020,6564,-474,114,-143,0
588.1683940887451,8800,6500,11068,-135,-64,81,7484,-9232,10376,-40,139,-158,-13652,4168,5940,-1022,52,-70,-14000,-5068,6620,-507,132,-155,0
588.2018229961395,8828,6460,11084,-148,6,76,7592,-9136,10416,-6,184,-130,-13600,4128,5800,-1001,85,-20,-13960,-4964,6400,-478,131,-174,0
588.2356491088867,8884,6460,11248,-165,-10,85,7480,-8976,10384,-13,150,-155,-13664,4144,5724,-1010,73,-11,-13864,-5076,6400,-509,128,-154,0
588.2693250179291,8800,6516,11180,-105,-17,92,7364,-8988,10732,-40,115,-168,-13660,4148,5876,-1015,99,-113,-13880,-5052,6480,-497,161,-129,0
588.3026609420776,8980,6532,11244,-134,-64,99,7340,-9252,10404,-37,129,-182,-13664,4172,5756,-988,69,-83,-13964,-5080,6480,-499,126,-140,0
588.3362150192261,8756,6508,11248,-157,-50,76,7416,-9468,10400,-52,179,-169,-13672,4212,5736,-997,73,-78,-13892,-5172,6448,-504,149,-158,0
588.3696660995483,8720,6524,11268,-127,-12,79,7400,-9252,10360,-31,151,-157,-13700,3896,5840,-967,98,-70,-13936,-5012,6364,-491,128,-126,0
588.4031369686127,8708,6588,11216,-133,-23,89,7380,-9280,10416,-43,146,-150,-13644,4196,5788,-998,87,-37,-13832,-5088,6280,-516,141,-149,0
588.4369881153107,8952,6516,11216,-127,-31,98,7536,-9204,10316,-78,151,-151,-13632,4136,5964,-976,73,-85,-13984,-4936,6492,-502,121,-146,0
588.4704930782318,8820,6580,11156,-128,-57,68,7320,-9264,10392,-26,145,-167,-13656,4088,5860,-1004,62,-60,-13980,-5100,6516,-262,132,-132,0
588.5037131309509,8816,6500,11164,-118,-28,93,7412,-9228,10316,-15,145,-151,-13740,4328,5860,-989,107,-85,-14080,-5036,6440,-496,134,-138,0
588.5373640060425,8940,6488,11420,-100,-42,93,7392,-9128,10296,-19,121,-174,-13648,4104,5708,-1002,61,-84,-13896,-5128,6400,-496,129,-153,0
588.5710480213165,8780,6220,11008,-132,-46,77,7444,-9216,10292,-29,163,-164,-13688,4292,5756,-1016,78,-53,-13892,-4892,6468,-489,102,-115,0
588.6044249534607,8780,6592,11156,-117,-44,93,7312,-9412,10284,-74,154,-151,-13632,4220,5800,-995,40,-37,-13956,-5072,6336,-503,124,-149,0
588.6377210617065,8792,6452,11256,-126,-32,88,7380,-9280,10328,-11,152,-147,-13744,4208,5864,-1278,25,-74,-13904,-5104,6560,-491,112,-141,0
588.6712081432343,8736,6528,11208,-109,-24,101,7200,-9272,10448,-24,164,-127,-13680,4204,5768,-773,65,-88,-13828,-5372,6424,-501,96,-136,0
588.7047879695892,8644,6564,11028,-105,-48,66,7664,-9268,10484,-59,177,-143,-13672,4156,5788,-997,52,-61,-13840,-5076,6428,-511,95,-162,0
588.7384259700775,8800,6500,11084,-118,-24,73,7440,-9232,10284,-76,149,-143,-13692,4120,5752,-933,68,-55,-13848,-4972,6516,-482,94,-136,0
588.7720580101013,8452,6488,11328,-145,-34,70,7480,-9244,10228,-29,139,-147,-13664,4136,5932,-1008,65,-44,-13824,-5192,6472,-486,123,-139,0
588.8052699565887,8924,6556,11500,-89,-25,71,7456,-9276,10296,-33,124,-166,-13668,4112,5840,-976,46,-73,-14076,-5112,6612,-480,94,-150,0
588.8418669700623,8760,6540,11268,-134,-36,79,7236,-9260,10412,-53,110,-156,-13648,4196,5980,-992,24,-33,-13884,-5316,6436,-257,96,-149,0
588.8776769638062,8720,6604,11196,-118,-35,78,7372,-9300,10336,-63,149,-162,-13664,4220,6020,-976,52,-77,-14064,-4880,6604,-514,153,-150,0
588.9127020835876,8748,6572,11176,-107,-17,54,7420,-9224,10432,-43,125,-167,-13584,4196,5976,-1020,60,-69,-13764,-5064,6564,-503,121,-173,0
588.9480440616608,8704,6492,11248,-81,-44,91,7356,-9236,10268,-35,140,-165,-13656,4140,5656,-1016,58,-95,-14032,-5148,6576,-502,163,-165,0
588.9835619926453,8780,6512,11268,-109,-97,84,7420,-9360,10452,-43,159,-175,-13716,4124,6004,-980,80,-117,-14008,-5152,6512,-507,132,-148,0
589.0192909240723,8744,6624,11204,-123,-18,89,7256,-9260,10252,-49,150,-172,-13784,4188,5912,-988,78,-57,-13920,-4904,6476,-491,139,-146,0
589.0550620555878,8732,6580,11468,-125,-52,85,7368,-9340,10412,-34,140,-177,-13552,4144,5996,-998,55,-84,-13880,-5140,6480,-262,163,-142,0
589.0902781486511,8856,6636,11064,-98,-50,81,7432,-9212,10256,-24,108,-179,-13692,4196,5868,-995,77,-111,-13620,-5336,6396,-257,175,-122,0
589.1255021095276,8604,6560,11064,-108,-62,64,7304,-9456,10484,-64,181,-184,-13664,4228,5820,-965,78,-63,-13880,-5148,6496,-500,129,-139,0
589.1611931324005,8632,6556,11256,-127,-51,84,7364,-9244,10180,-48,169,-197,-13568,4184,5960,-973,105,-93,-13840,-5088,6516,-478,122,-117,0
589.1971440315247,8740,6588,11300,-133,-56,103,7628,-9268,10492,-46,138,-172,-13680,4196,5796,-1025,89,-78,-13860,-5068,6532,-483,161,-102,0
589.2326669692993,8736,6520,11216,-115,-69,106,7428,-9288,10352,-37,158,-172,-13660,4244,5980,-1002,93,-101,-13888,-5120,6416,-258,159,-137,0
589.268177986145,8708,6548,11156,-139,-33,77,7408,-8964,10372,-21,135,-174,-13692,4252,5704,-1003,108,-82,-13956,-5308,6588,-508,161,-154,0
589.3038160800934,8924,6468,11128,-143,-77,102,7412,-8996,10480,-45,138,-160,-13640,4128,5952,-879,71,-83,-13912,-5080,6408,-495,158,-131,0
589.3391840457916,8688,6576,11320,-136,-88,104,7360,-9156,10588,-31,122,-164,-13816,4196,5996,-973,119,-61,-13596,-5212,6464,-760,132,-98,0
589.3739809989929,8708,6492,11188,-128,-85,140,7336,-9296,10356,-15,136,-151,-13684,4212,5920,-1038,94,-88,-13924,-4876,6548,-498,145,-97,0
589.4095849990845,8492,6512,11232,-165,-90,123,7356,-9256,10296,29,133,-160,-13796,4188,5884,-1014,127,-83,-13908,-5240,6628,-504,134,-68,0
589.445004940033,8940,6540,11384,-142,-124,111,7296,-9184,10300,-70,149,-197,-13588,4200,6060,-971,131,-93,-13780,-5164,6484,-506,156,-89,0
589.4822919368744,8720,6500,11296,-142,-119,113,7428,-9228,10452,-40,138,-204,-13636,4196,5856,-973,140,-131,-13832,-5024,6464,-472,203,-107,0
589.5157499313354,8664,6556,11092,-152,-82,124,7456,-9292,10188,8,151,-197,-13612,4236,6040,-999,121,-128,-13876,-5124,6436,-490,187,-101,0
589.549418926239,8696,6540,11112,-174,-96,129,7388,-9268,10392,-14,139,-180,-13648,4168,5924,-977,166,-90,-13888,-5236,6492,-464,167,-83,0
589.5829041004181,8660,6528,11232,-201,-106,117,7416,-9316,10284,-33,152,-203,-13680,4260,5876,-974,135,-92,-13820,-5188,6412,-507,161,-84,0
589.616466999054,8700,6604,11024,-185,-169,134,7456,-9292,10320,-36,134,-213,-13692,4204,6132,-983,129,-169,-13820,-5112,6352,-512,203,-72,0
589.6496319770813,8748,6544,11172,-162,-164,145,7392,-9272,10440,-9,126,-242,-13612,4080,5664,-1018,139,-186,-13856,-5112,6400,-506,231,-71,0
589.6831049919128,8576,6460,11240,-186,-152,154,7308,-9020,10288,8,115,-216,-13668,4204,5880,-1033,175,-163,-13868,-5128,6512,-484,218,-68,0
589.7167661190033,8716,6480,11132,-170,-164,159,7416,-9360,10304,-4,114,-216,-13672,4120,5656,-999,174,-107,-13872,-5156,6528,-494,164,-58,0
589.7502279281616,8456,6504,11324,-158,-156,127,7388,-9260,10436,-17,142,-186,-13720,4336,5936,-974,160,-103,-13856,-5152,6376,-508,148,-93,0
589.7836689949036,8712,6552,11276,-184,-163,121,7632,-9372,10472,-253,146,-193,-13812,4320,5788,-987,117,-135,-13940,-5052,6652,-487,194,-85,0
589.8172941207886,8712,6648,11104,-177,-135,140,7440,-9000,10260,-4,127,-206,-13704,4172,5852,-1000,148,-144,-13828,-4872,6180,-500,181,-92,0
589.8507640361786,8952,6620,11212,-178,-172,139,7360,-9132,10340,5,123,-221,-13672,3888,5684,-979,168,-137,-13796,-5156,6444,-493,201,-104,0
589.8837730884552,8748,6524,11228,-175,-153,133,7432,-9256,10488,-38,119,-212,-13680,4100,5884,-980,161,-95,-13864,-5084,6372,-491,169,-54,0
589.9173800945282,8776,6496,11108,-160,-165,109,7456,-9212,10488,-14,138,-186,-13696,4232,5896,-986,166,-107,-13908,-5000,6524,-486,200,-66,0
589.9510509967804,8816,6636,11244,-154,-168,123,7352,-9160,10356,0,115,-212,-13684,4100,5880,-1018,139,-160,-13944,-5332,6232,-477,202,-95,0
589.9845039844513,8704,6520,11076,-188,-136,132,7324,-9128,10296,-13,135,-214,-13652,4120,5972,-987,147,-121,-14060,-5132,6188,-485,189,-94,0
590.0181930065155,8756,6524,11216,-161,-167,138,7652,-9220,10260,0,158,-211,-13808,4124,5812,-1006,136,-149,-13792,-5012,6188,-512,193,-84,0
590.0519299507141,8836,6516,11144,-136,-182,155,7380,-9264,10380,-20,116,-201,-13760,4116,5756,-1069,170,-136,-13872,-5020,6368,-501,184,-98,0
590.0854289531708,8780,6504,11244,-163,-152,164,7372,-9152,10400,-26,95,-224,-13744,4124,5724,-1008,162,-91,-14012,-5088,6264,-492,177,-47,0
590.1189839839935,8540,6544,11472,-162,-169,130,7392,-9188,10192,-32,119,-201,-13780,4160,5860,-984,140,-80,-13892,-5148,6508,-766,139,-82,0
590.1523871421814,8868,6484,11156,-139,-165,122,7436,-9320,10444,13,114,-230,-13720,4196,5800,-1031,101,-132,-13864,-5076,6428,-501,160,-103,0
590.1859600543976,8880,6492,11108,-182,-144,114,7412,-9108,10380,10,132,-183,-13616,4100,5660,-1038,117,-134,-13948,-5084,6540,-497,192,-126,0
590.2197589874268,8764,6536,11108,-132,-154,115,7372,-9240,10276,-33,126,-212,-13688,4156,5852,-997,120,-146,-13952,-5116,6608,-486,192,-79,0
590.2534959316254,8856,6440,11116,-175,-159,126,7412,-9168,10232,-2,111,-240,-13704,4212,5640,-1264,139,-136,-13996,-5032,6368,-493,213,-114,0
590.2868280410767,8860,6436,11204,-149,-151,115,7168,-9124,10220,-21,129,-193,-13680,4164,5792,-1027,130,-80,-13960,-5284,6464,-498,125,-114,0
590.3205080032349,8736,6492,11224,-108,-97,119,7520,-9164,10240,-35,116,-169,-13584,4108,5968,-987,75,-53,-13944,-5036,6336,-513,92,-148,0
590.3539690971375,8812,6508,11020,-118,-65,98,7404,-9168,10420,-46,127,-174,-13776,4344,5952,-1000,40,-73,-13924,-5052,6340,-510,119,-168,0
590.3874990940094,8792,6476,11012,-121,-20,96,7520,-9188,10368,-39,157,-173,-13780,3988,5840,-1018,87,-100,-13976,-4992,6340,-526,117,-166,0
590.4211869239807,8812,6472,11144,-127,-21,72,7540,-9192,10368,-29,137,-169,-13668,3844,5708,-1003,93,-112,-13924,-5060,6376,-512,181,-128,0
590.454756975174,8756,6572,11184,-113,-35,97,7284,-9236,10324,-38,73,-170,-13688,4040,5816,-1031,125,-85,-13820,-5116,6564,-504,141,-133,0
590.4881510734558,8796,6540,11008,-113,-69,102,7468,-9260,10392,-61,110,-182,-13708,3892,5952,-997,95,-42,-14012,-5108,6472,-480,151,-148,0
590.5244839191437,8704,6452,11204,-149,-22,76,7380,-9200,10340,-61,178,-181,-13604,4216,5724,-970,62,-116,-13908,-5084,6388,-490,133,-175,0
590.5603849887848,8776,6436,11512,-100,-47,61,7196,-8968,10392,-27,156,-154,-13736,4148,5856,-1009,50,-54,-13840,-4872,6160,-502,133,-153,0
590.5955729484558,8660,6584,11108,-120,-25,54,7332,-9240,10420,-30,129,-164,-13680,4128,6084,-972,27,-60,-13860,-5108,6540,-512,136,-137,0
590.6311149597168,8452,6616,11268,-108,-19,73,7396,-9300,10400,-48,161,-154,-13740,4172,5888,-971,57,-63,-13880,-5116,6544,-506,103,-149,0
590.6674859523773,8460,6588,11064,-127,-55,69,7416,-9228,10480,-54,128,-164,-13616,4144,5756,-966,71,-73,-13916,-5068,6500,-496,143,-110,0
590.7029819488525,8760,6564,11484,-106,-69,93,7384,-9292,10368,-29,150,-184,-13668,4168,5788,-983,124,-129,-13868,-5136,6352,-520,136,-153,0
590.7380990982056,8808,6480,11196,-95,-77,88,7428,-9316,10300,-35,122,-192,-13668,4120,5868,-995,112,-38,-13680,-4988,6344,-491,139,-141,0
590.7738411426544,8852,6544,11160,-107,-70,82,7420,-9272,10392,-33,101,-167,-13640,4332,5748,-1000,67,-65,-13868,-5132,6508,-484,123,-140,0
590.809562921524,8944,6520,11200,-141,-45,91,7320,-9276,10296,-22,199,-165,-13632,4184,5840,-993,86,-62,-13948,-5136,6280,-501,119,-150,0
590.8447921276093,8808,6572,11104,-120,-40,83,7188,-9296,10412,-74,152,-152,-13704,3988,5908,-1004,53,-63,-13928,-4968,6252,-525,103,-140,0
590.880303144455,8744,6464,11168,-98,-23,62,7480,-9276,10452,-30,186,-147,-13704,4220,5764,-1042,20,-7,-14076,-5100,6452,-519,111,-158,0
590.9149899482727,8696,6820,11140,-98,-31,88,7368,-9256,10400,-256,187,-139,-13816,4196,6124,-1038,80,-48,-13832,-4944,6492,-494,97,-164,0
590.9506840705872,8748,6856,11204,-130,-32,59,7320,-9196,10432,-98,122,-179,-13628,4228,5904,-945,53,-85,-13744,-5220,6632,-765,144,-135,0
590.9860980510712,8936,6524,11012,-114,-52,45,7384,-9336,10408,-68,93,-153,-13700,4156,5680,-965,83,-51,-13992,-5032,6368,-502,130,-136,0
591.0223150253296,8868,6420,11204,-107,-12,60,7372,-9256,10344,-19,161,-162,-13636,4176,5772,-975,49,-86,-13884,-5080,6588,-487,115,-155,0
591.0575981140137,8724,6532,11276,-112,-36,86,7432,-9224,10488,-46,167,-159,-13804,4028,5992,-991,63,-67,-13932,-5156,6508,-504,97,-131,0
591.0934910774231,8464,6620,11196,-125,-60,84,7308,-9328,10240,-82,169,-169,-13676,4204,5808,-960,79,-57,-13936,-5128,6488,-761,123,-128,0
591.1288311481476,8928,6584,10984,-98,-54,90,7396,-9460,10408,-53,120,-162,-13716,4220,5992,-974,90,-79,-13820,-5100,6436,-262,147,-146,0
591.165244102478,8760,6524,11356,-111,-75,75,7268,-9248,10312,-22,111,-173,-13684,4100,5948,-996,106,-78,-13812,-5084,6448,-518,171,-134,0
591.1987159252167,8476,6528,11064,-77,-69,107,7344,-9232,10340,-23,111,-166,-13616,4196,5928,-868,57,-99,-13980,-5372,6500,-516,140,-111,0
591.2324459552765,8488,6564,11236,-119,-90,99,7472,-9172,10308,-14,134,-178,-13632,4236,5848,-978,116,-106,-13972,-5052,6476,-506,133,-149,0
591.2660689353943,8644,6612,11168,-119,-23,99,7356,-9452,10412,-55,163,-188,-13776,4136,5940,-954,88,-93,-13904,-5132,6492,-501,167,-142,0
591.2998609542847,8692,6528,11132,-125,-41,86,7616,-9248,10336,-27,131,-159,-13644,4220,5920,-1037,77,-43,-14052,-4896,6492,-470,149,-113,0
591.3333821296692,8696,6572,11224,-137,-33,106,7376,-9268,10412,-19,140,-183,-13616,4132,5944,-1003,108,-77,-13772,-5164,6484,-488,151,-137,0
591.3670170307159,8704,6540,11100,-129,-57,83,7412,-9156,10380,-66,162,-179,-13676,4068,6080,-983,72,-61,-13812,-5132,6456,-259,134,-128,0
591.400386095047,8632,6656,11112,-164,-50,68,7412,-9236,10364,-24,164,-175,-13604,4288,5952,-1004,103,-97,-13792,-5236,6496,-506,168,-140,0
591.4338610172272,8660,6400,11256,-161,-78,85,7392,-9316,10316,-24,162,-161,-13656,4260,5992,-1004,113,-92,-13880,-5140,6576,-504,143,-94,0
591.467432975769,8676,6608,11324,-154,-75,133,7316,-9352,10428,12,128,-192,-13632,4236,6080,-984,124,-107,-13716,-5228,6492,-489,176,-94,0
591.5010631084442,8880,6612,11312,-146,-107,126,7376,-9340,10388,-18,104,-212,-13640,4136,5700,-973,128,-90,-13808,-5344,6552,-261,175,-86,0
591.5343909263611,8708,6608,11224,-126,-115,110,7332,-9276,10652,-33,143,-193,-13656,4232,5896,-1008,125,-96,-14076,-5372,6528,-497,201,-74,0
591.5679879188538,8728,6876,11216,-144,-122,114,7404,-9464,10284,-255,120,-209,-13708,4208,5892,-959,119,-148,-13944,-4904,6176,-500,184,-88,0
591.6015701293945,8564,6536,11516,-159,-118,73,7284,-9264,10296,-6,144,-212,-13636,4216,5880,-988,152,-132,-13872,-5084,6484,-763,172,-65,0
591.6350729465485,8556,6560,11468,-176,-121,128,7340,-9280,10492,-26,124,-186,-13608,4216,6000,-963,148,-139,-13712,-5136,6404,-502,176,-61,0
591.676775932312,8780,6592,11200,-190,-142,112,7380,-9260,10284,-11,143,-187,-13660,3952,6008,-1019,132,-152,-13804,-5096,6420,-479,199,-98,0
591.7224991321564,8952,6540,11300,-163,-147,139,7420,-9472,10316,14,140,-210,-13680,4316,5712,-978,158,-108,-13896,-5084,6528,-502,178,-70,0
591.764524936676,8452,6592,11172,-169,-146,117,7372,-9272,10308,-14,184,-198,-13652,4348,5796,-975,125,-123,-13872,-5044,6156,-482,211,-61,0
591.7979900836945,8716,6464,11088,-198,-121,132,7660,-9264,10424,12,134,-184,-13580,4236,5720,-993,165,-154,-14000,-5008,6188,-427,178,-85,0
591.8315789699554,8736,6532,11172,-183,-129,145,7188,-9240,10328,-18,130,-168,-13716,4176,5812,-1046,108,-104,-13984,-5180,6592,-468,116,-73,0
591.8650751113892,8688,6544,11280,-207,-121,147,7320,-9176,10320,-33,125,-183,-13620,4080,6108,-993,153,-98,-13868,-5076,6296,-488,141,-73,0
591.898421049118,8580,6568,11260,-184,-111,133,7612,-9456,10424,-29,120,-177,-13796,4120,5688,-975,136,-97,-13912,-5100,6376,-496,172,-101,0
591.9319620132446,8500,6512,11140,-171,-164,133,7372,-9452,10336,-16,137,-214,-13688,4144,5780,-1012,172,-128,-13872,-5084,6380,-525,224,-90,0
591.9654231071472,8484,6552,11172,-150,-172,130,7320,-9252,10392,13,104,-219,-13568,4204,5824,-1015,179,-154,-13864,-5112,6468,-527,210,-73,0
591.9989259243011,8808,6580,11148,-138,-168,146,7348,-9420,10256,-253,91,-230,-13620,4316,5888,-1024,158,-133,-14060,-5096,6560,-477,210,-78,0
592.0324161052704,8720,6616,11516,-182,-156,138,7668,-9208,10408,8,119,-220,-13716,4244,6044,-994,151,-134,-13900,-5360,6560,-478,170,-50,0
592.066064119339,8756,6500,11180,-209,-131,121,7440,-9320,10392,-27,143,-214,-13744,4124,6080,-1002,117,-152,-13844,-5032,6536,-507,179,-94,0
592.0998799800873,8748,6572,11180,-163,-163,129,7400,-9204,10088,2,143,-206,-13660,4152,5828,-1012,130,-93,-13912,-5064,6428,-484,180,-94,0
592.1333680152893,8684,6496,11240,-161,-143,158,7340,-9188,10308,-38,106,-208,-13684,4148,5772,-986,122,-71,-13920,-5124,6564,-486,165,-72,0
592.1668469905853,8796,6480,11172,-177,-139,117,7208,-9316,10452,12,96,-201,-13612,4132,5996,-987,155,-114,-13912,-5364,6160,-473,154,-82,0
592.2029809951782,8696,6480,11268,-150,-150,133,7408,-9428,10328,-255,144,-205,-13744,4132,5848,-991,120,-113,-13960,-4996,6360,-490,194,-92,0
592.2389421463013,8660,6528,11352,-171,-144,100,7292,-9220,10380,6,56,-223,-13608,4080,6108,-1003,150,-147,-13860,-5360,6464,-494,176,-91,0
592.2787880897522,8780,6600,11168,-167,-123,121,7392,-9188,10464,-10,127,-220,-13824,4108,5928,-1006,121,-87,-13872,-5248,6440,-504,191,-111,0
592.3142330646515,8796,6428,11096,-144,-118,135,7420,-9168,10408,-45,98,-218,-13584,4092,5744,-1001,140,-145,-14068,-5112,6444,-513,198,-87,0
592.3494639396667,8760,6544,11144,-106,-130,114,7496,-9208,10344,-66,152,-221,-13608,4120,5996,-986,109,-78,-13840,-5168,6484,-499,142,-111,0
592.384959936142,8928,6560,11292,-161,-73,84,7480,-9408,10456,-59,128,-192,-13776,4144,6132,-966,81,-85,-13844,-5056,6360,-492,103,-139,0
592.4203929901123,8852,6432,11044,-161,-64,76,7376,-9160,10264,-61,144,-164,-13684,4140,5708,-1014,90,-53,-13932,-5020,6448,-496,123,-122,0
592.4555339813232,8800,6476,11108,-140,-35,74,7400,-9192,10292,-19,162,-159,-13708,4100,5688,-1279,68,-59,-13856,-5096,6392,-492,159,-146,0
592.4919540882111,8808,6612,11068,-126,-31,58,7428,-9192,10460,-40,159,-167,-13720,4124,5808,-1000,80,-66,-13836,-5080,6460,-502,117,-132,0
592.5277919769287,8828,6604,11492,-112,-59,96,7308,-9164,10400,-64,140,-194,-13628,4228,5760,-980,100,-51,-13820,-4996,6468,-507,156,-119,0
592.5627241134644,8724,6468,11152,-132,-73,106,7176,-9276,10320,-26,141,-174,-13648,4124,5664,-1003,96,-94,-14008,-5000,6436,-500,107,-136,0
592.5987370014191,8532,6584,11124,-133,-33,86,7372,-9168,10292,-43,149,-149,-13596,4060,5984,-1008,57,-38,-13880,-5344,6408,-482,70,-157,0
592.6342339515686,8516,6560,11292,-148,-24,72,7320,-9188,10560,-50,155,-130,-13560,4116,5916,-990,54,-4,-13828,-5112,6492,-498,96,-168,0
592.6699371337891,8828,6628,11032,-153,-57,74,7308,-9324,10356,-43,148,-168,-13624,4332,5688,-993,65,-80,-14064,-5108,6472,-498,139,-155,0
592.7050940990448,8756,6604,11256,-85,-75,81,7360,-9292,10320,-22,166,-165,-13688,4180,5792,-983,77,-78,-13868,-4956,6424,-518,141,-132,0
592.7406899929047,8804,6540,11060,-96,-79,80,7188,-9028,10248,-51,104,-185,-13512,4092,5716,-993,104,-109,-13888,-5156,6392,-767,162,-137,0
592.7771060466766,8732,6552,11280,-116,-89,98,7196,-9228,10356,-27,145,-180,-13468,4336,5724,-995,119,-124,-13872,-5084,6636,-488,158,-125,0
592.8124859333038,8736,6532,11020,-147,-68,87,7428,-9236,10300,-30,125,-172,-13752,4216,5840,-988,75,-102,-13932,-5272,6504,-475,97,-128,0
592.8492710590363,8764,6544,11020,-149,-65,61,7372,-9300,10220,-8,157,-148,-13596,4132,5872,-1027,64,-93,-13920,-5112,6524,-489,120,-140,0
592.8827500343323,8712,6572,11104,-116,-47,91,7440,-8968,10396,-31,130,-159,-13680,4072,5684,-1020,67,-88,-14068,-5076,6612,-515,115,-161,0
592.9164750576019,8644,6512,11180,-109,-56,60,7364,-9248,10404,-61,143,-159,-13768,4180,5684,-979,62,-37,-14008,-5148,6500,-481,139,-161,0
592.9498269557953,8708,6460,11172,-118,-71,78,7348,-9432,10328,-57,157,-174,-13644,4160,5688,-986,87,-66,-13864,-5096,6484,-476,128,-147,0
592.9834771156311,8764,6596,11180,-117,-64,80,7424,-9276,10608,-33,138,-168,-13672,4196,5776,-991,94,-60,-13760,-5024,6584,-479,116,-120,0
593.0172979831696,8752,6604,11080,-104,-74,100,7320,-9236,10128,-18,144,-169,-13616,4196,5816,-1002,109,-70,-14040,-4892,6568,-493,154,-120,0
593.0507869720459,8696,6448,11224,-124,-43,78,7344,-9208,10372,-16,113,-179,-13728,4148,5872,-995,112,-110,-13856,-5360,6416,-499,174,-149,0
593.0844249725342,8792,6404,11068,-122,-82,87,7364,-9280,10304,-24,135,-164,-13640,3952,5828,-998,65,-81,-13848,-4900,6176,-526,165,-138,0
593.1176929473877,8808,6564,11280,-139,-50,97,7420,-9240,10396,-28,143,-164,-13628,4112,5908,-987,77,-53,-13912,-5136,6516,-481,128,-152,0
593.1510801315308,8668,6620,11180,-133,-54,100,7332,-9256,10452,-44,131,-186,-13660,4160,5836,-995,79,-45,-13880,-5352,6500,-510,141,-121,0
593.1847751140594,8964,6540,11024,-114,-82,91,7412,-9264,10408,-53,162,-166,-13700,4228,6104,-1012,94,-70,-13860,-5068,6392,-548,123,-146,0
593.2177741527557,8728,6532,11296,-132,-45,97,7212,-9148,10328,-22,135,-156,-13556,4132,5908,-1006,81,-62,-13852,-5088,6324,-261,122,-128,0
593.251405954361,8756,6576,11212,-108,-31,90,7272,-9084,10324,-33,139,-158,-13612,4040,5904,-1000,120,-93,-13932,-5040,6212,-761,113,-94,0
593.2851309776306,8700,6568,11180,-104,-73,86,7404,-9244,10424,-51,138,-169,-13768,4188,5708,-992,67,-73,-13912,-5112,6228,-490,144,-134,0
593.3185279369354,8736,6444,11196,-141,-66,91,7464,-9240,10284,-21,134,-177,-13728,4204,5952,-1001,95,-57,-13884,-5084,6312,-470,168,-141,0
593.352087020874,8792,6536,11104,-132,-47,87,7396,-9292,10336,-26,148,-151,-13588,4136,5904,-999,64,-64,-13900,-5196,6580,-489,121,-159,0
593.3854489326477,8680,6592,11252,-134,-40,82,7256,-9296,10048,-63,151,-163,-13604,4212,6024,-976,79,-107,-13668,-5368,6432,-487,103,-149,0
593.419114112854,8532,6560,11320,-135,-68,82,7360,-9292,10452,-62,159,-182,-13556,4220,6012,-978,65,-84,-13984,-5324,6280,-490,139,-117,0
593.4523041248322,8732,6544,11232,-132,-63,92,7428,-9336,10396,-39,129,-177,-13644,4112,5940,-1001,74,-60,-13924,-5056,6400,-523,148,-140,0
593.485836982727,8928,6592,11196,-141,-52,89,7404,-9200,10668,-29,145,-178,-13480,4204,5992,-1042,116,-106,-13876,-5348,6508,-519,166,-124,0
593.5192339420319,8736,6508,11148,-120,-57,90,7348,-9392,10376,-32,108,-198,-13808,3892,5840,-1007,130,-115,-13896,-5328,6564,-502,164,-113,0
593.5528161525726,8520,6560,11236,-137,-107,95,7452,-9268,10196,-34,183,-143,-13688,4232,5724,-1035,118,-126,-13844,-4896,6564,-264,150,-136,0
593.5864751338959,8652,6556,11332,-135,-32,107,7420,-9448,10356,-51,149,-169,-13752,4268,5948,-1004,97,-102,-13976,-5160,6520,-507,154,-128,0
593.6200609207153,8660,6556,11256,-142,-59,93,7324,-9320,10268,-37,128,-182,-13648,4096,5772,-1004,109,-74,-13784,-5084,6420,-495,142,-110,0
593.653608083725,8700,6480,11168,-122,-79,111,7388,-9308,10312,-51,122,-187,-13628,4024,5932,-982,73,-57,-13912,-5144,6656,-505,149,-142,0
593.6872611045837,8672,6640,11332,-145,-88,106,7392,-9256,10428,-44,149,-178,-13720,4096,5656,-969,93,-95,-13968,-5268,6480,-498,136,-138,0
593.7206411361694,8736,6516,11228,-162,-71,82,7648,-9336,10404,-19,159,-153,-13652,4144,5808,-988,88,-105,-13872,-5128,6468,-489,156,-113,0
593.7541959285736,8728,6612,11504,-155,-84,116,7356,-9284,10408,-9,168,-189,-13576,4236,5840,-1001,101,-141,-13848,-5260,6432,-455,169,-87,0
593.7878789901733,8584,6488,11392,-152,-95,122,7468,-9232,10340,254,156,-199,-13688,4180,5904,-775,133,-100,-14080,-5204,6540,-484,175,-89,0
593.8212621212006,8712,6588,11392,-155,-121,128,7444,-9236,10408,-41,137,-191,-13588,4184,6004,-983,131,-99,-13808,-5176,6444,-513,191,-66,0
593.8545501232147,8704,6636,11140,-142,-128,126,7372,-9208,10368,-22,132,-193,-13808,4200,5760,-985,123,-91,-13828,-5360,6520,-266,183,-95,0
593.8918631076813,8768,6612,11136,-129,-118,120,7444,-9284,10460,-24,130,-213,-13652,4196,5944,-1007,149,-124,-13620,-5044,6492,-493,178,-91,0
593.9277551174164,8752,6536,11092,-157,-99,141,7328,-9332,10296,16,140,-185,-13616,4228,6068,-999,134,-109,-13852,-5164,6452,-487,191,-79,0
593.9628920555115,8700,6592,11144,-184,-113,126,7428,-9240,10508,251,159,-223,-13672,4132,5676,-976,148,-111,-13892,-4868,6444,-480,183,-45,0
593.9992210865021,8768,6528,11248,-165,-122,128,7316,-9276,10368,-23,112,-198,-13692,4236,5844,-988,149,-106,-13968,-5132,6532,-504,172,-86,0
594.0349559783936,8724,6500,11112,-163,-144,124,7232,-9436,10320,-19,122,-201,-13628,4232,5824,-994,120,-147,-13900,-5096,6448,-499,163,-103,0
594.0704491138458,8744,6552,11204,-168,-149,155,7388,-9164,10184,16,113,-198,-13392,4152,6108,-987,130,-73,-13920,-5096,6172,-489,173,-101,0
594.1055810451508,8692,6588,11260,-159,-131,137,7404,-9240,10380,-47,133,-209,-13632,4248,5856,-967,80,-136,-13804,-5176,6492,-497,187,-70,0
594.141312122345,8796,6552,11184,-180,-120,132,7360,-8980,10372,-18,121,-216,-13664,4292,5960,-960,131,-121,-13944,-4988,6484,-486,175,-93,0
594.1775660514832,8700,6436,11324,-171,-106,133,7464,-9216,10412,-3,154,-157,-13624,4344,5660,-978,137,-124,-13992,-5060,6504,-481,101,-91,0
594.2128851413727,8804,6524,11256,-198,-108,134,7388,-9184,10452,-54,134,-194,-13660,4116,5896,-955,125,-52,-13932,-5344,6620,-494,100,-84,0
594.2478070259094,8732,6644,11160,-178,-145,132,7352,-9280,10360,-39,127,-197,-13692,4064,5720,-1010,137,-127,-13904,-5156,6408,-496,181,-71,0
594.2834529876709,8760,6556,11052,-150,-145,145,7412,-9260,10412,-17,132,-249,-13764,4192,5968,-984,179,-158,-13896,-4972,6576,-513,198,-76,0
594.3193070888519,8724,6440,11048,-189,-167,142,7392,-9104,10492,11,84,-210,-13640,4184,6116,-1006,173,-112,-13924,-5284,6620,-515,219,-87,0
594.3548331260681,8696,6432,11432,-140,-162,145,7376,-9300,10316,-24,110,-223,-13732,4252,5892,-999,153,-160,-13848,-5088,6540,-484,185,-93,0
594.3902490139008,8904,6548,11212,-179,-179,109,7608,-9216,10292,-14,114,-211,-13812,4200,5824,-973,137,-101,-13908,-5156,6360,-499,165,-98,0
594.4253771305084,8724,6528,11348,-173,-158,126,7364,-8996,10372,-20,142,-182,-13644,4124,5844,-1001,134,-139,-13864,-5172,6412,-500,217,-89,0
594.4609911441803,8832,6468,11152,-152,-124,116,7396,-9276,10444,-14,126,-201,-13692,4056,5776,-1020,110,-86,-13880,-5032,6516,-492,162,-82,0
594.4961340427399,8728,6560,11144,-128,-127,105,7412,-9144,10340,-40,128,-193,-13744,4108,5836,-983,115,-112,-13992,-5116,6520,-498,161,-93,0
594.5336670875549,8836,6584,11016,-155,-112,119,7308,-9008,10636,-11,115,-197,-13648,4144,5892,-1002,110,-113,-14020,-5020,6416,-473,181,-101,0
594.5672979354858,8912,6512,11280,-143,-116,131,7328,-9028,10676,-18,159,-207,-13672,4164,5804,-993,131,-117,-13940,-5028,6400,-481,185,-105,0
594.6007969379425,8676,6528,11200,-152,-121,134,7412,-9256,10288,-24,113,-205,-13620,4128,5824,-984,139,-91,-14048,-4900,6400,-485,177,-89,0
594.6341099739075,8832,6820,11172,-133,-135,149,7508,-9224,10096,-10,132,-197,-13684,4072,5852,-988,135,-129,-13908,-5132,6560,-263,154,-111,0
594.6676321029663,8872,6620,11028,-135,-104,117,7448,-9148,10312,-56,117,-202,-13608,4320,5988,-997,104,-143,-13836,-5004,6460,-534,165,-120,0
594.7011189460754,8804,6516,11228,-92,-92,88,7444,-9224,10492,-33,121,-182,-13772,4336,6124,-1012,85,-83,-13936,-5048,6464,-518,156,-150,0
594.7346940040588,8816,6544,11112,-152,-50,79,7440,-9164,10356,-31,172,-163,-13716,3900,5832,-1021,69,-71,-13940,-5068,6440,-472,131,-149,0
594.7682120800018,8880,6484,11468,-158,-29,79,7344,-9160,10476,-19,125,-175,-13700,4112,5800,-1278,87,-60,-13656,-5068,6480,-475,103,-135,0
594.8017139434814,8812,6452,11204,-144,-64,83,7468,-9212,10288,-38,137,-143,-13652,4348,5844,-1028,91,-86,-13888,-5276,6552,-266,120,-148,0
594.8351249694824,8660,6580,11364,-139,-69,80,7480,-9204,10372,-26,130,-142,-13580,4100,5904,-1267,69,-108,-13584,-4988,6468,-509,112,-134,0
594.8687870502472,8904,6556,11160,-89,-41,82,7380,-8992,10248,-42,155,-168,-13732,4276,6044,-1014,66,-75,-14064,-5068,6580,-504,124,-163,0
594.9019300937653,8732,6488,11080,-109,-54,63,7356,-9236,10432,-57,156,-185,-13672,4196,6032,-979,71,-56,-13984,-5288,6516,-515,179,-140,0
594.9355010986328,8848,6580,11160,-129,-42,86,7404,-9040,10448,-10,134,-149,-13728,4052,6044,-1014,84,-14,-13908,-5116,6188,-484,116,-119,0
594.9691231250763,8808,6576,11488,-112,-10,93,7356,-9236,10424,-26,172,-117,-13616,4212,5808,-979,78,-59,-14048,-5088,6584,-503,100,-155,0
595.0023159980774,8708,6624,11200,-141,-4,86,7396,-9284,10240,-60,154,-165,-13560,4128,6004,-998,68,-95,-13848,-5112,6424,-501,83,-114,0
595.035887002945,8780,6620,11372,-113,-64,99,7480,-9224,10444,-55,127,-157,-13628,4156,6052,-979,91,-132,-13932,-5068,6436,-766,135,-164,0
595.0694580078125,8744,6536,11204,-87,-80,78,7444,-9200,10348,-48,138,-188,-13748,4348,6136,-997,89,-55,-14036,-4952,6524,-767,150,-139,0
595.102756023407,8668,6460,11304,-95,-61,101,7312,-9196,10280,2,115,-170,-13592,4132,5788,-1022,114,-78,-13880,-5076,6180,-509,158,-163,0
595.1359639167786,8952,6496,11016,-121,-76,85,7416,-9140,10356,-55,117,-192,-13660,4228,5968,-994,57,-99,-13860,-5024,6400,-495,157,-132,0
595.1694900989532,8712,6528,11228,-127,-64,83,7392,-9244,10380,-25,130,-179,-13672,4200,5840,-972,116,-117,-14052,-5128,6388,-507,132,-139,0
595.2029299736023,8940,6500,11380,-119,-57,63,7360,-9460,10464,-48,152,-191,-13672,4204,5944,-1006,64,-57,-14072,-5188,6412,-502,132,-147,0
595.2368941307068,8780,6452,11020,-104,-45,86,7364,-9472,10424,-49,154,-175,-13604,4252,6000,-1011,54,-42,-13936,-4900,6400,-498,120,-156,0
595.2704830169678,8660,6572,11160,-101,-44,82,7336,-9276,10288,-35,132,-156,-13648,4164,5924,-984,44,-28,-13892,-5180,6548,-497,115,-125,0
595.3039779663086,8716,6592,11140,-143,-86,75,7408,-9236,10344,-33,162,-155,-13660,4140,5880,-979,87,-79,-14004,-5024,6468,-479,117,-140,0
595.3375129699707,8684,6600,11044,-136,-39,76,7404,-9160,10412,-26,144,-164,-13724,4192,5744,-1020,85,-65,-13868,-5040,6508,-501,133,-123,0
595.3711140155792,8644,6448,11316,-115,-42,94,7376,-9264,10308,-29,137,-159,-13620,4132,5824,-1005,76,-82,-13784,-5120,6496,-510,121,-118,0
595.4044289588928,8680,6624,11244,-92,-68,88,7432,-9144,10336,-55,136,-151,-13640,4200,5960,-989,78,-103,-13936,-5088,6452,-492,152,-137,0
595.4380121231079,8572,6492,11184,-101,-72,79,7372,-9272,10428,-30,134,-175,-13724,4200,5832,-991,72,-43,-13836,-5232,6504,-267,163,-142,0
595.4716401100159,8704,6400,11516,-102,-69,80,7420,-9204,10368,-40,140,-157,-13656,4096,5852,-1013,78,-81,-13868,-5168,6392,-520,132,-124,0
595.504851102829,8748,6628,11360,-127,-79,103,7444,-9008,10376,-43,138,-187,-13636,3940,5932,-975,87,-138,-13880,-5196,6416,-496,138,-145,0
595.5382699966431,8608,6500,11148,-137,-58,97,7188,-8968,10460,-57,110,-177,-13712,4116,5924,-977,105,-104,-13904,-5080,6460,-488,126,-130,0
595.5752739906311,8820,6600,11012,-120,-72,113,7336,-9248,10324,-35,143,-147,-13620,4316,5876,-990,76,-57,-13828,-5144,6440,-504,151,-147,0
595.6108920574188,8684,6540,11148,-153,-78,98,7376,-9248,10412,-44,134,-161,-13624,4184,5804,-1006,76,-108,-13904,-5048,6404,-507,131,-141,0
595.6462061405182,8616,6540,11220,-114,-35,91,7348,-9468,10312,-62,122,-171,-13628,4108,6112,-980,82,-71,-13932,-5192,6628,-506,129,-133,0
595.6818070411682,8464,6480,11416,-92,-57,67,7384,-9220,10364,-69,141,-163,-13768,4172,5948,-962,78,-87,-13924,-5360,6592,-503,161,-152,0
595.7177789211273,8696,6572,11484,-132,-48,105,7448,-9280,10512,-26,136,-182,-13816,4128,5780,-1268,87,-48,-13856,-5088,6464,-491,146,-143,0
595.7525610923767,8468,6544,11012,-104,-45,90,7368,-9252,10208,-33,145,-141,-13632,4116,5876,-969,70,-62,-13844,-5264,6496,-510,95,-150,0
595.788568019867,8652,6652,11132,-143,-58,78,7400,-9348,10376,-65,152,-148,-13588,4156,5920,-962,96,-106,-13780,-5132,6412,-522,128,-116,0
595.8237500190735,8732,6604,11164,-138,-99,97,7268,-9412,10384,-61,147,-173,-13800,4340,6128,-981,98,-66,-14024,-5060,6528,-500,131,-114,0
595.8593211174011,8696,6548,11280,-131,-76,93,7452,-9260,10432,-17,142,-168,-13604,4136,5920,-1011,98,-120,-13816,-5184,6516,-501,166,-101,0
595.8944749832153,8844,6588,11320,-121,-60,89,7368,-9240,10408,-18,83,-183,-13672,4348,5796,-1005,119,-103,-13900,-5040,6316,-506,176,-114,0
595.9307179450989,8580,6448,11368,-122,-85,94,7344,-9320,10240,-19,103,-207,-13588,4200,5992,-1273,108,-108,-13904,-5200,6460,-492,157,-137,0
595.9655549526215,8744,6592,11420,-153,-62,105,7672,-9300,10440,-29,162,-166,-13684,4140,5756,-888,57,-103,-13872,-5144,6508,-503,173,-121,0
596.0013449192047,8796,6572,11260,-146,-87,115,7176,-9280,10308,-17,137,-187,-13636,4132,6128,-993,112,-59,-13888,-5300,6472,-488,150,-121,0
596.0377600193024,8616,6620,11372,-146,-91,116,7196,-9224,10276,-22,140,-212,-13500,4268,6124,-998,114,-89,-13944,-5116,6472,-499,171,-103,0
596.0726270675659,8696,6592,11500,-159,-128,123,7392,-9388,10424,-39,151,-216,-13632,4212,6108,-973,110,-140,-14028,-5124,6528,-500,180,-106,0
596.1087210178375,8736,6680,11164,-183,-123,99,7336,-9348,10368,-29,122,-204,-13360,4256,5840,-982,110,-123,-13640,-4872,6432,-482,183,-103,0
596.1438870429993,8752,6688,11064,-156,-137,113,7420,-9288,10400,-16,122,-217,-13608,4128,5928,-1003,140,-170,-13884,-5184,6508,-500,183,-64,0
596.1794641017914,8616,6600,11276,-152,-108,135,7400,-9196,10332,-20,122,-213,-13624,4260,6004,-994,124,-175,-13644,-5064,6460,-504,216,-92,0
596.2159099578857,8684,6464,11088,-189,-128,145,7372,-9316,10396,-13,134,-226,-13524,4156,5844,-1010,149,-167,-13580,-4892,6496,-499,191,-77,0
596.2496709823608,8776,6512,11216,-164,-148,115,7464,-9052,10360,-250,94,-233,-13748,4088,5932,-993,160,-117,-13996,-5164,6376,-513,204,-95,0
596.2831919193268,8660,6620,11088,-163,-133,148,7356,-9256,10368,-21,152,-218,-13608,4188,5828,-995,169,-98,-13828,-5164,6404,-491,195,-50,0
596.3170399665833,8644,6580,11152,-177,-118,139,7388,-9140,10436,-25,150,-191,-13672,4180,5828,-1006,152,-79,-13916,-5344,6572,-477,193,-59,0
596.350606918335,8932,6604,11372,-176,-114,145,7444,-9188,10252,-12,128,-194,-13600,4168,5892,-990,161,-97,-14000,-5088,6380,-492,134,-59,0
596.3836760520935,8768,6520,11200,-186,-175,126,7384,-9424,10248,-21,132,-178,-13648,4112,5636,-1014,133,-142,-13892,-5108,6376,-494,162,-103,0
596.4172310829163,8724,6452,11412,-202,-133,135,7456,-9244,10404,8,146,-184,-13692,4196,5740,-1011,96,-111,-13924,-5064,6564,-500,156,-107,0
596.4507219791412,8696,6640,11300,-163,-123,139,7336,-9440,10344,-16,151,-211,-13680,4172,6064,-1001,138,-107,-13896,-5104,6460,-464,161,-82,0
596.4843730926514,8952,6576,11180,-166,-125,139,7188,-9268,10276,-11,182,-212,-13660,4208,5936,-967,126,-105,-13772,-5028,6400,-495,211,-89,0
596.5177109241486,8760,6524,11268,-155,-137,142,7448,-9220,10288,-3,117,-171,-13692,4188,5868,-1019,122,-112,-13932,-5076,6516,-475,197,-89,0
596.5512099266052,8704,6548,11252,-154,-135,144,7388,-9216,10408,-38,142,-166,-13664,4204,5676,-1023,154,-112,-13884,-5132,6432,-487,130,-101,0
596.584440946579,8744,6584,11300,-189,-107,130,7360,-9316,10400,-27,135,-164,-13640,4156,5768,-990,162,-91,-13824,-5080,6472,-496,122,-63,0
596.6179449558258,8668,6564,11192,-170,-122,139,7364,-9220,10240,-34,98,-190,-13740,4152,5768,-996,103,-113,-13976,-5108,6288,-488,184,-92,0
596.6512410640717,8724,6504,11008,-113,-155,156,7528,-9248,10452,16,130,-187,-13688,4172,5856,-984,107,-116,-13892,-5060,6404,-511,204,-90,0
596.6864340305328,8924,6504,11176,-171,-139,177,7332,-9164,10308,3,118,-205,-13340,3884,5760,-999,158,-133,-13832,-5036,6468,-265,190,-100,0
596.7200729846954,8468,6564,11312,-147,-127,143,7492,-9180,10300,-26,66,-217,-13664,4212,5808,-1114,196,-119,-13948,-5108,6456,-486,191,-82,0
596.753692150116,8504,6532,10948,-183,-118,116,7372,-9464,10328,-5,126,-223,-13676,4168,5632,-994,157,-116,-13984,-5128,6476,-499,163,-89,0
596.7872610092163,8940,6488,11180,-157,-125,137,7392,-9244,10496,-20,144,-199,-13708,4220,5868,-769,106,-124,-13956,-5020,6252,-500,189,-110,0
596.8208560943604,8800,6460,11284,-160,-140,111,7380,-9224,10380,-250,131,-194,-13652,4128,5852,-995,117,-137,-13880,-4880,6524,-533,161,-117,0
596.8543131351471,8724,6516,11124,-161,-120,124,7404,-9172,10280,-42,114,-194,-13648,3884,5836,-967,81,-123,-13892,-5040,6520,-500,166,-109,0
596.8875229358673,8864,6580,11176,-150,-143,99,7344,-9168,10208,-46,123,-207,-13740,4156,5816,-1000,101,-99,-13988,-5044,6520,-472,163,-147,0
596.921147108078,8780,6512,11436,-122,-135,95,7412,-9268,10404,-24,113,-215,-13696,4212,5920,-989,87,-89,-13948,-5012,6224,-480,127,-113,0
596.9546980857849,8832,6536,11156,-148,-90,100,7404,-9452,10324,-54,121,-178,-13660,4164,5944,-1007,78,-75,-13992,-5056,6480,-502,157,-132,0
596.9883599281311,8864,6548,10992,-135,-69,85,7492,-9252,10328,-9,133,-189,-13672,3892,5776,-1014,95,-102,-13896,-4896,6380,-494,140,-154,0
597.0216929912567,8840,6512,11204,-132,-55,78,7444,-9224,10284,-24,149,-170,-13624,4328,5860,-1002,50,-115,-13900,-5080,6460,-504,163,-146,0
597.0552980899811,8908,6532,11264,-121,-57,79,7464,-9320,10460,-40,151,-181,-13612,4080,5888,-987,68,-87,-13928,-5044,6452,-511,157,-159,0
597.0887820720673,8724,6560,11196,-118,-58,88,7388,-9060,10320,-46,126,-158,-13712,4140,5832,-987,70,-37,-13928,-4980,6532,-515,114,-96,0
597.1224000453949,8788,6500,11260,-129,-92,95,7372,-9280,10372,-64,137,-146,-13668,4184,5964,-1009,65,-55,-13896,-5308,6144,-519,106,-129,0
597.15589594841,8724,6500,11156,-138,244,101,7420,-9256,10396,-24,131,-142,-13588,3880,5720,-1017,47,-110,-13896,-5192,6428,-261,97,-133,0
597.1894941329956,8636,6544,11148,-130,-52,84,7436,-9004,10416,-47,165,-157,-13596,4064,5780,-993,75,-86,-13680,-5160,6468,-259,118,-148,0
597.2227020263672,8452,6520,11120,-115,-49,55,7304,-9216,10420,-45,145,-187,-13616,4152,5872,-982,69,-121,-13956,-5076,6608,-506,170,-164,0
597.2607851028442,8804,6476,11152,-136,-55,90,7620,-9236,10400,-49,161,-180,-13760,4128,5996,-993,76,-53,-14060,-5364,6428,-493,105,-125,0
597.2991199493408,8452,6448,11060,-108,-19,101,7308,-9216,10360,-34,121,-132,-13740,4332,5796,-983,75,-34,-13912,-5092,6484,-525,99,-156,0
597.3349411487579,8684,6536,11184,-122,-48,72,7400,-9236,10328,-64,149,-159,-13660,4164,6092,-979,64,-80,-13952,-5084,6552,-509,131,-158,0
597.3704841136932,8796,6564,11192,-122,-62,85,7528,-9208,10440,-67,156,-164,-13724,4208,5820,-1014,63,-52,-13940,-4912,6440,-526,155,-109,0
597.4055590629578,8864,6476,11200,-121,-32,56,7396,-9448,10428,-25,134,-161,-13680,4140,5904,-1035,96,-73,-13832,-4972,6468,-490,140,-135,0
597.4411289691925,8904,6496,11120,-113,-55,86,7336,-9232,10048,-14,117,-185,-13816,4164,5764,-1038,90,-77,-13580,-5072,6184,-496,154,-133,0
597.4775071144104,8720,6552,11432,-107,-89,101,7376,-9308,10356,-25,113,-184,-13760,4120,5684,-994,85,-105,-13800,-5076,6616,-509,153,-146,0
597.5133519172668,8808,6468,11296,-106,-53,100,7464,-9372,10300,-57,144,-181,-13676,4176,5884,-1002,74,-86,-13920,-5096,6488,-511,136,-127,0
597.5488440990448,8520,6580,11156,-120,-50,77,7248,-9200,10432,-45,137,-164,-13532,4168,6012,-997,41,-64,-13864,-4924,6580,-511,143,-132,0
597.5840289592743,8912,6624,11028,-123,-58,71,7352,-9184,10288,-30,119,-170,-13672,4156,5936,-1011,67,-39,-13908,-5208,6156,-518,157,-135,0
597.6195681095123,8732,6460,11160,-92,-74,92,7316,-9244,10232,-42,126,-189,-13656,4264,6040,-971,73,-120,-13852,-4884,6492,-515,145,-146,0
597.6545460224152,8716,6580,11152,-130,-58,97,7492,-9244,10284,-51,148,-191,-13628,4180,6120,-991,82,-67,-13864,-5160,6408,-493,158,-120,0
597.689670085907,8732,6556,11116,-144,-48,105,7536,-9468,10396,-28,116,-152,-13660,4288,5744,-1006,105,-78,-13892,-5144,6368,-481,148,-122,0
597.7248840332031,8924,6484,11188,-136,-43,100,7360,-9292,10432,-59,125,-181,-13644,4116,5900,-990,92,-45,-13884,-5172,6520,-524,149,-116,0
597.7603940963745,8708,6840,11344,-109,-92,93,7180,-8996,10472,-45,148,-176,-13668,4152,5712,-995,79,-75,-13988,-5208,6504,-510,149,-163,0
597.7959489822388,8620,6588,11140,-112,-68,105,7416,-9308,10380,-44,122,-173,-13696,4140,5672,-1279,89,-90,-14068,-4896,6516,-760,155,-136,0
597.8311269283295,8652,6676,11108,-133,-79,90,7348,-9220,10436,-46,115,-189,-13692,4144,5800,-993,71,-51,-13884,-5184,6416,-498,132,-126,0
597.867115020752,8712,6532,11292,-124,-57,94,7308,-9460,10396,-37,125,-178,-13784,4236,5672,-959,82,-40,-13856,-5120,6232,-516,123,-120,0
597.9025280475616,8900,6460,11212,-138,-56,101,7392,-9332,10296,-11,99,-164,-13680,3956,5800,-1022,111,-63,-13908,-5016,6492,-480,142,-136,0
597.9361701011658,8592,6640,11172,-129,-81,105,7372,-9224,10360,5,154,-165,-13640,4212,5784,-1010,86,-60,-13920,-5340,6420,-501,122,-123,0
597.9697740077972,8692,6628,11112,-117,-77,110,7268,-9176,10308,-80,153,-187,-13652,4288,5856,-997,67,-32,-13928,-5104,6532,-512,153,-136,0
598.003252029419,8720,6496,11172,-145,-59,77,7404,-9436,10368,-21,168,-200,-13752,4280,5860,-995,86,-105,-13936,-5060,6532,-474,164,-136,0
598.036915063858,8836,6504,11252,-122,-67,74,7392,-9316,10392,-15,139,-143,-13712,4096,5844,-990,87,-73,-13664,-5212,6584,-488,142,-119,0
598.0702149868011,8712,6740,11212,-101,-47,99,7384,-9248,10392,-43,140,-179,-13532,4136,5992,-973,83,-44,-13952,-5140,6512,-491,113,-120,0
598.1036269664764,8684,6532,11168,-152,-64,78,7180,-9296,10312,-75,146,-167,-13428,4184,6112,-969,79,-57,-13900,-5192,6404,-495,130,-134,0
598.1371600627899,8688,6588,11080,-117,-73,90,7312,-9212,10460,-81,158,-184,-13660,4172,6136,-987,103,-94,-13860,-5112,6400,-523,169,-112,0
598.1706919670105,8764,6584,11240,-129,-92,89,7324,-9188,10432,-9,149,-170,-13564,4196,5828,-1035,142,-90,-13836,-5080,6628,-497,170,-123,0
598.204185962677,8572,6488,11340,-107,253,54,7336,-9460,10416,399,219,-185,-13568,4100,6136,-986,69,-167,-13776,-5180,6336,-521,523,-122,0
598.2377541065216,8872,6628,10952,-487,-98,155,7336,-9296,10748,-142,509,-176,-13692,4156,6004,-1274,84,-113,-13940,-5048,6600,-388,238,-77,0
598.2711639404297,8648,6584,11424,19,9,106,7428,-9236,10216,29,42,-219,-13676,4196,5828,-985,169,-89,-13908,-5228,6624,-498,-74,-91,0
598.3045840263367,8692,6656,11424,-21,-234,144,7272,-9468,10440,-220,88,-190,-13568,4164,5728,-925,118,-65,-13880,-5108,6476,-589,149,-81,0
598.33820104599,8660,6484,11228,-76,-146,92,7364,-9180,10404,48,197,-192,-13520,4164,6028,-995,157,-131,-13768,-5248,6568,-413,391,-43,0
598.3718960285187,8720,6592,11088,-349,-18,144,7372,-9232,10420,-11,209,-174,-13640,4208,5824,-1026,101,-185,-13876,-4880,6520,-439,304,-72,0
598.4050381183624,8736,6556,11248,-240,-110,117,7428,-9204,10352,73,216,-206,-13712,4192,5672,-990,85,-116,-13924,-5364,6528,-465,187,-114,0
598.4387099742889,8580,6596,11200,-192,-127,133,7352,-9208,10488,-11,137,-179,-13612,4100,5948,-939,192,-103,-13880,-5112,6272,-455,244,-34,0
598.4721200466156,8720,6572,11316,-274,-108,143,7320,-9284,10368,-24,180,-199,-13688,4252,5940,-960,250,-142,-13876,-4900,6200,-385,363,-1,0
598.50546002388,8916,6512,11416,-275,-15,134,7224,-9224,10364,255,154,-212,-13648,4136,5860,-995,169,-209,-13932,-5352,6468,-381,255,-29,0
598.5391571521759,8760,6520,11336,-197,-127,141,7360,-9424,10384,61,121,-213,-13664,4108,5736,-995,92,-160,-13840,-4868,6396,-267,46,-103,0
598.5725610256195,8712,6588,11292,-151,-209,153,7376,-9228,10264,-75,114,-193,-13692,4192,5932,-930,164,-119,-13904,-5352,6176,-557,191,-72,0
598.605898141861,8468,6540,11180,-173,-85,151,7408,-9224,10428,254,102,-176,-13696,4144,5772,-971,118,-104,-14060,-5144,6464,-474,166,-84,0
598.6391870975494,8696,6464,11412,-197,-159,136,7392,-9164,10436,-6,132,-206,-13648,4144,5920,-1000,86,-148,-13904,-5128,6420,-494,111,-95,0
598.6726729869843,8840,6560,11476,-141,-183,161,7320,-9276,10388,-36,85,-199,-13748,4156,5908,-967,104,-121,-13884,-5056,6396,-578,77,-140,0
598.7060220241547,8788,6240,11276,-116,-183,139,7388,-9208,10448,-31,80,-221,-13668,4176,5820,-769,124,-121,-13608,-5040,6384,-532,178,-112,0
598.7400190830231,8744,6576,11276,-177,-154,156,7376,-8968,10468,33,113,-198,-13672,4108,5892,-1060,91,-119,-13876,-5064,6372,-452,242,-96,0
598.7736220359802,8660,6532,11212,-199,-158,146,7276,-9464,10452,250,125,-229,-13676,4256,6064,-1017,64,-106,-14032,-5068,6508,-514,191,-119,0
598.807168006897,8784,6492,11232,-182,-199,139,7480,-9176,10408,-6,94,-235,-13568,4160,6004,-965,120,-108,-13916,-5016,6340,-365,309,-94,0
598.8407521247864,8760,6520,11204,-214,-123,156,7412,-9048,10272,66,123,-188,-13672,4148,6004,-927,-12,-131,-13836,-5248,6448,-354,666,-98,0
598.8743181228638,8752,6572,11124,-338,-46,195,7176,-9144,10320,81,165,-168,-13728,4136,6140,-947,35,-123,-13896,-5192,6456,-464,541,-100,0
598.9101240634918,8780,6516,11100,-286,-59,138,7336,-9252,10284,22,127,-189,-13612,4184,5952,-979,146,-136,-13860,-5044,6576,-616,175,-87,0
598.9452979564667,8740,6448,11332,-135,-134,114,7332,-9236,10444,-63,131,-209,-13648,4140,5720,-1010,222,-149,-13984,-5084,6340,-634,19,-90,0
598.9816839694977,8724,6456,11292,-135,-244,143,7576,-9192,10352,-67,128,-206,-13636,4172,5896,-1049,148,-146,-13904,-5096,6364,-442,201,-87,0
599.0176739692688,8852,6452,11176,-89,-181,144,7196,-9168,10452,-54,114,-211,-13624,4204,5960,-1009,52,-158,-13924,-5180,6240,-288,383,-97,0
599.0527801513672,8684,6512,11340,-185,-123,137,7344,-9204,10256,41,169,-189,-13636,4208,6020,-937,-50,-106,-14052,-5056,6396,-26,1310,-51,0
599.0876879692078,8024,5640,10968,-714,152,125,7280,-9440,10308,122,126,-173,-13636,4196,6136,-1035,-144,-73,-13964,-5068,6280,-374,385,-128,0
599.1235430240631,8692,6452,11300,-236,133,133,7388,-9004,10340,-4,161,-163,-13660,4056,5828,-1026,-6,-100,-14040,-5080,6180,-462,102,-128,0
599.1593129634857,8816,6496,11156,-72,-14,73,7412,-9136,10376,-4,141,-153,-13592,4104,5948,-1009,6,-87,-13956,-5084,6260,-303,376,-132,0
599.1948399543762,8908,6220,11244,-220,254,94,7480,-9116,10300,12,217,-180,-13716,4088,5736,-951,-16,-129,-14036,-5020,6236,-352,394,-128,0
599.2302849292755,8884,6484,11028,-178,-33,75,7476,-9188,10256,-45,232,-179,-13644,4172,6096,-1005,121,-83,-13956,-5364,6252,-632,62,-153,0
599.2655971050262,8716,6472,11260,-21,-65,70,7248,-9292,10360,-144,119,-187,-13604,4120,6160,-950,169,-94,-13876,-5028,6236,-591,109,-140,0
599.3012909889221,8456,6480,11220,-54,-98,50,7336,-9176,10560,-105,174,-157,-13592,4156,5708,-957,95,-87,-13948,-5048,6284,-426,262,-120,0
599.3373041152954,8716,6472,11192,-106,-48,51,7188,-9240,10404,-37,220,-159,-13724,4148,5852,-1011,100,-40,-13996,-5376,6208,-417,149,-157,0
599.3722031116486,8688,6476,11116,-143,-36,3,7348,-9188,10356,-100,184,-131,-13596,4140,5828,-989,95,-97,-14012,-5000,6276,-463,63,-128,0
599.4078450202942,8688,6480,11500,-82,-71,63,7432,-9164,10420,-95,127,-176,-13656,4196,5916,-973,157,-37,-14104,-5024,6396,-567,-38,-130,0
599.4433300495148,8892,6436,11132,-34,-108,57,7428,-9240,10400,-101,162,-151,-13628,4128,6120,-971,114,-96,-13936,-4972,6312,-561,29,-126,0
599.4782779216766,8732,6524,11256,-44,-55,49,7436,-9204,10468,-90,159,-149,-13644,4156,5936,-971,131,-34,-14036,-5044,6336,-546,-58,-133,0
599.5137810707092,9224,6444,11156,-206,-133,31,7220,-9236,10324,-174,240,-164,-13668,4140,5980,-943,119,-99,-13964,-5096,6384,-472,29,-124,0
599.5499079227448,8728,6448,11308,-95,-111,51,7308,-9200,10356,-74,181,-148,-13620,4132,5764,-984,87,-83,-13884,-4996,6468,-482,-65,-110,0
599.5853271484375,8668,6528,11108,-54,-81,57,7340,-9304,10400,-103,179,-137,-13776,4104,6100,-915,116,-19,-13852,-5128,6340,-476,251,-77,0
599.6187710762024,8648,6404,11292,-130,-135,47,7312,-9468,10452,-100,238,-120,-13588,4052,5928,-943,111,-50,-13972,-5108,6504,-326,125,-10,0
599.6522381305695,8748,6612,11244,-194,-87,66,7368,-9276,10428,-101,4,-128,-13572,4252,5748,-1023,143,-82,-14004,-5016,6316,-361,119,-46,0
599.6858160495758,8548,6592,11352,-202,-72,72,7536,-9316,10500,-50,180,-166,-13572,4220,5916,-951,119,-50,-13900,-4992,6388,-434,90,-70,0
599.7192771434784,8920,6436,11092,-161,-91,65,7268,-9312,10360,-51,181,-157,-13804,4212,5828,-997,121,-68,-13828,-5016,6416,-436,110,-68,0
599.752690076828,8700,6468,11092,-136,-113,108,7248,-9400,10276,-75,124,-203,-13600,4064,5848,-986,138,-89,-13928,-5032,6492,-399,181,-90,0
599.7862060070038,8932,6576,11312,-151,-128,73,7456,-9188,10348,-15,124,-214,-13700,4272,5904,-1003,70,-79,-13980,-4956,6556,-431,85,-121,0
599.8199529647827,8704,6560,11424,-77,-117,74,7348,-9392,10364,-38,158,-172,-13588,4232,5812,-939,46,-47,-14020,-5032,6308,-265,-28,-160,0
599.8536200523376,8744,6564,11156,-84,-138,77,7228,-9348,10408,-71,165,-197,-13600,4204,5952,-956,49,-47,-13920,-5088,6312,-405,178,-101,0
599.8870561122894,8688,6476,11048,-130,-90,102,7332,-9428,10392,-43,168,-195,-13788,4100,6000,-959,57,-125,-13868,-5104,6460,-362,215,-83,0
599.9204969406128,8768,6556,11176,-217,-18,76,7308,-9276,10312,-24,264,-160,-13600,4184,5800,-997,79,-83,-13880,-5020,6408,-377,212,-100,0
599.9537799358368,8600,6508,11200,-224,-79,59,7284,-9268,10336,-76,232,-147,-13664,4112,5912,-1018,149,-49,-13868,-5016,6436,-326,159,-98,3
599.9874029159546,8732,6528,11232,-261,-55,53,7296,-9260,10360,-53,184,-171,-13316,3924,6128,-999,157,-35,-13932,-5072,6484,-309,205,-75,3
600.0209839344025,8572,6484,11280,-207,-66,96,7344,-9316,10312,-54,157,-191,-13632,4208,5828,-991,137,-97,-13896,-4996,6304,-426,229,-94,3
600.0547721385956,8604,6500,11012,-233,-113,102,7324,-9260,10444,-27,191,-186,-13656,3884,5944,-999,134,-129,-13836,-4976,6488,-415,179,-86,3
600.0882511138916,8588,6572,11376,-225,-114,107,7336,-9384,10384,-18,179,-198,-13696,4256,5880,-972,139,-121,-13876,-5100,6492,-437,183,-85,3
600.1217529773712,8508,6544,11336,-235,-135,114,7280,-9336,10312,-46,233,-219,-13616,4212,6120,-995,138,-132,-13932,-5060,6508,-474,265,-66,3
600.1548979282379,8772,6544,11364,-210,-157,114,7432,-9224,10424,-3,217,-186,-13716,4208,5924,-1008,84,-96,-13912,-4968,6304,-520,253,-111,3
600.1885840892792,8688,6520,11340,-193,-132,124,7308,-9264,10336,22,206,-197,-13656,4096,5924,-1047,42,-138,-13636,-5008,6196,-257,6,-140,3
600.2221190929413,8604,6480,11284,-154,-149,125,7004,-9268,10560,35,184,-196,-13604,4064,5872,-1053,104,-146,-13968,-5020,6416,-459,291,-87,0
600.2556891441345,8748,6452,11228,-219,-121,116,7392,-9304,10424,-28,144,-182,-13616,4192,5936,-1041,177,-155,-13996,-4904,6448,-444,301,-68,0
600.2892420291901,8788,6568,11304,-512,-114,119,7316,-9248,10368,-255,179,-200,-13636,4188,6044,-1005,199,-179,-14004,-4812,6292,-468,274,-58,0
600.3228559494019,8512,6404,11412,-220,-136,158,7272,-9228,10152,31,181,-170,-13668,3880,5812,-1006,86,-128,-13968,-4964,6300,-482,249,-76,0
600.3562440872192,8944,6560,11304,-223,-95,127,7296,-9288,10240,-26,156,-169,-13688,4228,6084,-985,151,-92,-14044,-5068,6376,-449,208,-73,0
600.3898150920868,8568,6420,11392,-260,-64,116,7372,-9316,10444,25,161,-185,-13380,4104,5936,-1033,173,-126,-13972,-4928,6412,-552,191,-76,0
600.4231669902802,8740,6492,11232,-193,-182,131,7324,-9320,10632,-10,192,-195,-13740,4132,6028,-949,189,-99,-13884,-5028,6328,-542,215,-49,0
600.4568440914154,8752,6372,11376,-199,-159,127,7420,-9252,10436,21,177,-191,-13340,4200,5760,-977,188,-161,-13996,-4960,6328,-575,262,-102,0
600.4904630184174,8780,6380,11032,-155,-130,129,7308,-9332,10384,246,144,-214,-13588,4192,5908,-968,168,-123,-13976,-4916,6196,-558,199,-91,0
600.5239589214325,8636,6648,11368,-171,-174,124,7276,-9256,10256,-27,125,-204,-13588,4168,6176,-916,197,-118,-13968,-4876,6296,-562,256,-106,0
600.557587146759,8464,6496,11156,-228,-104,122,7332,-9324,10404,250,175,-204,-13728,4276,5800,-918,192,-93,-14248,-4984,6356,-579,238,-79,0
600.5938310623169,8924,6472,11428,-170,-184,118,7272,-9236,10380,39,162,-211,-13740,4252,5936,-961,142,-109,-13920,-5032,6424,-585,156,-112,0
600.6294620037079,8688,6516,11396,-173,-183,98,7388,-9460,10568,13,141,-223,-13612,4260,5820,-916,229,-135,-13876,-4896,6156,-650,153,-77,0
600.6649889945984,8700,6480,11408,-172,-121,126,7304,-9256,10296,-16,69,-233,-13752,4184,5656,-871,200,-113,-13988,-4948,6240,-560,143,-82,0
600.7010531425476,8792,6376,11252,-143,-96,116,7344,-9392,10352,6,138,-189,-13748,4164,5852,-901,233,-135,-14060,-4896,6428,-701,125,-114,0
600.737223148346,8744,6444,11272,-150,-124,109,7272,-9356,10312,-13,111,-221,-13636,4204,5876,-874,193,-91,-13908,-4884,6216,-659,106,-139,0
600.7725501060486,8852,6376,11016,-107,-146,117,7292,-9148,10248,-12,106,-228,-13576,4152,5740,-926,169,-118,-13908,-4976,6324,-622,122,-118,0
600.8086891174316,8752,6448,11020,-55,-187,148,7272,-9256,10448,-255,57,-223,-13728,4116,5968,-933,244,-141,-14016,-5000,6388,-638,89,-128,0
600.8443031311035,8784,6464,11128,-69,-155,121,7356,-9116,10348,-66,7,-226,-13668,4108,5812,-944,203,-108,-13992,-4980,6244,-626,73,-138,0
600.8806331157684,8764,6436,11032,-27,-103,96,7296,-8964,10288,-99,88,-205,-13712,4140,5780,-958,182,-106,-13968,-4992,6304,-655,61,-181,0
600.915894985199,8828,6480,11144,-57,-45,67,7364,-9196,10500,2,87,-159,-13780,4164,5760,-1271,92,-88,-14060,-4992,6292,-596,38,-177,0
600.9513540267944,8860,6532,11120,-50,-32,73,7660,-9068,10248,13,49,-129,-13652,4148,5664,-988,42,-24,-13964,-5060,6332,-589,-58,-208,0
600.9874019622803,8796,6560,11352,31,-186,117,7364,-9168,10372,-9,93,-220,-13792,4220,5624,-988,33,-46,-13904,-5000,6336,-602,-147,-211,0
601.0226049423218,8760,6168,11120,-30,-183,95,7348,-9248,10380,-70,80,-202,-13628,4196,5768,-1008,66,-6,-14004,-4940,6216,-576,56,-221,0
601.0577330589294,8916,6628,11032,-29,-71,118,7364,-9188,10452,-6,84,-154,-13628,4320,5816,-1054,11,-52,-14032,-4896,6540,-591,-127,-206,0
601.0934319496155,8672,6436,11296,84,-122,137,7324,-9136,10492,12,34,-154,-13588,4208,5880,-1114,-143,242,-13940,-5052,6504,-554,-224,-246,0
601.1293671131134,8652,6568,11316,124,-161,136,7204,-9300,10648,-90,12,-167,-13624,4244,5900,-1066,-11,22,-13580,-5364,6312,-673,-175,-224,0
601.1643800735474,8828,6476,11184,49,-79,122,7388,-9284,10620,-43,-71,-158,-13652,4188,5900,-1068,14,-94,-13936,-5020,6308,-639,21,-192,0
601.2003171443939,8856,6500,11184,-47,-32,104,7232,-9300,10388,-31,42,-156,-13656,4212,5820,-1112,79,-68,-13572,-4956,6224,-604,88,-155,0
601.2357580661774,8796,6492,11104,-33,-31,116,7312,-9276,10336,-78,74,-179,-13536,4120,5796,-1074,67,-33,-13924,-5172,6512,-597,130,-150,0
601.2715120315552,8764,6568,11120,-94,-39,106,7372,-9192,10448,-61,71,-178,-13724,4224,5700,-1044,131,-82,-14016,-5144,6380,-540,103,-154,0
601.3050379753113,8784,6560,11460,-145,-10,100,7280,-9224,10608,-73,120,-168,-13748,4296,6068,-996,116,-79,-13784,-5108,6392,-563,132,-134,0
601.3387880325317,8776,6564,11228,-133,-46,100,7284,-9220,10476,-87,81,-141,-13668,4188,5660,-1033,101,-81,-13896,-5000,6540,-535,91,-164,0
601.372465133667,8804,6468,11184,-127,-24,85,7456,-9436,10460,-40,124,-169,-13780,4192,5896,-985,35,-83,-13764,-5040,6316,-555,130,-189,0
601.4055111408234,8684,6476,11076,-113,9,93,7372,-9300,10376,-55,127,-146,-13636,4120,5880,-897,72,-64,-13888,-5224,6540,-592,117,-205,0
601.4393041133881,8716,6532,11104,-122,-5,75,7280,-9256,10428,-58,79,-172,-13624,4160,5732,-897,112,-59,-13860,-5112,6452,-589,122,-168,0
601.4728529453278,8712,6524,11224,-83,-9,106,7276,-9232,10240,-60,89,-160,-13360,4252,6140,-950,123,-92,-14028,-4960,6192,-585,157,-168,0
601.5064680576324,8560,6548,11136,-112,-27,104,7304,-9196,10132,-64,94,-165,-13588,4204,5700,-1017,110,-107,-13844,-4916,6352,-527,153,-146,0
601.5401120185852,8676,6536,11252,-100,-13,103,7272,-9212,10384,-39,50,-195,-13620,4212,6108,-980,90,-150,-13948,-5216,6420,-530,190,-117,0
601.5735919475555,8640,6576,11012,-134,10,106,7280,-9216,10368,-63,71,-176,-13596,4192,5832,-865,114,-82,-13904,-5128,6468,-561,111,-136,0
601.6071739196777,8792,6564,11256,-96,-35,107,7296,-9360,10300,-67,55,-200,-13804,4232,5776,-858,124,-59,-13888,-5100,6496,-621,143,-136,0
601.6405789852142,8716,6484,11348,-81,5,100,7328,-9192,10316,-84,94,-156,-13732,4172,5772,-901,134,-54,-13860,-5184,6472,-565,104,-130,0
601.6741681098938,8756,6600,11200,-79,14,130,7272,-9200,10432,-86,69,-143,-13712,4148,5960,-911,136,-53,-13996,-5148,6344,-592,116,-119,0
601.7076280117035,8676,6520,11332,-125,-5,89,7380,-9304,10380,-104,118,-158,-13724,4152,5924,-867,108,-80,-14020,-5056,6424,-548,115,-126,0
601.7413070201874,8632,6596,11216,-130,3,103,7404,-9060,10372,-94,115,-201,-13712,4256,5656,-916,109,-88,-13816,-5016,6400,-544,111,-98,0
601.7748351097107,8792,6492,11220,-99,-21,108,7320,-9344,10464,-29,102,-148,-13616,4308,6056,-940,101,-41,-13908,-5104,6496,-566,117,-128,0
601.8082230091095,8692,6576,11276,-133,17,88,7344,-9260,10324,-73,88,-134,-13540,4264,5812,-925,112,-36,-13896,-5160,6380,-566,52,-155,0
601.8415539264679,8908,6404,11348,-125,-26,90,7316,-9372,10380,-122,104,-173,-13752,4224,5980,-902,55,-66,-13908,-5104,6168,-562,92,-160,0
601.8751919269562,8468,6536,11160,-89,-51,115,7420,-9240,10336,-117,116,-191,-13652,4224,6020,-901,116,-95,-13772,-5140,6376,-565,107,-158,0
601.9085760116577,8564,6552,11020,-129,-66,128,7340,-9296,10280,-67,88,-188,-13648,4240,6028,-962,158,-108,-13628,-4868,6472,-564,127,-104,0
601.9421079158783,8696,6556,11396,-135,-79,120,7368,-9428,10472,-37,105,-200,-13608,4280,5920,-940,153,-113,-13852,-5220,6328,-528,173,-107,0
601.9756400585175,8660,6884,11180,-196,-121,121,7276,-9272,10264,-256,134,-192,-13732,4260,5860,-879,130,-85,-13604,-5244,6480,-519,148,-99,0
602.0091550350189,8704,6520,11184,-156,-121,110,7448,-9336,10388,-66,154,-210,-13728,4108,5740,-877,119,-139,-13916,-5200,6508,-506,185,-81,0
602.0423800945282,8768,6608,11548,-166,-133,134,7364,-9328,10492,-60,119,-218,-13720,4292,5844,-931,178,-156,-13924,-5212,6532,-545,175,-78,0
602.0759599208832,8852,6444,11260,-139,-144,138,7320,-9320,10392,-55,105,-204,-13700,4292,5900,-904,143,-109,-13964,-5160,6424,-485,148,-82,0
602.1097149848938,8768,6596,11372,-204,-136,129,7372,-9336,10380,-60,132,-212,-13668,4248,5680,-913,149,-100,-14008,-5200,6524,-471,212,-63,0
602.1427500247955,8668,6552,11132,-217,-164,135,7192,-9356,10364,2,168,-214,-13700,4284,5692,-967,164,-135,-13872,-5188,6428,-436,189,-25,0
602.1763820648193,8696,6568,11212,-231,-142,129,7308,-9308,10036,28,152,-197,-13680,4356,5596,-1001,170,-143,-13856,-5368,6428,-420,204,-43,0
602.2099471092224,8608,6576,11516,-226,-192,148,7364,-9312,10328,35,138,-220,-13692,4260,5700,-991,154,-172,-13920,-5204,6640,-467,207,-45,0
602.2434771060944,8476,6604,11364,-204,-171,160,7468,-9312,10308,15,128,-200,-13684,4236,5668,-1037,165,-179,-13684,-5344,6472,-506,178,-60,0
602.2806329727173,8676,6652,11124,-196,-171,143,7348,-9448,10420,-15,118,-206,-13680,4248,5644,-1030,119,-133,-13848,-5156,6468,-490,207,-50,0
602.320946931839,8728,6604,11252,-182,-158,137,7648,-9276,10388,-49,132,-179,-13608,4236,5656,-1003,131,-155,-13584,-5360,6492,-483,138,-55,0
602.3577220439911,8792,6516,11296,-151,-127,163,7616,-9356,10344,-54,106,-200,-13648,4320,5724,-1014,137,-127,-13924,-5132,6496,-501,106,-36,0
602.3928470611572,8676,6476,11136,-183,-110,151,7180,-9048,10372,-101,59,-188,-13760,4268,5788,-1009,112,-78,-13948,-5128,6420,-530,110,-44,0
602.428652048111,8736,6500,11036,-141,-149,148,7388,-9256,10116,-81,54,-191,-13656,4212,5728,-993,113,-155,-13880,-4884,6428,-551,95,-56,0
602.4635279178619,8744,6592,11308,-117,-129,131,7272,-9304,10428,-143,68,-225,-13716,4312,5628,-961,132,-101,-13940,-5080,6536,-548,158,-73,0
602.4991290569305,8772,6572,11300,-120,-152,154,7524,-9308,10364,-146,59,-219,-13668,4236,5604,-1031,143,-169,-13924,-4984,6492,-508,146,-78,0
602.5344541072845,8632,6552,11024,-112,-153,155,7392,-9268,10244,-85,68,-186,-13660,4196,5652,-1040,97,-120,-13880,-5224,6516,-525,145,-81,0
602.5706930160522,8720,6536,11060,-144,-136,133,7416,-9284,10168,-68,23,-209,-13796,4232,5764,-1059,121,-72,-13908,-5156,6348,-531,115,-107,0
602.6060080528259,8492,6548,11164,-114,-113,117,7308,-9308,10356,-128,71,-210,-13656,4320,5644,-1071,107,-121,-13800,-5112,6396,-526,187,-102,0
602.6418220996857,8804,6504,11180,-141,-122,125,7336,-9284,10348,-111,67,-216,-13612,4180,5648,-1078,125,-92,-13920,-5008,6356,-510,190,-104,0
602.6777510643005,8644,6468,11228,-142,-127,136,7348,-9336,10224,-54,53,-197,-13632,4340,5780,-1095,124,-123,-13872,-5112,6448,-519,201,-81,0
602.7128970623016,8708,6472,11204,-142,-85,120,7388,-9460,10360,-72,87,-175,-13700,4244,5740,-1117,117,-89,-14024,-5020,6512,-480,171,-122,0
602.748291015625,8880,6496,11068,-177,-58,91,7516,-9232,10296,-42,119,-171,-13772,4324,5764,-1087,79,-78,-13948,-5100,6312,-467,131,-139,0
602.7836771011353,8828,6464,11168,-184,13,85,7480,-9468,10228,-31,167,-140,-13636,4300,5784,-1132,47,-93,-13912,-5168,6424,-454,154,-128,0
602.819582939148,8924,6508,11124,-129,-45,77,7460,-9276,10292,-26,155,-142,-13656,4340,5764,-1097,46,-40,-13952,-5064,6652,-465,113,-131,0
602.8548419475555,8772,6596,11132,-159,-31,84,7396,-9328,10200,-21,160,-134,-13744,4176,6000,-1057,43,-70,-14036,-5344,6532,-496,123,-151,0
602.8902599811554,8652,6500,11188,-138,-30,64,7456,-9316,10272,-18,175,-152,-13680,4304,5812,-1070,53,-61,-13864,-5136,6540,-469,123,-139,0
602.9267511367798,8644,6532,11236,-140,-32,57,7424,-9260,10356,-17,154,-178,-13640,4212,5784,-1071,97,-82,-13872,-5084,6368,-439,149,-128,0
602.9602720737457,8668,6508,11244,-140,-55,88,7404,-9260,10376,-23,142,-147,-13648,4188,5648,-1080,42,-84,-13824,-5196,6444,-443,130,-128,0
602.9937980175018,8724,6528,11288,-157,-39,46,7356,-9404,10380,-31,162,-167,-13696,4132,5804,-1065,78,-106,-13928,-5112,6340,-473,144,-140,0
603.0273461341858,8656,6452,11352,-138,-70,84,7420,-9236,10456,-34,175,-167,-13632,4156,5952,-1084,52,-48,-13856,-5136,6432,-378,139,-130,0
603.0610439777374,8776,6584,11228,-145,-39,89,7540,-9336,10300,-14,179,-144,-13660,4276,6024,-1081,-248,-50,-13812,-5040,6476,-455,139,-121,0
603.0944180488586,8820,6472,11340,-132,-90,71,7500,-9404,10316,-3,206,-152,-13396,4180,5840,-1149,2,-68,-13768,-5120,6460,-441,153,-157,0
603.1279671192169,8728,6496,11256,-136,-44,85,7168,-9020,10360,18,125,-140,-13632,4288,5712,-1083,63,-90,-13928,-5064,6144,-452,128,-103,0
603.1617350578308,8956,6648,11252,-139,-8,50,7372,-9308,10392,-40,176,-138,-13628,4128,6120,-1070,45,-57,-13888,-4956,6440,-451,96,-135,0
603.1953210830688,8692,6536,11496,-161,-22,57,7404,-9332,10188,-36,175,-151,-13600,4164,5916,-1058,86,-55,-13744,-5036,6416,-423,96,-146,0
603.229218006134,8668,6568,11196,-177,-25,91,7396,-9284,10288,31,179,-139,-13680,4188,5772,-1138,60,-40,-13956,-5180,6440,-365,122,-157,0
603.2628929615021,8712,6428,11296,-239,-126,86,7440,-9308,10088,44,205,-146,-13696,4260,5872,-1051,-65,-38,-13732,-5256,6372,-640,197,-205,0
603.2961459159851,8684,6556,11200,-208,-79,50,7488,-9400,10468,240,246,-184,-13672,4156,5884,-949,-27,-72,-13936,-5148,6408,-472,75,-209,0
603.3300120830536,8668,6532,11216,-67,-37,63,7372,-9244,10388,20,190,-180,-13652,4144,5728,-994,41,-97,-13924,-4904,6596,-480,90,-137,0
603.3636450767517,8752,6524,11472,-110,-17,60,7264,-9364,10328,-252,134,-169,-13624,4164,6140,-988,16,-128,-13808,-5312,6580,-477,160,-141,0
603.3972251415253,8684,6480,11032,-85,-29,66,7340,-9248,10340,-29,129,-169,-13680,4200,6072,-995,61,-101,-13792,-5164,6464,-258,122,-161,0
603.4307329654694,8648,6572,11340,-129,-77,113,7292,-9284,10360,-10,108,-180,-13660,4212,5776,-1002,87,-97,-13928,-5148,6468,-491,202,-111,0
603.4643671512604,8792,6576,11204,-128,-76,106,7268,-9320,10332,22,112,-187,-13764,4096,5824,-1026,96,-71,-13964,-5112,6444,-458,120,-132,0
603.4979231357574,8756,6516,11340,-167,-39,89,7656,-9296,10296,-46,125,-179,-13692,4216,6112,-1008,86,-73,-13880,-5108,6380,-497,155,-119,0
603.5312831401825,8772,6532,11260,-143,-46,94,7356,-9380,10276,-10,148,-168,-13824,4192,5928,-1018,37,-89,-13872,-4876,6496,-491,105,-151,0
603.5650041103363,8616,6544,11236,-141,-33,79,7476,-9300,10424,-20,128,-146,-13576,4192,5860,-1014,41,-81,-13940,-5156,6580,-492,159,-143,0
603.5986239910126,8788,6508,11304,-128,-19,67,7292,-9320,10228,-253,183,-172,-13596,4180,5936,-974,30,-103,-14076,-5124,6544,-471,181,-138,0
603.6319670677185,8928,6572,11080,-164,-65,84,7412,-9328,10328,31,167,-184,-13644,4188,5952,-993,88,-99,-13900,-5300,6652,-467,185,-128,0
603.6653709411621,8696,6560,11024,-135,-47,93,7500,-9420,10388,26,124,-179,-13608,4132,6096,-977,98,-75,-13808,-5376,6456,-497,164,-107,0
603.6989860534668,8684,6548,11196,-127,-83,102,7388,-9280,10468,-14,144,-171,-13616,4268,6076,-1024,129,-117,-13632,-5192,6188,-507,169,-119,0
603.7324960231781,8660,6536,11216,-141,-80,103,7344,-9296,10436,19,129,-181,-13688,4244,5764,-992,113,-135,-13880,-5128,6828,-499,166,-127,0
603.7658779621124,8596,6544,11044,-173,-80,104,7384,-9364,10436,-22,153,-199,-13616,4284,5884,-986,93,-95,-13852,-5020,6524,-495,169,-138,0
603.7994329929352,8920,6560,11344,-149,-78,84,7292,-9220,10496,-43,157,-171,-13808,4196,5892,-976,123,-65,-13876,-4892,6548,-487,142,-91,0
603.8329350948334,8484,6488,11472,-140,-109,109,7400,-9360,10400,23,162,-172,-13600,4192,6032,-770,109,-88,-13748,-5208,6552,-499,167,-113,0
603.8667240142822,8644,6508,11216,-172,-67,115,7356,-9288,10368,54,168,-178,-13620,4212,5884,-970,106,-102,-13964,-5280,6364,-482,156,-101,0
603.9000060558319,8668,6656,11112,-171,-133,111,7364,-9204,10228,-254,170,-203,-13596,4160,5680,-1000,126,-123,-14004,-5296,6512,-480,172,-98,0
603.9333620071411,8492,6472,11504,-146,-138,105,7288,-9340,10344,7,169,-219,-13708,4300,5792,-958,147,-144,-14072,-5120,6524,-523,194,-84,0
603.9708640575409,8776,6504,11260,-149,-104,132,7324,-9356,10452,5,161,-210,-13668,4172,5968,-992,119,-75,-13852,-5108,6636,-477,200,-91,0
604.0060420036316,8636,6632,11168,-147,-57,102,7308,-9240,10380,-20,171,-184,-13680,3928,5684,-998,98,-115,-13896,-5160,6504,-486,159,-88,0
604.0418610572815,8660,6584,11252,-220,-95,138,7344,-9368,10428,-62,165,-181,-13652,4156,5856,-987,146,-130,-13812,-5140,6544,-502,158,-82,0
604.0780141353607,8880,6624,11040,-176,-126,139,7392,-9316,10448,-79,136,-206,-13636,4216,6120,-977,122,-112,-13836,-5012,6508,-499,210,-75,0
604.1132309436798,8628,6472,11200,-149,-139,137,7348,-9328,10440,-2,112,-198,-13620,4180,5884,-1268,155,-175,-14008,-4892,6652,-554,249,-55,0
604.1488349437714,8608,6588,11092,-138,-156,139,7352,-9172,10260,-45,77,-229,-13724,4144,5804,-1019,138,-131,-13888,-5132,6804,-478,239,-47,0
604.1840970516205,8612,6484,11204,-136,-193,157,7460,-9016,10380,-63,121,-232,-13616,4204,5824,-984,151,-74,-13844,-4900,6612,-473,179,-79,0
604.2205100059509,8704,6456,11428,-158,-129,155,7392,-9248,10380,-41,142,-211,-13704,4132,5892,-1011,120,-151,-13904,-5132,6228,-488,213,-82,0
604.2562201023102,8684,6452,11476,-180,-157,172,7448,-9248,10188,-67,177,-207,-13692,4260,5960,-1020,83,-148,-13868,-5312,6400,-493,222,-93,0
604.2923340797424,8744,6532,11112,-138,-157,145,7392,-9320,10504,-35,150,-200,-13616,4104,5976,-1015,134,-85,-13852,-5020,6340,-470,177,-111,0
604.3281321525574,8876,6448,11012,-166,-137,129,7376,-9260,10288,-21,165,-204,-13692,4148,5872,-994,93,-153,-13900,-5068,6608,-446,183,-117,0
604.3635101318359,8860,6520,11096,-153,-166,126,7360,-9248,10392,-41,182,-216,-13600,4140,5644,-1004,109,-100,-13908,-5032,6480,-448,159,-90,0
604.3991570472717,8924,6528,11128,-154,-173,130,7380,-9288,10432,19,156,-214,-13724,4208,5984,-1032,118,-154,-13864,-5184,6460,-458,184,-51,0
604.4341440200806,8612,6408,11352,-144,-187,114,7304,-9236,10384,8,152,-215,-13384,3880,5656,-1275,95,-132,-13768,-5036,6572,-469,244,-80,0
604.4690771102905,8752,6460,11256,-152,-185,121,7312,-9252,10312,254,147,-203,-13556,4196,5908,-1003,64,-148,-13896,-4868,6580,-474,201,-120,0
604.5047681331635,8728,6524,11224,-178,-171,120,7432,-9308,10312,-2,141,-200,-13652,4176,6004,-1033,123,-119,-13872,-5220,6160,-465,205,-73,0
604.5402081012726,8940,6532,11064,-185,-167,137,7184,-9244,10476,-32,29,-208,-13704,4132,5920,-936,98,-117,-13860,-5160,6464,-487,172,-100,0
604.5755441188812,8720,6512,11068,-151,-193,134,7528,-9308,10396,-13,136,-211,-13808,4184,5888,-1023,78,-95,-13924,-4904,6492,-471,196,-103,0
604.6123809814453,8732,6420,11212,-134,-148,117,7348,-9436,10320,-17,100,-198,-13644,4172,5824,-1017,45,-91,-13800,-5180,6404,-476,143,-118,0
604.645534992218,8728,6528,11204,-102,-107,99,7384,-9196,10356,-68,157,-183,-13588,4068,5940,-1002,55,-115,-13764,-5156,6368,-460,177,-126,0
604.6789770126343,8796,6404,11132,-138,-87,70,7220,-9292,10432,-37,160,-186,-13708,4132,5828,-992,51,-98,-13920,-4984,6344,-475,180,-139,0
604.7123730182648,8844,6448,11252,-174,-40,83,7556,-9276,10452,-28,138,-170,-13656,4184,5852,-1009,51,-101,-13928,-5000,6568,-489,121,-146,0
604.7458040714264,8844,6500,11276,-116,-11,82,7344,-9280,10340,-7,143,-143,-13640,4132,6132,-1018,35,-56,-13932,-5016,6400,-439,101,-144,0
604.779403924942,8680,6472,11508,-163,-14,76,7276,-9260,10380,-47,155,-148,-13764,3892,5660,-995,56,-36,-14076,-5068,6436,-480,116,-165,0
604.8130221366882,8928,6640,11124,-102,-32,84,7296,-9252,10284,-72,126,-170,-13644,4124,5948,-1003,42,-83,-14040,-5072,6640,-489,136,-162,0
604.8467271327972,8464,6516,11212,-64,-55,88,7316,-9248,10408,-39,140,-165,-13620,4144,5856,-1001,33,-84,-13888,-5056,6620,-487,138,-119,0
604.8802239894867,8632,6468,11264,-105,-17,67,7292,-9276,10284,-23,124,-169,-13816,4304,5680,-771,87,-61,-13800,-5376,6468,-511,144,-127,0
604.9132869243622,8684,6540,11260,-142,-37,92,7672,-9256,10420,-46,128,-189,-13648,4032,5908,-966,66,-53,-13848,-5064,6592,-478,159,-132,0
604.9468510150909,8792,6576,11404,-148,-59,82,7348,-9220,10432,-20,138,-173,-13656,4296,5976,-996,88,-97,-13876,-5092,6404,-481,140,-138,0
604.9803690910339,8752,6564,11408,-134,-44,86,7412,-9280,10332,-47,154,-201,-13608,4228,6016,-970,101,-131,-14004,-5032,6404,-500,172,-149,0
605.0136950016022,8720,6484,11204,-100,-42,90,7356,-9312,10360,-64,133,-172,-13684,4112,5916,-1018,84,-77,-13868,-5348,6508,-505,149,-138,0
605.0472481250763,8732,6432,11188,-64,-36,85,7484,-9264,10440,-73,92,-174,-13656,4092,5852,-1001,51,-53,-13864,-5376,6416,-497,108,-155,0
605.0808091163635,8816,6440,11424,-100,-37,77,7348,-9212,10248,-65,127,-173,-13524,4172,5816,-985,60,-70,-13880,-5364,6532,-495,144,-143,0
605.1142299175262,8688,6552,10828,-109,-18,56,7304,-9224,10440,-79,160,-171,-13600,4252,5804,-951,90,-90,-13996,-5072,6452,-478,106,-162,0
605.1473879814148,8716,6544,11148,-98,246,84,7372,-9252,10360,-52,130,-150,-13536,4208,6056,-991,84,-54,-13868,-5148,6416,-505,131,-128,0
605.1808969974518,8692,6472,11196,-94,-33,90,7596,-9340,10368,-54,138,-173,-13640,4144,6040,-1002,88,-81,-14076,-5096,6460,-473,142,-131,0
605.2145550251007,8708,6556,11152,-115,-52,90,7248,-9240,10336,-52,119,-176,-13812,4080,6020,-1008,104,-59,-13896,-4996,6524,-517,160,-148,0
605.2481939792633,8456,6512,11240,-131,-35,88,7324,-9348,10408,-78,114,-153,-13668,4220,5968,-1012,83,-44,-14068,-5168,6192,-506,112,-152,0
605.2817940711975,8920,6516,11176,-110,-24,99,7356,-9276,10396,-54,105,-163,-13608,4208,5980,-977,90,-81,-13904,-5140,6512,-522,122,-114,0
605.315248966217,8640,6540,11400,-111,-43,83,7316,-9332,10328,-52,131,-162,-13616,4144,5800,-1031,80,-91,-13864,-5068,6512,-485,133,-137,0
605.3488709926605,8672,6596,11108,-119,-35,108,7620,-9464,10448,-37,248,-143,-13636,4132,6044,-1002,128,-54,-13980,-5180,6356,-494,139,-106,0
605.3824009895325,8640,6564,11316,-124,-10,108,7416,-9268,10344,-70,134,-144,-13672,4168,6008,-978,99,-18,-13868,-5076,6464,-487,141,-115,0
605.4156579971313,8620,6496,11456,-114,-40,96,7372,-9292,10240,-49,120,-182,-13648,4076,5844,-987,94,-89,-13876,-5080,6480,-485,160,-127,0
605.4494149684906,8448,6504,11012,-113,-38,61,7320,-9384,10368,-51,133,-154,-13604,4196,5888,-998,92,-61,-13928,-4976,6548,-493,170,-135,0
605.4830961227417,8760,6564,11180,-135,-24,93,7400,-9320,10376,-33,146,-166,-13568,4140,5984,-1012,83,-74,-13900,-5208,6524,-457,148,-118,0
605.5169100761414,8588,6476,11396,-145,-33,110,7328,-9256,10304,-71,142,-196,-13568,4248,5928,-1006,99,-122,-14072,-5044,6560,-492,155,-108,0
605.5503890514374,8820,6464,11364,-143,-72,76,7320,-9404,10444,-54,159,-176,-13816,4156,5964,-993,115,-93,-13928,-5108,6208,-475,138,-143,0
605.5839951038361,8696,6588,11276,-135,-47,116,7272,-9248,10396,-20,138,-187,-13732,4208,5896,-1025,108,-67,-13848,-5160,6592,-500,172,-110,0
605.6172461509705,8584,6584,11188,-140,-59,107,7360,-9316,10452,-29,103,-165,-13580,4100,5920,-778,124,-54,-13908,-5156,6452,-494,179,-115,0
605.6544511318207,8660,6544,11472,-141,-79,110,7368,-9296,10260,-42,200,-192,-13556,4136,5808,-1061,123,-63,-14080,-5328,6464,-475,198,-132,0
605.6903729438782,8624,6556,11344,-172,-57,120,7300,-9372,10376,-31,133,-149,-13720,4224,5884,-989,125,-71,-13984,-5088,6180,-465,166,-86,0
605.7255620956421,8924,6520,11420,-176,-83,124,7408,-9320,10372,5,149,-186,-13792,4164,5900,-985,115,-77,-13992,-5120,6364,-467,175,-99,0
605.7616450786591,8592,6536,11476,-153,-71,130,7312,-9336,10424,-16,138,-202,-13576,4272,6124,-1005,120,-159,-13864,-5172,6416,-461,160,-81,0
605.7977011203766,8608,6600,11244,-142,-120,143,7332,-9316,10376,-39,136,-201,-13548,4152,6132,-944,120,-129,-13988,-5096,6412,-485,195,-105,0
605.8326489925385,8704,6584,11344,-167,-141,113,7288,-9304,10328,-18,134,-220,-13580,4140,5860,-976,111,-115,-13832,-5376,6484,-485,176,-67,0
605.8687400817871,8600,6512,11200,-179,-114,119,7260,-9264,10344,-18,135,-213,-13816,4284,5892,-1001,121,-133,-13844,-5152,6364,-484,190,-57,0
605.9038290977478,8708,6524,11184,-208,-111,127,7300,-9268,10396,7,125,-221,-13696,4212,5924,-974,144,-145,-13828,-5044,6400,-479,232,-52,0
605.9399650096893,8644,6612,11392,-175,-114,141,7368,-9288,10296,11,120,-220,-13712,4220,5612,-993,172,-180,-13968,-4932,6340,-496,219,-77,0
605.9754109382629,8700,6532,11336,-162,-132,153,7200,-9296,10352,10,153,-203,-13628,4220,5716,-990,169,-164,-13884,-5056,6508,-511,204,-86,0
606.0110080242157,8628,6536,11316,-159,-155,167,7392,-9292,10580,7,126,-219,-13652,4204,5844,-988,162,-118,-13972,-5308,6528,-497,168,-58,0
606.0462090969086,8732,6516,11224,-207,-116,174,7292,-9460,10412,-18,132,-173,-13620,4048,5864,-1001,149,-135,-13860,-5020,6328,-505,160,-89,0
606.0818510055542,8708,6564,11472,-168,-143,140,7368,-9380,10328,-13,147,-188,-13772,4196,6080,-1002,121,-67,-14096,-5096,6324,-500,134,-105,0
606.1176950931549,8684,6536,11244,-193,-96,124,7464,-9384,10348,7,158,-183,-13660,4000,5880,-1014,125,-109,-13684,-5208,6240,-496,170,-94,0
606.1532781124115,8572,6656,11308,-140,-137,121,7384,-9260,10352,-27,133,-204,-13536,4128,6032,-984,134,-111,-13904,-5164,6384,-477,203,-25,0
606.188766002655,8752,6376,11236,-166,-143,135,7300,-9296,10284,-19,100,-233,-13576,4176,5648,-1002,160,-155,-13940,-4952,6572,-463,233,-43,0
606.2240891456604,8728,6432,11268,-187,-194,158,7360,-9236,10464,-14,154,-205,-13684,4156,5884,-982,144,-133,-13912,-5108,6508,-470,189,-49,0
606.2600939273834,8452,6504,11116,-156,-131,138,7384,-9336,10380,-14,162,-190,-13644,4164,5908,-975,108,-112,-13904,-5148,6472,-495,126,-99,0
606.2966949939728,8572,6492,11492,-180,-116,134,7280,-9252,10368,-24,45,-224,-13576,4088,5924,-1014,108,-125,-13996,-5088,6348,-499,181,-83,0
606.330029964447,8480,6536,11120,-146,-174,134,7364,-9300,10368,-14,155,-220,-13684,4064,5904,-975,130,-184,-13960,-5024,6352,-526,207,-81,0
606.3636260032654,8760,6556,11456,-120,-153,123,7360,-9028,10328,-4,158,-207,-13572,4096,5632,-1031,152,-149,-13864,-5060,6488,-500,228,-72,0
606.3971710205078,8740,6324,11136,-132,-183,159,7360,-9268,10000,-25,99,-233,-13616,4092,5992,-1048,185,-128,-13896,-5076,6376,-505,211,-62,0
606.4305810928345,8520,6444,11328,-115,-221,129,7344,-9240,10112,-70,85,-273,-13692,4212,6032,-954,159,-176,-13948,-5084,6428,-482,183,-98,0
606.4637780189514,8768,6448,11136,-161,-153,118,7440,-9296,10256,-49,131,-236,-13680,4220,5960,-990,149,-149,-14008,-4992,6404,-492,179,-128,0
606.4973831176758,8772,6440,11264,-109,-157,107,7300,-9180,10324,-40,114,-216,-13676,4156,5892,-975,94,-122,-13928,-5012,6364,-543,160,-120,0
606.5308499336243,8756,6488,11200,-98,-129,111,7416,-9096,10320,-69,124,-191,-13668,4036,5824,-1051,86,-87,-13916,-5112,6256,-526,167,-118,0
606.5644710063934,8768,6516,11044,-112,-98,104,7296,-9456,10256,-53,131,-181,-13556,4196,5796,-777,49,-52,-13812,-5036,6272,-766,131,-142,0
606.5981080532074,8916,6516,11164,-114,-104,82,7432,-9344,10492,-64,174,-151,-13672,4312,5980,-1025,62,-42,-13984,-4996,6356,-522,91,-176,0
606.6315131187439,8908,6644,11088,-102,-44,73,7448,-9344,10444,-44,137,-147,-13608,4084,6036,-1049,48,-59,-13904,-5120,6488,-501,132,-166,0
606.664852142334,8628,6896,11120,-86,-7,81,7272,-9180,10368,13,144,-153,-13552,4080,5836,-1061,130,-97,-13928,-5132,6296,-487,137,-121,0
606.6984341144562,8524,6620,11172,-69,-43,84,7372,-9236,10340,-78,136,-182,-13428,4188,6024,-1005,72,-76,-13920,-5060,6300,-523,182,-155,0
606.7319540977478,8804,6800,11088,-102,-91,85,7336,-9184,10368,-73,161,-195,-13632,4152,5952,-988,31,-61,-13952,-5292,6296,-507,134,-133,0
606.7654850482941,8744,6504,11204,-105,-16,97,7184,-9024,10480,-66,111,-156,-13640,4172,6020,-1013,115,-15,-13736,-4880,6196,-514,84,-155,0
606.7991631031036,8732,6628,11172,-93,15,74,7332,-9368,10076,-59,130,-109,-13552,4144,5988,-1006,112,-22,-14056,-5028,6352,-509,112,-106,0
606.8326439857483,8732,6468,11092,-117,-8,102,7432,-9228,10444,-66,124,-165,-13728,4152,6008,-972,76,-41,-14004,-5168,6616,-554,112,-160,0
606.8660349845886,8624,6512,11320,-134,-47,45,7308,-9316,10288,-60,156,-181,-13804,4116,6076,-991,60,-80,-13808,-5120,6384,-583,189,-186,0
606.8998930454254,8796,6652,11264,-78,-27,75,7300,-9312,10336,-72,195,-182,-13708,4140,6024,-920,63,-54,-13968,-5120,6500,-600,137,-170,0
606.9334690570831,8608,6596,11228,-50,-54,69,7384,-9300,10452,-54,131,-189,-13824,4164,5712,-919,124,-59,-13908,-5056,6364,-550,155,-140,0
606.9671440124512,8756,6536,11180,-40,-46,86,7656,-9340,10392,-82,128,-183,-13608,4128,5792,-960,111,-76,-13900,-5148,6612,-529,163,-149,0
607.0006351470947,8732,6520,11084,-72,-39,88,7380,-9284,10444,-32,125,-171,-13604,4128,5944,-966,84,-89,-13920,-5076,6448,-498,143,-132,0
607.0339961051941,8744,6464,11324,-99,-12,87,7592,-9216,10268,-66,142,-179,-13684,4180,6060,-990,68,-82,-13896,-5088,6540,-504,139,-175,0
607.0676641464233,8720,6560,11160,-124,-24,71,7424,-9332,10276,-64,121,-153,-13624,4124,6072,-980,53,-89,-13620,-4904,6176,-541,133,-161,0
607.1012990474701,8724,6536,11188,-104,-29,70,7412,-9268,10388,-56,119,-155,-13776,4208,5940,-1003,81,-47,-13860,-5320,6220,-536,116,-150,0
607.1345720291138,8672,6556,11268,-99,-27,72,7296,-9308,10332,-68,162,-176,-13612,4076,5948,-995,42,-61,-13836,-5236,6620,-531,138,-151,0
607.1681370735168,8636,6596,11160,-105,-12,97,7412,-9328,10408,-39,109,-152,-13768,4188,5852,-989,113,-49,-13968,-5124,6268,-498,110,-147,0
607.2019000053406,8668,6604,11248,-92,-30,98,7228,-9248,10248,-49,116,-165,-13668,4160,6068,-983,101,-49,-13892,-5180,6428,-495,140,-159,0
607.2354719638824,8632,6664,11156,-112,-24,79,7188,-9340,10096,-88,147,-157,-13628,4096,6096,-934,83,-83,-14016,-5208,6344,-525,171,-147,0
607.2691860198975,8712,6532,11096,-116,-48,72,7364,-9272,10260,-48,151,-169,-13804,4168,5992,-997,103,-105,-13944,-5060,6476,-257,159,-129,0
607.3025391101837,8576,6496,11068,-94,-44,78,7428,-9284,10384,-54,160,-181,-13660,4280,5796,-973,92,-90,-13928,-5360,6264,-514,157,-126,0
607.3432590961456,8688,6576,11396,-102,-49,75,7348,-9368,10160,-32,138,-179,-13548,4220,5920,-969,81,-63,-14008,-4908,6424,-504,146,-128,0
607.379576921463,8684,6592,11316,-109,-45,104,7268,-9364,10204,-53,132,-161,-13616,4224,5868,-1012,92,-63,-13912,-4920,6472,-488,141,-127,0
607.4147000312805,8608,6652,11148,-130,-42,65,7344,-9372,10336,-52,151,-155,-13580,4176,6076,-1005,81,-96,-13896,-4880,6396,-474,144,-129,0
607.4502921104431,8684,6644,11076,-140,-52,102,7296,-9260,10464,-26,125,-161,-13652,4212,6084,-972,74,-68,-13876,-5100,6428,-494,174,-126,0
607.4855971336365,8648,6664,11264,-91,-82,92,7432,-9260,10456,-47,160,-188,-13592,4300,5940,-1001,116,-97,-13692,-5152,6336,-468,149,-111,0
607.5212891101837,8604,6548,11148,-142,-53,102,7376,-9320,10264,-31,137,-179,-13364,4164,6056,-1278,125,-81,-13940,-5376,6376,-443,169,-99,0
607.557667016983,8592,6588,11256,-125,-62,93,7408,-9300,10272,-35,154,-157,-13680,4260,5752,-1009,144,-58,-14040,-5056,6504,-481,138,-125,0
607.5932400226593,8936,6544,11172,-130,-36,83,7388,-9348,10364,-20,158,-174,-13588,4168,5980,-1052,63,-44,-13820,-5204,6444,-493,172,-98,0
607.6291100978851,8584,6576,11184,-140,-40,98,7244,-9228,10440,-6,168,-122,-13656,4140,5980,-1002,71,-114,-13908,-5176,6600,-520,120,-138,0
607.6642160415649,8664,6604,11280,-91,-35,76,7348,-9352,10444,-71,137,-165,-13640,4140,5976,-987,111,-49,-13908,-5096,6180,-518,211,-112,0
607.7004110813141,8668,6536,11412,-189,-17,109,7404,-9320,10456,-2,135,-169,-13596,4220,5920,-1063,97,-86,-13872,-5076,6428,-432,223,-100,0
607.7360551357269,8576,6504,11172,-158,2,118,7292,-9280,10128,24,141,-167,-13636,4308,6008,-1098,114,-102,-14000,-5188,6424,-477,174,-122,0
607.7719390392303,8660,6580,11480,-200,-252,92,7392,-9320,10392,-17,187,-145,-13608,4272,6096,-770,77,-65,-13896,-5148,6512,-470,145,-106,0
607.8078501224518,8592,6888,11492,-161,-92,118,7328,-9268,10320,-63,156,-188,-13544,4236,5840,-1013,113,-148,-13824,-5336,6580,-473,173,-96,0
607.8426940441132,8632,6568,11228,-174,-101,113,7324,-9360,10552,-255,135,-182,-13624,4248,6036,-1044,122,-108,-13860,-5156,6456,-480,241,-74,0
607.878005027771,8532,6572,11252,-148,-117,128,7352,-9328,10408,-27,132,-221,-13532,4280,5988,-1003,157,-144,-14068,-4944,6508,-764,221,-76,0
607.913586139679,8912,6556,11512,-130,-165,115,7392,-9340,10040,-37,114,-229,-13576,4208,6140,-1002,112,-116,-13632,-5296,6504,-494,239,-63,0
607.9496040344238,8644,6520,11300,-191,-160,99,7264,-9384,10288,5,177,-197,-13620,4216,6096,-975,135,-153,-13960,-5212,6400,-497,208,-84,0
607.9853110313416,8456,6552,11428,-173,-116,110,7304,-9364,10176,13,150,-209,-13556,4140,5888,-1020,113,-116,-13920,-5148,6384,-453,219,-88,0
608.0187630653381,8648,6844,11136,-187,-162,143,7340,-9324,10460,8,110,-182,-13604,4148,6000,-1006,134,-113,-13848,-5180,6324,-483,209,-54,0
608.0524699687958,8524,6696,11204,-175,-172,141,7228,-9256,10400,-31,137,-198,-13604,4176,5892,-1020,151,-127,-13952,-5104,6360,-484,162,-75,0
608.0860860347748,8704,6564,11364,-203,-136,142,7368,-9356,10324,-20,151,-216,-13672,4232,6008,-1012,103,-117,-13868,-5096,6648,-495,173,-102,0
608.1197240352631,8668,6680,11188,-189,-154,135,7372,-9244,10264,5,154,-188,-13580,4132,5700,-1015,142,-153,-13996,-4960,6480,-475,190,-52,0
608.1528661251068,8632,6556,11220,-150,-169,139,7324,-9272,10268,10,154,-233,-13528,4144,6016,-1274,141,-116,-13996,-4944,6432,-484,189,-87,0
608.1877920627594,8732,6488,11448,-132,-171,147,7440,-9260,10308,6,122,-224,-13628,4320,6028,-990,131,-120,-13924,-5016,6364,-505,173,-72,0
608.2223949432373,8688,6628,11076,-148,-168,141,7272,-9260,10280,9,122,-214,-13664,4156,5900,-1000,139,-115,-13920,-4976,6408,-478,200,-77,0
608.25581407547,8700,6448,11300,-181,-171,159,7472,-9268,10240,0,112,-217,-13644,4136,6056,-983,151,-141,-14028,-5104,6404,-487,154,-59,0
608.2894511222839,8796,6548,11436,-156,-144,181,7320,-9220,10380,-19,92,-199,-13732,4080,5916,-988,147,-123,-13940,-4992,6476,-506,157,-117,0
608.3228931427002,8728,6452,11244,-153,-124,146,7392,-9324,10276,249,100,-184,-13732,4192,6044,-1030,117,-90,-13940,-5064,6428,-481,177,-103,0
608.3565340042114,8632,6592,11176,-176,-171,133,7288,-9196,10384,8,121,-175,-13700,4052,5748,-988,178,-95,-13896,-5132,6348,-468,174,-89,0
608.3897230625153,8712,6588,11372,-141,-157,128,7212,-9264,10300,-31,128,-221,-13612,4148,5748,-1000,130,-164,-13896,-4992,6284,-473,182,-61,0
608.4233069419861,8728,6552,11180,-175,-194,118,7352,-9048,10240,-11,131,-210,-13712,3840,5908,-1023,163,-155,-14020,-5000,6224,-466,196,-79,0
608.4569940567017,8760,6532,11156,-132,-137,157,7448,-9348,10356,14,142,-195,-13676,4104,5976,-1040,146,-123,-13944,-5048,6384,-476,149,-66,0
608.4905049800873,8640,6644,10876,-186,-99,130,7404,-9264,10384,-253,119,-181,-13736,4204,6024,-1014,101,-82,-13884,-5084,6144,-482,141,-114,0
608.5243790149689,8472,6560,11016,-172,-138,113,7280,-9312,10464,-1,158,-202,-13620,4096,6012,-1018,70,-119,-13856,-4896,6628,-494,212,-80,0
608.5577549934387,8536,6476,11496,-134,-185,134,7360,-9260,10460,-9,140,-233,-13588,4168,5832,-1009,144,-134,-14000,-5020,6444,-259,221,-60,0
608.5913851261139,8572,6576,11228,-190,-180,133,7316,-9460,10452,-24,101,-251,-13628,4148,6128,-772,181,-165,-13940,-5008,6260,-498,218,-51,0
608.6248669624329,8704,6492,11208,-137,-173,157,7396,-9220,10308,-56,95,-242,-13560,4212,5704,-998,176,-140,-14008,-4884,6492,-480,210,-61,0
608.6582491397858,8692,6464,10800,-174,-175,121,7392,-9264,10408,-31,82,-236,-13608,4164,5932,-1002,142,-125,-13936,-5068,6444,-464,192,-102,0
608.6919629573822,8488,6496,11244,-176,-142,139,7196,-9260,10480,-36,26,-212,-13656,4164,6020,-1030,120,-124,-13952,-5072,6316,-512,181,-112,0
608.7255229949951,8840,6480,11292,-161,-132,128,7172,-9304,10328,-30,98,-195,-13640,4252,6080,-1024,129,-51,-13648,-5352,6644,-525,193,-141,0
608.7586479187012,8792,6616,11144,-139,-88,115,7360,-9196,10388,-37,139,-186,-13580,4172,5828,-985,137,-80,-14064,-5092,6368,-520,168,-134,0
608.7922840118408,8868,6432,11272,-128,-69,89,7628,-9360,10220,-30,158,-184,-13700,4088,5864,-1016,80,-94,-14000,-4988,6276,-473,123,-141,0
608.8257520198822,8824,6464,11480,-130,-62,114,7444,-9348,10400,-26,136,-161,-13648,4016,5960,-1036,79,-77,-14084,-4976,6296,-495,111,-132,0
608.8592879772186,8916,6500,11040,-110,-44,81,7372,-9276,10384,-32,148,-170,-13652,4344,6012,-1014,80,-69,-13848,-5148,6416,-491,126,-144,0
608.8928639888763,8732,6572,11148,-109,-59,88,7364,-9288,10456,-37,109,-158,-13636,4344,5944,-1263,75,-50,-13900,-5056,6320,-514,169,-140,0
608.9263920783997,8612,6516,11136,-126,-70,84,7288,-9332,10492,-32,132,-180,-13788,4088,5820,-997,92,-35,-13980,-4976,6456,-504,135,-134,0
608.9599139690399,8528,6548,11496,-122,-27,92,7192,-9240,10356,-35,135,-185,-13584,4196,6108,-987,65,-94,-14020,-4964,6460,-501,145,-147,0
608.9960789680481,8596,6368,11280,-123,-75,58,7176,-9236,10380,-41,141,-151,-13596,4100,5996,-996,81,-78,-13964,-5052,6384,-481,114,-128,0
609.0323190689087,8780,6544,11260,-113,-43,80,7380,-9016,10388,-25,132,-178,-13560,4092,5988,-979,77,-46,-13976,-5096,6452,-525,105,-112,0
609.0681490898132,8940,6516,11464,-96,-59,101,7372,-9344,10264,-63,138,-162,-13692,3992,6096,-981,80,-99,-13944,-4868,6164,-766,134,-106,0
609.1036541461945,8768,6568,11112,-133,-59,91,7376,-9304,10368,-41,121,-196,-13660,4144,5952,-980,121,-88,-14028,-5300,6560,-487,136,-121,0
609.1387209892273,8708,6604,11208,-113,-50,101,7624,-9264,10404,-47,146,-163,-13676,4224,5888,-976,85,-75,-14048,-5036,6168,-505,121,-119,0
609.1741900444031,8748,6584,11164,-120,-45,105,7676,-9264,10412,-57,127,-158,-13652,4028,6060,-982,94,-49,-13872,-5068,6268,-500,87,-126,0
609.2099969387054,8636,6548,11048,-134,-51,133,7308,-9340,10320,-53,117,-174,-13636,4128,5900,-1000,108,-96,-13932,-5180,6228,-515,152,-134,0
609.245551109314,8716,6612,11184,-112,-91,121,7336,-9460,10324,-56,151,-165,-13780,4120,5932,-996,103,-113,-14036,-5076,6312,-528,126,-174,0
609.2811069488525,8812,6492,11464,-103,-97,93,7308,-9472,10380,-36,122,-156,-13628,4152,6016,-969,91,-33,-13888,-5052,6160,-530,116,-130,0
609.3172061443329,8764,6516,11108,-79,-59,77,7308,-9208,10272,-46,102,-183,-13552,3912,5996,-969,94,-95,-13920,-5016,6144,-545,104,-117,0
609.352371931076,8836,6604,11248,-126,-91,87,7344,-9344,10264,-40,104,-178,-13604,4184,5980,-936,103,-103,-13948,-5136,6304,-515,126,-135,0
609.3885989189148,8696,6512,11424,-126,-67,95,7412,-9284,10376,-69,128,-196,-13640,4240,6044,-974,112,-60,-13936,-5152,6516,-765,143,-126,0
609.4240081310272,8688,6576,11024,-101,-91,127,7648,-9252,10348,-40,101,-176,-13648,4140,6008,-965,135,-106,-13944,-5112,6496,-551,133,-151,0
609.4589290618896,8728,6576,11300,-82,-93,105,7244,-9240,10392,-63,105,-194,-13644,4108,6088,-950,72,-90,-13840,-5152,6472,-535,134,-106,0
609.4951040744781,8544,6492,11244,-72,-121,109,7416,-9280,10164,-66,93,-189,-13696,4108,5672,-962,112,-132,-13872,-5044,6556,-529,134,-116,0
609.5308079719543,8732,6564,11304,-117,-110,95,7420,-9320,10260,-54,134,-186,-13672,4116,5640,-965,115,-131,-13852,-5052,6280,-527,172,-124,0
609.5661671161652,8704,6512,11192,-86,-87,104,7320,-9056,10348,-61,96,-166,-13628,4048,5976,-1002,107,-38,-13956,-5164,6348,-519,84,-172,0
609.6019060611725,8756,6476,11040,-85,-50,74,7520,-9272,10264,-52,142,-157,-13668,4272,5864,-981,82,-89,-13960,-4872,6196,-519,146,-143,0
609.6393630504608,8776,6600,11176,-129,-36,114,7676,-9152,10312,-35,140,-165,-13528,4068,5916,-974,125,-89,-13928,-5028,6460,-491,116,-88,0
609.6728830337524,8540,6492,11372,-114,-125,108,7208,-9316,10396,-41,135,-173,-13716,4144,6024,-1020,92,-95,-14056,-5356,6372,-525,157,-106,0
609.7066781520844,8764,6612,11408,-148,-119,114,7408,-9332,10356,-41,142,-180,-13764,4120,5980,-983,117,-58,-14012,-5152,6492,-537,110,-122,0
609.7402489185333,8512,6600,11252,-71,-72,115,7328,-9292,10360,-82,153,-161,-13504,4344,5684,-976,83,-73,-13904,-5052,6352,-537,101,-141,0
609.7737340927124,8724,6636,11252,-129,-78,74,7372,-9288,10396,-14,168,-189,-13452,4232,5940,-969,97,-95,-13948,-5020,6448,-501,147,-98,0
609.8074150085449,8772,6560,11172,-147,-33,92,7304,-9328,10224,-33,145,-163,-13356,4224,6096,-990,118,-87,-13940,-4872,6484,-487,85,-142,0
609.8411269187927,8768,6616,11068,-147,-25,102,7380,-9364,10344,-17,157,-149,-13604,4104,6128,-960,116,-72,-13916,-5132,6500,-482,131,-131,0
609.8747429847717,8780,6628,11436,-169,-73,116,7248,-9324,10228,-53,145,-196,-13644,4108,6108,-967,87,-110,-13960,-5128,6604,-265,143,-76,0
609.9080290794373,8592,6580,11232,-151,-152,103,7444,-9360,10328,-66,159,-225,-13772,4344,5996,-972,62,-109,-14000,-5292,6408,-766,190,-124,0
609.9417519569397,8768,6572,11080,-121,-59,118,7336,-9244,10272,-67,121,-187,-13692,4232,6028,-992,24,-75,-13948,-5152,6424,-519,210,-145,0
609.9753730297089,8796,6560,11124,-159,-58,94,7404,-9296,10436,-15,124,-178,-13804,4144,5908,-1005,65,-56,-13816,-5024,6396,-496,163,-111,0
610.0089659690857,8652,6636,11228,-167,-44,117,7372,-9328,10240,-32,139,-167,-13616,4176,5840,-977,52,-88,-13968,-5024,6264,-509,193,-97,0
610.0425400733948,8608,6624,11248,-174,-70,116,7364,-9352,10380,-30,127,-166,-13692,4264,6088,-904,80,-116,-13864,-5144,6500,-554,198,-133,0
610.07608294487,8920,6856,11368,-161,-140,97,7296,-9356,10396,-75,138,-191,-13564,4100,5796,-887,99,-135,-13880,-4968,6152,-556,207,-126,0
610.1099050045013,8464,6588,11216,-103,-161,87,7364,-9340,10228,-56,124,-204,-13616,4188,5980,-933,78,-101,-13888,-5128,6404,-529,164,-118,0
610.1431939601898,8884,6520,11404,-84,-147,89,7172,-9240,10492,-65,149,-190,-13788,4108,6112,-975,45,-54,-14004,-5132,6584,-540,79,-166,0
610.1768670082092,8680,6560,11196,-123,-73,67,7288,-9312,10096,-37,178,-154,-13608,4244,6036,-956,61,-63,-13924,-5020,6392,-510,61,-148,0
610.2105801105499,8680,6548,11156,-138,-46,72,7300,-9388,10348,-11,164,-141,-13604,4192,5948,-995,25,-74,-13932,-5064,6340,-521,134,-128,0
610.2439639568329,8732,6620,11164,-146,-56,94,7352,-9268,10276,-53,97,-167,-13620,3988,5980,-981,112,-103,-13880,-5004,6380,-541,172,-130,0
610.2775139808655,8788,6532,11232,-101,-113,130,7620,-9360,10400,-49,62,-201,-13612,4220,5924,-986,106,-125,-13972,-5104,6412,-580,197,-117,0
610.3110971450806,8712,6580,11216,-83,-130,148,7432,-9460,10180,-65,71,-201,-13688,4228,5936,-1016,117,-75,-13820,-5088,6332,-542,152,-120,0
610.3446850776672,8712,6564,11200,-62,-55,106,7424,-9344,10264,-61,135,-167,-13600,4168,5852,-998,106,-61,-14052,-5016,6372,-554,123,-125,0
610.3782479763031,8740,6648,11148,-109,-44,68,7424,-9372,10328,-35,156,-133,-13768,4164,5908,-1062,61,-82,-13956,-5168,6628,-511,136,-158,0
610.4116830825806,8812,6624,11148,-130,-32,75,7376,-9308,10076,-17,216,-125,-13564,4204,5776,-1043,10,-73,-13884,-4944,6192,-505,88,-149,0
610.4454779624939,8588,6716,11460,-117,-7,66,7380,-9384,10364,-83,162,-123,-13680,4188,5636,-1014,47,-70,-13908,-5184,6400,-525,113,-156,0
610.4790971279144,8600,6636,11152,-151,-45,58,7204,-9316,10428,-91,146,-181,-13368,4208,5916,-999,111,-119,-13784,-5008,6408,-507,149,-134,0
610.5126669406891,8664,6836,11200,-106,-110,113,7260,-9300,10248,-59,108,-179,-13600,4232,5912,-1276,111,-79,-14080,-4892,6216,-495,173,-111,0
610.5458340644836,8672,6628,11160,-105,-65,113,7304,-9364,10404,-59,70,-201,-13596,4148,5896,-975,108,-67,-13640,-4884,6440,-491,91,-122,0
610.5794250965118,8500,6592,11044,-152,-60,91,7376,-9336,10296,-82,170,-177,-13588,4164,5948,-975,105,-64,-14004,-5076,6484,-513,91,-135,0
610.6131191253662,8520,6628,11192,-145,-50,71,7376,-9396,10268,-88,195,-151,-13660,4276,6040,-972,48,-127,-13924,-5372,6180,-510,149,-145,0
610.6459369659424,8460,6560,11152,-92,-45,91,7308,-9344,10324,-73,147,-168,-13612,4124,5968,-996,96,-51,-13948,-5084,6448,-527,170,-106,0
610.6823680400848,8668,6544,11188,-112,-90,135,7420,-9316,10272,-46,101,-188,-13540,4116,5912,-1009,158,-124,-13820,-4872,6388,-523,180,-105,0
610.718090057373,8720,6652,11224,-131,-62,103,7324,-9320,10180,-66,89,-190,-13600,4232,6016,-1005,107,-101,-13792,-5140,6416,-502,166,-77,0
610.7534990310669,8704,6572,11204,-144,-96,111,7436,-9364,10212,-53,139,-170,-13636,4132,5824,-938,124,-111,-13868,-5088,6296,-502,115,-136,0
610.7888250350952,8640,6588,11140,-131,-65,102,7340,-9372,10332,-47,123,-190,-13644,4252,6076,-985,75,-85,-13932,-5092,6324,-503,137,-128,0
610.8239591121674,8660,6588,11264,-135,-33,81,7388,-9280,10452,-42,155,-134,-13340,4188,6068,-989,73,-73,-13788,-5188,6468,-529,119,-154,0
610.8593270778656,8584,6620,11192,-148,-62,72,7320,-9388,10492,-56,134,-185,-13320,4228,5928,-988,51,-74,-13940,-4900,6608,-522,132,-149,0
610.8944809436798,8536,6612,11156,-156,-77,59,7292,-9296,10268,-64,181,-183,-13568,4228,5956,-961,51,-100,-13852,-5116,6196,-534,189,-172,0
610.9302589893341,8952,6596,11460,-140,-85,85,7360,-9452,10056,-56,160,-171,-13620,4068,5896,-973,89,-95,-14048,-5208,6440,-533,196,-109,0
610.9655561447144,8676,6580,11168,-122,-69,115,7240,-9308,10336,-66,104,-175,-13632,4228,5876,-978,100,-63,-13824,-5220,6336,-534,169,-128,0
611.0015070438385,8940,6404,11180,-131,-41,120,7176,-9364,10392,-79,124,-142,-13552,4168,5768,-1012,101,-85,-13896,-5192,6316,-570,126,-125,0
611.0371999740601,8764,6692,11092,-107,-36,131,7316,-9332,10260,-47,129,-143,-13652,4276,5948,-894,32,-39,-13856,-5204,6256,-558,154,-129,0
611.0725059509277,8544,6612,11036,-124,-5,118,7456,-9324,10336,-54,138,-139,-13492,4220,5700,-961,127,-85,-13968,-5120,6368,-760,147,-88,0
611.1081750392914,8616,6672,11420,-139,-18,104,7364,-9316,10368,-83,125,-136,-13440,4168,6156,-919,112,-73,-13840,-5104,6612,-508,152,-101,0
611.1438250541687,8648,6588,11344,-154,-40,117,7384,-9456,10356,-25,171,-169,-13640,4204,5960,-935,113,-86,-14016,-5068,6532,-499,168,-100,0
611.1800520420074,8652,6636,11340,-170,-84,121,7320,-9368,10264,-254,157,-206,-13488,4144,6300,-915,161,-144,-13788,-5296,6488,-477,161,-92,0
611.2150239944458,8664,6680,11316,-146,-130,110,7244,-9340,10276,-70,116,-220,-13660,4252,5920,-906,155,-124,-14004,-4908,6384,-482,207,-73,0
611.2501599788666,8580,6552,11256,-188,-170,85,7316,-9368,10376,-15,148,-3,-13532,4232,5920,-870,150,-190,-13844,-5076,6624,-458,227,-86,0
611.2855820655823,8524,6612,11080,-162,-162,120,7380,-9328,10248,-256,168,-210,-13720,4172,6112,-925,139,-115,-13808,-5120,6360,-428,204,-77,0
611.3226790428162,8656,6624,11012,-230,-81,145,7276,-9408,10236,-23,125,-200,-13764,4224,5636,-848,170,-104,-13912,-5140,6492,-532,135,-63,0
611.356094121933,8624,6608,11488,-172,-140,140,7336,-9504,10340,-9,132,-184,-13668,4256,5836,-830,186,-138,-13856,-5068,6300,-501,177,-51,0
611.3896250724792,8584,6544,11208,-172,-110,172,7324,-9392,10316,-11,101,-220,-13672,4276,5768,-893,200,-170,-13908,-5124,6232,-259,216,-33,0
611.4230561256409,8452,6576,11364,-207,-127,157,7372,-9308,10228,4,92,-231,-13520,4260,5864,-904,201,-132,-13892,-5052,6376,-532,255,-66,0
611.4567620754242,8572,6616,11088,-153,-146,187,7396,-9344,10356,-25,92,-210,-13616,4176,5876,-919,217,-115,-13948,-5220,6280,-522,229,-51,0
611.4901700019836,8664,6616,11112,-185,-173,183,7340,-9376,10348,-37,83,-218,-13324,4104,6076,-908,210,-97,-13860,-5112,6624,-528,204,-59,0
611.5236270427704,8672,6452,11140,-193,-115,156,7472,-9380,10348,-22,139,-204,-13700,4220,5840,-895,227,-145,-13968,-4872,6416,-495,195,-63,0
611.5573840141296,8524,6572,11252,-175,-133,157,7472,-9352,10228,-40,117,-197,-13692,4132,6020,-889,185,-192,-13860,-5152,6348,-485,177,-74,0
611.5910639762878,8704,6548,11112,-186,-143,141,7388,-9356,10324,-59,135,-222,-13584,4228,5964,-878,185,-150,-14012,-5100,6384,-500,148,-87,0
611.6245520114899,8608,6572,11340,-182,-139,118,7308,-9308,10168,-64,115,-210,-13660,4240,5812,-880,190,-112,-13836,-5332,6284,-497,166,-93,0
611.657956123352,8684,6580,11376,-217,-166,132,7396,-9340,10340,-39,150,-238,-13608,4236,5944,-907,228,-129,-13948,-5012,6428,-494,192,-69,0
611.691458940506,8672,6500,11260,-247,-169,136,7400,-9352,10420,-16,124,-211,-13344,4176,5988,-916,196,-115,-13912,-4944,6412,-564,240,-53,0
611.7250831127167,8712,6588,11164,-218,-173,129,7288,-9480,10352,13,110,-233,-13660,4220,5912,-941,183,-139,-13908,-5052,6360,-535,243,-106,0
611.7586801052094,8808,6632,11396,-182,-135,160,7344,-9344,10392,21,95,-223,-13648,4284,5856,-926,209,-203,-13828,-5192,6328,-532,235,-58,0
611.792289018631,8624,6656,11140,-181,-156,172,7404,-9380,10296,2,137,-219,-13732,4316,5820,-959,235,-119,-13988,-5088,6348,-764,211,-53,0
611.8254060745239,8812,6560,11188,-196,-158,161,7432,-9392,10296,13,114,-198,-13640,4224,5740,-933,190,-87,-13992,-5012,6308,-521,169,-54,0
611.8589799404144,8712,6528,11104,-177,-145,173,7196,-9228,10464,26,30,-196,-13660,4320,5728,-988,152,-95,-14024,-5120,6620,-535,137,-101,0
611.8923859596252,8932,6504,11036,-161,-119,108,7324,-9416,10380,61,156,-193,-13668,3944,6060,-999,130,-125,-14008,-5036,6436,-500,155,-123,0
611.9256780147552,8688,6492,11012,-108,-126,90,7196,-9392,10400,-26,144,-201,-13616,4172,5924,-961,164,-138,-13988,-5144,6360,-516,145,-75,0
611.9594540596008,8452,6452,11196,-156,-125,80,7176,-9392,10320,-62,136,-218,-13688,4308,5708,-1006,154,-126,-13924,-4960,6336,-485,168,-109,0
611.9930291175842,8744,6520,11216,-131,-114,101,7432,-9404,9992,-43,122,-166,-13784,4296,5680,-1035,114,-55,-13984,-5080,6320,-503,104,-116,0
612.026624917984,8832,6500,11100,-61,-48,88,7408,-9264,10160,-53,148,-136,-13660,4268,5836,-769,73,-26,-13876,-5156,6248,-493,70,-136,0
612.0602340698242,8780,6520,11224,-143,-28,116,7384,-9304,10480,-44,120,-118,-13696,4236,6140,-1057,66,-52,-13992,-5288,6264,-257,73,-129,0
612.0937359333038,8780,6516,11104,-96,-29,131,7604,-9392,10316,-69,104,-123,-13592,4208,5756,-1012,110,-82,-13896,-4952,6152,-500,110,-92,0
612.1272530555725,8720,6608,11256,-83,-45,117,7360,-9328,10356,-52,111,-166,-13752,4236,5776,-1011,110,-78,-13972,-5020,6596,-494,141,-97,0
612.1607611179352,8596,6584,11112,-92,-77,97,7360,-9324,10204,-56,120,-177,-13380,4116,5800,-1022,148,-74,-13576,-5332,6444,-514,146,-116,0
612.1943471431732,8684,6520,11460,-102,-86,68,7552,-9340,10224,-83,87,-186,-13588,4332,5848,-981,116,-59,-13940,-5064,6608,-487,147,-136,0
612.2276949882507,8748,6600,11220,-136,-92,85,7180,-9396,10144,-28,131,-196,-13712,4164,5884,-992,118,-67,-13960,-5016,6500,-533,103,-137,0
612.2612431049347,8748,6500,11260,-81,-38,70,7416,-9356,10140,-40,139,-159,-13616,4156,5940,-1008,43,-100,-14212,-5064,6380,-760,119,-147,0
612.2947609424591,8740,6508,11256,-134,-21,82,7456,-9324,10272,1,152,-156,-13708,4276,5720,-1001,65,-106,-13988,-5152,6352,-497,118,-79,0
612.3281569480896,8736,6648,11304,-105,-56,82,7360,-9296,10404,-64,132,-159,-13672,4132,5632,-919,99,-25,-13936,-5352,6576,-508,84,-149,0
612.3695940971375,8708,6560,11152,-120,-81,111,7352,-9276,10344,-96,145,-188,-13768,4220,5880,-939,108,-130,-13872,-5008,6288,-541,89,-115,0
612.4050500392914,8860,6572,11128,-104,-71,78,7664,-9460,10380,-72,145,-192,-13632,4164,5716,-978,65,-56,-13896,-4872,6192,-513,106,-108,0
612.4404330253601,8724,6504,11228,-75,-61,86,7280,-9296,10312,-56,130,-156,-13436,4348,5840,-998,127,-116,-13948,-4872,6280,-257,105,-115,0
612.4760110378265,8676,6548,11196,-112,-73,85,7424,-9372,10472,-52,108,-182,-13652,4164,5924,-975,119,-84,-14068,-5344,6304,-258,152,-119,0
612.5120711326599,8956,6572,11220,-122,-76,99,7432,-9284,10188,-74,124,-173,-13624,4268,5844,-1014,77,-74,-13872,-5088,6464,-516,102,-120,0
612.5477070808411,8756,6496,11212,-64,-94,91,7376,-9448,10236,-49,111,-138,-13740,4220,5804,-1049,51,-78,-13832,-5180,6408,-522,96,-131,0
612.5826690196991,8652,6500,11216,-116,-23,96,7332,-9300,10136,-7,155,-132,-13352,4276,5820,-1046,65,-59,-13880,-5176,6384,-533,70,-144,0
612.6186339855194,8916,6680,11356,-110,21,86,7304,-9352,10256,-62,137,-119,-13704,4280,5664,-996,63,-59,-14080,-5364,6640,-525,67,-155,0
612.653774023056,8480,6560,11332,-112,-6,68,7460,-9392,10188,-69,132,-132,-13700,4168,5960,-993,72,-22,-13924,-5008,6352,-484,86,-157,0
612.6891660690308,8456,6512,11432,-126,20,86,7372,-9468,10300,-91,170,-112,-13760,4204,5820,-999,51,-74,-13944,-5112,6348,-506,65,-172,0
612.7242240905762,8768,6528,11316,-90,32,93,7408,-9292,10240,-76,145,-117,-13688,4224,5844,-973,60,2,-13844,-5248,6412,-491,34,-154,0
612.759917974472,8624,6492,11268,-104,7,58,7384,-9316,10384,-68,162,-152,-13820,4340,5692,-991,59,-97,-13932,-5144,6428,-506,116,-158,0
612.7949230670929,8636,6652,11232,-90,11,51,7476,-9468,10248,-93,153,-135,-13400,4304,5856,-1008,64,-62,-13916,-5116,6492,-541,90,-148,0
612.8309190273285,8696,6628,11196,-82,-11,51,7260,-9432,10244,-71,139,-147,-13644,4376,5856,-1007,68,-91,-13580,-4888,6160,-543,119,-147,0
612.8672311306,8540,6592,11212,-63,-14,80,7328,-9388,10452,-61,95,-147,-13400,4384,5944,-1020,99,-99,-13880,-5120,6560,-570,143,-137,0
612.9019529819489,8508,6716,11096,-80,-30,87,7220,-9396,10000,-62,113,-180,-13660,4416,5872,-994,132,-70,-14064,-5204,6496,-556,125,-155,0
612.938050031662,8648,6680,11364,-116,-30,97,7464,-9460,10440,-66,113,-161,-13588,4272,5696,-982,119,-68,-13860,-5360,6304,-537,116,-104,0
612.9730460643768,8644,6876,11060,-96,-22,124,7336,-9396,10108,-47,121,-143,-13660,4252,5868,-968,84,-94,-13928,-5112,6480,-532,144,-108,0
613.0091640949249,8628,6608,11240,-118,-52,76,7392,-9400,10288,-46,138,-139,-13672,4184,5824,-981,80,-102,-13884,-4892,6492,-537,140,-158,0
613.0424890518188,8720,6664,11188,-135,-47,101,7416,-9392,10220,-36,194,-137,-13648,4176,6116,-931,47,-73,-13928,-5128,6408,-508,146,-137,0
613.0760900974274,8696,6644,11204,-163,-59,58,7344,-9488,10336,-16,199,-179,-13724,4316,5884,-990,105,-101,-13872,-5096,6600,-491,164,-124,0
613.1098749637604,8664,6596,11224,-161,-125,78,7320,-9536,10268,22,166,-188,-13520,4352,5928,-998,142,-126,-13852,-5200,6516,-467,176,-84,0
613.1432189941406,8536,6648,11448,-131,-164,145,7216,-9372,10448,-6,146,-220,-13392,4596,5948,-973,178,-164,-13872,-5224,6412,-492,192,-84,0
613.1768250465393,8436,6652,11232,-133,-205,136,7308,-9468,10236,-43,127,-235,-13804,4280,5844,-971,227,-188,-13916,-5076,6556,-495,209,-45,0
613.2104399204254,8668,6640,11180,-195,-226,149,7228,-9460,10304,-57,109,-224,-13628,4304,5784,-970,198,-132,-13928,-5140,6456,-533,203,-54,0
613.2449760437012,8612,6404,11184,-173,-196,187,7308,-9376,10328,-52,123,-192,-13572,4312,5940,-1016,204,-157,-13844,-5352,6608,-521,170,-53,0
613.2785439491272,8636,6564,11080,-201,-121,167,7332,-9404,10300,15,131,-201,-13684,4188,5860,-771,172,-166,-13948,-5280,6636,-517,209,-53,0
613.312108039856,8676,6656,11028,-201,-155,194,7392,-9324,10276,25,108,-204,-13752,4260,5820,-1017,189,-73,-13928,-5104,6624,-766,193,-57,0
613.3453650474548,8584,6656,11112,-179,-151,160,7544,-9332,10280,-19,135,-234,-13760,4264,5904,-985,219,-129,-13988,-5108,6260,-496,228,-20,0
613.3787710666656,8728,6636,11344,-208,-177,164,7364,-9480,10240,7,128,-233,-14048,4248,6044,-989,206,-176,-13916,-5020,6452,-478,198,-19,0
613.4120709896088,8856,6592,11052,-155,-167,159,7172,-9372,10136,252,105,-219,-13712,4224,5856,-1015,175,-156,-13828,-5012,6416,-495,140,-61,0
613.445531129837,8708,6580,11136,-209,-144,130,7308,-9336,10488,-9,141,-176,-13604,4216,5848,-977,187,-109,-13864,-5080,6376,-459,107,-96,0
613.4791889190674,8712,6652,11216,-204,-118,134,7384,-9352,10280,-27,164,-182,-13620,4276,5764,-987,149,-70,-13936,-4892,6600,-766,163,-89,0
613.5127310752869,8600,6692,11324,-174,-147,115,7380,-9300,10236,-20,163,-185,-13696,4132,5864,-980,157,-132,-13924,-5144,6388,-492,197,-57,0
613.5459370613098,8688,6520,11236,-182,-148,140,7328,-9224,10320,-19,145,-241,-13664,4296,5808,-1025,223,-157,-13864,-4952,6368,-502,235,-73,0
613.5794429779053,8692,6608,11216,-106,-149,150,7332,-9360,10432,-58,91,-231,-13628,4180,5660,-999,183,-137,-13904,-5152,6196,-547,179,-92,0
613.6131670475006,8620,6648,11348,-118,-174,157,7360,-9328,10204,-44,86,-180,-13696,4260,5660,-984,191,-101,-13784,-5132,6352,-262,152,-133,0
613.6461560726166,8948,6500,11208,-137,-89,128,7660,-9316,10300,-41,118,-181,-13764,4320,5736,-1000,116,-77,-14000,-5108,6380,-534,177,-123,0
613.6799781322479,8812,6488,11280,-137,-78,111,7196,-9384,10040,-29,129,-164,-13764,4124,6008,-1003,77,-62,-14004,-4876,6648,-553,139,-142,0
613.7135410308838,8876,6584,11064,-118,-59,105,7420,-9332,10312,-54,168,-160,-13748,4112,5708,-998,110,-53,-13940,-5328,6168,-543,106,-134,0
613.7471520900726,8792,6644,11124,-119,-49,86,7428,-9360,10276,-78,152,-149,-13756,4204,5688,-971,74,-110,-13948,-5044,6392,-556,113,-160,0
613.78084897995,8664,6528,11268,-105,-103,83,7408,-9460,10248,-71,150,-157,-13612,4180,5792,-1006,72,-88,-13948,-5208,6300,-260,142,-126,0
613.8143579959869,8784,6588,11180,-101,-68,87,7284,-9472,10232,-40,152,-181,-13608,4244,5780,-1006,88,-76,-14000,-5056,6276,-557,118,-124,0
613.847697019577,8596,6612,11232,-107,-84,84,7320,-9372,10204,-22,160,-142,-13656,4244,5776,-1031,83,-51,-13812,-5196,6316,-497,170,-114,0
613.8812119960785,8556,6640,11208,-121,-82,103,7324,-9356,10184,-37,139,-191,-13640,4236,5676,-988,131,-118,-13860,-5152,6492,-500,185,-116,0
613.9147169589996,8612,6572,11280,-149,-65,94,7376,-9356,9984,-67,105,-192,-13692,4340,5732,-954,133,-121,-13968,-5148,6280,-528,118,-120,0
613.9483189582825,8712,6644,11180,-155,-138,113,7440,-9488,10336,-59,173,-184,-13648,4160,6016,-994,123,-101,-13828,-5204,6428,-529,122,-112,0
613.9818720817566,8676,6560,11036,-125,-59,70,7352,-9420,10308,-41,172,-169,-13640,4328,5644,-948,69,-70,-13816,-5140,6416,-503,170,-137,0
614.0154149532318,8672,6448,11356,-106,-82,142,7372,-9404,10260,-28,127,-179,-13600,4220,5952,-996,143,-101,-13812,-5220,6392,-516,167,-92,0
614.0522840023041,8712,6620,11128,-127,-107,122,7672,-9240,10256,-98,183,-222,-13676,4172,5796,-934,138,-128,-13980,-5008,6352,-516,180,-80,0
614.0885190963745,8664,6476,11128,-158,-61,146,7472,-9416,10116,-40,86,-187,-13820,4192,5848,-984,132,-110,-13976,-5012,6304,-763,126,-94,0
614.1244339942932,8760,6420,11036,-133,-26,85,7224,-9404,10300,-53,209,-121,-13732,4224,5704,-1014,114,-51,-13904,-5172,6648,-465,70,-116,0
614.1600420475006,8760,6628,11100,-140,66,79,7384,-9412,10288,-31,113,-135,-13520,4204,5744,-986,116,-41,-13872,-5168,6220,-460,124,-108,0
614.1954090595245,8636,6700,11464,-118,-49,110,7224,-9688,10048,-74,74,-177,-13656,4256,5824,-1022,137,-110,-13960,-5064,6624,-492,130,-112,0
614.2313210964203,8580,6688,11480,-85,-42,115,7344,-9364,10012,-62,97,-180,-13704,4348,5756,-942,123,-70,-13808,-5008,6404,-550,154,-115,0
614.267324924469,8652,6616,11204,-153,-65,96,7300,-9464,10072,-37,94,-213,-13524,4216,5656,-1042,146,-121,-13820,-5068,6604,-484,119,-116,0
614.3023810386658,8660,6588,11192,-103,-93,118,7200,-9224,10072,-251,242,-184,-13736,4220,5708,-1042,154,-120,-13932,-5064,6440,-487,104,-76,0
614.3380470275879,8636,6584,11216,-64,-77,111,7272,-9492,10228,-11,108,-207,-13608,4256,5696,-1011,151,-84,-13880,-5036,6420,-563,122,-87,0
614.3730261325836,8612,6604,11412,-158,-133,120,7544,-9504,10396,-11,85,-193,-13720,4276,5776,-999,109,-91,-13868,-5128,6212,-594,184,-113,0
614.4087619781494,8652,6412,11140,-132,-103,88,7316,-9272,10176,-90,165,-198,-13580,4272,5860,-983,118,-85,-13992,-5364,6464,-568,171,-105,0
614.4442839622498,8684,6404,11164,-100,-118,85,7660,-9428,10276,-131,153,-240,-13660,4280,5660,-1009,135,-138,-14016,-5036,6348,-564,157,-117,0
614.479542016983,8632,6556,11132,-90,-103,86,7364,-9432,10000,-82,38,-235,-13692,4232,5744,-981,128,-59,-14024,-5072,6360,-558,117,-124,0
614.5146839618683,8628,6564,11164,-80,-76,109,7424,-9404,10292,-90,149,-165,-13728,4352,5736,-1058,118,-109,-13956,-5048,6484,-574,109,-141,0
614.5501780509949,8756,6612,11240,-63,-15,76,7460,-9404,10132,-81,137,-160,-13724,4220,5804,-1027,92,-54,-13860,-5104,6440,-530,102,-155,0
614.5852811336517,8636,6876,11444,-151,-35,96,7336,-9360,10188,-46,144,-155,-13608,4212,5628,-1036,123,-138,-13852,-5052,6492,-505,153,-115,0
614.6212060451508,8796,6720,11224,-150,-70,86,7336,-9420,10296,-47,120,-202,-13744,4284,5812,-1056,124,-67,-13924,-5084,6452,-543,88,-135,0
614.6562161445618,8508,6572,11064,-138,-56,115,7376,-9452,10296,-30,106,-191,-13712,4288,5876,-1043,82,-106,-13972,-5108,6448,-529,136,-153,0
614.6934471130371,8512,6416,11052,-128,-56,106,7304,-9352,10216,-1,126,-196,-13612,4184,5848,-1034,91,-117,-13872,-5120,6216,-543,115,-112,0
614.7271909713745,8520,6712,11108,-115,-59,103,7348,-9324,10148,-58,111,-192,-13720,4228,5636,-1054,142,-67,-14040,-5152,6632,-504,94,-91,0
614.7607960700989,8624,6652,11304,-138,-75,90,7352,-9356,10328,-49,107,-180,-13612,4332,5668,-1023,146,-48,-13932,-5080,6616,-532,120,-103,0
614.7943689823151,8696,6636,11284,-172,-80,114,7448,-9472,10016,-36,194,-162,-13696,4468,5528,-1109,138,-97,-13596,-4876,6396,-514,130,-88,0
614.8280911445618,8696,6708,11328,-162,-28,115,7348,-9392,10276,-72,19,-183,-13724,4296,5608,-1093,110,-96,-13884,-5052,6400,-520,84,-116,0
614.8614399433136,8708,6636,11256,-159,-48,103,7336,-9384,10240,-74,62,-173,-13656,4336,5484,-1060,160,-62,-13936,-5144,6544,-532,86,-75,0
614.8947660923004,8624,6640,11336,-161,-79,137,7448,-9240,10412,-78,66,-170,-13780,4268,5760,-1012,181,-68,-13956,-5368,6376,-564,118,-107,0
614.9283030033112,8756,6416,11100,-136,-37,136,7528,-9500,10192,-33,135,-159,-13708,4260,5396,-1000,76,-61,-14076,-5052,6476,-512,154,-137,0
614.9618229866028,8684,6544,11208,-160,6,77,7408,-9452,10188,13,173,-174,-13680,4300,5872,-989,60,-61,-13940,-5184,6524,-496,138,-133,3
614.9954090118408,8648,6660,11272,-180,-28,112,7188,-9244,10136,-25,97,-216,-13720,4224,5668,-1046,96,-96,-13960,-5100,6508,-473,133,-97,3
615.0290729999542,8544,6632,11176,-148,-39,125,7420,-9228,10420,-33,122,-217,-13728,4284,6008,-938,85,-116,-13936,-5124,6444,-520,168,-138,3
615.062497138977,8760,6616,11248,-160,-18,109,7308,-9380,10300,-27,177,-201,-13736,4308,5788,-1003,54,-138,-13876,-5188,6492,-435,234,-100,3
615.0960309505463,8548,6676,11264,-236,44,152,7344,-9404,10224,-14,-12,-203,-13704,4308,5832,-1019,88,-122,-13844,-5108,6572,-304,249,-96,3
615.1296150684357,8636,6644,11304,-298,-66,150,7424,-9468,10184,49,167,-201,-13784,4260,5764,-925,17,-82,-14000,-5088,6348,-288,207,-148,3
615.1631309986115,8608,6604,11176,-334,13,132,7356,-9420,10328,37,199,-172,-13640,4264,5756,-933,12,-93,-14048,-5044,6324,-167,286,-77,3
615.1969659328461,2072,7176,12848,611,289,17,7388,-9240,10096,134,122,-192,-13672,4248,5984,-940,-57,-156,-13872,-5036,6056,355,1094,-83,3
615.2304811477661,8472,6472,11324,-679,205,317,7296,-9336,10220,98,155,-222,-13744,4204,5936,-909,-107,-245,-13916,-4916,6352,142,1619,-80,3
615.2638440132141,8620,6492,11344,-661,89,504,7676,-9248,10008,106,176,-207,-13660,4236,5960,-906,-166,-139,-13924,-5116,6216,-178,935,-176,0
615.2974059581757,8612,6460,11356,-537,147,198,7376,-9368,10224,134,289,-113,-13660,4180,5448,-1012,-211,-30,-13832,-5088,6208,36,500,-141,0
615.3307321071625,8608,6452,11400,-383,111,159,7620,-9360,10276,116,199,-119,-13644,4120,5920,-1019,-275,-60,-13892,-4988,6264,187,627,-103,0
615.3644139766693,8488,6480,11556,-440,101,184,7328,-9320,10228,136,238,-160,-13752,4348,6024,-892,-146,-129,-14316,-5072,6224,21,604,-85,0
615.3976299762726,8596,6472,11608,-448,17,209,7480,-9420,10400,66,275,-154,-13636,4152,6108,-919,-198,-164,-13880,-4976,6036,-30,661,-128,0
615.431184053421,8604,6392,11380,-399,1,182,7368,-9320,10328,86,223,-182,-13680,4204,5968,-1087,-120,-113,-14012,-5044,6316,-276,380,-136,0
615.4647660255432,8568,6424,11444,-119,-36,66,7316,-9348,10252,-17,167,-163,-13564,4148,5588,-1194,-256,-58,-13968,-5004,6160,-766,-159,-159,0
615.4981861114502,8540,6384,11324,262,-182,-52,7384,-9636,10036,-86,163,-191,-13336,4192,5912,-1179,-8,-84,-13952,-5000,6140,-621,-84,-207,0
615.5318429470062,8604,6364,11424,158,-138,-45,7320,-9428,10364,-20,214,-192,-13564,4292,5580,-1182,17,-82,-13924,-5044,6316,-795,-203,-193,0
615.565523147583,8572,6544,11332,210,-216,-39,7344,-9452,10292,-93,179,-178,-13408,4248,5952,-1086,105,-119,-13944,-4884,6272,-662,-46,-156,0
615.5991840362549,8696,6460,11736,49,-277,69,7252,-9428,10244,-103,125,-204,-13680,4308,5816,-1038,50,-145,-13968,-5016,6288,-798,44,-170,0
615.6324880123138,8552,6580,11404,71,-324,93,7324,-9704,10452,-153,86,-218,-13640,4304,5840,-974,83,-63,-13948,-5056,6216,-725,59,-166,0
615.6661260128021,8484,6536,11084,150,-262,107,7276,-9376,10152,-145,46,-195,-13316,4324,5788,-967,64,-53,-13912,-4872,6176,-739,181,-143,0
615.6999759674072,8612,6592,11196,51,-213,108,7240,-9344,10248,-115,20,-183,-13604,4232,5904,-1044,161,-90,-13988,-4996,6244,-632,126,-100,0
615.7380859851837,8612,6480,11400,29,-114,137,7376,-9400,10492,-61,29,-180,-13692,4192,5784,-1081,178,-85,-14036,-5104,6216,-582,164,-127,0
615.7736480236053,8548,6612,11280,-37,-111,98,7480,-9460,10192,-35,55,-161,-13624,4192,6052,-1082,126,-119,-14004,-5312,5912,-449,220,-149,0
615.8091750144958,8524,6580,11156,-84,-154,85,7320,-9344,10128,-13,164,-201,-13616,4124,6024,-1075,25,-141,-13908,-5192,5932,-367,342,-135,0
615.844172000885,8564,6616,11260,-121,-172,75,7328,-9332,10252,-12,193,-217,-13728,4236,5864,-1167,44,-144,-14028,-5100,6252,-379,358,-122,0
615.8796501159668,8672,6680,11200,-122,-189,89,7328,-9440,10328,-28,147,-200,-13596,4220,6008,-1026,72,-110,-14056,-5104,6172,-380,306,-110,0
615.9146339893341,8668,6572,11360,-115,-134,92,7344,-9364,10100,-255,134,-177,-13600,4292,5948,-1028,30,-93,-13992,-5016,6052,-425,312,-139,0
615.9501709938049,8244,6460,11400,-144,-92,133,7308,-9316,10288,96,80,-166,-13468,4144,6112,-1032,253,-71,-13976,-5024,6216,-486,295,-98,0
615.9853839874268,8320,6648,11344,-83,-168,144,7288,-9724,10276,-17,98,-188,-13628,4304,5856,-1274,79,-112,-13912,-5172,6060,-454,322,-95,0
616.0210130214691,8552,6564,11340,-40,-177,118,7432,-9424,10224,-38,119,-229,-13604,4224,6024,-1010,58,-147,-14168,-5116,6068,-419,418,-122,0
616.0570919513702,8584,6556,11248,-157,-163,137,7748,-9364,10060,68,70,-189,-13756,4212,6052,-1038,-37,-107,-14064,-5152,6204,-429,436,-147,0
616.0923299789429,8556,6556,11120,-212,-256,127,7344,-9368,10220,26,154,-178,-13408,4164,6016,-963,-47,-87,-14300,-5360,6168,-394,357,-143,0
616.1277549266815,8496,6608,11156,-209,252,111,7320,-9432,10096,-30,121,-185,-13548,4184,6100,-919,58,-62,-14304,-5016,6024,-426,237,-139,0
616.162840127945,8596,6548,11256,-177,-49,106,7400,-9396,10248,-75,182,-188,-13784,4140,5872,-939,18,-67,-13980,-4904,6064,-371,245,-183,0
616.1987149715424,8624,6520,11276,-170,-59,55,7384,-9468,10340,-34,176,-217,-13636,4236,5888,-990,-49,-79,-14068,-5344,5932,-417,218,-195,0
616.2335929870605,8556,6440,11332,-155,17,9,7180,-9428,10252,26,239,-213,-13740,4160,5932,-936,254,-48,-14012,-4924,5944,-438,235,-205,0
616.2698299884796,8584,6588,11124,-119,-255,28,7304,-9320,10296,-74,117,-179,-13492,4248,5944,-875,37,-86,-14168,-5052,6096,-443,224,-171,0
616.3048751354218,8616,6408,11308,-195,-44,114,7392,-9388,10148,-70,108,-149,-13464,4196,5948,-1003,123,-67,-14028,-5116,5956,-460,108,-119,0
616.3397159576416,8560,6564,11276,-147,-49,106,7244,-9332,10452,-111,30,-135,-13504,4264,5808,-958,155,-53,-14024,-5164,6252,-497,33,-111,0
616.3758320808411,8596,6524,11156,-39,-50,96,7392,-9340,10296,-156,103,-155,-13572,4172,6100,-933,102,-12,-13992,-5124,5912,-479,114,-142,0
616.4088051319122,8560,6556,11304,-230,26,130,7400,-9452,10260,-41,134,-141,-13584,4228,6060,-991,66,-26,-14088,-5028,6172,-387,138,-118,0
616.4423179626465,8672,6532,11332,-173,26,93,7380,-9308,10316,-64,154,-124,-13548,4200,6036,-990,64,-31,-14036,-5016,6104,-441,121,-129,0
616.4759619235992,8564,6588,11380,-162,-27,70,7384,-9472,10332,-34,142,-150,-13604,4248,6000,-1012,74,-61,-14036,-5304,5976,-426,27,-155,0
616.5095880031586,8448,6604,11364,-71,-128,109,7332,-9356,10324,-105,78,-193,-13548,4308,6028,-966,92,-91,-13912,-5072,6316,-316,-111,-105,0
616.5428011417389,8580,6576,11252,107,-328,110,7428,-9420,10332,-96,34,-231,-13540,4328,5804,-975,145,-101,-13960,-5224,6044,-599,77,-126,0
616.5764510631561,8652,6600,11316,-166,-119,85,7372,-9436,10196,-64,108,-199,-13540,4216,5968,-959,141,-67,-14336,-4952,6288,-346,193,-33,0
616.6099569797516,8648,6608,11216,-240,-82,100,7296,-9472,10236,-19,119,-222,-13472,4288,6008,-955,163,-118,-13896,-5264,6008,-388,16,-53,0
616.6432931423187,8508,6504,11284,-223,-165,94,7324,-9480,10220,-16,166,-214,-13536,4300,5916,-940,183,-128,-13992,-5020,6176,-468,104,-70,0
616.6770710945129,8536,6476,11304,-232,-124,119,7388,-9440,10308,18,148,-211,-13324,4252,5960,-933,194,-160,-13992,-4988,6048,-401,166,-71,0
616.7105989456177,8604,6548,11508,-198,-181,131,7396,-9388,10056,-1,148,-237,-13552,4192,5952,-962,155,-150,-13856,-5316,5912,-353,104,-77,0
616.7439169883728,8724,6508,11376,-235,-205,104,7364,-9472,10324,-17,149,-231,-13688,4208,5976,-921,135,-111,-13980,-5112,6180,-366,-48,-81,0
616.777585029602,8528,6600,11148,-233,-207,142,7356,-9336,10288,-29,157,-212,-13772,4312,5896,-900,105,-92,-14000,-5076,6036,-395,28,-121,0
616.8111009597778,8508,6468,11348,-149,-161,129,7348,-9460,10212,-1,145,-223,-13512,4184,5916,-948,94,-123,-14036,-4912,6144,-349,-38,-73,0
616.8444719314575,8508,6548,11288,-230,-236,106,7400,-9368,10224,-23,154,-210,-13588,4196,5880,-982,95,-132,-13936,-5100,6148,-324,-101,-50,0
616.878103017807,8656,6472,11156,-232,-226,118,7372,-9416,10412,-7,193,-205,-13796,4296,5968,-957,132,-106,-14008,-5052,5912,-284,-12,-49,0
616.9112429618835,8628,6504,11368,-226,-174,116,7360,-9288,10284,-19,177,-220,-13664,4264,6004,-974,128,-65,-14068,-5008,6244,-287,60,-67,0
616.944433927536,8712,6464,11180,-219,-162,131,7484,-9360,10216,1,199,-192,-13776,4176,5800,-771,153,-136,-14056,-5032,6336,-305,92,-77,0
616.9781489372253,8524,6560,11244,-216,-176,96,7240,-9348,10300,23,159,-182,-13684,4168,5904,-1013,101,-155,-13968,-5052,6288,-276,158,-84,0
617.0117220878601,8564,6588,11264,-203,-153,123,7396,-9404,10064,3,148,-225,-13544,4120,6008,-964,145,-114,-14032,-5092,6200,-358,133,-94,0
617.0452530384064,8584,6552,11388,-207,-179,130,7364,-9436,10404,253,152,-225,-13660,4248,5956,-959,124,-136,-14040,-4924,6244,-384,211,-67,0
617.0787999629974,8688,6488,11312,-182,-176,135,7384,-9412,10316,-22,168,-213,-13692,4208,5916,-938,156,-89,-14088,-4996,6300,-401,132,-108,0
617.1123061180115,8656,6560,11236,-139,-151,114,7336,-9256,10164,-15,153,-193,-13724,4196,6004,-979,110,-111,-14020,-5080,6312,-395,90,-129,0
617.1457650661469,8640,6468,11204,-173,-102,84,7328,-9304,10300,-63,174,-192,-13564,4108,5892,-951,152,-124,-13976,-5116,6236,-372,148,-117,0
617.1791980266571,8656,6512,11272,-144,-173,60,7392,-9384,10464,-52,214,-216,-13620,4164,5828,-976,157,-159,-14048,-4868,6176,-389,190,-106,0
617.2129440307617,8452,6468,11484,-175,-149,77,7412,-9400,10220,-18,182,-220,-13552,4124,5860,-769,133,-123,-13960,-4960,6312,-412,204,-136,0
617.2462010383606,8720,6456,11160,-144,-150,63,7324,-9276,10296,-20,186,-232,-13576,4220,6004,-1044,101,-93,-13932,-4848,6412,-413,126,-136,0
617.2800059318542,8660,6492,11084,-112,-153,61,7360,-9360,10288,-47,169,-208,-13596,4216,5892,-1029,97,-66,-13968,-4816,6164,-421,159,-137,0
617.3136191368103,8744,6396,11296,-126,-123,54,7340,-9396,10288,-32,188,-174,-13612,4236,6064,-1101,72,-113,-14004,-5040,6272,-400,143,-132,0
617.346920967102,8644,6516,11176,-79,-59,60,7380,-9392,10304,-15,206,-140,-13636,4232,6108,-1083,49,-83,-13976,-4960,6320,-393,133,-143,0
617.3832931518555,8748,6520,11016,-85,-60,66,7360,-9372,10480,-52,180,-165,-13600,4208,5976,-1075,60,-41,-14024,-4924,6164,-370,150,-122,0
617.4219031333923,8628,6440,11212,-115,-105,73,7180,-9412,10336,-103,181,-136,-13764,4232,5888,-1004,39,-93,-14072,-4908,6268,-274,177,-118,0
617.4575979709625,8688,6488,11356,-89,-295,56,7168,-9348,10248,-3,186,-200,-13572,4220,6092,-1014,34,-86,-14032,-4896,6276,-280,191,-131,0
617.4928340911865,8560,6620,11316,-143,-88,88,7416,-9316,10168,-83,214,-168,-13592,4240,6056,-1267,33,-80,-14032,-4956,6192,-286,196,-123,0
617.528039932251,8652,6532,11148,-144,-98,85,7324,-9340,10228,-99,212,-163,-13460,4276,6064,-1014,31,-105,-13936,-4916,6336,-284,148,-138,0
617.5636849403381,8856,6604,11320,-162,-69,69,7328,-9696,10068,-105,149,-187,-13592,4220,6012,-943,60,-61,-13964,-4948,6316,-300,149,-121,0
617.5993981361389,8596,6564,11104,-132,-82,89,7332,-9480,10284,-107,190,-203,-13600,4216,5996,-1004,81,-124,-13904,-5120,6312,-136,-43,-129,0
617.6347651481628,8924,6496,11380,-110,-174,102,7284,-9340,10404,-106,205,-214,-13600,4180,6136,-993,244,-65,-14052,-4908,6228,-359,174,-117,0
617.6702649593353,8668,6528,11256,-168,-87,74,7412,-9492,10304,-96,194,-162,-13548,4180,6340,-895,-40,-43,-13996,-4968,6328,-342,125,-176,0
617.7053029537201,8596,6492,11276,-57,-59,69,7348,-9332,10400,-116,146,-150,-13612,4216,5900,-1019,39,-50,-13984,-5120,6264,-382,101,-161,0
617.7413129806519,8752,6592,11484,-124,-62,29,7344,-9408,10428,-39,221,-170,-13584,4216,6164,-993,27,-86,-14012,-5040,6208,-354,154,-137,0
617.7762191295624,8920,6552,11180,-143,-28,90,7364,-9280,10292,-109,133,-161,-13724,4340,5904,-1006,88,-38,-14264,-4804,6284,-361,106,-140,0
617.8121891021729,8544,6520,11244,-104,-56,117,7280,-9384,10452,-50,189,-120,-13516,4236,5852,-1030,92,-31,-13940,-4896,6344,-397,82,-130,0
617.8476459980011,8636,6464,11376,-121,-72,107,7224,-9412,10324,-87,145,-139,-13316,4176,5892,-863,8,-72,-13872,-4940,6308,-451,128,-140,0
617.8827381134033,8672,6428,11320,-86,-60,94,7308,-9428,10488,-91,111,-140,-13536,4276,6036,-899,99,-107,-13884,-4928,6512,-427,90,-160,0
617.9176650047302,8648,6508,11316,-107,-98,92,7264,-9448,10192,-44,87,-153,-13444,4216,6112,-881,88,-106,-13840,-4960,6412,-514,134,-153,0
617.95361495018,8584,6620,11172,-115,-89,65,7296,-9464,10256,-115,101,-187,-13660,4276,6032,-779,104,-65,-13964,-4980,6360,-540,112,-187,0
617.9895889759064,8572,6556,11028,-106,-93,77,7308,-9352,10224,-94,132,-204,-13540,4292,6012,-740,108,-109,-14076,-4876,6308,-521,151,-148,0
618.0247941017151,8732,6548,11248,-141,-108,96,7276,-9700,10476,-114,151,-194,-13608,4312,6064,-766,101,-94,-13948,-4848,6408,-507,172,-127,0
618.0603830814362,8952,6552,11168,-124,-137,92,7384,-9360,10384,-91,199,-211,-13576,4284,5980,-722,144,-69,-14004,-4924,6412,-551,108,-126,0
618.0939681529999,8488,6580,11280,-107,-87,75,7360,-9396,10356,-112,79,-187,-13532,4248,6100,-681,172,-59,-13996,-4988,6176,-535,125,-160,0
618.1276061534882,8940,6584,11456,-142,-51,83,7388,-9384,10268,-133,121,-185,-13632,4260,5932,-647,118,-55,-13960,-4960,6352,-526,124,-132,0
618.1613259315491,8696,6504,11220,-145,-35,81,7304,-9436,10172,-114,137,-167,-13464,4248,5980,-716,158,-51,-13984,-4932,6352,-608,97,-143,0
618.1948580741882,8560,6484,11232,-107,-38,84,7344,-9684,10412,-107,115,-178,-13688,4428,5912,-584,239,-112,-13852,-5108,6552,-676,85,-167,0
618.228264093399,8648,6496,11136,-84,-18,88,7204,-9472,10248,-128,110,-141,-13560,4424,5884,-519,335,-87,-13956,-5044,6316,-565,126,-139,0
618.2617220878601,8528,6572,11440,-108,-20,103,7316,-9464,10320,-134,96,-192,-13544,4320,5908,-510,382,-101,-13860,-4964,6364,-551,112,-85,0
618.295243024826,8640,6608,11448,-103,-83,100,7328,-9240,10216,-178,129,-191,-13564,4408,5884,-584,378,-72,-13912,-4892,6432,-624,151,-120,0
618.328910112381,8580,6476,11280,-119,-70,134,7404,-9664,10128,-103,103,-160,-13588,4356,6056,-718,305,-106,-13944,-4848,6520,-643,134,-115,0
618.3624200820923,8660,6572,11388,-154,-52,115,7300,-9464,10476,-39,112,-144,-13588,4556,5496,-700,314,-119,-13984,-5048,6444,-646,139,-83,0
618.3957221508026,8612,6640,11284,-142,-35,127,7232,-9432,10228,-145,98,-154,-13536,4396,5708,-682,360,-112,-14044,-5016,6388,-606,107,-76,0
618.4293220043182,8648,6532,11280,-141,-67,113,7224,-9648,10236,-103,167,-185,-13412,4416,5700,-673,325,-80,-13996,-4908,6272,-621,185,-99,0
618.4626650810242,8620,6568,11444,-167,-115,115,7212,-9576,10312,-95,157,-184,-13688,4512,5840,-727,355,-119,-13976,-4952,6500,-628,216,-89,0
618.4962220191956,8892,6576,11380,-157,-122,133,7344,-9468,10240,-73,174,-168,-13676,4364,5732,-736,332,-82,-14024,-4960,6392,-675,179,-83,0
618.5299570560455,8568,6640,11224,-177,-111,114,7252,-9412,10132,-122,153,-187,-13692,4380,5748,-679,325,-125,-13984,-4820,6268,-683,141,-123,0
618.5634989738464,8596,6584,11176,-199,-98,109,7340,-9520,10112,-72,142,-219,-13632,4500,5660,-661,316,-185,-13988,-4980,6376,-710,172,-109,0
618.597265958786,8592,6624,11376,-169,-134,103,7292,-9560,9992,-77,151,-202,-13608,4456,5664,-666,333,-161,-13868,-5020,6296,-729,208,-84,0
618.6305990219116,8576,6504,11344,-223,-103,93,7316,-9428,10304,-70,107,-230,-13560,4496,5832,-574,319,-125,-14048,-4968,6160,-721,213,-97,0
618.6639790534973,8624,6632,11168,-197,-125,154,7276,-9560,10388,-77,93,-238,-13704,4440,5748,-577,316,-118,-14068,-5048,6188,-771,170,-95,0
618.69757604599,8640,6532,11264,-190,-114,157,7280,-9644,10460,-65,60,-225,-13684,4484,5636,-615,311,-132,-13960,-5052,6300,-520,169,-83,0
618.731162071228,8732,6636,11136,-226,-144,154,7320,-9628,10112,-77,135,-227,-13812,4560,5528,-613,316,-151,-14144,-5008,6388,-783,192,-111,0
618.7645740509033,8644,6548,11268,-174,-155,139,7400,-9540,10288,-33,167,-208,-13764,4416,5568,-785,270,-122,-13968,-5024,6152,-739,134,-102,0
618.7981729507446,8668,6508,11244,-167,-210,147,7328,-9536,10144,42,160,-212,-13752,4460,5544,-1042,221,-125,-13972,-4976,6352,-634,162,-75,0
618.8316040039062,8652,6540,11312,-200,-173,128,7512,-9452,10164,104,173,-221,-13716,4528,5768,-1111,118,-126,-13856,-4980,6272,-603,195,-91,0
618.8650550842285,8708,6472,11208,-205,-143,138,7312,-9564,10272,37,103,-210,-13688,4488,5724,-897,60,-132,-14252,-5040,6608,-619,207,-101,0
618.8983380794525,8952,6496,11268,-171,-137,150,7388,-9656,10232,40,89,-206,-13740,4616,5588,-979,80,-154,-13912,-5044,6216,-603,201,-106,0
618.9319679737091,8624,6468,11236,-206,-190,150,7276,-9412,10124,77,86,-3,-13680,4520,5684,-1001,97,-136,-13984,-5040,6296,-639,242,-113,0
618.9652700424194,8648,6552,11244,-210,-186,171,7252,-9432,10212,46,146,-251,-13660,4564,5508,-1013,93,-157,-13992,-5060,6212,-663,234,-52,0
618.9991290569305,8816,6512,11120,-236,-183,200,7672,-9496,10348,76,75,-221,-13712,4432,5760,-1055,58,-63,-14048,-5032,6300,-650,123,-70,0
619.0326941013336,8784,6472,11360,-234,-168,159,7380,-9452,10216,111,112,-178,-13748,4568,5568,-1128,-24,-81,-14012,-5028,6216,-622,140,-104,0
619.0656681060791,8628,6436,11472,-230,-151,182,7204,-9676,10380,154,47,-162,-13652,4464,5628,-1157,-87,-69,-13920,-5172,6200,-569,109,-86,0
619.1033170223236,8796,6500,11416,-163,-163,151,7216,-9476,10268,85,122,-191,-13712,4528,5796,-1171,-63,-86,-13992,-5092,6296,-554,129,-94,0
619.1393990516663,8772,6652,11264,-225,-156,113,7356,-9632,10196,85,121,-217,-13700,4488,5620,-1267,-118,-102,-13840,-4988,6176,-452,142,-127,0
619.1748781204224,8816,6488,11364,-163,-182,132,7344,-9404,10280,78,112,-192,-13712,4604,5500,-1302,-163,-100,-14024,-5080,6216,-453,95,-117,0
619.2106189727783,8500,6396,11292,-171,-169,109,7320,-9376,10164,255,138,-197,-13652,4516,5880,-1215,-163,-82,-14028,-5104,6248,-437,104,-128,0
619.2461371421814,8888,6552,11164,-145,-124,61,7336,-9368,10156,-34,126,-225,-13692,4316,5668,-1266,-87,-81,-13932,-4944,6156,-432,113,-131,0
619.2818059921265,8804,6544,11232,-164,-79,84,7352,-9376,10316,-256,124,-205,-13840,4384,5724,-1221,-45,-58,-14096,-4972,6320,-415,171,-144,0
619.3179790973663,8520,6512,11216,-180,-62,99,7340,-9472,10236,10,119,-176,-13628,4452,5556,-1291,-60,-102,-13992,-4924,6236,-417,170,-114,0
619.3531429767609,8844,6628,11492,-152,-61,95,7352,-9284,10188,-38,96,-173,-13688,4536,5624,-1321,-80,-53,-14080,-4956,6236,-404,160,-118,0
619.388778924942,8532,6492,11020,-153,-98,120,7336,-9440,10112,12,103,-147,-13684,4464,5920,-1320,-90,-77,-13880,-4996,6260,-361,145,-88,0
619.424350976944,8944,6616,11268,-185,-55,136,7384,-9432,10392,-6,113,-143,-13640,4424,5828,-1532,-64,-68,-14044,-5060,6300,-389,141,-111,0
619.4602990150452,8708,6420,11304,-177,-56,136,7248,-9236,10000,32,128,-152,-13540,4348,5772,-1247,-67,-52,-13868,-5084,6308,-385,138,-126,0
619.4959261417389,8568,6536,11420,-192,-49,98,7332,-9376,10300,19,141,-158,-13584,4536,6060,-1182,-59,-90,-13980,-5080,6276,-383,146,-131,0
619.5313129425049,8628,6528,11328,-238,-90,86,7320,-9232,9996,-30,127,-180,-13620,4320,5996,-1142,-73,-33,-14040,-5120,6252,-352,163,-152,0
619.5672719478607,8756,6420,11284,-173,-78,98,7184,-9636,10348,-14,139,-179,-13504,4416,6104,-1145,-69,-110,-14044,-4964,6240,-369,177,-148,0
619.6024639606476,8504,6448,11064,-147,-63,107,7380,-9392,10176,54,136,-205,-13560,4424,6004,-1154,-42,-95,-14016,-5108,6316,-380,183,-142,0
619.638209104538,8760,6480,11220,-143,-69,104,7196,-9376,10308,253,109,-201,-13544,4556,5916,-1116,4,-52,-13876,-5088,6268,-340,196,-144,0
619.6735990047455,8868,6540,11376,-177,-47,113,7340,-9412,10108,-33,121,-185,-13580,4372,5920,-1051,25,-86,-14036,-4964,6180,-361,180,-106,0
619.7097020149231,8752,6448,11444,-180,-72,125,7384,-9380,10000,-25,159,-162,-13464,4392,5952,-1068,-20,-67,-13956,-5080,6316,-366,201,-138,0
619.744980096817,8752,6336,11232,-192,-80,127,7416,-9380,10296,0,145,-164,-13600,4412,6092,-1127,-19,-42,-14036,-5112,6364,-400,157,-140,0
619.7786829471588,8916,6476,11140,-136,-62,107,7400,-9336,10304,-2,96,-131,-13520,4356,5920,-1114,4,24,-13856,-4976,6224,-421,92,-116,0
619.8120970726013,8728,6492,11224,-142,-79,111,7464,-9356,10016,-9,146,-165,-13668,4464,6012,-874,-33,-63,-13916,-5044,6340,-367,210,-143,0
619.8456189632416,8744,6404,11204,-178,-40,111,7400,-9396,10092,248,191,-153,-13516,4412,6072,-1060,43,-70,-14080,-4900,6244,-378,161,-157,0
619.8792250156403,8480,6492,11256,-169,-63,90,7260,-9332,10268,-31,144,-135,-13588,4380,5660,-1048,21,-72,-14000,-5056,6144,-413,147,-118,0
619.9126329421997,8636,6508,11300,-164,-23,123,7292,-9432,10228,-44,124,-158,-13484,4396,5952,-1025,79,-73,-13968,-4956,6448,-413,100,-183,0
619.9462230205536,8640,6460,11368,-175,-68,109,7660,-9652,10480,-78,314,-142,-13532,4400,5852,-1017,71,-92,-13976,-4948,6304,-388,170,-112,0
619.9799139499664,8640,6516,11008,-153,-60,97,7376,-9460,10280,-43,154,-193,-13596,4400,5816,-1029,63,-72,-14028,-4888,6300,-447,165,-142,0
620.0134871006012,8620,6200,11356,-171,-75,81,7192,-9404,10228,-4,144,-176,-13532,4496,5892,-1053,79,-86,-13980,-5024,6296,-476,204,-153,0
620.0472481250763,8628,6444,11372,-181,-79,130,7356,-9420,10356,-18,119,-185,-13332,4520,5912,-1025,107,-100,-14000,-4972,6348,-484,166,-109,0
620.0807981491089,8764,6536,11248,-156,-69,90,7464,-9536,10108,6,35,-218,-13352,4452,6204,-1004,124,-122,-14016,-5048,6468,-467,141,-127,0
620.1143231391907,8720,6436,11244,-127,-78,61,7320,-9412,10064,-18,141,-172,-13672,4432,5896,-1012,102,-86,-14072,-5020,6212,-490,129,-150,0
620.147980928421,8744,6344,11320,-140,-58,105,7328,-9244,10324,-32,110,-158,-13572,4436,6084,-1051,141,-81,-14016,-5044,6308,-497,121,-148,0
620.1816499233246,8756,6500,11060,-121,-95,90,7332,-9380,10372,-35,137,-153,-13528,4376,6040,-1067,127,-39,-13964,-4992,6288,-494,109,-102,0
620.2152490615845,8704,6532,11188,-136,-29,91,7532,-9392,10420,-84,3,-146,-13572,4344,6120,-970,147,-75,-14028,-5032,6248,-490,113,-105,0
620.248939037323,8700,6524,11636,-168,-48,84,7372,-9376,10224,-40,162,-143,-13576,4440,5952,-1010,163,-94,-13948,-4980,6236,-573,71,-113,0
620.2825689315796,8676,6460,11192,-118,-67,85,7264,-9432,10304,-1,130,-202,-13536,4360,5888,-1032,153,-129,-13832,-4976,6324,-524,88,-122,0
620.3159010410309,8944,6520,11036,-136,-58,94,7268,-9452,10156,18,137,-163,-13552,4428,5920,-974,168,-158,-13896,-4996,6372,-506,153,-99,0
620.3493809700012,8520,6496,11388,-146,-87,102,7264,-9440,10352,-251,144,-196,-13640,4344,5980,-1015,199,-128,-13888,-5044,6396,-508,176,-83,0
620.3828430175781,8640,6428,11380,-173,-115,137,7416,-9380,10232,-30,142,-195,-13592,4112,5872,-946,163,-92,-14056,-4988,6260,-542,137,-101,0
620.4164159297943,8592,6408,11308,-114,-164,138,7272,-9476,10480,-50,145,-161,-13592,4404,6032,-987,169,-111,-14060,-4992,6360,-583,151,-73,0
620.4499559402466,8688,6156,11424,-117,-116,132,7268,-9388,10040,7,173,-207,-13532,4308,6116,-984,148,-136,-13888,-5012,6432,-550,153,-90,0
620.4833250045776,8628,6484,11200,-116,-67,120,7316,-9464,10392,-13,147,-193,-13560,4448,5872,-926,187,-131,-14044,-4972,6300,-581,120,-95,0
620.517040014267,8700,6484,11348,-117,-136,113,7636,-9352,10252,-46,167,-203,-13576,4412,5744,-906,185,-134,-14032,-4888,6180,-582,201,-80,0
620.5506000518799,8672,6400,11276,-150,-144,107,7204,-9404,10184,-13,161,-228,-13816,4424,5672,-895,193,-170,-13848,-5000,6244,-573,202,-87,0
620.5842061042786,8752,6376,11220,-126,-150,132,7348,-9412,10404,-14,164,-196,-13588,4552,5808,-943,163,-92,-14052,-5096,6152,-563,131,-92,0
620.6177480220795,8708,6464,11184,-151,-127,111,7332,-9388,10336,-60,132,-167,-13548,4428,5744,-911,190,-132,-13988,-4996,6364,-562,96,-80,0
620.6509931087494,8488,6488,11324,-167,-133,111,7328,-9456,10388,-66,144,-174,-13624,4352,6252,-910,192,-142,-14060,-5052,6392,-609,104,-40,0
620.684623003006,8648,6420,11308,-110,-103,122,7260,-9388,10328,-29,116,-197,-13816,4424,5992,-969,232,-151,-13924,-5044,6464,-678,64,-86,0
620.7181429862976,8796,6440,11308,-100,-112,114,7336,-9456,10208,-31,94,-204,-13592,4448,5816,-901,339,-127,-13876,-5040,6156,-938,-249,-109,0
620.7544231414795,8728,6468,11364,73,-78,71,7512,-9360,10268,-86,-35,-216,-13604,4464,5644,-795,408,-110,-14000,-4948,6536,-1292,-552,-166,0
620.7901570796967,8724,6408,11028,189,-100,96,7448,-9400,10156,-214,-126,-199,-13616,4372,6184,-746,350,-111,-13800,-4920,6024,-852,28,-119,0
620.8251900672913,8448,6444,11192,-50,-193,206,7276,-9416,10200,-58,92,-240,-13664,4104,5872,-1100,307,-177,-13984,-4944,6284,-594,404,-100,0
620.8609490394592,8756,6452,11156,-295,-105,188,7544,-9436,10476,106,139,-213,-13616,4384,5720,-1007,240,-148,-13984,-5356,6540,-624,176,-126,0
620.8962070941925,8672,6496,11488,-186,-28,188,7372,-9432,10308,3,-89,-201,-13600,4476,5796,-840,383,-87,-14072,-5168,6652,-850,-21,-162,0
620.9323179721832,8792,6476,11504,-6,-22,138,7368,-9400,10216,-20,-245,-233,-13644,4372,5944,-1081,506,-175,-13956,-4952,6180,-466,258,-89,0
620.967826128006,8804,6428,11008,-126,-153,135,7328,-9440,10088,35,131,-233,-13624,4424,6120,-1231,176,-176,-13960,-5056,6236,-419,267,-130,0
621.0025320053101,8776,6488,11084,-174,-122,123,7332,-9288,10108,1,108,-226,-13680,4424,5920,-1047,103,-105,-13940,-5056,6140,-688,205,-160,0
621.0377299785614,8784,6516,11160,-119,-161,63,7436,-9360,10300,-105,122,-189,-13632,4408,5756,-1056,41,-73,-13904,-5012,6240,-512,205,-149,0
621.0737309455872,8728,6404,11228,-108,-87,108,7488,-9420,10180,9,106,-193,-13700,4312,5884,-1148,-4,-112,-13944,-4868,6340,-490,257,-110,0
621.109631061554,8832,6476,11176,-180,-87,89,7204,-9340,10472,25,143,-182,-13352,4400,5728,-1100,-72,-71,-13976,-5048,6304,-523,194,-130,0
621.1448299884796,8756,6516,11316,-168,3,78,7492,-9388,10296,25,174,-155,-13612,4304,5832,-966,-216,-12,-14064,-5092,6316,-485,194,-153,0
621.1802680492401,8716,6492,11288,-116,-121,58,7276,-9332,10432,60,193,-170,-13784,4196,5796,-1199,-134,-79,-13968,-5168,6316,-435,263,-76,0
621.2155799865723,8956,6476,11064,-297,-152,86,7380,-9340,10080,79,232,-193,-13580,4316,5872,-1143,-140,-71,-13980,-5012,6172,-425,346,-119,0
621.2512829303741,8616,6336,11400,-328,-146,23,7484,-9440,10108,88,287,-177,-13608,4432,5880,-1014,-142,-58,-13952,-4884,6220,-448,207,-126,0
621.2876720428467,8708,6500,11284,-3,-136,77,7664,-9372,10340,-256,279,-169,-13580,4440,5644,-1047,-126,247,-13908,-5148,6360,-569,194,-135,0
621.3227970600128,8928,6188,11460,-207,-133,47,7296,-9352,10376,42,509,-161,-13320,4592,6036,-1083,-25,-64,-13904,-5196,6260,-549,246,-122,0
621.3582489490509,8472,6476,11436,-264,-61,36,7392,-9420,10008,-40,225,-164,-13592,4108,5800,-1085,1,-80,-14056,-5040,6344,-488,144,-92,0
621.3933880329132,8628,6428,11484,-166,-129,71,7352,-9364,10144,-59,186,-175,-13520,4432,5868,-984,27,-50,-13964,-5340,6232,-587,138,-141,0
621.4289469718933,8684,6384,11136,-297,-88,83,7164,-9392,10408,-21,199,-156,-13804,4364,5772,-997,-16,-101,-13948,-4980,6276,-511,282,-114,0
621.4622781276703,9240,6840,11052,-710,-69,44,7336,-9296,10340,28,208,-209,-13580,4320,6056,-886,254,-107,-13892,-5316,6308,-261,243,-94,0
621.4956250190735,8760,6284,11108,-320,-130,46,7400,-9324,10328,-99,224,-184,-13620,4384,5944,-729,59,-95,-14032,-4896,6296,-619,210,-115,0
621.5292611122131,8824,6420,11288,-301,-30,70,7424,-9368,10284,-72,210,-182,-13588,4416,5824,-927,80,-48,-13964,-4912,6008,-569,233,-113,0
621.5625700950623,8776,6440,11148,-351,-106,73,7344,-9344,10316,-1,213,-162,-13324,4108,5956,-821,144,-46,-13900,-5200,6024,-566,363,-99,0
621.5964660644531,8304,6412,12944,472,-188,127,6940,-9152,10488,2,311,-188,-13340,4404,5888,-704,155,-59,-14024,-5060,6204,-541,375,-89,0
621.6299390792847,8716,6436,11332,-466,-81,37,7404,-9360,10404,-59,297,-187,-13588,4292,5940,-546,201,-103,-13996,-4884,6236,-632,312,-110,0
621.6632070541382,8704,6416,11344,-265,14,-21,7280,-9416,10372,-257,170,-176,-13568,4380,5856,-470,410,-154,-13992,-5068,6212,-643,170,-79,0
621.696897983551,8720,6432,11308,-115,-99,-26,7280,-9356,10376,-258,151,-181,-13548,4356,5864,-648,448,-135,-13932,-5080,6200,-533,173,-48,0
621.7304570674896,8772,6332,11608,-108,-77,2,7272,-9456,9984,-194,224,-191,-13616,4468,5860,-829,509,-134,-14096,-5136,6284,-442,206,-20,0
621.7639260292053,8644,6304,11200,-203,-111,6,7396,-9344,10308,-190,275,-151,-13648,4132,5884,-770,502,-123,-14064,-5024,6240,-347,206,-256,0
621.7975471019745,8664,6436,11412,-206,-51,40,7240,-9268,10204,-188,175,-156,-13604,4384,5540,-823,401,-73,-13932,-5048,6372,-468,-118,-18,0
621.8310611248016,8912,6356,11472,19,13,80,7312,-9256,10176,-219,71,-192,-13624,4408,5612,-802,174,-49,-14012,-5004,6376,-662,-298,-138,0
621.8641581535339,8764,6344,11252,88,-181,65,7212,-9520,10304,-256,126,-163,-13716,4544,6112,-767,200,-53,-13992,-5072,6236,-803,165,-171,0
621.8976581096649,8688,6404,11372,-35,-74,63,7284,-9408,10492,-130,188,-194,-13540,4480,5816,-842,80,-63,-14000,-5096,6348,-596,255,-153,0
621.9446940422058,8588,6428,11264,12,-136,83,7364,-9224,10040,-186,105,-195,-13496,4360,5620,-898,84,-61,-13932,-4960,6224,-614,-171,-126,0
621.9891381263733,8820,6160,11316,-36,-94,82,7264,-9492,10232,-108,114,-192,-13668,4504,5668,-994,26,-242,-14024,-5060,6312,-612,-56,-125,0
622.0274231433868,8464,6376,11352,40,-68,102,7264,-9452,10304,-87,106,-184,-13604,4452,5680,-947,85,-52,-14056,-5192,6100,-562,27,-148,0
622.0610060691833,8684,6516,11468,-75,-60,79,7224,-9488,10356,-62,192,-148,-13588,4456,5676,-989,55,-102,-13928,-5104,6204,-505,149,-104,0
622.094516992569,8476,6532,11248,-121,-137,72,7236,-9668,10372,-114,184,-177,-13748,4508,5704,-912,57,-84,-13984,-5200,6212,-527,99,-125,0
622.1280529499054,8648,6484,11180,-117,-79,73,7284,-9440,10232,-85,159,-169,-13576,4420,5732,-968,58,-55,-13976,-5084,6320,-534,142,-101,3
622.1614739894867,8648,6404,11240,-114,-69,109,7260,-9560,10336,-105,108,-197,-13408,4360,5804,-1018,114,-50,-13836,-5192,6448,-529,130,-75,3
622.1948039531708,8664,6488,11212,-147,-87,131,7268,-9700,10276,-58,104,-191,-13720,4532,5776,-914,134,-92,-13880,-5156,6328,-510,179,-102,3
622.2285361289978,8696,6540,11232,-164,-61,103,7372,-9616,10268,-44,175,-176,-13716,4544,5788,-944,78,-96,-13912,-5088,6184,-468,232,-82,3
622.261904001236,8740,6416,11268,-197,-109,126,7276,-9636,10204,-17,200,-199,-13636,4448,5660,-1000,78,-125,-14028,-5124,6304,-489,197,-77,3
622.2955260276794,8648,6504,11472,-203,-197,135,7168,-9584,10108,-24,161,-224,-13564,4376,6092,-978,119,-132,-13936,-5140,6388,-516,216,-66,3
622.3291659355164,8560,6428,11420,-152,-208,137,7300,-9520,10324,-4,164,-222,-13680,4400,5728,-1034,85,-104,-13992,-5056,6312,-509,227,-125,3
622.3625490665436,8936,6436,11204,-166,-204,100,7216,-9464,10180,26,209,-206,-13724,4520,5916,-1023,42,-134,-13864,-5064,6240,-488,240,-104,3
622.4003880023956,8816,6444,11516,-181,-161,133,7196,-9560,10348,10,170,-210,-13648,4480,5680,-1010,59,-104,-13988,-5292,6340,-479,211,-77,3
622.4373350143433,8524,6652,11052,-175,-152,129,7256,-9728,10016,26,120,-191,-13632,4492,5888,-1072,100,-165,-13980,-4980,6192,-491,224,-94,0
622.4722321033478,8724,6436,11172,-168,-144,158,7308,-9468,10136,35,93,-206,-13628,4444,5796,-1047,91,-174,-13836,-5096,6180,-495,269,-102,0
622.5085730552673,8808,6396,11184,-187,-201,139,7184,-9648,10296,36,136,-218,-13736,4544,5792,-1072,70,-136,-13904,-4884,6268,-517,211,-94,0
622.5436251163483,8892,6628,11440,-154,-173,146,7348,-9436,10204,42,155,-215,-13576,4480,5788,-1065,55,-151,-14016,-5224,6212,-489,231,-100,0
622.5793540477753,8860,6384,11356,-207,-172,145,7276,-9432,10136,29,188,-191,-13636,4400,5788,-1006,66,-114,-14032,-4912,6300,-471,204,-66,0
622.6145889759064,8820,6528,11488,-172,-139,151,7312,-9452,10164,10,142,-191,-13616,4492,5868,-1082,73,-111,-13956,-4996,6216,-421,110,-60,0
622.6502389907837,8760,6380,11312,-200,-164,117,7212,-9480,10196,30,156,-161,-13648,4384,5728,-1076,95,-69,-13956,-5128,6304,-472,137,-88,0
622.6850390434265,8708,6416,11492,-205,-159,154,7268,-9408,10192,56,195,-187,-13664,4368,5900,-1108,56,-138,-13968,-4880,6316,-491,182,-83,0
622.7208139896393,8796,6412,11488,-156,-171,113,7272,-9492,10432,21,162,-220,-13512,4440,5784,-1082,59,-103,-14068,-5156,6296,-459,199,-68,0
622.7561349868774,8756,6396,11340,-215,-213,137,7284,-9696,10244,60,128,-239,-13564,4516,5728,-1082,103,-149,-14036,-4980,6192,-410,234,-36,0
622.791787147522,8804,6624,11432,-202,-207,163,7252,-9468,10008,48,111,-203,-13692,4516,5820,-1093,87,-100,-13928,-4912,6164,-459,187,-80,0
622.8280620574951,8680,6196,11460,-170,-143,144,7308,-9484,10188,26,151,-165,-13572,4404,5808,-1081,82,-74,-13984,-5068,6264,-476,114,-100,0
622.8630700111389,8784,6428,11348,-185,-116,128,7312,-9464,10360,32,118,-192,-13660,4456,5776,-1075,83,-128,-13880,-5148,6264,-480,160,-98,0
622.898561000824,8800,6472,11272,-179,-170,155,7316,-9432,10320,9,100,-203,-13588,4436,5976,-1112,133,-133,-14028,-5028,6212,-515,192,-109,0
622.9338819980621,8864,6328,11276,-146,-169,164,7304,-9460,10192,31,94,-209,-13528,4412,5672,-1111,124,-148,-14056,-4992,6316,-504,194,-73,0
622.9693500995636,8832,6652,11196,-138,-127,140,7384,-9440,10192,-18,82,-206,-13648,4364,5904,-1096,140,-70,-14036,-4980,6224,-485,163,-93,0
623.0042009353638,8740,6308,11276,-169,-116,133,7416,-9396,10196,-32,105,-196,-13616,4464,5680,-1080,138,-112,-13860,-5036,6244,-457,113,-84,0
623.0393171310425,8784,6232,11180,-155,-60,105,7300,-9388,10252,-56,105,-152,-13368,4316,5760,-1127,133,-72,-14048,-5068,6204,-505,72,-125,0
623.0742781162262,8912,6372,11268,-130,-6,113,7280,-9432,10328,-28,84,-157,-13608,4176,5896,-1158,150,-67,-13988,-4928,6224,-494,67,-145,0
623.1100170612335,8840,6632,11512,-130,-46,94,7384,-9412,10216,-54,128,-143,-13632,4392,5736,-1152,122,-71,-14252,-5016,6316,-512,79,-152,0
623.1431980133057,8792,6380,11368,-112,-36,87,7264,-9500,10164,-79,125,-168,-13624,4480,5820,-1148,130,-33,-14012,-5032,6328,-480,59,-153,0
623.1768600940704,8756,6292,11272,-127,-14,74,7348,-9412,10256,-39,130,-157,-13648,4388,5700,-1132,103,-19,-13976,-5104,6208,-757,65,-166,0
623.2105050086975,8724,6156,11048,-87,-3,67,7240,-9444,10304,-67,123,-154,-13736,4536,5932,-1118,93,-86,-13956,-5004,6152,-530,105,-151,0
623.2440869808197,8848,6380,11236,-98,-4,83,7256,-9408,10392,-43,125,-170,-13596,4336,5732,-1056,79,-58,-13936,-5088,6280,-535,67,-151,0
623.2777950763702,8820,6424,11240,-79,-35,80,7372,-9468,10332,-80,101,-170,-13804,4128,5668,-1049,149,-70,-14044,-5168,6296,-508,103,-124,0
623.3112599849701,8808,6228,11220,-109,-5,73,7296,-9368,10352,-69,80,-164,-13672,4408,5804,-1084,132,-91,-14072,-5104,6204,-493,60,-116,0
623.3446969985962,8820,6648,11312,-98,-57,94,7304,-9364,10276,-108,117,-164,-13584,4488,5732,-1060,141,-29,-14032,-5092,6336,-536,48,-123,0
623.3781869411469,8780,6180,11232,-79,10,63,7304,-9648,10264,-59,90,-156,-13348,4384,6044,-1117,92,-35,-14004,-5092,6304,-539,43,-152,0
623.4115929603577,8512,6444,11284,-62,-27,71,7480,-9684,9828,-121,300,-62,-13484,4428,5880,-1165,130,-43,-14028,-5148,6224,-545,22,-137,0
623.4451401233673,8852,6440,11212,-29,16,92,7320,-9232,10256,-98,120,-149,-13764,4356,5784,-1075,127,-60,-13992,-5076,6304,-522,15,-152,0
623.4785821437836,8776,6340,11364,-73,-248,57,7352,-9612,10028,-85,115,-160,-13628,4548,5444,-1052,131,-86,-13984,-5100,6264,-548,40,-126,0
623.5120959281921,8716,6188,11088,-81,49,66,7444,-9440,10216,-96,98,-175,-13576,4436,5808,-1096,95,-49,-13920,-5060,6360,-574,11,-149,0
623.5455379486084,8824,6448,11152,-54,39,61,7228,-9400,10308,-56,120,-119,-13624,4408,5852,-1054,103,-23,-13968,-5156,6236,-562,21,-142,0
623.579213142395,8452,6220,11492,-107,53,81,7260,-9480,10220,-93,116,-156,-13688,4408,5876,-1061,84,-21,-13920,-5104,6244,-554,36,-127,0
623.6130061149597,8660,6396,11412,-109,22,82,7252,-9584,10104,-65,113,-172,-13552,4492,5780,-1059,115,-83,-13856,-5112,6316,-508,53,-140,0
623.6460790634155,8552,6516,11368,-105,47,73,7264,-9692,10060,-28,123,-173,-13592,4408,5996,-1104,141,-103,-13892,-5068,6224,-529,123,-125,0
623.6799111366272,8732,6464,11256,-96,-21,77,7228,-9472,10184,-21,112,-171,-13816,4408,5912,-1090,119,-88,-13832,-5096,6376,-558,98,-128,0
623.7135231494904,8628,6492,11380,-61,2,108,7196,-9516,10200,-53,327,-219,-13508,4432,5756,-1164,150,-65,-13912,-5132,6248,-589,97,-135,0
623.7471449375153,8764,6420,11388,-109,-16,73,7348,-9460,10244,-41,129,-176,-13592,4412,5992,-1042,154,-52,-13904,-5148,6580,-526,119,-114,0
623.7808499336243,8768,6500,11360,-101,16,85,7388,-9456,10160,-28,78,-161,-13648,4472,5932,-1048,115,-38,-13912,-5100,6324,-550,56,-124,0
623.8143880367279,8724,6432,11196,-123,0,87,7292,-9492,10296,-58,105,-162,-13588,4424,5776,-1056,128,-88,-13984,-5152,6152,-578,87,-131,0
623.8477001190186,8688,6444,11284,-77,8,82,7500,-9584,10496,-125,180,-149,-13544,4440,5816,-1037,118,-88,-13924,-5076,6376,-570,78,-126,0
623.8805861473083,8564,6544,11288,-77,10,62,7196,-9424,10160,-95,118,-151,-13416,4368,5792,-1019,85,-31,-14020,-5072,6296,-569,101,-145,0
623.9139449596405,8648,6480,11008,-84,252,74,7212,-9536,10020,-54,110,-164,-13688,4440,6088,-1005,83,-84,-13932,-4900,6652,-546,119,-130,0
623.9476411342621,8628,6524,11076,-82,-12,88,7204,-9504,10300,-44,86,-177,-13568,4376,5836,-1019,105,-107,-13984,-5108,6332,-550,111,-100,0
623.9812009334564,8568,6480,11320,-85,-19,96,7220,-9488,10280,-45,85,-161,-13600,4348,5924,-1036,136,-131,-13976,-5024,6296,-551,159,-96,0
624.0147130489349,8628,6504,11324,-77,-31,83,7220,-9532,10168,-63,174,-188,-13588,4432,5996,-1027,84,-96,-14000,-5044,6412,-534,149,-101,0
624.048094034195,8636,6456,11448,-87,-30,101,6968,-9716,10180,-57,123,-185,-13652,4396,6040,-1013,121,-73,-13940,-5088,6524,-548,141,-114,0
624.0815629959106,8488,6520,11472,-116,-32,106,7276,-9480,10312,-33,112,-197,-13796,4388,5856,-982,105,-104,-13980,-4908,6168,-496,95,-99,0
624.1175739765167,8692,6480,11264,-80,-82,127,7252,-9512,10164,-256,125,-175,-13604,4456,5792,-991,121,-86,-14044,-5092,6384,-554,74,-79,0
624.153037071228,8676,6384,11424,-104,-94,129,7388,-9536,10472,12,138,-170,-13620,4460,6048,-1041,81,-143,-13776,-5144,6320,-540,127,-74,0
624.1882331371307,8456,6556,11196,-102,-130,117,7404,-9388,10408,1,114,-169,-13484,4360,5636,-1029,114,-106,-13976,-5128,6616,-539,114,-88,0
624.2235980033875,8660,6524,11376,-121,-132,121,7336,-9264,10444,-21,136,-201,-13636,4472,5772,-970,102,-118,-13912,-5332,6280,-534,176,-90,0
624.2586970329285,8632,6520,11324,-154,-113,120,7372,-9260,10248,17,143,-223,-13612,4476,5708,-996,92,-111,-14020,-5088,6404,-765,205,-74,0
624.293615102768,8732,6516,11468,-136,-101,166,7208,-9400,10088,25,101,-170,-13568,4432,5704,-1044,88,-111,-13864,-5168,6412,-539,132,-60,0
624.3299751281738,8648,6404,11368,-144,-133,175,7360,-9440,10172,37,100,-170,-13608,4320,5916,-987,118,-81,-13924,-5192,6304,-522,112,-95,0
624.3650500774384,8700,6504,11336,-167,-93,122,7288,-9480,10440,-7,118,-194,-13648,4380,5816,-994,93,-113,-13840,-5356,6572,-767,174,-99,0
624.4003620147705,8624,6488,11312,-162,-118,147,7216,-9424,10228,-3,107,-205,-13636,4396,5732,-998,101,-133,-13948,-4876,6640,-545,202,-92,0
624.4354610443115,8516,6452,11336,-148,-116,160,7264,-9432,10208,25,92,-228,-13540,4400,5680,-1280,114,-127,-14080,-4944,6644,-562,167,-114,0
624.4717400074005,8572,6420,11324,-94,-95,153,7168,-9404,10232,40,58,-213,-13644,4440,5696,-1032,70,-110,-13924,-5324,6396,-554,169,-112,0
624.5060529708862,8524,6516,11176,-105,-101,160,7368,-9520,10252,5,56,-201,-13544,4524,5816,-1026,170,-112,-14020,-5316,6300,-541,124,-67,0
624.5423231124878,8692,6568,11416,-119,-89,144,7272,-9452,10116,3,67,-202,-13792,4580,5704,-1063,111,-113,-14012,-5172,6256,-557,165,-92,0
624.5775990486145,8648,6440,11368,-108,-110,186,7348,-9472,10132,17,67,-192,-13620,4424,5832,-1031,123,-82,-13900,-5216,6472,-576,146,-119,0
624.6128630638123,8604,6460,11420,-128,-121,176,7284,-9488,10184,246,80,-201,-13636,4448,5924,-1045,121,-125,-13944,-5088,6212,-545,128,-92,0
624.6481370925903,8448,6204,11368,-134,-101,145,7360,-9520,10332,-25,121,-191,-13692,4356,5912,-1007,91,-93,-13940,-5040,6276,-550,188,-103,0
624.6836149692535,8900,6524,11244,-142,-121,147,7364,-9584,10068,17,123,-202,-13608,4464,5868,-1028,74,-157,-13952,-5076,6504,-542,138,-115,0
624.7193119525909,8952,6452,11096,-109,-80,110,7368,-9468,10216,14,104,-226,-13584,4324,5860,-1044,83,-122,-13948,-5152,6156,-546,174,-140,0
624.7543640136719,8640,6456,11460,-98,-100,137,7372,-9412,10288,10,41,-207,-13576,4544,5748,-1030,85,-96,-13860,-5120,6392,-566,110,-139,0
624.789911031723,8708,6448,11192,-60,-98,131,7192,-9220,10224,-37,52,-209,-13576,4100,5796,-1036,95,-131,-13884,-5124,6364,-576,124,-132,0
624.8235521316528,8684,6200,11032,-39,-99,151,7328,-9360,10180,-93,31,-202,-13616,4244,5932,-1036,65,-116,-13904,-5160,6372,-542,115,-101,0
624.8572599887848,8484,6448,11260,-66,-81,126,7336,-9252,10464,-131,54,-184,-13632,4316,5748,-1058,29,-92,-13944,-5220,6328,-526,148,-124,0
624.8906469345093,8748,6420,11128,-76,-65,85,7368,-9444,10284,-65,104,-150,-13600,4364,5752,-1060,19,-49,-13992,-5000,6280,-580,65,-191,0
624.924124956131,8768,6480,11120,-69,-250,95,7432,-9328,10088,-75,71,-146,-13316,4244,5688,-1053,-248,-2,-13872,-5120,6244,-543,52,-142,0
624.957710981369,8488,6560,11476,-61,-19,105,7652,-9384,10280,-108,51,-129,-13668,4356,5852,-1046,39,-43,-13936,-5184,6392,-560,78,-192,0
624.9914381504059,8756,6576,11328,-76,-41,86,7452,-9544,10208,-104,53,-188,-13616,4320,5932,-1036,30,-65,-13972,-4884,6196,-549,118,-132,0
625.0249519348145,8644,6508,11292,-28,-82,106,7364,-9488,10208,-65,63,-175,-13620,4316,5948,-1051,-12,-78,-13876,-5244,6492,-547,109,-161,0
625.0584480762482,8672,6592,11332,-34,-5,106,7188,-9420,10216,-104,52,-156,-13532,4100,5652,-1036,18,255,-13840,-5080,6428,-567,53,-162,0
625.0919570922852,8572,6508,11256,-65,13,102,7256,-9524,10148,-95,84,-121,-13820,4428,5928,-770,-24,-253,-13880,-5160,6172,-540,46,-167,0
625.1255259513855,8608,6556,11276,-89,247,105,7380,-9576,10148,-107,89,-144,-13544,4464,6044,-1050,-250,-26,-13880,-5316,6424,-577,81,-195,0
625.1592099666595,8696,6516,11408,-14,-255,82,7480,-9508,10204,-117,67,-161,-13528,4380,5952,-1045,-7,-52,-13888,-5240,6344,-553,108,-175,0
625.1927869319916,8564,6560,11224,-38,-71,90,7388,-9512,10236,-59,55,-167,-13524,4300,5968,-1078,38,-62,-13732,-5208,6460,-598,143,-158,0
625.226478099823,8656,6412,11488,-38,-56,103,7424,-9568,10192,-89,6,-202,-13608,4308,5856,-1044,52,-106,-13956,-5252,6356,-532,144,-164,0
625.2600870132446,8584,6504,11304,-69,-71,104,7244,-9464,10160,-69,44,-175,-13344,4328,5676,-1009,31,-83,-14064,-5244,6592,-512,138,-136,0
625.2936971187592,8688,6528,11264,-79,-57,71,7664,-9724,10056,-87,101,-166,-13672,4600,5964,-1046,15,-48,-13848,-5172,6616,-520,123,-179,0
625.3273530006409,8716,6556,11140,-48,-48,96,7472,-9448,10196,-84,93,-152,-13544,4412,5636,-1055,-14,-26,-13904,-5284,6388,-274,93,-157,0
625.3609910011292,8692,6616,11176,-52,-32,87,7332,-9584,10160,-114,80,-138,-13548,4364,6024,-1050,-11,-2,-13880,-5168,6416,-499,108,-200,0
625.3942620754242,8616,6604,11356,-100,-47,61,7640,-9512,10172,-107,131,-168,-13552,4320,6004,-1039,-35,-71,-13824,-5180,6492,-498,135,-161,0
625.4280440807343,8572,6644,11180,-130,-62,67,7460,-9540,10016,-80,131,-169,-13576,4552,6060,-1032,19,-96,-13868,-5184,6464,-471,144,-128,0
625.4616150856018,8468,6504,11320,-96,-56,82,7468,-9652,10152,-24,135,-164,-13444,4472,6088,-1037,29,-88,-13860,-5184,6216,-487,174,-134,0
625.4952130317688,8604,6568,11216,-126,-72,79,7372,-9480,10076,20,141,-187,-13420,4596,6140,-1065,75,-113,-13964,-5156,6156,-418,182,-119,0
625.5288050174713,8692,6584,11036,-138,-24,91,7460,-9460,10024,-13,156,-161,-13492,4340,5936,-1080,43,-109,-13588,-5244,6312,-477,155,-146,0
625.5622789859772,8732,6688,11472,-132,-54,96,7336,-9560,10184,-61,193,-194,-13384,4472,6064,-1063,55,-103,-13876,-5208,6392,-457,154,-129,0
625.5954809188843,8548,6648,11428,-160,-96,114,7284,-9496,10216,-36,160,-176,-13488,4132,6032,-1052,73,-107,-13920,-5260,6196,-425,144,-126,0
625.6291790008545,8656,6536,11160,-155,-100,98,7648,-9548,10124,1,192,-142,-13540,4420,6116,-1092,-13,-94,-13924,-5244,6348,-392,203,-104,0
625.6625020503998,8544,6604,11388,-233,-98,103,7396,-9256,10084,81,265,-164,-13756,4416,5872,-1095,32,-88,-13956,-5156,6256,-389,172,-130,0
625.696033000946,8620,6640,11296,-198,-60,123,7392,-9432,10144,34,231,-153,-13444,4224,6160,-1101,80,-52,-13924,-5256,6612,-363,295,-91,0
625.729730129242,8356,6516,11472,-183,-86,88,7416,-9468,10164,55,293,-162,-13808,4356,5852,-1120,50,-74,-13932,-5052,6372,-319,226,-93,0
625.7632660865784,8652,6452,11188,-221,-73,74,7384,-9468,10116,102,253,-164,-13520,4448,6100,-1099,63,-105,-13848,-5100,6432,-370,173,-109,0
625.7995810508728,8636,6532,11404,-164,-67,68,7404,-9476,10256,72,211,-138,-13476,4276,6132,-1108,27,-48,-13912,-5236,6148,-417,164,-91,0
625.8347780704498,8572,6632,11288,-220,-68,93,7260,-9472,10228,68,242,-151,-13444,4112,6112,-1121,65,-101,-13836,-5200,6328,-416,233,-104,0
625.870866060257,8556,6612,11388,-265,-120,108,7272,-9412,10320,17,509,-190,-13544,4560,6396,-1114,148,-150,-13816,-5328,6352,-397,305,-84,0
625.9061710834503,8560,6552,11164,-290,-163,132,7316,-9596,10196,98,256,-213,-13340,4388,6040,-1139,162,-145,-13976,-5164,6392,-376,397,-70,0
625.9422831535339,8568,6524,11316,-357,-178,95,7312,-9424,10196,114,329,-216,-13468,4368,6136,-1122,228,-216,-13900,-5148,6348,-362,527,-14,0
625.9781310558319,8564,6632,11200,-476,-182,57,7232,-9416,10328,111,383,-200,-13316,4212,6168,-1137,335,-239,-13912,-5140,6436,-404,578,-17,0
626.0136649608612,8672,6292,11464,-719,-90,55,7260,-9416,10224,390,499,-158,-13468,4348,5908,-1128,330,-226,-14000,-5044,6348,-450,548,249,0
626.0497109889984,8700,6572,11204,-537,-129,53,7332,-9452,10416,93,358,-160,-13644,4244,5752,-1125,405,-208,-13984,-5012,6356,-166,604,44,0
626.0849061012268,8600,6420,11040,66,35,150,7260,-9424,10300,42,117,-169,-13536,4428,6000,-1142,396,-138,-13964,-5188,6184,-383,247,15,0
626.1202681064606,8900,6468,11188,-234,-95,164,7364,-9348,10176,38,126,-187,-13552,4136,6048,-1065,314,-163,-13960,-4888,5896,-345,182,255,0
626.1557099819183,8784,6468,11324,-284,-30,121,7232,-9420,10404,-69,173,-180,-13700,4228,5960,-1106,335,-184,-14120,-5096,6168,-268,401,38,0
626.1914141178131,8696,6488,11612,-324,-25,77,7196,-9656,10024,34,249,-143,-13812,4276,5688,-1143,193,-111,-14068,-5128,6484,-391,134,-25,0
626.2278339862823,8636,6468,11404,-213,-66,129,7268,-9416,10268,-10,115,-179,-13468,4228,5924,-1039,155,-118,-13908,-5076,6148,-482,-26,-91,0
626.2631120681763,8632,6440,11340,-107,-217,121,7264,-9352,10328,-85,105,-185,-13612,4324,6004,-1037,240,-84,-14056,-5040,6196,-424,278,-23,0
626.2985501289368,8700,6628,11424,-198,-56,153,7336,-9448,10120,95,133,-174,-13592,4260,5732,-1114,207,-158,-13996,-5116,6304,-432,147,-34,0
626.3339121341705,8576,6444,11420,-147,-153,159,7228,-9504,10060,5,94,-228,-13524,4288,5680,-1000,80,-123,-13924,-5048,6648,-509,-5,-113,0
626.3700850009918,8592,6380,11324,-65,-512,136,7316,-9480,10392,-71,134,-222,-13572,4172,5968,-946,135,-76,-13952,-5320,6324,-765,108,-86,0
626.4056079387665,8668,6440,11320,-61,-165,161,7308,-9340,10252,-26,72,-212,-13672,4220,5904,-995,179,-128,-14040,-5160,6440,-521,81,-106,0
626.4427881240845,8476,6360,11408,-104,-154,123,7296,-9392,10300,-27,76,-195,-13560,4248,5980,-953,124,-90,-14008,-5076,6360,-525,107,-153,0
626.4761199951172,8580,6484,11376,-88,-111,106,7280,-9316,10416,0,127,-156,-13592,4220,5732,-958,149,-89,-14020,-5020,6360,-498,87,-92,0
626.5098900794983,8688,6436,11292,-81,-87,98,7272,-9432,10536,-69,115,-207,-13592,4216,6024,-919,213,-116,-13924,-5020,6272,-506,221,-102,0
626.5435540676117,8716,6432,11324,-172,-91,77,7332,-9512,10428,-90,132,-225,-13588,4284,5864,-960,163,-120,-13888,-5024,6320,-522,202,-136,0
626.5769770145416,8676,6444,11148,-105,-54,83,7268,-9716,10156,-42,181,-157,-13676,4204,5884,-961,116,-102,-14044,-5092,6132,-499,150,-135,0
626.6101870536804,8852,6508,11048,-119,38,76,7304,-9400,10292,-60,183,-112,-13528,4108,5720,-971,123,-62,-13988,-5084,6300,-452,101,-134,0
626.6433780193329,8716,6452,11372,-148,31,60,7204,-9456,10268,-80,146,-127,-13660,4156,5896,-972,120,-40,-13892,-5304,6216,-494,118,-123,0
626.6767230033875,8560,6480,11344,-148,-32,66,6984,-9436,10368,-80,148,-163,-13608,4316,5964,-986,135,-61,-13884,-5024,6360,-504,154,-107,0
626.7102091312408,8708,6484,11296,-128,-60,82,7268,-9428,10264,-63,134,-192,-13816,4340,5940,-972,141,-112,-13984,-5092,6356,-510,215,-94,0
626.7436919212341,8520,6444,11252,-121,-27,88,7168,-9404,10324,-47,131,-168,-13556,4272,5804,-1004,132,-99,-13988,-5088,6324,-509,149,-113,0
626.7769770622253,8628,6396,11408,-100,-42,86,7208,-9496,10280,-50,109,-184,-13668,4244,5980,-993,116,-51,-14000,-5312,6332,-475,74,-147,0
626.8103790283203,8604,6516,11280,-157,-76,82,7316,-9596,10228,-59,164,-164,-13676,4468,5884,-951,124,-23,-13828,-4956,6344,-466,113,-108,0
626.8440549373627,8572,6436,11304,-146,-27,89,7332,-9532,10228,-50,126,-151,-13656,4260,6084,-1004,115,-63,-14016,-5048,6168,-464,105,-132,0
626.8774309158325,8624,6488,11112,-126,-33,97,7332,-9492,10352,-24,123,-173,-13592,4184,5948,-780,90,-90,-13944,-4996,6328,-517,120,-131,0
626.9107339382172,8620,6520,11272,-102,-87,84,7292,-9352,10320,-74,111,-184,-13668,4212,5644,-1004,103,-58,-13948,-5052,6312,-494,114,-169,0
626.9442780017853,8624,6500,11416,-114,-51,86,7308,-9224,10476,-64,149,-171,-13628,4136,6024,-994,101,-64,-14056,-5244,6208,-767,115,-163,0
626.9775941371918,8580,6636,11388,-125,-48,90,7236,-9392,10328,-48,123,-184,-13608,4284,5992,-1029,78,-55,-13884,-5300,6388,-499,120,-124,0
627.0110881328583,8828,6448,11288,-127,-36,102,7316,-9412,10300,-35,131,-149,-13596,4220,5812,-1028,94,-74,-13836,-5024,6372,-499,96,-129,0
627.044557094574,8508,6424,11304,-112,-48,88,7284,-9240,10304,-52,131,-146,-13616,4264,5924,-1010,119,-72,-13912,-5000,6320,-505,78,-117,0
627.0779421329498,8552,6628,11744,-91,-63,84,7352,-9360,10396,-40,97,-173,-13596,4264,5880,-1029,68,-41,-14012,-5064,6188,-257,122,-148,0
627.1111891269684,8468,6568,11240,-116,-82,67,7276,-9324,10300,-59,151,-185,-13320,4248,5884,-1004,99,-101,-13936,-5048,6332,-477,136,-114,0
627.1446089744568,8620,6408,11448,-123,-59,93,7220,-9448,10184,-62,123,-162,-13612,4264,6132,-989,94,-92,-14020,-4948,6264,-259,92,-140,0
627.1779310703278,8600,6484,11260,-84,-54,84,7264,-9484,10324,-15,133,-163,-13676,4196,6016,-1037,69,-105,-13940,-5068,6328,-516,112,-117,0
627.2115919589996,8604,6444,11348,-141,-40,98,7192,-9496,10332,-76,159,-147,-13588,4212,5868,-938,24,-66,-14004,-5108,6408,-531,75,-139,0
627.2450821399689,8616,6508,11392,-84,-30,100,7184,-9420,10224,-51,141,-178,-13648,4232,5980,-996,90,-50,-13996,-5064,6296,-512,120,-137,0
627.2785451412201,8624,6456,11460,-117,-33,62,7424,-9368,10244,-42,110,-167,-13652,4352,5796,-989,101,-71,-13916,-4896,6372,-499,123,-151,0
627.3120260238647,8588,6452,11320,-135,-36,73,7352,-9684,10316,-33,144,-160,-13800,4508,5912,-1027,66,-83,-13900,-5092,6392,-501,123,-119,0
627.3455419540405,8684,6532,11280,-89,-41,99,7328,-9508,10248,-53,107,-152,-13588,4516,5980,-1011,59,-44,-14016,-5180,6348,-498,99,-161,0
627.3789010047913,8564,6520,11340,-133,-36,102,7348,-9432,10216,-70,116,-164,-13576,4316,5896,-1001,89,-72,-13988,-5096,6400,-257,76,-113,0
627.4151711463928,8464,6520,11400,-123,-61,118,7236,-9364,10184,-75,140,-154,-13588,4244,5968,-972,57,-54,-13940,-5012,6288,-516,121,-142,0
627.4491400718689,8568,6548,11496,-126,-53,76,7348,-9224,10200,-43,135,-164,-13576,4264,5972,-989,74,-77,-13976,-4884,6284,-536,130,-178,0
627.4855010509491,8540,6536,11332,-134,-41,103,7264,-9364,10204,-25,97,-197,-13812,4292,5972,-772,129,-96,-13904,-5364,6168,-518,139,-134,0
627.5213160514832,8528,6628,11348,-143,-75,103,7236,-9556,10220,-35,203,-174,-13776,4508,5648,-1077,119,-69,-13852,-5160,6296,-518,156,-164,0
627.5571501255035,8544,6432,11288,-129,-37,131,7272,-9456,10256,-33,165,-168,-13596,4260,5816,-968,103,-72,-13844,-5340,6288,-516,148,-118,0
627.5928249359131,8592,6532,11400,-160,-72,99,7292,-9712,10028,-3,146,-175,-13612,4224,5940,-974,126,-115,-14064,-5008,6420,-508,117,-98,0
627.6286571025848,8600,6548,11496,-171,-100,144,7276,-9452,10316,-14,152,-183,-13628,4312,6060,-994,152,-62,-13984,-5140,6580,-259,126,-107,0
627.6635789871216,8612,6536,11296,-154,-148,112,7332,-9488,10276,-50,145,-192,-13648,4216,5880,-983,162,-147,-13900,-5112,6440,-519,130,-100,0
627.6991000175476,8552,6448,11236,-166,-116,126,7336,-9544,10280,-55,158,-206,-13684,4280,5676,-993,107,-119,-13884,-5096,6312,-524,153,-82,0
627.7344200611115,8680,6480,11152,-153,-134,135,7268,-9444,10240,-252,153,-209,-13532,4316,6132,-972,127,-137,-13904,-5120,6304,-536,134,-79,0
627.7701489925385,8584,6432,11440,-149,-122,142,7212,-9544,10232,17,151,-213,-13516,4300,5892,-974,133,-97,-13940,-5264,6592,-538,161,-80,0
627.8054120540619,8600,6520,11412,-164,-154,120,7220,-9392,10084,18,112,-216,-13644,4252,5916,-1003,159,-118,-13876,-5128,6280,-534,176,-77,0
627.8408300876617,8616,6544,11084,-159,-155,129,7280,-9352,10192,7,124,-231,-13676,4224,6028,-1009,129,-139,-14020,-5112,6224,-540,162,-70,0
627.8762309551239,8648,6176,11420,-163,-167,137,7328,-9348,10464,-5,130,-204,-13612,4224,5884,-975,118,-98,-13868,-4904,6232,-523,155,-71,0
627.9125170707703,8664,6648,11348,-182,-170,147,7296,-9480,10376,-7,107,-205,-13532,4280,5892,-970,112,-107,-13936,-5000,6240,-530,95,-57,0
627.9481930732727,8676,6520,11488,-144,-150,164,7304,-9536,10308,-16,122,-189,-13636,4328,5816,-962,67,-60,-13944,-5008,6192,-559,84,-89,0
627.9832539558411,8708,6448,11360,-166,-149,141,7412,-9404,10440,31,98,-175,-13528,4300,6140,-961,73,-67,-14004,-5028,6316,-559,126,-125,0
628.0192921161652,8584,6568,11300,-103,-158,127,7360,-9388,10260,28,130,-180,-13540,4244,6052,-987,83,-137,-13968,-5060,6364,-519,129,-92,0
628.0549080371857,8660,6488,11324,-126,-149,124,7296,-9228,10304,-8,117,-226,-13668,4304,5988,-951,96,-112,-13904,-5024,6248,-523,159,-86,0
628.0903980731964,8592,6492,11356,-175,-180,159,7344,-9440,10284,11,104,-201,-13608,4320,5908,-972,57,-137,-13944,-5084,6352,-538,114,-76,0
628.1274530887604,8640,6496,11244,-123,-171,162,7396,-9368,10352,-1,105,-194,-13696,4300,5904,-974,82,-83,-13904,-5300,6620,-551,74,-125,0
628.1608340740204,8576,6228,11388,-160,-120,119,7224,-9240,10252,-18,101,-162,-13356,4236,5968,-998,70,-45,-13920,-5120,6516,-537,49,-103,0
628.1943531036377,8588,6492,11356,-108,-126,151,7196,-9400,10300,-24,102,-200,-13656,4268,5960,-965,86,-96,-13976,-5072,6384,-552,112,-114,0
628.2280440330505,8580,6448,11392,-104,-172,137,7320,-9488,10288,11,52,-202,-13508,4308,5960,-1000,85,-92,-13900,-4972,6416,-565,139,-75,0
628.2616980075836,8688,6440,11348,-109,-172,138,7332,-9360,10276,9,49,-212,-13568,4236,5984,-988,129,-132,-13980,-5044,6344,-559,165,-94,0
628.295037984848,8676,6380,11516,-95,-173,156,7416,-9340,10164,-57,75,-248,-13640,4380,5668,-1005,126,-140,-13964,-5096,6432,-553,177,-82,0
628.3286399841309,11460,6588,11784,-103,-108,71,7356,-9360,10244,-53,89,-194,-13604,4372,5888,-995,127,-96,-13900,-5044,6412,-527,137,-109,0
628.361839056015,8560,6472,11012,-124,-105,117,7200,-9432,10340,-49,96,-195,-13628,4220,5952,-1041,115,-98,-14020,-4968,6392,-534,179,-135,0
628.395308971405,8664,6528,11052,-107,-105,100,7348,-9344,10240,-25,119,-205,-13724,4204,5988,-769,79,-107,-13888,-5132,6352,-549,122,-139,0
628.4290289878845,8672,6468,11256,-98,-96,91,7448,-9416,10236,-104,133,-174,-13512,4200,5692,-991,77,-88,-13888,-5108,6308,-525,102,-144,0
628.4625210762024,8704,6464,11252,-102,-86,61,7320,-9332,10296,-57,152,-172,-13616,4256,5840,-1274,86,-99,-13980,-5104,6440,-491,104,-147,0
628.4958651065826,8468,6420,11072,-116,-49,57,7420,-9724,10376,-34,156,-143,-13584,4324,5728,-1037,38,-50,-14020,-5128,6268,-551,109,-166,0
628.5294780731201,8564,6592,11512,-121,-29,79,7292,-9284,10408,-38,132,-149,-13500,4212,5992,-1003,80,-48,-14036,-5212,6304,-523,135,-151,0
628.5629360675812,8628,6584,11148,-101,-6,89,7420,-9284,10396,-77,89,-191,-13520,4140,6000,-979,68,-78,-13956,-5112,6344,-532,127,-152,0
628.5966861248016,8596,6488,11508,-118,-80,81,7388,-9392,10144,-96,133,-186,-13532,4280,5856,-992,86,-97,-13924,-4996,6488,-259,137,-142,0
628.6301441192627,8928,6444,11292,-121,-55,115,7268,-9388,10420,-58,127,-147,-13496,4232,5780,-993,82,-74,-13916,-5072,6412,-504,85,-107,0
628.6635310649872,8672,6440,11108,-119,21,96,7332,-9396,10284,-17,110,-113,-13648,4272,5760,-1030,110,-41,-13888,-5320,6324,-497,70,-137,0
628.697231054306,8580,6620,11476,-98,22,98,7376,-9400,10332,-41,103,-128,-13564,4216,6060,-1024,103,-24,-13996,-5140,6352,-525,67,-132,0
628.730721950531,8612,6468,11480,-91,10,79,7328,-9268,10440,-70,155,-162,-13644,4228,6052,-995,59,-24,-14004,-5140,6408,-502,107,-168,0
628.7643921375275,8912,6496,11216,-95,-33,64,7260,-9364,10196,-45,103,-174,-13552,4284,5864,-1015,95,-95,-13964,-5108,6300,-565,126,-165,0
628.7979609966278,8676,6536,11180,-107,-28,90,7180,-9540,10300,-65,132,-183,-13504,4348,5928,-982,71,-92,-13892,-5116,6420,-539,142,-136,0
628.8316090106964,8636,6448,11340,-141,-16,61,7336,-9400,10100,-46,112,-167,-13536,4276,5864,-1008,110,-113,-13908,-5068,6332,-558,113,-155,0
628.8651340007782,8560,6468,11452,-140,-36,96,7360,-9640,10096,-36,122,-167,-13640,4268,6012,-1009,77,-51,-13872,-5220,6404,-465,139,-192,0
628.8984389305115,8732,6568,11084,-153,-9,75,7448,-9372,10228,-34,149,-157,-13520,4296,5936,-1001,65,-81,-13876,-5136,6504,-455,150,-157,0
628.9319541454315,8588,6568,11228,-175,-28,91,7276,-9440,10428,-38,130,-164,-13524,4256,6004,-951,22,-67,-13892,-5164,6416,-500,121,-167,0
628.9654750823975,8612,6416,11264,-159,-22,82,7388,-9232,10280,-63,165,-158,-13592,4292,6112,-954,252,-114,-14040,-5080,6548,-480,237,-146,0
628.9990861415863,8532,6420,11108,-211,-35,93,7344,-9460,10268,55,158,-158,-13608,4224,5932,-927,3,-84,-13620,-5156,6436,-446,329,-157,0
629.0326609611511,8668,6492,11232,-290,-16,145,7292,-9436,10020,20,171,-167,-13516,4224,6136,-909,23,-100,-13880,-5204,6252,-471,416,-162,0
629.0662019252777,8604,6488,11260,-433,-47,173,7220,-9332,10212,18,169,-180,-13472,4308,5980,-759,-10,-57,-13692,-5108,6336,-589,292,-156,0
629.0999400615692,8584,6484,11072,-392,-135,165,7320,-9500,10324,-18,175,-183,-13564,4284,5964,-838,39,-77,-13840,-5324,6456,-576,198,-175,0
629.1331441402435,8540,6520,11296,-360,-99,164,7372,-9428,10344,10,194,-197,-13448,4268,5968,-754,-255,-124,-13848,-5108,6220,-480,332,-171,0
629.1704940795898,8568,6484,11516,-362,243,176,7252,-9432,10400,17,187,-211,-13816,4268,6080,-798,34,-126,-13896,-5264,6376,-497,462,-181,0
629.2059559822083,8684,6556,11300,-460,-89,175,7292,-9408,10368,3,189,-192,-13604,4324,6084,-761,40,-56,-13936,-5164,6228,-222,668,-177,0
629.2413699626923,8524,6484,11320,-292,-83,219,7288,-9440,10148,30,157,-178,-13536,4320,5936,-670,10,-125,-13916,-5176,6212,-148,876,-172,0
629.2777090072632,8564,6400,11184,-293,-147,174,7272,-9416,10236,31,294,-181,-13520,4352,5776,-834,33,-119,-14036,-4916,6532,251,752,-93,0
629.3127980232239,8572,6276,11224,21,-168,174,7172,-9636,10412,-30,79,-168,-13416,4392,5824,-903,28,-71,-13896,-5148,6280,-22,353,-104,0
629.3487839698792,8508,6368,11464,-63,-162,124,7220,-9468,10412,-74,134,-195,-13476,4400,5816,-1004,129,-108,-13992,-5268,6308,-466,7,-115,0
629.3836290836334,8600,6420,11424,45,-44,63,7344,-9440,10308,-82,72,-187,-13556,4284,5824,-1099,243,-99,-14040,-5144,6144,-554,-243,-85,0
629.4191811084747,8572,6644,11668,88,-67,40,7340,-9480,10184,-123,99,-178,-13464,4408,6000,-1043,220,-92,-14052,-5124,6248,-583,-134,-73,0
629.454549074173,8608,6384,11460,-10,-75,69,7388,-9428,10296,-164,95,-133,-13640,4384,5756,-1080,211,-98,-14036,-4972,6348,-695,-199,-111,0
629.4902400970459,8604,6620,11660,46,-21,19,7400,-9560,10404,-65,169,-122,-13600,4424,5948,-1188,158,-107,-13984,-5096,6216,-751,-330,-99,0
629.5255770683289,8596,6544,11472,119,13,-25,7280,-9404,10472,-87,128,-112,-13456,4268,6248,-1205,243,-115,-14024,-5236,6200,-758,-423,-61,0
629.5618529319763,8548,6632,11244,256,12,10,7316,-9460,10328,-205,86,-163,-13632,4264,5848,-1154,242,-98,-13856,-5144,6308,-794,-287,-83,0
629.5977380275726,8496,6504,11392,135,-71,7,7284,-9452,10164,-165,76,-195,-13316,4336,5944,-1021,245,-104,-13884,-4992,6184,-744,-52,-67,0
629.6327259540558,8584,6432,11224,98,-90,42,7276,-9444,10292,-96,157,-162,-13572,4328,5908,-920,129,-86,-13864,-5172,6572,-762,11,-108,0
629.6682820320129,8544,6636,11188,-16,-66,64,7216,-9432,10416,-84,150,-164,-13560,4268,6072,-878,176,-83,-13880,-5036,6296,-667,35,-79,0
629.7035801410675,8572,6556,11352,-67,-97,84,7320,-9244,10264,-120,127,-170,-13620,4352,6224,-838,133,-122,-14012,-5352,6344,-662,114,-83,0
629.7391469478607,8532,6488,11288,-44,-145,99,6988,-9588,9984,-85,115,-203,-13348,4268,5676,-751,128,-112,-14040,-5160,6324,-708,184,-104,0
629.7741990089417,8536,6528,11380,-38,-141,77,7212,-9532,10240,-89,108,-208,-13560,4300,6124,-817,110,-157,-13880,-5268,6368,-771,171,-91,0
629.8105421066284,8500,6408,11508,29,-152,77,7296,-9408,10176,-136,78,-217,-13556,4148,5716,-712,150,-170,-13896,-5240,6608,-1016,193,-118,0
629.844211101532,8584,6580,11252,31,-112,80,7336,-9452,10372,-107,92,-201,-13608,4316,6060,-854,177,-177,-13904,-5104,6408,-686,108,-88,0
629.8776171207428,8584,6568,11416,3,-112,137,7360,-9460,10284,-89,109,-172,-13640,4420,5860,-907,174,-139,-13928,-5188,6296,-697,117,-84,0
629.9111001491547,8616,6584,11392,-35,-93,120,7316,-9700,10216,-40,53,-170,-13340,4340,5840,-938,185,-100,-13948,-5236,6304,-704,167,-68,0
629.9446280002594,8684,6588,11228,-32,-104,127,7364,-9296,10156,-46,62,-172,-13588,4364,5808,-974,157,-108,-13760,-5192,6240,-677,152,-118,0
629.9778809547424,8620,6600,11508,-78,-148,135,7280,-9544,10124,-59,76,-189,-13580,4300,5868,-906,96,-96,-13956,-5196,6308,-637,199,-114,0
630.0114989280701,8520,6568,11268,-109,-128,146,7464,-9528,10352,-51,98,-206,-13496,4384,5880,-956,107,-157,-13968,-5240,6400,-683,265,-112,0
630.0452160835266,8592,6400,11328,-144,-144,107,7172,-9676,10092,-46,101,-190,-13792,4372,6036,-949,143,-135,-13920,-5164,6216,-679,289,-109,0
630.0787749290466,8552,6568,11300,-98,-130,107,7368,-9720,10152,-43,119,-213,-13352,4596,6076,-977,148,-99,-13956,-5192,6368,-646,181,-102,0
630.112272977829,8504,6416,11432,-59,-134,99,7348,-9396,10124,-81,99,-186,-13556,4360,5960,-958,164,-99,-13888,-5268,6164,-618,194,-125,0
630.1455519199371,8536,6856,11328,-79,-113,123,7312,-9252,10208,-34,101,-178,-13496,4104,5932,-968,195,-162,-13844,-5188,6384,-594,195,-93,0
630.1787271499634,8640,6784,11180,-149,-91,132,7644,-9720,9988,-52,96,-230,-13648,4336,5740,-1008,2,-118,-13996,-5124,6288,-552,101,-83,0
630.2120840549469,8616,6604,11044,-135,-141,151,7348,-9600,10324,-46,110,-163,-13356,4104,5992,-987,199,-111,-13880,-5268,6444,-535,47,-83,0
630.2456059455872,8536,6648,11300,-172,-109,121,7356,-9476,10264,24,84,-190,-13556,4556,5688,-1052,202,-73,-13964,-5164,6436,-491,82,-71,0
630.2791800498962,8552,6688,11148,-158,-41,143,7372,-9504,10272,-37,92,-196,-13640,4380,5860,-983,201,-42,-14000,-5160,6244,-486,127,-112,0
630.3126730918884,8612,6560,11140,-165,-100,105,7328,-9532,10184,-59,141,-204,-13640,4388,5780,-984,143,-110,-13960,-5160,6340,-526,141,-129,0
630.3463790416718,8652,6548,11276,-134,-61,91,7640,-9520,10308,-32,115,-177,-13680,4272,5724,-983,154,-103,-13988,-5376,6264,-545,119,-150,0
630.3800270557404,8604,6636,11108,-128,-256,93,7312,-9476,10144,-11,146,-131,-13560,4376,5664,-940,127,-56,-14024,-5128,6244,-556,86,-162,0
630.4136459827423,8548,6872,11076,-126,-11,65,7404,-9500,10260,-43,159,-146,-13600,4176,5692,-941,159,-61,-13904,-5164,6240,-538,80,-164,0
630.4472589492798,8508,6416,11516,-122,-44,99,7404,-9492,10184,-56,126,-177,-13392,4364,5724,-975,173,-75,-13940,-5188,6268,-551,140,-129,0
630.4807939529419,8276,6892,11084,-81,-59,90,7348,-9464,10456,-42,105,-199,-13572,4456,5848,-963,199,-105,-13968,-5152,6280,-546,138,-137,0
630.514368057251,8580,6576,11252,-110,-53,113,7364,-9220,9996,-50,87,-199,-13620,4380,5688,-958,265,-129,-13772,-5156,6252,-570,152,-130,0
630.5480561256409,8588,6588,11056,-76,-60,122,7428,-9560,10324,-59,84,-177,-13640,4408,5756,-942,241,-107,-13908,-5256,6312,-555,144,-116,0
630.5817401409149,8604,6600,11268,-142,-41,119,7400,-9500,10240,-25,106,-173,-13676,4324,6092,-889,260,-89,-13968,-5208,6192,-587,137,-138,0
630.6149849891663,8684,6676,11136,-135,-18,90,7364,-9264,10272,-31,123,-182,-13708,4280,5816,-937,211,-100,-13872,-5124,6312,-544,119,-124,0
630.6482429504395,8616,6676,11224,-123,-43,93,7404,-9472,10204,-43,142,-161,-13716,4244,5796,-969,170,-96,-13820,-5244,6196,-556,123,-147,0
630.6817350387573,8544,6448,11376,-98,-27,88,7336,-9580,10148,-56,137,-165,-13676,4252,5656,-972,184,-113,-13940,-5252,6556,-568,99,-144,0
630.7152569293976,8564,6672,11236,-112,-43,78,7172,-9720,10156,-70,113,-171,-13748,4108,5740,-985,176,-131,-13820,-5292,6328,-540,97,-110,0
630.7490100860596,8628,6668,11308,-106,-5,61,7340,-9544,9988,-43,143,-158,-13640,4488,5720,-977,171,-93,-14076,-4968,6632,-561,60,-113,0
630.7825319766998,8536,6644,11232,-104,-3,59,7240,-9500,10344,-59,136,-150,-13644,4428,5812,-1004,171,-65,-13896,-5192,6376,-568,50,-107,0
630.8157420158386,8536,6444,11244,-95,27,55,7372,-9472,10128,-38,147,-149,-13680,4188,5408,-1006,225,-107,-13832,-5352,6340,-513,53,-93,0
630.852541923523,8560,6692,11188,-116,23,67,7320,-9496,10008,-16,154,-161,-13544,4244,5708,-1018,249,-103,-13924,-5228,6388,-528,116,-88,0
630.8880939483643,8476,6612,11300,-138,-29,109,7276,-9520,10228,-94,152,-158,-13696,4292,5976,-934,214,-70,-13988,-5172,6376,-524,57,-110,0
630.9231569766998,8524,6836,11368,-143,-70,96,7296,-9496,10236,9,161,-198,-13680,4344,5724,-1002,157,-127,-13900,-5292,6636,-535,154,-90,0
630.9592521190643,8484,6756,11380,-185,-75,125,7320,-9412,10224,16,174,-164,-13452,4368,5756,-1030,211,-132,-13636,-5260,6592,-516,114,-79,0
630.9949400424957,8576,6708,11508,-153,-111,136,7360,-9232,10124,-23,142,-210,-13668,4420,5708,-1015,194,-141,-13948,-5344,6292,-558,157,-74,0
631.0305359363556,8572,6544,11316,-183,-90,128,7320,-9536,10212,6,88,-196,-13644,4436,5804,-939,195,-152,-13892,-5200,6292,-579,146,-90,0
631.0659620761871,8568,6588,10976,-173,-92,136,7364,-9220,9976,-4,103,-217,-13700,4408,5672,-966,196,-112,-13896,-5264,6152,-576,97,-76,0
631.1018121242523,8476,6620,11392,-174,-35,146,7360,-9532,10332,-44,43,-175,-13720,4380,5796,-954,208,-87,-13792,-5316,6344,-680,72,-87,0
631.1379151344299,8624,6452,11512,-195,-50,144,7344,-9524,10448,-47,55,-192,-13640,4240,5704,-966,209,-119,-13892,-5224,6296,-669,126,-108,0
631.1735100746155,8576,6872,11412,-156,-74,151,7392,-9724,10144,-40,99,-203,-13752,4412,5708,-964,215,-126,-13984,-5292,6192,-658,149,-114,0
631.2093451023102,8476,6584,11352,-169,-144,164,7252,-9420,10136,-256,99,-237,-13640,4176,5740,-950,503,-103,-13820,-5148,6408,-613,169,-94,0
631.2451009750366,8408,6500,11384,-220,-130,188,7368,-9460,10180,26,84,-226,-13684,4388,5564,-965,232,-137,-13868,-5232,6256,-574,236,-101,0
631.2806279659271,8468,6560,11300,-281,-177,204,7324,-9436,10040,28,130,-226,-13692,4308,5668,-904,232,-100,-13992,-5312,6224,-535,193,-90,0
631.3170869350433,8572,6904,11168,-283,-154,206,7384,-9488,10236,1,150,-227,-13708,4424,5644,-970,218,-76,-13880,-5252,6536,-544,67,-131,0
631.3522400856018,8536,6616,11220,-206,-114,172,7336,-9648,10160,10,113,-198,-13688,4292,5792,-953,208,-77,-13832,-5208,6280,-551,208,-97,0
631.3880391120911,8532,6612,11236,-183,-120,164,7400,-9376,10224,-30,96,-200,-13720,4192,5492,-963,203,-32,-13916,-5220,6392,-612,122,-155,0
631.4235351085663,8644,6532,11068,-139,-70,116,7392,-9480,10168,-63,124,-170,-13708,4468,5744,-963,157,-40,-14020,-5328,6300,-629,88,-146,0
631.4591729640961,8632,6628,11440,-158,-16,111,7544,-9572,10004,-29,113,-173,-13712,4424,5672,-1018,102,-67,-13932,-5228,6168,-576,119,-156,0
631.4955499172211,8584,6608,11292,-92,-57,89,7328,-9504,10108,-66,128,-160,-13804,4472,5592,-1050,72,-112,-13872,-5356,6424,-549,99,-151,0
631.5291731357574,8620,6436,11380,-66,-49,78,7356,-9572,10228,-7,153,-190,-13568,4392,5616,-1061,131,-132,-13836,-5172,6168,-539,126,-135,0
631.5626361370087,8472,6904,11380,-175,-68,107,7360,-9456,10148,-34,150,-187,-13696,4400,5624,-1043,94,-75,-13904,-5540,6312,-505,167,-111,0
631.5961310863495,8580,6528,11404,-63,-95,90,7292,-9484,10176,-67,174,-161,-13692,4432,5420,-1048,70,-41,-13840,-5292,6572,-510,157,-145,0
631.629711151123,8668,6616,11504,-109,-50,57,7384,-9524,10204,-32,165,-156,-13672,4344,5612,-1107,57,-76,-13896,-5256,6352,-472,138,-166,0
631.66290807724,8512,6724,11372,-73,-88,78,7292,-9548,10144,-43,169,-159,-13732,4120,5644,-1103,54,-149,-13888,-5316,6272,-457,100,-118,0
631.6961331367493,8540,6816,11352,-88,-84,66,7332,-9468,10464,-51,201,-180,-13784,4220,5376,-1121,27,-145,-13864,-5596,6348,-381,181,-111,0
631.7299609184265,8500,6416,11284,-172,-107,54,7416,-9512,10268,21,217,-193,-13688,4412,5516,-1130,12,-129,-13992,-5156,6652,-388,184,-103,0
631.7633240222931,8608,6588,11192,-91,-122,81,7400,-9344,10156,-18,181,-147,-13948,4400,5608,-1096,27,-82,-14048,-5276,6388,-388,102,-140,0
631.7970011234283,8684,6412,11312,-115,-49,86,7204,-9480,10008,-51,187,-131,-13676,4428,5632,-1106,26,-50,-13896,-5336,6440,-385,48,-149,0
631.8305339813232,8552,6608,11444,-121,-98,72,7324,-9488,10064,-61,181,-136,-13824,4128,5664,-1056,18,-131,-13832,-5256,6392,-379,72,-117,0
631.8636929988861,8544,6628,11364,-83,-77,94,7372,-9564,10272,-51,196,-154,-13760,4384,5704,-1099,37,-117,-13836,-5280,6240,-433,130,-112,0
631.8969149589539,8524,6604,11304,-162,-99,91,7276,-9528,10064,32,203,-187,-13760,4272,5580,-1049,46,-64,-13764,-5372,6352,-409,145,-108,0
631.9304509162903,8640,6648,11180,-175,-96,60,7312,-9720,10192,-32,157,-186,-13752,4452,5512,-1053,42,-86,-13908,-5340,6332,-423,178,-108,0
631.9637539386749,8528,6720,11260,-116,-91,92,7348,-9484,10136,-23,133,-193,-13624,4416,5380,-1029,83,-81,-13776,-5272,6428,-468,134,-112,0
631.997349023819,8640,6540,11416,-160,-40,99,7400,-9472,10228,-25,178,-164,-13608,4324,5696,-1010,50,-119,-13864,-5276,6492,-434,127,-125,0
632.0310621261597,8600,6580,11128,-127,-25,59,7224,-9564,10312,-25,144,-157,-13696,4124,5752,-1061,69,-137,-13908,-5184,6404,-487,117,-119,0
632.0642709732056,8572,6676,11176,-119,-19,87,7264,-9480,10164,-24,157,-149,-13784,4276,5752,-1083,57,-71,-13800,-5236,6204,-462,135,-109,0
632.0978739261627,8556,6668,11340,-112,-42,66,7356,-9556,10108,-69,141,-156,-13644,4568,5888,-1054,77,-101,-13864,-5248,6392,-457,131,-122,0
632.131325006485,8604,6700,11448,-115,-66,48,7288,-9348,10392,-43,194,-155,-13628,4236,5592,-1063,27,-139,-13848,-5228,6632,-457,135,-123,0
632.1647419929504,8532,6676,11108,-117,-67,61,7312,-9468,10184,-40,196,-168,-13752,4304,5828,-1067,45,-101,-13912,-5236,6456,-404,125,-89,0
632.1982929706573,8528,6692,11512,-84,-50,67,7336,-9436,10208,-28,146,-161,-13700,4332,5752,-1066,64,-105,-13612,-5176,6508,-423,99,-92,0
632.2317450046539,8496,6416,11464,-136,-80,90,7276,-9544,10280,-5,179,-176,-13708,4268,5848,-1030,74,-108,-13892,-5328,6408,-406,153,-56,0
632.2650580406189,8692,6676,11316,-194,-113,129,7320,-9540,10100,2,164,-197,-13628,4328,5784,-996,123,-101,-13876,-5244,6476,-428,147,-38,0
632.2986669540405,8692,6424,11476,-157,-168,163,7296,-9512,10364,-33,169,-201,-13648,4432,5808,-1066,140,-150,-13728,-5244,6484,-450,194,-50,0
632.3322689533234,8200,6604,11308,-146,-180,163,7348,-9612,10428,28,145,-214,-13680,4556,5656,-1021,84,-173,-13784,-5308,6492,-476,199,-80,0
632.3655381202698,8580,6680,11180,-111,-148,139,7304,-9404,10032,-21,124,-190,-13668,4316,5712,-993,121,-111,-13772,-5272,6240,-463,137,-83,0
632.3989341259003,8560,6716,11068,-115,-143,139,7288,-9560,10120,-26,145,-197,-13672,4332,5700,-985,119,-79,-13768,-5248,6648,-421,184,-56,0
632.4370739459991,8512,6640,11312,-210,-113,141,7308,-9508,10188,-9,132,-209,-13712,4592,5596,-1005,78,-139,-13880,-5216,6232,-417,167,-77,0
632.4706211090088,8552,6668,11232,-156,-119,160,7328,-9440,10248,-3,152,-179,-13676,4212,5884,-995,69,-82,-13944,-5128,6464,-428,110,-80,0
632.5037069320679,8672,6632,11384,-178,-129,147,7328,-9572,10180,-37,99,-188,-13784,4340,5740,-940,64,-107,-13996,-5232,6444,-452,138,-114,0
632.5410530567169,8632,6832,11416,-161,-138,161,7312,-9412,10296,-63,177,-213,-13732,4604,5776,-935,13,-121,-13944,-5156,6412,-432,204,-79,0
632.5760791301727,8528,6556,11156,-192,-133,152,7196,-9708,10140,-50,126,-219,-13744,4096,5804,-955,18,-90,-13912,-5180,6352,-435,179,-84,0
632.6119680404663,8496,6604,11332,-180,-147,144,7392,-9468,9984,-30,126,-213,-13788,4112,5868,-962,26,-105,-14000,-5172,6416,-471,210,-79,0
632.6475610733032,8644,6868,11292,-182,-141,140,7364,-9504,10360,-53,83,-200,-13576,4400,5812,-960,26,-98,-13876,-5188,6308,-424,146,-93,0
632.6823589801788,8468,6600,11168,-163,-119,141,7336,-9448,10232,-47,93,-190,-13636,4456,5800,-949,50,-112,-13916,-5292,6444,-457,117,-119,0
632.7177839279175,8700,6684,11392,-135,-90,138,7364,-9524,10096,-37,85,-189,-13700,4556,5684,-991,92,-74,-13940,-5156,6216,-485,152,-134,0
632.7527859210968,8588,6400,11248,-163,-99,125,7276,-9512,10228,-43,90,-197,-13712,4300,5752,-954,76,-83,-13884,-4912,6176,-470,148,-140,0
632.7886440753937,8608,6644,11224,-132,-59,109,7336,-9464,10312,-94,111,-175,-13408,4328,5724,-979,58,-98,-13908,-5220,6416,-480,126,-151,0
632.8242931365967,8488,6536,11012,-138,-59,72,7308,-9616,10280,-52,146,-189,-13760,4412,5756,-990,51,-66,-13896,-5172,6388,-469,133,-166,0
632.8601291179657,8452,6596,11324,-142,-60,92,7388,-9528,10208,-46,148,-165,-13680,4296,5740,-1045,51,-100,-13824,-5232,6492,-473,152,-121,0
632.8955280780792,8500,6652,11252,-129,-32,97,7316,-9468,10232,-67,116,-156,-13648,4308,5748,-1019,42,-102,-14056,-5236,6472,-257,146,-138,0
632.9310820102692,8572,6624,11112,-128,-51,91,7168,-9492,10180,-68,108,-169,-13588,4300,5480,-1013,76,-42,-14064,-5240,6432,-471,142,-124,0
632.9660530090332,8616,6464,11212,-168,-56,111,7284,-9720,10468,-83,116,-179,-13648,4364,5704,-1023,102,-69,-14064,-5368,6324,-480,101,-119,0
633.0018019676208,8492,6624,11312,-121,-41,112,7328,-9544,10140,-76,99,-151,-13808,4400,5732,-1045,92,-28,-13828,-5224,6548,-491,81,-115,0
633.0379810333252,8516,6552,11376,-164,27,120,7268,-9492,10152,-21,102,-150,-13660,4372,5760,-1065,79,-68,-13680,-5160,6196,-405,129,-136,0
633.0733759403229,8564,6884,11440,-160,-22,98,7256,-9228,10092,-21,99,-180,-13572,4340,5820,-1013,72,-78,-13736,-5208,6532,-486,133,-120,0
633.1091740131378,8548,6624,11340,-136,-25,102,7192,-9580,10144,-81,113,-159,-13648,4324,5848,-850,60,-62,-13924,-5200,6432,-468,124,-114,0
633.1438629627228,8504,6576,11132,-205,-15,100,7372,-9556,10280,-70,81,-188,-13668,4488,5756,-707,88,-86,-13784,-5192,6424,-447,124,-86,0
633.1800711154938,8460,6576,11260,-134,-15,113,7200,-9608,10452,-154,95,-170,-13744,4380,5532,-768,48,-68,-13872,-5152,6484,-484,112,-127,0
633.213662147522,8500,6652,11332,-171,15,110,7236,-9536,10248,-108,84,-169,-13648,4428,5752,-713,30,-40,-13740,-5192,6372,-489,133,-119,0
633.2469019889832,8448,6696,11300,-169,29,115,7412,-9616,10204,-110,117,-152,-13692,4448,5788,-655,66,-47,-13984,-5204,6484,-523,115,-150,0
633.2803621292114,8388,6640,11228,-164,17,114,7396,-9532,10288,-107,76,-190,-13652,4464,5560,-616,93,-43,-13904,-5256,6432,-629,62,-160,0
633.3139669895172,8376,6580,11392,-137,73,107,7280,-9608,10064,-168,0,-177,-13612,4404,5668,-515,143,-80,-13832,-5168,6440,-641,135,-177,0
633.3474519252777,8544,6544,11408,-143,-7,126,7432,-9572,10052,-151,33,-190,-13380,4160,5648,-872,189,-123,-13940,-5204,6480,-600,174,-153,0
633.3809740543365,8472,6576,11472,-134,-21,138,7316,-9548,10008,-120,71,-179,-13640,4416,5844,-942,158,-74,-13948,-5240,6292,-565,155,-135,0
633.4145529270172,8400,6540,11508,-200,250,117,7412,-9648,10076,-87,88,-187,-13572,4528,5744,-867,149,-47,-13880,-5232,6244,-590,143,-143,0
633.4481029510498,8572,6628,11384,-159,5,122,7408,-9604,10128,-93,77,-167,-13680,4544,5648,-878,150,-52,-14072,-5268,6468,-634,129,-158,0
633.4814600944519,8400,6604,11436,-139,-4,85,7212,-9564,10232,-123,-45,-175,-13796,4480,5736,-955,126,-104,-13764,-5200,6388,-645,158,-169,0
633.514967918396,8460,6616,11372,-64,-51,138,7452,-9536,10132,-161,58,-203,-13584,4368,5724,-897,88,-94,-13876,-5028,6592,-651,122,-190,0
633.5485219955444,8440,6556,11428,-88,-13,78,7508,-9664,10092,-119,87,-170,-13616,4416,5840,-1012,39,-67,-13684,-5148,6652,-594,181,-178,0
633.5819599628448,8288,6888,11436,-161,-58,127,7292,-9512,10100,5,110,-193,-13640,4392,5668,-954,102,-67,-13820,-5200,6196,-613,160,-123,0
633.6155409812927,8444,6672,11416,-106,-56,97,7348,-9556,9768,-9,119,-181,-13720,4428,5764,-988,33,-69,-13896,-5340,6528,-639,226,-187,0
633.6487989425659,8244,6864,11408,-144,-98,102,7384,-9620,10064,-99,142,-191,-13720,4472,5684,-931,27,-119,-13832,-5200,6432,-637,182,-139,0
633.682137966156,8216,6616,11364,-117,-70,109,7500,-9596,10116,-95,105,-166,-13676,4492,5852,-877,-30,-101,-14076,-5252,6144,-647,192,-147,0
633.7157640457153,8452,6624,11316,-37,-80,94,7352,-9580,10052,-126,109,-164,-13756,4184,5788,-880,-32,-62,-13860,-5320,6360,-628,150,-138,0
633.7491590976715,8376,6640,11364,-80,-29,96,7356,-9660,10152,-138,115,-165,-13600,4504,5724,-820,247,-64,-13828,-5372,6444,-678,168,-188,0
633.7825689315796,8672,6864,11024,-99,-29,81,7360,-9568,10452,-186,104,-177,-13632,4516,5760,-700,16,-61,-13968,-5272,6324,-657,160,-143,0
633.8160579204559,8548,6584,11016,-74,-30,88,7432,-9676,10096,-158,99,-140,-13648,4532,5656,-922,56,-88,-13876,-5272,6336,-648,172,-127,0
633.8497059345245,8240,6908,11392,-91,-51,102,7404,-9584,10008,-124,160,-163,-13624,4500,5684,-873,-4,-101,-13732,-5356,6600,-602,219,-147,0
633.8830180168152,8440,6764,11016,-131,-80,109,7376,-9480,10128,-107,130,-213,-13624,4576,5660,-883,29,-110,-13840,-5296,6324,-598,279,-140,0
633.916748046875,8656,6888,11376,-101,-125,108,7304,-9724,10060,-94,119,-227,-13604,4548,5764,-913,-46,-117,-13884,-5552,6320,-608,348,-119,0
633.9502301216125,8444,6632,11276,-128,-168,106,7340,-9628,10260,-89,137,-238,-13496,4492,5668,-870,-75,-132,-13936,-5332,6384,-668,315,-132,0
633.9837000370026,8460,6904,11388,-110,-210,115,7344,-9644,10160,-98,173,-226,-13680,4520,5876,-870,32,-151,-13844,-5272,6288,-567,244,-127,0
634.0173499584198,8436,6472,11416,-125,-159,123,7452,-9656,10104,-46,141,-231,-13600,4464,5776,-851,144,-200,-13584,-5276,6292,-544,188,-89,0
634.0507581233978,8200,6484,11464,-152,-123,117,7668,-9652,10116,-35,155,-203,-13648,4572,5880,-862,185,-143,-13864,-5304,6432,-586,199,-115,0
634.0844841003418,8472,6696,11388,-147,-154,138,7416,-9600,10128,-51,114,-216,-13640,4432,5808,-953,128,-153,-13844,-5320,6248,-575,174,-81,0
634.1177849769592,8456,6404,11428,-114,-165,131,7396,-9532,9796,-44,137,-205,-13580,4492,5684,-954,138,-116,-13904,-5248,6416,-547,183,-110,0
634.1512360572815,8228,6444,11444,-142,-179,151,7488,-9596,9932,-5,125,-209,-13588,4504,5872,-936,128,-156,-13844,-5196,6244,-557,204,-85,0
634.1842739582062,8588,6628,11304,-150,-200,155,7384,-9584,9912,-18,121,-216,-13628,4500,5484,-959,95,-156,-13936,-5220,6324,-520,180,-98,0
634.2217469215393,8500,6600,11340,-120,-183,140,7468,-9608,10012,-21,110,-200,-13772,4468,5888,-1012,80,-96,-13920,-5168,6396,-492,147,-76,0
634.2570679187775,8488,6672,11300,-125,-165,132,7452,-9612,10160,11,94,-186,-13620,4524,5872,-1049,150,-104,-13840,-5292,6296,-463,128,-67,0
634.2925369739532,8556,6616,11396,-107,-171,131,7392,-9592,10092,24,148,-192,-13628,4472,5656,-1126,55,-66,-13928,-5252,6308,-424,157,-65,0
634.3280200958252,8500,6596,11332,-137,-179,135,7304,-9660,10076,40,144,-206,-13780,4472,5836,-1096,107,-128,-13868,-5348,6312,-456,138,-79,0
634.3635320663452,8504,6636,11388,-153,-193,132,7660,-9732,10216,32,106,-221,-13640,4508,5904,-1192,85,-110,-13956,-5284,6580,-425,167,-72,0
634.3991889953613,8472,6548,11340,-188,-174,140,7396,-9668,10064,17,129,-224,-13624,4512,5668,-1102,152,-133,-13860,-5288,6356,-480,115,-84,0
634.4341809749603,8524,6676,11312,-162,-189,129,7316,-9676,10184,-17,122,-213,-13548,4572,5664,-1108,210,-143,-13868,-5296,6320,-445,139,-64,0
634.4697699546814,8688,6896,11380,-150,-192,138,7400,-9624,10156,-26,110,-210,-13344,4548,5764,-994,179,-123,-13956,-5332,6348,-493,127,-94,0
634.5052571296692,8448,6580,11404,-148,-156,136,7452,-9544,10236,-37,124,-200,-13600,4384,5704,-1082,167,-140,-13896,-5208,6288,-515,133,-73,0
634.540619134903,8524,6564,11316,-126,-216,156,7408,-9632,10176,-18,126,-207,-13672,4436,5728,-1143,153,-135,-13820,-5320,6272,-467,130,-87,0
634.5755300521851,8448,6616,11116,-128,-201,121,7616,-9616,10116,19,144,-201,-13772,4512,5828,-1136,144,-157,-13844,-5324,6364,-458,136,-119,0
634.6110849380493,8608,6580,11140,-115,-193,119,7548,-9532,10008,-74,124,-173,-13740,4388,5860,-1142,147,-102,-13948,-5140,6240,-475,61,-139,0
634.6462140083313,8736,6532,11152,-78,-118,106,7376,-9556,9924,-22,185,-149,-13588,4504,5860,-1215,45,-89,-14028,-5344,6204,-473,72,-185,0
634.6822459697723,8620,6476,11200,-133,-68,98,7396,-9476,10104,38,156,-143,-13560,4340,5908,-1188,66,-63,-13912,-5312,6360,-443,101,-160,0
634.7175481319427,8584,6688,11464,-94,-41,73,7440,-9700,10204,-38,183,-161,-13688,4376,5664,-1132,66,-65,-13884,-5148,6392,-503,131,-159,0
634.753406047821,8648,6588,11096,-163,-96,71,7668,-9808,10072,5,156,-183,-13428,4528,5764,-1145,47,-130,-13940,-5312,6376,-443,146,-149,0
634.78919506073,8548,6708,11268,-67,-52,105,7196,-9696,9904,-21,131,-139,-13532,4528,5852,-1115,48,-50,-13852,-5328,6284,-498,64,-163,0
634.8241109848022,8540,6620,11148,-113,-30,67,7316,-9604,9980,-33,188,-122,-13628,4476,5848,-1106,18,-24,-13832,-5364,6344,-489,84,-157,0
634.8601360321045,8480,6700,11364,-143,-50,61,7292,-9592,10104,-39,181,-154,-13512,4452,5944,-1096,32,-92,-13852,-5296,6416,-495,142,-152,0
634.8933610916138,8684,6884,11384,-135,-41,75,7400,-9668,10132,-12,157,-138,-13340,4156,5856,-1119,70,-94,-13868,-5308,6356,-763,131,-160,0
634.927008152008,8560,6676,11256,-122,-48,82,7380,-9560,9984,-9,130,-144,-13516,4480,5680,-1085,99,-75,-13880,-5420,6340,-554,173,-150,0
634.9605331420898,8464,6672,11184,-138,-63,85,7392,-9604,10212,-28,101,-201,-13616,4412,5916,-1069,139,-79,-13840,-5340,6324,-547,185,-116,0
634.99400806427,8644,6652,11248,-119,-90,88,7392,-9696,10168,-11,151,-197,-13548,4456,5884,-1075,132,-84,-13880,-5276,6356,-498,164,-126,0
635.0275459289551,8516,6636,11268,-155,-69,91,7432,-9616,10092,33,184,-182,-13708,4372,5812,-1083,52,-106,-13904,-5312,6324,-528,194,-143,0
635.0611989498138,8700,6696,11180,-147,-67,73,7292,-9520,10060,12,168,-165,-13784,4420,5804,-1112,1,-78,-13852,-5364,6276,-501,153,-148,0
635.094722032547,8624,6660,11276,-124,-59,73,7420,-9604,10136,-11,144,-146,-13636,4404,5752,-1129,14,-80,-13776,-5372,6380,-522,108,-158,0
635.1282489299774,8556,6684,11284,-134,-41,91,7360,-9608,10196,-12,170,-158,-13640,4360,5856,-1073,48,-35,-13844,-5276,6312,-489,142,-127,0
635.1618559360504,8648,6684,11216,-137,-42,63,7252,-9480,10184,-43,157,-171,-13608,4484,5908,-1085,35,-53,-13804,-5356,6480,-485,142,-142,0
635.1954760551453,8452,6548,11224,-151,-69,56,7268,-9592,10060,-19,167,-171,-13808,4432,5844,-1068,24,-61,-13852,-5320,6260,-764,151,-118,0
635.2290930747986,8580,6728,11352,-141,-67,110,7360,-9536,10048,-21,169,-148,-13344,4412,5756,-1062,39,-118,-13856,-5340,6592,-508,159,-166,0
635.2625341415405,8544,6692,11336,-133,-79,88,7348,-9464,10104,-4,138,-167,-13560,4428,5860,-1099,36,-133,-13816,-5272,6272,-499,163,-120,0
635.296224117279,8348,6616,11260,-152,-70,82,7332,-9644,10080,1,151,-182,-13528,4464,5932,-1139,51,-112,-13828,-5456,6380,-459,205,-123,0
635.3299689292908,8432,6768,11252,-134,-83,117,7328,-9524,10072,-39,146,-183,-13620,4380,6000,-1139,19,-95,-13940,-5284,6320,-464,159,-143,0
635.3635771274567,8544,6604,11156,-101,-91,92,7328,-9644,10204,-13,170,-159,-13656,4460,5920,-1139,-9,-51,-13768,-5252,6556,-458,169,-114,0
635.3974721431732,8572,6632,11092,-152,-73,96,7480,-9568,9924,55,172,-159,-13612,4420,6016,-1139,-35,-77,-13740,-5360,6256,-450,165,-146,0
635.4306869506836,8464,6680,11148,-111,-42,73,7616,-9532,10212,-45,171,-146,-13624,4100,5992,-1104,-38,-60,-13792,-5328,6312,-437,129,-142,0
635.4641809463501,8600,6696,11372,-121,-60,54,7484,-9644,10156,-47,191,-150,-13620,4400,5780,-1096,-15,-86,-13836,-5348,6300,-417,177,-139,0
635.4976649284363,8572,6608,11284,-160,-55,79,7332,-9672,10068,-48,151,-158,-13556,4372,5908,-1027,-44,-75,-13920,-5272,6372,-447,164,-136,0
635.5312070846558,8472,6708,11416,-121,-45,94,7344,-9552,10036,-42,121,-148,-13540,4436,5744,-1050,-24,-36,-13928,-5348,6336,-399,162,-150,0
635.5648810863495,8432,6708,11316,-129,-46,97,7232,-9528,10104,-87,303,-171,-13812,4756,5972,-1065,-53,-26,-13844,-5128,6148,-444,170,-104,0
635.5984439849854,8452,6700,11392,-129,-60,75,7292,-9680,10172,-100,124,-175,-13496,4420,5704,-983,-50,-101,-13612,-5328,6644,-462,160,-141,0
635.6318781375885,8548,6680,11348,-112,-79,81,7296,-9608,10236,-77,141,-204,-13536,4432,5672,-988,-39,-161,-13868,-5364,6220,-470,196,-135,0
635.6655750274658,8484,6692,11344,-169,-88,91,7272,-9612,10080,-56,157,-191,-13448,4372,5892,-983,-1,-136,-13832,-5344,6452,-470,225,-119,0
635.6992540359497,8592,6820,11256,-135,-93,90,7360,-9548,9792,-44,134,-188,-13592,4332,6024,-1007,12,-153,-13756,-5312,6292,-466,180,-124,0
635.7329730987549,8608,6428,11316,-152,-98,83,7396,-9336,9988,-51,155,-161,-13608,4408,5792,-1010,3,-123,-13984,-5604,6352,-451,169,-117,0
635.7666521072388,8572,6648,11412,-154,-26,86,7232,-9624,10172,-62,98,-187,-13664,4424,6092,-775,3,-93,-13668,-5624,6172,-459,190,-155,0
635.800145149231,8560,6712,11244,-173,-81,88,7392,-9568,10148,-15,164,-166,-13792,4392,5876,-986,-8,-59,-13584,-5232,6472,-462,192,-137,0
635.8336870670319,8660,6664,11212,-147,-67,110,7308,-9600,10128,-41,181,-170,-13536,4412,5736,-1012,26,-122,-14004,-5576,6332,-483,184,-100,0
635.8697061538696,8420,6452,11044,-150,-87,87,7384,-9648,10128,-55,164,-178,-13628,4240,6024,-1009,63,-83,-13888,-5244,6516,-475,215,-110,0
635.9046900272369,8448,6704,11436,-169,-110,103,7348,-9612,10144,-33,156,-194,-13468,4348,5880,-1020,55,-162,-13904,-5384,6372,-458,185,-113,0
635.9403169155121,8532,6652,11180,-169,-86,93,7328,-9688,10072,-16,137,-181,-13404,4532,6088,-1054,46,-80,-13864,-5144,6588,-465,212,-100,0
635.9753620624542,8600,6724,11296,-154,-123,121,7216,-9560,10216,-21,152,-188,-13480,4380,6064,-1037,95,-162,-13592,-5216,6516,-460,204,-97,0
636.0109980106354,8528,6660,11276,-141,-126,137,7368,-9648,10164,-27,150,-199,-13432,4376,6020,-1061,86,-119,-13904,-5340,6448,-498,192,-115,0
636.0461001396179,8380,6720,11076,-154,-148,138,7340,-9652,10192,255,141,-223,-13556,4568,5752,-1039,98,-151,-13932,-5276,6224,-496,196,-80,0
636.0817821025848,8680,6656,11496,-176,-133,107,7360,-9588,10180,-12,157,-221,-13752,4360,6004,-1027,102,-108,-13876,-5384,6304,-493,193,-89,0
636.1178750991821,8672,6736,11216,-137,-134,139,7328,-9556,10200,-32,140,-202,-13536,4600,5824,-1019,111,-113,-14056,-5356,6292,-509,163,-108,0
636.1529850959778,8556,6592,11252,-184,-124,144,7344,-9608,10012,31,150,-189,-13580,4452,6176,-1064,96,-109,-13928,-5372,6160,-258,202,-89,0
636.1891329288483,8320,6792,11248,-136,-110,145,7604,-9592,10140,17,142,-180,-13488,4344,6044,-1041,110,-104,-13732,-5444,6284,-490,177,-71,0
636.2241370677948,8564,6648,11324,-121,-146,130,7388,-9540,10208,-26,170,-212,-13464,4112,6104,-1013,88,-146,-13780,-5312,6220,-500,273,-110,0
636.2596230506897,8460,6708,11204,-207,-143,114,7604,-9604,10120,18,116,-208,-13544,4440,6312,-1030,112,-115,-13868,-5340,6400,-501,226,-88,0
636.294517993927,8580,6648,11252,-136,-128,126,7288,-9580,9968,18,149,-151,-13540,4348,6020,-1016,90,-91,-14028,-5316,6236,-470,130,-99,0
636.3301451206207,8528,6712,11240,-172,-86,118,7272,-9596,10192,-14,145,-180,-13532,4300,5672,-1012,69,-82,-13628,-5600,6440,-477,148,-86,0
636.365443944931,8240,6628,11224,-151,-113,132,7296,-9636,10160,-25,156,-204,-13508,4356,6100,-1017,95,-140,-13868,-5292,6280,-514,174,-83,0
636.4004249572754,8500,6680,11056,-140,-135,113,7336,-9552,10012,-7,123,-199,-13492,4304,5936,-1019,117,-158,-13832,-5316,6396,-502,215,-105,0
636.4357430934906,8552,6416,11404,-201,-118,138,7260,-9496,9988,20,101,-222,-13448,4188,5920,-997,159,-144,-13924,-5292,6280,-528,234,-76,0
636.4712030887604,8660,6556,11396,-148,-144,154,7344,-9524,10232,-18,103,-216,-13468,4540,5912,-998,129,-127,-14020,-5280,6312,-524,193,-79,0
636.5072391033173,8516,6408,11268,-170,-123,124,7664,-9628,10200,-15,110,-192,-13816,4396,6052,-1000,154,-106,-13956,-5312,6276,-515,189,-85,0
636.5427150726318,8588,6844,11208,-162,-122,129,7308,-9616,10144,14,153,-225,-13552,4108,6008,-1000,98,-119,-13908,-5388,6400,-522,200,-111,0
636.5759971141815,8652,6576,11272,-147,-124,129,7188,-9496,10148,-8,120,-195,-13500,4348,5884,-1280,115,-135,-13840,-5332,6308,-535,215,-140,0
636.6097121238708,8192,6468,11420,-133,-130,105,7268,-9580,10072,-45,112,-208,-13484,4576,5748,-1009,127,-122,-13872,-5316,6408,-524,166,-121,0
636.6428201198578,8496,6540,11232,-150,-134,89,7340,-9596,10228,-68,138,-198,-13472,4288,5944,-985,91,-84,-13888,-5356,6264,-505,169,-140,0
636.6762220859528,8480,6712,11116,-127,-74,89,7412,-9652,10012,-48,153,-190,-13480,4440,5992,-1018,101,-92,-13892,-5380,6376,-499,143,-152,0
636.7097749710083,8704,6628,11256,-98,-48,96,7364,-9696,9968,-21,158,-170,-13620,4244,6004,-1006,84,-92,-13888,-5252,6344,-500,164,-142,0
636.7433271408081,8632,6664,11280,-116,-41,95,7344,-9528,10464,-22,117,-180,-13472,4104,6004,-1012,62,-129,-13976,-5352,6368,-530,180,-109,0
636.7768220901489,8600,6660,11284,-116,-50,104,7248,-9552,10160,-35,142,-174,-13560,4340,6020,-1024,98,-73,-13828,-5312,6292,-539,200,-133,0
636.8100090026855,8628,6892,11228,-95,-93,112,7172,-9492,10100,-51,120,-170,-13344,4348,6000,-984,96,-72,-13884,-5344,6196,-545,168,-136,0
636.8436040878296,8648,6736,11284,-130,-78,120,7344,-9528,10096,-76,124,-172,-13592,4408,5896,-999,89,-70,-13892,-5320,6264,-555,127,-138,0
636.8772120475769,8672,6816,11212,-126,-75,77,7260,-9636,10164,-18,140,-136,-13804,4352,5984,-1042,78,-78,-13852,-5132,6388,-553,152,-173,0
636.9105360507965,8660,6644,11332,-123,-40,86,7264,-9612,10188,22,123,-135,-13448,4256,6044,-1277,52,-81,-14008,-5424,6392,-519,147,-145,0
636.9440491199493,8692,6720,11508,-62,-29,53,7624,-9604,10144,-53,136,-168,-13812,4596,6092,-1015,44,-68,-13808,-5272,6164,-517,143,-150,0
636.977432012558,8520,6600,11348,-119,-84,51,7336,-9504,10116,-48,148,-200,-13596,4368,5684,-987,48,-84,-13820,-5288,6324,-483,184,-151,0
637.0110349655151,8596,6744,11308,-92,-57,82,7332,-9516,10220,-48,108,-169,-13456,4436,6016,-992,50,-47,-13816,-5200,6256,-764,170,-160,0
637.0447580814362,8588,6680,11352,-89,-17,95,7360,-9640,10064,-35,132,-161,-13556,4260,5992,-1010,79,-69,-13844,-5356,6360,-520,122,-140,0
637.0781059265137,8692,6600,11084,-106,-16,105,7320,-9588,10224,-47,170,-149,-13540,4136,5940,-1008,47,-40,-13768,-5308,6248,-524,154,-170,0
637.1114721298218,8512,6744,11016,-133,-68,66,7288,-9532,10144,-52,164,-155,-13500,4376,5992,-974,56,-92,-13932,-5352,6240,-544,148,-150,0
637.1448731422424,8524,6752,11156,-108,-53,93,7388,-9644,10156,-63,149,-183,-13552,4256,6100,-1004,55,-45,-13912,-5348,6208,-531,178,-155,0
637.1782960891724,8468,6716,11460,-100,-79,92,7312,-9496,10096,-39,148,-197,-13500,4204,6028,-1008,93,-108,-13848,-5384,6264,-541,204,-142,0
637.2118620872498,8516,6456,11012,-85,-81,117,7356,-9592,10164,-56,107,-175,-13500,4572,5948,-1006,92,-109,-13904,-5372,6292,-541,157,-110,0
637.2455189228058,8516,6696,11500,-97,-79,112,7372,-9576,10204,-38,90,-155,-13556,4400,6144,-999,118,-85,-13956,-5604,6612,-260,150,-145,0
637.2790489196777,8572,6888,11480,-128,-30,105,7168,-9580,10052,-32,116,-176,-13556,4264,5968,-1000,108,-66,-13900,-5260,6160,-519,154,-131,0
637.3120999336243,8676,6688,11372,-110,-53,105,7336,-9580,10452,-24,139,-177,-13532,4548,6136,-998,106,-47,-13964,-5436,6236,-512,147,-140,0
637.3456919193268,8608,6644,11044,-81,-35,98,7348,-9672,10076,-39,121,-168,-13396,4396,6100,-1012,122,-108,-13860,-5440,6220,-531,140,-133,0
637.3790080547333,8588,6648,11056,-129,-48,114,7364,-9536,10100,-53,146,-160,-13532,4524,5900,-1001,88,-98,-13816,-5384,6252,-491,149,-165,0
637.4125480651855,8532,6724,11204,-125,-51,108,7292,-9676,10196,-29,135,-160,-13436,4204,6232,-1005,110,-54,-13888,-5348,6384,-511,140,-105,0
637.4485499858856,8588,6664,11164,-108,-38,93,7392,-9600,10208,-27,132,-180,-13636,4400,6100,-775,138,-84,-13936,-5380,6268,-503,151,-108,0
637.4823961257935,8552,6744,11424,-127,-55,123,7320,-9644,10096,-29,93,-171,-13488,4392,6064,-998,146,-46,-13712,-5260,6268,-490,171,-136,0
637.5161030292511,8480,6736,11224,-126,-40,97,7288,-9612,10084,-24,110,-177,-13408,4564,5984,-1020,98,-76,-13872,-5368,6272,-491,173,-99,0
637.551836013794,8544,6456,11460,-121,-55,101,7352,-9584,10104,7,102,-171,-13516,4364,5976,-1064,114,-83,-13924,-5332,6204,-483,217,-133,0
637.5877289772034,8500,6752,11328,-129,-57,100,7404,-9560,10152,3,142,-169,-13548,4332,6100,-1043,164,-95,-13900,-5144,6220,-468,161,-92,0
637.6233170032501,8464,6688,11304,-170,-49,107,7356,-9488,10168,-15,127,-167,-13492,4556,6028,-1028,117,-97,-13872,-5324,6376,-459,100,-82,0
637.6592020988464,8488,6652,11344,-149,-37,106,7596,-9712,10156,-13,149,-130,-13592,4524,6024,-1040,123,-58,-13860,-5512,6392,-486,105,-97,0
637.6946499347687,8492,6568,11316,-196,-36,115,7376,-9616,10188,53,158,-159,-13784,4320,5912,-1071,147,-95,-13864,-5372,6216,-478,147,-93,0
637.7302930355072,8632,6780,11036,-171,-37,115,7296,-9600,10296,251,137,-176,-13500,4344,6292,-1033,172,-92,-13856,-5508,6312,-475,145,-62,0
637.7656960487366,8668,6688,11432,-173,-92,125,7464,-9592,10072,-12,196,-198,-13564,4400,5976,-985,176,-140,-13808,-5132,6340,-469,213,-62,0
637.8012430667877,8412,6672,11360,-163,-123,143,7268,-9632,10100,247,165,-214,-13504,4580,6032,-1006,195,-91,-13860,-5128,6168,-446,150,-70,0
637.8370831012726,8444,6696,11232,-164,-66,121,7292,-9240,10276,8,131,-164,-13572,4300,6064,-1026,170,-104,-13792,-5356,6272,-430,106,-68,0
637.8717589378357,8372,6620,11388,-200,-69,143,7280,-9572,10144,-31,145,-170,-13536,4396,5672,-988,179,-97,-13864,-5328,6340,-428,101,-61,0
637.9063670635223,8376,6664,11212,-181,-92,137,7240,-9588,10064,-23,140,-183,-13564,4352,6100,-975,153,-145,-13844,-5340,6252,-479,178,-88,0
637.9422700405121,8576,6744,11400,-163,-92,133,7264,-9564,10144,12,119,-236,-13552,4380,6044,-1000,181,-142,-13596,-5336,6296,-499,211,-85,0
637.978166103363,8528,6648,11428,-193,-169,155,7320,-9596,10024,22,127,-229,-13448,4348,5680,-980,190,-133,-13828,-5376,6232,-489,247,-54,0
638.0136520862579,8504,6704,11144,-160,-171,171,7328,-9608,10032,17,96,-238,-13320,4332,6172,-988,186,-175,-14076,-5328,6332,-464,224,-77,0
638.0491681098938,8524,6648,11220,-199,-134,156,7268,-9504,10156,27,123,-184,-13676,4096,5976,-978,196,-128,-13988,-5396,6244,-457,191,-72,0
638.0840039253235,8496,6876,11312,-205,-109,137,7388,-9644,10040,22,176,-200,-13320,4316,5976,-1013,192,-121,-13860,-5348,6252,-437,209,-94,0
638.1189589500427,8640,6452,11460,-158,-121,149,7396,-9564,10416,40,144,-204,-13540,4276,5884,-1020,198,-87,-13856,-5236,6272,-444,176,-83,0
638.1551079750061,8472,6668,11084,-190,-131,172,7264,-9472,10144,30,139,-222,-13512,4232,5976,-1011,215,-115,-13864,-5344,6180,-626,334,-64,0
638.1910290718079,8484,6976,11204,-508,-134,156,7416,-9508,10156,19,134,-227,-13556,4348,5896,-988,231,-158,-13908,-5544,6252,-416,156,-82,0
638.226879119873,8500,6676,11228,-206,-152,138,7352,-9512,10004,26,137,-206,-13324,4604,6012,-1018,197,-166,-13952,-5128,5888,-420,167,-62,0
638.2605850696564,8524,6624,11452,-187,-144,152,7188,-9512,10164,253,102,-201,-13544,4284,6112,-1017,208,-133,-13896,-5184,6144,-427,172,-51,0
638.2937970161438,8508,6584,11132,-185,-169,152,7408,-9532,10220,252,101,-204,-13552,4248,5920,-1025,180,-99,-14032,-5316,6356,-434,151,-64,0
638.3272669315338,8432,6660,11316,-142,-147,156,7356,-9608,10132,-22,107,-192,-13328,4416,6056,-769,174,-84,-13632,-5512,6272,-477,120,-37,0
638.3607151508331,8636,6596,11244,-147,-145,163,7412,-9556,10220,-54,89,-176,-13524,4336,5872,-971,179,-125,-13912,-5240,6336,-442,128,-81,0
638.3937649726868,8600,6556,11392,-165,-91,126,7656,-9712,10232,-60,69,-182,-13672,4284,5872,-997,120,-104,-14008,-5148,6244,-438,94,-117,0
638.4287700653076,8604,6440,11444,-104,-46,95,7664,-9728,10100,-57,118,-131,-13372,4368,6028,-1017,2,-15,-13820,-5304,6272,-475,79,-146,0
638.4632649421692,8536,6624,11252,-158,12,92,7212,-9516,10056,-7,128,-143,-13804,4576,5736,-1011,44,-43,-13784,-5284,6212,-490,115,-151,0
638.4968829154968,8516,6420,11172,-100,35,77,7400,-9488,10184,-60,76,-131,-13632,4428,5860,-976,58,-98,-13884,-5348,6280,-482,100,-136,0
638.5302579402924,8192,6548,11596,-110,-24,71,7304,-9556,10188,-59,87,-182,-13676,4324,5872,-1012,29,-64,-13932,-5264,6196,-484,198,-143,0
638.5638840198517,8460,6880,11496,-165,-51,91,7296,-9548,10136,-43,145,-179,-13520,4344,5836,-985,77,-111,-14028,-5184,6280,-510,162,-117,0
638.597638130188,8496,6684,11308,-81,-33,103,7316,-9728,10160,-33,158,-133,-13528,4288,5872,-988,94,-58,-14108,-5196,6264,-451,103,-107,0
638.6311070919037,8516,6668,11296,-124,-47,120,7268,-9724,10248,-71,118,-153,-13560,4192,5964,-1028,94,-45,-13836,-5328,6320,-484,142,-121,0
638.6644990444183,8480,6636,11396,-135,-68,95,7332,-9540,10216,-60,131,-193,-13544,4304,5952,-988,103,-106,-13796,-5332,6240,-500,141,-111,0
638.6979329586029,8500,6716,11488,-96,-63,92,7348,-9544,9868,-57,130,-190,-13492,4356,5932,-1020,117,-139,-13864,-5132,6216,-524,157,-102,0
638.7315850257874,8548,6652,11336,-114,-86,115,7600,-9456,10156,-3,110,-199,-13484,4284,5872,-1023,155,-125,-13896,-5240,5928,-493,187,-99,0
638.7652590274811,8472,6700,11456,-134,-113,132,7332,-9492,10204,-9,92,-205,-13532,4324,5964,-774,182,-77,-13576,-5288,6256,-496,180,-75,0
638.7984981536865,8588,6624,11344,-126,-114,154,7332,-9500,10052,-24,93,-202,-13580,4332,5936,-1008,141,-81,-13932,-5236,6236,-501,146,-96,0
638.8320069313049,8640,6664,11364,-124,-91,101,7528,-9692,10136,-38,113,-201,-13684,4272,5956,-999,100,-129,-14264,-5260,6256,-493,132,-150,0
638.8655440807343,8620,6736,11216,-166,-33,102,7372,-9504,10068,10,181,-148,-13792,4336,5900,-967,103,-107,-13828,-5304,6148,-500,101,-130,0
638.8987889289856,8556,6644,11376,-140,-44,113,7180,-9500,10476,-10,150,-185,-13500,4336,5980,-1002,55,-77,-13664,-5324,6156,-471,136,-118,0
638.9324841499329,8560,6808,11464,-146,-96,117,7400,-9552,10176,-53,116,-166,-13612,4248,5928,-932,67,-65,-13940,-5268,6252,-471,130,-91,0
638.9660561084747,8488,6620,11388,-154,-70,81,7356,-9608,10108,-57,111,-173,-13508,4312,6000,-948,101,-73,-13588,-5272,6252,-467,143,-133,0
638.999391078949,8364,6672,11184,-161,-73,121,7372,-9560,10148,-88,100,-192,-13380,4320,5984,-897,138,-94,-13828,-5288,6176,-484,179,-79,0
639.0329790115356,8416,6868,11196,-130,-65,135,7316,-9532,10112,-66,61,-172,-13540,4516,5992,-927,156,-139,-13912,-5276,6312,-505,163,-98,0
639.0666160583496,8608,6816,11352,-99,-56,151,7416,-9640,10108,-80,91,-163,-13644,4360,5852,-960,117,-116,-13872,-5232,6324,-523,162,-119,0
639.1001219749451,8484,6456,11188,-89,-41,105,7520,-9600,10084,-44,143,-148,-13456,4408,5804,-948,111,-120,-13920,-5300,6232,-501,167,-132,0
639.133691072464,8504,6556,11312,-143,-48,75,7340,-9500,10084,-42,169,-175,-13612,4268,6088,-938,104,-87,-14036,-5200,6168,-493,143,-135,0
639.16725897789,8588,6692,11400,-112,-54,57,7368,-9548,10180,-16,174,-183,-13592,4208,6120,-963,106,-112,-13924,-5120,6308,-502,176,-137,0
639.2006080150604,8508,6620,11364,-97,-97,81,7364,-9656,10116,26,177,-197,-13632,4400,6012,-1018,96,-176,-13900,-5332,6224,-521,194,-129,0
639.2374329566956,8376,6700,11436,-124,-100,93,7412,-9492,10212,9,141,-186,-13528,4284,5904,-960,97,-128,-13956,-5332,6264,-541,154,-121,0
639.2730550765991,8536,6752,11212,-92,-48,79,7648,-9696,10208,-63,196,-160,-13324,4276,5916,-934,114,-45,-13800,-5260,5892,-522,173,-122,0
639.3091161251068,8544,6672,11216,-176,-61,98,7344,-9584,10044,-42,164,-166,-13608,4148,5716,-978,97,-152,-13952,-5200,6304,-260,164,-93,0
639.3439979553223,8540,6640,11204,-140,-38,111,7468,-9528,10168,-53,133,-117,-13812,4252,6104,-993,91,-38,-13956,-5616,6248,-523,105,-110,0
639.3797159194946,8624,6732,11200,-144,-9,148,7312,-9572,10188,-61,115,-114,-13580,4324,5912,-1007,161,-56,-13824,-5292,6256,-534,103,-92,0
639.4146070480347,8440,6844,11304,-99,-52,129,7356,-9488,10068,-106,111,-162,-13508,4324,5840,-962,178,-82,-13864,-5292,6136,-570,184,-97,0
639.4502439498901,8432,6696,11444,-90,-67,163,7384,-9636,10280,-61,63,-188,-13664,4220,5844,-1009,129,-120,-13844,-5136,6208,-571,178,-90,0
639.4856119155884,8596,6628,11240,-92,-40,116,7400,-9508,10168,-68,90,-176,-13512,4140,5920,-1012,149,-91,-13896,-5252,6328,-576,205,-98,0
639.5212609767914,8488,6624,11524,-118,-44,116,7384,-9540,10100,-33,128,-187,-13556,4356,5872,-1053,135,-92,-14216,-5264,6144,-558,170,-152,0
639.5573661327362,8576,6588,11188,-130,-76,69,7408,-9604,10048,-83,153,-169,-13608,4552,5824,-1269,94,-104,-13952,-5228,6376,-529,107,-139,0
639.5926349163055,8484,6820,11372,-123,19,79,7440,-9588,10080,-47,158,-137,-13608,4412,5804,-979,119,-33,-13876,-5164,6244,-513,116,-138,0
639.6283650398254,8352,6660,11252,-134,-47,85,7344,-9620,10328,-38,136,-156,-13500,4324,5908,-1040,107,-82,-13888,-5236,6336,-535,202,-124,0
639.6636910438538,8388,6676,11256,-102,-106,108,7176,-9676,10008,-73,89,-205,-13424,4336,6068,-1280,143,-95,-13904,-5196,6428,-542,217,-129,0
639.6993119716644,8436,6652,11164,-105,-93,112,7280,-9652,10108,-99,110,-231,-13592,4440,5992,-779,138,-116,-13976,-5368,6296,-543,220,-103,0
639.7344491481781,8496,6680,11320,-91,-79,101,7336,-9560,10208,-56,104,-187,-13756,4284,5884,-1029,137,-113,-13968,-5176,6168,-530,158,-112,0
639.770350933075,8528,6616,11312,-85,-34,119,7336,-9604,10012,-16,129,-145,-13584,4316,5952,-1063,111,-56,-13888,-5148,6268,-506,125,-145,0
639.8055400848389,8448,6688,11388,-119,-61,109,7280,-9496,10212,-35,123,-149,-13608,4316,5932,-1037,83,-89,-13972,-5500,6272,-514,169,-137,0
639.8418769836426,8416,6620,11484,-94,-45,102,7384,-9460,10128,-82,80,-167,-13692,4372,5884,-1035,76,-123,-13888,-5292,6272,-555,139,-156,0
639.8794951438904,8580,6628,11288,-117,-42,80,7392,-9560,10144,-65,113,-142,-13392,4320,6032,-1039,49,-37,-13576,-5288,6232,-536,153,-121,0
639.9128470420837,8448,6652,11268,-123,-48,80,7660,-9496,10144,-48,138,-156,-13372,4376,6128,-1028,74,-45,-13904,-5336,6244,-548,194,-137,0
639.9464731216431,8192,6780,11336,-102,-47,88,7404,-9552,10176,-58,105,-176,-13636,4320,5976,-999,106,-94,-13944,-5308,6116,-509,170,-103,0
639.9801290035248,8532,6840,11396,-141,-52,96,7336,-9620,10080,-85,145,-154,-13492,4304,5972,-1011,100,-65,-13924,-5356,6320,-474,103,-89,0
640.0136189460754,8512,6740,11288,-125,-68,86,7292,-9620,10008,-71,169,-152,-13664,4404,5992,-1005,101,-104,-13992,-5344,6144,-524,140,-119,0
640.0471370220184,8352,6620,11360,-153,-34,79,7420,-9620,10200,-11,199,-149,-13528,4588,5960,-1032,68,-60,-13944,-5296,6356,-507,144,-113,0
640.0806260108948,8448,6792,11324,-164,-76,103,7340,-9656,10208,0,189,-184,-13652,4384,5960,-1278,145,-85,-13816,-5204,6344,-458,181,-59,0
640.1141791343689,8348,6644,11600,-149,-140,143,7276,-9716,10316,-14,131,-230,-13552,4412,6028,-1042,163,-172,-13900,-5372,6304,-509,236,-57,0
640.1475300788879,8372,6664,11336,-164,-243,173,7356,-9600,10220,-33,135,-245,-13568,4276,5992,-989,181,-189,-13888,-5216,6276,-505,222,-60,0
640.1811680793762,8400,6672,11352,-177,-185,194,7256,-9540,10124,-16,144,-206,-13452,4376,5640,-1006,181,-137,-13588,-5248,6224,-491,223,-11,0
640.214693069458,8352,6748,11400,-192,-185,188,7360,-9584,10488,-13,111,-216,-13532,4316,5972,-992,229,-129,-13872,-5300,6312,-457,205,-41,0
640.2482690811157,8388,6640,11380,-204,-227,170,7332,-9600,10152,-15,108,-227,-13588,4344,6080,-996,167,-138,-13980,-5296,5920,-476,215,-53,0
640.2814209461212,8692,6636,11320,-149,-179,153,7404,-9660,10228,-51,98,-250,-13640,4288,5900,-1003,135,-137,-13952,-5368,6340,-544,210,-114,0
640.3148910999298,8612,6908,11288,-126,-150,127,7476,-9556,10012,-25,100,-245,-13624,4248,5652,-1031,144,-144,-13592,-5284,6160,-547,222,-153,0
640.3485560417175,8556,6640,11200,-100,-95,105,7336,-9520,9972,-46,69,-199,-13656,4260,5760,-1036,109,-114,-14052,-5176,6332,-531,138,-90,0
640.3816850185394,8540,6640,11260,-139,-57,86,7508,-9500,10140,-33,133,-138,-13644,4204,5700,-1009,91,-4,-13996,-5276,6176,-510,93,-148,0
640.4150500297546,8540,6756,11200,-164,-255,86,7440,-9604,10084,254,171,-143,-13656,4224,5984,-1030,74,-23,-14024,-5308,6324,-500,133,-146,0
640.4486529827118,8544,6724,11324,-150,-44,124,7344,-9500,10112,2,181,-140,-13332,4280,6036,-1032,111,-79,-13908,-5368,6204,-489,169,-105,0
640.4818460941315,8328,6816,11252,-133,-93,132,7332,-9604,10132,-87,114,-151,-13776,4196,6004,-1001,110,-119,-13776,-5344,6280,-766,162,-104,0
640.5154640674591,8436,6684,11264,-115,-94,124,7336,-9532,10172,-117,132,-177,-13592,4332,6012,-993,109,-72,-13864,-5324,6196,-497,129,-132,0
640.5492179393768,8680,6440,11044,-94,-25,75,7264,-9664,10232,-45,162,-134,-13496,4436,6088,-770,77,-43,-13916,-5200,6268,-499,116,-111,0
640.582612991333,8668,6820,11380,-147,-6,124,7192,-9624,10180,50,141,-139,-13396,4316,5936,-1062,131,-60,-13832,-5340,6144,-503,181,-72,0
640.6164259910583,8336,6868,11512,-104,-46,131,7288,-9552,10144,-56,81,-214,-13464,4372,5720,-980,196,-107,-13940,-5200,6320,-257,186,-77,0
640.6498019695282,8544,6408,11328,-139,-118,159,7340,-9700,10052,-51,65,-234,-13640,4416,6012,-1021,156,-147,-13876,-5512,6188,-504,195,-82,0
640.683324098587,8524,6872,11232,-119,-162,146,7388,-9628,10028,-11,88,-176,-13636,4412,6116,-995,132,-140,-14008,-5304,6092,-548,168,-104,0
640.7170870304108,8504,6648,11108,-116,-81,126,7436,-9584,10196,-19,130,-164,-13600,4292,5804,-1274,123,-52,-13968,-5196,6160,-506,110,-126,0
640.7506649494171,8520,6688,11316,-124,-21,114,7336,-9560,10004,-30,127,-136,-13576,4144,5668,-1009,107,-32,-13840,-5304,6044,-498,94,-134,0
640.7842490673065,8548,6652,11340,-119,-24,102,7552,-9588,9972,-59,134,-150,-13644,4320,5908,-776,62,-85,-14008,-5260,6184,-526,110,-127,0
640.817883014679,8452,6792,11344,-121,-57,123,7464,-9608,10124,-48,153,-156,-13656,4268,5764,-1038,40,-48,-14016,-5168,6284,-499,96,-170,0
640.8515660762787,8480,6904,11048,-108,-35,68,7360,-9588,10116,-54,211,-150,-13648,4216,5952,-1026,34,-81,-13848,-5288,6340,-501,117,-161,0
640.8849380016327,8424,6804,11272,-143,-60,75,7300,-9712,10096,-58,166,-161,-13528,4220,6068,-1010,73,-85,-13772,-5356,6264,-768,151,-156,0
640.9217100143433,8424,6752,11428,-112,-55,86,7336,-9596,10132,-6,142,-175,-13524,4132,6076,-780,107,-51,-13932,-5284,6280,-520,125,-129,0
640.9576561450958,8444,6712,11336,-124,-31,134,7272,-9548,10028,3,86,-168,-13496,4392,6004,-1046,139,-58,-13872,-5244,6364,-762,172,-93,0
640.993330001831,8436,6784,11304,-127,-92,147,7268,-9616,10200,-29,74,-179,-13564,4344,5972,-992,133,-89,-13792,-5320,6208,-503,155,-116,0
641.0287749767303,8472,6708,11252,-110,-97,115,7328,-9612,10088,-75,98,-185,-13796,4356,6104,-998,115,-79,-13892,-5308,6288,-499,167,-150,0
641.0641570091248,8536,6740,11336,-108,-90,110,7336,-9604,10088,-47,119,-155,-13624,4328,6004,-773,53,-97,-14072,-5284,6200,-536,137,-146,0
641.0993020534515,8484,6712,11420,-130,-21,81,7372,-9676,10008,-37,122,-169,-13384,4288,5664,-993,83,-42,-13924,-5320,6240,-502,148,-146,0
641.1348080635071,8632,6600,11324,-141,-53,103,7372,-9520,10188,-51,109,-159,-13532,4280,6044,-774,103,-117,-13840,-5252,6296,-492,171,-103,0
641.1702699661255,8500,6756,11360,-145,-58,130,7196,-9628,10176,-44,110,-194,-13668,4124,5968,-1032,124,-36,-13896,-5244,6204,-507,151,-99,0
641.2060830593109,8464,6748,11264,-106,-79,126,7176,-9636,10128,-63,84,-175,-13612,4320,5880,-997,93,-30,-13920,-5240,6388,-529,112,-135,0
641.2419230937958,8244,6896,11232,-93,-43,133,7564,-9624,10060,-64,99,-165,-13648,4268,5844,-1012,93,-97,-13884,-5252,6336,-257,142,-134,0
641.2782039642334,8412,6496,11348,-127,-31,119,7480,-9584,10012,-61,114,-125,-13484,4320,5964,-1019,64,-27,-13920,-5288,6336,-504,100,-115,0
641.3135800361633,8512,6732,11348,-133,250,77,7420,-9696,10224,-48,125,-138,-13652,4332,5948,-988,61,-43,-13940,-5356,6380,-517,107,-181,0
641.3491179943085,8336,6792,11264,-101,-11,74,7356,-9524,10036,-60,128,-150,-13812,4284,6208,-1015,50,-56,-13992,-5284,6288,-490,146,-127,0
641.3843021392822,8376,6684,11180,-99,-30,83,7404,-9664,10172,-59,129,-154,-13488,4584,6084,-1019,81,-57,-13968,-5240,6352,-490,156,-111,0
641.4200949668884,8452,6780,11500,-105,-81,113,7296,-9660,9948,-84,124,-176,-13596,4332,6104,-1003,74,-81,-13876,-5320,6380,-504,157,-113,0
641.4549009799957,8352,6716,11384,-110,-33,89,7300,-9704,10092,-67,94,-176,-13368,4400,6172,-807,32,-81,-13980,-5284,6312,-265,176,-111,0
641.4904460906982,8332,6632,11376,-102,-42,113,7392,-9684,9864,-23,79,-161,-13320,4380,6040,-1021,112,-64,-13832,-5364,6304,-523,158,-129,0
641.5257079601288,8632,6764,11224,-90,-40,109,7232,-9624,10128,-41,133,-170,-13392,4372,5868,-1012,121,-80,-13968,-5296,6296,-538,172,-90,0
641.5623970031738,8260,6752,11456,-105,-51,119,7364,-9564,10140,-91,130,-139,-13824,4388,5952,-991,120,-95,-14024,-5264,6192,-538,176,-138,0
641.5960841178894,8448,6668,11208,-132,-62,119,7276,-9584,10324,-113,132,-158,-13624,4380,6044,-977,116,-65,-13968,-5152,6304,-517,101,-134,0
641.6297340393066,8424,6588,11272,-111,-26,102,7232,-9908,10128,-35,169,-128,-13444,4412,5904,-1043,64,-36,-13732,-5328,6224,-523,148,-111,0
641.6631200313568,8436,6672,11332,-131,-71,159,7344,-9656,10096,23,175,-151,-13588,4208,5928,-1043,153,-63,-13820,-5360,6248,-471,178,-48,0
641.6967670917511,8364,6776,11156,-100,-141,172,7344,-9668,10080,-29,128,-176,-13556,4344,6052,-1017,181,-98,-13840,-5580,6268,-764,189,-63,0
641.730143070221,8444,6724,11276,-103,-131,171,7360,-9616,10088,-47,133,-214,-13628,4124,5708,-1012,207,-187,-13948,-5336,6308,-455,212,-35,0
641.7636699676514,8428,6644,11408,-170,-161,138,7440,-9604,10084,-15,172,-216,-13340,4596,6136,-983,136,-155,-13868,-5128,6312,-460,208,-75,0
641.7974410057068,8492,6760,11224,-173,-92,131,7376,-9672,10012,-42,183,-167,-13512,4300,6204,-959,132,-97,-13872,-5344,6272,-481,154,-115,0
641.8310611248016,8212,6740,11504,-192,-80,82,7284,-9636,10140,-42,201,-185,-13556,4308,5884,-971,112,-120,-13892,-5308,6268,-466,149,-97,0
641.8645811080933,8356,6756,11432,-213,-113,100,7376,-9732,10116,-12,220,-196,-13628,4348,5876,-947,114,-160,-13824,-5220,6204,-478,216,-98,0
641.8976080417633,8484,6624,11448,-189,-143,104,7308,-9628,10100,-10,173,-221,-13496,4392,6044,-963,183,-207,-13860,-5232,5916,-477,510,-101,0
641.9309301376343,8412,6724,11292,-213,-176,144,7364,-9632,10052,248,113,-240,-13592,4268,5820,-990,192,-189,-13880,-5380,6272,-476,241,-17,0
641.964714050293,8292,6768,11288,-211,-170,189,7360,-9644,9852,-4,103,-241,-13608,4336,5804,-996,213,-108,-14028,-5252,5996,-416,218,-18,0
641.9982080459595,8420,6636,11372,-178,-190,175,7204,-9960,10164,1,131,-210,-13524,4276,6092,-998,199,-114,-13972,-5208,6260,-503,221,-40,0
642.0317540168762,8452,6640,11332,-210,-148,149,7428,-9684,10100,3,174,-193,-13728,4560,5948,-1000,188,-129,-14012,-5280,6280,-461,168,-92,0
642.0653550624847,8480,6736,11300,-204,-128,152,7348,-9704,10044,13,118,-188,-13532,4336,5912,-997,170,-151,-14072,-5220,6096,-518,194,-68,0
642.0989329814911,8532,6752,11188,-177,-149,169,7356,-9612,10108,-22,139,-197,-13540,4288,5852,-977,156,-141,-13904,-5236,6104,-467,164,-75,0
642.1325459480286,8340,6736,11456,-230,-141,142,7376,-9668,10008,-16,147,-194,-13640,4272,6028,-917,167,-104,-13980,-5272,6192,-470,182,-81,0
642.1657710075378,8524,6560,11352,-186,-128,100,7428,-9520,10144,-26,165,-198,-13532,4580,5640,-951,142,-129,-13936,-5240,6280,-435,201,-39,0
642.1992030143738,8460,6656,11364,-200,-141,151,7356,-9576,10004,-23,177,-198,-13752,4188,5824,-967,172,-164,-13888,-5228,6268,-476,188,-68,0
642.2326459884644,8400,6696,11312,-189,-140,143,7396,-9604,10080,-13,126,-216,-13772,4288,6000,-975,173,-182,-13972,-5272,6292,-481,190,-93,0
642.2661831378937,8504,6620,11188,-154,-118,125,7364,-9624,10020,-36,139,-211,-13592,4336,5680,-1015,161,-144,-14012,-5252,6188,-483,189,-74,0
642.2998731136322,8608,6724,11316,-175,-121,118,7336,-9696,10064,-57,131,-205,-13780,4244,5940,-1000,154,-133,-13924,-5340,6008,-497,168,-90,0
642.333477973938,8652,6616,11228,-120,-82,127,7528,-9656,10220,-56,112,-174,-13624,4392,6016,-995,137,-71,-13944,-5152,6076,-257,117,-120,0
642.3668301105499,8564,6680,11180,-119,-37,91,7452,-9592,10028,-64,128,-118,-13632,4380,5788,-1015,94,-57,-13936,-5292,6144,-518,130,-150,0
642.4001770019531,8460,6784,11360,-132,-35,95,7216,-9588,10220,-68,101,-146,-13660,4304,5872,-1006,94,-87,-13900,-5324,6144,-490,138,-163,0
642.4334840774536,8548,6408,11416,-60,0,59,7408,-9576,9968,-112,120,-136,-13684,4388,5960,-991,92,-78,-13960,-5256,6064,-510,159,-144,0
642.4732739925385,8416,6572,11340,-107,-45,82,7404,-9764,10040,-61,104,-162,-13520,4412,5720,-770,122,-105,-13980,-5224,6284,-498,170,-109,0
642.5071361064911,8696,6888,11508,-73,27,98,7368,-9564,10128,-58,112,-140,-13620,4284,5876,-989,86,-73,-13924,-5316,6252,-767,102,-141,0
642.5408711433411,8404,6600,11292,-100,32,65,7404,-9684,9976,-84,139,-127,-13552,4236,5868,-978,68,-60,-13884,-5248,6160,-536,116,-163,0
642.5743629932404,8208,6732,11400,-107,-253,49,7328,-9720,10044,-58,169,-169,-13632,4320,5860,-975,77,-86,-13924,-5304,6284,-498,110,-167,0
642.6118581295013,8332,6716,11284,-121,-17,68,7576,-9660,10080,-70,175,-168,-13552,4292,5952,-973,65,-85,-13812,-5356,6220,-509,123,-153,0
642.648008108139,8328,6744,11300,-144,-61,72,7368,-9656,10020,-60,122,-162,-13324,4308,5776,-996,119,-49,-13944,-5232,6200,-529,110,-116,0
642.6833679676056,8416,6412,11452,-109,-37,105,7256,-9756,10052,-99,108,-159,-13824,4416,6052,-989,130,-72,-13908,-5136,6152,-548,134,-128,0
642.71826004982,8352,6400,11472,-107,-13,107,7424,-9700,10116,-54,125,-160,-13620,4268,5788,-1003,117,-76,-13888,-5304,6188,-517,84,-155,0
642.7539110183716,8348,6596,11148,-90,-19,94,7328,-9736,10032,-51,163,-153,-13812,4308,5816,-1006,102,-100,-14000,-5368,6152,-767,126,-115,0
642.7892730236053,8452,6680,11264,-107,-4,83,7408,-9624,10212,-49,126,-163,-13408,4576,5924,-1036,73,-35,-13880,-5280,6156,-519,115,-142,0
642.8249659538269,8700,6688,11420,-96,-31,107,7420,-9592,10016,-47,96,-165,-13560,4196,5804,-1027,85,-116,-14020,-5260,6360,-520,155,-155,0
642.860808134079,8340,6716,11500,-107,-24,76,7172,-9704,9732,-103,159,-168,-13596,4332,5664,-996,68,-74,-13912,-5300,6184,-505,119,-145,0
642.8961489200592,8352,6692,11272,-120,-33,65,7220,-9616,10120,-45,136,-172,-13812,4412,5716,-1005,101,-46,-13880,-5276,6336,-259,116,-156,0
642.9317800998688,8356,6684,11148,-105,-13,71,7320,-9772,10096,-19,134,-162,-13580,4400,6060,-1000,66,-116,-13880,-5312,6236,-539,115,-189,0
642.9674689769745,8380,6660,11140,-110,-18,100,7228,-9704,10052,-46,130,-177,-13596,4336,6096,-995,106,-46,-13868,-5356,6212,-524,176,-148,0
643.0031249523163,8336,6688,11572,-107,-42,57,7340,-9660,10024,-61,137,-189,-13628,4312,5760,-966,122,-121,-13932,-5136,6016,-520,149,-139,0
643.0392100811005,8344,6756,11432,-97,-49,98,7284,-9568,9848,-98,93,-187,-13608,4348,5952,-983,131,-56,-13904,-5188,6260,-499,126,-150,0
643.0742280483246,8388,6728,11376,-108,-33,86,7316,-9752,10100,-35,130,-171,-13564,4252,5776,-1020,72,-103,-13920,-5300,6280,-530,156,-111,0
643.1095831394196,8312,6748,11368,-140,-67,123,7372,-9572,10032,-46,113,-162,-13648,4156,5900,-1017,97,-68,-13940,-5348,6256,-526,129,-115,0
643.1450290679932,8428,6696,11076,-90,16,89,7388,-9676,10104,-100,101,-153,-13636,4220,6000,-1001,82,-67,-14028,-5184,5976,-519,145,-98,0
643.1806769371033,8412,6696,11260,-129,14,100,7416,-9652,10052,-69,127,-144,-13568,4216,5924,-1004,129,-62,-13864,-5324,6272,-535,141,-113,0
643.2156069278717,8340,6692,11392,-90,40,100,7388,-9736,9896,-60,140,-145,-13592,4324,5916,-1020,82,-98,-13908,-5376,6184,-528,125,-143,0
643.2527461051941,8280,6832,11508,-95,22,84,7440,-9664,10124,-59,171,-140,-13576,4404,5808,-996,87,-104,-13944,-5328,6324,-516,138,-146,0
643.2860960960388,8340,6756,11344,-153,-9,100,7352,-9700,10108,-38,222,-186,-13796,4276,6120,-974,130,-131,-13580,-5144,6228,-481,154,-91,0
643.3199529647827,8316,6796,11452,-186,-99,114,7256,-9620,10116,-17,174,-219,-13612,4604,5956,-978,154,-128,-13872,-5348,6376,-509,202,-103,0
643.3536911010742,8244,6700,11276,-153,-161,119,7260,-9604,10024,5,154,-235,-13560,4332,6124,-981,161,-133,-13836,-5280,6304,-524,199,-86,0
643.3872709274292,8260,6760,11324,-155,-203,150,7216,-9928,10004,-41,145,-242,-13568,4320,5800,-965,157,-153,-13924,-5312,6372,-257,204,-70,0
643.4205210208893,8316,6764,11500,-193,-146,162,7248,-9744,9968,-2,147,-213,-13652,4568,5888,-951,179,-165,-13796,-5324,6216,-768,210,-66,0
643.453980922699,8428,6716,11388,-193,-151,147,7292,-9664,10216,25,159,-199,-13676,4592,5892,-938,188,-143,-13976,-5192,6220,-500,185,-80,0
643.4873740673065,8372,6756,11396,-184,-133,129,7292,-9756,10008,43,166,-204,-13616,4324,5824,-988,174,-174,-13972,-5292,6292,-506,210,-82,0
643.5210180282593,8376,6800,11244,-200,-145,172,7412,-9584,10136,22,144,-187,-13604,4356,5880,-981,191,-133,-14020,-5284,6372,-767,229,-62,0
643.5545101165771,8416,6656,11440,-190,-166,157,7292,-9928,10144,-8,135,-223,-13632,4212,5912,-1003,183,-127,-13832,-5304,6164,-525,220,-41,0
643.5881450176239,8364,6696,11044,-169,-153,181,7424,-9628,10072,-10,108,-222,-13588,4336,5672,-997,174,-157,-14072,-5372,6152,-525,208,-47,0
643.6217451095581,8568,6728,11348,-187,-168,163,7472,-9660,9984,-21,136,-196,-13684,4320,5872,-982,158,-109,-14024,-5276,6188,-508,127,-100,0
643.6549599170685,8680,6808,11344,-189,-103,114,7244,-9580,10000,23,217,-144,-13804,4296,5860,-981,83,-77,-13944,-5316,6220,-466,66,-148,0
643.6883540153503,8412,6692,11504,-208,-25,72,7280,-9712,10080,60,183,-139,-13588,4320,6052,-1003,105,-132,-13836,-5304,6340,-506,205,-106,0
643.7216510772705,8260,6848,11440,-209,-141,137,6924,-9968,10124,49,125,-4,-13536,4332,5972,-1034,219,-193,-13764,-5352,6180,-507,299,-18,0
643.7552270889282,8404,6760,11280,-157,-221,183,7316,-9604,10096,-48,91,-289,-13548,4396,5828,-1011,225,-179,-13944,-5172,6288,-535,3,-11,0
643.788861989975,8436,6456,11508,-149,-225,177,7332,-9632,9784,-22,127,-227,-13636,4428,5928,-997,203,-130,-14012,-5268,6108,-528,158,-86,0
643.8222479820251,8424,6700,11272,-216,-139,171,7488,-9528,10140,9,81,-173,-13604,4296,5912,-1014,138,-57,-13944,-5328,6184,-502,129,-61,0
643.8556959629059,8328,6820,11488,-117,-78,107,7476,-9652,10092,-64,129,-147,-13616,4216,5936,-984,95,-55,-14048,-5404,6180,-767,78,-134,0
643.8891041278839,8536,6680,11356,-142,-74,92,7356,-9700,10216,-80,133,-160,-13672,4136,5844,-1015,104,-111,-14084,-5200,6032,-495,144,-120,0
643.9225969314575,8512,6624,11228,-105,-51,83,7480,-9900,10236,-54,132,-144,-13696,4292,5964,-1033,48,-73,-13912,-5096,6128,-521,90,-145,0
643.9560630321503,8568,6896,11272,-125,7,67,7360,-9516,9932,-21,164,-110,-13672,4280,5820,-1274,42,-35,-13884,-5236,6360,-504,124,-155,0
643.9896540641785,8376,6764,11304,-152,8,92,7308,-9684,9912,11,161,-171,-13480,4576,5884,-1017,65,-51,-13864,-5364,6332,-509,193,-130,0
644.0231380462646,8228,6756,11444,-159,-128,99,7216,-9488,10156,6,157,-221,-13524,4360,5932,-971,106,-110,-13876,-5400,6228,-521,199,-113,0
644.0564720630646,8316,6688,11100,-125,-161,141,7220,-9684,10068,-64,116,-216,-13528,4380,5808,-1004,99,-145,-13980,-5400,6152,-767,142,-112,0
644.0898599624634,8336,6760,11348,-149,-109,94,7344,-9580,10220,-49,157,-208,-13624,4320,5852,-966,89,-105,-13832,-5296,6264,-503,150,-111,0
644.1236009597778,8252,6620,11460,-118,-27,93,7356,-9616,10088,-71,119,-210,-13632,4552,5732,-966,140,-128,-14012,-5352,6348,-505,168,-117,0
644.1571891307831,8348,6732,11396,-154,-120,137,7392,-9716,10160,-62,116,-213,-13316,4364,5776,-981,130,-98,-13980,-5204,6184,-763,122,-107,0
644.1906490325928,8448,6688,11436,-134,-104,106,7468,-9676,10088,-70,136,-217,-13680,4300,5852,-975,121,-77,-13900,-5292,5920,-542,145,-106,0
644.2241990566254,8476,6764,11396,-142,-80,132,7392,-9700,10172,-79,107,-204,-13676,4328,5848,-1006,125,-132,-14004,-5328,5940,-528,180,-61,0
644.2574191093445,8368,6660,11172,-110,-55,144,7456,-9644,10000,-111,109,-186,-13704,4228,5852,-965,125,-136,-13896,-5272,6232,-501,138,-116,0
644.2944979667664,8460,6696,11280,-114,-48,108,7204,-9560,9892,-88,124,-168,-13616,4292,5880,-969,85,-71,-13968,-5340,6080,-507,121,-97,0
644.3303151130676,8468,6600,11252,-123,248,85,7644,-9692,10212,-45,183,-125,-13768,4408,5880,-1014,63,-62,-13852,-5252,6184,-485,80,-133,0
644.3655779361725,8428,6504,11424,-112,88,123,7300,-9572,10088,-45,167,-130,-13324,4392,5984,-1022,74,-96,-13808,-5364,6380,-259,154,-112,0
644.4014520645142,8152,6660,11572,-124,-35,118,7136,-9704,10084,-68,94,-167,-13780,4252,6044,-1009,133,-86,-13804,-5348,6288,-495,170,-119,0
644.4378259181976,8296,6680,11252,-148,-90,95,7216,-9664,10044,-88,145,-182,-13600,4588,5864,-936,130,-96,-13852,-5328,6312,-513,128,-121,0
644.4726619720459,8380,6752,11348,-139,-91,109,7380,-9980,9984,-79,99,-189,-13532,4380,5792,-978,134,-122,-13936,-5208,6292,-538,170,-110,0
644.5085809230804,8320,6604,11336,-137,-86,100,7604,-9664,10236,4,123,-186,-13688,4592,5896,-1011,93,-114,-13960,-5276,6368,-548,167,-113,0
644.5434579849243,8364,6792,11388,-124,-56,119,7384,-9576,9952,-5,167,-169,-13628,4208,5764,-998,81,-94,-14040,-5324,6188,-537,110,-135,0
644.5791749954224,8400,6420,11444,-142,-82,64,7364,-9684,10032,-251,149,-157,-13664,4336,5768,-964,69,-57,-13968,-5304,6188,-506,151,-134,0
644.6144409179688,8488,6696,11316,-164,-88,70,7312,-9524,9804,8,156,-206,-13612,4380,5852,-1004,100,-128,-13808,-5200,5888,-533,225,-90,0
644.6501190662384,8384,6704,11052,-119,-125,111,7296,-9584,9892,-36,71,-205,-13704,4284,5704,-999,153,-114,-14060,-5204,6172,-525,189,-98,0
644.6848480701447,8676,6784,11440,-92,-74,119,7364,-9656,9932,-102,145,-196,-13692,4308,5792,-984,85,-100,-13908,-5320,6256,-477,108,-131,0
644.7202620506287,8444,6876,11024,-124,-39,81,7400,-9720,10060,-83,142,-159,-13708,4276,6072,-951,67,-90,-13936,-5272,6108,-768,81,-174,0
644.7557530403137,8396,6788,11076,-127,-4,80,7356,-9608,10044,-80,179,-121,-13680,4324,6068,-986,32,-72,-13924,-5272,6144,-260,104,-162,0
644.7912969589233,8340,6764,11340,-140,24,42,7288,-9652,10116,-60,182,-159,-13536,4436,5836,-986,91,-70,-13908,-5304,6068,-518,160,-109,0
644.8275730609894,8300,6660,11292,-118,-78,93,7252,-9752,10036,-37,129,-218,-13604,4256,6048,-774,142,-97,-13820,-5296,6132,-524,231,-114,0
644.8628070354462,8392,6684,11440,-155,-131,123,7384,-9756,9972,-33,103,-219,-13688,4292,5812,-1004,179,-156,-13968,-5252,6304,-522,178,-99,0
644.8986411094666,8356,6792,11416,-119,-115,118,7292,-9684,9984,-58,129,-209,-13764,4328,5804,-993,136,-139,-13916,-5140,5888,-524,170,-132,0
644.9347779750824,8376,6740,11400,-147,-92,111,7292,-9628,10052,-67,118,-174,-13616,4396,5940,-995,107,-114,-13848,-5272,6200,-522,146,-98,0
644.9682159423828,8380,6772,11380,-159,-83,147,7280,-9512,10020,-75,120,-150,-13660,4388,5844,-983,119,-66,-13852,-5132,6256,-258,128,-125,0
645.0015621185303,8352,6748,11212,-163,-97,114,7320,-9612,10056,-91,151,-141,-13668,4284,5836,-994,94,-45,-13992,-5408,6100,-501,111,-106,0
645.0352299213409,8420,6904,11372,-151,-115,100,7312,-9692,10068,-25,153,-177,-13640,4304,5808,-1004,88,-84,-13908,-5332,6148,-524,155,-98,0
645.0690190792084,8384,6688,11380,-143,-86,100,7324,-9720,10084,-21,147,-195,-13668,4244,5644,-1010,108,-109,-13928,-5340,6208,-525,150,-123,0
645.1025331020355,8652,6904,11112,-156,-125,89,7620,-9508,9868,16,162,-173,-13640,4340,5708,-1002,68,-115,-14000,-5252,6140,-513,196,-129,0
645.1359851360321,8620,6776,11428,-125,-124,80,7424,-9600,10048,-31,184,-194,-13716,4372,5872,-981,80,-167,-14084,-5300,6176,-488,159,-136,0
645.1697421073914,8444,6844,11404,-161,-76,78,7388,-9696,10108,-60,157,-196,-13612,4276,5776,-942,72,-69,-13880,-5416,6304,-480,124,-130,0
645.2030940055847,8192,6720,11412,-141,-45,71,7328,-9736,10116,-93,173,-163,-13660,4316,6056,-971,47,-24,-13940,-5184,5900,-511,46,-168,0
645.2369360923767,8468,6772,11204,-132,-6,65,7308,-9776,10028,-43,177,-126,-13592,4300,5872,-1015,29,-11,-14064,-5284,6252,-534,98,-154,0
645.2703680992126,8264,6740,11448,-144,-22,81,7240,-9744,10216,-16,142,-142,-13492,4420,5936,-1005,80,-107,-13928,-5568,6188,-542,107,-139,0
645.3037791252136,8248,6728,11440,-100,-35,68,7264,-9672,10176,-110,81,-142,-13612,4300,5928,-993,78,-85,-13980,-5304,5928,-530,155,-103,0
645.3373401165009,8316,6756,11356,-119,-21,94,7416,-9684,10016,-117,82,-154,-13648,4120,5820,-979,122,-66,-13952,-5328,6044,-536,165,-140,0
645.3708839416504,8420,6584,11344,-57,-13,76,7352,-9660,10084,-91,117,-131,-13668,4412,5724,-1010,92,-41,-13972,-5360,6152,-528,157,-125,0
645.4044709205627,8372,6720,11332,-62,16,101,7300,-9644,9740,-87,124,-134,-13560,4112,6064,-1006,57,-20,-13928,-5344,6260,-760,102,-148,0
645.4381139278412,8272,6828,11516,-79,39,51,7340,-9760,10104,-154,122,-100,-13648,4348,5776,-971,23,-59,-14228,-5340,6140,-520,95,-167,0
645.4713339805603,8340,6708,11532,-138,14,78,7336,-9976,9740,-132,144,-127,-13584,4096,5852,-985,56,-73,-13888,-5260,6164,-768,125,-173,0
645.5046310424805,8364,6820,11508,-122,9,86,7264,-9776,10148,-123,148,-149,-13652,4368,5716,-994,85,-60,-13900,-5276,6104,-264,153,-120,0
645.5382421016693,8200,6776,11252,-128,-44,83,7264,-9860,10024,-94,114,-183,-13520,4428,5932,-1016,100,-59,-13884,-5268,6220,-534,200,-89,0
645.5718641281128,8256,6732,11316,-56,-9,103,7236,-9800,10100,-116,98,-199,-13568,4384,5856,-975,91,-106,-13820,-5360,6248,-530,184,-131,0
645.6054050922394,8288,6692,11388,-108,-54,84,7420,-9800,10200,-120,126,-177,-13620,4384,5868,-990,112,-111,-13864,-5260,6224,-523,177,-136,0
645.6387009620667,8268,6780,11372,-98,-42,102,7536,-9724,10140,-147,385,-168,-13752,4460,5744,-990,108,-126,-13904,-5476,6164,-545,160,-163,0
645.6722950935364,8300,6724,11532,-106,-19,102,7256,-9936,9964,-107,121,-142,-13640,4336,5924,-1003,96,-94,-13896,-5352,6096,-529,150,-126,0
645.7058279514313,8412,6852,11392,-73,-26,86,7292,-9820,9768,-96,142,-146,-13520,4384,5660,-984,80,-54,-13616,-5400,6132,-538,156,-165,0
645.739187002182,8224,6752,11280,-105,-9,96,7288,-9748,9868,-124,155,-151,-13636,4376,5836,-974,92,-74,-13904,-5356,6136,-506,172,-113,0
645.7729909420013,8272,6716,11316,-109,-43,99,7264,-9720,10080,-102,158,-186,-13776,4276,5864,-960,105,-80,-14060,-5304,6184,-519,183,-104,0
645.8067591190338,8416,6724,11508,-126,-52,108,7340,-9752,9952,-92,132,-187,-13628,4328,6140,-961,124,-134,-13940,-5616,6192,-530,189,-120,0
645.8402321338654,8352,6792,11136,-121,-55,101,7368,-9716,10116,-86,158,-198,-13520,4304,5836,-956,134,-122,-13920,-5200,6124,-528,186,-99,0
645.8738090991974,8280,6796,11292,-124,-34,100,7252,-9756,9868,-111,152,-184,-13632,4320,5724,-952,110,-110,-13908,-5440,6052,-485,167,-109,0
645.9073929786682,8256,6724,11448,-111,-73,89,7236,-9504,9960,-69,134,-176,-13620,4404,5632,-1004,107,-75,-13884,-5256,6068,-763,192,-79,0
645.9406940937042,8008,6812,11440,-111,-98,129,7292,-9840,9812,-65,150,-207,-13608,4328,5920,-995,140,-148,-13876,-5320,6264,-761,220,-69,0
645.9779961109161,8236,6720,11416,-147,-134,124,7304,-9784,9760,-40,164,-191,-13812,4468,5832,-993,180,-138,-13624,-5560,6212,-494,207,-36,0
646.0129220485687,8228,6800,11432,-190,-123,142,7296,-9824,10064,-50,123,-222,-13340,4140,5756,-975,226,-111,-13872,-5272,6140,-487,193,-38,0
646.0491740703583,8224,6868,11308,-222,-152,159,7284,-9976,10016,-63,172,-239,-13652,4292,6012,-939,194,-149,-13936,-5272,5912,-471,197,-33,0
646.0842800140381,8164,6820,11356,-178,-162,151,7392,-9768,9948,-40,195,-210,-13640,4404,5832,-980,166,-107,-13936,-5288,6064,-481,170,-94,0
646.120090007782,8284,6732,11344,-230,-144,115,7172,-9740,9772,17,188,-192,-13536,4344,5876,-976,132,-129,-13912,-5376,5996,-508,182,-77,0
646.15487408638,8324,7036,11344,-201,-146,139,7340,-9788,10020,-22,202,-215,-13608,4340,5748,-966,125,-140,-13904,-5364,6044,-465,176,-43,0
646.1902620792389,8300,6836,11344,-196,-159,115,7340,-9812,9740,-38,179,-247,-13680,4384,5784,-953,175,-201,-13872,-5304,6096,-495,224,-72,0
646.2256870269775,8260,6760,11432,-233,-196,117,7308,-9792,9924,-52,245,-241,-13616,4452,5872,-983,169,-202,-13904,-5276,6036,-485,218,-58,0
646.2616889476776,8320,6700,11188,-208,-150,132,7264,-9660,9736,-83,130,-213,-13332,4352,5720,-1042,153,-126,-13996,-5160,6276,-507,207,-59,0
646.2976131439209,8308,6752,11380,-176,-149,144,7304,-9648,9780,-44,141,-196,-13596,4116,5836,-910,119,-119,-13948,-5328,6248,-507,165,-60,0
646.3328471183777,8436,6688,11328,-188,-124,114,7296,-9808,10156,-64,136,-184,-13360,4192,5924,-999,166,-132,-13948,-5312,6016,-482,161,-64,0
646.3687479496002,8252,6736,11388,-168,-86,104,7296,-9864,9944,-94,131,-203,-13688,4368,5804,-1002,173,-79,-13892,-5276,6164,-472,207,-20,3
646.404158115387,8312,6428,11568,-229,-191,142,7256,-9828,10144,-34,161,-195,-13488,4328,5828,-947,159,-141,-13884,-5264,6120,-479,194,-61,3
646.4398090839386,8332,6736,11244,-179,-148,135,7256,-9824,10044,-64,80,-177,-13604,4412,5884,-926,154,-96,-13960,-5232,6184,-484,183,-76,3
646.4750030040741,8340,6764,11284,-148,-147,141,7380,-9964,9980,-60,137,-173,-13688,4596,5948,-972,158,-138,-13972,-5164,6092,-492,157,-65,3
646.5110371112823,8336,6732,11408,-138,-134,136,7392,-9780,9960,-7,94,-202,-13652,4292,5972,-965,132,-136,-14068,-5304,6140,-492,209,-87,3
646.5473079681396,8336,6688,11328,-143,-96,121,7364,-9732,10040,-63,139,-175,-13660,4408,5788,-976,81,-61,-13924,-5312,6152,-545,173,-119,3
646.5822191238403,8364,6696,11284,-114,-93,94,7576,-9884,9728,-61,148,-172,-13808,4360,5856,-937,23,-99,-13984,-5216,6172,-558,163,-172,3
646.6182270050049,8336,6688,11276,-76,-92,82,7296,-9824,10000,-76,184,-175,-13576,4360,5828,-1008,17,-104,-14072,-5224,6028,-550,166,-185,0
646.6515171527863,8200,6736,11276,-89,-7,56,7392,-9796,10036,-41,154,-154,-13660,4404,5800,-996,-15,-100,-14008,-5244,5916,-531,165,-169,0
646.6852400302887,8324,6824,11388,-62,-16,81,7316,-9772,9736,-9,123,-128,-13716,4336,5840,-1014,37,-96,-13952,-5252,6072,-518,180,-162,0
646.7187230587006,8336,6700,11484,-105,-20,105,7380,-9940,9920,23,114,-180,-13608,4280,5900,-1013,97,-118,-13992,-5624,6368,-483,184,-92,0
646.7522759437561,8196,6864,11332,-95,-94,143,7288,-9844,10108,-62,47,-204,-13576,4324,5816,-1017,136,-115,-13936,-5420,6100,-487,231,-104,0
646.7854571342468,8240,6756,11540,-128,-114,140,7276,-9812,9788,-67,66,-228,-13704,4276,5812,-983,151,-127,-13948,-5364,6096,-767,171,-90,0
646.8188910484314,8308,6784,11292,-132,-93,131,7356,-9520,9944,-91,141,-156,-13640,4340,5688,-984,86,-92,-13892,-5288,6148,-492,118,-127,0
646.8526840209961,8336,6736,11216,-109,-11,98,7336,-9848,10008,-50,186,-146,-13776,4556,5764,-967,45,-109,-13980,-5572,6272,-507,113,-159,0
646.886027097702,8320,6672,11328,-131,-24,77,7388,-9856,9984,-20,169,-146,-13620,4328,6096,-1004,51,-64,-13872,-5172,6008,-508,149,-137,0
646.9200191497803,8416,6828,11412,-79,-35,80,7384,-9724,10100,-108,141,-160,-13608,4276,5688,-970,66,-72,-13992,-5364,6156,-515,143,-123,0
646.9536690711975,8384,6776,11616,-118,-68,90,7328,-9820,9964,-59,142,-216,-13684,4372,5804,-965,87,-88,-14028,-5112,6044,-766,210,-115,0
646.9873690605164,8300,6728,11224,-133,-88,112,7296,-9784,9920,-31,136,-194,-13616,4288,5904,-1009,101,-77,-14032,-5300,6216,-511,177,-119,0
647.0206301212311,8356,6756,11428,-120,-47,98,7360,-9772,9880,-47,133,-151,-13632,4320,5880,-972,53,-98,-13976,-5272,6196,-763,96,-134,0
647.0541291236877,8320,6804,11488,-161,-14,60,7348,-9852,10024,-62,163,-130,-13600,4216,5824,-973,45,-99,-13972,-5292,6072,-489,106,-138,0
647.0876030921936,8180,6776,11524,-147,-65,92,7380,-9836,10184,-30,204,-150,-13580,4452,5764,-993,80,-83,-14052,-5268,6128,-518,146,-125,0
647.1211850643158,8268,6776,11356,-117,-59,87,7156,-9800,10100,-43,169,-184,-13660,4392,5752,-979,88,-58,-14012,-5268,6020,-530,168,-119,0
647.1543729305267,8248,6848,11364,-162,-105,122,7168,-9800,9884,-39,140,-197,-13352,4464,6052,-1003,128,-162,-13812,-5312,6020,-531,201,-71,0
647.187714099884,8232,6792,11484,-136,-149,138,7300,-9856,9860,-59,92,-220,-13748,4384,5896,-972,156,-162,-13936,-5288,6128,-532,197,-82,0
647.2213881015778,8304,6768,11280,-150,-135,153,7404,-9760,9900,-37,118,-196,-13760,4448,5992,-987,131,-155,-14024,-5344,6052,-506,184,-90,0
647.2548530101776,8460,6716,11184,-148,-89,109,7304,-9828,9780,-53,99,-191,-13712,4332,5772,-1004,119,-112,-14044,-5344,5976,-513,165,-121,0
647.2883169651031,8396,6732,11300,-108,-89,101,7544,-9516,10160,-50,149,-152,-13608,4224,5880,-1006,53,-77,-14004,-5292,6124,-508,142,-165,0
647.321790933609,8316,6792,11280,-128,-48,85,7404,-9928,10036,-55,156,-154,-13556,4340,5792,-975,58,-79,-13920,-5356,6020,-266,132,-146,0
647.3553819656372,8296,6764,11252,-110,-28,62,7384,-9848,9960,-59,144,-137,-13632,4312,5764,-982,80,-91,-14052,-5292,5888,-498,134,-124,0
647.3888370990753,8212,6824,11508,-131,-56,82,7336,-9816,9804,-58,136,-169,-13812,4588,5692,-994,45,-116,-14032,-5312,6084,-505,117,-130,0
647.4221739768982,8376,6636,11356,-114,-50,96,7308,-9956,10036,-76,142,-120,-13580,4308,5940,-982,56,-53,-13968,-5368,5900,-512,122,-137,0
647.4556729793549,8376,6764,11364,-101,-52,106,7276,-9784,9924,-82,85,-176,-13580,4432,5992,-913,18,-102,-13904,-5372,6164,-764,123,-125,0
647.491641998291,8320,6880,11344,-114,-96,88,7236,-9800,9976,-23,123,-204,-13580,4304,5848,-956,53,-98,-13924,-5392,6092,-485,163,-138,0
647.5253100395203,8220,6796,11032,-87,-53,103,7384,-9864,10012,-96,144,-167,-13596,4388,5784,-995,76,-96,-14012,-5332,6068,-523,106,-169,0
647.5588309764862,8272,6672,11300,-81,-36,75,7384,-9828,9832,-56,144,-152,-13600,4440,6004,-932,34,-88,-14032,-5184,6056,-264,132,-169,0
647.5922429561615,8312,6868,11288,-102,-37,76,7332,-9824,10048,-31,127,-164,-13668,4444,5644,-1016,23,-30,-13904,-5408,6152,-545,118,-144,0
647.625648021698,8312,6780,11412,-52,-17,93,7336,-9812,9836,-90,130,-123,-13744,4352,5848,-843,-246,-63,-13936,-5376,6036,-506,131,-147,0
647.6636950969696,8364,6728,11264,-93,-38,69,7356,-9928,9908,-82,155,-164,-13740,4352,5768,-973,55,-79,-13984,-5172,5992,-504,154,-113,0
647.6996579170227,8320,6804,11492,-83,-23,91,7260,-9856,9948,-84,329,-172,-13616,4392,5780,-1102,100,-78,-13896,-5264,6084,-504,105,-145,0
647.7350850105286,8228,6756,11260,-73,5,50,7264,-9864,10024,-75,126,-127,-13560,4424,5948,-1020,51,-71,-13940,-5392,6392,-538,81,-176,0
647.7707190513611,8256,6840,11476,-93,40,50,7288,-9764,9956,-85,127,-138,-13620,4592,5632,-974,35,-70,-13872,-5620,6152,-500,93,-120,0
647.806144952774,7980,6780,11120,-89,-18,75,7364,-9944,9928,-77,226,-93,-13580,4440,5500,-1036,84,-105,-14008,-5360,5984,-551,158,-160,0
647.8420951366425,8180,6808,11488,-85,-11,72,7340,-9824,9924,-32,140,-154,-13316,4404,5640,-1023,51,-116,-13836,-5428,6184,-549,196,-137,0
647.8784379959106,8216,6792,11432,-112,-39,82,7412,-9800,10232,-67,129,-180,-13576,4372,5848,-1005,104,-80,-14028,-5348,6040,-514,161,-109,0
647.9138159751892,8432,6792,11396,-98,-62,92,7228,-10008,9908,-45,74,-179,-13612,4340,5872,-996,127,-131,-14028,-5148,6320,-760,151,-127,0
647.9496440887451,8252,6728,11220,-122,-56,108,7340,-9924,9920,-60,137,-183,-13652,4508,5820,-979,97,-87,-13980,-5152,5952,-264,146,-135,0
647.9848611354828,8192,6772,11284,-126,-49,87,7344,-9896,9872,-54,141,-148,-13536,4448,5868,-1008,50,-66,-14016,-5624,6032,-509,156,-145,0
648.0202701091766,8260,6908,11320,-120,-50,95,7356,-9900,9984,-68,131,-176,-13652,4396,6088,-986,64,-37,-14048,-5548,6112,-513,169,-155,0
648.055545091629,8148,6852,11232,-95,-59,62,7372,-9852,9988,-93,147,-185,-13652,4340,5980,-978,67,-104,-14004,-5164,6116,-517,163,-149,0
648.0912489891052,8236,6864,11252,-106,-55,90,7328,-9808,9956,-83,167,-175,-13572,4372,6052,-1000,48,-86,-13992,-5304,6348,-519,157,-109,0
648.1277439594269,8172,6740,11548,-72,-52,93,7392,-9856,9872,-32,164,-174,-13612,4388,5804,-1011,79,-72,-13964,-5320,6000,-540,172,-133,0
648.1629719734192,7948,6732,11368,-96,-21,95,7308,-9908,9976,-53,192,-173,-13568,4304,5844,-970,72,-130,-13888,-5620,6044,-544,182,-96,0
648.1986320018768,8160,6828,11252,-136,-80,115,7356,-9872,9936,-49,180,-206,-13568,4372,5796,-982,117,-143,-13932,-5408,6064,-757,189,-121,0
648.2337689399719,7936,6836,11408,-152,-100,128,7280,-9980,10016,-48,173,-222,-13780,4516,6140,-973,131,-140,-13908,-5136,6216,-513,176,-61,0
648.2710869312286,8232,6856,11380,-168,-129,114,7280,-10012,10020,33,170,-223,-13548,4376,5956,-1046,104,-189,-13924,-5312,6196,-261,212,-96,0
648.304563999176,8440,6844,11500,-185,-144,119,7300,-9808,9840,28,140,-204,-13316,4160,5912,-1279,122,-168,-13900,-5360,5960,-759,175,-99,0
648.3381321430206,8200,6888,11344,-147,-109,129,7284,-9848,9920,-36,161,-200,-13620,4456,5856,-975,106,-125,-14080,-5360,6296,-492,190,-80,0
648.3717660903931,8128,6948,11424,-218,-141,124,7340,-9920,9928,-12,194,-220,-13580,4096,6020,-938,123,-112,-13960,-5348,6240,-475,217,-74,0
648.4054441452026,8228,6788,11240,-171,-119,155,7264,-9840,10032,-255,196,-196,-13684,4584,5732,-1001,100,-109,-13988,-5304,6128,-760,165,-59,0
648.4389219284058,8256,6852,11440,-167,-110,149,7296,-9884,10144,-256,158,-169,-13608,4320,5804,-967,128,-154,-14052,-5344,6364,-486,139,-70,0
648.4722769260406,7968,6820,11304,-175,-129,135,7276,-9804,10208,-17,160,-183,-13720,4384,5812,-993,120,-180,-14032,-5276,6108,-485,178,-93,0
648.5056059360504,8224,6844,11484,-213,-98,125,7400,-9888,9944,-28,172,-171,-13568,4412,5908,-991,117,-90,-14012,-5372,5964,-763,163,-103,0
648.5389521121979,8304,6908,11428,-181,-111,120,7356,-9924,9900,13,157,-197,-13752,4304,5840,-1013,138,-100,-13940,-5348,6124,-528,202,-74,0
648.5726289749146,8324,6832,11480,-196,-151,121,7224,-9924,10044,4,115,-233,-13340,4444,5896,-997,149,-136,-13932,-5284,6020,-500,176,-54,0
648.606076002121,8064,6668,11372,-161,-139,145,7232,-9892,9944,-22,117,-204,-13808,4424,6004,-980,128,-112,-13948,-5328,6292,-478,173,-113,0
648.639575958252,8224,6840,11372,-170,-132,122,7292,-9828,10016,-30,148,-188,-13652,4496,5936,-976,137,-120,-13956,-5188,6104,-479,183,-70,0
648.6731669902802,8372,6888,11476,-164,-149,138,6984,-9904,9736,-21,140,-193,-13644,4412,5788,-976,93,-92,-13932,-5400,6000,-501,216,-87,0
648.7065660953522,8200,6868,11416,-145,-128,126,7228,-9856,10012,-21,122,-198,-13588,4604,6128,-1002,151,-91,-14008,-5160,5900,-488,186,-47,0
648.7401480674744,8220,6880,11476,-164,-166,120,7308,-9880,9900,-46,143,-214,-13636,4420,5976,-979,148,-122,-13936,-5308,6120,-463,184,-83,0
648.7736749649048,8348,6824,11400,-167,-147,113,7320,-9896,9948,-66,136,-208,-13700,4392,5848,-979,110,-144,-13896,-5372,6072,-489,174,-76,0
648.8072350025177,8320,7080,11440,-169,-116,122,7316,-9876,10200,-23,128,-219,-13628,4416,5924,-984,99,-140,-13964,-5352,6140,-487,172,-89,0
648.8407819271088,8300,6828,11352,-146,-94,119,7292,-9964,10040,-18,109,-164,-13656,4356,5996,-971,171,-123,-13868,-5356,6080,-510,187,-124,0
648.8743281364441,8304,6764,11412,-115,-101,115,7276,-9800,10052,-15,112,-184,-13636,4324,5952,-1002,132,-102,-14184,-5164,6024,-496,173,-117,0
648.9075059890747,8288,6804,11452,-144,-121,121,7232,-9804,9912,-57,113,-197,-13604,4412,5792,-986,123,-72,-13968,-5352,5992,-499,157,-112,0
648.9410891532898,8340,6812,11008,-134,-96,123,7348,-9800,9856,-72,114,-190,-13652,4364,5692,-987,116,-111,-14040,-5236,5996,-505,155,-137,0
648.9745690822601,8444,6888,11508,-115,-125,97,7292,-9880,10228,-97,147,-176,-13648,4304,5896,-971,79,-67,-14240,-5236,5964,-488,106,-107,0
649.0078201293945,8384,6744,11468,-80,-52,83,7376,-9832,10036,-62,146,-129,-13640,4452,5968,-989,61,-35,-14016,-5348,6068,-520,122,-170,0
649.0411739349365,8240,6848,11276,-117,-1,82,7268,-9876,10196,-36,111,-154,-13656,4292,5936,-1024,45,-31,-14068,-5572,6052,-498,145,-152,0
649.0745990276337,8272,6880,11300,-80,-60,92,7376,-9824,10000,-88,125,-168,-13504,4308,5924,-999,61,-106,-14012,-5584,5936,-534,122,-129,0
649.1082119941711,8216,6864,11420,-82,-35,51,7304,-9900,10016,-86,147,-189,-13656,4484,5848,-963,80,-139,-14000,-5376,5996,-499,154,-141,0
649.1416399478912,8240,6828,11440,-118,-91,61,7240,-9876,9748,-82,108,-191,-13780,4428,6028,-1002,76,-73,-13980,-5312,6092,-266,179,-140,0
649.1752469539642,8252,6864,11372,-71,-8,113,7296,-9820,9964,-87,132,-160,-13592,4392,5920,-1009,53,-238,-13988,-5552,6112,-512,126,-144,0
649.2085499763489,8292,6880,11308,-76,14,69,7384,-9884,9912,-109,136,-132,-13704,4348,5836,-985,62,-51,-13932,-5512,6080,-495,106,-137,0
649.242103099823,8172,6916,11336,-93,-5,75,7392,-9916,9864,-83,142,-149,-13648,4328,5924,-958,68,-100,-13904,-5304,6080,-497,143,-151,0
649.2756779193878,8352,6820,11356,-91,-29,70,7264,-9832,9920,-76,161,-163,-13688,4308,5816,-974,85,-116,-13984,-5376,6012,-529,121,-142,0
649.3112480640411,8248,6864,11252,-96,-53,89,7336,-9864,10008,-53,110,-173,-13812,4464,5844,-1004,108,-103,-13852,-5336,5876,-502,181,-106,0
649.3473711013794,8160,6928,11260,-103,-63,89,7252,-9856,9884,-73,50,-185,-13420,4264,5832,-961,221,-103,-13952,-5316,6164,-489,170,-115,0
649.3821120262146,8180,6756,11256,-72,-50,107,7276,-9868,9884,-74,84,-185,-13656,4556,6056,-966,116,-81,-14020,-5388,5940,-493,157,-149,0
649.4180359840393,8432,6892,11304,-109,-32,74,7320,-9916,9908,-68,147,-158,-13656,4452,5776,-967,57,-95,-14092,-5268,6336,-489,130,-163,0
649.4536581039429,8296,6864,11340,-89,-49,79,7256,-9936,9932,-60,154,-142,-13816,4424,5924,-1009,63,-46,-13600,-5376,6108,-506,151,-133,0
649.4891021251678,8192,6888,11460,-91,-15,78,7136,-9924,9920,-59,138,-169,-13536,4156,5936,-1004,58,-105,-13892,-5412,6060,-482,129,-150,0
649.5243921279907,8012,6864,11332,-110,-42,73,7248,-9912,10008,-102,124,-186,-13568,4296,5848,-997,90,-105,-13844,-5160,6116,-499,160,-105,0
649.5601451396942,8228,6924,11380,-104,-55,102,7256,-9892,9860,-68,133,-189,-13568,4460,5900,-1011,113,-110,-13916,-5276,6388,-512,173,-120,0
649.5949461460114,8276,6876,11288,-98,-53,80,7348,-9888,10032,-58,91,-183,-13540,4416,5948,-991,101,-84,-13976,-5356,6056,-503,152,-122,0
649.6306569576263,8220,6788,11088,-89,-17,73,7236,-9876,9944,-51,125,-174,-13336,4428,5992,-993,120,-101,-13968,-5400,6104,-764,150,-131,0
649.6655011177063,7940,6836,11496,-112,-70,86,7196,-9832,9828,-66,28,-216,-13684,4228,5940,-1024,74,-65,-14084,-5308,5988,-477,165,-118,0
649.7008709907532,8252,7160,11296,-79,-56,93,7356,-9848,10152,-66,96,-189,-13636,4108,5708,-999,96,-104,-13912,-5340,6308,-487,163,-107,0
649.7358720302582,8220,6972,11480,-104,-60,97,7280,-9824,9924,-74,98,-199,-13516,4236,5840,-1010,116,-75,-14024,-5424,6084,-498,157,-109,0
649.7712841033936,8184,6928,11508,-109,-71,77,7228,-9896,9884,-77,114,-195,-13668,4184,5772,-947,144,-81,-13956,-5408,6056,-482,133,-69,0
649.8071300983429,7956,6872,11024,-100,-38,96,7260,-9940,9844,-95,143,-163,-13520,4408,6000,-984,92,-42,-13968,-5208,5944,-492,123,-121,0
649.8422529697418,8236,6732,11372,-123,249,105,7288,-9952,10016,-29,140,-134,-13700,4596,5852,-1034,55,-68,-13928,-5392,6132,-500,169,-98,0
649.8781230449677,8008,6928,11472,-127,-40,103,7296,-9940,9908,-34,142,-164,-13516,4364,5880,-1000,98,-86,-14000,-5212,6024,-492,151,-121,0
649.9130339622498,8196,6984,11300,-71,-32,89,7496,-10212,9916,-126,362,-181,-13376,4392,5548,-1268,137,-109,-13844,-5220,6092,-502,161,-132,0
649.9490151405334,8244,6900,11356,-114,-70,98,7348,-9948,9768,-71,134,-171,-13796,4376,5780,-962,98,-112,-13968,-5568,5936,-495,170,-104,0
649.9848001003265,8128,6864,11348,-71,-36,93,7248,-9944,9892,-81,140,-159,-13776,4396,6056,-769,100,-84,-13952,-5596,6352,-502,134,-119,0
650.0181529521942,8144,6904,11488,-87,-34,70,7312,-9996,9952,-85,138,-145,-13556,4408,5768,-999,107,-104,-13936,-5328,6076,-492,141,-116,0
650.0517070293427,8152,6892,11424,-105,-19,99,7448,-9944,9788,-84,157,-168,-13600,4372,5864,-966,129,-83,-13992,-5344,6036,-478,155,-80,0
650.0853300094604,8100,6880,11336,-139,-15,104,7276,-10196,9952,-43,178,-183,-13788,4356,5764,-970,111,-88,-14004,-5144,6064,-507,179,-92,0
650.1187970638275,8116,7008,11368,-145,-88,118,7292,-10196,9840,-47,173,-218,-13612,4428,6028,-979,138,-171,-13892,-5204,6096,-488,230,-82,0
650.1518211364746,8108,6860,11324,-158,-125,143,7216,-9992,9844,-20,132,-240,-13628,4412,5932,-1001,186,-163,-13844,-5180,6392,-506,226,-72,0
650.1854560375214,8008,6876,11360,-125,-109,134,7304,-9908,9972,-12,154,-212,-13360,4360,6024,-971,182,-157,-13904,-5604,5996,-507,211,-58,0
650.218997001648,7940,6704,11312,-183,-98,123,7208,-10216,9880,-15,173,-206,-13608,4328,5728,-965,168,-143,-13992,-5168,5948,-479,207,-90,0
650.2526829242706,8116,6908,11268,-181,-112,100,7212,-9924,10028,245,187,-199,-13620,4364,5924,-996,177,-106,-13956,-5388,6128,-500,182,-79,0
650.2862510681152,8148,6892,11440,-179,-81,137,7232,-9876,9972,42,192,-200,-13540,4368,5756,-975,151,-83,-13976,-5428,6176,-472,190,-66,0
650.3197751045227,8228,6880,11268,-179,-135,110,7208,-9836,9832,-4,183,-231,-13492,4372,6092,-961,194,-158,-13956,-5404,5932,-487,203,-80,0
650.3531811237335,8148,6936,11472,-153,-125,139,7260,-9848,9848,-20,156,-219,-13344,4152,5788,-967,163,-151,-13940,-5304,5988,-503,227,-71,0
650.3866119384766,8308,6820,11136,-204,-113,133,7320,-9876,9852,17,159,-219,-13592,4324,5696,-976,162,-119,-13904,-5424,5936,-503,229,-69,0
650.4201610088348,8152,6864,11392,-197,-149,133,7268,-9956,10144,9,170,-198,-13640,4412,5964,-977,150,-128,-13984,-5228,5976,-500,200,-74,0
650.4537019729614,8144,6948,11328,-197,-135,130,7336,-9864,9876,14,159,-191,-13656,4368,5780,-954,160,-148,-13976,-5544,6048,-475,202,-98,0
650.4873421192169,8096,6928,11456,-193,-141,152,7288,-9792,9972,5,169,-199,-13700,4564,5660,-979,137,-181,-13832,-5520,6000,-483,192,-85,0
650.5207281112671,8208,6900,11476,-187,-132,127,7192,-9952,9936,255,164,-193,-13560,4352,5656,-993,157,-116,-13948,-5316,6036,-507,182,-69,0
650.5539491176605,8228,7152,11484,-171,-106,126,7204,-9924,10036,-10,167,-197,-13588,4156,5816,-976,204,-88,-14036,-5312,6084,-499,199,-82,0
650.5874021053314,8032,6880,11712,-186,-146,146,7204,-10204,9940,-10,149,-190,-13564,4368,6096,-983,160,-164,-13992,-5336,6084,-485,197,-29,0
650.6209080219269,8180,6844,11400,-188,-136,141,7384,-10220,9976,-4,155,-217,-13736,4404,5768,-989,166,-161,-14012,-5268,6060,-485,207,-79,0
650.6542410850525,8432,6796,11380,-182,-135,148,7324,-9960,10068,-11,125,-196,-13688,4128,5752,-984,159,-145,-13908,-5384,6064,-497,187,-68,0
650.6876490116119,8412,7140,11380,-160,-135,129,7356,-9964,9920,-15,140,-223,-13632,4100,5876,-967,151,-151,-14056,-5388,6040,-473,214,-90,0
650.7212250232697,8280,6828,11444,-207,-165,130,7284,-9936,9768,-16,130,-216,-13564,4304,5904,-952,167,-114,-14004,-5268,6008,-469,177,-96,0
650.7546479701996,8196,6904,11516,-150,-143,132,7208,-9892,9884,-17,156,-188,-13692,4396,5704,-955,154,-113,-14096,-5184,5932,-482,157,-96,0
650.7883460521698,8252,6776,11408,-194,-91,127,7276,-10004,10024,11,126,-158,-13696,4408,5812,-1013,125,-101,-13948,-5280,5976,-261,143,-94,0
650.8218309879303,8284,6876,11304,-187,-141,124,7256,-9852,9908,19,123,-183,-13324,4588,5748,-778,91,-109,-13848,-5336,5988,-500,158,-89,0
650.8555209636688,8332,6944,11400,-99,-44,92,7304,-9908,9852,-64,139,-177,-13696,4252,5740,-987,108,-110,-13920,-5540,5644,-479,142,-117,0
650.8889601230621,8328,6768,11476,-154,-84,80,7276,-9792,9892,-43,136,-183,-13732,4340,5636,-970,112,-104,-13944,-5316,5952,-505,149,-140,0
650.9224529266357,8264,6760,11196,-86,-20,55,7292,-9876,9912,-80,128,-131,-13700,4376,5724,-984,72,-38,-14296,-5372,6080,-517,83,-171,0
650.9561071395874,8276,6788,11244,-72,4,52,7204,-9840,9896,-65,155,-116,-13596,4396,5676,-1006,65,-35,-13992,-5332,5964,-512,110,-156,0
650.9919819831848,8436,6872,11272,-92,-10,71,7404,-9828,9908,-81,138,-155,-13520,4448,5896,-982,54,-91,-14060,-5612,6116,-498,128,-157,0
651.0282349586487,8300,6928,11380,-114,-28,84,7316,-9928,9940,-78,135,-168,-13676,4116,5640,-964,90,-69,-13904,-5188,6096,-510,156,-156,0
651.06369805336,8220,6984,11340,-79,-31,109,7224,-9880,9864,-78,134,-177,-13560,4336,5876,-977,116,-111,-13936,-5320,5984,-496,175,-130,0
651.0988719463348,8148,6892,11304,-110,-72,99,7156,-9940,9872,-90,121,-180,-13672,4328,5784,-971,145,-51,-14004,-5372,6016,-497,136,-104,0
651.1344590187073,8124,6900,11288,-78,-28,81,7184,-9992,9812,-117,117,-155,-13644,4292,6052,-947,127,-97,-13940,-5328,6076,-512,111,-105,0
651.1701760292053,8204,6916,11160,-95,-14,96,7292,-10044,9888,-75,138,-141,-13700,4592,5880,-974,103,-67,-13940,-5324,6088,-512,131,-109,0
651.2055759429932,8132,7044,11212,-84,-6,76,7200,-9908,9956,-66,104,-157,-13412,4596,5812,-994,114,-91,-13976,-5128,5912,-517,149,-134,0
651.241693019867,8152,7044,11468,-94,-58,94,7328,-9764,9920,-88,99,-172,-13700,4588,5832,-1010,121,-65,-14004,-5408,5956,-764,152,-123,0
651.2777409553528,8156,6692,11512,-107,-43,90,7188,-9876,9832,-70,94,-199,-13668,4332,5864,-968,95,-75,-14084,-5308,6036,-472,133,-106,0
651.3133039474487,8348,6868,11340,-102,-55,59,7308,-9924,9872,-64,155,-155,-13600,4376,5716,-994,79,-99,-13916,-5312,5904,-486,118,-167,0
651.3487780094147,7936,6952,11388,-111,-26,55,7316,-9968,9844,-79,152,-148,-13652,4436,6132,-975,76,-71,-13892,-5328,6036,-497,129,-147,0
651.3840680122375,8404,6740,11412,-115,-3,84,7280,-9868,9868,-82,122,-145,-13616,4420,5660,-991,96,-36,-14016,-5376,5996,-477,136,-142,0
651.4195539951324,8124,6812,11376,-113,-33,92,6964,-9900,9888,-67,128,-167,-13656,4432,5884,-967,132,-99,-13908,-5360,6120,-506,157,-139,0
651.4547181129456,8116,6880,11288,-76,-47,92,7312,-9948,10196,-78,132,-180,-13640,4320,5756,-985,117,-65,-13948,-5272,5948,-514,156,-116,0
651.4901819229126,8156,6884,11300,-80,-60,97,7224,-9936,9920,-62,149,-161,-13340,4440,5792,-985,144,-124,-13880,-5332,6368,-536,181,-153,0
651.525591135025,8152,6916,11224,-103,-80,104,7212,-9776,9908,-71,143,-163,-13372,4460,5680,-996,122,-55,-14008,-5312,6004,-481,157,-100,0
651.5613009929657,8172,7012,11320,-129,-45,105,7244,-9964,9856,-94,144,-159,-13620,4296,5872,-979,122,-119,-13972,-5268,6032,-257,104,-130,0
651.5972011089325,8400,6904,11468,-114,255,97,7224,-10236,9848,-43,128,-148,-13624,4380,5760,-1001,55,-67,-14036,-5316,5988,-525,125,-156,0
651.6323130130768,8016,6976,11504,-133,-27,84,7308,-10000,10020,-13,150,-152,-13572,4600,5672,-1005,88,-66,-13984,-5332,6220,-511,155,-157,0
651.6677191257477,8184,6700,11300,-88,15,93,7320,-9936,9872,-72,135,-135,-13688,4376,5764,-1005,69,-43,-14004,-5424,6152,-490,145,-148,0
651.7012479305267,7948,6656,11388,-112,-22,50,7384,-10012,9788,-71,145,-170,-13624,4420,5916,-999,105,-101,-13944,-5436,6172,-492,149,-133,0
651.7347369194031,8360,6936,11036,-121,-55,76,7200,-9968,9852,-44,133,-183,-13332,4432,5760,-1004,97,-110,-13884,-5288,5996,-500,195,-141,0
651.7682831287384,8048,6932,11392,-88,-37,94,7192,-9972,9800,-51,145,-158,-13668,4388,5724,-986,110,-68,-13920,-5256,5920,-503,148,-132,0
651.8016331195831,8112,7108,11364,-102,-21,95,7136,-10012,9824,-123,70,-133,-13548,4392,5796,-1006,94,-43,-14000,-5400,6052,-763,138,-134,0
651.8352601528168,7948,6684,11364,-139,-12,78,7284,-9904,10196,-72,135,-171,-13740,4444,5932,-969,75,-88,-14000,-5364,5948,-510,169,-126,0
651.8690741062164,8364,6680,11308,-101,-26,97,7308,-9960,9752,-68,155,-177,-13796,4448,5864,-1007,124,-133,-14032,-5356,5956,-533,168,-100,0
651.9022469520569,7936,6896,11380,-114,-38,88,7272,-9924,9880,-78,132,-182,-13512,4408,5776,-982,101,-140,-13996,-5292,5924,-503,186,-104,0
651.93581199646,8120,7136,11300,-125,-88,101,7324,-10232,9836,-88,94,-191,-13672,4408,5820,-984,150,-96,-13984,-5348,5996,-505,186,-121,0
651.9693400859833,8144,6956,11416,-123,-88,114,7280,-9988,9712,-58,128,-180,-13608,4412,5800,-978,129,-105,-14008,-5296,6068,-530,172,-127,0
652.002767086029,8132,7048,11128,-121,-54,111,7280,-9756,9868,-60,139,-180,-13700,4140,5792,-986,126,-82,-14052,-5340,6020,-509,185,-115,0
652.035905122757,8096,6968,11420,-116,-48,100,7252,-10048,9868,-74,147,-156,-13652,4360,5860,-993,109,-124,-14048,-5296,6040,-517,151,-107,0
652.0695250034332,8116,7020,11408,-104,-48,99,7268,-10088,9928,-68,175,-170,-13708,4456,5848,-989,121,-94,-14052,-5364,5864,-525,153,-111,0
652.1028399467468,8172,6976,11184,-147,-54,86,7216,-9820,9772,-65,188,-159,-13672,4180,5808,-978,94,-55,-14016,-5456,6016,-504,150,-134,0
652.1364459991455,8032,7076,11360,-150,-40,111,7136,-9960,9928,-48,146,-190,-13540,4440,5744,-954,123,-99,-13968,-5320,6080,-471,184,-101,0
652.1783890724182,8032,7140,11388,-158,-89,105,7252,-10040,9924,-43,194,-199,-13580,4600,5704,-970,168,-183,-13832,-5400,6036,-480,201,-79,0
652.2239389419556,7992,7056,11356,-174,-135,154,7200,-10000,9888,-33,166,-230,-13580,4196,5676,-977,156,-192,-13848,-5360,5988,-506,234,-80,0
652.265762090683,8020,7036,11336,-170,-137,121,7128,-9980,9836,-33,181,-213,-13680,4572,5668,-959,159,-134,-13940,-5300,6120,-477,205,-72,0
652.2992069721222,8044,6968,11328,-215,-110,166,7296,-10052,9752,-20,183,-214,-13688,4416,5844,-960,190,-92,-14004,-5368,6008,-476,157,-64,0
652.3329651355743,8012,6960,11292,-214,-129,158,7224,-10020,9908,12,161,-210,-13768,4408,5956,-992,187,-112,-13936,-5396,6024,-500,191,-67,0
652.3666739463806,8144,6976,11376,-220,-143,148,7384,-9956,9876,0,170,-191,-13772,4492,5640,-971,174,-157,-13980,-5384,6056,-504,194,-54,0
652.3997180461884,8228,7032,11320,-213,-151,149,7200,-9940,9752,10,165,-220,-13592,4356,5452,-954,193,-143,-13988,-5304,6036,-459,162,-45,0
652.4331459999084,8136,6948,11140,-181,-119,159,7204,-9996,9804,-3,184,-200,-13660,4356,5776,-965,214,-123,-14036,-5344,6072,-480,197,-31,0
652.4667100906372,8064,6804,11300,-209,-158,149,7364,-9984,9812,2,138,-233,-13736,4452,5552,-986,183,-151,-14056,-5284,5844,-484,221,-51,0
652.5046529769897,8288,6908,11300,-208,-167,134,7176,-9892,9800,-28,229,-225,-13724,4248,5708,-991,137,-134,-13912,-5312,5944,-456,160,-63,0
652.5385220050812,8252,6864,11312,-243,-101,84,7272,-9952,9904,16,176,-182,-13604,4436,5852,-773,188,-138,-14008,-5236,5828,-447,151,9,0
652.5719990730286,8196,6880,11356,-237,-125,124,7000,-9732,9928,15,184,-186,-13708,4416,5736,-956,135,-159,-13940,-5412,5868,-471,203,-65,0
652.6052451133728,8124,6992,11340,-219,-183,99,7208,-9876,9884,-23,506,-212,-13680,4384,5852,-983,128,-95,-14160,-5272,6060,-448,154,-80,0
652.6385779380798,7964,6944,11424,-197,-83,77,7316,-9912,9960,-23,202,-187,-13740,4348,5716,-957,146,-120,-13904,-5224,5912,-463,206,-71,0
652.6743750572205,8080,6908,11432,-206,-152,94,7220,-10036,9744,-28,152,-194,-13600,4488,5632,-975,165,-83,-14004,-5284,6124,-479,192,-79,0
652.7094640731812,8396,7108,11368,-205,-104,96,7364,-9804,10000,-18,160,-160,-13656,4400,5724,-945,105,-72,-14004,-5336,6024,-436,116,-120,3
652.744570016861,8008,6876,11400,-190,-96,116,7152,-10068,9932,-13,168,-183,-13816,4380,5580,-986,160,-95,-13868,-5148,5668,-475,159,-77,3
652.7808220386505,8104,6952,11332,-169,-104,135,7152,-9888,9944,-16,109,-204,-13600,4424,5688,-988,188,-140,-14048,-5268,6024,-465,191,-63,3
652.8161721229553,8136,6860,11500,-190,-145,148,7276,-9964,9896,-52,125,-215,-13592,4320,5732,-966,192,-122,-13988,-5276,5868,-472,187,-58,3
652.8517570495605,8132,6868,11264,-172,-164,164,7164,-10192,9800,-6,126,-214,-13784,4504,5756,-967,154,-115,-14028,-5088,6000,-491,185,-86,3
652.8875930309296,8392,6684,11144,-135,-133,107,7344,-9856,9472,-74,125,-207,-13748,4108,5616,-1006,105,-147,-14000,-5212,6048,-764,141,-123,3
652.9226341247559,8264,6764,11284,-113,-90,102,7280,-9736,9952,-74,127,-189,-13792,4372,5372,-982,75,-42,-14072,-5244,5980,-528,159,-161,3
652.9585781097412,8308,6832,11452,-74,-43,89,7316,-10024,9932,-26,172,-150,-13612,4408,5764,-967,28,-87,-14096,-5232,5956,-597,190,-198,3
652.9938440322876,8416,6912,11428,-49,-52,96,7276,-9904,10056,-36,146,-159,-13684,4344,5728,-1006,246,-74,-13972,-5288,6072,-531,175,-181,0
653.029669046402,8252,6868,11392,-62,-47,90,7136,-9884,9872,-94,98,-188,-13568,4332,5700,-1056,99,-91,-13960,-5288,6140,-498,176,-132,0
653.0648341178894,8044,6952,11300,-77,-88,70,7244,-9964,9896,-64,95,-207,-13652,4380,5804,-994,91,-114,-14328,-5384,5944,-470,180,-155,0
653.1008870601654,8216,6900,11304,-91,-36,59,7364,-10160,9832,-94,125,-163,-13760,4600,5724,-988,56,-85,-14028,-5344,5968,-486,140,-164,0
653.1359679698944,8064,6676,11464,-89,2,60,7204,-9976,10016,-82,135,-150,-13672,4340,5556,-1015,78,-101,-14036,-5244,6024,-492,147,-143,0
653.1721270084381,8020,6924,11268,-74,-32,61,7096,-9944,9840,-64,153,-167,-13600,4440,5912,-973,77,-62,-13996,-5308,5984,-500,143,-134,0
653.2076449394226,8092,6964,11480,-96,-45,80,7188,-10224,9936,-92,92,-174,-13656,4440,5788,-973,102,-48,-14012,-5244,6032,-515,152,-113,0
653.2427749633789,8060,6972,11472,-101,-71,115,7188,-10232,9916,-98,119,-181,-13604,4380,5724,-967,122,-125,-13968,-5276,5908,-468,161,-106,0
653.2787709236145,8364,6980,11192,-84,-74,108,7248,-9888,9948,-143,118,-157,-13648,4424,5604,-972,88,-75,-14044,-5232,6008,-767,103,-166,0
653.314110994339,8416,6936,11248,-93,-255,120,7216,-10048,9824,-35,153,-136,-13572,4564,5808,-1024,53,-91,-13848,-5572,6016,-531,124,-155,0
653.3497850894928,8072,6984,11316,-123,-37,67,7332,-10000,9792,-17,165,-161,-13700,4172,5732,-1017,18,-58,-14308,-5292,6020,-485,112,-150,0
653.3832581043243,8176,7052,11388,-74,253,61,7232,-9884,9976,-79,163,-148,-13772,4320,5728,-1009,44,-77,-14012,-5376,6020,-483,114,-157,0
653.4167151451111,8076,6968,11296,-134,-52,52,7300,-10088,9780,-68,154,-164,-13636,4400,5828,-1019,77,-104,-13976,-5284,5900,-472,154,-146,0
653.4503009319305,8012,6972,11432,-91,-43,64,7168,-10036,10000,-160,105,-172,-13640,4416,5856,-1009,81,-70,-13928,-5168,6004,-486,139,-141,0
653.4836831092834,8100,6656,11328,-76,-7,80,7240,-10232,9808,-71,142,-127,-13664,4372,5764,-1024,67,-41,-13936,-5204,6032,-509,112,-162,0
653.5174269676208,8084,6928,11368,-71,-10,103,6912,-10004,9872,-58,161,-137,-13680,4388,5776,-769,53,-60,-14040,-5364,6000,-512,107,-165,0
653.5507731437683,8068,6928,11348,-94,-39,90,7172,-10112,9872,-57,104,-156,-13644,4500,5992,-1007,98,-153,-13948,-5328,5900,-485,162,-115,0
653.5843150615692,8064,7016,11272,-90,-67,108,7196,-9772,9772,-61,118,-222,-13616,4480,6048,-880,82,-87,-14004,-5332,5776,-768,198,-120,0
653.6177411079407,7964,7056,11492,-120,-66,118,7244,-10016,9796,-92,102,-209,-13636,4388,5708,-975,149,-103,-13960,-5304,5952,-500,176,-104,0
653.6509759426117,8388,7144,11068,-101,-73,102,7276,-10036,9880,-87,110,-217,-13668,4100,5764,-958,121,-79,-14008,-5340,5964,-493,144,-135,0
653.6845769882202,8336,6976,11184,-112,-51,93,7212,-9992,9920,-70,115,-173,-13636,4384,5780,-963,66,-133,-13836,-5152,5724,-473,169,-131,0
653.7181770801544,8124,7012,11440,-120,-57,47,6920,-10068,9836,-51,196,-194,-13584,4452,5396,-988,94,-140,-14088,-5376,6020,-486,163,-159,0
653.7518029212952,8076,7060,11472,-146,-21,58,7456,-9968,9964,-71,225,-137,-13772,4428,5848,-993,101,-109,-13932,-5328,5916,-494,165,-146,0
653.7853801250458,8112,6944,11328,-106,-46,73,7204,-9996,9924,-88,233,-160,-13644,4444,5736,-1001,102,-56,-14012,-5352,5860,-497,143,-123,0
653.8190340995789,8024,6948,11388,-131,-76,42,7160,-9992,9864,-69,155,-178,-13732,4436,5652,-991,100,-48,-13828,-5308,6036,-764,169,-137,0
653.8527300357819,8080,7044,11300,-110,-13,86,7168,-10096,9760,-100,127,-163,-13700,4400,5752,-1004,108,-57,-13932,-5180,6048,-505,154,-150,0
653.8860869407654,8064,7016,11488,-117,-32,100,7132,-10092,9752,-66,160,-172,-13744,4408,5836,-981,79,-126,-14060,-5328,5908,-474,156,-128,0
653.9194669723511,8092,6976,11380,-135,-65,104,7244,-10008,9856,-67,165,-169,-13588,4384,5736,-985,72,-94,-13940,-5428,5908,-486,190,-92,0
653.9527931213379,8084,6940,11360,-133,-78,66,7180,-10028,9972,-35,165,-198,-13624,4328,5416,-954,58,-110,-13948,-5508,5916,-468,213,-105,0
653.9864370822906,7984,7028,11452,-156,-62,93,7128,-10004,9980,-25,154,-247,-13576,4116,5828,-972,133,-122,-13948,-5408,6128,-489,218,-64,0
654.0201151371002,8076,7164,11320,-188,-108,94,7176,-10028,9960,-32,202,-260,-13732,4392,5728,-995,167,-171,-14052,-5296,5972,-490,510,-108,0
654.0536861419678,7996,6948,11064,-193,-156,97,7184,-10056,9868,-10,176,-266,-13728,4372,5652,-996,136,-174,-14032,-5256,5784,-496,245,-118,0
654.0873990058899,8012,6820,11440,-216,-155,75,7100,-9952,9768,5,200,-250,-13652,4472,5772,-964,118,-150,-14008,-5328,5900,-484,184,-95,0
654.120805978775,8180,7040,11096,-201,-104,101,7224,-10028,9908,-28,212,-200,-13808,4468,5784,-976,105,-108,-14048,-5356,6064,-495,135,-95,0
654.1544239521027,8084,7144,11412,-232,-89,123,7220,-10076,9904,24,210,-182,-13652,4128,5704,-1014,93,-107,-14004,-5328,5944,-494,172,-103,0
654.1881840229034,8032,7016,11504,-221,-86,113,7148,-9992,9744,254,204,-188,-13692,4504,5676,-1008,78,-126,-13940,-5360,5996,-497,167,-103,0
654.2217991352081,8096,7020,11472,-210,-90,85,7228,-10072,9936,17,233,-227,-13672,4280,5564,-958,92,-137,-13968,-5336,5976,-490,210,-101,0
654.2555210590363,8024,7048,11648,-226,-187,66,7168,-9996,10016,-13,218,-284,-13364,4396,5824,-957,131,-169,-13952,-5396,5996,-464,260,-91,0
654.2892699241638,8136,6656,11300,-197,-147,62,7180,-9956,9916,1,204,-268,-13716,4168,5684,-976,85,-143,-14092,-5320,5988,-470,203,-115,0
654.3227579593658,8052,6920,11144,-183,-121,42,7024,-10008,9796,8,231,-210,-13676,4456,5520,-973,49,-142,-13884,-5128,6032,-478,147,-135,0
654.3587729930878,8128,7004,11512,-182,-81,74,6956,-10220,9796,-21,241,-189,-13644,4376,5868,-955,97,-117,-14124,-5336,5928,-488,171,-142,0
654.3944110870361,8016,6732,11364,-211,-122,88,7188,-10052,9928,3,189,-199,-13620,4336,5644,-943,117,-166,-14020,-5260,5976,-472,201,-87,0
654.4301879405975,7992,6932,11480,-194,-111,105,7152,-9928,9796,-2,162,-222,-13392,4524,5804,-963,143,-140,-13992,-5288,5868,-491,218,-102,0
654.4653539657593,8064,6936,11404,-237,-169,109,7164,-10120,9892,-15,190,-233,-13732,4592,5748,-948,130,-179,-14012,-5332,5800,-455,222,-73,0
654.5008821487427,7980,7144,11472,-217,-180,105,7256,-10076,9956,1,209,-287,-13792,4116,5588,-940,97,-136,-13872,-5516,5980,-482,247,-127,0
654.5358369350433,8128,7132,11368,-189,-171,75,7236,-9944,9932,3,248,-245,-13688,4400,5508,-962,92,-185,-14088,-5360,5740,-463,242,-120,0
654.5713169574738,7928,6908,11172,-190,-154,77,7148,-10092,9856,14,245,-225,-13672,4260,5716,-1012,116,-133,-14016,-5332,5852,-463,212,-109,0
654.6076209545135,8164,7000,11312,-211,-155,89,7116,-9896,9756,-22,177,-195,-13692,4584,5792,-963,114,-104,-14040,-5300,5892,-445,185,-109,0
654.6427330970764,8068,6932,11344,-213,-144,98,7208,-10076,9952,-56,177,-196,-13664,4252,5688,-958,133,-92,-14060,-5320,5884,-473,196,-94,0
654.6776521205902,7984,6964,11448,-216,-139,124,7112,-9996,9964,-44,143,-192,-13720,4320,5580,-972,130,-113,-14072,-5348,5744,-474,183,-119,0
654.713819026947,8112,6948,11408,-162,-171,139,6948,-9976,9924,-25,132,-222,-13732,4392,5776,-980,123,-129,-14012,-5280,5900,-474,198,-96,0
654.7493500709534,8140,7004,11328,-149,-130,116,7172,-10004,9884,-27,125,-182,-13696,4424,5768,-990,119,-82,-14012,-5284,5636,-522,133,-128,0
654.784567117691,8104,6972,11268,-105,-104,110,7288,-10212,9972,-39,136,-167,-13600,4320,5560,-968,79,-92,-13876,-5188,5924,-498,134,-128,0
654.820671081543,8092,7004,11416,-136,-50,107,7236,-9872,9924,-57,106,-175,-13816,4320,5504,-956,118,-101,-13852,-5580,5912,-471,180,-128,0
654.8570690155029,8136,6880,11316,-139,-66,107,7120,-9952,9900,-78,152,-179,-13740,4328,5692,-995,109,-81,-14292,-5348,6140,-469,149,-128,0
654.8924579620361,8096,7036,11372,-113,-77,76,7204,-10112,9736,-90,166,-154,-13680,4392,5656,-1002,65,-45,-14084,-5232,5952,-501,109,-167,0
654.9276919364929,8076,6956,11276,-125,1,73,7400,-10044,9992,-72,142,-158,-13708,4248,5756,-1272,40,-91,-13988,-5124,5924,-500,156,-160,0
654.9634461402893,8080,7008,11416,-108,-53,74,6928,-9960,9872,-62,144,-160,-13608,4288,5920,-989,94,-63,-13968,-5416,5964,-482,128,-118,0
655.0007741451263,8032,7072,11416,-106,-21,57,7184,-10092,10176,-84,158,-183,-13792,4416,5636,-943,71,-75,-13984,-5400,5956,-476,150,-141,0
655.0343329906464,8108,6976,11488,-145,-84,55,7140,-10024,9992,-69,153,-193,-13692,4604,5784,-979,97,-122,-14088,-5312,6052,-487,190,-115,0
655.0680220127106,8148,6904,11348,-104,-60,101,7112,-10096,9988,-73,141,-139,-13672,4476,5648,-997,72,-82,-14332,-5612,5944,-523,142,-155,0
655.1017301082611,8008,7000,11376,-47,-16,84,7156,-10100,9800,-82,142,-135,-13616,4412,5700,-989,50,-71,-14012,-5328,5912,-488,99,-167,0
655.1350910663605,8040,6984,11408,-131,-19,77,7112,-10000,9948,-70,162,-163,-13756,4436,5624,-960,62,-64,-13940,-5240,5920,-501,110,-145,0
655.1682980060577,8044,6892,11284,-112,-77,106,7132,-10016,9876,-65,160,-168,-13644,4384,5636,-1016,73,-90,-13944,-5320,6028,-504,156,-113,0
655.2017459869385,8004,7020,11448,-107,-111,86,7096,-10004,9940,-56,146,-202,-13648,4216,5688,-997,130,-120,-14052,-5364,5804,-503,194,-125,0
655.235279083252,8120,6900,11420,-166,-103,94,7368,-10056,9876,-92,112,-188,-13680,4348,5716,-1000,105,-131,-14012,-5264,5876,-488,187,-123,0
655.2690670490265,8048,7028,11456,-121,-55,94,7176,-10060,9932,-81,125,-192,-13584,4384,5848,-1014,83,-96,-13840,-5300,5820,-490,144,-139,0
655.3023509979248,8104,6848,11404,-135,-89,98,7248,-10000,9824,-61,172,-172,-13616,4104,5720,-980,62,-65,-13876,-5612,5724,-476,136,-148,0
655.3357710838318,8016,6892,11344,-140,-47,90,7064,-10084,9884,-58,167,-163,-13692,4384,5684,-989,94,-87,-14056,-5324,5696,-495,173,-130,0
655.3692889213562,8012,7000,11384,-114,-65,85,7024,-9912,9912,-46,125,-169,-13720,4336,5760,-1009,96,-111,-14104,-5364,5892,-490,167,-129,0
655.4022591114044,8028,7052,11312,-108,-35,85,7140,-9976,9864,-77,157,-190,-13780,4404,5744,-983,85,-95,-14012,-5356,5816,-486,141,-137,0
655.4356579780579,8096,6956,11452,-113,-33,52,7116,-10056,9792,-85,171,-180,-13728,4392,5580,-973,82,-90,-14036,-5376,6132,-486,134,-176,0
655.4694931507111,8020,6928,11516,-115,-58,78,7092,-10072,9964,-70,186,-161,-13672,4328,5740,-991,88,-75,-14052,-5352,5988,-529,137,-154,0
655.5027871131897,8048,6932,11528,-130,-51,52,7056,-10028,9844,-67,185,-166,-13660,4372,5640,-983,70,-94,-14072,-5364,5964,-525,141,-144,0
655.5361950397491,8068,7040,11384,-117,-58,56,7184,-10004,9932,-52,128,-191,-13732,4396,5788,-996,107,-105,-13980,-5276,5888,-502,136,-116,0
655.5698540210724,8000,6948,11480,-109,-84,92,7084,-10160,9812,-53,107,-176,-13668,4576,5380,-989,137,-68,-14072,-5504,5680,-497,198,-136,0
655.6029880046844,8048,7024,11336,-141,-74,92,7156,-10012,10056,-77,135,-201,-13632,4400,5780,-979,132,-111,-14036,-5324,5832,-487,163,-112,0
655.6366019248962,8020,6956,11444,-135,-67,117,7144,-10044,9988,-69,128,-197,-13604,4352,5728,-988,136,-90,-13944,-5304,5920,-478,158,-110,0
655.6698360443115,8048,6944,11252,-115,-71,114,7248,-9908,10200,-91,128,-166,-13728,4456,5876,-1010,114,-112,-13988,-5376,5952,-258,123,-93,0
655.7032549381256,8056,6948,11236,-114,-5,93,7016,-10132,9860,-30,117,-159,-13680,4300,5524,-780,70,-57,-14048,-5380,6016,-526,138,-141,0
655.7368741035461,8088,7000,11432,-155,-71,113,7148,-10076,9860,-22,141,-124,-13688,4408,5704,-1015,102,-66,-13916,-5396,5656,-525,136,-120,0
655.7704989910126,7964,7040,11308,-102,-28,72,6936,-10236,9856,-82,121,-168,-13680,4284,5900,-1026,98,-51,-14152,-5364,6124,-498,118,-116,0
655.8036789894104,8028,7036,11476,-139,-74,84,7248,-10032,9772,-76,141,-165,-13720,4412,5680,-1006,137,-81,-14036,-5580,5948,-496,157,-108,0
655.8373630046844,7976,7064,11360,-147,-73,114,7188,-10056,9904,-40,86,-185,-13760,4380,5660,-1035,141,-125,-14076,-5192,5864,-258,156,-80,0
655.871041059494,7956,6992,11200,-84,-63,102,7136,-10128,9908,-43,111,-170,-13668,4412,5708,-1026,122,-88,-13932,-5308,6136,-509,124,-115,0
655.904128074646,7988,6968,11380,-81,-6,144,7184,-10052,9892,-47,101,-132,-13584,4324,5748,-771,86,-47,-13960,-5328,6140,-541,140,-94,0
655.9376559257507,7976,7008,11524,-115,-35,135,7036,-10144,9960,-79,129,-170,-13552,4444,5908,-1020,118,-101,-13868,-5392,6104,-539,147,-81,0
655.971127986908,7956,7064,11452,-96,-63,141,7044,-10180,9932,-50,84,-148,-13644,4368,5744,-1039,153,-111,-14296,-5420,6064,-552,163,-112,0
656.0045781135559,8032,7072,11396,-91,-49,120,7116,-10056,9952,-35,119,-168,-13668,4404,5760,-1046,146,-94,-13944,-5364,6140,-542,155,-103,0
656.040708065033,8000,7032,11436,-138,-49,129,7340,-10088,9812,-59,140,-182,-13648,4436,5700,-1010,103,-102,-14080,-5316,6052,-523,151,-117,0
656.0762369632721,8012,7116,11284,-114,-65,98,7144,-9988,9792,-61,135,-152,-13588,4272,5892,-828,44,-109,-14320,-5628,5940,-521,118,-124,0
656.11186003685,8076,7032,11188,-119,-52,88,7216,-9804,9964,-100,146,-173,-13780,4388,5676,-991,94,-100,-13944,-5372,5876,-481,158,-110,0
656.1482939720154,8140,7048,11532,-156,-78,67,7120,-9992,9972,-59,165,-208,-13652,4384,5716,-993,84,-136,-14024,-5440,5836,-496,164,-109,0
656.1832821369171,8016,7004,11696,-154,-79,77,7096,-10048,9924,-70,163,-221,-13672,4252,5784,-998,117,-131,-14060,-5588,6132,-496,175,-102,0
656.2188191413879,7988,7060,11528,-111,-93,73,7180,-9996,9792,-86,169,-220,-13592,4380,5700,-976,144,-97,-14060,-5364,5968,-490,130,-103,0
656.2540919780731,8148,6944,11536,-157,-61,97,7132,-10108,9788,-12,201,-213,-13700,4452,5764,-1276,115,-116,-14020,-5340,6140,-543,186,-119,0
656.2889339923859,7936,6988,11380,-161,-65,84,7056,-10108,9800,-21,160,-160,-13684,4380,5736,-774,120,-84,-13924,-5268,5964,-765,158,-87,0
656.3249680995941,8076,6976,11348,-137,-62,123,7024,-9968,9864,-19,155,-180,-13636,4356,5864,-1003,148,-138,-14264,-5340,6120,-527,158,-47,0
656.3607470989227,8000,6976,11392,-174,-97,129,7272,-10024,9828,-14,182,-192,-13644,4412,5780,-1013,153,-138,-14064,-5324,5928,-502,183,-68,0
656.3959231376648,7976,6940,11484,-190,-101,147,7264,-10008,9932,-4,175,-215,-13608,4372,5884,-983,172,-188,-13944,-5416,5972,-514,185,-62,0
656.4313309192657,8108,7044,11416,-177,-109,138,7092,-10112,9972,253,171,-208,-13728,4248,5848,-993,169,-125,-14024,-5288,5820,-531,210,-72,0
656.4676020145416,7928,6972,11244,-171,-135,128,7332,-10068,9928,25,141,-219,-13792,4292,5536,-964,167,-162,-14008,-5304,5752,-502,197,-95,0
656.5026121139526,8076,7052,11428,-173,-126,143,7088,-9956,9932,11,151,-214,-13600,4348,5928,-978,147,-107,-14080,-5424,5904,-490,202,-71,0
656.537759065628,8060,7044,11388,-200,-176,133,7200,-10028,9900,-250,196,-241,-13660,4344,5732,-966,131,-135,-14216,-5416,5900,-468,178,-84,0
656.5733730792999,8012,6948,11264,-190,-154,136,7080,-9996,9916,15,192,-172,-13672,4468,5704,-993,144,-110,-14332,-5300,5976,-767,125,-118,0
656.6087429523468,8028,7004,11408,-199,-134,102,6968,-10032,10152,56,163,-186,-13808,4264,5760,-1028,90,-129,-13980,-5304,5940,-263,198,-103,0
656.6440980434418,7952,7088,11460,-195,-152,144,6992,-10048,10172,252,140,-187,-13696,4604,5448,-981,127,-140,-14072,-5300,6000,-501,151,-76,0
656.6845970153809,8032,7072,11480,-164,-142,130,7004,-10044,9932,-27,143,-192,-13640,4280,5800,-965,167,-121,-13976,-5352,5876,-479,191,-59,0
656.7179660797119,8064,6988,11324,-188,-143,155,7168,-10108,9928,-4,135,-212,-13668,4428,5664,-981,185,-118,-14048,-5236,5764,-499,220,-41,0
656.751631975174,8024,6960,11432,-162,-131,142,7204,-10024,9928,255,158,-206,-13800,4424,5472,-972,158,-44,-14292,-5376,5816,-501,135,-76,0
656.7852771282196,8016,6900,11444,-181,-93,138,7156,-10088,10028,15,130,-172,-13744,4268,5704,-957,131,-110,-13968,-5132,5684,-498,152,-72,0
656.8187811374664,8048,6956,11372,-181,-79,86,7068,-10096,9884,-5,133,-190,-13712,4340,5868,-986,121,-145,-13956,-5348,5844,-503,163,-121,0
656.8521220684052,7976,7040,11400,-189,-153,148,7020,-10076,9764,252,123,-203,-13736,4372,5856,-1007,144,-138,-13968,-5252,6000,-513,172,-61,0
656.8854720592499,8028,6996,11496,-153,-147,156,7056,-10124,9800,254,91,-195,-13740,4552,5420,-990,177,-99,-13996,-5340,5836,-258,197,-67,0
656.9189751148224,8004,6904,11432,-219,-200,145,7164,-10032,9908,12,82,-205,-13800,4380,5652,-982,170,-102,-14068,-5632,5704,-503,203,-60,0
656.9524209499359,8104,6904,11288,-135,-157,155,7156,-10076,9956,-38,75,-196,-13660,4240,5640,-982,158,-118,-14276,-5268,5836,-537,180,-112,0
656.9860000610352,8072,6884,11408,-148,-145,167,7196,-10020,9996,-41,82,-174,-13696,4292,5644,-1276,154,-95,-14052,-5552,5820,-529,171,-105,0
657.0194449424744,8104,6880,11424,-103,-57,96,7196,-10048,9812,-47,112,-170,-13748,4316,5500,-991,99,-84,-14124,-5328,5800,-517,149,-125,0
657.0530340671539,8056,6960,11384,-85,-28,107,7024,-9924,9920,-60,144,-146,-13684,4212,5488,-1001,71,-45,-13956,-5360,5808,-520,119,-135,0
657.0868830680847,8048,7048,11392,-124,-14,79,7400,-10044,9940,-84,123,-160,-13648,4208,5464,-1000,67,-52,-14116,-5212,5884,-517,129,-159,0
657.1203320026398,8104,6980,11748,-118,-30,71,7136,-10108,9980,-76,151,-190,-13720,4384,5824,-1009,86,-96,-14100,-5292,5936,-508,120,-137,0
657.1538450717926,8064,7000,11344,-129,-48,86,7196,-10116,9952,-69,137,-170,-13756,4300,5524,-982,90,-79,-13988,-5264,5932,-531,117,-118,0
657.1874251365662,8148,6940,11348,-103,-47,108,7080,-10100,9828,-67,149,-175,-13652,4340,5784,-984,110,-104,-13984,-5340,5952,-536,146,-122,0
657.2205419540405,8012,7044,11260,-115,-45,95,7172,-10048,9828,-57,109,-173,-13668,4392,5848,-1031,87,-79,-14076,-5404,5708,-266,139,-129,0
657.2541580200195,7996,6992,11424,-104,-59,86,7392,-10172,9884,-76,90,-215,-13684,4324,5728,-1043,127,-72,-13932,-5356,6032,-766,170,-138,0
657.2876291275024,7948,6964,11456,-112,-73,83,7068,-10100,9792,-87,101,-199,-13720,4380,5856,-1004,107,-105,-13880,-5456,5880,-505,166,-121,0
657.3209719657898,8080,7056,11448,-79,-69,113,7144,-9980,9876,-99,101,-192,-13676,4316,5872,-1010,134,-97,-14072,-5320,5940,-509,118,-95,0
657.3544580936432,8104,6988,11264,-90,-14,72,7060,-10168,9748,-74,111,-167,-13812,4380,5668,-1035,113,-118,-13980,-5280,5864,-543,169,-109,0
657.3878059387207,8020,6916,11512,-131,-56,100,7408,-10120,9600,-23,125,-175,-14052,4368,5380,-1022,82,-61,-14076,-5364,5920,-530,151,-143,0
657.4213190078735,8016,6992,11336,-90,-45,82,7212,-10060,9824,-91,145,-163,-13708,4324,5624,-1013,77,-48,-14048,-5456,5880,-262,85,-130,0
657.4548890590668,8084,7060,11416,-138,-49,79,7204,-10096,9852,-73,136,-172,-13740,4360,5632,-1024,97,-105,-14104,-5444,5824,-475,146,-110,0
657.4882910251617,7960,7088,11324,-124,-52,78,6916,-10116,9892,-69,145,-153,-13688,4336,5764,-1045,77,-101,-14044,-5316,5948,-507,138,-149,0
657.524416923523,8024,6940,11376,-63,-4,72,7156,-10104,9924,-61,133,-126,-13708,4416,5836,-1016,50,-91,-13932,-5400,5708,-264,108,-167,0
657.5584149360657,7948,6972,11408,-66,250,41,7072,-10108,9836,-55,147,-128,-13328,4316,5536,-1015,51,-63,-13920,-5404,5928,-497,105,-130,0
657.5918850898743,7872,7016,11468,-133,-54,69,7084,-10080,9848,-63,142,-146,-13664,4344,5756,-1026,96,-51,-14020,-5620,5948,-257,136,-159,0
657.6254770755768,8008,7084,11360,-98,-53,103,7032,-10000,9768,-85,170,-108,-13608,4276,5648,-1041,130,-90,-13880,-5560,5716,-502,157,-97,0
657.6590230464935,7980,7016,11416,-105,-49,109,7096,-9996,9824,-39,120,-195,-13720,4320,5496,-1013,153,-121,-13976,-5156,5680,-496,183,-89,0
657.6924819946289,7892,7036,11288,-120,-86,104,7108,-10088,9804,-61,108,-186,-13732,4308,5668,-995,136,-123,-14036,-5364,5912,-498,172,-84,0
657.72913813591,8032,7028,11416,-132,-71,118,7356,-9996,9812,-66,134,-168,-13704,4416,5676,-1001,137,-69,-14016,-5364,5972,-500,143,-125,0
657.7648539543152,8012,7056,11364,-129,-78,107,7176,-9992,9912,-41,156,-180,-13672,4348,5396,-1001,117,-76,-14016,-5384,6060,-500,143,-76,0
657.800509929657,8016,7040,11364,-117,-56,96,7096,-10164,9848,-33,168,-160,-13704,4380,5744,-1010,105,-103,-13976,-5396,5816,-515,152,-109,0
657.8356070518494,8032,7052,11356,-117,-88,83,7100,-10104,9728,-66,125,-171,-13804,4328,5408,-1030,98,-95,-13908,-5400,5792,-490,164,-157,0
657.8717379570007,8000,7152,11472,-119,-57,50,7152,-10080,9932,-73,194,-184,-13680,4364,5576,-1011,96,-80,-14060,-5336,5904,-466,150,-121,0
657.906219959259,8048,6960,11496,-143,-67,56,7092,-10072,9924,-66,133,-181,-13712,4468,5848,-1030,97,-70,-13948,-5444,5904,-483,163,-139,0
657.9423530101776,7976,7052,11416,-104,-59,116,7028,-10208,9892,-45,75,-159,-13784,4324,5668,-1045,108,-132,-13976,-5380,6088,-484,156,-117,0
657.9774260520935,8084,7024,11348,-127,-56,93,7152,-10176,9736,-55,152,-163,-13676,4292,5828,-1271,96,-77,-13832,-5356,5736,-498,148,-113,0
658.0138900279999,7968,7064,11428,-102,-59,116,7048,-10080,9844,-38,117,-170,-13672,4312,5704,-774,124,-81,-14036,-5480,5872,-506,192,-99,0
658.0494599342346,7980,7008,11272,-126,-70,102,7048,-10052,9740,-50,135,-186,-13692,4108,5836,-1000,130,-132,-14076,-5340,5904,-760,183,-134,0
658.0847129821777,7976,6976,11632,-116,-100,123,6992,-10100,9812,-48,118,-176,-13580,4424,5828,-1029,118,-98,-13976,-5400,5900,-488,188,-100,0
658.1205151081085,8000,7028,11444,-129,-91,100,7200,-10076,9804,-37,113,-212,-13792,4368,5720,-1004,118,-136,-14140,-5304,5988,-462,199,-90,0
658.1556620597839,8140,7088,11404,-152,-95,93,7124,-10044,9860,-67,163,-159,-13696,4384,5524,-998,89,-66,-14108,-5400,5880,-452,151,-131,0
658.191232919693,8036,7052,11364,-148,-65,102,7320,-10180,9812,-11,172,-155,-13664,4588,5612,-986,58,-117,-13952,-5408,5976,-753,205,-165,0
658.226114988327,7760,7024,11368,-169,-72,85,7084,-10180,9816,31,190,-156,-13676,4288,5808,-1044,73,-81,-13952,-5400,5844,-502,238,-118,0
658.2618050575256,7968,7232,11268,-137,-39,95,7212,-10060,9864,-25,175,-169,-13660,4308,5604,-1008,53,-152,-13828,-5568,5912,-488,215,-142,0
658.2980449199677,8040,7056,11356,-157,-83,97,7028,-10160,9808,-17,159,-184,-13736,4200,5680,-1019,73,-125,-14060,-5420,5864,-498,215,-121,0
658.3330669403076,8000,6968,11260,-106,-60,89,7152,-10112,9780,-40,152,-173,-13712,4136,5636,-1003,75,-68,-14180,-5424,5892,-509,139,-155,0
658.3698010444641,8052,7148,11744,-85,-37,97,7040,-10108,10012,-57,134,-133,-13664,4364,5632,-1006,73,-78,-13988,-5392,5976,-484,138,-143,0
658.4029779434204,7944,7072,11412,-104,-8,89,7076,-10080,9904,-93,300,-160,-13608,4492,5688,-1053,61,-70,-13952,-5368,5816,-494,146,-123,0
658.4369299411774,7728,7088,11212,-150,-41,84,7052,-10108,9952,-43,150,-175,-13596,4420,5656,-981,55,-92,-13880,-5460,5668,-550,194,-118,0
658.4705300331116,7932,7060,11428,-125,-66,100,7056,-10128,9792,-67,122,-198,-13672,4320,5624,-997,115,-56,-13928,-5372,6108,-535,198,-101,0
658.5041871070862,7956,7056,11240,-133,-95,108,6984,-10012,9932,-34,120,-205,-13652,4284,5708,-991,149,-139,-13984,-5312,5996,-511,201,-80,0
658.5374331474304,7932,7092,11268,-127,-87,132,7008,-10092,9836,-53,127,-200,-13664,4396,5844,-1004,163,-128,-13984,-5384,5916,-489,183,-93,0
658.571033000946,7992,7064,11460,-127,-65,125,6916,-10188,9836,-56,152,-185,-13748,4300,5720,-1001,137,-118,-13832,-5364,5668,-479,201,-102,0
658.6045980453491,7984,7084,11512,-146,-86,72,7088,-10128,9964,-37,189,-176,-13716,4300,5656,-1009,139,-134,-14152,-5264,5900,-451,201,-97,0
658.6379959583282,7944,7076,11412,-178,-131,109,7244,-10080,9780,-24,171,-184,-13592,4512,5732,-1001,111,-99,-13920,-5452,5844,-493,171,-97,0
658.6716251373291,7876,7012,11232,-166,-123,135,7036,-10076,9928,-21,162,-191,-13712,4236,5548,-1275,147,-102,-13972,-5268,5892,-472,148,-64,0
658.7052581310272,8088,7012,11400,-182,-106,135,7112,-10136,9924,-9,156,-210,-13700,4376,5676,-1023,140,-126,-14076,-5340,5848,-456,179,-93,0
658.7382180690765,7980,7140,11280,-175,-114,130,7344,-10220,9820,-7,153,-189,-13800,4100,5644,-1036,147,-134,-13840,-5580,5684,-472,199,-71,0
658.771810054779,8164,7068,11252,-182,-131,132,7108,-10088,9884,10,165,-185,-13712,4428,5436,-1005,150,-114,-14008,-5360,5868,-441,224,-58,0
658.8055629730225,8072,7064,11412,-143,-156,142,7100,-10136,9764,11,160,-181,-13756,4324,5736,-1014,145,-136,-14080,-5332,5888,-457,251,-84,0
658.8392491340637,7984,7000,11312,-197,-155,161,6984,-10224,9848,23,150,-169,-13744,4536,5748,-1026,164,-129,-14104,-5356,5844,-455,250,-74,0
658.8728981018066,7996,7124,11320,-205,-132,127,7080,-10008,9868,-255,180,-208,-13752,4268,5776,-1009,161,-147,-13964,-5152,5704,-455,242,-58,0
658.9064450263977,7840,7008,11412,-224,-131,138,7108,-10004,9952,21,194,-191,-13668,4348,5788,-994,124,-147,-13984,-5292,6088,-438,222,-68,0
658.9396710395813,8092,7088,11388,-219,-141,130,7072,-10064,10032,41,174,-193,-13812,4320,5484,-978,136,-137,-13980,-5204,5692,-454,173,-63,0
658.9732451438904,8012,7032,11456,-215,-148,150,7060,-10140,9884,19,144,-199,-13644,4224,5696,-1012,172,-101,-14068,-5456,5776,-459,164,-68,0
659.0066940784454,8080,7032,11260,-194,-132,154,6920,-10044,9908,255,149,-198,-13696,4224,5676,-984,160,-101,-13908,-5288,5680,-473,183,-52,0
659.040256023407,7992,6920,11384,-232,-160,125,7128,-10092,9808,12,135,-186,-13660,4244,5740,-989,174,-161,-14316,-5312,5772,-429,190,-85,0
659.0737969875336,8116,6904,11520,-221,-138,133,7076,-10052,10148,15,153,-185,-13784,4256,5464,-987,160,-136,-14080,-5172,5736,-443,156,-98,0
659.1074111461639,8068,7032,11316,-162,-148,155,7112,-10028,9904,20,161,-173,-13644,4248,5860,-970,141,-99,-14096,-5320,5824,-487,138,-90,0
659.1405971050262,8080,7044,11460,-197,-127,141,7088,-10140,9832,51,140,-175,-13664,4192,5380,-1020,173,-101,-14104,-5416,5760,-492,196,-96,0
659.1738901138306,7992,7116,11272,-202,-158,146,7164,-10152,9780,39,133,-166,-13668,4228,5664,-999,127,-84,-14032,-5364,5856,-476,178,-89,0
659.2075650691986,7968,7068,11432,-130,-117,138,7104,-10060,10064,14,146,-202,-13700,4340,5740,-975,143,-123,-14116,-5400,5828,-452,175,-67,0
659.2407920360565,8020,6976,11508,-225,-171,139,7060,-10064,9840,254,129,-218,-13656,4136,5396,-996,174,-120,-13864,-5216,5948,-452,194,-74,0
659.274346113205,8060,7020,11364,-181,-151,139,7088,-10072,9824,25,151,-175,-13796,4364,5600,-978,143,-87,-14320,-5344,5876,-463,143,-69,0
659.3077189922333,8152,6968,11436,-159,-89,145,7096,-10140,9936,0,96,-135,-13720,4316,5644,-984,106,-37,-14036,-5272,5668,-453,110,-109,0
659.3412261009216,7968,6952,11432,-185,-120,140,7072,-10144,9912,15,153,-169,-13676,4244,5444,-986,87,-111,-14056,-5372,5980,-475,128,-84,0
659.3744070529938,8132,6952,11472,-182,-169,114,7108,-9768,10128,11,141,-211,-13776,4264,5608,-1006,128,-134,-13988,-5320,5804,-484,193,-106,0
659.411633014679,7904,6980,11288,-122,-171,140,7040,-10104,9728,-20,100,-211,-13724,4216,5712,-976,140,-93,-14008,-5236,5656,-480,173,-120,0
659.447704076767,7988,6936,11504,-160,-128,110,7104,-9928,9700,-53,94,-192,-13748,4376,5408,-978,121,-81,-14296,-5352,5708,-481,163,-130,0
659.4828569889069,8128,6984,11216,-94,-62,101,7108,-10060,9884,-65,118,-159,-13660,4292,5576,-994,109,-45,-14088,-5552,5860,-467,126,-122,0
659.5181579589844,8044,7052,11292,-109,-55,91,7116,-10040,9920,-65,144,-157,-13800,4376,5620,-986,95,-39,-13848,-5364,5884,-495,127,-110,0
659.5536479949951,8032,7036,11428,-91,-23,80,7116,-10016,10000,-54,108,-177,-14068,4284,5660,-773,79,-91,-14296,-5376,5724,-509,145,-136,0
659.5889620780945,8168,6992,11188,-87,-53,92,7108,-10012,9964,-65,134,-167,-13744,4336,5604,-987,74,-47,-14000,-5284,5776,-516,113,-136,0
659.6239140033722,8056,7040,11496,-80,-38,66,7004,-10028,9940,-70,128,-166,-13676,4296,5700,-997,95,-61,-14092,-5256,5972,-276,106,-155,0
659.6595079898834,8124,7028,11412,-110,-38,75,7064,-9976,9900,-85,157,-179,-13728,4400,5436,-996,64,-64,-14112,-5192,5820,-508,88,-152,0
659.6946890354156,7976,7048,11464,-109,-28,100,7032,-10112,10208,-73,122,-166,-13672,4316,5644,-999,101,-67,-14128,-5300,5972,-481,107,-152,0
659.7301790714264,8092,7016,11412,-97,-48,99,7020,-10108,9920,-77,120,-179,-13724,4300,5712,-969,118,-63,-13888,-5168,5924,-503,124,-112,0
659.764946937561,8088,7072,11252,-88,-24,94,7032,-10112,9936,-89,91,-195,-13820,4220,5700,-972,131,-72,-13952,-5180,5832,-506,142,-135,0
659.8007960319519,8088,7060,11372,-105,-47,102,7120,-10172,9948,-77,139,-164,-13708,4132,5780,-972,114,-100,-14156,-5560,5940,-532,130,-121,0
659.8371181488037,8008,6988,11312,-94,-76,95,6952,-10024,9852,-79,118,-178,-13684,4332,5724,-962,145,-95,-14324,-5532,5896,-530,118,-112,0
659.8722670078278,8116,7000,11408,-82,-21,98,7084,-9968,9784,-71,122,-143,-13796,4112,5440,-965,108,-49,-14168,-5244,5708,-763,84,-138,0
659.9081499576569,8048,6880,11288,-101,-11,88,7068,-10128,9992,-12,118,-144,-13744,4344,5748,-1018,94,-58,-13984,-5340,5848,-559,91,-127,0
659.9432621002197,8004,7036,11404,-119,-28,102,7120,-10016,9764,-43,144,-137,-13796,4340,5800,-987,60,-75,-14128,-5312,5780,-521,89,-142,0
659.9791989326477,8040,7056,11424,-103,-248,60,7156,-10208,9956,-63,152,-119,-13684,4584,5608,-975,93,-44,-14032,-5236,5788,-480,85,-152,0
660.0145721435547,7920,7108,11640,-140,-13,56,7116,-10188,9792,-49,155,-151,-13732,4400,5632,-989,99,-60,-14052,-5268,5752,-495,127,-136,0
660.051568031311,7980,7060,11412,-76,-16,99,7056,-10140,9948,-54,123,-140,-13720,4448,5860,-1019,74,-72,-14040,-5196,6116,-503,138,-159,0
660.0852921009064,7720,7076,11364,-48,14,86,7088,-10172,9836,-66,127,-156,-13732,4308,5808,-993,77,-60,-14052,-5356,5828,-491,122,-171,0
660.1187040805817,7932,7060,11124,-68,5,71,6984,-10156,9728,-65,157,-170,-13740,4420,5580,-991,75,-65,-13944,-5492,6012,-503,126,-142,0
660.1521260738373,7956,7036,11344,-91,-17,60,7104,-10068,9852,-60,125,-145,-13676,4344,5712,-976,81,-123,-14076,-5388,5720,-495,133,-144,0
660.1857581138611,8164,7104,11364,-95,-24,92,7148,-10200,10000,-57,103,-183,-13752,4268,5676,-994,97,-100,-14308,-5368,5848,-517,163,-120,0
660.2192299365997,7996,7076,11464,-107,-75,94,7016,-10148,9956,-54,137,-194,-13372,4388,5728,-1015,142,-95,-14004,-5320,5840,-516,149,-113,0
660.2528259754181,8080,7128,11280,-78,-55,108,7084,-10120,9816,-39,96,-173,-13688,4364,5448,-999,150,-70,-14084,-5304,5736,-266,117,-130,0
660.2862350940704,8032,7144,11488,-118,-31,120,7120,-10112,9996,-43,91,-181,-13732,4316,5704,-998,111,-75,-14060,-5412,5880,-510,152,-114,0
660.3197889328003,8016,7040,11352,-97,-255,101,7052,-10148,9836,-42,147,-167,-13724,4280,5784,-1015,127,-85,-14028,-5632,5824,-507,143,-142,0
660.353413105011,8168,7124,11308,-107,-66,72,7044,-10140,9856,-47,125,-174,-13628,4320,5684,-1022,86,-78,-14076,-5340,6040,-510,160,-126,0
660.3869121074677,7764,7104,11452,-101,-45,83,7284,-10076,10008,-80,247,-155,-13736,4564,5376,-1040,100,-111,-13968,-5316,5892,-478,134,-149,0
660.4204540252686,7712,7076,11504,-137,-38,88,7144,-10056,9892,-85,205,-118,-13760,4388,5600,-999,132,-86,-14000,-5300,5960,-498,134,-125,0
660.4539649486542,8180,7052,11428,-113,-53,106,6944,-10112,9892,-47,138,-160,-13692,4340,5500,-1006,101,-43,-14016,-5336,5900,-536,122,-129,0
660.4876401424408,7876,7140,11200,-109,-54,112,7016,-10116,9780,-55,131,-169,-13788,4324,5532,-1003,77,-80,-13876,-5352,5868,-523,137,-96,0
660.5212321281433,7980,7008,11392,-101,-30,108,7056,-10176,9892,-63,125,-176,-13780,4324,5588,-985,160,-92,-13964,-5420,5916,-504,162,-102,0
660.5547621250153,7884,7084,11400,-104,-56,116,7040,-10076,9796,-46,147,-185,-13660,4376,5520,-983,129,-126,-13976,-5380,5840,-260,175,-102,0
660.5885310173035,7804,7096,11356,-115,-70,123,7064,-10044,9788,-52,135,-183,-13696,4368,5740,-1001,131,-113,-14108,-5312,5916,-766,151,-130,0
660.6218020915985,7948,7124,11552,-114,-69,106,7080,-10076,9972,-42,126,-177,-13728,4116,5488,-974,107,-70,-14020,-5316,6012,-506,172,-111,0
660.6548891067505,7916,7140,11356,-125,-69,104,7128,-10068,9944,-45,147,-185,-13752,4348,5392,-952,122,-100,-13984,-5332,5812,-501,134,-91,0
660.6884369850159,7952,6936,11380,-151,-80,108,7120,-10064,9864,-52,174,-166,-13752,4380,5580,-967,127,-101,-14020,-5308,5656,-506,111,-125,0
660.7218630313873,7736,7136,11516,-121,-39,99,7040,-10152,9904,-44,174,-158,-13816,4340,5604,-996,95,-91,-14064,-5248,5796,-528,132,-119,0
660.7554550170898,7704,7100,11296,-160,-52,96,7036,-9992,9768,4,156,-181,-13816,4292,5832,-995,81,-99,-13912,-5128,5856,-531,189,-106,0
660.788831949234,7788,7420,11432,-149,-77,113,7076,-10088,9980,-9,176,-202,-13692,4264,5580,-1003,109,-41,-14056,-5400,6056,-522,168,-118,0
660.8222799301147,7732,7152,11292,-137,-76,99,6944,-10188,9852,-24,147,-185,-13776,4108,5696,-971,135,-147,-14008,-5388,6108,-524,181,-100,0
660.8555431365967,7856,7108,11476,-146,-143,154,7144,-10148,9636,-5,163,-226,-13804,4428,5484,-992,139,-184,-14068,-5320,5740,-539,181,-116,0
660.8889889717102,7956,7116,11424,-127,-127,117,7080,-10120,9808,5,162,-191,-13688,4316,5532,-992,129,-126,-13932,-5328,6100,-511,137,-111,0
660.9224519729614,7908,7080,11412,-131,-108,64,7044,-10072,10020,19,174,-157,-13720,4284,5664,-956,127,-99,-13940,-5160,5660,-502,109,-84,0
660.956151008606,7952,7068,11328,-171,-118,126,6896,-10080,9784,-87,275,-165,-13680,4396,5652,-964,124,-92,-14000,-5300,5848,-498,166,-86,0
660.9897770881653,8112,7000,11292,-200,-165,132,6996,-10088,9864,15,167,-206,-13700,4328,5724,-995,115,-87,-14052,-5320,5788,-536,172,-87,0
661.0232961177826,7688,6992,11092,-119,-152,150,6992,-10012,9888,9,145,-205,-13752,4284,5652,-990,169,-146,-14008,-5304,5820,-532,207,-57,0
661.0568540096283,7940,7116,11400,-208,-162,143,7052,-10172,9800,22,118,-251,-13684,4096,5404,-1027,193,-177,-14040,-5188,5952,-498,202,-50,0
661.094162940979,7728,7024,11432,-152,-127,168,7016,-10124,9780,9,113,-201,-13776,4108,5540,-986,195,-130,-14320,-5380,5844,-501,196,-46,0
661.1298079490662,7944,7108,11296,-193,-187,143,7404,-10152,9804,17,135,-209,-13800,4132,5708,-1011,167,-142,-13964,-5384,5752,-480,192,-69,0
661.1648449897766,8048,7056,11484,-109,-106,124,7144,-10048,9804,37,136,-187,-14044,4296,5880,-1047,136,-128,-13964,-5284,6112,-479,132,-96,0
661.2001769542694,7936,7180,11348,-174,-137,149,6964,-10180,9980,3,146,-193,-13768,4308,5620,-1015,120,-144,-14060,-5288,5868,-485,171,-87,0
661.2350549697876,7880,7084,11448,-170,-126,129,7116,-10128,9836,255,138,-182,-13700,4328,5396,-993,117,-64,-14068,-5292,5888,-490,173,-64,0
661.2703499794006,7992,7020,11412,-189,-130,106,7000,-10052,9832,251,146,-214,-13816,4420,5540,-987,156,-149,-13864,-5312,5708,-485,209,-75,0
661.3055629730225,8184,7000,11680,-183,-146,145,6972,-10136,9920,28,136,-207,-13816,4324,5668,-998,152,-114,-14092,-5304,5816,-490,199,-68,0
661.3409481048584,7900,7084,11440,-171,-141,146,7164,-10072,9836,-1,125,-201,-13704,4116,5688,-1009,158,-135,-14004,-5328,5904,-471,209,-87,0
661.3761570453644,7960,7116,11460,-158,-139,132,7060,-10088,9808,14,125,-192,-13748,4260,5556,-990,134,-116,-13988,-5288,5860,-481,166,-80,0
661.4122629165649,8024,7196,11736,-173,-169,145,7056,-10048,9736,21,133,-175,-13800,4296,5528,-986,150,-144,-14068,-5260,5848,-485,187,-102,0
661.4475121498108,8036,6992,11512,-157,-142,142,7040,-10128,9768,-17,128,-235,-13764,4364,5404,-1003,155,-140,-13856,-5224,5860,-480,177,-78,0
661.483325958252,7944,7028,11288,-178,-144,148,7064,-10012,9896,-27,108,-185,-13968,4280,5524,-999,136,-102,-14092,-5272,5828,-761,171,-95,0
661.5186951160431,8036,6960,11332,-119,-111,153,7136,-10020,9760,-33,115,-154,-13760,4156,5496,-963,99,-99,-14128,-5172,5668,-506,95,-130,0
661.5543699264526,8064,7096,11276,-141,-49,90,7204,-10004,9980,8,101,-193,-14068,4276,5660,-1050,96,-77,-14028,-5328,5764,-257,170,-156,0
661.5898790359497,7972,7072,11448,-123,-77,96,7024,-9904,9960,-26,160,-161,-13580,4300,5704,-1000,72,-79,-14316,-5368,5704,-499,137,-143,0
661.6249351501465,7988,7024,11508,-58,-26,86,7072,-10040,9920,-43,133,-158,-13788,4512,5408,-983,77,-75,-14232,-5252,5852,-493,140,-131,0
661.6612341403961,8064,7028,11396,-140,-68,88,7112,-10064,9860,-79,113,-178,-13756,4568,5484,-996,128,-128,-14020,-5300,5676,-260,173,-132,0
661.6962239742279,8056,7036,11388,-65,-8,96,7112,-10064,9804,-79,113,-159,-13796,4376,5660,-1037,76,-51,-14056,-5176,5948,-765,113,-138,0
661.7335600852966,7964,7036,11456,-66,-246,56,6984,-10036,9760,-76,123,-123,-13708,4308,5480,-1011,22,-39,-14004,-5404,5832,-497,86,-174,0
661.7671821117401,7876,7060,11368,-111,-17,58,6992,-9780,9956,-82,153,-151,-13796,4328,5676,-998,37,-81,-13844,-5152,5684,-482,110,-170,0
661.8003499507904,7916,7140,11592,-99,-56,71,6996,-10044,9844,-67,166,-175,-13600,4340,5484,-1001,98,-117,-13964,-5244,6096,-513,134,-119,0
661.8337740898132,7960,7036,11356,-81,-26,72,7096,-10000,9976,-82,112,-175,-13608,4264,5600,-1003,131,-87,-13896,-5292,5692,-492,154,-118,0
661.8674020767212,7860,7128,11352,-127,-100,107,7020,-10096,9732,-68,109,-188,-13720,4304,5576,-969,144,-80,-13844,-5244,5904,-494,171,-103,0
661.9010660648346,7864,7080,11448,-93,-70,98,7036,-10068,9816,-52,126,-180,-13832,4292,5600,-995,112,-80,-14056,-5340,5984,-483,135,-140,0
661.9344730377197,7960,7120,11428,-98,-69,110,7108,-10092,9832,-65,123,-185,-13852,4284,5612,-998,131,-66,-14080,-5336,5884,-485,142,-106,0
661.968132019043,8032,7040,11268,-113,-45,62,7100,-10096,9884,-53,142,-164,-14028,4316,5508,-1004,100,-64,-14024,-5236,5860,-753,134,-161,0
662.0018150806427,7996,7036,11052,-117,-33,95,7036,-10108,9840,-28,140,-134,-13656,4348,5548,-1030,55,-71,-14288,-5200,5672,-504,105,-156,0
662.0354609489441,7956,6952,11268,-104,-2,108,7052,-10084,9740,-67,141,-146,-13856,4116,5836,-1017,86,-63,-13828,-5292,5752,-498,99,-153,0
662.0691950321198,7896,7076,11256,-131,-16,77,7092,-10148,9820,-77,154,-167,-13700,4232,5460,-1017,85,-93,-14044,-5268,5824,-485,125,-124,0
662.1023309230804,7948,7088,11428,-121,-67,87,7004,-10068,9472,-49,153,-164,-14020,4420,5644,-991,97,-52,-13908,-5340,5800,-518,116,-127,0
662.1357140541077,7876,7084,11204,-102,-35,87,7124,-10224,9840,-25,140,-159,-13720,4508,5484,-1008,92,-87,-14084,-5304,5944,-506,122,-116,0
662.1692399978638,7692,6912,11340,-104,-53,92,7176,-10036,9836,-37,115,-155,-13792,4196,5580,-994,103,-108,-14020,-5300,5844,-760,157,-128,0
662.2028670310974,7956,6916,11400,-101,-65,103,7020,-10076,9884,-39,128,-158,-13732,4416,5560,-1001,94,-123,-13896,-5588,5884,-500,175,-150,0
662.2365989685059,7960,7136,11324,-138,-70,99,7420,-10128,10216,-42,150,-174,-13744,4224,5464,-986,128,-114,-14204,-5296,5768,-258,179,-126,0
662.2700891494751,7844,7120,11388,-122,-93,101,7112,-10108,9808,-40,133,-175,-13720,4204,5492,-1014,126,-90,-14060,-5336,5840,-479,166,-98,0
662.3033170700073,8008,6956,11380,-128,-84,106,7056,-10092,9776,-69,152,-154,-13756,4276,5704,-978,93,-72,-13856,-5252,6052,-502,93,-142,0
662.3369240760803,7756,7092,11292,-137,-7,79,7148,-10112,9884,-13,127,-152,-13740,4384,5644,-1043,64,-59,-14032,-5200,5856,-514,148,-134,0
662.3704600334167,7740,6996,11416,-158,-39,100,7100,-10044,9912,-25,143,-142,-13700,4272,5592,-1009,71,-74,-13992,-5524,5760,-492,128,-132,0
662.4036250114441,8152,7028,11592,-116,-16,81,7096,-10020,9928,-48,164,-152,-13716,4116,5424,-1023,91,-85,-14084,-5372,5868,-490,131,-125,0
662.4373791217804,7944,7052,11288,-162,-35,90,7104,-10128,9796,-47,136,-156,-13768,4332,5800,-987,66,-79,-14148,-5296,5912,-477,172,-142,0
662.470997095108,7992,7040,11324,-129,-72,67,7392,-10160,9744,-33,148,-179,-13780,4328,5636,-1035,75,-44,-13996,-5324,5976,-265,140,-154,0
662.5045590400696,7868,7152,11388,-105,-17,108,7088,-10120,9900,-43,143,-155,-13800,4344,5688,-1020,58,-32,-13892,-5316,6028,-486,86,-134,0
662.5425570011139,8176,7100,11456,-131,-18,85,6932,-10076,9608,-55,129,-152,-13652,4372,5496,-1006,79,-102,-14020,-5296,5988,-491,127,-136,0
662.576169013977,7756,7372,11428,-127,-49,91,7072,-10208,9904,-47,151,-173,-13776,4324,5692,-947,66,-108,-14028,-5376,5864,-507,153,-129,0
662.609710931778,7680,7108,11396,-104,-58,110,7104,-10148,9708,-57,144,-187,-13728,4272,5704,-815,35,-115,-13972,-5300,5768,-501,175,-100,0
662.6432750225067,8108,7236,11488,-117,-60,101,7068,-10136,10084,-43,78,-202,-13772,4388,5416,-972,139,-112,-14028,-5576,5824,-494,211,-82,0
662.6770350933075,7888,7184,11276,-93,-78,100,7032,-10184,9948,-45,94,-176,-13744,4384,5596,-1002,146,-145,-13856,-5380,5932,-487,171,-99,0
662.7105469703674,7952,7184,11420,-114,-80,107,7124,-10036,10088,-42,90,-188,-13776,4308,5684,-1007,149,-124,-13860,-5388,6048,-488,148,-117,0
662.7436699867249,7936,7140,11348,-119,-40,96,7056,-10128,9772,-4,120,-180,-14068,4320,5844,-996,120,-122,-14280,-5124,5880,-493,152,-107,0
662.7809720039368,7940,7112,11480,-124,-58,91,7048,-10100,9856,-36,149,-164,-13616,4300,5860,-1012,127,-63,-14096,-5320,5892,-257,140,-106,0
662.816239118576,7904,7112,11464,-116,-41,81,6912,-10056,9868,-62,142,-173,-13712,4292,5524,-1008,113,-83,-14004,-5320,5892,-491,133,-147,0
662.8523781299591,7876,7148,11432,-127,1,71,7016,-10160,9900,-80,159,-165,-13772,4216,5624,-985,138,-54,-13980,-5364,5872,-472,144,-111,0
662.8879721164703,7808,7192,11464,-157,-47,110,7136,-10136,9828,-44,176,-165,-13660,4332,5636,-987,148,-89,-14088,-5128,5832,-503,153,-70,0
662.9233989715576,7772,7156,11404,-128,-43,99,7036,-10116,9904,-33,161,-172,-13760,4404,5564,-986,146,-149,-13960,-5372,5668,-505,157,-97,0
662.9592950344086,7908,6968,11340,-129,-82,147,7064,-10028,9956,-29,144,-194,-13780,4288,5836,-990,145,-102,-13940,-5368,5936,-515,195,-63,0
662.9943699836731,7932,7144,11308,-156,-111,132,6996,-10088,9856,-49,140,-223,-13740,4400,5684,-1005,139,-149,-14040,-5288,5880,-763,205,-93,0
663.0297269821167,7900,7100,11440,-171,-119,124,7056,-10132,9724,-15,159,-229,-13728,4260,5620,-974,141,-102,-14036,-5184,6036,-768,214,-86,0
663.0652511119843,7820,7232,11352,-176,-128,144,7108,-10156,9848,-21,159,-221,-13744,4540,5532,-953,145,-117,-14052,-5356,5820,-767,176,-74,0
663.1012089252472,7740,6952,11468,-174,-128,156,7004,-10116,9756,-13,145,-187,-13788,4412,5524,-959,162,-147,-14272,-5632,6128,-489,173,-77,0
663.1375250816345,7912,7116,11268,-191,-115,142,7048,-10160,9864,8,155,-212,-13824,4268,5528,-978,165,-127,-13992,-5228,5804,-497,199,-77,0
663.1727590560913,7936,7096,11480,-197,-134,130,7032,-10132,9940,0,161,-210,-13888,4284,5884,-951,130,-122,-14104,-5292,5928,-489,140,-76,0
663.2079291343689,7692,7088,11440,-186,-114,147,7144,-10160,9596,2,159,-194,-13824,4304,5332,-1005,128,-124,-14052,-5284,5888,-522,183,-97,0
663.2437019348145,7912,7136,11392,-215,-143,159,7044,-10172,9904,62,147,-185,-13792,4304,5568,-966,118,-134,-14088,-5280,5980,-258,172,-106,0
663.2796280384064,7808,6920,11048,-175,-103,125,6988,-10084,9932,15,136,-198,-13992,4272,5484,-988,135,-124,-14028,-5288,6096,-505,137,-75,0
663.3147161006927,7836,7420,11380,-202,-143,140,7056,-10164,9832,-1,162,-204,-13780,4308,5432,-986,143,-121,-14116,-5308,5900,-467,190,-78,0
663.3502719402313,7916,6964,11308,-194,-123,146,7132,-10136,9968,27,164,-214,-13720,4364,5632,-986,146,-154,-14060,-5292,5856,-258,158,-86,0
663.3851881027222,8184,7152,11372,-153,-85,146,7104,-10188,9812,28,148,-168,-13828,4320,5560,-971,121,-121,-14300,-5256,5876,-486,127,-101,0
663.4212300777435,7848,7100,11388,-191,-97,122,7020,-10068,9968,-2,143,-170,-13724,4356,5708,-970,108,-83,-14044,-5312,5812,-476,146,-133,0
663.4547300338745,7868,7164,11364,-173,-132,154,7016,-10204,9844,-13,163,-172,-13732,4156,5580,-996,138,-120,-14020,-5248,5844,-500,171,-102,0
663.4881839752197,7964,7072,11292,-162,-138,128,6964,-10112,9948,17,126,-203,-13696,4392,5784,-985,170,-152,-14112,-5332,5792,-498,194,-76,0
663.521810054779,7900,7020,11488,-161,-143,147,7076,-10080,9776,32,130,-211,-13716,4220,5504,-982,187,-113,-13928,-5232,6060,-495,222,-84,0
663.5554580688477,8004,7056,11380,-192,-197,149,7080,-10088,9752,1,134,-225,-13780,4124,5592,-985,186,-139,-14272,-5352,5824,-471,166,-77,0
663.5891680717468,7740,7156,11324,-153,-136,153,7084,-10108,9836,13,135,-191,-13772,4232,5480,-965,151,-141,-14092,-5200,5644,-499,179,-78,0
663.6226370334625,8168,7160,11520,-191,-111,168,7136,-10120,9932,-2,145,-168,-13816,4556,5368,-986,155,-134,-14176,-5300,5740,-508,174,-80,0
663.6558649539948,7980,7028,11380,-157,-119,117,7096,-10068,9960,20,149,-208,-13812,4396,5576,-1033,152,-89,-14272,-5340,5664,-502,183,-111,0
663.6894569396973,7752,7120,11440,-160,-130,132,7020,-10012,9748,-13,148,-183,-13832,4320,5664,-981,116,-122,-14040,-5316,5816,-489,163,-98,0
663.7230250835419,7992,7104,11408,-157,-133,125,7084,-10008,9944,-53,114,-193,-13732,4316,5504,-988,133,-109,-13976,-5292,5820,-494,160,-124,0
663.7567191123962,8128,7108,11384,-111,-86,103,6980,-10204,9792,-53,139,-173,-13844,4204,5520,-992,99,-112,-14284,-5264,6140,-493,142,-114,0
663.7900230884552,7944,7108,11468,-134,-82,76,7144,-10068,9688,-38,134,-164,-13784,4224,5588,-1010,111,-59,-14016,-5388,5928,-508,126,-157,0
663.8235559463501,8076,7092,11416,-112,-17,85,7084,-10048,9964,-56,123,-138,-13680,4236,5508,-980,88,-57,-14152,-5184,5876,-498,138,-133,0
663.857342004776,7964,7064,11384,-128,-35,106,7060,-10020,9832,-49,93,-179,-13812,4288,5524,-992,119,-59,-14212,-5312,5792,-497,156,-123,0
663.8906090259552,7772,7132,11288,-96,-82,111,7068,-10080,10024,-56,117,-193,-13792,4564,5768,-979,126,-107,-14076,-5388,5848,-496,144,-139,0
663.9240729808807,7884,7048,11408,-100,-68,100,7124,-10060,9896,-69,95,-186,-13972,4144,5428,-983,121,-91,-14104,-5240,5924,-506,138,-145,0
663.9576890468597,7984,7164,11364,-128,-64,113,6988,-10024,9796,-90,136,-189,-13788,4316,5616,-996,125,-29,-14156,-5236,5672,-506,111,-138,0
663.9908621311188,8044,7148,11388,-104,-25,108,7044,-10080,9868,-83,130,-140,-13780,4268,5528,-1006,104,-37,-14124,-5296,5864,-263,92,-117,0
664.0241589546204,7952,7020,11360,-157,-46,102,7124,-10176,9768,-50,130,-145,-13792,4308,5628,-1037,64,-58,-14040,-5292,5924,-257,139,-148,0
664.0574901103973,7876,7180,11560,-123,-61,100,7040,-10004,9768,-47,163,-177,-13680,4328,5484,-971,107,-76,-14072,-5332,5780,-512,119,-134,0
664.0909900665283,7888,7152,11360,-111,-66,58,7068,-10096,10192,-58,144,-162,-13692,4260,5544,-976,103,-89,-14156,-5220,6032,-500,152,-149,0
664.1245820522308,7900,7032,11484,-153,-69,77,6992,-10156,9872,-55,123,-186,-13896,4380,5436,-1008,114,-51,-14020,-5264,5724,-483,145,-97,0
664.1579279899597,7920,7048,11408,-91,-54,86,7072,-10084,9848,-51,104,-180,-13852,4452,5460,-986,61,-74,-13932,-5296,5900,-506,110,-140,0
664.1911489963531,8032,7120,11508,-97,-14,98,7364,-10120,9812,-76,108,-149,-13804,4224,5696,-1001,63,-62,-13972,-5300,5824,-501,86,-161,0
664.2242839336395,7876,7140,11340,-101,-8,68,7036,-10136,9832,-82,156,-132,-13884,4300,5220,-1002,83,-51,-14052,-5348,5884,-498,101,-149,0
664.257894039154,7908,7132,11352,-139,-53,95,7012,-10092,9868,-77,147,-156,-13708,4116,5424,-1011,89,-56,-13916,-5420,5832,-504,128,-157,0
664.2915451526642,7744,6916,11488,-101,-39,99,6984,-10096,9912,-73,115,-177,-13732,4224,5508,-1005,110,-55,-14032,-5284,5868,-523,141,-103,0
664.3251800537109,8116,7164,11616,-121,-81,93,7104,-10136,9904,-41,86,-187,-13616,4208,5592,-1005,114,-109,-14132,-5260,5976,-489,150,-109,0
664.3584430217743,7856,7112,11052,-86,-77,99,7048,-10108,9904,-79,95,-206,-13832,4356,5596,-1007,138,-95,-14036,-5220,5744,-502,118,-127,0
664.3917031288147,7872,7072,11308,-110,-50,107,7164,-10128,9808,-31,140,-169,-13812,4324,5456,-1009,133,-70,-14044,-5360,5888,-495,128,-148,0
664.4247601032257,7972,7156,11496,-121,-62,95,7020,-10124,10016,-50,147,-173,-13804,4316,5492,-995,66,-50,-13944,-5320,5948,-479,146,-122,0
664.4625449180603,7868,7140,11332,-123,-55,80,7164,-10088,9848,-47,167,-169,-13732,4436,5564,-1019,95,-92,-14068,-5128,5820,-500,92,-142,0
664.4981441497803,7840,7092,11552,-167,-62,68,7060,-10056,9836,-59,178,-179,-13672,4252,5880,-960,98,-60,-14024,-5376,5908,-493,147,-110,0
664.5334720611572,7792,7108,11364,-131,-53,95,7088,-10128,9860,-65,155,-173,-13904,4304,5548,-956,119,-112,-13996,-5560,5744,-479,130,-141,0
664.569149017334,7988,7084,11420,-146,-87,82,7100,-10184,9816,-43,115,-172,-13796,4384,5556,-983,94,-123,-13936,-5300,5944,-543,129,-109,0
664.6050269603729,7872,7164,11372,-136,-69,77,7048,-10160,9956,-26,150,-149,-13784,4304,5416,-1011,105,-92,-14040,-5396,5972,-503,133,-109,0
664.6402060985565,7916,7140,11388,-100,-57,81,7072,-10112,9860,-47,142,-164,-13824,4336,5652,-769,108,-71,-13932,-5388,5856,-516,152,-104,0
664.6750180721283,7692,7420,11500,-115,-76,119,6992,-10140,9980,-43,135,-175,-13816,4324,5592,-1008,100,-96,-14096,-5604,6136,-502,178,-104,0
664.7108850479126,7724,7192,11552,-91,-60,95,7044,-10228,9864,-46,140,-171,-13728,4340,5588,-1011,102,-88,-13924,-5348,6120,-260,171,-130,0
664.7461919784546,7832,7172,11364,-106,-43,124,6980,-10092,9932,-61,121,-212,-13784,4296,5628,-993,128,-102,-13956,-5296,5896,-768,148,-106,0
664.7818751335144,7888,7168,11244,-149,-86,112,7048,-10180,9896,-78,129,-184,-13740,4312,5452,-994,137,-98,-14036,-5312,5940,-471,140,-126,0
664.8176989555359,7864,6912,11508,-125,-62,99,7140,-10036,9776,-66,171,-167,-13808,4368,5500,-970,83,-112,-13832,-5332,5908,-508,121,-127,0
664.8533499240875,7980,7084,11684,-128,-45,116,6972,-10160,9956,-23,144,-176,-13848,4312,5696,-1270,107,-78,-14072,-5336,6020,-515,142,-122,0
664.8886671066284,8152,7208,11200,-138,-53,110,7100,-10084,9924,-16,134,-149,-13740,4180,5796,-1011,85,-94,-14064,-5376,5940,-528,165,-135,0
664.9235579967499,7876,7156,11424,-86,-52,84,7052,-10100,9864,-82,148,-180,-13740,4276,5648,-969,89,-68,-13984,-5352,5928,-503,125,-143,0
664.9595069885254,7884,7112,11468,-86,-47,81,7104,-10124,9812,-64,119,-173,-13692,4552,5436,-1000,95,-90,-14000,-5300,5928,-524,160,-108,0
664.9949381351471,7880,7088,11348,-77,-43,77,7108,-10160,9792,-65,151,-167,-13872,4316,5648,-1013,68,-49,-14084,-5232,5964,-523,146,-137,0
665.0302579402924,7952,7236,11484,-56,-9,89,7080,-10116,9848,-81,113,-147,-14008,4336,5508,-1009,92,-89,-14072,-5540,5812,-523,107,-131,0
665.0652620792389,7784,7304,11508,-104,-34,93,7036,-10248,9924,-87,119,-175,-13732,4328,5500,-967,72,-79,-13960,-5368,5860,-475,141,-130,0
665.1012599468231,7908,7144,11392,-103,-48,78,6760,-10224,9900,33,501,-187,-13672,4176,5856,-1016,122,-91,-14008,-5308,5984,-517,158,-121,0
665.1345019340515,7808,7168,11392,-103,-59,95,7032,-10120,9936,-73,148,-189,-13696,4316,5180,-1001,131,-68,-13916,-5272,5844,-542,152,-101,0
665.1681709289551,7896,7156,11392,-135,-93,92,6912,-10208,9700,-53,117,-164,-13760,4392,5240,-993,142,-88,-14120,-5188,6088,-766,185,-110,0
665.2018280029297,7880,7420,11228,-108,-90,123,7036,-10192,9820,-58,150,-214,-13704,4240,5588,-990,135,-137,-13952,-5348,5804,-507,179,-93,0
665.2355580329895,7880,7308,11400,-102,-104,116,7064,-10100,9804,-59,164,-182,-13828,4272,5684,-989,173,-172,-13976,-5512,6112,-507,181,-120,0
665.2692210674286,7884,7148,11480,-156,-84,87,6980,-10048,9944,-39,139,-195,-13824,4228,5720,-995,140,-128,-13840,-5136,5672,-529,192,-88,0
665.3026969432831,7860,7356,11332,-153,-80,112,7068,-10008,9908,-11,166,-197,-13744,4568,5408,-998,142,-88,-14020,-5392,5848,-513,172,-92,0
665.3362040519714,7820,7156,11456,-181,-119,135,6916,-10132,9856,-43,161,-196,-14076,4388,5500,-962,167,-85,-14020,-5608,5768,-521,159,-104,0
665.3695931434631,7760,7124,11408,-172,-125,130,7016,-10104,9996,-26,154,-236,-13748,4300,5396,-966,122,-129,-14020,-5548,5884,-497,187,-77,0
665.4029741287231,7784,7184,11508,-159,-132,133,7052,-10100,9852,5,156,-202,-13772,4116,5472,-1003,118,-158,-14064,-5152,6140,-522,185,-95,0
665.4366230964661,7784,7084,11444,-146,-120,140,7088,-10208,9708,1,169,-184,-13820,4384,5612,-988,163,-139,-14276,-5404,5752,-509,169,-94,0
665.4699881076813,7788,7200,11280,-174,-122,138,7100,-10424,10140,14,171,-190,-13760,4272,5384,-982,156,-155,-14072,-5344,5648,-489,197,-90,0
665.5035960674286,7888,7144,11380,-178,-157,148,6984,-10112,9820,10,135,-200,-13848,4296,5488,-1006,139,-93,-14052,-5400,5772,-494,184,-86,0
665.536994934082,7804,7212,11300,-188,-166,133,7124,-10072,9952,16,143,-207,-13780,4252,5520,-994,153,-138,-14040,-5276,5860,-504,176,-78,0
665.5703020095825,7840,7252,11116,-184,-165,164,6968,-10164,9732,254,134,-209,-13732,4324,5480,-986,144,-151,-14028,-5372,5852,-475,145,-99,0
665.6038389205933,7912,6972,11412,-183,-169,163,7020,-10228,9852,27,193,-186,-13840,4364,5352,-986,135,-153,-14300,-5168,5912,-469,175,-76,0
665.6371891498566,7844,7148,11092,-185,-168,142,6996,-10104,9896,253,149,-189,-13772,4300,5596,-1000,176,-80,-13868,-5532,5892,-490,199,-64,0
665.6703350543976,7904,7104,11348,-190,-149,144,7028,-10216,9788,15,158,-192,-13756,4308,5336,-997,130,-112,-13920,-5140,6060,-465,167,-45,0
665.7038359642029,8004,7128,11372,-198,-162,137,6992,-10068,9768,-22,147,-208,-13804,4336,5600,-985,147,-138,-13892,-5328,6088,-457,133,-99,0
665.7373180389404,7940,7060,11352,-189,-125,152,7024,-10128,9860,5,163,-172,-13672,4280,5176,-1002,148,-107,-14328,-5372,6136,-450,131,-107,0
665.7707870006561,7692,7044,11396,-215,-155,134,7068,-10076,9932,64,162,-199,-13820,4232,5516,-1014,115,-114,-13864,-5524,5776,-766,209,-56,0
665.8044631481171,7820,7236,11496,-172,-162,121,6984,-10016,9832,24,147,-180,-13728,4296,5496,-1010,97,-95,-14136,-5352,5868,-482,183,-109,0
665.8379039764404,7968,7144,11356,-163,-117,107,6996,-10156,9900,3,172,-198,-13992,4296,5532,-1002,149,-134,-14032,-5296,6060,-469,210,-57,0
665.871129989624,7732,7044,11308,-195,-169,111,6964,-10088,9904,-7,147,-217,-13796,4348,5624,-770,117,-147,-14068,-5148,5904,-465,177,-53,0
665.9043171405792,7944,6980,11280,-118,-71,140,7076,-10136,9880,24,101,-152,-13804,4236,5564,-999,99,-53,-14028,-5400,5872,-483,105,-97,0
665.9377601146698,7836,7048,11492,-168,-123,140,7112,-10124,9920,7,167,-135,-13944,4352,5572,-1018,94,-74,-14000,-5320,5764,-478,119,-118,0
665.9712860584259,7832,7116,11412,-180,-114,120,6988,-10116,10008,-2,156,-170,-13872,4132,5616,-1041,96,-110,-14336,-5300,6128,-494,165,-126,0
666.0049700737,7848,7192,11396,-184,-151,140,6944,-10048,9896,-255,98,-201,-13744,4236,5392,-1007,142,-129,-13972,-5280,5820,-498,180,-97,0
666.0384459495544,7876,7132,11480,-132,-146,109,7028,-10084,9944,-29,89,-209,-13584,4144,5416,-1009,143,-128,-14048,-5268,5844,-473,193,-123,0
666.0720479488373,8008,7080,11296,-134,-119,124,7156,-10024,9752,-53,110,-218,-13852,4320,5448,-999,128,-113,-14020,-5260,5912,-476,161,-97,0
666.105288028717,8020,7140,11332,-108,-46,107,7044,-9972,9920,-62,122,-193,-13888,4236,5396,-1006,143,-87,-14076,-5276,5844,-467,130,-139,0
666.1428730487823,7964,7056,11408,-140,-68,93,7008,-10120,9884,-40,119,-170,-14012,4096,5156,-1011,104,-78,-14152,-5256,5872,-482,139,-132,0
666.1776459217072,8040,6940,11368,-90,-52,74,7112,-10036,9896,-59,140,-159,-13868,4308,5752,-1032,82,-81,-14044,-5296,6012,-489,151,-153,0
666.2132999897003,8000,7224,11248,-104,-54,76,7060,-10164,9832,-61,145,-178,-13788,4336,5444,-1021,86,-61,-14032,-5268,5796,-486,113,-153,0
666.2488510608673,7912,7092,11476,-112,-44,93,6968,-10032,9880,-84,116,-177,-13844,4280,5616,-1011,87,-97,-13844,-5308,5904,-472,152,-120,0
666.2839329242706,7892,7180,11408,-130,-56,83,6944,-10152,9916,-80,130,-178,-13816,4276,5428,-1001,75,-55,-14056,-5236,5852,-481,126,-131,0
666.3195149898529,7836,7176,11408,-123,-41,80,6960,-10100,9804,-55,128,-162,-13784,4328,5592,-1016,113,-88,-14024,-5276,5660,-257,136,-123,0
666.3547840118408,7868,6916,11288,-99,-52,90,6996,-10108,9872,-68,117,-152,-13708,4244,5480,-1010,122,-90,-13964,-5164,6012,-496,156,-103,0
666.390233039856,7900,7060,11468,-98,-71,105,6804,-10056,9956,-55,111,-182,-13788,4272,5532,-1003,142,-92,-14044,-5372,5752,-500,180,-116,0
666.4249370098114,7888,7364,11512,-124,-58,109,6932,-10136,9936,-93,120,-183,-14076,4216,5532,-986,143,-117,-14004,-5264,5760,-494,208,-113,0
666.4603729248047,8020,7148,11408,-132,-102,98,7072,-10056,9784,-101,130,-200,-13872,4252,5612,-1013,137,-88,-13864,-5284,5800,-491,166,-133,0
666.495551109314,7740,7156,11276,-94,-65,101,7060,-10100,9884,-87,147,-172,-13764,4336,5388,-985,113,-60,-14124,-5236,6016,-493,110,-151,0
666.531289100647,7932,7092,11336,-101,-20,74,7044,-10484,9904,-24,151,-148,-13836,4188,5504,-1032,83,-54,-14032,-5312,5916,-485,111,-157,0
666.5673711299896,7864,6928,11284,-119,-38,92,7044,-10116,9852,-24,122,-145,-13860,4364,5432,-993,65,-35,-14096,-5324,5816,-488,119,-137,0
666.6025080680847,7992,7176,11408,-86,-6,82,7044,-10112,10188,-77,177,-157,-13784,4564,5444,-1278,84,-91,-14100,-5312,5912,-483,115,-111,0
666.6380059719086,7796,7112,11496,-152,-55,101,7108,-10180,10040,-68,133,-187,-13860,4356,5472,-986,95,-82,-14112,-5220,5916,-502,140,-147,0
666.6731939315796,7912,7164,11460,-94,-49,82,7116,-10116,9884,-44,115,-160,-13888,4284,5416,-997,84,-66,-14012,-5252,5992,-489,127,-136,0
666.7091369628906,7852,7420,11036,-82,-8,77,7052,-10104,9932,-73,142,-111,-13856,4264,5536,-1001,85,-15,-14072,-5308,5968,-485,99,-138,0
666.7441780567169,7820,7160,11392,-124,-16,91,6952,-10152,9824,-61,146,-135,-13996,4292,5560,-1016,93,-41,-14064,-5340,5848,-491,121,-128,0
666.7802081108093,7784,7236,11452,-124,-27,88,7072,-10132,9764,-65,142,-161,-13768,4180,5524,-1006,103,-62,-13972,-5216,5812,-496,142,-119,0
666.8136961460114,7868,7216,11432,-105,-65,102,6992,-10220,9904,-49,136,-181,-13868,4228,5396,-991,118,-123,-13968,-5332,5860,-513,156,-136,0
666.8472280502319,8176,7224,11292,-165,-99,122,7020,-10104,9952,-49,106,-209,-13776,4140,5464,-1001,132,-144,-13956,-5288,5660,-481,179,-99,0
666.8807640075684,7876,7144,11036,-98,-52,120,7068,-10068,9920,-61,95,-194,-13636,4364,5364,-994,131,-123,-14056,-5272,5636,-509,144,-131,0
666.9141719341278,7888,7140,11304,-126,-81,113,7096,-10220,9944,-22,123,-151,-13880,4244,5576,-972,157,-62,-14060,-5348,5924,-485,131,-126,0
666.9475979804993,8076,6940,11448,-141,-42,96,7032,-10140,9992,-35,153,-170,-13904,4176,5556,-1006,99,-73,-14080,-5288,5828,-498,155,-125,0
666.9812319278717,8100,7388,11124,-117,-56,101,7004,-10152,9900,-40,144,-182,-13840,4408,5508,-1005,129,-92,-13840,-5324,6132,-498,155,-129,0
667.0147759914398,7736,7216,11444,-117,-89,105,7012,-9992,9860,-41,100,-191,-13920,4196,5512,-1001,119,-108,-14060,-5332,5940,-473,132,-125,0
667.0481791496277,7876,6976,11312,-123,-69,93,7124,-10136,9864,-119,144,-160,-13808,4316,5620,-1278,114,-107,-14148,-5244,5868,-505,143,-109,0
667.0819520950317,7688,7208,11308,-129,-72,119,6924,-10128,9808,-64,132,-179,-13780,4296,5544,-1006,103,-99,-13868,-5320,5928,-505,139,-100,0
667.115483045578,7804,7140,11380,-125,-42,130,6984,-10160,9960,-44,142,-161,-13864,4288,5532,-1004,123,-53,-14008,-5336,5788,-261,148,-122,0
667.1490581035614,7796,7256,11476,-126,-65,95,7084,-10188,9792,-34,129,-190,-14024,4356,5568,-992,126,-81,-13960,-5368,5772,-490,196,-113,0
667.1823711395264,7772,7196,11696,-121,-82,107,6944,-10148,9760,-47,119,-199,-13796,4292,5556,-1004,118,-116,-13996,-5364,5840,-498,184,-116,0
667.2157430648804,7896,7252,11380,-119,-80,101,7124,-10132,9800,-60,131,-195,-13756,4372,5380,-999,133,-109,-13996,-5356,5824,-503,194,-103,0
667.2492589950562,7760,6980,11276,-108,-71,90,7052,-10044,9844,-51,142,-177,-13780,4200,5504,-997,144,-97,-14048,-5328,5780,-510,161,-124,0
667.2828810214996,7820,7240,11388,-105,-97,120,7140,-10176,9800,-45,138,-177,-13884,4120,5380,-991,99,-85,-14012,-5288,5844,-488,159,-121,0
667.3166069984436,7888,7228,11312,-151,-82,115,7036,-10132,9916,-55,139,-179,-14080,4288,5560,-1002,114,-92,-13980,-5260,5972,-489,177,-105,0
667.3497800827026,7920,6960,11160,-144,-64,101,7044,-10196,9948,-61,149,-178,-13784,4284,5312,-982,100,-87,-14132,-5304,5840,-518,132,-144,0
667.3832330703735,7816,7100,11348,-141,-51,117,6988,-10104,9764,-36,147,-172,-13788,4208,5484,-1009,55,-97,-14020,-5164,5852,-511,171,-118,0
667.4164850711823,7740,7164,11428,-154,-72,120,7032,-10200,9876,8,143,-183,-13832,4260,5420,-1004,69,-82,-13832,-5584,5648,-518,183,-117,0
667.4500119686127,7768,7228,11496,-116,-70,97,7072,-10148,9848,-25,138,-186,-13864,4244,5656,-1006,117,-93,-14296,-5332,5820,-492,153,-133,0
667.4836189746857,7816,7288,11396,-126,-69,95,7008,-10140,9856,-121,160,-149,-13824,4264,5496,-983,117,-112,-14032,-5252,5876,-482,171,-126,0
667.5173709392548,7928,7200,11508,-110,-80,114,7004,-10112,9996,-60,130,-202,-13892,4324,5524,-1011,115,-119,-14092,-5272,5900,-495,167,-121,0
667.5531930923462,7900,6912,11416,-70,-43,107,7152,-10172,9920,-36,195,-39,-14008,4288,5316,-1074,103,-95,-13972,-5384,5872,-257,104,-148,0
667.5871810913086,7836,7232,11308,-92,-27,86,6920,-10136,9832,-51,174,-161,-13764,4304,5388,-1010,91,-89,-13948,-5316,5952,-499,90,-140,0
667.6206641197205,7876,7312,11452,-139,-28,58,6964,-10172,9960,-45,151,-144,-14044,4328,5412,-906,59,-77,-14000,-5384,5812,-488,162,-164,0
667.6539299488068,7844,7296,11384,-139,-36,109,6888,-10068,10136,-30,147,-168,-13592,4244,5456,-952,107,-108,-13924,-5440,5900,-516,171,-107,0
667.6875319480896,7784,6916,11444,-130,-71,102,7008,-10220,9816,-52,113,-171,-13648,4332,5572,-992,144,-123,-13956,-5332,5980,-501,202,-80,0
667.7210681438446,7796,7236,11372,-147,-124,114,6924,-10208,9856,-53,103,-214,-13856,4376,5348,-1017,173,-128,-13868,-5380,5908,-765,193,-71,0
667.7545540332794,7784,7180,11292,-118,-80,129,6980,-10132,9876,-47,116,-187,-13592,4224,5492,-997,169,-118,-14036,-5420,5904,-497,162,-115,0
667.7906999588013,7824,7148,11328,-170,-108,128,7072,-10488,9904,-28,189,-193,-13596,4288,5416,-989,110,-149,-13936,-5524,6008,-518,182,-99,0
667.8254539966583,7816,7252,11460,-168,-109,132,6960,-10140,9828,-10,138,-200,-13868,4324,5492,-1005,131,-75,-13992,-5228,5892,-263,170,-97,0
667.8611760139465,7832,7408,11300,-158,-116,135,6972,-10132,9772,-34,124,-201,-13796,4260,5688,-994,131,-101,-13948,-5300,5900,-514,178,-105,0
667.8962349891663,7808,7096,11560,-153,-133,120,6920,-10140,9960,-25,147,-199,-13836,4336,5436,-969,102,-132,-14020,-5316,5936,-511,167,-97,0
667.9319269657135,7756,7356,11504,-124,-126,114,6960,-10092,9752,-21,168,-213,-13852,4276,5392,-993,130,-180,-14072,-5236,5976,-489,178,-82,0
667.9678411483765,7804,7132,11320,-166,-137,142,7044,-10156,9804,255,152,-203,-13892,4264,5584,-1004,127,-161,-14020,-5296,5808,-493,181,-92,0
668.0026559829712,7836,7228,11312,-163,-136,144,7112,-10164,9860,14,133,-207,-13588,4196,5556,-980,127,-123,-14032,-5244,5856,-507,198,-76,0
668.0386281013489,7808,7192,11404,-172,-155,136,6928,-10200,9780,-251,141,-228,-13828,4536,5440,-989,127,-133,-14084,-5304,5672,-500,181,-90,0
668.0739760398865,7808,7224,11484,-201,-143,137,6916,-10240,10120,-5,133,-225,-13764,4292,5268,-991,156,-102,-13828,-5296,5860,-484,158,-83,0
668.1095221042633,7776,7168,11380,-192,-142,157,7036,-10016,9812,31,149,-194,-13592,4128,5412,-1000,119,-140,-14052,-5336,5968,-482,166,-99,0
668.1449069976807,7768,7228,11308,-198,-153,148,6664,-10116,9728,11,161,-195,-13868,4316,5308,-985,134,-104,-13948,-5608,5708,-512,177,-87,0
668.1807169914246,7868,7176,11272,-170,-139,158,7008,-10152,9888,32,143,-186,-13988,4276,5564,-1003,120,-140,-14056,-5332,5828,-492,138,-113,0
668.215912103653,7844,7204,11328,-187,-150,154,6904,-10164,9752,15,154,-201,-13596,4316,5544,-997,180,-141,-14056,-5356,5896,-487,195,-100,0
668.2519731521606,7972,7072,11680,-194,-148,127,7092,-10080,9760,12,141,-193,-13584,4256,5384,-1007,149,-116,-14096,-5220,5728,-476,162,-69,0
668.2879071235657,7860,7324,11260,-173,-150,129,7116,-10088,9984,14,162,-196,-13732,4276,5508,-1001,140,-130,-14192,-5156,5824,-493,151,-103,0
668.3231930732727,7748,7096,11060,-220,-144,125,7000,-10132,9940,33,162,-200,-13588,4276,5332,-1020,134,-83,-14044,-5252,5792,-526,178,-109,0
668.3582580089569,7860,7192,11344,-200,-173,122,6972,-10112,9840,36,149,-195,-13724,4340,5548,-1027,120,-108,-13976,-5604,5936,-505,168,-102,0
668.3937411308289,7936,7268,11204,-146,-120,126,7016,-10128,9860,-1,143,-177,-13904,4328,5368,-964,130,-89,-14320,-5328,5872,-484,162,-110,0
668.42928814888,7860,7152,11480,-202,-155,143,6944,-10124,9884,29,154,-189,-13824,4208,5548,-1018,124,-120,-14148,-5236,5948,-470,185,-45,0
668.4649939537048,7940,7176,11372,-145,-157,160,7020,-10008,9764,42,153,-173,-13920,4412,5276,-990,118,-90,-14072,-5300,5716,-503,128,-98,0
668.49862408638,7912,6944,11324,-142,-105,142,7008,-10100,9876,9,165,-134,-13836,4408,5540,-989,112,-67,-13996,-5252,5940,-483,102,-99,0
668.5323750972748,7820,7164,11384,-160,-91,131,7008,-10096,9788,9,139,-164,-13820,4304,5512,-990,106,-135,-14288,-5424,5808,-483,132,-129,0
668.5660951137543,7972,7164,11048,-181,-113,114,6936,-10172,9908,12,157,-190,-13812,4264,5232,-1273,148,-152,-13908,-5276,5792,-502,189,-128,0
668.5997569561005,7932,7300,11456,-148,-148,136,6976,-10168,9736,-9,108,-218,-14056,4168,5428,-1002,137,-138,-13976,-5340,5728,-496,183,-58,0
668.6329119205475,7860,7140,11360,-164,-138,141,6980,-10064,9852,-60,102,-212,-13880,4328,5368,-985,154,-73,-14072,-5200,5824,-496,176,-88,0
668.6680800914764,7900,6916,11464,-108,-119,120,7148,-10028,9940,-56,109,-213,-13980,4344,5416,-975,112,-84,-13892,-5272,5860,-491,138,-142,0
668.7025649547577,7940,7388,11356,-126,-105,111,7096,-10100,9864,-59,155,-178,-13672,4292,5516,-977,98,-89,-14068,-5236,5856,-495,155,-129,0
668.7361731529236,7952,7200,11436,-133,-47,86,7008,-10192,9944,-32,134,-176,-13880,4292,5472,-1014,101,-87,-14152,-5352,5972,-516,154,-132,0
668.7698690891266,7920,7076,11456,-106,-66,69,7008,-10168,9924,-49,116,-174,-13800,4280,5416,-995,97,-116,-14108,-5264,5860,-507,123,-150,0
668.803426027298,7876,7172,11400,-110,-50,92,6968,-10204,10228,-40,116,-188,-13852,4280,5396,-1279,121,-55,-14060,-5284,5948,-476,136,-127,0
668.8371529579163,7940,7280,11288,-100,-53,89,7084,-10068,9904,-79,152,-168,-13876,4304,5680,-994,100,-48,-13840,-5216,6124,-500,139,-144,0
668.8707809448242,8128,7104,11492,-88,-67,116,7116,-10108,9956,-65,133,-173,-13900,4116,5384,-983,101,-37,-14304,-5328,5856,-510,136,-142,0
668.9042401313782,7892,7160,11268,-99,-44,116,7012,-10112,10028,-51,141,-158,-14028,4268,5624,-1012,81,-86,-14080,-5356,6064,-488,138,-147,0
668.9378039836884,8164,7188,11244,-109,-51,104,7016,-10068,9908,-60,154,-164,-13880,4264,5388,-1013,103,-125,-14264,-5140,5996,-484,160,-141,0
668.9713931083679,7756,7412,11112,-101,-58,102,6668,-10100,9900,-73,117,-184,-13828,4292,5600,-993,115,-97,-14064,-5352,5860,-497,149,-112,0
669.0050859451294,8156,7264,11516,-104,-75,124,6676,-10128,9948,-70,130,-201,-13892,4268,5632,-984,117,-66,-14068,-5268,5900,-503,168,-91,0
669.0385870933533,7908,7392,11440,-110,-90,85,7056,-10084,9768,-56,126,-199,-13624,4272,5152,-995,135,-60,-14120,-5404,5760,-489,180,-93,0
669.0723080635071,7788,7152,11372,-137,-90,100,7136,-10176,9824,-65,104,-176,-13852,4184,5448,-966,122,-44,-13860,-5240,5848,-487,128,-110,0
669.1057550907135,7884,7204,11300,-119,-49,109,7020,-10064,9872,-83,169,-143,-13680,4320,5436,-990,91,-85,-14144,-5348,5780,-527,109,-142,0
669.1390860080719,8120,6952,11360,-145,-17,95,7028,-10208,9868,-8,147,-149,-13912,4196,5520,-1023,41,-78,-14044,-5296,5780,-531,156,-141,0
669.1727321147919,7868,7272,11220,-137,-55,89,6976,-10072,9984,-29,140,-162,-13748,4352,5628,-1005,70,-84,-14104,-5300,5956,-499,126,-136,0
669.2063939571381,7904,7116,11332,-84,-25,91,7024,-10172,9904,-56,160,-162,-13924,4268,5592,-1004,56,-56,-14072,-5540,5648,-765,113,-144,0
669.2396929264069,7924,7180,11512,-153,-61,89,7068,-10156,9912,-93,131,-173,-13788,4236,5524,-1010,95,-60,-13848,-5248,5708,-482,150,-140,0
669.2734241485596,7924,7264,11424,-105,-54,90,7048,-10100,9816,-56,145,-165,-13784,4552,5516,-1006,91,-32,-14016,-5348,5852,-766,123,-132,0
669.3071160316467,7896,7284,11488,-55,-27,79,6992,-10092,9812,-64,128,-137,-13920,4384,5488,-992,81,-43,-14000,-5312,5800,-765,80,-139,0
669.3410360813141,7820,7208,11332,-115,-24,73,6700,-10008,9932,-48,134,-141,-13712,4320,5492,-976,72,-124,-13988,-5348,5848,-762,137,-142,0
669.3745090961456,7856,7236,11468,-130,-51,82,6928,-10076,9944,-40,140,-187,-13756,4336,5536,-984,92,-117,-13976,-5428,6100,-505,161,-130,0
669.4081671237946,7812,7204,11248,-135,-68,132,6932,-10140,9848,-68,124,-186,-13852,4260,5392,-987,122,-105,-13988,-5352,5844,-487,140,-121,0
669.4415919780731,7980,7160,11408,-154,-89,87,6956,-10120,9832,-52,115,-207,-13584,4276,5544,-976,125,-70,-14036,-5264,5908,-516,181,-93,0
669.4776239395142,7992,7396,11404,-121,-86,131,6988,-10088,9948,-75,93,-182,-13844,4416,5568,-996,154,-110,-14148,-5268,5844,-498,146,-130,0
669.5131349563599,7932,7200,11344,-100,-63,115,7032,-10204,9864,-48,127,-184,-13860,4148,5484,-994,93,-73,-14064,-5328,5872,-498,159,-134,0
669.5487940311432,7684,7176,11424,-128,-68,107,7064,-10172,9776,-54,119,-194,-13772,4328,5568,-990,86,-106,-14216,-5312,5896,-526,146,-107,0
669.5838761329651,7812,7236,11356,-112,-75,104,6984,-10128,9832,-48,146,-160,-13584,4268,5580,-996,73,-67,-14036,-5152,5844,-498,147,-143,0
669.6191921234131,7760,7256,11412,-117,-56,116,7012,-10036,9944,-56,120,-170,-13888,4296,5520,-987,81,-81,-14024,-5168,5728,-496,149,-117,0
669.6544790267944,7844,7188,11320,-126,-75,80,7024,-10196,9928,-71,121,-183,-13832,4268,5200,-982,112,-77,-13840,-5312,5796,-765,137,-141,0
669.6903219223022,7812,7264,11440,-127,-63,106,7028,-10172,9756,-47,142,-156,-14052,4228,5376,-997,90,-96,-14040,-5324,6128,-518,165,-109,0
669.7259840965271,7840,7288,11360,-121,-72,92,6924,-10092,9908,-43,127,-185,-13904,4316,5412,-1000,118,-133,-13836,-5336,5900,-503,123,-137,0
669.7617909908295,7768,7224,11408,-128,-72,113,7000,-10232,9812,-36,90,-192,-13876,4308,5408,-995,108,-82,-14128,-5296,5760,-520,150,-100,0
669.7978510856628,7880,7216,11440,-121,-87,89,7024,-10224,9900,-57,112,-218,-13824,4200,5408,-987,137,-93,-14056,-5444,5764,-501,156,-97,0
669.8327240943909,7896,6968,11072,-116,-82,117,7080,-10128,9972,-39,113,-199,-13884,4168,5212,-773,123,-70,-14268,-5208,6012,-507,157,-130,0
669.8683559894562,7860,7148,11376,-121,-81,71,7048,-10200,9924,-61,112,-174,-13588,4252,5552,-993,121,-128,-14032,-5128,5780,-768,163,-129,0
669.903391122818,8108,7224,11372,-102,-70,107,7008,-10228,9852,-41,97,-177,-14056,4180,5436,-1012,123,-81,-14280,-5192,5840,-487,160,-118,0
669.9387209415436,7824,7324,11268,-130,-74,106,6996,-10028,9928,-41,140,-187,-13820,4376,5376,-993,95,-85,-14016,-5392,6068,-520,146,-133,0
669.973629951477,8016,7256,11300,-133,-101,112,7024,-10120,9740,-74,148,-142,-13792,4316,5464,-972,145,-49,-14112,-5236,5864,-508,142,-105,0
670.00914311409,7872,7168,11404,-158,-67,106,7080,-10232,9844,-8,121,-165,-13784,4344,5392,-996,96,-113,-14056,-5604,5892,-545,183,-144,0
670.0445339679718,7744,7268,11304,-141,-83,111,7316,-10108,9728,-247,233,-172,-13768,4308,5172,-1280,115,-72,-13932,-5196,5992,-258,168,-103,0
670.0799429416656,7772,7276,11332,-88,-52,100,6988,-10112,9780,-54,145,-158,-13992,4260,5368,-982,90,-101,-14060,-5276,5876,-487,142,-132,0
670.117105960846,7788,7008,11312,-128,-80,85,6924,-10140,9932,-44,142,-179,-13612,4296,5388,-974,85,-68,-14040,-5296,5912,-489,164,-106,0
670.1503450870514,7900,7240,11336,-107,-53,80,7000,-10136,9808,-31,138,-157,-13836,4280,5512,-1016,94,-27,-13944,-5464,5912,-516,111,-145,0
670.183886051178,7808,7176,11408,-117,-17,99,6936,-10204,9764,-45,134,-128,-13820,4228,5492,-980,80,-30,-14028,-5308,5884,-496,95,-133,0
670.2175149917603,7768,7204,11268,-127,-51,91,6952,-10020,9980,-58,166,-155,-13588,4328,5452,-975,82,-116,-14092,-5376,5880,-509,148,-138,0
670.2509450912476,7812,7360,11372,-156,-88,102,7032,-10192,9952,-23,177,-189,-13620,4212,5524,-1005,115,-138,-14036,-5300,5844,-508,185,-118,0
670.2844290733337,7768,7216,11312,-151,-101,126,6944,-10008,9824,-25,151,-210,-13748,4264,5372,-1004,152,-99,-13992,-5276,5932,-506,183,-75,0
670.3179099559784,7820,7188,11124,-179,-130,133,6940,-10140,9768,-6,96,-225,-14040,4152,5384,-997,157,-108,-14076,-5356,5812,-514,205,-65,0
670.3513760566711,7904,7216,11484,-142,-114,147,6896,-10128,9900,-28,131,-203,-13652,4276,5128,-995,149,-117,-14096,-5244,5960,-520,195,-69,0
670.3847360610962,7808,7240,11468,-158,-143,155,6988,-10104,10124,-14,158,-218,-13916,4332,5492,-978,140,-119,-14032,-5424,5856,-759,179,-99,0
670.4181840419769,7676,7184,11408,-191,-127,133,6948,-10148,9748,9,161,-214,-13856,4108,5820,-981,130,-129,-14032,-5292,5792,-506,203,-102,0
670.451339006424,7924,7280,11460,-181,-124,143,7068,-10204,9968,6,138,-193,-13876,4220,5600,-997,126,-69,-14036,-5304,5824,-763,183,-118,0
670.48486495018,7916,7392,11356,-182,-128,139,7060,-10232,9800,-5,144,-177,-13632,4244,5460,-978,134,-122,-14300,-5160,5860,-502,160,-106,0
670.5181701183319,7852,7220,11396,-190,-119,124,6956,-10148,9812,-28,173,-217,-13752,4344,5500,-952,138,-165,-13988,-5216,5804,-492,169,-95,0
670.5513849258423,7864,7224,11460,-178,-133,126,7028,-10156,9876,-246,153,-205,-13780,4276,5484,-984,123,-135,-14084,-5296,5880,-496,189,-58,0
670.5849709510803,7844,7188,11324,-168,-123,121,6960,-10172,9984,19,135,-229,-13876,4236,5440,-997,148,-128,-14328,-5304,5796,-499,198,-101,0
670.6185750961304,7692,6980,11508,-191,-144,126,7004,-10152,9732,36,160,-215,-13624,4248,5432,-963,147,-127,-13888,-5372,5764,-507,180,-93,0
670.652027130127,7788,7200,11396,-170,-151,142,7056,-10120,9832,254,146,-202,-13872,4224,5500,-982,143,-112,-14068,-5268,5636,-506,195,-77,0
670.6855959892273,7828,7352,11492,-200,-167,144,6976,-10120,9772,11,153,-206,-13824,4284,5304,-1009,155,-155,-14000,-5364,5768,-502,162,-70,0
670.7189600467682,7900,7224,11432,-185,-163,163,7008,-10164,9832,248,140,-185,-13884,4340,5156,-970,141,-90,-14072,-5200,5836,-502,156,-66,0
670.7524380683899,7876,6936,11308,-207,-179,151,7028,-10152,10044,14,113,-180,-13872,4224,5480,-1007,139,-76,-13988,-5420,5924,-503,156,-57,0
670.7859799861908,8172,7276,11432,-156,-153,168,7060,-10152,9848,24,133,-202,-13912,4336,5332,-998,135,-88,-13968,-5244,5716,-496,146,-71,0
670.8197569847107,7852,7208,11376,-179,-143,148,7032,-10192,9860,15,141,-188,-13976,4220,5616,-981,170,-96,-14112,-5388,5708,-474,199,-72,0
670.8533849716187,7892,7100,11204,-203,-175,140,7108,-10096,9792,19,166,-228,-13892,4260,5544,-985,130,-102,-13844,-5212,5652,-479,181,-83,0
670.8868269920349,7680,7164,11336,-154,-174,176,7132,-10100,9900,13,144,-175,-13944,4268,5300,-971,151,-132,-14076,-5232,5780,-494,166,-94,0
670.9201741218567,8024,7016,11356,-215,-144,142,7028,-10188,9892,31,155,-169,-13860,4260,5436,-1082,145,-141,-13964,-5300,5832,-526,210,-105,0
670.9536950588226,7912,7116,11744,-243,-197,148,7060,-10104,9824,58,151,-197,-13872,4252,5448,-1000,91,-114,-14072,-5296,5752,-501,175,-112,0
670.9872090816498,7940,7260,11128,-141,-117,130,7016,-10112,9864,10,144,-158,-13904,4224,5484,-995,119,-100,-13948,-5520,5844,-504,168,-96,0
671.0208530426025,8032,7272,11308,-197,-158,149,7028,-10072,9832,22,141,-207,-13888,4208,5400,-1008,123,-141,-14024,-5184,5832,-490,204,-72,0
671.0544080734253,7944,7104,11300,-175,-179,128,6980,-10132,9932,16,171,-198,-13896,4264,5168,-1272,67,-116,-14132,-5260,5840,-504,179,-113,0
671.0882000923157,7952,7136,11312,-146,-118,142,7088,-10024,9804,-6,117,-179,-14080,4200,5588,-978,92,-97,-14068,-5244,5992,-503,121,-147,0
671.1217429637909,7924,7260,11356,-142,-102,124,6988,-10032,9932,-25,103,-176,-13780,4152,5420,-984,65,-62,-13836,-5568,5788,-494,132,-136,0
671.1576480865479,7708,7180,11244,-92,-113,91,7004,-10156,9808,-61,130,-169,-14016,4280,5148,-989,80,-106,-14160,-5292,5868,-500,137,-133,0
671.1934139728546,8032,7176,11404,-74,-62,78,6972,-10044,9908,-71,117,-179,-13900,4188,5420,-999,110,-60,-14012,-5324,5860,-507,137,-115,0
671.2291369438171,7856,7240,11404,-123,-46,100,7084,-10124,9956,-79,103,-186,-13844,4200,5312,-994,131,-92,-13860,-5200,5844,-501,176,-115,0
671.2642750740051,7916,7184,11284,-108,-57,108,7036,-10148,9872,-79,83,-176,-13928,4248,5324,-1017,123,-96,-14132,-5340,5836,-493,139,-111,0
671.3003089427948,8044,6920,11316,-89,-58,120,7036,-10164,9936,-60,100,-157,-13868,4248,5288,-986,119,-60,-14312,-5608,5744,-491,130,-162,0
671.3352601528168,8052,7388,11372,-119,-40,97,7044,-10188,9824,-41,127,-183,-13868,4144,5352,-1011,97,-104,-14284,-5328,5724,-503,125,-162,0
671.3707051277161,7908,7120,11520,-77,-36,65,7008,-10124,9888,-35,136,-159,-13932,4248,5392,-1049,61,-50,-14000,-5420,5900,-495,101,-119,0
671.4061679840088,7888,7204,11336,-125,-37,81,6924,-10088,9860,-76,130,-142,-13752,4276,5424,-1009,92,-97,-13940,-5316,5796,-497,127,-128,0
671.4418530464172,7892,7116,11508,-116,-45,107,6996,-10032,9864,-82,150,-167,-13860,4340,5432,-999,88,-122,-14036,-5364,5732,-499,130,-131,0
671.4781439304352,7964,7196,11292,-113,-17,82,7048,-10172,9908,-72,167,-171,-13916,4244,5412,-1010,99,-79,-13844,-5268,5968,-491,132,-143,0
671.513689994812,7960,7352,11392,-117,-53,102,6956,-10088,9936,-66,131,-173,-13812,4284,5340,-1003,107,-109,-14048,-5272,5820,-491,159,-123,0
671.5489020347595,7960,7140,11364,-125,-80,90,6952,-10136,9896,-67,105,-167,-14044,4232,5480,-992,118,-52,-13956,-5320,5700,-484,156,-135,0
671.5840749740601,7972,7268,11200,-100,-67,96,7092,-10148,9800,-46,131,-197,-13904,4196,5508,-1003,98,-98,-14060,-5332,5692,-493,153,-113,0
671.6197190284729,8004,7212,11280,-117,-52,100,6952,-10072,10052,-34,166,-177,-13940,4224,5408,-1003,107,-51,-14044,-5296,5672,-515,153,-130,0
671.6546700000763,8156,7320,11048,-140,-71,82,6948,-10084,9744,-37,119,-207,-13816,4200,5288,-1004,62,-101,-14132,-5292,5788,-485,112,-142,0
671.6901960372925,8088,6924,11052,-95,-49,113,6996,-10168,9988,-70,117,-143,-13824,4340,5512,-988,103,-34,-13888,-5296,5892,-520,102,-136,0
671.7256190776825,7696,7232,11464,-128,-35,90,7060,-10240,9984,-24,105,-141,-13912,4156,5388,-1020,60,-61,-13880,-5196,5948,-505,124,-144,0
671.7613461017609,8184,7208,11320,-114,-40,89,6988,-10048,9896,-40,133,-165,-13844,4224,5584,-1013,37,-75,-13920,-5576,5896,-500,103,-155,0
671.7994520664215,7728,7268,11328,-101,-43,76,6956,-10144,10012,-70,151,-177,-13836,4304,5224,-977,108,-75,-14096,-5328,5824,-500,101,-133,0
671.8329560756683,7700,7272,11376,-123,-69,90,7060,-10188,9844,-64,112,-165,-13824,4308,5444,-988,69,-78,-14004,-5284,5892,-509,166,-121,0
671.8665089607239,7916,7160,11296,-70,-60,94,6960,-10068,9732,-48,144,-160,-13820,4396,5332,-989,90,-60,-14120,-5288,5832,-503,121,-138,0
671.8999879360199,7836,7200,11420,-66,-19,63,6964,-10060,9844,-48,118,-162,-13796,4284,5512,-1006,61,-55,-14096,-5384,5940,-505,114,-134,0
671.9336249828339,7884,7392,11344,-102,-32,92,7124,-10044,9928,-70,168,-163,-14056,4252,5376,-1012,71,-67,-14048,-5368,5972,-486,142,-135,0
671.9670779705048,7912,7172,11372,-108,-57,108,7080,-10136,9884,-30,146,-125,-14048,4268,5448,-1016,63,-107,-14144,-5304,5848,-502,142,-139,0
672.0003759860992,7872,7260,11344,-114,-30,99,6708,-10128,9552,-46,150,-177,-13952,4268,5356,-1011,97,-69,-13952,-5348,5788,-511,155,-122,0
672.0338320732117,7876,7216,11352,-130,-90,88,6988,-10092,9864,-21,126,-203,-13600,4148,5596,-996,111,-80,-14068,-5312,5768,-262,155,-125,0
672.0675129890442,8152,7260,11372,-109,-83,110,6964,-10252,9808,-57,122,-187,-13908,4176,5600,-971,119,-64,-14096,-5336,5800,-500,174,-98,0
672.1012029647827,8156,7232,11300,-93,-84,115,7040,-10204,9876,-63,135,-170,-14076,4300,5200,-1003,106,-141,-14248,-5300,5864,-492,152,-151,0
672.1346220970154,7884,7408,11408,-125,-77,109,7108,-10140,9736,-45,129,-191,-13912,4316,5408,-1022,99,-118,-14292,-5132,5868,-261,170,-144,0
672.1682081222534,7908,7288,11400,-120,-43,96,7012,-9856,9788,-42,152,-179,-13860,4220,5368,-1007,114,-73,-13912,-5608,5720,-482,127,-122,0
672.2018520832062,7852,7308,11484,-125,-75,103,6996,-10140,9868,-73,166,-179,-13756,4172,5456,-779,100,-72,-14024,-5360,5760,-488,126,-94,0
672.235358953476,7852,7332,11364,-120,-23,85,6972,-10104,9968,-53,138,-177,-13624,4340,5392,-950,78,-54,-14020,-5372,5712,-480,112,-118,0
672.269082069397,7828,7164,11424,-108,-39,99,7052,-10064,9880,-80,160,-146,-13644,4276,5460,-1033,98,-102,-13968,-5324,5844,-512,148,-110,0
672.3026819229126,7804,7236,11356,-94,-33,103,6936,-10240,9736,-51,159,-142,-13592,4304,5608,-1006,117,-101,-14012,-5324,5872,-764,160,-84,0
672.3361539840698,7848,7312,11284,-119,-60,98,6964,-10136,9844,-18,140,-178,-13636,4212,5476,-1014,131,-140,-14016,-5612,5768,-767,188,-109,0
672.3699841499329,7772,7268,11276,-105,-83,138,6992,-10184,9788,-24,106,-193,-13848,4396,5372,-981,145,-114,-13832,-5304,5824,-484,184,-105,0
672.4032320976257,7820,7420,11424,-138,-103,123,6960,-10200,9832,-32,114,-209,-14068,4272,5492,-991,108,-89,-13880,-5604,5772,-524,182,-126,0
672.4370260238647,7780,7228,11512,-147,-104,109,7036,-10164,9928,-27,129,-182,-13888,4228,5616,-987,135,-82,-13852,-5588,5792,-518,176,-89,0
672.4705641269684,7800,7312,11376,-155,-78,120,6964,-10120,9840,-22,152,-166,-13572,4224,5392,-1006,154,-106,-14132,-5536,5792,-505,190,-92,0
672.5038330554962,7844,7204,11440,-178,-114,152,7012,-10112,9836,3,142,-213,-13800,4220,5436,-994,147,-187,-14008,-5320,6052,-493,191,-75,0
672.5373759269714,7896,7316,11116,-166,-136,123,7032,-10140,9840,-8,163,-227,-13864,4264,5480,-970,133,-168,-14104,-5372,5900,-506,183,-72,0
672.5771160125732,7900,7184,11156,-163,-124,121,7152,-10128,9756,2,174,-180,-13900,4296,5256,-962,121,-134,-14056,-5332,5968,-504,154,-87,0
672.6104779243469,7912,7240,11268,-208,-127,120,6984,-10180,9924,41,170,-189,-13812,4216,5232,-1035,114,-120,-14044,-5260,5768,-516,189,-90,0
672.6437859535217,7684,7288,11496,-215,-168,131,7040,-10172,9876,43,150,-201,-13828,4164,5380,-1008,110,-100,-14076,-5520,5948,-524,180,-93,0
672.677365064621,7900,7292,11404,-181,-142,119,6960,-10116,9740,9,159,-224,-13880,4256,5484,-996,123,-93,-14060,-5428,5908,-493,187,-68,0
672.7110381126404,7932,7400,11264,-224,-175,138,7056,-10056,9880,-2,141,-222,-13900,4268,5276,-968,159,-170,-14060,-5304,5796,-485,203,-92,0
672.7443840503693,8028,7176,11296,-172,-142,144,6992,-10156,9852,21,152,-191,-13896,4284,5284,-1002,113,-125,-14144,-5252,5916,-486,154,-82,0
672.7779190540314,8116,7244,11108,-153,-112,146,7000,-10124,9888,249,160,-135,-13848,4288,5448,-979,121,-90,-14052,-5288,5712,-487,124,-132,0
672.8113369941711,7888,7300,11100,-191,-104,140,6972,-10172,9752,3,182,-170,-13812,4324,5580,-980,118,-138,-14020,-5124,5780,-488,156,-125,0
672.8486621379852,7840,7380,11496,-196,-128,136,6976,-10180,9908,12,162,-181,-13808,4220,5608,-975,140,-95,-14036,-5308,5636,-498,206,-58,0
672.8840911388397,7860,7228,11372,-188,-153,156,6988,-10164,9776,3,123,-192,-13808,4240,5488,-990,183,-163,-13940,-5288,5832,-505,204,-41,0
672.9198291301727,7872,7356,11644,-223,-208,162,7088,-10128,9920,10,118,-246,-13820,4160,5284,-981,171,-160,-14012,-5224,5788,-495,210,-69,0
672.9550499916077,7960,6992,11412,-187,-168,168,7052,-10060,9896,5,101,-205,-13640,4316,5420,-972,154,-120,-14164,-5332,5668,-476,174,-103,0
672.9909310340881,7972,7256,11284,-207,-181,157,7072,-10076,10044,20,140,-216,-13940,4188,5556,-969,165,-86,-13996,-5272,5876,-498,158,-98,0
673.0261099338531,8152,7352,11300,-209,-172,129,7000,-10132,9980,35,137,-203,-13912,4240,5404,-1011,138,-99,-14008,-5364,5952,-764,172,-106,0
673.0625479221344,7992,7388,11372,-180,-161,141,6956,-10148,9952,-246,134,-184,-13840,4248,5408,-1000,117,-122,-13980,-5252,5820,-507,156,-62,0
673.0980780124664,8008,7144,11508,-205,-186,130,7020,-10188,10196,-31,124,-186,-13816,4312,5384,-990,135,-80,-14156,-5236,5748,-504,168,-112,0
673.1335949897766,7736,7260,11496,-164,-150,125,7048,-10080,9872,-7,117,-205,-13872,4260,5484,-1004,120,-119,-14328,-5320,5808,-261,189,-113,0
673.1695489883423,7832,7216,11216,-148,-120,106,7076,-10116,10248,-38,145,-196,-13624,4132,5208,-959,96,-99,-14292,-5276,5724,-519,180,-123,0
673.2050471305847,8036,7080,11324,-99,-89,97,7116,-10112,9780,-49,128,-188,-13916,4284,5296,-990,106,-69,-14024,-5340,5752,-492,136,-108,0
673.2407569885254,7972,7196,11340,-101,-56,86,7008,-10108,9956,-47,162,-160,-13848,4332,5180,-983,111,-102,-14052,-5172,5692,-495,121,-148,0
673.2771179676056,7852,7124,11348,-77,-62,85,7004,-10044,9804,-52,92,-184,-13884,4224,5584,-1023,106,-129,-14024,-5356,5704,-257,137,-113,0
673.3122141361237,8004,7152,11296,-107,-97,104,6952,-10068,9912,-75,104,-180,-13832,4284,5620,-999,127,-56,-13984,-5304,5904,-491,157,-107,0
673.3481900691986,7912,7304,11516,-130,-42,118,7016,-10132,9804,-77,131,-171,-13864,4108,5152,-961,127,-56,-14088,-5180,5768,-507,80,-124,0
673.3836081027985,7892,7204,11192,-111,-10,99,6932,-10092,9812,-34,120,-141,-13832,4304,5132,-1014,111,-99,-14076,-5236,5832,-520,107,-134,0
673.4196901321411,7912,7268,11360,-115,-31,89,7020,-9996,9824,-5,122,-163,-13808,4212,5556,-974,68,-70,-14152,-5208,5916,-508,159,-169,0
673.4551820755005,7804,7236,11400,-75,-28,77,7028,-10092,9956,-66,151,-167,-13880,4300,5416,-986,62,-64,-14116,-5308,5892,-494,120,-102,0
673.4920790195465,7916,7208,11424,-114,-40,71,7064,-10048,9964,-53,135,-172,-13944,4268,5268,-974,102,-80,-14096,-5332,5780,-501,172,-164,0
673.5254139900208,7860,7256,11324,-117,-96,98,7020,-10104,9876,-56,122,-191,-14004,4232,5384,-1003,108,-81,-14260,-5264,5844,-261,159,-143,0
673.5589270591736,7932,7248,11472,-58,-63,95,7064,-10124,9920,-66,130,-143,-13880,4108,5424,-988,58,-73,-14144,-5304,5792,-492,81,-121,0
673.5924320220947,7924,7224,11484,-88,8,74,7060,-10152,9880,-54,142,-129,-13816,4220,5412,-967,41,-67,-14036,-5328,5792,-471,105,-154,0
673.6260080337524,8120,7176,11388,-113,-36,67,7116,-10104,9996,-78,143,-159,-14048,4312,5568,-966,60,-113,-14076,-5344,5740,-513,122,-149,0
673.6594650745392,7872,7264,11416,-107,-36,100,6948,-10088,9792,-39,148,-161,-13752,4272,5384,-993,89,-67,-14044,-5256,5876,-526,149,-147,0
673.6931791305542,7976,7280,11412,-107,-89,83,7068,-10164,9996,-45,112,-172,-13752,4256,5160,-968,113,-88,-14068,-5404,5844,-764,178,-115,0
673.7274050712585,7884,7260,11340,-112,-68,124,6984,-10136,9964,-59,103,-174,-13856,4248,5524,-1003,113,-63,-13960,-5348,5756,-481,165,-100,0
673.7609689235687,7892,7416,11108,-110,-76,117,7020,-10040,9900,-62,98,-148,-13820,4340,5428,-988,111,-74,-14012,-5272,6124,-501,136,-148,0
673.7945539951324,8168,7288,11120,-128,-46,115,7068,-10192,10004,-45,130,-150,-13900,4300,5544,-980,94,-52,-14064,-5148,5820,-506,167,-123,0
673.8282220363617,7864,7232,11396,-145,-51,69,7032,-10120,9924,-27,117,-192,-13856,4192,5444,-994,95,-92,-14016,-5456,5824,-522,151,-167,0
673.8616909980774,7868,7316,11212,-136,-72,83,7100,-10096,9932,-23,129,-168,-13896,4204,5252,-1020,85,-93,-14000,-5192,5804,-766,143,-150,0
673.8949251174927,7760,7252,11508,-132,-85,77,6956,-10152,9836,-84,108,-183,-13808,4248,5364,-999,84,-92,-14072,-5296,5840,-477,146,-133,0
673.9284400939941,7764,7264,11012,-131,-65,82,7072,-10068,9912,-44,141,-186,-14056,4260,5360,-995,94,-75,-13856,-5352,5820,-512,151,-132,0
673.9619071483612,7716,7300,11012,-123,-69,92,7044,-10184,9820,-57,141,-174,-13828,4312,5268,-1034,67,-66,-14296,-5136,6128,-510,154,-159,0
673.995532989502,8188,7200,11388,-116,-55,104,7032,-10120,9988,-49,156,-154,-14036,4188,5344,-991,94,-96,-13840,-5580,5876,-495,139,-149,0
674.0290970802307,8148,7276,11376,-139,-75,96,6968,-10176,9864,-75,114,-149,-13936,4168,5476,-991,81,-104,-14328,-5388,5988,-498,166,-141,0
674.0624630451202,7868,7192,11468,-105,-70,136,7044,-10172,10128,-62,98,-163,-13876,4284,5480,-1014,109,-80,-13832,-5268,5748,-494,174,-157,0
674.0960619449615,7868,7360,11020,-111,-107,103,6936,-10148,9788,-24,131,-170,-14044,4320,5484,-1001,96,-77,-14112,-5332,5960,-485,180,-158,0
674.1297249794006,7876,7224,11008,-126,-104,96,7036,-10108,9920,-54,119,-195,-13920,4240,5320,-978,126,-82,-14140,-5428,5792,-494,189,-130,0
674.1631309986115,8100,7200,11356,-128,-45,110,7068,-10088,10064,-55,141,-165,-13856,4204,5520,-987,104,-82,-14056,-5504,5972,-496,148,-103,0
674.1969130039215,7896,7172,11416,-111,-19,108,7040,-10100,9812,-76,134,-151,-13832,4372,5328,-994,113,-77,-14032,-5264,5736,-768,111,-118,0
674.2303650379181,8008,7116,11320,-147,-35,103,7140,-10224,9924,-6,139,-153,-13856,4292,5492,-771,53,-98,-13956,-5136,5660,-265,164,-137,0
674.2638599872589,7932,7316,11380,-138,-56,96,7060,-10124,9928,-29,143,-170,-13844,4280,5404,-1000,67,-59,-13976,-5404,5836,-515,156,-109,0
674.2971379756927,7864,7384,11308,-93,-58,65,7092,-10136,9872,-61,132,-168,-13832,4204,5452,-992,93,-73,-13996,-5316,5780,-504,151,-126,0
674.3307120800018,7900,6948,11424,-137,-80,100,7012,-10116,10128,-53,139,-187,-13852,4252,5296,-925,66,-129,-14232,-5304,5816,-482,162,-112,0
674.3642499446869,7928,7220,11488,-88,-45,96,7028,-10172,9824,-42,138,-149,-13916,4296,5480,-771,72,-106,-14108,-5356,5716,-518,136,-119,0
674.3974089622498,7900,7232,11400,-101,-21,87,6964,-10164,9820,-46,138,-129,-13768,4248,5480,-977,90,-39,-14092,-5412,5896,-488,102,-93,0
674.4307429790497,7896,7260,11252,-133,-12,107,6952,-10208,9676,-75,182,-161,-13840,4356,5732,-997,132,-61,-13940,-5416,5860,-478,124,-96,0
674.4641840457916,7796,7224,11380,-152,-52,119,6916,-10180,9860,-83,153,-179,-13744,4284,5500,-975,108,-116,-14272,-5240,5676,-501,161,-135,0
674.4974391460419,7912,7244,11432,-148,-92,120,6948,-10140,9864,-43,153,-196,-13608,4332,5584,-1002,148,-131,-14108,-5436,5852,-484,215,-91,0
674.534264087677,7812,7352,11272,-194,-120,128,6928,-10180,9868,-31,136,-208,-13724,4324,5352,-979,169,-131,-14008,-5332,6112,-529,203,-51,0
674.5698430538177,7864,7216,11044,-138,-118,130,6984,-10184,9800,-17,140,-215,-13840,4252,5204,-1003,151,-148,-14012,-5288,5904,-498,182,-89,0
674.6049959659576,8156,7208,11396,-169,-147,138,7032,-10140,9976,2,122,-193,-13912,4260,5436,-988,175,-130,-14024,-5200,5780,-486,177,-67,0
674.6408059597015,7916,7268,11420,-192,-147,130,7104,-10180,9748,18,154,-196,-13852,4236,5452,-999,141,-173,-14036,-5360,5816,-517,212,-102,0
674.6770780086517,7820,7348,11456,-180,-145,151,6960,-10184,9736,23,140,-208,-13796,4276,5428,-1031,136,-135,-14072,-5328,5736,-260,186,-87,0
674.7123990058899,7912,7232,11296,-189,-139,154,6952,-10112,9840,-12,159,-184,-13948,4096,5128,-1004,133,-158,-14096,-5280,5784,-499,189,-111,0
674.7487089633942,7808,7168,11388,-213,-139,136,7016,-10036,9900,12,153,-212,-13844,4196,5420,-988,152,-106,-14064,-5592,5884,-499,212,-83,0
674.7841839790344,7940,7220,11424,-208,-133,133,7044,-10156,9996,15,146,-193,-13900,4316,5392,-982,142,-162,-14048,-5252,5808,-503,173,-87,0
674.8202841281891,7848,7264,11440,-205,-143,137,6964,-10100,9892,33,147,-209,-13892,4156,5416,-978,152,-140,-14288,-5544,5840,-511,211,-80,0
674.8556790351868,8020,7244,11216,-197,-141,148,7020,-10044,9888,37,155,-214,-13880,4156,5540,-1014,158,-136,-14064,-5316,5688,-473,186,-76,0
674.8907480239868,7900,7300,11384,-178,-168,144,7016,-10104,9936,14,148,-205,-13832,4220,5308,-985,149,-123,-14332,-5572,5724,-478,183,-85,0
674.9274799823761,7924,7372,11308,-197,-167,172,6932,-10120,9824,7,146,-179,-13936,4220,5364,-990,157,-129,-14016,-5264,5852,-498,174,-78,0
674.9626169204712,7864,7184,11272,-195,-150,158,6976,-10148,9828,16,143,-173,-13920,4148,5268,-997,152,-126,-14084,-5252,5784,-495,189,-66,0
674.9985420703888,7844,7252,11364,-212,-144,154,6960,-10092,9852,18,153,-197,-13884,4308,5616,-985,148,-151,-14040,-5372,6052,-487,195,-68,0
675.0337800979614,7988,7120,11164,-194,-183,177,6932,-10132,9820,6,150,-201,-13604,4260,5420,-979,160,-99,-14072,-5364,5856,-503,169,-80,0
675.0690469741821,7916,7184,11344,-171,-139,170,7084,-10100,9892,-11,181,-133,-13928,4268,5340,-983,176,-107,-13988,-5608,5836,-483,150,-82,0
675.1041359901428,7992,7204,11424,-187,-150,157,6892,-10252,9736,63,154,-178,-13952,4196,5224,-1016,107,-126,-14016,-5132,5712,-507,200,-91,0
675.1392869949341,7700,7276,11320,-205,-175,119,6960,-10028,9988,17,167,-194,-13936,4220,5596,-980,134,-93,-13828,-5276,5872,-488,181,-80,0
675.1756489276886,7956,7224,11108,-173,-119,105,6704,-10180,9820,11,179,-183,-13940,4260,5332,-970,133,-140,-14092,-5232,5784,-486,183,-98,0
675.2092981338501,7712,7208,11360,-220,-170,144,7064,-10072,10048,35,158,-205,-13924,4252,5388,-993,153,-137,-14104,-5152,5840,-501,211,-111,0
675.2429020404816,7976,7384,11348,-154,-100,146,6900,-9812,9908,54,235,-195,-13944,4192,5232,-1000,85,-100,-13852,-5172,5680,-488,129,-111,0
675.2766699790955,7840,7252,11276,-156,-96,122,7096,-9992,10016,-24,150,-154,-13804,4288,5360,-1003,83,-69,-14048,-5196,5636,-488,112,-111,0
675.310301065445,7864,7212,11256,-189,-82,98,6908,-10092,9976,-8,130,-185,-13700,4188,5584,-974,65,-100,-13960,-5248,5712,-498,167,-135,0
675.3438069820404,7916,7164,11272,-106,-118,120,7004,-10132,9888,-43,134,-212,-13660,4176,5336,-1007,84,-100,-14080,-5312,5812,-512,171,-111,0
675.3773980140686,7968,7236,11324,-121,-69,114,6964,-10100,9728,-59,104,-206,-13928,4208,5472,-1009,107,-86,-14080,-5328,5664,-496,159,-111,0
675.4106221199036,7900,7128,11296,-158,-100,112,6932,-10060,9892,-68,112,-193,-13904,4184,5212,-978,134,-72,-14088,-5228,5784,-479,126,-137,0
675.4443960189819,7956,7200,11368,-117,-65,112,7156,-10132,9904,-76,103,-171,-13936,4220,5244,-975,130,-100,-14208,-5328,5772,-480,128,-128,0
675.477970123291,7936,7180,11440,-136,-53,139,7012,-10184,10108,-58,117,-158,-13948,4180,5544,-981,129,-90,-14048,-5272,5700,-473,140,-130,0
675.5116789340973,8020,7112,11400,-125,-40,101,7036,-10020,9964,-66,147,-174,-13928,4200,5212,-1033,69,-36,-14052,-5360,5780,-491,150,-144,0
675.5447299480438,8032,7196,11320,-102,-35,68,7164,-10052,9856,-40,117,-173,-13800,4372,5572,-1004,84,-66,-14012,-5260,5848,-507,126,-137,0
675.5781750679016,7980,7184,11572,-108,-35,84,7024,-10112,9824,-93,124,-170,-13932,4272,5432,-991,103,-80,-13904,-5372,5928,-257,128,-145,0
675.6118450164795,7872,7196,11400,-107,-62,78,7056,-10124,10012,-79,126,-176,-13608,4096,5352,-963,108,-108,-14124,-5232,5744,-471,162,-140,0
675.6451089382172,7880,7168,11392,-112,-68,90,6924,-10156,9796,-72,128,-176,-13976,4356,5384,-956,105,-75,-14060,-5428,5784,-486,148,-134,0
675.6787469387054,7956,7140,11424,-79,-25,116,7012,-10172,9824,-59,122,-186,-13860,4244,5480,-983,112,-43,-14048,-5340,5772,-498,142,-89,0
675.71235704422,7960,7236,11480,-111,-86,105,7020,-10112,9888,-61,116,-166,-13804,4172,5444,-990,126,-106,-13980,-5324,5792,-493,152,-100,0
675.745768070221,7820,7072,11292,-124,-91,112,6980,-10164,9912,-59,100,-179,-13852,4196,5544,-963,87,-115,-14036,-5552,5720,-505,167,-107,0
675.779482126236,7932,7188,11064,-128,-65,109,7004,-10188,9908,-44,139,-189,-13948,4160,5364,-967,115,-151,-14032,-5328,5888,-501,161,-118,0
675.813157081604,7684,7268,11244,-133,-84,104,6992,-10120,9956,-52,131,-179,-13836,4148,5244,-994,121,-134,-14008,-5328,5812,-494,180,-108,0
675.846596956253,8132,7196,11380,-114,-56,109,7004,-10140,9964,-93,148,-165,-13928,4268,5420,-970,100,-58,-13892,-5272,5816,-479,119,-124,0
675.88005900383,7688,7128,11320,-105,-34,79,7056,-10056,9972,-35,112,-169,-14004,4168,5164,-1042,88,-74,-14000,-5320,5748,-496,130,-147,0
675.9135251045227,7776,7172,11508,-149,-43,77,7072,-10124,9836,-10,144,-148,-13932,4228,5608,-1006,47,-54,-14000,-5404,5936,-489,153,-166,0
675.9472589492798,8184,7256,11300,-93,-8,65,6996,-10116,9908,-45,175,-136,-13916,4272,5404,-998,45,-62,-14180,-5340,5920,-499,139,-116,0
675.9807689189911,7872,7232,11316,-143,-45,74,6988,-10108,9876,-50,116,-195,-13884,4276,5156,-970,85,-98,-14160,-5248,5872,-462,163,-131,0
676.0143909454346,7744,7244,11112,-141,-82,137,6984,-10168,9960,-36,148,-188,-13796,4292,5504,-959,85,-77,-14244,-5252,5984,-482,169,-135,0
676.0476870536804,7884,7240,11464,-88,-42,91,7028,-10104,9744,-38,132,-142,-13952,4304,5288,-995,76,-49,-14048,-5456,5952,-504,94,-164,0
676.0809760093689,7920,7192,11408,-118,-29,81,6952,-10180,9964,-17,141,-152,-13860,4332,5316,-984,58,-56,-14084,-5320,5796,-498,94,-140,0
676.1144869327545,7832,7292,11328,-152,-39,107,6956,-10128,9892,-35,153,-148,-13920,4264,5360,-1008,76,-107,-14116,-5284,5944,-488,147,-140,0
676.1476709842682,7872,7224,11312,-160,-53,119,6656,-10096,9840,-53,145,-171,-13844,4232,5468,-1011,99,-44,-14200,-5364,5736,-519,144,-133,0
676.1811339855194,7916,7160,11220,-122,-66,94,6968,-10120,9992,-37,106,-173,-13932,4244,5316,-989,99,-82,-14068,-5204,5840,-508,177,-121,0
676.2191240787506,7824,7208,11064,-167,-83,102,6736,-10172,9916,-52,99,-176,-13876,4308,5372,-982,94,-80,-14004,-5324,5476,-497,143,-98,0
676.2539191246033,7928,7364,11468,-113,-74,109,7084,-10076,9956,-40,113,-169,-13896,4292,5432,-986,117,-77,-14056,-5180,5632,-484,137,-124,0
676.2899789810181,7860,7244,11388,-159,-60,104,6992,-10116,10004,-58,153,-180,-13868,4128,5276,-998,85,-84,-13848,-5272,5756,-478,150,-128,0
676.3249509334564,7896,7228,11508,-128,-61,95,7016,-10196,9816,-35,130,-179,-13932,4220,5340,-1012,93,-72,-14132,-5328,5912,-470,149,-151,0
676.3604321479797,7876,7308,11320,-111,-64,104,7008,-10076,10068,-64,126,-151,-13980,4340,5164,-999,94,-59,-14164,-5552,5912,-481,102,-123,0
676.3955171108246,7692,7372,11360,-136,-41,77,7056,-10424,9728,-77,141,-170,-14076,4276,5384,-975,58,-95,-13948,-5240,5836,-488,131,-156,0
676.4311990737915,7872,7172,11324,-147,-17,96,6936,-10188,9772,-22,136,-169,-13608,4212,5380,-933,52,-125,-14240,-5396,5644,-479,156,-140,0
676.4670889377594,7936,7248,11132,-130,-59,111,6956,-10112,10152,-73,101,-186,-14052,4152,5588,-1000,129,-111,-14264,-5300,5844,-517,161,-111,0
676.5022709369659,7808,7288,11396,-70,-67,119,7028,-10152,9900,-74,107,-176,-13924,4240,5400,-973,94,-87,-13832,-5280,5856,-257,146,-108,0
676.5374779701233,7820,7404,11340,-139,-101,113,6872,-10164,9904,-64,107,-174,-13904,4236,5248,-989,81,-100,-14048,-5328,5712,-484,161,-124,0
676.5731589794159,7892,7208,11084,-83,-72,106,6960,-10088,9916,-65,112,-180,-13860,4292,5404,-1009,80,-79,-14116,-5352,5864,-489,158,-164,0
676.6087551116943,7884,7236,11412,-89,-58,120,7000,-10120,9848,-65,137,-162,-13592,4108,5136,-988,92,-80,-14140,-5240,5852,-478,109,-107,0
676.6437571048737,7756,7196,11520,-111,-89,90,6988,-10104,9876,-43,130,-190,-13860,4264,5260,-964,93,-92,-14192,-5276,5904,-464,132,-117,0
676.6791870594025,7860,7336,11476,-112,-45,95,6968,-10176,9952,-59,121,-179,-13804,4356,5532,-1007,118,-95,-14072,-5416,5768,-497,150,-129,0
676.7143940925598,7872,7212,11432,-142,-39,98,7108,-10104,9788,-69,136,-155,-13948,4192,5316,-1002,105,-55,-14080,-5288,5808,-515,139,-102,0
676.7497389316559,7796,7292,11316,-126,-61,124,7004,-10112,9828,-54,139,-148,-13852,4212,5364,-988,98,-89,-13836,-5292,5636,-492,162,-138,0
676.784942150116,7900,7220,11348,-170,-61,119,7048,-10192,9840,-23,294,-180,-13920,4452,5336,-1071,92,-99,-14004,-5580,5756,-262,165,-110,0
676.82093501091,7860,7192,11480,-192,-83,131,6972,-10252,9884,-17,154,-199,-13876,4532,5476,-988,134,-121,-14048,-5388,6112,-493,224,-43,0
676.8572399616241,7888,7288,11400,-161,-130,115,6980,-10180,10136,-3,138,-197,-14076,4320,5584,-988,139,-132,-14048,-5572,6040,-487,229,-100,0
676.8905410766602,7832,7264,11356,-172,-138,128,7164,-10216,9884,10,175,-231,-13808,4328,5312,-993,128,-111,-14072,-5220,6012,-501,176,-106,0
676.9242401123047,7744,7228,11392,-237,-145,141,7016,-10144,9828,50,176,-217,-13896,4192,5456,-995,106,-121,-14064,-5348,5844,-257,201,-99,0
676.9577281475067,7900,7292,11396,-179,-127,156,6868,-10128,9880,-252,147,-185,-13896,4212,5384,-955,100,-116,-14144,-5348,5652,-477,159,-112,0
676.9908909797668,7896,7240,11472,-214,-152,137,6944,-10016,9860,-34,154,-202,-13872,4236,5512,-952,138,-144,-13968,-5128,5864,-473,191,-83,0
677.0244569778442,7900,7180,11336,-218,-156,168,6968,-10132,9880,29,174,-191,-13936,4304,5428,-988,162,-139,-14280,-5332,5820,-259,204,-84,0
677.0579359531403,7956,7200,11272,-168,-186,158,7056,-10088,9776,23,161,-196,-13900,4256,5300,-988,143,-86,-14144,-5300,5772,-473,168,-102,0
677.0912840366364,7996,7236,11400,-183,-126,168,6960,-10060,9840,28,146,-181,-13816,4128,5120,-976,138,-84,-14108,-5408,5708,-480,155,-69,0
677.125030040741,7892,7216,11332,-195,-127,136,7048,-10084,9792,2,177,-169,-13784,4192,5408,-1010,125,-151,-14012,-5340,5712,-481,167,-70,0
677.1582510471344,7968,7168,11284,-223,-171,141,7044,-10132,9940,38,164,-187,-13592,4164,5492,-993,134,-145,-13976,-5304,5868,-477,180,-97,0
677.1917729377747,8140,7216,11464,-209,-146,147,6924,-10216,9980,28,159,-215,-13580,4184,5452,-990,146,-127,-14040,-5300,5640,-431,166,-59,0
677.2250230312347,7904,7236,11492,-207,-183,137,6952,-10060,9752,34,122,-207,-13820,4292,5240,-983,131,-118,-13884,-5292,5840,-426,188,-71,0
677.2584099769592,7892,7108,11332,-215,-137,166,7068,-10148,9932,33,137,-208,-13644,4180,5136,-1000,147,-119,-14088,-5300,5808,-442,201,-69,0
677.2919690608978,8144,7112,11440,-204,-155,142,7000,-10064,9752,17,126,-198,-13764,4224,5204,-1008,130,-160,-13936,-5344,5836,-423,169,-33,0
677.3255391120911,7796,7224,11332,-216,-169,163,7020,-10152,9936,2,146,-204,-13876,4244,5444,-999,175,-87,-14108,-5308,6136,-399,184,-52,0
677.3588309288025,7968,7132,11368,-224,-170,169,6960,-10172,9932,15,140,-204,-13880,4260,5428,-775,130,-99,-14092,-5316,5760,-413,175,-77,0
677.3922131061554,8032,7404,11432,-217,-132,159,6988,-10108,10064,40,151,-185,-13860,4304,5564,-1042,131,-113,-14100,-5328,5772,-406,150,-76,0
677.4254641532898,7872,7072,11236,-197,-142,149,6700,-10108,9748,27,75,-178,-13864,4236,5256,-1063,141,-171,-13844,-5228,5840,-429,140,-60,0
677.4589700698853,7936,7152,11260,-181,-131,124,6948,-10056,9924,36,168,-158,-13936,4200,5436,-1032,174,-153,-14008,-5228,5844,-403,183,-67,0
677.4925360679626,7852,7184,11308,-220,-158,145,6996,-10040,10228,36,117,-221,-13844,4148,5392,-1019,183,-126,-13836,-5208,5852,-390,185,-43,0
677.5261380672455,7896,7020,11516,-243,-182,170,7100,-10064,9984,12,143,-191,-13932,4196,5228,-960,242,-126,-14160,-5244,5648,-377,179,-56,0
677.5594730377197,8036,7156,11140,-204,-134,141,6980,-9992,9948,60,165,-169,-13896,4144,5300,-1060,223,-127,-14132,-5260,5808,-391,169,-88,0
677.5955619812012,7988,7136,11468,-249,-121,119,6952,-10068,10120,78,137,-162,-13896,4148,5224,-1276,173,-133,-14060,-5296,5848,-463,180,-133,0
677.6296210289001,7920,7208,11372,-161,-143,112,6944,-10112,9916,-7,147,-163,-13912,4256,5216,-1018,169,-103,-14012,-5288,5796,-417,157,-97,0
677.6629641056061,7944,7240,11312,-173,-83,113,7156,-10096,10032,-23,125,-186,-13940,4288,5320,-1033,181,-86,-14032,-5244,5748,-373,240,-119,0
677.6966581344604,7996,7028,11396,-158,-88,104,7044,-10092,9796,-39,139,-167,-14008,4316,5284,-1026,130,-58,-14036,-5128,5780,-414,209,-110,0
677.7302749156952,7976,7132,11192,-69,31,86,6992,-9764,9864,-86,149,-121,-13924,4224,5348,-1036,80,-12,-14100,-5160,5780,-444,144,-134,0
677.763680934906,8092,6928,11464,-132,33,83,6960,-10148,9888,-81,145,-145,-13948,4164,5276,-1069,85,-49,-14068,-5220,5824,-465,165,-127,0
677.7974269390106,7692,7172,11708,-145,234,97,6948,-10128,9904,-52,143,-173,-13852,4168,5136,-1016,135,-109,-14084,-5268,5788,-496,192,-120,0
677.8311431407928,7712,7136,11388,-107,-12,103,6924,-10064,9832,-34,133,-192,-13892,4232,5360,-1044,126,-131,-14152,-5124,5664,-501,193,-145,0
677.864217042923,7920,6920,11552,-142,-41,107,6972,-10124,9900,-55,121,-210,-13892,4292,5352,-981,115,-94,-14076,-5164,5724,-488,215,-131,0
677.9014749526978,7944,7168,11388,-135,-44,98,7052,-10032,10100,-57,108,-183,-13916,4248,5360,-973,105,-43,-14100,-5260,5900,-516,188,-119,0
677.9376051425934,7860,7152,11152,-133,-40,103,7000,-10092,9952,-49,152,-159,-13964,4264,5396,-964,84,-97,-14040,-5300,5888,-524,164,-124,0
677.9727160930634,7788,7116,11380,-123,-13,101,7012,-10076,9940,-41,112,-177,-13924,4100,5232,-1007,119,-51,-14108,-5352,5840,-541,187,-144,0
678.0082430839539,7896,7140,11464,-142,-47,112,7036,-10004,9788,-44,123,-172,-13892,4080,5372,-986,83,-60,-14220,-5320,5676,-553,190,-136,0
678.0440521240234,7912,7208,11372,-144,-36,113,7016,-10228,10120,-92,93,-189,-14068,4220,5368,-925,90,-65,-14152,-5244,5992,-532,173,-110,0
678.0801749229431,8036,7128,11368,-150,-25,88,7064,-10044,9860,-60,131,-181,-13956,4384,5568,-934,60,-67,-14108,-5200,5716,-574,160,-180,0
678.1154501438141,7700,7176,11276,-147,-16,108,7016,-10092,9968,-32,119,-153,-13912,4256,5228,-958,29,-77,-14160,-5212,5712,-566,195,-157,0
678.1507999897003,7884,7212,11332,-115,-55,111,7000,-10032,9784,-74,140,-177,-13828,4232,5396,-924,86,-46,-14320,-5172,5740,-545,168,-177,0
678.186154127121,7888,7144,11308,-109,-10,71,6948,-10128,9804,-48,137,-164,-13936,4256,5392,-938,81,-71,-14180,-5220,5832,-545,180,-130,0
678.2218091487885,8076,7128,11472,-132,-51,117,7056,-10136,10048,-57,140,-189,-13960,4232,5328,-937,66,-76,-14132,-5240,5800,-551,160,-158,0
678.2580931186676,8004,7368,11420,-94,-17,81,7016,-10116,10064,-54,128,-148,-13984,4192,5260,-950,38,-55,-14092,-5336,5796,-559,139,-136,0
678.2932410240173,7900,7184,11268,-128,-8,78,6876,-10052,9840,-104,118,-102,-13916,4348,5368,-944,55,-69,-14188,-5236,5812,-564,120,-143,0
678.3288509845734,7896,7152,11392,-147,-24,87,7088,-10120,10120,-69,150,-154,-13864,4256,5448,-975,45,-60,-14000,-5272,5720,-563,146,-167,0
678.3641939163208,7788,7160,11324,-117,-38,79,6916,-10144,9848,-76,154,-171,-13820,4312,5228,-967,91,-60,-13856,-5268,5864,-555,128,-115,0
678.3996300697327,7844,7180,11256,-166,-115,81,6960,-10160,9916,-74,143,-180,-13860,4344,5500,-958,99,-35,-13972,-5288,5808,-536,132,-128,0
678.4350030422211,7692,7380,11688,-145,-115,110,6860,-10164,9812,-43,133,-189,-13952,4208,5296,-959,109,-61,-14184,-5292,5688,-493,156,-86,0
678.4706790447235,7916,7028,11268,-138,-111,85,7056,-10156,9868,-86,144,-178,-14004,4268,5436,-994,113,-67,-14116,-5256,5780,-390,238,-125,0
678.5054969787598,7908,7236,11284,-168,-70,83,6964,-10132,9824,-71,214,-166,-13896,4300,5368,-969,96,-71,-13944,-5312,5756,-433,259,-137,0
678.5416879653931,7808,7096,11360,-186,-56,55,6984,-10168,10176,-96,2,-175,-13716,4244,5276,-980,107,-70,-14200,-5316,5764,-425,302,-106,0
678.5749671459198,7928,7140,11348,-210,-76,56,7060,-10112,9772,-121,247,-147,-13828,4292,5244,-1015,125,-59,-14232,-5332,5792,-445,244,-96,0
678.6086089611053,7860,7132,11396,-215,-62,71,6948,-10112,9836,-110,183,-148,-13844,4164,5236,-983,185,-81,-14092,-5360,5740,-470,212,-75,0
678.6417999267578,7852,7096,11484,-173,-52,68,6944,-10220,10140,-91,186,-151,-13892,4172,5276,-996,177,-85,-14192,-5572,5720,-490,171,-87,0
678.675332069397,7852,7080,11472,-130,-57,96,7028,-10084,9940,-56,115,-187,-13828,4220,5188,-981,59,-52,-14008,-5132,5688,-555,25,-116,0
678.7087471485138,7848,7184,11448,-78,-88,109,6976,-10136,9900,-54,69,-193,-13956,4260,5196,-952,63,-29,-14132,-5300,5820,-564,71,-140,0
678.742201089859,8084,7140,11552,-93,-99,106,6876,-10144,9864,-20,94,-175,-13984,4284,5552,-964,78,-74,-14200,-5312,5660,-527,70,-137,0
678.7756760120392,7924,7264,11308,-92,-62,101,6948,-10132,9948,-39,103,-189,-13900,4284,5624,-964,72,-74,-14068,-5220,5696,-535,58,-133,0
678.8091881275177,7880,7144,11116,-111,-43,113,6892,-10144,9848,-56,160,-162,-13888,4308,5368,-934,86,-61,-14140,-5260,5752,-545,115,-139,0
678.842677116394,7704,7212,11456,-130,-32,96,6992,-10412,9912,-33,160,-165,-13836,4324,5284,-944,103,-50,-14156,-5272,5880,-526,81,-122,0
678.8762500286102,7932,7140,11236,-126,-75,108,6980,-10160,9864,-57,115,-172,-13864,4252,5356,-942,132,-70,-14040,-5212,5808,-528,154,-87,0
678.9093239307404,7776,6944,11336,-140,-79,109,6888,-9992,9916,-43,137,-202,-13868,4360,5248,-925,123,-155,-14052,-5216,5840,-766,191,-93,0
678.9427709579468,7832,7132,11436,-168,-102,137,6984,-10172,9852,-8,171,-208,-13924,4112,5252,-919,175,-133,-14136,-5216,5720,-764,157,-85,0
678.9760849475861,7900,7192,11496,-177,-105,123,7020,-10060,9976,-20,62,-219,-13960,4348,5600,-960,160,-84,-14040,-5568,5852,-480,160,-30,0
679.0097360610962,7924,7212,11420,-190,-129,155,6996,-10228,10080,-40,164,-178,-13912,4384,5428,-941,159,-108,-14068,-5204,5784,-515,173,-68,0
679.0434010028839,7760,7352,11476,-222,-151,159,6968,-10052,9964,11,156,-221,-14068,4156,5184,-1018,205,-151,-14156,-5328,5880,-257,155,-75,0
679.0771009922028,8160,7384,11504,-221,-132,154,6672,-10128,9956,-11,191,-204,-14056,4092,5464,-971,193,-116,-13828,-5264,5668,-485,148,-32,3
679.110279083252,7788,7168,11472,-214,-147,175,7024,-10196,9868,25,52,-216,-13916,4276,5352,-975,178,-140,-14076,-5300,5668,-470,179,-53,3
679.1434030532837,7884,7124,11424,-217,-170,158,6824,-10144,9732,22,35,-6,-13868,4164,5348,-957,176,-127,-14132,-5320,5884,-480,186,-62,3
679.1769649982452,7948,7204,11428,-243,-180,138,6676,-10112,9756,-10,63,-249,-14020,4212,5592,-965,179,-64,-14192,-5200,5756,-431,115,-65,3
679.2104699611664,8080,7040,11540,-184,-149,131,6960,-10200,9736,26,107,-176,-13900,4228,5468,-1044,150,-113,-14272,-4940,5708,-453,117,-79,3
679.2441091537476,7968,7184,11600,-226,-184,150,6984,-10068,9848,45,114,-183,-13904,4212,5284,-1054,106,-117,-14152,-5612,5636,-483,155,-110,3
679.2776460647583,7904,7188,11444,-173,-158,119,6920,-10104,9840,22,186,-162,-14044,4276,5340,-1000,110,-93,-13828,-5340,5684,-450,109,-95,3
679.311047077179,7892,7176,11488,-171,-123,126,6972,-9996,9896,23,193,-184,-13892,4288,5524,-1062,115,-93,-13916,-5376,5644,-493,186,-100,3
679.3445069789886,7844,7052,11432,-168,-139,146,7032,-10036,9784,35,109,-158,-13892,4208,5332,-1039,114,-106,-14332,-5264,5700,-492,156,-90,3
679.3781399726868,7948,7104,11344,-118,-136,132,7016,-10052,9792,22,177,-141,-13924,4300,5448,-1072,66,-97,-13988,-5328,5780,-475,99,-124,0
679.4115629196167,7868,7100,11424,-128,-83,110,6920,-10176,9872,3,146,-150,-13804,4304,5244,-1054,94,-122,-14056,-5244,5716,-468,126,-94,0
679.4453229904175,7824,6920,11332,-150,-116,132,6816,-10032,10192,8,133,-175,-13912,4320,5552,-1042,134,-160,-14052,-5348,5712,-484,180,-60,0
679.4787819385529,7884,7168,11384,-118,-74,123,6880,-9996,9852,-6,105,-211,-13856,4200,5172,-1089,180,-124,-14156,-5228,5808,-454,180,-46,0
679.5123009681702,7948,7068,11344,-153,-155,155,6972,-10180,9984,6,89,-212,-13948,4128,5232,-1056,200,-85,-14068,-5240,5856,-439,168,-48,0
679.5453290939331,7688,7068,11384,-165,-142,169,7040,-10136,9808,-20,86,-213,-13876,4152,5316,-1270,167,-109,-14088,-5212,5780,-444,163,-63,0
679.5835790634155,7692,7400,11420,-186,-140,174,7128,-10128,9936,6,116,-186,-13976,4220,5340,-1009,139,-119,-14144,-5188,5768,-472,157,-88,0
679.6191771030426,7972,7132,11224,-159,-134,135,7012,-10188,9768,32,134,-177,-13996,4188,4892,-1068,133,-179,-14176,-5304,5700,-479,176,-72,0
679.654932975769,7932,7104,11268,-156,-137,125,6952,-10076,9748,30,136,-220,-13900,4252,5312,-1044,102,-74,-14124,-5224,5508,-482,152,-95,0
679.6906409263611,7932,7172,11324,-125,-113,122,6936,-10100,9892,-30,125,-200,-13900,4312,5300,-1015,118,-135,-14100,-5320,5752,-472,139,-99,0
679.7261309623718,7948,7100,11436,-134,-124,102,7056,-10096,9840,-64,120,-198,-13832,4284,5328,-1005,86,-106,-14288,-5296,5780,-460,141,-127,0
679.7622640132904,7968,7040,11416,-130,-110,113,6868,-10128,9832,-43,141,-160,-14040,4272,5360,-987,72,-85,-14244,-5144,5688,-472,144,-153,0
679.7983329296112,7952,7044,11408,-110,-62,89,7040,-10056,10168,-49,140,-136,-14044,4160,5272,-1000,76,-47,-14072,-5244,5592,-489,121,-165,0
679.8334131240845,7964,7184,11440,-90,-50,86,6696,-10056,9928,-73,90,-163,-13880,4224,5220,-1014,113,-85,-14312,-5288,5788,-511,160,-118,0
679.8696551322937,7988,7168,11232,-99,-33,97,6924,-10076,9928,-82,106,-185,-13956,4116,5252,-1002,95,-78,-14144,-5196,5712,-503,179,-112,0
679.904529094696,8148,7352,11412,-116,-67,112,6952,-10088,9972,-78,110,-196,-13860,4228,5324,-986,101,-100,-13836,-5228,5660,-492,124,-151,0
679.9402599334717,8112,7112,11100,-84,-69,106,7068,-10096,9884,-69,133,-187,-13944,4304,5344,-1001,64,-26,-14084,-5256,5752,-524,99,-129,0
679.9753370285034,7968,7128,11732,-95,-29,114,7060,-10004,9840,-29,111,-146,-13900,4192,5340,-1029,60,-103,-14112,-5260,5768,-257,107,-149,0
680.0108449459076,7688,7240,11276,-101,-72,82,6936,-10056,9972,-76,124,-150,-13940,4208,5296,-972,55,-30,-14120,-5280,5800,-264,105,-153,0
680.0461349487305,7940,7028,11288,-80,240,63,7000,-10120,10036,-90,134,-147,-14076,4220,5164,-873,-24,-120,-14140,-5160,5704,-493,130,-115,0
680.081787109375,7872,7140,11740,-156,-103,79,7092,-10124,9988,-72,106,-172,-13952,4344,5196,-969,62,-53,-14168,-5336,5776,-509,134,-123,0
680.1178851127625,7852,7044,11408,-72,-26,96,6996,-10164,9888,-57,98,-166,-13932,4308,5204,-996,55,-43,-14084,-5312,5808,-524,87,-154,0
680.152302980423,7956,7212,11308,-104,-50,93,6656,-10080,9476,-74,162,-98,-13776,4260,5132,-990,30,-22,-14100,-5212,5892,-520,108,-156,0
680.187402009964,7820,6956,11744,-75,-36,66,6952,-10164,10160,-69,128,-156,-13860,4340,5284,-993,41,-68,-14048,-5304,5696,-522,98,-182,0
680.2229671478271,7692,7412,11304,-78,-61,77,6964,-10096,10008,-54,124,-175,-13820,4224,5140,-1021,54,-90,-14248,-5260,6092,-547,126,-162,0
680.2565040588379,7728,6984,11276,-105,-68,102,6740,-10168,9952,-45,102,-197,-13944,4216,5304,-1001,94,-90,-14140,-5276,5872,-509,174,-123,0
680.2900199890137,7884,6920,11384,-107,-58,113,6832,-10188,9940,-41,87,-208,-13952,4272,5200,-994,95,-81,-13964,-5260,5640,-540,161,-146,0
680.3236501216888,7920,7068,11356,-119,-52,136,7056,-10180,9940,-58,112,-194,-13960,4284,5292,-978,100,-93,-14028,-5228,5768,-513,140,-143,0
680.3573100566864,7936,7092,11276,-123,-71,111,7036,-10088,9884,-43,119,-175,-13880,4236,5364,-1016,68,-81,-14292,-5268,5808,-511,138,-168,0
680.3903160095215,7872,7408,11380,-93,-69,83,6952,-10072,9932,-32,155,-181,-13972,4220,5144,-1007,47,-69,-14120,-5268,5656,-527,140,-163,0
680.4238369464874,7860,6968,11400,-132,-60,95,6988,-9996,9892,-46,110,-162,-13944,4332,5480,-1017,59,-78,-14080,-5192,5808,-533,141,-158,0
680.4573910236359,7856,7412,11424,-112,-50,66,7128,-10484,9860,-51,149,-144,-13880,4356,5252,-968,69,-75,-14076,-5232,5836,-517,131,-141,0
680.4910321235657,7848,7236,11376,-112,-70,84,6968,-10232,9912,-66,138,-184,-13844,4296,5320,-988,64,-54,-14268,-5320,5844,-504,112,-145,0
680.524652004242,7928,7264,11412,-123,-47,113,6716,-10168,9960,-54,101,-175,-13860,4400,5476,-774,71,-50,-13960,-5312,5760,-551,120,-141,0
680.5580761432648,7884,7256,11260,-117,-40,120,7056,-10092,9916,-30,111,-144,-13868,4384,5296,-1008,54,-93,-13900,-5260,5776,-536,137,-164,0
680.5914061069489,7912,7144,11432,-100,-67,118,6980,-10188,9856,-53,136,-180,-13864,4336,5352,-1015,51,-107,-14336,-5304,5680,-532,159,-124,0
680.62491106987,7780,7404,11336,-136,-70,102,7052,-10096,9848,-66,122,-213,-13976,4228,5276,-1001,99,-58,-14064,-5344,6124,-472,154,-150,0
680.6581060886383,7920,7408,11424,-104,-77,120,7024,-10132,9968,-77,120,-173,-13772,4356,5300,-1004,87,-36,-13860,-5196,5868,-767,95,-119,0
680.6917469501495,7748,7212,11372,-141,-61,77,6980,-10024,9920,-13,121,-149,-13944,4264,5276,-1031,47,-62,-14172,-5256,5788,-537,150,-145,0
680.7255120277405,7844,7200,11472,-130,-59,80,6988,-10076,9908,-33,116,-156,-13924,4320,5480,-866,15,-59,-14040,-5396,5852,-524,142,-147,0
680.7590861320496,7872,7308,11448,-95,-24,97,6936,-10124,9932,-65,113,-151,-13920,4200,5228,-1012,42,-91,-14128,-5340,5648,-514,114,-154,0
680.7923300266266,7848,7124,11488,-142,-57,96,6744,-10196,9756,14,101,-170,-13780,4236,5340,-967,39,-86,-14072,-5268,5816,-257,140,-152,0
680.8258049488068,7884,6924,11148,-99,-81,101,6984,-10180,9860,-41,91,-166,-13916,4344,5260,-1004,46,-18,-13872,-5248,5956,-546,149,-148,0
680.859071969986,7844,7404,11404,-62,-62,104,7040,-10104,9876,-49,100,-136,-13876,4192,5476,-1006,26,-76,-14064,-5316,5832,-561,85,-121,0
680.8925170898438,7772,7236,11452,-84,-256,118,6992,-10164,9788,-68,118,-186,-13732,4192,5396,-996,30,-80,-14048,-5276,5712,-521,132,-141,0
680.9260649681091,7848,7372,11512,-123,-40,75,6944,-10148,9860,-70,132,-173,-13808,4244,5264,-995,61,-111,-14092,-5388,5740,-534,151,-143,0
680.9596419334412,8068,7272,11396,-95,-65,82,6932,-10088,10020,-49,134,-163,-13820,4296,5280,-1013,60,-76,-14172,-5400,5808,-519,154,-94,0
680.9929461479187,7872,6932,11380,-96,-100,89,7028,-10168,9956,-52,136,-161,-13884,4256,5344,-969,95,-63,-14064,-5292,5836,-766,151,-147,0
681.0265779495239,7908,7236,11392,-95,-37,116,6988,-10060,9788,-34,134,-170,-13820,4324,5404,-1002,159,-77,-14020,-5372,5708,-521,185,-122,0
681.0598890781403,7844,7368,11276,-114,-76,127,6944,-10160,9928,-10,139,-167,-13960,4276,5472,-993,141,-129,-14128,-5304,5884,-525,168,-88,0
681.0935530662537,7916,7288,11316,-115,-58,133,7072,-10136,9948,-24,157,-190,-13856,4332,5232,-990,141,-101,-14080,-5364,5840,-519,174,-99,0
681.1271510124207,7744,7400,11264,-147,-94,145,6972,-10180,9760,-28,145,-193,-13824,4308,5508,-998,135,-114,-14036,-5304,5800,-762,181,-101,0
681.1602671146393,7836,7240,11432,-168,-117,139,6992,-10228,9740,255,161,-196,-14008,4320,5432,-1009,139,-132,-13952,-5508,5772,-527,192,-87,0
681.1936011314392,7852,7308,11368,-180,-168,124,6936,-10104,9844,-36,159,-210,-13780,4300,5344,-949,88,-136,-14052,-5236,5736,-513,171,-79,0
681.2296800613403,7844,6964,11360,-187,-101,133,6748,-10204,9900,13,123,-214,-13808,4292,4964,-980,132,-147,-14084,-5316,5860,-521,161,-85,0
681.2644829750061,7844,7216,11272,-186,-124,145,6988,-10180,9940,20,141,-195,-13840,4272,5308,-984,97,-177,-14068,-5620,6092,-517,178,-77,0
681.3003151416779,7736,7244,11408,-217,-129,136,7056,-10176,9952,30,187,-216,-13952,4216,5324,-975,121,-162,-14268,-5316,5876,-522,194,-107,0
681.3355720043182,7804,7228,11340,-186,-171,138,7080,-10236,9972,39,173,-207,-13784,4164,5316,-993,125,-146,-14128,-5320,5832,-518,222,-101,0
681.370913028717,7780,7232,11256,-218,-186,160,7036,-10144,9924,7,166,-200,-13888,4272,5368,-974,119,-142,-14064,-5332,5836,-532,177,-90,0
681.4061110019684,7792,7132,11324,-173,-159,155,7104,-10144,9796,40,161,-212,-13888,4204,5352,-1000,126,-149,-14068,-5336,5820,-525,170,-82,0
681.4416060447693,7708,7196,11228,-220,-188,149,6984,-10152,9844,34,172,-192,-13900,4300,5448,-993,140,-129,-14104,-5260,5884,-492,171,-91,0
681.4776439666748,8016,7156,11272,-211,-140,157,7028,-10068,9928,17,177,-166,-13876,4352,5156,-980,140,-77,-13832,-5300,5664,-520,116,-104,0
681.5127379894257,7860,7088,11376,-245,-143,134,7012,-10080,9900,66,168,-159,-13820,4204,5428,-1017,97,-88,-13920,-5520,6068,-261,186,-74,0
681.5482230186462,7792,7216,11288,-211,-195,147,6960,-10064,9976,33,140,-176,-13936,4204,5260,-1006,104,-144,-13988,-5336,5780,-499,164,-75,0
681.5832629203796,7840,7188,11476,-186,-163,134,6924,-10100,9920,23,136,-189,-13896,4280,5252,-981,116,-139,-14128,-5320,5864,-497,196,-95,0
681.6186759471893,7888,7216,11428,-215,-222,156,7060,-10108,9844,38,136,-227,-13872,4332,5440,-996,142,-156,-13840,-5256,5876,-503,187,-95,0
681.6537420749664,7940,7148,11188,-180,-174,131,7404,-10156,9884,-21,152,-175,-13860,4332,5416,-986,94,-77,-14332,-5372,5804,-487,137,-103,0
681.6895849704742,7860,7140,11036,-188,-122,137,6904,-9868,9924,10,142,-141,-13668,4296,5460,-1019,87,-77,-14008,-5356,5664,-487,139,-121,0
681.7249250411987,7832,7216,11368,-184,-141,116,6960,-10120,9892,14,156,-156,-13824,4220,5164,-978,91,-114,-13940,-5252,5684,-504,183,-82,0
681.7602689266205,7876,7176,11364,-213,-192,145,6920,-10120,9872,4,60,-198,-13880,4312,5444,-912,100,-166,-14104,-5372,5836,-500,191,-85,0
681.7955241203308,7916,7124,11348,-177,-211,138,6996,-9996,9920,13,139,-189,-13924,4292,5408,-986,151,-142,-13960,-5244,5832,-485,215,-76,0
681.8310811519623,7876,7096,11296,-188,-200,178,6880,-10044,9820,15,91,-205,-13916,4308,5200,-979,130,-148,-14120,-5296,5760,-260,191,-84,0
681.8661820888519,8012,7112,11248,-166,-169,158,7088,-10128,9768,-20,107,-190,-13888,4188,5504,-971,114,-104,-14144,-5272,5856,-498,210,-104,0
681.9024560451508,8016,6936,11332,-195,-128,151,6936,-10096,9980,-3,125,-202,-14028,4272,5292,-947,110,-142,-14040,-5340,5656,-491,0,-156,0
681.9360790252686,8064,7112,11348,-166,-93,107,6968,-10084,9884,-22,146,-165,-14088,4184,5304,-955,69,-125,-14104,-5256,5736,-465,273,-159,0
681.9695711135864,7956,7128,11300,-193,-90,121,7020,-10076,9900,-24,162,-157,-13808,4240,5268,-904,59,-48,-14036,-5332,5688,-456,510,-180,0
682.0032539367676,7940,7164,11392,-223,-84,122,6900,-10112,9912,-52,149,-187,-13828,4256,5352,-893,71,-39,-13836,-5220,5676,-452,242,-161,0
682.0369670391083,7832,7036,11320,-202,-89,128,7104,-10040,9912,-52,135,-174,-14072,4580,5176,-933,50,-74,-14204,-5248,5756,-429,243,-154,0
682.0700809955597,7984,7364,11452,-130,-66,104,6984,-10124,9836,-43,139,-182,-13880,4260,5420,-967,100,-112,-14056,-5372,5752,-447,206,-132,0
682.1036930084229,7920,7080,11212,-135,-40,94,6944,-10132,9932,-47,138,-160,-13820,4252,5424,-973,64,-143,-14100,-5288,6104,-425,215,-117,0
682.137069940567,8180,7296,11320,-115,-46,95,7052,-10028,9996,-83,109,-174,-14056,4144,5628,-992,116,-57,-14060,-5240,5768,-418,180,-119,0
682.1704771518707,7968,7388,11476,-106,-53,96,6948,-9732,9864,-81,134,-176,-14080,4292,5444,-1046,133,-68,-14084,-5216,5756,-428,120,-142,0
682.204066991806,8072,7224,11284,-44,-40,93,7032,-10076,10188,-76,130,-152,-13816,4400,5308,-1067,80,-73,-14112,-5232,5784,-259,77,-100,0
682.2374911308289,8140,7108,11264,-73,-43,76,6976,-10144,10036,-62,119,-165,-13908,4244,5612,-1118,92,-92,-13864,-5300,5864,-525,78,-103,0
682.2710599899292,8188,7184,11392,-42,-68,61,6940,-9988,9940,-86,124,-168,-13912,4276,5564,-1054,51,-98,-14168,-5340,5740,-512,36,-129,0
682.3045990467072,8052,7136,11388,-23,-248,52,6928,-10128,9728,-110,107,-146,-13928,4220,5604,-1072,83,-54,-14120,-5336,5736,-495,37,-112,0
682.3381071090698,8020,7160,11396,-84,-45,53,6960,-10100,9764,-102,124,-175,-13828,4148,5372,-1072,95,-52,-13900,-5312,5564,-525,45,-106,0
682.3715980052948,8008,7168,11396,-16,-9,56,6996,-10048,9824,-85,98,-146,-13860,4272,5324,-1059,94,-31,-14100,-5320,5776,-533,27,-124,0
682.4050540924072,8032,7144,11280,3,50,65,7064,-10104,9940,-78,124,-118,-13844,4268,5444,-1037,92,-25,-13984,-5268,5728,-496,91,-132,0
682.4551811218262,7892,7276,11340,-100,-18,72,6720,-10180,9924,-58,148,-147,-13936,4284,5176,-1033,72,-71,-14256,-5616,5788,-508,104,-175,0
682.5001411437988,7872,7132,11440,-90,-13,73,6908,-10040,9976,-76,140,-142,-13968,4336,5252,-1037,116,-114,-14324,-5316,5704,-498,79,-101,0
682.5349819660187,7928,7208,11360,-112,-59,77,6676,-10084,10236,-50,111,-184,-13852,4296,5364,-999,135,-67,-13980,-5288,5664,-508,133,-103,0
682.5684299468994,7904,7220,11364,-88,-57,104,6956,-10236,9808,-86,86,-180,-13840,4348,5380,-1009,143,-52,-13940,-5316,5776,-502,128,-120,0
682.6064739227295,7988,7152,11352,-128,-66,129,7020,-10236,9896,-69,123,-164,-13868,4308,5456,-990,117,-111,-13840,-5368,5672,-261,125,-139,0
682.6403510570526,7892,7252,11264,-108,-34,73,7000,-10124,9872,-42,118,-175,-13856,4316,5628,-1042,85,-114,-14004,-5320,5880,-520,113,-147,0
682.67360496521,7988,7216,11428,-95,-45,108,7060,-10036,9916,-48,127,-165,-13920,4244,5308,-1028,74,-72,-14316,-5364,5968,-501,142,-142,0
682.7071311473846,7708,7420,11348,-105,-53,102,7004,-10072,9780,-50,103,-176,-13924,4244,5328,-1015,81,-27,-14056,-5364,5760,-535,133,-131,0
682.7406980991364,7932,6964,11268,-117,-75,106,7040,-10096,9868,-67,135,-184,-13884,4228,5540,-995,68,-79,-14056,-5132,6140,-481,135,-116,0
682.7740240097046,7936,7412,11344,-129,-58,60,7028,-10168,9832,-50,125,-175,-13840,4288,5428,-1018,94,-72,-14144,-5608,5772,-519,119,-145,0
682.8075749874115,7844,7108,11024,-134,-31,100,6948,-10084,9760,-37,119,-157,-13884,4276,5376,-984,98,-111,-13864,-5256,5804,-765,125,-133,0
682.8410451412201,8120,7260,11120,-122,-37,95,7020,-10072,9904,-53,96,-161,-14044,4244,5516,-1001,88,-85,-14040,-5560,5704,-506,132,-129,0
682.8744599819183,8176,7176,11304,-112,-73,116,6948,-10084,9840,-63,120,-188,-13848,4280,5412,-1003,87,-72,-14040,-5272,5504,-508,180,-94,0
682.9101519584656,8100,7276,11380,-93,-66,100,6992,-10148,9944,-41,110,-193,-13852,4300,5396,-1000,108,-55,-14016,-5368,5840,-500,165,-127,0
682.9452559947968,7864,7172,11288,-150,-71,107,7028,-10156,9912,-39,128,-187,-13812,4340,5324,-1000,131,-101,-14068,-5332,5812,-507,162,-94,0
682.9812121391296,7780,7248,11276,-157,-81,118,6956,-10124,9900,-65,142,-161,-13876,4240,5292,-983,111,-53,-14008,-5268,5916,-473,107,-134,0
683.0173020362854,7872,7204,11248,-115,-43,99,7040,-10188,9760,-66,161,-143,-13852,4604,5204,-986,89,-51,-13848,-5200,5652,-263,87,-119,0
683.051990032196,7772,7364,11384,-129,-32,99,7040,-10208,9804,-5,126,-136,-13872,4248,5568,-1045,40,-87,-14068,-5200,5692,-519,131,-169,0
683.0874071121216,7808,7304,11444,-143,-34,92,7100,-10092,9956,-19,285,-167,-13840,4348,5436,-1122,84,-54,-14284,-5396,6072,-535,162,-135,0
683.1225969791412,7888,7328,11148,-89,-26,73,7064,-10076,9776,-69,131,-175,-13732,4272,5332,-1008,91,-78,-14052,-5388,5992,-491,144,-123,0
683.1581280231476,8100,7216,11324,-145,-57,86,6852,-10128,9740,-62,119,-172,-13896,4344,5536,-1019,93,-66,-14256,-5308,5916,-499,135,-102,0
683.1936590671539,8092,7140,11068,-87,-19,114,7028,-10108,9888,-21,119,-162,-13964,4308,5316,-1041,82,-87,-14028,-5240,5776,-519,119,-126,0
683.2295589447021,7756,7260,11324,-113,-33,99,6936,-10212,9900,-27,151,-160,-13868,4328,5208,-996,91,-74,-13932,-5320,5864,-482,138,-101,0
683.264918088913,7860,7288,11380,-181,-46,107,6992,-10208,9908,-44,159,-180,-14028,4128,5320,-996,89,-110,-14016,-5428,5804,-498,151,-95,0
683.300745010376,7724,7232,11528,-194,-127,120,6932,-10164,9952,41,185,-192,-14036,4232,5400,-1010,132,-136,-14108,-5304,5888,-504,176,-94,0
683.3354740142822,7824,7228,11424,-191,-130,112,6924,-10180,9852,24,184,-227,-13588,4360,5292,-1010,135,-121,-14012,-5320,5964,-501,175,-96,0
683.3709390163422,7884,7276,11360,-223,-166,150,6916,-10088,10032,43,136,-246,-13760,4144,5512,-1013,152,-141,-14104,-5296,5808,-259,204,-64,0
683.4061300754547,7888,7116,11264,-170,-168,163,7016,-10108,10136,33,126,-220,-13912,4268,5140,-989,177,-116,-14152,-5308,5804,-501,177,-85,0
683.4420499801636,7864,7200,11272,-183,-139,169,7012,-10160,10104,24,131,-199,-13844,4272,5404,-981,129,-160,-14144,-5372,5796,-523,180,-74,0
683.4779050350189,7964,7144,11452,-193,-125,138,7028,-10096,9732,36,152,-192,-13856,4196,5580,-988,117,-140,-14088,-5380,5740,-526,156,-94,0
683.5131070613861,7892,7240,11368,-191,-177,138,7040,-10108,9792,15,153,-191,-13856,4280,5372,-993,142,-128,-14076,-5296,5900,-765,164,-80,0
683.5482590198517,8152,7124,11396,-242,-182,150,6904,-10092,9900,11,145,-206,-14056,4220,5616,-987,120,-162,-14072,-5240,5648,-501,164,-95,0
683.5842089653015,7832,7208,11172,-206,-170,121,7084,-10156,9980,29,127,-211,-13908,4304,5300,-772,130,-131,-14052,-5276,5808,-494,185,-95,0
683.6177110671997,7948,7144,11340,-221,-193,141,7136,-10204,9856,46,185,-192,-13724,4552,5380,-985,129,-93,-14256,-5168,5652,-522,173,-79,0
683.6510169506073,7780,7296,11312,-195,-157,156,7052,-9992,9848,50,154,-206,-13888,4316,5612,-769,150,-137,-13976,-5356,5800,-515,147,-104,0
683.6846299171448,7684,7156,11432,-204,-193,141,6996,-10060,9964,29,132,-191,-13904,4256,5608,-972,171,-181,-14048,-5240,5960,-496,165,-70,0
683.7177970409393,8132,7176,11256,-205,-186,168,6936,-10108,10056,9,127,-190,-13920,4224,5528,-1025,163,-134,-13944,-5296,5704,-486,190,-70,0
683.7512991428375,7932,7236,11372,-233,-184,173,6960,-10084,9932,13,135,-204,-13912,4292,5120,-1016,176,-104,-14084,-5264,5820,-263,171,-57,0
683.7847139835358,8064,7416,11664,-184,-199,160,7068,-10092,10104,39,163,-189,-13796,4180,5340,-1003,170,-76,-14044,-5304,5768,-768,167,-81,0
683.8181669712067,7704,7220,11480,-248,-168,183,7028,-10000,9900,77,157,-209,-13912,4196,5436,-988,160,-111,-13836,-5404,5896,-504,162,-78,0
683.8517711162567,7956,6936,11412,-202,-192,159,7060,-10000,9844,50,140,-202,-13868,4220,5324,-984,143,-124,-14072,-5348,5936,-489,164,-70,0
683.8853130340576,8116,7160,11328,-234,-203,175,6924,-10032,9972,43,135,-202,-13864,4272,5272,-1168,218,-125,-14076,-5304,5876,-504,145,-78,0
683.9189429283142,7724,7420,11420,-206,-186,181,7044,-10056,9852,36,144,-179,-13596,4248,5204,-988,120,-71,-14120,-5252,5716,-533,153,-88,0
683.9523839950562,8172,7104,11368,-212,-196,132,7044,-10084,9924,60,105,-196,-13924,4244,5232,-1034,101,-104,-14044,-5328,5848,-503,190,-107,0
683.9858629703522,7976,7160,11424,-215,-214,143,7036,-10004,10076,37,102,-204,-13984,4172,5264,-1017,132,-123,-14068,-5296,5888,-499,177,-148,0
684.0195529460907,8180,7132,11408,-112,-140,89,7056,-10088,9940,-26,123,-202,-13900,4188,5256,-970,102,-123,-14160,-5264,5692,-260,153,-142,0
684.0531070232391,8012,7108,11328,-151,-118,74,7048,-10100,9836,-52,110,-194,-13916,4276,5468,-990,88,-101,-14336,-5260,5812,-497,150,-140,0
684.0867581367493,8004,7036,11224,-69,-34,89,7092,-10224,9868,-28,105,-121,-13908,4244,5188,-991,41,-60,-14160,-5252,5864,-520,89,-150,0
684.1202690601349,7996,7048,11328,-71,41,54,6956,-10032,9808,-79,146,-128,-13912,4180,5444,-1007,28,-5,-14096,-5272,5836,-520,81,-148,0
684.1533930301666,8020,7196,11436,-69,-9,90,7084,-10108,9912,-80,130,-170,-14052,4244,5620,-998,53,-29,-14036,-5240,5660,-506,148,-159,0
684.1869730949402,7712,7420,11312,-70,-37,54,7020,-10028,9836,-91,132,-183,-14056,4264,5360,-1014,100,-119,-14196,-5376,5784,-505,150,-145,0
684.2205550670624,7936,7336,11304,-73,-39,83,7016,-10052,9860,-96,88,-194,-13960,4284,5548,-1015,143,-90,-13860,-5124,5848,-495,136,-114,0
684.2539501190186,8008,7044,11504,-79,-67,84,6900,-10044,9860,-76,85,-182,-13860,4248,5164,-995,115,-49,-14000,-5356,5644,-529,157,-131,0
684.2874059677124,8068,7212,11480,-66,-22,113,6936,-10108,9852,-82,82,-153,-13864,4220,5452,-1008,120,-54,-14224,-5348,5824,-763,108,-144,0
684.3210561275482,8000,7164,11272,-101,-17,102,7016,-10080,10096,-90,127,-180,-13612,4244,5556,-971,163,-47,-14196,-5348,5868,-264,112,-150,0
684.3544890880585,8184,7220,11196,-110,-23,108,7032,-10064,9932,-93,112,-197,-13856,4252,5596,-1022,118,-70,-13836,-5604,5756,-532,142,-140,0
684.3881170749664,7956,7200,11288,-70,-46,92,7000,-10040,9804,-49,111,-182,-13888,4176,5212,-1029,110,-125,-14048,-5420,5784,-554,142,-151,0
684.4216721057892,7896,7176,11392,-85,-56,107,7008,-10004,9816,-86,98,-181,-14044,4200,5224,-977,127,-82,-14092,-5356,5756,-533,136,-135,0
684.4552619457245,7932,7092,11296,-99,-66,91,6948,-10056,10024,-101,96,-200,-13956,4236,5572,-988,116,-65,-14076,-5332,5816,-525,126,-143,0
684.4889330863953,8040,7156,11364,-87,-34,89,7104,-10108,9908,-61,107,-180,-14080,4196,5360,-1021,92,-33,-14152,-5292,5872,-509,124,-132,0
684.5224280357361,7816,7136,11284,-103,-19,99,7148,-10116,10120,-32,135,-152,-13804,4176,5332,-998,93,-60,-14108,-5244,5800,-257,119,-157,0
684.556077003479,7708,7120,11236,-120,-16,80,7044,-10108,9760,-71,112,-179,-13896,4252,5304,-985,98,-104,-14012,-5356,5816,-523,117,-156,0
684.5917789936066,8188,7248,11020,-92,-41,107,6972,-10028,9804,-65,118,-161,-13988,4280,5312,-1277,109,-104,-14040,-5132,5840,-536,132,-136,0
684.6276850700378,7796,7176,11440,-95,-58,92,7060,-10100,9904,-45,112,-176,-13872,4244,5528,-1020,84,-99,-13980,-5344,5652,-517,155,-131,0
684.6625831127167,7848,7252,11296,-89,-56,101,6968,-10128,9864,-33,131,-178,-14056,4160,5332,-1015,109,-77,-13976,-5416,5960,-511,149,-133,0
684.6976389884949,7984,7168,11540,-138,-78,108,7040,-10132,9896,-47,99,-158,-13836,4308,5452,-985,120,-107,-14008,-5384,5836,-521,108,-112,0
684.7333300113678,7960,7200,11320,-105,-27,116,7076,-10140,9792,-47,130,-162,-13956,4332,5532,-993,137,-44,-14112,-5352,5744,-557,99,-131,0
684.7687220573425,7888,7212,11012,-150,-37,115,6996,-9976,9956,-9,107,-168,-13900,4296,5460,-1030,79,-64,-14052,-5200,5840,-540,120,-125,0
684.8035769462585,8180,7220,11408,-125,-70,83,6908,-10088,9776,-38,119,-164,-13920,4184,5300,-1010,47,-55,-14048,-5180,5768,-259,108,-147,0
684.8391649723053,7960,7276,11480,-112,-34,71,7100,-10116,9980,-49,132,-174,-13932,4208,5436,-972,79,-38,-14140,-5296,5720,-487,156,-106,0
684.8739149570465,7956,7224,11372,-136,-58,82,7132,-10020,9880,-8,143,-186,-13840,4212,5340,-1020,76,-114,-14072,-5256,5752,-487,162,-146,0
684.9092509746552,8036,7160,11440,-83,-38,83,7040,-10044,9952,-28,123,-165,-13908,4244,5440,-1003,75,-61,-13976,-5284,5800,-497,126,-194,0
684.9449551105499,7880,7232,11312,-104,-37,91,7028,-10052,9908,-65,119,-139,-13844,4252,5524,-984,50,-42,-14012,-5312,5868,-257,127,-136,0
684.9807689189911,7832,7244,11452,-110,-58,93,6984,-10076,9788,-52,153,-114,-13808,4172,5264,-979,58,-93,-14112,-5340,5680,-516,135,-171,0
685.0154559612274,7876,7120,11472,-122,-54,99,7048,-10104,9804,-42,126,-185,-13836,4268,5316,-1037,103,-74,-13956,-5324,5928,-496,136,-161,0
685.050938129425,7824,7224,11168,-118,-74,88,7020,-10068,9744,-40,141,-195,-13848,4244,5520,-990,98,-78,-13948,-5124,5776,-509,176,-149,0
685.0855751037598,8168,7204,11288,-134,-117,123,6928,-10020,9888,-47,87,-192,-13936,4248,5508,-1030,131,-74,-14256,-5300,5780,-515,155,-113,0
685.1217770576477,7928,7236,11180,-116,-73,113,7000,-10140,9800,-32,99,-165,-13888,4308,5396,-1015,127,-92,-14176,-5592,6092,-528,155,-113,0
685.1579740047455,8116,7248,11104,-122,-53,119,6976,-10076,9884,-48,128,-168,-13884,4144,5264,-1017,99,-61,-14104,-5392,5848,-494,156,-126,0
685.1926009654999,7688,6920,11328,-109,-40,107,7052,-10112,9932,-18,134,-165,-13876,4140,5460,-1012,90,-74,-14016,-5376,5752,-512,154,-120,0
685.2276079654694,7760,7188,11472,-115,-108,110,7012,-10064,9924,-47,105,-185,-13824,4288,5260,-997,81,-81,-13884,-5220,5752,-510,136,-111,0
685.2637100219727,8188,7284,11404,-138,-33,105,7048,-10016,9956,-87,148,-154,-13876,4284,5284,-998,98,-47,-13952,-5248,5636,-497,130,-127,0
685.2972910404205,7840,7240,11516,-124,-66,76,6972,-10140,9968,-51,178,-167,-14048,4236,5408,-1005,113,-55,-14028,-5536,5808,-489,130,-133,0
685.3307819366455,7796,7256,11344,-150,-61,95,7040,-10212,9964,-27,172,-150,-13880,4328,5596,-1026,116,-96,-14048,-5264,5872,-523,162,-99,0
685.3643131256104,7860,7232,11356,-173,-80,119,6956,-10100,9848,-22,152,-162,-13784,4164,5464,-995,142,-128,-14292,-5308,5796,-527,188,-103,0
685.3977530002594,7796,7184,11408,-149,-116,126,7076,-10176,9932,255,140,-216,-13872,4536,5612,-1013,181,-145,-14028,-5392,5828,-768,216,-72,0
685.4312860965729,7904,7288,11364,-203,-171,155,6996,-10096,9872,26,163,-222,-13836,4276,5180,-991,156,-129,-14012,-5284,5940,-500,216,-67,0
685.4647390842438,7680,7336,11204,-180,-163,165,6976,-10120,9852,33,161,-234,-13880,4236,5464,-989,148,-106,-14324,-5296,5652,-268,194,-53,0
685.4982199668884,7904,7184,11248,-233,-149,153,7020,-10148,9852,17,180,-214,-13900,4116,5492,-1000,149,-130,-14024,-5472,5704,-534,164,-65,0
685.531788110733,7912,7156,11364,-237,-166,132,7128,-10128,9900,25,173,-203,-13820,4212,5292,-1008,164,-136,-14048,-5392,5808,-517,182,-77,0
685.565290927887,7920,7264,11360,-210,-157,161,7064,-10096,9896,30,157,-220,-13888,4148,5196,-989,152,-132,-14056,-5388,5832,-507,186,-73,0
685.5987920761108,7896,7184,11332,-195,-184,149,7028,-10088,10032,39,159,-212,-13868,4200,5296,-963,161,-130,-14012,-5344,5804,-531,208,-76,0
685.6318480968475,7804,7236,11304,-214,-207,172,6968,-10200,9856,53,137,-232,-13932,4268,5352,-977,147,-151,-13996,-5360,5876,-518,200,-83,0
685.6651649475098,8016,7136,11268,-222,-196,158,7148,-9972,9888,29,148,-203,-13932,4152,5360,-991,143,-170,-14320,-5228,5696,-508,183,-103,0
685.698667049408,8048,7408,11224,-201,-188,174,7040,-10056,9948,18,164,-192,-13908,4348,5208,-1006,126,-119,-14116,-5288,6096,-521,136,-120,0
685.7323780059814,7952,7100,11288,-219,-166,164,7040,-10184,9976,83,148,-171,-13924,4100,5660,-1046,122,-136,-13852,-5608,5636,-520,167,-106,0
685.765634059906,7868,7384,11408,-199,-220,128,7052,-10068,9932,28,164,-189,-13844,4300,5488,-1042,106,-92,-14072,-5416,5816,-266,157,-101,0
685.7992811203003,8156,7152,11508,-191,-133,133,6996,-10024,9920,-256,151,-190,-13920,4148,5320,-996,134,-94,-14128,-5240,5736,-496,173,-102,0
685.8328120708466,7912,7048,11296,-229,-198,144,7064,-10072,9928,1,164,-208,-13860,4280,5268,-989,139,-136,-14072,-5228,5844,-469,155,-72,0
685.8661060333252,7992,7160,11440,-173,-209,173,7016,-10152,10096,42,77,-178,-14236,4284,5136,-1013,123,-125,-13840,-5364,5848,-485,149,-98,0
685.8996889591217,8012,6924,11496,-173,-136,141,6916,-10016,10044,29,186,-166,-13900,4172,5340,-958,95,-100,-14020,-5388,5684,-497,116,-133,0
685.9333870410919,7884,6952,11368,-216,-131,142,7076,-10032,10004,-18,162,-185,-13880,4276,5500,-984,89,-94,-13940,-5316,5800,-528,153,-92,0
685.9669289588928,7696,7388,11256,-185,-174,131,6996,-10144,9800,8,156,-172,-13780,4236,5268,-1017,103,-136,-14028,-5360,5636,-268,181,-86,0
686.0006101131439,7736,7096,11324,-194,-165,156,7356,-10036,10056,7,112,-216,-13836,4260,5336,-989,134,-131,-13976,-5268,5744,-259,186,-102,0
686.033774137497,7972,7112,11352,-201,-185,150,6948,-10108,10188,14,113,-219,-13924,4220,5348,-971,151,-105,-14016,-5272,5656,-261,192,-110,0
686.067302942276,7952,7108,11288,-152,-170,150,7016,-9808,10008,-37,94,-207,-13948,4280,5432,-997,123,-103,-14288,-5244,5812,-491,152,-93,0
686.1011741161346,8080,7152,11316,-121,-150,140,7056,-10036,10124,-29,106,-201,-13900,4196,5252,-989,103,-73,-14292,-5300,5816,-500,153,-133,0
686.1346349716187,8124,7172,11228,-133,-122,108,7072,-10084,10180,-46,111,-169,-13888,4156,5320,-1034,96,-40,-13876,-5312,5852,-531,138,-150,0
686.1680541038513,8020,7152,11336,-135,-68,96,7048,-10012,9832,-40,132,-177,-13964,4244,5300,-1036,59,-59,-14324,-5320,5776,-523,151,-162,0
686.2016000747681,8040,7172,11272,-116,-69,76,6948,-10232,9732,-59,130,-162,-13928,4184,5428,-1016,48,-65,-14292,-5432,5896,-475,131,-132,0
686.2352869510651,7904,7152,11188,-109,-41,89,6996,-10048,10232,-82,112,-178,-13984,4164,5332,-998,58,-104,-14032,-5304,5632,-490,148,-142,0
686.2713301181793,7984,6952,11412,-80,-48,87,6984,-10116,9972,-82,133,-171,-14020,4248,5284,-995,92,-113,-14052,-5264,5760,-498,168,-106,0
686.3075671195984,8004,7144,11024,-116,-67,98,7012,-10172,10044,-76,126,-162,-13796,4300,5280,-981,94,-71,-14024,-5424,5728,-533,189,-149,0
686.3422110080719,7796,7204,11480,-90,-60,73,6988,-10056,10016,-79,106,-161,-14076,4196,5416,-771,119,-39,-14072,-5364,5632,-534,141,-120,0
686.3785469532013,7784,7004,11148,-83,-102,107,7016,-10096,9900,-77,101,-176,-13892,4484,5572,-982,100,-78,-13876,-5432,5696,-528,182,-133,0
686.4138400554657,8008,7192,11472,-104,-81,117,7088,-10060,10008,-64,111,-200,-13924,4152,5200,-981,137,-45,-14068,-5304,5752,-550,160,-128,0
686.4496240615845,8052,7376,11260,-115,-89,117,6940,-9936,9728,-89,115,-184,-13944,4232,5288,-953,97,-63,-14064,-5320,5784,-566,99,-146,0
686.4851229190826,8032,7172,11356,-94,-36,111,7008,-10048,9860,-72,101,-148,-13936,4260,5396,-1004,103,-82,-14020,-5356,5764,-573,105,-180,0
686.5206451416016,7984,7188,11456,-116,-81,109,7044,-10048,9724,-37,90,-173,-13844,4188,5424,-977,68,-14,-14148,-5348,5784,-540,142,-139,0
686.5562081336975,7752,7180,11084,-98,-25,82,7056,-10032,9932,-61,126,-161,-13940,4188,5532,-1005,50,-36,-14072,-5360,5868,-539,134,-179,0
686.5924310684204,8048,7160,11384,-133,-60,73,7100,-10024,9860,-51,138,-182,-13896,4252,5392,-956,86,-109,-14264,-5396,5712,-492,135,-133,0
686.6286890506744,8008,7112,11292,-127,-85,76,7100,-10068,9836,-79,109,-182,-13968,4244,5328,-984,56,-57,-14300,-5136,5700,-519,104,-147,0
686.6636221408844,8160,7176,11504,-71,-18,86,7024,-10076,9936,-57,104,-143,-13904,4332,5308,-985,43,-54,-14096,-5328,6000,-520,94,-167,0
686.6996130943298,7936,7236,11088,-99,-24,66,6960,-10112,9988,-50,115,-140,-14068,4268,5560,-968,31,-93,-14076,-5416,5800,-517,89,-127,0
686.7348630428314,7936,7208,11304,-112,-72,86,6928,-10028,9900,-58,136,-174,-13904,4236,5148,-995,74,-80,-13996,-5352,5776,-533,123,-136,0
686.7707450389862,7976,7384,11144,-109,-49,113,6956,-10024,9756,-54,104,-199,-14028,4320,5192,-971,84,-86,-13960,-5480,5792,-530,143,-118,0
686.8059890270233,7936,7220,11212,-130,-98,105,7000,-10132,9876,-73,89,-207,-13804,4348,5372,-965,107,-79,-13964,-5164,5788,-530,155,-119,0
686.8417010307312,7960,7136,11144,-91,-83,135,7412,-10092,9828,-83,88,-191,-14072,4276,5236,-998,114,-71,-14088,-5360,5756,-535,132,-128,0
686.8780279159546,8128,7136,11316,-106,-71,98,7052,-10112,9936,-72,83,-169,-13956,4348,5544,-972,98,-101,-14088,-5360,5836,-766,123,-164,0
686.912672996521,8012,7192,11364,-125,-54,105,6968,-10184,9844,-37,141,-209,-13924,4520,5256,-991,90,-42,-14052,-5420,5644,-514,124,-155,0
686.9482700824738,8092,7372,11212,-95,-46,93,7132,-10108,9856,-48,93,-174,-13900,4216,5328,-1008,66,-44,-13892,-5124,5804,-258,157,-169,0
686.9816949367523,7688,6988,11376,-130,-66,97,7020,-10040,9908,-69,105,-176,-13804,4264,5308,-1005,58,-72,-14072,-5536,5788,-513,130,-146,0
687.0153880119324,7944,7184,11360,-94,-50,58,6956,-9996,9944,-110,188,-189,-13808,4272,5440,-986,89,-89,-14052,-5168,5776,-507,130,-137,0
687.0489420890808,7928,7180,11300,-127,-59,80,7176,-10100,9872,-56,95,-181,-13944,4316,5444,-1017,101,-92,-14060,-5620,5844,-508,131,-141,0
687.0823249816895,8144,7128,11360,-96,-47,116,6924,-10176,9900,-19,122,-151,-13640,4284,5244,-990,69,-54,-13984,-5432,5904,-529,127,-140,0
687.1158890724182,7912,7176,11340,-97,-50,128,7040,-10168,9936,-40,135,-162,-13796,4280,5356,-987,75,-100,-14036,-5156,5820,-492,143,-110,0
687.1492900848389,8140,7004,11232,-103,-64,103,7088,-10056,9848,-52,107,-207,-13904,4300,5248,-977,92,-71,-13984,-5448,5972,-512,152,-122,0
687.1829130649567,7964,7264,11288,-96,-76,102,7016,-10016,10084,-65,110,-182,-13792,4180,5448,-855,18,-78,-14052,-5408,5640,-511,161,-113,0
687.2166831493378,7892,7260,11516,-110,-85,93,7016,-9932,9840,-76,106,-178,-13852,4224,5704,-1016,111,-137,-14000,-5444,5732,-519,136,-86,0
687.2502460479736,7952,7288,11436,-122,-56,120,7124,-10108,9816,-51,104,-165,-13904,4288,5352,-997,114,-72,-14008,-5508,5724,-507,133,-113,0
687.2835249900818,7884,7208,11204,-141,-78,104,7068,-10096,9760,-60,148,-163,-13852,4288,5432,-978,117,-63,-13772,-5384,5856,-499,123,-92,0
687.3172421455383,7992,7204,11340,-169,-71,89,7064,-10080,9724,-62,154,-172,-13952,4344,5460,-986,127,-47,-13856,-5404,5788,-514,130,-77,0
687.3507771492004,7900,7280,11440,-153,-84,128,6964,-10224,9936,-42,129,-169,-13800,4304,5520,-1004,97,-64,-13948,-5324,6100,-535,148,-72,0
687.3841490745544,7980,7240,11292,-158,-78,116,6972,-10184,9952,34,145,-179,-13932,4332,5488,-1279,100,-149,-14164,-5520,6032,-532,180,-114,0
687.4179220199585,8104,7192,11508,-165,-151,135,6912,-10080,9896,-3,158,-191,-13836,4268,5600,-1004,109,-133,-13940,-5476,5828,-537,185,-87,0
687.4514620304108,7840,7384,11324,-188,-144,101,7000,-10040,9940,-2,172,-171,-13808,4248,5500,-989,128,-112,-14060,-5496,5940,-514,188,-65,0
687.4848320484161,7712,6916,11336,-230,-152,138,7028,-10092,9888,4,146,-210,-13836,4204,5192,-991,144,-116,-14032,-5628,5800,-258,200,-71,0
687.5183091163635,7700,7192,11236,-185,-148,137,7068,-10200,9824,24,172,-189,-13588,4296,5456,-1020,111,-103,-14016,-5352,5668,-498,164,-75,0
687.5517880916595,7708,7152,11340,-174,-85,138,7096,-10060,9872,-12,169,-168,-13876,4268,5424,-988,88,-99,-13912,-5484,5784,-500,140,-74,0
687.5853519439697,7764,7124,11452,-196,-110,143,7024,-10100,9912,251,166,-172,-13820,4232,5272,-977,116,-120,-14108,-5452,5820,-490,159,-105,0
687.6217379570007,7728,7236,11380,-182,-162,149,6948,-10120,9980,254,195,-202,-13956,4268,5532,-992,126,-148,-14080,-5392,5832,-523,215,-76,0
687.655590057373,8180,7168,11336,-198,-170,137,7012,-10084,9820,6,145,-234,-13972,4336,5524,-1031,126,-108,-14040,-5376,5828,-499,188,-82,0
687.6891250610352,8000,7404,11192,-236,-196,169,7048,-10036,9856,35,144,-240,-13860,4220,5484,-1011,152,-100,-14040,-5392,5824,-496,190,-99,0
687.7224349975586,8056,7208,11108,-182,-136,138,7020,-10240,10148,17,129,-188,-13876,4244,5364,-1002,131,-115,-14044,-5476,5932,-497,185,-73,0
687.7561140060425,7944,7124,11412,-212,-160,133,7100,-10132,9864,6,132,-184,-13944,4224,5424,-1005,168,-135,-14048,-5412,6112,-510,159,-64,0
687.7896361351013,8120,7144,11464,-208,-138,141,7100,-10204,9908,26,173,-195,-14004,4292,5252,-998,133,-149,-14152,-5196,5780,-507,181,-77,0
687.8229880332947,7992,7164,11352,-207,-184,135,6984,-10064,9888,26,157,-212,-13888,4160,5304,-1020,120,-89,-14020,-5400,5884,-491,171,-91,0
687.8566949367523,8036,7168,11344,-237,-184,182,6952,-10056,10112,-9,132,-208,-13768,4244,5380,-982,166,-107,-14328,-5284,5868,-474,147,-82,0
687.8900210857391,8072,7112,11316,-210,-160,162,7064,-10048,9872,28,152,-225,-13900,4340,5372,-1009,114,-111,-14028,-5348,5752,-514,120,-106,0
687.9235060214996,8024,7228,11232,-214,-161,147,7084,-10148,9880,58,150,-179,-13952,4252,5520,-1004,129,-130,-14320,-5448,6188,-234,127,-97,0
687.9606101512909,7956,7420,10688,-291,-138,161,6848,-9752,9944,6,193,-217,-13840,4204,5284,-956,160,-125,-14024,-5628,5808,-483,163,-82,0
687.9971799850464,8088,7028,11280,-194,-113,132,6964,-10132,9876,16,147,-215,-14080,4272,5148,-997,135,-100,-14144,-5612,5768,-492,179,-68,0
688.0322721004486,8100,7132,11236,-197,-205,177,7008,-10068,9972,15,153,-200,-13924,4280,5452,-992,142,-95,-14192,-5380,5724,-499,102,-98,0
688.068295955658,8056,6912,11352,-166,-136,176,6992,-10008,9760,3,120,-159,-13832,4276,5276,-1042,119,-160,-14068,-5588,5728,-494,82,-133,0
688.1032900810242,8052,7116,11236,-152,-110,132,7036,-10152,9980,-30,129,-179,-13912,4260,5248,-983,102,-58,-14032,-5384,5884,-483,117,-135,0
688.1393110752106,8048,7148,11428,-151,-90,107,7124,-10052,9972,-22,127,-169,-13880,4308,5380,-1025,90,-87,-14008,-5348,5744,-492,98,-149,0
688.1744420528412,8012,7144,11324,-119,-50,87,7032,-10168,9796,-70,141,-168,-13868,4200,5588,-1278,62,-22,-14068,-5312,5772,-496,135,-127,0
688.210156917572,8008,6948,11244,-118,-46,81,6968,-10048,9876,-59,116,-179,-13908,4344,5236,-1010,83,-84,-14112,-5176,5812,-485,135,-133,0
688.2455279827118,8068,7156,11300,-133,-74,105,7384,-9740,9832,-50,82,-183,-14012,4352,5384,-1042,101,-96,-14084,-5224,5684,-507,145,-121,0
688.2809181213379,8028,7112,11424,-104,-79,82,7020,-10148,9856,-71,108,-179,-13944,4320,5396,-1279,69,-94,-14008,-5412,5804,-456,166,-136,0
688.3172171115875,7916,7420,11240,-159,-97,106,7008,-10060,9780,-95,158,-199,-13832,4104,5288,-1000,66,-104,-14004,-5400,5772,-472,97,-167,0
688.3524630069733,8000,7108,11268,-108,-20,73,7060,-10104,9920,-84,164,-156,-13900,4276,5424,-999,5,-65,-14036,-5272,5840,-496,81,-180,0
688.388256072998,8104,7136,11508,-91,19,46,7000,-10128,10008,-11,146,-154,-13992,4304,5516,-1038,36,-63,-14020,-5364,5828,-502,98,-167,0
688.4236490726471,7964,7156,11236,-84,-12,84,7096,-10012,9984,-51,107,-138,-14048,4316,5284,-1276,82,-64,-14088,-5448,5760,-485,118,-125,0
688.4598650932312,8064,7244,11404,-105,-7,96,7112,-10020,9968,-65,78,-194,-13856,4228,5452,-992,84,-46,-13868,-5584,5800,-496,140,-108,0
688.4954640865326,8104,7076,11368,-85,-47,99,7156,-10028,9840,-56,96,-170,-13912,4300,5372,-1000,71,-77,-14028,-5364,5852,-510,146,-118,0
688.5311629772186,8044,7392,11268,-82,-51,117,7096,-10092,9804,-64,84,-143,-13588,4172,5308,-1036,80,-64,-14088,-5188,5744,-488,81,-121,0
688.5671830177307,8104,7172,11380,-84,-29,114,6984,-10016,9976,-78,121,-167,-13900,4204,5232,-1009,96,-49,-13932,-5512,5736,-468,79,-126,0
688.6038999557495,8100,7352,11276,-146,-11,93,7044,-10116,10152,-55,136,-157,-13896,4224,5392,-992,58,-54,-14004,-5436,5924,-479,84,-125,0
688.6373829841614,8020,7164,11252,-131,255,63,7040,-9904,9884,-37,135,-155,-13596,4292,5456,-769,61,-48,-14000,-5388,5844,-474,114,-170,0
688.6708059310913,7972,7168,11236,-124,-45,81,7080,-10064,10008,-50,140,-167,-13832,4304,5428,-977,91,-79,-13948,-5448,5992,-486,106,-151,0
688.704332113266,7920,7156,11396,-159,-41,74,7056,-10032,9884,-27,91,-182,-13784,4256,5360,-1017,86,-77,-13996,-5328,5812,-470,168,-89,0
688.7378950119019,7956,7152,11300,-150,-105,107,7024,-10008,9844,-19,110,-184,-14060,4220,5516,-1280,90,-93,-13956,-5420,5852,-504,157,-103,0
688.7713091373444,7888,7224,11508,-132,-78,104,7028,-10172,9868,-58,112,-183,-13984,4256,5616,-1015,112,-90,-14028,-5360,5968,-493,157,-125,0
688.8049070835114,7916,7184,11188,-116,-80,82,7084,-10040,9924,-78,122,-196,-13836,4276,5156,-1000,106,-69,-13948,-5424,5668,-472,129,-140,0
688.8379321098328,7976,6936,11244,-118,-70,96,6748,-10100,9856,-17,100,-171,-13884,4372,5388,-1009,66,-41,-14240,-5316,5908,-508,126,-181,0
688.8714289665222,8124,7072,11296,-122,-17,70,7076,-10096,10020,-253,90,-144,-13876,4292,5432,-1056,31,-66,-13960,-5240,5992,-491,108,-155,0
688.9048030376434,8056,7308,11156,-124,-62,102,7068,-9972,9912,-8,130,-174,-13744,4328,5476,-986,84,-78,-13976,-5428,5812,-486,125,-137,0
688.9384529590607,8156,7252,11256,-75,-39,79,7072,-10008,9852,-76,121,-196,-13908,4244,5552,-983,107,-163,-13996,-5456,5688,-499,142,-112,0
688.9717690944672,8040,7204,11036,-121,-56,127,7060,-10040,9976,-63,113,-190,-13936,4100,5472,-1027,105,-92,-14104,-5372,5832,-508,155,-116,0
689.0053429603577,7992,7384,11424,-121,-32,121,7176,-10148,9856,-46,86,-133,-13908,4228,5412,-1039,77,-22,-14148,-5344,5832,-258,79,-131,0
689.0390319824219,8080,7284,11384,-87,-30,76,7016,-10088,9940,-39,103,-130,-13864,4212,5352,-1277,55,-4,-13968,-5504,5820,-490,75,-124,0
689.0724890232086,7944,7276,11184,-121,-23,80,7032,-10120,9888,-78,131,-165,-13868,4200,5452,-792,53,-46,-14064,-5428,5880,-461,124,-141,0
689.1059839725494,7884,7224,11292,-154,-45,56,7080,-10096,9876,-37,134,-205,-13676,4276,5444,-1042,69,-103,-13920,-5428,5952,-487,168,-137,0
689.1394989490509,7944,7252,11404,-132,-83,87,7012,-10076,9876,-23,130,-197,-13840,4304,5184,-988,105,-108,-13956,-5416,5804,-484,149,-91,0
689.1732220649719,7948,7180,11304,-142,-84,110,7156,-10028,9860,-43,105,-199,-13856,4300,5424,-992,113,-80,-13828,-5268,5816,-486,177,-95,0
689.2066519260406,8068,7256,11316,-140,-76,134,7128,-10112,9804,-34,97,-207,-13972,4188,5464,-1007,91,-96,-13964,-5592,5808,-508,155,-129,0
689.2402780056,8056,7256,11264,-145,-70,109,7092,-10120,9952,-13,135,-178,-13932,4284,5404,-972,32,-71,-13900,-5188,5660,-511,145,-142,0
689.2738211154938,7824,7176,11276,-117,-89,107,6996,-10092,9780,3,155,-197,-13820,4168,5320,-1042,73,-94,-14248,-5360,5936,-765,149,-138,0
689.307403087616,7964,7248,11100,-142,-95,86,7128,-10004,9860,-51,173,-176,-13848,4172,5488,-992,101,-98,-14080,-5436,5888,-511,142,-123,0
689.3409831523895,8180,7172,11008,-131,-39,92,7048,-10040,9900,-45,156,-160,-13916,4324,5492,-1005,113,-65,-13984,-5368,5708,-481,106,-139,0
689.3744440078735,8068,7180,11308,-165,-45,100,6980,-10024,9920,-30,159,-166,-14056,4296,5344,-1004,139,-44,-14052,-5404,5752,-498,136,-88,0
689.4079251289368,7764,6948,11440,-150,-75,117,7036,-10104,9916,-13,128,-167,-13824,4248,5436,-985,116,-111,-13980,-5452,5948,-487,169,-82,0
689.4415941238403,7684,7228,11500,-163,-111,125,6968,-10084,9864,-13,142,-213,-13876,4316,5396,-992,168,-142,-13952,-5424,5836,-257,186,-68,0
689.4751260280609,7700,7288,11240,-189,-126,126,7056,-10092,10100,11,128,-217,-13900,4360,5464,-991,144,-135,-14008,-5448,6056,-261,210,-55,0
689.5087730884552,7712,7192,11124,-193,-139,140,7036,-10028,9860,-255,164,-226,-13860,4296,5512,-992,152,-161,-13960,-5552,5736,-510,201,-103,0
689.5423560142517,7692,7220,11420,-202,-136,136,7088,-10084,9892,247,158,-210,-13824,4308,5464,-1005,156,-139,-13996,-5192,6020,-503,182,-85,0
689.5758531093597,7684,7184,11180,-227,-140,144,7032,-10060,9812,16,162,-195,-13896,4284,5428,-987,158,-100,-13976,-5136,5672,-493,186,-60,0
689.6092081069946,8040,7192,11324,-204,-99,175,7068,-10088,9744,36,138,-191,-13932,4152,5444,-1001,166,-135,-13960,-5444,5828,-491,162,-72,0
689.645544052124,8156,7400,11300,-199,-125,173,7116,-10088,9940,45,190,-206,-13792,4208,5484,-999,170,-147,-13972,-5376,5864,-768,170,-61,0
689.6808979511261,8008,6920,11492,-209,-176,162,6992,-10072,9796,13,168,-213,-14072,4208,5444,-996,165,-151,-13904,-5292,5752,-486,178,-86,0
689.7162520885468,8004,7412,11380,-204,-169,147,7128,-10008,9828,25,161,-199,-13800,4204,5384,-994,172,-153,-13860,-5400,5848,-487,173,-83,0
689.7523140907288,8000,7096,11376,-235,-169,145,7140,-9936,9904,6,186,-198,-14016,4256,5568,-1019,142,-152,-13924,-5428,6024,-261,172,-90,0
689.7885639667511,8188,6924,11456,-282,-167,155,7108,-10132,9892,27,141,-187,-13856,4240,5448,-987,158,-150,-14280,-5144,5780,-463,149,-84,0
689.8235750198364,8084,6912,11364,-205,-174,162,7068,-10076,9964,24,167,-190,-13808,4104,5308,-1006,163,-138,-14008,-5432,5788,-474,176,-63,0
689.8591809272766,8020,7188,11464,-237,-192,145,7020,-9980,9884,-9,172,-203,-13876,4260,5508,-992,178,-123,-14056,-5380,5940,-495,126,-96,0
689.8944139480591,8100,7056,11452,-195,-127,145,7284,-10080,9996,-8,203,-146,-13784,4360,5436,-1028,108,-94,-14032,-5276,5864,-522,142,-90,0
689.9296660423279,7960,7124,11364,-230,-197,163,7088,-9840,10208,66,159,-165,-13928,4148,5356,-1032,95,-125,-14084,-5488,5800,-485,158,-105,0
689.9650690555573,8036,7236,11172,-174,-110,158,7096,-10024,9984,11,169,-183,-13844,4240,5404,-982,126,-105,-13964,-5452,5800,-500,136,-92,0
690.0011670589447,8048,7072,11420,-228,-192,135,7080,-10168,9968,16,134,-198,-13872,4308,5136,-1274,151,-111,-14000,-5132,6136,-493,192,-62,0
690.0370950698853,8156,6956,11196,-188,-144,172,7088,-10224,9880,50,152,-163,-13948,4200,5328,-1011,103,-71,-13856,-5208,5648,-475,109,-87,0
690.072427034378,8008,7096,11368,-182,-135,135,7072,-10080,9960,15,160,-136,-13852,4260,5324,-984,53,-93,-13836,-5460,5648,-478,85,-112,0
690.1087391376495,8096,7072,11344,-235,-114,124,7080,-10148,9864,-7,176,-166,-13804,4316,5272,-986,103,-89,-13896,-5420,5940,-466,129,-107,0
690.1439161300659,8032,7088,11184,-208,-173,125,7056,-10104,9892,-20,103,-240,-14072,4208,5352,-1007,121,-132,-14072,-5140,5692,-507,171,-80,0
690.1793520450592,8020,7148,11484,-162,-158,134,7068,-10088,9860,-34,81,-233,-13824,4252,5304,-992,132,-140,-14284,-5128,5924,-487,174,-103,0
690.2147250175476,8068,7016,11424,-125,-102,95,7036,-10020,10040,-40,107,-211,-13796,4244,5364,-1010,130,-70,-14056,-5260,5984,-495,146,-115,0
690.2503969669342,8164,7132,11228,-127,-94,90,7028,-10044,9932,-55,114,-190,-13964,4120,5196,-1023,132,-73,-14196,-5564,5844,-486,141,-150,0
690.2871911525726,7992,7120,11288,-126,-62,100,7096,-10072,9744,-7,107,-165,-13928,4220,5280,-1046,87,-82,-14048,-5432,5712,-503,141,-142,0
690.3206491470337,8052,7068,11356,-92,-73,100,7072,-9928,10024,-33,98,-154,-13948,4224,5300,-1029,57,-106,-14060,-5188,5780,-760,130,-181,0
690.3539590835571,8088,7412,11440,-113,-68,78,7024,-9744,9900,-73,113,-177,-13796,4252,5152,-1018,63,-82,-14020,-5276,5900,-490,119,-142,0
690.387237071991,8068,7084,11116,-84,-73,95,7056,-10056,10024,-49,131,-189,-13880,4292,5344,-1015,76,-61,-13972,-5344,5648,-762,122,-120,0
690.4209039211273,8080,7000,11416,-103,-40,72,7004,-10004,10148,-68,103,-173,-13840,4296,5420,-1010,82,-63,-13956,-5620,5748,-475,125,-151,0
690.4543540477753,8068,7088,11008,-112,-18,87,7080,-9836,9956,-59,114,-181,-14048,4208,5156,-1029,98,-54,-13976,-5336,5864,-489,118,-151,0
690.4877381324768,8020,7204,11348,-141,-71,108,7036,-10152,9864,-50,107,-161,-13828,4136,5232,-1001,87,-121,-14032,-5424,5992,-484,141,-116,0
690.5210580825806,8132,7128,11364,-124,-84,107,7028,-9780,9964,-32,95,-199,-13592,4260,5336,-1004,101,-92,-13936,-5604,6064,-492,164,-133,0
690.5547170639038,8068,7108,11180,-98,-86,114,7404,-10032,9956,-37,108,-192,-13608,4192,5184,-1006,105,-100,-14080,-5408,6128,-501,179,-109,0
690.5882999897003,8164,7048,11348,-120,-126,125,7096,-10012,9972,-48,104,-198,-13864,4172,5596,-993,125,-85,-14040,-5428,6096,-495,140,-133,0
690.621796131134,8116,6956,11172,-136,-122,106,7024,-9960,9864,-86,103,-192,-13852,4204,5480,-996,113,-64,-14252,-5408,5848,-501,97,-123,0
690.6548240184784,8068,7048,11372,-94,-30,95,7076,-10028,9932,-29,87,-138,-14036,4356,5232,-771,80,-47,-13964,-5340,5800,-507,84,-145,0
690.6882870197296,8032,7068,11184,-166,-67,85,7356,-10048,9752,14,110,-146,-13884,4184,5472,-1030,38,-49,-13996,-5420,6084,-482,111,-169,0
690.7218511104584,8076,7160,11308,-94,-29,98,7068,-9972,9880,-46,106,-149,-13840,4292,5436,-1038,22,-16,-13848,-5436,6104,-487,103,-142,0
690.7555050849915,8068,7172,11432,-94,-57,66,6988,-10064,10164,-44,131,-161,-13620,4140,5400,-996,24,-59,-14020,-5356,5692,-448,161,-147,0
690.7890870571136,8104,7372,11492,-118,-100,82,7072,-10084,9808,-48,99,-191,-13888,4228,5552,-985,66,-95,-13888,-5304,5692,-462,139,-158,0
690.822683095932,8056,6928,11204,-62,-47,99,7044,-10024,9924,-19,104,-137,-14064,4364,5272,-996,44,-70,-14292,-5208,5876,-496,91,-173,0
690.8560221195221,7996,7392,11288,-60,-27,90,7056,-10060,9896,-34,103,-161,-13908,4212,5468,-1001,43,-55,-13956,-5492,5816,-472,64,-168,0
690.8892619609833,7976,7228,11312,-108,-47,68,7000,-10004,9944,-32,118,-172,-13844,4228,5592,-976,50,-22,-13984,-5220,5892,-464,120,-143,0
690.9228529930115,8092,7140,11124,-107,-76,105,7060,-9992,10008,-44,132,-153,-13804,4212,5788,-1017,81,-57,-14016,-5308,5752,-484,120,-151,0
690.9567289352417,8088,7108,11372,-131,-71,89,7028,-9976,9920,-26,107,-179,-13900,4340,5240,-1004,109,-84,-13912,-5400,5972,-494,137,-94,0
690.9901030063629,8028,7024,11332,-126,-70,123,7052,-10004,9984,-51,79,-172,-13908,4340,5340,-1021,99,-92,-13980,-5312,5880,-491,173,-117,0
691.0237021446228,7984,7168,11452,-94,-79,118,7020,-10116,10052,-41,78,-169,-14000,4292,5432,-1010,131,-126,-14024,-5352,5852,-493,147,-115,0
691.057384967804,8044,7224,11316,-121,-46,90,7076,-10048,9924,-31,115,-167,-13644,4284,5340,-1038,104,-76,-13996,-5444,5948,-476,141,-101,0
691.0910279750824,8040,7068,11284,-126,-55,110,7036,-10024,9900,-26,123,-156,-13852,4228,5404,-1010,110,-45,-13908,-5532,5888,-473,126,-154,0
691.124685049057,8016,7152,11232,-137,-54,94,7152,-9992,9920,-50,127,-157,-13840,4304,5540,-1057,72,-45,-13896,-5460,5952,-481,149,-142,0
691.1579570770264,7948,7144,11204,-121,-57,77,7060,-9992,9964,-67,138,-150,-13812,4260,5344,-909,38,-80,-13880,-5172,5736,-454,120,-105,0
691.1913659572601,8044,7216,11448,-151,-71,87,7028,-10060,9852,-28,176,-165,-13720,4508,5520,-983,112,-104,-14200,-5460,5900,-485,143,-108,0
691.224888086319,8040,7160,11212,-143,-62,124,7068,-10112,10044,16,155,-186,-13772,4256,5480,-997,123,-102,-14040,-5576,5640,-499,174,-104,0
691.2584390640259,7932,7172,11436,-161,-83,119,6992,-10096,9836,-6,152,-187,-13924,4292,5484,-1007,136,-92,-13960,-5432,5856,-488,190,-64,0
691.2917830944061,7936,7292,11284,-171,-106,148,7052,-10056,9900,-8,119,-213,-13680,4300,5432,-1024,178,-125,-14048,-5388,5916,-501,212,-97,0
691.3287069797516,7932,7108,11392,-162,-143,134,7100,-10184,9868,25,122,-237,-13900,4288,5412,-1013,96,-148,-13888,-5364,6128,-494,194,-76,0
691.3641469478607,7972,7408,11408,-190,-133,111,7032,-9956,9772,12,155,-220,-13856,4252,5184,-1000,142,-127,-13940,-5476,5920,-484,211,-60,0
691.3995969295502,8004,7156,11340,-207,-192,165,7104,-9976,9804,-256,164,-218,-13920,4284,5488,-1008,142,-169,-14152,-5356,5940,-456,163,-85,0
691.4349930286407,8116,7200,11332,-188,-269,128,7152,-10012,10220,-252,173,-194,-13876,4312,5284,-1001,132,-112,-14028,-5340,5836,-476,133,-110,0
691.4710459709167,8104,7060,11352,-224,-116,141,7112,-10096,10016,49,165,-201,-13872,4332,5244,-1276,128,-139,-14036,-5192,5936,-501,189,-84,0
691.5071771144867,8084,7208,11428,-234,-169,160,7336,-9976,9916,47,144,-190,-13864,4216,5204,-1013,104,-159,-13936,-5444,5908,-488,163,-75,0
691.542384147644,8180,7176,11320,-186,-142,145,7100,-10012,10024,22,182,-214,-13884,4272,5612,-999,142,-118,-14036,-5408,5948,-477,187,-84,0
691.5781760215759,8092,7096,11224,-251,-194,142,7092,-10048,10008,17,131,-244,-13888,4296,5504,-1006,142,-133,-13944,-5284,5796,-470,193,-80,0
691.6136429309845,8128,7100,11348,-169,-140,147,7144,-10060,9800,42,175,-180,-13892,4228,5576,-1030,96,-118,-13952,-5196,5856,-473,151,-54,0
691.6486229896545,8016,7172,11088,-189,-109,142,7008,-9968,9896,29,150,-146,-13860,4204,5424,-1015,120,-106,-13984,-5424,5764,-477,105,-74,0
691.6838979721069,8108,7136,11364,-201,-107,157,7032,-10080,9848,-31,149,-164,-13864,4100,5460,-1005,163,-114,-14012,-5308,5948,-460,139,-71,0
691.7196879386902,8068,7152,11332,-202,-140,170,7088,-10000,10032,23,90,-178,-13940,4160,5496,-1017,148,-113,-13948,-5408,5856,-459,157,-112,0
691.7549819946289,8076,7024,11168,-195,-191,167,7112,-9768,10096,24,89,-1,-13792,4252,5476,-1013,157,-153,-13932,-5260,5980,-458,221,-38,0
691.7904760837555,8052,7024,11044,-213,-198,175,7056,-10024,9860,4,115,-249,-13936,4300,5648,-1000,208,-118,-14044,-5420,5956,-473,189,-87,0
691.8255059719086,8180,7072,11304,-173,-163,175,7312,-10196,9928,13,118,-191,-13856,4236,5516,-1035,172,-141,-13936,-5320,5840,-473,168,-72,0
691.8617479801178,8124,7068,11328,-169,-159,127,7144,-10040,10024,48,166,-218,-13916,4252,5196,-1078,146,-89,-14076,-5624,5960,-471,198,-107,0
691.8971199989319,8008,7096,11292,-210,-143,155,7072,-9940,10032,49,188,-181,-13932,4148,5136,-1020,124,-128,-13840,-5376,5656,-497,192,-48,0
691.9318990707397,7992,7128,11056,-195,-162,132,7016,-10228,10092,21,180,-189,-14004,4200,5220,-998,129,-53,-13928,-5356,6056,-472,153,-111,0
691.968652009964,8128,7044,11304,-223,-137,153,7044,-10220,9844,2,31,-156,-13892,4340,5384,-957,121,-140,-14036,-5384,5676,-475,146,-66,0
692.0021939277649,8192,7116,11248,-221,-164,139,7080,-10168,9736,9,139,-183,-13844,4024,5608,-1280,112,-119,-14012,-5352,5648,-444,160,-117,0
692.0357069969177,8200,7068,11324,-218,-153,149,7076,-10236,10040,13,156,-196,-13884,4252,5240,-1015,110,-108,-14060,-5184,5748,-482,149,-119,0
692.0694320201874,8240,7048,11360,-141,-125,140,7004,-9992,10028,-8,69,-249,-13952,4256,5560,-992,103,-74,-14276,-5612,5692,-471,137,-109,0
692.1029119491577,8160,7076,11480,-110,-121,136,7212,-9872,9972,-29,87,-181,-13584,4232,5356,-1001,109,-95,-14024,-5296,5800,-480,168,-123,0
692.1361439228058,8176,7012,11176,-104,-57,99,7316,-9932,9940,-53,114,-162,-13876,4144,5372,-996,112,-97,-13860,-5364,5832,-463,153,-144,0
692.1697731018066,8236,7000,11032,-120,-70,100,7088,-9912,9980,-29,111,-167,-13900,4124,5292,-1012,104,-83,-13984,-5292,5956,-478,109,-110,0
692.2030930519104,8208,6996,11268,-83,-63,118,7080,-9980,9804,-52,116,-141,-13972,4256,5240,-1012,77,-56,-14024,-5356,6120,-491,109,-151,0
692.2368731498718,8192,7080,11300,-121,7,95,7120,-10040,9768,-47,125,-166,-13980,4148,5296,-775,73,-55,-14076,-5376,5852,-485,135,-153,0
692.2702641487122,8184,7092,11276,-97,-47,94,7096,-9884,9980,-50,99,-146,-13940,4280,5428,-1007,86,-57,-14028,-5400,5888,-481,131,-145,0
692.303717136383,8176,7012,11360,-27,7,31,7048,-10040,9876,-91,98,-154,-13960,4244,5468,-990,75,-80,-14020,-5508,5948,-471,128,-136,0
692.3372640609741,8092,7124,11480,-135,-77,57,7388,-10100,9856,-35,126,-166,-13916,4340,5284,-1011,101,-97,-14028,-5308,5900,-471,167,-146,0
692.3707950115204,8216,7000,11116,-80,-14,95,7120,-9960,10024,-48,102,-159,-13844,4536,5120,-1004,50,-27,-14016,-5356,5828,-484,122,-152,0
692.4041011333466,8068,6980,11304,-83,5,76,7088,-9972,9996,-46,107,-135,-13872,4148,5416,-1014,42,-18,-14080,-5484,5940,-475,98,-182,0
692.4377250671387,8088,7128,11372,-108,-17,65,7012,-10216,9952,-67,162,-151,-13908,4236,5328,-969,64,-86,-13976,-5436,5912,-480,119,-141,0
692.4712691307068,8112,7116,11264,-98,-26,80,7180,-10104,9776,-49,128,-175,-13900,4288,5316,-1002,84,-90,-13956,-5408,5784,-483,124,-156,0
692.5047540664673,8116,7032,11016,-81,-73,81,7060,-10000,10012,-41,110,-185,-14068,4152,5212,-984,71,-103,-13980,-5364,5948,-492,142,-139,0
692.5384349822998,8076,7052,11340,-160,-90,105,7020,-10008,9912,-65,95,-182,-13632,4204,5372,-1019,137,-103,-13952,-5320,5996,-487,146,-110,0
692.5720000267029,8108,6980,11508,-72,-29,123,7080,-10060,10144,-59,64,-159,-13824,4256,5292,-974,119,-53,-13932,-5224,5960,-488,127,-136,0
692.6054549217224,8384,7044,11356,-97,-45,92,7156,-9984,9932,-33,125,-171,-13844,4196,5336,-999,108,-81,-13992,-5612,5924,-486,115,-133,0
692.6432039737701,7976,7064,11408,-121,-38,87,7188,-10052,10052,-24,112,-163,-13964,4212,5220,-1010,66,-99,-14052,-5356,5724,-485,131,-154,0
692.677463054657,8140,6936,11400,-108,-51,95,7148,-9972,9924,-14,105,-171,-13844,4144,5456,-975,50,-53,-13968,-5440,6000,-482,131,-125,0
692.7111170291901,8104,7148,11336,-109,-27,100,7008,-9992,10160,-59,74,-172,-13832,4212,5208,-1014,83,-63,-14012,-5212,5856,-456,113,-137,0
692.7447991371155,8068,7168,11336,-114,-51,81,7008,-10000,10028,-61,146,-198,-13896,4212,5196,-990,64,-53,-14000,-5432,6036,-461,112,-137,0
692.778067111969,8188,7096,11460,-99,-67,90,7048,-10048,9940,-55,130,-166,-13852,4252,5476,-1005,85,-60,-13968,-5332,6060,-474,148,-144,0
692.8115861415863,8132,7100,11296,-106,-48,94,7144,-10016,9940,-35,94,-162,-13804,4192,5560,-991,80,-109,-14044,-5308,5960,-480,146,-140,0
692.8452379703522,8108,7052,11268,-133,-59,101,7032,-10232,9752,-29,84,-222,-14056,4128,5188,-991,113,-113,-13952,-5392,6008,-478,150,-120,0
692.8786680698395,7996,7068,11016,-92,-55,111,7004,-9976,9968,-23,96,-184,-13916,4180,5444,-997,104,-78,-13956,-5384,5832,-477,187,-145,0
692.9119091033936,8108,7116,11200,-115,-91,114,7128,-10204,9960,15,133,-219,-14044,4188,5416,-1000,102,-59,-14028,-5312,5876,-466,160,-120,0
692.9455161094666,7972,7396,11208,-132,-83,78,7128,-9976,10068,-49,121,-196,-13916,4212,5492,-986,86,-68,-14092,-5484,5996,-473,109,-135,0
692.9791460037231,8180,7112,11064,-110,-58,107,7400,-10240,10180,-45,133,-162,-13904,4320,5460,-1011,67,-31,-13976,-5152,5908,-497,112,-132,0
693.0170900821686,8112,7100,11344,-142,-18,96,7140,-9908,9884,18,114,-147,-13880,4268,5404,-1027,50,-52,-13996,-5404,5912,-492,146,-154,0
693.0523679256439,8120,7288,11288,-134,-57,101,7236,-10064,9780,-24,63,-142,-13812,4240,5404,-1041,60,-63,-14032,-5344,5972,-515,122,-102,0
693.0880839824677,8076,6916,11076,-109,-62,102,7076,-10236,9756,-21,92,-181,-13816,4132,5356,-974,100,-91,-13956,-5456,6016,-462,144,-156,0
693.1231689453125,7912,7132,11128,-125,-76,86,7104,-9976,9800,-46,125,-197,-13916,4292,5508,-1007,105,-78,-14048,-5384,5880,-462,150,-132,0
693.1588160991669,8036,7084,11368,-92,-35,94,7408,-10028,9932,-32,97,-169,-13832,4296,5676,-987,61,-28,-14036,-5344,5888,-495,106,-163,0
693.1942229270935,8128,7288,11340,-97,-34,103,7108,-10028,9832,-37,95,-146,-13820,4208,5560,-1006,57,-55,-13980,-5408,5988,-471,109,-110,0
693.2295119762421,8036,7148,11344,-138,-35,94,7084,-9996,10024,-64,161,-158,-13832,4324,5160,-983,78,-63,-14052,-5212,6032,-488,117,-135,0
693.264673948288,8064,7136,11476,-132,-28,106,7148,-10000,9872,-22,142,-152,-13884,4276,5488,-996,102,-129,-13924,-5444,5916,-484,145,-89,0
693.3007409572601,8068,7144,11304,-145,-73,122,7032,-10016,9940,-11,118,-179,-13864,4288,5388,-1012,153,-87,-14016,-5312,5992,-490,172,-58,0
693.3360149860382,7980,7100,11284,-127,-112,131,7136,-10112,9876,-30,120,-205,-13800,4236,5380,-1016,182,-92,-13916,-5396,5904,-500,205,-80,0
693.3718190193176,8020,7164,11272,-189,-103,156,7124,-10032,10012,0,146,-204,-13840,4212,5416,-1002,175,-147,-13980,-5360,6044,-503,172,-89,0
693.4076550006866,8016,7212,11288,-175,-87,147,7176,-10028,10024,5,151,-209,-14036,4332,5592,-775,123,-125,-13968,-5452,5992,-487,178,-90,0
693.4428141117096,8044,7220,11416,-202,-140,124,7096,-10000,9940,11,195,-187,-13944,4220,5596,-996,148,-121,-13972,-5344,5844,-496,167,-106,0
693.4781830310822,8076,6972,11212,-223,-136,143,7088,-9896,10108,40,170,-203,-14076,4164,5148,-977,149,-108,-14016,-5356,6056,-477,180,-61,0
693.5137119293213,8092,7092,11380,-234,-146,137,7096,-9968,9844,16,165,-208,-13984,4292,5404,-977,138,-155,-13988,-5324,5868,-456,191,-67,0
693.5497059822083,8108,7160,11200,-217,-107,131,6960,-9992,10096,28,169,-209,-13892,4140,5360,-1003,150,-132,-13964,-5460,5924,-469,190,-83,0
693.5849559307098,7812,7132,11064,-230,-141,144,7108,-10008,9996,25,164,-210,-13992,4096,5488,-975,147,-107,-13888,-5448,5860,-483,172,-82,0
693.6208999156952,8080,7080,11244,-227,-131,150,7108,-9904,9832,28,164,-204,-13900,4172,5540,-992,164,-124,-14284,-5384,5756,-457,181,-52,0
693.6575500965118,8032,6996,11392,-206,-171,139,7072,-10004,9892,26,162,-228,-13716,4212,5368,-997,169,-118,-13992,-5464,6140,-498,185,-65,0
693.6910569667816,7944,7340,11044,-205,-164,167,7332,-9880,10076,28,148,-219,-13820,4248,5348,-1028,165,-124,-14044,-5404,5992,-487,168,-76,0
693.7247700691223,8104,7140,11136,-219,-146,159,7036,-9960,10068,67,158,-224,-13928,4224,5480,-997,123,-146,-14012,-5416,5964,-470,157,-69,0
693.7583420276642,7960,6940,11008,-210,-161,142,7168,-9884,9996,29,166,-159,-13868,4196,5316,-1006,139,-144,-13976,-5348,6108,-479,147,-107,0
693.7919039726257,8044,7024,11484,-211,-139,173,7164,-9960,10220,43,147,-195,-13900,4196,5324,-999,154,-176,-14044,-5388,5852,-480,169,-81,0
693.82546210289,8072,7068,11196,-241,-189,169,7016,-9888,9820,7,131,-188,-13868,4184,5500,-968,169,-105,-13924,-5340,6096,-466,148,-88,0
693.8591001033783,8132,7076,11444,-193,-178,157,7088,-9964,10008,21,158,-177,-13824,4168,5448,-1009,142,-92,-14028,-5276,6012,-478,130,-97,0
693.8922729492188,8152,7136,11332,-198,-147,147,7076,-9976,9916,64,144,-195,-13856,4156,5204,-1062,118,-124,-13960,-5340,5892,-760,180,-105,0
693.925626039505,8032,7100,11372,-218,-158,160,7052,-9928,9900,28,134,-188,-13604,4184,5184,-997,124,-128,-14072,-5396,5816,-464,168,-104,0
693.9592459201813,8388,6944,11008,-153,-119,122,7120,-10028,10036,9,160,-189,-13944,4260,5276,-982,125,-115,-14132,-5372,6144,-475,144,-90,0
693.99289894104,8168,7056,11356,-239,-175,136,7192,-10016,9912,25,156,-217,-13860,4244,5368,-1275,115,-120,-14032,-5164,6044,-478,143,-92,0
694.0264699459076,8100,7024,11408,-181,-97,128,7104,-9844,9764,17,170,-166,-13956,4276,5344,-1033,78,-73,-13864,-5376,5708,-486,113,-124,0
694.0601100921631,8184,7088,11188,-137,-83,117,7136,-9912,10028,-22,172,-143,-14004,4140,5276,-1102,93,-60,-13956,-5368,5940,-484,91,-116,0
694.0937509536743,8260,7004,11344,-182,-82,110,7044,-9964,10096,-15,137,-186,-13868,4208,5292,-993,93,-96,-13968,-5288,5892,-466,151,-133,0
694.1274049282074,8184,7000,11428,-150,-160,111,7056,-10044,10020,-40,118,-195,-13840,4176,5516,-998,106,-138,-13956,-5352,6096,-507,161,-132,0
694.160670042038,8184,7040,11260,-95,-141,105,7356,-9928,9916,-44,92,-188,-13932,4152,5212,-1005,126,-102,-13980,-5296,6092,-493,162,-126,0
694.1942720413208,8080,7016,11040,-132,-81,101,7268,-9892,9964,-51,106,-198,-13872,4236,5476,-974,101,-37,-13992,-5244,5964,-455,161,-112,0
694.2275829315186,8260,7048,11172,-136,-65,121,7076,-9824,10048,-63,74,-176,-13956,4252,5260,-1002,112,-69,-14012,-5292,5888,-465,141,-134,0
694.2611970901489,8252,7032,11396,-106,-61,90,6920,-9944,10116,-45,104,-159,-13920,4244,5360,-1008,102,-79,-14072,-5352,6004,-473,132,-147,0
694.2945981025696,8224,7000,11216,-113,-52,80,7176,-9848,10036,-52,105,-181,-13888,4264,5540,-1008,82,-96,-13960,-5240,6136,-475,140,-135,0
694.3281791210175,8084,7136,11360,-75,-86,128,7084,-9944,9736,-41,89,-172,-13988,4188,5436,-1028,114,-41,-13920,-5320,5984,-470,137,-130,0
694.361603975296,8044,7120,11068,-107,-54,87,7072,-9956,9904,-60,126,-164,-13844,4312,5628,-980,75,-16,-14020,-5384,6024,-502,114,-130,0
694.3949649333954,8140,7096,11380,-118,-38,106,7144,-9980,10156,-55,91,-187,-13916,4260,5608,-992,102,-75,-13940,-5332,5992,-476,165,-161,0
694.4286229610443,8096,7072,11328,-85,-25,101,7104,-9904,9968,-58,127,-165,-13860,4140,5400,-998,61,-73,-13940,-5348,6060,-494,126,-124,0
694.4619851112366,8152,7176,11340,-109,-56,110,7116,-9976,10000,-41,100,-179,-14052,4116,5300,-992,93,-105,-14000,-5292,6024,-488,128,-119,0
694.4954941272736,8156,7044,11396,-96,-57,121,7120,-10236,9752,-46,104,-144,-13996,4284,5380,-987,112,-83,-13916,-5356,6132,-502,137,-159,0
694.5292339324951,8196,7100,11320,-73,-60,119,6940,-9868,9768,-61,79,-184,-13868,4140,5492,-1020,97,-64,-13656,-5596,6016,-492,143,-121,0
694.5629510879517,8008,7068,11368,-109,-83,109,7072,-9748,10220,-51,107,-195,-13988,4244,5488,-1001,109,-66,-14008,-5320,5988,-485,146,-132,0
694.5967271327972,8000,7008,11176,-133,-76,105,7112,-10180,10036,-56,131,-164,-13896,4248,5340,-985,104,-49,-14116,-5192,5884,-473,113,-130,0
694.6302399635315,7948,7024,11364,-78,-59,99,7156,-9968,10148,-47,123,-155,-13864,4236,5484,-1012,83,-62,-14116,-5224,6072,-262,126,-128,0
694.6635410785675,7972,7040,11136,-140,-47,89,7248,-9968,10056,7,93,-162,-13956,4104,5328,-777,42,-45,-14156,-5124,5908,-500,142,-160,0
694.7019100189209,8080,7420,11084,-80,-42,89,7176,-9860,9952,-34,127,-153,-13820,4208,5360,-1018,63,-62,-14064,-5348,6112,-456,126,-164,0
694.7380781173706,8028,7156,11332,-124,-14,93,7264,-10032,10088,-6,87,-150,-13588,4116,5324,-965,74,-96,-13992,-5324,6044,-450,134,-109,0
694.7731800079346,8096,7052,11212,-151,-83,97,7060,-9904,9956,-46,104,-195,-13584,4272,5300,-993,80,-63,-14240,-5164,5888,-470,146,-136,0
694.809198141098,8100,7064,11060,-82,-71,92,7056,-9908,9852,-256,106,-152,-13864,4240,5512,-1007,34,-60,-13996,-5328,5960,-476,115,-139,0
694.8445980548859,8200,7088,11508,-91,-18,80,7156,-10036,9980,-30,127,-147,-13892,4204,5528,-769,28,-45,-13980,-5408,5956,-471,136,-159,0
694.8802030086517,8068,7156,11028,-122,-54,84,7128,-9932,10216,-24,151,-180,-13824,4220,5548,-994,87,-69,-14016,-5388,5844,-460,118,-154,0
694.91552901268,8044,7152,11228,-154,-73,85,7060,-9940,10044,-16,114,-183,-14004,4300,5140,-994,68,-80,-13956,-5308,6052,-493,158,-136,0
694.9517879486084,8072,7084,11280,-124,-78,115,7356,-9948,10116,-39,95,-196,-13768,4144,5364,-992,107,-83,-13888,-5348,5940,-488,151,-133,0
694.9882800579071,8012,6956,11240,-107,-60,132,6976,-9980,9988,-43,63,-163,-13912,4196,5528,-999,105,-71,-14048,-5304,5916,-488,154,-116,0
695.0234861373901,7992,7044,11492,-141,-127,124,7100,-9908,9996,19,23,-173,-13900,4220,5288,-964,119,-101,-13972,-5236,5976,-470,137,-117,0
695.0591270923615,8144,7056,11268,-135,-31,89,7096,-10016,9988,-22,135,-192,-13836,4244,5148,-1019,86,-40,-13968,-5336,5888,-468,136,-159,0
695.0944719314575,8068,7088,11376,-154,-65,100,7092,-9832,10048,-25,120,-156,-13880,4268,5396,-1021,64,-52,-14000,-5304,5996,-479,139,-127,0
695.1301910877228,8096,7128,11340,-140,-54,111,7060,-9744,9856,-30,124,-153,-13872,4164,5564,-954,61,-68,-13952,-5252,5964,-472,136,-132,0
695.1657440662384,8200,7088,11384,-142,-55,109,7116,-9956,9736,-50,134,-179,-13844,4232,5408,-976,98,-70,-13940,-5204,6028,-469,131,-153,0
695.2008950710297,8056,7136,11276,-141,-65,108,6912,-9944,10016,-28,146,-172,-13848,4276,5480,-983,90,-78,-13920,-5300,6000,-498,142,-105,0
695.2361929416656,7984,7128,11340,-141,-98,113,7144,-10060,9904,-19,128,-178,-13832,4232,5284,-994,59,-59,-14084,-5352,5956,-477,158,-146,0
695.2721679210663,7988,7140,11252,-123,-53,111,7128,-9944,9740,-26,121,-186,-13884,4276,5464,-998,116,-91,-13924,-5176,6076,-491,160,-136,0
695.3077809810638,7992,7116,11460,-147,-63,108,7088,-10024,10004,-54,102,-181,-13932,4180,5416,-1033,103,-90,-13956,-5332,5804,-499,168,-140,0
695.3437449932098,8168,7076,11336,-137,-63,144,7196,-9968,10084,-28,132,-177,-13876,4216,5508,-1012,111,-94,-14036,-5340,6052,-476,150,-94,0
695.3774120807648,8060,7152,11148,-113,-88,117,7144,-9920,10156,-31,112,-166,-13776,4188,5208,-1014,122,-50,-14008,-5284,5948,-484,137,-110,0
695.4106531143188,8052,7112,11272,-112,-66,112,7080,-9984,9896,-52,109,-155,-13944,4232,5492,-999,84,-57,-13940,-5340,6020,-475,144,-98,0
695.4441180229187,8068,7044,11380,-144,-41,106,7396,-9956,9912,-47,127,-187,-13916,4300,5404,-989,114,-87,-13948,-5388,6024,-463,137,-126,0
695.4775729179382,8016,7072,11384,-139,-57,106,7208,-9832,9964,-68,151,-157,-13840,4240,5264,-989,96,-83,-13996,-5400,5956,-490,127,-142,0
695.5108439922333,8124,7112,11504,-150,-43,102,7188,-10068,9756,-44,152,-152,-13960,4288,5432,-1005,96,-71,-14008,-5232,5952,-258,145,-135,0
695.5443279743195,8044,7044,11444,-193,-47,104,7128,-9868,9924,8,140,-168,-14044,4264,5560,-1030,56,-60,-13908,-5380,5928,-523,161,-131,0
695.5779550075531,8048,7304,11148,-160,-64,103,7196,-9928,9780,-32,219,-166,-13832,4252,5576,-1038,102,-127,-13836,-5392,6040,-488,169,-110,0
695.6112189292908,8048,7064,11360,-157,-104,122,7092,-9952,9936,-253,140,-188,-13860,4088,5472,-1002,111,-119,-14012,-5344,6004,-468,173,-97,0
695.6446449756622,8156,7156,11328,-183,-76,110,7324,-9776,9888,-31,149,-199,-13884,4148,5412,-972,98,-120,-14060,-5376,6040,-477,175,-89,0
695.6782381534576,8012,7112,11504,-151,-64,123,7124,-10016,10040,10,149,-164,-13888,4176,5532,-995,112,-65,-13844,-5556,5840,-477,129,-87,0
695.7114250659943,8064,7152,11324,-161,-94,105,7012,-9848,9772,6,166,-160,-13752,4316,5296,-988,124,-97,-13940,-5416,6088,-485,152,-93,0
695.7449100017548,8028,7124,11360,-195,-95,117,6916,-9972,9900,253,168,-192,-13572,4272,5528,-967,126,-138,-13984,-5360,6136,-493,201,-89,0
695.7784609794617,7932,7068,11284,-211,-134,118,7040,-10000,10016,5,181,-218,-13856,4208,5408,-997,119,-178,-13844,-5372,6000,-496,196,-72,0
695.8119189739227,8040,6952,11340,-169,-154,137,7188,-9860,9872,16,143,-217,-13908,4184,5352,-980,141,-146,-13976,-5324,6100,-471,200,-60,0
695.8455300331116,8056,7032,11220,-232,-183,151,7144,-9916,9932,41,148,-225,-13832,4276,5580,-1002,175,-161,-13988,-5172,5952,-492,199,-50,0
695.8791959285736,8160,7084,11516,-191,-134,157,7156,-9936,9844,31,147,-195,-13920,4272,5560,-992,173,-136,-14020,-5368,5996,-486,171,-79,0
695.9123160839081,8076,7144,11304,-225,-131,149,7176,-9908,10032,15,177,-208,-13636,4256,5528,-1003,183,-146,-14024,-5332,5920,-479,187,-86,0
695.9457499980927,8032,7060,11284,-218,-149,146,7316,-9876,9748,40,149,-193,-13968,4188,5344,-1280,140,-169,-14044,-5244,6036,-502,207,-64,0
695.9791460037231,8140,7040,11244,-190,-127,145,7164,-9944,10040,36,145,-174,-13880,4256,5344,-1017,151,-85,-14008,-5300,6064,-478,158,-95,0
696.0128130912781,8068,7064,11308,-199,-149,149,7180,-9868,9984,13,132,-187,-13924,3904,5296,-992,150,-94,-13976,-5384,6012,-467,152,-73,0
696.0464489459991,8084,7036,11280,-218,-113,140,7156,-9836,9992,25,129,-219,-13888,4348,5464,-978,112,-95,-13856,-5612,6124,-486,175,-69,0
696.0800409317017,8408,7084,11304,-199,-127,129,7264,-9956,9736,254,185,-181,-13644,4396,5472,-1011,121,-150,-13960,-5264,5964,-472,160,-97,0
696.1133680343628,8032,7100,11264,-202,-136,154,7072,-9872,9940,9,169,-197,-13868,4172,5456,-1279,167,-150,-14052,-5332,6020,-475,170,-87,0
696.1466810703278,8120,7040,11252,-209,-173,156,7156,-10156,10024,18,93,-210,-13728,4256,5424,-1003,162,-142,-14008,-5316,6068,-432,209,-67,0
696.1803390979767,8068,7036,11160,-210,-178,141,7068,-9908,10024,15,128,-197,-13948,4296,5344,-986,176,-118,-14108,-5216,6028,-474,147,-87,0
696.2137229442596,8108,7084,11216,-203,-164,150,7176,-9828,9888,33,107,-200,-13992,4268,5308,-1002,140,-107,-14080,-5316,6080,-476,174,-75,0
696.2473640441895,8196,6968,11356,-214,-182,141,7228,-9928,10096,32,140,-198,-13932,4220,5340,-1016,179,-109,-14052,-5572,5984,-456,170,-91,0
696.2810990810394,8068,7100,11340,-237,-152,150,7280,-9824,10032,42,135,-201,-13968,4168,5516,-769,158,-129,-13968,-5360,5888,-445,154,-68,0
696.3145611286163,7948,6964,11236,-235,-172,182,7196,-9804,10176,7,121,-169,-13956,4120,5448,-987,126,-93,-14040,-5580,6000,-445,111,-84,0
696.3506591320038,8216,6932,11416,-219,-140,146,6928,-9852,10036,44,150,-160,-13908,4296,5384,-1038,91,-143,-14336,-5304,5912,-491,136,-76,0
696.3859629631042,8152,7028,11440,-212,-169,124,7176,-9856,10116,46,152,-187,-13952,4148,5440,-1002,80,-98,-13852,-5144,6008,-486,162,-134,0
696.4216511249542,8200,7132,11332,-123,-116,120,7100,-9888,10068,5,155,-184,-13912,4212,5384,-1006,122,-100,-13916,-5336,5964,-472,150,-106,0
696.4580380916595,8104,6980,11352,-188,-157,101,7100,-9900,9996,-14,148,-207,-13856,4192,5456,-984,127,-151,-14152,-5196,6048,-441,194,-82,0
696.4929440021515,8172,7164,11316,-159,-185,125,7220,-9808,10052,-13,14,-163,-13876,4096,5236,-925,84,-85,-14036,-5356,5900,-497,112,-129,0
696.5286519527435,8284,6968,11380,-91,-69,107,7192,-9796,10172,-51,125,-133,-13944,4068,5448,-993,37,-57,-13996,-5268,5928,-477,62,-163,0
696.5637099742889,8120,7040,11136,-107,-33,66,7392,-9828,9804,-70,138,-145,-13860,4248,5328,-967,33,-28,-14020,-5368,5984,-473,110,-150,0
696.599130153656,8148,7036,11400,-97,-29,72,6964,-9784,10080,-54,128,-160,-13952,4204,5364,-999,64,-111,-14060,-5288,6068,-475,138,-137,0
696.6341741085052,8104,6924,11348,-106,-68,101,7100,-9864,10024,-61,66,-203,-13868,4280,5512,-998,114,-39,-13964,-5340,5928,-482,171,-135,0
696.6712720394135,7992,6972,11472,-145,-108,86,7176,-9876,10080,-66,60,-191,-13924,4212,5424,-1007,121,-48,-13976,-5204,6040,-483,149,-100,0
696.7062299251556,8028,6952,11216,-75,-65,112,7076,-9792,9948,-81,63,-187,-13884,4276,5228,-985,110,-84,-14060,-5280,6048,-485,134,-134,0
696.7422449588776,8140,7004,11332,-98,-67,71,6952,-9896,10072,-61,142,-156,-14056,4152,5272,-1012,77,-100,-14052,-5264,6140,-474,157,-152,0
696.7785060405731,8116,6928,11020,-114,-38,79,7144,-9840,9840,-33,127,-191,-13864,4396,5404,-1009,73,-71,-13976,-5248,6028,-766,133,-149,0
696.8138449192047,8140,7128,11484,-107,-38,69,7108,-9956,9808,-63,110,-191,-13840,4160,5428,-987,67,-102,-13896,-5312,6040,-508,144,-156,0
696.8496730327606,8100,6992,11348,-91,-68,81,6964,-9884,10064,-63,94,-169,-13924,4200,5348,-993,95,-79,-14048,-5332,5968,-452,143,-160,0
696.8849799633026,8136,7016,11336,-102,-77,91,7068,-9732,10028,-70,131,-227,-13832,4212,5400,-965,111,-72,-14016,-5280,6076,-481,170,-121,0
696.9201769828796,8284,7048,11304,-114,-66,103,6920,-9932,10024,-56,91,-193,-13844,4296,5340,-976,107,-101,-13864,-5324,5972,-490,160,-114,0
696.9558219909668,8044,7036,11252,-114,-77,108,7128,-9956,9756,-47,109,-172,-13756,4192,5020,-996,107,-79,-13940,-5236,5964,-495,156,-121,0
696.9918251037598,8216,7032,11332,-138,-89,92,7096,-9880,9992,-49,98,-182,-13804,4308,5396,-995,110,-66,-13956,-5312,6140,-490,147,-143,0
697.0277190208435,8152,7012,11464,-103,-44,90,7368,-9864,10028,-30,107,-157,-13932,4244,5416,-1006,93,-43,-13972,-5272,5940,-490,147,-122,0
697.0613970756531,8120,7372,11364,-132,-73,100,7120,-9868,9932,-66,151,-201,-13912,4148,5332,-969,107,-75,-14036,-5292,6036,-488,127,-117,0
697.0948970317841,8072,6924,11352,-110,-89,102,7192,-9880,10092,-56,117,-159,-13948,4208,5132,-995,39,-90,-13912,-5252,5956,-492,106,-128,0
697.1284201145172,7936,7084,11204,-127,-49,89,7384,-9940,10208,15,144,-129,-14016,4156,5500,-1036,47,-71,-13940,-5280,6008,-480,134,-151,0
697.1616659164429,8116,7144,11008,-148,-62,96,7160,-9816,10052,-45,123,-148,-14032,4152,5512,-994,59,-36,-13888,-5316,6084,-482,119,-155,0
697.1953120231628,8388,7108,11352,-102,-45,69,7140,-9764,9880,-44,162,-144,-13972,4216,5344,-983,60,-55,-14068,-5344,5892,-488,139,-136,0
697.2290740013123,8132,7000,11392,-184,-70,81,7208,-9904,9956,-74,151,-185,-14036,4148,5600,-992,86,-82,-14028,-5248,6096,-458,167,-114,0
697.2625501155853,7936,7000,11444,-128,-69,71,7172,-9944,9940,-26,132,-165,-13884,4176,5408,-993,70,-51,-13936,-5336,6108,-473,130,-143,0
697.296159029007,8132,7004,11360,-74,-31,87,6916,-9860,10124,-22,149,-139,-13956,4252,5404,-1018,48,-71,-13908,-5252,6064,-490,115,-144,0
697.3297939300537,8024,7080,11472,-120,-56,84,7172,-9908,9948,-74,92,-134,-13872,4196,5200,-993,53,-87,-13976,-5140,6084,-491,108,-148,0
697.3634569644928,8112,7092,11380,-134,-51,82,7224,-9924,10060,-31,136,-153,-13884,4160,5216,-992,66,-58,-14036,-5616,6112,-257,137,-145,0
697.3968529701233,8152,7104,11352,-142,-97,86,7068,-10168,9952,-49,94,-166,-14068,4232,5596,-1007,39,-19,-13864,-5256,6020,-489,155,-119,0
697.4303290843964,8056,7052,11444,-138,-104,90,7160,-9856,9996,-17,92,-185,-13740,4292,5144,-1025,84,-79,-13976,-5236,5976,-492,155,-130,0
697.4638569355011,7988,7072,11364,-121,-103,117,7040,-9748,10016,-19,77,-193,-13804,4188,5332,-999,107,-102,-13832,-5616,5928,-498,141,-127,0
697.4973759651184,8172,7076,11400,-142,-106,134,7200,-9860,9944,-38,97,-173,-13960,4172,5592,-978,91,-89,-13956,-5268,6060,-490,158,-144,0
697.5308449268341,8076,7088,11280,-120,-74,109,7208,-9832,10200,-21,139,-170,-13944,4204,5448,-1003,114,-75,-14236,-5316,6152,-505,156,-145,0
697.5644309520721,8084,6984,11352,-120,-67,89,7164,-9848,9884,-16,117,-188,-13880,4184,5440,-1039,73,-74,-13948,-5316,6020,-510,138,-142,0
697.5979559421539,7988,7152,11224,-133,-104,103,7056,-9900,9936,-44,94,-172,-13912,4308,5428,-1000,49,-67,-13924,-5304,5992,-494,126,-142,0
697.6313769817352,8032,7072,11316,-130,-51,70,7028,-9852,9840,-54,161,-171,-13860,4192,5608,-994,64,-73,-13836,-5320,5984,-480,131,-110,0
697.6672899723053,8120,6988,11192,-140,-70,94,7160,-9836,9992,-28,151,-184,-13780,4324,5168,-1008,94,-79,-14040,-5216,6028,-503,158,-116,0
697.7013709545135,8040,7036,11348,-127,-77,103,7156,-9912,9992,-56,145,-168,-13896,4208,5132,-1003,97,-85,-13952,-5272,6100,-501,117,-116,0
697.7348921298981,8100,7056,11240,-123,-68,121,7064,-9904,9964,-46,151,-171,-13912,4216,5432,-1004,123,-68,-13988,-5252,6068,-463,153,-113,0
697.7684581279755,8076,7144,11284,-136,-72,99,7040,-9932,9972,-41,104,-189,-13632,4164,5408,-1001,86,-68,-13936,-5332,5992,-258,152,-125,0
697.8018839359283,7964,7000,11344,-120,-98,105,7072,-9840,10036,-19,170,-176,-13956,4168,5512,-1014,122,-116,-13960,-5272,5948,-512,170,-119,0
697.835520029068,8112,7116,11108,-99,-87,125,7132,-9932,10068,-26,131,-183,-13920,4208,5400,-1020,112,-75,-14000,-5264,5948,-259,140,-112,0
697.8692400455475,8100,7116,11356,-123,-69,107,6936,-9848,9984,-36,132,-182,-13792,4248,5564,-770,107,-99,-13836,-5256,6080,-495,147,-121,0
697.9024720191956,8108,7100,11368,-161,-82,122,7380,-9904,10052,253,140,-186,-13612,4272,5516,-993,134,-97,-13940,-5508,6032,-471,188,-86,0
697.936017036438,8036,7044,11392,-174,-103,105,7176,-9856,9824,-13,171,-189,-13952,4148,5556,-980,114,-79,-13904,-5208,5900,-482,163,-82,0
697.9697439670563,8104,7128,11308,-164,-100,159,7208,-9856,9972,-15,149,-186,-13900,4340,5620,-995,125,-92,-13908,-5344,6036,-523,160,-104,0
698.0032241344452,8180,6928,11400,-192,-146,141,7180,-9868,10012,26,170,-184,-13860,4244,5456,-770,81,-154,-13948,-5548,6068,-519,197,-100,0
698.0396740436554,8100,7388,11400,-195,-152,127,7100,-9860,10020,17,173,-215,-13744,4192,5644,-1026,120,-106,-13900,-5500,6084,-494,187,-88,0
698.0750319957733,7940,7004,11252,-174,-129,102,6936,-9936,9880,255,155,-223,-13892,4212,5464,-1010,113,-99,-14024,-5248,5972,-483,196,-111,0
698.1112079620361,8144,7168,11356,-212,-147,132,6996,-9836,9772,19,155,-232,-13880,4308,5432,-964,134,-152,-14072,-5204,5964,-485,203,-87,0
698.1463689804077,8120,7068,11344,-147,-146,117,7052,-9872,9996,12,163,-194,-13920,4172,5424,-1001,114,-91,-13984,-5216,6028,-488,145,-98,0
698.1825160980225,8080,7100,11300,-181,-125,123,7044,-9860,9728,-7,148,-186,-13792,4268,5376,-995,94,-104,-14060,-5356,6140,-480,134,-89,0
698.2182419300079,8124,7028,11260,-191,-140,144,7184,-9840,10144,-11,155,-176,-14080,4176,5264,-996,124,-137,-13960,-5292,6076,-483,162,-105,0
698.2532970905304,8100,7064,11292,-202,-163,143,7152,-9848,10200,253,163,-190,-13852,4156,5396,-1013,116,-104,-13960,-5300,6072,-504,187,-76,0
698.289176940918,7944,6972,11304,-194,-169,161,7160,-9896,9892,31,154,-194,-13808,4256,5404,-1015,151,-146,-13988,-5216,5940,-504,210,-78,0
698.325031042099,8228,7028,11180,-183,-179,151,7152,-9764,10172,21,130,-206,-13868,4200,5604,-993,146,-121,-14064,-5320,5944,-492,160,-85,0
698.3606879711151,8208,7016,11500,-172,-167,157,7144,-9832,10168,27,159,-191,-13944,4192,5488,-982,153,-128,-13984,-5284,6036,-487,158,-78,0
698.3962030410767,8096,7056,11060,-205,-146,138,7124,-9812,9756,22,167,-192,-13896,4272,5176,-1001,155,-92,-14076,-5220,5856,-490,178,-83,0
698.432471036911,8136,7096,11124,-201,-175,170,6952,-9912,10184,12,168,-176,-13868,4116,5512,-1021,126,-115,-13888,-5312,6100,-474,176,-77,0
698.4675099849701,8380,7048,11140,-143,-456,127,7136,-9768,10048,48,147,-201,-13792,4104,5476,-1018,136,-69,-14028,-5624,6056,-479,175,-68,0
698.5036749839783,8196,7012,11256,-208,-160,123,7260,-9880,10016,6,169,-227,-13972,4164,5340,-1005,122,-138,-14012,-5268,6108,-477,201,-82,0
698.5399060249329,7984,6944,11208,-202,-183,140,7392,-9868,9852,13,146,-212,-13844,4268,5224,-1009,119,-125,-14012,-5264,5972,-497,203,-83,0
698.5748810768127,8256,7000,11352,-195,-167,142,7200,-9828,9944,50,155,-170,-13860,4148,5416,-1016,136,-106,-14020,-5284,6116,-491,162,-71,0
698.6111690998077,8256,7052,11240,-212,-136,128,6972,-9816,10128,53,141,-199,-13848,4236,5528,-993,106,-114,-13948,-5252,5968,-507,169,-100,0
698.6470959186554,8196,6996,11440,-187,-172,135,7324,-9904,10124,46,153,-183,-13932,4136,5412,-1014,119,-121,-14048,-5220,5980,-495,191,-95,0
698.6838090419769,8148,7040,10820,-178,-182,152,6924,-9796,10076,27,152,-191,-13772,4224,5544,-988,121,-122,-13832,-5288,5752,-488,173,-116,0
698.7174401283264,8264,7068,11508,-204,-166,150,7164,-9764,10016,19,159,-165,-13860,4140,5500,-1029,150,-98,-14076,-5268,5992,-463,154,-85,0
698.7510840892792,8316,7024,11320,-227,-174,136,7176,-9852,10104,4,148,-202,-13612,4164,5204,-1012,149,-77,-13940,-5444,5916,-450,127,-109,0
698.7847850322723,8264,7008,11308,-154,-135,149,7184,-9864,9896,-20,113,-153,-13576,4240,5308,-967,100,-115,-14136,-5172,6060,-483,92,-117,0
698.8184161186218,8228,6948,11252,-159,-86,119,7404,-9900,10000,15,93,-162,-13828,4228,5396,-1034,76,-97,-13904,-5336,5940,-522,153,-152,0
698.8518760204315,8148,7032,11348,-163,-118,88,7116,-9756,9800,-23,135,-180,-13836,4172,5340,-1002,67,-65,-14024,-5356,6028,-473,135,-126,0
698.8852739334106,8164,7032,11372,-105,-54,69,7200,-9760,10080,-43,127,-155,-13960,4232,5144,-991,97,-41,-13904,-5224,5912,-476,156,-139,0
698.9205911159515,7980,6924,11192,-159,-74,94,7224,-9876,9952,-38,134,-202,-13776,4220,5144,-1266,108,-96,-13960,-5176,5996,-463,174,-114,0
698.9541540145874,8300,6892,11284,-121,-36,106,7224,-9772,9984,-53,101,-150,-13952,4208,5252,-1004,49,8,-14040,-5204,6128,-263,83,-145,0
698.9877209663391,8156,6956,11364,-88,3,96,7224,-9860,10012,-57,128,-147,-13884,4192,5568,-1002,46,-25,-13964,-5244,5704,-481,72,-144,0
699.0213329792023,8236,7028,11340,-111,-22,63,7108,-9912,10184,-85,161,-150,-13852,4240,5404,-1001,45,-38,-13972,-5340,5708,-485,104,-167,0
699.0546929836273,8144,7052,11564,-109,-52,84,7088,-9824,10220,-65,141,-170,-13948,4272,5468,-1035,72,-76,-14008,-5272,6052,-514,152,-161,0
699.088536977768,8232,6988,11252,-95,-47,92,7360,-9884,10064,-55,126,-174,-13896,4284,5232,-1003,102,-84,-13932,-5272,6044,-488,173,-126,0
699.1220750808716,8120,7100,11424,-111,-60,95,7164,-9868,10036,-51,78,-197,-13728,4240,5460,-1010,112,-77,-13948,-5256,6108,-499,162,-137,0
699.1554539203644,8136,7012,11476,-92,-68,91,7024,-9916,10028,-49,85,-205,-13848,4180,5488,-1004,96,-82,-13992,-5244,6012,-507,166,-140,0
699.18927693367,7940,7064,11288,-101,-63,116,7184,-9732,9960,-71,98,-170,-13944,4140,5344,-950,93,-57,-13832,-5292,6108,-467,130,-124,0
699.2228670120239,8036,6968,11096,-130,-61,90,6976,-9828,10076,-41,136,-162,-13904,4208,5356,-970,95,-81,-13952,-5168,6004,-483,129,-129,0
699.2563910484314,7948,7028,11380,-111,-22,103,7196,-9828,10024,-11,121,-162,-13860,4248,5328,-775,87,-74,-14000,-5300,5904,-484,132,-142,0
699.2897520065308,8404,7016,11516,-140,-58,103,7144,-9636,10004,-41,158,-178,-13900,4204,5432,-1006,97,-62,-14036,-5268,6004,-485,127,-142,0
699.3234050273895,8088,6952,11284,-126,-57,78,7124,-9864,10148,-88,141,-161,-13868,4168,5352,-990,65,-84,-14008,-5284,5972,-490,170,-146,0
699.3572170734406,8220,6988,11284,-130,-92,91,7144,-9808,10064,-10,151,-173,-13852,4156,5428,-1008,59,-79,-13876,-5356,6040,-480,148,-129,0
699.390517950058,7960,7024,11400,-122,-53,110,7096,-9780,10064,-35,134,-162,-13864,4208,5592,-999,101,-77,-13964,-5276,5968,-490,113,-127,0
699.4238719940186,8384,7000,11008,-117,-75,127,7420,-9796,10036,-51,97,-183,-13816,4220,5416,-986,86,-109,-13976,-5188,6092,-485,151,-155,0
699.4573600292206,8116,7008,11092,-89,-55,88,7020,-9840,10064,-51,138,-180,-13860,4260,5404,-987,58,-77,-13944,-5364,6048,-484,160,-127,0
699.4904749393463,8204,7032,11264,-107,-72,100,7116,-9768,10056,-35,113,-212,-13888,4260,5672,-1008,89,-48,-14024,-5548,6336,-489,171,-153,0
699.5237550735474,8264,7116,11236,-124,-76,80,7108,-9928,10092,-49,125,-170,-13876,4232,5332,-991,87,-52,-13972,-5256,6076,-474,151,-122,0
699.55739402771,8088,7096,11296,-106,-51,97,7084,-9916,10148,-72,97,-154,-14044,4588,5320,-973,75,-63,-13972,-5276,6080,-511,100,-110,0
699.5907649993896,8152,6916,11360,-104,-41,95,7188,-9944,10352,-21,209,-152,-13896,4256,5328,-1017,80,-92,-14040,-5412,5996,-514,141,-188,0
699.6241850852966,8228,7056,11256,-170,-75,115,7160,-9836,10012,-25,161,-158,-13900,4192,5436,-992,37,-76,-14040,-5304,6040,-519,117,-103,0
699.6575651168823,8176,7076,11356,-67,-11,105,7176,-9876,10076,-50,147,-166,-13876,4112,5544,-1012,49,-5,-13992,-5376,6080,-503,140,-127,0
699.6907749176025,7956,7056,11032,-122,-61,81,7140,-9824,9984,-46,120,-163,-13880,4304,5388,-1012,72,-103,-14032,-5396,5996,-463,141,-144,0
699.7279050350189,8044,7080,11432,-106,-52,87,6924,-9772,9956,-55,86,-173,-13868,4268,5376,-1014,115,-65,-13964,-5296,6236,-469,123,-117,0
699.7627980709076,8072,7044,11244,-84,-37,86,7128,-9776,10112,-43,115,-165,-13640,4264,5420,-1013,57,-76,-13988,-5456,6176,-488,114,-137,0
699.7986719608307,8128,7104,11356,-114,-30,82,7180,-9868,10028,-58,137,-143,-13880,4268,5424,-1000,87,-65,-13908,-5364,6100,-481,105,-119,0
699.8337249755859,8100,7100,11476,-153,-13,85,7128,-9984,10148,-63,155,-164,-13956,4292,5680,-995,64,-78,-13992,-5276,6100,-479,151,-145,0
699.8695540428162,8240,6964,11368,-126,-28,96,7160,-9892,10004,-44,154,-184,-13804,4188,5568,-1004,95,-76,-13916,-5248,6084,-502,163,-123,0
699.9050531387329,8124,6956,11140,-149,-86,97,7240,-9880,10128,-32,109,-176,-13856,4272,5528,-1006,141,-74,-14056,-5296,6064,-501,207,-60,0
699.9407451152802,8048,7052,11512,-125,-74,125,7124,-9936,10056,-23,137,-203,-13612,4268,5484,-986,138,-133,-14076,-5372,6056,-490,172,-92,0
699.9760961532593,8064,7100,11272,-186,-82,143,7124,-9876,10208,244,145,-181,-13976,4248,5364,-995,129,-148,-13896,-5288,5936,-490,197,-114,0
700.0124490261078,8108,7008,11268,-145,-131,124,7112,-9892,10008,3,161,-170,-13864,4224,5404,-1022,140,-123,-13928,-5288,6152,-260,194,-104,0
700.048581123352,8056,7064,11320,-174,-117,127,7180,-9824,9996,-251,179,-205,-13812,4152,5540,-773,119,-70,-13944,-5252,5920,-766,186,-104,0
700.0838389396667,8092,7016,11348,-198,-127,126,7196,-9752,10144,-6,179,-215,-13828,4176,5364,-998,145,-138,-14092,-5328,6076,-492,157,-114,0
700.1193919181824,8140,7088,11512,-206,-132,123,7224,-9772,9936,-15,183,-222,-13780,4140,5448,-995,162,-108,-13992,-5296,6012,-476,175,-82,0
700.1546640396118,8064,6992,11308,-180,-146,120,7136,-9844,10016,27,180,-203,-13840,4212,5340,-1014,136,-178,-13976,-5312,6080,-499,183,-73,0
700.1903049945831,8112,7084,11308,-185,-140,130,7240,-9824,10096,46,163,-206,-13820,4160,5408,-986,165,-96,-13892,-5300,5996,-496,174,-81,0
700.2253201007843,8164,7024,11412,-191,-165,147,7392,-9784,9992,35,149,-207,-13944,4256,5440,-1276,184,-165,-13912,-5212,5996,-484,211,-78,0
700.2610890865326,8192,6988,11020,-219,-160,147,6916,-9888,9800,16,194,-214,-13572,4260,5716,-998,159,-112,-13996,-5264,6096,-499,171,-85,0
700.2960751056671,8124,7100,11448,-203,-168,167,7112,-9752,10144,36,156,-185,-13912,4164,5488,-1051,148,-124,-14080,-5228,6048,-494,164,-109,0
700.3323900699615,8264,6968,11304,-202,-160,142,7188,-9864,10104,54,156,-197,-13724,4176,5628,-1008,136,-120,-14024,-5344,5992,-482,172,-86,0
700.3692700862885,8180,7008,11384,-196,-330,97,6956,-9864,10128,43,125,-181,-13852,4204,5424,-1001,140,-112,-14004,-5308,6016,-465,158,-90,0
700.4023871421814,8240,6968,11072,-198,-166,160,7136,-9772,10056,26,140,-168,-13820,4156,5444,-984,119,-105,-13948,-5300,5992,-498,129,-100,0
700.4361529350281,8292,6876,11116,-206,-135,142,7148,-9880,10004,32,143,-169,-13872,4212,5340,-773,145,-156,-13932,-5288,5700,-488,187,-85,0
700.4698050022125,8176,7044,11360,-225,-169,141,7420,-9804,10012,56,130,-191,-14024,3860,5540,-1019,124,-166,-14008,-5328,5960,-466,214,-71,0
700.5033121109009,8228,7064,11500,-151,-112,122,7188,-9792,10088,25,167,-185,-13888,4172,5412,-1009,126,-50,-14040,-5200,6256,-492,150,-113,0
700.5368721485138,8192,7048,11272,-218,-169,119,7248,-9736,10132,9,179,-209,-13860,4288,5380,-1045,149,-139,-14036,-5208,6004,-459,199,-81,0
700.57009100914,8176,6928,11416,-208,-159,153,7108,-9764,9992,43,121,-177,-13896,4348,5160,-1013,111,-121,-13980,-5192,5956,-483,160,-85,0
700.6034979820251,8276,6896,11276,-166,-117,147,7084,-9772,10108,31,124,-164,-13912,4004,5392,-999,113,-70,-14144,-5356,6036,-508,123,-81,0
700.6370451450348,8180,6904,11416,-227,-86,117,7160,-9844,10076,19,156,-154,-13868,4144,5472,-1007,104,-98,-13940,-5304,6132,-481,108,-99,0
700.670557975769,8124,6916,11256,-200,-102,125,7068,-9480,10088,6,172,-183,-13880,4160,5560,-994,118,-112,-14016,-5288,5924,-498,162,-112,0
700.704409122467,8276,6992,11472,-177,-161,128,6912,-9840,10044,19,134,-187,-13688,4236,5416,-1009,164,-82,-13940,-5244,5860,-500,195,-101,0
700.7377181053162,8348,6996,11352,-186,-162,149,7176,-9752,10028,0,84,-234,-13820,4244,5248,-996,158,-115,-14060,-5212,5972,-489,216,-122,0
700.7712149620056,8304,6996,11132,-130,-159,158,7260,-9756,10132,-52,53,-240,-13876,4204,5396,-987,170,-104,-14032,-5292,6008,-491,174,-118,0
700.8046751022339,8316,6944,11200,-120,-76,105,7012,-9924,9936,-41,104,-183,-13920,4120,5432,-997,123,-69,-14080,-5340,5972,-489,127,-131,0
700.838171005249,8320,6944,11344,-170,-69,87,7176,-9780,9988,-37,128,-176,-14004,4172,5488,-1034,88,-76,-14088,-5280,5984,-481,148,-148,0
700.8718039989471,8340,6692,11368,-117,-18,94,7176,-9744,10128,-25,134,-152,-13904,4152,5416,-1054,67,-50,-13932,-5316,6028,-487,153,-135,0
700.9048130512238,8176,6964,11372,-89,-65,91,7184,-9784,10100,-56,114,-169,-13900,4156,5500,-1007,85,-45,-14028,-5264,6028,-489,100,-144,0
700.9384031295776,8244,7008,11236,-115,-42,89,7156,-9784,10044,-82,103,-194,-13880,4156,5508,-985,115,-71,-13948,-5320,6028,-478,138,-125,0
700.971892118454,8316,6900,11244,-108,-53,76,7152,-9708,10128,-73,133,-179,-14060,4076,5184,-996,77,-40,-13900,-5320,6064,-496,158,-137,0
701.0056691169739,8188,6972,11424,-116,-42,91,6912,-9984,10152,-60,118,-160,-13804,4252,5564,-1272,112,-80,-14028,-5360,6052,-486,148,-117,0
701.0392529964447,8256,6708,11064,-75,-43,90,7092,-9968,10376,-46,120,-176,-13784,4164,5500,-1002,91,-78,-13996,-5268,6120,-480,116,-137,0
701.0724580287933,8204,7024,11240,-98,-52,99,7152,-9880,10100,-43,120,-178,-13792,4164,5440,-982,84,-78,-13924,-5368,6184,-487,127,-122,0
701.1058759689331,8180,7020,11324,-111,-65,105,7172,-9764,10092,-55,87,-206,-13768,4164,5740,-1001,126,-121,-13936,-5308,6044,-495,165,-95,0
701.1391839981079,8196,6964,11288,-110,-64,100,7148,-9804,10140,-61,118,-195,-14064,4236,5396,-1002,114,-62,-14000,-5320,5936,-483,148,-134,0
701.1726980209351,8324,6980,11268,-97,-54,109,7092,-9968,9804,-92,115,-184,-13836,4320,5232,-1004,104,-28,-14064,-5148,5988,-500,83,-144,0
701.2062089443207,8276,6852,11196,-124,-5,78,7412,-9780,10004,-13,112,-164,-13892,4280,5400,-1003,92,-68,-14056,-5296,6092,-497,138,-141,0
701.2399101257324,8288,7052,11232,-140,-38,95,7276,-9808,10076,-30,118,-159,-13940,4204,5588,-1007,36,-43,-13964,-5316,5932,-496,133,-154,0
701.273432970047,8228,6952,11360,-54,-32,58,7216,-9708,10148,-39,170,-168,-14012,4208,5436,-1001,42,-65,-13992,-5292,5952,-502,95,-151,0
701.3069560527802,8140,7020,11124,-120,-54,67,7172,-9744,10232,-54,141,-166,-13968,4124,5396,-998,67,-59,-13932,-5216,6032,-473,152,-136,0
701.3405690193176,8200,6996,11368,-97,-40,80,7144,-9772,10084,-29,103,-146,-13632,4224,5624,-1269,75,-36,-14044,-5296,6128,-500,129,-158,0
701.3738310337067,8216,6968,11364,-73,-24,98,7144,-9824,10084,-40,98,-126,-13876,4232,5576,-1013,58,-68,-13988,-5300,6096,-509,69,-179,0
701.4104380607605,8220,6960,11304,-75,-16,84,6912,-9808,10100,-63,88,-148,-13832,4140,5460,-982,44,-48,-13892,-5260,5948,-476,91,-180,0
701.4459140300751,8148,7060,11308,-97,-71,68,7192,-9772,10188,-64,131,-178,-13900,4232,5444,-996,44,-67,-13932,-5436,6052,-471,148,-154,0
701.48122215271,8144,6972,11356,-117,-40,79,7416,-9784,10172,-91,122,-175,-13816,4200,5400,-1009,107,-77,-14032,-5264,6136,-489,134,-161,0
701.5176129341125,8120,6884,11244,-151,-100,98,7208,-9808,10176,-52,62,-181,-13772,4244,5388,-1027,103,-68,-13940,-5312,5924,-758,136,-127,0
701.5527429580688,7948,6936,11132,-62,-54,107,7400,-9776,9804,-66,116,-162,-13900,4268,5352,-994,95,-50,-13972,-5384,5996,-527,132,-147,0
701.5887830257416,8120,6996,11228,-110,-35,120,6920,-9976,9888,-54,97,-175,-13860,4188,5572,-990,102,-100,-13992,-5260,6032,-481,115,-124,0
701.6237540245056,8192,6928,11396,-110,-34,100,7196,-9776,10144,-2,128,-159,-13820,4224,5552,-1034,99,-62,-13936,-5372,6164,-479,160,-126,0
701.6591589450836,8420,7036,11332,-115,-50,95,7264,-9980,10088,-41,142,-167,-13964,4124,5512,-1277,79,-57,-13976,-5272,6028,-487,141,-150,0
701.6942141056061,8196,7020,11320,-148,-62,85,7212,-9840,10072,-49,136,-160,-13672,4096,5612,-1012,101,-41,-14020,-5280,6080,-475,104,-122,0
701.7302150726318,8064,7100,11360,-167,-40,86,7144,-9840,9932,-254,192,-163,-13880,4252,5476,-1018,103,-89,-14296,-5352,6092,-468,111,-129,0
701.7655620574951,8068,7072,11400,-194,-87,122,7080,-9896,10072,66,158,-180,-13760,4204,5520,-1015,132,-89,-13784,-5364,6152,-474,179,-53,0
701.801255941391,7988,7052,11332,-146,-103,146,7092,-9836,10032,-37,164,-224,-13812,4128,5504,-985,170,-126,-13996,-5324,6056,-482,202,-62,0
701.8375670909882,8144,7056,11368,-170,-150,149,7080,-9808,10052,-14,164,-211,-13800,4188,5592,-1008,164,-152,-14052,-5224,6056,-474,186,-96,0
701.8727149963379,8424,6992,11364,-228,-171,148,7084,-9776,10224,21,179,-208,-13868,4212,5360,-991,171,-113,-13984,-5408,6020,-500,186,-75,0
701.9087190628052,8092,7016,11388,-172,-141,150,7384,-9704,10436,48,174,-182,-13868,4244,5188,-1011,156,-148,-13996,-5264,6348,-258,171,-94,0
701.9442210197449,8140,6956,11280,-232,-98,113,7092,-9968,10016,44,178,-205,-13900,4196,5516,-1014,167,-178,-13880,-5300,6136,-493,176,-71,0
701.9802830219269,8244,6948,11112,-216,-147,155,6920,-9836,9960,32,156,-198,-14012,4180,5476,-1000,178,-80,-14064,-5324,5920,-260,194,-85,0
702.0156199932098,8252,7044,11340,-159,-135,159,7404,-9768,10108,249,116,-184,-13668,4188,5476,-1014,154,-92,-14156,-5328,6180,-509,192,-64,0
702.0520219802856,8008,7008,11320,-214,-146,172,7168,-9808,9960,25,142,-177,-13956,4236,5428,-1024,134,-121,-14020,-5276,6044,-500,244,-72,0
702.0854351520538,8112,6964,11480,-224,-172,154,7196,-9856,10256,22,163,-216,-13896,4192,5436,-1014,143,-149,-13980,-5292,6044,-475,223,-42,0
702.1190230846405,8408,6992,11488,-242,-181,130,7136,-9772,9952,42,177,-204,-13860,4220,5584,-1019,137,-140,-13988,-5232,6340,-474,190,-78,0
702.1523699760437,8196,6972,11304,-241,-164,126,7208,-9856,10104,45,182,-201,-13944,4104,5508,-1003,126,-130,-13924,-5268,6104,-478,180,-112,0
702.1859200000763,8148,6952,11508,-245,-165,115,7044,-9528,10168,12,96,-176,-13816,4140,5540,-981,141,-119,-13932,-5320,6096,-453,149,-92,0
702.2194330692291,8380,6924,11200,-230,-134,136,7032,-9532,10084,3,143,-220,-13888,4140,5452,-977,138,-98,-13960,-5260,6120,-465,158,-95,0
702.2530789375305,8376,7012,11148,-223,-113,134,7264,-9784,10208,19,111,-187,-13832,4216,5380,-1022,128,-77,-13960,-5232,6100,-503,136,-71,0
702.2866749763489,7960,7156,11404,-195,-111,148,7172,-9736,10076,28,138,-189,-13916,4120,5532,-1037,134,-129,-13944,-5116,6092,-502,169,-52,0
702.3201041221619,8116,6980,11204,-211,-156,172,7144,-9972,10012,31,120,-175,-13892,4348,5628,-1025,147,-138,-13908,-5276,6124,-502,161,-73,0
702.3536460399628,8320,6672,11284,-185,-153,175,7024,-9704,9996,9,131,-187,-14048,4144,5256,-1034,158,-125,-14016,-5168,5864,-491,175,-78,0
702.3871369361877,8272,6680,11396,-174,-189,171,7188,-9784,9872,-1,82,-184,-13916,4116,5396,-1043,128,-58,-13996,-5292,5948,-505,172,-126,0
702.4205429553986,8332,6888,11308,-171,-138,123,7232,-9688,10000,-27,100,-174,-13832,4160,5380,-1000,99,-23,-13936,-5180,5908,-488,129,-146,0
702.4541189670563,8388,7096,11064,-100,-89,135,7280,-9760,10064,-45,94,-168,-13908,4212,5164,-1022,90,-78,-13952,-5144,5964,-501,128,-168,0
702.4877219200134,8332,7160,11288,-103,-53,84,7184,-9656,10020,-46,117,-151,-13832,4168,5272,-1020,72,-76,-13988,-5200,6088,-478,115,-113,0
702.5211269855499,8268,7144,11428,-117,-5,107,7232,-9816,10260,-65,105,-142,-13908,4240,5352,-1000,99,-53,-14012,-5100,6020,-491,125,-142,0
702.5546729564667,8268,6664,11332,-83,-41,88,7408,-9692,10156,-50,88,-129,-13808,4184,5532,-1002,98,-54,-14064,-5244,5908,-503,136,-149,0
702.5881390571594,8276,6992,11632,-55,-39,97,7220,-9564,10208,-42,84,-162,-13828,4188,5476,-1043,86,-65,-13884,-5248,6104,-257,135,-176,0
702.6217489242554,8280,6912,11496,-64,-71,94,7184,-9740,10044,-59,92,-169,-13752,4260,5452,-1052,81,-90,-13940,-5268,6084,-517,154,-133,0
702.6549880504608,7984,6968,11312,-87,-56,117,7212,-9736,10188,-62,84,-186,-13836,4152,5448,-770,110,-112,-13980,-5348,6032,-492,154,-129,0
702.6948721408844,8276,6972,11352,-78,-46,96,7180,-9732,10084,-78,105,-177,-13828,4104,5456,-1043,109,-81,-13992,-5240,6320,-493,135,-155,0
702.7287940979004,8180,6948,11304,-93,-78,85,7088,-9732,10108,-43,110,-173,-13976,4252,5480,-1018,74,-56,-14012,-5128,6228,-503,118,-125,0
702.7623429298401,8204,7056,11368,-99,-72,104,6980,-9708,10176,-50,120,-168,-13844,4252,5492,-1018,86,-92,-13960,-5284,5896,-477,136,-133,0
702.7960259914398,8260,6988,11324,-111,-52,95,7204,-9692,10088,-64,112,-185,-13628,4252,5208,-997,132,-83,-13996,-5136,6092,-480,82,-161,0
702.8299260139465,8224,6976,11384,-68,-98,98,7212,-9552,10036,-61,113,-166,-13940,4244,5560,-1023,49,-36,-14028,-5236,6124,-529,104,-158,0
702.8636360168457,8216,6916,11016,-87,-48,105,6932,-9864,9788,-6,96,-150,-13916,4276,5372,-1071,81,-46,-14068,-5284,5972,-517,146,-179,0
702.8971741199493,8276,7060,11364,-49,-36,93,7152,-9744,10104,-36,48,-164,-13944,4160,5496,-1039,69,-45,-14052,-5252,6280,-767,128,-151,0
702.9307990074158,7968,7012,11028,-48,-90,80,7252,-9784,10024,-42,72,-153,-13956,4348,5308,-770,54,-41,-14000,-5172,5940,-753,140,-175,0
702.9643311500549,8288,7160,11140,-76,-75,57,7204,-9816,10152,-45,82,-183,-13908,4132,5548,-1026,51,-75,-14036,-5260,6196,-483,136,-166,0
702.9981410503387,8292,6948,11200,-26,-49,70,7280,-9968,10196,-38,83,-125,-14052,4256,5524,-1057,11,-19,-14192,-5276,5920,-504,88,-193,0
703.0318119525909,8220,6904,11324,-44,-8,59,7304,-9896,10184,-75,65,-110,-13724,4136,5408,-770,29,-34,-13924,-5276,6104,-496,71,-152,0
703.0652420520782,7948,6944,11448,-85,-17,95,7120,-9872,10120,-71,79,-146,-13716,4116,5452,-991,73,-64,-13936,-5424,5992,-483,119,-158,0
703.102972984314,8108,6920,11244,-104,-57,83,7136,-9736,10216,-98,98,-155,-13792,4236,5504,-1029,91,-77,-13936,-5240,6064,-489,151,-131,0
703.1387000083923,7952,7056,11288,-119,-67,111,7124,-9796,9996,-58,78,-194,-13772,4204,5724,-1028,126,-77,-14076,-5364,6024,-262,169,-112,0
703.1742100715637,8028,7000,11284,-125,-84,112,7008,-9648,10140,-35,177,-222,-13832,4164,5428,-1007,147,-92,-13872,-5336,6364,-516,168,-107,0
703.2096469402313,8408,6676,11212,-142,-33,105,7216,-9752,10148,-15,86,-172,-13792,4100,5460,-988,133,-74,-13980,-5312,6152,-520,161,-120,0
703.2450120449066,8392,6980,11212,-156,-17,118,7240,-9836,10128,-19,146,-142,-13900,4164,5440,-999,143,-104,-14020,-5268,6184,-504,123,-109,0
703.280580997467,8180,6988,11016,-189,-26,113,7116,-9896,10136,-23,143,-152,-13804,4204,5448,-991,134,-71,-14028,-5348,6092,-514,167,-81,0
703.3156321048737,8084,7072,11452,-206,-81,145,7420,-9872,10168,-17,157,-151,-13876,4124,5492,-1005,164,-101,-13968,-5336,6136,-500,187,-79,0
703.3514580726624,8136,6964,11356,-191,-113,119,7396,-9796,10140,-33,177,-205,-13844,4108,5560,-985,172,-119,-14020,-5352,5904,-483,215,-83,0
703.3859760761261,8116,6984,11196,-204,-97,128,7140,-9844,10116,23,203,-186,-14048,4260,5272,-993,176,-133,-13964,-5260,6092,-481,183,-66,0
703.4217231273651,8036,6972,11356,-214,-104,137,7120,-9840,10000,22,164,-177,-13608,4176,5560,-1004,181,-106,-13956,-5340,6304,-502,187,-74,0
703.4577310085297,8192,6992,11512,-223,-140,167,7204,-9840,10092,51,219,-202,-13884,4260,5624,-987,200,-160,-13892,-5296,6052,-527,195,-84,0
703.4926760196686,8128,6916,11500,-217,-104,148,7360,-9760,10136,48,179,-186,-14044,4308,5436,-1021,163,-139,-14032,-5312,6152,-766,154,-51,0
703.5277371406555,8240,6988,11328,-230,-128,167,7120,-9728,10456,52,163,-213,-13928,4124,5492,-775,160,-175,-14040,-5332,6084,-505,192,-48,0
703.5633521080017,7944,6756,11440,-1,-127,140,7248,-9744,10048,20,170,-187,-13904,4072,5124,-990,178,-131,-14032,-5356,5952,-479,205,-69,0
703.5992140769958,8292,7060,11252,-244,-153,175,7248,-9484,10016,2,160,-191,-13932,4224,5380,-1011,177,-135,-13984,-5156,6028,-492,150,-82,0
703.6341359615326,8360,6984,11508,-270,-103,166,7176,-9812,9948,68,148,-180,-13856,4288,5416,-1032,150,-89,-14028,-5268,6120,-499,147,-79,0
703.6695170402527,8052,7004,11160,-504,-131,146,7388,-9672,10208,53,158,-144,-13832,4012,5544,-1022,158,-130,-13944,-5260,6112,-469,130,-88,0
703.7049570083618,8232,6964,11212,-178,-62,122,7172,-9968,10112,15,187,-191,-13844,4136,5492,-1011,131,-111,-14064,-5224,6060,-471,151,-90,0
703.7413671016693,8056,6920,11348,-12,-124,112,7132,-9752,10116,22,206,-216,-13860,4108,5432,-1020,136,-164,-13984,-5240,6120,-465,163,-64,0
703.7748780250549,8300,6936,11356,-249,-116,156,7048,-9760,10128,44,177,-190,-13908,4228,5408,-1020,120,-128,-14220,-5364,6256,-494,115,-84,0
703.8084330558777,8148,6908,11300,-244,-146,146,7128,-9744,10084,-254,165,-172,-13848,4172,5404,-1021,138,-52,-13972,-5276,6132,-496,124,-78,0
703.8419599533081,8184,6656,11432,-230,-104,131,7004,-9484,10256,-17,220,-160,-14072,4264,5128,-992,124,-118,-14016,-5220,6004,-468,145,-75,0
703.8754799365997,8240,7148,11412,-197,-140,137,7184,-9696,10072,-18,146,-198,-14020,4232,5264,-979,149,-103,-13984,-5200,5940,-493,167,-115,0
703.9092841148376,8364,6708,11272,-148,-120,118,7168,-9716,10116,5,94,-245,-14032,4228,5192,-988,156,-88,-13984,-5172,5980,-476,220,-92,0
703.9427571296692,8336,6676,11032,-222,-199,141,7060,-9716,10052,-18,73,-229,-13804,4164,5300,-1007,162,-144,-13976,-5224,6064,-518,214,-115,0
703.9762189388275,8244,6692,11440,-129,-140,129,7336,-9960,10224,-57,78,-198,-13972,4184,5392,-978,127,-121,-14056,-5148,6064,-499,147,-133,0
704.0100519657135,8316,6860,11260,-125,-80,116,7168,-9848,10136,-28,109,-174,-13948,4080,5376,-969,103,-76,-14016,-5192,5984,-494,154,-167,0
704.0436251163483,8300,6948,11356,-141,-36,85,7276,-9772,10112,-17,109,-168,-13924,4172,5432,-1010,67,-66,-13948,-5176,5912,-489,171,-157,0
704.0773370265961,8244,6956,11332,-109,-65,93,7124,-9740,10092,-37,99,-179,-13840,4200,5568,-1041,76,-47,-14240,-5244,6200,-506,124,-151,0
704.110463142395,8292,6880,11308,-103,-53,85,7380,-9716,10124,-72,89,-169,-13780,4232,5444,-1003,113,-80,-13948,-5224,6336,-468,148,-161,0
704.1437511444092,8156,6984,11496,-108,-74,93,7228,-9780,10220,-65,111,-197,-13956,4344,5216,-1002,88,-75,-13988,-5180,5992,-472,147,-161,0
704.1773900985718,8204,6948,11376,-100,-67,74,7080,-9776,10216,-55,131,-173,-13728,4184,5476,-996,62,-30,-14028,-5240,6096,-500,131,-119,0
704.2110109329224,8216,6944,11216,-92,-34,75,7112,-9748,10052,-54,108,-190,-13840,4172,5604,-1003,120,-56,-14012,-5240,6052,-516,122,-117,0
704.2446320056915,8096,6840,11428,-91,-42,84,7116,-9676,10172,-25,114,-173,-13792,4172,5244,-1007,105,-49,-13944,-5380,6100,-259,157,-121,0
704.2782039642334,8232,6864,11280,-109,-84,109,7196,-9652,10192,-54,108,-187,-13892,4088,5328,-983,106,-100,-13932,-5248,6076,-490,175,-113,0
704.3117830753326,8188,6836,11216,-111,-75,127,7060,-9656,10092,-56,121,-185,-13956,4068,5288,-970,110,-94,-14016,-5208,6052,-512,145,-110,0
704.3454129695892,8348,6900,11052,-98,-81,108,7212,-9744,10224,-40,125,-164,-14032,4196,5548,-1024,63,-72,-13968,-5228,5900,-526,120,-160,0
704.378900051117,8192,6832,11308,-121,-70,74,7252,-9556,10204,-4,110,-143,-13856,4176,5240,-769,78,-69,-14016,-5284,6008,-503,144,-155,0
704.4125330448151,7952,6736,11432,-88,-16,87,7276,-9936,10104,-43,94,-150,-13980,3948,5384,-980,49,-35,-13952,-5240,5896,-263,103,-161,0
704.446051120758,8428,7008,11476,-88,-36,39,7108,-9816,10376,-44,143,-163,-13912,4148,5276,-967,34,-47,-13940,-5272,6076,-490,136,-148,0
704.4797630310059,8220,6880,11452,-148,-58,52,7208,-9824,9980,-25,116,-172,-13908,4132,5420,-1004,54,-84,-14264,-5364,6056,-470,133,-138,0
704.5131900310516,8232,6660,11260,-75,-44,75,7100,-9676,10020,-52,109,-149,-13864,4176,5352,-1047,30,-56,-14016,-5176,6048,-507,109,-149,0
704.5468609333038,8368,6920,11352,-76,-46,95,7260,-9940,9996,-83,112,-138,-14056,4128,5404,-1010,32,-43,-13952,-5280,6140,-506,95,-200,0
704.5804710388184,8168,6972,11348,-100,-62,86,7420,-9508,10192,-67,131,-153,-13864,4112,5460,-984,35,-68,-13952,-5236,6028,-497,124,-161,0
704.6137781143188,8140,7032,11260,-93,-74,77,7164,-9776,10116,-38,121,-181,-13772,4220,5548,-963,49,-63,-13860,-5364,6104,-516,167,-142,0
704.6469030380249,8368,7008,11416,-88,-57,84,7192,-9732,10140,-45,98,-180,-13832,4116,5544,-994,101,-101,-13832,-5252,5984,-499,146,-115,0
704.6804659366608,8120,6988,11344,-94,-96,111,7192,-9784,10072,-61,57,-194,-13812,4256,5512,-1015,122,-119,-13964,-5300,6064,-500,149,-131,0
704.7138669490814,8172,6940,11148,-51,-78,113,7368,-9980,10096,-55,68,-178,-13836,4124,5420,-998,112,-81,-14068,-5256,6116,-535,137,-122,0
704.7502810955048,8184,7052,11456,-111,-99,100,7188,-9752,9988,-43,91,-186,-13924,4288,5420,-997,83,-93,-13912,-5312,6048,-496,148,-122,0
704.7855560779572,8188,6904,11352,-101,-52,113,7216,-9788,10140,-13,102,-162,-13812,4128,5524,-1015,100,-98,-14040,-5356,6116,-498,130,-122,0
704.8217780590057,8176,6948,11300,-78,-56,93,6952,-9724,10148,-37,110,-181,-13892,4160,5424,-1023,95,-52,-13956,-5232,6112,-497,140,-140,0
704.8576951026917,8176,6708,11376,-89,-251,99,7272,-9744,9980,-67,126,-176,-14080,4196,5516,-988,110,-95,-14060,-5336,6084,-478,133,-112,0
704.8929319381714,8124,6932,11040,-124,-42,103,7136,-9832,10080,-42,146,-162,-13924,4196,5416,-1022,107,-66,-13972,-5284,6392,-494,170,-150,0
704.9287259578705,8136,6956,11292,-131,-13,101,7200,-9800,9916,-52,182,-172,-13624,4268,5420,-990,134,-117,-13980,-5244,6064,-479,158,-115,0
704.9633190631866,8144,7140,11332,-140,-11,116,7088,-9756,10080,-24,176,-189,-13804,4228,5340,-1004,129,-87,-13916,-5216,6132,-505,163,-130,0
704.9996359348297,8080,7040,11372,-129,-65,100,6956,-9840,10212,-3,146,-170,-13840,4184,5428,-1005,127,-102,-14040,-5328,6056,-764,181,-83,0
705.0350251197815,8132,6924,11388,-156,-86,119,7272,-9740,10144,-8,162,-202,-13840,4284,5124,-969,116,-138,-14012,-5616,6148,-763,235,-53,0
705.0704851150513,8140,7036,11224,-190,-115,141,7244,-9744,10204,-16,190,-195,-13972,4304,5464,-976,163,-115,-13980,-5132,6380,-504,183,-69,0
705.1058859825134,8032,6896,11244,-188,-99,170,7200,-9800,10252,-6,172,-185,-13808,4256,5424,-991,136,-121,-14072,-5332,6080,-545,177,-60,0
705.1412451267242,8264,6916,11348,-234,-116,152,7152,-9656,10092,75,151,-196,-13824,4172,5608,-1017,148,-136,-13956,-5368,6116,-528,182,-59,0
705.1771440505981,8272,7096,11432,-162,-105,147,7288,-9760,10096,-12,183,-202,-13856,4272,5196,-989,139,-140,-14016,-5288,6156,-498,171,-80,0
705.2124481201172,8364,7060,11384,-242,-129,116,7404,-9748,10084,10,211,-224,-13588,4252,5592,-954,139,-156,-14048,-5224,6044,-451,211,-53,0
705.2485640048981,8180,7024,11284,-238,-153,132,7288,-9776,10024,18,162,-197,-13944,4228,5500,-950,130,-91,-13968,-5180,6008,-491,185,-81,0
705.2843699455261,8220,6900,11276,-225,-124,135,7304,-9672,10188,13,204,-152,-13892,4184,5424,-1002,143,-114,-14044,-5300,5896,-482,154,-73,0
705.3196380138397,8204,6960,11376,-229,-86,130,7128,-9772,10180,-12,163,-168,-13852,4212,5628,-983,145,-62,-13840,-5300,5988,-483,141,-64,0
705.3548319339752,8140,6840,11032,-231,-122,136,7056,-9756,10196,-2,197,-188,-13968,4120,5584,-982,149,-120,-14024,-5168,5972,-485,156,-63,0
705.3902549743652,8240,6896,11140,-226,-148,163,6948,-9648,10144,-17,178,-201,-13896,4248,5272,-998,147,-133,-14020,-5332,5840,-504,181,-53,0
705.4254801273346,8020,6880,11364,-234,-182,127,7192,-9948,10068,17,157,-228,-13864,4236,5480,-987,175,-111,-13940,-5212,6004,-764,188,-71,0
705.4591541290283,8436,6828,11268,-193,-156,176,7040,-9696,10108,17,131,-217,-13896,4228,5592,-995,157,-92,-13920,-5168,6064,-465,187,-61,0
705.4928579330444,8208,6948,11400,-227,-149,148,7196,-9776,10140,-10,173,-204,-13928,4128,5204,-977,128,-114,-14032,-5212,5996,-482,168,-74,0
705.5264401435852,8240,6884,11460,-219,-126,144,7196,-9792,10116,5,181,-217,-13940,4224,5564,-1024,112,-147,-14028,-5172,6116,-498,209,-95,0
705.559947013855,8216,6872,11392,-188,-166,146,7196,-9972,10052,-24,141,-166,-13884,4104,5192,-1002,102,-143,-14016,-5336,6172,-493,174,-76,0
705.59366106987,8148,6884,11352,-227,-175,155,6972,-9856,10248,4,136,-191,-13832,4112,5372,-981,122,-122,-13976,-5252,6060,-499,175,-74,0
705.627140045166,8220,6940,11440,-219,-175,169,7152,-9780,9996,22,109,-195,-14020,4084,5436,-970,142,-90,-13992,-5232,6056,-481,177,-87,0
705.660404920578,8364,6972,11312,-185,-174,134,7276,-9488,10004,15,121,-211,-13968,4180,5324,-988,109,-111,-14012,-5244,6132,-482,157,-71,0
705.6938560009003,8212,6852,11316,-163,-185,123,7244,-9676,10076,8,131,-195,-13972,4176,5520,-999,126,-121,-13976,-5164,6068,-487,174,-127,0
705.7274141311646,8164,6836,11364,-123,-166,108,7192,-9644,10044,-23,92,-187,-13868,4092,5544,-1015,106,-134,-14036,-5264,5940,-527,183,-128,0
705.7610609531403,8276,6948,11332,-95,-143,102,7232,-9740,10060,-66,69,-218,-14240,4224,5160,-977,103,-133,-13996,-5264,6052,-481,153,-121,0
705.7944231033325,8392,6848,11268,-159,-121,101,7172,-9644,10180,-46,134,-200,-14052,4140,5448,-977,89,-26,-14052,-5148,5944,-485,125,-103,0
705.827929019928,8344,6952,11416,-88,-63,131,6960,-9648,10200,-42,125,-159,-14000,4228,5488,-1030,73,-20,-13932,-5204,6104,-526,132,-166,0
705.8616631031036,8280,6904,11020,-105,-48,98,7192,-9684,10164,-8,98,-162,-13936,4136,5372,-1033,86,-79,-14088,-5372,6176,-485,158,-138,0
705.8948800563812,8212,6960,11208,-81,-56,133,7300,-9724,10188,-37,96,-140,-13960,4204,5464,-979,68,-69,-13996,-5224,6076,-767,134,-149,0
705.9281921386719,8168,6880,11448,-55,-78,74,7204,-9816,10128,-82,119,-174,-13996,4236,5148,-967,67,-74,-14108,-5120,6000,-494,167,-157,0
705.9618110656738,8256,6944,11332,-126,-89,74,7128,-9744,10124,-29,113,-180,-13824,4188,5264,-1009,87,-58,-13992,-5200,6036,-462,176,-127,0
705.9955160617828,8308,6812,10800,-81,-45,101,7420,-9960,10060,-54,102,-143,-13848,4196,5476,-1000,55,-33,-13992,-5612,5964,-515,111,-160,0
706.029196023941,8216,6764,11052,-71,-44,78,7400,-9804,9988,-91,124,-159,-14000,4204,5408,-944,48,-48,-13928,-5272,6324,-496,116,-151,0
706.0628340244293,7972,6908,11440,-109,-50,90,7100,-9480,10056,-49,108,-156,-13960,4252,5508,-940,60,-83,-13948,-5264,5932,-506,156,-158,0
706.0964319705963,8256,6980,11096,-91,-98,73,7264,-9684,10112,-59,122,-161,-13904,4152,5384,-959,65,-100,-13968,-5208,6044,-506,188,-168,0
706.1296980381012,7980,6960,11476,-75,-52,77,6976,-9656,10160,-28,103,-193,-13916,4144,5460,-1021,86,-68,-14028,-5052,5952,-474,180,-151,0
706.1628911495209,8340,6836,11400,-143,-78,69,7136,-9716,10096,-20,86,-195,-13836,4156,5568,-1024,111,-56,-13976,-5236,6076,-493,160,-149,0
706.1966271400452,8304,6704,11164,-71,-80,105,7204,-9732,9960,-42,92,-175,-13992,4148,5580,-990,17,-81,-14044,-5168,5952,-497,162,-135,0
706.2300019264221,8308,6888,11276,-120,-91,91,7276,-9716,10224,-11,114,-178,-13908,4120,5516,-993,56,-110,-14268,-5272,5912,-495,121,-168,0
706.2637000083923,8360,6956,11296,-101,-59,83,6980,-9968,10192,-43,123,-162,-13868,4132,5568,-1027,69,-86,-13944,-5328,6020,-502,145,-158,0
706.2973690032959,8180,6928,11288,-100,-89,92,6952,-9744,10088,-39,101,-140,-13892,4188,5420,-1015,61,-57,-14032,-5240,6124,-509,159,-139,0
706.3307061195374,8268,7016,11496,-80,-110,99,7140,-9680,9940,-47,69,-198,-13900,4112,5500,-992,80,-56,-13932,-5368,6108,-527,155,-165,0
706.3643550872803,8248,7028,11120,-85,-74,76,7224,-9632,10180,-67,111,-191,-14008,4148,5440,-995,75,-43,-14044,-5244,6112,-484,127,-131,0
706.3976929187775,8288,6956,11440,-131,-59,91,7384,-9764,10200,-55,73,-179,-13944,4164,5568,-983,76,-61,-14016,-5316,6128,-495,150,-117,0
706.4338109493256,8236,6944,11320,-118,-58,112,7180,-9668,10132,-19,124,-155,-13888,4176,5568,-1015,69,-21,-14068,-5260,6128,-761,145,-158,0
706.4695420265198,8188,6972,11424,-90,-100,123,7420,-9752,10080,-9,112,-148,-13572,4156,5428,-998,95,-110,-13888,-5428,6084,-760,155,-142,0
706.5046360492706,8176,7012,11396,-117,-82,120,7192,-9640,10144,-61,116,-195,-13920,4176,5392,-989,111,-54,-14004,-5344,6028,-505,149,-145,0
706.5404829978943,8224,7012,11108,-114,-96,125,6952,-9600,9996,-82,63,-187,-13912,4292,5328,-973,68,-78,-13956,-5280,6112,-509,147,-160,0
706.5758581161499,8228,6956,11156,-114,-96,102,7144,-9876,10124,8,128,-163,-13900,4252,5612,-1036,63,-98,-13976,-5280,6004,-529,144,-168,0
706.611230134964,8168,6956,11168,-128,-77,73,7180,-9752,10176,254,145,-146,-13896,4180,5368,-981,84,-53,-14000,-5604,5948,-529,125,-143,0
706.646183013916,8236,7068,11264,-94,-40,90,6948,-9732,9912,-43,135,-157,-13864,4164,5828,-962,55,-92,-13976,-5348,6288,-504,133,-134,0
706.6823010444641,8236,6724,11364,-183,-51,89,7268,-9756,10176,-29,145,-161,-13916,4252,5372,-992,73,-66,-14016,-5300,6148,-472,174,-117,0
706.7180969715118,8216,6892,11092,-134,-30,97,6984,-9500,10200,-21,166,-136,-13936,4320,5460,-1002,86,-75,-13980,-5280,6144,-502,156,-130,0
706.7537069320679,8084,6972,11400,-112,-19,102,7172,-9788,10048,-49,158,-154,-13784,4256,5624,-976,81,-62,-13972,-5292,6092,-489,126,-120,0
706.7892379760742,8108,6832,11520,-147,250,93,7056,-9764,10128,-45,146,-158,-13852,4144,5196,-973,106,-70,-13872,-5296,6396,-488,140,-115,0
706.8239879608154,8088,7060,11408,-180,-66,83,7172,-9524,9820,-20,184,-176,-13868,4120,5408,-1003,98,-146,-14016,-5364,5976,-258,170,-120,0
706.8602540493011,8236,7000,11452,-187,-44,91,7088,-9752,10128,-5,169,-192,-13852,4256,5484,-1005,137,-145,-13936,-5272,6052,-500,196,-87,0
706.894937992096,8044,6964,11008,-200,-90,144,7120,-9732,9796,7,179,-217,-13824,4144,5420,-1013,180,-103,-14056,-5604,6076,-262,217,-66,0
706.9306180477142,8164,6992,11484,-191,-113,151,7136,-9748,9984,-22,176,-201,-13844,4144,5504,-963,184,-123,-13932,-5300,6348,-496,181,-43,0
706.9662511348724,8148,6672,11352,-223,-81,136,7224,-9740,10044,2,193,-222,-13884,4156,5340,-984,162,-155,-14040,-5164,6068,-482,174,-94,0
707.002475976944,8180,6932,11160,-244,-108,122,6960,-9968,10116,17,213,-175,-13852,4276,5564,-973,156,-136,-14000,-5304,6104,-502,176,-77,0
707.0382509231567,8108,6672,11352,-223,-115,145,7196,-9952,10136,7,159,-175,-13884,4236,5468,-1010,138,-115,-13968,-5224,6072,-261,177,-82,0
707.074784040451,8276,6880,11308,-232,-153,137,6924,-9764,10108,6,170,-204,-13880,4204,5396,-1005,134,-113,-13924,-5256,6016,-483,184,-91,0
707.1084349155426,8180,6992,11456,-2,-122,135,7216,-9748,10040,29,166,-211,-13948,4180,5628,-1001,153,-109,-13976,-5348,5976,-485,202,-81,0
707.141685962677,8404,6864,11324,-248,-150,161,7176,-9624,10072,27,176,-211,-13820,4240,5448,-997,139,-137,-14072,-5240,6020,-508,191,-59,0
707.1751689910889,8208,6964,11284,-233,-134,154,7308,-9952,10140,26,195,-204,-13840,4204,5600,-1019,155,-144,-14032,-5268,5972,-473,170,-75,0
707.2086291313171,8160,7060,11508,-226,-136,155,7240,-9620,9768,-250,192,-191,-13940,4160,5312,-974,134,-149,-13892,-5300,6020,-469,149,-74,0
707.242026090622,8308,6916,11300,-235,-162,125,7236,-9612,10152,-6,171,-174,-13844,4204,5416,-1004,123,-142,-13976,-5236,5916,-485,194,-81,0
707.2756669521332,8212,6932,11264,-224,-154,126,7156,-9652,10156,-5,158,-168,-13792,4088,5428,-1029,146,-97,-13920,-5164,6288,-502,178,-72,0
707.3093421459198,8316,6920,11108,-225,-143,150,6984,-9652,10088,47,124,-184,-13832,4132,5464,-1023,133,-76,-14328,-5300,5992,-488,176,-73,0
707.342894077301,8120,6956,11292,-223,-165,175,7208,-9736,10096,24,120,-190,-13864,4284,5368,-985,153,-93,-14044,-5248,5900,-487,182,-56,0
707.3765449523926,8260,6896,11400,-238,-160,162,7272,-9688,10196,-4,137,-203,-13920,4228,5436,-987,159,-117,-14064,-5356,5976,-446,176,-46,0
707.4097311496735,8416,6952,11292,-232,-191,152,7412,-9768,10204,11,136,-192,-13892,4148,5380,-995,154,-114,-14052,-5172,5908,-468,118,-62,0
707.4434480667114,8148,6864,11332,-204,-163,118,7152,-9780,10108,25,151,-170,-13968,4196,5368,-1036,98,-109,-14036,-5160,6048,-257,147,-93,0
707.4771490097046,8192,6840,11300,-220,-143,116,6936,-9676,10156,76,138,-193,-13960,3860,5352,-1036,117,-100,-14008,-5332,6144,-498,180,-79,0
707.5107140541077,8296,6928,11356,-158,-152,131,7180,-9696,10268,-24,155,-225,-13900,4248,5676,-1013,114,-111,-14116,-5176,6016,-484,189,-122,0
707.5442380905151,8324,6848,11076,-214,-145,124,7112,-9744,10104,-10,172,-207,-13852,4140,5432,-997,128,-120,-13984,-5180,6064,-458,194,-79,0
707.5779390335083,8344,6876,11512,-204,-157,128,7164,-9744,10160,14,189,-190,-13880,4148,5484,-1015,111,-129,-14072,-5196,6076,-486,164,-81,0
707.6117029190063,8340,6876,11196,-156,-125,143,7324,-9676,10072,37,165,-138,-13872,4032,5172,-982,101,-81,-13848,-5344,5960,-494,108,-102,0
707.6452491283417,8248,6920,11280,-132,-96,113,7076,-9680,10268,-23,133,-157,-13872,4048,5512,-993,32,-100,-13948,-5224,5948,-481,132,-105,0
707.6784920692444,8264,6812,11492,-148,-97,79,7228,-9672,10192,-62,92,-197,-13840,3864,5460,-968,78,-92,-13992,-5228,5984,-480,175,-156,0
707.7142651081085,8340,6900,11500,-109,-96,83,7172,-9652,10056,-26,117,-171,-13912,4180,5416,-1015,70,-54,-14000,-5204,5984,-500,192,-170,0
707.7483711242676,8376,6808,11296,-121,-83,88,7176,-9652,10148,-22,78,-184,-13912,4040,5344,-1011,77,-76,-14008,-5164,5952,-492,191,-148,0
707.7818720340729,8292,6836,11016,-103,-85,106,7196,-9592,10224,-55,54,-183,-13864,4124,5168,-1015,119,-93,-14052,-5332,6084,-491,142,-122,0
707.8155131340027,8296,6924,11184,-87,-71,106,7272,-9676,10164,-55,120,-175,-13992,4068,5192,-993,96,-119,-14072,-5208,6000,-490,126,-133,0
707.8492350578308,8276,6888,11248,-138,-41,95,7236,-9672,10012,-57,146,-174,-13920,4204,5612,-1019,80,-97,-13972,-5296,5996,-495,151,-155,0
707.8826169967651,8380,6860,11088,-97,-38,73,7244,-9692,10192,-29,119,-172,-13888,4252,5484,-1010,73,-65,-14020,-5348,5988,-523,160,-173,0
707.9162011146545,8188,6880,11344,-83,-63,90,7124,-9624,10096,-58,121,-169,-13960,4128,5476,-983,83,-45,-13980,-5296,5892,-492,155,-143,0
707.9499781131744,8116,6824,11424,-109,-61,100,7144,-9684,10152,-64,86,-200,-13756,4124,5428,-988,88,-38,-13832,-5228,6028,-490,133,-116,0
707.9838240146637,8148,6880,11500,-112,-48,85,7208,-9736,10084,-53,113,-196,-13960,4328,5536,-1021,89,-85,-14064,-5248,5996,-258,130,-116,0
708.0173919200897,8440,7132,11456,-92,-76,94,7120,-9724,10092,-59,118,-180,-13892,4108,5368,-977,104,-76,-13904,-5204,6052,-507,176,-130,0
708.0510079860687,8236,6820,11488,-102,-86,103,7224,-9640,10208,-44,98,-194,-13976,4104,5480,-996,80,-128,-13968,-5284,6104,-503,153,-156,0
708.084480047226,8192,6884,11200,-97,-97,110,7172,-9936,10076,-49,108,-183,-14008,4108,5592,-974,69,-94,-13968,-5260,5904,-495,166,-127,0
708.1209559440613,8248,6732,11464,-88,-78,101,7316,-9676,10304,-49,101,-197,-13960,4336,5452,-998,82,-87,-13880,-5280,6132,-515,158,-161,0
708.1556060314178,8284,7152,11284,-133,-41,64,7200,-9672,10096,-40,129,-168,-13860,4180,5536,-962,57,-61,-14056,-5192,6100,-477,115,-176,0
708.1914391517639,8200,6792,11364,-81,-39,89,7164,-9776,10140,-16,134,-143,-13884,4292,5464,-996,42,-53,-13960,-5200,5960,-545,140,-148,0
708.2281651496887,8280,6836,11300,-144,-65,102,7144,-9652,10188,-254,106,-153,-13900,4096,5428,-996,35,-76,-13976,-5260,5980,-528,146,-167,0
708.2637350559235,8212,6832,11452,-73,-24,81,7128,-9544,10228,-42,115,-145,-13900,4164,5392,-966,55,-39,-14064,-5252,5988,-521,122,-162,0
708.2987449169159,8152,6836,11340,-114,-44,62,7008,-9720,10128,-29,132,-178,-13852,4252,5128,-977,55,-91,-13996,-5280,6004,-473,131,-142,0
708.334352016449,8248,6908,11372,-131,-87,98,7196,-9652,10172,-18,107,-194,-13816,4336,5360,-1002,70,-75,-13984,-5292,6108,-260,135,-176,0
708.3702590465546,8236,6868,11340,-92,-34,79,7088,-9756,10216,-22,80,-145,-13896,4128,5356,-998,53,-47,-14028,-5392,6092,-535,101,-177,0
708.4049830436707,8264,6880,11208,-130,253,106,7412,-9656,10056,-63,91,-146,-13776,4196,5376,-994,50,-48,-13860,-5240,6052,-504,132,-156,0
708.4406700134277,8292,6976,11380,-123,-33,73,7360,-9724,10096,-43,124,-175,-13644,4148,5512,-969,58,-65,-14012,-5268,6052,-467,145,-161,0
708.4770770072937,8240,6832,11364,-115,-70,105,7288,-9668,9972,-24,124,-160,-13848,4132,5416,-1013,76,-64,-13980,-5288,6008,-492,167,-138,0
708.5125091075897,8240,6932,11168,-141,-110,89,7192,-9684,10048,-37,71,-180,-13576,4172,5444,-978,108,-107,-14036,-5236,6068,-259,203,-134,0
708.5481491088867,8224,7116,11612,-99,-51,88,7308,-9584,10080,-30,188,-152,-13940,4116,5324,-948,116,-55,-14008,-5320,6060,-484,129,-111,0
708.5837321281433,8176,6672,11284,-136,-89,128,7308,-9952,9772,-29,120,-185,-14080,4072,5448,-1012,79,-103,-14020,-5252,5976,-257,159,-116,0
708.6196720600128,8276,6880,11172,-115,-64,94,6960,-9632,10232,-39,127,-171,-13864,4176,5412,-997,81,-57,-13956,-5412,5904,-514,144,-129,0
708.6550400257111,8212,6840,11364,-101,-53,96,7288,-9648,10100,-43,100,-178,-13840,4152,5480,-1024,78,-47,-13996,-5472,6012,-508,137,-138,0
708.6903970241547,8104,6920,11372,-91,-70,82,7164,-9772,10144,-37,147,-189,-13828,4240,5460,-987,80,-66,-13992,-5364,5976,-487,156,-127,0
708.7256810665131,8172,6712,11504,-107,-82,101,7148,-9672,10356,-40,129,-186,-14040,4264,5524,-1007,79,-69,-14052,-5348,5932,-495,152,-122,0
708.7631869316101,8036,6896,11288,-129,-59,90,7092,-9776,10264,-60,121,-165,-13940,4156,5628,-991,122,-79,-13956,-5228,6004,-493,140,-113,0
708.7969310283661,8280,6936,11564,-137,-57,104,7180,-9752,10184,-34,80,-177,-13720,4156,5500,-1000,115,-71,-14072,-5352,6100,-499,140,-135,0
708.8305089473724,8180,6940,11428,-99,-80,125,7236,-9772,10144,-38,116,-198,-13852,4168,5572,-1008,87,-76,-13932,-5364,5940,-501,164,-133,0
708.8641719818115,8216,6900,11344,-109,-63,113,7208,-9632,10424,-71,109,-159,-13740,4156,5524,-994,82,-45,-13956,-5124,5992,-510,162,-102,0
708.8976080417633,8160,6960,11348,-144,-46,117,7236,-9620,10212,-10,160,-171,-13720,4168,5512,-1026,96,-47,-13968,-5360,5904,-497,169,-121,0
708.9312081336975,7940,6924,11380,-165,-52,111,7212,-9780,10160,-20,176,-148,-13792,4348,5520,-1008,138,-91,-13972,-5280,5924,-492,166,-95,0
708.964849948883,8428,6916,11488,-157,-65,127,7148,-9512,10272,-12,153,-192,-13932,4256,5456,-1009,147,-145,-14044,-5320,5988,-485,150,-84,0
708.9984200000763,8156,6996,11144,-204,-98,129,7208,-9708,10152,-40,142,-184,-14044,4244,5676,-974,153,-122,-13920,-5296,6020,-470,174,-79,0
709.0316231250763,8224,6880,11356,-181,-103,127,7212,-9728,10144,-14,169,-170,-13768,4248,5624,-986,145,-94,-13912,-5296,5988,-519,152,-95,0
709.0651121139526,8168,6988,11512,-195,-80,143,7364,-9768,10140,43,180,-188,-13576,4304,5372,-783,115,-88,-13848,-5400,6024,-522,195,-123,0
709.0987830162048,7944,6884,11332,-191,-132,146,6964,-9528,10220,46,193,-188,-13812,4144,5496,-1020,131,-166,-13980,-5284,5980,-522,188,-86,0
709.1320309638977,8184,7068,11244,-164,-113,125,7196,-9740,10284,-26,175,-202,-13796,4172,5432,-967,129,-155,-13996,-5356,6012,-516,206,-83,0
709.1657090187073,8276,6896,11304,-246,-135,115,7172,-9932,10024,8,192,-205,-13580,4144,5480,-1004,148,-168,-13980,-5232,6032,-478,206,-73,0
709.1992769241333,8228,6824,11256,-201,-159,103,7264,-9592,10148,19,193,-206,-13824,4236,5408,-1014,138,-94,-14060,-5220,6140,-491,162,-91,0
709.2324120998383,8312,6876,11232,-190,-135,150,7228,-9760,10060,12,187,-176,-14060,4176,5412,-1014,104,-75,-14008,-5428,6012,-487,115,-57,0
709.2660009860992,8244,7156,11408,-233,-97,141,7188,-9688,10092,-35,196,-152,-13868,4128,5496,-999,146,-109,-14028,-5340,6072,-479,135,-101,0
709.2996859550476,7936,6928,11328,-220,-137,139,7212,-9480,10220,-12,201,-206,-13900,4204,5312,-1019,119,-130,-14028,-5336,5784,-502,186,-85,0
709.3332459926605,8260,6812,11424,-227,-145,143,7240,-9660,10300,16,176,-202,-13824,4028,5428,-1043,130,-133,-13992,-5212,6028,-482,165,-61,0
709.3666050434113,8240,6876,11332,-228,-160,160,7124,-9616,10020,33,155,-223,-13812,4132,5540,-1003,175,-123,-14000,-5372,6040,-503,205,-65,0
709.3999719619751,8272,6848,11300,-209,-155,138,7292,-9652,10156,-248,144,-211,-13848,4152,5608,-1028,153,-125,-13892,-5268,6016,-509,196,-94,0
709.4331350326538,8212,6864,11284,-223,-136,137,7384,-9476,10152,-18,179,-201,-13920,4228,5372,-1010,155,-138,-14076,-5340,5956,-474,179,-48,0
709.4667460918427,8360,6864,11392,-210,-150,124,7392,-9712,10100,26,138,-195,-13908,4216,5472,-1029,148,-157,-13840,-5332,6072,-489,186,-75,0
709.5005359649658,8280,6780,11324,-227,-184,147,7372,-9880,10356,37,145,-172,-13836,4088,5360,-1044,132,-85,-13972,-5220,6108,-511,164,-76,0
709.5338430404663,8172,6920,11600,-231,-133,174,7128,-9684,10164,-5,169,-196,-13812,4204,5600,-1008,145,-86,-13980,-5312,6044,-483,130,-94,0
709.5673289299011,8256,6852,11328,-208,-144,149,7408,-9668,10116,251,138,-194,-13832,4156,5424,-989,136,-96,-13964,-5276,5952,-479,172,-81,0
709.6008560657501,8172,6756,11336,-216,-142,137,7224,-9772,10116,-255,142,-197,-13836,4240,5284,-1015,103,-157,-14008,-5264,6008,-511,174,-94,0
709.6340100765228,8216,6864,11296,-194,-169,161,7404,-9616,10032,-249,153,-182,-13928,4284,5628,-983,89,-124,-13856,-5288,6032,-487,163,-91,0
709.6675360202789,8200,6768,11452,-207,-156,135,7252,-9560,10188,38,147,-206,-13856,3992,5172,-1009,142,-92,-13948,-5244,6024,-504,185,-86,0
709.701131105423,8128,6796,11252,-226,-142,171,7088,-9628,10204,19,171,-194,-13860,4084,5448,-1017,127,-118,-13996,-5264,6064,-502,167,-105,0
709.7342619895935,8364,6776,11156,-206,-169,144,7180,-9664,10140,-3,146,-177,-13912,4128,5452,-996,129,-111,-13968,-5184,5972,-526,164,-90,0
709.7676911354065,8376,6776,11396,-201,-206,138,7180,-9724,10056,1,131,-201,-13844,4208,5424,-1009,135,-118,-14056,-5180,6236,-501,189,-92,0
709.8043999671936,8300,6812,11344,-200,-184,143,7220,-9636,10044,-10,107,-200,-13804,4136,5304,-987,134,-40,-14064,-5212,6044,-475,140,-117,0
709.8395409584045,8440,6820,11188,-116,-141,132,7156,-9604,10168,-46,107,-183,-13844,4156,5476,-1001,105,-63,-13844,-5160,6084,-764,119,-156,0
709.874706029892,8264,6764,11140,-108,-83,106,7096,-9664,10080,-21,127,-162,-13924,4128,5408,-1013,59,-83,-14008,-5180,6028,-500,168,-182,0
709.9101059436798,8308,6840,11176,-139,-92,91,7172,-9732,10088,-38,119,-171,-13872,4052,5676,-995,50,-72,-13972,-5328,6012,-508,143,-154,0
709.9455270767212,8288,6672,11340,-100,-52,94,7208,-9644,10300,-59,121,-160,-13924,4172,5152,-984,102,-70,-13844,-5180,5968,-478,146,-139,0
709.9815089702606,8344,6792,11404,-133,-64,87,7020,-9512,10024,-50,118,-197,-13608,4156,5384,-776,97,-112,-14032,-5260,5932,-455,156,-133,0
710.0171761512756,8392,6884,11356,-114,-42,97,7204,-9680,10160,-56,84,-135,-13864,4208,5572,-982,72,238,-14024,-5188,6160,-502,80,-148,0
710.0525469779968,8336,6808,11408,-73,1,79,7124,-9700,10200,-88,100,-138,-13944,4164,5516,-974,51,-48,-13896,-5384,6004,-261,92,-138,0
710.0880720615387,8248,7120,11348,-111,-28,60,7240,-9744,10448,-68,134,-154,-13824,4156,5396,-999,46,-71,-14020,-5256,5948,-464,161,-122,0
710.1228830814362,8212,6836,11320,-80,-56,59,7152,-9544,10176,-56,110,-196,-13784,4168,5320,-1009,78,-34,-14024,-5268,6076,-515,135,-117,0
710.1586580276489,8328,6836,11276,-114,-60,98,7116,-9704,10116,-64,87,-204,-13656,4168,5572,-982,108,-88,-13948,-5332,6188,-523,192,-101,0
710.1935291290283,8268,6780,11320,-128,-90,130,7096,-9656,10156,-54,77,-189,-13900,4212,5412,-981,121,-101,-13984,-5268,5888,-503,188,-93,0
710.2291901111603,8324,6868,11348,-96,-83,119,7204,-9692,10164,-89,80,-177,-13944,4096,5580,-951,79,-88,-14148,-5376,5960,-491,146,-132,0
710.2641761302948,8396,6668,11428,-126,-60,85,7180,-9560,10064,-79,119,-180,-13912,4248,5328,-985,75,-64,-14056,-5264,5944,-507,134,-147,0
710.3002300262451,8436,6784,11336,-105,-63,88,7184,-9640,10236,-15,108,-167,-13912,4100,5472,-994,79,-81,-13976,-5296,5716,-765,146,-146,0
710.3355760574341,8248,7116,11308,-88,-30,97,7260,-9688,10216,-9,181,-166,-13956,4176,5516,-982,80,-19,-13984,-5244,6040,-499,106,-139,0
710.3717310428619,8328,6780,11360,-101,-76,86,7408,-9512,10432,-39,125,-166,-13820,4292,5236,-977,73,-74,-14024,-5212,6204,-491,141,-105,0
710.4077000617981,8236,6892,11312,-129,-42,83,7184,-9676,10200,-32,144,-178,-13612,4212,5548,-993,76,-84,-13920,-5340,5992,-483,124,-137,0
710.4443011283875,8192,6896,11440,-110,-65,86,7152,-9752,10136,-56,106,-163,-13868,4192,5480,-992,103,-62,-14040,-5236,6108,-498,143,-129,0
710.4779789447784,8272,6868,11156,-109,-67,120,7176,-9668,10156,-40,96,-170,-13792,4100,5356,-987,89,-47,-14044,-5308,6124,-501,125,-154,0
710.511626958847,8204,6880,11424,-106,-97,101,7396,-9936,10100,-58,93,-187,-13992,4132,5436,-1000,80,-71,-14032,-5324,6032,-500,152,-134,0
710.5452461242676,8224,6832,11216,-85,-70,91,7192,-9744,10216,-61,116,-209,-13828,4148,5664,-981,77,-116,-14028,-5328,6072,-489,152,-131,0
710.5787410736084,8224,6680,11136,-113,-82,106,7296,-9704,10316,-74,117,-198,-13616,4140,5600,-968,77,-93,-14080,-5320,6128,-495,120,-128,0
710.6123039722443,8248,6896,11492,-84,-41,96,6940,-9684,10016,-34,116,-171,-13860,4300,5404,-1011,25,-49,-14084,-5252,6052,-507,123,-148,0
710.6454811096191,8244,6852,11336,-153,-57,107,7216,-9956,10040,-4,103,-153,-13728,4196,5392,-1037,43,-28,-13864,-5160,6116,-508,128,-135,0
710.6792330741882,8260,7032,11300,-89,-66,104,7132,-9672,10084,-10,155,-166,-13876,4332,5584,-994,70,-47,-13888,-5160,6004,-508,93,-154,0
710.7128601074219,8296,6868,11284,-92,-48,98,7352,-9732,10092,-32,101,-178,-14072,4124,5492,-989,25,-91,-13940,-5300,6032,-487,137,-133,0
710.7460260391235,8312,6900,11268,-153,-75,76,7268,-9752,10208,-34,150,-176,-13864,4140,5420,-995,67,-83,-14000,-5168,6136,-483,147,-143,0
710.7799429893494,8348,6824,11244,-102,-74,84,7244,-9660,10176,-31,72,-161,-13808,4160,5528,-1039,49,-32,-13936,-5416,6144,-508,89,-137,0
710.8134639263153,8236,6972,11276,-105,-16,118,7180,-9968,10088,-73,108,-159,-13832,4172,5632,-995,34,-36,-13888,-5156,5928,-478,82,-154,0
710.8473880290985,8220,6924,11580,-97,-65,97,7100,-9948,10156,-65,101,-170,-13868,4284,5516,-973,82,-33,-13912,-5372,5920,-479,124,-146,0
710.8809530735016,8248,6908,11300,-103,-53,119,7208,-9596,10212,-58,100,-153,-14036,4476,5880,-1010,92,-50,-14012,-5280,5920,-506,142,-129,0
710.9143121242523,8188,6920,11276,-97,-54,88,7216,-9612,10212,-36,104,-182,-13728,4248,5544,-1001,94,-101,-14044,-5308,5888,-499,159,-122,0
710.9479269981384,8184,6776,11356,-130,-93,133,7104,-9700,10148,-49,103,-181,-13720,4172,5548,-991,94,-106,-13912,-5404,6004,-517,172,-116,0
710.9816219806671,8240,6668,11464,-125,-60,125,7212,-9644,10236,-25,122,-159,-13824,4076,5492,-991,76,-88,-14060,-5300,6192,-482,144,-129,0
711.0151779651642,8292,7140,11412,-157,-44,113,7256,-9752,10176,-35,100,-171,-13820,4120,5388,-1034,139,-67,-14032,-5268,5960,-476,111,-138,0
711.0486130714417,8228,6960,11288,-140,-42,88,7260,-9688,10136,-10,146,-170,-13980,4252,5540,-1009,128,-66,-14004,-5256,6124,-483,136,-144,0
711.082123041153,8276,6952,11452,-164,-30,111,7384,-9664,10164,-35,153,-153,-13864,4152,5428,-984,102,-92,-14060,-5328,6084,-506,134,-119,0
711.1155331134796,8240,6676,11280,-157,-71,110,7196,-9560,10208,-52,146,-185,-13768,4084,5512,-1000,84,-116,-13908,-5312,6012,-499,180,-125,0
711.1492400169373,8260,6688,11476,-145,-81,128,7148,-9656,9992,-26,138,-174,-13824,4028,5544,-999,128,-142,-14020,-5264,6368,-489,171,-98,0
711.1829099655151,8268,6936,11292,-194,-112,112,7028,-9772,10180,-27,142,-174,-13808,4184,5588,-1017,141,-127,-14036,-5356,5928,-498,196,-134,0
711.216607093811,8276,6848,11304,-156,-89,124,7360,-9788,10216,243,136,-194,-14064,4220,5556,-1009,162,-108,-14064,-5232,6020,-505,172,-102,0
711.2499001026154,8436,6868,11236,-186,-108,118,7152,-9756,10212,8,151,-223,-13576,4252,5444,-1018,145,-124,-14008,-5200,6072,-765,202,-97,0
711.2834739685059,8208,6948,11284,-195,-139,125,7196,-9740,10124,-6,159,-205,-13728,4180,5348,-995,137,-139,-13956,-5272,6068,-488,192,-88,0
711.3170459270477,8264,6896,11348,-169,-136,127,7260,-9836,10080,5,171,-222,-13864,4136,5464,-1005,152,-130,-13968,-5296,6120,-485,190,-93,0
711.350583076477,8228,6856,11412,-178,-144,127,7232,-9652,9984,-9,151,-198,-13836,4156,5332,-983,165,-151,-13984,-5280,6016,-505,176,-51,0
711.3840460777283,8200,6788,11360,-185,-130,135,7248,-9748,10228,-17,132,-197,-14032,3880,5540,-980,159,-90,-14136,-5260,6108,-495,162,-51,0
711.4174771308899,8272,6812,11252,-188,-130,160,7248,-9632,10160,7,175,-197,-13856,4256,5528,-990,153,-74,-14004,-5272,6116,-502,208,-81,0
711.4508619308472,8420,6984,11388,-205,-124,122,7372,-9712,10168,1,179,-217,-14068,4228,5444,-970,118,-83,-14028,-5280,6020,-483,183,-86,0
711.4880559444427,8276,6932,11384,-196,-145,146,7244,-9684,10088,-8,196,-212,-13956,3888,5496,-968,151,-129,-13960,-5260,6100,-477,135,-84,0
711.5233120918274,8216,6820,11376,-192,-105,129,7236,-9788,10160,10,170,-188,-13920,4244,5564,-1015,130,-73,-13972,-5328,5952,-500,153,-93,0
711.5595400333405,8308,6864,11436,-234,-134,140,7416,-9692,10272,40,143,-177,-13876,4176,5412,-1027,99,-148,-13960,-5304,6064,-482,158,-91,0
711.594957113266,8212,6868,11204,-169,-109,117,7180,-9532,10200,5,174,-179,-13896,4176,5412,-965,159,-155,-13952,-5324,5988,-486,168,-69,0
711.6308720111847,8348,6816,11292,-222,-123,145,7132,-9676,10008,-254,167,-201,-13884,4196,5280,-977,125,-118,-13908,-5280,5956,-460,193,-57,0
711.6661050319672,8252,6736,11428,-198,-169,141,7224,-9664,10188,-11,183,-192,-13952,4140,5576,-994,114,-118,-13848,-5188,6360,-482,157,-68,0
711.7018070220947,8356,6884,11436,-182,-113,138,7136,-9560,10188,4,206,-160,-13844,4164,5420,-987,107,-87,-13976,-5280,5968,-509,97,-81,0
711.7380430698395,8300,6828,11352,-207,-105,109,7228,-9680,10248,-14,165,-156,-13572,4160,5560,-983,98,-79,-13944,-5196,6140,-490,138,-104,0
711.7734129428864,8260,6800,11320,-214,-145,140,7188,-9584,10156,-20,162,-182,-13920,4064,5524,-985,106,-147,-14208,-5192,6016,-481,163,-100,0
711.8095490932465,8384,6860,11308,-177,-141,135,7396,-9484,10252,-6,129,-204,-13900,4120,5396,-998,140,-106,-14000,-5236,5980,-511,169,-73,0
711.8448851108551,8252,6780,11448,-212,-170,153,7092,-9704,10100,26,117,-227,-13812,4132,5524,-988,162,-124,-13980,-5188,5976,-494,186,-63,0
711.8803310394287,8320,6764,11032,-166,-152,148,7264,-9624,10120,255,103,-217,-13928,4120,5384,-989,170,-113,-14268,-5268,5988,-461,152,-71,0
711.9154660701752,8372,6820,11180,-212,-136,143,6980,-9704,10156,-6,169,-214,-13868,4172,5548,-994,128,-92,-14092,-5316,5960,-491,147,-72,0
711.9517209529877,8236,6840,11368,-206,-156,116,7212,-9636,10268,253,106,-184,-13668,4308,5432,-993,130,-146,-13952,-5296,5980,-504,160,-132,0
711.987725019455,8336,6820,11316,-177,-161,135,7224,-9540,10476,24,158,-184,-14080,4080,5372,-1006,120,-121,-13828,-5316,6088,-485,152,-82,0
712.0229260921478,8296,6744,11244,-170,-142,121,7012,-9656,10412,-4,133,-188,-13816,4168,5348,-993,116,-101,-13912,-5284,6092,-468,154,-77,0
712.0591769218445,8264,6824,11088,-148,-163,130,7224,-9592,10184,-42,140,-200,-13840,3876,5408,-995,98,-120,-14080,-5244,5984,-498,140,-168,0
712.0944049358368,8332,6772,11252,-106,-109,117,7124,-9608,10084,-46,101,-187,-13828,4168,5420,-997,93,-44,-13980,-5204,6040,-492,132,-142,0
712.1313281059265,8260,6832,11316,-142,-97,80,7096,-9580,10284,-22,158,-169,-13796,4152,5436,-1014,84,-85,-13972,-5292,5940,-475,158,-141,0
712.1649961471558,8324,6896,11472,-117,-70,86,7112,-9612,10208,-32,93,-190,-13572,4164,5292,-992,106,-85,-14200,-5280,6052,-499,126,-130,0
712.1987080574036,8324,6772,11456,-115,-104,109,7168,-9696,10224,-73,87,-171,-13784,4136,5440,-990,117,-69,-14012,-5268,6160,-500,160,-93,0
712.2321710586548,8352,6704,11268,-134,-95,93,7204,-9676,10488,-42,95,-202,-13864,4148,5524,-1012,102,-104,-14088,-5240,5996,-475,166,-131,0
712.2657089233398,8388,6756,11184,-110,-75,83,7204,-9568,10024,-64,84,-199,-13828,3920,5492,-994,91,-50,-14080,-5212,6076,-483,125,-126,0
712.2989389896393,8264,6768,11292,-65,-57,77,7176,-9604,10164,-60,73,-167,-13856,4208,5404,-1010,62,-55,-14052,-5132,6088,-763,110,-139,0
712.332533121109,8256,6876,11248,-116,-32,92,7156,-9500,10248,-17,113,-140,-13820,4228,5440,-1278,60,-85,-13908,-5352,6020,-494,141,-185,0
712.3661289215088,8312,6848,11332,-69,-19,84,7236,-9620,10120,-69,104,-177,-13876,4088,5512,-988,67,-67,-14000,-5472,6096,-506,134,-147,0
712.3994920253754,8304,6764,11392,-101,-49,72,7272,-9640,10240,-62,127,-205,-13868,4112,5276,-980,90,-76,-14032,-5200,6112,-479,171,-117,0
712.4329929351807,8360,6764,11516,-148,-81,78,7136,-9652,10148,-38,118,-215,-13812,4132,5440,-1003,95,-65,-13928,-5312,6060,-472,198,-136,0
712.4666740894318,8352,6824,11504,-92,-62,91,7276,-9576,10052,-49,96,-186,-13940,4144,5728,-1001,91,-55,-14044,-5296,6124,-501,132,-153,0
712.5002830028534,8288,6856,11292,-103,-27,80,7240,-9636,10084,-62,123,-156,-13900,4084,5556,-1000,55,-91,-14024,-5304,6364,-483,109,-152,0
712.5337841510773,8308,6816,11272,-116,-15,88,7408,-9608,10152,-53,144,-161,-13852,4052,5424,-995,68,-119,-13860,-5224,6116,-503,140,-134,0
712.5673990249634,8284,6836,11264,-128,-42,79,7384,-9512,10032,-45,134,-163,-13916,4140,5436,-1005,92,-95,-13832,-5336,6000,-509,142,-106,0
712.6010589599609,8300,7140,11284,-101,-93,91,7224,-9648,10000,-35,128,-181,-13572,4100,5692,-1013,103,-77,-13844,-5268,6000,-492,174,-130,0
712.6343200206757,8340,6872,11352,-126,-119,128,7232,-9676,10192,-26,83,-201,-13848,4072,5432,-995,109,-78,-14024,-5248,6096,-509,171,-104,0
712.6756589412689,8252,6908,11500,-106,-83,97,7180,-9600,10144,-49,104,-188,-13888,4156,5580,-1004,78,-51,-14020,-5268,6156,-484,129,-122,0
712.7222740650177,8236,6864,11304,-114,-79,103,7228,-9656,10152,-25,137,-190,-13892,4196,5396,-1007,103,-93,-13900,-5304,6364,-512,157,-127,0
712.7662510871887,8244,6808,11324,-96,-97,93,6916,-9476,10328,-30,132,-181,-13864,4096,5596,-1276,84,-57,-13848,-5256,6192,-762,130,-129,0
712.800017118454,8196,6668,11192,-107,-78,86,7232,-9656,10128,-34,94,-174,-13728,4196,5416,-984,75,-51,-13928,-5284,6092,-492,138,-139,0
712.8336451053619,8072,6868,11364,-104,-64,93,7236,-9680,10464,-61,114,-183,-13812,4236,5432,-1001,99,-76,-14016,-5376,5996,-471,132,-127,0
712.8673620223999,8320,6744,11424,-134,-93,121,7152,-9648,10184,-43,109,-180,-13756,4132,5548,-984,100,-58,-13956,-5136,6048,-484,128,-173,0
712.9009070396423,8340,6768,11296,-134,-91,124,7172,-9648,9824,-19,106,-152,-13848,4196,5588,-990,70,-61,-13964,-5284,6064,-507,133,-156,0
712.9343709945679,8316,6852,11504,-151,-65,101,7236,-9568,10092,-22,115,-196,-14060,4132,5768,-997,54,-108,-13840,-5316,5964,-260,135,-150,0
712.9679579734802,8264,6824,11216,-125,-76,94,7172,-9584,10124,-24,149,-161,-13884,4160,5520,-998,78,-82,-13992,-5444,6228,-498,142,-166,0
713.0016920566559,8288,6920,11336,-103,-72,99,7176,-9628,10176,-34,137,-163,-13880,4336,5460,-1021,58,-80,-13992,-5296,6132,-502,182,-131,0
713.035306930542,8248,6772,11280,-113,-87,97,7160,-9548,10116,-54,120,-215,-13824,4172,5396,-1011,114,-63,-14008,-5244,6052,-465,117,-124,0
713.0688049793243,8256,6888,11332,-126,-82,110,7276,-9584,9968,-58,90,-157,-13608,4140,5588,-974,70,-64,-13976,-5288,6060,-481,103,-114,0
713.1023781299591,8352,6820,11296,-143,-90,107,7196,-9728,10268,-45,121,-167,-13900,4180,5240,-1006,50,-92,-13968,-5172,6080,-511,128,-133,0
713.1354401111603,8408,6820,11304,-161,-50,109,7232,-9688,10148,-7,91,-179,-13740,4152,5420,-1039,37,-86,-13948,-5312,6076,-516,148,-156,0
713.1723580360413,8336,6932,11352,-105,-63,111,7396,-9672,10064,-46,146,-172,-13900,4192,5592,-925,36,-45,-13908,-5324,6372,-764,137,-137,0
713.2086329460144,8280,6740,11336,-153,-66,79,7228,-9636,10232,-61,124,-176,-13648,3932,5496,-985,62,-80,-14044,-5244,6120,-494,156,-114,0
713.243793964386,8380,6832,11400,-124,-75,102,7272,-9664,10176,-10,92,-181,-13860,4256,5412,-1009,78,-84,-14004,-5336,6060,-490,130,-164,0
713.2796339988708,8328,6812,11212,-151,-63,108,7184,-9564,10116,-45,126,-151,-13716,4176,5592,-1024,43,-37,-14020,-5284,6136,-499,91,-121,0
713.3148999214172,8216,6800,11336,-137,-32,97,7060,-9540,10104,-50,174,-158,-13772,4216,5592,-999,81,-65,-13916,-5320,6144,-476,109,-132,0
713.350389957428,8288,6868,11304,-153,-51,110,7204,-9580,10432,-42,150,-160,-14072,4244,5664,-1003,76,-78,-13984,-5268,6132,-522,159,-118,0
713.385339975357,8264,6860,11312,-150,-39,113,7196,-9708,10236,-40,145,-150,-13840,4196,5668,-1013,123,-94,-13892,-5340,6036,-503,179,-111,0
713.4212560653687,8124,6824,11360,-208,-102,121,7188,-9628,10320,-3,112,-207,-13856,4200,5560,-998,126,-73,-13868,-5260,6236,-260,195,-84,0
713.4563689231873,8292,6964,11176,-148,-87,136,7176,-9656,10040,-25,137,-197,-13576,4160,5568,-1015,137,-114,-13904,-5268,6124,-516,168,-135,0
713.4923269748688,8276,6900,11512,-154,-90,138,7248,-9596,10128,-1,143,-164,-13984,4136,5660,-993,117,-112,-13984,-5352,6220,-503,160,-116,0
713.5280771255493,8068,6828,11364,-153,-74,124,7036,-9960,10084,7,179,-162,-13840,4160,5684,-1278,140,-136,-14048,-5212,6064,-481,183,-124,0
713.5630519390106,8336,6832,11256,-167,-110,104,7180,-9624,10176,249,152,-176,-13752,4220,5500,-771,110,-108,-13964,-5372,6160,-765,143,-64,0
713.5985851287842,8316,6836,11304,-168,-107,99,7116,-9744,10164,-31,174,-189,-13596,4196,5476,-992,130,-91,-13936,-5276,6048,-473,167,-79,0
713.6337130069733,8324,6784,11292,-178,-102,107,6948,-9912,10240,-22,161,-186,-13772,4304,5568,-992,130,-152,-13964,-5344,6004,-479,197,-96,0
713.6694619655609,8140,6836,11356,-168,-132,146,7180,-9696,10140,3,154,-197,-13860,4180,5648,-1011,127,-124,-13956,-5204,5964,-763,202,-79,0
713.7046799659729,8308,6876,11416,-164,-121,120,7116,-9664,10148,-17,146,-196,-13844,3908,5568,-990,134,-134,-13920,-5224,6020,-497,183,-96,0
713.74018907547,8432,6816,11516,-161,-131,116,7284,-9636,10252,6,108,-207,-13572,3852,5568,-1015,123,-109,-14068,-5260,6360,-489,178,-60,0
713.7756390571594,8260,6892,11120,-196,-139,121,7248,-9664,10136,14,143,-197,-13896,4132,5580,-988,152,-67,-13952,-5312,6112,-503,181,-86,0
713.8114869594574,8296,6824,11248,-196,-139,175,7272,-9612,10196,4,155,-203,-13852,4056,5532,-1007,149,-126,-14032,-5304,6184,-464,168,-108,0
713.8450710773468,8232,6896,11440,-181,-139,137,7208,-9652,10248,15,151,-202,-13904,4148,5612,-1014,176,-127,-13984,-5312,6092,-485,164,-55,0
713.8786759376526,8328,6860,11392,-199,-134,134,7072,-9656,10152,18,143,-201,-13920,4180,5720,-1005,167,-146,-13968,-5420,6228,-486,178,-65,0
713.9120080471039,8348,6852,11148,-206,-137,140,7236,-9608,10156,14,152,-215,-14068,4148,5556,-1005,145,-118,-14056,-5276,6076,-465,158,-86,0
713.9456360340118,8440,6832,11300,-190,-135,127,7168,-9688,10208,-14,157,-185,-13800,4224,5420,-1012,149,-82,-14088,-5252,6016,-503,164,-108,0
713.9791071414948,8312,6816,11192,-223,-93,176,7404,-9684,10220,19,161,-186,-13824,4240,5484,-1065,110,-114,-13900,-5268,6168,-492,197,-94,0
714.0129079818726,8340,6900,11504,-217,-154,145,7212,-9588,10324,34,152,-202,-13868,4340,5524,-1270,128,-145,-14000,-5300,5996,-482,162,-79,0
714.0461521148682,8404,6756,11364,-158,-120,127,7132,-9572,10280,-4,161,-203,-13900,4132,5388,-995,140,-131,-14012,-5224,6152,-471,198,-45,0
714.0798070430756,8368,6800,11260,-242,-124,126,7260,-9716,10132,-4,156,-188,-14060,4128,5364,-992,136,-119,-14336,-5256,6108,-452,181,-88,0
714.1132919788361,8336,6748,11188,-189,-111,130,7284,-9612,10168,25,150,-174,-13844,4132,5580,-1020,128,-58,-14012,-5264,5988,-504,151,-107,0
714.1466310024261,8324,6764,11300,-165,-98,136,7176,-9660,10068,5,142,-151,-13620,4212,5404,-1016,103,-47,-14004,-5372,6340,-498,100,-119,0
714.1802611351013,8388,6880,11340,-227,-87,116,7168,-9592,10304,-12,159,-169,-13868,4228,5444,-1019,110,-121,-13936,-5156,6092,-470,134,-86,0
714.2138650417328,8296,6860,11268,-188,-123,131,7412,-9580,10064,-17,153,-170,-13800,4132,5608,-1015,133,-128,-13916,-5192,6116,-498,175,-95,0
714.2474279403687,8344,6844,11020,-176,-125,135,7264,-9624,10108,255,141,-190,-13784,4192,5416,-1019,131,-101,-14000,-5192,5988,-483,182,-72,0
714.2810821533203,8300,6788,11320,-221,-156,157,7192,-9576,10004,37,117,-203,-13844,4172,5404,-991,156,-105,-13984,-5220,6232,-463,207,-56,0
714.3145051002502,8440,6792,11428,-181,-111,150,7316,-9676,10128,-16,128,-192,-13856,4096,5472,-1003,122,-69,-13904,-5352,6380,-492,167,-106,0
714.3483150005341,8372,6796,11292,-176,-145,114,7240,-9636,10084,-13,121,-205,-13984,4144,5368,-993,104,-73,-13968,-5320,6120,-479,151,-79,0
714.381767988205,8360,6796,11064,-164,-107,131,7208,-9628,10136,-27,118,-205,-13968,4192,5552,-1022,83,-125,-14048,-5176,5980,-512,166,-90,0
714.415277004242,8296,6680,11188,-152,-78,124,7232,-9656,10200,-43,112,-174,-13824,4136,5548,-993,70,-95,-14052,-5136,5988,-768,143,-120,0
714.4486269950867,8400,6768,11296,-116,-81,99,7260,-9568,10240,-56,97,-174,-13984,4068,5420,-962,54,-24,-14024,-5192,6184,-511,104,-163,0
714.4821059703827,8364,6720,11264,-135,-37,84,7256,-9680,10088,-51,134,-157,-13820,4200,5188,-1007,78,-51,-13996,-5304,6076,-497,153,-144,0
714.5156619548798,8340,6760,11368,-141,-53,105,7276,-9628,10096,-33,105,-176,-13600,4288,5472,-998,74,-45,-13956,-5384,6044,-479,111,-145,0
714.5494561195374,8368,6772,11156,-130,-54,113,7284,-9652,10128,-42,115,-184,-13580,4092,5384,-985,90,-71,-13864,-5380,6212,-494,122,-130,0
714.5829730033875,8224,6792,11496,-134,-68,116,7128,-9552,10148,-37,96,-162,-13840,4160,5680,-988,103,-108,-13940,-5284,6084,-526,136,-130,0
714.616513967514,8332,6736,11420,-122,-82,106,7184,-9536,10112,-54,88,-184,-13616,4168,5460,-988,102,-74,-14072,-5332,6192,-508,151,-151,0
714.6495051383972,8392,6840,11360,-104,-68,103,7168,-9724,10112,-30,109,-170,-13908,4180,5480,-974,83,-61,-14000,-5292,6200,-504,151,-133,0
714.6829941272736,8324,6784,11196,-142,-79,96,7256,-9616,10188,-50,99,-177,-13800,4200,5420,-1005,80,-87,-13992,-5308,6056,-486,158,-141,0
714.7168281078339,8236,6880,11548,-141,-71,110,6936,-9604,10192,-101,80,-178,-13912,4236,5632,-985,105,-93,-14056,-5208,6152,-497,100,-117,0
714.7500970363617,8364,6696,11476,-103,-56,113,7196,-9640,10324,-40,90,-152,-13868,4212,5420,-1000,79,-67,-13960,-5260,6016,-507,137,-122,0
714.7837431430817,8352,6688,11320,-148,-75,94,7292,-9656,10108,12,86,-170,-13912,4216,5584,-990,60,-81,-13984,-5352,6012,-521,134,-144,0
714.8173770904541,8340,6848,11388,-76,-73,97,7232,-9600,10144,-82,119,-176,-14040,4180,5424,-1004,34,-90,-14052,-5148,6080,-506,126,-153,0
714.8548579216003,8308,6728,11316,-138,-97,70,7232,-9692,10288,-67,117,-168,-13824,4096,5400,-991,69,-43,-13924,-5244,6060,-472,151,-144,0
714.8901839256287,8360,6740,11260,-157,-50,75,7268,-9584,10224,-27,135,-153,-13884,4132,5440,-995,69,-85,-13960,-5288,5896,-459,132,-146,0
714.9257960319519,8440,6860,11264,-109,-29,87,7216,-9552,10028,-16,102,-125,-13848,4324,5468,-983,60,-21,-14048,-5316,6064,-498,105,-138,0
714.9612331390381,8256,6832,11388,-144,249,95,7292,-9600,10196,-30,82,-139,-13796,4140,5512,-1003,67,-25,-13940,-5232,6064,-481,98,-143,0
714.9979259967804,8304,6768,11360,-145,-37,75,7212,-9680,10012,-46,118,-171,-13792,4180,5880,-974,52,-88,-14056,-5324,6332,-507,134,-159,0
715.0329401493073,8264,6772,11356,-131,-72,99,7252,-9544,10128,-53,64,-180,-13840,4140,5440,-1017,109,-92,-13944,-5228,6216,-511,134,-144,0
715.0693740844727,8316,6792,11384,-134,-86,106,7112,-9600,10096,-47,105,-188,-14056,4160,5588,-985,109,-64,-13880,-5236,6044,-488,179,-126,0
715.1049489974976,8060,6820,11344,-106,-43,107,7256,-9612,10248,-56,118,-177,-13936,4108,5464,-1011,81,-55,-13972,-5500,6144,-485,133,-142,0
715.1407849788666,8320,6784,11280,-133,-79,107,7328,-9600,10480,-54,119,-181,-13588,4220,5804,-964,54,-71,-13904,-5336,6252,-507,128,-163,0
715.1771371364594,8352,6780,11044,-152,-52,93,7244,-9508,10156,-42,109,-165,-13908,4348,5296,-771,48,-67,-13976,-5292,6176,-513,149,-168,0
715.2124381065369,8284,6804,11048,-127,-62,91,7212,-9552,10128,-31,99,-148,-13796,4196,5592,-1001,63,-83,-13988,-5184,6116,-487,138,-118,0
715.24755692482,8236,6792,11268,-125,-21,118,7260,-9612,10204,-29,88,-185,-13720,4148,5484,-1020,69,-53,-13948,-5252,6128,-488,121,-140,0
715.2832679748535,8328,6908,11300,-126,-80,82,7240,-9628,10188,-50,133,-175,-13924,4260,5568,-994,61,-45,-13888,-5224,6056,-470,102,-151,0
715.319638967514,8332,6796,11292,-116,-67,90,7096,-9632,10128,-55,134,-171,-13712,4296,5452,-773,56,-95,-13952,-5308,6236,-493,121,-132,0
715.3545260429382,8260,6796,11344,-107,-37,86,7188,-9632,9996,-33,104,-169,-13760,4216,5448,-997,91,-58,-13908,-5316,5940,-487,149,-136,0
715.3902311325073,8416,6820,11324,-123,-52,113,7208,-9672,10144,-28,105,-187,-13752,4312,5560,-1004,102,-106,-13860,-5312,6324,-258,171,-128,0
715.4254100322723,8336,6680,11480,-117,-65,115,7204,-9912,10324,-40,130,-201,-13680,4200,5528,-1009,118,-71,-13964,-5132,6368,-494,152,-134,0
715.4606540203094,8336,6780,11152,-133,-77,106,7204,-9716,10160,-53,134,-181,-13796,4168,5468,-1010,91,-70,-13964,-5260,6060,-531,129,-126,0
715.4971380233765,8264,6784,11340,-138,-65,97,7248,-9652,10180,-23,171,-166,-13768,4124,5384,-1016,106,-70,-14008,-5360,6192,-502,142,-88,0
715.5305969715118,8420,6888,11028,-155,-37,105,7204,-9552,10136,-55,164,-178,-13800,4076,5416,-1015,113,-80,-13948,-5332,6012,-476,131,-69,0
715.5642840862274,8300,6728,11396,-163,-50,108,7252,-9624,9940,-24,152,-169,-13784,4284,5712,-979,114,-89,-13972,-5348,6124,-497,125,-102,0
715.5979681015015,8396,6808,11280,-151,-57,118,7232,-9624,10188,28,162,-177,-13816,4232,5508,-1032,132,-99,-13936,-5264,6156,-495,177,-118,0
715.6313009262085,8276,6804,11364,-206,-106,142,7196,-9620,10028,15,169,-198,-13740,4264,5552,-1024,116,-89,-14040,-5388,6060,-524,169,-78,0
715.6644730567932,8252,6780,11388,-134,-68,103,7192,-9584,10220,-22,157,-173,-13788,4172,5836,-1018,136,-95,-13940,-5336,5888,-502,180,-88,0
715.6980929374695,8280,6800,11344,-193,-101,94,7416,-9596,10164,253,171,-216,-14040,4100,5516,-1019,114,-150,-13992,-5168,6124,-487,185,-86,0
715.7317130565643,8276,6688,11396,-177,-104,144,7324,-9604,10112,16,159,-182,-13804,4236,5548,-781,139,-145,-13936,-5284,5964,-475,166,-74,0
715.7654230594635,8308,6708,11364,-154,-92,121,7196,-9608,10056,5,153,-170,-13924,4156,5876,-1008,163,-104,-14004,-5260,6176,-488,128,-71,0
715.7989950180054,8200,6824,11576,-187,-92,139,7264,-9584,10212,-20,185,-182,-13752,4248,5576,-988,145,-116,-14052,-5284,6240,-478,122,-55,0
715.8323519229889,8348,6780,11316,-187,-110,142,7192,-9632,10224,-16,182,-188,-13920,4180,5404,-979,126,-110,-13904,-5292,6380,-504,197,-76,0
715.8656520843506,8316,6748,11408,-170,-120,126,7084,-9596,10100,6,202,-198,-13636,4184,5540,-1017,147,-143,-13924,-5356,6080,-766,196,-68,0
715.8991150856018,8244,6676,11344,-175,-149,132,7192,-9632,10292,29,151,-220,-13752,4284,5548,-989,152,-153,-13968,-5160,6100,-496,223,-68,0
715.9328110218048,7944,6828,11428,-210,-153,149,7252,-9572,10208,4,157,-191,-13872,4080,5344,-1002,123,-122,-14008,-5352,6260,-484,165,-77,0
715.9664649963379,8244,6736,11196,-186,-146,165,7296,-9564,10344,-9,176,-206,-13828,4148,5412,-987,139,-137,-14052,-5260,6108,-480,172,-80,0
716.0001320838928,8356,6764,11220,-179,-98,128,7240,-9644,10328,-15,185,-195,-13920,4188,5660,-994,144,-120,-14044,-5196,5944,-505,184,-85,0
716.0335681438446,8276,6672,11404,-193,-125,134,7232,-9576,10120,254,183,-211,-13580,4180,5604,-1021,114,-112,-13908,-5196,6100,-523,199,-89,0
716.0671360492706,8324,6692,11480,-161,-115,149,7224,-9564,10136,-9,128,-173,-13764,4184,5492,-1263,137,-100,-13960,-5228,6076,-499,143,-72,0
716.1008560657501,8308,6812,11404,-196,-155,132,7196,-9620,10004,-14,192,-194,-13700,4096,5448,-1010,154,-111,-13940,-5336,6316,-478,173,-68,0
716.1341540813446,8392,6696,11244,-193,-113,121,7276,-9588,10280,-9,137,-225,-13764,4164,5480,-1012,140,-126,-14012,-5312,6248,-491,181,-93,0
716.1676559448242,8468,6768,11448,-178,-143,153,7328,-9620,10172,-3,130,-197,-13876,4260,5372,-770,113,-103,-14000,-5204,6012,-491,181,-64,0
716.2012510299683,8344,6772,11368,-177,-141,132,7280,-9668,10236,10,154,-189,-13584,4108,5396,-1006,125,-85,-14016,-5200,6112,-484,186,-98,0
716.2348730564117,8356,6716,11432,-186,-142,156,7260,-9612,10300,14,162,-219,-14068,4348,5472,-979,129,-125,-14060,-5236,6240,-507,175,-88,0
716.2685520648956,8300,6736,11376,-176,-165,155,6916,-9580,10284,-27,120,-193,-13888,4212,5520,-995,123,-115,-14000,-5184,5916,-505,143,-77,0
716.3021459579468,8324,6656,11416,-151,-137,145,7220,-9608,9988,-14,120,-208,-13904,3844,5580,-1011,162,-99,-13884,-5296,6008,-505,171,-66,0
716.3356740474701,8400,6676,11452,-199,-167,125,7128,-9620,10132,-17,135,-200,-13920,4140,5464,-1009,158,-56,-13992,-5252,6156,-475,163,-101,0
716.3690149784088,8356,6728,11292,-194,-122,132,7184,-9592,10156,-25,133,-171,-13648,4172,5572,-1002,122,-68,-14020,-5284,6108,-486,126,-99,0
716.4023599624634,8456,6680,11372,-131,-106,131,7100,-9596,10180,-7,134,-166,-13916,4216,5820,-1021,112,-73,-13980,-5176,6128,-526,129,-121,0
716.4358830451965,8244,6876,11060,-125,-107,86,7220,-9640,10152,24,152,-182,-13936,4188,5492,-1035,92,-94,-13904,-5372,6152,-489,189,-130,0
716.4695749282837,8300,6784,11496,-100,-114,102,6944,-9536,10200,-44,128,-205,-13848,4032,5428,-998,75,-118,-14056,-5236,6056,-494,145,-116,0
716.502876996994,8328,6652,11468,-121,-94,91,7272,-9600,10184,-65,142,-172,-13864,4276,5572,-958,126,-88,-14032,-5248,6036,-438,185,-105,0
716.5410001277924,8456,6668,11304,-144,-90,80,7224,-9580,10084,5,97,-168,-13884,4240,5424,-987,64,-64,-14072,-5232,6028,-501,143,-144,0
716.5762181282043,8220,6720,11300,-118,-36,95,7204,-9528,10180,-13,101,-119,-14004,4344,5404,-982,81,-254,-14028,-5292,5948,-501,107,-119,0
716.611762046814,8372,6720,11416,-123,-17,105,7212,-9612,10424,-46,137,-148,-13804,4100,5392,-1003,59,-55,-14008,-5576,6136,-493,98,-160,0
716.6476399898529,8228,6812,11456,-138,-54,108,7060,-9560,10192,-61,121,-170,-13772,4232,5408,-1005,80,-71,-13956,-5288,6124,-503,140,-151,0
716.682834148407,8320,6720,11324,-94,-95,103,7252,-9644,10408,-67,129,-190,-14068,4200,5424,-1010,109,-95,-14052,-5204,5944,-509,160,-110,0
716.7175040245056,8396,6728,11172,-102,-77,67,7404,-9612,10160,-27,103,-196,-13808,4176,5396,-994,88,-57,-13824,-5316,6216,-521,187,-144,0
716.7537651062012,8296,6756,11220,-89,-95,105,7104,-9548,10108,-62,117,-185,-14024,4144,5804,-981,88,-57,-13960,-5280,6124,-487,149,-136,0
716.7901649475098,8336,6732,11420,-140,-60,97,7204,-9576,10196,-45,120,-179,-13952,4112,5604,-952,82,-100,-13980,-5308,6084,-466,131,-129,0
716.8254189491272,8348,6660,11476,-139,-85,74,7252,-9664,10092,-37,146,-183,-13944,4320,5416,-998,77,-49,-13836,-5220,5924,-497,159,-125,0
716.8612010478973,8308,6656,11332,-107,-102,92,7208,-9552,10280,-38,115,-193,-14040,4148,5448,-1020,72,-93,-13940,-5268,6024,-767,121,-125,0
716.8971090316772,8488,6672,11408,-104,-69,95,7240,-9620,10168,-38,82,-175,-13820,4160,5156,-990,73,-80,-13928,-5284,6328,-257,116,-166,0
716.9324989318848,8284,6744,11364,-101,-80,71,7284,-9692,10176,-71,113,-193,-13872,4184,5792,-1001,61,-83,-14004,-5244,5912,-497,134,-149,0
716.9676530361176,8336,6716,11364,-110,-85,100,7144,-9652,10064,-41,132,-178,-13808,4232,5536,-978,36,-122,-13928,-5268,5928,-461,126,-135,0
717.0037560462952,8296,6864,11244,-103,-81,97,7308,-9632,10188,-28,115,-162,-13840,4260,5452,-1006,80,-58,-13900,-5300,6160,-503,138,-131,0
717.0394089221954,8308,6768,11440,-90,-95,87,7228,-9640,10160,-40,140,-159,-13912,4104,5444,-987,75,-69,-14044,-5260,5892,-491,134,-120,0
717.0748860836029,8364,6700,11396,-102,-61,74,7200,-9584,10132,-41,113,-171,-13852,4196,5504,-1009,58,-68,-13968,-5296,6084,-492,146,-162,0
717.1106560230255,8336,6712,11496,-104,-60,73,7252,-9552,10164,-30,128,-167,-13764,4204,5608,-998,86,-87,-14004,-5312,6208,-501,146,-125,0
717.1455330848694,8308,6756,11304,-112,-101,75,7188,-9516,10224,-72,150,-177,-13848,4188,5424,-992,61,-33,-14084,-5308,6232,-466,81,-136,0
717.1821601390839,8260,6848,11396,-104,-62,106,7412,-9660,10176,-80,116,-178,-13852,4248,5624,-992,67,-33,-13976,-5248,6396,-512,105,-142,0
717.2157471179962,8336,6688,11580,-112,-25,91,7200,-9764,10144,-15,131,-152,-13780,4216,5512,-1037,63,-85,-13704,-5304,6044,-259,130,-147,0
717.2491850852966,8304,6772,11236,-95,-45,101,7356,-9520,10300,-41,120,-158,-13792,4184,5376,-1018,33,-86,-13924,-5280,6044,-525,138,-146,0
717.2828550338745,8368,6812,11356,-83,-60,81,7228,-9552,10196,-56,129,-183,-13796,4192,5668,-988,36,-40,-13956,-5224,6088,-513,157,-167,0
717.3165829181671,8300,7068,11296,-137,-72,94,7196,-9596,10192,-44,96,-178,-13732,4108,5512,-998,103,-62,-14028,-5260,6216,-470,152,-122,0
717.3501391410828,8196,6712,11072,-118,-49,77,7128,-9652,10148,-29,116,-162,-13748,4196,5728,-1017,78,-29,-14052,-5236,6164,-494,142,-135,0
717.3832080364227,8300,6788,11332,-119,-27,114,7288,-9628,10176,-46,128,-140,-13772,4148,5852,-1021,49,-111,-13976,-5608,6176,-504,109,-155,0
717.4168660640717,8300,6804,11440,-102,-58,82,7208,-9580,10128,-84,158,-176,-13772,4172,5548,-975,65,-87,-13956,-5284,6100,-492,129,-137,0
717.4502310752869,8280,6860,11380,-124,-64,91,7256,-9696,10372,-58,127,-158,-13916,4196,5572,-1005,57,-62,-14004,-5288,6136,-498,126,-117,0
717.4837350845337,8248,6764,11336,-113,-49,113,7328,-9676,10176,-59,150,-174,-13752,4276,5416,-981,85,-99,-13976,-5216,6072,-760,124,-101,0
717.517410993576,8252,6792,11428,-153,-94,99,6972,-9624,10132,7,121,-186,-13772,4228,5640,-1007,126,-106,-13928,-5368,5940,-505,174,-121,0
717.5503339767456,8228,6784,11328,-134,-98,113,7272,-9664,10232,-29,180,-184,-13748,4236,5460,-1006,136,-130,-13920,-5360,5904,-492,166,-104,0
717.583869934082,8324,6836,11456,-178,-91,116,7192,-9632,10004,-7,159,-162,-13828,4172,5452,-975,140,-90,-13940,-5348,6336,-501,151,-84,0
717.6174130439758,8284,6852,11324,-165,-35,123,7300,-9632,10100,-16,167,-172,-13944,4212,5668,-977,126,-86,-13944,-5232,6232,-517,169,-88,0
717.6505320072174,7944,6760,11220,-171,-124,117,7244,-9660,10456,11,178,-160,-13792,4180,5576,-993,158,-129,-14032,-5248,6044,-510,174,-78,0
717.6840960979462,8248,6808,11016,-147,-137,124,7272,-9552,10188,3,180,-178,-13808,4108,5672,-978,140,-98,-14076,-5352,6132,-487,166,-88,0
717.7176260948181,8284,6788,11412,-198,-127,123,7196,-9628,10312,-12,197,-213,-13740,4140,5484,-978,139,-152,-13956,-5584,5920,-484,185,-70,0
717.7512130737305,7996,6752,11388,-175,-139,133,7420,-9680,10476,-2,193,-185,-13856,4264,5824,-975,159,-112,-13960,-5340,6028,-498,203,-66,0
717.7876229286194,8320,6744,11292,-161,-137,139,7384,-9660,10152,-6,182,-207,-13848,4140,5616,-999,160,-157,-13912,-5312,6140,-523,199,-87,0
717.8217260837555,8224,6812,11364,-167,-150,150,7268,-9544,10076,26,163,-211,-13888,4132,5704,-1006,130,-110,-13972,-5388,6084,-483,201,-41,0
717.8552889823914,8216,6768,11432,-174,-163,129,7284,-9584,10112,-7,183,-208,-13784,4132,5644,-992,163,-97,-13920,-5204,5976,-521,207,-80,0
717.8886699676514,8372,6716,11488,-156,-162,123,7204,-9632,10196,-3,164,-202,-14044,4172,5596,-1014,156,-109,-13924,-5276,6380,-502,180,-119,0
717.9223110675812,8416,6740,11312,-167,-144,136,7228,-9680,10436,17,176,-190,-13832,4108,5500,-980,121,-168,-13928,-5308,6004,-506,167,-87,0
717.9556629657745,8344,6760,11292,-175,-106,142,7240,-9652,10116,-14,181,-177,-13780,4124,5720,-1057,172,-167,-14068,-5220,6184,-480,165,-68,0
717.9895820617676,8360,6824,11136,-205,-152,133,7256,-9552,10208,-247,139,-205,-13764,4132,5616,-998,151,-108,-13984,-5312,6160,-483,173,-69,0
718.0231630802155,8388,6880,11292,-191,-144,141,7244,-9612,10308,-43,163,-188,-13840,4204,5448,-1012,147,-75,-14020,-5252,6052,-494,132,-88,0
718.0568630695343,8328,6784,11292,-159,-140,131,7176,-9708,10136,2,182,-192,-13868,4136,5528,-1060,107,-124,-13936,-5228,6056,-497,184,-105,0
718.0904791355133,8476,6720,11356,-214,-160,124,7228,-9544,10172,41,151,-193,-13812,4172,5484,-1023,109,-120,-13876,-5324,6124,-500,159,-99,0
718.1239449977875,8340,6876,11320,-138,-184,115,7412,-9580,10252,-6,167,-196,-14008,3872,5608,-978,122,-102,-13968,-5296,6104,-508,182,-95,0
718.1574580669403,8304,6764,11380,-229,-164,139,7228,-9556,10208,-253,154,-192,-13888,4096,5428,-1009,134,-142,-14028,-5204,6076,-474,208,-83,0
718.193274974823,8356,6676,11428,-223,-161,158,7256,-9556,10236,13,231,-209,-13840,4152,5484,-1034,146,-125,-13940,-5360,6044,-497,148,-64,0
718.22922706604,8444,6716,11120,-193,-98,139,7404,-9596,10272,10,134,-172,-13844,4092,5544,-1006,121,-77,-14192,-5344,5988,-489,110,-91,0
718.2642850875854,8296,6896,11356,-196,-107,141,7204,-9640,10112,253,157,-176,-13744,4132,5520,-988,120,-104,-13868,-5276,6136,-476,140,-87,0
718.2997291088104,8192,6892,11492,-187,-136,114,7128,-9572,10208,-15,154,-200,-13816,4192,5460,-1009,133,-149,-13952,-5272,6076,-484,195,-93,0
718.3355610370636,8396,6736,11448,-150,-165,153,7164,-9548,10268,15,101,-199,-13832,4084,5480,-975,150,-144,-14064,-5284,6076,-501,173,-93,0
718.3717150688171,8400,6772,11452,-183,-217,157,7240,-9572,10152,10,74,-241,-13776,4244,5448,-999,167,-169,-13952,-5192,6140,-476,166,-90,0
718.4071199893951,8364,6740,11100,-111,-178,123,7268,-9548,10176,-48,89,-244,-14012,4096,5568,-990,109,-107,-14336,-5164,6112,-498,160,-121,0
718.4427790641785,8208,6736,11396,-145,-133,105,7248,-9532,10352,-47,122,-189,-13852,4244,5568,-1011,78,-89,-13948,-5136,6092,-485,133,-134,0
718.477744102478,8496,6684,11248,-124,-37,62,7196,-9564,10288,-9,157,-176,-13840,4164,5444,-1051,51,-86,-13932,-5160,6020,-480,155,-154,0
718.5133719444275,8384,6808,11248,-123,-34,63,7152,-9592,10160,-40,125,-161,-13788,4104,5548,-1271,79,-36,-13868,-5280,6184,-485,96,-120,0
718.5493750572205,8404,6684,11304,-130,-36,93,7224,-9572,10248,-68,71,-186,-13852,4172,5600,-1016,98,-89,-13940,-5248,6076,-486,111,-156,0
718.5843920707703,8364,6860,11332,-110,-45,84,6956,-9576,10480,-81,91,-189,-13756,4092,5508,-1014,97,-82,-13924,-5216,5956,-458,136,-160,0
718.6203310489655,8408,6780,11288,-85,-62,97,7196,-9580,10436,-44,121,-160,-13592,4212,5764,-1277,122,-81,-13948,-5284,5980,-496,141,-135,0
718.6556730270386,8328,6772,11392,-108,-52,87,7112,-9608,10288,-53,101,-178,-13704,4168,5692,-1001,80,-97,-14008,-5384,6168,-504,138,-119,0
718.6908481121063,8396,6832,11316,-81,-101,105,7412,-9700,10004,-55,131,-180,-13916,4132,5588,-1008,84,-79,-13984,-5372,6088,-483,136,-159,0
718.7260870933533,8400,6668,11308,-112,-97,108,7220,-9708,10052,-56,110,-192,-13848,4140,5580,-1015,99,-119,-13864,-5284,6040,-475,167,-116,0
718.7622520923615,8344,6820,11308,-138,-87,94,7108,-9620,10272,-55,108,-178,-13796,4136,5752,-986,92,-36,-13968,-5304,5932,-498,129,-126,0
718.7981381416321,8672,6808,11152,-91,-88,119,7340,-9612,10160,-80,75,-175,-13896,4208,5516,-988,90,-78,-14012,-5272,6052,-767,111,-167,0
718.8335621356964,8388,6572,11408,-112,-39,77,7192,-9520,10144,-38,134,-177,-13884,4084,5504,-1023,35,-63,-13992,-5188,6044,-495,154,-178,0
718.8694460391998,8456,6744,11164,-110,-44,91,7248,-9476,10440,-45,113,-159,-13832,4108,5576,-999,55,-78,-14044,-5332,5892,-517,123,-160,0
718.9024930000305,8416,6796,11064,-73,-55,52,7240,-9660,10208,-86,106,-162,-13916,4080,5604,-972,18,-50,-14056,-5288,5988,-487,155,-157,0
718.9358870983124,8380,6772,11396,-146,-69,91,7260,-9508,10164,-27,103,-183,-13792,4140,5604,-990,40,-57,-14004,-5292,6048,-497,151,-143,0
718.9694769382477,8376,6796,11320,-124,-40,79,7224,-9572,10228,-24,136,-180,-13784,4184,5588,-1000,46,-66,-13912,-5344,5916,-492,131,-154,0
719.0029511451721,8328,6736,11404,-96,-44,83,7212,-9596,10084,-55,109,-141,-13864,4132,5480,-976,64,-76,-13980,-5324,6144,-475,82,-175,0
719.0366530418396,8316,6752,11156,-80,-5,69,7216,-9508,10320,-75,125,-163,-13812,4044,5460,-971,19,-26,-13884,-5264,6216,-492,118,-159,0
719.0702669620514,8272,6840,11380,-101,-61,98,7196,-9532,10236,-60,133,-163,-14004,4092,5524,-981,65,-76,-13956,-5284,6176,-531,145,-147,0
719.1038401126862,8396,6740,11352,-102,-45,89,7172,-9556,10144,-37,135,-166,-13588,3860,5660,-1005,69,-27,-13956,-5340,6144,-515,167,-157,0
719.1372470855713,8316,6768,11396,-131,-90,110,7280,-9492,10232,-28,88,-184,-13756,4176,5772,-1003,102,-76,-13964,-5276,6052,-767,172,-156,0
719.1707561016083,8360,6824,11268,-91,-100,111,7364,-9588,10452,-57,90,-167,-13876,4212,5560,-965,84,-103,-14020,-5296,6152,-768,163,-125,0
719.204353094101,8388,6820,11316,-115,-87,115,7212,-9572,10132,-31,110,-181,-13888,4136,5404,-986,76,-96,-14000,-5312,6048,-487,147,-155,0
719.2374730110168,8220,6752,11424,-105,-31,90,7216,-9648,10372,-33,121,-154,-13820,3868,5860,-1005,112,-81,-13984,-5272,6172,-482,130,-137,0
719.2711420059204,8332,6780,11400,-105,-43,75,7240,-9572,10488,-36,130,-165,-13844,4244,5696,-770,83,-33,-13960,-5316,6228,-492,129,-163,0
719.3045680522919,8388,6788,11224,-103,-93,75,7156,-9604,10368,-74,135,-178,-13884,4176,5504,-991,65,-19,-13968,-5244,6116,-257,116,-142,0
719.3381159305573,8320,6756,11324,-127,-73,94,7124,-9732,10112,-77,122,-168,-13912,4180,5632,-983,48,-36,-13920,-5192,6272,-469,143,-126,0
719.3717651367188,8312,6696,11184,-127,-69,72,7180,-9744,10468,-51,131,-172,-13860,4248,5596,-1009,52,-92,-13908,-5200,6160,-492,134,-118,0
719.4053959846497,8312,6892,11212,-124,-76,110,7208,-9652,10080,-29,108,-182,-13748,4184,5568,-1003,104,-56,-13888,-5316,6128,-488,155,-134,0
719.4382541179657,8372,6860,11332,-126,-55,107,7180,-9584,10452,-43,102,-160,-13784,4160,5836,-972,77,-65,-14028,-5264,6000,-476,169,-148,0
719.471883058548,8308,6804,11268,-131,-71,113,7172,-9584,10188,-44,120,-194,-13736,4212,5564,-1012,114,-102,-13948,-5232,6116,-500,173,-107,0
719.5054731369019,8396,6816,11304,-124,-90,98,7444,-9748,10280,-41,47,-179,-13876,4200,5472,-1019,80,-101,-13984,-5248,6084,-493,134,-122,0
719.5390479564667,8412,6792,11352,-108,-82,107,7240,-9684,10216,-28,136,-190,-13840,4092,5656,-1027,113,-83,-14016,-5160,6160,-506,165,-116,0
719.572781085968,8376,6824,11412,-131,-60,99,7252,-9600,10136,-26,140,-181,-13804,4132,5784,-1274,137,-102,-13944,-5352,6264,-462,133,-87,0
719.6064360141754,8284,6792,11364,-151,-68,123,7276,-9596,10480,-38,130,-171,-13600,4180,5644,-1009,149,-48,-13948,-5328,6172,-458,122,-111,0
719.6398220062256,8364,6868,11372,-150,-73,112,7284,-9636,10208,-15,164,-173,-13872,4260,5760,-1046,113,-51,-13948,-5280,6264,-498,135,-118,0
719.6734549999237,8276,6848,11292,-149,-90,117,7224,-9656,10164,21,138,-193,-13800,4332,5776,-1038,110,-108,-13884,-5348,6012,-492,176,-118,0
719.7071039676666,7972,6832,11324,-121,-94,121,7152,-9604,10176,-25,161,-178,-13708,4180,5476,-1009,94,-123,-14008,-5356,6072,-497,189,-101,0
719.7407050132751,8376,6864,11056,-133,-131,92,7224,-9572,9984,-29,170,-186,-13856,4096,5376,-984,116,-123,-13960,-5352,5900,-485,189,-97,0
719.7742230892181,8340,6788,11020,-164,-86,117,7248,-9572,10016,22,139,-195,-13824,4256,5552,-992,156,-89,-14012,-5224,6108,-458,164,-76,0
719.807923078537,8212,6788,11128,-147,-99,140,7420,-9636,10232,253,163,-164,-13804,4124,5600,-1015,156,-69,-13976,-5128,5896,-464,137,-81,0
719.8411030769348,8392,6792,11304,-161,-46,122,7232,-9588,10136,-34,166,-175,-13704,4324,5872,-970,127,-78,-13884,-5276,6296,-471,127,-93,0
719.8777680397034,8336,6812,11360,-182,-121,126,7184,-9660,10236,-31,166,-192,-13584,4176,5448,-991,125,-140,-13876,-5308,6180,-478,176,-72,0
719.912859916687,8376,6864,11232,-152,-132,143,7128,-9592,10204,-18,159,-198,-13720,4148,5636,-1010,169,-137,-13860,-5132,6360,-506,190,-72,0
719.9483051300049,8328,6824,11356,-155,-131,136,7200,-9508,10188,14,156,-232,-13760,4148,5440,-1003,147,-136,-13944,-5232,6208,-465,237,-64,0
719.9835109710693,8368,6824,11220,-164,-154,150,7268,-9588,10316,13,148,-229,-14044,4152,5536,-998,161,-161,-13724,-5344,6124,-493,196,-72,0
720.018660068512,8364,6820,11132,-181,-158,141,7240,-9568,10244,17,173,-200,-13908,4168,5484,-985,100,-83,-13972,-5196,6084,-483,170,-95,0
720.0535259246826,8404,6860,11368,-184,-105,133,7160,-9636,10276,10,197,-194,-13844,4240,5452,-988,129,-148,-14064,-5268,6172,-480,191,-87,0
720.0895349979401,8336,6740,11392,-180,-148,140,7304,-9624,10308,5,130,-202,-13584,4128,5548,-1021,135,-98,-13712,-5192,6052,-499,230,-61,0
720.1249279975891,8376,6828,11188,-139,-153,147,7420,-9620,10328,21,154,-173,-13784,4172,5496,-1011,161,-100,-13972,-5260,6336,-482,151,-78,0
720.1606409549713,8380,6772,11492,-165,-134,152,7220,-9580,10316,-17,180,-221,-13700,4268,5304,-994,138,-151,-14004,-5212,5988,-483,190,-64,0
720.1962261199951,8572,6716,11396,-181,-166,135,7412,-9528,10484,26,166,-183,-13672,4188,5684,-996,114,-128,-13944,-5260,6016,-482,160,-55,0
720.2322220802307,8396,6800,11456,-168,-140,136,7008,-9564,10124,8,187,-194,-13892,4220,5416,-1012,91,-142,-13972,-5236,6000,-464,191,-121,0
720.2682359218597,8388,6672,11204,-168,-133,137,7292,-9548,10320,40,158,-208,-13868,4212,5632,-1004,128,-167,-14000,-5264,6056,-464,187,-90,0
720.3038411140442,8436,6756,11260,-171,-151,141,6932,-9580,9992,20,136,-219,-13632,4236,5692,-988,144,-106,-14048,-5264,6364,-492,170,-85,0
720.3392450809479,8424,6716,11304,-181,-153,161,6960,-9560,10008,5,129,-173,-13968,3924,5624,-992,138,-115,-14028,-5180,5996,-492,166,-85,0
720.3750059604645,8432,6704,11252,-153,-155,136,7252,-9504,10276,23,126,-188,-13848,3864,5592,-1007,135,-126,-13980,-5208,6192,-481,173,-108,0
720.4111680984497,8364,6828,11148,-167,-159,156,7208,-9508,10212,-2,151,-169,-13828,4188,5572,-1032,99,-98,-13940,-5188,6268,-469,180,-77,0
720.4471399784088,8692,6748,11460,-190,-157,159,7136,-9596,10136,-9,122,-199,-13760,4180,5420,-999,147,-86,-13948,-5224,6312,-483,127,-61,0
720.482428073883,8200,6800,11384,-127,-150,116,7352,-9612,10212,-252,133,-189,-13848,4156,5816,-1024,104,-102,-13984,-5224,6032,-767,156,-140,0
720.517646074295,8680,6808,11424,-137,-150,116,7196,-9584,10324,41,133,-208,-13824,4132,5572,-1031,90,-64,-13980,-5308,6092,-500,165,-127,0
720.5531139373779,8448,6780,11292,-106,-164,128,7128,-9564,10180,-56,141,-192,-13784,4128,5764,-1003,98,-69,-13952,-5160,6096,-510,167,-122,0
720.5868089199066,8264,6764,11500,-96,-143,98,7316,-9568,10128,-42,111,-209,-13836,4152,5456,-1007,70,-87,-14040,-5252,5904,-465,154,-131,0
720.6203510761261,8516,6788,10796,-136,-63,86,7416,-9540,10108,-9,147,-180,-13852,4120,5404,-1273,69,-71,-13972,-5292,6108,-501,122,-136,0
720.6537930965424,8460,6780,11172,-117,-48,80,7308,-9480,10328,-35,113,-122,-14024,4100,5548,-1022,70,-36,-14060,-5276,6092,-489,53,-155,0
720.6870920658112,8508,6756,11344,-118,-17,103,7244,-9512,10356,-54,148,-132,-13624,4076,5536,-1020,50,-2,-13984,-5276,6076,-477,69,-152,0
720.7206079959869,8460,6776,11360,-113,-9,66,7420,-9612,10268,-74,137,-159,-13820,4232,5580,-997,75,-74,-13980,-5152,6340,-508,127,-145,0
720.7539970874786,8324,6888,11252,-101,-57,92,7168,-9580,10276,-33,129,-185,-13864,4180,5624,-1001,100,-90,-13864,-5300,6004,-501,148,-135,0
720.787563085556,8444,6764,11428,-76,-86,95,7396,-9576,9988,-52,97,-198,-13784,4152,5556,-1011,92,-102,-13956,-5316,5900,-469,168,-126,0
720.8212101459503,8296,6740,11468,-103,-127,90,6960,-9288,10180,-18,84,-200,-13740,4104,5660,-1008,110,-86,-13980,-5272,6136,-258,176,-107,0
720.8545150756836,8428,6876,11380,-75,-41,82,7264,-9564,10232,-87,114,-200,-13912,4116,5808,-972,92,-61,-14000,-5216,6196,-484,123,-154,0
720.8879289627075,8364,6756,11292,-106,-55,92,7348,-9544,10320,-32,121,-137,-13916,4188,5572,-976,81,-39,-13964,-5288,5964,-504,153,-158,0
720.9215490818024,8556,6840,11196,-96,-87,74,7296,-9648,10040,-28,149,-162,-13900,4280,5512,-1013,76,-109,-13920,-5208,6044,-540,174,-141,0
720.9545121192932,8688,6772,11268,-75,-101,121,7252,-9492,10248,-44,90,-159,-13880,4184,5720,-993,113,-63,-14028,-5248,6144,-536,135,-138,0
720.9882969856262,8368,6696,11292,-76,-83,124,7300,-9592,10244,-82,67,-177,-13916,4156,5608,-998,93,-66,-13956,-5280,6116,-520,168,-139,0
721.0218291282654,8476,6688,11396,-83,-83,94,7308,-9504,10168,-68,126,-192,-14080,4332,5404,-969,60,-44,-14232,-5340,6172,-490,166,-148,0
721.0553679466248,8408,6748,11236,-95,-97,91,7184,-9568,10224,-20,132,-171,-13748,3936,5568,-1001,71,-55,-13944,-5208,6024,-523,133,-134,0
721.0889439582825,8508,6736,11512,-77,-45,93,7316,-9656,10220,-26,129,-186,-13784,4132,5660,-1005,77,-87,-13948,-5340,5940,-514,117,-153,0
721.1221439838409,8412,6848,11228,-75,-64,88,7228,-9536,10200,-38,126,-157,-13812,4156,5516,-992,76,-54,-13996,-5312,6172,-491,127,-160,0
721.1554369926453,8408,6784,11328,-77,-42,95,7232,-9520,10128,-58,126,-183,-13944,4340,5576,-1013,45,-58,-14020,-5236,6368,-510,154,-164,0
721.1892831325531,8388,6860,11228,-99,-76,68,7272,-9536,10184,-36,122,-195,-13916,4264,5808,-978,64,-68,-14884,-5368,5952,-682,117,-178,0
721.2228801250458,8504,6860,11200,-126,-81,98,7116,-9536,10144,-70,108,-194,-13816,4184,5636,-963,82,-62,-13940,-5212,6112,-506,139,-126,0
721.2564649581909,8268,6716,11292,-98,-110,109,7416,-9592,10284,-85,115,-144,-13812,4208,5516,-1007,81,-68,-13968,-5308,6300,-498,153,-134,0
721.2900021076202,8408,6824,11348,-111,-47,114,7196,-9560,10260,-35,105,-156,-13824,4128,5804,-770,78,-71,-14060,-5328,6080,-505,131,-113,0
721.3233950138092,8408,6920,11036,-105,-55,91,7300,-9524,10052,-54,107,-162,-13788,4188,5476,-998,49,-38,-13992,-5344,6144,-516,142,-142,0
721.3569390773773,8452,6828,11312,-95,-79,81,7264,-9652,10352,-91,116,-177,-13900,4188,5788,-977,65,-48,-14048,-5196,6112,-480,147,-148,0
721.390331029892,8392,6780,11500,-117,-98,99,7168,-9620,10136,-53,140,-186,-13748,4108,5532,-1016,85,-76,-13884,-5352,6208,-473,146,-111,0
721.4238290786743,8336,7112,11212,-101,-81,113,7244,-9632,9984,-57,141,-177,-13772,4192,5712,-772,61,-57,-13948,-5308,6316,-467,104,-120,0
721.4573719501495,8404,7100,11032,-108,-21,92,7176,-9584,10004,-50,111,-163,-13812,4192,5724,-980,65,-59,-13984,-5292,6392,-491,71,-126,0
721.491063117981,8204,6812,11216,-87,-53,99,7228,-9572,10224,-90,156,-163,-14036,4244,5676,-970,50,-73,-13884,-5288,6124,-492,133,-141,0
721.5245771408081,8444,6800,11372,-124,-73,116,7228,-9552,10276,-49,129,-159,-13696,4092,5640,-1001,84,-53,-13856,-5128,6220,-507,145,-130,0
721.5606820583344,8444,6844,11300,-105,-71,102,7168,-9276,10204,-56,110,-194,-13672,4192,5568,-775,105,-58,-14072,-5312,6108,-509,151,-126,0
721.5954821109772,8312,6704,11256,-127,-117,135,7164,-9692,10212,-36,105,-201,-13748,4184,5692,-1020,113,-88,-13984,-5400,6296,-511,185,-119,0
721.6311089992523,8412,6804,11272,-90,-117,93,7244,-9524,10332,-55,-254,-182,-13816,4240,5544,-1016,98,-67,-13924,-5276,6200,-500,122,-115,0
721.6672639846802,8412,6768,11356,-120,-52,72,7212,-9668,10220,-45,120,-181,-14056,4184,5844,-996,73,-97,-14052,-5388,6168,-508,138,-152,0
721.7025351524353,8436,6804,11308,-99,-78,102,7212,-9580,10136,-38,112,-165,-13816,4092,5612,-1001,72,-90,-13956,-5344,5908,-509,153,-151,0
721.7388451099396,8376,6796,11312,-86,-68,104,7204,-9556,10200,-51,112,-154,-14072,4100,5840,-1004,70,-101,-13708,-5396,6124,-501,146,-148,0
721.7738990783691,8680,6840,11320,-129,-58,103,7332,-9568,10184,-57,92,-178,-13812,4288,5524,-1002,90,-61,-13828,-5296,5960,-485,136,-131,0
721.8091940879822,8216,6880,11152,-129,-78,91,7220,-9464,10060,-15,125,-160,-13580,4156,5772,-1005,112,-85,-13932,-5180,6232,-503,139,-89,0
721.8445219993591,8320,7108,11344,-168,-77,110,7096,-9752,10276,-21,149,-163,-13656,4284,5452,-1280,128,-69,-13900,-5316,6084,-524,138,-112,0
721.8796470165253,8456,6820,11328,-166,-75,102,6992,-9592,10448,-16,146,-184,-13772,4056,5416,-1000,131,-97,-13836,-5328,6152,-511,175,-134,0
721.9148490428925,8228,6816,11308,-118,-86,116,7220,-9560,10060,0,137,-208,-14080,4280,5760,-996,114,-97,-13880,-5268,6264,-525,174,-100,0
721.950334072113,8356,6940,11176,-126,-115,146,7192,-9572,10108,249,130,-178,-13772,4236,5516,-994,144,-114,-14020,-5256,6264,-551,173,-103,0
721.9856951236725,8388,7124,11428,-127,-123,117,7292,-9612,10144,-29,156,-190,-13852,4104,5640,-1020,130,-80,-13904,-5212,6060,-260,161,-62,0
722.0217759609222,8672,6688,11104,-151,-107,134,7412,-9616,10104,8,159,-176,-13784,4136,5440,-992,135,-156,-14080,-5236,6312,-485,152,-52,0
722.0576031208038,8212,6852,11192,-169,-127,139,7044,-9600,10468,-11,162,-195,-13736,4140,5764,-980,168,-130,-13924,-5336,6392,-508,205,-88,0
722.0928471088409,8360,6816,11056,-194,-106,138,7244,-9600,10244,-18,161,-191,-13968,4348,5528,-971,162,-123,-14076,-5280,5900,-499,173,-44,0
722.1281170845032,8472,6928,11260,-175,-132,164,7280,-9576,10276,-6,176,-204,-14024,4156,5460,-969,137,-84,-13632,-5280,6052,-510,172,-91,0
722.1629240512848,8288,6920,11436,-180,-113,131,7284,-9612,10284,36,168,-192,-13804,4284,5624,-1047,99,-112,-14076,-5280,6284,-530,168,-109,0
722.2011001110077,8244,6660,11128,-191,-114,117,7208,-9592,10212,32,205,-153,-13764,3840,5500,-1018,124,-110,-13968,-5388,6156,-508,168,-96,0
722.2346301078796,8428,6836,11256,-193,-110,124,7156,-9572,10160,-7,209,-204,-13712,4296,5532,-1014,108,-141,-13948,-5316,6232,-511,190,-79,0
722.2682709693909,8332,7096,11508,-224,-138,137,7328,-9640,10104,1,171,-195,-13732,4208,5580,-1000,143,-142,-13848,-5172,6328,-467,208,-54,0
722.3018419742584,8276,6824,11308,-191,-140,130,7400,-9556,10032,19,198,-185,-13784,4116,5496,-992,124,-95,-13900,-5168,5900,-493,148,-61,0
722.3354139328003,8464,6860,11140,-201,-88,134,7232,-9504,10076,15,191,-158,-13724,4144,5688,-1004,177,-45,-13956,-5212,6112,-479,137,-37,0
722.368833065033,8360,6836,11036,-184,-161,155,7284,-9648,10384,-20,203,-168,-13768,4304,5376,-983,121,-132,-14004,-5264,6032,-483,163,-82,0
722.4021310806274,8352,6832,11268,-175,-120,147,7244,-9588,10176,-41,134,-202,-13904,4124,5676,-1012,111,-142,-13984,-5272,6180,-503,162,-77,0
722.4356360435486,8200,6724,11136,-166,-127,169,7260,-9512,10288,12,153,-182,-13844,4036,5624,-982,141,-136,-13980,-5212,6120,-494,202,-104,0
722.4692780971527,8400,6812,11420,-218,-185,144,7196,-9536,10296,22,157,-229,-13704,4320,5840,-996,143,-132,-13860,-5260,6156,-478,233,-73,0
722.5026590824127,8668,6860,11492,-174,-138,142,7308,-9564,10412,1,151,-221,-13936,4196,5552,-1004,139,-104,-14052,-5276,6212,-503,195,-80,0
722.536052942276,8236,6796,11064,-192,-140,138,7260,-9512,10412,16,168,-213,-13920,4124,5760,-1006,146,-138,-14072,-5216,6252,-472,183,-97,0
722.5696790218353,8228,6728,11276,-198,-167,111,7192,-9564,10204,19,134,-195,-13836,4144,5536,-769,117,-149,-13952,-5240,6316,-508,166,-106,0
722.6030919551849,8560,6864,11052,-207,-150,114,7392,-9292,10220,26,175,-187,-13900,4124,5380,-1006,115,-101,-13984,-5312,5944,-487,176,-85,0
722.6367690563202,8644,6840,11208,-194,-139,140,7148,-9248,10400,252,142,-198,-13800,3900,5436,-996,143,-94,-13916,-5300,6212,-489,163,-92,0
722.6701900959015,8228,6828,11292,-209,-141,149,7296,-9464,10212,-15,148,-234,-13784,4080,5880,-1021,102,-100,-13916,-5216,6152,-489,169,-83,0
722.7037971019745,8512,6680,11216,-208,-110,137,7192,-9532,10264,-16,155,-209,-13772,4164,5672,-1012,112,-130,-13992,-5268,6116,-510,157,-67,0
722.7374141216278,8232,6772,11236,-187,-162,149,7176,-9568,10168,-11,124,-184,-14024,4156,5540,-993,137,-112,-14020,-5164,6168,-485,165,-100,0
722.7707221508026,8452,6820,11164,-160,-182,129,7240,-9476,10188,33,147,-205,-13760,4096,5428,-996,127,-72,-13992,-5276,6340,-502,151,-103,0
722.808846950531,8452,6796,11444,-133,-164,130,7264,-9712,10400,-5,115,-205,-13824,4132,5676,-1005,121,-80,-14008,-5308,6100,-486,161,-125,0
722.8425109386444,8588,6740,10880,-104,-126,117,6944,-9548,10204,-50,83,-216,-13780,4084,5780,-994,113,-111,-13928,-5272,6092,-486,162,-122,0
722.8761651515961,8588,6772,11132,-128,-108,126,7380,-9536,10260,-33,124,-188,-13904,4320,5748,-996,101,-87,-14244,-5232,6184,-464,100,-134,0
722.909502029419,8520,6804,11088,-123,-68,89,7180,-9540,10188,-64,126,-140,-13924,4328,5496,-1004,72,-46,-14304,-5228,5836,-257,74,-157,0
722.9429950714111,8608,6740,11104,-111,-45,67,7200,-9588,9996,-53,115,-146,-13852,4172,5512,-1037,25,-39,-14040,-5236,6108,-501,132,-152,0
722.9767670631409,8296,6760,11260,-149,-45,57,7184,-9472,10328,-30,122,-149,-13604,3896,5464,-1275,50,-38,-13884,-5380,6056,-490,149,-171,0
723.0099990367889,8524,6804,11292,-66,-39,67,7180,-9532,10212,-95,105,-188,-13780,4104,5716,-1002,68,-70,-13944,-5284,6168,-502,167,-145,0
723.0435221195221,8200,6672,11368,-121,-71,74,7344,-9608,10444,-54,139,-173,-13828,4148,5856,-995,89,-98,-13924,-5232,6184,-471,164,-166,0
723.077311038971,8500,6764,11200,-110,-93,83,6912,-9604,9996,-15,100,-165,-13760,4100,5556,-995,88,-96,-13956,-5348,6224,-503,129,-140,0
723.1108031272888,8432,6740,11260,-66,-43,96,6948,-9536,10364,-56,122,-137,-13844,4160,5672,-998,64,-23,-13904,-5460,6152,-503,99,-152,0
723.1440241336823,8332,6892,11104,-103,-27,71,7224,-9664,10324,-62,118,-125,-13632,3852,5636,-986,43,-35,-13952,-5284,6176,-487,104,-162,0
723.1775751113892,8408,6764,11100,-116,-77,83,7240,-9580,10328,-61,95,-178,-13584,3884,5696,-994,61,-83,-13972,-5268,6092,-509,163,-150,0
723.2111849784851,8248,6816,11140,-94,-65,94,7188,-9468,10240,-70,91,-170,-13800,4128,5752,-995,117,-108,-14112,-5292,6176,-535,134,-137,0
723.2480399608612,8376,6740,11392,-112,-107,119,7208,-9508,10348,-6,131,-209,-14040,4152,5640,-981,124,-111,-14008,-5228,6232,-489,173,-106,0
723.2833650112152,8608,6716,11152,-104,-96,106,7180,-9480,10436,-68,104,-190,-13900,4116,5608,-1277,117,-81,-14032,-5308,6052,-495,142,-112,0
723.3194601535797,8532,6804,11184,-115,-53,117,7260,-9480,10484,-45,150,-167,-13884,4200,5500,-1002,104,-73,-14292,-5284,6044,-461,119,-145,0
723.3548791408539,8460,6792,11352,-131,-62,113,7172,-9524,10280,-40,126,-155,-13736,4124,5484,-1013,72,-45,-13820,-5216,6160,-469,145,-165,0
723.3902959823608,8676,6716,11036,-118,-73,96,7156,-9520,10300,-35,103,-173,-13724,4300,5656,-1028,61,-85,-13928,-5332,6212,-494,148,-117,0
723.4255521297455,8388,6824,11204,-104,-54,104,7208,-9572,10208,-74,84,-190,-13804,3892,5564,-1001,93,-87,-13908,-5260,6264,-470,116,-128,0
723.4617829322815,8496,6760,11464,-101,-81,106,7276,-9532,10136,-67,106,-190,-13904,4152,5756,-947,38,-54,-13932,-5216,5904,-485,142,-157,0
723.4976019859314,8436,6792,11224,-103,-58,77,7360,-9552,10492,-47,139,-199,-13740,4100,5480,-984,41,-62,-13876,-5272,6148,-505,151,-165,0
723.53235912323,8480,6840,11168,-100,-48,86,7268,-9524,10264,-28,101,-174,-13572,3932,5516,-984,71,-93,-13888,-5316,6136,-506,149,-127,0
723.5680909156799,8396,6852,11168,-101,-40,106,7212,-9512,10284,-57,123,-203,-13980,4312,5832,-998,47,-86,-13928,-5348,6076,-482,151,-154,0
723.6031401157379,8700,6724,11108,-101,-101,98,7248,-9548,10288,-51,110,-190,-13788,4184,5724,-999,71,-60,-13912,-5340,5912,-768,155,-157,0
723.6387679576874,8556,6836,11232,-94,-64,91,7232,-9580,10248,-41,117,-167,-14032,4136,5584,-1013,72,-113,-13836,-5364,6308,-472,149,-150,0
723.6741960048676,8460,6924,11264,-138,-85,78,7192,-9492,10436,-85,109,-172,-13592,3900,5644,-976,96,-46,-13952,-5356,6092,-479,107,-126,0
723.709538936615,8524,6760,11164,-96,-76,96,7188,-9608,10184,-65,97,-156,-14004,4232,5872,-1001,81,-76,-13948,-5216,6332,-486,113,-143,0
723.7449889183044,8244,6728,11472,-116,-32,108,7372,-9612,10488,-42,47,-125,-13676,4188,5684,-769,55,-94,-13900,-5316,6364,-505,97,-155,0
723.7807619571686,8388,6924,11256,-92,-52,90,7116,-9444,10308,-55,115,-139,-13780,4188,5764,-1016,57,-73,-13968,-5280,6060,-508,111,-146,0
723.8170840740204,8472,6876,11364,-104,-78,78,7208,-9648,10316,-47,106,-167,-13796,4180,5640,-995,67,-98,-13956,-5324,6232,-492,148,-146,0
723.8520839214325,8624,6788,11252,-143,-58,88,7208,-9568,10468,-44,109,-156,-13768,4244,5816,-998,102,-27,-13960,-5216,6108,-461,138,-145,0
723.8881940841675,8432,6824,11156,-88,-66,108,7224,-9632,10336,-20,114,-158,-13784,4112,5612,-769,64,-52,-13940,-5424,6228,-512,105,-144,0
723.9217460155487,8472,6892,11164,-119,-32,99,7188,-9668,10276,-78,159,-160,-13780,4144,5636,-975,69,-53,-13904,-5160,6260,-503,133,-148,0
723.9554319381714,8368,6780,11132,-129,-67,87,7260,-9532,10084,-95,161,-168,-13884,4176,5596,-989,75,-47,-13952,-5312,6284,-495,152,-129,0
723.9894509315491,8388,6888,11232,-132,-69,90,7140,-9548,10240,-64,142,-169,-13792,4304,5408,-1001,94,-60,-14040,-5304,6312,-512,154,-80,0
724.0227010250092,8412,6800,11452,-169,-51,106,7192,-9556,10220,255,160,-166,-13816,4116,5500,-977,122,-77,-13964,-5172,6148,-510,188,-108,0
724.056235074997,8340,6780,11444,-155,-90,125,7384,-9644,10052,2,123,-197,-14032,4256,5844,-1275,145,-145,-13944,-5244,6224,-502,189,-87,0
724.0900089740753,8464,6824,11416,-166,-128,123,7156,-9648,10248,-7,150,-201,-13640,3868,5632,-983,149,-108,-13956,-5268,6168,-497,156,-59,0
724.1234650611877,8488,6812,11348,-149,-87,123,7288,-9528,10216,-9,160,-178,-13756,4144,5480,-1004,154,-118,-13892,-5384,6076,-483,161,-69,0
724.1570429801941,8416,6860,11268,-170,-84,127,7248,-9696,10280,17,171,-186,-13808,4220,5660,-1031,139,-88,-13804,-5364,6396,-511,177,-67,0
724.1905701160431,8384,6864,11264,-153,-102,150,7192,-9592,10440,12,184,-161,-13700,4180,5588,-1021,158,-83,-13884,-5412,6240,-477,140,-82,0
724.2242250442505,8332,6864,11324,-222,-129,127,7184,-9592,10256,-29,180,-189,-13748,4328,5408,-987,173,-129,-13932,-5396,6172,-495,168,-91,0
724.258043050766,8352,6892,11060,-175,-120,140,7420,-9568,10436,-25,179,-213,-13740,4204,5568,-987,153,-143,-13992,-5272,6152,-481,197,-52,0
724.2916550636292,8200,6896,11116,-202,-124,133,7292,-9572,10184,9,189,-203,-13744,4272,5400,-1265,150,-142,-13944,-5328,6172,-509,188,-40,0
724.3253800868988,8408,6812,11300,-209,-137,147,7208,-9580,10104,18,188,-217,-13836,4164,5612,-1038,150,-114,-13920,-5136,6144,-508,174,-64,0
724.3589160442352,8356,6844,11100,-219,-133,141,7244,-9548,10148,11,183,-204,-13772,4080,5736,-1044,181,-81,-14004,-5256,5892,-482,179,-60,0
724.3922350406647,8304,6812,11204,-175,-152,136,7420,-9620,10064,252,172,-202,-13724,4128,5536,-1031,178,-63,-14012,-5228,6076,-470,160,-81,0
724.4257180690765,8624,6812,11160,-189,-135,151,7196,-9696,10156,21,190,-211,-13784,4180,5448,-1043,117,-162,-13952,-5284,6120,-481,177,-77,0
724.4591870307922,8648,6788,11016,-171,-137,138,7212,-9288,10460,14,108,-184,-13840,4084,5356,-979,146,-133,-14004,-5216,6144,-491,153,-90,0
724.4927151203156,8200,6864,11272,-199,-154,144,7192,-9328,10248,-2,157,-196,-14020,4328,5480,-1006,156,-128,-14040,-5200,6212,-484,203,-74,0
724.5260639190674,8404,6840,11316,-208,-137,151,7268,-9532,10224,-8,142,-208,-13604,4192,5620,-993,140,-93,-13976,-5252,6136,-487,169,-53,0
724.5594630241394,8536,6796,11492,-178,-193,160,7256,-9600,10100,-21,157,-195,-13844,4176,5620,-994,118,-89,-13976,-5296,6396,-526,171,-84,0
724.5930099487305,8588,6856,11440,-204,-124,118,7212,-9584,10200,22,139,-172,-13824,4124,5776,-1039,113,-117,-13864,-5376,6164,-257,179,-120,0
724.6266181468964,8412,6836,11240,-171,-133,141,7224,-9508,10316,40,143,-189,-13760,4052,5820,-999,95,-120,-13944,-5344,6388,-474,189,-75,0
724.659793138504,8436,6756,11364,-176,-173,131,7396,-9544,10240,4,165,-211,-13832,4144,5784,-972,126,-122,-13960,-5364,5920,-462,182,-99,0
724.6935050487518,8552,6800,11020,-239,-157,142,7204,-9624,10168,35,201,-201,-13760,4356,5588,-1040,134,-120,-13988,-5196,6124,-478,147,-64,0
724.7271699905396,8668,6720,11216,-176,-141,137,7236,-9624,10280,35,154,-167,-13720,3884,5540,-976,100,-83,-13976,-5168,6100,-502,143,-111,0
724.76047706604,8240,6824,11376,-191,-119,129,7020,-9600,10456,23,153,-162,-13716,4160,5652,-976,106,-96,-13976,-5248,6064,-484,111,-88,0
724.7940211296082,8428,6832,11292,-198,-158,143,7200,-9516,10208,-24,152,-171,-13768,4004,5624,-982,108,-138,-13932,-5228,6260,-486,125,-79,0
724.827691078186,8492,6768,11352,-183,-158,132,7132,-9540,10304,-28,133,-185,-13812,4140,5532,-1002,138,-127,-13896,-5288,6240,-501,165,-75,0
724.8611769676208,8584,6724,11216,-151,-213,155,7156,-9524,10340,-24,106,-209,-13848,4068,5540,-994,147,-96,-13960,-5252,6140,-503,222,-96,0
724.8943779468536,8520,6768,11488,-157,-197,143,7256,-9468,10148,7,53,-220,-13580,3860,5520,-1001,145,-126,-14064,-5240,6004,-512,162,-92,0
724.9308631420135,8616,6752,11508,-109,-155,121,7356,-9704,10028,-59,83,-207,-13824,4068,5644,-970,128,-80,-13988,-5264,5896,-497,139,-140,0
724.9671030044556,8572,6752,11224,-156,-91,103,7332,-9536,9992,-44,102,-173,-13936,4172,5412,-974,70,-78,-14040,-5224,6056,-481,162,-146,0
725.0023059844971,8476,6712,11172,-126,-39,57,7292,-9540,10144,-28,128,-155,-13908,4336,5588,-1012,53,-46,-14028,-5240,6376,-477,150,-143,0
725.0386509895325,8500,6644,11128,-100,-35,87,7180,-9512,10316,-52,90,-153,-13780,4064,5608,-1019,80,-43,-13864,-5184,6184,-502,140,-134,0
725.0738091468811,8540,6792,11224,-111,-78,75,7216,-9512,10244,-77,120,-187,-13800,4224,5700,-964,86,-38,-13852,-5272,6216,-508,139,-156,0
725.109386920929,8528,6840,11240,-92,-86,69,7248,-9280,10460,-70,122,-185,-13740,4224,5556,-983,72,-108,-13940,-5156,6216,-506,144,-139,0
725.144278049469,8500,6772,11316,-81,-88,86,7188,-9532,10308,-43,109,-157,-13768,4124,5844,-992,81,-78,-13872,-5236,6108,-519,159,-136,0
725.1804101467133,8408,6716,11304,-82,-78,95,7412,-9504,10484,-48,107,-188,-13596,4164,5420,-981,89,-96,-14012,-5276,6320,-522,136,-118,0
725.2154369354248,8512,6808,11168,-111,-74,107,6924,-9580,10396,-44,93,-186,-13724,4216,5668,-976,61,-24,-14004,-5276,6240,-505,132,-144,0
725.250776052475,8628,6832,11296,-101,-102,98,7216,-9568,10420,-64,109,-199,-13672,4108,5376,-1006,102,-97,-13908,-5292,6204,-498,178,-147,0
725.2860169410706,8472,6768,11204,-125,-87,109,7352,-9452,10208,-70,99,-188,-13816,4120,5456,-974,118,-77,-14068,-5284,6120,-489,113,-113,0
725.3219439983368,8616,6756,11092,-94,-109,98,7384,-9600,10076,-43,97,-180,-13824,4072,5612,-1002,107,-78,-13908,-5188,6120,-266,95,-150,0
725.3576941490173,8580,6836,11144,-111,-78,94,7320,-9556,10136,7,115,-172,-13704,4112,5584,-1012,62,-52,-14012,-5296,6180,-497,128,-148,0
725.392904996872,8240,6796,11396,-90,-62,88,7216,-9560,10236,-60,93,-155,-13804,4096,5616,-993,61,-4,-13932,-5280,6332,-502,99,-154,0
725.429300069809,8592,6804,11012,-132,-43,67,7244,-9584,10168,-56,114,-165,-13740,4108,5688,-1001,40,-84,-14008,-5216,6020,-468,142,-147,0
725.4643471240997,8568,6824,11156,-128,-67,61,7244,-9540,10476,-15,106,-167,-13756,4132,5596,-1015,67,-67,-13988,-5312,6088,-481,109,-123,0
725.5002949237823,8480,6852,11476,-108,-42,66,7200,-9584,10140,-21,103,-146,-13748,4208,5736,-769,70,-23,-13856,-5224,6192,-511,64,-159,0
725.5353269577026,8228,6772,11244,-93,-35,59,7276,-9560,10240,-45,131,-144,-13688,4128,5708,-998,14,-50,-13924,-5268,6080,-483,104,-166,0
725.5717120170593,8488,6792,11284,-119,-39,86,7180,-9596,10260,-78,121,-188,-13728,4164,5708,-999,35,-89,-13924,-5204,6176,-505,159,-149,0
725.6054649353027,8672,6784,11144,-123,-40,96,7316,-9476,10228,-50,144,-157,-13764,4152,5644,-975,63,-70,-13808,-5272,6208,-519,162,-142,0
725.6389760971069,8508,6828,11444,-129,-91,96,7192,-9448,10284,-22,84,-189,-13732,4164,5636,-1001,103,-100,-13964,-5212,6216,-515,171,-123,0
725.6724071502686,8408,6860,11200,-79,-94,94,7240,-9576,10252,-51,126,-199,-13616,4184,5720,-1004,117,-87,-13992,-5300,6160,-755,156,-102,0
725.7060120105743,8528,6812,11196,-105,-97,102,7236,-9600,10292,-61,99,-167,-13744,4108,5376,-978,99,-83,-13880,-5352,6112,-480,163,-143,0
725.7394909858704,8484,6864,11376,-123,-47,106,7264,-9592,10064,-40,126,-161,-14064,4224,5664,-1012,60,-102,-13940,-5320,6252,-510,139,-141,0
725.7730150222778,8448,6884,11064,-129,-72,106,7288,-9568,10420,-39,105,-169,-13936,4332,5452,-1017,64,-98,-13956,-5244,6160,-517,142,-170,0
725.8066589832306,8528,6692,11028,-107,-84,99,7244,-9560,10080,-59,104,-145,-13800,4192,5620,-1020,69,-86,-13936,-5320,6052,-523,114,-149,0
725.8401489257812,8404,6860,11304,-121,-65,82,7268,-9544,9984,-69,99,-180,-13584,4132,5404,-972,50,-64,-13864,-5364,6140,-498,134,-168,0
725.8734719753265,8444,6820,11316,-142,-58,99,7320,-9476,10240,-66,117,-173,-13732,4080,5740,-986,48,-53,-13860,-5320,6156,-483,123,-141,0
725.9068450927734,8196,6856,11052,-116,-73,73,7180,-9612,10124,-56,142,-178,-13796,4224,5632,-1007,77,-86,-13916,-5196,6168,-483,177,-125,0
725.9402949810028,8392,6864,11340,-112,-80,126,7192,-9584,10444,-38,105,-169,-14040,4136,5588,-1021,81,-97,-14040,-5376,6188,-462,114,-128,0
725.9737839698792,8576,6764,11148,-143,-64,116,7320,-9612,10368,-20,120,-172,-13628,4088,5676,-1010,126,-73,-13872,-5364,6100,-495,158,-115,0
726.0074360370636,8444,6856,11380,-122,-67,109,7280,-9440,10256,-59,134,-179,-13820,4116,5400,-980,95,-113,-13900,-5316,6280,-533,127,-140,0
726.0409779548645,8556,6824,11080,-134,-68,121,7168,-9544,10212,-57,104,-155,-13796,4176,5732,-987,102,-101,-13968,-5340,6136,-265,150,-133,0
726.0745251178741,8208,6816,11376,-165,-40,105,7232,-9532,10308,-40,174,-163,-13616,4136,5708,-1006,126,-73,-13896,-5348,6204,-476,146,-98,0
726.1081781387329,8456,6936,11148,-167,-55,136,7320,-9560,10244,-42,153,-176,-13588,4108,5804,-975,120,-65,-13992,-5344,6092,-503,126,-91,0
726.1413290500641,8460,6696,11188,-169,-84,130,7248,-9728,10204,-12,140,-145,-13860,4212,5548,-1008,112,-78,-13888,-5368,6204,-505,154,-103,0
726.1747920513153,8260,6884,11020,-221,-72,135,7004,-9580,10268,6,148,-190,-13864,4168,5576,-1029,126,-68,-13852,-5384,6288,-514,189,-86,0
726.2083189487457,8504,6948,11192,-106,-100,123,7264,-9588,10368,-38,155,-195,-13804,4232,5868,-1006,110,-125,-13980,-5280,6208,-523,181,-109,0
726.2417249679565,8452,6900,11452,-170,-115,111,6988,-9496,10412,-254,157,-199,-13832,4152,5628,-1001,130,-134,-13892,-5320,6188,-488,234,-79,0
726.2754719257355,8436,6800,11384,-180,-118,135,7244,-9544,10152,24,171,-170,-13700,4236,5376,-988,121,-139,-14024,-5300,6156,-466,174,-92,0
726.3092529773712,8516,6892,11216,-197,-92,157,7388,-9728,10096,4,144,-183,-13680,4192,5568,-1007,123,-113,-13940,-5340,6340,-481,130,-55,0
726.3428490161896,8352,6872,11184,-199,-88,157,7216,-9600,10176,-35,185,-201,-13716,4340,5636,-998,167,-143,-14000,-5128,6280,-479,163,-56,0
726.3760280609131,8440,6848,11112,-204,-121,142,7172,-9644,10320,-26,186,-195,-13724,4164,5844,-985,150,-107,-13912,-5340,6196,-501,183,-78,0
726.4095749855042,8448,6832,11140,-218,-135,138,7420,-9544,10152,-17,198,-205,-13708,4148,5536,-987,126,-118,-13632,-5260,6392,-485,186,-74,0
726.4430770874023,8460,6752,11144,-224,-128,121,7232,-9624,10236,26,158,-198,-13872,4068,5408,-989,172,-147,-13996,-5284,6320,-491,211,-68,0
726.4768159389496,8408,6748,11384,-216,-126,156,7188,-9584,10212,8,141,-209,-13684,4172,5560,-769,171,-144,-13940,-5232,6268,-493,167,-47,0
726.5103120803833,8436,6780,11220,-248,-137,159,7228,-9604,10352,23,181,-201,-13656,4104,5580,-980,148,-124,-13912,-5260,6240,-491,161,-61,0
726.5438289642334,8508,6780,11320,-202,-127,143,7216,-9568,10208,20,137,-240,-13852,4144,5712,-986,128,-132,-14024,-5272,5976,-496,185,-59,0
726.577005147934,8472,6812,11308,-199,-131,132,7216,-9504,10276,253,160,-198,-13736,4124,5676,-1276,120,-121,-13896,-5268,6100,-495,165,-77,0
726.6140329837799,8424,6784,11080,-201,-171,158,7260,-9548,10136,0,156,-186,-13816,4156,5648,-771,153,-126,-13964,-5244,6168,-489,149,-42,0
726.6496839523315,8624,6720,11260,-203,-150,136,7256,-9496,10016,-27,159,-191,-13628,4104,5624,-1004,160,-81,-13896,-5324,6240,-450,164,-96,0
726.6849539279938,8200,6692,11508,-199,-135,133,7244,-9548,9996,-11,171,-225,-13808,4176,5568,-1029,140,-130,-13916,-5240,6388,-489,179,-87,0
726.7207660675049,8476,6744,11356,-179,-146,173,7348,-9688,10280,43,123,-185,-14072,4156,5560,-1037,144,-119,-14036,-5248,6136,-499,180,-80,0
726.7570841312408,8596,6884,11072,-194,-149,145,7208,-9544,10144,7,155,-213,-13852,4148,5444,-771,164,-113,-13868,-5200,6192,-483,195,-73,0
726.7919409275055,8388,6704,11232,-188,-138,137,7248,-9224,10176,10,140,-226,-13780,4116,5468,-1275,150,-124,-14040,-5336,6244,-485,166,-92,0
726.8279531002045,8516,6840,11492,-188,-162,146,7260,-9480,10276,254,141,-211,-13788,4116,5552,-774,137,-89,-13940,-5256,6100,-476,150,-78,0
726.863373041153,8576,6784,11380,-194,-149,124,7328,-9456,10024,10,150,-200,-13748,4196,5656,-1052,133,-90,-13900,-5312,6184,-492,149,-72,0
726.8986480236053,8400,6724,11048,-204,-150,153,7328,-9424,10164,-11,133,-184,-13784,4016,5592,-998,145,-120,-13908,-5220,5948,-460,108,-104,0
726.9339740276337,8560,6664,11216,-148,-115,141,7284,-9636,10384,-253,94,-179,-13772,4120,5548,-1033,79,-45,-13952,-5272,6272,-488,145,-132,0
726.9697000980377,8628,6744,11220,-147,-130,110,6944,-9412,10280,39,96,-185,-13764,3868,5700,-1015,124,-98,-13932,-5284,6196,-500,127,-111,0
727.0049819946289,8580,6792,11156,-78,-107,108,7268,-9552,10208,-98,103,-190,-13864,4096,5648,-960,99,-62,-13988,-5256,6128,-473,127,-139,0
727.0403690338135,8484,6868,11072,-140,-72,87,7224,-9556,10156,-45,128,-212,-13628,4196,5556,-1000,96,-107,-13984,-5376,6124,-474,158,-153,0
727.0755460262299,8616,6744,11224,-111,-41,80,7328,-9708,10124,-32,124,-157,-13808,4140,5532,-1279,62,-7,-13980,-5152,6136,-495,115,-164,0
727.1112921237946,8564,6800,11168,-99,-256,99,7384,-9440,9984,-62,116,-120,-13672,4036,5680,-1002,50,240,-13908,-5316,6104,-524,95,-165,0
727.1462049484253,8228,6792,11292,-105,-38,79,7108,-9540,9984,-103,100,-163,-13792,4072,5688,-1006,51,-30,-13932,-5224,6308,-262,115,-153,0
727.1816649436951,8448,6788,11172,-85,-53,64,7204,-9480,10168,-98,112,-161,-14016,4156,5716,-969,59,-56,-13916,-5268,6280,-512,162,-144,0
727.2176549434662,8452,6756,11280,-58,-52,70,7212,-9560,10224,-39,102,-189,-13732,4176,5848,-958,103,-79,-14068,-5252,6068,-476,179,-125,0
727.25377202034,8448,6732,11232,-107,-66,90,7232,-9584,10316,-46,74,-195,-13680,4092,5696,-985,127,-84,-13888,-5324,5936,-497,185,-116,0
727.287348985672,8620,6808,11424,-98,-72,96,7008,-9524,10228,-72,107,-171,-13704,4132,5744,-981,102,-90,-14088,-5252,6156,-513,161,-141,0
727.3210730552673,8464,6784,11340,-110,-56,87,7296,-9516,10276,-57,132,-185,-13816,4252,5472,-969,70,-69,-13952,-5284,6072,-501,150,-160,0
727.354346036911,8600,6792,11196,-110,-50,82,7364,-9560,10276,-51,100,-178,-13612,4120,5600,-991,60,-72,-13932,-5180,6136,-271,168,-144,0
727.3875911235809,8532,6796,11180,-89,-69,91,7216,-9528,10208,-61,102,-174,-13812,4036,5596,-998,70,-79,-13924,-5252,6184,-753,123,-142,0
727.4211599826813,8476,6764,11212,-82,-75,107,7156,-9600,10272,-41,94,-159,-13800,4124,5592,-957,86,-64,-13892,-5332,6212,-498,147,-130,0
727.4544870853424,8220,6748,11324,-99,-80,89,7000,-9640,10192,-51,123,-198,-13572,4172,5748,-991,61,-70,-13952,-5224,6112,-462,128,-155,0
727.4880640506744,8476,6772,11172,-69,-52,91,7336,-9420,10328,-27,135,-157,-14076,4212,5568,-1022,45,-17,-13904,-5160,6232,-493,133,-144,0
727.5216090679169,8524,6716,11388,-72,-37,87,7312,-9544,10256,-48,114,-176,-13848,4172,5612,-1274,75,-32,-14000,-5292,6152,-484,115,-164,0
727.555144071579,8584,6776,11308,-78,-37,90,7304,-9484,10180,-52,129,-157,-13788,4144,5756,-986,56,-105,-13800,-5292,6096,-485,123,-171,0
727.5887539386749,8444,6872,11284,-95,-40,88,7200,-9492,10028,-56,104,-167,-13580,3928,5644,-995,61,-82,-13984,-5288,6064,-502,145,-153,0
727.6221830844879,8524,6852,11236,-110,-75,86,7232,-9468,10196,-53,120,-189,-13740,4100,5492,-991,60,-50,-13964,-5348,6156,-476,174,-168,0
727.6552979946136,8232,6788,11064,-98,-64,69,7172,-9436,10128,-82,111,-180,-13596,4212,5732,-1019,62,-58,-14076,-5532,6272,-498,97,-138,0
727.6887321472168,8568,6828,11112,-69,-64,96,7200,-9484,10084,-55,105,-167,-13596,4188,5632,-999,50,-85,-13912,-5304,6212,-534,137,-163,0
727.7223179340363,8528,6832,11232,-105,-36,88,7268,-9516,10148,-45,112,-135,-13792,4212,5656,-1016,63,-86,-13940,-5236,6148,-500,130,-137,0
727.7556810379028,8692,6808,11272,-86,-16,96,7216,-9556,10024,-61,123,-155,-13772,4108,5896,-1013,86,-52,-13888,-5360,6164,-492,98,-136,0
727.7894849777222,8540,6792,11236,-114,-60,41,7264,-9688,10328,-48,120,-150,-13812,4164,5464,-989,47,-38,-13824,-5308,6224,-449,146,-164,0
727.8253231048584,8540,6736,11020,-89,-51,97,7308,-9552,10180,-40,113,-166,-13712,4268,5572,-1013,69,-30,-13944,-5340,6152,-461,123,-165,0
727.859274148941,8460,6804,11024,-94,-26,105,7172,-9660,10224,-64,88,-165,-13796,4092,5836,-1025,78,-53,-13924,-5304,6192,-480,98,-158,0
727.892786026001,8540,6832,11272,-103,-27,71,7268,-9512,10360,-37,132,-163,-13700,4124,5552,-1008,53,-106,-13984,-5380,6240,-489,110,-152,0
727.9264481067657,8492,6876,11120,-112,-66,80,7140,-9624,10324,-39,112,-174,-13708,4328,5840,-988,71,-107,-13964,-5272,6172,-490,162,-158,0
727.959969997406,8512,6888,11220,-89,-69,123,7272,-9532,10300,-68,109,-167,-13620,4272,5472,-999,81,-68,-13916,-5340,6364,-504,161,-118,0
727.9935200214386,8368,6900,11344,-126,-78,87,7252,-9612,10460,-37,91,-184,-13740,4296,5472,-1014,91,-56,-13828,-5328,5936,-487,186,-124,0
728.0272059440613,8428,6872,11100,-93,-83,123,7320,-9572,10064,-22,65,-194,-13756,4148,5576,-981,130,-78,-13848,-5340,6348,-505,152,-105,0
728.0607581138611,8596,6804,11156,-122,-108,122,7284,-9728,10120,-24,81,-184,-13868,4260,5764,-1002,98,-94,-13888,-5308,6184,-480,124,-156,0
728.0939810276031,8508,6868,11208,-94,-27,118,6996,-9540,10104,-48,128,-171,-14036,4108,5724,-1017,115,-68,-13912,-5168,6396,-485,134,-142,0
728.1275761127472,8508,6780,11140,-141,-60,103,7364,-9528,10016,-41,134,-161,-13768,4180,5320,-1000,76,-55,-13932,-5400,6180,-515,119,-139,0
728.1606159210205,8320,7144,11008,-141,-47,106,7324,-9676,10156,-20,140,-149,-14000,3876,5464,-999,111,-33,-13656,-5276,6204,-516,148,-121,0
728.1941840648651,8456,6816,11260,-156,-44,117,7276,-9552,10008,-14,179,-173,-14056,3868,5828,-992,83,-75,-14012,-5248,6272,-500,153,-91,0
728.2279350757599,8316,6808,11360,-167,-98,103,7400,-9612,10204,-12,176,-188,-13680,4340,5752,-983,109,-131,-14080,-5128,6144,-479,186,-90,0
728.2611961364746,8468,7136,11244,-178,-136,147,7212,-9580,10068,-19,133,-208,-13668,4204,5676,-967,174,-155,-13844,-5364,6312,-495,204,-77,0
728.2991161346436,8372,6844,11212,-154,-139,148,7236,-9696,10108,-27,160,-172,-13736,4188,5680,-994,158,-141,-13968,-5356,6196,-496,187,-95,0
728.3345170021057,8480,6928,11056,-186,-120,140,7304,-9568,10044,-3,168,-203,-13760,4196,5588,-974,164,-104,-13876,-5252,6256,-491,194,-84,0
728.3698580265045,8472,6776,11352,-193,-119,144,7288,-9592,10164,-27,167,-237,-13728,4200,5840,-984,172,-95,-13880,-5240,6156,-511,201,-74,0
728.4051060676575,8440,7100,11124,-163,-150,167,7240,-9560,10476,8,183,-217,-13776,4200,5712,-989,173,-134,-13936,-5236,6292,-504,177,-80,0
728.4407629966736,8432,6752,11312,-205,-128,157,7332,-9568,10196,-1,173,-199,-13836,4152,5540,-1017,179,-175,-13884,-5180,6108,-498,204,-60,0
728.4771771430969,8464,6796,11224,-205,-144,129,7236,-9516,10144,-7,175,-218,-13772,4112,5792,-977,168,-89,-13892,-5308,6192,-488,146,-71,0
728.5122759342194,8508,7136,11188,-182,-129,133,7408,-9604,10308,-26,159,-148,-13768,4208,5712,-1020,101,-114,-13964,-5252,6388,-517,151,-114,0
728.5474660396576,8592,6716,11160,-225,-102,134,7356,-9540,10196,26,188,-154,-13692,4044,5540,-1015,99,-78,-14068,-5188,6316,-490,155,-105,0
728.5827059745789,8448,6844,11172,-141,-92,124,7240,-9516,10456,20,189,-174,-13764,3908,5756,-1010,113,-125,-13940,-5244,6224,-481,137,-80,0
728.6185779571533,8548,6812,11036,-182,-125,121,7232,-9524,10160,-11,157,-195,-13788,4108,5656,-968,145,-147,-13920,-5484,6288,-467,214,-70,0
728.6534731388092,8556,6736,11216,-233,-147,134,6972,-9552,10348,2,166,-200,-13892,4228,5544,-993,177,-109,-14024,-5180,6220,-501,160,-57,0
728.6887600421906,8544,6776,11068,-179,-117,131,7324,-9728,10376,22,140,-176,-13764,4128,5616,-1002,126,-62,-13872,-5352,6104,-475,119,-113,0
728.7244341373444,8512,6740,11360,-204,-102,133,7216,-9500,10248,249,152,-159,-13832,4092,5628,-989,80,-56,-13884,-5276,6276,-502,134,-93,0
728.7602429389954,8492,6784,11196,-207,-110,131,7232,-9524,10368,253,162,-207,-13796,4124,5644,-972,102,-141,-13996,-5244,6204,-491,173,-82,0
728.7954139709473,8516,6832,11212,-162,-134,141,7152,-9524,10112,-18,133,-224,-13636,4296,5700,-994,153,-116,-13992,-5252,6364,-503,199,-51,0
728.8312239646912,8624,6752,11188,-210,-171,158,7280,-9516,10024,33,96,-229,-13844,4168,5544,-779,176,-146,-13876,-5228,6084,-494,226,-38,0
728.8671541213989,8564,6756,11224,-159,-185,154,7384,-9452,10208,-24,90,-222,-13756,4100,5664,-984,159,-93,-14040,-5268,6288,-473,164,-55,0
728.9022870063782,8564,6852,11496,-231,-165,151,7188,-9456,10236,-256,124,-215,-13816,4024,5676,-1032,138,-99,-14040,-5156,6108,-451,175,-99,0
728.9382400512695,8576,6716,11256,-197,-167,134,7348,-9580,10284,21,140,-208,-13768,4304,5872,-1006,135,-75,-13876,-5316,6380,-471,176,-88,0
728.9717490673065,8448,6820,11264,-158,-161,131,7292,-9564,10148,8,134,-215,-13824,4060,5484,-1017,116,-104,-13948,-5168,6160,-476,160,-88,0
729.0055170059204,8580,6732,11396,-140,-166,130,7248,-9592,10220,4,100,-217,-13728,3884,5656,-1010,127,-85,-13920,-5284,6192,-506,164,-117,0
729.0392210483551,8604,6796,11408,-114,-179,112,7308,-9556,10032,-18,134,-206,-13824,4120,5556,-1020,104,-125,-13936,-5336,6148,-517,161,-131,0
729.0725719928741,8596,6700,11164,-88,-154,111,7260,-9596,10308,-65,109,-195,-13772,4164,5612,-992,81,-126,-13920,-5252,6172,-498,173,-106,0
729.105840921402,8572,6708,11196,-81,-128,100,7204,-9244,10040,-37,88,-191,-14024,3880,5524,-1007,108,-81,-13896,-5244,6060,-501,150,-142,0
729.1390490531921,8660,6760,11416,-111,-70,96,7396,-9476,10124,-29,98,-182,-13888,4032,5656,-1028,89,-93,-13936,-5132,6328,-499,140,-148,0
729.1746079921722,8532,6768,11204,-97,-77,104,7324,-9492,10260,-43,104,-171,-13896,4140,5572,-1037,83,-112,-14008,-5344,6088,-498,141,-144,0
729.2081451416016,8544,6716,11156,-129,-63,88,7280,-9536,10172,-54,90,-185,-13628,4076,5376,-994,128,-53,-13964,-5212,6108,-484,180,-159,0
729.2417430877686,8544,6832,11176,-98,-94,92,7296,-9592,10248,-87,120,-141,-13744,4156,5644,-985,62,-38,-13920,-5172,6192,-510,95,-143,0
729.2753479480743,8500,6832,10996,-75,-80,95,7328,-9572,10228,-35,105,-143,-13732,4200,5724,-1024,65,-68,-13940,-5244,6200,-521,119,-137,0
729.3088569641113,8608,6768,11440,-87,-24,82,7272,-9576,10444,-21,118,-150,-13812,4076,5652,-1009,26,-22,-13940,-5244,6376,-488,146,-154,0
729.3424170017242,8456,6832,11148,-70,-41,63,7268,-9684,10216,-48,110,-161,-13780,4104,5824,-989,70,-68,-13936,-5288,6192,-507,137,-164,0
729.3758509159088,8496,6752,11228,-81,-92,94,7236,-9540,10160,-54,129,-178,-13828,3908,5680,-952,81,-55,-13924,-5276,6272,-484,171,-162,0
729.4091730117798,8516,6772,11260,-129,-91,98,7220,-9556,10076,-39,115,-193,-13780,4212,5444,-999,59,-56,-13960,-5208,6212,-499,126,-129,0
729.4427990913391,8548,6832,11176,-56,-62,115,7288,-9372,10204,-52,94,-152,-13824,4156,5688,-992,40,-71,-13976,-5284,6200,-498,95,-164,0
729.476499080658,8560,6860,11100,-83,-23,97,6952,-9488,10020,-72,110,-148,-13832,4044,5704,-977,38,-27,-13828,-5292,6184,-764,67,-170,0
729.5098190307617,8436,6832,11368,-80,-27,67,7224,-9600,10288,-41,136,-135,-13800,4204,5852,-973,28,-87,-13980,-5272,6092,-525,97,-180,0
729.5434379577637,8608,6780,10768,-80,-63,90,7332,-9536,10260,-25,148,-174,-13840,4156,5604,-998,52,-76,-13928,-5216,5952,-529,128,-145,0
729.5770170688629,8280,6804,11092,-97,-49,69,7272,-9508,10060,-15,144,-184,-13764,4168,5576,-981,86,-36,-13816,-5300,6128,-518,165,-153,0
729.610466003418,8524,6772,11172,-109,-86,94,7224,-9444,10308,-57,95,-201,-13780,3900,5536,-991,89,-79,-13892,-5260,6364,-495,124,-150,0
729.6437139511108,8664,6804,11276,-73,-94,94,7656,-9492,9992,-39,98,-175,-13828,4220,5648,-1007,61,-80,-14024,-5232,6208,-488,111,-155,0
729.6773281097412,8500,6804,11300,-89,-53,83,7264,-9236,10212,-48,105,-165,-13728,4220,5672,-977,47,-66,-13916,-5296,6260,-520,129,-177,0
729.7107501029968,8556,6856,11332,-115,-33,81,7220,-9596,10144,-63,123,-173,-13744,4168,5712,-998,46,-51,-13992,-5204,6192,-518,126,-177,0
729.7442231178284,8576,6924,11136,-64,-51,82,7284,-9564,10088,-66,86,-165,-13792,4140,5428,-998,34,-35,-13860,-5572,6232,-511,123,-140,0
729.7776329517365,8492,6868,11020,-70,-41,82,7268,-9708,9992,-59,114,-148,-13812,4140,5676,-995,27,-59,-14004,-5432,6336,-497,166,-161,0
729.8111989498138,8676,6856,11216,-80,-74,59,7376,-9652,10340,-94,165,-189,-13772,4136,5712,-1009,61,-56,-13912,-5356,6220,-497,112,-170,0
729.8448400497437,8516,7148,11200,-93,-32,82,7244,-9560,10228,-48,121,-181,-13724,4116,5632,-998,69,-80,-14044,-5224,6388,-489,145,-101,0
729.8781909942627,8424,6864,11172,-92,-83,78,7324,-9432,10096,-43,71,-186,-13740,4336,5824,-1039,118,-74,-13936,-5168,6012,-520,153,-133,0
729.9116060733795,8520,6776,11080,-78,-59,103,7188,-9512,10120,-45,88,-191,-13616,4088,5788,-1279,72,-64,-13960,-5336,6368,-508,147,-152,0
729.9449789524078,8680,6760,11156,-99,-54,92,7300,-9540,10088,-54,131,-192,-13712,4168,5772,-998,89,-80,-13848,-5324,6188,-504,147,-153,0
729.982677936554,8468,6904,11084,-107,-106,97,7300,-9508,10200,-66,99,-168,-13752,4120,5640,-995,81,-51,-13916,-5308,6244,-480,160,-130,0
730.0187270641327,8564,6920,10992,-85,-49,112,7408,-9660,10492,-62,134,-149,-13584,4292,5780,-1006,79,-82,-13892,-5308,6276,-514,89,-126,0
730.053787946701,8452,6716,11064,-118,-5,102,7252,-9568,10332,-20,135,-133,-13788,4180,5864,-1012,68,-47,-13876,-5272,6180,-496,152,-123,0
730.0896790027618,8448,6860,11252,-137,-37,97,7284,-9516,10248,5,148,-146,-13760,4200,5632,-996,91,-100,-13952,-5324,6168,-522,154,-110,0
730.1248450279236,8252,6916,11292,-117,-65,90,7384,-9592,10104,-42,186,-182,-13804,4064,5676,-960,98,-58,-13968,-5284,6224,-482,204,-69,0
730.1602299213409,8620,6676,11508,-175,-65,104,7320,-9504,10380,-244,118,-200,-13756,4268,5720,-1044,138,-128,-13944,-5344,6236,-463,187,-85,0
730.1954281330109,8484,6824,11220,-159,-68,129,7268,-9568,10176,12,135,-182,-13764,4240,5848,-771,148,-51,-13804,-5260,6224,-491,147,-56,0
730.2312309741974,8256,6884,11316,-171,-26,119,7228,-9460,10164,-24,167,-148,-13600,4220,5684,-999,131,-121,-13828,-5296,6196,-481,103,-63,0
730.2671310901642,8400,6840,11136,-191,-88,120,7232,-9644,10236,-50,185,-172,-13820,4284,5736,-964,149,-93,-13732,-5176,6304,-259,185,-66,0
730.302276134491,8444,6800,11256,-181,-87,158,7224,-9520,10188,-35,191,-189,-13744,4204,5640,-987,158,-122,-13924,-5288,6040,-516,229,-73,0
730.3384690284729,8476,6780,11368,-243,-134,144,7236,-9588,10200,14,162,-226,-14068,4132,5752,-978,176,-153,-13856,-5264,6168,-505,226,-54,0
730.3735611438751,8488,6876,11116,-196,-117,150,7248,-9572,10232,13,172,-237,-13764,4088,5796,-997,203,-108,-14036,-5284,6140,-485,221,-71,0
730.4096100330353,8540,6792,11116,-235,-147,167,7372,-9604,10324,14,158,-189,-13996,4088,5688,-997,162,-107,-13924,-5316,6280,-475,198,-54,0
730.4449510574341,8596,7160,11256,-216,-118,122,7324,-9644,10224,252,161,-193,-13600,4340,5752,-1001,172,-140,-13984,-5232,6160,-506,198,-79,0
730.4811820983887,8584,6844,11368,-219,-130,152,7248,-9564,10280,30,184,-161,-13584,4196,5732,-1045,131,-80,-14080,-5240,6392,-470,154,-96,0
730.5172529220581,8412,6856,11132,-205,-88,144,7188,-9456,10168,26,118,-180,-13580,4172,5452,-1003,143,-112,-13952,-5276,6156,-493,154,-58,0
730.5522229671478,8524,6764,11368,-182,-129,141,7276,-9560,10188,-15,163,-204,-13780,4088,5820,-976,185,-92,-14028,-5360,6228,-484,188,-54,0
730.5874569416046,8688,6760,11100,-207,-144,131,7324,-9584,10272,6,158,-170,-13800,4172,5508,-1024,152,-107,-13956,-5148,6380,-474,179,-70,0
730.6229929924011,8600,6756,11196,-183,-148,158,7248,-9716,10092,-256,127,-190,-13776,4176,5676,-1003,119,-147,-13988,-5200,5900,-475,179,-56,0
730.6562299728394,8520,6808,11304,-193,-189,136,7280,-9488,10268,14,147,-205,-13720,4068,5724,-1003,189,-142,-14016,-5164,6216,-478,181,-92,0
730.6900000572205,8540,6688,11080,-174,-142,147,7196,-9552,10300,21,128,-188,-13672,4088,5784,-771,155,-161,-14012,-5236,6236,-484,180,-59,0
730.7236099243164,8380,6788,11240,-163,-147,171,7408,-9432,10308,21,106,-218,-13792,4036,5648,-1015,178,-150,-13980,-5236,6184,-503,209,-74,0
730.7574150562286,8552,6864,11240,-149,-155,154,7312,-9284,10252,-7,89,-229,-14020,3984,5676,-769,177,-97,-13952,-5300,6228,-485,180,-27,0
730.7906510829926,8604,6908,11480,-135,-153,169,7376,-9492,10328,-25,123,-215,-13800,4064,5444,-992,183,-79,-13936,-5236,6080,-489,172,-58,0
730.8242120742798,8892,6740,11376,-173,-146,156,7272,-9516,10212,15,126,-190,-13824,4096,5588,-1019,122,-128,-14000,-5152,6064,-496,181,-96,0
730.8576309680939,8472,6740,11212,-180,-204,159,7288,-9436,10016,41,135,-204,-13796,4088,5772,-1015,119,-129,-13968,-5240,6076,-498,212,-74,0
730.8910510540009,8788,6788,11024,-126,-161,143,7272,-9536,10260,36,117,-193,-13620,4236,5424,-1017,164,-124,-13988,-5264,6180,-503,167,-48,0
730.9247460365295,8596,6856,11160,-156,-182,167,7176,-9628,10136,-5,64,-223,-13716,4216,5636,-1084,220,-154,-13848,-5252,6256,-461,227,-33,0
730.9583299160004,8508,6652,11220,-150,-202,184,7272,-9464,10248,22,70,-205,-14064,4108,5620,-1050,178,-144,-13920,-5276,6136,-486,190,-38,0
730.9915881156921,8552,6804,11184,-139,-176,165,7616,-9544,10344,2,27,-198,-13572,4088,5580,-1039,137,-130,-13992,-5264,6236,-469,136,-61,0
731.0252690315247,8536,6832,11160,-154,-189,143,7284,-9660,10380,0,114,-208,-13752,4132,5472,-986,158,-137,-13976,-5212,6284,-476,153,-50,0
731.0588231086731,8548,6820,11060,-152,-184,141,7328,-9508,10012,-24,96,-219,-13944,4072,5444,-983,158,-181,-14020,-5288,6136,-454,210,-75,0
731.0927629470825,8608,6820,11268,-156,-234,139,7292,-9544,10236,-5,90,-242,-13600,4100,5740,-1036,168,-156,-14052,-5212,6048,-419,250,-85,0
731.1261990070343,8644,6700,11088,-176,-222,144,7292,-9408,10276,-35,113,-256,-13760,4112,5656,-774,146,-151,-13924,-5120,6068,-441,224,-71,0
731.1593630313873,8548,6756,11044,-151,-162,122,7284,-9476,10228,-28,88,-235,-13752,4064,5676,-973,168,-129,-14016,-5232,6176,-479,188,-64,0
731.1928989887238,8632,6644,11124,-176,-204,151,7304,-9544,10112,-5,136,-242,-13848,4116,5752,-987,161,-155,-14048,-5160,6128,-469,209,-54,0
731.2266061306,8668,6840,11032,-179,-206,157,7616,-9592,10272,248,117,-246,-13844,4112,5612,-1036,170,-185,-14032,-5112,6148,-495,222,-89,0
731.2602031230927,8620,6684,11284,-153,-191,167,7256,-9556,10096,20,111,-242,-13780,4068,5576,-1073,146,-142,-13900,-4960,5956,-497,207,-72,0
731.2937591075897,8624,6836,11168,-159,-201,160,7264,-9528,10208,43,41,-229,-13744,4008,5716,-780,152,-115,-13844,-5348,6368,-486,181,-42,0
731.3273730278015,8520,6668,11116,-130,-225,171,7348,-9468,10184,9,65,-234,-13744,3924,5540,-1045,198,-123,-13964,-4884,5948,-520,171,-36,0
731.361102104187,8552,6676,11064,-138,-215,186,7276,-9472,10168,-1,97,-228,-13840,4052,5504,-1013,151,-109,-14036,-5220,6308,-470,158,-23,0
731.3943121433258,8624,6724,11212,-197,-218,181,7204,-9232,10180,50,87,-214,-13896,4076,5664,-769,172,-146,-13988,-5224,6200,-481,157,-56,0
731.4277911186218,8600,6904,11008,-220,-211,189,7328,-9512,10248,75,84,-197,-13896,4004,5568,-995,162,-139,-13860,-5252,6116,-455,155,-57,0
731.4613680839539,8640,6784,11236,-206,-203,180,7400,-9460,10180,78,57,-242,-14068,3960,5476,-1017,153,-118,-14080,-5168,6052,-487,184,-50,0
731.494882106781,8524,6784,11192,-214,-265,190,7288,-9236,10296,74,100,-225,-13624,4072,5396,-1004,168,-119,-13952,-5208,6060,-463,186,-37,0
731.5284459590912,8480,6664,11260,-215,-282,206,7352,-9424,10044,37,80,-213,-13900,4016,5620,-1022,134,-95,-14008,-5092,6032,-460,187,-40,0
731.5618691444397,8780,6720,11116,-238,-255,197,7352,-9452,10200,134,73,-214,-13908,4072,5612,-1049,130,-167,-13936,-5252,6240,-467,201,-63,0
731.5954740047455,8488,6760,11256,-212,-279,184,7344,-9388,10220,98,57,-251,-13940,3968,5524,-1042,121,-200,-14080,-5208,6132,-439,160,-118,0
731.6317460536957,8780,6716,11008,-113,-257,147,7344,-9416,10464,59,28,-259,-13788,4164,5492,-1005,117,-144,-13852,-5136,6092,-767,150,-146,0
731.667268037796,8728,6832,11036,-109,-179,132,7384,-9524,10168,-45,66,-251,-13844,4020,5364,-1035,112,-135,-14088,-5040,5932,-263,215,-144,0
731.7025029659271,8976,6536,10920,-90,-96,92,7568,-9260,10056,-33,154,-148,-13884,3956,5392,-1000,-256,-17,-14064,-4924,6020,-262,108,-210,0
731.7376530170441,8988,6860,10932,-128,117,11,7504,-9340,10144,-39,196,-27,-13912,4036,5600,-1275,-48,44,-14108,-5264,5684,-506,36,-252,0
731.7735130786896,8764,6696,11008,-148,182,-20,7480,-9428,10184,-85,189,-22,-13928,3988,5504,-976,-86,76,-14100,-5208,5988,-495,32,-259,0
731.8094501495361,8864,6748,11160,-125,188,-22,7172,-9384,10428,-156,280,-30,-13828,4088,5812,-963,-62,86,-13924,-5264,5948,-511,57,-247,0
731.8449079990387,8680,6856,10836,-68,171,-15,7328,-9476,10004,-106,192,-77,-13712,4052,5636,-952,-87,10,-13964,-5224,6192,-260,101,-226,0
731.8806021213531,8616,6740,11164,-78,72,7,7332,-9460,10316,-67,170,-121,-13800,4100,5688,-981,-48,-1,-13964,-5172,6208,-262,113,-194,0
731.9162309169769,8628,6936,11164,-29,16,31,7304,-9412,10472,-104,177,-136,-13732,4028,5796,-970,-12,-11,-13968,-5152,6208,-505,54,-203,0
731.9519231319427,8548,6732,11012,-38,75,10,7292,-9500,10228,-139,144,-111,-13748,4084,5560,-978,13,5,-13960,-5260,6152,-514,53,-182,0
731.9879920482635,8560,6764,11452,-53,84,37,7304,-9728,10364,-104,139,-112,-13892,4344,5480,-949,42,29,-13948,-5164,6288,-528,101,-165,0
732.0236020088196,8596,6712,11092,-62,71,85,7416,-9472,10240,-104,92,-129,-13708,4100,5760,-1031,90,-63,-13936,-5144,6204,-549,113,-131,0
732.0592241287231,8592,6784,11232,-55,252,114,7304,-9440,10164,-130,68,-121,-13636,4136,5868,-1009,102,-35,-13948,-4908,6168,-527,101,-103,0
732.0949850082397,8448,6744,11276,-84,-12,122,7328,-9532,10000,-137,51,-146,-13796,4108,5580,-972,134,-50,-14080,-5132,6068,-539,111,-103,0
732.1309900283813,8656,6616,11076,-71,-49,151,7320,-9556,10108,-147,60,-125,-13684,4272,5528,-981,152,-90,-13984,-5236,6104,-528,70,-86,0
732.1674571037292,8804,6764,11272,-74,16,150,7420,-9508,10152,-130,18,-138,-13600,4148,5676,-999,149,-41,-13920,-5156,6156,-530,36,-121,0
732.2027750015259,8624,6488,11184,-54,3,136,7344,-9576,10116,-86,75,-114,-14076,3840,5452,-966,82,-58,-13844,-5288,6224,-523,105,-130,0
732.2387311458588,8608,6744,11160,-78,-10,114,7192,-9464,10208,-110,115,-129,-13896,4192,5752,-972,64,-26,-13976,-5312,6216,-551,59,-163,0
732.2744209766388,8688,6828,11196,-23,2,57,7360,-9532,10320,-89,144,-111,-13612,4156,5744,-989,11,-60,-13916,-4956,6256,-567,91,-183,0
732.3103060722351,8532,6780,11148,-80,-4,56,7372,-9492,10004,-9,154,-130,-14048,4188,5844,-1037,255,-73,-13880,-5244,6196,-559,68,-203,0
732.3438420295715,8628,6688,11068,-18,20,85,7288,-9244,10252,-11,185,-112,-13844,4100,5784,-1020,-12,-51,-14012,-5352,6228,-565,50,-206,0
732.3774659633636,8612,6848,11076,-72,21,34,7388,-9592,10216,-33,159,-103,-13760,4040,5700,-954,-15,-40,-13648,-5312,6372,-553,80,-189,0
732.4108641147614,8468,6748,11028,-94,248,58,7144,-9444,10108,-7,121,-163,-13764,4160,5660,-993,54,-50,-13912,-5156,6256,-542,141,-126,0
732.444235086441,8556,6856,11004,-33,-45,104,7276,-9224,10008,-13,100,-166,-13720,4184,5792,-1052,64,-112,-13960,-5212,5896,-545,147,-149,0
732.4775729179382,8588,6800,11204,-56,-104,140,7160,-9496,10292,-24,115,-159,-13824,4164,5640,-1018,53,-78,-13968,-5340,6280,-569,97,-122,0
732.5110940933228,8616,6868,11124,-92,-39,154,7272,-9528,10092,-32,131,-131,-13720,4080,5620,-1006,58,-37,-13656,-5184,6368,-588,38,-131,0
732.5447120666504,8604,6740,11204,-71,-15,139,7356,-9472,10232,-4,157,-111,-13656,4176,5380,-1002,65,252,-13968,-5288,6276,-624,37,-136,0
732.5782351493835,8632,6680,11000,-69,19,129,7276,-9456,10064,-37,61,-162,-13632,4028,5424,-932,171,-31,-13764,-5176,6212,-581,133,-72,0
732.6117379665375,8516,6860,11144,-62,-102,170,7220,-9504,10164,-90,32,-196,-13764,4048,5760,-923,178,-174,-13796,-5108,5960,-584,276,-34,0
732.6453630924225,8648,6900,11080,-30,-232,200,7212,-9520,10100,-49,72,-255,-13872,4104,5496,-1136,215,-169,-14164,-5368,6232,-595,295,54,0
732.6784920692444,8732,6800,11088,-9,-137,224,7424,-9708,10128,27,-22,-120,-13880,4200,5728,-1121,222,-49,-14080,-5244,6444,-649,109,-26,0
732.7123470306396,8948,6760,11188,38,10,205,7356,-9504,10196,31,20,-50,-13952,4264,5788,-1078,93,32,-14052,-5300,6224,-696,-24,-169,0
732.7459120750427,8488,6808,11144,70,87,124,7396,-9604,10124,-7,123,-30,-13864,3980,5696,-1023,-80,19,-14048,-5516,6312,-647,255,-511,0
732.7795140743256,8524,6864,11316,-25,41,45,7288,-9420,10180,-83,239,-84,-13728,3992,5772,-956,-148,-6,-13888,-5628,6008,-588,62,-249,0
732.8130159378052,8564,7012,11136,-111,-5,-21,7244,-9472,10296,-84,342,-147,-13716,3952,5632,-905,-63,-55,-13900,-5324,5932,-526,105,-189,0
732.8517241477966,8464,7008,11376,-95,-112,70,7220,-9432,10236,-82,188,-153,-13704,4112,5740,-967,87,-50,-13888,-5180,6116,-520,115,-67,0
732.8853261470795,8572,6984,10988,-132,-56,99,7320,-9532,10196,-90,139,-163,-13748,4152,5840,-911,108,248,-13948,-5356,6304,-450,86,-102,0
732.9189491271973,8248,7136,11168,-170,-59,108,7288,-9480,10072,-167,117,-165,-13676,4300,5664,-886,104,17,-13840,-5280,6268,-466,113,-78,0
732.9524519443512,8492,6932,11492,-239,-86,128,7260,-9520,10220,-204,147,-194,-13740,4276,5776,-891,129,-50,-14060,-5180,6264,-408,198,-39,0
732.9862270355225,8500,6860,11240,-243,-139,133,7244,-9532,10180,-142,162,-270,-14080,4260,5648,-881,137,-53,-13968,-5216,6076,-386,194,-27,0
733.0199580192566,8572,6756,11048,-196,-166,130,7452,-9532,10468,-145,174,-238,-13580,4128,5608,-963,40,-73,-13980,-5164,6248,-511,161,-56,0
733.0536959171295,8656,6732,10984,-179,-101,148,7640,-9600,10088,-67,113,-136,-13768,4316,5528,-1063,127,-83,-14024,-5168,6264,-531,182,-100,0
733.0873351097107,8580,6804,11016,-161,-17,189,7288,-9644,10172,25,136,-133,-13796,4136,5756,-1031,144,-88,-13944,-5300,6320,-523,107,-69,0
733.1208119392395,8608,7104,11176,-112,-34,154,7468,-9568,10232,249,139,-141,-13780,4260,5640,-1043,185,-54,-13956,-5200,6232,-484,135,-54,0
733.1540429592133,8644,6820,11316,-168,-26,155,7360,-9592,10180,-252,117,-156,-13740,4116,5836,-1029,179,-49,-13872,-5228,6308,-447,186,-40,0
733.187518119812,8544,6936,11076,-176,-63,174,7252,-9580,10188,-14,62,-171,-13628,4228,5644,-1092,188,-102,-13804,-5248,6184,-488,158,-68,0
733.2212319374084,8536,6876,11192,-163,-30,164,7164,-9520,10104,-42,207,-149,-13724,4196,5756,-995,127,-69,-13900,-5396,6408,-427,68,-128,0
733.2548100948334,8380,6904,11164,-181,-46,75,7416,-9624,10144,-101,215,-175,-13744,4128,6020,-931,43,-73,-13872,-5348,6252,-427,101,-155,0
733.2881081104279,8424,6928,11096,-235,-16,13,7316,-9664,10228,-110,275,-191,-13744,4068,5868,-916,21,-55,-13900,-5348,6216,-446,151,-155,0
733.3244349956512,8616,6928,11292,-219,-12,13,7328,-9692,10064,-64,306,-197,-13732,4180,5716,-912,80,-92,-13816,-5292,6216,-455,167,-116,0
733.3607230186462,8540,6844,11336,-213,-87,117,7192,-9652,10168,-42,125,-223,-13656,4200,5656,-963,161,-150,-13832,-5180,6144,-533,221,-112,0
733.3970971107483,8628,6880,11196,-181,-183,176,7356,-9580,10084,-56,107,-216,-13796,4156,5656,-963,191,-108,-14080,-5172,6184,-551,222,-50,0
733.4322581291199,8872,6756,11196,-179,-139,209,7404,-9580,10072,-25,101,-187,-13824,4180,5588,-1015,205,-39,-14044,-5184,6292,-539,149,249,0
733.4687149524689,8460,6756,11156,-196,-87,243,7280,-9584,10064,-48,50,-112,-13764,4152,5624,-946,296,-43,-13932,-5200,6512,-455,59,59,0
733.5040011405945,8648,6748,11016,-224,-45,226,7284,-9616,10040,-89,13,-179,-13792,4152,5488,-949,278,-53,-13764,-5168,6388,-453,93,-255,0
733.5389361381531,8524,6848,11144,-179,-154,168,7320,-9652,10188,-41,60,-225,-13796,4124,5844,-1017,173,-184,-13872,-5164,6084,-491,242,-58,0
733.5750560760498,8592,6796,11276,-170,-236,110,7276,-9600,10128,-255,119,-297,-13836,4268,5704,-1036,157,-184,-14004,-5192,6332,-486,283,-93,0
733.6106839179993,8644,6808,11232,-201,-161,123,7324,-9612,10132,16,48,-269,-13740,4248,5656,-1042,209,-101,-13956,-5160,6464,-489,261,-38,0
733.6460649967194,8536,6716,11164,-191,-149,186,7292,-9568,10012,42,18,-180,-13752,4276,5460,-1070,210,-92,-13924,-4908,6148,-538,226,-44,0
733.6823461055756,8548,6748,11252,-144,-153,208,7268,-9600,10084,63,38,-189,-13724,4188,5856,-1151,209,-127,-13960,-5180,6196,-550,174,-77,0
733.7182250022888,8512,6856,11228,-163,-108,185,7280,-9716,10000,-253,83,-221,-13792,4092,5744,-975,189,-90,-13916,-5308,6252,-477,172,-81,0
733.7537009716034,8232,6852,11312,-226,-169,182,7268,-9516,10168,14,128,-213,-13852,4312,5740,-1107,229,-106,-13956,-5200,6212,-476,216,-60,0
733.7897589206696,8660,6924,11176,-228,-188,166,7348,-9540,10476,-35,152,-199,-13772,4176,5656,-1042,141,-143,-13964,-5304,6284,-507,162,-107,0
733.8254721164703,8512,6868,11036,-214,-148,123,7256,-9536,10292,17,168,-185,-13796,4200,5600,-978,63,-84,-13916,-5304,5928,-482,150,-124,0
733.8614640235901,8568,6940,11128,-220,-123,109,7300,-9512,10332,13,105,-239,-13732,4064,5652,-949,121,-19,-13992,-5284,6284,-450,101,-29,0
733.8976559638977,8720,6928,11220,-268,-77,138,7396,-9516,10068,-51,75,-204,-13836,4244,5540,-932,175,-29,-13924,-4892,6116,-470,144,-20,0
733.9326419830322,8620,6556,11252,-235,-153,213,7396,-9676,10004,-11,108,-186,-13796,4348,5400,-781,196,239,-13960,-4856,6156,-569,132,24,0
733.9683611392975,8500,6496,11276,-113,-84,281,7380,-9684,10212,59,46,-52,-13812,4248,5136,-1077,174,33,-13628,-4996,6308,-668,63,-53,0
734.0019130706787,8612,6532,11116,-22,-53,297,7312,-9608,9872,72,-249,-83,-13784,4232,5524,-1044,148,-1,-13868,-5176,6260,-663,53,-132,0
734.0354850292206,8696,6656,11136,-3,9,170,7528,-9552,10100,15,254,-132,-13872,4108,5544,-1052,118,-143,-13944,-5252,6192,-653,114,-206,0
734.0691630840302,8728,6736,10988,11,-38,98,7508,-9464,10072,19,108,-186,-13884,4056,5580,-1023,0,-192,-13868,-5392,6144,-580,210,-221,0
734.1026661396027,8680,6916,11072,-70,-73,8,7496,-9388,10032,-32,147,-499,-13904,3900,5572,-935,55,-199,-13856,-5380,6088,-467,243,-219,0
734.1359720230103,8520,6976,11056,-154,-114,-24,7180,-9348,10432,-77,166,-298,-13996,4024,5740,-894,43,-157,-14056,-5304,6108,-387,220,-179,0
734.1695809364319,8588,6956,10944,-142,-167,-65,7436,-9460,10232,-81,184,-306,-13884,4116,5672,-878,17,-133,-14036,-5292,6300,-390,167,-223,0
734.2038400173187,8672,6964,11168,-180,-116,-93,7344,-9548,10184,-146,207,-289,-13808,4148,5724,-852,6,-92,-14008,-5192,6256,-340,153,-193,0
734.2374451160431,8600,6812,11164,-189,-108,-26,7212,-9480,10108,-138,149,-315,-13620,4212,5680,-864,35,-109,-13932,-5092,6076,-375,199,-131,0
734.2708671092987,8620,6772,11148,-191,-125,36,7308,-9508,10212,-96,11,-240,-13756,4284,5624,-776,80,-53,-13984,-5168,6328,-458,152,-131,0
734.3043730258942,8708,6652,11272,-123,-51,53,7324,-9712,10140,-55,64,-174,-13816,4320,5672,-925,31,-81,-13892,-5232,6200,-476,124,-151,0
734.3375871181488,8540,6688,11448,-64,-65,66,7344,-9636,9988,-72,210,-179,-13704,4252,5392,-988,32,-75,-14028,-5284,6180,-500,149,-150,0
734.3710949420929,8556,6740,11088,-91,-38,96,7288,-9540,10084,-34,211,-226,-13760,4164,5332,-984,89,-75,-13620,-5248,5944,-491,190,-113,0
734.4043641090393,8624,6768,11064,-98,-92,118,7356,-9380,10104,-60,42,-253,-13784,4112,5656,-909,61,-135,-14044,-5248,6124,-535,187,-125,0
734.4379630088806,8604,6768,11212,-97,-115,112,7544,-9588,10116,-77,129,-271,-13824,3860,5536,-947,121,-180,-13908,-5228,6116,-512,277,-116,0
734.4713830947876,8596,6772,11072,-121,-150,82,7444,-9224,10100,-61,112,-296,-13772,4088,5436,-779,162,-169,-13968,-5248,6184,-435,262,-40,0
734.5049049854279,8720,6752,11260,-132,-167,124,7400,-9516,10076,-105,56,-258,-13748,4164,5564,-962,169,-74,-13872,-5096,6148,-475,208,-52,0
734.538428068161,8648,6832,11012,-93,-151,151,7444,-9616,10144,-12,50,-191,-13612,4428,5528,-1038,155,-118,-13984,-5056,6316,-532,507,-103,0
734.5717179775238,8632,6732,11068,-74,-125,176,7440,-9664,10028,100,14,-181,-13840,4216,5548,-1157,139,-130,-14128,-5200,6372,-572,197,-103,0
734.6052069664001,8700,6880,11220,-36,-94,192,7540,-9484,10136,-27,31,-137,-13780,4324,5564,-1178,165,-44,-13932,-5084,6320,-596,136,-59,0
734.6385071277618,8612,6716,11188,-48,-63,198,7636,-9632,10096,32,-41,-109,-13784,4216,5616,-1071,132,-71,-13912,-5288,6588,-520,159,-58,0
734.6718530654907,8560,6840,11300,-58,-57,187,7272,-9652,10224,57,248,-206,-13836,4104,5408,-1122,165,-124,-13924,-5432,6288,-479,191,-87,0
734.7054841518402,8692,6892,11304,-74,-115,158,7484,-9544,10124,-28,93,-222,-13844,4148,5496,-990,103,-143,-13952,-5420,6132,-477,224,-143,0
734.7390470504761,8428,6976,11276,-121,-189,95,7672,-9520,10156,-69,210,-306,-13840,4088,5812,-930,73,-6,-14072,-5156,6128,-518,260,-223,0
734.7723340988159,8464,6952,11168,-78,-356,30,7412,-9500,10200,-19,119,-433,-13696,3872,5408,-934,96,-324,-13928,-5624,5968,-471,462,-194,0
734.8058040142059,8560,6984,10968,-90,-382,-17,7636,-9360,10260,-46,105,-473,-13736,3952,5548,-1021,173,-275,-14180,-5120,6032,-411,461,-54,0
734.839339017868,8728,6896,11052,-156,-284,106,7412,-9460,10096,-33,-34,-367,-13760,4252,5600,-1271,298,-183,-13864,-5016,6172,-476,383,88,0
734.8728520870209,8772,6660,10948,-88,-284,246,7392,-9648,9944,-46,-104,-280,-13880,4188,5408,-1090,338,-164,-13944,-4932,6228,-557,287,93,0
734.906182050705,8704,6676,11280,-120,-267,282,7572,-9668,9960,119,-73,-220,-13868,4316,5832,-1096,339,-196,-14156,-5044,6272,-561,260,79,0
734.9399261474609,8768,6892,11212,-113,-189,314,7604,-9716,10104,68,-28,-152,-13884,4336,5688,-1075,7,-133,-14260,-5128,6152,-531,177,29,0
734.9735081195831,8752,6788,11268,-118,-108,266,7424,-9544,10032,-3,71,-101,-13900,4244,5860,-1078,146,-62,-14036,-5284,6248,-577,100,-87,0
735.0106689929962,8812,6768,11096,-111,-45,202,7524,-9704,10228,-27,176,-109,-13784,4020,5548,-964,62,-41,-13872,-5372,6120,-566,87,-159,0
735.0462110042572,8616,6824,11080,-185,-17,102,7496,-9712,10080,-9,235,-145,-13740,3932,5700,-1001,4,-125,-13732,-5200,5912,-475,191,-194,0
735.081475019455,8624,6932,11104,-164,-26,46,7496,-9488,10248,-35,237,-202,-13744,4056,5640,-947,40,-105,-13892,-5236,5940,-468,187,-152,0
735.1175420284271,8464,6908,11088,-206,-49,31,7176,-9480,10148,-61,211,-215,-14072,3956,5488,-935,59,-138,-13960,-5336,5928,-465,224,-131,0
735.152370929718,8700,6756,11104,-205,-125,72,7520,-9452,10052,-43,193,-253,-13596,4048,5440,-970,148,-143,-13964,-5232,6172,-461,266,-96,0
735.188395023346,8744,6776,11120,-200,-135,138,7652,-9580,10372,-42,110,-262,-13780,4072,5492,-984,176,-157,-13852,-5196,6072,-477,267,-36,0
735.22327709198,8800,6756,11172,-191,-143,172,7600,-9576,9876,-27,105,-224,-13852,4124,5536,-975,204,-130,-14088,-5132,6200,-485,169,-41,0
735.2594139575958,8740,6888,11064,-152,-110,185,7548,-9580,10056,-24,69,-129,-13960,4136,5452,-1019,172,-37,-14088,-5236,6116,-576,151,-77,0
735.2950620651245,8820,6708,11036,-163,-26,207,7540,-9548,10096,35,62,-118,-13936,4076,5576,-1092,144,-76,-14112,-5340,5908,-563,125,-85,0
735.3306980133057,8656,6900,11116,-101,-82,176,7528,-9552,10456,2,109,-112,-13880,3932,5636,-1052,124,-39,-14056,-5304,6224,-642,102,-121,0
735.3659610748291,8720,6924,11076,-111,-101,118,7640,-9520,10056,-66,143,-194,-13904,3936,5556,-947,96,-49,-13848,-5204,5896,-556,158,-180,0
735.4014430046082,8740,6864,10768,-148,-46,65,7532,-9500,10028,-6,176,-196,-13820,4016,5756,-989,106,-107,-13904,-5148,6132,-460,195,-133,0
735.4375591278076,8696,6764,10960,-175,-67,88,7508,-9572,10028,-17,163,-195,-13848,4328,5612,-993,120,-74,-14068,-5172,6156,-434,105,-140,0
735.4729549884796,8752,6900,11164,-155,-5,65,7496,-9604,10064,-69,141,-192,-13772,4152,5496,-961,59,-42,-13924,-5176,6132,-445,95,-163,0
735.5093050003052,8740,6744,11248,-160,-9,21,7412,-9572,10060,-86,174,-198,-14000,3864,5560,-975,43,-105,-14036,-5084,6108,-439,152,-126,0
735.5449559688568,8476,6736,11040,-141,-24,60,7356,-9560,10232,22,135,-179,-13812,4148,5456,-1046,156,-83,-13916,-5140,5912,-451,240,-53,0
735.5805630683899,8456,6848,11468,-183,-139,187,7228,-9528,9848,78,82,-211,-13720,4148,5488,-1055,227,-200,-13864,-5144,6076,-534,296,-12,0
735.6155729293823,8484,6904,11140,-123,-230,200,7532,-9508,10060,-12,74,-234,-13872,4116,5572,-1038,169,-182,-14168,-5208,6080,-539,204,-62,0
735.6526961326599,8804,6780,11056,-142,-139,172,7604,-9724,10108,18,124,-201,-13896,4072,5648,-1006,124,-132,-14064,-5100,6080,-764,186,-69,0
735.6860270500183,8532,6828,11116,-168,-132,164,7544,-9408,10148,23,144,-165,-13820,4080,5628,-993,151,-155,-14020,-5280,5944,-484,198,-104,0
735.7197201251984,8620,6844,10864,-217,-153,126,7552,-9480,10192,20,123,-198,-13740,3960,5708,-1006,126,-147,-13968,-5304,6036,-444,160,-136,0
735.7531509399414,8952,6880,11168,-219,-159,106,7544,-9356,10124,-6,198,-209,-13832,4012,5544,-972,93,-94,-14068,-5264,5912,-437,156,-128,0
735.7866759300232,8564,6760,11240,-236,-148,105,7432,-9492,10232,-16,221,-227,-13816,3936,5796,-944,69,-117,-14056,-5112,6000,-429,208,-75,0
735.8200249671936,8516,6836,11096,-237,-203,120,7436,-9488,10336,-10,132,-228,-13852,4068,5588,-990,113,-146,-13972,-5208,6012,-452,237,-56,0
735.8536689281464,8768,6776,11120,-229,-223,164,7500,-9656,10120,70,87,-509,-13796,4336,5292,-1068,226,-157,-13972,-4912,6088,-468,228,-34,0
735.8869550228119,8512,6800,11124,-226,-213,190,7572,-9428,10180,48,91,-242,-13864,4168,5272,-1039,215,-140,-13828,-5144,6096,-474,215,-40,0
735.9204659461975,8712,6756,11156,-511,-213,194,7588,-9436,10228,35,93,-227,-13772,4152,5432,-986,192,-123,-14068,-5132,6024,-490,203,-31,0
735.9539959430695,8732,6736,11024,-209,-184,203,7616,-9568,10108,37,106,-184,-13964,4072,5496,-980,143,-66,-14128,-5032,5940,-508,165,-21,0
735.9876220226288,8832,6680,11072,-223,-151,188,7568,-9420,9812,54,135,-173,-13944,4068,5484,-1039,113,-100,-14028,-5092,5968,-516,148,-89,0
736.021290063858,8784,6752,11120,-218,-192,186,7452,-9432,10168,56,128,-158,-13856,4008,5508,-1009,103,-116,-14012,-5176,6048,-497,151,-85,0
736.0548479557037,8868,6892,11060,-148,-188,157,7568,-9344,10012,-20,165,-202,-13844,3972,5532,-960,153,-123,-14036,-5108,5976,-477,171,-104,0
736.0882549285889,8720,6776,10952,-178,-204,125,7496,-9464,10132,-247,82,-261,-13764,4016,5356,-970,118,-143,-14140,-5016,6040,-481,235,-123,0
736.1217391490936,8856,6612,10928,-124,-145,106,7496,-9384,10096,-24,24,-237,-13868,4032,5504,-993,99,-75,-14004,-5052,6068,-523,129,-176,0
736.1552391052246,8820,6716,10952,-118,-106,91,7696,-9444,10040,-23,90,-177,-13604,3928,5544,-955,45,-28,-14080,-5168,5976,-492,115,-191,0
736.1888539791107,8796,6704,11160,-111,-39,46,7536,-9432,10096,-35,140,-174,-13820,4256,5480,-990,60,-110,-14064,-5096,6008,-467,120,-168,0
736.2222480773926,8784,6836,11064,-130,-42,53,7572,-9560,10176,-1,130,-160,-13816,4120,5528,-1017,85,-59,-13988,-5124,6028,-483,148,-157,0
736.2555780410767,8836,6756,11052,-134,-36,91,7572,-9460,10072,-23,75,-174,-13768,3868,5412,-986,113,-56,-13952,-5172,6136,-497,162,-108,0
736.2892470359802,8640,6712,11180,-120,-56,129,7536,-9440,10276,-46,84,-193,-14072,4116,5532,-1024,155,-60,-14064,-5232,6388,-511,152,-121,0
736.3228731155396,8776,6776,10844,-112,-116,114,7540,-9228,10104,-69,94,-183,-13924,3976,5764,-1015,110,-84,-13932,-5140,6048,-496,142,-126,0
736.3566219806671,8732,6708,11364,-119,-84,105,7568,-9708,10180,-45,110,-183,-13916,4064,5400,-1015,74,-82,-13856,-5280,6060,-495,97,-116,0
736.3898661136627,8740,6684,11080,-100,-15,84,7492,-9428,10152,-53,96,-140,-13820,4088,5628,-1020,30,-58,-13976,-5152,6124,-521,91,-141,0
736.423418045044,8680,6768,11164,-81,-23,52,7504,-9432,10096,-15,109,-163,-13876,4072,5524,-777,41,-60,-14024,-5368,6060,-525,131,-177,0
736.4570081233978,8804,6792,11000,-73,-24,105,7868,-9236,10088,-46,102,-171,-13872,4056,5548,-994,79,-26,-13988,-5320,6160,-512,113,-128,0
736.4905769824982,8868,6792,10776,-96,-59,73,7544,-9412,10400,-97,147,-188,-14076,3852,5616,-980,64,-62,-14044,-5140,5972,-500,138,-140,0
736.5242390632629,8812,6896,11020,-91,-76,70,7604,-9516,9988,-37,113,-181,-13840,4132,5712,-985,63,-95,-14024,-5140,5972,-513,108,-170,0
736.5577130317688,8756,6404,11096,-43,-104,78,7644,-9436,10156,-54,121,-182,-13904,4020,5676,-976,32,-87,-13948,-5156,6056,-514,124,-185,0
736.5911870002747,8744,6496,11088,-73,-56,83,7600,-9388,10120,-21,90,-195,-14060,4028,5628,-1015,79,-106,-14080,-5212,5988,-490,146,-138,0
736.6247370243073,8708,6660,11080,-112,-58,67,7552,-9360,10172,-57,180,-161,-13868,4080,5572,-971,53,-70,-14040,-4872,6052,-494,124,-145,0
736.6577551364899,8824,6796,11096,-84,-53,59,7560,-9532,10112,-69,163,-166,-13840,4116,5532,-1062,51,-26,-14024,-5088,5904,-524,122,-168,0
736.6947591304779,8828,6832,11076,-115,-30,66,7608,-9436,10032,-24,164,-159,-13732,4092,5588,-1061,77,-103,-14052,-5184,6048,-516,178,-149,0
736.730593919754,8788,6808,11084,-61,-28,96,7564,-9244,10068,-34,68,-146,-13768,4072,5504,-995,86,-45,-13948,-5296,6096,-257,126,-152,0
736.7660570144653,8764,6764,11108,-110,-47,72,7676,-9476,10204,-48,86,-173,-13848,4124,5628,-989,63,-63,-13992,-5376,6060,-474,148,-161,0
736.80180311203,8796,6744,10780,-125,-69,89,7620,-9524,10192,-49,83,-159,-13860,4344,5584,-960,69,-89,-13992,-5088,6352,-526,141,-174,0
736.8374590873718,8780,6696,11068,-76,-61,98,7588,-9224,10208,-29,133,-150,-13828,4112,5752,-1016,88,-36,-14084,-5144,5956,-488,145,-154,0
736.8729391098022,8488,6832,10844,-98,-45,92,7592,-9728,10032,-39,79,-164,-13712,4040,5824,-981,24,-60,-13984,-5200,6024,-525,124,-139,0
736.908863067627,8692,6756,11116,-91,-68,86,7584,-9492,10116,-69,138,-179,-13736,4000,5640,-956,66,-55,-13964,-5200,6112,-499,142,-129,0
736.9438691139221,8800,6804,10956,-101,-85,108,7648,-9412,10048,-65,89,-190,-13876,4076,5428,-989,67,-81,-13996,-5148,6016,-488,160,-112,0
736.9798319339752,8712,6756,11096,-134,-98,108,7584,-9528,10204,-23,76,-192,-13756,4056,5660,-1012,96,-112,-13988,-5184,6116,-538,181,-121,0
737.0153701305389,8764,6804,11108,-102,-89,124,7600,-9420,10128,-63,21,-168,-13868,4164,5664,-1005,96,-55,-13872,-5148,6056,-766,146,-122,0
737.0507280826569,8808,6828,11032,-128,-84,92,7468,-9428,10192,-61,139,-168,-13800,4128,5628,-1003,88,-102,-13944,-5140,6100,-505,141,-135,0
737.0871460437775,8828,6724,11240,-136,-49,84,7572,-9508,10068,-50,124,-173,-13840,4088,5568,-995,89,-62,-14060,-5216,5904,-521,159,-116,0
737.1223030090332,8752,6836,11164,-149,-68,98,7664,-9240,10112,-10,145,-156,-13860,4056,5576,-995,76,-45,-13872,-5200,6180,-502,148,-98,0
737.1581239700317,8744,6816,10888,-157,-97,107,7536,-9560,10068,11,170,-181,-13804,4300,5640,-962,111,-100,-14004,-5200,6376,-487,149,-92,0
737.1932649612427,8836,6728,11128,-198,-91,89,7604,-9368,10144,-10,188,-166,-13648,4108,5864,-964,139,-79,-13856,-5376,6108,-488,163,-76,0
737.2287249565125,8916,6824,11104,-179,-111,124,7488,-9476,10184,-34,153,-196,-14048,4176,5724,-998,127,-124,-13832,-5280,6368,-506,194,-62,0
737.2640459537506,8484,6876,11260,-173,-133,125,7540,-9480,10068,-38,149,-199,-13612,3852,5452,-1010,155,-101,-13940,-5196,6132,-763,178,-98,0
737.3001010417938,8628,6840,11008,-195,-134,137,7604,-9680,10264,11,185,-191,-13736,4020,5556,-1000,151,-157,-14048,-5208,6344,-469,216,-74,0
737.336669921875,8636,6832,11152,-219,-127,119,7532,-9380,9996,34,186,-198,-13708,4292,5532,-976,193,-118,-13984,-5256,6304,-488,213,-58,0
737.3701050281525,8668,6772,11092,-228,-143,168,7676,-9388,10148,-8,162,-201,-13796,4064,5708,-984,184,-106,-14144,-5196,6028,-479,171,-69,0
737.4035830497742,8768,6740,10972,-182,-135,167,7608,-9400,10212,-16,181,-193,-13864,4080,5480,-990,141,-85,-14016,-5184,5888,-257,185,-69,0
737.4372811317444,8688,6748,10832,-265,-144,152,7608,-9712,10076,37,188,-187,-13912,4104,5632,-1033,129,-148,-13984,-5176,6176,-483,188,-67,0
737.470664024353,8736,6772,10968,-248,-141,173,7732,-9496,10124,31,167,-202,-13844,3956,5520,-998,114,-134,-14040,-5208,6020,-491,146,-65,0
737.5040109157562,8760,6812,11092,-202,-139,150,7612,-9416,10132,-21,175,-185,-13884,3996,5408,-990,124,-98,-13864,-5200,6040,-469,201,-55,0
737.5375709533691,8824,6716,11252,-247,-176,131,7504,-9544,10124,23,178,-241,-13908,4000,5544,-1001,162,-118,-14316,-5120,6020,-447,165,-85,0
737.5710899829865,8808,6748,11036,-234,-132,155,7604,-9408,10060,23,161,-217,-13848,4040,5384,-1040,104,-101,-14016,-5128,6112,-487,170,-88,0
737.6047921180725,8784,6808,11144,-227,-169,151,7628,-9408,10204,24,167,-175,-13596,4008,5772,-1014,130,-90,-14008,-5208,6120,-475,114,-80,0
737.6381170749664,8660,6704,11108,-209,-119,132,7508,-9476,10096,-24,86,-192,-13588,3856,5824,-976,112,-109,-13936,-5140,6144,-478,138,-90,0
737.6717340946198,8808,6716,11308,-210,-153,156,7496,-9264,10148,-29,145,-182,-13796,3988,5544,-1028,142,-106,-13964,-5068,5968,-465,161,-78,0
737.7055189609528,8716,6416,11004,-191,-148,154,7552,-9492,10076,11,111,-228,-13764,4096,5312,-1028,153,-125,-14276,-5324,6072,-489,181,-33,0
737.7391319274902,8772,6720,11092,-202,-159,159,7400,-9428,10156,20,109,-218,-13836,4060,5408,-1056,158,-80,-13964,-4900,6044,-512,207,-86,0
737.772707939148,8940,6428,11076,-160,-175,148,7492,-9500,10108,-33,92,-202,-13912,4072,5624,-1012,152,-144,-13988,-5156,5980,-522,207,-93,0
737.806401014328,8748,6712,10888,-116,-163,110,7576,-9356,10140,-16,97,-215,-13916,4056,5496,-988,112,-85,-13992,-5080,6028,-503,141,-126,0
737.8400099277496,8804,6712,11156,-92,-114,101,7544,-9420,10056,-41,140,-210,-13872,4016,5720,-999,85,-130,-14104,-5092,6060,-531,155,-149,0
737.8765511512756,8836,6696,11172,-68,-50,93,7632,-9344,10032,-39,115,-191,-14048,4004,5136,-988,85,-105,-13992,-5116,5972,-258,150,-198,0
737.9098720550537,8932,6692,11040,-111,-41,74,7432,-9336,10060,-40,105,-174,-13932,3984,5480,-999,55,-91,-13992,-5168,6000,-498,154,-145,0
737.9434111118317,8868,6664,10932,-119,-47,70,7624,-9264,10156,-26,143,-182,-13984,4100,5464,-1003,48,-45,-13844,-4888,6052,-522,136,-159,0
737.977313041687,8824,6716,11148,-111,-30,65,7512,-9472,10172,-43,127,-160,-13784,4116,5612,-973,45,-79,-13992,-5160,6156,-497,132,-146,0
738.0110290050507,8708,6768,11132,-100,-46,79,7552,-9456,10108,-34,114,-182,-13724,4064,5548,-995,62,-61,-14040,-5232,6072,-519,145,-129,0
738.0445530414581,8796,6716,10992,-79,-77,95,7596,-9380,10040,-46,107,-189,-13812,4028,5504,-997,97,-92,-14012,-5224,6088,-497,138,-133,0
738.0782160758972,8724,6700,11120,-114,-79,112,7612,-9384,10152,-58,115,-180,-13812,4036,5856,-995,70,-94,-14044,-5052,6316,-505,127,-138,0
738.1117250919342,8764,6740,10996,-86,-50,68,7580,-9344,10056,-55,125,-157,-13848,4172,5584,-962,87,-30,-14072,-5128,5988,-493,88,-168,0
738.1449389457703,8828,6736,11100,-85,-41,97,7608,-9528,10148,-58,125,-136,-13936,4092,5584,-989,53,-37,-14000,-5184,6016,-540,130,-162,0
738.1782610416412,8892,6760,11112,-109,-44,77,7568,-9348,10088,-14,99,-150,-14068,4344,5592,-773,85,-63,-14048,-5120,6208,-527,151,-118,0
738.2117600440979,8708,6752,11052,-61,-39,78,7600,-9416,10128,-35,88,-171,-13900,4056,5572,-982,72,-93,-14148,-5304,6064,-535,112,-153,0
738.2454860210419,8748,6708,11116,-94,-82,67,7572,-9428,10176,-44,96,-197,-13972,3996,5568,-939,26,-88,-14012,-5112,6124,-503,144,-152,0
738.2792329788208,8752,6680,11128,-112,-55,62,7444,-9256,10132,-4,143,-190,-13904,4160,5544,-982,89,-77,-14288,-4924,6092,-508,169,-138,0
738.3126199245453,8828,6740,11000,-76,-45,71,7652,-9400,10104,-13,179,-186,-13640,4092,5376,-999,74,-20,-14008,-5144,6116,-484,122,-149,0
738.3456840515137,8788,6784,11072,-83,-17,81,7676,-9392,10128,-44,112,-155,-13900,3988,5548,-965,24,-90,-14008,-5200,6028,-452,115,-147,0
738.3839740753174,8764,6828,11116,-103,-56,60,7624,-9428,10092,-81,133,-130,-13748,3992,5680,-986,49,-73,-14004,-5204,6200,-498,130,-158,0
738.4204640388489,8824,6740,11040,-97,-29,74,7616,-9432,10236,-69,117,-171,-13816,4020,5600,-1008,54,-102,-14016,-5200,5984,-485,152,-151,0
738.4554679393768,8916,6868,11004,-120,-89,84,7484,-9576,10188,-33,105,-187,-13688,4004,5476,-1030,85,-84,-13872,-5316,6044,-509,163,-133,0
738.4911170005798,8776,6768,11192,-56,-62,99,7636,-9400,10172,-46,162,-180,-13840,4064,5668,-994,93,-83,-14024,-5172,6388,-261,142,-133,0
738.5262310504913,8808,6828,11112,-113,-86,94,7564,-9468,10256,-36,66,-183,-13884,4088,5584,-996,96,-97,-13972,-5256,6004,-487,140,-128,0
738.5616071224213,8704,6752,11236,-107,-72,99,7544,-9432,10176,-50,153,-184,-14052,4264,5516,-1006,111,-133,-13828,-5212,6160,-500,156,-129,0
738.5976929664612,8732,6728,11152,-110,-82,98,7580,-9380,10448,-40,99,-188,-13636,3964,5752,-769,98,-135,-14016,-5188,6060,-526,141,-132,0
738.6326439380646,8784,6792,11036,-135,-93,90,7800,-9480,10048,-68,230,-170,-13900,4048,5684,-1005,86,-74,-14000,-5208,6012,-483,144,-119,0
738.6682829856873,8932,6764,11120,-112,-75,106,7896,-9408,10096,-54,103,-181,-14076,4156,5376,-920,54,-112,-14036,-5244,5964,-493,132,-124,0
738.7033469676971,8748,6852,11252,-124,-61,107,7648,-9688,10236,-7,98,-170,-14060,4092,5536,-986,92,-49,-14024,-4920,6044,-474,120,-128,0
738.7392990589142,8680,6776,11016,-121,-57,84,7608,-9704,10168,-28,133,-162,-13772,4192,5608,-1026,85,-91,-14040,-5148,6156,-488,148,-103,0
738.7744750976562,8764,6748,11068,-155,-91,114,7548,-9372,10092,-45,114,-171,-13840,4140,5480,-996,98,-45,-14072,-5216,6028,-526,159,-141,0
738.8099269866943,8744,6828,10984,-133,-83,100,7584,-9240,10136,-32,188,-155,-14012,4016,5704,-1010,116,-114,-13940,-5164,5984,-527,162,-100,0
738.8453199863434,8856,6812,11048,-137,-110,97,7632,-9428,10224,-9,87,-148,-13808,4012,5880,-997,99,-82,-14072,-5244,5888,-495,172,-110,0
738.8808209896088,8748,6804,11052,-138,-64,129,7676,-9416,9984,-20,152,-170,-13780,4140,5708,-1008,119,-114,-13968,-5284,6060,-477,152,-111,0
738.9159440994263,8744,6824,10772,-195,-58,119,7456,-9720,10064,-33,154,-181,-13796,4032,5600,-972,139,-93,-13988,-5192,6104,-464,112,-91,0
738.951779127121,8864,6780,11148,-157,-74,138,7564,-9500,10064,-14,186,-176,-13776,4080,5712,-977,111,-87,-13900,-5148,6180,-261,166,-98,0
738.987900018692,8824,6824,11036,-191,-91,110,7612,-9404,10116,9,156,-184,-13840,4080,5848,-1000,99,-82,-13932,-5364,5896,-765,184,-72,0
739.0238320827484,8828,6880,11092,-126,-88,107,7532,-9412,10176,-49,176,-174,-14032,3992,5440,-988,138,-107,-13976,-5280,6240,-257,170,-85,0
739.0572650432587,8812,6884,11132,-186,-109,86,7872,-9464,10056,-61,172,-210,-13948,4028,5508,-982,132,-125,-14256,-5172,6060,-508,194,-96,0
739.0910620689392,8740,6796,10848,-198,-80,109,7600,-9488,10148,-251,179,-199,-13872,4344,5400,-1036,140,-112,-13852,-5128,6228,-457,196,-65,0
739.124871969223,8712,6724,11188,-213,-86,161,7588,-9460,10148,4,163,-177,-13732,4092,5640,-1004,140,-99,-13968,-5376,6116,-477,160,-51,0
739.1581010818481,8716,6756,11132,-212,-60,151,7536,-9388,10148,-16,182,-160,-13784,4084,5396,-972,142,-87,-13956,-5248,6128,-464,125,-77,0
739.1916811466217,8472,6744,11088,-241,-94,152,7524,-9440,10132,-63,211,-175,-13588,4024,5868,-971,132,-65,-14028,-5208,6048,-482,180,-83,0
739.2250809669495,8772,6700,11156,-220,-108,136,7540,-9436,10336,-34,173,-200,-13780,4284,5508,-775,127,-128,-14008,-5096,6108,-764,231,-103,0
739.2588140964508,8820,6804,11200,-213,-135,149,7536,-9356,10252,6,179,-213,-13852,4064,5700,-1001,143,-156,-14032,-5192,6312,-490,207,-82,0
739.2924511432648,8848,6748,11012,-165,-106,141,7480,-9432,10460,-3,154,-212,-13880,4024,5652,-1012,171,-142,-13840,-5212,6148,-474,212,-60,0
739.3258900642395,8840,6720,11084,-218,-151,157,7540,-9384,10172,18,160,-195,-13808,3840,5560,-998,130,-150,-14236,-5276,6188,-474,197,-55,0
739.3594470024109,8828,6704,11136,-212,-114,152,7728,-9392,10020,-7,171,-212,-13944,4208,5676,-996,155,-95,-14072,-5140,6024,-477,221,-84,0
739.3926250934601,8896,6740,11060,-200,-134,141,7864,-9680,9848,9,168,-206,-13852,3980,5692,-778,145,-101,-14016,-5168,6044,-475,183,-71,0
739.4261319637299,8784,6740,11052,-210,-148,153,7596,-9508,10160,18,149,-207,-13872,4024,5572,-1005,124,-136,-13976,-5088,6036,-476,202,-69,0
739.4598140716553,8828,6700,10920,-219,-160,163,7584,-9468,10068,-8,151,-182,-13780,4064,5728,-984,131,-105,-13976,-5076,6084,-483,173,-103,0
739.4936730861664,8792,6724,11032,-216,-123,136,7524,-9524,10100,14,159,-183,-13784,4100,5560,-977,146,-132,-13964,-5032,6216,-481,188,-109,0
739.5273830890656,8708,6688,11152,-205,-123,141,7624,-9356,10168,12,161,-197,-14080,4040,5516,-1014,100,-106,-14032,-4920,6108,-490,171,-78,0
739.5610661506653,8768,6636,11124,-196,-126,151,7556,-9396,10212,29,113,-198,-14040,3852,5864,-979,135,-81,-14016,-5192,5980,-482,178,-74,0
739.5944430828094,8828,6660,11008,-174,-139,139,7552,-9448,10124,252,132,-195,-13600,4068,5620,-1031,149,-99,-14044,-4884,6136,-487,199,-64,0
739.6281521320343,8868,6672,11256,-178,-124,141,7544,-9440,10096,-29,96,-211,-13860,3984,5584,-999,173,-130,-13992,-5348,5972,-506,179,-70,0
739.6615500450134,8848,6616,10968,-143,-141,149,7572,-9416,10316,-2,94,-195,-13928,3976,5472,-1042,134,-140,-14032,-4884,6136,-527,183,-94,0
739.6951911449432,8856,6712,11088,-119,-150,149,7588,-9632,10116,-8,87,-218,-13856,3944,5904,-999,134,-129,-13868,-5156,6008,-482,154,-101,0
739.7287490367889,8872,6412,11212,-167,-94,125,7452,-9372,10120,-34,105,-191,-13864,3996,5572,-992,127,-88,-13956,-5160,6080,-480,146,-128,0
739.7622621059418,8828,6716,11040,-141,-112,103,7596,-9328,10056,-44,138,-179,-13848,4024,5632,-1274,90,-51,-14036,-5192,6024,-265,91,-159,0
739.7955551147461,8836,6660,11192,-94,-59,81,7584,-9408,10060,-14,165,-151,-13836,4084,5588,-1005,58,-59,-14104,-5096,5976,-521,144,-174,0
739.8293380737305,9116,6728,11028,-163,-50,77,7580,-9376,10144,13,140,-179,-13776,3936,5612,-999,68,-101,-14068,-5180,5888,-478,156,-133,0
739.8628981113434,8788,6764,11112,-106,-56,73,7532,-9380,10160,-50,139,-171,-14008,4020,5620,-1005,98,-101,-14092,-5112,6016,-483,126,-128,0
739.8960609436035,8788,6908,11236,-118,-105,109,7596,-9540,10048,-59,104,-209,-13784,3980,5380,-993,91,-89,-14016,-4872,5896,-495,193,-161,0
739.9299280643463,8748,6720,11004,-101,-103,102,7484,-9376,10148,2,128,-154,-13872,4320,5496,-1057,93,-68,-14264,-4904,6052,-504,129,-145,0
739.9636850357056,8808,6744,10868,-109,-74,133,7436,-9372,10016,254,100,-132,-13612,4092,5532,-990,106,-21,-14044,-5244,6292,-498,80,-157,0
739.9974110126495,8800,6764,11196,-177,-42,105,7500,-9380,10144,-55,156,-157,-13856,4112,5640,-973,75,-70,-13940,-5152,6100,-488,137,-108,0
740.0332391262054,8760,6732,11076,-157,-83,111,7604,-9464,10224,-34,134,-170,-13900,4060,5384,-983,110,-123,-14052,-5208,6052,-503,182,-131,0
740.0688481330872,8856,6816,11212,-82,-95,122,7612,-9440,10208,-9,120,-196,-13784,3844,5636,-1020,129,-139,-14004,-4896,6136,-522,192,-96,0
740.1038680076599,8768,6712,11116,-156,-158,136,7500,-9336,10104,-1,115,-214,-13824,3980,5600,-1018,148,-85,-14012,-5116,6076,-502,212,-112,0
740.1397280693054,8820,6676,11156,-115,-139,119,7696,-9448,10188,-43,119,-204,-13880,4036,5464,-954,98,-147,-14116,-5136,5976,-484,173,-123,0
740.174868106842,8780,6716,11124,-168,-135,95,7588,-9660,10104,-23,150,-184,-13900,3952,5468,-979,115,-111,-14080,-4956,5904,-525,160,-119,0
740.2107830047607,8872,6668,11120,-140,-85,116,7704,-9400,9988,-24,170,-158,-13904,4072,5380,-1001,89,-71,-14264,-5348,5916,-492,152,-113,0
740.2459650039673,8824,6644,10996,-126,-101,127,7632,-9364,10012,-8,111,-163,-14056,4020,5428,-1019,96,-110,-13976,-5084,6024,-761,173,-121,0
740.2812690734863,8776,6712,11256,-143,-60,100,7556,-9336,10132,-33,113,-192,-13876,4024,5568,-1011,111,-130,-14036,-5172,6004,-484,164,-124,0
740.3173639774323,8860,6780,10996,-128,-78,120,7536,-9380,10024,-51,138,-194,-13864,4080,5712,-1015,81,-106,-14076,-5348,5932,-501,148,-137,0
740.3528211116791,8844,6732,11032,-120,-78,109,7548,-9408,10044,-39,161,-182,-13800,3912,5480,-987,86,-68,-14052,-5108,6080,-509,144,-115,0
740.3879361152649,8900,6708,10944,-138,-67,101,7496,-9392,10084,-31,144,-167,-13940,4324,5624,-769,92,-126,-14108,-5160,6136,-495,134,-148,0
740.423082113266,8692,6720,11172,-140,-82,90,7540,-9380,10192,-256,135,-180,-13800,4096,5536,-1010,93,-92,-14012,-5192,6020,-515,155,-109,0
740.4594559669495,8768,6720,11064,-139,-80,106,7580,-9484,10272,-6,124,-185,-13868,4076,5760,-1039,111,-85,-13968,-5360,6004,-498,164,-102,0
740.4949131011963,8776,6788,11168,-149,-104,96,7516,-9324,10184,-26,112,-182,-13588,3952,5592,-1007,141,-121,-14116,-5156,6124,-484,153,-66,0
740.5303571224213,8820,6748,11208,-128,-124,147,7580,-9680,10124,-48,125,-173,-13676,4324,5488,-986,129,-69,-14020,-5344,6000,-529,136,-98,0
740.5658431053162,8812,6676,11056,-109,-77,121,7644,-9448,10088,-27,105,-168,-13952,4108,5784,-1037,84,-104,-14008,-5116,6316,-261,153,-119,0
740.6017370223999,8796,6800,10928,-109,-38,121,7596,-9408,10280,-34,113,-169,-13764,3972,5512,-1007,92,-93,-13864,-5144,5996,-533,138,-112,0
740.6376099586487,8920,6684,11136,-123,-75,106,7672,-9388,9984,-69,155,-191,-13848,4048,5552,-987,101,-50,-13912,-5120,5944,-490,149,-152,0
740.674252986908,8916,6672,11124,-164,-45,89,7456,-9384,10208,2,153,-186,-13868,4024,5484,-997,109,-124,-14008,-5172,6104,-473,172,-137,0
740.7077600955963,8896,6748,11004,-137,-56,99,7668,-9300,10056,-8,123,-138,-13828,3868,5548,-1012,102,-103,-14156,-5164,6048,-483,134,-119,0
740.7415771484375,8752,6752,10812,-140,-27,99,7572,-9404,10224,-48,133,-129,-13820,4060,5724,-1005,74,-54,-14104,-5308,6080,-493,87,-105,0
740.7750871181488,8748,6796,10972,-151,-58,105,7524,-9448,10280,-64,160,-138,-13800,4112,5496,-1011,50,-77,-14252,-5080,5908,-504,118,-120,0
740.8086490631104,8884,6812,10988,-100,-59,128,7524,-9400,10120,-32,138,-132,-13852,4064,5608,-1061,73,-49,-14008,-5228,6092,-541,97,-140,0
740.8420751094818,8704,6724,11132,-134,-32,121,7472,-9360,10160,-10,116,-144,-14072,4076,5484,-999,112,-56,-14080,-5176,6276,-548,113,-120,0
740.8754780292511,8784,6724,11132,-73,-16,121,7508,-9440,10124,-4,112,-152,-13812,4100,5560,-1065,110,-89,-13988,-5132,6092,-545,150,-93,0
740.9090831279755,8776,6704,11216,-100,-118,137,7448,-9448,10172,6,116,-140,-13832,4124,5516,-1060,98,-99,-13876,-5316,5924,-553,117,-125,0
740.942703962326,8860,6716,10992,-80,-38,151,7632,-9320,10196,-27,126,-155,-13952,4064,5868,-1039,93,-73,-14028,-5204,6124,-530,113,-112,0
740.9760720729828,8748,6680,10988,-96,-82,123,7596,-9352,10172,-33,167,-154,-13924,4076,5436,-1273,83,-96,-13932,-5172,6092,-510,89,-139,0
741.0099620819092,8812,6716,11080,-116,-88,136,7524,-9444,10148,-9,166,-139,-13616,4004,5556,-1041,68,-108,-14052,-5232,6072,-497,105,-156,0
741.0436460971832,8860,6724,11084,-124,-69,97,7532,-9400,10300,-20,170,-145,-13960,3968,5668,-970,49,-101,-14056,-5224,6120,-504,86,-187,0
741.0770261287689,8688,6732,11088,-128,-22,40,7672,-9392,10112,-41,212,-173,-13840,4016,5584,-975,-246,-124,-14028,-5140,6048,-522,114,-188,0
741.1105470657349,8900,6704,11196,-110,-69,48,7520,-9404,10228,-256,221,-164,-13760,4024,5636,-1043,23,-99,-13936,-5128,6244,-507,137,-191,0
741.1439130306244,8804,6768,11100,-100,-65,42,7620,-9412,10088,10,135,-185,-13800,4220,5540,-1080,66,-95,-14140,-5188,6004,-546,93,-190,0
741.1772730350494,8860,6776,11100,-71,-59,80,7496,-9288,10096,-255,122,-125,-13864,3980,5652,-1053,51,-91,-14020,-5196,6100,-540,103,-171,0
741.2107810974121,8748,6724,11116,-66,-46,124,7456,-9372,9992,20,122,-111,-13884,4172,5636,-1076,55,-87,-14000,-5236,6084,-590,92,-177,0
741.2443969249725,8752,6752,11112,-42,-49,132,7452,-9412,10128,-10,150,-100,-13768,4012,5396,-1076,76,-97,-13888,-5244,6132,-575,95,-152,0
741.2776100635529,8864,6800,11040,-34,-31,116,7668,-9424,10112,-30,121,-144,-13648,4036,5656,-1038,106,-70,-13916,-5364,6124,-532,115,-118,0
741.3112490177155,8636,6780,10984,-86,-62,107,7532,-9324,9924,-65,88,-166,-13820,3976,5584,-988,98,-63,-13904,-5224,6104,-482,140,-104,0
741.3447680473328,8872,6884,11088,-84,-100,142,7548,-9420,10188,-49,138,-188,-13932,4052,5624,-1015,104,-113,-14012,-4924,6092,-537,117,-140,0
741.3781199455261,8888,6764,11080,-71,-118,104,7676,-9496,9888,-254,174,-121,-13860,4052,5808,-1280,5,-103,-14052,-5232,5924,-564,113,-176,0
741.4115710258484,8808,6752,10964,-94,-22,72,7476,-9436,10096,43,206,-105,-13748,4064,5860,-1028,-254,-91,-14028,-5224,6288,-546,82,-168,0
741.4453439712524,8776,6808,11040,-41,-14,109,7488,-9388,10184,-9,168,-91,-13792,4068,5684,-1005,27,-40,-14320,-5276,5996,-569,67,-197,0
741.4788329601288,8760,6664,11112,-45,-29,82,7760,-9604,10400,-34,160,-89,-13960,4084,5568,-1088,-14,-67,-13924,-5212,6124,-566,93,-214,0
741.5123319625854,8748,6644,11036,-41,6,56,7480,-9320,10184,36,255,-81,-13864,4072,5516,-1105,-40,-43,-13972,-5212,6060,-575,70,-247,0
741.545951128006,8772,6756,11016,247,27,85,7652,-9404,10448,68,246,-21,-13628,4072,5812,-1119,-46,-24,-14068,-5256,6252,-603,23,-237,0
741.5791749954224,8740,6864,11048,-62,55,95,7412,-9400,10216,25,205,-11,-13660,3988,5708,-1009,15,255,-13956,-5316,6096,-583,19,-200,0
741.612860918045,8540,6752,10984,-61,33,109,7364,-9364,10228,-6,141,-42,-13748,3984,5764,-995,251,-26,-13912,-5312,6112,-559,44,-189,0
741.6461019515991,8508,6792,11040,-73,17,120,7496,-9392,10020,-9,153,-98,-13748,4028,5860,-1091,13,-48,-13876,-5364,6060,-532,113,-143,0
741.6795170307159,8892,7080,10960,-113,-12,111,7456,-9148,10164,-58,137,-143,-13620,3900,5776,-1028,64,-89,-13924,-5344,6036,-546,149,-62,0
741.7154440879822,8712,6860,11008,-65,-69,151,7516,-9360,10180,-67,48,-191,-13596,3868,5764,-1054,147,-53,-13920,-5156,6192,-518,142,-52,0
741.750904083252,8764,6812,11168,-102,-125,206,7504,-9532,10004,-45,-25,-162,-13908,3980,5536,-1063,107,-77,-14012,-5076,6060,-529,146,-12,0
741.7862501144409,8768,6740,11220,-120,-81,202,7656,-9268,9784,-15,26,-122,-13808,4036,5496,-1114,196,-59,-14268,-5032,5944,-553,157,-39,0
741.8223249912262,8780,6796,10952,-139,-32,225,7668,-9440,10112,253,24,-65,-13836,3996,5588,-1164,167,-251,-13984,-5272,6064,-554,84,-75,0
741.8582050800323,8784,6776,10832,-76,-5,152,7488,-9444,10172,46,84,-59,-14072,4092,5636,-1112,96,-15,-13960,-5272,6220,-550,31,-163,0
741.8932991027832,8672,6804,11176,-81,253,99,7448,-9304,10332,32,294,-110,-13572,4008,5924,-1073,-16,-41,-14004,-5632,6156,-259,34,-222,0
741.9286811351776,8624,6676,10952,-119,22,-250,7412,-9384,10212,-16,437,-101,-13832,3896,5952,-997,-112,3,-13948,-5432,6204,-526,24,-275,0
741.9637920856476,8452,7032,11196,-168,17,-27,7312,-9372,10432,-15,368,-89,-13684,3900,5940,-972,-125,-14,-13932,-5532,6052,-506,55,-232,0
741.9995169639587,8476,7084,11140,-143,9,-25,7384,-9320,10456,-89,234,-163,-13728,3988,5496,-918,44,-76,-13788,-5456,6260,-464,81,-101,0
742.0346820354462,8548,6928,10852,-138,-95,57,7252,-9392,10344,-101,131,-232,-13640,4100,5884,-1003,140,-16,-13940,-5260,6108,-498,183,-61,0
742.0705590248108,8884,6864,11144,-114,-140,144,7304,-9532,10124,-93,5,-160,-13652,4152,5608,-1060,212,255,-13920,-5088,6288,-597,108,-18,0
742.1057291030884,8780,6400,11188,-96,-53,236,7480,-9532,10116,-54,-6,-122,-13736,4176,5424,-1055,195,50,-14296,-5088,6304,-553,24,-67,0
742.1413481235504,8748,6400,11088,-65,-8,201,7636,-9572,9912,17,72,-93,-13808,3876,5752,-1016,95,-71,-13988,-5284,6352,-483,32,-89,0
742.177225112915,8740,6716,11204,-115,21,163,7492,-9608,10160,-29,162,-66,-13752,4284,5816,-1003,25,240,-13980,-5184,6216,-556,38,-144,0
742.2126750946045,8856,6756,11184,-103,-20,131,7528,-9580,10232,-11,217,-64,-14064,4196,5752,-985,248,32,-13980,-5248,6320,-605,36,-234,0
742.2486510276794,8740,6764,11048,-103,250,82,7532,-9384,10036,53,289,-109,-13748,4020,5852,-983,-20,-62,-13896,-5392,6196,-533,64,-284,0
742.2839000225067,8612,6964,10752,-82,-16,-56,7480,-9368,10308,-73,334,-133,-13752,3896,5880,-947,-107,-7,-13932,-5512,6308,-466,61,-296,0
742.3193020820618,8696,6696,11224,-193,47,-155,7512,-9312,10332,-23,357,-210,-13808,3920,5764,-889,-97,-135,-13960,-5476,6228,-367,61,-320,0
742.3544070720673,8772,6988,11200,-152,79,-157,7488,-9324,10284,-55,404,-239,-13804,3996,5872,-892,-133,-119,-13856,-5144,6176,-380,61,-361,0
742.3898079395294,8564,6988,10928,-141,252,-181,7280,-9368,10396,-16,333,-263,-13688,4076,5928,-877,-79,-113,-14012,-5568,6336,-354,78,-328,0
742.4234111309052,8536,7012,11140,-139,-141,-144,7236,-9340,10240,-119,291,-320,-13816,3992,6040,-822,-100,-170,-13808,-5376,6172,-294,140,-279,0
742.4571390151978,8632,7036,10936,-225,-135,-116,7224,-9244,10440,-153,284,-324,-13376,4052,5764,-831,-37,-133,-13764,-5368,6176,-307,151,-208,0
742.4905920028687,8484,7016,11072,-193,-116,-31,7252,-9468,10332,-97,191,-287,-13568,4140,5640,-935,92,-147,-13876,-5148,6412,-356,187,-132,0
742.5237691402435,8500,6948,11092,-195,-111,98,7296,-9432,9996,-89,70,-266,-13452,4236,5752,-947,223,-109,-13920,-5060,6172,-440,252,22,0
742.5574340820312,8648,6784,11096,-167,-163,235,7392,-9476,10120,-126,-37,-211,-13692,4260,5632,-1020,291,-17,-14100,-5036,6296,-467,207,151,0
742.5909969806671,8756,6792,11056,-265,-112,316,7612,-9440,9884,-132,-21,-94,-13792,4268,5456,-1042,329,109,-14072,-5060,6476,-488,248,103,0
742.6244471073151,8808,6752,11024,-248,41,270,7516,-9692,10196,-112,43,32,-13788,4264,5768,-1007,207,131,-13996,-5060,6392,-515,-91,-23,0
742.6577570438385,8740,6688,11224,-160,179,241,7524,-9540,10016,-40,104,107,-13824,4348,5876,-993,75,127,-13896,-5244,6200,-602,-118,-94,0
742.6912260055542,8564,6828,11024,-113,154,187,7472,-9480,10116,-93,134,8,-13676,3980,5860,-972,249,69,-13644,-5332,6320,-501,-34,-150,0
742.7249069213867,8424,6860,11224,-122,0,85,7392,-9528,10324,-53,500,-166,-13684,3968,5860,-942,26,-23,-13744,-5408,6244,-437,143,-169,0
742.7581369876862,8544,7156,10992,-151,-41,-13,7360,-9436,10268,-61,176,-261,-13692,3960,5860,-932,40,-115,-13860,-5524,6176,-402,212,-194,0
742.7916150093079,8596,7080,11120,-210,-34,-30,7320,-9412,10380,-90,226,-298,-13720,3932,6000,-882,1,-92,-13884,-5516,6044,-341,207,-135,0
742.8252000808716,8544,6996,11084,-264,-63,-56,7656,-9368,10468,-89,178,-353,-13684,4132,5780,-924,104,-172,-13852,-5328,6316,-317,179,-131,0
742.8588030338287,8596,6892,11128,-217,-65,-44,7556,-9440,10192,4,164,-320,-13856,4184,5800,-882,105,-118,-13972,-5400,6252,-253,53,-264,0
742.8966820240021,8896,6900,11308,-186,94,-187,7556,-9244,10464,254,390,-240,-13732,4212,6228,-910,-365,-59,-13844,-5420,6460,-362,59,-392,0
742.9443590641022,8688,7152,11196,-209,92,-154,7232,-9400,10348,-90,410,-59,-13640,4284,5832,-942,-204,60,-14036,-5188,6324,-550,53,-144,0
742.989737033844,8596,6964,11108,-191,76,140,7316,-9652,10124,-141,51,-77,-13512,4148,5512,-962,228,74,-13780,-5020,5948,-388,-2,15,0
743.0274019241333,8540,6796,11124,-220,6,271,7448,-9476,9976,-113,-86,-63,-13476,4148,5740,-1011,315,56,-13544,-5028,6196,-541,115,78,0
743.061233997345,8292,6424,11008,-189,-87,343,7288,-9472,10020,-115,-131,-73,-13504,4256,5696,-1057,271,-37,-13444,-5068,6480,-626,229,31,0
743.0948119163513,8204,6520,11208,-52,-100,359,7208,-9680,9912,6,-61,-77,-13624,4536,5488,-1188,289,-135,-13956,-4980,6692,-613,163,-86,0
743.1284239292145,8572,6584,11424,-255,22,197,7472,-9676,9944,146,30,-88,-13668,4124,5656,-1149,151,-67,-13900,-5368,6552,-516,34,-213,0
743.1617710590363,8416,6856,11296,-52,137,36,7380,-9652,10252,64,0,-89,-13728,4284,5656,-933,-34,-120,-13780,-5372,6432,-504,136,-287,0
743.1954281330109,8356,6944,11376,-75,28,-19,7252,-9624,10260,36,280,-247,-13636,4228,5640,-915,-43,-490,-13776,-5336,6616,-522,244,-272,0
743.2292590141296,8316,6936,11028,-17,-157,-245,7132,-9424,10276,-86,244,-343,-13740,3968,5904,-1024,32,-319,-13784,-5480,6288,-529,369,-180,0
743.2628810405731,8344,6992,11180,-108,-293,33,7300,-9320,10420,-73,10,-514,-13588,3992,5816,-1034,0,-340,-13908,-5468,6412,-401,450,-24,0
743.2964820861816,8588,7016,10992,-89,-355,94,7404,-9368,10456,-56,-94,-495,-13712,4084,6008,-937,367,-315,-13960,-5232,6224,-442,418,27,0
743.3299870491028,8636,6916,11184,-160,-301,218,7348,-9420,10116,-15,-126,-401,-13688,4260,5852,-921,337,-143,-13952,-5216,6240,-486,327,84,0
743.3634791374207,8756,6840,11024,-173,-129,278,7428,-9340,10128,-56,-132,-200,-13700,3992,6076,-1014,274,-16,-13648,-5628,6384,-454,191,13,0
743.4002311229706,8544,6836,11488,-168,-50,205,7540,-9428,10016,-34,-27,-151,-13780,4100,5996,-994,272,-89,-13920,-5612,6348,-503,94,-109,0
743.4355571269989,8624,6988,11044,-159,17,141,7524,-9392,10260,-94,114,-162,-14068,3980,5892,-967,133,-63,-13932,-5452,6208,-511,72,-73,0
743.4718151092529,8664,7016,11324,-214,-24,117,7496,-9408,10216,-107,188,-181,-13648,3932,5776,-946,165,-72,-13904,-5608,6092,-458,202,-25,0
743.5074939727783,8204,7004,11192,-241,-92,120,7460,-9452,10280,-73,74,-210,-13664,4168,5884,-1008,309,-130,-13980,-5380,6344,-372,248,47,0
743.5428049564362,8516,6968,11212,-291,-154,181,7396,-9380,10108,-110,14,-300,-13748,4260,5864,-992,383,-91,-13900,-5308,6356,-360,304,95,0
743.5788309574127,8428,6840,11344,-373,-508,179,7236,-9572,10000,-127,40,-334,-13592,4164,5624,-948,404,-165,-13612,-5184,6308,-357,314,187,0
743.6145441532135,8352,6700,11240,-361,-330,235,7368,-9676,10108,-54,-73,-362,-13616,4260,5728,-1018,398,-271,-13712,-5012,6644,-332,432,116,0
743.6498579978943,8552,6692,11204,-352,-270,233,7404,-9584,9756,-52,-11,-348,-13740,4096,5612,-1001,401,-160,-13976,-5004,6376,-377,311,133,0
743.6850481033325,8504,6440,11232,-382,-220,289,7464,-9620,10072,-29,17,-232,-13700,4384,5784,-1054,334,-162,-14044,-5024,6436,-429,231,65,0
743.7203600406647,8464,6584,11412,-298,-243,265,7620,-9732,10044,31,35,-237,-13840,4212,5376,-1269,305,-202,-14012,-5172,6372,-467,511,-11,0
743.7558701038361,8608,6832,11204,-207,-182,216,7504,-9372,9988,-71,167,-234,-13856,3852,5520,-940,194,-194,-14244,-5196,6240,-480,183,-8,0
743.7919421195984,8740,6800,11180,-246,-134,186,7616,-9428,10220,-54,264,-173,-13864,4096,5616,-1041,120,-105,-13888,-5204,6236,-522,197,-94,0
743.8278131484985,8584,6664,11092,-285,-164,148,7648,-9336,10420,75,118,-210,-13748,3900,5576,-1044,147,-177,-13808,-5136,6160,-431,216,-70,0
743.8635580539703,8672,6884,11020,-193,-180,100,7444,-9268,10152,6,158,-271,-13736,3872,5808,-959,136,-236,-13960,-5320,6224,-425,507,-98,0
743.898756980896,8648,6872,11124,-1,-250,80,7636,-9368,10228,-36,179,-363,-13736,4052,5780,-943,169,-230,-13896,-5084,6288,-386,323,-28,0
743.9343929290771,8788,6736,11212,-301,-268,89,7568,-9404,10216,0,113,-280,-13768,4088,5676,-1034,203,-117,-14036,-5016,5920,-393,224,-27,0
743.9706370830536,8668,6808,11080,-251,-206,188,7544,-9388,10208,21,47,-203,-13768,4068,5652,-1008,189,-151,-13868,-5048,6272,-435,128,-15,0
744.0057311058044,8508,6720,11088,-220,-144,200,7532,-9536,10120,-256,251,-164,-13804,4048,5708,-955,176,-83,-13956,-5160,6308,-478,161,-43,0
744.043242931366,8896,6860,11116,-208,-151,195,7564,-9580,10188,-10,30,-147,-13792,4304,5872,-927,136,-106,-14060,-5060,6248,-482,189,-37,0
744.0770449638367,8628,6592,11284,-222,-171,223,7492,-9728,9764,-23,177,-212,-13824,4196,5408,-1025,191,-99,-13896,-4924,6612,-508,203,-25,0
744.1105420589447,8728,6496,11308,-176,-87,197,7652,-9264,10072,15,166,-170,-13900,4232,5556,-1053,191,-114,-13916,-5112,6268,-575,219,-78,0
744.1439111232758,8732,6412,11132,-147,-151,152,7532,-9492,10136,5,31,-225,-14036,4036,5752,-969,142,-125,-13924,-5032,6168,-541,216,-71,0
744.1774599552155,8616,6584,10832,-156,-152,152,7424,-9524,10036,-53,211,-231,-13848,4156,5568,-1016,122,-105,-13960,-5172,6228,-505,238,-81,0
744.2106659412384,8700,6596,11172,-171,-119,136,7664,-9444,10112,-36,110,-222,-13916,3984,5492,-988,114,-105,-14148,-5092,6260,-764,181,-131,0
744.2442729473114,8824,6704,11204,-180,-62,102,7880,-9472,10028,-47,124,-202,-13948,4072,5604,-974,99,-91,-14060,-4896,6228,-462,159,-116,0
744.2780630588531,8668,6624,11256,-147,-25,96,7488,-9340,10148,-72,162,-194,-13936,3988,5544,-988,56,-112,-13984,-5072,6296,-260,158,-134,0
744.3116040229797,8784,6588,11136,-125,-74,84,7604,-9472,10380,-63,135,-179,-13796,3996,5664,-1012,60,-73,-14068,-5216,6060,-497,157,-148,0
744.3452770709991,8808,6752,11168,-139,-22,73,7612,-9384,10100,-64,102,-177,-13924,4148,5624,-1002,84,-72,-14036,-5060,6268,-495,143,-139,0
744.378998041153,8652,6832,11096,-120,-38,110,7592,-9388,10120,-55,94,-166,-13796,3968,5716,-1027,71,-49,-14068,-5148,6060,-528,158,-137,0
744.4121301174164,8664,6756,11108,-127,-46,102,7508,-9424,10120,-59,99,-206,-13884,3984,5596,-1019,101,-79,-14024,-5156,6296,-500,215,-123,0
744.4458041191101,8696,6760,11064,-128,-121,76,7532,-9328,10184,-68,94,-225,-13804,3936,5796,-986,138,-115,-14028,-5128,6160,-467,194,-101,0
744.4792830944061,8728,6720,11104,-133,-100,85,7660,-9296,10228,-103,45,-224,-13796,3980,5752,-943,92,-102,-14048,-5064,6228,-762,147,-117,0
744.5129201412201,8712,6692,11172,-143,-103,90,7536,-9404,10140,-104,121,-163,-13884,4168,5920,-861,47,-49,-14036,-4996,6300,-760,162,-108,0
744.5466821193695,8640,6668,11488,-146,-96,80,7572,-9536,10216,-16,95,-174,-13996,3896,5388,-1014,75,-78,-14020,-5104,6276,-485,180,-100,0
744.5801711082458,8672,6844,11212,-82,-100,77,7424,-9480,10172,-56,108,-186,-13820,4152,5820,-960,83,-44,-14044,-4972,6352,-504,93,-115,0
744.613697052002,8728,6684,11060,-118,-84,56,7608,-9504,9960,-81,177,-203,-13844,4072,5512,-926,39,-123,-13864,-4952,6208,-460,157,-124,0
744.6470050811768,8708,6620,11192,-125,-78,68,7540,-9596,9996,-67,131,-205,-13620,4096,5624,-993,84,-86,-13904,-5020,6188,-522,178,-146,0
744.6806049346924,8816,6500,11244,-52,-112,113,7624,-9624,9912,16,98,-213,-13792,4196,5624,-1090,83,-135,-13992,-5096,6312,-529,162,-114,0
744.7141571044922,8608,6692,11020,-75,-87,96,7560,-9428,10140,-12,59,-199,-13668,4112,5396,-1002,67,-59,-14052,-5128,6272,-490,120,-159,0
744.7477180957794,8792,6748,11332,-105,-24,65,7716,-9500,10092,-76,161,-166,-13920,4044,5664,-975,32,-61,-14096,-5040,6168,-468,105,-188,0
744.7813429832458,8816,6664,11164,-93,-43,77,7640,-9448,10012,-35,161,-136,-13708,4152,5472,-1262,56,-79,-13788,-5024,6184,-262,156,-173,0
744.8148670196533,8576,6640,11132,-77,-106,123,7532,-9220,10028,8,86,-215,-13668,3956,5524,-1054,113,-163,-13968,-5148,6168,-549,188,-103,0
744.848461151123,8696,6804,11032,-60,-156,111,7468,-9264,10136,-42,69,-226,-13732,3956,5884,-1034,116,-169,-14108,-5252,6264,-488,203,-156,0
744.8818860054016,8720,6796,11500,-108,-93,58,7624,-9372,10148,-98,104,-207,-13884,3988,5804,-968,20,-86,-14036,-4964,6192,-488,156,-127,0
744.9152510166168,8536,6728,11100,-106,-80,85,7588,-9696,10096,-42,123,-178,-13832,4052,5524,-999,56,-68,-13844,-5040,6196,-553,158,-139,0
744.9489159584045,8472,6784,11156,-81,-144,113,7524,-9388,10048,-24,75,-217,-13800,4008,5556,-960,103,-122,-13948,-5172,6188,-527,185,-113,0
744.9826009273529,8616,6700,10952,-80,-130,122,7824,-9368,10076,-4,96,-206,-13784,4112,5540,-1037,134,-99,-13892,-5152,6152,-497,171,-91,0
745.0162401199341,8672,6860,11172,-118,-77,96,7896,-9636,10052,-77,98,-172,-13868,4024,5716,-963,91,-84,-13996,-5212,6212,-492,141,-105,0
745.0496561527252,8692,6744,11116,-134,-77,69,7472,-9460,10256,-73,133,-184,-13796,4112,5632,-952,80,-82,-13908,-5092,6016,-478,130,-96,0
745.0858790874481,8596,6744,11384,-131,-96,103,7696,-9420,10224,-52,109,-187,-13840,4112,5472,-995,89,-74,-13848,-5116,6344,-506,190,-120,0
745.1216731071472,8680,6780,11224,-133,-84,95,7868,-9440,10100,-36,107,-190,-13724,4132,5656,-1002,100,-74,-13852,-5048,6176,-503,166,-159,0
745.1576020717621,8668,6732,11188,-139,-69,93,7624,-9372,9940,-49,98,-158,-13820,4048,5740,-869,58,-30,-13832,-5108,6240,-512,149,-116,0
745.1929421424866,8752,6744,11020,-131,-55,120,7712,-9552,10120,-48,132,-183,-13748,4076,5840,-1008,137,-80,-13908,-5196,6184,-509,166,-100,0
745.2292809486389,8640,6756,11008,-131,-69,108,7680,-9396,10084,-52,124,-202,-13792,4056,5748,-989,111,-95,-14020,-5164,6244,-489,154,-112,0
745.2650179862976,8912,6764,11024,-135,-77,104,7696,-9500,10016,-59,224,-180,-13848,4052,5516,-772,77,-74,-13992,-5148,6084,-496,140,-104,0
745.3005061149597,8732,6700,11088,-173,-53,84,7720,-9532,9984,-1,122,-175,-13748,4304,5508,-1002,85,-82,-13968,-5308,6264,-497,140,-77,0
745.3358600139618,8612,6728,11284,-152,-53,115,7632,-9420,10188,-29,157,-156,-14064,4280,5732,-1009,111,-97,-13984,-5176,6132,-473,124,-133,0
745.3712599277496,8708,6860,11464,-179,-62,85,7648,-9476,10116,-68,149,-171,-13644,4160,5604,-952,90,-119,-13932,-4880,6196,-491,180,-111,0
745.4076521396637,8792,6668,10844,-193,-73,98,7568,-9472,9988,-23,159,-200,-13588,4084,5532,-1276,133,-119,-14004,-4916,6268,-489,220,-96,0
745.4428000450134,8624,6856,11036,-161,-77,136,7500,-9368,9964,19,136,-181,-14048,4016,5556,-1009,111,-90,-13968,-5092,6212,-480,155,-72,0
745.4786441326141,8632,6708,11060,-191,-107,143,7580,-9480,10036,-62,138,-167,-13780,4316,5548,-1001,158,-76,-13956,-5216,6116,-473,146,-35,0
745.5137510299683,8592,6732,11212,-235,-129,157,7568,-9512,10076,-39,177,-222,-13836,3944,5480,-992,147,-126,-13836,-5224,6276,-465,204,-48,0
745.5497961044312,8564,6716,11144,-215,-132,156,7620,-9496,10076,-6,149,-200,-13836,4124,5756,-998,167,-112,-14012,-4912,6248,-487,223,-69,0
745.5853750705719,8668,6796,11132,-205,-173,128,7620,-9476,10048,18,146,-239,-13768,3844,5708,-990,156,-179,-13980,-5076,6136,-501,209,-48,0
745.6208839416504,8756,6656,11512,-170,-147,152,7644,-9376,10092,-12,143,-207,-13780,4004,5632,-997,182,-97,-13988,-5172,6280,-493,199,-63,0
745.6561379432678,8916,6760,11272,-209,-185,162,7564,-9536,10024,-9,159,-209,-13896,4056,5412,-983,207,-170,-13984,-5004,6248,-450,213,-63,0
745.691859960556,8836,6748,11104,-199,-170,143,7668,-9692,10048,-8,166,-210,-13936,4296,5428,-986,140,-121,-13980,-5104,6068,-495,206,-79,0
745.7283101081848,8784,6408,11084,-183,-156,159,7908,-9492,10096,-5,165,-194,-13864,3988,5636,-1005,143,-84,-14020,-5048,5940,-480,203,-63,0
745.761873960495,8796,6632,11216,-217,-158,149,7636,-9516,10072,-4,167,-194,-13876,3948,5708,-989,139,-151,-13848,-4992,6072,-485,144,-69,0
745.795352935791,8664,6700,11088,-221,-166,128,7692,-9424,10028,-42,159,-203,-13892,3980,5632,-989,112,-134,-13940,-5120,6160,-475,180,-91,0
745.829020023346,8696,6652,11088,-221,-176,145,7548,-9448,10052,14,155,-192,-14076,3844,5496,-999,136,-116,-14072,-5064,6240,-446,165,-72,0
745.8626170158386,8716,6660,11200,-224,-177,147,7708,-9432,10220,-7,180,-207,-13612,3988,5844,-1008,106,-64,-13968,-5000,6052,-440,178,-56,0
745.8962500095367,8748,6720,11184,-220,-176,120,7572,-9372,10008,15,151,-205,-13852,4328,5676,-994,145,-115,-13936,-4868,6196,-470,177,-80,0
745.929899930954,8772,6448,11040,-189,-142,130,7604,-9652,10164,-13,155,-221,-13592,4016,5600,-1280,124,-107,-14060,-5044,6180,-480,184,-82,0
745.9635999202728,8768,6676,11220,-177,-162,153,7560,-9392,10208,7,117,-216,-13820,4016,5648,-1277,146,-128,-14008,-4992,6176,-486,176,-60,0
745.9972290992737,8952,6692,11144,-206,-142,151,7432,-9336,10040,-29,116,-225,-13780,4060,5552,-770,164,-137,-14044,-5120,6188,-491,181,-56,0
746.0308361053467,8760,6640,11168,-175,-162,153,7500,-9420,9976,-41,19,-245,-13800,4100,5560,-772,153,-110,-14040,-5048,6040,-498,133,-86,0
746.0643980503082,8788,6636,11092,-152,-95,134,7928,-9708,10040,-43,135,-176,-13880,3876,5568,-1272,116,-44,-13872,-4920,5936,-497,152,-111,0
746.0975611209869,8772,6496,10832,-162,-67,110,7636,-9336,10016,-16,120,-183,-13848,4004,5608,-1033,98,-93,-13992,-5132,6224,-490,168,-125,0
746.1310150623322,8748,6736,11204,-117,-25,102,7644,-9304,10064,-74,129,-169,-13904,3944,5568,-970,88,-72,-14040,-5060,6128,-484,132,-143,0
746.1644740104675,8736,6544,11200,-139,-69,78,7640,-9440,10060,-54,169,-155,-13928,4060,5472,-965,81,-82,-14044,-4924,6068,-474,167,-178,0
746.1979470252991,8784,6696,11204,-145,-32,80,7704,-9444,10152,-11,90,-193,-14036,4000,5812,-1026,94,-61,-14184,-4952,6200,-475,146,-151,0
746.2315859794617,8740,6900,11148,-94,-8,74,7608,-9228,10072,-36,136,-141,-13896,4064,5436,-1009,94,-251,-13968,-5152,6116,-504,84,-122,0
746.2652101516724,8756,6592,11244,-133,-10,91,7636,-9412,10396,-71,118,-160,-13844,4060,5600,-980,53,-25,-14036,-5100,6232,-474,103,-155,0
746.2986979484558,8896,6696,11164,-151,-16,71,7596,-9412,10028,-58,183,-154,-14052,4092,5732,-987,64,-92,-14080,-5012,6120,-502,117,-151,0
746.3321580886841,8636,6712,11308,-115,-29,90,7568,-9360,10136,-60,139,-177,-13584,3848,5660,-1000,109,-78,-14080,-5128,6168,-508,136,-134,0
746.3654971122742,8548,6672,11240,-138,-40,86,7560,-9448,10160,-14,102,-165,-13740,4048,5524,-1019,121,-86,-14068,-5104,6252,-483,132,-108,0
746.3989729881287,8940,6864,10984,-112,-19,127,7732,-9504,10092,-50,112,-163,-13852,4116,5720,-1017,137,-18,-14044,-5032,6280,-490,143,-100,0
746.4324569702148,8688,6688,11088,-92,-60,91,7652,-9320,10204,-70,98,-168,-14076,4080,5704,-997,94,-123,-14036,-5056,6272,-510,133,-148,0
746.4657740592957,8832,6668,11168,-117,-47,82,7696,-9508,10172,-60,88,-163,-13776,4124,5584,-1003,90,-126,-14124,-5028,6224,-497,138,-155,0
746.4994819164276,8944,6428,11244,-89,-75,98,7552,-9372,10060,-27,151,-153,-13856,4024,5528,-1001,32,-107,-13992,-5064,6204,-518,151,-146,0
746.5331840515137,8816,6736,10972,-85,-39,101,7716,-9480,10116,-24,125,-158,-13800,3936,5504,-993,40,-53,-13976,-5096,6184,-521,161,-125,0
746.566869020462,8704,6752,11156,-119,-82,89,7700,-9400,10016,-81,104,-185,-13876,4032,5548,-970,87,-47,-13928,-5048,5940,-495,107,-134,0
746.6004600524902,8724,6644,11240,-90,-81,124,7916,-9280,10100,-66,127,-181,-13812,4108,5436,-964,53,-51,-14136,-4872,6236,-503,102,-151,0
746.6337850093842,8776,6688,11080,-94,-23,70,7540,-9540,10076,-20,166,-172,-13816,4344,5560,-1015,-9,-88,-13992,-5304,6240,-461,128,-153,0
746.6674649715424,8664,6732,11168,-113,-35,92,7528,-9472,10016,5,157,-138,-13756,4080,5692,-964,67,-104,-13960,-5176,6220,-482,120,-103,0
746.7009079456329,8692,6748,11204,-19,-67,65,7608,-9360,10064,-98,126,-170,-13852,4104,5596,-980,86,-73,-14012,-5092,6100,-517,144,-173,0
746.7343330383301,8716,6748,11108,-122,-103,83,7564,-9568,10172,-49,103,-193,-13816,3868,5868,-996,110,-96,-14028,-5180,6200,-495,155,-166,0
746.7717471122742,8712,6748,10832,-66,-59,99,7664,-9400,10068,-17,102,-147,-14044,3888,5512,-1276,92,-60,-13888,-4900,6144,-502,104,-136,0
746.8076369762421,8720,6900,11348,-53,6,115,7552,-9404,10120,-28,91,-131,-13784,3960,5868,-997,74,-67,-14008,-5104,6236,-523,100,-137,0
746.8428170681,8644,6716,11148,-58,-38,104,7492,-9248,10380,-79,155,-142,-13908,4092,5656,-966,50,-88,-13976,-5180,6200,-515,141,-150,0
746.879152059555,8632,6780,11300,-125,-78,88,7692,-9236,10224,-35,171,-183,-13772,4000,5604,-977,89,-64,-13964,-5172,6212,-496,147,-152,0
746.9144201278687,8612,6780,11120,-97,-69,95,7524,-9432,10032,-18,107,-199,-13588,4164,5668,-1065,128,-93,-14040,-5108,6272,-494,151,-106,0
746.9498829841614,8716,6648,11236,-129,-110,83,7648,-9536,9900,-21,219,-241,-14060,4016,5680,-1001,102,-81,-13984,-4968,6304,-497,132,-151,0
746.9854090213776,8512,6676,11452,-89,-43,95,7632,-9408,10216,-37,163,-174,-13576,4056,5360,-1011,99,-111,-13936,-4872,6144,-503,165,-151,0
747.0209770202637,8712,6676,11148,-105,-62,87,7628,-9496,10176,-26,125,-193,-13772,4036,5584,-1015,77,-107,-13928,-5024,6224,-486,165,-157,0
747.056235074997,8944,6764,11064,-139,-83,91,7672,-9460,10104,-46,115,-179,-13864,4080,5632,-980,57,-89,-13904,-5068,6184,-499,172,-149,0
747.0924761295319,8720,6708,11032,-85,-100,91,7616,-9456,10140,-69,152,-191,-13588,3984,5656,-981,55,-114,-13968,-5164,6148,-489,133,-142,0
747.1280701160431,8908,6808,11244,-114,-72,90,7568,-9488,10112,-40,133,-179,-13780,4340,5688,-994,112,-63,-13988,-5080,6224,-487,135,-141,0
747.1630799770355,8692,6780,11132,-131,-67,93,7580,-9440,10128,-61,117,-191,-13704,4072,5632,-1003,80,-103,-13928,-5112,6268,-481,175,-101,0
747.1986539363861,8600,6656,11072,-107,-49,100,7632,-9492,9992,-55,19,-151,-13828,4092,5868,-1007,101,-32,-13952,-5160,6220,-262,136,-114,0
747.2341589927673,8936,6756,11032,-104,-45,139,7648,-9532,10124,-66,99,-162,-13780,3996,5548,-1003,137,-47,-13964,-5072,6012,-509,152,-103,0
747.2707040309906,8612,6708,11128,-136,-79,120,7588,-9252,10068,-34,121,-175,-13836,4320,5400,-991,139,-126,-13916,-5076,6232,-482,153,-110,0
747.3061759471893,8680,6716,11244,-152,-75,122,7760,-9232,9960,-25,135,-177,-13760,4044,5740,-1012,139,-84,-14060,-5188,6308,-502,148,-137,0
747.3418419361115,8948,6684,11100,-151,-91,96,7568,-9496,10044,-2,135,-201,-13876,3892,5700,-977,130,-81,-13916,-5084,6308,-491,204,-101,0
747.3777711391449,8712,6796,11244,-159,-52,106,7672,-9388,10156,253,174,-181,-13876,4108,5624,-986,131,-70,-14040,-5164,6152,-480,185,-92,0
747.4138190746307,8528,6744,11272,-165,-123,116,7572,-9460,9980,-6,147,-201,-13784,4076,5428,-994,158,-128,-13916,-5352,6276,-461,165,-90,0
747.4473600387573,8648,6752,11044,-174,-133,115,7448,-9640,10012,-40,149,-203,-13836,4032,5596,-978,139,-136,-14068,-5064,6084,-476,165,-94,0
747.4805390834808,8656,6848,11120,-170,-111,118,7668,-9408,10144,-19,174,-189,-13748,3992,5696,-986,127,-103,-14008,-5192,6396,-484,186,-82,0
747.5139100551605,8620,6772,11148,-174,-117,129,7588,-9464,10060,-16,152,-218,-13816,4076,5568,-983,124,-107,-14068,-4880,6296,-486,200,-84,0
747.5475490093231,8464,6840,11148,-198,-121,146,7592,-9716,10164,-28,170,-212,-13816,4104,5668,-966,160,-110,-13948,-5116,6396,-479,212,-68,0
747.5811049938202,8484,6724,11492,-184,-135,142,7648,-9492,10132,-17,149,-217,-13824,4012,5592,-995,157,-128,-14048,-5032,6236,-477,211,-81,0
747.6144621372223,8624,6724,11196,-189,-148,143,7628,-9700,10388,0,139,-227,-14064,4092,5772,-990,192,-135,-13924,-5184,6192,-498,225,-75,0
747.6477570533752,8608,6776,11072,-209,-148,116,7552,-9336,10012,-18,178,-209,-13792,3840,5572,-978,146,-108,-13952,-5108,6292,-469,202,-64,0
747.6811430454254,8780,6720,11076,-196,-158,156,7616,-9420,10124,-32,147,-194,-13832,4048,5848,-971,163,-100,-14052,-4940,6240,-495,150,-62,0
747.7145309448242,8780,6684,11056,-193,-121,122,7596,-9580,10072,9,185,-187,-13612,4004,5608,-1011,124,-110,-13952,-5084,6312,-489,155,-94,0
747.7481620311737,8588,6676,11188,-228,-135,151,7604,-9232,10136,25,170,-194,-13792,4088,5424,-1011,152,-123,-14268,-5144,6184,-470,170,-73,0
747.781830072403,8688,6808,11204,-153,-130,114,7608,-9404,10072,-36,165,-187,-13944,3936,5648,-964,146,-116,-13840,-4868,5932,-496,187,-91,0
747.8153369426727,8692,6660,11092,-210,-154,126,7544,-9432,9976,-4,228,-245,-13776,4032,5408,-982,171,-124,-14040,-4876,6148,-436,266,-83,0
747.8489799499512,8780,6736,11180,-212,-170,165,7588,-9468,10044,34,122,-199,-13872,4060,5328,-1028,175,-96,-14028,-5052,6196,-468,180,-54,0
747.882481098175,8776,6700,11184,-205,-99,175,7428,-9428,10056,18,136,-177,-13760,4028,5680,-967,138,-48,-14060,-4988,6096,-443,107,-108,0
747.9190199375153,8832,6768,11152,-204,-122,149,7600,-9416,10068,-24,152,-189,-13856,4136,5492,-771,142,-86,-14024,-4896,6300,-473,142,-72,0
747.9531140327454,8792,6660,11160,-183,-128,126,7564,-9688,10028,-20,168,-170,-13824,4020,5572,-1004,169,-104,-14048,-5008,6148,-475,161,-109,0
747.9868819713593,8728,6612,11112,-148,-165,142,7664,-9428,10088,-252,142,-216,-13760,4124,5444,-1034,163,-148,-14020,-4948,6236,-445,191,-84,0
748.0204501152039,8900,6496,11012,-178,-176,155,7660,-9376,10012,1,111,-212,-13620,4012,5872,-1035,188,-129,-13932,-4964,6240,-485,180,-74,0
748.0539009571075,8500,6720,11220,-176,-146,147,7908,-9312,10148,-30,118,-230,-13832,4000,5608,-1023,154,-119,-14044,-5056,6080,-474,174,-80,0
748.0874741077423,8788,6640,11112,-159,-145,153,7932,-9388,10088,-18,134,-205,-13912,3860,5528,-1008,139,-134,-14056,-5044,6256,-494,208,-77,0
748.1210451126099,8740,6844,11456,-132,-83,124,7632,-9448,10108,-6,104,-189,-13852,4048,5572,-1032,132,-114,-14120,-5060,5972,-509,183,-108,0
748.1542041301727,8848,6620,11112,-118,-90,121,7428,-9324,10024,-37,110,-202,-13904,4016,5632,-1019,98,-62,-14136,-5068,6056,-504,115,-120,0
748.1877279281616,8740,6760,11144,-125,-44,107,7596,-9296,9784,-50,115,-175,-13856,4012,5572,-1004,55,-85,-14088,-4908,5920,-494,120,-144,0
748.2213070392609,8828,6636,11060,-135,-43,65,7732,-9276,10088,-51,144,-157,-13844,4024,5676,-1002,70,-71,-13968,-4948,6168,-483,122,-131,0
748.2548160552979,8884,6880,10848,-146,-35,93,7612,-9452,10032,-62,163,-153,-13820,4052,5572,-985,54,-62,-14048,-5060,6012,-484,130,-172,0
748.2884941101074,8768,6768,11140,-130,7,89,7916,-9372,10172,-30,134,-158,-13628,3892,5592,-1012,91,-47,-14064,-5004,6168,-508,124,-130,0
748.3219389915466,8708,6688,11128,-114,-34,98,7572,-9712,10120,-26,90,-193,-14064,4028,5836,-1276,91,-83,-13876,-5376,6200,-527,158,-121,0
748.3554999828339,8572,6772,11120,-106,-62,97,7640,-9492,10200,-31,121,-210,-13836,4024,5700,-1277,132,-88,-13944,-5056,6180,-504,171,-110,0
748.3891739845276,8756,6712,11192,-103,-66,100,7660,-9388,10052,-38,131,-173,-13812,4060,5584,-989,101,-104,-14072,-5332,6344,-766,144,-145,0
748.4223549365997,8808,6696,11024,-94,-51,78,7580,-9488,10052,-47,124,-162,-13972,4132,5736,-1019,99,-62,-14320,-5104,6304,-525,88,-167,0
748.4596240520477,8776,6672,11212,-92,-13,79,7640,-9404,10032,-24,132,-139,-13864,4304,5636,-1021,20,-10,-13928,-5016,6256,-508,111,-162,0
748.4955711364746,8632,6748,11052,-101,-16,84,7600,-9408,10012,-35,109,-138,-13884,3932,5528,-1008,63,-42,-14020,-5084,6160,-519,64,-185,0
748.5318710803986,8716,6760,11024,-57,-67,66,7520,-9436,10152,-52,123,-172,-13760,4028,5612,-1001,60,-71,-14256,-5104,6168,-520,152,-152,0
748.5676500797272,8664,6716,11124,-128,-56,86,7436,-9392,9948,-28,163,-204,-13880,4332,5536,-964,75,-68,-14136,-4924,6184,-498,148,-147,0
748.6033461093903,8840,6712,11116,-85,-62,112,7708,-9536,9848,-44,159,-161,-14008,4116,5784,-990,73,-32,-14028,-4940,6164,-262,125,-173,0
748.6391339302063,8680,6744,11072,-103,-37,104,7868,-9456,10184,-49,88,-165,-13596,3952,5616,-1007,32,-75,-13968,-5160,6452,-767,105,-173,0
748.6742260456085,8624,6872,11112,-123,-60,93,7640,-9480,10184,-38,127,-163,-13828,4052,5620,-999,65,-82,-13940,-5216,6172,-513,118,-170,0
748.7106990814209,8704,6716,11192,-71,-54,89,7596,-9444,10076,-48,108,-165,-13592,4348,5732,-1011,36,-53,-13900,-4904,6232,-524,127,-167,0
748.7460460662842,8688,6712,11160,-107,-67,95,7596,-9384,10164,-17,104,-179,-13772,4068,5588,-977,78,-108,-13948,-5088,6360,-520,165,-148,0
748.7819049358368,8828,6768,11120,-95,-93,100,7528,-9444,10156,-25,136,-214,-13832,4048,5584,-1020,79,-70,-14012,-5060,6160,-526,157,-156,0
748.8174850940704,8632,6804,11332,-114,-78,75,7640,-9352,10136,-40,142,-195,-14056,4304,5580,-1005,74,-145,-13984,-5104,6204,-508,166,-135,0
748.8527190685272,8476,6796,11232,-99,-73,65,7900,-9436,10064,-36,122,-194,-13636,4028,5556,-1036,106,-112,-14016,-5144,6172,-489,141,-124,0
748.8887300491333,8688,6684,11312,-94,-92,99,7640,-9436,10148,-24,83,-185,-13856,3992,5544,-1280,115,-71,-14028,-5140,6204,-499,136,-88,0
748.9241819381714,8700,6732,11200,-111,-76,124,7680,-9436,10016,-34,101,-190,-13832,4068,5540,-991,102,-85,-14028,-5044,6152,-514,134,-163,0
748.9595370292664,8752,6744,11180,-97,-52,87,7600,-9416,9852,-56,152,-175,-13608,3852,5536,-992,96,-83,-14056,-5360,6392,-503,157,-134,0
748.9948029518127,8700,6752,11040,-136,-85,93,7608,-9220,10084,-22,140,-165,-13836,4088,5392,-999,95,-92,-14044,-5104,6236,-505,131,-154,0
749.0303370952606,8468,6692,11172,-107,-37,86,7652,-9468,10200,-32,124,-165,-13840,4076,5556,-1045,92,-101,-14040,-5152,6232,-490,134,-107,0
749.0652639865875,8748,6788,11180,-110,-78,89,7628,-9524,10084,-21,134,-178,-13760,4032,5820,-1014,91,-78,-13972,-5168,6176,-521,160,-148,0
749.1015441417694,8732,6832,11148,-114,-73,98,7460,-9516,10068,-42,125,-201,-13740,4064,5472,-1003,128,-99,-14012,-5168,6184,-505,193,-84,0
749.1350169181824,8720,6812,11144,-139,-95,96,7512,-9444,10168,-49,125,-199,-13588,4032,5644,-990,97,-117,-13956,-5052,6168,-476,165,-92,0
749.168576002121,8668,6792,11128,-109,-86,81,7636,-9428,10072,-72,116,-147,-13904,3884,5412,-983,109,-56,-13972,-5056,6188,-524,106,-103,0
749.2021119594574,8584,6752,11032,-141,-62,93,7616,-9480,10100,-23,134,-158,-14004,4044,6100,-1002,70,-56,-14000,-5080,6440,-516,147,-149,0
749.2356131076813,8664,6832,11172,-158,-30,107,7676,-9384,10000,21,126,-153,-13828,4000,5728,-1008,119,-67,-13996,-5168,6308,-496,137,-141,0
749.269278049469,8708,6812,11032,-141,-74,99,7684,-9452,10120,-63,168,-166,-13868,3976,5644,-962,78,-88,-13940,-5116,6216,-488,163,-99,0
749.3028559684753,8948,6696,11092,-181,-59,85,7640,-9456,10064,-27,149,-185,-13784,4080,5868,-996,101,-133,-14008,-5120,6372,-489,183,-120,0
749.3362410068512,8496,6696,11224,-152,-80,132,7612,-9472,9996,-252,173,-202,-13612,3856,5668,-770,104,-107,-13888,-5108,6336,-490,171,-108,0
749.3697500228882,8768,6748,11084,-173,-75,116,7592,-9316,9992,251,134,-164,-13816,3968,5468,-993,130,-66,-14020,-5272,5992,-494,151,-97,0
749.4031410217285,8768,6768,11228,-174,-80,107,7660,-9372,10140,-27,142,-183,-13888,4032,5732,-973,119,-89,-14040,-5368,6092,-466,179,-114,0
749.4368591308594,8568,6712,11132,-222,-99,121,7628,-9456,10072,-17,191,-182,-13768,4148,5720,-969,136,-180,-13940,-5140,6376,-479,196,-88,0
749.4700059890747,8664,6704,11100,-195,-102,124,7672,-9444,10008,10,194,-196,-13676,4036,5828,-988,119,-155,-13872,-4896,6344,-466,220,-73,0
749.5035090446472,8668,6744,11188,-234,-138,138,7600,-9332,10036,-8,159,-229,-13776,4000,5540,-983,179,-137,-13980,-5020,6212,-506,244,-40,0
749.5373020172119,8528,6752,11204,-212,-171,163,7580,-9456,10072,-12,147,-208,-13756,4040,5632,-993,160,-142,-14036,-5124,6232,-473,193,-62,0
749.5710489749908,8516,6856,11200,-216,-173,159,7596,-9444,10084,-20,142,-204,-13824,3984,5600,-991,201,-69,-14084,-5056,6204,-451,192,-68,0
749.6047971248627,8708,6800,11140,-201,-155,149,7700,-9460,10084,-32,182,-213,-13872,4104,5556,-995,148,-110,-13940,-4984,6208,-469,190,-62,0
749.6381030082703,8560,6708,11188,-187,-129,163,7600,-9336,10064,254,132,-199,-13876,4032,5860,-1007,157,-141,-13928,-5044,6264,-501,182,-64,0
749.6713960170746,8880,6788,11180,-192,-173,156,7680,-9480,10192,-35,136,-205,-13852,3928,5496,-1023,182,-104,-14072,-5152,6144,-462,149,-70,0
749.7048680782318,8748,6740,11156,-217,-145,159,7576,-9724,10100,-26,156,-220,-13840,4072,5456,-989,166,-118,-14032,-5008,6276,-477,186,-85,0
749.7382810115814,8776,6888,11220,-199,-110,126,7720,-9448,10080,-13,106,-201,-14068,4056,5660,-772,161,-78,-13956,-5132,6096,-464,171,-96,0
749.771763086319,8668,6784,11200,-201,-163,149,7628,-9220,10236,-27,131,-220,-13988,4088,5688,-1025,159,-159,-14264,-5024,6180,-471,178,-62,0
749.8049471378326,8680,6664,11000,-175,-119,131,7720,-9448,10080,19,125,-205,-13876,4016,5608,-776,140,-196,-14016,-4904,6132,-460,182,-84,0
749.8384289741516,8796,6656,11228,-180,-160,126,7620,-9464,10080,14,113,-215,-13876,3988,5408,-997,181,-116,-13936,-5032,6276,-506,149,-111,0
749.8718070983887,8648,6744,11152,-177,-145,135,7640,-9368,10116,21,147,-209,-13844,4052,5652,-1013,175,-118,-13924,-5056,6152,-498,181,-59,0
749.9050130844116,8844,6508,11088,-192,-153,153,7592,-9340,10032,-4,86,-199,-13804,4044,5452,-993,187,-136,-13856,-5044,6244,-486,156,-82,0
749.938591003418,8776,6836,11172,-175,-160,151,7444,-9656,10060,-19,117,-195,-13852,4160,5720,-1014,146,-135,-14184,-5036,6272,-503,133,-103,0
749.9723229408264,8820,6608,11196,-192,-125,134,7924,-9460,10172,20,135,-180,-13872,3936,5504,-1042,133,-84,-13980,-5052,5916,-490,189,-114,0
750.0056490898132,8760,6740,10960,-177,-129,135,7696,-9348,10076,-15,130,-182,-13596,4076,5616,-1001,128,-78,-14032,-5076,6168,-480,143,-97,0
750.0390980243683,8744,6664,11108,-120,-103,106,7900,-9316,10072,-52,149,-217,-13868,4004,5580,-970,137,-116,-13928,-5032,6160,-469,198,-111,0
750.072587966919,8496,6420,10944,-165,-99,108,7604,-9660,10216,-18,40,-220,-13948,4048,5480,-1052,96,-131,-14016,-5060,6220,-499,149,-109,0
750.1054270267487,8848,6740,11188,-119,-68,110,7764,-9408,10012,-10,136,-161,-13904,3988,5580,-1277,76,-69,-14308,-4884,6308,-515,99,-146,0
750.1428999900818,8792,6648,11072,-129,-15,82,7664,-9236,10092,-50,145,-138,-13716,4016,5708,-999,56,-49,-14072,-5084,6340,-475,97,-161,0
750.1776559352875,8772,6640,11032,-122,-4,92,7748,-9364,10164,-87,152,-137,-14080,4000,5552,-982,42,-83,-13948,-5096,6132,-510,157,-143,0
750.2135560512543,8760,6752,11244,-107,-46,69,7592,-9404,10052,-65,108,-162,-13872,3980,5624,-982,78,-97,-14004,-5072,6156,-515,160,-144,0
750.2491841316223,8760,6696,11156,-99,-62,92,7544,-9388,10004,-63,97,-199,-13760,3948,5612,-963,110,-98,-13936,-5100,6292,-503,182,-117,0
750.2844750881195,8680,6712,11300,-76,-66,94,7652,-9420,10016,-50,87,-208,-13904,4080,5668,-958,118,-77,-14000,-5144,6240,-523,143,-114,0
750.3201961517334,8832,6712,11044,-105,-72,90,7612,-9496,10160,-52,130,-180,-13916,4116,5588,-981,85,-48,-13836,-5040,6232,-511,134,-151,0
750.3555400371552,8760,6688,10940,-107,-32,87,7604,-9440,10108,-65,148,-164,-14052,4340,5644,-1005,56,-76,-13880,-5312,6216,-505,126,-171,0
750.3907780647278,8812,6728,11352,-115,-35,55,7596,-9460,10180,-21,127,-158,-13752,3968,5612,-1028,66,-89,-13888,-4996,6164,-515,116,-137,0
750.4259569644928,8700,6816,11208,-90,-26,95,7628,-9368,10052,-43,107,-156,-13832,4040,5584,-987,82,-46,-14008,-5080,6184,-533,111,-131,0
750.4613659381866,8904,6756,11184,-86,-54,71,7624,-9324,10184,-69,109,-187,-13920,4040,5448,-959,58,-92,-14060,-5040,6152,-498,142,-140,0
750.4973239898682,8772,6696,11140,-93,-94,95,7876,-9712,10224,-70,136,-205,-13932,3844,5456,-1036,91,-120,-14084,-5044,6320,-514,136,-157,0
750.532506942749,8756,6768,11044,-108,-76,41,7492,-9420,10000,-27,153,-163,-13860,4120,5448,-994,53,-24,-13996,-5028,6016,-494,123,-168,0
750.5680639743805,8756,6688,11076,-96,-72,94,7668,-9488,10116,-66,122,-187,-14076,4040,5548,-1009,114,-117,-14032,-5128,6348,-502,156,-153,0
750.6039271354675,8624,6668,11020,-64,-59,85,7720,-9428,9912,-8,123,-182,-13884,4048,5408,-1034,86,-98,-14012,-5104,6152,-480,137,-119,0
750.6391849517822,8652,6808,11184,-135,-101,83,7648,-9616,10056,-89,59,-167,-13920,4320,5788,-985,96,-83,-13996,-5092,5968,-768,129,-146,0
750.6745109558105,8700,6776,11384,-101,-71,63,7588,-9532,10012,-71,142,-137,-13900,4080,5656,-1279,92,-112,-13912,-5028,6276,-540,120,-163,0
750.7104260921478,8708,6736,11124,-110,-62,90,7652,-9516,10072,3,138,-157,-13740,3996,5576,-1015,28,-53,-13924,-5100,6272,-527,140,-162,0
750.7458679676056,8528,6776,11076,-45,-51,95,7904,-9336,10204,-33,119,-160,-13904,3912,5472,-1018,59,-23,-14020,-5336,6200,-767,113,-162,0
750.7818830013275,8884,6748,11152,-121,-79,68,7724,-9424,10032,-73,138,-174,-14056,3996,5512,-964,73,-72,-14268,-5000,6188,-494,150,-102,0
750.8154189586639,8808,6732,11152,-126,-36,80,7840,-9452,10108,-35,131,-188,-13908,4076,5772,-979,110,-91,-13968,-4900,6352,-490,158,-182,0
750.8486709594727,8700,6660,11144,-94,-73,105,7720,-9476,10124,-13,93,-152,-13860,3924,5680,-1280,89,-46,-14052,-5096,6292,-767,104,-118,0
750.8820159435272,8640,6792,11216,-111,-55,96,7624,-9448,10212,-52,157,-149,-14068,4344,5380,-997,105,-15,-14008,-5032,6324,-257,98,-112,0
750.9153199195862,8920,6780,11200,-118,-44,78,7500,-9504,10004,-59,185,-148,-13832,3940,5664,-983,81,-84,-13900,-5044,6284,-516,128,-151,0
750.9488220214844,8676,6688,11048,-125,-47,116,7648,-9468,10224,-45,143,-160,-13892,4056,5684,-990,80,-73,-13960,-5072,6200,-507,125,-147,0
750.9823150634766,8712,6684,11372,-116,-46,91,7564,-9484,9880,-29,92,-178,-13740,4004,5628,-1010,104,-71,-13976,-5068,6160,-521,168,-121,0
751.0159809589386,8660,6756,11100,-98,-52,105,7556,-9436,10020,-43,139,-177,-13624,4132,5520,-770,120,-88,-14048,-5296,6376,-509,176,-101,0
751.0494520664215,8712,6752,11108,-116,-85,110,7684,-9396,10016,-25,155,-192,-13932,4012,5612,-965,109,-41,-14300,-5340,6364,-492,164,-133,0
751.0829050540924,8936,6864,11128,-111,-28,121,7564,-9436,10132,-32,125,-179,-13856,4024,5464,-961,95,-84,-13992,-5080,6144,-498,167,-117,0
751.1165120601654,8740,6772,11140,-123,-69,88,7916,-9412,10108,-37,146,-180,-14024,3992,5676,-998,110,-120,-14068,-5332,6296,-490,174,-125,0
751.1499960422516,8752,6832,11164,-144,-66,94,7904,-9400,10064,-73,192,-166,-14036,4020,5664,-769,114,-90,-14244,-5212,6032,-477,142,-126,0
751.1834931373596,8644,7148,11168,-127,-63,123,7676,-9384,10036,-43,118,-188,-13832,3976,5508,-977,106,-57,-13880,-4908,6032,-471,136,-120,0
751.2170400619507,8648,6744,10800,-176,-27,109,7696,-9268,10112,-32,159,-178,-13788,4036,5564,-970,101,-50,-13888,-5144,6264,-486,134,-99,0
751.2505640983582,8704,6740,11112,-152,-55,86,7432,-9440,10104,-15,204,-176,-13804,4020,5556,-983,89,-109,-13944,-5040,6228,-486,162,-89,0
751.2839710712433,8936,6784,11040,-151,-62,105,7544,-9512,9980,13,163,-182,-13768,4108,5536,-992,94,-136,-13984,-5140,6288,-488,162,-92,0
751.3175721168518,8696,6832,11008,-166,-104,115,7616,-9524,10036,12,176,-190,-13576,4132,5424,-1003,138,-117,-13932,-5184,6268,-509,190,-83,0
751.3509030342102,8672,6816,11240,-156,-114,143,7656,-9432,10056,-32,150,-195,-13796,4124,5668,-984,157,-150,-13948,-5204,6312,-496,213,-64,0
751.384309053421,8696,6728,11072,-174,-137,123,7544,-9432,10024,-3,146,-204,-13832,4332,5876,-1005,142,-105,-14000,-5192,6200,-504,202,-62,0
751.4177260398865,8732,6672,11084,-162,-131,129,7652,-9452,10128,-26,161,-194,-13764,3988,5420,-992,175,-130,-14000,-5088,6192,-483,198,-65,0
751.451208114624,8616,6772,11132,-214,-109,118,7660,-9464,10072,-21,187,-219,-13756,4040,5620,-986,185,-158,-14024,-5072,6304,-462,199,-68,0
751.4848899841309,8508,6736,11132,-211,-106,152,7724,-9404,10124,-35,185,-175,-13860,4116,5452,-977,176,-129,-14000,-5024,6188,-486,159,-63,0
751.5181560516357,8676,6616,11080,-216,-153,151,7784,-9568,10128,37,159,-190,-13904,4076,5568,-969,151,-89,-13976,-5072,6116,-475,213,-91,0
751.5514891147614,8692,6724,11180,-258,-106,138,7612,-9396,10156,26,154,-193,-13812,3852,5448,-1008,154,-133,-14060,-5108,6264,-495,181,-79,0
751.58513712883,8796,6792,10960,-166,-118,132,7612,-9348,10204,-13,159,-199,-13888,3984,5436,-997,141,-133,-14068,-5036,6176,-476,183,-74,0
751.6186521053314,8656,6636,10912,-222,-153,134,7624,-9300,10000,7,180,-208,-13896,4032,5584,-980,148,-125,-14024,-5248,6312,-444,229,-52,0
751.6518139839172,8872,6732,11052,-239,-120,137,7700,-9460,10032,8,150,-209,-13588,4024,5512,-1012,170,-87,-14052,-5060,6292,-449,153,-70,0
751.6855280399323,8772,6736,11124,-194,-137,155,7680,-9384,10140,21,170,-156,-13816,4104,5588,-1049,145,-63,-14036,-5200,6308,-454,96,-94,0
751.7191331386566,8692,6712,11308,-219,-105,141,7664,-9368,10028,-19,146,-148,-13768,4056,5672,-1003,133,-72,-14092,-5028,6260,-450,76,-77,0
751.7526469230652,8700,6720,11256,-211,-106,128,7640,-9428,10100,-46,163,-186,-13928,4136,5728,-1050,121,-147,-14076,-5108,6144,-483,160,-130,0
751.7856290340424,8720,6756,11164,-173,-127,127,7644,-9480,10024,-18,116,-195,-13644,4064,5692,-1032,152,-148,-14040,-4924,6236,-493,207,-87,0
751.823744058609,8908,6720,11144,-188,-171,157,7624,-9348,10088,23,127,-227,-13712,4056,5380,-1277,180,-136,-13956,-5032,5964,-485,207,-66,0
751.8594000339508,8708,6536,11192,-157,-162,168,7852,-9336,10176,-255,77,-224,-13576,4120,5524,-1021,157,-123,-14064,-5300,5888,-490,180,-89,0
751.8948121070862,8496,6656,11204,-160,-132,126,7564,-9404,9932,-7,103,-207,-13852,4132,5600,-967,150,-150,-13900,-5056,6228,-473,171,-91,0
751.9302680492401,8768,6880,11224,-145,-125,121,7588,-9412,10204,10,127,-233,-13868,4108,5648,-1024,101,-89,-13956,-5092,5928,-499,217,-101,0
751.9655530452728,8764,6692,11148,-149,-143,146,7664,-9660,10088,-19,110,-206,-13840,3996,5388,-1280,139,-135,-14060,-5164,6100,-489,191,-103,0
752.0012800693512,8492,6824,10944,-181,-150,138,7912,-9376,10136,-78,112,-228,-13692,4056,5600,-975,138,-66,-14060,-5064,5912,-505,95,-118,0
752.0371119976044,8836,6704,11088,-118,-100,90,7896,-9460,10044,-74,133,-170,-13916,4016,5580,-1279,52,-57,-14044,-5064,6072,-532,100,-174,0
752.0723659992218,8452,6668,11328,-128,-54,71,7736,-9380,10008,14,147,-149,-14052,3968,5504,-1031,48,-126,-13980,-5136,6212,-482,140,-126,0
752.1087229251862,8772,6740,10992,-84,-17,64,7896,-9332,10004,-68,139,-183,-13760,4044,5624,-986,106,-43,-13984,-5024,6044,-522,110,-101,0
752.1439120769501,8756,6900,11196,-124,-90,76,7912,-9504,10032,-22,132,-170,-13924,4004,5576,-1010,73,-102,-14044,-5080,6252,-258,207,-133,0
752.179386138916,8764,6728,11096,-81,-83,114,7584,-9220,10012,-38,88,-169,-13780,4004,5484,-994,125,-80,-14016,-5060,6160,-493,126,-101,0
752.215096950531,8704,6804,11056,-112,-63,117,7568,-9436,10036,-62,99,-181,-14004,4064,5476,-994,118,-40,-13980,-5052,6208,-464,104,-109,0
752.250834941864,8728,6688,11156,-122,-35,91,7620,-9452,10000,-59,114,-132,-13820,4036,5616,-983,73,-61,-13992,-5044,6292,-526,117,-156,0
752.2860150337219,8916,6672,11484,-104,-24,58,7800,-9236,10136,-38,114,-136,-13936,4012,5800,-998,58,-50,-14072,-5036,6132,-541,103,-167,0
752.3222699165344,8956,6668,11236,-69,-50,86,7632,-9480,10036,-36,132,-149,-13876,3968,5516,-997,50,-95,-13844,-5228,6124,-529,126,-158,0
752.3574531078339,8724,6696,11056,-61,-74,79,7640,-9428,10128,-21,137,-172,-13836,4284,5140,-984,69,-112,-13964,-5020,5944,-524,159,-161,0
752.3928050994873,8688,6756,11248,-115,-120,70,7620,-9440,10096,-35,120,-240,-14060,4112,5392,-977,76,-118,-14032,-5096,6200,-542,197,-139,0
752.4277501106262,8676,6724,11152,-105,-84,66,7696,-9416,10016,-23,94,-203,-13832,4056,5592,-990,120,-106,-13904,-5016,6028,-489,169,-150,0
752.4636311531067,8808,6720,11248,-106,-63,80,7604,-9332,10000,-40,153,-188,-13928,3900,5604,-972,69,-74,-14164,-5032,6164,-500,134,-160,0
752.4973001480103,8860,6744,11144,-110,-71,72,7708,-9428,10108,-66,154,-193,-13944,3944,5516,-990,20,-69,-14100,-5028,6240,-507,144,-164,0
752.5310709476471,8764,6792,11032,-123,-67,56,7692,-9552,9884,-44,141,-160,-13884,3988,5636,-986,50,-74,-14076,-5120,6144,-497,103,-163,0
752.5644121170044,8736,6712,11116,-96,-30,76,7588,-9468,10256,-28,149,-181,-13792,4016,5552,-1006,43,-81,-14040,-5024,6168,-524,121,-148,0
752.5979781150818,8780,6688,11168,-110,-29,85,7452,-9416,10016,-43,91,-145,-13804,4012,5644,-1013,32,-83,-14024,-5220,6156,-506,134,-152,0
752.6312761306763,8676,6716,11204,-74,-65,90,7640,-9720,10096,-41,132,-180,-13780,3960,5600,-1006,93,-86,-14028,-5076,6224,-501,108,-151,0
752.6646249294281,8768,6792,11156,-84,-57,88,7608,-9304,10168,-43,91,-179,-13604,4000,5652,-1011,70,-74,-14008,-5020,6280,-531,143,-141,0
752.6980330944061,8740,6700,11124,-79,-87,99,7660,-9716,10140,-75,73,-182,-14080,4092,5544,-1280,133,-65,-13956,-5044,6192,-502,164,-123,0
752.7316060066223,8680,6736,11072,-96,-39,96,7644,-9672,10160,-64,78,-148,-13916,4116,5716,-1035,97,-90,-13976,-5008,6208,-510,132,-99,0
752.765340089798,8952,6896,11244,-99,-79,108,7676,-9364,10220,-48,88,-173,-13748,4028,5640,-994,107,-77,-13976,-4956,6308,-512,131,-132,0
752.7989609241486,8460,6908,11468,-104,-61,84,7680,-9432,10044,-61,120,-157,-13748,3948,5692,-989,93,-116,-14052,-5080,6372,-509,130,-139,0
752.8324680328369,8704,6768,11044,-112,-59,109,7644,-9448,10056,-43,135,-174,-13888,3852,5876,-983,99,-83,-14016,-5112,6304,-522,144,-144,0
752.8660349845886,8680,6728,11252,-102,-68,80,7920,-9572,9964,-67,143,-171,-13888,3960,5828,-970,91,-60,-13944,-5104,6200,-521,144,-140,0
752.899297952652,8604,6852,11252,-118,-85,98,7640,-9388,10056,-51,160,-168,-13780,4008,5536,-1017,99,-70,-13916,-5096,6156,-492,174,-124,0
752.9374611377716,8756,6848,11272,-97,-91,84,7640,-9500,10008,-37,121,-179,-13792,4008,5464,-983,109,-132,-13980,-5076,6272,-503,158,-149,0
752.9711260795593,8732,6812,11116,-117,-93,99,7620,-9412,10088,-46,109,-171,-13588,4084,5536,-1002,76,-101,-14308,-5184,6088,-506,174,-128,0
753.0050029754639,8668,6832,11128,-107,-73,112,7580,-9376,10128,-54,118,-189,-13896,4072,5760,-997,94,-92,-14028,-5164,6132,-261,145,-148,0
753.038496017456,8732,6744,11172,-88,-92,123,7580,-9496,9996,-43,160,-182,-13712,4052,5436,-1021,122,-70,-13952,-5096,6232,-514,164,-135,0
753.0719511508942,8572,6748,11288,-132,-68,99,7720,-9388,10056,-23,110,-183,-13620,4032,5664,-976,125,-98,-13900,-5100,6144,-503,155,-136,0
753.1055660247803,8636,6816,11076,-137,-57,104,7592,-9684,10076,-69,141,-168,-13848,4072,5568,-976,116,-86,-14068,-5032,6316,-500,82,-126,0
753.139032125473,8808,6724,11212,-152,-67,91,7620,-9476,10116,-5,134,-171,-13652,4108,5572,-1003,76,-74,-14008,-5104,6292,-516,182,-130,0
753.1726081371307,8476,6764,11168,-142,-61,132,7548,-9552,10028,54,176,-171,-13884,4004,5508,-1020,117,-84,-14044,-5368,6152,-507,130,-81,0
753.2062110900879,8692,6864,11204,-127,-60,111,7660,-9480,10104,-52,163,-184,-14004,4036,5668,-967,126,-71,-13996,-4892,6208,-506,160,-81,0
753.2397050857544,8584,6780,11164,-193,-95,113,7608,-9220,10156,-16,174,-203,-13884,4088,5612,-995,134,-104,-13968,-5028,6260,-473,9,-78,0
753.2733700275421,8596,6776,11280,-158,-80,138,7448,-9400,10052,37,165,-161,-13792,4156,5636,-1034,133,-111,-13976,-5096,6144,-484,153,-88,0
753.3068630695343,8756,6808,11036,-192,-86,145,7732,-9444,10144,15,147,-175,-13760,4032,5588,-977,108,-79,-13956,-5164,6312,-451,129,-105,0
753.3404350280762,8624,6712,11144,-230,-82,115,7568,-9256,10004,-57,200,-188,-13876,4028,5620,-949,138,-84,-13940,-5164,6268,-468,160,-67,0
753.3739380836487,8632,6848,11160,-209,-124,130,7500,-9520,10212,-37,197,-200,-13780,4128,5512,-985,149,-73,-13996,-5060,6392,-475,184,-91,0
753.4073281288147,8656,6820,11064,-183,-120,136,7640,-9468,10056,-3,173,-192,-13856,3992,5516,-1002,132,-148,-13932,-4932,6212,-489,203,-65,0
753.4407551288605,8688,6780,11124,-226,-142,142,7544,-9392,10212,252,136,-229,-13804,4256,5392,-1016,173,-177,-13936,-5012,6232,-508,215,-57,0
753.4773111343384,8820,6664,11028,-180,-131,154,7728,-9532,10052,-32,134,-217,-13956,3984,5808,-1018,148,-123,-14136,-5036,5888,-494,193,-51,0
753.5123851299286,8812,6508,11092,-172,-136,147,7916,-9688,9880,-256,150,-199,-13884,3992,5452,-779,156,-121,-14032,-5108,6196,-502,153,-88,0
753.5475890636444,8732,6716,11128,-175,-114,147,7664,-9540,10196,-9,140,-198,-13808,4000,5568,-1002,105,-121,-13992,-5088,6144,-473,161,-80,0
753.5832440853119,8476,6704,11244,-176,-109,138,7664,-9468,10076,-27,156,-204,-13896,4040,5820,-1034,151,-111,-14128,-5068,6152,-495,180,-82,0
753.6193170547485,8700,6684,11208,-185,-165,140,7592,-9376,10160,-43,136,-197,-13848,4004,5544,-991,163,-144,-13948,-5280,6300,-462,167,-67,0
753.6542301177979,8724,6712,11324,-192,-161,122,7700,-9528,10100,-13,145,-209,-13864,4072,5688,-1005,139,-110,-13948,-5076,6272,-457,168,-94,0
753.689964056015,8728,6696,11144,-183,-155,125,7640,-9436,10076,-8,155,-212,-13828,4024,5644,-994,132,-156,-14048,-5056,6108,-479,167,-70,0
753.7255160808563,8676,6764,10908,-177,-167,129,7596,-9440,9824,-13,158,-200,-13932,4100,5612,-1279,154,-118,-14020,-5052,6104,-488,173,-97,0
753.7613570690155,8472,6768,11144,-177,-161,136,7604,-9428,9924,2,132,-198,-13900,4076,5420,-1002,157,-123,-14036,-5052,6224,-459,187,-59,0
753.7974939346313,8756,6776,11128,-159,-147,138,7652,-9428,10008,-25,111,-214,-13724,3984,5512,-1280,159,-115,-13940,-5016,6112,-487,182,-82,0
753.8329129219055,8732,6700,11060,-148,-152,135,7656,-9484,10080,9,110,-185,-13808,4076,5780,-1008,175,-101,-13992,-5128,6280,-471,192,-72,0
753.8689050674438,8532,6908,11168,-155,-163,162,7696,-9448,10084,-67,82,-177,-13892,4072,5560,-986,159,-79,-14092,-5008,6184,-526,109,-115,0
753.9039571285248,8712,6864,11032,-144,-110,147,7820,-9692,10040,-36,118,-175,-13892,3924,5396,-1021,108,-101,-13992,-5040,6176,-509,191,-89,0
753.9398930072784,8756,6740,11156,-168,-137,129,7628,-9324,10016,5,120,-164,-13872,4320,5400,-982,107,-72,-14060,-5016,6236,-486,136,-131,0
753.9754979610443,8604,6768,11060,-78,-92,70,7872,-9364,10152,-86,107,-186,-13812,4028,5424,-963,60,-54,-14064,-5076,6148,-531,168,-116,0
754.0115599632263,8796,6624,11092,-134,-101,80,7608,-9368,10224,-55,120,-197,-13848,4084,5424,-988,97,-54,-13840,-4924,6176,-521,153,-131,0
754.0475571155548,8912,6632,10940,-95,-57,101,7660,-9444,10344,-30,120,-133,-13952,4288,5452,-1018,69,-46,-13984,-5044,6184,-257,100,-155,0
754.0823991298676,8808,6676,11116,-136,-35,73,7568,-9500,10136,-52,127,-129,-14036,3976,5424,-1026,62,-20,-13928,-4912,6164,-520,63,-130,0
754.1175720691681,8656,6736,11240,-114,-41,91,7724,-9480,10172,-53,126,-153,-13844,4060,5480,-970,44,-58,-13940,-4964,6204,-500,109,-152,0
754.1531109809875,8756,6836,11140,-74,-82,89,7648,-9704,10188,-66,138,-187,-13740,4084,5488,-1005,69,-57,-13968,-5156,6108,-498,151,-153,0
754.1868460178375,8940,6676,11096,-103,-37,101,7612,-9708,10036,-29,104,-194,-14024,4072,5376,-999,115,-95,-13900,-5120,6240,-517,189,-150,0
754.2204661369324,8740,6720,11168,-92,-77,68,7504,-9368,10076,-39,47,-191,-13876,4032,5420,-977,123,-93,-14064,-4952,6232,-513,142,-131,0
754.2539610862732,8708,6692,11208,-89,-83,102,7636,-9380,10132,-64,96,-178,-13880,4040,5572,-964,58,-85,-14140,-5076,6228,-502,116,-118,0
754.2875599861145,8768,6668,11212,-121,-53,82,7880,-9408,10076,-56,165,-196,-13916,4080,5536,-940,83,-73,-14048,-5108,6232,-492,128,-129,0
754.321161031723,8724,6740,11136,-104,-60,110,7552,-9416,10140,-36,109,-176,-13804,4008,5644,-775,72,-48,-13924,-5076,5976,-529,152,-134,0
754.3544991016388,8704,6720,11020,-96,-77,108,7688,-9488,10108,-65,118,-160,-13816,4080,5376,-984,71,-92,-14028,-5112,6172,-505,139,-133,0
754.387659072876,8752,6748,11144,-102,-75,90,7580,-9488,10128,-58,109,-175,-13892,4012,5664,-969,75,-99,-14028,-5032,6224,-532,127,-158,0
754.4212839603424,8768,6764,11240,-100,-91,88,7652,-9452,10060,-60,132,-188,-13904,4064,5508,-974,79,-63,-14048,-5048,6176,-257,147,-186,0
754.4548261165619,8824,6764,11076,-67,-91,62,7632,-9384,10128,-38,128,-174,-13824,4012,5752,-1011,38,-73,-14308,-4936,6168,-502,131,-159,0
754.4884130954742,8480,6812,11236,-96,-58,76,7720,-9412,10136,-30,110,-185,-14076,4040,5328,-1012,71,-63,-14004,-4900,6248,-531,127,-136,0
754.5220839977264,8936,6720,10836,-72,-63,65,7432,-9384,10092,-51,124,-173,-13804,4032,5864,-1005,60,-47,-14068,-5112,6180,-495,176,-162,0
754.5556111335754,8764,6768,11192,-98,-77,71,7672,-9436,10148,-35,116,-198,-13732,3936,5676,-985,54,-82,-14092,-5088,6292,-493,175,-133,0
754.5892879962921,8680,6876,11184,-90,-78,88,7636,-9440,10024,-70,89,-159,-13908,4140,5600,-977,81,-69,-13980,-5288,6340,-508,130,-140,0
754.6226589679718,8724,6732,11304,-90,-78,74,7676,-9488,10084,-41,121,-148,-13616,4020,5612,-1036,44,-73,-14076,-5232,6112,-514,131,-168,0
754.6560370922089,8692,6844,11080,-120,-55,107,7616,-9388,10116,12,146,-143,-13580,3852,5844,-1016,56,-55,-14048,-5116,6228,-541,114,-142,0
754.6897339820862,8712,6952,11152,-62,-39,75,7692,-9384,10008,-84,140,-157,-13872,4068,5676,-999,40,-23,-14016,-5092,6192,-540,102,-158,0
754.723151922226,8748,6808,11148,-99,-85,92,7644,-9520,10104,-54,161,-188,-13852,4048,5488,-987,76,-79,-14056,-5084,6264,-494,177,-155,0
754.7569169998169,8732,6792,11080,-95,-69,92,7660,-9436,10156,-32,119,-178,-13872,4100,5828,-1019,107,-115,-14008,-5060,6180,-260,140,-134,0
754.79052901268,8700,6840,11016,-93,-64,108,7584,-9448,10012,-28,125,-165,-13608,4032,5756,-1008,84,-65,-14240,-5052,6068,-517,130,-160,0
754.8240020275116,8732,6820,11028,-133,-65,102,7596,-9564,10160,-64,169,-145,-13592,3960,5728,-973,100,-51,-14036,-5088,6208,-459,84,-135,0
754.8575749397278,8696,6720,11092,-148,-66,93,7680,-9436,10200,-44,151,-164,-13892,3852,5404,-989,97,-66,-13996,-5004,6208,-481,141,-113,0
754.8907930850983,8692,6832,11088,-138,-31,76,7840,-9356,10220,238,146,-178,-13776,4072,5632,-1009,103,-104,-13880,-5004,6348,-495,140,-108,0
754.9244379997253,8568,6776,11164,-174,-96,100,7640,-9664,9964,15,127,-178,-13820,3960,5512,-1018,115,-118,-13984,-5104,6200,-261,174,-133,0
754.958132982254,8616,6804,11188,-122,-83,121,7440,-9520,10136,-16,151,-192,-13908,4084,5720,-1016,111,-85,-14048,-5052,6232,-500,161,-88,0
754.9916291236877,8484,6816,11224,-162,-116,119,7540,-9496,10092,22,177,-190,-14064,3916,5428,-985,149,-96,-14004,-5016,6192,-491,166,-92,0
755.025218963623,8596,6784,11260,-142,-75,116,7884,-9464,9968,-31,136,-203,-14080,3856,5716,-988,152,-96,-13984,-5036,6044,-477,186,-92,0
755.0588171482086,8448,6808,11208,-162,-125,146,7620,-9720,10064,-14,148,-197,-13800,4064,5712,-1010,116,-100,-13968,-5116,6076,-492,214,-88,0
755.0924091339111,8876,6836,11116,-156,-105,157,7668,-9300,10024,-41,173,-186,-13780,4088,5608,-1003,125,-108,-13988,-5168,6256,-474,161,-96,0
755.1258001327515,8616,6808,11140,-171,-130,108,7608,-9476,10092,-25,166,-210,-13576,4180,5632,-954,140,-150,-14032,-5080,6376,-486,169,-91,0
755.1622021198273,8452,6660,11192,-167,-159,137,7640,-9420,10024,-21,159,-206,-13756,4088,5512,-979,149,-114,-13948,-4968,6192,-495,199,-85,0
755.1981549263,8696,6816,11024,-188,-145,163,7592,-9452,9756,-18,136,-184,-13896,4048,5564,-996,175,-148,-14000,-5288,5952,-488,181,-114,0
755.2337319850922,8640,6680,11048,-173,-121,131,7664,-9436,10104,-255,156,-205,-13808,3960,5452,-1003,127,-126,-14016,-5052,6176,-488,216,-75,0
755.2693481445312,8656,6812,11180,-192,-129,142,7900,-9400,9988,-248,190,-191,-13588,4124,5468,-995,121,-116,-13932,-5088,6172,-491,197,-87,0
755.3044619560242,8716,6788,11088,-164,-130,125,7628,-9356,10132,-17,153,-213,-13776,4000,5620,-775,154,-124,-13828,-4988,6188,-476,185,-80,0
755.3404450416565,8736,6784,11248,-193,-120,116,7640,-9316,10128,-7,154,-184,-13776,4040,5392,-983,181,-121,-14056,-5076,6100,-451,182,-84,0
755.3755021095276,8844,6824,11244,-206,-134,142,7448,-9444,10052,-29,140,-185,-13876,3852,5604,-1280,182,-99,-13968,-5108,6152,-470,133,-75,0
755.4117379188538,8912,6812,11152,-213,-122,126,7724,-9424,10100,13,193,-164,-13812,4092,5516,-981,129,-144,-14000,-4992,6244,-483,171,-105,0
755.44801902771,8644,6828,11140,-217,-137,150,7544,-9324,10096,26,176,-190,-13772,4120,5624,-989,100,-98,-14016,-5076,6036,-465,167,-91,0
755.4837789535522,8764,6832,11076,-140,-116,116,7444,-9436,10092,-9,196,-197,-13820,3972,5636,-969,118,-84,-14008,-4984,6244,-477,200,-80,0
755.5195219516754,8772,6740,11516,-222,-145,121,7644,-9412,10308,-10,68,-192,-13884,4040,5500,-986,163,-160,-14028,-4968,6224,-432,198,-79,0
755.5546050071716,8820,6720,11060,-178,-79,163,7704,-9340,10108,-18,114,-178,-13888,4100,5476,-1280,141,-58,-13976,-5044,6340,-485,120,-89,0
755.5902490615845,8732,6712,11168,-181,-89,163,7624,-9504,10104,-13,153,-161,-13900,4284,5664,-1017,135,-80,-14072,-5016,6292,-490,108,-93,0
755.6259350776672,8708,6772,11168,-181,-100,141,7636,-9340,10132,-44,170,-152,-13892,4084,5600,-995,91,-122,-13932,-5044,6252,-484,155,-108,0
755.6619009971619,8764,6720,11028,-170,-135,123,7656,-9396,10032,-56,123,-175,-13928,4100,5532,-1010,118,-67,-13960,-4984,6196,-513,164,-138,0
755.6980519294739,8728,6412,11220,-95,-96,109,7600,-9440,10084,-18,84,-177,-13772,4032,5560,-1051,113,-132,-13976,-5032,6144,-518,212,-107,0
755.7332029342651,8832,6784,11016,-110,-122,132,7584,-9408,10088,-36,82,-206,-13824,4068,5448,-1022,139,-72,-14008,-5044,6104,-523,137,-141,0
755.7688319683075,8852,6704,11212,-121,-107,92,7636,-9424,10052,-34,112,-183,-13860,4008,5536,-985,83,-102,-13988,-5128,6136,-475,155,-161,0
755.8054571151733,8716,6700,11120,-140,-36,78,7720,-9524,10084,-45,117,-187,-13900,4024,5444,-1020,90,-78,-14008,-4996,6168,-506,127,-200,0
755.8391690254211,8712,6756,11200,-134,-53,88,7424,-9472,10092,-36,113,-177,-14052,3904,5576,-1015,34,-41,-14020,-5104,6308,-540,171,-146,0
755.8728821277618,8792,6800,11020,-71,-66,96,7524,-9232,10104,-61,111,-173,-14028,4040,5528,-1025,104,-44,-13988,-5076,6380,-492,124,-132,0
755.9062421321869,8684,6680,11228,-102,-62,103,7600,-9404,10068,-57,131,-184,-13848,4028,5504,-989,93,-87,-14024,-5044,6288,-479,126,-126,0
755.9399530887604,8656,6760,11184,-133,-97,80,7676,-9460,10016,-45,125,-189,-13912,4072,5588,-983,85,-101,-14024,-5144,6176,-483,135,-166,0
755.9733989238739,8712,6820,11196,-89,-53,80,7604,-9724,10092,-54,124,-166,-13752,4064,5544,-967,39,-79,-14068,-5060,6052,-519,130,-156,0
756.0073790550232,8780,6748,11096,-88,-69,85,7692,-9336,10148,-60,146,-179,-14028,4028,5684,-779,53,-114,-13988,-5160,6120,-505,117,-157,0
756.040678024292,8772,6820,11148,-76,-66,90,7580,-9432,10172,-54,108,-155,-14068,3916,5540,-1020,98,-29,-14096,-4972,6092,-260,143,-137,0
756.0741989612579,8768,6824,11136,-103,-54,113,7620,-9436,10116,-59,74,-183,-13780,4024,5472,-989,137,-38,-14068,-5160,6268,-498,142,-106,0
756.1077580451965,8476,6724,10984,-85,-83,112,7608,-9476,10064,-58,92,-189,-13852,4048,5644,-1019,103,-88,-14120,-5132,6208,-551,97,-124,0
756.1412980556488,8848,6744,11028,-73,-66,87,7428,-9464,9988,-33,94,-172,-13848,3968,5760,-772,58,-79,-13912,-4920,6240,-535,139,-144,0
756.1746969223022,8544,6732,10756,-122,-31,106,7592,-9500,10156,-21,135,-148,-13728,4008,5540,-1002,66,-59,-13976,-5164,6204,-514,123,-151,0
756.2082960605621,8760,6804,11040,-57,-27,64,7560,-9508,10204,-59,146,-163,-13892,4032,5376,-1015,37,-55,-14264,-5368,6120,-510,122,-190,0
756.2419250011444,8672,6808,11152,-113,-45,70,7636,-9444,10080,-37,139,-191,-14044,4088,5416,-969,45,-71,-13992,-4896,6144,-482,156,-160,0
756.2755150794983,8772,6824,11080,-120,-20,72,7600,-9660,10200,-49,170,-168,-13912,3968,5620,-1000,51,-73,-13864,-5196,6220,-505,144,-157,0
756.3093750476837,8748,6752,11072,-97,-57,95,7568,-9340,10196,-28,116,-168,-14036,4056,5564,-994,92,-78,-14032,-5052,6268,-489,108,-131,0
756.3429889678955,8932,6684,11192,-104,-27,104,7432,-9388,10204,-67,143,-164,-13816,4004,5668,-985,70,-93,-14060,-4900,6312,-517,121,-144,0
756.3766191005707,8472,6792,10904,-131,-69,80,7664,-9720,10024,-51,160,-184,-13820,4112,5804,-989,88,-84,-14164,-5072,6260,-488,137,-122,0
756.4100849628448,8920,6796,10792,-86,-60,87,7556,-9476,10168,-43,120,-171,-13608,3944,5492,-1005,93,-92,-13912,-5108,6376,-507,153,-143,0
756.4436399936676,8688,6772,11044,-132,-84,106,7496,-9352,9952,-38,97,-180,-14036,4064,5792,-769,120,-57,-13916,-5068,5924,-261,195,-125,0
756.4773509502411,8720,6672,10820,-109,-64,129,7924,-9224,10028,-47,93,-185,-14028,3944,5664,-968,102,-78,-14004,-4972,6200,-519,159,-127,0
756.5106151103973,8716,6892,10792,-130,-79,112,7552,-9440,9964,-28,126,-183,-13880,3988,5584,-979,98,-95,-14040,-5112,6236,-505,156,-132,0
756.544184923172,8636,6812,10828,-148,-11,102,7772,-9448,10048,-40,124,-174,-13816,3988,5524,-988,119,-110,-13956,-5088,6224,-257,159,-108,0
756.577789068222,8936,6820,11180,-142,-83,127,7648,-9388,10100,-14,144,-154,-14080,4072,5728,-995,105,-28,-14068,-5076,6284,-508,160,-75,0
756.61088514328,8784,6840,11084,-123,-67,116,7556,-9568,10228,-27,116,-187,-13780,4056,5448,-1009,106,-57,-13980,-4940,6248,-259,136,-136,0
756.6440470218658,8820,6768,10856,-161,-55,111,7516,-9508,10112,-41,162,-167,-14044,4008,5448,-973,86,-111,-14304,-5324,6324,-476,156,-81,0
756.6776311397552,8788,6924,11272,-164,-96,129,7640,-9452,10032,-38,189,-190,-13880,4092,5556,-967,95,-118,-13880,-5120,6184,-476,188,-80,0
756.7110910415649,8712,6856,11164,-169,-91,130,7648,-9432,10124,-19,147,-199,-13872,4056,5732,-1005,131,-129,-14052,-4880,6208,-494,191,-78,0
756.7445900440216,8756,6764,11340,-164,-117,130,7576,-9584,10048,-256,151,-197,-13796,4064,5648,-1010,131,-99,-13924,-5376,6212,-523,205,-102,0
756.7783150672913,8624,6776,11156,-170,-142,148,7532,-9444,10040,-17,133,-204,-13692,4052,5508,-1005,162,-107,-14020,-5040,6340,-525,210,-54,0
756.811774969101,8656,6880,10928,-172,-141,138,7616,-9520,10236,-13,173,-208,-13880,4108,5700,-983,186,-108,-13984,-4956,6240,-538,185,-74,0
756.8486361503601,8848,6840,11072,-187,-128,143,7556,-9232,10044,-9,165,-199,-13964,4016,5664,-987,140,-96,-13960,-5220,6212,-485,208,-58,0
756.8835690021515,8768,6772,10964,-224,-138,169,7688,-9416,10152,-45,179,-184,-13720,4032,5756,-967,159,-78,-14056,-5292,6144,-476,132,-57,0
756.919420003891,8916,6756,11156,-175,-129,138,7676,-9504,10020,-38,132,-168,-13888,4088,5692,-1029,148,-84,-13856,-5044,6180,-487,134,-107,0
756.9548981189728,8640,6808,11064,-243,-117,139,7576,-9412,10184,20,125,-203,-13840,4016,5452,-1034,145,-70,-13948,-5140,6128,-481,188,-93,0
756.9908289909363,8648,6888,11132,-185,-108,137,7780,-9412,10088,-20,136,-194,-13860,4040,5844,-988,136,-142,-13864,-5376,6308,-483,141,-96,0
757.0261261463165,8800,6984,10968,-178,-164,117,7640,-9380,10004,-1,152,-211,-13644,4048,5588,-980,145,-141,-13976,-5044,6276,-468,226,-69,0
757.0618450641632,8720,6784,11044,-185,-115,121,7556,-9472,10128,3,125,-195,-13844,4140,5572,-1039,131,-104,-14028,-4948,6192,-474,171,-87,0
757.0979950428009,8796,6820,11020,-194,-106,145,7640,-9452,10092,6,124,-169,-13776,3992,5268,-992,125,-84,-13984,-5032,6252,-493,84,-93,0
757.1327109336853,8724,6828,11228,-167,-63,161,7628,-9716,10112,-39,167,-154,-13584,4020,5516,-1001,143,-46,-14012,-5108,6176,-500,128,-88,0
757.1686069965363,8724,6712,10760,-188,-140,130,7532,-9428,10092,-34,164,-173,-13772,4024,5868,-1023,137,-108,-13992,-5104,6332,-499,165,-85,0
757.2039139270782,8768,6788,11184,-163,-131,126,7572,-9444,10396,-21,120,-195,-13868,4076,5536,-1049,109,-138,-14032,-5332,6184,-490,194,-80,0
757.2399079799652,8648,6868,11088,-203,-164,138,7808,-9240,10100,4,118,-198,-13588,4052,5428,-1047,179,-118,-14016,-4984,6308,-487,186,-83,0
757.275416135788,8712,6752,11216,-159,-132,154,7612,-9388,10172,-29,104,-220,-13860,4036,5500,-770,144,-126,-13844,-5072,6392,-481,167,-62,0
757.3108670711517,8880,6824,11084,-165,-146,153,7580,-9348,10200,14,111,-190,-13844,4244,5384,-1006,170,-79,-14104,-5120,6184,-489,157,-96,0
757.3460519313812,8756,6880,11168,-147,-121,132,7596,-9388,10148,-4,124,-183,-13976,4048,5592,-1028,116,-144,-13980,-5228,6220,-529,197,-101,0
757.3817899227142,8812,6684,11008,-108,-116,131,7648,-9420,9972,-34,139,-198,-13604,3992,5436,-1027,118,-58,-14024,-5012,6248,-534,139,-132,0
757.4176480770111,8692,6820,10800,-132,-124,118,7664,-9276,10232,-102,95,-175,-14064,3928,5608,-964,65,-69,-13948,-5096,6128,-502,115,-130,0
757.4530999660492,8872,6412,10752,-107,-36,82,7708,-9500,10176,-35,143,-159,-13976,3980,5496,-1044,69,-85,-13888,-5012,6132,-501,93,-155,0
757.4891619682312,8832,6836,11028,-136,-51,92,7652,-9468,10100,38,126,-150,-13872,3912,5520,-1046,98,-92,-14032,-5056,6240,-473,140,-123,0
757.5224089622498,8756,6776,10976,-98,-17,93,7720,-9552,10044,-82,87,-166,-14048,4024,5436,-991,111,-64,-14032,-5020,6132,-532,144,-135,0
757.555869102478,8768,6688,11148,-112,-108,70,7656,-9496,10048,-69,119,-191,-13872,4072,5252,-1003,95,-77,-14040,-5156,6384,-518,186,-143,0
757.589681148529,8780,6860,11100,-38,-125,124,7676,-9460,10068,-38,95,-178,-13844,3964,5528,-1005,79,-89,-14064,-5120,6288,-508,141,-118,0
757.6231009960175,8744,6808,11124,-121,-66,99,7652,-9412,10232,-49,93,-163,-14028,4048,5376,-1014,89,-82,-14008,-5144,6132,-489,105,-123,0
757.6561989784241,8848,6772,10800,-105,-8,112,7912,-9460,10076,-32,86,-144,-13844,4056,5384,-982,81,-29,-13996,-5076,6124,-529,96,-140,0
757.6896369457245,8504,6832,11152,-74,-29,102,7860,-9564,10484,-84,102,-145,-13924,4092,5528,-1004,67,224,-14056,-5112,6144,-524,106,-147,0
757.7231080532074,8752,6788,11156,-57,-48,89,7596,-9436,10224,-37,109,-170,-13820,3948,5580,-1020,77,-59,-13956,-5148,6232,-530,146,-157,0
757.7568480968475,8708,6912,11052,-95,-88,99,7668,-9412,10180,-62,97,-182,-13608,4044,5588,-993,84,-73,-14000,-5080,6168,-523,170,-164,0
757.7902791500092,8840,6764,11140,-94,-114,90,7472,-9432,9968,-40,102,-219,-13672,4312,5528,-1004,83,-147,-13956,-4992,6200,-523,181,-162,0
757.8236730098724,8788,6832,11096,-114,-80,71,7444,-9704,10084,-20,90,-207,-13876,3884,5728,-1010,84,-138,-14084,-5088,6240,-529,164,-132,0
757.8573031425476,8780,6800,11108,-84,-96,75,7628,-9696,9732,-29,130,-189,-13952,4024,5464,-991,38,-100,-13992,-5036,6164,-503,179,-113,0
757.8906769752502,8952,6668,11112,-116,-89,88,7916,-9480,10136,-45,146,-177,-13804,3848,5592,-966,76,-40,-13976,-5084,6264,-520,140,-158,0
757.9241981506348,8748,6780,11092,-95,-84,72,7556,-9544,10156,-56,154,-160,-13976,3984,5688,-983,28,-51,-14044,-5060,6232,-508,118,-130,0
757.9601650238037,8768,6780,11076,-112,-66,81,7604,-9404,10168,-59,142,-179,-13812,4004,5628,-1017,76,-62,-13992,-5296,6204,-488,103,-145,0
757.9943399429321,8768,6804,11244,-87,-44,108,7680,-9480,10072,-12,127,-177,-13808,3904,5512,-1015,102,-86,-13932,-5100,6248,-523,123,-130,0
758.028254032135,8504,6768,11036,-101,-83,110,7564,-9384,10032,-46,124,-167,-13836,4028,5868,-989,72,-73,-13992,-5100,6176,-525,140,-133,0
758.0617959499359,8488,6828,11164,-93,-67,106,7440,-9456,10112,-47,137,-164,-13864,4032,5596,-987,80,-83,-14012,-5188,6248,-766,129,-162,0
758.0952899456024,8848,6792,11156,-105,-74,102,7588,-9680,9760,-54,110,-172,-13752,3888,5760,-994,100,-97,-14080,-5156,6180,-509,162,-136,0
758.1286430358887,8692,6844,11240,-130,-93,95,7636,-9428,10124,-51,111,-171,-13840,4064,5452,-975,107,-77,-14068,-5148,6284,-518,142,-76,0
758.161924123764,8804,6856,11108,-103,-84,108,7696,-9464,10140,-66,98,-193,-13728,4024,5580,-991,109,-110,-14016,-5168,6248,-531,141,-104,0
758.1952950954437,8672,6736,11308,-110,-82,105,7628,-9452,10236,-41,98,-167,-14036,4160,5540,-996,125,-101,-13888,-5080,6240,-506,165,-123,0
758.229022026062,8796,6860,11108,-107,-76,124,7588,-9572,10048,-45,124,-145,-13600,3984,5788,-995,94,-56,-14072,-5136,6264,-518,166,-114,0
758.2626180648804,8768,6812,11136,-130,-85,98,7616,-9472,10112,-51,143,-199,-13812,4112,5460,-991,101,-79,-13912,-5180,6076,-490,139,-114,0
758.295891046524,8640,6808,10988,-117,-43,105,7692,-9452,10228,-13,142,-186,-13812,4028,5448,-1006,81,-67,-13984,-5116,6088,-517,154,-151,0
758.329225063324,8664,6764,11024,-125,-74,97,7612,-9400,10120,-48,116,-186,-13792,3936,5380,-992,80,-112,-14016,-5156,6180,-488,159,-132,0
758.3628001213074,8708,6832,10840,-151,-45,110,7652,-9444,9980,-20,135,-160,-14048,4304,5552,-979,119,-69,-14032,-5032,6136,-501,136,-140,0
758.3961839675903,8700,6868,11176,-158,-86,114,7644,-9688,10192,-15,174,-176,-13792,4120,5656,-1024,124,-71,-14016,-5216,6096,-509,178,-106,0
758.4297420978546,8796,6912,11192,-164,-90,125,7596,-9364,9980,9,175,-185,-13740,3996,5664,-1006,132,-81,-13972,-5100,6172,-511,186,-109,0
758.4633901119232,8784,6832,11200,-192,-133,121,7588,-9488,10008,28,195,-193,-13756,4040,5476,-1004,146,-123,-14008,-5068,6236,-466,179,-66,0
758.4968121051788,8720,6880,10860,-177,-133,132,7896,-9468,10068,-43,142,-190,-13636,4092,5612,-984,151,-100,-14004,-5328,5944,-259,139,-54,0
758.534343957901,8844,6796,11172,-210,-139,142,7652,-9536,10036,249,193,-167,-13868,4064,5804,-988,88,-97,-13912,-5128,6288,-766,143,-96,0
758.5701589584351,8920,6732,10764,-222,-81,111,7608,-9452,10180,40,189,-157,-13620,3984,5776,-1034,118,-36,-13936,-5288,6328,-482,126,-82,0
758.6053450107574,8764,6904,11092,-192,-86,135,7604,-9420,10144,-18,186,-170,-13816,4080,5632,-991,156,-125,-13976,-5044,6200,-488,194,-60,0
758.6407361030579,8828,6792,11252,-223,-130,145,7612,-9436,10040,16,151,-243,-13804,4296,5580,-990,149,-116,-14000,-5108,6284,-475,211,-62,0
758.6761929988861,8872,6716,11084,-180,-144,148,7676,-9488,10064,9,183,-186,-13936,4008,5520,-994,171,-106,-14052,-5128,6164,-459,149,-73,0
758.7118799686432,8812,6836,11056,-221,-115,165,7452,-9432,9760,-249,152,-184,-13648,4148,5628,-976,155,-55,-14032,-5024,6124,-456,99,-65,0
758.7484080791473,8808,6812,11024,-243,-118,123,7600,-9472,10104,-48,168,-185,-13896,4012,5816,-995,127,-77,-13984,-5156,6152,-448,134,-66,0
758.7836110591888,8756,6808,11116,-234,-113,164,7560,-9564,10128,-11,171,-181,-13964,4104,5644,-1003,121,-109,-14052,-4936,6200,-496,163,-105,0
758.8193929195404,8816,6740,11100,-202,-143,129,7624,-9408,10164,-5,131,-195,-13764,4028,5616,-1008,151,-152,-13984,-5000,6240,-493,178,-73,0
758.854866027832,8920,6752,10792,-186,-141,119,7616,-9324,10108,-10,121,-200,-14048,4016,5600,-773,151,-104,-13984,-5096,6204,-487,169,-97,0
758.890743970871,8776,6712,11080,-183,-141,154,7620,-9416,10204,-26,123,-182,-13868,4016,5764,-969,174,-131,-14100,-5040,6016,-465,159,-77,0
758.9259171485901,8828,6688,11204,-196,-124,144,7896,-9436,10096,15,123,-233,-13900,4100,5528,-1020,168,-122,-14056,-5096,6244,-498,199,-83,0
758.9612650871277,8844,6764,11116,-172,-119,128,7636,-9724,10036,-24,112,-190,-14064,4064,5532,-1038,143,-126,-13980,-5020,6180,-761,197,-70,0
758.9977741241455,8812,6716,11016,-192,-114,153,7744,-9388,10196,-32,142,-192,-13880,4024,5676,-982,121,-114,-13988,-5352,6276,-470,120,-66,0
759.032665014267,8756,6760,11204,-184,-141,129,7752,-9512,9756,-14,113,-203,-14012,4052,5704,-1009,133,-129,-14012,-5060,6344,-475,136,-121,0
759.0679409503937,8736,6716,10768,-200,-158,136,7688,-9444,9748,-7,147,-203,-13768,3984,5528,-962,129,-97,-14028,-5016,6004,-479,154,-116,0
759.1037211418152,8772,6728,10956,-146,-139,112,7552,-9472,10232,-16,142,-193,-13572,4024,5448,-989,123,-119,-13996,-5000,6248,-502,164,-146,0
759.139673948288,8816,6716,11088,-136,-122,111,7596,-9404,10104,-26,124,-167,-13760,4056,5392,-973,105,-98,-13912,-4988,6100,-496,147,-139,0
759.1759040355682,8924,6680,10952,-140,-123,113,7452,-9424,9992,-38,93,-216,-13588,4296,5532,-984,138,-41,-14036,-5032,6320,-481,166,-124,0
759.2091619968414,8860,6796,11072,-172,-77,96,7688,-9448,10112,-59,100,-190,-13916,4056,5532,-988,95,-52,-14080,-4992,6192,-531,107,-142,0
759.2426190376282,8848,6696,11244,-69,-53,113,7700,-9380,10128,-58,120,-150,-13904,4044,5500,-1016,66,-58,-14244,-4980,5904,-556,137,-146,0
759.276407957077,8816,6720,11248,-97,-45,104,7600,-9464,10080,-3,137,-179,-13976,4068,5556,-778,48,-78,-13956,-5312,6372,-470,138,-164,0
759.3099110126495,8892,6844,11208,-129,-30,106,7632,-9416,10072,-27,105,-167,-13860,4044,5872,-988,79,-23,-13960,-5352,6296,-503,81,-146,0
759.3431661128998,8948,6788,11184,-63,-57,66,7648,-9432,10152,-93,138,-191,-13792,3972,5696,-970,69,-51,-14072,-5340,6040,-492,151,-148,0
759.376795053482,8860,6676,10960,-140,-112,82,7636,-9460,10124,-32,129,-188,-14032,4156,5504,-1021,97,-121,-13976,-4896,6316,-484,159,-183,0
759.4124331474304,8564,6724,11044,-101,-72,111,7596,-9308,10148,-49,116,-153,-13712,3956,5504,-1006,52,-65,-14036,-5148,6208,-506,124,-124,0
759.4460320472717,8804,6644,11032,-99,-15,86,7472,-9356,10096,-54,115,-106,-13816,3980,5468,-987,62,-56,-14028,-5160,6348,-504,79,-156,0
759.4797711372375,8724,6872,10956,-127,-54,94,7540,-9252,10116,-62,163,-162,-13880,4008,5768,-990,66,-27,-13924,-5344,6200,-523,120,-154,0
759.5132620334625,8724,6756,11132,-91,-56,85,7596,-9344,10224,-53,139,-175,-13816,4048,5540,-996,104,-42,-13996,-4992,6212,-545,110,-174,0
759.5469219684601,8848,6732,11088,-95,-68,93,7584,-9444,10036,-27,92,-196,-14016,4024,5572,-1011,91,-70,-13924,-4920,6376,-517,192,-128,0
759.580619096756,8764,6760,11132,-114,-83,85,7636,-9372,10084,-44,100,-201,-13576,4016,5524,-989,109,-118,-13964,-5128,6232,-496,180,-125,0
759.6140501499176,8728,6808,11200,-108,-113,94,7692,-9356,10168,-71,152,-182,-13916,3960,5796,-928,38,-108,-14272,-4996,6084,-490,162,-154,0
759.647390127182,8836,6752,11204,-117,-120,85,7680,-9512,10128,-33,169,-203,-13972,4028,5488,-968,84,-84,-14000,-5092,6180,-502,149,-180,0
759.6810851097107,8832,6740,11100,-98,-59,61,7644,-9372,10140,-58,152,-187,-13612,4260,5828,-770,23,-47,-13964,-5132,6276,-257,149,-160,0
759.7143981456757,8860,6744,11028,-102,-49,80,7632,-9440,10088,-55,138,-182,-14076,4048,5624,-986,65,-52,-14000,-5104,6244,-765,127,-143,0
759.7477009296417,8764,6776,11164,-91,-62,91,7640,-9452,10112,-88,113,-146,-13872,4104,5604,-953,68,-51,-13924,-4880,6288,-490,118,-158,0
759.7813811302185,8692,6732,10948,-107,-49,59,7624,-9376,10156,-69,125,-194,-13824,4056,5640,-973,62,-97,-13944,-5128,6284,-504,134,-138,0
759.8149020671844,8808,6860,11144,-136,-85,91,7652,-9512,10160,-47,144,-153,-13732,4108,5392,-999,73,-50,-13956,-5088,6112,-504,152,-148,0
759.8484439849854,8752,6776,11088,-98,-67,96,7460,-9440,10084,-32,92,-178,-13836,4016,5452,-995,79,-76,-13976,-5088,6248,-540,144,-146,0
759.8818061351776,8696,6692,11020,-86,-66,103,7864,-9512,10044,14,111,-179,-13808,4088,5604,-1001,86,-98,-13984,-5168,6408,-499,160,-130,0
759.9150919914246,8804,6800,11172,-112,-69,110,7540,-9308,10056,-67,129,-210,-13772,3884,5440,-967,106,-117,-14032,-5136,6160,-480,132,-118,0
759.9487199783325,8736,6776,11048,-113,-79,120,7624,-9500,10256,-56,115,-203,-13792,4088,5564,-964,82,-49,-13952,-4940,6208,-516,151,-125,0
759.982213973999,8760,6788,11192,-106,-69,82,7564,-9472,10060,-51,163,-155,-13900,4108,5704,-1018,47,-79,-13900,-5192,6316,-526,162,-142,0
760.0155889987946,8764,6908,10944,-169,-63,90,7608,-9224,10172,253,157,-153,-13848,4008,5612,-1271,76,-84,-14044,-5172,6204,-517,149,-111,0
760.0491490364075,8808,6804,10944,-132,-32,88,7644,-9384,10056,-59,128,-157,-13884,3972,5880,-1008,66,-70,-14060,-5136,6188,-493,109,-133,0
760.0826251506805,6884,7452,11680,611,59,193,7612,-9468,10136,84,186,-195,-13864,4328,5492,-984,88,-72,-14008,-5112,6136,-464,212,-97,0
760.1161639690399,8712,6820,11048,-193,-89,107,7632,-9448,10068,15,180,-180,-13880,4040,5556,-1006,108,-65,-14052,-5032,6276,-486,170,-120,0
760.1494600772858,8664,6776,10996,-156,-51,124,7556,-9520,10020,-25,130,-152,-13912,4068,5644,-996,107,-81,-14072,-5136,6188,-458,119,-88,0
760.182538986206,8820,6852,11012,-170,-67,141,7644,-9712,10052,-54,167,-188,-13860,4032,5728,-975,115,-91,-13988,-5108,6356,-468,155,-114,0
760.2208869457245,8676,6708,10884,-205,-91,112,7544,-9256,10136,-29,178,-197,-13860,4132,5624,-976,121,-102,-13960,-4960,6244,-480,208,-59,0
760.2559640407562,8904,6768,11120,-167,-83,134,7564,-9520,10056,1,140,-200,-13836,4024,5808,-1000,140,-109,-13896,-4888,6272,-497,190,-49,0
760.2913961410522,8776,6852,11148,-234,-148,148,7504,-9476,10136,-254,141,-193,-13736,4052,5708,-1033,194,-156,-13844,-5076,6328,-496,199,-43,0
760.3276860713959,8740,6776,11104,-206,-159,170,7692,-9484,9976,-256,151,-204,-13800,4188,5804,-986,174,-132,-14012,-5184,6396,-477,172,-61,0
760.3628170490265,8796,6784,10980,-237,-138,155,7620,-9484,10336,-15,177,-183,-13924,3960,5552,-972,139,-93,-14048,-5044,6348,-486,161,-86,0
760.3982150554657,8836,6888,11116,-221,-112,123,7620,-9412,10104,-10,176,-207,-13776,4004,5600,-1269,173,-133,-14112,-5104,6196,-499,190,-67,0
760.4337320327759,9104,6812,11124,-209,-182,143,7656,-9448,10192,-7,172,-212,-13904,4024,5684,-1019,160,-131,-14056,-5088,6272,-488,195,-56,0
760.4697380065918,8800,6720,11124,-225,-123,136,7576,-9420,10100,-9,170,-216,-13836,3948,5588,-1013,165,-103,-13932,-5080,6380,-472,170,-74,0
760.5055160522461,8868,6760,11256,-225,-145,122,7580,-9444,10048,-3,160,-214,-13824,4064,5528,-1001,148,-106,-14024,-5036,6268,-448,173,-111,0
760.5413341522217,8868,6740,11136,-233,-145,154,7536,-9356,10124,10,135,-194,-13748,3988,5656,-1032,127,-121,-14024,-5096,6300,-496,176,-95,0
760.5776550769806,8796,6764,11088,-202,-137,139,7664,-9488,10120,-19,150,-177,-13836,4060,5256,-1008,135,-122,-13968,-5072,6168,-469,155,-92,0
760.6129801273346,8740,6792,11116,-205,-157,144,7656,-9472,10216,10,141,-196,-13880,4060,5568,-1279,120,-139,-13988,-5076,6156,-484,187,-69,0
760.6486649513245,8764,6732,11056,-200,-147,170,7820,-9256,9984,-26,147,-199,-13856,4052,5480,-981,157,-152,-13956,-5272,6348,-500,200,-72,0
760.6836249828339,8780,6740,10884,-219,-198,144,7584,-9364,10076,-3,102,-219,-13844,4056,5612,-1035,153,-118,-13972,-5080,6264,-492,188,-76,0
760.7195870876312,8768,6644,11148,-199,-165,146,7640,-9456,10236,-29,104,-199,-13900,4088,5836,-1009,168,-116,-14268,-5112,6248,-261,128,-94,0
760.7547600269318,8876,6668,11128,-169,-137,144,7576,-9396,10100,-20,148,-160,-13860,3992,5524,-1010,105,-87,-14064,-5036,6240,-515,150,-134,0
760.7898190021515,8832,6724,10984,-195,-150,152,7720,-9424,10140,25,122,-199,-13764,3976,5640,-1023,111,-128,-14032,-5016,6180,-257,129,-114,0
760.8261759281158,8836,6740,10856,-112,-90,84,7424,-9684,10080,-100,118,-187,-13924,3972,5624,-969,107,-120,-13980,-5068,5892,-520,123,-143,0
760.8623809814453,8792,6564,11072,-114,-109,67,7868,-9676,10116,-73,115,-201,-13852,4064,5448,-981,83,-125,-14056,-4932,6192,-487,166,-140,0
760.8956711292267,9200,6620,10968,-122,-76,73,7692,-9400,10044,-24,129,-188,-13856,4024,5312,-1029,92,-54,-13912,-5044,6144,-496,90,-159,0
760.9292349815369,9156,6672,10964,-113,-14,80,7608,-9396,10052,-20,139,-127,-14072,4048,5424,-1017,66,-45,-14016,-5112,6252,-475,69,-168,0
760.9629580974579,8812,6668,11092,-108,-19,86,7552,-9420,10140,-63,130,-142,-13792,4016,5400,-993,65,-39,-13964,-4884,6352,-504,113,-167,0
760.9966769218445,8816,6704,11040,-92,-54,74,7644,-9424,10172,-56,124,-168,-13852,3964,5608,-974,45,-68,-13940,-5112,6172,-524,121,-168,0
761.0302450656891,8708,6792,11064,-73,-81,79,7556,-9520,10096,-35,106,-190,-13832,3980,5848,-974,73,-91,-14004,-5088,6284,-522,186,-116,0
761.0638530254364,8744,6712,10768,-134,-127,105,7512,-9380,10144,-50,91,-209,-13872,3968,5496,-1008,111,-83,-13916,-5048,6248,-258,170,-122,0
761.0974841117859,8784,6804,11392,-108,-81,92,7712,-9540,9928,-70,123,-165,-13912,4012,5684,-958,68,-80,-14008,-4888,6176,-506,135,-153,0
761.1310350894928,8880,6800,11196,-109,-83,89,7436,-9264,10192,-43,105,-174,-13800,3988,5768,-967,92,-28,-14036,-4992,6156,-523,137,-162,0
761.1644749641418,8864,6804,10988,-107,-38,107,7908,-9492,10144,-44,144,-182,-14048,3912,5592,-998,83,-73,-14000,-5272,6268,-528,128,-156,0
761.1981091499329,8892,6752,11172,-95,-75,109,7620,-9356,10024,-17,138,-155,-13572,4020,5660,-1013,82,-95,-14020,-4996,6224,-540,133,-174,0
761.2313361167908,8888,6760,11020,-95,-65,92,7428,-9252,10120,-70,123,-165,-13804,4048,5616,-1009,61,-86,-13924,-4904,6320,-533,139,-170,0
761.2649619579315,8860,6744,11156,-99,-82,90,7612,-9444,10132,-52,116,-179,-13872,3932,5404,-989,99,-63,-13916,-5012,6268,-507,153,-146,0
761.2986240386963,8832,6756,10876,-109,-64,94,7684,-9468,10008,-80,135,-213,-13900,4176,5260,-955,73,-75,-13880,-5332,6144,-519,145,-151,0
761.3320879936218,8876,6732,11024,-104,-43,82,7636,-9364,10088,-30,108,-167,-13864,4048,5592,-1011,94,-39,-13984,-5080,6184,-757,152,-163,0
761.3657341003418,8868,6780,11060,-93,-73,83,7624,-9496,10076,-29,114,-176,-13904,4080,5664,-980,74,-78,-14056,-4904,6196,-528,155,-179,0
761.3990559577942,8868,6740,11248,-100,-84,76,7680,-9520,10172,-36,132,-175,-13852,4024,5592,-970,62,-104,-13880,-5124,6360,-487,156,-139,0
761.4324240684509,8944,6856,11076,-144,-97,87,7600,-9376,10092,-64,109,-191,-13956,3940,5496,-986,76,-88,-13976,-5144,6252,-521,150,-131,0
761.4660120010376,8796,6808,11172,-71,-64,88,7636,-9424,9952,-45,146,-161,-13808,4052,5452,-971,70,-50,-14008,-5120,6272,-532,136,-169,0
761.4997079372406,8744,6724,11040,-109,-40,109,7640,-9272,10420,-22,137,-158,-13896,4080,5832,-991,54,-70,-13980,-5160,6384,-520,165,-157,0
761.5333430767059,8780,6936,11164,-129,-57,108,7540,-9324,10060,-17,133,-166,-13920,3984,5380,-974,100,-52,-13992,-5176,6220,-530,104,-123,0
761.5669369697571,8768,6864,11012,-98,-98,62,7568,-9412,10168,-71,126,-181,-13916,3952,5636,-973,86,-100,-14032,-5088,6068,-521,148,-131,0
761.6005170345306,8692,6676,11160,-155,-27,78,7588,-9440,10116,-16,149,-190,-13824,4016,5572,-987,110,-109,-13924,-5060,6004,-477,141,-124,0
761.6338000297546,8800,6728,11048,-102,-65,80,7676,-9224,10224,-43,123,-179,-13576,4084,5628,-1006,111,-54,-14060,-4868,6012,-491,125,-96,0
761.6673130989075,8840,6784,11088,-109,-52,89,7652,-9264,9832,-15,45,-156,-14052,4304,5832,-1003,46,-7,-13972,-4892,6244,-533,87,-136,0
761.701103925705,8780,6804,11260,-130,-61,105,7540,-9528,10076,-90,141,-173,-13612,4016,5412,-967,83,-51,-13968,-5132,6252,-259,119,-160,0
761.7346339225769,8940,6716,11040,-160,-76,105,7468,-9564,10088,-74,146,-168,-13792,3996,5652,-993,80,-93,-13980,-4868,6224,-520,165,-148,0
761.7680559158325,8740,6756,10856,-94,-44,98,7644,-9248,10056,-254,120,-166,-13804,3988,5652,-1007,82,-132,-13944,-5092,6332,-527,171,-120,0
761.8016221523285,8752,6824,10800,-128,-95,110,7572,-9508,10176,-30,98,-197,-13616,3996,5388,-989,148,-105,-13904,-5200,6376,-531,161,-116,0
761.835047006607,8756,6828,10860,-109,-90,123,7604,-9268,10104,-3,87,-183,-13720,4048,5568,-1000,111,-43,-14040,-5240,6304,-530,153,-135,0
761.8711879253387,8820,6752,11168,-134,-89,111,7664,-9484,10052,-60,106,-176,-13876,4064,5616,-981,101,-106,-14004,-4984,6264,-494,148,-136,0
761.9062221050262,8876,6776,11216,-134,-65,98,7612,-9504,9936,-32,155,-157,-13632,3960,5524,-998,44,-75,-13964,-5156,6244,-489,180,-136,0
761.9424741268158,8768,6816,10964,-124,-55,106,7504,-9392,10080,-7,149,-170,-13776,3956,5524,-1028,94,-110,-14188,-5196,6344,-492,156,-120,0
761.9777479171753,8736,6856,10856,-161,-80,86,7592,-9464,10076,-57,145,-183,-13884,4064,5492,-994,104,-78,-13984,-4900,6144,-476,150,-106,0
762.0133039951324,8776,6832,11156,-168,-94,91,7584,-9496,10116,250,185,-194,-13728,4080,5536,-975,110,-103,-14072,-5112,6216,-415,239,-103,0
762.0482759475708,9116,6928,11152,-143,-173,144,7468,-9452,10056,-9,152,-205,-13816,4068,5736,-993,129,-99,-13956,-5344,6280,-496,163,-104,0
762.0840680599213,8880,6752,10992,-155,-125,135,7612,-9424,10060,-23,148,-188,-13944,4008,5592,-987,110,-133,-13884,-4904,6332,-496,184,-66,0
762.1197121143341,8776,6796,10856,-180,-100,143,7528,-9484,10116,-15,185,-174,-13788,3976,5464,-991,134,-108,-13984,-5120,6284,-479,195,-65,0
762.1550509929657,8732,6804,11148,-226,-115,130,7528,-9668,10092,251,183,-175,-13740,4320,5560,-1037,167,-90,-13924,-5116,6340,-448,215,-78,0
762.190817117691,8772,6808,11132,-217,-110,162,7568,-9444,10180,1,174,-195,-13840,4136,5504,-998,188,-113,-14048,-5252,6232,-499,168,-102,0
762.2259690761566,8744,6768,10844,-206,-127,169,7668,-9412,10204,-249,189,-199,-13860,3876,5552,-1001,161,-90,-14072,-5024,6260,-469,199,-58,0
762.2618341445923,8856,6744,11232,-221,-139,163,7612,-9448,10140,-19,173,-201,-13860,4084,5464,-982,199,-140,-14000,-5124,6184,-482,209,-56,0
762.2974369525909,8880,6816,11184,-173,-129,158,7800,-9480,10140,-16,133,-208,-13844,4028,5588,-1010,165,-140,-14068,-5104,6180,-484,164,-79,0
762.3333950042725,8820,6776,11064,-209,-142,124,7624,-9392,10064,-30,145,-201,-14068,3932,5800,-990,148,-95,-13956,-5108,6268,-489,189,-78,0
762.3691711425781,8764,6772,11168,-201,-119,106,7672,-9476,10248,11,161,-193,-13816,4056,5620,-996,144,-130,-13952,-5148,6184,-474,160,-81,0
762.4040129184723,8944,6668,11172,-207,-144,123,7632,-9368,10208,15,176,-205,-13924,4076,5492,-994,107,-111,-13900,-5068,6256,-482,169,-78,0
762.4395520687103,8732,6668,11164,-206,-155,155,7676,-9440,10188,7,132,-214,-13788,4040,5420,-993,142,-131,-13836,-5000,6176,-458,171,-81,0
762.4745740890503,8856,6792,11184,-222,-152,150,7496,-9448,10208,-9,147,-223,-13892,3952,5604,-979,155,-114,-14072,-5132,6280,-473,195,-68,0
762.5117089748383,8808,6732,10968,-200,-149,144,7636,-9224,10140,-29,159,-211,-13812,4016,5604,-990,126,-122,-13840,-5048,6228,-486,122,-84,0
762.5451920032501,8956,6672,11252,-192,-158,117,7588,-9476,10112,-16,159,-183,-13780,4056,5440,-1045,90,-116,-13944,-5032,6212,-493,153,-100,0
762.5786819458008,8780,6696,10928,-222,-144,122,7492,-9384,10056,47,149,-181,-14000,3952,5400,-996,122,-109,-13944,-5220,6264,-496,155,-77,0
762.6122760772705,8844,6848,10756,-144,-116,116,7584,-9416,10128,252,160,-178,-13772,3992,5716,-985,111,-88,-13916,-4896,6348,-494,173,-80,0
762.6455130577087,8952,6572,11148,-207,-142,114,7612,-9676,10072,-11,137,-233,-13820,4032,5440,-973,196,-141,-13976,-4944,6280,-465,191,-35,0
762.6791200637817,8880,6688,11232,-220,-137,149,7608,-9372,10168,4,120,-189,-13892,3864,5376,-1002,136,-140,-14084,-5056,6256,-456,114,-104,0
762.7125511169434,8844,6736,10896,-133,-98,117,7656,-9412,10248,-14,120,-149,-13572,3908,5628,-993,123,-96,-13964,-5004,6288,-477,78,-111,0
762.7460889816284,8816,6660,11020,-152,-80,129,7652,-9464,10096,-65,154,-155,-13872,4032,5872,-1000,89,-62,-14004,-5108,6260,-502,103,-148,0
762.7797679901123,8800,6700,11092,-140,-95,120,7612,-9676,9984,-70,156,-175,-13772,4048,5588,-983,55,-85,-13884,-5032,6172,-523,155,-142,0
762.8133690357208,8864,6672,10764,-111,-65,96,7656,-9408,10212,-55,117,-184,-13824,3912,5512,-1006,107,-60,-13952,-5024,6212,-498,146,-84,0
762.8469359874725,8796,6712,10928,-149,-100,91,7632,-9492,10184,-19,96,-194,-13784,4068,5472,-1010,145,-111,-13944,-4960,6196,-490,193,-109,0
762.8804609775543,8736,6712,11172,-120,-100,110,7636,-9512,10028,-42,88,-221,-13840,3980,5432,-993,115,-116,-14020,-5044,6260,-500,172,-129,0
762.9136419296265,8904,6712,10832,-115,-104,117,7704,-9476,10260,-60,132,-185,-13968,4100,5468,-991,114,-68,-14056,-5212,6296,-516,124,-135,0
762.9473099708557,8844,6892,10752,-104,-94,99,7624,-9420,10388,-85,108,-179,-13868,4008,5464,-982,89,-75,-13976,-5068,6280,-262,157,-135,0
762.985906124115,8904,6452,10988,-97,-50,84,7628,-9328,10056,-27,131,-173,-14072,4080,5552,-1030,50,-64,-13864,-5100,6276,-503,153,-142,0
763.0200791358948,8864,6720,10760,-97,-69,70,7636,-9340,10088,-39,112,-146,-13752,4040,5584,-1020,81,-29,-13992,-5096,6252,-495,95,-162,0
763.0536670684814,8772,6692,11008,-111,-41,76,7520,-9428,10124,-78,136,-192,-13880,4012,5568,-981,82,-68,-13976,-5104,6308,-768,134,-157,0
763.0873279571533,8832,6756,11248,-114,-60,85,7680,-9392,10168,-41,114,-168,-13904,4100,5592,-989,80,-109,-14036,-4980,6256,-505,154,-129,0
763.1207060813904,8832,6888,11224,-99,-100,109,7620,-9452,9848,-50,163,-196,-13876,4032,5376,-972,80,-71,-14012,-5020,6220,-500,161,-132,0
763.1539270877838,8868,6712,10880,-102,-93,108,7624,-9396,10172,-61,113,-207,-13868,3984,5588,-1005,108,-41,-14044,-5020,6160,-500,150,-128,0
763.1874949932098,8816,6852,11136,-100,-92,94,7664,-9452,10116,-72,107,-188,-13924,4044,5504,-981,98,-50,-13988,-5068,6224,-507,137,-147,0
763.2208530902863,8872,6808,10956,-103,-84,89,7664,-9484,10032,-46,139,-178,-13588,4020,5464,-1013,78,-102,-13888,-5156,6344,-507,130,-118,0
763.2543740272522,8840,6740,11096,-114,-69,82,7576,-9420,10088,-38,129,-173,-13852,3996,5592,-1013,91,-96,-13984,-5148,6320,-497,131,-154,0
763.2876670360565,8944,6740,11164,-104,-68,88,7456,-9488,10420,-61,93,-167,-13884,4084,5448,-1010,83,-26,-14068,-5064,6316,-526,93,-137,0
763.3211951255798,8940,6664,11184,-83,-96,86,7676,-9420,10024,-72,127,-162,-13684,4032,5664,-979,29,-61,-13904,-5008,6236,-560,139,-194,0
763.3547279834747,8712,6700,11040,-124,-79,84,7668,-9468,10020,247,112,-177,-13860,4004,5884,-920,14,-68,-13888,-5156,6236,-509,113,-162,0
763.387983083725,8876,6776,10872,-98,-55,96,7492,-9380,10180,-36,168,-166,-13888,4048,5736,-981,51,-90,-13952,-5092,6224,-529,109,-153,0
763.4215550422668,8804,6740,11120,-127,-64,84,7564,-9416,9816,-55,131,-183,-13816,4048,5588,-983,46,-85,-13960,-5052,6296,-484,156,-137,0
763.4552109241486,8848,6616,11028,-147,-41,69,7548,-9444,10172,-26,143,-203,-13584,4160,5580,-1012,100,-53,-13956,-5016,5904,-502,114,-156,0
763.488667011261,8796,6836,11056,-90,-60,89,7672,-9348,9916,-40,129,-153,-14080,4080,5208,-995,39,-25,-13984,-5032,6192,-257,126,-154,0
763.522068977356,8868,6780,11000,-131,-42,92,7764,-9412,10116,-66,103,-135,-13744,4140,5516,-964,51,-74,-13924,-5168,6268,-499,97,-133,0
763.5591199398041,8780,6736,11108,-126,-52,93,7672,-9504,10044,-64,130,-158,-13852,4048,5408,-975,76,-86,-13996,-5156,6300,-497,123,-147,0
763.5942730903625,8800,6872,11024,-112,-67,116,7572,-9376,10160,-67,105,-168,-13776,4072,5808,-1003,82,-75,-13976,-4872,6216,-507,145,-160,0
763.6301410198212,8736,6816,11092,-90,-63,77,7672,-9652,10048,-24,117,-194,-13816,4040,5572,-769,73,-114,-13948,-5120,6412,-767,210,-120,0
763.665589094162,8812,6776,10968,-96,-72,95,7524,-9580,9952,-15,137,-203,-13804,4056,5604,-1013,91,-106,-13868,-5156,6336,-765,163,-122,0
763.7012820243835,8864,6804,11100,-126,-90,135,7756,-9384,10024,-39,130,-156,-13864,4256,5688,-1004,129,-115,-14056,-5024,6304,-502,153,-104,0
763.7360019683838,8968,6788,10972,-134,-47,103,7636,-9668,9968,-20,120,-183,-13904,4164,5584,-998,107,-97,-14000,-5376,6356,-468,149,-136,0
763.771772146225,8820,6756,11196,-121,-40,78,7588,-9472,10152,-34,124,-171,-13836,4044,5664,-999,77,-89,-14008,-5128,6168,-511,141,-128,0
763.8077471256256,8708,6796,11064,-113,-68,115,7608,-9260,10028,-57,110,-162,-13864,4068,5436,-987,59,-74,-13968,-5136,6348,-500,158,-157,0
763.8426439762115,8828,6760,11192,-94,-62,107,7540,-9656,10192,-53,170,-174,-13812,4340,5620,-979,93,-61,-13948,-5068,6356,-480,152,-145,0
763.8786211013794,8860,6720,10992,-117,-30,100,7660,-9488,10052,-42,118,-180,-13912,3924,5544,-993,93,-82,-13992,-5036,6236,-507,141,-117,0
763.91366314888,8848,6704,11156,-125,-45,91,7612,-9396,10048,-22,129,-178,-14056,4092,5708,-999,81,-70,-13884,-5156,6380,-482,147,-118,0
763.9493489265442,8768,6780,11212,-120,-40,79,7560,-9548,10004,-39,135,-172,-13824,4076,5860,-776,86,-103,-13864,-5240,6172,-503,167,-104,0
763.9842410087585,8788,6768,11064,-145,-68,110,7604,-9484,10124,-8,133,-177,-13844,4072,5656,-996,111,-93,-13984,-5220,6308,-765,157,-89,0
764.0197031497955,8868,6784,11072,-132,-63,134,7616,-9320,10176,-28,127,-167,-13904,4072,5872,-1008,113,-96,-13872,-5328,6292,-502,171,-112,0
764.054897069931,8756,6844,11080,-143,-44,113,7656,-9440,10064,-8,124,-179,-13820,4056,5644,-1007,119,-82,-14020,-5100,6388,-487,169,-117,0
764.0900790691376,8820,6748,11080,-163,-43,116,7464,-9400,10080,13,159,-160,-13604,3992,5804,-996,132,-134,-14008,-5104,6216,-491,190,-83,0
764.1255090236664,8868,6784,10968,-202,-87,115,7532,-9668,10100,19,185,-213,-13760,4012,5432,-956,114,-73,-13888,-5232,6148,-482,170,-81,0
764.1613459587097,8844,6788,11000,-182,-93,139,7572,-9436,10076,-22,175,-175,-13920,4060,5624,-1007,107,-89,-13948,-5144,6216,-502,180,-94,0
764.1988210678101,8872,6784,10988,-209,-106,149,7468,-9560,10032,13,200,-179,-13900,4192,5588,-1062,101,-119,-13844,-5164,6252,-492,182,-96,0
764.2321140766144,8732,6784,11140,-242,-109,119,7588,-9472,10052,32,176,-181,-14048,4052,5808,-769,150,-92,-13884,-5164,6412,-484,159,-90,0
764.2655680179596,8956,6824,10964,-201,-106,132,7584,-9432,9772,-24,156,-193,-13916,3992,5480,-971,156,-109,-14044,-5192,6220,-492,159,-83,0
764.2990760803223,8816,6788,11056,-211,-113,123,7672,-9480,10080,-7,190,-205,-13900,4088,5604,-968,156,-145,-13900,-5028,6216,-452,216,-82,0
764.3324749469757,8920,6780,11088,-216,-119,161,7608,-9480,10176,19,181,-214,-13936,4044,5536,-979,138,-126,-14012,-5008,6216,-478,196,-65,0
764.3658759593964,8904,6780,11108,-202,-102,155,7428,-9492,10152,33,152,-180,-13808,4016,5700,-1004,131,-79,-13892,-5372,6212,-463,125,-69,0
764.3991920948029,8476,6756,11088,-214,-80,139,7620,-9452,9996,-33,123,-181,-13892,4072,5580,-994,153,-91,-13940,-5356,5984,-457,143,-63,0
764.432459115982,8768,6668,11000,-230,-138,120,7900,-9264,10100,-25,134,-179,-13928,3872,5600,-990,134,-129,-13888,-5368,6208,-480,181,-90,0
764.466010093689,8816,6832,11108,-170,-138,149,7604,-9336,10008,-2,136,-192,-13804,4012,5424,-1031,158,-125,-13832,-5076,6320,-505,190,-88,0
764.4997179508209,8820,6456,11228,-220,-134,146,7732,-9540,9960,3,121,-237,-13856,4012,5460,-997,147,-85,-13904,-5116,6240,-482,212,-60,0
764.5331871509552,8944,6844,11136,-199,-133,139,7616,-9428,9940,252,133,-222,-13756,4060,5564,-992,132,-92,-13884,-5076,6156,-500,185,-98,0
764.5668349266052,8844,6720,11048,-191,-172,155,7664,-9248,10084,14,135,-211,-13884,3996,5648,-978,161,-80,-14000,-4940,6172,-490,186,-85,0
764.6002650260925,8880,6720,11164,-193,-116,114,7688,-9648,10128,-30,103,-211,-13960,4044,5864,-1007,157,-125,-14076,-5092,6196,-490,189,-72,0
764.6335370540619,8776,6716,11072,-173,-141,121,7676,-9452,10088,-14,150,-194,-13860,4024,5656,-1008,150,-106,-14000,-5012,6272,-489,192,-83,0
764.667179107666,8848,6700,11080,-182,-143,138,7608,-9428,10052,5,121,-185,-13888,4008,5616,-1000,163,-116,-13888,-5192,6192,-467,146,-105,0
764.7008669376373,8812,6680,11108,-216,-131,109,7584,-9368,10116,-39,136,-209,-13912,3996,5616,-987,139,-90,-13992,-4952,6340,-471,145,-89,0
764.7343361377716,8932,6652,10764,-192,-127,115,7528,-9480,9992,4,163,-177,-13916,4264,5580,-999,113,-103,-14000,-5040,6180,-511,192,-107,0
764.7679250240326,8892,6752,10816,-155,-130,129,7604,-9468,9952,-13,114,-193,-13876,3992,5588,-985,111,-117,-14024,-4960,6236,-258,172,-114,0
764.8013319969177,8860,6680,10828,-103,-120,95,7920,-9416,10072,-51,131,-203,-13808,3920,5564,-1012,82,-118,-13988,-5032,6264,-525,165,-146,0
764.8347790241241,8808,6688,10776,-110,-110,106,7572,-9424,10036,-42,100,-171,-13864,3992,5716,-1011,114,-96,-14016,-5176,6264,-527,181,-123,0
764.8684000968933,8828,6688,10908,-107,-59,92,7636,-9344,9992,-43,112,-177,-14072,4048,5536,-1009,108,-27,-13852,-5308,6184,-525,157,-156,0
764.9015920162201,8872,6716,10764,-107,-44,100,7728,-9484,10188,-29,137,-179,-13740,4052,5484,-1006,99,-75,-13988,-5264,6236,-497,172,-128,0
764.9349539279938,8872,6704,11148,-128,-38,87,7620,-9472,10152,-59,130,-166,-13852,3992,5500,-987,73,-107,-14116,-5288,6268,-488,119,-134,0
764.9685759544373,8892,6820,11000,-103,-50,98,7632,-9428,10020,-82,115,-137,-13916,4312,5520,-974,80,-76,-14056,-5316,6024,-529,113,-163,0
765.0018870830536,8880,6744,11048,-94,-30,70,7444,-9220,10008,-44,128,-167,-13852,4024,5508,-1007,49,-75,-13932,-5144,6196,-508,162,-165,0
765.0353310108185,8904,6832,11088,-108,-65,78,7632,-9428,10004,251,136,-170,-13896,3928,5712,-1021,60,-82,-13992,-5056,6168,-260,140,-150,0
765.0688180923462,8788,6720,11112,-48,-59,71,7608,-9224,10400,-61,147,-198,-13584,4044,5824,-962,40,-102,-13868,-5272,6344,-519,170,-170,0
765.102313041687,8796,6792,11036,-122,-77,67,7648,-9260,10028,-52,110,-194,-13824,4072,5332,-948,85,-108,-14024,-5248,6244,-483,172,-148,0
765.1355791091919,8820,6744,11208,-82,-58,92,7640,-9424,10072,-66,144,-182,-13832,4076,5564,-963,84,-82,-14304,-5168,6380,-492,135,-152,0
765.1692039966583,8888,6768,11112,-92,-68,78,7636,-9316,10216,-38,144,-140,-13944,4028,5664,-1028,91,-30,-13952,-5276,6228,-472,72,-145,0
765.2025461196899,8772,6692,10904,-106,-42,88,7488,-9428,10120,-49,143,-179,-13932,4076,5576,-992,59,-56,-13984,-5156,6268,-508,113,-163,0
765.2390811443329,8880,6836,10988,-99,-59,101,7588,-9496,10228,-54,157,-166,-13740,4024,5560,-973,62,-47,-13992,-5128,6164,-269,139,-133,0
765.2740700244904,8824,6776,10972,-76,-104,96,7920,-9244,10076,-48,129,-197,-13836,3956,5544,-1029,69,-111,-13896,-5180,6292,-523,194,-172,0
765.3092319965363,8816,6736,11116,-123,-97,97,7556,-9416,10124,-25,109,-185,-13588,4016,5820,-1279,86,-92,-14040,-5048,6224,-510,160,-129,0
765.3443989753723,8856,6776,11260,-94,-108,85,7788,-9492,10004,-52,125,-195,-13840,4020,5656,-977,88,-110,-14004,-4928,6288,-501,166,-165,0
765.3804149627686,8888,6840,10996,-112,-59,108,7596,-9372,9972,-54,87,-164,-13932,3868,5460,-975,79,-63,-14048,-5104,6196,-492,119,-155,0
765.4153521060944,8772,6824,11108,-110,-47,90,7572,-9520,10160,-21,138,-147,-13828,3976,5564,-1003,64,-92,-14040,-5124,6232,-509,153,-135,0
765.4511821269989,8480,6780,11248,-99,-88,93,7580,-9436,10124,-34,105,-176,-13752,4024,5512,-1005,61,-56,-13872,-5220,6272,-504,150,-152,0
765.4873011112213,8820,6796,11232,-81,-60,99,7900,-9496,10164,-79,102,-186,-13748,4028,5376,-974,56,-34,-14008,-5332,6372,-258,108,-140,0
765.5223679542542,8852,6688,10868,-95,-37,54,7724,-9512,10136,-65,123,-158,-13716,4088,5664,-1000,55,-82,-13972,-5044,6356,-265,144,-163,0
765.5586109161377,8808,6792,11140,-127,-63,81,7644,-9500,10236,13,118,-155,-13576,3912,5560,-1022,55,-110,-13980,-4912,6160,-468,180,-148,0
765.594321012497,8744,6840,10972,-74,-13,92,7524,-9472,10220,-60,129,-174,-13748,4092,5732,-1001,104,-82,-13992,-5108,6140,-262,179,-144,0
765.629851102829,8832,6720,11064,-116,-77,123,7620,-9460,10108,-55,101,-204,-13944,4076,5604,-996,116,-104,-13840,-5208,6300,-502,142,-149,0
765.6650681495667,8860,6788,10880,-120,-56,115,7588,-9372,10172,-24,124,-168,-13800,4168,5688,-995,111,-65,-14040,-5192,6160,-471,148,-101,0
765.7005031108856,8940,6764,11196,-115,-22,83,7560,-9456,10064,-32,143,-164,-13724,4104,5536,-1010,85,-111,-13892,-5120,6316,-479,113,-127,0
765.7354919910431,8864,6800,10836,-164,-9,74,7856,-9388,9864,-16,144,-152,-13580,4324,5764,-966,87,-47,-13908,-5200,6312,-466,115,-140,0
765.7712140083313,8756,6836,10896,-159,-63,82,7500,-9392,10044,-28,186,-148,-13780,4044,5540,-999,114,-91,-14008,-5140,6244,-514,115,-120,0
765.8072760105133,8716,6796,11148,-147,-73,123,7604,-9464,10164,-58,156,-172,-13816,4036,5600,-994,118,-62,-13860,-5140,6368,-481,148,-96,0
765.8419270515442,8756,6788,10996,-172,-101,144,7536,-9412,10168,18,137,-212,-13584,4020,5872,-1024,143,-121,-13732,-4892,6116,-498,215,-63,0
765.8784761428833,8772,6844,11148,-166,-129,135,7640,-9360,10108,253,142,-191,-13832,4056,5660,-1040,109,-88,-14056,-5132,6176,-503,239,-69,0
765.9118731021881,8928,6820,10996,-211,-109,134,7580,-9456,10044,31,148,-207,-13840,4148,5656,-1001,140,-104,-14024,-5092,6220,-497,201,-65,0
765.9455230236053,8692,6768,11072,-217,-92,141,7624,-9552,10032,-20,177,-199,-13728,4020,5560,-975,161,-105,-13948,-5028,6304,-489,222,-72,0
765.9793140888214,8760,6764,11080,-223,-129,112,7524,-9448,10148,-15,176,-223,-13852,4088,5604,-987,132,-126,-14000,-5136,6400,-460,187,-105,0
766.0129849910736,8796,6816,11116,-211,-154,115,7568,-9512,10000,-30,176,-209,-13820,4160,5584,-988,148,-150,-13988,-5212,6336,-468,173,-100,0
766.0466430187225,8796,6760,11052,-234,-134,151,7632,-9456,10116,-15,176,-197,-13832,4192,5456,-980,143,-129,-14032,-5148,6228,-504,192,-89,0
766.0802400112152,8820,6720,11148,-219,-138,143,7620,-9412,10104,3,172,-188,-13808,3944,5436,-1024,166,-92,-14028,-4896,6380,-458,195,-88,0
766.1137819290161,8840,6668,10992,-225,-144,151,7668,-9432,9980,10,146,-172,-13768,4088,5568,-1021,148,-66,-14000,-4928,5888,-465,201,-69,0
766.1471951007843,8812,6688,11060,-222,-139,123,7588,-9484,10088,-1,183,-202,-13876,3984,5600,-1008,143,-107,-14044,-5328,6248,-493,201,-78,0
766.1808059215546,8940,6816,11112,-199,-129,148,7440,-9436,10140,-8,133,-190,-13700,3984,5260,-1021,142,-117,-13956,-4880,6188,-485,158,-83,0
766.2143931388855,8904,6748,11016,-195,-141,148,7684,-9648,10036,0,154,-184,-13940,4004,5676,-1005,140,-126,-14324,-5044,6200,-480,161,-96,0
766.2479181289673,8884,6700,10904,-197,-130,131,7556,-9516,10204,-17,130,-192,-14064,4064,5644,-1017,131,-60,-13976,-5360,6224,-465,156,-100,0
766.2812390327454,8864,6788,11040,-219,-156,139,7564,-9400,10156,-9,154,-165,-13728,3968,5596,-990,122,-95,-13980,-5156,6224,-467,170,-89,0
766.3147730827332,8808,6748,11084,-202,-142,138,7552,-9456,10020,3,130,-192,-13872,4124,5428,-1023,142,-87,-13860,-5016,6072,-482,177,-80,0
766.3482990264893,8688,6656,11236,-201,-140,148,7612,-9508,10224,-249,109,-204,-13904,4016,5432,-1007,165,-140,-14024,-5096,6188,-483,193,-66,0
766.3815989494324,8896,6868,10872,-193,-165,128,7620,-9420,10196,-6,103,-236,-13864,3968,5568,-1034,122,-123,-13964,-5088,6320,-491,185,-73,0
766.4150190353394,8948,6696,11124,-166,-143,138,7692,-9364,9828,-256,129,-207,-13984,3964,5616,-1011,121,-143,-13932,-5096,6132,-485,228,-84,0
766.4486601352692,8816,6604,11036,-148,-134,130,7620,-9376,10140,-6,98,-207,-14008,3976,5432,-1010,145,-119,-14032,-5120,6204,-512,160,-108,0
766.4819679260254,8784,6900,11132,-106,-142,129,7672,-9256,10160,-21,105,-177,-14040,3976,5836,-1015,104,-90,-13996,-5144,6220,-533,165,-131,0
766.5155940055847,8896,6688,11008,-103,-111,104,7592,-9408,10052,-23,123,-157,-14056,4032,5772,-1010,81,-104,-13948,-5036,6132,-527,133,-148,0
766.5494410991669,8796,6724,10944,-75,-116,105,7636,-9404,10020,-39,131,-152,-13872,3964,5444,-1011,59,-100,-13944,-5116,6156,-496,173,-165,0
766.5829229354858,8876,6708,11000,-123,-60,60,7676,-9316,10156,247,103,-174,-13832,3996,5508,-981,110,-62,-14060,-5116,6244,-470,148,-127,0
766.6165599822998,9100,6724,11108,-119,-61,109,7644,-9472,10220,-71,116,-184,-14052,3900,5536,-974,100,-28,-14080,-5068,6176,-514,121,-124,0
766.6496939659119,8900,6696,11244,-90,-51,80,7612,-9680,9992,-63,143,-140,-14064,4060,5564,-975,47,-68,-14056,-5044,6148,-531,125,-199,0
766.6829781532288,8956,6660,11200,-117,-70,75,7632,-9372,10176,-11,125,-162,-13792,4036,5672,-1039,44,-102,-13940,-5112,6200,-514,189,-115,0
766.7166249752045,8800,6844,11032,-54,-40,87,7632,-9336,10424,-19,106,-166,-13608,4048,5792,-991,66,-87,-13936,-5108,6044,-515,106,-110,0
766.7500441074371,8884,6640,11088,-107,-57,77,7716,-9424,10020,-83,118,-196,-13832,4048,5192,-982,58,-47,-13960,-5092,6212,-503,174,-148,0
766.7836210727692,8756,6760,11016,-100,-43,98,7660,-9472,10096,-30,114,-155,-13828,3868,5592,-1015,65,-23,-13968,-5340,6396,-494,137,-157,0
766.8173091411591,8880,6776,10952,-91,-62,97,7632,-9356,10116,-37,125,-151,-13840,4064,5588,-1265,69,-23,-13924,-5208,6212,-529,89,-170,0
766.8503000736237,8872,6740,11168,-96,-38,96,7596,-9380,10124,-69,122,-155,-13836,4000,5736,-975,52,-69,-14040,-5124,6232,-511,121,-161,0
766.8836579322815,8776,6672,11052,-110,-70,89,7616,-9240,10092,-82,148,-170,-13728,3988,5688,-968,77,-87,-13956,-5096,6244,-513,168,-131,0
766.9206171035767,8896,6668,11016,-65,-66,95,7632,-9500,10176,-47,94,-185,-13608,4052,5504,-1279,106,-101,-13960,-5288,6348,-524,173,-155,0
766.956001996994,8736,6700,10956,-83,-66,89,7620,-9448,10116,-34,108,-208,-13884,4016,5880,-992,54,-101,-14052,-5200,6196,-504,209,-139,0
766.9928119182587,8940,6784,11244,-122,-133,125,7672,-9372,10016,-22,113,-184,-13884,4104,5612,-1277,91,-125,-13852,-4920,6236,-490,150,-117,0
767.0283000469208,8900,6744,11060,-126,-81,81,7652,-9388,9948,-51,111,-188,-13892,4056,5592,-1005,56,-92,-13924,-5360,6148,-470,141,-115,0
767.0633940696716,8800,6732,10960,-119,-48,72,7660,-9400,10060,-31,140,-134,-13872,4040,5744,-1003,28,-59,-13956,-5236,6216,-526,151,-140,0
767.0988099575043,8832,6876,11104,-118,-51,93,7716,-9348,10172,-44,120,-172,-13844,4012,5696,-1015,48,-74,-14028,-5252,6300,-518,162,-198,0
767.1338410377502,8732,6780,10976,-102,-54,69,7612,-9448,10080,-65,177,-171,-13780,4112,5716,-972,46,-62,-13936,-5076,6080,-257,135,-144,0
767.1694951057434,8712,6860,11092,-151,-41,79,7596,-9448,10128,-46,147,-156,-13592,4100,5636,-1004,59,-72,-13952,-5152,6120,-477,154,-125,0
767.2047231197357,8880,6724,11256,-135,-13,72,7676,-9668,9780,-55,135,-173,-13816,4024,5612,-980,107,-67,-14052,-5084,6284,-526,159,-94,0
767.2399971485138,8732,6672,10944,-127,-56,103,7612,-9408,10040,-28,128,-159,-13788,3992,5660,-1011,83,-87,-13880,-5192,6180,-505,173,-98,0
767.2750179767609,8796,6880,10852,-133,-71,114,7564,-9560,10052,-32,114,-169,-14060,4016,5524,-995,99,-97,-13928,-5136,6160,-507,174,-134,0
767.3103709220886,8816,6808,11084,-91,-51,116,7512,-9428,10000,-35,96,-175,-13920,4012,5556,-1033,118,-112,-13996,-5364,6340,-523,192,-145,0
767.3456060886383,8756,6728,10792,-93,-66,124,7632,-9688,10040,-28,131,-202,-13772,3864,5624,-1006,95,-79,-14036,-5328,6232,-539,157,-127,0
767.3811540603638,8784,7064,10816,-127,-84,95,7892,-9452,10176,-42,160,-180,-13872,4008,5816,-1003,86,-146,-13648,-5236,6304,-484,176,-132,0
767.416216135025,8908,6812,11112,-108,-109,99,7676,-9364,9940,-66,138,-194,-13884,4056,5616,-983,97,-81,-13948,-5120,6084,-505,131,-146,0
767.4525649547577,8836,6720,10960,-152,-64,95,7636,-9664,10128,-28,201,-162,-13716,3868,5524,-1024,74,-79,-14096,-5140,6316,-502,186,-131,0
767.4887809753418,8808,6740,11300,-212,-49,105,7600,-9436,10088,48,224,-167,-13844,4020,5676,-1019,116,-110,-13988,-5128,6268,-462,168,-78,0
767.5238530635834,8784,6860,11052,-137,-104,106,7540,-9252,10136,-36,145,-211,-13924,4040,5768,-976,124,-130,-14008,-5216,6208,-510,164,-80,0
767.5616121292114,8892,6812,11032,-188,-127,118,7620,-9404,10012,-36,157,-210,-13820,4124,5616,-982,144,-94,-14000,-5124,6172,-468,205,-90,0
767.5950729846954,8836,6740,10972,-176,-114,141,7588,-9356,10036,-255,177,-177,-13716,3888,5700,-994,127,-73,-13824,-5148,6264,-480,160,-88,0
767.6284110546112,8724,6784,10752,-182,-70,125,7524,-9368,10028,-1,150,-139,-13768,4068,5656,-974,112,-66,-13952,-5192,6124,-440,145,-82,0
767.6617450714111,8748,6728,11220,-244,-68,136,7432,-9372,10136,-26,183,-143,-13796,4016,5580,-948,146,-96,-13936,-5164,6176,-473,152,-50,0
767.6951720714569,8788,6756,11144,-226,-80,126,7580,-9452,10188,-19,165,-198,-13944,3852,5856,-1001,160,-71,-13920,-5060,6248,-464,183,-37,0
767.7286689281464,8536,6720,10956,-213,-93,132,7660,-9544,10172,0,139,-189,-13748,4040,5504,-1035,172,-96,-14016,-5048,6124,-465,234,-54,0
767.7621350288391,8712,6452,10756,-230,-146,164,7636,-9464,10232,12,106,-231,-13736,4060,5576,-1012,194,-134,-13968,-5108,6200,-472,217,-68,0
767.7956690788269,8896,6792,11056,-193,-140,165,7596,-9372,10056,-22,136,-212,-13576,4096,5480,-994,161,-135,-14036,-5004,6172,-468,165,-76,0
767.8291990756989,8944,6700,10816,-207,-135,148,7576,-9420,10240,14,122,-192,-13872,4308,5816,-987,144,-98,-14072,-5064,6352,-456,157,-74,0
767.862692117691,8864,6700,11104,-216,-148,132,7628,-9456,10124,8,141,-189,-13740,3980,5732,-993,125,-86,-13976,-5168,6224,-479,183,-86,0
767.8960390090942,8844,6744,10844,-211,-106,154,7440,-9452,10068,9,175,-169,-13804,4000,5580,-1025,115,-55,-14004,-5092,6216,-470,163,-74,0
767.9295420646667,8844,6744,11084,-204,-118,146,7548,-9420,10092,4,163,-188,-14080,4088,5604,-1023,160,-131,-13896,-5176,6220,-472,195,-48,0
767.9629049301147,8796,6756,11032,-217,-156,135,7652,-9384,10232,-16,111,-213,-13620,4024,5476,-990,142,-99,-13936,-5056,6216,-446,191,-77,0
767.9989681243896,8756,6620,10952,-239,-170,137,7588,-9340,10148,-9,164,-192,-13844,3980,5460,-1007,134,-129,-14028,-5244,6208,-456,199,-92,0
768.0327949523926,8824,6684,11228,-226,-157,149,7648,-9340,10128,12,160,-203,-13576,4220,5884,-997,137,-121,-14040,-5124,6204,-461,202,-92,0
768.0661430358887,8816,6796,10988,-217,-145,135,7572,-9228,10168,10,123,-208,-13584,4008,5692,-1009,146,-99,-14028,-5048,6160,-485,176,-83,0
768.0996990203857,8764,6724,11096,-185,-135,154,7676,-9432,10172,3,131,-200,-13912,3932,5704,-989,155,-149,-13972,-5056,6220,-484,163,-79,0
768.1329610347748,8904,6748,10924,-153,-168,165,7568,-9388,10184,-19,145,-193,-13780,4008,5588,-1019,136,-127,-14080,-4892,5920,-482,197,-52,0
768.1661069393158,8892,6700,11104,-182,-135,157,7724,-9304,10032,-23,67,-207,-13940,4016,5524,-1009,149,-96,-14308,-4880,6144,-494,171,-63,0
768.1996741294861,8884,6884,10804,-121,-124,130,7636,-9440,10072,-33,137,-153,-13900,4064,5540,-1009,119,-65,-13952,-5088,6212,-464,100,-90,0
768.2332501411438,8928,6548,10956,-159,-94,115,7876,-9256,10228,40,118,-186,-14008,4000,5588,-1033,52,-79,-13952,-5148,6196,-495,150,-131,0
768.266881942749,8852,6676,10988,-106,-41,98,7592,-9448,10208,-84,95,-190,-13808,4056,5472,-950,69,-78,-13916,-5068,6076,-499,120,-150,0
768.3004939556122,9056,6716,11016,-128,-86,72,7580,-9512,10204,-57,156,-198,-13896,4064,5668,-968,76,-147,-13924,-4988,6136,-459,216,-132,0
768.3338711261749,9160,6900,10988,-151,-40,90,7596,-9472,10008,-25,142,-180,-13952,4044,5684,-1280,94,-75,-13932,-5012,6124,-469,156,-115,0
768.3673460483551,8868,6400,10816,-124,-57,104,7664,-9336,10012,-27,106,-135,-14068,3908,5876,-1009,75,-5,-13828,-5116,6232,-501,95,-130,0
768.4005069732666,8944,6712,11224,-118,-46,94,7932,-9404,10136,-47,120,-150,-13688,4016,5592,-1274,89,-55,-13916,-5328,6260,-491,100,-145,0
768.4338181018829,8788,6744,11040,-128,-40,102,7616,-9724,10148,-77,127,-195,-14040,4076,5480,-966,61,-113,-13920,-4872,6216,-511,143,-148,0
768.4673509597778,8756,6736,11048,-80,-69,71,7520,-9444,10076,-36,129,-194,-14060,3992,5480,-1022,47,-101,-13968,-5020,6196,-524,176,-145,0
768.5010640621185,8804,6728,11084,-66,-69,76,7704,-9372,10136,-39,119,-183,-13836,4012,5860,-1277,60,-87,-13928,-5180,6176,-258,190,-148,0
768.5345160961151,8896,6728,10900,-121,-72,82,7576,-9308,10056,-31,101,-208,-13848,4036,5732,-1012,103,-44,-14040,-5132,6024,-766,153,-104,0
768.5680959224701,8892,6708,10896,-127,-99,103,7424,-9504,10056,-72,106,-202,-13904,3996,5516,-988,91,-67,-14040,-4912,6228,-483,122,-118,0
768.6049399375916,8788,6708,10780,-143,-47,86,7640,-9412,10112,-60,132,-157,-13932,4004,5672,-975,113,-87,-14060,-5032,6256,-497,147,-161,0
768.6406879425049,8880,6704,11116,-92,-60,113,7612,-9488,10104,-32,115,-139,-13756,3960,5536,-1021,75,-43,-13984,-5048,6152,-516,176,-133,0
768.6761910915375,8844,6816,10924,-74,-41,97,7676,-9412,10168,-23,116,-177,-13872,4140,5548,-989,74,-82,-14080,-5100,6144,-543,120,-137,0
768.7118139266968,8788,6716,11248,-85,-53,63,7556,-9392,10040,-60,106,-173,-13844,3996,5592,-995,53,-63,-13904,-5084,6192,-488,140,-155,0
768.7478251457214,8844,6712,11116,-118,-66,78,7648,-9456,10044,-46,132,-184,-13844,4328,5664,-988,68,-83,-14032,-5116,6060,-496,176,-150,0
768.78297996521,8856,6464,11056,-103,-68,84,7760,-9416,10100,-19,141,-178,-13808,4080,5640,-1278,79,-75,-13896,-5052,6132,-504,139,-130,0
768.8180840015411,8776,6900,11088,-89,-53,89,7592,-9444,10092,-49,143,-161,-13604,4292,5484,-1019,44,-74,-14092,-5140,6132,-507,147,-163,0
768.8537631034851,8848,6744,11068,-109,-71,91,7612,-9316,10144,-42,113,-182,-13768,4004,5664,-983,109,-86,-14040,-5040,6192,-506,164,-109,0
768.8892221450806,8864,6800,10832,-107,-69,74,7544,-9316,10208,-40,116,-186,-13844,4008,5884,-992,102,-70,-13952,-5300,5916,-484,168,-131,0
768.9240939617157,8720,6696,11160,-84,-89,106,7472,-9472,10184,-49,144,-158,-13856,4016,5648,-997,90,-61,-14076,-5124,5892,-502,128,-152,0
768.9607710838318,8984,6756,11060,-100,-75,81,7592,-9460,10056,-7,147,-164,-13744,4024,5876,-999,42,-54,-13812,-5136,6244,-499,167,-159,0
768.9960880279541,8864,6800,10964,-123,-44,93,7568,-9296,10092,-256,147,-152,-13736,4304,5396,-1037,72,-26,-13992,-5192,6384,-511,115,-150,0
769.0319271087646,8852,6828,11212,-80,-65,86,7864,-9632,10172,-95,153,-126,-13880,3988,5572,-1001,80,-66,-13984,-5116,5952,-523,145,-121,0
769.0677750110626,8908,6784,10788,-118,-81,65,7856,-9468,10196,-30,125,-173,-13744,4072,5860,-985,65,-83,-13968,-5056,6088,-494,148,-112,0
769.1029140949249,8872,6720,11076,-122,-34,54,7656,-9388,9968,-52,110,-181,-14032,4140,5432,-988,83,-73,-14012,-5124,6216,-473,132,-133,0
769.1381759643555,8720,6724,11048,-123,-49,110,7568,-9404,9972,-64,96,-140,-13864,4008,5696,-769,87,-27,-14016,-5192,6076,-468,127,-140,0
769.1736440658569,8884,6808,11196,-145,-35,91,7668,-9408,9996,-64,141,-164,-13784,4028,5728,-977,70,-59,-14076,-5192,5992,-478,128,-134,0
769.2093319892883,8760,6828,11252,-149,-78,122,7524,-9508,10132,-58,131,-171,-13776,4312,5848,-1002,103,-75,-13868,-4908,6320,-511,163,-130,0
769.2464170455933,8856,6740,11156,-94,-31,84,7528,-9444,10052,-40,88,-167,-14048,3860,5676,-1000,83,-67,-13972,-5196,6172,-495,195,-95,0
769.2800040245056,8664,6796,11056,-131,-72,130,7600,-9420,10088,-17,125,-206,-13712,4084,5772,-1274,123,-78,-13896,-5124,6212,-491,193,-116,0
769.3136339187622,8836,6736,11132,-134,-58,111,7836,-9252,10036,-23,125,-153,-13880,4068,5724,-1002,106,-106,-13908,-5188,6260,-764,150,-101,0
769.347118139267,8772,6760,11184,-149,-31,117,7868,-9320,10052,-46,151,-173,-13808,4024,5664,-1000,146,-127,-14044,-5132,6236,-479,124,-103,0
769.3807201385498,8908,6788,11116,-153,-63,101,7620,-9404,10064,-24,183,-199,-13812,4072,5420,-1022,109,-83,-13976,-5336,6316,-508,167,-115,0
769.4138550758362,8832,6668,11176,-205,-88,115,7480,-9412,9804,2,152,-178,-13856,3964,5636,-1008,103,-75,-13928,-5172,6284,-486,182,-85,0
769.4474740028381,8832,6836,11120,-177,-107,141,7564,-9220,10152,-28,167,-182,-13876,3988,5676,-983,143,-107,-14128,-5128,6120,-481,184,-71,0
769.4810860157013,8832,6896,11176,-190,-102,116,7540,-9336,10112,-35,169,-205,-13904,4108,5744,-936,149,-121,-13956,-5124,6308,-472,202,-90,0
769.5145740509033,8740,6776,11144,-226,-72,136,7556,-9720,10036,-22,184,-186,-13880,4144,5516,-1006,126,-117,-13992,-5148,6112,-465,169,-73,0
769.548367023468,8812,6776,10840,-229,-94,102,7588,-9460,10156,-5,179,-180,-13888,4064,5828,-1006,155,-76,-14012,-4872,6016,-479,168,-77,0
769.5817611217499,8812,6756,11204,-230,-79,152,7548,-9392,10100,-19,177,-197,-13760,4336,5644,-991,176,-97,-13980,-4992,5956,-480,188,-41,0
769.6150529384613,8820,6708,11244,-214,-103,160,7536,-9332,10144,-31,156,-205,-13804,4088,5872,-1016,143,-146,-13920,-5116,6396,-473,181,-55,0
769.6485149860382,8808,6724,10848,-219,-128,164,7624,-9512,10140,-2,141,-191,-13776,4032,5508,-984,173,-116,-13996,-5376,6184,-486,184,-55,0
769.6820940971375,8480,6656,11124,-220,-114,146,7804,-9416,10204,-10,166,-231,-14020,4032,5688,-987,162,-143,-14000,-5048,6020,-473,209,-60,0
769.7156000137329,8796,6832,11124,-234,-118,149,7652,-9400,10044,-10,131,-207,-13832,3992,5480,-996,185,-84,-14028,-5016,6260,-481,133,-78,0
769.7492620944977,8912,6664,10908,-209,-135,161,7648,-9452,9988,20,190,-181,-13812,4064,5640,-1037,100,-61,-14096,-4988,6224,-498,156,-84,0
769.782900094986,8856,6424,11128,-4,-135,141,7576,-9420,10016,67,164,-180,-13768,3924,5544,-1044,105,-67,-13952,-5084,6168,-486,151,-88,0
769.8167719841003,8792,6796,10872,-198,-96,122,7656,-9428,10084,7,177,-177,-13820,4048,5616,-1004,165,-72,-13924,-4924,6396,-453,186,-100,0
769.8502490520477,8816,6716,11156,-224,-156,119,7568,-9396,10052,0,172,-194,-13796,4060,5540,-989,140,-166,-14064,-5016,6164,-440,233,-57,0
769.8835849761963,8896,6688,10880,-230,-148,140,7620,-9408,9900,14,136,-184,-13804,4160,5524,-992,157,-122,-14108,-5104,6068,-442,194,-72,0
769.9169280529022,8900,6768,11036,-224,-140,190,7596,-9288,10224,23,135,-169,-13792,4028,5744,-1011,133,-83,-14208,-5100,6248,-474,136,-84,0
769.9505350589752,8844,6700,11020,-228,-115,149,7604,-9224,10060,9,183,-153,-13804,4188,5680,-1024,132,-36,-13924,-5324,6244,-477,126,-97,0
769.9841380119324,8796,6616,11092,-209,-133,127,7584,-9348,10260,10,160,-175,-13824,4068,5704,-1007,134,-104,-14048,-5120,6052,-499,182,-78,0
770.017646074295,8924,6616,11056,-186,-134,140,7512,-9392,10148,-10,141,-190,-13800,4020,5432,-1018,131,-137,-14000,-5056,6156,-474,190,-108,0
770.0510680675507,8924,6632,10980,-136,-152,127,7648,-9408,10096,247,108,-211,-13800,4068,5404,-991,163,-139,-13912,-4952,6028,-482,214,-95,0
770.084587097168,8804,6668,11048,-130,-149,132,7540,-9368,10052,-38,61,-214,-13792,4100,5508,-1012,149,-126,-13840,-4972,6036,-504,168,-123,0
770.1180930137634,8780,6632,10932,-128,-121,127,7556,-9364,10252,-55,124,-213,-13880,4036,5524,-995,114,-98,-13868,-5072,6164,-497,160,-134,0
770.1515519618988,8832,6712,10952,-129,-50,101,7852,-9724,10116,-29,110,-193,-13616,3852,5380,-1020,113,-110,-14036,-4992,6176,-490,167,-131,0
770.1851379871368,9024,6680,11188,-111,-47,76,7620,-9344,10224,-13,145,-156,-13884,4036,5760,-1011,72,-112,-14000,-5084,6156,-506,133,-132,0
770.218649148941,8988,6604,10960,-93,-53,91,7612,-9368,10208,-47,127,-185,-13932,4056,5608,-769,78,-64,-13912,-4972,6364,-510,135,-122,0
770.2517940998077,8880,6584,11100,-104,-63,81,7572,-9412,10016,-61,124,-177,-13712,4048,5588,-976,79,-70,-13976,-5368,6228,-499,130,-112,0
770.2887589931488,8952,6724,11072,-96,-65,82,7424,-9720,9984,-70,133,-182,-14028,4048,5668,-1002,64,-87,-14060,-5232,6204,-521,125,-143,0
770.3241980075836,8820,6848,10888,-75,-56,88,7616,-9400,10092,-39,131,-196,-13780,4064,5540,-1011,63,-139,-13988,-5176,6320,-500,145,-163,0
770.3606550693512,8824,6708,11004,-82,-48,106,7612,-9336,10488,-32,128,-188,-13868,4000,5396,-770,102,-85,-14040,-5068,6024,-488,151,-147,0
770.3960349559784,8872,6716,11092,-108,-75,88,7836,-9468,10328,-46,101,-176,-13912,4132,5680,-963,99,-104,-14332,-4908,6344,-502,181,-119,0
770.4318289756775,8884,6908,11096,-104,-81,90,7588,-9340,10168,-70,131,-209,-13844,4260,5740,-996,104,-97,-14052,-4912,6164,-491,130,-108,0
770.4681799411774,8832,6728,11068,-87,-81,113,7532,-9504,10132,-98,100,-165,-13924,4012,5780,-978,50,-53,-14132,-5016,5996,-538,118,-133,0
770.5038120746613,8844,6588,10808,-82,-35,88,7644,-9352,10048,-13,117,-164,-13828,4308,5412,-1074,51,-35,-13912,-5076,6264,-488,144,-141,0
770.5396280288696,8788,6672,10908,-99,-25,85,7432,-9300,10128,-14,97,-163,-13592,4084,5692,-1012,74,-69,-13992,-5324,6236,-541,121,-144,0
770.5749349594116,8712,6748,10988,-87,-47,73,7624,-9328,10120,-75,136,-169,-13896,4000,5692,-944,23,-58,-14060,-5300,5960,-516,140,-154,0
770.6105270385742,8756,6544,11088,-98,-41,76,7620,-9460,10208,-49,142,-190,-13852,4072,5444,-1000,70,-107,-13828,-4896,5896,-482,164,-162,0
770.6454319953918,8904,6560,11020,-91,-53,55,7592,-9228,10096,-17,142,-167,-13872,3984,5660,-1000,59,-45,-14112,-5280,5928,-483,128,-153,0
770.6808941364288,8828,6464,10796,-107,-6,105,7668,-9376,10192,-60,103,-158,-13804,4092,5792,-983,58,-64,-13944,-5092,6232,-762,110,-148,0
770.7160890102386,8700,6796,11228,-105,-62,69,7592,-9468,10032,-78,163,-153,-13824,4200,5652,-990,47,-78,-13968,-5080,6076,-497,120,-122,0
770.7528400421143,8876,6736,11056,-109,-54,84,7640,-9636,10096,-52,113,-156,-13708,4332,5552,-992,58,-51,-14080,-5036,5996,-523,147,-135,0
770.788192987442,8880,6792,11064,-75,-54,74,7624,-9388,10228,-30,125,-190,-13792,4276,5408,-964,75,-113,-14024,-5060,6048,-510,172,-158,0
770.8236620426178,8688,6832,11152,-82,-78,101,7436,-9644,10176,-68,118,-192,-13588,3872,5788,-1000,91,-61,-14032,-5012,6176,-510,172,-113,0
770.8594739437103,8920,6416,11228,-113,-119,111,7596,-9440,10120,-46,105,-191,-13872,3984,5660,-998,78,-104,-13940,-4912,6192,-258,152,-116,0
770.8944211006165,8940,6740,11100,-122,-65,98,7820,-9408,10224,-41,120,-200,-13928,3944,5680,-990,95,-61,-14024,-5104,6168,-515,135,-130,0
770.9312410354614,8848,6668,11208,-98,-57,95,7564,-9340,10076,-43,149,-155,-13892,4060,5856,-997,90,-132,-13948,-5176,6072,-513,178,-108,0
770.9650340080261,8836,6792,11076,-109,-65,114,7696,-9368,10012,-51,142,-160,-13828,4000,5552,-1006,70,-101,-14060,-5344,6144,-488,173,-110,0
770.9985699653625,8868,6664,11080,-113,-46,79,7652,-9320,10076,-74,131,-170,-13812,4080,5648,-995,73,-65,-14028,-5020,5904,-473,138,-106,0
771.0321991443634,8852,6784,11076,-130,-47,91,7652,-9516,10116,-45,173,-172,-13796,4152,5628,-1004,116,-75,-14036,-5272,6236,-476,149,-117,0
771.0657551288605,8844,6788,11116,-140,-39,97,7640,-9432,10176,-32,152,-155,-13808,4020,5872,-773,111,-44,-14104,-5020,6136,-487,137,-127,0
771.0993061065674,8884,6700,11044,-141,-60,107,7664,-9464,10108,-29,144,-160,-13592,4064,5704,-977,97,-97,-13992,-5164,6272,-490,160,-119,0
771.1328010559082,8824,6744,11088,-148,-49,68,7536,-9496,10124,-44,134,-188,-13780,3940,5740,-997,73,-115,-13900,-5216,6196,-493,167,-76,0
771.1662421226501,8724,6808,10988,-132,-82,119,7524,-9512,10116,-33,144,-185,-13748,4036,5680,-1011,110,-106,-14040,-5180,6216,-510,187,-101,0
771.199991941452,8844,6736,11128,-143,-73,116,7660,-9412,10076,-18,155,-192,-13764,4004,5632,-1008,132,-112,-14004,-5148,6312,-486,180,-100,0
771.2335381507874,8840,6808,11096,-181,-79,133,7680,-9408,10116,-22,172,-192,-13900,3984,5568,-989,147,-82,-14040,-4928,6144,-468,170,-87,0
771.2671580314636,8852,6860,11236,-203,-122,138,7528,-9508,10156,-26,151,-169,-13624,4064,5580,-977,141,-78,-14008,-5124,5960,-494,147,-60,0
771.3007011413574,8864,6788,11028,-160,-117,146,7584,-9384,9996,-23,182,-179,-13812,3900,5740,-997,101,-89,-14048,-4872,6216,-504,163,-109,0
771.334300994873,8776,6640,11028,-210,-104,102,7896,-9452,10024,28,181,-175,-13984,4048,5588,-1019,117,-145,-13968,-4872,6068,-496,208,-75,0
771.367919921875,8784,6768,11024,-165,-106,109,7592,-9424,10156,-26,178,-202,-13776,4008,5628,-1002,98,-101,-13984,-5124,6304,-507,150,-92,0
771.401288986206,8748,6804,11028,-196,-112,110,7580,-9456,10060,-22,181,-207,-13880,4048,5500,-972,130,-151,-14012,-5012,6276,-466,211,-90,0
771.4346809387207,8808,6684,11176,-233,-116,132,7636,-9420,10092,17,184,-198,-13576,3840,5676,-1008,163,-70,-13980,-4916,6196,-428,194,-56,0
771.4682829380035,8844,6884,11032,-203,-105,150,7656,-9344,10200,14,140,-162,-13820,4004,5720,-988,153,-81,-14052,-5048,6212,-471,144,-44,0
771.5017750263214,8776,6724,11176,-235,-88,140,7628,-9496,10196,2,152,-169,-13696,4076,5756,-958,140,-81,-14052,-5008,6100,-445,145,-54,0
771.5353920459747,8932,6648,10988,-232,-128,123,7604,-9344,10136,-32,181,-172,-13860,3992,5616,-971,168,-129,-14040,-5072,6196,-476,168,-67,0
771.5689430236816,8916,6688,11164,-219,-130,126,7580,-9400,10152,15,187,-191,-13584,3960,5716,-1010,138,-115,-13976,-5060,6164,-462,166,-83,0
771.6023650169373,8808,6796,11152,-198,-115,136,7604,-9332,10212,31,167,-195,-13724,4024,5568,-790,147,-123,-13956,-4976,6180,-468,210,-67,0
771.6356179714203,8780,6728,10900,-224,-136,168,7604,-9508,10088,29,123,-212,-13804,4084,5528,-1011,180,-143,-13984,-5056,6208,-490,182,-79,0
771.6693201065063,8796,6704,10996,-202,-136,140,7628,-9412,10108,253,143,-207,-13852,4008,5588,-990,158,-118,-14068,-5068,6168,-457,178,-80,0
771.7028880119324,8808,6740,10940,-208,-126,157,7600,-9308,10068,11,116,-223,-14024,4052,5856,-998,143,-129,-13932,-5068,6184,-493,196,-78,0
771.7364749908447,8768,6596,11060,-199,-147,144,7552,-9352,10056,28,121,-201,-14008,4032,5596,-995,145,-121,-14316,-5108,6376,-485,182,-80,0
771.7699880599976,8868,6648,10912,-192,-155,142,7608,-9396,10164,-3,126,-191,-13812,3904,5488,-1022,146,-51,-13868,-5320,6388,-481,161,-56,0
771.8035011291504,8756,6608,11208,-221,-142,155,7564,-9444,10020,-16,119,-195,-13816,4016,5528,-974,130,-87,-13932,-4984,6196,-462,164,-96,0
771.8371341228485,8960,6644,11140,-198,-144,112,7904,-9508,10368,-1,149,-218,-13932,4056,5660,-984,126,-101,-14020,-4940,6040,-486,184,-92,0
771.8706750869751,8880,6524,11068,-161,-134,110,7660,-9436,10004,250,146,-190,-13992,4044,5556,-1279,93,-159,-14052,-5044,6256,-498,173,-92,0
771.9040031433105,8904,6664,11196,-159,-147,151,7656,-9692,10076,-8,144,-202,-13840,4040,5584,-1045,124,-130,-13968,-5064,6316,-479,171,-120,0
771.9372870922089,8760,6660,11036,-94,-152,124,7552,-9360,10028,-18,96,-204,-13712,3968,5460,-1005,110,-107,-14072,-5084,6200,-506,143,-122,0
771.9748921394348,8876,6708,10956,-74,-151,116,7584,-9428,10052,-60,107,-205,-13816,3944,5524,-992,108,-53,-13984,-4904,5916,-526,155,-127,0
772.0105330944061,8992,6784,11156,-81,-119,112,7908,-9380,10108,-39,116,-186,-13840,3948,5620,-991,93,-96,-13972,-5120,6116,-469,150,-123,0
772.0455269813538,8856,6740,10940,-123,-78,83,7716,-9344,10092,-73,120,-154,-13764,4000,5440,-1004,118,-56,-14084,-5012,6040,-487,92,-125,0
772.0815079212189,8984,6900,10928,-102,-95,113,7632,-9400,10188,-49,124,-134,-13952,4008,5500,-1035,47,-52,-14016,-5004,6060,-486,119,-129,0
772.1170749664307,8904,6824,11256,-119,-28,63,7632,-9676,10124,-251,122,-158,-14044,4028,5776,-1025,53,-87,-13972,-5352,6048,-532,170,-157,0
772.1520569324493,8876,6716,11052,-55,-39,67,7592,-9460,10240,-44,120,-156,-13836,3956,5412,-991,51,-99,-14008,-5124,6244,-531,145,-148,0
772.1876680850983,8856,6688,11096,-70,-108,60,7564,-9500,10168,-69,137,-219,-13792,4080,5388,-997,67,-98,-14044,-5064,6192,-480,188,-164,0
772.2228231430054,8888,6416,11012,-111,-79,76,7652,-9356,10108,-19,119,-186,-13804,4072,5612,-1016,84,-54,-14124,-4884,6144,-484,154,-164,0
772.2587890625,8832,6676,11212,-52,-38,92,7588,-9332,10072,-49,96,-153,-13828,3940,5384,-989,73,-41,-14016,-5116,6240,-487,54,-139,0
772.2943689823151,8776,6740,11000,-110,-29,90,7472,-9396,10212,-95,102,-152,-13628,4028,5700,-1000,60,-22,-13940,-5072,6068,-510,122,-143,0
772.3296201229095,8800,6772,11048,-102,-81,93,7552,-9656,10152,-57,146,-153,-13736,3972,5864,-1001,70,-110,-13912,-5044,6252,-539,139,-141,0
772.364648103714,8808,6644,10920,-58,-67,91,7536,-9672,10076,-85,111,-176,-13820,4012,5592,-1279,97,-70,-13916,-5060,6216,-498,161,-133,0
772.4001441001892,8860,6736,11000,-114,-107,109,7608,-9356,9992,-53,81,-192,-13652,4044,5800,-997,119,-108,-13952,-5112,6164,-512,181,-132,0
772.435173034668,8760,6756,10936,-74,-77,100,7916,-9376,10028,-40,90,-188,-13804,3864,5476,-978,70,-59,-14020,-4880,5888,-539,152,-125,0
772.470929145813,8868,6684,11096,-91,-97,65,7512,-9376,10024,-36,151,-172,-13908,4044,5652,-983,47,-106,-14036,-5140,6168,-508,142,-146,0
772.5061070919037,8844,6744,11172,-60,-45,57,7540,-9472,10192,-43,121,-134,-14064,4064,5688,-993,63,-66,-14020,-5360,6388,-497,132,-142,0
772.5419020652771,8828,6848,10920,-84,-53,84,7584,-9412,10156,-53,122,-188,-14056,4004,5656,-769,52,-80,-14040,-5088,6248,-518,134,-164,0
772.5778040885925,8784,6684,11056,-85,-74,80,7648,-9428,10180,-48,105,-150,-13800,3976,5428,-769,94,-83,-14048,-5112,6172,-485,120,-149,0
772.613960981369,8824,6688,11172,-100,-56,94,7592,-9424,10164,-65,116,-179,-13764,4028,5512,-987,80,-122,-13956,-5092,6216,-503,125,-138,0
772.6473240852356,8832,6824,11216,-114,-57,83,7640,-9388,10076,-67,128,-180,-13792,4020,5736,-964,58,-89,-14044,-5132,6284,-496,161,-137,0
772.6805720329285,8844,6860,10964,-86,-63,66,7600,-9376,10084,-47,131,-181,-13976,4132,5760,-995,52,-54,-13960,-5108,6180,-495,153,-145,0
772.7139029502869,8800,6704,11096,-91,-65,80,7928,-9408,10000,-59,146,-175,-13712,3996,5668,-1274,68,-111,-13996,-5012,5972,-263,174,-135,0
772.7472860813141,8772,6876,11056,-94,-79,95,7612,-9380,10124,-51,84,-178,-13736,4012,5756,-1009,76,-99,-14044,-5180,6116,-518,151,-126,0
772.7806539535522,8824,6760,11200,-109,-61,100,7572,-9428,10132,-40,95,-185,-13788,4072,5540,-996,119,-95,-13968,-5376,6232,-479,159,-110,0
772.8141150474548,8888,6816,11064,-112,-27,116,7616,-9420,10112,-81,115,-176,-13872,3988,5792,-971,96,-40,-13844,-4980,6220,-493,152,-111,0
772.8474540710449,8812,6800,11048,-91,-95,121,7588,-9336,10112,-73,136,-152,-13860,4104,5548,-986,88,-15,-13976,-5076,6136,-516,128,-114,0
772.8809750080109,8764,6792,11004,-115,-11,96,7664,-9432,10060,-4,169,-164,-13804,3992,5764,-1042,76,-119,-14000,-4868,6360,-497,158,-122,0
772.914402961731,8808,6876,11064,-115,-55,84,7628,-9416,10232,-37,162,-156,-13600,4092,5848,-1011,98,-65,-14052,-5180,6168,-497,130,-141,0
772.9478499889374,8824,6728,10852,-112,-56,63,7592,-9524,10080,-42,180,-171,-13792,3996,5600,-956,56,-65,-14040,-5012,6160,-502,161,-116,0
772.9813210964203,8728,6804,10964,-167,-30,72,7912,-9416,10088,14,158,-183,-13720,4036,5612,-1007,102,-85,-13964,-5068,6312,-469,178,-107,0
773.0284790992737,8776,6780,10992,-162,-61,134,7596,-9328,10040,-2,123,-163,-13824,4332,5724,-976,129,-40,-14000,-5160,5956,-475,122,-88,0
773.0619349479675,8776,6744,11120,-179,-44,115,7600,-9464,10184,-27,142,-168,-13856,3876,5444,-993,125,-74,-14012,-4900,6296,-458,146,-101,0
773.0956559181213,8840,6792,11052,-187,-118,122,7932,-9684,10000,-45,191,-188,-13600,3944,5688,-978,112,-107,-14060,-5048,6276,-480,181,-89,0
773.1291840076447,8736,6784,11004,-199,-102,131,7520,-9360,10128,-12,199,-171,-13748,4100,5496,-977,128,-148,-13904,-4896,5936,-512,213,-64,0
773.1622729301453,8708,6736,11064,-213,-118,127,7564,-9452,10156,-12,158,-188,-13668,4060,5768,-1001,170,-113,-13828,-5164,6152,-493,225,-65,0
773.2134699821472,8772,6752,11164,-194,-128,157,7656,-9400,10188,-9,136,-195,-13848,3992,5840,-1007,161,-102,-13992,-4916,6296,-481,229,-56,0
773.257481098175,8744,6828,11016,-209,-94,142,7624,-9396,10084,-16,138,-180,-13840,4016,5432,-979,182,-145,-14028,-5036,5932,-492,181,-44,0
773.2910671234131,8908,6660,11204,-214,-87,155,7672,-9448,10152,16,187,-193,-13872,3968,5728,-994,148,-128,-14028,-5076,5888,-494,196,-80,0
773.3246440887451,8932,6844,11024,-225,-143,176,7668,-9528,10052,-16,161,-175,-13800,4100,5628,-1005,139,-46,-13964,-5112,6176,-469,168,-74,0
773.3580460548401,8808,6752,11088,-233,-124,137,7640,-9396,9848,-48,154,-213,-13868,3968,5644,-975,134,-72,-13884,-5264,6344,-467,157,-67,0
773.3914189338684,8856,6700,10928,-221,-139,120,7628,-9452,10224,-7,147,-189,-13600,4288,5444,-998,128,-132,-13984,-5116,6208,-467,187,-97,0
773.4250440597534,8840,6808,10984,-235,-142,126,7868,-9416,10096,27,182,-193,-13816,3988,5420,-1017,165,-138,-13880,-4912,5900,-477,180,-76,0
773.4584629535675,8868,6664,10968,-205,-133,138,7652,-9392,10196,42,146,-208,-13640,3932,5516,-984,133,-98,-14036,-5040,6172,-486,169,-100,0
773.4918940067291,8912,6760,11156,-213,-114,144,7520,-9320,10084,8,116,-219,-13760,4064,5676,-997,137,-83,-13940,-4924,6056,-463,191,-68,0
773.5255169868469,8816,6736,11192,-201,-135,151,7516,-9420,9968,-2,116,-219,-13580,3988,5448,-1029,185,-121,-14012,-5072,6396,-482,170,-77,0
773.5590789318085,8904,6776,10784,-186,-134,145,7592,-9368,10084,-6,113,-203,-13932,3952,5716,-978,166,-123,-14008,-5060,6112,-505,178,-97,0
773.5926539897919,8836,6444,11076,-203,-163,153,7900,-9388,10116,-5,114,-209,-13840,4004,5512,-994,188,-109,-14016,-5016,6100,-487,164,-54,0
773.6256511211395,8852,6632,11252,-203,-133,137,7568,-9360,10088,-5,147,-187,-13844,3952,5840,-1006,146,-129,-14100,-5076,6136,-443,150,-82,0
773.6638629436493,8880,6400,11240,-175,-150,166,7684,-9356,10040,-28,127,-179,-13832,4068,5704,-1005,108,-83,-13844,-4892,6160,-530,132,-110,0
773.699569940567,8892,6676,11136,-184,-113,118,7592,-9408,10032,32,126,-214,-13808,3912,5724,-1029,65,-84,-13956,-5020,6016,-501,171,-122,0
773.7347209453583,8844,6728,11076,-133,-134,110,7524,-9360,10176,255,117,-218,-13752,3912,5596,-1016,126,-137,-14048,-5000,6376,-764,144,-128,0
773.7702629566193,9068,6432,11212,-107,-186,94,7628,-9488,10080,-60,114,-254,-13836,4016,5528,-1001,109,-143,-13900,-4984,6240,-518,190,-112,0
773.805477142334,8904,6600,11092,-107,-131,83,7608,-9240,10132,-30,97,-214,-13804,4080,5464,-1004,97,-96,-13960,-5044,5888,-513,126,-138,0
773.8412899971008,8916,6896,10932,-74,-56,121,7688,-9400,9752,-32,136,-134,-13892,3996,5468,-1027,61,-39,-14188,-5076,6244,-491,93,-134,0
773.8773529529572,8876,6732,11204,-131,-29,101,7552,-9328,10084,-19,136,-130,-13784,3976,5556,-776,27,-72,-13968,-4984,6184,-476,112,-157,0
773.9124290943146,8828,6740,11044,-128,-38,72,7648,-9392,10064,-68,143,-166,-13756,4032,5392,-1003,37,-101,-13896,-4968,6160,-765,142,-135,0
773.9481990337372,8784,6652,10840,-79,-74,96,7664,-9336,10108,-19,96,-179,-13812,4048,5552,-1264,80,-69,-13992,-5020,6200,-517,179,-154,0
773.9836721420288,8912,6728,11028,-81,-116,83,7556,-9400,10112,-37,111,-216,-13708,3952,5412,-1278,106,-134,-14312,-5032,6264,-513,180,-130,0
774.0194549560547,8776,6752,10900,-102,-104,124,7668,-9328,10076,-50,92,-216,-13580,4112,5428,-1010,78,-65,-14044,-5120,6248,-502,128,-149,0
774.0550730228424,8932,6736,10832,-79,-105,80,7444,-9436,10404,-43,104,-163,-13896,4052,5784,-980,79,-88,-14132,-5128,6184,-487,92,-146,0
774.0904099941254,8980,6896,10988,-122,-36,92,7676,-9392,10116,-77,109,-159,-14012,4016,5748,-989,83,-48,-13864,-5024,5976,-517,142,-153,0
774.1255400180817,8932,6704,11092,-89,-36,95,7660,-9336,10176,-34,106,-152,-14076,4056,5480,-1059,110,-68,-13972,-5032,6220,-523,145,-140,0
774.161150932312,8952,6748,11116,-89,-59,91,7676,-9364,10132,-43,101,-178,-13612,4184,5776,-1004,109,-54,-14028,-4876,6240,-507,116,-141,0
774.1971600055695,8876,6684,11016,-74,-75,64,7580,-9316,10128,-62,143,-194,-13848,4036,5628,-969,77,-30,-14120,-5024,6192,-510,122,-179,0
774.2321801185608,8732,6756,11024,-111,-51,71,7660,-9380,10208,-66,91,-178,-13592,4004,5528,-968,52,-84,-14080,-5068,5956,-257,131,-136,0
774.2675490379333,8844,6680,11100,-97,-50,80,7700,-9404,10160,-48,109,-163,-13792,4024,5420,-1020,48,-64,-14032,-5048,6212,-509,163,-159,0
774.3030750751495,8804,6792,10968,-88,-42,98,7584,-9688,10120,-19,127,-194,-13740,4032,5632,-983,75,-52,-13980,-5092,6148,-540,175,-150,0
774.3367021083832,8880,6812,11100,-82,-80,86,7716,-9420,10064,-54,104,-198,-13824,3900,5740,-986,68,-28,-13984,-5152,6132,-521,154,-119,0
774.3702170848846,8532,6700,10968,-102,-66,72,7596,-9320,9996,-62,109,-170,-13708,3908,5636,-961,76,-86,-14080,-5160,6216,-493,168,-132,0
774.4036710262299,8832,6788,11100,-130,-79,56,7640,-9464,9988,-84,150,-163,-13860,4048,5836,-959,89,-106,-14068,-5148,6092,-489,108,-142,0
774.4373860359192,8848,6816,11020,-90,-46,95,7564,-9408,10040,-99,130,-146,-13588,3844,5792,-976,32,-35,-14060,-5080,6284,-526,112,-155,0
774.4707479476929,8936,6776,11124,-124,-56,85,7696,-9392,10072,-36,151,-157,-13820,3980,5512,-1036,49,-52,-13864,-5332,6208,-504,153,-120,0
774.5040740966797,8776,6776,11040,-97,-42,102,7448,-9336,10156,-36,132,-163,-13816,4044,5652,-997,95,-41,-14048,-5208,6184,-529,119,-141,0
774.5375881195068,8784,6888,10908,-94,-51,66,7556,-9540,10032,-72,148,-161,-13796,4048,5412,-989,46,-142,-14000,-5076,6100,-512,145,-129,0
774.5710530281067,9124,6792,11200,-133,-35,96,7624,-9416,10240,-41,145,-184,-13764,3848,5596,-969,97,-92,-13896,-5024,6388,-480,169,-121,0
774.6048369407654,8752,6832,11024,-123,-76,92,7584,-9424,10092,-49,108,-144,-13844,3976,5564,-1006,81,-70,-13924,-5076,6096,-494,122,-130,0
774.6381249427795,9152,6728,10788,-111,-23,94,7588,-9376,9740,-38,105,-139,-14056,4040,5764,-987,80,-1,-14288,-4932,6152,-483,100,-135,0
774.6716160774231,8788,6808,11156,-143,-58,92,7588,-9412,10016,-81,141,-183,-13884,3924,5684,-979,93,-88,-13988,-5096,5960,-496,126,-131,0
774.7052431106567,8836,6672,10932,-141,-41,113,7592,-9440,10268,-48,118,-146,-14060,4124,5588,-987,107,-81,-14044,-5308,6024,-504,152,-108,0
774.738687992096,8908,6688,11000,-127,-7,110,7628,-9416,10104,-34,146,-155,-13860,4088,5424,-1018,78,-57,-13880,-5108,6392,-761,157,-111,0
774.7720630168915,8868,6736,11092,-166,-64,96,7556,-9708,10064,-10,132,-169,-13864,4088,5688,-960,96,-45,-14024,-5052,6192,-476,171,-105,0
774.8055949211121,8704,6792,11120,-137,-72,103,7636,-9468,10252,-32,96,-163,-13820,4040,5564,-1010,110,-52,-13904,-5340,5936,-489,187,-107,0
774.8391189575195,8768,6828,11016,-172,-57,123,7604,-9440,10172,12,126,-191,-13892,3960,5404,-995,123,-94,-14136,-4880,6288,-496,146,-94,0
774.8724291324615,8784,6748,11140,-182,-76,115,7704,-9380,10032,-15,174,-198,-14020,3964,5812,-969,136,-129,-14076,-5068,6172,-488,156,-73,0
774.905543088913,8840,6808,10888,-194,-121,149,7568,-9356,10172,-10,157,-178,-13580,4068,5564,-1012,126,-116,-14032,-4948,6380,-479,184,-75,0
774.9392490386963,8720,6796,11064,-170,-102,121,7584,-9428,10144,-32,141,-195,-13584,4056,5632,-1001,157,-76,-14040,-5356,6148,-491,166,-107,0
774.9730949401855,8764,6772,11072,-188,-89,122,7544,-9432,10168,-10,195,-201,-13760,4048,5708,-963,115,-105,-14148,-5080,6236,-477,184,-77,0
775.006669998169,8820,6768,11000,-209,-104,108,7580,-9456,10012,-19,174,-194,-13900,4028,5708,-993,116,-95,-13952,-5192,6260,-479,177,-75,0
775.040158033371,8832,6764,10980,-198,-109,150,7592,-9420,10016,255,188,-208,-13796,4044,5596,-992,131,-125,-14020,-5148,6140,-482,183,-91,0
775.0734889507294,8836,6776,11128,-203,-112,150,7584,-9380,10452,244,202,-209,-13984,4068,5744,-983,163,-177,-14072,-5168,6288,-477,187,-66,0
775.1073279380798,8784,6756,11072,-225,-146,146,7564,-9416,10160,-22,189,-180,-13604,3984,5792,-1005,154,-121,-14044,-5076,6216,-495,186,-55,0
775.1407980918884,8760,6720,11032,-221,-124,134,7608,-9380,10060,12,184,-198,-13900,4088,5776,-1012,133,-90,-14080,-5024,6124,-479,169,-88,0
775.1743619441986,8688,6780,10932,-207,-125,163,7632,-9328,10184,26,175,-161,-13908,4040,5584,-1007,150,-64,-13928,-5004,6212,-468,146,-87,0
775.2079360485077,8868,6612,11128,-238,-107,145,7912,-9380,10224,19,171,-187,-13808,4048,5540,-1043,150,-97,-13916,-5128,6204,-422,176,-79,0
775.2414629459381,8868,6716,11260,-266,-89,141,7560,-9368,10108,-8,191,-179,-13688,4032,5460,-1016,161,-136,-14196,-4872,5948,-464,126,-77,0
775.2749519348145,8904,6404,11140,-248,-104,171,7628,-9472,10124,-255,174,-171,-13632,4052,5404,-998,149,-104,-13896,-5008,6220,-496,134,-96,0
775.3107850551605,8800,6884,11256,-248,-156,144,7628,-9444,10144,44,135,-176,-14064,4008,5860,-1034,127,-114,-14000,-5116,6220,-462,218,-90,0
775.3460991382599,8876,6776,11192,-192,-107,112,7612,-9276,10136,40,127,-179,-13624,4036,5548,-999,114,-132,-13988,-5280,6280,-485,182,-79,0
775.3817570209503,8808,6688,10968,-225,-164,144,7452,-9452,10164,0,133,-212,-13844,4144,5620,-979,183,-150,-13936,-4912,6164,-460,214,-65,0
775.4175939559937,8856,6668,10936,-222,-161,148,7456,-9440,10232,24,133,-224,-13596,4068,5728,-1041,177,-113,-14072,-4960,6156,-450,168,-57,0
775.4531509876251,8912,6616,10908,-179,-113,132,7576,-9312,10200,13,126,-144,-13948,4108,5648,-1010,112,-36,-14124,-5052,6156,-477,108,-88,0
775.4888079166412,8836,6744,11264,-209,-83,151,7516,-9340,10204,-29,139,-165,-13812,3944,5604,-1000,112,-100,-13880,-5028,5904,-486,134,-138,0
775.5238480567932,8800,6656,11232,-178,-136,128,7568,-9368,10144,-46,151,-184,-13760,4004,5748,-989,99,-96,-14032,-5048,6136,-510,167,-86,0
775.5592410564423,8820,6908,11152,-118,-95,105,7524,-9348,10000,-22,121,-224,-13848,4024,5448,-1276,133,-135,-13932,-5000,6280,-494,174,-89,0
775.5944421291351,8880,6644,10756,-155,-140,99,7712,-9380,10080,-36,76,-235,-13696,4028,5396,-1017,141,-98,-13860,-4964,6084,-482,186,-111,0
775.630136013031,8864,6856,11244,-112,-99,106,7652,-9336,10308,-62,105,-207,-13928,3932,5524,-1007,109,-125,-14168,-5044,6260,-258,167,-124,0
775.6652801036835,9012,6660,10828,-159,-108,110,7708,-9336,10164,-42,142,-188,-13928,3960,5460,-989,86,-64,-14108,-5028,6180,-487,135,-150,0
775.7003180980682,9040,6672,11052,-132,-42,65,7596,-9340,9776,-50,164,-165,-13892,4072,5712,-987,105,-114,-13876,-5220,6176,-511,152,-150,0
775.7362189292908,9176,6668,11008,-103,-63,110,7648,-9408,10244,-30,102,-162,-13888,4032,5800,-1033,68,-78,-14068,-5128,6296,-501,139,-155,0
775.7718651294708,8772,6840,11256,-67,-95,100,7552,-9360,10052,-58,86,-172,-13796,4292,5836,-1009,85,-68,-13952,-5112,6176,-541,127,-144,0
775.8074250221252,8868,6632,11164,-102,-73,80,7712,-9428,10428,-80,150,-188,-13880,4024,5648,-971,51,-108,-14032,-5112,6312,-493,131,-138,0
775.8438849449158,8832,6752,11092,-104,-77,98,7572,-9276,10228,-39,126,-188,-13660,3964,5740,-1007,58,-94,-14228,-4880,6020,-504,133,-155,0
775.8794689178467,8920,6724,11004,-82,-48,86,7640,-9456,10172,-67,116,-165,-13784,4024,5820,-1008,66,-96,-13968,-5108,6368,-504,158,-153,0
775.9144320487976,8820,6712,11060,-102,-72,59,7628,-9300,9780,-35,116,-185,-13808,4000,5692,-995,96,-132,-14000,-5064,6168,-520,137,-151,0
775.9504201412201,8744,6644,11188,-96,-70,105,7572,-9456,10436,-51,87,-196,-13836,4036,5548,-996,78,-47,-14140,-5088,6188,-260,149,-130,0
775.9861481189728,8756,6724,11048,-94,-87,113,7868,-9332,10172,-67,127,-189,-13704,3996,5552,-991,108,-55,-13980,-5312,6320,-489,155,-138,0
776.0197880268097,8840,6656,11024,-90,-48,91,7620,-9384,9988,-95,115,-194,-13804,4076,5496,-1004,89,-31,-14092,-5080,6212,-516,92,-132,0
776.05322098732,8896,6584,11128,-77,-52,94,7700,-9436,9992,-62,88,-146,-13848,3856,5764,-997,47,-76,-14024,-5056,5956,-549,111,-149,0
776.0867681503296,8820,6740,11184,-104,-41,97,7636,-9360,10020,-5,184,-158,-13784,3996,5704,-986,5,-101,-13996,-5132,6132,-495,131,-110,0
776.1203999519348,9168,6896,11224,-68,-60,99,7676,-9384,10228,-27,119,-141,-13860,3996,5416,-949,55,-63,-14028,-5328,6216,-533,110,-163,0
776.1537499427795,8908,6440,11092,-98,-68,70,7736,-9400,10004,-66,171,-185,-13832,4052,5732,-985,22,-73,-14008,-5000,6148,-483,151,-157,0
776.187399148941,8820,6656,10828,-113,-44,60,7688,-9452,10124,-41,134,-205,-13820,4036,5644,-1008,101,-39,-14016,-5116,6216,-480,163,-137,0
776.2212021350861,8916,6700,11116,-81,-44,101,7652,-9412,10116,-32,108,-168,-13812,4084,5632,-979,78,-14,-13928,-5172,6372,-476,109,-159,0
776.254879951477,8772,6696,11100,-118,-21,62,7620,-9300,10232,-52,129,-155,-14044,4064,5656,-994,89,-73,-14256,-4892,5956,-460,111,-137,0
776.288437128067,8708,6668,11128,-117,-63,71,7572,-9432,10120,-86,136,-162,-13600,4340,5536,-981,56,-115,-13960,-5064,6272,-488,121,-126,0
776.3219850063324,8820,6700,11272,-116,-65,90,7548,-9268,10152,-65,102,-163,-13736,4028,5724,-990,118,-81,-13924,-5004,6236,-528,120,-153,0
776.3554630279541,8896,6652,11044,-112,-50,82,7572,-9512,10072,-33,104,-186,-13740,4052,5732,-997,110,-67,-14024,-5032,6240,-490,189,-118,0
776.389142036438,8880,6760,11060,-102,-80,101,7660,-9220,10056,-35,93,-173,-13784,4092,5644,-1276,78,-66,-13980,-5056,6268,-506,174,-114,0
776.4228880405426,8928,6704,11048,-97,-98,121,7732,-9512,10132,-43,139,-161,-13844,4024,5452,-992,104,-57,-14020,-5164,6308,-494,162,-134,0
776.4565479755402,8856,6708,11056,-125,-57,103,7624,-9356,9996,-30,93,-192,-13848,4016,5644,-1007,92,-78,-13984,-5012,6152,-522,115,-130,0
776.4900069236755,8708,6780,11088,-107,-77,96,7488,-9296,10032,-27,156,-164,-14060,4024,5576,-989,97,-84,-13876,-5176,5952,-505,171,-130,0
776.5236570835114,8820,6736,11000,-131,-51,135,7568,-9432,10080,-53,111,-157,-13820,4020,5652,-1001,105,-44,-13964,-5180,6312,-508,140,-111,0
776.5569269657135,8824,6744,10784,-136,-66,86,7688,-9376,10000,-68,146,-152,-13760,4044,5692,-978,86,-51,-13996,-5184,6212,-482,159,-147,0
776.5904660224915,8796,6668,11080,-164,-69,63,7556,-9432,10040,-9,169,-194,-13768,4088,5596,-975,101,-64,-13984,-5076,6212,-456,169,-82,0
776.6239731311798,8808,6800,10816,-198,-50,107,7508,-9568,10180,-253,180,-162,-13844,3856,5724,-996,121,-103,-13968,-4892,6264,-483,194,-109,0
776.6574199199677,8864,6720,10968,-161,-117,114,7660,-9660,10184,254,140,-194,-13860,4020,5676,-994,127,-154,-13996,-4904,6164,-511,187,-85,0
776.6955659389496,8764,6756,11100,-143,-119,133,7624,-9380,10188,-27,126,-209,-13848,4028,5756,-1008,122,-124,-13916,-5052,6308,-498,228,-83,0
776.7292101383209,8496,6732,10956,-186,-128,156,7604,-9408,10120,-37,175,-220,-13988,4052,5468,-1001,161,-93,-14060,-5032,6148,-493,194,-69,0
776.7626819610596,8808,6844,10960,-180,-108,134,7612,-9380,10016,-13,144,-192,-13712,4340,5680,-968,165,-128,-13832,-5072,6372,-487,182,-74,0
776.7964279651642,8948,6744,11064,-182,-126,144,7564,-9372,10192,253,180,-203,-13616,4256,5864,-977,176,-122,-13948,-5080,6220,-461,184,-76,0
776.8298621177673,8848,6696,11256,-229,-96,140,7664,-9364,10180,-19,196,-195,-13760,3896,5464,-969,164,-147,-14124,-5036,6172,-472,174,-53,0
776.8635210990906,8940,6820,10968,-177,-119,166,7920,-9396,10024,-2,167,-162,-13832,4012,5700,-1001,188,-98,-13840,-4976,6228,-505,176,-62,0
776.8968191146851,8800,6896,10896,-219,-102,142,7640,-9444,10140,29,76,-182,-13856,3916,5528,-774,117,-86,-13876,-5048,6196,-479,181,-111,0
776.9303209781647,8848,6776,11160,-211,-105,113,7424,-9288,10040,11,190,-164,-13788,4068,5848,-982,110,-58,-14004,-5180,6132,-499,166,-85,0
776.9639689922333,8832,6672,11060,-198,-102,114,7556,-9312,10128,-20,171,-218,-13604,4016,5844,-978,93,-117,-14032,-5076,6152,-479,215,-65,0
777.0011789798737,8828,6756,11140,-226,-91,137,7472,-9372,10104,255,149,-223,-13908,4316,5684,-999,151,-103,-14124,-4948,6288,-446,154,-86,0
777.0372490882874,8848,6708,11080,-202,-89,142,7432,-9356,10120,7,164,-163,-14080,4052,5484,-1008,174,-64,-13832,-5052,6268,-450,102,-75,0
777.0723071098328,8836,6892,11228,-215,-95,151,7584,-9372,10040,-16,108,-167,-13720,3968,5752,-966,90,-105,-13996,-5056,6168,-456,105,-59,0
777.1075041294098,8944,6712,11156,-220,-125,160,7588,-9408,10364,-50,160,-194,-13800,4036,5840,-1000,128,-89,-14060,-5264,6336,-463,163,-76,0
777.1432709693909,8764,6632,10868,-172,-122,150,7648,-9392,10468,8,140,-215,-13788,3956,5784,-1280,153,-138,-13980,-4984,6116,-538,199,-52,0
777.1787929534912,8912,6684,11112,-156,-175,127,7512,-9372,10132,35,125,-238,-13768,4060,5568,-995,140,-136,-14040,-4972,5916,-263,205,-58,0
777.2142789363861,8796,6624,10996,-144,-149,136,7672,-9376,10116,27,96,-222,-13584,3908,5788,-1003,173,-109,-14044,-4960,6248,-485,193,-107,0
777.2502329349518,9124,6624,10968,-159,-172,140,7688,-9408,10108,-11,140,-207,-14076,3964,5648,-980,180,-140,-14080,-5084,6160,-486,166,-81,0
777.2854540348053,8920,6688,11032,-169,-139,128,7448,-9300,9888,-14,158,-193,-13660,4080,5388,-1022,119,-83,-14052,-5000,6396,-470,198,-102,0
777.3210959434509,8916,6632,11184,-139,-130,134,7452,-9332,10052,-29,146,-223,-13780,3848,5520,-1277,112,-101,-13924,-5036,6204,-508,152,-113,0
777.3571591377258,8908,6684,11196,-112,-98,151,7760,-9380,10124,-44,115,-178,-13748,4092,5560,-1007,115,-87,-13940,-5068,6108,-482,134,-113,0
777.3925039768219,8732,6620,10856,-132,-53,106,7584,-9364,10408,-25,130,-210,-13852,4060,5512,-1013,84,-67,-14000,-4940,6128,-499,148,-133,0
777.4280290603638,8972,6892,11016,-131,-79,73,7664,-9320,10144,-38,163,-164,-13852,4056,5552,-1004,66,-101,-14136,-4956,6128,-482,143,-163,0
777.4639370441437,8900,6788,11060,-94,-59,80,7536,-9420,10168,-45,135,-186,-14072,3896,5852,-1018,83,-87,-13972,-5044,6384,-487,142,-132,0
777.5002989768982,8892,6656,10900,-98,-71,102,7596,-9448,10176,-45,99,-201,-14080,3972,5632,-996,108,-86,-13832,-5028,6136,-518,152,-122,0
777.5355520248413,8844,6648,11044,-97,-104,118,7620,-9356,10108,-61,90,-182,-13792,3960,5828,-1003,114,-77,-14056,-5140,6140,-528,147,-124,0
777.5713949203491,8876,6764,10796,-96,-103,95,7568,-9316,10236,-47,91,-198,-14052,3928,5880,-1010,66,-74,-13956,-5092,6164,-503,138,-138,0
777.6077740192413,8876,6720,11160,-119,-51,88,7604,-9364,10104,-38,132,-184,-13844,3984,5636,-1000,85,-23,-14064,-5172,6188,-487,118,-152,0
777.6438391208649,8932,6592,11108,-56,-82,116,7436,-9380,10212,-80,129,-138,-13624,4088,5752,-964,64,-66,-13996,-5052,6272,-516,116,-144,0
777.6774489879608,8776,6664,11016,-82,-37,79,7592,-9412,10208,-14,118,-167,-13772,3936,5656,-1048,38,-82,-14000,-4972,6264,-490,141,-134,0
777.711019039154,8968,6816,11128,-86,-48,53,7672,-9328,10084,-16,96,-173,-13784,4068,5676,-1009,66,-39,-13972,-5328,5936,-534,125,-176,0
777.74436211586,8884,6756,11016,-63,-86,83,7672,-9440,10176,-84,108,-210,-13648,3936,5516,-1004,73,-84,-13988,-5044,6156,-488,143,-166,0
777.7779569625854,8860,6720,11072,-117,-83,80,7896,-9248,10096,-66,130,-195,-13860,4012,5736,-970,72,-105,-14036,-5064,6168,-461,167,-143,0
777.8113150596619,8936,6692,11008,-100,-57,72,7652,-9316,10092,-49,102,-185,-13816,4028,5752,-994,73,-63,-14300,-5120,5900,-499,130,-134,0
777.844829082489,8948,6792,10912,-99,-29,88,7660,-9372,10056,-47,125,-144,-13620,3968,5840,-987,53,-66,-13956,-5076,6188,-501,91,-134,0
777.8784699440002,8760,6656,11156,-132,-22,77,7436,-9452,10108,-69,128,-135,-13880,4040,5512,-988,71,-29,-13992,-4892,6164,-457,121,-181,0
777.9119160175323,8984,6796,11152,-126,-86,72,7592,-9392,10260,-74,146,-167,-13760,4348,5872,-1018,79,-33,-13916,-4888,6244,-504,106,-143,0
777.9454119205475,8752,6716,10972,-74,-57,64,7648,-9464,10204,-42,100,-173,-13768,4008,5696,-1011,86,-92,-14032,-5108,6208,-764,171,-117,0
777.9791641235352,8932,6404,11208,-111,-84,110,7612,-9452,10056,-37,115,-191,-13700,4128,5596,-774,73,-100,-14000,-5004,6168,-499,159,-105,0
778.016196012497,8904,6792,10844,-91,-102,91,7592,-9300,10176,-48,133,-186,-13704,4048,5668,-1014,92,-67,-14032,-4868,5956,-761,164,-127,0
778.0500559806824,8868,6760,10924,-99,-92,103,7596,-9500,10260,-27,88,-187,-13744,4276,5612,-1007,98,-89,-14024,-5144,6244,-509,160,-144,0
778.083447933197,8808,6648,10900,-107,-82,110,7644,-9412,10124,-61,97,-175,-13804,3996,5636,-1002,117,-97,-14088,-5048,6224,-510,134,-126,0
778.1172931194305,8888,6700,11152,-111,-53,116,7652,-9348,10164,-38,113,-163,-13800,4056,5724,-981,78,-78,-14072,-5032,6228,-502,132,-148,0
778.1504099369049,8824,6760,11020,-104,-68,112,7588,-9368,10116,-61,112,-184,-13592,3952,5776,-987,54,-57,-13916,-4988,6176,-501,140,-149,0
778.183867931366,8832,6676,10992,-125,-58,69,7628,-9392,10176,-47,139,-158,-13832,3892,5452,-961,77,-70,-14000,-5096,6252,-501,139,-139,0
778.2173640727997,8928,6700,11084,-117,-53,75,7460,-9408,9988,-64,129,-191,-13784,4064,5740,-985,60,-106,-14052,-5068,6240,-498,132,-154,0
778.2506020069122,8784,6816,10876,-127,-66,93,7664,-9276,10208,-41,120,-162,-13804,4048,5432,-1000,76,-90,-14016,-5104,6140,-766,152,-120,0
778.2842149734497,8884,6804,11052,-119,-52,106,7608,-9424,10092,-24,137,-191,-13760,4016,5804,-1015,106,-60,-14088,-5056,6060,-505,156,-149,0
778.317939043045,8796,6724,11068,-107,-99,111,7608,-9480,10148,-67,110,-191,-13988,4236,5632,-1013,100,-72,-13924,-5024,6280,-532,177,-112,0
778.3513989448547,8916,6860,10932,-98,-68,96,7704,-9708,10208,-67,117,-178,-13812,4028,5616,-999,78,-75,-13992,-5088,6212,-527,140,-136,0
778.3846139907837,8832,6808,11072,-81,-86,111,7720,-9420,10096,-53,116,-192,-13584,4072,5548,-993,111,-87,-14012,-5068,6276,-501,163,-113,0
778.4181699752808,8808,6680,10844,-127,-66,103,7560,-9440,10236,-56,146,-187,-13824,3996,5412,-771,135,-68,-14008,-5120,6376,-478,137,-110,0
778.4512979984283,8844,6860,10752,-148,-49,106,7636,-9432,10028,-48,123,-168,-13772,4028,5744,-991,92,-52,-14008,-5088,6368,-491,128,-115,0
778.4848511219025,8844,6776,11080,-152,-61,96,7728,-9492,10128,-50,139,-136,-13824,4296,5448,-1039,70,-75,-14024,-5116,6288,-504,165,-139,0
778.5184559822083,8904,6744,11104,-204,-53,117,7672,-9224,10148,4,175,-169,-14068,4016,5756,-769,69,-110,-14036,-5168,6280,-492,177,-110,0
778.5517790317535,8860,6828,11064,-135,-61,89,7604,-9440,10216,-40,164,-182,-13748,4084,5776,-998,98,-100,-13992,-5076,6264,-499,176,-91,0
778.5852310657501,8864,6792,11088,-172,-118,80,7428,-9220,10172,-5,173,-200,-13608,4140,5604,-983,98,-111,-13940,-5044,6184,-479,203,-105,0
778.6187541484833,8836,6752,11080,-184,-100,120,7652,-9404,10036,9,159,-215,-14056,3968,5648,-992,111,-86,-13908,-5168,6152,-474,199,-76,0
778.6517870426178,8716,6708,11056,-182,-99,136,7616,-9348,10068,-6,136,-162,-14020,4076,5648,-987,120,-72,-14276,-4884,6324,-477,113,-90,0
778.6891279220581,8808,6728,11068,-193,-60,137,7604,-9372,9956,-27,174,-177,-13880,3976,5620,-964,95,-102,-13892,-5076,6232,-488,128,-91,0
778.7244191169739,8784,6776,11120,-197,-115,127,7660,-9248,10104,-39,205,-179,-13820,4024,5632,-977,128,-101,-14064,-4904,6176,-499,188,-78,0
778.7606840133667,8896,6808,11088,-196,-104,135,7424,-9636,10112,-16,154,-193,-13976,3964,5864,-1001,161,-161,-14024,-5012,6144,-480,208,-67,0
778.7955739498138,8820,6824,11232,-240,-134,136,7556,-9460,10128,3,130,-207,-13744,4088,5736,-999,186,-150,-13968,-5120,6268,-496,221,-64,0
778.8318259716034,8900,6756,11040,-179,-126,146,7604,-9700,10096,-15,159,-187,-13824,4036,5740,-997,173,-89,-14128,-5072,6232,-491,202,-82,0
778.867733001709,8848,6496,11012,-232,-108,158,7716,-9460,10048,10,138,-178,-13852,4000,5652,-990,135,-109,-14104,-5144,6208,-477,158,-70,0
778.9026429653168,8928,6676,11200,-209,-112,105,7540,-9448,10148,-1,215,-185,-13852,3984,5676,-1013,107,-77,-14016,-4920,6188,-467,174,-71,0
778.9381411075592,8760,6668,10900,-229,-101,155,7624,-9368,10060,21,171,-150,-14056,3840,5784,-1024,150,-84,-13984,-5372,6308,-461,135,-80,0
778.974326133728,8860,6904,11112,-233,-121,131,7632,-9448,10176,23,123,-219,-13772,4052,5640,-992,138,-126,-13836,-4868,6196,-471,145,-60,0
779.010241985321,8876,6700,11096,-215,-130,140,7680,-9544,10256,-22,141,-234,-13920,4268,5740,-979,159,-108,-14024,-5112,6316,-464,175,-59,0
779.0454270839691,8740,6668,10992,-221,-157,146,7592,-9428,10116,-2,165,-205,-13928,3964,5456,-1024,157,-124,-13888,-5080,6168,-468,192,-51,0
779.0808379650116,8768,6748,11036,-194,-157,146,7596,-9356,10176,9,177,-202,-14076,3880,5488,-978,140,-82,-13984,-5072,6272,-496,180,-87,0
779.1161360740662,8816,6908,11232,-217,-138,143,7564,-9400,10072,-15,120,-214,-13724,4152,5660,-1008,162,-98,-14008,-5056,6272,-475,176,-67,0
779.1519141197205,8896,6428,11108,-211,-145,152,7576,-9408,10172,20,121,-197,-13804,3944,5728,-1027,173,-127,-14028,-5116,6188,-497,144,-72,0
779.1880340576172,8884,6720,11100,-188,-158,148,7732,-9420,10136,6,150,-194,-13804,4052,5584,-1025,131,-117,-14052,-4932,6264,-495,142,-73,0
779.2236671447754,8916,6736,11140,-212,-123,157,7464,-9412,10316,3,136,-188,-13804,3972,5760,-1017,140,-128,-13828,-5120,5904,-499,173,-70,0
779.2592840194702,8864,6668,11000,-231,-137,149,7592,-9372,10044,-22,151,-179,-14020,3996,5456,-1016,144,-60,-13908,-5120,6120,-483,176,-85,0
779.2945921421051,9040,6852,11080,-185,-142,153,7580,-9388,10112,-21,145,-173,-13792,4032,5732,-1030,106,-59,-14000,-5048,6280,-504,124,-125,0
779.3307600021362,8796,6404,11172,-180,-112,113,7692,-9312,10140,-252,138,-185,-13688,3896,5392,-1013,84,-64,-13960,-4924,6140,-494,160,-103,0
779.3643450737,8852,6728,11044,-73,-106,114,7584,-9408,10136,-54,98,-188,-13820,4028,5644,-964,96,-85,-13968,-5020,5960,-522,127,-142,0
779.3976099491119,8960,6720,10912,-120,-122,81,7736,-9420,10096,-46,122,-213,-13596,4076,5552,-957,92,-136,-14028,-4924,6384,-507,161,-147,0
779.4312989711761,8956,6556,11240,-101,-80,87,7592,-9364,9944,-39,122,-179,-13924,3920,5496,-1277,74,-93,-13928,-5100,6112,-516,149,-143,0
779.4648561477661,8936,6400,10936,-108,-37,116,7628,-9340,10068,5,106,-123,-13784,4052,5616,-1031,100,-52,-14100,-4936,6248,-471,78,-150,0
779.4982929229736,8940,6760,11188,-146,-254,75,7608,-9324,10132,-65,105,-140,-13820,3896,5672,-1004,80,-253,-14060,-5184,6256,-494,88,-158,0
779.5318031311035,9140,6432,11112,-109,-37,67,7592,-9376,10220,-79,131,-168,-13868,4032,5508,-1002,27,-38,-13956,-5016,6252,-501,135,-152,0
779.5655391216278,8904,6628,11048,-78,-45,103,7616,-9468,10212,-65,128,-192,-13704,3992,5576,-1012,50,-120,-13992,-5052,6216,-502,172,-160,0
779.5990989208221,8840,6768,10908,-94,-116,83,7652,-9296,10168,-38,87,-189,-13756,3904,5708,-1014,88,-133,-14000,-5216,6188,-491,201,-131,0
779.6323680877686,8752,6668,11108,-98,-85,81,7520,-9436,10104,-5,86,-194,-13716,3968,5660,-994,96,-63,-13968,-5020,6224,-530,153,-140,0
779.6657540798187,8848,6880,10944,-108,-96,94,7636,-9380,10160,-76,108,-204,-13752,3904,5644,-1001,81,-49,-14152,-5112,6248,-503,112,-168,0
779.6991500854492,8876,6804,11032,-105,-58,78,7636,-9416,10128,-47,120,-179,-13808,4072,5708,-1001,87,-90,-14088,-5108,6152,-500,156,-123,0
779.7329099178314,8908,6868,11076,-97,-69,68,7424,-9388,10128,-42,90,-167,-14004,3864,5668,-1022,64,-92,-14080,-4932,6228,-511,153,-141,0
779.7664580345154,8868,6696,10992,-95,-44,107,7708,-9388,10124,-41,95,-178,-13788,4096,5448,-1007,80,-89,-13952,-5068,6392,-763,100,-118,0
779.8000321388245,8784,6696,11164,-91,-71,98,7672,-9360,10224,-64,114,-190,-13740,3936,5732,-1011,72,-109,-13924,-5172,6292,-264,128,-145,0
779.8336551189423,8952,6704,11152,-114,-67,92,7652,-9360,10280,-52,158,-193,-13900,4088,5708,-981,72,-65,-13992,-5016,6212,-501,159,-133,0
779.8671860694885,8880,6788,11068,-91,-62,58,7432,-9320,10176,-50,134,-204,-14008,4016,5876,-992,61,-83,-14076,-5092,5968,-492,128,-153,0
779.9003739356995,8720,6712,11124,-82,-71,102,7604,-9372,10144,-31,137,-169,-13696,3996,5752,-1006,80,-109,-13928,-5024,6176,-499,142,-132,0
779.9338090419769,8776,6728,11100,-85,-59,77,7612,-9348,10112,-59,132,-174,-13812,3968,5556,-990,76,-90,-13956,-4992,6188,-259,139,-141,0
779.9673459529877,9024,6836,11024,-104,-70,79,7676,-9408,9748,-35,127,-191,-13816,3928,5548,-997,54,-105,-13928,-5376,6576,-765,165,-146,0
780.0010149478912,8852,6760,11076,-103,-48,83,7624,-9288,10084,-49,87,-194,-13680,3972,5740,-1008,110,-50,-14004,-5032,6180,-482,140,-130,0
780.0347220897675,8848,6768,11068,-109,-71,97,7680,-9412,10048,-65,109,-169,-13916,4032,5776,-979,113,-29,-14044,-5116,6164,-499,96,-130,0
780.0682170391083,8888,6680,11076,-106,-66,93,7584,-9512,10108,-32,158,-152,-13572,4028,5700,-1031,66,-50,-14000,-5112,6304,-500,139,-175,0
780.1016540527344,8688,6676,11016,-119,-55,89,7600,-9444,10148,-17,125,-157,-13612,3968,5696,-1007,60,-80,-14000,-5148,6176,-260,142,-126,0
780.1347739696503,8512,6780,10812,-69,-39,79,7728,-9252,10124,-91,112,-160,-13772,4036,5840,-1005,65,-74,-13984,-5156,5916,-535,134,-151,0
780.1681880950928,8896,6756,11052,-102,-79,76,7716,-9368,10076,-51,136,-200,-13744,3972,5556,-991,90,-62,-13972,-5040,6176,-498,165,-81,0
780.2017221450806,8864,6712,11036,-113,-66,80,7624,-9368,10076,-58,92,-168,-13740,4016,5552,-1005,102,-76,-14048,-5076,6152,-488,174,-98,0
780.2352571487427,8832,6812,11056,-111,-58,111,7696,-9336,10036,-41,80,-158,-13788,3972,5636,-947,51,-91,-14104,-5096,6268,-489,110,-113,0
780.2688009738922,8804,6768,11072,-109,-34,89,7548,-9448,10288,-77,149,-157,-13968,3944,5632,-961,100,-88,-13916,-5196,6428,-494,110,-112,0
780.3023581504822,8796,6776,11040,-138,-65,93,7932,-9720,10124,-88,143,-156,-13760,4056,5800,-986,74,-47,-14060,-5088,6260,-501,140,-133,0
780.3356680870056,8748,6804,10792,-79,-45,102,7592,-9376,10128,-62,118,-173,-13768,4052,5684,-1010,100,-53,-14020,-5064,6196,-525,171,-124,0
780.3730790615082,8740,6752,11020,-115,-101,101,7596,-9508,10136,-25,142,-196,-13776,4020,5708,-1013,117,-108,-13904,-5020,6296,-502,189,-135,0
780.408812046051,8800,6776,11152,-102,-73,120,7636,-9408,10072,-36,127,-185,-13864,4008,5976,-981,114,-123,-14056,-5104,6232,-265,180,-114,0
780.443822145462,8780,6884,10984,-124,-105,102,7564,-9404,10160,-29,132,-161,-13808,4108,5612,-1004,95,-75,-14040,-5056,6192,-495,147,-114,0
780.4797229766846,8772,6696,10992,-114,-51,92,7644,-9352,10064,-54,155,-178,-13828,4032,5688,-991,82,-82,-14092,-5092,5904,-490,159,-125,0
780.5154650211334,8840,6672,11064,-93,-55,111,7704,-9384,10236,-47,146,-168,-13804,4028,5648,-1018,93,-75,-13984,-5060,6276,-480,146,-109,0
780.5519230365753,8768,6812,11096,-147,-74,105,7676,-9428,10084,-52,128,-197,-13728,3964,5720,-939,77,-44,-13960,-5100,6296,-497,134,-127,0
780.5874359607697,8804,6832,10868,-147,-73,106,7688,-9504,9948,-67,133,-210,-13780,4000,5832,-980,90,-79,-13992,-5168,6192,-489,156,-128,0
780.6234741210938,8880,6724,11052,-145,-86,102,7652,-9352,9996,-46,132,-182,-13732,4096,5696,-1005,98,-108,-13884,-5060,6352,-756,159,-127,0
780.6586661338806,8928,6716,11152,-106,-16,77,7616,-9308,10104,-16,125,-168,-13804,4092,5680,-1018,102,-101,-13912,-5036,6148,-506,160,-132,0
780.6936531066895,8820,6820,11088,-151,-44,110,7904,-9440,9996,-13,132,-166,-13688,3940,5780,-1003,105,-79,-14028,-5124,6388,-497,167,-99,0
780.729602098465,8792,6772,11096,-164,-71,89,7544,-9432,10248,-15,138,-173,-13732,4012,5704,-1015,125,-97,-13980,-5340,6224,-483,178,-89,0
780.7647950649261,8820,6780,10888,-181,-75,123,7664,-9328,10056,-5,147,-206,-13816,4000,5684,-998,106,-118,-14036,-5284,6384,-492,178,-106,0
780.8007400035858,8732,6764,11228,-149,-122,143,7624,-9408,10152,11,150,-189,-13708,3992,5892,-1005,140,-111,-14020,-5060,6356,-492,173,-83,0
780.8355979919434,8752,6892,11084,-188,-99,131,7652,-9428,10164,-23,144,-200,-13736,3932,5752,-998,145,-125,-13984,-5148,6288,-459,193,-74,0
780.8716790676117,8788,6760,11056,-198,-114,120,7672,-9332,10212,-32,175,-171,-13620,4012,5540,-988,151,-87,-13956,-5120,6208,-505,175,-82,0
780.9062070846558,8836,6712,10996,-182,-122,140,7652,-9604,10036,-255,183,-174,-13808,4048,5708,-1009,114,-107,-13964,-5112,6228,-494,149,-68,0
780.942312002182,9100,6768,10788,-227,-88,136,7636,-9480,10020,20,174,-173,-13776,4040,5800,-1010,151,-77,-14064,-5100,6284,-498,181,-102,0
780.9785590171814,8808,6800,10920,-167,-103,143,7452,-9324,10136,4,158,-180,-13772,4064,5740,-989,153,-104,-14040,-5144,6396,-480,185,-69,0
781.0151669979095,8800,6768,10948,-220,-101,144,7892,-9388,9888,-21,158,-207,-13576,4028,5608,-965,212,-146,-13964,-5128,6208,-458,207,-30,0
781.0486731529236,8908,6784,11056,-241,-144,147,7488,-9368,10160,9,143,-184,-13868,4056,5680,-1008,151,-122,-14052,-5036,6152,-443,148,-63,0
781.0821630954742,8812,6724,10960,-213,-107,153,7696,-9368,10056,44,146,-163,-13820,3948,5812,-964,119,-74,-14268,-5032,6280,-475,109,-110,0
781.1156980991364,8860,6744,11196,-253,-62,104,7632,-9448,10132,-7,186,-175,-13824,3848,5864,-985,107,-75,-14000,-5036,6308,-445,133,-69,0
781.1488399505615,8804,6660,11116,-224,-118,134,7628,-9432,9972,-24,188,-186,-13880,4016,5780,-1013,137,-131,-14096,-4992,6244,-456,170,-87,0
781.1821501255035,8936,6668,10980,-193,-109,122,7836,-9392,10008,6,184,-183,-13572,4052,5676,-1025,149,-134,-13856,-5300,6128,-481,178,-85,0
781.2157080173492,8696,6680,11096,-230,-169,145,7588,-9432,10064,249,119,-226,-13756,3876,5708,-769,167,-119,-13984,-5016,6244,-760,229,-48,0
781.2491991519928,8920,6752,10928,-186,-158,157,7608,-9372,10208,-14,105,-210,-13820,4040,5580,-1010,166,-83,-13980,-4944,6168,-764,181,-53,0
781.2826750278473,8876,6724,11116,-221,-166,154,7472,-9416,10184,-254,120,-203,-13756,4040,5636,-1001,176,-121,-13980,-4988,6252,-455,160,-77,0
781.3164179325104,8892,6664,11076,-212,-127,127,7460,-9388,10156,10,151,-206,-13836,4008,5724,-1010,119,-105,-14004,-5024,6184,-496,162,-80,0
781.3500759601593,8812,6692,11032,-189,-147,135,7912,-9356,10112,11,121,-194,-13848,3908,5744,-986,120,-135,-13980,-5040,6160,-496,158,-86,0
781.3833570480347,8864,6764,11244,-190,-136,155,7656,-9216,10184,-250,142,-197,-13984,3936,5552,-1005,148,-82,-13980,-5100,6232,-487,150,-82,0
781.4168729782104,8864,6640,11036,-212,-143,143,7656,-9384,10064,3,123,-199,-13852,3960,5600,-1007,152,-47,-14024,-5120,6360,-496,144,-85,0
781.4503409862518,8856,6700,11180,-186,-160,111,7596,-9332,10156,23,149,-198,-13828,4000,5564,-1014,131,-89,-13996,-5088,6284,-495,176,-77,0
781.4838581085205,8920,6576,11252,-202,-136,129,7556,-9428,10072,14,163,-187,-13776,4032,5904,-1002,129,-96,-14068,-4992,6240,-471,189,-110,0
781.5175371170044,8900,6636,11008,-144,-127,121,7608,-9372,10108,-19,122,-202,-13784,4064,5596,-983,126,-147,-14052,-5012,6232,-491,170,-120,0
781.5511820316315,8836,6884,11184,-113,-127,116,7652,-9324,10176,-61,122,-225,-13588,4040,5508,-1009,143,-70,-14028,-5072,5944,-501,161,-117,0
781.5845160484314,8880,6688,11088,-90,-89,113,7848,-9276,10108,-63,102,-181,-13832,4004,5600,-1003,120,-62,-14072,-4996,6184,-518,142,-122,0
781.6182119846344,8908,6580,11136,-119,-110,119,7692,-9228,10084,-20,108,-175,-13768,4000,5684,-1004,89,-48,-14044,-5036,5952,-765,166,-133,0
781.651703119278,9096,6744,11224,-134,-88,112,7676,-9344,10160,-51,144,-160,-13780,3968,5544,-1015,72,-70,-14060,-5024,6180,-491,107,-132,0
781.685399055481,8772,6896,10960,-82,-72,89,7656,-9368,10084,-52,115,-160,-13872,4088,5472,-775,79,-60,-13968,-5040,6128,-520,100,-146,0
781.7190070152283,8880,6572,11016,-82,-32,72,7712,-9428,10112,-23,93,-160,-13572,3932,5568,-1030,27,-84,-14068,-5148,6200,-481,151,-200,0
781.7524390220642,8920,6660,11104,-102,-51,65,7580,-9368,10048,-19,128,-166,-13800,4080,5840,-987,74,-87,-14036,-5048,6180,-504,113,-143,0
781.786041021347,8900,6648,11004,-91,-39,69,7568,-9472,9992,-59,128,-195,-13908,4024,5656,-969,65,-88,-13848,-5276,6212,-498,177,-148,0
781.8197419643402,8844,6740,11036,-131,-95,74,7680,-9364,10140,-61,117,-195,-13812,4344,5748,-970,101,-32,-13876,-4968,6340,-479,173,-125,0
781.8534350395203,8868,6684,10780,-78,-48,117,7772,-9444,10144,-39,107,-164,-13804,4060,5608,-1022,83,-68,-14036,-5032,6264,-523,96,-136,0
781.8868839740753,8868,6904,11028,-94,-40,96,7672,-9380,10456,-53,113,-160,-13592,4016,5624,-994,41,-76,-13984,-5040,6184,-504,75,-158,0
781.9205090999603,9060,6660,11136,-137,-57,94,7588,-9424,10008,-68,121,-167,-14016,4020,5816,-1009,49,-84,-14024,-5096,6216,-764,135,-155,0
781.9541101455688,8768,6696,11044,-73,-68,90,7584,-9396,10216,-60,124,-157,-14060,4048,5572,-963,83,-54,-14060,-5160,6172,-524,144,-134,0
781.9876129627228,8832,6692,10952,-56,-86,73,7712,-9332,10160,-48,109,-200,-13820,3900,5616,-1026,87,-55,-13936,-5068,6168,-524,179,-124,0
782.0209610462189,8928,6432,11132,-95,-95,72,7888,-9336,10072,-35,84,-178,-13812,3968,5736,-965,101,-102,-13996,-5100,6168,-258,171,-124,0
782.0586519241333,8904,6680,11104,-79,-118,109,7676,-9252,10124,-56,136,-188,-13748,4028,5656,-1001,112,-85,-14052,-5056,6028,-257,183,-117,0
782.0936329364777,8800,6708,11092,-100,-96,85,7608,-9296,10080,-47,119,-198,-13852,4036,5696,-1001,92,-55,-14080,-4992,6216,-497,148,-124,0
782.1291561126709,8892,6764,11096,-113,-66,72,7664,-9468,10204,-66,119,-191,-13792,3976,5856,-1025,93,-128,-14008,-5052,6176,-511,143,-147,0
782.1641089916229,8984,6692,11036,-115,-77,104,7628,-9388,10112,-25,103,-167,-13760,3888,5892,-979,53,-35,-14036,-5072,6292,-525,122,-140,0
782.1990349292755,8824,6704,11128,-91,-55,75,7652,-9356,10096,-64,127,-176,-13788,3968,5584,-986,64,-83,-14292,-5252,5888,-504,160,-145,0
782.2351069450378,8856,6704,11060,-122,-72,48,7424,-9656,10116,-67,118,-196,-13752,4320,5772,-968,42,-112,-14044,-4872,6320,-494,179,-140,0
782.2711520195007,8796,6744,11132,-74,-78,81,7500,-9380,10028,-20,129,-185,-13784,4060,5712,-974,59,-88,-14076,-5136,6272,-259,150,-151,0
782.3071269989014,8904,6788,11036,-90,-96,73,7632,-9360,10032,-30,140,-184,-13800,4060,5652,-1002,106,-105,-13984,-5096,6356,-520,163,-136,0
782.3422980308533,8820,6732,11232,-117,-74,102,7648,-9448,10116,-46,105,-190,-13588,3932,5780,-996,76,-51,-13912,-5052,6052,-515,141,-125,0
782.3780450820923,8856,6800,11104,-100,-77,109,7572,-9420,10132,-33,132,-185,-13748,4024,5784,-1006,107,-99,-14008,-5112,6176,-263,165,-119,0
782.413332939148,8808,6684,11128,-108,-80,119,7552,-9224,10096,-56,140,-202,-13732,3924,5788,-984,90,-97,-14052,-5076,6172,-495,138,-115,0
782.4497210979462,8880,6824,11084,-107,-75,108,7724,-9344,10128,-69,128,-168,-13800,4024,5724,-987,67,-24,-13952,-5032,6244,-515,101,-96,0
782.4850420951843,8900,6668,11000,-104,-49,99,7612,-9432,10168,-8,161,-135,-13612,4168,5444,-1041,78,-70,-14024,-5032,6204,-490,138,-167,0
782.5207259654999,8768,6764,10864,-146,-72,112,7628,-9328,10136,5,136,-140,-13668,4052,5800,-1017,78,-64,-13940,-5212,6308,-521,121,-128,0
782.5555520057678,8872,6812,10980,-98,-74,97,7700,-9356,10168,-67,165,-164,-13884,3996,5852,-977,51,-21,-14000,-4880,6236,-516,151,-107,0
782.5915429592133,8828,6752,11040,-132,-72,77,7580,-9396,10124,-24,149,-176,-13696,3980,5668,-992,58,-81,-13916,-5040,6356,-472,199,-147,0
782.6276109218597,8796,6728,11176,-104,-78,98,7920,-9360,10076,-15,99,-159,-13924,4020,5640,-1018,106,-60,-13984,-4904,6212,-453,146,-106,0
782.6629281044006,8800,6844,11244,-130,-29,119,7716,-9448,10008,-51,97,-152,-13820,4088,5796,-1009,114,-65,-14296,-5160,6300,-474,122,-114,0
782.6995420455933,8808,6808,11076,-152,-53,94,7868,-9564,10144,-77,152,-164,-13760,4308,5668,-973,68,-10,-13992,-5140,6284,-493,116,-109,0
782.7331330776215,8820,6800,10840,-139,-51,82,7572,-9360,10036,-47,162,-158,-14068,4088,5768,-1009,70,-48,-13904,-5172,6088,-492,165,-110,0
782.7669050693512,8848,6712,11196,-121,-36,98,7684,-9392,10140,-5,138,-169,-13696,4080,5824,-986,72,-105,-13916,-5200,6164,-478,216,-102,0
782.8005211353302,8864,6820,11028,-193,-82,118,7600,-9560,10256,10,135,-204,-13712,4040,5648,-1019,125,-113,-14012,-5192,6328,-494,187,-112,0
782.8340020179749,8836,6780,10992,-181,-118,152,7928,-9472,10152,0,145,-209,-13792,4008,5892,-963,138,-112,-14052,-5044,6232,-504,184,-86,0
782.8676459789276,8748,6852,11020,-164,-84,106,7620,-9696,10080,-23,147,-198,-13816,4212,5788,-977,151,-146,-13972,-5080,6264,-502,193,-73,0
782.9009699821472,8924,6688,10756,-164,-105,137,7660,-9456,10112,253,180,-189,-13612,4064,5652,-999,98,-113,-13952,-4984,6372,-501,190,-86,0
782.934415102005,8852,6780,11008,-206,-134,131,7604,-9372,10096,255,166,-189,-13812,4024,5732,-984,130,-81,-14060,-5368,6240,-492,159,-83,0
782.9682149887085,8780,6728,11048,-220,-96,147,7572,-9340,10092,-16,168,-178,-13684,4008,5820,-987,132,-95,-13972,-5116,6008,-477,187,-73,0
783.0017380714417,8900,6664,11040,-228,-110,132,7636,-9364,10108,-41,190,-183,-13824,3964,5764,-956,161,-142,-14096,-5036,6144,-495,169,-84,0
783.0400800704956,8880,6856,11156,-223,-135,145,7632,-9344,10352,15,174,-203,-13792,4080,5560,-1003,140,-121,-13936,-5052,6172,-478,199,-48,0
783.0739719867706,8764,6768,11100,-213,-111,141,7736,-9388,10168,25,157,-214,-13756,4016,5652,-1015,162,-109,-14012,-5120,6192,-483,177,-56,0
783.1076099872589,8788,6872,10764,-209,-107,152,7676,-9380,10124,3,167,-178,-14068,3992,5860,-996,185,-74,-14044,-5060,6288,-465,200,-83,0
783.1408460140228,8856,6424,11036,-230,-126,149,7700,-9224,10084,28,141,-192,-13860,3944,5588,-1004,165,-107,-14016,-4964,6088,-485,181,-73,0
783.1742839813232,8916,6640,11056,-208,-104,142,7588,-9404,10228,32,154,-195,-13780,3956,5480,-1007,115,-173,-13996,-5132,6220,-469,152,-79,0
783.2078490257263,8884,6736,10820,-211,-119,154,7612,-9404,10160,9,162,-182,-14068,4064,5684,-993,118,-135,-14008,-4872,6176,-484,159,-96,0
783.2415969371796,8852,6808,11288,-213,-99,151,7676,-9320,10216,-8,121,-204,-13692,3952,5780,-1008,154,-91,-14008,-5052,5916,-481,173,-75,0
783.2749769687653,8900,6728,11088,-213,-94,135,7568,-9400,10412,5,119,-175,-13812,3896,5652,-980,135,-56,-13864,-4972,6208,-481,124,-102,0
783.3087301254272,8864,6432,11120,-202,-124,137,7620,-9408,9872,17,125,-187,-13836,4076,5636,-1032,116,-87,-13828,-5012,6148,-485,162,-117,0
783.3422861099243,8860,6700,11064,-219,-130,138,7672,-9300,10272,55,139,-177,-13912,3972,5680,-1024,118,-105,-13952,-4936,6268,-483,150,-114,0
783.3759191036224,8908,6620,11124,-162,-121,129,7692,-9344,10352,-30,156,-200,-13804,3976,5712,-991,126,-139,-14068,-5084,6196,-494,190,-79,0
783.4092221260071,8816,6712,11256,-205,-141,126,7608,-9416,10072,14,134,-244,-13828,4084,5728,-988,145,-159,-14076,-4972,6064,-450,207,-63,0
783.4428250789642,8896,6632,11116,-216,-151,165,7676,-9340,10312,29,115,-205,-13880,4048,5668,-1046,145,-90,-13992,-5008,6192,-476,160,-77,0
783.4760749340057,8976,6640,10928,-169,-99,135,7620,-9412,10236,17,111,-164,-13856,4012,5764,-1010,110,-56,-14036,-5088,6304,-480,98,-112,0
783.5099971294403,8876,6724,11100,-186,-78,127,7580,-9348,10308,-22,156,-178,-13760,3976,5716,-1009,100,-83,-13864,-5156,6228,-500,143,-125,0
783.5434999465942,8732,6652,11028,-146,-124,113,7556,-9428,10152,-40,109,-209,-13748,3880,5760,-988,88,-150,-13924,-5128,6140,-501,153,-111,0
783.5769770145416,8888,6684,10892,-79,-115,100,7652,-9292,10108,-43,101,-223,-13576,3896,5572,-1019,105,-93,-13984,-5076,6380,-519,192,-136,0
783.6105670928955,8816,6592,11004,-98,-133,123,7640,-9320,10156,-32,95,-218,-13764,4300,5704,-1027,111,-119,-14036,-5052,6240,-498,179,-80,0
783.6437931060791,8920,6580,11040,-93,-86,86,7648,-9272,10044,-53,104,-210,-13588,3980,5812,-1005,73,-98,-14072,-5128,6212,-265,201,-139,0
783.6771850585938,8944,6656,11228,-124,-99,108,7724,-9332,10076,-38,117,-169,-13860,3940,5384,-986,119,-87,-14060,-4964,6148,-470,146,-139,0
783.713222026825,9100,6888,11040,-95,-58,77,7740,-9332,10148,-14,146,-193,-13852,4012,5588,-776,94,-50,-13968,-5036,6128,-519,156,-154,0
783.7489280700684,8724,6432,11188,-87,-45,91,7704,-9268,10288,-33,143,-157,-13876,3856,5536,-1003,69,-87,-13976,-5028,6236,-510,138,-153,0
783.7841320037842,8892,6712,10848,-87,-81,98,7444,-9460,10172,-47,100,-173,-13784,3972,5720,-1011,67,-103,-13972,-4996,6092,-512,148,-170,0
783.8202500343323,8928,6724,11036,-92,-59,78,7632,-9320,10228,-60,136,-210,-13928,4000,5576,-990,64,-87,-14020,-5076,5892,-261,168,-152,0
783.8553709983826,8740,6712,11032,-84,-67,85,7796,-9228,9992,-49,152,-168,-13772,3944,5672,-969,75,-72,-13976,-4872,6312,-508,118,-141,0
783.8906409740448,8788,6512,11252,-79,-63,109,7624,-9480,10276,-45,102,-168,-13880,3848,5732,-984,83,-112,-14072,-4984,6296,-495,154,-113,0
783.9254820346832,8856,6888,11200,-91,-87,106,7720,-9380,10212,-73,115,-200,-13828,3936,5700,-986,100,-88,-14328,-4996,6368,-502,179,-149,0
783.9614069461823,8908,6812,10792,-95,-109,128,7604,-9260,9992,-48,81,-188,-13764,4072,5708,-966,107,-83,-14032,-5024,6192,-522,167,-150,0
783.9973320960999,8812,6744,11064,-92,-84,100,7644,-9328,10152,-52,121,-203,-13768,4032,5856,-982,86,-83,-14016,-5040,6184,-522,145,-145,0
784.0325169563293,9024,6708,11244,-110,-70,88,7484,-9408,10084,-65,119,-163,-13820,3952,5560,-942,91,-30,-13976,-5024,6200,-500,117,-134,0
784.0680351257324,8888,6428,11000,-89,-57,83,7708,-9364,10124,253,113,-136,-13792,4064,5704,-1015,43,-91,-14068,-4952,6316,-508,144,-142,0
784.1030809879303,8864,6772,11136,-100,-34,82,7596,-9296,10060,-20,122,-154,-13892,4084,5636,-1001,62,-65,-13944,-5132,6204,-519,139,-128,0
784.139181137085,8788,6744,11072,-80,-89,85,7720,-9428,10148,-82,128,-163,-13852,3952,5800,-1002,55,-76,-13992,-5352,6036,-257,134,-142,0
784.1743910312653,8956,6872,10908,-129,-97,68,7656,-9388,10468,-38,128,-190,-13780,4088,5772,-1005,55,-84,-13960,-5272,6136,-491,199,-140,0
784.2095730304718,8956,6676,11128,-104,-58,75,7712,-9444,10000,-27,150,-168,-13644,3996,5756,-1018,59,-73,-13840,-4872,6224,-474,125,-132,0
784.2447979450226,8844,6756,11112,-79,-19,76,7532,-9348,10164,-42,137,-164,-13820,3964,5848,-1000,72,-61,-14248,-5096,6088,-494,93,-151,0
784.2807130813599,8728,6428,10764,-136,-72,64,7880,-9356,10152,-75,165,-150,-13820,4056,5412,-979,27,-68,-13984,-4960,6172,-498,123,-156,0
784.3155400753021,8792,6776,11120,-106,-72,96,7676,-9336,10452,-71,145,-184,-13908,4112,5728,-984,86,-84,-13944,-4880,6128,-496,142,-145,0
784.3527929782867,8956,6684,11004,-67,-58,103,7916,-9348,10192,-46,128,-159,-13832,4064,5524,-1013,80,-54,-14016,-5036,6220,-516,191,-111,0
784.3859889507294,8844,6712,11056,-117,-58,114,7632,-9372,9988,-40,83,-215,-13760,4088,5740,-998,109,-115,-14312,-5056,6276,-523,197,-127,0
784.4197180271149,8900,6788,10920,-98,-107,119,7644,-9356,10276,-70,95,-188,-13612,4228,5664,-961,93,-69,-14072,-5032,6244,-515,157,-98,0
784.45321393013,8888,6712,10980,-111,-74,120,7836,-9368,10156,-47,101,-176,-13604,4012,5656,-961,103,-61,-14020,-5116,6204,-485,152,-150,0
784.4867560863495,8916,6764,11192,-114,-85,91,7696,-9432,9988,-42,116,-172,-13784,3980,5616,-994,90,-60,-14080,-5100,6272,-528,164,-126,0
784.5200109481812,8776,6768,11152,-136,-58,94,7696,-9388,10084,-45,115,-170,-14012,4024,5740,-1001,92,-62,-13972,-5192,6240,-494,156,-152,0
784.5535390377045,8856,6724,11084,-106,-75,86,7636,-9232,10108,-54,142,-161,-14000,3992,5788,-971,71,-84,-13956,-5156,6284,-512,134,-137,0
784.5872111320496,8792,6728,11216,-84,-82,79,7592,-9420,10132,-42,154,-172,-13780,4004,5380,-993,96,-101,-14028,-5024,6184,-493,136,-140,0
784.6208670139313,8836,6752,10920,-133,-73,105,7656,-9412,10016,-55,143,-175,-13756,4020,5720,-979,126,-85,-14000,-5124,6320,-522,156,-111,0
784.6541111469269,8748,6820,10936,-124,-70,101,7476,-9392,10104,-21,140,-163,-13876,4088,5608,-1006,80,-76,-14032,-5084,6248,-503,145,-138,0
784.6876270771027,8848,6720,11116,-105,-68,112,7892,-9380,10120,-36,137,-183,-13704,4100,5692,-1000,95,-75,-13940,-5088,6104,-518,173,-115,0
784.7211239337921,8796,6796,10768,-110,-77,100,7644,-9416,10092,-36,135,-191,-13748,4044,5664,-1009,112,-121,-13956,-5124,6116,-768,152,-137,0
784.7542250156403,8848,6776,10932,-118,-85,120,7704,-9380,10060,-14,133,-185,-14028,4032,5688,-1013,108,-80,-14008,-5184,6288,-485,151,-132,0
784.787878036499,8744,6836,11072,-130,-92,98,7628,-9360,10112,-32,164,-170,-13832,4032,5576,-995,107,-62,-13932,-5092,6208,-503,163,-108,0
784.8215870857239,8840,6860,10888,-123,-64,114,7568,-9396,10084,-23,139,-192,-13572,4000,5636,-998,105,-86,-13964,-5024,6168,-497,153,-100,0
784.8549001216888,8724,6880,10764,-134,-71,98,7788,-9460,10012,-37,119,-175,-13788,4072,5820,-982,89,-107,-14096,-5100,6128,-260,136,-105,0
784.8880970478058,8848,6688,11060,-149,-104,110,7564,-9476,10120,-8,164,-188,-13720,3860,5792,-770,79,-96,-14020,-5112,6248,-509,189,-126,0
784.9217331409454,8872,6732,11196,-171,-61,99,7632,-9392,9936,21,139,-193,-13668,3968,5404,-1027,79,-88,-13952,-5288,6116,-489,171,-102,0
784.9549889564514,8864,6840,10952,-134,-57,90,7544,-9308,10208,-20,199,-171,-13908,3968,5632,-1008,119,-52,-14024,-5088,6152,-495,164,-109,0
784.9888710975647,8832,6784,11028,-168,-68,96,7928,-9368,10224,-14,153,-182,-13832,4048,5632,-962,97,-89,-14108,-5084,6056,-481,167,-104,0
785.0223879814148,8804,6776,11028,-177,-63,109,7636,-9400,10092,15,190,-189,-13812,4028,5792,-1028,126,-115,-13976,-5040,6228,-472,163,-93,0
785.0556859970093,8940,6712,10792,-168,-98,126,7612,-9324,10116,-22,145,-160,-13904,4000,5636,-990,144,-79,-13956,-5368,6164,-493,137,-91,0
785.0893340110779,8684,6732,11260,-189,-30,127,7560,-9284,10152,-40,183,-170,-13600,3992,5736,-976,133,-104,-14080,-5084,5936,-468,128,-78,0
785.1228289604187,8784,6796,11096,-190,-99,104,7652,-9304,10056,-56,204,-173,-13816,3988,5888,-991,99,-107,-13948,-5160,6208,-479,170,-112,0
785.1556351184845,8756,6764,11024,-191,-79,124,7596,-9376,10100,-25,197,-194,-13692,4020,5696,-1025,101,-116,-13976,-4940,6140,-495,169,-94,0
785.1895070075989,8664,6700,11160,-178,-106,133,7508,-9364,10100,17,157,-210,-13764,4132,5624,-1009,156,-110,-13924,-5024,6256,-482,231,-87,0
785.2226409912109,8712,6692,11096,-190,-108,145,7636,-9320,9780,18,139,-220,-13724,4036,5880,-1020,185,-113,-14100,-5088,6128,-486,196,-51,0
785.2560620307922,8860,6744,11016,-216,-169,167,7624,-9364,10176,8,148,-170,-14076,3992,5832,-1005,185,-117,-14060,-5088,6128,-482,165,-65,0
785.289843082428,8900,6692,10916,-219,-106,146,7464,-9380,10456,5,169,-182,-14056,4072,5796,-997,152,-82,-14008,-4972,6248,-490,184,-82,0
785.3233950138092,8788,6740,11080,-213,-139,141,7644,-9404,10212,16,206,-199,-13876,4056,5620,-1014,137,-126,-14264,-5084,6216,-476,205,-87,0
785.3571579456329,8896,6716,11132,-215,-112,137,7616,-9312,10100,6,176,-194,-13796,3952,5644,-1010,130,-129,-13860,-5040,6200,-469,184,-95,0
785.3928110599518,8844,6712,11084,-225,-111,136,7536,-9380,10468,-6,184,-200,-14048,3952,5664,-961,156,-116,-14024,-4936,6360,-449,161,-47,0
785.4279761314392,8944,6756,10960,-205,-118,126,7636,-9260,10144,-6,173,-209,-13800,4064,5700,-978,153,-93,-14036,-5060,6248,-474,180,-76,0
785.463457107544,8944,6632,11000,-218,-141,132,7668,-9396,10288,8,155,-204,-13752,4016,5780,-1014,143,-126,-14016,-5048,6384,-471,184,-105,0
785.4993190765381,8900,6680,11216,-205,-132,134,7572,-9300,10132,19,145,-218,-13760,4100,5672,-1279,149,-144,-13960,-5068,6208,-468,197,-63,0
785.53498005867,8824,6776,11044,-197,-158,154,7444,-9360,10088,251,153,-225,-13584,3872,5476,-1018,178,-112,-14112,-4904,6228,-499,178,-78,0
785.570897102356,8892,6720,11016,-212,-142,168,7612,-9400,10236,254,114,-188,-13740,4064,5816,-1002,145,-111,-14036,-5324,6352,-487,171,-64,0
785.6071231365204,8832,6692,11064,-180,-128,165,7468,-9404,10144,6,145,-206,-13736,4048,5772,-769,158,-117,-14000,-5032,6152,-259,180,-69,0
785.6423120498657,8932,6736,10988,-186,-154,131,7636,-9712,10212,10,140,-196,-13804,3844,5424,-1041,164,-125,-14000,-5020,6360,-481,160,-60,0
785.6781511306763,8972,6728,11084,-195,-125,143,7628,-9372,10136,-24,132,-189,-13892,3952,5740,-1022,124,-132,-14112,-4956,5988,-494,146,-86,0
785.7135610580444,8932,6508,11064,-187,-118,130,7520,-9348,10204,-4,124,-175,-13860,3948,5720,-1015,131,-105,-13984,-4900,6228,-510,144,-77,0
785.7495851516724,8876,6660,11196,-187,-131,127,7592,-9392,10032,58,149,-193,-13832,3920,5640,-1023,107,-75,-14268,-5052,6112,-471,162,-106,0
785.7846479415894,8928,6704,11080,-151,-114,110,7520,-9308,10196,-25,139,-190,-13844,3956,5748,-1002,117,-122,-14024,-5108,6264,-483,143,-94,0
785.8202679157257,8820,6616,11240,-177,-155,103,7612,-9356,10084,-26,130,-220,-13728,4140,5604,-952,126,-111,-14028,-5056,6180,-473,245,-92,0
785.8554930686951,9008,6608,11064,-156,-124,121,7696,-9344,10200,-16,116,-200,-13824,4116,5836,-1030,101,-106,-14072,-5040,6036,-257,116,-124,0
785.8912169933319,8988,6668,11132,-65,-86,112,7696,-9316,10148,-6,101,-152,-13732,3976,5932,-975,60,-25,-13944,-5120,5940,-539,84,-145,0
785.9271731376648,8760,6684,10932,-86,-49,82,7572,-9348,10124,-75,119,-151,-13864,3940,5588,-998,68,-62,-13980,-5008,6076,-496,140,-157,0
785.9625151157379,8980,6648,11108,-106,-72,70,7568,-9328,10268,-59,143,-185,-13852,4076,5480,-997,77,-112,-13980,-5044,6144,-265,149,-135,0
785.9988880157471,8968,6684,11076,-76,-47,81,7896,-9316,10200,-67,110,-187,-13804,3996,5568,-1020,70,-67,-14004,-5008,5924,-486,180,-133,0
786.0340819358826,8748,6752,10756,-107,-95,87,7616,-9248,10040,-22,101,-201,-13772,4064,5636,-1000,89,-73,-13904,-5000,6364,-512,197,-138,0
786.069589138031,8912,6856,11096,-88,-88,94,7628,-9232,10088,-60,100,-190,-13904,3996,5820,-993,107,-63,-13864,-5004,6384,-498,176,-129,0
786.1031520366669,8912,6664,11016,-107,-86,93,7888,-9316,10176,-45,111,-187,-13912,3984,5632,-988,81,-78,-14300,-5084,6380,-495,121,-164,0
786.1366341114044,8720,6476,11288,-69,-57,87,7476,-9344,10140,-48,131,-174,-13828,4056,5864,-996,67,-94,-13884,-5000,6344,-534,130,-160,0
786.1700179576874,8888,6752,11104,-83,-55,81,7624,-9416,10324,-23,81,-138,-13764,3968,5672,-771,55,-57,-13976,-4972,6148,-520,130,-155,0
786.2035839557648,8924,6896,11032,-76,-45,92,7604,-9300,10072,-83,105,-177,-13856,4012,5600,-1009,64,-16,-13860,-5160,6216,-544,114,-164,0
786.237291097641,8896,6704,11012,-87,-88,66,7644,-9352,10096,-86,153,-170,-13596,3992,5688,-982,83,-69,-14012,-5156,6236,-485,120,-121,0
786.2706589698792,8904,6744,10956,-83,-82,86,7652,-9444,10124,-61,135,-188,-14024,4024,5656,-997,95,-90,-14008,-5168,6148,-257,132,-171,0
786.304132938385,8780,6728,10996,-98,-67,83,7720,-9244,10160,-57,137,-165,-13704,4016,5640,-967,87,-99,-14052,-5036,6200,-498,147,-154,0
786.337641954422,8892,6736,11044,-103,-75,70,7872,-9292,10136,-59,122,-201,-13836,3912,5532,-994,74,-64,-13984,-5000,6072,-506,150,-132,0
786.371099948883,8904,6800,11008,-88,-79,86,7716,-9356,10168,-55,141,-168,-13760,3948,5380,-1012,43,-49,-13904,-4968,6068,-765,140,-181,0
786.4043941497803,8928,6748,10992,-116,-67,78,7504,-9336,10196,-34,115,-175,-13800,3996,5596,-998,63,-118,-14044,-5284,6364,-759,143,-158,0
786.437637090683,8928,6712,10752,-88,-79,60,7572,-9412,10192,-60,148,-181,-13716,4040,5704,-1002,63,-110,-14044,-4868,6208,-765,108,-124,0
786.471116065979,8932,6780,10864,-104,-60,97,7664,-9468,10036,-78,143,-170,-14004,4056,5680,-974,48,-55,-14016,-5012,6180,-503,126,-162,0
786.5046761035919,8832,6668,11084,-88,-53,89,7480,-9468,10192,-23,135,-154,-13712,4012,5700,-1026,46,-51,-13920,-5104,6124,-504,144,-142,0
786.5381741523743,8844,6820,10856,-135,-65,101,7572,-9284,10040,-21,170,-133,-13732,4032,5872,-1018,70,-50,-13992,-5128,6084,-518,150,-144,0
786.5718579292297,8876,6816,10940,-74,-52,79,7556,-9404,10164,-100,148,-165,-13844,3992,5648,-984,65,-70,-14008,-5068,6004,-517,139,-119,0
786.6055450439453,8948,6728,11096,-111,-89,70,7668,-9312,10064,-47,147,-200,-13832,3976,5652,-991,97,-110,-13916,-5052,6144,-484,195,-129,0
786.6386389732361,8924,6732,10928,-102,-89,82,7720,-9272,10152,-41,143,-163,-13792,4048,5748,-985,110,-61,-14004,-5088,6224,-511,138,-127,0
786.6721620559692,8848,6696,11008,-100,-44,94,7616,-9316,10160,-32,127,-143,-13788,4104,5808,-976,52,-26,-13944,-5176,6132,-509,121,-129,0
786.7056550979614,8916,6756,11068,-120,-54,94,7636,-9404,10068,-68,175,-157,-13760,3980,5696,-987,69,-47,-14004,-5152,6336,-508,122,-152,0
786.7390611171722,8924,6812,11080,-122,-34,100,7656,-9348,10232,-65,155,-172,-13576,4048,5780,-1010,93,-91,-14072,-5192,6232,-519,116,-107,0
786.7725720405579,8808,6772,11064,-119,-52,101,7632,-9344,10024,-66,141,-164,-13792,4060,5652,-1014,101,-93,-13944,-5136,6164,-510,145,-109,0
786.8060901165009,8808,6664,10944,-185,-105,102,7560,-9372,10036,-35,142,-186,-13756,4084,5820,-975,129,-52,-13960,-5076,6156,-767,181,-102,0
786.8396780490875,8860,6740,11092,-142,-75,109,7456,-9592,10232,-40,175,-182,-13732,4028,5684,-1000,102,-38,-14040,-5220,6388,-458,170,-96,0
786.873183965683,8944,6860,10860,-169,-83,100,7580,-9708,10124,249,160,-156,-13872,4016,5832,-984,104,-85,-14088,-5096,6320,-484,152,-96,0
786.9064190387726,8884,6780,11508,-190,-83,109,7632,-9356,10032,-20,151,-193,-13816,3964,5688,-977,112,-143,-14000,-5156,6288,-478,194,-83,0
786.9401030540466,8820,6732,11100,-188,-110,145,7640,-9408,10124,-32,154,-182,-13704,3940,5680,-999,119,-94,-13972,-5100,5920,-505,178,-81,0
786.9737780094147,8904,6716,11088,-165,-107,126,7424,-9436,10196,-25,170,-177,-13728,3972,5708,-974,133,-96,-14092,-5356,6280,-501,151,-100,0
787.0073280334473,8832,6824,10928,-177,-106,108,7680,-9400,10428,-33,181,-214,-13840,4116,5784,-967,131,-83,-13960,-5152,6168,-478,162,-92,0
787.0410070419312,8896,6736,11056,-207,-100,115,7580,-9420,10180,2,176,-183,-14044,3988,5484,-978,125,-89,-14008,-5064,6288,-487,161,-66,0
787.0777599811554,8832,6736,11076,-190,-83,129,7620,-9376,10076,21,180,-181,-13736,4020,5624,-996,150,-129,-13988,-5104,6224,-493,195,-62,0
787.1128809452057,8860,6708,11060,-199,-99,159,7664,-9356,10336,-4,162,-206,-13864,4080,5660,-1017,160,-126,-13844,-4972,6212,-499,196,-87,0
787.1489269733429,8900,6768,10964,-223,-135,165,7452,-9332,10092,14,148,-190,-13820,4024,5632,-1011,151,-144,-13948,-5112,6396,-259,191,-54,0
787.1840240955353,8816,6724,11024,-202,-106,146,7624,-9364,10116,247,172,-196,-13752,3936,5736,-1015,113,-96,-13904,-4884,6304,-498,154,-99,0
787.2191390991211,8896,6736,11000,-194,-122,144,7592,-9352,10148,28,179,-194,-13728,4052,5612,-1020,109,-100,-13996,-5048,6224,-480,160,-105,0
787.2543499469757,8768,6716,11080,-217,-83,140,7848,-9396,10188,4,145,-195,-13852,4012,5664,-1261,139,-109,-14060,-5092,5908,-443,173,-78,0
787.2896730899811,8804,6692,11060,-208,-101,149,7640,-9340,10176,-13,135,-163,-13588,3924,5768,-999,122,-126,-14040,-5000,6240,-448,141,-105,0
787.3249599933624,9092,6664,11096,-227,-113,148,7580,-9348,10168,-253,144,-189,-13732,4044,5872,-1001,139,-63,-13952,-5200,6316,-488,154,-107,0
787.3607659339905,8956,6696,11108,-221,-139,150,7552,-9276,10128,38,149,-185,-13844,4016,5740,-1046,121,-117,-13948,-5016,6228,-491,189,-95,0
787.3961019515991,8904,6700,11008,-167,-113,127,7656,-9236,10276,-21,139,-210,-13744,4012,5816,-1017,122,-104,-14020,-5116,6264,-497,173,-77,0
787.4318130016327,8876,6724,10776,-214,-125,144,7632,-9272,10248,-244,143,-225,-13768,3996,5864,-1001,169,-142,-14168,-4872,5952,-487,207,-59,0
787.4675710201263,9016,6756,11172,-213,-116,157,7516,-9336,9992,23,152,-179,-13832,4016,5692,-1033,152,-91,-14064,-5344,6292,-484,147,-52,0
787.5024211406708,8920,6684,11040,-170,-76,143,7432,-9344,10184,0,129,-153,-13812,3868,5648,-994,105,-28,-14044,-5108,5964,-471,109,-112,0
787.5387489795685,8820,6644,10776,-187,-87,105,7584,-9312,10244,-53,148,-171,-13584,3896,5632,-997,100,-81,-14000,-4996,6192,-507,141,-113,0
787.5741090774536,8848,6704,11120,-100,-117,87,7628,-9436,10196,-54,124,-209,-13844,4156,5716,-983,69,-105,-13940,-5068,6352,-509,143,-166,0
787.6098110675812,8808,6672,10812,-54,-97,96,7484,-9360,9944,-79,85,-214,-13776,3924,5752,-992,79,-123,-14016,-4956,6092,-547,204,-145,0
787.6449580192566,8940,6572,10944,-107,-138,90,7632,-9324,9992,-12,80,-225,-13700,4056,5652,-1013,127,-116,-13832,-5036,6060,-489,214,-94,0
787.6809370517731,8908,6704,10860,-125,-101,105,7656,-9296,10228,-45,99,-197,-13812,3888,5684,-983,109,-106,-14028,-5112,6188,-505,136,-133,0
787.7187869548798,8916,6656,10988,-122,-55,89,7560,-9340,10108,-47,110,-162,-13660,3920,5548,-985,75,-64,-14244,-5096,6076,-497,140,-169,0
787.7521529197693,8880,6704,11124,-109,-54,79,7620,-9464,10188,-48,125,-193,-13888,3944,5672,-1280,73,-102,-14052,-5332,6348,-540,180,-139,0
787.7855870723724,8952,6808,11016,-79,-59,105,7584,-9320,10072,-55,118,-159,-13716,3980,5704,-1027,53,-130,-13956,-5112,6264,-489,145,-140,0
787.8190739154816,8852,6768,11040,-112,-77,94,7556,-9384,10132,-77,130,-182,-13780,4000,5400,-983,84,-47,-13948,-5340,6172,-504,139,-147,0
787.8524920940399,8808,6716,11064,-101,-48,89,7576,-9336,10160,-79,150,-177,-13588,4068,5872,-945,42,-61,-14012,-4872,6044,-497,134,-155,0
787.8859620094299,8988,6712,10952,-93,-62,73,7580,-9244,10020,-54,156,-172,-14040,3984,5880,-1002,45,-77,-13940,-4996,6164,-499,147,-149,0
787.9196541309357,8860,6616,11004,-82,-58,87,7428,-9396,10152,-39,128,-195,-13760,4024,5724,-1002,65,-94,-13960,-5020,6232,-499,164,-137,0
787.9531960487366,8856,6764,10964,-96,-69,115,7676,-9284,10160,-84,94,-196,-13792,4020,5604,-1005,103,-73,-13896,-5168,6196,-513,165,-137,0
787.9868240356445,8880,6696,11076,-79,-86,105,7648,-9328,10180,-82,95,-181,-13780,4064,5816,-967,81,-83,-14032,-5108,6316,-501,153,-82,0
788.0204601287842,8812,6744,11072,-108,-99,120,7700,-9284,10164,-71,82,-172,-13684,4016,5728,-1017,76,-68,-14016,-4912,5980,-513,165,-127,0
788.0566079616547,8896,6784,11008,-85,-85,102,7468,-9308,10096,-72,115,-177,-13780,3960,5712,-972,67,-39,-14140,-5052,5972,-493,104,-109,0
788.0902409553528,8856,6788,11140,-91,-45,97,7604,-9512,10104,-70,141,-128,-13780,4176,5560,-1277,56,-50,-14000,-5052,6204,-764,121,-152,0
788.1237139701843,8772,6704,11144,-140,-38,61,7556,-9368,9996,-24,180,-188,-13688,4092,5816,-1003,68,-100,-13984,-5136,6176,-495,123,-138,0
788.1571969985962,8784,6740,11024,-94,-14,74,7612,-9388,10384,-60,158,-160,-13604,3936,5636,-990,55,-102,-14044,-4908,6012,-516,137,-167,0
788.1907470226288,8816,6752,11124,-88,-95,90,7568,-9392,9992,-83,147,-189,-13820,3844,5456,-959,70,-108,-13988,-4876,6208,-485,172,-108,0
788.2243559360504,8808,6756,11004,-133,-79,87,7648,-9392,10168,-59,105,-187,-13728,4044,5584,-993,103,-62,-13936,-4888,6208,-489,144,-148,0
788.258022069931,8852,6692,10880,-93,-40,90,7556,-9332,10108,-18,130,-167,-13768,4016,5744,-1016,114,-34,-13992,-5120,6260,-475,130,-116,0
788.291405916214,8848,6700,10832,-141,-39,111,7480,-9376,10164,-62,147,-158,-13828,3952,5844,-1009,59,-66,-13980,-4936,6204,-473,134,-120,0
788.324944972992,8812,6684,11112,-106,-57,86,7660,-9328,10100,-87,138,-164,-13812,3992,5860,-976,65,-101,-14088,-5044,6320,-495,152,-163,0
788.3585939407349,8840,6764,11092,-128,-57,95,7616,-9408,10280,-60,139,-173,-13764,3948,5828,-992,75,-101,-13988,-5180,6160,-548,129,-153,0
788.3919830322266,8852,6720,10968,-107,-60,102,7640,-9452,10088,-33,108,-184,-13712,3976,5784,-1014,115,-55,-13976,-5040,6092,-760,184,-118,0
788.4255769252777,8836,6768,10768,-110,-51,121,7928,-9280,10184,-25,55,-187,-13736,3964,5756,-1032,83,-81,-14072,-5156,6240,-520,159,-111,0
788.4592111110687,8864,6876,11148,-143,-114,104,7560,-9312,10196,-40,137,-190,-13828,3952,5700,-1003,103,-62,-13956,-5352,6232,-487,158,-116,0
788.4929549694061,8772,6756,10900,-159,-60,115,7544,-9352,10136,-27,117,-162,-14048,4064,5860,-1009,115,-75,-14304,-5044,5948,-509,140,-92,0
788.52645611763,8812,6736,10940,-158,-27,101,7688,-9460,10116,-27,144,-163,-13876,4040,5388,-1000,87,-86,-13992,-5188,6308,-502,188,-113,0
788.5601239204407,8880,6724,11120,-181,-57,102,7580,-9440,10196,250,170,-173,-13604,4000,5724,-999,98,-97,-14116,-5072,6216,-481,153,-89,0
788.5936851501465,8832,6752,11164,-163,-77,129,7508,-9372,10032,-38,175,-186,-13756,3996,5676,-987,129,-65,-14036,-5112,6276,-482,194,-112,0
788.6271510124207,8736,6784,11068,-172,-112,122,7624,-9448,10068,-38,148,-197,-13928,4080,5584,-984,112,-111,-13968,-5208,6424,-487,202,-113,0
788.6604750156403,8892,6776,11092,-144,-114,127,7648,-9440,10468,-35,176,-206,-13712,3892,5632,-1001,131,-106,-14052,-5160,6152,-506,187,-74,0
788.6939799785614,8764,6788,11216,-194,-78,136,7580,-9420,10164,-10,170,-203,-13680,3976,5712,-985,136,-125,-14076,-5012,6144,-484,216,-95,0
788.7275459766388,8872,6712,11100,-217,-118,128,7652,-9356,10076,-20,169,-210,-13676,4012,5760,-991,156,-151,-14004,-5092,6004,-476,224,-99,0
788.764130115509,8884,6724,11116,-194,-122,147,7556,-9388,10132,-18,145,-214,-13848,4088,5652,-998,127,-96,-14268,-5100,6392,-479,235,-70,0
788.7995600700378,8852,6724,11124,-213,-112,135,7604,-9420,10116,2,158,-199,-14080,3964,5680,-1274,157,-117,-14072,-5368,6128,-483,191,-52,0
788.8347101211548,8748,6640,10968,-208,-107,166,7588,-9348,10136,7,165,-183,-13776,3868,5740,-980,149,-89,-13964,-5304,6200,-473,192,-77,0
788.8703191280365,8836,6704,10968,-251,-98,149,7424,-9396,10060,-31,190,-186,-13856,4004,5620,-1002,141,-93,-13832,-5060,6176,-489,119,-62,0
788.905599117279,8968,6656,11068,-223,-116,151,7640,-9432,10184,-20,174,-173,-13852,4076,5752,-1003,107,-21,-14236,-5056,6328,-260,140,-90,0
788.9415910243988,8880,6888,11252,-230,-109,138,7660,-9384,10364,37,198,-168,-13784,3996,5656,-1033,101,-134,-14028,-5100,5896,-475,169,-101,0
788.9775960445404,8752,6756,11056,-188,-84,121,7604,-9384,10000,-251,181,-175,-13780,3864,5740,-1022,147,-95,-14028,-5032,6168,-495,146,-78,0
789.0128600597382,8796,6772,11120,-214,-125,138,7576,-9444,10104,-15,134,-214,-13744,4092,5540,-980,176,-103,-14032,-5076,6232,-455,229,-26,0
789.0487761497498,8796,6656,11136,-234,-120,145,7756,-9600,10256,4,147,-212,-13888,4000,5668,-1038,161,-146,-14144,-5088,6344,-451,178,-86,0
789.0840809345245,8904,6720,11012,-199,-92,149,7436,-9376,10228,-4,147,-160,-13868,3944,5856,-985,104,-42,-14052,-5136,6144,-482,87,-92,0
789.1195261478424,8880,6708,11040,-230,-101,136,7512,-9400,10140,-9,143,-151,-13796,3956,5784,-981,101,-86,-13928,-4988,6156,-468,136,-87,0
789.1545341014862,8768,6588,11008,-179,-131,108,7552,-9456,10196,-9,163,-171,-13864,4072,5752,-1019,109,-89,-13956,-4964,6156,-259,161,-96,0
789.1895761489868,8940,6620,11100,-165,-130,149,7496,-9392,10188,16,111,-200,-13576,4004,5708,-772,137,-140,-13992,-5092,6060,-486,186,-83,0
789.224739074707,8828,6620,11048,-201,-159,157,7596,-9356,10112,9,129,-235,-13680,4056,5660,-1011,157,-123,-13928,-5084,6212,-490,208,-84,0
789.2607939243317,8916,6672,11060,-146,-128,157,7620,-9316,10144,-25,74,-229,-13856,3980,5568,-779,132,-122,-14032,-4916,6220,-498,186,-80,0
789.295578956604,8956,6416,10916,-171,-140,137,7652,-9340,10092,-32,120,-220,-13756,4048,5644,-1016,180,-88,-14056,-5064,6392,-493,151,-128,0
789.3315269947052,8912,6680,11260,-122,-70,132,7512,-9424,10264,-50,107,-205,-13736,4024,5528,-1004,121,-109,-14036,-5036,6176,-508,175,-117,0
789.3676710128784,8964,6708,11056,-122,-74,98,7424,-9288,10040,-37,112,-156,-13824,3924,5756,-770,92,-93,-14108,-5100,6148,-521,132,-129,0
789.4048929214478,8828,6708,11032,-115,-58,95,7928,-9340,10108,-64,150,-186,-13824,3964,5496,-990,69,-47,-13932,-4920,6272,-495,154,-106,0
789.4384860992432,8848,6484,11108,-112,-37,73,7656,-9380,10232,-50,146,-165,-13868,4072,5688,-1017,49,-39,-14000,-5072,6156,-504,156,-123,0
789.4718160629272,8916,6440,11104,-118,-63,96,7648,-9380,10240,-47,106,-209,-13864,3984,5736,-990,62,-47,-14004,-5016,6212,-505,136,-114,0
789.5055849552155,8888,6644,10960,-98,-61,85,7520,-9344,10208,-75,129,-158,-13772,3992,5608,-999,70,-132,-13992,-5132,6172,-486,147,-134,0
789.5391719341278,8864,6768,11036,-77,-54,77,7568,-9372,10168,-59,102,-207,-13908,4012,5700,-997,82,-96,-13924,-5000,6164,-505,184,-148,0
789.5724079608917,8840,6752,10800,-85,-52,85,7596,-9360,10108,-45,103,-178,-13652,3972,5548,-1013,92,-88,-14052,-5080,6120,-508,153,-169,0
789.6060490608215,8840,6740,11036,-75,-71,89,7576,-9368,10088,-56,101,-192,-14056,4040,5784,-991,100,-63,-14032,-5120,6156,-492,155,-116,0
789.6414279937744,8876,6784,11164,-95,-62,99,7648,-9332,10140,-63,111,-160,-13804,3972,5524,-986,102,-105,-13968,-5100,6156,-531,124,-110,0
789.6748840808868,8900,6680,11040,-48,-121,118,7452,-9412,10116,-65,107,-169,-13824,4008,5680,-1012,71,-84,-14008,-5052,6200,-521,143,-172,0
789.7085919380188,8772,6640,11188,-101,-63,97,7660,-9416,10148,-6,95,-144,-13592,3984,5800,-1017,75,-63,-14096,-5140,6220,-503,108,-149,0
789.7420809268951,8932,6864,11016,-78,-57,91,7640,-9400,10088,-37,99,-160,-13752,3976,5752,-975,92,-52,-14060,-5016,6224,-525,110,-131,0
789.7753870487213,8940,6712,11028,-92,-55,55,7664,-9464,10200,-51,186,-188,-13780,4072,5600,-943,26,-98,-13944,-5044,6160,-499,142,-165,0
789.8087849617004,8884,6696,10824,-123,-72,71,7652,-9408,10036,-41,133,-181,-13864,3996,5632,-990,68,-65,-14076,-5000,6208,-466,156,-154,0
789.842306137085,8816,6744,11012,-71,-23,88,7844,-9412,10088,-54,129,-155,-13816,4072,5868,-1279,81,-32,-13908,-5140,6204,-479,98,-156,0
789.8757109642029,8856,6728,10968,-103,-35,69,7764,-9300,10120,-43,130,-148,-13780,4020,5808,-969,25,-31,-13968,-5112,6216,-496,127,-155,0
789.9092609882355,8924,6780,11132,-106,-47,64,7608,-9360,10120,-85,151,-155,-13808,3972,5656,-999,56,-44,-14012,-5096,6260,-496,105,-152,0
789.9430589675903,8868,6740,10964,-86,-86,80,7624,-9336,10260,-78,129,-166,-13748,4100,5660,-1009,85,-94,-13952,-5044,6252,-531,153,-159,0
789.9765501022339,8876,6728,11068,-62,-43,60,7624,-9256,10088,-51,137,-195,-13692,4080,5580,-769,65,-104,-13968,-5088,6192,-520,165,-142,0
790.0101201534271,8720,6596,10980,-112,-48,94,7668,-9380,10152,-44,109,-196,-13752,3972,5656,-1012,93,-83,-14024,-5200,6252,-509,150,-99,0
790.0437710285187,8872,6724,11008,-73,-80,117,7556,-9224,10244,-59,101,-186,-13796,4064,5696,-985,85,-83,-13948,-5032,6244,-258,152,-138,0
790.0774121284485,8772,6664,10780,-114,-72,103,7620,-9372,10044,-82,124,-168,-14060,3848,5688,-963,78,-75,-14020,-5060,6068,-517,154,-159,0
790.1110370159149,8832,6836,11008,-88,-74,93,7648,-9448,10172,-25,131,-183,-13852,3960,5760,-980,77,-78,-14044,-5040,6140,-505,158,-165,0
790.1442310810089,9000,6776,10976,-91,-76,122,7932,-9460,10196,-64,158,-167,-14052,3848,5700,-1011,91,-87,-14056,-5096,6228,-520,143,-156,0
790.1777119636536,8876,6760,10980,-81,-47,100,7584,-9452,10068,-78,115,-167,-13884,3968,5676,-993,77,-83,-13964,-5208,6172,-509,170,-135,0
790.2110810279846,8872,6704,10976,-112,-60,50,7864,-9348,10100,-65,155,-180,-13880,3944,5824,-979,81,-41,-13980,-5136,6224,-501,154,-150,0
790.2448711395264,8756,6900,11244,-132,-41,85,7596,-9228,10144,-54,136,-161,-13780,4064,5600,-997,93,-42,-13940,-5144,6032,-494,158,-135,0
790.2782390117645,8824,6744,11140,-108,-66,101,7608,-9328,10256,-32,115,-184,-13772,3904,5696,-1003,81,-76,-13960,-5084,6180,-511,149,-153,0
790.3117251396179,8932,6724,11116,-105,-59,113,7564,-9368,10116,-56,137,-160,-13576,3992,5736,-997,114,-107,-14072,-5200,5888,-502,168,-131,0
790.3451290130615,8744,6880,11032,-163,-59,74,7604,-9432,9980,-22,137,-170,-13768,4004,5828,-1010,130,-103,-13924,-4960,6128,-502,142,-90,0
790.3787260055542,8868,6804,11112,-166,-77,128,7600,-9436,10020,-31,151,-182,-13764,3900,5816,-982,112,-73,-13968,-5184,6216,-486,151,-100,0
790.4117960929871,8840,6748,11228,-182,-71,116,7532,-9224,10188,-14,177,-219,-13720,3864,5672,-968,133,-62,-14108,-5116,6188,-474,140,-58,0
790.4486291408539,8744,6748,11136,-168,-76,132,7652,-9404,10012,-50,134,-185,-13580,3848,5736,-938,130,-97,-14040,-5284,6136,-503,128,-49,0
790.4838321208954,8864,6652,11140,-167,-134,161,7920,-9436,10120,-8,174,-184,-13828,3988,5688,-1020,101,-99,-14260,-5000,6052,-521,177,-80,0
790.5196390151978,8868,6824,10780,-235,-95,137,7596,-9396,10028,36,174,-203,-13704,3948,5712,-1032,143,-146,-13900,-5140,5944,-495,182,-72,0
790.554850101471,8924,6764,10752,-194,-86,110,7624,-9468,10088,-31,179,-197,-13768,4040,5688,-982,125,-74,-13956,-5112,5992,-500,198,-78,0
790.5901579856873,8856,6720,11176,-226,-132,133,7608,-9428,10084,-18,184,-243,-13776,3992,5516,-954,175,-158,-13996,-5052,6124,-453,227,-63,0
790.6255700588226,8784,6660,11072,-231,-107,143,7592,-9400,10196,1,119,-174,-13872,4008,5740,-1013,138,-91,-13976,-4980,6092,-465,177,-55,0
790.6612129211426,8788,6640,10992,-212,-87,124,7668,-9372,10040,-8,153,-183,-13864,4012,5688,-1012,134,-122,-13872,-5156,6344,-476,102,-71,0
790.6971609592438,8804,6724,11212,-221,-117,136,7860,-9248,10104,-12,185,-159,-13816,4000,5796,-972,100,-128,-14120,-5000,5968,-476,139,-130,0
790.7322819232941,8856,6800,10968,-223,-93,134,7628,-9436,10140,16,176,-185,-13792,4092,5656,-775,105,-142,-13928,-5128,6188,-471,167,-85,0
790.7681250572205,8724,6812,11080,-189,-113,125,7492,-9424,10144,18,151,-195,-13836,3936,5428,-773,141,-156,-13836,-5012,6200,-484,211,-68,0
790.8036360740662,8708,6784,11028,-218,-152,163,7484,-9344,10220,29,132,-225,-13748,4048,5656,-1015,163,-124,-14044,-5092,6180,-502,184,-59,0
790.8389101028442,8912,6900,10848,-218,-163,158,7732,-9384,10096,20,132,-227,-13836,4048,5808,-1003,199,-148,-14288,-5108,6152,-486,204,-66,0
790.8744599819183,8956,6716,11472,-208,-98,166,7572,-9420,10192,254,103,-205,-14056,4088,5784,-1278,183,-94,-14044,-5172,6216,-480,180,-76,0
790.9102189540863,8956,6712,11116,-222,-133,138,7580,-9360,10120,8,153,-189,-13900,4044,5764,-1004,155,-104,-13840,-4984,5900,-471,159,-82,0
790.9453921318054,8924,6640,11100,-215,-124,150,7632,-9380,10044,2,120,-189,-13680,4000,5644,-991,143,-124,-14044,-5004,6180,-485,135,-71,0
790.9809970855713,8924,6832,10980,-216,-125,159,7680,-9332,10076,-25,114,-209,-13824,4000,5656,-1013,141,-88,-14008,-5124,6316,-483,151,-71,0
791.0161731243134,8880,6728,11032,-216,-137,138,7880,-9376,10044,-4,132,-219,-13904,3944,5552,-1012,110,-140,-14320,-5004,6164,-483,172,-79,0
791.0524311065674,8932,6648,11092,-193,-123,139,7544,-9316,10040,4,130,-199,-13812,4064,5496,-998,122,-77,-14012,-5076,6164,-494,151,-59,0
791.0893099308014,8920,6764,11052,-189,-100,121,7596,-9312,10096,-6,122,-202,-13804,4000,5576,-1000,125,-113,-14052,-5032,6088,-502,173,-104,0
791.1228530406952,8784,6880,10752,-129,-131,120,7780,-9288,10484,-53,108,-196,-13916,3940,5664,-997,124,-112,-13836,-4992,6124,-519,173,-83,0
791.1564559936523,8944,6896,10972,-105,-129,127,7496,-9392,10416,-55,81,-197,-14052,4024,5620,-1004,98,-133,-13948,-4988,6208,-526,153,-125,0
791.1900129318237,8956,6636,11064,-105,-89,96,7592,-9348,10052,-72,112,-201,-14060,3992,5652,-992,126,-63,-14052,-5020,6192,-513,148,-101,0
791.2236170768738,8852,6632,10848,-110,-57,87,7704,-9260,10060,-55,128,-157,-13964,4068,5652,-1006,88,-31,-14028,-4976,5996,-506,108,-133,0
791.256991147995,9028,6648,11076,-97,-35,83,7568,-9276,10036,-42,139,-162,-13920,4040,5620,-1030,54,-53,-14048,-5052,6180,-500,97,-176,0
791.2906601428986,8788,6724,11056,-131,-40,92,7660,-9220,10292,-5,104,-121,-13748,4076,5584,-1011,32,-64,-13980,-5112,6200,-489,114,-158,0
791.3240201473236,8864,6788,10992,-86,-29,53,7604,-9248,10196,-65,105,-180,-13916,4064,5832,-995,69,-110,-13992,-5104,6304,-505,151,-137,0
791.3576190471649,8768,6640,10964,-109,-109,54,7604,-9412,10032,-47,113,-226,-13796,3852,5868,-987,83,-120,-13992,-5000,6372,-479,221,-164,0
791.3913841247559,8792,6688,10892,-96,-56,97,7632,-9316,10164,-28,109,-178,-13652,3884,5824,-1020,107,-45,-14020,-5112,6264,-498,103,-134,0
791.4248940944672,8916,6676,11064,-105,-32,84,7528,-9444,10476,-33,129,-159,-13728,4040,5656,-1002,62,-12,-13996,-5332,6096,-485,86,-148,0
791.4581770896912,8864,6684,11196,-145,-21,79,7572,-9400,10164,-73,140,-152,-13768,3968,5692,-985,37,-50,-13872,-5088,6252,-528,82,-146,0
791.4918060302734,8900,6672,11116,-111,-59,108,7552,-9388,10088,-59,118,-174,-13748,3996,5704,-977,73,-113,-13996,-5112,6092,-526,122,-151,0
791.5255100727081,8828,6740,11092,-52,-72,110,7576,-9312,10212,-77,114,-160,-13624,4052,5756,-1030,85,-98,-13980,-5116,6304,-518,145,-122,0
791.5592091083527,8836,6456,11044,-116,-84,117,7648,-9380,10080,-50,100,-196,-13808,3968,5432,-1003,125,-80,-13912,-5044,6376,-258,194,-88,0
791.5926461219788,8788,6672,11248,-87,-73,90,7456,-9376,10116,-97,92,-194,-13752,3980,5692,-987,99,-65,-14284,-5128,6216,-519,144,-117,0
791.6262140274048,8932,6768,11056,-103,-106,114,7696,-9356,10120,-53,103,-174,-13816,4048,5800,-968,109,-87,-14040,-5012,6308,-520,123,-146,0
791.6594960689545,8948,6888,11240,-98,-66,98,7848,-9320,10008,-28,132,-188,-13912,4012,5684,-990,42,-108,-14036,-5080,6132,-501,139,-138,0
791.693067073822,8832,6668,11088,-111,-59,98,7656,-9440,10152,-30,138,-157,-13784,4056,5844,-996,78,-100,-13956,-5344,6372,-529,151,-142,0
791.7267129421234,8860,6720,11140,-111,-53,92,7664,-9404,9992,-44,144,-171,-13756,4040,5516,-1009,48,-83,-13880,-5344,6232,-502,125,-151,0
791.760185956955,8888,6764,11000,-118,-72,63,7676,-9464,10192,-68,127,-169,-13772,3960,5720,-975,45,-44,-13968,-5048,6176,-486,141,-141,0
791.7936780452728,8920,6728,11160,-130,-81,75,7592,-9352,10164,-54,147,-184,-13772,4128,5720,-1012,61,-64,-13980,-5092,6160,-496,157,-150,0
791.8272910118103,8908,6692,11040,-118,-54,89,7556,-9384,10124,-54,158,-205,-13816,4056,5776,-953,68,-114,-13940,-5008,6388,-487,151,-137,0
791.8607039451599,8820,6728,10840,-111,-69,86,7516,-9440,10184,-58,166,-194,-13812,3976,5768,-989,96,-68,-13996,-4940,6312,-518,155,-156,0
791.8936610221863,8816,6732,11192,-112,-54,98,7612,-9376,10152,-37,132,-195,-13804,3888,5800,-999,118,-67,-14028,-5128,6160,-518,142,-138,0
791.9274389743805,8864,6804,11064,-115,-105,101,7708,-9432,10128,-33,150,-198,-14008,4072,5440,-1014,123,-68,-13964,-5216,6168,-489,168,-133,0
791.9611110687256,8796,6716,11036,-133,-72,92,7688,-9344,10056,-73,138,-191,-13796,4036,5632,-964,124,-87,-14308,-5072,6092,-493,139,-133,0
791.9945130348206,8876,6756,11012,-98,-70,101,7476,-9268,10132,-79,133,-165,-13884,4112,5800,-1013,97,-45,-14044,-5092,6200,-532,111,-112,0
792.0282459259033,8904,6652,11184,-112,-59,79,7912,-9476,9984,-10,135,-154,-13816,4032,5804,-1008,36,-115,-13912,-5196,6128,-494,138,-129,0
792.0617640018463,8760,6776,11040,-139,-60,79,7588,-9296,10140,11,154,-162,-13808,4012,5936,-1013,84,-47,-14000,-5088,6192,-518,131,-134,0
792.095025062561,8884,6768,11072,-124,-65,92,7600,-9356,10136,-96,140,-199,-13604,4024,5788,-972,80,-51,-14032,-5020,6272,-489,137,-128,0
792.1320531368256,8956,6700,11096,-155,-75,73,7460,-9344,10132,-38,131,-177,-13832,4164,5600,-981,104,-98,-13864,-5060,6204,-490,180,-134,0
792.1681151390076,8852,6876,11136,-128,-69,125,7624,-9452,10036,-33,117,-179,-14036,4036,5620,-1023,88,-38,-13924,-5108,6172,-496,129,-131,0
792.2031180858612,8832,6696,10844,-137,-64,103,7620,-9276,10096,-52,145,-156,-13752,3984,5696,-956,54,-27,-14020,-4892,6208,-257,109,-105,0
792.2387800216675,8840,6776,10860,-127,-40,95,7544,-9528,10072,-78,140,-168,-13760,4044,5752,-963,83,-88,-14032,-5136,6216,-265,140,-138,0
792.2739610671997,8880,6816,11032,-124,-61,103,7604,-9416,10136,-74,148,-154,-13732,4060,5844,-987,92,-43,-13852,-5160,6164,-509,153,-115,0
792.3099410533905,8768,6716,11148,-104,-34,111,7676,-9624,10148,-42,132,-154,-13832,4000,5884,-1012,139,-101,-13920,-5092,6216,-506,176,-99,0
792.3447999954224,8836,6688,11004,-120,-72,124,7536,-9428,10236,-22,116,-203,-13724,4052,5712,-989,111,-51,-13988,-5144,6336,-492,153,-131,0
792.3805179595947,8868,6816,10884,-146,-109,106,7656,-9416,10228,-44,111,-196,-13876,4020,5732,-973,144,-69,-14104,-5076,6236,-480,157,-132,0
792.4160461425781,8760,6732,11088,-123,-19,121,7664,-9368,10164,-51,127,-186,-13744,4312,6108,-1007,115,-102,-13928,-5096,6100,-500,159,-131,0
792.4520540237427,8976,6800,11060,-160,-63,118,7460,-9372,10084,-6,125,-188,-13824,4056,5660,-1011,108,-60,-14040,-5084,6156,-490,142,-139,0
792.487998008728,8708,6760,11244,-180,-64,107,7576,-9404,9972,-10,143,-185,-13816,4016,5712,-992,85,-114,-14232,-4912,6240,-479,148,-122,0
792.5230469703674,8836,6728,11064,-189,-76,130,7596,-9316,10172,-3,163,-179,-13780,4024,5804,-963,119,-77,-14012,-5128,5948,-463,178,-132,0
792.5582330226898,8844,6676,10756,-162,-89,119,7652,-9480,10208,1,199,-207,-13824,4100,5708,-981,132,-149,-14020,-5136,6196,-478,196,-109,0
792.594183921814,8820,6704,10768,-166,-97,120,7608,-9352,10024,-20,145,-201,-13740,4024,5748,-988,126,-78,-14032,-5100,6152,-478,164,-79,0
792.6294441223145,8812,6828,11084,-180,-111,132,7564,-9392,10192,-19,174,-182,-13740,4036,5736,-979,153,-92,-13956,-5104,6276,-502,170,-77,0
792.6655261516571,8644,6688,10916,-169,-102,127,7596,-9356,10248,18,168,-202,-13688,4044,5712,-977,158,-163,-13952,-4868,6248,-257,213,-74,0
792.7013559341431,8808,6656,10976,-207,-136,146,7624,-9340,10036,-15,131,-183,-13772,4256,5760,-1004,161,-102,-14008,-5124,6216,-499,174,-61,0
792.7377240657806,8820,6736,11132,-185,-112,149,7692,-9388,10084,-15,169,-182,-13792,3984,5696,-990,148,-141,-14004,-5088,6204,-489,188,-62,0
792.7743139266968,8880,6724,11120,-204,-109,166,7652,-9436,10040,4,150,-218,-13708,3984,5792,-991,151,-137,-14024,-5184,6344,-461,186,-78,0
792.8077681064606,8916,6800,11156,-235,-91,154,7620,-9328,10220,7,105,-197,-13768,4048,5804,-983,161,-115,-14048,-5072,6184,-495,147,-55,0
792.841292142868,8908,6728,11084,-196,-122,143,7656,-9348,10220,-31,137,-194,-13836,4092,5844,-997,99,-73,-14008,-5040,6228,-500,140,-98,0
792.8748650550842,8876,6700,11124,-206,-106,104,7640,-9384,10192,28,169,-187,-13792,4048,5568,-1029,93,-76,-14024,-4952,6264,-492,179,-91,0
792.9081110954285,8796,6760,11076,-188,-118,140,7584,-9344,10056,16,170,-167,-13604,3996,5624,-997,121,-94,-14052,-5080,6256,-493,148,-74,0
792.9417409896851,8832,6824,11156,-197,-139,120,7556,-9324,10304,-9,131,-202,-13808,4052,5624,-989,163,-175,-14040,-5012,6200,-457,210,-62,0
792.9754481315613,8788,6696,11088,-247,-122,149,7536,-9728,10124,-23,145,-223,-14060,4092,5424,-1008,190,-140,-13832,-4972,6224,-481,140,-86,0
793.0089640617371,9016,6572,11068,-195,-117,165,7608,-9344,10136,5,139,-186,-13596,3984,5660,-1013,133,-54,-13844,-5108,6192,-485,125,-100,0
793.042603969574,8796,6720,10768,-200,-99,139,7596,-9424,10096,-12,163,-144,-13780,4012,5712,-1008,110,-73,-13992,-5140,6188,-475,116,-90,0
793.0808351039886,8796,6604,11184,-213,-116,149,7608,-9420,10208,-31,152,-199,-13736,3892,5776,-994,121,-102,-13984,-5072,5912,-480,176,-97,0
793.1149990558624,8860,6732,11016,-170,-165,132,7552,-9408,10136,-1,133,-198,-13768,3936,5712,-994,117,-146,-13972,-5012,6140,-522,181,-86,0
793.1485040187836,8828,6628,11072,-188,-135,114,7560,-9368,10072,3,104,-229,-13684,3992,5620,-1011,155,-152,-13960,-5064,6124,-475,205,-115,0
793.1816959381104,8840,6880,10760,-187,-125,137,7572,-9364,10232,19,79,-203,-13716,4048,5400,-1018,117,-83,-13968,-5008,6124,-490,187,-89,0
793.2152090072632,8880,6664,11188,-166,-171,137,7452,-9308,10152,7,122,-201,-13832,3960,5488,-998,141,-89,-13948,-4988,6312,-494,162,-109,0
793.2487659454346,8724,6604,10948,-184,-104,131,7624,-9368,10460,-20,120,-193,-13824,4052,5732,-993,151,-109,-14136,-4964,5928,-481,170,-105,0
793.2822289466858,8708,6456,11056,-167,-130,102,7616,-9360,10148,-12,102,-203,-14060,4032,5528,-777,97,-123,-13852,-5068,6124,-492,183,-104,0
793.3157410621643,8876,6668,10888,-124,-114,130,7608,-9348,10284,-20,100,-207,-14012,4008,5388,-994,87,-91,-13976,-4996,6212,-516,136,-130,0
793.3492350578308,8756,6660,10964,-89,-111,98,7744,-9308,10040,-62,110,-189,-13920,3968,5564,-990,79,-82,-14120,-5056,6124,-506,109,-137,0
793.3822860717773,8976,6568,10840,-140,-66,82,7908,-9356,10216,-44,158,-155,-13856,4084,5412,-1027,57,-80,-14020,-5012,6188,-520,155,-170,0
793.4156849384308,8860,6600,11104,-104,-43,95,7572,-9304,10196,34,124,-174,-13724,3960,5536,-1042,93,-110,-14052,-5108,6196,-440,119,-134,0
793.4492421150208,8848,6736,11148,-107,-33,102,7584,-9292,10228,-74,108,-164,-13812,4088,5700,-993,128,-65,-14024,-5020,6388,-531,104,-151,0
793.4822919368744,8832,6628,10996,-118,-114,74,7620,-9480,10148,-92,143,-206,-13780,4000,5708,-970,64,-89,-13984,-5092,6264,-498,165,-137,0
793.5157511234283,8876,6724,11080,-94,-120,115,7600,-9432,10244,-25,135,-169,-13840,4008,5716,-994,83,-109,-14172,-5060,6264,-491,136,-139,0
793.5493340492249,8920,6576,11136,-91,-40,88,7664,-9344,10112,-68,124,-150,-13728,3988,5668,-1020,81,-77,-13864,-5320,6384,-487,117,-122,0
793.5824820995331,8824,6800,11016,-116,253,118,7664,-9368,10140,-48,127,-152,-13792,4172,5732,-979,68,-36,-14024,-5100,6288,-509,67,-131,0
793.6160070896149,8812,6676,10920,-106,-47,95,7608,-9416,10216,-65,97,-154,-13760,3976,5608,-1007,79,-31,-13984,-4948,6212,-533,111,-133,0
793.6492969989777,8932,6788,11148,-81,-61,104,7708,-9380,10196,-60,84,-143,-14016,3988,5636,-1010,90,-69,-13960,-4888,6300,-516,152,-139,0
793.6827571392059,8936,6756,11060,-71,-56,87,7636,-9356,10372,-44,129,-163,-13740,4084,5704,-1003,81,-112,-13928,-5108,6220,-509,146,-157,0
793.7164189815521,8860,6452,11096,-83,-103,85,7548,-9380,10116,-45,92,-199,-13856,3976,5584,-996,106,-132,-14044,-5076,6188,-509,189,-115,0
793.7499840259552,8728,6420,10988,-93,-110,88,7608,-9456,10184,-33,117,-223,-13796,3988,5736,-999,105,-68,-14016,-5108,6304,-498,167,-141,0
793.7830500602722,8892,6672,11164,-95,-94,75,7592,-9404,10136,-21,137,-223,-13752,4080,5792,-991,70,-106,-14012,-5052,6192,-498,151,-148,0
793.8211529254913,8892,6652,11244,-111,-82,84,7636,-9448,10024,-56,143,-189,-13808,3992,5600,-965,70,-110,-14040,-5104,6180,-500,130,-168,0
793.8561549186707,8844,6640,10956,-113,-110,106,7452,-9236,10156,-40,140,-184,-13880,3992,5836,-984,50,-115,-14072,-5052,6200,-514,129,-145,0
793.8918390274048,8776,6684,10840,-88,-59,90,7568,-9432,9932,-46,155,-181,-13796,4004,5536,-988,72,-63,-14056,-5124,6152,-768,116,-127,0
793.9281170368195,8824,6724,11036,-68,-77,88,7616,-9332,10084,-46,135,-180,-13804,3980,5664,-1009,73,-79,-13940,-5048,6088,-503,154,-143,0
793.9631659984589,8908,6688,11048,-111,-41,87,7568,-9340,10116,-33,127,-189,-13728,3972,5472,-1028,61,-91,-13976,-5112,6060,-488,173,-139,0
793.9988729953766,8832,6700,10872,-103,-78,100,7680,-9628,10040,-53,122,-186,-13820,4080,5596,-1007,88,-99,-14052,-5076,6176,-509,158,-137,0
794.0343360900879,8800,6676,10936,-111,-119,92,7524,-9452,10040,-60,105,-197,-13760,4056,5664,-993,111,-91,-14036,-5092,6328,-501,167,-162,0
794.0700509548187,8948,6412,11116,-94,-78,112,7584,-9392,10160,-48,122,-185,-13776,3884,5792,-1014,82,-64,-13968,-5096,6060,-482,145,-112,0
794.1052560806274,8816,6728,11012,-107,-68,111,7584,-9224,9992,-69,106,-181,-13784,3992,5720,-967,81,-68,-14056,-5104,5924,-258,117,-105,0
794.1412789821625,8824,6680,11156,-96,-62,122,7668,-9452,10212,-25,137,-160,-13580,4016,5836,-969,70,-80,-14040,-4976,6316,-506,131,-160,0
794.175989151001,8884,6656,11024,-99,-52,106,7624,-9408,9996,-38,126,-167,-13768,3972,5784,-983,117,-72,-13916,-5100,6288,-482,152,-128,0
794.212110042572,8892,6684,11212,-101,-82,101,7556,-9420,10204,-47,136,-186,-13840,4052,5656,-970,66,-85,-13956,-5044,6180,-491,125,-130,0
794.2481091022491,8888,6588,11260,-115,-81,103,7544,-9260,9936,-54,124,-201,-13804,4020,5852,-1022,109,-93,-14068,-5200,6212,-492,155,-138,0
794.2829079627991,8816,6816,11084,-111,-102,116,7544,-9388,10012,-34,121,-185,-13840,4028,5652,-1017,105,-104,-13904,-5060,6296,-479,144,-128,0
794.3192210197449,8852,6736,11128,-127,-91,107,7664,-9412,10036,-36,119,-181,-13752,4044,5476,-995,87,-95,-14020,-5340,6208,-513,139,-133,0
794.3549709320068,8776,6784,10860,-116,-113,123,7620,-9288,10124,-30,154,-173,-13720,3940,5464,-1018,91,-62,-13928,-5052,6224,-765,168,-106,0
794.3902461528778,8868,6684,10952,-112,-81,90,7704,-9408,10232,-39,114,-171,-14036,4056,5712,-1004,100,-117,-14236,-4880,6108,-490,180,-114,0
794.4252369403839,8724,6800,11248,-153,-76,116,7608,-9360,10148,-40,138,-186,-13752,3844,5728,-974,134,-35,-14012,-5060,6176,-479,132,-85,0
794.4610550403595,8812,6736,11084,-127,-82,93,7692,-9404,10036,-67,145,-181,-13768,3992,5416,-984,88,-49,-13944,-5008,6224,-258,95,-145,0
794.4943289756775,8832,6720,10956,-142,-54,97,7452,-9448,10240,-14,206,-137,-13784,4056,5624,-985,72,-104,-13884,-5024,6164,-495,128,-104,0
794.5276391506195,8864,6848,11164,-124,-52,129,7708,-9424,10076,-25,136,-162,-13808,3992,5884,-1016,97,-100,-13888,-5176,6028,-497,103,-98,0
794.5612440109253,8892,6792,10796,-114,-85,85,7716,-9384,10180,-69,160,-174,-13800,3924,5732,-984,83,-82,-13948,-5096,6072,-521,197,-110,0
794.5944769382477,8852,6632,11096,-183,-76,96,7756,-9436,10176,255,151,-182,-13708,4100,5780,-770,114,-58,-14008,-5080,6236,-467,155,-109,0
794.6281650066376,8836,6740,11084,-147,-45,133,7608,-9368,9948,5,143,-148,-13716,3992,5816,-772,97,-75,-14044,-5208,6288,-482,110,-124,0
794.6616261005402,8808,6860,11112,-177,-39,124,7644,-9456,10172,-41,166,-146,-13656,4008,5784,-958,120,-59,-14012,-5244,6364,-465,125,-120,0
794.6965839862823,8820,6736,11176,-179,-114,121,7592,-9604,10108,-45,161,-195,-13776,4004,5632,-969,116,-103,-13976,-5044,6128,-492,155,-112,0
794.7300310134888,8896,6716,11104,-164,-89,121,7528,-9440,10136,-23,145,-192,-13776,4132,5716,-1009,129,-102,-13904,-5008,6092,-515,211,-94,0
794.7636320590973,8868,6752,10972,-182,-118,142,7540,-9424,10100,19,149,-206,-13704,4044,5700,-1011,127,-151,-13836,-5156,6288,-466,228,-80,0
794.7970850467682,8844,6788,11156,-236,-132,142,7544,-9400,10112,7,152,-227,-13900,4120,5660,-969,193,-109,-14032,-5080,6288,-470,221,-53,0
794.8305160999298,8872,6456,11180,-240,-138,151,7596,-9504,10008,-15,153,-190,-13908,4008,5740,-969,167,-77,-14028,-5196,6228,-479,178,-51,0
794.8640201091766,8756,6700,11100,-230,-92,163,7680,-9408,10148,16,174,-182,-14080,4044,5692,-986,151,-98,-14012,-5104,5904,-475,174,-62,0
794.8971841335297,8788,6744,10928,-222,-72,157,7744,-9336,10184,20,159,-190,-13724,4092,5696,-991,128,-147,-13856,-5044,6232,-481,179,-46,0
794.9308929443359,8812,6760,11000,-213,-64,159,7608,-9308,10052,8,149,-179,-13808,3964,5696,-967,168,-116,-14012,-5096,6192,-498,162,-71,0
794.9645049571991,8808,6700,11072,-207,-108,153,7840,-9340,10256,-12,119,-203,-13756,4072,5812,-1007,144,-117,-14024,-5052,6256,-440,140,-51,0
794.9980819225311,8832,6888,11052,-241,-154,149,7584,-9272,10124,30,165,-200,-13812,3988,5732,-988,121,-114,-13944,-5128,6280,-460,170,-80,0
795.0315380096436,8888,6676,11020,-231,-93,126,7568,-9420,10096,19,152,-181,-13592,4000,5384,-1000,125,-97,-13976,-5016,6384,-465,155,-90,0
795.0650670528412,8932,6608,11052,-233,-137,158,7652,-9228,10144,11,146,-193,-13768,4048,5608,-985,128,-137,-14064,-4984,6308,-463,201,-63,0
795.0984990596771,8724,6404,11056,-192,-147,155,7556,-9424,10028,-2,131,-191,-13824,3984,5572,-1017,145,-137,-13936,-5160,6184,-479,188,-56,0
795.1318869590759,8956,6460,11240,-214,-164,164,7524,-9416,10056,13,119,-207,-13636,3932,5732,-1271,167,-131,-13972,-5076,6268,-474,179,-72,0
795.1655621528625,8836,6568,11036,-202,-145,155,7524,-9400,10316,19,120,-183,-13600,4016,5716,-1042,185,-77,-14044,-5116,6384,-481,180,-51,0
795.1990671157837,8772,6684,11004,-216,-159,166,7628,-9360,10024,18,99,-202,-13812,4056,5716,-989,156,-94,-13920,-5016,6332,-478,154,-63,0
795.2324590682983,8932,6620,11148,-204,-114,139,7632,-9420,10108,1,129,-178,-13824,3916,5504,-1273,140,-121,-13992,-5048,6256,-479,129,-91,0
795.2661941051483,8912,6676,10968,-210,-134,131,7652,-9472,10160,37,148,-188,-13880,3952,5736,-769,104,-103,-14008,-4880,6168,-477,145,-104,0
795.2997250556946,8816,6632,11016,-245,-158,143,7624,-9416,10128,63,146,-194,-13768,3960,5720,-1031,115,-151,-14016,-5112,6120,-461,169,-76,0
795.3334560394287,8744,6736,11248,-195,-119,136,7576,-9316,10112,11,110,-214,-14036,3952,5752,-972,174,-127,-14024,-5104,6224,-471,168,-90,0
795.3671500682831,8896,6628,11104,-228,-171,122,7752,-9368,10128,253,107,-225,-13840,4156,5540,-962,140,-116,-13948,-5084,6172,-460,237,-81,0
795.4002821445465,8960,6640,11152,-194,-147,133,7656,-9272,10260,-255,119,-188,-13804,4008,5508,-1033,133,-91,-14116,-5104,6344,-456,147,-97,0
795.4336891174316,8920,6644,10928,-154,-100,128,7600,-9348,10172,-36,119,-176,-13796,4064,5648,-1008,131,-81,-13916,-5060,5964,-508,120,-116,0
795.469535112381,8840,6576,11132,-147,-73,123,7608,-9324,10152,-33,129,-180,-13796,4056,5756,-1028,69,-81,-13932,-4908,6308,-498,92,-132,0
795.504851102829,8860,6536,11068,-131,-89,108,7900,-9308,10140,-29,139,-189,-13880,4016,5580,-1010,76,-80,-13984,-5060,6200,-260,127,-104,0
795.5401530265808,8956,6712,11156,-92,-59,89,7612,-9420,10208,-38,116,-195,-13876,3984,5652,-1018,89,-77,-13960,-5028,6192,-486,163,-129,0
795.5754251480103,8752,6584,11128,-106,-75,88,7716,-9340,10076,-46,99,-181,-13804,3920,5484,-990,119,-63,-13928,-5060,6124,-493,156,-130,0
795.6108779907227,8836,6660,11124,-129,-72,105,7636,-9224,10156,-62,127,-171,-13852,3992,5748,-984,93,-105,-14052,-5048,6116,-492,148,-134,0
795.6460599899292,8920,6456,11172,-123,-89,79,7600,-9392,10188,-53,154,-165,-13892,4112,5632,-991,93,-83,-14276,-5048,6352,-498,127,-143,0
795.6818521022797,8928,6680,11160,-88,-60,88,7596,-9372,10056,-45,139,-183,-13760,4052,5620,-984,61,-56,-13836,-5016,6264,-539,149,-143,0
795.7177720069885,8868,6604,10800,-83,-13,82,7572,-9320,10196,-37,118,-171,-13804,4032,5684,-1022,86,-78,-13980,-5012,6164,-509,156,-133,0
795.7532689571381,8852,6632,11108,-63,-36,76,7856,-9372,10236,-66,109,-177,-14024,3956,5556,-993,61,-89,-14028,-5048,6332,-524,134,-153,0
795.7887880802155,8948,6860,11092,-99,-83,57,7516,-9312,10088,-42,184,-180,-13888,4088,5680,-985,68,-88,-13980,-5012,6252,-488,154,-151,0
795.8243379592896,8856,6592,11144,-117,-53,85,7600,-9452,10212,-51,154,-186,-13792,3992,5756,-979,79,-104,-13980,-5012,6280,-530,114,-149,0
795.8604080677032,8848,6604,10936,-88,-71,71,7448,-9376,9912,-41,141,-190,-13804,4012,5612,-970,76,-55,-13864,-5144,6236,-263,133,-128,0
795.8959939479828,8880,6648,11088,-100,-105,95,7596,-9340,10168,-61,93,-182,-13840,4008,5624,-993,119,-67,-14024,-5204,6232,-524,145,-150,0
795.9325540065765,8848,6900,11020,-103,-52,79,7656,-9352,10228,-33,130,-156,-13812,4056,5772,-978,96,-107,-14008,-5048,6184,-506,136,-140,0
795.9679930210114,8964,6624,11220,-99,-43,81,7760,-9388,10148,-53,118,-157,-13840,4036,5548,-991,97,-104,-14100,-5068,6268,-522,105,-134,0
796.0036709308624,8960,6436,11080,-103,-49,88,7920,-9400,10092,-44,151,-150,-13824,4092,5476,-1269,44,-52,-14072,-4988,6364,-259,113,-168,0
796.0391919612885,8836,6712,11256,-109,-42,97,7512,-9308,10268,-18,135,-144,-13748,4268,5872,-1022,59,-53,-13912,-5352,6220,-507,119,-161,0
796.0740721225739,8912,6664,11132,-72,-22,77,7892,-9344,10024,-68,113,-176,-13840,4044,5784,-1010,55,-88,-13972,-5060,6240,-257,116,-149,0
796.1101450920105,8952,6488,11156,-106,-27,79,7696,-9352,10140,-33,160,-179,-13748,4052,5672,-983,38,-113,-14056,-5000,6272,-470,163,-162,0
796.1456229686737,8704,6404,11028,-114,-40,89,7480,-9288,10036,-17,158,-170,-13776,4068,5732,-990,76,-82,-13980,-4876,6184,-495,142,-137,0
796.1791219711304,8928,6700,11188,-122,-61,102,7676,-9288,10208,-41,136,-173,-13572,4000,5708,-966,63,-77,-14028,-4884,6248,-481,96,-147,0
796.2127270698547,8756,6756,11064,-142,-17,80,7612,-9400,10016,-52,177,-160,-13732,3984,5724,-966,48,-64,-13956,-5152,6280,-476,113,-147,0
796.2462511062622,8892,6768,11096,-164,-69,114,7664,-9396,10092,-23,190,-148,-14024,3964,5504,-970,77,-54,-13916,-5100,6188,-470,149,-119,0
796.2800381183624,8748,6692,11032,-157,-87,125,7596,-9436,10148,255,166,-175,-13792,4020,5436,-990,125,-103,-13844,-5040,6204,-484,201,-66,0
796.3136689662933,8700,6468,11220,-162,-168,142,7480,-9408,10220,-33,104,-253,-14056,4076,5764,-1001,180,-110,-13956,-5108,6224,-502,217,-57,0
796.347314119339,8956,6708,11152,-124,-219,170,7608,-9368,10196,-49,138,-238,-13744,4016,5752,-996,190,-159,-14052,-5060,6228,-532,177,-51,0
796.3807759284973,8884,6712,10892,-183,-179,138,7616,-9388,10176,-16,148,-221,-13792,4056,5816,-967,191,-169,-13960,-5048,6308,-481,204,-64,0
796.4142079353333,8912,6748,11124,-187,-158,143,7680,-9416,10016,11,178,-198,-13848,4024,5720,-773,159,-117,-13996,-5036,6372,-496,232,-63,0
796.4475009441376,8916,6728,11032,-183,-112,154,7888,-9316,10468,33,128,-197,-13788,4028,5808,-1044,135,-105,-13944,-5060,6380,-487,234,-62,0
796.4812309741974,8848,6424,10972,-186,-142,174,7644,-9228,10092,25,142,-227,-13728,3976,5732,-1017,201,-86,-14044,-5060,6216,-456,195,-48,0
796.5143909454346,8792,6708,11108,-237,-153,134,7592,-9320,10108,-20,148,-220,-14040,4000,5628,-984,185,-148,-14056,-5040,6168,-467,175,-60,0
796.5479390621185,8904,6632,11168,-226,-165,161,7676,-9400,10044,-3,117,-207,-13616,4080,5884,-1278,160,-116,-13888,-4956,6276,-497,179,-28,0
796.5815551280975,9044,6600,11216,-226,-152,143,7620,-9376,10188,-23,133,-196,-13912,4064,5780,-1011,150,-116,-13992,-5084,6228,-462,159,-40,0
796.6153340339661,9168,6728,11092,-169,-158,161,7652,-9472,10036,17,134,-214,-13820,4016,5660,-1027,146,-126,-14024,-4928,6232,-489,208,-52,0
796.6487200260162,8904,6700,11048,-167,-137,131,7596,-9416,10248,16,89,-213,-13748,3960,5660,-1020,179,-95,-13948,-5056,6156,-465,195,-33,0
796.6822490692139,8884,6760,11148,-159,-161,187,7564,-9356,10180,-36,95,-222,-13724,3992,5400,-1037,201,-115,-14016,-5012,6240,-493,146,-41,0
796.7156870365143,8936,6576,10828,-117,-201,164,7432,-9324,10004,-60,61,-213,-13876,3960,5812,-1049,186,-126,-13948,-5028,6196,-516,179,-71,0
796.7493989467621,8916,6572,10996,-106,-170,150,7748,-9280,10148,20,78,-198,-13784,3960,5832,-1055,129,-125,-14000,-5148,6212,-490,161,-85,0
796.7828419208527,8876,6448,11124,-153,-160,124,7712,-9264,10108,2,102,-205,-13780,3952,5588,-1011,128,-119,-14008,-5092,6256,-508,151,-100,0
796.816465139389,9004,6700,11116,-103,-146,119,7772,-9180,10176,-31,114,-207,-13784,3960,5564,-1005,142,-76,-13900,-4992,6376,-485,197,-84,0
796.8500061035156,9088,6620,11208,-173,-81,122,7644,-9344,10180,-19,102,-199,-13860,4016,5608,-998,145,-108,-13984,-4704,6064,-480,150,-105,0
796.883248090744,9136,6568,10828,-120,-94,133,7672,-9344,10088,-34,141,-173,-13824,3928,5696,-977,74,-72,-14116,-4952,6088,-460,114,-149,0
796.9170520305634,9040,6568,10912,-150,-42,117,7692,-9296,10120,-31,109,-146,-13844,4000,5616,-1002,45,236,-14024,-5052,6396,-475,102,-124,0
796.9503910541534,8868,6656,11208,-170,-57,100,7564,-9340,10128,-62,138,-164,-13892,3932,5556,-1005,106,-46,-13952,-5068,6168,-464,124,-137,0
796.9838330745697,9008,6624,11076,-134,-68,71,7440,-9324,10204,-43,173,-169,-13760,4040,5668,-1023,95,-23,-13976,-5276,6268,-469,138,-127,0
797.0174181461334,8780,6716,11124,-97,-77,87,7544,-9272,9996,-25,219,-226,-13640,4000,5516,-992,105,-100,-14032,-4972,6376,-479,188,-102,0
797.0510540008545,8956,6536,11076,-142,-124,95,7620,-9388,10176,-31,121,-199,-13780,4092,5376,-987,126,-101,-14076,-4892,6132,-501,119,-117,0
797.0845670700073,8968,6612,10956,-117,-86,99,7904,-9320,10128,-43,115,-184,-13840,4064,5788,-997,107,-87,-14024,-5052,6228,-474,148,-100,0
797.1181089878082,8948,6568,11096,-143,-56,90,7552,-9352,10144,-71,160,-173,-13644,3980,5732,-973,95,-50,-13976,-5028,6184,-482,163,-86,0
797.1538591384888,8956,6524,10884,-150,-67,106,7432,-9316,10112,-47,161,-169,-13904,4016,5804,-988,115,-49,-14036,-5040,6316,-499,135,-97,0
797.1896469593048,9212,6868,11208,-120,-74,109,7696,-9316,10228,-76,115,-169,-13732,3984,5500,-971,138,-12,-13976,-5056,6240,-482,140,-100,0
797.2246210575104,8948,6652,11056,-122,-61,125,7584,-9288,10480,-108,122,-176,-13860,4000,5536,-969,129,-72,-14084,-4928,6156,-469,140,-87,0
797.2604670524597,9052,6852,11152,-155,-254,107,7704,-9304,10076,-132,152,-157,-14044,3980,5532,-962,116,-250,-14020,-4980,6344,-462,137,-75,0
797.295608997345,8988,6572,11008,-176,8,108,7724,-9224,10012,-118,172,-134,-13844,4056,5644,-956,65,248,-14056,-4964,6116,-441,63,-108,0
797.3315799236298,9120,6408,10888,-215,41,93,7608,-9420,10080,-83,156,-117,-13812,3996,5764,-968,100,53,-14020,-5016,6240,-438,100,-95,0
797.3677661418915,8780,6724,11132,-200,36,100,7528,-9400,10188,-114,91,-164,-13752,4056,5660,-963,213,-39,-13956,-5072,6184,-429,165,-28,0
797.4028050899506,8844,6724,11132,-212,-49,133,7676,-9384,10128,-144,75,-216,-13920,4064,5764,-954,171,-75,-14100,-5024,6244,-448,152,-45,0
797.4380910396576,9036,6632,11172,-168,-118,115,7696,-9396,10184,-149,131,-204,-13884,4120,5708,-936,148,255,-14004,-4888,6248,-426,73,-51,0
797.4737191200256,8964,6644,11224,-214,-10,69,7484,-9344,10176,-155,167,-168,-13916,3984,5832,-924,84,-35,-14008,-4948,6128,-394,62,-53,0
797.50963306427,8784,6652,11224,-193,41,63,7724,-9448,10232,-162,162,-130,-14068,4000,5680,-906,81,36,-14000,-5048,6200,-399,24,-86,0
797.5443940162659,9140,6624,10908,-225,42,34,7736,-9412,10160,-192,226,-145,-13872,4056,5564,-834,75,247,-14088,-4960,6200,-363,81,-63,0
797.5797579288483,8860,6588,11048,-304,38,46,7652,-9464,10024,-176,210,-139,-13820,4032,5424,-861,64,34,-14088,-4996,6184,-375,99,-29,0
797.615049123764,8896,6884,10860,-252,253,62,7504,-9448,10188,-182,141,-167,-13776,3980,5612,-892,89,53,-14060,-4976,6272,-366,50,-15,0
797.6511769294739,8912,6564,11160,-294,-7,113,7596,-9408,10052,-206,144,-180,-13824,4164,5772,-919,163,45,-13976,-4956,6600,-356,47,-17,0
797.6871409416199,8812,6652,11056,-265,-17,122,7624,-9428,10144,-181,128,-157,-13812,4080,5656,-863,99,32,-13960,-4988,6320,-392,57,-52,0
797.7222299575806,8804,6612,11188,-231,39,94,7624,-9548,10048,-175,108,-162,-13852,4096,5676,-918,99,43,-13916,-4944,6340,-358,55,-46,0
797.7582759857178,8880,6632,11000,-288,22,80,7560,-9468,10012,-177,56,-137,-13600,4196,5668,-904,110,28,-13880,-4980,6164,-422,59,-42,0
797.793585062027,8808,6472,11040,-206,5,94,7588,-9488,10092,-155,125,-143,-13584,4148,5496,-955,140,35,-14008,-4900,6344,-396,67,-36,0
797.8292829990387,8892,6624,11096,-244,-29,116,7640,-9532,9976,-151,150,-129,-13820,4156,5504,-953,109,-232,-13976,-4920,6300,-389,52,-41,0
797.8629450798035,8768,6584,11116,-222,3,110,7572,-9224,10028,-160,161,-120,-13752,4316,5484,-954,138,19,-13856,-4912,6192,-393,36,-29,0
797.896124124527,8796,6548,11148,-275,40,128,7568,-9536,10120,-189,125,-110,-13816,4148,5416,-909,137,57,-13836,-5064,6316,-353,-62,-2,0
797.9298391342163,8752,6584,11236,-328,63,121,7640,-9564,9996,-264,131,-77,-13708,4228,5680,-847,149,119,-13972,-4860,6348,-306,-66,14,0
797.9631509780884,8740,6500,11132,-342,57,121,7548,-9612,10012,-281,50,-73,-13836,4144,5860,-865,158,145,-13924,-4848,6400,-332,-48,47,0
797.996798992157,8784,6492,11088,-378,29,119,7548,-9916,10128,-277,98,-70,-14052,4340,5852,-863,112,99,-14060,-4788,6300,-362,-10,22,0
798.0302519798279,8772,6476,11196,-296,26,129,7536,-9640,10016,-259,163,-54,-13792,4212,5568,-888,153,123,-14140,-4836,6384,-355,-3,46,0
798.063766002655,8908,6420,11156,-335,46,179,7688,-9600,9996,-243,68,-73,-13976,4100,5448,-908,169,101,-14080,-4860,6180,-335,62,64,0
798.1001801490784,8844,6488,11072,-360,-38,171,7636,-9448,10092,-229,136,-106,-13812,4220,5640,-890,193,67,-13928,-4856,6404,-324,70,112,0
798.1340310573578,8768,6524,11180,-325,34,148,7572,-9628,10044,-242,7,-103,-13772,4288,5492,-971,241,74,-14024,-4760,6412,-293,41,102,0
798.1676139831543,8744,6452,11236,-310,19,227,7544,-9692,10040,-178,5,-24,-13828,4404,5596,-991,218,194,-13996,-4408,6420,-447,-51,71,0
798.2012240886688,8788,6248,11260,-244,52,181,7568,-9824,9824,-149,130,16,-13744,4284,5416,-967,73,188,-14132,-4680,6560,-417,-120,-58,0
798.2347609996796,8856,6324,11048,-262,208,148,7780,-9560,9804,-193,215,50,-13824,4456,5412,-898,36,240,-14192,-4696,6508,-283,-213,-33,0
798.2683689594269,8848,6292,11388,-430,217,56,7896,-9932,9920,-239,314,18,-13848,4476,5716,-832,-41,175,-14088,-4632,6568,-222,-146,-124,0
798.3019630908966,8748,6148,11692,-378,208,24,7536,-9892,9900,-184,325,250,-13792,4528,5716,-877,-108,103,-13888,-4728,6496,-345,-105,-148,0
798.3354680538177,8676,6424,11204,-233,123,21,7456,-9784,10092,-176,335,-33,-13560,4280,5700,-972,-70,101,-13664,-4720,6820,-428,-83,-167,0
798.3692629337311,8864,6520,11284,-161,139,32,7264,-9508,10008,-189,124,-64,-13232,4332,5756,-859,-11,109,-13668,-4716,6712,-422,-12,-93,0
798.4027359485626,8416,6340,11220,-135,59,81,7368,-9664,9996,-139,180,-90,-13404,4468,5536,-959,86,58,-13744,-4740,6480,-469,25,-130,0
798.436420917511,8384,6544,11332,-159,30,110,7300,-9552,9964,-149,113,-86,-13700,4436,5880,-993,117,52,-14008,-4684,6424,-452,39,-14,0
798.4696900844574,8612,6524,11516,-194,32,160,7412,-9648,9904,-100,105,-101,-13852,4380,5676,-947,107,40,-14036,-4660,6564,-537,13,-56,0
798.5031621456146,8664,6492,11196,-136,54,153,7528,-9756,9952,-125,144,-30,-13676,4516,5708,-955,78,77,-13968,-4660,6712,-257,-50,-76,0
798.5368180274963,8700,6468,11404,-141,34,135,7468,-9628,10212,-109,94,-66,-13664,4448,5852,-967,99,94,-14000,-4720,6688,-448,-61,-35,0
798.5703411102295,8708,6472,11380,-175,21,156,7568,-9692,9916,-184,95,-76,-14044,4476,5476,-895,92,128,-13884,-4700,6640,-479,-50,-7,0
798.6038630008698,8796,6400,11236,-191,58,185,7412,-9732,10020,-176,90,-6,-13676,4508,5472,-944,118,161,-13948,-4644,6660,-452,-44,-25,0
798.6374111175537,8720,6360,11244,-181,112,193,7472,-9848,9804,-121,73,-7,-13668,4444,5404,-983,138,101,-13828,-4540,6648,-491,-61,-60,0
798.6708779335022,8684,6212,11256,-113,59,141,7672,-9812,9656,-62,60,-91,-13576,4548,5500,-988,110,246,-13680,-4760,6540,-491,35,-126,0
798.704460144043,8484,6244,11332,-82,-50,103,7464,-9824,9976,36,169,-197,-13548,4480,5600,-994,84,-130,-13596,-4668,6756,-494,241,-188,0
798.7381041049957,8684,6280,11476,-72,-98,48,7192,-9900,9824,71,172,-8,-13572,4620,5408,-1039,66,-189,-13912,-4644,6752,-543,319,-241,0
798.7716770172119,8608,6280,11468,-3,-167,36,7396,-9868,9828,154,112,-310,-13648,4584,5808,-1071,125,-265,-13880,-4540,6800,-578,424,-234,0
798.8051459789276,8504,6308,11288,28,-183,47,7384,-9856,9848,194,70,-365,-13760,4548,5644,-1084,159,-366,-13800,-4804,6712,-619,481,-8,0
798.8416841030121,8540,6436,11400,81,-248,74,7496,-9756,9824,232,82,-394,-13632,4496,5448,-1102,134,-311,-13936,-5084,6884,-645,506,-252,0
798.8777539730072,8508,6564,11384,52,-241,54,7488,-9684,9992,206,69,-386,-13676,4512,5464,-1101,157,-310,-14048,-4796,6428,-585,413,-208,0
798.9127309322357,8756,6532,11036,-25,-194,79,7504,-9484,10024,146,125,-319,-13608,4376,5704,-1070,129,-256,-14032,-4848,6552,-601,326,-229,0
798.9480860233307,8708,6500,11372,-18,-185,80,7652,-9700,9844,118,154,-251,-13808,4452,5708,-1074,117,-178,-14092,-4760,6560,-624,279,-224,0
798.9833369255066,8764,6476,11328,-55,-131,99,7472,-9704,9996,176,206,-213,-13780,4504,5692,-1096,132,-199,-14096,-4848,6564,-584,282,-191,0
799.0187981128693,8700,6512,11016,-52,-153,137,7472,-9660,10048,176,154,-212,-13716,4376,5636,-1084,136,-226,-14036,-4832,6492,-575,307,-175,0
799.0541760921478,8856,6728,11312,-136,-197,119,7540,-9596,9940,141,191,-273,-13796,4096,5480,-771,150,-509,-14004,-4680,6648,-558,341,-128,0
799.0902421474457,8716,6512,11232,-149,-207,112,7536,-9596,9940,127,162,-308,-13752,4256,5544,-1047,154,-266,-13832,-4736,6600,-548,370,-141,0
799.1250669956207,8548,6640,11324,-82,-251,119,7292,-9640,10132,207,179,-317,-13708,4492,5392,-1105,203,-305,-13884,-4732,6776,-512,353,-115,0
799.160984992981,8636,6504,11324,-111,-182,141,7536,-9672,10140,174,86,-267,-13868,4420,5700,-998,155,-222,-13984,-4864,6572,-530,214,-147,0
799.1971080303192,8772,6532,11488,-151,-207,144,7588,-9700,10096,107,181,-210,-13680,4368,5568,-1028,129,-206,-13908,-4720,6688,-565,241,-152,0
799.2325279712677,8612,6484,11332,-68,-189,156,7372,-9640,9740,165,144,-246,-13732,4520,5492,-1052,168,-272,-13884,-4788,6488,-560,237,-145,0
799.2681159973145,8604,6436,11012,-92,-216,173,7208,-9644,9984,173,141,-252,-13796,4568,5524,-1063,184,-33,-13932,-4836,6528,-589,223,-121,0
799.3040990829468,8736,6476,11408,-79,-245,180,7596,-9632,9888,124,60,-257,-13756,4384,5584,-1039,190,-192,-13908,-4664,6520,-554,263,-139,0
799.3397850990295,8784,6508,11456,-135,-224,151,7504,-9648,10160,90,66,-292,-13772,4240,5600,-1056,229,-234,-14044,-5044,6504,-535,221,-124,0
799.3750269412994,8880,6540,11220,-135,-211,145,7620,-9592,10176,130,56,-253,-13772,4140,5576,-1085,213,-203,-13940,-4704,6548,-543,243,-111,0
799.4105820655823,8820,6488,11444,-92,-293,198,7528,-9676,9788,139,38,-253,-13720,4260,5476,-1115,222,-15,-14024,-4728,6564,-263,5,-110,0
799.445573091507,8756,6468,11008,-112,-242,198,7608,-9584,10160,127,62,-240,-13844,4124,5584,-1095,219,-206,-14020,-4772,6252,-558,195,-133,0
799.4832451343536,8908,6500,11224,-125,-207,157,7636,-9500,9964,100,84,-237,-14040,4344,5536,-1049,140,-188,-14284,-4752,6284,-584,209,-125,0
799.5169620513916,8732,6580,11184,-95,-175,176,7592,-9492,9800,82,94,-235,-13800,4296,5468,-1054,103,-211,-14028,-4800,6360,-571,210,-106,0
799.5505120754242,8756,6304,11008,-61,-225,194,7548,-9560,9884,150,173,-196,-13820,4248,5360,-1086,74,-3,-13836,-4904,6460,-607,218,-187,0
799.5839710235596,8708,6380,11096,-13,-194,155,7532,-9424,10184,223,207,-234,-13780,4296,5596,-1081,18,-12,-14008,-4872,6380,-610,206,-228,0
799.6174199581146,8824,6580,11464,-29,-165,123,7532,-9496,10016,192,152,-229,-13888,4124,5688,-1076,49,-213,-14108,-4852,6316,-572,226,-214,0
799.6506860256195,8784,6672,11216,-110,-199,95,7612,-9228,10468,118,95,-263,-13940,4148,5512,-1096,67,-163,-13980,-4956,6380,-585,214,-185,0
799.6841390132904,8912,6616,11168,-115,-194,121,7500,-9424,10284,44,80,-265,-13832,4108,5568,-1070,130,-173,-14008,-5108,6172,-591,204,-138,0
799.7180590629578,8824,6552,11120,-109,-218,131,7636,-9444,10068,97,45,-213,-13864,4168,5564,-1089,92,-164,-14000,-4692,6644,-573,193,-151,0
799.7516560554504,8796,6532,11196,-123,-168,135,7584,-9404,9912,72,90,-201,-13720,4136,5576,-1128,152,-176,-14032,-4900,6276,-521,196,-110,0
799.7851319313049,8864,6500,11124,-122,-157,130,7688,-9288,10088,25,41,-178,-13780,4168,5588,-1038,168,-86,-14028,-4792,6364,-548,149,-99,0
799.8186860084534,8720,6516,11072,-107,-127,125,7568,-9724,10112,-35,66,-196,-13616,4100,5236,-1013,157,-99,-14000,-4756,6212,-552,168,-116,0
799.8519999980927,9128,6176,11252,-83,-61,126,7688,-9376,9932,-28,132,-134,-13960,4172,5156,-1014,83,-68,-13904,-5016,6192,-531,85,-138,0
799.8854811191559,8716,6504,11224,-94,64,97,7716,-9232,10036,-255,188,-104,-13888,4068,5608,-1043,57,-16,-14000,-4664,6304,-767,56,-170,0
799.9192090034485,8952,6612,11184,-114,46,54,7560,-9444,9984,22,166,-75,-13836,4068,5728,-1045,-10,-67,-13908,-4928,6416,-260,78,-160,0
799.9528970718384,8832,6528,11140,-81,24,74,7552,-9448,10004,-9,164,-119,-13660,4200,5468,-1061,77,-83,-14104,-4960,6280,-536,109,-196,0
799.9866809844971,8768,6504,11348,-52,-38,102,7544,-9452,10216,-1,119,-181,-14068,4344,5480,-1037,76,-83,-13968,-4664,6468,-572,194,-165,0
800.0200910568237,8680,6472,11152,-63,-81,87,7516,-9668,10084,4,114,-217,-13780,4124,5736,-1025,78,-128,-13892,-4912,6432,-543,215,-150,0
800.053661108017,8744,6456,10968,-52,-113,86,7540,-9428,10096,-52,124,-205,-13712,4160,5692,-1014,82,-132,-14068,-5100,6624,-538,176,-179,0
800.0871360301971,8840,6600,11132,-106,-122,44,7792,-9568,10000,-25,131,-187,-13736,4240,5616,-1036,83,-119,-14020,-4904,6456,-524,130,-165,0
800.1206820011139,8916,6616,11064,-105,16,47,7572,-9388,10104,-14,143,-164,-14016,4244,5508,-1033,60,-59,-13960,-4684,6488,-504,103,-197,0
800.1538600921631,8804,6544,11160,-108,18,76,7604,-9676,10092,28,236,-152,-13852,4144,5488,-1012,51,-25,-13856,-5120,6328,-557,150,-184,0
800.1873819828033,8892,6504,11036,-75,-13,51,7600,-9480,10092,-34,139,-167,-13624,4128,5540,-990,75,-47,-13952,-5016,6408,-535,140,-135,0
800.2211010456085,8792,6548,11132,-89,-46,80,7544,-9388,10004,-54,167,-210,-13764,4156,5336,-993,101,-94,-13884,-4908,6384,-503,173,-137,0
800.254800081253,8760,6588,11184,-117,-84,71,7628,-9460,9832,-65,140,-198,-13828,4116,5604,-973,64,-125,-13932,-4936,6316,-520,173,-171,0
800.288183927536,8884,6604,11040,-86,-79,86,7624,-9436,10164,-29,174,-194,-14056,3876,5564,-954,54,-118,-13964,-4880,6380,-499,136,-176,0
800.3216700553894,8888,6600,11060,-69,-66,54,7568,-9388,10132,-35,200,-194,-13836,4112,5388,-900,-9,-38,-14064,-4860,6496,-534,106,-208,0
800.3552091121674,8820,6628,11060,-67,-59,49,7528,-9356,10128,-33,170,-186,-13784,4128,5828,-995,39,-46,-13888,-4944,6396,-492,96,-150,0
800.3886909484863,8744,6600,11236,-96,-43,39,7608,-9376,10132,-45,188,-170,-13844,4204,5512,-1007,73,-39,-13968,-5032,6360,-507,85,-176,0
800.4221420288086,8852,6572,11048,-73,-46,60,7652,-9232,10144,-40,195,-131,-13828,4280,5596,-1013,13,-43,-14056,-4952,6436,-550,68,-198,0
800.4557180404663,8824,6556,11292,-93,-7,61,7592,-9276,10088,-23,189,-158,-13660,4260,5508,-1043,5,-75,-13924,-5104,6372,-507,100,-184,0
800.4891669750214,8732,6672,11168,-52,-11,70,7488,-9500,10128,-31,138,-138,-13816,4124,5412,-1016,30,-46,-14012,-4968,6144,-267,97,-207,0
800.5259890556335,8756,6452,11196,-77,-71,62,7300,-9416,10224,-95,190,-175,-13692,4152,5384,-1016,68,-78,-13896,-4972,6544,-516,131,-161,0
800.5622460842133,8476,6604,11144,-99,-74,42,7516,-9420,10116,-49,162,-222,-13772,4100,5644,-982,78,-126,-13840,-5008,6448,-464,172,-162,0
800.598226070404,8748,6640,11132,-82,-59,71,7556,-9448,10188,-48,147,-199,-13636,4236,5772,-945,34,-75,-13940,-4980,6460,-473,142,-140,0
800.6332149505615,8760,6892,11040,-119,-66,81,7572,-9468,10040,-40,139,-175,-13784,4268,5736,-977,60,-77,-13948,-4972,6572,-468,84,-153,0
800.6693971157074,8732,6724,11164,-148,-65,86,7444,-9576,10248,-48,181,-165,-13792,4328,5700,-960,86,-53,-14072,-4876,6416,-471,118,-130,0
800.7050890922546,8480,6400,11232,-146,-62,87,7448,-9444,10188,-26,142,-175,-13860,4240,5656,-991,84,-59,-13920,-4972,6320,-489,165,-142,0
800.7406570911407,8928,6656,11480,-177,-100,125,7480,-9512,10076,-19,127,-186,-13676,4196,5628,-1033,121,-87,-13572,-4932,6372,-512,181,-109,0
800.7762191295624,8808,6708,11480,-130,-83,123,7632,-9440,10104,-14,101,-215,-13804,4160,5500,-1012,119,-114,-14012,-4964,6428,-259,187,-117,0
800.8121471405029,8856,6572,11076,-172,-99,122,7676,-9440,10032,11,136,-201,-13848,4200,5672,-773,147,-114,-13964,-4956,6412,-457,207,-45,0
800.848021030426,8772,6404,11132,-174,-165,129,7480,-9544,10172,2,141,-229,-13660,4100,5476,-1016,167,-146,-13924,-4948,6516,-493,239,-70,0
800.8832819461823,8744,6700,11120,-152,-158,151,7536,-9456,10116,252,140,-230,-13780,3840,5760,-963,165,-150,-13900,-5052,6456,-484,215,-86,0
800.9187760353088,8780,6616,10932,-160,-182,149,7596,-9360,10060,-27,124,-253,-13824,4020,5584,-1004,151,-141,-13968,-4908,6396,-466,168,-74,0
800.9540309906006,8832,6616,11188,-203,-169,139,7604,-9472,10196,-12,146,-231,-13588,4204,5788,-975,161,-81,-13992,-4904,6288,-434,170,-55,0
800.9897301197052,8820,6612,11060,-233,-153,146,7348,-9724,10168,16,111,-187,-13592,4076,5664,-1001,156,-116,-14016,-4956,6416,-433,162,-61,0
801.0249691009521,8824,6492,11076,-226,-140,146,7448,-9400,10232,13,130,-206,-13984,4148,5524,-990,151,-119,-13880,-4916,6516,-435,184,-79,0
801.0607450008392,8888,6584,11184,-252,-121,151,7576,-9328,10152,10,128,-190,-13668,3948,5824,-1014,144,-88,-14048,-4888,6364,-468,215,-46,0
801.0961079597473,8888,6608,11176,-211,-193,187,7604,-9448,10184,57,67,-218,-13716,4164,5716,-1046,188,-151,-13932,-4864,6400,-476,219,-30,0
801.1323781013489,8768,6616,11260,-186,-201,160,7596,-9400,10016,21,127,-511,-13800,3960,5596,-1018,209,-155,-13928,-4896,6360,-464,225,-50,0
801.1690390110016,8788,6444,11028,-224,-203,186,7536,-9384,10176,255,110,-238,-13800,4144,5860,-973,166,-106,-14088,-4924,6256,-499,156,-64,0
801.2023780345917,8988,6404,11080,-208,-179,142,7600,-9400,10224,14,97,-190,-13880,4176,5552,-1040,142,-105,-14068,-4988,6348,-525,144,-64,0
801.2359750270844,8856,6568,11228,-244,-168,139,7556,-9476,10156,45,111,-191,-13784,4076,5568,-987,118,-111,-13904,-4904,6372,-522,151,-96,0
801.2697911262512,8752,6444,11248,-154,-103,144,7628,-9408,10392,-6,119,-194,-13740,4096,5516,-774,132,-109,-14060,-4940,6308,-484,142,-82,0
801.3035280704498,8688,6484,11288,-179,-109,122,7584,-9316,10024,-51,132,-241,-13924,4096,5428,-979,126,-79,-13864,-4808,6324,-490,225,-82,0
801.3368289470673,9204,6436,11192,-128,-130,111,7596,-9372,10056,-33,124,-221,-13800,4096,5492,-1009,101,-37,-14016,-4648,6328,-515,139,-128,0
801.370325088501,9004,6516,11168,-124,-26,112,7608,-9432,10088,-37,146,-129,-13904,4100,5524,-986,73,-45,-13948,-4880,6352,-482,97,-93,0
801.4037671089172,8812,6484,11144,-142,19,87,7636,-9384,10208,-28,150,-110,-13816,4064,5720,-1055,98,-53,-13888,-5060,6464,-485,91,-97,0
801.4374511241913,8756,6652,11148,-162,-18,89,7660,-9380,10012,-63,153,-157,-13784,4184,5436,-992,77,-103,-13964,-4944,6492,-261,123,-124,0
801.4710590839386,8796,6552,11180,-107,-41,84,7504,-9488,10204,-67,142,-177,-14044,4152,5544,-992,98,-67,-14092,-5040,6224,-501,145,-128,0
801.504506111145,8852,6620,11276,-122,-79,80,7476,-9464,10184,-35,123,-200,-13712,4140,5580,-1018,131,-75,-13828,-4876,6292,-493,197,-116,0
801.5375890731812,8796,6560,11168,-75,-82,80,7480,-9432,10076,-62,123,-189,-14008,4148,5640,-1005,79,-106,-14104,-5100,6488,-477,122,-113,0
801.5710439682007,8928,6476,11156,-125,-77,85,7540,-9716,10100,-37,178,-191,-13728,4300,5656,-1051,114,-104,-13892,-4900,6548,-481,143,-119,0
801.604560136795,8844,6584,11244,-129,-25,89,7480,-9384,9988,-27,132,-155,-13892,4200,5792,-1020,108,-78,-13964,-4904,6232,-518,181,-145,0
801.6380250453949,8920,6556,11240,-115,-63,81,7568,-9416,10184,-17,149,-227,-13820,4160,5520,-977,118,-83,-14028,-4876,6368,-502,216,-98,0
801.6716301441193,8832,6628,11188,-111,-87,128,7476,-9400,10048,-29,113,-210,-13688,4344,5724,-997,133,-118,-13912,-4924,6384,-499,189,-130,0
801.7050831317902,8824,6580,11048,-116,-100,124,7548,-9288,10168,-70,107,-190,-13892,3992,5496,-967,63,-105,-14044,-4912,6468,-502,148,-131,0
801.7386300563812,8896,6588,10908,-127,-60,75,7628,-9412,9980,-33,154,-194,-13788,4112,5428,-991,55,-105,-13988,-4772,6340,-766,172,-121,0
801.7719340324402,8792,6640,11212,-120,-76,102,7588,-9404,10076,18,133,-191,-13668,3932,5724,-990,143,-94,-14008,-4952,6384,-477,138,-106,0
801.8055980205536,8848,6512,11228,-89,-36,99,7576,-9292,10192,-62,99,-203,-13816,4172,5584,-970,96,-93,-13940,-4960,6476,-503,114,-132,0
801.8392059803009,8724,6468,11164,-150,-132,95,7556,-9512,10180,-21,187,-186,-13700,4220,5724,-970,66,-94,-14280,-4992,6156,-485,183,-130,0
801.8727760314941,8824,6516,11168,-141,-71,122,7504,-9368,10208,-55,172,-191,-13744,4236,5516,-1006,103,-108,-14040,-4928,6416,-490,148,-99,0
801.9060480594635,8912,6580,11004,-157,-59,114,7512,-9408,10108,-12,97,-148,-13676,4164,5868,-990,127,-85,-13940,-4704,6356,-482,91,-83,0
801.939877986908,8800,6640,11156,-111,-51,151,7568,-9224,10176,-54,127,-155,-13864,4100,5760,-996,129,-82,-14064,-4952,6264,-496,123,-118,0
801.9732871055603,8768,6700,11004,-125,-110,83,7540,-9236,10164,-32,143,-203,-13792,4076,5516,-993,58,-57,-14040,-4624,6420,-521,153,-128,0
802.006991147995,8860,6676,11000,-102,-56,84,7536,-9576,10100,-43,107,-193,-13572,4172,5540,-1004,109,-56,-13976,-4928,6500,-509,142,-121,0
802.0401680469513,8720,6532,11008,-85,-96,112,7560,-9232,10068,-51,128,-191,-13860,4248,5452,-997,95,-117,-13924,-4904,6448,-501,166,-117,0
802.0736870765686,8756,6596,11060,-114,-77,92,7576,-9704,10124,-255,116,-184,-13820,4136,5508,-1010,125,-107,-13944,-4876,6432,-522,182,-107,0
802.1072609424591,8772,6548,11072,-120,-117,96,7580,-9360,10072,-20,119,-181,-13844,4220,5640,-1012,107,-73,-13912,-4968,6600,-759,166,-97,0
802.1406869888306,8880,6440,11236,-117,-101,119,7580,-9356,10088,-37,104,-177,-13788,4344,5400,-995,126,-74,-13948,-5020,6456,-484,174,-87,0
802.1740100383759,8816,6548,11216,-137,-89,95,7560,-9452,10140,-67,114,-182,-13772,3880,5672,-992,110,-83,-14008,-4920,6432,-488,179,-148,0
802.2108910083771,8784,6664,11176,-119,-110,120,7612,-9408,10116,-43,316,-227,-14052,4168,5696,-1017,72,-131,-14084,-4924,6504,-505,175,-125,0
802.2460870742798,8756,6888,11156,-123,-87,72,7640,-9292,10100,-16,146,-181,-13848,4148,5720,-1004,96,-77,-14000,-4872,6416,-761,165,-132,0
802.2818081378937,8808,6604,11412,-127,-119,100,7532,-9380,10164,-4,127,-230,-13676,4172,5748,-978,103,-102,-13964,-4960,6348,-487,184,-113,0
802.3181431293488,8884,6584,11140,-169,-126,96,7652,-9320,10172,-9,155,-193,-13768,4116,5580,-989,99,-132,-14008,-4992,6228,-485,144,-144,0
802.3537540435791,8844,6572,11104,-188,-110,101,7544,-9448,10144,16,194,-207,-13808,4116,5632,-1007,69,-81,-13924,-4972,6348,-487,190,-115,0
802.3889009952545,8732,6616,11108,-169,-116,126,7556,-9412,10092,-14,129,-189,-13692,4260,5792,-1030,115,-129,-14208,-4904,6304,-260,168,-98,0
802.4245791435242,8844,6580,11108,-142,-100,137,7576,-9352,10100,-20,91,-192,-13824,4200,5584,-773,133,-60,-13928,-5052,6244,-499,123,-106,0
802.4601559638977,8896,6592,11044,-175,-107,147,7584,-9340,10104,4,112,-182,-13876,4096,5468,-997,118,-101,-13948,-4716,6420,-488,159,-90,0
802.4956090450287,8836,6556,11080,-177,-93,102,7616,-9372,10048,-1,157,-167,-13840,4140,5816,-927,63,-119,-14016,-4904,6416,-502,159,-81,0
802.5316150188446,8712,6548,11084,-164,-130,130,7592,-9440,10004,14,159,-190,-13740,4088,5604,-1014,126,-89,-13976,-4976,6420,-475,176,-81,0
802.5676820278168,8896,6464,11148,-137,-166,113,7464,-9360,10184,-46,105,-197,-13944,3852,5752,-1033,78,-102,-14076,-5024,6284,-764,133,-125,0
802.6026620864868,8816,6616,11096,-90,-74,106,7640,-9388,10248,-35,110,-168,-13844,4056,5776,-1015,61,-28,-13968,-4944,6392,-505,116,-155,0
802.6381599903107,9000,6588,10976,-129,-25,79,7636,-9360,10068,-45,138,-168,-13708,3868,5568,-1003,62,-64,-14068,-4612,6280,-480,119,-149,0
802.6737239360809,8752,6576,10976,-131,-45,73,7612,-9316,10056,246,153,-180,-13756,4212,5644,-1061,77,-94,-13944,-4924,6572,-450,153,-138,0
802.7093210220337,8908,6640,11220,-148,-10,75,7600,-9364,10172,-32,123,-149,-13852,4212,5736,-769,65,-30,-14024,-4956,6404,-527,86,-151,0
802.7443809509277,8860,6520,10992,-115,-60,55,7524,-9452,10152,-39,6,-203,-13688,4248,5648,-1129,57,-44,-13860,-5036,6548,-492,128,-149,0
802.779923915863,8784,6580,11204,-112,-34,119,7472,-9444,10188,-19,102,-150,-13688,4184,5796,-1279,109,-45,-13896,-4924,6516,-526,137,-76,0
802.8150470256805,8792,6664,11188,-122,-55,131,7652,-9360,10476,-74,95,-171,-13712,4084,5884,-1002,131,-43,-13844,-4924,6416,-558,163,-112,0
802.8521010875702,8708,6568,11064,-118,-30,118,7584,-9356,10124,-50,105,-198,-13664,4060,5420,-1014,99,-99,-13972,-5104,6524,-762,191,-133,0
802.8854789733887,8744,6576,11216,-80,-69,110,7628,-9356,10224,-29,122,-135,-13852,4064,5600,-999,69,-78,-14008,-5032,6380,-523,118,-163,0
802.9192299842834,8828,6692,11148,-104,-247,86,7628,-9324,10060,-64,143,-150,-13576,3876,5476,-982,74,-55,-13968,-5036,6404,-485,97,-136,0
802.9530050754547,8868,6896,11116,-150,-18,81,7580,-9376,10208,-104,163,-129,-13768,4148,5780,-904,14,-68,-13984,-4984,6264,-477,80,-127,0
802.9867370128632,8844,6616,11236,-165,-7,66,7608,-9412,10272,-83,506,-128,-13728,4216,5464,-1093,106,-21,-13832,-5000,6452,-487,131,-109,0
803.0199451446533,8768,6548,11204,-142,-38,92,7492,-9384,10112,-48,119,-182,-13724,4136,5476,-967,116,-58,-13864,-4912,6640,-498,158,-72,0
803.0535271167755,8956,6880,11156,-111,-93,126,7536,-9676,10104,-70,86,-200,-13796,4156,5488,-1014,134,-74,-13992,-4980,6436,-264,200,-99,0
803.0873129367828,8724,6464,11088,-106,-168,132,7652,-9412,10084,-21,96,-186,-13864,4160,5868,-1015,139,-116,-14072,-4928,6524,-517,196,-104,0
803.1251699924469,8784,6876,11088,-116,-100,95,7584,-9652,10192,251,152,-211,-13872,4104,5584,-996,98,-102,-13980,-4996,6500,-499,152,-124,0
803.1586301326752,8788,6596,11280,-119,-103,102,7528,-9496,10268,-16,160,-215,-13724,4204,5720,-986,74,-79,-13988,-4956,6216,-534,165,-130,0
803.1920380592346,8796,6652,11264,-110,-125,97,7436,-9432,10172,-8,141,-217,-13876,4152,5648,-1020,94,-139,-13872,-5108,6424,-494,184,-129,0
803.2256181240082,8792,6560,11124,-107,-109,88,7616,-9372,10124,-66,145,-197,-13720,4060,5676,-991,75,-139,-13832,-4952,6220,-487,172,-145,0
803.2591760158539,8752,6668,11108,-113,-115,71,7656,-9432,10096,-54,141,-234,-13932,4080,5836,-962,75,-113,-13932,-4952,6412,-479,156,-152,0
803.2925889492035,8784,6592,10940,-126,-151,54,7620,-9496,10260,-31,148,-196,-13628,4276,5404,-994,86,-103,-13992,-4904,6608,-482,187,-122,0
803.3261890411377,8840,6616,11140,-153,-114,92,7556,-9452,10144,-9,117,-176,-13620,4212,5512,-1053,105,-72,-13896,-4924,6404,-486,193,-115,0
803.3599860668182,8852,6624,11112,-112,-87,135,7608,-9388,10108,-248,69,-211,-13836,4156,5424,-1017,141,-91,-13920,-4972,6528,-504,189,-103,0
803.3931159973145,8872,6564,11212,-114,-115,135,7700,-9400,10132,-9,118,-200,-13844,4156,5600,-1010,123,-70,-14048,-5032,6260,-493,182,-118,0
803.4384210109711,8788,6400,11256,-150,-85,103,7600,-9236,10184,-254,140,-155,-13984,4096,5620,-982,86,-66,-13904,-5020,6480,-498,96,-119,0
803.4833099842072,8828,6720,11188,-114,-97,112,7516,-9472,10324,-21,137,-156,-13756,4144,5524,-1274,93,-90,-13696,-4904,6512,-522,131,-88,0
803.5231599807739,8724,6540,11032,-155,-59,128,7600,-9440,10028,5,112,-163,-13824,4160,5600,-1044,128,-54,-13904,-5060,6148,-258,145,-127,0
803.5567979812622,8896,6820,11180,-103,-59,114,7672,-9432,10116,-69,117,-144,-13852,3964,5628,-1028,85,-45,-14000,-5000,6292,-267,100,-132,0
803.590136051178,8820,6652,10924,-151,-93,70,7620,-9424,9864,-50,120,-202,-13708,4080,5612,-981,104,-81,-13992,-4920,6376,-465,152,-143,0
803.6236491203308,8924,6616,10928,-174,-50,96,7644,-9376,10108,-13,166,-189,-13852,4084,5460,-1013,75,-113,-13988,-4888,6164,-475,201,-140,0
803.6570999622345,8888,6700,11236,-127,-87,81,7560,-9724,10132,-19,130,-201,-13748,3904,5748,-1000,79,-100,-13984,-5044,6608,-469,133,-134,0
803.6905090808868,8868,6688,11076,-148,-60,93,7592,-9428,10156,-48,108,-181,-14008,4256,6028,-919,49,-79,-13904,-5020,6164,-481,112,-117,0
803.7239301204681,8856,6656,11168,-178,-72,64,7564,-9504,10172,-84,184,-180,-13752,4064,5436,-953,61,-62,-14020,-4972,6316,-445,152,-137,0
803.7575731277466,8888,6704,11184,-166,-40,80,7540,-9356,10296,-65,195,-179,-13872,4196,5652,-958,72,-76,-13984,-4872,6444,-469,165,-169,0
803.7910420894623,8884,6700,11112,-141,-73,91,7508,-9420,10020,-33,232,-194,-13704,4076,5576,-934,57,-116,-13944,-4920,6376,-501,171,-147,0
803.8245761394501,8744,6612,11012,-111,-102,76,7504,-9400,10080,-33,23,-503,-13740,4312,5552,-951,93,-117,-13952,-4964,6296,-495,180,-135,0
803.8578751087189,8804,6660,11100,-141,-139,131,7444,-9468,10108,-36,69,-214,-13776,4172,5432,-984,162,-117,-13860,-4920,6748,-518,168,-68,0
803.8953020572662,8872,6880,10988,-111,-104,136,7568,-9548,10216,-27,84,-184,-13808,4172,5660,-987,124,-50,-14072,-4900,6400,-514,173,-86,0
803.9308369159698,8824,6548,11356,-109,-75,159,7628,-9468,10172,3,98,-173,-13820,4244,5560,-998,139,-92,-13960,-5044,6468,-528,135,-100,0
803.9670879840851,8824,6616,11292,-86,-96,138,7580,-9532,10180,-62,148,-133,-13828,4088,5384,-1067,120,-73,-13968,-4936,6460,-533,105,-130,0
804.0023920536041,8824,6616,11140,-142,-62,107,7640,-9416,10224,-250,134,-165,-13768,4060,5720,-986,57,-54,-13988,-5048,6616,-472,89,-166,0
804.0375571250916,8828,6692,11040,-155,-61,95,7624,-9424,10288,9,198,-182,-14024,4152,5688,-1008,57,-130,-13892,-4996,6336,-467,158,-167,0
804.0730171203613,8840,6660,11200,-163,-94,63,7524,-9408,10204,-31,245,-231,-13768,4120,5536,-989,70,-96,-13916,-5032,6448,-484,175,-147,0
804.1092441082001,8816,6676,10876,-129,-105,54,7512,-9360,10352,-34,173,-222,-13820,4096,5504,-979,95,-135,-13892,-4980,6464,-483,201,-133,0
804.1444659233093,8820,6748,10812,-142,-134,83,7628,-9328,10052,-27,146,-227,-13956,4104,5624,-996,116,-121,-13988,-4888,6448,-487,181,-91,0
804.1806199550629,8836,6884,10792,-148,-125,137,7556,-9332,10136,-5,108,-187,-13708,4216,5868,-992,113,-91,-13872,-4964,6568,-766,149,-106,0
804.215546131134,8860,6724,10928,-133,-97,132,7548,-9700,10040,-52,99,-186,-13780,4100,5552,-1019,140,-102,-14104,-4896,6512,-532,110,-93,0
804.2517111301422,8804,6668,11140,-123,-121,150,7648,-9656,10088,-29,133,-141,-13868,4100,5568,-1038,58,-62,-14028,-4916,6620,-540,148,-142,0
804.2876801490784,8904,6548,11172,-125,-44,128,7616,-9468,9976,32,152,-107,-13752,4216,5656,-1045,74,-53,-13872,-4988,6380,-549,135,-133,0
804.322655916214,8820,6712,11064,-97,-45,107,7656,-9408,10124,-6,172,-145,-13832,4040,5632,-1042,92,-95,-14052,-5012,6472,-543,86,-134,0
804.359137058258,8868,6660,11052,-112,-72,64,7632,-9376,10188,-59,135,-151,-13816,4344,5716,-1029,95,-44,-13924,-4868,6188,-445,132,-139,0
804.3937940597534,8856,6608,11124,-161,-44,74,7504,-9712,10036,-2,138,-191,-13772,3888,5832,-1046,88,-127,-13836,-4924,6356,-478,196,-103,0
804.4292171001434,8776,6632,11200,-103,-87,106,7488,-9356,10036,-20,55,-197,-13884,4164,5832,-1047,93,-26,-13992,-4988,6424,-494,130,-85,0
804.4645409584045,8816,6680,11032,-149,-64,107,7224,-9368,10040,-69,159,-192,-13724,4144,5604,-992,104,-87,-13920,-5072,6444,-460,121,-132,0
804.5003221035004,8852,6652,11028,-149,-48,97,7540,-9536,10156,-15,141,-147,-13676,4236,5736,-974,112,-80,-14296,-5004,6488,-472,110,-95,0
804.5366950035095,8916,6668,11100,-123,-26,99,7652,-9384,10208,-60,132,-152,-13908,4128,5880,-1040,104,-84,-13996,-4980,6212,-506,104,-146,0
804.570240020752,8804,6652,10932,-135,-46,99,7592,-9460,10060,-15,63,-158,-13760,4164,5848,-774,99,-70,-13980,-4964,6352,-535,110,-132,0
804.6038551330566,8816,6724,11048,-112,-47,117,7600,-9372,10464,-30,98,-155,-13740,4132,5624,-969,93,-48,-14004,-5036,6432,-507,141,-94,0
804.6374390125275,8928,6752,11088,-132,-42,125,7600,-9480,10104,-37,101,-159,-13756,4080,5792,-1018,140,-36,-13872,-5032,6416,-521,155,-124,0
804.6710760593414,8744,6696,11144,-99,-56,91,7576,-9464,10052,-35,116,-179,-13700,4116,5544,-1016,127,-95,-13932,-4900,6288,-528,165,-132,0
804.7042500972748,8752,6756,11144,-112,-85,137,7592,-9408,10048,-29,68,-117,-13632,4112,5612,-1277,93,-120,-13920,-4920,6452,-513,137,-137,0
804.7379219532013,8912,6612,11112,-135,-25,56,7540,-9440,10084,-34,50,-158,-13772,4108,5632,-982,113,-88,-13988,-5160,6336,-495,117,-187,0
804.7713379859924,8904,6712,11236,-142,32,35,7596,-9364,10100,-23,199,-152,-13840,4140,5688,-955,2,-71,-14040,-4908,6480,-483,150,-208,0
804.8049850463867,8796,6620,11120,-122,-9,32,7520,-9444,10248,-24,192,-165,-13740,4152,5600,-982,43,-84,-13964,-5044,6344,-487,158,-153,0
804.8386211395264,8708,6672,11160,-101,-52,66,7516,-9388,10084,-51,141,-186,-13784,4172,5780,-988,57,-61,-13896,-4936,6496,-480,165,-146,0
804.8721671104431,8840,6728,11192,-130,-61,81,7500,-9408,10100,-58,132,-160,-13752,4096,5708,-987,72,-78,-13940,-4984,6500,-764,126,-102,0
804.9051570892334,8864,6704,11020,-121,-40,129,7544,-9452,10108,-68,115,-152,-13752,4092,5588,-1024,94,-59,-13952,-4968,6388,-528,123,-103,0
804.9389510154724,8776,6784,11184,-117,-33,158,7560,-9460,10044,-11,136,-138,-14008,4196,5408,-1046,115,-59,-13880,-5044,6364,-500,113,-87,0
804.9726841449738,8556,6788,11184,-152,-29,138,7512,-9468,10404,-21,130,-151,-13648,4336,5580,-1024,152,-58,-13896,-4960,6408,-486,162,-84,0
805.0057981014252,8720,6776,11120,-154,-50,145,7508,-9504,10288,-41,135,-152,-13852,4320,5720,-972,178,-99,-13980,-4988,6504,-460,159,-54,0
805.0394830703735,8716,6672,11228,-186,-150,164,7540,-9600,10216,-38,155,-190,-13712,4248,5548,-1010,152,-127,-13856,-5012,6556,-469,229,-47,0
805.0729999542236,8540,6772,11260,-217,-175,168,7652,-9344,10208,-26,149,-213,-13708,4176,5740,-1019,172,-111,-13972,-5068,6444,-259,222,-35,0
805.1060540676117,8724,6788,11232,-182,-135,146,7596,-9500,10076,-18,109,-204,-13788,4012,5768,-998,182,-105,-13932,-5364,6636,-462,189,-45,0
805.1396729946136,8780,6600,11104,-239,-146,108,7516,-9432,10056,254,151,-217,-13716,4100,5672,-972,195,-128,-13908,-4896,6452,-443,233,-49,0
805.1732349395752,8720,6592,11036,-326,-137,172,7540,-9568,10108,48,155,-190,-13788,4296,5596,-1008,184,-128,-14076,-5088,6456,-448,240,-37,0
805.2067909240723,8916,6616,11060,-270,-104,143,7912,-9400,10004,42,158,-180,-14028,4124,5712,-996,194,-104,-14024,-5064,6412,-452,129,-44,0
805.2404990196228,8844,6644,11048,-282,-94,161,7604,-9372,10072,36,133,-180,-13696,4256,5544,-981,185,-121,-14080,-4980,6436,-451,139,-54,0
805.2739419937134,8708,6628,11072,-239,-114,167,7552,-9424,10112,7,100,-209,-13696,4124,5664,-1032,214,-118,-13932,-4956,6364,-494,221,-42,0
805.3073761463165,8848,6548,11164,-209,-164,179,7680,-9456,10284,8,90,-198,-13636,4292,5564,-1258,209,-129,-13980,-4900,6444,-486,229,-46,0
805.340870141983,8796,6868,11248,-214,-152,191,7528,-9328,10220,15,64,-207,-13812,4324,5484,-1029,212,-143,-13952,-4904,6348,-503,214,-60,0
805.3744370937347,8788,6876,11040,-198,-171,163,7636,-9320,10152,31,70,-214,-13824,4024,5632,-1025,162,-111,-14000,-4992,6364,-470,192,-54,0
805.407711982727,8688,6868,11076,-247,-143,177,7608,-9340,10236,17,139,-215,-13700,4084,5544,-982,168,-128,-14048,-4944,6304,-438,199,-51,0
805.4412319660187,8900,6592,11096,-248,-140,157,7572,-9456,10156,40,103,-227,-13916,3904,5568,-998,160,-94,-13984,-4892,6352,-467,186,-53,0
805.4747729301453,8856,6612,11096,-227,-165,158,7580,-9360,10224,17,92,-190,-13724,4128,5840,-994,132,-91,-13972,-4964,6444,-460,191,-67,0
805.5083029270172,8908,6628,11156,-209,-139,145,7452,-9432,10144,16,103,-186,-13740,4156,5720,-985,167,-121,-13976,-4912,6288,-476,173,-55,0
805.5415301322937,8740,6560,11276,-193,-129,154,7548,-9368,10212,-6,130,-220,-13804,4212,5504,-1054,164,-87,-14056,-5100,6348,-465,153,-70,0
805.5792920589447,8808,6456,11160,-190,-105,135,7624,-9296,10124,32,108,-199,-13888,4112,5640,-1038,161,-98,-14036,-5072,6380,-489,137,-67,0
805.6149621009827,8868,6496,11168,-172,-93,154,7540,-9436,10172,6,120,-195,-13800,4140,5460,-1010,138,-91,-13964,-4940,6548,-490,137,-130,0
805.6511881351471,8852,6548,11236,-157,-92,127,7608,-9420,10036,-18,150,-175,-13888,4116,5668,-1004,96,-88,-13952,-4912,6488,-468,165,-103,0
805.6873519420624,8796,6552,11100,-173,-85,114,7628,-9360,10208,-25,85,-202,-13792,4124,5496,-1008,130,-137,-14012,-4864,6460,-485,149,-113,0
805.7221729755402,8888,6568,11184,-140,-70,97,7628,-9436,10088,-65,109,-180,-13944,4320,5408,-1003,97,-82,-14136,-4616,6280,-522,118,-134,0
805.7578029632568,9188,6588,11172,-138,-35,66,7484,-9400,10128,-17,140,-138,-13836,4108,5632,-1051,61,-91,-13880,-4980,6536,-497,152,-137,0
805.7932970523834,8804,6544,11172,-120,-4,104,7512,-9368,10308,28,146,-145,-14080,4328,5384,-1019,95,-44,-13884,-5004,6408,-496,133,-129,0
805.8283050060272,8768,6668,11076,-132,-56,72,7556,-9368,10208,-53,167,-180,-13808,4148,5728,-987,98,-107,-14008,-4724,6312,-486,165,-148,0
805.863872051239,8892,6556,11172,-145,-109,104,7596,-9352,10104,-31,125,-193,-13824,4096,5884,-985,71,-81,-13920,-4844,6356,-490,152,-134,0
805.8992190361023,8772,6572,11184,-131,-99,118,7596,-9352,10148,-33,169,-142,-13736,4092,5520,-996,96,-89,-13948,-5040,6436,-486,132,-130,0
805.9342160224915,8784,6608,11144,-164,-51,95,7448,-9328,9992,-36,153,-169,-13916,4212,5632,-1013,98,-74,-13960,-4876,6424,-495,151,-112,0
805.9701931476593,8532,6464,11200,-153,-111,110,7512,-9440,10492,-70,105,-175,-13760,3860,5600,-977,84,-102,-13872,-4976,6648,-518,115,-101,0
806.0050120353699,8936,6588,11032,-83,-45,107,7552,-9340,10204,-69,143,-188,-14072,4176,5488,-982,126,-61,-13876,-4920,6392,-503,199,-132,0
806.0406999588013,8920,6616,11080,-162,-60,130,7608,-9472,10032,10,143,-220,-13784,3908,5592,-978,172,-155,-13912,-5096,6416,-480,207,-84,0
806.075569152832,8748,6580,11112,-129,-130,114,7616,-9452,10100,-46,77,-245,-13872,4036,5620,-1002,145,-113,-14308,-5108,6316,-757,157,-107,0
806.1114361286163,8988,6620,11156,-111,-114,95,7616,-9408,10104,-52,126,-194,-13992,4080,5492,-959,85,-108,-14028,-5116,6400,-489,114,-129,0
806.1462399959564,9028,6540,11228,-124,-47,96,7700,-9260,10128,-15,159,-175,-13948,4248,5464,-980,65,-90,-13964,-4860,6292,-493,156,-131,0
806.1820969581604,9180,6540,11148,-149,-78,102,7568,-9444,10140,12,157,-175,-13720,4120,5596,-1058,40,-71,-13920,-5016,6388,-483,133,-131,0
806.2176389694214,8820,6540,11140,-155,-41,64,7500,-9304,10116,-255,176,-164,-13676,4284,5540,-985,72,-86,-13948,-4868,6516,-486,147,-111,0
806.251228094101,8664,6604,11108,-140,-45,119,7428,-9408,10108,-49,113,-196,-13748,4124,5688,-964,119,-109,-13864,-5024,6388,-496,167,-98,0
806.284884929657,8820,6540,11016,-126,-108,92,7476,-9384,10164,-56,130,-187,-13800,4160,5656,-1007,97,-105,-13968,-4888,6144,-493,136,-144,0
806.3185229301453,8768,6536,11168,-122,-41,86,7568,-9468,10120,12,163,-164,-13844,4304,5716,-773,75,-78,-13956,-4928,6564,-459,142,-155,0
806.352126121521,8764,6652,11220,-164,-32,83,7568,-9444,10308,250,146,-166,-13820,4336,5396,-1012,131,-51,-13960,-5096,6424,-506,188,-120,0
806.3852019309998,8752,6528,11088,-186,-81,107,7488,-9408,10288,-41,116,-213,-13696,3840,5596,-1001,148,-99,-13924,-4964,6500,-509,178,-92,0
806.4186511039734,8796,6572,11072,-101,-80,96,7580,-9444,10204,-73,136,-231,-13644,4140,5868,-955,137,-88,-14052,-4860,6408,-521,179,-127,0
806.452173948288,8824,6628,11060,-117,-110,102,7632,-9424,10088,-35,142,-188,-13796,4348,5468,-1017,65,-75,-14024,-4612,6416,-513,147,-157,0
806.4858050346375,8936,6656,10976,-102,-21,69,7664,-9348,10084,-11,107,-155,-13932,4104,5480,-1014,82,-19,-13972,-4952,6364,-530,90,-161,0
806.5192830562592,8944,6600,11096,-128,43,54,7588,-9328,10228,-52,162,-142,-13900,4008,5612,-922,6,-20,-13996,-4904,6156,-494,126,-147,0
806.5529460906982,8896,6572,11176,-157,33,76,7440,-9380,9948,0,174,-146,-13812,4172,5496,-1051,123,-55,-13840,-4968,6352,-460,152,-122,0
806.5863840579987,8868,6688,11244,-169,-58,97,7624,-9432,10132,-47,147,-148,-14068,4128,5612,-1027,93,-68,-14004,-4916,6348,-498,112,-142,0
806.6198949813843,8844,6520,11232,-114,-13,85,7620,-9348,10136,-74,163,-155,-13616,4156,5560,-958,44,218,-13976,-4992,6504,-484,58,-141,0
806.6534960269928,8780,6572,11116,-128,1,59,7564,-9492,10076,-87,160,-134,-13724,4228,5600,-996,11,-66,-13828,-4948,6440,-527,72,-147,0
806.6871380805969,8816,6868,11028,-112,-29,101,7496,-9412,10204,-55,167,-149,-13844,4192,5572,-975,0,-52,-13908,-5000,6436,-504,91,-172,0
806.7205920219421,8796,6584,11040,-81,12,52,7656,-9424,10208,-41,159,-159,-13740,4204,5648,-1014,57,-54,-13932,-4876,6572,-537,120,-154,0
806.7541739940643,8660,6584,11104,-71,-34,80,7508,-9444,10044,-39,104,-171,-13736,4204,5868,-973,41,-78,-13860,-4856,6324,-526,94,-139,0
806.7875289916992,8888,6524,11044,-87,-60,64,7500,-9472,10152,-56,125,-187,-13776,4124,5612,-973,106,-103,-13976,-4948,6652,-520,151,-140,0
806.8211810588837,8828,6236,11120,-98,-58,75,7584,-9664,10144,-58,107,-176,-13828,4108,5532,-954,85,-84,-13936,-4924,6632,-765,190,-146,0
806.8547010421753,8836,6500,11188,-97,-70,78,7620,-9388,10200,-55,171,-193,-13800,4156,5632,-998,53,-69,-13976,-4940,6444,-525,162,-178,0
806.8880159854889,8756,6656,11136,-59,-59,58,7500,-9356,10100,-43,123,-175,-13876,4276,5636,-994,45,-82,-14016,-4928,6156,-537,116,-177,0
806.9216320514679,8808,6540,11220,-59,-48,58,7664,-9360,10200,-72,128,-142,-13788,4084,5704,-988,5,-72,-13840,-4964,6480,-480,142,-159,0
806.9553899765015,8712,6796,11120,-83,-57,49,7496,-9428,10052,-72,192,-158,-14052,4204,5484,-967,62,-51,-13956,-4944,6400,-511,116,-157,0
806.9888410568237,8796,6644,11180,-118,-46,61,7500,-9420,10116,-40,155,-183,-13732,4152,5512,-959,41,-58,-14232,-4868,6480,-514,138,-191,0
807.0224070549011,8736,6592,10800,-62,-48,62,7560,-9396,10224,-62,165,-157,-13820,4164,5664,-999,11,-55,-13824,-4884,6556,-497,120,-177,0
807.0560441017151,8764,6640,11116,-98,-63,71,7552,-9392,10200,-44,160,-190,-13800,4144,5748,-963,59,-36,-13860,-4888,6360,-501,164,-164,0
807.0897350311279,8752,6664,11172,-103,-83,84,7504,-9464,10164,-41,136,-197,-13780,3852,5828,-968,113,-81,-13948,-4992,6396,-482,148,-112,0
807.1231751441956,8656,6588,11196,-104,-60,87,7624,-9448,10472,-42,130,-173,-13732,4124,5764,-973,93,-95,-13960,-4992,6460,-484,115,-137,0
807.15651512146,8796,6612,11168,-149,-85,106,7376,-9492,10180,-44,216,-152,-13820,4276,5600,-769,42,-101,-13876,-5008,6460,-515,139,-142,0
807.1900401115417,8696,6700,11080,-154,-69,96,7600,-9468,10184,-23,185,-176,-13656,4336,5716,-1013,77,-73,-13996,-4944,6376,-503,161,-136,0
807.2234151363373,8824,6724,11168,-103,-43,85,7656,-9360,10144,-56,198,-160,-13864,4320,5564,-955,57,-79,-13996,-4944,6168,-497,135,-90,0
807.2602980136871,8868,6656,11104,-180,-46,72,7628,-9408,10004,-18,140,-175,-13580,4196,5572,-955,124,-79,-13968,-4924,6572,-437,167,-87,0
807.2958929538727,8824,6584,11212,-159,-66,116,7456,-9456,10068,18,174,-178,-13724,4204,5788,-998,138,-95,-13936,-4908,6648,-451,198,-88,0
807.3313319683075,8804,6644,11204,-207,-136,154,7472,-9232,10148,6,131,-180,-13588,4132,5812,-1007,140,-118,-13976,-5024,6588,-466,161,-71,0
807.3675789833069,8768,6692,11372,-192,-204,127,7508,-9460,10208,-87,176,-211,-13772,4236,5688,-936,105,-143,-13896,-4960,6408,-477,187,-60,0
807.4023671150208,8708,6764,11132,-198,-154,132,7580,-9404,10204,-33,174,-211,-13712,4208,5728,-957,109,-93,-13632,-4912,6272,-473,200,-73,0
807.4375350475311,8836,6688,11196,-198,-162,122,7420,-9492,10060,19,160,-205,-13712,3944,5684,-1012,157,-165,-14040,-5004,6444,-502,271,-88,0
807.4732649326324,8732,6844,11228,-182,-154,157,7520,-9356,10184,19,121,-220,-13732,4196,5740,-1007,188,-109,-13916,-5020,6564,-478,229,-58,0
807.5088019371033,8716,6880,11048,-213,-170,163,7504,-9520,10148,253,62,-228,-13604,4212,5516,-1020,208,-156,-13928,-5076,6460,-469,205,-15,0
807.5444121360779,8768,6468,11120,-219,-145,155,7596,-9464,10284,-22,154,-198,-13828,4204,5692,-981,194,-147,-13936,-5080,6440,-463,233,-64,0
807.5804350376129,8848,6596,11220,-203,-183,172,7608,-9308,10192,19,96,-189,-13792,4012,5688,-990,204,-125,-14032,-4940,6216,-486,232,-44,0
807.61559009552,8908,6576,10908,-227,-149,193,7500,-9696,10212,-17,119,-183,-13776,4104,5560,-1030,263,-140,-13972,-4876,6452,-453,137,-44,0
807.650787115097,8808,6588,11188,-184,-179,151,7728,-9424,10164,-16,42,-201,-13640,4128,5484,-1275,184,-77,-13988,-4960,6320,-448,179,-50,0
807.6861989498138,8808,6632,11232,-216,-160,156,7480,-9348,10016,8,134,-192,-13828,4040,5768,-1001,145,-150,-14032,-4956,6620,-490,209,-76,0
807.7221260070801,8848,6536,11112,-173,-143,141,7556,-9632,10176,2,177,-213,-13772,4080,5612,-1043,138,-113,-13912,-4976,6156,-481,196,-105,0
807.7582371234894,8760,6652,10968,-180,-170,147,7472,-9376,10152,26,185,-228,-13724,3844,5796,-1007,122,-118,-14008,-4952,6448,-465,221,-95,0
807.793751001358,8708,6644,11224,-214,-186,152,7560,-9356,10184,28,103,-241,-13784,4080,5708,-1011,144,-171,-13964,-5016,6424,-461,228,-44,0
807.8292460441589,8744,6692,11228,-228,-175,159,7456,-9440,10096,-20,93,-209,-13748,4092,5636,-974,196,-105,-13884,-5028,6476,-465,150,-6,0
807.8645579814911,8828,6408,10832,-210,-181,163,7520,-9328,10112,-21,98,-209,-13876,4180,5540,-1026,174,-95,-14056,-4940,6456,-486,156,-56,0
807.9004900455475,8892,6492,11080,-187,-164,197,7440,-9460,10464,15,92,-197,-13848,3932,5748,-1044,168,-105,-14016,-5032,6400,-490,154,-43,0
807.9340260028839,8824,6580,10896,-152,-121,141,7568,-9428,10028,3,148,-218,-13780,4204,5812,-1021,166,-150,-14228,-5048,6480,-459,143,-65,0
807.9677391052246,8856,6584,11080,-172,-144,140,7492,-9412,10220,-254,98,-208,-13796,4104,5844,-1035,140,-150,-14028,-4652,6460,-498,190,-63,0
808.0013139247894,8836,6512,11156,-202,-144,135,7612,-9308,10052,-15,121,-189,-13800,4140,5760,-1031,148,-127,-14116,-4860,6312,-477,163,-91,0
808.0350749492645,8800,6528,11032,-184,-122,143,7564,-9396,10056,254,138,-197,-13856,4004,5516,-774,136,-63,-14020,-4996,6316,-490,147,-75,0
808.0685510635376,8832,6632,11212,-159,-75,117,7544,-9308,10228,-49,134,-181,-13788,4012,5588,-1275,119,-65,-13912,-4980,6500,-488,147,-131,0
808.1021900177002,8796,6492,11164,-136,-78,106,7516,-9368,10144,-45,131,-179,-13776,4216,5540,-1016,65,-77,-13996,-4620,6264,-506,154,-146,0
808.1382911205292,8756,6464,11128,-129,-12,77,7588,-9360,10200,-30,141,-157,-13656,4112,5504,-1024,54,-87,-13956,-4736,6400,-493,146,-168,0
808.1721410751343,8856,6488,11088,-143,-17,95,7576,-9340,10044,-1,154,-173,-13716,4132,5600,-1046,108,-94,-13936,-4852,6396,-509,124,-115,0
808.2058041095734,8832,6616,11084,-118,-41,130,7596,-9352,10276,-32,95,-161,-13884,3844,5604,-1029,112,-98,-14008,-4924,6320,-486,135,-112,0
808.2395129203796,8888,6628,11148,-149,-74,103,7564,-9404,10020,-31,139,-179,-13784,4108,5580,-980,106,-76,-13972,-4812,6468,-768,136,-122,0
808.2730820178986,8836,6544,11456,-109,-39,103,7588,-9228,9996,-61,148,-167,-13912,4052,5456,-1004,92,-57,-14000,-4860,6492,-525,131,-137,0
808.3064999580383,8848,6464,10944,-87,-49,104,7504,-9376,10192,-30,100,-165,-14040,4040,5408,-1031,62,-52,-13932,-4920,6532,-509,159,-128,0
808.3400070667267,8808,6512,11028,-104,-18,84,7572,-9356,10088,-44,145,-162,-14056,4312,5440,-983,74,-92,-14040,-4992,6596,-522,117,-144,0
808.3736569881439,8920,6476,11072,-114,-46,103,7588,-9456,10056,-75,134,-150,-13812,4104,5656,-964,72,-56,-14052,-4868,6408,-509,92,-156,0
808.4067950248718,8960,6492,11108,-118,-11,63,7636,-9424,10136,-70,130,-134,-13828,4188,5680,-994,55,-55,-13960,-4964,6576,-495,130,-149,0
808.4405031204224,8812,6604,11100,-108,-56,93,7580,-9360,10180,-8,144,-159,-13804,4112,5524,-999,89,-38,-13992,-4996,6448,-483,128,-129,0
808.47385597229,8880,6888,11220,-66,-26,75,7608,-9408,10176,-65,121,-147,-13836,4120,5376,-949,66,-66,-14060,-4792,6460,-509,132,-149,0
808.5072870254517,8904,6572,11212,-150,-57,113,7608,-9368,10280,-58,155,-166,-13792,4132,5736,-1013,106,-111,-14020,-4756,6472,-767,129,-146,0
808.5409350395203,8832,6628,11072,-105,-50,115,7524,-9340,10264,-76,100,-153,-13752,4152,5676,-980,141,-38,-14080,-4940,6308,-505,107,-139,0
808.5743849277496,8756,6540,11016,-85,31,147,7584,-9412,10028,-46,124,-144,-13792,4156,5496,-1030,92,-14,-14064,-4948,6436,-509,91,-104,0
808.6075739860535,8708,6660,11064,-92,-10,111,7708,-9388,10132,-67,109,-143,-13888,4088,5524,-979,57,-53,-13992,-4872,6540,-522,122,-151,0
808.6408050060272,8760,6568,11224,-125,-49,66,7640,-9468,10176,-34,142,-152,-13752,4336,5880,-994,30,-116,-13912,-4968,6628,-519,143,-160,0
808.6741061210632,8804,6600,11228,-87,-12,79,7544,-9420,10192,-51,168,-193,-13800,4228,5488,-989,46,-76,-13960,-4936,6572,-515,112,-175,0
808.7075760364532,8776,6636,11188,-111,-38,79,7556,-9416,10060,-56,160,-189,-13716,4120,5552,-992,38,-58,-13972,-4944,6500,-489,151,-173,0
808.7411360740662,8936,6684,11252,-93,-58,64,7480,-9392,9984,-40,169,-194,-13988,4132,5560,-1008,70,-72,-13988,-5104,6396,-516,172,-118,0
808.774708032608,8772,6596,11236,-100,-44,95,7588,-9432,10132,-46,179,-166,-13712,4184,5444,-996,44,-75,-13988,-4620,6160,-523,118,-164,0
808.8080561161041,8884,6860,11156,-66,-66,114,7468,-9448,10480,-27,131,-131,-13800,4252,5676,-995,76,-95,-13916,-4956,6528,-527,130,-151,0
808.8416559696198,8704,6588,11244,-76,-64,119,7568,-9376,10024,-41,181,-158,-13872,4108,5700,-1025,50,-88,-13880,-4940,6380,-533,132,-167,0
808.8752970695496,8700,6640,11200,-81,-49,75,7528,-9468,10280,-53,166,-162,-13816,4136,5808,-1014,63,-23,-13920,-4944,6516,-534,130,-130,0
808.9108099937439,8708,6716,11212,-76,-42,96,7464,-9408,10156,-63,137,-165,-13936,4096,5656,-987,49,-45,-13924,-4912,6408,-523,97,-164,0
808.9471621513367,8752,6680,11152,-82,-18,71,7616,-9356,10308,-22,132,-171,-13784,4128,5660,-1010,73,-65,-13968,-4948,6360,-502,115,-147,0
808.9822421073914,8744,6528,11008,-71,-48,82,7544,-9376,10368,-18,152,-164,-13820,4056,5492,-1027,89,-135,-13992,-4920,6472,-510,115,-144,0
809.0180389881134,8852,6592,11144,-102,-57,85,7480,-9376,10000,-34,98,-186,-13708,4108,5676,-984,61,-94,-13892,-4876,6512,-768,150,-125,0
809.0536530017853,8684,6576,11008,-111,-73,80,7440,-9528,10088,-16,124,-200,-13712,4180,5792,-1011,79,-70,-13956,-4972,6400,-499,134,-163,0
809.0894589424133,8832,6604,11028,-99,-84,83,7560,-9444,10124,-40,112,-167,-13788,4180,5604,-967,80,-118,-13912,-4988,6428,-538,127,-143,0
809.124706029892,8780,6616,11232,-85,-47,97,7432,-9460,10072,-44,117,-167,-13724,4204,5472,-949,60,-52,-13904,-5048,6524,-520,140,-114,0
809.160875082016,8740,6672,11200,-90,-29,100,7576,-9416,10088,-22,220,-169,-13712,4296,5572,-999,105,-86,-13892,-5024,6464,-764,126,-144,0
809.1970870494843,8736,6424,11156,-112,-45,98,7568,-9384,10084,-24,142,-183,-14024,4132,5532,-988,119,-75,-13956,-4892,6232,-489,142,-140,0
809.2321510314941,8796,6672,10940,-81,-83,87,7524,-9420,10136,-52,125,-201,-13976,4144,5600,-1017,112,-73,-13908,-5016,6508,-502,159,-126,0
809.2673969268799,8660,6592,11124,-115,-99,115,7448,-9392,10056,-12,144,-213,-13736,4024,5560,-999,95,-92,-13992,-4988,6496,-760,172,-141,0
809.3037049770355,8700,6660,11256,-119,-62,86,7620,-9476,10136,-56,141,-191,-13780,4116,5884,-992,84,-88,-13920,-4952,6492,-475,171,-130,0
809.339595079422,8820,6732,11068,-132,-84,85,7632,-9444,10184,-48,170,-174,-13776,4120,5436,-968,77,-59,-13968,-4992,6444,-476,130,-136,0
809.3747749328613,8848,6724,11164,-158,-101,59,7556,-9496,10224,-30,172,-171,-13804,4132,5664,-781,50,-106,-13956,-4936,6504,-765,175,-159,0
809.4097969532013,8724,6656,11208,-188,-56,117,7500,-9372,10168,32,134,-152,-13832,4336,5848,-1036,87,-97,-13896,-4992,6440,-500,150,-99,0
809.4451251029968,8668,6692,11076,-144,-56,119,7512,-9444,10204,-46,157,-189,-13716,4164,5800,-989,101,-96,-13976,-5016,6644,-487,151,-104,0
809.4808061122894,8768,6900,11508,-174,-103,101,7524,-9440,10252,-255,132,-200,-13792,4272,5596,-978,143,-126,-13860,-4912,6484,-476,220,-61,0
809.5157771110535,8800,6604,11132,-178,-127,123,7524,-9660,10232,16,147,-184,-13740,4132,5488,-1021,93,-112,-13956,-4928,6424,-490,157,-101,0
809.5528061389923,8732,6624,11024,-169,-72,125,7472,-9352,10156,247,158,-158,-13752,4120,5640,-969,147,-44,-13916,-5048,6404,-450,104,-66,0
809.586375951767,8652,6724,11208,-229,-107,126,7472,-9428,10188,-25,188,-180,-13728,4116,5664,-975,152,-71,-13832,-4928,6400,-455,168,-63,0
809.6197969913483,8956,6572,11224,-236,-145,111,7444,-9408,10136,-42,167,-207,-13808,4272,5688,-982,121,-114,-13952,-4932,6552,-482,205,-77,0
809.6532120704651,8816,6604,11188,-198,-112,157,7492,-9428,10212,14,129,-214,-13796,4308,5600,-1012,167,-143,-13840,-4628,6532,-462,220,-58,0
809.6867220401764,8888,6648,11068,-216,-158,147,7476,-9368,10004,-255,130,-235,-13768,4152,5776,-988,181,-79,-13916,-4956,6496,-489,239,-55,0
809.7200009822845,8760,6560,11224,-216,-197,177,7600,-9532,9992,37,127,-217,-13876,4212,5764,-1009,172,-96,-14000,-4916,6368,-457,197,-44,0
809.7536201477051,8880,6880,11020,-211,-155,140,7552,-9416,10112,26,129,-225,-13752,4188,5592,-1005,163,-132,-14036,-4948,6484,-465,190,-72,0
809.7870509624481,8828,6584,11184,-239,-139,145,7556,-9428,10452,23,183,-215,-13772,4152,5460,-994,149,-120,-13948,-5020,6476,-484,216,-89,0
809.8204231262207,8780,6608,11180,-240,-132,132,7576,-9360,10116,5,137,-198,-13864,4164,5552,-1006,126,-78,-13976,-4944,6264,-477,164,-115,0
809.8539381027222,8760,6400,11116,-213,-169,114,7624,-9332,10232,-16,156,-203,-13968,4272,5604,-974,110,-121,-14024,-5000,6556,-444,151,-113,0
809.8874621391296,8764,6604,11240,-241,-133,105,7540,-9344,10140,-9,157,-219,-14016,4292,5732,-964,130,-115,-13840,-4936,6636,-454,179,-54,0
809.9208509922028,8744,6564,11232,-235,-182,119,7432,-9384,10204,-17,142,-211,-13724,4124,5676,-993,124,-114,-13920,-4920,6336,-474,180,-97,0
809.9544560909271,8820,6572,11108,-210,-161,146,7492,-9388,10104,32,160,-233,-13696,4024,5632,-1277,134,-182,-13912,-4900,6492,-463,171,-57,0
809.9881899356842,8924,6564,11000,-198,-148,139,7492,-9320,10152,30,124,-212,-13812,4140,5672,-1010,152,-105,-13948,-4836,6444,-470,164,-82,0
810.0216281414032,8940,6448,11244,-202,-131,168,7604,-9296,10216,-6,134,-211,-13744,3864,5636,-994,176,-122,-13856,-4872,6444,-490,206,-80,0
810.0552899837494,8804,6544,11156,-186,-163,157,7556,-9364,10116,-15,117,-199,-14080,4160,5468,-985,136,-83,-14316,-5084,6624,-479,147,-46,0
810.0888109207153,8892,6600,11064,-176,-127,139,7596,-9356,10320,255,81,-170,-13896,4168,5512,-1021,137,-64,-14088,-4948,6648,-501,107,-88,0
810.1221690177917,8820,6552,11244,-206,-102,133,7600,-9316,10204,22,118,-186,-13620,4132,5400,-990,131,-64,-13904,-4948,6252,-472,182,-101,0
810.1553580760956,8924,6628,11100,-173,-97,132,7544,-9400,10032,-37,137,-199,-14068,3888,5444,-952,135,-97,-14016,-4944,6444,-489,154,-83,0
810.1890339851379,8844,6540,11228,-157,-100,97,7600,-9512,10252,-54,147,-238,-13824,4068,5528,-966,128,-98,-13960,-4840,6424,-516,208,-85,0
810.2224781513214,8748,6504,11072,-158,-107,113,7520,-9332,10120,-33,125,-209,-13756,4136,5604,-1021,86,-70,-14048,-5008,6524,-464,141,-123,0
810.2560830116272,9032,6432,11188,-127,-32,114,7584,-9356,10064,-25,135,-145,-13716,4148,5508,-1029,108,-33,-14044,-4896,6632,-755,68,-145,0
810.2898080348969,8844,6448,11136,-157,27,100,7476,-9348,10100,-17,144,-143,-13620,4156,5820,-1012,98,-78,-13936,-4976,6376,-483,103,-127,0
810.3232369422913,8840,6476,11216,-180,-1,86,7508,-9348,10052,-66,157,-145,-13912,4320,5596,-998,49,-108,-13912,-4904,6416,-495,126,-150,0
810.3570320606232,8904,6576,11088,-85,-45,108,7588,-9388,10220,-61,126,-169,-13780,4344,5620,-1006,91,-61,-13936,-4856,6368,-500,162,-136,0
810.39022397995,8772,6648,11192,-111,-25,91,7472,-9456,10120,-48,119,-179,-13752,4144,5504,-1014,110,-75,-13588,-4916,6428,-538,180,-124,0
810.4237539768219,8892,6564,11164,-67,-72,81,7656,-9340,10196,-57,114,-194,-13732,4140,5716,-1009,107,-69,-13952,-4968,6368,-525,161,-114,0
810.4574310779572,8736,6524,11080,-87,-62,76,7432,-9460,10208,-66,77,-170,-13596,4232,5696,-987,90,-84,-14056,-4832,6404,-530,130,-138,0
810.491131067276,8944,6592,11032,-112,-16,119,7644,-9432,10264,-84,139,-145,-13860,4168,5788,-960,78,-82,-14032,-4840,6532,-522,122,-135,0
810.5244750976562,8876,6508,11120,-97,2,92,7648,-9268,10044,-13,127,-138,-13824,4156,5448,-994,80,215,-13956,-4932,6432,-528,103,-160,0
810.5580401420593,8816,6568,11424,-98,-12,85,7416,-9396,10364,-60,134,-145,-13788,4068,5612,-998,83,-51,-13948,-5044,6472,-524,133,-170,0
810.593878030777,8820,6500,11176,-88,-87,84,7520,-9648,10140,-97,141,-163,-13812,4176,5784,-952,69,-64,-13992,-4952,6424,-526,172,-131,0
810.629280090332,8952,6520,11096,-100,-60,73,7580,-9368,10200,-74,154,-186,-13884,4108,5672,-987,56,-98,-14040,-4948,6592,-531,176,-134,0
810.664293050766,8816,6540,10984,-72,-52,75,7552,-9296,10132,-32,150,-189,-13800,4188,5652,-973,71,-81,-14228,-4912,6512,-539,145,-158,0
810.7001259326935,8808,6612,11092,-89,-62,80,7624,-9432,10240,-39,145,-192,-13580,3840,5640,-996,43,-60,-13896,-4980,6412,-484,152,-151,0
810.7354969978333,8824,6612,11160,-118,-39,88,7636,-9376,10132,-71,159,-167,-13648,4300,5560,-995,98,-127,-14008,-4940,6440,-497,114,-139,0
810.7708830833435,8836,6888,11132,-58,-42,91,7576,-9408,10168,-64,122,-159,-13808,4140,5616,-1012,74,-8,-14056,-5028,6436,-502,79,-139,0
810.8061709403992,8792,6604,11152,-91,-28,75,7484,-9436,10196,249,132,-141,-13860,4064,5572,-771,57,-89,-14024,-4968,6192,-523,136,-128,0
810.8424360752106,8840,6684,11012,-90,-18,82,7524,-9428,10164,-27,149,-134,-13844,3840,5724,-986,59,-64,-13904,-4920,6208,-529,86,-169,0
810.8784589767456,8708,6900,11228,-77,-58,80,7676,-9368,10172,-69,82,-160,-13604,4140,5568,-996,49,-47,-13976,-5120,6444,-519,140,-157,0
810.9139089584351,8660,6400,11176,-104,-33,68,7608,-9432,10148,-35,107,-175,-13784,4116,5280,-1008,68,-69,-13940,-4936,6540,-497,143,-141,0
810.9501240253448,8928,6584,11064,-85,-62,101,7908,-9428,10140,-59,91,-105,-13788,4144,5536,-1004,82,-55,-13916,-4904,6476,-762,89,-150,0
810.9851839542389,8916,6600,11140,-86,-29,105,7472,-9384,10108,-52,124,-164,-13752,4192,5412,-987,89,-19,-13904,-4912,6472,-494,89,-122,0
811.0210011005402,8944,6564,11136,-121,-73,101,7512,-9468,10396,-88,149,-164,-13756,4136,5720,-980,63,-70,-13960,-4896,6628,-521,131,-150,0
811.0561339855194,8840,6592,11292,-112,-56,72,7576,-9400,10092,-53,134,-179,-13784,4136,5512,-977,74,-80,-13856,-5020,6156,-508,173,-126,0
811.0917971134186,8676,6644,11112,-121,-97,76,7504,-9448,10144,-22,128,-185,-13712,4164,5700,-1019,84,-108,-13980,-5008,6588,-530,174,-127,0
811.1278021335602,8728,6612,11084,-81,-73,88,7548,-9372,10244,-65,120,-179,-13852,4344,5776,-1065,101,-35,-13948,-5016,6548,-523,155,-115,0
811.1630001068115,8832,6456,11092,-88,-49,86,7644,-9428,9984,-30,129,-172,-13820,4256,5644,-1010,123,-36,-13984,-4924,6548,-503,166,-144,0
811.1988251209259,8720,6752,11032,-91,-58,103,7872,-9468,10204,-42,157,-181,-13784,4248,5512,-1018,95,-105,-13908,-4976,6476,-528,156,-123,0
811.2340519428253,8700,6708,11076,-139,-63,89,7636,-9304,10492,-37,113,-175,-13684,4220,5412,-1008,89,-69,-13840,-5008,6480,-511,158,-132,0
811.2697169780731,8700,6692,11228,-124,-38,97,7536,-9420,10220,-59,130,-156,-13640,4160,5536,-996,80,-51,-13864,-5004,6536,-483,151,-121,0
811.3033790588379,8812,6668,11064,-144,-75,92,7620,-9380,10236,-54,172,-165,-13808,4164,5784,-1019,74,-77,-13912,-5068,6408,-492,147,-131,0
811.3369009494781,8768,6704,11248,-150,-73,88,7620,-9464,10052,-1,152,-150,-13772,4140,5652,-979,87,-101,-13928,-4904,6360,-483,141,-123,0
811.3704669475555,8756,6436,11384,-154,-88,118,7532,-9512,9984,-39,157,-166,-13772,4156,5820,-1019,100,-91,-13920,-4960,6580,-491,148,-117,0
811.4036400318146,8688,6596,11264,-149,-40,104,7564,-9324,10156,-11,155,-179,-13652,4248,5532,-1280,94,-96,-13952,-4884,6492,-499,173,-113,0
811.4374489784241,8780,6640,11208,-142,-74,110,7484,-9492,10156,-34,147,-203,-13768,4192,5588,-1008,107,-56,-13924,-4940,6440,-515,194,-116,0
811.4710700511932,8852,6448,11136,-167,-100,101,7452,-9408,10084,-25,154,-208,-13784,4212,5588,-984,154,-102,-13932,-5060,6584,-479,191,-86,0
811.5045311450958,8740,6688,11236,-195,-122,117,7488,-9396,10148,-30,141,-192,-13736,3908,5804,-977,135,-136,-14044,-4972,6544,-504,160,-53,0
811.5381600856781,8744,6588,11248,-168,-154,135,7568,-9408,10232,-33,142,-166,-13868,4116,5708,-1023,123,-113,-13920,-4920,6496,-494,167,-78,0
811.5717990398407,8768,6592,11296,-208,-74,139,7504,-9480,10300,28,142,-194,-13680,4040,5396,-1034,143,-106,-13980,-4968,6500,-492,150,-59,0
811.6054830551147,8580,6672,11012,-167,-55,110,7468,-9380,10264,-23,119,-196,-13736,4144,5704,-960,112,-126,-13812,-5084,6480,-487,167,-78,0
811.6390290260315,8796,6612,11260,-228,-132,128,7516,-9364,10056,-17,163,-198,-13756,4256,5732,-961,139,-95,-13928,-4936,6556,-452,232,-75,0
811.6726269721985,8796,6552,11104,-226,-126,131,7540,-9388,10220,15,153,-219,-13860,4196,5532,-982,153,-137,-13976,-4860,6244,-469,212,-56,0
811.7060921192169,8836,6720,11164,-192,-138,148,7620,-9456,9924,15,144,-176,-13760,4016,5612,-972,152,-101,-13992,-4976,6476,-462,136,-42,0
811.7398009300232,8708,6828,11260,-243,-104,176,7460,-9400,10240,-33,142,-176,-13768,4152,5660,-977,138,-100,-14020,-4976,6376,-475,157,-68,0
811.7736179828644,8772,6624,11012,-248,-170,152,7512,-9492,10328,-49,171,-166,-13800,4192,5624,-987,149,-113,-13976,-4964,6368,-489,173,-82,0
811.8072431087494,8768,6636,11180,-192,-138,128,7532,-9432,9996,-12,147,-193,-13620,4164,5736,-1006,157,-162,-13896,-4876,6468,-499,205,-79,0
811.8406240940094,8716,6548,11168,-227,-148,155,7532,-9328,10056,25,132,-190,-13660,4308,5844,-769,167,-103,-13852,-4896,6468,-494,191,-77,0
811.8741991519928,8952,6616,11444,-165,-181,156,7584,-9380,10196,-1,92,-221,-13792,4208,5556,-1027,164,-133,-13880,-4996,6324,-463,199,-86,0
811.9074609279633,8772,6592,11196,-181,-181,152,7552,-9476,10096,5,120,-215,-13812,3920,5564,-978,161,-157,-13960,-4964,6508,-491,189,-80,0
811.9412789344788,8828,6688,11328,-207,-130,144,7480,-9320,10148,-27,138,-197,-14080,4132,5636,-1020,168,-151,-14032,-4912,6468,-476,188,-83,0
811.9749059677124,8768,6600,11092,-199,-154,166,7556,-9340,10296,2,142,-229,-13588,4084,5420,-1015,115,-130,-13912,-4948,6348,-479,198,-79,0
812.0085151195526,8776,6612,11068,-201,-168,129,7528,-9232,10132,-14,157,-173,-14004,4328,5528,-1001,87,-93,-13924,-4704,6540,-454,155,-96,0
812.0418300628662,8820,6624,11064,-200,-162,135,7480,-9364,10216,-40,160,-204,-13872,4220,5672,-961,108,-53,-13896,-4928,6452,-478,138,-95,0
812.0755550861359,8860,6600,11180,-195,-157,118,7492,-9424,10344,-6,150,-202,-13700,4120,5604,-989,117,-90,-13888,-4856,6492,-477,150,-88,0
812.1093111038208,8840,6604,11124,-157,-139,133,7520,-9416,10232,-253,149,-207,-13712,4080,5712,-1033,146,-102,-13996,-4992,6508,-487,175,-74,0
812.1426839828491,8768,6528,11036,-168,-89,119,7592,-9236,10116,-11,123,-189,-13736,4204,5444,-1275,144,-134,-13928,-4980,6408,-500,187,-95,0
812.1763920783997,8872,6640,11080,-155,-148,124,7444,-9316,10252,-1,121,-198,-13728,4220,5424,-1025,129,-115,-13940,-4908,6516,-530,181,-114,0
812.2096841335297,8900,6532,11260,-140,-109,135,7452,-9388,10152,-22,115,-185,-13832,4188,5672,-1007,153,-63,-14012,-5000,6408,-491,179,-103,0
812.2426791191101,8760,6556,10956,-115,-86,127,7636,-9400,10136,-21,108,-178,-13800,3944,5400,-1017,137,-102,-14060,-4940,6356,-503,126,-92,0
812.2787170410156,8856,6588,10880,-104,-67,88,7548,-9336,10080,-56,100,-167,-14080,4152,5648,-997,91,224,-13956,-4872,6300,-532,99,-137,0
812.3149580955505,8912,6480,11112,-125,-5,91,7644,-9336,10312,-7,136,-151,-13800,4072,5716,-1046,11,-33,-13944,-4932,6464,-474,135,-154,0
812.351175069809,8812,6628,11204,-144,-52,88,7436,-9320,10184,20,140,-160,-14024,3984,5536,-1017,97,-72,-13920,-4948,6432,-487,104,-102,0
812.386214017868,8816,6556,11264,-79,-39,84,7504,-9380,10216,-92,116,-187,-13724,4140,5388,-981,55,-111,-13944,-4932,6404,-486,161,-144,0
812.4225649833679,8548,6536,11012,-111,-102,76,7496,-9436,10116,-28,118,-210,-13752,4144,5384,-1017,112,-50,-14016,-4940,6504,-483,159,-151,0
812.4579849243164,8904,6476,11020,-108,-45,87,7568,-9424,10140,-49,152,-154,-13868,4220,5612,-1008,55,-64,-13924,-5016,6444,-520,91,-166,0
812.493665933609,8916,6568,11040,-120,-17,94,7588,-9412,10152,-46,124,-143,-13824,4192,5644,-1275,44,-255,-13924,-5092,6560,-488,54,-159,0
812.5292990207672,8572,6640,11320,-90,-29,58,7668,-9324,10300,-68,141,-140,-14080,4196,5732,-990,49,-75,-13924,-4972,6500,-511,120,-137,0
812.5646350383759,8820,6632,11088,-70,-40,99,7568,-9420,10228,-63,134,-146,-13748,4176,5600,-998,73,-83,-13832,-4924,6476,-547,163,-149,0
812.6001720428467,8712,6600,11168,-81,-79,87,7580,-9468,10244,-23,93,-200,-13624,4164,5520,-1003,98,-99,-14056,-4992,6548,-521,169,-140,0
812.6353719234467,8852,6500,11088,-45,-79,104,7596,-9376,10056,-54,78,-194,-13740,4088,5540,-1043,91,-104,-13904,-4892,6368,-768,140,-134,0
812.6708559989929,8776,6576,11108,-74,-108,96,7524,-9412,10208,-44,100,-178,-13780,4172,5676,-968,87,-120,-13944,-4936,6584,-534,138,-138,0
812.7059209346771,8796,6556,11236,-95,-32,92,7652,-9500,10040,-36,134,-156,-13816,4128,5732,-987,68,-57,-13876,-4900,6488,-274,146,-142,0
812.7412259578705,8780,6528,11188,-95,-46,99,7564,-9376,10116,-37,140,-156,-13728,4176,5388,-1044,63,-79,-14004,-4904,6288,-532,119,-161,0
812.777617931366,8800,6600,10968,-71,-62,91,7532,-9328,10204,-59,94,-180,-13788,4064,5428,-1007,61,-90,-13880,-4964,6624,-522,133,-174,0
812.8130130767822,8800,6672,11188,-79,-66,66,7552,-9356,10164,-64,156,-175,-13820,4076,5556,-999,28,-52,-13944,-4900,6564,-504,127,-158,0
812.8481049537659,8832,6596,11156,-79,-47,53,7540,-9428,10140,-51,129,-158,-13664,4108,5540,-996,66,-92,-13968,-5008,6348,-507,113,-168,0
812.8834221363068,8744,6516,11476,-85,-65,111,7556,-9412,10080,-38,144,-180,-13752,4272,5736,-1019,93,-53,-13952,-4932,6588,-505,126,-149,0
812.9204499721527,8768,6636,11144,-76,-55,73,7464,-9364,10168,-52,91,-172,-13712,4212,5668,-1271,89,-108,-13912,-5044,6632,-519,167,-135,0
812.9540119171143,8820,6652,11100,-79,-54,98,7664,-9372,10136,-52,110,-172,-13692,4152,5740,-977,75,-116,-13888,-5016,6424,-547,134,-152,0
812.9876461029053,8684,6556,11144,-75,-89,99,7496,-9388,10456,-43,99,-171,-13780,4060,5580,-1020,93,-103,-13884,-5000,6408,-529,164,-151,0
813.021201133728,8764,6592,11184,-91,-73,100,7604,-9428,10116,-42,116,-188,-13672,4080,5784,-1003,70,-61,-14004,-4868,6500,-491,171,-106,0
813.0548100471497,8724,6600,11180,-108,-51,113,7572,-9356,10180,-55,123,-173,-13756,4108,5676,-968,92,-64,-13884,-4924,6420,-526,122,-104,0
813.0881569385529,8840,6688,11104,-103,-70,100,7640,-9608,10100,-47,136,-139,-13860,4148,5376,-997,73,-65,-13992,-4920,6416,-502,130,-129,0
813.1217710971832,8864,6412,11060,-170,-38,109,7568,-9448,10240,23,144,-169,-13736,4236,5580,-1041,99,-83,-13936,-4932,6476,-499,151,-117,0
813.1597681045532,8804,6728,11216,-116,250,73,7592,-9436,10160,-53,158,-129,-13708,4212,5408,-989,76,-89,-13916,-5072,6404,-496,156,-147,0
813.1936359405518,8808,6644,11084,-156,-100,81,7592,-9680,10432,-21,166,-184,-13592,4164,5756,-980,104,-79,-13860,-4960,6344,-485,186,-104,0
813.2272279262543,8944,6608,11096,-189,-108,117,7564,-9372,10132,-7,152,-206,-13740,3888,5720,-1006,125,-109,-14036,-5020,6516,-469,178,-97,0
813.2607171535492,8780,6420,11036,-157,-96,134,7492,-9408,10068,4,166,-183,-13840,4144,5740,-971,120,-111,-13892,-5024,6616,-478,142,-61,0
813.2940630912781,8560,6800,11052,-215,-121,124,7508,-9424,10208,-33,160,-177,-13800,4244,5812,-984,139,-112,-13924,-4992,6644,-470,167,-76,0
813.3276951313019,8744,6600,11076,-220,-127,121,7416,-9340,10364,-50,162,-188,-13696,4148,5700,-951,127,-109,-13884,-4904,6476,-460,221,-76,0
813.3612110614777,8684,6616,11104,-190,-92,133,7536,-9464,10224,-21,178,-220,-13740,4108,5668,-985,189,-107,-13956,-4976,6476,-463,214,-43,0
813.3945281505585,8704,6628,11148,-232,-149,179,7436,-9352,10220,40,139,-220,-13612,4160,5764,-977,218,-140,-13932,-5000,6312,-477,231,-38,0
813.4280309677124,8876,6632,11080,-216,-138,176,7512,-9464,10208,-7,170,-215,-14068,4208,5600,-1011,218,-149,-14000,-4964,6540,-496,204,-63,0
813.4617309570312,8756,6412,11168,-233,-169,162,7596,-9460,10144,4,117,-217,-13800,4164,5576,-971,173,-181,-13984,-4900,6500,-475,185,-68,0
813.4952940940857,8816,6600,11124,-240,-118,150,7560,-9372,10272,3,144,-194,-13916,4116,5736,-961,156,-132,-13948,-4952,6428,-481,210,-68,0
813.5286409854889,8824,6904,11016,-237,-168,149,7588,-9592,10224,27,155,-202,-13764,4092,5612,-991,165,-63,-14256,-4996,6496,-476,201,-88,0
813.5621221065521,8932,6600,11156,-219,-170,123,7500,-9308,10120,23,146,-207,-13740,4124,5672,-1006,160,-83,-13900,-4932,6456,-466,163,-33,0
813.5957860946655,8836,6604,11432,-230,-154,139,7496,-9392,10032,-20,92,-215,-13688,3952,5580,-993,102,-128,-14068,-5000,6184,-455,154,-59,0
813.6294360160828,8708,6532,11212,-228,-161,139,7636,-9424,10256,20,159,-173,-13840,4228,5852,-996,93,-117,-13948,-4944,6408,-464,167,-111,0
813.6629250049591,8796,6484,11240,-248,-171,160,7560,-9368,9996,77,149,-192,-13732,3868,5648,-1006,146,-123,-14072,-4656,6456,-449,192,-74,0
813.6966280937195,8704,6588,11072,-183,-142,121,7620,-9328,10328,-11,96,-228,-13804,4136,5620,-1006,157,-73,-13908,-4972,6460,-496,159,-75,0
813.7300119400024,8792,6524,11072,-226,-186,147,7624,-9368,10012,-16,101,-212,-13728,4080,5744,-1024,171,-139,-13940,-4872,6504,-453,243,-62,0
813.7635049819946,8944,6508,11128,-188,-153,137,7608,-9248,10128,2,102,-224,-14072,3904,5828,-1011,154,-121,-14264,-4892,6388,-496,157,-58,0
813.7972960472107,8988,6520,11200,-150,-130,161,7452,-9364,10196,17,88,-192,-13776,4120,5424,-1006,148,-82,-13948,-4816,6336,-497,163,-67,0
813.8310680389404,9112,6592,11260,-193,-75,126,7504,-9352,10200,-28,92,-153,-13992,4192,5708,-1019,112,-73,-13968,-4900,6436,-489,125,-107,0
813.8645341396332,9196,6408,11104,-142,-122,131,7580,-9320,10068,-25,111,-182,-13792,4184,5612,-1025,131,-63,-13884,-4848,6284,-514,108,-128,0
813.8977799415588,8880,6624,11096,-108,-46,118,7568,-9352,10072,-41,103,-174,-14076,4140,5596,-1041,102,-59,-14000,-4896,6508,-525,143,-148,0
813.931370973587,8848,6520,11044,-131,-61,94,7520,-9316,10216,-10,145,-191,-13856,4112,5520,-1009,94,-91,-13920,-4912,6336,-505,161,-122,0
813.9681611061096,8784,6600,11228,-134,-81,90,7560,-9672,10044,-24,143,-172,-13848,4156,5612,-1007,89,-116,-13948,-4912,6308,-487,211,-127,0
814.003613948822,8832,6604,11284,-100,-89,84,7568,-9388,10488,-46,149,-200,-13764,4104,5692,-1021,94,-64,-14008,-5008,6464,-476,160,-148,0
814.0392770767212,8948,6584,11124,-115,-73,92,7596,-9464,10172,-22,157,-196,-13576,4124,5492,-977,88,-84,-13916,-4904,6340,-513,127,-135,0
814.0744659900665,8856,6420,11092,-86,-75,77,7452,-9336,10224,-84,125,-180,-13740,3868,5604,-981,65,-82,-13904,-4964,6376,-494,156,-125,0
814.1106369495392,8948,6500,11028,-109,-33,85,7564,-9420,10208,-72,138,-163,-13848,4132,5692,-1002,67,-64,-13948,-4872,6428,-512,119,-141,0
814.1456570625305,8888,6564,11124,-111,-63,87,7220,-9416,10168,-45,152,-155,-13772,4104,5644,-1035,94,-76,-13856,-4952,6516,-523,115,-158,0
814.1808450222015,8872,6604,11224,-70,-25,89,7512,-9356,10284,-39,132,-175,-13820,4076,5756,-1033,87,-105,-13896,-4904,6436,-517,120,-129,0
814.2158300876617,8816,6564,11156,-69,-81,108,7508,-9368,10228,-52,107,-159,-13616,4332,5380,-987,143,-64,-13884,-5008,6516,-510,160,-121,0
814.2512991428375,8836,6568,11072,-77,-85,119,7580,-9412,10288,-64,90,-188,-13820,4348,5524,-1004,127,-98,-13976,-4904,6448,-510,140,-136,0
814.2876999378204,8852,6564,11088,-69,-105,104,7460,-9412,10124,-64,133,-146,-13956,4332,5388,-974,95,-115,-14032,-4832,6644,-494,107,-134,0
814.3228940963745,8880,6684,11276,-74,-48,82,7556,-9388,10092,-41,138,-174,-13788,4024,5680,-987,81,-25,-13968,-4964,6640,-524,107,-143,0
814.359169960022,8800,6524,11196,-85,-38,71,7556,-9372,10052,-64,144,-122,-13788,4144,5616,-999,77,-89,-13888,-4904,6480,-481,85,-145,0
814.3943400382996,8532,6480,11360,-76,-28,78,7540,-9464,10280,-65,141,-156,-13916,4148,5692,-1054,73,-39,-13908,-4940,6456,-508,111,-157,0
814.4296510219574,8792,6648,11076,-69,-22,70,7536,-9456,10104,-69,168,-181,-13808,4200,5596,-1024,59,-113,-13960,-4972,6540,-518,140,-148,0
814.4648470878601,8824,6564,11100,-91,-61,91,7512,-9492,10200,-74,160,-173,-13772,4164,5672,-1001,77,-61,-13972,-5028,6360,-503,155,-188,0
814.5000829696655,8804,6644,11188,-81,-56,74,7452,-9436,10108,-43,120,-165,-13700,4108,5676,-1041,66,-94,-13996,-4908,6648,-499,164,-148,0
814.5356359481812,8724,6664,10856,-91,-57,83,7516,-9432,10268,-32,94,-163,-13796,3932,5772,-1016,80,-98,-13972,-4980,6492,-497,132,-144,0
814.571387052536,8700,6668,11168,-155,-15,65,7552,-9360,10208,-6,121,-175,-13740,4308,5572,-980,75,-77,-14000,-4936,6172,-484,194,-131,0
814.6084260940552,8632,6652,11240,-181,-76,73,7492,-9468,10252,-19,167,-184,-13724,4124,5536,-964,97,-145,-14020,-4940,6468,-456,164,-143,0
814.6417350769043,8872,6828,11168,-110,-87,91,7680,-9452,10244,-67,158,-177,-13604,4140,5856,-961,68,-97,-13976,-4988,6644,-488,115,-136,0
814.6752769947052,8864,6588,11120,-175,-83,105,7532,-9420,10248,21,161,-182,-13800,4160,5664,-1035,61,-96,-13856,-5068,6552,-485,209,-104,0
814.7088940143585,8808,6692,11484,-155,-127,145,7508,-9364,10268,10,124,-190,-13772,4152,5824,-780,149,-100,-13844,-4980,6508,-491,150,-93,0
814.7424120903015,8736,6712,11016,-113,-165,117,7512,-9344,10176,-66,121,-213,-13580,4320,5564,-978,116,-169,-13916,-5016,6172,-260,3,-60,0
814.7756631374359,8784,6540,11424,-188,-151,154,7548,-9356,10184,-15,130,-234,-13828,4184,5724,-985,178,-141,-13904,-4844,6456,-472,219,-40,0
814.809061050415,8744,6580,11060,-202,-186,167,7544,-9388,10128,9,129,-190,-14000,4248,5680,-1017,122,-88,-13980,-4936,6448,-481,155,-117,0
814.8424820899963,8860,6856,11216,-243,-110,163,7580,-9320,10224,250,168,-142,-13952,4160,5736,-978,156,-67,-13960,-4984,6596,-459,123,-90,0
814.8759760856628,8824,6896,11252,-244,-110,114,7552,-9448,10104,-27,185,-183,-13836,3852,5748,-969,140,-105,-13872,-4948,6480,-474,150,-55,0
814.9096281528473,8824,6888,11180,-233,-132,153,7540,-9256,10148,-24,145,-191,-13908,4116,5568,-1008,159,-138,-13856,-5032,6268,-497,189,-91,0
814.9431450366974,8832,6540,11156,-185,-142,155,7516,-9416,10136,-24,111,-222,-13688,4068,5428,-1005,176,-124,-13920,-4868,6564,-487,215,-55,0
814.9767971038818,8756,6456,11132,-164,-154,163,7520,-9364,10228,-31,61,-229,-13756,4148,5692,-1279,208,-130,-13880,-4952,6492,-479,211,-68,0
815.0103049278259,8844,6496,11248,-160,-138,159,7596,-9384,10212,-39,81,-195,-13572,4160,5708,-1017,129,-107,-13984,-4840,6424,-524,197,-103,0
815.0436971187592,8916,6560,11076,-117,-93,138,7424,-9392,10208,-21,112,-204,-13600,4224,5696,-1014,125,-84,-14008,-4948,6444,-507,179,-155,0
815.0774500370026,8932,6488,11060,-136,-78,98,7436,-9372,10084,-20,151,-187,-14052,4136,5596,-1004,83,-59,-14004,-5080,6624,-528,157,-147,0
815.1111190319061,8904,6608,11156,-95,-25,105,7632,-9432,10144,-48,140,-149,-13792,4056,5608,-1018,99,-96,-13972,-4940,6320,-508,112,-148,0
815.1442351341248,8776,6604,11204,-117,-67,93,7632,-9372,10164,-37,132,-152,-13784,4312,5696,-987,69,-79,-13984,-5108,6636,-498,166,-142,0
815.1778810024261,8736,6604,11004,-125,-63,77,7596,-9248,10268,-31,151,-187,-13804,4132,5572,-1011,90,-77,-13968,-4984,6180,-512,162,-122,0
815.2112579345703,8784,6640,11308,-125,-96,120,7512,-9368,10272,-33,152,-210,-13884,4140,5668,-1017,114,-57,-13892,-4876,6464,-527,162,-115,0
815.2448580265045,8892,6592,11068,-101,-104,122,7624,-9368,10200,-38,132,-194,-13808,4092,5508,-993,87,-105,-13976,-4964,6652,-509,142,-129,0
815.2784731388092,8820,6584,11132,-125,-102,117,7496,-9400,10140,-21,121,-183,-13720,4124,5624,-999,87,-121,-13924,-4912,6464,-485,141,-131,0
815.3120009899139,8852,6632,11104,-125,-63,124,7528,-9396,10156,-12,152,-170,-13796,4320,5716,-992,134,-100,-14004,-4932,6256,-489,159,-105,0
815.3455390930176,8724,6584,11228,-123,-105,108,7548,-9280,10192,-62,96,-157,-14020,3848,5712,-984,116,-96,-14020,-4976,6480,-524,126,-113,0
815.3791589736938,8936,6572,11088,-95,-109,109,7512,-9512,10084,-43,154,-182,-13848,4104,5612,-1023,107,-61,-13916,-4904,6588,-503,131,-150,0
815.412572145462,8748,6640,11136,-134,-94,128,7516,-9388,10168,-22,146,-187,-13868,4120,5664,-1012,90,-103,-13936,-4976,6412,-491,145,-150,0
815.4461059570312,8936,6588,10900,-73,-91,90,7528,-9400,10144,-62,127,-158,-13832,4152,5740,-987,82,-89,-13932,-5048,6584,-505,151,-104,0
815.4799580574036,8852,6560,11172,-136,-106,71,7832,-9412,10420,-48,151,-185,-13804,4108,5684,-970,89,-139,-13944,-4916,6540,-508,163,-136,0
815.5137059688568,8868,6512,11148,-167,-71,91,7592,-9276,10128,-16,153,-155,-13840,4196,5632,-1002,83,-110,-13876,-4964,6348,-494,152,-133,0
815.5473289489746,8876,6592,11088,-101,-46,81,7592,-9368,10236,-21,152,-155,-13844,4268,5516,-1001,53,-56,-13952,-4988,6420,-500,119,-146,0
815.5809440612793,8824,6568,11240,-153,-65,82,7556,-9452,10128,-76,168,-166,-13800,4140,5600,-999,83,-59,-13996,-4928,6608,-500,121,-133,0
815.6143901348114,8820,6668,11220,-119,-107,69,7468,-9228,10216,-62,169,-162,-14060,4228,5600,-973,78,-63,-14048,-4908,6256,-494,164,-133,0
815.6509249210358,8768,6568,11284,-98,-64,89,7612,-9448,10216,-13,123,-182,-13676,4016,5660,-1013,84,-75,-13904,-4996,6496,-483,158,-114,0
815.686231136322,8808,6644,11216,-127,-62,98,7500,-9388,10120,-20,100,-175,-13708,4140,5820,-999,132,-42,-13948,-4916,6576,-268,151,-114,0
815.7224321365356,8680,6616,11108,-137,-103,88,7528,-9468,10168,-67,121,-207,-13884,4200,5672,-992,87,-113,-13888,-4636,6532,-507,173,-105,0
815.7581040859222,8836,6672,11152,-139,-93,108,7600,-9432,10200,-34,117,-193,-13692,4152,5712,-995,148,-85,-13948,-4920,6372,-483,169,-132,0
815.7931849956512,8792,6584,11328,-114,-104,104,7564,-9428,10168,-24,108,-196,-13852,4140,5568,-976,123,-120,-14048,-4960,6580,-498,190,-115,0
815.8288190364838,8900,6572,11064,-115,-111,128,7660,-9304,10108,-38,101,-194,-13580,3880,5600,-989,131,-115,-14044,-4904,6476,-766,152,-118,0
815.8640580177307,8936,6680,11076,-126,-90,96,7604,-9224,10072,-55,150,-181,-13792,4064,5540,-970,69,-92,-14040,-5016,6532,-497,142,-130,0
815.899717092514,8912,6656,11204,-148,-90,80,7672,-9384,10144,-46,171,-168,-13812,4128,5556,-967,100,-77,-14064,-4964,6276,-479,121,-128,0
815.9351460933685,8836,6632,11028,-129,-56,91,7588,-9492,10120,-5,167,-157,-13740,4116,5696,-1002,80,-70,-13940,-5012,6416,-481,123,-139,0
815.9705080986023,8808,6644,11184,-137,-77,115,7520,-9420,10052,-3,140,-205,-13792,4100,5824,-992,102,-103,-13912,-5012,6256,-490,161,-141,0
816.0059950351715,8780,6716,11220,-139,-115,122,7484,-9388,10140,-54,108,-196,-13896,4108,5728,-995,135,-135,-13852,-5040,6548,-502,175,-104,0
816.0424270629883,8828,6648,10864,-125,-130,107,7532,-9368,10148,-46,108,-189,-13716,4040,5688,-996,138,-86,-14056,-4872,6424,-767,164,-109,0
816.078460931778,8860,6624,11124,-97,-96,119,7604,-9452,10228,-50,114,-178,-13616,4152,5676,-969,111,-79,-13992,-5004,6304,-523,153,-102,0
816.1134269237518,8692,6632,11124,-151,-49,109,7600,-9380,10144,-35,138,-178,-13800,4016,5604,-1036,74,-58,-13912,-4936,6564,-495,148,-149,0
816.1492741107941,8808,6668,11196,-108,-57,107,7540,-9400,10204,-30,146,-173,-13672,4332,5708,-1006,79,-67,-14008,-4912,6428,-515,96,-116,0
816.185033082962,8880,6600,11192,-118,-101,73,7592,-9244,10452,-85,125,-153,-13760,4196,5596,-965,81,-114,-13992,-4688,6604,-511,128,-128,0
816.2208731174469,8768,6608,11124,-135,-44,87,7596,-9440,10072,-27,138,-198,-14004,4156,5508,-1020,128,-91,-14008,-4800,6468,-493,183,-145,0
816.2562370300293,8880,6624,11028,-90,-96,130,7580,-9360,10204,-17,117,-159,-13864,4112,5512,-778,77,-99,-13948,-4956,6444,-522,124,-149,0
816.2934651374817,8832,6632,11156,-138,-127,99,7560,-9444,9996,-65,145,-167,-13772,4132,5376,-992,66,-68,-13904,-4900,6500,-477,98,-151,0
816.3269009590149,8904,6836,11160,-172,-102,76,7476,-9328,10148,-33,179,-168,-13900,4120,5664,-981,52,-65,-14008,-4936,6468,-485,127,-133,0
816.3606269359589,8560,6840,11020,-133,-50,104,7456,-9492,10204,-35,134,-174,-13772,4144,5788,-773,84,-59,-13904,-4944,6212,-761,140,-113,0
816.3938529491425,8744,6712,11008,-118,-75,118,7472,-9428,10228,-13,117,-176,-13708,4120,5580,-1275,84,-111,-13828,-4992,6540,-489,201,-97,0
816.4274699687958,8696,6408,11112,-104,-75,153,7440,-9368,10100,-15,120,-198,-13816,4208,5600,-1028,122,-121,-13856,-4984,6440,-487,216,-90,0
816.4610929489136,8776,6880,11024,-100,-130,128,7432,-9688,10208,-64,112,-61,-13772,4180,5388,-1276,99,-151,-13876,-4908,6556,-450,174,-96,0
816.4947090148926,9140,6664,11160,-154,-78,118,7524,-9424,10476,-30,131,-220,-13868,4312,5624,-956,120,-63,-13972,-4868,6336,-481,149,-114,0
816.5280659198761,8908,6624,11132,-142,-91,113,7576,-9424,10220,-19,86,-167,-13772,4136,5720,-974,79,-40,-13956,-4828,6308,-500,148,-139,0
816.5616941452026,8840,6644,11116,-142,-108,105,7612,-9360,10240,-35,123,-174,-13732,4028,5680,-1007,97,-95,-13852,-4948,6544,-491,174,-135,0
816.5952570438385,8808,6612,10980,-101,-92,101,7784,-9356,10184,-58,140,-173,-13784,4220,5716,-995,70,-105,-13980,-4984,6472,-509,152,-123,0
816.6287219524384,8812,6708,11116,-137,-45,110,7624,-9488,10084,-34,149,-183,-13816,4156,5720,-993,76,-72,-14024,-4888,6592,-503,134,-132,0
816.6617729663849,8800,6908,11132,-145,-74,120,7552,-9380,10124,-28,151,-172,-13804,4156,5564,-1014,110,-40,-13940,-4996,6464,-502,149,-116,0
816.695436000824,8828,6456,11180,-145,-68,129,7648,-9676,10052,-13,131,-164,-13716,4240,5716,-1003,103,-66,-13972,-4896,6572,-486,162,-122,0
816.7290549278259,8752,6712,11100,-126,-65,102,7580,-9424,10260,-20,129,-172,-13768,4180,5652,-1012,124,-78,-13956,-4964,6488,-477,136,-104,0
816.762659072876,8780,6700,11192,-129,-100,113,7580,-9328,10168,-27,131,-176,-13712,4204,5492,-967,116,-118,-13932,-5004,6212,-508,176,-101,0
816.7964489459991,8796,6600,11144,-130,-86,97,7464,-9440,10188,-23,105,-208,-13612,3852,5604,-994,130,-110,-14004,-4940,6196,-469,195,-101,0
816.8296649456024,8796,6644,11168,-130,-96,101,7468,-9416,10076,-39,130,-206,-13760,4148,5676,-1004,107,-57,-13928,-4948,6652,-509,124,-106,0
816.8630270957947,8796,6636,11132,-168,-119,91,7540,-9472,10032,-31,120,-211,-13764,4316,5732,-1021,105,-92,-13976,-5004,6524,-499,155,-114,0
816.8967909812927,8812,6644,11088,-128,-80,108,7584,-9388,9964,-30,119,-166,-13792,3892,5608,-1003,86,-88,-13920,-4992,6220,-518,102,-135,0
816.9302411079407,8812,6644,11108,-90,233,70,7472,-9372,10192,-100,139,-166,-13912,4064,5840,-1003,45,-59,-14040,-4896,6368,-541,88,-175,0
816.9637970924377,8920,6588,11136,-108,-18,56,7708,-9304,10440,-11,474,-248,-14008,4088,5568,-838,-49,-78,-13944,-4816,6348,-487,140,-165,0
816.9974620342255,8760,6676,11328,-142,3,72,7532,-9368,10304,-249,65,-218,-13844,4092,5648,-777,89,-33,-13912,-5120,6576,-463,161,-143,0
817.0307581424713,8884,6660,11024,-114,-11,95,7700,-9404,10252,-26,121,-130,-13804,4104,5680,-987,46,-40,-14040,-4972,6588,-474,65,-148,0
817.0641520023346,8708,6652,11240,-127,-20,72,7552,-9368,10104,-85,156,-133,-13768,4252,5712,-994,30,-20,-13900,-4908,6464,-486,97,-159,0
817.09765791893,8672,6704,11068,-128,-34,83,7664,-9440,10216,-99,181,-155,-13724,4116,5616,-965,47,-70,-13884,-4964,6568,-492,149,-143,0
817.1307990550995,8704,6672,11080,-114,-50,75,7536,-9384,10192,-45,152,-131,-13720,4168,5784,-1012,61,-45,-13940,-4976,6500,-471,159,-144,0
817.1643381118774,8680,6600,11192,-159,-22,120,7500,-9416,10176,6,133,-167,-13656,4132,5592,-1017,100,-46,-13964,-4944,6556,-502,162,-128,0
817.1979060173035,8732,6432,11236,-168,-72,88,7568,-9436,10216,254,144,-166,-13696,4180,5936,-1278,143,-70,-13944,-4956,6488,-501,164,-85,0
817.2312679290771,8744,6736,11084,-197,-76,139,7612,-9504,9984,-25,119,-212,-14068,4160,5752,-957,165,-101,-13968,-4944,6552,-490,158,-65,0
817.2648379802704,8884,6660,11136,-157,-93,151,7612,-9472,10088,-36,100,-198,-13740,4236,5632,-991,151,-139,-13876,-4872,6480,-482,196,-64,0
817.2982680797577,8860,6860,11176,-177,-128,140,7512,-9576,9800,-30,134,-202,-13772,4124,5460,-976,167,-115,-14000,-4972,6500,-503,244,-72,0
817.3349089622498,8800,6704,11232,-197,-173,157,7560,-9388,10248,-44,136,-196,-13796,4164,5688,-951,175,-124,-13952,-5012,6520,-476,207,-75,0
817.3702280521393,8784,6408,11168,-235,-146,126,7536,-9444,10100,-44,142,-190,-13820,4224,5464,-971,191,-72,-13852,-4932,6468,-453,192,-44,0
817.4054980278015,8844,6532,11052,-221,-113,147,7628,-9708,10252,4,145,-219,-13800,4240,5640,-988,157,-143,-13976,-4900,6448,-469,260,-52,0
817.4409129619598,8752,6576,11072,-222,-160,116,7600,-9376,10156,40,134,-221,-13844,4164,5644,-989,186,-150,-13964,-4984,6324,-469,206,-80,0
817.4760720729828,8852,6628,11172,-233,-142,141,7564,-9428,10256,-254,148,-226,-13628,4196,5624,-979,141,-118,-13988,-5112,6432,-461,215,-39,0
817.5123920440674,8828,6564,11032,-220,-189,160,7508,-9436,10092,0,146,-236,-13820,4188,5752,-973,195,-143,-14040,-4948,6408,-464,211,-49,0
817.5481150150299,8776,6460,11216,-224,-189,160,7596,-9360,10252,10,136,-246,-13804,4168,5848,-1000,179,-102,-13964,-4984,6276,-470,219,-38,0
817.583683013916,8844,6872,11144,-254,-151,184,7468,-9296,10008,10,122,-185,-13872,4076,5648,-1002,184,-110,-14036,-4904,6368,-481,145,-50,0
817.6196250915527,8856,6644,11148,-236,-159,180,7660,-9348,9984,16,147,-166,-13784,4100,5664,-1017,161,-137,-13984,-4868,6508,-493,158,-73,0
817.65460896492,8800,6596,11084,-248,-142,157,7468,-9420,10276,47,148,-210,-13872,4128,5748,-1279,123,-93,-13908,-4948,6516,-457,188,-98,0
817.6902260780334,8808,6596,11024,-207,-145,171,7560,-9432,10028,31,90,-191,-13904,4080,5816,-1273,161,-91,-13956,-5092,6180,-467,207,-54,0
817.7250411510468,9160,6592,11096,-210,-192,141,7572,-9448,10024,3,134,-511,-13796,4148,5472,-950,184,-151,-14116,-4876,6368,-478,238,-28,0
817.7608110904694,8904,6532,11104,-243,-200,138,7624,-9364,10084,38,113,-230,-13952,4252,5588,-1033,180,-145,-14028,-4852,6396,-461,181,-64,0
817.7971971035004,8860,6568,11128,-219,-179,184,7628,-9348,10172,40,101,-199,-13828,4208,5524,-1019,168,-78,-13880,-4884,6424,-440,129,-77,0
817.8324639797211,8908,6616,11008,-234,-129,186,7576,-9416,10128,23,99,-197,-13696,4116,5632,-1006,169,-89,-13876,-4832,6296,-497,151,-45,0
817.8681149482727,8764,6604,10820,-219,-190,166,7576,-9412,10220,4,90,-208,-13728,4328,5804,-1042,151,-143,-13984,-4836,6356,-767,205,-62,0
817.903813123703,8864,6500,11172,-179,-192,140,7512,-9340,10304,42,90,-236,-13912,4120,5508,-1270,214,-160,-13976,-4936,6432,-490,218,-43,0
817.9403440952301,8844,6508,10968,-180,-216,189,7564,-9360,10100,-4,63,-258,-13584,4136,5736,-1045,196,-182,-13968,-4924,6364,-503,217,-56,0
817.9765639305115,8836,6520,11196,-170,-508,148,7672,-9288,10076,-4,31,-261,-13832,4272,5640,-1022,200,-169,-13908,-4820,6364,-483,218,-37,0
818.0100219249725,9036,6584,10844,-173,-195,169,7548,-9412,10284,16,64,-257,-13868,4048,5724,-1020,171,-136,-13956,-5100,6640,-513,8,-64,0
818.0437121391296,8936,6444,11072,-158,-230,127,7640,-9416,10164,-11,98,-510,-13872,4136,5424,-777,199,-119,-14044,-5016,6380,-496,233,-49,0
818.0774719715118,8880,6548,11184,-158,-200,160,7536,-9356,10104,-19,116,-231,-13832,4068,5688,-1018,213,-142,-13984,-4776,6212,-483,189,-64,0
818.111072063446,8984,6540,11100,-168,-208,154,7604,-9252,10084,-20,95,-226,-13768,4012,5376,-992,188,-154,-14036,-4892,6160,-493,187,-82,0
818.144170999527,8728,6436,11076,-152,-174,131,7648,-9260,10064,-51,128,-215,-13920,4060,5548,-1011,151,-129,-14048,-5056,6580,-509,179,-93,0
818.1801660060883,9000,6536,11072,-155,-139,141,7436,-9292,10120,-24,98,-209,-13892,3952,5524,-1015,129,-132,-14072,-4880,6352,-500,170,-104,0
818.2141630649567,9028,6540,11140,-118,-141,118,7552,-9344,10240,-25,100,-224,-13872,4076,5416,-986,129,-90,-14036,-4716,6212,-491,177,-104,0
818.2476329803467,8920,6472,11032,-168,-160,148,7500,-9256,10172,8,94,-239,-13824,3996,5476,-1027,158,-91,-13976,-5092,6644,-492,205,-82,0
818.2811629772186,9152,6584,11044,-185,-153,139,7580,-9308,10056,-5,81,-235,-13748,4052,5588,-1022,206,-125,-14016,-4888,6416,-475,208,-42,0
818.3147349357605,9144,6588,11160,-135,-178,168,7680,-9388,10440,-36,45,-245,-13804,4080,5472,-1020,190,-134,-13968,-4740,6352,-489,227,-40,0
818.3478801250458,9052,6408,11140,-151,-171,164,7656,-9352,10176,-254,55,-231,-14072,4064,5408,-1037,157,-125,-13956,-4844,6492,-497,228,-88,0
818.3812911510468,8932,6572,11072,-137,-168,145,7696,-9320,10204,-256,127,-217,-13712,4096,5852,-771,182,-105,-13984,-4964,6496,-475,203,-67,0
818.414715051651,8868,6584,11112,-131,-165,169,7608,-9288,10220,-43,69,-221,-13872,3984,5424,-1007,199,-140,-14036,-4840,6340,-486,234,-75,0
818.4482951164246,8884,6444,11056,-178,-180,144,7764,-9336,10040,-28,70,-13,-13912,4132,5548,-936,183,-174,-13836,-4728,6212,-479,231,-59,0
818.4818060398102,9016,6528,10952,-136,-150,142,7708,-9220,10412,-7,121,-219,-13944,4004,5600,-1011,167,-156,-14116,-4636,6352,-476,172,-93,0
818.5154039859772,9044,6492,10984,-130,-105,109,7708,-9304,10260,-42,191,-231,-13980,4072,5620,-987,158,-113,-14068,-4664,6384,-498,180,-72,0
818.5488729476929,9064,6604,11008,-138,-148,149,7748,-9380,10212,-7,116,-18,-13936,3952,5596,-998,160,-129,-14100,-4848,6296,-465,203,-123,0
818.5823979377747,9080,6184,11060,-112,-175,117,7880,-9388,10108,-24,130,-255,-13812,4056,5384,-1005,170,-159,-14128,-4756,6320,-485,238,-74,0
818.615837097168,8764,6608,11156,-149,-203,118,7628,-9340,9996,-12,68,-270,-13876,3976,5404,-1073,218,-206,-13956,-4752,6296,-460,305,-55,0
818.6492681503296,8904,6468,10756,-127,-204,143,7752,-9228,10016,3,59,-274,-13828,3984,5428,-1036,192,-174,-14004,-4800,6324,-497,7,-74,0
818.6829390525818,9116,6512,11116,-136,-230,162,7584,-9288,10164,252,92,-283,-13976,3992,5376,-963,182,-135,-14056,-4860,6320,-483,219,-56,0
818.7166841030121,9088,6492,11240,-154,-183,150,7856,-9272,10000,-51,87,-205,-13936,4056,5528,-1004,177,-89,-14128,-4760,6144,-495,187,-72,0
818.7500700950623,9044,6524,11036,-196,-168,120,7732,-9280,10184,-6,118,-190,-13976,4104,5484,-1010,144,-89,-14132,-4872,6356,-476,151,-49,0
818.7836639881134,9072,6508,11256,-204,-165,164,7652,-9280,10140,24,115,-167,-13876,3992,5748,-990,150,-100,-14056,-4864,6344,-477,119,-67,0
818.8173069953918,9028,6584,11032,-219,-190,136,7668,-9320,10224,-17,95,-205,-13916,3940,5480,-973,171,-97,-13980,-4856,6280,-486,138,-102,0
818.8507750034332,9036,6468,11012,-223,-176,154,7724,-9188,10212,-14,123,-176,-13832,3900,5384,-991,122,-85,-14000,-4824,6328,-494,136,-88,0
818.8838019371033,8980,6424,10844,-169,-139,132,7660,-9312,10016,-37,150,-205,-13852,3936,5468,-987,117,-86,-13956,-4764,6304,-505,184,-101,0
818.9175951480865,9188,6156,11184,-99,-87,113,7652,-9264,9888,-40,94,-216,-13728,3960,5160,-1023,133,-76,-13916,-4632,6264,-539,168,-173,0
818.9512040615082,9196,6360,10916,-114,-244,57,7776,-9188,10040,-91,147,-161,-13844,4088,5448,-993,120,-48,-14156,-4624,6208,-508,112,-151,0
818.984218120575,9096,6160,11072,-194,84,66,7796,-9244,10164,-33,200,-118,-13960,4032,5444,-992,71,-41,-14180,-4756,6340,-504,85,-185,0
819.0217311382294,9452,6536,11156,-184,30,70,7760,-9508,10220,10,209,-55,-13984,4088,5424,-1034,16,-2,-14224,-4840,6400,-473,59,-189,0
819.0577659606934,9136,6532,11040,-127,67,44,7784,-9308,10204,-57,194,-122,-13940,4024,5504,-998,11,-18,-13988,-4760,6156,-472,93,-216,0
819.0928819179535,9084,6524,11112,-70,45,50,7660,-9256,10076,-54,207,-144,-13876,3884,5608,-1012,249,-24,-13988,-4752,6380,-524,125,-188,0
819.1281599998474,9124,6516,11032,-119,-249,7,7508,-9316,10240,-72,220,-151,-14052,4108,5636,-945,39,-70,-14024,-4784,6368,-485,101,-211,0
819.1634550094604,9000,6500,11072,-113,55,46,7576,-9256,10124,-85,240,-122,-13776,4080,5548,-962,-4,-51,-13976,-4816,6608,-524,55,-187,0
819.199471950531,9016,6568,11080,-99,72,60,7564,-9344,10164,-75,215,-92,-13588,4124,5512,-948,-20,27,-13840,-4904,6304,-533,55,-186,0
819.2349219322205,8944,6492,11256,-131,73,66,7556,-9328,10268,-69,173,-109,-13816,4096,5628,-947,52,-30,-14028,-4628,6176,-518,88,-168,0
819.2704989910126,8948,6548,11192,-106,49,78,7692,-9356,10184,-115,171,-123,-13904,4032,5536,-912,65,13,-14068,-4848,6588,-547,88,-125,0
819.3059380054474,9008,6500,11132,-59,42,74,7812,-9300,9996,-121,143,-145,-13920,4112,5404,-931,75,-56,-13972,-4816,6392,-553,129,-162,0
819.3417501449585,8976,6496,11104,-64,-18,97,7680,-9372,9912,-86,183,-160,-13824,3992,5524,-1005,50,-54,-13948,-4828,6364,-582,156,-205,0
819.3774099349976,8912,6572,11156,-56,-49,65,7744,-9264,10116,-43,207,-165,-13844,4220,5444,-971,45,-82,-13988,-4952,6424,-518,149,-186,0
819.412141084671,8904,6572,11088,-114,-27,29,7744,-9412,10152,-61,182,-148,-13912,4152,5624,-931,56,-114,-13852,-5048,6192,-764,128,-196,0
819.4484989643097,8768,6508,11148,-100,15,41,7616,-9324,10160,-30,232,-138,-13896,4080,5552,-897,-28,-12,-14096,-5108,6416,-508,87,-193,0
819.483964920044,8956,6540,11104,-100,38,72,7616,-9432,10168,-96,162,-94,-13716,4164,5176,-963,39,-5,-14008,-4612,6444,-520,92,-157,0
819.5190019607544,8904,6500,11236,-88,58,84,7476,-9380,10104,-108,152,-102,-13720,4328,5548,-973,66,246,-13920,-4624,6324,-508,86,-115,0
819.5550329685211,8856,6572,11096,-122,17,101,7572,-9368,10124,-74,163,-115,-13876,4172,5592,-957,29,-244,-13996,-5000,6248,-530,71,-131,0
819.5907700061798,8892,6452,11080,-104,29,80,7648,-9388,10140,-88,151,-127,-13916,4100,5476,-931,1,-46,-13964,-4972,6624,-520,94,-160,0
819.6258690357208,8780,6544,11388,-107,24,56,7580,-9308,10132,-72,187,-149,-13716,4232,5560,-933,-16,-68,-13856,-4876,6392,-758,144,-173,0
819.662281036377,8836,6532,10984,-80,22,52,7528,-9368,10260,-82,211,-147,-13728,4052,5560,-950,40,-78,-14068,-4912,6324,-508,148,-194,0
819.695867061615,8832,6712,11156,-124,-3,71,7556,-9380,10188,-68,145,-169,-13944,4116,5468,-959,65,-31,-13992,-4888,6388,-521,120,-148,0
819.7295579910278,8880,6556,11008,-108,-22,51,7860,-9400,10004,-22,119,-138,-13844,4160,5656,-995,55,-4,-14068,-4840,6392,-522,133,-161,0
819.7631149291992,8884,6604,11080,-150,-4,90,7672,-9384,10000,-39,164,-129,-13896,4128,5476,-997,45,-37,-13988,-4992,6408,-763,105,-143,0
819.7969069480896,8804,6580,11140,-81,249,100,7656,-9312,10164,-60,160,-115,-14052,3840,5580,-963,27,-23,-14080,-4876,6456,-766,33,-147,0
819.8301930427551,8736,6564,11192,-116,15,97,7540,-9416,10044,-37,99,-101,-13884,4128,5644,-985,59,-60,-13880,-4824,6436,-507,107,-165,0
819.8635210990906,8944,6628,11180,-119,34,103,7640,-9404,10152,-21,177,-138,-13900,4148,5508,-1010,64,-50,-14040,-4944,6404,-495,84,-157,0
819.8990299701691,8816,6560,11140,-89,17,81,7692,-9392,10104,253,212,-125,-14080,4272,5788,-770,51,-40,-14048,-4808,6524,-476,55,-158,0
819.9325840473175,8824,6604,11084,-124,20,75,7656,-9436,10184,-59,164,-90,-14004,4252,5448,-1016,50,-48,-13992,-4972,6440,-527,64,-138,0
819.9662520885468,8844,6584,11056,-89,-31,88,7596,-9364,10236,-38,186,-143,-14048,4156,5824,-982,38,-55,-14012,-4872,6380,-509,100,-186,0
819.9999680519104,8844,6568,11172,-118,-7,67,7620,-9360,10160,-41,167,-141,-13864,4088,5528,-980,43,-78,-13868,-4940,6636,-508,117,-153,0
820.0334920883179,8936,6516,11192,-137,-72,103,7552,-9336,10152,-21,200,-174,-13740,4236,5420,-1044,102,-37,-13932,-4852,6416,-497,131,-153,0
820.0671710968018,8704,6584,11004,-89,16,110,7576,-9432,10156,-67,157,-174,-13896,4216,5656,-990,89,-65,-14028,-4940,6480,-487,119,-145,0
820.1007509231567,8700,6472,11084,-109,-74,77,7684,-9444,10212,-52,149,-156,-13836,4128,5708,-970,96,-43,-13956,-5004,6336,-765,109,-126,0
820.1341300010681,8808,6584,11168,-114,-10,98,7624,-9392,10216,-47,166,-171,-13820,4220,5812,-1002,75,-105,-13968,-4844,6340,-258,139,-147,0
820.1676080226898,8784,6504,11224,-126,-31,66,7572,-9676,10184,-17,169,-167,-13892,4204,5676,-996,52,-108,-13872,-4920,6448,-512,152,-138,0
820.2011530399323,8728,6596,11104,-99,-57,96,7508,-9292,10160,14,138,-158,-13748,4188,5664,-925,38,-70,-13864,-4956,6552,-515,143,-142,0
820.2344090938568,8876,6620,11084,-75,-59,79,7608,-9316,10120,-73,129,-172,-13760,4120,5412,-1002,93,-38,-14004,-4944,6200,-501,73,-156,0
820.2680659294128,8960,6584,11144,-75,-25,53,7620,-9444,10112,-49,150,-153,-13836,4276,5612,-949,24,-25,-14044,-4896,6368,-501,118,-192,0
820.3017570972443,8864,6588,11224,-112,-44,87,7568,-9252,10196,-10,150,-141,-13796,4172,5504,-1026,65,-77,-14052,-4992,6532,-481,147,-140,0
820.335452079773,8748,6632,11208,-75,-5,82,7532,-9436,9996,-3,183,-222,-13772,4212,5760,-996,78,-79,-13904,-4980,6464,-520,132,-148,0
820.369010925293,8928,6400,11160,-114,-93,95,7564,-9404,10208,-72,162,-172,-13776,4236,5704,-956,49,-70,-13900,-5008,6464,-519,158,-132,0
820.4022960662842,8740,6676,11244,-111,-62,109,7620,-9712,10228,-52,109,-155,-13800,4152,5656,-1016,105,-62,-13964,-5076,6516,-509,115,-119,0
820.4355731010437,8880,6568,11448,-102,-25,124,7592,-9436,9992,-22,133,-121,-13572,4192,5444,-1277,109,-74,-13948,-4888,6544,-534,112,-128,0
820.4695460796356,8808,6864,11132,-110,-43,82,7680,-9340,10160,-37,122,-139,-13792,4296,5856,-1013,55,-23,-13824,-5128,6568,-764,97,-160,0
820.5029511451721,8712,6860,11316,-134,-48,66,7536,-9232,10044,-45,165,-137,-13772,4156,5568,-997,50,-80,-13964,-5024,6516,-509,127,-123,0
820.5364530086517,8784,6428,11172,-108,-22,102,7428,-9376,10120,-48,124,-125,-13812,4220,5668,-1034,31,-66,-14056,-4912,6392,-523,107,-124,0
820.569983959198,8480,6620,11212,-106,-67,109,7516,-9384,10132,-66,81,-141,-13700,4136,5900,-979,96,-56,-13928,-5068,6480,-515,112,-89,0
820.603707075119,8952,6696,11076,-142,-87,126,7528,-9400,10104,-30,118,-167,-13672,4140,5748,-1019,132,-65,-13888,-4872,6316,-535,168,-125,0
820.6373739242554,8764,6592,11220,-155,-82,132,7552,-9396,10196,-27,122,-160,-13744,4200,5752,-1038,115,-65,-13988,-4980,6464,-756,149,-115,0
820.6733090877533,8884,6592,11516,-117,-27,109,7516,-9428,10112,-30,153,-172,-13788,4244,5664,-999,120,-84,-13920,-4944,6408,-496,140,-146,0
820.7085931301117,8692,6620,11072,-108,-73,91,7612,-9512,10056,-23,150,-192,-13884,4112,5652,-986,75,-100,-13592,-4988,6444,-505,173,-152,0
820.7441189289093,8736,6584,11228,-128,-58,74,7492,-9408,10284,-31,179,-176,-13888,4172,5608,-987,70,-86,-13976,-4960,6544,-481,171,-143,0
820.7798080444336,8708,6836,11228,-130,-52,81,7508,-9452,10108,-40,143,-204,-13868,4140,5740,-985,78,-112,-13956,-4956,6396,-476,149,-157,0
820.8150930404663,8880,6664,11272,-135,-38,102,7528,-9432,10216,-23,198,-240,-13816,4124,5416,-994,81,-103,-13892,-4884,6644,-487,149,-147,0
820.8508400917053,8660,6408,11104,-118,-64,81,7532,-9408,10056,-16,130,-180,-13732,4124,5700,-999,92,-74,-14008,-4900,6356,-763,163,-141,0
820.8857009410858,8768,6728,11280,-126,-69,130,7612,-9456,10204,-57,125,-186,-13720,4196,5640,-774,113,-99,-13944,-4912,6508,-503,164,-119,0
820.9217839241028,8880,6872,11060,-125,-31,112,7540,-9472,10412,-18,140,-172,-13796,4188,5728,-1005,107,-37,-13904,-5008,6388,-522,142,-91,0
820.9578790664673,8744,6904,10772,-115,-64,123,7660,-9384,10228,-21,138,-185,-13824,4172,5716,-955,53,-70,-13924,-4980,6420,-481,156,-147,0
820.9933760166168,8720,6416,11132,-124,-69,122,7524,-9228,10052,-56,131,-191,-13680,4216,5484,-1018,111,-109,-13924,-4616,6512,-495,137,-137,0
821.0288181304932,8784,6428,11192,-111,-64,124,7536,-9432,10156,-64,122,-110,-13700,4108,5568,-966,133,-87,-13592,-4960,6540,-498,138,-120,0
821.063971042633,8712,6584,11188,-133,-39,114,7508,-9400,10084,-17,133,-177,-13608,4232,5624,-1006,102,-90,-14000,-4944,6460,-485,141,-99,0
821.0999341011047,8828,6844,11060,-119,-75,129,7548,-9436,10128,-43,135,-215,-13872,4236,5396,-1028,97,-60,-13972,-4860,6504,-488,170,-115,0
821.1347780227661,8872,6400,11112,-140,-82,109,7476,-9404,10120,-34,123,-172,-13728,4204,5728,-922,77,-75,-13896,-4956,6268,-491,149,-117,0
821.170243024826,8852,6588,11144,-130,-78,116,7512,-9472,10024,-48,143,-171,-13852,4144,5620,-1017,98,-109,-13896,-4908,6472,-481,153,-88,0
821.2051200866699,8724,6648,11288,-164,-87,107,7572,-9424,10456,-10,138,-161,-13824,4172,5524,-1019,111,-96,-13856,-5012,6540,-473,164,-122,0
821.2405729293823,8796,6568,11048,-174,-82,128,7456,-9404,10220,-9,131,-192,-13744,4144,5708,-1002,97,-120,-13928,-5112,6564,-508,157,-124,0
821.2754571437836,8884,6892,11180,-150,-133,116,7500,-9492,10168,7,144,-186,-13964,4252,5860,-1004,116,-118,-13984,-5032,6516,-507,227,-103,0
821.3107190132141,8800,6680,11236,-148,-147,122,7584,-9416,10148,-32,132,-243,-13792,4160,5696,-1006,149,-107,-13976,-5012,6372,-460,204,-70,0
821.3463730812073,8656,6744,10996,-180,-122,135,7508,-9376,10172,-35,120,-238,-13708,4144,5656,-976,144,-116,-13988,-4984,6396,-465,177,-91,0
821.3798489570618,8796,6648,11208,-161,-137,93,7640,-9676,10104,-50,146,-181,-13980,4172,5740,-982,101,-97,-13988,-4832,6480,-499,148,-128,0
821.4130301475525,8708,6612,11184,-221,-121,120,7564,-9420,10136,14,159,-156,-13812,4116,5636,-1046,94,-88,-13916,-5040,6484,-462,185,-113,0
821.4466960430145,8916,6688,11104,-166,-133,128,7524,-9308,10272,-251,149,-165,-13852,4140,5872,-1004,161,-88,-14052,-5004,6472,-479,140,-61,0
821.4801621437073,8828,6712,11124,-169,-125,128,7592,-9692,10460,-53,124,-215,-13800,4232,5708,-973,185,-96,-13968,-4896,6456,-501,195,-68,0
821.5136649608612,8772,6408,11232,-188,-143,163,7540,-9456,10064,-16,133,-227,-14076,4192,5700,-1022,157,-140,-14076,-4800,6424,-493,223,-64,0
821.5472650527954,8828,6636,11096,-183,-148,154,7532,-9324,10268,27,132,-200,-13744,4208,5496,-1015,138,-134,-13920,-5016,6576,-485,146,-98,0
821.5809109210968,8680,6760,11192,-188,-113,131,7524,-9452,10236,-11,139,-168,-13812,4168,5612,-983,163,-131,-13924,-4912,6496,-445,109,-95,0
821.6144170761108,8776,6648,11296,-199,-127,127,7520,-9520,10224,-54,173,-195,-13724,4092,5768,-1016,107,-75,-13952,-4904,6496,-439,161,-80,0
821.6477489471436,8660,6544,11136,-187,-156,120,7472,-9388,10208,23,145,-212,-13572,4108,5804,-1026,127,-91,-14060,-4916,6496,-479,187,-98,0
821.6812670230865,8744,6616,11104,-209,-152,161,7508,-9408,10260,27,130,-234,-13712,4180,5524,-774,172,-135,-13876,-4996,6532,-763,186,-88,0
821.7145791053772,8740,6560,11128,-152,-157,155,7428,-9384,10100,-16,79,-234,-13680,4020,5836,-1038,156,-148,-13824,-4964,6456,-477,197,-77,0
821.7481739521027,8812,6580,11172,-184,-168,136,7548,-9456,10488,3,97,-238,-13700,4208,5668,-1000,136,-122,-14064,-4868,6440,-486,181,-61,0
821.7818901538849,8880,6556,11208,-187,-145,136,7924,-9356,10132,10,123,-206,-13780,4060,5536,-1048,147,-105,-13948,-4732,6572,-497,173,-115,0
821.8155040740967,8808,6712,11064,-153,-150,147,7724,-9312,10100,250,149,-209,-13752,4288,5596,-1032,123,-87,-13968,-4928,6384,-477,163,-76,0
821.849219083786,8840,6628,11052,-159,-140,140,7512,-9360,9996,-23,130,-207,-13700,4104,5648,-1003,134,-107,-13960,-4916,6444,-489,176,-100,0
821.8826870918274,8888,6556,11052,-191,-163,131,7556,-9472,10140,-10,150,-224,-13936,4004,5504,-1280,119,-131,-13844,-4988,6324,-461,188,-97,0
821.9159920215607,8824,6592,11164,-179,-137,110,7728,-9440,10228,-9,193,-202,-13820,4264,5504,-988,130,-123,-13916,-4912,6384,-480,152,-102,0
821.9497089385986,8828,6620,11236,-193,-129,136,7652,-9472,10388,1,97,-199,-13804,4212,5620,-1016,127,-102,-13896,-5044,6492,-494,165,-76,0
821.9833059310913,8860,6556,11224,-169,-137,128,7580,-9600,10164,-254,69,-223,-13624,4160,5652,-1045,138,-98,-13920,-4672,6560,-491,152,-78,0
822.0169479846954,8792,6636,11080,-140,-119,128,7568,-9492,10332,22,66,-183,-13696,4192,5872,-1042,176,-91,-13980,-4884,6632,-516,188,-78,0
822.0504910945892,8784,6616,11300,-148,-138,160,7524,-9376,10224,-16,106,-188,-13736,4052,5868,-1082,192,-75,-14008,-4912,6492,-492,176,-94,0
822.0841779708862,8812,6644,11100,-154,-124,129,7628,-9372,10112,-255,106,-203,-13584,4168,5676,-1044,116,-112,-13956,-4964,6400,-762,150,-87,0
822.1176459789276,8920,6584,11144,-121,-117,134,7652,-9376,10104,-61,117,-179,-13884,4160,5524,-1062,136,-65,-13956,-5120,6184,-551,103,-133,0
822.150810956955,8924,6548,11072,-113,-47,112,7444,-9300,10144,-17,105,-159,-13856,4116,5804,-1092,89,-8,-13964,-4940,6360,-489,129,-165,0
822.184319972992,8796,6588,11152,-136,-24,86,7568,-9344,10364,11,160,-150,-13740,4336,5760,-775,103,-42,-14020,-4884,6480,-518,108,-173,0
822.2179460525513,8900,6632,11160,-98,-17,56,7676,-9444,10140,-65,139,-160,-13824,4052,5484,-1011,100,-104,-13956,-4980,6372,-502,157,-149,0
822.2514300346375,8744,6536,10988,-150,-46,74,7596,-9460,10068,-38,127,-182,-13960,4204,5520,-979,94,-119,-13984,-4944,6500,-484,155,-116,0
822.2849860191345,8848,6520,11160,-118,-26,98,7596,-9268,10060,-38,121,-144,-13868,3856,5780,-993,82,-45,-13940,-4924,6508,-499,139,-144,0
822.3185441493988,8832,6516,11196,-132,-37,105,7540,-9376,10016,-52,134,-156,-13860,4304,5652,-985,83,-6,-13844,-5016,6620,-493,95,-144,0
822.3544170856476,8916,6584,11116,-153,-16,78,7536,-9420,10012,-40,156,-169,-14080,4120,5656,-980,61,-78,-13668,-4956,6416,-499,149,-145,0
822.3902289867401,8828,6572,11136,-86,-27,60,7572,-9368,10056,-39,157,-164,-13760,4120,5704,-978,28,-47,-13980,-5036,6484,-515,138,-140,0
822.425537109375,8516,6400,11008,-114,-28,102,7428,-9436,10116,-33,149,-174,-13752,4156,5648,-962,56,-59,-13904,-4960,6424,-508,162,-129,0
822.4613299369812,8776,6632,11192,-115,-65,96,7608,-9384,10064,-54,99,-202,-13776,4148,5648,-965,95,-64,-13832,-4928,6456,-492,188,-137,0
822.4961750507355,8800,6576,11312,-119,-111,89,7604,-9400,10108,-42,121,-182,-13744,4344,5840,-899,89,-91,-14008,-5120,6208,-509,154,-132,0
822.5316960811615,8932,6400,11052,-124,-43,90,7544,-9368,10296,-69,126,-195,-13832,3912,5608,-957,100,-68,-13940,-4964,6424,-501,135,-139,0
822.5678119659424,8856,6640,11132,-121,-57,93,7544,-9244,10244,-36,172,-165,-13836,4164,5576,-966,76,-23,-14016,-4904,6316,-511,157,-129,0
822.6034979820251,8892,6608,10816,-107,-21,107,7596,-9300,10100,-61,157,-147,-13812,4112,5760,-997,86,-76,-13896,-4892,6376,-501,141,-133,0
822.6388220787048,8808,6604,11368,-140,-94,72,7600,-9356,10048,-47,172,-164,-13880,4064,5652,-988,82,-49,-13876,-5120,6460,-472,154,-138,0
822.6739399433136,8724,6636,11104,-151,-65,102,7544,-9440,10084,-26,154,-167,-13732,4148,5872,-949,42,-103,-14000,-4932,6416,-480,178,-118,0
822.7101471424103,8820,6852,11044,-116,-78,79,7596,-9468,10184,-26,140,-157,-13828,4252,5576,-1004,57,-67,-13976,-4908,6632,-483,152,-151,0
822.74529504776,8800,6628,11196,-140,-63,87,7516,-9468,10108,-43,139,-191,-13808,4248,5384,-990,81,-69,-13932,-4784,6512,-531,149,-158,0
822.7808010578156,8848,6520,11484,-102,-74,98,7452,-9420,10280,-53,120,-192,-13676,4172,5880,-1004,80,-97,-13880,-4928,6552,-259,177,-119,0
822.8162181377411,8804,6740,11144,-118,-61,98,7572,-9420,9992,-41,125,-180,-13744,4064,5592,-986,104,-81,-13896,-4956,6432,-504,153,-139,0
822.8520431518555,8872,6580,10992,-100,-87,108,7480,-9420,10220,-55,127,-184,-13800,4120,5516,-984,84,-124,-13996,-4920,6592,-544,125,-107,0
822.8878800868988,8856,6576,11136,-108,-56,96,7516,-9456,10112,-20,152,-150,-13736,4148,5572,-1016,85,-29,-14008,-4932,6508,-518,165,-134,0
822.9229199886322,8808,6596,11044,-130,-30,126,7596,-9404,10112,-244,132,-168,-14048,4060,5872,-1015,102,-59,-13948,-5088,6428,-517,89,-140,0
822.9584529399872,8780,6820,11080,-94,-85,93,7668,-9428,10220,-79,156,-166,-14056,4224,5560,-1276,52,-79,-13632,-4980,6404,-761,173,-160,0
822.9949080944061,8952,6564,11120,-128,-67,79,7584,-9360,10164,-26,113,-174,-13760,4164,5716,-992,84,-94,-13860,-4776,6516,-481,140,-113,0
823.0285310745239,8724,6628,11236,-114,-63,110,7516,-9316,10136,-23,155,-171,-13732,4060,5556,-1021,86,-59,-13956,-5016,6604,-494,118,-153,0
823.0619850158691,8724,6616,11040,-131,-53,109,7612,-9400,10132,-12,145,-157,-13784,4324,5656,-770,101,-77,-13916,-5016,6328,-493,98,-118,0
823.0954990386963,8640,6656,11188,-150,-55,96,7564,-9560,10448,-77,131,-156,-13988,4204,5824,-996,68,-48,-13992,-4948,6536,-483,121,-126,0
823.1291160583496,8752,6656,11116,-120,-64,100,7524,-9440,10156,-34,148,-157,-13724,4144,5728,-1003,84,-58,-13960,-4980,6468,-261,132,-128,0
823.1623139381409,8776,6600,11428,-115,-89,100,7644,-9444,10160,-29,110,-186,-13752,4132,5860,-1003,118,-132,-13940,-4912,6408,-767,158,-125,0
824.3758940696716,8840,6612,11188,-195,-192,159,7576,-9432,10248,-17,138,-177,-13804,4224,5572,-984,118,-79,-14072,-4964,6348,-473,192,-78,0
824.4116530418396,8908,6556,11156,-181,-148,155,7504,-9348,10160,-15,145,-199,-13820,4240,5872,-1001,154,-107,-13892,-5044,6600,-486,135,-82,0
824.4476969242096,8780,6592,10752,-173,-96,139,7524,-9316,10124,13,131,-185,-13792,4228,5640,-1276,138,-61,-13904,-4916,6244,-483,220,-102,0
824.4828879833221,8764,6564,11140,-190,-132,145,7604,-9448,10032,-7,119,-199,-13764,4108,5416,-1015,106,-120,-13928,-4976,6444,-477,176,-109,0
824.517655134201,8792,6876,11144,-191,-151,122,7640,-9420,10104,-29,172,-204,-13572,4244,5704,-993,100,-83,-14032,-4872,6500,-509,127,-116,0
824.5534269809723,8956,6524,11196,-197,-129,114,7528,-9396,10212,-17,138,-186,-13760,4120,5680,-994,110,-101,-13968,-4640,6580,-491,174,-86,0
824.5893449783325,8844,6508,11012,-139,-102,123,7608,-9276,10008,-13,112,-206,-13720,4108,5716,-1013,148,-87,-14028,-4960,6584,-487,173,-87,0
824.6244399547577,8872,6544,11124,-169,-139,141,7608,-9360,10212,-256,78,-199,-13800,4316,5880,-1014,137,-55,-13924,-4832,6460,-492,171,-98,0
824.6606869697571,8760,6532,11056,-164,-124,122,7496,-9444,10352,-31,83,-192,-13820,4180,5596,-994,137,-69,-13952,-4880,6560,-499,153,-149,0
824.6968131065369,8564,6532,11116,-163,-88,82,7528,-9260,10124,-30,138,-195,-13576,4124,5492,-1009,110,-105,-13868,-4624,6372,-499,136,-114,0
824.7302870750427,8808,6468,11108,-104,-81,87,7640,-9308,10000,-23,142,-177,-13828,4168,5476,-1003,32,-78,-14324,-4916,6452,-494,106,-139,0
824.7638239860535,8880,6528,11028,-133,-79,72,7548,-9472,10156,-32,140,-161,-14076,4332,5416,-1045,50,-68,-13968,-4928,6516,-502,124,-163,0
824.7974669933319,8748,6624,11048,-144,-4,105,7568,-9268,10244,15,142,-164,-13908,4112,5728,-1007,81,-56,-13904,-4676,6644,-497,103,-134,0
824.8307061195374,8736,6708,11212,-112,-56,97,7580,-9280,10104,-89,158,-163,-13804,4204,5628,-1018,73,-24,-13940,-4984,6444,-478,121,-127,0
824.8639271259308,8820,6576,11168,-132,-52,105,7524,-9420,10116,-36,85,-189,-13780,4148,5680,-988,131,-121,-14000,-4912,6384,-527,185,-116,0
824.8973290920258,8856,6560,11008,-123,-91,116,7568,-9344,10096,-34,103,-158,-13748,4164,5832,-1016,88,-74,-13920,-5060,6308,-515,142,-128,0
824.9305880069733,8756,6576,10984,-105,-44,88,7644,-9348,10252,-52,94,-147,-14008,4132,5708,-1037,84,-40,-13936,-5032,6564,-494,110,-145,0
824.9642291069031,8744,6904,11388,-135,-10,80,7604,-9304,10476,-64,137,-155,-13800,4132,5708,-984,65,-27,-13884,-5000,6588,-504,123,-160,0
824.9977259635925,8804,6632,11260,-136,-80,84,7536,-9392,10384,-46,177,-144,-13732,4076,5528,-988,42,-72,-13896,-4868,6332,-538,146,-144,0
825.0312280654907,8792,6640,11340,-115,-19,116,7524,-9340,10168,-37,111,-156,-13764,4100,5836,-991,91,-99,-13932,-4908,6344,-509,148,-149,0
825.0645401477814,8784,6636,11192,-88,-57,78,7524,-9396,10152,-58,153,-183,-13756,3896,5428,-992,76,-71,-13848,-4988,6516,-481,170,-114,0
825.0980310440063,8756,6768,11104,-156,-74,84,7576,-9432,10016,-29,118,-176,-13712,4124,5540,-1012,79,-50,-13960,-4984,6412,-502,173,-108,0
825.1314921379089,8764,6572,11064,-105,-68,90,7496,-9404,10188,-41,113,-191,-13772,4172,5428,-999,98,-81,-13916,-5004,6460,-534,155,-154,0
825.1650390625,8804,6592,11180,-98,-41,121,7536,-9460,10184,-42,105,-180,-13692,4136,5664,-1003,109,-115,-13952,-4940,6512,-504,139,-164,0
825.1985011100769,8764,6636,11132,-93,-44,80,7552,-9404,10188,-123,168,-163,-13768,4204,5432,-984,95,-79,-13948,-5004,6472,-522,135,-134,0
825.2320039272308,8832,6640,11156,-131,-73,78,7628,-9388,10180,-68,153,-180,-13756,4160,5644,-992,56,-49,-13972,-4884,6416,-760,122,-187,0
825.2652649879456,8924,6484,11188,-101,-56,82,7468,-9456,10164,-18,142,-142,-13804,4160,5712,-1008,62,-88,-13884,-4856,6456,-525,131,-156,0
825.2987289428711,8816,6400,11100,-115,-49,86,7548,-9308,10244,-17,149,-183,-13796,4180,5532,-982,79,-80,-13880,-4984,6460,-488,159,-133,0
825.3324229717255,8784,6616,11064,-120,-69,68,7572,-9324,10108,-45,120,-175,-13712,3916,5636,-988,102,-95,-13896,-4972,6452,-475,161,-109,0
825.3660509586334,8840,6600,11108,-147,-84,105,7608,-9356,10336,-78,109,-190,-13864,4144,5488,-986,99,-88,-13900,-4956,6640,-497,157,-104,0
825.3997271060944,8844,6564,11252,-123,-64,83,7576,-9280,10460,-45,103,-144,-13780,4196,5664,-770,98,-125,-13996,-4824,6440,-525,163,-139,0
825.4333281517029,8944,6612,11496,-156,-86,126,7536,-9296,10384,-70,88,-126,-13696,4164,5556,-1056,92,-84,-13924,-5036,6432,-518,140,-143,0
825.4669110774994,8800,6752,11040,-102,-38,109,7604,-9404,10140,-61,133,-161,-13772,4032,5692,-1014,61,-45,-13916,-5016,6156,-504,135,-135,0
825.4997589588165,8748,6712,11156,-106,-21,74,7556,-9396,10492,-68,145,-181,-13784,4104,5544,-897,68,-81,-13948,-4884,6408,-495,152,-158,0
825.5335891246796,8892,6512,11040,-132,-11,64,7580,-9384,10224,-46,123,-180,-13780,4124,5780,-997,70,-125,-13956,-4924,6420,-492,129,-148,0
825.5672209262848,8796,6728,11104,-103,-42,83,7624,-9304,10236,-10,144,-160,-13712,4172,5472,-922,43,-31,-13944,-5032,6528,-484,101,-133,0
825.6006810665131,8744,6624,10860,-127,-59,95,7504,-9356,10112,-105,143,-164,-13912,4156,5432,-978,58,-40,-13956,-4928,6644,-504,104,-152,0
825.6340501308441,8920,6608,11028,-126,-48,101,7512,-9456,10172,-73,157,-185,-13804,4172,5744,-991,86,-64,-14020,-4896,6432,-502,142,-130,0
825.66761302948,8908,6616,11052,-89,-63,79,7516,-9348,10148,-18,121,-151,-13744,4196,5708,-1008,90,-85,-13940,-4944,6428,-509,159,-130,0
825.7010350227356,8652,6624,11060,-113,-81,129,7228,-9388,10160,-11,112,-210,-13804,4260,5572,-1025,105,-73,-13932,-5072,6592,-508,172,-113,0
825.7386729717255,8732,6860,11080,-107,-126,122,7584,-9364,10204,-41,104,-183,-13820,4108,5844,-1004,121,-74,-14028,-4984,6524,-510,155,-122,0
825.7736940383911,8836,6708,11032,-123,-68,119,7644,-9476,10044,-31,169,-169,-13820,4176,5560,-984,103,-101,-14008,-4952,6396,-504,175,-117,0
825.8093240261078,8868,6624,11012,-116,-66,84,7360,-9360,10088,-59,165,-183,-13804,4028,5564,-971,121,-83,-14044,-4928,6420,-503,172,-115,0
825.8446440696716,8664,6676,11128,-150,-72,126,7532,-9372,10488,-49,128,-194,-13764,4164,5700,-1016,120,-33,-14064,-4996,6536,-475,157,-115,0
825.8802099227905,8804,6624,11260,-143,-69,106,7556,-9664,10120,-57,140,-189,-13720,4100,5644,-975,102,-80,-13920,-5044,6556,-500,137,-124,0
825.9151380062103,8840,6624,11292,-149,-53,89,7648,-9432,10176,-76,167,-193,-13652,4204,5848,-969,78,-79,-13924,-4932,6428,-500,131,-145,0
825.9504289627075,8872,6620,11396,-156,-48,99,7492,-9460,10188,40,156,-162,-13740,4152,5576,-1261,66,-82,-13844,-4988,6440,-475,158,-94,0
825.9858751296997,8612,6628,11184,-148,-36,113,7480,-9368,10464,252,128,-191,-13704,4132,5744,-1000,117,-91,-13892,-4948,6476,-763,184,-96,0
826.0217270851135,8576,6904,11316,-152,-119,103,7564,-9408,10276,-46,159,-207,-13608,4264,5632,-990,97,-131,-13856,-5036,6420,-468,181,-99,0
826.0575270652771,8796,6660,11268,-170,-123,136,7576,-9400,10156,-16,129,-221,-13700,4140,5388,-971,134,-44,-13980,-4884,6436,-459,164,-83,0
826.0926370620728,8548,6640,11120,-141,-93,143,7532,-9308,10088,-5,120,-173,-13768,4160,5676,-1003,131,-103,-13916,-4992,6524,-468,146,-95,0
826.1288681030273,8884,6724,11124,-189,-122,117,7608,-9412,10068,-31,158,-180,-13732,4132,5728,-968,123,-123,-13984,-4896,6572,-480,158,-89,0
826.1641881465912,8788,6892,11056,-193,-130,85,7392,-9388,10116,-38,184,-216,-14068,4212,5632,-964,126,-96,-14028,-5028,6632,-473,164,-91,0
826.2001841068268,8812,6616,11080,-177,-115,133,7568,-9368,10280,-33,168,-202,-13748,4248,5736,-991,156,-101,-13900,-4904,6332,-464,156,-83,0
826.2353971004486,8796,6592,11220,-171,-102,139,7484,-9412,10196,-12,134,-207,-13768,4148,5600,-972,181,-96,-13936,-4988,6512,-497,217,-48,0
826.2708129882812,8784,6420,11332,-225,-122,165,7532,-9464,10352,0,108,-205,-13876,4140,5616,-989,129,-115,-13940,-5004,6412,-503,247,-82,0
826.3062329292297,8764,6624,11140,-202,-160,144,7444,-9412,10208,-14,106,-213,-13836,4272,5876,-946,165,-119,-13952,-4976,6440,-460,194,-82,0
826.3421721458435,8900,6560,11256,-207,-142,150,7600,-9724,10184,-8,136,-208,-13616,4192,5584,-980,125,-128,-14056,-4944,6516,-468,208,-69,0
826.3777101039886,8896,6648,11108,-165,-155,126,7624,-9452,10112,-255,150,-231,-13860,4140,5792,-975,125,-91,-14036,-4968,6508,-448,138,-97,0
826.4111950397491,8836,6644,11052,-215,-172,119,7648,-9376,10124,-38,140,-182,-13872,4168,5732,-966,101,-123,-13904,-4996,6476,-474,152,-132,0
826.4445519447327,8868,6628,11136,-237,-110,105,7536,-9452,10136,19,186,-189,-13732,4220,5652,-985,94,-114,-13892,-4904,6440,-457,155,-77,0
826.4780390262604,8740,6644,11124,-194,-147,105,7440,-9380,10108,-21,164,-192,-14032,4152,5692,-973,126,-133,-13976,-4896,6520,-471,173,-59,0
826.5116391181946,8748,6560,11156,-218,-108,132,7476,-9484,10088,-14,134,-210,-13692,4180,5872,-952,142,-82,-14012,-4696,6408,-481,218,-49,0
826.5448701381683,8880,6560,11228,-220,-146,153,7528,-9368,10488,-246,131,-195,-13812,4164,5560,-1021,159,-87,-13924,-4668,6524,-489,190,-79,0
826.5784249305725,8888,6616,11288,-181,-131,167,7508,-9320,10140,14,110,-166,-14072,4096,5624,-1006,151,-135,-13976,-4936,6400,-460,148,-81,0
826.611897945404,8880,6680,11188,-185,-105,149,7584,-9464,10140,-26,109,-189,-13776,4324,5704,-1067,156,-118,-14036,-4956,6588,-482,158,-82,0
826.6455421447754,8912,6536,11204,-207,-168,134,7512,-9388,10080,251,139,-210,-13720,4128,5460,-1006,140,-90,-13928,-4972,6488,-489,177,-102,0
826.6791989803314,8792,6576,11208,-141,-128,134,7572,-9408,9992,-15,101,-203,-13736,4208,5580,-1033,109,-105,-14004,-4852,6472,-481,167,-130,0
826.7126970291138,8820,6628,11120,-158,-115,122,7472,-9396,10072,243,114,-213,-13740,4204,5596,-1002,129,-108,-13928,-4884,6408,-487,157,-71,0
826.745931148529,8820,6548,11176,-168,-119,104,7640,-9348,10204,5,127,-216,-13720,4172,5784,-998,126,-130,-13916,-4980,6380,-473,202,-84,0
826.7794260978699,8944,6500,11116,-165,-137,117,7564,-9364,10460,-20,157,-215,-14024,4168,5720,-1274,135,-128,-14012,-5024,6424,-503,196,-107,0
826.8130769729614,8756,6548,11136,-118,-109,147,7488,-9360,10220,-45,103,-186,-13812,4140,5384,-1004,147,-90,-14020,-4832,6548,-506,152,-136,0
826.8466830253601,8872,6512,11164,-137,-100,98,7508,-9316,10024,-41,105,-198,-13892,4124,5600,-987,120,-96,-14032,-4668,6432,-490,146,-101,0
826.8802149295807,8820,6604,11140,-123,-73,103,7496,-9376,10060,-31,145,-164,-13844,4132,5556,-769,79,-33,-14088,-4640,6380,-494,129,-154,0
826.9137229919434,8872,6576,11080,-138,-28,93,7584,-9304,10220,-4,141,-136,-13856,4116,5544,-1014,81,-72,-13964,-4932,6636,-510,132,-158,0
826.9473099708557,8820,6860,11248,-109,-9,98,7868,-9380,10476,-41,121,-175,-13860,4080,5628,-1028,72,-101,-14008,-5096,6452,-507,155,-133,0
826.9809670448303,8904,6640,11044,-124,-75,86,7660,-9352,10168,-35,117,-183,-13832,4060,5436,-1002,74,-68,-13960,-4868,6568,-493,171,-169,0
827.0144979953766,8816,6564,10908,-90,-50,94,7592,-9436,10272,-65,132,-162,-13764,4132,5660,-999,81,-75,-13936,-4956,6220,-526,99,-139,0
827.0479509830475,8780,6588,11116,-94,-44,83,7552,-9424,10164,-59,144,-144,-13796,4220,5352,-1268,78,-42,-13984,-4892,6436,-517,120,-152,0
827.0817720890045,8832,6628,11024,-114,-22,99,7568,-9292,10336,-29,107,-128,-13784,4200,5644,-1002,64,-10,-13936,-4940,6440,-762,107,-115,0
827.1153540611267,8828,6628,11120,-61,-4,77,7540,-9396,10428,-91,136,-149,-14040,4084,5408,-975,71,-51,-13932,-4908,6356,-541,112,-142,0
827.1488440036774,8732,6644,11056,-90,-9,69,7556,-9416,10376,-37,130,-153,-13764,4100,5480,-1010,70,-67,-13976,-4832,6488,-446,144,-141,0
827.1822409629822,8864,6524,11140,-94,-24,113,7544,-9380,10264,-33,138,-148,-13764,4192,5456,-1029,46,-81,-13884,-4940,6564,-496,108,-118,0
827.2157220840454,8788,6524,11216,-62,-10,95,7488,-9400,10160,-17,136,-156,-13800,4156,5668,-988,74,-52,-13924,-4920,6228,-502,105,-144,0
827.24924492836,8744,6600,11076,-124,-35,85,7568,-9388,10196,-78,166,-150,-13840,4192,5564,-982,69,-47,-13992,-5000,6524,-512,114,-127,0
827.2827589511871,8688,6612,11084,-75,-33,115,7592,-9332,10224,-87,160,-194,-13780,4120,5420,-984,64,-90,-14056,-4924,6400,-504,155,-132,0
827.3164219856262,8752,6576,11128,-111,-78,103,7500,-9392,10140,-7,120,-168,-13784,4188,5784,-982,65,-84,-13972,-5080,6620,-518,183,-129,0
827.3499901294708,8812,6584,11068,-85,-52,97,7564,-9268,10136,-36,115,-171,-13736,4112,5396,-993,62,-150,-13956,-4908,6376,-507,170,-139,0
827.383278131485,8836,6716,11076,-105,-96,91,7660,-9420,10140,21,10,-174,-13740,4192,5568,-1280,80,-106,-13924,-4948,6616,-499,159,-117,0
827.4207980632782,8836,6668,11208,-119,-59,105,7588,-9444,10336,-14,165,-194,-14076,4096,5692,-1024,76,-58,-13932,-4932,6488,-511,157,-120,0
827.4561610221863,8756,6572,11140,-125,-70,84,7524,-9388,10216,-14,154,-175,-13776,4124,5848,-1017,49,-38,-14028,-4928,6584,-507,169,-138,0
827.4925210475922,8796,6696,10980,-103,-58,105,7468,-9340,10156,-45,196,-162,-14044,4148,5640,-959,105,-89,-13808,-4976,6568,-507,137,-141,0
827.5276319980621,8756,6652,11212,-135,-57,109,7648,-9412,10212,-34,143,-176,-13772,3848,5652,-992,117,-80,-13924,-4920,6540,-483,130,-88,0
827.5632710456848,8844,6636,11260,-136,-59,93,7588,-9452,10272,-34,118,-182,-13712,4232,5724,-995,102,-106,-13876,-4832,6540,-481,153,-105,0
827.5992140769958,8928,6592,11480,-156,-60,109,7532,-9400,10424,-8,154,-162,-13828,3852,5836,-983,86,-59,-13984,-4980,6648,-512,177,-104,0
827.6340720653534,8828,6624,11304,-152,-75,122,7648,-9540,10216,-14,138,-188,-13840,4188,5708,-994,138,-122,-14076,-4884,6448,-470,179,-93,0
827.6696429252625,8804,6696,11048,-172,-126,111,7464,-9412,10024,1,147,-193,-13796,4132,5424,-1017,144,-81,-13896,-4940,6432,-485,214,-98,0
827.7051429748535,8832,6676,11020,-128,-143,134,7496,-9456,10276,-19,131,-216,-13720,4204,5740,-1018,132,-120,-13940,-4972,6412,-527,184,-100,0
827.7407820224762,8788,6624,11084,-118,-167,139,7432,-9388,10088,-28,149,-201,-13572,4156,5636,-967,131,-122,-13644,-4988,6544,-497,165,-73,0
827.777055978775,8868,6568,11048,-169,-130,123,7516,-9320,10124,-22,145,-212,-13680,4232,5728,-985,170,-68,-13900,-4808,6144,-466,161,-78,0
827.8122029304504,8868,6536,11260,-172,-96,136,7564,-9412,9948,-39,122,-196,-13860,4148,5584,-992,155,-117,-13928,-4904,6468,-767,156,-89,0
827.8474910259247,8912,6600,11132,-190,-130,155,7532,-9368,10156,9,141,-179,-13696,4248,5780,-1273,144,-70,-13924,-4896,6452,-477,209,-81,0
827.8827729225159,8900,6640,11100,-194,-159,162,7552,-9372,10308,20,148,-193,-13756,4148,5448,-991,166,-145,-13912,-4992,6472,-441,161,-54,0
827.9176731109619,8872,6644,11164,-161,-138,143,7500,-9368,10180,-61,145,-227,-13760,3884,5600,-941,175,-120,-13956,-4972,6424,-471,210,-31,0
827.9531791210175,8816,6548,11252,-177,-139,145,7576,-9396,10012,-256,129,-218,-13804,4156,5584,-1035,144,-144,-13984,-4960,6404,-459,194,-118,0
827.9892039299011,8924,6412,11176,-144,-114,113,7644,-9308,10096,7,180,-137,-13912,4296,5484,-992,73,-36,-13936,-4904,6544,-487,93,-125,0
828.0243830680847,8836,6560,11108,-198,-77,123,7548,-9316,9992,-39,171,-153,-13872,4196,5736,-961,74,-54,-13980,-4920,6456,-457,125,-93,0
828.0599570274353,8796,6652,11212,-203,-108,109,7488,-9348,10300,-56,197,-174,-13752,4124,5384,-988,125,-112,-13932,-4964,6476,-495,173,-61,0
828.0936250686646,8788,6560,11176,-136,-112,129,7524,-9300,10160,-28,116,-204,-13740,4348,5784,-1280,140,-133,-13868,-4912,6428,-506,188,-80,0
828.1272151470184,8672,6628,11252,-137,-148,160,7492,-9376,10056,-15,86,-230,-13724,4040,5644,-1016,149,-138,-13864,-4848,6148,-527,182,-127,0
828.1606199741364,8756,6632,11096,-93,-103,136,7560,-9256,10156,-70,102,-196,-13820,4076,5712,-773,126,-91,-13948,-4888,6200,-513,187,-120,0
828.196799993515,8932,6548,11064,-150,-55,132,7596,-9284,10096,-22,114,-183,-13748,3880,5440,-994,125,-63,-13984,-5100,6476,-505,120,-107,0
828.2306361198425,8872,6600,11144,-141,-5,89,7660,-9308,10008,-41,152,-163,-13892,4216,5560,-1004,74,-79,-14076,-5028,6328,-767,149,-137,0
828.264181137085,8712,6880,11096,-144,-22,81,7648,-9412,10036,-1,141,-162,-13804,4296,5564,-1010,87,-64,-13972,-4944,6600,-517,129,-112,0
828.2975211143494,8848,6480,11192,-112,-53,94,7572,-9368,10280,-27,128,-178,-13776,4104,5644,-999,54,-105,-13976,-5096,6384,-257,132,-112,0
828.3310840129852,8796,6588,11352,-129,-86,80,7220,-9360,10184,-58,129,-201,-13884,4096,5480,-998,60,-67,-13980,-4948,6356,-515,118,-144,0
828.3648629188538,8848,6628,10952,-88,-56,90,7540,-9360,10228,-68,137,-180,-13772,4064,5488,-988,60,-33,-14032,-4892,6336,-261,144,-145,0
828.398148059845,8876,6624,11188,-113,-36,74,7640,-9236,10232,-29,137,-158,-13848,4160,5488,-1006,74,-69,-13976,-4992,6544,-502,108,-145,0
828.4314770698547,8788,6400,11100,-125,-2,54,7528,-9380,10112,-42,133,-126,-13780,4124,5676,-1040,29,-45,-13980,-4916,6708,-505,88,-156,0
828.4649930000305,8528,6600,11196,-95,-47,87,7596,-9368,10276,-33,126,-148,-13740,4116,5456,-1023,75,-74,-13924,-4860,6416,-494,114,-174,0
828.4982869625092,8912,6592,11064,-95,-26,93,7588,-9316,10508,-44,136,-160,-13900,3868,5884,-1006,81,-38,-13928,-5000,6584,-496,147,-127,0
828.5319049358368,8712,6908,11256,-77,-55,90,7552,-9380,10124,-29,117,-132,-13772,4204,5736,-1007,109,-93,-13920,-4936,6536,-512,192,-147,0
828.5655529499054,8776,6664,11168,-96,-76,100,7548,-9380,10420,-30,133,-212,-13740,4116,5424,-1036,112,-73,-13984,-4848,6548,-528,201,-113,0
828.5991690158844,8796,6424,11172,-118,-80,100,7664,-9324,10164,-61,114,-177,-13840,4168,5612,-985,109,-79,-14052,-4892,6432,-519,119,-104,0
828.6323771476746,8948,6620,11080,-95,-69,91,7492,-9272,10092,-42,132,-149,-13912,4260,5692,-1023,50,-59,-14000,-4904,6464,-257,143,-165,0
828.6658480167389,8784,6620,11124,-149,-37,84,7608,-9344,10156,-16,160,-129,-13772,4108,5516,-966,58,-93,-13968,-4936,6408,-503,104,-144,0
828.6992521286011,8844,6612,11024,-83,251,94,7616,-9396,10024,-72,131,-154,-13916,4072,5576,-945,31,-48,-13948,-4928,6492,-519,108,-157,0
828.7330260276794,8956,6424,11104,-103,-24,53,7484,-9404,10192,-47,138,-194,-13756,4324,5700,-989,65,-37,-13844,-5000,6400,-474,163,-141,0
828.7666890621185,8748,6624,11132,-111,-47,90,7524,-9392,10244,-4,167,-185,-14036,3908,5552,-1010,70,-64,-13940,-5120,6516,-492,134,-141,0
828.8002140522003,8660,6584,11084,-105,-27,78,7560,-9468,10064,-26,149,-158,-13732,4336,5832,-985,47,-102,-13856,-5008,6552,-259,129,-131,0
828.8335781097412,8756,6908,11116,-123,-33,93,7516,-9352,10392,-80,134,-157,-13788,4304,5852,-991,90,-95,-13948,-4988,6528,-259,123,-132,0
828.8673770427704,8776,6712,11168,-145,-60,82,7564,-9400,10204,-71,161,-172,-13852,4200,5604,-955,70,-58,-13964,-4936,6372,-503,128,-125,0
828.9002521038055,8724,6416,11152,-105,-40,98,7580,-9368,9984,-51,136,-177,-13792,4140,5864,-1003,78,-44,-13888,-4980,6460,-764,158,-153,0
828.9337909221649,8552,6612,11232,-146,-54,100,7516,-9540,10140,-23,123,-181,-13692,4144,5536,-1019,119,-120,-13904,-4972,6520,-516,175,-125,0
828.9674000740051,8716,6616,10884,-116,-78,111,7592,-9312,10192,-38,88,-131,-13760,4136,5516,-1027,114,-121,-13960,-4884,6492,-482,159,-100,0
829.0007140636444,8808,6676,11160,-126,-78,108,7540,-9460,10360,-35,112,-173,-13784,4204,5536,-978,109,-78,-13892,-5056,6460,-501,137,-125,0
829.0342040061951,8804,6588,11172,-154,-85,99,7552,-9392,10036,-32,156,-187,-13856,4244,5624,-1010,113,-88,-13988,-4896,6360,-504,148,-140,0
829.0702290534973,8712,6636,11180,-143,-86,122,7636,-9400,10172,-34,139,-191,-14032,4112,5836,-1016,73,-68,-13904,-5000,6504,-501,186,-129,0
829.1055490970612,8832,6632,11160,-110,-78,114,7508,-9432,10132,-73,119,-173,-13772,4220,5596,-988,106,-70,-14008,-5004,6536,-505,158,-112,0
829.1413271427155,8816,6692,11484,-133,-63,105,7596,-9224,10164,-45,125,-174,-13688,4096,5820,-973,89,-108,-13908,-5016,6420,-478,148,-106,0
829.1777789592743,8740,6612,11112,-161,-78,75,7640,-9380,10208,-18,156,-181,-13812,4136,5656,-964,90,-57,-13956,-4908,6480,-459,187,-114,0
829.2127070426941,8684,6624,11040,-168,-63,105,7420,-9476,10124,25,163,-193,-13752,4256,5596,-1003,119,-119,-13880,-5040,6544,-486,187,-124,0
829.2481391429901,8752,6904,11244,-168,-119,110,7532,-9336,10196,-8,142,-205,-13648,4192,5588,-946,62,-96,-13884,-4996,6464,-493,163,-87,0
829.2832639217377,8800,6760,11136,-152,-112,116,7576,-9388,10132,-38,118,-216,-13712,4164,5660,-992,116,-105,-13968,-5036,6452,-499,152,-88,0
829.3188569545746,8812,6696,11188,-140,-100,97,7532,-9288,10096,-51,129,-212,-13764,4140,5760,-979,85,-35,-13796,-4928,6476,-494,155,-139,0
829.3538320064545,8880,6704,11140,-156,-40,92,7536,-9348,10232,-31,133,-158,-13672,4144,5712,-1014,125,-66,-13948,-4904,6412,-495,140,-105,0
829.3893101215363,8788,6600,11220,-160,-86,109,7628,-9324,10136,-33,105,-105,-13776,4124,5512,-958,142,-80,-14028,-4952,6484,-491,154,-115,0
829.4241299629211,8832,6696,11148,-143,-73,114,7592,-9368,10140,-44,131,-181,-13812,4080,5676,-960,137,-104,-13948,-4996,6516,-480,153,-104,0
829.4598159790039,8880,6488,11212,-157,-71,130,7632,-9224,10204,-58,116,-172,-13776,4228,5644,-966,136,-37,-13972,-4956,6436,-496,138,-103,0
829.4946620464325,8820,6576,11136,-142,-87,118,7568,-9440,10240,-14,135,-157,-14076,4320,5356,-1022,106,-89,-13908,-4896,6532,-500,164,-103,0
829.5302419662476,8708,6628,11108,-182,-66,127,7548,-9344,10168,12,159,-151,-13712,4136,5824,-1031,97,-91,-13976,-4972,6428,-480,120,-112,0
829.5655679702759,8816,6812,11248,-128,-28,71,7572,-9320,10108,-51,135,-181,-13872,4164,5632,-966,60,-75,-13932,-5008,6496,-503,143,-153,0
829.6013169288635,8748,6608,11084,-177,-40,62,7572,-9416,10116,-21,140,-200,-13672,4196,5868,-975,104,-75,-13944,-4868,6172,-478,157,-135,0
829.6360559463501,8940,6692,11176,-133,-62,106,7572,-9368,10212,-9,144,-174,-13864,4092,5688,-1031,84,-114,-13888,-5036,6568,-484,179,-115,0
829.6717109680176,8932,6452,11240,-160,-46,126,7604,-9332,10116,-30,129,-176,-13648,4152,5600,-990,118,-81,-14060,-5052,6572,-488,114,-111,0
829.7076230049133,8476,6732,11488,-171,-99,106,7516,-9356,10044,-83,160,-200,-13748,4148,5728,-974,104,-77,-13844,-4960,6396,-493,150,-144,0
829.7434310913086,8732,6544,11020,-149,-85,88,7544,-9432,10104,-43,137,-186,-13756,4140,5712,-1005,91,-105,-13952,-4928,6280,-500,170,-131,0
829.7771549224854,8720,6688,11128,-104,-72,119,7528,-9396,10124,-6,101,-170,-13864,4212,5836,-1016,92,-119,-13984,-5112,6312,-504,163,-114,0
829.8104979991913,8860,6652,10964,-106,-84,96,7480,-9404,10136,-256,140,-174,-13784,4284,5396,-1275,115,-88,-13940,-5024,6516,-500,133,-89,0
829.8440420627594,8788,6612,11364,-166,-33,108,7660,-9320,10196,0,132,-186,-13804,4208,5664,-1013,103,-86,-13980,-4940,6468,-508,164,-97,0
829.877720117569,8784,6668,11148,-148,-76,92,7624,-9412,10236,2,132,-175,-13788,4152,5784,-1020,113,-52,-14004,-4960,6648,-469,158,-103,0
829.9111149311066,8936,6644,11132,-176,-79,114,7652,-9356,10124,18,133,-192,-13668,4196,5768,-991,125,-76,-13912,-4940,6396,-470,192,-96,0
829.9443950653076,8836,6712,11144,-193,-152,134,7428,-9708,10488,-29,161,-181,-13852,4156,5696,-1002,109,-100,-13944,-4948,6472,-497,167,-81,0
829.977942943573,8508,6736,11260,-181,-127,145,7540,-9432,10192,-44,129,-192,-13812,4220,5688,-972,98,-115,-13892,-4908,6508,-488,160,-100,0
830.0114269256592,8928,6648,11252,-168,-127,140,7564,-9396,10192,-30,153,-216,-13796,4232,5684,-963,102,-114,-14000,-4892,6588,-481,187,-96,0
830.0450260639191,8936,6672,11168,-212,-102,127,7364,-9392,10124,1,202,-184,-13744,4236,5656,-1015,125,-88,-13992,-4928,6488,-475,199,-63,0
830.0786459445953,8768,6636,11192,-190,-113,112,7512,-9400,10108,21,144,-204,-13776,4248,5720,-997,116,-118,-13956,-5048,6552,-465,208,-99,0
830.111720085144,8704,6432,11092,-188,-142,144,7404,-9412,10120,-2,149,-248,-13688,4296,5704,-977,164,-149,-13968,-4948,6632,-478,203,-63,0
830.1450099945068,8876,6612,11116,-185,-193,155,7544,-9380,10052,9,128,-256,-13796,4212,5668,-985,132,-177,-13980,-4972,6232,-490,233,-82,0
830.1786420345306,8784,6824,11068,-207,-182,170,7496,-9308,10012,-16,135,-225,-13852,4144,5604,-989,153,-143,-14020,-4896,6580,-499,193,-52,0
830.2121939659119,8808,6652,11184,-196,-154,165,7652,-9372,10252,8,143,-201,-13808,4136,5512,-994,144,-70,-13956,-4984,6480,-515,160,-67,0
830.2457211017609,8888,6532,11072,-214,-155,165,7652,-9396,10164,252,122,-147,-13852,4040,5548,-991,130,-102,-13916,-4856,6432,-449,171,-100,0
830.279247045517,8832,6892,11260,-227,-134,139,7552,-9360,10492,43,153,-170,-13668,4132,5676,-984,88,-135,-13968,-4980,6268,-449,132,-94,0
830.3124959468842,8868,6904,11200,-193,-149,122,7544,-9288,10328,-22,178,-194,-13772,4088,5584,-970,135,-146,-13892,-4896,6640,-452,205,-103,0
830.3459770679474,8880,6480,11392,-217,-159,132,7508,-9408,10248,15,171,-238,-13864,4156,5688,-980,170,-127,-14016,-4860,6168,-444,197,-59,0
830.3794960975647,8768,6552,11088,-201,-157,142,7536,-9340,10128,-253,128,-209,-13780,4348,5492,-963,128,-99,-14052,-4972,6276,-492,155,-113,0
830.4128510951996,8808,6520,11188,-186,-114,155,7580,-9404,10276,-7,93,-177,-13836,4160,5472,-1269,145,-103,-13908,-5016,6520,-456,122,-78,0
830.4463939666748,8820,6548,11144,-198,-109,162,7436,-9220,10300,-33,142,-207,-13800,4112,5508,-1023,131,-131,-13948,-4928,6580,-475,172,-104,0
830.4799830913544,8788,6600,10900,-145,-146,138,7492,-9452,10260,-53,134,-190,-13780,4096,5544,-994,121,-111,-14016,-4952,6368,-499,168,-127,0
830.5133681297302,8844,6524,11140,-131,-132,117,7580,-9328,10020,-23,109,-213,-13732,4132,5840,-1004,142,-74,-13832,-4976,6400,-531,194,-107,0
830.5469219684601,8844,6556,11136,-90,-102,113,7544,-9336,10092,-11,76,-214,-13736,4268,5508,-1277,135,-89,-14104,-4956,6348,-506,130,-114,0
830.5804989337921,8848,6548,11140,-166,-104,113,7612,-9312,10208,-38,75,-198,-13824,4088,5600,-995,117,-91,-13972,-4952,6528,-484,142,-146,0
830.6139390468597,8848,6532,11076,-150,-32,108,7576,-9444,10232,-31,137,-151,-14080,4116,5508,-1010,88,-81,-14044,-5072,6396,-506,138,-171,0
830.6473100185394,8776,6616,11100,-131,-41,78,7528,-9324,10216,-43,138,-164,-13780,3924,5668,-1053,102,-56,-13944,-4968,6460,-526,154,-159,0
830.6807870864868,8828,6756,11080,-121,-45,98,7548,-9320,10008,-15,154,-163,-13772,4212,5604,-780,88,-38,-14024,-5024,6480,-496,148,-150,0
830.7143650054932,8732,6624,11240,-129,-55,95,7600,-9344,10164,-60,134,-173,-13780,4184,5636,-992,74,-36,-13888,-5032,6448,-495,119,-141,0
830.7502059936523,8956,6516,11204,-121,-71,100,7568,-9488,10172,-54,155,-163,-13864,4104,5824,-968,83,-71,-13960,-5120,6508,-481,128,-150,0
830.7854120731354,8836,6624,11160,-113,-24,87,7520,-9332,10156,-34,117,-155,-13708,4348,5532,-998,47,-90,-13964,-4896,6608,-536,111,-130,0
830.8207681179047,8752,6532,11080,-98,-29,85,7560,-9284,9992,-57,133,-163,-14072,4152,5884,-997,54,-20,-13976,-4992,6540,-534,136,-126,0
830.8561749458313,8812,6528,11200,-113,-23,100,7452,-9424,10164,-51,155,-151,-13804,4148,5664,-1008,108,-81,-14004,-5120,6532,-527,153,-114,0
830.8917901515961,8832,6404,11144,-134,-30,118,7584,-9464,10044,-56,112,-167,-13764,4188,5616,-1001,136,-48,-13888,-4948,6388,-520,120,-131,0
830.9277350902557,8852,6592,11152,-81,-77,102,7572,-9612,10036,-56,104,-165,-13604,4224,5764,-1014,109,-61,-14004,-4884,6548,-537,153,-124,0
830.9633710384369,8900,6564,11228,-110,-34,84,7588,-9308,10104,-16,119,-175,-13956,4188,5552,-1061,60,-95,-14020,-4904,6516,-510,143,-116,0
830.9988081455231,8828,6652,11192,-101,-38,93,7552,-9320,10244,-19,144,-135,-13856,4212,5532,-1018,73,-32,-13892,-4916,6156,-516,89,-158,0
831.0339670181274,8784,6428,11156,-103,-11,66,7584,-9372,9988,-60,144,-148,-13808,4200,5616,-920,21,-89,-13956,-4944,6456,-505,138,-172,0
831.0698580741882,8852,6552,11068,-138,-23,57,7616,-9396,10036,-38,151,-181,-13816,4096,5552,-1007,90,-51,-14000,-4912,6424,-488,145,-175,0
831.1047859191895,8804,6532,11116,-108,-31,73,7568,-9300,10176,-30,143,-141,-13820,4120,5696,-1013,78,-110,-13868,-5100,6428,-486,125,-151,0
831.1401369571686,8764,6556,11200,-115,-24,88,7460,-9392,10176,-35,167,-164,-13708,4172,5436,-975,56,-52,-13992,-4968,6468,-506,99,-160,0
831.1756680011749,8764,6612,11460,-126,-45,83,7484,-9456,10260,-72,160,-191,-13792,4148,5872,-995,67,-72,-13936,-4956,6520,-516,102,-121,0
831.2109911441803,8816,6572,11148,-88,-70,109,7496,-9720,10248,-28,124,-181,-13752,4204,5680,-1008,69,-36,-13936,-4948,6472,-533,173,-168,0
831.2475490570068,8760,6860,11216,-114,-87,96,7632,-9408,10192,-6,91,-199,-13800,4148,5812,-771,91,-49,-13992,-4896,6536,-532,173,-109,0
831.2823491096497,8664,6592,11132,-75,-81,112,7692,-9288,10072,-47,118,-195,-13796,4140,5552,-1021,67,-79,-14060,-4984,6532,-525,162,-121,0
831.3177239894867,8884,6640,11200,-114,-62,123,7540,-9292,10208,-58,83,-179,-13812,4120,5704,-993,96,-84,-13956,-4964,6508,-505,151,-142,0
831.3527610301971,8676,6624,11156,-89,-42,105,7628,-9456,10080,-48,122,-154,-13744,3952,5572,-983,95,-61,-13908,-4912,6628,-506,159,-149,0
831.3887469768524,8712,6660,11184,-117,-66,108,7556,-9404,10468,-40,119,-145,-13772,4164,5708,-1016,86,-77,-13712,-4932,6440,-517,167,-156,0
831.4241781234741,8708,6696,11128,-102,-57,100,7580,-9376,10152,-81,117,-173,-13748,4088,5728,-991,75,-66,-13908,-4984,6496,-511,123,-117,0
831.4576930999756,8768,6592,11276,-132,-83,73,7564,-9272,10272,-49,137,-175,-13576,4168,5652,-961,97,-49,-13932,-4652,6524,-488,144,-137,0
831.491231918335,8672,6528,11168,-119,-50,111,7616,-9348,10228,-27,126,-169,-13804,4124,5664,-984,90,-103,-13868,-4896,6532,-486,139,-120,0
831.5249109268188,8760,6616,11192,-112,-52,111,7484,-9420,10184,-44,161,-184,-13640,4200,5816,-1015,74,-131,-13900,-4984,6424,-487,173,-134,0
831.5584270954132,8920,6556,11404,-128,-64,100,7588,-9368,10052,-38,171,-180,-13708,4200,5416,-1045,126,-112,-13976,-4916,6580,-492,200,-134,0
831.5919461250305,8680,6628,11096,-164,-98,123,7572,-9472,10224,-25,144,-186,-13768,4176,5724,-1024,115,-83,-13940,-5000,6624,-469,162,-90,0
831.6252701282501,8752,6844,11044,-169,-97,119,7564,-9444,10184,14,142,-195,-13772,4080,5732,-1028,101,-99,-13960,-4948,6552,-461,177,-108,0
831.6589689254761,8748,6704,11516,-196,-118,151,7596,-9244,10128,26,145,-198,-13800,4152,5868,-987,134,-136,-13924,-4920,6512,-464,179,-86,0
831.6925339698792,8788,6884,11124,-204,-142,137,7536,-9408,10116,-25,140,-209,-13800,4128,5524,-975,152,-139,-13960,-5000,6468,-487,186,-75,0
831.7261600494385,8948,6592,10996,-148,-167,133,7528,-9356,10188,-22,151,-207,-14008,4096,5700,-982,108,-109,-13860,-5000,6524,-497,198,-117,0
831.7599840164185,8632,6708,11048,-157,-158,142,7572,-9280,10128,-43,143,-214,-13740,4136,5548,-984,144,-109,-13992,-4960,6568,-498,203,-117,0
831.7936761379242,8748,6564,11208,-202,-142,144,7544,-9348,10076,-24,128,-205,-13712,4192,5384,-958,153,-112,-13868,-4944,6428,-471,188,-60,0
831.8273739814758,8868,6544,10932,-204,-88,144,7588,-9332,10256,-11,139,-177,-13744,4088,5576,-973,156,-104,-13992,-4872,6552,-488,187,-41,0
831.8609530925751,8884,6572,11072,-222,-128,137,7620,-9724,10196,5,129,-191,-13840,4184,5576,-1040,120,-86,-13920,-4972,6412,-478,200,-80,0
831.8942151069641,8868,6640,11256,-207,-107,144,7484,-9384,10204,30,145,-185,-13580,4116,5740,-1279,144,-126,-13984,-4936,6404,-484,178,-70,0
831.9277470111847,8844,6848,11228,-172,-122,129,7568,-9360,10116,-39,136,-207,-13804,4156,5648,-957,154,-141,-13980,-5072,6488,-452,173,-78,0
831.961245059967,8820,6484,11112,-194,-130,143,7528,-9440,10064,-17,132,-217,-13808,4124,5632,-959,133,-107,-13992,-4944,6468,-467,197,-77,0
831.9945459365845,8892,6588,11204,-201,-107,147,7604,-9416,10208,7,177,-215,-14068,4192,5656,-992,117,-43,-14156,-5000,6168,-478,146,-95,0
832.0282080173492,8848,6880,11476,-182,-86,137,7460,-9308,10164,7,173,-147,-13792,3892,5660,-975,78,-74,-14028,-4960,6428,-447,102,-124,0
832.0619101524353,8712,6652,11204,-239,-106,124,7576,-9348,10348,-14,137,-174,-13780,4196,5508,-999,100,-92,-14044,-4988,6572,-472,151,-90,0
832.0955481529236,8692,6640,11132,-203,-123,130,7560,-9648,10280,-35,152,-208,-13580,4152,5776,-951,122,-170,-13824,-4800,6460,-511,196,-73,0
832.1290919780731,8760,6640,11024,-160,-172,142,7576,-9304,10364,11,68,-230,-13756,4184,5484,-997,144,-120,-13984,-4896,6416,-483,236,-57,0
832.1623780727386,8908,6516,11184,-172,-155,156,7496,-9336,10184,-7,82,-219,-13848,4144,5660,-1011,160,-118,-14000,-4916,6532,-478,198,-56,0
832.1957640647888,8876,6572,11132,-167,-168,153,7576,-9388,10020,-15,125,-217,-13616,4164,5676,-995,157,-95,-13940,-4868,6560,-487,162,-85,0
832.2296159267426,8744,6640,11140,-164,-140,142,7640,-9376,10164,-26,110,-192,-14076,4308,5792,-1000,156,-105,-14108,-4820,6376,-494,147,-95,0
832.2631239891052,8864,6508,11212,-146,-60,116,7512,-9292,10108,25,117,-191,-13792,4080,5624,-1017,116,-109,-13940,-4920,6420,-491,170,-130,0
832.296765089035,8876,6584,11100,-146,-115,117,7616,-9312,10316,-27,163,-162,-13816,3988,5568,-1017,93,-96,-14008,-4924,6320,-524,132,-119,0
832.3300271034241,8876,6532,11000,-132,-85,108,7564,-9048,10184,-33,142,-189,-13652,4148,5568,-1001,91,-43,-13848,-4972,6164,-520,145,-112,0
832.3636860847473,8856,6480,11200,-158,-46,103,7576,-9356,10080,-54,126,-163,-13804,4288,5756,-1011,90,-75,-13992,-5012,6428,-466,138,-101,0
832.3972029685974,8772,6560,11188,-157,-53,103,7596,-9456,10424,-20,152,-178,-13696,4340,5668,-1000,93,-83,-13952,-4932,6376,-504,144,-134,0
832.4333441257477,8804,6652,11060,-155,-56,107,7500,-9504,10132,-20,128,-178,-13736,4136,5688,-1005,73,-57,-13976,-4980,6560,-489,160,-127,0
832.4686319828033,8756,6576,11024,-137,-56,106,7596,-9376,10156,-42,128,-214,-13752,4180,5792,-1001,97,-115,-13880,-4912,6572,-517,166,-116,0
832.504182100296,8940,6568,11172,-117,-99,114,7540,-9452,10260,-8,126,-193,-13800,4164,5580,-1017,115,-70,-13972,-4836,6636,-522,149,-144,0
832.5391199588776,8744,6508,11072,-119,-97,127,7648,-9304,10236,-45,118,-177,-13768,4296,5728,-769,85,-117,-13948,-4936,6460,-493,145,-130,0
832.5740809440613,8840,6624,11104,-123,-66,96,7568,-9288,10156,-30,147,-155,-13812,4172,5732,-994,98,-65,-13956,-5008,6460,-517,116,-119,0
832.6091959476471,8876,6656,11124,-112,-66,107,7552,-9404,10188,-58,156,-164,-13856,4168,5780,-970,98,-42,-14056,-5096,6508,-765,128,-131,0
832.643963098526,8868,6548,11088,-160,-38,113,7624,-9348,10144,-14,150,-147,-13816,4108,5604,-1014,115,-100,-14012,-4948,6340,-485,134,-132,0
832.6794109344482,8872,6428,11132,-110,-44,115,7508,-9400,10060,-21,129,-175,-13580,4276,5652,-1038,94,-64,-13872,-5004,6496,-499,98,-124,0
832.7144119739532,8864,6556,10844,-95,-81,68,7648,-9384,10152,-65,143,-166,-13776,4112,5748,-1004,79,-86,-14004,-4924,6388,-505,169,-158,0
832.7503709793091,8856,6844,10980,-148,-46,80,7516,-9396,10176,-10,139,-204,-13688,4208,5528,-982,93,-53,-13984,-4956,6396,-510,165,-138,0
832.7856910228729,8864,6564,10960,-108,-38,82,7608,-9308,10056,-33,144,-129,-13720,4180,5464,-1018,73,-50,-13900,-4984,6536,-502,103,-161,0
832.8209779262543,8708,6496,11120,-134,6,82,7564,-9340,10116,-33,111,-133,-13812,4136,5420,-776,75,-35,-13984,-5008,6524,-503,104,-160,0
832.8571231365204,8808,6584,11124,-132,-45,83,7564,-9396,10324,-67,158,-143,-13804,4192,5624,-979,64,-48,-13944,-4976,6408,-261,145,-133,0
832.8924429416656,8856,6404,11116,-116,-43,96,7604,-9324,10240,-67,125,-172,-13796,4104,5824,-1014,69,-87,-13904,-4896,6500,-257,158,-137,0
832.9281530380249,8768,6652,11272,-137,-79,100,7508,-9448,10244,-22,107,-187,-13808,4188,5640,-1011,129,-77,-13836,-4856,6648,-515,194,-134,0
832.9636499881744,8796,6648,11140,-132,-71,104,7536,-9428,10168,-22,111,-194,-13752,4120,5636,-1029,83,-132,-13916,-4952,6492,-765,176,-120,0
832.9992220401764,8844,6520,11024,-143,-112,94,7608,-9396,10268,-30,122,-182,-13780,4136,5676,-975,132,-85,-13944,-4992,6236,-487,169,-140,0
833.0341739654541,8708,6584,11480,-142,-80,77,7540,-9392,9988,-23,157,-189,-13820,4204,5592,-983,79,-92,-13912,-4924,6508,-765,154,-116,0
833.0698249340057,8836,6700,11176,-158,-99,96,7408,-9392,10128,20,177,-179,-14060,4172,5796,-983,106,-117,-13708,-4904,6616,-490,191,-79,0
833.1055579185486,8736,6748,11340,-168,-126,138,7536,-9312,10392,-36,129,-205,-13696,4084,5812,-1009,131,-126,-14008,-4936,6492,-494,186,-62,0
833.1389670372009,8672,6648,11212,-163,-187,162,7424,-9308,10048,-36,115,-219,-13576,4220,5632,-993,152,-146,-13940,-4928,6548,-487,191,-58,0
833.1724939346313,8832,6660,11252,-186,-202,164,7520,-9316,10160,-25,134,-218,-13740,3844,5668,-973,170,-111,-13884,-4904,6564,-475,191,-56,0
833.2102301120758,8880,6516,11384,-203,-175,181,7468,-9380,10136,25,130,-211,-13792,4128,5580,-1039,193,-141,-13956,-4992,6508,-466,208,-57,0
833.243812084198,8804,6668,11116,-193,-192,132,7596,-9364,10440,7,96,-235,-13812,4136,5580,-993,171,-86,-14052,-4872,6616,-489,172,-95,0
833.2775020599365,8868,6604,11096,-167,-126,113,7580,-9396,10084,-15,111,-223,-13880,4096,5464,-1005,115,-67,-13868,-4884,6404,-267,149,-115,0
833.3109409809113,8832,6568,11428,-113,-120,119,7600,-9376,10108,-52,112,-200,-13848,4072,5508,-1033,94,-101,-13944,-4868,6400,-548,189,-105,0
833.3444769382477,8760,6556,11200,-132,-119,88,7684,-9268,9980,-25,133,-201,-13668,4072,5588,-1005,119,-104,-13836,-4928,6432,-491,158,-159,0
833.3780860900879,9124,6600,11052,-112,-37,98,7628,-9276,10108,-40,137,-144,-13856,4108,5488,-993,83,-113,-13960,-4892,6400,-501,113,-136,0
833.4113380908966,8912,6596,11052,-157,-67,92,7588,-9432,10104,53,174,-187,-13848,4144,5764,-1278,48,-81,-14060,-4640,6152,-474,186,-144,0
833.4449920654297,8800,6600,11244,-176,-89,104,7556,-9432,10228,54,185,-161,-13780,4200,5652,-1030,76,-91,-14000,-4968,6476,-494,127,-135,0
833.4785590171814,8808,6696,10972,-104,-120,73,7880,-9328,10244,-56,170,-184,-13596,4272,5736,-969,59,-53,-13944,-5112,6500,-510,107,-138,0
833.5119481086731,8848,6652,10952,-138,-80,76,7516,-9448,10140,-54,161,-178,-13736,4128,5804,-986,55,-78,-13684,-4624,6440,-478,146,-116,0
833.5455479621887,8744,6588,11116,-143,-68,120,7448,-9268,10296,-36,135,-147,-13684,4120,5804,-1000,120,-66,-13852,-5044,6508,-485,125,-101,0
833.5792329311371,8768,6596,11164,-134,-10,117,7608,-9328,10180,-45,108,-134,-13812,4208,5420,-1010,84,-34,-13948,-4892,6492,-754,65,-128,0
833.6129140853882,8844,6624,11136,-120,-19,111,7504,-9316,10200,-60,134,-120,-13688,4092,5664,-989,105,9,-14012,-4992,6472,-509,82,-142,0
833.6462230682373,8876,6568,11140,-134,-56,110,7632,-9528,10444,-74,140,-158,-13804,4132,5664,-1020,133,-84,-13948,-4672,6404,-490,193,-106,0
833.7003800868988,8844,6616,11116,-146,-151,129,7420,-9424,10128,-23,117,-234,-13728,4236,5472,-987,163,-127,-13856,-4876,6496,-510,209,-91,0
833.7446000576019,8896,6560,11100,-94,-159,105,7628,-9428,10288,-34,124,-211,-13800,4172,5756,-1000,88,-105,-14060,-4876,6384,-258,200,-136,0
833.7883970737457,8864,6508,11244,-150,-100,87,7904,-9436,10300,11,193,-190,-13900,4196,5612,-773,62,-104,-14020,-4940,6416,-260,157,-145,0
833.8542201519012,8892,6632,11152,-125,-93,62,7568,-9380,10220,14,191,-177,-13716,4008,5640,-1009,37,-109,-13856,-4944,6592,-509,152,-162,0
833.9015610218048,8788,6628,11072,-125,-98,76,7476,-9284,10264,-38,206,-164,-13776,4056,5576,-983,72,-95,-13992,-4948,6584,-478,157,-102,0
833.9362480640411,8896,6552,11044,-147,-87,96,7524,-9268,10424,-17,160,-200,-13728,3860,5820,-964,122,-86,-13860,-4980,6524,-494,155,-130,0
833.9706211090088,8832,6708,11256,-130,-99,121,7568,-9368,10080,-45,124,-157,-13760,4164,5540,-1015,71,-71,-13984,-4968,6468,-479,125,-114,0
834.0050840377808,8844,6452,10796,-128,-74,124,7588,-9340,10208,-58,128,-171,-13728,4176,5640,-775,140,-70,-13924,-4884,6388,-498,149,-119,0
834.0398890972137,8940,6528,11128,-130,-44,130,7564,-9344,10224,-23,97,-172,-13768,4204,5680,-1025,122,-88,-13896,-5000,6444,-765,139,-89,0
834.0754690170288,8860,6600,10844,-125,-91,150,7572,-9424,10452,-33,95,-155,-13800,3916,5708,-779,122,-82,-13912,-4880,6460,-492,158,-122,0
834.1144211292267,8864,6616,11048,-128,-82,101,7500,-9328,10188,-50,108,-182,-13772,4032,5720,-996,113,-91,-13992,-5040,6584,-490,149,-119,0
834.1528120040894,8932,6584,11108,-100,-72,106,7604,-9436,10048,-57,115,-168,-13736,4152,5412,-991,86,-99,-13900,-4920,6556,-538,137,-145,0
834.1943669319153,8788,6636,11156,-148,-69,98,7556,-9420,10136,-6,180,-168,-13820,4348,5852,-1057,45,-64,-13980,-4896,6172,-482,99,-144,0
834.2373731136322,8924,6848,11212,-135,-5,72,7560,-9376,10124,-42,151,-131,-13712,4168,5800,-1007,41,-55,-13848,-4992,6464,-479,88,-177,0
834.2761120796204,8820,6692,11112,-180,-38,75,7372,-9320,10320,251,177,-183,-13416,4244,5716,-999,115,-155,-13588,-4924,6596,-458,235,-115,0
834.3236210346222,8696,6640,11184,-111,-141,127,7448,-9372,10152,-7,96,-208,-13796,4228,5604,-776,147,-108,-14032,-5056,6460,-508,182,-113,0
834.3731820583344,8820,6708,11148,-107,-123,119,7568,-9280,10184,-81,126,-178,-13760,4120,5668,-985,112,-76,-14024,-4936,6364,-496,107,-115,0
834.4085879325867,8808,6600,10992,-146,-84,79,7668,-9368,10144,-64,143,-155,-13816,4132,5608,-967,85,-81,-14000,-4876,6344,-518,127,-143,0
834.4437091350555,8872,6616,11000,-120,-47,90,7528,-9260,9984,-65,145,-130,-13804,4052,5548,-1011,74,-60,-13940,-5000,6324,-515,105,-128,0
834.4792311191559,8844,6636,11188,-150,-35,85,7540,-9260,10208,-21,148,-154,-13728,4088,5576,-1013,84,-80,-13888,-4964,6412,-485,110,-116,0
834.5143640041351,8816,6908,10944,-124,-71,109,7496,-9348,9984,-50,85,-165,-13748,3860,5884,-1012,98,-73,-13828,-5024,6420,-482,215,-85,0
834.5501630306244,8792,6716,11076,-134,-112,114,7432,-9308,10144,-45,104,-211,-13840,4172,5524,-983,183,-94,-13864,-4972,6644,-495,171,-95,0
834.585371017456,8796,6600,11080,-124,-110,95,7620,-9388,10176,-50,98,-207,-14036,4128,5616,-1005,131,-66,-13916,-4908,6452,-494,182,-83,0
834.6209111213684,8792,6864,10796,-104,-75,112,7616,-9228,10232,-32,104,-155,-13752,4212,5748,-985,115,-67,-13868,-4972,6584,-526,107,-118,0
834.6561570167542,8812,6576,11044,-153,-56,101,7580,-9428,10092,-44,165,-161,-13784,4148,5880,-968,67,-69,-13940,-4976,6584,-466,108,-145,0
834.6927869319916,8896,6612,11124,-179,-61,63,7600,-9432,10092,-29,195,-205,-13688,4160,5716,-990,36,-113,-14004,-4672,6416,-479,161,-132,0
834.7288019657135,8804,6600,11276,-141,-93,85,7576,-9448,10340,-11,146,-209,-13688,4164,5652,-1011,62,-71,-13948,-4908,6560,-483,170,-144,0
834.7651789188385,8756,6632,11004,-80,-81,37,7536,-9308,10128,-48,166,-198,-13784,4060,5704,-953,74,-95,-14044,-4872,6240,-269,127,-166,0
834.7986431121826,8816,6600,11040,-116,-37,72,7476,-9408,10168,-45,169,-195,-13792,4000,5856,-970,52,-51,-13948,-4964,6416,-523,125,-135,0
834.8319311141968,8844,6528,11152,-122,-17,83,7468,-9364,10444,-11,163,-142,-13632,4036,5652,-1013,81,-88,-14000,-4928,6336,-763,138,-171,0
834.8654730319977,8816,6620,11072,-85,-66,60,7600,-9384,10160,-33,86,-177,-13792,4052,5600,-1050,104,-81,-14072,-4944,6232,-520,114,-117,0
834.8988149166107,8848,6672,11072,-113,-64,133,7540,-9444,10112,-35,98,-153,-13708,4148,5572,-1042,99,-61,-13956,-4960,6444,-505,135,-147,0
834.9317841529846,8832,6648,11100,-97,-59,100,7532,-9348,10184,-70,118,-164,-13676,4180,5496,-992,97,-33,-13932,-4984,6468,-489,135,-125,0
834.9655690193176,8868,6680,11372,-105,-46,108,7544,-9388,10076,-76,127,-157,-13776,4088,5656,-1007,93,-7,-13956,-5000,6260,-491,85,-100,0
834.9989609718323,8780,6536,11148,-125,-29,125,7592,-9672,10096,-26,119,-134,-13784,4188,5776,-1005,72,-45,-14008,-4964,6540,-483,111,-145,0
835.0323650836945,8952,6832,11208,-142,-13,76,7512,-9428,9972,-4,146,-124,-13656,4296,5756,-1007,64,-73,-13976,-4980,6440,-492,130,-135,0
835.0656349658966,8768,6908,11168,-144,-41,83,7612,-9340,10348,-58,140,-173,-13800,4164,5780,-994,107,-69,-13976,-5020,6580,-534,120,-106,0
835.0994300842285,8788,6848,11128,-145,-75,91,7652,-9448,10160,-55,105,-174,-13804,4176,5816,-952,121,-72,-13924,-5068,6456,-506,166,-107,0
835.1326439380646,8648,6420,11168,-140,-68,112,7528,-9376,10300,-255,96,-207,-13728,4156,5420,-993,145,-64,-13992,-4956,6480,-517,174,-83,0
835.166177034378,8796,6616,11144,-127,-92,142,7592,-9328,10004,-22,130,-178,-13824,4164,5616,-1270,111,-93,-14020,-4928,6676,-508,141,-122,0
835.1998600959778,8860,6732,11176,-175,-57,96,7596,-9340,10392,-62,146,-151,-13772,4168,5672,-967,136,-100,-13944,-4940,6520,-480,121,-101,0
835.2334110736847,8928,6588,11224,-199,-100,114,7608,-9708,10168,-27,190,-194,-13804,4172,5680,-946,97,-121,-13952,-5064,6476,-439,163,-95,0
835.2670919895172,8804,6692,10968,-162,-114,123,7572,-9380,10336,4,170,-199,-13708,4212,5852,-997,137,-114,-14004,-5040,6148,-442,211,-76,0
835.3006279468536,8800,6680,11064,-192,-187,142,7580,-9316,10100,13,138,-223,-13792,3900,5884,-772,127,-142,-13912,-4976,6528,-467,241,-58,0
835.3338029384613,8892,6656,11084,-183,-173,119,7528,-9392,10304,-10,127,-228,-13652,4148,5488,-982,166,-151,-13884,-4900,6548,-466,214,-78,0
835.3672261238098,8732,6616,11064,-198,-141,149,7428,-9376,9996,-23,118,-219,-13788,4176,5488,-963,149,-151,-13892,-4976,6324,-463,219,-57,0
835.4003500938416,8760,6532,11236,-223,-135,145,7492,-9264,10276,24,170,-233,-13836,4092,5712,-985,164,-100,-14008,-4932,6452,-486,235,-84,0
835.433767080307,8808,6612,11136,-218,-150,161,7512,-9372,10000,17,154,-214,-13772,4160,5548,-1002,169,-131,-13912,-5024,6352,-494,205,-67,0
835.46737408638,8808,6596,11072,-183,-132,155,7644,-9376,10476,21,109,-211,-13744,4112,5408,-989,191,-119,-13996,-5012,6536,-478,189,-64,0
835.5009329319,8828,6680,11096,-187,-156,150,7460,-9356,10172,249,131,-190,-14028,4136,5656,-1003,181,-118,-13972,-4860,6428,-488,190,-63,0
835.5342991352081,8876,6584,10960,-188,-156,175,7612,-9380,10144,-255,118,-214,-13796,4164,5596,-975,155,-114,-13992,-4904,6472,-478,198,-79,0
835.5678040981293,8820,6600,11228,-221,-162,153,7620,-9420,10180,255,117,-223,-13772,4108,5544,-989,164,-102,-14016,-4808,6444,-484,203,-56,0
835.6013340950012,9028,6520,11028,-209,-159,128,7592,-9304,10100,8,148,-223,-13792,4184,5580,-983,162,-100,-13852,-5036,6532,-467,183,-67,0
835.6346349716187,8844,6600,11084,-199,-156,154,7588,-9324,10252,11,133,-210,-13808,4156,5612,-1001,140,-134,-13948,-5012,6488,-472,176,-88,0
835.6682119369507,8832,6632,11172,-200,-168,167,7584,-9400,10000,-17,129,-201,-13756,4016,5480,-1022,139,-150,-13848,-4884,6400,-476,214,-73,0
835.701719045639,8780,6652,11072,-196,-150,145,7592,-9288,10196,-19,110,-205,-13728,4024,5520,-1023,124,-111,-13856,-4840,6452,-450,186,-74,0
835.7349729537964,8856,6624,11172,-222,-142,147,7836,-9356,10084,-54,145,-189,-13728,4088,5688,-1006,152,-84,-14260,-4956,6344,-485,168,-80,0
835.7682409286499,8928,6488,11156,-166,-139,142,7516,-9360,10332,-4,119,-188,-14024,4060,5556,-1032,126,-147,-13980,-4916,6416,-496,150,-81,0
835.8050451278687,8816,6472,11164,-253,-154,151,7532,-9308,10188,9,102,-188,-13736,4124,5688,-1021,142,-116,-13960,-5016,6360,-476,151,-78,0
835.8407590389252,8840,6408,11048,-181,-117,154,7608,-9356,10312,-20,102,-192,-13752,3916,5556,-973,132,-138,-13996,-4964,6412,-466,166,-115,0
835.8755531311035,8908,6560,11204,-206,-143,101,7548,-9328,10172,252,119,-189,-13788,4224,5612,-970,138,-120,-13968,-4920,6476,-494,217,-73,0
835.9111671447754,9152,6556,11064,-185,-145,131,7648,-9300,10124,7,85,-209,-13796,4108,5588,-776,110,-106,-13964,-4724,6256,-474,155,-76,0
835.9472250938416,8820,6908,11208,-163,-115,140,7516,-9360,10176,-31,112,-165,-13704,4108,5540,-1003,114,-97,-13916,-4980,6636,-504,112,-76,0
835.9824979305267,8940,6592,11128,-141,-87,118,7580,-9268,10376,-62,98,-177,-13728,4088,5664,-994,116,-95,-13904,-4956,6460,-510,166,-148,0
836.0181930065155,8780,6536,10776,-92,-99,116,7540,-9300,10028,-77,132,-180,-13840,4052,5456,-987,80,-102,-14024,-4824,6336,-540,147,-171,0
836.053817987442,8904,6832,11056,-128,-59,113,7680,-9328,10128,-18,148,-179,-13676,4120,5552,-1034,93,-56,-13920,-4616,6536,-485,178,-134,0
836.0891780853271,8848,6580,11076,-119,-28,79,7616,-9440,10004,-35,128,-195,-14004,4048,5712,-1012,76,-68,-13904,-5112,6464,-491,139,-130,0
836.1240010261536,8892,6560,11128,-141,-72,64,7588,-9392,10116,-62,119,-175,-13892,4080,5752,-983,125,-65,-13932,-4956,6332,-482,127,-144,0
836.1597940921783,8832,6588,11136,-121,-5,98,7524,-9656,10272,-69,140,-186,-13812,4088,5800,-990,104,-88,-13972,-4940,6472,-520,144,-157,0
836.1950860023499,8900,6584,11268,-89,-77,88,7576,-9304,10192,-25,138,-159,-13916,4076,5580,-995,89,-87,-14024,-4932,6576,-525,155,-127,0
836.2304899692535,8944,6692,11064,-87,-48,98,7496,-9256,10484,-87,120,-152,-13728,4152,5384,-1022,78,-35,-13964,-5000,6172,-515,118,-154,0
836.2659249305725,8880,6624,11380,-140,-60,89,7496,-9364,10156,-59,171,-152,-13780,4120,5536,-974,82,-55,-13968,-4852,6432,-503,107,-121,0
836.3013830184937,8784,6608,11204,-114,-36,97,7508,-9300,10224,-34,133,-170,-13744,4160,5548,-770,76,-67,-13964,-4924,6160,-492,148,-158,0
836.337485074997,8824,6584,11100,-94,-53,93,7480,-9312,10440,-46,139,-169,-13864,4032,5544,-965,74,-67,-13968,-4940,6472,-529,119,-157,0
836.3729591369629,8904,6592,10852,-92,-60,86,7560,-9320,10176,-69,118,-175,-13812,4148,5584,-975,104,-53,-13976,-4916,6364,-532,140,-141,0
836.4087820053101,8792,6640,10992,-113,-55,103,7564,-9332,10084,-53,156,-194,-13820,4176,5644,-979,86,-77,-13964,-5020,6408,-505,148,-123,0
836.4452950954437,8756,6652,11124,-110,-73,80,7540,-9436,10364,-30,194,-186,-13788,4100,5568,-966,97,-88,-13968,-4828,6332,-506,112,-127,0
836.4789791107178,8848,6592,10800,-82,-81,78,7612,-9368,10344,-54,124,-134,-13860,4200,5656,-998,75,-63,-14020,-4896,6400,-520,88,-143,0
836.5124480724335,8464,6612,11148,-114,-18,95,7620,-9388,10428,-25,131,-130,-13744,4336,5380,-1006,55,-62,-13868,-4852,6524,-761,136,-145,0
836.545844078064,8792,6800,11180,-103,-41,98,7604,-9388,10120,-19,156,-162,-13796,4172,5740,-994,50,-59,-13948,-4932,6508,-519,74,-139,0
836.5794219970703,8784,6596,10792,-96,-46,82,7536,-9388,10200,-78,161,-170,-13800,4084,5668,-985,51,-119,-14008,-4816,6364,-498,141,-194,0
836.6128821372986,8824,6636,11140,-103,-33,86,7484,-9316,10292,-16,132,-206,-13776,4148,5392,-969,85,-73,-13952,-4900,6384,-508,164,-144,0
836.6461720466614,8820,6840,11260,-121,-52,87,7472,-9396,10040,-37,124,-182,-13780,4156,5872,-983,65,-19,-13920,-4736,6552,-497,99,-147,0
836.6798369884491,8868,6676,11252,-100,-23,101,7504,-9340,10364,-36,145,-138,-13844,4112,5676,-1022,80,-31,-13912,-5052,6608,-499,77,-142,0
836.7133169174194,8928,6420,11028,-119,-74,76,7468,-9440,10416,-68,150,-165,-13644,4192,5700,-970,57,-105,-13956,-4972,6600,-486,128,-156,0
836.7468659877777,8812,6656,11092,-100,-69,103,7432,-9356,10208,-46,129,-161,-13824,4156,5532,-968,69,-110,-13848,-4928,6352,-257,143,-138,0
836.7805759906769,8952,6620,11040,-100,-68,95,7436,-9376,10156,-40,128,-177,-13592,4148,5600,-967,91,-77,-14076,-4968,6436,-514,160,-153,0
836.8138761520386,8928,6880,11108,-83,-51,85,7516,-9380,10116,-31,47,-174,-13752,4204,5632,-769,92,-60,-14056,-4980,6452,-509,142,-133,0
836.8472149372101,8768,6884,11072,-106,-112,88,7448,-9328,10136,-41,93,-204,-13732,4204,5508,-983,81,-73,-13936,-4912,6484,-508,159,-105,0
836.8806591033936,8836,6528,11220,-137,-92,81,7528,-9492,10248,-65,171,-184,-13904,4212,5752,-969,83,-107,-13848,-4972,6628,-527,139,-158,0
836.9139289855957,8904,6608,11228,-91,-85,92,7600,-9416,10148,-36,145,-156,-13736,4100,5612,-985,45,-112,-13916,-4940,6512,-521,160,-143,0
836.947389125824,8808,6572,11192,-79,-109,97,7548,-9368,10272,-43,118,-189,-13880,4016,5908,-1006,63,-61,-14076,-5004,6428,-518,149,-156,0
836.9811501502991,8784,6656,11100,-70,-59,90,7572,-9276,10236,-39,126,-178,-13812,4160,5656,-1003,70,-45,-13976,-4920,6472,-767,146,-183,0
837.0146470069885,8844,6652,11132,-128,-50,74,7564,-9360,9988,-61,148,-159,-13620,4112,5436,-972,47,-50,-13940,-4956,6452,-490,120,-110,0
837.0481021404266,8952,6560,11112,-134,-54,90,7516,-9384,10076,-39,157,-157,-13780,4176,5532,-996,74,-81,-13924,-4976,6560,-508,122,-137,0
837.0817840099335,8860,6872,11168,-104,-44,84,7560,-9248,9992,-37,140,-181,-13712,4180,5780,-991,87,-121,-13808,-4960,6480,-762,145,-145,0
837.1154229640961,8740,6880,11108,-113,-57,93,7500,-9384,10188,-46,129,-174,-13816,4192,5692,-983,90,-67,-13916,-5060,6492,-517,134,-132,0
837.1489341259003,8752,6788,11108,-123,-70,117,7472,-9356,10060,-32,132,-186,-13708,4188,5732,-998,104,-66,-13968,-5000,6496,-257,153,-129,0
837.1826031208038,8744,6628,11224,-135,-56,111,7520,-9400,10120,-23,105,-178,-13720,4232,5376,-953,93,-44,-13952,-5036,6448,-499,179,-145,0
837.2160220146179,8872,6620,11124,-136,-63,98,7664,-9380,10420,-254,148,-190,-13720,4124,5752,-998,96,-51,-13944,-5016,6476,-510,158,-116,0
837.249480009079,8784,6712,11148,-173,-77,113,7500,-9432,10220,-38,165,-183,-13748,4144,5568,-988,92,-104,-13888,-4992,6624,-474,166,-102,0
837.2830150127411,8912,6696,11264,-186,-86,114,7524,-9380,10092,-22,138,-166,-13796,4208,5576,-986,120,-70,-14036,-5084,6404,-497,132,-102,0
837.316682100296,8712,6580,11124,-191,-76,140,7540,-9480,10192,6,156,-170,-13824,4212,5652,-1056,85,-81,-13940,-4944,6356,-459,169,-84,0
837.3501989841461,8848,6744,11120,-188,-131,143,7564,-9344,10436,20,131,-185,-13752,4104,5692,-993,151,-78,-13900,-5008,6480,-478,178,-93,0
837.383572101593,8624,6652,11156,-178,-105,112,7472,-9348,10204,-57,168,-204,-13852,4188,5600,-965,130,-100,-13944,-4928,6584,-506,177,-99,0
837.4172151088715,8716,6680,11180,-219,-94,95,7452,-9388,10208,-8,144,-209,-13796,4240,5632,-964,142,-153,-13892,-4952,6456,-436,215,-60,0
837.4506709575653,8772,6576,11068,-198,-105,152,7504,-9316,10408,12,173,-210,-13720,4196,5760,-1003,133,-96,-13904,-4964,6456,-477,161,-74,0
837.4875991344452,8908,6840,11072,-234,-93,138,7540,-9316,10128,-3,139,-174,-13748,4116,5880,-963,140,-74,-13912,-5024,6420,-450,135,-48,0
837.5224590301514,8644,6684,11056,-248,-108,144,7524,-9336,10172,-40,179,-198,-13860,4164,5624,-957,123,-114,-13872,-4980,6564,-445,174,-40,0
837.5581269264221,8708,6612,10980,-229,-138,156,7548,-9400,10044,-23,159,-201,-13952,4180,5736,-990,154,-103,-13908,-4860,6624,-498,213,-66,0
837.5937860012054,8792,6628,11032,-215,-119,165,7464,-9380,10112,9,121,-229,-13692,4092,5648,-1022,159,-110,-13932,-4860,6512,-486,237,-55,0
837.6296470165253,8820,6644,11188,-160,-163,149,7544,-9364,10068,-15,126,-230,-13820,4120,5480,-1045,194,-102,-13960,-4700,6652,-481,188,-96,0
837.6650049686432,8840,6412,11088,-218,-148,146,7624,-9452,10152,31,136,-212,-14012,4328,5628,-980,159,-120,-14008,-4896,6532,-459,158,-51,0
837.7002220153809,8888,6536,11028,-220,-146,134,7908,-9248,10332,-14,119,-202,-13588,4336,5544,-1005,127,-119,-14036,-4956,6564,-479,183,-110,0
837.7353060245514,8864,6512,11092,-202,-166,148,7524,-9344,10180,-1,145,-198,-13792,4100,5556,-1014,115,-92,-13940,-4920,6208,-467,193,-99,0
837.7708129882812,8788,6696,11080,-189,-118,124,7460,-9384,10204,-15,155,-188,-13756,4196,5616,-989,137,-117,-13952,-5008,6416,-485,159,-72,0
837.8076241016388,8756,6544,11120,-208,-140,139,7564,-9236,10140,-12,137,-189,-13812,4144,5844,-996,145,-102,-13936,-4852,6424,-443,156,-90,0
837.8426511287689,8780,6588,11188,-220,-150,110,7548,-9396,10076,248,126,-178,-13832,4208,5716,-1029,122,-96,-13932,-4932,6632,-489,211,-76,0
837.8793470859528,8876,6612,11276,-205,-159,120,7616,-9356,10216,6,127,-209,-13760,4312,5728,-998,126,-141,-13940,-4936,6516,-474,173,-84,0
837.9142220020294,8800,6500,11240,-197,-119,171,7604,-9380,10136,23,79,-213,-13800,4056,5612,-995,114,-88,-13984,-4992,6160,-492,185,-90,0
837.9497449398041,8880,6484,11140,-163,-156,151,7592,-9280,10252,9,121,-222,-13740,4212,5676,-994,128,-128,-13888,-5000,6476,-507,196,-96,0
837.9850211143494,8956,6568,11136,-182,-124,140,7612,-9428,10280,-253,135,-225,-13892,4044,5560,-1002,151,-84,-13956,-4972,6176,-492,170,-70,0
838.0208210945129,8720,6500,10984,-137,-106,140,7624,-9320,10356,-38,112,-168,-13796,4196,5548,-1004,150,-104,-14048,-4796,6420,-257,149,-83,0
838.0561900138855,8796,6492,10768,-161,-120,106,7572,-9416,10136,-46,150,-170,-13812,3880,5636,-1033,72,-111,-13904,-4956,6464,-500,145,-85,0
838.0919630527496,8824,6564,11180,-148,-93,123,7540,-9272,10072,-12,123,-180,-13632,4200,5416,-773,100,-73,-13980,-4928,6416,-506,111,-138,0
838.1278989315033,8912,6612,11020,-115,-80,78,7592,-9388,10428,-72,154,-170,-13816,4120,5696,-999,94,-81,-13896,-4772,6408,-519,158,-152,0
838.1612551212311,8912,6528,11140,-158,-62,83,7516,-9344,10180,-16,137,-188,-13816,4144,5600,-1006,107,-102,-13980,-4928,6476,-487,149,-145,0
838.1948890686035,9204,6452,11472,-127,-11,114,7640,-9276,10108,-1,138,-153,-13828,4164,5500,-1031,70,-57,-13936,-4988,6396,-259,125,-134,0
838.2314341068268,8884,6604,11336,-116,11,87,7432,-9332,10172,-20,144,-132,-13852,4116,5704,-1027,60,-29,-13944,-5084,6360,-492,94,-142,0
838.2654299736023,8928,6636,11168,-129,-28,84,7436,-9344,10112,-68,145,-185,-14032,3968,5824,-998,70,-93,-13968,-4976,6372,-522,126,-156,0
838.2988121509552,8836,6452,11068,-79,-35,65,7596,-9320,10196,-48,151,-172,-13856,4172,5552,-781,101,-82,-13968,-4972,6452,-526,147,-159,0
838.3322341442108,8860,6540,11224,-95,-49,86,7516,-9228,10180,-41,100,-201,-13808,4328,5592,-1008,68,-87,-13944,-4916,6532,-502,181,-126,0
838.365795135498,8840,6580,11388,-100,-40,112,7536,-9244,10248,-20,120,-184,-13660,4156,5576,-987,90,-42,-14028,-5024,6556,-501,157,-124,0
838.3992509841919,8772,6620,11260,-94,-63,112,7432,-9408,10036,-36,114,-164,-13752,4176,5656,-980,84,-66,-13968,-5012,6596,-499,117,-125,0
838.4329071044922,8888,6572,11192,-120,-36,87,7640,-9404,10348,-54,111,-180,-14036,4340,5816,-1016,85,-77,-13972,-4868,6500,-522,149,-161,0
838.466607093811,8796,6540,11084,-105,-61,87,7596,-9316,10276,-26,114,-167,-13784,4156,5852,-980,107,-79,-13948,-4976,6432,-551,161,-108,0
838.4998631477356,8880,6564,11236,-96,-56,101,7568,-9248,10168,-52,140,-142,-13892,4140,5596,-996,84,-58,-13928,-5076,6432,-522,144,-129,0
838.5336229801178,8784,6632,10892,-82,-54,106,7564,-9308,10124,-56,129,-174,-13820,4148,5728,-997,91,-35,-14000,-4948,6408,-768,125,-142,0
838.5672340393066,8868,6604,11260,-101,-61,80,7544,-9432,10036,-64,114,-190,-13716,4136,5532,-990,65,-46,-13940,-4996,6504,-522,142,-159,0
838.6007571220398,8888,6632,11124,-115,-76,90,7636,-9360,10072,-55,156,-185,-13980,4152,5796,-1015,53,-80,-13892,-4968,6616,-524,135,-130,0
838.6341459751129,8788,6548,11016,-85,-37,88,7436,-9348,10128,-33,142,-174,-13744,4208,5720,-990,86,-101,-13652,-4888,6536,-513,144,-164,0
838.6677460670471,8836,6608,11112,-97,-50,82,7568,-9352,10188,-58,105,-165,-13844,4072,5544,-1002,78,-97,-13940,-4932,6508,-492,143,-142,0
838.7012641429901,8752,6576,11244,-108,-71,62,7524,-9348,10092,-40,135,-164,-13788,4160,5704,-998,95,-68,-13900,-4928,6260,-476,145,-155,0
838.734710931778,8788,6612,11144,-84,-54,94,7576,-9360,10040,-78,109,-166,-13612,4100,5772,-1021,62,-32,-13968,-4920,6468,-522,122,-164,0
838.768238067627,8772,6532,11072,-90,-58,117,7560,-9472,10204,-60,105,-148,-13804,4244,5644,-1010,49,-46,-13964,-4980,6288,-515,143,-161,0
838.80180311203,8760,6628,11308,-119,-44,109,7588,-9416,10120,-7,127,-138,-13732,3872,5576,-1273,78,-105,-13968,-4972,6308,-507,133,-107,0
838.8354239463806,8780,6504,11232,-86,-30,88,7624,-9336,10160,-78,129,-158,-13744,4144,5632,-776,47,-90,-13956,-4972,6416,-511,102,-118,0
838.8690519332886,8768,6644,11184,-126,-46,45,7628,-9316,10148,-20,125,-176,-13796,4076,5792,-992,100,-76,-13944,-4880,6596,-486,151,-126,0
838.9022109508514,8812,6536,11100,-157,-47,99,7580,-9392,10020,-22,147,-174,-13804,3980,5488,-1000,121,-45,-13916,-4980,6548,-481,173,-107,0
838.936056137085,8712,6436,11056,-150,-73,100,7548,-9408,10184,6,140,-176,-13752,4256,5440,-1000,86,-61,-13920,-4992,6564,-494,142,-141,0
838.9697740077972,8748,6700,11216,-150,-53,95,7576,-9344,10100,-41,164,-152,-14068,4196,5832,-982,72,-72,-13996,-4968,6492,-468,121,-113,0
839.0033690929413,8524,6400,11164,-200,-92,96,7496,-9432,10276,-34,187,-180,-13812,4180,5480,-971,121,-136,-13860,-4988,6476,-470,147,-83,0
839.0370280742645,8804,6664,11324,-159,-126,147,7388,-9360,10348,-4,138,-194,-13756,4108,5548,-998,129,-121,-13884,-5032,6468,-465,218,-54,0
839.0705499649048,8748,6696,11224,-165,-164,161,7600,-9308,10052,-1,105,-223,-13660,4192,5640,-996,183,-114,-13916,-5004,6504,-489,215,-63,0
839.1040639877319,8732,6656,11176,-130,-193,184,7452,-9328,10108,-52,109,-234,-13624,4200,5648,-998,169,-97,-13988,-5052,6424,-510,210,-49,0
839.137195110321,8784,6688,11096,-203,-148,176,7576,-9324,10064,-253,118,-212,-13796,4216,5764,-988,197,-105,-14088,-4900,6476,-470,225,-52,0
839.1742630004883,8832,6628,11056,-239,-142,169,7448,-9464,10080,39,149,-212,-13812,4136,5860,-1021,138,-166,-13852,-4984,6288,-485,241,-32,0
839.2101979255676,8848,6524,11068,-195,-132,157,7536,-9400,10280,18,149,-210,-13772,4128,5784,-1004,154,-104,-13972,-4944,6352,-489,200,-62,0
839.2455620765686,8844,6600,11200,-177,-193,160,7660,-9324,10488,-42,226,-229,-14080,4052,5584,-957,192,-142,-13948,-4816,6440,-478,181,-40,0
839.2818379402161,8924,6896,11136,-225,-178,144,7608,-9348,10212,-18,145,-237,-13812,4144,5560,-991,183,-141,-14020,-4920,6424,-463,213,-49,0
839.3182380199432,8852,6548,11168,-229,-164,139,7636,-9432,10080,4,109,-192,-13616,4096,5388,-1002,187,-183,-13992,-4912,6472,-491,217,-70,0
839.3535780906677,8804,6560,10952,-223,-150,138,7580,-9352,10276,-14,80,-180,-13852,4224,5656,-1012,141,-92,-13988,-4948,6396,-439,201,-58,0
839.389317035675,8832,6536,11340,-222,-166,132,7628,-9384,10204,10,73,-212,-13804,4032,5728,-1279,137,-127,-13912,-4880,6380,-511,180,-81,0
839.4244749546051,8824,6488,11260,-171,-167,122,7536,-9432,9988,-253,122,-194,-13800,4300,5524,-1027,175,-114,-13956,-4904,6396,-505,178,-61,0
839.4602100849152,8768,6492,11088,-163,-141,165,7556,-9512,10188,-20,94,-211,-13756,4120,5808,-1034,144,-172,-13932,-5088,6576,-470,233,-78,0
839.4956171512604,8900,6572,11044,-196,-135,160,7608,-9320,10248,-252,106,-177,-13756,4100,5624,-1018,148,-148,-13976,-4892,6460,-485,178,-72,0
839.5314891338348,8928,6444,11164,-156,-127,157,7652,-9444,10140,-59,93,-221,-13756,4172,5432,-1001,151,-70,-13960,-4856,6352,-506,157,-94,0
839.5676641464233,8844,6540,11080,-156,-128,108,7480,-9312,10220,-255,99,-182,-13812,4028,5688,-1010,112,-122,-14076,-4944,6172,-490,134,-126,0
839.6028139591217,8844,6576,11052,-83,-54,101,7580,-9236,10108,-54,113,-188,-13804,3936,5612,-1071,134,-64,-13920,-4928,6568,-538,155,-131,0
839.6382119655609,8896,6528,11132,-273,64,50,7904,-9232,10016,170,163,-149,-13920,3988,5444,-1003,72,-92,-13888,-4756,6264,-549,340,-171,0
839.6737251281738,9192,6556,10800,-84,-17,87,7736,-9356,10168,-168,69,-170,-13764,4100,5512,-1006,110,-63,-14048,-4912,6540,-526,98,-133,0
839.7096619606018,8936,6692,11128,-114,-81,150,7604,-9168,10188,-17,97,-134,-13780,4140,5828,-982,177,-9,-14020,-5020,6632,-446,-37,-105,0
839.7448699474335,8816,6556,11164,-156,-65,96,7608,-9660,10084,-56,157,-165,-13848,4100,5776,-1016,92,-61,-13864,-4964,6496,-428,197,-125,0
839.7801921367645,8936,6684,11008,-123,-132,100,7492,-9620,10248,-83,200,-198,-13604,4132,5392,-1042,83,-129,-13944,-4980,6476,-523,299,-108,0
839.8166840076447,8852,6616,11156,-65,-178,136,7512,-9312,10176,-54,110,-229,-13832,4256,5588,-964,120,-123,-13888,-4920,6596,-533,171,-78,0
839.84996509552,8860,6476,11180,-128,-128,150,7700,-9296,10136,-63,133,-155,-13644,3844,5600,-962,124,-43,-14000,-4900,6440,-532,97,-136,0
839.8835060596466,8984,6412,11180,-77,-78,97,7692,-9344,10236,-67,186,-104,-13780,4124,5416,-970,30,-12,-14064,-4960,6316,-490,100,-125,0
839.9172251224518,8888,6584,11092,-203,-16,99,7632,-9324,10264,-13,175,-128,-13632,4152,5668,-981,45,-81,-13920,-4820,6340,-512,74,-113,0
839.9505789279938,8744,6556,11124,-132,-25,98,7580,-9336,10144,-33,132,-153,-13852,4256,5656,-1013,102,-82,-14012,-4956,6156,-257,100,-116,0
839.9838171005249,8960,6516,10968,-141,-64,102,7652,-9260,10160,-61,109,-177,-13784,4072,5416,-1275,124,-47,-14044,-4876,6652,-486,186,-97,0
840.0174140930176,8808,6528,11072,-169,-97,128,7532,-9248,10044,-27,105,-198,-13768,4172,5576,-990,149,-86,-13868,-4972,6512,-466,185,-93,0
840.0507900714874,8892,6524,11100,-129,-119,120,7608,-9340,10224,-34,105,-216,-13848,4180,5692,-993,107,-94,-13980,-5120,6456,-515,134,-128,0
840.0844750404358,9124,6528,11124,-139,-63,85,7556,-9368,10108,-18,123,-187,-13884,4212,5664,-1002,83,-107,-14036,-5032,6536,-473,171,-112,0
840.1181359291077,9184,6568,11008,-106,-27,88,7584,-9260,9992,-9,157,-161,-13804,4208,5676,-975,90,-81,-13996,-4968,6460,-484,106,-134,0
840.1513121128082,8876,6492,11204,-91,-36,72,7716,-9504,10224,-49,181,-167,-13852,4156,5660,-1007,18,-53,-13856,-4900,6456,-519,168,-157,0
840.1850209236145,8860,6648,11180,-186,-100,96,7668,-9432,10184,-38,201,-179,-13804,4224,5460,-964,56,-67,-14008,-4932,6460,-509,125,-134,0
840.2186801433563,8792,6556,11024,-119,-83,101,7616,-9348,10124,-42,92,-184,-13784,3888,5376,-998,98,-65,-14060,-5116,6376,-541,136,-122,0
840.2519450187683,8864,6616,10824,-144,-23,108,7580,-9264,10184,-7,73,-152,-13832,4328,5404,-1050,136,-63,-13976,-5032,6340,-499,168,-75,0
840.2854650020599,8848,6680,11256,-130,-73,103,7616,-9360,10176,-61,141,-192,-13832,4144,5732,-1022,91,-121,-13900,-5008,6272,-499,144,-116,0
840.3191480636597,8836,6552,11052,-108,-116,100,7556,-9312,10220,-46,157,-222,-13584,4068,5688,-1017,75,-95,-13956,-5008,6444,-492,180,-122,0
840.352499961853,8844,6532,11196,-114,-109,74,7436,-9408,10248,-34,179,-194,-13728,3840,5744,-769,80,-71,-13928,-4944,6500,-472,175,-134,0
840.3858079910278,8884,6608,11172,-148,-73,83,7540,-9408,10240,-8,115,-186,-13680,4132,5476,-1002,104,-66,-13924,-4980,6508,-443,146,-90,0
840.4194581508636,8848,6576,11184,-141,-72,104,7592,-9240,10168,-68,93,-181,-13740,4108,5600,-1029,142,-116,-13968,-4928,6544,-488,165,-88,0
840.4530580043793,8896,6496,11052,-122,-52,105,7636,-9292,9996,-34,116,-155,-14080,4244,5624,-1020,86,-88,-13964,-4948,6416,-492,115,-94,0
840.4867219924927,8856,6640,11204,-144,-24,112,7612,-9404,10172,-27,123,-144,-13796,4096,5504,-1009,66,-68,-13848,-4996,6240,-496,118,-134,0
840.5202679634094,8584,6608,11076,-117,-55,112,7600,-9392,10188,-42,108,-160,-14056,4072,5672,-1026,73,-26,-13952,-4936,6400,-498,146,-103,0
840.5537099838257,8792,6404,11260,-146,-54,125,7496,-9472,10432,-16,145,-163,-13936,4124,5720,-996,96,-80,-13972,-4928,6232,-498,157,-117,0
840.5873210430145,8864,6656,11236,-138,-44,117,7488,-9336,10200,-44,150,-173,-13892,4160,5568,-946,97,-72,-14056,-4896,6616,-516,140,-118,0
840.6208291053772,8808,6608,11280,-106,-91,118,7452,-9352,10204,-38,120,-178,-14032,4084,5656,-972,113,-100,-13940,-4980,6524,-516,155,-132,0
840.6538331508636,8820,6544,11168,-111,-82,117,7464,-9392,10204,-62,93,-182,-13780,4108,5496,-999,58,-43,-14004,-5048,6496,-765,156,-148,0
840.6874151229858,8812,6624,11140,-114,-42,76,7932,-9336,10480,-57,156,-159,-13796,4084,5600,-968,54,-24,-13992,-5104,6528,-498,108,-186,0
840.721174955368,8716,6556,11076,-124,-2,53,7560,-9420,10068,-44,227,-135,-13844,4132,5632,-1009,18,-23,-13924,-5000,6404,-516,100,-175,0
840.7545080184937,8956,6556,11072,-128,9,61,7560,-9412,10120,-27,175,-145,-13744,4188,5596,-991,34,-88,-13964,-4976,6416,-257,133,-148,0
840.7880280017853,8856,6908,11024,-119,4,93,7592,-9388,10176,-38,128,-137,-13776,4164,5472,-1009,47,-98,-13888,-4924,6544,-509,125,-130,0
840.8215029239655,8768,6560,11076,-92,-39,88,7556,-9324,10204,-53,164,-155,-13780,4248,5540,-921,52,-104,-13924,-4984,6460,-517,131,-133,0
840.8591959476471,8884,6568,11140,-98,-49,94,7536,-9312,10036,-53,146,-165,-13704,4100,5564,-993,40,-66,-13948,-4940,6180,-531,150,-131,0
840.894357919693,8864,6548,11168,-84,-77,65,7572,-9356,10320,-48,123,-176,-13812,4144,5804,-1015,62,-67,-13892,-4916,6336,-491,133,-169,0
840.9297709465027,8780,6524,11024,-90,-38,84,7508,-9360,10244,-55,121,-145,-13776,4164,5884,-1279,52,-48,-13924,-4916,6552,-257,133,-179,0
840.9654939174652,8772,6864,11028,-82,-29,78,7656,-9392,10464,-39,102,-148,-13688,4300,5848,-966,65,-73,-13952,-4948,6508,-507,120,-152,0
841.0013899803162,8948,6424,11224,-126,-16,50,7564,-9380,10176,-116,136,-151,-13792,4148,5740,-975,87,-28,-14024,-5008,6388,-501,60,-132,0
841.0372099876404,8840,6560,11008,-110,-38,69,7696,-9368,10148,-70,170,-150,-13736,4196,5804,-1011,37,-36,-13872,-4996,6556,-527,150,-126,0
841.0723481178284,8712,6740,11152,-124,-42,122,7584,-9264,10204,-5,117,-152,-13764,4172,5548,-1015,34,-67,-13940,-4876,6416,-491,92,-150,0
841.1074481010437,8744,6748,11132,-85,-33,112,7548,-9284,10276,-84,124,-147,-13588,4108,5604,-977,62,-38,-14000,-4980,6404,-539,97,-141,0
841.1428780555725,8856,6564,11052,-120,-18,90,7500,-9336,10160,-53,110,-174,-13780,4152,5728,-1003,110,-107,-13880,-4924,6340,-477,161,-114,0
841.1787090301514,8752,6560,11156,-102,-250,93,7528,-9320,10228,-42,112,-159,-13820,4204,5796,-1017,82,-45,-13852,-5060,6480,-520,119,-142,0
841.2141780853271,8712,6708,11244,-95,19,124,7608,-9440,10484,-51,129,-137,-13736,4092,5620,-1000,63,-49,-13976,-5068,6548,-484,79,-112,0
841.2496111392975,8788,6636,11212,-158,-35,72,7576,-9436,10348,-96,155,-168,-13728,4132,5676,-952,71,-80,-13900,-4936,6508,-497,117,-144,0
841.2848660945892,8672,6624,11212,-142,-16,71,7540,-9492,10296,-54,170,-163,-13800,4056,5652,-1001,91,-81,-13816,-4972,6472,-479,169,-139,0
841.3207619190216,8612,6408,11044,-156,-72,107,7520,-9696,10044,0,104,-171,-13580,4240,5604,-1005,126,-100,-13808,-4932,6512,-505,219,-124,0
841.3560791015625,8732,6880,11120,-120,-85,111,7548,-9380,10364,-41,117,-197,-13760,4216,5580,-1001,111,-54,-13888,-5012,6600,-490,200,-102,0
841.3918540477753,8764,6672,11268,-177,-111,121,7612,-9364,10136,-10,111,-209,-13836,4316,5604,-995,138,-90,-13860,-4928,6480,-494,195,-72,0
841.4280829429626,8712,6540,11140,-176,-73,117,7548,-9480,10264,-12,171,-200,-13900,4176,5664,-1023,122,-148,-13828,-4972,6420,-469,204,-97,0
841.4633209705353,8756,6712,11208,-173,-123,143,7548,-9384,10208,33,157,-203,-13856,4344,5788,-1271,139,-106,-13936,-4948,6452,-467,196,-66,0
841.4989190101624,8744,6628,11156,-186,-125,146,7508,-9280,9996,-19,163,-188,-13700,4164,5760,-972,135,-78,-13912,-5008,6516,-497,201,-76,0
841.532289981842,8940,6676,11216,-190,-181,131,7600,-9452,10088,-45,188,-213,-13752,4048,5784,-961,110,-118,-13928,-5036,6440,-466,233,-92,0
841.565896987915,8472,6408,11104,-216,-151,119,7536,-9408,10092,0,189,-213,-13756,4056,5564,-969,162,-148,-13764,-4960,6480,-476,224,-96,0
841.599555015564,8820,6660,11208,-178,-168,121,7584,-9460,10072,23,172,-227,-13840,4152,5728,-977,153,-202,-13912,-5012,6440,-257,307,-81,0
841.6327369213104,8832,6560,11168,-189,-169,114,7560,-9344,10280,-256,200,-198,-13812,4108,5656,-874,203,-127,-13928,-4904,6452,-540,350,-79,0
841.6659469604492,8844,6624,11068,-247,-110,103,7548,-9328,10144,15,202,-211,-13832,4108,5616,-914,173,-166,-14012,-4992,6276,-481,411,-86,0
841.6994559764862,8704,6620,11132,-314,-89,106,7524,-9308,10188,-45,237,-183,-13788,4164,5712,-828,217,-195,-13864,-4852,6404,-490,372,-52,0
841.7330460548401,8736,6728,11284,-511,-14,84,7544,-9312,10056,-110,236,-192,-14016,4216,5500,-801,275,-200,-14096,-4976,6556,-515,220,-56,0
841.7666790485382,8792,6600,11212,-221,-43,127,7592,-9396,10196,-64,181,-167,-13752,4228,5468,-734,176,-86,-13948,-4940,6504,-566,68,-96,0
841.8002500534058,8796,6628,11428,-128,-120,130,7512,-9348,10212,-155,145,-209,-13780,4088,5656,-573,129,-74,-14024,-5004,6292,-581,150,-122,0
841.8337659835815,8512,6744,11156,-45,-221,138,7196,-9428,10260,-224,52,-210,-13748,4056,5588,-618,122,-65,-14012,-5032,6192,-585,148,-131,0
841.8673160076141,8752,6828,11352,-118,-249,161,7620,-9308,10132,-114,100,-265,-13860,4128,5828,-697,81,-127,-13884,-4708,6296,-481,284,-109,0
841.9005999565125,8832,6576,11060,-192,-201,151,7532,-9380,10124,-64,156,-210,-14052,4292,5744,-798,37,-117,-14284,-4616,6248,-408,457,-67,0
841.9342279434204,8784,6564,11108,-296,-103,173,7536,-9268,10164,-252,198,-170,-13816,4152,5640,-873,76,-40,-14052,-4940,6400,-419,419,-68,0
841.9677169322968,8716,6528,11220,-403,-185,226,7580,-9304,10200,171,77,-165,-13796,4248,5520,-1068,109,-102,-13956,-4980,6480,-40,491,25,0
842.001296043396,8948,6564,11184,-445,-86,149,7552,-9424,10196,41,221,-178,-13712,4120,5808,-948,79,-136,-14064,-4960,6280,-188,759,-69,0
842.0352940559387,8796,6408,11248,-555,146,181,7596,-9436,10072,159,228,-208,-13724,4204,5456,-965,24,-172,-13916,-4884,6492,-284,685,-67,0
842.06871509552,8808,6468,11248,-470,-53,213,7596,-9368,10064,214,187,-239,-13724,4252,5480,-967,75,-190,-14288,-4976,6640,-349,369,-82,0
842.102301120758,8868,6360,11236,-376,-61,227,7484,-9320,10028,44,107,-5,-13864,4308,5496,-867,130,-189,-13984,-4768,6236,-768,304,-96,0
842.1355321407318,8820,6440,11236,-446,42,198,7548,-9392,10244,118,142,-218,-13832,4236,5612,-913,77,-177,-13924,-4924,6304,-477,523,-131,0
842.1693351268768,8856,6388,11340,-577,178,238,7604,-9364,10212,170,211,-205,-13912,4104,5428,-905,20,-172,-14084,-5092,6236,-634,524,-173,0
842.2028949260712,8816,6652,11208,-447,171,168,7568,-9352,10196,56,263,-185,-13792,4188,5596,-915,18,-134,-14124,-4912,6248,-636,280,-205,0
842.2366380691528,8832,6360,11108,-342,215,154,7628,-9368,10172,-44,129,-187,-13648,4232,5612,-804,69,-102,-14084,-4996,6252,-742,0,-203,0
842.2701001167297,8780,6316,11288,-370,176,170,7708,-9264,10472,-98,148,-177,-14060,4200,5608,-847,255,-56,-14080,-4944,6088,-718,125,-207,0
842.3036820888519,8912,6648,11304,-279,223,118,7516,-9272,10148,-100,179,-166,-13592,4172,5456,-995,-24,-88,-14212,-4920,5724,-1266,-193,-229,0
842.33731508255,7788,6752,10916,-287,522,70,7848,-9332,10024,-28,50,-169,-13772,4176,5780,-1042,-13,-67,-14292,-5056,5888,-627,255,-176,0
842.37082695961,8612,6356,11320,-189,599,81,7668,-9280,10416,-60,155,-162,-13808,4176,5752,-1040,34,-38,-14020,-4908,5972,-558,4,-96,0
842.4042580127716,8576,6420,11116,-219,623,72,7488,-9456,9984,-115,37,-194,-13776,4200,5868,-974,49,-44,-13856,-5036,6164,-474,149,-87,0
842.4377720355988,8556,6396,11380,-191,713,51,7636,-9352,10268,-89,164,-129,-13692,4276,5604,-1035,-5,-39,-14112,-4896,6388,-507,44,-139,0
842.4713101387024,8576,6352,11380,-130,677,64,7628,-9284,10080,-17,250,-122,-13752,4268,5680,-1025,-36,-54,-13952,-4944,6276,-568,110,-124,0
842.5047039985657,8196,6316,11656,-114,563,60,7340,-9368,10216,-12,140,-103,-13752,4184,5876,-1058,-27,-69,-14020,-4908,6256,-571,87,-161,0
842.5433239936829,8412,6384,11500,-99,493,91,7496,-9296,10236,-35,75,-155,-13736,4128,5720,-965,-66,-34,-14084,-5008,6032,-570,85,-117,0
842.5786731243134,8404,6388,11488,-135,312,54,7488,-9372,10284,3,163,-194,-13744,4112,5656,-968,18,-59,-14084,-4912,6268,-540,149,-100,0
842.6137149333954,8644,6372,11464,-157,225,84,7512,-9220,10236,-25,98,-187,-13660,4304,5656,-1072,19,-105,-14024,-4904,6224,-533,64,-138,0
842.6491029262543,8380,6308,11768,-117,156,122,7528,-9328,10148,-10,107,-156,-13740,4128,5752,-990,-22,-8,-14144,-4932,6288,-533,74,-186,0
842.6842770576477,8384,6448,11288,-127,110,94,7584,-9308,10312,-35,-236,-176,-13772,4100,5928,-912,-5,-83,-13956,-4896,6088,-471,142,-172,0
842.7200560569763,8356,6456,11264,-57,-33,82,7652,-9368,10248,-49,122,-157,-13700,4220,5696,-992,-19,-43,-14008,-4872,6256,-488,126,-210,3
842.7555119991302,8368,6356,11660,-31,-136,87,7572,-9344,10156,-254,149,-211,-13724,4192,5764,-988,-81,-55,-13992,-5032,6344,-537,311,-201,3
842.7917969226837,8384,6456,11444,-60,-76,80,7472,-9284,10328,-37,153,-161,-13712,4132,5760,-1063,11,-47,-14008,-5064,5928,-437,244,-84,3
842.8281180858612,8372,6468,11628,-90,-115,84,7528,-9368,10316,-81,131,-202,-13572,4244,5856,-1061,61,-68,-14240,-4980,6236,-358,126,-105,3
842.863312959671,8324,6440,11464,-112,-33,131,7536,-9344,10000,-74,130,-172,-13648,4380,5812,-911,20,-58,-14044,-4944,6276,-450,110,-144,3
842.898649930954,8288,6500,11528,-44,-38,103,7544,-9324,10140,-78,151,-129,-13720,4184,5744,-1128,60,-7,-13992,-4880,6356,-434,159,-129,3
842.9334800243378,8332,6436,11452,-106,-97,111,7488,-9392,10212,-80,127,-146,-13700,4104,6116,-1094,98,-71,-13956,-5044,6144,-448,207,-103,3
842.9694631099701,8072,6624,11740,-133,-142,120,7500,-9352,10164,-61,130,-188,-13648,4084,5680,-1070,38,-100,-14076,-4936,6236,-432,183,-142,3
843.0047180652618,8368,6372,11444,-141,-132,87,7572,-9392,10096,-27,152,-190,-13764,4216,5684,-1047,-8,-103,-14048,-5008,6112,-474,204,-194,3
843.0402660369873,8316,6484,11452,-109,-160,98,7632,-9380,10448,-61,32,-140,-13708,4236,5816,-1145,50,-103,-14128,-4940,6224,-414,262,-167,3
843.0757701396942,8400,6412,11620,-180,-87,107,7500,-9368,10024,47,119,-185,-13708,4148,5740,-1013,17,-92,-14052,-5028,6128,-404,194,-162,0
843.1113801002502,8348,6456,11324,-197,-115,118,7660,-9452,10056,-32,398,-214,-13648,4292,5412,-1149,96,-106,-13992,-4928,5928,-411,173,-140,0
843.1471519470215,8544,6424,11460,-194,-116,135,7664,-9380,10248,251,65,-171,-13712,4216,5828,-1113,60,-108,-13904,-4936,6204,-443,137,-110,0
843.1830461025238,8240,6372,11716,-195,-32,130,7468,-9428,10360,0,167,-134,-13720,4152,5732,-1098,250,-96,-14072,-4976,6208,-403,134,-113,0
843.2166831493378,8332,6400,11316,-184,-113,88,7532,-9352,10040,58,135,-126,-13732,4224,5812,-1145,98,-72,-14112,-5024,6148,-449,51,-114,0
843.2545280456543,8436,6308,11668,-105,-87,111,7560,-9400,10332,0,95,-145,-13652,4092,5784,-1108,109,-47,-14032,-4944,6108,-404,-35,-122,0
843.2883100509644,8236,6348,11320,-108,-17,76,7580,-9236,10372,3,103,-143,-13760,3932,5652,-1124,133,-92,-14068,-5036,6208,-371,63,-115,0
843.321741104126,8276,6464,11400,-125,-28,90,7496,-9348,10304,17,56,-163,-13608,4108,5832,-1138,161,-80,-14004,-5008,6288,-410,86,-73,0
843.3548741340637,8384,6496,11572,-176,-12,104,7480,-9336,10156,31,79,-158,-13684,4168,5860,-1066,153,-65,-13840,-4880,6332,-392,72,-53,0
843.3881471157074,8324,6476,11640,-210,-63,112,7264,-9412,10204,11,129,-204,-13720,4132,5784,-1039,182,-60,-13996,-5016,6216,-407,116,-54,0
843.4218299388885,8384,6420,11584,-200,-168,153,7572,-9432,10384,-46,80,-221,-13668,4232,5852,-1062,194,-122,-14052,-4892,6320,-402,134,-48,0
843.4555780887604,8388,6412,11656,-148,-208,171,7484,-9320,10180,39,51,-225,-13688,4128,5776,-1088,131,-152,-14088,-4912,6160,-441,167,-50,0
843.4892210960388,8264,6368,11336,-153,-170,139,7524,-9336,10172,41,101,-219,-13680,4184,5556,-1072,149,-107,-13844,-5028,6176,-406,168,-44,0
843.52290391922,8320,6612,11484,-195,-207,176,7504,-9308,9996,50,81,-206,-13636,4188,5788,-1061,123,-117,-14036,-5008,6376,-396,158,-57,0
843.5560591220856,8412,6428,11716,-197,-215,163,7572,-9396,10068,39,120,-207,-13744,4168,5872,-1047,146,-64,-14048,-4984,6192,-408,202,-91,0
843.5897860527039,8376,6400,11568,-195,-253,142,7556,-9488,10348,41,141,-221,-13684,4140,5756,-1060,132,-112,-14292,-4948,6060,-385,195,-68,0
843.6235179901123,8380,6152,11744,-166,-225,144,7504,-9264,10128,28,123,-222,-13668,4108,5720,-1035,135,-109,-14036,-4988,6224,-458,211,-82,0
843.6569421291351,8396,6628,11372,-165,-308,151,7544,-9456,10024,-18,113,-236,-13736,4156,5764,-1011,166,-108,-13976,-4980,6136,-440,174,-84,0
843.6904759407043,8524,6632,11284,-164,-319,138,7528,-9344,10004,-14,100,-233,-13612,3900,5788,-1045,156,-141,-13860,-4944,6284,-431,175,-48,0
843.7239480018616,8696,6228,11400,-180,-271,137,7600,-9372,10248,-9,92,-222,-13768,3968,5640,-1004,132,-100,-13828,-4940,6220,-462,181,-82,0
843.7574660778046,8512,6368,11460,-158,-264,132,7564,-9380,10200,14,114,-213,-13600,4148,5664,-1046,105,-93,-14052,-4944,6196,-457,156,-90,0
843.7910659313202,8616,6316,11380,-163,-301,143,7568,-9300,10484,255,111,-199,-13668,4128,5812,-1019,177,-111,-13940,-4940,6236,-450,150,-76,0
843.8245189189911,8224,6464,11668,-160,-323,169,7568,-9328,10376,-17,107,-228,-13712,4176,5828,-996,159,-121,-14096,-4864,6200,-458,154,-79,0
843.8579959869385,8488,6160,11424,-103,-257,137,7604,-9300,10168,-55,101,-206,-13696,4140,5684,-1026,152,-86,-14072,-4924,6172,-532,117,-88,0
843.8912551403046,8596,6316,11472,-131,-395,184,7484,-9348,10444,-30,73,-206,-13768,4064,5844,-770,121,-73,-13992,-4920,6280,-497,141,-101,0
843.9249830245972,8572,6352,11384,-125,-311,141,7592,-9332,10484,-6,86,-204,-13772,4152,5852,-1003,139,-64,-14080,-4936,6304,-484,131,-91,0
843.9586730003357,8600,6308,11336,-110,-359,147,7544,-9368,10336,-65,150,-223,-13696,4184,5688,-1003,138,-97,-13868,-4912,6296,-468,92,-96,0
843.9922909736633,8612,6424,11412,-120,-340,110,7572,-9280,10296,-35,122,-225,-13644,4236,5524,-1020,125,-147,-14000,-4680,6316,-487,148,-90,0
844.0257680416107,8712,6324,11440,-71,-284,129,7620,-9384,10244,35,113,-210,-13840,4156,5696,-1081,135,-102,-14112,-4920,6292,-502,15,-118,0
844.0593430995941,8592,6304,11364,-69,-269,123,7608,-9252,10044,-83,74,-175,-13712,4104,5760,-1037,106,-67,-14020,-4968,6168,-258,104,-86,0
844.0930271148682,8656,6368,11496,-85,-326,92,7524,-9252,10236,-60,124,-192,-13784,4328,5636,-1031,113,-86,-14084,-4956,6328,-540,106,-104,0
844.1268861293793,8620,6360,11284,-69,-369,97,7648,-9304,10168,-89,110,-211,-13752,4164,5852,-1053,141,-64,-14048,-4884,6408,-479,27,-108,0
844.1601600646973,8624,6380,11292,-12,-219,86,7520,-9272,10208,-83,80,-191,-13612,4116,5672,-1067,214,-93,-13968,-4860,6256,-466,32,-90,0
844.1959199905396,8604,6296,11156,253,-191,85,7568,-9268,10032,-87,98,-170,-13756,4040,5796,-1116,159,-68,-14100,-4812,6204,-555,84,-132,0
844.2311639785767,8664,6452,11460,-84,-380,69,7612,-9256,10200,-152,142,-187,-13764,4180,5788,-1075,110,-56,-13848,-4968,6528,-383,-27,-120,0
844.2672131061554,8608,6448,11468,5,-214,49,7632,-9248,10228,-80,102,-137,-13768,4168,5652,-1040,215,-34,-14000,-4900,6252,-479,13,-96,0
844.3022429943085,8668,6328,11516,-69,-214,73,7576,-9292,10184,-78,91,-153,-13640,4112,5788,-1124,167,-102,-14008,-4932,6448,-373,22,-83,0
844.3381230831146,8636,6396,11260,-69,-52,63,7444,-9296,10096,-76,95,-177,-13760,3984,5672,-1126,172,-81,-14024,-5112,6212,-402,115,-114,0
844.3733720779419,8672,6408,11452,-118,-21,45,7652,-9368,10168,-72,141,-147,-13744,4188,5784,-1108,132,-69,-13936,-4972,6348,-372,75,-118,0
844.409373998642,8880,6408,11404,-139,-33,64,7532,-9348,10108,-65,160,-164,-13752,4180,5796,-1060,116,-86,-14028,-4912,6476,-402,144,-124,0
844.4450750350952,8940,6652,11344,-113,-50,66,7544,-9292,10284,-18,138,-181,-13692,4128,5804,-1045,145,-48,-14036,-4976,6404,-423,182,-129,0
844.4807269573212,8632,6448,11196,-181,-143,82,7564,-9280,10436,-49,198,-166,-13692,4204,5736,-1044,135,-140,-13984,-5120,6340,-358,1,-94,0
844.515594959259,8664,6524,11316,-259,-68,94,7616,-9340,10200,-41,217,-181,-13716,4004,5636,-1011,139,-74,-14004,-4668,6320,-361,201,-111,0
844.55180311203,8764,6420,11324,-259,-143,86,7428,-9240,10212,-83,23,-160,-13760,4284,5820,-991,117,-57,-13956,-4844,6304,-368,187,-92,0
844.5876400470734,8788,6308,11328,-275,-54,68,7644,-9388,10040,240,372,-159,-13776,4108,5836,-1016,113,-100,-14000,-4872,6300,-389,202,-95,0
844.62286901474,8688,6384,11348,-240,-35,94,7624,-9276,10200,-48,165,-105,-13736,3996,5716,-1028,132,-36,-13992,-4624,6416,-385,194,-81,0
844.657711982727,8640,6428,11052,-287,-66,78,7616,-9408,10312,-56,236,-157,-14024,4264,5700,-995,160,-126,-14068,-4908,6200,-380,247,-106,0
844.6937429904938,8692,6412,11512,-356,-69,63,7492,-9300,10216,-94,241,-171,-13976,4120,5700,-948,210,-56,-13968,-4876,6396,-390,234,-58,0
844.7289290428162,8676,6412,11288,-311,-12,59,7564,-9316,10168,-62,202,-128,-13640,4072,5692,-965,216,-50,-13920,-4860,6456,-427,191,-103,0
844.7651281356812,8696,6540,11404,-305,13,121,7564,-9396,10168,-40,134,-160,-13716,4164,5472,-917,107,-55,-13976,-4904,6488,-472,54,-150,0
844.8008239269257,8688,6356,11544,-188,-139,146,7520,-9436,10040,-5,73,-189,-13636,4308,5440,-809,-21,30,-13980,-5080,6628,-590,-37,-203,0
844.8360180854797,8592,6288,11524,15,-181,105,7524,-9440,10272,-83,96,-181,-14012,4188,5732,-905,13,-58,-13984,-4648,6344,-547,252,-168,0
844.8717980384827,8696,6452,11204,-111,-229,131,7552,-9320,10240,57,141,-168,-13764,4112,5816,-1022,-30,-114,-14096,-4828,6368,-429,184,-138,0
844.9048600196838,8636,6328,11312,-142,-101,113,7496,-9268,10164,4,169,-152,-13696,4336,5788,-970,69,-76,-14008,-4948,6316,-435,171,-147,0
844.9382479190826,8928,6652,11304,-220,-113,103,7472,-9240,10448,-45,133,-200,-13696,4104,5684,-890,47,-52,-14000,-4784,6424,-449,227,-121,0
844.9718561172485,8652,6148,11368,-305,-43,145,7476,-9320,10104,-27,120,-187,-13776,4184,5688,-826,33,-45,-13968,-4680,6184,-598,282,-177,0
845.0054459571838,8592,6272,12424,268,-583,142,7576,-9404,9972,-56,152,-184,-13576,4116,5840,-806,46,-93,-14236,-4844,6500,-623,258,-167,0
845.0387589931488,8868,6184,11396,-196,-203,110,7648,-9448,10172,-55,155,-184,-13728,4068,5788,-875,77,-92,-13980,-4872,6292,-335,270,-130,0
845.0722739696503,8940,6612,11504,-302,-173,173,7496,-9240,10304,-90,184,-212,-13828,4140,5660,-904,122,-112,-14320,-4980,6280,-152,392,-63,0
845.1058049201965,8860,6220,11408,-499,-136,153,7520,-9308,10204,-39,257,-147,-13692,4180,5704,-975,157,-84,-14168,-4928,6148,-235,380,-105,0
845.1390681266785,8800,6288,11348,-544,-222,121,7540,-9420,10284,-14,315,-140,-13756,4336,5644,-925,205,-103,-13936,-4920,6240,-326,345,-93,0
845.1728401184082,8652,6272,11140,-417,-198,97,7352,-9472,10236,-114,334,-154,-13392,4320,6080,-937,310,-114,-13964,-4808,6248,-268,381,-91,0
845.2064681053162,8892,6212,11316,-474,-268,168,7448,-9368,10172,-74,267,-210,-13632,4188,5704,-954,195,-132,-13872,-4816,6556,-218,352,-67,0
845.2396609783173,8720,6368,11720,-305,-329,170,7584,-9416,10012,-40,232,-205,-13672,4236,5500,-898,134,-49,-14108,-4732,6400,-236,254,-73,0
845.2731781005859,8700,6224,11296,-110,-2,201,7572,-9372,10276,-125,202,-135,-13780,4248,5668,-774,279,-83,-14008,-4744,6036,-123,421,-5,0
845.306941986084,8732,6220,11440,-533,-154,252,7456,-9304,10096,-8,184,-117,-13776,4116,5840,-1142,174,-100,-14180,-4880,6460,-89,335,-59,0
845.3402960300446,8704,6224,11548,-444,-314,223,7456,-9352,10196,34,275,-193,-13752,4156,5724,-1266,156,-146,-13968,-4900,6304,-340,334,-82,0
845.3738250732422,8684,6252,11364,-418,-300,206,7276,-9336,10280,-60,266,-218,-13716,4116,5632,-1040,230,-172,-14300,-4796,6268,-283,446,-42,0
845.4072000980377,8804,6168,11324,-502,-274,180,7416,-9376,10088,39,298,-235,-13724,4140,5612,-1058,276,-157,-14044,-4800,6332,-237,361,-43,0
845.4402401447296,8748,6076,11416,-459,-303,174,7480,-9376,10404,22,308,-222,-13772,4104,5516,-1008,267,-190,-14240,-4660,6244,-244,402,-26,0
845.4738111495972,8876,6072,11088,-397,-242,175,7580,-9356,10208,29,298,-232,-13768,4180,5588,-1082,237,-138,-13860,-4736,6240,-17,217,-62,0
845.5073680877686,8852,6092,11308,-318,-273,159,7400,-9352,10360,-14,1,-181,-13668,3852,5656,-908,223,-180,-14196,-4724,6408,-193,291,-13,0
845.5409240722656,8880,6048,11356,-479,-267,214,7184,-9420,10368,53,298,-228,-13756,3864,5824,-1110,298,-124,-14324,-4640,6252,-264,275,-13,0
845.5743300914764,8856,5892,11028,-370,-324,173,7472,-9300,10048,-76,396,-160,-13824,4008,5664,-1143,427,-114,-14120,-4720,5920,-305,246,16,0
845.6079211235046,8916,6072,11384,-133,-469,71,7392,-9428,10388,-62,451,-231,-13764,4060,5712,-1079,403,-112,-13900,-4720,6292,-336,207,-4,0
845.641371011734,8708,6076,11360,-306,-279,139,7260,-9344,10248,-52,282,-170,-13788,4096,5568,-1106,338,-142,-14060,-4728,6184,-318,208,3,0
845.674889087677,8772,6056,11504,-219,-292,149,7504,-9248,10036,250,199,-231,-13816,4324,5844,-1070,185,-110,-14188,-4668,6288,-394,206,-56,0
845.7085320949554,8884,6052,11732,-111,-255,139,7452,-9344,9860,6,161,-203,-13828,4100,5564,-970,140,-85,-14112,-4676,6312,-529,3,-78,0
845.7417900562286,8928,6088,11268,-63,-281,154,7208,-9396,10420,-84,158,-177,-13572,4128,5832,-1003,138,-102,-14164,-4696,6168,-342,255,-45,0
845.7754609584808,9112,5988,11388,-196,-274,194,7588,-9432,10236,-58,216,-175,-13924,4084,5824,-1060,121,-47,-14192,-4720,6300,-767,202,-104,0
845.8092329502106,9036,6092,11288,-126,-237,157,7656,-9384,10352,-52,190,-196,-14048,4156,5520,-1084,108,-97,-14100,-4688,6276,-439,186,-76,0
845.8426690101624,8708,6016,11364,-118,-160,121,7312,-9332,10300,-10,206,-163,-13824,4160,5540,-1043,97,-133,-14128,-4752,6324,-448,234,-77,0
845.8782739639282,9012,5952,11368,-160,-226,143,7348,-9340,10228,-48,157,-207,-13772,4016,5624,-1046,71,-92,-13880,-4644,6260,-449,243,-85,0
845.9143309593201,9008,6012,11356,-105,-225,104,7144,-9160,10312,-37,189,-236,-13864,4228,5520,-947,68,-110,-14080,-4692,6200,-527,86,-124,0
845.9499499797821,9204,6000,11400,-58,-195,81,7420,-9360,10288,-141,137,-212,-13792,4312,6088,-951,67,-59,-14064,-4664,5928,-494,223,-161,0
845.9853520393372,9028,5916,11448,-76,-111,88,7648,-9304,10240,-93,163,-188,-13884,4128,5452,-995,26,-77,-14184,-4688,6256,-554,150,-169,0
846.0212149620056,9016,5980,11344,-24,-109,55,7356,-9340,10276,-126,176,-182,-13780,4048,5676,-969,79,-15,-14228,-4668,6196,-531,118,-144,0
846.0560441017151,9144,6000,11260,-57,-89,50,7448,-9444,10316,-60,155,-167,-13728,4044,5632,-1041,-32,-7,-14140,-4628,6084,-466,135,-185,0
846.0918500423431,8988,6092,11252,-143,-111,68,7396,-9544,10096,-75,220,-153,-14040,4116,5588,-976,26,-49,-14052,-4784,6252,-524,187,-154,0
846.1276450157166,8948,6112,11260,-37,-79,86,7348,-9380,10348,-127,132,-157,-13900,3976,5644,-965,64,-27,-14120,-4804,6352,-768,100,-119,0
846.1628079414368,8932,5892,11820,334,-416,83,7404,-9472,10344,-111,195,-181,-13544,4048,5556,-996,77,-108,-13996,-4836,6296,-519,224,-121,0
846.198823928833,9000,6348,11408,-100,-111,111,7392,-9488,10284,-79,143,-197,-13824,4084,5692,-1032,42,247,-14220,-4700,6204,-505,112,-162,0
846.2339050769806,8968,6096,11328,-82,-52,75,7308,-9328,10176,-68,169,-165,-13700,4140,5788,-1000,8,244,-14140,-4740,6212,-524,108,-171,0
846.2693819999695,8936,6188,11456,-108,-47,50,7304,-9460,10092,-104,179,-165,-13908,4192,5956,-739,-78,16,-14028,-4744,6336,-486,94,-149,0
846.3048400878906,9004,6088,11280,-140,-66,58,7196,-9352,10240,-130,188,-190,-13760,4196,5544,-1025,68,-63,-14076,-4776,6272,-474,132,-137,0
846.340861082077,9052,6100,11348,-94,-69,75,7312,-9496,10276,-90,177,-174,-13760,4156,5556,-961,55,-91,-14116,-4756,6308,-601,141,-186,0
846.3759801387787,8956,6108,11168,-90,-121,101,7340,-9392,10088,-106,151,-180,-13740,4156,5880,-999,70,-66,-14088,-4652,6208,-480,201,-132,0
846.4118700027466,8964,6060,11200,-100,-133,102,7376,-9392,10012,-172,325,-200,-13820,4132,5484,-1071,105,-66,-13876,-4692,5904,-493,190,-109,0
846.4477190971375,9064,6104,11292,-106,-126,94,7264,-9396,10460,-62,144,-180,-14080,3844,5584,-1005,113,-65,-14156,-4816,6380,-519,106,-139,0
846.483011007309,8968,6100,11408,-99,-78,81,7304,-9512,10300,-70,143,-171,-13876,4148,5500,-1062,50,-69,-13840,-4772,6244,-474,105,-174,0
846.5196950435638,8976,6176,11276,-83,-52,55,7376,-9440,10084,-94,510,-80,-13664,4328,5232,-891,79,-36,-14032,-4748,6308,-605,84,-185,0
846.5530071258545,8892,6144,11284,-48,-38,68,7308,-9384,10184,-104,136,-163,-13724,4040,5604,-889,53,-58,-14336,-4724,6208,-525,81,-145,0
846.5867919921875,8968,6128,11260,-76,-59,58,7376,-9404,10316,-83,181,-173,-13768,4164,5756,-906,84,-62,-14100,-4692,6224,-544,102,-159,0
846.6202120780945,8928,6132,11012,-73,-63,51,7420,-9388,10364,-61,182,-171,-13744,4112,5536,-930,55,-61,-14024,-4760,6212,-573,105,-162,0
846.653783082962,8908,5920,11136,-77,-75,81,7356,-9396,10388,-40,120,-168,-14016,4160,5624,-972,116,-103,-13976,-4748,6232,-537,126,-178,0
846.6872820854187,8812,6296,11376,-81,-54,90,7292,-9416,10296,-58,122,-184,-13812,4080,5872,-920,93,-79,-14000,-4740,6332,-526,135,-144,0
846.7207510471344,8924,6184,11360,-99,-84,85,7196,-9448,10236,-55,91,-195,-13740,4136,5644,-751,22,-42,-14136,-4812,6360,-649,43,-186,0
846.7542660236359,8996,6064,11060,-69,-103,97,7192,-9448,9992,-44,114,-151,-13716,4188,5656,-807,4,-17,-14088,-4660,6192,-632,5,-173,0
846.7878789901733,9144,6132,11028,-77,-39,103,7360,-9540,10132,-39,121,-193,-13760,4128,5532,-835,35,-41,-14148,-4820,6336,-601,98,-145,0
846.821573972702,9016,6128,11304,-40,-23,91,7364,-9424,10240,-30,118,-162,-13720,4088,5728,-781,-19,-83,-13996,-4844,6624,-657,16,-203,0
846.8549430370331,9076,5908,11488,-32,-74,71,7384,-9412,10360,-34,105,-189,-13644,4156,5744,-642,-90,-48,-14080,-4876,6336,-685,-52,-231,0
846.8881950378418,8880,6184,11508,-46,-78,97,7340,-9404,10180,-68,23,-195,-13684,4236,5632,-587,-73,-20,-13956,-4732,6240,-757,-57,-229,0
846.9217579364777,8948,6376,11220,-39,-84,114,7296,-9400,10456,-84,46,-211,-13760,4332,5668,-514,48,-42,-13924,-4824,6264,-579,110,-136,0
846.9552309513092,9192,6172,11252,-147,-2,128,7456,-9368,10300,-17,70,-165,-13780,4272,5432,-914,57,-78,-14092,-4792,6412,-533,56,-140,0
846.9888079166412,9020,6252,11492,-125,-60,126,7360,-9504,10320,-35,139,-165,-13752,4180,6072,-984,-11,-104,-14316,-4632,6288,-428,151,-149,0
847.0222799777985,8928,6364,11028,-193,-43,125,7372,-9536,10304,-10,149,-177,-13720,4268,5728,-981,251,-85,-14008,-4688,6244,-462,153,-108,0
847.0556240081787,8916,6204,11272,-236,-102,152,7256,-9396,10200,10,72,-236,-13672,4196,5692,-975,108,-113,-14004,-4636,6320,-465,209,-47,0
847.0892009735107,9028,6188,11172,-222,-154,159,7384,-9472,10300,0,83,-214,-13752,4268,5928,-1040,121,-104,-14040,-4764,6316,-420,223,-74,0
847.1224200725555,8968,6100,11320,-212,-202,153,7344,-9372,10192,18,116,-222,-13640,4272,5580,-995,96,-117,-14012,-4856,6216,-414,245,-84,0
847.1558549404144,9040,6060,11492,-217,-137,142,7268,-9456,10044,29,198,-211,-13720,4136,5708,-1014,83,-157,-14060,-4832,6348,-475,508,-83,0
847.1896460056305,9184,6152,11100,-212,-122,143,7412,-9232,10028,47,139,-192,-13728,4260,5704,-1010,125,-110,-14056,-4804,6292,-488,216,-74,0
847.2230191230774,9120,6112,11472,-188,-126,153,7336,-9420,10244,40,139,-201,-13588,4140,5504,-1036,116,-97,-13868,-4864,6256,-437,10,-81,0
847.2568979263306,8980,6224,11280,-206,-156,160,7456,-9404,10096,23,146,-215,-13708,4168,5812,-942,116,-90,-14104,-4808,6220,-511,182,-66,0
847.2904500961304,9020,6096,11212,-202,-172,162,7616,-9444,10264,22,135,-225,-13804,4156,5732,-969,120,-110,-14196,-4824,6156,-496,201,-66,0
847.3239130973816,9196,6088,11236,-201,-168,149,7172,-9412,10416,22,156,-220,-13780,4280,5724,-974,143,-158,-14120,-4752,6428,-498,214,-85,0
847.3576610088348,9000,6072,11360,-212,-162,110,7340,-9396,10120,57,158,-222,-13772,4340,5776,-978,119,-133,-14040,-4748,6240,-501,187,-94,0
847.3908751010895,9180,6144,11280,-181,-155,105,7372,-9428,10188,38,136,-204,-13784,4264,5588,-990,157,-99,-14064,-4704,6296,-503,219,-83,0
847.4242279529572,8992,6120,11064,-163,-132,103,7316,-9368,10320,13,132,-194,-13720,4236,5552,-1054,118,-127,-14316,-4764,6292,-465,168,-37,0
847.457622051239,8848,5896,11208,-168,-151,146,7456,-9380,10208,53,135,-184,-13744,4276,5656,-1073,134,-98,-14012,-4756,6416,-499,158,-74,0
847.491054058075,9000,6076,11224,-207,-142,164,7384,-9392,10240,32,111,-208,-13700,4188,5444,-775,154,-118,-14080,-4752,6268,-257,146,-76,0
847.5246131420135,8916,5960,11368,-136,-160,133,7372,-9412,10340,23,134,-213,-13732,4188,5728,-963,138,-112,-14044,-4748,6356,-517,149,-59,0
847.5607810020447,9060,6128,11216,-145,-155,120,7352,-9424,10424,-14,136,-227,-13764,4320,5784,-931,136,-197,-14140,-4700,6308,-529,191,-47,0
847.5961949825287,9100,6080,11216,-125,-151,113,7356,-9368,10176,-17,106,-209,-13732,4160,5468,-899,142,-79,-14116,-4744,6380,-535,143,-120,0
847.631824016571,9044,6092,11124,-113,-101,114,7308,-9296,10320,-32,125,-194,-13828,4164,5792,-911,127,-120,-13860,-4768,6196,-550,97,-85,0
847.6678349971771,8988,6120,11308,-99,-128,94,7432,-9472,10332,-48,141,-180,-13776,4180,5420,-940,119,-94,-13984,-4680,6232,-557,115,-113,0
847.702714920044,9084,6032,11056,-59,-64,65,7444,-9404,10352,-113,137,-200,-13760,4132,5652,-943,129,-118,-14080,-4740,6356,-593,108,-131,0
847.7382371425629,9152,6060,11320,-43,-82,73,7316,-9396,10276,-53,111,-188,-13628,4188,5548,-921,123,-124,-14004,-4724,6384,-577,108,-155,0
847.773638010025,8748,6040,11300,-19,-36,61,7420,-9356,9988,-80,104,-195,-13776,4216,5764,-926,116,-72,-14160,-4732,6300,-551,68,-125,0
847.8096389770508,9096,6120,11312,-92,-57,68,7376,-9432,10368,-76,136,-188,-13808,4276,5620,-861,124,-86,-13932,-4644,6600,-588,75,-151,0
847.8450901508331,9052,6032,11372,-64,-5,82,7320,-9452,10112,-79,92,-196,-13696,4176,5548,-829,76,-45,-14076,-4704,6292,-666,82,-157,0
847.8807809352875,8976,6112,11316,-5,-55,90,7344,-9388,10356,-64,63,-193,-13632,4224,5592,-783,51,-58,-14008,-4628,6288,-744,254,-199,0
847.9156310558319,8708,6200,11220,-254,-54,100,7224,-9380,10172,-149,45,-218,-13648,4272,5540,-734,-6,-41,-14052,-4612,6256,-726,4,-203,0
847.95090508461,8724,5956,11500,-17,-63,90,7252,-9636,9988,-115,34,-194,-13724,4340,5632,-742,25,-80,-14280,-4860,6312,-691,31,-199,0
847.9859941005707,9028,6176,11236,-26,-30,71,7328,-9464,10348,-82,97,-183,-13752,4284,5700,-813,-4,-41,-13876,-4892,6196,-662,71,-166,0
848.0217139720917,9092,6136,11156,-21,232,100,7436,-9392,10264,-66,100,-184,-13720,4204,5716,-857,28,-55,-14296,-4832,6228,-632,93,-196,0
848.0580260753632,9156,6164,11184,-60,-45,101,7184,-9388,10464,-94,140,-179,-13756,4292,5660,-834,26,-90,-14088,-4812,6264,-601,103,-152,0
848.0936570167542,9048,6300,11472,-107,-31,128,7436,-9304,10268,-114,61,-182,-13720,4316,5492,-861,27,-6,-14060,-4772,6384,-631,58,-145,0
848.1295740604401,9092,6192,11236,-54,-49,115,7416,-9464,10064,-81,114,-165,-13808,4324,5776,-774,65,-30,-13836,-4872,6248,-661,40,-200,0
848.1651530265808,9216,6388,11328,-79,-36,105,7456,-9348,10216,-39,102,-179,-13624,4340,5380,-876,32,-59,-14028,-4912,6324,-596,89,-165,0
848.2016069889069,9088,6248,11320,-72,23,91,7500,-9432,10156,-37,97,-139,-13688,4312,5656,-945,43,-61,-14088,-4852,6264,-558,70,-174,0
848.2352390289307,9020,6216,11176,-109,-25,26,7508,-9492,10148,-52,131,-180,-13708,4344,5640,-961,51,-81,-14024,-5100,6200,-554,96,-161,0
848.2717549800873,9012,6268,11188,-121,20,64,7468,-9360,10072,-99,138,-174,-13692,4296,5496,-958,61,-39,-13992,-4916,6316,-546,70,-119,0
848.3056650161743,8884,6244,11052,-97,15,94,7444,-9468,10076,-53,107,-145,-13668,4404,5508,-905,73,-42,-14096,-4980,6316,-552,40,-150,0
848.3391489982605,8884,6220,11160,-122,-252,66,7416,-9428,10116,-101,99,-165,-13656,4316,5852,-942,75,-46,-13992,-4880,6348,-540,23,-169,0
848.3724949359894,8908,6224,11364,-114,12,57,7344,-9552,10140,-84,130,-154,-13784,4108,5676,-947,62,-56,-14012,-4880,6324,-558,70,-137,0
848.4057469367981,9008,6312,11344,-66,12,74,7464,-9396,10136,-43,97,-171,-13620,4260,5712,-975,90,-49,-13968,-4952,6212,-579,97,-125,0
848.4391350746155,8932,6316,11216,-78,-14,88,7356,-9396,10220,-76,91,-167,-13664,4328,5696,-1278,121,-71,-14008,-4892,6380,-545,84,-129,0
848.4724659919739,8932,6284,11256,-89,-22,94,7444,-9440,10156,-51,79,-169,-13752,4292,5908,-995,110,-89,-14024,-5056,6304,-522,83,-139,0
848.5060250759125,8988,6172,11296,-98,-19,87,7508,-9496,10104,-54,88,-162,-13660,4432,5840,-1009,101,-81,-13984,-4916,6352,-526,93,-134,0
848.5396590232849,9024,6276,11300,-95,-249,97,7500,-9432,10144,-55,133,-174,-13700,4268,5808,-1278,90,-59,-14100,-4848,6336,-513,102,-100,0
848.5733850002289,8764,6208,11232,-97,-11,78,7448,-9512,10164,-37,126,-129,-13608,4352,5584,-1056,135,-33,-14036,-4868,6276,-527,121,-108,0
848.6068909168243,8928,6240,11008,-99,-16,92,7412,-9476,10140,-70,93,-171,-13688,4316,5724,-1031,124,-76,-13856,-4940,6356,-512,104,-114,0
848.6401870250702,8956,6180,11240,-103,-38,60,7660,-9536,10196,-70,135,-164,-13724,4252,5672,-969,128,-113,-14032,-4936,6404,-493,100,-99,0
848.6737051010132,8880,6188,11096,-152,-20,70,7432,-9440,10196,-64,117,-195,-13672,4352,5740,-1042,123,-84,-13992,-4932,6564,-500,112,-122,0
848.7073299884796,8900,6304,11272,-137,-46,80,7476,-9440,10116,-30,150,-160,-13688,4372,5756,-1032,88,-73,-14016,-4936,6392,-521,149,-135,0
848.74094414711,8848,6308,11320,-102,-56,99,7336,-9432,10308,-31,109,-166,-13668,4552,5404,-999,116,-89,-13996,-4920,6448,-505,144,-105,0
848.7744779586792,8852,6256,11300,-134,-58,112,7428,-9260,10160,-31,102,-189,-13720,4264,5856,-1031,131,-86,-13988,-4876,6368,-494,166,-69,0
848.8081409931183,8908,6280,11256,-144,-101,132,7188,-9664,10256,-42,99,-198,-13764,4148,5840,-1043,112,-81,-14080,-4920,6392,-766,134,-74,0
848.8417830467224,8916,6316,11168,-156,-108,152,7436,-9520,10280,-29,138,-179,-13764,4436,5784,-1068,101,-107,-14040,-4928,6256,-533,166,-119,0
848.8754069805145,8776,6240,11440,-188,-121,132,7376,-9500,10196,17,170,-199,-13704,4352,5796,-1063,97,-95,-13932,-5024,6344,-259,162,-89,0
848.9087009429932,8856,6364,11216,-151,-123,114,7460,-9372,10352,-32,99,-200,-13708,4204,5632,-1025,119,-76,-13964,-4960,6444,-487,137,-83,0
848.942253112793,8928,6264,11352,-154,-124,91,7416,-9488,10312,-26,124,-208,-13792,4264,5648,-987,99,-126,-14072,-4848,6368,-472,195,-67,0
848.9755101203918,8924,6216,11124,-191,-79,115,7180,-9568,10224,25,147,-216,-13608,4428,5788,-1024,124,-130,-13912,-4784,6336,-467,218,-76,0
849.0089390277863,8920,6236,11384,-189,-129,144,7400,-9408,10192,13,144,-185,-13696,4392,5720,-1003,147,-110,-14044,-4876,6348,-448,149,-67,0
849.042387008667,9028,6364,11068,-212,-119,139,7320,-9484,10148,-16,111,-188,-13692,4348,5408,-949,135,-87,-13972,-4928,6348,-460,144,-69,0
849.0760209560394,8896,6108,11356,-204,-146,141,7460,-9520,10220,-32,145,-210,-13692,4368,5656,-962,107,-92,-14040,-4960,6368,-463,157,-45,0
849.1097509860992,8924,6164,11400,-152,-110,159,7492,-9484,10176,3,89,-197,-13740,4520,5868,-994,119,-97,-13924,-4632,6264,-508,174,-58,0
849.1432499885559,8916,6208,11260,-184,-134,169,7228,-9360,10004,50,102,-193,-13716,4280,5516,-1022,109,-138,-13972,-4768,6372,-524,166,-41,0
849.1769261360168,8892,6204,11228,-153,-115,152,7200,-9372,10168,21,100,-217,-13620,4260,5664,-981,122,-134,-14008,-5000,6236,-504,196,-92,0
849.2103419303894,8940,6232,11300,-161,-145,140,7552,-9400,10204,29,104,-229,-13696,4216,5760,-969,128,-125,-14108,-5004,6380,-490,168,-50,0
849.2476799488068,8976,6176,11308,-163,-117,133,7656,-9528,10208,41,119,-194,-13768,4276,5636,-972,103,-80,-14048,-4900,6384,-508,197,-115,0
849.2827961444855,9172,6312,11116,-105,-127,129,7488,-9424,10476,9,127,-207,-13812,4408,5708,-1000,84,-120,-14060,-5028,6288,-512,156,-85,0
849.3187921047211,8936,6248,11356,-136,-148,112,7448,-9376,10040,-4,100,-210,-13772,4300,5608,-988,95,-113,-14324,-4820,6328,-499,131,-93,0
849.3543529510498,8736,6188,11564,-142,-122,110,7440,-9220,10124,-19,95,-205,-13740,4260,5608,-939,80,-75,-11496,-4384,6272,-510,293,-91,0
849.3897080421448,8976,5996,11424,-102,-112,135,7404,-9468,10220,-9,127,-208,-13692,4316,5764,-961,62,-111,-14056,-4876,6428,-518,162,-119,0
849.425017118454,9140,6160,11216,-132,-117,128,7440,-9348,10112,23,100,-198,-13720,4220,5536,-951,92,-110,-13984,-4676,6324,-537,157,-92,0
849.4607589244843,9004,6392,11208,-139,-76,126,7456,-9320,10184,49,104,-213,-13680,4260,5516,-945,110,-159,-13968,-4880,6268,-541,166,-124,0
849.4961020946503,8880,6260,11092,-130,-165,133,7660,-9376,10272,30,107,-202,-13736,4340,5700,-950,79,-95,-14032,-4724,6620,-563,187,-88,0
849.5322830677032,8888,6256,11324,-120,-106,157,7476,-9396,10128,-16,90,-210,-13632,4276,5644,-949,57,-121,-14056,-4828,6284,-541,115,-146,0
849.5675530433655,9096,6252,11252,-92,-122,124,7484,-9404,10328,-20,91,-199,-13572,4152,5512,-973,39,-53,-13988,-4824,6476,-561,124,-142,0
849.6034579277039,8920,6268,11188,-90,-56,110,7496,-9424,10220,253,110,-184,-13732,4336,5744,-1026,15,-66,-13960,-5056,6432,-518,102,-155,0
849.6393129825592,8740,6340,11020,-98,-12,98,7388,-9328,10152,-256,103,-143,-13612,4312,5600,-1040,28,-95,-13936,-4936,6316,-508,73,-142,0
849.6748011112213,9004,6228,11476,-72,-15,57,7456,-9472,10132,-32,151,-158,-13736,4284,5828,-1041,49,-68,-14048,-4824,6352,-531,127,-189,0
849.7105269432068,8984,6252,11284,-108,-33,70,7500,-9372,10116,-32,150,-179,-13736,4284,5632,-1026,64,-78,-13988,-4872,6220,-532,104,-122,0
849.7455971240997,8940,6232,11016,-76,-15,100,7500,-9356,10444,-64,128,-115,-13652,4348,5700,-1066,76,-96,-13956,-4936,6288,-768,57,-130,0
849.7813320159912,9032,6212,11236,-121,-23,85,7448,-9408,10300,-64,118,-119,-13632,4332,5900,-1053,62,-29,-13964,-5012,6600,-504,44,-111,0
849.8175630569458,8916,6316,11316,-98,-15,84,7508,-9464,10380,-65,137,-135,-13640,4152,5720,-1039,83,-101,-14008,-4628,6384,-535,117,-136,0
849.8528110980988,8864,6264,11328,-69,-23,80,7604,-9304,9984,-54,113,-187,-13660,4292,5708,-1027,62,-77,-13984,-4924,6328,-537,112,-110,0
849.8892569541931,8888,6352,11200,-66,-61,67,7416,-9400,10156,-51,91,-177,-13680,4300,5596,-1018,162,-60,-13944,-4876,6364,-593,127,-131,0
849.9228889942169,8744,6180,11300,-67,-32,99,7440,-9520,10232,-93,95,-177,-13616,4100,5460,-1042,131,-102,-14036,-4980,6376,-582,128,-152,0
849.9565320014954,8900,6324,11220,-62,-54,80,7520,-9728,10444,-79,121,-159,-13760,4332,5524,-978,125,-108,-14020,-4956,6376,-588,76,-152,0
849.9898159503937,8736,6204,11172,-63,17,78,7504,-9500,10260,-100,94,-186,-13776,4324,5712,-1277,62,-45,-14020,-5084,6352,-663,78,-174,0
850.0233709812164,8940,6188,11072,13,74,99,7600,-9388,10240,-95,23,-152,-13728,4364,5456,-1018,-85,-253,-13948,-4884,6368,-822,-25,-218,0
850.0567889213562,8808,6252,11064,84,76,91,7660,-9440,10220,-135,-32,-171,-13592,4316,5952,-962,21,-51,-13992,-4916,6220,-724,70,-186,0
850.0902869701385,8884,6232,11364,32,-72,86,7484,-9420,10276,-109,133,-167,-13720,4292,6008,-769,170,-87,-13868,-4988,6380,-572,88,-191,0
850.1258471012115,8944,6300,11428,-127,23,51,7596,-9484,10388,-21,154,-145,-13688,4112,5396,-1081,148,-81,-13952,-4992,6456,-562,133,-168,0
850.1591651439667,8732,6596,11180,-119,50,75,7628,-9712,10068,-41,109,-157,-13404,4604,5688,-953,170,-109,-13924,-4952,6368,-643,51,-203,0
850.1928479671478,8752,6308,11216,9,9,73,7460,-9688,10176,-117,52,-157,-13728,4340,5636,-995,115,-92,-13988,-4988,6604,-595,54,-170,0
850.2264339923859,8956,6268,11304,-26,-21,69,7452,-9504,10204,-89,72,-201,-13712,4332,5688,-958,70,-153,-14036,-5064,6232,-631,73,-173,0
850.2596669197083,8880,6288,11228,-30,-9,110,7528,-9488,10320,-116,129,-146,-13584,4344,5560,-935,36,-101,-13916,-5060,6456,-547,96,-155,0
850.2935440540314,8848,6348,11064,-89,49,117,7400,-9420,10144,-48,99,-136,-13620,4360,5656,-1009,152,-69,-13852,-5036,6252,-568,150,-168,0
850.3271920681,8784,6448,11348,-125,68,115,7444,-9440,10444,-46,81,-99,-13656,4268,5760,-989,107,-41,-14064,-5080,6284,-550,92,-160,0
850.3608009815216,8808,6340,11288,-117,23,98,7460,-9444,10260,-112,80,-141,-13664,4300,5916,-976,85,-53,-13880,-5048,6600,-558,115,-166,0
850.3942470550537,8784,6352,11372,-82,-10,112,7568,-9480,10180,-74,93,-159,-13608,4588,5848,-930,80,-127,-13964,-5056,6492,-581,144,-162,0
850.427747964859,8828,6204,11284,-99,-45,80,7564,-9504,10052,-83,120,-195,-13808,4416,5620,-925,54,-123,-13952,-5132,6476,-578,152,-123,0
850.4610369205475,8872,6356,11156,-107,-17,70,7516,-9512,10104,-93,99,-212,-13616,4376,5416,-883,-11,-56,-13980,-5052,6328,-581,144,-139,0
850.4942600727081,9136,6332,11204,-45,-10,118,7564,-9576,10232,-159,55,-190,-13600,4404,5872,-789,22,-73,-13996,-4976,6416,-597,100,-144,0
850.5278770923615,8856,6420,11176,34,-36,89,7536,-9248,10144,-254,13,-186,-13708,4336,5856,-872,32,-80,-13864,-5096,6288,-573,67,-134,0
850.5613560676575,8872,6428,11248,19,-74,95,7516,-9520,9988,-196,118,-176,-13712,4320,5744,-980,149,-104,-13916,-4964,6640,-473,99,-102,0
850.5949010848999,8808,6416,11224,-116,-50,98,7540,-9512,10216,-77,137,-183,-13616,4600,5876,-1040,80,-61,-13884,-5024,6304,-554,156,-99,0
850.6285080909729,8856,6380,11192,-2,-93,50,7516,-9560,10128,-102,164,-179,-13720,4448,5656,-964,85,-38,-14008,-5032,6548,-574,35,-134,0
850.6618089675903,8804,6360,11292,-33,-59,69,7552,-9728,10208,-45,81,-152,-13624,4396,5512,-879,58,-33,-13964,-4908,6304,-541,97,-102,0
850.6955320835114,8756,6332,11336,-51,-90,96,7556,-9432,9996,-107,50,-214,-13760,4420,5832,-908,12,-100,-13860,-5024,6440,-562,169,-116,0
850.7292160987854,8888,6356,11296,-41,-94,112,7512,-9440,10056,-123,30,-211,-13640,4428,6024,-937,-256,-100,-13976,-4972,6640,-579,162,-111,0
850.7624650001526,8844,6436,11132,-8,-109,136,7580,-9528,10004,-167,54,-187,-13672,4444,5884,-895,7,-108,-13928,-5008,6364,-617,159,-103,0
850.7959859371185,8920,6516,11332,-26,-90,124,7528,-9560,10028,-126,79,-200,-13708,4260,5796,-1026,13,-82,-13964,-5032,6364,-562,165,-75,0
850.8297970294952,9204,6472,11352,-106,-114,142,7444,-9476,10004,-93,191,-192,-13748,4396,5780,-1135,187,-105,-14000,-5044,6416,-478,200,-68,0
850.86314702034,8744,6640,11152,-178,-138,105,7476,-9556,10268,-120,212,-175,-13652,4524,5888,-1092,146,-105,-13988,-5080,6368,-476,185,-35,0
850.896810054779,8824,6476,11492,-167,-144,108,7472,-9532,10100,-158,213,-168,-13628,4400,5668,-1073,189,-141,-13928,-5080,6468,-463,191,-72,0
850.9337739944458,8876,6348,11188,-118,-138,109,7428,-9560,9940,-75,205,-189,-13764,4328,5776,-1107,159,-146,-13908,-5116,6276,-388,229,-40,0
850.9693200588226,8756,6348,11364,-173,-137,94,7608,-9552,9964,-37,172,-225,-13708,4452,5776,-1044,126,-148,-13928,-4988,6532,-470,194,-56,0
851.004595041275,8804,6396,11188,-53,-167,84,7532,-9580,10032,-83,175,-233,-13760,4376,5808,-1070,96,-141,-14020,-5008,6364,-475,151,-57,0
851.0401749610901,8840,6428,11244,-67,-158,96,7632,-9540,10208,-70,157,-229,-13688,4296,5804,-1152,159,-114,-14060,-5052,6376,-416,115,-70,0
851.0755000114441,8812,6444,11456,-89,-138,75,7444,-9568,9952,-26,181,-197,-13684,4376,5812,-1207,205,-157,-13992,-5052,6340,-403,43,-12,0
851.1118431091309,8876,6468,11496,-65,-30,13,7572,-9432,10088,-85,159,-177,-13620,4388,5592,-1260,228,-119,-13976,-5040,6396,-413,-3,-36,0
851.1479890346527,8876,6388,11076,-251,-46,36,7512,-9648,10088,-65,171,-139,-13680,4332,5828,-1293,184,-93,-13988,-5004,6340,-463,-55,-38,0
851.1837179660797,8768,6412,11276,8,-73,64,7480,-9464,10032,8,137,-161,-13600,4340,5808,-1279,276,-78,-13864,-5072,6260,-444,26,3,0
851.2193031311035,8804,6636,11228,-49,34,67,7576,-9572,10068,8,147,-159,-13648,4304,5788,-1254,229,-121,-13684,-4972,6352,-516,18,-38,0
851.2550039291382,8880,6468,11472,-15,-14,27,7484,-9648,9636,-45,271,-176,-13664,4312,5820,-1236,196,-122,-13960,-4840,6304,-259,38,-3,0
851.2906889915466,8888,6412,11228,-30,-51,68,7460,-9516,9816,-3,145,-154,-13728,4120,5780,-1514,159,-163,-13976,-4896,6380,-538,29,-63,0
851.325569152832,8696,6456,11036,-40,-31,57,7548,-9496,10132,72,183,-135,-13688,4212,6088,-1211,144,-78,-13980,-4984,6316,-479,84,-78,0
851.3617360591888,8476,6536,11076,-155,18,58,7524,-9544,10104,28,196,-161,-13796,4136,5708,-1127,155,-156,-13824,-4976,6508,-424,165,-52,0
851.3973469734192,8752,6532,11492,-144,-24,75,7448,-9464,10300,54,174,-198,-13728,4284,5704,-1139,161,-166,-13924,-5116,6388,-438,203,-77,0
851.4326369762421,8864,6500,11500,-158,-87,96,7472,-9272,10164,59,159,-217,-13768,4260,5836,-1077,176,-119,-13888,-4956,6344,-471,218,-51,0
851.4681241512299,8740,6552,11120,-135,-88,104,7500,-9288,10016,10,146,-250,-13680,4244,5668,-1082,113,-133,-14076,-4956,6492,-454,202,-56,0
851.5036039352417,8868,6472,11224,-153,-57,104,7504,-9508,10220,25,122,-204,-13660,4268,5880,-1033,118,-82,-13924,-5112,6368,-437,176,-105,0
851.5393879413605,8800,6576,11296,-111,-10,92,7600,-9644,9748,6,181,-189,-13692,4264,5788,-1068,83,-66,-13940,-4932,6432,-444,157,-132,0
851.575315952301,8784,6616,11368,-110,-28,98,7580,-9532,10176,22,158,-177,-13728,4180,5692,-1071,94,-48,-13992,-4972,6436,-514,110,-138,0
851.6088020801544,8812,6524,11176,-98,44,67,7520,-9388,9916,-42,161,-166,-13744,4252,5568,-1051,55,-84,-14012,-4876,6468,-464,106,-107,0
851.6421411037445,8708,6456,11240,-123,253,75,7468,-9560,10104,-24,128,-163,-13732,4228,5588,-1048,101,-94,-13952,-4884,6396,-470,119,-110,0
851.6756601333618,8736,6584,11176,-136,-6,61,7588,-9472,10104,-18,138,-188,-13748,4280,6136,-1279,100,-93,-13968,-4956,6468,-460,144,-128,0
851.7092869281769,8836,6448,11244,-97,26,105,7480,-9540,10092,-6,173,-171,-13656,4212,5800,-1012,101,-74,-13860,-5000,6464,-483,166,-155,0
851.7425870895386,8732,6488,11264,-86,-23,70,7480,-9592,10016,-26,154,-169,-13668,4240,5776,-769,11,-79,-13904,-4912,6492,-453,151,-125,0
851.7761199474335,8684,6588,11172,-139,-27,67,7476,-9488,10096,13,121,-165,-13596,4176,5752,-1060,74,-83,-13872,-5120,6504,-475,155,-100,0
851.8097951412201,8644,6600,11172,-108,-44,87,7480,-9252,9728,3,134,-175,-13680,4252,5708,-1037,64,-77,-13976,-4908,6460,-471,116,-125,0
851.8432779312134,8768,6572,11304,-112,-35,103,7512,-9600,10092,-28,133,-131,-13680,4144,5820,-1080,66,-46,-14000,-4940,6480,-509,94,-121,0
851.8769149780273,8500,6520,11320,-122,18,76,7528,-9560,10096,2,91,-148,-13652,4188,5804,-1047,19,-55,-13968,-4984,6464,-523,121,-144,0
851.910208940506,8760,6580,11332,-87,14,94,7504,-9560,10144,36,109,-150,-13724,4168,5816,-1008,46,-63,-13984,-4892,6516,-576,92,-176,0
851.9432880878448,8936,6588,11244,-88,-26,82,7508,-9708,10068,-3,88,-162,-13640,4188,5676,-769,79,-86,-14040,-4876,6512,-542,103,-152,0
851.9768891334534,8704,6544,11348,-94,-27,69,7544,-9480,10176,24,135,-183,-13736,4224,5832,-779,57,-91,-14044,-4868,6640,-513,147,-138,0
852.0103869438171,8712,6464,11228,-103,-10,82,7444,-9436,10080,-56,131,-147,-13744,4284,5692,-1017,30,-18,-13988,-4972,6380,-536,127,-138,0
852.0437660217285,8748,6592,11256,-102,-3,68,7420,-9524,10140,-20,155,-121,-13700,4192,5692,-1055,39,-40,-13920,-4892,6472,-507,104,-157,0
852.0774419307709,8640,6528,11212,-135,-256,83,7540,-9556,10044,-50,132,-157,-13660,4316,5684,-1016,45,-76,-13892,-4876,6368,-496,138,-163,0
852.1110789775848,8772,6656,11348,-101,-68,76,7528,-9528,10112,-26,114,-163,-13724,4272,5748,-1056,21,-74,-14000,-4992,6516,-520,150,-119,0
852.1440529823303,8696,6484,11252,-113,-43,50,7492,-9488,10132,-34,136,-173,-13620,4216,5676,-1035,49,-50,-13888,-4908,6612,-767,161,-131,0
852.1777329444885,8560,6612,11168,-86,-31,84,7656,-9724,10328,-13,111,-171,-13532,4204,6080,-775,40,-54,-13924,-5024,6524,-517,193,-138,0
852.2114210128784,8588,6600,11276,-100,-65,88,7468,-9720,10036,-42,149,-178,-13684,4276,5868,-1036,49,-77,-13936,-4908,6424,-519,151,-130,0
852.2450170516968,8584,6556,11152,-91,-61,90,7456,-9524,10056,-42,203,-179,-13668,4220,5788,-1049,77,-87,-13984,-4908,6500,-495,177,-128,0
852.2786490917206,8740,6640,11152,-123,-29,57,7420,-9460,10104,-53,172,-162,-13584,4304,5792,-1081,116,-121,-14048,-4972,6524,-440,139,-106,0
852.3121609687805,8760,6564,11256,-113,-63,78,7448,-9552,10096,16,161,-156,-13668,4288,5716,-1128,128,-107,-13912,-4952,6488,-418,135,-86,0
852.3456270694733,8668,6560,11204,-153,-40,96,7644,-9668,10168,19,64,-116,-13668,4312,5684,-1124,99,-99,-14012,-4904,6540,-408,127,-97,0
852.379163980484,8692,6540,11208,-153,-70,50,7524,-9496,10076,-24,163,-161,-13736,4116,5764,-1093,119,-56,-13864,-4912,6464,-422,138,-88,0
852.412670135498,8664,6620,11228,-125,-24,87,7516,-9488,10008,-28,183,-145,-13768,4156,5940,-1110,90,-86,-13924,-5000,6468,-426,204,-94,0
852.4461479187012,8708,6600,11012,-148,-3,67,7392,-9596,10296,-4,208,-152,-13656,4156,5840,-1165,137,-90,-13972,-4868,6508,-372,175,-70,0
852.4799749851227,8904,6432,11032,-155,-24,84,7428,-9556,10108,-253,205,-141,-13688,4132,5728,-1136,170,-148,-13912,-4892,6484,-362,184,-81,0
852.5137369632721,8596,6620,11228,-155,-57,83,7664,-9512,10056,-13,178,-189,-13324,4156,5432,-1154,157,-156,-13968,-4988,6592,-337,167,-46,0
852.5471029281616,8596,6636,11292,-129,-27,108,7512,-9496,10048,-16,207,-166,-13644,4144,5664,-1138,131,-78,-13904,-4852,6432,-367,120,-63,0
852.5804481506348,8632,6424,11180,-173,-23,79,7452,-9640,10152,-5,189,-132,-13676,4332,5736,-1225,177,-116,-14016,-4872,6400,-317,100,-35,0
852.6180131435394,8676,6580,11016,-190,19,93,7444,-9396,10020,94,154,-92,-13648,4148,5856,-1253,179,-140,-13844,-5092,6424,-309,138,-49,0
852.6529951095581,8588,6624,11388,-239,117,97,7440,-9564,10136,243,200,-189,-13828,4148,5884,-1135,140,-129,-13984,-4964,6580,-370,179,-45,0
852.6881620883942,8636,6648,11068,-215,-25,65,7292,-9528,10096,22,219,-185,-13368,4212,5724,-1080,174,-160,-13812,-4960,6460,-417,225,-23,0
852.7236430644989,8488,6580,11344,-219,-34,101,7368,-9580,10148,32,183,-184,-13680,4184,5792,-1116,183,-110,-13948,-4892,6488,-372,256,-45,0
852.759124994278,8548,6568,11268,-510,1,134,7360,-9392,10104,51,174,-174,-13664,4116,5868,-1096,165,-128,-13932,-4956,6512,-371,210,-37,0
852.7940831184387,8636,6884,11356,-292,-2,113,7324,-9564,10452,0,180,-199,-13688,4180,5728,-1042,196,-118,-14056,-4908,6540,-375,221,-43,0
852.829824924469,8536,6532,11368,-297,9,130,7332,-9500,10056,50,181,-171,-13652,4212,5688,-1055,175,-175,-13948,-4924,6512,-438,269,-39,0
852.8651559352875,8588,6476,11308,-244,50,117,7396,-9452,10208,93,140,-200,-13608,4064,5712,-1065,162,-122,-14056,-4816,6344,-452,265,-57,0
852.9007661342621,8548,6496,11196,-195,9,137,7400,-9544,10088,43,98,-225,-13676,4080,5828,-1031,165,-148,-13992,-4612,6420,-453,278,-46,0
852.9362051486969,8576,6580,11508,-202,-37,156,7184,-9704,10000,72,100,-199,-13760,4104,5768,-1004,173,-154,-14268,-4636,6572,-484,246,-70,0
852.9725689888,8504,6516,11484,-199,-25,125,7220,-9256,10108,59,157,-205,-13688,4336,5748,-1021,143,-99,-13892,-4880,6272,-486,223,-72,0
853.0076220035553,8600,6452,11444,-168,-80,113,7444,-9504,10192,76,170,-199,-13724,4136,5916,-1028,120,-133,-13956,-4784,6416,-470,225,-103,0
853.043475151062,8668,6516,11348,-156,-101,109,7564,-9428,10216,71,89,-197,-13748,4048,5752,-1019,62,-84,-13968,-4856,6396,-490,282,-102,0
853.0787839889526,8500,6520,11016,-268,-53,146,7364,-9508,10140,-251,145,-191,-13756,4024,6132,-1012,80,-94,-14020,-4660,6544,-471,229,-78,0
853.113842010498,8560,6488,11512,-176,-71,115,7428,-9544,10140,-40,146,-247,-13780,4028,5856,-1017,106,-111,-13948,-4704,6400,-470,179,-86,0
853.149402141571,8608,6516,11312,-215,-69,149,7344,-9328,10260,5,82,-243,-13752,3912,5692,-1018,156,-98,-13920,-4804,6488,-461,202,-77,0
853.1845619678497,8592,6384,11396,-98,-85,125,7432,-9480,10208,-39,113,-160,-13636,4140,5764,-1057,101,-104,-13976,-4792,6160,-537,156,-84,0
853.2202899456024,8564,6556,11376,-151,-115,125,7328,-9512,10156,45,130,-204,-13688,4340,5764,-1045,92,-132,-14264,-4768,6488,-491,255,-70,0
853.2562170028687,8604,6548,11132,-127,-117,139,7292,-9416,10216,-251,42,-5,-13640,4324,5672,-1066,63,-91,-13888,-4940,6452,-529,195,-83,0
853.2972321510315,8580,6500,11244,-146,-110,162,7440,-9476,10108,-35,72,-188,-13700,4324,5896,-961,32,-72,-14264,-4808,6524,-588,121,-94,0
853.3310000896454,8456,6244,11340,-130,-78,119,7372,-9472,10132,63,83,-177,-14028,4336,5800,-1031,90,-119,-13932,-4852,6276,-526,186,-127,0
853.3645141124725,8560,6596,11300,-127,-77,133,7468,-9384,10304,23,96,-198,-13760,3996,5720,-1279,104,-77,-13976,-4616,6476,-502,142,-110,0
853.3977460861206,8488,6536,11312,-117,-62,115,7444,-9420,10192,-69,67,-216,-13656,3876,5752,-943,106,-48,-13932,-4828,6632,-610,71,-136,0
853.4312460422516,8596,6420,11440,-69,-134,123,7368,-9324,10100,-27,69,-212,-13688,4148,5720,-942,127,-44,-14020,-4804,6372,-587,116,-138,0
853.464597940445,8604,6380,11028,-45,-20,102,7512,-9224,10108,-7,86,-168,-13756,4040,5656,-1038,71,-48,-13972,-4796,6412,-531,118,-162,0
853.4985179901123,8680,6484,11344,-129,33,98,7660,-9464,10140,-25,114,-149,-13668,3852,5792,-993,76,-64,-13956,-4884,6464,-546,102,-144,0
853.5319781303406,8512,6552,11392,-130,6,76,7440,-9372,10228,-35,117,-160,-13656,4132,5840,-1002,84,-60,-13996,-4832,6344,-544,149,-151,0
853.5655701160431,8608,6652,11348,-107,29,108,7460,-9440,10248,-47,109,-183,-13740,4068,5612,-1000,58,-65,-14008,-4776,6332,-584,133,-178,0
853.5991940498352,8484,6500,11444,-60,-37,90,7268,-9432,10260,-19,91,-195,-13772,4336,5636,-1036,36,-82,-13940,-4852,6412,-537,196,-145,0
853.6323220729828,8680,6448,11088,-71,-60,123,7532,-9384,10228,-47,91,-204,-13748,4184,5968,-1002,55,-105,-14108,-4808,6480,-550,187,-154,0
853.6658339500427,8536,6544,11400,-85,-60,91,7544,-9356,10192,-34,129,-184,-13776,4044,5696,-1025,38,-116,-13984,-4872,6444,-488,127,-130,0
853.6994791030884,8552,6576,11336,-122,26,111,7428,-9448,10124,-43,133,-182,-13660,4208,5760,-999,95,-103,-14040,-4848,6652,-513,134,-142,0
853.7330889701843,8548,6628,11480,-85,-24,65,7476,-9448,10228,-13,161,-162,-13592,4100,5796,-1054,64,-53,-13988,-4632,6424,-510,144,-139,0
853.7667031288147,8500,6584,11304,-101,4,78,7664,-9224,10088,11,136,-172,-13636,4072,5872,-779,61,-44,-14008,-4828,6484,-478,158,-121,0
853.8001990318298,8500,6812,11516,-127,10,81,7400,-9312,10136,-37,105,-177,-13748,4032,5732,-1040,96,-96,-14052,-5060,6616,-435,144,-120,0
853.8333821296692,8604,6520,11164,-158,34,111,7472,-9544,10236,-63,139,-164,-13680,4124,5744,-1060,78,-104,-13876,-4740,6204,-490,110,-152,0
853.8669581413269,8520,6472,11368,-154,36,82,7636,-9400,10008,5,131,-136,-13968,4096,6140,-1064,61,-73,-14212,-4924,6600,-411,144,-130,0
853.900318145752,8472,6832,11348,-128,-5,97,7452,-9324,10208,15,170,-168,-13656,3900,5848,-1022,102,-108,-13980,-4932,6384,-429,150,-143,0
853.9338510036469,8492,6464,11352,-111,-85,61,7428,-9492,10176,-58,190,-201,-13680,4188,5996,-1034,60,-109,-13876,-4820,6556,-396,192,-129,0
853.9674270153046,8496,6608,11244,-143,-78,108,7476,-9236,10480,-49,161,-169,-13676,4176,5820,-978,64,-91,-13888,-5064,6320,-425,189,-143,0
854.0011241436005,8536,6584,11372,-177,-29,118,7652,-9684,10392,-23,162,-117,-13704,4148,5868,-1096,5,-72,-14088,-4820,6440,-360,213,-105,0
854.0345320701599,8836,6516,11316,-144,31,84,7556,-9464,10116,-45,205,-37,-13608,4032,5768,-1113,55,-97,-13928,-4912,6440,-352,182,-81,0
854.0679280757904,8492,6592,11448,-146,15,92,7656,-9492,10336,-108,147,-110,-13668,4084,6048,-1130,56,-71,-14028,-4936,6348,-210,7,-10,0
854.1016271114349,8468,6616,11348,-150,55,31,7512,-9712,10308,-104,197,-131,-13792,4036,5796,-1144,75,-112,-13952,-4792,6492,-42,384,15,0
854.1348390579224,8228,6556,11492,-80,182,17,7356,-9392,10196,-143,223,-149,-13652,3852,5876,-1187,77,-135,-14016,-4812,6532,-103,340,-8,0
854.1682500839233,8632,6536,11408,-100,48,25,7464,-9680,10148,-125,225,-187,-13664,4148,5684,-1134,34,-138,-14064,-4764,6564,-229,184,-61,0
854.2019619941711,8656,6540,11360,-93,-118,58,7420,-9668,10084,-152,178,-187,-13612,4116,6108,-1092,65,-77,-14076,-4716,6328,-288,158,-72,0
854.2354710102081,8476,6404,11464,-99,-33,104,7348,-9552,10136,-123,143,-162,-13624,4108,5860,-1138,45,-104,-14140,-4800,6340,-268,185,-71,0
854.2718050479889,8644,6604,11328,-143,37,109,7480,-9528,10276,-106,156,-139,-13732,3968,5984,-1095,-7,-127,-14040,-4692,6568,-329,141,-101,0
854.3076250553131,8528,6576,11336,-101,10,69,7184,-9460,10172,-117,220,-131,-13672,4096,5996,-1132,4,-46,-14032,-4768,6412,-311,123,-104,0
854.3427741527557,8676,6540,11444,-110,-35,75,7408,-9708,10144,-51,202,-149,-13648,3972,6064,-1156,250,-118,-14456,-4720,6652,-332,96,-98,0
854.3777179718018,8436,6564,11452,-148,-22,62,7360,-9516,10148,-112,154,-175,-13700,3848,6076,-1145,12,-74,-14268,-4780,6416,-310,135,-125,0
854.4138400554657,8484,6548,11488,-126,-31,98,7392,-9508,9752,-76,147,-182,-13640,4048,6132,-1118,40,-108,-14000,-4800,6316,-371,122,-141,0
854.4492130279541,8688,6604,11376,-135,35,88,7504,-9292,10192,-89,148,-166,-13588,4024,6048,-1099,14,-72,-14332,-4784,6520,-327,184,-114,0
854.4842309951782,8480,6572,11348,-142,-39,75,7388,-9448,10232,-93,188,-194,-13696,4056,5936,-1079,95,-51,-13916,-4792,6536,-307,174,-80,0
854.520427942276,8436,6592,11512,-119,-22,94,7300,-9528,10216,-44,494,-245,-13812,4040,6080,-1118,124,-89,-13992,-4436,6560,-368,136,-93,0
854.5555760860443,8464,6612,11396,-128,-54,114,7296,-9448,10176,-98,173,-156,-13672,4016,5912,-1054,158,-69,-14036,-4768,6608,-357,114,-14,0
854.5911509990692,8364,6548,11432,-144,-2,83,7316,-9532,10324,-110,186,-169,-13352,4032,6008,-1155,177,-104,-14016,-4636,6484,-290,167,-41,0
854.6262459754944,8476,6624,11300,-107,-28,93,7508,-9504,10316,-86,171,-170,-13588,4012,5992,-1089,158,-47,-14012,-4660,6220,-325,95,-69,0
854.6619291305542,8488,6480,11436,-115,-84,87,7336,-9580,10020,-66,212,-203,-13768,4024,5984,-995,135,-81,-14324,-4660,6480,-419,152,-102,0
854.6980490684509,8440,6644,11460,-184,-117,110,7292,-9480,10316,-64,175,-186,-13724,4096,5896,-1044,231,-102,-13940,-4760,6500,-344,165,-9,0
854.7336311340332,8476,6580,11408,-217,-91,141,7332,-9540,10116,-31,202,-180,-13612,4024,5852,-1063,210,-65,-14060,-4624,6588,-343,114,-27,0
854.7692980766296,8368,6884,11236,-158,-86,106,7360,-9532,10124,-24,506,-204,-13680,4064,6068,-1053,275,-116,-14108,-4420,6572,-449,132,-106,0
854.8046751022339,8460,6548,11332,-239,-207,106,7248,-9540,10268,27,200,-238,-13668,4048,6184,-780,206,-96,-13980,-4668,6716,-442,129,-87,0
854.8398771286011,8464,6548,11384,-205,-188,125,7280,-9600,10284,-60,208,-185,-13816,4304,5996,-1066,232,-92,-14308,-4436,6504,-415,135,-65,0
854.8753609657288,8368,6424,11320,-247,-155,126,7372,-9672,10196,26,151,-188,-13648,4056,5960,-1162,243,-83,-13940,-4712,6484,-449,169,-64,0
854.9107949733734,8444,6596,11436,-248,-190,132,7392,-9464,10200,43,183,-182,-13700,3920,5808,-1004,242,-49,-14132,-4616,6572,-425,77,-31,0
854.946592092514,8360,6720,11720,-240,-97,126,7316,-9496,10112,-32,167,-229,-13632,3848,5936,-1004,0,-78,-14060,-4596,6536,-451,164,252,0
854.9800159931183,8384,6444,11516,-294,-175,136,7352,-9628,10144,-36,135,-2,-13740,4064,5904,-1045,235,-116,-14056,-4652,6488,-413,245,-42,0
855.0137250423431,8560,6452,11324,-207,-162,118,7648,-9492,10132,21,177,-188,-13780,4048,5668,-971,173,-110,-14120,-4716,6480,-424,136,-80,0
855.0473909378052,8480,6708,11400,-245,-98,131,7380,-9580,10188,31,233,-172,-13692,3872,6012,-1029,172,-56,-14196,-4648,6540,-369,57,-65,3
855.0802171230316,8344,6612,11528,-283,-123,116,7304,-9436,10164,-24,157,-196,-13664,3964,5968,-993,225,-113,-13924,-4592,6584,-404,115,-52,3
855.1136870384216,8424,6532,11344,-248,-137,123,7340,-9528,9888,-19,316,-192,-13776,4048,5924,-1021,196,-151,-13992,-4356,6464,-437,183,-100,3
855.1475870609283,8448,6464,11416,-244,-200,140,7428,-9612,10148,58,173,-188,-13724,4008,5808,-946,145,-78,-14064,-4652,6440,-506,175,-93,3
855.181962966919,8500,6152,11388,-250,-156,162,7420,-9456,9992,65,60,-179,-13580,4116,5828,-998,176,-109,-14044,-4568,6524,-418,144,-82,3
855.2157280445099,8472,6468,11468,-243,-207,173,7372,-9504,10004,40,91,-235,-13756,4120,5940,-1009,207,-130,-14048,-4584,6440,-533,195,-75,3
855.2493109703064,8588,6464,11424,-240,-168,151,7436,-9560,10096,53,124,-215,-13732,4048,5900,-989,131,-115,-13972,-4448,6524,-531,183,-111,3
855.2826600074768,8412,6468,11424,-189,-122,147,7440,-9500,10044,85,193,-203,-13776,4016,5700,-1001,110,-98,-14052,-4364,6536,-501,214,-103,3
855.315994977951,8524,6460,11484,-182,-143,152,7352,-9684,10204,53,131,-213,-13672,4040,5896,-969,106,-102,-13844,-4696,6452,-496,219,-113,3
855.3497641086578,8248,6472,11312,-213,-123,150,7396,-9236,10128,44,186,-212,-13776,4008,5956,-926,48,-86,-13976,-4652,6400,-446,199,-128,3
855.3828599452972,8584,6476,11460,-233,-109,126,7364,-9240,9988,46,173,-203,-13652,4076,5784,-951,81,-142,-14000,-4820,6492,-504,198,-148,3
855.4164731502533,8680,6420,11408,-214,-138,158,7608,-9544,10176,56,159,-217,-13736,4020,5676,-966,66,-154,-14064,-4564,6620,-531,233,-174,0
855.4499690532684,8524,6428,11324,-224,-140,144,7280,-9440,10392,75,147,-214,-13748,3936,5908,-970,93,-94,-13976,-4448,6632,-535,200,-144,0
855.483433008194,8480,6492,11012,-233,-102,135,7396,-9508,10232,57,141,-210,-13580,3980,5824,-926,102,-72,-14036,-4740,6556,-768,203,-117,0
855.5171000957489,8548,6428,11480,-245,-131,168,7340,-9484,10096,95,96,-210,-13732,3992,5676,-926,113,-115,-14236,-4384,6492,-532,179,-130,0
855.5503680706024,8508,6612,11416,-210,-130,170,7452,-9424,10196,55,97,-203,-13816,3992,5820,-959,130,-151,-14048,-4508,6496,-568,170,-154,0
855.5835809707642,8484,6368,11384,-197,-103,157,7340,-9496,10096,47,76,-170,-13804,3964,5696,-951,75,-93,-14076,-4680,6400,-572,191,-166,0
855.6172480583191,8540,6212,11264,-232,-119,142,7316,-9376,10052,96,94,-155,-13672,4068,5956,-958,109,-45,-14000,-4696,6460,-565,131,-145,0
855.6504740715027,8520,6472,11396,-145,-120,143,7256,-9388,10264,-3,148,-184,-13688,3976,5972,-887,71,-55,-14280,-4848,6616,-535,145,-127,0
855.6839611530304,8544,6444,11464,-230,-129,118,7376,-9424,10348,252,161,-223,-13696,4016,5864,-1011,177,-101,-14000,-4492,6444,-536,169,-147,0
855.7176721096039,8544,6396,11368,-182,-107,146,7388,-9448,10172,12,210,-175,-13716,4040,5700,-963,99,-87,-14288,-4704,6500,-555,104,-169,0
855.7511510848999,8664,6376,11380,-170,-70,120,7316,-9376,10188,27,66,-115,-13712,3976,6120,-934,77,8,-14056,-4696,6164,-523,118,-169,0
855.7844989299774,8536,6360,11464,-219,-26,128,7336,-9452,10244,11,130,-168,-13776,3996,5952,-976,89,-70,-14028,-4704,6612,-766,118,-183,0
855.8181760311127,8504,6452,11656,-194,-81,137,7184,-9360,10248,22,179,-182,-13772,4020,5912,-924,112,-61,-14012,-4528,6344,-572,163,-137,0
855.8517920970917,8496,6384,11376,-165,-74,101,7364,-9244,10152,17,102,-206,-13692,4016,6008,-962,83,-108,-14008,-4496,6576,-532,187,-142,0
855.8851840496063,8516,6472,11328,-152,-123,127,7248,-9364,10128,10,111,-204,-13652,4028,5804,-959,99,-156,-14028,-4644,6576,-546,168,-161,0
855.9186511039734,8572,6460,11356,-182,-90,123,7492,-9424,10216,2,169,-221,-13728,4036,5776,-922,85,-60,-13888,-4676,6500,-535,151,-184,0
855.9542870521545,8676,6468,11444,-229,-61,133,7388,-9248,10068,16,112,-176,-13796,4056,5780,-946,87,-96,-14248,-4620,6480,-567,145,-168,0
855.9901220798492,8484,6432,11624,-197,-51,124,7224,-9428,10332,74,117,-170,-13756,3980,6032,-979,95,-52,-13880,-4664,6492,-626,147,-187,0
856.0248820781708,8424,6340,11040,-218,-39,119,7328,-9364,9992,36,133,-185,-13740,3936,5704,-935,67,-93,-14024,-4628,6308,-616,132,-152,0
856.0602819919586,8448,6352,11656,-188,-10,94,7308,-9500,10176,24,135,-181,-13692,4032,5936,-874,96,-80,-14096,-4692,6500,-525,179,-148,0
856.0953030586243,8652,6512,11644,-223,25,109,7332,-9280,10388,14,146,-191,-13772,3976,5784,-962,120,-99,-14296,-4456,6236,-258,197,-132,0
856.1309349536896,8648,6452,11424,-209,40,111,7456,-9676,10256,18,130,-192,-13752,4104,5676,-953,125,-83,-14024,-4520,6608,-537,126,-129,0
856.1670820713043,8216,6308,11400,-213,85,129,7412,-9380,10448,24,95,-180,-13796,4032,5824,-953,120,-89,-14092,-4656,6512,-547,184,-155,0
856.202418088913,8468,6196,11656,-215,156,126,7420,-9276,10132,7,173,-171,-13744,3964,5796,-984,98,-78,-14060,-4740,6484,-525,206,-142,0
856.2387840747833,8608,6472,11484,-230,148,122,7224,-9388,10084,-6,116,-190,-13624,4164,5804,-921,111,-45,-14056,-4652,6412,-535,214,-123,0
856.2743599414825,8468,6380,11548,-185,182,105,7480,-9428,10192,-1,85,-157,-13772,4336,5800,-935,88,-80,-14116,-4616,6492,-535,192,-109,0
856.3098149299622,8388,6380,11604,-214,135,113,7376,-9372,10136,13,129,-155,-13776,3896,5672,-929,87,-27,-13916,-4552,6320,-514,211,-168,0
856.3447530269623,8340,6596,11736,-131,238,102,7428,-9360,10372,-23,147,-151,-13708,4024,5820,-950,112,-96,-14020,-4704,6180,-514,157,-135,0
856.3800790309906,8684,6320,11672,-181,209,93,7176,-9380,10212,-43,115,-180,-13672,4052,5888,-937,62,-55,-13936,-4648,6644,-763,170,-147,0
856.4150669574738,8660,6280,11320,-185,134,55,7408,-9432,10248,-11,167,-191,-13808,4264,5876,-934,56,-61,-14112,-4636,6392,-494,145,-158,0
856.4508180618286,8688,6364,11272,-103,110,97,7432,-9364,10436,-8,63,-186,-13740,4052,5676,-968,75,-24,-13976,-4760,6404,-535,108,-159,0
856.4861710071564,8384,6192,11296,-125,14,107,7336,-9336,10376,-56,134,-149,-13652,4328,5876,-971,118,-96,-13920,-4808,6528,-534,117,-143,0
856.5218110084534,8424,6408,11764,-92,249,99,7608,-9240,10060,-62,84,-163,-13764,4112,5988,-934,88,-49,-14204,-4632,6460,-556,140,-142,0
856.5576181411743,8328,6452,11560,-50,-35,83,7184,-9360,10268,-40,143,-153,-13796,4128,5672,-966,114,-88,-13832,-4676,6492,-548,169,-114,0
856.5927979946136,8276,6648,11308,-30,-91,88,7312,-9364,10208,-50,81,-182,-13580,4088,5788,-1012,122,-120,-14040,-4652,6476,-559,97,-135,0
856.6282031536102,8372,6636,11580,-14,-130,102,7320,-9320,10064,-33,67,-207,-13720,4132,5792,-961,114,-78,-14048,-4688,6436,-596,102,-148,0
856.6617109775543,8408,6380,11592,-26,-121,49,7400,-9400,10280,-76,133,-173,-13712,4052,5900,-975,137,-75,-13888,-4796,6196,-570,126,-149,0
856.695286989212,8380,6448,11544,19,-78,74,7432,-9432,10304,-87,143,-171,-13712,4088,5916,-959,101,-67,-13972,-4796,6640,-599,99,-154,0
856.7287690639496,8336,6480,11760,57,-133,89,7316,-9372,10308,-94,108,-175,-13656,4044,5816,-939,144,-82,-13968,-4736,6620,-619,61,-122,0
856.7621500492096,8372,6532,11684,56,-161,88,7388,-9396,10132,-107,97,-195,-13748,4040,5736,-932,145,-106,-13848,-4796,6420,-626,108,-125,0
856.7956449985504,8424,6204,11460,40,-175,58,7580,-9468,10028,-129,143,-217,-13692,4028,5924,-912,125,-111,-14028,-4644,6392,-605,122,-120,0
856.829313993454,8356,6504,11616,25,-158,67,7392,-9500,10236,-77,96,-174,-13676,4168,5892,-938,116,-77,-14000,-4832,6432,-599,92,-115,0
856.8627140522003,8384,6640,11484,48,-164,70,7320,-9232,10116,-79,136,-178,-13752,4172,5776,-946,138,-71,-14004,-4652,6160,-583,104,-138,0
856.896106004715,8344,6508,11252,57,-202,101,7340,-9368,10128,-109,93,-191,-13728,3900,5808,-952,159,-103,-14040,-4668,6352,-594,101,-101,0
856.9297981262207,8288,6436,11540,71,-236,99,7188,-9112,10244,-62,170,-202,-13736,3880,5800,-959,105,-102,-14012,-4772,6380,-560,150,-136,0
856.9633140563965,8328,6476,11464,17,-193,97,7400,-9376,10160,-34,117,-195,-13712,3892,5832,-978,128,-111,-13844,-4632,6632,-538,113,-126,0
856.9966959953308,8224,6528,11532,-25,-154,98,7656,-9428,10324,-52,131,-171,-13640,4104,5872,-957,123,-87,-13896,-4864,6416,-530,139,-101,0
857.0302290916443,8388,6480,11324,-86,-171,104,7388,-9408,10268,-49,134,-194,-13724,3948,5644,-951,113,-80,-14032,-4788,6396,-483,114,-100,0
857.063686132431,8380,6432,11432,-56,-189,117,7416,-9500,10380,-46,134,-192,-13740,3900,5740,-962,113,-73,-14044,-4728,6424,-541,107,-135,0
857.0973930358887,8432,6568,11308,-68,-170,116,7368,-9520,10364,-14,157,-192,-13788,4080,5840,-1003,91,-124,-14040,-4772,6428,-498,185,-137,0
857.1309170722961,8272,6464,11580,-104,-200,122,7408,-9416,10448,8,138,-199,-13732,4040,5708,-986,105,-114,-13984,-4808,6472,-537,160,-147,0
857.1643271446228,8476,6584,11424,-40,-180,107,7400,-9340,10316,-49,157,-217,-13712,4020,6048,-958,93,-69,-14128,-4772,6480,-528,194,-123,0
857.1978299617767,8460,6644,11316,-132,-175,100,7408,-9452,10260,9,148,-228,-13664,4172,5864,-964,114,-75,-13984,-4780,6504,-525,1,-96,0
857.2313680648804,8548,6556,11404,-126,-131,108,7192,-9416,10188,17,149,-197,-13692,4200,5796,-939,85,-93,-14304,-4808,6484,-500,182,-97,0
857.2648420333862,8492,6464,11348,-150,-117,157,7444,-9320,10376,-21,107,-167,-13740,4016,5856,-917,74,-71,-13964,-4760,6520,-537,159,-106,0
857.2983889579773,8436,6556,11424,-139,-182,136,7436,-9440,10136,-30,106,-193,-13752,4228,5816,-898,106,-67,-13956,-4784,6488,-483,169,-107,0
857.3318960666656,8432,6444,11528,-128,-142,147,7332,-9488,10260,12,115,-197,-13724,4348,5808,-887,18,-127,-14036,-4728,6548,-531,257,-137,0
857.3656320571899,8544,6492,11292,-147,-131,143,7268,-9464,10432,61,132,-233,-13668,4160,5752,-850,30,-120,-13952,-4712,6572,-575,278,-116,0
857.3986859321594,8416,6560,11184,-157,-156,175,7348,-9384,10252,43,62,-240,-13660,4020,5768,-870,66,-138,-14016,-4632,6172,-533,235,-115,0
857.4321179389954,8472,6452,11340,-112,-218,181,7360,-9392,10492,-26,93,-234,-13804,3884,5952,-903,86,-151,-14316,-4784,6416,-510,213,-110,0
857.46559715271,8424,6612,11400,-103,-205,147,7388,-9404,10292,-16,99,-231,-13688,4228,5668,-907,105,-143,-13892,-4720,6424,-529,191,-106,0
857.4991929531097,8488,6468,11400,-109,-169,122,7468,-9324,10292,15,107,-196,-13804,4244,5596,-959,51,-105,-13860,-4776,6460,-544,185,-131,0
857.5330419540405,8532,6520,11328,-124,-176,143,7396,-9328,10324,3,79,-195,-13728,4016,5684,-906,32,-80,-13832,-4692,6424,-540,195,-81,0
857.5664341449738,8428,6544,11432,-159,-221,143,7660,-9404,10212,-54,61,-214,-13684,4332,5680,-940,49,-96,-14052,-4800,6340,-558,153,-114,0
857.5999400615692,8512,6568,11348,-113,-156,109,7420,-9352,10328,-55,113,-172,-13772,4252,5852,-949,38,-102,-13976,-4636,6272,-590,71,-143,0
857.6360559463501,8584,6412,11396,-80,-218,107,7648,-9396,10228,28,99,-195,-13728,4116,5836,-941,56,-81,-13988,-5068,6592,-551,151,-107,0
857.6722660064697,8404,6520,11496,-86,-207,111,7336,-9292,10000,-48,69,-218,-13664,4340,5788,-971,99,-117,-13992,-4736,6392,-588,74,-144,0
857.7074790000916,8636,6520,11500,-103,-244,120,7528,-9412,10168,9,90,-207,-13796,4156,5860,-968,76,-101,-14020,-4664,6352,-574,169,-138,0
857.7432351112366,8612,6600,11364,-158,-235,161,7496,-9288,10288,250,95,-200,-13744,3896,5640,-959,89,-74,-13976,-4676,6412,-565,77,-150,0
857.7788691520691,8468,6520,11332,-155,-176,149,7472,-9388,10184,10,35,-175,-13692,4092,5784,-958,102,-75,-13900,-4860,6648,-544,55,-111,0
857.8139660358429,8536,6488,11380,-149,-178,155,7368,-9388,10136,15,65,-191,-13748,4148,5832,-959,131,-28,-14032,-4688,6348,-569,98,-117,0
857.8499450683594,8572,6512,11296,-147,-169,155,7484,-9352,10272,-9,55,-202,-13732,4172,5748,-941,108,-80,-13868,-4788,6332,-593,104,-123,0
857.8854410648346,8608,6524,11432,-97,-204,127,7528,-9300,10400,-32,136,-206,-13644,4076,5840,-969,58,-71,-14208,-4788,6396,-571,109,-168,0
857.9207670688629,8540,6592,11232,-103,-162,92,7404,-9412,10228,-46,102,-217,-13652,4120,5668,-951,83,-89,-14100,-4812,6540,-577,163,-167,0
857.9560780525208,8624,6516,11308,-149,-177,91,7448,-9368,10184,-25,75,-223,-13688,4244,5604,-993,84,-115,-14020,-4684,6564,-538,135,-126,0
857.9922840595245,8560,6516,11436,-114,-139,99,7476,-9312,10004,-39,81,-199,-13752,4120,5708,-938,88,-71,-13996,-4784,6216,-564,130,-174,0
858.0282111167908,8596,6560,11364,-139,-117,104,7436,-9324,10308,-35,110,-207,-13636,4168,5620,-934,41,-82,-13940,-4820,6448,-537,112,-171,0
858.0634260177612,8604,6608,11228,-116,-119,95,7224,-9332,10188,-55,103,-183,-13756,4320,5736,-955,79,-65,-13912,-4628,6464,-536,81,-148,0
858.099415063858,8572,6564,11444,-80,-131,108,7352,-9456,9988,-57,113,-191,-13628,4232,6040,-982,58,-65,-14048,-4768,6408,-585,120,-161,0
858.1344590187073,8524,6400,11316,-74,-78,76,7392,-9340,10112,-30,120,-179,-13640,4140,5832,-982,72,-100,-13996,-4664,6640,-563,89,-165,0
858.1704931259155,8612,6584,11432,-85,-74,107,7528,-9424,10200,-39,112,-178,-13780,4180,5784,-972,67,-63,-14004,-4808,6380,-565,139,-163,0
858.2059829235077,8540,6436,11276,-96,-99,83,7452,-9248,10188,-57,116,-174,-13680,4348,5760,-1003,83,-50,-13948,-4936,6412,-558,117,-149,0
858.2415390014648,8584,6616,11036,-92,-63,98,7564,-9460,10032,-61,92,-186,-13620,4208,5724,-978,125,-104,-13960,-4940,6648,-534,117,-155,0
858.279629945755,8540,6616,11364,-57,-70,91,7584,-9276,10016,-43,80,-157,-13660,4240,5604,-998,111,-67,-14020,-4856,6376,-534,112,-132,0
858.3161239624023,8536,6536,11412,-106,-86,104,7576,-9364,10108,-50,124,-188,-13688,4212,5880,-975,87,-98,-14012,-4784,6408,-530,88,-180,0
858.3501441478729,8624,6596,11332,-93,-40,87,7544,-9456,10180,-61,92,-159,-13676,4232,6052,-1002,71,-60,-13896,-4840,6524,-587,103,-155,0
858.3835120201111,8564,6500,11420,-82,-70,105,7448,-9452,10216,-47,138,-154,-13712,4128,5868,-1015,72,-45,-14012,-4844,6480,-551,153,-164,0
858.4172101020813,8608,6448,11304,-91,-74,90,7676,-9668,10396,-24,131,-163,-13744,4104,5836,-986,99,-56,-13932,-4848,6564,-536,136,-141,0
858.4506480693817,8552,6524,11308,-101,-86,76,7452,-9360,10092,-43,127,-179,-13740,4140,5740,-982,75,-97,-14324,-4820,6476,-547,118,-162,0
858.4842009544373,8572,6588,11300,-68,-94,115,7540,-9356,10176,-56,133,-195,-13692,4296,5848,-991,80,-113,-13868,-4652,6336,-534,104,-161,0
858.5178859233856,8556,6580,11212,-94,-106,97,7412,-9448,10260,-55,137,-184,-13704,4172,5684,-986,110,-97,-14016,-4764,6452,-534,158,-150,0
858.551600933075,8512,6644,11052,-118,-100,112,7636,-9400,10240,-50,117,-201,-13644,4188,5636,-983,113,-71,-13940,-4940,6476,-527,136,-149,0
858.5850210189819,8516,6660,11088,-98,-77,100,7552,-9360,10448,-67,132,-189,-13712,4192,5812,-963,98,-27,-13928,-4900,6404,-566,91,-146,0
858.6186649799347,8552,6596,11220,-111,-105,87,7600,-9460,10384,-39,154,-149,-13720,4224,5688,-985,90,-72,-13992,-4932,6412,-560,132,-153,0
858.6516709327698,8536,6496,11316,-118,-109,129,7460,-9396,10064,-12,113,-171,-13580,4168,6024,-1035,82,-107,-13864,-5044,6428,-548,122,-138,0
858.6853411197662,8564,6632,11316,-105,-76,108,7576,-9364,10016,-65,117,-185,-13604,4172,5796,-948,72,-100,-13960,-4972,6316,-572,140,-129,0
858.7188019752502,8616,6536,11316,-132,-99,85,7428,-9352,10228,-13,114,-190,-13672,4228,5764,-949,69,-35,-13980,-4900,6384,-561,152,-132,0
858.7523350715637,8548,6592,11348,-96,-88,119,7424,-9388,10356,-17,124,-164,-13648,4172,5764,-997,54,-69,-13996,-4844,6376,-547,152,-140,0
858.7857611179352,8548,6588,11316,-90,-56,109,7408,-9432,10124,-37,101,-162,-13620,4312,5788,-987,78,-71,-14008,-4912,6456,-545,97,-137,0
858.8192319869995,8416,6588,11332,-122,-76,109,7476,-9400,10332,-45,155,-179,-13672,4156,5948,-937,65,-76,-13952,-4864,6632,-764,106,-145,0
858.8530459403992,8552,6640,11376,-144,-106,101,7488,-9480,10088,-68,137,-177,-13628,4292,5688,-969,91,-70,-13916,-4656,6480,-532,132,-162,0
858.8861739635468,8508,6604,11352,-104,-76,119,7240,-9312,10388,-16,123,-165,-13604,4132,5776,-1021,86,-51,-13892,-4984,6484,-561,193,-112,0
858.9198360443115,8392,6628,11256,-121,-120,119,7348,-9380,10224,0,114,-220,-13716,4124,5728,-974,101,-62,-13948,-4900,6472,-543,175,-126,0
858.9534430503845,8492,6660,11492,-161,-112,128,7440,-9360,10160,-7,110,-213,-13804,4232,5848,-992,88,-119,-13836,-5056,6440,-528,159,-138,0
858.9869480133057,8532,6844,11364,-170,-90,106,7496,-9400,10260,250,139,-175,-13680,4212,5924,-966,102,-128,-13856,-5116,6420,-513,175,-128,0
859.0205900669098,8556,6672,11324,-177,-82,96,7668,-9424,10004,-11,169,-182,-13824,4144,5860,-983,138,-110,-13952,-4948,6540,-500,201,-101,0
859.0541980266571,8512,6600,11244,-166,-121,145,7672,-9372,10464,10,158,-172,-13608,4220,5792,-985,105,-106,-13952,-4948,6408,-531,175,-95,0
859.0874199867249,8532,6708,11280,-160,-149,133,7372,-9340,10176,-38,145,-192,-13712,4208,5824,-953,126,-110,-13908,-4948,6364,-495,197,-99,0
859.1210191249847,8568,6704,11284,-194,-174,126,7488,-9440,10188,-34,149,-198,-13628,4256,5844,-960,113,-120,-14048,-4988,6156,-259,219,-133,0
859.1541850566864,8512,6656,11036,-188,-140,117,7460,-9308,10308,-14,118,-204,-13656,4268,5892,-955,108,-123,-13972,-4904,6480,-528,227,-106,0
859.1877460479736,8564,6540,11012,-188,-106,143,7496,-9336,10228,-12,124,-215,-13644,4196,5860,-967,149,-131,-13940,-4972,6564,-495,219,-63,0
859.2216050624847,8644,6880,11348,-208,-126,142,7460,-9428,10268,21,105,-225,-13672,4244,6072,-1002,142,-114,-14024,-4820,6432,-482,210,-88,0
859.2551801204681,8588,6564,11272,-184,-171,170,7460,-9228,10100,10,154,-200,-13616,4180,5844,-974,145,-96,-13976,-4888,6284,-508,192,-89,0
859.2886080741882,8544,6600,11308,-189,-140,154,7588,-9396,10332,9,115,-194,-13664,4220,5772,-989,147,-142,-14000,-4940,6444,-508,207,-69,0
859.3250179290771,8588,6564,11500,-242,-77,154,7556,-9304,10152,1,134,-224,-13608,4196,5644,-992,162,-95,-14060,-4812,6268,-435,125,-77,0
859.3607821464539,8508,6564,11232,-198,-156,156,7520,-9388,10436,-12,129,-184,-13664,4232,5868,-1277,122,-80,-14040,-4656,6644,-481,177,-85,0
859.3961119651794,8612,6620,11028,-237,-83,131,7556,-9448,10264,28,165,-201,-13584,4172,5852,-1024,132,-154,-14000,-4896,6468,-448,156,-111,0
859.4318549633026,8612,6532,11096,-184,-116,141,7356,-9240,10356,30,130,-191,-13708,4164,5816,-969,135,-129,-13892,-4956,6604,-468,152,-98,0
859.4680490493774,8572,6576,11308,-197,-142,147,7416,-9444,10324,-19,140,-226,-13700,4068,5808,-975,160,-123,-14244,-4848,6436,-479,195,-55,0
859.5034091472626,8648,6552,11060,-245,-152,179,7472,-9412,10056,24,114,-200,-13824,4228,5584,-995,119,-148,-14076,-5072,6184,-463,187,-75,0
859.5391891002655,8620,6588,11308,-191,-80,148,7516,-9312,10260,30,133,-175,-13748,4316,5920,-1003,113,-62,-14008,-4936,6480,-455,135,-95,0
859.5746560096741,8572,6596,11372,-205,-109,143,7436,-9340,10216,-12,119,-171,-13732,4220,5708,-1016,113,-67,-14056,-4920,6588,-477,124,-78,0
859.6106839179993,8572,6576,11016,-217,-94,153,7472,-9320,10228,-26,124,-175,-13704,4236,6128,-990,103,-72,-13952,-4732,6492,-532,171,-117,0
859.6456439495087,8564,6568,11268,-146,-112,155,7532,-9372,10248,28,112,-204,-13784,4172,5904,-996,116,-121,-13940,-4852,6348,-472,198,-99,0
859.6808850765228,8512,6568,11268,-188,-145,138,7356,-9240,10152,26,117,-222,-13772,4236,5816,-1038,166,-130,-13976,-4804,6512,-492,188,-78,0
859.7173490524292,8560,6640,11100,-176,-148,135,7516,-9336,10172,-13,112,-216,-13748,4164,5708,-1005,143,-83,-13904,-4688,6632,-474,186,-117,0
859.7526559829712,8540,6492,11300,-189,-118,125,7528,-9356,10328,-42,115,-214,-13732,4236,5872,-1266,100,-142,-14008,-4636,6408,-489,174,-79,0
859.7881100177765,8936,6144,11156,-113,-97,108,7568,-9408,10160,-39,128,-188,-13760,4236,5768,-1011,93,-78,-14060,-4816,6304,-506,155,-130,0
859.8236999511719,8676,6528,11064,-123,-93,113,7508,-9372,10176,-50,146,-171,-13744,4148,5684,-1028,80,-105,-13936,-4868,6416,-525,143,-136,0
859.8589329719543,8468,6504,11104,-127,-42,79,7440,-9344,10032,-50,134,-197,-13776,4116,5884,-1014,103,-73,-14032,-4904,6480,-505,145,-143,0
859.8948841094971,8800,6620,11408,-114,-81,89,7580,-9328,10320,-32,126,-177,-13744,4064,5924,-1269,83,-60,-14060,-4896,6444,-543,137,-147,0
859.9304230213165,8664,6552,11400,-118,-49,76,7512,-9384,10320,-68,128,-207,-13816,4220,5884,-984,79,-106,-13840,-5072,6188,-260,121,-168,0
859.9671521186829,8536,6568,11352,-96,-38,86,7496,-9296,10168,-55,103,-193,-13596,4204,5884,-1013,106,-52,-13944,-4816,6352,-523,159,-129,0
860.0006239414215,8660,6476,11248,-121,-72,113,7472,-9332,10412,-47,96,-186,-13336,4244,6064,-997,111,-106,-13976,-4884,6344,-259,129,-143,0
860.0342080593109,8644,6472,11500,-100,-51,107,7648,-9400,10184,-55,137,-154,-13648,4252,5720,-1010,96,-92,-13952,-4924,6480,-505,123,-123,0
860.0676040649414,8452,6520,11024,-106,-30,98,7496,-9332,10192,-66,111,-172,-13712,4236,5780,-1276,102,-79,-14036,-4804,6408,-529,88,-123,0
860.1011769771576,8900,6456,11364,-111,-26,87,7436,-9448,10288,-47,129,-147,-13536,4280,5792,-1043,70,-52,-13920,-4896,6344,-518,131,-129,0
860.1342689990997,8604,6532,11368,-119,-31,124,7420,-9416,10292,-26,100,-160,-13720,4180,5872,-1052,99,-20,-13968,-4896,6384,-527,78,-129,0
860.1675701141357,8548,6528,11428,-47,-157,57,7524,-9376,10408,-65,132,-134,-13776,4188,5720,-1278,102,-102,-14032,-4880,6420,-520,94,-148,0
860.2011461257935,8600,6456,11336,-116,-57,70,7516,-9292,10044,-72,128,-168,-13640,4136,5536,-777,128,-94,-14036,-4776,6388,-516,105,-151,0
860.2347331047058,8620,6588,11180,-115,-58,87,7640,-9364,10228,-72,141,-159,-13732,4216,5792,-997,128,-68,-14064,-4860,6492,-508,80,-135,0
860.2681081295013,8704,6452,11312,-94,-43,75,7444,-9492,9968,-78,116,-152,-13716,4244,5772,-1060,123,-18,-13976,-4956,6464,-500,50,-152,0
860.3017230033875,8600,6532,11312,-126,-35,77,7452,-9648,10184,-91,156,-167,-13684,4208,5820,-1058,130,-56,-13900,-4932,6392,-520,57,-148,0
860.3350701332092,8648,6580,11276,-91,-57,89,7448,-9392,10136,-62,153,-174,-13744,4212,5828,-1054,132,-82,-13940,-4976,6264,-490,93,-123,0
860.3686110973358,8684,6620,11224,-86,-46,99,7452,-9520,10252,-84,150,-179,-13624,4204,6008,-1078,131,-70,-14076,-4932,6596,-499,64,-114,0
860.4018220901489,8472,6624,11260,-99,-93,100,7436,-9308,10108,-57,124,-185,-13668,4220,5868,-1044,179,-73,-13888,-4920,6504,-497,86,-123,0
860.4354231357574,8596,6568,11360,-96,-90,90,7444,-9460,10264,-79,142,-183,-13784,4144,5744,-1075,202,-87,-14044,-4888,6544,-498,71,-111,0
860.4688620567322,8620,6640,11300,-91,-135,86,7600,-9276,10280,-41,125,-187,-13712,4248,5752,-1042,142,-73,-14012,-4980,6448,-516,97,-115,0
860.5023529529572,8672,6608,11256,-95,-90,92,7508,-9404,10232,-67,130,-145,-13728,4204,5872,-1052,193,-105,-14264,-4896,6440,-497,91,-132,0
860.535786151886,8560,6808,11380,-91,-93,108,7480,-9368,10116,-33,114,-144,-13624,4168,5664,-1040,175,-62,-13904,-4992,6500,-528,123,-113,0
860.5690381526947,8664,6652,11196,-93,-68,113,7536,-9372,10136,-47,115,-187,-13720,4140,5700,-1023,161,-31,-13864,-4940,6540,-505,109,-156,0
860.6025381088257,8636,6520,11488,-121,-92,100,7456,-9388,10464,-65,145,-184,-13660,3868,5884,-1002,147,-60,-13996,-4644,6468,-765,90,-156,0
860.6358709335327,8684,6568,11160,-147,-90,106,7432,-9396,10220,-59,127,-160,-13612,4124,6028,-1005,123,-94,-13896,-4828,6412,-510,114,-130,0
860.6694231033325,8236,6604,11496,-109,-66,126,7232,-9668,10472,-42,137,-169,-13648,4128,5872,-992,134,-91,-13920,-4628,6484,-258,131,-159,0
860.7028961181641,8632,6588,11040,-111,-72,117,7428,-9388,10016,-35,114,-160,-13796,4216,5764,-971,162,-62,-13952,-5120,6480,-534,100,-114,0
860.7364699840546,8636,6532,11068,-67,-114,103,7504,-9364,10184,-64,84,-159,-13732,4264,5720,-970,137,-55,-13932,-5012,6648,-502,133,-115,0
860.7697701454163,8680,6620,11288,-101,-116,127,7524,-9400,10192,-45,94,-190,-13820,4132,5824,-940,160,-105,-14044,-5000,6548,-451,121,-92,0
860.803316116333,8612,6620,11468,-125,-100,118,7592,-9472,10140,-83,119,-181,-13692,4184,5788,-965,135,-85,-13948,-4940,6528,-765,112,-100,0
860.837070941925,8660,6588,11440,-104,-85,101,7488,-9556,10084,-78,151,-147,-13728,4224,5808,-992,82,-84,-13948,-4920,6296,-519,141,-123,0
860.8703079223633,8492,6556,11364,-151,-69,109,7540,-9448,10432,-20,133,-169,-13644,4188,5840,-1002,66,-34,-13940,-4988,6440,-493,152,-125,0
860.9037089347839,8572,6684,11228,-82,-58,92,7544,-9432,10320,-76,147,-192,-13688,4236,5856,-980,98,-35,-13968,-4964,6436,-520,124,-135,0
860.9374079704285,8672,6592,11060,-133,-80,72,7456,-9356,10352,-49,137,-189,-13704,4192,5736,-965,123,-105,-13956,-4836,6408,-506,154,-129,0
860.9707911014557,8660,6640,11112,-138,-67,107,7508,-9448,10172,-41,136,-165,-13720,4184,5732,-976,104,-115,-13900,-4932,6452,-501,149,-145,0
861.0076351165771,8684,6580,11296,-103,-66,112,7560,-9408,10128,-52,137,-147,-13656,4172,5732,-964,96,-15,-13960,-4904,6440,-502,94,-123,0
861.0433659553528,8652,6624,11148,-161,-75,96,7588,-9388,10060,-83,133,-148,-13704,4328,5752,-919,134,-66,-13844,-5024,6564,-513,129,-131,0
861.0787100791931,8488,6676,11164,-155,-108,101,7432,-9224,10252,-67,162,-195,-13612,4156,5876,-870,96,-64,-13864,-5092,6452,-546,165,-109,0
861.1137409210205,8528,6604,11192,-124,-126,108,7508,-9416,10272,-63,134,-196,-13596,4176,5692,-926,128,-109,-13916,-5044,6480,-509,138,-88,0
861.1488239765167,8560,6696,11216,-142,-163,123,7388,-9384,10156,-14,124,-218,-13732,4248,5784,-999,161,-83,-13952,-5028,6652,-530,190,-111,0
861.1841361522675,8564,6616,11468,-114,-128,128,7444,-9452,10132,-31,107,-201,-13672,4244,5780,-979,151,-164,-14248,-4920,6532,-505,162,-96,0
861.2192559242249,8512,6896,11508,-132,-132,146,7456,-9472,10020,-24,132,-200,-13672,4208,5688,-964,152,-125,-13984,-4896,6392,-486,169,-86,0
861.2546350955963,8640,6632,11216,-156,-126,136,7424,-9724,10484,-16,151,-209,-13740,4152,6064,-949,137,-135,-13932,-4940,6508,-505,190,-77,0
861.2902359962463,8596,6584,11132,-168,-116,141,7516,-9324,10216,-32,161,-186,-13640,4240,5824,-982,126,-90,-14040,-4636,6576,-502,204,-65,0
861.3255679607391,8720,6544,11248,-167,-130,145,7456,-9372,10296,-19,145,-193,-13672,4220,5732,-972,185,-125,-13932,-4956,6460,-472,162,-92,0
861.3612220287323,8620,6736,11252,-178,-155,111,7532,-9436,10128,-6,142,-226,-13752,4268,5700,-969,157,-89,-13912,-4712,6620,-482,176,-96,0
861.3973240852356,8564,6568,11040,-206,-146,143,7496,-9420,10196,-7,158,-220,-13824,4296,5732,-988,111,-158,-13976,-4832,6416,-507,197,-71,0
861.4318170547485,8476,6556,11488,-204,-142,153,7672,-9704,10492,14,160,-210,-13832,4220,5736,-1278,130,-90,-14032,-4856,6524,-488,180,-101,0
861.4675400257111,8704,6800,11252,-208,-153,137,7672,-9408,10228,252,148,-220,-13748,4308,5676,-994,145,-106,-13956,-4892,6648,-508,200,-77,0
861.5026609897614,8716,6544,11460,-200,-133,156,7188,-9356,10220,0,129,-203,-13672,4296,5652,-1274,118,-132,-13908,-4900,6488,-508,186,-75,0
861.5386309623718,8688,6500,11356,-175,-141,164,7272,-9344,10148,19,125,-184,-13672,4256,5824,-1022,114,-105,-14044,-4848,6492,-261,197,-95,0
861.573487997055,8720,6580,11268,-185,-141,140,7508,-9664,10316,36,147,-209,-13716,3900,5708,-1017,121,-121,-13936,-4864,6480,-480,148,-70,0
861.6088910102844,8576,6708,11292,-229,-117,153,7176,-9332,10352,7,114,-205,-13720,4264,5844,-997,159,-112,-13972,-4788,6496,-486,142,-68,0
861.6450490951538,8580,6596,11260,-181,-146,140,7556,-9272,10144,23,152,-188,-13752,4208,5668,-976,110,-60,-13956,-4816,6340,-492,136,-64,0
861.67830991745,8660,6540,11020,-241,-114,133,7576,-9232,10024,57,121,-194,-13716,4124,5692,-777,134,-106,-13928,-4880,6496,-466,184,-81,0
861.711709022522,8640,6844,11372,-180,-133,142,7444,-9444,10216,7,125,-183,-13808,4216,5764,-1012,164,-139,-13884,-4932,6460,-488,139,-84,0
861.7452969551086,8648,6540,11508,-186,-166,133,7580,-9368,10240,12,149,-196,-13688,4228,5748,-992,152,-144,-13976,-4824,6448,-501,210,-37,0
861.7787580490112,8828,6480,11116,-222,-152,140,7556,-9392,10396,-2,126,-228,-13664,4112,5556,-971,177,-95,-13952,-4848,6444,-509,176,-60,0
861.8118331432343,8872,6492,11288,-163,-180,125,7568,-9364,10196,-21,185,-182,-13752,4172,5820,-991,118,-44,-13996,-4896,6468,-557,143,-124,0
861.8455619812012,8484,6552,11204,-161,-170,126,7536,-9400,10224,-38,185,-156,-13764,4188,5732,-979,54,-95,-13944,-4976,6448,-599,163,-132,0
861.8789670467377,8636,6488,11192,-136,-189,131,7432,-9364,10176,-58,168,-205,-13620,4200,6020,-972,85,-101,-13856,-4948,6548,-549,157,-101,0
861.9123821258545,8664,6584,11332,-133,-182,141,7512,-9356,10292,-29,125,-215,-13824,4248,5776,-979,139,-118,-14020,-4804,6508,-538,160,-102,0
861.9457969665527,8712,6452,11340,-109,-163,134,7404,-9404,10072,-15,107,-199,-13680,4196,5996,-976,136,-88,-13988,-5120,6396,-555,207,-115,0
861.9794449806213,8908,6620,11176,-130,-141,143,7216,-9356,10224,-52,120,-229,-13692,4164,5968,-990,128,-88,-14000,-4824,6280,-531,211,-102,0
862.0129489898682,8492,6484,11492,-116,-139,124,7512,-9308,10128,-29,114,-225,-13816,4204,5720,-980,114,-113,-13932,-4896,6476,-548,168,-105,0
862.0464811325073,8812,6436,11196,-147,-86,109,7572,-9380,10156,-56,137,-179,-13716,4172,5780,-945,83,-70,-14056,-4752,6396,-531,194,-147,0
862.0798110961914,8832,6500,11276,-129,-116,71,7516,-9280,10092,-30,153,-166,-13712,4264,5496,-965,105,-66,-14140,-4888,6384,-547,205,-139,0
862.113410949707,8724,6504,11220,-135,-68,94,7576,-9364,10176,-41,165,-164,-13748,4188,5536,-982,89,-50,-13952,-4900,6516,-531,194,-130,0
862.1469030380249,8528,6596,11116,-151,-81,102,7444,-9312,10132,-34,137,-196,-13660,4180,5804,-982,76,-61,-13916,-4912,6444,-543,168,-120,0
862.1807179450989,8716,6676,11196,-113,-83,79,7444,-9468,10196,-62,169,-212,-13768,4256,5840,-961,70,-88,-14052,-4908,6548,-550,162,-168,0
862.2141480445862,8748,6540,11268,-102,-101,100,7528,-9384,10444,-50,149,-182,-13644,4240,5680,-967,66,-131,-14024,-4920,6552,-558,162,-141,0
862.2475199699402,8672,6600,11184,-108,-90,82,7576,-9388,10468,-50,155,-207,-13644,4204,5624,-970,66,-43,-13884,-4984,6408,-549,177,-129,0
862.2808711528778,8648,6580,11280,-84,-66,94,7444,-9420,10276,-68,122,-170,-13792,4220,5756,-997,51,-68,-13964,-4944,6440,-548,166,-107,0
862.3143780231476,8640,6564,11412,-69,-51,94,7468,-9372,10428,-64,145,-165,-13640,4256,5728,-981,98,-71,-13984,-5100,6316,-537,162,-80,0
862.3479080200195,8948,6528,11192,-89,-94,117,7528,-9316,10244,-92,109,-194,-13648,4192,5472,-937,108,-78,-13916,-5108,6628,-562,150,-105,0
862.3815529346466,8804,6568,11360,-62,-80,117,7604,-9504,10152,-85,153,-179,-13784,4276,5548,-991,88,-89,-13940,-4904,6400,-565,107,-139,0
862.4148759841919,8876,6492,11348,-73,-55,64,7620,-9424,10212,-38,132,-146,-13708,4192,5860,-1001,89,-68,-13944,-4940,6356,-523,173,-138,0
862.4484140872955,8724,6640,11068,-87,-67,86,7536,-9360,10020,-52,150,-168,-13736,4228,5720,-1001,46,-56,-13976,-4956,6644,-541,110,-138,0
862.4818930625916,8764,6616,11488,-104,-65,67,7524,-9416,10288,-85,185,-195,-13860,4300,5660,-984,48,-77,-13960,-4936,6260,-521,135,-166,0
862.5154960155487,8712,6564,11148,-138,-81,69,7580,-9356,10152,-20,152,-188,-13684,4256,5708,-1008,80,-86,-14000,-4936,6544,-502,137,-141,0
862.5493190288544,8732,6672,11348,-107,-38,67,7500,-9368,10176,-46,147,-126,-13580,4236,5860,-984,76,-87,-13956,-4944,6360,-258,113,-135,0
862.5829830169678,8572,6608,11264,-93,-47,121,7376,-9412,10368,-50,165,-156,-13780,4300,5660,-984,56,-87,-13964,-5012,6632,-505,87,-156,0
862.6165280342102,8612,6480,11212,-104,-55,74,7504,-9492,10276,-51,170,-140,-13728,4312,5708,-992,37,-65,-13972,-4960,6412,-509,115,-167,0
862.6496949195862,8576,6660,11272,-100,-57,97,7468,-9388,10220,-63,142,-169,-13716,4280,5940,-999,75,-49,-13912,-5200,6428,-555,149,-128,0
862.6861310005188,8600,6616,11224,-80,-34,78,7544,-9436,10260,-41,115,-188,-13636,4300,5652,-1013,87,-95,-13792,-4844,6544,-540,135,-134,0
862.7217500209808,8680,6672,11400,-101,-63,103,7392,-9356,10304,-19,105,-189,-13688,4220,5744,-1004,105,-99,-13976,-4852,6332,-506,149,-119,0
862.7576501369476,8712,6624,11460,-121,-75,110,7456,-9308,10136,-22,126,-194,-13772,4136,5448,-1019,115,-99,-14004,-4968,6376,-486,139,-127,0
862.7927129268646,8620,6548,11172,-126,-41,117,7444,-9496,10476,-46,109,-155,-13676,4280,5764,-972,107,-77,-13920,-4704,6440,-508,95,-116,0
862.8285760879517,8740,6684,11064,-117,-82,98,7552,-9388,10104,-34,137,-181,-13768,4232,5836,-999,99,-94,-14000,-4968,6604,-500,163,-96,0
862.8635439872742,8716,6660,11244,-141,-64,110,7416,-9456,10284,-33,123,-181,-13688,4208,5816,-984,117,-102,-14048,-4980,6412,-522,139,-85,0
862.8991870880127,8572,6652,11252,-158,-80,121,7512,-9400,9996,-45,131,-192,-13764,4308,5736,-993,123,-114,-13964,-5024,6344,-458,159,-118,0
862.934247970581,8672,6584,11268,-143,-92,94,7340,-9356,10072,-30,136,-194,-13604,4192,5664,-987,95,-81,-13976,-4848,6528,-491,155,-110,0
862.9702241420746,8920,6656,11204,-126,-82,108,7676,-9392,10124,-2,147,-162,-13648,4272,5644,-1000,131,-107,-13940,-4904,6240,-511,154,-117,0
863.0055620670319,8696,6620,11128,-120,-106,102,7536,-9412,10276,-10,128,-209,-13780,4168,5676,-995,128,-111,-13984,-4908,6468,-507,173,-92,0
863.0416610240936,8584,6628,11360,-168,-103,146,7468,-9336,10284,-31,109,-189,-13680,4276,5696,-1013,126,-70,-13972,-5000,6636,-490,169,-67,0
863.0777659416199,8460,6516,11140,-156,-44,142,7556,-9448,10084,-39,116,-176,-13720,4256,5796,-1009,119,-91,-13872,-4900,6372,-508,152,-86,0
863.1128311157227,8712,6624,11292,-145,-75,125,7516,-9376,10232,-15,120,-178,-13768,4292,5824,-1024,115,-81,-13872,-4976,6156,-513,131,-110,0
863.1481220722198,8652,6572,11328,-150,-73,118,7476,-9716,9992,-6,120,-167,-13696,4156,5736,-1012,118,-104,-13968,-5048,6168,-474,156,-119,0
863.1835241317749,8636,6584,11276,-157,-55,114,7464,-9364,10256,-60,118,-178,-13684,4132,5700,-978,92,-72,-14000,-4976,6256,-480,106,-134,0
863.2186470031738,8460,6548,11160,-128,-42,115,7500,-9480,10132,-71,139,-156,-13732,4196,5864,-1036,84,-69,-13904,-4924,6440,-505,106,-148,0
863.2537541389465,8724,6540,11124,-124,-28,85,7676,-9508,10112,-6,159,-156,-13692,4236,5760,-1076,39,-70,-13964,-4932,6432,-461,131,-145,0
863.2894079685211,8696,6716,11016,-148,15,130,7184,-9356,10400,15,143,-156,-13768,4232,5840,-1012,68,-61,-13932,-5052,6296,-479,130,-121,0
863.331169128418,8788,6600,11240,-128,-41,69,7656,-9696,10148,-53,117,-179,-13764,4236,5800,-1036,84,-79,-14004,-4908,6640,-501,139,-114,0
863.3654289245605,8448,6600,11260,-115,-19,100,7480,-9676,9984,-37,150,-177,-13732,4308,5676,-1016,89,-53,-13936,-5016,6400,-494,135,-142,0
863.3987460136414,8572,6900,11168,-120,-26,89,7376,-9496,10176,32,161,-121,-13652,4204,6124,-1020,58,-61,-13924,-5072,6636,-483,140,-114,0
863.4322509765625,8616,6616,11384,-156,-16,107,7460,-9404,10128,-52,141,-148,-13672,4248,5868,-1002,104,-59,-13912,-4868,6552,-481,90,-124,0
863.4656550884247,8624,6732,11388,-161,-51,88,7520,-9676,10012,-42,157,-156,-13704,4332,5704,-937,103,-84,-13904,-4944,6484,-487,119,-127,0
863.4993040561676,8684,6792,11508,-140,-67,134,7448,-9468,10144,-19,146,-194,-13748,4096,5632,-1278,102,-135,-13976,-4884,6612,-473,170,-106,0
863.532998085022,8668,6896,11048,-151,-95,138,7468,-9412,10140,250,125,-201,-13644,4196,5696,-1007,165,-128,-13964,-5012,6492,-502,216,-86,0
863.5665919780731,8528,6552,11196,-141,-103,144,7404,-9428,10064,-12,105,-202,-13720,4188,5804,-991,170,-93,-13936,-4908,6576,-475,196,-32,0
863.6001539230347,8588,6696,11224,-206,-102,170,7536,-9376,10120,21,110,-226,-13736,4308,6132,-993,158,-90,-13912,-4996,6404,-459,187,-57,0
863.6335620880127,8560,6896,11228,-174,-98,140,7404,-9404,10060,10,137,-200,-13768,4320,5656,-989,186,-94,-13980,-4900,6460,-487,199,-85,0
863.6673021316528,8712,6552,11140,-202,-124,137,7512,-9476,10256,10,197,-204,-13760,4164,5724,-993,107,-116,-13936,-4896,6416,-444,184,-68,0
863.7007701396942,8700,6628,11296,-210,-121,146,7496,-9336,10196,27,143,-184,-13648,4236,5636,-1062,103,-125,-13992,-4892,6628,-444,191,-52,0
863.7343339920044,8676,6576,11180,-211,-109,160,7240,-9420,10196,12,165,-201,-13612,4276,5752,-996,146,-105,-13996,-4884,6492,-472,197,-72,0
863.7676160335541,8676,6632,11236,-200,-165,137,7556,-9428,10136,37,142,-235,-13780,4152,5676,-1033,116,-113,-13960,-4936,6368,-476,195,-81,0
863.8011419773102,8580,6600,11308,-211,-185,139,7448,-9352,10124,46,139,-227,-13808,4212,5784,-1043,127,-146,-14040,-4896,6404,-441,192,-86,0
863.8347661495209,8664,6572,11220,-205,-174,148,7572,-9320,10036,36,148,-201,-13708,4208,5388,-1048,149,-145,-13932,-4872,6300,-435,193,-76,0
863.8682870864868,8652,6592,11276,-221,-134,170,7504,-9720,10224,11,121,-193,-13760,4180,5672,-1025,126,-160,-13844,-4912,6516,-451,187,-95,0
863.9016890525818,8664,6584,11300,-206,-146,153,7412,-9456,10224,43,127,-206,-13760,4240,5792,-1066,132,-129,-13964,-5104,6620,-482,167,-50,0
863.9494781494141,8596,6528,11468,-179,-157,162,7468,-9336,10052,25,104,-173,-13684,4212,5416,-1033,157,-73,-13912,-4876,6212,-447,161,-67,0
863.9945800304413,8888,6556,11148,-2,-158,148,7584,-9328,10132,-14,116,-186,-13572,4192,5724,-1067,139,-57,-14008,-5100,6376,-469,151,-56,0
864.0316920280457,8800,6624,11188,-197,-168,146,7460,-9460,10164,21,129,-191,-13772,4208,5740,-1057,132,-109,-13960,-4932,6344,-505,151,-93,0
864.0653059482574,8624,6532,11328,-225,-131,127,7456,-9352,10276,57,92,-204,-13772,4236,5900,-1018,88,-108,-13924,-4980,6480,-446,184,-71,0
864.0989780426025,8680,6536,11148,-168,-140,128,7204,-9444,10244,14,161,-184,-13728,4164,5776,-1014,144,-136,-13904,-4988,6480,-462,130,-82,0
864.1320581436157,8692,6540,11300,-169,-155,132,7432,-9352,10168,12,113,-253,-13640,4176,5452,-1030,125,-106,-13988,-5048,6508,-460,216,-105,0
864.1656620502472,8752,6488,11272,-215,-172,158,7576,-9288,10364,37,76,-204,-13780,4260,5864,-1061,114,-106,-13888,-4848,6432,-455,165,-102,0
864.1993789672852,8748,6512,11284,-163,-118,119,7620,-9376,10196,28,132,-180,-13776,4336,5700,-1044,106,-36,-13944,-4904,6536,-446,120,-77,0
864.2328629493713,8808,6716,11204,-227,-107,147,7400,-9324,10268,24,130,-160,-13680,4240,5768,-1053,104,-123,-14032,-4892,6460,-440,142,-63,0
864.2661719322205,8620,6624,11372,-197,-147,133,7672,-9328,10256,16,140,-184,-13784,4216,5692,-778,124,-124,-13924,-4936,6424,-504,156,-111,0
864.299546957016,8764,6580,11232,-116,-143,92,7464,-9460,10284,-24,134,-200,-13660,4180,5604,-1007,115,-64,-13892,-4892,6244,-505,155,-116,0
864.3330039978027,8448,6500,11180,-121,-118,109,7656,-9328,10100,-58,107,-226,-13708,4332,5740,-1010,126,-72,-13976,-5100,6396,-763,157,-131,0
864.3696389198303,8648,6464,11072,-76,-77,106,7460,-9300,10452,-29,87,-193,-13780,4100,5764,-1018,126,-83,-14012,-4736,6408,-508,148,-152,0
864.4049799442291,8560,6492,11248,-117,-34,93,7528,-9400,10372,-24,136,-188,-13788,4200,5664,-989,116,-77,-13936,-4920,6484,-483,145,-159,0
864.4407601356506,8776,6676,11340,-130,-14,87,7568,-9340,10268,-50,143,-176,-13712,4200,5736,-1035,95,-78,-13892,-4832,6404,-507,136,-144,0
864.4759380817413,8944,6544,11072,-79,-31,78,7444,-9320,10304,-48,132,-144,-13704,4244,5652,-1275,82,-47,-13944,-4648,6512,-529,141,-153,0
864.5113041400909,8924,6592,11164,-78,-49,92,7536,-9264,10128,-57,118,-158,-13644,4224,5696,-1020,94,-70,-13832,-4904,6232,-505,127,-145,0
864.5471711158752,8684,6512,11180,-71,-13,73,7444,-9448,10240,-62,161,-148,-13748,4204,5636,-1016,63,-72,-13884,-4916,6448,-495,99,-147,0
864.5824110507965,8692,6572,11112,-133,-52,88,7572,-9320,10128,-63,171,-163,-13776,4096,5632,-1005,62,-62,-13944,-4976,6500,-486,123,-162,0
864.6180210113525,8636,6680,11228,-81,-2,59,7424,-9432,10248,-57,143,-153,-13708,4244,5524,-1008,66,-63,-13980,-4944,6208,-518,110,-148,0
864.6529490947723,8744,6520,11084,-97,-57,71,7636,-9392,10488,-51,128,-165,-13640,4204,5776,-1003,74,-45,-13876,-4896,6560,-476,150,-153,0
864.6888809204102,8620,6600,11248,-89,-50,89,7504,-9360,10184,-73,144,-172,-13692,4172,5844,-995,83,-69,-13952,-4852,6412,-480,139,-115,0
864.7234680652618,8736,6688,11264,-82,-68,77,7624,-9252,10016,-79,123,-156,-13796,4252,5768,-964,97,-79,-14024,-4852,6320,-262,127,-158,0
864.7588310241699,8808,6556,11264,-61,-29,81,7452,-9428,10116,-16,141,-140,-13820,4280,5796,-1034,47,-80,-13992,-4888,6548,-768,140,-153,0
864.7936120033264,8636,6576,11384,-95,-38,78,7536,-9308,10092,-38,214,-79,-13720,4268,5556,-996,101,-103,-13928,-4924,6496,-523,121,-128,0
864.8292779922485,8920,6880,11032,-49,-7,92,7540,-9420,10344,-74,189,-135,-13724,4348,5664,-1031,51,-29,-14008,-5008,6436,-499,100,-129,0
864.8645489215851,8844,6616,11052,-80,-67,54,7460,-9400,10132,-21,178,-169,-13776,4240,5800,-992,35,-91,-14044,-4940,6560,-474,142,-179,0
864.9000949859619,8480,6532,11444,-105,-49,70,7460,-9376,10460,-50,151,-158,-13692,4220,5680,-980,67,-48,-14004,-4876,6536,-484,138,-144,0
864.9355480670929,8672,6596,11196,-76,-37,65,7452,-9440,10444,-50,94,-163,-13824,4184,5644,-1018,41,-48,-13940,-4964,6488,-494,114,-140,0
864.970869064331,8636,6576,11276,-110,-2,112,7480,-9412,10148,-44,146,-174,-13668,4204,5952,-964,24,-70,-13884,-4980,6600,-507,106,-162,0
865.007208108902,8672,6600,11192,-116,-62,64,7488,-9368,10440,-67,146,-180,-13672,4208,5652,-989,82,-96,-13880,-4912,6424,-481,132,-129,0
865.0407299995422,8648,6688,11248,-96,-39,97,7476,-9372,10296,-48,120,-194,-13716,4176,5828,-968,104,-112,-13844,-4832,6648,-501,161,-136,0
865.0741500854492,8688,6620,11224,-130,-86,102,7456,-9288,10028,-27,85,-201,-13680,4220,5888,-1002,128,-100,-13968,-4992,6436,-547,174,-108,0
865.1077239513397,8720,6576,11200,-101,-58,106,7508,-9252,10480,-38,79,-195,-13660,4132,5744,-979,114,-89,-13988,-4884,6440,-517,130,-130,0
865.1411490440369,8536,6660,11244,-118,-52,113,7604,-9316,10320,-34,113,-183,-13660,4196,5876,-946,111,-101,-13936,-4912,6424,-466,134,-117,0
865.1743459701538,8952,6512,11080,-115,-41,106,7544,-9384,10292,-16,125,-178,-13712,4280,5748,-962,115,-88,-13964,-4948,6484,-502,162,-108,0
865.2080390453339,8668,6684,11340,-132,-42,113,7472,-9308,10484,-30,105,-180,-13640,4264,5740,-955,89,-104,-13964,-4968,6428,-473,154,-126,0
865.2428071498871,8448,6612,11264,-119,-61,118,7556,-9336,10120,-32,126,-191,-13712,4208,5832,-917,104,-87,-13964,-4884,6400,-510,181,-114,0
865.2761170864105,8648,6660,11492,-128,-27,92,7588,-9356,10204,-54,148,-164,-13704,4252,5812,-830,34,-96,-14020,-4836,6528,-526,185,-118,0
865.3101110458374,8572,6564,11056,-145,-45,90,7524,-9396,10172,-84,156,-199,-13644,4280,5828,-940,85,-102,-13972,-4892,6516,-498,189,-112,0
865.3436939716339,8552,6536,11336,-169,-17,110,7416,-9424,10224,-30,163,-181,-13744,4236,5852,-969,106,-88,-13868,-4896,6548,-495,210,-121,0
865.3773810863495,8576,6592,11196,-167,-61,104,7564,-9244,10036,-15,102,-181,-13708,4228,5852,-908,137,-80,-13812,-4956,6524,-766,196,-101,0
865.4107761383057,8576,6688,11344,-147,-64,111,7588,-9416,10096,19,60,-188,-13736,4248,6024,-957,126,-88,-13704,-4972,6496,-504,190,-105,0
865.4443399906158,8592,6624,11188,-178,-73,134,7640,-9376,10120,-34,127,-212,-13624,4272,5700,-922,146,-137,-13948,-5024,6460,-483,240,-59,0
865.477746963501,8688,6732,11236,-210,-94,125,7472,-9404,10312,-58,154,-197,-13792,4208,5436,-916,160,-112,-13956,-4908,6224,-480,177,-105,0
865.5112841129303,8596,6576,11204,-177,-119,144,7532,-9472,10096,-39,148,-186,-13764,4208,5748,-936,171,-59,-13984,-4684,6604,-506,193,-65,0
865.5448989868164,8672,6572,11316,-198,-87,143,7432,-9224,10456,12,173,-191,-13720,4280,5704,-961,181,-80,-13888,-4736,6196,-480,219,-92,0
865.5782051086426,8648,6588,11272,-205,-105,143,7424,-9280,10192,12,175,-182,-13736,4120,5876,-885,185,-123,-14024,-4896,6564,-519,170,-97,0
865.6118309497833,8660,6644,11324,-195,-67,125,7492,-9360,10308,-28,144,-205,-13740,4236,5500,-929,143,-160,-13828,-4944,6468,-491,213,-78,0
865.6454169750214,8588,6616,11376,-2,-122,119,7480,-9372,10188,18,167,-201,-13672,4276,5668,-928,165,-150,-13924,-4900,6592,-479,205,-55,0
865.678719997406,8716,6664,11272,-252,-105,151,7508,-9424,10100,28,137,-209,-13580,4168,5700,-953,164,-70,-13912,-4884,6648,-487,190,-74,0
865.712338924408,8676,6640,11200,-241,-82,161,7464,-9280,10180,-7,121,-210,-13620,4216,5664,-935,149,-60,-13920,-4988,6392,-506,167,-68,0
865.7458510398865,8676,6568,11264,-256,-107,159,7468,-9468,10288,-17,132,-196,-13700,4252,5640,-903,164,-81,-13976,-4988,6376,-532,176,-77,0
865.7792010307312,8608,6560,11396,-200,-119,153,7504,-9432,10156,-13,150,-212,-13812,4300,5760,-950,145,-129,-13828,-4860,6432,-542,192,-72,0
865.8126790523529,8656,6540,11260,-177,-107,126,7532,-9344,10244,255,154,-210,-13940,4152,5764,-919,164,-143,-13892,-4932,6468,-508,239,-69,0
865.8462219238281,8524,6608,11236,-242,-117,166,7452,-9464,10420,-5,121,-230,-13708,4236,5736,-924,199,-104,-13968,-4816,6484,-527,215,-81,0
865.8796219825745,8716,6556,11336,-226,-107,176,7492,-9360,10208,-254,113,-228,-13776,4220,5876,-923,204,-121,-14300,-4876,6644,-514,201,-65,0
865.9129350185394,8760,6560,11500,-214,-121,175,7516,-9424,10256,-30,89,-224,-13776,4220,5480,-929,194,-160,-14068,-4952,6604,-501,234,-67,0
865.9466891288757,8632,6404,11188,-200,-121,143,7288,-9316,10368,-11,193,-223,-13852,4304,5716,-945,150,-154,-13872,-4940,6372,-516,504,-40,0
865.9800939559937,8744,6572,11220,-197,-142,166,7644,-9444,10380,10,116,-214,-13768,4224,5556,-975,182,-116,-14020,-4892,6520,-486,197,-53,0
866.0138339996338,8616,6568,11336,-188,-156,145,7524,-9352,10184,-61,166,-185,-13748,4196,5728,-871,166,-65,-13892,-4880,6564,-525,146,-86,0
866.05078291893,8484,6452,11284,-209,-177,115,7484,-9432,10112,-35,165,-175,-13820,4564,5884,-930,110,-106,-13912,-4676,6532,-568,157,-127,0
866.0861930847168,8576,6484,11080,-195,-217,137,7536,-9412,10240,45,219,-211,-13676,4156,5548,-978,96,-112,-13856,-4952,6468,-492,198,-85,0
866.1218111515045,8588,6564,11216,-158,-147,135,7648,-9308,10316,-41,51,-226,-13784,4212,5724,-901,140,-116,-13932,-4676,6592,-564,160,-93,0
866.1576581001282,8648,6544,11248,-160,-201,130,7560,-9320,10368,-38,137,-213,-13732,4180,5856,-929,87,-144,-14024,-4864,6464,-518,168,-104,0
866.1929891109467,8668,6584,11224,-110,-175,129,7860,-9472,10128,-53,41,-189,-13728,4204,5468,-1033,144,-38,-13884,-4896,6368,-503,111,-96,0
866.2287850379944,8952,6460,11148,-131,-41,145,7568,-9452,10432,-39,79,-134,-13716,4240,5660,-996,165,-38,-13884,-4928,6648,-507,82,-94,0
866.2642250061035,8544,6596,11020,-118,-2,133,7596,-9316,10016,-65,113,-139,-13668,4260,5456,-1018,94,2,-13968,-4856,6328,-517,81,-131,0
866.2997379302979,8632,6652,11104,-137,-22,85,7524,-9348,10016,-32,116,-160,-13784,4204,5624,-1021,88,-76,-13844,-4836,6164,-493,134,-160,0
866.3348760604858,8688,6480,11304,-119,-11,91,7432,-9372,10336,-31,142,-215,-14020,4184,5752,-1032,107,-101,-13988,-4960,6464,-476,171,-133,0
866.3700489997864,8632,6552,11048,-94,-53,91,7592,-9372,10036,-68,143,-213,-13744,4280,5568,-989,86,-100,-14056,-4620,6300,-498,146,-131,0
866.4055919647217,8904,6552,11456,-114,-89,105,7468,-9392,10164,-43,119,-214,-13764,4568,5876,-1003,101,-94,-13960,-4872,6396,-508,153,-130,0
866.4413440227509,8724,6460,11292,-89,-64,94,7480,-9268,10252,-43,112,-167,-13732,4248,5476,-1065,56,-47,-14024,-4624,6340,-495,143,-129,0
866.4774160385132,8608,6524,11340,-118,-48,103,7492,-9316,10232,-51,135,-155,-13720,4256,5636,-1076,53,-44,-13972,-4920,6552,-504,116,-125,0
866.5130069255829,8784,6492,11252,-99,-43,101,7564,-9428,10140,-51,167,-178,-13704,4260,5716,-1060,56,-60,-13920,-4864,6428,-500,123,-156,0
866.5487089157104,8584,6568,11336,-124,-56,107,7176,-9280,10052,-47,156,-177,-13812,4348,5836,-1096,38,-62,-14004,-4972,6516,-497,147,-144,0
866.5838930606842,8732,6644,11140,-119,-58,99,7572,-9376,10132,-52,140,-175,-13708,4292,5724,-1057,54,-68,-13948,-4980,6564,-495,141,-131,0
866.6196200847626,8592,6532,11292,-102,-51,84,7560,-9312,10212,-57,151,-170,-13812,4168,5696,-1093,81,-69,-14012,-4904,6412,-765,137,-126,0
866.6551909446716,8668,6552,11216,-114,-90,81,7504,-9300,10196,-30,136,-169,-13656,4224,5720,-1086,68,-53,-14040,-4904,6244,-466,166,-115,0
866.6910269260406,8744,6544,11012,-137,-81,93,7564,-9292,10052,-49,137,-171,-13780,4208,5852,-1127,95,-51,-14020,-4876,6352,-462,128,-103,0
866.724848985672,8708,6628,11320,-103,-78,100,7592,-9440,10128,-49,139,-148,-13572,4244,5556,-1120,56,-63,-14012,-4804,6284,-463,127,-136,0
866.7584009170532,8744,6596,11204,-103,-65,92,7488,-9392,9984,-53,146,-129,-13788,4156,5688,-1061,92,-97,-13988,-4852,6512,-491,86,-147,0
866.7918710708618,8632,6492,11432,-94,-61,90,7500,-9456,10112,-30,151,-148,-13716,4340,5596,-1044,111,-101,-13976,-4960,6492,-457,122,-133,0
866.8254520893097,8692,6524,11508,-120,-36,101,7384,-9348,10172,-44,139,-148,-13712,4268,5804,-1059,89,-77,-13956,-4944,6392,-493,103,-148,0
866.8589339256287,8736,6496,11392,-134,-71,108,7504,-9396,10000,-64,159,-186,-13764,4280,5804,-1058,83,-52,-13916,-5028,6484,-483,142,-141,0
866.8922641277313,8524,6556,11244,-111,-73,90,7508,-9376,10328,-24,180,-164,-13784,4252,5800,-1030,92,-120,-13912,-5024,6484,-480,159,-149,0
866.9258580207825,8576,6552,11312,-121,-109,81,7464,-9384,10216,-24,135,-191,-13696,4192,5844,-1026,122,-129,-13880,-4908,6496,-474,188,-126,0
866.9594161510468,8556,6656,11216,-124,-92,90,7528,-9368,10128,-46,149,-189,-13712,4188,5884,-1274,73,-91,-14020,-4924,6436,-440,149,-139,0
866.9932329654694,8580,6596,11032,-111,-70,74,7452,-9392,10208,-68,171,-205,-13720,4348,5616,-996,88,-68,-14028,-4916,6360,-488,103,-111,0
867.026839017868,8956,6564,11388,-136,-66,61,7496,-9416,9996,-20,200,-150,-13768,4232,5692,-772,54,-48,-14020,-4844,6488,-481,139,-122,0
867.0602660179138,8648,6684,11316,-121,-54,102,7480,-9260,10232,-14,178,-150,-13756,4108,5836,-1028,103,-58,-13884,-5028,6296,-481,80,-146,0
867.0938289165497,8904,6452,11008,-91,-33,89,7556,-9436,10148,-50,159,-164,-13756,4156,5428,-991,77,-89,-13948,-4952,6360,-511,133,-165,0
867.1273920536041,8624,6632,11248,-139,-45,87,7472,-9472,10140,-54,241,-134,-13700,4268,5540,-992,125,-120,-13940,-5108,6460,-444,178,-110,0
867.1606540679932,8520,6400,11096,-124,-6,103,7564,-9372,10220,-5,128,-177,-13648,4300,5724,-1080,137,-56,-13892,-4904,6404,-458,134,-122,0
867.1943271160126,8680,6420,11220,-131,-26,99,7460,-9448,10168,-25,115,-132,-13748,4120,5692,-1019,148,-66,-13908,-4976,6432,-452,95,-131,0
867.2279419898987,8596,6556,11300,-147,-50,95,7480,-9428,10224,-60,199,-156,-13732,4196,5856,-1033,100,-52,-14012,-4668,6268,-435,95,-134,0
867.2615740299225,8660,6632,11268,-144,-52,110,7496,-9708,10488,-37,172,-163,-13756,4276,5876,-774,126,-103,-13932,-4928,6408,-462,147,-137,0
867.2948849201202,8548,6564,11188,-145,-58,102,7440,-9328,10476,1,134,-167,-13656,4256,5840,-1021,121,-148,-13884,-5004,6616,-485,172,-108,0
867.3284170627594,8564,6612,11120,-183,-82,102,7428,-9388,10124,27,144,-173,-13804,4272,5712,-1052,178,-90,-13956,-4936,6532,-453,198,-63,0
867.361850976944,8596,6660,11268,-174,-108,132,7464,-9468,10384,-6,127,-209,-13752,4328,5676,-1024,125,-93,-13984,-4960,6416,-487,166,-80,0
867.3950159549713,8640,6588,11380,-174,-132,148,7372,-9352,10248,13,162,-221,-13812,4132,5636,-980,134,-111,-14048,-4968,6468,-492,190,-105,0
867.4287149906158,8692,6576,11268,-185,-153,135,7536,-9356,10308,-5,176,-211,-13780,4308,5764,-995,123,-172,-14048,-4920,6400,-446,168,-123,0
867.4622931480408,8504,6628,11320,-185,-141,97,7660,-9244,10196,4,184,-195,-13720,4140,5716,-991,142,-129,-13832,-4860,6300,-478,197,-88,0
867.4955639839172,8564,6616,11304,-185,-140,126,7400,-9384,10320,-25,168,-236,-13704,4220,6012,-987,132,-113,-13988,-5004,6260,-469,188,-74,0
867.5292921066284,8876,6580,11264,-206,-135,96,7344,-9336,10216,-256,179,-206,-13780,4228,5456,-955,167,-96,-13844,-5036,6452,-468,148,-82,0
867.56285405159,8592,6612,11272,-231,-141,146,7496,-9432,10360,13,130,-212,-13796,4284,5672,-995,157,-78,-13988,-4920,6456,-474,206,-73,0
867.5965750217438,8608,6508,11328,-221,-127,161,7480,-9376,10300,21,143,-190,-13720,4268,5800,-991,135,-148,-14040,-4888,6492,-488,157,-67,0
867.6299700737,8724,6540,11200,-235,-137,186,7188,-9348,9992,21,131,-211,-13612,4248,5800,-1206,260,-136,-13976,-4944,6520,-490,170,-43,0
867.663535118103,8580,6512,11252,-225,-157,200,7548,-9228,10312,21,69,-172,-13708,4176,6056,-1034,177,-99,-13912,-5000,6416,-505,194,-36,0
867.696869134903,8628,6680,11208,-219,-133,210,7500,-9180,10316,-255,85,-189,-13792,4280,5824,-1279,206,-72,-13984,-4656,6648,-538,149,-19,0
867.7338130474091,8732,6448,11208,-199,-166,202,7540,-9396,10200,11,142,-174,-13792,4112,5512,-1043,171,-125,-13952,-4944,6384,-500,148,-49,0
867.7691569328308,8576,6572,11264,-246,-148,163,7496,-9284,10284,27,106,-167,-13800,4088,5796,-1279,177,-69,-13920,-4972,6408,-477,110,-67,0
867.8046190738678,8636,6572,11212,-185,-144,140,7452,-9352,10296,5,128,-190,-13760,4140,5792,-985,152,-90,-13992,-4796,6464,-461,190,-49,0
867.8403699398041,8488,6528,11320,-232,-180,152,7460,-9464,10192,24,117,-205,-13808,4288,5728,-1007,167,-134,-13984,-4784,6488,-456,200,-48,0
867.875452041626,8676,6652,11036,-223,-188,149,7568,-9380,10144,51,111,-202,-13676,4272,5692,-1020,167,-96,-13968,-4672,6536,-481,162,-73,0
867.910413980484,8684,6456,11468,-200,-161,154,7532,-9348,10216,40,139,-181,-13688,4292,5760,-1005,170,-80,-13924,-4908,6452,-475,139,-90,0
867.9458301067352,8652,6460,11468,-208,-151,155,7188,-9340,10432,34,130,-222,-13812,4272,5712,-1276,128,-145,-13988,-5116,6420,-754,172,-78,0
867.9817509651184,8624,6420,11444,-155,-175,146,7492,-9468,10144,-16,112,-213,-13764,4300,5660,-1057,158,-134,-13948,-4840,6520,-542,170,-100,0
868.017627954483,8952,6540,11112,-143,-190,141,7432,-8972,10108,-7,61,-244,-13728,4212,5568,-1027,162,-130,-13860,-4648,6448,-524,213,-63,0
868.0532550811768,8608,6572,11084,-151,-135,139,7500,-9472,10456,-53,52,-212,-13776,4112,5720,-1022,173,-106,-13968,-4676,6212,-498,188,-95,0
868.088681936264,8704,6528,11204,-138,-133,111,7564,-8992,10236,-48,84,-199,-13864,4260,5728,-979,126,-76,-13968,-4712,6492,-488,141,-129,0
868.1240210533142,8820,6568,11192,-139,-14,99,7448,-9288,10300,-30,112,-149,-13772,4144,5840,-1276,132,-64,-14060,-4768,6468,-506,136,-98,0
868.159677028656,8720,6520,11184,-98,-10,109,7508,-9472,10152,-30,86,-160,-13780,4188,5832,-1026,117,-42,-14332,-4920,6360,-526,112,-112,0
868.1946849822998,8744,6464,11232,-128,1,88,7608,-9248,10188,-65,140,-130,-14020,4348,5652,-1019,95,-11,-14292,-4892,6416,-501,103,-147,0
868.2302329540253,8808,6532,11444,-104,22,88,7488,-9400,10080,-88,140,-145,-13712,4200,5684,-958,89,-41,-14008,-4884,6436,-502,95,-136,0
868.2654731273651,8800,6492,11372,-122,9,97,7472,-9284,10304,-62,135,-156,-13748,4240,5488,-988,73,-49,-13952,-4884,6484,-521,140,-158,0
868.3012509346008,8648,6504,11460,-112,-19,47,7420,-9340,10128,-28,184,-153,-13772,4236,5764,-960,46,-63,-13984,-4988,6180,-525,111,-132,0
868.3391070365906,8616,6548,11192,-111,-51,48,7436,-9372,10196,-73,183,-171,-13752,4276,5620,-905,22,-36,-13980,-4908,6556,-534,169,-129,0
868.3757190704346,8672,6532,11352,-73,-30,81,7636,-9372,9992,-119,161,-155,-13836,4188,5624,-910,30,-48,-13956,-4932,6376,-504,85,-113,0
868.4089870452881,8704,6500,11328,-95,-59,87,7552,-9356,10164,-82,169,-134,-13716,4352,5548,-1008,50,-61,-13876,-4728,6492,-531,136,-143,0
868.4424500465393,8620,6516,11304,-132,-62,105,7388,-9400,10224,-65,152,-145,-13624,4288,5504,-962,74,-34,-14008,-4928,6592,-492,108,-113,0
868.4759669303894,8664,6556,11304,-103,-27,99,7524,-9308,10180,-94,194,-142,-13572,4184,5816,-1003,90,-66,-13976,-4876,6320,-762,134,-149,0
868.5097620487213,8748,6524,11480,-118,-99,114,7472,-9328,10284,-29,180,-187,-13724,4208,5692,-1014,47,-90,-13880,-4852,6348,-495,182,-133,0
868.5431079864502,8684,6552,11232,-128,-21,89,7512,-9268,10072,10,166,-190,-13800,4248,5632,-1032,74,-89,-13956,-4920,6340,-516,108,-108,0
868.5767431259155,8732,6576,11244,-99,-46,80,7508,-9296,10152,-32,127,-188,-13868,4256,5436,-1013,39,-57,-13932,-4892,6348,-494,75,-144,0
868.6102061271667,8588,6560,11392,-120,-30,92,7604,-9336,10136,-61,139,-157,-13892,4124,5376,-998,53,-42,-14104,-4956,6476,-484,75,-132,0
868.6433570384979,8892,6584,11368,-124,-90,77,7508,-9348,10220,-63,206,-154,-13732,4148,5776,-1026,20,-126,-13952,-4952,6440,-479,136,-119,0
868.6770761013031,8608,6540,11356,-128,-72,86,7396,-9396,10336,-13,178,-175,-13808,4252,5592,-1037,105,-136,-13824,-4944,6604,-450,189,-94,0
868.71053814888,8504,6536,11344,-166,-122,105,7196,-9244,10004,9,133,-196,-13728,4172,6096,-1042,132,-94,-13864,-4908,6456,-453,141,-94,0
868.7438130378723,8588,6544,11364,-150,-137,131,7428,-9440,10356,-30,111,-202,-13736,4316,5816,-1007,127,-90,-13884,-4908,6552,-492,162,-132,0
868.7774600982666,8616,6520,11360,-168,-96,113,7360,-9472,10140,-29,122,-211,-13728,4292,5424,-1014,112,-86,-13892,-4936,6576,-500,143,-127,0
868.8110511302948,8572,6572,11340,-142,-72,152,7344,-9336,10116,-7,178,-157,-13676,4276,5760,-1046,123,-146,-13968,-4808,6524,-519,180,-115,0
868.8442640304565,8740,6684,11212,-151,-83,146,7388,-9296,10364,-13,55,-165,-13940,4212,5388,-1042,117,-87,-14100,-4820,6304,-534,147,-105,0
868.8780751228333,8724,6572,11260,-134,-85,120,7544,-9300,10384,-51,104,-188,-13784,4332,5724,-988,106,-45,-13948,-4964,6556,-502,171,-136,0
868.9116499423981,8676,6476,11140,-151,-81,115,7660,-9404,10220,-56,152,-199,-14040,4112,5736,-1014,97,-74,-13996,-4804,6508,-506,152,-129,0
868.9451010227203,8736,6556,11296,-139,-67,116,7472,-9460,10332,-27,163,-191,-13780,4260,5684,-979,74,-81,-13984,-4628,6236,-486,165,-121,0
868.9787230491638,8824,6608,11288,-133,-56,126,7496,-9356,10224,-10,141,-178,-13756,4104,5680,-1017,109,-76,-14112,-4892,6416,-481,144,-129,0
869.0124580860138,8700,6568,11128,-177,-87,81,7456,-9332,10352,-30,138,-192,-13628,4256,5736,-1000,144,-106,-13956,-4932,6448,-455,151,-96,0
869.0461070537567,8708,6564,11212,-137,-71,123,7384,-9628,10240,-67,140,-172,-13728,4252,5832,-1028,93,-130,-14028,-5092,6536,-499,156,-91,0
869.079733133316,8476,6556,11264,-125,-91,134,7472,-9380,10104,-20,107,-157,-13908,4240,5724,-1060,99,-118,-13888,-4932,6504,-498,162,-115,0
869.1133790016174,8748,6528,11356,-113,-68,142,7284,-9188,10336,-1,161,-155,-13740,4188,5424,-1035,117,-72,-14004,-4672,6564,-257,140,-95,0
869.1468169689178,8744,6628,11296,-105,-42,93,7440,-9260,10116,-89,131,-183,-13792,4200,5536,-1033,93,-66,-14012,-4816,6728,-503,118,-100,0
869.1802699565887,8632,6464,11332,-129,-87,99,7436,-9304,10292,-23,124,-192,-13760,4240,5792,-1002,102,-96,-13672,-4876,6376,-481,176,-126,0
869.2141349315643,8664,6480,11252,-138,-78,127,7472,-9408,10048,-37,123,-184,-13728,4252,5712,-1070,90,-102,-14008,-4760,6492,-263,151,-109,0
869.2476589679718,8652,6524,11012,-105,-92,115,7488,-9428,10300,-54,100,-182,-13696,4188,5636,-1018,89,-101,-13908,-4724,6488,-474,104,-81,0
869.2812740802765,8520,6560,11060,-128,-98,88,7516,-9400,10268,-75,144,-191,-13836,4248,5840,-962,3,-95,-13980,-4936,6460,-453,99,-127,0
869.3148920536041,8464,6792,11028,-141,-53,88,7488,-9384,10308,-18,171,-137,-13592,4224,5552,-1029,60,-37,-13968,-4976,6428,-509,77,-140,0
869.3484680652618,8676,6584,11228,-109,-251,53,7600,-9304,10368,-44,181,-114,-13668,4152,5816,-1033,28,-56,-13956,-4816,6636,-498,110,-137,0
869.3818309307098,8624,6436,11220,-121,-51,83,7548,-9392,9992,-9,178,-138,-13644,4176,5700,-1036,49,-76,-14024,-4824,6480,-763,101,-144,0
869.4192690849304,8608,6600,11408,-64,-66,91,7456,-9284,10172,-18,130,-163,-13744,4284,5660,-1055,59,-81,-14080,-4976,6516,-502,90,-164,0
869.4546301364899,8544,6652,11332,-98,-45,94,7512,-9304,10192,-39,132,-148,-13824,4180,5444,-1031,40,-44,-14008,-4636,6812,-498,90,-130,0
869.490688085556,8616,6556,11148,-95,-87,73,7440,-9436,10136,-26,156,-139,-13704,4180,5832,-1065,53,-77,-13908,-4900,6508,-480,131,-127,0
869.5261719226837,8664,6596,11272,-91,-102,106,7400,-9284,10440,-30,144,-164,-13664,4172,5608,-1108,84,-80,-13852,-4968,6452,-479,114,-102,0
869.5618250370026,8616,6584,11500,-75,-83,114,7508,-9328,10300,-80,131,-187,-13760,4260,5720,-773,53,-30,-13904,-4928,6468,-768,96,-146,0
869.5977499485016,8856,6628,11408,-77,-80,95,7440,-9464,10240,-78,126,-155,-13696,4196,5772,-1064,51,-96,-14024,-4816,6432,-506,97,-148,0
869.6328520774841,8816,6596,11232,-46,-96,111,7564,-9400,10104,-48,137,-163,-13668,4248,5568,-1061,71,-58,-13860,-4904,6540,-521,105,-138,0
869.6677010059357,8620,6584,11160,-103,-29,84,7492,-9336,10100,-37,125,-149,-13708,4148,5516,-1005,62,-52,-14000,-4828,6392,-446,98,-107,0
869.7033920288086,8624,6504,11236,-138,-50,108,7412,-9384,10184,-52,145,-136,-13760,4300,5644,-995,71,-64,-14008,-4848,6560,-764,109,-129,0
869.7391979694366,8688,6544,11416,-195,-42,108,7512,-9472,10356,10,190,-155,-13668,4224,5752,-1034,52,-70,-14012,-4940,6492,-469,184,-69,0
869.7750549316406,8532,6708,11480,-201,-137,153,7372,-9368,10276,12,175,-178,-13624,4228,6008,-1017,140,-125,-13944,-5036,6516,-470,191,-47,0
869.8106551170349,8672,6676,11316,-157,-222,130,7552,-9392,10244,-64,99,-227,-13588,4172,5808,-967,87,-81,-14068,-4832,6692,-513,211,-98,0
869.8461680412292,8568,6576,11328,-172,-137,136,7416,-9352,10032,-4,124,-238,-13756,4304,5760,-931,140,-102,-13864,-4932,6404,-498,188,-78,0
869.8821890354156,8608,6556,11492,-168,-107,124,7492,-9372,10188,13,172,-179,-13704,4228,5864,-1026,171,-115,-13860,-4856,6552,-424,164,-57,0
869.9175469875336,8676,6508,11380,-218,-103,124,7500,-9364,10244,-12,174,-176,-13760,4200,5664,-968,143,-70,-13948,-4872,6588,-463,128,-52,0
869.9532740116119,8692,6532,11316,-233,-171,141,7436,-9448,10348,-14,180,-186,-13688,4252,5648,-985,133,-115,-13940,-4900,6328,-446,198,-71,0
869.9892899990082,8596,6444,11264,-245,-183,150,7660,-9692,10468,28,171,-201,-13684,4156,5704,-1017,121,-135,-13844,-5064,6448,-415,501,-28,0
870.0246441364288,8604,6488,11208,-274,-171,184,7392,-9264,10164,50,63,-261,-13596,4248,5432,-1055,509,-150,-13896,-4856,6472,-549,510,-16,0
870.0606160163879,8648,6472,11280,-175,-250,197,7516,-9392,10200,35,5,-245,-13768,4228,5796,-1028,202,-128,-14044,-4852,6476,-502,502,-44,0
870.0937550067902,8680,6480,11120,-200,-231,184,7428,-9276,10164,29,77,-240,-13736,4244,5864,-1009,183,-154,-14020,-4940,6492,-488,205,-75,0
870.1272511482239,8756,6560,11176,-220,-133,182,7556,-9392,10128,65,98,-210,-13704,4208,5688,-1012,177,-146,-13968,-4868,6460,-483,184,-80,0
870.1605279445648,8692,6480,11412,-237,-161,153,7596,-9344,10276,33,123,-187,-13712,4132,5604,-1037,140,-119,-13984,-4924,6624,-464,176,-78,0
870.1939179897308,8776,6464,11284,-241,-156,178,7508,-9268,10288,4,178,-210,-13736,4148,5724,-1012,152,-92,-13964,-4860,6368,-473,146,-96,0
870.2273960113525,8776,6492,11060,-224,-178,142,7428,-9312,10232,250,123,-196,-13792,4228,5780,-1092,126,-145,-14008,-4884,6348,-463,200,-82,0
870.2610769271851,8776,6476,11156,-193,-167,162,7572,-9452,10248,10,51,-187,-13688,4268,5632,-1034,172,-134,-13960,-4860,6544,-466,154,-73,0
870.2942609786987,8692,6452,11396,-202,-170,182,7488,-9336,10204,28,113,-200,-13764,4148,5632,-1041,176,-128,-13832,-4868,6536,-491,194,-77,0
870.3279161453247,8696,6512,11156,-144,-155,147,7560,-9396,10300,-18,106,-210,-13720,4184,5444,-1011,145,-55,-13880,-4896,6452,-534,153,-108,0
870.3615200519562,8848,6408,11220,-117,-105,128,7472,-9312,10000,-51,106,-178,-13872,4192,5644,-1023,99,-71,-13976,-4768,6500,-552,152,-138,0
870.3946011066437,8764,6440,11260,-100,-17,86,7500,-9228,10332,-1,148,-146,-13668,4152,5424,-1005,88,-77,-13956,-4896,6484,-511,101,-156,0
870.427983045578,8764,6428,11092,-86,-10,100,7668,-9268,10060,-49,160,-153,-13784,4164,5700,-1272,68,-87,-13952,-4904,6468,-509,138,-149,0
870.4616410732269,8920,6508,11288,-126,-80,92,7476,-9344,10440,-18,153,-170,-13684,4168,5808,-993,81,-87,-14248,-4668,6584,-478,172,-140,0
870.4948570728302,8668,6488,11016,-178,-63,104,7472,-9432,10208,-5,112,-179,-13760,4168,5684,-993,122,-63,-13948,-4884,6456,-475,157,-90,0
870.5284070968628,8896,6496,11340,-101,-69,117,7452,-9380,10336,-40,109,-197,-13740,4200,5832,-961,101,-85,-13904,-4948,6156,-520,123,-73,0
870.5618569850922,8640,6472,11512,-106,-127,113,7452,-9296,10440,-77,121,-203,-13780,4244,5772,-1005,95,-90,-14024,-4868,6564,-489,107,-112,0
870.5953330993652,8624,6488,11068,-117,-109,131,7480,-9376,10296,-78,125,-179,-13768,4292,5472,-954,93,-71,-13984,-4964,6444,-516,86,-133,0
870.6288030147552,8624,6560,11132,-125,-65,79,7540,-9332,10000,-63,180,-139,-13616,4276,5740,-1005,84,-43,-13940,-5072,6532,-481,119,-122,0
870.6619489192963,8804,6480,11252,-184,-65,101,7404,-9336,10276,-30,151,-154,-13672,4136,5696,-972,134,-86,-13980,-4684,6564,-761,121,-97,0
870.695335149765,8728,6472,11264,-145,-98,144,7176,-9308,10288,-59,110,-190,-13688,4196,5692,-1026,128,-139,-13928,-5064,6476,-261,195,-87,0
870.7287509441376,8840,6536,11248,-134,-164,152,7620,-9396,10328,-48,81,-200,-13812,4212,5492,-984,147,-78,-14248,-4800,6512,-257,170,-115,0
870.7623360157013,8768,6404,11068,-115,-91,119,7556,-9336,10156,-77,70,-187,-13900,4168,5620,-772,114,-38,-14080,-4796,6344,-547,107,-155,0
870.795567035675,8756,6368,11144,-97,-17,42,7588,-9284,10256,-34,159,-102,-13820,4180,5568,-1010,-4,-19,-13860,-5036,6456,-505,64,-179,0
870.829213142395,8568,6428,11228,-162,74,16,7508,-9276,10248,-11,239,-142,-13716,4180,5680,-1017,11,-40,-13896,-4904,6500,-446,105,-186,0
870.8626091480255,8608,6636,11196,-135,68,47,7612,-9408,10312,-61,242,-174,-13812,4116,5668,-953,254,-42,-14016,-4788,6444,-508,53,-192,0
870.8957431316376,8736,6468,11504,-99,-28,27,7516,-9396,10272,-60,206,-170,-13768,4236,5804,-956,-31,-75,-13892,-4904,6556,-476,168,-186,0
870.9292690753937,8536,6528,11324,-132,-66,58,7288,-9284,10368,-16,201,-222,-13700,4156,5636,-984,82,-92,-13848,-4940,6544,-457,166,-116,0
870.9628479480743,8580,6512,11416,-81,-32,94,7328,-9260,10436,-63,112,-213,-13720,4196,5828,-984,93,-109,-13848,-4928,6592,-487,151,-168,0
870.9960980415344,8560,6444,11028,-70,-78,79,7484,-9348,10148,-116,124,-180,-13672,4232,5948,-960,65,-90,-14068,-5104,6400,-511,127,-137,0
871.029981136322,8448,6544,11272,-104,14,99,7448,-9396,10280,-44,169,-139,-13764,4264,5624,-977,45,-39,-14012,-5036,6580,-495,102,-172,0
871.0634701251984,8940,6588,11080,-111,18,80,7424,-9304,10360,-41,198,-179,-13732,4172,5544,-997,86,-97,-13920,-4884,6556,-486,102,-128,0
871.1010570526123,8680,6632,11364,-98,-18,63,7392,-9352,10352,-64,159,-229,-13712,4108,5708,-1052,75,-80,-13904,-4912,6428,-450,138,-138,0
871.1361150741577,8536,6572,11120,-113,-61,58,7352,-9424,10024,-76,176,-213,-13648,4188,5796,-1004,97,-109,-13928,-4656,6500,-508,159,-118,0
871.1724920272827,8944,6476,11172,-73,-51,91,7500,-9376,10108,-79,100,-199,-13800,4268,5728,-988,102,-107,-14036,-4824,6560,-520,145,-137,0
871.2085700035095,8612,6448,11476,-123,-88,75,7388,-9368,10012,-42,108,-206,-13684,4376,5376,-971,63,-48,-13984,-4876,6484,-476,109,-135,0
871.2438719272614,8720,6596,11308,-124,-54,96,7544,-9388,10104,-53,161,-166,-13756,4232,5656,-1009,77,-101,-13948,-4792,6480,-519,131,-163,0
871.2793231010437,8732,6532,11184,-106,-44,89,7464,-9304,10288,-29,160,-165,-13808,4188,5744,-1024,34,-58,-13968,-4888,6444,-261,143,-161,0
871.3142750263214,8908,6612,11376,-92,-42,84,7348,-9412,10184,-38,156,-197,-13764,4236,5624,-1058,86,-79,-13972,-4628,6508,-528,136,-169,0
871.3502020835876,8660,6700,11340,-78,-82,99,7320,-9288,10292,-70,129,-199,-13648,4228,5628,-986,87,-61,-13936,-4752,6488,-496,119,-114,0
871.3853449821472,8636,6604,11380,-135,-43,78,7432,-9336,10360,-84,165,-183,-13744,4160,5640,-945,79,-72,-13960,-4932,6596,-475,115,-152,0
871.4207811355591,8644,6520,11472,-137,-29,71,7384,-9396,10148,-81,173,-155,-13644,4176,5640,-961,55,-51,-13952,-4912,6544,-501,117,-138,0
871.4561529159546,8460,6856,11072,-109,-93,86,7224,-9416,10344,-68,142,-196,-13700,4196,5832,-976,73,-97,-13860,-4896,6436,-469,165,-144,0
871.491837978363,8512,6536,11428,-134,-78,83,7212,-9344,10200,-41,53,-185,-13772,4160,5836,-1017,121,-69,-13976,-4640,6544,-485,161,-163,0
871.5277049541473,8604,6576,11452,-154,-90,86,7460,-9376,10236,-39,118,-195,-13760,4140,6052,-995,101,-86,-13936,-4920,6516,-506,190,-115,0
871.5627579689026,8672,6636,11200,-132,-96,84,7460,-9416,10244,-60,192,-203,-13708,4160,5736,-984,96,-132,-14048,-5016,6600,-522,164,-142,0
871.5986409187317,8584,6624,11220,-137,-97,88,7432,-9344,10380,-56,146,-193,-13760,4212,5760,-1021,78,-103,-14020,-4896,6500,-495,146,-148,0
871.6337749958038,8700,6528,11024,-139,-69,81,7540,-9468,10360,-8,129,-161,-13700,4212,5692,-1000,76,-74,-13964,-4880,6492,-480,131,-132,0
871.6696679592133,8588,6592,11248,-173,-61,110,7652,-9400,10224,-47,145,-146,-13668,4292,5832,-985,109,-54,-13972,-4620,6576,-468,130,-89,0
871.7046711444855,8560,6584,11320,-188,-72,126,7460,-9520,10148,-52,109,-172,-13576,4228,5720,-994,149,-79,-13676,-4904,6532,-464,169,-100,0
871.7407469749451,8948,6592,11120,-188,-132,145,7452,-9356,10464,-73,129,-202,-13796,4260,5880,-954,120,-92,-13884,-5112,6636,-462,191,-83,0
871.7742619514465,8652,6524,11304,-211,-149,128,7512,-9488,10328,-27,165,-221,-13756,4308,5800,-1001,123,-150,-13932,-4912,6312,-460,207,-91,0
871.8076801300049,8628,6864,11276,-182,-171,136,7620,-9340,10244,-20,207,-215,-13624,4172,5824,-990,122,-156,-14052,-4972,6564,-478,159,-116,0
871.8412020206451,8600,6572,11084,-191,-140,82,7640,-9340,10272,-49,164,-213,-13628,4168,5868,-962,88,-120,-13888,-4952,6520,-448,182,-90,0
871.8747930526733,8572,6576,11332,-237,-102,112,7472,-9340,10208,-247,163,-220,-13712,4268,5688,-999,123,-106,-13884,-4636,6548,-418,207,-76,0
871.9079730510712,8648,6568,11364,-197,-115,138,7516,-9336,10236,23,166,-167,-13780,4168,5720,-985,126,-62,-14032,-4764,6548,-455,126,-79,0
871.9416720867157,8688,6576,11228,-179,-134,131,7676,-9396,10352,-29,112,-183,-13712,4220,5652,-967,168,-86,-13852,-4928,6496,-419,91,-98,0
871.9753170013428,8624,6584,11260,-205,-129,134,7488,-9308,10004,-138,133,-217,-13744,4168,5776,-928,137,-102,-13872,-4916,6408,-452,138,-115,0
872.0087199211121,8696,6532,11184,-177,-169,110,7440,-9408,10272,-54,153,-243,-13620,4116,5656,-957,138,-163,-13828,-4808,6396,-438,235,-111,0
872.042377948761,8672,6588,11172,-205,-185,86,7396,-9248,10220,-28,155,-257,-13688,4160,5728,-981,116,-158,-13892,-4948,6624,-455,230,-107,0
872.0759840011597,8676,6504,11188,-175,-161,70,7492,-9344,10320,-80,178,-228,-13724,4248,5636,-1000,110,-112,-13740,-5064,6576,-452,222,-113,0
872.109591960907,8648,6464,11156,-161,-150,88,7376,-9496,10260,-5,126,-243,-13732,4336,5692,-1013,123,-115,-14032,-4728,6604,-476,166,-79,0
872.1427841186523,8892,6572,11276,-105,-65,109,7492,-9532,10168,-14,74,-149,-13692,4408,5780,-1062,186,-60,-14148,-4716,6796,-501,131,-28,0
872.176509141922,8800,6476,11340,-148,-256,187,7432,-9512,10100,-2,43,-102,-13748,4420,5644,-1076,202,10,-14040,-4740,6628,-520,75,-29,0
872.2098309993744,8624,6460,11432,-149,-55,232,7464,-9296,10012,-45,12,-98,-13724,4312,5764,-1036,217,-47,-14080,-4736,6592,-495,109,-37,0
872.2434060573578,8696,6648,11432,-144,-101,226,7412,-9488,10184,-66,143,-166,-13800,4260,5752,-1010,113,-104,-13924,-4920,6516,-562,217,-106,0
872.2771420478821,8568,6544,11416,-148,-162,124,7536,-9444,10296,18,193,-225,-13748,4112,5696,-998,51,-159,-13892,-5032,6632,-508,510,-127,0
872.3102819919586,8616,6528,11076,-158,-200,83,7480,-9444,10240,9,134,-289,-13740,4080,5748,-946,153,-230,-13992,-4956,6628,-447,271,-94,0
872.3438830375671,8692,6644,11340,-211,-223,94,7532,-9328,10252,-9,168,-307,-13772,4244,5876,-980,98,-184,-13916,-5000,6160,-414,289,-81,0
872.3774080276489,8916,6624,11204,-257,-256,99,7444,-9000,10352,-2,226,-274,-13696,4208,6036,-971,122,-134,-13828,-4696,6448,-457,211,-72,0
872.4105041027069,8952,6492,11256,-227,-181,167,7376,-9412,10192,-5,89,-214,-13644,4152,5760,-1018,211,-86,-14072,-4688,6188,-488,209,-23,0
872.4440290927887,8924,6452,11292,-200,-151,231,7496,-9508,10224,23,35,-184,-13812,4268,5580,-1054,213,-107,-13920,-4940,6448,-500,178,14,0
872.4776599407196,8896,6236,11280,-171,-99,241,7488,-9400,10240,-35,24,-167,-13688,4156,5720,-771,246,-101,-13928,-4728,6564,-258,125,37,0
872.511078119278,8924,6612,11268,-147,-133,230,7552,-9424,10004,-18,89,-158,-13768,4208,5880,-997,184,-84,-13644,-4736,6504,-528,168,-58,0
872.5446519851685,8732,6392,11184,-172,-172,182,7524,-9388,10192,30,98,-161,-13604,4220,5696,-1041,133,-106,-13936,-4768,6444,-544,152,-111,0
872.5781071186066,8736,6464,11260,-106,-87,167,7556,-9260,10388,-30,111,-135,-13856,4256,5776,-1010,105,-61,-14048,-4876,6516,-537,96,-144,0
872.6115591526031,8812,6424,11180,-128,-20,110,7476,-9320,10492,-51,131,-144,-13784,4128,5584,-1005,42,-67,-13960,-5040,6416,-500,83,-152,0
872.645015001297,8864,6532,11020,-121,-16,76,7468,-9320,10288,-36,201,-177,-13760,4156,5384,-1279,49,-90,-13952,-4860,6352,-501,119,-171,0
872.6786360740662,8708,6456,11036,-108,25,47,7508,-9340,10280,-40,134,-145,-13656,4204,5664,-1019,106,-14,-14020,-4788,6592,-461,139,-91,0
872.7121300697327,8632,6452,11240,-144,18,109,7564,-9352,10460,-37,87,-182,-13760,4264,5868,-915,95,-63,-14268,-4820,6628,-483,166,-115,0
872.7453110218048,8488,6516,11288,-132,-34,123,7496,-9428,10328,-84,111,-174,-13872,4236,5568,-967,114,-30,-14044,-4816,6676,-532,113,-157,0
872.7826631069183,8700,6472,11308,-122,-69,135,7520,-9672,10144,-71,115,-138,-13756,4188,5708,-1015,93,-77,-14068,-4764,6492,-258,112,-127,0
872.8181400299072,8796,6532,11388,-89,-1,145,7460,-9344,9984,-44,149,-90,-13784,4236,5788,-1025,53,26,-14148,-4820,6536,-600,67,-127,0
872.8536789417267,8736,6608,11108,-86,88,139,7508,-9412,10440,-38,147,-80,-13700,4176,5560,-1032,38,3,-13964,-4892,6496,-581,31,-135,0
872.8892431259155,8684,6412,11300,-106,23,139,7452,-9452,10204,-59,159,-63,-13784,4160,5788,-1059,10,244,-13900,-4832,6460,-567,62,-162,0
872.9250061511993,8792,6556,11136,-61,36,116,7552,-9364,10136,-45,179,-90,-13764,4152,5680,-1011,30,9,-13904,-4944,6356,-571,63,-154,0
872.961100101471,8684,6516,11020,-44,48,111,7176,-9464,10336,-72,156,-78,-13680,4276,5872,-1008,43,-31,-13900,-4920,6476,-519,67,-118,0
872.9971640110016,8660,6492,11312,-101,14,97,7200,-9384,10256,-61,100,-152,-13796,4216,5980,-1010,62,-44,-13872,-4624,6524,-504,159,-167,0
873.0323169231415,8840,6476,11260,-111,-39,98,7484,-9392,10248,-7,216,-148,-13744,4180,5752,-999,6,-82,-13932,-4944,6668,-520,121,-220,0
873.0681099891663,8680,6516,11392,-123,-34,24,7376,-9432,10096,-26,299,-227,-13420,4300,5584,-1114,54,-133,-13776,-5040,6476,-516,188,-162,0
873.1038250923157,8520,6540,11404,-100,-155,76,7316,-9428,10380,34,59,-231,-13664,4380,5796,-1151,140,-138,-14128,-4916,6444,-589,264,-76,0
873.1391849517822,8780,6568,11048,3,-44,110,7552,-9328,10256,-17,71,-194,-13848,4260,5708,-1026,114,-95,-14044,-4860,6792,-546,98,-156,0
873.1741609573364,8936,6476,11480,14,-41,80,7508,-9512,10208,-33,150,-162,-13684,4196,5724,-1000,31,-50,-13828,-4952,6460,-560,72,-232,0
873.2097089290619,8524,6516,11328,253,-31,42,7484,-9268,10208,-18,218,-104,-13616,4236,5840,-1010,-100,-65,-13904,-5036,6392,-559,94,-242,0
873.245598077774,8660,6700,11164,-23,37,-6,7324,-9240,10424,-53,243,-129,-13704,4160,5740,-931,-48,-57,-13948,-4956,6464,-484,74,-211,0
873.2814919948578,8664,6712,11312,-116,-247,0,7360,-9384,10188,-64,218,-178,-13648,4164,5776,-988,-5,-38,-13836,-4916,6552,-455,121,-116,0
873.3177049160004,8564,6600,11208,-84,-54,66,7644,-9464,10268,-51,99,-202,-13640,4264,5664,-1013,164,-43,-13860,-4752,6644,-528,166,-40,0
873.3582241535187,8684,6544,11352,-76,-102,172,7292,-9484,10052,-25,-27,-167,-13580,4308,5612,-1073,217,-54,-14064,-4612,6620,-540,171,-31,0
873.3934779167175,8932,6440,11236,-41,-30,194,7640,-9320,10068,-62,48,-134,-13748,4508,5796,-966,143,-8,-13892,-4628,6596,-549,98,-63,0
873.4294559955597,8628,6508,11316,-150,-26,167,7564,-9436,10208,-36,250,-125,-13888,4240,5748,-958,22,-31,-13940,-4956,6588,-264,133,-108,0
873.4630029201508,8600,6532,11536,-237,-80,154,7256,-9596,10316,74,108,-168,-13728,4384,5732,-1095,188,-124,-14080,-4924,6712,-501,269,-21,0
873.4965009689331,8572,6632,11536,-135,-180,193,7484,-9508,10388,42,62,-221,-13728,4604,5732,-1151,189,-200,-13952,-5016,6592,-511,245,-44,0
873.5299639701843,8500,6652,11236,-85,-213,213,7180,-9380,10376,-85,65,-237,-13728,4176,5796,-959,166,-136,-13696,-5020,6596,-530,159,-91,0
873.5633361339569,8556,6612,11348,-177,-267,142,7516,-9336,10004,-102,135,-282,-13672,4188,5720,-897,140,-124,-13956,-4744,6404,-439,237,-110,0
873.5968270301819,8572,6696,11176,-251,-242,110,7500,-9420,10328,-18,228,-286,-13796,4092,5696,-964,115,-192,-13972,-4908,6416,-452,270,-85,0
873.6302390098572,8500,6580,11136,-505,-176,89,7408,-9336,10356,45,154,-301,-13808,4224,5632,-941,137,-180,-13956,-4980,6544,-407,273,-81,0
873.6636900901794,8624,6812,11076,-299,-188,103,7464,-9288,10224,25,144,-271,-13648,4144,5648,-967,205,-177,-13888,-4812,6372,-436,273,-38,0
873.6973021030426,8464,6560,11080,-282,-245,161,7536,-9288,10228,-15,43,-270,-13716,4272,5824,-1027,232,-177,-13948,-4752,6520,-448,257,-23,0
873.7307920455933,8796,6532,11020,-242,-299,200,7484,-9440,10076,72,44,-263,-13772,4220,5624,-1059,223,-96,-14060,-4856,6468,-461,227,-13,0
873.7644650936127,8796,6528,11188,-512,-210,232,7436,-9372,10244,34,23,-183,-13732,4284,5612,-771,261,-24,-13976,-4796,6468,-446,128,35,0
873.7978961467743,8724,6520,11172,-197,-103,245,7596,-9480,10192,-55,255,-99,-13820,4216,5656,-1006,199,-16,-14104,-4808,6540,-447,39,27,0
873.831295967102,8664,6436,11504,-273,-132,202,7660,-9488,10156,-13,69,-119,-13744,4244,5704,-960,187,-61,-13984,-4784,6532,-463,109,-18,0
873.864737033844,8772,6376,11312,-264,-119,205,7572,-9220,10028,-254,106,-118,-13660,4152,5696,-1062,176,-63,-14252,-4844,6532,-459,109,-60,0
873.8979229927063,8720,6464,11016,-180,-104,185,7576,-9472,10180,46,75,-166,-13680,4344,5660,-1028,134,-67,-13984,-4912,6556,-456,133,-97,0
873.9314379692078,8624,6472,11380,-154,-106,127,7596,-9328,9988,-252,137,-222,-13636,4192,5600,-988,101,-151,-13956,-4852,6532,-506,205,-144,0
873.964968919754,8688,6484,11296,-130,-211,104,7416,-9448,10208,-36,151,-264,-13704,4196,5600,-966,76,-221,-13892,-4848,6540,-756,238,-157,0
873.9983019828796,8768,6644,11248,-138,-199,74,7428,-9596,10184,39,110,-292,-13708,4256,5624,-987,97,-195,-13992,-4888,6580,-495,275,-135,0
874.031741142273,8776,6480,11200,-166,-134,122,7456,-9304,10116,-2,76,-246,-13892,4144,5788,-977,105,-82,-14112,-4728,6428,-481,179,-83,0
874.0653231143951,8860,6480,11472,-152,-109,112,7544,-9268,10248,-33,74,-199,-13844,4104,5588,-951,127,-67,-13960,-4904,6644,-472,103,-107,0
874.098916053772,8868,6152,11196,-122,-85,113,7520,-9324,10164,-16,85,-183,-13800,4108,5536,-971,187,-94,-13948,-4736,6516,-486,110,-93,0
874.1322720050812,8868,6644,11208,-131,-71,132,7608,-9352,10060,-26,126,-143,-13960,4128,5732,-1052,97,-88,-14000,-4876,6460,-489,162,-89,0
874.1658070087433,8832,6528,11096,-143,-82,160,7560,-9424,10184,-41,121,-139,-13732,4168,5708,-1058,105,230,-13972,-4900,6480,-506,129,-126,0
874.1993169784546,8716,6560,11156,-152,-16,115,7440,-9328,10400,-35,109,-175,-13660,4096,5756,-931,128,-41,-13924,-4960,6544,-459,39,-145,0
874.2328350543976,8496,6456,11376,-114,-69,47,7492,-9356,10180,-40,161,-190,-14032,4196,5740,-981,22,-80,-13972,-4772,6364,-508,136,-201,0
874.2661440372467,8468,6456,11276,-110,-78,52,7476,-9300,10480,-11,196,-183,-13776,4216,5704,-1037,-28,-107,-13972,-4864,6624,-521,193,-192,0
874.3000581264496,8464,6536,11296,-95,-253,83,7440,-9240,10136,-37,148,-176,-13700,4284,5608,-996,109,-66,-13956,-4832,6432,-503,131,-149,0
874.3337049484253,8780,6432,11400,-123,-8,87,7592,-9488,10240,-16,88,-156,-13640,4276,5548,-996,154,-90,-13960,-4740,6500,-509,160,-131,0
874.3673620223999,8632,6336,11400,-129,-41,138,7540,-9460,10044,-19,104,-139,-13828,4304,5864,-973,113,-82,-13932,-4712,6336,-536,184,-120,0
874.4007799625397,8776,6436,11296,-150,-70,150,7512,-9220,9828,-9,121,-163,-13728,4220,5468,-998,84,-27,-13876,-4860,6620,-549,181,-143,0
874.4373540878296,8748,6416,11252,-127,-27,124,7612,-9300,10124,-38,164,-135,-13792,4152,5696,-1017,56,-98,-13968,-4872,6532,-531,114,-150,0
874.472363948822,8784,6468,11132,-115,-1,59,7500,-9284,10268,-35,220,-167,-13816,4160,6128,-964,27,-50,-13908,-4952,6572,-505,154,-180,0
874.5074620246887,8780,6516,11120,-141,-39,33,7472,-9332,10060,-41,219,-171,-13780,4180,5568,-925,6,-112,-13968,-4892,6436,-508,118,-216,0
874.5432829856873,8752,6588,11024,-95,-2,46,7492,-9432,10332,-48,275,-145,-13732,4132,5708,-872,21,-14,-13840,-4968,6540,-480,55,-207,0
874.5786800384521,8684,6640,11288,-166,-1,48,7444,-9376,10192,-119,204,-190,-13800,4100,5548,-860,14,-44,-13952,-4948,6548,-431,94,-158,0
874.6141340732574,8592,6500,11192,-201,-15,30,7388,-9308,10140,-111,269,-178,-13752,4032,5800,-920,48,-86,-13860,-4936,6640,-464,132,-170,0
874.6496801376343,8920,6432,11364,-172,-36,22,7464,-9432,10276,-44,176,-154,-13740,4152,5732,-954,24,-103,-13912,-4724,6456,-470,195,-197,0
874.6851439476013,8612,6584,11328,-167,-111,9,7448,-9468,10280,-86,239,-273,-13664,4336,5676,-937,48,-136,-13960,-4920,6840,-438,201,-137,0
874.7208480834961,8572,6560,11316,-147,-146,40,7376,-9420,10348,-56,135,-237,-13804,4360,5636,-970,124,-81,-13948,-4948,6708,-479,179,-81,0
874.7561550140381,8708,6604,11316,-107,-91,123,7384,-9460,10328,-56,101,-191,-13780,4304,5688,-938,171,-85,-13960,-4828,6700,-765,98,-49,0
874.7918391227722,8656,6424,11440,-80,-92,198,7452,-9592,10028,-255,18,-149,-13868,4384,5724,-958,135,-87,-13916,-4716,6628,-550,96,-100,0
874.8277101516724,8792,6608,11228,-53,-63,160,7524,-9476,10160,-6,104,-137,-13676,4320,5752,-1020,54,-105,-13936,-4932,6540,-598,132,-186,0
874.8628950119019,8652,6456,11260,-74,-85,134,7496,-9348,10144,-32,167,-105,-13660,4280,5708,-963,49,-72,-13868,-4936,6376,-587,139,-172,0
874.897943019867,8580,6576,11304,-108,-71,119,7500,-9388,10340,-66,114,-182,-13640,4332,5764,-984,114,-119,-14000,-4816,6432,-565,178,-131,0
874.9332411289215,8788,6500,11400,-118,-103,112,7496,-9284,10084,-69,84,-202,-13708,4220,5784,-966,132,-89,-14036,-4616,6292,-502,166,-106,0
874.9687840938568,8948,6488,11160,-176,-87,132,7544,-9352,10328,-46,81,-218,-13728,4164,5640,-974,148,-92,-13936,-4872,6484,-480,174,-99,0
875.0039830207825,8940,6528,11500,-146,-125,106,7540,-9296,10236,-69,98,-231,-13756,4196,5820,-1048,143,-115,-13892,-4908,6576,-481,194,-100,0
875.0393481254578,8748,6532,11024,-124,-100,90,7440,-9416,10208,-21,149,-199,-13608,4272,5656,-980,92,-132,-13972,-4680,6560,-501,77,-184,0
875.0741100311279,8916,6516,11264,-97,-71,6,7428,-9452,10164,35,237,-172,-13724,4316,5736,-1060,-24,-68,-13832,-5032,6660,-501,152,-191,0
875.1096601486206,8668,6676,11268,-119,-50,27,7324,-9312,10280,0,204,-167,-13600,4152,6080,-1008,-7,-23,-13936,-5048,6532,-499,106,-136,0
875.1428091526031,8668,6648,11080,-127,-56,70,7236,-9280,10308,-82,187,-129,-13580,4092,5808,-1011,82,-58,-13852,-4880,6484,-267,90,-80,0
875.1764769554138,8940,6572,11228,-160,-14,117,7304,-9412,10216,-27,64,-145,-13812,4328,5668,-1015,164,-56,-14008,-4784,6544,-504,60,-44,0
875.2100870609283,8452,6488,11180,-124,-37,177,7364,-9400,10176,-34,-1,-109,-13756,4368,5728,-1057,251,3,-13912,-5036,6540,-531,80,-31,0
875.24347615242,8580,6420,11400,-121,-43,221,7272,-9724,10176,-15,6,-119,-13632,4560,5668,-1040,217,-35,-14048,-4952,6632,-512,115,-14,0
875.2774910926819,8580,6504,11500,-146,-126,195,7184,-9708,10196,-132,-26,-165,-13728,4288,5784,-988,250,-35,-14056,-4824,6272,-768,169,-32,0
875.3112030029297,8676,6572,11396,-141,-179,194,7536,-9392,10088,-112,36,-227,-13888,4096,5804,-961,207,-43,-13964,-4828,6420,-567,158,-30,0
875.3447489738464,8748,6508,11116,-131,-146,178,7564,-9432,10160,-25,75,-182,-13980,4228,5508,-1033,127,-69,-14052,-4848,6484,-565,184,-134,0
875.378252029419,8756,6460,11080,-71,-62,143,7692,-9384,10140,53,137,-164,-13684,4176,5756,-1032,75,-95,-13996,-4816,6556,-547,125,-173,0
875.4114091396332,8764,6536,11384,-107,-54,60,7612,-9372,10272,19,184,-156,-13740,4132,5848,-1015,23,-94,-14104,-4840,6480,-503,142,-190,0
875.4450061321259,8692,6656,11268,-173,-36,55,7548,-9308,10092,-34,247,-205,-13724,4200,5696,-771,20,-68,-13832,-4748,6624,-470,159,-168,0
875.4783339500427,8652,6504,11324,-136,-92,41,7484,-9348,10164,-6,178,-7,-13668,4116,5432,-994,70,-204,-13976,-4872,6496,-495,263,-144,0
875.511656999588,8624,6624,11068,-103,-190,53,7452,-9412,10284,-17,156,-283,-13708,4336,5764,-1013,127,-236,-13936,-4904,6504,-408,247,-142,0
875.5452990531921,8724,6640,11356,-154,-223,45,7452,-9232,10264,-33,113,-308,-13668,4248,5844,-1001,146,-204,-13912,-4976,6416,-411,278,-90,0
875.578910112381,8728,6608,11264,-213,-212,106,7660,-9324,10200,-63,150,-280,-13700,4236,5688,-935,182,-132,-13956,-4916,6500,-399,276,-80,0
875.6120979785919,8820,6628,11304,-224,-174,108,7468,-9316,10304,-72,98,-267,-13756,4292,5540,-965,182,-138,-14020,-4796,6408,-510,250,-67,0
875.6456689834595,8768,6448,11092,-146,-149,149,7532,-9488,10124,-22,64,-183,-13668,4264,5764,-1038,151,-113,-13936,-4808,6472,-535,502,-65,0
875.6790380477905,8708,6504,11120,-95,-151,179,7372,-9364,10404,22,60,-190,-13612,4312,5584,-1069,220,-122,-13884,-4768,6544,-523,200,-28,0
875.7124021053314,8492,6476,11044,-94,-118,198,7480,-9320,10268,25,24,-163,-13796,4260,5696,-1065,223,-89,-14008,-4852,6644,-545,162,-51,0
875.7459650039673,8812,6540,11340,-125,-128,185,7540,-9420,10364,-252,121,-240,-13840,4268,5764,-1020,133,-15,-14064,-4612,6564,-583,145,-99,0
875.7798049449921,8696,6444,11372,-126,-41,201,7536,-9436,10148,24,100,-93,-13584,4132,5788,-1026,120,-54,-13988,-4848,6540,-564,161,-93,0
875.8132431507111,8584,6624,11252,-81,-57,167,7536,-9244,9984,5,145,-151,-13844,4072,5416,-1002,112,-112,-14024,-4896,6640,-538,172,-157,0
875.8468470573425,8740,6560,11416,-123,-99,103,7544,-9408,10460,-50,175,-195,-13812,4180,5452,-939,98,-139,-13900,-4716,6568,-471,179,-118,0
875.8802080154419,8684,6496,11180,-172,-72,58,7544,-9280,10120,-42,152,-238,-13740,4164,5452,-948,90,-100,-13972,-4744,6508,-459,240,-137,0
875.9136641025543,8816,6600,11252,-198,-143,104,7556,-9324,10028,-13,189,-233,-13656,4328,5572,-964,98,-69,-14072,-4860,6508,-497,204,-157,0
875.9473700523376,8824,6516,11264,-166,-132,69,7608,-9348,10236,-5,222,-213,-13780,4260,5676,-954,50,-107,-13832,-4928,6440,-505,132,-211,0
875.9808740615845,8720,6528,11256,-148,-72,50,7448,-9364,10324,-33,233,-201,-13840,4204,5688,-918,94,-117,-13996,-4804,6172,-502,114,-189,0
876.0139849185944,8820,6488,11048,-129,-29,60,7456,-9308,10292,-24,189,-167,-13580,4172,5684,-1008,94,-92,-14052,-4756,6620,-515,161,-124,0
876.0476100444794,8668,6584,11108,-143,-79,141,7440,-9320,10428,15,82,-156,-13656,4184,5800,-1080,144,-84,-13628,-4800,6460,-591,163,-110,0
876.0810859203339,8944,6640,11180,-85,-106,147,7484,-9332,10356,33,71,-195,-13688,4132,5760,-1060,152,-97,-13892,-4892,6448,-590,201,-127,0
876.1177260875702,8760,6532,11208,-76,-128,153,7244,-9316,10132,18,77,-195,-13716,4188,5692,-1088,180,-110,-14044,-4932,6532,-548,157,-79,0
876.1530470848083,8788,6576,11220,-121,-69,165,7472,-9424,10352,8,68,-130,-13724,4192,5536,-1111,210,-45,-13900,-4700,6556,-495,140,-27,0
876.1890439987183,8952,6532,11160,-143,-61,199,7648,-9384,10320,-19,6,-133,-13824,4296,5384,-1030,266,-45,-13892,-4972,6480,-258,139,-63,0
876.2243089675903,8660,6584,11168,-164,-122,188,7528,-9384,10208,-66,91,-177,-13752,4220,5788,-993,157,-107,-13924,-4948,6520,-488,136,-102,0
876.2601759433746,8648,6532,11232,-147,-102,126,7532,-9392,10204,-92,128,-195,-13888,4248,5752,-962,70,-52,-14292,-4620,6564,-541,130,-173,0
876.2954289913177,8740,6544,11176,-152,-89,41,7544,-9380,10388,-46,189,-191,-13716,4156,5952,-963,45,-110,-13844,-4884,6332,-510,132,-166,0
876.3311719894409,8760,6404,11280,-173,-59,51,7492,-9336,10240,-21,190,-231,-13628,4104,5876,-994,49,-119,-14028,-4648,6444,-466,179,-162,0
876.366199016571,8724,6488,11264,-141,-124,18,7548,-9384,10244,-25,140,-233,-13708,4196,5772,-1001,79,-147,-13956,-4808,6572,-459,195,-140,0
876.4018950462341,8724,6492,11336,-140,-130,62,7420,-9372,10320,-50,108,-245,-13680,4236,5684,-988,150,-123,-13928,-5112,6424,-477,189,-105,0
876.4381000995636,8928,6564,11112,-105,-116,146,7508,-9360,10180,-37,59,-212,-13744,4168,5404,-996,199,-28,-13984,-4816,6540,-536,143,-96,0
876.4739000797272,8836,6196,11256,-104,-93,142,7620,-9360,10180,-2,117,-108,-13824,4276,5708,-1074,92,-80,-13948,-4860,6428,-768,120,-98,0
876.5094239711761,8868,6496,11220,-125,-37,145,7544,-9396,10096,48,144,-117,-13764,4236,5632,-1070,102,-69,-14012,-4916,6468,-518,62,-107,0
876.5448920726776,8900,6584,11324,-134,-41,116,7592,-9356,10128,-55,144,-123,-13992,4252,5720,-1011,67,-43,-13880,-4952,6436,-530,94,-145,0
876.5801060199738,8948,6592,11176,-132,-15,60,7676,-9380,10452,-56,139,-180,-13676,4232,5656,-1010,86,-80,-13912,-4884,6432,-455,146,-145,0
876.6156389713287,8956,6572,11200,-137,-57,100,7488,-9272,10076,-22,147,-196,-13764,4180,5876,-988,82,-81,-13912,-4952,6592,-456,161,-107,0
876.6509289741516,8524,6552,11036,-164,-74,91,7524,-9368,10332,-51,146,-213,-13836,4236,5720,-981,88,-50,-14004,-4968,6444,-458,128,-122,0
876.6884751319885,8796,6640,11388,-156,-77,80,7628,-9248,10488,-134,168,-167,-13708,4224,5620,-950,97,-131,-13904,-4928,6580,-466,149,-141,0
876.7235269546509,8800,6588,11160,-118,-83,97,7456,-9284,10108,-119,175,-166,-13704,4268,5840,-956,59,-57,-13988,-4840,6436,-498,145,-138,0
876.7598469257355,8728,6444,11296,-123,-39,74,7592,-9356,10296,-31,166,-175,-13740,4172,5796,-1017,41,-87,-13924,-4700,6452,-764,126,-145,0
876.7934060096741,8768,6552,11072,-83,-256,77,7280,-9388,10184,-12,191,-136,-13760,4152,5676,-994,48,-42,-13956,-5072,6456,-550,113,-164,0
876.8269619941711,8756,6572,11472,-56,-23,98,7496,-9412,9996,-5,154,-118,-14080,4204,5576,-1016,65,-59,-14060,-5112,6528,-473,135,-146,0
876.8605780601501,8868,6552,11452,-98,-14,78,7568,-9420,10420,-22,147,-181,-13864,4308,5784,-1060,44,-68,-13956,-4964,6476,-480,125,-155,0
876.8937821388245,8660,6508,11192,-43,-45,74,7544,-9376,10276,-69,150,-168,-13728,4088,5864,-1010,41,-103,-13884,-4920,6512,-475,85,-172,0
876.9273619651794,8596,6572,11140,-74,-67,65,7420,-9288,10220,-59,134,-153,-13684,4216,5816,-1012,41,-75,-13856,-4908,6436,-460,115,-123,0
876.9608371257782,8716,6660,11332,-121,-70,74,7380,-9376,10152,-55,181,-168,-13740,4208,5588,-993,55,-16,-13856,-5020,6472,-480,108,-152,0
876.9943199157715,8772,6584,11184,-132,-42,101,7220,-9388,10008,-61,81,-146,-13732,4248,5756,-1004,61,-16,-13928,-4888,6524,-469,111,-129,0
877.0275011062622,8684,6552,11212,-122,5,108,7476,-9420,10276,-54,78,-123,-13636,4252,5652,-1048,56,-59,-13872,-4900,6536,-261,124,-117,0
877.0611670017242,8608,6508,11148,-88,26,111,7524,-9444,10132,-12,125,-141,-13780,4296,5740,-1050,69,-93,-13988,-4748,6476,-539,130,-139,0
877.0945301055908,8732,6584,11328,-104,-5,120,7568,-9396,10096,29,180,-170,-13792,4196,5808,-1077,92,-81,-13860,-4960,6460,-523,187,-109,0
877.1281099319458,8680,6496,11252,-125,-56,104,7444,-9356,10296,-8,192,-191,-13792,4180,5692,-1040,52,-96,-13932,-4892,6484,-500,199,-136,0
877.1618230342865,8716,6672,11408,-111,-102,76,7548,-9340,10140,-24,204,-186,-13920,4224,5720,-967,86,-64,-14056,-4916,6476,-467,123,-130,0
877.1954960823059,12060,7008,10732,-756,-274,62,7468,-9692,10036,-60,185,-266,-13720,4276,5884,-1005,115,-112,-13940,-4920,6524,-478,503,-106,0
877.229259967804,8548,6628,11424,-134,-168,98,7396,-9352,10036,7,161,-2,-13616,4320,5772,-991,120,-149,-13988,-4980,6440,-468,200,-86,0
877.2628180980682,8464,6612,11128,-184,-192,70,7392,-9300,10136,-77,177,-275,-13724,4160,5816,-914,92,-155,-13876,-4900,6500,-442,209,-117,0
877.2962539196014,8772,6600,11244,-237,-172,74,7460,-9368,10248,-27,201,-234,-13728,4240,5648,-946,77,-157,-13928,-4812,6472,-400,217,-129,0
877.3300831317902,8720,6572,11212,-1,-134,73,7420,-9360,10048,50,197,-242,-13684,4172,5608,-1019,80,-146,-13996,-4852,6536,-433,229,-91,0
877.3637149333954,8688,6700,11436,-223,-116,136,7456,-9320,10376,45,135,-176,-13760,4256,5712,-1041,169,-121,-13996,-4916,6520,-480,164,-79,0
877.3976130485535,8624,6400,11424,-214,-168,169,7448,-9376,10448,19,115,-208,-13672,4176,5704,-1004,160,-76,-13836,-4644,6628,-504,186,-55,0
877.431144952774,8904,6556,11080,-153,-174,193,7484,-9360,10412,-1,59,-190,-13612,4156,5860,-1262,194,-106,-13908,-4904,6484,-532,208,-50,0
877.4647281169891,8500,6644,11340,-189,-179,217,7536,-9300,10036,17,75,-225,-13636,4140,5444,-1027,211,-155,-13916,-4888,6412,-530,189,-15,0
877.498302936554,8704,6504,11360,-150,-196,216,7520,-9372,10168,8,30,-188,-13760,4068,5736,-1044,209,-100,-14004,-5012,6436,-493,188,-44,0
877.5315661430359,8840,6524,11140,-202,-192,191,7580,-9340,10204,-2,118,-182,-13784,4180,5784,-988,171,-74,-14060,-4952,6524,-439,156,-57,0
877.5651659965515,8788,6472,11472,-230,-158,150,7544,-9500,10236,8,118,-191,-14068,4284,5740,-1259,147,-117,-13964,-4928,6552,-466,186,-72,0
877.5987040996552,8796,6592,11304,-218,-177,173,7420,-9440,10168,33,89,-212,-13760,4252,5616,-1277,150,-119,-14000,-4824,6536,-449,219,-85,0
877.6321430206299,8672,6536,11436,-210,-202,155,7604,-9352,10288,6,111,-240,-13708,4228,5688,-1015,145,-152,-13956,-4832,6452,-468,214,-50,0
877.6656379699707,8460,6504,11508,-199,-228,140,7580,-9420,10192,-40,92,-246,-13808,4340,5624,-999,152,-133,-13952,-4812,6444,-476,212,-78,0
877.6991670131683,8748,6508,11320,-198,-243,161,7568,-9396,10152,-8,135,-256,-13804,4132,5632,-777,140,-119,-14008,-4620,6588,-489,172,-99,0
877.7329030036926,8788,6492,11256,-182,-200,154,7556,-9372,10160,63,143,-225,-13580,4204,5392,-1060,160,-126,-14040,-4828,6856,-506,190,-109,0
877.7661790847778,8764,6520,11076,-169,-180,137,7544,-9304,10272,40,115,-250,-13592,4140,5376,-1033,159,-108,-13920,-4800,6652,-484,214,-86,0
877.8028979301453,8796,6520,11268,-224,-196,158,7424,-9296,10368,251,94,-245,-13748,4116,5648,-1008,205,-154,-13960,-4852,6444,-498,192,-80,0
877.838357925415,8908,6520,11236,-171,-179,163,7576,-9304,10148,1,88,-209,-13996,4112,5788,-1023,177,-127,-13896,-4856,6476,-541,163,-90,0
877.8735959529877,8864,6468,11132,-159,-138,137,7500,-9284,10264,27,101,-212,-13708,3888,5796,-1008,170,-83,-13968,-4984,6276,-259,164,-147,0
877.9089901447296,8544,6528,11100,-82,-50,111,7604,-9096,10116,255,100,-173,-13688,3860,5672,-957,134,-70,-13836,-5116,6348,-545,93,-159,0
877.9441010951996,8940,6452,11072,-106,5,36,7668,-9188,10064,-73,193,-143,-13804,3864,5496,-932,80,-56,-14128,-4804,6412,-518,96,-194,0
877.9793241024017,8896,6396,11220,-184,66,34,7432,-9452,10272,-11,183,-122,-13832,4148,5444,-978,100,-52,-13992,-4860,6404,-465,108,-137,0
878.0142199993134,8736,6604,11508,-132,73,91,7528,-9304,9984,-19,144,-105,-13700,4196,5596,-986,106,-7,-13948,-5092,6184,-474,94,-107,0
878.0494930744171,8712,6584,10904,-130,13,89,7552,-9340,10288,-62,110,-133,-13820,4148,5684,-970,112,-46,-13944,-4884,6496,-491,72,-188,0
878.0851900577545,8936,6544,11236,-92,-14,88,7412,-9520,10368,-74,157,-151,-13688,4196,5512,-1000,45,-65,-14020,-4896,6536,-523,108,-159,0
878.1211640834808,8656,6512,11484,-111,-13,76,7460,-9348,10276,-21,147,-182,-13700,4568,5636,-1019,85,-57,-13944,-4800,6580,-504,158,-168,0
878.1562309265137,8636,6516,11120,-147,-10,105,7444,-9356,10020,-17,149,-162,-13776,4148,5800,-990,75,-35,-13908,-4872,6572,-512,101,-132,0
878.19260597229,8712,6420,11100,-116,-31,102,7576,-9396,10344,-41,203,-151,-13788,4276,5660,-968,33,-50,-14072,-4888,6492,-531,58,-155,0
878.2277369499207,8740,6504,11308,-145,-6,31,7524,-9308,10220,-71,180,-140,-13792,4256,5600,-978,53,-28,-13820,-4880,6456,-530,82,-183,0
878.2633900642395,8808,6484,11292,-103,16,61,7464,-9348,10432,-51,171,-133,-13580,4152,5772,-1002,68,-73,-13844,-4840,6512,-500,130,-166,0
878.2992360591888,8872,6496,11108,-94,4,55,7580,-9292,10228,12,170,-157,-13796,4188,5704,-1044,84,-32,-13932,-5108,6632,-522,140,-139,0
878.3350291252136,8740,6512,11148,-122,-45,109,7580,-9428,10380,-41,158,-203,-13700,4128,5756,-970,64,-105,-13992,-4932,6428,-552,186,-151,0
878.3734819889069,8832,6492,11012,-103,-72,60,7604,-9328,10360,-67,180,-196,-13824,4252,5656,-972,35,-120,-13828,-5008,6436,-491,161,-176,0
878.4095499515533,8848,6508,11204,-104,-44,70,7628,-9336,10324,-46,175,-179,-13820,4176,5636,-978,52,-54,-13984,-4692,6596,-534,109,-138,0
878.4466500282288,8528,6580,11156,-60,-6,70,7472,-9320,10232,-79,139,-171,-13700,4112,5780,-970,63,-61,-13956,-4884,6572,-510,112,-156,0
878.4801030158997,8472,6548,11232,-114,-256,71,7444,-9352,10304,-89,157,-171,-13776,4228,5640,-1004,79,-57,-13920,-4972,6516,-506,71,-154,0
878.5138130187988,8768,6536,11296,-87,-2,95,7616,-9428,10096,-66,130,-129,-13728,4316,5812,-1029,33,-55,-13992,-4888,6524,-535,91,-136,0
878.5472469329834,8844,6580,11256,-140,-1,75,7676,-9400,10188,-17,142,-156,-13612,4132,5868,-772,55,-53,-13920,-4888,6652,-263,114,-125,0
878.5808880329132,8644,6704,11224,-95,-19,94,7536,-9268,10128,-36,139,-176,-13640,4160,5612,-1019,88,-62,-13868,-5044,6492,-760,114,-138,0
878.6143591403961,8536,6576,11324,-86,-49,62,7416,-9328,10404,-66,154,-207,-13724,4168,5620,-982,106,-79,-13880,-4948,6572,-502,171,-109,0
878.6477479934692,8620,6536,11280,-129,-37,72,7336,-9368,10152,-13,100,-195,-13656,4252,5872,-966,116,-82,-13852,-4848,6528,-497,156,-109,0
878.6813280582428,8708,6548,11160,-139,-36,99,7228,-8980,10164,-41,135,-197,-13596,4320,5664,-992,118,-99,-13972,-4928,6540,-475,152,-114,0
878.7148399353027,8732,6608,11140,-129,-42,89,7524,-9404,10380,-33,126,-155,-13784,4200,5716,-1043,73,-19,-14028,-5072,6456,-468,111,-107,0
878.7484929561615,8748,6640,11336,-146,-49,98,7500,-9412,10152,-46,140,-163,-13780,4200,5708,-1041,45,-10,-13940,-4860,6540,-490,118,-132,0
878.7820270061493,8692,6564,11152,-113,-55,114,7440,-9336,10464,-39,225,-203,-13692,4076,5668,-1047,51,-50,-14040,-4636,6252,-478,141,-138,0
878.8153319358826,8668,6580,11168,-155,-79,103,7440,-9320,10048,6,101,-162,-13688,4236,5812,-1072,35,-104,-14048,-4968,6508,-751,144,-148,0
878.8489511013031,8644,6556,11120,-117,-44,123,7404,-9276,10280,-33,124,-187,-13656,4128,5648,-1044,34,-98,-13860,-5100,6496,-473,139,-116,0
878.8823230266571,8692,6516,11124,-137,-124,138,7372,-9292,10128,4,171,-190,-13796,4088,5684,-1046,78,-78,-14048,-4900,6432,-466,147,-90,0
878.9158580303192,8704,6616,11276,-157,-51,89,7488,-9376,10332,10,114,-190,-13732,4248,5636,-1049,79,-67,-14044,-4852,6412,-470,189,-132,0
878.949541091919,8612,6596,11468,-186,-71,101,7532,-9244,10320,3,174,-182,-13744,4172,5508,-1072,78,-47,-13784,-5084,6528,-452,190,-162,0
878.9830429553986,8672,6672,11176,-168,-85,108,7548,-9404,10380,-3,171,-186,-13716,4272,5788,-1041,53,-107,-14000,-5020,6548,-439,170,-129,0
879.0167210102081,8504,6604,11300,-202,-83,74,7372,-9316,10480,-8,163,-157,-13636,4180,5728,-992,70,-118,-14064,-4932,6560,-428,156,-107,0
879.049968957901,8660,6600,11164,-219,-108,102,7484,-9396,10184,-10,216,-144,-13736,4332,5524,-1002,115,-106,-13972,-4972,6528,-444,182,-86,0
879.083526134491,8668,6500,11280,-196,-145,139,7432,-9416,10056,10,177,-198,-13764,4208,5644,-1049,115,-102,-13848,-4824,6612,-482,207,-96,0
879.1172461509705,8532,6628,11328,-170,-181,157,7400,-9400,10180,26,157,-175,-13676,4256,5752,-1023,130,-112,-13884,-5072,6632,-510,206,-73,0
879.1503779888153,8620,6572,11100,-185,-179,144,7296,-9328,10452,9,162,-216,-13692,4128,5756,-998,172,-129,-13916,-4956,6468,-414,191,-76,0
879.1839060783386,8660,6512,11212,-186,-172,135,7416,-9300,10244,-12,150,-240,-13712,4148,5756,-959,157,-183,-13984,-5068,6600,-469,150,-45,0
879.2177259922028,8728,6468,11232,-204,-178,137,7504,-9480,10228,25,141,-225,-13788,4224,5872,-1012,137,-113,-13964,-4620,6440,-476,217,-65,0
879.2510740756989,8528,6600,11284,-217,-173,139,7460,-9300,10240,52,147,-212,-13756,4128,5636,-992,103,-99,-13992,-4904,6516,-459,172,-64,0
879.2847590446472,8784,6584,11204,-200,-153,132,7468,-9316,10268,-7,156,-208,-13780,4272,5812,-972,104,-104,-13884,-4892,6444,-456,180,-82,0
879.3184289932251,8736,6500,11176,-244,-169,126,7212,-9012,10192,-254,168,-208,-13776,4116,5636,-949,140,-78,-13976,-4692,6492,-456,214,-61,0
879.3518860340118,8776,6576,11176,-270,-155,170,7440,-9268,10352,21,158,-199,-13680,4212,5588,-1044,132,-126,-14004,-4840,6484,-441,215,-28,0
879.3852579593658,8768,6500,11200,-212,-189,205,7576,-9288,10284,16,140,-151,-13760,4144,5868,-1033,139,-110,-13956,-4936,6468,-456,120,-54,0
879.4189300537109,8784,6660,11168,-204,-119,187,7500,-9304,10360,10,97,-121,-13736,4208,5740,-1048,167,-66,-13972,-4888,6500,-468,126,-35,0
879.4522731304169,8732,6528,11188,-201,-127,205,7368,-9180,10304,-6,54,-156,-13732,4108,5880,-1090,197,-74,-13968,-4612,6548,-514,154,-50,0
879.4894440174103,8636,6428,11248,-151,-136,189,7532,-9420,10268,52,93,-209,-13784,4244,5452,-1111,182,-87,-13776,-4800,6524,-457,189,-35,0
879.5261960029602,8728,6640,11488,-175,-112,180,7356,-9300,10252,5,20,-198,-13764,4172,5640,-1076,192,-126,-13960,-4904,6500,-477,188,-39,0
879.5618970394135,8788,6456,11244,-191,-175,148,7488,-9376,10172,-7,105,-215,-13752,4276,5408,-1061,188,-160,-13964,-4624,6584,-383,182,-71,0
879.5980961322784,8732,6476,11188,-209,-127,134,7464,-9228,10456,-2,117,-226,-13772,4128,5660,-1067,150,-118,-13968,-4620,6436,-433,190,-66,0
879.6332430839539,8944,6504,11420,-208,-153,129,7180,-9272,10032,-10,161,-221,-13704,4088,5764,-1035,134,-164,-13912,-4760,6524,-480,505,-99,0
879.6689450740814,8804,6392,11088,-137,-133,137,7564,-9364,10252,-35,99,-216,-13692,4108,5624,-1040,123,-98,-13944,-4860,6548,-491,208,-99,0
879.7042009830475,8856,6488,11204,-167,-123,134,7540,-9256,10160,6,115,-202,-13680,4152,5568,-1066,124,-82,-14016,-4832,6448,-516,192,-109,0
879.7407419681549,8844,6464,11460,-172,-84,146,7576,-9020,10260,-16,116,-164,-13784,4148,5596,-1059,118,-83,-14068,-4800,6564,-506,142,-111,0
879.7761809825897,8824,6652,11148,-114,-20,127,7540,-9260,10248,-7,93,-161,-13688,4120,5580,-1060,94,-74,-13976,-4848,6428,-508,136,-124,0
879.8118441104889,8788,6424,11304,-124,-27,114,7516,-9312,10420,7,146,-152,-13780,4116,5636,-1015,64,-91,-13956,-4956,6564,-532,155,-137,0
879.8476240634918,8812,6512,11284,-162,-24,94,7540,-8972,10204,-13,157,-150,-13776,4348,5680,-1019,118,-51,-13960,-4920,6452,-480,125,-128,0
879.8825130462646,8884,6548,11484,-130,-36,115,7456,-9236,10112,-57,147,-158,-13772,4128,5656,-1019,103,-49,-14052,-5116,6588,-489,151,-135,0
879.9183349609375,8784,6432,11168,-173,-39,104,7516,-9292,10480,-11,133,-161,-13764,4260,5748,-1003,78,-79,-13848,-4904,6172,-473,160,-136,0
879.9529831409454,8780,6480,11236,-124,-43,85,7456,-9452,10244,251,138,-177,-13768,4188,5740,-1004,113,-68,-13976,-4808,6652,-509,131,-124,0
879.988687992096,8680,6172,11280,-142,-71,75,7508,-9356,10320,-70,189,-182,-13608,4244,5420,-963,115,-68,-14020,-4632,6588,-461,174,-151,0
880.0238189697266,8836,6396,11484,-187,-30,91,7512,-9288,10468,-13,106,-190,-13684,4064,5568,-1004,128,-73,-13964,-4616,6424,-473,114,-118,0
880.0595850944519,8768,6412,11280,-155,-26,99,7540,-9284,10048,-8,146,-172,-13796,4236,5672,-998,74,-58,-14008,-4832,6584,-267,109,-135,0
880.0951371192932,8672,6520,11288,-155,-19,115,7516,-9296,10340,-32,138,-141,-13732,4156,5648,-997,94,-46,-13924,-4756,6584,-516,117,-136,0
880.1318509578705,8776,6468,11308,-135,-49,92,7416,-9268,10284,-38,94,-175,-13700,4184,5648,-995,96,-95,-13932,-4644,6440,-524,161,-145,0
880.1655659675598,8872,6408,11388,-120,-26,102,7596,-9364,10348,-14,126,-180,-13788,4128,5588,-1038,86,-91,-13988,-4948,6516,-485,172,-121,0
880.1993370056152,8756,6400,11224,-167,-46,86,7640,-9332,10168,254,130,-187,-13664,4148,5580,-1013,107,-86,-13784,-4884,6536,-503,171,-138,0
880.2327010631561,8736,6488,11320,-125,-27,82,7476,-9472,10256,-38,118,-187,-13808,3876,5812,-969,73,-34,-13956,-4888,6412,-768,165,-175,0
880.2662539482117,8748,6488,11304,-129,-41,55,7556,-9296,10284,-67,133,-174,-13672,4232,5856,-857,80,-72,-14012,-5080,6512,-503,149,-141,0
880.2999610900879,8744,6460,11332,-154,31,86,7388,-9292,10256,-111,124,-173,-13788,4284,5844,-847,91,-30,-13956,-5076,6512,-557,141,-113,0
880.3336839675903,8800,6452,11300,-151,8,93,7492,-9252,10396,-62,124,-154,-13632,4088,5720,-893,104,-16,-13928,-4780,6392,-508,172,-133,0
880.3693540096283,8688,6456,11180,-153,-37,101,7452,-9308,10400,-62,82,-203,-13724,4116,5744,-876,104,-54,-13636,-5036,6444,-501,156,-129,0
880.4025039672852,8668,6480,11024,-139,-20,80,7432,-9452,10480,-125,155,-189,-13708,4240,5828,-905,91,-29,-14068,-4840,6408,-492,119,-110,0
880.4360899925232,8756,6372,11172,-142,-33,92,7512,-9372,10404,-67,81,-150,-13800,4196,5860,-935,70,-8,-13940,-4928,6508,-526,147,-153,0
880.4698369503021,8460,6500,11236,-155,9,137,7516,-9276,10328,-67,59,-139,-13704,4224,5772,-901,166,-63,-14024,-4868,6524,-533,110,-96,0
880.5031881332397,8616,6424,11192,-118,43,138,7236,-9356,10240,-83,74,-172,-13804,4096,5720,-906,143,-70,-13960,-4708,6508,-575,144,-96,0
880.536945104599,8732,6448,11412,-188,-46,157,7524,-9328,10476,-47,104,-197,-13720,4284,5852,-858,125,-70,-13936,-4840,6612,-475,131,-76,0
880.570347070694,8656,6524,11212,-191,-70,142,7492,-9256,10308,-81,72,-177,-13772,4128,5704,-861,155,-4,-14096,-4800,6452,-504,131,-60,0
880.6035950183868,8744,6460,11204,-224,-40,174,7460,-9420,10316,-64,113,-168,-13816,4244,6012,-835,172,-1,-13964,-4872,6464,-516,152,-13,0
880.6371970176697,8668,6468,11356,-230,-151,164,7596,-9420,10364,-85,57,-223,-13792,4224,5768,-742,164,-123,-13940,-5064,6492,-554,199,-25,0
880.670627117157,8572,6524,11520,-201,-166,142,7500,-9352,10224,-157,75,-280,-13768,4304,5704,-630,199,-145,-13960,-4908,6452,-625,241,-2,0
880.704020023346,8592,6516,11300,-175,-249,196,7512,-9388,10352,-114,7,-304,-13752,4268,5700,-516,242,-102,-13916,-4672,6528,-538,503,5,0
880.7378571033478,8676,6420,11324,-250,-274,187,7176,-9392,10168,-85,-4,-283,-13740,4280,5820,-798,259,-130,-13972,-4824,6588,-528,218,15,0
880.7714149951935,8640,6424,11100,-192,-259,234,7476,-9364,10224,-101,0,-270,-13692,4368,5700,-861,248,-157,-13908,-4812,6644,-617,292,-251,0
880.8049619197845,8584,6288,11320,-151,-295,226,7440,-9384,10128,-59,-3,-291,-13976,4188,5336,-869,264,-166,-13936,-4756,6580,-606,261,-21,0
880.8384389877319,8796,6312,11104,-151,-231,181,7576,-9260,10156,-69,65,-296,-13780,4200,5484,-829,210,-163,-14004,-4716,6212,-571,245,-101,0
880.8719189167023,8836,6440,10972,-209,-160,113,7720,-9208,10208,-96,120,-236,-13868,4224,5484,-867,102,-89,-14036,-4820,6332,-581,170,-153,0
880.9053120613098,8912,6344,11152,-201,-20,62,7648,-9348,10144,-38,167,-168,-13972,4244,5532,-941,41,16,-14336,-4820,6356,-563,128,-192,0
880.9385571479797,8836,6600,11100,-179,45,67,7592,-9372,10020,9,164,-189,-13704,4180,5640,-979,88,-70,-13896,-4852,6268,-567,0,-114,0
880.9720871448517,8452,6356,11308,-153,-114,103,7500,-9384,10008,11,105,-266,-13568,4344,5460,-1005,194,-176,-13840,-4704,6496,-545,307,-60,0
881.0056231021881,8752,6544,11432,-129,-202,187,7596,-9288,10204,-84,23,-256,-13908,4128,5572,-917,190,-127,-14088,-4844,6260,-574,259,-26,0
881.0392191410065,8944,6480,11296,-142,-179,208,7724,-9356,10192,-122,48,-215,-13892,4284,5504,-905,155,-45,-13852,-4912,6484,-561,147,-79,0
881.0726759433746,8844,6360,11308,-125,-125,141,7652,-9388,10084,-83,128,-132,-13764,4356,5652,-984,99,-1,-13976,-5088,6520,-559,67,-121,0
881.1058650016785,8500,6416,11280,-159,-41,126,7416,-9320,10072,-68,174,-100,-13676,4284,5712,-985,63,-52,-13904,-4896,6392,-560,85,-123,0
881.1389970779419,8768,6492,11216,-165,-31,128,7436,-9320,10236,-102,134,-86,-13696,4312,5384,-962,132,-54,-13904,-4660,6424,-574,97,-69,0
881.177225112915,8752,6364,11332,-99,-82,172,7456,-9412,10272,-80,104,-124,-13752,4396,5632,-994,174,-33,-13856,-4784,6388,-576,125,-68,0
881.2119150161743,8732,6292,11504,-71,-109,194,7580,-9484,10176,-77,64,-138,-13692,4304,5500,-991,207,-64,-13980,-4772,6600,-575,162,-28,0
881.2475919723511,8916,6304,11344,-88,-95,215,7572,-9400,10016,-18,27,-150,-13760,4112,5820,-1046,202,-68,-13872,-4704,6476,-535,155,-51,0
881.2827861309052,8808,6272,11360,-90,-51,182,7908,-9460,10032,-42,71,-147,-13944,4348,5400,-1029,83,-46,-14108,-4768,6464,-512,75,-188,0
881.3187320232391,8820,6268,11200,-138,-21,46,7720,-9352,10096,-48,229,-107,-13968,4156,5552,-999,-98,-89,-14092,-4884,6616,-454,24,-295,0
881.3541879653931,8748,6528,11140,-215,73,-60,7500,-9408,10100,-25,397,-185,-13764,4212,5628,-884,-116,-80,-13944,-4968,6260,-463,157,-347,0
881.389673948288,8956,6508,11196,-305,-48,-70,7540,-9320,10248,24,389,-225,-13820,4164,5832,-962,-109,-178,-14012,-5100,6372,-390,169,-275,0
881.425096988678,8956,6868,11356,-207,-171,-77,7452,-9272,10348,-112,301,-298,-13748,4104,5824,-884,-75,-152,-13960,-5104,6352,-364,180,-269,0
881.4607889652252,8904,6588,11156,-512,-176,-97,7360,-9132,10168,-152,337,-318,-13572,4216,5516,-815,-22,-92,-13764,-4808,6440,-320,280,-171,0
881.4961960315704,8664,6512,11012,-271,-97,-254,7372,-9008,10320,-105,172,-253,-13632,4328,5548,-953,120,-91,-13948,-4612,6152,-345,202,-56,0
881.5316679477692,8928,6468,11272,-239,-29,100,7624,-9184,10124,-104,131,-122,-13780,4424,5748,-897,90,105,-14128,-4756,6532,-361,252,-91,0
881.5676369667053,8712,6352,11300,-303,103,88,7676,-9484,10228,-127,231,-27,-13772,4500,5424,-939,26,89,-14160,-4720,6576,-381,-62,-106,0
881.6028981208801,8816,6360,11420,-507,110,81,7676,-9576,10036,-71,301,-15,-13676,4584,5488,-966,-17,110,-13912,-4628,6540,-495,-27,-101,0
881.6381521224976,8840,6136,11316,-237,72,158,7388,-9628,10232,-65,213,26,-13612,4400,5380,-1112,14,72,-13896,-4596,6532,-487,49,-77,0
881.6736350059509,8720,6176,11404,-160,123,225,7484,-9724,10168,-26,109,4,-13628,4548,5416,-1131,138,95,-13948,-4728,6636,-543,35,-67,0
881.709352016449,8636,6220,11420,-135,87,189,7384,-9540,10120,-44,110,-30,-13688,4524,5504,-1201,87,-11,-13908,-4704,6624,-260,-7,-75,0
881.7441129684448,8608,6220,11608,-33,15,190,7256,-9684,10116,5,101,-102,-13836,4444,5520,-1162,127,-89,-14024,-4688,6500,-551,86,-112,0
881.779550075531,8880,6340,11372,-71,-72,196,7844,-9388,10172,-25,198,-142,-13880,4268,5416,-1095,14,-113,-14000,-4648,6352,-602,228,-162,0
881.8154540061951,8760,6464,11168,-68,-170,166,7488,-9284,10036,-71,218,-158,-13672,4024,5560,-1166,38,-134,-13940,-4944,6412,-538,188,-137,0
881.8489489555359,8668,6436,11328,-125,-115,132,7568,-9196,10344,-249,160,-194,-14056,4128,5648,-1147,42,-171,-13936,-5000,6340,-466,208,-186,0
881.882306098938,8828,6408,11160,-91,-97,22,7608,-9288,10204,35,225,-206,-13844,4200,5784,-1139,-13,-146,-13968,-4924,6264,-426,142,-280,0
881.9156410694122,8764,6572,11164,-100,9,-67,7576,-9240,10320,66,422,-137,-13868,4156,5920,-1139,-217,-46,-14284,-5120,6648,-336,74,-337,0
881.949383020401,8748,6596,11436,-183,43,-131,7480,-9296,10304,-42,494,-111,-13628,4176,5888,-985,-229,-252,-13936,-5008,6488,-391,8,-345,0
881.9827461242676,8536,6520,11196,-182,-14,-98,7176,-9220,10248,-63,407,-92,-13316,4408,5716,-1096,-172,-30,-13780,-5088,6868,-471,6,-223,0
882.0162191390991,8604,6400,11432,-68,-71,-2,7056,-9648,10184,30,303,-85,-13472,4520,5568,-1127,12,-101,-13624,-4716,6776,-380,53,-129,0
882.0499601364136,8444,6416,11340,-78,-61,69,7188,-9516,10128,-30,69,-173,-13488,4392,5736,-1099,144,-83,-13964,-4776,6636,-372,74,45,0
882.083475112915,8608,6356,11584,-135,-105,202,7328,-9596,10092,-157,46,-121,-13692,4540,5820,-1088,217,38,-13976,-4732,6568,-516,183,57,0
882.1170129776001,8772,6196,11756,-128,-86,284,7184,-9584,10004,-37,-35,-104,-13688,4468,5536,-1125,265,-30,-13888,-4628,6612,-576,67,44,0
882.1503400802612,8680,6208,11460,-28,-96,281,7468,-9512,10096,-30,-235,-58,-13720,4112,5688,-1148,179,-4,-13972,-4864,6660,-556,66,-15,0
882.1839649677277,8744,6348,11376,-177,-52,209,7512,-9476,10176,-101,131,-65,-13772,4300,5660,-1053,96,26,-13928,-4912,6688,-444,251,-72,0
882.2174921035767,8648,6360,11024,-247,72,119,7500,-9516,10276,-136,155,-55,-13812,4400,5632,-1027,81,65,-13944,-4728,6500,-465,-20,-73,0
882.2510809898376,8848,6180,11400,-125,40,103,7588,-9268,10232,-113,227,-48,-13828,4392,5888,-769,6,96,-14072,-4780,6564,-537,-45,-149,0
882.2847731113434,8864,6648,11332,-143,77,103,7444,-9532,10208,-33,269,-37,-13760,4176,5648,-1129,-39,79,-13884,-4800,6448,-551,-4,-220,0
882.3182899951935,8712,6152,11388,-83,63,74,7340,-9432,10236,-91,231,74,-13680,4496,5652,-1077,-63,94,-13840,-4864,6572,-626,-29,-213,0
882.3518071174622,8628,6348,11348,-80,71,85,7372,-9728,10164,-34,297,0,-13792,4496,5656,-1056,255,93,-13960,-4900,6476,-680,-57,-205,0
882.3852541446686,8620,6632,11488,-60,108,123,7304,-9444,9984,31,71,18,-13584,4336,5732,-1105,111,124,-13576,-4780,6528,-733,-32,-111,0
882.4187910556793,8616,6452,11268,-44,118,229,7376,-9444,10244,55,32,48,-13556,4392,5680,-1017,196,106,-13680,-4816,6688,-707,-64,-75,0
882.4523251056671,8540,6272,11228,-12,-252,289,7472,-9504,10392,31,-18,40,-13700,4424,5500,-1183,207,22,-13832,-4784,6608,-707,44,-74,0
882.4860310554504,8660,6428,11324,35,-28,260,7324,-9364,10100,100,31,39,-13816,4332,5596,-1056,255,78,-13900,-4880,6632,-719,23,-48,0
882.5195889472961,8732,6544,11236,-19,62,257,7460,-9300,10180,-237,50,-52,-13676,4188,5384,-1057,245,-238,-13928,-4988,6532,-577,131,-46,0
882.5530071258545,8704,6520,11340,-110,1,179,7488,-9424,10248,-101,132,-163,-13696,4156,5732,-987,122,-59,-13824,-5008,6548,-402,237,-94,0
882.5867300033569,8676,6516,11320,-206,-25,73,7372,-9308,10332,-92,201,-177,-13660,4300,5840,-921,92,-64,-13856,-4940,6568,-580,309,-133,0
882.6198360919952,8668,6432,11412,-155,-62,21,7340,-9472,10280,-135,166,-301,-13668,4292,5596,-899,156,-109,-13928,-5292,6560,-521,282,-144,0
882.6532311439514,8660,6572,11396,-65,-106,-37,7416,-9416,10348,-112,254,-339,-13648,4512,5912,-813,155,-135,-14092,-4912,6572,-584,295,-183,0
882.6868839263916,8756,6416,11328,-41,-57,-29,7192,-9480,10424,-81,238,-242,-13800,4504,5892,-910,51,-97,-13940,-4876,6716,-577,241,-231,0
882.7203891277313,8460,6444,11300,-2,-38,-6,7180,-9720,10348,31,218,-206,-13632,4604,5720,-975,-9,-137,-13792,-4724,6872,-690,227,-248,0
882.753937959671,8408,6436,11580,93,-30,74,7204,-9580,10156,-43,-251,-244,-13796,4492,5576,-1047,189,-194,-13864,-4684,6808,-718,146,-237,0
882.7875781059265,8672,6428,11416,200,247,84,7468,-9632,10144,-81,77,-189,-13744,4512,5824,-907,34,-83,-13976,-5068,6860,-770,58,-345,0
882.8212370872498,8504,6452,11340,193,205,-57,7308,-9640,10012,16,296,-84,-13768,4604,5652,-893,-100,-71,-13956,-4760,6652,-825,99,-468,0
882.8586390018463,8740,6456,11028,131,307,-97,7364,-9356,9988,21,298,61,-13360,4300,5608,-1027,-112,61,-13800,-5100,6448,-698,-209,-531,0
882.8938720226288,8352,6548,11084,55,270,-209,6988,-9392,10224,-85,436,-78,-13564,4128,5712,-899,-223,-61,-13660,-5052,6572,-490,-50,-499,0
882.9296600818634,8156,6400,11508,-145,168,-268,7084,-9588,10076,-36,268,-246,-13452,4596,5776,-829,-106,-166,-13640,-5060,6908,-310,116,-270,0
882.965588092804,8340,6792,11408,-155,-86,-115,7024,-9544,10328,-145,183,-318,-13500,4520,6072,-965,-28,-213,-13892,-5228,6520,-383,268,-177,0
883.0015449523926,8304,6796,11736,-58,-169,-12,7324,-9660,10324,-180,269,-305,-13920,4552,6124,-889,-16,-243,-13860,-5076,6916,-532,189,-273,0
883.0377609729767,8304,6600,11632,94,-275,-12,7008,-9936,10364,41,510,-243,-13500,4732,5812,-1159,-41,-318,-13876,-4688,6652,-800,288,-203,0
883.0728659629822,8548,6452,11392,357,-168,183,7148,-9544,10056,142,-86,-147,-13396,4396,5420,-1172,198,-241,-13860,-4980,6624,-757,224,-110,0
883.1081221103668,8548,6568,10992,217,149,265,7320,-8984,9552,-32,-166,-141,-13516,4304,5556,-818,279,24,-13652,-4988,6504,-479,1,-52,0
883.1433820724487,8312,6472,11424,-205,137,262,7328,-9268,9948,-180,-188,-136,-13556,4104,5852,-1056,195,-126,-13520,-5004,6200,-576,220,-23,0
883.1792011260986,8256,6656,11324,-217,-151,233,7632,-9792,10472,72,16,-160,-14120,4592,6024,-1366,30,-337,-14128,-4772,6284,-898,493,-138,0
883.2150399684906,8940,6520,11388,372,-180,222,7716,-9852,10556,233,157,-15,-14324,4780,5484,-1621,111,-161,-14472,-5004,6912,-1040,110,-187,0
883.2511229515076,8796,6892,11504,588,141,264,7388,-9676,10228,8,-71,166,-13960,4512,5656,-1387,206,-87,-14048,-5216,6820,-789,-166,-199,0
883.2871630191803,8444,6628,11532,409,280,203,7484,-9572,10012,61,-202,172,-13240,3880,5724,-1162,232,-50,-13504,-5348,6628,-680,-32,-220,0
883.3224160671234,8204,6572,11348,77,74,139,7396,-9416,9972,-64,352,-55,-13452,4172,5960,-1090,-233,-101,-13504,-5356,6480,-593,166,-380,0
883.3580980300903,8116,6748,11156,-124,13,-15,7184,-9440,10260,70,390,-90,-13460,4256,6084,-1042,-222,-212,-13552,-5540,6564,-595,214,-455,0
883.3993139266968,8144,7124,11364,-114,-251,-205,7116,-9400,10356,87,412,-349,-13612,4044,5948,-871,-129,-387,-13736,-5508,6424,-385,355,-391,0
883.4349310398102,8408,7164,11300,-169,-163,-231,7160,-9368,10484,-95,344,-471,-13492,4200,6144,-783,-30,-266,-13824,-5416,6556,-266,375,-247,0
883.4718091487885,8236,7044,11048,-507,-197,-116,7404,-9328,10296,-227,249,-466,-13604,4104,6012,-756,25,-219,-13680,-5456,6312,-337,309,-205,0
883.5054039955139,8352,6844,11136,-172,-191,-108,7332,-9040,10320,-234,338,-260,-13664,4008,6036,-607,-250,-214,-13752,-5312,6344,-357,214,-260,0
883.5389680862427,8464,6928,11272,-219,-247,-168,7236,-9444,10232,-237,306,-464,-13616,4300,5892,-655,-29,-178,-13852,-5136,6440,-337,286,-157,0
883.5725100040436,8628,6768,11192,-4,-169,-34,7080,-9372,10268,-182,1,-267,-13532,4532,5836,-897,72,-7,-13892,-5032,6436,-396,191,243,0
883.6061000823975,8652,6820,11200,-322,-54,151,7364,-9368,10072,-122,121,-127,-13668,4592,5672,-941,153,129,-14012,-5140,6580,-403,18,-28,0
883.6401331424713,8692,6748,11032,-282,74,83,7404,-9568,10352,-92,154,-82,-13360,4448,5736,-896,181,87,-13848,-4936,6564,-438,-39,-52,0
883.6736590862274,8268,6696,11384,-214,58,148,7416,-9668,10088,-77,95,-51,-13596,4576,5732,-1029,165,110,-13792,-5112,6516,-393,-6,24,0
883.7074649333954,8420,6792,11180,-202,44,163,7240,-9544,10012,-143,93,-70,-13700,4108,5820,-995,181,174,-13724,-4944,6600,-401,-81,-32,0
883.7411739826202,8224,6584,11292,-246,42,128,7168,-9696,10088,-153,142,-31,-13492,4496,6084,-867,117,96,-13688,-5292,6736,-443,-87,-80,0
883.7747049331665,8208,6560,11372,-163,-8,72,7124,-9884,10064,-106,207,-161,-13712,4488,5636,-954,99,-78,-13696,-5116,6596,-356,66,-146,0
883.8081500530243,8284,6600,11488,-170,-68,-40,7232,-9632,10184,13,212,-293,-13604,4360,5884,-964,17,-156,-13668,-5248,6676,-283,218,-194,0
883.841814994812,8440,6900,11272,-237,-155,-58,7140,-9488,10128,-194,341,-384,-13472,4508,5988,-954,45,-128,-13756,-5100,6496,-332,310,-148,0
883.8753781318665,8308,6768,11360,-245,-242,8,7216,-9544,10228,-129,156,-360,-13748,4536,6040,-949,103,-203,-13964,-5088,6712,-351,301,-107,0
883.9086310863495,8480,6724,11364,-178,-152,71,7228,-9620,10216,2,154,-301,-13576,4788,5748,-1013,145,-170,-13816,-5064,6488,-419,242,-73,0
883.9421329498291,8468,6700,11308,-142,-121,145,7376,-9648,10280,9,68,-211,-13612,4540,5808,-1089,143,-92,-13916,-5244,6776,-528,202,-105,0
883.9755799770355,8392,6820,11204,-182,-33,177,7240,-9520,10472,-18,104,-157,-13628,4332,5968,-1005,76,-47,-13672,-5316,6520,-580,139,-124,0
884.0092360973358,8284,7112,11328,-157,-96,162,7308,-9392,10088,-60,135,-135,-13680,4272,5852,-1048,67,-13,-13836,-5380,6584,-560,109,-175,0
884.0428891181946,8220,6992,11488,-169,-53,126,7192,-9328,10364,-74,82,-96,-13604,4104,5968,-1046,27,-41,-13928,-5312,6436,-527,62,-165,0
884.0762479305267,8356,6952,11176,-187,19,91,7296,-9560,10304,-24,212,-106,-13764,4176,6004,-1048,66,-18,-13760,-5344,6592,-435,67,-121,0
884.1101350784302,8376,6848,11156,-191,-247,121,7180,-9476,10304,1,94,-129,-13476,4264,5736,-776,173,-27,-13572,-5568,6552,-425,59,-77,0
884.1432070732117,8388,6820,11312,-186,-27,99,7444,-9484,10176,-125,252,-147,-13692,4112,5740,-1044,180,-25,-13724,-4944,6816,-415,168,-51,0
884.1768469810486,8352,6904,11376,-215,-131,117,7208,-9584,10128,-92,168,-231,-13424,4420,5712,-1055,206,-66,-13828,-5168,6724,-359,214,-32,0
884.2104620933533,8312,6400,11112,-185,-121,121,7316,-9720,10224,-13,52,-223,-13604,4808,5996,-966,153,-66,-14072,-5028,6704,-421,187,-40,0
884.2441639900208,8332,6660,11424,-108,-6,140,7420,-9624,10052,-52,86,-137,-13316,4856,5772,-1095,164,-57,-13844,-5088,6808,-530,133,-70,0
884.2776639461517,8276,6644,11560,-121,-7,149,7316,-9736,10488,-11,59,-125,-13676,4580,5900,-1045,134,-71,-13792,-5084,6644,-520,122,-57,0
884.311203956604,8248,6716,11596,-104,-67,187,7160,-9576,10132,-4,87,-168,-13596,4496,5656,-1051,127,-39,-13928,-5120,6724,-505,143,-83,0
884.3447699546814,8376,6656,11260,-95,-39,183,7292,-9760,10168,16,88,-131,-13812,4472,5936,-1052,144,-75,-13900,-5124,6692,-503,88,-127,0
884.3782000541687,8388,6736,11472,-115,-254,147,7040,-9548,10236,7,119,-168,-13716,4320,5816,-1049,73,-58,-13852,-5248,6716,-491,96,-126,0
884.4116840362549,8340,6756,11504,-163,-60,76,7376,-9556,10000,-9,187,-170,-13672,4300,6108,-972,37,-142,-14060,-5176,6556,-432,139,-163,0
884.4455199241638,8216,6796,11352,-249,-144,65,7224,-9484,10008,3,277,-230,-13624,4292,5636,-965,29,-188,-13800,-5192,6428,-395,244,-150,0
884.4792201519012,8340,6860,11280,-321,-251,71,7156,-9496,10368,91,236,-315,-13588,4392,5908,-988,147,-208,-13912,-5168,6576,-367,312,-103,0
884.5149369239807,8216,6876,11448,-316,-315,151,7260,-9456,10348,56,170,-316,-13608,4120,5916,-1021,144,-230,-13784,-5180,6760,-338,233,-49,0
884.5505981445312,8368,6792,11376,-323,-346,188,6912,-9484,10228,5,156,-3,-13516,4324,5956,-1012,151,-94,-13720,-5128,6552,-330,225,-48,0
884.585559129715,8396,6764,11008,-415,-320,197,7116,-9512,10048,103,141,-195,-13516,4412,5916,-1040,195,-149,-13688,-5124,6692,-319,182,9,0
884.6218090057373,8388,6752,11324,-423,-285,254,7128,-9520,10312,124,132,-174,-13796,4416,5968,-1061,206,-127,-13780,-5200,6700,-353,177,-22,0
884.6574010848999,8380,6688,11064,-377,-253,235,7252,-9608,10352,88,76,-192,-13324,4604,6012,-1047,219,-106,-13720,-5144,6452,-409,193,13,0
884.6925859451294,8416,6604,11456,-304,-258,263,7288,-9584,10272,101,81,-221,-13572,4396,5692,-1038,280,-130,-13712,-5048,6620,-412,206,17,0
884.7288100719452,8436,6588,11392,-312,-254,230,7344,-9612,10160,106,73,-258,-13804,4408,5780,-1060,278,-179,-13912,-5016,6424,-403,263,-253,0
884.7643280029297,8520,6456,11448,-294,-291,206,7292,-9548,10236,149,22,-298,-13780,4260,5976,-974,239,-166,-13908,-4896,6540,-408,226,-61,0
884.800192117691,8584,6480,11408,-294,-261,155,7280,-9504,10208,125,184,-327,-13824,4400,5688,-986,146,-194,-13936,-4996,6628,-397,206,-115,0
884.8355779647827,8520,6416,11500,-302,-222,102,7300,-9696,10168,137,269,-274,-13636,4388,5680,-995,78,-173,-13880,-4980,6536,-421,177,-179,0
884.871279001236,8480,6500,11388,-304,-177,94,7312,-9448,10232,142,246,-207,-13628,4324,5736,-1129,56,-147,-13648,-4896,6652,-447,199,-162,0
884.9059789180756,8416,6624,11392,-287,-199,103,7208,-9476,10356,97,234,-212,-13680,4172,5676,-1098,160,-114,-13908,-4884,6800,-418,230,-120,0
884.9423019886017,8192,6588,11388,-285,-262,151,7072,-9376,10340,21,-68,-314,-13660,4276,5988,-970,135,-185,-13856,-5116,6632,-440,250,-11,0
884.9774680137634,8484,6648,11212,-197,-263,228,7156,-9404,10408,88,-12,-279,-13672,4272,5908,-965,143,-145,-13932,-5092,6660,-502,235,-49,0
885.013277053833,8612,6552,11492,-192,-223,209,7200,-9432,10288,74,60,-211,-13700,4196,5992,-1062,181,-106,-13816,-5168,6584,-462,180,-28,0
885.0491831302643,8416,6692,11444,-199,-216,224,7296,-9328,10476,33,125,-190,-13608,4328,5716,-1065,201,-98,-13952,-4896,6548,-467,140,-15,0
885.0846190452576,8652,6708,11336,-241,-199,176,7216,-9464,10304,-8,109,-236,-13756,4280,5952,-981,191,-81,-13816,-4940,6476,-471,213,-50,0
885.1199040412903,8572,6448,11348,-203,-194,176,7256,-9472,10452,52,36,-233,-13720,4232,5868,-1038,149,-126,-13940,-5020,6608,-495,162,-79,0
885.1550760269165,8460,6572,11292,-114,-99,121,7328,-9396,10124,18,178,-192,-13596,4256,5644,-1035,88,-80,-13624,-4964,6596,-458,125,-139,0
885.1905391216278,8572,6164,11124,-125,-46,77,7324,-9368,10284,-49,149,-201,-13672,4380,5736,-964,51,-20,-13832,-4972,6432,-459,108,-160,0
885.2239720821381,8600,6504,11324,-148,-22,24,7356,-9336,10168,-82,185,-150,-13592,4308,5652,-953,30,-23,-13872,-4880,6568,-451,118,-191,0
885.2576041221619,8680,6524,11224,-175,35,30,7272,-9220,10188,-4,183,-148,-13628,4400,5660,-989,55,-44,-13884,-4964,6620,-463,134,-182,0
885.2910840511322,8628,6420,11268,-183,70,42,7284,-9528,10304,-30,188,-149,-13592,4260,5812,-941,89,-55,-13896,-5048,6864,-471,106,-150,0
885.3242111206055,8512,6512,11432,-134,1,58,7324,-9728,10292,-83,175,-129,-13632,4400,5756,-963,68,-38,-13936,-4988,6684,-546,163,-171,0
885.3578979969025,8564,6432,11408,-103,-6,75,7168,-9396,10348,-83,203,-188,-13604,4276,5872,-1001,64,-40,-13836,-4888,6624,-539,160,-158,0
885.3912651538849,8496,6536,11480,-86,-7,76,7264,-9440,10272,-89,197,-142,-13624,4280,6040,-1004,60,-48,-13808,-5188,6676,-539,134,-176,0
885.4244179725647,8480,6512,11448,-93,42,89,7308,-9340,10392,-72,94,-88,-13624,4272,5820,-947,34,-41,-13916,-5316,6660,-554,84,-199,0
885.4579510688782,8556,6600,11380,-87,84,75,7368,-9372,10288,-80,304,-80,-13544,4108,5872,-1012,-7,236,-13796,-5080,6432,-539,73,-175,0
885.4915130138397,8532,6600,11288,-127,83,58,7240,-9416,10516,-61,171,-94,-13344,4232,5932,-945,14,-3,-13580,-5372,6560,-525,85,-176,0
885.5250420570374,8240,6584,11412,-101,42,59,7240,-9448,10360,-9,232,-116,-13564,4304,5900,-952,13,-25,-13964,-5192,6660,-517,115,-169,0
885.5586731433868,8492,6504,11752,-70,26,30,7232,-9684,10288,-48,198,-127,-13640,4376,5808,-969,23,-41,-13612,-5184,6652,-547,136,-207,0
885.5921831130981,8476,6536,11488,-65,23,66,7180,-9524,10316,-92,174,-158,-13556,4404,5796,-964,50,-83,-13792,-5116,6600,-529,112,-181,0
885.6255550384521,8440,6572,11496,-114,-49,54,6932,-9728,10388,-99,203,-158,-13576,4312,5736,-1076,72,-46,-13792,-5132,6640,-511,117,-198,0
885.6590690612793,8568,6592,11308,-96,-61,38,7292,-9504,10444,-7,215,-128,-13804,4340,6000,-963,-16,-62,-13836,-5084,6688,-522,110,-208,0
885.6924901008606,8520,6512,11432,-144,252,39,7164,-9452,10328,-45,181,-127,-13684,4412,5836,-1017,-40,-42,-13764,-5052,6700,-547,67,-229,0
885.7261691093445,8468,6896,11636,-91,-31,71,7172,-9468,10452,-28,189,-167,-13560,4384,5876,-1275,13,-67,-13916,-5212,6640,-568,17,-183,0
885.7595410346985,8604,6648,11196,-31,-16,-3,7192,-9456,10296,-96,163,-156,-13784,4340,6004,-965,-29,-44,-13724,-5156,6676,-526,60,-197,0
885.7931649684906,8204,6612,11344,-115,61,7,7400,-9408,10440,-141,154,-154,-13464,4292,5884,-1004,29,-18,-13740,-5112,6656,-484,80,-152,0
885.826504945755,8432,6608,11472,-126,26,59,6992,-9472,10356,27,125,-129,-13500,4348,6012,-1023,51,10,-13776,-5096,6660,-258,84,-147,0
885.8599920272827,8308,6608,11372,-101,18,80,7112,-9464,10340,-77,46,-107,-13608,4348,5840,-1082,86,-243,-13724,-5084,6756,-520,69,-160,0
885.8934359550476,8652,6592,11764,-88,23,74,7260,-9564,10364,-48,85,-131,-13500,4356,5996,-999,70,-48,-13724,-5124,6672,-566,86,-167,0
885.9268901348114,8360,6548,11312,-14,8,95,7376,-9500,10324,-64,41,-228,-13796,4308,6048,-1073,94,-93,-13692,-5160,6700,-531,93,-158,0
885.9602479934692,8296,6624,11364,-70,-33,92,7088,-9432,10292,-54,111,-179,-13460,4308,6104,-999,98,-94,-13812,-5144,6736,-546,137,-127,0
885.9938070774078,8412,6612,11304,-90,-54,106,7144,-9572,10144,-75,102,-219,-13556,4316,6024,-1010,104,-56,-13704,-5136,6516,-765,152,-131,0
886.0272300243378,8452,6700,11472,-77,-88,107,7224,-9476,10344,-55,113,-213,-13668,4468,5636,-773,88,-64,-13804,-5120,6652,-492,171,-137,0
886.0608830451965,8400,6432,11496,-112,-72,64,7136,-9520,10316,-37,157,-176,-13660,4356,6140,-990,75,-131,-13764,-5072,6860,-261,144,-133,0
886.0943961143494,8196,6468,11468,-91,-36,88,7188,-9404,10464,-66,128,-167,-13516,4392,6088,-970,31,-84,-14000,-4920,6520,-496,124,-167,0
886.1278691291809,8504,6868,11312,-133,-6,83,7136,-9464,10308,-44,164,-170,-13600,4376,5820,-1009,61,-56,-13828,-5252,6708,-476,131,-131,0
886.1610939502716,8392,6664,11300,-118,-45,59,7216,-9528,10488,-32,132,-182,-13552,4440,5988,-952,28,-79,-13740,-5144,6780,-496,162,-144,0
886.1979351043701,8452,6568,11484,-143,-53,85,7408,-9228,10096,254,200,-150,-13568,4476,5996,-1046,95,-96,-13892,-5060,6404,-518,177,-118,0
886.2333459854126,8492,6696,11324,-149,-63,105,7184,-9444,10256,-5,165,-137,-13596,4384,5988,-1002,90,-104,-14012,-4996,6800,-468,124,-125,0
886.2697160243988,8428,6536,11404,-148,-74,118,7096,-9456,10312,16,225,-167,-13524,4368,5796,-1010,92,-77,-13740,-5280,6444,-458,152,-129,0
886.305006980896,8384,6628,11392,-187,-56,86,7220,-9484,10436,31,200,-191,-13572,4596,6116,-990,122,-80,-14016,-5032,6756,-458,176,-97,0
886.3413009643555,8396,6604,11524,-245,-154,138,7340,-9516,10384,67,200,-227,-13564,4516,5928,-1021,94,-134,-13824,-5224,6744,-496,246,-60,0
886.3774359226227,8204,6464,11716,-186,-201,176,7068,-9272,10456,23,53,-242,-13604,4368,6040,-989,177,-139,-13812,-5168,6672,-484,169,-57,0
886.4122700691223,8488,6788,11384,-172,-226,156,7116,-9220,10492,-19,111,-252,-13660,4444,5860,-1008,216,-120,-13764,-5228,6700,-503,193,-57,0
886.4475121498108,8396,6544,11288,-232,-226,149,7124,-9428,10352,46,142,-272,-13632,4400,5956,-948,187,-129,-13732,-5148,6772,-430,254,-7,0
886.4828629493713,8348,6556,11280,-262,-156,155,7192,-9556,10352,37,141,-224,-13748,4140,5788,-1004,213,-145,-14020,-5156,6476,-416,185,7,0
886.5182220935822,8476,6604,11440,-255,-202,202,7260,-9348,10356,52,123,-218,-13536,4548,6052,-960,164,-99,-13872,-5332,6428,-461,166,-50,0
886.5537109375,8548,6624,11468,-254,-230,177,7176,-9444,10252,-10,112,-228,-13572,4352,5908,-947,177,-106,-13856,-5232,6612,-449,153,-43,0
886.5893909931183,8436,6600,11440,-221,-187,172,7228,-9448,10316,-20,84,-247,-13424,4180,5936,-984,201,-104,-13804,-5016,6500,-465,222,-60,0
886.6249530315399,8588,6576,11432,-222,-243,203,7260,-9440,10296,40,33,-272,-13596,4584,5644,-1008,251,-180,-13852,-5052,6716,-479,229,-15,0
886.6607739925385,8472,6564,11496,-179,-228,176,7268,-9412,10312,12,102,-241,-13672,4388,6040,-1014,195,-117,-13912,-5076,6460,-496,221,-61,0
886.6961190700531,8464,6580,11328,-209,-211,168,7204,-9520,10440,20,79,-220,-13760,4392,5772,-1004,214,-106,-13860,-5108,6640,-475,192,-44,0
886.7322721481323,8408,6616,11340,-219,-176,181,7232,-9360,10340,43,78,-218,-13684,4288,6012,-1073,191,-125,-13852,-5112,6668,-440,239,-37,0
886.7687411308289,8448,6632,11452,-214,-495,175,7204,-9452,10248,40,80,-234,-13632,4360,5968,-1073,195,-172,-13724,-4948,6728,-484,239,-50,0
886.8040199279785,8400,6532,11532,-161,-251,191,7188,-9552,10304,35,64,-253,-13600,4168,6024,-1033,171,-143,-13796,-5032,6612,-505,244,-74,0
886.8410470485687,8428,6552,11432,-171,-265,168,7288,-9452,10260,8,74,-270,-13684,4276,5840,-1023,115,-187,-13836,-5100,6864,-528,252,-86,0
886.8745510578156,8596,6560,11348,-164,-249,160,7304,-9368,10420,47,81,-4,-13648,4392,5920,-1077,169,-179,-13800,-5020,6556,-541,238,-48,0
886.9075219631195,8628,6536,11416,-145,-216,153,6928,-9292,10308,12,56,-243,-13412,4224,5816,-1277,194,-146,-13792,-5004,6836,-487,0,-73,0
886.9409379959106,8636,6616,11356,-242,-245,143,7268,-9440,10368,13,126,-233,-13600,4404,5772,-1271,202,-165,-13844,-5036,6724,-505,214,-26,0
886.9744219779968,8656,6520,11216,-164,-226,166,7260,-9444,10452,8,90,-269,-13756,4324,5752,-1034,153,-201,-13652,-5060,6516,-544,505,-127,0
887.007707118988,8616,6504,11080,-140,-264,143,7308,-9500,10576,43,127,-256,-13728,4312,5544,-1088,149,-134,-13844,-4996,6480,-533,195,-71,0
887.0411570072174,8532,6612,11320,-141,-210,166,7188,-9376,10276,-254,81,-222,-13536,4200,5872,-1067,193,-72,-13896,-5024,6596,-503,202,-58,0
887.0748369693756,8596,6496,11428,-178,-230,181,7296,-9372,10348,33,87,-232,-13664,4196,5808,-1029,176,-110,-14000,-4932,6556,-464,261,-25,0
887.1084859371185,8612,6520,11320,-201,-196,190,7244,-9256,10424,9,68,-240,-13600,4264,5840,-1275,189,-137,-13944,-5020,6604,-477,181,-62,0
887.1417081356049,8636,6536,11328,-158,-154,196,7380,-9304,10184,49,103,-215,-13624,4528,5684,-1012,186,-125,-13940,-5060,6604,-483,191,-51,0
887.1752939224243,8592,6452,11188,-181,-165,171,7184,-9280,10300,18,88,-241,-13592,4268,5884,-1009,201,-119,-13868,-4992,6676,-507,183,-51,0
887.2086760997772,8484,6460,11424,-117,-185,168,7276,-9316,10392,54,37,-244,-13568,4308,5908,-1084,213,-148,-14020,-5064,6524,-474,234,-30,0
887.242103099823,8840,6488,11116,-135,-255,195,7224,-9320,10296,62,14,-300,-13676,4300,5828,-1062,223,-170,-13760,-5064,6672,-466,288,14,0
887.2756130695343,8664,6460,11360,-150,-288,191,7260,-9344,10296,60,-13,-295,-13620,4372,5768,-1063,266,-177,-13944,-4868,6616,-490,270,-29,0
887.3093960285187,8672,6460,11324,-144,-265,193,7344,-9204,10308,3,29,-268,-13752,4244,5800,-1043,166,-195,-13884,-5040,6624,-453,238,-51,0
887.3427069187164,8884,6572,11020,-180,-259,169,7620,-9280,10320,117,231,-273,-13752,4312,5948,-1014,144,-132,-13932,-5040,6408,-476,223,-41,0
887.3762409687042,8720,6432,11400,-166,-157,157,7408,-9340,10372,13,109,-253,-13648,4300,5788,-1060,170,-120,-13888,-4868,6572,-457,186,-66,0
887.4095051288605,8724,6500,11024,-188,-221,135,7420,-9380,10332,27,122,-265,-13700,4244,5824,-1051,154,-162,-13940,-5048,6552,-454,183,-60,0
887.442626953125,8772,6548,11192,-205,-201,145,7332,-9332,10364,13,140,-187,-13712,4332,5916,-1036,82,-116,-13944,-5068,6632,-438,127,-110,0
887.476135969162,8924,6520,11268,-222,-213,129,7304,-9344,10472,-28,95,-210,-13664,4260,5936,-963,64,-141,-13808,-4940,6404,-482,158,-106,0
887.5099060535431,8456,6584,11148,-191,-156,126,7268,-9248,10320,-10,84,-168,-13668,4084,5712,-1018,142,-62,-13772,-5084,6604,-483,113,-87,0
887.5434341430664,8612,6608,11400,-137,-137,158,7316,-9332,10016,9,20,-192,-13628,4220,5792,-1011,130,-75,-13768,-4952,6424,-495,134,-123,0
887.5771360397339,8480,6452,11168,-129,-45,111,7376,-9172,10252,22,88,-200,-13608,4276,5420,-983,112,-54,-13856,-5032,6476,-521,101,-167,0
887.6107249259949,8764,6296,11180,-162,31,69,7468,-9204,10192,11,184,-146,-13720,4184,5676,-983,27,-35,-13968,-4896,6468,-525,117,-218,0
887.6439011096954,8632,6476,11028,-172,126,14,7648,-9308,10356,9,290,-111,-13744,4160,5584,-920,28,-62,-13940,-4904,6452,-503,128,-223,0
887.6776189804077,8728,6520,11292,-134,39,50,7632,-9336,10376,-53,219,-116,-13624,4192,5792,-1032,90,-28,-13952,-4948,6516,-488,43,-169,0
887.711000919342,8560,6524,11072,-98,74,57,7524,-9304,10404,-55,269,-86,-14048,4288,5876,-933,53,17,-13924,-5000,6444,-526,77,-231,0
887.7446839809418,8780,6452,11228,-149,158,13,7376,-9352,10308,-81,184,-37,-13744,4256,5632,-972,37,53,-13884,-4904,6484,-494,38,-231,0
887.7781901359558,8688,6532,11328,-130,175,37,7372,-9440,10324,-76,234,-49,-13644,4308,5860,-1012,255,16,-13844,-4964,6560,-765,24,-232,0
887.8120329380035,8560,6440,11288,-72,177,41,7256,-9296,10560,-73,216,-66,-13752,4272,6088,-1019,-44,15,-13848,-5104,6648,-574,253,-511,0
887.8455829620361,8636,6532,11364,-94,169,23,7048,-9452,10412,-57,287,-35,-13656,4412,5872,-974,-22,36,-13580,-5020,6588,-581,24,-258,0
887.881737947464,8452,6492,11592,-49,123,6,7204,-9416,10472,-15,8,-69,-13624,4284,6396,-981,-72,-34,-13824,-4920,6708,-563,136,-234,0
887.9177439212799,8240,6552,11408,-62,123,10,7024,-9360,10068,-27,212,-116,-13536,4308,6072,-1079,36,-98,-13756,-5264,6776,-572,161,-201,0
887.9523661136627,8588,6488,11420,-37,51,53,7220,-9552,10264,-30,97,-140,-13648,4296,5968,-967,51,-62,-13772,-5068,6640,-543,142,-182,0
887.9887290000916,8508,6540,11384,-91,-12,58,7408,-9340,10392,11,209,-184,-13680,4332,5712,-907,32,-100,-13916,-5052,6624,-259,111,-192,0
888.0244390964508,8572,6496,11504,-131,28,42,7196,-9392,10448,-100,230,-177,-13684,4544,5980,-918,8,-38,-13968,-5020,6360,-509,79,-198,0
888.0603210926056,8620,6480,11364,-153,41,48,7364,-9232,10456,-100,224,-122,-13660,4284,5884,-919,25,-248,-13968,-5024,6500,-509,81,-177,0
888.0953631401062,8688,6620,11268,-151,53,80,7348,-9320,10368,-49,213,-98,-13568,4336,5700,-963,16,-30,-13912,-5044,6548,-499,86,-143,0
888.1308760643005,8548,6580,11320,-171,38,70,7112,-9308,10276,-53,186,-94,-13656,4256,5632,-966,40,-29,-13980,-5324,6668,-473,71,-140,0
888.167074918747,8500,6528,11280,-163,30,104,7264,-9324,10436,-53,218,-120,-13636,4312,5640,-1044,53,-35,-13576,-5184,6592,-409,74,-108,0
888.2023890018463,8688,6552,11440,-167,-20,122,7248,-9296,10452,-52,175,-111,-13316,4144,5904,-1006,87,-10,-13616,-5048,6764,-456,61,-120,0
888.2381410598755,8520,6624,11316,-148,-252,117,7236,-9420,10400,-48,141,-142,-13700,4372,5972,-964,72,-234,-13604,-5348,6900,-424,8,-83,0
888.2736039161682,8448,6560,11404,-189,71,100,7256,-9704,10428,-10,160,-109,-13720,4340,5816,-1022,24,-41,-13764,-4900,6668,-448,77,-141,0
888.3092470169067,8356,6576,11424,-92,35,100,7212,-9356,10448,-31,142,-107,-13524,4320,5820,-998,51,-89,-13748,-5128,6540,-767,62,-167,0
888.3442690372467,8564,6560,11412,-102,-41,47,7192,-9316,10340,-79,136,-165,-13612,4564,6068,-1011,24,-50,-13800,-5096,6436,-524,101,-210,0
888.3794829845428,8500,6604,11312,-175,-5,20,7240,-9272,10260,-31,172,-165,-13600,4380,5904,-999,48,-40,-13848,-4924,6412,-449,177,-182,0
888.4182770252228,8320,6508,11392,-127,-9,48,7228,-9432,10328,-254,30,-148,-13324,4472,5668,-1019,101,-78,-13828,-4984,6736,-458,104,-135,0
888.4538691043854,8460,6536,11276,-139,-19,68,7184,-9480,10372,-11,202,-144,-13556,4384,6020,-1010,80,-105,-13804,-5076,6440,-501,117,-127,0
888.4894230365753,8376,6528,11540,-107,-71,87,7156,-9420,10368,-28,147,-206,-13560,4408,6088,-1024,117,-133,-13800,-5092,6612,-257,144,-108,0
888.5257029533386,8376,6544,11292,-54,-109,111,7208,-9476,10332,-22,95,-200,-13588,4356,5924,-1051,97,-127,-13816,-5140,6824,-503,173,-138,0
888.5592660903931,8416,6580,11344,-81,-101,110,7288,-9436,10172,255,103,-150,-13580,4340,5884,-1063,98,-104,-13772,-5180,6724,-556,175,-128,0
888.5929379463196,8464,6636,11380,-93,-85,130,7116,-9300,10332,25,70,-156,-13596,4300,5916,-1031,139,-75,-13844,-5068,6716,-541,166,-77,0
888.6265799999237,8344,6616,11392,-160,-143,166,7160,-9300,10696,7,89,-215,-13440,4448,5976,-1055,165,-131,-13784,-5160,6728,-493,211,-13,0
888.6599640846252,8456,6532,11360,-126,-116,178,7288,-9456,10472,-30,73,-185,-13728,4372,6032,-1076,153,-118,-13800,-5164,6744,-506,165,-54,0
888.6935291290283,8524,6628,11416,-130,-140,155,7188,-9340,10408,-22,120,-180,-13768,4296,6056,-971,124,-77,-13708,-5068,6624,-513,143,-98,0
888.7270519733429,8424,6592,11448,-166,-91,132,7116,-9260,10240,-48,129,-175,-13532,4316,5988,-989,133,-61,-13664,-5068,6572,-441,124,-132,0
888.7603220939636,8360,6656,11328,-136,-79,108,7192,-9296,10524,-53,127,-209,-13424,4252,5804,-987,75,-59,-13900,-5084,6604,-482,128,-149,0
888.7938709259033,8512,6500,11472,-144,-85,79,7204,-9428,10352,-26,121,-202,-13668,4152,5996,-975,46,-105,-13820,-5060,6692,-476,186,-116,0
888.8274531364441,8536,6520,11400,-132,-83,81,7296,-9316,10476,-38,107,-213,-13572,4320,5796,-1006,114,-107,-13820,-5084,6900,-488,168,-107,0
888.8611531257629,8456,6528,11684,-140,-66,93,7208,-9368,10340,-16,119,-207,-13580,4316,5872,-995,123,-73,-13908,-4948,6572,-479,164,-101,0
888.8942120075226,8532,6548,11344,-175,-112,135,7344,-9416,10384,-61,130,-199,-13472,4288,6036,-1013,127,-38,-13932,-4888,6672,-457,112,-92,0
888.9277551174164,8472,6616,11244,-140,-38,144,7248,-9376,10392,-13,149,-131,-13544,4264,5928,-1011,106,-61,-13744,-5104,6480,-476,119,-94,0
888.9612979888916,8420,6628,11388,-140,-37,154,7196,-9368,10472,2,134,-128,-13504,4340,6140,-1059,107,-92,-13812,-5032,6436,-764,117,-138,0
888.9948770999908,8396,6560,11460,-129,-69,108,7140,-9376,10484,-17,147,-148,-13576,4400,6012,-939,55,-115,-13632,-5100,6680,-510,134,-144,0
889.0282919406891,8392,6540,11464,-122,-100,78,7156,-9424,10448,-37,153,-213,-13444,4420,5884,-1016,89,-98,-13576,-5216,6784,-512,158,-92,0
889.0619039535522,8432,6592,11456,-126,-141,122,7272,-9456,10288,-8,93,-185,-13812,4260,5836,-991,132,-95,-13640,-5112,6740,-497,156,-70,0
889.0955579280853,8232,6544,11456,-121,-117,111,7240,-9296,10368,-49,105,-209,-13724,4108,6004,-993,152,-122,-13824,-5076,6688,-503,173,-96,0
889.1289250850677,8544,6628,11424,-162,-115,140,7260,-9424,10488,-22,112,-206,-13592,4296,5816,-1001,172,-150,-13604,-5332,6676,-490,180,-138,0
889.1623039245605,8484,6572,11328,-173,-114,128,7340,-9432,10440,-22,165,-182,-13788,4356,6052,-1027,117,-119,-13716,-5312,6728,-460,147,-126,0
889.1957440376282,8456,6604,11116,-141,-86,107,7300,-9300,10356,-22,163,-167,-13680,4208,6040,-981,96,-91,-13848,-5028,6648,-489,162,-153,0
889.2294371128082,8484,6572,11020,-138,-9,55,7304,-9324,10348,-25,147,-167,-13508,4336,5760,-1018,57,-86,-14048,-5204,6576,-533,157,-154,0
889.2628500461578,8556,6580,11404,-141,-14,68,7312,-9296,10444,253,193,-164,-13652,4244,6120,-1075,67,-102,-13828,-5132,6624,-484,137,-157,0
889.2964730262756,8492,6632,11288,-146,-26,74,7376,-9436,10576,-9,152,-160,-13552,4336,5636,-1032,98,-88,-13836,-5080,6516,-503,127,-133,0
889.3300020694733,8692,6440,11376,-136,-16,115,6952,-9388,10348,-32,117,-143,-13632,4364,5956,-949,51,-83,-13836,-5136,6436,-493,128,-126,0
889.3636109828949,8484,6628,11528,-155,-61,122,7140,-9324,10380,-33,140,-166,-13520,4392,5840,-986,67,-62,-13856,-5096,6816,-479,124,-103,0
889.3971979618073,8204,6420,11500,-120,-64,120,7200,-9428,10324,-33,124,-164,-13584,4324,5912,-970,67,-48,-13904,-5132,6600,-486,119,-123,0
889.4305520057678,8392,6576,11396,-131,-53,81,7420,-9388,10368,-6,143,-167,-13536,4340,5868,-997,75,-66,-13752,-5032,6632,-506,120,-98,0
889.4641020298004,8216,6824,11388,-112,-53,91,7212,-9328,10420,-39,179,-156,-13520,4300,5932,-961,66,-109,-13612,-5056,6668,-498,107,-161,0
889.4975831508636,8540,6528,11268,-122,-67,77,7196,-9432,10500,-18,139,-177,-13780,4268,6004,-986,78,-130,-13740,-5060,6644,-474,172,-158,0
889.5308320522308,8412,6852,11508,-145,-30,95,7172,-9360,10380,-44,147,-196,-13388,4400,6080,-930,70,-79,-13596,-5048,6672,-496,139,-138,0
889.5675270557404,8232,6552,11384,-131,-98,81,7216,-9360,10440,-62,164,-176,-13808,4380,5720,-974,45,-49,-13792,-5004,6600,-501,164,-115,0
889.6038191318512,8284,6484,11368,-159,-85,98,7260,-9356,10300,-4,154,-166,-13524,4292,5804,-1262,138,-92,-13896,-5152,6596,-460,116,-113,0
889.6397769451141,8532,6584,11480,-125,-46,100,7216,-9320,10268,-33,160,-172,-13644,4232,5820,-1026,89,-52,-13820,-5188,6552,-479,102,-124,0
889.6751101016998,8496,6540,11392,-137,-61,59,7308,-9388,10488,-35,157,-181,-13720,4532,6064,-972,57,-98,-13856,-5076,6736,-472,142,-150,0
889.7106900215149,8428,6544,11424,-157,-24,75,7208,-9364,10264,253,175,-152,-13352,4412,5768,-1040,56,-91,-13684,-5072,6644,-492,148,-120,0
889.7460789680481,8656,6600,11368,-131,-53,93,7160,-9336,10384,27,163,-145,-13652,4340,5952,-1036,63,-61,-13832,-5176,6808,-487,127,-126,0
889.7822530269623,8328,6712,11388,-181,-59,100,7176,-9392,10432,-22,218,-187,-13604,4592,5780,-1007,100,-117,-13720,-4872,6652,-483,135,-90,0
889.8181550502777,8392,6760,11460,-188,-148,126,7200,-9260,10724,-19,126,-229,-13320,4416,6004,-980,150,-144,-13724,-5360,6692,-450,224,-50,0
889.8538460731506,8400,6432,11348,-189,-195,156,7076,-9392,10384,-22,74,-272,-13548,4396,6148,-962,179,-152,-13572,-5216,6652,-517,230,-45,0
889.8897380828857,8356,6544,11316,-126,-252,189,7160,-9332,10060,-51,95,-249,-13584,4480,5980,-961,191,-156,-13824,-5104,6876,-517,243,-36,0
889.9250690937042,8448,6528,11236,-150,-220,143,7312,-9364,10380,-13,111,-259,-13676,4164,6020,-943,172,-135,-13748,-4888,6788,-486,217,-63,0
889.9603819847107,8448,6412,11648,-203,-196,163,7236,-9308,10488,-13,131,-231,-13620,4368,6048,-972,148,-127,-13860,-4980,6696,-457,207,-83,0
889.9954929351807,8640,6568,11344,-228,-184,147,7240,-9296,10464,-12,133,-506,-13624,4260,5964,-1029,172,-177,-13796,-5360,6864,-497,195,-89,0
890.0317499637604,8436,6664,11244,-187,-219,115,7340,-9300,10512,-27,94,-252,-13604,4196,5868,-953,135,-133,-13844,-5076,6692,-500,226,-74,0
890.0676860809326,8600,6584,11196,-208,-231,148,7232,-9308,10408,-38,117,-267,-13576,4312,6212,-999,154,-160,-13812,-5184,6604,-472,198,-51,0
890.102667093277,8544,6564,11140,-169,-182,143,7324,-9360,10352,-251,90,-240,-13620,4276,5716,-771,175,-177,-13812,-4992,6636,-483,193,-68,0
890.1386971473694,8300,6448,11428,-190,-209,148,7324,-9284,10436,20,110,-218,-13636,4244,5924,-1019,131,-103,-13940,-4868,6716,-461,182,-68,0
890.1741969585419,8492,6612,11360,-216,-152,143,7216,-9356,10456,-22,90,-216,-13452,4284,5764,-1010,178,-59,-13908,-5088,6672,-480,128,-53,0
890.2102949619293,8604,6564,11264,-199,-146,187,7284,-9372,10440,-23,83,-167,-13656,4480,5992,-1055,154,-116,-13996,-4984,6728,-524,145,-81,0
890.2436559200287,8444,6512,11416,-170,-155,175,7208,-9284,10496,1,63,-182,-13412,4596,6032,-1088,127,-127,-13632,-5016,6688,-517,158,-98,0
890.2773470878601,8428,6488,11412,-109,-113,155,7184,-9296,10336,-24,69,-199,-13488,4192,5692,-981,144,-122,-13648,-5156,6564,-507,140,-104,0
890.310898065567,8500,6500,11504,-128,-124,105,7288,-9400,10328,-17,113,-235,-13568,4328,5852,-985,120,-100,-13764,-5016,6648,-760,186,-123,0
890.3443169593811,8488,6568,11444,-153,-63,98,7260,-9276,10360,-23,125,-175,-13648,4336,6004,-992,106,-76,-13804,-5044,6612,-500,105,-169,0
890.3779089450836,8588,6468,11464,-125,2,67,7292,-9276,10216,-6,154,-154,-13364,4256,5660,-986,68,-83,-13872,-4964,6716,-470,122,-168,0
890.4111869335175,8568,6564,11424,-166,27,50,7220,-9336,10476,-14,151,-144,-13656,4356,5908,-1020,75,-58,-13888,-5024,6416,-482,96,-157,0
890.4446020126343,8524,6588,11424,-149,-10,87,7260,-9412,10368,-49,146,-153,-13600,4360,5936,-974,88,-53,-13872,-5180,6636,-506,148,-165,0
890.4782230854034,8628,6448,11468,-77,-16,71,7228,-9368,10432,-32,148,-161,-13376,4440,5776,-997,60,-74,-13932,-5072,6768,-538,163,-183,0
890.5118300914764,8296,6572,11008,-49,-24,72,6932,-9336,10372,-39,132,-170,-13616,4328,5924,-1041,83,-72,-13776,-5192,6652,-548,152,-180,0
890.5450160503387,8528,6496,11296,-47,-32,60,7284,-9256,10388,-30,232,-204,-13676,4264,6148,-1001,-10,-109,-13804,-5100,6656,-547,149,-225,0
890.5785920619965,8520,6476,11340,-103,-14,48,7236,-9296,10392,-39,224,-150,-13576,4316,6012,-1062,72,-67,-13868,-5152,6680,-481,77,-154,0
890.612086057663,8572,6636,11428,-141,36,70,7212,-9220,10700,-22,190,-117,-13576,4332,6016,-1005,71,-15,-13788,-5092,6676,-494,78,-174,0
890.6454269886017,8412,6604,11280,-146,-248,87,7188,-9288,10492,-34,178,-138,-13372,4300,5912,-991,67,-51,-13840,-5152,6572,-501,97,-130,0
890.6789929866791,8436,6548,11364,-147,-29,78,7260,-9296,10316,-77,195,-185,-13584,4300,6180,-987,86,-70,-13852,-5056,6680,-499,147,-158,0
890.7124769687653,8424,6564,11392,-118,-71,83,7204,-9304,10436,-89,113,-179,-13808,4540,6056,-982,61,-97,-13784,-5140,6568,-508,150,-140,0
890.7458379268646,8508,6568,11444,-108,-67,76,7316,-9332,10500,-67,130,-181,-13396,4604,6088,-999,86,-105,-13920,-5024,6696,-506,156,-138,0
890.7790451049805,8560,6520,11324,-119,-35,64,7264,-9268,10424,-45,141,-199,-13608,4356,5952,-904,62,-34,-13572,-5100,6768,-461,137,-128,0
890.8125851154327,8440,6880,11056,-155,-41,85,7188,-9344,10352,-42,98,-150,-13672,4276,5752,-960,77,-68,-14076,-5028,6696,-490,101,-147,0
890.8458149433136,8548,6520,11380,-96,-20,63,7316,-9352,10348,-53,202,-145,-13700,4312,5960,-1012,38,-79,-14056,-5104,6560,-516,95,-154,0
890.879292011261,8524,6532,11316,-130,10,76,7236,-9380,10320,-29,162,-136,-13664,4336,5748,-1277,20,-45,-13788,-5104,6548,-259,105,-159,0
890.9124269485474,8448,6584,11316,-64,24,66,7216,-9372,10400,-37,173,-148,-13620,4216,5852,-1004,22,-64,-13888,-5192,6748,-263,92,-145,0
890.9458260536194,8420,6660,11332,-118,-79,63,7384,-9320,10448,-45,168,-164,-13576,4440,5864,-999,33,-83,-13872,-5068,6816,-492,110,-180,0
890.9794521331787,8424,6568,11412,-119,-9,64,7244,-9412,10384,-49,132,-151,-13732,4344,6100,-999,57,-69,-13660,-5092,6908,-510,127,-147,0
891.0127770900726,8348,6584,11384,-107,15,69,7200,-9384,10296,-15,147,-147,-13504,4288,5916,-991,45,-62,-13820,-5044,6592,-528,111,-158,0
891.0460510253906,8352,6616,11444,-90,-40,86,7132,-9296,10428,-56,150,-153,-13616,4356,6064,-975,25,-55,-13684,-5216,6676,-496,132,-153,0
891.0797529220581,8384,6548,11416,-132,-54,103,7180,-9356,10336,-71,132,-192,-13528,4356,5980,-997,73,-84,-13592,-4880,6788,-497,98,-131,0
891.113410949707,8460,6684,11460,-119,-31,100,6944,-9380,10032,-40,133,-197,-13536,4572,6088,-1002,76,-91,-13704,-5368,6628,-492,158,-173,0
891.1466770172119,8440,6612,11392,-133,-72,66,7208,-9348,10628,-19,116,-206,-13592,4412,6072,-1009,89,-143,-13768,-5032,6688,-521,175,-157,0
891.1801860332489,8580,6580,11392,-126,-78,86,7288,-9352,10108,-31,140,-196,-13752,4520,6116,-1013,81,-106,-13592,-4944,6752,-509,187,-134,0
891.2139840126038,8476,6660,11324,-161,-71,111,7088,-9440,10280,-19,180,-196,-13604,4360,6008,-1000,146,-134,-13788,-5108,6720,-452,210,-78,0
891.2509140968323,8448,6804,11716,-209,-110,160,7192,-9440,10480,2,103,-229,-13800,4224,5976,-990,149,-138,-13736,-5192,6688,-486,233,-27,0
891.2861609458923,8356,6440,11040,-146,-233,189,6960,-9340,10380,-32,103,-250,-13600,4428,5904,-996,172,-154,-13764,-5148,6640,-501,245,-44,0
891.3217520713806,8432,6620,11296,-112,-8,184,7132,-9240,10260,-51,78,-511,-13580,4424,5844,-991,216,-141,-13756,-5132,6616,-500,218,-27,0
891.3576440811157,8408,6516,11116,-145,-226,177,7356,-9396,10432,-51,80,-7,-13488,4224,5848,-961,203,-159,-13800,-5084,6428,-484,206,-21,0
891.3929159641266,8500,6496,11276,-197,-164,165,7276,-9360,10260,12,132,-230,-13576,4344,5968,-778,183,-107,-13984,-5032,6692,-472,199,-39,0
891.4288671016693,8588,6404,11452,-160,-157,174,7196,-9388,10516,-17,94,-214,-13672,4232,5856,-1018,193,-166,-13580,-5080,6688,-519,200,-67,0
891.4638841152191,8504,6616,11324,-200,-171,149,7236,-9352,10428,16,102,-212,-13568,4240,5776,-998,193,-140,-13856,-5112,6744,-462,199,-53,0
891.4990019798279,8520,6624,11348,-219,-205,164,7292,-9344,10424,-29,84,-216,-13620,4388,5952,-1034,232,-156,-13848,-5044,6676,-478,196,-34,0
891.5344541072845,8480,6620,11380,-187,-228,176,7252,-9380,10360,-29,44,-240,-13608,4316,5952,-1019,203,-144,-13780,-5120,6784,-510,199,-83,0
891.5701539516449,8656,6508,11336,-222,-200,155,7248,-9240,10384,16,131,-220,-13588,4548,6084,-1045,157,-130,-13964,-5048,6820,-473,164,-74,0
891.6055769920349,8620,6404,11048,-162,-120,140,7328,-9296,10464,-248,127,-212,-13336,4244,6024,-999,127,-103,-13616,-5092,6620,-448,172,-71,0
891.6412160396576,8464,6504,11448,-222,-136,121,7412,-9348,10336,9,130,-220,-13604,4376,5900,-972,123,-116,-13840,-4928,6660,-468,184,-80,0
891.6775829792023,8516,6556,11364,-196,-112,134,7252,-9328,10336,14,148,-185,-13364,4380,5784,-1028,125,-143,-13824,-5040,6652,-471,134,-92,0
891.7123749256134,8572,6580,11316,-168,-126,144,7224,-9288,10336,7,96,-179,-13540,4320,5856,-769,100,-76,-13772,-4972,6692,-488,132,-106,0
891.7479920387268,8532,6560,11428,-178,-114,153,7248,-9268,10420,-42,90,-170,-13464,4448,5676,-996,139,-117,-13852,-5052,6616,-767,143,-104,0
891.7832391262054,8508,6520,11284,-120,-90,108,7036,-9336,10444,-64,99,-184,-13808,4220,5940,-992,165,-47,-13760,-5008,6584,-527,185,-143,0
891.8186819553375,8500,6496,11300,-132,-57,103,7344,-9264,10248,-11,104,-187,-13680,4296,5996,-1001,104,-90,-13860,-5000,6420,-766,190,-95,0
891.8536310195923,8656,6512,11408,-115,-36,118,7348,-9252,10248,-22,114,-162,-13620,4308,5792,-769,91,-81,-14080,-5044,6540,-500,163,-162,0
891.8895390033722,8528,6556,11356,-139,-50,108,7228,-9276,10380,-27,135,-158,-13584,4380,5948,-970,111,-80,-13788,-4904,6588,-459,120,-153,0
891.9230229854584,8392,6612,11388,-167,-9,78,7268,-9328,10472,-44,142,-169,-13628,4440,5844,-983,70,-42,-13900,-5092,6544,-259,145,-160,0
891.9567589759827,8544,6516,11256,-123,-54,103,7340,-9328,10384,-31,122,-151,-13816,4136,5676,-1008,70,-66,-13820,-5108,6640,-511,152,-162,0
891.9902949333191,8548,6552,11096,-93,247,90,7160,-9300,10332,-58,148,-150,-13364,4300,5996,-996,95,-72,-13880,-5056,6632,-502,132,-151,0
892.0237500667572,8496,6544,11084,-133,-48,86,7320,-9324,10432,-49,154,-166,-13568,4276,6092,-938,82,-83,-14064,-5200,6696,-510,128,-146,0
892.0571999549866,8468,6528,11372,-138,-30,74,7396,-9336,10448,-40,173,-159,-13556,4320,5800,-968,108,-67,-13776,-5088,6640,-494,114,-123,0
892.0907490253448,8508,6544,11356,-141,1,98,7256,-9384,10476,-39,137,-162,-13824,4332,5868,-1275,108,-48,-13856,-4988,6744,-503,139,-125,0
892.1241700649261,8668,6408,11492,-105,-41,87,7168,-9336,10324,-21,140,-142,-13600,4340,6044,-929,33,-62,-13748,-5024,6712,-497,139,-130,0
892.1576960086823,8372,6624,11300,-140,-45,105,7248,-9264,10692,-46,149,-164,-13588,4328,5844,-992,67,-112,-13808,-5076,6800,-504,147,-126,0
892.19123005867,8548,6500,11484,-142,-50,77,7224,-9288,10384,-60,127,-173,-13656,4264,5988,-986,101,-96,-13900,-5108,6476,-512,136,-122,0
892.224771976471,8520,6512,11364,-114,-65,97,7276,-9368,10448,-64,172,-175,-13436,4428,5876,-1006,54,-57,-13856,-5128,6688,-541,138,-160,0
892.2581219673157,8608,6544,11404,-129,-12,84,7220,-9360,10236,-28,95,-162,-13632,4300,5952,-976,8,-79,-13924,-5192,6692,-488,140,-156,0
892.2917151451111,8696,6580,11268,-83,0,83,7304,-9336,10252,12,162,-140,-13612,4360,5840,-1043,64,-49,-14004,-4884,6548,-507,109,-147,0
892.3252811431885,8640,6884,11372,-106,-45,62,7224,-9412,10384,-61,205,-162,-13572,4276,5884,-1002,41,-56,-13912,-5028,6604,-492,136,-149,0
892.3587369918823,8620,6620,11280,-137,19,51,7256,-9312,10356,-21,161,-166,-13612,4216,5968,-979,67,-55,-13888,-5064,6652,-502,117,-136,0
892.3922159671783,8316,6524,11416,-107,-7,66,7352,-9344,10372,-20,143,-163,-13556,4540,5992,-999,63,-48,-14068,-4868,6768,-515,120,-143,0
892.4255809783936,8416,6624,11492,-119,-12,69,7360,-9412,10112,-37,157,-135,-13588,4356,6044,-1004,71,-17,-14028,-4916,6708,-501,97,-146,0
892.4592411518097,8692,6584,11336,-128,-21,98,7260,-9388,10356,-81,139,-144,-13484,4404,6080,-999,79,-54,-13752,-5148,6860,-504,125,-148,0
892.4927871227264,8200,6564,11300,-106,-33,73,6984,-9392,10308,-49,136,-174,-13560,4384,5912,-992,74,-75,-13612,-5120,6696,-475,126,-151,0
892.5261759757996,8480,6820,11292,-133,-50,89,6936,-9384,10284,-8,167,-186,-13824,4336,5976,-1017,93,-108,-13840,-5128,6672,-505,194,-133,0
892.5599241256714,8404,6580,11332,-154,-63,97,6936,-9236,10244,-10,155,-180,-13820,4348,6140,-1045,110,-129,-13760,-5052,6616,-481,173,-109,0
892.5934910774231,8428,6868,11372,-167,-170,123,7208,-9360,10452,22,138,-218,-13588,4496,6104,-1010,162,-105,-13756,-5172,6816,-485,194,-88,0
892.6271150112152,8560,6588,11472,-174,-127,149,7260,-9448,10444,-22,112,-220,-13548,4408,5916,-999,146,-73,-13760,-5120,6692,-495,198,-53,0
892.6605341434479,8464,6536,11368,-119,-205,162,7172,-9380,10336,-45,101,-230,-13632,4284,6128,-1001,170,-160,-13712,-5076,6744,-509,230,-85,0
892.6938850879669,8436,6616,11376,-134,-226,172,7164,-9320,10316,-26,85,-512,-13404,4268,5928,-974,147,-163,-13772,-5096,6496,-484,209,-63,0
892.7274150848389,8516,6636,11372,-176,-213,146,7120,-9216,10336,-65,117,-268,-13324,4464,5928,-958,195,-148,-13708,-5040,6572,-505,191,-56,0
892.7610039710999,8512,6656,11344,-172,-205,142,7360,-9304,10492,-47,117,-242,-13656,4368,5900,-990,159,-119,-13852,-5112,6556,-469,217,-39,0
892.7944650650024,8544,6516,11436,-181,-194,128,7344,-9344,10324,21,118,-231,-13600,4400,5844,-1071,177,-142,-13760,-4984,6732,-478,201,-72,0
892.8277571201324,8524,6496,11304,-172,-174,156,7264,-9336,10420,-55,58,-234,-13360,4328,6044,-1009,159,-163,-13788,-5024,6580,-494,227,-98,0
892.8614420890808,8536,6572,11260,-175,-193,187,7320,-9316,10356,-27,101,-209,-13344,4284,5712,-1041,177,-158,-13760,-5136,6428,-490,219,-68,0
892.8949780464172,8600,6604,11340,-167,-212,163,6916,-9304,10356,-21,59,-225,-13668,4248,5900,-1025,197,-172,-13748,-5020,6784,-498,205,-93,0
892.9323370456696,8472,6592,11428,-192,-207,173,7212,-9252,10304,-34,114,-226,-13644,4324,5988,-1033,192,-164,-13844,-4888,6436,-493,179,-54,0
892.9686670303345,8536,6604,11320,-217,-186,187,7236,-9304,10284,-35,63,-229,-13584,4276,5920,-987,165,-98,-13956,-5100,6656,-768,135,-67,0
893.0046391487122,8516,6564,11492,-171,-175,185,7320,-9280,10368,-16,124,-177,-13656,4352,5764,-994,115,-97,-13856,-5028,6720,-524,162,-90,0
893.0401871204376,8512,6472,11456,-178,-124,144,7352,-9340,10476,2,113,-213,-13600,4252,6088,-1003,145,-95,-13736,-5112,6580,-464,179,-93,0
893.0755131244659,8440,6504,11312,-134,-105,148,7272,-9228,10384,-30,108,-209,-13640,4276,6052,-1008,173,-98,-13708,-5100,6628,-494,155,-98,0
893.1114680767059,8656,6464,11496,-145,-139,94,7392,-9320,10456,-66,140,-197,-13628,4324,5828,-968,94,-95,-13868,-5052,6524,-498,155,-129,0
893.1471929550171,8628,6408,11216,-144,-36,91,7300,-9204,10288,-16,150,-173,-13656,4344,5744,-1270,71,-16,-13912,-4976,6580,-523,78,-152,0
893.1824431419373,8504,6460,11232,-145,63,99,7252,-9316,10344,-8,119,-116,-13592,4196,5996,-978,46,-249,-13792,-5052,6892,-490,69,-158,0
893.2186970710754,8544,6628,11308,-188,47,80,7204,-9344,10404,-17,153,-131,-13648,4596,5720,-989,67,-47,-13776,-5100,6472,-514,101,-137,0
893.2537820339203,8520,6504,11528,-104,-23,75,7284,-9360,10472,-76,136,-151,-13684,4352,5988,-987,49,-68,-13844,-5052,6796,-519,122,-151,0
893.2896959781647,8588,6476,11280,-48,-18,77,7264,-9272,10316,-33,129,-167,-13532,4112,5676,-1033,71,-83,-13804,-5088,6756,-501,153,-170,0
893.324865102768,8548,6500,11340,-102,-43,75,7220,-9356,10388,-28,133,-178,-13776,4576,5852,-995,89,-29,-13816,-5052,6600,-520,155,-163,0
893.3603320121765,8532,6584,11480,-106,-32,89,6912,-9308,10376,-41,109,-161,-13596,4316,5772,-1016,84,-61,-13600,-5192,6908,-260,99,-155,0
893.3959169387817,8560,6532,11360,-88,17,83,7216,-9312,10360,-55,130,-153,-13556,4380,5984,-972,78,-28,-13924,-5028,6788,-522,94,-154,0
893.4357659816742,8524,6584,11328,-117,16,64,7304,-9264,10192,-64,152,-141,-13672,4316,5984,-1016,54,-53,-14052,-4888,6776,-502,138,-163,0
893.4720780849457,8292,6572,11336,-113,-32,76,7312,-9280,10484,-68,229,-131,-13620,4228,5980,-1006,87,-105,-13784,-4900,6572,-261,125,-126,0
893.5082049369812,8252,6640,11392,-129,-51,67,7184,-9276,10468,-77,157,-176,-13620,4200,5824,-993,95,-63,-13828,-5116,6652,-520,141,-145,0
893.5438339710236,8524,6880,11672,-111,-24,63,7272,-9332,10416,-86,148,-174,-13652,4380,6068,-946,39,-49,-13776,-4948,6896,-497,137,-152,0
893.579980134964,8544,6556,11312,-105,-26,56,7240,-9348,10316,-39,175,-151,-13436,4396,5804,-995,65,-52,-13876,-5068,6628,-501,125,-132,0
893.6137239933014,8472,6564,11340,-109,3,71,7200,-9308,10332,-32,156,-168,-13652,4316,5984,-1014,73,-85,-13876,-5036,6784,-506,86,-160,0
893.6469490528107,8408,6588,11392,-127,-33,103,7132,-9300,10492,12,161,-130,-13600,4248,5968,-1016,55,-88,-13580,-5212,6840,-471,130,-159,0
893.6805019378662,8444,6648,11276,-138,-14,80,7244,-9368,10520,-35,154,-167,-13588,4312,6076,-988,77,-80,-13872,-5112,6792,-473,112,-155,0
893.7142701148987,8212,6872,11376,-124,-71,80,7280,-9344,10348,-75,173,-172,-13352,4364,5912,-966,65,-45,-13836,-5104,6580,-513,91,-127,0
893.747584104538,8668,6556,11372,-133,-50,92,7240,-9388,10276,-35,166,-166,-13664,4384,5644,-988,47,-23,-13728,-5104,6648,-764,102,-168,0
893.7812161445618,8500,6528,11276,-177,-66,87,6912,-9356,10400,-23,172,-162,-13520,4116,6024,-980,76,-32,-13808,-5072,6592,-764,102,-144,0
893.8147640228271,8220,6412,11420,-111,-27,88,7216,-9192,10440,-27,179,-149,-13676,4280,6056,-989,55,-88,-13932,-5052,6720,-500,120,-126,0
893.8479080200195,8496,6624,11412,-134,-67,83,7316,-9272,10492,-21,149,-156,-13536,4376,5892,-934,24,-82,-13816,-5052,6720,-481,155,-164,0
893.8814489841461,8512,6556,11416,-132,-40,84,7208,-9432,10360,-58,160,-171,-13620,4292,5792,-1001,77,-96,-13764,-5084,6688,-461,153,-175,0
893.9149799346924,8236,6576,11376,-118,-81,118,7220,-9468,10336,-48,122,-181,-13636,4340,5864,-1047,82,-87,-13728,-5036,6752,-484,164,-145,0
893.94842004776,8472,6584,11308,-144,-61,105,7292,-9344,10428,-50,161,-178,-13628,4332,5904,-962,50,-63,-13756,-5044,6676,-462,86,-147,0
893.9819629192352,8376,6596,11376,-153,-59,90,7120,-9256,10268,-48,207,-179,-13564,4372,5968,-934,48,-94,-13768,-5308,6444,-495,130,-139,0
894.015496969223,8364,6632,11072,-151,-64,78,7308,-9364,10440,-34,159,-171,-13544,4492,5928,-978,63,-100,-13772,-5184,6616,-489,139,-144,0
894.0495080947876,8468,6572,11272,-137,-62,102,7132,-9452,10120,-25,142,-194,-13444,4588,5868,-1057,152,-74,-13696,-5080,6764,-514,186,-94,0
894.0829651355743,8476,6604,11424,-106,-111,104,7248,-9376,10464,7,77,-187,-13528,4364,6004,-1015,111,-75,-13820,-5128,6676,-263,185,-113,0
894.1167619228363,8448,6508,11392,-151,-83,136,7236,-9272,10416,26,119,-174,-13604,4344,6024,-1006,182,-63,-14048,-4964,6992,-483,158,-52,0
894.1496601104736,8616,6408,11472,-203,-103,130,7212,-9468,10208,6,121,-201,-13628,4412,5988,-989,123,-174,-13848,-5136,6788,-498,211,-77,0
894.1962180137634,8436,6636,11380,-146,-221,165,7144,-9332,10392,-6,142,-227,-13360,4500,5720,-982,158,-144,-13788,-5004,6476,-487,170,-75,0
894.2412531375885,8364,6716,11360,-141,-192,135,7200,-9344,10408,-70,113,-196,-13780,4312,6036,-961,144,-115,-13772,-5360,6656,-487,189,-83,0
894.2787201404572,8480,6544,11496,-167,-186,141,7244,-9440,10444,-16,109,-239,-13576,4372,5980,-980,137,-135,-13700,-5084,6704,-451,216,-52,0
894.3123879432678,8512,6660,11276,-198,-148,147,7268,-9420,10456,-2,155,-249,-13396,4112,5844,-1006,140,-117,-13840,-4988,6668,-476,197,-89,0
894.3457770347595,8520,6652,11388,-181,-171,122,7204,-9352,10472,-5,106,-243,-13624,4392,5680,-971,142,-171,-13824,-5092,6684,-489,226,-89,0
894.3791780471802,8504,6596,11348,-208,-193,159,7248,-9376,10316,-24,109,-214,-13592,4324,5984,-978,152,-158,-13940,-5100,6676,-469,215,-80,0
894.412740945816,8508,6548,11356,-215,-214,158,7236,-9080,10348,-19,98,-219,-13672,4228,5788,-769,180,-102,-13756,-5132,6400,-489,210,-76,0
894.446475982666,8592,6560,11340,-156,-184,171,7232,-9332,10360,-17,108,-220,-13528,4240,5872,-1003,150,-103,-13916,-4972,6720,-521,199,-58,0
894.4801161289215,8464,6580,11384,-150,-176,149,7352,-9244,10408,20,88,-198,-13384,4260,6016,-992,136,-110,-13960,-4908,6624,-520,179,-84,0
894.5137541294098,8572,6640,11028,-148,-169,154,7252,-9336,10452,31,79,-204,-13608,4280,5676,-1018,132,-101,-13820,-4988,6656,-467,181,-101,0
894.547404050827,8456,6584,11196,-171,-130,148,7256,-9232,10460,-27,115,-194,-13672,4232,5952,-1017,147,-132,-13868,-5100,6700,-257,158,-96,0
894.5810110569,8528,6540,11364,-167,-129,131,7280,-9388,10304,-29,155,-186,-13788,4256,5828,-984,127,-61,-13736,-4892,6656,-260,167,-97,0
894.6195800304413,8304,6592,11348,-207,-137,115,7288,-9320,10324,-12,132,-222,-13644,4248,5920,-978,127,-136,-13860,-5300,6412,-502,168,-91,0
894.6550691127777,8568,6596,11388,-131,-125,120,7328,-9288,10356,-63,137,-215,-13648,4420,5928,-996,154,-102,-13960,-5144,6660,-496,178,-78,0
894.6906819343567,8560,6508,11460,-158,-168,128,7288,-9332,10376,-42,131,-214,-13672,4284,6088,-951,107,-100,-13876,-5020,6800,-534,183,-143,0
894.7262420654297,8488,6440,11108,-130,-81,117,7328,-9252,10384,-52,153,-164,-13624,4340,6020,-975,84,-60,-13792,-5064,6604,-544,96,-166,0
894.7623801231384,8560,6636,11224,-145,-17,100,7264,-9296,10368,-22,158,-104,-13660,4292,6064,-987,62,-21,-13776,-5088,6624,-514,80,-178,0
894.7976551055908,8432,6600,11248,-188,15,67,7252,-9416,10288,-14,135,-141,-13616,4280,5792,-1015,90,-30,-13584,-5048,6728,-511,123,-155,0
894.8339269161224,8548,6544,11232,-130,-42,104,7332,-9308,10252,-51,174,-143,-13580,4112,5836,-1011,108,-88,-13756,-5064,6688,-535,145,-153,0
894.8694369792938,8624,6572,11512,-98,-75,74,7196,-9216,10340,-27,108,-193,-13376,4288,5788,-982,123,-64,-13800,-5072,6892,-520,180,-148,0
894.9050209522247,8472,6484,11392,-102,-52,78,7276,-9252,10284,-35,111,-196,-13588,4316,5948,-983,110,-92,-13684,-5120,6716,-766,151,-149,0
894.9404311180115,8468,6572,11392,-106,-86,100,7300,-9308,10360,-40,130,-164,-13620,4252,5976,-962,79,-53,-14000,-4976,6680,-490,126,-157,0
894.975615978241,8460,6560,11556,-135,10,88,7252,-9400,10416,-47,133,-149,-13576,4212,5844,-960,71,-58,-13620,-5072,6604,-507,101,-206,0
895.0111291408539,8544,6536,11052,-142,-7,85,7268,-9416,10312,-21,192,-141,-13596,4292,5848,-976,16,-32,-13828,-4872,6748,-519,113,-163,0
895.0475771427155,8476,6600,11396,-97,-2,69,7224,-9464,10320,-36,155,-147,-13484,4416,5804,-1013,71,-27,-14056,-4960,6636,-521,99,-138,0
895.0829999446869,8476,6576,11320,-95,-17,64,7212,-9340,10340,-77,181,-148,-13628,4328,6056,-965,49,-79,-13884,-4888,6632,-529,149,-171,0
895.1186239719391,8464,6504,11368,-133,-21,55,7224,-9320,10492,-53,143,-170,-13628,4308,5944,-987,58,-62,-13620,-5352,6700,-496,147,-135,0
895.1533570289612,8568,6588,11276,-121,-26,82,7224,-9468,10380,-34,181,-156,-13588,4364,5936,-980,75,-88,-13596,-5076,6844,-501,128,-140,0
895.18918800354,8512,6596,11360,-102,-9,79,7276,-9308,10336,-33,155,-148,-13612,4600,6112,-1026,89,-44,-13996,-4892,6792,-759,108,-141,0
895.2239301204681,8480,6640,11464,-103,-36,103,7228,-9344,10356,-6,146,-160,-13804,4580,6096,-1271,88,-58,-13808,-5116,6656,-503,125,-135,0
895.2599360942841,8444,6592,11384,-139,-27,48,7268,-9316,10388,-43,146,-164,-13584,4328,5968,-972,69,-52,-13772,-5192,6536,-502,124,-145,0
895.2937030792236,8472,6556,11364,-120,-31,82,7188,-9424,10408,-60,141,-179,-13652,4272,5940,-965,61,-66,-13592,-5052,6840,-529,103,-156,0
895.3274610042572,8432,6452,11360,-107,-43,101,7192,-9340,10432,-37,195,-155,-13672,4436,6100,-1045,74,-98,-13840,-5200,6676,-537,150,-117,0
895.3610301017761,8288,6644,11464,-140,-47,134,7244,-9320,10076,-33,159,-147,-13796,4596,5772,-1018,103,-58,-14016,-5372,6740,-527,131,-110,0
895.3943409919739,8400,6668,11284,-100,-36,113,7308,-9360,10320,-34,138,-165,-13512,4324,6012,-1016,88,-20,-13776,-5252,6596,-485,131,-135,0
895.4276099205017,8508,6580,11508,-130,-61,98,7308,-9416,10436,-70,137,-177,-13652,4124,5932,-960,80,-98,-13824,-5144,6692,-495,146,-135,0
895.4612100124359,8492,6648,11488,-134,-62,85,7332,-9340,10416,-33,160,-163,-13704,4600,6140,-995,86,-96,-13840,-4940,6600,-492,171,-122,0
895.49476313591,8376,6544,11416,-123,-31,88,7240,-9336,10212,-19,146,-155,-13588,4328,5928,-1002,71,-87,-13828,-5076,6676,-493,133,-146,0
895.5283241271973,8440,6684,11540,-148,-33,93,7232,-9348,10396,-25,220,-144,-13600,4428,5752,-1006,78,-63,-13784,-5052,6676,-480,57,-155,0
895.5618579387665,8356,6552,11372,-138,-65,88,7212,-9396,10344,-44,125,-171,-13572,4300,5952,-972,101,-71,-13772,-4964,6404,-485,117,-178,0
895.5954620838165,8696,6604,11480,-124,-49,106,7228,-9388,10400,-39,134,-171,-13580,4132,6040,-1028,75,-63,-13876,-5156,6664,-504,149,-128,0
895.6290271282196,8380,6596,11504,-138,-53,103,6956,-9332,10240,-18,109,-174,-13328,4204,5652,-773,107,-111,-13776,-5068,6548,-527,181,-127,0
895.6623060703278,8488,6500,11412,-101,-87,121,7124,-9324,10408,-22,95,-194,-13596,4408,5972,-1031,120,-117,-13672,-5176,6756,-501,169,-101,0
895.6956250667572,8488,6564,11460,-147,-106,108,7256,-9404,10424,9,90,-193,-13648,4392,6100,-998,139,-66,-13816,-5024,6776,-468,135,-91,0
895.7292740345001,8404,6656,11352,-154,-62,130,7252,-9464,10456,-23,114,-183,-13636,4332,5704,-1012,93,-73,-13888,-5060,6820,-478,135,-147,0
895.7628960609436,8420,6576,11220,-148,-74,121,7316,-9416,10408,0,155,-160,-13580,4324,5972,-1003,85,-80,-13992,-5264,6656,-478,155,-126,0
895.796718120575,8616,6536,11340,-145,-54,91,7268,-9356,10404,-6,135,-192,-13480,4572,5960,-1027,72,-69,-13860,-5164,6588,-490,131,-137,0
895.8302509784698,8196,6640,11416,-150,-110,87,7328,-9372,10464,-34,153,-167,-13620,4396,5720,-978,63,-88,-13860,-5032,6716,-484,174,-118,0
895.8638579845428,8444,6628,11440,-202,-85,100,7248,-9372,10380,-12,137,-193,-13608,4364,5964,-1011,114,-82,-13792,-5152,6676,-473,162,-111,0
895.8969330787659,8352,6600,11276,-178,-91,124,7288,-9316,10572,-21,147,-214,-13372,4356,5856,-1014,100,-100,-13736,-5096,6764,-465,187,-84,0
895.9305889606476,8700,6504,11592,-160,-139,141,7144,-9420,10432,0,124,-213,-13400,4096,5860,-1014,118,-112,-13856,-5132,6472,-484,200,-66,0
895.9641380310059,8468,6804,11312,-152,-142,129,7176,-9356,10332,-9,133,-223,-13612,4408,6068,-1012,127,-131,-13888,-5092,6744,-480,195,-85,0
895.9979350566864,8520,6532,11364,-179,-139,145,7196,-9272,10464,-11,136,-202,-13372,4416,5928,-999,114,-131,-13580,-5352,6660,-470,185,-78,0
896.0316479206085,8444,6560,11392,-175,-146,138,7420,-9328,10360,-23,124,-217,-13412,4296,5648,-1022,148,-138,-13996,-5376,6724,-469,185,-52,0
896.0653209686279,8660,6860,11496,-169,-159,170,7408,-9040,10472,-42,173,-220,-13592,4372,5880,-1280,178,-142,-13732,-5104,6660,-463,190,-68,0
896.0988991260529,8472,6580,11452,-163,-147,158,7404,-9336,10376,-40,97,-220,-13324,4392,5676,-999,183,-152,-13572,-5152,6412,-470,198,-41,0
896.1328549385071,8480,6628,11260,-201,-147,159,7244,-9432,10328,1,36,-207,-13484,4228,5916,-1042,190,-120,-13992,-5104,6848,-473,194,-58,0
896.1664280891418,8488,6600,11316,-189,-158,132,7168,-9300,10276,-25,116,-231,-13476,4332,6084,-1020,141,-112,-13808,-5368,6796,-462,216,-65,0
896.1999940872192,8472,6440,11392,-182,-183,139,7232,-9268,10472,255,90,-217,-13508,4348,5880,-1011,165,-153,-13708,-5040,6680,-483,208,-105,0
896.2336330413818,8400,6492,11088,-173,-164,139,7304,-9352,10420,-16,124,-246,-13668,4388,5892,-1028,158,-168,-14044,-5180,6684,-450,210,-80,0
896.2696800231934,8556,6560,11396,-199,-140,132,7260,-9352,10484,-40,123,-215,-13664,4348,5948,-986,132,-79,-13844,-5048,6728,-471,142,-63,0
896.3048031330109,8572,6500,11392,-161,-152,125,7360,-9340,10332,-27,123,-199,-13688,4328,5904,-1007,104,-108,-13896,-4992,6724,-500,142,-80,0
896.3402259349823,8532,6584,11512,-186,-122,161,7276,-9392,10736,9,114,-171,-13772,4540,6028,-1059,128,-62,-13572,-5140,6660,-483,150,-97,0
896.3754119873047,8412,6892,11108,-140,-110,157,7416,-9276,10284,-24,92,-198,-13520,4332,6120,-1010,158,-142,-13604,-5164,6668,-489,151,-66,0
896.4111981391907,8228,6480,11300,-175,-121,143,7296,-9280,10352,-28,113,-233,-13504,4316,5992,-981,160,-100,-13760,-4984,6636,-481,199,-70,0
896.4471180438995,8468,6544,11272,-202,-138,133,7216,-9024,10428,-31,105,-203,-13664,4256,5684,-1015,130,-160,-13864,-5072,6716,-482,165,-96,0
896.4821090698242,8484,6592,11220,-166,-133,131,7300,-9400,10336,-18,135,-169,-13804,4148,6132,-975,98,-87,-13676,-4920,6768,-467,121,-133,0
896.5182890892029,8452,6604,11448,-181,-95,110,6912,-9376,10388,-27,132,-191,-13624,4244,5928,-976,111,-73,-13736,-5004,6724,-484,103,-117,0
896.5538320541382,8536,6608,11392,-130,-115,122,7324,-9392,10352,-96,107,-167,-13632,4260,5724,-1002,113,-112,-13816,-5072,6592,-514,167,-132,0
896.5892469882965,8544,6420,11164,-99,-56,73,7300,-9260,10244,-51,147,-181,-13612,4220,5816,-1006,76,-51,-13728,-5012,6580,-487,165,-152,0
896.625009059906,8540,6476,11220,-142,-68,89,7280,-9376,10336,30,123,-177,-13340,4252,5664,-980,113,-81,-13892,-5024,6904,-263,144,-148,0
896.6612191200256,8524,6476,11468,-161,-35,88,7304,-9360,10252,-4,159,-163,-13820,4560,6040,-1009,85,-77,-13872,-4988,6704,-504,146,-135,0
896.6981811523438,8540,6540,11504,-151,-20,103,7280,-9224,10364,-6,127,-168,-13332,4156,6096,-1011,136,-84,-13788,-5060,6676,-480,138,-86,0
896.7342159748077,8552,6516,11340,-108,-73,99,7272,-9336,10388,-30,110,-188,-13668,4304,5832,-1022,78,-89,-13780,-4880,6868,-491,149,-152,0
896.7698719501495,8200,6548,11068,-108,-89,99,7212,-9324,10392,-73,141,-141,-13580,4104,6128,-1278,57,-17,-13692,-5112,6580,-508,88,-144,0
896.8050451278687,8432,6520,11472,-122,-19,69,7260,-9260,10428,-32,172,-118,-13780,4304,6120,-1013,49,-39,-13792,-4992,6616,-768,62,-140,0
896.8403060436249,8496,6588,11448,-133,16,70,7320,-9328,10348,-45,186,-113,-13592,4324,6084,-1008,42,-22,-13820,-5104,6728,-514,103,-170,0
896.8753471374512,8504,6632,11280,-113,-13,89,7236,-9320,10676,-34,135,-157,-13532,4364,5808,-1003,56,-54,-13944,-5004,6684,-768,136,-149,0
896.9104039669037,8436,6536,11044,-127,-56,94,7224,-9340,10340,-58,137,-181,-13668,4304,6044,-982,67,-71,-14060,-5072,6624,-482,157,-151,0
896.9458301067352,8452,6560,11352,-102,-52,84,7284,-9264,10252,-47,130,-201,-13628,4376,5804,-990,95,-86,-13604,-5132,6632,-516,124,-151,0
896.979434967041,8664,6544,11324,-96,-43,94,7212,-9276,10400,-46,105,-180,-13620,4300,6064,-991,63,-129,-13860,-5080,6632,-508,155,-157,0
897.0130951404572,8700,6520,11480,-98,-46,74,7332,-9380,10376,-33,189,-162,-13636,4316,5896,-1016,42,-115,-13680,-5192,6776,-258,149,-185,0
897.0464870929718,8592,6624,11368,-101,-42,41,7320,-9328,10432,-40,147,-161,-13492,4424,5856,-991,65,-109,-13864,-5232,6832,-496,125,-170,0
897.0799469947815,8260,6592,11628,-152,-23,83,7276,-9448,10276,-47,173,-168,-13580,4260,5972,-1002,84,-37,-13824,-5156,6876,-505,99,-127,0
897.1137049198151,8472,6612,11380,-139,-33,99,7248,-9424,10260,-47,129,-157,-13680,4464,6100,-990,80,-21,-13740,-5044,6600,-533,100,-134,0
897.1473300457001,8504,6532,11308,-150,-29,124,7284,-9428,10608,-16,153,-154,-13316,4372,6024,-1003,87,-57,-13708,-5120,6772,-502,132,-154,0
897.1812009811401,8352,6580,11524,-133,-59,108,7124,-9296,10464,-35,163,-167,-13456,4116,5748,-1008,108,-56,-13828,-5104,6640,-510,121,-131,0
897.2147619724274,8212,6576,11324,-111,-97,78,7244,-9348,10348,-92,177,-181,-13772,4312,6108,-995,93,-103,-13820,-5044,6760,-496,157,-139,0
897.2485330104828,8220,6492,11308,-115,-59,85,7212,-9340,10368,-6,145,-195,-13536,4532,6112,-1017,100,-89,-14032,-5124,6884,-493,153,-128,0
897.2821049690247,8660,6572,11400,-139,-15,94,7228,-9452,10416,-39,141,-163,-13624,4592,6028,-987,44,-40,-13756,-5016,6900,-491,127,-96,0
897.31547498703,8416,6576,11400,-141,-47,87,6992,-9384,10400,-6,164,-157,-13516,4312,6100,-1023,77,-69,-14048,-4888,6716,-484,89,-155,0
897.349151134491,8504,6568,11576,-129,-61,92,7240,-9328,10692,-64,166,-180,-13548,4268,5796,-967,86,-58,-13808,-4872,6560,-500,153,-134,0
897.3825509548187,8684,6564,11288,-133,-91,115,7280,-9360,10284,-63,120,-183,-13320,4524,6096,-992,56,-135,-13724,-5164,6860,-504,137,-129,0
897.4158120155334,8476,6908,11460,-139,-91,102,7232,-9292,10360,-13,122,-172,-13576,4328,5884,-1000,101,-112,-13788,-5064,6628,-493,162,-120,0
897.4494421482086,8500,6540,11348,-131,-79,129,7240,-9412,10336,-24,131,-190,-13536,4372,6048,-996,108,-69,-13792,-5116,6800,-504,155,-103,0
897.4829580783844,8204,6536,11352,-127,-113,106,7200,-9296,10280,-39,135,-196,-13320,4540,6180,-981,90,-80,-14032,-4972,6672,-501,169,-100,0
897.5162351131439,8340,6648,11024,-128,-72,93,7400,-9364,10448,-53,130,-196,-13568,4404,5988,-979,116,-116,-13712,-4900,6668,-259,165,-121,0
897.5499250888824,8488,6420,11344,-116,-93,93,7272,-9252,10400,-40,135,-189,-13348,4152,5644,-988,105,-127,-13800,-4892,6692,-753,160,-121,0
897.5835111141205,8200,6404,11276,-121,-94,113,7060,-9396,10388,-44,106,-179,-13616,4392,6076,-1003,104,-89,-13740,-5224,6600,-508,133,-140,0
897.617222070694,8444,6672,11372,-123,-109,112,7256,-9376,10476,-40,122,-183,-13512,4272,5968,-924,87,-62,-13656,-5124,6672,-480,147,-90,0
897.6505410671234,8556,6404,11544,-153,-71,124,7320,-9432,10444,-52,116,-145,-13380,4096,5968,-980,119,-63,-13764,-5120,6736,-492,136,-97,0
897.6841599941254,8436,6616,11456,-189,-81,118,7304,-9424,10744,-9,88,-184,-13796,4420,5636,-984,160,-80,-13756,-5176,6756,-486,149,-107,0
897.7176649570465,8360,6548,11420,-177,-95,146,7216,-9340,10412,-12,146,-201,-13552,4368,5868,-769,137,-139,-13820,-5044,6672,-442,204,-78,0
897.750981092453,8192,6628,11484,-175,-193,128,7156,-9396,10464,5,133,-225,-13672,4300,5956,-769,127,-167,-13844,-5156,6608,-495,221,-88,0
897.7844030857086,8644,6636,11364,-161,-169,140,7220,-9436,10408,-36,146,-227,-13752,4344,6056,-980,138,-120,-13844,-5112,6748,-519,222,-85,0
897.8179159164429,8472,6840,11508,-125,-220,129,7276,-9288,10412,-34,125,-252,-13584,4336,5940,-985,152,-96,-13736,-5000,6668,-762,191,-86,0
897.8514461517334,8692,6540,11380,-150,-213,143,7148,-9288,10456,-39,130,-253,-13528,4336,5936,-970,146,-150,-13748,-5148,6704,-495,208,-81,0
897.8849251270294,8680,6528,11360,-194,-198,169,6924,-9260,10624,-37,131,-229,-13528,4248,5840,-969,152,-153,-13864,-5052,6760,-471,183,-25,0
897.9181990623474,8484,6564,11028,-165,-148,145,7268,-9404,10400,-72,119,-223,-13612,4388,6132,-1015,153,-63,-13824,-4876,6672,-455,174,-69,0
897.9539279937744,8512,6500,11308,-199,-170,153,7324,-9452,10404,-20,126,-244,-13680,4340,5808,-1002,149,-144,-13876,-5220,6664,-488,202,-71,0
897.9896810054779,8584,6476,11400,-197,-192,156,7188,-9348,10384,-12,105,-234,-13644,4316,5984,-1007,151,-104,-13792,-4876,6740,-480,192,-70,0
898.0248320102692,8488,6604,11348,-168,-148,142,7212,-9340,10328,-54,125,-240,-13592,4544,6068,-1002,151,-161,-14068,-5088,6728,-490,213,-83,0
898.0601029396057,8672,6420,11292,-194,-159,144,7280,-9340,10428,-25,129,-213,-13576,4128,5688,-1014,152,-110,-13984,-4932,6832,-460,178,-59,0
898.0953850746155,8576,6568,11300,-157,-125,141,7400,-9292,10392,-6,133,-141,-13768,4372,5804,-1008,91,-68,-13920,-4980,6596,-481,149,-101,0
898.1306591033936,8504,6612,11316,-170,-70,142,7208,-9388,10316,-8,116,-152,-13460,4272,5960,-1017,144,-65,-13760,-5160,6804,-504,87,-96,0
898.1659610271454,8228,6556,11336,-185,-86,119,7236,-9388,10368,-24,137,-182,-13812,4280,6120,-990,96,-119,-13704,-4880,6644,-502,172,-86,0
898.2018330097198,8700,6596,11276,-130,-146,108,7260,-9364,10320,-31,134,-198,-13316,4388,5932,-1032,122,-158,-13732,-5004,6664,-496,203,-116,0
898.2381811141968,8476,6536,11684,-167,-140,128,7040,-9704,10392,11,125,-266,-13332,4228,5840,-967,131,-129,-14024,-5084,6856,-492,218,-149,0
898.2736129760742,8384,6608,11488,-143,-98,103,7280,-9316,10344,-48,115,-198,-13816,4320,5632,-999,110,-128,-13840,-5004,6668,-491,168,-115,0
898.3096640110016,8696,6484,11340,-126,-111,101,7272,-9272,10420,-59,164,-180,-13576,4380,5932,-976,119,-74,-13876,-4984,6516,-765,142,-129,0
898.344789981842,8640,6492,11396,-149,-15,77,7248,-9296,10348,-20,141,-156,-13600,4332,5748,-1015,84,-61,-13860,-5032,6532,-501,147,-133,0
898.3802280426025,8588,6528,11496,-154,-44,101,7264,-9380,10316,-20,151,-164,-13596,4376,5916,-989,78,-35,-13764,-5124,6444,-494,132,-134,0
898.4155120849609,8572,6632,11280,-136,-63,108,7204,-9288,10708,-39,113,-147,-13692,4252,5724,-992,93,-80,-13908,-5116,6664,-517,160,-93,0
898.453418970108,8576,6640,11332,-133,-78,95,7236,-9320,10452,-39,118,-182,-13624,4324,6072,-986,79,-73,-13600,-5344,6732,-502,148,-115,0
898.4896640777588,8388,6504,11316,-154,-54,92,7356,-9292,10356,-24,173,-179,-13548,4392,5760,-1010,103,-67,-13776,-5136,6712,-494,176,-108,0
898.5251441001892,8548,6584,11364,-94,-79,98,7276,-9296,10320,-24,148,-173,-13604,4452,5840,-997,73,-65,-13856,-4872,6896,-507,124,-133,0
898.5608661174774,8484,6552,11240,-94,-41,83,7204,-9360,10416,-24,121,-177,-13544,4296,6000,-992,95,-61,-13820,-5092,6664,-523,108,-168,0
898.5959689617157,8472,6556,11388,-108,-32,85,7276,-9304,10332,-29,131,-163,-13568,4144,5776,-1016,63,-30,-13828,-5108,6752,-534,154,-143,0
898.6317751407623,8568,6600,11232,-114,-42,73,7332,-9284,10436,-47,168,-167,-13632,4232,5700,-990,68,-67,-13856,-5064,6712,-497,116,-158,0
898.6653060913086,8536,6592,11340,-100,-67,68,7312,-9312,10412,-76,175,-156,-13656,4384,5928,-968,53,-79,-13904,-5008,6748,-516,134,-133,0
898.6989591121674,8516,6544,11360,-118,-43,82,7404,-9356,10412,-11,139,-163,-13712,4288,5888,-1071,65,-77,-13824,-5032,6720,-517,126,-129,0
898.7325229644775,8612,6616,11384,-83,-71,120,7084,-9368,10432,-246,164,-148,-13464,4220,5864,-1004,107,-62,-13772,-5128,6612,-507,91,-133,0
898.7660410404205,8700,6408,11440,-88,-68,89,7276,-9324,10464,-97,134,-188,-13576,4336,5860,-1030,78,-72,-13720,-5116,6668,-264,110,-141,0
898.7999680042267,8280,6516,11284,-115,-86,35,7288,-9420,10180,-31,145,-187,-13592,4400,5972,-979,48,-38,-13752,-5016,6588,-501,82,-165,0
898.8336179256439,8568,6584,11248,-75,-48,75,7220,-9452,10260,-57,176,-149,-13592,4428,5932,-928,7,-51,-13680,-5140,6696,-499,80,-150,0
898.8673460483551,8512,6692,11372,-36,-27,83,7172,-9332,10376,-16,135,-122,-13516,4588,5644,-1015,41,-61,-13852,-5048,6704,-530,73,-169,0
898.9006500244141,8532,6612,11372,-94,-38,77,7212,-9272,10472,-79,146,-131,-13496,4332,5768,-954,74,-98,-13580,-5244,6756,-485,105,-143,0
898.9340720176697,8700,6556,11328,-116,-64,65,7184,-9432,10344,-86,162,-146,-13572,4324,6016,-979,70,-97,-14040,-5104,6692,-508,142,-147,0
898.9677510261536,8412,6544,11432,-116,-50,81,7292,-9416,10440,-69,129,-200,-13464,4284,6036,-989,61,-96,-13724,-5348,6892,-528,186,-146,0
899.0013611316681,8364,6532,11212,-77,-62,70,7208,-9292,10100,-30,183,-199,-13500,4368,5956,-998,90,-99,-13804,-5352,6848,-263,154,-137,0
899.0348670482635,8416,6672,11508,-92,-83,98,7204,-9388,10388,-63,130,-208,-13488,4588,5716,-999,87,-73,-13612,-5132,6744,-511,144,-152,0
899.0685091018677,8476,6520,11304,-129,-25,77,7348,-9384,10268,-22,139,-194,-13696,4388,6128,-998,104,-95,-13724,-5244,6784,-489,131,-105,0
899.1021640300751,8512,6844,11488,-134,-40,97,7216,-9296,10224,-39,161,-135,-13812,4424,5788,-1278,52,-95,-13760,-5164,6796,-512,140,-120,0
899.1355500221252,8252,6848,11340,-140,-78,102,7220,-9344,10368,-252,142,-159,-13492,4276,5952,-999,57,-79,-13572,-5136,6760,-479,146,-107,0
899.1693389415741,8244,6652,11396,-166,-91,99,7164,-9328,10356,-29,141,-178,-13812,4292,5928,-1033,99,-58,-13696,-5148,6700,-475,177,-91,0
899.2026131153107,8700,6556,11384,-173,-97,109,7248,-9708,10472,-22,149,-211,-13656,4444,6000,-1003,114,-96,-14032,-4872,6840,-485,144,-78,0
899.2368409633636,8460,6688,11420,-169,-123,106,7232,-9408,10368,250,156,-215,-13772,4332,6080,-998,95,-93,-13772,-5184,6504,-497,151,-118,0
899.2701549530029,8420,6624,11456,-130,-50,112,7236,-9340,10320,-45,143,-185,-13816,4332,5828,-964,95,-80,-13744,-5136,6728,-499,150,-129,0
899.303729057312,8544,6616,11496,-174,-92,108,7176,-9280,10408,-5,142,-178,-13588,4572,5780,-986,118,-117,-13864,-5068,6716,-461,149,-119,0
899.3374109268188,8400,6616,11420,-174,-89,118,7284,-9368,10400,-21,119,-177,-13536,4372,6124,-1011,119,-88,-13832,-5040,6612,-488,177,-121,0
899.370768070221,8508,6588,11428,-159,-55,108,7300,-9008,10668,254,91,-175,-13608,4268,6088,-937,123,-62,-13784,-5172,6748,-525,148,-108,0
899.4039499759674,8464,6588,11420,-149,-69,125,7236,-9340,10392,-61,142,-166,-13600,4512,5740,-981,123,-44,-13884,-5128,6592,-500,129,-119,0
899.4376740455627,8400,6584,11340,-174,-64,121,6960,-9504,10388,252,126,-149,-13624,4176,6020,-1275,82,-81,-13576,-5340,6612,-518,151,-126,0
899.471302986145,8376,6676,11408,-167,-79,112,7232,-9316,10356,249,148,-156,-13800,4280,6052,-1021,91,-117,-13684,-5176,6700,-494,141,-124,0
899.5048289299011,8484,6400,11440,-121,-42,108,7176,-9380,10484,-33,151,-176,-13624,4332,6224,-981,82,-86,-13800,-5192,6692,-504,173,-113,0
899.5384230613708,8564,6900,11124,-145,-68,84,7336,-9448,10560,6,155,-188,-13696,4312,5812,-956,85,-44,-13652,-5336,6696,-493,158,-102,0
899.5718851089478,8576,6588,11260,-162,-38,132,7248,-9376,10284,-6,184,-170,-13600,4304,5972,-990,103,-55,-13736,-5140,6716,-473,166,-89,0
899.6056220531464,8424,6644,11328,-164,-67,129,7220,-9464,10456,-247,163,-178,-13756,4448,5852,-1018,125,-76,-13724,-4868,6748,-458,136,-81,0
899.6423020362854,8244,6656,11544,-225,-122,122,7156,-9472,10540,-2,162,-201,-13624,4552,6096,-1061,132,-131,-13776,-5156,6768,-470,201,-94,0
899.6775150299072,8228,6700,11480,-178,-173,152,7140,-9360,10320,-27,157,-219,-13544,4528,6104,-957,148,-116,-13736,-5104,6684,-508,193,-86,0
899.7128310203552,8360,6616,11432,-192,-207,137,7196,-9308,10228,11,138,-238,-13748,4580,5908,-984,156,-131,-13784,-5004,6808,-495,236,-70,0
899.748232126236,8384,6616,11320,-184,-166,162,7164,-9344,10328,-37,79,-247,-13484,4296,5796,-982,196,-136,-13756,-5188,6468,-264,245,-55,0
899.7833769321442,8532,6600,11456,-211,-202,182,7004,-9384,10404,245,95,-247,-13568,4364,5936,-982,170,-189,-13828,-5064,6512,-258,223,-54,0
899.8192949295044,8620,6404,11364,-194,-178,180,7092,-9408,10436,-40,92,-226,-13652,4132,5980,-1008,153,-133,-13828,-5028,6600,-486,204,-63,0
899.8544750213623,8600,6580,11300,-179,-177,180,7352,-9280,10476,-3,58,-222,-13768,4212,5672,-1024,157,-179,-13580,-4888,6724,-479,219,-48,0
899.890172958374,8604,6568,11320,-159,-177,186,7320,-9352,10208,-19,112,-218,-13340,4284,5800,-971,184,-88,-13764,-5092,6632,-481,175,-79,0
899.9255509376526,8488,6596,11276,-184,-147,156,7016,-9248,10280,-25,110,-225,-13520,4276,5836,-997,128,-130,-13948,-5036,6504,-461,156,-73,0
899.960813999176,8504,6532,11216,-155,-137,98,7300,-9356,10392,-30,120,-196,-13560,4552,5900,-995,94,-90,-13864,-5032,6700,-475,173,-100,0
899.9961709976196,8588,6568,11284,-164,-106,116,7184,-9396,10300,-37,155,-178,-13500,4240,5784,-1014,113,-125,-13764,-4936,6652,-485,150,-101,0
900.0319340229034,8500,6592,11144,-133,-72,94,7252,-9380,10420,-13,108,-192,-13812,4592,5892,-1013,106,-75,-13572,-5032,6636,-519,160,-137,0
900.0677759647369,8388,6556,11224,-117,-86,131,7232,-9248,10488,-51,135,-174,-13588,4328,5676,-997,81,-83,-13784,-4976,6692,-513,156,-158,0
900.1027319431305,8488,6584,11392,-125,-17,94,7220,-9448,10276,-64,120,-164,-13332,4348,5932,-1002,82,-56,-13816,-5152,6676,-519,145,-165,0
900.1385810375214,8500,6476,11372,-144,-31,97,7360,-9320,10380,-41,170,-152,-13820,4256,5832,-998,57,-53,-13736,-5080,6836,-505,126,-150,0
900.1737151145935,8484,6804,11416,-163,-15,98,7268,-9660,10440,-7,156,-136,-13700,4296,6068,-1033,35,-85,-13852,-5168,6796,-511,127,-140,0
900.2091569900513,8448,6616,11436,-129,-58,110,7224,-9376,10396,4,138,-168,-13600,4252,6068,-1021,67,-65,-13764,-5224,6744,-501,116,-156,0
900.2440359592438,8696,6616,11440,-114,-47,91,7256,-9428,10388,-111,176,-190,-13464,4324,5780,-980,60,-74,-13760,-5024,6456,-493,116,-143,0
900.2817549705505,8516,6612,11316,-126,-52,60,7280,-9260,10380,-43,145,-173,-13500,4308,5964,-979,70,-57,-13832,-4956,6888,-483,120,-152,0
900.3153910636902,8508,6488,11128,-96,-36,107,7328,-9204,10388,-31,156,-132,-13496,4424,6124,-1010,60,-254,-13764,-5124,6576,-497,96,-144,0
900.3488581180573,8492,6564,11392,-122,30,79,7252,-9292,10408,-39,132,-116,-13564,4320,5956,-988,35,-30,-13764,-4972,6664,-758,65,-152,0
900.3823039531708,8444,6560,11364,-145,-25,77,7276,-9344,10336,-50,157,-119,-13516,4100,5900,-1001,64,-68,-13904,-5060,6772,-509,76,-127,0
900.4157249927521,8516,6556,11292,-94,-23,76,7224,-9360,10460,-67,126,-151,-13572,4284,6056,-991,76,-33,-13752,-5120,6788,-260,156,-143,0
900.4491620063782,8416,6572,11416,-113,-69,94,7368,-9408,10348,-8,110,-167,-13476,4360,5928,-1008,68,-76,-13608,-5116,6728,-525,161,-112,0
900.4826159477234,8440,6568,11208,-49,-42,83,7188,-9368,10280,-30,126,-169,-13800,4380,5952,-770,121,-67,-13984,-5064,6700,-258,168,-131,0
900.5161280632019,8476,6604,11728,-92,-75,106,7240,-9336,10360,-37,122,-205,-13576,4480,6024,-1002,94,-92,-14048,-5032,6556,-504,119,-117,0
900.5497279167175,8496,6560,11472,-127,-28,71,7168,-9356,10412,-45,139,-166,-13588,4320,5664,-981,89,-121,-13612,-5140,6828,-501,130,-163,0
900.583328962326,8456,6576,11496,-113,-55,82,7260,-9284,10388,-32,143,-172,-13520,4380,6012,-1015,70,-109,-13584,-5100,6588,-506,146,-126,0
900.6169979572296,8576,6672,11688,-130,-33,71,7288,-9448,10428,-60,150,-162,-13820,4116,6148,-1274,74,-57,-13980,-4876,6868,-501,127,-168,0
900.6500470638275,8436,6644,11372,-100,-57,105,7300,-9352,10312,-62,134,-186,-13560,4284,6040,-995,89,-67,-13812,-5080,6788,-482,113,-123,0
900.6836140155792,8632,6496,11392,-118,-73,84,7312,-9356,10348,-89,145,-153,-13592,4380,5984,-1030,72,-117,-13784,-5316,6420,-485,132,-137,0
900.7173719406128,8248,6596,11324,-146,-83,93,7296,-9316,10404,7,131,-165,-13480,4448,5936,-997,96,-130,-13864,-5140,6704,-471,175,-107,0
900.7507951259612,8344,6652,11256,-127,-42,115,7220,-9224,10444,-22,116,-162,-13564,4384,6028,-1002,90,-116,-13764,-5116,6688,-508,169,-121,0
900.7844150066376,8492,6880,11332,-120,-87,107,7192,-9400,10360,-42,146,-214,-13668,4332,5964,-1006,73,-114,-13820,-5164,6708,-482,163,-108,0
900.818062067032,8476,6592,11420,-152,-92,126,7228,-9240,10292,-10,143,-195,-13816,4268,5924,-963,126,-50,-13880,-5180,6696,-465,135,-74,0
900.8514411449432,8416,6628,11320,-157,-54,118,7244,-9280,10268,-16,122,-136,-13644,4308,5644,-996,129,-55,-13736,-5140,6668,-492,140,-90,0
900.8848090171814,8424,6632,11388,-173,-78,150,7216,-9408,10364,-14,160,-162,-13524,4252,6004,-990,120,-82,-13752,-5076,6720,-494,162,-80,0
900.9184639453888,8348,6692,11336,-188,-142,162,7140,-9372,10376,-40,126,-192,-13504,4252,6120,-985,109,-167,-13764,-5108,6728,-501,212,-74,0
900.9518630504608,8396,6660,11748,-135,-193,135,7060,-9420,10548,-54,100,-249,-13336,4096,5872,-993,165,-110,-13756,-5108,6756,-512,220,-72,0
900.9854431152344,8360,6540,11288,-121,-174,147,7164,-9380,10276,-32,110,-249,-13512,4472,5916,-995,178,-133,-13716,-5060,6660,-505,231,-43,0
901.0190019607544,8252,6516,11012,-167,-154,152,7172,-9460,10420,-5,73,-242,-13588,4336,5996,-983,213,-160,-13696,-5108,6808,-485,228,-28,0
901.0523951053619,8520,6480,11328,-200,-186,160,7240,-9296,10264,250,102,-225,-13612,4356,5888,-1010,184,-199,-13580,-5104,6908,-444,206,-65,0
901.0858540534972,8536,6580,11408,-209,-185,153,7292,-9372,10292,-37,131,-210,-13668,4312,5772,-980,157,-138,-13952,-5068,6440,-489,190,-38,0
901.1194410324096,8612,6632,11424,-177,-149,137,7172,-9304,10472,-8,113,-233,-13552,4284,5916,-976,138,-128,-13856,-5088,6564,-490,224,-89,0
901.1526679992676,8536,6672,11348,-160,-183,143,7240,-9348,10252,-13,135,-205,-13608,4240,5972,-1002,160,-139,-13928,-5004,6572,-482,194,-79,0
901.1863751411438,8500,6568,11076,-172,-182,126,7200,-9320,10440,-254,130,-216,-13612,4268,5868,-990,132,-124,-13608,-5248,6548,-471,206,-73,0
901.2200710773468,8596,6484,11360,-177,-147,153,7184,-9340,10368,-24,118,-202,-13604,4348,5832,-1015,152,-135,-13776,-5156,6580,-502,179,-61,0
901.2537591457368,8484,6596,11420,-187,-130,140,7176,-9340,10364,3,119,-211,-13560,4316,5828,-1270,132,-156,-13704,-5104,6656,-471,172,-69,0
901.2874479293824,8516,6500,11320,-171,-148,170,7300,-9260,10412,-43,150,-202,-13820,4344,5668,-1276,129,-112,-13740,-5192,6496,-459,166,-89,0
901.324366092682,8512,6568,11328,-189,-134,138,7168,-9316,10300,-40,122,-217,-13580,4328,5788,-1009,142,-61,-13836,-5376,6708,-497,179,-36,0
901.3601651191711,8488,6612,11296,-139,-121,150,7148,-9340,10376,-39,125,-214,-13636,4336,5920,-987,131,-141,-13784,-4944,6740,-503,178,-77,0
901.3959600925446,8628,6592,11280,-147,-130,141,6956,-9328,10284,-39,106,-172,-13588,4276,5876,-983,143,-90,-13784,-5048,6712,-508,174,-101,0
901.4313869476318,8544,6472,11268,-148,-90,112,7276,-9300,10396,-21,118,-197,-13544,4260,5692,-1006,143,-114,-13576,-5048,6472,-477,147,-110,0
901.467565059662,8520,6608,11312,-148,-87,133,7232,-9300,10452,-48,94,-168,-13508,4324,5720,-991,130,-106,-13624,-5064,6752,-486,172,-97,0
901.5030009746552,8524,6424,11292,-153,-78,101,7260,-9260,10280,-35,104,-187,-13608,4328,5964,-969,130,-74,-13792,-5048,6684,-512,148,-141,0
901.5381100177764,8648,6560,11316,-134,-72,110,7372,-9384,10240,-20,146,-196,-13800,4320,6116,-1005,96,-101,-13728,-4952,6404,-522,164,-138,0
901.57372713089,8580,6556,11356,-100,-31,91,7304,-9320,10444,-20,146,-168,-13508,4300,5952,-988,96,-61,-13792,-5152,6712,-490,176,-136,0
901.6095860004424,8520,6560,11036,-152,-71,95,7336,-9256,10448,-59,140,-173,-13612,4416,6000,-990,97,-64,-13864,-5016,6884,-499,113,-148,0
901.6449730396272,8560,6432,11144,-82,-9,72,7324,-9424,10292,-44,165,-155,-13700,4116,5960,-1275,50,-42,-13796,-5072,6624,-766,98,-171,0
901.6810390949248,8476,6504,11352,-125,-21,60,7272,-9372,10384,-4,150,-135,-13564,4300,5972,-1273,28,-26,-13688,-4920,6412,-505,99,-164,0
901.7172820568084,8232,6656,11408,-98,15,67,6928,-9324,10336,-55,167,-169,-13652,4356,6084,-976,62,-37,-13812,-5164,6732,-511,89,-174,0
901.751878976822,8520,6576,11324,-139,-42,72,7304,-9292,10372,-53,182,-161,-13644,4360,5904,-973,70,-59,-13992,-4992,6844,-491,162,-141,0
901.7874100208284,8492,6512,11364,-95,-56,71,7204,-9388,10388,-25,151,-141,-13588,4348,5796,-1036,68,-52,-13796,-5084,6544,-500,93,-142,0
901.8228659629822,8324,6608,11392,-90,-38,101,7280,-9256,10256,-16,150,-121,-13616,4124,5928,-982,42,-65,-13680,-5136,6824,-541,66,-169,0
901.8586311340332,8380,6556,11388,-96,-32,36,7112,-9440,10264,-66,173,-140,-13804,4132,6132,-1001,16,-42,-13952,-5256,6628,-521,79,-159,0
901.8938109874724,8476,6600,11312,-62,-21,50,7220,-9400,10332,-54,148,-157,-13804,4376,5800,-999,20,-95,-13860,-4964,6436,-755,140,-166,0
901.929407119751,8500,6496,11180,-62,-22,72,7208,-9300,10380,-16,159,-144,-13448,4372,5860,-774,48,-71,-13852,-4872,6756,-766,143,-173,0
901.9666590690612,8512,6716,11332,-63,-75,63,7180,-9360,10468,-66,148,-180,-13628,4316,6012,-989,41,-110,-13820,-5056,6640,-538,130,-129,0
901.9998519420624,8376,6696,11328,-37,-54,71,7364,-9256,10412,-76,119,-185,-13820,4480,6088,-1016,87,-130,-13808,-5060,6432,-507,142,-150,0
902.0334160327911,8692,6612,11020,-88,-57,60,7396,-9300,10248,-39,134,-175,-13792,4588,6024,-1014,62,-42,-13644,-5348,6844,-767,121,-151,0
902.0670170783995,8568,6868,11492,-72,-39,66,7212,-9348,10504,-51,121,-160,-13548,4336,6028,-1018,44,-30,-13764,-5324,6576,-522,121,-191,0
902.1006150245668,8220,6648,11136,-104,-31,71,7200,-9336,10460,-78,177,-135,-13580,4252,5964,-998,52,-61,-13732,-5328,6720,-544,128,-149,0
902.1337110996246,8680,6872,11152,-104,-40,88,7192,-9276,10468,-83,164,-144,-13332,4324,5928,-986,61,-67,-13788,-5368,6800,-518,92,-187,0
902.167083978653,8400,6644,11364,-137,-32,79,7172,-9336,10408,-45,196,-155,-13492,4344,5944,-1004,75,-96,-13764,-5372,6460,-463,97,-129,0
902.2004721164703,8484,6672,11376,-140,-52,88,6924,-9368,10708,-11,156,-170,-13480,4400,6124,-1020,67,-59,-13792,-5208,6844,-265,162,-124,0
902.2340960502623,8456,6568,11312,-112,-54,101,6952,-9372,10264,-34,141,-193,-13336,4344,5896,-1010,122,-78,-13760,-5200,6832,-523,194,-110,0
902.2675960063934,8636,6892,11032,-130,-104,108,7160,-9424,10408,-27,109,-202,-13552,4364,6028,-996,122,-101,-13776,-5104,6568,-498,184,-92,0
902.3012599945068,8576,6696,11516,-144,-88,124,7132,-9344,10344,-52,127,-186,-13544,4528,5960,-977,119,-107,-13856,-5156,6728,-495,154,-115,0
902.3346250057219,8200,6580,11352,-112,-77,107,7264,-9416,10476,-91,139,-166,-13596,4564,6132,-984,96,-83,-13832,-5068,6628,-514,126,-130,0
902.3684499263763,8444,6600,11344,-155,-54,105,7268,-9384,10260,-31,146,-155,-13668,4352,5992,-1004,58,-37,-13840,-5212,6732,-490,128,-109,0
902.4019060134888,8408,6452,11308,-135,-53,111,7328,-9400,10396,-21,138,-153,-13552,4404,6096,-1003,90,-58,-13736,-5144,6732,-493,91,-160,0
902.4354550838472,8452,6792,11392,-149,-50,102,7244,-9320,10324,-61,155,-160,-13632,4300,5908,-941,92,-19,-13756,-5344,6716,-476,122,-131,0
902.4692130088806,8452,6656,11360,-183,-27,74,7184,-9440,10296,-28,163,-195,-13600,4456,5964,-997,90,-98,-13876,-5072,6832,-476,150,-99,0
902.5024800300598,8516,6584,11208,-197,-40,113,7012,-9360,10244,5,152,-181,-13600,4572,6140,-1278,148,-116,-13756,-5160,6768,-458,178,-113,0
902.5359909534454,8388,6740,11416,-162,-62,137,7260,-9336,10428,252,177,-156,-13544,4280,5948,-981,114,-98,-13724,-5232,6704,-473,122,-91,0
902.5695869922638,8408,6680,11436,-211,-69,118,7208,-9424,10504,-22,204,-187,-13524,4336,6152,-942,89,-46,-13620,-5156,6700,-472,177,-94,0
902.603119134903,8436,6756,11544,-200,-117,138,6940,-9400,10404,-20,131,-201,-13788,4476,6072,-960,177,-92,-13796,-5052,6444,-480,199,-76,0
902.636577129364,8368,6608,11424,-236,-126,150,7164,-9316,10352,-17,137,-214,-13516,4432,6072,-1016,185,-171,-13716,-5376,6464,-479,232,-56,0
902.6700811386108,8340,6612,11284,-157,-147,150,7184,-9324,10360,-12,98,-249,-13496,4344,5912,-996,167,-166,-13572,-5060,6852,-761,200,-49,0
902.7037291526794,8400,6608,11320,-208,-173,139,7220,-9324,10320,-13,101,-256,-13592,4344,5996,-967,215,-141,-13864,-4976,6668,-474,223,-17,0
902.7374110221864,8680,6576,11508,-247,-187,175,7304,-9336,10360,8,98,-244,-13652,4428,5816,-1012,184,-111,-13820,-5156,6672,-475,199,-28,0
902.770565032959,8544,6572,11432,-233,-191,169,7320,-9392,10492,21,102,-213,-13612,4268,5752,-1008,183,-160,-13864,-5044,6640,-464,225,-60,0
902.8041141033171,8544,6560,11236,-223,-191,157,7276,-9300,10520,-22,99,-240,-13724,4320,5956,-996,174,-148,-13776,-5156,6564,-506,224,-56,0
902.8378460407256,8568,6872,11264,-189,-195,172,7236,-9396,10260,-28,99,-226,-13548,4232,5816,-994,174,-137,-13700,-5128,6708,-483,202,-51,0
902.8712770938872,8604,6612,11340,-209,-180,183,7168,-9316,10400,-12,123,-218,-13632,4400,5760,-1017,151,-142,-13848,-4964,6616,-462,175,-82,0
902.9047570228576,8628,6544,11216,-195,-211,156,7204,-9392,10488,-11,137,-214,-13788,4272,5964,-1010,142,-105,-13872,-5028,6604,-492,190,-93,0
902.9384350776672,8560,6524,11404,-188,-139,150,7276,-9268,10388,-7,124,-204,-13816,4240,6020,-989,131,-123,-13788,-4968,6864,-488,178,-64,0
902.9717681407927,8500,6620,11320,-207,-158,141,7284,-9244,10316,254,102,-227,-13612,4272,6032,-990,156,-118,-13824,-5076,6716,-464,180,-74,0
903.0086381435394,8536,6640,11308,-193,-169,145,7364,-9264,10244,-43,87,-234,-13576,4160,5824,-1003,148,-109,-13920,-5144,6588,-482,189,-66,0
903.0436589717864,8492,6572,11268,-187,-197,163,7384,-9332,10472,-10,95,-215,-13628,4112,5664,-1013,123,-154,-13844,-5064,6736,-500,158,-85,0
903.0791680812836,8512,6828,11444,-187,-143,135,7296,-9252,10300,-255,98,-178,-13588,4564,6092,-1020,106,-82,-13776,-5360,6684,-503,174,-81,0
903.114172935486,8484,6656,11168,-105,-124,143,7236,-9464,10480,-44,108,-190,-13600,4268,5980,-1013,137,-103,-13996,-5060,6616,-486,157,-73,0
903.1497139930724,8488,6636,11296,-178,-94,117,7368,-9336,10440,-27,132,-208,-13608,4420,5772,-946,145,-86,-13792,-5008,6464,-479,160,-127,0
903.1850259304048,8672,6488,11224,-175,-75,126,7288,-9276,10408,-63,147,-158,-13676,4388,5708,-1008,90,-101,-13824,-5048,6408,-504,106,-122,0
903.2209160327911,8584,6544,11156,-135,-42,132,7308,-9348,10320,-15,118,-128,-13588,4260,5876,-1021,99,-71,-14048,-5336,6824,-486,95,-154,0
903.2563741207124,8536,6560,11368,-162,-26,97,7224,-9360,10616,-35,134,-131,-13532,4340,5740,-1015,80,-71,-13860,-5120,6640,-527,131,-143,0
903.292226076126,8632,6596,11268,-151,-51,80,7308,-9252,10392,-40,146,-153,-13548,4316,5900,-989,67,-62,-13720,-5016,6860,-528,152,-144,0
903.3280079364775,8556,6540,11340,-119,-56,77,7160,-9296,10364,254,140,-177,-13520,4208,5712,-999,87,-76,-13808,-4996,6704,-496,191,-137,0
903.3633210659028,8608,6512,11400,-107,-34,71,7208,-9436,10264,-255,131,-197,-13568,4368,5832,-1030,97,-69,-13656,-5356,6764,-483,189,-142,0
903.3994150161744,8492,6532,11516,-139,-71,83,7384,-9348,10440,-28,157,-196,-13372,4324,5912,-1015,81,-121,-13628,-5008,6740,-468,152,-125,0
903.4349961280824,8536,6472,11368,-127,-45,81,7224,-9360,10376,-72,122,-179,-13564,4400,5896,-996,100,-88,-13792,-5060,6600,-496,132,-151,0
903.475263118744,8600,6588,11408,-100,-14,105,7408,-9232,10236,-37,144,-162,-13596,4352,5976,-986,89,-60,-13784,-4964,6896,-763,131,-163,0
903.5115640163422,8588,6568,11080,-113,-13,101,7228,-9220,10388,-40,119,-156,-13612,4284,6028,-978,94,-96,-13824,-5076,6504,-523,158,-126,0
903.547639131546,8548,6588,11228,-92,-256,90,7312,-9372,10364,-63,153,-153,-13512,4284,6040,-972,55,-65,-13856,-5088,6624,-502,109,-157,0
903.5829081535339,8596,6604,11364,-123,-27,78,7292,-9316,10440,-34,171,-162,-13616,4324,5640,-993,42,-57,-13744,-4992,6608,-503,129,-140,0
903.618833065033,8636,6564,11084,-124,-33,97,7308,-9288,10292,-8,163,-148,-13688,4216,6084,-1009,71,-70,-13888,-5024,6648,-490,112,-158,0
903.6542971134186,8576,6608,11352,-139,-43,67,7268,-9420,10324,14,171,-170,-13560,4320,5868,-1007,57,-105,-13740,-5096,6760,-458,111,-140,0
903.6879601478576,8516,6628,11292,-116,-43,89,7216,-9340,10336,-38,126,-136,-13600,4356,5936,-985,66,-67,-13728,-5008,6908,-491,100,-161,0
903.721621990204,8452,6784,11268,-139,-42,46,7212,-9392,10412,-13,160,-151,-13544,4448,5968,-1008,38,-46,-14048,-5080,6900,-527,140,-143,0
903.7553141117096,8492,6664,11388,-122,-45,106,7176,-9372,10304,-28,157,-157,-13572,4308,5984,-1035,49,-77,-13884,-5184,6608,-511,133,-126,0
903.7890620231628,8464,6656,11292,-68,-91,85,7256,-9308,10444,-63,120,-179,-13336,4096,5972,-1002,77,-66,-13788,-5096,6552,-524,124,-150,0
903.8224620819092,8436,6612,11436,-125,-60,67,7232,-9296,10292,-69,165,-162,-13660,4524,6052,-956,79,-85,-13808,-5016,6584,-491,143,-145,0
903.8562200069427,8564,6584,11428,-118,-19,81,7240,-9348,10376,-47,158,-163,-13788,4144,6020,-1011,64,-112,-13792,-4888,6540,-475,133,-147,0
903.8897380828857,8680,6572,11356,-113,-68,70,7248,-9368,10388,-34,186,-146,-13596,4540,6012,-1013,55,-107,-14076,-5100,6656,-492,94,-156,0
903.923418045044,8448,6584,11300,-124,-17,83,7164,-9316,10340,-55,189,-131,-13804,4104,5968,-1009,40,-88,-13780,-5092,6696,-504,98,-163,0
903.9573159217836,8556,6500,11524,-120,-75,53,7340,-9456,10284,-68,164,-134,-13628,4336,5928,-1005,46,-70,-13724,-5056,6688,-767,119,-162,0
903.9908599853516,8400,6516,11268,-102,-65,83,7256,-9368,10320,-29,144,-170,-13476,4360,5880,-1004,37,-96,-13784,-5088,6444,-763,146,-168,0
904.0243499279022,8476,6620,11388,-96,-49,109,7208,-9388,10312,-7,126,-169,-13444,4104,5660,-1277,45,-94,-13688,-5132,6688,-550,129,-149,0
904.0576710700988,8356,6588,11376,-103,-101,74,7156,-9324,10344,-20,149,-169,-13496,4292,6120,-999,46,-127,-13808,-5120,6432,-483,174,-141,0
904.0912330150604,8500,6640,11228,-129,-57,95,7232,-9312,10408,-29,132,-195,-13480,4108,5960,-993,117,-77,-13788,-5364,6788,-486,105,-124,0
904.1249749660492,8516,6688,11388,-156,-40,79,7196,-9308,10024,-4,140,-170,-13568,4376,5872,-1277,102,-45,-13712,-5160,6696,-468,147,-125,0
904.1583089828492,8448,6564,11572,-154,-37,106,7236,-9340,10336,-38,156,-164,-13404,4308,5972,-1001,78,-41,-13804,-5340,6900,-505,119,-145,0
904.1919360160828,8460,6552,11616,-157,-80,124,7232,-9264,10140,-36,138,-182,-13576,4276,6112,-991,99,-75,-13856,-5268,6648,-492,159,-113,0
904.225548028946,8200,6604,11424,-162,-38,122,7164,-9288,10264,-52,158,-194,-13612,4396,5780,-999,93,-88,-13756,-5088,6748,-474,159,-113,0
904.2593450546264,8432,6716,11384,-179,-38,105,7280,-9428,10368,-15,171,-178,-13344,4392,5856,-1018,107,-131,-13744,-4888,6736,-497,184,-70,0
904.2930579185486,8372,6628,11344,-162,-114,135,7196,-9372,10432,4,154,-218,-13804,4168,5636,-770,127,-152,-13772,-4952,6740,-477,193,-82,0
904.326600074768,8432,6636,11348,-157,-143,162,7252,-9368,10404,-20,109,-216,-13800,4384,6068,-993,150,-107,-13820,-5236,6768,-476,215,-73,0
904.3601181507112,8476,6696,11384,-164,-142,136,7232,-9356,10432,-32,131,-199,-13540,4304,5936,-978,168,-103,-13740,-5328,6892,-471,196,-67,0
904.393408060074,8472,6656,11324,-194,-167,164,7208,-9384,10392,-62,108,-216,-13320,4332,6084,-952,167,-108,-13580,-5084,6608,-471,189,-57,0
904.4273581504822,8440,6604,11372,-187,-179,151,7248,-9396,10400,-27,98,-218,-13544,4324,5920,-979,158,-146,-13728,-5028,6656,-491,193,-56,0
904.4610369205476,8460,6624,11296,-208,-144,148,7312,-9336,10368,22,113,-220,-13584,4396,5972,-1016,179,-148,-13792,-5244,6780,-480,169,-67,0
904.494483947754,8520,6844,11016,-206,-155,145,7236,-9360,10568,-17,104,-217,-13732,4308,6008,-978,178,-163,-13608,-5320,6680,-489,197,-65,0
904.528111934662,8536,6668,11316,-215,-170,164,7332,-9408,10420,-19,99,-248,-13516,4312,6140,-982,194,-140,-13896,-4996,6664,-480,225,-64,0
904.5613260269164,8608,6584,11316,-217,-188,171,7276,-9392,10316,-255,95,-227,-13600,4224,5736,-984,171,-143,-13776,-5008,6656,-458,206,-51,0
904.5948541164398,8604,6584,11300,-207,-160,165,7204,-9324,10292,4,120,-190,-13336,4188,5880,-1279,165,-140,-13756,-5120,6696,-461,166,-72,0
904.628273010254,8452,6616,11448,-220,-159,143,7236,-9240,10040,-30,103,-205,-13816,4328,5672,-999,141,-128,-13820,-5064,6564,-477,164,-82,0
904.6615929603576,8532,6568,11364,-195,-163,141,7408,-9248,10588,-46,102,-215,-13556,4304,5880,-985,133,-119,-13740,-5048,6660,-506,166,-92,0
904.6997010707856,8608,6624,11028,-181,-164,131,7272,-9348,10464,14,128,-209,-13800,4168,5660,-1013,129,-116,-13796,-5040,6548,-490,217,-107,0
904.7350280284882,8644,6500,11156,-137,-121,167,7288,-9288,10328,8,86,-201,-13636,4328,5872,-773,132,-106,-13740,-5084,6660,-490,187,-78,0
904.7707109451294,8460,6500,11352,-203,-147,142,7184,-9260,10384,-26,87,-216,-13500,4108,5680,-973,153,-121,-13640,-5040,6660,-477,192,-102,0
904.8071100711824,8628,6580,11368,-173,-88,120,7344,-9284,10324,-31,94,-192,-13652,4380,5904,-1020,136,-72,-13880,-5068,6628,-480,169,-104,0
904.8423080444336,8628,6556,11064,-121,-61,105,7360,-9324,10392,-24,144,-149,-13588,4252,5800,-996,79,-92,-13748,-5060,6736,-491,127,-137,0
904.8778369426728,8632,6532,11464,-133,-34,77,7420,-9300,10392,-2,123,-142,-13332,4152,5736,-1017,60,-54,-13600,-5300,6704,-506,144,-141,0
904.9126441478728,8452,6424,11192,-179,-16,67,7296,-9256,10412,-9,153,-158,-13600,4280,5852,-771,93,-101,-13864,-5044,6752,-487,159,-126,0
904.948662996292,8520,6592,11388,-130,-29,73,7208,-9260,10460,-29,122,-185,-13644,4400,6092,-998,84,-109,-13804,-5084,6524,-528,163,-142,0
904.9837930202484,8520,6572,11420,-97,-79,90,7188,-9352,10492,-47,141,-185,-13636,4420,5844,-982,99,-40,-13608,-5340,6624,-531,147,-153,0
905.019811153412,8528,6588,11204,-96,-14,92,7232,-9272,10316,-44,119,-171,-13596,4336,6000,-973,81,-77,-13760,-5360,6580,-487,161,-168,0
905.0547449588776,8576,6584,11208,-150,246,76,7324,-9360,10368,-13,162,-171,-13628,4284,5784,-998,117,-75,-13920,-5124,6784,-460,107,-144,0
905.0900681018828,8552,6580,11448,-134,-11,85,7236,-9328,10472,-65,144,-124,-13620,4580,5796,-979,50,-70,-14004,-5080,6612,-505,117,-141,0
905.1255309581755,8568,6536,11492,-130,-50,78,7272,-9336,10388,-17,182,-146,-13648,4284,5948,-1008,32,-45,-13824,-5148,6652,-257,110,-165,0
905.1607661247253,8192,6464,11332,-99,-11,64,7256,-9352,10480,-11,183,-118,-13544,4316,5916,-1274,32,-61,-13796,-4904,6524,-499,71,-132,0
905.196089029312,8476,6596,11276,-99,-54,81,7288,-9324,10256,-104,167,-161,-13544,4324,5812,-996,43,-40,-13780,-5088,6708,-496,130,-182,0
905.2320301532744,8556,6532,11428,-118,-31,50,7252,-9320,10668,-45,153,-152,-13424,4308,5944,-985,80,-72,-13740,-5040,6756,-492,110,-152,0
905.2676799297332,8208,6520,11468,-116,-12,53,7260,-9300,10264,-40,155,-147,-13488,4340,5684,-1014,48,-55,-13604,-5108,6452,-463,99,-142,0
905.3032290935516,8700,6400,11312,-129,-251,76,7292,-9436,10360,-36,132,-135,-13528,4344,5980,-990,83,-40,-13896,-5112,6736,-763,66,-154,0
905.3386421203612,8428,6404,11540,-105,-30,71,7224,-9388,10452,-89,167,-171,-13516,4112,6260,-973,46,-38,-13760,-5124,6740,-504,105,-174,0
905.3720939159393,8536,6520,11304,-89,-61,90,7220,-9416,10392,-70,148,-164,-13592,4304,5928,-1018,41,-119,-13792,-5120,6804,-494,150,-174,0
905.4054639339448,8460,6840,11308,-110,-34,86,7284,-9392,10372,-20,148,-162,-13380,4280,5984,-1021,70,-115,-13608,-5136,6712,-529,147,-165,0
905.4391479492188,8668,6636,11440,-57,-32,75,7212,-9352,10340,-32,115,-164,-13620,4332,6068,-1020,91,-78,-13684,-5124,6880,-528,170,-160,0
905.4724929332732,8444,6568,11508,-109,-81,83,7292,-9380,10392,-28,148,-175,-13580,4384,5860,-983,89,-54,-13956,-5140,6812,-764,148,-134,0
905.5058789253236,8432,6544,11364,-133,-29,91,7416,-9388,10420,-48,159,-168,-13672,4368,5924,-1002,90,-54,-13824,-4868,6892,-492,121,-146,0
905.5394060611724,8416,6648,11420,-119,-23,110,7272,-9268,10400,-35,140,-176,-13632,4352,5712,-1004,70,-78,-13784,-5292,6620,-768,140,-127,0
905.5724251270294,8444,6580,11096,-107,-44,107,7404,-9404,10400,-11,140,-169,-13488,4376,5960,-1002,116,-63,-13784,-5124,6812,-499,121,-129,0
905.6060740947723,8556,6616,11528,-107,-59,103,7248,-9300,10376,-55,163,-187,-13556,4372,5952,-992,90,-69,-13888,-5060,6660,-474,117,-118,0
905.639505147934,8640,6560,11392,-139,-76,71,7240,-9404,10340,-39,161,-153,-13548,4108,6128,-998,43,-74,-13704,-5208,6692,-509,147,-161,0
905.6729309558868,8420,6892,11448,-138,-49,99,7180,-9416,10424,2,122,-153,-13540,4288,6012,-1023,95,-81,-13760,-5148,6704,-493,149,-124,0
905.7062530517578,8428,6596,11264,-94,-41,107,7152,-9440,10256,-37,141,-196,-13488,4376,6132,-1270,76,-81,-13812,-5124,6800,-524,206,-123,0
905.7399821281432,8396,6624,11436,-121,-112,102,7376,-9328,10328,-28,136,-214,-13504,4320,5948,-986,109,-86,-13808,-5128,6596,-477,158,-103,0
905.7735879421234,8532,6700,11424,-151,-79,130,7284,-9396,10560,-49,128,-177,-13368,4412,6116,-958,137,-37,-13860,-4944,6692,-479,117,-114,0
905.8071789741516,8512,6608,11364,-144,-34,119,7244,-9324,10388,-6,129,-156,-13764,4344,6016,-1017,99,-24,-13772,-5340,6760,-499,124,-97,0
905.840763092041,8364,6652,11488,-165,-46,144,7308,-9656,10476,-33,185,-149,-13576,4348,6328,-990,70,-109,-13668,-4904,6464,-469,158,-87,0
905.8741941452026,8452,6608,11372,-213,-130,116,7232,-9464,10376,-30,158,-204,-13516,4416,6028,-990,116,-128,-13768,-5176,6508,-471,220,-65,0
905.9075689315796,8460,6632,11432,-165,-184,144,7296,-9508,10508,-17,80,-231,-13568,4380,6112,-1022,154,-119,-13760,-4940,6872,-498,227,-70,0
905.9412190914154,8488,6660,11392,-136,-210,136,6952,-9328,10308,-14,128,-241,-13536,4152,5836,-972,129,-122,-13724,-5128,6816,-514,214,-60,0
905.9744579792024,8488,6532,11276,-150,-162,127,7288,-9288,10388,-35,115,-255,-13548,4392,6080,-1022,176,-145,-13756,-5012,6776,-479,223,-76,0
906.0081701278688,8408,6504,11256,-198,-166,140,7252,-9364,10308,-27,117,-232,-13496,4412,5944,-977,183,-154,-13740,-5040,6700,-436,214,-61,0
906.0418970584869,8504,6856,11344,-224,-130,142,7224,-9364,10384,32,109,-220,-13672,4320,6096,-974,165,-148,-13788,-5140,6660,-458,192,-71,0
906.0751540660858,8504,6612,11364,-205,-125,165,7248,-9248,10444,28,157,-241,-13612,4256,5808,-991,176,-129,-13788,-5076,6652,-481,230,-56,0
906.108777999878,8504,6640,11388,-177,-160,144,7320,-9236,10464,-13,99,-219,-13628,4324,6084,-1053,139,-104,-13596,-5160,6672,-464,193,-52,0
906.1417970657347,8480,6592,11432,-183,-184,126,7204,-9336,10320,-2,109,-232,-13580,4312,5792,-994,186,-144,-13840,-5016,6652,-485,195,-85,0
906.1754479408264,8608,6548,11408,-190,-145,153,7220,-9228,10240,-20,103,-212,-13332,4140,6024,-1015,173,-146,-13608,-5000,6688,-481,185,-64,0
906.2090981006622,8488,6640,11188,-181,-153,149,7284,-9360,10448,-4,123,-194,-13652,4136,5984,-1002,143,-146,-13872,-5148,6716,-481,187,-78,0
906.2426059246064,8524,6628,11340,-190,-164,148,7216,-9416,10256,-10,128,-196,-13636,4312,6112,-1019,137,-127,-13852,-5036,6684,-477,166,-82,0
906.2760360240936,8368,6836,11228,-183,-147,163,7280,-9308,10268,-38,126,-186,-13384,4316,5636,-1015,165,-63,-13756,-5108,6648,-487,166,-39,0
906.3099761009216,8564,6572,11084,-172,-171,162,7368,-9372,10364,-246,103,-222,-13652,4332,5816,-998,164,-78,-13704,-5076,6792,-469,192,-81,0
906.3433361053468,8680,6496,11012,-179,-195,179,7212,-9464,10212,-30,104,-236,-13588,4356,5944,-1005,170,-104,-13848,-5088,6652,-480,201,-63,0
906.3811991214752,8596,6604,11480,-197,-175,145,7268,-9356,10444,-37,109,-218,-13388,4192,5936,-975,146,-148,-13968,-5024,6676,-476,185,-64,0
906.4162380695344,8520,6596,11316,-183,-182,135,7252,-9388,10316,-35,92,-212,-13592,4320,5664,-989,157,-102,-13868,-5004,6728,-499,191,-70,0
906.451779127121,8524,6496,11096,-173,-161,134,7268,-9332,10340,-10,85,-237,-13632,4392,6120,-1005,137,-140,-13864,-5000,6704,-757,193,-109,0
906.4877021312714,8660,6532,11212,-157,-178,134,7240,-9184,10424,-20,99,-220,-13540,4600,5892,-998,156,-123,-13848,-5352,6400,-503,191,-108,0
906.52285695076,8548,6612,11300,-187,-128,147,7288,-9308,10284,-23,119,-214,-13576,4228,6052,-974,154,-126,-13808,-5048,6716,-487,151,-79,0
906.5582020282744,8628,6564,11076,-164,-95,127,7280,-9272,10228,-63,123,-194,-13604,4248,5784,-992,105,-49,-13900,-5032,6544,-759,148,-125,0
906.5934450626372,8632,6452,11224,-143,-97,77,7192,-9348,10396,4,144,-167,-13636,4300,5796,-1030,90,-66,-13812,-4980,6812,-508,147,-150,0
906.6293621063232,8496,6584,11132,-144,-29,110,7348,-9312,10460,-26,149,-173,-13620,4312,5928,-1039,94,-80,-13860,-5036,6716,-484,97,-144,0
906.6639120578766,8720,6588,11444,-142,-44,60,7284,-9340,10336,-34,159,-166,-13588,4312,5864,-964,74,-28,-13968,-4900,6524,-507,164,-116,0
906.6997950077056,8660,6404,11100,-161,-22,97,7328,-9436,10400,-23,168,-162,-13576,4572,5692,-1025,82,-69,-13836,-5012,6792,-483,123,-151,0
906.7348809242247,8592,6572,11188,-89,-28,96,7292,-9356,10256,-45,149,-131,-13676,4308,5952,-1016,62,-10,-13848,-5040,6772,-258,77,-161,0
906.77068400383,8492,6596,11224,-114,31,60,7184,-9284,10308,-58,153,-137,-13464,4268,6032,-950,54,-31,-13764,-5128,6636,-766,116,-184,0
906.8056471347808,8508,6584,11252,-115,-19,90,7172,-9312,10296,-102,172,-149,-13516,4296,5892,-975,74,-86,-13636,-5332,6660,-524,138,-122,0
906.8412189483644,8560,6588,11488,-128,-18,96,7208,-9292,10336,-51,122,-158,-13596,4280,5828,-981,89,-70,-13580,-4992,6744,-768,149,-133,0
906.8776030540466,8576,6512,11352,-119,-52,67,7264,-9356,10336,-31,114,-164,-13580,4276,5920,-987,100,-76,-13580,-5096,6648,-257,145,-170,0
906.9124839305878,8464,6528,11308,-91,-81,85,7316,-9288,10236,-73,137,-185,-13636,4408,5888,-969,80,-91,-13836,-5040,6748,-523,125,-154,0
906.9480109214784,8528,6564,11332,-144,-64,57,7272,-9472,10468,-58,169,-168,-13664,4372,5752,-1008,60,-24,-13792,-5100,6656,-498,138,-186,0
906.982803106308,8448,6528,11236,-107,17,80,7284,-9372,10400,-34,176,-150,-13616,4524,5900,-1008,31,-40,-13892,-5096,6864,-493,100,-184,0
907.0184490680696,8468,6680,11284,-110,43,50,7336,-9408,10244,-30,163,-146,-13524,4268,5996,-1272,49,-70,-13728,-5364,6904,-505,108,-162,0
907.0519230365752,8408,6544,11476,-106,-12,80,7224,-9260,10444,-53,180,-131,-13684,4296,5960,-993,53,-58,-13724,-5112,6764,-257,99,-146,0
907.0856430530548,8548,6608,11328,-102,-23,70,7196,-9356,10508,-70,156,-143,-13520,4252,5924,-989,21,-52,-13824,-5116,6560,-507,124,-142,0
907.1191370487212,8528,6608,11408,-106,-52,81,7228,-9352,10300,-56,148,-153,-13380,4304,5956,-1017,29,-52,-13812,-5068,6684,-767,123,-170,0
907.1523699760436,8468,6608,11364,-110,-56,77,7192,-9236,10412,-50,131,-158,-13532,4304,5964,-1027,69,-101,-13800,-5140,6616,-496,104,-137,0
907.1855521202087,8464,6576,11184,-112,-22,89,7152,-9356,10304,-39,107,-176,-13636,4408,6024,-997,76,-94,-13688,-5360,6684,-488,130,-173,0
907.2193109989166,8424,6568,11344,-99,-39,87,7272,-9344,10396,-59,166,-173,-13616,4348,5884,-983,68,-72,-13840,-5160,6576,-529,103,-166,0
907.2529599666595,8616,6576,11508,-86,-74,57,7360,-9496,10372,-51,149,-172,-13344,4396,6052,-1005,29,-64,-13888,-5052,6692,-534,147,-153,0
907.2865109443663,8504,6596,11252,-110,-63,82,7276,-9324,10364,-24,164,-161,-13592,4132,5668,-1041,36,-74,-13712,-5180,6740,-505,150,-144,0
907.3200640678406,8436,6592,11300,-102,-42,92,7264,-9336,10372,-20,159,-153,-13776,4108,5948,-1018,91,-81,-14040,-5272,6416,-512,120,-107,0
907.3535969257356,8436,6600,11424,-126,-71,79,7292,-9396,10412,-66,146,-179,-13588,4320,5908,-989,83,-97,-13792,-5088,6892,-469,127,-134,0
907.3871021270752,8452,6632,11180,-129,-41,93,7252,-9384,10312,-54,137,-167,-13620,4344,5848,-986,83,-83,-13820,-5004,6428,-485,154,-113,0
907.4208469390868,8572,6564,11104,-130,-46,109,7264,-9400,10436,-45,136,-142,-13624,4384,5888,-1016,80,-62,-13800,-5156,6884,-470,121,-145,0
907.4542770385742,8504,6688,11036,-127,-49,102,7232,-9432,10280,-22,154,-135,-13608,4592,6056,-1261,72,-25,-13784,-5032,6696,-257,98,-170,0
907.4877490997316,8448,6664,11428,-112,-76,69,7092,-9376,10348,-60,179,-154,-13564,4348,5884,-964,59,-64,-13744,-5224,6652,-498,123,-120,0
907.5214130878447,8204,6536,11504,-75,-54,113,6968,-9408,10612,-47,157,-176,-13532,4328,6040,-984,84,-115,-13760,-4908,6704,-506,151,-121,0
907.5545270442964,8484,6528,11468,-115,-52,89,7088,-9280,10412,-11,109,-188,-13316,4164,6056,-1012,88,-109,-13720,-4932,6728,-524,167,-125,0
907.588103055954,8336,6440,11568,-124,-59,115,7184,-9288,10364,-20,130,-195,-13720,4352,6140,-1004,91,-101,-13784,-5364,6860,-501,161,-127,0
907.6216859817504,8260,6552,11316,-141,-84,106,7176,-9312,10308,-9,150,-198,-13552,4384,6044,-974,102,-73,-14044,-4884,6820,-476,142,-123,0
907.6548390388488,8436,6644,11332,-197,-69,98,7168,-9352,10392,-8,139,-192,-13328,4424,6048,-1002,109,-104,-13880,-5356,6504,-479,149,-112,0
907.688400030136,8584,6596,11360,-171,-93,135,7280,-9368,10344,-6,182,-162,-13784,4364,5644,-1007,103,-117,-13868,-5152,6696,-468,196,-75,0
907.721915960312,8504,6680,11480,-174,-121,116,7136,-9400,10348,-3,127,-193,-13528,4364,5872,-1018,133,-122,-13652,-5024,6768,-503,181,-81,0
907.75532412529,8448,6708,11360,-189,-134,155,7200,-9456,10360,-17,133,-227,-13612,4408,6128,-988,167,-123,-13776,-5060,6744,-484,217,-51,0
907.789102077484,8232,6640,11464,-173,-166,164,7216,-9412,10348,-78,96,-236,-13484,4436,5912,-1009,152,-143,-13764,-5164,6720,-523,206,-44,0
907.8224699497224,8412,6520,11308,-138,-205,144,7132,-9372,10244,-32,106,-232,-13548,4304,6136,-1000,158,-160,-13836,-5168,6720,-496,210,-58,0
907.8559350967408,8496,6568,11136,-170,-170,147,7192,-9300,10256,252,118,-242,-13540,4368,5928,-1001,169,-165,-14068,-5120,6704,-474,230,-51,0
907.8893361091614,8440,6676,11260,-221,-162,170,6944,-9372,10344,13,113,-224,-13672,4340,6028,-991,179,-146,-13788,-5064,6768,-484,210,-64,0
907.9229400157927,8588,6896,11404,-192,-152,156,7224,-9380,10492,-7,126,-230,-13712,4352,6048,-972,168,-87,-13840,-5072,6700,-481,195,-42,0
907.9567289352416,8476,6628,11492,-225,-209,177,7336,-9424,10084,0,105,-222,-13628,4264,5892,-1006,152,-109,-13692,-5272,6692,-466,218,-56,0
907.9902670383453,8544,6556,11216,-223,-237,170,7256,-9224,10392,1,88,-237,-13364,4284,5640,-1001,170,-141,-13796,-5164,6668,-476,186,-17,0
908.0236711502076,8600,6620,11324,-213,-168,178,7212,-9364,10448,-20,116,-235,-13608,4316,5800,-974,167,-162,-14068,-4992,6756,-458,230,-24,0
908.0618860721588,8552,6600,11060,-239,-194,174,7276,-9400,10164,-42,81,-211,-13628,4388,5956,-970,193,-134,-13812,-5016,6676,-480,201,-26,0
908.0980620384216,8628,6536,11168,-200,-190,195,7288,-9356,10316,-26,93,-195,-13588,4592,5776,-1019,171,-151,-13768,-5032,6640,-461,177,-75,0
908.1330480575562,8588,6572,11432,-176,-160,179,7252,-9288,10380,-5,62,-210,-13668,4328,5984,-994,211,-97,-13740,-5104,6688,-474,156,-97,0
908.1691739559174,8416,6572,11376,-171,-183,180,7208,-9380,10340,-58,69,-219,-13444,4136,5724,-1017,211,-133,-13776,-5100,6620,-479,227,-36,0
908.2050590515136,8588,6540,11392,-131,-249,186,7244,-9428,10472,-24,57,-510,-13620,4340,5876,-1032,209,-122,-13688,-5004,6584,-492,283,-32,0
908.2400839328766,8580,6580,11332,-156,-508,198,7292,-9344,10112,-18,23,-282,-13640,4376,5924,-1272,234,-199,-13628,-4916,6760,-264,274,-12,0
908.2756059169768,8564,6508,11260,-113,-277,193,7216,-9284,10280,-65,7,-307,-13380,4284,5800,-1018,242,-216,-13880,-5176,6656,-483,285,17,0
908.3113000392914,8616,6572,11292,-136,-304,202,7288,-9344,10432,-64,27,-282,-13660,4536,5756,-982,243,-161,-13892,-5052,6584,-518,238,-10,0
908.347680091858,8552,6508,11292,-149,-261,178,7384,-9440,10308,-11,51,-267,-13756,4204,5716,-1022,183,-156,-13656,-5036,6564,-484,305,-30,0
908.3826310634612,8608,6532,11364,-181,-243,157,7236,-9328,10292,20,46,-263,-13620,4212,5456,-1073,201,-216,-13852,-4968,6472,-619,269,-57,0
908.4187779426576,8656,6408,11304,-94,-218,128,7280,-9424,10176,49,11,-269,-13600,3924,6116,-1072,217,-213,-13884,-5068,6464,-488,230,-55,0
908.4537739753724,8644,6528,11412,-161,-214,122,7364,-9284,10280,34,93,-281,-13624,4200,5880,-1131,125,-239,-13768,-4956,6544,-416,418,-22,0
908.492301940918,8584,6548,11476,-194,-285,92,7380,-9472,10340,157,160,-291,-13620,4236,5992,-1116,183,-12,-13712,-5044,6672,-378,385,-34,0
908.5281491279602,8612,6592,11308,-229,-508,129,7296,-9376,10256,58,136,-332,-13640,4248,5944,-1034,226,-264,-13880,-5240,6592,-411,398,1,0
908.5634291172028,8652,6580,11516,-254,-317,166,7252,-9352,10260,10,84,-364,-13592,4268,5880,-1048,510,-302,-13848,-4940,6588,-433,402,15,0
908.5991480350494,8860,6440,11384,-191,-368,192,7180,-9464,10480,54,23,-323,-13764,4184,5856,-1088,255,-245,-13984,-4912,6716,-491,309,-21,0
908.6338090896608,8744,6396,11112,-157,-326,180,7200,-8988,10280,38,73,-290,-13720,4180,5860,-1110,183,-191,-13920,-4884,6404,-470,285,-39,0
908.669687986374,8816,6512,10948,-195,-305,170,7444,-9112,10396,25,40,-305,-13652,4112,5876,-993,172,-49,-14012,-5048,6496,-456,184,-28,0
908.7052271366119,8808,6600,10888,-322,-147,148,7536,-9164,10332,-29,122,-175,-13692,4216,5852,-935,193,-24,-13940,-5088,6600,-414,103,-65,0
908.7387969493866,8820,6448,11024,-337,-173,151,7468,-9292,10508,7,114,-175,-13828,4228,5788,-973,162,-37,-14040,-4940,6456,-446,114,-90,0
908.7724490165712,8708,6396,11228,-262,-148,162,7540,-9356,10296,15,110,-175,-13800,4236,5900,-986,114,-93,-13964,-4976,6440,-456,66,-152,0
908.805988073349,8784,6448,11396,-181,-113,121,7272,-9320,10316,42,63,-195,-13712,4160,5792,-959,74,-97,-13928,-4996,6576,-533,82,-188,0
908.839735031128,8744,6536,11256,-149,-186,109,7404,-9300,10344,255,143,-221,-13644,4072,5916,-958,249,-80,-13828,-4956,6596,-520,70,-217,0
908.873013973236,8712,6384,11160,-170,-199,73,7288,-9316,10268,6,142,-231,-13672,4240,5712,-977,57,-92,-13916,-4672,6452,-503,86,-186,0
908.9063911437988,8692,6328,11260,-172,-210,101,7256,-9248,10188,56,83,-235,-13588,4236,5724,-989,55,-73,-13972,-4964,6532,-470,72,-175,0
908.9399969577788,8724,6560,11228,-210,-143,95,7584,-9152,10204,-72,117,-195,-13792,4172,5832,-890,37,-16,-13900,-4916,6408,-435,33,-140,0
908.9737551212312,8808,6436,11408,-283,-149,105,7456,-9348,10252,-77,81,-170,-13800,4300,5720,-950,12,-66,-13760,-4896,6556,-493,111,-313,0
909.0073959827424,8500,6156,11108,-13,-120,30,7484,-9308,10336,45,95,-207,-13604,4324,5632,-996,67,-114,-13892,-5092,6508,-495,163,-213,0
909.041041135788,8476,6556,11224,-125,36,53,7368,-8992,10216,-79,14,-228,-13416,4272,5776,-891,112,250,-13592,-4652,6144,-444,102,-228,0
909.07439994812,8680,6336,11112,-277,-37,32,7536,-8952,10264,-45,236,-225,-13560,4028,5820,-803,57,-28,-13708,-4612,6312,-607,52,-302,0
909.1079230308532,8808,6380,10804,-76,64,-60,7444,-9136,10356,45,230,-96,-13712,4228,5760,-872,-119,37,-14056,-4700,6648,-564,118,-340,0
909.1414439678192,9132,6316,11172,-163,403,-3,7392,-9264,10336,218,175,-256,-13680,4224,5764,-1202,-101,48,-13936,-4980,6800,-768,15,-231,0
909.1748900413512,8696,6536,11388,-236,370,27,7516,-9456,10336,203,510,39,-13592,4216,5728,-1161,-56,8,-13796,-5004,6512,-473,5,-260,0
909.2085540294648,8628,6348,11020,253,264,12,7372,-9364,10320,146,305,-52,-13636,4188,5792,-1221,-96,-29,-13744,-4920,6364,-698,108,-348,0
909.2420690059662,8508,6452,11116,118,218,5,7520,-9084,10240,188,294,49,-13808,4096,5976,-1261,-169,-31,-13780,-5080,6396,-646,80,-419,0
909.2756469249724,8924,6500,11220,-8,323,-120,7364,-9116,10372,250,493,17,-13696,4116,5796,-1155,-256,-72,-14052,-5228,6616,-534,81,-493,0
909.3093280792236,8700,6592,11284,-192,368,-181,7424,-9136,10428,237,635,50,-13792,4164,5908,-1082,-207,-6,-14036,-5344,6428,-412,-50,-500,0
909.34290599823,8896,6640,11612,-184,371,-285,7392,-9232,10712,129,854,98,-13908,4260,6352,-1086,-583,1,-13844,-5612,6672,-284,-129,-486,0
909.3766310214996,8624,6884,11444,-228,310,-253,6892,-9212,10592,-123,673,76,-13364,4476,6060,-963,-436,110,-13780,-5256,6816,-360,-218,-382,0
909.410001039505,8220,6688,11380,-190,401,-144,7040,-9296,10484,-141,763,131,-13528,4496,6012,-884,-206,183,-13804,-5168,7076,-473,-219,-322,0
909.4436161518096,8236,6488,11456,-152,334,-44,6864,-9276,10440,-136,389,49,-13060,4584,5912,-867,-172,177,-13912,-5204,6748,-570,-104,-241,0
909.4773869514464,8332,6584,11316,-89,369,-7,7008,-9236,10676,-179,205,6,-13336,4104,6084,-985,-14,109,-13692,-5056,6604,-467,-96,-145,0
909.5109951496124,8444,6560,11264,-104,247,31,7104,-9220,10724,17,218,-5,-13348,4284,6084,-1099,-27,23,-13808,-5192,6620,-456,47,-151,0
909.5445201396942,8540,6504,11364,-60,308,8,7232,-9352,10572,112,314,29,-13416,4404,6048,-1132,-178,2,-13860,-5160,6656,-417,16,-137,0
909.5777499675752,8212,6576,11756,-47,327,-17,6956,-9356,10272,50,287,31,-13496,4296,6028,-1190,-64,247,-13960,-5204,6780,-404,91,-208,0
909.611202955246,8488,6556,11480,-165,389,-102,7268,-9248,10620,-30,396,-21,-13656,4296,6068,-1068,-91,47,-13936,-5320,6680,-381,-63,-279,0
909.6442041397096,8312,6632,11488,-176,405,-97,7392,-9324,10736,-133,432,-2,-13528,4592,6216,-962,-154,75,-13760,-5260,6844,-445,-88,-315,0
909.6777729988098,8268,6588,11620,-186,306,-110,6924,-9348,10716,-41,470,33,-13352,4292,6296,-937,-148,13,-13520,-5200,6696,-436,11,-265,0
909.7138330936432,8176,6884,11464,-248,152,-31,6616,-9364,10648,-20,354,-74,-13032,4212,6144,-939,23,-48,-13380,-5248,6868,-455,218,-146,0
909.7490861415864,7808,6764,11748,-190,-43,159,6696,-9360,10572,-104,5,-301,-13296,4300,6256,-1010,293,-242,-13556,-5156,6680,-535,294,35,0
909.7849740982056,8324,6432,11584,9,-424,261,7112,-9252,10696,-128,-77,-332,-13816,4180,6292,-993,504,-180,-13968,-5256,6520,-605,203,-64,0
909.8213419914246,8480,6624,11396,53,-232,132,7268,-9232,10512,-144,188,-185,-13784,4368,6516,-956,-92,-71,-13944,-5444,6716,-565,129,-326,0
909.8580610752106,8352,6652,11576,30,100,-90,7060,-9292,10616,-56,385,-145,-13500,4268,6236,-982,-248,-119,-13752,-5344,6812,-513,15,-347,0
909.8927850723268,8108,6748,11676,-37,-50,-105,6844,-9292,10572,-241,172,-223,-13280,4220,6012,-928,251,-114,-13540,-5212,6776,-404,62,-168,0
909.927740097046,7940,6876,11468,-20,-201,58,6832,-9296,10440,-220,128,-300,-13228,4448,6056,-991,173,-165,-13492,-5120,6408,-391,203,14,0
909.963308095932,8248,6436,11300,-55,-308,165,6864,-9444,10232,-130,-39,-263,-13372,4476,6112,-773,242,-182,-13820,-5092,6736,-572,281,-256,0
909.9983069896698,8356,6536,11288,-59,-258,226,7364,-8964,10352,-210,72,-185,-13720,4328,5980,-874,101,-68,-14080,-5364,6856,-548,90,-127,0
910.033931016922,8696,6768,11444,-170,-67,132,7076,-9200,10268,-185,160,-103,-13388,4300,6120,-882,165,29,-13676,-5272,6900,-465,122,-32,0
910.0697779655455,8216,6628,11388,-320,-14,175,6800,-9360,10604,-52,140,-108,-13284,4528,6276,-1087,6,-31,-13384,-5200,6800,-360,210,43,0
910.1049139499664,8024,6776,11728,-205,71,290,6688,-9524,10740,-44,-68,-75,-13252,4588,6540,-1191,359,11,-13436,-5436,6984,-479,176,67,0
910.14022397995,8160,6812,11584,-80,11,373,6776,-9368,10584,-192,-512,-194,-13364,4108,6156,-1035,512,-79,-13808,-5172,6840,-616,146,84,0
910.1755089759828,8096,6696,11420,51,-197,345,6972,-9368,10228,-425,-372,-366,-13424,4168,6044,-872,529,-219,-13428,-5076,6244,-710,306,64,0
910.2110271453857,8324,6416,11492,125,-572,309,7344,-9336,10292,-133,-240,-467,-13620,4248,5948,-1077,361,-379,-13968,-4996,6180,-706,540,-62,0
910.246218919754,8832,6496,11136,65,-392,161,7556,-9184,10144,60,73,-320,-13976,4184,5848,-1017,18,-239,-14328,-5228,6660,-566,300,-246,0
910.2822871208192,8848,6652,11280,-153,-94,-26,7508,-9224,10252,79,429,-147,-13868,4296,6016,-914,-184,-70,-14092,-5232,6720,-380,114,-294,0
910.3180639743804,8568,6780,11464,-328,152,-113,7384,-9448,10604,44,371,-102,-13772,4372,6212,-986,-158,-34,-13804,-5208,6724,-327,80,-181,0
910.3536410331726,8380,6412,11548,-496,129,-28,6984,-9472,10460,49,284,-153,-13272,4392,6280,-1005,109,-73,-13528,-5284,6808,-298,166,-68,0
910.3889350891112,8076,6716,11448,-221,33,116,6644,-9424,10480,-43,28,-231,-13136,4400,6204,-938,284,-98,-13428,-5196,6716,-343,341,74,0
910.4224331378936,7864,6680,11532,-170,-164,262,6708,-9404,10356,-102,-86,-303,-13284,4352,6200,-952,425,-159,-13528,-5312,6820,-406,335,61,0
910.4560179710388,8172,6572,11468,-177,-213,231,7164,-9340,10320,-158,-73,-339,-13796,4348,6136,-869,372,-182,-13724,-5260,6828,-433,222,10,0
910.4895770549774,8396,6576,11280,-187,-198,155,7284,-9352,10440,-171,94,-310,-13820,4288,5992,-870,184,-136,-13976,-5188,6672,-433,150,-70,0
910.5229699611664,8568,6580,11380,-191,-133,93,7360,-9304,10424,-104,176,-194,-13768,4320,6176,-938,85,-138,-13940,-5084,6892,-427,149,-162,0
910.5568850040436,8700,6408,11708,-203,-10,35,7308,-9416,10468,-13,241,-191,-13792,4364,6024,-975,72,-78,-13924,-5076,6636,-470,58,-157,0
910.5917420387268,8500,6608,11324,-166,-8,33,7252,-9372,10464,18,177,-191,-13580,4192,6168,-1001,37,-108,-13772,-5036,6688,-471,158,-163,0
910.6252529621124,8452,6560,11312,-88,-7,63,7224,-9412,10492,10,155,-199,-13396,4228,5832,-1064,59,-139,-13716,-5012,6620,-487,135,-140,0
910.6585690975188,8216,6536,11380,-38,-40,58,7220,-9364,10264,10,75,-168,-13384,4116,6012,-1046,97,-38,-13796,-5140,6804,-486,131,-148,0
910.6921060085295,8332,6592,11448,-148,-17,76,7152,-9256,10320,23,214,-156,-13424,4232,5956,-1276,57,-15,-13760,-5172,6640,-467,149,-169,0
910.725781917572,8340,6664,11396,-238,27,59,7112,-9332,10520,21,227,-133,-13568,4316,6100,-995,38,-43,-13792,-5172,6768,-432,106,-158,0
910.7591960430144,8360,6644,11540,-229,8,65,7096,-9392,10448,-16,271,-112,-13552,4340,6156,-917,-3,-55,-13744,-5348,6808,-449,80,-178,0
910.7925860881805,8152,6652,11688,-195,1,44,6908,-9420,10672,-50,256,-149,-13352,4308,6232,-927,-16,-53,-13752,-5320,6752,-451,97,-178,0
910.826166152954,8092,6764,11500,-144,-49,34,6848,-9352,10552,-75,235,-159,-13472,4244,6288,-937,13,-81,-13708,-5320,6832,-445,123,-177,0
910.8600161075592,8168,6752,11308,-155,-69,5,7040,-9220,10716,-62,246,-206,-13488,4240,6220,-907,35,-72,-13824,-5228,6728,-409,157,-177,0
910.8932950496674,8172,6632,11428,-155,-51,10,7040,-9300,10720,-43,206,-234,-13524,4312,6232,-878,32,-147,-13368,-5188,6444,-461,142,-177,0
910.9269170761108,8132,6684,11268,-152,-94,27,7112,-9432,10640,-40,209,-262,-13500,4320,5896,-926,98,-122,-13684,-5260,6612,-436,163,-152,0
910.9603991508484,8340,6852,11548,-179,-83,56,6920,-9408,10512,-86,128,-220,-13484,4268,6208,-884,87,-105,-13836,-5156,6720,-445,163,-133,0
910.9939560890198,8284,6596,11488,-190,-109,59,7180,-9420,10468,-107,189,-203,-13580,4300,6052,-906,97,-120,-13764,-5104,6804,-430,184,-139,0
911.02752494812,8208,6548,11332,-218,-96,50,7152,-9364,10272,-39,230,-231,-13560,4560,6064,-918,61,-82,-13748,-5260,6700,-413,128,-166,0
911.0613269805908,8396,6684,11412,-165,-94,61,7160,-9376,10332,-48,213,-200,-13468,4400,6068,-964,40,-76,-13732,-5116,6680,-442,119,-168,0
911.0947461128236,8264,6864,11608,-136,-71,44,7064,-9316,10520,-72,209,-188,-13432,4348,5956,-951,21,-89,-13736,-5160,6460,-441,99,-175,0
911.1284260749816,8228,6568,11356,-189,-21,38,7032,-9280,10256,-29,493,-169,-13432,4292,5992,-936,12,-69,-13744,-5092,6748,-469,77,-159,0
911.1618130207062,8208,6604,11448,-188,-21,73,7108,-9340,10372,-29,264,-138,-13512,4324,6168,-1005,30,-51,-13704,-5280,6852,-476,87,-160,0
911.1953239440918,8308,6648,11528,-178,11,96,6940,-9380,10344,-38,174,-132,-13432,4464,6264,-988,97,-21,-13656,-5016,6880,-468,75,-127,0
911.2288460731506,8204,6740,11508,-164,-30,131,7004,-9468,10452,-55,184,-141,-13476,4488,5972,-1002,142,-256,-13584,-5160,6736,-496,114,-108,0
911.262314081192,8228,6548,11544,-189,-58,116,6932,-9696,10248,-19,141,-168,-13404,4312,6240,-988,109,-115,-13752,-5188,6888,-470,158,-125,0
911.2956600189208,7940,6628,11460,-144,-90,122,7060,-9360,10572,-30,158,-203,-13460,4536,6168,-1016,86,-115,-13776,-5256,6792,-484,126,-123,0
911.3291931152344,8272,6768,11480,-146,-71,75,7076,-9128,10424,-26,203,-158,-13416,4360,6080,-1002,94,-101,-13704,-5172,6736,-497,122,-149,0
911.3628609180452,8276,6684,11416,-164,8,60,6996,-9468,10380,252,154,-181,-13492,4576,6080,-946,79,-77,-13728,-4888,6744,-469,137,-156,0
911.3996541500092,8312,6576,11164,-156,4,55,7088,-9360,10392,-13,187,-156,-13520,4248,5992,-978,53,-111,-13852,-5196,6772,-437,139,-184,0
911.434674024582,8352,6688,11408,-138,-48,37,7084,-9296,10420,-35,161,-167,-13820,4408,6244,-948,14,-100,-13712,-4896,6776,-449,97,-173,0
911.4707291126252,8228,6764,11280,-147,-45,49,7084,-9332,10744,-73,214,-171,-13636,4348,6228,-960,3,-72,-13776,-5204,6708,-469,152,-156,0
911.5061149597168,8148,6832,11432,-186,-64,31,7008,-9388,10612,35,158,-182,-13408,4344,6244,-1027,93,-94,-13724,-5168,6692,-450,182,-122,0
911.5418190956116,8192,6752,11436,-139,-31,112,6704,-9348,10732,0,140,-199,-13552,4380,6192,-1003,120,-83,-13788,-5252,6784,-517,168,-148,0
911.577672958374,8104,6632,11424,-146,-64,84,7020,-9448,10444,-27,164,-156,-13488,4452,6144,-1020,101,-87,-13756,-4920,6672,-490,114,-142,0
911.6129369735718,8104,6664,11660,-169,-28,90,7060,-9292,10508,-12,161,-155,-13420,4420,6216,-1010,88,-93,-13668,-5368,6720,-494,139,-105,0
911.6494431495668,8064,6700,11512,-158,-79,113,7032,-9368,10508,-21,144,-172,-13432,4392,6196,-1043,104,-97,-13672,-5232,6740,-498,172,-87,0
911.6849980354308,8008,6640,11288,-150,-105,120,7136,-9468,10464,-44,125,-186,-13476,4356,6232,-1027,106,-86,-13712,-5312,6768,-501,134,-100,0
911.7206680774688,8128,6672,11536,-112,-73,115,6988,-9404,10432,-93,150,-156,-13596,4384,6068,-983,52,-22,-13588,-5180,6872,-525,90,-143,0
911.7555570602416,7944,6624,11380,-110,251,80,6920,-9392,10452,-64,164,-112,-13548,4284,6048,-1005,69,-18,-13744,-5172,6760,-541,66,-140,0
911.791356086731,8332,6564,11440,-144,-9,116,7016,-9448,10472,62,141,-128,-13460,4384,6132,-1043,85,-101,-13732,-5296,6692,-525,165,-110,0
911.8277020454408,8132,6672,11708,-192,-88,173,7036,-9488,10500,90,128,-161,-13556,4392,6356,-1079,160,-94,-13724,-5276,6668,-486,250,-20,0
911.8628101348876,8084,6776,11764,-168,-179,200,7000,-9472,10512,14,96,-205,-13564,4400,6304,-1059,218,-140,-13776,-5184,6848,-564,201,-40,0
911.8981850147247,7964,6612,11572,-91,-235,219,6912,-9372,10472,-20,98,-190,-13396,4468,5964,-1017,200,-78,-13656,-5244,6920,-606,180,-52,0
911.9336869716644,8124,6580,11308,-159,-230,236,6968,-9304,10480,13,65,-181,-13416,4320,6380,-1103,208,-123,-13648,-5188,6832,-498,230,-18,0
911.9692189693452,7940,6712,11284,-171,-205,189,6988,-8968,10728,24,82,-207,-13432,4316,6168,-1050,241,-121,-13732,-5340,6784,-441,207,-49,0
912.0045890808105,8192,6884,11448,-231,-148,139,6976,-9312,10480,245,152,-250,-13504,4316,6128,-980,209,-142,-13844,-5180,6820,-450,209,-62,0
912.0410981178284,8272,6640,11296,-4,-197,146,7068,-9400,10408,-25,72,-230,-13608,4236,6016,-976,203,-140,-14064,-5220,6872,-446,230,-11,0
912.0745470523834,8276,6708,11428,-231,-512,195,7064,-9264,10376,3,102,-242,-13432,4292,6056,-952,194,-128,-13688,-5264,6720,-429,205,-46,0
912.1080701351166,8208,6472,11448,-226,-270,167,6964,-9256,10280,-29,112,-509,-13488,4336,6168,-989,204,-117,-13632,-5280,6792,-450,242,-25,0
912.1416931152344,8268,6584,11468,-216,-222,191,7048,-9368,10592,-28,47,-259,-13404,4416,6332,-976,225,-142,-13752,-4968,6704,-477,242,-14,0
912.1752910614014,7980,6552,11484,-195,-252,185,7052,-9276,10512,10,29,-249,-13496,4416,6064,-1024,232,-166,-13644,-5060,6736,-488,240,8,0
912.208734035492,8316,6612,11212,-155,-214,234,7140,-9284,10480,33,33,-214,-13448,4280,5976,-1057,234,-131,-13980,-5024,6900,-261,197,-12,0
912.2422759532927,8412,6576,11388,-176,-203,215,7040,-9364,10528,-22,79,-181,-13484,4464,6000,-1047,195,-48,-14028,-5048,6704,-518,174,-29,0
912.2757139205931,8160,6536,11544,-173,-168,228,7052,-9344,10684,10,64,-167,-13476,4400,6064,-1074,209,-81,-13684,-4996,6632,-551,161,-29,0
912.3095569610596,8124,6560,11560,-132,-176,234,7056,-9392,10372,20,-12,-182,-13516,4452,5928,-1051,245,-93,-13784,-4996,6660,-536,195,30,0
912.3431339263916,8260,6432,11488,-155,-184,237,7168,-9296,10384,-6,2,-202,-13532,4268,6348,-1017,247,-132,-13660,-4904,6832,-481,176,-27,0
912.376799106598,8440,6492,11760,-189,-167,212,7152,-9360,10396,-29,99,-228,-13588,4380,5956,-1054,232,-143,-13616,-5348,6824,-462,185,-61,0
912.4101150035858,8344,6476,11260,-127,-186,146,7204,-9336,10596,-42,48,-217,-13620,4360,6004,-1007,93,-133,-13604,-5104,6768,-540,181,-161,0
912.4435970783234,8384,6532,11500,-122,-199,87,7120,-9332,10388,78,187,-228,-13536,4316,5992,-1061,67,-145,-13780,-5148,6864,-509,216,-201,0
912.4773359298706,8344,6564,11344,-113,-57,52,7176,-9248,10464,29,162,-215,-13488,4252,6024,-999,31,-74,-14072,-4892,6680,-476,149,-211,0
912.5108180046082,8240,6624,11264,-171,-38,19,7092,-9452,10304,45,171,-190,-13524,4336,5984,-1033,32,-101,-13788,-5060,6596,-536,123,-195,0
912.5443501472472,8232,6572,11400,-137,254,92,7112,-9280,10740,31,146,-154,-13508,4196,5980,-1031,81,-114,-13812,-5096,6692,-262,165,-142,0
912.5778019428252,8360,6716,11468,-134,-11,133,7044,-9244,10592,13,141,-139,-13516,4316,6120,-1029,81,-71,-13792,-5152,6716,-535,176,-95,0
912.6112499237059,8316,6820,11692,-117,-46,152,7332,-9000,10276,-40,98,-138,-13484,4308,6356,-1024,91,-72,-13744,-5240,6696,-524,156,-126,0
912.6445770263672,8328,6584,11760,-132,-76,150,6988,-9376,10516,-43,89,-124,-13416,4348,6204,-1020,114,-57,-13680,-5164,6956,-493,133,-86,0
912.677964925766,8204,6612,11412,-149,-70,139,7004,-9376,10540,-81,92,-171,-13536,4404,6004,-1020,162,-69,-13636,-5352,6736,-504,119,-106,0
912.7113060951232,8280,6528,11532,-111,-55,152,7112,-8968,10672,-55,95,-157,-13508,4584,5940,-995,130,-79,-13792,-5208,6740,-461,136,-75,0
912.744707107544,8348,6540,11684,-184,-84,131,7060,-9340,10584,-64,126,-181,-13540,4312,5904,-983,116,-72,-13736,-5100,6804,-485,182,-80,0
912.7784249782562,8220,6600,11488,-178,-91,116,6988,-9416,10488,-52,149,-214,-13572,4340,6048,-971,110,-93,-13796,-4884,6720,-459,186,-81,0
912.8118660449982,8352,6676,11464,-137,-146,127,7132,-9336,10628,-76,90,-5,-13476,4284,5716,-943,152,-108,-13820,-5144,6688,-477,200,-85,0
912.84543299675,8364,6464,11528,-139,-118,111,7032,-9236,10488,-108,124,-235,-13540,4160,5920,-961,106,-106,-13812,-4956,6500,-451,150,-121,0
912.8789489269255,8368,6544,11532,-176,-113,94,7180,-9276,10360,-81,163,-201,-13812,4104,6196,-943,114,-81,-13708,-5148,6652,-457,169,-114,0
912.9123649597168,8376,6560,11444,-210,-85,70,7220,-9284,10452,-45,173,-192,-13592,4332,6040,-998,95,-58,-13808,-5168,6744,-446,109,-113,0
912.945965051651,8392,6548,11292,-186,-73,76,6912,-9320,10532,-22,181,-148,-13524,4380,6152,-1010,90,-53,-13728,-5312,6716,-448,150,-142,0
912.9797599315643,8316,6440,11500,-143,-76,122,6976,-9384,10292,-8,119,-196,-13420,4320,6164,-1038,136,-74,-13728,-5376,6876,-520,170,-97,0
913.0134720802308,8296,6476,11416,-130,-90,145,6964,-9336,10404,-43,65,-177,-13524,4368,6052,-1030,173,-99,-13756,-5360,6808,-505,162,-90,0
913.0470950603484,8372,6564,11500,-97,-105,146,7112,-9332,10460,-19,122,-185,-13500,4600,6120,-1030,99,-130,-13840,-5328,6900,-501,134,-124,0
913.0833840370178,8368,6660,11288,-119,-65,118,7036,-9328,10276,-25,107,-168,-13324,4284,6356,-1000,97,-61,-13720,-4892,6692,-541,140,-117,0
913.1194159984587,8332,6536,11456,-123,-84,93,7176,-9412,10696,-48,114,-164,-13820,4540,5632,-992,92,-108,-13780,-5136,6628,-492,141,-141,0
913.1543810367584,8412,6544,11508,-156,-53,101,7032,-9288,10500,-48,149,-189,-13644,4280,6080,-995,98,-70,-13632,-5368,6900,-449,156,-108,0
913.1902220249176,8352,6580,11624,-143,-85,88,7220,-9324,10468,-33,144,-212,-13608,4300,6104,-994,78,-100,-14064,-5368,6448,-501,196,-137,0
913.2249779701232,8284,6620,11328,-150,-55,85,7076,-9360,10452,-28,118,-206,-13520,4248,5936,-1034,80,-69,-13808,-5112,6884,-499,162,-142,0
913.2609620094299,8228,6608,11312,-97,-69,61,7164,-9260,10372,-8,150,-177,-13456,4276,5888,-998,81,-118,-14052,-5156,6660,-485,107,-129,0
913.295699119568,8300,6640,11544,-146,-42,64,7176,-9348,10388,-34,150,-206,-13556,4448,5944,-957,74,-66,-13748,-5016,6664,-503,181,-135,0
913.3309149742128,8268,6584,11376,-160,-24,109,7080,-9324,10448,6,152,-150,-13532,4444,6036,-1029,91,-102,-13572,-4892,6824,-469,128,-136,0
913.366233110428,8236,6548,11572,-63,-18,113,7168,-9416,10340,-41,135,-132,-13544,4236,6008,-981,31,-34,-13604,-5160,6752,-519,71,-134,0
913.4017059803008,8376,6584,11504,-116,-16,77,7132,-9268,10468,-60,183,-133,-13548,4372,6048,-1017,56,-55,-13732,-5216,6656,-504,63,-147,0
913.4375550746918,8324,6552,11544,-148,-38,86,7036,-9376,10620,-47,157,-156,-13536,4400,6028,-1007,104,-101,-13704,-5320,6660,-477,154,-134,0
913.4733579158784,8196,6496,11684,-141,-67,109,7000,-9424,10444,-28,89,-197,-13476,4304,5964,-1011,125,-87,-13692,-5200,6788,-494,170,-89,0
913.5174131393431,8196,6596,11460,-133,-88,141,7040,-9308,10688,-55,122,-191,-13396,4272,6008,-1001,124,-99,-13772,-5160,6904,-479,184,-109,0
913.5532779693604,8388,6548,11536,-155,-118,102,7028,-9404,10472,-24,62,-212,-13452,4104,6028,-984,152,-100,-13772,-5120,6720,-487,192,-83,0
913.5891931056976,8004,6632,11416,-161,-86,129,7044,-9300,10468,-58,101,-205,-13540,4224,6040,-990,160,-95,-13736,-5136,6716,-463,171,-74,0
913.624274969101,8240,6560,11452,-141,-86,144,7128,-9008,10412,-22,139,-190,-13792,4552,6056,-979,141,-113,-13824,-5144,6728,-493,139,-122,0
913.6596291065216,8280,6604,11332,-122,-85,116,7028,-9352,10512,-50,169,-180,-13640,4316,6008,-951,71,-66,-13792,-5376,6684,-765,139,-107,0
913.6951770782472,8392,6680,11428,-125,-38,95,6936,-9336,10420,-60,140,-177,-13544,4304,6168,-971,77,-79,-13828,-5136,6604,-481,146,-130,0
913.7319469451904,8296,6456,11472,-120,-26,92,7156,-9268,10356,-31,134,-181,-13552,4184,6036,-998,89,-106,-13708,-5320,6724,-488,138,-102,0
913.7656960487366,8368,6492,11448,-115,-79,118,7060,-9340,10340,-3,89,-161,-13596,4308,6096,-770,116,-61,-13784,-5144,6676,-499,169,-115,0
913.7989859580994,8196,6552,11064,-149,-84,133,7064,-9336,10396,-16,142,-168,-13452,4324,5936,-990,146,-118,-13772,-5156,6700,-477,138,-96,0
913.8324539661407,8400,6840,11520,-125,-59,143,7128,-9364,10424,-51,98,-150,-13508,4344,6344,-995,127,-85,-14012,-5048,6876,-539,152,-106,0
913.8660399913788,8312,6592,11440,-110,-55,134,7028,-9288,10356,15,142,-142,-13576,4296,6136,-1070,105,-61,-13756,-5096,6792,-540,131,-102,0
913.8994550704956,8268,6612,11496,-107,-69,136,7060,-9260,10324,-5,109,-114,-13428,4304,6088,-769,100,-68,-13776,-5196,6776,-491,110,-128,0
913.933226108551,8196,6496,11324,-127,-73,109,7076,-9400,10304,-30,135,-136,-13616,4372,6032,-986,115,-57,-13808,-5100,6932,-502,119,-122,0
913.966903924942,8360,6656,11528,-172,-59,98,7156,-9360,10300,-22,98,-185,-13540,4104,5952,-952,100,-59,-13788,-5112,6408,-496,138,-123,0
914.0002579689026,8320,6524,11280,-137,-31,82,7252,-9388,10500,-54,137,-155,-13776,4596,6104,-978,84,-70,-13844,-5068,6724,-474,145,-152,0
914.033910036087,8404,6560,11476,-116,-42,83,7188,-9184,10616,-25,170,-160,-13596,4100,5912,-987,45,-102,-13652,-5092,6720,-474,104,-154,0
914.0674419403076,8356,6656,11408,-161,-39,53,7044,-9332,10508,-16,201,-185,-13548,4364,6136,-975,22,-59,-14016,-5300,6796,-441,113,-158,0
914.1007630825044,8316,6592,11424,-134,-58,68,7084,-9232,10716,-28,169,-181,-13600,4236,6148,-1002,83,-72,-13784,-5088,6672,-467,133,-139,0
914.1342129707336,8236,6624,11340,-143,-85,114,7012,-9308,10612,-12,125,-212,-13340,4348,6012,-992,133,-109,-13664,-5088,6692,-515,186,-116,0
914.1677191257476,8248,6556,11500,-73,-100,109,7108,-9384,10480,-23,108,-225,-13464,4396,6240,-1003,126,-149,-13772,-5108,6736,-500,202,-132,0
914.2012009620668,8236,6648,11548,-95,-118,84,7092,-9388,10380,-35,137,-213,-13704,4376,6064,-979,111,-111,-13776,-5020,6824,-486,189,-104,0
914.2346749305724,8208,6596,11476,-132,-74,82,7192,-9412,10460,-44,166,-191,-13496,4376,6116,-989,100,-72,-13892,-5072,6752,-496,136,-121,0
914.2682049274443,8372,6584,11472,-148,-44,107,7040,-9288,10424,-21,147,-163,-13316,4380,6184,-995,63,-42,-14056,-5084,6720,-489,108,-120,0
914.3017439842224,8324,6576,11392,-135,-58,88,7096,-9244,10508,-32,148,-148,-13532,4296,6132,-1003,76,-75,-13656,-5172,6816,-486,153,-156,0
914.3352670669556,8288,6564,11536,-145,-69,107,7048,-9376,10412,-28,143,-158,-13456,4396,5936,-1010,119,-113,-13748,-5032,6856,-472,152,-93,0
914.3688011169434,8192,6572,11480,-149,-105,103,7032,-9292,10684,-38,121,-201,-13488,4280,5908,-1008,149,-84,-13744,-5148,6708,-502,148,-101,0
914.401974916458,8360,6596,11672,-138,-129,122,7108,-9336,10724,-10,108,-196,-13572,4124,6164,-976,133,-84,-13972,-5260,6908,-494,135,-85,0
914.4356000423431,8308,6528,11452,-161,-89,143,7144,-9344,10680,-5,172,-149,-13508,4564,5932,-964,108,-61,-13812,-4928,6756,-473,146,-104,0
914.4693150520324,8172,6756,11620,-185,-79,130,7020,-9308,10572,-249,155,-159,-13480,4316,5852,-958,110,-89,-13816,-4868,6672,-512,173,-102,0
914.5026741027832,8220,6628,11440,-165,-109,101,7100,-9376,10688,28,146,-198,-13492,4284,6316,-1011,92,-154,-13716,-5156,6784,-528,197,-135,0
914.5360050201416,8316,6548,11580,-149,-143,91,7124,-9376,10420,251,173,-208,-13320,4356,5920,-844,-3,-144,-13812,-5196,6748,-535,143,-142,0
914.5697069168092,8256,6612,11416,-95,-142,73,7084,-9260,10344,-38,188,-200,-13540,4352,6004,-983,68,-101,-13804,-5068,6872,-496,130,-139,0
914.6029961109161,8336,6588,11364,-83,-108,50,7100,-9340,10352,-81,172,-195,-13588,4328,6036,-996,100,-90,-13952,-5140,6696,-465,149,-133,0
914.6364390850068,8408,6544,11360,-122,-28,75,7252,-9348,10560,-30,138,-165,-13384,4220,5936,-981,67,-36,-14044,-5020,6896,-502,109,-157,0
914.6700129508972,8436,6508,11476,-120,22,75,7080,-9280,10456,246,166,-140,-13316,4356,6204,-998,95,-23,-13816,-5056,6604,-477,47,-153,0
914.7036399841307,8260,6588,11428,-172,23,84,7072,-9320,10512,-18,135,-125,-13672,4324,6180,-1043,48,-62,-13820,-4912,6472,-476,75,-130,0
914.7369799613951,8272,6544,11684,-97,-53,106,7068,-9296,10492,-66,136,-142,-13360,4328,6012,-1003,72,-86,-13700,-5140,6824,-528,137,-142,0
914.7741141319276,8252,6624,11428,-87,-51,84,7016,-9296,10448,15,156,-156,-13420,4552,6212,-1266,84,-100,-13724,-5128,6664,-525,173,-128,0
914.8101661205292,8084,6504,11380,-100,-45,121,6728,-9292,10420,-15,148,-195,-13464,4332,5956,-1001,111,-104,-13816,-5204,6412,-544,176,-111,0
914.845016002655,8208,6872,11632,-62,-108,129,6988,-9344,10340,-42,112,-168,-13424,4456,6208,-1033,89,-54,-13916,-5208,6756,-501,139,-109,0
914.8803091049194,8216,6612,11304,-121,-59,105,7020,-9320,10576,9,89,-176,-13480,4192,6340,-1030,131,-60,-13804,-5128,6892,-520,154,-106,0
914.915538072586,8128,6588,11540,-130,-51,151,7096,-9264,10500,-43,86,-156,-13408,4180,6012,-972,162,-48,-13652,-5052,7160,-510,150,-80,0
914.951434135437,8240,6644,11520,-119,-113,153,7052,-9380,10280,-55,91,-191,-13764,4356,6056,-967,158,-114,-13716,-5372,6588,-507,193,-76,0
914.98770403862,8284,6580,11464,-113,-115,137,7096,-9300,10448,-65,138,-216,-13608,4136,6024,-979,128,-140,-13752,-5060,6652,-507,201,-132,0
915.0227870941162,8344,6584,11340,-176,-139,72,7404,-9396,10404,-33,161,-227,-13628,4380,5952,-956,71,-101,-13852,-4956,6748,-448,178,-157,0
915.0587530136108,8416,6596,11536,-150,-93,54,7400,-9332,10288,-23,201,-213,-13628,4264,6060,-990,37,-104,-13800,-5276,6756,-488,166,-174,0
915.093682050705,8296,6616,11472,-111,-89,38,7160,-9304,10396,14,180,-224,-13340,4280,6372,-1277,38,-125,-13888,-5180,6644,-491,160,-181,0
915.1291279792786,8352,6660,11432,-155,-87,49,7128,-9296,10456,25,197,-194,-13452,4416,6120,-1007,25,-126,-13720,-5156,6684,-469,178,-148,0
915.1641070842744,8212,6424,11296,-162,-50,91,6948,-9392,10308,-3,160,-203,-13408,4112,6304,-1001,57,-81,-13712,-5076,6744,-474,151,-117,0
915.1996569633484,8160,6544,11412,-129,-146,79,6952,-9372,10520,-36,140,-187,-13448,4408,6012,-1033,73,-85,-13736,-5172,6772,-513,149,-140,0
915.2349951267244,8240,6576,11560,-116,-81,138,6932,-9436,10532,-34,133,-155,-13500,4328,6052,-1276,135,-62,-13644,-5140,6612,-546,96,-125,0
915.2709050178528,8264,6684,11404,-108,-87,147,7152,-9228,10580,-84,118,-151,-13488,4244,6196,-951,105,-45,-13800,-5188,6652,-493,90,-79,0
915.305871963501,8400,6596,11276,-178,-43,131,7100,-9288,10280,-48,112,-141,-13820,4352,6280,-968,162,-37,-13776,-5156,6560,-487,95,-94,0
915.341875076294,8352,6736,11536,-163,-35,124,7048,-9400,10268,-27,121,-150,-13484,4288,5928,-1010,137,-57,-13696,-5148,6736,-473,125,-78,0
915.3777680397034,8288,6624,11472,-145,-74,129,7084,-9256,10392,-14,108,-159,-13568,4292,6148,-995,105,-38,-13764,-5116,6816,-481,100,-105,0
915.4139881134032,8260,6668,11528,-156,-121,107,7052,-9468,10240,-60,151,-170,-13540,4564,6204,-991,84,-65,-13704,-5104,6716,-259,120,-104,0
915.4475500583648,8276,6628,11508,-137,-93,121,7060,-9336,10572,-53,140,-158,-13468,4440,6000,-1010,99,-100,-13772,-5188,6708,-491,140,-115,0
915.4812059402466,8320,6508,11516,-145,-94,148,6996,-9276,10548,-9,119,-181,-13428,4352,5944,-1021,132,-102,-13644,-5192,6784,-506,176,-79,0
915.5147960186004,8284,6520,11264,-129,-80,111,7100,-9348,10372,-61,109,-154,-13544,4344,6176,-987,89,-78,-13712,-5188,6716,-257,130,-128,0
915.5482840538024,8332,6564,11504,-135,-98,88,7116,-9392,10496,-50,140,-180,-13528,4524,6004,-990,101,-92,-13848,-4888,6772,-476,135,-127,0
915.5818469524384,8268,6516,11724,-128,-66,85,7052,-9344,10556,-7,132,-178,-13544,4152,5952,-1005,86,-61,-13644,-5200,6620,-524,159,-147,0
915.6154260635376,8232,6556,11516,-149,-34,87,7048,-9348,10480,-18,186,-183,-13420,4388,6120,-1002,36,-69,-13688,-5232,6720,-476,177,-171,0
915.6494829654694,8148,6564,11380,-137,-56,66,7008,-9312,10264,19,163,-218,-13452,4156,6244,-992,72,-130,-13632,-5172,6832,-502,194,-131,0
915.6829760074615,8204,6728,11304,-145,-126,89,6932,-9340,10492,-21,136,-228,-13532,4128,6280,-1007,140,-175,-13652,-4896,6692,-529,169,-104,0
915.7168729305267,8236,6608,11276,-84,-111,116,7088,-9316,10716,-72,113,-222,-13476,4440,6124,-1002,103,-118,-13792,-5168,6780,-537,188,-131,0
915.7504780292512,8272,6580,11380,-91,-92,141,7168,-9248,10456,13,88,-149,-13528,4324,6072,-991,151,-80,-13796,-5156,6780,-759,140,-58,0
915.7833600044252,8360,6624,11564,-119,-45,149,7068,-9240,10408,-1,105,-135,-13508,4344,5980,-986,124,-80,-13780,-5184,6428,-543,92,-88,0
915.8169209957124,8320,6616,11348,-118,-71,105,7096,-9364,10488,-19,183,-137,-13516,4128,6328,-997,85,-95,-13812,-5368,6792,-492,122,-137,0
915.8504920005798,8336,6880,11356,-160,-81,122,7092,-9464,10488,-42,127,-155,-13596,4336,6108,-1025,124,-70,-13804,-5168,6768,-494,97,-83,0
915.8838109970092,8300,6672,11464,-140,-60,121,7092,-9072,10412,-47,120,-168,-13444,4320,6184,-977,122,-31,-13800,-5180,6680,-261,130,-121,0
915.917426109314,8204,6404,11368,-141,-53,145,7076,-9256,10452,-49,93,-152,-13496,4264,6396,-1033,117,-26,-13804,-5208,6840,-490,130,-102,0
915.9510180950164,8228,6680,11304,-175,-126,130,7024,-9428,10560,-42,129,-202,-13392,4364,6200,-1003,123,-111,-13728,-5196,6848,-522,149,-124,0
915.9843730926514,8200,6616,11556,-137,-128,79,7060,-9388,10536,-16,144,-222,-13516,4376,6208,-1001,63,-125,-13748,-5196,6820,-508,157,-113,0
916.0179409980774,8396,6680,11472,-142,-114,72,7072,-9308,10568,-253,184,-221,-13384,4436,6072,-1000,65,-120,-13820,-5176,6744,-484,162,-117,0
916.0515739917756,8208,6680,11460,-149,-90,62,7064,-9360,10600,254,163,-203,-13448,4416,5980,-1003,107,-112,-13644,-5108,6732,-491,196,-94,0
916.0851390361786,7944,6580,11576,-168,-129,125,7004,-9312,10432,-254,54,-221,-13568,4404,6072,-1015,161,-79,-13604,-5028,6808,-530,198,-100,0
916.1186780929565,8392,6568,11468,-105,-185,146,7068,-9240,10476,-40,25,-225,-13444,4496,6156,-874,144,-140,-13732,-5152,6908,-534,210,-65,0
916.1519711017608,8256,6588,11352,-122,-159,187,7220,-9244,10508,-44,31,-224,-13508,4360,6088,-998,172,-110,-13684,-5048,6864,-552,195,-57,0
916.1857481002808,8352,6604,11428,-142,-161,189,7144,-9208,10552,-21,57,-193,-13512,4276,6096,-1046,172,-148,-13824,-5372,6744,-548,178,-77,0
916.219290971756,8532,6588,11204,-110,-86,179,7180,-9348,10508,-4,64,-119,-13668,4272,6072,-1076,124,-84,-13956,-5128,6716,-604,119,-111,0
916.25296998024,8452,6648,11384,-80,-35,148,7228,-9276,10560,-52,122,-85,-13724,4296,5984,-1064,68,11,-13796,-5200,6812,-544,56,-146,0
916.2864899635316,8400,6580,11508,-89,23,105,7288,-9044,10416,-23,141,-74,-13324,4260,5984,-1029,72,-8,-13736,-5128,6644,-531,77,-159,0
916.3200089931488,8420,6704,11592,-131,-252,127,7108,-9380,10408,-14,154,-128,-13504,4220,6204,-1023,41,-80,-13708,-5236,6892,-498,144,-156,0
916.353611946106,8248,6652,11480,-182,-69,97,6972,-9228,10568,-27,207,-165,-13384,4308,6320,-1033,53,-104,-13592,-5156,6804,-487,156,-176,0
916.387090921402,8156,6628,11268,-145,-99,77,6892,-9224,10400,-17,178,-192,-13384,4260,5964,-1009,114,-116,-13664,-5224,6672,-504,211,-109,0
916.4204070568084,8188,6708,11608,-145,-122,122,6956,-9276,10544,-48,92,-196,-13396,4264,5952,-987,156,-103,-13596,-5196,6976,-486,186,-63,0
916.4581401348114,8220,6700,11360,-154,-103,121,6968,-9332,10472,-79,95,-182,-13340,4320,6136,-976,149,-45,-13700,-5252,6672,-453,122,-54,0
916.4936590194702,8344,6680,11740,-198,-101,137,7056,-9400,10584,-93,139,-151,-13728,4348,6244,-993,106,-83,-13776,-4876,6780,-486,120,-65,0
916.5291559696198,8216,6596,11440,-136,-65,151,7108,-9456,10520,-54,87,-158,-13516,4332,6024,-988,139,-253,-13704,-5064,6976,-550,112,-50,0
916.5641491413115,8252,6596,11404,-51,8,161,7120,-9360,10420,-70,47,-150,-13496,4536,6088,-1009,173,-53,-13748,-5092,6780,-588,115,-77,0
916.5995559692384,8216,6512,11364,-53,-49,172,7080,-9324,10476,-20,-254,-159,-13472,4356,5784,-1045,210,-76,-13704,-4900,6856,-554,182,-50,0
916.6348791122435,8340,6884,11332,-123,-117,190,7204,-9300,10504,-41,60,-152,-13424,4292,5948,-775,173,-114,-13876,-5096,6780,-537,129,-87,0
916.670732975006,8516,6456,11400,-138,-85,134,7400,-9336,10456,-55,138,-164,-13624,4300,6088,-980,95,-75,-13832,-5080,6716,-524,133,-139,0
916.7058689594268,8344,6580,11472,-175,-52,77,7128,-9376,10700,-15,156,-158,-13816,4236,6228,-1003,14,-93,-13696,-5168,6400,-758,132,-191,0
916.7417581081392,8328,6656,11500,-128,-43,48,7364,-9164,10420,-10,201,-154,-13380,4220,6392,-696,-80,-80,-13832,-5304,6524,-478,61,-186,0
916.7776420116423,8276,6648,11444,-173,-39,0,7152,-9156,10692,-59,176,-149,-13400,4224,6168,-875,-26,-34,-13752,-5228,6736,-431,119,-180,0
916.8133311271667,8200,6648,11560,-243,-249,27,7004,-9336,10304,30,158,-182,-13416,4408,6180,-973,59,-74,-13376,-5096,6840,-411,205,-89,0
916.8492069244384,8100,6456,11628,-178,-70,119,7164,-9316,10368,-40,91,-213,-13428,4444,6168,-1002,148,-136,-13708,-5056,6888,-766,203,-80,0
916.8843491077424,8244,6616,11400,-69,-107,133,7096,-9300,10620,-73,80,-210,-13464,4316,6136,-1055,145,-93,-13800,-5120,6580,-510,109,-86,0
916.9203760623932,8320,6576,11380,-80,-49,99,7216,-9340,10376,-103,93,-146,-13608,4308,6076,-980,115,-31,-13872,-5064,6696,-475,79,-98,0
916.9555139541626,8312,6628,11528,-217,-13,109,7228,-9440,10392,-33,195,-112,-13504,4236,6132,-1002,59,-52,-14056,-4876,6792,-466,104,-117,0
916.9918041229248,8296,6408,11312,-189,-22,103,6964,-9308,10508,-64,188,-145,-13528,4436,6032,-1005,55,-33,-13756,-4948,6772,-501,152,-157,0
917.0274050235748,8304,6556,11376,-119,-85,87,7068,-9236,10592,-37,162,-166,-13568,4544,6212,-1048,59,-83,-13772,-5164,6768,-261,166,-168,0
917.063754081726,8280,6528,11608,-139,-62,98,7004,-9384,10700,-4,176,-169,-13468,4292,6024,-1275,74,-93,-13664,-5216,6852,-480,166,-126,0
917.0991890430452,7948,6856,11272,-181,-62,110,6964,-9428,10460,37,137,-155,-13324,4452,6276,-1034,116,-139,-13736,-5100,6872,-473,174,-130,0
917.1327691078186,8136,6884,11596,-144,-39,121,6940,-9428,10292,19,121,-201,-13416,4444,6200,-1029,132,-132,-13612,-5212,6760,-517,192,-130,0
917.1662390232086,7936,6888,11576,-101,-130,127,7068,-9252,10356,-24,132,-201,-13512,4284,6288,-995,105,-98,-13640,-5292,6696,-516,219,-117,0
917.1999819278716,8416,6728,11616,-167,-140,117,7044,-9336,10636,-58,166,-215,-13500,4220,6112,-950,106,-48,-13724,-5124,6820,-477,144,-100,0
917.2336261272432,8244,6716,11360,-146,-118,116,7204,-9344,10584,-85,158,-208,-13532,4292,6272,-941,114,-133,-13692,-5168,6784,-513,146,-114,0
917.2670869827272,8264,6568,11236,-113,-139,116,7072,-9280,10416,-73,61,-222,-13504,4212,6292,-998,116,-136,-13772,-5088,6656,-519,114,-133,0
917.3003799915314,8396,6596,11296,-75,-72,53,7240,-9400,10716,-72,133,-168,-13688,4280,5996,-993,63,-116,-13764,-5160,6752,-476,92,-187,0
917.3339610099791,8416,6600,11312,-164,25,24,7120,-9128,10740,24,165,-153,-13812,4264,5980,-971,35,12,-13736,-5160,6716,-461,106,-189,0
917.367548942566,8256,6532,11412,-152,6,29,7184,-9404,10360,245,200,-160,-13516,4324,6120,-1044,58,-75,-13780,-5048,6712,-511,158,-165,0
917.4009940624236,8288,6680,11476,-152,-29,65,7116,-9344,10272,28,197,-182,-13580,4340,6232,-1078,64,-113,-13856,-5108,6788,-257,128,-115,0
917.4344539642334,8320,6764,11420,-127,-66,121,7032,-9308,10412,13,147,-166,-13432,4300,6372,-1040,98,-58,-13704,-5184,6768,-523,143,-91,0
917.4677391052246,8384,6496,11440,-110,-135,149,7020,-9268,10552,-96,126,-158,-13476,4336,6196,-993,115,-71,-13704,-5212,6996,-504,95,-94,0
917.5014050006868,8224,6672,11412,-159,-26,143,7084,-9296,10604,-33,120,-112,-13484,4392,6136,-1010,98,-33,-13796,-4924,6688,-482,76,-131,0
917.534912109375,8208,6612,11256,-148,-24,144,7012,-9348,10288,-38,144,-114,-13296,4492,6064,-1003,61,-255,-13740,-5184,6684,-492,91,-168,0
917.56844496727,8100,6528,11312,-129,8,84,6972,-9308,10432,-37,165,-100,-13336,4380,6380,-1044,45,-68,-13688,-5240,6948,-494,54,-182,0
917.6019279956818,8220,6708,11540,-157,21,57,7404,-9492,10392,248,63,-172,-13496,4336,6388,-945,90,-85,-13632,-5352,6896,-508,115,-142,0
917.6352789402008,8400,6656,11440,-141,-41,74,7088,-9276,10628,-38,100,-188,-13496,4248,5996,-998,132,-97,-13604,-5184,6844,-479,212,-110,0
917.6687381267548,8316,6428,11488,-170,-68,116,7100,-9256,10520,18,145,-195,-13472,4372,6092,-1047,169,-92,-13760,-5152,6756,-497,213,-91,0
917.7024240493774,8248,6752,11368,-127,-130,132,7124,-9360,10520,9,113,-219,-13588,4264,6164,-984,168,-148,-13644,-5092,6860,-452,234,-53,0
917.7360079288484,8296,6824,11608,-186,-195,171,7064,-9324,10492,-16,74,-259,-13564,4424,6368,-1013,230,-187,-13772,-5156,6832,-478,273,-51,0
917.7697911262512,8208,6424,11588,-153,-223,170,7000,-9396,10672,-25,120,-231,-13780,4100,5924,-1030,162,-183,-13692,-4968,6860,-489,264,-28,0
917.8033740520476,8412,6664,11280,-207,-213,188,6980,-9280,10448,-18,142,-256,-13520,4304,6064,-974,174,-150,-13800,-5176,6784,-456,205,-25,0
917.8369131088256,8144,6584,11468,-226,-198,159,6892,-9320,10572,-22,182,-219,-13472,4300,6220,-962,176,-134,-13812,-4980,6728,-469,219,-53,0
917.8702869415284,7972,6520,11496,-216,-180,154,7056,-9424,10716,-11,105,-249,-13488,4388,6192,-1040,244,-108,-13644,-5100,6572,-496,227,-18,0
917.9035351276398,8236,6612,11376,-231,-217,185,7028,-9332,10484,-25,91,-258,-13508,4104,6072,-1014,266,-169,-13788,-5040,6604,-451,273,34,0
917.9370920658112,8296,6592,11352,-230,-212,211,7140,-9320,10600,-8,44,-234,-13504,4408,6088,-1280,289,-194,-13756,-5104,6624,-444,302,21,0
917.9706029891968,8316,6564,11288,-213,-3,231,7072,-9328,10264,19,31,-275,-13596,4416,6036,-770,304,-173,-13824,-5368,6756,-470,261,-3,0
918.0041389465332,8324,6424,11512,-237,-273,238,7112,-9236,10348,-78,17,-290,-13576,4256,6068,-999,273,-131,-13756,-5272,6816,-456,261,-1,0
918.0379359722137,8304,6468,11448,-222,-223,217,7204,-9212,10716,-74,58,-238,-13608,4332,6052,-1019,250,-117,-14032,-5072,6676,-454,192,-54,0
918.0715520381927,8364,6584,11364,-202,-204,162,7120,-9216,10500,-21,111,-220,-13656,4552,6276,-1019,128,-125,-13852,-5016,6624,-491,169,-75,0
918.1047780513763,8372,6528,11448,-224,-106,124,7208,-9356,10724,13,153,-197,-13520,4236,6132,-778,104,-82,-13732,-5076,6696,-438,147,-107,0
918.1423590183258,8404,6560,11468,-183,-62,120,6936,-9200,10440,-29,142,-166,-13468,4280,6176,-1004,118,-67,-13824,-5124,6648,-477,140,-77,0
918.1782541275024,8376,6480,11444,-183,-42,79,7068,-9360,10684,-63,171,-210,-13496,4332,5900,-992,127,-35,-13808,-5036,6624,-258,150,-85,0
918.2137200832368,8284,6532,11480,-189,-54,138,6968,-9020,10404,-46,117,-146,-13560,4316,6080,-1027,101,-72,-13720,-5196,6672,-508,135,-108,0
918.2491841316224,8312,6520,11380,-123,-32,126,7380,-9360,10532,-254,131,-118,-13556,4352,5988,-998,83,-40,-13736,-5164,6884,-486,82,-177,0
918.2843780517578,8288,6632,11464,-161,20,106,7112,-9244,10352,-1,200,-138,-13480,4276,6344,-1000,39,-38,-13788,-5168,6800,-477,85,-158,0
918.3198189735411,8256,6544,11460,-118,-10,45,7060,-9416,10592,-21,200,-168,-13484,4228,6096,-1018,37,-68,-13804,-5180,6708,-493,142,-158,0
918.3549449443816,8432,6588,11272,-112,-52,64,7220,-9348,10248,-34,144,-181,-13464,4568,5940,-1018,109,-67,-13672,-5088,6716,-494,175,-158,0
918.390825033188,8228,6544,11308,-97,-28,58,7080,-9328,10508,-32,137,-175,-13544,4372,5992,-980,84,-84,-13776,-5324,6780,-495,140,-133,0
918.4273159503936,8236,6508,11512,-111,-35,90,7068,-9332,10636,-22,147,-181,-13648,4112,5720,-971,92,-38,-13748,-5120,6756,-459,127,-168,0
918.462229013443,8348,6508,11568,-156,2,83,7008,-9352,10380,-56,136,-150,-13528,4316,6016,-1000,117,-46,-13688,-4944,6736,-471,122,-125,0
918.4982221126556,8308,6532,11568,-152,-27,100,7112,-9328,10500,-28,159,-137,-13316,4356,6012,-999,76,-58,-13816,-5156,6700,-473,132,-147,0
918.5376219749452,8276,6644,11440,-152,-29,64,7100,-9300,10460,-24,150,-155,-13320,4292,5948,-994,36,-94,-13680,-5216,6824,-510,134,-151,0
918.5733740329744,8344,6880,11488,-119,-49,79,7112,-9356,10408,-47,179,-161,-13540,4236,5892,-999,27,-49,-13948,-5036,6832,-514,136,-134,0
918.6086630821228,8164,6548,11432,-139,-25,58,7076,-9284,10408,-39,190,-163,-13460,4332,6308,-988,49,-50,-13684,-4868,6768,-500,130,-114,0
918.6433880329132,8252,6512,11548,-98,-254,99,7168,-9388,10248,-34,42,-128,-13536,4292,5948,-1003,87,-36,-13672,-5056,6572,-486,83,-138,0
918.679316997528,8376,6644,11260,-57,249,89,7128,-9288,10532,-53,90,-120,-13568,4432,5980,-1014,96,-52,-14048,-5056,6512,-498,69,-154,0
918.7141299247742,8392,6580,11400,-111,-11,87,7148,-9220,10328,-92,158,-112,-13768,4096,5928,-953,-15,-219,-13888,-4944,6680,-496,49,-184,0
918.7514979839324,8364,6520,11508,-157,40,15,7080,-9388,10464,-37,229,-79,-13556,4376,6192,-1002,-54,-48,-13708,-5172,6868,-494,86,-214,0
918.7848460674286,8188,6616,11692,-159,56,50,6880,-9624,10572,98,504,-150,-13392,4528,6200,-1006,30,-151,-13484,-5128,6628,-481,193,-154,0
918.8184430599212,8048,6664,11664,-36,-43,74,6920,-9332,10244,14,146,-223,-13432,4384,6112,-1034,90,-159,-13636,-5152,6776,-543,237,-153,0
918.8517639636993,8084,6616,11500,-19,-136,94,7016,-9184,10500,-50,107,-265,-13436,4480,6088,-998,128,-126,-13728,-5188,6840,-545,201,-153,0
918.8853240013124,8268,6588,11488,-95,-68,76,7132,-9368,10308,-37,160,-194,-13796,4388,6352,-985,56,-93,-13856,-5072,6836,-459,124,-165,0
918.9189500808716,8348,6520,11556,-135,-31,39,7140,-9400,10340,-26,253,-139,-13520,4324,6044,-983,7,-102,-14012,-4940,6736,-460,90,-163,0
918.9524610042572,8316,6728,11480,-155,-1,89,7008,-9344,10616,-19,209,-124,-13520,4100,6096,-1019,12,-97,-13788,-4932,6868,-468,84,-142,0
918.9858410358428,8168,6632,11572,-143,-55,83,7152,-9348,10468,-15,142,-158,-13560,4600,5924,-1279,76,-66,-13736,-5144,6848,-467,135,-92,0
919.0195469856262,8428,6576,11236,-110,-73,104,6996,-9240,10456,-35,155,-188,-13356,4220,6020,-972,113,-76,-13668,-5152,6696,-504,164,-117,0
919.0532341003418,8164,6620,11620,-147,-116,118,6932,-9264,10528,8,119,-204,-13496,4400,5896,-1047,139,-148,-13652,-5096,6788,-512,224,-58,0
919.0867500305176,8384,6428,11412,-155,-163,160,7036,-9228,10512,10,112,-246,-13420,4352,6088,-1017,176,-175,-13720,-5200,6868,-473,273,-13,0
919.1203150749208,8140,6880,11572,-212,-256,197,6964,-9352,10580,-13,42,-263,-13552,4420,6108,-1010,4,-175,-13792,-5244,6800,-460,282,31,0
919.15376496315,8188,6460,11932,-176,-273,231,7096,-9316,10452,-77,33,-276,-13316,4360,6344,-993,506,-114,-13836,-5276,6816,-475,188,16,0
919.1873259544371,8368,6628,11496,-171,-510,229,7112,-8972,10592,-106,95,-233,-13596,4344,6000,-914,221,-63,-13704,-5200,6864,-498,190,254,0
919.2208590507507,8132,6592,11376,-218,-214,229,7000,-9360,10292,5,23,-195,-13472,4356,6156,-932,215,-106,-13812,-5020,6816,-435,213,46,0
919.2543430328368,8304,6616,11556,-246,-224,214,6936,-9340,10744,-66,83,-244,-13496,4376,6080,-995,253,-115,-13752,-5084,6732,-469,220,239,0
919.2880280017852,8252,6544,11556,-228,-233,202,7224,-9276,10264,-57,108,-250,-13632,4256,6076,-983,194,-120,-14068,-5076,6876,-499,226,-82,0
919.3217611312866,8404,6520,11488,-203,-154,186,7144,-9360,10356,250,103,-216,-13352,4580,5784,-1047,204,-83,-13784,-5020,6888,-762,147,-73,0
919.3550491333008,8328,6548,11448,-152,-133,151,7156,-9256,10300,-23,97,-210,-13568,4260,5836,-965,160,-70,-13680,-5248,6620,-503,199,-111,0
919.3883380889891,8264,6380,11308,-159,-105,102,7216,-9200,10436,-254,87,-187,-13480,4188,5864,-1053,115,-100,-13676,-5056,6644,-500,174,-179,0
919.4219851493835,8396,6424,11316,-144,-44,69,7156,-9312,10464,-19,160,-161,-13592,4280,6004,-1017,44,-54,-13844,-5004,6660,-538,154,-197,0
919.4555249214172,8356,6536,11440,-174,37,65,7248,-9436,10540,66,223,-125,-13504,4360,5908,-1041,37,-77,-13800,-5152,6584,-767,102,-202,0
919.4890639781952,8340,6628,11548,-185,17,61,7112,-9364,10600,37,160,-170,-13520,4316,6068,-1076,65,-52,-13832,-5144,6700,-486,121,-154,0
919.5226490497588,8248,6648,11584,-112,-23,90,7156,-9244,10464,-72,143,-182,-13568,4360,6140,-1014,49,-62,-13852,-5068,6880,-502,119,-163,0
919.5560541152954,8292,6544,11316,-105,-20,92,7120,-9136,10584,-46,143,-173,-13788,4244,6076,-971,75,-33,-13600,-4992,6792,-500,131,-167,0
919.5901610851288,8064,6572,11424,-160,-12,107,7036,-9336,10448,-29,162,-197,-13388,4324,6376,-1041,64,-71,-13720,-5332,6500,-461,156,-121,0
919.6237239837648,8108,6520,11436,-135,-35,89,7016,-9368,10672,22,162,-167,-13464,4324,6068,-1031,37,-104,-14020,-5256,6756,-510,166,-147,0
919.6571290493011,8408,6400,11740,-138,-55,64,7120,-9268,10268,2,158,-189,-13528,4316,6148,-1008,38,-139,-13788,-5204,6864,-549,160,-131,0
919.6905701160432,8316,6604,11444,-92,-74,54,7076,-9308,10460,-26,154,-189,-13324,4340,6004,-967,58,-141,-13784,-5180,6640,-494,185,-142,0
919.7241790294648,8328,6576,11488,-119,-89,89,7056,-9260,10512,8,147,-222,-13540,4368,6060,-1003,77,-131,-13764,-4980,6700,-501,235,-155,0
919.7577950954436,8264,6532,11504,-122,-132,110,7116,-9416,10380,11,103,-511,-13488,4396,6108,-1011,134,-121,-13820,-5016,6692,-510,0,-100,0
919.793834924698,8280,6640,11068,-41,-166,136,7252,-9268,10540,-59,92,-240,-13584,4316,5964,-1001,90,-103,-13836,-5024,6600,-519,154,-157,0
919.8291831016539,8420,6516,11388,-95,-38,94,7232,-9244,10416,253,168,-161,-13548,4336,6080,-981,12,-51,-13896,-5040,6744,-495,89,-173,0
919.8650410175323,8344,6552,11360,-193,34,63,7016,-9324,10516,27,225,-131,-13492,4304,6032,-1038,19,-55,-13664,-4880,6784,-485,146,-179,0
919.9004459381104,7936,6608,11496,-178,-6,105,6988,-9356,10488,53,167,-164,-13484,4324,5948,-1050,81,-75,-13736,-5180,6804,-477,158,-131,0
919.9358911514282,8192,6600,11488,-115,-106,136,7068,-9336,10540,-37,128,-196,-13484,4328,6388,-1002,109,-111,-13712,-5188,6780,-509,165,-110,0
919.9715099334716,8124,6508,11436,-112,-111,106,7072,-9028,10728,-71,166,-236,-13460,4216,5900,-977,112,-84,-13784,-5108,6676,-488,148,-130,0
920.0076439380646,8264,6600,11412,-148,-109,74,6984,-9224,10396,6,164,-176,-13416,4272,6156,-782,70,-68,-13820,-5116,6708,-489,156,-142,0
920.0427451133728,8176,6612,11544,-144,-20,100,7168,-9316,10688,253,131,-185,-13548,4548,6196,-1001,104,-127,-13800,-5152,6704,-499,163,-120,0
920.0786640644073,8248,6564,11684,-167,-79,90,7040,-9248,10480,-38,142,-204,-13508,4276,6156,-979,125,-92,-13732,-5128,6720,-478,178,-114,0
920.1137981414796,8276,6400,11424,-154,-123,126,7044,-9236,10728,-55,93,-219,-13584,4340,6172,-987,141,-139,-13820,-4912,6908,-518,159,-87,0
920.1497240066528,8380,6596,11584,-127,-143,159,7120,-9432,10256,-56,91,-181,-13600,4324,5812,-1040,131,-69,-14072,-5056,6740,-536,157,-122,0
920.1849761009216,8372,6640,11168,-115,-104,122,6912,-9284,10412,-7,114,-145,-13568,4244,5940,-1010,106,-52,-13896,-5124,6752,-764,114,-119,0
920.2208521366119,8328,6596,11380,-87,-37,113,7128,-9336,10436,-32,134,-126,-13604,4364,6112,-1032,85,-68,-13748,-5184,6892,-499,116,-124,0
920.2571029663086,8312,6532,11528,-181,-38,108,7128,-9316,10452,-9,160,-124,-13512,4332,6008,-1013,75,-20,-13756,-5100,6856,-479,139,-136,0
920.292370080948,7984,6548,11496,-172,-41,100,7024,-9396,10500,-29,152,-137,-13488,4264,6104,-1011,79,-73,-13748,-5068,6660,-474,138,-121,0
920.328027009964,8128,6612,11440,-145,-65,117,7084,-9276,10560,-42,121,-161,-13496,4252,6012,-958,97,-48,-13852,-5116,6700,-489,74,-109,0
920.3634190559388,8268,6564,11544,-142,-91,112,7044,-9280,10452,-70,125,-167,-13568,4356,6148,-1005,129,-49,-13724,-5228,6840,-493,123,-93,0
920.3993549346924,8124,6632,11356,-141,-81,101,7036,-9260,10748,-49,139,-178,-13452,4252,6104,-995,137,-105,-13808,-5056,6752,-495,168,-88,0
920.4344339370728,8172,6524,11372,-173,-91,118,6988,-9288,10516,-30,151,-212,-13488,4532,5908,-1010,91,-111,-13732,-5120,7056,-507,218,-125,0
920.4702689647676,8144,6580,11488,-130,-125,122,6912,-9284,10252,-13,124,-185,-13556,4292,5932,-772,154,-95,-13760,-5076,6860,-496,172,-94,0
920.5037081241608,8240,6632,11424,-153,-149,112,7132,-9288,10404,-42,107,-210,-13544,4340,6064,-1016,127,-116,-13876,-5308,6720,-471,140,-119,0
920.5374031066896,8388,6600,11736,-142,-72,94,7048,-9268,10376,-44,128,-163,-13464,4372,6112,-1002,93,-64,-13780,-4916,6580,-505,126,-133,0
920.5711450576782,8276,6492,11368,-107,252,64,7156,-9228,10440,-1,142,-155,-13616,4348,6132,-1023,57,-58,-13720,-5116,6800,-502,109,-170,0
920.6043400764464,8192,6556,11456,-146,14,79,7164,-9220,10472,49,166,-146,-13556,4276,6036,-1001,53,-98,-13672,-5040,6764,-500,108,-171,0
920.6379239559174,8244,6616,11328,-128,3,75,7040,-9272,10456,-20,196,-145,-13516,4324,6128,-987,65,-55,-13820,-5356,6760,-498,109,-159,0
920.6713500022888,8312,6580,11516,-152,-66,74,7164,-9268,10576,-52,152,-170,-13624,4292,6104,-770,52,-35,-13872,-5024,6740,-525,149,-167,0
920.7048361301422,8160,6480,11724,-124,-88,105,7016,-9360,10612,-23,135,-176,-13468,4392,6016,-1006,76,-54,-13712,-5248,6752,-460,130,-98,0
920.738435983658,8404,6648,11420,-131,-31,107,7004,-9416,10320,-49,124,-168,-13456,4264,6088,-967,84,-46,-13792,-5204,6692,-495,111,-91,0
920.7719540596008,8408,6432,11424,-111,-89,80,7032,-9288,10488,-56,167,-138,-13588,4288,6392,-981,78,-69,-13732,-5252,6800,-462,138,-150,0
920.8054690361024,8348,6636,11660,-133,-41,90,7012,-9320,10508,-50,165,-172,-13472,4372,6128,-941,126,-57,-13816,-5156,6772,-468,115,-133,0
920.8389649391174,7972,6616,11768,-178,-58,98,7068,-9364,10360,-38,165,-166,-13484,4268,6120,-981,132,-52,-13732,-5240,6728,-490,144,-113,0
920.8723080158234,8332,6408,11724,-164,-37,114,7128,-9272,10568,-34,128,-181,-13488,4280,5892,-1021,120,-81,-13704,-5212,6596,-490,111,-100,0
920.9055769443512,8248,6408,11772,-115,-63,127,6920,-9192,10740,-67,118,-164,-13404,4372,6148,-1017,111,-95,-13692,-5200,6896,-528,119,-112,0
920.9391760826112,8216,6548,11624,-148,-96,149,7164,-9332,10476,-51,98,-177,-13576,4288,6216,-1017,157,-50,-13692,-5168,6840,-501,149,-96,0
920.972783088684,8252,6624,11544,-136,-96,156,7124,-9360,10484,-29,114,-182,-13428,4540,6244,-1002,164,-106,-13812,-5084,6912,-499,162,-84,0
921.0060911178588,8216,6424,11320,-151,-126,146,7184,-9276,10544,-46,125,-182,-13328,4272,6096,-1009,137,-88,-13924,-5156,6716,-499,185,-82,0
921.0395140647888,8252,6508,11596,-144,-96,109,7052,-9320,10480,-38,120,-167,-13584,4152,6052,-770,100,-104,-13780,-5164,6672,-499,146,-112,0
921.0729029178619,8252,6540,11520,-124,-95,111,7076,-9376,10436,-24,110,-213,-13536,4164,5944,-1009,103,-83,-13760,-5084,6836,-487,115,-109,0
921.1064569950104,8252,6592,11536,-130,-78,94,7356,-8964,10456,-25,194,-204,-13416,4304,6064,-1006,65,-94,-13596,-5248,6664,-506,146,-171,0
921.1397650241852,8136,6656,11400,-138,-81,57,6964,-9300,10580,-2,164,-209,-13468,4228,6128,-1002,58,-90,-13644,-5104,6828,-495,166,-180,0
921.173619031906,8288,6404,11672,-138,-86,102,7084,-9332,10492,-28,163,-214,-13448,4396,6032,-997,71,-113,-13776,-5376,6684,-514,209,-145,0
921.2071590423584,8416,6908,11608,-128,-106,121,7076,-9220,10568,-20,136,-212,-13388,4376,6128,-1019,120,-131,-13768,-5148,6880,-501,157,-124,0
921.2407031059264,8236,6460,11540,-122,-85,110,7068,-9256,10532,-36,99,-184,-13524,4352,6132,-988,130,-144,-13776,-5148,6748,-512,154,-153,0
921.2743210792542,8236,6608,11676,-118,-99,120,7064,-9228,10680,-38,101,-199,-13576,4312,6136,-988,99,-81,-13732,-4900,6720,-529,122,-151,0
921.3076951503754,8240,6580,11316,-94,-55,86,7108,-9220,10560,-256,138,-163,-13696,4312,6120,-1019,69,-71,-13772,-5112,6704,-503,118,-169,0
921.3413980007172,8264,6776,11452,-98,-38,81,7072,-9368,10532,-2,149,-156,-13516,4588,6244,-790,-49,-69,-13744,-5076,6800,-760,88,-173,0
921.374757051468,8280,6616,11480,-110,-16,65,7104,-9416,10580,255,211,-156,-13460,4220,6320,-949,9,-77,-13716,-4940,6724,-519,98,-177,0
921.4080810546876,8292,6628,11584,-125,-45,65,7084,-9284,10240,10,177,-157,-13536,4380,6280,-982,63,-71,-13764,-5164,6768,-473,106,-143,0
921.4416890144348,8396,6892,11648,-135,-67,57,7020,-9268,10468,-32,176,-157,-13652,4348,6088,-968,37,-24,-13744,-5164,6764,-481,137,-146,0
921.4776480197908,8296,6620,11688,-143,-67,92,7028,-9328,10300,-51,164,-186,-13520,4324,6372,-950,82,-90,-13728,-5236,6776,-486,130,-150,0
921.5132811069487,8168,6632,11352,-129,-82,99,7032,-9252,10608,-41,149,-171,-13320,4552,6096,-1015,114,-95,-13796,-5124,6804,-467,122,-112,0
921.549241065979,7952,6600,11616,-173,-71,104,6968,-9336,10676,5,154,-156,-13560,4204,5984,-986,106,-83,-13696,-5220,6728,-475,118,-82,0
921.5849509239196,8140,6564,11564,-172,-77,111,7096,-9352,10568,3,151,-183,-13500,4384,6076,-1017,129,-82,-13824,-5160,6744,-474,161,-57,0
921.6202919483184,8152,6680,11672,-200,-171,150,6960,-9344,10624,27,138,-222,-13448,4340,6304,-1032,154,-150,-13608,-5208,6832,-499,263,-25,0
921.655424118042,8028,6676,11740,-110,-306,170,6864,-9292,10240,-30,74,-306,-13452,4416,6180,-1003,198,-193,-13680,-5176,6908,-494,316,11,0
921.690773010254,7960,6428,11400,-150,-322,200,6996,-9276,10428,-57,45,-326,-13472,4288,6060,-976,220,-158,-13748,-5348,6884,-498,227,16,0
921.7259969711304,8312,6608,11364,-159,-311,189,7028,-9244,10528,-59,82,-274,-13472,4448,6232,-1026,231,-149,-13644,-5372,6820,-532,223,-37,0
921.761754989624,8264,6652,11388,-202,-282,175,7096,-9228,10512,19,121,-245,-13536,4200,6064,-1006,199,-135,-13760,-5136,6816,-445,222,-20,0
921.7980999946594,8280,6892,11428,-219,-156,154,7380,-9088,10248,-22,136,-249,-13648,4300,5888,-993,196,-91,-13796,-5104,6596,-460,243,-43,0
921.8336751461028,8512,6532,11460,-263,-176,170,7220,-9308,10508,-46,51,-233,-13544,4292,6092,-1276,191,-168,-13728,-4936,6892,-455,210,-58,0
921.868942975998,8208,6496,11468,-167,-195,167,7168,-9240,10268,251,122,-179,-13576,4240,6044,-774,141,-63,-13784,-5060,6848,-483,148,-120,0
921.9042010307312,8144,6572,11308,-168,-105,144,7172,-9296,10480,-43,105,-155,-13492,4220,6280,-1000,114,-53,-13720,-4940,6672,-510,98,-111,0
921.9395070075988,8292,6644,11432,-160,-32,112,7156,-9284,10400,-74,131,-130,-13560,4212,6008,-1020,105,-3,-13748,-5008,6500,-497,94,-132,0
921.9747669696808,8412,6508,11440,-133,17,86,7144,-9260,10472,-30,175,-128,-13788,4360,6080,-1007,68,-61,-13836,-5288,6908,-464,113,-134,0
922.0106859207153,8276,6612,11376,-208,-30,111,7012,-9280,10612,22,144,-172,-13460,4324,6056,-1035,72,-37,-13632,-5084,6840,-490,143,-124,0
922.0459170341492,8008,6548,11488,-148,-66,132,7072,-9372,10588,-38,85,-168,-13792,4300,6112,-1016,135,-105,-13784,-5184,6820,-498,173,-97,0
922.0813629627228,8240,6556,11548,-138,-118,128,7152,-9304,10416,-80,64,-201,-13568,4548,6080,-996,168,-55,-13740,-5064,6820,-530,152,-107,0
922.11914396286,8328,6516,11464,-135,-109,126,7068,-9372,10300,-80,129,-185,-13540,4332,6192,-981,129,-52,-13792,-5044,6756,-502,163,-114,0
922.1524629592896,8320,6508,11280,-119,-106,111,7120,-9328,10512,-18,137,-193,-13472,4340,6060,-1016,103,-104,-13600,-4876,6716,-494,176,-123,0
922.1860830783844,8412,6604,11352,-155,-101,103,7128,-9292,10548,-26,178,-194,-13532,4312,6008,-961,44,-124,-13784,-5216,6792,-502,173,-146,0
922.2199599742889,8240,6524,11524,-141,-74,94,7100,-9368,10520,-35,169,-192,-13492,4340,6120,-954,71,-153,-13756,-5088,6820,-502,159,-119,0
922.253715991974,8308,6640,11488,-151,-113,81,7164,-9332,10468,-64,134,-194,-13492,4204,6068,-982,103,-137,-13816,-5072,6796,-486,198,-116,0
922.2873060703278,8348,6464,11364,-114,-87,111,7120,-9304,10392,-27,144,-199,-13544,4304,6168,-995,72,-94,-14032,-5356,6724,-257,129,-135,0
922.3208451271056,8400,6540,11556,-119,-62,107,7396,-9264,10716,253,150,-175,-13568,4604,6100,-1011,61,-95,-13740,-5352,6716,-504,169,-183,0
922.3544080257416,8324,6576,11560,-165,-70,87,7080,-9316,10268,253,164,-187,-13548,4100,6356,-988,88,-42,-13732,-5164,6748,-451,131,-124,0
922.38800907135,8268,6632,11656,-185,-47,94,7056,-9408,10492,-19,152,-166,-13500,4344,6012,-979,96,-121,-13784,-5052,6568,-498,139,-138,0
922.421380996704,8292,6572,11472,-154,-127,130,7124,-9336,10496,-46,142,-166,-13508,4272,6036,-1011,66,-107,-13804,-5136,6896,-514,149,-110,0
922.4549329280852,8352,6600,11736,-162,-91,141,6928,-9244,10524,-30,164,-170,-13556,4268,6164,-773,65,-80,-13696,-5140,6740,-258,111,-130,0
922.4884979724884,8256,6628,11352,-110,-39,126,7096,-9248,10488,-65,122,-163,-13484,4252,6312,-1004,105,-18,-13740,-5180,6684,-520,122,-101,0
922.5219321250916,8224,6576,11412,-129,-27,101,7128,-9208,10472,-53,123,-152,-13700,4120,6020,-1010,119,-75,-13720,-5168,6440,-465,124,-66,0
922.5554931163788,8388,6556,11332,-193,-44,95,7156,-8996,10676,-11,129,-167,-13496,4264,6112,-990,127,-65,-13816,-5248,6412,-436,137,-106,0
922.5891830921172,8336,6504,11516,-167,-43,96,7252,-9336,10412,-64,150,-150,-13576,4352,6064,-999,80,-80,-13868,-5104,6760,-459,108,-135,0
922.622729063034,8268,6632,11272,-152,-74,92,7196,-9352,10500,-47,169,-152,-13512,4328,6080,-996,72,-72,-13780,-5120,6796,-488,110,-125,0
922.6559960842131,8216,6564,11324,-106,-53,92,7064,-9292,10428,-50,152,-156,-13424,4572,6032,-994,47,-65,-13708,-5024,7152,-768,133,-139,0
922.6896829605104,8312,6540,11536,-114,-85,102,7088,-9284,10728,-18,155,-186,-13616,4288,5972,-1009,87,-103,-13776,-5112,6864,-489,153,-148,0
922.7230060100555,8236,6584,11772,-154,-58,114,7052,-9208,10400,30,154,-196,-13464,4372,6028,-1017,28,-119,-13796,-4892,6692,-498,191,-132,0
922.7564799785614,8388,6564,11436,-135,-86,89,6976,-9268,10448,-32,143,-185,-13524,4592,6112,-1007,72,-124,-13712,-5172,6844,-512,177,-143,0
922.7901089191436,8408,6584,11600,-188,-110,84,7116,-9252,10400,-38,99,-215,-13448,4380,6056,-992,120,-119,-13680,-5212,6752,-486,171,-127,0
922.823653936386,8344,6464,11728,-139,-113,103,6960,-9324,10724,-37,88,-181,-13528,4292,6296,-985,118,-81,-13808,-5224,6756,-494,177,-104,0
922.8573319911956,8260,6620,11376,-144,-92,125,7040,-9284,10524,-32,114,-168,-13324,4240,6136,-1011,105,-68,-13852,-5192,6708,-533,154,-115,0
922.8908381462096,8308,6508,11392,-152,-96,109,7096,-9248,10504,-58,104,-188,-13512,4324,6136,-996,115,-81,-13692,-5108,6764,-530,139,-131,0
922.9240350723268,8320,6524,11728,-148,-103,108,7148,-9444,10732,-39,140,-154,-13584,4232,6020,-964,100,-92,-13656,-5168,6908,-506,107,-102,0
922.9577860832214,8264,6540,11340,-147,-81,98,7188,-9272,10736,-22,155,-161,-13616,4332,6000,-1022,97,-102,-13776,-4904,6652,-497,142,-133,0
922.9912841320038,8288,6600,11336,-157,-65,95,7068,-9300,10528,-21,138,-206,-13556,4340,6084,-996,79,-67,-13748,-5192,6868,-467,165,-131,0
923.0248351097108,8304,6544,11516,-149,-47,84,7116,-9328,10504,17,118,-194,-13492,4268,6172,-988,113,-97,-13756,-4960,6772,-500,149,-96,0
923.0584261417388,8224,6648,11464,-166,-120,89,7084,-9256,10416,-13,129,-218,-13520,4100,6344,-973,140,-105,-13728,-5232,6724,-453,154,-96,0
923.0922169685364,8268,6512,11476,-165,-121,94,7072,-9296,10408,-70,145,-208,-13448,4588,6112,-955,111,-97,-13792,-5024,6800,-473,116,-115,0
923.1257181167604,8308,6600,11304,-192,-135,119,7144,-9300,10544,-92,171,-177,-13664,4604,6268,-983,101,-82,-13772,-5104,6816,-521,154,-117,0
923.1624789237976,8236,6480,11412,-178,-70,123,7060,-9424,10548,-56,155,-152,-13496,4356,5996,-1010,94,-73,-13756,-5148,6776,-523,115,-123,0
923.1981010437012,8380,6652,11420,-102,-73,123,7028,-9220,10648,-37,113,-167,-13512,4172,6080,-985,93,-52,-13776,-5200,6800,-511,101,-110,0
923.2336449623108,8360,6500,11432,-125,-46,109,7108,-9344,10580,-78,136,-156,-13324,4216,6052,-971,133,-27,-13580,-5204,6880,-475,129,-90,0
923.2696869373322,8360,6644,11344,-187,-53,115,7008,-9336,10748,-31,114,-165,-13464,4332,6152,-994,140,-46,-13672,-5060,6904,-462,165,-82,0
923.3050899505616,8308,6624,11300,-132,-85,147,7092,-9460,10300,-49,111,-178,-13568,4160,5888,-998,148,-58,-13772,-5180,6748,-487,145,-55,0
923.3403489589692,8236,6572,11300,-177,-40,137,7052,-9356,10468,-54,113,-171,-13504,4400,6136,-1015,131,-29,-14032,-4948,6796,-502,97,-93,0
923.3754749298096,8252,6520,11424,-109,-47,103,7056,-9440,10560,-53,150,-152,-13364,4368,6000,-993,73,-72,-13744,-5320,7140,-499,110,-133,0
923.4111399650574,8400,6652,11476,-148,-52,119,7020,-9352,10396,14,157,-193,-13496,4244,6196,-994,76,-79,-13756,-5120,6760,-506,169,-157,0
923.4470949172974,8244,6604,11768,-128,-85,92,7116,-9276,10648,1,157,-199,-13456,4556,6388,-990,45,-116,-13732,-5140,6796,-515,160,-145,0
923.4822199344636,8428,6652,11336,-148,-97,55,7040,-9288,10532,-14,167,-191,-13560,4348,6088,-984,46,-110,-13804,-5140,6816,-481,192,-140,0
923.517529964447,8364,6608,11328,-157,-91,72,7020,-9272,10480,-23,120,-231,-13420,4320,6120,-998,102,-123,-13760,-5100,6736,-480,197,-132,0
923.5583400726318,8240,6548,11584,-132,-99,86,7076,-9304,10604,-21,147,-203,-13568,4312,6276,-1008,104,-141,-13572,-5232,6528,-495,187,-97,0
923.5944900512695,8276,6652,11304,-134,-105,107,7144,-9332,10404,-9,119,-212,-13488,4280,6160,-1000,88,-109,-13756,-5088,6696,-499,190,-123,0
923.630660057068,8228,6608,11440,-126,-95,98,7056,-9204,10564,-46,146,-174,-13652,4284,6136,-1005,74,-86,-13800,-5376,6580,-493,113,-143,0
923.6654770374298,8444,6604,11312,-144,-51,67,7180,-9236,10388,-50,176,-147,-13516,4268,6132,-1002,56,-54,-13612,-4912,6760,-505,107,-141,0
923.7010519504548,8300,6512,11480,-138,-54,99,7076,-9224,10596,-10,143,-136,-13600,4292,6256,-1010,58,-82,-13740,-5116,6536,-760,126,-97,0
923.736207962036,8240,6644,11556,-120,-53,140,7100,-9280,10532,12,139,-136,-13552,4220,6260,-1046,100,-97,-13664,-4900,6768,-517,141,-103,0
923.7722890377044,8140,6624,11528,-109,-71,117,7080,-9156,10492,18,119,-185,-13364,4236,6172,-1010,100,-64,-13616,-5188,6884,-530,166,-128,0
923.8098120689392,8276,6624,11520,-117,-105,91,7156,-9412,10740,-42,77,-228,-13316,4268,5900,-1002,78,-87,-13608,-5136,6720,-261,162,-136,0
923.843418121338,8440,6548,11528,-101,-86,96,6912,-9344,10580,254,126,-209,-13480,4304,5960,-961,74,-66,-13820,-5124,6880,-510,135,-183,0
923.8771369457244,8240,6560,11356,-128,-42,53,7084,-9416,10688,-17,221,-155,-13512,4292,6164,-960,244,-110,-13804,-5100,6856,-519,114,-189,0
923.91055893898,8192,6620,11464,-136,22,49,7032,-9368,10496,32,188,-152,-13480,4344,6132,-1001,38,-37,-13628,-5192,6708,-499,53,-159,0
923.9439549446106,8388,6588,11500,-109,6,66,7124,-9344,10260,-49,226,-124,-13776,4268,5960,-1017,12,-51,-13784,-5176,6724,-509,89,-179,0
923.977488040924,8384,6564,11464,-127,12,42,7036,-9304,10740,-50,186,-156,-13500,4292,6136,-974,37,-31,-13756,-5192,6704,-493,132,-186,0
924.0112071037291,8244,6528,11480,-141,-9,56,7056,-9296,10356,20,184,-177,-13528,4116,6088,-1031,57,-111,-13752,-5152,6684,-451,162,-174,0
924.0448670387268,8428,6416,11648,-127,-9,47,7060,-9280,10244,17,175,-167,-13528,4332,6368,-1006,49,-108,-13712,-5268,6800,-474,151,-172,0
924.07847905159,8256,6704,11396,-124,-5,53,6940,-9288,10588,-28,218,-155,-13468,4304,6056,-1008,47,-74,-13728,-5240,6768,-475,70,-151,0
924.1119139194487,8140,6516,11536,-116,1,58,6956,-9380,10528,-41,169,-131,-13304,4296,6136,-924,49,-11,-13664,-5220,6764,-500,99,-153,0
924.1454000473024,7976,6428,11500,-139,-18,91,7012,-9240,10536,-39,152,-169,-13420,4264,5920,-1014,76,-50,-13692,-5364,6708,-504,112,-146,0
924.1787650585176,8288,6412,11328,-130,-40,94,6996,-9308,10472,-9,168,-143,-13468,4300,6156,-987,45,-32,-13784,-5168,6724,-516,106,-179,0
924.2124021053314,8444,6588,11400,-165,-254,64,6984,-9280,10556,-19,190,-136,-13448,4356,6184,-1013,69,-130,-13620,-5264,6884,-456,163,-104,0
924.2461380958556,8148,6788,11544,-225,-71,123,6900,-9352,10664,-1,104,-214,-13376,4128,6192,-1011,200,-163,-13712,-5120,6832,-478,248,-251,0
924.279778957367,8096,6700,11656,-155,-167,158,7008,-9308,10496,-50,67,-269,-13376,4144,6348,-1005,228,-152,-13624,-5180,6860,-764,246,-16,0
924.3135149478912,8116,6840,11456,-131,-235,201,7164,-9408,10632,-35,92,-9,-13428,4336,6248,-1007,209,-147,-13664,-5188,6816,-452,289,-22,0
924.3471360206604,8420,6824,11600,-163,-216,190,7292,-9360,10464,-71,98,-509,-13544,4344,6040,-952,190,-141,-13780,-5208,6808,-469,195,-30,0
924.3806929588318,8316,6576,11576,-130,-224,151,7016,-9348,10436,-95,128,-234,-13480,4376,6196,-951,157,-102,-13736,-5148,6700,-497,171,-93,0
924.4221661090852,8268,6404,11580,-179,-214,156,7076,-9296,10576,35,71,-285,-13444,4348,6172,-981,169,-150,-13784,-5160,6720,-416,243,-51,0
924.4681270122528,8260,6548,11540,-207,-187,152,7064,-9252,10460,-19,117,-280,-13508,4316,6064,-1006,205,-196,-13572,-5364,6776,-486,291,-254,0
924.511234998703,8264,6600,11416,-173,-3,194,6928,-9288,10624,-8,36,-272,-13476,4512,6044,-1023,507,-219,-13656,-5248,6800,-476,323,10,0
924.5448341369628,8132,6488,11524,-181,-289,196,7036,-9468,10388,-36,-48,-293,-13568,4204,6088,-1007,295,-173,-13676,-5104,6616,-507,232,252,0
924.5784380435944,8352,6508,11328,-185,-241,213,7184,-9152,10440,-256,24,-206,-13564,4308,6240,-1034,268,-103,-13760,-4920,6640,-480,199,-6,0
924.6116621494292,8412,6672,11512,-218,-111,174,7016,-9124,10640,-3,102,-154,-13508,4284,6376,-1020,163,-62,-13576,-5208,6676,-440,148,-17,0
924.645131111145,8272,6640,11488,-239,-142,176,7100,-9308,10688,-21,80,-192,-13792,4112,6268,-1046,147,-74,-13796,-5208,6772,-490,207,-45,0
924.6786370277404,8228,6628,11564,-205,-188,177,7012,-9328,10520,-54,47,-8,-13452,4288,6120,-987,204,-160,-13668,-5156,6780,-468,511,-24,0
924.711858034134,8300,6572,11584,-174,-244,211,7072,-9280,10488,-48,28,-306,-13460,4264,5964,-980,280,-197,-13572,-5128,6824,-480,280,24,0
924.7454209327698,8464,6588,11456,-158,-301,189,7144,-9248,10440,-67,25,-311,-13332,4376,5992,-971,260,-148,-14032,-5316,6888,-483,284,1,0
924.7789180278778,8420,6508,11332,-188,-270,207,7192,-9368,10528,-62,44,-295,-13548,4304,5868,-996,511,-144,-13768,-4976,6768,-465,237,-18,0
924.8119819164276,8380,6504,11356,-179,-218,176,7168,-9280,10456,-42,25,-267,-13596,4328,5976,-773,219,-137,-13776,-5080,6720,-493,209,-24,0
924.8491230010986,8432,6552,11508,-179,-217,181,7220,-9216,10480,-72,50,-255,-13660,4228,6108,-984,206,-141,-13760,-5012,6592,-501,230,-38,0
924.8842289447784,8364,6516,11480,-131,-222,171,7192,-9216,10488,-102,81,-268,-13576,4292,6104,-769,204,-152,-13792,-5128,6712,-487,238,-50,0
924.9195599555968,8444,6480,11420,-167,-247,161,7088,-9384,10372,-55,41,-281,-13568,4232,5928,-1001,213,-130,-13728,-5032,6476,-471,260,-42,0
924.954950094223,8636,6420,11436,-158,-233,186,7196,-9224,10332,-54,24,-281,-13632,4216,5952,-1053,209,-152,-13844,-5064,6664,-489,226,-59,0
924.9911501407624,8424,6480,11476,-165,-217,181,7216,-9204,10500,-23,62,-221,-13452,4108,6072,-1069,216,-163,-13764,-4940,6440,-498,260,-43,0
925.02729511261,8416,6448,11472,-137,-169,168,7208,-9292,10408,-14,181,-243,-13656,4108,5980,-985,190,-135,-13824,-5152,6704,-488,209,-54,0
925.0622761249542,8412,6580,11364,-170,-182,144,7196,-9012,10500,-83,95,-246,-13512,4204,6060,-1016,178,-82,-13980,-5040,6812,-509,202,-49,0
925.0981640815736,8448,6544,11352,-152,-201,172,7140,-9224,10356,-31,33,-238,-13504,4236,6008,-1013,203,-123,-13720,-5064,6744,-478,208,-60,0
925.1335821151733,8500,6556,11384,-183,-172,148,6940,-9196,10612,-46,89,-230,-13536,4228,6116,-984,160,-106,-13728,-5096,6652,-457,206,-46,0
925.169508934021,8668,6592,11436,-186,-204,139,7188,-9176,10540,-37,80,-249,-13608,4324,5896,-984,175,-157,-13800,-5020,6416,-417,238,-67,0
925.204728126526,8428,6500,11512,-192,-187,136,7296,-9192,10460,-63,94,-239,-13612,4236,6052,-1043,193,-168,-13808,-4936,6764,-477,183,-74,0
925.240926027298,8468,6400,11328,-159,-177,134,7208,-8992,10248,-87,143,-243,-13672,4276,5808,-774,182,-79,-13788,-4932,6660,-471,209,-93,0
925.2760951519011,8512,6508,11268,-186,-153,125,7132,-9312,10560,4,66,-232,-13604,4128,5948,-961,164,-169,-13820,-5124,6804,-458,245,-100,0
925.3123331069946,8260,6460,11380,-165,-121,140,7236,-9208,10444,-69,162,-224,-13788,4144,5928,-956,170,-111,-13876,-4916,6584,-523,175,-56,0
925.3473930358888,8584,6368,11392,-153,-170,129,7384,-9284,10400,-66,66,-202,-13800,4284,6084,-1000,107,-72,-13832,-4980,6620,-513,151,-151,0
925.3831329345704,8328,6496,11440,-131,-67,101,7248,-8984,10452,-26,159,-182,-13576,4236,5868,-973,127,-81,-13932,-5072,6476,-484,146,-216,0
925.4188079833984,8604,6392,11384,-147,1,22,7280,-9024,10328,-54,216,-182,-13588,4344,5800,-892,36,-52,-13764,-4816,6428,-565,128,-204,0
925.45360994339,8648,6332,11344,-187,-38,17,7376,-9076,10396,22,184,-133,-13592,4272,5892,-792,-11,-44,-13936,-4948,6468,-515,131,-227,0
925.4909760951996,8596,6428,11244,-174,113,30,7344,-9472,10464,88,283,-126,-13680,4260,5980,-1001,-57,-254,-13944,-5116,6716,-426,0,-214,0
925.524405002594,8424,6532,11428,-138,113,10,7112,-9228,10468,18,190,-105,-13592,4172,6112,-1041,23,-1,-13720,-5152,6648,-517,84,-166,0
925.5581829547882,8448,6560,11376,-115,31,33,7036,-9324,10492,-24,173,-163,-13512,4244,5988,-774,35,-95,-13668,-5120,6652,-465,109,-227,0
925.591756105423,8344,6548,11312,-115,-23,17,6964,-9316,10504,246,201,-172,-13360,4276,6016,-958,29,-113,-13680,-5060,6648,-487,157,-212,0
925.625242948532,8388,6476,11544,-130,-28,57,7212,-9424,10428,-57,195,-162,-13484,4268,6004,-940,68,-35,-13600,-5272,6716,-499,142,-165,0
925.6584589481354,8468,6612,11380,-169,-33,66,7084,-9156,10416,-80,175,-132,-13548,4292,6020,-963,34,30,-13852,-5140,6728,-444,64,-152,0
925.6919541358948,8476,6532,11416,-168,245,68,7360,-9352,10672,-40,116,-120,-13576,4276,6084,-938,-248,-8,-13764,-5180,6708,-526,56,-159,0
925.7255311012268,8500,6504,11448,-141,60,50,7244,-8984,10524,-6,215,-109,-13392,4188,5936,-957,-16,-34,-13828,-5060,6588,-486,64,-170,0
925.7592940330505,8504,6676,11700,-147,38,54,7256,-9240,10252,-22,236,-123,-13664,4208,5924,-965,-11,-59,-14068,-5052,6668,-479,74,-192,0
925.792809009552,8348,6580,11432,-125,25,23,7112,-9348,10496,-33,239,-137,-13652,4252,6036,-945,-16,-39,-13600,-5080,6564,-492,92,-200,0
925.8262310028076,8504,6520,11404,-90,-16,23,7160,-9220,10500,-63,196,-169,-13628,4324,5852,-965,16,-48,-14060,-4888,6900,-510,85,-203,0
925.859663963318,8412,6564,11416,-111,-2,-4,7012,-9428,10512,-15,285,-147,-13672,4212,5992,-948,-15,-17,-13764,-5076,6612,-446,44,-197,0
925.8930599689484,8256,6500,11396,-169,81,-39,7092,-9288,10340,-4,291,-121,-13564,4568,5992,-952,-67,-11,-13712,-5008,6800,-476,90,-220,0
925.9266810417176,8292,6464,11532,-169,112,18,6996,-9416,10416,17,276,-116,-13484,4428,6016,-986,-18,-61,-13780,-5056,6828,-508,104,-186,0
925.9601349830627,8128,6508,11560,-153,9,49,6996,-9420,10576,-74,263,-121,-13344,4408,6060,-988,8,-23,-13764,-5192,6892,-490,80,-98,0
925.9935619831084,8160,6608,11580,-148,-20,107,6948,-9316,10664,-128,140,-111,-13468,4116,6368,-919,95,-252,-13892,-5344,6852,-260,8,-121,0
926.0272710323334,8352,6416,11376,-166,-22,130,7096,-9260,10388,-103,169,-103,-13500,4288,6208,-948,69,-224,-13980,-5124,6668,-517,30,-123,0
926.0608520507811,8420,6516,11352,-132,40,129,6948,-9188,10536,-74,161,-111,-13572,4276,6028,-984,39,-47,-13684,-5176,6580,-477,42,-198,0
926.0941100120544,8328,6608,11072,-85,74,23,7192,-9164,10512,-41,277,-93,-13556,4168,5988,-970,-28,-22,-13964,-5196,6596,-468,30,-253,0
926.1276049613951,8396,6644,11632,-119,101,-57,7112,-9220,10456,-24,511,-152,-13520,4196,6280,-959,-51,-31,-13660,-5128,6628,-414,120,-210,0
926.1610929965972,8348,6532,11520,-213,72,-71,7060,-9300,10556,17,2,-224,-13748,4128,5968,-984,-27,-47,-13684,-5060,6728,-383,154,-197,0
926.194391965866,8280,6480,11432,-158,14,-29,6984,-9320,10408,-30,272,-194,-13400,4572,5996,-1016,7,-87,-13824,-5036,6904,-446,144,-187,0
926.2281460762024,8356,6640,11408,-135,-22,31,7036,-9384,10636,-58,211,-173,-13440,4384,6136,-971,34,-67,-13836,-5008,6800,-509,65,-153,0
926.261866092682,7984,6532,11312,-95,-9,78,7040,-9308,10508,-68,184,-122,-13404,4492,6064,-1007,62,-55,-13760,-5120,6812,-495,39,-144,0
926.295336008072,8016,6512,11764,-124,12,101,7160,-9328,10392,-106,181,-83,-13444,4432,6000,-975,24,232,-13704,-4916,7104,-496,75,-163,0
926.32896399498,8440,6548,11696,-153,41,106,6916,-9248,10496,-48,145,-80,-13472,4412,6096,-998,63,6,-13736,-5148,6756,-549,71,-145,0
926.3624629974364,8024,6516,11712,-87,4,105,7052,-9324,10452,-77,175,-103,-13528,4348,6176,-969,27,-35,-13628,-5256,6700,-533,56,-153,0
926.39550614357,8424,6596,11264,-87,3,68,7180,-9336,10520,-29,151,-139,-13468,4248,6056,-975,51,-94,-13732,-5236,6776,-547,125,-162,0
926.4292991161348,8180,6488,11388,-108,-13,52,7052,-9400,10468,-68,102,-193,-13428,4248,5888,-1030,104,-118,-13628,-5372,6728,-519,163,-141,0
926.46293091774,8288,6888,11580,-93,-46,32,7048,-9468,10556,-43,135,-228,-13544,4596,6056,-983,89,-111,-14032,-4900,6824,-479,148,-182,0
926.4961309432983,8300,6520,11540,-110,-43,25,7052,-9348,10520,-27,191,-208,-13392,4380,6092,-948,-13,-76,-13712,-5324,6888,-451,147,-228,0
926.5333590507507,8244,6604,11672,-144,-2,-22,6956,-9328,10300,254,4,-209,-13444,4376,6252,-927,21,-79,-13696,-5240,6692,-432,192,-174,0
926.5691781044006,8120,6588,11736,-170,-61,15,6908,-9368,10484,-12,204,-228,-13368,4488,6032,-951,59,-112,-13644,-5364,6840,-470,164,-138,0
926.60439991951,7996,6400,11336,-117,-95,102,7028,-9572,10256,-79,171,-198,-13368,4492,6028,-1006,120,-70,-13732,-5212,6808,-494,141,-115,0
926.6397700309753,8180,6592,11624,-129,-52,104,7052,-9228,10344,-130,155,-180,-13344,4460,6052,-932,81,-56,-13712,-5192,6528,-471,102,-98,0
926.675066947937,8188,6656,11316,-133,-50,104,7028,-9252,10644,-91,160,-143,-13636,4332,6204,-933,122,-20,-13720,-5232,6736,-476,76,-124,0
926.7105691432952,8224,6556,11408,-170,-33,84,7084,-9268,10476,-63,173,-151,-13484,4268,6036,-992,31,-63,-13676,-5184,6744,-491,118,-137,0
926.7456109523772,8376,6536,11672,-167,-56,88,7052,-9228,10276,-8,171,-165,-13408,4316,6168,-1000,57,-44,-13728,-5320,6748,-484,96,-128,0
926.7818160057068,8176,6900,11300,-149,-33,50,7108,-9432,10612,-74,215,-152,-13588,4340,6140,-994,58,-29,-13564,-5164,6816,-493,77,-155,0
926.8180301189424,8200,6536,11700,-129,-20,8,6956,-9328,10464,-7,193,-200,-13336,4476,6204,-1041,126,-60,-13796,-5052,6836,-468,135,-147,0
926.8536140918732,8112,6556,11576,-130,-41,82,6984,-9256,10308,-252,127,-190,-13376,4444,6156,-1001,116,-116,-13816,-5028,6900,-461,209,-91,0
926.889198064804,7944,6436,11548,-150,-53,98,7052,-9408,10308,-47,97,-177,-13472,4396,5908,-981,87,-114,-13752,-5288,7020,-506,96,-129,0
926.9240510463716,8148,6632,11472,-162,-50,92,7084,-9360,10508,-3,147,-171,-13480,4516,6252,-1004,72,-47,-13660,-5032,6724,-536,120,-154,0
926.9598360061646,8244,6484,11656,-127,-86,95,7012,-9460,10524,-65,114,-155,-13448,4452,6100,-1011,70,-108,-13752,-5096,6768,-552,148,-154,0
926.994945049286,8308,6580,11264,-128,-74,139,6980,-9280,10560,-46,74,-162,-13444,4384,6020,-1041,82,-39,-13720,-5052,6740,-595,154,-158,0
927.0312840938568,8316,6628,11272,-62,-39,137,7040,-9360,10464,-9,139,-136,-13400,4308,5984,-776,68,-62,-13680,-5112,6720,-565,101,-129,0
927.0662269592284,8272,6620,11560,-113,-65,127,7104,-9160,10696,-5,86,-175,-13512,4312,6216,-1028,98,-91,-13716,-5224,6768,-512,110,-120,0
927.1018650531768,7948,6424,11460,-145,-30,106,7068,-9320,10672,29,157,-172,-13424,4304,6012,-1018,128,-115,-13776,-5212,6708,-492,190,-92,0
927.1376650333403,8008,6624,11640,-177,-84,116,6976,-9292,10728,-6,135,-216,-13328,4584,6064,-770,145,-104,-13660,-5244,6704,-458,228,-79,0
927.173938035965,8424,6624,11600,-129,-152,109,6936,-9320,10524,-37,105,-253,-13516,4400,6364,-984,113,-99,-13716,-4912,6764,-462,178,-92,0
927.207409143448,7980,6652,11348,-151,-112,96,7124,-9256,10584,-69,139,-210,-13496,4380,5988,-968,101,-97,-13820,-5200,6860,-465,137,-138,0
927.2412509918212,8252,6572,11488,-193,-29,75,6896,-9356,10508,-47,180,-185,-13464,4328,6176,-974,84,-103,-13556,-5188,6680,-455,133,-115,0
927.2748029232024,8032,6616,11428,-168,-30,112,7032,-9340,10308,-254,145,-166,-13520,4428,6212,-994,77,-72,-13680,-5316,6716,-479,150,-124,0
927.3082020282744,8232,6592,11424,-157,-48,93,7016,-9328,10748,-45,180,-168,-13456,4432,6076,-1020,97,-24,-13676,-5148,6828,-527,131,-101,0
927.3417339324952,8124,6672,11452,-119,-64,125,6916,-9324,10628,-68,111,-180,-13436,4356,6324,-994,126,-65,-13700,-5196,6692,-548,156,-58,0
927.3753471374512,8252,6572,11728,-99,-112,149,7060,-9368,10508,-35,84,-166,-13368,4424,6060,-1044,125,-120,-13780,-5252,6888,-519,190,-101,0
927.4084799289703,8028,6900,11612,-197,-139,127,7072,-9192,10520,-16,114,-180,-13404,4184,5908,-1042,119,-101,-13784,-5188,6832,-477,172,-97,0
927.4420111179352,8164,6612,11508,-142,-68,133,6936,-9336,10560,-34,135,-155,-13612,4372,6216,-1011,87,-79,-13788,-5088,6724,-509,108,-134,0
927.475506067276,8116,6608,11676,-158,-22,103,6744,-9336,10488,-27,147,-164,-13560,4412,6044,-1037,104,-9,-13752,-5104,6784,-507,117,-120,0
927.5090651512146,8124,6596,11424,-142,250,97,6684,-9272,10632,250,146,-126,-13440,4388,6044,-1030,80,-66,-13660,-5212,6768,-509,147,-134,0
927.542356967926,8240,6552,11636,-121,-57,106,7032,-9496,10608,-13,119,-147,-13532,4432,6148,-1007,86,-89,-13756,-5144,6812,-502,89,-136,0
927.5758891105652,8104,6520,11564,-141,-75,120,6656,-9380,10492,-42,138,-170,-13456,4336,6216,-996,101,-97,-13644,-5176,6880,-764,135,-99,0
927.6094229221344,8084,6584,11600,-116,-80,121,6992,-9336,10712,-65,134,-202,-13468,4368,6220,-1005,134,-98,-13744,-5160,6732,-486,178,-89,0
927.6426889896392,8068,6628,11572,-131,-107,138,7000,-9200,10508,254,124,-214,-13528,4312,6192,-1014,120,-106,-13684,-5124,6828,-489,202,-94,0
927.6762189865112,8280,6644,11416,-123,-132,157,7088,-9240,10624,-2,130,-165,-13500,4376,6100,-1002,130,-89,-13720,-5216,6680,-530,187,-109,0
927.7099471092224,8440,6516,11528,-128,-119,135,7008,-9224,10552,-68,92,-171,-13528,4408,6360,-1277,129,-83,-13576,-5224,6848,-511,147,-105,0
927.7433741092682,8180,6400,11356,-144,-46,107,6996,-9344,10608,-40,79,-150,-13552,4308,5960,-1045,120,-35,-13804,-5200,6788,-506,108,-135,0
927.7768981456755,7968,6524,11584,-150,-4,135,6932,-9244,10540,-14,133,-131,-13536,4404,6128,-1012,140,-32,-13668,-5192,6968,-480,104,-106,0
927.8103170394897,8412,6404,11600,-139,-5,124,7016,-9364,10564,-49,136,-125,-13568,4464,6376,-1029,114,-20,-13620,-5188,7128,-472,106,-82,0
927.8436629772186,8140,6880,11412,-150,-44,136,7004,-9316,10452,-79,132,-137,-13424,4572,6216,-978,109,-61,-13676,-5188,6848,-504,97,-117,0
927.877429008484,8040,6580,11628,-171,-104,140,6948,-9380,10476,-108,136,-150,-13548,4364,6380,-996,82,-28,-13708,-5168,6728,-500,127,-85,0
927.9105739593506,8160,6524,11296,-148,-75,106,7164,-9260,10660,-7,107,-184,-13480,4436,5992,-975,100,-55,-13772,-5172,7096,-507,135,-106,0
927.9442210197448,8040,6580,11348,-154,-36,123,7000,-9332,10576,-40,159,-177,-13416,4212,6048,-993,113,-67,-13640,-5156,6708,-488,163,-104,0
927.97767496109,8148,6596,11372,-165,-89,120,7016,-9424,10424,-41,124,-178,-13388,4120,6052,-969,141,-98,-13572,-5272,6700,-456,149,-92,0
928.0111849308014,7964,6676,11692,-142,-89,108,7036,-9364,10444,-65,137,-210,-13412,4420,6252,-978,78,-95,-13684,-5200,6856,-498,169,-146,0
928.0448651313782,8228,6460,11512,-181,-112,85,7036,-9396,10436,-32,163,-230,-13532,4404,6176,-1011,52,-163,-13792,-5028,6920,-508,199,-135,0
928.0784530639647,8096,6628,11572,-117,-123,87,6936,-9204,10708,-13,143,-179,-13404,4444,6248,-1002,82,-120,-13644,-5216,6760,-476,177,-115,0
928.1119120121002,8148,6660,11564,-129,-95,86,6984,-9328,10488,-33,155,-194,-13496,4416,6164,-1034,88,-101,-13652,-5132,6784,-499,183,-127,0
928.1454081535339,8196,6532,11516,-161,-46,72,7044,-9308,10524,1,102,-201,-13448,4404,6244,-786,117,-93,-13696,-5132,6736,-512,165,-82,0
928.178759098053,8224,6512,11704,-130,-91,136,6956,-9308,10540,-12,135,-175,-13456,4400,6180,-1009,127,-69,-13800,-4908,6904,-495,115,-98,0
928.215835094452,8188,6656,11700,-155,-93,152,7028,-9392,10684,-41,141,-133,-13496,4224,6324,-1010,133,-89,-13732,-5264,6832,-518,145,-68,0
928.2518410682678,8040,6688,11608,-159,-147,165,6928,-9292,10728,-45,159,-182,-13444,4364,6200,-1004,210,-130,-13572,-5200,6720,-456,193,-42,0
928.2873821258544,8064,6556,11408,-178,-169,165,6936,-9316,10576,-26,120,-507,-13464,4556,6148,-1011,193,-134,-13672,-5376,6864,-458,220,-57,0
928.3236610889436,8116,6660,11500,-148,-237,168,6972,-9372,10564,-36,85,-267,-13404,4432,6276,-1000,208,-193,-13596,-5180,6792,-510,261,-81,0
928.3591890335084,8140,6544,11488,-159,-506,171,6956,-9248,10608,-30,83,-274,-13432,4324,6228,-958,201,-104,-13704,-5176,6752,-483,278,-73,0
928.3945000171661,8164,6400,11632,-207,-232,158,6964,-9264,10480,-33,122,-244,-13480,4468,6176,-998,210,-126,-13816,-5184,6840,-458,249,-61,0
928.4312391281128,8192,6616,11320,-214,-212,164,6928,-9324,10484,-8,77,-251,-13340,4380,6092,-992,193,-166,-13704,-5108,6848,-495,229,-53,0
928.467278957367,8252,6584,11712,-173,-242,196,7120,-9400,10644,-44,41,-259,-13448,4348,6012,-990,231,-157,-13728,-5044,6816,-476,206,-18,0
928.5023910999298,8252,6592,11588,-204,-240,218,7080,-9248,10512,-140,91,-262,-13492,4596,5988,-1052,206,-130,-13756,-5040,6832,-507,198,-24,0
928.538598060608,8324,6424,11488,-189,-270,205,7144,-9348,10448,-9,68,-229,-13540,4340,5992,-1019,210,-145,-13572,-5080,6704,-509,206,-24,0
928.5773169994354,8272,6436,11556,-182,-207,190,7104,-9376,10560,21,56,-213,-13516,4096,6008,-1040,175,-167,-13576,-4892,6508,-763,185,-56,0
928.6126091480256,8192,6528,11412,-194,-223,189,7100,-9276,10436,51,68,-224,-13508,4360,5948,-1041,194,-112,-13788,-5052,6824,-766,152,-58,0
928.6481070518494,8284,6564,11512,-201,-240,193,7060,-9340,10644,32,-22,-240,-13500,4304,6112,-1095,206,-148,-13728,-5040,6748,-530,214,-63,0
928.683643102646,8192,6500,11748,-147,-176,182,7056,-9336,10448,43,-10,-225,-13612,4452,6240,-1106,190,-121,-13708,-5124,6748,-517,226,-82,0
928.7192499637604,8168,6632,11456,-142,-235,166,7076,-9320,10564,26,-252,-253,-13544,4232,6088,-1031,174,-153,-13704,-5252,6892,-462,201,-62,0
928.7550101280212,8296,6548,11408,-186,-210,122,7012,-9216,10288,-42,71,-254,-13468,4256,6020,-1004,186,-154,-13664,-5032,6708,-473,192,-108,0
928.7907819747924,8368,6488,11536,-220,-158,135,7052,-9200,10564,-17,68,-203,-13532,4320,5976,-1010,190,-114,-13860,-5068,6612,-495,177,-70,0
928.8259971141816,8304,6444,11432,-164,-102,150,7096,-8996,10460,-60,125,-157,-13660,4164,5932,-975,127,-35,-13736,-4940,6728,-508,92,-145,0
928.8621280193328,8364,6548,11360,-103,-77,118,7116,-9172,10556,-18,147,-124,-13556,4304,5888,-1048,97,-65,-13816,-5136,6708,-510,86,-153,0
928.8955430984496,8380,6592,11336,-111,-255,101,7004,-9172,10396,-52,110,-140,-13468,4276,6076,-1056,140,-68,-13608,-5072,6740,-490,83,-102,0
928.9292690753936,8220,6608,11464,-159,-18,108,7088,-9216,10280,-31,25,-170,-13516,4324,5636,-775,172,-82,-13800,-5028,6808,-489,115,-107,0
928.9628801345824,8376,6464,11384,-125,-36,135,7060,-9236,10524,-63,-24,-173,-13356,4292,6268,-1059,212,-48,-13836,-5288,6748,-528,138,-183,0
928.9968700408936,8340,6548,11564,-121,-74,97,7248,-9356,10364,-86,143,-188,-13728,4424,6244,-869,22,-68,-13620,-4952,6892,-604,111,-105,0
929.0300440788268,8288,6572,11380,-71,-356,127,7140,-9332,10488,-79,47,-198,-13332,4400,6144,-980,37,-106,-13772,-5084,6976,-631,201,-106,0
929.0637390613556,8272,6440,11416,-49,-167,152,7004,-9348,10468,-34,64,-216,-13512,4420,5948,-1035,110,-111,-13820,-5000,6832,-571,235,-132,0
929.0974969863892,8368,6488,11428,-38,-53,150,7196,-9196,10624,-30,50,-174,-13636,4112,6136,-1003,81,-69,-13880,-5228,6704,-448,88,-137,0
929.1309850215912,8360,6416,11512,-136,84,100,6952,-9268,10544,-53,180,-140,-13448,4548,6380,-777,69,235,-13692,-5172,6764,-456,82,-92,0
929.1644251346588,8256,6592,11592,-145,11,54,7164,-9340,10284,-66,92,-173,-13556,4332,5768,-997,71,251,-13644,-5124,6860,-562,60,-125,0
929.1980650424956,8432,6472,11668,-206,-64,68,7052,-9296,10476,-106,136,-167,-13568,4408,5996,-875,42,-5,-13760,-5120,6800,-519,115,-92,0
929.231575012207,8376,6496,11588,-221,-104,109,7116,-9360,10412,-123,131,-197,-13444,4420,6036,-844,141,-59,-13724,-5016,6892,-500,162,-67,0
929.2650289535524,8244,6556,11556,-150,-152,176,7032,-9212,10468,-156,-252,-286,-13612,4380,5996,-937,229,-80,-13732,-5128,6828,-554,165,-58,0
929.2990109920502,8356,6428,11508,-98,-162,173,7268,-9248,10616,-76,-14,-240,-13696,4280,5988,-911,183,-100,-13800,-4964,6676,-533,98,-130,0
929.3327469825743,8460,6500,11292,-97,-108,88,7212,-9320,10336,-34,65,-219,-13600,4236,6120,-954,42,-133,-13824,-5112,6868,-585,81,-166,0
929.3662130832672,8548,6444,11392,-62,-19,53,7320,-9356,10288,21,289,-143,-13824,4296,6072,-964,-88,-94,-13884,-5188,6728,-537,118,-248,0
929.3996300697328,8372,6556,11452,-106,4,-17,7296,-9416,10484,-7,362,-142,-13516,4356,6332,-1027,-137,-57,-13732,-5088,6796,-560,93,-207,0
929.432904958725,8260,6600,11444,-115,-47,13,6964,-9236,10340,-90,189,-135,-13288,4496,6052,-1047,34,-39,-13768,-5224,6916,-554,55,-125,0
929.4665560722352,8176,6644,11456,-175,-81,94,7012,-9208,10464,-112,85,-198,-13500,4388,6228,-910,137,-41,-13804,-5108,6904,-537,89,-84,0
929.5000920295715,7968,6548,11460,-166,-115,172,7140,-9340,10428,-123,95,-194,-13504,4380,6072,-887,150,-52,-13728,-5344,6808,-508,141,-67,0
929.5336830615996,8236,6408,11372,-189,-119,171,7080,-9340,10340,-79,80,-184,-13556,4180,5932,-919,129,-74,-13728,-5320,6824,-555,111,-119,0
929.5673370361328,7988,6532,11756,-201,-198,105,6940,-9356,10460,-72,157,-214,-13548,4392,6388,-897,58,-73,-13608,-5352,6684,-724,83,-178,0
929.6008911132811,7984,6584,11540,-118,-379,152,6720,-9420,10708,-48,100,-291,-13144,4412,6004,-918,74,-132,-13612,-5068,6896,-713,127,-93,0
929.6342310905455,8664,6604,11412,-11,-342,205,7148,-9252,10376,-87,-17,-288,-13728,4416,6044,-962,179,-145,-13888,-5088,6812,-563,206,-12,0
929.6679289340972,8544,6560,11408,-69,-194,180,7352,-9208,10268,-99,146,-228,-13516,4224,5916,-1113,119,-125,-13836,-5068,6772,-450,158,-109,0
929.7017450332642,8380,6424,11524,-156,-75,107,7288,-9296,10392,-35,228,-150,-13532,4332,6164,-1055,37,-123,-13872,-5048,6856,-471,101,-175,0
929.7352769374847,8368,6504,11512,-149,1,28,6956,-9288,10484,72,272,-107,-13476,4432,6084,-1127,-24,-52,-13684,-5244,6808,-475,99,-160,0
929.7689220905304,8336,6568,11516,-154,7,61,7056,-9320,10292,12,176,-147,-13440,4168,6132,-1059,60,-51,-13584,-5176,7028,-428,90,-152,0
929.8024260997772,8356,6500,11444,-209,-9,80,7152,-9240,10388,-22,194,-180,-13560,4372,6000,-995,40,-43,-13780,-5136,6856,-389,62,-152,0
929.8360130786896,8320,6576,11456,-184,6,52,6780,-9312,10588,-3,316,-89,-13824,4460,6216,-937,22,-37,-13644,-5148,6852,-536,59,-237,0
929.8722450733184,8216,6484,11620,-59,-110,73,7056,-9388,10484,69,497,-234,-13500,4360,6092,-953,10,-107,-13656,-5156,6844,-617,76,-202,0
929.9087579250336,8288,6572,11460,7,-172,77,7288,-9512,10456,-81,177,-271,-13640,4416,6092,-966,-27,-106,-13752,-5224,6688,-565,125,-217,0
929.944226026535,8360,6580,11436,10,-141,13,7180,-9372,10508,27,73,-272,-13336,4452,6108,-1002,-81,-111,-13920,-5152,6740,-492,136,-270,0
929.979532957077,8484,6232,11300,-76,15,-67,7288,-9404,10332,-29,431,-173,-13596,4404,6120,-1048,-87,-146,-13660,-5080,6816,-497,165,-318,0
930.014953136444,8400,6656,11244,-120,61,-40,7056,-9248,10520,200,250,-67,-13424,4376,6144,-1149,-80,-114,-13772,-5224,6904,-512,166,-292,0
930.0506820678712,8300,6712,11496,-107,125,-36,7156,-9020,10744,37,275,-88,-13372,4264,6164,-1021,16,-41,-13624,-5288,6908,-448,103,-161,0
930.0859041213988,8000,6700,11728,-209,8,60,6884,-9296,10688,-39,256,-171,-13364,4408,6192,-993,154,-108,-13700,-5104,6696,-410,322,-44,0
930.1209330558776,8252,6620,11444,-119,-7,175,6960,-9456,10460,60,153,-178,-13416,4512,6192,-1170,234,-122,-13584,-5216,6984,-438,387,-60,0
930.1561059951782,7960,6528,11432,-6,-69,239,6940,-9340,10616,85,-7,-173,-13416,4408,6376,-1189,216,-128,-13808,-5548,7028,-626,164,-504,0
930.1918470859528,8140,6760,11752,12,0,102,7068,-9180,10552,-62,32,-240,-13352,4304,6276,-760,129,-82,-13400,-5368,6916,-602,155,-138,0
930.227921962738,8008,6472,11616,-59,-221,150,6976,-9424,10644,-193,-9,-322,-13512,4332,6108,-889,314,-175,-13704,-5172,6728,-259,346,92,0
930.2634239196776,8196,6424,11496,-212,-341,266,7204,-9120,10448,-136,-31,-296,-13648,4212,5992,-969,375,-163,-13832,-4960,6652,-470,262,35,0
930.2981979846954,8448,6888,11392,-176,-269,235,7216,-9404,10244,-154,1,-251,-13348,4204,6068,-972,248,-86,-13792,-5356,6508,-502,300,10,0
930.3342950344086,8272,6528,11400,-176,-201,2,7312,-9260,10452,6,62,-202,-13332,4340,5968,-1067,288,-100,-13756,-5048,6744,-518,241,75,0
930.3700089454652,8212,6208,11356,-155,-203,274,7336,-9340,10372,-9,-28,-183,-13580,4300,5980,-1137,300,-105,-14052,-5248,6904,-547,183,14,0
930.4054000377656,8380,6620,11416,-120,-183,238,7216,-8988,10692,-18,73,-169,-13692,4292,6124,-1078,175,-69,-13808,-5120,6640,-521,217,-17,0
930.440861940384,8520,6508,11380,-154,-158,162,7256,-9304,10384,36,95,-203,-13616,4364,6204,-1036,154,-133,-13788,-5220,6832,-435,214,-60,0
930.4759340286256,8392,6420,11488,-157,-120,122,6988,-9388,10380,73,213,-217,-13324,4424,6004,-982,60,-129,-13604,-5176,6772,-487,211,-136,0
930.5113520622253,8280,6508,11392,-136,-215,95,7000,-9292,10612,67,182,-211,-13344,4492,6088,-1098,107,-183,-13668,-5076,6752,-509,238,-96,0
930.5469210147858,8220,6568,11340,-107,-179,133,7040,-9304,10368,56,174,-264,-13112,4104,6044,-1095,197,-173,-13696,-5180,6732,-460,281,-33,0
930.5802071094512,8316,6532,11428,-186,-194,167,6944,-9412,10256,-29,79,-268,-13360,4292,5976,-984,250,-127,-13736,-5224,7048,-455,256,-4,0
930.6138069629668,8320,6540,11340,-210,-226,174,7024,-9320,10492,-54,48,-241,-13484,4320,6032,-970,210,-156,-13652,-5216,6632,-456,225,-51,0
930.6472549438475,8372,6520,11460,-188,-231,165,7188,-9228,10328,-27,92,-252,-13588,4372,6100,-981,177,-181,-13676,-5376,6556,-509,238,-102,0
930.6806349754333,8412,6588,11256,-81,-128,133,7232,-9232,10436,-19,135,-512,-13332,4180,6040,-979,101,-166,-13848,-5280,6704,-257,174,-152,0
930.7139480113984,8480,6568,11244,-91,-138,54,7228,-9184,10368,-42,157,-219,-13564,4132,6068,-968,54,-140,-13916,-5004,6640,-527,166,-199,0
930.747545003891,8656,6500,11080,-152,-44,58,7356,-9176,10484,10,138,-143,-13596,4308,5876,-769,50,-70,-14052,-5136,6532,-761,87,-165,0
930.781163930893,8560,6436,11196,-136,88,42,7332,-9148,10424,18,184,-108,-13576,4284,5968,-981,48,-14,-13880,-4880,6568,-501,40,-198,0
930.814455986023,8500,6648,11296,-145,79,88,7272,-9188,10444,-31,172,-55,-13548,4180,6096,-1017,47,252,-13756,-5260,6840,-493,16,-173,0
930.8480751514436,8412,6632,11472,-130,87,77,7192,-9456,10268,-60,93,-82,-13316,4376,5972,-1038,64,7,-13656,-5200,6744,-495,61,-121,0
930.8815820217131,8260,6640,11416,-135,41,95,7068,-9328,10500,-52,74,-107,-13596,4408,6168,-1056,89,15,-13756,-5160,6792,-530,80,-140,0
930.9147889614104,8376,6576,11504,-98,34,117,6996,-9356,10516,-32,57,-98,-13396,4376,6056,-1070,118,-26,-13776,-4908,6816,-544,89,-106,0
930.9482009410858,8296,6504,11328,-57,255,125,6996,-9292,10344,-105,117,-139,-13500,4152,6108,-1274,84,-45,-13772,-5152,6816,-552,67,-155,0
930.9818251132964,8228,6624,11552,-101,25,103,7168,-9340,10556,-42,94,-145,-13484,4288,6064,-944,76,-60,-13696,-5312,6780,-529,68,-171,0
931.0154211521148,8352,6548,11416,-92,33,74,6928,-9388,10432,-39,135,-143,-13568,4268,6108,-969,45,-47,-13848,-5180,6888,-524,72,-179,0
931.048947095871,8224,6648,11544,-104,8,44,7192,-9340,10240,-33,78,-149,-13464,4328,6168,-993,27,-48,-13704,-5376,6748,-258,79,-178,0
931.082185983658,8360,6868,11516,-122,26,60,7032,-9336,10624,-3,177,-184,-13508,4324,6152,-938,37,-99,-13756,-5124,6768,-495,152,-197,0
931.115697145462,8292,6560,11360,-136,-82,58,7152,-9328,10588,-22,187,-221,-13496,4272,5836,-975,43,-140,-13656,-5268,6816,-522,209,-161,0
931.1493101119996,8364,6596,11412,-102,-82,72,7148,-9456,10400,247,116,-267,-13448,4324,6148,-988,57,-156,-13780,-5236,6672,-764,216,-156,0
931.182904958725,8496,6624,11328,-107,-98,65,7328,-9224,10420,6,184,-230,-13528,4344,6132,-1267,85,-146,-13792,-5196,6776,-475,177,-160,0
931.2166340351104,8328,6668,11728,-77,-69,74,7204,-9252,10336,-37,165,-174,-13596,4100,6008,-988,65,-73,-13828,-5168,6892,-488,77,-139,0
931.2501890659332,8456,6600,11424,-98,-42,59,7220,-9356,10528,-16,155,-144,-13512,4596,6044,-1002,10,-26,-13760,-5200,6732,-514,72,-157,0
931.283744096756,8376,6400,11368,-125,-245,87,7208,-9192,10372,18,162,-144,-13556,4392,6344,-1048,-253,-40,-13668,-5140,6728,-533,102,-153,0
931.3173179626464,8364,6900,11496,-69,-11,115,7184,-9240,10408,-46,63,-111,-13460,4236,6232,-1053,51,-39,-13652,-5360,6812,-761,78,-153,0
931.35085105896,8268,6728,11392,-135,-42,101,6912,-9252,10404,2,185,-153,-13348,4344,6128,-1032,77,-86,-13728,-5176,6728,-258,105,-102,0
931.384218931198,8296,6628,11412,-147,13,96,6992,-9304,10512,-46,63,-132,-13492,4328,6040,-1037,104,-34,-13624,-5184,6688,-768,147,-95,0
931.4176940917968,8296,6400,11404,-114,-32,132,7080,-9304,10268,-31,70,-160,-13556,4168,6268,-1015,130,-19,-13756,-5192,6836,-262,145,-72,0
931.451236963272,8272,6900,11768,-122,-59,124,6944,-8988,10248,-46,169,-137,-13468,4328,6232,-977,76,-79,-13752,-5304,6820,-516,113,-108,0
931.4851040840148,8340,6688,11440,-125,-56,79,7336,-9368,10312,-66,149,-181,-13436,4352,6072,-967,130,-121,-13652,-5208,6740,-768,126,-122,0
931.518473148346,8304,6524,11480,-141,-76,67,7164,-9288,10596,-42,122,-214,-13568,4300,6168,-981,93,-94,-13696,-5144,6784,-477,187,-115,0
931.5544350147247,8244,6564,11416,-109,-59,88,7012,-9280,10436,-8,152,-227,-13524,4356,5968,-977,100,-104,-13676,-5256,6756,-507,159,-129,0
931.5898461341858,8288,6720,11472,-137,-111,100,6960,-9016,10736,-43,171,-184,-13476,4312,6108,-991,98,-75,-13784,-5244,6832,-479,176,-126,0
931.6250720024108,8488,6548,11436,-144,-89,82,6952,-9464,10400,-34,121,-187,-13580,4432,5920,-991,119,-80,-13744,-5248,6708,-758,149,-129,0
931.6612939834596,8340,6576,11516,-113,-58,92,7184,-9424,10372,-254,188,-167,-13544,4300,6164,-990,75,-119,-13680,-5188,6732,-468,147,-119,0
931.6975979804992,8216,6572,11348,-128,-70,117,7228,-9304,10508,251,149,-156,-13520,4372,6332,-1032,72,-91,-13616,-5224,6708,-511,144,-148,0
931.7326059341432,8308,6656,11472,-115,-55,66,7172,-9300,10732,-31,182,-179,-13432,4564,6048,-948,43,-94,-13700,-5136,6800,-518,136,-154,0
931.7676961421968,8300,6460,11404,-126,-53,102,7072,-9172,10464,4,173,-163,-13568,4384,6036,-991,19,-69,-13804,-5200,6716,-488,143,-105,0
931.8033411502838,8300,6684,11304,-126,-44,130,7104,-9268,10276,250,144,-156,-13480,4316,6128,-1040,102,-76,-13800,-5228,6712,-490,194,-72,0
931.838702917099,8304,6648,11536,-167,-85,135,7124,-9324,10556,-8,126,-177,-13488,4308,6140,-1051,170,-99,-13692,-5240,7016,-490,209,-54,0
931.8741850852966,8256,6756,11468,-151,-162,178,7136,-9360,10676,-24,87,-198,-13500,4144,6224,-1036,193,-118,-13680,-5260,6880,-508,209,-14,0
931.909775018692,8292,6572,11436,-147,-194,169,7008,-9288,10392,-20,115,-201,-13324,4384,6200,-998,142,-181,-13668,-5136,6820,-498,198,-94,0
931.9453570842744,8216,6604,11044,-82,-179,155,7108,-9272,10436,-36,154,-233,-13476,4264,6044,-984,158,-103,-13732,-5224,6688,-494,191,-75,0
931.980891942978,8320,6580,11320,-161,-187,129,7080,-9212,10632,4,140,-230,-13476,4340,6232,-966,137,-169,-13708,-5196,6880,-454,240,-58,0
932.016226053238,8364,6600,11560,-205,-148,132,7392,-9188,10356,-24,138,-252,-13456,4104,6056,-1002,172,-149,-13704,-5208,6612,-432,227,-52,0
932.0518090724944,8364,6688,11404,-190,-169,164,7260,-8976,10348,-50,172,-212,-13512,4396,6220,-1037,177,-81,-13800,-5348,6672,-457,195,-48,0
932.0880839824675,8464,6644,11548,-184,-172,195,7152,-9300,10516,-9,74,-211,-13344,4352,6032,-1040,184,-102,-13700,-5208,6720,-489,151,-68,0
932.123805999756,8316,6424,11380,-184,-193,170,7404,-9076,10388,-43,102,-211,-13520,4300,6072,-979,131,-120,-13808,-5196,6680,-486,165,-51,0
932.1593041419984,8448,6512,11248,-165,-185,172,7168,-9320,10260,22,85,-195,-13420,4288,6024,-1041,192,-146,-13632,-5128,6712,-508,219,-67,0
932.1940529346466,8264,6652,11416,-162,-124,167,7096,-9212,10340,-36,118,-177,-13508,4224,6080,-1044,156,-131,-13800,-5200,6640,-488,168,-60,0
932.2298109531404,8420,6572,11336,-166,-185,170,7152,-9232,10520,-35,88,-212,-13400,4252,6080,-1280,153,-114,-13572,-5116,6584,-485,215,-60,0
932.2634129524232,8360,6528,11324,-181,-123,146,7072,-9272,10524,-13,100,-214,-13372,4320,6144,-772,156,-66,-14040,-5116,6860,-499,190,-100,0
932.2971229553224,8420,6556,11216,-161,-135,147,6984,-9316,10404,-15,119,-211,-13500,4312,5956,-1090,176,-79,-13840,-5100,6636,-459,228,-86,0
932.3305549621582,8420,6704,11384,-154,-130,124,7152,-8996,10576,-7,123,-185,-13428,4252,6052,-1010,141,-150,-13780,-5216,6716,-456,168,-118,0
932.3639659881592,8364,6700,11412,-161,-135,129,7140,-9272,10452,-41,104,-194,-13520,4196,6092,-995,129,-127,-13820,-5152,6724,-493,128,-142,0
932.3977570533751,8472,6520,11020,-127,-86,70,7296,-9356,10392,-28,145,-157,-13604,4316,6000,-1019,37,-44,-13572,-5104,6640,-519,113,-173,0
932.430881023407,8404,6652,11292,-138,-6,46,7116,-9308,10420,43,183,-124,-13508,4164,5908,-1032,49,-58,-14060,-5184,6760,-476,107,-153,0
932.4643409252168,8348,6648,11464,-139,-253,99,6992,-9256,10368,-7,149,-137,-13468,4324,6000,-1003,114,-62,-13696,-5208,6420,-491,93,-130,0
932.4978740215302,8388,6668,11472,-143,-35,127,7160,-9320,10504,-38,108,-165,-13596,4324,6088,-1028,99,-77,-13988,-5344,6840,-521,146,-132,0
932.5312180519104,8404,6720,11172,-88,-49,142,7152,-9196,10440,-37,77,-176,-13392,4304,5900,-990,140,-67,-13808,-5228,6768,-509,140,-103,0
932.5648341178894,8536,6668,11364,-113,-38,144,7144,-9228,10440,-24,89,-148,-13468,4256,6168,-991,136,-24,-13776,-5240,6728,-500,139,-125,0
932.5978360176088,8204,6832,11436,-107,-21,138,7248,-9212,10360,-20,111,-142,-13788,4220,5960,-1014,91,-40,-13772,-5248,6728,-259,116,-183,0
932.6311540603638,8340,6696,11280,-132,-24,48,7408,-9252,10484,-248,198,-165,-13436,4312,6192,-995,70,-88,-13728,-5212,6748,-484,83,-165,0
932.6647260189056,8408,6604,11724,-134,-44,38,7128,-9296,10400,-63,179,-160,-13528,4308,6092,-957,247,-86,-13764,-5232,6740,-481,86,-160,0
932.6984009742736,8340,6612,11408,-132,-28,68,7368,-9376,10628,-41,177,-167,-13448,4300,5980,-970,52,-58,-13664,-5204,6800,-482,119,-151,0
932.7318060398102,8368,6408,11404,-107,-48,68,7160,-9288,10560,-30,131,-186,-13408,4300,6056,-934,62,-68,-13696,-5076,6524,-262,180,-135,0
932.7655611038208,8392,6592,11348,-89,-95,89,7116,-9216,10548,-38,146,-187,-13484,4244,6008,-1280,132,-85,-13692,-5124,6784,-528,198,-137,0
932.7989759445192,8464,6588,11336,-96,-72,111,6920,-9232,10384,-36,102,-210,-13576,4336,6084,-1005,121,-90,-13756,-5116,6692,-506,174,-100,0
932.8323891162872,8280,6580,11264,-134,-45,112,6928,-9084,10412,-17,138,-195,-13572,4288,6132,-769,123,-91,-13808,-5200,6892,-496,136,-150,0
932.8657939434052,8676,6612,11432,-122,-54,97,7252,-9264,10516,-74,145,-162,-13804,4288,6172,-1022,78,-35,-13736,-5192,6816,-491,124,-136,0
932.8992331027983,8368,6684,11660,-117,-71,118,7392,-9256,10244,-34,147,-158,-13456,4340,6080,-1002,73,-56,-13792,-5148,6684,-531,139,-128,0
932.9327490329744,8396,6432,11284,-116,-79,109,7216,-9324,10508,-31,135,-144,-13444,4236,6000,-1017,98,-72,-13804,-5192,6584,-546,108,-124,0
932.9663951396942,8340,6556,11616,-120,-78,125,7132,-9296,10608,-35,160,-147,-13528,4076,6024,-1001,93,-93,-13660,-5340,6756,-761,126,-130,0
932.9997529983519,8300,6400,11036,-111,-49,115,6992,-9188,10564,-36,124,-145,-13468,4332,5912,-994,91,-77,-13776,-5188,6704,-498,134,-142,0
933.0331110954284,8228,6592,11308,-145,-90,80,7172,-9268,10408,-29,154,-176,-13480,4276,6080,-995,79,-49,-13644,-5140,6644,-541,138,-111,0
933.0666990280151,8300,6680,11444,-127,-100,88,7124,-9276,10440,-14,143,-163,-13408,4348,5972,-999,70,-70,-13724,-5280,6784,-765,143,-105,0
933.1001739501952,8300,6640,11312,-137,-69,122,7140,-9304,10568,14,133,-177,-13512,4384,6092,-1004,143,-130,-13644,-5232,6780,-511,193,-74,0
933.1336801052094,8420,6836,11436,-125,-102,143,7040,-9364,10416,-18,99,-206,-13488,4116,6344,-978,206,-146,-13692,-5164,6832,-514,233,-51,0
933.1673431396484,8292,6688,11764,-79,-131,194,6924,-9364,10276,-88,22,-235,-13372,4324,5936,-1004,217,-131,-13608,-5332,6824,-534,160,-28,0
933.2009029388428,8516,6604,11452,-73,-129,172,7316,-9320,10264,-80,88,-180,-13516,4244,6016,-1008,145,-91,-13648,-5120,6664,-540,132,-103,0
933.2377710342408,8516,6580,11344,-104,-46,157,7364,-9260,10460,-35,133,-111,-13728,4256,6128,-1057,72,-57,-13928,-5184,6700,-542,30,-155,0
933.2727890014647,8288,6780,11312,-93,43,75,7376,-9324,10432,-66,174,-91,-13624,4292,6100,-1006,3,-18,-13876,-5212,6428,-525,23,-205,0
933.30877494812,8512,6564,11304,-151,39,63,7204,-9236,10508,-10,207,-131,-13484,4292,6008,-988,-4,-28,-13780,-5376,6904,-477,108,-183,0
933.3438749313356,8308,6628,11468,-181,13,66,7156,-9080,10672,29,241,-149,-13496,4284,6096,-1040,35,-115,-13772,-5144,6760,-435,175,-141,0
933.379487991333,8308,6632,11444,-158,-49,85,7100,-9456,10580,8,165,-173,-13380,4308,6212,-997,80,-84,-13716,-5300,6700,-453,160,-136,0
933.4148349761964,8336,6636,11288,-189,-82,66,6996,-9328,10520,-88,191,-229,-13408,4344,6068,-1003,90,-122,-13724,-5292,6768,-500,149,-138,0
933.4502410888672,8208,6568,11552,-107,-142,42,7028,-9276,10548,-44,145,-219,-13436,4400,6080,-962,69,-121,-13664,-5128,6692,-472,177,-122,0
933.48597407341,8328,6772,11344,-112,-70,96,7004,-9320,10452,-29,121,-198,-13548,4384,6136,-995,106,-99,-13840,-5172,6716,-534,161,-79,0
933.5214600563048,8284,6632,11432,-107,-88,121,7104,-9252,10440,-54,99,-179,-13800,4108,6048,-976,82,-30,-13792,-5176,6816,-517,141,-87,0
933.557851076126,8388,6656,11368,-149,-71,148,7236,-9284,10440,-44,77,-181,-13548,4128,6284,-1005,142,-58,-13688,-5352,6740,-765,133,-102,0
933.5979931354524,8324,6596,11524,-132,-111,164,7336,-9376,10252,0,17,-190,-13552,4276,5984,-975,144,-94,-13796,-5232,6712,-518,168,-85,0
933.6333990097046,8388,6640,11496,-128,-73,179,7152,-9264,10348,1,90,-168,-13592,4304,6332,-990,132,-94,-13788,-4980,6832,-523,147,-85,0
933.6682109832764,8448,6644,11332,-101,-114,149,7212,-9444,10520,-24,112,-161,-13576,4256,6148,-1035,99,-115,-13760,-5192,6756,-263,148,-131,0
933.7038869857788,8352,6592,11360,-134,-61,112,7284,-9244,10508,-24,162,-176,-13556,4252,6168,-1022,59,-96,-13784,-5360,6668,-529,116,-138,0
933.7394609451294,8384,6884,11400,-127,-37,75,7280,-9244,10316,1,162,-148,-13752,4296,6132,-1002,52,-75,-13740,-5256,6532,-469,126,-143,0
933.7748799324036,8320,6736,11548,-150,-44,75,7124,-9472,10476,19,206,-157,-13428,4336,6220,-1005,67,-70,-13700,-5224,6772,-460,172,-180,0
933.810711145401,8280,6668,11616,-209,-91,96,6976,-9240,10552,-9,189,-209,-13444,4188,6208,-984,160,-115,-13724,-5244,6748,-448,197,-57,0
933.8471639156342,8280,6716,11372,-138,-140,133,7012,-9308,10472,-21,114,-232,-13372,4448,6256,-1018,180,-157,-13776,-5152,6800,-503,3,-51,0
933.8837480545044,8216,6604,11380,-148,-203,162,7124,-9380,10448,-17,87,-247,-13388,4432,6064,-1019,183,-109,-13404,-5260,6868,-504,224,-62,0
933.9174361228944,8192,6748,11468,-125,-193,178,6688,-9324,10304,-45,92,-227,-13500,4296,5980,-991,195,-109,-13760,-5252,6896,-482,194,-36,0
933.9510459899902,8280,6416,11372,-166,-195,163,7044,-9348,10480,-46,103,-229,-13456,4240,6060,-969,240,-162,-13584,-5144,6772,-477,248,-33,0
933.9847369194032,8436,6612,11292,-209,-171,164,7220,-9412,10432,-50,82,-215,-13748,4404,5920,-998,179,-138,-13716,-4940,6488,-467,224,-256,0
934.0183320045472,8384,6548,11660,-165,-154,174,7208,-9220,10332,-24,114,-231,-13604,4400,5956,-973,173,-136,-13744,-5356,6740,-467,191,-42,0
934.0517680644988,8668,6752,11440,-192,-157,163,7280,-9356,10584,-33,125,-205,-13548,4252,6068,-990,159,-110,-13584,-5176,6788,-460,162,-42,0
934.0853791236877,8216,6572,11444,-216,-210,153,7096,-9420,10340,-42,131,-234,-13496,4376,6208,-1018,176,-109,-13772,-5148,6836,-454,216,-60,0
934.118931055069,8432,6532,11428,-185,-223,167,7180,-9268,10392,-40,118,-5,-13568,4224,6120,-1012,200,-187,-13688,-5096,6868,-459,270,-63,0
934.1521151065828,8536,6404,11504,-164,-196,147,6972,-9248,10580,15,36,-238,-13460,4328,6020,-1001,175,-181,-13792,-5104,6688,-477,238,-62,0
934.185702085495,8492,6600,11396,-185,-256,150,7136,-9284,10372,23,110,-255,-13456,4224,5988,-1035,145,-145,-13704,-5120,6592,-456,240,-50,0
934.2194380760192,8480,6656,11392,-224,-186,148,7184,-9260,10504,-19,91,-249,-13580,4216,6080,-1047,163,-118,-13808,-5140,6688,-475,215,-70,0
934.2529299259186,8364,6532,11500,-193,-166,153,7164,-9216,10392,-34,93,-221,-13616,4228,5932,-1018,169,-120,-13772,-5244,6752,-468,193,-59,0
934.2865240573884,8456,6576,11468,-188,-189,158,7088,-8972,10300,-11,105,-246,-13404,4264,5724,-1019,178,-147,-13752,-5172,6904,-479,195,-61,0
934.3200421333312,8316,6588,11364,-187,-212,167,7392,-9248,10492,-37,120,-220,-13644,4128,5960,-1026,171,-167,-13716,-5132,6792,-488,216,-44,0
934.353626012802,8472,6588,11340,-178,-177,170,7240,-9228,10568,-33,81,-254,-13540,4360,6000,-1008,156,-154,-13864,-5152,6428,-470,174,-86,0
934.3870980739594,8460,6584,11440,-136,-140,137,7288,-9248,10372,-253,90,-206,-13392,4140,6040,-1014,133,-104,-13748,-4880,6508,-521,167,-93,0
934.4209320545195,8524,6532,11060,-158,-143,138,7248,-9232,10532,-17,105,-187,-13496,4244,5928,-1018,132,-96,-13660,-5124,6736,-490,134,-133,0
934.4544470310212,8664,6488,11232,-163,-82,93,7260,-9156,10336,-26,128,-180,-13808,4244,5964,-972,124,-36,-13856,-5124,6704,-504,92,-129,0
934.4880790710448,8564,6528,11356,-150,-36,93,7296,-9088,10440,-48,169,-152,-13600,4252,5944,-1006,48,-50,-13912,-5124,6532,-525,116,-177,0
934.5216231346132,8480,6532,11400,-165,-4,56,7356,-9268,10388,-2,148,-151,-13612,4224,5972,-1278,51,-77,-13644,-5060,6724,-268,142,-169,0
934.5552010536194,8444,6548,11448,-112,-29,74,7164,-9264,10500,-33,135,-144,-13404,4316,5912,-1024,70,-46,-13820,-5136,6428,-260,105,-140,0
934.5888841152192,8512,6600,11292,-129,-13,69,7316,-9252,10564,-88,138,-155,-13536,4344,5876,-982,64,-51,-13580,-4888,6692,-498,106,-169,0
934.6220140457153,8520,6576,11408,-123,45,71,7256,-9256,10408,-53,179,-113,-13488,4108,6004,-985,74,-30,-13796,-4904,6716,-487,64,-137,0
934.6554429531097,8676,6416,11372,-100,77,70,7220,-9268,10444,-25,161,-126,-13540,4240,6108,-1019,22,-37,-13816,-5220,6728,-503,42,-182,0
934.6889090538024,8380,6624,11420,-112,76,78,7156,-9208,10748,-38,155,-105,-13544,4324,6024,-996,254,-33,-13740,-5192,6800,-532,43,-176,0
934.7222321033478,8440,6880,11460,-122,60,60,7268,-9200,10520,-84,214,-105,-13500,4204,6024,-976,39,-40,-13800,-5272,6768,-527,50,-163,0
934.755702972412,8376,6620,11540,-104,244,42,7096,-9292,10480,-83,164,-148,-13560,4584,6068,-945,31,-55,-13780,-4880,6752,-521,94,-175,0
934.789293050766,8320,6528,11372,-110,9,89,7092,-9288,10552,10,171,-140,-13408,4336,6056,-936,71,-55,-13624,-5208,6808,-503,140,-162,0
934.822804927826,8356,6644,11272,-107,-67,80,6920,-9344,10376,-33,154,-175,-13548,4336,6076,-970,61,-92,-14020,-5192,6848,-499,153,-178,0
934.8564569950104,8300,6428,11464,-132,-63,61,7212,-9316,10460,-26,193,-146,-13536,4340,6268,-1033,97,-92,-13640,-5344,6740,-490,120,-171,0
934.8897130489348,8428,6864,11400,-138,-39,84,7352,-9472,10480,-50,152,-160,-13524,4296,6120,-975,70,-73,-13772,-4876,6692,-258,120,-135,0
934.9271459579468,8328,6448,11052,-157,-22,79,7176,-9268,10388,-29,184,-150,-13568,4504,5948,-1006,50,-49,-13864,-5132,6844,-522,104,-152,0
934.9622530937196,8348,6508,11416,-105,-29,89,7200,-9240,10412,-37,146,-151,-13544,4308,6048,-969,40,-100,-13704,-5316,6792,-530,111,-147,0
934.9975039958954,8472,6604,11544,-130,-83,91,7196,-9260,10444,-65,157,-172,-13552,4308,6084,-1022,43,-58,-13720,-5164,6872,-522,116,-148,0
935.0334260463716,8488,6880,11592,-108,-44,77,7208,-9236,10372,-32,132,-157,-13500,4280,6320,-995,81,-47,-13660,-5192,6748,-264,109,-117,0
935.0698380470276,8352,6700,11492,-99,-51,105,7376,-9276,10424,-25,152,-138,-13492,4364,6156,-1046,115,-98,-13716,-5284,6888,-482,168,-110,0
935.1051111221313,8368,6412,11416,-132,-49,99,7028,-9264,10708,-23,111,-169,-13496,4096,6088,-979,98,-61,-13708,-5240,6868,-486,140,-104,0
935.1407589912416,8404,6620,11552,-122,-81,99,7176,-9364,10480,-29,129,-169,-13480,4348,6212,-1025,88,-103,-13724,-5220,6756,-521,175,-151,0
935.1758589744568,8344,6428,11376,-155,-56,98,7264,-9232,10732,254,212,-158,-13436,4356,6388,-1016,76,-83,-13720,-5236,6836,-521,155,-112,0
935.211322069168,8300,6644,11464,-110,-52,99,6928,-9196,10524,-60,143,-182,-13508,4352,6188,-998,79,-94,-14024,-5216,6664,-498,120,-151,0
935.2472069263458,8276,6608,11336,-131,-55,69,7088,-9268,10596,-42,148,-183,-13508,4196,6064,-933,125,-33,-13672,-5160,6792,-488,136,-144,0
935.2822740077972,8340,6604,11420,-155,-20,77,7096,-9360,10468,-33,151,-154,-13500,4340,5980,-979,90,-55,-13800,-5120,6696,-466,133,-101,0
935.3180849552156,8376,6588,11380,-138,-55,109,6956,-9256,10452,-15,160,-157,-13484,4328,5916,-992,119,-98,-13728,-5376,6676,-481,118,-92,0
935.3536529541016,8332,6624,11448,-177,-32,116,7168,-9312,10496,-66,114,-131,-13496,4340,6104,-937,53,-66,-13704,-5268,6620,-461,87,-134,0
935.3892900943756,8364,6852,11576,-140,-75,106,7220,-9352,10448,-44,140,-174,-13580,4324,6052,-996,72,-92,-13972,-5148,6640,-484,142,-131,0
935.4245009422302,8312,6560,11328,-156,-46,90,7064,-9268,10348,5,137,-174,-13492,4316,6072,-1033,71,-110,-13728,-5192,6908,-530,161,-143,0
935.4607920646667,8276,6564,11452,-80,-71,97,7120,-9328,10464,-13,175,-156,-13460,4256,6224,-1274,67,-97,-13756,-5360,6708,-512,156,-165,0
935.4962091445924,8400,6648,11532,-104,-72,85,7160,-9360,10416,-44,93,-169,-13408,4300,6072,-1013,78,-101,-13664,-5220,6656,-484,130,-145,0
935.5315639972688,8360,6620,11460,-128,-29,89,7124,-9228,10468,-64,150,-181,-13564,4284,6340,-993,132,-79,-13692,-5276,6884,-468,157,-117,0
935.5684189796448,8328,6584,11400,-157,-59,84,6920,-9340,10256,-33,159,-187,-13512,4368,6192,-995,111,-102,-13756,-5260,6844,-483,161,-88,0
935.601956129074,8340,6584,11380,-153,-64,115,7168,-9460,10424,-35,107,-202,-13516,4384,6224,-992,85,-70,-13800,-5144,6804,-482,128,-120,0
935.6349000930786,8296,6616,11388,-143,-68,104,6920,-9268,10480,-49,117,-173,-13456,4284,6184,-997,96,-88,-13776,-5196,6788,-761,137,-124,0
935.6681849956511,8384,6708,11484,-122,-65,104,7116,-9280,10348,-38,135,-179,-13464,4332,6156,-1007,90,-63,-13772,-5168,6716,-497,158,-82,0
935.701903104782,8368,6688,11308,-138,-39,125,7192,-9208,10632,-8,199,-168,-13436,4364,6072,-1062,122,-103,-13796,-5188,6744,-490,143,-125,0
935.735053062439,8344,6904,11388,-149,-70,114,7212,-9220,10584,-10,152,-196,-13548,4316,6040,-1008,128,-107,-13832,-5180,6660,-471,231,-99,0
935.7686059474944,8368,6708,11300,-175,-135,114,7152,-9240,10356,-14,124,-193,-13564,4296,6084,-1009,163,-100,-13772,-5172,6744,-454,225,-80,0
935.8020350933076,8260,6676,11612,-132,-190,155,7044,-9316,10420,-27,126,-237,-13488,4332,6348,-990,155,-158,-13776,-5272,6720,-489,236,-64,0
935.83540391922,8264,6444,11688,-184,-233,182,7084,-8964,10468,-31,133,-225,-13516,4292,5996,-1008,139,-146,-13756,-5284,6768,-494,194,-56,0
935.8690559864044,8316,6700,11280,-151,-176,138,6932,-9220,10548,-21,128,-221,-13440,4356,6144,-991,151,-113,-13680,-5324,6792,-445,202,-67,0
935.9023699760436,8428,6476,11504,-177,-176,131,7104,-9260,10532,-23,135,-234,-13548,4360,6292,-959,172,-115,-13868,-5208,6724,-481,230,-67,0
935.9356939792632,8364,6580,11336,-205,-162,138,7160,-9392,10448,-21,90,-222,-13516,4128,6064,-990,185,-109,-13644,-5152,6752,-469,239,-83,0
935.9693069458008,8668,6812,11460,-172,-173,161,7124,-9284,10456,-3,140,-213,-13536,4376,6384,-997,127,-160,-13708,-5188,6620,-452,182,-87,0
936.0029430389404,8452,6760,11392,-185,-188,148,7200,-9256,10456,-9,95,-222,-13404,4296,6192,-984,180,-133,-13824,-5100,6640,-500,179,-39,0
936.0364201068878,8404,6524,11348,-185,-208,188,7164,-9216,10412,-50,81,-234,-13592,4208,5900,-1007,204,-171,-13800,-5360,6620,-483,224,-49,0
936.070058107376,8468,6500,11312,-177,-211,175,7204,-9348,10552,-10,54,-240,-13660,4312,6108,-1004,208,-147,-13804,-4928,6656,-490,236,-57,0
936.103688955307,8512,6648,11308,-141,-189,160,7268,-9256,10424,-10,100,-226,-13348,4244,6356,-1001,178,-125,-13824,-5104,6724,-517,218,-73,0
936.1369569301604,8484,6420,11424,-185,-203,154,6920,-9360,10720,-28,105,-237,-13532,4204,5856,-1014,129,-158,-13704,-5048,6700,-470,211,-73,0
936.1700959205627,8384,6468,11740,-206,-163,156,7172,-9280,10396,-2,112,-216,-13792,4580,6088,-1016,150,-126,-13736,-4920,6660,-479,207,-109,0
936.2038090229034,8644,6568,11400,-177,-153,122,7288,-9280,10412,-15,100,-206,-13488,4292,6312,-1016,136,-124,-13744,-5192,6708,-466,195,-99,0
936.2375581264496,8340,6616,11336,-167,-157,143,7168,-9284,10584,-36,117,-244,-13500,4192,6340,-1003,131,-79,-13708,-5080,6676,-482,204,-102,0
936.2710640430452,8344,6608,11384,-164,-128,124,7100,-9208,10504,-48,111,-225,-13524,4240,6108,-966,116,-125,-13848,-5104,6700,-494,179,-121,0
936.3047289848328,8532,6536,11244,-150,-119,119,7248,-9332,10468,-68,145,-195,-13584,4236,5996,-980,106,-77,-13820,-5040,6676,-525,98,-135,0
936.3382189273834,8504,6464,11292,-125,-63,95,7220,-9248,10468,-5,128,-172,-13324,4232,5984,-1042,87,-109,-13680,-5104,6744,-495,138,-115,0
936.371621131897,8464,6644,11260,-135,-17,77,7264,-9328,10404,-20,134,-162,-13552,4324,6132,-1037,115,-81,-13788,-5172,6580,-496,128,-141,0
936.4048719406128,8464,6512,11460,-161,250,64,7204,-9372,10368,-36,138,-178,-13588,4328,6032,-997,104,-34,-13848,-5032,6436,-514,126,-164,0
936.438276052475,8192,6604,11232,-131,-31,98,7292,-9184,10512,-22,130,-136,-13420,4236,6036,-978,96,-21,-13764,-5196,6676,-487,78,-112,0
936.4718489646912,8484,6692,11288,-122,37,88,7380,-9072,10520,-64,130,-116,-13504,4216,6100,-1011,97,-29,-13784,-5192,6628,-257,94,-105,0
936.5054841041564,8432,6672,11452,-126,9,89,7060,-9252,10420,-20,100,-107,-13544,4344,6384,-1030,57,-64,-13740,-5168,6772,-267,102,-164,0
936.5391039848328,8344,6640,11364,-132,17,88,7136,-9308,10280,-25,167,-145,-13340,4212,6180,-913,-35,-55,-13740,-5216,6824,-495,93,-160,0
936.5724561214448,8340,6640,11432,-155,-11,53,6992,-9308,10456,-2,137,-142,-13556,4344,6124,-1005,22,-25,-13636,-5160,6908,-261,84,-153,0
936.6095111370088,8316,6504,11484,-115,8,61,6928,-9404,10260,-61,187,-142,-13488,4312,6196,-969,24,-95,-13748,-4960,6696,-502,98,-177,0
936.6454701423644,8376,6576,11416,-106,0,58,7132,-9336,10712,-60,153,-172,-13788,4244,6336,-958,64,-91,-13708,-5160,6824,-507,108,-121,0
936.6807990074158,8452,6496,11456,-112,-26,70,7228,-9464,10336,-28,183,-159,-13580,4564,6092,-980,113,-69,-14012,-5128,6720,-471,108,-144,0
936.7158589363098,8464,6520,11280,-117,-15,98,7168,-9272,10272,-47,193,-162,-13484,4248,6124,-1002,102,-77,-13840,-4908,6832,-505,113,-140,0
936.7513201236724,8380,6656,11412,-145,-73,71,7396,-9292,10360,-15,138,-170,-13560,4528,6384,-982,72,-69,-13616,-5172,6756,-516,108,-159,0
936.7877740859984,8352,6900,11348,-107,-54,80,7288,-9300,10520,-54,175,-169,-13536,4504,6164,-1009,44,-87,-13720,-5192,6752,-519,112,-153,0
936.822909116745,8316,6424,11412,-123,-32,57,7040,-9332,10316,-13,143,-157,-13508,4304,6012,-1019,74,-77,-13812,-5164,6676,-509,93,-163,0
936.859601020813,8368,6648,11440,-115,-26,79,7084,-9268,10288,-18,168,-159,-13540,4284,6016,-1009,80,-19,-13652,-5268,6620,-490,117,-138,0
936.894896030426,8292,6696,11428,-132,-18,84,7092,-9236,10368,-28,139,-137,-13456,4296,6120,-1009,54,-75,-13692,-5168,6704,-512,116,-157,0
936.9304461479188,8312,6648,11380,-98,-28,69,7148,-9376,10376,-46,211,-175,-13720,4316,5980,-1041,85,-65,-13696,-5188,6876,-501,152,-152,0
936.9659430980684,8288,6632,11372,-123,-59,79,7072,-9276,10592,-42,130,-170,-13476,4544,6068,-1004,95,-61,-13700,-5236,6720,-508,171,-118,0
937.0014431476592,8360,6692,11316,-139,-57,101,7048,-9268,10480,-32,111,-194,-13336,4596,6324,-1015,100,-102,-13680,-5240,6776,-496,152,-130,0
937.0375680923462,8328,6848,11408,-95,-71,101,7400,-9292,10612,-34,113,-189,-13380,4112,6084,-945,80,-86,-13824,-5224,6856,-477,162,-109,0
937.0728149414064,8340,6632,11360,-142,-77,130,7096,-9256,10416,-15,100,-193,-13756,4344,6056,-994,91,-118,-13748,-4932,6848,-495,171,-122,0
937.1080720424652,8292,6628,11440,-135,-58,106,7180,-9304,10460,-48,101,-211,-13464,4336,6128,-986,119,-74,-13772,-5332,6732,-477,136,-98,0
937.1434071063995,8316,6604,11340,-120,-79,124,7208,-9204,10420,-56,126,-178,-13556,4124,6292,-982,105,-113,-13928,-5364,6768,-257,139,-104,0
937.1792299747468,8384,6464,11420,-157,-46,91,7116,-9260,10516,-22,104,-182,-13504,4144,6032,-1020,90,-77,-13728,-5148,6816,-530,131,-109,0
937.214604139328,8296,6724,11344,-132,-23,118,7092,-9316,10560,-38,131,-150,-13568,4284,5936,-996,74,-117,-13780,-5268,6428,-503,118,-110,0
937.2515659332275,8340,6572,11444,-123,-32,98,7268,-9300,10496,-56,167,-172,-13484,4304,6044,-948,105,-94,-13688,-4904,6660,-520,142,-129,0
937.285017967224,8348,6576,11412,-165,-32,100,7152,-9344,10492,-19,119,-195,-13396,4348,6024,-994,90,-79,-13736,-5256,6820,-487,194,-117,0
937.3183579444884,8332,6704,11388,-133,-56,93,7408,-9336,10452,-3,170,-143,-13396,4564,5900,-1058,101,-44,-13756,-5312,6800,-446,140,-117,0
937.3518550395966,8288,6576,11620,-139,-57,104,7044,-9244,10312,-34,166,-168,-13516,4584,6356,-998,104,-47,-13644,-5236,6676,-478,97,-139,0
937.3852951526642,8088,6908,11720,-145,-81,76,7036,-9372,10424,-73,212,-214,-13572,4408,6120,-1025,90,-87,-13772,-5256,6684,-486,110,-128,0
937.4186539649963,8304,6892,11500,-147,-52,86,7144,-9252,10428,-32,147,-188,-13436,4316,6272,-993,98,-116,-13768,-4880,6900,-508,161,-157,0
937.4521460533142,8360,6900,11488,-112,-79,93,7112,-9392,10356,-12,98,-156,-13436,4272,6136,-1038,115,-78,-13684,-5260,6720,-537,170,-114,0
937.4858241081238,8344,6628,11728,-107,-119,115,7188,-9288,10440,-24,109,-182,-13520,4404,6116,-1012,100,-70,-13680,-5192,6880,-489,162,-117,0
937.5192320346832,8356,6576,11388,-130,-82,75,7240,-9264,10564,-40,239,-181,-13528,4408,5960,-1014,117,-81,-13776,-5132,6752,-499,155,-108,0
937.552864074707,8224,6632,11428,-132,-53,104,7164,-9336,10592,-34,135,-165,-13584,4316,6088,-1019,105,-124,-13788,-5064,6788,-472,188,-112,0
937.586462020874,8328,6644,11296,-193,-67,118,7192,-9356,10748,-8,158,-175,-13480,4300,6052,-1005,100,-99,-13744,-5168,6744,-479,156,-96,0
937.619637966156,8372,6688,11456,-163,-142,124,7240,-9268,10744,-35,120,-189,-13496,4380,6180,-1016,117,-105,-13772,-5276,6792,-486,210,-60,0
937.6530709266664,8244,6884,11320,-133,-165,147,7104,-9364,10532,-33,151,-227,-13552,4392,6216,-984,125,-118,-13720,-5224,6824,-497,199,-72,0
937.6866400241852,8264,6592,11688,-135,-198,126,7136,-9284,10420,-43,128,-220,-13468,4436,6176,-1000,133,-143,-13632,-5132,6868,-485,212,-60,0
937.719929933548,8252,6580,11336,-160,-189,157,7100,-9024,10388,-17,117,-250,-13528,4312,6092,-982,150,-161,-13652,-5200,6660,-480,234,-39,0
937.7535891532898,8288,6640,11372,-146,-206,140,7108,-9308,10280,-31,128,-272,-13516,4336,6016,-989,182,-150,-13744,-5208,6772,-460,260,-40,0
937.7871639728546,8364,6636,11408,-194,-184,157,7144,-9004,10256,-38,123,-234,-13632,4332,6036,-948,151,-117,-13772,-5180,6740,-458,215,-70,0
937.8205289840698,8400,6644,11720,-205,-193,154,7172,-9192,10436,-43,121,-254,-13464,4300,5988,-1074,241,-140,-13708,-5196,6824,-497,233,-57,0
937.853963136673,8340,6540,11364,-207,-176,176,6952,-9248,10308,-36,84,-230,-13484,4340,5996,-1083,189,-186,-13860,-5192,6700,-448,226,-59,0
937.8873789310455,8440,6636,11452,-189,-185,177,7144,-9224,10392,-12,104,-236,-13560,4372,5980,-1025,183,-135,-13744,-5164,6832,-451,209,-74,0
937.9207799434662,8292,6752,11412,-197,-216,126,7232,-9228,10652,-35,145,-254,-13476,4240,6124,-1002,196,-101,-13828,-5168,6668,-451,203,-54,0
937.9543619155884,8368,6856,11120,-217,-172,171,7180,-9312,10696,-16,60,-225,-13624,4556,6088,-953,170,-82,-13732,-5008,6692,-459,176,-45,0
937.9879851341248,8696,6616,11472,-182,-180,176,7396,-9304,10468,9,96,-170,-13464,4348,6116,-1042,125,-127,-14060,-5208,6728,-474,171,-90,0
938.0217690467836,8424,6840,11176,-188,-145,158,7396,-9184,10432,-5,96,-193,-13512,4280,5928,-994,146,-112,-13696,-5244,6508,-483,111,-68,0
938.055233001709,8596,6896,11424,-203,-107,142,7144,-9316,10244,-78,91,-199,-13496,4404,6116,-1014,142,-130,-13676,-5224,6652,-487,185,-100,0
938.0887849330902,8664,6592,11400,-143,-154,127,7304,-9204,10520,-26,82,-221,-13504,4252,6112,-1018,141,-114,-13664,-5156,6752,-497,223,-94,0
938.1222369670868,8404,6532,11456,-144,-123,136,7264,-9320,10408,-33,126,-199,-13404,4216,5932,-1001,151,-82,-13680,-5148,6684,-493,204,-120,0
938.1556370258331,8376,6516,11308,-119,-125,97,7220,-9276,10592,-61,144,-212,-13464,4236,6076,-976,114,-74,-13832,-5096,6636,-470,148,-143,0
938.189474105835,8376,6508,11240,-165,-42,87,7184,-9196,10408,-70,118,-172,-13540,4292,5952,-982,92,-91,-13704,-5088,6656,-480,109,-149,0
938.2228000164032,8484,6560,11372,-157,11,95,7272,-9264,10284,-12,154,-153,-13604,4296,5932,-1001,65,-65,-13760,-5104,6676,-482,127,-140,0
938.256422996521,8412,6556,11308,-148,6,77,7264,-8964,10520,-32,158,-146,-13488,4264,6128,-771,40,-96,-13588,-5172,6644,-516,131,-186,0
938.2938280105592,8512,6672,11384,-96,-9,70,7176,-9228,10652,-68,138,-161,-13544,4108,6048,-987,20,-32,-13740,-5144,6636,-767,113,-153,0
938.3293919563293,8388,6652,11464,-91,17,69,7220,-9248,10392,-48,158,-155,-13508,4320,5960,-1005,20,-48,-13684,-5128,6864,-499,94,-176,0
938.3647401332856,8388,6632,11260,-120,11,45,7224,-9344,10492,-18,166,-156,-13564,4312,6184,-1045,67,-60,-13752,-5192,6652,-492,94,-151,0
938.4007091522216,8368,6592,11740,-132,13,49,7092,-9260,10364,-21,185,-135,-13820,4312,6048,-987,31,-46,-13680,-5140,6740,-481,106,-173,0
938.4361889362336,8296,6836,11372,-157,29,72,7132,-9404,10668,-48,161,-125,-13540,4256,6232,-904,14,-68,-13688,-5176,6800,-503,47,-161,0
938.4723670482635,8296,6592,11736,-105,-23,83,7132,-9360,10448,-86,152,-157,-13548,4584,6056,-978,52,-16,-13600,-5076,7000,-551,102,-176,0
938.5074939727784,8320,6584,11652,-111,253,74,7184,-9324,10372,-39,140,-164,-13516,4296,5956,-957,14,-87,-13756,-5208,6672,-768,118,-140,0
938.5428819656372,8364,6672,11376,-94,16,83,7072,-9180,10372,-37,138,-149,-13664,4340,5960,-976,77,-49,-13808,-5212,6596,-517,110,-143,0
938.5776000022888,8316,6692,11428,-84,-70,75,7196,-9296,10372,-25,106,-188,-13464,4256,6032,-992,81,-92,-14064,-5232,6428,-486,146,-142,0
938.6160559654236,8460,6632,11552,-138,-8,71,6952,-9284,10316,-6,167,-169,-13528,4444,6056,-982,101,-93,-13716,-4904,6884,-491,152,-148,0
938.652930021286,8356,6864,11492,-93,-41,94,7180,-9328,10280,-24,164,-157,-13580,4292,5992,-1032,79,-82,-13620,-5284,6764,-505,120,-158,0
938.6892359256744,8400,6688,11320,-106,-13,108,7152,-9348,10552,-47,155,-151,-13516,4284,6144,-1009,37,-40,-13768,-5172,6852,-483,96,-139,0
938.7246170043944,8300,6400,11500,-127,-48,85,7208,-9224,10540,-64,213,-157,-13784,4212,5956,-988,71,-96,-13796,-5204,6788,-472,116,-86,0
938.7599351406097,8364,6728,11520,-189,-103,127,7100,-9348,10684,45,157,-194,-13464,4520,6116,-1032,125,-115,-13636,-5304,6760,-462,277,-62,0
938.794960975647,8004,6684,11620,-158,-209,176,7016,-9300,10672,-42,133,-264,-13368,4364,6292,-989,184,-216,-13724,-5296,6868,-497,301,-9,0
938.8304331302644,8240,6660,11608,-120,-320,176,7032,-9224,10520,-78,94,-295,-13352,4308,6372,-952,207,-151,-13768,-5240,6768,-485,264,-20,0
938.8659501075743,8364,6400,11412,-163,-504,177,7096,-9272,10380,-86,77,-283,-13424,4264,5968,-972,233,-193,-13696,-5220,6776,-446,506,-2,0
938.900990009308,8272,6412,11720,-212,-3,215,7356,-9328,10264,252,101,-260,-13516,4380,6044,-986,227,-180,-13668,-5152,6676,-432,282,15,0
938.9370839595796,8384,6668,11488,-211,-258,213,7076,-9384,10596,41,22,-14,-13340,4328,6120,-937,199,-189,-13752,-5316,6692,-495,260,-15,0
938.9705801010132,8432,6624,11440,-150,-280,187,7232,-9292,10388,-16,72,-262,-13500,4300,6060,-1276,174,-141,-13612,-5356,6808,-547,230,-20,0
939.004280090332,8372,6552,11464,-137,-209,201,7288,-9236,10324,-34,59,-248,-13524,4288,5776,-1018,189,-121,-13816,-5060,6536,-553,212,-61,0
939.0380499362946,8628,6524,11212,-90,-154,144,7268,-9112,10308,-43,65,-221,-13768,4216,6136,-1015,174,-117,-13680,-4972,6620,-556,164,-124,0
939.0716950893402,8700,6440,11268,-110,-83,131,7200,-9108,10440,7,98,-189,-13632,4232,6000,-1059,112,-112,-13740,-5096,6536,-485,181,-177,0
939.10502409935,8524,6520,11464,-177,15,71,7264,-9144,10404,2,130,-138,-13532,4260,6012,-1017,55,-58,-13884,-5124,6568,-524,119,-189,0
939.138482093811,8524,6416,11440,-152,69,59,7240,-9208,10432,-248,162,-134,-13664,4300,6092,-1035,66,-26,-13844,-5172,6560,-483,126,-169,0
939.1720910072328,8648,6596,11532,-210,58,75,7292,-9228,10536,-10,171,-126,-13596,4228,6120,-1031,73,-31,-13716,-5160,6684,-476,151,-113,0
939.205815076828,8504,6672,11400,-118,-19,105,7052,-9244,10448,-42,144,-153,-13640,4108,5888,-1013,49,-66,-13728,-5216,6744,-506,155,-152,0
939.238940000534,8284,6740,11512,-50,-95,101,7080,-9392,10572,-47,129,-220,-13508,4292,6232,-1003,75,-137,-13684,-5188,6784,-258,178,-155,0
939.2723541259766,8264,6548,11372,-71,-82,99,6992,-9344,10308,-17,100,-233,-13448,4408,5952,-1000,122,-86,-13704,-5124,6808,-502,155,-137,0
939.3056480884552,8364,6540,11384,-27,-33,119,7228,-9180,10372,-67,118,-159,-13588,4304,5932,-947,78,-3,-13764,-5188,6860,-503,69,-98,0
939.339154958725,8412,6668,11504,-105,-17,119,7220,-9320,10428,-53,182,-111,-13480,4284,5928,-972,50,-28,-13840,-5256,6676,-261,50,-135,0
939.3727760314941,8200,6892,11412,-183,-12,100,7180,-9268,10744,-85,196,-104,-13388,4264,5968,-988,84,-44,-13644,-5196,6688,-486,98,-109,0
939.4059939384459,8640,6668,11340,-153,-44,123,6936,-9280,10308,-26,124,-174,-13580,4312,5924,-1003,130,-118,-13760,-5124,6588,-504,201,-102,0
939.4397320747375,8220,6644,11436,-138,-95,144,7208,-9260,10448,12,90,-221,-13416,4156,5972,-1021,175,-153,-13700,-5376,6612,-533,263,-69,0
939.4734370708466,8532,6404,11448,-114,-169,130,7292,-9216,10392,-13,69,-506,-13580,4136,6088,-1011,175,-139,-13768,-5368,6760,-506,206,-109,0
939.5071160793303,8496,6564,11432,-123,-152,116,7092,-9176,10504,-30,110,-214,-13780,4604,6048,-995,128,-111,-13860,-5176,6692,-484,195,-138,0
939.5408389568328,8520,6672,11428,-128,-53,72,7172,-9276,10460,-18,179,-186,-13508,4316,6128,-983,54,-81,-13800,-5076,6852,-471,131,-156,0
939.5744400024414,8592,6896,11556,-158,-40,70,7228,-9252,10452,-5,185,-152,-13460,4296,5912,-1035,63,-105,-13700,-5180,6756,-500,120,-154,0
939.6080579757692,8312,6872,11676,-152,-45,86,7392,-9292,10696,-42,170,-159,-13516,4268,6032,-1004,53,-101,-14056,-5164,6692,-489,111,-112,0
939.6414830684662,8444,6692,11308,-105,-80,93,7128,-9248,10544,-96,147,-180,-13536,4296,6092,-982,75,-75,-13628,-4888,6792,-505,105,-127,0
939.6750061511993,8540,6604,11052,-152,-109,97,7096,-9260,10432,-51,143,-173,-13540,4260,6032,-979,91,-63,-13692,-5260,6496,-499,148,-128,0
939.7088289260864,8292,6880,11392,-156,-129,136,7088,-9212,10420,10,102,-198,-13552,4280,6072,-1015,155,-87,-13696,-5132,6612,-490,163,-77,0
939.7418329715728,8400,6608,11472,-128,-84,142,7112,-9396,10452,-42,99,-195,-13516,4296,6112,-1000,151,-99,-14080,-5156,6708,-511,205,-72,0
939.7755019664764,8456,6628,11464,-142,-106,136,7252,-9252,10464,-45,91,-196,-13628,4376,6072,-995,173,-92,-13832,-5056,6736,-516,132,-75,0
939.809147119522,8480,6900,11276,-126,-51,161,7204,-9268,10340,-46,97,-161,-13592,4220,6076,-1006,151,-45,-13772,-5088,6580,-266,120,-124,0
939.842617034912,8252,6644,11460,-123,-49,132,7168,-9224,10268,-30,94,-135,-13532,4312,6136,-1017,123,250,-13768,-5164,6808,-488,107,-138,0
939.8762140274048,8388,6596,11408,-181,-42,110,7404,-9228,10572,-72,138,-139,-13428,4324,6012,-1030,66,-37,-13704,-5104,6716,-499,115,-138,0
939.9098501205444,8364,6624,11500,-144,-105,97,7096,-9256,10396,-41,124,-149,-13492,4380,6052,-999,98,-54,-13796,-5216,6768,-517,138,-103,0
939.9430100917816,8420,6632,11408,-132,-74,142,7408,-9304,10256,-27,120,-198,-13472,4128,5884,-1002,176,-134,-13588,-5184,6496,-493,198,-85,0
939.9801590442657,8364,6536,11388,-133,-100,127,7252,-8988,10472,-21,132,-221,-13560,4300,6008,-1003,160,-151,-13964,-5204,6736,-484,195,-139,0
940.0159339904784,8392,6568,11348,-121,-111,76,7224,-9256,10344,-38,106,-236,-13552,4204,6060,-1010,79,-95,-13808,-5032,6732,-489,196,-116,0
940.0522329807281,8536,6636,11448,-124,-82,129,7308,-9272,10612,-32,168,-183,-13500,4332,6020,-994,109,-120,-13640,-5436,6512,-499,174,-154,0
940.087506055832,8376,6656,11268,-166,-76,99,7200,-9388,10652,-19,205,-169,-13812,4272,6012,-975,81,-52,-13968,-5224,6660,-475,150,-162,0
940.1234090328215,8412,6808,11376,-163,-79,87,7108,-9340,10260,-32,190,-190,-13556,4288,5900,-992,65,-109,-13748,-5152,6756,-471,160,-111,0
940.1592750549316,8236,6664,11424,-110,-73,111,7396,-9300,10472,-21,149,-200,-13360,4112,6028,-1010,119,-125,-13704,-5164,6820,-489,157,-94,0
940.194591999054,8532,6660,11372,-92,-94,126,7168,-9176,10432,-61,143,-181,-13524,4264,6160,-1003,92,-66,-13760,-5180,6756,-480,98,-134,0
940.2299020290376,8416,6616,11328,-99,-48,95,7224,-9280,10432,-254,138,-168,-13540,4276,6024,-1023,100,-123,-13756,-5140,6768,-481,143,-160,0
940.2650599479676,8404,6596,11384,-150,-70,98,7160,-9296,10452,31,122,-178,-13564,4252,6048,-1034,110,-85,-13792,-5132,6708,-488,193,-105,0
940.3009181022644,8204,6676,11516,-124,-72,100,7188,-9204,10452,-12,132,-191,-13484,4268,6100,-996,73,-140,-13656,-5236,6628,-762,185,-130,0
940.3362431526184,8608,6560,11484,-120,-77,124,7244,-9184,10368,-96,224,-192,-13780,4292,5928,-1035,105,-135,-13804,-5088,6696,-517,189,-90,0
940.3720860481262,8352,6636,11380,-92,-99,113,7216,-9248,10368,-124,144,-192,-13532,4308,6076,-1055,134,-91,-13800,-5116,6588,-756,196,-97,0
940.4080641269684,8364,6424,11300,-107,-87,130,7260,-9320,10396,30,49,-216,-13660,4264,5980,-1032,98,-120,-13804,-5196,6676,-520,161,-143,0
940.4432349205016,8504,6628,11440,-120,-71,77,7308,-9440,10404,252,174,-177,-13688,4228,6052,-994,-19,-123,-13704,-5188,6700,-505,108,-233,0
940.4796531200408,8376,6640,11388,-149,-53,-7,7272,-9320,10524,86,295,-195,-13516,4320,6116,-1016,-35,-123,-13688,-5228,6908,-485,197,-239,0
940.5150320529938,8196,6632,11552,-131,-67,-36,7120,-9376,10400,143,250,-276,-13412,4416,6044,-1020,13,-210,-13568,-5128,6712,-523,330,-231,0
940.5507979393005,8276,6428,11480,-142,-203,16,7124,-9280,10524,31,165,-322,-13428,4276,6028,-999,69,-194,-13668,-5296,6756,-473,503,-185,0
940.5859320163728,8360,6636,11352,-122,-171,9,7084,-9236,10380,-1,166,-289,-13660,4356,6052,-956,92,-137,-13820,-5084,6740,-505,162,-189,0
940.6218991279602,8680,6648,11316,-200,-67,72,7268,-9000,10272,40,162,-235,-13496,4228,6216,-955,101,-151,-13820,-5184,6776,-496,173,-162,0
940.6553239822388,8204,6400,11488,-163,-52,74,7192,-8968,10280,250,181,-205,-13336,4272,6088,-982,58,-139,-13828,-5308,6528,-507,158,-183,0
940.6890830993652,8508,6740,11088,-112,-75,67,7288,-9352,10268,-27,211,-182,-13700,4232,5972,-1005,12,-140,-13804,-5192,6620,-558,79,-199,0
940.7227189540864,8376,6696,11284,-124,-55,33,7252,-9168,10568,-7,205,-157,-13612,4192,6012,-1005,-26,-76,-13588,-5140,6636,-519,79,-197,0
940.756108045578,8460,6696,11288,-148,-11,43,7224,-9164,10472,9,200,-140,-13620,4112,6044,-1012,38,-67,-13800,-5168,6600,-499,144,-110,0
940.7898449897766,8384,6796,11316,-157,-50,109,7000,-9092,10264,54,144,-160,-13404,4196,5920,-1051,119,-40,-13592,-5240,6752,-501,181,-66,0
940.8232860565186,8320,6720,11296,-162,-102,174,7000,-9240,10256,-69,71,-157,-13500,4144,6048,-1013,186,-81,-13664,-5372,6712,-501,171,-254,0
940.8587639331818,8320,6696,11356,-210,-130,206,7088,-9204,10544,-93,-4,-136,-13324,4292,6092,-977,215,254,-13672,-5172,6792,-467,84,-25,0
940.8921520709991,8248,6688,11312,-197,-61,209,7104,-9300,10596,-81,40,-96,-13484,4292,6208,-977,221,250,-13780,-5220,6712,-481,68,-26,0
940.9258460998536,8344,6732,11460,-182,-42,184,7128,-9260,10740,-98,90,-102,-13504,4236,6100,-960,144,32,-13668,-5248,6772,-502,88,-37,0
940.9594740867616,8256,6712,11432,-155,-23,156,7100,-9300,10560,-102,90,-106,-13540,4268,6096,-972,116,-256,-13736,-5260,6772,-523,70,-133,0
940.9927520751952,8372,6620,11556,-150,-58,123,7140,-9212,10536,-93,136,-135,-13488,4276,5984,-925,49,-109,-13736,-5152,6620,-482,95,-123,0
941.026400089264,8360,6584,11468,-157,-38,96,7260,-9472,10420,-82,146,-211,-13572,4220,6132,-969,111,-91,-13576,-5168,6604,-441,147,-110,0
941.0600290298462,8688,6572,11036,-148,-103,72,7320,-9304,10704,-70,144,-219,-13824,4108,6096,-936,114,-97,-13756,-5212,6780,-457,180,-105,0
941.0937781333923,8400,6628,11464,-175,-89,108,7012,-9320,10268,-62,117,-205,-13600,4260,5940,-982,121,-46,-13692,-5168,6692,-466,198,-112,0
941.1272480487823,8216,6516,11356,-215,-122,123,7172,-9328,10332,-48,166,-211,-13500,4344,6072,-969,121,-71,-13716,-5180,6732,-439,162,-74,0
941.1605579853058,8356,6604,11028,-213,-129,135,7288,-9324,10296,-81,166,-173,-13824,4104,5976,-971,80,-100,-14052,-5216,6796,-470,83,-65,0
941.1941180229188,8684,6824,11380,-171,-75,124,7216,-9276,10696,-72,178,-130,-13812,4560,5968,-1008,53,-81,-13812,-5088,6728,-516,101,-124,0
941.2275059223176,8396,6608,11408,-161,-30,131,7072,-9220,10420,-22,174,-99,-13496,4316,6208,-1066,37,13,-13720,-5304,6744,-531,31,-159,0
941.2610580921172,8380,6420,11444,-114,6,104,6944,-9236,10472,-31,173,-110,-13488,4240,6156,-1029,63,-12,-13748,-5252,6816,-542,87,-156,0
941.2945020198822,8268,6872,11336,-139,254,60,7196,-9328,10592,32,172,-177,-13368,4208,6024,-1008,87,-121,-13732,-5248,6632,-487,194,-121,0
941.32758808136,8208,6652,11332,-131,-16,88,7132,-9236,10576,38,164,-246,-13508,4240,6160,-1278,79,-163,-13708,-5140,6892,-514,251,-164,0
941.361067056656,8376,6644,11416,-97,-122,27,7104,-9268,10452,7,155,-509,-13428,4200,6176,-1023,29,-134,-13860,-5184,6864,-491,152,-209,0
941.394285917282,8304,6584,11516,-165,-104,18,7120,-9288,10392,21,207,-241,-13508,4284,6072,-981,64,-132,-13684,-5168,6764,-470,189,-180,0
941.4275281429292,8400,6760,11496,-186,-91,42,7244,-9336,10408,-32,181,-231,-13664,4320,6304,-951,61,-191,-13792,-5276,6876,-471,139,-194,0
941.4612369537354,8488,6668,11288,-152,-110,29,7232,-9184,10368,-31,188,-225,-13600,4240,6036,-988,39,-162,-13724,-5128,6640,-482,143,-193,0
941.4948129653932,8360,6640,11312,-127,-46,24,7160,-9272,10488,-16,203,-190,-13428,4260,6232,-995,18,-91,-13712,-5208,6872,-515,148,-209,0
941.5282230377196,8436,6772,11440,-146,-77,63,7092,-9436,10532,26,171,-195,-13428,4292,6072,-985,100,-75,-13892,-5320,6752,-481,177,-119,0
941.5617311000824,8352,6612,11412,-183,-77,112,6832,-9100,10680,62,129,-12,-13520,4172,6240,-932,126,-62,-13652,-5220,6728,-472,161,-75,0
941.5952949523926,8488,6700,11340,-187,-155,180,7176,-9248,10504,-15,149,-143,-13544,4324,6240,-1003,164,-113,-13504,-5276,6884,-496,156,-42,0
941.631206035614,8372,6408,11424,-168,-157,196,7196,-9128,10280,-53,108,-169,-13484,4252,6124,-1036,129,-81,-13584,-5252,6708,-511,104,-69,0
941.6671290397644,8412,6648,11480,-136,-126,182,7232,-9128,10368,-106,111,-132,-13540,4192,6124,-1000,89,-21,-13756,-5296,6628,-501,31,-92,0
941.7023210525512,8408,6880,11452,-130,-40,126,7128,-9216,10564,-100,174,-87,-13508,4268,5864,-954,68,-246,-13624,-5256,6676,-479,11,-108,0
941.737715959549,8292,6584,11304,-171,22,107,7048,-9256,10516,-44,121,-125,-13464,4372,6108,-1049,91,-55,-13588,-5120,6768,-501,94,-115,0
941.7727990150452,8328,6608,11440,-154,-12,120,7040,-9336,10456,-13,119,-172,-13496,4256,5948,-1005,127,-30,-13692,-5132,6700,-472,170,-129,0
941.8086829185486,8340,6620,11392,-132,-59,94,7016,-9308,10444,-43,98,-224,-13420,4336,6372,-967,126,-108,-13676,-5244,6816,-480,184,-153,0
941.8438761234283,8192,6412,11432,-155,-85,76,7176,-9228,10464,-51,116,-250,-13516,4272,6008,-938,105,-134,-13712,-5152,6912,-458,142,-197,0
941.8797960281372,8320,6548,11380,-147,-96,22,7232,-9384,10664,-61,176,-243,-13592,4100,5924,-968,68,-164,-13656,-5148,6760,-459,202,-189,0
941.9147579669952,8300,6844,11340,-164,-59,35,7132,-9220,10252,-31,172,-216,-13600,4280,6016,-771,11,-72,-13844,-5312,6672,-534,109,-177,0
941.9500679969788,8444,6704,11376,-93,-42,32,7220,-8968,10388,-62,194,-166,-13684,4200,6244,-827,-105,-89,-13876,-5248,6892,-507,63,-182,0
941.9853789806366,8468,6908,11440,-144,253,5,7116,-9004,10500,-74,238,-156,-13460,4260,6276,-1279,248,-62,-13644,-5204,6748,-482,97,-174,0
942.0216600894928,8296,6668,11532,-123,9,61,7400,-9288,10644,15,145,-167,-13484,4108,5900,-774,75,-60,-13688,-5244,6664,-258,151,-156,0
942.0577359199524,8288,6756,11284,-104,-25,121,7068,-9448,10440,-4,117,-131,-13472,4124,6144,-999,81,-72,-13776,-5280,6784,-524,114,-92,0
942.0932641029358,8344,6808,11444,-135,-55,134,7096,-9248,10312,-49,131,-143,-13432,4252,6264,-1000,145,-71,-13688,-5320,6764,-504,122,-96,0
942.1287469863892,8308,6704,11284,-117,-56,135,7064,-9332,10536,-60,106,-172,-13472,4548,6044,-985,96,-83,-13692,-5240,6640,-495,142,-78,0
942.163686990738,8356,6620,11520,-133,-36,119,7088,-8988,10416,-256,147,-140,-13440,4240,6152,-1004,81,-70,-13696,-5328,6616,-530,134,-115,0
942.1993589401244,8272,6644,11348,-90,-38,106,7120,-9192,10528,-49,126,-158,-13768,4252,6116,-1006,84,-91,-13760,-5232,6824,-491,161,-107,0
942.2342920303344,8280,6716,11452,-166,-80,76,7136,-9232,10544,14,142,-198,-13544,4232,6228,-992,124,-120,-13744,-5236,6816,-462,213,-56,0
942.2715079784393,8360,6444,11620,-185,-142,116,7140,-9312,10496,11,125,-233,-13476,4272,6076,-1015,160,-108,-13668,-5196,6868,-478,242,-56,0
942.304852962494,8312,6568,11504,-146,-204,175,7248,-9332,10516,-41,77,-252,-13540,4592,5904,-959,194,-146,-13672,-5104,6816,-480,243,-7,0
942.3382179737092,8260,6604,11596,-133,-265,213,7076,-9468,10744,-56,58,-241,-13404,4220,5924,-989,199,-146,-13644,-5164,6700,-471,239,-25,0
942.3717319965364,8348,6624,11664,-177,-239,205,7100,-9356,10412,-43,129,-241,-13476,4380,6160,-994,219,-170,-13744,-5272,6864,-465,236,-28,0
942.4052209854126,8332,6612,11664,-190,-206,180,7068,-9308,10504,-253,143,-267,-13484,4232,6128,-1029,220,-140,-14012,-4924,6900,-491,284,-26,0
942.4384689331056,8416,6536,11340,-181,-233,176,7232,-9384,10540,51,65,-219,-13340,4400,6108,-1027,178,-178,-13836,-5204,6840,-492,267,-27,0
942.4719579219818,8344,6620,11440,-166,-225,190,7104,-9220,10428,26,85,-233,-13540,4164,6076,-993,165,-188,-13652,-5152,6792,-511,504,-36,0
942.5055470466614,8396,6868,11440,-170,-248,155,7080,-9288,10612,31,84,-1,-13544,4264,6060,-1035,224,-182,-13776,-5176,6692,-473,286,-23,0
942.539004087448,8396,6780,11280,-202,-239,216,6920,-9176,10480,3,13,-259,-13500,4280,6016,-1025,510,-137,-13720,-5216,6660,-523,221,9,0
942.5726470947266,8536,6624,11236,-159,-238,242,7208,-8992,10400,-32,68,-242,-13584,4272,5944,-1016,237,-79,-13808,-4920,6400,-503,220,-33,0
942.6064200401306,8672,6532,11512,-171,-176,170,7204,-9204,10700,-38,74,-202,-13324,4284,6188,-1015,157,-93,-13880,-5232,6416,-475,200,-60,0
942.6396119594574,8412,6880,11284,-175,-111,145,7196,-9160,10284,-25,54,-161,-13504,4144,6084,-986,152,-132,-13804,-5304,6484,-479,149,-107,0
942.6730980873108,8496,6612,11156,-141,-56,121,7296,-8968,10324,-49,137,-176,-13608,4232,5996,-991,99,-57,-13776,-5212,6576,-766,142,-142,0
942.7067079544067,8552,6572,11448,-139,16,65,7320,-9280,10340,-44,127,-136,-13792,4248,5920,-1022,50,13,-13764,-4968,6644,-257,51,-185,0
942.74010014534,8492,6532,11256,-123,115,45,7200,-9252,10660,23,162,-87,-13396,4124,5648,-1039,18,44,-13832,-5136,6816,-493,63,-178,0
942.7737741470336,8216,6620,11452,-193,93,71,7268,-9324,10420,41,151,-111,-13428,4308,5912,-1043,63,-24,-13988,-5184,6872,-487,119,-154,0
942.807296037674,8316,6636,11600,-148,10,105,7032,-9348,10520,-30,110,-158,-13588,4444,6020,-1001,133,-90,-13732,-5216,6840,-502,185,-74,0
942.8405759334564,8216,6884,11316,-45,-164,154,7128,-9320,10520,-44,118,-213,-13688,4316,6164,-1037,118,-158,-14040,-5248,6880,-530,180,-115,0
942.8739659786224,8372,6584,11340,-7,-103,106,7152,-9204,10308,-67,123,-202,-13440,4220,5992,-986,58,-73,-13744,-5360,6684,-531,141,-171,0
942.907392024994,8264,6544,11136,-79,-86,67,7088,-9216,10324,-27,176,-187,-13448,4256,6056,-1006,71,-96,-13716,-4876,6860,-490,126,-191,0
942.9409110546112,8240,6584,11296,-160,8,37,7072,-9276,10388,14,167,-187,-13524,4364,6044,-999,102,-141,-13776,-5204,6880,-481,164,-150,0
942.9743890762328,8400,6684,11488,-169,-49,86,7264,-9300,10704,22,172,-212,-13608,4280,6220,-980,111,-133,-13724,-5208,6636,-499,225,-125,0
943.0079400539398,8364,6460,11424,-137,-129,97,7280,-9204,10628,-33,134,-240,-13516,4244,6352,-1005,124,-108,-13636,-4924,6576,-512,226,-109,0
943.0414700508118,8660,6444,11336,-109,-156,115,7184,-9192,10508,-78,63,-246,-13588,4168,6036,-985,159,-80,-13588,-5164,6572,-525,209,-69,0
943.0747549533844,8436,6708,11488,-118,-162,156,7252,-9208,10600,-73,69,-207,-13604,4172,6076,-983,193,-108,-13848,-5240,6628,-495,140,-68,0
943.1084599494934,8540,6412,11448,-133,-88,137,7280,-9260,10532,-50,96,-163,-13616,4132,6012,-1005,116,-70,-13580,-5140,6604,-767,120,-88,0
943.1417801380157,8516,6660,11264,-121,-40,147,7208,-9224,10480,-28,108,-135,-13660,4104,6360,-1002,87,-57,-13796,-5324,6636,-520,101,-121,0
943.1755211353302,8676,6576,11092,-123,-30,108,7284,-9204,10516,-8,161,-123,-13316,4224,6084,-1063,72,-74,-13824,-5232,6824,-485,146,-142,0
943.209203004837,8432,6416,11480,-143,-6,115,7196,-9220,10436,11,156,-142,-13568,4344,5872,-1044,128,-60,-13828,-5224,6700,-489,141,-102,0
943.242651939392,8360,6620,11272,-91,-79,153,7136,-9324,10476,-43,108,-159,-13520,4392,5988,-1049,137,-47,-13656,-5236,6800,-558,172,-83,0
943.2761869430542,8332,6656,11576,-105,-101,169,7116,-9300,10568,-31,69,-179,-13504,4328,6052,-1053,162,-120,-13644,-5056,6808,-509,149,-88,0
943.312334060669,8372,6520,11364,-95,-94,152,7200,-9192,10484,-60,91,-158,-13520,4204,6004,-1026,129,-43,-13716,-5208,6784,-501,88,-94,0
943.3478150367736,8360,6780,11116,-138,-60,97,7276,-9280,10460,-48,142,-135,-13352,4244,6300,-945,103,-76,-13840,-5172,6604,-455,117,-149,0
943.3826079368591,8520,6408,11332,-211,6,66,7196,-9340,10564,-35,174,-195,-13528,4316,5924,-969,87,-122,-13716,-5192,6616,-483,157,-121,0
943.4176180362701,8344,6684,11400,-142,-94,109,7124,-9164,10544,-29,133,-179,-13592,4236,6044,-1001,86,-151,-13768,-5140,6712,-493,167,-139,0
943.4537539482116,8324,6684,11364,-125,-106,103,7152,-9236,10616,-45,131,-189,-13756,4180,5968,-963,96,-84,-13784,-5352,6428,-487,135,-99,0
943.489618062973,8412,6892,11284,-151,-111,122,6956,-9248,10624,-106,137,-178,-13536,4324,5892,-975,126,-74,-13780,-4872,6600,-502,118,-108,0
943.5247540473938,8552,6556,11324,-131,-89,118,7252,-9192,10532,-9,104,-159,-13528,4236,5676,-1003,112,-76,-13680,-5340,6740,-506,166,-90,0
943.5607249736786,8648,6528,11508,-132,-62,149,7156,-9196,10244,-27,113,-169,-13588,4324,6136,-769,118,-83,-13784,-5332,6764,-525,162,-84,0
943.5962469577788,8272,6576,11408,-145,-131,157,7076,-9160,10380,-28,96,-193,-13676,4232,6232,-1016,148,-68,-14040,-5216,6728,-510,175,-95,0
943.6382551193236,8268,6608,11564,-128,-80,112,7304,-9260,10416,-36,165,-182,-13392,4228,6008,-987,98,-80,-13980,-5236,6588,-500,155,-137,0
943.6734349727632,8440,6512,11368,-105,-65,63,7280,-9288,10432,-21,143,-187,-13332,4272,6004,-1009,58,-100,-13820,-5100,6648,-492,134,-196,0
943.7098660469056,8284,6668,11504,-137,-20,47,7200,-9148,10364,-24,181,-174,-13536,4256,5968,-1010,42,-61,-13796,-5196,6640,-445,108,-177,0
943.745131969452,8392,6560,11404,-142,-21,31,7404,-9288,10344,-3,210,-191,-13508,4336,6072,-983,52,-91,-13580,-5192,6708,-425,151,-141,0
943.7808270454408,8352,6676,11536,-207,-60,67,7116,-9356,10548,-3,218,-239,-13588,4332,6276,-966,75,-78,-13740,-4976,6808,-426,196,-126,0
943.8173730373384,8436,6508,11508,-175,-162,82,7228,-9268,10452,-8,162,-234,-13352,4348,5936,-974,91,-122,-13788,-5232,6756,-466,230,-103,0
943.852108001709,8348,6872,11440,-103,-174,155,7064,-9464,10468,-21,98,-2,-13452,4108,6056,-1045,136,-136,-13708,-5332,6700,-511,208,-81,0
943.8880701065063,8352,6584,11524,-85,-158,158,7396,-9228,10484,-44,69,-195,-13524,4204,6120,-1029,144,-98,-13736,-5188,6760,-549,108,-117,0
943.9230051040649,8696,6888,11304,-113,-94,149,7224,-9100,10076,-94,129,-128,-13500,4176,6012,-976,115,-73,-13836,-5100,6468,-525,68,-114,0
943.9607729911804,8388,6576,11264,-217,-15,121,7236,-9236,10412,13,128,-116,-13320,4240,6244,-940,35,-65,-13720,-5156,6668,-762,135,-123,0
943.9943020343779,8300,6736,11328,-126,-5,95,7320,-8964,10740,-17,154,-121,-13616,4224,6020,-1102,89,-17,-13756,-5260,6644,-522,117,-133,0
944.0277390480042,8408,6696,11256,-103,-14,85,7280,-9172,10360,-45,126,-176,-13328,4244,6088,-987,57,-75,-13792,-5200,6720,-511,108,-124,0
944.0613639354706,8420,6592,11388,-143,32,66,7276,-9204,10356,-11,155,-170,-13396,4260,5940,-985,96,-88,-13712,-4896,6756,-443,144,-114,0
944.0949051380157,8324,6548,11296,-165,26,85,7248,-9268,10476,246,171,-159,-13548,4340,6088,-1008,103,-66,-13820,-5244,6664,-447,111,-139,0
944.1282229423524,8404,6660,11408,-154,3,82,7276,-9280,10476,-63,138,-163,-13704,4248,6324,-977,20,-32,-13848,-5192,6940,-480,66,-187,0
944.1617169380188,8344,6536,11548,-127,23,34,7056,-9368,10424,-103,170,-155,-13516,4312,5900,-964,19,-2,-13740,-5072,6736,-502,61,-203,0
944.1954290866852,8320,6416,11460,-112,5,31,7080,-9268,10228,-48,194,-158,-13464,4256,6096,-999,6,-48,-13780,-5124,6800,-472,97,-170,0
944.229035139084,8312,6624,11360,-124,38,50,7136,-9276,10416,-3,190,-151,-13408,4260,6064,-994,44,-59,-13752,-5224,6588,-478,146,-141,0
944.2626240253447,8268,6612,11324,-102,-27,68,7084,-9264,10584,-45,156,-186,-13516,4376,6020,-980,69,-116,-13680,-5212,6836,-505,148,-151,0
944.296394109726,8196,6680,11456,-129,-129,89,7100,-9412,10728,-55,138,-207,-13492,4380,6144,-968,113,-120,-13744,-5216,6752,-501,166,-129,0
944.329626083374,8264,6424,11104,-130,-62,68,7220,-9164,10308,-24,169,-184,-13440,4276,6100,-971,97,-43,-13776,-5176,6736,-483,153,-146,0
944.363035917282,8200,6652,11448,-142,-62,71,7284,-9228,10392,-10,170,-197,-13524,4296,6036,-989,98,-55,-13684,-5224,6684,-476,139,-126,0
944.3964469432832,8368,6840,11444,-153,-64,75,7204,-9052,10464,-13,150,-186,-13576,4284,6052,-979,47,-126,-13804,-5296,6820,-503,107,-181,0
944.4300570487976,8276,6748,11400,-142,-70,65,7224,-9296,10576,-47,184,-178,-13812,4252,5984,-951,40,-107,-13736,-5296,6896,-500,86,-173,0
944.4636409282684,8204,6712,11308,-124,-46,50,7180,-9272,10408,-14,180,-175,-13540,4224,6208,-989,6,-77,-13812,-5192,6732,-479,110,-169,0
944.49738407135,8284,6712,11364,-126,-49,69,7084,-9328,10512,-8,173,-163,-13560,4220,5884,-997,37,-104,-13728,-5236,6680,-518,128,-155,0
944.5311291217804,8304,6716,11316,-124,-51,70,7232,-9460,10688,-17,165,-157,-13496,4112,5916,-1017,96,-36,-13748,-5256,6768,-507,114,-111,0
944.564327955246,8304,6652,11488,-158,-65,100,7176,-9328,10524,-20,162,-176,-13400,4268,6000,-978,81,-68,-13728,-5196,6832,-488,162,-122,0
944.598109960556,8288,6684,11496,-133,-70,110,7012,-9276,10716,-50,97,-166,-13364,4136,6132,-993,132,-92,-13768,-5076,6796,-508,117,-104,0
944.6315989494324,8256,6708,11408,-116,-84,119,7044,-9340,10460,-93,166,-149,-13372,4508,6204,-973,118,-81,-13764,-5284,6772,-500,117,-104,0
944.6650121212006,8284,6572,11464,-126,-53,107,7232,-9400,10468,-60,141,-162,-13484,4276,6088,-1049,89,-67,-13672,-5188,6808,-520,125,-118,0
944.6985869407654,8360,6716,11344,-125,-81,122,7028,-9420,10708,-18,104,-165,-13400,4248,6200,-1001,87,-38,-13732,-5476,6792,-500,93,-93,0
944.7320029735564,8388,6756,11456,-135,-68,102,7152,-9296,10484,-42,207,-168,-13604,4360,6192,-977,83,-78,-13752,-5264,6508,-488,111,-113,0
944.765638113022,8316,6688,11344,-152,-32,87,7112,-9228,10440,-39,150,-195,-13364,4300,5976,-942,84,-78,-13768,-5356,6752,-466,130,-127,0
944.7992379665376,8296,6868,11628,-155,-53,88,6912,-9312,10280,-25,210,-169,-13464,4300,5884,-1010,51,-90,-13712,-5236,6696,-459,160,-118,0
944.8326461315156,8292,6680,11604,-153,-63,80,7196,-9200,10504,-41,127,-192,-13480,4216,6124,-1002,122,-67,-13580,-5304,6820,-449,105,-132,0
944.866161108017,8316,6456,11264,-163,-42,61,7116,-9216,10472,-68,199,-195,-13424,4276,6096,-919,67,-47,-13756,-5228,6684,-462,108,-151,0
944.8997650146484,8256,6888,11408,-184,-41,21,7404,-8972,10672,-70,244,-193,-13576,4240,6076,-892,50,-65,-13740,-5172,6816,-452,148,-150,0
944.933324098587,8340,6736,11424,-231,-53,70,7100,-9388,10264,-9,186,-239,-13476,4276,6144,-966,66,-137,-13640,-5240,6692,-452,206,-112,0
944.966814994812,7936,6400,11284,-174,-160,85,7032,-9324,10568,-28,150,-241,-13468,4544,6300,-773,104,-155,-13680,-5268,6728,-463,256,-76,0
945.0028529167176,8288,6720,11532,-161,-236,124,6988,-9272,10340,4,144,-253,-13492,4588,6372,-962,144,-120,-13672,-5304,6780,-526,237,-59,0
945.0392079353331,8372,6712,11428,-124,-191,159,7060,-9268,10432,-16,107,-235,-13492,4436,6168,-1014,200,-139,-13740,-5152,6884,-533,223,-29,0
945.0749881267548,8364,6676,11388,-130,-228,211,7056,-9240,10288,-21,76,-203,-13376,4300,6092,-1009,217,-151,-13704,-5152,6832,-494,213,4,0
945.1110379695892,8312,6624,11412,-144,-195,506,7092,-9436,10428,-31,57,-165,-13448,4280,6132,-1025,240,-94,-13740,-5312,6796,-768,154,9,0
945.146047115326,8256,6600,11372,-169,-144,236,7216,-9224,10512,-32,85,-185,-13324,4120,6072,-1007,217,-120,-13800,-5164,6572,-528,208,-18,0
945.1819441318512,8384,6760,11268,-180,-201,243,7204,-9312,10400,246,67,-218,-13484,4208,6188,-1061,209,-97,-13808,-5368,6784,-529,235,254,0
945.2178859710693,8424,6576,11268,-168,-211,211,7308,-9360,10324,6,99,-232,-13644,4304,6080,-1049,219,-183,-13872,-5096,6608,-500,237,-42,0
945.2527470588684,8336,6616,11224,-162,-226,164,7420,-9100,10576,-255,99,-212,-13360,4224,6200,-1052,153,-141,-13812,-5160,6724,-506,3,-44,0
945.2886209487916,8364,6652,11452,-174,-216,166,6972,-9024,10288,-7,101,-246,-13364,4300,6252,-1022,168,-134,-13576,-5244,6664,-483,255,-74,0
945.3243229389192,8444,6412,11304,-194,-196,143,7232,-9144,10736,-20,93,-231,-13556,4180,5996,-999,198,-160,-13796,-5188,6708,-457,198,-31,0
945.3602249622344,8384,6640,11524,-210,-190,136,7172,-9228,10516,8,116,-210,-13492,4260,6244,-1278,176,-129,-13860,-5164,6712,-475,188,-72,0
945.3955900669098,8360,6572,11320,-215,-143,139,7208,-9136,10532,-16,142,-219,-13424,4348,6236,-1000,111,-102,-13692,-5188,6780,-467,147,-93,0
945.4313521385192,8280,6680,11136,-145,-105,130,7136,-9000,10240,-48,133,-186,-13544,4292,6236,-1016,119,-127,-13784,-5144,6896,-510,174,-93,0
945.467672109604,8380,6688,11448,-131,-122,112,7204,-9168,10532,-30,110,-207,-13572,4296,5904,-1009,133,-102,-13712,-5344,6480,-490,202,-107,0
945.5027980804443,8384,6500,11288,-123,-89,151,7140,-9208,10324,-12,84,-164,-13564,4364,5928,-1085,181,-78,-13756,-5208,6452,-537,130,-99,0
945.5387179851532,8476,6488,11220,-111,-1,125,7248,-9028,10248,254,63,-82,-13380,4292,6264,-1051,131,-69,-13800,-5128,6768,-537,88,-112,0
945.574203968048,8440,6440,11376,-103,19,157,7132,-9272,10460,-32,62,-88,-13340,4260,5712,-1056,125,-253,-13716,-5212,6620,-579,81,-116,0
945.6094369888306,8364,6544,11348,-104,14,143,7264,-9252,10464,-54,92,-106,-13648,4324,5924,-1040,122,-62,-13768,-5148,6804,-597,118,-147,0
945.6465511322021,8280,6612,11356,-74,253,122,7216,-9404,10416,5,89,-99,-13504,4100,6096,-1067,83,-1,-13784,-5168,6588,-557,130,-162,0
945.6800320148468,8672,6620,11420,-73,40,126,7248,-9200,10364,-8,98,-135,-13768,4180,5900,-1075,93,-61,-13760,-5272,6468,-542,118,-161,0
945.7136731147766,8340,6604,11532,-115,-29,91,7168,-9332,10444,-8,100,-132,-13632,4140,6000,-1037,66,-64,-14056,-5204,6744,-522,132,-131,0
945.747288942337,8360,6608,11320,-110,8,61,7396,-9252,10268,-19,179,-139,-13816,4272,6392,-1002,24,-83,-13664,-5272,6836,-501,110,-204,0
945.7809331417084,8412,6628,11364,-133,17,45,7156,-9156,10652,-27,239,-163,-13616,4256,6068,-1002,15,-70,-13676,-5276,6448,-507,121,-202,0
945.8143920898438,8264,6740,11632,-120,-2,30,7220,-9216,10480,-16,183,-147,-13464,4236,6200,-1280,23,-58,-13744,-5256,6568,-491,112,-161,0
945.8479509353638,8412,6672,11460,-141,-71,40,7412,-9420,10268,-78,137,-179,-13352,4232,6068,-938,40,-36,-13740,-5204,6404,-469,108,-163,0
945.8810060024261,8328,6820,11368,-146,-39,49,7168,-9296,10480,-106,180,-198,-13708,4368,6048,-908,32,-62,-13904,-5148,6532,-483,87,-140,0
945.9144721031188,8408,6708,11376,-145,-38,68,7272,-9316,10516,-35,185,-163,-13344,4244,6124,-976,36,-84,-13784,-5288,6908,-462,164,-144,0
945.9477200508118,8020,6856,11496,-121,-80,96,7096,-9248,10616,-11,144,-195,-13408,4396,6000,-988,86,-74,-13712,-5260,6728,-493,167,-93,0
945.9813270568848,8400,6640,11384,-79,-85,88,7076,-9320,10468,-32,128,-180,-13500,4260,6060,-775,106,-75,-13824,-5304,6792,-544,129,-125,0
946.0147149562836,8700,6600,11628,-91,-60,98,7060,-9252,10484,-4,104,-132,-13804,4344,5960,-967,118,-39,-14040,-5180,6752,-458,47,-126,0
946.048180103302,8472,6632,11296,-85,6,101,7164,-9236,10744,-32,146,-115,-13492,4268,6100,-1013,79,-25,-13760,-5332,6880,-520,13,-120,0
946.081748008728,8316,6564,11504,-103,17,112,7304,-9348,10480,-30,141,-98,-13720,4344,5940,-973,26,-65,-13672,-5264,6804,-540,103,-146,0
946.1154370307922,8364,6640,11472,-132,3,72,7276,-9288,10512,-55,147,-140,-13500,4264,6056,-1017,50,-38,-13744,-5196,6888,-768,101,-175,0
946.148796081543,8332,6424,11656,-140,-47,73,7396,-9332,10460,-15,151,-161,-13488,4372,6200,-1011,76,-87,-13692,-5304,6788,-524,135,-159,0
946.1823360919952,8428,6684,11268,-112,-80,104,7180,-9280,10472,255,145,-185,-13824,4324,6296,-973,109,-87,-13724,-5220,6844,-472,173,-121,0
946.2159910202026,8380,6628,11336,-128,-75,112,7204,-9208,10384,-40,119,-213,-13548,4224,5964,-999,104,-95,-13784,-5172,6768,-503,182,-140,0
946.2496809959412,8376,6632,11452,-99,-78,79,7136,-9304,10588,-55,135,-196,-13492,4240,6072,-1003,95,-110,-13720,-5128,6728,-532,167,-142,0
946.2832620143892,8388,6632,11304,-137,-100,108,7392,-9200,10464,-24,141,-193,-13332,4560,6292,-891,44,-111,-13732,-5364,6704,-468,144,-127,0
946.3169951438904,8324,6668,11416,-174,-43,87,7384,-9460,10248,-30,200,-203,-13652,4220,6104,-958,59,-75,-13688,-5004,6656,-454,166,-160,0
946.3505201339722,8284,6732,11752,-176,-88,83,7388,-9236,10592,-42,173,-175,-13480,4312,6168,-964,34,-112,-13788,-5288,6792,-482,162,-164,0
946.383546113968,8288,6740,11336,-157,-85,72,7140,-9452,10412,-56,171,-207,-13500,4316,6176,-974,75,-85,-13660,-5240,6772,-476,165,-152,0
946.417191028595,8336,6672,11412,-144,-92,83,7100,-9296,10360,-57,149,-205,-13540,4316,6292,-972,94,-80,-13724,-5208,6664,-494,152,-105,0
946.450453042984,8328,6676,11424,-140,-63,107,7232,-9232,10580,-70,211,-184,-13532,4276,5900,-981,107,-71,-13748,-5184,6900,-491,136,-108,0
946.4837970733644,8396,6620,11432,-160,-66,110,6960,-9180,10380,-37,109,-154,-13800,4284,6088,-940,97,-62,-13744,-5152,6480,-490,117,-99,0
946.5174689292908,8336,6632,11440,-168,-70,125,7412,-9276,10448,-47,174,-160,-13520,4556,6072,-981,84,-72,-13672,-5236,6864,-475,140,-144,0
946.5510380268096,8292,6604,11380,-148,-40,82,7192,-9348,10308,-36,153,-164,-13512,4272,6108,-983,81,-109,-13780,-5208,6852,-485,153,-132,0
946.5844819545746,8308,6668,11456,-150,-101,105,7168,-9240,10400,-44,146,-187,-13496,4312,6204,-966,75,-110,-13760,-5348,6660,-482,141,-153,0
946.6181149482728,8284,6660,11288,-165,-57,90,7216,-9296,10264,-39,173,-199,-13472,4568,6324,-991,68,-62,-13640,-5300,6792,-498,145,-122,0
946.6512360572816,8248,6620,11496,-143,-105,81,7072,-9304,10440,-22,159,-182,-13560,4316,6020,-1032,59,-74,-13688,-5272,6788,-474,155,-136,0
946.6881790161132,8412,6580,11320,-105,-41,84,7096,-9284,10632,250,135,-163,-13444,4596,5952,-1005,110,-109,-13728,-5132,6728,-765,155,-124,0
946.7230031490326,8312,6840,11416,-128,-79,74,7172,-9228,10360,-25,149,-199,-13492,4552,6044,-1005,111,-77,-13760,-5328,6848,-467,182,-116,0
946.7582321166992,8308,6900,11460,-141,-95,87,7284,-9220,10508,-29,132,-191,-13616,4300,6104,-985,131,-104,-13764,-5228,6744,-474,113,-131,0
946.793890953064,8420,6704,11468,-156,-80,102,7224,-9320,10496,-19,192,-218,-13420,4340,6236,-1006,77,-79,-13724,-5276,6816,-499,164,-123,0
946.8297929763794,8344,6728,11732,-216,-129,119,7372,-9252,10368,-9,169,-154,-13456,4268,6276,-1280,106,-124,-13740,-5248,6724,-481,172,-78,0
946.8655259609224,8308,6812,11420,-112,-94,121,7164,-9288,10520,-51,129,-225,-13476,4164,6188,-1000,128,-134,-14068,-5324,6668,-474,199,-81,0
946.9010050296783,8356,6688,11292,-163,-141,137,6980,-9248,10680,-1,129,-263,-13416,4248,6120,-947,127,-124,-13732,-5196,6700,-456,245,-60,0
946.9371619224548,8336,6716,11436,-147,-179,139,7112,-9324,10428,-33,175,-227,-13492,4280,6096,-987,110,-147,-13732,-5304,6748,-464,216,-84,0
946.9722111225128,8316,6624,11228,-142,-167,137,7080,-9472,10708,-33,154,-211,-13484,4268,5980,-987,123,-39,-13720,-5228,7112,-464,110,-37,0
947.0074229240417,8264,6660,11480,-197,-157,133,7092,-9380,10572,-69,139,-186,-13576,4528,6208,-943,142,-127,-13616,-5224,6668,-437,162,-39,0
947.0433690547944,8368,6636,11400,-201,-113,135,7308,-9272,10368,-34,173,-192,-13468,4296,6012,-966,159,-170,-13652,-4892,6652,-458,206,-55,0
947.0788519382476,8296,6680,11328,-208,-162,170,7144,-9360,10404,-256,115,-243,-13408,4328,6056,-983,180,-163,-13692,-5288,6416,-496,240,-44,0
947.11435008049,8364,6596,11436,-177,-244,144,7024,-9260,10452,-47,140,-263,-13572,4120,5976,-1006,152,-183,-13772,-5272,6624,-473,242,-47,0
947.1501669883728,8408,6892,11340,-211,-201,142,7156,-8996,10248,-20,131,-279,-13456,4244,6068,-964,160,-129,-13732,-5128,6844,-490,235,-53,0
947.185461997986,8564,6504,11504,-213,-197,127,7244,-9324,10288,-40,95,-214,-13536,4320,6136,-990,113,-135,-13904,-5252,6744,-475,217,-72,0
947.2209761142732,8228,6868,11340,-180,-170,138,7180,-9168,10540,7,155,-221,-13536,4344,6160,-1014,164,-124,-13784,-5328,6768,-467,189,-89,0
947.2571680545808,8428,6644,11416,-183,-172,128,7092,-9168,10448,-17,114,-222,-13548,4284,6280,-993,119,-89,-13672,-5184,6432,-443,202,-62,0
947.2919399738312,8312,6640,11364,-194,-166,132,7180,-9160,10604,-48,173,-200,-13504,4308,6060,-980,145,-125,-13692,-5248,6852,-477,185,-65,0
947.328068971634,8412,6660,11324,-173,-148,139,7188,-9188,10500,-23,145,-219,-13564,4252,5976,-987,129,-131,-13660,-5140,6688,-497,179,-92,0
947.3615820407867,8300,6540,11212,-156,-170,116,7164,-9200,10360,-5,97,-211,-13784,4240,6252,-1018,131,-85,-13668,-5152,6668,-539,162,-109,0
947.394891023636,8380,6616,11288,-130,-121,144,6948,-9460,10376,-251,118,-195,-13424,4300,6020,-770,145,-58,-13780,-4952,6684,-536,144,-101,0
947.4285459518431,8460,6580,11328,-120,-49,158,7388,-9176,10396,-17,80,-160,-13520,4336,6068,-1002,129,-71,-13988,-5156,6448,-543,82,-110,0
947.4620780944824,8480,6592,11360,-98,-31,132,7224,-9400,10348,-18,88,-157,-13572,4292,6060,-1053,125,-65,-13836,-5092,6600,-543,142,-88,0
947.495645046234,8420,6572,11348,-137,-43,140,7316,-9304,10648,-254,72,-143,-13496,4288,5936,-1072,111,-94,-13740,-5152,6680,-525,147,-108,0
947.5291440486908,8480,6684,11312,-83,-37,130,7240,-9264,10388,-30,82,-148,-13324,4288,6000,-1032,110,-40,-13740,-5132,6632,-556,86,-136,0
947.5626180171968,8528,6604,11368,-72,-41,96,7264,-9296,10580,-62,123,-146,-13620,4140,6116,-994,51,-24,-13792,-5180,6672,-515,102,-199,0
947.596169948578,8656,6600,11376,-134,35,55,7176,-9248,10424,-23,166,-151,-13568,4284,6184,-1007,55,-27,-13756,-5368,6904,-497,103,-160,0
947.6300110816956,8460,6436,11424,-119,54,78,7168,-9344,10380,11,186,-130,-13540,4228,6124,-1055,-252,-59,-13748,-5368,6844,-461,139,-176,0
947.6634409427644,8320,6640,11280,-123,3,55,7236,-9232,10336,8,189,-162,-13488,4308,6156,-1049,24,-137,-13632,-5248,6760,-506,146,-177,0
947.6970961093904,8356,6764,11472,-118,-92,68,7176,-9276,10584,-31,169,-224,-13432,4368,6132,-998,10,-120,-13724,-5304,6744,-523,186,-181,0
947.7305769920348,8336,6592,11260,-69,-150,72,7112,-9252,10500,-44,170,-221,-13516,4120,6152,-989,89,-119,-13820,-5176,6752,-487,213,-140,0
947.76397895813,8348,6700,11412,-140,-134,143,7080,-9172,10420,-24,100,-222,-13424,4308,6132,-989,207,-90,-13624,-5228,6656,-486,216,-54,0
947.797483921051,8376,6600,11436,-171,-173,181,6916,-9216,10344,-97,45,-172,-13552,4320,5972,-950,211,-78,-13644,-5260,6660,-501,157,-15,0
947.8310921192168,8452,6712,11168,-198,-127,209,7212,-9296,10508,-93,56,-161,-13592,4284,6128,-955,206,-46,-13848,-5208,6824,-493,92,-42,0
947.8646039962767,8536,6644,11288,-167,-74,211,6928,-9320,10556,-84,79,-126,-13688,4172,5960,-990,148,-27,-13836,-5192,6604,-528,106,-77,0
947.8980300426484,8456,6660,11284,-128,-43,179,7224,-9216,10572,-60,74,-98,-13484,4292,6252,-1011,131,-8,-13716,-5180,6400,-554,103,-109,0
947.931335926056,8332,6716,11424,-107,-60,153,7156,-9216,10512,-52,88,-148,-13500,4156,5988,-1030,133,-7,-13592,-5192,6684,-525,123,-82,0
947.964987039566,8400,6632,11244,-126,-65,135,7212,-9240,10344,-67,67,-171,-13472,4216,5960,-971,103,-35,-13844,-5204,6756,-468,143,-80,0
947.9986131191254,8464,6732,11440,-170,-58,109,7408,-9300,10388,-53,186,-172,-13556,4380,6204,-928,127,-50,-13704,-5172,6676,-449,121,-82,0
948.0319941043854,8444,6568,11340,-179,-21,106,7084,-9340,10476,-49,122,-164,-13596,4280,5984,-946,146,-36,-13820,-5224,6824,-469,147,-93,0
948.0655269622804,8460,6520,11364,-156,-38,98,7120,-9364,10384,-37,101,-164,-13552,4308,6112,-982,110,-43,-13796,-5124,6744,-486,128,-68,0
948.0991339683532,8376,6552,11432,-165,-75,91,7156,-9336,10360,-83,98,-200,-13488,4424,5948,-975,106,-44,-13660,-5300,6860,-484,115,-92,0
948.1325659751892,8516,6600,11316,-128,-71,106,7412,-9460,10416,-37,121,-161,-13552,4472,5932,-1027,92,-63,-13728,-5328,6700,-262,167,-89,0
948.1664130687714,8372,6436,11348,-154,-116,126,7156,-9388,10712,-7,109,-158,-13428,4168,6300,-1043,107,-84,-13764,-5084,6780,-533,172,-111,0
948.2001399993895,8424,6588,11332,-87,-70,135,6952,-9324,10708,-47,127,-168,-13568,4240,6124,-1047,91,-94,-13784,-5244,6840,-584,183,-128,0
948.233768939972,8496,6656,11536,-80,-67,98,7264,-9364,10564,3,149,-190,-13324,4144,5968,-769,77,-125,-13832,-5152,6436,-515,150,-107,0
948.2673621177673,8388,6572,11328,-148,-38,125,7252,-9276,10520,28,144,-152,-13512,4308,6044,-1046,107,-93,-13800,-4940,6724,-762,170,-120,0
948.3011479377748,8416,6604,11312,-163,-59,129,7208,-9240,10640,42,172,-200,-13548,4344,6012,-1041,55,-90,-13576,-5168,6808,-508,146,-141,0
948.3344631195068,8380,6692,11260,-142,-105,88,7396,-9300,10600,-7,174,-187,-13448,4356,6360,-1023,45,-111,-13684,-5252,6632,-528,173,-152,0
948.3715040683746,8412,6584,11264,-61,-106,69,7364,-9368,10468,-86,154,-194,-13592,4260,6040,-1021,26,-161,-13724,-5156,6704,-552,157,-177,0
948.407392024994,8404,6596,11196,-46,-79,41,7236,-9176,10364,37,156,-186,-13516,4232,6088,-779,20,-126,-13696,-5220,6720,-535,187,-193,0
948.443365097046,8336,6708,11184,-129,1,71,7200,-9244,10308,27,156,-195,-13540,4216,6024,-1020,84,-154,-13660,-5132,6868,-483,179,-120,0
948.4801969528198,8140,6604,11468,-150,-123,85,7044,-9196,10452,-78,89,-202,-13512,4316,6112,-990,121,-81,-13720,-5300,6892,-451,200,-95,0
948.515547990799,8260,6700,11476,-134,-88,112,7184,-9260,10452,-155,121,-193,-13552,4236,6088,-933,116,-97,-13760,-5148,6848,-487,174,-94,0
948.5510330200195,8524,6628,11332,-127,-64,135,7200,-9204,10432,-99,152,-162,-13568,4360,6108,-966,106,-47,-13776,-5136,6620,-468,132,-102,0
948.5873880386351,8452,6624,11276,-161,-30,101,7136,-9208,10568,-25,155,-139,-13500,4256,6196,-999,105,-21,-13732,-5184,6676,-468,101,-101,0
948.6226210594176,8228,6400,11728,-170,-26,101,7124,-9276,10448,-51,158,-135,-13464,4320,6044,-972,93,-49,-13748,-5112,6672,-497,89,-115,0
948.6603929996492,8392,6620,11440,-162,-20,110,7420,-9332,10536,-42,133,-146,-13408,4400,6024,-970,116,-38,-13636,-4908,6816,-540,167,-81,0
948.6975409984587,8336,6540,11732,-117,-72,135,7140,-9396,10468,-28,96,-176,-13432,4336,5976,-1043,159,-73,-13724,-5360,6828,-527,210,-79,0
948.7322990894318,8336,6740,11372,-118,-108,164,7148,-9268,10388,-6,40,-198,-13456,4316,6052,-1012,198,-87,-13736,-5152,6960,-477,172,-66,0
948.7677519321442,8356,6632,11380,-142,-66,163,7240,-9328,10288,-55,86,-171,-13596,4240,6012,-983,175,-66,-13756,-5164,6744,-483,108,-75,0
948.8027820587158,8208,6568,11436,-113,-112,120,7392,-9320,10280,-61,145,-162,-13604,4332,5836,-1003,86,-107,-13888,-5368,6516,-516,119,-146,0
948.8386850357056,8392,6480,11320,-159,-76,54,7228,-9204,10248,-5,212,-173,-13564,4256,6352,-999,-14,-102,-13764,-5136,6572,-491,154,-213,0
948.8741390705108,8348,6744,11384,-119,-68,-11,7296,-9220,10632,5,250,-188,-13328,4324,6128,-1016,-41,-117,-13676,-5240,6480,-494,174,-225,0
948.9096009731292,8296,6660,11492,-156,-95,-10,7208,-9328,10488,46,204,-238,-13448,4348,6076,-1015,-250,-112,-13704,-5152,6808,-522,185,-246,0
948.9449529647828,8336,6860,11300,-180,-74,-3,7120,-9296,10340,68,202,-216,-13456,4324,6172,-994,7,-156,-13336,-5144,6768,-459,203,-254,0
948.9806740283966,8252,6536,11520,-172,-82,28,7068,-9292,10440,121,202,-500,-13372,4244,6180,-778,71,-207,-13600,-5584,6676,-481,270,-198,0
949.0171041488647,8264,6780,11336,-136,-159,23,7056,-9372,10664,27,159,-309,-13416,4300,6060,-981,84,-251,-13736,-5316,6808,-489,248,-164,0
949.0504479408264,8372,6800,11372,-156,-241,82,7116,-9192,10392,-106,144,-285,-13480,4196,6060,-893,131,-157,-13572,-5364,6704,-493,163,-91,0
949.0839941501617,8404,6696,11284,-158,-165,96,6972,-9156,10376,-123,162,-181,-13448,4264,5968,-913,93,-20,-13636,-5288,6660,-475,71,-93,0
949.1177020072936,8476,6656,11236,-202,-33,143,7372,-9180,10396,-65,98,-125,-13404,4224,6004,-955,138,26,-13692,-5280,6600,-472,54,-49,0
949.1510491371156,8436,6764,11432,-217,-31,191,7240,-9320,10484,-55,37,-106,-13572,4196,6080,-1023,161,-14,-13900,-4996,6644,-532,72,-31,0
949.1843500137328,8428,6644,11472,-141,-36,209,7288,-9284,10308,-44,29,-117,-13548,4164,6200,-1041,188,-24,-13824,-5368,6520,-523,93,-19,0
949.2178609371184,8472,6544,11472,-111,-61,188,6988,-9328,10340,245,134,-118,-13772,4288,6160,-1052,146,-22,-13648,-5292,6908,-544,160,-101,0
949.251317024231,8496,6552,11360,-113,-50,156,7312,-9380,10308,59,146,-134,-13640,4256,5896,-1096,80,-28,-13752,-5240,6824,-484,150,-142,0
949.2848479747772,8328,6532,11472,-138,-57,127,7124,-9284,10296,29,126,-172,-13416,4364,6392,-1026,104,-72,-13720,-5172,6860,-482,173,-68,0
949.3184361457824,8236,6696,11536,-130,-93,157,7088,-9332,10452,-58,143,-173,-13328,4396,6160,-991,174,-106,-13656,-5172,6784,-482,166,-70,0
949.3518970012664,8420,6564,11576,-113,-85,161,7124,-9328,10292,-102,55,-207,-13480,4416,6112,-988,150,-87,-13604,-5356,6852,-479,160,-48,0
949.385215997696,8280,6548,11252,-83,-37,137,7096,-9280,10244,-65,123,-170,-13508,4596,6044,-1004,98,-97,-13768,-5164,6904,-547,114,-153,0
949.4187009334564,8524,6456,11464,-21,-18,60,7268,-9336,10372,-47,178,-189,-13628,4344,6184,-1043,27,-133,-13656,-5304,6740,-533,135,-205,0
949.4519350528716,8440,6644,11400,-96,-8,36,7260,-9312,10364,-11,226,-207,-13624,4284,5924,-951,11,-155,-13956,-5112,6452,-479,117,-228,0
949.4856560230256,8524,6628,11488,-86,-18,-28,7372,-9288,10452,-51,13,-198,-13660,4172,6240,-983,-85,-139,-13856,-5208,6416,-478,128,-256,0
949.5192201137544,8500,6724,11280,-131,-19,-35,7308,-9224,10492,25,330,-169,-13472,4200,6340,-1010,-105,-108,-13740,-5352,6708,-474,129,-251,0
949.5526440143584,8260,6780,11380,-197,-70,-22,7048,-9132,10596,60,236,-177,-13272,4228,6180,-1005,-244,-80,-13508,-5320,6776,-453,217,-119,0
949.5859780311583,8120,6872,11292,-228,-140,98,6864,-9192,10588,-36,108,-213,-13140,4392,6220,-975,187,-83,-13616,-5312,6812,-494,234,-8,0
949.6198070049286,8112,6860,11332,-223,-186,222,6656,-9436,10544,-105,-10,-218,-13372,4324,6248,-986,309,-55,-13592,-5340,6744,-497,185,57,0
949.6533091068268,8264,6808,11124,-131,-130,292,7004,-9004,10540,-134,-56,-201,-13492,4300,6148,-934,314,-56,-13732,-5268,6708,-530,95,2,0
949.6868290901184,8480,6764,11344,-147,-86,260,7204,-9256,10460,-119,24,-120,-13588,4240,5956,-976,190,254,-13912,-5244,6488,-520,35,-69,0
949.7203600406648,8472,6688,11360,-131,-4,167,7292,-9204,10476,-90,99,-89,-13636,4160,6204,-957,138,234,-13624,-5260,6420,-479,22,-111,0
949.7537460327147,8440,6712,11480,-162,8,83,7276,-9360,10476,-57,150,-131,-13556,4196,5996,-973,99,-17,-13752,-5364,6628,-458,117,-123,0
949.7873289585114,8480,6600,11456,-185,-96,32,7284,-9268,10548,-49,203,-224,-13652,4316,6020,-958,68,-131,-13784,-4908,6404,-429,218,-137,0
949.8208220005035,8476,6532,11440,-168,-162,70,7388,-9392,10280,-30,220,-258,-13568,4600,6000,-970,107,-133,-13968,-5036,6776,-428,236,-141,0
949.8543040752412,8404,6564,11496,-176,-114,75,7396,-9332,10308,-51,144,-507,-13500,4492,5956,-935,78,-127,-13772,-5068,6872,-448,182,-172,0
949.8876090049744,8504,6464,11376,-129,-39,24,7204,-9492,10316,-59,234,-201,-13712,4396,6068,-976,5,-79,-13904,-5184,6752,-457,77,-251,0
949.9210560321808,8368,6536,11268,-133,41,-35,7188,-9336,10276,-30,234,-155,-13536,4424,6004,-971,-89,-56,-13768,-5168,6824,-475,57,-312,0
949.9544091224672,8328,6580,11404,-116,49,-51,7032,-9324,10436,-16,289,-147,-13472,4352,6092,-1019,-114,-114,-13784,-5200,6884,-482,106,-289,0
949.9879789352416,8308,6760,11508,-111,-18,-29,7164,-9280,10564,-27,273,-160,-13496,4364,6180,-989,-84,-113,-13780,-5360,6672,-505,118,-261,0
950.0216119289398,8228,6832,11472,-107,-52,26,7044,-9004,10744,-67,271,-170,-13380,4216,6284,-965,-33,-96,-13580,-5336,6736,-533,153,-191,0
950.0592830181122,8328,6724,11360,-97,-99,71,7000,-9176,10388,-23,138,-203,-13388,4240,6044,-1013,79,-93,-13600,-5320,6800,-532,171,-122,0
950.094535112381,8296,6632,11432,-96,-73,144,6972,-9144,10504,-7,109,-172,-13384,4260,6364,-1009,181,-77,-13692,-5316,6748,-529,199,-81,0
950.1304481029512,8312,6732,11448,-138,-46,177,7092,-9440,10636,-13,69,-139,-13384,4212,6192,-990,127,-94,-13784,-5584,6412,-543,126,-55,0
950.165943145752,8436,6712,11412,-136,-69,159,6984,-9196,10432,-45,83,-172,-13540,4320,5896,-958,135,-61,-13780,-5312,6796,-748,133,-60,0
950.2019560337068,8384,6812,11504,-182,-78,123,7392,-9328,10584,-36,129,-161,-13532,4524,6204,-944,200,-95,-13612,-5276,6704,-453,160,-16,0
950.2377960681916,8340,6696,11472,-172,-125,143,7224,-9328,10460,-43,111,-210,-13504,4440,5888,-1014,170,-111,-13808,-5220,6756,-451,210,-16,0
950.2729020118713,8384,6652,11560,-160,-121,158,7140,-9380,10312,-55,127,-182,-13512,4576,6016,-1009,148,-102,-14036,-5264,6856,-476,161,-6,0
950.307657957077,8284,6740,11452,-155,-118,198,7068,-8984,10512,-49,137,-203,-13552,4268,6096,-948,212,-111,-13800,-5364,6744,-401,159,-24,0
950.3434460163115,8376,6624,11496,-220,-161,134,7152,-9348,10388,-62,142,-239,-13468,4132,5968,-954,179,-135,-13788,-4980,6820,-455,247,-73,0
950.3797910213472,8400,6592,11488,-247,-133,151,7096,-9312,10328,8,172,-232,-13344,4356,5972,-980,129,-187,-13796,-4916,6736,-422,261,-91,0
950.4150109291076,8340,6636,11392,-193,-174,146,7040,-9308,10604,21,235,-227,-13484,4248,5920,-994,85,-134,-13732,-5196,6772,-474,207,-83,0
950.4507179260254,8224,6632,11752,-223,-154,113,7012,-9320,10544,8,157,-223,-13536,4476,6088,-997,162,-176,-13748,-5136,6792,-482,211,-65,0
950.4856009483337,8312,6648,11364,-169,-223,154,7376,-9324,10456,-71,89,-267,-13476,4176,6224,-1021,177,-180,-13788,-4972,6768,-456,268,-59,0
950.521765947342,8448,6660,11392,-211,-208,193,7240,-9288,10440,25,36,-245,-13464,4316,6144,-1278,200,-147,-13760,-5016,6716,-499,274,-40,0
950.5579919815063,8400,6632,11316,-173,-218,204,7236,-9220,10528,-2,43,-231,-13556,4172,6260,-1061,183,-136,-13816,-5220,6632,-766,224,-48,0
950.5933511257172,8200,6672,11360,-195,-190,193,7136,-8980,10696,-13,99,-232,-13468,4324,6160,-1007,177,-133,-13784,-5176,6680,-503,191,-39,0
950.6293940544128,8480,6632,11504,-237,-167,183,7304,-9288,10472,11,98,-216,-13572,4192,6152,-1023,148,-129,-13716,-5220,6760,-472,186,-36,0
950.6644170284272,8456,6732,11384,-191,-173,171,7212,-9284,10584,12,124,-211,-13520,4368,6032,-1044,159,-119,-13696,-5240,6580,-473,222,-43,0
950.7002251148224,8408,6640,11432,-159,-182,171,6940,-9468,10452,-18,47,-200,-13472,4288,6344,-1028,148,-154,-13732,-5240,6800,-514,214,-21,0
950.733768939972,8424,6688,11480,-164,-185,168,7224,-9444,10412,-46,78,-229,-13428,4288,5996,-1009,162,-129,-13704,-5156,6728,-498,196,-65,0
950.7674200534819,8500,6596,11300,-173,-168,139,6948,-9464,10348,-14,84,-226,-13596,4236,6060,-1004,123,-133,-13816,-5088,6720,-481,160,-70,0
950.8010580539703,8468,6536,11024,-159,-107,167,7196,-9240,10412,18,72,-196,-13576,4312,5944,-1075,148,-83,-13788,-5208,6612,-506,164,-90,0
950.8344550132751,8400,6560,11212,-141,-98,152,6936,-9356,10360,-10,100,-168,-13424,4604,6040,-1037,138,-62,-13816,-5092,6444,-520,135,-124,0
950.8680200576782,8652,6544,11404,-157,-39,143,7260,-9252,10380,-21,90,-149,-13488,4280,6068,-1014,167,-41,-13864,-5076,6736,-523,82,-58,0
950.9013030529022,8520,6592,11328,-140,-51,138,7248,-9184,10408,-52,85,-98,-13528,4324,5876,-769,119,-46,-13824,-5208,6684,-545,99,-93,0
950.9347109794616,8488,6512,11144,-150,29,109,7248,-9136,10504,-18,119,-114,-13608,4272,6312,-1048,47,-33,-13832,-5204,6672,-558,93,-155,0
950.9680089950562,8400,6616,11424,-127,12,119,7220,-9184,10528,14,140,-89,-13484,4244,6248,-1045,52,-28,-13700,-5152,6844,-551,122,-150,0
951.0016160011292,8400,6696,11468,-95,-1,115,7016,-9264,10644,27,86,-175,-13448,4300,6152,-1061,160,-117,-13660,-5292,6736,-561,199,-121,0
951.0352511405944,8300,6628,11332,-68,-93,79,7376,-9288,10328,-18,71,-238,-13528,4360,6024,-987,136,-130,-13700,-5156,6868,-535,215,-159,0
951.0688791275024,8332,6620,11392,-5,-70,67,6948,-9240,10480,-29,105,-214,-13408,4376,6128,-998,133,-131,-13644,-5156,6820,-510,232,-141,0
951.102373123169,8356,6644,11272,-79,-2,118,7072,-9384,10320,4,97,-214,-13464,4300,6396,-770,156,-139,-14068,-5224,6720,-473,510,-85,0
951.1357951164246,8472,6624,11380,-104,-118,91,7192,-8988,10416,-145,138,-222,-13656,4168,5996,-945,87,-85,-13908,-5136,6892,-768,113,-127,0
951.1692280769348,8640,6508,11380,-69,-105,70,7596,-8964,10252,-187,224,-165,-13852,4276,5904,-908,6,-33,-13924,-4900,6604,-462,-11,-186,0
951.2030260562896,8632,6568,11424,-117,35,75,7344,-8988,10688,-80,213,-97,-13512,4216,5860,-990,19,-21,-13752,-5096,6448,-509,22,-164,0
951.2366850376128,8468,6616,11384,-139,30,75,7208,-9016,10452,8,172,-89,-13568,4164,5988,-1049,21,-78,-13728,-5176,6548,-490,136,-143,0
951.2702169418336,8420,6656,11384,-119,-13,100,7040,-9308,10624,45,125,-139,-13432,4136,6280,-1065,84,-108,-13632,-5064,6752,-526,241,-125,0
951.3037679195404,8216,6712,11392,-89,-95,149,7060,-9332,10348,27,82,-211,-13392,4100,6080,-1082,166,-125,-13680,-4948,6720,-536,280,-56,0
951.3373980522156,8264,6568,11512,-70,-148,158,7076,-9444,10304,18,57,-212,-13408,4588,6384,-1073,197,-124,-13816,-5232,7156,-532,238,-62,0
951.3711099624634,8240,6552,11348,-117,-104,175,7052,-9308,10288,19,85,-170,-13472,4248,5964,-1149,196,-81,-13576,-5200,6892,-534,134,-83,0
951.4042799472808,8404,6680,11340,-135,-66,163,7224,-9360,10460,-4,107,-171,-13560,4332,6284,-979,121,-63,-13808,-5252,6828,-505,58,-126,0
951.437835931778,8368,6644,11440,-176,-33,101,7212,-9404,10328,-33,187,-144,-13616,4528,6148,-919,32,-58,-13748,-5296,6700,-484,81,-114,0
951.471090078354,8256,6516,11440,-200,-81,112,7220,-9360,10424,-27,218,-196,-13460,4280,5992,-958,57,-84,-13728,-5200,6732,-476,178,-94,0
951.5046861171724,8320,6652,11396,-211,-176,107,7132,-9208,10332,-74,122,-511,-13544,4200,6008,-904,101,-131,-13732,-4916,6620,-504,167,-133,0
951.5381059646608,8508,6544,11216,-169,-187,118,7356,-9164,10420,-116,125,-270,-13616,4200,6060,-888,92,-159,-13724,-4900,6560,-513,128,-169,0
951.5717310905455,8552,6500,11240,-114,-132,55,7176,-8980,10364,-8,153,-239,-13616,4264,6140,-989,41,-138,-13728,-5072,6488,-530,162,-270,0
951.6053869724274,8616,6700,11124,-163,-28,29,7392,-9080,10424,35,193,-177,-13796,4340,6004,-997,-9,-110,-13684,-5148,6476,-450,136,-212,0
951.6386530399324,8572,6804,11168,-173,4,-254,7248,-9096,10516,-23,251,-177,-13556,4156,6000,-970,6,-38,-13804,-5268,6428,-435,108,-218,0
951.672127008438,8632,6692,11392,-227,4,249,7284,-9188,10540,-49,227,-172,-13804,4184,6064,-955,22,-51,-13832,-5172,6416,-461,122,-164,0
951.7053461074828,8488,6724,11424,-178,6,41,7328,-9292,10492,-41,163,-129,-13568,4220,6100,-961,42,-23,-13864,-5148,6824,-486,86,-135,0
951.7428910732268,8452,6684,11516,-121,35,115,7140,-9216,10584,-35,176,-99,-13476,4316,6268,-997,54,65,-13724,-5224,6804,-485,47,-105,0
951.7775940895079,8324,6500,11220,-115,40,137,6980,-9292,10568,-78,130,-51,-13432,4244,6056,-985,113,66,-13712,-5232,6828,-502,-24,-90,0
951.8134319782256,8240,6668,11768,-130,62,161,7084,-9356,10272,-119,134,-70,-13428,4348,6172,-969,103,17,-13644,-5216,6656,-768,20,-86,0
951.848895072937,8444,6520,11708,-157,-38,164,7168,-9320,10436,-52,115,-107,-13376,4416,6100,-999,130,-20,-13772,-5260,6696,-537,107,-76,0
951.8841779232024,8256,6568,11544,-95,-30,153,7168,-9320,10500,-54,100,-171,-13448,4552,6052,-1279,146,-94,-13784,-5180,6780,-521,132,-124,0
951.9195189476012,8360,6580,11524,-132,-101,99,7220,-9276,10328,-36,99,-201,-13528,4324,6000,-941,98,-67,-13616,-5192,6792,-462,136,-157,0
951.955101966858,8220,6880,11400,-175,248,48,7216,-9288,10468,-57,158,-203,-13820,4368,6020,-942,57,-85,-13796,-5172,6780,-471,180,-200,0
951.9907739162444,8244,6584,11412,-153,-78,33,7268,-9328,10408,-42,187,-210,-13576,4284,5896,-946,46,-106,-13844,-5144,6748,-481,158,-184,0
952.025496006012,8664,6644,11500,-122,-44,21,7308,-9316,10356,2,201,-193,-13616,4328,6332,-1007,-9,-134,-13832,-5164,6676,-481,168,-233,0
952.0618240833284,8300,6568,11400,-124,-35,9,7168,-9312,10296,-10,261,-187,-13528,4336,6108,-995,-23,-112,-13872,-5220,6720,-511,148,-248,0
952.0979731082916,8372,6408,11380,-106,-16,5,7112,-9204,10372,-42,224,-162,-13420,4392,5972,-1009,-26,-51,-13716,-4940,6756,-521,94,-224,0
952.132647037506,8364,6400,11544,-101,-15,61,7200,-9064,10272,-27,183,-114,-13376,4588,6324,-1038,21,-13,-13616,-5244,6736,-259,84,-192,0
952.1676931381226,8356,6740,11416,-104,-12,75,7068,-9216,10280,-15,139,-134,-13356,4240,6236,-1010,73,-9,-13416,-5292,6788,-477,55,-130,0
952.203616142273,8352,6740,11592,-113,14,110,7088,-9208,10656,-71,101,-157,-13408,4316,6200,-954,66,-33,-13744,-5268,6836,-768,72,-131,0
952.2392539978027,8256,6676,11424,-123,-29,112,7064,-9328,10532,-40,144,-133,-13452,4408,6144,-963,73,-57,-13572,-5268,6852,-541,137,-109,0
952.2746109962463,8220,6436,11464,-155,-60,135,7028,-9172,10564,-38,133,-150,-13372,4316,6172,-983,97,-106,-13708,-5316,6820,-534,114,-130,0
952.3100819587708,8320,6676,11488,-136,-22,117,7072,-9224,10412,-113,116,-164,-13520,4536,6196,-1007,127,-12,-13592,-5328,6548,-494,122,-100,0
952.34552192688,8348,6696,11240,-167,-1,83,7400,-9292,10540,-90,110,-159,-13536,4328,6184,-918,73,0,-13668,-4960,6712,-463,102,-134,0
952.3819711208344,8408,6640,11032,-161,-2,79,7368,-9288,10388,-88,143,-136,-13476,4388,6056,-994,121,-8,-13592,-5156,6680,-455,128,-123,0
952.41548204422,8244,6592,11324,-162,-255,102,7136,-9344,10744,-48,147,-145,-13528,4132,6076,-957,61,-23,-13816,-5236,6816,-467,122,-151,0
952.449054002762,8272,6692,11664,-177,247,54,7148,-9476,10452,-100,166,-166,-13576,4340,6092,-964,39,-67,-13672,-5304,6684,-457,92,-109,0
952.4825129508972,8356,6452,11424,-145,-49,61,7300,-9388,10340,-74,104,-196,-13476,4448,6096,-991,73,-136,-13708,-5224,6720,-498,155,-172,0
952.5160820484161,8276,6548,11532,-165,-95,85,7152,-9364,10428,2,117,-205,-13408,4340,6212,-1001,80,-77,-13620,-5296,6744,-477,179,-142,0
952.5496699810028,8328,6716,11520,-130,250,65,7032,-9164,10736,-22,158,-199,-13368,4332,6156,-1000,64,-85,-13656,-5236,6916,-494,171,-183,0
952.5833570957184,8324,6556,11264,-155,-93,53,7200,-9364,10692,-36,60,-193,-13308,4396,6168,-1016,76,-101,-13560,-5140,6708,-451,193,-153,0
952.6168789863588,8196,6660,11356,-150,-100,53,7164,-9196,10484,-24,66,-263,-13444,4352,5948,-973,133,-124,-13740,-5316,6696,-503,189,-119,0
952.650318145752,8368,6696,11496,-197,-72,68,7208,-9276,10404,-6,150,-244,-13460,4356,6320,-947,120,-175,-13676,-5132,6860,-413,234,-121,0
952.6839201450348,8308,6676,11644,-244,-149,101,7040,-9312,10604,-14,185,-253,-13452,4392,6208,-969,111,-176,-13744,-5304,6840,-419,270,-55,0
952.7175250053406,8336,6728,11576,-155,-227,128,6964,-9332,10520,-68,150,-510,-13472,4376,6184,-953,152,-138,-13748,-5168,6788,-490,179,-71,0
952.7509911060332,8340,6552,11408,-110,-233,119,7344,-9400,10652,-102,91,-249,-13444,4424,5940,-932,128,-99,-13732,-5208,6460,-480,186,-71,0
952.7844409942628,8364,6488,11372,-144,-192,168,7152,-9304,10372,-21,165,-195,-13448,4312,6116,-961,159,-131,-13644,-5228,6660,-423,199,-36,0
952.8179249763488,8424,6488,11448,-139,-138,145,7044,-9304,10384,-12,149,-190,-13488,4384,6104,-771,176,-138,-13656,-5304,6856,-456,193,-17,0
952.85142493248,8272,6568,11436,-213,-171,177,7124,-9308,10476,-22,117,-186,-13516,4372,6112,-1070,200,-133,-13720,-5268,6660,-449,193,20,0
952.8848869800568,8356,6668,11432,-179,-181,206,7220,-9316,10448,-10,77,-175,-13496,4348,6012,-990,228,-100,-13684,-5156,6764,-480,192,-43,0
952.9184799194336,8280,6404,11360,-219,-175,196,7124,-9288,10284,-13,57,-216,-13496,4284,5932,-983,219,-141,-13812,-5232,6748,-472,252,-31,0
952.9518749713898,8388,6636,11324,-191,-258,180,7244,-9360,10484,-22,80,-247,-13708,4320,6152,-1009,165,-172,-13868,-5308,6812,-496,1,-85,0
952.9855041503906,8412,6536,11392,-197,-266,148,7216,-9288,10504,-40,128,-251,-13560,4344,5980,-992,115,-175,-13696,-5200,6548,-494,241,-105,0
953.019005060196,8392,6624,11520,-204,-242,84,6956,-9392,10388,-51,140,-265,-13612,4432,5996,-1004,129,-153,-13812,-5272,6728,-460,233,-91,0
953.0523791313171,8240,6704,11388,-204,-179,107,7180,-9344,10520,-40,166,-1,-13540,4276,6152,-910,103,-128,-13636,-4980,6816,-461,213,-121,0
953.0860469341278,8372,6544,11412,-236,-174,106,7164,-9272,10412,-38,160,-232,-13444,4372,6256,-996,152,-118,-13804,-5120,6792,-472,207,-99,0
953.1197550296783,8496,6584,11320,-220,-189,119,6924,-9052,10332,-38,104,-252,-13496,4252,6024,-982,153,-127,-13776,-5240,6720,-450,213,-52,0
953.1529641151428,8408,6464,11300,-200,-175,152,7104,-9256,10392,-5,115,-216,-13552,4252,6016,-988,165,-141,-13772,-5192,6832,-459,222,-65,0
953.1866600513458,8360,6580,11264,-175,-158,130,7164,-9308,10392,-45,97,-246,-13396,4152,6076,-994,159,-136,-13788,-5168,6512,-496,184,-82,0
953.2201669216156,8408,6628,11444,-153,-100,127,7200,-8984,10716,-50,114,-220,-13428,4376,6168,-985,116,-67,-13652,-5140,6716,-476,139,-105,0
953.2538211345671,8524,6596,11380,-191,-58,114,7332,-9456,10472,-66,139,-185,-13608,4196,5900,-927,87,-39,-13800,-5216,6668,-475,147,-170,0
953.2873799800872,8488,6620,11364,-173,250,83,7304,-9188,10388,-35,153,-170,-13472,4108,5940,-963,68,-46,-13736,-5180,6564,-462,144,-139,0
953.3207960128784,8556,6568,11336,-164,9,78,7264,-9364,10364,-57,181,-147,-13508,4340,6064,-1005,67,-48,-13780,-5180,6636,-481,134,-166,0
953.3542580604552,8496,6616,11476,-172,2,80,7124,-9244,10420,-63,154,-165,-13608,4408,6144,-945,70,-49,-13864,-5200,6668,-462,105,-146,0
953.3902950286864,8432,6592,11332,-168,20,49,7204,-9300,10480,-82,182,-165,-13372,4384,6104,-933,58,-41,-13724,-5284,6580,-448,111,-143,0
953.426104068756,8344,6724,11424,-153,13,40,7068,-9324,10344,-75,200,-182,-13500,4476,6376,-994,56,-70,-13760,-5196,6708,-480,148,-167,0
953.462110042572,8324,6624,11528,-114,-16,55,7180,-9440,10460,-21,187,-169,-13464,4488,5944,-953,44,-104,-13820,-5148,6816,-496,141,-147,0
953.498484134674,8300,6900,11288,-136,-49,62,7132,-9316,10260,-54,183,-196,-13460,4184,6372,-984,47,-65,-13824,-5328,6864,-457,171,-109,0
953.5337760448456,8384,6696,11372,-162,-63,103,7072,-9296,10320,-61,174,-187,-13516,4400,6348,-942,85,-145,-13728,-5208,6440,-462,103,-112,0
953.569482088089,8340,6728,11504,-108,-55,86,7088,-9408,10460,-69,112,-147,-13492,4448,5992,-948,78,-61,-14076,-5192,6840,-507,107,-141,0
953.604824066162,8392,6672,11472,-186,-66,65,7136,-9376,10384,-11,157,-186,-13668,4368,6180,-1023,108,-90,-13624,-5308,6784,-491,165,-133,0
953.6403141021727,8304,6632,11392,-111,-64,73,7100,-9344,10496,-60,136,-196,-13352,4312,5984,-976,67,-80,-13632,-5264,6524,-502,174,-130,0
953.6801199913024,8444,6612,11384,-160,-97,39,7072,-9280,10400,-75,184,-236,-13476,4392,6132,-883,62,-104,-13600,-5232,6776,-457,170,-168,0
953.7159049510956,8292,6576,11436,-198,-60,49,7080,-9292,10368,-6,211,-200,-13444,4356,6392,-980,7,-74,-13744,-5164,6664,-464,166,-153,0
953.7518091201782,8228,6608,11288,-154,-35,80,7084,-9304,10528,35,194,-146,-13472,4408,6252,-1017,20,-20,-13744,-5268,6748,-554,101,-178,0
953.7879419326782,8412,6728,11544,-130,-27,78,7112,-9328,10628,-25,212,-143,-13464,4372,5912,-994,37,-28,-13652,-5216,6888,-567,53,-138,0
953.8232791423798,8192,6600,11624,-103,-30,116,7096,-9288,10380,-31,163,-95,-13412,4352,6272,-975,85,-36,-13688,-5244,6640,-500,120,-71,0
953.8593311309816,8180,6628,11488,-151,11,182,7016,-9348,10456,4,52,-117,-13288,4520,6068,-1048,201,-74,-13764,-5196,6440,-515,147,-253,0
953.894385099411,8292,6832,11516,-120,-146,191,7128,-9416,10704,-36,13,-198,-13332,4408,6188,-1277,155,-114,-13848,-5284,6676,-536,123,-87,0
953.930624961853,8336,6556,11472,-113,-100,129,7184,-9248,10428,-40,176,-143,-13508,4324,6248,-958,64,-17,-13836,-5264,6724,-564,34,-149,0
953.965942144394,8360,6536,11524,-129,-26,79,6956,-9240,10452,-6,172,-97,-13440,4400,5992,-1048,11,-63,-13680,-5208,6832,-530,69,-202,0
954.0013959407808,8268,6668,11424,-138,43,53,7020,-9312,10492,61,234,-107,-13404,4412,6076,-1101,62,-54,-13604,-5216,6896,-530,171,-136,0
954.0390601158142,8432,6640,11376,-113,-70,88,7048,-9440,10244,5,93,-202,-13260,4304,6012,-1062,124,-154,-13740,-5284,6776,-535,263,-115,0
954.0724890232086,8244,6596,11456,-87,-186,98,7148,-9276,10408,-53,37,-298,-13500,4304,6036,-1005,172,-147,-13792,-5256,6736,-454,2,-121,0
954.1060650348663,8312,6512,11580,-187,-183,93,7092,-9340,10436,-33,97,-281,-13776,4368,6208,-1014,120,-171,-14004,-5200,6880,-483,209,-130,0
954.139622926712,8604,6608,11340,-155,-178,82,7208,-9176,10692,40,203,-229,-13540,4348,6140,-1276,94,-195,-13724,-5192,6756,-486,208,-171,0
954.1730139255524,8280,6664,11348,-173,-188,83,7052,-8996,10688,13,162,-238,-13436,4308,6212,-1275,54,-164,-13604,-5136,6536,-480,168,-124,0
954.2066221237184,8388,6680,11332,-148,-120,111,7232,-9172,10244,-95,184,-165,-13428,4416,5964,-1007,91,-48,-13828,-5252,6752,-505,42,-116,0
954.240317106247,8388,6752,11508,-153,-29,94,7188,-9244,10472,-62,151,-109,-13452,4132,6076,-781,70,33,-13800,-5252,6592,-519,51,-120,0
954.2740349769592,8216,6696,11316,-142,51,148,7148,-9196,10312,-37,86,-79,-13400,4328,6100,-985,146,-13,-13656,-5312,6704,-519,52,-73,0
954.3075201511384,8252,6600,11616,-109,-20,160,7124,-9212,10284,-63,64,-110,-13396,4216,6200,-1048,144,-47,-13636,-5272,6648,-519,141,-89,0
954.3410789966584,8316,6636,11392,-149,-38,112,7204,-9344,10428,-51,159,-175,-13424,4316,6184,-993,147,-78,-13676,-5224,6836,-452,113,-93,0
954.3747971057892,8176,6516,11404,-189,-21,131,7156,-9360,10504,-40,105,-129,-13424,4332,6212,-1043,140,-50,-13592,-5168,6684,-482,144,-61,0
954.4080801010132,8300,6496,11380,-147,-72,123,7140,-9448,10408,22,92,-152,-13416,4448,5964,-1276,129,-64,-13716,-5324,6908,-481,144,-108,0
954.4415309429168,8272,6536,11512,-186,-68,102,7372,-9340,10400,-30,132,-143,-13424,4484,6068,-998,112,-99,-13760,-5252,6692,-475,114,-144,0
954.4750390052795,8300,6528,11508,-160,-133,70,7072,-9380,10500,-68,203,-208,-13468,4368,6132,-965,107,-131,-13644,-5244,6712,-487,179,-157,0
954.5085570812224,8268,6616,11328,-185,-102,75,7040,-9308,10540,5,165,-199,-13400,4328,6316,-1009,90,-117,-13668,-5140,6688,-491,196,-120,0
954.5418920516968,8296,6588,11508,-127,-115,118,7096,-9336,10632,-28,170,-186,-13380,4428,5908,-981,111,-54,-13704,-5244,6504,-519,147,-115,0
954.5753819942474,8300,6544,11456,-150,-137,121,7084,-9272,10412,-44,145,-198,-13404,4400,6148,-995,134,-85,-13816,-5200,6756,-477,174,-110,0
954.6089630126952,8324,6624,11496,-151,-58,115,7196,-9356,10476,-43,139,-146,-13580,4416,6044,-1028,72,-131,-13764,-5148,6588,-759,138,-126,0
954.641921043396,8680,6632,11464,-143,-63,93,7224,-9228,10584,-251,162,-147,-13508,4380,6172,-1039,77,-73,-13792,-5280,6792,-519,134,-105,0
954.6860311031342,8320,6612,11560,-93,-38,136,7084,-9300,10380,11,92,-153,-13352,4264,6148,-1032,137,-90,-13820,-5148,6828,-509,140,-80,0
954.73171210289,8312,6660,11264,-155,-80,122,7084,-9400,10428,246,111,-224,-13568,4360,6136,-778,164,-117,-13652,-5304,6956,-452,239,-89,0
954.771418094635,8276,6668,11504,-203,-129,101,7256,-9276,10740,40,155,-255,-13420,4420,6028,-1005,84,-157,-13712,-5396,6752,-472,230,-107,0
954.8050649166108,8368,6696,11488,-154,-197,79,7312,-9224,10720,-22,163,-209,-13508,4164,6156,-956,59,-156,-13744,-5180,6840,-496,181,-148,0
954.8383989334108,8224,6620,11420,-148,-158,68,7056,-9244,10600,-37,171,-210,-13468,4244,6188,-960,58,-98,-13768,-5280,6792,-485,123,-123,0
954.871880054474,8300,6624,11396,-128,-45,76,7096,-9276,10508,-65,174,-169,-13496,4392,5932,-994,96,-29,-13728,-5152,6768,-476,87,-130,0
954.9053001403807,8400,6488,11480,-151,-20,85,7084,-9372,10316,15,120,-147,-13448,4448,6244,-1030,74,-35,-13632,-5308,6904,-516,107,-100,0
954.9387769699096,8348,6596,11400,-152,-30,138,7080,-9376,10724,-27,105,-120,-13512,4364,5968,-1037,123,-51,-13712,-5232,6760,-546,87,-90,0
954.9720809459686,8444,6668,11608,-120,-104,137,7408,-9396,10276,-102,106,-147,-13420,4276,6140,-998,126,-67,-13752,-5248,6684,-547,162,-111,0
955.0057480335236,8308,6632,11408,-125,-33,145,7136,-9236,10432,-14,96,-161,-13456,4604,6324,-988,150,-87,-13620,-5140,6676,-496,170,-125,0
955.039031982422,8332,6656,11468,-124,-53,115,7072,-9292,10288,10,120,-152,-13444,4352,6080,-1053,101,-63,-13728,-5200,6832,-535,176,-141,0
955.074912071228,8312,6748,11440,-129,-60,138,7168,-9220,10516,-50,132,-129,-13464,4336,6240,-1012,40,-69,-13744,-5216,6832,-768,50,-152,0
955.1112310886384,8392,6708,11624,-123,-26,80,6968,-9388,10544,-107,134,-172,-13508,4384,6060,-1010,59,-21,-13704,-5240,6724,-513,66,-157,0
955.1460630893708,8312,6568,11356,-109,-7,55,7116,-9356,10552,-70,135,-144,-13500,4512,6028,-988,42,-133,-13724,-5204,6632,-497,164,-138,0
955.181843996048,8308,6588,11348,-127,-44,114,7028,-9340,10392,50,122,-136,-13448,4580,5912,-1074,81,-103,-13592,-5248,6840,-572,184,-78,0
955.2180480957032,8236,6616,11456,-87,-65,145,7332,-9408,10688,62,129,-166,-13472,4332,6180,-1046,111,-115,-13660,-5244,6896,-547,170,-134,0
955.2534289360048,8316,6908,11512,-54,-98,138,7012,-9320,10396,28,80,-139,-13496,4464,6272,-1078,156,-32,-14044,-5288,6676,-576,123,-95,0
955.2882771492004,8352,6904,11732,-79,-35,204,7180,-9408,10432,-8,44,-85,-13444,4428,6048,-1056,186,-20,-13700,-4884,6772,-525,99,-42,0
955.3244850635527,8228,6884,11420,-70,250,206,6944,-9272,10356,-37,43,-137,-13444,4308,6252,-987,168,-64,-13652,-5360,6892,-462,83,-60,0
955.3598880767822,8336,6688,11360,-137,-51,141,7112,-9312,10400,-65,148,-199,-13512,4232,6236,-971,99,-76,-13656,-5412,6440,-458,135,-179,0
955.3950381278992,8324,6712,11712,-211,-77,12,7228,-9200,10464,-25,265,-234,-13660,4272,6152,-953,14,-129,-13712,-5348,6712,-417,209,-165,0
955.4307370185852,8288,6812,11752,-503,-128,-254,7168,-9388,10644,19,264,-273,-13416,4116,6368,-950,30,-176,-13608,-5252,6724,-417,510,-144,0
955.4654729366304,8216,6768,11416,-130,-156,12,7004,-9364,10480,-17,180,-298,-13512,4392,6312,-980,112,-247,-13376,-5132,6892,-459,244,-99,0
955.5013730525972,8192,6700,11496,-103,-243,85,7128,-9300,10384,-45,157,-292,-13516,4404,5984,-967,111,-156,-13732,-5204,6736,-472,264,-89,0
955.5375390052795,8276,6680,11468,-176,-177,130,7104,-9224,10460,-18,128,-218,-13448,4492,6036,-972,179,-104,-13840,-5184,6760,-475,216,-4,0
955.5721831321716,8280,6540,11396,-192,-152,229,7032,-9452,10356,-19,55,-156,-13332,4480,6168,-1058,252,-62,-13700,-5236,6856,-531,193,40,0
955.6080989837648,8424,6500,11488,-137,-152,276,7300,-9480,10316,-10,36,-122,-13480,4372,6140,-1095,3,-117,-13736,-5248,7100,-558,147,-4,0
955.642970085144,8292,6648,11312,-88,-152,252,7068,-9448,10420,-7,-12,-122,-13412,4276,6160,-1266,211,-113,-13988,-5284,6792,-548,179,-239,0
955.6793241500856,8408,6684,11352,-149,-173,226,7092,-9344,10348,-1,35,-167,-13480,4364,6120,-1039,238,-102,-13792,-5352,6688,-543,214,25,0
955.7145290374756,8204,6632,11472,-151,-144,238,6988,-9388,10376,22,29,-174,-13496,4360,5960,-1066,236,-99,-14044,-5184,6724,-501,160,-15,0
955.7500939369202,8328,6652,11536,-158,-160,227,7224,-9256,10604,-19,43,-177,-13824,4276,6180,-983,188,-120,-13732,-5184,6464,-444,120,-78,0
955.7836539745332,8364,6776,11456,-2,-163,152,7220,-9252,10356,-35,176,-229,-13792,4212,6368,-951,143,-160,-13740,-5288,6804,-427,204,-104,0
955.8173871040344,8392,6668,11444,-226,-238,98,7168,-9404,10396,-67,185,-308,-13520,4244,6300,-976,90,-205,-13804,-5276,6792,-423,329,-137,0
955.8507800102234,8352,6660,11520,-227,-240,46,7032,-8976,10588,-12,202,-306,-13448,4340,6200,-976,132,-207,-13684,-5208,6644,-423,284,-110,0
955.8841559886932,8340,6676,11364,-174,-190,73,7216,-9232,10724,-52,112,-323,-13420,4204,6084,-954,136,-146,-13772,-5256,6764,-449,258,-101,0
955.9179260730743,8336,6640,11364,-219,-241,85,7052,-9244,10340,-23,161,-281,-13520,4108,6000,-970,154,-162,-13776,-5184,6720,-458,212,-90,0
955.9513731002808,8404,6520,11220,-183,-179,130,6924,-9372,10380,-12,96,-234,-13496,4136,5980,-1004,173,-126,-13840,-5196,6756,-509,173,-51,0
955.9848821163177,8512,6588,11448,-164,-126,165,7152,-9276,10464,-33,75,-162,-13416,4300,6016,-1030,174,-85,-13752,-5208,6652,-499,165,-29,0
956.0184280872344,8392,6508,11392,-128,-67,207,7156,-9380,10456,-36,57,-164,-13580,4292,6188,-1028,190,-17,-13736,-5084,6744,-549,123,-69,0
956.0516641139984,8432,6592,11260,-138,-25,161,7196,-9252,10340,-79,62,-133,-13484,4420,5768,-1278,151,-33,-13696,-5120,6600,-551,99,-80,0
956.0850930213928,8448,6572,11308,-137,-21,154,7220,-9296,10336,-49,91,-116,-13596,4304,5936,-1056,106,223,-13720,-5168,6692,-563,91,-124,0
956.118588924408,8436,6456,11428,-105,75,140,7268,-9452,10440,-13,84,-97,-13660,4332,5760,-1042,76,-31,-13744,-5168,6828,-538,95,-155,0
956.1518659591676,8388,6552,11284,-139,31,91,7216,-9356,10480,-11,140,-111,-13544,4232,6344,-775,85,-26,-13680,-5264,6816,-489,133,-164,0
956.1855001449584,8356,6600,11532,-126,31,57,7160,-9308,10472,-48,152,-131,-13460,4136,6292,-940,28,-20,-13768,-5184,6720,-764,96,-215,0
956.2191469669342,8280,6592,11408,-118,-19,68,7096,-9264,10496,-63,178,-158,-13572,4344,5964,-1010,15,-71,-13748,-5196,6700,-523,159,-169,0
956.252942085266,8340,6604,11408,-107,-8,41,7068,-9260,10552,251,173,-161,-13528,4372,6228,-775,13,-104,-13712,-5228,6732,-526,168,-195,0
956.2866079807281,8360,6732,11456,-80,-3,64,6944,-9312,10436,-29,157,-153,-13548,4316,6308,-976,36,-92,-13748,-5304,6856,-519,129,-181,0
956.3199999332428,8312,6616,11272,-89,-42,43,7060,-9304,10292,-85,207,-164,-13472,4248,6320,-919,-12,-47,-13812,-5344,6760,-508,121,-192,0
956.3535130023956,8628,6648,11404,-158,21,52,7028,-9388,10364,-65,208,-145,-13560,4372,6380,-982,59,-28,-13732,-5200,6708,-484,83,-136,0
956.3867890834808,8316,6896,11392,-104,-4,105,7408,-9316,10744,-32,155,-128,-13524,4280,6088,-986,56,-14,-13708,-5152,6672,-505,83,-156,0
956.420401096344,8356,6424,11256,-116,249,73,7172,-9320,10436,-15,168,-127,-13476,4400,6000,-1271,98,-61,-13696,-5256,6776,-523,18,-119,0
956.454008102417,8292,6628,11720,-118,-27,102,7116,-9236,10520,-63,103,-126,-13364,4408,5960,-976,78,-57,-13800,-5164,6748,-516,93,-140,0
956.4875321388243,8364,6876,11412,-85,-41,85,7176,-9300,10484,-47,137,-165,-13448,4240,6292,-1005,100,-76,-13716,-5224,6624,-515,155,-147,0
956.5209131240844,8352,6588,11272,-124,-39,87,7392,-9260,10436,12,125,-172,-13432,4308,6116,-773,88,-62,-13624,-5336,6692,-532,179,-122,0
956.5542759895324,8408,6544,11264,-113,-44,101,7060,-9312,10316,-33,139,-205,-13480,4112,6224,-1032,79,-87,-13672,-5108,6732,-530,140,-152,0
956.5876030921936,8396,6644,11380,-122,-68,96,7192,-9300,10432,-5,161,-162,-13384,4464,6264,-1007,79,-101,-13788,-5360,6720,-497,116,-142,0
956.6212799549104,8420,6792,11372,-122,-40,92,7152,-9316,10396,-20,196,-171,-13468,4392,6236,-1009,97,-64,-13708,-5160,6768,-472,109,-155,0
956.6544270515442,8204,6640,11380,-142,-52,85,7104,-9316,10560,-8,144,-168,-13564,4456,6124,-772,67,-83,-13696,-5252,6740,-518,127,-149,0
956.6911561489104,8292,6860,11428,-95,-69,75,6912,-9304,10572,-20,139,-180,-13408,4300,6132,-771,83,-51,-13716,-5212,6736,-534,142,-131,0
956.724543094635,8228,6860,11436,-117,-70,100,7380,-9316,10656,-57,162,-173,-13508,4212,5892,-991,42,-110,-13732,-5288,6728,-523,133,-162,0
956.7607779502868,8252,6736,11476,-128,-53,89,7400,-9340,10720,-17,146,-133,-13424,4356,5956,-975,48,-27,-13640,-5296,6644,-481,145,-145,0
956.796147108078,8072,6596,11656,-111,-53,123,7092,-9300,10388,-31,123,-165,-13488,4100,5936,-1020,90,-73,-13708,-5196,6848,-507,140,-114,0
956.8318200111388,8420,6652,11356,-133,-28,118,7208,-9232,10436,-28,89,-198,-13436,4452,6260,-1013,145,-142,-13644,-5396,6824,-489,118,-102,0
956.8679859638214,8236,6652,11364,-111,-73,136,6952,-9320,10680,-28,111,-164,-13812,4340,6204,-1001,98,-45,-13712,-5236,6724,-520,167,-97,0
956.9033880233764,8332,6524,11200,-133,-83,95,7072,-9328,10480,-18,146,-182,-13516,4352,5916,-1050,66,-91,-13740,-5304,6680,-531,123,-137,0
956.9388120174408,8328,6688,11352,-68,-40,101,7124,-9248,10316,-254,132,-148,-13472,4272,6356,-1060,72,-31,-13628,-5232,6900,-261,117,-117,0
956.9743089675903,8332,6808,11516,-134,-72,66,7172,-9296,10708,-45,146,-177,-13424,4256,6360,-994,83,-59,-13740,-5280,6588,-494,112,-137,0
957.010673046112,8356,6624,11544,-162,-53,89,7160,-9292,10472,18,133,-170,-13348,4400,6128,-981,94,-93,-13620,-5312,6724,-490,190,-91,0
957.046091079712,8020,6872,11288,-154,-74,129,7016,-9300,10244,-1,136,-203,-13396,4592,6360,-1017,125,-107,-13684,-5328,6900,-484,161,-78,0
957.0818829536438,8224,6736,11392,-159,-138,131,7076,-9300,10512,-43,111,-190,-13368,4576,6320,-965,137,-106,-13716,-5312,6756,-481,121,-97,0
957.117847919464,8232,6684,11448,-132,-105,95,7156,-9260,10312,-73,142,-193,-13456,4124,6040,-955,134,-82,-13664,-5252,6816,-493,129,-91,0
957.1524851322174,8364,6608,11696,-145,-62,116,7384,-9268,10412,-14,150,-197,-13480,4412,6144,-1005,120,-131,-13756,-5252,6648,-529,194,-94,0
957.1876330375671,8232,6652,11280,-135,-44,136,7124,-9372,10436,-16,107,-159,-13496,4276,6088,-1022,110,-86,-13796,-5376,6716,-532,139,-122,0
957.22367811203,8444,6752,11540,-127,-103,127,7216,-9296,10448,-26,136,-187,-13440,4396,6140,-1003,112,-53,-13680,-5268,6456,-526,140,-124,0
957.2597949504852,8400,6588,11492,-123,-45,102,6932,-9260,10380,-45,156,-190,-13464,4588,6072,-981,92,-108,-13656,-5212,6668,-516,145,-121,0
957.2949221134186,8392,6884,11388,-163,-85,116,7236,-9304,10424,254,158,-191,-13372,4220,6056,-1011,95,-102,-13704,-5144,6852,-454,183,-121,0
957.3311629295348,8344,6736,11412,-142,-77,119,7144,-9316,10388,-40,130,-172,-13336,4124,6112,-1014,85,-76,-13680,-5628,6792,-499,143,-105,0
957.367250919342,8276,6648,11440,-150,-96,106,6920,-9256,10444,-30,151,-199,-13444,4368,6316,-990,79,-94,-13656,-5288,6656,-502,134,-105,0
957.404000043869,8276,6664,11464,-172,-54,105,7076,-9368,10372,-41,162,-179,-13520,4468,6240,-985,88,-130,-13772,-5208,6712,-481,158,-121,0
957.4377810955048,8208,6652,11472,-150,-90,124,7032,-9296,10344,-29,173,-179,-13472,4552,6188,-1005,78,-81,-13596,-5180,6792,-481,174,-118,0
957.4712641239166,8228,6908,11500,-112,-111,106,7136,-9316,10420,-29,141,-179,-13380,4356,6036,-990,96,-91,-13684,-5268,6724,-503,176,-102,0
957.5048339366912,8248,6708,11440,-146,-89,120,7048,-9372,10448,-57,131,-201,-13416,4108,6280,-953,145,-90,-13760,-5248,6876,-472,136,-95,0
957.5383310317992,8296,6712,11416,-152,-129,93,7152,-9440,10376,-58,89,-184,-13504,4496,6292,-1011,109,-114,-13680,-5228,6736,-515,155,-109,0
957.5717539787291,8380,6836,11408,-123,-84,115,7300,-9256,10444,-20,152,-157,-13464,4564,5888,-1011,104,-93,-13748,-5236,6716,-504,136,-122,0
957.6051111221313,8432,6660,11484,-129,-18,98,7144,-9228,10360,-38,139,-157,-13536,4348,6168,-1017,112,-47,-13784,-5312,6672,-536,126,-122,0
957.6384980678558,8388,6736,11436,-144,-66,74,7116,-9384,10440,-38,158,-196,-13560,4320,6252,-853,40,-77,-13740,-5256,6732,-499,155,-142,0
957.6719579696656,8352,6620,11380,-142,-73,97,7400,-9392,10304,-16,160,-152,-13560,4292,5956,-1025,90,-94,-13712,-5240,6788,-490,137,-69,0
957.7055399417876,8416,6892,11324,-120,-80,116,6920,-9320,10488,-30,130,-137,-13416,4384,6028,-1280,136,-89,-13740,-5280,6744,-501,157,-101,0
957.7391641139984,8248,6784,11752,-153,-93,148,7160,-9336,10504,-10,124,-177,-13352,4372,6588,-1014,174,-127,-13744,-5304,6904,-471,153,-34,0
957.7724940776824,8188,6740,11320,-183,-187,172,7076,-9336,10492,-50,130,-242,-13428,4116,6316,-977,189,-125,-13728,-5404,6824,-492,214,-37,0
957.8063859939576,8436,6652,11320,-120,-221,158,7160,-9352,10560,-49,109,-253,-13456,4456,6184,-992,210,-125,-13684,-5132,6760,-506,255,-22,0
957.8399970531464,8264,6672,11456,-141,-215,189,7080,-9328,10664,-27,91,-232,-13388,4264,6080,-1042,227,-144,-13624,-5228,6780,-487,265,251,0
957.8736140727996,8220,6572,11340,-166,-235,189,7092,-9372,10284,-5,61,-238,-13488,4344,6092,-1044,234,-203,-13672,-5332,6816,-513,274,-22,0
957.9069390296936,8224,6588,11356,-209,-236,200,7220,-9364,10440,-22,71,-254,-13448,4444,6132,-1005,234,-190,-13768,-5196,6676,-516,226,-47,0
957.9404940605164,8336,6532,11544,-172,-213,185,7292,-9360,10460,-16,75,-227,-13492,4572,6012,-1040,221,-177,-13656,-5160,6712,-505,223,-29,0
957.9742360115052,8348,6640,11432,-173,-196,209,7236,-9260,10500,-7,52,-240,-13504,4252,6156,-1026,230,-102,-13784,-5236,6804,-497,224,-7,0
958.0076589584352,8400,6636,11436,-164,-221,195,6932,-9272,10692,-28,11,-238,-13448,4264,6056,-780,248,-99,-13704,-5124,6656,-478,204,-23,0
958.041275024414,8456,6608,11204,-201,-215,162,7428,-9300,10364,-53,97,-223,-13604,4300,5868,-988,181,-167,-13780,-5184,6692,-495,204,-71,0
958.0748910903932,8496,6436,11340,-204,-199,142,7308,-9252,10468,-37,108,-1,-13588,4184,5976,-998,107,-158,-14056,-5292,6664,-450,162,-97,0
958.1082270145416,8500,6684,11372,-198,-165,114,7268,-8972,10712,-30,152,-225,-13524,4288,6216,-973,105,-121,-13688,-5308,6588,-426,177,-114,0
958.1418130397795,8400,6596,11488,-239,-137,82,7124,-9400,10464,-41,152,-227,-13488,4328,6116,-977,107,-78,-13732,-5124,6716,-424,166,-140,0
958.1753821372986,8328,6572,11468,-169,-152,92,7116,-9228,10448,-20,157,-201,-13420,4124,6000,-996,92,-113,-13732,-5172,6700,-503,153,-121,0
958.2089040279388,8628,6576,11172,-158,-78,97,7228,-9256,10388,-72,138,-184,-13344,4404,6044,-1003,103,-68,-13688,-5212,6888,-479,122,-111,0
958.2425570487976,8356,6400,11412,-115,-33,83,7044,-8988,10432,-88,150,-153,-13372,4340,6088,-946,86,-52,-13744,-5228,6796,-496,66,-133,0
958.2761409282684,8496,6556,11212,-159,46,89,7396,-9280,10400,-90,141,-139,-13788,4228,5988,-923,75,-54,-13780,-5136,6564,-491,115,-177,0
958.3099930286407,8544,6504,11292,-191,37,58,7220,-9368,10332,-23,145,-126,-13472,4276,6012,-996,85,-42,-13780,-5136,6592,-480,90,-173,0
958.3436131477356,8424,6740,11284,-117,68,62,7220,-9284,10664,-34,142,-96,-13508,4228,6036,-1010,19,2,-13680,-5312,6404,-495,95,-192,0
958.3772780895232,8376,6640,11464,-128,73,71,7180,-9300,10488,-11,200,-114,-13532,4356,6164,-1037,19,-11,-13764,-5268,6764,-524,78,-167,0
958.410306930542,8296,6624,11476,-118,13,38,7128,-9432,10456,-80,173,-144,-13376,4588,6316,-949,27,-59,-13724,-5172,6884,-257,87,-157,0
958.447907924652,8340,6612,11448,-83,-42,59,7152,-9320,10556,-56,172,-156,-13468,4416,6372,-996,255,-80,-13808,-5204,6808,-510,135,-159,0
958.4828441143036,8348,6604,11124,-90,9,69,7084,-9244,10492,-27,152,-130,-13436,4444,6128,-1035,41,-11,-13656,-5192,6836,-540,69,-143,0
958.5193021297456,8428,6404,11460,-109,8,96,7184,-9268,10448,-50,152,-83,-13388,4404,6172,-983,74,-28,-13808,-5196,6652,-547,58,-162,0
958.5550091266632,8388,6864,11432,-116,43,94,7140,-9324,10700,-64,193,-124,-13436,4356,6016,-963,40,-45,-13788,-5260,6568,-496,58,-189,0
958.5912570953368,8356,6644,11420,-120,19,80,7232,-9228,10612,-41,159,-154,-13476,4176,6156,-1007,40,-51,-13780,-5216,6416,-481,145,-171,0
958.6261820793152,8340,6748,11436,-130,-11,93,7104,-9320,10708,-254,137,-205,-13548,4292,6124,-982,60,-109,-13800,-5328,6844,-505,213,-119,0
958.6623449325562,8192,6728,11372,-141,-100,88,7080,-8996,10672,-44,163,-234,-13488,4368,6148,-988,53,-99,-13652,-5236,6760,-506,158,-165,0
958.7004809379578,8364,6660,11432,-104,-112,29,6920,-9428,10588,-78,188,-194,-13544,4604,6228,-983,31,-67,-14008,-5244,7096,-511,109,-185,0
958.7372050285339,8352,6888,11580,-115,-74,54,7332,-9292,10520,-252,201,-158,-13400,4100,5888,-999,57,-72,-13672,-5308,6752,-456,105,-154,0
958.772143125534,8264,6632,11304,-83,30,57,7056,-9328,10388,-27,158,-133,-13460,4292,6312,-1002,82,-65,-13768,-5336,6748,-508,53,-132,0
958.8081979751588,8288,6720,11652,-110,-63,78,7408,-9308,10356,-80,148,-148,-13544,4308,6096,-965,58,-4,-13732,-5200,6444,-489,60,-154,0
958.8430421352388,8436,6632,11272,-135,-16,102,7104,-9264,10692,-76,143,-138,-13344,4356,6264,-1020,77,-36,-13712,-5248,6708,-500,116,-134,0
958.8792970180511,8344,6676,11640,-156,-30,111,7048,-9448,10372,12,138,-143,-13328,4372,6140,-1033,96,-41,-13688,-5352,6680,-513,149,-131,0
958.91424202919,8400,6900,11484,-172,-57,121,7060,-9300,10528,-36,123,-182,-13468,4372,6196,-1004,92,-89,-13596,-5248,6868,-501,145,-124,0
958.9498031139374,8336,6680,11628,-137,-104,85,7156,-9480,10500,-59,92,-187,-13424,4408,6212,-984,136,-90,-13668,-5244,6684,-508,188,-112,0
958.9855279922484,8252,6556,11432,-135,-105,83,7092,-9356,10344,-20,144,-224,-13508,4552,5992,-976,97,-109,-13692,-5276,6604,-456,156,-155,0
959.0218091011047,8240,6752,11400,-166,-85,76,7368,-9288,10432,-87,135,-215,-13544,4220,6056,-943,65,-78,-13740,-5256,6672,-467,125,-151,0
959.0580999851228,8312,6556,11312,-170,-83,40,7264,-9276,10520,-71,198,-228,-13488,4416,6124,-935,30,-108,-13808,-5164,6468,-466,169,-158,0
959.0945439338684,8320,6728,11332,-158,-93,40,7156,-9260,10496,-15,203,-209,-13404,4108,6060,-1013,83,-86,-13736,-5180,6668,-449,168,-148,0
959.1279139518738,8308,6460,11400,-166,-79,75,7124,-9360,10532,-27,138,-184,-13468,4448,6252,-772,88,-88,-13684,-5228,6656,-485,175,-141,0
959.1613960266112,8052,6792,11316,-122,-82,77,7100,-9260,10476,0,119,-180,-13448,4400,6112,-1030,112,-137,-13660,-5288,6832,-516,164,-107,0
959.194925069809,8264,6908,11312,-147,-80,124,7080,-9300,10380,41,143,-182,-13536,4384,6104,-1032,130,-100,-13740,-5244,6820,-479,144,-73,0
959.228485107422,8244,6472,11468,-162,-108,176,7396,-9348,10560,-33,144,-184,-13460,4412,6168,-1008,159,-77,-13688,-5332,6832,-481,145,-50,0
959.2621350288392,8272,6756,11464,-112,-196,171,7108,-9444,10384,-19,128,-183,-13476,4400,6088,-1014,146,-94,-13656,-5384,6928,-517,191,-29,0
959.2955751419067,8212,6636,11484,-144,-167,153,7356,-9280,10336,-60,140,-206,-13108,4476,6308,-989,136,-70,-13612,-5340,6728,-496,231,-66,0
959.3295221328735,8196,6704,11460,-156,-202,151,7184,-9340,10240,-54,128,-240,-13368,4432,6152,-989,193,-137,-13616,-5244,6776,-434,226,-29,0
959.3630690574646,8200,6696,11476,-202,-205,196,7168,-9248,10500,-66,107,-252,-13516,4232,6180,-960,198,-170,-13748,-5228,6720,-425,225,-56,0
959.3963930606842,8252,6668,11496,-225,-222,124,7244,-9352,10460,-68,147,-258,-13472,4316,6220,-974,195,-167,-13784,-5320,6728,-432,232,-32,0
959.4300320148468,8368,6652,11416,-195,-202,145,7176,-9308,10480,-38,134,-250,-13512,4280,6128,-987,138,-172,-13584,-5364,6716,-454,247,-58,0
959.4633579254152,8408,6604,11468,-171,-187,147,7160,-9216,10388,-46,152,-241,-13488,4352,5952,-1029,123,-119,-13756,-5216,6760,-479,250,-66,0
959.4969589710236,8332,6580,11464,-178,-215,156,7248,-9372,10316,-10,125,-245,-13452,4332,5988,-1048,194,-142,-13732,-5172,6784,-482,248,-49,0
959.530480146408,8328,6588,11384,-195,-178,185,7124,-9252,10384,-31,105,-207,-13436,4432,6084,-994,165,-125,-13740,-5208,6700,-472,167,-69,0
959.563982963562,8536,6624,11304,-162,-170,150,7176,-9436,10508,-48,129,-219,-13456,4416,6068,-1013,121,-119,-13788,-5088,6816,-465,155,-75,0
959.5975799560548,8324,6556,11316,-193,-159,129,7156,-9304,10548,-11,110,-190,-13564,4432,6104,-1024,141,-109,-13716,-5324,6800,-458,171,-65,0
959.6308519840239,8280,6680,11424,-176,-148,157,7160,-9276,10300,7,118,-208,-13424,4316,6252,-1004,157,-66,-13700,-5268,6804,-452,175,-88,0
959.6638290882112,8280,6844,11380,-194,-151,112,7416,-9300,10292,-41,91,-232,-13476,4352,6280,-973,178,-175,-13800,-5300,6732,-498,228,-65,0
959.697376012802,8676,6536,11696,-190,-194,157,7240,-9240,10376,-7,70,-252,-13472,4316,6004,-1068,156,-179,-13792,-5120,6740,-457,219,-66,0
959.731050014496,8412,6620,11568,-135,-174,154,7116,-9136,10420,2,105,-194,-13500,4292,6156,-1040,154,-64,-13724,-5248,6824,-458,142,-68,0
959.764279127121,8228,6896,11484,-181,-96,128,7104,-9272,10260,-34,97,-170,-13452,4524,6164,-973,131,-81,-13716,-5200,6800,-495,120,-99,0
959.7979481220244,8284,6412,11356,-165,-110,123,7132,-9236,10684,-61,122,-184,-13468,4292,6012,-1009,109,-114,-13592,-5188,6660,-514,174,-113,0
959.8315949440004,8424,6572,11256,-108,-118,137,7268,-9456,10468,-24,111,-182,-13472,4328,5972,-1038,129,-115,-13696,-5104,6672,-561,151,-104,0
959.8649749755859,8608,6540,11292,-85,-55,142,6992,-9256,10240,-1,100,-180,-13544,4348,5920,-1056,137,-101,-13668,-5148,6636,-525,127,-117,0
959.898159980774,8396,6408,11264,-112,-19,150,7244,-9336,10432,-26,81,-148,-13492,4360,5956,-1002,96,-42,-13724,-5144,6720,-491,99,-118,0
959.931769132614,8664,6612,11424,-177,253,130,7172,-9372,10492,-17,91,-152,-13600,4292,6032,-993,100,-52,-13820,-5192,6636,-519,115,-155,0
959.9652020931244,8660,6652,11344,-111,-12,112,7248,-9320,10492,-45,136,-116,-13616,4300,6060,-1013,32,-66,-13784,-5180,6732,-268,126,-148,0
959.9987089633942,8224,6632,11368,-115,-27,72,7416,-9316,10712,-19,175,-147,-13380,4260,6212,-1018,45,-73,-13688,-5268,6708,-511,100,-171,0
960.0323479175568,8348,6448,11476,-124,22,65,7124,-9288,10456,-57,163,-154,-13436,4316,6012,-991,34,-56,-13680,-5288,6728,-483,134,-175,0
960.0655889511108,8192,6656,11408,-143,1,46,7392,-9308,10436,-61,183,-185,-13488,4360,6044,-971,59,-54,-13632,-5172,6784,-458,139,-157,0
960.0989179611206,8676,6652,11448,-141,-20,43,7132,-9408,10436,-55,170,-170,-13500,4352,6180,-968,56,-45,-13688,-5208,6460,-477,110,-184,0
960.1359610557556,8296,6472,11424,-99,8,42,7116,-9320,10456,-23,139,-137,-13424,4564,5888,-962,18,-73,-13740,-5364,6908,-499,88,-158,0
960.1714589595796,8448,6672,11412,-119,6,71,7184,-9312,10460,-47,169,-138,-13452,4448,6112,-982,88,-27,-13704,-5140,6840,-477,128,-163,0
960.2075901031494,8352,6640,11268,-106,-17,99,6924,-9316,10548,-46,120,-137,-13516,4348,6336,-1008,76,-84,-13628,-5172,6892,-538,102,-144,0
960.2429330348967,8364,6536,11356,-87,-32,105,7124,-9440,10420,-46,126,-156,-13468,4332,6076,-1276,66,-35,-13792,-5184,6880,-565,107,-158,0
960.2786231040956,8380,6704,11332,-65,-22,101,6936,-9348,10408,-38,143,-129,-13428,4300,5888,-988,44,-42,-13764,-5176,6692,-515,63,-133,0
960.3138749599456,8396,6424,11368,-109,16,85,7224,-9320,10380,-30,197,-130,-13488,4272,6144,-994,25,-34,-13732,-5240,6652,-490,78,-180,0
960.3492550849916,8380,6856,11364,-163,-2,47,7204,-9000,10448,-40,205,-156,-13688,4256,6012,-964,38,-95,-13792,-5284,6784,-461,99,-165,0
960.3842000961304,8412,6560,11312,-161,24,33,7124,-9344,10512,-39,197,-165,-13480,4404,5896,-983,46,-75,-13676,-5320,6728,-498,134,-158,0
960.4203319549559,8304,6628,11464,-109,-9,27,7164,-9264,10504,-34,182,-154,-13556,4448,6348,-969,-250,-35,-13608,-5316,6776,-489,99,-185,0
960.4553360939026,7992,6692,11444,-155,-15,48,7124,-9304,10452,-29,148,-191,-13404,4448,6348,-959,66,-89,-13656,-5192,6680,-467,105,-165,0
960.4909291267396,8432,6672,11484,-114,-59,66,7152,-9440,10488,-37,177,-197,-13452,4456,6008,-969,61,-84,-13780,-5172,6756,-477,136,-173,0
960.5274510383606,8276,6724,11272,-140,-51,61,7136,-9280,10448,-23,161,-193,-13524,4376,6080,-984,82,-76,-13728,-5276,6728,-505,146,-115,0
960.5629279613496,8228,6716,11392,-109,-77,74,7096,-9320,10676,-75,122,-203,-13388,4320,6128,-983,70,-134,-14016,-5204,6728,-540,130,-134,0
960.5987179279327,8392,6684,11392,-110,-73,101,7124,-9408,10432,-35,115,-186,-13404,4464,6216,-970,65,-48,-13812,-5248,7152,-494,120,-131,0
960.6342000961304,8292,6888,11608,-122,-16,89,7112,-9344,10388,-56,113,-148,-13520,4408,6216,-1009,96,-84,-13644,-5336,6808,-750,96,-137,0
960.66969704628,8372,6628,11400,-139,-38,123,7076,-9288,10656,-15,111,-154,-13532,4436,6052,-1279,83,-56,-13676,-5260,6796,-501,124,-141,0
960.7047879695892,8288,6556,11300,-123,-66,98,7120,-9348,10392,-32,116,-156,-13424,4380,6144,-1006,71,-107,-13816,-5172,6768,-525,132,-139,0
960.7400829792024,8048,6708,11424,-87,-49,95,7388,-9280,10428,-40,157,-177,-13520,4208,6104,-1004,86,-102,-13696,-5276,6808,-512,119,-123,0
960.7758250236512,8212,6664,11388,-137,-36,87,7092,-9292,10564,-29,130,-144,-13420,4364,6040,-996,101,-65,-13760,-5188,6760,-257,173,-152,0
960.8094720840454,8364,6580,11392,-138,-51,115,7040,-9328,10472,-253,116,-131,-13468,4584,6308,-1064,128,-77,-13668,-5316,6900,-520,159,-140,0
960.8430559635162,8348,6644,11516,-102,-71,105,7016,-9336,10492,-1,106,-160,-13332,4304,6016,-1037,125,-63,-13660,-5328,6900,-471,165,-90,0
960.8764309883118,8332,6712,11480,-132,-70,141,7056,-9364,10244,-35,134,-176,-13424,4388,6120,-974,113,-100,-13712,-5132,6788,-503,139,-129,0
960.9102790355684,8376,6664,11472,-143,-64,96,6936,-9348,10468,-48,175,-194,-13456,4392,5968,-1015,62,-127,-13664,-5332,6716,-767,173,-156,0
960.9438490867616,8356,6692,11544,-161,-106,107,7104,-9260,10472,-20,177,-189,-13564,4112,6248,-1009,85,-109,-13680,-5520,6820,-505,162,-136,0
960.9772081375122,8112,6668,11308,-152,-92,74,7144,-9280,10548,-42,183,-197,-13536,4308,6264,-963,43,-86,-13800,-5304,6720,-475,165,-144,0
961.0106210708618,8348,6876,11296,-179,-76,60,7268,-9404,10420,-66,200,-232,-13352,4300,6100,-949,119,-94,-13808,-5168,6840,-446,182,-77,0
961.044224023819,8320,6616,11340,-198,-112,106,7096,-9332,10496,-10,156,-215,-13408,4368,6348,-981,124,-95,-13816,-5284,6644,-408,244,-50,0
961.077702999115,8316,6760,11376,-167,-128,139,7140,-9312,10516,-6,181,-204,-13332,4492,6172,-992,149,-147,-13608,-5280,6788,-444,210,-49,0
961.1112859249116,8180,6732,11508,-190,-142,159,7068,-9360,10360,-61,98,-186,-13416,4512,6264,-991,181,-107,-13680,-5292,6804,-484,179,-25,0
961.1445660591125,8284,6640,11308,-153,-181,179,7120,-9316,10376,-84,116,-179,-13404,4332,6356,-947,172,-103,-13688,-5244,6640,-481,164,-50,0
961.1781079769136,8328,6696,11472,-167,-180,196,7028,-9368,10432,11,121,-205,-13420,4468,6180,-994,200,-113,-13644,-5272,6744,-484,213,-24,0
961.2117009162904,8252,6680,11344,-154,-133,186,7184,-9264,10252,252,84,-199,-13460,4336,6260,-991,198,-113,-13632,-5304,6772,-513,215,-26,0
961.2455401420592,8288,6672,11348,-197,-219,190,7140,-9328,10600,-6,84,-222,-13532,4552,5916,-1004,186,-157,-13764,-5252,6792,-448,219,-20,0
961.2791550159454,8276,6656,11388,-180,-181,187,7072,-9264,10508,-254,141,-235,-13496,4356,5992,-998,214,-145,-13784,-5260,6784,-468,227,-19,0
961.312646150589,8392,6400,11320,-192,-220,190,7152,-9372,10480,16,91,-228,-13472,4584,6000,-1018,212,-165,-13856,-5176,6676,-460,244,-52,0
961.3459689617156,8288,6404,11460,-201,-216,177,7172,-9412,10544,23,84,-248,-13528,4300,6188,-1007,218,-135,-13764,-5292,6832,-434,240,-45,0
961.3795280456544,7984,6404,11452,-215,-225,186,7388,-9220,10720,-26,54,-261,-13540,4340,6184,-992,184,-152,-13756,-5208,6720,-481,203,-67,0
961.4129390716552,8416,6548,11484,-188,-234,135,7244,-9276,10716,-19,109,-242,-13476,4464,5912,-976,135,-201,-13780,-5232,6668,-486,194,-90,0
961.4466350078584,8384,6588,11320,-176,-177,129,7164,-9352,10468,5,105,-241,-13516,4308,6216,-1276,107,-186,-13724,-5256,6852,-488,175,-103,0
961.4800779819487,8276,6660,11432,-159,-204,131,7084,-9316,10500,27,103,-210,-13508,4284,6056,-1026,130,-132,-13704,-5300,6760,-450,201,-96,0
961.5136721134186,8400,6872,11392,-204,-160,112,7100,-9436,10664,-18,131,-227,-13500,4260,6036,-971,152,-114,-13788,-5148,6744,-462,154,-78,0
961.5474610328674,8456,6656,11180,-224,-134,135,7264,-9028,10480,-56,135,-209,-13524,4592,6068,-988,146,-78,-13764,-5152,6620,-466,131,-101,0
961.5808920860292,8368,6528,11464,-153,-97,126,7112,-9344,10452,-52,135,-180,-13520,4568,6356,-1007,86,-105,-13708,-5252,6848,-503,137,-160,0
961.6143479347228,8432,6640,11408,-157,-76,67,7204,-9260,10432,-22,132,-183,-13444,4308,6064,-1280,81,-126,-13624,-5268,6672,-492,134,-190,0
961.6476590633392,8292,6628,11488,-111,-41,47,7204,-9316,10328,-16,146,-159,-13384,4152,6316,-998,99,-71,-13740,-5208,6648,-517,131,-181,0
961.6810131072998,8408,6596,11312,-113,17,17,7216,-9220,10448,-38,145,-171,-13500,4152,6016,-953,69,-41,-14036,-4900,6764,-500,130,-171,0
961.7144980430604,8524,6432,11424,-157,48,69,7224,-9264,10248,-45,144,-130,-13472,4460,6056,-980,69,-238,-13580,-4956,6428,-487,75,-157,0
961.7481350898744,8364,6684,11400,-136,51,90,7396,-9388,10312,-66,139,-102,-13448,4132,6248,-987,46,-31,-13628,-5280,6880,-501,41,-139,0
961.7814149856567,8280,6576,11704,-142,37,83,7176,-9408,10552,13,129,-101,-13500,4296,6240,-966,68,-17,-13724,-5256,6828,-524,64,-111,0
961.8192760944368,8384,6660,11424,-132,-22,134,7176,-9400,10556,-82,150,-119,-13632,4420,6120,-1021,97,-54,-13852,-5204,6760,-525,100,-83,0
961.854903936386,8376,6744,11496,-141,-103,134,7244,-9264,10548,-8,147,-148,-13504,4120,6336,-1027,122,-66,-13844,-5212,6828,-486,161,-67,0
961.8907480239868,8292,6716,11756,-158,-119,147,6900,-9396,10472,1,107,-194,-13344,4344,6284,-1277,206,-150,-13648,-5300,6828,-511,249,-245,0
961.9262459278108,7952,6564,11640,-116,-318,230,7000,-9392,10604,-75,67,-285,-13376,4488,6296,-1009,225,-239,-13684,-5288,6808,-466,324,38,0
961.9624209403992,8332,6896,11268,-131,-353,204,7116,-9400,10540,-55,233,-322,-13516,4416,6164,-1280,268,-189,-13752,-5128,6768,-543,239,-22,0
961.9976329803468,8328,6592,11332,-98,-289,182,7180,-9352,10460,-22,67,-269,-13404,4272,6104,-950,197,-205,-13680,-5140,6744,-532,238,-69,0
962.0334539413452,8416,6572,11252,-128,-173,152,7056,-9284,10360,29,84,-230,-13416,4324,6084,-1014,191,-167,-13708,-5164,6732,-512,235,-68,0
962.0697190761566,8384,6584,11312,-144,-174,125,7224,-9284,10432,23,70,-271,-13608,4296,5896,-1027,158,-140,-13752,-5052,6584,-559,229,-148,0
962.1047470569612,8680,6476,11140,-99,-94,113,7364,-9348,10356,11,115,-181,-13616,4296,5956,-1041,52,-84,-13836,-5084,6532,-593,142,-216,0
962.140860080719,8540,6472,11284,-39,65,49,7392,-9240,10360,56,161,-113,-13496,4256,5916,-1073,46,-44,-13852,-5128,6532,-570,155,-191,0
962.1760029792786,8380,6704,11288,-134,75,116,6972,-9256,10336,53,72,-141,-13448,4244,6020,-1091,151,-78,-13748,-5240,6836,-260,192,-43,0
962.2115790843964,8380,6768,11420,-171,-38,169,7304,-9440,10568,-120,127,-105,-13736,4244,5900,-1031,109,27,-14024,-5324,6672,-487,73,-76,0
962.2477879524232,8584,6848,11440,-200,-50,141,7360,-9336,10640,-129,190,-44,-13608,4252,6308,-970,23,47,-13788,-5608,6756,-479,23,-152,0
962.282657146454,8328,6720,11384,-175,-25,128,7096,-9156,10544,-76,174,-55,-13336,4316,6336,-1011,28,5,-13548,-5348,6632,-485,-6,-117,0
962.3186221122742,8300,6740,11228,-57,33,114,6928,-9164,10348,-30,110,-105,-13288,4200,6108,-975,104,-13,-13672,-5388,6632,-546,72,-148,0
962.354329109192,8076,6860,11324,-97,21,93,6932,-9280,10456,-8,63,-147,-13292,4552,6008,-941,158,-23,-13628,-4920,6808,-543,195,-77,0
962.3897399902344,8160,6572,11420,-109,-46,160,7060,-9424,10484,-23,62,-200,-13412,4512,5940,-972,187,-86,-13628,-5192,6824,-513,255,-50,0
962.424821138382,8376,6488,11380,-55,-172,166,7404,-9472,10400,-49,80,-230,-13452,4448,6040,-978,186,-98,-13848,-5008,6848,-517,182,-62,0
962.4602580070496,8364,6592,11568,-105,-149,130,7220,-9328,10208,-89,66,-187,-13816,4488,6044,-976,154,-109,-13792,-5156,6692,-514,149,-65,0
962.4939041137695,8484,6548,11524,-129,-109,174,7300,-9376,10396,-73,57,-162,-13520,4400,5716,-954,153,-92,-13776,-5064,6632,-522,157,-66,0
962.5274851322174,8520,6556,11336,-162,-47,149,7336,-9336,10256,-26,57,-145,-13560,4312,5852,-1011,134,-69,-13776,-5136,6816,-554,124,-99,0
962.5611879825592,8448,6428,11392,-97,-36,120,7220,-9372,10408,-56,130,-145,-13696,4308,6000,-1045,88,-30,-13720,-5188,6788,-563,131,-122,0
962.5945360660552,8340,6488,11420,-134,-134,118,7172,-9416,10420,31,89,-187,-13476,4328,6012,-1057,109,-103,-13660,-5248,6668,-551,192,-116,0
962.6280889511108,8364,6636,11344,-123,-88,106,7328,-9284,10436,24,143,-187,-13576,4108,6068,-1073,103,-147,-13780,-5208,6812,-533,206,-143,0
962.661421060562,8416,6668,11300,-88,-111,79,7300,-9472,10428,25,141,-198,-13560,4308,6156,-1066,57,-165,-13808,-5248,6872,-530,156,-161,0
962.6949391365052,8396,6624,11084,-92,-88,97,7192,-9260,10560,-253,154,-167,-13552,4296,6172,-1276,53,-99,-13684,-5240,6424,-503,140,-149,0
962.728492975235,8352,6764,11424,-151,-61,92,7132,-9216,10500,-29,133,-180,-13484,4580,6060,-1280,129,-67,-13660,-5376,6816,-496,148,-136,0
962.761997938156,8400,6696,11596,-150,-46,113,7368,-9288,10376,-4,141,-169,-13500,4376,5940,-985,143,-55,-13748,-5244,6676,-473,115,-111,0
962.7955379486084,8696,6656,11396,-130,-66,118,7096,-9280,10296,-39,112,-185,-13560,4296,6124,-997,127,-54,-13780,-5280,6840,-491,144,-132,0
962.8290300369264,8296,6896,11360,-176,-61,106,7168,-9320,10452,-51,154,-188,-13588,4284,6016,-967,91,-65,-13604,-5200,6636,-453,118,-114,0
962.862452030182,8496,6648,11676,-210,-61,94,7280,-9348,10340,-61,189,-186,-13456,4276,6004,-929,95,-59,-13772,-5268,6900,-456,97,-140,0
962.89568400383,8336,6708,11268,-169,-56,81,7184,-9320,10496,-117,240,-162,-13452,4236,6032,-898,70,-252,-13760,-4992,6896,-490,116,-107,0
962.9292171001434,8484,6536,11396,-145,-100,78,6920,-9292,10240,-113,146,-200,-13436,4336,5856,-919,89,-88,-13748,-5376,6692,-455,181,-129,0
962.9628069400787,8428,6592,11500,-142,-81,113,7324,-9248,10284,-41,139,-219,-13560,4316,5744,-971,115,-112,-13772,-5112,6656,-459,117,-123,0
962.9962511062622,8436,6900,11432,-170,-87,81,7280,-9376,10336,-84,153,-205,-13720,4104,6100,-976,60,-118,-13868,-5032,6620,-443,155,-119,0
963.0298929214478,8508,6516,11352,-167,-38,57,7260,-9344,10224,-25,131,-179,-13404,4448,6020,-974,114,-107,-13612,-5092,6772,-478,122,-119,0
963.0634560585022,8456,6584,11468,-142,-68,93,7044,-9388,10192,-46,133,-152,-13428,4464,5992,-1272,85,-33,-13764,-5116,6872,-476,141,-119,0
963.0971240997316,8356,6400,11452,-111,-32,96,7112,-9396,10352,-15,139,-99,-13416,4440,6076,-1010,78,-20,-13800,-5180,6756,-523,79,-144,0
963.1305520534515,8388,6896,11476,-129,-250,132,7144,-9396,10296,-45,146,-112,-13464,4452,6292,-771,77,-22,-13636,-5212,6848,-534,23,-134,0
963.1638190746307,8332,6572,11700,-107,-15,120,7108,-9408,10468,-5,104,-144,-13428,4252,6100,-1036,145,-88,-13784,-5240,6740,-545,123,-105,0
963.1974029541016,8332,6676,11308,-135,-73,126,7144,-9312,10336,2,86,-161,-13400,4280,6192,-1008,124,-98,-13712,-5252,6880,-764,165,-103,0
963.2310171127319,8352,6884,11232,-117,-116,128,6972,-9240,10320,-49,141,-208,-13504,4340,5892,-961,103,-105,-13700,-5344,6624,-496,218,-150,0
963.264841079712,8388,6772,11620,-160,-128,84,6984,-9360,10252,-14,162,-237,-13596,4240,6120,-975,91,-109,-13736,-5224,6724,-474,207,-128,0
963.298413991928,8288,6692,11292,-143,-90,42,7108,-9268,10424,-24,173,-240,-13804,4536,5940,-944,101,-106,-13836,-5216,6608,-475,185,-145,0
963.3319759368895,8496,6740,11388,-182,-103,64,7364,-9328,10352,-64,140,-210,-13508,4392,6068,-943,90,-122,-13784,-5228,6708,-438,117,-139,0
963.3657600879668,8404,6580,11484,-148,-74,70,7136,-9336,10352,-53,154,-208,-13508,4424,5972,-971,101,-104,-13712,-5116,6728,-445,151,-114,0
963.3990530967712,8352,6612,11508,-148,-100,76,7352,-9332,10436,-80,127,-204,-13468,4356,6144,-956,101,-90,-13672,-5292,6740,-461,125,-108,0
963.4326190948486,8432,6620,11464,-171,-100,101,7140,-9276,10384,-49,98,-206,-13588,4596,6028,-924,114,-56,-13712,-5072,6684,-476,97,-134,0
963.4656109809875,8200,6596,11332,-143,-20,82,7344,-9348,10332,-56,163,-137,-13364,4112,5892,-1007,63,13,-13744,-4904,6608,-526,39,-185,0
963.5032939910888,8284,6636,11460,-142,18,86,7284,-9320,10564,-250,112,-79,-13320,4388,6076,-970,66,-62,-13624,-5096,6676,-486,97,-134,0
963.538738012314,8184,6596,11464,-225,-256,106,7112,-9728,10732,61,124,-142,-13424,4556,6316,-1062,141,-102,-13704,-5180,6800,-496,242,-111,0
963.5741190910339,8220,6712,11540,-86,-116,144,7196,-9356,10516,-72,32,-209,-13508,4540,5964,-1042,181,-135,-13804,-5188,6884,-584,199,-74,0
963.609486103058,8420,6504,11488,-53,-154,133,7252,-9664,10364,-51,55,-204,-13460,4416,6180,-1028,128,-116,-13756,-5312,6836,-550,181,-102,0
963.645040988922,8308,6588,11292,-97,-99,133,7236,-9236,10424,-26,146,-186,-13536,4256,5936,-982,49,-114,-13676,-5288,6820,-499,121,-146,0
963.6802361011504,8400,6704,11492,-158,-81,82,7280,-9336,10548,-11,206,-143,-13492,4264,6164,-916,14,-36,-13840,-5276,6708,-469,120,-180,0
963.7200801372528,8388,6604,11376,-172,-17,14,7280,-9260,10516,-18,210,-172,-13580,4420,6108,-985,30,-48,-13780,-5216,6852,-479,139,-168,0
963.7550420761108,8352,6684,11400,-166,-48,59,7268,-9440,10684,-22,132,-237,-13488,4304,6112,-984,60,-51,-13612,-5212,6656,-467,187,-139,0
963.7908339500428,8328,6808,11348,-144,-142,107,7252,-9472,10472,-68,188,-123,-13428,4316,6144,-1050,160,-95,-13652,-5288,6520,-476,161,-71,0
963.8270959854126,8308,6672,11352,-170,-90,118,7168,-9452,10736,-120,134,-194,-13468,4244,6152,-958,154,-86,-13576,-5284,6740,-512,128,-86,0
963.8623671531676,8700,6768,11468,-118,-56,135,7288,-9328,10388,-64,88,-135,-13352,4344,6368,-1011,115,-63,-14000,-5288,6572,-501,87,-113,0
963.8980650901794,8440,6864,11304,-98,-37,120,7196,-9236,10492,-41,121,-88,-13484,4312,6112,-1036,55,-36,-13692,-5236,6804,-492,127,-117,0
963.9332621097564,8292,6764,11768,-186,-68,82,7260,-9420,10412,-11,223,-182,-13524,4588,6356,-1004,81,-82,-13828,-5216,6792,-478,184,-111,0
963.968896150589,8228,6556,11152,-145,-86,89,7136,-9244,10452,-31,132,-212,-13448,4536,5900,-1015,95,-110,-13624,-5196,6816,-490,183,-125,0
964.003986120224,8316,6580,11612,-136,-125,86,7336,-9412,10532,-34,121,-231,-13492,4424,6312,-1000,124,-154,-13720,-5224,6808,-457,218,-96,0
964.0389230251312,8228,6532,11756,-112,-129,112,7272,-9412,10356,-30,114,-206,-13396,4408,5976,-1007,128,-127,-13704,-5188,6812,-475,160,-123,0
964.0749371051788,8312,6640,11440,-130,-132,107,6996,-9428,10388,-50,146,-211,-13512,4376,6004,-976,106,-72,-13872,-5132,6640,-518,156,-145,0
964.1102600097656,8432,6568,11488,-82,-118,103,7188,-9428,10336,-22,156,-184,-13448,4248,5944,-1025,99,-114,-13688,-5320,6892,-563,138,-147,0
964.1457171440123,8292,6700,11268,-102,-124,119,7208,-9364,10460,34,72,-179,-13452,4440,6132,-1088,136,-112,-13744,-5300,6732,-500,156,-64,0
964.179307937622,8296,6848,11372,-72,-69,141,7244,-9364,10296,-52,93,-159,-13452,4304,6056,-774,111,-79,-13684,-5288,6876,-555,112,-113,0
964.2128031253816,8284,6636,11508,-127,-117,149,7272,-9384,10288,-54,103,-140,-13432,4268,6316,-989,94,-83,-14020,-5256,6900,-519,128,-66,0
964.2463901042938,8356,6680,11416,-105,-116,142,7184,-9348,10588,-72,126,-134,-13576,4284,6236,-1273,142,-53,-13760,-5204,6596,-505,86,-121,0
964.2799880504608,8676,6732,11352,-136,-65,134,7272,-9168,10468,-22,110,-144,-13524,4196,6380,-1013,101,-18,-13636,-5280,6668,-477,72,-134,0
964.3136539459227,8340,6708,11392,-175,-26,95,7220,-9000,10284,-48,169,-121,-13488,4224,6340,-977,40,-33,-13684,-5260,6700,-481,98,-150,0
964.3473989963531,8160,6784,11364,-181,-84,76,7168,-9396,10432,-18,163,-181,-13484,4324,6156,-991,79,-131,-13692,-5288,6668,-491,172,-117,0
964.3811910152435,8224,6668,11384,-118,-144,72,7368,-9668,10336,-66,222,-147,-13548,4384,5924,-1057,90,-146,-13420,-5304,6796,-470,267,-125,0
964.41454911232,8344,6652,11400,-118,-149,60,7092,-9460,10448,-22,126,-511,-13604,4328,5928,-962,112,-144,-14056,-4912,6920,-473,196,-122,0
964.4481091499327,8396,6404,11336,-139,-99,91,7144,-9416,10348,-61,161,-224,-13476,4416,5824,-954,121,-66,-13820,-5052,6740,-470,164,-118,0
964.4817841053008,8356,6564,11436,-163,-109,101,7232,-9432,10344,-48,160,-203,-13496,4424,6044,-999,70,-63,-13652,-5228,6708,-468,140,-123,0
964.5154609680176,8380,6692,11368,-196,-70,127,6912,-9392,10348,-256,116,-187,-13496,4568,6004,-999,148,-61,-13744,-5216,6852,-496,137,-122,0
964.5492660999298,8308,6532,11336,-116,-36,134,7236,-9320,10300,-64,118,-143,-13568,4368,6068,-978,105,-44,-13712,-5212,6660,-563,101,-175,0
964.5829329490662,8436,6624,11504,-70,9,95,7192,-9372,10368,-31,156,-112,-13516,4272,6052,-1038,39,-69,-13812,-5232,6636,-562,66,-208,0
964.6166169643402,8420,6628,11236,-152,47,47,7156,-9400,10372,40,192,-119,-13504,4208,6376,-995,3,-63,-13628,-5240,6740,-466,111,-181,0
964.6498029232024,8280,6852,11464,-173,-34,58,7400,-9400,10480,58,186,-167,-13516,4332,6104,-1003,28,-62,-13756,-5248,6616,-472,142,-164,0
964.6832180023193,8412,6860,11460,-144,-51,78,7300,-9352,10740,251,154,-189,-13504,4592,6220,-985,39,-109,-13832,-5312,6840,-491,135,-141,0
964.7168841362,8448,6700,11504,-92,-123,64,7292,-9360,10432,-94,157,-192,-13520,4284,6344,-996,44,-72,-13656,-5268,6828,-468,114,-129,0
964.7499039173126,8400,6728,11320,-102,-107,70,7088,-9236,10636,-62,133,-168,-13464,4288,5912,-990,60,-59,-13704,-5300,6808,-467,104,-138,0
964.7831101417542,8352,6432,11324,-152,-36,91,7144,-9244,10496,-34,177,-143,-13388,4308,6068,-769,68,-46,-13732,-5348,6804,-464,106,-105,0
964.8167419433594,8316,6664,11428,-194,-14,117,7032,-9316,10412,-20,159,-140,-13448,4472,6392,-1012,98,-28,-13612,-5240,6808,-489,128,-119,0
964.8502180576323,8272,6716,11560,-136,-86,92,7144,-9408,10280,-56,143,-188,-13452,4480,6144,-1013,99,-130,-14048,-5312,6896,-519,184,-121,0
964.8835489749907,8268,6648,11324,-110,-74,117,7140,-9376,10352,-40,80,-217,-13468,4304,5996,-984,99,-91,-13688,-5256,6832,-525,168,-122,0
964.9172189235688,8036,6576,11460,-119,-42,79,7264,-9332,10312,-67,171,-179,-13436,4392,6148,-987,91,-100,-13672,-5156,6740,-502,127,-182,0
964.950751066208,8304,6408,11364,-139,-10,92,7316,-9224,10324,-27,177,-199,-13516,4288,6064,-949,70,-65,-13708,-5312,6688,-483,152,-126,0
964.9839720726012,8380,6708,11740,-246,-3,118,7224,-9388,10428,-5,235,-175,-13608,4472,6096,-902,81,-91,-13644,-5268,6776,-426,185,-80,0
965.0176429748536,8412,6772,11544,-247,-87,132,7232,-9580,10584,-12,185,-220,-13628,4500,6108,-1008,143,-137,-13832,-5256,6832,-417,225,-36,0
965.0511569976808,8352,6724,11632,-232,-207,170,7120,-9508,10316,-41,120,-230,-13436,4520,6128,-1023,122,-123,-13604,-5192,6820,-511,238,-48,0
965.08438706398,8168,6676,11556,-133,-252,190,7044,-9352,10532,-38,135,-216,-13456,4452,6328,-975,177,-95,-13432,-5332,6772,-524,183,-80,0
965.11812210083,8236,6660,11412,-139,-205,151,6980,-9240,10460,-8,141,-231,-13416,4296,6388,-937,202,-139,-13640,-5212,6800,-464,253,-32,0
965.1538650989531,8288,6688,11364,-243,-170,189,7192,-9316,10488,29,86,-241,-13468,4356,6032,-1016,199,-154,-13708,-5276,6852,-453,249,-32,0
965.1892449855803,8384,6584,11292,-207,-188,195,7324,-9320,10504,253,95,-217,-13640,4152,6048,-1020,164,-119,-13764,-5296,6896,-447,183,-70,0
965.2244670391084,8340,6776,11312,-231,-154,173,6920,-9260,10564,12,147,-185,-13416,4424,6068,-1011,202,-90,-13656,-5196,6792,-478,169,-39,0
965.260143995285,8260,6708,11472,-223,-244,166,7420,-9428,10448,-49,49,-277,-13552,4320,6152,-1005,240,-201,-13616,-5204,6600,-452,264,-37,0
965.2953319549559,8360,6616,11088,-211,-305,197,7208,-9472,10332,24,65,-289,-13316,4316,5972,-1030,247,-190,-13796,-5100,6764,-480,279,-20,0
965.3308610916138,8512,6580,11304,-175,-263,207,6964,-9288,10284,-251,37,-255,-13584,4208,5924,-1008,184,-128,-13724,-5180,6760,-476,225,-70,0
965.3660600185394,8500,6600,11320,-160,-230,182,7316,-9296,10300,28,103,-217,-13340,4400,5956,-1024,182,-146,-13832,-5120,6676,-481,171,-50,0
965.4022669792176,8436,6484,11380,-214,-146,172,7216,-9388,10380,47,118,-184,-13524,4332,5928,-1072,154,-105,-13584,-5040,6696,-508,180,-69,0
965.4375700950624,8360,6856,11768,-181,-159,182,6968,-9332,10468,36,12,-190,-13484,4240,6124,-960,149,-128,-13688,-4952,6728,-541,168,-60,0
965.4734690189362,8348,6612,11368,-187,-155,188,7160,-9316,10480,30,24,-202,-13440,4344,5960,-975,194,-104,-13764,-5188,6844,-498,176,-77,0
965.5094420909882,8392,6612,11316,-181,-204,176,6924,-9284,10444,1,72,-176,-13472,4604,6108,-1010,187,-72,-13776,-5228,6764,-497,163,-48,0
965.5447411537172,8360,6572,11384,-194,-166,184,7224,-9356,10384,-47,96,-209,-13536,4292,5964,-1016,157,-138,-13688,-5336,6712,-505,182,-62,0
965.580428123474,8524,6584,11556,-192,-212,170,7240,-9328,10356,-17,94,-208,-13616,4168,6044,-1030,122,-110,-13704,-5172,6844,-516,225,-98,0
965.6155090332032,8680,6604,11348,-152,-144,137,7152,-9216,10340,12,58,-218,-13464,4228,6172,-998,124,-159,-13784,-5268,6808,-506,184,-121,0
965.6514720916748,8364,6568,11356,-185,-144,121,7204,-9284,10252,-254,144,-204,-13524,4232,5952,-1006,119,-86,-13660,-5156,6688,-257,170,-155,0
965.68758392334,8496,6672,11204,-124,-62,113,7344,-9208,10384,-61,161,-176,-13804,4288,5960,-982,56,-45,-13632,-5288,6712,-549,86,-160,0
965.7224071025848,8608,6468,11356,-137,59,56,7304,-9260,10372,-25,142,-122,-13316,4184,5956,-1035,13,-75,-13732,-5064,6672,-528,101,-190,0
965.7580001354218,8484,6564,11260,-152,73,89,7260,-9288,10332,1,173,-100,-13356,4296,6132,-1043,67,-19,-13776,-5236,6872,-508,60,-144,0
965.7926590442657,8532,6672,11400,-136,65,83,7356,-9328,10688,-44,144,-110,-13808,4280,6100,-976,33,252,-13800,-5260,6700,-527,106,-191,0
965.828217983246,8504,6640,11212,-98,65,67,7304,-9292,10484,-82,166,-103,-13596,4332,6136,-977,26,21,-13760,-5148,6816,-532,81,-185,0
965.8618850708008,8700,6556,11268,-65,70,93,6948,-9296,10276,-43,172,-95,-13532,4396,6056,-1021,27,32,-13776,-5176,6704,-257,86,-155,0
965.8952901363372,8308,6608,11316,-79,64,67,7112,-9408,10480,-22,142,-75,-13536,4384,6068,-1033,8,-10,-13808,-5240,6840,-534,71,-211,0
965.9289820194244,8400,6584,11600,-74,50,70,7408,-9348,10416,-71,177,-89,-13540,4340,6108,-1000,-255,-19,-13728,-5248,6840,-537,19,-174,0
965.9623370170592,8356,6500,11556,-68,32,55,7116,-9392,10252,-66,187,-120,-13532,4384,6280,-997,31,-36,-13616,-4896,6812,-521,72,-177,0
965.9957640171052,8324,6580,11616,-106,87,68,7180,-9412,10392,-38,161,-128,-13460,4408,6092,-1025,57,-51,-13640,-5172,6756,-535,125,-165,0
966.029263973236,8288,6572,11308,-39,-14,95,7128,-9412,10344,-41,126,-157,-13368,4312,6264,-934,34,-41,-13716,-5260,6724,-514,151,-160,0
966.0628211498259,8444,6552,11524,-78,-65,85,7236,-9428,10392,-44,199,-194,-13408,4556,6068,-1003,90,-76,-13700,-5172,6692,-553,168,-145,0
966.0964260101318,8260,6644,11380,-87,-66,93,7108,-9332,10464,-29,170,-156,-13396,4364,6140,-1000,101,-91,-13804,-5164,6644,-564,158,-136,0
966.1298980712892,8436,6684,11308,-65,-40,116,7236,-9408,10368,-13,113,-158,-13540,4380,6040,-1034,95,-93,-13576,-5324,6660,-548,165,-139,0
966.1633589267732,8360,6684,11488,-69,-12,97,7124,-9440,10324,-26,161,-139,-13496,4344,5884,-1071,96,-65,-13740,-5228,6784,-570,126,-167,0
966.1970059871674,8388,6624,11388,-88,-21,101,7416,-9308,10744,-31,137,-125,-13476,4312,5888,-1013,62,-31,-13756,-5200,6832,-546,79,-153,0
966.2306389808656,8416,6736,11344,-106,-31,116,7420,-9332,10328,-7,164,-155,-13556,4212,6116,-1001,59,-44,-13808,-5308,6760,-511,102,-133,0
966.2638599872588,8316,6588,11500,-92,-13,75,7060,-9276,10248,-4,143,-129,-13592,4360,6140,-1038,52,-98,-13784,-5196,6692,-521,72,-141,0
966.2973749637604,8328,6632,11404,-101,-38,96,7116,-9412,10276,-17,141,-152,-13492,4432,6112,-1014,93,-85,-13688,-5304,6748,-498,90,-157,0
966.3310251235962,8220,6656,11468,-121,-28,121,6912,-9288,10284,-64,110,-158,-13444,4276,6092,-1276,109,-34,-13716,-5196,6652,-524,114,-112,0
966.3643860816956,8372,6612,11440,-112,-59,99,7208,-9332,10432,-40,151,-160,-13484,4356,6004,-997,69,-44,-13808,-5164,6812,-257,160,-117,0
966.398020029068,8476,6720,11476,-201,-57,122,7184,-9328,10268,37,194,-170,-13564,4276,5972,-770,105,-121,-13820,-5292,6880,-453,205,-37,0
966.4315910339355,8228,6824,11356,-225,-132,153,7104,-9400,10580,37,138,-235,-13552,4224,6240,-1027,199,-164,-13664,-5324,6864,-431,277,20,0
966.465038061142,8336,6808,11576,-166,-325,192,7004,-9540,10404,-37,70,-328,-13572,4544,6292,-1016,225,-214,-13656,-5240,6752,-495,294,33,0
966.4986591339111,8316,6540,11312,-74,-282,209,7192,-9476,10200,-88,74,-283,-13444,4500,5964,-946,212,-140,-13736,-4968,6880,-522,201,-36,0
966.5321569442748,8452,6488,11072,-104,-190,189,7256,-9328,10196,-12,96,-211,-13448,4424,6060,-983,164,-54,-13360,-5064,6932,-495,177,-42,0
966.5657479763032,8668,6520,11340,-225,-106,193,6932,-9640,10360,19,120,-162,-13500,4348,6016,-1019,174,-76,-13708,-5288,6776,-461,158,-62,0
966.5991561412812,8420,6908,11076,-231,-169,160,7284,-9316,10508,-26,149,-201,-13572,4156,6312,-983,133,-148,-13728,-5188,6616,-478,209,-89,0
966.6324980258942,8456,6768,11352,-234,-202,136,7260,-9336,10460,-12,172,-251,-13768,4164,6372,-994,143,-178,-13668,-5376,6564,-448,274,-98,0
966.6659259796144,8416,6664,11392,-197,-211,130,7376,-9316,10372,-16,136,-287,-13512,4204,5856,-997,165,-205,-13832,-5376,6900,-455,290,-86,0
966.6995050907136,8524,6600,11332,-199,-257,140,7240,-9220,10496,-17,105,-297,-13552,4340,6036,-979,166,-148,-13668,-5216,6804,-450,272,-57,0
966.7330379486084,8488,6672,11456,-213,-244,110,7232,-9252,10336,25,148,-265,-13504,4316,5964,-975,175,-157,-13824,-5196,6696,-454,210,-102,0
966.7666940689088,8524,6868,11372,-194,-163,125,6952,-9392,10464,-8,108,-216,-13396,4472,6016,-1001,90,-84,-13812,-5072,6776,-453,153,-79,0
966.8001489639282,8260,6832,11344,-163,-104,128,7240,-9228,10396,16,147,-166,-13496,4472,5940,-991,111,-72,-13784,-5352,6588,-481,129,-99,0
966.8361570835114,8408,6480,11264,-178,-93,153,6928,-9300,10388,-26,89,-143,-13516,4376,6184,-1020,138,-72,-13588,-5224,6800,-496,115,-110,0
966.8719370365144,8460,6608,11408,-163,-67,151,7120,-9380,10356,-78,96,-156,-13416,4316,6008,-975,109,-80,-13792,-5108,6656,-259,160,-129,0
966.9075820446014,8384,6496,11352,-139,-75,132,7152,-9380,10440,-53,131,-170,-13532,4300,6016,-972,90,-109,-13812,-5228,6768,-524,132,-184,0
966.9423460960388,8672,6564,11336,-160,-253,61,7292,-9344,10424,-52,149,-160,-13520,4284,6224,-1017,76,-75,-13768,-5276,6588,-502,132,-205,0
966.9781150817872,8488,6632,11300,-174,42,62,7280,-9236,10392,-57,154,-168,-13552,4284,5920,-980,49,-46,-13780,-5116,6660,-474,109,-158,0
967.0131540298462,8560,6588,11544,-123,250,45,7364,-9376,10716,-53,131,-159,-13496,4304,6124,-1013,61,-13,-13708,-5164,6912,-516,110,-181,0
967.048182964325,8500,6640,11420,-147,36,54,7268,-9364,10340,-42,180,-144,-13576,4392,6056,-978,16,-21,-13844,-5228,6736,-490,120,-202,0
967.08406996727,8344,6692,11492,-156,10,58,7140,-9416,10568,14,210,-141,-13504,4384,6288,-1015,39,-114,-13824,-5244,6792,-460,156,-125,0
967.1198451519011,8344,6672,11608,-174,-130,61,7368,-9416,10700,-11,189,-201,-13360,4356,6228,-975,91,-90,-13744,-5216,6780,-465,221,-58,0
967.1550500392914,8356,6612,11320,-177,-171,165,7072,-9384,10452,-40,160,-230,-13532,4444,6108,-978,137,-128,-13692,-5188,6808,-475,177,-58,0
967.1905839443208,8436,6700,11376,-122,-240,147,7088,-9344,10488,-74,114,-210,-13440,4392,6136,-976,133,-91,-13644,-5304,6832,-484,127,-52,0
967.226026058197,7984,6604,11364,-168,-184,184,7140,-9348,10424,-38,86,-191,-13460,4328,5984,-985,172,-129,-13660,-5124,6784,-530,162,-89,0
967.2618939876556,8328,6608,11476,-134,-183,156,7260,-9308,10328,-59,113,-209,-13480,4544,6044,-992,174,-107,-13720,-5156,6564,-494,159,-83,0
967.2976820468904,8464,6632,11268,-121,-140,102,7176,-9460,10676,-23,102,-225,-13512,4592,6044,-1016,163,-83,-13720,-5044,6544,-514,221,-144,0
967.3328409194946,8356,6512,11024,-95,-51,63,7336,-9288,10280,-53,80,-186,-13608,4188,5884,-1008,77,-70,-13808,-5136,6632,-531,145,-192,0
967.3681809902192,8572,6504,11340,-131,239,15,7640,-9176,10432,253,152,-181,-13540,4228,5980,-978,56,-58,-13772,-5164,6724,-485,142,-231,0
967.4033830165864,8472,6588,11392,-199,61,47,7320,-9392,10436,35,188,-179,-13612,4172,6052,-1280,92,-86,-13812,-5252,6688,-458,212,-98,0
967.4388539791108,8460,6720,11648,-183,-64,118,7276,-9348,10744,-23,133,-191,-13740,4368,6192,-769,127,-101,-13940,-5232,6744,-475,171,-114,0
967.4739739894868,8508,6424,11464,-113,-132,123,7396,-9344,10260,-54,126,-192,-13592,4420,6188,-1007,47,-62,-13712,-5168,6824,-532,150,-137,0
967.5099680423735,8400,6632,11432,-88,-96,86,7128,-9320,10388,-89,152,-159,-13448,4392,5900,-974,33,-45,-13704,-5180,6796,-529,62,-130,0
967.5434730052948,8376,6480,11236,-104,-54,92,7144,-9308,10336,-59,159,-129,-13368,4376,6032,-1019,49,-70,-13580,-5256,6884,-484,88,-158,0
967.5769381523132,8276,6544,11364,-161,-21,110,7024,-9340,10300,17,169,-130,-13468,4400,6256,-1017,106,-42,-13688,-5244,6832,-496,119,-132,0
967.6104860305786,8352,6652,11408,-141,-18,93,7076,-9432,10600,-42,164,-166,-13760,4364,6152,-956,115,-66,-13736,-5192,6744,-500,146,-110,0
967.6435549259186,8352,6668,11584,-154,-128,125,7112,-9260,10420,-43,124,-198,-13688,4112,6040,-952,134,-138,-13796,-5216,6768,-490,145,-116,0
967.6774411201476,8416,6544,11300,-151,-129,156,7132,-9352,10288,-56,98,-186,-13368,4300,6012,-980,165,-115,-13656,-5216,6732,-466,206,-63,0
967.7110769748688,8372,6512,11224,-175,-128,151,6928,-9240,10392,-36,95,-201,-13496,4284,6156,-965,181,-132,-13844,-5244,6896,-482,208,-57,0
967.744665145874,8220,6880,11308,-175,-122,134,7252,-9392,10456,-48,102,-243,-13564,4292,6136,-978,175,-90,-14016,-5172,6904,-478,158,-142,0
967.7782080173492,8516,6580,11772,-160,-103,83,7256,-9304,10732,-59,154,-214,-13532,4408,6108,-989,93,-80,-13808,-5084,6664,-500,157,-143,0
967.8118369579316,8672,6480,11516,-112,-69,65,7288,-9472,10340,-18,198,-187,-13492,4560,5988,-772,45,-47,-13640,-5016,6596,-258,112,-160,0
967.8455741405488,8528,6600,11448,-146,-39,86,7260,-9420,10432,-6,151,-177,-13616,4316,5668,-771,48,-78,-13760,-5192,6684,-475,103,-133,0
967.879014968872,8500,6652,11308,-130,-63,97,7220,-9324,10292,-39,112,-153,-13608,4284,6020,-992,58,-80,-13688,-4924,6468,-525,108,-99,0
967.9123101234436,8436,6600,11316,-129,-98,98,7288,-9360,10384,-35,139,-141,-13556,4232,6032,-1045,86,-67,-13752,-5152,6696,-513,114,-108,0
967.94588804245,8328,6584,11480,-163,-75,135,7192,-9384,10356,-36,143,-135,-13536,4388,5972,-1008,124,-25,-13692,-5308,6652,-510,156,-89,0
967.9792909622192,8328,6636,11112,-169,-69,129,7096,-9328,10720,-11,112,-153,-13432,4436,6024,-1023,120,-73,-13748,-5200,6736,-481,137,-124,0
968.0129311084747,8324,6644,11380,-171,-38,132,7120,-9360,10400,-8,139,-142,-13512,4328,6280,-981,71,-60,-13672,-5260,6800,-480,128,-136,0
968.046639919281,8364,6700,11408,-154,-36,89,7160,-9356,10544,-64,148,-182,-13424,4228,6172,-989,80,-111,-13660,-5252,6784,-442,170,-116,0
968.0800549983978,8248,6676,11468,-189,-109,87,7152,-9320,10392,-13,189,-230,-13392,4312,6320,-956,92,-135,-13668,-5244,6784,-476,203,-134,0
968.1136231422424,8316,6708,11524,-186,-129,91,7420,-9284,10280,-40,90,-263,-13384,4416,5948,-968,139,-124,-13752,-5224,6832,-477,194,-123,0
968.1468820571899,8696,6620,11336,-157,-161,102,7192,-9348,10260,-56,115,-267,-13532,4316,6084,-951,113,-164,-13784,-5148,6716,-465,212,-114,0
968.1803381443024,8628,6600,11364,-138,-133,108,7384,-9356,10320,-61,141,-252,-13624,4240,5980,-954,113,-106,-13604,-4868,6492,-470,178,-120,0
968.2140989303588,8548,6544,11272,-161,-124,74,7412,-9284,10356,-71,179,-186,-13692,4296,5920,-935,56,-106,-13880,-5032,6540,-474,81,-182,0
968.2476830482484,8616,6548,11372,-188,-44,41,7212,-9408,10256,4,167,-168,-13808,4356,5932,-1048,53,-102,-13716,-5372,6672,-449,140,-148,0
968.280974149704,8268,6544,11388,-160,-31,74,7200,-9388,10532,32,153,-203,-13412,4308,6004,-1070,108,-116,-13712,-5236,6764,-470,201,-46,0
968.3142650127412,8440,6540,11200,-129,-104,127,7184,-9320,10408,-51,64,-189,-13508,4372,6044,-1023,123,-82,-13892,-5196,7136,-264,152,-100,0
968.3478960990906,8460,6432,11304,-112,-113,148,6940,-9368,10256,-60,116,-154,-13520,4340,5972,-1019,87,-32,-13836,-4960,6844,-548,90,-104,0
968.3814201354979,8372,6592,11396,-87,-51,157,7152,-9160,10412,-32,126,-113,-13788,4256,6340,-1035,76,-41,-13792,-5300,6776,-481,48,-115,0
968.4148120880128,8356,6592,11472,-147,248,102,7252,-9448,10588,-49,199,-77,-13480,4236,5940,-1002,49,-17,-13700,-5304,6684,-512,50,-132,0
968.4484560489656,8372,6692,11556,-155,18,90,7096,-9024,10720,-23,160,-122,-13472,4360,6096,-1007,74,-23,-13620,-5284,6892,-482,91,-138,0
968.4818160533904,8332,6552,11428,-150,-62,90,7124,-9308,10748,-16,129,-153,-13328,4320,6020,-1012,86,-66,-13652,-5292,6668,-465,166,-96,0
968.5180420875548,8312,6616,11408,-144,-70,134,7116,-9324,10300,-20,98,-194,-13452,4500,6148,-1001,114,-98,-13688,-5164,6848,-510,174,-89,0
968.5534870624542,8264,6400,11504,-123,-132,119,6912,-9364,10596,-56,85,-216,-13444,4372,6284,-972,137,-115,-13760,-5060,6740,-474,186,-102,0
968.5894629955292,8420,6540,11260,-101,-90,124,7288,-9248,10280,-23,95,-218,-13580,4364,6092,-1002,153,-103,-13820,-4908,6744,-485,135,-85,0
968.6245400905608,8396,6516,11268,-121,-79,174,7144,-9388,10460,-7,72,-169,-13528,4100,6040,-1010,130,-52,-13784,-5152,6728,-257,119,-92,0
968.6600890159608,8368,6648,11356,-140,-78,124,7256,-9308,10504,-61,105,-164,-13776,4604,5976,-1016,87,-111,-13800,-4892,6864,-506,173,-124,0
968.6951141357422,8412,6640,11312,-134,-80,108,7004,-9360,10288,44,93,-223,-13464,4128,6032,-1023,110,-98,-13808,-5156,6716,-545,171,-141,0
968.7335751056672,8560,6512,11384,-94,-105,123,7224,-9300,10372,-1,113,-174,-13476,4564,6388,-1033,131,-95,-13808,-5368,6544,-515,188,-134,0
968.7697319984436,8404,6632,11312,-108,-95,120,7220,-9300,10480,-3,110,-182,-13656,4248,6124,-1081,128,-71,-13784,-5260,6872,-510,113,-132,0
968.8049340248108,8432,6652,11428,-143,-39,116,7380,-9448,10604,-41,133,-147,-13568,4372,6116,-988,69,-19,-13768,-5116,6776,-497,94,-144,0
968.8408439159393,8544,6580,11364,-161,-11,86,7180,-9256,10396,-34,131,-158,-13456,4388,6004,-968,91,-75,-13696,-5284,6768,-534,131,-100,0
968.8762209415436,8380,6784,11488,-126,-93,95,7280,-9404,10340,-53,161,-202,-13448,4300,5968,-1005,89,-123,-13744,-5152,6648,-486,185,-122,0
968.91210603714,8220,6676,11212,-140,-103,94,7244,-9316,10360,-38,127,-204,-13548,4400,6004,-1015,107,-113,-13616,-5244,6848,-470,175,-142,0
968.9475169181824,8444,6664,11560,-172,-91,80,7128,-9308,10560,-1,135,-195,-13532,4372,6080,-978,121,-102,-14036,-5320,6820,-498,160,-145,0
968.9833869934082,8496,6708,11696,-110,-121,73,7280,-9360,10412,-43,141,-233,-13472,4376,6156,-959,129,-89,-13692,-5232,6860,-497,166,-126,0
969.0193340778352,8408,6560,11264,-161,-111,94,7404,-9268,10324,-67,143,-198,-13324,4352,6092,-1000,78,-100,-13800,-5244,6720,-479,124,-206,0
969.0549459457397,8428,6820,11276,-100,-256,53,7028,-9292,10316,-37,168,-128,-13488,4572,6120,-986,10,-53,-13716,-5084,6572,-490,82,-186,0
969.0906269550323,8508,6556,11240,-155,45,19,7184,-9248,10488,-24,442,-194,-13344,4316,6020,-1102,3,-56,-13624,-5264,6692,-488,124,-191,0
969.1260039806366,8608,6628,11544,-122,12,51,6992,-9440,10648,-51,144,-164,-13620,4464,6080,-942,27,-36,-13784,-5228,6528,-475,109,-171,0
969.1632800102234,8336,6664,11412,-73,-3,55,7232,-9304,10696,-58,140,-129,-13588,4268,6088,-977,15,-25,-13740,-5356,6752,-756,74,-139,0
969.1969289779664,8340,6680,11392,-93,22,73,7224,-9364,10284,-74,138,-114,-13596,4404,6084,-970,72,-27,-13732,-5152,6840,-259,49,-151,0
969.2304890155792,8332,6584,11432,-95,-5,71,7156,-9252,10312,-84,118,-107,-13456,4368,6216,-1004,31,-32,-13684,-5288,6768,-529,61,-169,0
969.2639770507811,8304,6644,11520,-106,-36,76,7168,-9336,10388,1,156,-142,-13388,4344,6100,-1051,65,-63,-13652,-5180,6832,-767,92,-161,0
969.2976491451263,8336,6636,11508,-81,30,78,7260,-9396,10448,-27,142,-135,-13348,4496,6392,-1022,59,-42,-13712,-5256,6800,-529,101,-167,0
969.3312029838562,8296,6592,11340,-116,-55,86,7080,-9392,10284,-52,161,-149,-13496,4200,6060,-990,63,-72,-13656,-5264,6692,-539,117,-143,0
969.3648409843444,8256,6548,11440,-114,-41,63,7112,-9400,10404,-20,124,-167,-13468,4304,6072,-991,59,-52,-13776,-5284,6888,-487,137,-116,0
969.398246049881,8360,6784,11328,-226,-69,75,7184,-9372,10400,27,246,-202,-13528,4212,6208,-963,136,-108,-13708,-5484,6832,-367,264,-40,0
969.4318220615388,8344,6812,11608,-372,-221,132,7052,-9472,10620,71,186,-283,-13436,4308,6192,-958,214,-214,-13752,-5288,6904,-368,348,28,0
969.46546792984,8280,6768,11600,-161,-413,207,7020,-9472,10580,-72,115,-360,-13492,4440,6288,-943,190,-251,-13712,-5380,6920,-477,277,-39,0
969.4991700649261,8280,6824,11380,-73,-385,140,7344,-9212,10412,-168,106,-327,-13400,4400,6048,-852,141,-151,-13688,-5228,6848,-501,183,-81,0
969.532508134842,8424,6528,11292,-207,-225,140,7044,-9256,10220,-72,153,-310,-13432,4280,6100,-915,188,-118,-13496,-5192,6700,-406,226,-70,0
969.5662131309508,8328,6472,11476,-251,-176,165,7176,-9360,10248,15,100,-261,-13516,4328,6080,-1013,197,-145,-13876,-5124,6536,-448,212,-59,0
969.5997309684753,8508,6660,11364,-207,-141,151,7248,-9268,10396,29,111,-219,-13508,4312,5872,-985,137,-68,-13792,-5216,6876,-493,188,-99,0
969.6332271099092,8520,6592,11340,-200,-69,119,7276,-9024,10356,-7,118,-160,-13600,4112,5968,-980,135,-72,-13940,-5096,6628,-518,157,-130,0
969.666827917099,8512,6584,11348,-177,-57,117,7316,-9292,10436,-33,94,-175,-13340,4232,5988,-997,123,-74,-14052,-4900,6868,-499,152,-132,0
969.7001929283142,8528,6580,11368,-193,-79,122,7268,-9192,10176,-254,114,-175,-13512,4336,6092,-1033,137,-85,-13764,-5184,6588,-479,140,-119,0
969.7338399887084,8484,6652,11324,-192,-28,101,7396,-9332,10648,12,158,-168,-13520,4248,6156,-1039,85,-49,-13820,-5532,6668,-468,142,-128,0
969.7671921253204,8460,6816,11380,-174,-65,69,7220,-9384,10356,0,193,-166,-13632,4420,6284,-1009,46,-41,-13776,-5156,6952,-486,109,-125,0
969.8005950450896,8268,6404,11508,-165,-2,102,7212,-9468,10324,-30,194,-131,-13792,4396,6292,-998,16,-84,-13732,-5216,6856,-488,89,-131,0
969.8339331150056,8276,6404,11432,-76,-50,110,7088,-9340,10244,-56,140,-122,-13484,4384,6036,-1006,67,-46,-13640,-5344,6860,-767,95,-141,0
969.867546081543,8408,6896,11504,-112,-19,109,6984,-9404,10432,-59,106,-147,-13452,4184,6240,-1002,75,-47,-13480,-5284,6732,-506,109,-109,0
969.900820016861,8216,6640,11348,-112,-83,104,7100,-9304,10408,-104,150,-171,-13416,4332,6340,-964,118,-72,-13716,-5268,6876,-494,115,-109,0
969.934385061264,8256,6648,11480,-157,-90,114,7156,-9304,10600,-44,117,-184,-13444,4440,6068,-1011,140,-114,-13772,-5216,6772,-486,186,-79,0
969.9677450656892,8372,6616,11264,-164,-92,129,7192,-9304,10348,-40,79,-218,-13484,4108,6280,-975,144,-150,-13700,-5376,6712,-768,213,-77,0
970.0011439323424,8364,6604,11284,-102,-142,143,7280,-9264,10396,-47,82,-233,-13472,4320,6036,-994,170,-107,-13752,-5216,6652,-502,210,-76,0
970.0347011089324,8208,6588,11140,-110,-132,121,7196,-9256,10424,-46,76,-210,-13612,4300,6072,-1275,178,-80,-13836,-5028,6540,-536,189,-74,0
970.0681779384612,8660,6528,11348,-109,-101,123,7196,-9400,10312,-13,112,-186,-13424,4104,6052,-1010,113,-120,-13784,-5268,6900,-518,118,-106,0
970.1017301082612,8448,6444,11060,-80,-65,135,7340,-9336,10396,-29,142,-146,-13804,4412,6104,-1021,54,-95,-13640,-5156,6764,-546,62,-164,0
970.1350450515748,8448,6688,11424,-124,-49,92,6924,-9300,10384,-16,140,-126,-13556,4096,5936,-1036,95,-56,-13728,-5188,6884,-534,77,-125,0
970.1685991287231,8308,6640,11456,-141,-5,93,7092,-9324,10348,-255,143,-99,-13480,4360,6172,-1060,85,-20,-13732,-5172,6696,-573,107,-106,0
970.2045760154724,8280,6600,11408,-88,-9,114,7180,-9384,10392,26,101,-99,-13424,4396,5888,-1084,97,-74,-13728,-5116,6720,-552,107,-138,0
970.240730047226,8304,6620,11376,-73,29,119,6964,-9416,10156,9,61,-142,-13384,4184,6068,-1070,118,-27,-13616,-5208,6812,-549,147,-120,0
970.2754409313202,8340,6696,11480,-126,-4,144,7160,-9356,10472,-2,73,-162,-13524,4356,6204,-1276,139,-69,-13756,-5256,6836,-557,166,-123,0
970.3111500740052,8364,6724,11460,-82,-53,113,7316,-9372,10516,-47,109,-153,-13328,4380,6192,-999,48,-43,-13736,-5296,6728,-551,151,-171,0
970.3470821380616,8344,6700,11508,-123,5,71,7312,-9324,10400,-32,160,-153,-13476,4104,6368,-1015,16,-70,-13776,-5268,6748,-557,124,-216,0
970.3824019432068,8408,6672,11320,-96,-12,63,7296,-9028,10468,-30,153,-145,-13468,4308,6180,-1029,32,-54,-13732,-5616,6836,-515,96,-167,0
970.41747713089,8236,6712,11424,-125,-40,30,7252,-9320,10316,-48,177,-148,-13540,4208,6296,-944,33,-44,-13672,-5356,6744,-479,129,-155,0
970.4531590938568,8512,6432,11472,-164,17,64,7420,-9328,10252,-41,144,-179,-13544,4320,6228,-988,50,-61,-13724,-5212,6680,-472,125,-164,0
970.488664150238,8300,6644,11080,-98,-7,71,7184,-9380,10308,-18,144,-166,-13472,4116,6120,-1007,49,-65,-13720,-5268,6836,-491,126,-135,0
970.5237159729004,8288,6688,11544,-145,-37,107,7396,-9372,10684,-29,201,-150,-13692,4408,6360,-986,74,-28,-13804,-5328,7132,-497,74,-120,0
970.55917096138,8288,6616,11268,-128,-47,112,7212,-9408,10448,-74,122,-125,-13396,4496,5920,-963,92,-76,-13800,-5164,6880,-500,89,-138,0
970.5940370559692,8240,6736,11324,-135,-16,102,7380,-9380,10356,-35,127,-156,-13416,4384,6076,-1020,126,-33,-13764,-5164,6680,-509,149,-117,0
970.6296679973602,8044,6712,11448,-129,-23,128,7388,-9464,10408,-28,124,-171,-13448,4148,6084,-1279,81,-85,-13776,-5200,6760,-762,170,-131,0
970.6648099422456,8284,6624,11496,-175,-77,85,7000,-9328,10424,-62,161,-193,-13468,4412,6272,-977,103,-52,-13680,-5196,6856,-478,190,-130,0
970.7001390457153,8372,6720,11528,-228,-83,124,7192,-9320,10424,-13,177,-215,-13368,4392,6100,-1024,135,-110,-13992,-5400,6832,-444,218,-41,0
970.7355720996856,8216,6628,11484,-193,-211,129,7136,-9432,10580,-1,139,-260,-13448,4412,6256,-999,166,-185,-13744,-5220,6940,-475,239,-48,0
970.7716200351716,8240,6448,11336,-143,-220,180,7156,-9240,10408,-33,115,-216,-13416,4348,6036,-958,143,-109,-13716,-5200,7080,-492,237,-39,0
970.8077909946442,8036,6904,11492,-193,-228,144,7036,-9352,10336,-67,119,-237,-13456,4332,6072,-990,190,-146,-13808,-5232,6896,-461,200,-54,0
970.8440039157867,8388,6680,11332,-218,-197,108,7216,-9328,10356,-17,124,-229,-13512,4356,6124,-1020,156,-109,-13716,-4936,6656,-472,191,-54,0
970.8775889873504,8416,6620,11388,-206,-163,156,7132,-9376,10368,57,156,-223,-13528,4336,6304,-1008,167,-160,-13780,-5188,6936,-475,228,-83,0
970.9108819961548,8276,6704,11340,-171,-147,153,7052,-9300,10360,10,135,-233,-13492,4220,6088,-997,169,-170,-13672,-5192,6796,-476,223,-41,0
970.944179058075,8296,6600,11388,-193,-179,190,7208,-9380,10348,-11,115,-225,-13480,4332,6152,-988,177,-117,-13776,-5228,6816,-478,214,-17,0
970.9775791168212,8208,6836,11064,-190,-165,199,7268,-9204,10388,-30,92,-208,-13436,4348,6024,-993,217,-100,-13740,-5228,6732,-485,187,-26,0
971.0107469558716,8368,6612,11424,-207,-123,203,7104,-9220,10436,-4,83,-209,-13720,4256,6176,-1004,207,-111,-13764,-5244,6792,-476,206,-61,0
971.044250011444,8212,6648,11300,-208,-145,174,7196,-9312,10352,-8,87,-206,-13524,4336,6064,-1004,169,-127,-13760,-5268,6828,-463,199,-47,0
971.0799930095671,8324,6592,11348,-191,-168,122,7184,-9484,10456,-19,141,-234,-13504,4360,6264,-988,112,-156,-13672,-5308,6840,-482,197,-63,0
971.1136429309844,8440,6596,11292,-188,-202,122,7392,-9420,10400,-28,100,-242,-13496,4404,6096,-982,128,-143,-13680,-5232,6868,-470,206,-53,0
971.1468980312347,8540,6644,11424,-167,-207,128,7180,-9420,10400,20,94,-234,-13520,4556,5960,-998,179,-128,-13660,-5172,6748,-480,194,-28,0
971.1802549362184,8420,6868,11356,-190,-159,147,7168,-9280,10380,-17,142,-246,-13452,4588,5976,-1077,234,-141,-13664,-5164,6840,-463,212,-45,0
971.2139840126038,8632,6524,11324,-207,-199,153,7152,-9232,10392,-18,83,-231,-13352,4360,6312,-1024,166,-164,-13732,-5368,6908,-477,211,-46,0
971.2478640079498,8472,6568,11276,-179,-207,184,7304,-9276,10440,-247,77,-210,-13488,4408,6216,-1004,162,-107,-13816,-5260,6728,-494,191,-49,0
971.281497001648,8376,6544,11460,-182,-169,160,7092,-9220,10340,-19,109,-208,-13464,4248,6156,-1014,180,-102,-13828,-5216,6832,-507,205,-71,0
971.3150310516357,8516,6656,11100,-159,-192,169,7212,-9340,10364,-5,180,-230,-13528,4244,6200,-1008,166,-111,-13732,-5188,6604,-502,179,-115,0
971.3485860824584,8624,6596,11500,-115,-151,150,7248,-9300,10352,-30,111,-194,-13352,4280,6076,-999,133,-92,-13712,-5072,6728,-495,155,-129,0
971.3818681240082,8452,6580,11508,-135,-95,120,7252,-9232,10336,-42,143,-184,-13424,4300,6020,-994,116,-122,-13748,-5192,6732,-535,123,-140,0
971.4153990745544,8504,6624,11512,-111,19,73,7220,-9268,10204,-37,157,-132,-13544,4288,5884,-1000,83,-56,-13748,-5060,6680,-489,89,-133,0
971.4485919475555,8568,6576,11348,-172,-249,79,7236,-9248,10300,7,130,-121,-13416,4348,6144,-1280,88,-45,-13576,-5360,6668,-482,111,-149,0
971.4819049835204,8480,6568,11336,-148,-14,101,7252,-9392,10488,-16,133,-144,-13524,4308,5776,-1017,111,-65,-13784,-5268,6816,-503,145,-135,0
971.5154960155488,8500,6556,11576,-128,-60,136,7204,-9308,10440,-50,128,-184,-13508,4280,6184,-1021,153,-130,-13656,-5172,6772,-521,154,-105,0
971.5491020679474,8456,6596,11484,-93,-79,140,7264,-9388,10488,-51,112,-193,-13492,4304,6092,-994,139,-95,-13796,-5072,6716,-524,136,-101,0
971.5825140476228,8392,6576,11204,-129,-87,130,6984,-9276,10384,-41,139,-159,-13508,4304,6076,-1013,94,-65,-13764,-5240,6912,-488,168,-111,0
971.6160731315612,8428,6448,11516,-158,-80,107,7120,-9260,10424,-14,160,-139,-13524,4420,6172,-979,92,-75,-13740,-5224,6744,-487,122,-153,0
971.649719953537,8268,6616,11424,-151,-21,89,7208,-9364,10432,-56,151,-157,-13504,4316,5896,-980,54,-252,-13724,-5148,6708,-522,112,-155,0
971.6832511425018,8424,6564,11344,-141,-3,58,6992,-9408,10324,-25,175,-158,-13440,4308,6124,-1041,56,-78,-13344,-5216,6828,-486,160,-149,0
971.7169959545135,8320,6456,11448,-158,-68,114,7068,-9308,10688,51,124,-192,-13360,4272,6084,-1004,177,-101,-13652,-5312,6768,-484,209,-54,0
971.7504730224609,8400,6748,11612,-119,-130,110,7204,-9292,10480,-67,109,-246,-13488,4148,5940,-925,156,-123,-13588,-5364,6632,-522,220,-98,0
971.7839131355286,8688,6520,11752,-161,-146,111,7296,-9300,10420,-53,97,-226,-13824,4116,6056,-957,154,-126,-13824,-4880,6676,-500,190,-114,0
971.817466020584,8544,6656,11308,-90,-97,151,7200,-9308,10416,-50,146,-180,-13708,4332,6060,-1010,68,-67,-13908,-4924,6668,-501,116,-122,0
971.8508200645448,8592,6560,11384,-126,-74,108,7412,-9432,10280,-29,132,-130,-13708,4348,5888,-1007,32,-26,-13844,-5236,6752,-257,46,-142,0
971.887964963913,8584,6576,11412,-146,-13,60,7244,-9304,10488,-52,199,-158,-13536,4300,5996,-990,49,-52,-13696,-5152,6884,-490,93,-147,0
971.9233131408691,8400,6724,11432,-108,-52,87,7248,-9336,10328,-20,184,-144,-13548,4328,5944,-1047,63,-54,-13740,-5036,6700,-505,166,-148,0
971.9593110084534,8384,6660,11428,-98,-49,101,7180,-9312,10404,13,120,-170,-13492,4136,5940,-1279,111,-117,-13824,-5264,6724,-498,175,-95,0
971.9945919513704,8352,6848,11444,-132,-92,106,7136,-9408,10540,-38,100,-201,-13776,4588,6048,-1011,150,-108,-13756,-5240,6788,-485,175,-89,0
972.030247926712,8644,6648,11412,-133,-112,109,7176,-9316,10424,-6,101,-178,-13480,4392,6048,-983,144,-130,-13624,-5200,6944,-506,156,-98,0
972.0655300617218,8408,6540,11264,-151,-70,129,7120,-9344,10476,-22,128,-161,-13444,4400,5972,-1020,119,-78,-13956,-5152,6740,-496,173,-103,0
972.1012880802156,8312,6748,11428,-128,-61,130,6980,-9380,10368,-49,122,-155,-13540,4400,6124,-1006,123,-61,-13756,-5276,6800,-546,126,-125,0
972.1373851299286,8408,6444,11124,-117,-101,96,7240,-9036,10708,-88,140,-176,-13416,4272,6032,-984,124,-122,-13784,-5168,6692,-491,150,-119,0
972.1725499629974,8352,6592,11364,-145,-76,94,7196,-9296,10244,-49,145,-172,-13520,4372,5952,-982,154,-34,-13708,-5156,6700,-485,114,-130,0
972.2077851295472,8632,6580,11340,-148,-99,118,7200,-9280,10328,-24,116,-201,-13560,4136,5964,-982,138,-109,-13808,-5192,6616,-474,147,-92,0
972.243327140808,8440,6696,11380,-141,-105,136,7136,-9252,10372,-15,113,-191,-13476,4208,6024,-1003,119,-74,-13708,-4968,6700,-475,144,-78,0
972.2792310714722,8424,6620,11740,-164,-89,101,7268,-9204,10376,-41,97,-212,-13612,4576,6052,-987,125,-77,-14076,-5204,6668,-481,141,-92,0
972.3145470619202,8464,6632,11404,-128,-77,98,7356,-9396,10376,-60,138,-185,-13556,4364,6096,-999,57,-92,-13576,-4872,6408,-513,130,-122,0
972.3497669696808,8544,6612,11340,-135,-23,101,7220,-9284,10376,-20,128,-154,-13496,4380,5940,-1038,31,-111,-13720,-5220,6900,-498,100,-136,0
972.3848731517792,8392,6680,11424,-102,-24,80,7136,-9332,10344,-34,148,-134,-13536,4316,6164,-1036,63,-29,-13700,-5232,6768,-526,73,-159,0
972.4207410812378,8504,6560,11360,-122,-29,86,7292,-9344,10516,-32,170,-149,-13496,4348,5992,-1008,82,-36,-13796,-5172,6876,-487,112,-124,0
972.4562151432036,8472,6560,11380,-152,-251,105,7064,-9340,10432,-40,162,-154,-13528,4368,5992,-1011,71,-67,-13760,-5112,6792,-491,117,-132,0
972.4920449256896,8364,6568,11416,-132,-24,122,7116,-9308,10432,-35,163,-142,-13416,4368,5940,-1002,90,-77,-13624,-5268,6684,-494,128,-122,0
972.5289931297302,8220,6584,11508,-134,-86,89,6940,-9332,10240,-49,119,-171,-13420,4328,6016,-979,106,-116,-13652,-5168,6728,-502,160,-138,0
972.5625009536744,8340,6624,11588,-98,-55,99,7084,-9256,10308,-71,123,-184,-13500,4600,5820,-992,104,-108,-13712,-5164,6728,-512,155,-124,0
972.5958559513092,8412,6596,11412,-113,-59,91,7268,-9332,10316,-16,118,-194,-13468,4420,6308,-1003,95,-99,-13656,-5244,6720,-509,152,-161,0
972.6294560432434,8412,6660,11492,-102,-42,88,7312,-9240,10364,-33,138,-171,-13612,4416,6156,-1012,48,-56,-13792,-5172,6804,-526,98,-173,0
972.6629090309144,8452,6564,11120,-109,-66,86,7244,-9296,10400,-55,123,-158,-13600,4264,6252,-837,-60,-103,-13784,-5216,6772,-495,153,-183,0
972.6961879730223,8428,6672,11472,-127,-9,57,7188,-9344,10544,-36,113,-159,-13512,4144,6112,-961,74,-110,-13844,-5088,6720,-497,86,-127,0
972.729954957962,8376,6620,11392,-113,-29,74,7060,-9296,10376,-243,160,-192,-13560,4308,6052,-781,104,-49,-13768,-5216,6764,-486,161,-132,0
972.7635300159454,8400,6556,11476,-108,-71,111,7212,-9320,10468,-42,156,-142,-13480,4308,6144,-988,68,-85,-14044,-5300,6896,-485,123,-123,0
972.7971200942992,8624,6892,11544,-89,-64,92,7180,-9412,10644,-26,143,-154,-13456,4528,6220,-991,60,-40,-13748,-5272,6716,-510,127,-191,0
972.8307340145112,8364,6472,11164,-94,-37,78,7268,-9380,10444,-16,141,-169,-13560,4304,6100,-1004,45,-34,-13656,-5272,6740,-529,108,-157,0
972.8641920089722,8316,6644,11292,-88,-41,79,7208,-9296,10400,-15,128,-173,-13568,4396,6252,-1027,94,-77,-13664,-5244,6856,-517,114,-160,0
972.8975379467012,8420,6716,11388,-87,-25,93,7168,-9428,10384,-31,171,-176,-13540,4352,5932,-1018,49,-148,-13796,-5096,6620,-262,95,-153,0
972.9310801029204,8296,6456,11408,-106,-31,82,7196,-9384,10400,-56,158,-152,-13472,4392,6204,-994,53,-60,-13756,-5200,6776,-490,137,-123,0
972.9645640850068,8204,6784,11344,-112,-41,93,7192,-9472,10396,-57,159,-161,-13520,4416,5868,-973,90,-67,-13764,-5164,6836,-515,126,-127,0
972.9979739189148,8440,6576,11528,-126,-73,103,7004,-9316,10420,-62,107,-179,-13528,4604,5920,-998,75,-58,-13704,-5188,6716,-510,148,-139,0
973.0315799713136,8304,6692,11420,-88,-74,74,7156,-9180,10340,-49,87,-158,-13472,4272,6340,-1006,81,-94,-13728,-5232,6904,-519,141,-144,0
973.0650510787964,8412,6704,11268,-93,-59,100,7184,-9336,10380,-64,119,-182,-13352,4276,5900,-940,31,-91,-14052,-5292,6700,-766,152,-128,0
973.0989220142363,8336,6684,11444,-110,-39,92,7180,-9420,10344,-14,116,-173,-13508,4324,6080,-976,72,-95,-13768,-5168,6660,-485,142,-126,0
973.1323471069336,8392,6708,11536,-117,-24,108,6996,-9364,10368,-28,146,-152,-13340,4348,6068,-1040,79,-47,-13716,-5212,6704,-260,122,-130,0
973.1659250259399,8356,6712,11364,-104,-45,126,7212,-9260,10416,-48,120,-128,-13440,4588,6220,-776,76,-34,-13756,-5196,6804,-265,97,-134,0
973.1996579170228,8340,6660,11348,-113,-34,135,7212,-9388,10420,-35,100,-143,-13528,4308,6360,-907,58,-35,-13736,-5192,6680,-501,86,-108,0
973.2331840991974,8288,6708,11412,-119,-25,140,7316,-9312,10440,-34,115,-174,-13428,4236,6056,-987,120,-94,-13704,-5196,6856,-481,135,-109,0
973.2668180465698,8200,6696,11052,-167,-72,129,7184,-9320,10460,-26,132,-194,-13488,4400,6088,-1010,125,-112,-13688,-5152,6600,-540,198,-106,0
973.3003380298616,8616,6556,11516,-103,-89,115,7176,-9320,10348,-21,126,-211,-13512,4376,6196,-1028,102,-104,-13608,-5340,6684,-518,211,-127,0
973.3339660167694,8400,6592,11456,-104,-102,119,7236,-9340,10428,-30,103,-226,-13416,4316,6076,-991,105,-113,-13684,-5244,6708,-500,172,-129,0
973.3675961494446,8332,6712,11496,-135,-98,71,7232,-9284,10524,-30,114,-220,-13536,4284,6072,-975,100,-88,-13736,-5280,6856,-470,189,-123,0
973.4006459712982,8388,6680,11512,-176,-101,85,7248,-9332,10472,-70,173,-209,-13544,4432,5936,-945,87,-149,-13728,-5240,6468,-498,188,-63,0
973.4341819286348,8460,6480,11460,-195,-143,140,7176,-9312,10524,-42,153,-200,-13368,4384,6108,-971,182,-106,-13736,-5144,6888,-488,238,-38,0
973.467742919922,8328,6836,11324,-197,-222,216,7096,-9360,10608,-23,67,-227,-13416,4388,6052,-1019,211,-133,-13772,-5260,6724,-506,196,-5,0
973.5014050006868,8692,6416,11264,-159,-207,195,7220,-9400,10208,-36,76,-222,-13468,4412,6244,-975,207,-96,-13728,-5336,6792,-470,215,-19,0
973.5349130630492,8396,6672,11460,-169,-161,184,7384,-9336,10472,-18,149,-182,-13568,4436,6084,-987,172,-95,-13676,-5244,6752,-449,165,-31,0
973.5714931488036,8328,6756,11444,-167,-148,206,7136,-9312,10484,-30,104,-199,-13420,4592,6312,-1008,210,-124,-13764,-5112,6840,-462,211,7,0
973.6075160503387,8296,6600,11512,-172,-201,195,6944,-9420,10464,-35,64,-194,-13460,4320,6032,-1029,258,-79,-13800,-5164,6800,-500,207,37,0
973.6423890590668,8680,6700,11408,-147,-165,211,7192,-9292,10388,-3,56,-157,-13804,4296,6064,-1023,173,-100,-14068,-5224,6692,-531,181,-40,0
973.6782140731812,8512,6536,11260,-183,-126,208,7212,-9308,10484,19,85,-169,-13576,4304,5992,-1047,212,-97,-13992,-5156,6720,-490,175,-50,0
973.7133529186248,8356,6684,11476,-168,-129,161,7400,-9356,10428,18,138,-219,-13376,4212,5984,-1010,150,-158,-13672,-5296,6452,-476,188,-89,0
973.7547550201416,8540,6616,11324,-217,-216,114,7256,-9288,10344,-24,151,-261,-13484,4324,5996,-958,119,-168,-13824,-5160,6772,-465,212,-89,0
973.79096698761,8240,6596,11412,-228,-157,79,7184,-9308,10232,-35,228,-236,-13340,4232,5944,-955,80,-114,-13680,-5304,6620,-415,163,-127,0
973.8261449337006,8400,6724,11156,-234,-140,65,7300,-9332,10492,-19,210,-234,-13528,4244,6088,-951,61,-90,-13604,-5340,6728,-416,169,-103,0
973.861850976944,8352,6616,11484,-268,-129,59,7104,-9280,10496,-11,187,-235,-13512,4252,6088,-923,72,-110,-13396,-5300,6800,-437,162,-151,0
973.8976390361786,8276,6652,11340,-199,-159,67,7228,-9412,10408,-67,188,-259,-13416,4340,6188,-944,93,-132,-13732,-5376,6900,-430,229,-110,0
973.932599067688,8272,6704,11464,-213,-190,95,7172,-9332,10304,-30,103,-510,-13380,4396,6124,-961,149,-138,-13800,-5096,6804,-481,238,-81,0
973.9674899578096,8692,6572,11368,-125,-167,149,7208,-9268,10472,-50,104,-241,-13544,4108,6032,-984,158,-80,-13724,-5140,6636,-494,166,-60,0
974.0036590099336,8408,6464,11368,-174,-159,157,7140,-9344,10356,-28,57,-185,-13488,4140,5956,-1024,167,-60,-13652,-5092,6808,-536,147,-62,0
974.0393600463868,8272,6548,11328,-130,-85,174,7168,-9412,10492,-6,31,-131,-13524,4336,5952,-1060,165,238,-13716,-5048,6632,-568,91,-57,0
974.0751490592955,8696,6424,11480,-104,-34,190,7344,-9396,9992,-21,79,-94,-13496,4344,6012,-1048,172,-4,-13716,-5160,6676,-553,90,-104,0
974.1110379695892,8600,6888,11384,-109,-15,136,7296,-9288,10240,-52,114,-106,-13804,4292,5964,-1011,97,-45,-13812,-5320,6752,-538,83,-132,0
974.1462280750276,8580,6588,11456,-100,4,101,7320,-9312,10336,-91,158,-133,-13588,4352,5888,-1016,37,-8,-13756,-5128,6756,-530,89,-191,0
974.1818799972534,8392,6624,11264,-111,14,36,7256,-9404,10396,-19,149,-149,-13532,4272,6128,-998,35,-25,-13756,-5240,6776,-482,110,-200,0
974.218461036682,8412,6424,11276,-129,8,43,7196,-9184,10244,-42,204,-165,-13464,4096,6360,-937,52,-76,-13748,-5260,6684,-418,132,-187,0
974.2520780563356,8372,6648,11464,-165,6,-2,7220,-9244,10480,-48,201,-198,-13492,4464,6184,-921,23,-58,-13756,-5216,6848,-463,192,-205,0
974.2858531475068,8456,6704,11388,-155,-62,48,7040,-9264,10452,-61,212,-184,-13484,4284,6064,-964,45,-85,-14016,-5176,6732,-437,115,-209,0
974.3194959163666,8396,6808,11352,-126,-24,18,7196,-9240,10392,-82,189,-170,-13524,4336,6168,-960,33,-48,-13820,-5212,6768,-479,85,-191,0
974.353127002716,8316,6668,11364,-115,57,24,7396,-9320,10360,-86,180,-141,-13496,4296,6068,-951,-1,-73,-13684,-5168,6480,-496,86,-204,0
974.3861889839172,8320,6640,11436,-103,54,23,7172,-9312,10392,-54,182,-129,-13484,4400,6176,-984,10,254,-13728,-5240,6736,-527,63,-202,0
974.4196441173553,8412,6704,11524,-127,34,37,7168,-9380,10312,-35,171,-148,-13468,4384,6256,-998,30,-51,-13800,-5192,6764,-492,109,-181,0
974.4533200263976,8368,6772,11308,-123,238,62,7384,-9364,10652,-74,198,-169,-13524,4332,6108,-976,73,-71,-13712,-5136,6756,-462,115,-157,0
974.4867179393768,8364,6644,11308,-102,-25,51,7244,-9380,10356,-79,469,-171,-13392,4380,5952,-1049,100,-74,-13732,-5144,6760,-477,116,-147,0
974.5203070640564,8524,6664,11388,-126,-48,82,7176,-9432,10164,-69,135,-173,-13452,4436,6080,-1007,64,-73,-13732,-5372,6804,-511,117,-142,0
974.5538930892944,8316,6628,11416,-117,-55,89,7204,-9356,10388,-35,91,-144,-13384,4480,6024,-1021,52,-31,-13728,-5160,6760,-525,128,-150,0
974.5872931480408,8312,6680,11664,-83,-30,99,7324,-9440,10268,-58,58,-121,-13460,4532,6004,-1053,59,-68,-13688,-5052,6688,-591,95,-125,0
974.6208910942078,8356,6600,11444,-53,-29,99,7204,-9356,10168,13,108,-122,-13324,4292,5920,-1062,68,-56,-13724,-5172,6832,-547,80,-123,0
974.6542339324952,8500,6628,11520,-96,-34,98,7224,-9384,10424,10,107,-110,-13696,4136,6016,-1043,73,-62,-13680,-5248,6852,-529,75,-130,0
974.687518119812,8424,6540,11444,-114,10,119,7144,-9400,10312,1,137,-158,-13420,4384,6168,-1046,52,-43,-13676,-5180,6760,-536,112,-198,0
974.7210600376128,8308,6716,11308,-97,-32,97,7004,-9388,10436,-28,160,-130,-13448,4204,6128,-1032,33,-62,-13668,-5312,6700,-547,116,-172,0
974.7545521259308,8236,6728,11324,-104,-61,70,7264,-9256,10240,-3,195,-196,-13512,4208,5920,-1023,47,-93,-13736,-5280,6792,-528,164,-198,0
974.7880830764772,8308,6748,11408,-153,-90,59,7152,-9268,10244,-48,135,-203,-13436,4308,6056,-996,96,-104,-13804,-5248,6896,-755,159,-182,0
974.8216841220856,8344,6724,11276,-159,-33,67,7224,-9304,10300,-37,155,-191,-13468,4284,6140,-966,62,-91,-13680,-5296,6644,-476,114,-158,0
974.8553140163422,8328,6628,11392,-179,-77,51,7220,-9324,10388,-62,167,-181,-13492,4216,6072,-930,40,-57,-13636,-5308,6812,-473,157,-172,0
974.8886079788208,8256,6736,11444,-157,-117,81,7252,-9328,10448,-36,147,-187,-13456,4292,6344,-983,108,-71,-13732,-5316,6628,-493,199,-102,0
974.9219970703124,8316,6804,11416,-173,-118,77,7140,-9320,10400,-24,96,-209,-13500,4372,6276,-964,149,-89,-13852,-5164,6900,-448,165,-90,0
974.9556159973143,8356,6748,11392,-221,-79,112,7388,-9332,10416,-114,221,-115,-13560,4284,6136,-945,120,-83,-13808,-5232,6808,-455,123,-122,0
974.9891619682312,8412,6624,11384,-214,-100,90,7224,-9372,10444,-42,222,-162,-13356,4364,6188,-969,89,-104,-13844,-5184,6712,-471,199,-96,0
975.0224621295928,8324,6640,11592,-268,-138,125,7108,-9488,10380,26,155,-183,-13508,4396,6368,-1030,151,-118,-13748,-5268,6848,-455,204,-38,0
975.0560870170592,8252,6680,11416,-98,-187,159,7012,-9696,10368,-42,85,-220,-13424,4424,6256,-999,197,-85,-13660,-5396,6864,-508,183,-35,0
975.0895829200743,8300,6628,11392,-141,-184,157,7312,-9380,10316,-45,75,-237,-13348,4376,6160,-963,203,-108,-13656,-5196,6740,-479,221,-39,0
975.123076915741,8340,6508,11516,-211,-162,186,7264,-9376,10244,-20,100,-226,-13424,4400,5852,-1006,184,-135,-13680,-5168,6860,-441,206,-27,0
975.1564490795135,8396,6592,11384,-191,-154,198,7180,-9392,10368,15,119,-178,-13480,4436,6396,-1007,207,-119,-13672,-5264,6812,-457,157,-20,0
975.1899030208588,8284,6700,11412,-228,-149,170,7264,-9384,10340,-9,113,-192,-13516,4112,6172,-977,186,-109,-13672,-5304,6912,-438,157,-68,0
975.2230949401855,8276,6680,11544,-232,-163,155,7232,-9392,10528,-15,125,-245,-13540,4548,5984,-967,204,-165,-13456,-5152,6776,-425,239,-51,0
975.2602610588074,8456,6608,11240,-201,-192,163,7180,-9304,10300,26,80,-277,-13320,4308,6072,-1041,194,-250,-13780,-5172,6580,-452,320,-86,0
975.296002149582,8404,6652,11448,-178,-509,165,7140,-9036,10368,2,104,-293,-13424,4312,6032,-1009,179,-131,-13796,-5224,6840,-449,280,-43,0
975.3317179679872,8416,6616,11416,-217,-244,149,7232,-9328,10360,-19,109,-258,-13488,4380,6100,-984,177,-146,-13608,-5236,6892,-438,219,-96,0
975.3677270412444,8644,6636,11384,-244,-177,137,7292,-9400,10452,248,140,-250,-13588,4348,6084,-1019,163,-158,-13860,-5176,6740,-462,208,-77,0
975.4025371074675,8424,6572,11300,-187,-176,148,7132,-9284,10564,18,156,-234,-13316,4356,6012,-1097,235,-175,-13720,-5148,6884,-472,199,-61,0
975.4382209777832,8376,6660,11216,-177,-195,164,7152,-9288,10412,-62,117,-189,-13524,4432,5872,-1047,213,-125,-13788,-5212,6760,-500,161,-48,0
975.47336602211,8428,6644,11472,-188,-185,178,7108,-9296,10368,-65,63,-226,-13496,4336,5908,-777,181,-89,-13740,-5212,6892,-481,200,-9,0
975.508898973465,8388,6568,11428,-199,-161,190,7220,-9432,10428,-32,88,-196,-13492,4236,6100,-979,182,-160,-13684,-4904,6736,-482,169,-36,0
975.5444309711456,8436,6528,11392,-170,-167,165,7160,-9284,10360,6,44,-225,-13424,4584,5984,-1061,222,-149,-13696,-5188,6696,-470,196,-85,0
975.5801639556884,8408,6520,11396,-183,-155,184,7376,-9296,10276,253,27,-236,-13368,4364,6068,-972,182,-156,-13712,-4884,6792,-478,195,-64,0
975.6152861118316,8508,6592,11324,-150,-140,175,7228,-9388,10612,-43,72,-221,-13548,4348,6064,-981,172,-94,-14024,-4976,6612,-502,175,-89,0
975.650407075882,8472,6584,11264,-142,-123,116,7272,-9300,10336,-16,121,-214,-13564,4328,5920,-1015,136,-127,-13804,-5064,6780,-519,176,-167,0
975.6854901313782,8468,6536,11376,-104,-73,84,7356,-9224,10252,-19,136,-140,-13644,4240,5920,-996,65,-41,-13804,-5268,6680,-504,103,-160,0
975.7217400074004,8548,6540,11412,-119,-17,73,7248,-9252,10480,-27,195,-135,-13384,4224,6040,-975,21,-80,-13712,-5220,6812,-485,126,-163,0
975.7575540542604,8544,6408,11472,-192,11,58,7300,-9356,10328,-23,169,-132,-13572,4288,6128,-995,79,-61,-13720,-5032,6716,-460,105,-124,0
975.792946100235,8500,6652,11392,-155,33,120,7236,-9304,10432,-16,163,-128,-13576,4316,6092,-1015,65,-17,-13700,-5212,6712,-494,82,-167,0
975.828871011734,8380,6556,11408,-160,36,92,7260,-9316,10384,-21,150,-103,-13488,4256,6008,-1004,29,-61,-13732,-5180,6840,-516,57,-183,0
975.8638560771942,8428,6704,11296,-160,-255,74,7160,-9388,10496,-255,209,-162,-13412,4208,6196,-990,69,-87,-13692,-5204,6732,-476,165,-96,0
975.8998041152954,8204,6872,11592,-170,-131,109,7396,-9504,10500,18,164,-223,-13400,4420,5972,-1007,98,-141,-13768,-5236,6840,-454,241,-75,0
975.9334530830383,8448,6624,11452,-158,-202,124,7224,-9224,10176,-20,84,-2,-13496,4284,6248,-1003,154,-129,-13880,-4952,6792,-524,195,-74,0
975.9669580459596,8444,6572,11228,-61,-192,125,7208,-9228,10432,-92,122,-242,-13464,4288,5976,-948,77,-90,-13740,-5160,6696,-520,125,-142,0
976.0004241466522,8452,6544,11312,-137,-132,92,7208,-9360,10412,-39,160,-200,-13516,4208,5932,-952,94,-136,-13708,-5040,6816,-456,89,-124,0
976.033791065216,8212,6416,11316,-177,-29,101,7316,-9372,10456,-17,112,-167,-13528,4308,5908,-995,115,-86,-13764,-5052,6452,-466,134,-90,0
976.0672330856324,8552,6512,11432,-177,-36,117,7332,-9308,10424,-17,145,-159,-13732,4344,6396,-770,115,-64,-13860,-5128,6672,-472,150,-91,0
976.1005799770356,8644,6556,11376,-166,-61,128,7364,-9332,10280,-65,117,-178,-13772,4448,6012,-982,89,-88,-13788,-5040,6692,-506,177,-103,0
976.1350719928741,8448,6428,11392,-116,-68,82,7264,-9392,10440,-67,117,-209,-13572,4388,6084,-1035,70,-91,-13728,-5052,6744,-765,188,-125,0
976.1686301231384,8672,6536,11040,-109,-93,125,7192,-9316,10448,-252,106,-161,-13540,4320,6124,-1056,110,-74,-13704,-5248,6804,-523,149,-98,0
976.2020950317384,8300,6636,11464,-90,-68,127,7212,-9268,10724,-60,105,-153,-13408,4248,5896,-1041,108,-64,-13716,-5224,6664,-495,86,-113,0
976.2356669902802,8488,6568,11496,-105,-40,122,7288,-9272,10304,-47,119,-137,-13488,4596,6024,-1023,74,-106,-14064,-4892,6724,-522,55,-121,0
976.2690420150756,8368,6572,11716,-113,26,103,7312,-9368,10312,-9,174,-119,-13508,4308,6284,-1050,16,-51,-13748,-5244,6756,-502,111,-174,0
976.3024809360504,8332,6648,11424,-150,-251,67,6924,-9332,10392,-11,206,-107,-13444,4316,5996,-1034,20,-248,-13648,-5232,6884,-504,84,-187,0
976.336032152176,8392,6892,11416,-117,-16,55,7152,-9260,10420,-54,145,-164,-13468,4352,6096,-970,55,-41,-13696,-5168,6812,-523,122,-147,0
976.3697090148926,8256,6600,11296,-120,-86,69,7224,-9256,10256,-73,144,-196,-13496,4308,5896,-920,85,-109,-13620,-5212,6768,-481,200,-138,0
976.4031591415404,8412,6608,11304,-154,-44,88,7296,-9280,10324,-6,152,-225,-13532,4236,5908,-953,116,-101,-13668,-5028,6612,-480,215,-125,0
976.436917066574,8492,6552,11148,-110,-40,96,7296,-9340,10300,-19,153,-181,-13436,4324,6004,-969,61,-91,-13748,-4916,6824,-484,177,-145,0
976.470174074173,8244,6684,11488,-131,-253,73,7344,-9248,10348,-21,220,-168,-13544,4368,6064,-941,29,-4,-13728,-5244,6768,-539,104,-189,0
976.5036959648132,8452,6612,11444,-113,1,17,7216,-9312,10444,-70,256,-158,-13340,4384,6136,-932,-27,-35,-13816,-5324,6768,-518,87,-202,0
976.5373809337616,8492,6568,11372,-81,-36,37,7144,-9432,10100,1,174,-138,-13316,4408,5952,-954,-15,-66,-13740,-5352,6664,-519,90,-210,0
976.5710599422456,8512,6576,11264,-99,4,61,7288,-9268,10480,-54,124,-128,-13448,4456,5984,-1027,246,-31,-13672,-5216,6812,-546,92,-185,0
976.604355096817,8316,6568,11448,-91,33,82,7204,-8988,10400,-21,120,-87,-13428,4304,6108,-1018,22,-29,-13792,-5120,6856,-548,73,-147,0
976.6379940509796,8364,6776,11496,-109,19,55,7092,-9368,10436,-22,120,-131,-13536,4356,6112,-1025,62,-48,-13752,-5156,6824,-521,75,-141,0
976.6715099811554,8372,6580,11460,-103,33,98,7160,-9392,10532,-48,127,-118,-13496,4252,6036,-1010,84,-37,-13644,-5104,6792,-546,120,-126,0
976.7049231529236,8276,6644,11360,-78,-30,99,7088,-9308,10572,-20,98,-148,-13440,4308,5896,-772,76,-73,-13692,-5244,6840,-563,137,-141,0
976.7384750843048,8376,6712,11396,-93,-50,92,7184,-9284,10284,-25,128,-158,-13576,4416,6036,-773,72,-101,-13660,-5236,6804,-516,143,-140,0
976.7720980644226,8388,6628,11512,-100,-26,101,7028,-9352,10440,-74,130,-159,-13468,4348,6272,-1008,95,-86,-13860,-5168,7100,-517,124,-153,0
976.8056199550628,8304,6496,11328,-135,-6,84,7276,-9352,10552,-51,135,-175,-13524,4400,6120,-1007,85,-80,-13764,-5188,7036,-520,102,-155,0
976.8392069339752,8400,6692,11348,-99,-26,62,7364,-9308,10608,-51,126,-143,-13540,4376,6260,-774,63,-73,-13684,-5332,6684,-502,102,-166,0
976.8728380203248,8368,6592,11348,-119,-28,76,7376,-9444,10488,-32,158,-164,-13396,4124,6056,-1012,70,-60,-13648,-5164,6804,-259,126,-157,0
976.9062049388885,8296,6744,11368,-80,-44,91,7080,-9344,10344,-44,105,-177,-13540,4340,6232,-985,95,-85,-14004,-5128,6848,-539,147,-141,0
976.9439189434052,8240,6552,11348,-110,-54,83,7372,-9344,10464,-28,151,-171,-13560,4412,6084,-1280,59,-73,-13644,-5208,6756,-516,149,-131,0
976.9796919822692,8360,6648,11392,-114,-81,126,7416,-9292,10380,-19,141,-152,-13444,4308,6156,-1015,103,-54,-13764,-5220,6768,-512,165,-109,0
977.0150380134584,8380,6700,11472,-134,-76,97,7236,-9320,10368,-78,160,-199,-13564,4364,6072,-1044,125,-68,-13800,-5152,6848,-502,135,-121,0
977.050833940506,8312,6416,11268,-147,-35,103,7392,-9332,10464,-38,163,-183,-13432,4380,5908,-1027,116,-76,-13708,-5372,6760,-491,153,-109,0
977.0859360694884,8380,6628,11304,-110,-65,123,7212,-9420,10420,-11,121,-135,-13360,4100,6172,-773,105,-44,-13604,-5252,6752,-768,147,-99,0
977.1216249465944,8284,6724,11396,-112,-58,133,7284,-9344,10408,-19,137,-183,-13408,4408,6056,-1013,145,-56,-13700,-5280,6820,-487,120,-107,0
977.1575059890748,8384,6636,11500,-119,-105,129,7264,-9368,10464,-54,138,-195,-13580,4380,6200,-1003,154,-93,-13784,-5348,6864,-481,176,-69,0
977.1929669380188,8336,6712,11448,-185,-158,183,7128,-9388,10540,19,93,-229,-13548,4412,6164,-1017,222,-148,-13644,-5176,6736,-446,274,-36,0
977.2291131019592,8328,6760,11320,-133,-179,189,7088,-9320,10412,7,103,-235,-13436,4360,6208,-1041,232,-174,-13776,-5220,6896,-500,269,-40,0
977.2644319534302,8336,6636,11532,-112,-2,201,7176,-9344,10492,-33,111,-264,-13468,4392,6036,-993,222,-128,-13712,-5236,6844,-471,221,-31,0
977.3003520965576,8336,6684,11376,-155,-189,158,7404,-9308,10000,-55,95,-242,-13456,4368,5892,-973,196,-154,-13772,-5168,6660,-480,205,-43,0
977.3354620933532,8360,6884,11292,-205,-164,164,7256,-9392,10412,-18,152,-230,-13552,4456,6008,-984,177,-128,-13740,-5216,6836,-458,227,-59,0
977.3709080219268,8328,6620,11384,-205,-164,154,7136,-9368,10340,-4,143,-270,-13344,4336,5992,-978,196,-212,-13684,-5272,6792,-448,266,-37,0
977.4061839580536,8524,6728,11452,-209,-207,171,7156,-9284,10504,-15,122,-268,-13444,4244,6152,-953,209,-164,-13884,-5276,6816,-451,266,-38,0
977.4418001174928,8396,6624,11328,-210,-243,159,7360,-9336,10348,-70,33,-318,-13600,4336,6176,-977,170,-163,-13796,-5164,6708,-455,246,-49,0
977.4780621528625,8324,6624,11388,-227,-262,187,7184,-9364,10348,-253,121,-230,-13480,4392,6088,-1073,221,-167,-13676,-5164,6864,-443,257,-29,0
977.5136649608612,8392,6688,11356,-132,-148,160,7208,-9304,10252,-15,32,-225,-13476,4460,5996,-1051,198,-144,-13712,-4888,6824,-509,213,-57,0
977.5509810447692,8452,6544,11392,-184,-216,201,7208,-9396,10396,-21,71,-178,-13612,4316,6028,-1071,197,-93,-13784,-5080,6776,-494,170,-32,0
977.5844841003418,8436,6688,11356,-156,-147,214,7304,-9312,10268,-14,9,-139,-13468,4096,5828,-1047,503,-83,-13824,-5012,6736,-535,131,14,0
977.6181149482728,8388,6516,11440,-134,-83,266,7296,-9276,10348,-254,-18,-124,-13388,4248,5948,-1093,0,-77,-13656,-5188,6696,-546,150,-255,0
977.6513509750366,8424,6604,11548,-144,-95,0,7356,-9384,10500,-12,11,-152,-13644,4148,6100,-1044,226,-78,-13764,-5168,6704,-760,157,-37,0
977.6849250793456,8384,6656,11496,-199,-187,209,7288,-9308,10484,-45,69,-225,-13532,4280,6292,-1276,153,-112,-13904,-5228,6856,-504,216,-96,0
977.7184150218964,8388,6604,11368,-157,-233,112,7124,-9296,10552,-37,153,-293,-13644,4244,6048,-998,117,-139,-13744,-5208,6768,-468,264,-91,0
977.7519171237946,8476,6688,11372,-160,-217,77,7248,-9272,10320,-10,160,-289,-13620,4252,5940,-955,123,-185,-13764,-5132,6732,-423,248,-99,0
977.7854769229888,8544,6652,11312,-216,-219,70,7244,-9464,10344,-47,167,-280,-13468,4260,6048,-1005,130,-160,-13820,-5168,6868,-408,218,-115,0
977.818948984146,8456,6600,11228,-213,-157,78,7184,-9328,10340,-39,159,-276,-13588,4276,6200,-939,110,-118,-13892,-5112,6536,-412,187,-119,0
977.8524141311646,8496,6616,11108,-208,-152,109,7304,-9356,10468,-42,143,-246,-13324,4268,6060,-958,78,-93,-13820,-5364,6428,-492,178,-144,0
977.8858380317688,8408,6612,11248,-160,-125,118,7236,-9360,10704,-32,150,-191,-13576,4232,6004,-981,96,-68,-13804,-5048,6604,-506,147,-113,0
977.9194891452788,8688,6584,11448,-127,-87,123,7260,-9332,10336,-43,113,-149,-13444,4384,5884,-1009,144,-69,-13748,-5076,6656,-524,142,-109,0
977.9526760578156,8592,6560,11424,-134,-37,113,7268,-9256,10360,-24,127,-152,-13764,4240,6000,-1034,124,-50,-13816,-5108,6636,-537,121,-129,0
977.9859759807588,8492,6572,11416,-123,9,125,7284,-9320,10296,8,152,-109,-13360,4324,6004,-1036,97,-18,-13776,-5056,6864,-521,90,-127,0
978.0197229385376,8460,6520,11284,-143,14,95,7260,-9336,10484,-21,165,-127,-13568,4268,6144,-769,70,-241,-13716,-5188,6712,-526,89,-126,0
978.0532920360564,8628,6552,11248,-128,-12,117,7344,-9356,10448,-23,146,-132,-13572,4180,5704,-1020,88,-42,-13768,-5136,6636,-501,133,-142,0
978.0869951248168,8476,6588,11248,-106,-21,88,7220,-9360,10420,-33,128,-148,-13536,4316,6016,-1018,54,-81,-13772,-5140,6808,-499,144,-153,0
978.1205480098724,8516,6572,11388,-136,-12,78,7188,-9268,10088,-39,172,-172,-13340,4340,5976,-1001,53,-78,-13720,-5244,6816,-493,121,-166,0
978.1535649299622,8396,6612,11336,-120,-16,46,7256,-9268,10372,-50,198,-172,-13536,4352,5912,-940,31,-51,-13740,-5156,6736,-486,129,-159,0
978.1873450279236,8476,6692,11360,-152,18,30,7196,-9248,10360,-37,174,-182,-13548,4292,6024,-958,19,-66,-13744,-5240,6708,-504,145,-169,0
978.2211771011351,8324,6672,11452,-126,255,39,7244,-9308,10404,-49,177,-171,-13552,4276,6084,-990,38,-30,-13720,-5180,6612,-474,149,-162,0
978.2547030448914,8680,6892,11376,-148,-25,58,7244,-9312,10464,-43,176,-200,-13508,4312,6096,-957,64,-50,-13756,-5216,6904,-475,127,-143,0
978.2883059978484,8448,6400,11072,-146,-13,51,7332,-9388,10260,-82,177,-165,-13572,4364,6272,-981,21,-90,-13820,-5160,6892,-507,119,-193,0
978.321797132492,8456,6576,11292,-121,-1,50,7252,-9400,10572,-28,141,-146,-13508,4352,5928,-1006,27,-84,-13724,-5208,6816,-522,122,-151,0
978.3552420139312,8680,6424,11500,-85,-12,85,7208,-9200,10492,-46,153,-138,-13376,4560,5984,-1012,46,-56,-14040,-5196,6424,-519,74,-163,0
978.3885760307312,8360,6552,11324,-70,34,40,7368,-9236,10372,-71,168,-142,-13628,4316,6084,-939,29,-27,-13756,-5372,6664,-555,77,-193,0
978.4222860336304,8320,6628,11024,-121,22,57,7248,-9264,10352,-63,230,-153,-13520,4344,6076,-998,3,-21,-14004,-5116,6684,-499,51,-153,0
978.4559609889984,8412,6528,11404,-110,87,86,7248,-9320,10244,-44,183,-82,-13612,4236,6144,-993,12,-16,-13644,-5304,6748,-551,81,-165,0
978.4896030426025,8376,6612,11384,-107,52,92,7144,-9716,10456,-25,172,-77,-13548,4100,6220,-1030,-15,-40,-13788,-5212,6776,-563,12,-155,0
978.5228691101074,8356,6544,11364,-76,14,68,7368,-9468,10380,-76,188,-122,-13416,4364,6040,-985,37,-28,-13676,-5208,6800,-559,46,-196,0
978.5565049648284,8344,6560,11512,-67,-25,51,7136,-9248,10508,-26,162,-158,-13396,4284,6084,-982,57,-64,-13752,-5112,6772,-472,157,-152,0
978.5927491188048,8328,6704,11092,-103,2,67,7204,-9356,10384,249,113,-186,-13496,4376,6192,-997,50,-126,-13764,-5244,6620,-529,162,-143,0
978.6288480758668,8260,6704,11448,-87,-50,59,7180,-9388,10488,-43,116,-175,-13432,4328,6088,-992,87,-60,-13704,-5248,6844,-765,151,-119,0
978.6638350486755,8264,6632,11460,-124,-56,98,7144,-9368,10372,-24,137,-200,-13544,4372,6044,-1003,79,-76,-13708,-5308,6848,-515,140,-99,0
978.6996281147004,8416,6720,11476,-145,-52,107,7192,-9320,10472,-58,125,-148,-13456,4124,6156,-973,112,-54,-13656,-5280,6828,-520,129,-84,0
978.7348940372468,8388,6628,11464,-114,-43,118,7120,-9388,10668,-8,84,-166,-13520,4280,6212,-1027,113,-93,-13644,-5352,6740,-493,115,-82,0
978.7732579708099,8400,6648,11272,-124,-32,139,7200,-9248,10744,-57,79,-150,-13448,4364,6036,-1003,132,-57,-13572,-5228,6880,-533,93,-106,0
978.8095171451567,8432,6456,11392,-130,-73,124,7032,-9224,10008,-253,117,-166,-13324,4104,6000,-971,100,-22,-13684,-4908,6804,-265,104,-94,0
978.8447089195251,8396,6548,11292,-112,-44,107,7392,-9368,10352,-19,98,-146,-13548,4152,6036,-1064,80,-47,-13740,-5344,6784,-517,130,-108,0
978.8806269168854,8416,6612,11456,-115,-3,162,7104,-9352,10316,-8,102,-130,-13536,4392,6284,-1029,119,-58,-13768,-5200,6708,-524,115,-65,0
978.916090965271,8336,6748,11364,-157,-19,129,7164,-9372,10084,-29,105,-142,-13508,4300,6132,-991,125,-45,-13748,-5244,7084,-484,100,-76,0
978.9522850513458,8284,6736,11272,-170,-39,139,7168,-9468,10356,-72,158,-176,-13564,4372,6080,-962,123,-86,-13712,-5216,6700,-453,166,-98,0
978.9882061481476,8284,6640,11632,-233,-115,121,7332,-9436,10320,-8,206,-209,-13516,4528,6168,-1000,96,-133,-13644,-5280,6840,-434,249,-104,0
979.0230510234832,8216,6420,11524,-187,-180,122,7128,-9432,10600,20,205,-250,-13520,4356,6360,-1024,109,-199,-13640,-5324,6896,-451,238,-122,0
979.0582439899443,8276,6780,11372,-156,-225,80,6932,-9100,10480,-50,167,-311,-13504,4600,6372,-902,154,-181,-13820,-5228,6880,-428,229,-101,0
979.093950033188,8276,6740,11488,-206,-215,76,7120,-9304,10460,-86,211,-298,-13392,4424,5960,-889,161,-159,-13740,-5192,6904,-393,221,-84,0
979.12948012352,8376,6684,11464,-231,-173,118,7224,-9324,10240,-35,163,-274,-13496,4336,6060,-928,190,-158,-13704,-5228,6728,-390,198,-40,0
979.1650400161744,8340,6652,11448,-260,-175,125,7088,-9288,10376,-25,183,-258,-13548,4364,6036,-960,183,-96,-13984,-5228,6804,-421,185,-48,0
979.2003610134124,8420,6900,11480,-257,-167,146,6948,-9292,10544,-64,160,-3,-13488,4344,6180,-944,175,-148,-13716,-5216,6708,-458,186,-47,0
979.2358369827272,8424,6568,11268,-213,-193,164,7152,-9296,10468,-17,131,-278,-13508,4148,5908,-988,202,-140,-13996,-5100,6600,-443,230,-46,0
979.2714660167694,8684,6524,11488,-200,-223,197,7280,-9464,10440,-44,87,-263,-13316,4328,5976,-1037,227,-111,-13796,-5348,6792,-456,225,-24,0
979.3048360347748,8536,6424,11120,-217,-250,176,7312,-9296,10276,-47,73,-246,-13568,4340,5984,-984,160,-111,-13776,-4872,6840,-433,216,-71,0
979.3384771347046,8264,6600,11480,-243,-217,167,7240,-9260,10272,-38,117,-264,-13496,4432,6176,-985,195,-121,-13744,-4956,6740,-477,200,-95,0
979.3719489574432,8496,6888,11440,-240,-159,126,7244,-9268,10352,-56,112,-232,-13600,4308,6072,-918,123,-124,-13836,-5228,6788,-422,196,-30,0
979.4051880836488,8664,6632,11516,-242,-167,128,7228,-9360,10300,-14,173,-239,-13548,4100,5984,-978,167,-112,-13748,-4936,6480,-413,210,-66,0
979.4388139247894,8428,6628,11356,-196,-199,123,7240,-9272,10412,-111,110,-265,-13520,4356,5860,-985,168,-134,-13756,-4884,6844,-445,223,-71,0
979.4724459648132,8684,6476,11416,-194,-219,142,7168,-9356,10272,-120,89,-274,-13500,4300,6064,-940,200,-173,-13812,-5084,6708,-447,238,-22,0
979.5057101249696,8456,6604,11348,-182,-241,130,7192,-9324,10388,-106,107,-272,-13548,4408,5932,-981,190,-200,-13872,-5084,6688,-416,269,-54,0
979.5390050411224,8512,6484,11488,-183,-235,135,7328,-9360,10428,-36,76,-277,-13572,4348,6140,-986,195,-205,-13776,-4884,6748,-439,297,-44,0
979.5724720954896,8504,6696,11380,-209,-233,158,7348,-9288,10420,-36,91,-285,-13628,4440,6056,-935,199,-155,-13856,-5092,6724,-449,258,-72,0
979.6059710979462,8588,6592,11408,-153,-202,159,7300,-9272,10436,-42,114,-261,-13560,4360,6028,-991,177,-118,-13860,-5068,6736,-501,226,-112,0
979.639440059662,8600,6488,11420,-145,-160,142,7360,-9384,10312,-64,142,-209,-13576,4256,5964,-1005,122,-96,-13844,-4884,6436,-474,181,-94,0
979.6729700565338,8480,6596,11476,-140,-100,135,7168,-9352,10416,248,180,-181,-13524,4264,5964,-1066,126,-120,-13760,-5016,6700,-516,171,-85,0
979.7062070369719,8492,6700,11408,-164,-159,166,7280,-9356,10408,26,131,-227,-13316,4272,5936,-1004,159,-80,-13640,-5064,6476,-490,185,-69,0
979.7399210929872,8564,6476,11380,-206,-189,197,7364,-9340,10612,-67,94,-204,-13368,4284,6036,-985,245,-98,-13628,-5012,6552,-444,169,-19,0
979.773707151413,8448,6560,11536,-154,-187,193,7340,-9332,10424,-255,70,-228,-13636,4328,5964,-1059,211,-120,-13744,-5088,6728,-492,247,-17,0
979.8072509765624,8500,6608,11508,-120,-204,193,7228,-9332,10164,7,82,-246,-13508,4296,5960,-1018,176,-184,-13580,-5064,6776,-541,202,-62,0
979.8406140804292,8464,6488,11480,-71,-205,158,7300,-9356,10432,255,44,-256,-13576,4432,6048,-1086,172,-224,-13732,-5164,6812,-535,248,-108,0
979.874207019806,8484,6592,11424,-58,-192,137,7316,-9324,10420,104,28,-273,-13608,4488,5968,-1074,169,-125,-13888,-5004,6736,-563,256,-77,0
979.907252073288,8568,6560,11424,-68,-196,200,7368,-9424,10352,103,60,-202,-13616,4520,5848,-1114,205,-151,-13616,-4716,6636,-645,241,-133,0
979.9408569335938,8612,6448,11428,51,-195,225,7320,-9460,10232,100,42,-146,-13764,4448,5916,-1201,144,-153,-13756,-4912,6716,-719,505,-100,0
979.974391937256,8540,6412,11048,64,-195,257,7196,-9348,10256,164,5,-114,-13396,4404,5828,-1205,193,-184,-13752,-4980,6928,-734,194,-67,0
980.0076689720154,8520,6548,11356,49,-157,312,7164,-9420,10432,158,-11,-85,-13576,4200,5860,-1298,216,-138,-13764,-5072,6620,-744,218,-36,0
980.0407299995422,8648,6596,11272,15,-152,322,7260,-9244,10348,162,-117,-143,-13528,4236,5708,-1236,348,-189,-13756,-5164,6752,-719,216,28,0
980.074296951294,8600,6612,11296,4,-258,353,7412,-9144,10720,123,-103,-221,-13660,4120,6092,-1225,294,-238,-13828,-5172,6628,-653,305,-51,0
980.1076560020448,8648,6584,11140,5,-317,270,7464,-9172,10436,161,79,-281,-13740,4208,6184,-1185,224,-291,-13816,-5224,6504,-697,321,-56,0
980.140860080719,8656,6428,11444,31,-302,223,7412,-9132,10664,124,31,-188,-13696,4156,6128,-1256,231,-177,-13800,-5188,6652,-714,228,-79,0
980.1743829250336,8656,6724,11180,29,-8,244,7488,-9192,10404,122,-23,-178,-13664,4272,5932,-1251,225,-173,-13868,-5064,6512,-635,237,-81,0
980.2078149318696,8860,6636,11152,-35,-246,12,7296,-9212,10368,171,-57,-147,-13760,4100,5972,-1189,252,-113,-13976,-5132,6608,-631,154,-33,0
980.2413630485536,8784,6624,11184,-59,-187,267,7376,-9180,10364,157,-29,-85,-13612,4340,5896,-1194,259,-123,-13836,-5040,6608,-646,123,-31,0
980.2786240577698,8596,6596,11216,-81,-150,317,7328,-9216,10368,172,-68,-100,-13644,4064,5888,-1166,198,-124,-13840,-5112,6492,-629,144,-254,0
980.3136429786682,8620,6668,11140,-74,-191,300,7444,-9128,10412,136,-32,-128,-13648,4036,5996,-1150,215,-132,-13884,-5236,6620,-630,152,-20,0
980.3492960929872,8628,6672,11048,-81,-281,511,7344,-9112,10464,76,-21,-151,-13680,4016,6104,-1147,222,-149,-13828,-5304,6604,-559,146,-16,0
980.3848650455476,8676,6884,11068,-171,-256,510,7412,-9016,10476,46,-37,-160,-13676,4064,6016,-1032,223,-117,-13776,-5088,6448,-530,88,-32,0
980.4201250076294,8504,6660,11068,-195,-207,230,7388,-8988,10280,15,23,-127,-13692,3920,6096,-1077,158,-71,-13836,-5264,6468,-494,67,-100,0
980.4553320407867,8672,6588,11012,-145,-62,145,7444,-9192,10328,24,110,-154,-13668,4028,5852,-1015,102,-56,-13776,-5184,6512,-762,94,-185,0
980.4907839298248,8596,6488,11252,-105,43,15,7408,-8968,10192,-42,508,-155,-13476,4036,5892,-953,24,-67,-13732,-5020,6612,-511,141,-275,0
980.5261390209198,8624,6420,10940,-116,184,-62,7392,-9032,10356,21,227,-143,-13640,4308,5768,-1001,24,-1,-13896,-4936,6568,-583,55,-367,0
980.5622789859772,8868,6424,10952,-153,368,-118,7460,-9020,10156,-56,270,-50,-13668,4008,5752,-959,-152,35,-13868,-5036,6440,-540,-11,-368,0
980.5981969833374,8744,6528,11408,-219,217,-44,7364,-9000,10340,29,440,-28,-13568,4180,6136,-898,-148,245,-14068,-5088,6656,-578,123,-339,0
980.6335740089415,8732,6672,11584,-140,193,-253,7396,-9396,10672,-11,270,-23,-13740,4380,6208,-1062,-72,80,-13956,-5128,6432,-650,-42,-279,0
980.6693930625916,8952,6632,11304,28,295,22,7384,-9288,10372,-77,197,76,-13648,4596,6344,-1042,-149,142,-14032,-5308,6644,-747,-192,-365,0
980.7039661407472,8552,6620,11020,97,377,21,7300,-9204,10460,-88,291,154,-13388,4276,5948,-1040,-235,216,-13656,-5152,6780,-725,-265,-404,0
980.7399699687958,8208,6668,11056,27,428,-30,7120,-9344,10256,-20,23,182,-13512,4200,6096,-787,-304,164,-13636,-5320,6816,-601,-184,-473,0
980.7749309539796,8516,6488,11400,-49,428,-82,7168,-9256,10472,-81,482,140,-13596,4156,6188,-895,-373,136,-13688,-5488,6796,-625,-151,-505,0
980.8104860782624,8440,6772,11544,-119,342,-145,7184,-9168,10648,-62,485,-22,-13568,4064,6044,-783,-338,42,-13524,-5160,6532,-527,-73,-500,0
980.8459351062776,8248,6748,11516,-50,1,-195,7252,-9140,10248,-122,720,-175,-13492,4008,6312,-807,-209,-113,-13584,-5500,6556,-537,135,-414,0
980.8813381195068,8424,6772,11056,-75,41,-150,7268,-9052,10372,-54,287,-267,-13588,4116,6140,-889,-97,-159,-13636,-5236,6516,-465,259,-334,0
980.9161670207976,8536,6816,11264,-16,-21,-124,7268,-9172,10684,-13,249,-303,-13632,4172,6028,-883,-86,-180,-13840,-5332,6172,-488,281,-311,0
980.9521241188048,8640,6648,11220,-19,-27,-94,7528,-9264,10744,7,343,-227,-13748,4272,6012,-1043,-88,-131,-13928,-5176,6604,-535,213,-327,0
980.9857540130616,8588,6716,11212,11,88,-90,7256,-9176,10484,17,365,-131,-13712,4540,6100,-1115,-162,-79,-13784,-5048,6760,-629,70,-399,0
981.0191140174866,8732,6604,11224,57,212,-27,7424,-9368,10556,139,233,102,-13596,4272,5884,-1227,-98,5,-13728,-5244,6728,-702,-64,-314,0
981.0522830486298,8672,6408,11488,78,304,81,7244,-9288,10152,42,341,154,-13392,4384,6376,-1151,-234,131,-13448,-5620,6780,-673,-172,-323,0
981.0857450962068,8264,6720,11412,21,347,58,7152,-9292,10480,103,274,112,-13452,4244,6288,-1054,-95,86,-13564,-5404,6844,-584,-164,-289,0
981.119199037552,8444,6668,11396,7,280,71,7068,-9360,10712,-33,273,68,-13260,4316,6156,-1077,-136,89,-13632,-5544,6700,-525,-48,-221,0
981.1524300575256,8240,6876,11356,-106,159,100,7016,-9192,10516,-55,367,63,-13364,4568,6300,-1075,-149,118,-13540,-5572,6608,-653,5,-292,0
981.185966014862,7936,6864,11416,-88,167,37,6980,-9404,10640,20,313,72,-13444,4284,6212,-1138,-51,39,-13536,-5464,6824,-696,9,-305,0
981.2196209430696,8120,6788,11604,7,97,32,6808,-9328,10568,61,217,-87,-13340,4292,6332,-1068,-64,-72,-13776,-5628,6900,-581,105,-298,0
981.2532720565796,7960,6928,11544,-31,79,16,6912,-9196,10628,73,298,-137,-13424,4248,6312,-1119,-59,-58,-13784,-5528,6896,-605,143,-272,0
981.2869081497192,8372,6836,11460,-95,39,18,7040,-9384,10484,80,414,-117,-13432,4328,6440,-939,-126,-32,-13712,-5540,7028,-623,20,-508,0
981.3200979232788,8128,6936,11676,-76,58,87,6708,-9440,10780,162,256,-78,-13640,4132,6352,-1000,115,-87,-13724,-5684,6664,-639,-249,-278,0
981.3536400794984,8396,7148,11552,-35,-108,78,6864,-9336,10632,123,263,-132,-13312,4288,6424,-1030,-41,-161,-13532,-5420,6860,-586,100,-230,0
981.3873469829559,8192,7132,11148,-13,-105,80,7124,-9120,10868,254,273,-235,-13440,4168,6348,-1060,-24,-89,-13660,-5588,6908,-641,88,-302,0
981.4207530021667,8340,6808,11144,-24,-6,23,7136,-9116,10476,136,301,-113,-13588,4236,6276,-1064,-40,-54,-13404,-5476,6464,-652,54,-296,0
981.4542889595032,8240,6788,11280,14,30,31,7008,-9120,10520,124,172,-112,-13524,4308,6312,-1081,-57,-108,-13716,-5600,6648,-551,26,-279,0
981.4879150390624,8336,7152,11148,-35,27,22,6976,-9092,10240,28,401,-149,-13476,4548,6196,-1161,-70,-93,-13608,-5624,6588,-259,43,-315,0
981.5210840702056,8256,6676,11284,-165,37,-65,7156,-9156,10512,-28,434,-152,-13488,4160,6232,-931,-147,-45,-13580,-5384,6884,-460,72,-311,0
981.5543451309204,8324,7016,11296,-169,48,-92,6928,-9096,10696,249,357,-130,-13280,4140,6420,-954,-48,-39,-13492,-5468,6744,-466,49,-250,0
981.5878591537476,8036,6948,11528,-172,-22,-48,6856,-9392,10600,5,237,-200,-13232,4336,6368,-1007,-25,-57,-13372,-5512,6824,-464,138,-162,0
981.621356010437,7892,6876,11432,-153,-98,76,6704,-9192,10740,-1,145,-175,-13160,4356,6344,-1075,109,-124,-13468,-5680,6672,-495,156,-99,0
981.654701948166,8092,7012,11416,-129,-96,141,6812,-8992,10720,-38,64,-187,-13252,4228,6208,-1039,179,-69,-13432,-5672,6820,-473,143,-62,0
981.6882030963898,8020,6876,11420,-182,-104,130,6784,-9320,10552,-84,102,-181,-13268,4348,6460,-967,196,-67,-13408,-5404,6832,-507,211,-109,0
981.7217440605164,8096,6852,11420,-201,-167,147,6864,-9104,10584,8,235,-207,-13104,4044,6376,-1075,112,-122,-13396,-5700,6804,-443,247,-92,0
981.7553539276124,8096,7004,11024,-135,-218,103,6836,-9028,10516,-119,2,-2,-13264,4068,6324,-937,145,-104,-13416,-5732,6656,-391,167,-44,0
981.7890341281892,8088,7052,11316,-326,-244,72,6912,-9052,10684,-232,162,-380,-13300,4312,6272,-745,225,-147,-13604,-5700,6680,-213,238,89,0
981.8224279880524,8152,7044,11344,-462,-279,79,6924,-9144,10540,-298,32,-368,-13316,4236,6416,-822,292,-120,-13740,-5676,6676,-158,224,47,0
981.8559830188752,8328,6656,11408,-453,-160,46,7072,-9424,10880,-142,132,-328,-13572,4316,6648,-821,173,-55,-13824,-5684,6776,-276,165,-94,0
981.889533996582,8256,6876,11684,-332,-60,34,7080,-9296,10636,-145,211,-269,-13468,4276,6220,-797,59,-60,-13568,-5556,6740,-354,174,-142,0
981.9227020740508,8112,6692,11500,-213,-145,12,6876,-9280,10576,-166,173,-286,-13528,4540,5924,-873,46,-159,-13532,-5232,6764,-387,282,-117,0
981.959186077118,8204,6740,11488,-294,-226,59,6772,-9168,10572,-78,152,-301,-13288,4344,6200,-930,157,-124,-13404,-5568,6796,-341,299,-47,0
981.9945290088654,8072,6900,11300,-297,-168,93,6784,-9296,10748,-87,54,-306,-13232,4244,6368,-955,250,-140,-13820,-5600,6832,-312,272,-9,0
982.0302951335908,8436,6916,11444,-276,-200,114,6916,-9312,10728,-147,15,-301,-13412,4348,6576,-900,204,-119,-13628,-5520,6824,-340,188,-60,0
982.065460920334,8224,6904,11324,-242,-160,69,6876,-9248,10568,-241,163,-275,-13388,4308,6472,-767,122,-86,-13580,-5616,6764,-340,190,-87,0
982.100888967514,8252,6760,11520,-269,-168,9,7024,-9144,10556,-227,235,-317,-13344,4276,6100,-760,62,-66,-13580,-5448,6664,-310,150,-127,0
982.1358749866486,8320,6740,11296,-320,-112,-15,6996,-9376,10480,-281,212,-330,-13428,4228,6220,-712,83,-75,-13768,-5404,6712,-187,141,-96,0
982.1712050437928,8304,6760,11480,-426,-100,-22,7148,-9232,10412,-200,291,-321,-13420,4292,6104,-696,130,-80,-13584,-5360,6828,-191,0,-76,0
982.2073531150818,8124,6808,11468,-492,-196,8,6928,-9264,10260,-176,147,-387,-13480,4320,6312,-812,244,-153,-13680,-5440,6752,-228,300,-255,0
982.2429411411285,8108,6812,11632,-350,-334,73,7008,-9452,10504,-189,129,-430,-13480,4456,6264,-856,1,-216,-13644,-5496,6908,-276,384,12,0
982.2786419391632,8252,6688,11264,-323,-384,132,6732,-9252,10712,-154,77,-417,-13408,4428,6384,-871,233,-196,-13656,-5448,6976,-318,332,22,0
982.3138461112976,8224,6804,11380,-508,-290,152,6796,-9248,10468,-155,43,-362,-13480,4416,6292,-880,228,-201,-13680,-5428,6824,-329,230,245,0
982.3496401309968,7936,6716,11480,-305,-230,98,6892,-9268,10624,-157,85,-319,-13448,4260,6328,-842,204,-116,-13648,-5480,6792,-347,246,21,0
982.3848171234132,8304,6736,11392,-288,-196,108,7016,-9332,10536,-65,103,-310,-13460,4272,6280,-894,201,-155,-13644,-5376,6776,-387,238,-25,0
982.4201300144196,8316,6652,11504,-251,-180,114,7236,-9348,10328,-40,139,-255,-13468,4296,6076,-946,106,-103,-13724,-5124,6852,-401,216,-10,0
982.4553320407867,8336,6676,11508,-261,-137,134,7120,-9292,10532,-35,128,-228,-13496,4424,6328,-916,129,-66,-13732,-5384,6840,-397,150,-31,0
982.4910271167756,8352,6792,11460,-207,-153,127,6968,-9360,10464,-150,110,-250,-13412,4352,6080,-917,172,-113,-13584,-5296,6752,-416,141,-27,0
982.5275509357452,8288,6732,11384,-199,-172,127,7028,-9260,10444,-114,54,-210,-13408,4332,6248,-900,180,-74,-13616,-5240,6476,-443,186,-38,0
982.5624561309816,8356,6640,11252,-121,-127,182,7076,-9228,10464,-98,-29,-186,-13476,4324,6036,-990,229,-76,-13728,-5192,6640,-477,167,-57,0
982.5997560024261,8420,6556,11484,-135,-120,176,7132,-9396,10328,-49,22,-188,-13528,4360,6064,-1069,203,-79,-13808,-5340,6984,-475,128,-76,0
982.6332440376282,8484,6836,11412,-145,-5,102,7412,-9276,10488,11,158,-179,-13748,4352,6172,-986,-2,-17,-13808,-5352,6708,-494,78,-182,0
982.6667959690094,8408,6612,11328,-132,-29,33,7324,-9372,10708,33,207,-111,-13408,4288,6100,-1053,-24,-17,-13812,-5220,6780,-257,96,-167,0
982.7002160549164,8296,6408,11348,-157,-25,73,6912,-9348,10640,59,181,-138,-13448,4580,6344,-1099,55,-88,-13532,-5320,6876,-548,158,-153,0
982.7338221073152,8072,6892,11712,-115,-134,104,6804,-9320,10596,-19,146,-195,-13368,4372,6212,-977,44,-166,-13500,-5384,6820,-540,243,-126,0
982.7672951221466,8172,6452,11328,-107,-184,112,6828,-9456,10420,-33,81,-235,-13292,4096,6192,-1069,168,-201,-13524,-5488,6896,-520,214,-124,0
982.8007380962372,8424,6700,11468,-88,-139,92,6936,-9052,10248,-5,72,-275,-13408,4352,6452,-1018,172,-134,-13632,-5340,6812,-515,181,-111,0
982.8342950344086,8244,6468,11672,-88,-110,103,7104,-9196,10596,-10,112,-215,-13484,4264,6152,-994,138,-108,-13696,-5500,6732,-493,153,-131,0
982.8678810596466,8268,6712,11364,-156,-109,83,7132,-9152,10648,-41,154,-223,-13348,4148,6628,-855,26,-97,-13588,-5480,6400,-459,154,-171,0
982.901242017746,8320,6812,11032,-137,-72,69,7104,-9208,10672,-66,167,-252,-13528,4316,6012,-1005,76,-119,-13688,-5412,6660,-478,127,-116,0
982.9347989559174,8324,6736,11308,-127,-104,69,6980,-9256,10608,-36,159,-190,-13408,4220,6296,-1004,57,-139,-13672,-5152,6472,-521,171,-170,0
982.9684250354768,8288,6724,11312,-126,-72,98,7144,-9264,10512,-9,153,-158,-13388,4232,6220,-1052,95,-94,-13716,-5364,6732,-513,143,-149,0
983.0018589496611,8352,6724,11200,-83,-66,83,7160,-9392,10560,-70,88,-167,-13504,4224,6332,-1015,66,-34,-13684,-5364,6828,-480,152,-147,0
983.035614013672,8372,6760,11432,-160,-4,88,7048,-9428,10732,-32,155,-164,-13444,4244,6252,-929,74,-58,-13716,-5332,6700,-486,112,-137,0
983.0693609714508,8312,6760,11520,-169,-8,115,7012,-9288,10256,-7,161,-156,-13496,4104,6184,-1006,107,-27,-13692,-5408,6864,-452,137,-116,0
983.1025550365448,8156,6732,11436,-166,-63,129,7028,-9252,10540,-50,133,-129,-13484,4336,6376,-1052,133,-86,-13624,-5408,6860,-465,106,-116,0
983.1358830928804,8180,6700,11688,-138,-74,118,6972,-9436,10576,-75,124,-140,-13132,4604,6172,-977,114,-47,-13616,-5380,6848,-462,98,-118,0
983.1694750785828,8004,6700,11428,-131,-76,119,6972,-9328,10532,-64,182,-135,-13432,4132,6256,-1012,92,-26,-13656,-5296,6820,-480,128,-109,0
983.2030439376832,8204,6732,11532,-141,-46,105,6916,-9304,10464,-26,140,-179,-13396,4472,6272,-1038,117,-63,-13540,-5416,6804,-505,153,-84,0
983.2368230819702,8172,6672,11648,-127,-70,119,7044,-9308,10492,-30,84,-211,-13460,4376,6204,-1017,115,-141,-13748,-5300,7124,-541,173,-108,0
983.270318031311,8288,6684,11444,-132,-113,117,7028,-9344,10520,-49,39,-170,-13396,4396,6396,-971,118,-102,-13672,-5552,6852,-515,159,-131,0
983.3038721084596,8320,6820,11492,-156,-90,100,7012,-9352,10720,-18,124,-212,-13484,4192,6336,-1010,119,-116,-13460,-5596,6892,-470,190,-99,0
983.3374011516572,8168,6784,11412,-164,-112,113,6916,-9292,10568,9,156,-192,-13336,4588,6232,-932,56,-96,-13724,-5436,6816,-257,184,-144,0
983.3710539340972,8328,6756,11200,-153,-118,104,7068,-9340,10584,-44,142,-190,-13392,4288,5888,-1008,86,-76,-13600,-5384,6744,-533,154,-125,0
983.4044239521028,8016,6832,11396,-129,-91,94,7108,-9300,10580,-33,51,-242,-13436,4284,6564,-943,80,-106,-13632,-5320,6720,-500,176,-79,0
983.4381310939788,8248,6748,11512,-143,-131,127,6936,-9464,10604,-94,164,-174,-13376,4324,6036,-1034,107,-123,-13672,-5484,6752,-467,187,-94,0
983.4715139865876,8252,6760,11488,-171,-112,118,7036,-9260,10432,-39,133,-180,-13540,4308,6312,-989,103,-87,-13612,-5396,6776,-515,139,-135,0
983.5050020217896,8284,6856,11340,-105,-66,96,7052,-9336,10588,-19,127,-203,-13464,4340,6124,-1003,95,-85,-13700,-5428,6824,-478,111,-121,0
983.5385990142822,8304,6824,11344,-138,-60,102,7068,-9256,10476,-23,138,-181,-13464,4176,6216,-997,49,-62,-13724,-5348,6752,-445,129,-95,0
983.5721690654756,8284,6828,11348,-127,-97,109,7044,-9264,10540,-64,175,-157,-13452,4352,6084,-988,107,-99,-13784,-5204,6884,-521,124,-89,0
983.6056809425354,8428,6672,11316,-139,-101,109,7160,-9308,10276,-31,56,-167,-13452,4364,6220,-1031,125,-107,-13588,-5332,6800,-494,140,-99,0
983.6423280239104,8016,6724,11456,-138,-77,152,7072,-9344,10484,41,54,-190,-13464,4276,6292,-1013,151,-125,-13700,-5468,6908,-486,136,-93,0
983.678766965866,8308,6644,11340,-135,-78,136,7088,-9308,10460,-76,145,-169,-13444,4580,6120,-965,134,-90,-13584,-5292,6760,-519,129,-131,0
983.713634967804,8232,6664,11324,-115,-62,83,7060,-9336,10480,-13,238,-185,-13288,4420,6176,-1093,145,-94,-13628,-5324,6796,-259,153,-114,0
983.7492771148682,8252,6668,11436,-95,-38,111,7204,-9348,10528,-249,109,-200,-13476,4368,6288,-1079,76,-78,-13376,-5480,6820,-460,194,-123,0
983.789628982544,8364,6852,11672,-119,-75,89,7144,-9200,10496,-13,329,-189,-13448,4156,6344,-1042,55,-81,-13712,-5340,6848,-512,115,-160,0
983.8250241279602,7988,6716,11464,-116,-59,67,6948,-9364,10508,-9,180,-175,-13084,4400,6092,-778,85,-13,-13712,-5392,6676,-560,86,-140,0
983.8606560230256,8300,6736,11392,-130,-54,146,6964,-9320,10508,-37,82,-169,-13332,4200,6168,-965,170,-99,-13608,-5608,6796,-466,156,-57,0
983.8961069583892,8212,6672,11368,-177,-115,204,7124,-9352,10500,-57,46,-221,-13392,4120,6460,-986,197,-114,-13660,-5476,6728,-447,191,-69,0
983.9318809509276,8340,6752,11416,-177,-180,149,7104,-9284,10648,-50,103,-196,-13516,4376,6260,-1005,147,-118,-13644,-5576,6676,-530,186,-120,0
983.9678521156312,8000,6832,11336,-136,-106,110,7108,-9372,10592,-47,92,-188,-13404,4244,6340,-1062,109,-101,-13700,-5580,6860,-531,129,-185,0
984.0034589767456,8388,6752,11488,-128,-79,90,7088,-9236,10532,-19,140,-162,-13408,4256,6300,-995,73,-58,-13628,-5324,6720,-531,125,-146,0
984.038831949234,8240,6756,11460,-155,-88,91,7120,-9372,10628,12,195,-157,-13452,4300,6600,-1016,65,-96,-13544,-5484,6752,-762,143,-122,0
984.0739569664001,8240,6776,11440,-160,-129,124,7020,-9272,10648,-50,155,-128,-13552,4332,6056,-1275,107,-88,-13712,-5492,6736,-476,127,-68,0
984.1098201274872,8268,6792,11472,-135,-132,146,7104,-9420,10552,-124,215,-158,-13468,4364,6044,-1088,165,-82,-13600,-5124,6868,-475,112,-101,0
984.1449530124664,8316,6712,11444,-132,-144,163,6980,-9376,10716,4,159,-217,-13444,4312,6284,-1065,151,-110,-13568,-5408,6792,-440,191,-48,0
984.1808321475984,8280,6780,11448,-122,-109,157,7112,-9316,10536,254,54,-191,-13448,4316,6300,-1053,169,-101,-13616,-5332,6800,-520,159,-109,0
984.2171771526336,8348,6884,11508,-127,-138,101,6996,-9436,10572,-34,147,-186,-13520,4576,6220,-995,90,-96,-13680,-5412,7096,-489,154,-135,0
984.2525110244752,8268,6748,11420,-83,-84,91,7068,-9260,10736,-24,119,-155,-13416,4388,6212,-1013,77,-51,-13640,-5176,6904,-525,82,-140,0
984.2886710166932,8184,6732,11392,-62,-31,111,7084,-9348,10332,-17,123,-161,-13348,4368,6184,-1006,77,-55,-13588,-5152,6892,-511,130,-134,0
984.3221590518951,8288,6684,11488,-112,-87,103,7108,-9268,10648,-31,129,-163,-13432,4336,5924,-1016,73,-67,-13800,-5196,6848,-535,131,-142,0
984.3556859493256,8336,6800,11332,-122,-104,97,7080,-9252,10548,-55,153,-171,-13524,4436,6376,-1025,59,-59,-13648,-5172,6808,-538,159,-131,0
984.3891379833221,8296,6740,11392,-107,-96,113,7080,-9316,10440,-23,137,-177,-13440,4320,6292,-1034,112,-101,-13584,-5444,6448,-768,176,-172,0
984.4225389957428,8196,6716,11612,-84,-99,111,7072,-9296,10476,-15,116,-188,-13208,4336,6184,-999,131,-110,-13572,-5620,6840,-532,159,-100,0
984.4562170505524,8336,6680,11332,-112,-87,105,6960,-9308,10408,-17,131,-179,-13320,4216,6160,-1274,145,-118,-13704,-5272,6804,-506,141,-128,0
984.4899740219116,8276,6760,11264,-89,-54,116,7136,-9324,10356,-32,116,-154,-13316,4304,6212,-994,118,-91,-13660,-5408,6920,-491,143,-98,0
984.5234799385072,8304,6780,11440,-121,-66,137,7148,-8992,10728,-23,99,-174,-13452,4260,6192,-1014,89,-92,-13712,-5532,6708,-506,167,-129,0
984.5572469234468,8372,6728,11344,-124,-91,108,7128,-9224,10520,-76,151,-189,-13484,4284,6244,-1016,63,-41,-13624,-5520,6736,-505,147,-149,0
984.5907969474791,8332,7116,11380,-133,-70,79,7084,-9220,10572,-38,161,-170,-13340,4300,6320,-770,80,-82,-13660,-5392,6860,-493,143,-128,0
984.624053955078,8272,6864,11348,-138,-76,102,7000,-9316,10288,-14,145,-179,-13524,4272,6376,-1021,143,-108,-13624,-5432,6832,-519,145,-108,0
984.6573071479796,8232,6780,11492,-132,-81,123,7080,-9180,10284,-16,110,-198,-13428,4296,6224,-1026,121,-105,-13664,-5356,6764,-499,170,-101,0
984.6907551288604,8328,6740,11476,-122,-95,122,7044,-9304,10592,-29,99,-182,-13372,4396,6036,-1010,113,-47,-13620,-5320,6796,-260,147,-127,0
984.7242350578308,8216,6732,11360,-123,-62,99,7084,-9348,10736,-44,129,-189,-13428,4140,6312,-770,93,-76,-13716,-5376,6860,-265,159,-105,0
984.757835149765,8308,6852,11700,-103,-92,131,6996,-9288,10596,-32,214,-197,-13360,4384,6360,-1053,148,-135,-13560,-5396,6692,-502,210,-94,0
984.7913110256196,8204,6740,11508,-115,-135,155,6996,-9284,10536,-9,100,-202,-13432,4116,6268,-1007,180,-131,-13748,-5160,6724,-512,201,-68,0
984.8248410224916,8264,6712,11468,-114,-141,151,7096,-9220,10448,-44,90,-192,-13560,4312,6316,-999,136,-85,-13588,-5412,6708,-503,128,-110,0
984.858510017395,8308,6764,11324,-109,-110,132,7084,-9316,10544,253,131,-174,-13508,4452,6112,-1014,120,-52,-13676,-5268,6696,-512,127,-92,0
984.8916380405426,8188,6820,11244,-115,-94,141,7400,-9404,10468,-76,109,-167,-13476,4324,6156,-770,86,-97,-13660,-5396,6880,-511,152,-132,0
984.936972141266,8268,6800,11420,-120,-107,112,7084,-9320,10456,-37,129,-217,-13520,4240,6188,-995,97,-99,-13596,-5192,6804,-461,180,-140,0
984.9819390773772,8144,6844,11536,-136,-114,70,7092,-9236,10492,-74,142,-230,-13472,4236,6208,-955,71,-144,-13732,-5544,6700,-505,167,-184,0
985.0218930244446,8376,6740,11476,-113,-137,45,7168,-9312,10568,-46,160,-197,-13448,4100,6248,-978,22,-141,-13824,-5336,6764,-498,177,-163,0
985.0555081367492,8280,6748,11724,-90,-116,85,6656,-9072,10488,-9,166,-179,-13412,4256,6004,-1279,50,-107,-13624,-5224,6800,-514,125,-120,0
985.0889160633088,8232,6776,11224,-60,-74,79,7056,-9312,10276,-23,175,-172,-13404,4292,6360,-1040,72,-36,-13576,-5404,6884,-521,128,-137,0
985.1223909854888,8324,6800,11232,-149,-44,80,7028,-9160,10480,55,161,-179,-13456,4260,6364,-1018,131,-69,-13624,-5192,6800,-528,134,-117,0
985.155524969101,8284,6784,11448,-97,-46,126,7100,-9380,10520,-3,140,-119,-13460,4368,6264,-1065,73,-40,-13728,-5452,6704,-590,101,-145,0
985.189253091812,8252,6744,11388,-34,-26,191,7056,-9388,10300,-4,61,-85,-13424,4548,5984,-1014,161,-22,-13688,-5400,6908,-554,54,-53,0
985.2230999469756,8320,6708,11312,-108,-30,194,7128,-9284,10360,-103,54,-121,-13392,4312,6280,-850,107,-81,-13584,-5468,6864,-450,75,-51,0
985.2567579746246,8312,6804,11292,-157,-79,135,7116,-9336,10380,-125,149,-189,-13552,4156,6372,-926,103,-103,-13744,-5464,6652,-460,175,-110,0
985.290176153183,8276,6764,11400,-216,-114,81,7016,-9260,10840,18,217,-236,-13500,4216,6224,-1005,61,-111,-13540,-5384,6716,-527,214,-189,0
985.3273720741272,8368,6852,11164,-118,-106,39,7048,-9292,10400,-48,173,-228,-13356,4252,6140,-1001,25,-135,-13344,-5392,6780,-531,189,-180,0
985.3629410266876,8296,6752,11352,-121,-130,53,7076,-8976,10496,11,148,-229,-13384,4160,6424,-993,45,-121,-13376,-5476,6820,-461,170,-152,0
985.398733139038,8128,6836,11392,-139,-99,96,7096,-9328,10620,-9,147,-183,-13424,4364,6000,-992,53,-71,-13608,-5400,6828,-758,111,-132,0
985.4339399337767,8420,6860,11380,-46,-57,92,7144,-9280,10572,-74,111,-140,-13456,4424,6228,-1000,58,-53,-13756,-5364,6664,-588,41,-156,0
985.4699890613556,8376,6828,11496,-40,55,88,7116,-9304,10340,-37,62,-79,-13340,4280,6212,-1006,70,34,-13652,-5364,6696,-550,12,-169,0
985.5055980682372,8228,6760,11464,-111,81,138,7024,-9296,10544,-38,123,-69,-13448,4272,6136,-989,90,-22,-13820,-5412,6800,-477,118,-121,0
985.541829109192,8304,6876,11376,-140,-41,117,7104,-9328,10740,-65,202,-205,-13588,4284,6644,-914,-30,-96,-13600,-5408,6824,-531,187,-182,0
985.5780560970308,8376,6824,11308,-123,-75,69,7136,-9228,10340,-37,164,-191,-13448,4272,6380,-1007,37,-110,-13564,-5384,6664,-532,198,-195,0
985.6136541366576,8320,6860,11432,-97,-32,40,7144,-9304,10636,-10,173,-238,-13376,4260,6204,-1015,60,-92,-13356,-5472,6812,-763,193,-180,0
985.6490061283112,8108,6864,11260,-133,-47,57,7056,-9220,10452,-10,166,-201,-13408,4264,6380,-994,80,-94,-13572,-5212,6876,-478,159,-142,0
985.6845200061798,8156,6896,11392,-151,-49,56,6980,-9280,10528,-46,199,-162,-13416,4288,6348,-961,58,-57,-13696,-5372,6724,-488,119,-136,0
985.7199320793152,8348,6804,11464,-186,-18,58,7120,-9272,10508,-23,170,-141,-13356,4368,6348,-1017,77,-54,-13668,-5416,6904,-474,128,-82,0
985.7553861141204,8236,7164,11264,-183,-64,150,6964,-9304,10628,47,153,-172,-13320,4296,6280,-1019,202,-90,-13360,-5456,6788,-472,201,-250,0
985.7909169197084,8264,6928,11424,-179,-159,227,7012,-9376,10416,-58,82,-207,-13384,4212,6164,-987,197,-133,-13676,-5412,6916,-487,275,-8,0
985.8261909484864,8204,6792,11328,-195,-175,247,7020,-9340,10616,-55,82,-506,-13456,4340,6376,-985,240,-106,-13632,-5288,6824,-487,227,-10,0
985.861855983734,8336,6748,11324,-203,-185,222,7100,-9020,10452,-7,126,-173,-13364,4288,6264,-1007,228,-106,-13484,-5440,6880,-459,186,-252,0
985.8976171016692,8396,6700,11496,-281,-123,210,7016,-9308,10492,15,104,-173,-13424,4264,6312,-1006,206,-93,-13624,-5392,6964,-457,142,-5,0
985.9325389862059,8328,6884,11400,-236,-105,202,6956,-9300,10528,-253,108,-154,-13432,4160,6548,-992,207,-105,-13652,-5372,6824,-469,178,-20,0
985.9686369895936,8228,6764,11340,-3,-165,189,7148,-9348,10400,0,111,-234,-13556,4216,6200,-1002,197,-112,-13668,-5404,6692,-454,229,-69,0
986.0020201206208,8228,6888,11456,-205,-165,161,7020,-9280,10404,-8,105,-509,-13496,4192,6044,-987,223,-129,-13608,-5392,6736,-474,226,-43,0
986.0355980396272,8272,6748,11368,-225,-244,156,7016,-9224,10404,-29,127,-275,-13768,4264,6164,-970,198,-168,-13656,-5424,6752,-414,263,-75,0
986.0693049430848,8412,6748,11392,-263,-226,106,7124,-9040,10624,-5,128,-294,-13528,4268,6272,-962,182,-172,-13704,-5304,6752,-432,255,-80,0
986.1026499271392,8412,6764,11636,-238,-190,115,7108,-9308,10480,17,135,-238,-13464,4264,6348,-995,156,-129,-13668,-5260,6652,-422,217,-45,0
986.1359789371492,8244,6800,11340,-211,-174,115,7128,-9152,10684,10,142,-213,-13556,4260,6188,-999,167,-112,-13760,-5408,6672,-442,218,-43,0
986.1695950031279,8300,6788,11516,-208,-137,139,7056,-9364,10628,3,117,-217,-13528,4348,5944,-1022,162,-112,-13696,-5420,6688,-483,218,-45,0
986.2029271125793,8280,6756,11440,-187,-154,148,7044,-9304,10524,-22,66,-188,-13456,4284,6268,-958,171,-84,-13676,-5264,6800,-513,148,-55,0
986.2366399765016,8332,6784,11340,-133,-148,164,6968,-9284,10592,-28,80,-182,-13400,4420,5964,-1042,187,-135,-13596,-5132,6664,-547,172,-77,0
986.2701971530914,8292,6652,11252,-124,-148,178,7016,-9332,10252,12,76,-163,-13380,4168,6108,-1043,180,-114,-13688,-5256,6736,-523,181,-57,0
986.3035249710084,8324,6720,11316,-170,-135,178,7096,-9196,10528,9,85,-176,-13396,4336,6016,-1133,508,-62,-13608,-5412,6672,-767,164,-18,0
986.337198972702,8296,6744,11384,-151,-121,204,7088,-9348,10428,-28,57,-171,-13404,4344,6152,-1040,184,-47,-13688,-5260,6792,-533,137,-44,0
986.370733976364,8376,6612,11336,-120,-88,184,7308,-9240,10432,-4,40,-145,-13420,4348,6188,-1043,159,-127,-13564,-5604,6420,-566,155,-90,0
986.4037339687347,8452,6680,11240,-139,-60,169,7096,-9224,10440,0,108,-134,-13388,3852,5900,-1017,144,-54,-13648,-5320,6820,-529,98,-108,0
986.437432050705,8364,6640,11028,-116,-87,116,7096,-9192,10392,-72,102,-151,-13456,4264,5936,-975,95,-66,-13680,-5368,6500,-525,120,-161,0
986.4710659980774,8352,6740,11500,-127,-22,45,7292,-9208,10440,-42,153,-165,-13328,4228,6168,-955,46,-29,-13636,-5332,6868,-511,116,-210,0
986.5044960975648,8444,6756,11360,-122,38,30,7108,-9188,10480,26,189,-146,-13476,4228,5984,-1008,16,-39,-13672,-5388,6668,-264,108,-186,0
986.5384349822998,8220,6816,11428,-143,78,26,7100,-8992,10708,23,180,-136,-13420,4196,6272,-970,38,-28,-13636,-5380,6848,-759,53,-232,0
986.5718591213226,8248,6860,11392,-139,47,10,7056,-9188,10580,-31,171,-136,-13404,4272,6220,-965,41,-68,-13740,-5388,6664,-525,90,-164,0
986.6053760051728,8256,6776,11576,-117,-22,53,6956,-9272,10616,-40,141,-190,-13448,4196,6132,-975,67,-78,-13584,-5436,6824,-491,117,-152,0
986.6386549472808,8340,6728,11324,-106,-32,78,7048,-9248,10604,-41,147,-168,-13392,4364,6208,-999,82,-55,-13812,-5360,6720,-483,144,-122,0
986.6719429492952,8316,6836,11464,-134,-37,107,7064,-9248,10404,-65,135,-167,-13472,4336,6472,-845,-13,-32,-13628,-5128,6776,-468,111,-112,0
986.7052800655364,8216,6716,11452,-138,-22,69,7056,-9372,10552,-92,214,-182,-13432,4280,6344,-942,29,-71,-13632,-5312,6676,-522,53,-145,0
986.7388229370116,8336,6908,11452,-109,-4,76,7040,-9324,10416,-75,87,-132,-13472,4300,6308,-952,57,-36,-13652,-5280,6864,-518,82,-108,0
986.7721741199493,8300,6780,11684,-108,15,79,7080,-9312,10280,-49,190,-137,-13376,4376,6240,-1050,82,-53,-13620,-5444,6844,-496,145,-146,0
986.8057250976564,8348,6724,11396,-123,-29,65,7112,-9008,10716,-1,161,-210,-13544,4220,6040,-980,38,-40,-13732,-5308,6704,-537,130,-173,0
986.8394250869752,8276,6844,11424,-100,-24,49,7056,-9272,10580,-50,154,-150,-13396,4276,6164,-1014,38,-28,-13736,-5356,6924,-544,108,-160,0
986.8729529380798,8288,6784,11364,-78,-34,52,7024,-9308,10568,-60,122,-143,-13460,4400,6228,-939,-14,-132,-13676,-5336,6976,-557,94,-184,0
986.906105041504,8388,6736,11364,-61,-29,83,7032,-9228,10400,-46,136,-148,-13572,4296,6188,-1016,55,-56,-13680,-5444,6896,-492,102,-131,0
986.9399631023408,8216,6700,11416,-97,-24,108,7056,-9364,10512,-28,114,-123,-13332,4344,6316,-1013,49,-7,-13576,-5408,6896,-499,137,-136,0
986.9734210968018,8236,6720,11472,-114,-27,99,7060,-9368,10620,-68,113,-153,-13372,4412,6252,-983,60,-14,-13768,-5368,6776,-553,58,-167,0
987.0102500915527,8324,6756,11360,-108,-60,84,7132,-9252,10520,-39,180,-160,-13460,4384,6392,-1079,6,-88,-13600,-5384,6752,-545,136,-173,0
987.0455451011658,8264,6792,11060,-92,-31,99,7080,-9000,10528,-247,125,-143,-13364,4220,6360,-1063,29,-68,-13584,-5600,6492,-558,116,-166,0
987.0817670822144,8260,6824,11188,-60,-36,92,7120,-9152,10664,-50,185,-149,-13496,4224,6492,-1009,70,-50,-13684,-5572,6712,-518,83,-161,0
987.1176910400392,8228,6864,11400,-145,-41,68,7092,-9224,10652,-46,106,-144,-13372,4284,6396,-964,69,-33,-13700,-5372,6792,-473,113,-115,0
987.1533551216125,8244,6828,11348,-146,-10,116,7112,-9084,10480,-4,105,-126,-13396,4276,6184,-1012,192,-10,-13588,-5408,6780,-510,156,-71,0
987.1886670589448,8264,6764,11144,-118,-37,164,7400,-9320,10560,-57,15,-125,-13384,4360,6296,-990,144,-42,-13656,-5472,6796,-491,126,-84,0
987.2242391109468,8304,6844,11364,-132,-53,149,7068,-9352,10408,-94,110,-142,-13504,4368,6236,-1009,122,-39,-13756,-5400,6832,-531,87,-138,0
987.2597949504852,8328,6764,11372,-128,-63,103,7052,-9324,10580,-65,149,-150,-13456,4120,6212,-1009,77,-48,-13668,-5416,6764,-494,128,-133,0
987.295485019684,8232,6788,11316,-143,-55,103,7096,-9344,10364,-20,163,-158,-13456,4280,6208,-1022,61,-108,-13628,-5512,6764,-509,153,-136,0
987.3311290740968,8188,6712,11392,-97,-74,106,7012,-9256,10436,-24,126,-188,-13472,4292,6104,-1005,81,-74,-13604,-5140,6668,-519,168,-117,0
987.3670809268951,7956,6824,11340,-128,-78,118,7016,-9264,10524,-25,130,-179,-13412,4388,6340,-1009,101,-116,-13764,-5216,6864,-486,127,-107,0
987.4019420146942,7960,6668,11456,-130,-26,132,7012,-9348,10516,-22,132,-167,-13500,4492,6192,-1014,117,-101,-13640,-5132,6760,-506,170,-110,0
987.4375360012056,8200,6724,11432,-156,-61,143,7004,-9268,10580,-28,127,-221,-13368,4360,6240,-1015,128,-88,-13736,-5396,6848,-478,205,-76,0
987.4735591411592,8396,6792,11272,-169,-93,163,6960,-9348,10604,8,97,-187,-13412,4344,6176,-1019,154,-150,-13636,-5460,6740,-547,200,-67,0
987.508845090866,8180,6848,11344,-128,-139,127,7016,-9328,10836,-9,103,-171,-13408,4396,6412,-1021,149,-46,-13576,-5616,6872,-539,159,-84,0
987.5437910556792,8252,6876,11340,-155,-90,187,7000,-9268,10396,-12,92,-167,-13472,4272,6232,-980,136,-94,-13652,-5316,6656,-515,149,-101,0
987.5798809528352,8440,6804,11400,-182,-46,147,7112,-9308,10432,-8,106,-152,-13348,4240,6540,-989,164,-39,-13648,-5412,6788,-486,169,-71,0
987.614993095398,8248,6836,11324,-177,-74,126,7068,-9260,10484,-26,130,-186,-13444,4280,6464,-989,141,-88,-13344,-5356,6892,-491,184,-98,0
987.6521499156952,8240,6816,11492,-150,-87,116,7108,-9368,10484,-59,117,-205,-13464,4296,6180,-979,154,-64,-13708,-5436,6772,-513,144,-102,0
987.6857490539552,8380,6768,11432,-175,-77,108,7164,-9356,10456,-35,165,-197,-13460,4296,6236,-1007,90,-80,-13668,-5352,6872,-487,145,-130,0
987.7192039489746,8340,6836,11252,-150,-68,123,7048,-9452,10636,8,175,-180,-13452,4260,6268,-980,88,-85,-13656,-5484,6784,-468,147,-116,0
987.7528669834136,8284,6796,11444,-175,-74,96,7136,-9368,10592,-66,185,-207,-13436,4348,6152,-923,69,-84,-13780,-5328,6840,-453,151,-130,0
987.7864470481871,8408,6872,11400,-192,-9,52,7000,-9304,10544,-50,171,-211,-13364,4100,6320,-948,82,-90,-13656,-5192,6404,-433,181,-144,0
987.8199720382692,8180,6664,11464,-175,-38,56,7024,-9372,10428,14,166,-194,-13448,4388,6564,-984,81,-109,-13588,-5428,6716,-456,171,-141,0
987.8537819385527,8200,6768,11600,-161,-40,80,7012,-9180,10348,-29,153,-184,-13420,4300,6184,-979,106,-74,-13584,-5404,6664,-448,112,-160,0
987.8871359825134,8312,6844,11684,-162,-58,84,7152,-9304,10504,-52,176,-183,-13540,4352,6300,-897,40,-90,-13584,-5396,7084,-490,154,-151,0
987.9204330444336,8184,6804,11456,-161,-79,114,7024,-9380,10640,-58,120,-183,-13096,4100,6356,-996,116,-99,-13712,-5132,6848,-479,172,-101,0
987.954043149948,8300,6740,11512,-198,-92,122,6924,-9240,10532,-16,119,-176,-13396,4492,6056,-989,144,-116,-13696,-5240,6700,-494,165,-75,0
987.9876320362092,8356,6868,11356,-149,-99,130,7032,-9224,10564,-75,117,-168,-13428,4360,6284,-974,123,-86,-13680,-5328,6908,-496,166,-91,0
988.020744085312,8352,6808,11324,-124,-131,134,7064,-9356,10524,-2,113,-195,-13496,4452,5996,-976,157,-91,-13640,-5276,6700,-512,175,-79,0
988.0543749332428,8328,6796,11484,-201,-115,155,7132,-9308,10536,-250,155,-198,-13548,4108,6156,-1007,178,-138,-13704,-5616,6700,-468,238,-44,0
988.0879280567168,8372,6764,11292,-192,-177,189,7020,-9328,10592,-3,108,-230,-13484,4312,6304,-997,206,-204,-13668,-5424,6856,-482,224,-49,0
988.121395111084,8116,6712,11404,-175,-211,193,7140,-9256,10388,-42,80,-232,-13408,4276,6216,-1002,190,-158,-13636,-5588,6736,-489,239,-83,0
988.1548509597778,8224,6764,11488,-202,-212,163,7024,-9288,10528,-11,100,-257,-13352,4348,6012,-996,181,-166,-13332,-5340,6760,-469,220,-53,0
988.188169002533,8280,6772,11504,-193,-198,137,7108,-9244,10528,-18,125,-260,-13512,4348,6308,-989,158,-143,-13592,-5468,6828,-440,258,-58,0
988.2217321395874,8200,6828,11500,-188,-212,148,7032,-9296,10480,-5,135,-509,-13380,4364,6092,-1005,157,-158,-13640,-5436,6840,-473,222,-95,0
988.255362033844,8256,6832,11432,-187,-176,124,7052,-9308,10504,-7,88,-262,-13436,4292,6380,-997,172,-152,-13592,-5400,6860,-474,215,-76,0
988.2889411449432,8308,6744,11292,-172,-192,139,7096,-9436,10512,-20,106,-221,-13368,4500,6296,-1001,161,-138,-13656,-5316,6828,-472,228,-76,0
988.322368144989,8300,6660,11268,-210,-211,167,7052,-9276,10588,7,90,-238,-13464,4536,6080,-1011,164,-152,-13656,-5308,6748,-468,244,-28,0
988.3560509681702,8360,6412,11264,-203,-190,181,7148,-9000,10520,-18,104,-219,-13404,4220,6552,-1019,204,-96,-13604,-5308,6820,-456,187,-2,0
988.3896260261536,8396,6760,11404,-186,-198,198,7060,-9304,10444,-51,118,-232,-13520,4228,6188,-976,220,-121,-13624,-5204,6780,-457,205,-32,0
988.4231181144714,8276,6636,11344,-212,-184,183,7172,-9320,10460,-14,92,-237,-13476,4288,6052,-945,235,-161,-13732,-5248,6704,-442,176,-13,0
988.456654071808,8404,6840,11372,-232,-163,192,7232,-9040,10356,10,99,-200,-13324,4572,6108,-942,160,-143,-13760,-5324,6776,-446,152,-49,0
988.4902579784393,8412,6712,11036,-204,-140,157,7104,-9056,10504,2,67,-216,-13480,4544,6084,-984,158,-69,-13656,-5316,6800,-453,131,-91,0
988.5237419605256,8380,6784,11216,-221,-94,108,7048,-9164,10416,17,116,-175,-13444,4260,6132,-985,182,-80,-13592,-5304,6692,-525,107,-106,0
988.5574929714204,8240,6692,11444,-229,-51,127,7032,-9276,10440,-70,71,-189,-13396,4260,6116,-935,191,-74,-13620,-5280,6808,-510,141,-125,0
988.590940952301,8388,6576,11488,-188,-67,116,6916,-9132,10412,-47,131,-212,-13504,4308,6260,-931,159,-115,-13652,-5172,6692,-529,198,-147,0
988.6242201328278,8664,6576,11340,-148,-31,111,7356,-9152,10284,-48,139,-181,-13540,4256,6196,-1014,131,-80,-13728,-5272,6408,-538,149,-139,0
988.6573119163512,8468,6732,11312,-146,-28,86,6952,-9260,10440,-10,155,-169,-13388,4332,6020,-983,136,-70,-13788,-5188,6704,-492,131,-129,0
988.6942989826204,8352,6716,11336,-182,25,78,7276,-9364,10420,-19,151,-150,-13324,4280,6088,-997,133,-78,-13764,-5288,6764,-537,156,-136,0
988.729521036148,8240,6672,11724,-126,-9,102,7156,-9024,10508,-43,114,-152,-13536,4336,6100,-1041,68,-55,-13696,-5352,6848,-585,116,-173,0
988.7647531032562,8392,6708,11488,-86,-256,104,7128,-9236,10464,-53,133,-125,-13508,4220,6308,-1007,47,-18,-13640,-5132,6764,-573,115,-184,0
988.80286693573,8316,6668,11448,-104,37,84,7120,-9288,10604,-12,165,-126,-13488,4240,6316,-1007,59,-67,-13716,-5544,6748,-527,99,-188,0
988.8392751216888,8396,6740,11244,-137,22,55,7072,-9296,10544,-30,179,-121,-13384,4356,6216,-986,54,-14,-13704,-5156,6972,-525,140,-196,0
988.8741431236268,8316,6884,11264,-101,12,67,7116,-9276,10564,-51,165,-132,-13412,4236,6164,-1014,46,-65,-13676,-5280,6780,-522,93,-149,0
988.9098420143127,8280,6664,11608,-140,-28,72,7008,-9280,10532,-60,139,-168,-13484,4396,6060,-939,58,-24,-13676,-5324,6832,-527,99,-173,0
988.945582151413,8348,6700,11340,-112,-32,77,7184,-9292,10400,-58,159,-153,-13404,4580,6312,-1004,-9,-23,-13688,-5308,6848,-527,106,-168,0
988.9817929267883,8324,6688,11488,-159,0,80,7056,-9432,10668,-17,110,-125,-13512,4376,6144,-1042,62,-256,-13720,-5348,6888,-538,89,-149,0
989.0181150436401,8444,6656,11388,-82,253,113,7028,-9264,10540,2,119,-114,-13456,4312,6240,-1047,63,-43,-13748,-5420,6728,-548,67,-144,0
989.0533010959624,8264,6652,11444,-89,-16,94,7200,-9332,10460,-35,134,-117,-13520,4196,6180,-913,-9,-40,-13724,-5424,6752,-500,78,-165,0
989.0887849330902,8384,6720,11376,-103,27,96,7156,-9032,10540,-39,138,-141,-13404,4368,6156,-1280,61,-49,-13644,-5292,6788,-479,132,-109,0
989.1235990524292,8280,6692,11364,-77,-6,115,6964,-8992,10500,-256,142,-96,-13428,4316,6224,-1099,75,-69,-13604,-5396,6800,-451,71,-131,0
989.1593310832976,8276,6760,11352,-86,-20,109,7056,-9124,10368,-5,150,-109,-13392,4252,6264,-1068,53,-19,-13600,-5444,6808,-457,67,-121,0
989.1944601535796,8232,6844,11452,-104,-70,57,7144,-9308,10728,-97,117,-124,-13424,4300,6132,-1014,40,-55,-13708,-5368,6736,-465,122,-172,0
989.2302169799804,8236,6812,11672,-132,-43,55,7144,-9324,10524,-32,202,-174,-13480,4268,6148,-1017,7,-69,-13612,-5364,6744,-461,158,-143,0
989.2656450271608,8188,6772,11408,-158,-49,88,6976,-9224,10416,-23,182,-147,-13424,4336,6228,-1052,55,-73,-13608,-5436,6524,-495,219,-148,0
989.3012030124664,8288,6696,11428,-136,-108,89,7076,-9004,10548,250,152,-188,-13500,4380,6216,-1279,95,-69,-13752,-5492,6696,-461,163,-104,0
989.337422132492,8208,6768,11472,-172,-83,97,7056,-9340,10528,24,146,-192,-13500,4376,6328,-994,134,-101,-13568,-5164,6760,-443,247,-47,0
989.3710689544678,8128,6856,11572,-210,-168,172,6980,-9440,10632,24,118,-232,-13372,4284,6344,-1040,195,-151,-13660,-5596,6704,-460,274,-4,0
989.404309988022,8240,6864,11400,-129,-263,206,6996,-9280,10304,-61,87,-265,-13396,4120,6264,-1011,227,-194,-13712,-5392,6860,-466,229,17,0
989.4380300045013,8144,6768,11520,-118,-268,210,6984,-9040,10452,-89,69,-279,-13272,4276,6180,-977,236,-184,-13624,-5352,6816,-475,218,250,0
989.4716341495514,8252,6692,11468,-149,-273,182,7056,-9256,10424,-48,76,-269,-13388,4284,6304,-978,241,-165,-13628,-5356,6936,-440,2,-19,0
989.5049090385436,8268,6572,11332,-200,-249,207,7136,-9384,10492,-5,118,-281,-13504,4132,6192,-1025,251,-162,-13584,-5324,6700,-447,496,-19,0
989.5384161472319,8316,6684,11188,-155,-260,201,7156,-9360,10556,11,92,-247,-13576,4408,6312,-1052,186,-145,-13684,-5328,6652,-474,12,-25,0
989.571937084198,8480,6716,11196,-156,-229,164,7384,-9136,10340,20,63,-253,-13380,4244,6232,-1007,201,-190,-13668,-5256,6672,-472,243,-18,0
989.6055989265442,8288,6876,11396,-177,-232,163,7156,-9228,10260,-32,-57,-303,-13524,4228,6024,-775,220,-165,-13700,-5172,6412,-470,217,-48,0
989.6391439437866,8452,6680,11276,-171,-231,171,7248,-9164,10472,244,82,-236,-13316,4172,6116,-1016,150,-142,-13748,-5328,6720,-485,197,-118,0
989.672658920288,8396,6620,11148,-126,-163,123,7244,-9164,10372,-24,131,-201,-13492,4200,5916,-1045,92,-70,-13636,-5252,6676,-258,179,-156,0
989.7059910297394,8352,6688,11012,-111,-5,80,7148,-9200,10356,-3,166,-116,-13440,4160,6204,-1016,45,-39,-13720,-5324,6684,-521,68,-212,0
989.7397220134736,8696,6680,11512,-146,34,30,7208,-9224,10480,-30,215,-122,-13564,4264,6000,-1275,12,-47,-13816,-5232,6872,-452,102,-206,0
989.773458957672,8524,6680,11384,-196,95,50,7128,-9252,10432,38,190,-125,-13456,4244,6176,-1030,66,-49,-13704,-5328,6684,-461,123,-175,0
989.8072209358215,8292,6820,11464,-137,30,58,7032,-9312,10568,249,174,-134,-13488,4288,6260,-989,71,-40,-13676,-5380,6684,-462,121,-134,0
989.8407509326936,8248,6768,11488,-144,-20,107,7044,-9452,10624,-31,119,-158,-13512,4360,6124,-1025,82,-48,-13704,-5468,6660,-474,148,-103,0
989.8743159770966,8264,6648,11556,-120,-114,111,6936,-9344,10568,-99,110,-219,-13076,4448,6368,-993,91,-67,-13476,-5288,6856,-257,143,-113,0
989.9076011180878,8216,6660,11172,-76,-85,122,6980,-9224,10472,-75,148,-198,-13328,4368,6100,-988,151,-103,-13548,-5288,6788,-474,172,-109,0
989.9411809444427,8276,6620,11336,-126,-61,144,6940,-9184,10440,-32,118,-186,-13412,4248,6084,-1023,142,-128,-13660,-5332,6784,-767,177,-107,0
989.9748520851136,8196,6748,11672,-140,-68,107,7104,-9288,10596,-66,111,-212,-13480,4364,6316,-998,137,-106,-13724,-5372,6744,-764,172,-90,0
990.0083661079408,8496,6672,11296,-123,-72,102,7200,-9268,10420,-72,123,-185,-13656,4340,6316,-989,102,-58,-13688,-5316,6736,-768,120,-139,0
990.041836977005,8548,6632,11496,-146,-86,85,7252,-9264,10480,-55,183,-167,-13576,4160,6380,-986,47,-48,-13748,-5340,6724,-489,160,-127,0
990.0755350589752,8192,6708,11280,-159,-76,125,7056,-9320,10596,0,130,-190,-13460,4268,6212,-1042,108,-94,-13548,-5260,6824,-462,197,-114,0
990.1091771125793,8328,6668,11516,-151,-101,117,7112,-9252,10292,-21,106,-208,-13480,4284,6192,-1028,137,-103,-13624,-5348,6732,-479,204,-95,0
990.1423399448396,8308,6712,11336,-159,-94,114,7108,-9328,10384,-29,139,-223,-13416,4340,6144,-998,145,-106,-13776,-5328,6664,-516,185,-61,0
990.1758511066436,8408,6696,11368,-138,-95,131,7064,-9320,10520,-23,124,-177,-13812,4300,6308,-1016,102,-60,-13668,-5268,6784,-499,141,-116,0
990.2094960212708,8424,6752,11348,-103,-28,100,7084,-9244,10260,-18,144,-164,-13464,4220,6196,-1019,70,-61,-13664,-5440,6856,-528,124,-157,0
990.2428159713744,8316,6780,11332,-141,-30,90,7112,-9188,10500,253,197,-150,-13496,4268,6124,-1013,17,-54,-13588,-5364,6672,-491,96,-142,0
990.2764389514924,8340,6724,11404,-150,-52,82,6956,-9292,10560,-27,179,-166,-13408,4188,6124,-980,102,-85,-13660,-5436,6856,-467,148,-108,0
990.3101060390472,8288,6748,11396,-209,-60,118,7028,-9264,10560,-53,140,-160,-13400,4288,5976,-938,144,-83,-13684,-5384,6764,-480,124,-114,0
990.3434751033784,8364,6700,11328,-143,-120,100,7060,-9272,10708,-78,118,-195,-13560,4124,6068,-977,130,-115,-13656,-5220,6736,-504,167,-127,0
990.3814461231232,8448,6716,11252,-151,-106,79,7164,-9444,10716,-24,163,-162,-13488,4292,6080,-976,40,-52,-13732,-5608,6800,-500,124,-175,0
990.4175689220427,8264,6800,11276,-184,250,87,7124,-9160,10552,-6,190,-186,-13532,4204,5956,-990,91,-75,-13660,-5572,6772,-478,161,-140,0
990.452849149704,8280,6676,11436,-187,-103,78,7060,-9368,10452,-68,180,-213,-13528,4372,6220,-949,54,-108,-13792,-5316,7132,-461,148,-107,0
990.4876599311827,8384,6684,11488,-143,-78,43,7160,-9236,10476,-19,153,-198,-13552,4496,6232,-962,52,-37,-13644,-5260,6856,-470,126,-179,0
990.5236239433287,8448,6728,11468,-150,-74,53,7044,-9220,10392,-34,196,-156,-13428,4316,6092,-1027,80,-91,-13644,-5336,6804,-458,94,-148,0
990.5593500137328,8204,6416,11636,-154,-26,92,7040,-9276,10548,-51,108,-145,-13504,4304,6236,-1035,99,-37,-13640,-5256,6768,-499,99,-90,0
990.5945250988008,8320,6728,11768,-173,-54,141,7040,-9316,10572,-39,111,-139,-13528,4112,6128,-998,130,-61,-13732,-5132,6772,-521,113,-98,0
990.6306099891664,8256,6668,11444,-108,-52,142,7024,-9284,10624,-255,110,-144,-13368,4316,6176,-1037,131,-46,-13640,-5340,6680,-559,158,-108,0
990.6656930446624,8292,6664,11204,-95,-50,179,7032,-9376,10440,5,102,-175,-13488,4248,6180,-1057,121,-99,-13396,-5512,6700,-553,150,-120,0
990.701828956604,8300,6736,11320,-115,-131,134,7052,-9240,10472,-21,99,-200,-13764,4256,6328,-1006,76,-120,-13716,-5416,6840,-767,157,-130,0
990.7380199432372,8408,6648,11292,-123,-56,79,7124,-9260,10484,-59,169,-190,-13432,4308,6272,-965,73,-67,-13728,-5180,6844,-485,103,-141,0
990.7733421325684,8216,6760,11460,-180,-65,82,7032,-9264,10480,-31,192,-174,-13388,4332,6356,-964,75,-87,-13680,-5304,6752,-450,159,-125,0
990.809273004532,8280,6756,11368,-188,-108,100,7084,-9288,10524,-51,136,-215,-13380,4356,6076,-972,81,-114,-13640,-5160,6784,-454,181,-144,0
990.8450419902802,8208,6864,11468,-165,-102,98,7032,-9240,10684,-67,166,-213,-13464,4372,6324,-969,97,-124,-13644,-5288,6676,-474,201,-136,0
990.8806569576263,8232,6740,11468,-172,-103,82,6992,-9312,10696,-29,121,-215,-13540,4300,6288,-1002,108,-137,-13648,-5264,6668,-471,167,-80,0
990.915580034256,8288,6752,11332,-128,-122,114,7024,-9284,10276,-29,111,-198,-13512,4332,6128,-971,143,-80,-13692,-5336,6824,-520,149,-109,0
990.9512560367584,8316,6660,11492,-113,-86,130,7064,-9276,10452,-30,93,-171,-13520,4096,6080,-1016,122,-109,-13640,-5364,6856,-506,154,-111,0
990.9871690273284,8372,6756,11284,-134,-54,107,7132,-9284,10372,-16,111,-156,-13560,4316,6080,-1043,154,-19,-13728,-5332,6752,-504,91,-117,0
991.0230429172516,8336,6660,11408,-136,-62,124,7152,-9308,10540,-23,112,-136,-13548,4208,6084,-1009,118,-97,-13384,-5332,6860,-504,127,-113,0
991.0566210746764,8352,6680,11280,-149,-77,114,7184,-9312,10456,-20,134,-173,-13416,4332,6004,-1007,93,-90,-13668,-5260,6848,-504,143,-104,0
991.090126991272,8216,6700,11516,-143,-114,137,7420,-9260,10700,-39,137,-167,-13480,4244,6036,-989,116,-116,-13640,-5284,6808,-493,151,-102,0
991.1237640380859,8328,6668,11424,-158,-129,134,7096,-9292,10544,1,125,-204,-13604,4344,6216,-1005,95,-88,-13652,-5264,6768,-765,193,-146,0
991.1570770740508,8292,6900,11444,-143,-75,98,7024,-9172,10376,-252,109,-199,-13408,4292,6088,-1008,128,-110,-13644,-5396,6736,-765,131,-146,0
991.1905901432036,8288,6784,11396,-119,-84,93,7404,-9232,10508,-37,164,-194,-13556,4104,6228,-1002,85,-102,-13660,-5428,6648,-499,152,-164,0
991.2238459587096,8324,6744,11644,-130,-56,70,7136,-9272,10492,-43,151,-183,-13376,4260,6212,-966,61,-124,-13704,-5592,6744,-266,139,-130,0
991.2572429180144,8280,6604,11328,-119,-14,70,7140,-9344,10380,-27,163,-188,-13488,4352,6192,-1004,91,-88,-13608,-5320,6848,-500,146,-126,0
991.2907559871674,8352,6744,11428,-99,-63,92,7388,-9256,10592,-20,148,-171,-13496,4276,6396,-1006,58,-76,-13604,-5296,6716,-495,90,-137,0
991.3242139816284,8292,6704,11348,-144,-50,114,7128,-9280,10364,-45,141,-156,-13500,4264,6124,-1000,49,-33,-13596,-5256,6764,-513,62,-172,0
991.357841014862,8384,6632,11408,-141,-16,90,7124,-9284,10488,-46,163,-124,-13296,4396,6160,-985,101,-68,-13504,-5220,6872,-506,80,-131,0
991.391154050827,8288,6772,11456,-142,-52,118,6992,-9300,10636,-22,127,-176,-13316,4300,6252,-1019,140,-83,-13356,-5580,6656,-505,209,-124,0
991.4244940280914,8268,6664,11348,-108,-85,176,6960,-9288,10560,-27,58,-199,-13488,4104,6308,-1073,201,-65,-13604,-5332,6776,-570,233,-81,0
991.4581210613252,8336,6688,11512,-103,-137,171,7152,-9308,10564,-24,58,-189,-13512,4144,6224,-1024,145,-49,-13808,-5308,6820,-542,127,-110,0
991.4918229579926,8352,6812,11468,-121,-35,144,7136,-9240,10532,-2,87,-136,-13396,4308,6300,-1008,132,-69,-13684,-5344,6756,-503,97,-101,0
991.5254471302031,8276,6664,11640,-162,-53,116,6932,-9320,10644,17,170,-155,-13556,4324,6252,-1016,63,-122,-13764,-5344,6736,-516,170,-127,0
991.5590081214904,8248,6700,11480,-131,-62,125,7048,-9328,10556,9,139,-188,-13408,4248,6180,-1037,107,-117,-13608,-5284,6784,-547,140,-101,0
991.5923700332642,8236,6660,11404,-98,-115,112,7020,-9224,10516,-18,120,-193,-13472,4292,5904,-1021,102,-87,-13616,-5368,6724,-534,136,-131,0
991.6256721019744,8272,6768,11340,-127,-110,90,7100,-9084,10440,-35,126,-221,-13428,4240,6172,-984,103,-114,-13640,-5340,6772,-489,177,-142,0
991.6589810848236,8260,6716,11396,-164,-79,67,7208,-9208,10580,-28,145,-223,-13512,4588,6200,-991,88,-141,-13772,-5324,6796,-501,179,-149,0
991.6926200389862,8392,6644,11416,-120,-93,76,7048,-9228,10412,-32,159,-191,-13472,4272,6148,-1003,80,-115,-13724,-5372,6784,-496,170,-175,0
991.7259750366212,8408,6760,11304,-112,-92,86,7028,-8996,10672,-3,163,-174,-13492,4284,6188,-1014,59,-101,-13684,-5352,6740,-492,141,-169,0
991.7595770359039,8368,6700,11308,-165,-36,84,7020,-9276,10544,3,161,-162,-13456,4204,6292,-1000,87,-44,-13676,-5404,6708,-493,145,-151,0
991.7928280830383,8260,6816,11400,-140,-90,106,7088,-9320,10736,-14,125,-179,-13476,4328,6280,-1011,102,-101,-13660,-5304,6872,-524,151,-132,0
991.8261649608612,8320,6788,11320,-127,-93,86,7024,-9244,10656,-35,151,-193,-13384,4388,6104,-1001,93,-109,-13556,-5524,6792,-262,179,-106,0
991.8598160743713,8280,6740,11476,-136,-99,131,7028,-9224,10592,-31,119,-217,-13348,4212,6324,-1014,130,-90,-13616,-5416,6816,-258,169,-101,0
991.8933401107788,8380,6796,11380,-165,-106,138,7028,-9320,10356,-42,128,-191,-13792,4152,6368,-988,135,-30,-13764,-5344,6760,-508,92,-106,0
991.9267470836639,8392,6768,11540,-55,-105,104,7052,-9240,10556,-74,105,-172,-13408,4408,6288,-1018,86,-16,-13752,-5392,6888,-498,65,-130,0
991.96023106575,8388,6660,11572,-27,-101,86,7140,-9220,10544,-84,133,-163,-13556,4296,6136,-1007,60,-94,-13612,-5320,6824,-571,118,-171,0
991.993844985962,8352,6796,11132,-40,-109,98,7040,-9240,10412,-1,143,-147,-13356,4248,5904,-1047,55,-119,-13560,-5364,6740,-502,152,-165,0
992.029904127121,8312,6796,11384,-135,-65,79,7004,-9444,10248,-37,142,-171,-13532,4324,6316,-1002,118,-93,-13628,-5264,6816,-468,129,-128,0
992.0649571418762,8408,6764,11296,-168,7,93,7116,-9328,10516,-6,113,-165,-13436,4316,6092,-997,94,-82,-13708,-5332,6824,-494,157,-134,0
992.1006741523744,8268,6880,11272,-108,-92,93,6972,-9344,10416,17,127,-175,-13420,4360,6304,-1001,65,-70,-13632,-5380,7064,-766,136,-156,0
992.1360449790956,8192,6736,11528,-108,-61,102,7032,-9284,10528,-41,151,-153,-13496,4144,6276,-958,94,-124,-13708,-5580,6760,-768,87,-142,0
992.1718730926514,8236,6756,11336,-157,-38,109,7380,-9292,10308,-36,184,-145,-13364,4152,6356,-992,75,-83,-13616,-5456,6768,-478,82,-112,0
992.2081999778748,8412,6756,11512,-174,-14,128,7000,-9276,10496,-20,142,-155,-13436,4112,6304,-1010,68,-63,-13576,-5404,6732,-519,162,-150,0
992.243327140808,8228,6796,11376,-131,-78,116,7032,-9296,10492,-30,116,-166,-13396,4220,5916,-984,108,-86,-13800,-5136,6708,-555,150,-109,0
992.2791991233826,8408,6804,11156,-117,-112,113,6964,-9228,10440,-27,100,-194,-13372,4304,6376,-773,109,-88,-13556,-5348,6712,-532,190,-109,0
992.31484913826,8300,6812,11288,-131,-73,144,7084,-9408,10552,-19,90,-192,-13408,4312,6148,-978,133,-79,-13556,-5380,6848,-556,197,-124,0
992.3501930236816,8340,6764,11412,-126,-122,112,7044,-9400,10548,-14,163,-203,-13484,4268,6312,-1000,72,-82,-13748,-5432,6772,-488,154,-130,0
992.3854141235352,8292,6644,11388,-124,-145,110,7144,-9364,10500,-25,162,-169,-13376,4324,6272,-988,67,-110,-13636,-5376,6848,-512,139,-145,0
992.4207689762115,8284,6784,11104,-65,-110,99,7064,-9240,10420,-74,130,-197,-13544,4300,6216,-980,60,-88,-13668,-5460,6760,-537,113,-179,0
992.4559500217438,8340,6764,11324,-81,-61,82,7100,-9272,10508,-28,148,-180,-13520,4296,6220,-986,50,-109,-13608,-5368,6780,-471,145,-156,0
992.4913399219512,8224,6728,11300,-142,-49,71,7088,-9324,10484,-36,162,-166,-13504,4228,6172,-998,72,-51,-13576,-5324,6764,-467,153,-156,0
992.527240037918,8296,6752,11416,-138,-55,71,6984,-9300,10540,-33,168,-181,-13452,4252,6272,-986,49,-109,-13532,-5476,6676,-452,156,-153,0
992.562467098236,8360,6796,11288,-127,-49,64,7056,-9268,10720,-24,187,-186,-13448,4392,6600,-738,-81,-95,-13740,-5204,6668,-499,177,-175,0
992.5981040000916,8316,6724,11432,-116,-55,60,7060,-9008,10624,-55,129,-185,-13420,4260,6336,-985,95,-100,-13804,-5352,6864,-505,132,-177,0
992.6332011222839,8276,6768,11384,-133,-48,97,6944,-9256,10504,-22,123,-169,-13344,4208,5972,-976,89,-47,-13732,-5404,6856,-466,173,-128,0
992.6682119369508,8136,6800,11444,-141,-63,128,6960,-9004,10284,-49,88,-177,-13368,4288,6164,-992,120,-36,-13540,-5344,6764,-512,149,-93,0
992.7041389942168,8228,6676,11432,-150,-92,124,7040,-9336,10480,-46,109,-164,-13488,4412,6160,-1008,136,-104,-13652,-5340,6832,-510,158,-79,0
992.7375979423524,8220,6768,11420,-134,-82,143,7016,-9232,10452,-22,110,-165,-13444,4352,6300,-1018,151,-117,-13608,-5192,6676,-767,151,-66,0
992.7712509632112,8260,6820,11352,-113,-60,128,7024,-9456,10544,-24,100,-163,-13476,4212,6216,-1015,147,-82,-13668,-5188,6796,-257,146,-107,0
992.8047709465028,8316,6768,11428,-128,-72,148,7316,-9280,10748,-59,105,-157,-13512,4284,6332,-953,145,-85,-13616,-5604,6860,-524,171,-88,0
992.8381431102752,8268,6792,11480,-179,-68,120,7020,-9220,10672,-28,64,-186,-13424,4344,5976,-991,148,-64,-13660,-5580,6796,-491,155,-119,0
992.8717200756072,8300,6800,11364,-164,-4,128,7112,-9228,10488,-26,162,-146,-13468,4332,6164,-1003,127,-82,-13656,-5432,6812,-504,151,-139,0
992.9049611091614,8328,6776,11304,-155,-27,109,7140,-9284,10264,0,135,-141,-13472,4280,6552,-1023,97,-84,-13600,-5420,6884,-483,65,-108,0
992.9385449886322,8356,6800,11408,-185,-37,92,6968,-9236,10532,-58,159,-159,-13456,4244,6224,-996,106,-84,-13540,-5372,6660,-485,119,-123,0
992.972092151642,8236,6728,11484,-187,-57,116,7072,-9220,10548,-65,108,-142,-13428,4340,6352,-1001,124,-97,-13588,-5332,6756,-468,177,-119,0
993.0058860778807,8252,6836,11676,-152,-46,90,7040,-9240,10720,-28,149,-172,-13448,4392,6180,-771,131,-68,-13536,-5608,6544,-481,209,-88,0
993.0393180847168,8128,6748,11440,-152,-126,133,7044,-9252,10560,-3,143,-217,-13388,4228,6292,-982,145,-173,-13644,-5568,6768,-490,11,-72,0
993.072669029236,8284,6860,11504,-193,-199,149,7008,-9256,10640,21,73,-278,-13408,4280,6316,-1002,229,-186,-13640,-5584,6876,-457,298,14,0
993.1062099933624,8216,6832,11424,-184,-255,187,6988,-9424,10416,245,83,-289,-13424,4372,6260,-990,231,-209,-13496,-5560,7040,-469,300,34,0
993.1392920017244,8264,6836,11432,-137,-298,240,7016,-9256,10544,-71,65,-252,-13188,4120,6324,-965,510,-140,-13696,-5140,6836,-438,260,82,0
993.1729049682616,8276,6736,11304,-152,-274,220,6904,-9264,10428,-89,60,-252,-13356,4528,6204,-967,261,-120,-13704,-5260,6816,-473,199,20,0
993.2067310810088,8232,6756,11648,-173,-246,246,7028,-9208,10460,-51,58,-224,-13412,4284,6020,-1017,264,-139,-13768,-5252,6748,-496,186,-245,0
993.2402229309082,8340,6692,11024,-172,-208,245,7064,-9396,10436,-8,82,-212,-13528,4272,6136,-1007,235,-138,-13820,-5188,6724,-496,239,17,0
993.2737929821014,8388,6800,11328,-173,-201,243,7256,-9296,10608,250,-31,-216,-13592,4164,6204,-1019,243,-135,-13784,-5240,6692,-522,1,246,0
993.307165145874,8248,6728,11332,-180,-223,229,7248,-9308,10524,-26,47,-238,-13540,4284,6304,-777,255,-130,-13664,-5236,6768,-518,261,-9,0
993.34037899971,8376,6732,11432,-190,-235,189,7288,-9256,10448,-53,62,-275,-13516,4156,6224,-1004,201,-141,-13740,-5132,6744,-458,264,-32,0
993.3739521503447,8328,6740,11412,-218,-2,187,7020,-9208,10556,-25,134,-275,-13476,4304,6108,-986,178,-199,-13728,-5156,6720,-433,258,-52,0
993.4074189662933,8472,6908,11436,-222,-220,141,7268,-9140,10240,-51,187,-247,-13560,4216,6244,-939,142,-125,-13620,-5280,6788,-425,182,-55,0
993.4407889842988,8356,6724,11268,-215,-186,115,7152,-9016,10388,-50,156,-220,-13556,4228,6156,-969,60,-122,-13604,-5604,6736,-440,151,-120,0
993.4741320610048,8316,6664,11316,-234,-84,99,7008,-9296,10492,-55,160,-222,-13540,4224,5968,-946,50,-64,-13628,-5256,6752,-412,136,-97,0
993.5077459812164,8344,6648,11388,-179,-83,85,7168,-9188,10500,-99,142,-186,-13320,4324,6180,-971,108,-95,-13712,-5160,6824,-454,133,-132,0
993.5412781238556,8328,6732,11292,-163,-76,73,7224,-9012,10740,-114,172,-229,-13440,4180,6132,-933,82,-103,-13660,-4952,6560,-467,167,-131,0
993.574739933014,8472,6612,11252,-198,-33,75,7232,-9236,10308,-38,167,-184,-13492,4128,6052,-958,77,-97,-13632,-5160,6824,-494,145,-153,0
993.6084361076356,8220,6656,11500,-137,-27,103,7068,-9176,10340,15,150,-135,-13560,4276,6112,-1001,71,-53,-13800,-5200,6692,-492,108,-135,0
993.641655921936,8444,6692,11264,-141,40,103,7100,-9252,10640,-33,106,-149,-13468,4488,6252,-1022,123,-253,-13672,-5256,6752,-515,76,-172,0
993.6752610206604,8456,6656,11268,-94,45,64,7240,-9328,10512,-122,111,-138,-13576,4268,6004,-973,60,-51,-13784,-5324,6724,-507,77,-194,0
993.7107501029968,8424,6684,11316,-98,18,35,7120,-9268,10476,-56,173,-137,-13616,4188,6132,-968,9,-42,-13764,-5180,6700,-500,98,-222,0
993.7458710670472,8268,6704,11360,-111,76,34,7064,-9236,10352,-13,180,-136,-13348,4236,6232,-1013,20,-62,-13768,-5328,6736,-489,78,-203,0
993.7813639640808,8332,6820,11420,-101,8,26,7060,-9016,10420,-52,193,-164,-13528,4332,6328,-961,31,-70,-13724,-5140,6860,-502,140,-196,0
993.8220479488372,8376,6692,11364,-154,1,64,7028,-9356,10452,-49,237,-150,-13452,4376,6204,-965,50,-56,-13648,-5356,6836,-525,76,-162,0
993.8575971126556,8368,6756,11324,-127,-1,68,7072,-9288,10532,-63,165,-153,-13100,4288,6108,-965,82,-13,-13644,-5320,6904,-477,80,-159,0
993.8933761119844,8324,6668,11372,-113,-14,85,7052,-9268,10532,-73,126,-142,-13388,4300,6276,-1017,87,-30,-13596,-5236,6744,-487,110,-114,0
993.9288759231567,8288,6768,11348,-98,-32,86,7116,-9380,10764,-82,121,-146,-13356,4228,6508,-935,50,-10,-13604,-5400,6896,-496,108,-157,0
993.9640409946442,8440,6756,11316,-140,-16,58,7100,-9280,10552,-55,168,-179,-13440,4328,6204,-966,52,-51,-13780,-5420,6848,-497,79,-165,0
993.9998030662535,8356,6740,11332,-135,-36,70,7112,-9276,10344,-66,139,-181,-13508,4300,6384,-972,28,-39,-13812,-5320,6780,-494,124,-162,0
994.0351030826567,8316,6688,11316,-124,-35,76,7100,-9316,10448,-40,165,-159,-13456,4356,6064,-969,33,-50,-13596,-5340,6800,-506,145,-164,0
994.0708301067352,8304,6720,11368,-110,-29,62,7180,-9280,10264,-43,163,-163,-13496,4208,5908,-982,56,-89,-13732,-5384,6800,-260,112,-164,0
994.1058909893036,8256,6748,11376,-99,-39,82,6912,-9300,10416,-42,150,-159,-13440,4392,6324,-968,84,-39,-13640,-5348,6792,-499,91,-148,0
994.141860961914,8296,6664,11312,-101,-43,66,7148,-9320,10300,-40,183,-181,-13416,4492,6220,-1005,54,-89,-13628,-5276,7008,-511,156,-156,0
994.1779761314392,8200,6812,11308,-139,-7,99,7096,-9208,10460,-49,198,-149,-13500,4476,6124,-1005,57,-42,-13648,-5376,6788,-493,142,-152,0
994.213406085968,8360,6764,11172,-148,-23,71,7152,-9224,10508,-24,192,-133,-13436,4272,6284,-972,57,-57,-13572,-5400,6816,-485,84,-158,0
994.2482521533966,8284,6824,11384,-130,-53,56,7252,-9256,10596,-88,246,-108,-13292,4324,6156,-941,50,-33,-13632,-5248,6880,-475,115,-159,0
994.283961057663,8296,6776,11292,-148,17,54,7064,-9392,10300,-39,228,-163,-13480,4364,6200,-961,43,-53,-13744,-5284,6732,-476,143,-148,0
994.3198609352112,8252,6764,11520,-127,-76,72,7008,-9284,10240,-35,160,-154,-13444,4360,6240,-967,45,-106,-13808,-5192,7160,-481,148,-153,0
994.3549950122832,8020,6732,11460,-129,-19,67,7028,-8984,10552,-77,223,-174,-13468,4404,6248,-979,53,-72,-13616,-5452,6880,-433,84,-151,0
994.390629053116,8248,6824,11372,-184,-48,84,7040,-9380,10604,-75,170,-185,-13424,4352,6228,-967,57,-58,-13628,-5268,6808,-479,123,-152,0
994.4241571426392,8176,6756,11380,-146,-82,78,7056,-9256,10584,-45,146,-188,-13420,4260,6108,-992,86,-70,-13656,-5376,6732,-498,154,-128,0
994.4577329158784,8248,6808,11452,-87,-78,85,7060,-9236,10252,-28,130,-201,-13452,4272,6016,-994,109,-63,-13616,-5320,6828,-485,144,-121,0
994.4913380146028,8384,6828,11488,-138,-85,94,7016,-8976,10564,-50,104,-209,-13536,4492,6104,-990,115,-106,-13692,-5176,7068,-468,164,-118,0
994.5246689319612,8240,6684,11348,-173,-70,118,7096,-9228,10552,-51,151,-159,-13380,4252,6168,-956,132,-41,-13772,-5376,6904,-492,137,-112,0
994.5584540367128,8320,6808,11492,-184,-32,99,7156,-9320,10552,-99,160,-159,-13548,4224,6236,-945,70,-7,-13676,-5576,6820,-449,135,-77,0
994.5920081138612,8224,6780,11532,-189,-57,110,7360,-9452,10492,-69,169,-159,-13360,4220,6096,-966,73,-25,-13736,-5528,6884,-472,107,-79,0
994.6255760192872,8292,6848,11440,-156,-64,125,7004,-9280,10568,-101,144,-169,-13420,4316,6260,-981,113,-43,-13684,-5532,6812,-472,118,-82,0
994.6589601039888,8296,6724,11348,-172,-72,107,7072,-9396,10332,-81,129,-162,-13448,4448,6252,-967,109,-78,-13652,-5352,6656,-469,127,-92,0
994.69247508049,8144,6724,11688,-214,-72,90,7028,-9348,10544,-32,148,-172,-13456,4536,6316,-979,106,-82,-13688,-5340,6756,-463,156,-108,0
994.7261090278625,8280,6728,11408,-204,-84,122,7044,-9272,10420,-53,127,-185,-13448,4316,6212,-987,134,-87,-13584,-5408,6784,-457,202,-96,0
994.7596740722656,8444,6716,11344,-192,-121,136,7000,-9408,10444,10,102,-229,-13432,4440,6256,-1007,201,-149,-13672,-5384,6872,-434,246,-61,0
994.7932651042938,8424,6768,11504,-222,-179,135,7060,-9428,10504,-11,147,-284,-13488,4348,6176,-975,158,-189,-13556,-5356,6980,-459,287,-71,0
994.8269290924072,7956,6780,11352,-182,-235,131,6992,-9268,10432,-40,160,-278,-13124,4372,6312,-935,188,-173,-13660,-5124,7036,-430,214,-76,0
994.8604509830476,8232,6804,11480,-204,-227,130,7096,-9276,10488,-64,132,-269,-13436,4392,6280,-933,167,-143,-13696,-5324,6808,-436,207,-52,0
994.8939459323884,8284,6892,11496,-235,-178,131,7100,-9300,10256,-18,124,-194,-13444,4348,6388,-976,136,-101,-13628,-5312,6752,-413,189,-77,0
994.927433013916,8192,6784,11380,-228,-157,147,7064,-9288,10528,21,133,-200,-13460,4372,6184,-991,161,-115,-13668,-5600,6812,-452,167,-92,0
994.9609999656676,8228,6672,11416,-220,-154,129,7076,-9356,10532,-31,144,-226,-13432,4432,6236,-978,138,-138,-13700,-5364,6900,-470,240,-61,0
994.994560956955,8228,6680,11432,-245,-163,138,7084,-9360,10456,10,116,-497,-13476,4544,6228,-968,148,-145,-13636,-5136,6728,-461,231,-64,0
995.0279109477996,8256,6772,11396,-209,-182,156,7048,-9248,10468,-20,99,-212,-13452,4268,6092,-997,200,-125,-13740,-5320,6808,-434,183,-47,0
995.0616400241852,8376,6780,11468,-218,-178,170,7084,-9188,10512,-40,91,-194,-13360,4324,6288,-1000,206,-89,-13724,-5316,6808,-460,143,-47,0
995.0952520370483,8364,6680,11276,-238,-165,166,7008,-9240,10624,-25,51,-212,-13476,4252,6276,-998,203,-64,-13592,-5408,6888,-450,156,-71,0
995.128734111786,8368,6720,11544,-197,-157,145,7104,-9312,10452,-48,117,-205,-13604,4540,6344,-988,133,-107,-13652,-5276,6804,-459,165,-76,0
995.161808013916,8336,6428,11348,-197,-150,144,7040,-9236,10512,-13,122,-206,-13404,4276,6244,-994,152,-131,-13392,-5236,6828,-474,183,-85,0
995.1955230236053,8292,6656,11248,-148,-122,152,7080,-9364,10488,-46,93,-218,-13400,4372,6288,-972,106,-104,-13672,-5248,6792,-464,149,-99,0
995.2290830612184,8296,6572,11264,-183,-126,130,7340,-9268,10404,-42,132,-188,-13408,4332,6276,-932,91,-68,-13652,-5252,6856,-489,138,-94,0
995.262638092041,8268,6648,11296,-165,-26,122,7140,-9372,10508,-47,134,-183,-13388,4104,5964,-964,128,-51,-13688,-5148,6724,-496,145,-130,0
995.2961721420288,8308,6404,11472,-156,-38,95,7008,-9364,10440,-44,140,-176,-13812,4572,6176,-973,108,-31,-13768,-5284,6708,-466,141,-129,0
995.3296239376068,8340,6700,11368,-153,-10,90,7160,-9284,10448,-36,108,-165,-13512,4380,6272,-1000,78,-77,-13664,-5188,6816,-482,151,-116,0
995.3630011081696,8336,6732,11260,-163,-26,114,6956,-9240,10416,-42,158,-164,-13524,4304,6144,-1013,77,-85,-13676,-5352,6908,-497,128,-171,0
995.3997061252594,8312,6652,11316,-129,-20,63,7100,-9468,10448,-74,204,-150,-13520,4536,6320,-954,19,-40,-13660,-5140,6936,-261,99,-213,0
995.4346001148224,8444,6676,11492,-118,26,24,7120,-9312,10500,-51,222,-164,-13384,4204,5960,-965,-23,-51,-13400,-5288,6892,-489,83,-210,0
995.4706110954284,8244,6756,11712,-117,37,-252,7020,-9332,10540,-41,186,-166,-13348,4332,6392,-980,-1,-31,-13624,-5584,6740,-465,127,-184,0
995.50585603714,8228,6672,11480,-159,10,48,7072,-9276,10644,-49,204,-154,-13444,4340,6468,-796,-24,-71,-13356,-5532,6880,-472,165,-144,0
995.5416920185088,8316,6784,11468,-154,-52,91,7008,-9380,10244,-76,124,-193,-13488,4336,6284,-834,-5,-77,-13676,-5288,6736,-467,129,-104,0
995.5779459476472,8404,6480,11716,-175,-83,133,7044,-9324,10736,-70,127,-183,-13452,4468,6352,-986,123,-52,-13664,-5332,7016,-490,163,-99,0
995.6132550239564,8300,6656,11408,-107,-121,154,6992,-9468,10392,-57,116,-153,-13356,4604,6296,-770,117,-80,-13704,-5316,6928,-528,117,-79,0
995.648831129074,8300,6628,11360,-81,-92,150,7032,-9260,10392,-77,116,-170,-13500,4308,6180,-981,137,-73,-13648,-5352,6880,-506,127,-92,0
995.6839599609376,8344,6732,11464,-152,-64,98,7068,-9268,10484,-32,124,-173,-13476,4360,6140,-964,130,-103,-13692,-5216,6864,-498,167,-130,0
995.7192919254304,8348,6592,11548,-121,-60,99,7192,-9392,10324,-256,143,-183,-13460,4372,5928,-990,77,-52,-13788,-5240,6836,-485,155,-126,0
995.7543339729308,8328,6420,11552,-121,-44,101,7064,-9268,10456,-62,153,-166,-13476,4104,6024,-979,68,-88,-13712,-5244,6892,-768,133,-149,0
995.7898931503296,8308,6676,11484,-117,-46,61,6988,-9224,10464,-92,177,-161,-13548,4472,6232,-969,65,-91,-13644,-5288,6772,-479,156,-121,0
995.8249840736388,8192,6772,11212,-107,-55,64,6944,-9276,10572,-79,159,-193,-13468,4376,6140,-996,86,-60,-13632,-5324,6832,-468,142,-131,0
995.8605370521545,8228,6696,11368,-153,-37,52,7056,-9276,10420,-27,169,-177,-13380,4256,6160,-999,57,-22,-13652,-5404,6796,-513,107,-124,0
995.8960740566254,8304,6580,11432,-115,11,74,6972,-9256,10564,-105,136,-152,-13540,4280,6020,-986,39,-21,-13576,-5316,6940,-487,70,-126,0
995.9319579601288,8228,6656,11372,-154,-13,86,7340,-9268,10800,-139,415,-110,-13304,4348,5980,-981,114,-43,-13596,-5264,6864,-498,102,-139,0
995.9674971103668,8216,6716,11432,-151,5,94,7024,-9308,10440,-94,158,-151,-13396,4348,6232,-955,83,-71,-13620,-5308,6736,-467,112,-100,0
996.002984046936,8248,6728,11464,-155,-32,136,7048,-9288,10592,-125,77,-150,-13456,4368,6252,-941,110,-30,-13664,-5408,6740,-465,110,-52,0
996.0402870178224,8204,6864,11456,-141,-75,144,6996,-9280,10592,-151,97,-163,-13520,4336,6336,-912,144,-16,-13376,-5488,6808,-442,80,-67,0
996.073807001114,8180,6756,11424,-135,-103,125,7084,-9340,10416,-203,169,-142,-13636,4352,6296,-937,108,-2,-13708,-5260,6964,-477,61,-67,0
996.107453107834,8376,6636,11428,-192,-31,117,7048,-9320,10488,-104,153,-127,-13480,4520,5964,-942,92,-13,-13680,-5252,6892,-446,80,-91,0
996.1409449577332,8292,6708,11484,-183,-4,90,6960,-9248,10324,-62,172,-154,-13376,4388,6120,-965,92,-89,-13344,-5284,6776,-471,114,-143,0
996.1744480133056,8216,6616,11552,-128,-25,99,7016,-9420,10352,-77,170,-176,-13292,4424,6200,-942,57,-83,-13600,-5248,6792,-483,185,-135,0
996.2082431316376,7964,6688,11532,-147,-105,95,6992,-9452,10460,-77,138,-213,-13516,4432,6116,-946,98,-86,-13716,-5224,6712,-445,156,-115,0
996.2418429851532,8224,6804,11332,-153,-89,105,7056,-9384,10336,-134,185,-228,-13500,4388,6088,-968,106,-45,-13800,-5268,7108,-453,133,-102,0
996.2753911018372,8356,6400,11420,-191,-59,106,7056,-9448,10444,-105,162,-198,-13508,4444,6188,-939,126,-49,-13604,-5304,6892,-442,142,-94,0
996.3090901374816,8280,6696,11496,-201,-70,105,7180,-9500,10400,-52,169,-188,-13568,4440,6276,-958,88,-99,-13636,-5340,6912,-441,182,-107,0
996.3424990177156,8176,6708,11500,-242,-101,74,7088,-9408,10500,-52,150,-195,-13424,4440,6580,-932,80,-102,-13804,-5312,6872,-444,186,-47,0
996.3760850429536,8188,6776,11476,-202,-147,122,6992,-9724,10432,-6,191,-230,-13396,4452,6196,-990,115,-139,-13660,-5256,6912,-480,190,-87,0
996.4095389842988,8140,6848,11660,-206,-148,120,7096,-9488,10336,-255,202,-241,-13412,4412,6152,-962,129,-93,-13584,-5192,6964,-507,217,-64,0
996.4428560733796,8212,6868,11664,-167,-184,144,7036,-9704,10424,-27,135,-225,-13524,4484,6272,-979,168,-142,-13644,-5252,7124,-487,240,-28,0
996.4764580726624,8300,6700,11472,-178,-231,188,7016,-9372,10452,-41,128,-235,-13356,4424,6144,-962,168,-120,-13676,-5304,6904,-461,175,-11,0
996.5102219581604,8216,6680,11492,-207,-188,197,7008,-9372,10436,-35,119,-211,-13500,4396,6244,-946,212,-112,-13692,-5300,6780,-473,186,249,0
996.543762922287,8244,6784,11476,-234,-154,215,7000,-9452,10692,-49,71,-219,-13420,4416,6204,-1001,507,-123,-13668,-5168,6796,-454,175,38,0
996.5773310661316,8336,6652,11436,-251,-183,216,7156,-9428,10432,-50,6,-232,-13392,4416,6240,-1046,277,-156,-13676,-5176,6772,-458,207,4,0
996.6110601425172,8296,6592,11372,-238,-191,195,7096,-9352,10360,-51,54,-215,-13344,4400,5976,-1030,205,-82,-13832,-5240,6888,-469,200,-30,0
996.6442201137544,8344,6648,11400,-198,-152,186,7292,-9492,10388,-32,104,-155,-13564,4400,6056,-1034,182,-29,-13780,-5320,6964,-535,127,-58,0
996.6779620647432,8340,6620,11360,-201,-107,180,7076,-9656,10428,2,71,-96,-13440,4400,5972,-1044,221,-31,-13704,-5112,6904,-260,70,-15,0
996.7115581035614,8244,6636,11492,-203,-80,211,6920,-9420,10404,-28,-22,-124,-13336,4416,6164,-1069,10,-86,-13780,-5028,6684,-442,144,15,0
996.7447371482848,8360,6596,11424,-247,-103,213,7044,-9416,10316,-55,91,-159,-13504,4392,6140,-1029,189,-47,-13724,-5276,6832,-476,158,-44,0
996.778265953064,8344,6620,11432,-209,-133,158,7052,-9460,10428,1,117,-196,-13528,4380,6044,-1014,129,-119,-13724,-5148,6804,-500,193,-106,0
996.811814069748,8284,6684,11352,-169,-156,128,6948,-9420,10332,-15,93,-245,-13420,4272,6332,-1065,134,-187,-13720,-5172,6840,-512,244,-63,0
996.8450319766998,8184,6752,11388,-117,-157,90,7160,-9320,10448,-20,80,-3,-13448,4336,6124,-1018,147,-154,-13676,-5268,6944,-487,186,-129,0
996.8782830238342,8360,6896,11280,-109,-95,86,7152,-9284,10616,-20,123,-237,-13556,4404,6076,-957,85,-61,-13744,-5148,6832,-489,161,-184,0
996.911971092224,8316,6644,11392,-161,-77,46,7416,-9340,10440,-44,183,-191,-13536,4588,6032,-963,50,-43,-13684,-5356,6756,-490,122,-173,0
996.9453070163728,8284,6620,11312,-150,-27,44,7032,-9352,10272,-34,188,-168,-13452,4380,5980,-993,55,-100,-13760,-5208,6688,-479,115,-180,0
996.9787650108337,8352,6712,11400,-110,-252,50,7080,-9396,10288,-39,171,-165,-13508,4456,5948,-992,84,-67,-13772,-5320,6804,-517,106,-143,0
997.0122971534728,8228,6540,11396,-114,249,77,6928,-9472,10448,-39,107,-120,-13484,4376,5996,-1042,82,-32,-13612,-5200,6872,-535,100,-118,0
997.0454289913177,8308,6428,11564,-137,-32,158,7060,-9436,10488,-13,100,-110,-13400,4348,6020,-1061,129,-26,-13780,-5292,6676,-507,73,-98,0
997.0818829536438,8268,6704,11496,-95,13,137,7100,-9412,10448,-94,69,-99,-13404,4396,6120,-1020,110,-27,-13712,-5252,6704,-542,67,-100,0
997.1179530620576,8328,6508,11448,-137,253,134,7016,-9364,10400,-87,11,-86,-13324,4424,6064,-982,59,46,-13680,-5244,7084,-519,42,-110,0
997.152776002884,8232,6544,11728,-94,66,171,6944,-9380,10388,-58,112,-52,-13424,4464,6072,-1008,110,16,-13600,-5284,6752,-538,63,-71,0
997.1881330013276,8208,6744,11492,-110,13,160,7040,-9352,10564,-107,61,-92,-13496,4580,6304,-983,92,27,-13640,-5224,7008,-518,14,-60,0
997.2233221530914,8204,6636,11764,-102,-2,116,7292,-9448,10492,-109,321,-44,-13408,4248,5860,-954,5,-55,-13468,-5172,6788,-462,109,-77,0
997.2588081359864,8140,6652,11268,-91,-28,116,6968,-9432,10248,-125,14,-143,-13456,4544,6060,-1042,166,-45,-13652,-5144,6804,-552,125,-92,0
997.2939200401306,8328,6740,11296,-63,-49,128,7108,-9532,10372,-16,55,-178,-13484,4560,6128,-1015,104,-98,-13736,-5312,6888,-537,148,-137,0
997.3296899795532,8276,6564,11344,-71,-41,81,7108,-9528,10348,-22,139,-174,-13496,4444,6068,-1001,104,-59,-13688,-5140,6936,-500,137,-205,0
997.3649220466614,8276,6644,11584,-105,-69,46,7112,-9436,10328,-35,206,-167,-13500,4528,6096,-1020,53,-129,-13720,-5184,6848,-481,160,-177,0
997.4002590179443,8336,6584,11332,-126,-52,46,7088,-9448,10288,1,162,-199,-13500,4552,6180,-997,9,-62,-13600,-5184,6664,-494,147,-207,0
997.4355890750884,8300,6660,11772,-139,-16,55,6920,-9436,10460,27,177,-172,-13380,4456,5988,-1021,11,-73,-13556,-5260,6844,-494,118,-177,0
997.4713771343232,8268,6628,11320,-110,-50,41,7088,-9524,10392,-37,175,-188,-13416,4400,6132,-1000,23,-25,-13684,-5244,7120,-765,120,-191,0
997.507264137268,7996,6744,11440,-118,-48,56,6960,-9392,10500,-55,157,-181,-13464,4432,6000,-1003,72,-94,-13652,-5328,6940,-488,135,-137,0
997.5423450469972,8228,6744,11312,-117,-66,81,7056,-9324,10696,-39,131,-171,-13428,4388,5956,-984,80,-51,-13692,-5288,6860,-498,147,-110,0
997.5774099826812,8384,6796,11400,-129,-75,109,7032,-9388,10572,-38,148,-149,-13392,4416,6068,-993,105,-37,-13740,-5292,6984,-517,152,-79,0
997.6132760047911,8388,6656,11468,-131,-33,124,6956,-9692,10588,61,206,-155,-13068,4480,6124,-1008,126,-69,-13644,-5204,6976,-491,108,-76,0
997.6486189365388,8184,6784,11396,-165,-53,149,6952,-9368,10696,-94,114,-154,-13388,4420,6080,-960,141,-25,-13712,-5340,6880,-491,81,-68,0
997.6840069293976,8336,6620,11276,-149,-46,151,7140,-9564,10504,-83,107,-92,-13416,4492,6212,-999,59,17,-13624,-5236,6876,-522,80,-97,0
997.720549106598,8340,6676,11532,-175,-253,155,7012,-9524,10448,-16,112,-113,-13448,4576,6176,-1053,90,-23,-13668,-5176,6984,-533,114,-85,0
997.7538480758668,8444,6608,11352,-122,-46,125,7052,-9480,10440,-33,79,-107,-13408,4468,6204,-1073,92,-58,-13548,-5296,6892,-511,113,-70,0
997.7873730659484,8240,6712,11660,-163,-69,152,6936,-9428,10360,-256,164,-194,-13384,4428,5904,-947,154,-95,-13660,-5100,6920,-455,152,-29,0
997.820965051651,8288,6668,11456,-236,-101,165,7088,-9692,10248,-62,114,-197,-13536,4572,6444,-981,178,-72,-13684,-5156,6696,-427,208,-24,0
997.8544769287109,8240,6640,11532,-186,-175,157,7000,-9608,10448,-15,77,-215,-13412,4460,6160,-985,170,-69,-13760,-5228,6920,-461,184,-32,0
997.8875620365144,8416,6644,11316,-200,-143,149,6992,-9544,10288,-33,121,-225,-13316,4444,5972,-1013,167,-142,-13736,-5148,6884,-456,169,-94,0
997.9210391044616,8428,6788,11564,-220,-187,93,6960,-9440,10408,246,165,-252,-13336,4520,6092,-1014,102,-130,-13588,-5204,6972,-467,189,-118,0
997.9545180797576,8128,6612,11672,-182,-143,105,7156,-9484,10308,56,147,-3,-13416,4512,6076,-769,141,-150,-13628,-5124,6896,-491,209,-108,0
997.9881291389464,8192,6536,11704,-194,-185,122,6932,-9536,10388,88,139,-14,-13452,4508,6032,-1046,141,-198,-13628,-4948,7148,-522,260,-106,0
998.0218479633331,8216,6632,11360,-156,-192,124,7084,-9452,10576,35,111,-296,-13500,4440,6080,-1040,150,-206,-13672,-5184,7140,-528,286,-96,0
998.0553529262544,8252,6688,11464,-177,-255,134,7128,-9320,10428,42,98,-316,-13444,4400,6068,-1008,189,-222,-13660,-5248,6884,-500,302,-74,0
998.0887570381163,8308,6688,11392,-179,-239,136,7164,-9428,10704,31,85,-272,-13552,4320,6108,-1013,156,-198,-13684,-5108,6812,-491,241,-97,0
998.1220960617065,8364,6416,11556,-179,-212,196,7140,-9432,10288,4,77,-218,-13464,4360,5908,-1050,203,-138,-13704,-5172,6676,-475,182,-64,0
998.1553919315338,8376,6692,11304,-185,-189,196,7012,-9220,10520,252,59,-196,-13460,4376,6092,-1011,217,-44,-13660,-5164,6848,-483,144,-24,0
998.189048051834,8396,6404,11424,-216,-164,180,6972,-9396,10404,-11,67,-173,-13548,4396,6120,-1006,170,-72,-13792,-5136,6888,-482,154,-40,0
998.222706079483,8364,6624,11240,-212,-159,170,7032,-9420,10700,-25,93,-163,-13496,4364,6212,-1028,160,-86,-13652,-5144,6792,-485,142,-60,0
998.2561330795288,8320,6628,11460,-153,-118,212,7056,-9452,10304,-12,84,-146,-13376,4424,6104,-1052,167,-38,-13708,-4964,6888,-506,114,-41,0
998.2897660732268,8260,6656,11424,-141,-106,199,7012,-9428,10452,-25,32,-141,-13448,4436,5904,-1021,199,-82,-13808,-4920,6932,-258,145,-49,0
998.3231251239775,8212,6544,11384,-160,-82,198,7104,-9280,10300,-65,37,-141,-13460,4376,6048,-982,191,-31,-13628,-5148,6752,-764,119,-80,0
998.356637954712,8328,6600,11248,-161,-62,148,7264,-9616,10260,-58,101,-152,-13640,4432,6024,-989,158,-39,-13780,-4900,6816,-470,123,-123,0
998.3900890350342,8428,6572,11476,-167,246,89,7120,-9460,10460,-31,147,-145,-13472,4400,6292,-1012,35,-53,-13756,-5236,6824,-500,113,-154,0
998.4236490726472,8420,6564,11392,-158,-12,104,7084,-9256,10256,24,108,-141,-13540,4396,5920,-1272,116,-55,-13656,-5188,6892,-484,132,-153,0
998.4572191238403,8244,6556,11500,-121,-39,59,7088,-9552,10524,-43,137,-196,-13492,4440,6064,-1015,74,-131,-13816,-5164,6940,-262,204,-168,0
998.4907240867616,8228,6592,11464,-133,-55,58,7100,-9448,10412,-39,173,-198,-13508,4356,5980,-1006,69,-88,-13616,-5344,6852,-509,174,-149,0
998.5239930152892,8376,6524,11580,-106,-58,73,7116,-9320,10404,-12,210,-191,-13556,4352,5908,-992,27,-79,-13716,-5080,6980,-489,177,-205,0
998.5576930046082,8240,6588,11364,-115,-24,50,6964,-9224,10396,26,182,-192,-13472,4404,6376,-1024,43,-118,-13732,-5204,6972,-537,145,-189,0
998.5912220478058,8376,6668,11580,-101,-56,63,7020,-9332,10520,-255,176,-177,-13404,4488,6200,-1019,60,-121,-13660,-5152,6944,-507,136,-145,0
998.6247000694276,8232,6676,11324,-102,-27,72,7156,-9416,10652,-14,142,-182,-13724,4396,6236,-1024,76,-76,-13724,-5324,6912,-508,160,-157,0
998.6579041481018,8272,6660,11468,-129,-51,75,7012,-9416,10272,-7,134,-178,-13536,4124,6324,-1004,101,-55,-13684,-5152,6776,-766,152,-127,0
998.6915991306304,8268,6624,11384,-124,-71,157,7048,-9404,10296,-26,99,-169,-13736,4580,6240,-769,93,-86,-13636,-5116,6832,-492,169,-82,0
998.7252209186554,8396,6604,11576,-166,-105,151,7120,-9336,10356,-14,115,-179,-13528,4456,6112,-989,142,-96,-13720,-5124,6996,-528,174,-81,0
998.7619159221648,7984,6644,11264,-126,-74,166,7116,-9408,10688,-23,90,-192,-13428,4464,6112,-1005,145,-66,-13668,-5264,6924,-523,183,-105,0
998.7980110645294,8292,6756,11424,-114,-72,159,7072,-9412,10260,23,74,-178,-13464,4524,6236,-1029,150,-52,-13632,-5256,6884,-555,180,-135,0
998.8372070789336,8248,6624,11440,-90,-64,131,7420,-9412,10256,-23,113,-190,-13476,4436,6112,-1276,14,-56,-13660,-5328,6868,-544,110,-219,0
998.872859954834,8312,6564,11344,-78,-17,15,7180,-9308,10336,-255,236,-174,-13568,4392,6360,-991,-8,-119,-13568,-5112,6928,-259,128,-273,0
998.9080519676207,8256,6584,11444,-114,3,-27,7172,-9432,10488,35,268,-212,-13560,4448,5972,-991,-33,-87,-13608,-5088,6780,-498,211,-267,0
998.9435179233552,8300,6640,11496,-112,-69,-14,7132,-9448,10480,46,508,-237,-13500,4480,5912,-1036,-15,-165,-13680,-5216,6672,-492,219,-215,0
998.9786689281464,8400,6424,11512,-112,-65,1,6912,-9352,10460,28,240,-223,-13484,4424,6076,-993,18,-177,-13664,-4948,6696,-510,186,-214,0
999.0138599872588,8364,6600,11360,-59,-109,33,7064,-9512,10156,-15,166,-225,-13436,4584,6332,-1059,-23,-168,-13636,-5172,6912,-546,149,-208,0
999.049535036087,8308,6576,11384,-67,-85,54,7092,-9360,10516,55,173,-192,-13368,4412,6056,-1074,-19,-105,-13688,-5240,6920,-550,160,-208,0
999.0846800804138,8280,6664,11336,-95,-11,83,6972,-9472,10392,34,212,-152,-13264,4352,6256,-1036,39,-98,-13688,-5508,6756,-529,115,-186,0
999.120528936386,8240,6792,11568,-135,-31,58,7024,-9280,10440,-19,216,-135,-13476,4316,6180,-996,44,-52,-13740,-5408,6896,-505,134,-137,0
999.1556069850922,8248,6808,11304,-164,13,84,6992,-9284,10524,-55,151,-147,-13336,4276,6300,-984,71,-26,-13688,-5340,6832,-485,109,-133,0
999.1912560462952,8220,6756,11372,-164,19,107,7092,-9220,10256,-52,149,-132,-13420,4328,6320,-942,82,-24,-13576,-5428,7012,-503,102,-136,0
999.227196931839,8264,6788,11456,-164,11,88,7016,-9272,10476,-48,167,-151,-13472,4284,6156,-973,49,-22,-13824,-5224,6844,-472,66,-157,0
999.2623829841614,8256,6704,11476,-179,249,45,7012,-9336,10636,-113,172,-155,-13428,4364,5948,-890,72,-27,-13648,-5316,6908,-457,66,-141,0
999.298476934433,8212,6444,11708,-176,-2,62,7056,-9336,10408,-84,160,-134,-13504,4540,6100,-923,59,-249,-13920,-5288,6768,-474,85,-160,0
999.33366894722,8220,6644,11504,-176,22,72,7036,-9364,10472,-87,179,-171,-13420,4508,6008,-940,46,-50,-13644,-5276,6888,-513,111,-141,0
999.3693900108337,8240,6532,11552,-149,250,53,7184,-9412,10336,-44,145,-178,-13444,4408,5952,-971,74,-40,-13652,-5208,6952,-477,102,-173,0
999.4059209823608,8256,6680,11772,-163,-32,60,7028,-9492,10316,-40,143,-170,-13420,4472,6220,-995,65,-83,-13664,-5232,7084,-475,137,-153,0
999.4393811225892,8168,6464,11632,-140,-46,52,6996,-9728,10340,-30,173,-183,-13564,4552,6056,-987,84,-87,-13536,-5212,7104,-464,148,-167,0
999.4728479385376,8032,6584,11664,-152,-101,94,6984,-9500,10340,-11,137,-192,-13476,4472,6240,-1033,141,-97,-13500,-5336,7132,-467,200,-104,0
999.5064561367036,8108,6564,11280,-123,-120,117,6892,-9452,10264,-4,125,-211,-13360,4528,6384,-1035,84,-119,-13512,-5264,7020,-522,207,-142,0
999.5399260520936,8140,6852,11556,-92,-94,79,7024,-9428,10508,10,103,-194,-13432,4528,6168,-1023,76,-114,-13640,-5284,7068,-531,139,-121,0
999.573396921158,8196,6716,11500,-106,-58,91,7056,-9328,10468,3,119,-177,-13348,4448,6324,-1027,105,-116,-13696,-5212,6940,-523,117,-132,0
999.6068410873412,8292,6668,11288,-127,-65,118,7056,-9388,10328,-10,154,-174,-13568,4452,5892,-1009,61,-95,-13624,-5240,6972,-534,160,-178,0
999.6400871276855,8224,6660,11108,-130,-100,128,7100,-9288,10520,20,180,-186,-13496,4348,6100,-1032,71,-115,-13628,-5372,6688,-517,198,-169,0
999.6736209392548,8272,6696,11300,-136,-83,68,7044,-9360,10640,255,167,-196,-13440,4256,6284,-987,43,-112,-13680,-5368,6800,-261,148,-205,0
999.7072930336,8232,6744,11472,-120,-79,45,7032,-9304,10580,-8,214,-200,-13492,4128,6320,-769,18,-94,-13596,-5316,6816,-518,154,-188,0
999.7408990859984,8440,6672,11340,-128,-55,42,7056,-9264,10452,-255,201,-176,-13400,4400,6212,-1020,11,-121,-13648,-5356,7068,-514,163,-173,0
999.7741329669952,8196,6836,11364,-74,-66,22,7076,-9304,10548,-18,187,-172,-13280,4340,6212,-1034,44,-112,-13764,-5340,6688,-478,171,-166,0
999.8077330589294,8316,6740,11720,-202,-70,67,6984,-9412,10516,249,205,-173,-13440,4448,6292,-1001,90,-82,-13652,-5204,6988,-448,170,-69,0
999.8413691520692,8032,6752,11672,-242,-124,146,6904,-9488,10544,91,164,-213,-13380,4512,6288,-771,159,-131,-13336,-5228,6896,-412,242,-18,0
999.874836921692,8116,6676,11628,-184,-163,182,6904,-9532,10744,60,117,-231,-13340,4492,6248,-1032,173,-176,-13528,-5200,7028,-459,200,-62,0
999.9081599712372,8140,6608,11544,-132,-221,165,6872,-9424,10400,20,139,-228,-13388,4492,6352,-988,168,-151,-13412,-5136,7108,-507,204,-85,0
999.94175696373,7956,6852,11744,-211,-221,132,6984,-9308,10408,-34,198,-269,-13428,4428,6260,-952,170,-120,-13616,-5296,6984,-445,222,-70,0
999.9753501415252,8280,6540,11696,-239,-182,124,7152,-9320,10344,46,240,-2,-13500,4432,6236,-969,145,-175,-13704,-5220,6828,-456,281,-105,0
1000.0086779594421,8224,6876,11448,-249,-216,114,7064,-9400,10336,16,135,-257,-13388,4384,6244,-997,89,-165,-13764,-5188,6676,-519,510,-120,0
1000.0422151088716,8448,6632,11488,-193,-218,126,7004,-9264,10536,-30,163,-240,-13532,4352,5992,-998,147,-177,-13640,-5276,6808,-462,263,-105,0
1000.0756931304932,8256,6612,11184,-212,-231,112,6916,-9348,10500,-13,159,-248,-13456,4412,6332,-951,122,-131,-13756,-5272,6756,-489,250,-92,0
1000.1093130111694,8332,6848,11368,-217,-198,151,6936,-9376,10456,42,173,-237,-13432,4172,6296,-1004,110,-143,-13604,-5200,6716,-494,509,-107,0
1000.1427040100098,8324,6592,11384,-159,-217,139,7128,-9284,10524,62,85,-222,-13408,4336,5924,-988,134,-118,-13692,-5332,6736,-542,237,-59,0
1000.1762130260468,8264,6628,11300,-116,-197,164,6988,-9280,10396,66,115,-183,-13412,4404,6340,-969,200,-131,-13704,-5176,6828,-598,191,-60,0
1000.2095911502838,8284,6416,11424,-78,-152,220,6980,-9352,10688,50,111,-144,-13368,4424,5904,-1014,169,-114,-13644,-5260,6868,-615,158,-93,0
1000.2431280612946,8276,6400,11452,-81,-133,195,7092,-9356,10496,29,97,-114,-13420,4428,5932,-971,94,-41,-13648,-5184,6960,-649,128,-114,0
1000.2766709327698,8300,6652,11296,-58,-63,193,7104,-9268,10452,57,218,-62,-13388,4420,6088,-1046,137,13,-13692,-5200,6876,-721,140,-143,0
1000.3101501464844,8248,6632,11408,-63,-29,192,7016,-9324,10432,47,113,-48,-13516,4432,6208,-1273,77,27,-13696,-5184,6856,-738,94,-157,0
1000.3437221050264,8268,6592,11332,-20,78,204,7028,-9292,10716,19,114,-254,-13448,4408,6076,-1086,105,38,-13804,-5228,6744,-721,62,-148,0
1000.3773059844972,8356,6560,11416,-19,107,221,6996,-9348,10544,50,88,26,-13468,4504,6056,-1098,147,88,-13648,-5236,6888,-725,-24,-173,0
1000.4102640151978,8212,6496,11612,-36,155,215,7084,-9376,10696,90,88,42,-13476,4544,6208,-1125,150,95,-14064,-5260,6856,-523,16,-150,0
1000.4479939937592,8264,6624,11576,-33,219,252,7040,-9396,10576,133,181,78,-13504,4416,6192,-1188,102,165,-13776,-5544,6832,-716,-39,-189,0
1000.4828720092773,8248,6704,11500,-57,201,190,7144,-9420,10756,53,150,118,-13344,4556,6328,-955,40,90,-13660,-5440,6784,-724,-20,-215,0
1000.5192730426788,8168,6724,11424,-20,162,149,6920,-9316,10476,95,307,48,-13404,4480,6180,-1155,44,8,-13456,-5304,6832,-755,53,-255,0
1000.5547299385072,8032,6556,11356,42,119,161,6952,-9364,10452,243,174,65,-13332,4452,6252,-1127,-10,-256,-13348,-5328,6776,-737,49,-233,0
1000.5901079177855,8212,6736,11412,28,117,157,6932,-9336,10496,148,474,12,-13312,4364,6276,-1179,-9,20,-13648,-5560,6892,-660,41,-221,0
1000.6255691051484,8084,6864,11476,-29,105,152,6852,-9440,10776,387,17,-112,-13340,4152,6192,-1094,287,-13,-13724,-5644,7316,-437,-26,-126,0
1000.6613340377808,8164,6864,11628,-317,122,49,6988,-9244,11004,7,446,-13,-13356,4340,6588,-922,172,18,-13692,-5696,6788,-239,18,-148,0
1000.6976070404052,8064,6836,11504,-410,79,-32,7064,-9220,10816,-108,248,-182,-13416,4316,6536,-804,247,-74,-13344,-5444,6812,-484,273,-205,0
1000.733001947403,7984,6640,11568,-221,-207,248,6540,-9304,10880,-177,-173,-189,-13264,4848,6420,-1136,-78,-170,-13452,-5220,6900,-842,446,-216,0
1000.7680680751799,8092,6532,11368,173,-213,130,6896,-9500,10664,160,177,-188,-13116,4596,6092,-1169,115,-165,-13532,-5124,7164,-974,262,-91,0
1000.8034949302673,8228,6456,11272,354,-91,406,6300,-9104,10108,333,176,-203,-13472,4752,5824,-1367,370,-55,-13736,-5016,7012,-919,127,22,0
1000.8389909267426,8344,6428,11688,343,40,516,7408,-9436,10144,352,-415,80,-13772,4416,6144,-1377,397,-66,-14012,-5564,7032,-795,-103,-119,0
1000.8745830059052,8204,6740,11660,135,144,325,7316,-9324,10468,221,-22,111,-13928,4104,6212,-1099,11,40,-13928,-5760,6944,-699,-171,-415,0
1000.9101960659028,8248,6868,11704,36,174,20,7128,-9288,10480,123,386,37,-13592,4596,6400,-946,-316,-60,-13668,-5856,6860,-614,-161,-581,0
1000.9456181526184,8056,6704,11400,-18,117,-211,6748,-9064,10620,15,508,-154,-13168,4144,6220,-776,-249,-134,-13132,-5872,7000,-393,-77,-526,0
1000.9813311100006,7744,7056,11384,-200,-75,-378,6540,-8896,10488,-216,434,-398,-13104,3696,6264,-516,-121,-279,-13184,-5904,6596,-86,202,-440,0
1001.0176219940186,7832,7016,11172,-391,-332,-438,6476,-8956,10600,-330,427,-663,-13076,3972,6408,-427,-65,-437,-13392,-5736,6500,20,466,-315,0
1001.0526740550996,8020,6664,11340,-528,-488,-433,6800,-9104,10696,-224,328,-788,-13296,4272,6228,-492,136,-423,-13536,-5560,6700,166,510,-209,0
1001.089586019516,8200,6928,11380,-565,-393,-371,6984,-9096,10612,-242,283,-764,-13488,4212,6384,-503,271,-398,-13696,-5592,6672,202,421,-142,0
1001.1230299472808,8336,6988,11428,-602,-403,-351,7060,-8972,10540,-285,282,-715,-13704,4200,6640,-483,212,-342,-13952,-5468,7040,115,426,-149,0
1001.1564509868622,8444,6888,11548,-541,-330,-278,6916,-9200,10940,-271,205,-540,-13444,4648,6148,-617,124,-207,-13756,-5292,6656,-72,270,-121,0
1001.190096139908,8364,6776,11472,-383,-170,-94,7040,-9424,10480,-232,166,-290,-13472,4780,6296,-724,106,10,-13580,-5140,7044,-255,20,-107,0
1001.2237830162048,8252,6572,11580,-237,51,68,6948,-9460,10468,-96,273,-35,-13460,4772,6044,-860,76,143,-13660,-5324,7132,-401,-129,-136,0
1001.2569301128387,8132,6592,11492,-179,224,174,6764,-9284,10412,-77,134,127,-13248,4756,5952,-1003,46,204,-13548,-5224,6972,-595,-199,-40,0
1001.290442943573,8028,6516,11596,-140,295,236,6592,-9412,10308,-163,57,235,-13252,4736,5900,-1050,87,305,-13464,-5280,7140,-575,-196,23,0
1001.3259220123292,7832,6568,11604,-509,5,301,6812,-9236,10320,-169,37,212,-13320,4660,6036,-996,219,294,-13420,-5304,7064,-574,-181,75,0
1001.3592000007629,8132,6620,11668,-244,212,367,7068,-9564,10676,-226,48,175,-13408,4780,5916,-1067,212,295,-13636,-5276,7020,-583,-118,125,0
1001.3924851417542,8032,6488,11764,-223,120,391,6724,-9252,10348,-183,136,151,-13460,4664,6228,-957,217,277,-13592,-5304,7180,-549,-172,34,0
1001.4260671138763,8012,6528,11752,-216,140,348,6936,-9332,10268,-102,161,158,-13508,4768,6220,-991,192,262,-13516,-5264,6936,-560,-99,-42,0
1001.4591369628906,8028,6448,11768,-224,120,292,6776,-9340,10388,-19,478,-11,-13468,4416,6348,-1009,173,234,-13792,-5328,7008,-552,-35,-14,0
1001.4926970005035,8216,6456,11336,-182,189,237,6860,-9152,10272,89,169,217,-13264,4588,5868,-1320,201,149,-10192,-5000,6224,-991,-86,34,0
1001.5262229442596,8168,6536,11104,-262,181,211,6456,-9028,10284,-223,236,28,-13112,4556,5972,-1197,158,157,-13384,-5436,7044,-435,-110,-52,0
1001.5597460269928,7772,6668,11412,-208,142,141,6716,-9196,10764,-1,194,44,-13252,4580,6280,-769,65,110,-13452,-5736,7040,-441,-88,-154,0
1001.5933029651642,7744,6868,11736,-269,200,28,6880,-9336,10904,253,212,9,-13364,4456,6524,-1058,-56,93,-13492,-5736,7044,-476,-35,-281,0
1001.626876115799,8168,7152,11584,-142,112,28,6680,-9400,10700,-17,123,-61,-13228,4672,6372,-1151,-7,-19,-13136,-5484,6904,-638,67,-218,0
1001.6600680351256,7856,6832,11712,-47,8,104,6604,-9364,10704,19,113,-117,-13116,4512,6476,-1092,37,-113,-13184,-5880,7060,-692,197,-178,0
1001.6935889720916,7536,7016,11996,-21,-170,44,6604,-8968,10512,-43,158,-330,-13076,4444,6164,-830,164,-229,-13292,-5600,7108,-259,342,-76,0
1001.7272019386292,7824,6752,11532,-155,-241,92,6744,-9320,10568,-222,31,-407,-13540,4532,6152,-909,231,-88,-13492,-5220,6688,-486,379,65,0
1001.7606070041655,8292,6448,11424,-188,-195,243,7060,-9304,10356,-152,205,-156,-13456,4580,6020,-1061,18,47,-13564,-5336,6920,-555,272,-37,0
1001.7941861152648,8056,6340,11448,-49,-399,215,7036,-9336,10376,39,322,-67,-13492,4616,5972,-1080,-111,-2,-13520,-5240,7008,-560,221,-104,0
1001.8277390003204,8156,6524,11568,-223,64,119,7028,-9428,10396,160,500,-77,-13456,4708,6076,-551,-136,-72,-13804,-5452,7244,-296,14,-104,0
1001.8612470626832,8092,6760,11620,-379,183,-6,6832,-9484,10412,-154,501,-151,-13476,4660,6396,-749,-52,235,-13708,-5588,7372,-240,-32,-170,0
1001.8942999839784,8048,6432,11800,-404,85,-94,6736,-9564,10628,-315,425,-207,-13408,4740,6340,-740,-223,22,-13500,-5444,7072,-208,87,-512,0
1001.927745103836,7880,6628,11644,-330,-48,-215,6820,-9504,10904,-150,390,-266,-13284,4900,6240,-812,-125,-124,-13452,-5240,7376,-213,67,-252,0
1001.9610750675201,7920,6600,11612,-239,-220,-157,6396,-9280,10612,-187,398,-289,-13080,4740,6456,-1019,-92,-140,-13548,-5368,6880,-253,207,-203,0
1001.9946920871736,7992,6684,11300,-408,-176,-71,6700,-9260,10360,-102,344,-355,-13108,4420,6124,-1153,86,-76,-13528,-5328,6900,-212,204,-88,0
1002.0282030105592,7944,6512,11516,-382,-111,-26,6724,-9336,10672,-97,291,-196,-13292,4948,6352,-978,41,70,-13696,-5076,7200,-416,26,-45,0
1002.0618860721588,8136,6616,11564,-395,102,125,6720,-9484,10664,-39,268,69,-13300,4872,6296,-1018,118,301,-13608,-5276,7336,-419,-130,52,0
1002.0953590869904,8156,6572,11604,-393,299,198,6900,-9716,10664,-119,263,200,-13280,4840,6192,-952,134,336,-13484,-5136,7248,-465,-270,29,0
1002.1322009563446,7896,6652,11756,-356,272,263,6592,-9656,10732,-207,218,204,-13316,4616,6320,-934,71,366,-13724,-5620,7388,-277,-366,20,0
1002.1676139831544,7880,6708,11732,-525,367,144,6576,-9352,10576,-345,755,131,-13548,4452,6548,-587,-79,440,-13660,-5796,7164,-165,-387,-70,0
1002.2030639648438,7984,6760,11712,-665,423,-24,6648,-9396,10912,-578,1187,166,-13432,4644,6520,-542,-236,539,-13664,-5680,7396,-88,-695,-137,0
1002.2382340431213,8100,6456,11840,-654,441,-99,6552,-9692,10536,-442,480,227,-13252,4620,6580,-650,-118,613,-13484,-5372,7296,-162,-593,-166,0
1002.2736830711364,7500,6592,11740,-633,455,-105,6388,-9628,10472,-395,63,326,-12812,4840,6184,-681,-34,445,-13112,-5400,7300,-111,-442,-95,0
1002.3089270591736,7576,6512,11616,-646,259,-100,6320,-9572,10744,-437,469,3,-12936,4976,6156,-631,-90,378,-13228,-4872,7312,-3,-153,-55,0
1002.343950033188,7548,6224,11552,-507,101,55,6320,-9968,10360,-312,242,-54,-12928,5216,5984,-864,110,197,-13244,-4936,7396,-428,-5,58,0
1002.3798179626464,7772,6036,11680,-276,28,243,6392,-9780,10300,-152,14,-2,-13188,5600,5640,-1274,302,206,-13536,-4980,7552,-479,-65,157,0
1002.4150321483612,7900,6216,11840,-270,88,308,6604,-9728,10384,-136,-72,25,-13204,5124,6064,-994,407,170,-13464,-5200,7172,-276,-165,153,0
1002.4504709243774,7900,6312,12084,-326,158,269,6688,-9608,10316,-213,-40,3,-13088,5056,6472,-964,511,206,-13804,-5404,7600,-271,-151,20,0
1002.485605955124,7760,6368,11876,-487,122,134,6528,-9748,10620,-294,247,-21,-13388,5216,6356,-865,87,246,-13436,-5276,7580,-285,-164,17,0
1002.5214109420776,7764,6520,11816,-412,240,93,6476,-9780,10616,-250,94,-11,-13188,5232,6472,-892,145,308,-13224,-4896,7604,-332,-209,-19,0
1002.5576059818268,7456,6240,12044,-312,0,79,6432,-9856,10428,-165,182,3,-13196,5160,6428,-884,-255,196,-13180,-5376,7644,-381,-168,-120,0
1002.5923449993134,7456,6352,12040,-305,191,-13,6216,-9704,10304,-221,401,234,-12936,5572,6224,-794,-91,215,-13200,-5216,7704,-381,-108,-87,0
1002.6280801296234,7520,6188,11820,-394,176,29,5892,-9732,10448,-280,200,-65,-13020,5448,6332,-911,42,211,-13184,-5184,7804,-334,-73,-8,0
1002.6633789539336,7488,6152,12064,-402,163,110,6156,-9908,10580,-163,46,-123,-12920,5176,6336,-899,246,76,-12976,-5268,7832,-362,-67,-38,0
1002.698699951172,7364,6232,12048,-227,97,29,6280,-9820,10220,-149,109,-193,-13032,5232,6344,-884,225,-34,-13172,-5192,7504,-331,30,-126,0
1002.7336039543152,7440,6364,12048,-234,-79,14,6448,-9976,10280,-172,224,-250,-13144,5304,6372,-938,70,-42,-13076,-5052,7552,-419,164,-78,0
1002.7705700397491,7692,6284,11988,-214,-93,65,6484,-9752,10392,-68,211,-203,-13136,5228,6128,-994,59,-78,-13128,-5144,7508,-484,136,-197,0
1002.8042240142822,7440,6212,11988,-89,-103,28,6380,-9636,10328,12,128,-216,-13024,5176,6176,-1068,17,-189,-13184,-5192,7584,-465,242,-208,0
1002.8377230167388,7536,6356,12260,-136,-108,-28,6264,-9636,10328,-256,305,-265,-13244,5220,6132,-1005,130,-229,-13288,-5276,7656,-313,254,-147,0
1002.8712821006776,7508,6632,11836,-171,-237,-40,6364,-9664,10540,-116,95,-432,-13132,5516,6164,-1102,210,-304,-13144,-5188,7516,-353,360,-103,0
1002.904639005661,7600,6368,12128,-151,-366,39,6348,-9960,10540,-76,25,-409,-13224,5532,6376,-1041,192,-267,-13444,-5044,7804,-423,396,-36,0
1002.9377131462096,7772,6292,12024,-123,-344,175,6504,-9932,10564,15,50,-253,-13164,5436,6332,-1135,188,-199,-13480,-5352,7824,-397,236,250,0
1002.9711849689484,7692,6244,12048,-191,-246,151,6184,-9896,10388,-46,5,-512,-12980,5184,6388,-1264,249,-155,-13444,-5176,7716,-405,186,-19,0
1003.0045020580292,7600,6336,12088,-265,-229,140,6256,-9820,10420,-106,-4,-244,-13012,5248,6232,-944,248,-129,-13084,-4972,7932,-390,222,107,0
1003.0380611419678,7672,6112,11832,-247,-7,271,6140,-9828,10384,-176,-73,-135,-13036,5440,6308,-1079,354,-21,-13268,-4868,7844,-402,165,163,0
1003.0717470645903,7624,6188,12076,-351,-186,313,6484,-9868,10564,-152,-158,-157,-13156,5228,6080,-1082,316,-15,-13436,-5264,7880,-349,110,121,0
1003.1053919792176,7640,6352,12076,-365,-146,212,6716,-9664,10624,-244,59,-21,-13260,4968,6256,-824,206,-11,-13508,-5608,7532,-271,48,82,0
1003.138622045517,7668,6448,12120,-398,-180,102,6760,-9476,10248,-345,201,-198,-13356,5208,6304,-831,98,-32,-13396,-5032,7484,-261,170,-42,0
1003.1722180843352,7752,6260,11972,-413,-191,71,6560,-9816,10296,-233,248,-209,-13200,4944,5992,-894,98,35,-13472,-4976,7540,-282,121,-12,0
1003.2058160305024,7792,6104,11796,-371,-73,118,6572,-9728,10272,-160,238,-155,-13180,5244,6080,-878,109,98,-13456,-4772,7636,-242,27,20,0
1003.2391970157624,7744,6148,11980,-349,253,132,6596,-9816,10444,-168,201,-65,-13176,5288,6364,-782,99,107,-13384,-4880,7612,-257,-39,-33,0
1003.2728099822998,7700,6044,11820,-390,-250,146,6516,-9884,10024,-157,175,-81,-13128,5356,6072,-936,85,54,-13268,-4976,7552,-300,4,-28,0
1003.3064680099487,7712,6020,12272,-336,11,118,6400,-9840,10356,-166,160,-109,-13096,5416,6208,-943,114,38,-13240,-5008,7764,-236,12,-21,0
1003.3397619724274,7680,6216,12152,-394,91,116,6492,-9868,10484,-117,221,-150,-13252,5260,6572,-829,58,37,-13460,-5120,7780,-218,30,-22,0
1003.3731050491332,7612,6196,12020,-384,55,16,6484,-9840,10252,-188,355,-125,-13184,5352,6236,-817,-65,63,-13176,-5000,7872,-356,-9,-97,0
1003.4064199924468,7668,6224,11940,-366,66,-42,6420,-9808,10252,-71,372,-79,-13124,5056,5912,-898,-66,118,-13180,-5104,7824,-327,-26,-154,0
1003.4397671222688,7676,6388,12020,-365,210,-73,6200,-9932,10704,-143,326,-99,-13244,5248,6144,-805,-91,100,-13188,-4984,7748,-247,-70,-182,0
1003.47345495224,7432,6148,12040,-351,122,-142,6272,-9724,10372,-116,421,-151,-13012,5356,6280,-798,-62,96,-13116,-4976,7768,-10,0,-172,0
1003.5069050788879,7364,6296,12068,-337,64,-119,6196,-9832,10492,-190,312,-188,-12812,5524,6100,-869,26,114,-13300,-4972,7752,-253,32,-70,0
1003.5403249263763,7528,6216,12144,-319,71,-50,6348,-9860,10472,-240,224,-209,-13076,5528,6240,-773,58,91,-13404,-4900,7892,-261,6,-21,0
1003.5739719867706,7556,6136,12124,-312,115,35,6248,-9940,10428,-260,153,-157,-13260,5524,6116,-764,116,135,-13340,-4880,7960,-316,-9,22,0
1003.6075119972228,7484,6060,12208,-354,133,98,6352,-9956,10168,-320,117,-149,-13048,5524,6164,-811,128,111,-13392,-4836,7900,-341,-29,4,0
1003.6407079696656,7464,5968,12300,-307,54,90,6204,-9852,10372,-243,156,-126,-13264,5384,6360,-828,131,167,-13312,-4904,7944,-369,-16,-12,0
1003.6742041110992,7460,6036,12140,-280,103,94,6420,-9908,10308,-212,268,-114,-13108,5520,5904,-817,45,116,-13332,-4848,7760,-392,-255,-105,0
1003.7077379226683,7576,6036,12180,-194,57,41,6420,-10112,10340,-176,229,-96,-12992,5576,6084,-847,20,92,-13280,-4668,7936,-452,-33,-134,0
1003.7413020133972,7456,5928,12176,-187,95,75,6308,-10100,10240,-98,237,-66,-13004,5560,6176,-908,-37,88,-13200,-4700,7736,-487,-32,-153,0
1003.7749540805816,7492,5912,12160,-123,99,70,5892,-10100,10232,-59,230,-57,-12920,5376,6204,-1010,-11,250,-13076,-4744,7952,-522,3,-139,0
1003.8120589256288,7224,5896,12264,-105,36,84,6228,-10112,10452,-17,242,-64,-13060,5472,6324,-1031,251,-19,-13184,-4844,8084,-534,60,-173,0
1003.8549730777739,7348,5924,12292,-39,-68,86,6176,-10200,10276,23,130,-144,-12876,5704,6160,-999,62,-147,-13176,-4760,7928,-627,186,-143,0
1003.8907511234283,7284,5936,12276,36,-109,141,6224,-10100,10260,69,44,-197,-12884,5672,5844,-1213,220,-194,-13144,-4700,8128,-641,205,-125,0
1003.9256210327147,7412,5960,12316,36,-209,190,6200,-10028,10472,41,-110,-295,-12996,5376,6368,-1242,210,-1,-13192,-4928,7980,-644,229,-159,0
1003.9611809253691,7276,6176,12272,61,-317,189,6248,-10036,10484,17,-32,-286,-12908,5516,6360,-1220,217,-238,-13048,-4868,7804,-666,266,-122,0
1003.9960200786592,7284,6376,12248,51,-298,180,6204,-9840,10488,58,-81,-510,-12920,5600,6348,-1192,176,-291,-13156,-4928,8092,-709,278,-86,0
1004.0318701267244,7492,6204,12092,91,-199,216,6244,-10028,10364,58,-104,-165,-12868,5780,6240,-1269,227,-197,-13388,-5196,8028,-705,201,-119,0
1004.0678141117096,7496,6336,12336,98,-124,194,6180,-9856,10388,33,-49,-159,-13208,5148,6316,-1095,123,-160,-13332,-5000,7816,-740,144,-182,0
1004.1028010845184,7420,6160,12044,142,-212,181,6360,-9852,10268,-77,30,-169,-12944,5420,5680,-1008,147,-175,-12996,-4844,7604,-857,307,-106,0
1004.1387670040132,7508,5664,11552,270,-328,367,6316,-9996,9844,95,-212,-159,-12896,5552,5752,-1373,307,-298,-12940,-4396,7684,-963,463,4,0
1004.1743080615996,7516,5664,11900,418,-359,525,6344,-9964,10172,373,-301,-105,-13100,5360,6076,-1464,269,-370,-13356,-4908,7820,-962,423,-68,0
1004.2100570201874,7668,6184,12032,340,-200,416,6680,-9960,10392,401,-188,-110,-13316,5464,6204,-1462,269,-231,-13660,-5004,7992,-891,233,-149,0
1004.2455410957336,7780,6240,12312,238,-64,295,6900,-10084,10472,242,-10,-32,-13356,5492,6576,-1332,132,-171,-13600,-5012,7800,-847,204,-186,0
1004.2818529605865,7804,6272,12284,193,-152,278,6480,-10080,10508,215,-39,-143,-12948,5604,6160,-1536,168,-41,-13260,-5032,7796,-788,311,-59,0
1004.317717075348,7444,6316,12224,146,-388,351,6252,-10028,10324,176,-188,-255,-13084,5204,6216,-1287,336,-413,-13256,-5068,7676,-755,479,-3,0
1004.3534450531006,7524,6260,11816,106,-533,364,6452,-9980,10420,120,-219,-341,-13236,5168,6312,-1207,376,-367,-13400,-5160,7716,-647,441,21,0
1004.3892800807952,7636,6388,11820,-40,-405,324,6448,-9780,10512,140,-81,-310,-13108,5236,6372,-1208,283,-330,-13544,-5192,7728,-571,393,-85,0
1004.4244041442872,7424,6624,12088,-103,-314,217,6600,-9780,10448,156,32,-289,-13180,4952,6300,-1144,152,-321,-13476,-5156,7676,-623,310,-119,0
1004.4602420330048,7904,6364,11924,-20,-285,135,6604,-9668,10480,125,82,-271,-13192,5108,6256,-1147,159,-6,-13332,-5368,7888,-589,324,-147,0
1004.4939799308776,7800,6648,12268,-85,-269,120,6424,-9692,10384,127,46,-259,-13196,5152,6264,-1091,166,-199,-13224,-5120,7624,-579,286,-91,0
1004.5273630619048,7828,6292,12032,-71,-298,211,6420,-9752,10352,61,14,-249,-13200,5188,6072,-1117,225,-510,-13360,-5008,7424,-578,296,-47,0
1004.5608060359956,7792,6348,12008,-46,-302,275,6576,-9700,10704,91,-37,-232,-13240,5096,6396,-1114,288,-239,-13400,-4992,7456,-550,266,23,0
1004.5943260192872,7780,6364,11860,-57,-276,292,6552,-9816,10376,-1,-86,-169,-13176,5252,6112,-1118,301,-139,-13532,-5048,7612,-657,208,54,0
1004.6276240348816,7884,6304,11956,-100,-237,305,6588,-9736,10344,-47,-85,-160,-13236,5032,6068,-1044,244,-112,-13524,-4932,7492,-571,180,10,0
1004.6611580848694,7896,6356,11872,-73,-191,255,6676,-9808,10400,-66,-7,-217,-13312,5072,6092,-984,212,-113,-13436,-5028,7496,-562,217,8,0
1004.6947150230408,7828,6212,11900,-67,-116,198,6736,-9768,10356,-49,-51,-204,-13256,5032,5908,-1034,168,-128,-13452,-4884,7552,-579,209,-104,0
1004.7281830310822,7816,6184,12040,-95,-80,126,6868,-9820,10432,23,82,-196,-13300,5252,6044,-1003,58,-135,-13400,-5056,7428,-582,175,-190,0
1004.7617700099944,7844,6184,11860,-68,-57,71,6404,-9796,10424,21,104,-192,-13252,5108,6228,-923,20,-132,-13452,-4916,7576,-577,169,-172,0
1004.7954869270324,7900,6212,11948,-12,-45,55,6680,-9884,10336,21,99,-191,-13208,5104,6040,-1070,86,-71,-13384,-4892,7512,-566,197,-167,0
1004.8288760185242,7820,6300,11584,-24,-61,95,6616,-9684,10328,43,81,-173,-13448,5156,5940,-1056,73,-119,-13352,-5088,7672,-562,154,-163,0
1004.8623459339142,7828,6328,12272,-28,-27,98,6880,-9780,10280,29,81,-196,-13144,5284,6188,-1040,102,-96,-13424,-4900,7424,-565,151,-135,0
1004.8956050872804,7748,6232,11836,-73,-52,91,6640,-9836,10368,13,149,-173,-13144,5208,6028,-1021,68,-126,-13496,-4984,7720,-559,178,-150,0
1004.9291839599609,7732,6380,11892,-52,-97,92,6584,-9784,10424,-32,118,-207,-13184,5132,5968,-1044,75,-121,-13100,-4972,7616,-572,137,-174,0
1004.962646007538,7740,6372,12000,-44,-95,113,6612,-9632,10420,29,129,-185,-13172,5372,6296,-1027,15,-94,-13328,-5080,7440,-627,165,-163,0
1004.9962060451508,7784,6448,11856,-83,-83,135,6408,-9780,10304,14,90,-221,-13128,5080,6316,-1041,102,-68,-13404,-5100,7612,-588,126,-135,0
1005.0297269821168,7856,6652,11724,-73,-53,118,6576,-9808,10480,-54,58,-146,-13228,5100,6180,-955,62,-78,-13384,-5228,7512,-555,94,-151,0
1005.063236951828,7824,6380,11996,-76,-14,101,6624,-9732,10384,-62,74,-153,-13140,5160,6148,-1030,118,-104,-13332,-5028,7616,-589,80,-107,0
1005.0968499183656,7764,6484,11968,-32,-62,139,6644,-9756,10304,-41,19,-133,-13212,5008,6324,-996,119,-93,-13320,-5104,7488,-547,147,-87,0
1005.1303789615632,7740,6636,11828,-13,-137,147,6708,-9696,10400,-58,55,-201,-13356,5044,6196,-987,111,-90,-13468,-5156,7604,-487,171,-111,0
1005.1638340950012,7908,6420,11852,-57,-99,90,6744,-9752,10296,-29,98,-236,-13284,5144,6100,-972,111,-98,-13640,-5088,7548,-478,178,-99,0
1005.1975219249724,8120,6420,11824,-90,-95,77,6584,-9736,10236,-67,117,-247,-13240,5112,6156,-943,62,-124,-13476,-5060,7552,-482,171,-128,0
1005.2307209968568,7832,6444,11824,-101,-130,79,6732,-9868,10432,-69,105,-243,-13212,4992,6148,-955,100,-144,-13336,-5140,7576,-502,158,-136,0
1005.2641570568084,7688,6536,11812,-142,-125,68,6656,-9768,10460,-122,156,-497,-13268,5108,6212,-835,48,-111,-13480,-5044,7628,-510,208,-123,0
1005.2977249622344,7780,6224,11772,-176,-124,13,6656,-9776,10312,-127,80,-512,-13052,5152,5948,-936,82,-91,-13356,-4872,7612,-412,131,-137,0
1005.3312959671019,7844,6308,11852,-144,-74,41,6612,-9820,10360,-38,140,-246,-13136,5204,5984,-985,89,-135,-13472,-4980,7488,-456,239,-145,0
1005.3650050163268,7856,6348,11780,-91,-131,36,6872,-9732,10436,-39,151,-279,-13180,4916,6084,-930,31,-232,-13464,-4948,7536,-475,228,-140,0
1005.398323059082,7904,6288,11608,-48,-169,51,6704,-9776,10328,-45,135,-277,-13128,4920,5960,-960,63,-195,-13540,-5056,7904,-415,220,-122,0
1005.4318690299988,7868,6308,11936,-141,-71,99,6844,-9792,10456,-23,31,-195,-13124,5228,6048,-1004,131,-96,-13400,-5112,7436,-362,128,-101,0
1005.4651651382446,7784,6188,11836,-178,-45,92,6560,-9876,10260,-68,128,-207,-13324,5132,6460,-941,102,-71,-13344,-4968,7620,-465,159,-165,0
1005.502701997757,7760,6328,11948,-175,-86,57,6712,-9916,10356,-13,211,-204,-13216,5308,6008,-961,4,-103,-13368,-5024,7512,-762,170,-200,0
1005.538645029068,7808,6504,11992,-96,-105,49,6680,-9752,10384,-3,189,-205,-13172,5128,5888,-1045,18,-104,-13452,-5020,7628,-564,197,-197,0
1005.5734441280364,7840,6344,11836,-86,-98,67,6696,-9828,10256,65,185,-178,-13196,5180,6116,-1043,33,-76,-13496,-4948,7524,-537,159,-147,0
1005.6093311309816,7804,6392,11824,-98,-58,115,6692,-9904,10284,36,155,-152,-13120,4880,6172,-1061,121,-98,-13568,-5104,7756,-485,174,-84,0
1005.6444890499116,7860,6648,11900,-148,-142,171,6600,-9816,10432,11,45,-176,-13144,5064,5900,-1087,175,-90,-13376,-5120,7908,-434,204,-28,0
1005.6800451278688,7732,6408,11920,-153,-145,180,6572,-9784,10392,-58,61,-216,-13184,4924,6236,-990,167,-163,-13460,-5052,7640,-490,200,-49,0
1005.71524310112,7780,6304,11888,-143,-216,167,6636,-9924,10088,-45,100,-240,-13304,5288,6216,-1021,166,-158,-13496,-5164,7432,-258,265,-67,0
1005.7504830360411,7716,6320,11688,-205,-264,178,6752,-9832,10308,-254,124,-277,-13484,5044,6164,-1043,118,-214,-13408,-5096,7488,-485,287,-89,0
1005.7859749794006,7856,6440,11748,-155,-274,145,6700,-9720,10408,39,103,-279,-13232,4988,6044,-770,154,-205,-13492,-5144,7480,-461,293,-72,0
1005.8218760490417,7796,6384,11868,-240,-502,140,6632,-9780,10356,41,106,-316,-13216,5028,5892,-980,197,-214,-13488,-5276,7736,-412,301,-49,0
1005.8578159809111,7896,6300,11888,-275,-218,146,6656,-9536,10384,18,60,-277,-13284,5092,5964,-1014,222,-178,-13340,-4972,7520,-427,256,-52,0
1005.8929851055144,7956,6356,11672,-243,-243,197,6672,-9692,10304,-32,70,-290,-13284,5016,6032,-947,163,-204,-13424,-5140,7480,-436,221,-64,0
1005.9280769824982,7916,6448,11924,-229,-261,197,6772,-9752,10184,-34,78,-228,-13104,5088,6032,-982,194,-162,-13400,-4932,7396,-476,205,-66,0
1005.9636499881744,7984,6320,11868,-215,-238,181,6768,-9600,10256,-12,71,-248,-13192,4944,6212,-999,167,-166,-13468,-5068,7400,-454,233,-47,0
1005.9991979599,7936,6272,11860,-186,-267,174,6908,-9732,10456,-6,47,-239,-13200,5028,5956,-1027,206,-196,-13512,-4992,7632,-455,224,-47,0
1006.034070968628,7884,6240,11856,-139,-169,214,6620,-9740,10296,-18,2,-207,-13224,5016,6168,-1018,227,-124,-13500,-5100,7512,-491,200,-36,0
1006.0696260929108,7952,6340,11828,-144,-203,159,6716,-9864,10244,-27,71,-244,-13352,4880,6056,-1020,119,-134,-13496,-5080,7284,-484,221,-101,0
1006.1048109531404,7988,6192,11736,-155,-117,113,6700,-9792,10128,-23,115,-229,-13224,4996,5996,-1013,135,-101,-13476,-4976,7440,-514,176,-119,0
1006.140121936798,7948,6296,11768,-117,-125,83,6872,-9768,10256,250,114,-225,-13280,5032,6132,-769,130,-130,-13524,-5016,7476,-493,205,-120,0
1006.1738679409028,7964,6276,11700,-151,-61,95,6808,-9700,10348,6,128,-195,-13336,5040,6260,-1038,128,-127,-13548,-4896,7552,-493,125,-152,0
1006.2074830532074,8060,6276,11888,-165,-50,69,6816,-9668,10344,4,120,-174,-13552,4948,6124,-1040,87,-118,-13380,-5012,7348,-479,152,-149,0
1006.2410209178923,8000,6328,11804,-193,-53,86,6780,-9792,10360,-26,132,-185,-13256,4980,6204,-1013,112,-82,-13468,-4992,7564,-475,142,-81,0
1006.2745261192322,7912,6168,11840,-146,-94,116,6684,-9708,10372,-33,27,-219,-13248,5000,6044,-1032,140,-72,-13392,-4964,7460,-475,162,-106,0
1006.3081080913544,7792,6376,11976,-100,-137,129,6692,-9704,10440,-3,99,-194,-13216,5004,6164,-983,103,-86,-13344,-5000,7500,-768,157,-112,0
1006.3418531417848,7864,6316,11764,-128,-125,127,6620,-9784,10204,-4,115,-200,-13144,4960,6100,-1005,143,-123,-13392,-5004,7524,-485,161,-153,0
1006.375412940979,8000,6284,11740,-116,-80,110,6756,-9664,10320,-19,122,-206,-13232,5088,5916,-999,52,-109,-13484,-4968,7392,-520,166,-156,0
1006.4087419509888,7692,6288,11588,-140,-35,107,6692,-9872,10400,57,152,-175,-13064,4964,6292,-1001,76,-108,-13412,-5032,7540,-538,174,-148,0
1006.4421970844268,8024,6156,11588,-151,-61,141,6708,-9696,10424,72,102,-161,-13212,4956,6152,-1064,144,-84,-13412,-5092,7660,-486,171,-99,0
1006.4756700992584,7756,6472,11740,-76,-70,127,6800,-9704,10372,-32,138,-171,-13376,5044,5964,-994,117,-101,-13568,-5016,7368,-259,110,-121,0
1006.5090520381927,8148,6180,11836,-126,-63,101,6744,-9672,10488,-96,170,-164,-13544,5036,6100,-932,73,-31,-13432,-4960,7652,-260,133,-145,0
1006.5424180030824,7736,6332,11668,-161,-34,101,6716,-9668,10472,-253,184,-137,-13252,4912,6100,-997,89,-61,-13508,-5044,7432,-460,143,-74,0
1006.5758090019226,7932,6184,11776,-140,-41,128,6908,-9964,10296,-26,101,-134,-13064,5120,6028,-1036,137,-85,-13376,-5064,7592,-485,135,-81,0
1006.6094920635223,7932,6380,11896,-133,-60,139,6772,-9692,10188,-71,104,-171,-13324,4976,6364,-995,116,-55,-13452,-4956,7464,-560,116,-156,0
1006.6426439285278,7984,6344,11712,-55,-51,95,6780,-9764,10332,-65,168,-167,-13272,5048,6104,-998,47,-58,-13348,-4976,7452,-536,88,-134,0
1006.676085948944,7732,6356,11884,-99,-37,98,6792,-9776,10300,16,142,-129,-13344,4948,6032,-1061,95,-131,-13392,-4964,7444,-522,163,-132,0
1006.7097539901733,7684,6300,11528,-119,-57,102,6828,-9828,10280,9,141,-182,-13140,4960,5992,-1051,111,-79,-13412,-4964,7176,-535,232,-125,0
1006.7432370185852,7868,6284,11860,-97,-174,137,6656,-9716,10308,-20,82,-195,-13228,4992,5996,-1056,182,-114,-13476,-5064,7772,-543,229,-73,0
1006.7768070697784,7928,6296,11800,-90,-152,179,6620,-9964,10300,-12,251,-236,-13180,5096,5900,-1044,236,-113,-13424,-5052,7420,-566,207,-80,0
1006.8103709220886,7936,6228,11536,-80,-154,163,6756,-9692,10392,-25,49,-214,-13292,5164,6112,-1000,156,-119,-13428,-5040,7632,-508,236,-63,0
1006.843801021576,7880,6352,11564,-127,-119,165,6776,-9696,10412,-27,36,-211,-13528,5020,6156,-1276,137,-156,-13452,-5064,7600,-489,216,-99,0
1006.8774869441986,7904,6608,11876,-128,-130,125,6824,-9712,10480,-24,105,-220,-13320,5032,6132,-1004,135,-147,-13472,-5108,7648,-478,155,-94,0
1006.9106950759888,8036,6388,11788,-108,-130,80,6944,-9536,10332,-118,170,-217,-13448,5040,6096,-976,35,-98,-13612,-5016,7516,-511,110,-180,0
1006.9440450668336,8044,6392,11532,-128,-75,46,6916,-9620,10412,-12,193,-175,-13360,4900,6164,-974,11,-81,-13512,-5008,7392,-457,127,-184,0
1006.97762799263,7928,6204,11924,-136,-21,64,6664,-9608,10304,4,189,-193,-13240,4936,6136,-1003,116,-93,-13432,-5016,7640,-466,182,-119,0
1007.0111010074615,7968,6396,11800,-156,-84,69,6856,-9512,10320,-34,147,-203,-13200,4964,6068,-1004,108,-127,-13452,-5100,7468,-469,181,-121,0
1007.0445771217346,7888,6592,11768,-174,-89,122,6612,-9756,10420,-70,115,-209,-13200,5056,6016,-955,165,-105,-13488,-4964,7496,-470,145,-99,0
1007.0781190395356,7988,6144,11724,-126,-68,133,6744,-9692,10220,-88,87,-160,-13068,5072,6136,-995,144,-40,-13476,-4992,7468,-767,140,-110,0
1007.1117920875548,8048,6316,11588,-124,-58,116,6768,-9700,10392,-41,122,-138,-13280,5044,5936,-1009,82,-72,-13488,-5000,7480,-515,144,-133,0
1007.144765138626,7896,6312,11996,-147,-47,88,6764,-9716,10216,-17,172,-155,-13212,5040,6080,-985,70,-85,-13492,-4956,7492,-507,153,-111,0
1007.1821110248566,7820,6312,11760,-142,-77,96,6580,-9704,10548,-30,155,-151,-13304,5024,6044,-1025,82,-80,-13432,-5076,7704,-484,125,-105,0
1007.218045949936,7692,6352,11868,-125,-68,111,6772,-9800,10356,-39,108,-161,-13228,5088,5992,-1018,154,-67,-13416,-4936,7592,-480,132,-95,0
1007.2535040378572,7940,6328,11524,-115,-55,142,6756,-9744,10224,-52,92,-195,-13296,5076,5972,-1032,172,-130,-13460,-5000,7668,-508,159,-84,0
1007.2891709804536,7948,6308,11748,-140,-125,116,6864,-9736,10084,-35,78,-189,-13284,5004,6124,-1026,140,-53,-13472,-5024,7476,-496,192,-117,0
1007.324499130249,7772,6344,11892,-149,-94,137,6848,-9744,10296,-11,118,-210,-13476,4952,6044,-1038,182,-94,-13524,-5024,7480,-471,166,-100,0
1007.3602499961852,7996,6416,11896,-184,-119,112,6904,-9804,10340,-34,132,-191,-13368,4912,5988,-969,87,-89,-13532,-5364,7472,-499,189,-108,0
1007.395450115204,7936,6388,11708,-138,-107,98,6824,-9700,10372,-60,135,-202,-13568,4984,5996,-995,95,-129,-13408,-5044,7372,-506,146,-91,0
1007.4308130741119,7824,6176,11392,-157,-106,120,6736,-9796,10448,-9,115,-160,-13300,4932,6068,-1037,107,-99,-13540,-5004,7448,-469,138,-129,0
1007.4661450386047,8144,6164,11736,-167,-90,132,6780,-9908,10380,-12,107,-161,-13488,5076,6232,-1053,107,-25,-13532,-5072,7492,-464,104,-84,0
1007.5018680095671,7800,6380,11852,-147,-64,147,6616,-9804,10476,6,113,-186,-13160,4944,6148,-1021,129,-36,-13300,-5012,7632,-468,101,-75,0
1007.5375881195068,7928,6388,11904,-158,-50,156,6800,-9672,10304,-61,121,-182,-13240,5016,6096,-1017,141,-64,-13304,-5148,7488,-499,133,-79,0
1007.5729920864104,7952,6308,11700,-170,-111,131,6680,-9656,10096,-18,103,-178,-13368,4956,6072,-1027,126,-55,-13488,-5120,7248,-472,176,-100,0
1007.6080849170684,7784,6432,11796,-163,-127,128,6716,-9972,10408,-17,120,-198,-13244,4992,5996,-1275,115,-74,-13428,-4988,7560,-485,165,-104,0
1007.6433141231536,8052,6264,11584,-159,-93,107,6724,-9788,10344,7,177,-193,-13160,4984,6020,-1024,118,-118,-13428,-5064,7628,-493,169,-99,0
1007.6793580055236,7892,6304,11896,-157,-149,105,6844,-9948,10308,-44,128,-217,-13264,4964,6052,-973,128,-81,-13496,-5016,7424,-484,199,-97,0
1007.714474916458,7776,6300,11960,-149,-110,102,6840,-9680,10424,-58,144,-177,-13308,5044,6064,-971,62,-86,-13320,-5028,7664,-525,151,-146,0
1007.750190973282,7956,6324,11772,-155,-96,99,6744,-9692,10360,-64,144,-168,-13252,4944,6100,-979,70,-53,-13476,-5064,7456,-484,157,-118,0
1007.7855410575868,7808,6384,11688,-148,-92,122,6752,-9676,10364,-61,120,-179,-13288,4988,6128,-967,132,-95,-13552,-4944,7284,-487,124,-94,0
1007.822184085846,8060,6444,11912,-130,-115,121,6788,-9508,10344,-63,101,-177,-13304,5352,5936,-1013,121,-54,-13452,-4956,7664,-532,148,-117,0
1007.8555660247804,7928,6304,11636,-145,-72,150,6756,-9836,10348,-31,106,-131,-13232,4988,6064,-1054,73,-44,-13496,-5044,7512,-542,131,-108,0
1007.8890020847319,7952,6364,11844,-83,-85,98,6904,-9772,10396,-13,175,-132,-13084,4908,5932,-1077,79,-91,-13424,-5048,7472,-522,112,-137,0
1007.9223520755768,8156,6168,11840,-161,-33,76,6756,-9656,10240,250,175,-126,-13260,5020,6224,-772,76,-66,-13348,-4900,7604,-541,141,-178,0
1007.9556450843812,7748,6320,11524,-183,-17,113,6688,-9964,10196,63,154,-154,-13244,5052,6056,-1071,112,-64,-13344,-4988,7528,-482,175,-89,0
1007.989042043686,8024,6360,11676,-107,-56,142,6672,-9724,10388,12,90,-145,-13520,4892,6184,-1060,118,-77,-13436,-5188,7488,-490,150,-79,0
1008.0227921009064,8168,6392,11860,-125,-119,140,6752,-9644,9984,-21,111,-157,-13288,4984,6004,-1014,69,-69,-13516,-5068,7576,-536,122,-129,0
1008.0561370849609,8124,6296,11740,-108,-76,94,6876,-9676,10304,-78,158,-174,-13332,4948,6084,-988,89,-120,-13476,-4936,7480,-476,117,-119,0
1008.0896410942078,8112,6308,11724,-154,-80,116,6892,-9736,10292,15,148,-186,-13332,5068,6028,-1036,41,-99,-13424,-5112,7480,-480,179,-111,0
1008.1233849525452,7900,6416,11740,-140,-89,108,6872,-9700,10316,-7,123,-172,-13168,4912,6092,-997,97,-53,-13412,-4988,7432,-515,179,-109,0
1008.1569011211396,8020,6384,11740,-129,-126,101,6896,-9676,10452,-38,119,-198,-13068,5028,6036,-1000,102,-95,-13544,-4980,7524,-475,185,-95,0
1008.1904349327087,7928,6412,11732,-140,-88,110,6760,-9684,10316,-16,117,-196,-13564,5012,5948,-975,147,-61,-13456,-4884,7432,-475,137,-122,0
1008.2239501476288,7964,6380,11840,-162,-87,114,6784,-9764,10340,-6,180,-188,-13348,4812,6080,-975,44,-78,-13512,-5000,7424,-498,155,-104,0
1008.257318019867,7888,6360,11872,-148,-83,100,6752,-9856,10432,-9,189,-187,-13076,5016,6184,-969,74,-135,-13552,-5012,7648,-485,156,-90,0
1008.2907960414888,7880,6312,11872,-155,-118,118,6768,-9664,10280,-16,162,-195,-13264,5020,6108,-1014,76,-121,-13436,-4868,7288,-477,136,-112,0
1008.3243720531464,8032,6344,11860,-158,-125,91,6736,-9724,10460,254,178,-196,-13384,5024,6144,-981,47,-59,-13512,-5000,7360,-458,137,-127,0
1008.3580131530762,8024,6360,11764,-159,-94,87,6732,-9784,10332,-27,177,-165,-13324,4920,6136,-999,75,-66,-13376,-4944,7392,-501,146,-148,0
1008.3912830352784,8000,6268,11888,-153,-74,58,6752,-9476,10408,14,169,-168,-13548,4956,6308,-1008,16,-64,-13444,-5000,7648,-498,115,-147,0
1008.4246270656586,7988,6328,11736,-127,-27,61,6820,-9848,10292,-29,162,-155,-13548,4988,6096,-966,44,-73,-13336,-5008,7492,-522,114,-140,0
1008.4582359790802,7820,6372,11716,-124,-15,108,6768,-9528,10304,-25,121,-137,-13232,4976,6180,-770,86,-34,-13452,-5000,7428,-490,161,-121,0
1008.4917719364166,7920,6372,11832,-134,-44,110,6736,-9692,10312,-30,116,-155,-13244,4832,6088,-989,130,-49,-13420,-5032,7508,-513,141,-103,0
1008.5255210399628,7944,6316,11740,-107,-57,101,6824,-9476,10272,-65,100,-183,-13252,4908,6040,-997,92,-68,-13560,-5012,7464,-527,141,-130,0
1008.5588891506196,8016,6284,11716,-132,-30,95,6752,-9760,10336,-15,109,-162,-13116,5056,6048,-1059,88,-98,-13496,-5020,7276,-517,158,-155,0
1008.592076063156,8008,6180,11860,-77,-61,85,6756,-9716,10500,-27,138,-118,-13272,5032,6116,-1056,61,-53,-13512,-5300,7468,-536,120,-157,0
1008.6257100105286,8024,6436,11772,-92,-17,77,6864,-9756,10540,-44,198,-128,-13396,5004,5900,-965,-5,19,-13512,-5032,7476,-515,77,-172,0
1008.6587970256805,7684,6452,11716,-139,67,42,6700,-9504,10272,-55,209,-145,-13232,5016,5932,-943,0,-5,-13452,-5000,7260,-505,81,-188,0
1008.6923401355743,7892,6376,11776,-135,57,60,6688,-9792,10288,-39,222,-155,-13296,5040,6144,-987,27,-70,-13376,-4984,7576,-458,97,-144,0
1008.7259850502014,7844,6352,11728,-107,-15,79,6576,-9788,10308,-54,166,-146,-13236,4988,6176,-996,81,-53,-13456,-5256,7436,-488,71,-146,0
1008.7596089839935,7840,6356,11840,-129,-50,76,6788,-9748,10460,-65,136,-188,-13192,4956,6164,-988,113,-21,-13320,-4996,7552,-500,100,-113,0
1008.79314994812,7820,6352,11884,-122,-31,100,6820,-9764,10392,-52,93,-181,-13272,5068,6240,-996,137,-20,-13408,-4992,7664,-506,161,-115,0
1008.8261790275574,7796,6316,11764,-113,-54,145,6476,-9652,10380,-23,66,-196,-13268,5012,6304,-1277,135,-76,-13440,-5056,7448,-525,137,-104,0
1008.8679220676422,7816,6420,11780,-61,-84,142,6744,-9652,10248,-33,94,-167,-13136,4984,6184,-1042,112,-67,-13168,-5016,7652,-555,137,-124,0
1008.9036030769348,7896,6376,11800,-145,-28,121,6836,-9652,10324,-38,144,-154,-13236,4912,6120,-993,87,-6,-13512,-5112,7504,-512,115,-120,0
1008.939346075058,7980,6352,11808,-183,-51,102,6820,-9712,10416,-31,166,-142,-13268,5040,6168,-972,80,-43,-13492,-4976,7500,-490,120,-145,0
1008.9742710590364,7920,6332,11840,-151,-63,116,6688,-9740,10436,8,163,-168,-13436,4996,6276,-1016,83,-89,-13316,-5060,7604,-498,166,-101,0
1009.009418964386,8164,6432,11744,-145,-91,104,6696,-9904,10360,35,174,-208,-13216,4964,6248,-985,104,-124,-13456,-5032,7504,-492,189,-84,0
1009.0454890727996,7732,6456,11968,-161,-146,146,6744,-9696,10356,-37,134,-216,-13112,5080,6384,-988,144,-104,-13452,-5104,7632,-494,197,-71,0
1009.0812439918518,7896,6368,11972,-151,-169,156,6752,-9788,10340,-57,141,-232,-13072,4964,6248,-987,157,-142,-13436,-5016,7344,-478,203,-99,0
1009.117182970047,7792,6360,11804,-136,-222,143,6680,-9716,10360,-2,118,-253,-13200,5024,6180,-1028,152,-152,-13396,-5108,7456,-447,510,-86,0
1009.151932001114,7828,6388,11868,-210,-205,145,6652,-9620,10472,-14,125,-251,-13236,5028,6220,-984,151,-146,-13376,-5140,7484,-407,212,-79,0
1009.1877999305724,7968,6616,11984,-249,-196,149,6672,-9620,10348,-3,112,-253,-13332,4992,6200,-1004,190,-102,-13452,-5032,7584,-430,205,-46,0
1009.222587108612,7992,6352,11716,-223,-216,153,6776,-9928,10428,-43,96,-241,-13316,5064,6372,-1004,152,-115,-13472,-4988,7444,-461,183,-72,0
1009.2581560611724,8084,6276,11800,-207,-202,181,6764,-9700,10428,-27,93,-249,-13216,4948,6356,-998,148,-161,-13556,-5120,7596,-430,194,-61,0
1009.2937290668488,7908,6372,11692,-222,-207,152,6748,-9772,10684,-4,114,-487,-13292,4964,6176,-991,193,-129,-13476,-5088,7488,-467,198,-76,0
1009.3291571140288,7792,6352,11828,-200,-241,163,6796,-9744,10144,-31,90,-4,-13556,4908,6132,-980,188,-151,-13548,-4908,7408,-443,212,-36,0
1009.3641459941864,7816,6272,11548,-225,-205,171,6800,-9700,10236,-18,130,-232,-13344,5024,5988,-1003,190,-91,-13392,-4996,7608,-478,195,-79,0
1009.4003520011902,8056,6292,11760,-217,-176,168,6816,-9736,10340,19,82,-201,-13436,5016,5932,-770,149,-108,-13488,-5056,7232,-444,155,-52,0
1009.4353160858154,7992,6348,11876,-223,-161,163,6668,-9636,10268,22,105,-187,-13284,4924,5984,-779,179,-64,-13716,-5004,7544,-466,144,-55,0
1009.4716880321504,8008,6284,11868,-203,-179,164,6716,-9928,10344,-36,80,-212,-13372,5008,6208,-1019,161,-111,-13468,-4972,7620,-479,196,-78,0
1009.5073370933532,8068,6288,11812,-182,-194,169,6596,-9696,10348,-14,62,-238,-13284,4976,5956,-1023,158,-120,-13644,-4932,7672,-469,229,-15,0
1009.5408990383148,8028,6236,11824,-159,-208,176,6680,-9664,10368,-39,75,-226,-13332,4868,6164,-1278,163,-125,-13448,-4980,7568,-493,192,-88,0
1009.574418067932,8024,6256,11732,-161,-188,116,6836,-9696,10184,-23,93,-247,-13240,5016,6176,-1022,114,-157,-13412,-4920,7528,-486,211,-89,0
1009.6077120304108,8008,6192,11680,-221,-126,123,6764,-9748,10364,60,122,-216,-13304,4924,5912,-770,108,-105,-13496,-4900,7176,-480,217,-94,0
1009.6410050392152,8012,6332,11640,-185,-168,144,6852,-9616,10288,255,90,-229,-13216,5024,5972,-1040,153,-100,-13500,-4968,7524,-491,215,-78,0
1009.6744570732116,7996,6388,11696,-153,-154,144,6696,-9520,10284,-5,47,-231,-13472,4992,6392,-1040,187,-160,-13500,-5088,7312,-499,239,-86,0
1009.707937002182,7996,6372,11568,-372,519,188,6920,-9736,10432,-3,79,-237,-13240,4936,6340,-1011,157,-159,-13468,-4948,7512,-504,214,-108,0
1009.741651058197,8032,6288,11908,-144,-179,139,6880,-9680,10360,-45,112,-2,-13472,4948,5912,-1006,112,-162,-13544,-5116,7620,-484,195,-69,0
1009.775013923645,8104,6312,11688,-156,-176,118,6844,-9612,10412,-247,116,-200,-13276,4956,6004,-1002,120,-82,-13516,-5076,7548,-491,160,-72,0
1009.8085811138152,8072,6296,11724,-132,-115,122,6816,-9652,10296,-32,116,-183,-13392,4840,6332,-1018,133,-94,-13392,-4996,7524,-503,177,-81,0
1009.8420140743256,8056,6348,11860,-156,-100,123,6872,-9656,10260,-25,101,-215,-13208,4940,6032,-1032,199,-100,-13536,-4968,7356,-479,187,-62,0
1009.875419139862,8136,6288,11584,-189,-135,136,6816,-9636,10296,-78,22,-226,-13072,4936,6120,-1002,215,-96,-13480,-4964,7216,-488,165,-60,0
1009.9086389541626,8092,6272,11812,-151,-170,192,6780,-9724,10244,-96,58,-198,-13552,5004,5988,-1001,157,-62,-13480,-4980,7344,-481,194,-46,0
1009.9422619342804,8076,6164,11648,-179,-106,158,6844,-9660,10256,-30,79,-182,-13540,4924,6052,-1006,204,-84,-13544,-4636,7476,-477,149,-63,0
1009.9757001399994,8180,6320,11676,-146,-105,127,6860,-9724,10012,-65,63,-203,-13296,4792,6108,-1005,148,-125,-13616,-5076,7368,-452,155,-81,0
1010.0092239379884,8056,6264,11540,-165,-104,116,6936,-9632,10468,-33,102,-182,-13444,4968,5984,-970,102,-160,-13468,-4852,7336,-478,181,-149,0
1010.0428080558776,8156,6216,11808,-165,-40,97,6888,-9684,10320,21,162,-206,-13504,4984,6076,-1016,73,-124,-13528,-4892,7460,-494,184,-169,0
1010.076180934906,8168,6212,12024,-132,-103,73,6660,-9808,10316,33,237,-217,-13456,4984,6276,-1062,62,-115,-13496,-5036,7620,-767,204,-184,0
1010.1099939346313,8064,6352,11824,-127,-96,33,6804,-9548,10088,19,166,-240,-13196,4984,6012,-988,54,-130,-13508,-4944,7448,-259,171,-170,0
1010.1432099342346,8056,6232,11596,-104,-123,55,6756,-9748,10356,-24,175,-509,-13248,5060,6192,-1023,85,-144,-13532,-4872,7508,-497,197,-150,0
1010.1768231391908,8068,6228,11816,-133,-77,68,6800,-9696,10324,13,131,-247,-13324,4996,6020,-1056,117,-162,-13480,-4928,7528,-520,230,-127,0
1010.21035695076,8044,5972,11560,-134,-81,96,6836,-9680,10452,249,146,-510,-13308,5108,5960,-1058,126,-162,-13600,-5000,7556,-513,207,-131,0
1010.2438080310822,8436,6288,11532,-127,-114,91,6860,-9636,10324,-46,111,-231,-13340,4900,6068,-951,70,-108,-13612,-4944,7368,-513,180,-171,0
1010.2774550914764,8024,6296,11696,-140,-70,103,6852,-9664,10408,-17,140,-198,-13340,4992,5936,-1065,70,-96,-13464,-5004,7588,-532,199,-123,0
1010.311068058014,8140,6244,11784,-131,-106,100,6856,-9680,10308,8,199,-213,-13300,4700,6164,-1007,63,-104,-13480,-4988,7648,-492,179,-142,0
1010.344535112381,8076,6328,11784,-113,-62,104,6800,-9612,10280,251,132,-207,-13312,4828,6144,-978,81,-137,-13548,-5012,7420,-482,179,-132,0
1010.3781731128691,8096,6360,11756,-168,-74,107,6812,-9508,10388,-40,102,-192,-13080,4792,6156,-997,134,-84,-13504,-5112,7168,-458,173,-82,0
1010.4116361141204,8108,6420,11732,-167,-78,127,6872,-9564,10392,-68,146,-166,-13304,5116,6148,-993,103,-31,-13796,-5024,7452,-494,123,-107,0
1010.4450640678406,8180,6212,11880,-139,-31,85,6872,-9792,10264,-22,101,-137,-13232,4956,5956,-1059,116,-30,-13500,-4940,7560,-470,119,-106,0
1010.4786570072174,8104,6252,11688,-131,-65,135,6768,-9668,10276,-48,133,-173,-13488,4972,6032,-1023,127,-71,-13536,-4996,7216,-460,132,-109,0
1010.5146300792694,7972,6236,11796,-148,-73,96,7096,-9512,10432,-46,116,-172,-13272,4912,5996,-1002,139,-50,-13796,-4828,7312,-470,174,-101,0
1010.5507769584656,8116,6168,11820,-133,-63,129,6772,-9760,10384,-25,101,-170,-13564,4912,5664,-1005,148,-58,-13512,-5004,7412,-510,120,-97,0
1010.5858509540558,8064,6264,11584,-139,251,166,6828,-9724,10040,-33,100,-175,-13380,5044,6016,-773,165,-55,-13424,-4880,7660,-509,143,-81,0
1010.621346950531,8148,6216,11664,-124,-26,122,7092,-9660,10012,-245,131,-160,-13324,4948,5776,-994,90,-97,-13704,-5040,7452,-258,145,-142,0
1010.6562530994416,8080,6248,11828,-140,-37,118,6852,-9688,10204,-16,156,-160,-13340,4900,5996,-1009,86,-107,-13812,-5024,7488,-499,162,-137,0
1010.6921939849854,8040,6172,11692,-139,-70,72,6800,-9716,10304,-26,173,-188,-13296,4852,6136,-999,80,-90,-13520,-4964,7420,-531,167,-138,0
1010.7275140285492,7964,6320,11752,-97,-91,92,6848,-9640,10212,-26,161,-192,-13292,4936,5952,-1024,92,-124,-13484,-4908,7564,-761,152,-143,0
1010.7633180618286,8004,6284,11708,-112,-95,118,6832,-9664,10432,-24,134,-214,-13276,5008,5940,-963,68,-61,-13332,-4944,7492,-509,189,-119,0
1010.798702955246,8008,6268,11868,-151,-76,104,6860,-9616,10248,242,102,-174,-13220,4984,5900,-1030,115,-134,-13592,-5060,7300,-538,170,-127,0
1010.8337070941924,8144,6300,11672,-127,-109,127,6672,-9640,10260,50,193,-204,-13088,4616,5908,-1017,133,-70,-13796,-5024,7672,-261,179,-117,0
1010.869264125824,8048,6260,11752,-142,-117,136,6848,-9700,10288,-52,112,-191,-13380,4940,6156,-1022,112,-113,-13368,-4964,7360,-491,164,-117,0
1010.9047091007232,7984,6632,11820,-154,-126,121,6856,-9556,10336,-43,131,-185,-13336,4912,6168,-966,135,-72,-13408,-4996,7656,-265,167,-86,0
1010.9402041435242,8144,6416,11756,-145,-106,115,6792,-9692,10320,-46,125,-186,-13284,4608,6280,-921,83,-75,-13520,-5016,7184,-493,160,-104,0
1010.9752569198608,8128,6304,11732,-129,-97,136,6828,-9620,10416,-32,146,-195,-13300,4980,6184,-771,121,-49,-13524,-5104,7656,-488,159,-75,0
1011.0110199451448,8340,6300,11724,-136,-94,122,6876,-9732,10396,-36,107,-187,-13376,5072,5964,-1001,126,-80,-13556,-4968,7216,-477,149,-81,0
1011.0462000370026,8200,6260,11716,-151,-78,117,6920,-9684,10268,-56,134,-166,-13296,4876,6176,-994,100,-30,-13544,-5028,7336,-480,156,-120,0
1011.0816209316254,8392,6312,12020,-128,-74,117,6796,-9780,10484,-48,91,-178,-13204,4860,6040,-1013,117,-85,-13476,-4980,7520,-519,131,-127,0
1011.1177880764008,8164,6292,11592,-120,-35,103,6860,-9644,10004,-48,120,-147,-13276,4860,6128,-986,80,-67,-13516,-4916,7428,-570,197,-176,0
1011.1529331207275,8064,6228,11912,-160,78,56,6804,-9672,10164,45,154,-75,-13212,4912,6020,-1067,57,-37,-13476,-4952,7436,-580,252,-164,0
1011.1884269714355,8100,6220,11892,-72,138,49,6848,-9764,10236,34,142,-107,-13368,4900,5980,-1052,21,-29,-13384,-4960,7652,-491,285,-167,0
1011.2221310138704,8060,6404,11824,-163,40,71,6892,-9976,10320,-35,155,-125,-13344,4836,5892,-958,82,-21,-13580,-4976,7640,-561,118,-148,0
1011.2554450035096,8140,6400,11968,-76,3,86,6800,-9796,10420,-81,125,-140,-13128,4684,6024,-936,-25,-69,-13744,-4644,7456,-567,86,-211,0
1011.2890329360962,8016,6292,11964,-102,-20,69,6788,-9664,10436,-24,165,-144,-13536,4904,6012,-986,-8,-50,-13412,-5060,7424,-592,93,-194,0
1011.3225181102752,7932,6380,11764,-45,13,103,6784,-9576,10452,-54,146,-133,-13408,4956,6160,-1023,13,255,-13516,-5040,7612,-547,15,-156,0
1011.3560049533844,8008,6400,11664,-51,43,77,6840,-9640,10720,-67,210,-110,-13320,4816,6076,-965,-14,-245,-13616,-5120,7456,-525,30,-202,0
1011.3897500038148,8048,6248,11584,-122,47,61,6808,-9612,10392,-63,189,-110,-13356,4992,6164,-922,27,-20,-13392,-5104,7328,-264,46,-163,0
1011.4234850406648,7948,6364,11796,-84,32,57,6764,-9676,10280,-34,188,-110,-13308,4984,6056,-955,25,-45,-13392,-4992,7400,-762,84,-152,0
1011.456892967224,8112,6152,11844,-63,31,99,6752,-9712,10424,-62,188,-158,-13088,4868,6108,-936,21,-81,-13500,-4980,7396,-518,119,-142,0
1011.490275144577,7964,6608,11828,-97,-70,72,6784,-9564,10308,-72,195,-188,-13356,4920,6020,-904,43,-55,-13496,-5000,7424,-762,123,-136,0
1011.5238320827484,7964,6372,11956,-107,-60,84,6860,-9692,10272,-67,151,-188,-13272,5048,6176,-962,67,-32,-13504,-5068,7332,-492,154,-131,0
1011.5571041107178,7996,6384,11704,-115,-47,96,6776,-9636,10420,-30,202,-180,-13276,4960,6236,-958,63,-78,-13524,-5044,7460,-491,121,-125,0
1011.5905859470367,7892,6312,11688,-122,-55,86,6780,-9716,10296,-75,164,-162,-13340,4916,6176,-976,37,-83,-13680,-5032,7392,-547,105,-167,0
1011.6240789890288,8144,6272,11660,-82,-50,81,6752,-9696,10312,-12,125,-158,-13272,4980,6332,-923,-256,2,-13760,-5116,7208,-548,77,-167,0
1011.6571600437164,7684,6192,11936,-122,22,81,6760,-9680,10688,-40,165,-120,-13552,5028,6088,-946,47,10,-13784,-5036,7464,-513,51,-142,0
1011.6906540393828,7984,6380,11904,-148,243,103,6768,-9776,10376,-46,161,-132,-13336,4880,6116,-1006,62,-17,-13480,-5088,7404,-762,73,-140,0
1011.724266052246,8028,6396,11764,-98,-15,117,6820,-9664,10276,-46,121,-150,-13200,5024,6120,-981,56,-44,-13564,-5120,7512,-567,87,-155,0
1011.7576699256896,7928,6428,11696,-74,-23,100,6800,-9968,10156,-50,155,-159,-13204,4916,6120,-931,45,-39,-13508,-5044,7508,-523,83,-165,0
1011.7911779880524,7992,6304,11836,-115,-24,76,6848,-9616,10348,-63,202,-172,-13348,4904,6144,-929,40,-9,-13396,-5008,7416,-546,105,-152,0
1011.8247621059418,8048,6316,11648,-123,-32,97,6808,-9800,10340,-34,170,-158,-13208,4920,6332,-971,47,-34,-13448,-5096,7452,-553,120,-176,0
1011.8581099510192,7888,6384,11768,-90,-34,97,6836,-9664,10300,-12,139,-174,-13252,4908,6244,-986,44,-58,-13496,-4924,7664,-527,137,-160,0
1011.8914110660552,7696,6172,11692,-131,-48,93,6684,-9620,10272,-46,161,-192,-13152,4876,6100,-979,80,-101,-13456,-5316,7540,-764,143,-142,0
1011.9250371456146,8064,6620,11736,-84,-68,91,6736,-9648,10328,-55,172,-149,-13264,4936,6044,-996,37,-33,-13488,-5180,7256,-515,144,-181,0
1011.9582841396332,7920,6560,11520,-132,-69,72,6812,-9772,10084,-2,188,-157,-13300,5016,6300,-1000,22,-52,-13408,-5108,7536,-767,146,-163,0
1011.9918389320374,7800,6636,11744,-113,-66,85,6724,-9616,10332,-15,176,-166,-13224,4956,6088,-969,44,-77,-13484,-5128,7548,-510,118,-155,0
1012.0255389213562,7900,6404,11752,-120,-87,100,6792,-9664,10560,-39,142,-191,-13296,4952,6352,-937,31,-66,-13428,-5156,7356,-488,109,-161,0
1012.059042930603,7836,6332,11616,-157,-54,86,6760,-9616,10280,-34,145,-168,-13240,4964,6140,-945,63,-47,-13436,-5112,7476,-446,121,-115,0
1012.0926349163055,7864,6408,11732,-172,-23,112,6728,-9664,10292,-24,128,-187,-13124,5020,6136,-1053,132,-66,-13364,-4972,7184,-454,149,-105,0
1012.1263699531556,7912,6344,11736,-123,-35,158,6744,-9716,10416,-31,113,-141,-13260,5028,6012,-1041,111,-44,-13340,-5060,7456,-499,102,-121,0
1012.1595730781556,7928,6328,11728,-130,-55,90,6900,-9764,10296,-40,150,-175,-13184,4976,6196,-1022,81,-77,-13404,-5088,7500,-449,142,-139,0
1012.1953921318054,7896,6384,11564,-181,-62,96,6736,-9568,10368,-73,154,-180,-13208,5084,6208,-772,98,-72,-13480,-5052,7476,-439,172,-88,0
1012.2308130264282,7828,6444,11964,-216,-72,153,6764,-9780,10308,-14,135,-233,-13168,5032,6212,-1048,198,-126,-13516,-5020,7616,-442,219,-39,0
1012.266037940979,7836,6300,11856,-175,-160,162,6792,-9792,10288,-22,65,-225,-13264,4964,6176,-1071,207,-167,-13508,-5056,7192,-465,226,-36,0
1012.3020160198212,7732,6316,11940,-166,-272,182,6760,-9852,10324,-36,79,-2,-13152,4996,6132,-1037,179,-114,-13460,-5052,7416,-453,227,-75,0
1012.3375301361084,8116,6376,11912,-186,-188,131,6768,-9764,10368,-59,155,-216,-13268,5008,5968,-954,147,-109,-13460,-5120,7456,-465,199,-70,0
1012.3730480670928,7696,6324,11912,-206,-197,140,6724,-9724,10248,-6,129,-215,-13192,5128,6300,-986,154,-121,-13528,-4952,7496,-443,229,-60,0
1012.4092879295348,7748,6336,11872,-204,-210,143,6800,-9728,10472,12,127,-239,-13252,4988,6324,-1053,167,-182,-13432,-5056,7496,-454,244,-76,0
1012.4440360069276,7848,6608,11908,-208,-223,176,6880,-9700,10332,-253,152,-504,-13216,4980,6348,-1018,212,-151,-13392,-5168,7528,-454,276,-50,0
1012.4795579910278,8180,6600,11592,-254,-259,161,6808,-9672,10356,-18,89,-277,-13392,5008,6276,-1017,201,-177,-13536,-4964,7332,-462,243,-30,0
1012.5151720046996,7964,6360,11572,-225,-276,163,6808,-9732,10364,-56,91,-508,-13240,4988,5964,-1063,165,-176,-13504,-5016,7644,-464,251,-38,0
1012.550833940506,7976,6308,11656,-217,-289,196,6672,-9696,10348,14,8,-283,-13224,4900,6048,-1095,0,-202,-13332,-5264,7464,-426,239,-24,0
1012.5856950283052,7988,6288,11612,-228,-271,200,6812,-9552,9996,-2,34,-243,-13200,4928,6256,-1066,279,-204,-13316,-5084,7436,-412,204,254,0
1012.621819972992,7956,6388,11700,-265,-278,214,6808,-9764,10276,15,25,-226,-13568,4952,6188,-1082,268,-115,-13492,-5060,7668,-440,227,2,0
1012.657525062561,7984,6284,11544,-242,-267,172,6888,-9644,10312,6,54,-269,-13336,4944,6352,-1051,224,-177,-13544,-4992,7456,-464,201,-53,0
1012.692332983017,8044,6236,11640,-129,-243,164,6752,-9656,10296,-29,20,-269,-13064,4896,6136,-1067,198,-165,-13540,-5056,7260,-490,214,-70,0
1012.7280859947203,8088,6244,11528,-163,-207,121,6952,-9628,10304,-17,74,-248,-13172,4868,6080,-961,168,-139,-13404,-5068,7336,-487,205,-121,0
1012.763437986374,8092,6160,11624,-191,-124,130,6972,-9536,10444,-84,107,-195,-13404,4876,5916,-1023,122,-73,-13564,-4696,7260,-448,141,-142,0
1012.7988481521608,8128,6204,11504,-162,-25,102,6936,-9508,10320,16,171,-150,-13096,4948,6060,-1058,87,237,-13520,-4924,7496,-512,39,-179,0
1012.8354151248932,7996,6308,11696,-158,69,79,6836,-9620,10392,-21,144,-113,-13256,4728,6088,-1015,61,-237,-13508,-4920,7372,-506,82,-149,0
1012.868803024292,8196,6296,11872,-149,59,103,6724,-9652,10420,3,101,-125,-13292,4916,6088,-1030,138,-66,-13576,-4912,7336,-496,145,-101,0
1012.9020640850068,8092,6376,11852,-122,-35,100,6916,-9684,10368,-27,99,-186,-13500,4932,6272,-982,91,-92,-13548,-4960,7432,-522,136,-144,0
1012.9355001449584,8140,6308,11760,-88,-52,100,6876,-9696,10420,-40,162,-183,-13396,4976,6340,-973,33,-37,-13444,-5060,7480,-532,135,-165,0
1012.9689030647278,7704,6344,11848,-131,-80,91,6704,-9532,10348,-20,204,-189,-13292,4996,6272,-995,76,-83,-13336,-5112,7632,-491,199,-137,0
1013.0022809505464,7908,6336,11808,-169,-115,100,6712,-9764,10356,-38,118,-215,-13160,5000,6120,-968,125,-94,-13544,-4944,7356,-486,167,-116,0
1013.0357220172882,7980,6296,11732,-120,-63,114,6752,-9696,10408,-88,127,-195,-13296,4928,5980,-958,133,-98,-13428,-5076,7616,-496,134,-107,0
1013.0690910816191,8056,6216,11936,-130,-58,109,6904,-9668,10324,-50,125,-175,-13224,4896,6176,-995,103,-43,-13512,-4996,7336,-447,103,-81,0
1013.1027081012726,7992,6644,11544,-188,-84,101,6892,-9680,10292,-39,160,-167,-13324,4896,6148,-932,108,-55,-13464,-5056,7456,-458,155,-117,0
1013.1359879970552,8092,6340,11816,-178,-119,101,6844,-9616,10352,-61,127,-223,-13280,5024,6208,-940,89,-82,-13576,-4884,7248,-460,156,-109,0
1013.1695799827576,8168,6160,11620,-136,-111,128,6852,-9476,10352,-49,75,-239,-13352,4980,5900,-940,111,-178,-13340,-4904,7372,-483,194,-94,0
1013.2029161453248,8020,6240,11688,-104,-143,125,6888,-9672,10228,-70,130,-241,-13312,4988,6004,-1000,90,-117,-13508,-4964,7428,-504,179,-103,0
1013.2364909648896,8168,6284,11740,-160,-104,105,6888,-9592,10296,-33,128,-220,-13244,4908,6104,-966,91,-71,-13652,-5004,7380,-474,179,-97,0
1013.270059108734,8076,6256,11856,-140,-43,128,7160,-9540,10440,-46,111,-143,-13076,4976,6140,-995,116,-28,-13560,-4952,7460,-506,90,-82,0
1013.303652048111,8096,6220,11524,-140,-80,115,6692,-9752,10392,-69,248,-188,-13336,4976,6372,-774,62,-3,-13576,-5004,7540,-490,80,-152,0
1013.3372521400452,8080,6376,11804,-125,-32,102,6672,-9724,10364,-18,175,-131,-13308,4936,6164,-1001,37,-59,-13568,-4968,7524,-514,56,-89,0
1013.3705270290376,8044,6328,11892,-126,-41,114,6868,-9692,10096,-36,165,-126,-13208,4928,6088,-1036,100,-58,-13464,-5036,7436,-498,103,-126,0
1013.403785943985,7960,6300,11740,-159,-52,119,6712,-9720,10312,-38,137,-156,-13180,4984,6240,-955,108,-64,-13420,-4976,7540,-479,139,-87,0
1013.4374749660492,7976,6264,11700,-144,-60,127,6748,-9764,10168,-11,119,-201,-13304,4944,5960,-1043,166,-72,-13436,-4924,7524,-502,152,-127,0
1013.4708690643312,7956,6308,11900,-125,-105,147,7140,-9480,10484,-40,91,-227,-13308,4904,6112,-986,122,-105,-13448,-4968,7380,-504,154,-125,0
1013.5043830871582,8148,6296,11832,-113,-80,93,6868,-9480,10464,-47,171,-202,-13528,5028,6228,-985,11,-105,-13644,-4944,7536,-452,99,-146,0
1013.5379030704498,7968,6236,11804,-160,-13,86,6804,-9768,10320,-27,207,-146,-13244,4868,6044,-991,96,-90,-13464,-4888,7464,-507,144,-111,0
1013.5713200569152,8080,6364,11708,-198,-29,83,6844,-9688,10324,-4,93,-181,-13144,5088,6012,-1043,166,-76,-13560,-4940,7368,-519,175,-89,0
1013.604922056198,7988,6272,11860,-118,-88,140,6868,-9700,10116,-36,85,-211,-13276,4976,6108,-975,117,-89,-13488,-5012,7416,-509,158,-122,0
1013.6381311416626,8056,6364,11884,-111,-110,117,6976,-9644,10412,-35,132,-190,-13280,4932,6344,-1031,92,-93,-13432,-5004,7616,-518,112,-149,0
1013.67156791687,8092,6332,11680,-140,-74,73,6848,-9724,10428,-49,297,-166,-13228,4840,6088,-1037,30,238,-13376,-5008,7520,-471,116,-161,0
1013.7047400474548,8144,6348,11816,-212,-20,109,6952,-9704,10312,-7,206,-143,-13284,4992,6040,-979,106,-255,-13496,-4924,7344,-480,127,-93,0
1013.7382910251617,7764,6316,11880,-169,-77,142,6764,-9488,10260,-52,137,-149,-13304,4948,5892,-1009,147,-84,-13804,-5112,7492,-467,143,-79,0
1013.771672964096,8016,6316,11692,-155,-62,158,6832,-9692,10400,-66,83,-155,-13364,4944,6188,-968,154,-96,-13472,-4964,7580,-489,126,-58,0
1013.805340051651,7768,6256,11824,-80,-66,122,6856,-9684,10284,-115,137,-186,-13372,5060,6076,-955,101,-70,-13472,-4904,7452,-527,91,-114,0
1013.8387701511384,8144,6240,11988,-96,-111,112,6852,-9704,10400,-36,129,-159,-13200,5272,5992,-984,75,-42,-13364,-4848,7460,-475,164,-103,0
1013.8789269924164,7872,6368,11564,-118,-2,119,6748,-9600,10320,-251,105,-173,-13096,4956,6016,-984,139,-71,-13488,-4932,7548,-526,154,-116,0
1013.9155609607695,8056,6248,11756,-133,-125,123,6820,-9884,10188,-22,149,-186,-13376,4976,6184,-992,130,-139,-13588,-4968,7492,-467,148,-120,0
1013.9517171382904,7960,6308,11752,-129,-74,125,6996,-9712,10444,-43,128,-141,-13308,5000,5976,-998,95,-66,-13408,-4696,7656,-508,123,-127,0
1013.9876990318298,8016,6328,11704,-146,-44,103,6656,-9708,10316,16,173,-176,-13532,4888,6356,-1029,79,-126,-13404,-4952,7184,-523,215,-144,0
1014.0227749347688,7972,6148,11756,-136,-114,67,6908,-9948,10288,35,184,-204,-13112,4984,6296,-1035,65,-111,-13472,-5088,7544,-485,217,-137,0
1014.0588870048524,8112,6376,11540,-202,-171,91,6820,-9712,10372,42,201,-228,-13236,4968,6176,-1063,57,-147,-13492,-4928,7492,-499,203,-128,0
1014.0939581394196,8108,6376,11876,-166,-155,100,6816,-9724,10432,-21,160,-243,-13200,5008,5960,-1274,98,-164,-13548,-5012,7580,-462,191,-76,0
1014.1294770240784,8204,6400,11760,-190,-153,122,6808,-9696,10388,-52,106,-224,-13212,4952,5948,-981,148,-78,-13536,-5048,7412,-497,106,-98,0
1014.165095090866,8164,6312,11708,-88,-118,128,6796,-9924,10436,-69,108,-166,-13344,4936,6080,-1009,92,-61,-13400,-4976,7308,-576,64,-134,0
1014.2003121376038,8092,6248,11608,-118,-36,105,6788,-9740,10216,-18,134,-137,-13224,4900,6348,-1019,68,-60,-13468,-5036,7452,-521,91,-159,0
1014.2354669570924,8116,6332,11668,-148,-10,104,6840,-9632,10196,-15,141,-117,-13236,4636,6056,-1034,117,-50,-13448,-5044,7644,-493,102,-105,0
1014.2709240913392,8052,6336,11864,-165,-16,105,6888,-9672,10368,-70,76,-144,-13332,4940,5908,-1016,127,-22,-13564,-4936,7612,-516,98,-119,0
1014.3059630393982,8032,6320,11784,-165,-13,106,6784,-9728,10308,-67,100,-158,-13244,5108,6096,-995,152,-4,-13500,-4920,7348,-511,100,-118,0
1014.3414239883424,8104,6260,11668,-125,-32,101,6808,-9752,10188,-80,119,-145,-13244,4924,6204,-995,101,-75,-13380,-5036,7412,-522,142,-142,0
1014.3775880336761,7936,6364,11524,-139,-33,120,6876,-9744,10144,-37,136,-163,-13312,4896,6068,-1027,77,-75,-13528,-5044,7588,-528,115,-151,0
1014.4131219387056,8072,6332,11792,-117,-9,78,6856,-9704,10356,-40,153,-175,-13560,5028,5888,-1011,62,-19,-13488,-4980,7592,-511,80,-157,0
1014.4485969543456,7912,6352,11796,-146,1,66,6828,-9656,10204,-42,177,-140,-13296,4900,6228,-1016,28,-37,-13564,-5056,7512,-497,112,-168,0
1014.4840109348296,8044,6256,11948,-134,-21,89,7064,-9784,10248,-41,199,-148,-13316,4960,6080,-956,44,-32,-13524,-5004,7580,-512,124,-142,0
1014.5205371379852,8032,6344,11864,-103,-20,83,6844,-9772,10296,-57,171,-148,-13172,5012,6368,-982,75,-54,-13528,-4920,7404,-506,107,-139,0
1014.5541980266572,7972,6208,11900,-125,-41,109,6848,-9676,10240,-22,124,-161,-13220,5052,6040,-995,137,-122,-13492,-5112,7352,-499,137,-120,0
1014.5876400470734,8108,6400,11824,-108,-53,100,6876,-9928,10236,-41,136,-159,-13368,4924,6100,-1038,91,-45,-13480,-4988,7548,-510,159,-169,0
1014.6211879253387,7968,6316,11792,-128,-76,94,6832,-9624,10340,-6,171,-178,-13352,4976,6088,-1021,68,-58,-13404,-5020,7416,-766,118,-190,0
1014.6544661521912,7968,6396,11768,-125,-34,90,6824,-9848,10372,18,150,-180,-13232,4984,6108,-1017,59,-90,-13560,-5024,7536,-504,160,-149,0
1014.6880929470062,7980,6352,11828,-138,-53,93,6864,-9720,10416,0,156,-169,-13236,4956,6384,-992,46,-104,-13524,-5012,7376,-481,116,-161,0
1014.7213959693908,8056,6388,11704,-134,-61,69,6924,-9600,10356,-40,171,-183,-13268,4940,6080,-985,60,-59,-13520,-5028,7360,-496,96,-171,0
1014.7548460960388,7968,6336,11844,-156,-35,77,6744,-9548,10364,-52,168,-137,-13292,5048,6096,-1017,54,-51,-13520,-5048,7532,-498,93,-161,0
1014.7884409427644,8024,6436,11772,-98,-31,94,6840,-9652,10280,2,509,-118,-13244,4968,6184,-1066,72,-53,-13460,-5356,7360,-495,111,-151,0
1014.8221039772034,8056,6456,11868,-157,-58,59,6784,-9716,10688,23,203,-186,-13124,4976,6384,-1004,115,-101,-13436,-4944,7480,-477,215,-88,0
1014.8556001186372,7888,6332,11916,-203,-121,140,6800,-9768,10452,-46,170,-204,-13484,5112,6188,-1005,158,-151,-13480,-5060,7516,-478,506,-72,0
1014.8889739513396,7984,6392,11856,-124,-215,178,6784,-9956,10276,-45,73,-209,-13232,5028,6232,-1273,225,-131,-13764,-4876,7472,-464,218,-18,0
1014.9224231243134,8040,6316,11752,-173,-499,196,6748,-9660,10360,-62,98,-226,-13256,4964,6368,-947,206,-103,-13356,-5040,7432,-451,165,-46,0
1014.956015110016,7992,6260,12004,-173,-222,149,6752,-9716,10480,-67,143,-223,-13288,5044,6204,-976,179,-148,-13472,-4940,7424,-485,233,-41,0
1014.9898450374604,7956,6292,12024,-170,-253,176,6748,-9744,10332,-24,66,-274,-13212,4920,6208,-1132,237,-162,-13572,-4956,7460,-493,282,-24,0
1015.023379087448,7948,6300,11560,-162,-222,191,6900,-9680,10212,-17,67,-260,-13076,4972,6368,-1042,224,-145,-13388,-5028,7404,-763,277,-37,0
1015.0571961402892,8008,6252,11692,-160,-236,171,6792,-9676,10164,-14,60,-265,-13264,4868,5996,-985,217,-148,-13372,-4920,7236,-456,229,-81,0
1015.0907471179962,8160,6336,11708,-196,-193,162,6780,-9496,10276,-14,93,-506,-13296,5072,6072,-1008,200,-131,-13512,-4980,7468,-480,239,-41,0
1015.123969078064,8124,6264,11756,-195,-190,175,6868,-9696,10256,-5,73,-234,-13400,4976,5976,-1034,163,-89,-13492,-4932,7392,-502,232,-88,0
1015.1575620174408,8184,6220,11660,-158,-161,151,6760,-9632,10316,-7,84,-195,-13372,4916,5916,-1048,119,-99,-13496,-4924,7296,-517,156,-91,0
1015.2062411308287,8364,6292,11764,-136,-75,108,6812,-9624,10432,-18,152,-172,-13344,5088,6000,-769,94,-50,-13544,-4952,7180,-491,105,-144,0
1015.2510421276091,8032,6224,11724,-164,-21,86,6956,-9644,10464,-33,182,-156,-13220,4872,6188,-1022,46,-23,-13588,-4948,7524,-502,94,-132,0
1015.2860701084136,8068,6376,11636,-150,-16,62,6748,-9668,10352,-19,182,-151,-13272,4940,5960,-1024,41,-37,-13468,-4952,7480,-513,109,-182,0
1015.3196439743042,8044,6280,11680,-109,11,65,6792,-9764,10492,1,145,-162,-13308,4956,6084,-1004,64,-45,-13520,-4956,7364,-498,127,-172,0
1015.3531510829926,8008,6228,11740,-151,-43,93,6756,-9676,10484,-2,131,-183,-13224,4992,6252,-1004,129,-123,-13460,-5184,7480,-459,172,-118,0
1015.3864440917968,8080,6312,11644,-137,-48,116,6776,-9684,10392,-51,120,-227,-13332,4876,6060,-980,135,-77,-13480,-5092,7420,-497,152,-128,0
1015.4199759960176,8112,6188,11712,-109,-79,120,6896,-9780,10400,-62,130,-174,-13240,4984,6224,-1016,92,-60,-13440,-5000,7460,-490,127,-155,0
1015.4537520408632,8016,6372,11812,-133,-68,100,6784,-9668,10060,-19,127,-175,-13224,5000,6128,-1023,98,-33,-13536,-4960,7452,-523,120,-135,0
1015.4873421192168,7988,6324,12004,-110,-18,82,6828,-9696,10340,-45,149,-155,-13356,4876,6144,-1005,69,-37,-13804,-5060,7320,-515,121,-130,0
1015.5208389759064,8052,6300,11668,-157,-13,76,6888,-9724,10280,-29,180,-161,-13076,4924,6320,-942,96,-87,-13500,-4960,7520,-521,139,-129,0
1015.5575320720671,8112,6300,11652,-132,-11,106,6856,-9696,10392,-22,132,-171,-13256,4900,6080,-990,91,-14,-13496,-5016,7364,-467,131,-115,0
1015.5923840999604,8056,6276,11948,-119,-26,108,6828,-9676,10400,-28,109,-170,-13236,4944,5920,-1280,143,-102,-13500,-4984,7452,-477,141,-103,0
1015.6282429695129,8176,6288,11556,-167,-55,72,6956,-9696,10404,-43,133,-165,-13212,5044,6124,-956,72,-74,-13456,-5088,7460,-473,143,-153,0
1015.6634900569916,8056,6312,11696,-128,-68,68,6816,-9664,10428,-44,162,-195,-13260,4960,6092,-970,71,-129,-13468,-4900,7368,-479,180,-149,0
1015.6986861228944,8068,6272,11896,-138,-134,84,6712,-9708,10284,-30,144,-212,-13300,4984,6312,-994,99,-107,-13444,-4940,7476,-476,198,-128,0
1015.7334089279176,7984,6268,11708,-113,-83,113,6788,-9916,10268,-52,121,-182,-13204,4916,6248,-987,104,-116,-13536,-5020,7468,-507,163,-122,0
1015.7688901424408,8016,6324,11736,-169,-116,120,6764,-9504,10296,-60,177,-171,-13248,4968,6368,-774,162,-52,-13464,-4880,7564,-519,138,-72,0
1015.8043830394744,8084,6368,11704,-152,-80,147,6916,-9724,10412,-2,93,-165,-13300,5040,6036,-1034,138,-108,-13388,-4952,7440,-524,159,-67,0
1015.839725971222,8024,6276,11524,-81,-71,130,6664,-9712,10400,-26,100,-163,-13272,5008,6100,-1053,121,-58,-13500,-4980,7340,-533,153,-110,0
1015.8750660419464,8068,6352,11844,-90,-74,139,6784,-9620,10308,-35,156,-181,-13288,4972,6068,-1029,59,-119,-13496,-5024,7336,-501,140,-134,0
1015.9104599952698,8036,6192,11580,-137,-88,74,6800,-9656,10328,-32,161,-191,-13504,5112,6124,-1015,56,-65,-13780,-4944,7528,-470,148,-128,0
1015.9456651210784,7940,6348,11752,-146,-33,67,6732,-9972,10328,-34,161,-158,-13292,5020,6056,-992,97,-108,-13464,-5044,7640,-459,151,-138,0
1015.9817509651184,7688,6384,11744,-117,-85,94,6736,-9532,10260,-250,117,-214,-13192,4972,6196,-991,136,-96,-13340,-5004,7228,-500,186,-87,0
1016.0175111293792,8168,6288,11756,-107,-100,123,6808,-9732,10156,-52,110,-221,-13212,4900,5944,-977,104,-130,-13448,-4936,7172,-498,204,-134,0
1016.0522730350494,8140,6324,11672,-96,-90,68,6844,-9980,10244,-55,158,-226,-13356,4948,6092,-968,49,-101,-13740,-4952,7628,-480,134,-168,0
1016.0876529216766,8056,6280,11956,-119,-81,51,7152,-9976,10332,9,212,-204,-13348,5024,6168,-1011,24,-102,-13824,-5020,7488,-469,152,-170,0
1016.1233110427855,7980,6380,11616,-141,-72,31,6848,-9656,10576,-253,171,-177,-13516,4896,6248,-1023,58,-127,-13496,-5052,7364,-469,147,-141,0
1016.159388065338,7760,6488,11672,-146,-72,64,6864,-9704,10416,-79,128,-183,-13232,4992,6252,-994,105,-62,-13768,-5064,7392,-496,157,-102,0
1016.194848060608,8028,6620,11740,-147,-79,109,6852,-9648,10380,-38,126,-198,-13492,5040,6112,-933,164,-55,-13552,-4944,7376,-462,150,-97,0
1016.2303340435028,8032,6356,11788,-167,-23,135,6756,-9656,10268,-61,109,-160,-13196,4892,6368,-1006,137,-58,-13436,-4888,7472,-525,175,-79,0
1016.2637839317322,7988,6356,11856,-118,-105,136,6796,-9676,10332,-43,116,-157,-13340,4984,6204,-1027,89,-73,-13484,-4980,7460,-500,111,-110,0
1016.297374010086,8012,6440,11816,-134,-39,105,6768,-9668,10356,-54,129,-150,-13276,4960,6012,-973,114,-50,-13500,-5068,7364,-520,77,-119,0
1016.3310310840608,7952,6428,11740,-80,-48,111,6756,-9976,10400,-81,119,-145,-13264,4940,6140,-1015,93,-72,-13488,-4924,7524,-489,133,-142,0
1016.3643369674684,8032,6284,11812,-110,-15,105,6824,-9796,10296,21,129,-160,-13304,4924,6224,-1027,100,-54,-13316,-4920,7528,-525,168,-129,0
1016.3977689743042,7984,6348,11828,-87,-67,116,6736,-9700,10448,-17,107,-175,-13184,4944,5980,-1008,103,-114,-13436,-5104,7500,-527,177,-127,0
1016.4312529563904,8076,6424,11716,-108,-81,106,6868,-9604,10272,-26,137,-204,-13264,4964,6008,-1031,147,-126,-13364,-4956,7432,-488,169,-100,0
1016.4649479389192,8040,6288,11616,-141,-60,112,6816,-9752,10328,-13,103,-201,-13320,4956,6120,-954,141,-94,-13504,-4996,7524,-487,172,-132,0
1016.4986219406128,7996,6328,11788,-146,-99,102,6756,-9748,10256,-18,133,-188,-13144,5008,5976,-989,113,-85,-13480,-5052,7476,-489,168,-131,0
1016.532124042511,8052,6300,11608,-157,-82,85,6868,-9672,10400,-35,181,-184,-13456,4976,5928,-988,68,-76,-13540,-5020,7488,-511,153,-136,0
1016.565922021866,8172,6632,11740,-134,-89,88,6788,-9624,10368,-45,156,-203,-13264,4948,6188,-966,76,-87,-13504,-5040,7504,-768,153,-124,0
1016.5992331504822,8020,6592,11904,-161,-85,71,6708,-9492,10676,-27,181,-185,-13228,5064,5956,-1007,95,-87,-13464,-4988,7664,-491,125,-125,0
1016.6326251029968,7992,6380,11708,-140,-78,101,6848,-9724,10332,-3,131,-181,-13500,5112,5900,-1019,101,-90,-13464,-5104,7380,-516,138,-110,0
1016.667839050293,8032,6332,11804,-137,-100,140,6852,-9744,10376,-32,138,-178,-13232,4920,6124,-1015,119,-92,-13400,-4992,7200,-499,156,-113,0
1016.701460123062,7992,6296,11644,-135,-130,133,6864,-9640,10432,-27,70,-206,-13224,4920,6228,-1006,159,-98,-13444,-4880,7584,-485,152,-89,0
1016.7350280284882,8076,6356,11524,-126,-76,119,6760,-9604,10416,-64,69,-157,-13264,4932,6096,-1012,125,-79,-13464,-4920,7460,-507,127,-109,0
1016.7688040733337,8056,6292,11768,-98,-71,100,7000,-9712,10168,-95,237,-82,-13340,4992,6136,-772,54,6,-13556,-5008,7320,-513,81,-135,0
1016.8020651340483,8008,6152,11740,-129,26,80,6832,-9724,10308,-41,166,-105,-13420,4916,6068,-979,44,-23,-13556,-5076,7472,-518,29,-153,0
1016.8357410430908,8044,6608,11724,-111,62,60,6772,-9684,10312,12,204,-107,-13376,4936,6000,-1278,29,-224,-13452,-4956,7476,-500,66,-168,0
1016.8694570064544,8060,6288,11680,-151,14,56,6824,-9732,10316,-25,186,-149,-13492,4984,6308,-970,44,-102,-13488,-5048,7488,-483,113,-114,0
1016.9026839733124,7992,6372,11824,-168,-18,64,6908,-9528,10400,-42,187,-153,-13236,5000,6132,-962,22,-73,-13412,-5016,7560,-480,115,-132,0
1016.9362051486968,7940,6372,11612,-105,-70,86,6696,-9676,10044,-56,126,-193,-13124,4948,6148,-980,49,-67,-13380,-5000,7448,-504,101,-155,0
1016.9700100421906,7952,6424,11772,-132,-54,85,6716,-9536,10340,-52,133,-154,-13200,4992,6100,-1024,56,-26,-13448,-5072,7544,-767,64,-155,0
1017.0033769607544,8168,6348,11820,-103,-44,69,6688,-9740,10164,-25,150,-139,-13344,4936,6084,-978,19,-52,-13684,-4876,7504,-533,104,-163,0
1017.0371179580687,7912,6300,11756,-93,251,70,6680,-9696,10332,-9,158,-171,-13288,5080,6200,-770,45,-38,-13460,-5060,7588,-263,99,-180,0
1017.07079911232,7992,6356,11632,-97,252,82,6796,-9620,10376,27,162,-155,-13204,5008,6036,-1012,83,-67,-13472,-4960,7576,-540,135,-160,0
1017.1044540405273,7876,6160,11824,-64,-63,98,6656,-9680,10320,-32,131,-191,-13232,4868,6072,-1058,78,-119,-13400,-5020,7452,-537,147,-167,0
1017.1379129886628,7944,6364,11584,-118,-89,103,6848,-9576,10440,5,124,-193,-13312,4956,6080,-1280,98,-97,-13484,-5036,7548,-523,160,-142,0
1017.171581029892,8172,6216,11672,-113,-50,96,6884,-9792,10420,-10,133,-173,-13316,4984,6264,-1011,101,-85,-13480,-4888,7268,-521,128,-118,0
1017.2051680088044,8060,6152,11956,-147,-40,116,6772,-9744,10440,-14,132,-160,-13236,4992,6160,-1266,108,-51,-13464,-5000,7492,-516,118,-159,0
1017.2418360710144,8132,6508,11732,-118,-52,91,6748,-9520,10328,-3,147,-135,-13120,4880,5992,-993,87,-71,-13400,-4884,7524,-515,117,-108,0
1017.2777321338654,7924,6432,11560,-96,-54,92,6840,-9696,10584,-43,159,-176,-13336,4992,5928,-974,49,-66,-13488,-5016,7500,-500,103,-141,0
1017.3126289844512,7964,6316,11656,-153,-51,95,6844,-9696,10412,-29,125,-151,-13276,4984,6396,-978,55,-86,-13472,-5096,7504,-461,179,-128,0
1017.34805893898,7684,6508,11812,-155,-53,84,6708,-9688,10288,-22,149,-189,-13248,5032,6260,-969,113,-54,-13472,-5076,7464,-492,150,-129,0
1017.3830399513243,7936,6484,11780,-105,-105,83,6700,-9716,10480,-45,148,-210,-13256,4908,6224,-1006,116,-108,-13428,-5076,7576,-476,192,-100,0
1017.419319152832,8016,6408,11700,-201,-169,108,6720,-9752,10360,10,131,-221,-13272,4948,6364,-969,123,-74,-13460,-5032,7612,-439,168,-61,0
1017.4541380405426,7936,6448,11848,-167,-116,164,6820,-9716,10300,-38,97,-190,-13408,5020,6144,-994,176,-115,-13472,-5040,7512,-480,151,-51,0
1017.489546060562,7844,6428,11804,-163,-122,179,6700,-9720,10388,-47,93,-195,-13196,4820,6324,-982,170,-65,-13364,-5048,7588,-475,209,-43,0
1017.5246689319612,7852,6372,11832,-188,-201,166,6812,-9760,10484,-40,148,-203,-13268,4980,6192,-992,169,-128,-13456,-4980,7544,-481,196,-64,0
1017.560630083084,7908,6316,11924,-194,-192,154,6796,-9788,10308,-27,125,-229,-13284,5016,6228,-1002,130,-149,-13480,-4960,7556,-466,217,-66,0
1017.596202135086,8020,6144,11716,-174,-201,119,6752,-9640,10360,-20,144,-250,-13172,5004,6196,-1039,184,-126,-13548,-4948,7528,-434,215,-53,0
1017.631910085678,7852,6300,11744,-210,-177,152,6820,-9644,10464,0,112,-247,-13184,4948,6112,-983,184,-159,-13536,-4832,7428,-472,252,-49,0
1017.6680879592896,8060,6300,11640,-228,-189,178,6840,-9708,10460,-7,107,-231,-13264,4992,6228,-1013,170,-160,-13576,-4956,7552,-477,235,-65,0
1017.7035989761351,8044,6304,11988,-216,-226,162,6872,-9676,10412,-21,90,-216,-13296,4908,6324,-770,155,-109,-13472,-4992,7376,-468,206,-48,0
1017.739944934845,8160,6352,11616,-196,-201,182,6672,-9912,10684,-23,110,-233,-13256,5008,6304,-981,156,-150,-13460,-5064,7640,-501,200,-70,0
1017.7750611305236,8028,6400,11696,-177,-197,165,6832,-9648,10340,-49,121,-209,-13320,4960,6140,-1002,139,-101,-13540,-4992,7384,-488,212,-36,0
1017.8106689453124,8092,6600,11764,-205,-182,141,6780,-9668,10348,5,134,-214,-13228,4884,6108,-1010,153,-154,-13480,-5064,7436,-474,206,-63,0
1017.8460910320282,8020,6388,11788,-187,-188,161,6776,-9640,10440,-19,110,-215,-13172,4936,6312,-1043,157,-159,-13444,-4968,7552,-476,190,-78,0
1017.8837659358978,8004,6304,11784,-173,-150,133,6776,-9640,10280,1,120,-204,-13308,4832,6160,-993,175,-112,-13408,-5016,7340,-495,229,-72,0
1017.9171500205994,8004,6292,11880,-197,-203,157,6808,-9628,10284,-13,100,-221,-13248,4836,6276,-1003,163,-93,-13564,-4928,7560,-449,215,-49,0
1017.950560092926,8144,6352,11964,-176,-139,161,6796,-9700,10428,-4,108,-228,-13288,4936,5928,-999,194,-142,-13564,-4988,7500,-478,203,-77,0
1017.9838409423828,8052,6256,11820,-187,-181,169,6856,-9652,10176,-42,97,-198,-13276,4896,6096,-1011,184,-137,-13536,-5008,7364,-476,198,-79,0
1018.0173940658568,8000,6288,11696,-181,-163,157,6900,-9632,10412,-55,126,-198,-13376,4892,6276,-988,142,-110,-13472,-5016,7300,-489,182,-94,0
1018.050831079483,8044,6264,11744,-169,-124,141,6764,-9520,10208,-39,121,-184,-13088,4892,5968,-1005,121,-63,-13540,-4912,7468,-498,164,-125,0
1018.0844569206238,8076,6316,11528,-168,-99,118,6904,-9564,10412,-16,117,-205,-13236,4968,6044,-1018,147,-44,-13472,-4984,7168,-502,132,-125,0
1018.1181869506836,7944,6328,11736,-146,-83,101,6840,-9624,10284,-34,139,-179,-13236,5092,6108,-994,84,-69,-13460,-4920,7400,-490,146,-131,0
1018.151526927948,8396,6284,11872,-173,-51,83,6808,-9616,10264,-12,157,-158,-13228,4984,6124,-1016,107,-82,-13496,-4964,7540,-483,105,-148,0
1018.184777021408,8140,6268,11636,-174,12,82,6732,-9592,10508,-17,157,-132,-13112,4876,5900,-995,95,-20,-13420,-4912,7368,-522,78,-176,0
1018.2183001041412,8104,6236,11596,-113,15,98,6852,-9664,10348,-27,145,-106,-13092,4900,5888,-1046,52,-34,-13588,-4996,7384,-558,75,-193,0
1018.2517039775848,8004,6352,11652,-132,17,78,6820,-9772,10416,21,125,-119,-13248,4916,5916,-1024,48,-33,-13444,-5020,7352,-523,105,-185,0
1018.2849531173706,7924,6296,11576,-105,49,103,6812,-9672,10440,-35,146,-116,-13508,4884,5956,-913,49,226,-13532,-4912,7456,-540,54,-158,0
1018.3185091018676,7948,6288,11608,-141,17,38,6824,-9704,10256,-59,170,-162,-13216,5064,6060,-916,36,236,-13572,-4960,7396,-493,103,-194,0
1018.3520319461824,8032,6320,11824,-131,33,39,6852,-9664,10336,-23,183,-125,-13204,4960,6208,-1017,2,-16,-13420,-4996,7544,-501,104,-197,0
1018.385195016861,7704,6376,11636,-69,42,41,6836,-9696,10360,-32,209,-121,-13364,4928,6324,-958,7,-28,-13556,-4968,7428,-534,84,-227,0
1018.4186980724336,8116,6400,11800,-105,43,61,6656,-9696,10292,-44,231,-120,-13308,4896,6068,-947,21,-62,-13464,-5104,7568,-528,37,-170,0
1018.4521689414978,7996,6368,11732,-102,24,58,6832,-9704,10344,-85,178,-143,-13260,4940,6172,-965,13,-46,-13536,-5036,7456,-482,73,-142,0
1018.4855959415436,7936,6268,11692,-123,-6,78,6740,-9984,10280,-28,175,-147,-13344,4920,6100,-1000,39,-30,-13420,-4948,7452,-257,92,-173,0
1018.5191850662231,7976,6360,11676,-84,-247,75,6828,-9696,10308,-24,151,-150,-13268,4948,6188,-950,32,-67,-13480,-5120,7412,-260,124,-188,0
1018.5526430606842,8048,6276,11740,-92,-45,77,6784,-9752,10296,-27,178,-155,-13248,4968,6016,-1018,53,-87,-13440,-4940,7484,-529,124,-162,0
1018.5858840942384,8092,6352,11724,-101,-3,50,6832,-9748,10388,-17,129,-173,-13160,4912,6064,-1009,55,-89,-13480,-4960,7392,-762,107,-121,0
1018.6195731163024,8040,6364,11732,-128,-16,63,6860,-9708,10040,-6,166,-149,-13180,5016,5996,-961,57,-43,-13364,-5048,7408,-506,111,-167,0
1018.6529910564424,7956,6396,11940,-115,-22,76,6756,-9724,10332,-26,173,-155,-13216,4868,6208,-780,48,-39,-13480,-5088,7504,-515,90,-182,0
1018.6862299442292,7892,6612,11700,-91,-2,77,6788,-9696,10380,-36,176,-154,-13244,4900,6264,-1002,21,-40,-13448,-5108,7484,-504,114,-173,0
1018.7200410366058,7936,6164,11676,-100,-45,96,6768,-9500,10492,-33,153,-169,-13252,5044,6120,-987,62,-72,-13416,-5060,7604,-516,109,-139,0
1018.753543138504,7720,6160,11664,-133,-28,87,6760,-9736,10472,-30,139,-182,-13220,5008,6352,-999,118,-73,-13416,-5108,7504,-513,109,-155,0
1018.7868931293488,7952,6608,11992,-101,-32,74,6756,-9712,10436,-47,123,-159,-13160,5020,6208,-1018,91,-79,-13428,-5012,7508,-491,150,-123,0
1018.8204340934753,7944,6156,11880,-99,-52,97,6792,-9764,10280,-26,137,-194,-13308,4992,5896,-1006,83,-52,-13404,-4900,7616,-491,146,-133,0
1018.8541569709778,7916,6300,11800,-146,-51,98,6772,-9932,10400,-58,128,-155,-13236,4988,6084,-983,108,-96,-13424,-5064,7388,-503,149,-105,0
1018.889935016632,7884,6180,11672,-124,-98,114,6624,-9708,10372,-59,124,-180,-13204,4940,6084,-1268,100,-91,-13780,-4972,7424,-534,176,-143,0
1018.9278180599212,7972,6208,11832,-134,-69,118,6832,-9608,10248,-21,127,-181,-13240,4996,6220,-1025,95,-101,-13408,-5336,7512,-502,137,-101,0
1018.9630889892578,8108,6148,11996,-119,-42,115,6648,-9600,10328,-35,138,-149,-13300,4968,5904,-989,70,-65,-13552,-5316,7608,-503,121,-132,0
1018.9992010593414,7956,6424,11832,-130,-37,84,6756,-9684,10400,-65,140,-159,-13412,4956,6208,-968,80,-80,-13396,-5120,7452,-465,103,-136,0
1019.0342240333556,7956,6340,11808,-141,-26,74,6748,-9712,10368,-28,168,-179,-13204,4984,6336,-1000,80,-26,-13464,-5040,7364,-490,162,-127,0
1019.0699751377106,7976,6328,11620,-150,-15,71,6820,-9780,10404,4,150,-169,-13092,4924,5992,-1036,65,-82,-13352,-4904,7544,-463,159,-140,0
1019.1050591468812,8016,6628,11896,-132,-31,104,6696,-9596,10284,-23,151,-182,-13244,4924,5992,-981,107,-84,-13404,-5128,7460,-453,138,-121,0
1019.1402399539948,7684,6392,11924,-149,-106,83,6780,-9780,10172,-52,139,-216,-13416,4964,6396,-987,118,-110,-13516,-5000,7536,-469,156,-120,0
1019.1755199432372,8088,6400,11768,-196,-80,101,6696,-9932,10328,255,170,-191,-13192,4964,6176,-984,100,-135,-13420,-5044,7544,-442,224,-51,0
1019.211480140686,8160,6436,11860,-173,-155,124,6744,-9832,10468,8,127,-502,-13212,4956,6140,-1003,131,-155,-13436,-5156,7640,-455,239,-70,0
1019.2475531101228,7732,6348,12028,-159,-267,162,6488,-9700,10440,-40,112,-272,-13224,5036,6328,-969,172,-202,-13368,-5096,7628,-480,263,-49,0
1019.2823710441588,7884,6420,11712,-150,-223,169,6472,-9692,10412,-79,111,-246,-13252,4980,6212,-963,177,-177,-13364,-4884,7524,-461,233,-51,0
1019.3177230358124,8032,6348,11904,-221,-197,158,6764,-9708,10316,-21,136,-241,-13252,4928,6244,-981,160,-182,-13488,-4940,7400,-431,231,-15,0
1019.3528850078584,7984,6620,11772,-218,-171,160,6712,-9720,10352,-16,100,-237,-13296,4996,6220,-962,183,-113,-13388,-5052,7484,-471,201,-53,0
1019.3882129192352,7932,6452,11628,-224,-209,158,6784,-9652,10280,-43,140,-261,-13312,5108,6096,-979,195,-160,-13492,-5084,7248,-454,210,-52,0
1019.4236619472504,7968,6424,11664,-247,-187,133,6912,-9660,10324,-35,86,-511,-13344,4916,6132,-989,211,-171,-13544,-5008,7472,-464,221,-45,0
1019.459619998932,8160,6296,11692,-184,-200,150,6820,-9676,10416,-34,63,-241,-13376,5000,6052,-1011,212,-177,-13464,-5060,7496,-459,511,-51,0
1019.4947340488434,8040,6148,11784,-182,-234,155,6832,-9612,10336,-19,72,-250,-13312,4904,6028,-994,168,-109,-13520,-4980,7352,-464,205,-51,0
1019.5299270153046,8008,6452,11724,-203,-160,131,6840,-9620,10208,-12,115,-243,-13292,5016,6324,-1008,165,-111,-13568,-5060,7444,-462,180,-70,0
1019.5660121440887,7996,6356,11712,-196,-150,152,6796,-9708,10400,-5,93,-214,-13244,4972,6136,-1025,143,-68,-13556,-4908,7460,-471,173,-57,0
1019.5997779369354,8044,6272,11596,-204,-161,160,6824,-9644,10432,7,106,-211,-13088,4924,6160,-1048,108,-121,-13364,-5076,7644,-479,208,-91,0
1019.6332049369812,7980,6452,11764,-206,-179,152,6760,-9584,10332,1,112,-215,-13256,5000,6276,-1019,138,-147,-13508,-5028,7452,-463,187,-101,0
1019.6666700839996,7984,6336,11768,-150,-178,142,6736,-9500,10392,-58,143,-245,-13296,4920,6304,-974,120,-122,-13416,-4976,7420,-482,220,-100,0
1019.7002410888672,8044,6300,11896,-178,-179,101,6740,-9700,10280,-44,104,-245,-13244,5004,5936,-975,125,-94,-13504,-4640,7652,-469,203,-102,0
1019.7339141368866,8136,6284,11552,-164,-168,127,6740,-9644,10300,-27,102,-212,-13560,4976,6032,-1007,139,-120,-13524,-4928,7460,-480,159,-95,0
1019.7674160003662,7976,6336,11764,-141,-97,124,6728,-9720,10264,-20,131,-170,-13388,4820,6176,-962,100,-76,-13492,-4960,7516,-491,120,-127,0
1019.801038980484,7960,6280,11728,-142,-50,104,6760,-9620,10444,-54,138,-179,-13208,4912,6244,-999,75,-96,-13516,-4896,7272,-507,128,-133,0
1019.8344299793243,8080,6284,11588,-119,-19,103,6856,-9684,10084,-43,166,-184,-13328,4932,5940,-1006,86,-77,-13360,-4860,7392,-531,121,-149,0
1019.8680200576782,8120,6304,11688,-138,5,79,6912,-9592,10320,-17,116,-154,-13296,4924,5956,-1026,75,-23,-13412,-5052,7336,-514,120,-149,0
1019.9015851020812,8048,6188,11676,-91,32,87,6768,-9704,10444,-21,102,-153,-13204,5000,6100,-1017,111,-1,-13484,-4956,7448,-537,92,-170,0
1019.9348809719086,8068,6408,11680,-107,11,104,6804,-9600,10408,-30,124,-137,-13384,4948,6232,-986,82,-48,-13520,-5060,7192,-533,103,-155,0
1019.9682059288024,8044,6268,11724,-72,74,57,6776,-9684,10224,-43,127,-144,-13104,4968,6048,-971,81,-23,-13332,-4956,7416,-550,76,-179,0
1020.0018439292908,8088,6332,11540,-69,65,55,6872,-9948,10132,-49,156,-141,-13124,4948,6072,-983,49,-33,-13476,-5176,7604,-512,91,-159,0
1020.0356090068816,8020,6580,11716,-94,33,53,6776,-9600,10244,8,143,-151,-13272,5008,6240,-994,48,-23,-13504,-5024,7656,-534,90,-184,0
1020.0692400932312,7784,6144,12000,-111,23,46,6748,-9476,10276,-68,148,-130,-13304,4968,6396,-993,21,-41,-13440,-5116,7544,-269,120,-156,0
1020.102889060974,7992,6352,11784,-115,-1,36,6808,-9980,10396,-35,189,-137,-13220,5092,6368,-982,20,-37,-13416,-5004,7648,-511,121,-175,0
1020.1361429691316,7740,6388,11640,-124,-4,74,6740,-9788,10268,-54,169,-150,-13284,4992,6000,-960,48,-73,-13516,-5004,7484,-517,99,-174,0
1020.1695871353149,7872,6148,11732,-68,-33,75,6832,-9688,10084,-66,151,-157,-13192,4928,6308,-978,78,-83,-13420,-5068,7628,-516,116,-142,0
1020.2032039165496,8152,6624,12020,-102,11,90,6780,-9648,10256,-36,140,-174,-13192,4920,6028,-986,99,-34,-13316,-5104,7260,-490,91,-134,0
1020.2369949817657,7908,6468,11812,-83,-34,90,6764,-9680,10320,-60,132,-135,-13256,5032,5960,-977,65,-26,-13780,-4872,7492,-519,105,-145,0
1020.2703609466552,8012,6372,11632,-102,-35,97,6772,-9896,10348,-22,155,-148,-13416,4952,6208,-1027,18,-33,-13760,-4968,7400,-513,162,-162,0
1020.3039100170135,7996,6348,11800,-126,-23,109,6732,-9632,10484,-15,147,-131,-13244,5004,6168,-1277,66,-90,-13476,-5168,7536,-524,101,-141,0
1020.3374109268187,8044,6396,11812,-109,-47,85,6884,-9488,10448,-41,189,-147,-13292,4864,6112,-996,31,-46,-13404,-5156,7448,-261,99,-144,0
1020.370794057846,7972,6464,11828,-144,-17,72,6744,-9764,10380,-38,143,-145,-13256,4948,6196,-974,47,-25,-13400,-4948,7516,-474,117,-140,0
1020.404230117798,7956,6420,11736,-109,-255,103,6840,-9688,10440,-21,159,-159,-13200,5028,6236,-1000,60,-44,-13428,-5004,7484,-505,135,-146,0
1020.4379971027374,7996,6488,11672,-115,-39,101,6736,-9748,10332,-35,136,-158,-13316,5008,6184,-979,57,-45,-13476,-5064,7520,-490,120,-116,0
1020.4714469909668,7932,6340,11720,-132,-45,71,6808,-9772,10292,-40,166,-164,-13284,5000,6144,-981,80,-96,-13472,-5008,7544,-496,125,-131,0
1020.5049960613252,7972,6452,11732,-116,-36,83,6756,-9704,10360,-72,169,-156,-13232,5024,6196,-989,81,-85,-13460,-5028,7468,-498,133,-135,0
1020.5386350154876,7892,6632,11940,-135,-43,84,6784,-9552,10348,-21,138,-171,-13164,4944,6056,-1011,112,-59,-13384,-4916,7520,-505,155,-118,0
1020.5718550682068,7896,6392,11724,-113,-34,113,6748,-9728,10184,-29,120,-188,-13200,4960,6236,-1050,124,-98,-13392,-5072,7508,-497,157,-100,0
1020.6093389987946,7888,6392,11796,-109,-111,127,6708,-9888,10328,23,120,-220,-13236,4948,6032,-1013,96,-106,-13444,-5012,7492,-504,159,-101,0
1020.644415140152,7768,6616,11896,-112,-22,102,6788,-9736,10276,-30,106,-171,-13264,4924,6220,-1023,97,-109,-13520,-4944,7392,-535,147,-133,0
1020.6804101467131,7988,6464,11788,-121,-40,89,6768,-9748,10248,-33,137,-162,-13240,4972,6320,-1022,99,-87,-13524,-5040,7208,-495,175,-144,0
1020.7158639431,7956,6380,11852,-159,-75,106,6760,-9948,10440,-19,168,-191,-13136,4932,6324,-997,140,-141,-13384,-5124,7500,-476,194,-110,0
1020.7513959407808,7880,6440,11560,-214,-137,156,6744,-9716,10448,-17,135,-220,-13280,5056,6368,-1002,127,-100,-13584,-5092,7568,-470,196,-59,0
1020.7871210575104,8000,6448,11908,-166,-190,147,6692,-9744,10244,-45,104,-246,-13180,4924,6272,-1010,115,-165,-13464,-5292,7492,-480,235,-95,0
1020.822240114212,7848,6420,11844,-141,-232,162,6732,-9640,10280,-37,148,-252,-13088,4964,6232,-973,131,-129,-13340,-4984,7532,-471,220,-75,0
1020.8576540946959,7932,6420,11684,-138,-188,142,6696,-9740,10144,-40,137,-512,-13200,4900,6144,-990,143,-125,-13420,-4888,7500,-481,210,-63,0
1020.8934760093688,7908,6384,11900,-214,-196,168,6708,-9960,10308,-30,114,-239,-13136,5040,6240,-984,197,-153,-13472,-4992,7584,-438,184,-17,0
1020.9294729232788,8108,6396,11664,-205,-115,178,6892,-9640,10492,-17,79,-179,-13208,4892,6248,-1002,194,-63,-13492,-4988,7428,-491,187,-29,0
1020.9645631313324,7928,6636,11572,-197,-116,192,6856,-9620,10268,-17,88,-213,-13236,5076,6276,-969,178,-133,-13436,-5016,7492,-483,218,-37,0
1021.0008230209352,8180,6404,11764,-189,-194,165,7120,-9616,10404,-31,109,-510,-13388,4916,6272,-1015,127,-137,-13436,-5064,7344,-467,263,-50,0
1021.0371599197388,8024,6160,11868,-186,-245,164,6904,-9708,10444,-31,109,-265,-13336,4908,6172,-1015,154,-107,-13556,-5020,7456,-487,236,-76,0
1021.0724461078644,8064,6648,11572,-185,-208,124,6696,-9972,10084,-28,108,-510,-13548,4972,6032,-1035,171,-125,-13436,-4948,7432,-426,188,-50,0
1021.1081581115724,8072,6340,11624,-198,-179,135,6788,-9688,10320,15,89,-240,-13240,5072,6088,-1018,176,-124,-13484,-4964,7440,-469,189,-64,0
1021.1434500217438,8068,6324,11684,-226,-158,116,6748,-9740,10196,-15,91,-196,-13268,5104,6120,-1023,116,-112,-13472,-5004,7260,-472,182,-61,0
1021.1791970729828,8008,6368,11712,-216,-177,155,6728,-9980,10324,-9,110,-211,-13264,4932,5904,-995,155,-108,-13400,-5024,7576,-489,189,-77,0
1021.2141029834747,8044,6276,11548,-159,-174,157,6792,-9672,10300,-44,126,-225,-13148,5028,6096,-992,119,-110,-13788,-4956,7184,-768,167,-101,0
1021.250186920166,8116,6312,11640,-153,-150,123,6860,-9620,10368,-39,122,-208,-13296,4924,6024,-1013,105,-89,-13516,-4980,7468,-499,151,-162,0
1021.283744096756,8168,6272,11596,-134,-96,121,6692,-9664,10240,-26,102,-190,-13224,4936,6144,-1007,98,-72,-13528,-4904,7384,-523,147,-119,0
1021.3174920082092,8184,6368,11664,-133,-40,116,6864,-9688,10152,-20,124,-150,-13080,4840,5992,-1023,117,-35,-13400,-4924,7428,-767,102,-155,0
1021.3508830070496,8032,6328,11556,-112,29,91,6976,-9700,10168,248,143,-141,-13364,4892,6004,-1038,43,-56,-13516,-4896,7408,-519,101,-179,0
1021.3840711116792,8080,6372,11576,-103,66,94,6688,-9616,10380,-22,133,-112,-13304,5108,6096,-1011,56,-248,-13552,-5080,7324,-764,90,-182,0
1021.4173951148988,8112,6580,11748,-78,42,69,6892,-9640,10368,-26,130,-119,-13076,4816,5980,-1019,67,-246,-13436,-5016,7240,-555,83,-197,0
1021.451003074646,7964,6340,11768,-98,69,78,6716,-9740,10464,-26,140,-125,-13300,4876,6088,-1021,52,-43,-13528,-5068,7676,-524,85,-167,0
1021.4843890666962,7940,6148,11844,-88,8,109,6824,-9684,10268,-21,148,-136,-13232,5064,6248,-997,54,-38,-13468,-4968,7504,-533,96,-139,0
1021.518100976944,8016,6364,11792,-92,8,95,6720,-9804,10452,-41,178,-113,-13340,4936,6100,-984,14,-26,-13556,-4968,7320,-538,75,-151,0
1021.5516500473024,7944,6360,11844,-74,19,83,6748,-9800,10324,-28,181,-139,-13500,5060,6204,-1002,28,-7,-13392,-5112,7636,-534,93,-179,0
1021.585067987442,7980,6356,11728,-112,37,63,6760,-9676,10228,-9,168,-116,-13184,4960,6260,-770,43,-14,-13380,-5092,7560,-482,60,-179,0
1021.6183519363403,7692,6412,11588,-112,-1,84,6816,-9576,10336,-8,159,-169,-13200,4936,6520,-977,103,-55,-13436,-4980,7456,-485,84,-127,0
1021.6515419483184,8124,6504,11892,-105,-34,83,6756,-9476,10320,-69,160,-171,-13064,4908,6244,-962,85,-69,-13372,-4988,7660,-509,98,-149,0
1021.6850500106812,8020,6256,11992,-123,-34,82,6744,-9980,10400,-47,184,-161,-13292,4956,6108,-997,58,-26,-13444,-4972,7644,-514,153,-152,0
1021.7186210155488,8176,6416,11932,-116,-46,98,6856,-9732,10440,-12,167,-159,-13252,4948,6136,-1040,56,-69,-13512,-5060,7628,-263,138,-134,0
1021.7521240711212,8000,6356,11608,-66,-25,62,6892,-9656,10208,-34,140,-147,-13324,4904,6268,-1021,41,-101,-13316,-4996,7284,-542,123,-144,0
1021.7855520248412,8128,6552,11580,-141,-32,69,6828,-9892,10420,-56,134,-162,-13312,5024,6172,-944,60,-93,-13460,-4924,7404,-491,137,-135,0
1021.8192009925842,7704,6316,11696,-129,-34,90,6848,-9800,10304,-42,178,-149,-13136,4996,6232,-1020,69,-37,-13384,-5056,7476,-486,97,-145,0
1021.852277994156,7964,6380,11892,-115,-26,84,6812,-9600,10484,-4,181,-127,-13092,4972,6028,-1042,55,-6,-13408,-5112,7448,-489,93,-161,0
1021.885407924652,7708,6396,11940,-148,-24,74,6788,-9696,10408,-67,165,-127,-13244,4968,6180,-1012,45,-73,-13444,-5004,7440,-489,121,-163,0
1021.919028043747,7904,6440,11756,-150,-254,90,6820,-9768,10404,-51,180,-163,-13160,4956,6124,-981,85,-88,-13460,-5036,7500,-461,111,-151,0
1021.9525120258331,7924,6368,11768,-153,-43,102,6712,-9744,10476,7,132,-168,-13136,4976,6316,-973,102,-62,-13276,-5044,7472,-507,183,-148,0
1021.9858479499816,7916,6324,11780,-122,-60,115,6652,-9652,10352,-26,119,-203,-13260,4964,6252,-1005,119,-35,-13508,-5068,7528,-489,189,-108,0
1022.0195651054382,7884,6356,11812,-132,-86,100,6716,-9728,10456,-38,93,-171,-13272,4976,6240,-1006,129,-50,-13424,-5120,7504,-497,158,-127,0
1022.0530960559844,8004,6412,11868,-155,-33,88,6780,-9956,10332,-21,121,-169,-13292,5008,6388,-1012,110,-69,-13420,-4952,7508,-495,146,-111,0
1022.0866899490355,7924,6328,11800,-127,-35,90,6832,-9760,10280,18,138,-153,-13428,5300,6160,-1011,94,-82,-13520,-5048,7488,-483,156,-123,0
1022.1201801300048,8012,6436,11652,-153,-56,99,6828,-9716,10388,-5,146,-169,-13256,5000,6232,-990,83,-77,-13448,-4892,7328,-510,160,-150,0
1022.1535041332244,7840,6472,11884,-166,-107,89,6884,-9732,10356,-10,175,-190,-13160,5004,6324,-986,95,-61,-13456,-4920,7656,-476,154,-110,0
1022.187070131302,7972,6416,11880,-207,-140,117,6752,-9556,10388,-28,160,-202,-13232,5064,6136,-1006,143,-91,-13496,-5112,7604,-468,207,-61,0
1022.2207441329956,7704,6384,11848,-188,-199,135,6444,-9968,10332,-39,122,-217,-13272,4956,6324,-1016,122,-150,-13404,-5016,7620,-485,252,-73,0
1022.2540619373322,7828,6412,11872,-142,-199,152,6732,-9656,10320,-32,96,-230,-13184,4996,6304,-998,140,-152,-13424,-5044,7536,-516,202,-57,0
1022.2909510135652,7932,6416,11852,-164,-192,140,6660,-9708,10412,-29,134,-230,-13164,4916,6268,-1002,196,-112,-13444,-5044,7488,-447,238,-40,0
1022.3261821269988,7948,6632,11856,-215,-160,168,6744,-9624,10456,-38,123,-223,-13332,5000,6192,-1005,194,-149,-13540,-4972,7428,-463,201,-42,0
1022.3618550300598,8040,6356,12028,-215,-190,163,6744,-9676,10420,-29,137,-194,-13296,5060,6304,-1004,134,-129,-13516,-4924,7516,-505,223,-32,0
1022.398076057434,7988,6324,11948,-218,-163,187,6848,-9968,10488,-14,109,-201,-13156,4872,5908,-1054,165,-95,-13552,-5060,7616,-463,182,-31,0
1022.4331541061401,8024,6476,11676,-160,-158,163,6808,-9632,10328,-37,99,-206,-13112,4932,6312,-1019,179,-116,-13460,-5092,7452,-466,212,-35,0
1022.4687259197236,8080,6368,11796,-208,-221,144,6872,-9696,10380,-36,87,-243,-13216,4888,5972,-952,191,-118,-13568,-5060,7516,-453,250,-31,0
1022.5039501190186,8180,6228,11868,-220,-214,156,6916,-9660,10280,-22,132,-224,-13408,4980,6136,-984,153,-175,-13340,-4928,7528,-455,201,-62,0
1022.5399560928344,8104,6316,11956,-180,-165,135,7068,-9704,10356,252,132,-211,-13264,4928,6308,-988,120,-101,-13436,-4988,7556,-446,169,-89,0
1022.5750241279602,7940,6300,11880,-215,-145,143,6796,-9620,10272,-18,157,-180,-13440,4948,6052,-1000,124,-127,-13332,-5072,7464,-456,179,-89,0
1022.6107020378112,7704,6528,12008,-192,-169,105,6788,-9768,10440,-74,124,-231,-13552,5040,6276,-996,142,-130,-13444,-5064,7408,-474,214,-84,0
1022.6455490589142,8000,6324,11904,-180,-182,134,6800,-9960,10380,-4,104,-225,-13212,4960,5936,-1006,143,-137,-13472,-5072,7544,-506,216,-109,0
1022.6815330982208,8068,6328,11644,-161,-154,156,6772,-9608,10264,-46,107,-239,-13100,4996,6220,-954,136,-115,-13472,-4956,7620,-761,221,-113,0
1022.7162530422212,7936,6256,11540,-172,-179,121,6748,-9568,10296,-30,110,-224,-13312,4964,6372,-1013,164,-120,-13416,-4940,7516,-498,179,-136,0
1022.7523939609528,7992,6328,11648,-142,-96,144,6736,-9716,10360,-32,97,-204,-13556,4956,6148,-1023,143,-120,-13792,-4952,7188,-503,132,-99,0
1022.7884650230408,8032,6372,11632,-126,-61,118,6920,-9556,10272,-32,126,-178,-13292,4892,5916,-1014,112,-71,-13492,-4960,7296,-520,143,-114,0
1022.8233461380004,8104,6184,11588,-168,-32,91,6828,-9580,10332,-33,118,-158,-13280,4936,6004,-1005,54,-51,-13544,-5060,7392,-509,115,-141,0
1022.858757019043,7996,6288,11724,-127,-2,78,6904,-9620,10348,-45,159,-154,-13268,4828,6108,-987,70,-61,-13524,-4980,7284,-502,131,-141,0
1022.8934960365295,8088,6148,11672,-106,-1,54,6852,-9912,10412,-33,144,-148,-13292,4824,6180,-982,57,-254,-13424,-4968,7280,-535,122,-188,0
1022.9304420948027,8028,6324,11880,-98,-1,68,6744,-9620,10456,-24,138,-139,-13212,4972,6040,-1003,47,-29,-13340,-4972,7504,-532,110,-173,0
1022.9639070034028,7908,6416,11632,-108,21,60,6792,-9492,10456,-41,165,-146,-13208,4872,6244,-975,66,-73,-13472,-5052,7532,-505,133,-167,0
1022.9974889755248,7880,6404,11772,-153,42,61,6720,-9744,10328,-54,147,-159,-13292,4988,5964,-974,49,229,-13544,-5048,7436,-489,93,-103,0
1023.0312039852142,8184,6232,11624,-125,-15,69,6696,-9824,10484,-39,122,-162,-13236,5008,6260,-978,29,-46,-13564,-4964,7512,-517,89,-132,0
1023.0647699832916,8060,6308,11948,-121,17,84,6828,-9740,10492,-42,152,-149,-13384,5024,6348,-957,49,-39,-13368,-5056,7608,-500,109,-155,0
1023.0982329845427,7976,6380,11716,-126,1,86,6660,-9644,10408,-27,162,-138,-13300,4916,6336,-1013,40,-46,-13484,-5064,7488,-493,95,-140,0
1023.1316940784454,8056,6452,11844,-109,-65,75,6724,-9632,10316,-29,183,-189,-13192,4920,5920,-944,39,-74,-13500,-5060,7468,-473,106,-157,0
1023.165076971054,7720,6436,11776,-158,-3,70,6736,-9616,10312,-57,171,-173,-13236,4976,5980,-975,46,-98,-13452,-4980,7548,-466,107,-149,0
1023.1986639499664,7968,6272,11916,-91,-44,74,6848,-9648,10312,-60,153,-158,-13368,4984,6316,-980,61,-38,-13420,-4920,7404,-768,117,-168,0
1023.23224401474,7952,6592,11688,-106,-29,87,6840,-9684,10344,-44,173,-152,-13196,4940,6156,-989,49,-29,-13372,-5048,7552,-489,88,-179,0
1023.2657821178436,7944,6324,11836,-97,-38,69,6796,-9788,10320,-53,177,-169,-13316,5012,6364,-992,57,-47,-13472,-5104,7176,-497,122,-161,0
1023.2991950511932,8148,6296,11852,-123,-24,80,6788,-9644,10432,-27,152,-176,-13292,4968,6048,-983,39,-84,-13532,-5056,7224,-501,146,-128,0
1023.332661151886,8176,6360,11840,-134,-24,102,6780,-9516,10248,8,127,-186,-13272,4916,6172,-770,88,-62,-13448,-5104,7544,-509,161,-140,0
1023.3662230968475,7932,6288,11720,-95,-35,91,6740,-9828,10372,-32,141,-198,-13100,5020,6048,-1002,82,-93,-13396,-5124,7660,-527,171,-139,0
1023.3993060588836,7864,6348,11888,-134,-88,90,6748,-9480,10432,-33,127,-195,-13264,4964,5960,-980,92,-75,-13356,-5044,7532,-513,143,-153,0
1023.4329829216003,7740,6416,11760,-120,-35,94,6828,-9728,10304,-36,138,-183,-13240,5108,6324,-1001,95,-79,-13428,-5060,7184,-499,131,-104,0
1023.4666640758514,7968,6208,11800,-127,-32,93,6700,-9824,10424,-20,109,-146,-13192,5000,5996,-1022,91,-94,-13480,-4944,7184,-497,145,-127,0
1023.5000820159912,7692,6368,11704,-128,-46,113,6740,-9656,10336,-44,127,-190,-13176,4960,6240,-981,117,-125,-13488,-5060,7552,-506,134,-114,0
1023.5337400436401,8008,6164,11808,-139,-114,102,6700,-9612,10400,-56,171,-170,-13264,4988,6104,-995,104,-70,-13464,-5108,7368,-487,129,-132,0
1023.5673639774324,7908,6260,11712,-145,-86,89,6740,-9680,10388,-27,151,-176,-13308,4904,6188,-990,102,-35,-13496,-5000,7504,-479,146,-96,0
1023.6007349491119,7700,6332,11744,-151,-63,102,6752,-9692,10340,-17,133,-182,-13288,4912,5892,-1014,120,-69,-13496,-4896,7376,-479,169,-121,0
1023.6340970993042,8064,6272,11692,-148,-87,100,6780,-9508,10156,-4,116,-186,-13364,4972,6264,-1031,137,-86,-13172,-5268,7176,-475,165,-103,0
1023.667601108551,7940,6324,11816,-183,-82,97,6756,-9596,10336,-26,116,-200,-13260,4976,6180,-996,108,-131,-13448,-4956,7532,-495,164,-92,0
1023.7011699676514,7680,6304,11716,-162,-93,131,6816,-9644,10288,-33,119,-200,-13064,5060,6304,-989,106,-69,-13672,-5096,7476,-483,206,-80,0
1023.7345240116119,7684,6188,11980,-204,-137,139,6760,-9512,10376,26,169,-210,-13224,4916,6244,-1048,115,-118,-13396,-5048,7596,-479,206,-55,0
1023.7681550979614,7892,6472,11976,-184,-184,157,6824,-9652,10296,-26,124,-188,-13204,4864,6336,-1009,161,-120,-13412,-5096,7500,-490,168,-54,0
1023.8016550540924,7844,6472,11568,-169,-192,144,6740,-9760,10440,-52,136,-220,-13352,4960,6320,-990,121,-111,-13464,-5096,7428,-484,191,-70,0
1023.8353450298308,7892,6356,11768,-199,-156,122,6776,-9692,10452,-33,140,-209,-13152,4956,6176,-952,152,-164,-13376,-4944,7456,-451,214,-51,0
1023.8690180778503,7900,6348,11768,-205,-151,141,6740,-9692,10244,-14,123,-221,-13404,4972,5940,-998,171,-95,-13440,-5012,7488,-447,195,-58,0
1023.9067199230194,8164,6356,11952,-191,-147,145,6776,-9700,10364,-15,140,-203,-13264,5048,6160,-1006,183,-126,-13452,-5008,7464,-477,158,-46,0
1023.94038105011,8028,6364,11872,-239,-157,161,6724,-9664,10452,-52,107,-189,-13336,4988,6332,-1002,150,-158,-13340,-4980,7452,-487,222,-79,0
1023.978168964386,8040,6420,11784,-194,-199,180,6660,-9716,10520,-45,83,-244,-13232,4960,6084,-1011,180,-180,-13376,-4980,7272,-259,224,-58,0
1024.0139861106873,7968,6284,11604,-193,-200,140,6876,-9712,10276,254,87,-214,-13304,5000,5984,-1018,158,-111,-13428,-4992,7440,-504,196,-59,0
1024.0487699508667,7892,6340,11764,-177,-181,156,6832,-9684,10360,10,100,-237,-13320,5012,6144,-1005,187,-156,-13500,-5016,7456,-474,197,-71,0
1024.085088014603,8012,6328,11692,-206,-186,133,6720,-9976,10288,-41,110,-221,-13076,4880,6344,-1007,148,-78,-13532,-5052,7272,-469,178,-90,0
1024.1208250522614,8136,6340,11680,-208,-136,127,6680,-9724,10256,-27,134,-202,-13376,4920,5968,-1279,142,-74,-13548,-4976,7576,-480,198,-86,0
1024.15620303154,8048,6264,11616,-198,-161,123,6808,-9592,10292,-9,136,-194,-13252,4844,6256,-998,150,-146,-13448,-5068,7508,-475,215,-62,0
1024.1923019886017,8068,6368,11524,-189,-148,172,6756,-9604,10332,-23,109,-219,-13332,4992,6160,-1031,152,-97,-13512,-5020,7428,-491,200,-58,0
1024.227543115616,7984,6288,11992,-167,-188,122,6844,-9732,10256,-76,143,-204,-13392,4892,6232,-981,103,-66,-13488,-4964,7372,-523,141,-115,0
1024.2635209560394,8096,6348,11680,-143,-160,134,6692,-9744,10400,14,127,-189,-13088,4928,6236,-986,122,-131,-13564,-4964,7448,-479,188,-121,0
1024.299299955368,8048,6252,11536,-94,-55,126,6672,-9656,10280,-45,117,-218,-13268,4756,6368,-977,130,-73,-13404,-4956,7260,-531,160,-116,0
1024.3348441123965,8088,6248,11912,-165,-96,97,6840,-9672,10352,-50,143,-183,-13548,4984,5952,-1016,107,-33,-13660,-4948,7512,-475,113,-129,0
1024.370728969574,8072,6340,11620,-122,-14,98,6776,-9620,10288,-65,121,-134,-13204,4916,5992,-990,111,10,-13544,-4960,7472,-518,58,-155,0
1024.4055759906769,8056,6396,11684,-136,72,106,7124,-9684,10308,8,103,-115,-13336,4808,6132,-1035,104,19,-13464,-5020,7272,-549,94,-122,0
1024.441854953766,7936,6320,11608,-123,41,106,6840,-9628,10460,-20,111,-149,-13324,4872,6328,-1048,59,-62,-13412,-5096,7676,-257,125,-127,0
1024.4777050018313,7980,6156,11556,-110,-23,50,6776,-9736,10396,-44,148,-163,-13060,4968,6132,-1021,44,-49,-13464,-4940,7224,-562,138,-220,0
1024.512845993042,8020,6312,11732,-58,-248,43,6824,-9664,10436,-33,174,-155,-13348,4944,6184,-992,9,-63,-13488,-4916,7488,-545,99,-208,0
1024.5480499267578,7992,6324,11748,-81,18,61,6752,-9740,10300,18,168,-146,-13272,4904,6396,-1008,56,-74,-13528,-4996,7420,-479,82,-174,0
1024.58349108696,7992,6144,11996,-115,13,88,6804,-9640,10468,-23,160,-151,-13168,4960,6096,-1265,90,-37,-13484,-4900,7540,-511,113,-152,0
1024.619441986084,8040,6316,11736,-120,-16,91,6716,-9672,10452,-20,151,-120,-13268,4992,5952,-1005,81,-2,-13468,-4992,7500,-763,78,-132,0
1024.6529841423035,7916,6296,11828,-114,255,123,6708,-9652,10272,-58,131,-146,-13352,4976,6244,-977,51,-84,-13448,-5012,7568,-498,90,-152,0
1024.6863920688627,7964,6432,11704,-89,-13,100,6752,-9640,10280,-74,157,-145,-13084,4920,6328,-990,43,-59,-13404,-5012,7336,-518,131,-150,0
1024.719880104065,8016,6276,11704,-114,-49,61,6856,-9632,10268,-47,152,-155,-13420,4936,6140,-999,48,-64,-13560,-5044,7408,-502,134,-197,0
1024.7535059452057,8028,6584,11624,-110,-25,54,6844,-9696,10364,-25,164,-171,-13348,4876,6052,-981,58,-51,-13496,-5040,7444,-509,130,-174,0
1024.7868759632113,7960,6316,11656,-115,2,73,6868,-9712,10480,-3,166,-138,-13236,4940,5960,-984,67,-43,-13752,-5028,7208,-500,155,-148,0
1024.8205111026764,8024,6368,11964,-120,-71,68,6868,-9664,10240,-24,106,-173,-13184,5032,6184,-1003,89,-62,-13388,-5128,7472,-499,140,-139,0
1024.8541669845579,7964,6596,11916,-110,-39,90,6796,-9752,10408,-46,139,-166,-13320,4904,6216,-998,71,-85,-13532,-4940,7544,-503,128,-139,0
1024.8875260353088,7896,6268,11808,-124,-68,68,6804,-9636,10248,-8,133,-149,-13064,4828,6048,-999,68,-32,-13408,-4876,7536,-506,127,-161,0
1024.9208281040192,7872,6344,11596,-111,-66,115,6748,-9728,10440,-43,144,-145,-13276,5056,6368,-1004,106,-40,-13528,-5040,7604,-768,128,-133,0
1024.9544050693512,8176,6388,11648,-133,-24,92,6768,-9636,10448,-19,127,-173,-13200,4916,6064,-995,78,-70,-13460,-5016,7544,-535,128,-144,0
1024.9876890182495,7948,6428,11908,-127,-60,95,6660,-9948,10256,-27,138,-167,-13256,5024,6120,-1005,108,-97,-13356,-4880,7424,-519,144,-119,0
1025.0213780403135,7852,6364,11948,-156,-31,107,6736,-9644,10316,-10,132,-171,-13260,5008,6220,-1019,83,-107,-13412,-5124,7432,-512,163,-142,0
1025.0549280643463,7860,6644,11552,-139,-73,107,6764,-9704,10364,-5,115,-182,-13176,4984,6320,-1034,156,-63,-13348,-5116,7496,-495,169,-127,0
1025.0882451534271,7932,6356,11668,-138,-84,113,6744,-9700,10168,-37,148,-186,-13244,4984,6144,-983,138,-95,-13532,-5056,7428,-467,187,-114,0
1025.1218061447144,8056,6396,11636,-148,-109,111,6768,-9664,10304,-40,134,-183,-13220,4880,6140,-984,131,-108,-13536,-5052,7604,-502,151,-108,0
1025.1553270816803,8112,6304,11824,-202,-94,107,6820,-9796,10348,252,148,-165,-13148,5032,6116,-1017,111,-107,-13460,-5128,7476,-486,147,-95,0
1025.1886291503906,7844,6472,11844,-208,-114,153,6780,-9672,10420,19,145,-164,-13060,4908,6252,-1063,107,-97,-13504,-5104,7464,-445,142,-65,0
1025.222284078598,7848,6476,11816,-149,-122,146,6792,-9476,10468,-30,150,-200,-13260,4868,6200,-1001,149,-105,-13468,-5016,7488,-503,185,-43,0
1025.2558069229126,7836,6624,11520,-197,-184,132,6776,-9680,10340,-73,103,-233,-13220,4948,6076,-957,172,-83,-13356,-4948,7516,-474,243,-31,0
1025.2893171310425,7932,6268,11868,-171,-186,128,6700,-9736,10288,-12,134,-218,-13152,5020,6068,-994,136,-112,-13408,-4948,7532,-465,192,-63,0
1025.322855949402,7700,6372,11716,-177,-151,137,6696,-9640,10300,-28,123,-205,-13220,4940,6252,-966,171,-100,-13496,-4872,7644,-452,141,-67,0
1025.3564610481262,7684,6260,11820,-243,-114,143,6740,-9684,10324,-67,155,-184,-13512,5020,6308,-957,153,-96,-13416,-4996,7544,-460,166,-68,0
1025.3898141384125,8032,6392,11796,-200,-159,128,6732,-9744,10360,-56,139,-207,-13284,5008,6204,-973,152,-83,-13624,-4948,7448,-482,232,-90,0
1025.4229669570923,8064,6308,11916,-184,-163,166,6760,-9696,10360,-8,132,-229,-13392,5032,5936,-1049,173,-156,-13540,-4912,7368,-273,230,-61,0
1025.4565300941467,8000,6352,11820,-136,-159,177,6812,-9744,10372,-15,83,-226,-13204,4976,6140,-1029,170,-148,-13436,-4940,7616,-502,212,-45,0
1025.48992395401,8060,6276,11872,-169,-193,149,6888,-9676,10300,-23,114,-218,-13208,5020,6288,-1012,191,-110,-13520,-5008,7372,-259,183,-77,0
1025.523477077484,7948,6264,11820,-210,-152,150,6820,-9480,10468,-12,123,-202,-13292,5088,6208,-1002,148,-114,-13584,-5016,7460,-499,173,-71,0
1025.5572121143339,8148,6380,11796,-189,-142,143,6816,-9656,10492,248,135,-210,-13332,4960,6056,-1037,168,-106,-13788,-4928,7604,-455,190,-82,0
1025.5908000469208,8084,6332,11988,-183,-117,149,6684,-9724,10488,-250,122,-201,-13264,4864,6064,-1040,136,-95,-13544,-5024,7672,-481,177,-60,0
1025.6241290569305,7944,6284,11736,-188,-173,135,6736,-9612,10296,-44,116,-215,-13336,4944,6212,-986,121,-85,-13496,-5020,7600,-491,185,-79,0
1025.6619460582733,8140,6640,11764,-170,-141,116,6756,-9696,10468,-38,136,-214,-13252,4636,5920,-999,118,-130,-13452,-4972,7188,-476,182,-107,0
1025.6978390216827,7984,6264,11772,-140,-161,101,6796,-9652,10460,-46,149,-199,-13164,4968,5924,-770,107,-96,-13508,-5120,7372,-489,174,-97,0
1025.73259806633,8188,6316,11560,-117,-114,104,6800,-9692,10352,-23,109,-204,-13256,4844,6004,-1001,127,-98,-13320,-5000,7520,-500,150,-74,0
1025.767522096634,8160,6316,11688,-170,-92,112,6748,-9552,10268,-29,119,-186,-13200,4692,6180,-999,134,-63,-13388,-4940,7664,-521,117,-131,0
1025.803559064865,8008,6312,11564,-127,-19,144,6904,-9628,10308,-19,126,-158,-13224,4928,6144,-1010,102,-27,-13452,-4976,7288,-529,106,-147,0
1025.8393700122833,8152,6268,11744,-118,19,102,7144,-9684,10268,-2,115,-154,-13488,4892,6028,-1069,77,-59,-13508,-5020,7308,-768,104,-169,0
1025.8745501041412,8000,6292,11948,-108,17,92,6784,-9612,10476,-5,163,-128,-13264,4912,6116,-1007,84,-14,-13480,-5024,7440,-518,66,-191,0
1025.9102129936218,8092,6356,11740,-82,251,85,6804,-9744,10540,-31,151,-142,-13324,4896,6160,-994,67,-45,-13572,-5032,7384,-530,123,-158,0
1025.945153951645,8168,6360,11736,-120,33,43,6708,-9620,10468,-47,131,-136,-13256,4956,6396,-993,56,-14,-13424,-4980,7468,-497,77,-180,0
1025.9803879261017,8064,6320,11868,-92,49,75,6808,-9724,10316,-22,185,-104,-13268,4956,6060,-921,15,-249,-13452,-5032,7544,-257,66,-174,0
1026.015450000763,8148,6360,11792,-108,51,66,6736,-9640,10368,-21,183,-122,-13284,4976,6396,-969,16,-31,-13548,-5132,7440,-761,74,-187,0
1026.0510380268097,7732,6320,11844,-121,14,65,6720,-9648,10388,-48,178,-114,-13264,4860,6228,-964,47,-5,-13572,-5008,7488,-517,91,-163,0
1026.0862021446228,7980,6152,11824,-78,-13,89,6772,-9980,10524,-54,139,-135,-13200,4968,6224,-1015,68,-60,-13480,-4996,7496,-515,113,-176,0
1026.121791124344,7736,6300,11604,-110,-247,100,6696,-9624,10240,-23,135,-159,-13252,4968,6024,-1001,91,-24,-13252,-5100,7548,-525,130,-156,0
1026.1576089859009,8036,6296,11928,-88,-41,120,6800,-9812,10488,-20,157,-168,-13080,4920,5932,-976,71,-69,-13480,-4884,7452,-529,126,-163,0
1026.192796945572,7728,6296,11752,-106,-30,105,6800,-9712,10292,-20,144,-146,-13348,4984,6196,-967,86,-38,-13468,-4968,7536,-516,101,-146,0
1026.2279920578003,7976,6360,11704,-137,-1,104,6732,-9968,10440,-7,149,-160,-13488,4916,6040,-999,62,-39,-13516,-4964,7428,-505,123,-136,0
1026.2637159824371,8056,6380,11836,-118,-21,97,6712,-9696,10292,-27,156,-141,-13204,5016,6152,-999,64,-84,-13364,-5000,7532,-497,132,-184,0
1026.2993240356443,7972,6464,11784,-113,-58,95,6788,-9736,10336,-47,148,-154,-13172,4968,6104,-979,75,-100,-13428,-5056,7408,-504,123,-151,0
1026.3329310417175,7904,6368,11824,-141,-30,71,6756,-9704,10312,-36,144,-179,-13240,5028,6204,-992,49,-108,-13480,-5084,7400,-487,113,-161,0
1026.3666689395905,7740,6504,11876,-130,-27,81,6780,-9700,10492,-16,142,-163,-13288,5024,6044,-987,61,-54,-13380,-4936,7468,-501,148,-154,0
1026.3997559547424,7968,6360,11772,-121,-48,107,6716,-9720,10308,-30,127,-167,-13352,4956,6240,-987,99,-88,-13564,-5076,7496,-486,140,-125,0
1026.433187007904,7940,6392,11780,-139,-30,105,6768,-9764,10456,-36,140,-180,-13252,4908,6216,-977,109,-117,-13428,-5052,7452,-493,124,-125,0
1026.466470003128,7956,6364,11912,-126,-69,105,6792,-9700,10340,-49,135,-178,-13240,4976,6224,-961,104,-65,-13328,-4972,7412,-508,152,-122,0
1026.499922990799,7952,6620,11868,-100,-64,106,6780,-9772,10344,-8,158,-190,-13064,4960,6308,-1028,66,-68,-13436,-5076,7372,-764,160,-128,0
1026.5335640907288,7948,6420,11796,-143,-68,124,6700,-9684,10300,-6,142,-149,-13220,4944,6336,-1039,108,-55,-13412,-5096,7576,-500,150,-111,0
1026.56716299057,8016,6436,11816,-136,-68,99,6852,-9628,10368,-37,127,-175,-13392,4936,6180,-981,77,-82,-13472,-5024,7548,-491,118,-124,0
1026.6005640029907,7984,6444,11768,-146,-66,74,6688,-9668,10472,-40,130,-173,-13304,4924,6176,-975,133,-97,-13444,-4968,7428,-464,124,-114,0
1026.6338300704956,7752,6296,11836,-179,-61,93,6744,-9744,10388,-23,148,-168,-13152,5056,6184,-983,97,-64,-13536,-4928,7404,-466,143,-112,0
1026.6673240661619,8016,6592,12016,-135,-61,107,6696,-9696,10292,-13,136,-157,-13200,4976,6136,-998,86,-43,-13408,-5060,7408,-478,118,-149,0
1026.7008309364319,7832,6632,11620,-161,-35,99,6688,-9496,10360,-84,178,-155,-13084,4908,6220,-977,67,-58,-13440,-5148,7660,-494,150,-118,0
1026.7342441082,8132,6352,11548,-160,-62,97,6692,-9792,10340,-52,142,-182,-13276,4924,6344,-986,117,-108,-13448,-5104,7524,-509,137,-141,0
1026.7678809165955,7960,6388,11804,-126,-35,79,6892,-9656,10424,-11,143,-211,-13248,4976,6024,-1003,89,-96,-13428,-5008,7540,-507,178,-108,0
1026.8016221523285,7872,6304,11776,-132,-45,122,6740,-9764,10468,-10,124,-229,-13236,4928,6108,-1023,99,-64,-13404,-5084,7584,-478,214,-96,0
1026.8352420330048,7904,6328,11924,-194,-117,108,6756,-9916,10080,-3,125,-219,-13252,5064,6384,-1010,146,-104,-13460,-5028,7560,-474,192,-72,0
1026.8686549663544,7832,6452,11836,-227,-108,157,6660,-9780,10388,-46,141,-230,-13268,5032,6364,-980,153,-85,-13472,-5112,7504,-448,199,-54,0
1026.9021430015564,8032,6384,11776,-189,-203,171,6748,-9800,10480,-38,132,-217,-13064,5048,6296,-983,156,-137,-13432,-5020,7520,-478,234,-69,0
1026.9356651306152,7948,6340,11808,-152,-206,124,6748,-9640,10060,-41,124,-511,-13180,4968,6348,-966,162,-182,-13260,-5060,7496,-470,238,-60,0
1026.9691479206083,7852,6364,11716,-165,-228,156,6744,-9580,10128,-50,138,-263,-13152,4904,6204,-968,178,-134,-13400,-4996,7664,-455,254,-61,0
1027.0026741027832,7840,6360,11796,-184,-197,128,6668,-9600,10324,-16,122,-261,-13192,4892,6280,-940,164,-134,-13436,-5008,7436,-450,221,-56,0
1027.0362241268158,7956,6380,11776,-217,-176,134,6800,-9712,10436,-18,116,-263,-13296,4956,6264,-969,199,-125,-13556,-4888,7384,-448,222,-72,0
1027.069829940796,8008,6356,11804,-198,-198,145,6816,-9972,10412,-251,106,-224,-13072,4940,5896,-1035,169,-163,-13460,-5000,7332,-467,237,-55,0
1027.1031639575958,8028,6276,11680,-189,-224,163,6724,-9668,10276,-4,138,-3,-13228,4876,6116,-989,190,-134,-13544,-4972,7480,-443,245,-48,0
1027.1366219520569,8020,6408,11672,-224,-204,176,6708,-9588,10316,-31,102,-241,-13292,4944,6048,-1005,198,-141,-13692,-4980,7256,-478,175,-49,0
1027.1702909469604,8028,6336,11584,-193,-223,164,6784,-9684,10424,-57,94,-204,-13344,5008,6080,-1011,171,-87,-13484,-5080,7504,-504,198,-73,0
1027.2039079666138,7936,6276,11764,-194,-180,161,6664,-9700,10472,-256,100,-214,-13544,4952,5996,-1004,117,-109,-13464,-5104,7400,-468,183,-77,0
1027.2375490665436,8000,6316,11724,-175,-180,143,6728,-9624,10316,-6,119,-190,-13200,4932,6272,-1003,131,-84,-13496,-5008,7512,-453,168,-47,0
1027.2710900306702,7980,6280,11852,-193,-157,133,6808,-9608,10300,-49,134,-224,-13220,4992,6180,-984,160,-152,-13540,-4984,7576,-447,209,-57,0
1027.3041479587555,8056,6276,11764,-240,-154,146,6844,-9688,10324,-36,92,-238,-13276,4980,6304,-1018,145,-123,-13412,-5016,7496,-459,167,-95,0
1027.3419930934906,8028,6604,11680,-167,-168,125,6756,-9652,10328,-22,128,-199,-13160,4884,6164,-991,145,-91,-13432,-4964,7448,-455,137,-105,0
1027.3779349327087,7992,6324,11688,-202,-130,128,6684,-9640,10380,-36,121,-200,-13172,4940,6040,-985,155,-64,-13420,-4912,7452,-499,156,-94,0
1027.4128720760345,7996,6324,11764,-145,-163,129,6804,-9672,10360,-68,95,-220,-13556,4916,6392,-1002,107,-109,-13512,-5024,7380,-532,175,-106,0
1027.4486050605774,8044,6184,11692,-83,-119,104,6792,-9644,10224,-50,93,-216,-13452,5060,5904,-978,106,-71,-13548,-4940,7312,-520,185,-151,0
1027.4839241504667,8100,6332,11556,-108,-36,94,6904,-9652,10444,-9,101,-176,-13360,4928,6112,-990,100,-69,-13464,-4860,7460,-519,128,-154,0
1027.5193159580233,8132,6300,11460,-126,-38,81,6928,-9664,10460,6,130,-166,-13512,4892,6208,-1033,66,-20,-13600,-4980,7412,-484,106,-161,0
1027.554563999176,8116,6232,11528,-119,55,71,6852,-9660,10284,-32,134,-140,-13388,4896,6208,-1036,62,-50,-13480,-5016,7520,-523,81,-186,0
1027.5901861190796,8044,6268,11648,-114,42,97,6816,-9564,10420,6,167,-133,-13364,4872,6124,-1052,53,-233,-13440,-5004,7488,-516,114,-156,0
1027.6253371238708,8032,6312,12012,-88,25,77,6824,-9636,10360,-62,159,-146,-13316,4908,6348,-1003,49,-44,-13468,-5000,7404,-531,104,-133,0
1027.660630941391,8160,6372,11708,-118,247,88,6780,-9604,10300,-77,200,-120,-13296,4900,6216,-970,23,-49,-13460,-5024,7536,-515,74,-178,0
1027.6956861019135,8100,6260,11696,-102,-252,32,6820,-9512,10468,-38,206,-107,-13288,5064,6300,-1002,-4,-29,-13432,-4976,7664,-522,78,-164,0
1027.7310740947723,7980,6352,11816,-101,243,76,6764,-9644,10416,-21,196,-135,-13312,4828,6264,-998,31,-21,-13420,-5136,7440,-493,75,-166,0
1027.7662370204926,7936,6352,11940,-66,29,54,6680,-9532,10300,-48,154,-145,-13172,5076,5952,-996,63,-57,-13384,-5044,7524,-514,96,-147,0
1027.8014640808105,8160,6280,11928,-102,-32,73,6804,-9828,10424,-43,121,-149,-13308,5008,6308,-978,60,-55,-13540,-4944,7408,-477,118,-116,0
1027.8375401496887,7976,6324,11748,-96,-44,97,6680,-9680,10348,-88,108,-150,-13232,4988,5940,-987,110,-60,-13468,-5076,7388,-498,96,-143,0
1027.8722980022433,8012,6296,11948,-101,-11,101,6752,-9644,10460,-26,141,-152,-13228,4932,6188,-973,71,-15,-13460,-5048,7480,-522,112,-107,0
1027.9084911346436,7920,6324,11756,-111,-55,101,6800,-9688,10272,-39,161,-150,-13540,5036,6224,-992,72,-89,-13500,-5056,7440,-760,130,-165,0
1027.943438053131,7692,6284,11900,-114,-100,77,6820,-9628,10260,-39,186,-174,-13508,4980,6352,-1012,78,-96,-13756,-4980,7468,-535,107,-158,0
1027.9796550273895,7952,6460,11772,-99,-49,52,6840,-9780,10320,-30,177,-156,-13216,4912,6172,-769,53,-60,-13380,-5080,7476,-502,113,-171,0
1028.0130739212036,8008,6328,11816,-146,-23,68,6740,-9792,10400,-26,153,-165,-13204,5032,6216,-1012,52,-30,-13488,-5064,7488,-483,106,-166,0
1028.0467660427094,8168,6324,11852,-126,-48,67,6808,-9672,10280,252,136,-176,-13200,4932,6216,-1001,66,-56,-13428,-4944,7404,-508,158,-130,0
1028.0802259445193,8188,6144,11656,-106,-37,82,6724,-9688,10316,-6,127,-204,-13184,4968,6200,-964,86,-95,-13332,-5108,7420,-485,157,-133,0
1028.1135070323944,7896,6420,11852,-161,-55,112,6768,-9920,10352,-8,128,-183,-13272,4872,6088,-1022,105,-91,-13488,-5072,7544,-764,139,-120,0
1028.1468479633331,8008,6304,11804,-122,-83,86,6800,-9672,10040,-32,157,-202,-13480,4944,6360,-985,99,-69,-13404,-5368,7532,-505,168,-124,0
1028.1802780628204,7836,6348,11916,-139,-54,100,6756,-9696,10248,-53,160,-165,-13232,4972,6040,-982,98,-51,-13428,-5084,7292,-491,140,-154,0
1028.2137160301208,7896,6332,11772,-150,-65,83,6708,-9708,10380,-29,120,-195,-13212,4944,6112,-971,101,-76,-13468,-5072,7348,-527,144,-121,0
1028.2473471164703,8000,6356,11920,-121,-74,104,6420,-9672,10320,-42,114,-167,-13284,4876,6240,-1006,90,-101,-13428,-5156,7500,-505,139,-121,0
1028.281021118164,7976,6364,11800,-125,-61,101,6792,-9724,10336,-29,133,-155,-13060,5000,6084,-1016,77,-106,-13532,-5072,7544,-493,166,-106,0
1028.3144321441653,7984,6464,11912,-136,-89,114,6864,-9772,10348,-26,127,-190,-13260,4880,6288,-1006,113,-86,-13460,-5064,7532,-491,192,-100,0
1028.3479900360107,7900,6648,11812,-166,-99,98,6752,-9704,10296,6,142,-203,-13324,4948,5964,-1001,109,-89,-13424,-5032,7580,-477,196,-95,0
1028.381592988968,7752,6604,12012,-179,-139,151,6728,-9768,10392,-11,119,-196,-13304,4964,6268,-1008,153,-113,-13444,-5132,7488,-471,212,-79,0
1028.4150271415713,7956,6356,11544,-163,-171,152,6716,-9736,10452,-29,116,-232,-13200,5028,6352,-1001,156,-114,-13452,-5104,7504,-486,203,-47,0
1028.4484951496124,7888,6268,11728,-152,-189,148,6712,-9752,10360,-32,123,-191,-13264,5060,6264,-1004,164,-129,-13476,-5040,7544,-504,219,-51,0
1028.481663942337,7980,6372,12000,-159,-170,137,6732,-9748,10388,-17,148,-219,-13292,5032,6008,-985,136,-81,-13384,-5056,7424,-488,228,-65,0
1028.5149829387665,7820,6332,11800,-192,-173,157,6764,-9688,10332,-13,111,-223,-13160,4924,6112,-1002,207,-144,-13476,-5076,7720,-436,217,-46,0
1028.5483441352844,8040,6584,11604,-211,-179,150,6796,-9544,10400,-46,133,-244,-13356,4940,6184,-1280,211,-166,-13496,-4916,7388,-443,215,-37,0
1028.5819261074066,7788,6376,11584,-207,-201,135,6808,-9660,10396,-35,120,-237,-13348,5016,6216,-992,157,-141,-13524,-4968,7592,-491,217,-93,0
1028.6155440807345,8068,6364,11832,-225,-167,159,6928,-9612,10360,-5,93,-212,-13468,4916,6360,-1032,124,-89,-13464,-5088,7572,-502,191,-87,0
1028.6487839221954,7756,6380,11484,-168,-212,159,6708,-9572,10264,3,115,-231,-13544,5104,5964,-992,190,-103,-13492,-5072,7380,-445,221,-59,0
1028.6821990013125,8020,6176,11792,-183,-173,131,6744,-9676,10644,-28,117,-254,-13204,4860,6216,-963,180,-165,-13496,-4964,7376,-459,280,-45,0
1028.715451002121,8072,6260,11864,-240,-187,166,6768,-9792,10400,-15,117,-241,-13532,4972,6148,-1019,161,-132,-13540,-5024,7424,-450,214,-72,0
1028.7490191459656,8020,6232,11808,-171,-195,134,6848,-9648,10412,-14,149,-183,-13260,5012,6124,-1020,162,-83,-13480,-5040,7564,-466,147,-98,0
1028.7825000286102,7988,6320,11912,-181,-129,131,6796,-9692,10308,-3,121,-164,-13376,4952,6200,-989,139,-40,-13276,-5008,7376,-465,120,-89,0
1028.8160960674286,7708,6300,11656,-170,-111,152,6684,-9688,10416,-31,135,-199,-13300,5024,6244,-1004,156,-108,-13364,-5020,7528,-481,182,-88,0
1028.849802017212,7976,6280,11740,-117,-110,143,6740,-9760,10248,-44,95,-194,-13328,4888,6100,-1002,150,-123,-13524,-4920,7568,-517,195,-129,0
1028.8833420276642,8064,6304,11672,-132,-147,152,6832,-9584,10492,-32,100,-217,-13152,4912,6372,-1033,135,-133,-13468,-4904,7184,-539,185,-103,0
1028.919672012329,8048,6288,11780,-107,-104,122,6844,-9592,10492,-47,103,-202,-13544,5108,6024,-1279,113,-114,-13328,-4956,7336,-516,161,-109,0
1028.9538309574127,8004,6252,11708,-126,-31,105,7056,-9476,10020,-27,92,-165,-13556,5036,5940,-1001,119,-74,-13628,-4928,7220,-505,106,-154,0
1028.98974609375,8216,6300,11560,-105,11,83,6656,-9684,10464,-25,155,-136,-13472,5052,6068,-777,72,-62,-13576,-5104,7172,-524,98,-142,0
1029.0254559516907,8048,6360,11612,-132,13,90,6864,-9696,10296,2,125,-130,-13284,4964,6008,-1271,98,-40,-13536,-4884,7488,-511,80,-173,0
1029.0613491535187,8020,6592,11580,-116,14,85,6788,-9488,10240,-48,125,-155,-13260,4988,6152,-1032,62,-25,-13536,-4984,7560,-765,79,-201,0
1029.0962381362915,7888,6416,11856,-103,-11,33,6856,-9584,10420,-57,171,-129,-13176,4916,5960,-982,37,-65,-13572,-5032,7452,-518,89,-173,0
1029.131756067276,7908,6272,11792,-115,5,52,6888,-9716,10404,-63,187,-151,-13232,4984,6172,-988,7,-46,-13408,-4944,7648,-508,109,-168,0
1029.16774392128,8068,6352,11740,-96,5,81,6772,-9612,10436,-32,157,-123,-13244,4968,6204,-1002,25,-41,-13424,-4984,7508,-511,133,-142,0
1029.202826976776,8012,6296,12004,-116,-14,75,6692,-9640,10360,-41,141,-143,-13280,4968,6644,-974,70,-34,-13572,-5020,7512,-524,80,-127,0
1029.2387490272522,7944,6396,11640,-108,-29,102,6724,-9756,10416,-60,141,-144,-13296,4976,6240,-1003,89,-48,-13444,-5016,7192,-540,88,-105,0
1029.274162054062,8188,6336,11788,-101,-33,116,6808,-9736,10348,-22,138,-160,-13492,4972,6108,-778,69,-83,-13408,-5064,7676,-527,149,-126,0
1029.3098089694977,7904,6432,11760,-88,-53,116,6800,-9656,10416,-19,123,-121,-13240,4964,6132,-1014,71,-33,-13416,-5060,7468,-502,133,-113,0
1029.3453900814056,7868,6420,11876,-114,-72,95,6876,-9724,10380,-29,145,-179,-13264,4956,5996,-957,67,-80,-13520,-5036,7416,-492,161,-127,0
1029.38121509552,8008,6408,11804,-135,-77,115,6792,-9784,10244,-59,141,-174,-13408,5100,5916,-994,91,-41,-13504,-4940,7520,-488,107,-127,0
1029.4172949790955,8032,6284,11660,-124,-83,104,6784,-9716,10344,-30,137,-135,-13280,5016,6388,-998,72,-86,-13512,-5064,7444,-484,106,-119,0
1029.4517829418185,8032,6404,11684,-134,-47,115,6728,-9624,10304,-43,157,-161,-13276,4988,5956,-995,72,-15,-13440,-4896,7512,-765,73,-157,0
1029.4876201152802,8172,6368,11960,-140,-37,104,6800,-9724,10368,-52,149,-176,-13292,4984,6212,-941,32,-83,-13484,-5100,7576,-502,150,-146,0
1029.5226011276243,8040,6312,11824,-94,-32,118,6856,-9712,10308,-10,171,-187,-13080,5104,6084,-1016,82,-82,-13460,-5004,7176,-512,127,-142,0
1029.5581259727478,8080,6328,11800,-116,-29,112,6640,-9640,10316,-19,142,-173,-13096,4960,6108,-776,71,-78,-13468,-5332,7504,-259,132,-146,0
1029.5933001041412,8036,6344,11844,-109,-62,82,6712,-9580,10004,-16,156,-173,-13332,5000,6204,-990,64,-83,-13468,-5076,7524,-513,115,-161,0
1029.6310720443726,8008,6416,11804,-127,-55,100,6780,-9816,10300,-24,156,-147,-13268,4996,6128,-1003,72,-55,-13408,-5044,7480,-767,106,-158,0
1029.6644790172577,8052,6328,11692,-106,-41,101,6796,-9516,10332,-31,134,-141,-13216,5000,6176,-995,91,-58,-13396,-5084,7516,-492,108,-122,0
1029.6979730129242,8040,6372,11788,-117,-61,91,6816,-9484,10356,3,141,-183,-13168,4940,6364,-1024,71,-59,-13504,-5008,7564,-521,124,-117,0
1029.731567144394,7900,6264,11824,-147,-55,92,6776,-9676,10420,-64,155,-177,-13240,4932,6160,-990,88,-84,-13488,-5052,7468,-519,126,-133,0
1029.7653980255127,7728,6632,11760,-132,-83,69,6872,-9780,10268,-37,150,-192,-13160,4652,6352,-997,76,-74,-13728,-5096,7576,-764,152,-152,0
1029.7987639904022,7924,6344,11844,-133,-67,87,6664,-9668,10440,-20,149,-169,-13268,4932,6248,-984,82,-77,-13420,-4964,7480,-484,152,-145,0
1029.8321280479431,7844,6416,11796,-138,-44,79,6696,-9732,10372,10,145,-178,-13236,4928,5960,-970,95,-89,-13416,-5032,7488,-486,182,-129,0
1029.8657350540159,8188,6368,11948,-162,-78,91,6672,-9732,10500,-29,135,-206,-13240,4960,6072,-1014,116,-123,-13456,-4920,7672,-477,172,-104,0
1029.8989520072935,7936,6380,11956,-153,-101,142,6700,-9816,10408,-22,137,-194,-13248,4924,5988,-1016,174,-127,-13512,-5040,7560,-519,210,-62,0
1029.9324650764463,7924,6344,11864,-169,-165,155,6696,-9740,10468,245,124,-220,-13064,4876,6224,-1010,155,-122,-13496,-5036,7524,-495,219,-58,0
1029.9662289619446,7864,6448,11716,-153,-195,194,6408,-9504,10368,-15,110,-202,-13132,5016,6128,-984,159,-106,-13380,-5268,7552,-488,156,-54,0
1029.9997630119324,7860,6424,11680,-149,-185,135,6756,-9604,10392,-69,131,-225,-13344,4948,6248,-979,143,-127,-13392,-5060,7416,-766,186,-55,0
1030.0330550670624,7980,6380,11768,-222,-165,130,6764,-9656,10296,-36,113,-232,-13264,4896,6120,-949,179,-140,-13452,-5020,7560,-410,196,-16,0
1030.0667400360107,8056,6252,12012,-218,-114,151,6680,-9664,10328,11,83,-237,-13368,4960,6016,-1019,172,-140,-13436,-5092,7368,-437,192,-32,0
1030.1000239849093,8012,6372,12012,-201,-169,183,6792,-9624,10384,16,119,-230,-13076,4936,6252,-987,174,-88,-13420,-5088,7424,-431,179,-65,0
1030.1335680484772,8020,6640,11640,-234,-179,159,6888,-9952,10352,-52,109,-219,-13296,5016,6156,-993,191,-98,-13564,-5040,7436,-488,173,-58,0
1030.16725897789,7724,6352,11564,-199,-220,167,6812,-9528,10576,-38,121,-260,-13180,4940,6016,-996,173,-134,-13568,-5072,7456,-488,0,-67,0
1030.2006709575653,8060,6236,11684,-172,-218,153,6844,-9700,10424,-12,80,-252,-13308,4932,6012,-1045,173,-172,-13572,-4968,7388,-493,230,-54,0
1030.2338531017303,8140,6244,11632,-164,-220,165,6880,-9716,10252,-18,96,-239,-13088,4900,5888,-1279,160,-113,-13440,-4964,7448,-484,198,-56,0
1030.2674100399015,7988,6268,12020,-197,-182,143,6736,-9676,10312,-15,102,-224,-13324,4900,6192,-998,143,-62,-13496,-4992,7532,-481,195,-75,0
1030.3009600639343,8012,6392,11612,-196,-116,145,6840,-9552,10212,-44,119,-225,-13292,4872,6252,-977,118,-118,-13520,-5076,7464,-487,207,-88,0
1030.3344271183014,7944,6324,11864,-175,-166,133,6804,-9664,10264,-36,130,-214,-13548,4896,6152,-990,108,-107,-13388,-4976,7460,-474,187,-113,0
1030.3680639266968,8064,6376,11776,-166,-142,147,6812,-9656,10308,-34,122,-217,-13228,4908,6184,-1006,120,-118,-13444,-5020,7480,-506,171,-99,0
1030.40140914917,7992,6372,11704,-139,-111,116,6832,-9640,10320,-57,123,-196,-13224,4860,6088,-989,126,-85,-13560,-4912,7520,-495,122,-130,0
1030.4347369670868,7952,6332,11708,-138,-41,116,6876,-9652,10400,-69,133,-168,-13108,4908,6036,-1017,99,-64,-13572,-4996,7508,-526,120,-139,0
1030.4682741165159,8064,6256,11852,-158,-18,110,6804,-9788,10080,7,120,-151,-13296,4884,6284,-1014,81,-78,-13468,-5052,7508,-506,107,-163,0
1030.5016679763794,8040,6300,11824,-123,23,101,6812,-9648,10424,-6,169,-138,-13236,4904,6004,-1010,87,-65,-13484,-5248,7372,-483,100,-155,0
1030.5348320007324,8088,6376,11668,-173,21,110,6732,-9600,10580,-5,138,-201,-13308,4872,6020,-958,88,-81,-13492,-5052,7524,-476,128,-135,0
1030.5684759616852,8132,6352,11696,-140,-81,103,6872,-9812,10332,-52,121,-178,-13524,4980,6224,-1278,93,-37,-13504,-4880,7468,-765,165,-87,0
1030.6019170284271,8036,6300,11712,-131,-74,102,6864,-9652,10348,-12,137,-180,-13292,4928,6296,-1280,89,-78,-13464,-4944,7464,-489,148,-105,0
1030.635293006897,7912,6344,11840,-116,-44,128,6768,-9556,10368,-30,135,-172,-13252,4980,5948,-1003,104,-98,-13824,-4884,7428,-535,128,-119,0
1030.671266078949,7932,6404,11668,-117,-37,85,6808,-9736,10480,-54,179,-174,-13280,4940,6244,-959,88,-89,-13512,-5136,7552,-473,164,-139,0
1030.7061750888824,8040,6312,11600,-146,-29,84,6716,-9688,10356,-41,133,-153,-13252,4892,6108,-1016,62,-58,-13540,-4932,7416,-461,131,-137,0
1030.7422549724579,8048,6424,12024,-124,-39,97,6752,-9620,10384,-19,163,-145,-13320,4840,6256,-997,78,-51,-13684,-5004,7524,-478,104,-140,0
1030.7781291007996,7704,6328,11712,-136,-52,118,6836,-9624,10412,-25,140,-154,-13264,4892,6192,-996,112,-92,-13488,-4972,7572,-491,118,-126,0
1030.8133249282837,8132,6344,11868,-117,-113,117,6780,-9620,10340,-57,150,-169,-13272,4908,6384,-973,96,-87,-13504,-4952,7672,-519,154,-139,0
1030.8487961292267,8092,6144,11576,-108,-60,110,6840,-9712,10720,-23,135,-179,-13488,4952,6344,-999,107,-105,-13436,-4892,7476,-488,191,-142,0
1030.8832540512085,8040,6572,11896,-145,-90,116,6724,-9968,10280,-2,138,-190,-13232,4824,6212,-1044,112,-42,-13480,-5016,7436,-509,155,-119,0
1030.9195201396942,8012,6212,11832,-134,-100,116,6760,-9708,10348,-2,132,-188,-13376,4960,6140,-1036,106,-87,-13548,-4976,7504,-509,150,-133,0
1030.9549231529236,7984,6356,11996,-145,-62,121,6748,-9476,10352,-20,136,-146,-13376,4968,6160,-970,94,-64,-13820,-5120,7396,-258,117,-108,0
1030.9907729625702,8076,6420,11704,-145,-29,110,6772,-9720,10320,-23,151,-168,-13144,5092,6032,-1005,88,-47,-13512,-4948,7416,-491,146,-101,0
1031.0261089801788,7868,6376,11548,-144,-87,125,6740,-9696,10400,-11,131,-175,-13280,4900,6468,-1007,102,-103,-13424,-4980,7604,-499,179,-121,0
1031.0622310638428,8060,6460,11724,-141,-124,118,6864,-9628,10372,-19,110,-181,-13232,5080,6368,-1010,131,-105,-13536,-5008,7464,-501,119,-148,0
1031.0985729694369,8068,6288,11748,-118,-60,76,6892,-9736,10492,-55,149,-161,-13324,4984,6344,-1002,73,-32,-13440,-4984,7624,-514,126,-153,0
1031.1338250637054,7960,6252,11856,-125,-58,99,6704,-9648,10456,22,183,-158,-13192,4956,5904,-1022,81,-80,-13420,-4980,7444,-471,142,-91,0
1031.169641971588,7944,6424,11776,-116,13,97,6764,-9728,10360,-19,123,-183,-13260,4992,6216,-998,135,-89,-13380,-4992,7460,-527,175,-100,0
1031.2051150798798,7924,6152,11744,-136,-126,149,6816,-9676,10432,-45,140,-190,-13540,4988,6376,-985,132,-62,-13484,-5040,7632,-507,140,-75,0
1031.2408771514893,7976,6368,11716,-86,-51,128,6820,-9620,10312,-93,88,-148,-13284,5036,6112,-950,112,-59,-13508,-4988,7420,-519,117,-127,0
1031.2759280204773,7980,6412,11696,-110,-22,125,6788,-9728,10256,-1,160,-146,-13256,4612,6192,-1005,80,-58,-13496,-5052,7568,-258,146,-126,0
1031.3120710849762,7840,6300,11808,-141,-57,65,6804,-9480,10360,-52,190,-183,-13284,4984,6308,-1013,65,-71,-13416,-4960,7672,-500,175,-187,0
1031.347890138626,7976,6336,11952,-129,-102,72,6712,-9916,10492,-35,178,-196,-13324,5008,6308,-988,53,-77,-13476,-4972,7328,-515,138,-155,0
1031.3815641403198,7736,6568,11640,-115,-75,85,6764,-9776,10448,-31,143,-203,-13216,5104,6376,-995,135,-119,-13364,-5028,7444,-466,161,-130,0
1031.4150199890137,7692,6280,11748,-108,-68,72,6688,-9664,10340,-49,125,-206,-13228,4992,6344,-963,120,-112,-13568,-4876,7640,-494,187,-120,0
1031.4486730098724,7716,6352,11704,-117,-77,96,6784,-9712,10272,-35,141,-198,-13220,5024,6364,-1016,120,-128,-13520,-5064,7488,-486,170,-128,0
1031.4820981025696,8052,6340,11996,-139,-85,116,6768,-9716,10376,-15,137,-196,-13308,4944,6260,-1000,108,-63,-13468,-5028,7432,-511,184,-125,0
1031.5157220363617,8000,6352,11992,-145,-94,111,6852,-9716,10364,-25,159,-173,-13372,4964,6396,-988,75,-98,-13580,-5012,7520,-500,121,-135,0
1031.550024986267,8032,6160,11768,-127,-70,83,6796,-9656,10368,-47,168,-190,-13176,4928,6200,-985,73,-43,-13484,-5292,7468,-488,179,-140,0
1031.5843241214752,7976,6336,11588,-121,-58,62,6780,-9704,10288,-42,144,-193,-13352,4944,6288,-1014,125,-82,-13512,-5052,7484,-475,165,-111,0
1031.6179311275482,7964,6632,11660,-122,-84,89,6820,-9664,10292,-34,136,-206,-13304,5020,6068,-1004,130,-74,-13520,-4968,7428,-523,191,-127,0
1031.6513199806213,8008,6624,11740,-118,-88,90,6764,-9660,10244,-51,138,-177,-13272,4920,6192,-987,107,-81,-13396,-5028,7296,-499,143,-104,0
1031.6849880218506,8004,6312,11828,-128,-69,117,6700,-9656,10344,-52,138,-173,-13260,5100,6220,-978,104,-109,-13468,-5072,7388,-500,152,-105,0
1031.718516111374,8020,6632,11636,-140,-90,111,6772,-9752,10452,-54,142,-184,-13264,4904,6096,-971,120,-78,-13444,-5036,7392,-493,135,-110,0
1031.7520160675049,7988,6276,11912,-131,-93,100,6712,-9656,10400,-51,148,-185,-13404,4900,6008,-994,70,-43,-13328,-5068,7420,-483,151,-136,0
1031.7855701446533,7952,6348,11696,-140,-66,104,6784,-9804,10340,-46,143,-184,-13196,4900,6188,-996,107,-41,-13392,-5076,7404,-490,141,-130,0
1031.81924700737,8024,6248,11788,-171,-104,106,6740,-9768,10188,-16,133,-217,-13280,4964,6128,-976,101,-125,-13352,-5072,7364,-498,194,-117,0
1031.8529939651487,7940,6352,11844,-136,-122,103,6808,-9984,10488,-62,154,-206,-13272,4912,6232,-994,116,-119,-13428,-5052,7436,-456,199,-154,0
1031.8862159252167,8040,6332,11724,-124,-122,89,6788,-9712,10316,-45,146,-237,-13236,4976,6092,-994,101,-116,-13348,-4972,7488,-507,201,-134,0
1031.919494152069,8008,6288,11992,-139,-120,75,6744,-9672,10460,-38,116,-218,-13396,5112,6036,-969,115,-80,-13456,-5000,7464,-461,150,-132,0
1031.9531009197235,7952,6336,11800,-165,-86,75,6780,-9640,10060,-47,169,-206,-13268,4988,6120,-951,104,-90,-13484,-5020,7396,-475,142,-135,0
1031.9866859912872,7988,6628,11832,-117,-87,87,6540,-9784,10268,-47,159,-196,-13364,4960,6396,-967,101,-80,-13380,-4988,7440,-512,166,-126,0
1032.020024061203,8116,6324,11968,-164,-94,104,6728,-9640,10476,-16,150,-170,-13256,4916,6100,-997,81,-100,-13516,-4940,7412,-257,155,-121,0
1032.0534999370575,8020,6152,11844,-89,-61,118,6728,-9676,10384,-32,140,-164,-13272,5044,6148,-1006,98,-91,-13476,-5016,7420,-478,127,-141,0
1032.087130069733,8032,6608,12000,-115,-59,80,6840,-9660,10264,-63,162,-168,-13284,4896,6316,-994,111,-56,-13544,-4988,7340,-501,148,-119,0
1032.1202521324158,8132,6356,12004,-154,-68,97,6840,-9508,10392,-254,141,-198,-13516,4944,5940,-991,78,-69,-13440,-4996,7368,-453,179,-131,0
1032.1535861492157,8016,6440,11660,-145,-63,118,6752,-9696,10404,5,156,-152,-13292,4888,5928,-998,80,-74,-13548,-5052,7480,-464,142,-143,0
1032.1873199939728,8168,6400,11856,-153,-77,105,6808,-9564,10300,-46,141,-169,-13200,5004,6352,-959,72,-81,-13448,-5128,7440,-473,114,-128,0
1032.220535993576,7880,6400,11840,-158,-98,82,6484,-9984,10428,-91,163,-194,-13072,4984,6092,-968,100,-70,-13348,-5076,7392,-484,127,-117,0
1032.2541811466215,8124,6408,11780,-129,-99,102,6924,-9728,10456,-12,147,-225,-13304,4988,6264,-958,113,-67,-13480,-5004,7488,-483,177,-109,0
1032.287729024887,7952,6384,11528,-158,-87,124,6664,-9668,10392,9,102,-218,-13160,4620,6168,-980,107,-123,-13408,-5048,7552,-478,176,-94,0
1032.3210289478302,7972,6296,11812,-134,-135,111,6768,-9664,10296,-54,83,-235,-13384,5008,6332,-989,151,-155,-13524,-5032,7428,-467,209,-79,0
1032.357756137848,8088,6476,11860,-145,-129,111,6756,-9580,10248,-39,139,-220,-13548,4944,6220,-979,135,-74,-13572,-4972,7408,-501,176,-134,0
1032.3927700519562,8008,6280,11876,-141,-112,110,6888,-9640,10388,-67,128,-212,-13312,4944,5952,-942,106,-78,-13508,-5004,7496,-482,168,-125,0
1032.427715063095,7972,6392,11700,-141,-100,91,6752,-9584,10308,-36,129,-180,-13292,4912,6068,-995,117,-76,-13564,-4996,7352,-478,161,-97,0
1032.4634780883787,7996,6400,11740,-149,-65,113,6784,-9928,10284,-52,147,-177,-13348,4824,6188,-995,89,-94,-13532,-5020,7648,-480,128,-115,0
1032.4992520809174,7984,6420,11836,-152,-86,100,6876,-9732,10392,-52,170,-176,-13252,4940,6204,-998,102,-71,-13524,-5020,7420,-504,134,-120,0
1032.5344920158386,7924,6288,11708,-153,-74,88,6728,-9736,10304,-24,152,-198,-13316,5108,6308,-987,106,-110,-13468,-5028,7428,-489,195,-141,0
1032.5707070827484,8012,6144,11744,-113,-115,101,6708,-9764,10356,-15,123,-206,-13152,4988,6248,-987,102,-118,-13420,-4980,7580,-478,177,-121,0
1032.6060829162598,8012,6428,11548,-145,-121,106,6764,-9708,10092,-22,100,-212,-13092,4940,6384,-1012,122,-92,-13452,-5000,7360,-497,178,-141,0
1032.6418130397797,8024,6284,11628,-168,-120,100,6776,-9768,10308,-25,103,-191,-13548,5016,5888,-1015,119,-106,-13480,-5016,7520,-493,121,-95,0
1032.678102016449,7948,6420,11792,-116,-84,94,6848,-9676,10304,-48,139,-165,-13360,4952,6216,-979,84,-77,-13484,-4884,7500,-487,119,-138,0
1032.7131531238556,8044,6256,11928,-127,-62,86,6808,-9684,10388,-24,162,-179,-13336,4884,6204,-1022,61,-106,-13492,-5012,7384,-510,174,-176,0
1032.7488889694214,8004,6412,11680,-121,-85,103,6780,-9652,10344,-28,129,-175,-13264,4884,6300,-1026,87,-61,-13340,-4956,7452,-510,156,-132,0
1032.7839660644531,8036,6288,11756,-141,-53,105,6824,-9612,10444,-41,155,-180,-13432,4876,6044,-988,102,-93,-13460,-5028,7496,-478,177,-116,0
1032.8196029663086,8100,6144,11528,-173,-87,121,6764,-9684,10356,-24,128,-191,-13256,4660,6176,-1017,121,-96,-13476,-4948,7388,-466,156,-125,0
1032.8547489643097,8088,6376,11708,-135,-102,114,6868,-9628,10440,-34,135,-183,-13232,4968,5976,-989,59,-61,-13488,-5048,7516,-494,102,-116,0
1032.8902089595795,7940,6392,11856,-139,-67,101,6872,-9576,10276,-51,154,-149,-13204,4888,6208,-984,61,-29,-13412,-5064,7484,-478,116,-128,0
1032.9256899356842,7956,6344,12020,-177,-51,82,6668,-9816,10336,-43,176,-160,-13240,4996,6368,-996,65,-68,-13388,-5096,7400,-493,138,-143,0
1032.9608359336853,7904,6356,11784,-141,-71,93,6708,-9488,10440,5,160,-184,-13300,5112,6160,-1016,125,-92,-13516,-5008,7412,-507,190,-121,0
1032.9956691265106,8016,6336,11960,-122,-109,81,6704,-9760,10240,-16,105,-228,-13236,4880,6144,-996,88,-93,-13524,-5012,7408,-505,202,-134,0
1033.0316450595856,8088,6340,11656,-108,-131,106,6748,-9632,10040,-22,132,-244,-13340,4956,6384,-974,136,-92,-13532,-5028,7488,-496,177,-111,0
1033.0650689601898,8100,6408,11796,-124,-117,118,6744,-9712,10424,-47,131,-208,-13296,5024,6084,-973,145,-96,-13492,-4976,7396,-499,201,-89,0
1033.0985610485077,8136,6380,11780,-140,-108,114,6812,-9784,10248,-20,136,-188,-13276,4912,6192,-1018,136,-92,-13408,-5028,7532,-479,193,-95,0
1033.131981134415,7988,6476,11528,-109,-98,114,6824,-9680,10256,-39,150,-186,-13120,4896,6328,-1036,88,-125,-13576,-4988,7396,-470,136,-141,0
1033.1653821468353,8036,6400,11992,-136,-110,99,6856,-9648,10368,-45,154,-181,-13344,4964,6024,-988,56,-60,-13532,-4976,7480,-509,147,-183,0
1033.1987690925598,8144,6348,11740,-167,-115,60,7036,-9924,10484,-30,192,-181,-13264,4876,6008,-982,34,-89,-13500,-4996,7436,-494,123,-163,0
1033.232295036316,8040,6292,12020,-117,-71,56,6824,-9940,10424,-23,159,-167,-13284,4880,6300,-1033,32,-106,-13540,-5020,7456,-513,159,-136,0
1033.2658350467682,8092,6432,11764,-117,-95,127,6728,-9672,10380,-18,121,-160,-13284,4980,6092,-1026,131,-57,-13480,-5220,7488,-262,183,-119,0
1033.2991800308228,8124,6468,11900,-125,-77,153,6704,-9668,10344,-48,83,-188,-13264,4856,6244,-1007,175,-46,-13384,-5060,7528,-497,154,-50,0
1033.332596063614,7948,6492,11716,-150,-113,171,6716,-9604,10424,-73,68,-154,-13464,4964,5976,-1279,149,-82,-13528,-5048,7440,-535,115,-88,0
1033.3661789894104,8152,6200,11704,-96,-92,157,6848,-9724,10308,-64,103,-174,-13360,4908,6316,-1030,126,-117,-13544,-5072,7552,-531,145,-105,0
1033.399621963501,8004,6572,11972,-120,-91,121,6832,-9704,10340,-7,153,-165,-13172,4888,5980,-1050,65,-119,-13456,-5032,7484,-519,155,-141,0
1033.4331381320953,8060,6648,11800,-92,-86,117,6768,-9692,10420,-41,119,-152,-13060,4924,6380,-982,85,-48,-13492,-5144,7616,-530,121,-119,0
1033.4670209884644,7956,6396,11636,-123,-100,90,6832,-9680,10376,-32,198,-195,-13300,4936,6232,-996,67,-50,-13476,-4984,7236,-498,136,-158,0
1033.500580072403,8148,6400,11684,-148,-58,33,6836,-9768,10160,-3,155,-194,-13280,4972,5984,-954,96,-37,-13476,-5032,7512,-497,121,-120,0
1033.5342020988464,8176,6284,11820,-144,-49,113,6828,-9632,10208,-26,127,-181,-13284,5008,5952,-770,74,-51,-13452,-5048,7392,-493,105,-125,0
1033.567713022232,7996,6416,11904,-117,-44,118,6656,-9616,10384,-32,116,-144,-13288,4988,6216,-987,97,-53,-13488,-4996,7396,-504,100,-126,0
1033.6008269786835,8044,6404,11860,-151,-45,81,6752,-9600,10400,-47,145,-148,-13192,5000,6340,-986,110,-39,-13420,-5044,7516,-479,130,-126,0
1033.634241104126,7884,6404,11600,-133,-65,100,6812,-9756,10360,-75,148,-180,-13248,4876,6140,-1038,74,-29,-13344,-5116,7652,-765,162,-136,0
1033.6677360534668,8152,6156,11772,-165,-74,103,6724,-9692,10488,20,137,-174,-13216,4916,6144,-1051,83,-71,-13372,-5036,7176,-549,182,-117,0
1033.7013130187988,8012,6476,11684,-123,-46,110,6748,-9716,10320,-20,143,-170,-13184,4888,6232,-1040,99,-107,-13524,-5060,7352,-258,127,-141,0
1033.7348449230194,8024,6624,11796,-96,-105,133,6756,-9688,10432,-32,101,-176,-13312,4976,6200,-997,120,-80,-13580,-5028,7420,-532,121,-109,0
1033.7684071063995,8184,6356,11724,-112,-37,156,6756,-9736,10348,-61,106,-138,-13180,4996,6024,-1012,115,233,-13432,-5084,7460,-516,101,-80,0
1033.8018300533295,7996,6256,11668,-162,-13,145,6776,-9656,10284,-20,110,-140,-13216,4868,6196,-990,136,-35,-13412,-5052,7496,-257,122,-66,0
1033.8354561328888,7968,6396,11772,-153,-75,142,6712,-9724,10344,-34,127,-137,-13228,4928,6220,-1005,118,-21,-13416,-4996,7396,-767,137,-118,0
1033.8690640926359,7968,6360,11728,-170,-95,106,6772,-9656,10376,-41,133,-198,-13140,4864,6180,-989,100,-77,-13420,-5060,7424,-487,130,-121,0
1033.9023640155792,7892,6512,11860,-155,-89,97,6800,-9732,10376,-44,145,-197,-13236,4944,6332,-937,78,-95,-13484,-5064,7200,-484,160,-104,0
1033.942969083786,8056,6436,11624,-166,-90,105,6800,-9960,10116,-37,161,-213,-13292,4996,6288,-981,75,-69,-13820,-5336,7376,-455,155,-125,0
1033.9767370224,7976,6148,11880,-170,-98,103,6804,-9708,10328,-20,129,-192,-13232,4864,6352,-982,68,-83,-13392,-5328,7644,-483,158,-124,0
1034.0098371505735,7976,6436,11784,-136,-118,74,6740,-9656,10424,-43,195,-184,-13260,4960,6216,-996,65,-108,-13440,-5016,7260,-480,182,-129,0
1034.0461010932922,7956,6652,11796,-126,-92,83,6724,-9756,10236,-77,127,-180,-13240,5004,6388,-992,85,-38,-13584,-4992,7356,-545,115,-140,0
1034.0817971229553,8100,6240,11672,-77,-82,106,6780,-9868,10348,-42,174,-131,-13404,5008,5968,-769,57,-24,-13416,-4940,7508,-543,55,-159,0
1034.117581129074,8052,6628,11532,-86,-253,105,6728,-9600,10492,-47,127,-101,-13512,4984,6220,-1032,52,-16,-13424,-5004,7464,-540,91,-131,0
1034.152333021164,8188,6476,11964,-90,5,115,6780,-9656,10392,-58,138,-131,-13304,4896,6380,-1065,71,-23,-13600,-5052,7464,-529,80,-115,0
1034.1874251365662,8044,6480,11740,-125,-20,94,6860,-9720,10312,-88,170,-164,-13324,4904,6184,-945,64,-36,-13400,-5096,7352,-545,122,-182,0
1034.223480939865,7948,6424,11524,-94,24,58,6756,-9772,10328,-76,170,-154,-13212,5048,6308,-991,21,-24,-13332,-5072,7224,-519,142,-164,0
1034.2592949867249,7908,6424,11704,-119,21,79,6696,-9796,10000,-28,161,-158,-13144,4952,6064,-966,31,-86,-13424,-5128,7620,-479,90,-184,0
1034.2949969768524,7764,6412,11736,-164,5,3,6828,-9728,10372,-103,218,-180,-13192,4700,6368,-867,-16,-70,-13492,-4916,7500,-414,139,-197,0
1034.331031084061,7848,6456,11836,-190,-34,245,6664,-9508,10404,-121,265,-256,-13280,5096,6132,-856,42,-151,-13472,-5196,7668,-405,175,-153,0
1034.3661360740662,7896,6520,11548,-236,-47,-10,6712,-9696,10316,-54,182,-287,-13176,5024,6168,-867,79,-128,-13360,-5012,7600,-413,217,-145,0
1034.4019169807434,7976,6416,11884,-223,-99,22,6676,-9700,10396,-77,174,-282,-13252,4948,6144,-873,85,-152,-13748,-5096,7524,-417,236,-132,0
1034.4377191066742,8044,6164,11584,-252,-116,53,6772,-9652,10452,-31,214,-510,-13540,4932,5904,-940,140,-137,-13528,-5032,7504,-396,210,-36,0
1034.4728281497955,7928,6364,11940,-268,-99,115,6728,-9732,10460,-66,121,-229,-13064,5056,6260,-917,220,-108,-13456,-4984,7580,-445,256,2,0
1034.5086560249329,8024,6432,11700,-264,-172,159,6732,-9828,10376,-58,143,-229,-13260,5064,6144,-995,184,-112,-13556,-4956,7332,-417,237,-28,0
1034.5441660881045,7744,6296,11808,-278,-195,191,6732,-9740,10372,-75,149,-198,-13208,4992,6296,-916,180,-52,-13384,-5132,7628,-429,174,-1,0
1034.579703092575,7744,6316,11576,-260,-190,189,6736,-9776,10360,-73,188,-203,-13280,5132,6092,-901,180,-106,-13408,-4968,7588,-425,145,-37,0
1034.6146700382233,7904,6340,11920,-299,-134,149,6724,-9812,10336,-15,140,-195,-13256,5072,6304,-994,155,-75,-13420,-5012,7632,-424,225,-47,0
1034.6500070095062,8020,6380,11860,-279,-148,165,6668,-9780,10300,10,113,-245,-13248,5020,6120,-966,196,-119,-13448,-4960,7408,-414,203,-30,0
1034.6866590976715,8044,6376,11728,-253,-172,135,6892,-9944,10416,-21,129,-248,-13244,4976,6112,-934,180,-134,-13596,-4996,7568,-415,258,-31,0
1034.7201290130615,7896,6280,11828,-281,-7,154,6748,-9816,10384,-22,145,-297,-13252,5048,6312,-951,210,-156,-13480,-5000,7540,-383,254,-52,0
1034.7537591457367,7996,6360,11852,-272,-265,136,6852,-9812,10344,-45,109,-279,-13292,4936,6020,-926,215,-153,-13424,-5012,7412,-422,246,-52,0
1034.7873821258545,8084,6372,11700,-260,-245,165,6780,-9688,10452,-13,101,-272,-13248,4956,6072,-971,186,-184,-13412,-4996,7368,-413,276,-33,0
1034.820878982544,8044,6268,11812,-4,-296,134,7100,-9556,10300,-1,150,-294,-13360,5104,6356,-989,155,-217,-13328,-5052,7368,-413,291,-90,0
1034.8544039726255,7976,6340,11896,-276,-287,114,6880,-9692,10460,-22,110,-310,-13392,4880,6224,-995,185,-160,-13504,-4928,7660,-414,259,-113,0
1034.8876390457153,8520,6192,11772,-186,-6,73,6584,-9608,10404,-68,98,-507,-13216,4988,6156,-992,52,-188,-13520,-4888,7520,-454,264,-81,0
1034.9212880134585,8060,6148,11540,-165,-239,108,6704,-9640,10056,-45,171,-284,-13272,5016,6040,-980,184,-170,-13520,-4932,7320,-464,253,-59,0
1034.954880952835,8084,6260,11720,-229,-231,152,6756,-9704,10120,-256,119,-218,-13520,5116,6124,-1022,148,-128,-13504,-4736,7432,-766,152,-70,0
1034.9884290695193,8124,6256,11644,-168,-163,190,6756,-9732,10240,34,108,-154,-13128,4760,6300,-1054,158,-40,-13488,-4904,7452,-521,145,-60,0
1035.0221059322355,8020,6256,11860,-159,-127,221,6756,-9764,10276,10,120,-131,-13212,5240,6108,-1056,144,-20,-13456,-4860,7520,-558,160,-59,0
1035.055405139923,7688,6244,11788,-150,-132,231,6780,-9672,10248,3,110,-95,-13188,5116,6060,-1054,152,-4,-13432,-4952,7480,-585,121,-50,0
1035.0889711380005,8032,6280,11968,-68,-72,219,7048,-9480,10192,-12,97,-90,-13324,4880,5996,-1056,140,-7,-13460,-4928,7360,-620,74,-118,0
1035.122416973114,8004,6208,11640,-65,-14,179,6808,-9632,10240,24,74,-80,-13192,5016,6336,-1078,104,-42,-13556,-4964,7300,-613,73,-183,0
1035.1557810306547,8132,6280,11608,-66,63,135,6832,-9604,10332,3,124,-83,-13216,4788,6184,-1081,80,19,-13504,-5036,7348,-552,46,-214,0
1035.1893229484558,8020,6148,11568,-118,143,87,6784,-9600,10200,-14,142,-80,-13352,4872,6032,-1064,76,59,-13360,-4948,7328,-540,52,-217,0
1035.2229881286619,8092,6284,11712,-116,166,88,6916,-9588,10264,-6,173,-81,-13280,5104,6148,-1051,-242,-241,-13532,-4980,7308,-506,65,-231,0
1035.2565779685974,8084,6368,11776,-145,124,77,6864,-9584,10528,8,177,-107,-13236,4864,6296,-978,-4,-29,-13804,-5112,7376,-489,78,-210,0
1035.2900569438934,8076,6404,11748,-163,82,67,6808,-9788,10528,-26,208,-117,-13552,4864,6388,-943,-13,-70,-13520,-5372,7392,-498,78,-208,0
1035.32373213768,7952,6436,11896,-124,10,18,6744,-9900,10436,-43,196,-168,-13144,4980,6360,-977,3,-73,-13428,-5072,7480,-459,107,-203,0
1035.3575170040133,7688,6460,11716,-80,-52,49,6672,-9660,10616,-74,192,-179,-13212,4968,6168,-969,5,-60,-13480,-5008,7548,-484,111,-188,0
1035.390839099884,7948,6352,11816,-131,-7,72,6728,-9704,10396,-39,180,-145,-13116,5032,6056,-986,6,-236,-13508,-5044,7516,-503,59,-182,0
1035.4244811534882,8044,6156,12028,-145,50,62,6768,-9572,10356,-28,171,-89,-13244,4992,6124,-999,50,-237,-13384,-4980,7580,-467,18,-144,0
1035.4580659866333,8148,6376,11860,-128,79,61,6656,-9808,10308,-67,170,-111,-13128,4984,6220,-944,33,-26,-13508,-4964,7424,-498,25,-132,0
1035.4913971424103,8168,6160,11924,-120,14,46,6892,-9788,10276,-83,144,-130,-13260,4984,6160,-982,46,-31,-13440,-4908,7484,-501,98,-138,0
1035.5250461101532,7836,6228,12008,-128,-24,101,6652,-9764,10244,-52,152,-138,-13184,4904,6192,-993,95,254,-13428,-4936,7180,-258,108,-133,0
1035.5584919452667,7968,6276,11672,-64,-32,107,6692,-9752,10300,-61,116,-155,-13252,4952,6080,-993,97,-14,-13456,-5020,7184,-542,109,-153,0
1035.5919010639193,8112,6244,11824,-148,-2,62,6772,-9676,10380,-32,127,-169,-13252,4988,6120,-956,78,-34,-13544,-5112,7552,-474,76,-137,0
1035.6254639625547,7752,6360,12012,-160,50,75,6748,-9748,10272,-11,160,-124,-13192,5144,6016,-1035,36,-35,-13488,-5032,7544,-496,106,-151,0
1035.658695936203,7984,6256,11868,-114,48,73,6656,-9844,10352,-12,196,-107,-13364,5068,5920,-1019,-7,233,-13460,-5144,7440,-535,34,-191,0
1035.6918830871582,8036,6316,11772,-82,44,59,6696,-9712,10392,-29,205,-91,-13184,4976,6068,-996,-18,-12,-13404,-5140,7540,-567,68,-205,0
1035.7286500930786,7988,6324,11764,-88,9,23,6884,-9928,10280,-5,232,-116,-13176,5032,6196,-998,-9,-76,-13180,-5032,7472,-497,95,-209,0
1035.7636489868164,7760,6336,11816,-102,36,84,6588,-9696,10240,34,144,-110,-12900,5100,6320,-1103,77,-40,-13292,-5032,7464,-517,105,-146,0
1035.7992651462555,7880,6328,11824,-79,-246,134,6588,-9516,10316,254,91,-152,-13256,4932,6224,-1058,102,-64,-13504,-5088,7468,-571,130,-141,0
1035.834494113922,8180,6368,11908,-65,12,132,6660,-9772,10320,-40,63,-138,-13204,4992,6256,-1054,57,-38,-13440,-5068,7704,-545,114,-140,0
1035.8702189922333,7888,6436,11796,-164,-50,145,6752,-9760,10284,4,135,-142,-13244,4976,6468,-1029,112,-68,-13460,-4884,7464,-490,221,-90,0
1035.9052031040192,7860,6452,11840,-183,-89,145,6880,-9744,10364,248,140,-196,-13148,5024,6272,-1272,125,-114,-13424,-5168,7624,-472,213,-107,0
1035.9413020610807,7776,6448,11788,-174,-159,140,6672,-9800,10544,-57,166,-220,-13140,4896,6208,-954,85,-143,-13432,-4960,7460,-475,151,-154,0
1035.9773631095886,7868,6376,11816,-144,-144,49,6716,-9612,10404,-80,167,-237,-13244,4968,6632,-890,59,-127,-13372,-5036,7512,-452,128,-194,0
1036.0120351314545,7780,6368,11728,-166,-101,48,6672,-9504,10280,-55,175,-212,-13236,4948,6296,-938,53,-106,-13484,-5156,7384,-438,175,-147,0
1036.0474870204926,7868,6304,11644,-194,-34,93,6676,-9832,10460,-57,103,-216,-13092,4924,6016,-1021,136,-126,-13800,-5056,7520,-473,184,-138,0
1036.0834679603577,7940,6316,11672,-177,-62,110,6776,-9820,10360,-73,155,-181,-13304,4912,6220,-979,98,-42,-13452,-4960,7520,-494,132,-108,0
1036.1188719272614,7980,6340,12028,-136,-69,147,6768,-9768,10408,-70,92,-197,-13288,4940,6136,-963,125,-65,-13504,-4976,7428,-483,160,-102,0
1036.1533539295197,8068,6288,11704,-132,-62,151,6832,-9836,10308,-7,144,-144,-13296,5040,5952,-1020,78,-82,-13488,-5100,7512,-260,153,-163,0
1036.1888880729675,7996,6344,11900,-166,-71,112,6736,-9968,10672,252,168,-128,-13256,5036,6172,-773,62,-54,-13556,-4772,7484,-535,119,-134,0
1036.2241230010986,7792,6280,11788,-94,-41,105,6656,-9688,10348,-251,157,-126,-13192,5048,6364,-1025,64,-102,-13364,-5132,7424,-521,125,-156,0
1036.2591631412506,7836,6348,11888,-125,-33,91,6672,-9872,10604,-2,165,-159,-13200,5104,6104,-997,133,-55,-13372,-5016,7592,-499,153,-135,0
1036.2941811084747,7812,6360,11844,-156,-69,117,6668,-9752,10240,-25,144,-192,-13172,5112,6108,-1036,133,-93,-13568,-4968,7580,-450,187,-83,0
1036.3294129371643,7528,6284,11712,-114,-128,146,6592,-9744,10300,-43,98,-201,-13108,5008,6160,-1275,143,-67,-13372,-5032,7588,-534,158,-98,0
1036.3666610717773,7800,6260,11848,-116,-127,145,6684,-9764,10372,-35,112,-164,-13244,5036,6184,-972,167,-119,-13460,-4996,7524,-536,115,-151,0
1036.399755001068,7844,6148,11824,-103,-105,73,6756,-9672,10260,-61,131,-190,-13256,4904,6236,-1015,66,-59,-13416,-5160,7520,-514,153,-164,0
1036.4329080581663,8008,6324,11868,-124,-43,59,6708,-9704,10368,-17,154,-177,-13252,5060,6036,-1044,55,-98,-13448,-5056,7356,-259,173,-158,0
1036.4666011333466,7996,6648,11572,-128,-39,82,6700,-9724,10348,12,130,-188,-13128,4892,6192,-1025,76,-75,-13376,-5116,7480,-525,160,-144,0
1036.4999740123749,8112,6316,12024,-124,-132,101,6588,-9752,10340,16,78,-216,-13484,4888,6376,-1042,102,-141,-13548,-5128,7488,-491,196,-130,0
1036.5334560871124,7948,6448,11924,-151,-98,110,6896,-9676,10288,-22,113,-182,-13292,4972,6260,-770,135,-122,-13512,-4920,7516,-495,170,-130,0
1036.5672039985657,7980,6328,11916,-133,-125,111,6512,-9680,10420,-70,139,-187,-13244,4952,6024,-978,127,-124,-13436,-4980,7428,-493,180,-116,0
1036.6012539863589,8140,6616,12028,-130,-117,141,6716,-9680,10292,-9,118,-156,-13212,5044,6324,-1278,148,-71,-13352,-5168,7536,-502,178,-60,0
1036.6345870494845,7872,6332,11912,-125,-137,155,6664,-9684,10248,-14,105,-185,-13164,5076,6248,-1048,190,-69,-13340,-5108,7552,-501,210,-43,0
1036.668163061142,7756,6336,11868,-149,-182,169,6648,-9768,10372,244,74,-186,-13268,5156,6200,-1064,185,-116,-13500,-5008,7764,-513,203,-35,0
1036.7017710208893,7912,6344,11884,-115,-225,209,6508,-9832,10288,-16,35,-226,-13144,5136,6284,-1019,211,-145,-13424,-4992,7568,-262,203,-2,0
1036.7351169586182,7688,6340,12136,-147,-248,224,6580,-9956,10372,-19,104,-198,-13164,5100,5920,-989,202,-162,-13332,-4872,7496,-486,261,-18,0
1036.7687349319458,7860,6316,11944,-207,-240,208,6592,-9808,10396,-27,43,-246,-13112,4936,6156,-996,253,-169,-13252,-5092,7412,-458,2,20,0
1036.8022351264954,7908,6316,11804,-192,-270,206,6812,-9744,10416,-8,58,-271,-13292,5124,6260,-1060,235,-187,-13416,-5112,7480,-491,283,-35,0
1036.8357210159302,7968,6416,11764,-212,-298,182,6776,-9652,10448,46,63,-290,-13240,4880,6124,-1059,187,-235,-13444,-5116,7664,-477,303,-7,0
1036.8693280220032,7992,6184,11684,-173,-298,182,6764,-9600,10644,1,103,-292,-13408,4888,5912,-769,213,-226,-13796,-5064,7668,-459,236,-40,0
1036.9027140140533,8076,6400,11644,-1,-250,151,6768,-9652,10340,-23,44,-287,-13444,5112,5924,-985,246,-205,-13508,-5044,7488,-434,272,2,0
1036.9361250400543,8108,6336,11560,-235,-230,179,6868,-9800,10316,-55,11,-286,-13384,4812,6080,-1278,236,-161,-13552,-4916,7364,-429,259,-5,0
1036.9695639610293,8128,6272,11536,-207,-283,190,6792,-9660,10056,-32,66,-222,-13316,4916,6240,-1018,184,-91,-13760,-5020,7488,-426,194,-52,0
1037.0029261112213,8052,6192,11556,-236,-169,186,6784,-9744,10416,-6,112,-189,-13216,4972,6284,-998,166,-129,-13392,-5000,7540,-499,171,-67,0
1037.0364410877228,7752,6260,12004,-191,-198,136,6748,-9740,10344,-39,92,-227,-13236,4932,6168,-997,137,-146,-13416,-4916,7640,-491,181,-75,0
1037.070100069046,8072,6304,11524,-156,-194,122,6740,-9676,10312,-30,104,-220,-13260,4968,6096,-1064,186,-128,-13492,-4964,7464,-481,189,-79,0
1037.1035590171814,7980,6244,11640,-141,-132,152,6756,-9668,10296,-52,-233,-221,-13204,4948,6112,-1268,165,-88,-13476,-4868,7196,-271,190,-107,0
1037.1370401382446,7776,6240,11584,-91,-104,140,6800,-9612,10256,-25,55,-195,-13252,4956,6060,-1280,165,-74,-13456,-5104,7420,-524,153,-123,0
1037.170459985733,8100,6308,11652,-123,-46,106,6748,-9616,10420,-34,57,-167,-13348,4976,6396,-1032,122,-47,-13412,-4880,7400,-527,108,-157,0
1037.2037899494171,8104,6232,11668,-155,35,70,6640,-9636,10308,93,189,-159,-13252,4916,5940,-1272,90,-77,-13532,-4928,7256,-508,119,-161,0
1037.237498998642,8004,6284,11796,-174,42,97,6816,-9732,10276,15,168,-135,-13328,5016,6112,-934,55,-51,-13500,-5044,7512,-469,122,-130,0
1037.2711100578308,8168,6344,11768,-151,-45,110,6752,-9536,10300,-55,149,-170,-13428,5000,6392,-991,110,-50,-13428,-5100,7492,-495,141,-139,0
1037.3045880794523,8096,6308,11864,-115,-62,83,6820,-9972,10364,-55,149,-195,-13488,4956,6236,-973,71,-45,-13520,-4972,7464,-500,117,-155,0
1037.3382561206818,8016,6256,11816,-108,-61,86,6792,-9640,10244,-42,147,-191,-13300,4948,6176,-986,38,-76,-13396,-5076,7492,-522,106,-162,0
1037.3717830181122,8096,6300,11676,-132,-44,74,6768,-9524,10344,-31,129,-174,-13516,4696,6324,-1009,91,-70,-13464,-5072,7460,-478,83,-188,0
1037.4081931114197,8124,6248,11780,-133,22,60,6840,-9928,10336,-24,167,-124,-13300,5088,6192,-1016,38,-253,-13480,-5052,7620,-499,77,-199,0
1037.4438309669495,8072,6356,11648,-163,65,62,6820,-9784,10400,-255,181,-154,-13476,4992,6360,-1016,8,-46,-13480,-5040,7176,-504,148,-165,0
1037.4797949790955,8024,6356,11944,-108,-6,84,6724,-9484,10328,-8,194,-136,-13540,5100,6060,-1038,75,-58,-13476,-5164,7560,-766,141,-106,0
1037.5149490833285,7748,6448,11928,-106,-93,100,6784,-9716,10404,-85,115,-198,-13524,4904,6160,-948,97,-86,-13440,-5104,7628,-495,181,-125,0
1037.5505211353302,8000,6620,11976,-137,-100,86,6676,-9680,10324,-52,75,-201,-13264,4988,5904,-953,65,-109,-13520,-4960,7412,-480,150,-104,0
1037.5861670970917,7948,6204,11540,-96,-82,79,6744,-9484,10244,-63,149,-193,-13272,4920,6272,-976,64,-48,-13448,-5056,7488,-497,117,-173,0
1037.6219120025635,8096,6308,11740,-130,-41,72,6736,-9588,10336,-4,165,-174,-13364,5020,6360,-980,43,-89,-13424,-4992,7488,-493,121,-136,0
1037.6575219631195,8096,6372,11976,-180,-39,80,7036,-9696,10372,-251,151,-179,-13284,4968,6200,-938,93,-81,-13452,-4964,7664,-472,144,-111,0
1037.6923401355743,8084,6644,11972,-144,-109,94,6768,-9844,10456,-21,143,-202,-13252,4916,6100,-993,81,-109,-13412,-4948,7636,-496,153,-79,0
1037.7280039787292,8164,6272,11940,-119,-96,119,6680,-9704,10364,-36,74,-192,-13192,4936,6272,-1015,123,-47,-13412,-5020,7520,-520,177,-89,0
1037.7628090381622,7908,6356,11732,-103,-167,172,6644,-9696,10236,-76,77,-209,-13264,5052,6248,-1016,162,-135,-13392,-4996,7336,-755,153,-74,0
1037.7987270355225,8052,6292,11708,-121,-106,163,6908,-9624,10248,-21,61,-175,-13072,4976,5960,-1012,188,-107,-13488,-5076,7400,-533,158,-90,0
1037.8337171077728,8156,6308,11804,-150,-70,145,6852,-9632,10240,3,114,-139,-13376,4980,6032,-1057,137,-41,-13536,-4996,7512,-503,89,-80,0
1037.8693981170654,8068,6192,11960,-132,-59,152,6872,-9516,10376,10,110,-137,-13232,4912,6220,-1031,71,-45,-13496,-5068,7420,-497,113,-116,0
1037.9045310020447,7956,6632,11604,-141,-82,102,6780,-9732,10268,-55,129,-155,-13244,4868,6120,-973,95,-76,-13472,-4956,7488,-497,126,-133,0
1037.9401841163635,8036,6312,11656,-86,-88,118,6832,-9512,10356,-88,125,-181,-13268,4972,6100,-1000,81,-51,-13488,-5004,7504,-513,130,-141,0
1037.9756650924685,8016,6308,11804,-105,-102,72,6744,-9688,10400,33,166,-211,-13244,4960,6272,-774,48,-106,-13320,-4968,7856,-474,159,-146,0
1038.0112509727478,8108,6332,11612,-81,1,92,6736,-9672,10332,253,143,-188,-13068,4940,6128,-978,80,-71,-13488,-5024,7496,-499,127,-142,0
1038.0477571487427,7932,6352,11968,-115,-64,73,6780,-9704,10228,-59,491,-116,-13288,4968,6160,-1040,34,-62,-13548,-4964,7512,-488,124,-153,0
1038.0811359882355,7976,6412,11936,-169,-76,85,6604,-9760,10372,-32,153,-170,-13148,5072,6032,-983,99,-99,-13452,-4980,7616,-475,159,-134,0
1038.1144280433655,8000,6280,11760,-149,-100,115,6788,-9712,10352,-16,111,-191,-13244,5016,6388,-1001,138,-78,-13424,-5144,7516,-515,208,-137,0
1038.1478869915009,7832,6400,11764,-130,-91,106,6816,-9748,10420,-21,133,-189,-13316,4992,5896,-994,67,-97,-13452,-5136,7596,-509,156,-127,0
1038.1815099716189,8092,6336,11836,-132,-102,105,6808,-9672,10208,-16,126,-197,-13348,5024,6236,-985,83,-77,-13544,-5040,7664,-491,172,-145,0
1038.2149980068207,8008,6352,11808,-131,-77,122,6712,-9728,10280,-11,152,-193,-13276,5004,5992,-1002,123,-78,-13512,-4972,7632,-761,154,-107,0
1038.2486789226532,7964,6316,11784,-114,-75,121,6820,-9760,10412,-10,135,-196,-13276,5016,6036,-1024,138,-116,-13476,-5020,7524,-523,160,-82,0
1038.2822461128235,7996,6396,11752,-121,-116,125,6900,-9744,10260,-57,107,-151,-13164,4908,6016,-995,108,-80,-13428,-5008,7652,-527,143,-100,0
1038.3156349658966,8132,6320,11984,-115,-78,145,6796,-9692,10328,-27,123,-157,-13348,4904,6012,-996,147,-75,-13492,-5000,7452,-523,171,-83,0
1038.3493781089785,7992,6392,11560,-171,-44,151,6660,-9668,10324,17,116,-170,-13232,4936,6088,-1010,161,-53,-13464,-5040,7552,-492,155,-111,0
1038.3827140331268,7972,6348,11816,-139,-82,111,6784,-9716,10124,-19,136,-184,-13172,4912,6060,-1014,106,-76,-13408,-5120,7488,-488,157,-143,0
1038.4157779216766,7888,6316,11592,-129,-54,82,6768,-9644,10248,-254,145,-168,-13328,4984,6000,-999,78,-74,-13496,-4872,7528,-470,150,-124,0
1038.4494669437408,7980,6300,11832,-145,-28,70,6848,-9740,10312,-30,203,-185,-13236,4900,6100,-992,54,-84,-13384,-5028,7192,-475,122,-131,0
1038.4829690456393,7896,6348,11740,-156,-60,77,6748,-9728,10348,-36,164,-194,-13124,4880,6240,-979,84,-85,-13408,-5300,7524,-485,134,-111,0
1038.516473054886,7880,6328,11784,-133,-88,106,6828,-9732,10444,-26,97,-196,-13152,5040,6140,-1026,150,-60,-13460,-4928,7540,-529,181,-115,0
1038.5501070022583,7736,6380,11708,-126,-93,132,6780,-9652,10276,-10,91,-178,-13180,5116,6188,-976,160,-90,-13516,-5032,7424,-506,136,-80,0
1038.583657026291,7680,6340,11992,-149,-99,141,6824,-9700,10488,-67,112,-177,-13176,4884,6108,-992,132,-137,-13436,-4984,7400,-466,158,-86,0
1038.6172440052032,8060,6172,11672,-169,-81,97,6764,-9776,10404,-31,139,-184,-13292,4944,5940,-985,78,-92,-13480,-5016,7444,-495,153,-147,0
1038.6503911018372,8120,6272,11608,-99,-101,86,6864,-9640,10304,-55,147,-151,-13528,4936,5908,-989,25,-55,-13532,-4952,7300,-768,111,-174,0
1038.6837909221647,8136,6316,11756,-112,252,60,6896,-9700,10276,-23,188,-162,-13284,4904,5956,-997,15,-84,-13484,-4968,7360,-768,93,-186,0
1038.7174520492554,7980,6348,11700,-121,-15,67,6864,-9668,10448,13,139,-167,-13224,4988,6128,-1024,54,-73,-13448,-5100,7604,-487,152,-140,0
1038.7511279582975,8044,6356,11844,-147,-17,94,6760,-9772,10308,-256,138,-176,-13348,4924,6052,-1007,84,-65,-13696,-4968,7504,-466,124,-107,0
1038.7847690582275,7992,6292,11788,-124,-66,119,6900,-9884,10368,-74,104,-157,-13296,4876,6172,-960,80,-48,-13400,-4976,7304,-530,113,-136,0
1038.8182599544523,8044,6344,11572,-120,-25,83,6840,-9508,10348,-45,182,-168,-13148,4872,6248,-1053,62,-52,-13460,-5000,7284,-516,114,-150,0
1038.8516540527344,8124,6380,11788,-98,-53,95,6852,-9680,10516,-17,153,-152,-13236,4912,6300,-774,103,-64,-13392,-5356,7440,-493,112,-141,0
1038.8851211071014,7932,6620,11736,-116,-74,88,6796,-9716,10420,-39,162,-173,-13248,4876,6284,-1002,106,-105,-13504,-5028,7644,-522,153,-162,0
1038.9185180664065,7968,6356,11604,-142,255,68,6456,-9640,10252,250,97,-175,-13312,4820,6288,-982,72,-55,-13440,-4992,7368,-471,103,-124,0
1038.9551630020142,7884,6224,11668,-143,-32,80,6684,-9696,10428,-36,126,-150,-13204,5016,6388,-1014,54,-73,-13412,-5068,7304,-493,92,-117,0
1038.989359140396,7996,6304,11624,-102,-29,122,6756,-9476,10316,-30,117,-147,-13244,4936,6296,-1018,96,-48,-13476,-5076,7392,-522,83,-123,0
1039.0229830741882,7924,6356,11752,-117,-75,113,6804,-9920,10508,-63,160,-168,-13268,4928,6232,-1013,123,-53,-13444,-5084,7512,-501,125,-151,0
1039.0563521385193,7764,6168,11828,-116,-68,97,6788,-9924,10412,-6,141,-202,-13292,4932,6148,-994,108,-104,-13512,-5096,7428,-482,174,-93,0
1039.0936150550842,7984,6296,11532,-124,-70,112,6696,-9784,10256,-11,117,-190,-13204,4980,6104,-1010,149,-72,-13416,-4964,7468,-507,197,-68,0
1039.1291339397433,8032,6428,11636,-154,-158,154,6756,-9684,10240,-13,97,-197,-13252,4872,6380,-771,176,-84,-13548,-4948,7672,-458,243,-27,0
1039.164157152176,8032,6460,11900,-185,-163,162,6736,-9876,10340,-17,95,-237,-13512,4944,6240,-1014,202,-138,-13472,-5080,7540,-469,213,-24,0
1039.2001690864563,7700,6384,11776,-131,-189,164,6832,-9696,10256,-40,101,-229,-13360,4964,6176,-964,169,-142,-13408,-5072,7440,-486,234,-70,0
1039.235522031784,7880,6408,11772,-131,-218,172,6744,-9932,10356,-70,96,-239,-13208,5004,5984,-956,200,-111,-13436,-4976,7464,-465,217,-73,0
1039.2713780403135,7848,6428,11732,-183,-231,150,6824,-9712,10344,-44,123,-6,-13224,5000,6080,-983,188,-162,-13448,-4916,7480,-456,225,-61,0
1039.3075170516968,7952,6392,11604,-208,-174,151,6880,-9732,10348,-39,86,-277,-13568,4976,6236,-1002,195,-153,-13536,-5088,7572,-457,245,-62,0
1039.3428211212158,8016,6364,11844,-175,-223,111,6916,-9764,10320,-53,164,-219,-13304,5020,6032,-995,136,-160,-13380,-4996,7500,-449,258,-102,0
1039.3785989284515,7956,6148,12020,-191,-193,152,6872,-9656,10312,28,102,-262,-13344,4912,6296,-988,188,-187,-13448,-5060,7452,-459,276,-41,0
1039.4139909744265,7968,6376,11604,-180,-231,152,6676,-9916,10468,16,79,-273,-13252,4860,6016,-1004,240,-133,-13428,-5080,7664,-449,230,-30,0
1039.4496660232544,8096,6312,11836,-181,-170,174,6712,-9628,10344,-15,104,-207,-13092,4980,6108,-1022,194,-147,-13556,-4932,7180,-491,220,-36,0
1039.4845809936523,8092,6308,11552,-180,-201,181,6744,-9708,10396,4,84,-192,-13304,4952,6244,-1046,130,-111,-13468,-4944,7420,-494,184,-71,0
1039.5202131271362,8044,6296,11872,-191,-204,171,6708,-9684,10368,34,88,-191,-13284,4832,6036,-1052,146,-143,-13484,-5092,7444,-475,193,-62,0
1039.5551791191099,7976,6308,11704,-145,-142,164,6780,-9684,10388,-34,113,-209,-13260,4888,6252,-1026,106,-91,-13468,-5064,7488,-472,192,-77,0
1039.5911989212036,8060,6312,11712,-179,-182,147,6816,-9916,10396,-16,99,-220,-13348,4992,6144,-1002,166,-141,-13772,-4900,7296,-487,192,-38,0
1039.6260719299316,8188,6248,11540,-162,-185,172,6824,-9640,10280,-19,88,-204,-13292,4968,6352,-1279,140,-136,-13428,-4980,7552,-473,191,-64,0
1039.6623289585114,8112,6316,11680,-142,-145,150,6784,-9616,10332,-6,122,-176,-13252,4968,6056,-1012,141,-72,-13396,-5012,7476,-481,153,-105,0
1039.6981530189514,7964,6280,11656,-161,-108,138,6796,-9692,10372,-50,109,-219,-13108,4944,5968,-997,136,-94,-13508,-4988,7540,-492,170,-106,0
1039.7347600460052,8052,6292,11548,-119,-105,93,6864,-9592,10340,-34,145,-208,-13416,5064,6116,-997,97,-91,-13460,-4944,7364,-478,197,-134,0
1039.7683320045471,8024,6264,11596,-147,-60,107,6992,-9676,10448,-15,124,-189,-13296,4968,5912,-1017,74,-81,-13556,-4928,7472,-508,149,-160,0
1039.8018851280212,8364,6304,11692,-102,-38,97,6900,-9644,10124,-6,120,-173,-13544,4968,6040,-1020,100,-79,-13548,-4952,7176,-522,154,-165,0
1039.8355090618134,8116,6308,11592,-156,-81,124,6868,-9788,10332,1,102,-155,-13236,5040,5988,-1025,93,-90,-13748,-4996,7424,-543,131,-128,0
1039.8694860935211,8072,6304,11732,-124,-35,137,6880,-9764,10412,-33,142,-135,-13372,4932,6056,-1278,113,-76,-13528,-4992,7520,-537,130,-129,0
1039.9031360149384,8084,6348,11764,-123,-72,145,6920,-9636,10260,-6,140,-137,-13376,4964,6184,-1039,91,-90,-13440,-5052,7416,-540,149,-118,0
1039.9367640018463,8088,6592,11688,-127,-52,116,6824,-9604,10236,-12,115,-175,-13328,4852,6092,-1046,116,-78,-13392,-5008,7500,-520,127,-98,0
1039.9703209400177,8052,6308,11604,-116,-80,115,6900,-9588,10492,-35,137,-177,-13320,4992,6036,-1000,117,-55,-13516,-5000,7488,-491,122,-145,0
1040.0038080215454,8044,6280,11724,-137,-68,104,6812,-9680,10376,2,169,-163,-13068,4992,6096,-1006,70,-58,-13316,-4940,7620,-533,125,-132,0
1040.0374970436096,8092,6376,11704,-133,-47,84,6728,-9640,10452,21,152,-176,-13328,4964,6356,-976,74,-74,-13512,-4988,7456,-523,138,-122,0
1040.0710649490356,8096,6380,11860,-150,-92,95,6872,-9776,10368,-14,179,-181,-13232,4792,6388,-982,99,-99,-13540,-5320,7496,-480,182,-128,0
1040.1043379306793,8056,6476,12008,-185,-151,126,6776,-9648,10352,-47,144,-212,-13244,4920,6376,-942,148,-98,-13460,-4936,7476,-467,172,-84,0
1040.137689113617,8140,6244,11580,-181,-180,147,6792,-9620,10324,-79,79,-231,-13300,4680,6080,-973,175,-87,-13540,-5048,7668,-484,194,-80,0
1040.1713140010834,8120,6232,11640,-134,-167,151,6856,-9624,10348,-39,108,-187,-13200,4988,5892,-971,137,-65,-13460,-4756,7084,-508,113,-112,0
1040.2046229839325,8220,6312,11556,-94,-44,97,6688,-9568,10108,-27,159,-171,-13568,4904,6272,-989,64,-46,-13568,-4980,7312,-502,76,-147,0
1040.2382941246033,7972,6340,11672,-147,-17,52,6876,-9484,10092,-15,196,-144,-13408,4992,5888,-954,12,-72,-13356,-4916,7444,-467,96,-144,0
1040.2718410491943,8184,6316,11524,-185,38,53,6860,-9684,10276,18,203,-127,-13252,4900,6052,-1006,53,-57,-13552,-5108,7332,-483,122,-119,0
1040.3052439689636,8148,6260,11584,-151,-44,112,6896,-9692,10384,-26,145,-150,-13376,5084,6360,-1030,89,-47,-13548,-5000,7568,-474,92,-129,0
1040.338781118393,8072,6144,11860,-123,-44,106,6772,-9736,10412,-36,126,-157,-13244,4868,6328,-984,129,-41,-13428,-5120,7476,-494,104,-130,0
1040.3723819255829,7980,6240,11844,-91,-74,109,6804,-9784,10168,-44,124,-194,-13288,5000,6096,-987,93,-120,-13476,-4924,7472,-492,144,-140,0
1040.4059541225433,8044,6276,11752,-123,-73,85,6796,-9672,10428,-29,160,-189,-13196,4976,6088,-780,84,-108,-13392,-4904,7564,-481,157,-139,0
1040.4395699501038,8052,6260,11764,-157,-28,103,6688,-9640,10420,251,166,-169,-13184,4888,6216,-994,96,-67,-13496,-5116,7524,-507,137,-115,0
1040.4730930328367,8064,6448,11844,-112,-105,106,6752,-9960,10316,-51,134,-196,-13164,5000,6228,-1015,122,-46,-13492,-5044,7476,-262,116,-153,0
1040.5067210197449,8060,6400,11740,-120,-83,115,6764,-9744,10356,-50,91,-179,-13336,4964,6308,-991,110,-84,-13512,-4956,7388,-490,123,-120,0
1040.540090084076,8112,6252,11680,-122,-34,81,6832,-9696,10300,-45,151,-175,-13316,4960,6112,-994,100,-73,-13508,-4964,7324,-513,140,-156,0
1040.573744058609,8068,6348,11780,-126,-60,131,6804,-9492,10448,-34,107,-169,-13284,4836,6232,-1277,71,-101,-13432,-4988,7180,-509,169,-145,0
1040.607234954834,8136,6360,11876,-133,-55,89,6792,-9672,10308,-7,134,-152,-13288,4984,6332,-1045,71,-52,-13328,-4988,7364,-488,167,-129,0
1040.6402969360352,7936,6412,11744,-173,-72,109,6796,-9500,10496,-22,138,-201,-13296,4904,6004,-995,124,-77,-13612,-5024,7440,-478,154,-102,0
1040.6738290786743,7988,6632,11824,-168,-58,129,6752,-9476,10384,-51,123,-168,-13320,4960,6112,-991,135,-69,-13608,-5000,7492,-524,149,-104,0
1040.7073919773102,8092,6308,11568,-82,-85,120,6772,-9608,10424,-19,82,-168,-13076,5100,6188,-1025,117,-95,-13476,-5008,7476,-511,130,-101,0
1040.740387916565,8056,6332,11824,-123,-80,133,6892,-9656,10316,7,121,-172,-13352,4868,6040,-1015,134,-101,-13532,-5016,7560,-479,153,-104,0
1040.7781400680542,8036,6312,11800,-145,-71,118,6812,-9720,10464,-44,135,-183,-13268,4948,6176,-1004,109,-65,-13504,-4984,7580,-522,108,-114,0
1040.813591003418,8072,6332,11748,-106,-71,103,6804,-9732,10268,-40,140,-125,-13236,4920,6188,-1020,61,-88,-13560,-4956,7552,-525,124,-127,0
1040.849643945694,8040,6284,11912,-167,-65,108,6760,-9732,10200,-12,143,-168,-13252,4868,6084,-769,82,-88,-13480,-5080,7468,-515,125,-96,0
1040.8849251270294,7948,6148,11900,-116,-41,121,6764,-9508,10636,-28,106,-149,-13252,4924,6300,-1019,108,-66,-13560,-5040,7456,-498,164,-129,0
1040.9202840328217,8044,6344,11788,-143,-68,85,6700,-9756,10372,-32,137,-202,-13456,4620,6172,-937,151,-77,-13476,-4956,7504,-493,146,-107,0
1040.9554879665375,8084,6276,11656,-121,-34,88,6820,-9924,10268,-40,128,-169,-13232,4988,6304,-1000,56,-35,-13468,-5056,7668,-504,97,-169,0
1040.9916870594025,8076,6316,11352,-82,15,51,6824,-9632,10236,-5,139,-144,-13552,4644,5976,-1001,52,-52,-13560,-5016,7500,-506,19,-201,0
1041.0276479721067,8008,6380,11800,-134,83,23,6776,-9576,10232,-28,243,-111,-13540,5084,6272,-965,1,-43,-13496,-4988,7520,-495,55,-200,0
1041.0627920627594,8024,6364,11632,-144,69,26,6764,-9772,10320,-30,265,-140,-13284,4936,6100,-770,26,-33,-13316,-5048,7508,-512,105,-155,0
1041.098743915558,8112,6376,11780,-132,-41,80,6840,-9800,10368,-42,170,-182,-13276,4872,5944,-997,76,-109,-13536,-5044,7492,-519,141,-159,0
1041.134192943573,8024,6492,11764,-112,-54,97,6796,-9724,10304,-69,136,-185,-13200,4892,6048,-991,46,-65,-13340,-5104,7504,-520,146,-164,0
1041.1702110767365,7868,6320,11660,-103,-66,72,6792,-9716,10260,-31,146,-199,-13296,4944,6256,-984,43,-106,-13492,-5204,7672,-498,135,-158,0
1041.205570936203,7980,6380,11776,-119,-6,55,6752,-9936,10320,-31,158,-155,-13248,4952,6144,-976,37,-60,-13528,-5016,7420,-495,108,-183,0
1041.240942955017,8044,6356,11560,-128,25,77,6736,-9924,10448,-32,201,-149,-13104,5064,6124,-1000,34,-52,-13512,-5012,7484,-513,143,-154,0
1041.2761280536652,8052,6380,11884,-115,-15,81,6704,-9976,10248,-22,146,-174,-13248,4984,6268,-993,75,-101,-13384,-4972,7576,-510,130,-133,0
1041.3118309974673,7680,6148,11884,-95,-67,133,6724,-9688,10460,-47,115,-148,-13360,4976,6064,-994,116,-55,-13436,-5060,7552,-531,126,-116,0
1041.3477239608765,7988,6316,11780,-97,-66,110,6832,-9848,10276,-58,134,-158,-13312,5020,6244,-1030,72,-36,-13472,-5024,7296,-533,133,-126,0
1041.3830790519714,8036,6312,11808,-142,-72,119,6848,-9956,10324,-24,145,-162,-13164,4932,6100,-1000,109,-71,-13452,-5000,7520,-258,124,-123,0
1041.419366121292,8056,6348,11668,-94,-253,106,6900,-9496,10372,-53,133,-167,-13280,4960,6212,-1009,90,-114,-13448,-5120,7496,-541,127,-154,0
1041.453047990799,7896,6460,11764,-107,-67,91,6836,-9736,10340,-22,192,-182,-13316,4992,6220,-991,50,-99,-13548,-4872,7648,-460,138,-153,0
1041.4867389202118,7984,6360,11744,-145,-39,70,6856,-9632,10248,-54,151,-172,-13284,4872,6196,-970,119,-70,-13448,-4916,7492,-451,132,-146,0
1041.5201470851898,7980,6364,12024,-161,-39,72,6776,-9688,10364,-23,149,-174,-13184,4892,6384,-989,104,-46,-13400,-5368,7508,-464,123,-126,0
1041.5537109375,7912,6424,11748,-175,-33,77,6792,-9608,10348,-43,142,-176,-13088,4616,6188,-977,92,-91,-13320,-5040,7276,-446,134,-77,0
1041.587110042572,7888,6444,11804,-201,-129,81,6772,-9744,10432,-12,201,-190,-13152,4980,6208,-997,83,-98,-13468,-5040,7640,-482,216,-79,0
1041.620481967926,8140,6464,11824,-171,-164,120,6772,-9780,10568,254,151,-242,-13096,4912,6572,-1011,135,-185,-13536,-5120,7608,-468,241,-84,0
1041.6542100906372,7968,6432,11820,-134,-172,130,6680,-9692,10448,-62,99,-249,-13228,5012,6324,-963,148,-138,-13480,-4948,7568,-496,220,-57,0
1041.6877551078796,8024,6468,11788,-153,-202,129,6736,-9908,10492,-50,95,-250,-13252,5008,6212,-983,206,-132,-13396,-5036,7624,-477,248,-8,0
1041.7208659648895,7920,6284,11628,-189,-180,143,6772,-9740,10232,-33,102,-232,-13284,5040,6124,-989,216,-176,-13424,-5064,7508,-433,227,-30,0
1041.754310131073,8024,6336,11820,-223,-177,185,6876,-9660,10408,5,100,-244,-13492,4976,6008,-986,210,-148,-13576,-4820,7436,-464,228,-58,0
1041.787768125534,8040,6156,11528,-198,-188,167,6676,-9736,10480,-11,121,-248,-13228,4992,6228,-1000,193,-153,-13496,-5064,7524,-454,214,-42,0
1041.8212671279907,8028,6600,11832,-193,-200,180,6796,-9712,10200,-21,95,-271,-13256,5008,6212,-977,178,-124,-13452,-4948,7448,-438,510,-39,0
1041.8549370765686,8068,6316,11824,-220,-223,163,6808,-9656,10320,-38,103,-248,-13276,4896,6148,-996,161,-140,-13324,-4992,7404,-469,242,-38,0
1041.8881969451904,8116,6388,11708,-199,-271,142,6752,-9656,10368,-252,74,-250,-13296,4916,6200,-1006,187,-178,-13452,-4980,7444,-463,215,-38,0
1041.9217550754547,8140,6628,11740,-207,-196,181,6824,-9632,10432,249,111,-229,-13276,4900,6312,-1002,185,-157,-13384,-5008,7624,-474,203,-59,0
1041.9554309844973,8016,6436,11760,-205,-176,155,6840,-9680,10412,-16,101,-236,-13548,5004,6100,-987,174,-163,-13436,-4976,7256,-471,208,-42,0
1041.9887471199036,8032,6328,11672,-202,-190,159,6836,-9684,10276,2,110,-231,-13184,4916,6204,-990,166,-89,-13444,-4980,7384,-483,220,-72,0
1042.0222160816193,8100,6332,11980,-192,-164,139,6800,-9592,10460,-8,116,-197,-13336,4956,6144,-974,187,-117,-13416,-5028,7428,-472,168,-94,0
1042.055773973465,8040,6352,11848,-198,-173,134,6860,-9656,10280,-11,99,-227,-13176,4904,6032,-1011,164,-142,-13752,-4980,7352,-447,171,-79,0
1042.0893239974976,8100,6252,11636,-170,-129,126,6688,-9700,10080,-12,94,-230,-13224,4904,6128,-994,141,-121,-13468,-5008,7392,-493,201,-90,0
1042.1227791309357,8020,6312,11644,-176,-95,129,6848,-9676,10340,-12,124,-216,-13228,4912,5992,-979,128,-64,-13504,-5048,7400,-490,158,-121,0
1042.156012058258,8068,6192,11696,-166,-96,121,6792,-9644,10360,-47,115,-204,-13204,4920,6096,-976,119,-73,-13536,-4888,7528,-488,141,-145,0
1042.1899781227112,8260,6268,11656,-124,243,73,6852,-9700,10236,-20,134,-156,-13336,4964,6032,-1277,74,-24,-13492,-4812,7336,-496,117,-156,0
1042.2233700752258,8068,6288,11704,-118,19,91,6660,-9660,10088,-15,173,-151,-13060,4936,6376,-1009,40,-58,-13600,-4904,7452,-500,113,-159,0
1042.2568249702454,8040,6364,11748,-132,28,81,6844,-9592,10388,9,158,-145,-13308,4936,6112,-1036,69,-52,-13532,-5004,7404,-503,94,-181,0
1042.2903289794922,8000,6320,11852,-151,40,69,6840,-9580,10340,-50,161,-144,-13296,4904,6076,-966,68,2,-13548,-4940,7432,-496,83,-174,0
1042.3238110542295,8036,6284,11812,-113,40,60,6832,-9780,10128,-77,193,-127,-13348,4960,6156,-963,-24,-38,-13508,-5060,7504,-506,67,-177,0
1042.3575210571287,8128,6312,11960,-151,51,69,6804,-9712,10284,-16,196,-127,-13564,5012,6344,-1018,-252,-52,-13468,-5024,7516,-483,109,-187,0
1042.3907120227814,7896,6444,11788,-132,9,86,6752,-9564,10248,-22,180,-137,-13152,4956,6208,-1005,21,-51,-13740,-5044,7444,-498,62,-153,0
1042.4236271381378,7984,6432,11800,-96,13,49,6888,-9668,10472,-45,183,-130,-13292,4852,5992,-949,41,-34,-13388,-4968,7220,-493,99,-150,0
1042.4618401527405,7940,6388,11696,-146,45,67,6764,-9704,10432,-71,165,-127,-13204,4928,6208,-983,31,-38,-13412,-4956,7516,-506,89,-157,0
1042.4980850219729,7992,6272,11804,-124,-5,88,6812,-9672,10348,-36,175,-129,-13500,4860,6220,-981,21,-8,-13436,-5028,7552,-490,89,-176,0
1042.5338571071625,7964,6416,11916,-128,7,88,6792,-9712,10428,-42,161,-138,-13252,4984,6388,-968,71,-98,-13492,-4904,7524,-506,96,-145,0
1042.569181919098,7972,6340,11752,-88,-27,72,6832,-9680,10348,-64,139,-199,-12984,4824,6332,-1013,86,-67,-13788,-4920,7464,-493,144,-172,0
1042.6041951179504,7968,6252,11768,-139,-33,83,6760,-9640,10296,9,148,-199,-13248,4916,6096,-1031,67,-91,-13420,-4992,7532,-515,174,-174,0
1042.6397500038147,7700,6348,11852,-114,-26,81,6820,-9896,10388,-11,158,-226,-13252,4920,6132,-979,72,-75,-13424,-5008,7520,-516,155,-141,0
1042.6752240657809,8008,6288,11904,-125,-69,80,6768,-9724,10164,-59,159,-205,-13232,5040,6040,-982,90,-109,-13440,-4980,7588,-523,155,-172,0
1042.7108490467072,8024,6340,11796,-137,-29,55,6776,-9632,10460,-49,132,-176,-13224,4972,5988,-990,74,-51,-13532,-5020,7404,-495,124,-123,0
1042.745901107788,8056,6332,11812,-149,-43,70,6888,-9652,10440,-31,126,-181,-13316,4856,6004,-977,61,-97,-13436,-5080,7672,-491,109,-103,0
1042.7812130451205,7916,6472,11828,-124,-73,98,6724,-9652,10000,-38,126,-170,-13172,4924,6304,-998,52,-50,-13552,-5016,7328,-462,165,-110,0
1042.817384004593,7968,6420,11672,-125,-45,79,6776,-9764,10360,-64,122,-181,-13276,4688,6288,-991,84,-113,-13388,-4912,7464,-486,154,-120,0
1042.852241039276,7700,6644,11628,-143,-55,98,6848,-9608,10272,-53,156,-190,-13304,4928,6228,-978,96,-122,-13376,-5096,7584,-471,187,-150,0
1042.8881590366364,7944,6336,11756,-127,-64,116,6896,-9700,10248,-29,116,-206,-13280,4992,6296,-1001,112,-69,-13408,-5036,7428,-760,159,-116,0
1042.9234120845795,7956,6636,11988,-114,-77,104,6680,-9784,10340,-256,106,-189,-13292,4940,5976,-1019,105,-141,-13440,-4968,7632,-495,159,-119,0
1042.959450006485,7932,6388,11788,-120,-60,123,6780,-9780,10372,-5,121,-190,-13236,5016,6372,-1011,117,-58,-13524,-5076,7388,-497,181,-120,0
1042.9949569702148,7888,6468,11788,-130,-75,121,6732,-9736,10324,-50,116,-186,-13520,4948,6368,-968,124,-43,-13524,-4916,7472,-261,128,-100,0
1043.0308649539948,7948,6344,12020,-162,-103,119,6856,-9680,10352,-38,160,-165,-13396,5000,6220,-992,102,-55,-13440,-5000,7480,-477,175,-85,0
1043.0657811164856,7952,6468,11804,-240,-117,153,6792,-9756,10464,23,128,-169,-13352,5008,6260,-1037,156,-113,-13424,-4992,7512,-454,184,-47,0
1043.1019809246063,8004,6356,11700,-127,-174,163,6768,-9756,10256,-45,73,-237,-13296,4912,6196,-997,159,-107,-13540,-5080,7572,-464,218,-64,0
1043.1351699829102,8000,6372,11820,-172,-227,136,6812,-9680,10400,-52,121,-259,-13180,5000,6140,-939,166,-94,-13376,-4980,7208,-482,212,-60,0
1043.168745994568,7992,6248,11784,-203,-169,148,6788,-9672,10320,-55,105,-236,-13256,4968,6088,-950,156,-119,-13396,-5016,7520,-439,250,-77,0
1043.2023539543152,7976,6308,11784,-196,-177,169,6848,-9716,10332,254,105,-237,-13308,4928,6228,-974,150,-136,-13436,-5024,7504,-464,199,-57,0
1043.2357981204989,7988,6336,11732,-211,-163,131,6804,-9620,10380,-12,144,-207,-13288,5068,6308,-977,143,-94,-13528,-5040,7488,-449,176,-43,0
1043.2689061164856,8064,6312,11944,-211,-188,155,6728,-9756,10412,-38,106,-218,-13340,4976,6268,-949,170,-98,-13520,-4892,7532,-468,227,-38,0
1043.302442073822,8088,6292,11712,-200,-178,172,6700,-9720,10356,-14,82,-229,-13188,4964,6284,-1271,187,-143,-13424,-5016,7504,-479,245,-40,0
1043.3358480930328,8008,6292,11684,-171,-194,190,6792,-9664,10312,-25,46,-235,-13296,5048,6112,-996,225,-117,-13436,-4936,7532,-501,213,-38,0
1043.3694441318512,7972,6180,11524,-160,-221,187,6848,-9612,10352,-27,44,-255,-13268,4888,6072,-997,175,-145,-13424,-5000,7464,-497,197,-56,0
1043.402745962143,8060,6292,11572,-202,-203,169,6828,-9768,10388,-24,60,-229,-13256,4948,6048,-1008,180,-93,-13424,-5000,7636,-490,188,-71,0
1043.4364421367643,8052,6292,11820,-203,-178,155,7100,-9912,10372,-19,118,-212,-13372,4948,6260,-965,140,-79,-13496,-5004,7492,-461,185,-75,0
1043.4700441360474,8012,6284,11524,-165,-145,150,6756,-9824,10316,-12,115,-214,-13152,4888,6204,-1003,133,-60,-13456,-4972,7520,-491,186,-66,0
1043.503662109375,7944,6384,11908,-160,-150,141,6816,-9744,10416,-19,131,-217,-13284,4648,6012,-1263,151,-137,-13384,-4948,7452,-476,218,-39,0
1043.5371849536896,7944,6320,11696,-191,-158,148,6824,-9688,10348,-41,100,-215,-13436,4972,6368,-1015,162,-131,-13484,-4996,7536,-467,209,-65,0
1043.5707039833069,8052,6248,11768,-171,-188,135,6804,-9680,10384,-26,95,-217,-13236,4952,6108,-1008,154,-80,-13572,-4992,7504,-477,214,-74,0
1043.604212999344,8056,6376,11876,-138,-144,150,6840,-9532,10384,-8,105,-242,-13288,4984,6168,-1017,179,-91,-13468,-4952,7420,-488,214,-62,0
1043.6375949382782,7956,6392,11792,-184,-144,124,6908,-9720,10368,-25,117,-225,-13088,4672,5912,-1001,204,-100,-13464,-4948,7372,-473,223,-37,0
1043.6708271503448,8064,6544,11996,-183,-169,158,6824,-9592,10248,-38,111,-195,-13388,4640,6348,-999,192,-163,-13612,-4956,7540,-459,201,-79,0
1043.7042379379272,8176,6312,11576,-170,-187,136,6788,-9680,10336,-56,84,-234,-13224,5032,6196,-1014,162,-108,-13532,-4972,7492,-511,209,-82,0
1043.7379429340365,8132,6172,11700,-152,-156,150,6692,-9664,10312,-14,109,-211,-13372,4848,6044,-1045,146,-115,-13424,-4972,7640,-485,240,-63,0
1043.7714669704435,8092,6320,11612,-157,-146,122,6880,-9704,10292,-5,102,-214,-13284,5112,6284,-1087,164,-120,-13484,-4988,7516,-472,218,-38,0
1043.8051810264587,8136,6336,11784,-133,-188,176,6836,-9692,10324,-37,87,-218,-13360,4768,6396,-1000,177,-162,-13796,-4612,7196,-488,273,-41,0
1043.8386681079865,8056,6316,11716,-168,-216,155,6888,-9636,10304,-18,104,-246,-13288,5052,6088,-1056,227,-167,-13740,-4828,7188,-487,265,-24,0
1043.8720860481262,8164,6220,11748,-133,-197,188,6936,-9692,10384,-67,99,-208,-13564,4892,6148,-1066,227,-125,-13320,-5012,7384,-485,206,-19,0
1043.9054009914398,8020,6296,11712,-138,-166,202,6840,-9740,10472,-23,38,-203,-13332,4676,6088,-1074,206,-34,-13336,-4952,7388,-266,178,-58,0
1043.9389989376068,8040,6288,11616,-162,-138,180,6808,-9664,10248,-73,72,-203,-13288,4948,6252,-1114,236,-161,-13500,-4956,7356,-529,231,-35,0
1043.977324962616,8068,6188,11664,-83,-200,166,6852,-9728,10452,26,12,-255,-13348,5112,6172,-1129,232,-205,-13520,-4896,7456,-257,305,-52,0
1044.0110740661619,8032,6296,11648,-148,-224,174,6668,-9688,9988,28,69,-294,-13380,4860,6088,-1124,239,-226,-13584,-4920,7240,-511,353,-69,0
1044.0446910858154,8248,6204,11716,-91,-281,177,7152,-9660,10308,37,42,-272,-13304,4880,6140,-1115,207,-218,-13660,-4912,7356,-513,336,-63,0
1044.0782990455627,8224,6276,11716,-125,-338,162,6868,-9632,10268,-252,30,-294,-13456,4916,6100,-1109,247,-160,-13616,-4892,7404,-528,323,-57,0
1044.114380121231,8220,6240,11808,-120,-278,184,6864,-9604,10340,58,-7,-285,-13384,4852,5924,-1118,3,-243,-13712,-5116,7352,-492,317,-49,0
1044.15016412735,8308,6240,11692,-129,-277,187,6912,-9676,10352,29,67,-304,-13492,4716,5996,-1155,212,-163,-13356,-4880,7488,-483,314,-77,0
1044.1853539943695,8248,6332,11568,-109,-273,196,6940,-9620,10332,52,47,-288,-13080,4720,6176,-1205,243,-237,-13328,-5028,7300,-526,344,-68,0
1044.2207729816437,8308,6308,11584,-131,-281,178,6932,-9560,10304,23,9,-245,-13332,4668,6112,-1086,222,-171,-13592,-4628,7184,-502,301,-62,0
1044.2559931278229,8236,6244,11540,-126,-311,185,6936,-9588,10444,43,39,-296,-13408,4856,6124,-1083,181,-231,-13604,-4744,7584,-526,268,-72,0
1044.291783094406,8336,6296,11588,-88,-317,154,6920,-9488,10264,66,238,-263,-13528,4808,6052,-1095,206,-196,-13492,-4900,7260,-521,278,-32,0
1044.3276400566099,8428,6204,11740,-176,-301,169,6964,-9564,10480,60,44,-212,-13380,4840,6088,-1010,200,-182,-13680,-4952,7428,-486,265,5,0
1044.3628029823303,8348,6356,11668,-189,-295,227,6980,-9592,10404,28,35,-261,-13360,4736,5932,-1029,193,-131,-13540,-4856,7268,-472,211,5,0
1044.3986999988556,8276,6240,11312,-189,-293,215,6824,-9604,10324,47,22,-244,-13460,4728,6048,-1060,184,-162,-13500,-4908,7032,-488,168,-66,0
1044.4338099956512,8320,6156,11412,-143,-191,177,7040,-9284,10240,-3,41,-185,-13296,4792,5916,-778,117,-82,-13500,-4860,7228,-525,111,-75,0
1044.469260931015,8404,6360,11564,-182,-181,164,7172,-9560,10296,-10,142,-187,-13556,4540,5776,-1010,134,-20,-13704,-4776,7172,-459,100,-73,0
1044.5048189163208,8432,6228,11400,-271,-151,121,7080,-9592,10300,-24,133,-181,-13464,4708,6016,-963,143,-51,-13824,-4808,6948,-397,88,-62,0
1044.5407149791718,8612,6236,11460,-216,-26,136,6904,-9600,10116,-32,104,-129,-13276,4772,5968,-1000,137,27,-13412,-4752,7060,-473,81,-127,0
1044.5762519836426,8324,6160,11388,-98,76,111,6976,-9380,10176,38,120,-84,-13336,4596,6072,-1009,82,53,-13488,-4936,6988,-544,18,-249,0
1044.6122839450836,8368,6332,11308,-150,279,8,7060,-9496,10088,74,282,-44,-13448,4736,5904,-1016,-36,82,-13580,-4772,6988,-541,-36,-305,0
1044.6480491161349,8356,6288,11604,-155,320,-42,6776,-9500,10336,218,342,-87,-13368,4680,6044,-958,-99,111,-13780,-4680,7312,-481,31,-236,0
1044.6831541061401,8320,6336,11860,-176,205,56,6892,-9640,10528,19,209,-70,-13556,4748,6180,-1016,28,77,-13768,-4892,7676,-489,-13,-151,0
1044.7188289165497,8404,6252,11848,-79,198,31,7032,-9684,10688,-112,172,-54,-13500,4828,6396,-977,-16,93,-13596,-4972,7368,-528,-42,-249,0
1044.754186153412,8220,6232,11700,-86,125,51,6680,-9604,10476,-103,228,-40,-13292,4852,6224,-948,-28,72,-13436,-4940,7336,-534,-41,-186,0
1044.7900829315186,8104,6316,11676,-74,109,77,6840,-9676,10432,-110,155,-82,-13172,4700,6232,-812,-83,23,-13596,-4968,7376,-467,-21,-143,0
1044.823604106903,8072,6316,11668,-87,100,68,6896,-9520,10380,-90,156,-98,-13456,4848,6244,-863,-41,68,-13536,-4888,7244,-454,-32,-177,0
1044.8572070598602,8084,6284,11536,-116,115,39,6832,-9692,10388,-64,511,-77,-13560,5044,6332,-932,-40,2,-13544,-5024,7664,-493,-18,-222,0
1044.89058303833,8148,6400,11928,-109,103,45,6672,-9492,10436,-34,245,-118,-13496,4908,6304,-955,-58,3,-13724,-4984,7508,-516,53,-212,0
1044.9241409301758,8056,6304,11800,-107,55,58,6912,-9640,10424,-28,191,-132,-13332,4896,6068,-951,19,-37,-13508,-5052,7604,-511,112,-139,0
1044.957806110382,8116,6312,11728,-61,-24,112,6904,-9620,10336,-116,149,-134,-13256,4900,5948,-899,107,-18,-13556,-4896,7400,-761,70,-166,0
1044.9914510250092,8176,6280,11680,-70,26,87,6876,-9568,10368,-109,114,-122,-13304,4848,6052,-936,109,-14,-13484,-4896,7356,-513,59,-155,0
1045.0248720645905,8340,6280,11908,-108,50,105,6992,-9692,10384,-57,148,-111,-13364,4800,5920,-904,46,-21,-13668,-4876,7336,-561,40,-191,0
1045.058447122574,8376,6244,11768,-67,89,51,7032,-9664,10256,-42,185,-102,-13428,4708,6032,-985,17,-56,-13796,-4720,7308,-620,66,-502,0
1045.09197807312,8180,6608,11620,-10,75,43,6924,-9580,10380,25,156,-115,-13380,4904,6064,-979,-41,-30,-13596,-4624,7328,-591,44,-182,0
1045.125680923462,8152,6316,11812,-55,70,21,6956,-9604,10368,12,195,-106,-13340,4856,6184,-994,-19,-24,-13808,-4984,7476,-550,45,-174,0
1045.1591861248016,8224,6344,11524,-116,87,70,6864,-9704,10380,-32,251,-95,-13316,4852,6092,-980,-256,-244,-13328,-4992,7600,-473,54,-154,0
1045.192708015442,8036,6360,11784,-156,54,83,6748,-9692,10372,-69,238,-126,-13268,4996,6376,-957,20,-36,-13512,-4872,7476,-478,91,-166,0
1045.2262370586395,8048,6464,11740,-147,2,101,6864,-9732,10392,-83,165,-132,-13212,4952,6140,-964,66,-29,-13472,-4984,7368,-517,59,-100,0
1045.2600090503693,7956,6328,11704,-130,-48,103,6776,-9684,10348,-57,133,-193,-13068,4956,6184,-985,21,-74,-13384,-4920,7580,-539,107,-116,0
1045.2937259674072,8004,6260,11768,-116,-50,89,6860,-9940,10396,-51,155,-160,-13104,5004,6124,-965,29,-49,-13472,-4980,7524,-544,138,-182,0
1045.3269820213318,8052,6288,11704,-121,-17,74,6696,-9696,10364,-29,192,-162,-13412,4996,6056,-969,10,-53,-13636,-4908,7468,-550,127,-193,0
1045.360507965088,8180,6364,11896,-119,-21,67,6816,-9760,10344,-19,188,-184,-13276,4940,6044,-966,241,-50,-13516,-4936,7460,-547,117,-221,0
1045.3938479423523,8168,6332,11700,-96,-46,46,6680,-9628,10344,-76,155,-170,-13520,4928,6356,-958,15,-13,-13548,-4964,7352,-501,91,-170,0
1045.4393470287323,8132,6400,11748,-118,16,42,6860,-9664,10384,-51,174,-141,-13368,4652,6016,-978,44,-33,-13552,-4984,7304,-461,108,-173,0
1045.484440088272,7996,6348,11688,-152,7,68,7060,-9572,10256,-57,175,-150,-13272,4872,6320,-1005,67,-61,-13216,-5076,7488,-473,90,-188,0
1045.5238320827484,8076,6368,11676,-137,-2,58,6856,-9676,10292,-42,179,-148,-13536,5044,6292,-976,24,-63,-13416,-4940,7440,-481,85,-206,0
1045.557522058487,8020,6352,11616,-138,28,25,6888,-9556,10336,-56,208,-150,-13284,4960,6300,-991,36,-7,-13524,-5024,7488,-489,93,-202,0
1045.5911140441895,8040,6468,11672,-119,-6,19,6836,-9752,10328,-55,232,-141,-13196,4972,6144,-1020,36,-48,-13472,-5080,7452,-507,116,-158,0
1045.6244060993195,8008,6392,11824,-127,27,44,6840,-9712,10476,-48,196,-160,-13060,4908,6152,-967,9,-54,-13360,-4980,7548,-503,122,-172,0
1045.6576521396637,8012,6428,11812,-115,1,85,6780,-9728,10368,-17,222,-149,-13160,4976,6168,-989,19,-44,-13544,-4928,7904,-531,118,-180,0
1045.6911849975586,7976,6412,11708,-80,254,78,6852,-9768,10568,252,255,-144,-13260,4964,6160,-772,28,-7,-13456,-4884,7392,-533,88,-145,0
1045.7246050834656,8132,6392,12092,-131,-24,84,6772,-9692,10400,-9,227,-155,-13232,4896,6084,-929,91,-34,-13544,-5328,7516,-494,111,-133,0
1045.7582950592039,8084,6368,11848,-122,-51,118,6836,-9656,10248,-60,119,-155,-13304,5000,6056,-953,100,-16,-13600,-4564,7560,-512,70,-115,0
1045.794641971588,7936,6204,11784,-166,-18,116,6840,-9932,10420,-10,116,-111,-13292,4960,5888,-1019,66,-30,-13476,-5008,7488,-532,99,-139,0
1045.8303270339966,8008,6284,11864,-85,-37,121,6880,-9892,10396,-31,147,-147,-13308,4900,6116,-1040,68,-125,-13496,-5084,7472,-497,95,-140,0
1045.8655419349673,8000,6336,11568,-136,-27,82,6764,-9624,10316,-45,244,-227,-13240,4852,5984,-961,74,-60,-13496,-4980,7560,-528,163,-91,0
1045.9018220901487,8008,6376,11528,-165,-49,108,6812,-9632,10252,-31,109,-155,-13316,4968,6008,-1003,92,-40,-13380,-5144,7324,-489,156,-134,0
1045.9376299381256,8020,6340,11644,-124,-37,89,6796,-9656,10368,-27,136,-155,-13220,4688,6284,-996,49,-58,-13420,-5148,7360,-454,125,-145,0
1045.9726920127869,7928,6592,11668,-161,-44,109,6824,-9768,10320,-63,197,-154,-13548,4892,6016,-973,93,-69,-13548,-5044,7532,-454,98,-140,0
1046.0081961154938,7736,6336,11752,-176,-55,53,6756,-9540,10352,-98,162,-167,-13564,4960,6308,-994,81,-66,-13432,-4880,7456,-456,127,-166,0
1046.0441579818726,7980,6364,11608,-168,-38,88,6856,-9688,10312,-14,161,-177,-13176,4940,6344,-1007,99,-112,-13492,-5008,7456,-494,203,-129,0
1046.0803511142733,8072,6352,11624,-125,-61,85,6804,-9676,10340,-48,56,-168,-13236,4972,6212,-988,97,-82,-13476,-4992,7480,-507,151,-121,0
1046.115483045578,7780,6332,11916,-160,-110,119,6720,-9484,10432,-42,120,-166,-13256,5072,6052,-1001,111,-99,-13460,-4956,7536,-492,179,-148,0
1046.1509130001068,7916,6336,11764,-147,-48,89,6716,-9752,10276,-36,133,-173,-13188,5056,6372,-1013,104,-78,-13480,-5052,7452,-524,162,-143,0
1046.1860010623932,7972,6324,11628,-156,-77,95,6788,-9692,10388,-9,138,-184,-13348,4908,5960,-1003,138,-77,-13296,-5188,7544,-453,173,-115,0
1046.2218310832975,7688,6392,11796,-138,-87,82,6792,-9712,10372,-3,133,-191,-13312,4856,6176,-992,122,-64,-13540,-5152,7644,-461,137,-144,0
1046.257698059082,7928,6384,11752,-137,-117,79,6824,-9596,10456,-43,165,-184,-13244,4844,6332,-950,93,-88,-13444,-5060,7560,-475,172,-111,0
1046.2928020954132,7956,6372,12024,-186,-82,77,6800,-9700,10300,-72,170,-182,-13192,4960,6100,-975,105,-87,-13536,-4992,7360,-477,138,-107,0
1046.3293299674988,8040,6152,11640,-170,-68,116,6764,-9676,10424,-40,141,-183,-13260,4960,6120,-983,65,-46,-13340,-5220,7392,-481,138,-113,0
1046.3645341396332,7936,6420,11584,-157,-85,97,6780,-9728,10396,-21,141,-176,-13308,5232,6320,-1006,88,-129,-13584,-5144,7404,-484,209,-93,0
1046.3998520374298,8012,6620,11796,-159,-84,111,6672,-9652,10372,-34,142,-205,-13088,4888,6212,-1023,130,-56,-13320,-5004,7644,-490,168,-93,0
1046.4349720478058,7968,6392,11696,-169,-120,137,6784,-9476,10340,-50,120,-204,-13368,5012,6108,-1045,137,-86,-13472,-5016,7580,-530,159,-119,0
1046.4707670211792,8004,6440,12012,-148,-116,122,6868,-9624,10020,-1,138,-174,-13212,4888,6232,-990,102,-54,-13480,-4992,7560,-496,157,-131,0
1046.5043411254883,8020,6148,11760,-157,-98,113,6812,-9656,10468,-23,128,-177,-13316,5104,6096,-998,128,-105,-13476,-5060,7408,-486,133,-76,0
1046.5378630161285,8180,6444,12028,-179,-99,115,6764,-9664,10360,-26,152,-195,-13260,4876,6192,-968,139,-125,-13460,-5048,7504,-439,171,-56,0
1046.5713410377505,7680,6144,11848,-184,-129,139,6784,-9964,10404,-36,128,-243,-13252,4936,5996,-968,156,-124,-13444,-4956,7416,-439,215,-52,0
1046.6046550273895,8036,6392,11812,-167,-146,127,6804,-9800,10308,-25,130,-235,-13284,4852,6116,-965,127,-102,-13396,-5008,7624,-427,211,-71,0
1046.6380620002749,7984,6344,11876,-199,-165,135,6864,-9788,10312,-27,167,-244,-13224,4972,6224,-968,154,-180,-13400,-4976,7580,-408,221,-49,0
1046.671298980713,8020,6368,11940,-267,-219,112,6728,-9764,10392,4,188,-280,-13320,5012,6348,-971,168,-193,-13488,-4964,7444,-422,228,-51,0
1046.7049069404602,8000,6368,11796,-235,-264,129,6732,-9500,10416,2,144,-280,-13428,5020,6240,-993,174,-211,-13496,-4952,7468,-396,295,-29,0
1046.738275051117,7932,6444,11872,-248,-315,170,6776,-9748,10276,254,134,-312,-13280,4948,6268,-983,202,-194,-13336,-4928,7512,-462,278,-20,0
1046.7718060016632,7940,6296,11748,-189,-305,166,6804,-9692,10324,-49,68,-290,-13096,4928,6344,-971,174,-160,-13408,-4984,7516,-504,240,-83,0
1046.8056049346924,8080,6284,11704,-185,-275,171,6792,-9544,10332,-60,85,-246,-13236,4952,6116,-983,178,-166,-13504,-4972,7360,-525,209,-75,0
1046.8388500213623,8064,6232,11464,-176,-161,164,7156,-9584,10340,-18,111,-187,-13376,4844,6060,-1015,137,-104,-13604,-4896,7300,-257,154,-99,0
1046.8723249435425,8276,6236,11656,-211,-87,132,6976,-9516,10248,23,155,-136,-13396,4848,6152,-1044,79,-47,-13464,-4916,7404,-519,143,-122,0
1046.905564069748,8012,6368,11732,-218,-78,99,7156,-9528,10280,53,132,-176,-13348,4888,6256,-1051,70,-93,-13552,-4980,7264,-477,149,-119,0
1046.9389109611511,8144,6592,11612,-189,-44,74,6852,-9576,10436,7,174,-186,-13276,4944,5896,-1001,67,-90,-13340,-4944,7384,-471,141,-138,0
1046.9723789691923,7996,6292,12012,-195,-77,111,6832,-9692,10444,-34,151,-168,-13292,4664,6216,-1026,70,-106,-13556,-4980,7376,-460,137,-76,0
1047.0061161518097,8024,6360,11764,-133,-117,142,6832,-9692,10304,-51,120,-170,-13128,4864,5948,-997,117,-90,-13400,-4992,7464,-492,117,-109,0
1047.0400099754333,7956,6640,11680,-129,-108,111,6816,-9624,10312,-57,127,-205,-13216,4692,6112,-967,116,-69,-13416,-5076,7656,-436,110,-135,0
1047.0735869407654,8084,6272,11980,-167,-56,112,6696,-9600,10348,-23,128,-166,-13212,4612,6220,-992,94,-25,-13448,-4956,7460,-473,105,-114,0
1047.1072480678558,8036,6256,11800,-139,-63,102,6820,-9500,10436,-45,152,-167,-13328,5040,6280,-1052,123,-70,-13500,-4944,7456,-491,160,-124,0
1047.140281915665,7912,6256,11760,-170,-54,138,6788,-9616,10532,-13,128,-190,-13220,5092,6272,-1034,102,-139,-13592,-4872,7520,-522,162,-116,0
1047.173919916153,8140,6388,11864,-117,-90,136,6904,-9648,10276,-44,126,-172,-13148,4864,6260,-1017,82,-99,-13568,-4948,7516,-541,150,-90,0
1047.207648038864,8120,6556,11996,-114,-104,125,7164,-9704,10292,-30,118,-187,-13280,4952,6124,-986,129,-62,-13504,-4956,7624,-523,158,-100,0
1047.2407040596008,8172,6236,11828,-151,-58,131,6816,-9644,10232,-24,136,-182,-13076,4892,6104,-1030,84,-78,-13564,-5120,7444,-760,139,-116,0
1047.2742249965668,8120,6300,11564,-109,-75,130,6840,-9660,10328,-12,137,-174,-13260,4912,6080,-1280,84,-80,-13472,-4912,7452,-475,123,-116,0
1047.3077731132507,8012,6316,11708,-138,-66,116,6720,-9604,10288,-32,142,-157,-13288,4880,6336,-997,44,-61,-13440,-4968,7656,-501,104,-139,0
1047.3410589694977,7984,6416,11656,-130,-69,122,6820,-9596,10440,-64,178,-167,-13300,4944,6180,-992,80,-88,-13432,-5040,7480,-484,131,-100,0
1047.374433040619,8064,6332,11792,-144,-89,83,6776,-9628,10244,-22,155,-195,-13256,4864,5932,-1009,119,-96,-13488,-5012,7184,-506,185,-127,0
1047.4079320430756,7916,6324,11664,-152,-52,145,6732,-9736,10328,-16,124,-168,-13252,4768,6128,-1015,111,-110,-13516,-5024,7564,-511,183,-93,0
1047.4412550926208,8024,6320,11720,-112,-146,96,6860,-9872,10676,-62,161,-198,-13304,4916,6196,-1008,69,-94,-13696,-5024,7484,-509,195,-122,0
1047.4777851104736,7980,6336,11732,-104,-112,94,6796,-9696,10276,-18,139,-191,-13332,4900,6268,-1002,114,-62,-13456,-4960,7392,-492,143,-97,0
1047.5126709938047,8080,6308,11648,-160,-73,110,6848,-9756,10356,-37,100,-169,-13284,4936,6136,-1031,121,-71,-13452,-4924,7240,-469,184,-91,0
1047.548171043396,8164,6364,11648,-132,-98,142,6884,-9632,10260,-48,120,-196,-13244,4996,6240,-1034,99,-37,-13496,-4956,7596,-500,140,-127,0
1047.5837421417236,8072,6288,11708,-108,-99,117,6888,-9616,10248,-57,121,-175,-13220,5112,6120,-989,124,-105,-13500,-4980,7616,-511,137,-101,0
1047.6192851066587,8120,6592,11772,-159,-50,120,6800,-9696,10476,-51,106,-174,-13308,4984,6136,-996,106,-75,-13500,-4916,7172,-501,154,-128,0
1047.654184103012,8092,6328,11524,-131,-56,133,6772,-9972,10360,-14,119,-163,-13300,4892,6280,-770,95,-81,-13416,-4920,7372,-269,139,-137,0
1047.6899309158323,8096,6216,11764,-128,-103,135,6880,-9704,10480,-23,151,-170,-13296,4816,6320,-1016,74,-88,-13556,-5020,7544,-507,145,-148,0
1047.7248001098633,8104,6280,11908,-143,-73,86,6804,-9908,10484,253,148,-193,-13280,5016,6172,-1022,49,-114,-13396,-5028,7500,-475,200,-127,0
1047.760262966156,8092,6608,11580,-188,-76,126,6812,-9636,10536,-6,141,-201,-13184,5056,6200,-1005,113,-96,-13464,-5000,7488,-498,172,-121,0
1047.7955250740051,8076,6312,11808,-147,-159,138,6880,-9748,10532,-55,138,-178,-13308,4936,5976,-1015,91,-129,-13508,-4892,7352,-544,175,-125,0
1047.831433057785,8084,6272,11724,-153,-117,123,7112,-9612,10364,-81,110,-122,-13252,4960,6008,-1043,68,-115,-13464,-5028,7500,-560,166,-104,0
1047.8661530017853,8016,6192,11660,-103,-97,108,6788,-9632,10248,-25,156,-138,-13552,5092,6180,-1030,51,-94,-13408,-5100,7232,-541,127,-131,0
1047.9019260406494,8064,6308,11600,-147,-69,99,6756,-9572,10392,-32,132,-160,-13292,4844,6160,-983,69,-80,-13464,-4972,7580,-493,160,-123,0
1047.938061952591,8080,6360,11688,-157,-34,112,6704,-9580,10388,-38,158,-205,-13236,4900,6060,-977,106,-71,-13536,-5044,7456,-477,181,-111,0
1047.9737360477448,8068,6324,11612,-123,-100,123,6848,-9704,10420,-12,112,-187,-13272,4860,6184,-1002,114,-108,-13528,-4996,7632,-496,132,-112,0
1048.0096600055695,8004,6308,11624,-150,-69,118,6900,-9684,10336,-54,114,-172,-13272,4816,6144,-986,99,-20,-13440,-4980,7304,-482,109,-123,0
1048.044589996338,8044,6148,11560,-141,-44,114,6824,-9720,10296,-41,137,-144,-13320,5032,6172,-1007,86,-72,-13404,-4852,7332,-496,132,-135,0
1048.080353975296,8144,6324,11888,-126,-37,103,6836,-9644,10440,-12,144,-155,-13256,4892,6204,-774,105,-53,-13380,-5052,7368,-531,132,-117,0
1048.1172339916227,7892,6304,11684,-131,-26,140,6736,-9916,10072,253,99,-163,-13156,4948,6340,-1019,136,-80,-13440,-4968,7544,-768,170,-89,0
1048.1502599716189,7736,6340,11796,-153,-104,121,6852,-9604,10368,-11,113,-195,-13260,4948,6200,-1017,111,-111,-13488,-5124,7448,-761,141,-94,0
1048.1838219165802,8040,6268,11836,-149,-72,104,6840,-9756,10312,-39,160,-193,-13532,4964,6324,-975,105,-78,-13492,-5076,7464,-472,136,-115,0
1048.2174019813538,8140,6332,11828,-168,-98,74,6856,-9692,10536,-10,194,-184,-13292,4860,6128,-1006,119,-68,-13448,-4996,7464,-443,162,-116,0
1048.2508020401,7988,6428,11716,-171,-129,93,6728,-9704,10408,15,164,-207,-13192,4852,6276,-1003,109,-94,-13496,-5052,7408,-459,170,-75,0
1048.2841980457306,8012,6376,11672,-172,-147,121,6764,-9484,10260,-28,120,-206,-13068,4968,5992,-1008,112,-138,-13440,-4992,7504,-495,114,-116,0
1048.318071126938,8024,6368,11856,-163,-68,103,6840,-9740,10372,-49,168,-215,-13060,4952,6096,-986,94,-119,-13496,-5032,7188,-499,124,-107,0
1048.3516681194305,8020,6348,11916,-128,-69,101,6820,-9656,10316,-65,139,-191,-13316,4916,6028,-1004,71,-59,-13448,-4948,7464,-495,123,-116,0
1048.3847160339355,8056,6256,11688,-104,-65,107,6864,-9652,10352,-35,125,-191,-13236,4772,6064,-1018,120,-74,-13440,-4960,7392,-525,107,-146,0
1048.4182760715485,8040,6252,11632,-114,-30,116,6848,-9612,10320,-30,154,-148,-13064,4876,6344,-1029,64,-72,-13504,-5024,7468,-525,100,-144,0
1048.4518439769745,8108,6284,11712,-136,12,100,6664,-9540,10168,-7,162,-145,-13100,4704,6160,-1036,51,-59,-13520,-5320,7512,-507,113,-133,0
1048.4855461120605,8092,6384,11740,-125,-35,121,6832,-9692,10396,-256,156,-166,-13380,4936,6176,-1027,106,-97,-13516,-5068,7580,-487,138,-96,0
1048.519249916077,7980,6640,11572,-102,-57,115,6876,-9676,10240,-28,134,-178,-13268,5012,6228,-974,102,-52,-13564,-5040,7484,-536,138,-131,0
1048.5526449680328,8168,6296,11656,-130,-79,94,6764,-9720,10296,-39,155,-158,-13148,4916,6200,-984,84,-49,-13400,-5020,7540,-494,122,-142,0
1048.5862500667572,8012,6336,11952,-169,-42,149,6752,-9596,10392,-21,143,-135,-13220,4948,6104,-1018,145,-27,-13464,-5068,7588,-484,105,-108,0
1048.6199860572815,7688,6592,11628,-127,-39,104,6764,-9688,10368,-54,116,-168,-13260,4932,6356,-1003,103,-72,-13516,-5168,7580,-486,118,-121,0
1048.653244972229,8104,6328,11532,-153,-21,82,6820,-9632,10408,-34,138,-189,-13276,4672,6332,-877,241,-114,-13440,-5072,7476,-523,139,-157,0
1048.6868600845337,8040,6304,11804,-117,-30,53,6816,-9672,10432,-57,182,-157,-13228,4924,6208,-1022,28,-71,-13376,-4892,7348,-525,155,-165,0
1048.720524072647,8068,6356,11348,-113,-32,101,6864,-9588,10412,-252,82,-155,-13260,4964,6104,-1001,99,-32,-13540,-4904,7548,-482,71,-140,0
1048.7539539337158,8180,6384,11876,-143,37,92,6776,-9700,10348,-62,154,-155,-13292,4940,6112,-1023,125,-26,-13472,-5024,7180,-484,81,-153,0
1048.7875521183014,8000,6324,11672,-126,-43,92,6848,-9660,10392,-35,142,-163,-13164,4848,6208,-984,55,-78,-13524,-4964,7616,-519,102,-159,0
1048.8213090896609,8092,6276,11672,-126,236,101,6876,-9720,10424,7,133,-153,-13536,4904,6304,-1019,76,-86,-13452,-5008,7492,-543,155,-136,0
1048.8547339439392,7980,6376,11720,-94,-23,84,6812,-9652,10416,-19,135,-170,-13188,4892,6172,-1276,74,-53,-13424,-5092,7504,-534,156,-151,0
1048.8877141475677,7960,6332,11544,-114,-47,75,6792,-9724,10480,-8,151,-180,-13128,4896,6340,-1023,70,-41,-13408,-5008,7636,-496,145,-103,0
1048.9208590984344,8008,6364,11744,-154,-36,104,6900,-9672,10388,-55,139,-159,-13220,4996,6240,-972,103,-47,-13420,-5024,7532,-504,125,-125,0
1048.9542450904846,7840,6348,12024,-131,-29,81,6864,-9692,10464,-37,165,-166,-13312,5028,6116,-1020,75,-77,-13496,-5040,7600,-482,136,-149,0
1048.99019408226,7840,6364,11908,-124,-34,97,6696,-9612,10408,-18,139,-171,-13236,5020,6232,-978,61,-78,-13432,-5052,7620,-489,169,-134,0
1049.024169921875,7912,6444,11772,-163,-67,107,6712,-9644,10264,-39,142,-189,-13204,4856,6212,-996,138,-56,-13472,-5148,7460,-498,142,-98,0
1049.0577020645142,8120,6392,11780,-115,-88,92,6788,-9768,10320,-75,167,-164,-13264,5072,5936,-1005,86,-50,-13428,-5008,7448,-511,133,-105,0
1049.0913369655607,8028,6336,11548,-162,-62,117,6764,-9716,10376,21,113,-188,-13176,4868,6176,-772,153,-112,-13416,-5016,7572,-453,213,-110,0
1049.1246590614319,7964,6236,11552,-153,-88,128,6712,-9528,10488,32,127,-223,-13272,4868,6220,-988,187,-125,-13552,-5024,7516,-507,230,-64,0
1049.1607451438904,8036,6412,11816,-146,-212,151,6848,-9684,10264,-54,123,-239,-13320,4884,6352,-962,102,-158,-13492,-5128,7536,-498,213,-56,0
1049.1955590248108,8068,6376,11808,-170,-2,142,6736,-9628,10300,-47,137,-218,-13296,5004,6272,-955,128,-124,-13532,-4996,7500,-432,175,-62,0
1049.2318699359894,8076,6244,11652,-188,-165,166,6696,-9640,10336,-45,108,-183,-13156,4976,6144,-982,195,-59,-13532,-4896,7424,-444,155,-25,0
1049.2680549621582,7988,6360,11648,-207,-83,202,6812,-9580,10444,20,117,-171,-13280,4964,6368,-1004,183,-102,-13388,-5048,7448,-482,146,-47,0
1049.303244113922,8000,6440,11792,-204,-148,185,6796,-9668,10268,-23,131,-183,-13264,4952,6108,-1023,135,-92,-13492,-5040,7468,-493,162,-45,0
1049.338788986206,7968,6324,11864,-179,-191,154,6792,-9696,10468,-254,109,-231,-13252,4940,6268,-1017,156,-171,-13508,-4944,7372,-493,252,-36,0
1049.3740379810333,7952,6348,11752,-154,-171,161,6840,-9696,10364,-15,113,-268,-13412,4860,6248,-992,157,-130,-13512,-5052,7432,-483,259,-49,0
1049.4094800949097,8084,6560,11760,-178,-213,142,6728,-9660,10360,-16,71,-249,-13360,4892,6132,-953,173,-131,-13572,-5056,7572,-445,243,-24,0
1049.4451489448547,8076,6360,11672,-172,-176,121,6904,-9680,10268,-18,87,-229,-13204,4888,5948,-1008,220,-129,-13464,-4852,7380,-465,198,-31,0
1049.4808690547943,8124,6232,11724,-178,-143,138,6812,-9960,10332,-18,88,-195,-13324,4908,6120,-1005,169,-90,-13376,-4768,7600,-484,169,-70,0
1049.5159771442413,8112,6328,11780,-185,-127,142,6852,-9696,10368,-47,115,-185,-13316,5040,6204,-980,161,-119,-13452,-5008,7548,-508,157,-78,0
1049.5519881248474,7988,6308,11616,-162,-136,134,6848,-9664,10040,-9,132,-205,-13212,5024,6088,-1003,124,-63,-13412,-4956,7320,-524,168,-123,0
1049.5877449512482,7936,6168,11736,-140,-111,95,6792,-9700,10388,-24,141,-186,-13264,4948,5920,-1009,104,-110,-13548,-4944,7484,-497,149,-148,0
1049.622740983963,8104,6272,11596,-149,-77,95,6852,-9592,10260,-30,127,-189,-13276,5036,6344,-1006,78,-93,-13440,-4884,7464,-520,133,-151,0
1049.6584420204165,8144,6412,11676,-143,-49,102,6848,-9640,10392,-15,143,-159,-13260,4824,6016,-994,66,-79,-13516,-4992,7336,-762,132,-172,0
1049.693561077118,8152,6388,11624,-137,30,89,6852,-9532,10316,6,137,-157,-13248,4892,6116,-1034,88,-49,-13452,-5024,7464,-767,116,-153,0
1049.7292320728302,8100,6348,11584,-111,30,101,6824,-9588,10316,-35,134,-136,-13384,4904,5932,-1058,75,-29,-13524,-5036,7520,-515,92,-155,0
1049.7645120620728,8108,6296,11740,-120,22,89,6848,-9704,10284,-14,128,-126,-13536,4908,6164,-1027,81,2,-13404,-5048,7248,-533,88,-152,0
1049.8010511398315,8048,6324,11764,-137,18,86,6872,-9692,10336,-41,138,-114,-13368,4944,6252,-1012,57,-14,-13436,-4980,7516,-519,77,-165,0
1049.8346860408783,8040,6372,11760,-130,3,77,6824,-9720,10480,-50,148,-140,-13284,4964,6256,-1011,65,-54,-13468,-4924,7512,-525,114,-149,0
1049.868324995041,8044,6348,11936,-106,-6,100,6792,-9728,10404,-48,154,-153,-13256,4872,6036,-1032,68,-65,-13364,-4968,7212,-519,101,-156,0
1049.9014599323273,8024,6360,11696,-110,249,90,6836,-9636,10224,-25,165,-152,-13240,5108,5988,-1008,65,-16,-13504,-5000,7424,-257,80,-150,0
1049.9348950386047,8020,6300,11788,-106,-7,79,6836,-9660,10308,-51,109,-154,-13284,4896,6288,-965,46,-65,-13408,-5080,7580,-506,131,-132,0
1049.9681251049042,8008,6380,11756,-129,-3,106,6820,-9584,10460,-40,146,-152,-13068,5000,6252,-962,77,-76,-13444,-5004,7532,-495,101,-144,0
1050.0017230510712,8020,6340,11792,-104,-17,95,6804,-9752,10320,-60,153,-154,-13556,4892,5912,-998,54,-71,-13344,-4868,7444,-518,103,-179,0
1050.0351569652557,7972,6296,11964,-105,-23,75,6716,-9500,10036,-10,149,-147,-13184,4900,6224,-979,18,-73,-13440,-5076,7552,-523,123,-168,0
1050.068719148636,7996,6336,11768,-108,-42,85,6860,-9644,10344,-19,174,-145,-13248,4864,6272,-1025,69,-66,-13464,-5084,7472,-523,95,-137,0
1050.1023070812223,7960,6428,11720,-86,-23,45,6880,-9672,10292,-55,158,-162,-13292,4944,6096,-979,70,-48,-13480,-5016,7428,-537,113,-171,0
1050.1356289386747,8128,6364,11752,-176,-253,57,6852,-9692,10276,-18,140,-162,-13244,4936,6072,-980,43,-79,-13464,-4964,7428,-470,144,-169,0
1050.1692111492157,8080,6372,11796,-140,250,82,6832,-9652,9992,-17,164,-141,-13344,4948,6380,-996,51,231,-13484,-5088,7604,-487,105,-122,0
1050.2026419639587,8004,6364,11840,-101,-1,102,6748,-9612,10384,3,136,-147,-13168,4908,6244,-1026,78,-53,-13432,-5084,7532,-501,86,-155,0
1050.2362320423126,7932,6328,11804,-130,-50,68,6632,-9672,10392,-55,137,-137,-13216,4844,6256,-973,84,-63,-13520,-4968,7484,-475,94,-134,0
1050.2700650691986,8020,6432,11660,-157,-54,80,6760,-9720,10336,4,163,-173,-13240,4856,6236,-1014,74,-77,-13388,-4972,7440,-503,161,-129,0
1050.303673028946,7908,6328,11980,-145,-34,89,6792,-9680,10304,-1,128,-208,-13128,4856,5960,-1014,134,-100,-13380,-5024,7432,-522,181,-101,0
1050.337317943573,8104,6356,11624,-128,-149,121,6788,-9580,10400,-68,81,-196,-13176,4936,6372,-985,136,-151,-13456,-5064,7460,-511,204,-84,0
1050.3708200454712,8160,6320,11668,-140,-103,127,6752,-9708,10284,-47,64,-251,-13264,4960,6236,-983,150,-128,-13500,-5116,7512,-478,172,-90,0
1050.4041960239413,7988,6464,11728,-176,-104,118,6836,-9724,10380,-59,122,-215,-13124,4916,5960,-956,154,-91,-13408,-5044,7532,-485,187,-88,0
1050.4380309581757,7960,6344,11912,-151,-118,101,6768,-9716,10328,-46,145,-210,-13364,4960,6104,-986,89,-93,-13556,-5060,7488,-466,194,-125,0
1050.4716551303864,8008,6328,11756,-137,-136,78,6904,-9588,10268,-116,180,-199,-13236,4900,6116,-939,115,-115,-13496,-4944,7236,-463,153,-122,0
1050.5051970481873,8052,6388,11476,-159,-115,81,6804,-9648,10400,-39,155,-204,-13320,4828,6180,-962,112,-108,-13432,-5000,7508,-467,187,-119,0
1050.538773059845,8012,6352,11792,-159,-117,77,6768,-9704,10420,-57,138,-200,-13316,4964,6224,-1000,94,-135,-13524,-4916,7460,-471,179,-119,0
1050.572340965271,8088,6356,11820,-175,-80,93,6776,-9680,10320,-12,106,-218,-13208,4964,6324,-1017,117,-103,-13392,-4928,7520,-505,163,-124,0
1050.605803012848,7960,6380,11828,-140,-81,129,6788,-9676,10524,-28,129,-178,-13060,5268,6212,-1276,112,-96,-13404,-5040,7540,-495,172,-75,0
1050.639179944992,7928,6380,11820,-137,-78,117,6720,-9660,10400,-26,143,-210,-13232,4932,6288,-1276,112,-92,-13440,-5016,7508,-510,168,-125,0
1050.6726241111755,7948,6468,11764,-152,-104,128,6724,-9672,10312,-31,131,-201,-13444,4916,6148,-980,119,-134,-13352,-5120,7480,-470,154,-117,0
1050.706109046936,8056,6420,11764,-116,-97,109,6812,-9628,10264,-34,145,-199,-13284,5004,5964,-968,91,-87,-13532,-4944,7636,-500,138,-96,0
1050.7398359775543,8080,6264,11748,-150,-58,85,6828,-9476,10332,-31,144,-191,-13232,5116,6064,-1049,53,-96,-13360,-4868,7664,-482,142,-125,0
1050.7733480930328,7856,6184,11672,-128,-94,87,6820,-9676,10336,-16,158,-183,-13128,4968,6368,-1018,76,-103,-13424,-5060,7456,-479,92,-139,0
1050.8068850040436,7956,6188,11744,-144,-86,60,6816,-9692,10444,-92,185,-210,-13368,4896,6204,-1003,52,-55,-13524,-5044,7552,-495,145,-173,0
1050.8433599472046,8172,6316,11612,-151,-43,42,6772,-9652,10344,-56,186,-215,-13284,4888,5860,-947,88,-136,-13456,-4996,7416,-447,195,-165,0
1050.8793110847473,8008,6376,11700,-139,-40,74,6844,-9696,10284,-17,148,-208,-13512,4900,6032,-995,96,-70,-13412,-5024,7500,-469,181,-133,0
1050.9141709804535,7992,6336,11876,-151,-75,114,6804,-9604,10424,-38,119,-173,-13180,4888,6220,-980,68,-71,-13440,-4976,7516,-496,118,-105,0
1050.9506709575653,7948,6340,11992,-139,-78,99,6724,-9648,10356,-63,125,-184,-13280,4988,6368,-984,78,-99,-13440,-5032,7500,-490,146,-137,0
1050.9859969615936,7836,6600,11896,-138,-63,72,6784,-9652,10424,-22,158,-173,-13344,4944,6312,-1002,80,-111,-13428,-5024,7500,-476,165,-124,0
1051.022490978241,7860,6284,11768,-163,-41,122,6780,-9584,10136,-18,142,-176,-13076,4900,6220,-1022,113,-116,-13472,-5060,7516,-765,176,-82,0
1051.057697057724,8040,6348,11780,-155,-97,107,6792,-9652,10492,-32,129,-204,-13244,4964,6144,-981,161,-112,-13428,-4936,7520,-484,157,-70,0
1051.0933740139008,7820,6480,11696,-202,-132,135,6728,-9724,10444,-13,110,-209,-13244,5040,6372,-978,169,-86,-13408,-5108,7556,-476,229,-49,0
1051.1292040348053,7996,6168,11932,-184,-171,165,6824,-9704,10328,-33,133,-233,-13244,4916,6072,-974,155,-187,-13512,-4900,7440,-491,3,-55,0
1051.164176940918,7944,6408,11692,-163,-237,151,6780,-9616,10288,-51,118,-249,-13064,4904,6372,-955,162,-127,-13388,-4988,7484,-452,233,-39,0
1051.1998660564425,7692,6272,11608,-189,-203,173,6660,-9536,10200,-28,125,-502,-13240,4976,6060,-998,212,-158,-13464,-5076,7500,-443,217,-40,0
1051.235064983368,8148,6300,11732,-193,-203,156,6812,-9684,10400,-60,103,-237,-13348,5020,6104,-1009,166,-104,-13332,-4948,7480,-441,192,-52,0
1051.2703831195831,8008,6280,11752,-216,-149,143,6824,-9664,10372,-14,142,-238,-13292,4896,6092,-972,160,-168,-13452,-4920,7272,-440,227,-68,0
1051.3055560588837,8000,6348,11528,-195,-184,132,6788,-9764,10428,-10,136,-228,-13548,4900,6124,-992,171,-111,-13400,-5088,7360,-471,227,-81,0
1051.3410041332245,8052,6328,11788,-185,-190,147,6856,-9628,10336,-256,85,-243,-13568,4984,6240,-1047,184,-192,-13476,-4936,7484,-472,511,-70,0
1051.376137971878,8096,6348,11828,-183,-225,149,6836,-9632,10472,-2,94,-244,-13276,4968,5904,-1017,193,-161,-13420,-4900,7352,-466,193,-64,0
1051.4117131233215,8080,6340,11748,-188,-175,180,6796,-9700,10300,-34,103,-228,-13356,4976,6368,-1005,169,-125,-13576,-4920,7360,-478,166,-60,0
1051.4472939968107,8044,6352,11836,-181,-180,163,7108,-9712,10420,-14,116,-177,-13388,4992,6176,-1272,141,-107,-13420,-5012,7432,-481,184,-80,0
1051.483474969864,8028,6272,11592,-153,-138,145,6760,-9648,10312,-3,113,-192,-13300,5020,5992,-1044,162,-120,-13368,-4876,7404,-472,155,-63,0
1051.5171809196472,8108,6296,11908,-173,-116,119,6800,-9676,10300,-26,121,-221,-13540,5096,6052,-1016,140,-95,-13348,-5084,7320,-485,189,-99,0
1051.5503430366516,8104,6200,11692,-222,-135,152,6796,-9656,10020,-13,113,-209,-13180,5084,6344,-999,133,-82,-13456,-5112,7340,-493,143,-93,0
1051.5838479995728,8004,6184,11688,-181,-125,150,6772,-9600,10364,-1,108,-168,-13284,4668,6104,-1002,130,-115,-13532,-4924,7344,-509,104,-140,0
1051.6174240112305,8032,6348,11560,-149,-84,100,6832,-9532,10376,-54,92,-191,-13312,4956,6124,-1018,128,-105,-13436,-4948,7460,-763,113,-129,0
1051.650752067566,8084,6360,11812,-122,-29,84,6844,-9604,10284,-28,134,-179,-13356,5104,6092,-1008,74,-48,-13396,-4968,7220,-522,126,-148,0
1051.6843121051788,8048,6224,11672,-100,8,97,6912,-9700,10320,-32,149,-147,-13404,4852,6236,-1042,92,-20,-13556,-4964,7404,-504,138,-163,0
1051.7178909778595,8108,6300,11600,-116,31,84,6932,-9572,10332,11,137,-122,-13272,4880,6176,-1016,102,-17,-13572,-4932,7448,-557,94,-183,0
1051.7513539791107,8044,6156,11720,-41,62,80,6776,-9484,10288,-12,134,-140,-13284,4876,6004,-1040,30,-27,-13472,-4916,7520,-557,83,-177,0
1051.7849900722504,8140,6296,11764,-85,12,80,6660,-9672,10404,-10,138,-116,-13192,4932,6060,-1010,71,-42,-13468,-5032,7640,-546,72,-165,0
1051.8185839653015,8032,6356,11808,-91,71,88,6920,-9640,10360,-37,142,-108,-13248,5112,6372,-992,37,245,-13504,-4992,7480,-536,48,-150,0
1051.8518159389496,7924,6380,11696,-97,56,68,6852,-9972,10388,-28,191,-116,-13224,4968,6184,-994,54,-16,-13492,-5084,7464,-260,102,-161,0
1051.8851449489594,7928,6300,11872,-103,32,91,6756,-9716,10416,-9,173,-122,-13116,4872,6180,-980,29,-58,-13412,-5092,7548,-518,75,-180,0
1051.918653011322,7980,6240,11852,-97,-1,62,6820,-9660,10348,-77,219,-165,-13236,4896,6160,-965,22,-78,-13444,-4964,7600,-509,93,-147,0
1051.9519889354706,7916,6292,11812,-107,11,59,6752,-9724,10280,-62,162,-183,-13328,4960,6268,-978,46,-78,-13412,-5052,7372,-489,120,-151,0
1051.9855070114136,7976,6308,11876,-119,9,74,6764,-9664,10336,-37,153,-172,-13368,4932,6176,-941,94,-53,-13516,-4988,7484,-489,117,-160,0
1052.0191271305084,8016,6400,11932,-94,-43,79,6784,-9696,10340,-12,132,-212,-13228,4900,6068,-968,110,-89,-13432,-5064,7500,-490,163,-135,0
1052.0524051189425,8032,6328,11712,-140,-43,99,6812,-9572,10448,-26,112,-190,-13504,4664,5992,-959,96,-58,-13392,-4980,7452,-503,143,-123,0
1052.086049079895,7972,6416,12008,-108,-40,109,6776,-9548,10368,-66,107,-198,-13424,4932,6148,-926,116,-35,-13436,-5000,7324,-544,77,-156,0
1052.1195249557495,8128,6280,11772,-128,-37,111,6796,-9748,10288,-17,108,-132,-13356,5020,6092,-1276,66,-37,-13436,-5048,7584,-540,113,-133,0
1052.1530210971832,8012,6324,11804,-100,-29,122,6988,-9784,10476,-26,140,-111,-13296,4936,6040,-1014,66,-23,-13484,-5076,7592,-522,72,-127,0
1052.186618089676,7968,6360,11664,-97,-19,88,6860,-9640,10384,-57,180,-133,-13064,4916,6348,-997,26,-44,-13464,-5092,7504,-766,118,-149,0
1052.2200860977173,7976,6380,11684,-143,6,65,6824,-9656,10288,-25,172,-142,-13284,4876,6124,-975,68,-41,-13428,-4984,7576,-481,113,-126,0
1052.2537131309507,7856,6292,11960,-119,251,96,6796,-9784,10432,-29,149,-158,-13328,5008,6300,-997,77,-102,-13432,-4872,7476,-480,169,-132,0
1052.2873311042786,7924,6644,11712,-133,-68,105,6696,-9608,10368,-7,168,-165,-13148,4980,6228,-1015,72,-99,-13428,-5096,7552,-516,150,-116,0
1052.3208010196686,7904,6368,11872,-134,-88,91,6744,-9692,10284,-45,159,-191,-13180,4936,6120,-1014,66,-79,-13428,-5048,7552,-503,130,-157,0
1052.3543140888214,7904,6348,11724,-135,-65,76,6760,-9628,10360,-59,211,-212,-13244,4900,6096,-961,61,-76,-13468,-5004,7600,-503,183,-154,0
1052.3876831531525,8004,6328,12004,-120,-66,95,6628,-9648,10480,-16,135,-189,-13252,5032,6336,-973,108,-90,-13460,-5092,7472,-518,179,-105,0
1052.4212501049042,7724,6280,11588,-122,-47,123,6744,-9652,10308,-27,127,-160,-13324,4968,6032,-989,137,-103,-13460,-5028,7432,-524,136,-140,0
1052.4542789459229,8000,6424,11720,-115,-87,115,6916,-9672,10380,-18,167,-174,-13292,4932,6324,-1015,97,-50,-13444,-5092,7580,-509,133,-132,0
1052.4876461029053,7960,6404,11664,-139,-39,101,6804,-9628,10344,-43,163,-137,-13312,5004,6212,-987,114,-49,-13420,-4972,7372,-506,134,-127,0
1052.523894071579,7732,6384,11752,-120,-64,108,6816,-9752,10220,-16,140,-109,-13516,5072,6036,-1009,90,-55,-13484,-5000,7604,-500,143,-126,0
1052.5593681335447,8048,6652,11720,-109,-48,114,6780,-9640,10260,-13,142,-162,-13224,4916,6120,-1014,83,-75,-13384,-5356,7552,-267,121,-126,0
1052.5945019721985,7888,6324,11784,-141,-79,106,6804,-9652,10188,-38,187,-139,-13216,4816,6072,-769,78,-56,-13472,-5052,7524,-499,142,-143,0
1052.630126953125,7856,6376,11908,-153,-68,80,6752,-9648,10404,-18,150,-176,-13212,5048,6288,-1002,104,-49,-13380,-4992,7644,-504,149,-141,0
1052.6653470993042,7912,6616,11696,-126,-56,82,6700,-9688,10376,-30,143,-153,-13336,4976,5916,-957,80,-66,-13372,-5000,7604,-768,152,-121,0
1052.700917005539,8132,6204,11768,-105,-52,95,6684,-9640,10328,-13,150,-168,-13304,4900,6300,-1024,120,-78,-13460,-4936,7492,-519,170,-121,0
1052.7358000278473,7916,6300,11576,-134,-75,91,6812,-9584,10372,-9,130,-194,-13244,4644,6272,-1278,100,-70,-13460,-5028,7508,-466,157,-117,0
1052.77144408226,7968,6304,11768,-131,-112,103,6740,-9512,10316,-40,115,-198,-13292,4992,6312,-997,121,-60,-13496,-5076,7528,-492,139,-138,0
1052.807620048523,8032,6300,11772,-149,-58,130,6752,-9776,10320,-13,124,-172,-13312,4968,6176,-1015,96,-104,-13440,-5072,7272,-535,144,-158,0
1052.8428840637207,8016,6648,11756,-165,-69,109,6716,-9640,10340,11,180,-143,-13212,4964,6212,-1008,62,-54,-13408,-5148,7536,-525,148,-102,0
1052.8786380290983,7792,6360,11780,-115,-88,116,6756,-9616,10416,-39,135,-174,-13096,4864,6132,-1013,90,-128,-13484,-5092,7544,-759,139,-122,0
1052.9135329723358,8040,6372,11944,-154,-63,90,6852,-9612,10380,-22,118,-163,-13264,4956,6212,-969,100,-46,-13500,-5004,7620,-479,187,-110,0
1052.9492149353027,7932,6340,11836,-170,-86,126,6880,-9664,10256,-21,147,-177,-13172,5036,6184,-973,107,-114,-13396,-5060,7544,-460,193,-95,0
1052.984379053116,8020,6516,12004,-176,-152,141,6756,-9956,10568,-3,169,-176,-13108,4992,6228,-1002,136,-67,-13548,-5040,7564,-488,183,-79,0
1053.0195319652557,7924,6444,11964,-210,-145,155,6708,-9736,10324,-46,134,-230,-13492,4884,6172,-971,145,-134,-13380,-5072,7668,-442,206,-33,0
1053.055143117905,7868,6396,11824,-200,-191,146,6696,-9740,10312,-72,138,-219,-13244,5012,5976,-983,171,-158,-13484,-5008,7440,-474,227,-56,0
1053.0910699367523,8164,6388,11876,-198,-220,148,6700,-9724,10248,-27,104,-269,-13228,5024,6148,-1004,163,-146,-13364,-5000,7504,-487,250,-68,0
1053.1271579265594,7836,6488,11760,-170,-193,162,6688,-9932,10300,-2,107,-250,-13260,4988,6372,-1022,176,-170,-13384,-4940,7504,-490,246,-60,0
1053.1636769771576,8044,6312,11724,-203,-199,158,6920,-9680,10264,-4,90,-248,-13140,4912,6212,-1004,171,-124,-13532,-4932,7572,-442,200,-52,0
1053.1975190639496,7920,6376,11624,-198,-153,147,6932,-9676,10500,-26,139,-231,-13324,4932,6080,-996,202,-113,-13464,-4916,7516,-495,196,-75,0
1053.2310600280762,8116,6624,11844,-182,-214,174,6988,-9600,10432,-34,95,-208,-13068,4956,6196,-1044,186,-132,-13524,-5016,7536,-486,230,-49,0
1053.2644910812378,8104,6356,11700,-194,-161,154,6812,-9588,10416,240,98,-228,-13312,4912,6056,-1019,167,-139,-13460,-5008,7600,-472,177,-73,0
1053.2980589866638,7988,6340,11832,-200,-117,162,6784,-9596,10308,-66,90,-211,-13200,4832,6060,-1012,182,-120,-13560,-4988,7528,-485,139,-66,0
1053.3314139842987,8096,6296,11780,-191,-160,138,6836,-9672,10328,-45,121,-229,-13296,4900,6220,-980,114,-88,-13532,-5048,7476,-487,183,-117,0
1053.3650679588318,8100,6300,11768,-181,-143,136,6804,-9620,10384,-1,115,-193,-13292,4896,6144,-1019,110,-117,-13520,-5032,7480,-503,158,-122,0
1053.398245096207,8044,6372,11968,-130,-110,116,6856,-9632,10312,12,113,-188,-13220,4864,6232,-990,108,-95,-13312,-4996,7524,-533,142,-100,0
1053.4317700862885,8108,6264,11780,-139,-115,115,6676,-9604,10384,-44,132,-193,-13304,4896,6236,-1013,108,-93,-13392,-5076,7532,-493,164,-132,0
1053.4650790691376,7936,6192,11860,-155,-56,123,6812,-9664,10460,-66,116,-172,-13340,5016,6280,-1025,128,219,-13408,-5012,7480,-501,100,-144,0
1053.49866604805,8064,6204,11716,-120,-48,127,6792,-9692,10264,-47,146,-167,-13316,4884,6056,-1023,83,-58,-13404,-4988,7548,-523,155,-130,0
1053.531986951828,8044,6252,11632,-159,-251,91,7152,-9564,10260,-15,169,-148,-13320,4928,6228,-1047,82,-63,-13460,-5100,7416,-474,146,-176,0
1053.5658140182495,8052,6348,11532,-129,3,89,6888,-9576,10316,-11,126,-155,-13304,4848,6324,-980,74,-68,-13488,-5084,7496,-513,73,-135,0
1053.599501132965,7792,6308,11748,-116,9,56,6836,-9656,10284,-38,174,-194,-13544,4836,6168,-987,77,-105,-13512,-4964,7192,-261,143,-169,0
1053.6328361034393,8092,6408,11656,-113,2,64,6788,-9592,10280,-74,144,-157,-13376,5004,5896,-1007,85,-33,-13472,-5044,7168,-258,113,-158,0
1053.6662330627441,8068,6272,11848,-100,16,84,6816,-9660,10316,-42,157,-123,-13200,4952,6132,-1009,41,-15,-13504,-4948,7596,-556,86,-181,0
1053.6998081207275,8020,6568,11840,-125,26,97,6824,-9656,10436,-27,83,-122,-13316,4844,6232,-942,24,-17,-13376,-4988,7868,-495,75,-147,0
1053.7334580421448,7980,6376,11856,-118,-36,70,6740,-9696,10292,-67,188,-140,-13264,4900,6012,-1048,71,-52,-13340,-4956,7496,-516,61,-155,0
1053.7671189308169,7972,6280,11704,-121,-9,83,6764,-9592,10484,-29,195,-144,-13248,4920,6312,-998,37,-87,-13464,-5024,7500,-525,131,-146,0
1053.80064702034,7896,6376,11856,-157,-243,90,6636,-9676,10356,-44,166,-163,-13152,4928,6140,-999,104,-79,-13264,-4980,7492,-497,121,-143,0
1053.834182024002,7852,6296,11524,-131,-55,71,6752,-9728,10128,-40,165,-201,-13332,5052,6104,-982,83,-71,-13488,-5068,7424,-544,160,-165,0
1053.8676919937134,7896,6392,11700,-116,-67,87,6776,-9564,10308,-7,122,-199,-13216,4992,6176,-993,78,-73,-13448,-5012,7488,-506,156,-155,0
1053.9010760784147,7920,6324,11812,-133,-54,73,6744,-9692,10476,-46,130,-213,-13292,4980,6300,-981,85,-101,-13512,-5036,7448,-478,169,-164,0
1053.934534072876,7884,6376,11804,-154,-39,83,6832,-9652,10432,-12,178,-206,-13236,5016,6336,-1020,110,-109,-13548,-5076,7424,-488,159,-125,0
1053.967931985855,7956,6412,11804,-161,-69,72,6816,-9616,10464,-46,152,-205,-13228,4928,5968,-958,87,-83,-13376,-5140,7484,-463,134,-130,0
1054.0058720111847,8096,6396,11668,-126,-80,70,6824,-9720,10392,-66,188,-185,-13388,5016,6232,-891,41,-75,-13432,-5008,7560,-492,130,-191,0
1054.0398840904236,8072,6368,11764,-149,-86,60,6816,-9664,10412,-43,174,-175,-13520,4924,6236,-939,25,-69,-13540,-4888,7500,-462,154,-166,0
1054.0735280513763,7928,6432,11820,-188,-88,97,6808,-9576,10400,-23,100,-182,-13096,4952,6188,-950,115,-81,-13360,-4964,7536,-526,170,-102,0
1054.1072189807892,8156,6620,11916,-96,-74,100,6744,-9972,10428,-31,72,-180,-13524,5024,5944,-982,117,-135,-13480,-5044,7500,-534,157,-95,0
1054.1406400203705,8044,6348,11968,-123,-129,121,6876,-9620,10364,-37,104,-173,-13236,4948,6292,-929,70,-108,-13760,-5032,7620,-497,123,-126,0
1054.174346923828,7996,6584,11812,-129,-31,144,6840,-9608,10296,-63,94,-134,-13224,5096,6140,-981,124,-28,-13372,-5152,7404,-539,76,-102,0
1054.2115070819855,7896,6364,11856,-127,3,153,6728,-9684,10016,-14,98,-98,-13268,4988,6276,-962,82,-7,-13388,-5064,7476,-524,73,-118,0
1054.246250152588,7844,6608,11796,-132,4,116,6840,-9744,10340,-19,150,-138,-13248,4940,6080,-959,53,-81,-13492,-5048,7472,-518,136,-127,0
1054.2822849750519,7796,6388,11836,-167,-70,127,6776,-9752,10404,-51,112,-172,-13192,5096,6160,-963,85,-36,-13528,-4984,7528,-552,150,-125,0
1054.3181850910187,7992,6392,11848,-148,-53,109,6832,-9800,10340,-35,182,-173,-13164,5056,6192,-1014,102,-137,-13400,-5060,7480,-509,160,-113,0
1054.3536930084229,7860,6452,11940,-116,-57,99,6816,-9540,10348,-34,86,-205,-13228,4892,6080,-940,101,-105,-13444,-5104,7176,-483,160,-124,0
1054.3887300491333,7748,6328,11600,-155,-102,119,7080,-9496,10016,-49,133,-215,-13236,4972,6344,-1010,102,-137,-13404,-4960,7492,-487,177,-120,0
1054.4243631362915,8164,6380,11844,-165,-47,110,6760,-9520,10460,-42,150,-190,-13200,4952,6164,-1010,119,-59,-13488,-5024,7608,-479,159,-144,0
1054.4596800804138,7912,6300,11700,-152,-65,96,6816,-9500,10388,-41,120,-184,-13196,4924,6180,-955,72,-105,-13544,-5332,7636,-495,135,-128,0
1054.4949810504913,7964,6360,11896,-152,-91,90,6764,-9696,10444,-61,164,-178,-13244,4984,6236,-998,83,-92,-13436,-5096,7180,-469,154,-153,0
1054.5306811332705,7956,6364,11844,-160,-71,87,6720,-9624,10256,-36,151,-198,-13132,4956,6392,-932,77,-84,-13316,-5056,7520,-469,155,-124,0
1054.5662240982056,8044,6192,11988,-141,-76,103,6736,-9640,10400,-9,133,-187,-13272,4992,6148,-1004,109,-128,-13480,-5060,7592,-465,162,-86,0
1054.602339029312,7884,6452,11944,-184,-88,104,6824,-9736,10268,4,169,-202,-13196,4964,6184,-976,113,-115,-13508,-5080,7476,-458,215,-74,0
1054.638025045395,7908,6640,11812,-200,-128,120,6852,-9592,10384,-30,128,-221,-13192,5068,6336,-999,153,-117,-13444,-5044,7616,-447,188,-58,0
1054.6738541126251,8152,6152,11544,-185,-187,167,6720,-9688,10396,-31,126,-234,-13224,5060,6464,-1021,147,-150,-13448,-4980,7612,-474,232,-68,0
1054.7097690105438,7852,6396,11808,-156,-211,145,6804,-9520,10276,-36,108,-246,-13312,4988,6244,-984,148,-103,-13344,-4992,7408,-482,187,-24,0
1054.7449870109558,8088,6296,11788,-179,-192,163,6796,-9624,10392,-27,130,-243,-13192,4976,6132,-1041,174,-127,-13440,-4960,7504,-471,202,-71,0
1054.7808170318604,7864,6248,11672,-206,-164,152,6792,-9712,10368,-22,128,-238,-13244,4992,6284,-1007,167,-114,-13452,-5040,7504,-444,208,-50,0
1054.8155341148376,7700,6364,11592,-183,-192,158,6804,-9680,10396,-30,119,-236,-13148,5040,6256,-996,162,-119,-13576,-4976,7548,-497,229,-58,0
1054.8526060581207,8032,6224,11528,-197,-181,149,6888,-9624,10428,-16,126,-237,-13296,4900,5976,-1275,125,-139,-13460,-5096,7488,-465,235,-86,0
1054.8860609531405,7964,6344,12020,-192,-171,126,6824,-9612,10380,41,133,-239,-13100,4956,6064,-1047,149,-127,-13564,-4896,7516,-468,253,-65,0
1054.9197809696198,7964,6332,11668,-183,-189,170,6840,-9648,10404,-19,122,-231,-13496,4676,6296,-1267,154,-142,-13420,-5292,7484,-479,217,-53,0
1054.9532670974731,8020,6312,11880,-212,-177,164,6752,-9668,10424,-11,103,-237,-13284,4868,6364,-1006,148,-109,-13488,-5104,7452,-475,184,-88,0
1054.9869480133057,8084,6328,11520,-185,-134,138,6840,-9632,10312,-47,149,-174,-13328,5084,6148,-1002,92,-98,-13516,-4932,7528,-490,147,-73,0
1055.020007133484,8032,6244,11928,-194,-137,116,6804,-9612,10320,242,121,-162,-13256,4940,6200,-1060,81,-54,-13452,-4956,7436,-481,151,-85,0
1055.0537250041962,7896,6460,11532,-152,-144,161,6772,-9564,10404,17,139,-174,-13216,4636,6156,-1027,152,-65,-13412,-5084,7244,-465,144,-72,0
1055.087392091751,7964,6344,11992,-172,-141,123,6832,-9644,10400,-56,114,-237,-13244,4936,6220,-961,157,-122,-13488,-4968,7528,-494,210,-66,0
1055.1210379600525,8056,6216,11700,-190,-135,148,6796,-9584,10468,-47,117,-222,-13424,4924,6092,-1278,153,-120,-13392,-4936,7488,-483,172,-98,0
1055.1544749736786,8064,6244,11764,-120,-146,138,6848,-9692,10256,-10,110,-181,-13360,4932,6208,-1024,110,-86,-13536,-4992,7424,-490,141,-119,0
1055.188040971756,8084,6324,11628,-130,-74,116,6876,-9632,10344,-25,133,-144,-13268,4788,6184,-971,107,-53,-13364,-5032,7392,-523,60,-132,0
1055.2215030193329,8004,6308,11708,-138,-16,88,6784,-9680,10240,-58,135,-141,-13244,4996,6176,-986,79,-10,-13476,-4952,7524,-505,84,-143,0
1055.2548599243164,8008,6168,11916,-115,11,71,6936,-9636,10296,-17,160,-161,-13264,4876,5900,-1040,109,-40,-13440,-4960,7384,-527,140,-171,0
1055.2884149551392,7936,6216,11876,-133,10,106,6820,-9668,10284,8,160,-134,-13264,4840,6120,-1036,81,-98,-13420,-4924,7448,-517,113,-162,0
1055.321949005127,7944,6260,11624,-91,-253,103,6656,-9672,10016,-30,144,-170,-13252,5092,6136,-962,97,-83,-13568,-4988,7416,-541,129,-161,0
1055.3554170131683,8060,6300,11772,-90,-10,83,6852,-9612,10420,-15,119,-141,-13252,4868,6564,-986,62,-39,-13464,-5056,7592,-517,72,-175,0
1055.3887350559235,8116,6320,11892,-141,2,69,6868,-9620,10348,-27,193,-135,-13340,5044,6212,-1015,53,-35,-13440,-5032,7516,-509,79,-189,0
1055.422191143036,8068,6376,11708,-114,253,81,6804,-9640,10268,-23,190,-99,-13160,4928,6296,-1000,55,-63,-13548,-4988,7472,-498,89,-124,0
1055.4555220603943,7880,6168,11792,-121,9,89,6792,-9668,10360,-42,179,-132,-13388,4928,6388,-985,41,-40,-13408,-5116,7580,-499,70,-159,0
1055.4892840385435,7708,6392,11716,-99,-27,73,6632,-9652,10332,-56,174,-117,-13220,4940,6312,-1022,65,-22,-13384,-4984,7544,-477,87,-140,0
1055.5224709510803,8160,6416,11924,-116,-15,81,6816,-9900,10484,-39,168,-178,-13256,5000,5996,-980,89,-16,-13376,-4988,7428,-492,123,-143,0
1055.5559740066528,8100,6256,11784,-145,-26,74,6688,-9900,10488,-22,126,-187,-13200,4936,6232,-995,76,-59,-13392,-5064,7428,-485,150,-121,0
1055.5898299217224,8016,6288,11696,-112,-46,93,6836,-9664,10248,-29,163,-196,-13216,4960,6204,-980,88,-77,-13456,-5052,7416,-489,165,-151,0
1055.6234900951385,7992,6392,11868,-122,-75,94,6852,-9772,10468,-35,135,-214,-13556,4984,6224,-983,112,-97,-13460,-4948,7596,-499,167,-138,0
1055.6569979190829,7948,6300,11688,-132,-75,77,6776,-9648,10240,-41,129,-185,-13536,4984,6196,-975,84,-106,-13452,-5116,7464,-488,135,-109,0
1055.690542936325,7944,6332,12008,-141,-66,93,6828,-9948,10440,-29,149,-166,-13288,5060,6088,-1053,68,-59,-13484,-4908,7516,-499,144,-113,0
1055.7242069244385,7912,6144,11800,-158,-64,96,6840,-9648,10472,-17,154,-178,-13232,4968,6376,-1022,68,-69,-13408,-5148,7464,-465,91,-147,0
1055.7579810619354,8024,6352,11748,-125,-62,95,6760,-9696,10492,-8,163,-138,-13296,5008,6428,-997,49,-45,-13416,-5112,7592,-764,113,-139,0
1055.7916560173035,7948,6352,11816,-142,-19,67,6876,-9656,10452,-38,182,-172,-13180,5004,6340,-970,78,-59,-13392,-5104,7624,-488,121,-147,0
1055.8253059387207,8020,6376,11636,-136,-50,107,6776,-9588,10252,-51,164,-178,-13232,4964,6280,-985,122,-105,-13448,-4960,7492,-473,147,-112,0
1055.858458995819,7976,6156,11584,-119,-46,100,6728,-9732,10344,3,111,-186,-13256,4956,6196,-999,68,-97,-13472,-5088,7616,-476,158,-150,0
1055.8956010341644,7980,6316,11812,-154,-67,114,6696,-9584,10400,-49,135,-186,-13256,4660,6036,-995,71,-118,-13520,-4952,7836,-483,133,-127,0
1055.9315230846403,7924,6432,11752,-144,-80,105,6744,-9712,10376,-38,152,-172,-13296,4948,6176,-1000,77,-97,-13436,-5012,7468,-497,131,-136,0
1055.9677300453186,8096,6464,11896,-130,-59,104,6752,-9680,10344,-30,152,-172,-13216,4696,6236,-991,93,-135,-13472,-5016,7620,-489,173,-143,0
1056.0028080940249,7832,6392,11676,-125,-64,97,6808,-9668,10384,-46,137,-205,-13220,4984,6204,-989,77,-81,-13432,-5088,7504,-258,158,-122,0
1056.0382239818573,7952,6400,11832,-136,-94,96,6776,-9680,10312,-50,144,-193,-13236,4956,6236,-988,98,-110,-13432,-5296,7424,-487,145,-118,0
1056.0738620758057,7704,6184,11744,-146,-69,100,6700,-9676,10496,-28,113,-189,-13208,4948,6268,-956,100,-68,-13480,-5132,7544,-465,133,-107,0
1056.1097519397736,8008,6340,11884,-177,-51,103,6724,-9700,10344,-28,127,-169,-13216,4920,6040,-772,125,-105,-13468,-5032,7216,-494,199,-120,0
1056.1450181007383,7948,6404,11832,-147,-88,115,6788,-9664,10480,-12,142,-191,-13252,4936,6416,-1007,125,-93,-13460,-5128,7332,-504,157,-130,0
1056.1806099414825,7952,6396,11596,-129,-61,100,6816,-9684,10288,-25,160,-204,-13212,4964,6240,-995,78,-72,-13456,-5168,7500,-457,171,-130,0
1056.2161929607391,7964,6432,11884,-172,-114,106,6696,-9696,10396,254,144,-216,-13296,4892,5888,-1019,110,-105,-13460,-5048,7556,-459,208,-76,0
1056.2527661323547,7948,6336,11868,-184,-158,117,6848,-9772,10544,-2,159,-220,-13232,4988,6144,-1001,155,-132,-13492,-5032,7588,-439,218,-78,0
1056.2888429164889,7812,6208,11968,-162,-216,133,6672,-9792,10288,-32,140,-245,-13224,4924,6300,-996,146,-163,-13464,-4968,7580,-493,216,-114,0
1056.3239040374756,8188,6284,11716,-174,-206,122,6752,-9676,10468,-49,109,-247,-13244,4948,6136,-988,151,-180,-13416,-4964,7520,-463,232,-79,0
1056.3595669269562,7704,6144,11752,-212,-176,142,6812,-9680,10380,-41,117,-250,-13268,4964,6208,-1008,155,-140,-13416,-4988,7484,-445,217,-60,0
1056.3949019908903,7724,6372,11832,-230,-223,124,6780,-9624,10340,-29,74,-224,-13512,5016,6220,-1003,143,-124,-13660,-5072,7568,-494,251,-67,0
1056.430366039276,8036,6328,11700,-202,-186,173,6808,-9704,10404,-25,101,-255,-13288,4616,6396,-1014,158,-142,-13432,-5168,7552,-479,196,-59,0
1056.4661560058594,7952,6184,11604,-183,-171,158,6792,-9588,10424,-32,112,-229,-13296,4872,6168,-1012,154,-121,-13544,-5036,7556,-491,198,-64,0
1056.501699924469,8056,6316,11684,-195,-177,160,6764,-9560,10736,-47,105,-245,-13552,4904,6196,-949,168,-126,-13548,-4940,7484,-452,220,-43,0
1056.5371220111847,8156,6252,11656,-215,-163,161,6884,-9652,10352,-36,135,-219,-13332,5096,6208,-1003,137,-149,-13460,-4968,7644,-464,209,-68,0
1056.5706100463867,8020,6328,11648,-164,-158,173,6856,-9664,10288,8,135,-188,-13248,4796,6192,-980,145,-126,-13512,-4900,7212,-482,144,-83,0
1056.6042249202728,8072,6332,11728,-175,-112,165,6760,-9672,10416,-32,125,-185,-13068,4904,6172,-1000,154,-102,-13548,-5080,7376,-492,152,-65,0
1056.6378071308136,7992,6312,11700,-166,-146,128,6792,-9928,10372,-47,127,-218,-13248,4912,6228,-1018,141,-105,-13468,-5052,7468,-483,179,-92,0
1056.672730922699,7948,6288,11896,-147,-146,160,6712,-9628,10488,-56,73,-218,-13272,4848,6244,-997,131,-115,-13380,-5024,7432,-494,211,-99,0
1056.706022977829,8056,6268,11628,-136,-160,142,6804,-9672,10084,-24,117,-198,-13228,4940,6116,-1036,165,-114,-13400,-4960,7536,-499,198,-125,0
1056.739750146866,8036,6236,11764,-143,-144,128,6716,-9624,10312,-39,98,-219,-13104,4644,6104,-1277,158,-98,-13516,-4888,7508,-485,168,-88,0
1056.7732779979706,8028,6312,11548,-139,-109,115,6836,-9596,10476,-16,123,-195,-13268,4988,6004,-973,117,-79,-13576,-4976,7464,-488,119,-124,0
1056.8068480491638,8044,6256,11652,-137,-65,90,6876,-9684,10332,-28,117,-177,-13328,4964,6116,-987,83,-85,-13496,-4872,7296,-768,104,-126,0
1056.8404071331024,8036,6348,11624,-113,-37,97,6832,-9696,10356,-22,160,-130,-13184,4772,6044,-771,51,-54,-13420,-4936,7664,-499,141,-126,0
1056.8739240169523,7816,6296,11608,-135,-51,84,6720,-9540,10372,-19,123,-152,-13204,4952,5980,-769,77,-45,-13408,-5044,7520,-513,120,-172,0
1056.907376050949,8056,6352,11944,-124,5,76,6712,-9676,10384,-37,116,-158,-13368,4776,6116,-979,56,-35,-13536,-4916,7200,-484,115,-156,0
1056.9409430027008,8032,6316,11728,-132,-248,85,6888,-9644,10448,-43,171,-151,-13264,5116,6100,-976,68,-72,-13348,-4920,7500,-492,121,-161,0
1056.9744589328766,8040,6344,11784,-118,6,92,6780,-9624,10396,-37,187,-149,-13092,4928,6216,-992,40,-60,-13532,-5008,7316,-500,97,-172,0
1057.0081419944763,8016,6336,11848,-122,-39,93,6768,-9672,10376,-24,147,-141,-13088,4924,6372,-773,64,-94,-13436,-5024,7452,-511,123,-154,0
1057.0412590503693,8044,6164,11808,-133,-38,78,6796,-9552,10396,-19,151,-161,-13432,4996,6252,-980,80,-73,-13508,-4868,7608,-490,144,-133,0
1057.0747859477997,8168,6388,11984,-110,-45,94,6720,-9632,10260,-78,131,-145,-13308,4968,6600,-982,76,-42,-13400,-5092,7604,-511,90,-132,0
1057.1082229614258,8152,6244,11644,-105,-73,104,6784,-9792,10344,-60,125,-162,-13360,4940,6104,-1005,61,-59,-13480,-4956,7468,-264,114,-124,0
1057.1415719985962,7968,6204,11836,-138,-27,122,6828,-9960,10408,-14,170,-154,-13200,4972,6100,-1032,37,-86,-13376,-5076,7664,-521,98,-151,0
1057.1750509738922,8004,6368,11912,-95,-12,76,6832,-9604,10328,-37,170,-137,-13252,4936,6276,-993,47,-61,-13476,-5052,7424,-528,106,-154,0
1057.2086889743805,8000,6316,11756,-135,-24,72,6820,-9704,10388,-36,162,-180,-13184,4920,6132,-966,77,-36,-13508,-4928,7460,-463,116,-125,0
1057.242063999176,7928,6280,11868,-160,-20,97,6708,-9936,10368,-25,176,-181,-13236,4992,6068,-981,106,-71,-13384,-5064,7280,-474,111,-118,0
1057.2756059169767,7728,6272,11744,-131,-72,100,6724,-9484,10296,-18,128,-151,-13308,4928,6172,-994,62,-104,-13428,-5008,7396,-491,122,-126,0
1057.3093061447144,8072,6432,11932,-109,-62,108,6868,-9660,10388,-57,149,-172,-13144,4964,6212,-982,54,-53,-13452,-5064,7460,-485,93,-142,0
1057.342570066452,8064,6560,11932,-151,-47,74,6780,-9628,10312,-76,162,-141,-13060,4968,6208,-990,74,-58,-13524,-4980,7548,-512,130,-164,0
1057.3761579990387,7932,6364,11832,-131,-33,92,6852,-9712,10432,-12,158,-166,-13320,5008,6092,-1278,77,-59,-13440,-5016,7500,-516,141,-176,0
1057.4094800949097,8144,6344,11800,-133,-50,111,6776,-9660,10384,-37,122,-164,-13332,4932,6260,-1036,83,-51,-13328,-5060,7428,-264,161,-102,0
1057.4428350925446,7900,6564,11720,-123,-65,94,6724,-9492,10420,-16,113,-194,-13224,5092,6256,-976,88,-144,-13420,-4964,7596,-531,150,-122,0
1057.4763839244845,7988,6640,11632,-132,-77,99,6728,-9676,10412,-23,141,-171,-13172,4996,6192,-989,86,-82,-13444,-5144,7596,-499,147,-118,0
1057.5100660324097,8008,6308,11756,-139,-36,118,6776,-9708,10440,-38,153,-181,-13220,4968,6392,-969,133,-44,-13436,-4992,7536,-491,142,-109,0
1057.5433621406555,7956,6648,12020,-141,-93,125,6884,-9540,10384,-39,141,-190,-13252,5020,6184,-1001,98,-77,-13452,-5284,7536,-496,184,-82,0
1057.5809230804443,8096,6164,11860,-147,-83,108,6772,-9700,9984,-54,126,-194,-13256,4868,6440,-974,84,-92,-13488,-5344,7424,-507,137,-123,0
1057.6161170005798,8076,6284,11636,-139,-71,103,6780,-9964,10420,-83,124,-162,-13240,4992,6180,-980,68,-65,-13548,-4956,7452,-520,124,-170,0
1057.6512660980225,8056,6436,11844,-141,-57,88,6768,-9756,10468,5,148,-165,-13184,4972,6272,-981,121,-117,-13428,-4996,7664,-455,174,-110,0
1057.6875860691073,7928,6400,11764,-157,-66,110,6792,-9732,10416,-7,110,-156,-13140,4916,6228,-778,124,-145,-13404,-5040,7408,-516,163,-114,0
1057.722943067551,7948,6416,11560,-131,-104,80,6832,-9692,10420,-37,133,-237,-13296,5028,6288,-1007,85,-101,-13472,-5028,7612,-489,169,-131,0
1057.7587220668793,8076,6648,11692,-141,-114,123,6840,-9716,10352,-39,132,-154,-13192,5020,6368,-984,94,-67,-13504,-5084,7552,-496,99,-102,0
1057.7937591075895,8012,6384,11736,-120,-53,108,6744,-9644,10264,-51,97,-144,-13328,5036,6148,-988,116,-30,-13488,-5064,7404,-260,110,-104,0
1057.8297290802002,8048,6152,11672,-135,-48,108,6668,-9676,10448,-25,75,-120,-13244,5000,6300,-1010,99,-103,-13472,-5100,7240,-510,147,-111,0
1057.8646159172058,7932,6388,12004,-168,-100,106,6908,-9764,10348,-2,122,-177,-13224,4924,6200,-1009,96,-60,-13372,-5092,7624,-527,178,-105,0
1057.9001190662384,7944,6408,11756,-161,-135,109,6688,-9628,10352,-8,173,-210,-13504,4924,6332,-1019,109,-135,-13428,-5128,7516,-468,221,-78,0
1057.935359954834,8136,6372,11876,-185,-169,121,6824,-9624,10484,-27,129,-248,-13300,5008,6124,-972,139,-130,-13468,-4980,7500,-459,249,-82,0
1057.9711439609528,7996,6436,11672,-157,-202,120,6808,-9628,10276,-29,98,-256,-13228,4956,6244,-994,128,-158,-13476,-5052,7580,-476,219,-97,0
1058.0068929195404,7684,6352,11528,-163,-190,114,6784,-9716,10296,-2,114,-225,-13200,4940,6112,-997,151,-134,-13440,-4976,7544,-456,232,-74,0
1058.0422711372375,7996,6340,11996,-202,-186,124,6756,-9944,10424,-22,117,-247,-13308,4876,6332,-1001,174,-101,-13392,-4980,7172,-430,206,-50,0
1058.0780711174011,7980,6384,11884,-221,-180,159,6684,-9628,10328,-47,119,-240,-13084,4924,6376,-985,165,-164,-13452,-5332,7512,-451,230,-67,0
1058.113821029663,8004,6432,11972,-208,-192,134,6744,-9924,10404,-31,109,-206,-13372,4892,6180,-976,139,-133,-13532,-4992,7308,-479,217,-61,0
1058.1492879390717,8048,6360,11796,-182,-156,150,6760,-9664,10352,-25,126,-236,-13152,4984,5896,-1002,135,-160,-13548,-5052,7480,-493,228,-47,0
1058.1846370697021,8036,6336,11608,-152,-191,165,6828,-9568,10320,-22,88,-231,-13308,5112,6024,-1007,170,-142,-13452,-5012,7412,-488,191,-41,0
1058.2204971313477,8068,6328,11620,-181,-174,137,6864,-9640,10276,-25,83,-239,-13384,4864,5932,-1044,160,-121,-13384,-4932,7360,-467,182,-53,0
1058.2540321350098,8040,6296,11864,-182,-168,176,6820,-9632,10352,-16,110,-232,-13348,4884,6120,-1017,116,-114,-13492,-5112,7628,-484,166,-69,0
1058.287740945816,8144,6372,11744,-181,-149,153,6796,-9576,10288,-34,116,-207,-13328,4844,6008,-1008,115,-86,-13552,-5300,7648,-493,163,-77,0
1058.3213109970093,8092,6328,11888,-127,-124,144,6788,-9636,10412,-43,127,-175,-13224,4872,6100,-1024,97,-60,-13500,-4960,7440,-543,139,-137,0
1058.3549180030823,8124,6348,11668,-131,-83,108,6776,-9600,10200,-50,114,-169,-13200,4964,6028,-1018,97,-104,-13396,-5024,7392,-518,132,-118,0
1058.388013124466,8148,6336,11532,-124,-56,88,6772,-9620,10440,-28,124,-168,-13288,4880,6224,-970,81,-65,-13452,-4996,7400,-483,136,-140,0
1058.42169713974,8040,6360,11996,-145,-9,94,6876,-9696,10316,-31,148,-169,-13272,4956,6144,-1026,100,-62,-13552,-4904,7440,-521,138,-169,0
1058.4550399780273,8100,6304,11744,-139,254,74,6832,-9704,10240,-35,136,-156,-13304,4976,6276,-1015,73,-4,-13468,-5060,7304,-518,102,-142,0
1058.4887270927427,8092,6240,11960,-110,-10,72,6760,-9576,10424,-17,148,-154,-13292,4744,6072,-1007,56,-45,-13412,-5056,7420,-521,109,-162,0
1058.5223770141602,8060,6316,11844,-91,19,73,6876,-9580,10452,-15,150,-123,-13092,4936,5892,-1013,35,-59,-13408,-5108,7584,-523,115,-131,0
1058.5558941364288,7972,6412,11788,-122,10,77,6760,-9672,10396,-76,138,-132,-13256,4876,6248,-981,87,-73,-13420,-5040,7600,-507,93,-135,0
1058.5890550613403,7992,6380,11956,-113,-1,81,6776,-9716,10324,-58,166,-137,-13336,4896,6276,-995,42,-47,-13464,-4996,7472,-529,98,-136,0
1058.6226470470428,7968,6256,11896,-174,252,83,6764,-9636,10452,-2,176,-139,-13452,4980,6204,-1278,35,-253,-13412,-5016,7548,-524,121,-149,0
1058.6557009220123,7924,6484,11804,-83,8,86,6792,-9576,10256,-60,167,-128,-13316,4860,6352,-999,62,-65,-13368,-5096,7620,-519,99,-131,0
1058.689278125763,8108,6332,11564,-82,-27,62,6796,-9620,10292,-60,184,-199,-13276,4892,6084,-934,70,-74,-13460,-4948,7444,-504,144,-138,0
1058.7230031490326,7724,6220,11760,-133,-36,96,6768,-9744,10304,-41,129,-179,-13284,4908,6168,-1034,102,-89,-13448,-5076,7504,-482,137,-119,0
1058.756488084793,8048,6300,11724,-96,-44,93,6756,-9644,10328,-6,144,-174,-13060,4896,6040,-989,109,-61,-13500,-5028,7372,-477,117,-141,0
1058.7901599407196,7948,6156,11872,-118,-32,97,6812,-9652,10368,-65,179,-157,-13184,4932,6100,-982,99,-38,-13520,-4996,7592,-508,101,-151,0
1058.8237431049347,7996,6356,11804,-124,-46,73,6692,-9692,10468,-64,150,-166,-13320,4860,6336,-966,72,-68,-13508,-5124,7556,-492,111,-165,0
1058.8573081493378,7860,6324,11568,-137,-32,100,6736,-9724,10400,9,149,-181,-13176,4972,6092,-1031,63,-55,-13576,-5000,7408,-517,142,-156,0
1058.8905820846558,7924,6616,11708,-95,-66,87,6736,-9680,10220,-18,135,-188,-13188,4904,6132,-1038,87,-121,-13432,-5032,7552,-526,177,-117,0
1058.9242811203003,7812,6384,11664,-113,-88,101,6732,-9660,10544,-14,111,-185,-13284,5008,6024,-1005,97,-80,-13412,-4904,7672,-259,145,-123,0
1058.9579539299011,7968,6344,11964,-106,-75,118,6720,-9740,10460,-4,135,-188,-13312,4988,6224,-1001,105,-49,-13480,-5040,7512,-504,133,-132,0
1058.9915089607239,8000,6408,11760,-137,-23,83,6792,-9628,10264,-17,116,-170,-13292,4900,6124,-1007,89,-50,-13496,-5016,7632,-512,131,-132,0
1059.0277690887451,7940,6652,11832,-132,-80,114,6736,-9712,10412,-30,165,-165,-13192,4992,6208,-993,103,-88,-13448,-5140,7472,-499,138,-146,0
1059.0617110729218,7680,6360,11796,-122,-78,106,6780,-9572,10356,-59,128,-173,-13180,4976,6160,-983,101,-100,-13476,-5044,7508,-497,137,-138,0
1059.0950410366058,7968,6424,11788,-136,-64,77,6804,-9680,10444,-42,141,-204,-13300,4948,6084,-1008,95,-97,-13436,-5044,7424,-483,164,-113,0
1059.128664970398,8004,6380,11916,-135,-109,109,6808,-9664,10412,-35,100,-172,-13272,5016,6256,-979,105,-94,-13452,-5112,7440,-496,150,-117,0
1059.1619460582733,7924,6292,11892,-121,-71,83,6720,-9672,10344,-18,136,-180,-13160,4856,6456,-1016,88,-69,-13340,-5088,7596,-262,172,-120,0
1059.1955261230469,7972,6372,11844,-119,-82,113,6708,-9652,10420,5,114,-181,-13280,4908,5964,-1021,87,-66,-13476,-5044,7536,-480,153,-122,0
1059.231271982193,8008,6280,11904,-156,-95,114,6792,-9704,10428,-11,139,-175,-13120,4912,6016,-1017,91,-123,-13408,-5088,7468,-480,142,-117,0
1059.2662200927734,7908,6348,11628,-139,-70,99,6776,-9752,10404,-34,139,-182,-13084,4928,6140,-993,117,-97,-13524,-4956,7576,-495,103,-91,0
1059.302125930786,8140,6168,11700,-151,-73,108,6760,-9732,10292,-44,147,-166,-13328,4988,6192,-1035,116,-47,-13392,-4888,7464,-523,134,-150,0
1059.3376801013949,8056,6144,11792,-155,-91,117,6744,-9696,10424,-8,135,-137,-13276,4952,6012,-1045,78,-64,-13444,-5092,7488,-493,148,-129,0
1059.3737750053406,8100,6380,11744,-111,-60,104,6768,-9692,10436,-23,126,-175,-13236,4640,6148,-1278,116,-74,-13540,-5356,7564,-485,154,-109,0
1059.4092800617218,8092,6360,11784,-164,-104,87,6752,-9648,10372,-26,162,-217,-13100,4960,5912,-955,120,-111,-13540,-4972,7512,-489,186,-99,0
1059.4441649913788,7932,6336,11684,-180,-96,104,6792,-9716,10408,-30,144,-208,-13312,5012,6124,-989,98,-121,-13792,-5048,7456,-449,203,-100,0
1059.479996919632,7896,6404,11668,-171,-137,126,6772,-9716,10340,-13,150,-184,-13248,5012,6060,-998,145,-118,-13480,-4980,7604,-448,158,-53,0
1059.5148899555206,7796,6168,11844,-176,-104,131,6796,-9584,10488,-38,114,-198,-13260,4936,6248,-999,119,-125,-13384,-5044,7596,-481,145,-73,0
1059.5507690906525,7920,6392,11868,-182,-166,143,6860,-9652,10332,-59,135,-212,-13284,4964,6308,-1011,141,-95,-13388,-5076,7480,-475,195,-68,0
1059.5859041213987,8180,6268,11652,-166,-156,161,6712,-9676,10276,-10,113,-240,-13120,4992,6188,-1045,175,-190,-13452,-5060,7488,-499,225,-73,0
1059.6212420463562,8012,6440,11740,-134,-152,144,6668,-9624,10332,-6,109,-238,-13256,5016,6240,-1017,204,-154,-13436,-5024,7432,-489,208,-81,0
1059.6561551094055,8028,6276,11628,-169,-167,149,6852,-9596,10288,-21,86,-243,-13216,4924,5996,-1017,158,-145,-13468,-4964,7500,-501,212,-79,0
1059.6918239593506,8028,6268,11676,-187,-143,164,6768,-9668,10336,-27,97,-219,-13220,5028,6024,-770,185,-110,-13544,-4964,7588,-475,201,-95,0
1059.7275390625,8048,6384,11852,-202,-183,141,6860,-9712,10348,28,156,-229,-13360,4820,6036,-1278,161,-145,-13528,-5052,7400,-422,207,-86,0
1059.7633190155027,7988,6328,11920,-207,-165,147,6748,-9656,10456,-17,88,-241,-13212,4816,6156,-1029,167,-102,-13568,-5040,7204,-418,199,-43,0
1059.798732995987,8004,6460,11748,-208,-209,136,6704,-9732,10256,-26,135,-233,-13208,4896,6204,-986,140,-140,-13556,-5048,7468,-468,189,-55,0
1059.8336000442505,8024,6292,11580,-195,-168,138,6792,-9668,10428,-31,137,-242,-13480,4948,5936,-996,118,-164,-13472,-5056,7328,-449,189,-80,0
1059.869765043259,8048,6348,11800,-190,-183,119,6836,-9612,10340,-30,137,-202,-13256,4620,6100,-1018,100,-119,-13480,-5012,7260,-484,185,-99,0
1059.90540599823,7964,6200,11732,-148,-138,139,6788,-9676,10392,-5,72,-193,-13168,4892,6236,-1006,166,-113,-13408,-4996,7172,-506,169,-62,0
1059.9389231204989,8012,6308,11976,-137,-142,157,6712,-9332,10248,-47,90,-195,-13176,5020,6060,-1017,161,-91,-13452,-5000,7540,-486,195,-62,0
1059.9724199771879,8116,6360,11520,-156,-127,159,6752,-9624,10376,-72,74,-175,-13212,5000,6136,-997,163,-80,-13460,-4896,7536,-525,126,-100,0
1060.0061430931091,8128,6356,11720,-122,-80,158,6856,-9668,10268,-67,88,-138,-13396,4904,6192,-1013,121,-57,-13452,-4964,7444,-535,103,-114,0
1060.0397689342499,8168,6280,11524,-127,-9,98,6892,-9640,10324,-17,136,-137,-13300,4884,6172,-1065,100,-62,-13488,-4860,7428,-506,130,-151,0
1060.0730741024015,8160,6264,11624,-108,25,102,6804,-9576,10640,-22,134,-135,-13108,4896,5916,-776,63,-13,-13740,-5084,7620,-260,80,-152,0
1060.1064720153809,8120,6344,11620,-91,14,57,6944,-9684,10468,-57,159,-147,-13384,4980,5936,-1005,58,-47,-13512,-5024,7448,-492,118,-232,0
1060.1397709846497,8040,6316,11312,-134,16,58,6764,-9664,10328,-31,173,-154,-13224,4960,6296,-974,36,-56,-13516,-4972,7188,-470,98,-186,0
1060.1732461452484,8040,6384,11764,-80,20,67,6852,-9688,10348,-34,173,-142,-13252,4932,6164,-964,61,236,-13564,-5012,7380,-485,106,-191,0
1060.2068450450895,8032,6612,11768,-103,26,61,6740,-9620,10408,-47,190,-140,-13188,4628,6176,-988,55,-17,-13404,-5092,7360,-520,91,-170,0
1060.2404990196228,7732,6152,12004,-136,-10,71,6728,-9736,10384,-60,193,-132,-13368,4968,6124,-968,47,-44,-13508,-5024,7476,-260,70,-144,0
1060.2738289833069,8084,6392,11748,-99,15,75,6716,-9480,10324,-51,165,-153,-13252,5036,6216,-1018,51,-90,-13512,-5096,7492,-493,116,-160,0
1060.3074209690094,7796,6348,11564,-126,-253,76,6728,-9696,10232,-28,133,-171,-13172,4984,6144,-1006,64,-68,-13460,-5016,7516,-526,141,-176,0
1060.3410379886627,7712,6600,11952,-68,-4,73,6688,-9744,10380,-27,151,-150,-13280,4988,6164,-1003,114,-114,-13472,-5036,7516,-531,129,-136,0
1060.3747889995575,8128,6380,11628,-112,-39,96,6784,-9684,10484,-16,122,-168,-13296,5032,6268,-1002,88,-52,-13460,-5020,7500,-515,139,-115,0
1060.4081659317017,8080,6392,11800,-96,-26,107,6724,-9744,10380,-22,132,-167,-13220,4904,6208,-978,103,-44,-13448,-5016,7440,-541,125,-123,0
1060.441612958908,8012,6316,11756,-105,-55,86,6772,-9652,10368,-30,127,-175,-13536,4904,6244,-986,100,-99,-13496,-5008,7456,-486,139,-129,0
1060.4749209880829,7960,6164,11908,-123,-56,99,6856,-9652,10180,-39,116,-149,-13228,4932,6244,-1012,103,-118,-13512,-5320,7548,-501,155,-117,0
1060.508453130722,7712,6156,11768,-133,-64,96,6820,-9648,10408,-60,163,-176,-13312,5028,6252,-950,81,-87,-13500,-5080,7612,-501,140,-147,0
1060.5421500205994,8088,6356,11812,-138,-53,81,6872,-9644,10436,-30,167,-179,-13320,5012,6184,-993,52,-50,-13480,-5072,7204,-475,124,-141,0
1060.57554602623,8032,6284,11712,-128,-36,83,6716,-9488,10356,-37,164,-172,-13196,4904,6220,-989,57,-61,-13420,-5012,7488,-765,140,-164,0
1060.609081029892,7908,6384,11708,-111,-57,87,6716,-9708,10388,-17,149,-177,-13128,4944,6364,-1002,115,-89,-13412,-5016,7652,-502,137,-134,0
1060.6423530578613,7988,6632,11708,-172,-71,97,6736,-9604,10376,-36,121,-182,-13260,4892,6256,-992,90,-134,-13396,-5088,7644,-524,177,-109,0
1060.6754519939425,8184,6184,11996,-134,-71,132,6784,-9684,10336,-45,99,-192,-13256,4952,6136,-976,100,-55,-13480,-5060,7448,-511,135,-108,0
1060.7092070579529,8024,6384,11740,-120,-78,115,6872,-9768,10332,-46,146,-186,-13520,4980,6144,-987,113,-52,-13392,-5032,7556,-525,171,-111,0
1060.7427561283112,7948,6372,11540,-167,-72,108,6780,-9664,10312,-7,157,-162,-13552,4936,6360,-1037,102,-63,-13460,-5024,7452,-509,132,-123,0
1060.7762129306793,7784,6436,11708,-115,-52,122,6760,-9648,10460,-52,158,-165,-13248,4880,6260,-1018,102,-98,-13468,-5356,7520,-497,102,-123,0
1060.8098499774933,7956,6392,11812,-141,-78,73,6740,-9652,10412,-36,157,-198,-13316,4920,6208,-953,66,-114,-13316,-4972,7580,-491,170,-154,0
1060.8433740139008,8076,6416,11700,-165,-6,67,6680,-9636,10340,-58,120,-174,-13196,5008,6120,-1277,136,-71,-13340,-4956,7460,-474,173,-122,0
1060.8770530223849,7844,6376,11640,-133,-71,100,6880,-9620,10252,-42,102,-167,-13240,4908,6076,-999,142,-46,-13392,-5048,7472,-502,150,-120,0
1060.9128129482267,7996,6184,11888,-121,-53,118,6828,-9672,10392,-34,121,-198,-13272,4952,6088,-998,108,-92,-13468,-5036,7436,-498,96,-134,0
1060.9482350349426,8004,6476,11752,-161,-51,108,6776,-9696,10496,-63,173,-168,-13204,5024,6240,-983,91,-48,-13560,-5288,7544,-499,115,-127,0
1060.9833240509033,7980,6272,11640,-157,-40,122,6700,-9676,10276,-44,119,-160,-13208,4836,6168,-1025,72,-50,-13364,-5124,7516,-505,142,-127,0
1061.0185279846191,7680,6560,11692,-140,-28,119,6804,-9584,10292,-14,139,-150,-13204,4952,6164,-1001,108,-69,-13400,-5052,7508,-547,158,-90,0
1061.0540001392365,7832,6468,11544,-115,-75,115,6640,-9476,10268,-11,111,-185,-13152,5008,6332,-1014,106,-57,-13448,-5156,7556,-461,171,-118,0
1061.0895719528198,7856,6432,11620,-148,-63,135,6752,-9636,10424,-39,78,-166,-13196,4936,6256,-962,125,-109,-13536,-5056,7568,-502,127,-140,0
1061.1250460147858,7948,6368,11748,-130,-43,121,6776,-9940,10392,-37,138,-187,-13224,4904,6324,-1024,100,-89,-13472,-5040,7436,-483,151,-128,0
1061.1604471206663,7872,6344,11872,-133,-91,96,6712,-9688,10276,-20,158,-194,-13228,4920,6124,-984,85,-104,-13444,-5072,7568,-474,172,-116,0
1061.1958830356598,7944,6652,11720,-145,-83,96,6728,-9628,10348,-25,155,-185,-13284,4864,6336,-980,99,-108,-13476,-5080,7444,-476,155,-125,0
1061.231348991394,7900,6368,11704,-163,-90,116,6772,-9620,10332,-29,203,-210,-13336,4876,6324,-995,79,-95,-13452,-5124,7568,-437,219,-102,0
1061.267576932907,8164,6172,11756,-188,-151,118,6884,-9680,10464,-10,170,-248,-13324,4988,6252,-1016,127,-128,-13420,-5252,7456,-482,219,-103,0
1061.3028631210327,7684,6448,11988,-166,-169,130,6784,-9724,10372,-1,122,-238,-13156,4884,6156,-1277,147,-130,-13436,-5052,7568,-462,209,-88,0
1061.338161945343,7992,6440,11776,-148,-195,144,6832,-9696,10392,-24,140,-243,-13228,4904,6292,-999,147,-110,-13392,-5076,7504,-495,208,-66,0
1061.3742101192474,8020,6316,11896,-164,-205,139,6796,-9652,10348,-18,128,-228,-13256,4996,6348,-1274,143,-148,-13468,-5072,7384,-465,222,-67,0
1061.410073041916,8008,6448,11788,-181,-162,168,6808,-9608,10384,-50,110,-238,-13080,4952,6080,-982,164,-117,-13464,-4980,7540,-473,155,-22,0
1061.445501089096,7992,6312,11816,-198,-190,182,6864,-9720,10428,-44,98,-192,-13324,4968,6160,-1005,174,-94,-13492,-5068,7408,-481,193,-43,0
1061.4815180301666,7904,6368,11732,-229,-171,184,6888,-9672,10248,-25,100,-227,-13408,4808,6252,-1010,158,-160,-13408,-4980,7436,-476,201,-49,0
1061.517518043518,7948,6196,11560,-156,-179,174,6840,-9636,10260,-36,105,-214,-13264,4872,6236,-1019,167,-87,-13520,-5272,7432,-442,194,-70,0
1061.5523829460144,8096,6424,11648,-201,-173,111,6824,-9664,10328,-38,117,-229,-13304,4912,6320,-969,136,-114,-13508,-5008,7676,-452,222,-74,0
1061.5879080295563,8060,6384,11720,-221,-161,125,6792,-9688,10360,-29,103,-205,-13384,4928,5976,-1277,129,-163,-13416,-5024,7588,-444,183,-77,0
1061.6215670108795,8104,6296,11772,-177,-149,140,6752,-9576,10236,254,134,-189,-13212,5016,6296,-1012,126,-93,-13408,-5016,7460,-445,130,-57,0
1061.6548659801483,7972,6380,11664,-188,-107,144,6828,-9644,10052,-18,134,-170,-13072,4932,6376,-1008,117,-46,-13344,-5020,7448,-476,136,-74,0
1061.6885740756989,7980,6280,11580,-194,-157,139,6752,-9484,10316,-31,128,-213,-13272,5080,6100,-995,144,-128,-13512,-4928,7544,-495,178,-69,0
1061.7220439910889,8000,6404,11936,-141,-149,139,6712,-9660,10208,-15,122,-203,-13220,4880,6160,-1031,138,-102,-13504,-5096,7372,-516,230,-108,0
1061.7553970813751,8080,6320,11560,-142,-133,155,6764,-9652,10364,250,94,-219,-13164,4920,6056,-1042,176,-148,-13460,-5004,7192,-497,194,-88,0
1061.7900500297549,8144,6244,11564,-133,-158,159,6764,-9648,10332,-41,95,-213,-13096,4956,6044,-1015,173,-117,-13424,-5052,7544,-471,189,-70,0
1061.824240922928,8032,6436,11796,-179,-164,140,6764,-9680,10472,-1,105,-223,-13268,4972,6332,-1279,144,-67,-13388,-5044,7492,-471,185,-58,0
1061.8575251102448,8056,6316,11908,-197,-143,153,6772,-9960,10420,0,114,-230,-13384,4956,6232,-1005,138,-171,-13356,-5020,7596,-489,231,-89,0
1061.8908109664917,8044,6304,11992,-138,-196,155,6880,-9716,10268,-26,85,-236,-13228,4996,6064,-1275,134,-138,-13340,-5004,7664,-261,196,-84,0
1061.9243640899658,8016,6276,11628,-117,-172,146,6780,-9572,10072,-70,94,-211,-13160,4816,6152,-1012,132,-76,-13404,-5032,7340,-526,153,-116,0
1061.9576170444489,8048,6304,12016,-124,-101,125,6872,-9632,10328,-56,124,-179,-13256,4888,6084,-996,103,-50,-13400,-5012,7392,-502,118,-142,0
1061.9911470413208,8108,6212,11664,-136,-37,86,6836,-9560,10344,-33,140,-142,-13540,4900,6136,-1003,79,-70,-13504,-4676,7336,-527,105,-179,0
1062.024764060974,8080,6264,11676,-135,255,79,6832,-9592,10244,38,139,-142,-13396,4876,6128,-1035,75,-78,-13388,-4868,7532,-508,159,-163,0
1062.0580611228943,7972,6388,11544,-129,45,84,7096,-9628,10372,22,146,-160,-13336,4624,5956,-1017,117,-66,-13460,-5072,7532,-471,196,-127,0
1062.0917510986328,8020,6332,11720,-137,-33,79,6848,-9704,10380,-57,139,-199,-13296,4884,6080,-1000,147,-73,-13504,-4980,7460,-431,197,-95,0
1062.1255490779877,8116,6360,11784,-129,-69,93,6788,-9676,10348,-66,122,-214,-13300,4980,6244,-1043,133,-103,-13676,-4972,7616,-482,167,-93,0
1062.15865111351,8124,6256,11656,-143,-113,94,6836,-9716,10272,-55,148,-177,-13368,5008,5920,-1033,70,-118,-13456,-5056,7624,-499,133,-156,0
1062.1921601295471,8152,6596,12020,-130,-72,107,6788,-9608,10204,-18,146,-149,-13276,4788,5888,-1047,94,-109,-13372,-5012,7456,-491,109,-135,0
1062.225788116455,8064,6376,11636,-98,255,81,6856,-9596,10388,-8,162,-148,-13216,4900,6252,-1021,60,-71,-13452,-5080,7624,-519,97,-156,0
1062.259094953537,8020,6348,11868,-130,-37,46,7112,-9568,10360,-52,220,-166,-13360,4976,5992,-994,94,-45,-13508,-4732,7604,-443,107,-135,0
1062.2926359176636,8028,6284,11816,-154,-1,81,6780,-9680,10372,-30,143,-177,-13304,4916,6104,-1001,139,-72,-13508,-4936,7240,-470,140,-81,0
1062.3264110088348,8012,6328,11552,-162,-92,114,6800,-9672,10240,-41,144,-184,-13548,5108,6152,-954,104,-87,-13516,-5032,7448,-457,143,-133,0
1062.3597309589386,7968,6380,11812,-183,-105,113,6776,-9644,10356,-60,120,-179,-13184,4936,6228,-974,113,-71,-13496,-4968,7556,-505,167,-83,0
1062.393234014511,8000,6348,11672,-171,-119,126,6736,-9516,10400,-52,103,-196,-13320,4908,6172,-985,152,-94,-13556,-4948,7332,-514,205,-79,0
1062.4270300865173,8084,6312,11756,-82,-103,124,6764,-9628,10308,-29,89,-211,-13316,4896,6160,-1004,151,-86,-13440,-5044,7440,-546,153,-88,0
1062.460303068161,8084,6296,11584,-92,-53,145,6824,-9604,10332,15,65,-157,-13228,4924,6092,-1038,149,-61,-13404,-4892,7508,-542,120,-80,0
1062.4938890933993,8176,6300,11636,-111,-39,154,6836,-9724,10292,243,108,-121,-13388,4972,6248,-1058,124,-40,-13528,-5056,7372,-527,96,-121,0
1062.5273051261902,8060,6372,11732,-146,-54,124,6808,-9748,10420,-8,145,-112,-13432,4908,6228,-995,93,-67,-13536,-4900,7408,-512,75,-127,0
1062.5606009960175,8072,6340,11804,-163,-27,137,6808,-9712,10364,-54,193,-155,-13224,5040,6164,-979,74,-24,-13560,-5048,7208,-489,110,-122,0
1062.5973019599915,8020,6380,11648,-168,-87,119,6656,-9700,10404,-67,160,-183,-13196,4884,6088,-990,92,-121,-13384,-5060,7448,-490,201,-89,0
1062.6317451000214,8068,6280,11668,-182,-122,154,6768,-9572,10476,-42,84,-218,-13300,4916,6360,-981,138,-114,-13532,-4964,7476,-495,172,-74,0
1062.667328119278,8124,6272,12028,-122,-105,121,6796,-9704,10416,-51,119,-209,-13096,4976,6076,-995,103,-70,-13488,-4920,7436,-531,145,-173,0
1062.7018880844116,8116,6316,11996,-147,-69,69,6852,-9660,10364,12,155,-173,-13244,4892,6148,-1007,41,-104,-13504,-4996,7620,-456,163,-142,0
1062.7374029159546,7936,6376,11724,-139,-27,100,6780,-9664,10568,-29,138,-184,-13220,4768,6208,-1014,118,-163,-13532,-4980,7440,-495,133,-119,0
1062.773344039917,8120,6372,11832,-145,-77,105,7144,-9596,10388,-42,139,-184,-13264,4988,6256,-1008,74,-96,-13540,-5032,7612,-490,115,-130,0
1062.808207988739,8076,6260,11588,-127,-106,96,6760,-9672,10552,-63,157,-167,-13232,4932,6176,-985,101,-60,-13512,-5008,7484,-505,100,-74,0
1062.8439059257507,8028,6332,11668,-143,-47,146,6852,-9668,10408,-29,116,-136,-13284,5004,6120,-980,112,-23,-13480,-5000,7492,-484,129,-84,0
1062.8793449401855,7720,6372,11684,-154,-7,148,6816,-9696,10312,-66,109,-140,-13312,4836,6072,-1009,118,-56,-13440,-5052,7524,-528,143,-136,0
1062.9142789840698,8020,6328,11724,-127,-96,86,6892,-9664,10364,-40,159,-168,-13272,4928,6136,-1034,66,-99,-13568,-5004,7548,-538,128,-131,0
1062.950140953064,8012,6392,11664,-110,-96,77,6792,-9668,10356,255,142,-132,-13492,4912,6292,-1012,52,-69,-13476,-4984,7500,-504,148,-146,0
1062.985337972641,8028,6420,11696,-120,-47,120,6704,-9584,10392,0,144,-156,-13256,5000,6256,-996,102,-62,-13556,-5016,7516,-498,168,-72,0
1063.0213661193848,7972,6404,11824,-127,-69,122,6832,-9708,10384,-67,102,-163,-13192,4988,6068,-956,141,-90,-13540,-4912,7520,-518,170,-107,0
1063.0560820102692,7988,6376,11736,-98,-88,123,6772,-9668,10316,-56,94,-156,-13224,4940,6264,-996,103,-69,-13532,-5068,7656,-260,132,-119,0
1063.0917780399325,8084,6380,11560,-152,-75,104,6820,-9632,10328,-18,153,-148,-13244,4868,6196,-998,108,-92,-13464,-4940,7532,-527,137,-120,0
1063.1276469230652,8072,6632,11684,-142,-81,113,6768,-9584,10308,253,151,-184,-13164,4956,6144,-1279,132,-96,-13580,-4944,7548,-261,178,-126,0
1063.162493944168,8032,6424,11732,-126,-75,108,6756,-9720,10444,-13,143,-181,-13308,5020,6504,-781,98,-125,-13588,-4984,7504,-496,164,-78,0
1063.1980180740356,8004,6448,11696,-125,-110,122,6836,-9692,10428,-247,136,-202,-13208,4896,6176,-1272,96,-74,-13500,-4952,7512,-550,143,-120,0
1063.2332329750059,8008,6352,11760,-114,-81,135,6804,-9688,10424,-62,130,-162,-13224,4892,6236,-1011,100,-89,-13372,-5032,7544,-510,152,-130,0
1063.2684519290924,7740,6336,11768,-160,-68,131,6720,-9560,10396,-6,121,-173,-13128,4940,6264,-1020,173,-103,-13460,-4964,7488,-489,170,-78,0
1063.302106142044,8076,6280,11804,-184,-76,147,6800,-9676,10620,-38,93,-184,-13296,4848,6232,-1264,138,-77,-13724,-5000,7580,-532,140,-100,0
1063.3356490135193,8088,6284,11844,-127,-73,149,6716,-9620,10348,-22,103,-153,-13324,5020,6188,-1003,112,-57,-13452,-5012,7676,-516,102,-136,0
1063.368952035904,8032,6368,11800,-125,-34,133,6832,-9592,10420,-46,136,-180,-13268,4872,6216,-992,98,-90,-13500,-5092,7432,-515,126,-128,0
1063.402044057846,7980,6372,11648,-167,-99,106,6844,-9692,10324,-58,156,-189,-13272,4984,6072,-980,85,-117,-13360,-5032,7292,-501,187,-123,0
1063.4357199668884,8008,6160,11676,-166,-86,97,6764,-9544,10400,-59,142,-199,-13232,4924,6112,-978,93,-94,-13440,-5008,7424,-494,174,-152,0
1063.468819141388,7996,6584,11604,-142,-106,85,6712,-9624,10292,-34,167,-213,-13300,4928,6184,-1008,95,-109,-13444,-4960,7504,-489,206,-102,0
1063.502336025238,8064,6300,11872,-137,-92,93,6876,-9512,10376,11,147,-203,-13160,4996,6000,-1007,105,-74,-13472,-5056,7592,-766,189,-116,0
1063.5358300209045,8104,6372,11888,-132,-84,106,6812,-9684,10308,-21,94,-208,-13372,5000,6100,-1002,104,-112,-13432,-4904,7544,-536,163,-112,0
1063.5692751407623,8084,6296,11752,-129,-78,107,6904,-9680,10344,-31,142,-157,-13240,4872,6252,-976,97,-73,-13476,-5092,7216,-512,113,-80,0
1063.602874994278,7996,6256,11808,-159,-60,131,6868,-9612,10488,-41,148,-148,-13068,4952,6184,-997,105,-34,-13460,-4996,7548,-263,99,-126,0
1063.6358439922333,8032,6172,11672,-147,-56,128,6816,-9640,10212,-22,148,-124,-13244,4980,5968,-1021,45,-42,-13520,-4996,7548,-536,103,-149,0
1063.6693000793455,8032,6412,11668,-159,2,131,6808,-9712,10468,-15,137,-115,-13240,4868,6372,-1051,56,-63,-13420,-5100,7384,-525,82,-142,0
1063.702868938446,8072,6464,11584,-111,-15,87,6848,-9728,10400,-8,169,-123,-13256,4860,6184,-978,26,-66,-13408,-5120,7388,-525,119,-152,0
1063.736449956894,7964,6356,11688,-142,-19,60,6752,-9676,10404,-29,168,-191,-13188,5016,6172,-974,89,-93,-13492,-4940,7464,-498,221,-140,0
1063.7699041366575,7844,6376,11776,-211,-107,108,6760,-9576,10380,20,113,-216,-13220,4920,5940,-1013,160,-101,-13428,-5008,7520,-424,4,-65,0
1063.8034529685974,8044,6396,11968,-168,-148,142,6692,-9804,10312,-46,89,-219,-13324,4920,6028,-1005,150,-109,-13488,-5000,7588,-458,171,-79,0
1063.837072134018,8068,6332,11744,-154,-149,106,6788,-9676,10100,-76,141,-172,-13304,4984,6112,-981,113,-79,-13584,-4988,7416,-502,114,-97,0
1063.8703091144562,8008,6352,11668,-139,-37,110,6804,-9696,10388,-72,154,-144,-13408,4956,6112,-968,72,-62,-13484,-5024,7424,-517,85,-143,0
1063.9037070274353,8092,6332,11576,-168,-2,104,6656,-9620,10268,-12,149,-129,-13312,4880,6288,-1009,66,-34,-13408,-5036,7400,-259,106,-112,0
1063.9373800754547,7952,6376,11664,-135,-17,77,6752,-9712,10256,-36,152,-145,-13308,4908,5992,-1017,84,-48,-13464,-4972,7476,-519,138,-140,0
1063.9705741405487,7752,6300,11832,-141,-77,101,6812,-9668,10388,-35,138,-162,-13516,4920,6144,-985,70,-119,-13400,-5052,7544,-501,183,-121,0
1064.0041840076449,8104,6256,11832,-172,-82,124,6764,-9632,10400,250,132,-195,-13196,4944,6380,-1031,116,-94,-13488,-4972,7512,-531,188,-92,0
1064.0436010360718,8188,6420,11864,-187,-133,160,6768,-9628,10396,-37,88,-162,-13060,4908,6264,-990,189,-46,-13500,-4972,7480,-482,149,-61,0
1064.0777249336245,8088,6628,11732,-192,-124,175,6728,-9572,10380,-94,45,-127,-13264,4924,6220,-998,182,-63,-13496,-5052,7472,-491,85,-55,0
1064.1112179756165,7768,6364,11568,-180,-74,131,7024,-9620,10400,-88,76,-119,-13252,4960,6212,-952,143,228,-13492,-4988,7452,-490,92,-93,0
1064.1444189548492,8036,6336,11784,-163,-42,130,6788,-9952,10412,-22,147,-128,-13412,4896,6176,-996,87,-16,-13532,-4972,7512,-505,108,-125,0
1064.17773103714,8008,6312,11832,-138,-42,93,6420,-9976,10440,-18,110,-167,-13264,5076,6380,-1005,99,-106,-13472,-4916,7536,-517,198,-112,0
1064.2113180160525,8008,6248,11768,-117,-83,112,6820,-9668,10288,-46,96,-234,-13312,4668,5912,-999,114,-152,-13428,-4968,7488,-524,190,-88,0
1064.2446660995483,8008,6252,11788,-115,-149,118,6796,-9940,10412,-22,83,-241,-13348,4956,6240,-1270,141,-99,-13368,-4996,7536,-524,223,-85,0
1064.2807891368866,8068,6276,11720,-176,-171,146,6768,-9932,10312,-9,89,-214,-13560,4956,6080,-1008,193,-151,-13568,-5004,7508,-477,170,-55,0
1064.3161840438843,8104,6552,11804,-157,-102,174,6880,-9640,10384,-48,64,-171,-13392,4948,6172,-988,177,-83,-13624,-5024,7468,-504,129,-77,0
1064.3518850803375,8156,6208,11656,-135,-72,174,6868,-9764,10280,-50,115,-156,-13436,4860,6080,-1032,93,-105,-13500,-4976,7428,-549,114,-179,0
1064.3875589370728,8212,6340,11828,-121,-51,88,6868,-9676,10236,-16,168,-156,-13116,5116,6188,-1015,-252,-92,-13392,-5012,7192,-484,83,-228,0
1064.4230060577393,7992,6312,11796,-111,-255,14,6876,-9624,10436,-58,5,-189,-13072,5108,5996,-949,-75,-98,-13468,-5180,7424,-460,141,-303,0
1064.4582800865173,7952,6344,11792,-182,-36,-72,6808,-9652,10292,-32,301,-291,-13216,4828,6120,-879,-65,-174,-13304,-4956,7424,-426,181,-266,0
1064.4935109615326,7856,6412,11680,-212,-89,-63,6692,-9580,10416,-75,269,-297,-13184,4836,6044,-874,18,-172,-13416,-4936,7176,-369,286,-169,0
1064.529552936554,8068,6476,11656,-503,-154,10,6776,-9588,10376,-79,137,-302,-13236,4976,6224,-922,93,-208,-13428,-5080,7648,-368,275,-85,0
1064.5644791126251,8020,6376,11784,-217,-137,58,6764,-9740,10380,-84,121,-287,-13228,4932,6360,-957,120,-166,-13552,-4704,7536,-439,249,-86,0
1064.6003980636597,8036,6392,11872,-144,-137,128,6700,-9792,10436,-32,113,-220,-13068,5160,6144,-1076,141,-113,-13496,-5036,7608,-543,211,-76,0
1064.6353390216827,8056,6628,11776,-119,-94,192,6576,-9752,10272,60,40,-129,-13224,5080,6184,-1119,207,-25,-13468,-4888,7636,-610,115,-14,0
1064.67045211792,8024,6232,11852,-71,-39,240,6676,-9780,10380,246,7,-53,-13272,5088,6236,-1127,195,22,-13568,-4964,7596,-635,16,-36,0
1064.705577135086,8028,6284,11668,-57,-23,257,6880,-9848,10432,-11,54,0,-13060,4992,5924,-1059,166,15,-13516,-5060,7596,-571,-23,-85,0
1064.7412700653076,8016,6200,11840,-107,25,204,7084,-9964,10384,-37,92,-62,-13336,4908,6156,-1013,160,245,-13424,-5032,7532,-555,112,-111,0
1064.7761890888214,7960,6308,11720,-169,-34,147,6812,-9728,10440,7,140,-157,-13252,4828,6056,-1006,149,-114,-13476,-5024,7332,-499,176,-93,0
1064.8117740154266,7992,6368,11760,-154,-136,82,6760,-9524,10376,-47,162,-252,-13168,4744,6396,-972,63,-160,-13424,-5044,7324,-428,234,-136,0
1064.848021030426,7992,6348,11776,-201,-199,11,6784,-9652,10368,-18,193,-318,-13344,4880,6116,-958,78,-130,-13536,-5016,7176,-403,252,-180,0
1064.8828909397123,7992,6416,11884,-200,-171,-248,6852,-9692,10464,-36,193,-286,-13264,4936,6136,-919,37,-169,-13560,-5012,7412,-399,227,-168,0
1064.9177269935608,8040,6320,11888,-180,-102,18,6796,-9620,10460,-58,176,-243,-13288,4916,6196,-970,38,-109,-13584,-4944,7500,-442,155,-166,0
1064.9534950256348,8004,6344,11732,-143,-79,44,6752,-9620,10348,-38,161,-189,-13060,4964,6372,-989,88,-64,-13440,-5000,7280,-492,149,-131,0
1064.9872879981995,7932,6408,11716,-162,-57,117,6812,-9648,10452,-31,140,-165,-13312,4936,5988,-987,108,-82,-13456,-4892,7560,-498,140,-102,0
1065.0207121372223,7932,6180,11804,-114,-70,131,6872,-9660,10440,-80,110,-159,-13320,4980,6196,-1001,139,-41,-13396,-4984,7632,-535,125,-73,0
1065.0543060302734,7940,6356,11892,-88,-126,139,6868,-9980,10380,-49,125,-136,-13300,5088,6252,-1001,88,-63,-13424,-4956,7464,-576,124,-86,0
1065.0876319408417,7924,6200,11772,-87,-78,163,6768,-9688,10336,-19,130,-98,-13060,5000,6060,-1054,99,233,-13396,-5016,7512,-554,102,-111,0
1065.12113404274,8072,6420,11736,-71,-9,141,6716,-9692,10292,-8,104,-101,-13224,5008,6240,-1048,121,-13,-13472,-4988,7480,-543,86,-116,0
1065.1543591022491,8016,6264,11584,-98,-64,117,6912,-9668,10408,-35,130,-150,-13332,4976,6212,-990,87,-41,-13520,-4940,7524,-527,82,-129,0
1065.1879110336304,7980,6336,11828,-125,-31,124,6752,-9780,10060,-17,125,-158,-13260,5036,6012,-983,84,-79,-13416,-4956,7428,-519,131,-128,0
1065.221244096756,8032,6280,11736,-119,-38,140,6800,-9872,10248,-26,145,-145,-13256,4940,6272,-1024,80,-37,-13404,-5068,7444,-767,134,-170,0
1065.2547149658203,8056,6372,11816,-148,-42,107,6808,-9708,10252,-25,136,-159,-13192,4988,6240,-1040,85,-50,-13404,-5056,7436,-520,116,-134,0
1065.2882070541382,7984,6340,11732,-149,-71,94,6792,-9752,10284,-19,174,-155,-13300,5056,6120,-770,102,-85,-13464,-4984,7464,-507,158,-140,0
1065.321792125702,7836,6440,11624,-114,-63,103,6764,-9684,10248,253,129,-189,-13484,4832,5896,-1015,87,-128,-13152,-4872,7668,-500,190,-167,0
1065.3553349971771,7900,6500,11668,-126,-105,106,6740,-9632,10316,-7,140,-211,-13184,4824,6204,-1022,86,-124,-13568,-4880,7524,-535,183,-142,0
1065.3886539936066,7992,6276,11744,-123,-72,78,6744,-9704,10380,-37,133,-196,-13264,4944,6212,-1001,98,-108,-13520,-5296,7612,-484,139,-145,0
1065.4222600460052,8092,6484,11772,-168,-104,95,6668,-9508,10460,-25,134,-192,-13260,4836,6252,-996,93,-79,-13428,-5000,7536,-472,147,-113,0
1065.4556810855865,7944,6384,11764,-171,-66,104,6796,-9632,10292,-50,134,-195,-13236,4924,6136,-971,106,-67,-13476,-5068,7608,-479,155,-99,0
1065.4892699718475,8032,6424,11632,-169,-102,122,6776,-9756,10364,-35,132,-187,-13336,4920,6280,-986,117,-121,-13448,-5056,7348,-466,159,-90,0
1065.5224900245669,7984,6424,11684,-139,-79,129,6900,-9692,10400,-38,94,-191,-13180,5016,6152,-1013,99,-78,-13384,-5044,7504,-492,163,-96,0
1065.5557730197909,7984,6372,11604,-128,-82,118,6700,-9772,10372,-60,110,-162,-13164,5008,6036,-981,101,-18,-13420,-5000,7448,-489,131,-132,0
1065.589280128479,7736,6248,11576,-106,-35,68,6704,-9744,10364,-63,142,-158,-13340,5016,6256,-998,34,-22,-13464,-5120,7528,-507,62,-195,0
1065.6228399276733,8016,6264,11656,-117,38,48,6852,-9780,10300,32,151,-134,-13064,4968,6080,-954,14,-50,-13516,-4876,7528,-496,54,-154,0
1065.6561031341553,8000,6372,11812,-146,44,51,6744,-9716,10224,35,196,-97,-13152,4992,6076,-1052,54,-92,-13396,-5020,7604,-506,112,-159,0
1065.6898939609528,7996,6336,12012,-143,-41,80,6852,-9676,10428,36,159,-142,-13376,5088,6336,-1011,74,-49,-13484,-5028,7460,-490,140,-111,0
1065.7228300571442,8000,6364,11904,-108,-70,107,6712,-9728,10432,-32,150,-173,-13236,4956,6160,-988,82,-27,-13540,-5072,7604,-524,108,-145,0
1065.756649017334,8016,6392,11916,-109,-81,102,6796,-9756,10340,-57,152,-162,-13228,5020,6324,-1003,66,-58,-13388,-4948,7540,-547,125,-119,0
1065.7902600765228,7960,6324,11840,-146,-51,127,6760,-9668,10440,39,131,-124,-13124,4988,6204,-1074,57,-102,-13464,-5360,7496,-500,106,-141,0
1065.8237040042875,7960,6516,11692,-129,-15,88,6852,-9688,10428,-13,143,-141,-13492,4844,6212,-1038,38,-65,-13520,-5180,7540,-506,97,-160,0
1065.8573760986328,8020,6396,11640,-125,-36,57,6892,-9644,10256,-28,196,-142,-13568,4876,6280,-963,22,-67,-13500,-4868,7512,-529,83,-174,0
1065.8907251358032,8008,6404,11752,-145,-4,76,6868,-9584,10496,-31,152,-154,-13232,4928,6176,-1004,65,-40,-13516,-5064,7468,-509,98,-126,0
1065.9241089820862,7908,6356,11672,-122,-29,84,6720,-9584,10448,254,155,-175,-13192,4900,6392,-1040,99,-90,-13540,-5068,7384,-493,166,-106,0
1065.9608011245728,7928,6500,11640,-164,-64,138,6680,-9712,10388,14,133,-156,-13168,4896,6100,-999,159,-52,-13464,-5092,7568,-496,151,-60,0
1065.9961709976196,7764,6520,11948,-169,-103,165,6768,-9684,10408,-23,125,-182,-13208,4956,6292,-987,180,-93,-13408,-5376,7496,-444,196,-56,0
1066.031893014908,7972,6392,11984,-177,-150,157,6760,-9672,10364,-11,107,-230,-13304,4944,6392,-1004,137,-129,-13468,-5076,7564,-483,222,-50,0
1066.068097114563,8020,6384,11736,-140,-152,152,6712,-9820,10364,-32,145,-212,-13156,5304,6376,-982,160,-128,-13416,-5056,7340,-494,176,-78,0
1066.1037030220032,7876,6380,11808,-186,-190,165,6648,-9684,10340,-50,121,-248,-13284,4984,5912,-986,155,-132,-13408,-5028,7520,-448,180,-60,0
1066.1387751102448,7944,6288,11920,-221,-106,170,6716,-9772,10320,-31,111,-231,-13292,5268,6256,-987,163,-98,-13384,-4956,7480,-453,186,-47,0
1066.1741399765015,7980,6240,11784,-211,-125,131,6808,-9664,10364,23,107,-223,-13092,4976,6224,-990,148,-121,-13520,-4944,7508,-461,242,-69,0
1066.2096631526947,7960,6220,11820,-179,-171,143,6808,-9656,10700,-39,77,-231,-13156,5032,5992,-1001,192,-151,-13420,-5032,7428,-484,508,-78,0
1066.2446930408478,7984,6364,11708,-191,-213,153,6780,-9672,10428,-41,110,-211,-13300,4940,6084,-958,196,-142,-13532,-4972,7472,-447,224,-63,0
1066.2802400588987,8184,6200,11764,-205,-170,139,6888,-9680,10320,-45,134,-244,-13280,5024,6044,-1011,171,-137,-13512,-4936,7264,-437,194,-97,0
1066.3155210018158,8004,6352,11924,-185,-208,186,6652,-9648,10424,29,111,-238,-13256,4876,6296,-1280,159,-140,-13532,-5068,7480,-422,211,-46,0
1066.351832151413,7996,6416,11744,-141,-216,141,6752,-9976,10404,-22,126,-210,-13256,5044,6180,-1006,125,-180,-13376,-5056,7420,-472,206,-80,0
1066.3875880241394,8044,6264,12024,-213,-206,153,6820,-9744,10264,-19,148,-240,-13236,5044,6304,-1012,152,-131,-13524,-5044,7548,-444,213,-45,0
1066.422779083252,7984,6436,11624,-174,-176,151,6752,-9600,10380,-35,92,-204,-13272,4892,6200,-1034,161,-125,-13524,-4968,7348,-501,186,-45,0
1066.4586801528933,7988,6368,11584,-181,-125,167,6780,-9632,10168,252,82,-205,-13304,4928,6124,-1050,171,-110,-13424,-5048,7424,-484,215,-47,0
1066.4937920570374,8076,6216,11748,-161,-144,157,6736,-9692,10296,-44,87,-230,-13304,4828,6144,-1003,191,-139,-13488,-5016,7380,-480,198,-80,0
1066.5296440124512,8060,6320,11832,-179,-179,122,6776,-9656,10480,-46,99,-222,-13304,4924,6336,-990,98,-136,-13416,-4960,7604,-479,226,-112,0
1066.5650811195374,8100,6244,12012,-149,-142,107,6784,-9656,10324,-54,139,-237,-13196,4932,6040,-975,117,-99,-13476,-5012,7344,-490,196,-98,0
1066.6024370193481,8072,6280,11680,-140,-103,111,6904,-9660,10340,-25,127,-201,-13204,4936,6024,-972,133,-109,-13488,-4908,7456,-475,177,-89,0
1066.6359260082245,7936,6200,11680,-129,-103,112,6932,-9624,10284,-68,134,-214,-13260,4932,6216,-997,111,-89,-13420,-4916,7292,-504,123,-128,0
1066.6694130897522,8104,6332,11712,-123,-256,112,6832,-9864,10380,-25,139,-157,-13344,4988,6060,-1019,103,-106,-13592,-4880,7456,-502,105,-161,0
1066.7029089927673,8172,6280,11692,-133,38,97,6672,-9688,10488,-33,138,-157,-13224,4612,6076,-996,63,-24,-13464,-4988,7432,-536,99,-180,0
1066.7362401485443,8144,6372,11752,-122,2,83,6972,-9652,10440,-24,162,-143,-13060,4960,6224,-996,50,-14,-13552,-4924,7524,-519,126,-196,0
1066.7697660923004,8104,6236,11816,-115,10,67,6852,-9504,10308,-16,183,-133,-13304,4948,6124,-991,45,-54,-13488,-5104,7552,-492,104,-173,0
1066.8033800125122,8160,6372,11736,-115,3,55,6736,-9688,10436,-63,211,-155,-13292,4924,6168,-990,29,-50,-13508,-5108,7488,-521,80,-182,0
1066.836863040924,8064,6336,11664,-130,-22,81,6772,-9656,10268,-15,196,-139,-13236,4984,6148,-976,36,-62,-13356,-5152,7412,-477,107,-185,0
1066.8705151081083,8000,6344,11672,-136,12,59,6744,-9576,10392,-46,170,-129,-13192,4992,6240,-979,61,-9,-13408,-5036,7260,-490,95,-146,0
1066.9038281440735,8044,6332,11776,-130,27,61,6764,-9884,10328,-21,154,-143,-13268,4892,6104,-973,33,-28,-13372,-5100,7644,-767,109,-164,0
1066.9373869895935,7972,6408,11764,-111,-254,53,6692,-9608,10252,-55,171,-156,-13276,4960,6324,-984,50,-67,-13456,-5088,7432,-495,99,-134,0
1066.9709489345553,8020,6396,11792,-94,-27,99,6840,-9656,10352,-77,141,-158,-13144,4932,6112,-970,94,-101,-13476,-5008,7492,-507,113,-150,0
1067.0046961307526,7996,6336,11776,-97,-41,101,6800,-9576,10348,-60,134,-172,-13200,4944,6172,-955,93,-94,-13420,-4948,7456,-500,148,-163,0
1067.038347005844,8028,6364,11732,-162,-15,87,6808,-9652,10352,27,155,-182,-13220,4944,6176,-994,113,-124,-13456,-5028,7568,-488,155,-140,0
1067.0719239711761,8180,6640,11760,-148,-51,97,6888,-9696,10376,-14,136,-220,-13564,4976,6120,-978,106,-95,-13556,-4936,7620,-470,183,-101,0
1067.1054899692535,8012,6332,11784,-142,-113,102,6776,-9712,10096,-48,149,-207,-13260,5016,6484,-962,134,-79,-13420,-5016,7484,-486,160,-123,0
1067.138981103897,8156,6304,11884,-118,-90,103,6728,-9672,10304,-80,126,-195,-13356,5060,6348,-969,72,-82,-13552,-4956,7564,-516,106,-167,0
1067.1724500656128,7988,6328,11680,-122,-22,76,6768,-9736,10468,-12,159,-179,-13224,4976,6168,-1021,46,-78,-13500,-5096,7220,-489,109,-125,0
1067.2060000896454,8016,6404,11672,-142,-21,84,6788,-9692,10276,-39,164,-139,-13268,4948,6080,-999,72,-84,-13476,-5060,7480,-524,62,-176,0
1067.239305973053,8016,6144,11556,-123,5,64,6784,-9612,10400,-61,165,-184,-13236,5116,6004,-966,66,-38,-13424,-5084,7228,-515,134,-140,0
1067.2729620933533,8056,6156,11736,-185,-5,96,6728,-9660,10352,-42,120,-180,-13192,5100,5976,-1002,93,-34,-13516,-4996,7560,-436,147,-93,0
1067.3066289424896,8064,6280,11828,-158,-58,99,6756,-9624,10396,-36,125,-157,-13328,5040,6360,-996,102,-98,-13460,-5080,7516,-451,176,-125,0
1067.3400530815125,7904,6432,11780,-113,-66,98,6732,-9480,10384,-48,115,-189,-13212,4908,6308,-979,65,-103,-13452,-5036,7648,-482,85,-114,0
1067.373733997345,8036,6432,11996,-131,-67,82,6716,-9696,10444,-75,181,-192,-13256,4912,5912,-961,48,-47,-13504,-4928,7596,-477,118,-146,0
1067.4068551063538,8000,6652,11656,-131,-58,44,6856,-9484,10688,-29,176,-185,-13312,5016,6140,-981,45,-75,-13476,-4972,7396,-466,170,-177,0
1067.4403121471403,7956,6380,11856,-129,-77,93,6720,-9684,10412,-10,155,-167,-13188,5076,6132,-1019,93,-100,-13492,-4988,7220,-500,172,-150,0
1067.4738850593567,7912,6352,11960,-145,-89,91,6788,-9724,10296,-43,136,-221,-13216,4996,6348,-996,120,-137,-13556,-4956,7656,-488,174,-101,0
1067.5073790550232,7704,6396,11776,-121,-99,85,6864,-9768,10448,-23,114,-202,-13124,5100,6112,-977,100,-101,-13512,-4996,7552,-495,146,-127,0
1067.5410919189453,8012,6308,11848,-147,-93,111,6744,-9632,10372,-46,110,-189,-13276,5004,6080,-994,154,-90,-13528,-4980,7472,-486,192,-114,0
1067.5745639801025,8020,6400,11684,-179,-96,101,6840,-9984,10352,-9,161,-186,-13276,4996,6224,-1010,88,-65,-13524,-5040,7508,-469,158,-101,0
1067.6081929206848,8056,6488,11928,-206,-96,105,6820,-9684,10744,-20,172,-177,-13292,4928,6180,-1011,133,-84,-13420,-4928,7472,-443,222,-63,0
1067.6449711322784,8028,6484,11844,-224,-186,114,6696,-9704,10480,-21,159,-251,-13280,5032,6340,-994,133,-189,-13460,-5112,7500,-449,511,-53,0
1067.680757045746,7916,6396,11740,-178,-17,134,6904,-9484,10360,-63,126,-272,-13292,4992,6216,-1005,173,-168,-13408,-5028,7480,-455,244,-49,0
1067.7155511379242,8016,6368,11808,-166,-306,166,6796,-9692,10276,-83,97,-270,-13192,4900,6304,-982,144,-167,-13500,-5012,7176,-462,254,-55,0
1067.7508170604706,8028,6356,11708,-188,-262,158,6788,-9660,10396,-38,105,-267,-13220,5004,6156,-970,209,-191,-13376,-5096,7568,-434,264,-40,0
1067.7871129512787,8040,6404,11804,-509,-215,169,6780,-9728,10384,245,114,-7,-13304,5032,6260,-1039,197,-175,-13520,-4972,7460,-416,264,-13,0
1067.8224339485168,7828,6384,11836,-272,-290,174,6792,-9836,10424,24,107,-258,-13064,4940,6120,-1279,203,-183,-13468,-5008,7440,-478,240,-42,0
1067.858694076538,8184,6428,11668,-230,-238,192,6824,-9652,10356,-38,64,-254,-13308,4904,6048,-987,214,-119,-13420,-4980,7368,-491,211,-50,0
1067.893455028534,8008,6312,11640,-145,-213,174,6824,-9612,10296,-59,47,-250,-13272,5076,6056,-1006,212,-139,-13416,-5032,7296,-484,194,-27,0
1067.9293489456177,8160,6340,11720,-142,-188,154,6896,-9580,10256,-35,91,-228,-13384,5080,6132,-999,124,-97,-13768,-4908,7204,-481,168,-128,0
1067.9650709629059,7964,6176,11572,-157,-69,118,6976,-9548,10196,-37,130,-155,-13264,4848,6160,-1019,72,-14,-13340,-4620,7404,-491,74,-139,0
1068.0008630752563,8176,6292,11736,-136,67,103,6676,-9580,10276,-20,178,-115,-13260,4876,6044,-1017,56,-16,-13404,-5020,7216,-496,75,-161,0
1068.0357189178467,8100,6328,11744,-186,85,61,6812,-9724,10384,255,160,-125,-13256,4968,6256,-998,51,-48,-13400,-5080,7676,-475,134,-155,0
1068.0715291500092,8132,6352,11840,-136,-3,90,6716,-9740,10516,-28,190,-173,-13344,4900,6060,-1023,89,-120,-13576,-5120,7664,-468,181,-96,0
1068.1075849533079,8028,6300,11940,-156,-106,103,6752,-9696,10472,-18,140,-222,-13284,5008,6144,-1020,109,-73,-13424,-5100,7572,-466,215,-108,0
1068.1428451538086,7948,6340,11796,-134,-145,116,6672,-9696,10408,-70,111,-216,-13124,5008,6192,-987,116,-95,-13336,-5060,7580,-508,189,-88,0
1068.1788101196287,7696,6300,11796,-97,-161,97,6404,-9656,10300,-61,116,-219,-13184,5008,6040,-983,118,-134,-13460,-4948,7564,-511,168,-137,0
1068.2143230438232,7980,6336,11400,-140,-70,73,6752,-9588,10308,-36,99,-196,-13340,4936,6084,-973,147,-117,-13548,-5008,7460,-257,139,-138,0
1068.2499089241028,8084,6216,11776,-109,-60,107,6912,-9600,10280,-25,133,-202,-13332,4880,6012,-960,118,-114,-13568,-4952,7372,-508,113,-138,0
1068.2869470119476,8056,6328,11736,-111,-72,98,6868,-9684,10376,-47,150,-161,-13396,4900,6280,-999,46,-66,-13476,-5088,7360,-485,165,-111,0
1068.320573091507,8124,6268,11844,-186,-99,110,6872,-9676,10328,-6,176,-207,-13232,4860,6112,-973,113,-97,-13476,-4920,7488,-475,204,-103,0
1068.3542640209198,8072,6296,11772,-198,-141,127,6660,-9628,10300,-37,127,-217,-13220,5024,6148,-998,133,-124,-13392,-4940,7368,-495,195,-88,0
1068.3874349594116,8024,6368,11560,-131,-146,148,6812,-9944,10356,-33,92,-214,-13520,4968,6200,-1015,135,-118,-13580,-5000,7528,-521,168,-90,0
1068.4211161136627,8116,6336,11784,-150,-82,152,6820,-9572,10368,-30,83,-176,-13344,4844,5900,-994,149,-89,-13436,-5028,7476,-487,135,-102,0
1068.4543600082397,8044,6144,11724,-148,-59,134,6800,-9636,10448,-55,117,-144,-13368,4620,6140,-986,83,-8,-13460,-5044,7364,-522,73,-119,0
1068.4876790046692,8176,6308,11744,-109,-48,85,6860,-9616,10432,-29,144,-114,-13284,5108,6184,-1045,42,-56,-13472,-4988,7384,-765,154,-132,0
1068.5211880207062,8184,6284,11576,-173,-40,120,6864,-9628,10360,-23,183,-154,-13548,4908,6148,-770,84,-61,-13444,-4984,7448,-510,147,-112,0
1068.5547790527344,7976,6396,11640,-94,-43,107,6764,-9616,10472,-96,108,-172,-13292,4892,6092,-1013,119,-107,-13392,-4956,7360,-523,127,-123,0
1068.588093996048,8032,6348,11768,-96,-57,55,6892,-9624,10364,-85,112,-198,-13388,4868,6096,-948,128,-72,-13504,-4996,7416,-471,157,-134,0
1068.6220140457153,8032,6260,11692,-101,-16,62,6904,-9600,10304,-20,137,-200,-13336,4936,6088,-994,104,-53,-13384,-4904,7212,-480,163,-183,0
1068.655200958252,8036,6296,11524,-129,-252,72,6848,-9648,10392,45,195,-168,-13540,4996,6076,-998,36,-60,-13572,-5052,7424,-481,140,-178,0
1068.6887979507446,8184,6356,11776,-155,16,58,6716,-9684,10444,-20,177,-174,-13188,4952,5900,-980,113,-96,-13460,-5008,7576,-492,143,-124,0
1068.7223970890043,7840,6284,11816,-165,-72,103,6724,-9728,10268,-96,129,-202,-13176,4984,6064,-952,114,-121,-13436,-5016,7428,-501,191,-83,0
1068.755831003189,8020,6224,11760,-108,-98,141,6808,-9628,10500,-68,123,-198,-13264,4628,6180,-944,171,-82,-13464,-5052,7376,-498,156,-125,0
1068.7892241477966,7752,6384,11440,-143,-87,145,6812,-9672,10248,-49,89,-199,-13124,4964,6232,-997,119,-38,-13376,-5024,7352,-529,125,-110,0
1068.8228371143339,7956,6408,11684,-129,-64,126,6848,-9664,10424,-21,90,-125,-13152,4888,6368,-1032,115,-46,-13496,-4912,7568,-536,134,-76,0
1068.8564660549164,8024,6428,11944,-137,-55,145,6868,-9612,10424,-54,129,-132,-13376,4876,6348,-1016,122,-72,-13460,-4932,7528,-500,99,-93,0
1068.8895621299744,8004,6328,11580,-160,-42,137,7108,-9656,10484,-42,164,-166,-13312,4736,6240,-976,134,-77,-13720,-5064,7180,-492,143,-58,0
1068.9230871200562,8012,6340,11564,-223,-112,181,6828,-9724,10400,-11,145,-194,-13300,4844,6120,-1022,137,-93,-13436,-5060,7672,-484,190,-52,0
1068.9567880630493,8004,6312,11752,-131,-190,166,6856,-9788,10428,-44,87,-213,-13328,4660,6248,-1062,139,-90,-13436,-4904,7560,-257,167,-101,0
1068.9902880191803,8008,6244,11716,-102,-165,129,6840,-9656,10248,-66,105,-196,-13384,4940,6252,-984,115,-57,-13400,-4912,7452,-496,144,-99,0
1069.0238521099093,8140,6260,11512,-135,-39,90,6828,-9624,10248,-30,154,-166,-13232,5012,6232,-974,79,-81,-13508,-4844,7524,-481,153,-101,0
1069.0601019859314,8044,6268,11736,-148,-20,117,6872,-9732,10284,-3,117,-171,-13536,4996,6088,-1280,99,-139,-13532,-4904,7600,-467,158,-98,0
1069.0939340591433,8032,6316,11816,-156,-53,92,6856,-9980,10376,13,139,-191,-13556,4984,6304,-1000,98,-118,-13488,-4996,7536,-457,136,-155,0
1069.1275000572205,8040,6440,11796,-126,-63,78,6872,-9724,10348,-13,147,-163,-13060,4984,6376,-976,61,-65,-13496,-5028,7576,-514,135,-132,0
1069.1607689857483,8032,6368,11940,-73,-126,69,6868,-9668,10016,-33,173,-161,-13272,5004,6124,-1021,44,-74,-13392,-5012,7452,-567,159,-167,0
1069.1942219734192,8096,6356,11552,-141,-102,123,6836,-9516,10248,4,122,-172,-13168,4912,6144,-1056,82,-81,-13500,-5080,7456,-766,163,-86,0
1069.2278320789335,8064,6364,11668,-123,-90,124,6900,-9484,10368,-11,113,-178,-13568,5104,6276,-1014,84,-106,-13540,-4976,7460,-258,126,-106,0
1069.261309146881,8052,6308,11708,-164,-95,100,6672,-9680,10320,-66,151,-155,-13276,4700,6320,-930,29,-256,-13492,-5040,7200,-467,87,-119,0
1069.294275045395,8012,6364,11828,-162,-42,90,6784,-9656,10324,-54,196,-181,-13332,4900,5972,-981,91,-34,-13548,-4876,7452,-475,149,-150,0
1069.3317019939425,8152,6260,11704,-128,-52,97,6928,-9612,10408,-10,112,-188,-13308,4624,5964,-1008,50,-100,-13496,-5316,7432,-459,112,-149,0
1069.3676540851593,8144,6292,11992,-135,-62,76,6812,-9560,10296,-68,182,-175,-13076,5008,6396,-967,43,-76,-13452,-5076,7540,-482,117,-162,0
1069.402526140213,8132,6384,11596,-137,-72,74,6860,-9640,10444,-42,206,-173,-13244,4892,6096,-989,54,-32,-13476,-4968,7628,-486,161,-136,0
1069.438677072525,7944,6364,11708,-137,-55,116,6836,-9508,10300,-52,128,-177,-13216,4940,6152,-1021,126,-98,-13304,-5068,7528,-543,170,-88,0
1069.4734921455383,7956,6312,11724,-105,-66,150,6760,-9620,10476,-10,40,-173,-13308,5020,6204,-1045,141,-99,-13512,-5044,7448,-549,169,-89,0
1069.5088300704956,8008,6592,11840,-111,-138,146,6884,-9504,10276,-16,118,-174,-13520,4996,6216,-1020,88,-91,-13628,-5052,7432,-515,102,-131,0
1069.5443079471588,8016,6152,11704,-104,-55,101,6868,-9540,10364,-65,131,-143,-13128,4960,5928,-1005,104,-55,-13444,-5012,7444,-501,114,-102,0
1069.58016204834,7996,6296,11612,-151,-52,121,6716,-9772,10388,253,129,-169,-13180,4996,6320,-1010,118,-100,-13416,-5024,7452,-257,164,-113,0
1069.6156520843506,8032,6328,11904,-103,-99,136,6776,-9564,10300,-47,73,-206,-13536,4644,6144,-996,138,-120,-13504,-4968,7252,-768,179,-80,0
1069.6517181396484,8044,6304,11624,-120,-123,136,6952,-9592,10276,-42,126,-204,-13364,4856,6128,-942,71,-93,-13660,-5008,7208,-492,103,-161,0
1069.6876599788666,8220,6324,11788,-116,-68,51,6920,-9504,10256,-52,203,-161,-13268,4688,5908,-981,6,-68,-13348,-5096,7676,-480,58,-197,0
1069.7230479717255,8052,6344,11756,-174,-37,79,6656,-9620,10468,53,220,-148,-13196,4944,6108,-977,1,-54,-13400,-5024,7528,-483,165,-141,0
1069.7582080364227,8188,6424,11852,-134,-67,88,6776,-9488,10372,12,155,-185,-13208,4936,6212,-1024,110,-176,-13360,-5064,7728,-484,233,-100,0
1069.793424129486,7900,6292,11928,-170,-145,127,6664,-9592,10376,1,109,-213,-13232,4968,6432,-1014,160,-118,-13368,-5080,7452,-485,215,-67,0
1069.8296999931335,8068,6336,11680,-136,-160,145,6844,-9764,10172,-87,102,-198,-13244,5004,6056,-986,171,-48,-13548,-5104,7676,-528,136,-127,0
1069.8648970127106,7956,6344,11620,-129,-102,140,6908,-9660,10364,-66,117,-147,-13564,5104,6260,-985,109,-88,-13516,-4900,7496,-525,96,-111,0
1069.9006581306458,8060,6296,11588,-142,-67,111,6680,-9612,10324,-46,161,-147,-13472,4900,6256,-1026,77,-66,-13524,-5052,7400,-765,97,-132,0
1069.936233997345,8096,6368,11640,-105,-30,93,6904,-9768,10308,-33,136,-152,-13396,4868,6164,-1000,76,-99,-13824,-4976,7192,-529,101,-125,0
1069.973377943039,8088,6280,11884,-111,-28,103,6860,-9668,10308,-53,149,-186,-13280,4904,6124,-1029,60,-38,-13524,-4896,7440,-257,115,-133,0
1070.0069780349731,8012,6252,11760,-128,-37,92,6920,-9664,10316,-49,157,-171,-13264,4848,6224,-987,60,-46,-13436,-4832,7472,-501,130,-125,0
1070.0404720306396,8020,6336,11672,-141,-101,52,6764,-9672,10376,25,154,-180,-13252,5020,6132,-1042,63,-119,-13452,-4976,7544,-467,192,-127,0
1070.0738580226898,8008,6356,11640,-156,-59,95,6740,-9796,10424,-18,125,-213,-13188,5048,6100,-1033,132,-133,-13416,-5084,7548,-489,201,-97,0
1070.1074240207672,8068,6388,11756,-143,-83,114,6912,-9656,10380,-31,122,-197,-13312,4952,6116,-1012,119,-118,-13508,-5048,7612,-494,169,-123,0
1070.140697002411,8096,6504,11740,-169,-63,98,6736,-9916,10400,-31,164,-158,-13216,5016,6296,-983,58,-82,-13504,-5104,7496,-455,113,-145,0
1070.1743121147156,7908,6412,11904,-140,-85,95,6688,-9768,10432,-66,159,-160,-13060,4944,6296,-1006,40,-89,-13432,-5076,7648,-540,147,-122,0
1070.2079119682312,7944,6300,11828,-96,-91,124,6744,-9624,10268,-80,140,-179,-13164,4920,6296,-970,86,-47,-13396,-4964,7392,-521,160,-99,0
1070.2414021492004,7964,6352,11528,-135,-113,139,6636,-9668,10320,-53,118,-176,-13188,5060,6132,-989,160,-133,-13476,-5124,7508,-478,163,-97,0
1070.2749259471893,8168,6240,11724,-118,-54,144,6760,-9940,10340,-33,64,-192,-13280,4924,6192,-1049,149,-119,-13432,-4976,7544,-532,143,-143,0
1070.3082690238953,8184,6328,11688,-97,-52,101,6884,-9636,10368,254,139,-170,-13408,4908,6360,-978,54,-52,-13496,-4992,7272,-544,120,-186,0
1070.3418679237366,8036,6344,11760,-82,247,67,6944,-9716,10260,6,149,-131,-13176,4624,5932,-1004,49,-55,-13548,-4892,7444,-535,149,-175,0
1070.3755390644073,8180,6336,11964,-77,-29,63,6876,-9580,10156,-26,131,-170,-13276,4876,6204,-1061,55,-75,-13804,-5004,7356,-538,126,-138,0
1070.4089510440829,8140,6412,11796,-90,-63,94,6936,-9736,10152,-34,123,-172,-13372,4900,6076,-999,31,-81,-13784,-5052,7624,-510,115,-154,0
1070.4424481391907,8080,6160,11580,-130,-33,78,6780,-9736,10392,-63,170,-153,-13140,4772,6092,-992,24,-67,-13372,-4984,7372,-522,84,-161,0
1070.4758911132812,7684,6424,11532,-123,-21,70,6712,-9480,10468,-31,175,-180,-13268,4936,6244,-1001,38,-34,-13424,-5080,7516,-516,125,-209,0
1070.5095751285553,8152,6544,11948,-134,-32,68,6736,-9976,10336,-2,127,-165,-13204,4944,6228,-1277,92,-67,-13376,-5052,7492,-493,163,-129,0
1070.5428709983826,7920,6188,11828,-131,-35,88,6696,-9684,10352,-25,120,-189,-13272,4924,6164,-967,121,-121,-13464,-5092,7912,-473,183,-100,0
1070.576252937317,7928,6532,11736,-132,-74,77,6780,-9664,10396,-62,111,-172,-13204,4996,6276,-987,144,-123,-13392,-5012,7516,-499,162,-143,0
1070.610134124756,7996,6356,11688,-137,-92,100,6764,-9960,10064,-28,131,-171,-13372,5032,6136,-1017,97,-116,-13408,-5056,7520,-528,179,-122,0
1070.6433670520785,7692,6484,11848,-127,-74,127,6816,-9636,10412,-6,131,-184,-13236,4900,6244,-1025,110,-79,-13480,-5092,7504,-495,152,-126,0
1070.6767420768738,8052,6560,11536,-61,-34,94,6840,-9784,10388,-65,111,-175,-13372,4840,6152,-973,121,-64,-13412,-5116,7400,-494,129,-107,0
1070.710324048996,8004,6144,11520,-195,-54,63,6876,-9696,10240,-10,192,-174,-13360,4868,6060,-978,152,-88,-13444,-4912,7552,-459,168,-98,0
1070.7437031269073,8132,6200,11612,-232,-55,129,6840,-9624,10280,11,177,-189,-13112,4900,5932,-1005,129,-114,-13508,-4964,7480,-416,210,-62,0
1070.776976108551,8024,6340,11900,-198,-81,149,6776,-9636,10320,4,149,-174,-13316,5000,6180,-1038,133,-99,-13696,-5312,7504,-487,174,-76,0
1070.810271024704,7956,6472,11928,-190,-197,141,6784,-9816,10356,-63,159,-190,-13088,5072,6088,-965,134,-72,-13480,-5120,7508,-443,166,-51,0
1070.8439869880676,7976,6336,11988,-169,-187,150,6708,-9748,10452,-46,165,-228,-13244,5004,6340,-975,160,-147,-13136,-4888,7648,-421,221,-66,0
1070.8775789737701,8132,6308,11692,-188,-204,186,6732,-9656,10320,-27,132,-499,-13196,4968,6328,-1042,198,-160,-13368,-5072,7572,-472,511,-28,0
1070.9111111164093,7908,6320,11832,-194,-211,180,6768,-9708,10328,-255,93,-242,-13148,4852,5972,-1014,214,-173,-13516,-4956,7620,-492,222,-73,0
1070.944706916809,8004,6320,11956,-186,-175,146,6780,-9584,10416,-21,91,-248,-13304,5000,6080,-985,165,-128,-13444,-4960,7584,-475,243,-28,0
1070.9779300689695,8036,6368,11824,-219,-166,178,6840,-9780,10340,-15,117,-255,-13204,4920,6032,-997,190,-144,-13464,-4984,7480,-462,249,-58,0
1071.0147259235382,8020,6168,11740,-191,-197,194,6856,-9760,10236,249,91,-246,-13272,4808,6284,-1278,208,-179,-13532,-4992,7472,-470,248,-48,0
1071.0505261421204,8104,6352,11672,-197,-234,170,6840,-9576,10412,-19,94,-240,-13256,4956,6468,-1012,159,-128,-13476,-5056,7536,-489,223,-39,0
1071.0857141017914,8064,6156,11572,-184,-188,168,6728,-9664,10268,-16,117,-218,-13332,4928,6072,-1269,172,-124,-13408,-4932,7404,-482,209,-95,0
1071.1212739944458,8444,6368,11776,-222,-199,158,7144,-9632,10324,-9,129,-211,-13284,4876,6296,-1010,121,-95,-13604,-4988,7540,-515,164,-87,0
1071.1571929454803,8036,6168,11676,-165,-150,154,6820,-9680,10320,31,78,-189,-13264,4908,6180,-1046,135,-84,-13580,-4916,7448,-495,164,-65,0
1071.1924149990082,8096,6268,11744,-162,-125,154,6920,-9572,10448,254,126,-191,-13284,4812,5692,-1040,156,-105,-13476,-4904,7516,-504,192,-76,0
1071.2285289764404,8076,6360,11632,-178,-105,130,6844,-9544,10380,-47,108,-185,-13232,4624,6232,-1036,146,-87,-13516,-5020,7400,-484,139,-105,0
1071.263906955719,8028,6256,11716,-148,-100,150,6852,-9716,10344,4,152,-172,-13324,4892,6216,-1037,92,-48,-13480,-5004,7368,-522,135,-118,0
1071.2994859218597,8052,6256,11864,-160,-71,127,6908,-9632,10348,-11,135,-164,-13316,4908,6248,-1035,139,-59,-13372,-4996,7496,-514,103,-109,0
1071.335051059723,8104,6312,11764,-116,-14,127,6832,-9644,10284,-29,124,-138,-13568,4820,5908,-1021,104,-75,-13544,-4992,7436,-508,96,-113,0
1071.3707320690155,8092,6416,11812,-113,-17,83,6880,-9684,10048,-53,133,-149,-13408,4896,6068,-982,92,-100,-13616,-4852,7324,-512,121,-125,0
1071.4062061309814,8180,6408,11748,-142,15,96,6900,-9604,10344,-34,128,-111,-13520,4944,5964,-1016,83,-15,-13504,-4972,7620,-768,94,-164,0
1071.441782951355,8172,6296,11692,-97,33,122,6696,-9728,10428,10,172,-118,-13376,4876,6472,-1058,76,-40,-13460,-4932,7412,-518,55,-142,0
1071.4777021408079,7992,6348,11812,-140,27,113,6804,-9664,10336,-28,131,-112,-13272,4836,6140,-769,55,243,-13520,-5056,7508,-530,99,-141,0
1071.5127971172333,8136,6384,11708,-116,-22,111,6804,-9720,10064,-43,164,-151,-13136,4892,6188,-993,42,-17,-13428,-5084,7456,-514,121,-156,0
1071.5486731529236,8044,6360,11760,-97,-31,105,6792,-9700,10288,-15,135,-175,-13076,4932,6040,-1038,86,-80,-13524,-4976,7536,-539,141,-157,0
1071.584125995636,7748,6392,11732,-91,-15,92,6892,-9692,10320,-31,127,-148,-13472,5100,5976,-1019,85,-37,-13444,-5016,7520,-524,97,-139,0
1071.6201560497284,8092,6272,11704,-104,-47,90,6800,-9528,10660,-40,113,-150,-13308,4652,6176,-959,43,-17,-13496,-5028,7676,-530,118,-152,0
1071.6560380458832,8224,6336,11828,-130,33,77,6816,-9744,10360,-33,155,-118,-13356,4952,6148,-1002,25,-33,-13528,-5052,7512,-517,92,-149,0
1071.689614057541,8100,6316,11680,-109,31,57,6860,-9684,10472,-29,131,-152,-13388,4924,6152,-1022,7,-38,-13520,-5000,7344,-260,100,-167,0
1071.7232041358948,7964,6396,11764,-106,4,88,6756,-9700,10372,-31,118,-133,-13276,4972,5992,-1279,45,-77,-13396,-5028,7364,-768,98,-170,0
1071.756765127182,8136,6352,11740,-89,-50,73,6792,-9652,10472,-48,169,-142,-13544,5008,6220,-1014,35,-89,-13452,-5048,7544,-517,133,-172,0
1071.7903339862823,8100,6388,11900,-162,-40,66,6776,-9672,10360,-40,185,-155,-13284,4980,6380,-984,39,-61,-13588,-5000,7504,-503,80,-175,0
1071.8236210346222,8032,6324,11868,-100,-10,70,6864,-9704,10348,-34,138,-146,-13236,4888,6188,-1020,63,-28,-13464,-4980,7464,-528,101,-144,0
1071.85715508461,7920,6372,11940,-105,-45,77,6792,-9772,10396,-40,176,-136,-13224,4896,6092,-1026,72,-70,-13456,-5036,7596,-499,107,-138,0
1071.8905761241913,8004,6400,11788,-130,-54,76,6768,-9676,10400,-35,135,-166,-13228,4656,6312,-973,43,-41,-13376,-5092,7552,-508,101,-165,0
1071.9242250919342,7932,6144,11828,-165,-48,81,6708,-9696,10452,-38,183,-172,-13280,4988,6388,-962,8,-85,-13404,-4996,7484,-768,137,-133,0
1071.9580850601196,7696,6568,12020,-140,-52,76,6812,-9668,10128,-16,169,-177,-13236,4936,6084,-1021,46,-61,-13344,-5120,7412,-493,118,-150,0
1071.9917349815369,7704,6652,11672,-126,-33,98,6716,-9656,10544,-24,148,-181,-13232,4976,6260,-1280,67,-56,-13504,-5092,7552,-491,134,-143,0
1072.024964094162,8020,6144,11692,-161,-70,72,6836,-9628,10332,-54,170,-185,-13244,4936,6232,-974,84,-50,-13512,-5068,7532,-485,117,-136,0
1072.058571100235,7968,6152,11616,-143,-19,76,6752,-9716,10176,-47,154,-185,-13204,4968,6120,-972,99,-81,-13472,-4948,7488,-488,130,-139,0
1072.0921010971067,7976,6652,11852,-144,-38,73,6668,-9704,10296,-31,141,-166,-13244,4932,5932,-1003,68,-93,-13416,-5052,7488,-482,143,-138,0
1072.1257791519163,7932,6440,11884,-137,-37,87,6740,-9692,10412,-46,147,-150,-13200,4920,6324,-1014,75,-46,-13488,-5108,7396,-490,103,-142,0
1072.159138917923,8116,6472,11540,-133,-31,76,6724,-9764,10288,-50,129,-169,-13276,5032,6064,-972,54,-56,-13548,-5008,7392,-503,117,-166,0
1072.1925580501556,8064,6332,11984,-117,-16,88,6780,-9612,10256,-26,138,-169,-13212,5012,6256,-1000,76,-78,-13488,-5012,7360,-529,156,-135,0
1072.22594499588,8184,6460,11660,-125,-28,119,6720,-9664,10360,-8,128,-168,-13296,4896,6284,-1058,93,-58,-13276,-5072,7536,-259,128,-125,0
1072.2595059871674,7772,6312,11844,-122,-75,97,6812,-9620,10308,243,117,-180,-13304,4868,6156,-777,104,-90,-13556,-5036,7636,-491,169,-132,0
1072.2930679321287,8008,6324,11876,-171,-62,81,6832,-9648,10488,-39,141,-165,-13304,4892,6276,-1008,115,-78,-13532,-4932,7620,-494,136,-111,0
1072.3267469406128,7916,6368,11812,-153,-64,92,6708,-9968,10424,-22,137,-166,-13264,5028,6292,-999,110,-49,-13416,-5072,7480,-477,181,-111,0
1072.3600389957428,7948,6600,11852,-161,-105,104,6800,-9528,10472,6,135,-208,-13316,4952,6260,-1021,95,-110,-13504,-5032,7728,-472,207,-94,0
1072.393343925476,7816,6444,12004,-211,-164,157,6724,-9620,10556,7,122,-218,-13128,5004,6240,-1017,157,-140,-13376,-5236,7588,-493,214,-74,0
1072.4269399642944,8188,6496,11600,-168,-166,146,6796,-9948,10080,-43,128,-230,-13192,4992,6232,-985,147,-125,-13380,-5084,7552,-479,200,-65,0
1072.4602830410004,7956,6328,11736,-156,-195,169,6744,-9480,10060,-78,132,-223,-13140,4956,6224,-962,161,-135,-13392,-5052,7628,-479,188,-49,0
1072.4940609931946,7936,6332,11604,-166,-178,149,6764,-9680,10436,-21,45,-222,-13256,4900,6416,-997,148,-104,-13480,-5068,7668,-467,159,-91,0
1072.5276930332184,8024,6296,11744,-180,-173,130,6864,-9684,10444,-16,158,-199,-13380,5064,6264,-993,112,-82,-13548,-5072,7492,-475,191,-94,0
1072.561331987381,7936,6320,11680,-220,-112,117,6812,-9684,10288,11,154,-225,-13272,4952,6184,-996,131,-146,-13468,-5012,7560,-451,202,-81,0
1072.5948340892792,7976,6332,12016,-205,-179,135,6812,-9652,10452,-8,134,-243,-13340,4908,6028,-1015,163,-151,-13340,-4904,7328,-481,242,-29,0
1072.6283700466156,7928,6336,11736,-206,-202,169,6924,-9756,10460,-36,92,-245,-13292,4860,6200,-773,215,-134,-13396,-5064,7504,-471,207,-40,0
1072.6616079807281,8036,6380,11656,-142,-201,165,7024,-9620,10280,-37,118,-231,-13292,4888,6220,-995,174,-112,-13472,-5108,7460,-475,169,-57,0
1072.6996159553528,8092,6348,11688,-192,-164,140,6744,-9636,10340,-20,126,-231,-13260,4952,6248,-1000,181,-91,-13616,-4924,7488,-445,164,-77,0
1072.7350461483002,7836,6260,11748,-215,-111,145,6744,-9692,10332,-249,139,-155,-13528,4964,6076,-994,140,-96,-13360,-4884,7440,-446,119,-91,0
1072.7707800865173,8052,6344,11712,-158,-107,150,6820,-9588,10400,-22,123,-167,-13312,4888,6044,-1003,143,-81,-13516,-5024,7512,-465,104,-77,0
1072.8062131404877,7824,6164,11684,-192,-98,136,6748,-9548,10420,-44,151,-177,-13232,4928,6292,-1017,123,-61,-13540,-4944,7208,-488,144,-78,0
1072.842378139496,8116,6280,12020,-183,-168,144,6820,-9660,10332,-36,102,-211,-13224,4868,5908,-1000,136,-168,-13404,-4828,7560,-262,244,-80,0
1072.8782510757446,7936,6424,11756,-132,-196,154,6836,-9876,10300,-9,106,-506,-13216,4636,6012,-1021,183,-117,-13460,-5004,7288,-518,502,-69,0
1072.913108110428,8044,6348,11624,-129,-155,129,6896,-9860,10296,-20,81,-4,-13204,4644,6380,-1002,159,-155,-13460,-5048,7356,-492,201,-122,0
1072.9492011070251,8148,6388,11840,-190,-177,133,7136,-9688,10384,-43,75,-226,-13488,4976,6208,-1007,153,-112,-13528,-4948,7208,-467,163,-72,0
1072.9841530323029,7984,6376,11764,-167,-92,136,6888,-9900,10464,-48,133,-220,-13264,5004,6128,-977,129,-91,-13460,-5040,7368,-507,155,-143,0
1073.0197479724884,8072,6296,11780,-128,-47,121,6892,-9692,10348,-37,150,-165,-13260,4924,5992,-978,90,-89,-13484,-4928,7380,-497,137,-159,0
1073.055577993393,8048,6204,11548,-118,-5,91,6772,-9532,10304,-42,118,-179,-13304,4828,6304,-1024,78,-52,-13468,-5084,7344,-514,127,-136,0
1073.0912101268768,8124,6304,11924,-142,-21,91,6892,-9620,10440,-53,158,-161,-13296,4876,6152,-966,55,-85,-13556,-4960,7380,-500,128,-150,0
1073.1271059513092,8040,6300,11616,-84,-248,38,6840,-9488,10316,-41,158,-151,-13080,4908,6320,-992,-10,-63,-13444,-5000,7512,-489,118,-181,0
1073.162307024002,8188,6632,11548,-88,18,67,6776,-9700,10412,-256,170,-152,-13172,4912,6148,-976,67,-82,-13472,-4936,7464,-463,94,-150,0
1073.1975309848785,8060,6312,11548,-108,22,57,6744,-9692,10348,-86,170,-165,-13280,4668,6084,-968,62,-78,-13348,-5012,7404,-500,118,-153,0
1073.2332999706268,7976,6172,11992,-128,-21,100,6776,-9672,10408,-38,178,-148,-13248,4888,6164,-988,85,-88,-13472,-5012,7552,-492,112,-162,0
1073.2687211036682,8060,6396,11668,-98,-2,92,6764,-9624,10308,-75,143,-122,-13216,4900,5912,-932,77,-35,-13512,-5008,7548,-510,121,-151,0
1073.3033740520475,7984,6372,11964,-95,8,94,6784,-9672,10316,-84,186,-140,-13212,4844,6316,-925,41,-34,-13440,-5120,7472,-503,108,-174,0
1073.3395450115204,8064,6408,11664,-85,-32,52,6860,-9732,10376,-46,180,-158,-13244,4836,6192,-920,43,-54,-13736,-5036,7568,-507,129,-163,0
1073.3730111122131,7964,6624,11868,-116,-68,55,6772,-9664,10304,-88,163,-183,-13212,4992,6188,-900,79,-86,-13484,-5020,7616,-526,170,-168,0
1073.406456947327,8008,6428,11644,-78,-59,57,6876,-9752,10356,-74,139,-193,-13084,4896,6364,-919,68,-107,-13432,-5276,7612,-505,168,-147,0
1073.4399919509888,8076,6580,11984,-70,-49,63,6888,-9764,10272,-91,141,-186,-13404,4892,5936,-856,111,-84,-13464,-4968,7512,-531,156,-131,0
1073.4735260009766,7964,6640,11964,-107,-68,89,6812,-9816,10348,-72,159,-196,-13312,5008,6140,-805,100,-79,-13532,-5020,7624,-683,287,-167,0
1073.5070509910583,8072,6340,11912,-110,-52,78,6748,-9940,10312,-51,156,-181,-13396,4864,6288,-820,251,-42,-13484,-4892,7624,-503,187,-175,0
1073.5405750274658,7968,6652,11608,-66,-54,103,6840,-9672,10360,-61,133,-171,-13172,4932,6200,-849,18,-84,-13480,-5048,7392,-486,159,-159,0
1073.574427127838,7912,6452,11756,-80,-50,70,6920,-9792,10308,-79,158,-161,-13256,4932,6284,-872,68,-83,-13416,-5084,7276,-489,91,-133,0
1073.6080090999603,7928,6468,11724,-87,-48,98,6756,-9684,10280,-36,142,-186,-13264,4976,6016,-948,71,-81,-13504,-5080,7620,-511,73,-152,0
1073.6413159370422,7892,6468,11724,-131,-44,86,6752,-9692,10496,-22,121,-151,-13232,4952,6228,-918,84,-30,-13544,-5280,7552,-493,120,-163,0
1073.6749041080475,7996,6352,11816,-122,-10,73,6764,-9624,10372,-45,149,-206,-13308,5052,6236,-931,107,-57,-13512,-5040,7404,-511,176,-161,0
1073.7084250450134,7884,6352,11800,-127,-44,87,6724,-9616,10300,-44,132,-208,-13288,4976,6144,-886,78,-85,-13448,-5324,7660,-532,196,-140,0
1073.7420511245728,7924,6380,11844,-146,-30,88,6784,-9676,10348,-69,139,-212,-13120,4868,6360,-919,102,-107,-13448,-5012,7540,-534,210,-144,0
1073.775668144226,7980,6476,11724,-116,-59,97,6760,-9856,10452,-81,117,-208,-13148,5076,6268,-866,113,-158,-13436,-5116,7448,-551,208,-143,0
1073.809282064438,7920,6412,11724,-120,-83,103,6800,-9568,10288,-75,114,-179,-13292,4996,6088,-875,117,-133,-13496,-5088,7424,-542,193,-133,0
1073.8429141044617,8120,6440,11596,-139,-51,109,6836,-9476,10356,-36,122,-167,-13288,5036,5988,-912,100,-63,-13436,-5052,7440,-556,191,-126,0
1073.8765840530396,7956,6468,11740,-121,-63,94,6876,-9720,10276,-29,110,-207,-13216,5028,6096,-941,85,-70,-13460,-4988,7452,-519,186,-118,0
1073.9097521305084,8072,6452,11604,-151,-63,103,6820,-9580,10404,0,149,-205,-13328,4928,6132,-963,78,-110,-13436,-5020,7516,-495,177,-91,0
1073.9433300495148,8172,6636,11904,-197,-78,104,6816,-9672,10384,-255,133,-224,-13288,4980,6232,-980,152,-143,-13408,-5080,7516,-431,173,-52,0
1073.9769179821014,7968,6384,11880,-184,-162,120,6880,-9764,10408,-40,129,-222,-13076,5104,6136,-989,155,-171,-13396,-4900,7252,-464,140,-47,0
1074.010509967804,7908,6328,11816,-201,-215,146,6672,-9804,10488,-14,119,-226,-13172,5088,6356,-1050,120,-95,-13448,-5048,7640,-458,187,-93,0
1074.0441300868988,7924,6392,11740,-148,-183,165,6792,-9632,10280,-254,128,-231,-13224,4948,6148,-1066,145,-112,-13464,-5004,7376,-458,166,-81,0
1074.082473039627,7892,6644,11712,-176,-163,129,6784,-9740,10440,-29,106,-214,-13216,5004,6120,-1001,174,-124,-13372,-5128,7500,-467,204,-70,0
1074.1159739494324,8044,6360,11880,-236,-147,119,6824,-9728,10280,5,105,-226,-13276,5012,5824,-1038,169,-148,-13500,-4992,7376,-405,219,-48,0
1074.1496250629423,8084,6188,11784,-237,-182,155,6888,-9632,10336,15,130,-217,-13168,4964,5964,-1100,126,-168,-13468,-5100,7464,-420,205,-74,0
1074.1831300258636,8016,6628,11664,-225,-177,149,6824,-9672,10608,-2,124,-194,-13332,4932,6068,-1051,147,-82,-13568,-4992,7484,-448,168,-61,0
1074.2167310714722,8000,6360,11580,-208,-202,159,6900,-9560,10368,-44,107,-209,-13248,4952,6040,-1021,155,-109,-13428,-5040,7400,-453,196,-63,0
1074.2502980232239,8016,6396,11932,-212,-203,160,6844,-9696,10344,-41,132,-225,-13544,4876,5984,-1061,165,-166,-13468,-5000,7372,-457,235,-63,0
1074.283489942551,8048,6368,11732,-206,-195,131,6836,-9672,10336,7,98,-4,-13280,4972,6208,-1050,150,-160,-13552,-4876,7432,-489,237,-88,0
1074.3172240257263,8068,6396,11704,-191,-166,139,6836,-9700,10356,-24,97,-251,-13328,4924,6080,-1022,126,-118,-13440,-5000,7300,-470,183,-87,0
1074.3528101444244,7996,6440,11768,-219,-145,143,6836,-9664,10444,9,116,-192,-13244,4924,6000,-1039,161,-114,-13492,-5000,7408,-449,172,-61,0
1074.388159990311,8044,6204,11748,-214,-122,145,6836,-9752,10224,-38,134,-210,-13264,4924,6240,-1038,129,-89,-13520,-5020,7416,-481,170,-106,0
1074.4237239360807,8024,6296,11876,-183,-150,140,6788,-9704,10324,-2,110,-186,-13276,4948,6052,-1036,153,-123,-13436,-4948,7312,-466,180,-84,0
1074.459643125534,8020,6408,11596,-175,-174,143,6836,-9716,10304,-53,102,-218,-13240,4852,6008,-1028,154,-97,-13536,-5068,7344,-490,178,-58,0
1074.494688987732,8116,6324,11832,-205,-170,153,6664,-9592,10452,-25,93,-214,-13284,4992,6092,-1015,158,-122,-13512,-5008,7464,-481,169,-54,0
1074.5297451019287,8076,6372,11756,-171,-173,136,6812,-9728,10400,-17,100,-206,-13172,4920,6144,-1278,128,-120,-13744,-4952,7380,-493,192,-62,0
1074.565778017044,8084,6440,11644,-121,-179,143,6852,-9660,10208,-36,109,-212,-13244,5012,6284,-1017,115,-106,-13496,-4972,7448,-504,174,-89,0
1074.601900100708,8052,6556,11724,-173,-167,124,6756,-9632,10452,-24,113,-233,-13224,4932,6024,-986,138,-142,-13396,-4964,7376,-474,159,-66,0
1074.6382291316986,8132,6348,11556,-163,-125,154,6832,-9496,10388,-68,138,-216,-13356,4948,6028,-1023,165,-139,-13396,-4708,7636,-494,187,-82,0
1074.673742055893,8100,6356,11692,-163,-149,152,6900,-9584,10392,-3,83,-217,-13384,4860,6336,-1043,131,-115,-13488,-4964,7408,-496,198,-103,0
1074.7101910114288,8084,6264,11620,-141,-122,115,6848,-9688,10396,-4,109,-185,-13292,5024,6044,-1018,130,-75,-13316,-5028,7344,-488,140,-123,0
1074.7452790737152,8356,6308,11664,-126,-97,115,6928,-9604,10024,-55,125,-181,-13532,4872,6140,-997,106,-103,-13488,-5116,7336,-502,129,-161,0
1074.7807490825653,8080,6300,11680,-123,-51,93,6888,-9632,10200,-40,148,-169,-13388,4932,5912,-1021,97,-39,-13532,-5008,7404,-505,77,-156,0
1074.81618309021,8156,6340,11640,-135,53,100,7020,-9684,10256,-20,125,-127,-13348,4804,6064,-1020,71,-59,-13536,-4996,7404,-455,86,-146,0
1074.8517529964447,8164,6228,11808,-176,66,113,6656,-9676,10464,7,172,-150,-13340,5116,6116,-1021,96,-44,-13528,-5296,7584,-494,141,-125,0
1074.8880620002749,7960,6432,11544,-151,-48,102,6812,-9528,10308,-37,133,-197,-13280,4880,6224,-1042,86,-78,-13736,-5068,7468,-485,173,-130,0
1074.9235360622406,8132,6340,12028,-93,-77,92,6812,-9768,10344,-42,144,-220,-13172,4976,6148,-1015,81,-107,-13480,-4968,7464,-501,190,-126,0
1074.9593629837036,8032,6292,11668,-138,-56,113,6688,-9684,10244,-33,128,-202,-13208,4952,6176,-1014,113,-83,-13496,-5020,7516,-520,157,-97,0
1074.994183063507,8068,6256,11960,-116,-102,118,6928,-9644,10336,-27,112,-195,-13260,4984,6240,-1277,121,-82,-13476,-5020,7440,-482,118,-115,0
1075.0301320552826,8024,6336,11672,-165,-75,137,6948,-9624,10296,-37,136,-156,-13268,4956,6256,-988,112,-99,-13508,-4964,7420,-483,107,-107,0
1075.063668012619,8136,6308,11932,-141,-42,106,6888,-9520,10368,-56,135,-185,-13076,4884,6148,-1007,141,-61,-13544,-4952,7168,-766,149,-116,0
1075.0970120429993,8088,6380,11764,-124,-49,134,6832,-9600,10356,-32,124,-157,-13276,4932,6248,-1031,141,-91,-13404,-5016,7336,-541,178,-97,0
1075.1304750442505,7980,6336,11556,-143,-91,137,6728,-9636,10360,-44,109,-185,-13356,4828,6176,-769,167,-64,-13496,-4968,7652,-509,167,-86,0
1075.1637279987335,8104,6324,11632,-123,-106,117,7044,-9664,10284,-53,127,-201,-13324,5092,5956,-1013,129,-110,-13556,-4908,7444,-477,154,-135,0
1075.1973371505735,7952,6332,11640,-135,-98,94,6928,-9696,10336,-7,149,-188,-13416,4888,6088,-1029,97,-100,-13580,-4940,7288,-502,125,-134,0
1075.2308311462402,8396,6300,11652,-141,-71,119,6948,-9712,10248,-21,148,-157,-13312,4976,6092,-1023,79,-51,-13328,-4940,7672,-460,128,-136,0
1075.2643640041351,7968,6328,12020,-189,-47,115,6880,-9672,10324,-28,158,-165,-13272,5020,6312,-1023,76,-53,-13500,-4972,7192,-485,128,-101,0
1075.2976949214935,8060,6320,11796,-169,-69,126,6824,-9764,10292,-37,140,-177,-13524,4972,5956,-994,119,-62,-13464,-4744,7504,-517,142,-115,0
1075.331244945526,7960,6304,11980,-136,-80,123,6776,-9624,10168,-44,129,-175,-13220,5108,5972,-1037,102,-81,-13520,-4984,7456,-484,172,-120,0
1075.3647921085358,8112,6432,11976,-113,-52,126,6776,-9632,10408,-8,100,-173,-13224,4932,6176,-1036,126,-98,-13392,-5356,7404,-516,165,-101,0
1075.3980901241305,7980,6360,11756,-113,-120,99,6852,-9672,10304,-41,105,-202,-13256,4624,6004,-983,131,-77,-13788,-5264,7664,-500,169,-125,0
1075.431627035141,8120,6240,11808,-154,-21,95,6828,-9644,10348,-20,153,-195,-13312,5060,6056,-977,102,-68,-13452,-5028,7296,-489,140,-129,0
1075.465043067932,8012,6364,11848,-139,-47,91,6848,-9764,10308,-31,147,-158,-13320,4860,6032,-991,91,-103,-13328,-5060,7412,-469,130,-106,0
1075.4985139369965,8176,6324,11820,-135,-47,73,6840,-9740,10376,-28,114,-203,-13200,4836,6204,-989,84,-89,-13596,-4928,7600,-482,98,-120,0
1075.5318810939789,8104,6344,11772,-159,-44,85,6868,-9720,10256,-49,150,-166,-13296,4868,6220,-1013,70,-117,-13316,-4956,7484,-489,141,-168,0
1075.5657229423523,8080,6288,11660,-119,-114,93,6732,-9672,10280,-42,150,-172,-13244,4900,6176,-985,71,-53,-13736,-5044,7628,-532,148,-135,0
1075.598906993866,7988,6300,11684,-143,-75,98,6884,-9636,10288,23,143,-181,-13208,4916,5960,-769,107,-75,-13472,-4976,7544,-490,173,-127,0
1075.6323249340057,7984,6372,11588,-141,-84,136,6860,-9604,10284,-18,101,-189,-13232,5024,6116,-1020,135,-119,-13504,-4988,7452,-493,167,-113,0
1075.673530101776,8180,6396,12004,-145,-113,147,6768,-9712,10300,-12,128,-183,-13088,4984,6208,-1004,143,-125,-13528,-4972,7168,-503,122,-74,0
1075.721410036087,8108,6168,11572,-142,-86,87,6828,-9716,10264,-33,154,-157,-13288,4852,6336,-1279,101,-60,-13432,-5020,7624,-501,151,-97,0
1075.7629220485687,8028,6328,11792,-145,-76,111,6864,-9628,10308,-28,121,-168,-13160,4916,5888,-1016,107,-94,-13452,-5060,7336,-515,151,-110,0
1075.796198129654,7720,6372,11684,-156,-87,127,6812,-9612,10256,-50,113,-200,-13212,4700,6208,-987,112,-91,-13520,-5028,7484,-500,168,-131,0
1075.8301191329956,8016,6252,11656,-150,-92,85,6908,-9716,10324,-71,136,-193,-13280,4904,6040,-995,129,-79,-13464,-4912,7240,-501,147,-138,0
1075.8636960983276,8108,6296,11724,-141,-93,96,6780,-9660,10276,-38,127,-171,-13092,5000,6016,-1017,109,-93,-13484,-5024,7420,-495,141,-127,0
1075.8968789577484,8120,6352,11728,-144,-83,128,6900,-9720,10452,-22,117,-205,-13324,4860,6064,-1017,117,-105,-13412,-5136,7396,-482,160,-115,0
1075.9301910400393,8132,6560,11880,-169,-58,97,6840,-9676,10296,-12,133,-199,-13344,4892,6240,-993,98,-72,-13492,-5016,7504,-511,118,-112,0
1075.963979959488,7968,6432,11696,-106,-98,122,6840,-9952,10092,-44,150,-181,-13404,5008,5944,-1002,99,-59,-13528,-4992,7428,-520,141,-115,0
1075.9976029396055,7964,6244,11848,-167,-71,125,6840,-9640,10320,-21,140,-167,-13220,4956,6312,-1071,109,-71,-13456,-4960,7484,-760,171,-96,0
1076.0333139896393,8036,6160,11600,-113,-68,153,6888,-9596,10244,-26,108,-178,-13304,4852,6252,-1033,141,-55,-13504,-5008,7336,-500,122,-88,0
1076.0684900283813,7948,6392,11976,-139,-90,135,6856,-9540,10280,-81,101,-167,-13568,4912,6128,-970,104,-56,-13608,-4992,7420,-487,112,-129,0
1076.1042339801788,8152,6268,11548,-145,-10,102,6796,-9676,10424,-24,118,-155,-13560,4936,6348,-958,132,-71,-13332,-4876,7496,-467,113,-127,0
1076.139722108841,7964,6396,11708,-141,-30,120,6868,-9652,10356,253,143,-142,-13068,4812,6196,-1020,107,-82,-13544,-4948,7248,-484,162,-141,0
1076.1753540039065,8044,6384,11740,-125,-98,118,6660,-9912,10256,-45,175,-164,-13260,4860,6088,-981,111,-102,-13512,-4872,7264,-463,96,-131,0
1076.2106120586395,8056,6652,11748,-135,-100,88,6852,-9732,10256,-67,144,-177,-13564,4984,5896,-994,76,-98,-13332,-4948,7380,-483,111,-138,0
1076.245635986328,8108,6392,11676,-147,-63,71,6900,-9704,10280,-30,165,-181,-13384,4980,6068,-1273,50,-79,-13452,-4928,7304,-492,141,-165,0
1076.2808439731598,8028,6284,11684,-173,-53,93,6864,-9692,10268,-252,160,-160,-13200,4980,6084,-1020,52,-101,-13532,-4980,7680,-507,159,-116,0
1076.3173849582672,7748,6504,11804,-137,-99,109,6716,-9784,10400,-19,148,-186,-13192,5024,6208,-977,100,-104,-13396,-5108,7420,-493,211,-92,0
1076.3523211479187,7804,6648,11528,-166,-142,156,6680,-9744,10596,-5,70,-222,-13216,5020,6140,-966,192,-104,-13336,-4960,7380,-257,181,-72,0
1076.38800907135,7980,6296,12028,-148,-136,149,6916,-9724,10408,-103,87,-217,-13284,4964,6252,-1001,167,-149,-13440,-5056,7380,-267,181,-99,0
1076.4232890605929,8116,6176,11524,-95,-152,116,6860,-9664,10340,-42,116,-199,-13376,5008,6100,-1277,101,-80,-13536,-5116,7376,-517,132,-125,0
1076.4582951068878,8120,6448,11740,-159,-68,106,6936,-9592,10288,-49,178,-147,-13336,4908,6072,-1001,49,-41,-13604,-5024,7356,-505,76,-141,0
1076.4941730499268,8140,6268,11740,-125,-15,52,7140,-9672,10400,-69,179,-143,-13304,4664,5964,-1014,29,-48,-13448,-5104,7356,-492,92,-162,0
1076.5292191505432,7956,6152,11712,-159,-48,107,6688,-9700,10404,14,156,-168,-13252,4904,5924,-1032,95,-82,-13384,-5088,7456,-490,157,-103,0
1076.5649969577787,8040,6392,11996,-110,-68,113,6796,-9480,10336,-69,124,-195,-13220,4924,6056,-994,101,-98,-13456,-4940,7416,-523,174,-144,0
1076.6007149219513,8120,6264,11732,-131,-137,80,6664,-9736,10332,-39,164,-224,-13524,4952,6208,-994,71,-141,-13820,-4900,7516,-462,179,-148,0
1076.6353499889374,8080,6192,11824,-140,-109,76,6764,-9952,10368,-41,141,-199,-13112,4940,6132,-987,100,-78,-13492,-5108,7444,-499,149,-131,0
1076.6728670597076,8076,6152,11772,-153,-37,80,6796,-9728,10224,-33,108,-161,-13304,4924,6044,-1021,72,-34,-13548,-5024,7316,-482,120,-84,0
1076.708615064621,8000,6440,11636,-139,-43,103,6688,-9644,10196,-31,159,-153,-13520,5020,6216,-994,50,-83,-13400,-5052,7676,-491,118,-157,0
1076.742352962494,7940,6156,11572,-147,-97,95,6784,-9592,10276,-49,166,-164,-13292,4880,6324,-1033,84,-73,-13460,-4912,7192,-525,131,-125,0
1076.7757439613342,8032,6296,11736,-130,-87,94,6772,-9660,10464,-17,151,-199,-13332,4920,6088,-1042,96,-65,-13488,-4932,7632,-539,177,-107,0
1076.8092701435087,8088,6148,11760,-107,-74,109,6760,-9768,10308,-34,107,-184,-13216,4972,6068,-1000,151,-81,-13504,-4904,7248,-523,190,-77,0
1076.842803955078,8136,6320,11868,-113,-83,144,6740,-9588,10184,-19,65,-197,-13060,4680,6072,-1014,139,-65,-13520,-4920,7516,-521,167,-117,0
1076.8761410713196,8140,6344,11656,-125,-94,142,6936,-9632,10396,-14,76,-178,-13332,4932,6124,-1034,112,-97,-13708,-5076,7672,-478,150,-103,0
1076.9097421169279,8148,6344,11544,-167,-88,112,6796,-9704,10268,1,111,-182,-13256,4880,6132,-1005,148,-110,-13464,-5072,7452,-507,158,-150,0
1076.9429700374603,7976,6392,11588,-136,-93,83,6744,-9664,10316,-47,157,-174,-13364,4860,6112,-973,81,-59,-13440,-5312,7548,-482,134,-133,0
1076.9766080379486,7988,6396,11656,-130,-81,80,6880,-9696,10268,-43,181,-186,-13092,5036,6184,-996,65,-77,-13456,-5024,7436,-491,146,-152,0
1077.0103240013125,8080,6336,11680,-126,-82,78,6844,-9728,10436,-40,192,-168,-13092,4964,6088,-1031,61,-88,-13464,-4908,7336,-507,146,-149,0
1077.0438380241394,8048,6160,11632,-124,-57,89,6840,-9784,10416,-27,137,-170,-13192,4940,6064,-998,73,-109,-13436,-5096,7576,-466,146,-102,0
1077.0771040916443,7992,6652,11896,-137,-71,111,6772,-9740,10256,-31,121,-172,-13188,5016,6168,-1027,125,-68,-13404,-5076,7416,-487,165,-112,0
1077.1105949878693,8072,6380,11888,-123,-117,132,6904,-9724,10296,-51,113,-191,-13248,4940,6180,-1003,127,-87,-13516,-4904,7656,-540,166,-104,0
1077.1438510417938,8140,6428,11720,-99,-69,133,6832,-9716,10252,-24,129,-195,-13352,4884,6256,-1005,127,-89,-13528,-4908,7440,-550,138,-117,0
1077.1774051189425,8072,6408,11580,-121,-114,114,6948,-9632,10008,-17,161,-188,-13396,4852,6208,-993,67,-104,-13528,-5036,7280,-513,140,-144,0
1077.211032152176,8148,6396,11944,-114,-66,95,6896,-9728,10352,-44,160,-146,-13384,4980,6080,-1000,40,-76,-13524,-5012,7592,-459,108,-161,0
1077.2447619438171,7796,6652,11664,-158,-72,81,6796,-9676,10280,-33,187,-158,-13200,4888,6296,-1007,51,-108,-13464,-5016,7424,-485,157,-97,0
1077.278200149536,8104,6460,11980,-179,-75,108,6812,-9756,10388,-52,106,-199,-13224,4976,6000,-1030,155,-105,-13320,-5088,7544,-502,166,-97,0
1077.3117740154266,7940,6396,11912,-100,-119,145,6816,-9728,10376,-72,110,-212,-13244,4940,6196,-1029,120,-99,-13432,-4944,7364,-757,169,-109,0
1077.345360994339,8020,6328,11696,-122,-107,109,6696,-9676,10036,-13,136,-200,-13124,4628,5900,-1017,94,-47,-13500,-5100,7660,-499,142,-122,0
1077.3787851333618,8008,6372,11560,-148,-67,102,6860,-9596,10368,2,139,-185,-13284,4948,6012,-1035,90,-120,-13556,-4988,7388,-484,109,-119,0
1077.412073135376,8084,6388,11716,-149,-39,104,6660,-9632,10404,-76,139,-152,-13068,5032,6244,-970,102,-75,-13556,-5084,7508,-517,34,-117,0
1077.4456651210785,8132,6392,11964,-154,-66,98,6864,-9800,10188,-18,208,-160,-13072,5048,5952,-1028,42,-52,-13564,-4928,7416,-496,135,-106,0
1077.4792051315308,7992,6612,12028,-163,-86,125,6824,-9796,10224,-14,132,-136,-13296,4960,6188,-1061,75,-38,-13492,-5036,7668,-472,134,-87,0
1077.512706041336,8064,6516,11608,-124,-72,123,6884,-9664,10440,-83,125,-156,-13372,4892,6116,-1001,107,-59,-13432,-5076,7316,-497,109,-106,0
1077.5465590953827,7956,6412,11844,-152,-71,78,6896,-9600,10316,-25,111,-200,-13200,4872,6164,-954,109,-96,-13512,-4956,7392,-487,189,-108,0
1077.5800840854645,7980,6284,11764,-127,-69,118,6884,-9504,10176,-7,127,-188,-13260,4992,6132,-1044,104,-113,-13448,-4988,7560,-484,164,-122,0
1077.6137361526487,8032,6404,11708,-130,-57,115,6864,-9644,10368,20,138,-183,-13348,4948,6140,-1273,60,-81,-13556,-5108,7580,-477,84,-139,0
1077.6472871303558,8060,6372,11864,-141,-25,80,6808,-9680,10248,-53,176,-169,-13088,4936,6132,-1004,80,-63,-13428,-5060,7256,-481,87,-147,0
1077.6806330680847,8012,6384,11756,-140,-49,71,6804,-9728,10444,-57,160,-192,-13204,4920,6140,-987,50,-77,-13432,-4948,7636,-496,150,-144,0
1077.7173280715945,7996,6428,11584,-157,-86,85,6820,-9692,10376,7,127,-182,-13216,4996,6252,-1042,96,-97,-13424,-5072,7416,-534,197,-112,0
1077.7518270015717,7976,6412,11688,-118,-81,99,6916,-9628,10244,-24,107,-206,-13060,4852,6300,-1021,138,-110,-13548,-5112,7460,-258,181,-90,0
1077.788115978241,7992,6396,11572,-138,-100,148,6708,-9660,10488,-31,165,-171,-13504,4944,6204,-958,127,-102,-13568,-5064,7488,-495,151,-87,0
1077.8236870765686,8100,6344,11720,-164,-60,127,6768,-9760,10316,18,135,-174,-13332,5008,6032,-996,139,-46,-13564,-4952,7292,-456,166,-97,0
1077.8592031002045,8124,6368,11940,-178,-88,112,6812,-9700,10248,8,146,-190,-13256,4680,6236,-1021,109,-115,-13512,-4876,7344,-464,171,-115,0
1077.894304037094,7932,6320,11772,-175,-84,115,6876,-9724,10304,-33,112,-180,-13168,4968,5932,-1015,85,-38,-13388,-5140,7408,-527,123,-159,0
1077.9299840927124,7944,6364,11552,-109,-53,92,6892,-9736,10352,-75,152,-158,-13516,5068,6176,-996,37,-49,-13548,-4972,7564,-476,94,-134,0
1077.965157032013,7968,6376,11720,-139,-23,68,6868,-9716,10300,-39,189,-182,-13184,4908,6116,-1043,86,-58,-13480,-4984,7276,-498,142,-150,0
1078.000848054886,7992,6336,11700,-124,-21,92,6784,-9652,10356,-252,143,-178,-13236,5044,6048,-1034,70,-122,-13540,-4996,7428,-496,150,-147,0
1078.0373499393463,8072,6372,11660,-125,-58,110,6880,-9680,9984,-26,100,-184,-13068,4692,6220,-1001,97,-100,-13452,-5080,7420,-767,142,-148,0
1078.0726110935211,8060,6276,11744,-143,-79,73,6708,-9704,10452,-13,122,-180,-13296,4932,6216,-976,65,-77,-13536,-5016,7564,-490,123,-152,0
1078.1082379817965,7956,6148,11520,-122,-39,125,6824,-9756,10292,-26,152,-176,-13292,4968,6352,-977,58,-117,-13428,-5096,7444,-492,87,-142,0
1078.1433849334717,8044,6384,11748,-105,-49,74,6808,-9660,10356,-17,153,-137,-13260,4948,6188,-1277,32,-82,-13520,-4952,7180,-507,123,-153,0
1078.1792521476746,7964,6520,11684,-111,-48,61,6840,-9604,10348,-7,193,-158,-13284,4948,6120,-1007,19,-18,-13400,-5060,7420,-767,57,-152,0
1078.215043067932,8140,6304,11708,-95,10,109,6756,-9676,10320,-52,168,-143,-13544,4892,6156,-1014,30,-75,-13508,-5124,7548,-259,101,-125,0
1078.2507119178772,7944,6380,11616,-154,-12,54,6832,-9688,10408,-46,142,-175,-13252,4848,6132,-967,83,-22,-13492,-5024,7360,-494,136,-157,0
1078.286208152771,8068,6464,11804,-133,-33,65,6792,-9696,10492,-32,144,-181,-13208,4960,6124,-967,93,-53,-13452,-5052,7416,-466,150,-152,0
1078.322466135025,8048,6468,11720,-145,-47,108,6892,-9624,10100,7,150,-169,-13248,5000,6268,-1036,84,-78,-13540,-5060,7660,-474,149,-54,0
1078.3591170310974,8004,6508,11892,-177,-98,126,6760,-9704,10556,-21,147,-182,-13272,4880,6304,-990,153,-96,-13488,-5092,7500,-434,206,-69,0
1078.3922491073608,7720,6156,11740,-168,-145,150,6744,-9844,10488,-53,146,-226,-13528,4956,6256,-1012,150,-143,-13548,-4972,7496,-484,213,-68,0
1078.4257941246033,7852,6640,11816,-153,-197,170,6740,-9704,10364,-27,121,-215,-13208,4868,6184,-1017,183,-176,-13544,-5040,7624,-502,241,-68,0
1078.4590821266174,7900,6604,11916,-141,-180,154,6708,-9664,10336,-58,139,-225,-13172,4940,6028,-1024,184,-125,-13440,-4944,7596,-511,205,-43,0
1078.492609024048,7692,6316,12004,-186,-187,166,6816,-9516,9992,-40,118,-217,-13260,5016,6224,-982,172,-109,-13472,-4952,7516,-454,198,-75,0
1078.5261571407318,7988,6356,11892,-227,-156,168,6820,-9636,10348,-16,107,-186,-13312,4924,6360,-1010,211,-105,-13624,-4984,7424,-470,214,-41,0
1078.5601830482483,8044,6412,11888,-234,-189,172,6788,-9696,10340,-16,74,-230,-13312,4968,6104,-988,217,-149,-13496,-4908,7464,-461,268,-60,0
1078.593789100647,8092,6176,11652,-194,-153,176,6832,-9928,10352,-24,85,-245,-13236,4720,5936,-990,210,-162,-13464,-5120,7568,-450,263,-66,0
1078.6274080276487,7964,6344,11700,-204,-227,170,6860,-9720,10200,-29,80,-259,-13264,4920,6328,-993,201,-176,-13392,-4976,7300,-449,261,-15,0
1078.6606690883636,8116,6632,11700,-221,-233,158,6908,-9692,10232,-22,114,-266,-13312,4920,6356,-1000,166,-161,-13352,-5008,7476,-487,204,-69,0
1078.6943199634552,8364,6384,11720,-188,-182,150,6868,-9704,10376,-12,131,-226,-13328,4928,6232,-1012,136,-139,-13496,-5032,7372,-477,191,-76,0
1078.7279181480408,8096,6316,11388,-200,-166,145,6840,-9680,10188,-27,108,-223,-13252,4864,6292,-1271,144,-122,-13516,-4956,7480,-489,178,-57,0
1078.7612869739532,8068,6312,11584,-236,-160,159,6860,-9588,10308,0,129,-209,-13236,4820,6264,-1272,193,-118,-13492,-4960,7368,-458,167,-49,0
1078.7948200702667,8076,6584,11628,-180,-167,160,6888,-9676,10352,-37,125,-214,-13244,4984,6216,-990,182,-140,-13376,-4912,7268,-476,178,-36,0
1078.8284330368042,8056,6600,11728,-196,-202,182,6768,-9728,10648,-25,71,-212,-13252,4808,6236,-1015,192,-143,-13448,-4900,7416,-486,236,-72,0
1078.862174987793,7992,6324,11748,-182,-219,159,6836,-9568,10396,11,91,-216,-13304,4836,6260,-995,147,-129,-13492,-4976,7396,-486,217,-30,0
1078.8953981399536,7972,6388,11740,-162,-184,164,6744,-9680,10396,-27,102,-226,-13432,4948,6316,-983,191,-149,-13456,-5032,7448,-471,218,-46,0
1078.928990125656,8080,6632,11760,-210,-206,132,6968,-9520,10312,-17,108,-246,-13224,4940,6116,-1007,189,-159,-13640,-4868,7468,-440,200,-60,0
1078.9622819423676,7956,6188,11628,-178,-189,157,6808,-9624,10100,-256,126,-217,-13292,4964,6184,-1013,129,-131,-13536,-4912,7432,-476,155,-93,0
1078.9958410263062,8076,6268,11752,-167,-113,125,6904,-9644,10408,7,108,-198,-13368,4836,5980,-1005,107,-77,-13576,-4948,7352,-508,129,-155,0
1079.0294270515442,8108,6308,11724,-141,-93,123,6672,-9672,10276,-26,100,-192,-13204,4916,6008,-773,95,-60,-13524,-4948,7420,-521,147,-132,0
1079.0628609657288,8188,6240,11580,-98,-65,94,6940,-9568,10144,-29,119,-180,-13344,4860,6040,-993,77,-62,-13548,-4928,7360,-519,146,-148,0
1079.0989401340485,7948,6340,11628,-165,-8,81,6900,-9504,10368,-9,135,-131,-13188,4832,6132,-1006,87,-45,-13608,-4980,7576,-499,99,-172,0
1079.1328771114347,8088,6268,11824,-150,38,103,7120,-9604,10064,-3,135,-122,-13352,4932,6152,-1029,69,-59,-13504,-4964,7440,-511,112,-154,0
1079.16641497612,8084,6376,11900,-136,-33,95,6908,-9688,10360,0,149,-135,-13160,4888,6084,-986,83,-61,-13316,-5036,7584,-768,111,-161,0
1079.1999900341034,8128,6388,11868,-119,-16,67,6768,-9692,10412,-27,134,-140,-13368,4868,6044,-999,83,2,-13456,-4920,7220,-514,90,-203,0
1079.2336831092834,8048,6356,11704,-93,-254,68,6836,-9728,10404,-74,166,-142,-13248,4944,5960,-1004,32,-12,-13444,-4884,7472,-523,91,-189,0
1079.2673890590668,8032,6396,11828,-108,41,75,6780,-9592,10404,-26,159,-137,-13248,4968,5956,-1007,11,-41,-13500,-4940,7500,-258,116,-199,0
1079.3010170459747,8024,6164,11740,-104,-247,61,6948,-9756,10400,-63,199,-134,-13104,5064,6348,-982,-4,-50,-13568,-4928,7416,-507,93,-182,0
1079.3345630168915,7972,6396,11576,-110,40,22,6896,-9684,10396,-54,181,-141,-13300,4996,6100,-952,15,-42,-13520,-4888,7492,-257,75,-178,0
1079.3680889606476,8076,6360,11596,-84,4,80,6760,-9580,10456,-43,194,-127,-13336,4944,6024,-974,44,229,-13492,-4884,7264,-516,92,-139,0
1079.4045519828796,8000,6316,11796,-110,-254,75,6836,-9672,10204,-34,159,-141,-13272,4940,5988,-955,70,-44,-13480,-4992,7464,-507,96,-127,0
1079.4397311210632,7988,6404,11524,-142,-34,102,6660,-9960,10040,-67,140,-130,-13272,5000,5992,-983,99,-14,-13448,-5008,7324,-500,84,-124,0
1079.4749341011047,8100,6144,11660,-127,-28,105,7160,-9684,9996,-65,117,-144,-13100,5028,6128,-992,44,-53,-13568,-5028,7668,-258,97,-148,0
1079.5102310180664,8068,6312,11708,-126,-6,88,6924,-9692,10436,-12,143,-125,-13332,4932,6036,-1022,37,-38,-13496,-5040,7212,-537,69,-149,0
1079.545648097992,8096,6328,11620,-79,-13,90,6820,-9592,10500,-21,168,-102,-13288,4964,5988,-776,10,-26,-13496,-5092,7548,-523,71,-168,0
1079.5815269947052,8048,6396,11736,-122,-241,68,6936,-9476,10364,-26,190,-165,-13212,4856,6304,-978,3,-29,-13520,-4992,7664,-501,102,-160,0
1079.6162481307983,8048,6412,11584,-166,8,66,6764,-9712,10408,-32,179,-159,-13528,4944,6112,-946,71,-30,-13384,-4976,7420,-481,122,-158,0
1079.652291059494,7944,6368,11816,-126,-32,54,6744,-9484,10368,-25,155,-154,-13188,4892,5904,-1006,69,-68,-13564,-5000,7612,-470,143,-134,0
1079.6881730556488,8016,6484,11844,-144,-62,113,6780,-9488,10152,-24,119,-178,-13336,4964,6332,-994,76,-60,-13356,-5056,7468,-497,106,-139,0
1079.7236280441284,7768,6392,11740,-147,-58,93,6784,-9776,10364,-66,165,-162,-13268,4976,6176,-973,53,-83,-13468,-5056,7608,-489,130,-156,0
1079.7593259811401,8128,6340,11692,-107,-31,81,6784,-9664,10384,-24,137,-171,-13224,4988,6132,-1020,64,-60,-13372,-5024,7596,-523,159,-155,0
1079.7940130233765,7976,6216,11812,-129,-41,109,6792,-9720,10464,-24,138,-156,-13152,4880,6136,-1044,90,-77,-13424,-4984,7524,-550,154,-159,0
1079.8297550678253,8072,6380,11800,-127,-62,105,6732,-9700,10444,-20,120,-154,-13256,4952,6240,-1015,95,-47,-13488,-4996,7184,-260,141,-134,0
1079.86510515213,8036,6352,11756,-137,-46,115,6824,-9660,10328,-15,115,-173,-13232,4968,6300,-1000,85,-73,-13552,-5280,7520,-533,131,-117,0
1079.9007229804993,8004,6160,11580,-136,-40,123,6748,-9684,10044,-36,136,-174,-13200,4860,6208,-999,88,-71,-13424,-4996,7200,-501,137,-105,0
1079.9361839294434,7944,6452,11752,-118,-30,109,6832,-9720,10248,-50,124,-175,-13308,4928,6192,-1006,137,-71,-13428,-5032,7484,-476,146,-147,0
1079.9717569351196,8004,6388,11984,-149,-63,104,6824,-9640,10240,-35,171,-187,-13348,4896,6296,-1011,80,-108,-13340,-4872,7648,-485,142,-113,0
1080.0077459812164,8000,6556,11804,-200,-97,99,6872,-9728,10332,39,193,-211,-13336,4980,6256,-997,92,-101,-13496,-5084,7548,-438,209,-85,0
1080.044340133667,8004,6448,11788,-234,-151,146,6732,-9748,10400,-7,152,-238,-13532,5004,6368,-1023,170,-133,-13468,-5020,7624,-442,236,-32,0
1080.0782070159912,7708,6608,11660,-119,-224,155,6740,-9688,10388,-77,76,-272,-13224,5020,6216,-981,153,-192,-13360,-5076,7592,-509,256,-54,0
1080.11190199852,7948,6332,11560,-121,-268,135,6628,-9664,10240,-54,103,-258,-13208,5116,6256,-985,151,-173,-13348,-5004,7568,-482,255,-33,0
1080.1453270912173,8104,6364,11732,-195,-225,167,6760,-9608,10484,-30,106,-223,-13248,4976,6188,-994,216,-134,-13472,-5008,7556,-475,228,-36,0
1080.1790499687195,8024,6440,11568,-212,-180,149,6780,-9952,10348,-21,95,-219,-13424,4904,6096,-1030,218,-117,-13612,-4972,7552,-476,226,-24,0
1080.2123761177063,8104,6364,11740,-236,-180,181,6880,-9740,10368,18,78,-233,-13216,4892,6248,-769,189,-152,-13684,-5032,7208,-461,251,-19,0
1080.2461140155792,7984,6508,12008,-175,-224,175,6832,-9736,10436,-40,99,-240,-13324,5004,6056,-1022,179,-144,-13476,-5100,7432,-487,236,-33,0
1080.2798569202423,8180,6624,11856,-201,-511,188,6988,-9768,10376,-46,80,-264,-13328,4892,6164,-979,230,-193,-13660,-5000,7400,-462,255,250,0
1080.313413143158,8100,6212,11672,-204,-4,177,6932,-9640,10128,-58,73,-238,-13076,4884,6240,-1037,202,-167,-13500,-4932,7400,-467,204,-55,0
1080.347118139267,8116,6220,11624,-166,-217,156,7116,-9588,10424,0,116,-216,-13080,5080,6300,-777,139,-140,-13524,-4892,7428,-465,178,-69,0
1080.3807039260864,8084,6376,11700,-227,-193,148,6864,-9588,10308,19,151,-191,-13316,5008,6164,-1024,106,-105,-13324,-4980,7524,-469,148,-83,0
1080.414144039154,8080,6184,11660,-217,-160,122,6792,-9680,10456,-19,141,-184,-13312,4948,6192,-995,138,-117,-13384,-4992,7632,-503,207,-96,0
1080.4477181434631,8068,6340,11780,-166,-179,135,6968,-9572,10432,-16,117,-239,-13136,4908,6160,-1055,154,-156,-13560,-4944,7320,-497,264,-112,0
1080.4812231063843,8148,6344,11644,-174,-175,141,6820,-9604,10312,-24,36,-240,-13280,4876,5904,-775,227,-167,-13396,-4912,7440,-485,204,-67,0
1080.5144500732422,8168,6192,11656,-138,-184,173,6824,-9608,10196,-32,43,-225,-13208,4836,5888,-1017,189,-123,-13452,-4940,7676,-496,186,-88,0
1080.5482139587402,8148,6336,11644,-133,-161,136,6852,-9656,10432,-33,101,-221,-13296,4924,5996,-995,139,-64,-13540,-4920,7356,-534,158,-108,0
1080.581913948059,8128,6200,11744,-154,-33,101,6940,-9780,10308,-16,157,-171,-13332,5076,6004,-996,66,-36,-13716,-4948,7392,-539,99,-163,0
1080.6154789924622,8204,6348,11652,-137,15,88,6992,-9716,10368,22,171,-134,-13384,4808,6208,-1024,52,-68,-13580,-5032,7300,-520,131,-153,0
1080.6488239765167,8168,6312,11524,-168,-12,81,7020,-9600,10496,-12,164,-143,-13540,4924,6068,-1270,73,-85,-13536,-4916,7536,-766,116,-129,0
1080.6823189258575,8264,6488,11744,-161,-63,95,6928,-9592,10320,-37,126,-192,-13316,4900,6196,-988,122,-97,-13780,-4984,7384,-475,134,-104,0
1080.7156550884247,8088,6396,11584,-135,-87,99,7128,-9736,10460,-66,165,-175,-13336,4896,6152,-972,42,-63,-13464,-4980,7532,-484,160,-116,0
1080.7492921352389,8096,6352,11696,-105,-110,86,6824,-9692,10456,-51,152,-192,-13292,4896,6004,-1007,90,-77,-13468,-4968,7384,-508,167,-131,0
1080.782779932022,8052,6312,11680,-119,-78,95,6736,-9612,10332,251,125,-184,-13200,4916,6112,-1019,102,-99,-13456,-4996,7492,-463,146,-88,0
1080.8164179325104,8036,6224,11696,-158,-23,95,6816,-9684,10200,-21,174,-169,-13224,5104,6276,-979,106,-103,-13480,-4940,7420,-449,123,-140,0
1080.849986076355,8432,6364,11676,-160,-21,105,6840,-9540,10360,-43,142,-169,-13556,4944,5948,-980,121,-67,-13604,-4940,7544,-513,148,-132,0
1080.8834850788116,8072,6324,11624,-134,-63,119,6892,-9776,10360,-33,89,-182,-13244,4932,6068,-773,133,-118,-13492,-4872,7408,-526,167,-129,0
1080.9172549247742,7940,6312,11540,-99,-47,154,6924,-9680,10232,-26,89,-178,-13224,4792,6068,-1012,141,-55,-13476,-4972,7336,-259,181,-90,0
1080.9507660865784,8116,6308,11592,-52,-88,104,6876,-9672,10352,-65,103,-190,-13388,4800,6036,-982,78,-50,-13448,-4984,7436,-494,111,-133,0
1080.9842219352722,8208,6324,11624,-169,-62,58,7016,-9680,10344,1,139,-183,-13356,4868,6356,-968,99,-97,-13568,-4860,7472,-477,159,-159,0
1081.017431974411,8004,6228,11692,-155,55,59,6928,-9584,10288,21,189,-146,-13308,4868,6292,-1018,49,-98,-13512,-4992,7420,-478,140,-109,0
1081.0508289337158,8080,6296,12000,-149,-28,79,6784,-9732,10352,17,130,-191,-13332,4928,6128,-1053,135,-90,-13524,-4924,7660,-493,130,-98,0
1081.0880079269407,8128,6344,11800,-137,-82,130,6956,-9636,10452,-82,142,-171,-13352,4944,6044,-988,75,-32,-13616,-4932,7328,-553,49,-134,0
1081.1233761310577,8244,6340,11596,-134,-46,112,6812,-9520,10224,-77,185,-105,-13252,4608,6188,-997,55,-6,-13672,-5080,7352,-496,89,-139,0
1081.1588480472565,7932,6348,11824,-162,-13,137,6724,-9632,10444,-24,132,-146,-13180,4648,6016,-1046,113,-63,-13456,-4996,7468,-506,167,-65,0
1081.1939070224762,7956,6544,11768,-123,-86,160,6760,-9640,10372,-45,85,-198,-13256,4828,6100,-998,132,-70,-13464,-5044,7196,-529,159,-72,0
1081.2300260066986,7952,6372,11600,-117,-129,140,7124,-9660,10440,-39,92,-184,-13544,4912,6120,-988,151,-85,-13488,-5052,7600,-489,166,-76,0
1081.26570892334,8060,6280,11616,-123,-61,118,6660,-9624,10440,-49,122,-194,-13536,4892,6204,-971,118,-61,-13504,-5004,7416,-468,180,-104,0
1081.3018450737,8080,6304,11800,-147,-58,95,6892,-9700,10292,-14,137,-181,-13272,4848,6064,-987,87,-113,-13428,-5036,7556,-482,150,-123,0
1081.337569952011,8004,6608,11976,-142,-71,103,6876,-9576,10288,-48,132,-190,-13524,4872,6068,-956,97,-75,-13500,-4976,7520,-509,144,-121,0
1081.3727629184723,8016,6392,11576,-121,-78,93,6988,-9636,10208,-82,156,-195,-13396,4872,6096,-928,70,-70,-13560,-4912,7432,-765,124,-154,0
1081.4081449508667,8088,6344,11820,-170,-54,48,6864,-9712,10420,5,148,-185,-13348,4960,5968,-995,82,-79,-13432,-4968,7440,-473,175,-148,0
1081.443629026413,8024,6340,11560,-135,-50,75,6836,-9616,10072,32,141,-227,-13424,4924,6164,-990,141,-120,-13464,-4988,7672,-533,161,-160,0
1081.4794199466703,7988,6236,11736,-131,-115,91,6936,-9744,10380,-10,139,-222,-13396,5004,6144,-981,60,-138,-13420,-4948,7464,-501,184,-153,0
1081.5148680210114,8044,6376,11796,-138,-90,76,6860,-9576,10256,-6,155,-214,-13264,5020,6028,-990,129,-108,-13540,-4916,7516,-501,141,-128,0
1081.550362110138,8068,6312,11600,-118,-43,130,6932,-9612,10320,-41,100,-160,-13292,5100,5940,-1027,134,-67,-13512,-4968,7468,-267,132,-75,0
1081.5854370594025,8120,6152,11676,-140,-85,158,6840,-9616,10292,-47,103,-144,-13084,5056,6236,-1001,110,-38,-13516,-4916,7456,-516,75,-98,0
1081.621237039566,8440,6200,11600,-164,-71,115,6900,-9716,10440,-79,175,-139,-13356,4732,6096,-986,88,-39,-13728,-5068,7368,-498,99,-98,0
1081.656165122986,8436,6332,11592,-140,-42,122,6840,-9636,10560,-66,124,-126,-13356,4800,6016,-1035,97,-70,-13588,-4896,7344,-512,120,-138,0
1081.6917879581451,8104,6416,11880,-141,-60,105,7140,-9652,10488,-47,119,-158,-13120,4764,6320,-997,87,-97,-13456,-5048,7544,-496,128,-102,0
1081.729017019272,8044,6352,11732,-121,-50,85,6888,-9672,10336,-44,124,-159,-13188,4620,5896,-1022,93,-54,-13452,-4904,7440,-478,132,-111,0
1081.7625050544739,8012,6328,11776,-138,-33,81,6888,-9600,10404,-28,128,-164,-13204,4932,6108,-1006,92,-92,-13496,-4996,7596,-461,176,-104,0
1081.7958920001984,8044,6320,11836,-168,-20,87,6748,-9688,10236,-251,81,-186,-13192,4880,5980,-988,103,-107,-13444,-4980,7468,-455,186,-93,0
1081.8295459747314,8020,6280,11772,-150,-46,107,6824,-9640,10488,-47,152,-184,-13424,5044,6084,-996,99,-123,-13528,-4948,7552,-480,105,-128,0
1081.863037109375,7952,6332,11788,-143,-55,94,6856,-9724,10468,-70,158,-174,-13364,5112,5888,-989,78,-81,-13532,-5072,7472,-489,121,-135,0
1081.896435022354,7960,6320,11816,-124,-45,77,6868,-9676,10260,-36,163,-185,-13256,4864,6120,-978,69,-94,-13552,-5052,7504,-503,160,-133,0
1081.9300141334534,8040,6248,11784,-134,-67,88,6856,-9676,10204,-50,123,-191,-13184,4992,6096,-990,105,-69,-13468,-5024,7440,-507,175,-118,0
1081.9634430408478,8088,6276,11820,-112,-89,104,6852,-9652,10264,-28,131,-201,-13172,4876,5948,-993,121,-147,-13564,-5008,7440,-513,173,-115,0
1081.9970819950104,8192,6284,11716,-142,-101,123,7152,-9604,10284,-29,152,-193,-13364,4920,6208,-996,97,-111,-13540,-5048,7456,-497,154,-114,0
1082.0302679538727,8072,6456,11636,-174,-92,130,6856,-9640,10324,-26,169,-161,-13356,4956,5920,-999,103,-88,-13480,-4960,7528,-469,156,-84,0
1082.0638229846954,8080,6368,11776,-151,-122,127,6888,-9680,10372,-34,140,-181,-13264,4848,6220,-1278,106,-99,-13316,-5044,7412,-491,144,-88,0
1082.0971970558169,8136,6328,11596,-94,-107,110,6848,-9644,10400,-41,144,-214,-13360,5072,5992,-980,72,-117,-13560,-5008,7328,-530,153,-150,0
1082.1307289600372,8104,6288,11640,-158,-81,80,6776,-9672,10208,-12,178,-187,-13264,4992,6108,-1014,63,-97,-13456,-4984,7464,-469,133,-133,0
1082.1641581058502,8032,6324,11748,-182,-52,65,6816,-9628,10256,-21,165,-151,-13280,4856,6128,-998,68,-114,-13448,-5008,7496,-473,146,-141,0
1082.1980681419373,8144,6392,11656,-147,-64,69,6840,-9728,10412,-31,148,-176,-13284,4904,6148,-1016,107,-83,-13420,-4940,7420,-476,191,-116,0
1082.231684923172,7996,6236,11524,-148,-81,95,6872,-9644,10344,-37,89,-225,-13320,4912,6208,-1024,119,-74,-13504,-5004,7296,-487,171,-110,0
1082.265281915665,7944,6608,11700,-119,-68,108,6716,-9600,10428,-63,77,-167,-13284,4916,5952,-978,128,-34,-13488,-4952,7188,-517,112,-149,0
1082.2986350059507,8132,6252,11736,-148,-11,76,6876,-9668,10312,-52,86,-131,-13280,4960,5988,-1007,67,-44,-13512,-4948,7464,-566,61,-184,0
1082.3320679664612,8072,6316,11980,-114,54,63,6912,-9584,10164,-5,160,-92,-13244,4864,6008,-1048,92,249,-13456,-4928,7592,-526,14,-150,0
1082.3657510280607,8016,6324,11788,-96,67,104,6824,-9716,10292,-39,160,-120,-13308,4904,6276,-1002,35,2,-13520,-4964,7212,-548,97,-159,0
1082.3989810943604,8064,6468,11688,-163,28,64,6984,-9740,10368,-12,166,-151,-13248,4880,6240,-981,11,-14,-13452,-4920,7380,-496,104,-184,0
1082.4324550628662,8088,6272,11676,-124,13,70,6888,-9672,10296,-19,209,-120,-13396,4984,6336,-999,18,-17,-13548,-4972,7440,-259,93,-168,0
1082.466017961502,8068,6380,11520,-75,4,71,6820,-9712,10408,-46,157,-145,-13216,4876,5984,-775,48,-57,-13384,-4872,7480,-506,40,-167,0
1082.4995400905607,7696,6504,11976,-88,-30,66,6776,-9652,10504,-73,143,-146,-13264,4960,6196,-985,47,-50,-13392,-4892,7220,-498,59,-157,0
1082.5331001281738,8072,6392,11844,-128,-14,53,6796,-9772,10344,-66,197,-152,-13300,4972,6248,-952,6,-13,-13524,-4908,7536,-506,130,-174,0
1082.5666339397433,7944,6384,11980,-141,1,50,6772,-9764,10416,-15,219,-171,-13092,4912,5896,-1017,38,-54,-13468,-4968,7464,-495,142,-172,0
1082.6000220775604,7844,6380,11916,-80,-28,73,6848,-9808,10380,-22,120,-201,-13204,4972,6208,-1033,96,-97,-13392,-5060,7528,-526,166,-142,0
1082.633512020111,8180,6380,11912,-110,-92,87,6860,-9756,10324,252,114,-215,-13240,4940,6224,-988,117,-115,-13476,-4948,7412,-522,180,-142,0
1082.667144060135,8112,6184,11664,-121,-45,95,6824,-9668,10336,-35,121,-174,-13060,5112,6224,-982,119,-86,-13504,-5000,7512,-519,140,-117,0
1082.7005519866943,8060,6276,11652,-123,-82,83,6796,-9492,10188,-4,130,-170,-13064,5104,6112,-994,95,-54,-13528,-5032,7396,-501,136,-133,0
1082.734095096588,8012,6648,12012,-132,-62,86,6864,-9620,10416,-20,156,-165,-13324,4880,6364,-1018,67,-51,-13488,-5000,7524,-516,118,-143,0
1082.7717199325562,7944,6452,11700,-128,-55,74,6868,-9656,10388,-60,198,-144,-13292,4892,6316,-1008,36,-65,-13372,-5024,7540,-499,108,-124,0
1082.8076310157776,8052,6364,11776,-124,-58,88,6812,-9736,10252,-44,145,-183,-13224,5004,6176,-951,85,-119,-13516,-5036,7576,-511,130,-146,0
1082.8427839279175,7960,6400,11792,-153,-47,111,6812,-9508,10364,-32,148,-165,-13220,4968,6212,-1002,91,-60,-13408,-4916,7544,-469,131,-137,0
1082.8781049251556,8128,6340,11600,-147,-17,93,6712,-9768,10424,15,112,-155,-13172,4932,6128,-1005,63,-96,-13428,-5028,7516,-493,164,-140,0
1082.9138090610504,7880,6460,11704,-129,-69,86,6756,-9648,10484,13,136,-190,-13212,4936,6348,-986,114,-89,-13436,-5044,7468,-488,171,-128,0
1082.9488549232483,7984,6464,12016,-170,-76,102,6852,-9676,10428,-40,148,-185,-13228,4920,6320,-959,143,-114,-13512,-4992,7672,-462,188,-84,0
1082.9842910766602,8172,6464,11884,-209,-127,146,6760,-9752,10264,17,157,-207,-13336,5060,6232,-1010,147,-139,-13508,-5072,7504,-462,218,-65,0
1083.020220041275,7992,6440,11812,-210,-219,157,6788,-9716,10260,-29,120,-239,-13264,4956,6216,-1006,137,-147,-13464,-5068,7680,-484,202,-51,0
1083.0555801391602,8028,6516,11556,-130,-208,183,6864,-9760,10408,-64,121,-220,-13136,4932,6552,-966,156,-110,-13464,-5136,7564,-470,168,-53,0
1083.090793132782,8072,6400,11648,-180,-189,137,6800,-9624,10252,-56,130,-206,-13332,4940,5996,-956,188,-98,-13448,-5044,7420,-444,186,-38,0
1083.1273510456083,8068,6280,11688,-206,-158,153,6868,-9932,10240,-13,122,-214,-13224,4960,6364,-1061,188,-127,-13532,-4688,7336,-417,209,-50,0
1083.1624031066895,8144,6352,11688,-219,-175,156,6908,-9676,10472,47,138,-220,-13356,4892,6120,-1004,141,-113,-13464,-5096,7540,-437,165,-56,0
1083.19873213768,7748,6348,11700,-225,-204,178,6828,-9704,10340,-21,109,-238,-13228,4996,6284,-999,188,-125,-13388,-4928,7448,-492,186,-83,0
1083.234256029129,8176,6344,11576,-180,-204,153,6856,-9616,10292,-33,121,-234,-13532,4696,6204,-1003,168,-168,-13432,-5024,7444,-472,215,-32,0
1083.2703189849854,8000,6324,11812,-188,-213,160,7136,-9648,10264,18,55,-257,-13300,4880,6092,-1018,203,-137,-13484,-4992,7284,-489,233,-57,0
1083.3054029941559,8056,6272,11948,-157,-219,181,6908,-9564,10244,-14,66,-238,-13296,5076,6012,-1010,144,-118,-13412,-4964,7488,-489,204,-62,0
1083.3413231372833,7860,6412,11684,-198,-217,131,6784,-9572,10448,-28,122,-198,-13064,4916,5984,-985,126,-119,-13572,-5048,7516,-472,186,-43,0
1083.377624988556,8016,6392,11840,-221,-162,150,6904,-9728,10456,-23,113,-193,-13196,5012,6068,-1025,163,-138,-13480,-5016,7560,-490,205,-61,0
1083.413948059082,8060,6420,11716,-169,-220,139,6832,-9692,10468,-22,124,-234,-13064,5000,6076,-1022,130,-130,-13388,-5052,7336,-466,224,-82,0
1083.4474761486053,8008,6340,11728,-162,-225,142,6712,-9580,10268,-87,114,-267,-13308,4808,6224,-964,137,-170,-13456,-4972,7456,-487,188,-79,0
1083.4811339378357,8000,6256,11820,-183,-214,151,6912,-9564,10276,-60,106,-229,-13300,4976,6128,-1000,165,-143,-13356,-5020,7400,-499,203,-70,0
1083.5148470401764,8212,6288,11684,-166,-159,135,6868,-9724,10240,-35,122,-207,-13264,4860,6012,-1017,132,-66,-13480,-4872,7344,-501,201,-83,0
1083.5483810901642,7944,6296,11772,-124,-142,140,6808,-9636,10340,-33,55,-219,-13280,4940,6116,-1000,142,-98,-13440,-4616,7504,-529,160,-111,0
1083.5817120075226,8168,6296,11608,-108,-114,101,6988,-9584,10428,-40,126,-213,-13480,5116,6124,-982,74,-82,-13412,-4892,7300,-258,137,-140,0
1083.6149909496307,8216,6252,11612,-137,-41,113,6884,-9656,10220,-69,132,-173,-13224,5024,6004,-992,113,-77,-13500,-4952,7432,-504,126,-146,0
1083.6484401226044,8092,6156,11708,-135,0,101,7068,-9624,10240,-31,157,-133,-13280,4944,5980,-994,90,-30,-13584,-4964,7224,-511,102,-138,0
1083.6819491386414,8148,6192,11820,-138,37,96,6976,-9956,10092,-5,150,-139,-13384,4932,5912,-1012,49,-34,-13508,-5032,7212,-472,95,-147,0
1083.7155101299286,8068,6424,11812,-113,10,100,6868,-9596,10360,-5,153,-125,-13296,4948,6164,-1017,35,-27,-13548,-5008,7668,-515,97,-172,0
1083.749242067337,8064,6168,11664,-87,18,96,6920,-9588,10348,-81,168,-149,-13276,4824,6388,-989,62,-77,-13512,-4952,7472,-499,108,-177,0
1083.7828221321106,8008,6288,11664,-154,11,30,6852,-9672,10296,-40,173,-139,-13212,4860,6024,-969,20,-69,-13456,-4928,7432,-514,117,-165,0
1083.8162131309507,8036,6600,11520,-115,17,62,6856,-9664,10448,-23,171,-139,-13232,5028,6116,-978,64,-14,-13396,-5044,7460,-505,114,-178,0
1083.8499240875244,8176,6432,11704,-116,10,65,6836,-9620,10360,-54,161,-121,-13184,4948,6080,-956,50,-250,-13380,-5024,7588,-765,75,-165,0
1083.8833119869232,7988,6340,11692,-163,-11,78,6772,-9692,10448,-62,141,-143,-13200,4920,5916,-980,43,-28,-13492,-4908,7416,-503,81,-163,0
1083.9168820381165,8040,6328,12020,-91,4,91,6776,-9980,10304,-65,124,-151,-13072,4984,6396,-969,51,-37,-13424,-5016,7292,-261,75,-153,0
1083.9505519866943,8116,6212,11760,-97,-249,86,6676,-9736,10312,-49,136,-156,-13244,5028,6116,-980,97,-46,-13388,-4960,7488,-543,101,-148,0
1083.9838371276855,8060,6328,12004,-99,1,109,6792,-9692,10340,-51,132,-139,-13276,4916,6168,-974,40,-34,-13524,-4892,7304,-542,118,-181,0
1084.017429113388,8128,6588,12068,-88,-45,79,7136,-9572,10388,-50,149,-148,-13308,5008,6312,-988,47,10,-13560,-5060,7592,-519,85,-162,0
1084.051052093506,8108,6180,11876,-138,-5,78,6848,-9684,10476,-18,120,-151,-13228,4944,6316,-989,68,-30,-13532,-5016,7452,-496,97,-149,0
1084.0843570232391,8116,6380,11812,-144,10,99,6904,-9772,10444,-11,139,-133,-13352,5048,6120,-1031,29,-48,-13376,-4980,7576,-257,99,-156,0
1084.12246799469,8076,6424,11996,-91,-254,59,6820,-9712,10344,-23,155,-144,-13520,4924,6420,-988,35,-56,-13320,-5012,7288,-527,137,-157,0
1084.1561241149902,8036,6648,11700,-91,-52,88,6868,-9648,10276,-52,157,-163,-13252,4908,6256,-940,19,-70,-13392,-5096,7584,-513,130,-164,0
1084.1900980472565,8012,6328,11748,-133,-37,76,7132,-9856,10368,-30,176,-184,-13304,4952,6124,-996,28,-39,-13412,-4964,7616,-496,119,-189,0
1084.223650932312,7924,6432,11740,-131,-46,58,6900,-9740,10316,8,176,-154,-13264,4924,6152,-1004,43,-102,-13448,-5128,7636,-483,104,-174,0
1084.2572729587555,7880,6436,11868,-153,-53,81,6764,-9712,10312,-27,203,-179,-13260,5004,6092,-993,66,-95,-13548,-4992,7584,-463,138,-142,0
1084.2907230854034,7908,6352,11904,-166,-57,111,6880,-9644,10240,-21,118,-195,-13196,5040,6204,-1001,123,-113,-13356,-5104,7552,-476,161,-121,0
1084.3242380619047,7920,6624,11908,-114,-99,115,6720,-9752,10372,-52,115,-170,-13264,4948,6256,-1005,111,-125,-13612,-4940,7540,-539,222,-101,0
1084.3578369617462,8040,6460,11572,-135,-126,123,6884,-9644,10488,-9,151,-201,-13304,5008,6260,-1027,86,-84,-13404,-4980,7440,-521,177,-100,0
1084.391235113144,7928,6524,11756,-86,-105,108,6876,-9672,10260,-27,124,-164,-13244,4844,6200,-1280,111,-97,-13572,-5080,7304,-261,130,-100,0
1084.4242660999298,8012,6540,11760,-132,-96,106,6792,-9532,10436,-13,171,-182,-13344,4916,5904,-1003,92,-62,-13412,-5044,7176,-492,127,-138,0
1084.4622340202332,8092,6428,11496,-132,20,72,6884,-9720,10316,-18,173,-166,-13264,4828,6144,-1022,31,-77,-13432,-4936,7296,-503,106,-155,0
1084.4980850219729,8076,6608,11696,-127,23,60,6836,-9680,10340,-1,221,-123,-13368,4916,6120,-1009,52,-36,-13476,-5052,7512,-480,125,-116,0
1084.5333800315857,8032,6412,11796,-135,-37,91,6852,-9672,10212,-53,182,-135,-13088,4972,6244,-769,93,-69,-13532,-5128,7524,-471,117,-141,0
1084.568659067154,8132,6440,11896,-131,-71,84,6804,-9736,10456,-45,136,-195,-13520,5032,6332,-982,78,-50,-13408,-5060,7660,-476,126,-146,0
1084.603891134262,7988,6404,11928,-132,-66,100,6776,-9656,10360,-33,169,-181,-13204,4900,6256,-1011,84,-76,-13316,-5024,7492,-501,152,-128,0
1084.6393079757693,7976,6376,11576,-126,-47,91,6836,-9636,10432,-8,166,-154,-13196,4956,6264,-772,80,-69,-13348,-5080,7368,-259,155,-146,0
1084.674516916275,7988,6472,11840,-114,-36,111,6816,-9656,10248,-34,131,-157,-13236,5000,6140,-1019,104,-122,-13408,-5156,7612,-259,176,-160,0
1084.7101521492004,7928,6448,11740,-119,-38,100,6812,-9724,10444,5,148,-158,-13272,5032,6116,-1279,121,-37,-13364,-5108,7576,-477,145,-106,0
1084.745346069336,8056,6384,11820,-170,-46,120,6836,-9820,10340,-7,161,-188,-13304,5048,6188,-1001,138,-111,-13480,-5048,7488,-470,212,-105,0
1084.7811529636383,7916,6364,11792,-217,-128,142,6768,-9616,10308,25,152,-236,-13224,4964,6176,-1002,147,-132,-13436,-4916,7520,-467,250,-30,0
1084.8171639442444,7884,6436,12016,-201,-197,149,6772,-9752,10344,-30,93,-271,-13284,4964,6240,-1024,143,-165,-13488,-5044,7464,-463,249,-56,0
1084.8521499633787,7980,6484,12004,-126,-230,146,6756,-9492,10368,-99,139,-257,-13208,4864,6240,-966,138,-191,-13496,-5032,7524,-481,220,-74,0
1084.8882429599762,8096,6388,11724,-162,-195,139,6780,-9728,10344,-21,167,-245,-13288,4956,6268,-928,142,-158,-13456,-5024,7460,-473,226,-62,0
1084.923753976822,8092,6372,11544,-209,-182,136,6864,-9668,10336,13,154,-234,-13264,4956,6080,-1039,170,-162,-13528,-5028,7560,-451,219,-35,0
1084.9592700004578,8020,6360,11872,-231,-165,128,6860,-9592,10412,19,126,-229,-13396,4948,5948,-1012,161,-127,-13492,-5160,7548,-473,225,-56,0
1084.9943730831146,8064,6152,11964,-185,-155,173,6880,-9816,10468,-26,128,-229,-13224,4812,6260,-971,173,-118,-13580,-5020,7420,-483,192,-56,0
1085.0297520160675,8060,6312,11812,-207,-191,169,6824,-9672,10388,-6,124,-238,-13348,4844,6220,-1032,135,-99,-13472,-5076,7344,-452,220,-42,0
1085.064798116684,8168,6488,11624,-202,-206,175,6896,-9528,10388,-251,76,-215,-13204,4820,6240,-782,174,-125,-13504,-4940,7648,-481,221,-46,0
1085.099869966507,8124,6404,11732,-202,-213,150,6784,-9676,10384,-8,116,-231,-13276,4644,6148,-1006,174,-196,-13532,-5052,7548,-463,227,-40,0
1085.13343501091,8148,6432,11892,-216,-200,154,6856,-9724,10316,-29,127,-240,-13080,4784,5952,-975,164,-142,-13400,-4908,7192,-464,207,-56,0
1085.1669790744781,8044,6252,11604,-195,-172,168,6784,-9652,9988,-59,122,-196,-13264,4916,5908,-1012,146,-96,-13520,-4972,7600,-439,158,-79,0
1085.200317144394,7980,6436,11600,-196,-156,137,6772,-9696,10284,-9,123,-195,-13120,4948,6096,-1005,131,-60,-13512,-5104,7492,-470,132,-72,0
1085.233894109726,8080,6348,11792,-191,-137,143,6744,-9640,10464,-37,113,-191,-13212,4984,6648,-1019,178,-141,-13376,-4948,7668,-485,179,-101,0
1085.267179965973,8004,6280,11648,-142,-171,130,6852,-9640,10272,-63,110,-242,-13304,4948,6260,-1272,157,-161,-13448,-5004,7588,-503,208,-87,0
1085.3005220890043,8124,6272,11668,-137,-146,136,6832,-9624,10360,-24,114,-210,-13200,5000,6112,-1003,142,-106,-13392,-4904,7436,-556,188,-164,0
1085.334270954132,8048,6204,11672,-95,-46,111,6876,-9660,10180,-18,88,-177,-13280,4908,6028,-1011,110,-66,-13372,-4988,7372,-534,135,-172,0
1085.367905139923,8044,6204,11628,-126,-66,99,7148,-9588,10304,-3,126,-173,-13396,4960,6064,-1001,80,-37,-13460,-4912,7300,-257,140,-176,0
1085.4012999534607,8192,6356,11612,-116,39,81,6996,-9808,10336,7,100,-150,-13496,4932,5984,-1011,96,-71,-13460,-5004,7400,-523,99,-171,0
1085.4348530769348,8056,6400,11760,-99,52,55,6856,-9660,10432,-26,108,-125,-13396,4788,5988,-1007,52,-42,-13500,-5044,7476,-515,103,-194,0
1085.4684150218964,8128,6296,11776,-94,39,68,6924,-9580,10292,-50,117,-142,-13360,4912,6168,-1012,39,-48,-13496,-5032,7388,-766,106,-171,0
1085.5019490718842,8040,6440,11624,-127,20,56,6660,-9964,10336,-46,163,-127,-13256,4820,6284,-974,39,-28,-13480,-5052,7372,-502,126,-166,0
1085.5354969501495,8048,6384,11548,-125,-2,46,6660,-9752,10284,-42,209,-166,-13256,4948,6220,-1008,38,-19,-13704,-5080,7260,-486,139,-166,0
1085.5691571235657,8060,6420,11828,-136,255,75,6760,-9712,10240,-24,192,-159,-13292,4916,6208,-992,63,-87,-13448,-5032,7464,-499,138,-202,0
1085.6028521060944,7876,6148,11812,-137,-42,76,6732,-9668,10336,-65,114,-161,-13480,5044,6232,-973,76,-101,-13376,-4964,7644,-496,107,-139,0
1085.6361031532288,8032,6584,11572,-126,-13,83,6792,-9708,10344,-52,133,-164,-13284,4892,6048,-978,92,-86,-13460,-5012,7480,-764,119,-138,0
1085.6698479652405,8032,6356,11908,-114,-32,91,6836,-9492,10268,-48,158,-163,-13284,5096,6232,-978,89,-24,-13460,-4968,7488,-534,118,-152,0
1085.703253030777,8060,6420,11708,-111,-34,119,6784,-9696,10316,-16,148,-142,-13076,4876,6072,-1016,60,-34,-13544,-4956,7492,-523,121,-147,0
1085.736841917038,7956,6300,11716,-109,244,114,6904,-9720,10488,-17,114,-135,-13188,4900,6392,-988,65,-55,-13460,-5124,7432,-534,93,-151,0
1085.770343065262,7944,6424,11564,-112,-29,86,6876,-9692,10312,-57,146,-137,-13308,4864,6220,-968,58,-55,-13500,-4944,7376,-505,105,-152,0
1085.8037879467013,8132,6392,11992,-130,-15,72,6896,-9648,10368,-33,154,-173,-13292,4872,6060,-953,59,-43,-13568,-5008,7400,-463,123,-165,0
1085.837415933609,8120,6332,11608,-140,-47,106,6796,-9640,10136,-12,153,-165,-13232,4852,6080,-1010,73,-60,-13532,-4928,7616,-767,135,-139,0
1085.8709080219269,7992,6300,11744,-96,-17,87,6852,-9624,10392,-10,147,-135,-13108,4892,6280,-987,37,-26,-13476,-5032,7520,-477,88,-161,0
1085.9043231010435,8168,6400,11572,-130,-24,57,6848,-9684,10436,-71,170,-153,-13060,4904,6260,-996,31,-58,-13556,-5100,7648,-500,104,-152,0
1085.9379291534424,8184,6640,11820,-117,-33,51,6792,-9660,10344,-51,168,-158,-13304,5080,6232,-1001,51,-92,-13440,-5060,7244,-757,111,-174,0
1085.97128200531,7752,6448,11996,-143,-37,101,6756,-9704,10468,-20,122,-184,-13140,4984,6312,-1006,79,-78,-13392,-5064,7512,-521,151,-100,0
1086.0045800209045,7888,6392,11796,-112,-57,91,6688,-9728,10340,-31,135,-149,-13216,4896,6264,-1005,91,-54,-13360,-5108,7496,-525,162,-120,0
1086.0382280349731,7980,6244,11800,-120,-89,115,6736,-9684,10360,-32,107,-181,-13216,5008,6176,-979,105,-63,-13556,-4988,7560,-525,173,-127,0
1086.0718140602112,7972,6348,11888,-94,-27,108,6820,-9636,10312,-59,88,-166,-13128,4924,6192,-980,127,-106,-13460,-5016,7428,-531,163,-107,0
1086.1047430038452,7960,6384,11824,-216,-90,145,6900,-9688,10312,13,123,-201,-13260,5036,6388,-1019,154,-113,-13452,-4976,7480,-468,250,-37,0
1086.1428589820862,7980,6416,11780,-166,-166,146,6812,-9724,10456,-42,122,-234,-13196,4908,6224,-1000,132,-131,-13564,-5020,7464,-484,192,-98,0
1086.1780469417572,7964,6348,11724,-132,-142,126,6812,-9672,10288,-98,135,-203,-13232,4928,6076,-964,76,-81,-13456,-4972,7200,-539,118,-144,0
1086.213711977005,7952,6352,11664,-136,-67,68,6844,-9684,10188,-49,180,-163,-13208,4908,6240,-967,28,-52,-13388,-4936,7300,-485,126,-170,0
1086.2496750354767,7920,6352,11992,-168,-20,75,6744,-9712,10408,35,184,-162,-13552,4940,6356,-1015,91,-82,-13136,-5060,7552,-481,156,-124,0
1086.285161972046,8048,6144,11796,-137,-44,97,6752,-9728,10452,-12,137,-195,-13384,4952,6208,-983,122,-68,-13516,-5044,7628,-502,141,-121,0
1086.3212249279022,8056,6340,11800,-136,-114,122,6888,-9692,10352,-67,122,-158,-13456,4936,6332,-964,132,-78,-13444,-5052,7404,-471,131,-99,0
1086.3573739528656,8072,6176,11628,-122,-102,141,6900,-9644,10424,-36,125,-131,-13288,4728,6336,-776,112,-43,-13428,-5328,7240,-502,164,-101,0
1086.392292022705,8100,6408,11752,-144,-54,122,6864,-9700,10448,13,128,-150,-13280,4944,6060,-1041,94,-107,-13376,-5100,7600,-490,160,-161,0
1086.4274489879608,8120,6476,11804,-136,-70,84,6868,-9736,10340,-10,167,-168,-13228,5000,6348,-1015,63,-81,-13464,-5016,7452,-508,155,-134,0
1086.4633140563965,8000,6444,11720,-111,-75,88,6800,-9492,10448,-11,185,-171,-13196,4916,6260,-1002,89,-113,-13480,-5024,7544,-257,144,-142,0
1086.4988660812378,8184,6460,11632,-130,-75,109,6796,-9724,10328,-29,139,-188,-13228,4904,6080,-976,141,-75,-13464,-5060,7496,-487,165,-94,0
1086.5341279506683,7996,6404,11852,-159,-74,137,6784,-9640,10300,-43,85,-204,-13284,4960,6168,-968,162,-81,-13428,-5020,7400,-504,180,-77,0
1086.569687128067,8028,6300,11820,-156,-126,151,6824,-9804,10252,-47,128,-212,-13272,4968,6252,-991,158,-131,-13524,-4948,7428,-495,169,-96,0
1086.6051170825958,8068,6324,11756,-149,-114,126,6880,-9680,10380,-38,139,-170,-13300,5112,6228,-1001,98,-59,-13516,-5076,7552,-764,118,-129,0
1086.6407980918884,8036,6432,11828,-137,-29,61,6904,-9728,10288,0,113,-146,-13172,4928,6120,-984,95,-76,-13424,-5104,7440,-266,126,-141,0
1086.676197052002,8152,6188,11796,-158,-40,84,6840,-9712,10204,-8,167,-181,-13280,4944,6332,-1020,98,-71,-13512,-5008,7448,-498,146,-121,0
1086.7121930122375,7904,6396,11784,-144,-65,98,6888,-9748,10240,-32,158,-153,-13208,4944,6244,-1008,56,-51,-13472,-5060,7560,-504,123,-158,0
1086.7476890087128,8020,6296,11680,-141,-45,92,6784,-9684,10304,-25,143,-157,-13300,4924,6080,-981,69,-48,-13380,-5016,7592,-500,131,-145,0
1086.78369307518,8000,6384,11656,-156,-53,109,6824,-9736,10308,-16,147,-174,-13200,5012,6328,-1006,85,-56,-13380,-5044,7440,-495,140,-121,0
1086.8171300888062,8160,6312,11824,-158,-71,106,6836,-9712,10412,-14,163,-170,-13192,4968,6244,-998,121,-96,-13488,-5060,7556,-481,149,-134,0
1086.8507471084595,7688,6344,11748,-165,-76,104,6852,-9704,10360,-31,146,-182,-13288,4900,6244,-1007,104,-96,-13428,-5076,7548,-478,192,-70,0
1086.8841350078583,8052,6420,11956,-178,-90,87,6804,-9684,10308,5,132,-212,-13204,4916,6296,-1011,133,-105,-13436,-5076,7532,-467,202,-113,0
1086.9176800251007,8072,6440,11560,-190,-130,106,6756,-9712,10324,-248,131,-214,-13144,4968,6324,-1015,137,-87,-13504,-5156,7424,-483,176,-82,0
1086.9512150287628,7692,6300,11860,-189,-176,143,6720,-9952,10284,-22,125,-234,-13172,4980,6232,-984,140,-147,-13448,-5112,7632,-460,212,-59,0
1086.9846339225767,7988,6300,11924,-173,-193,126,6788,-9488,10324,-23,123,-232,-13204,5004,6124,-1006,161,-151,-13524,-5040,7608,-481,216,-35,0
1087.01806807518,8012,6396,11540,-169,-207,164,6828,-9576,10296,-52,115,-224,-13272,5056,6180,-991,146,-66,-13492,-5272,7528,-476,158,-74,0
1087.0516951084137,8068,6360,11736,-191,-155,139,6908,-9696,10368,-21,115,-207,-13264,4932,6160,-998,147,-120,-13488,-5032,7488,-474,173,-61,0
1087.085454940796,7956,6356,11672,-175,-176,144,6824,-9544,10392,-12,135,-219,-13284,4888,6056,-1007,146,-105,-13444,-5104,7468,-426,179,-57,0
1087.1189639568329,8000,6360,11748,-216,-170,139,6888,-9496,10324,-23,94,-231,-13284,4972,6280,-970,169,-139,-13328,-4984,7616,-459,238,-75,0
1087.1522030830383,8048,6388,11800,-226,-173,149,6852,-9672,10212,-4,117,-232,-13252,4908,6080,-1021,166,-165,-13444,-5020,7536,-432,233,-54,0
1087.1858251094818,8048,6308,11864,-188,-177,135,6820,-9660,10208,20,128,-217,-13060,4856,6188,-1016,145,-94,-13504,-5016,7512,-468,159,-93,0
1087.219183921814,8076,6440,11708,-201,-187,133,6768,-9544,10336,-9,129,-209,-13184,4864,6308,-992,148,-95,-13444,-4892,7480,-464,125,-70,0
1087.252848148346,8056,6392,11788,-197,-147,123,6772,-9696,10356,-28,147,-219,-13268,4976,6284,-1007,157,-101,-13472,-5072,7432,-454,168,-92,0
1087.2866389751434,8036,6292,11528,-177,-171,145,6916,-9664,10392,-16,141,-216,-13264,4952,6016,-1009,158,-164,-13436,-4924,7464,-499,235,-68,0
1087.32009100914,8060,6436,11764,-143,-204,137,6820,-9704,10296,-20,70,-230,-13184,4924,6236,-772,168,-127,-13372,-5008,7420,-498,218,-58,0
1087.3533761501312,7952,6284,11680,-168,-206,167,6828,-9584,10316,-21,96,-220,-13172,4824,6104,-1004,195,-86,-13508,-5024,7396,-477,203,-70,0
1087.3871450424194,8060,6580,11904,-185,-135,155,6808,-9592,10420,-28,71,-217,-13288,4924,6128,-1007,172,-91,-13580,-4916,7212,-762,167,-89,0
1087.4205839633942,8072,6380,11664,-126,-93,152,6804,-9652,10288,-28,95,-168,-13400,4948,6164,-1003,135,-63,-13516,-4928,7204,-509,118,-104,0
1087.454211950302,8136,6344,11680,-137,-42,118,6720,-9668,10344,-41,131,-160,-13200,4696,6392,-991,100,-29,-13508,-4980,7432,-509,104,-150,0
1087.4878880977633,8416,6372,11700,-119,-10,82,7140,-9600,10316,-27,161,-152,-13356,4796,6052,-1009,53,-72,-13472,-4900,7240,-496,133,-169,0
1087.5213520526886,8036,6304,11536,-150,-5,56,6784,-9596,10244,-6,146,-129,-13352,4908,6136,-1010,27,-46,-13768,-4876,7260,-766,115,-167,0
1087.5547170639038,8084,6152,11828,-136,14,90,6928,-9748,10284,-31,159,-129,-13364,4876,6036,-1003,50,-23,-13384,-5036,7408,-529,105,-141,0
1087.58820104599,8064,6156,11612,-85,-14,88,6820,-9624,10296,-38,125,-145,-13268,4940,6224,-1035,67,-60,-13500,-5000,7388,-259,126,-204,0
1087.6219129562378,8188,6348,11768,-100,-14,89,6800,-9732,10256,-22,125,-163,-13068,4984,6200,-982,90,-61,-13436,-5044,7344,-518,117,-157,0
1087.6554329395294,8048,6264,11780,-88,-39,78,6832,-9476,10460,-70,133,-173,-13240,4984,5892,-1002,47,-86,-13564,-4956,7444,-526,129,-140,0
1087.6890180110931,8104,6300,11680,-111,-26,70,6956,-9652,10304,-35,194,-148,-13280,4952,6292,-1023,37,-67,-13392,-5096,7536,-533,109,-211,0
1087.722482919693,8024,6376,11768,-94,-11,94,6800,-9644,10264,-30,197,-148,-13264,4956,6236,-999,46,-45,-13436,-5068,7444,-507,96,-163,0
1087.7560279369354,8056,6352,11752,-94,-14,55,6848,-9668,10296,-72,157,-176,-13288,4892,6136,-978,47,-18,-13524,-5084,7336,-540,83,-154,0
1087.7922739982605,8088,6340,11800,-125,-22,70,6824,-9544,10308,-78,176,-141,-13236,4936,5888,-934,62,-25,-13520,-4944,7440,-482,85,-167,0
1087.8274841308594,8000,6308,11628,-143,-15,69,6932,-9672,10348,-37,168,-134,-13348,4696,6000,-971,101,-49,-13344,-4944,7660,-488,118,-178,0
1087.8632230758667,8064,6384,11664,-138,-3,67,6824,-9696,10344,-5,160,-153,-13244,4904,6252,-1019,84,-56,-13508,-5104,7528,-472,116,-141,0
1087.8987560272217,8024,6384,11712,-123,-53,80,6812,-9744,10292,-39,123,-150,-13272,4948,6352,-1005,59,-58,-13456,-5064,7336,-767,117,-155,0
1087.933942079544,8108,6444,11548,-89,-38,97,7048,-9752,10456,-9,140,-164,-13552,4904,6176,-771,64,-89,-13432,-5068,7544,-517,159,-140,0
1087.9699640274048,8012,6472,11868,-109,-5,124,6832,-9588,10412,-10,130,-147,-13296,4924,6316,-1030,84,-21,-13528,-4904,7552,-547,97,-159,0
1088.0056810379028,8048,6148,11644,-106,-70,100,6836,-9508,10436,-33,149,-128,-13368,4976,6216,-1032,56,-56,-13416,-4940,7460,-535,124,-148,0
1088.0417609214785,8012,6288,11804,-132,-47,111,6880,-9676,10308,-20,138,-139,-13192,4952,6236,-771,80,-39,-13536,-4960,7496,-524,99,-139,0
1088.0780141353607,7924,6432,11940,-142,-39,90,6812,-9752,10432,-42,135,-151,-13124,4940,6356,-987,82,-79,-13368,-5080,7432,-517,124,-127,0
1088.1133949756622,7768,6332,11980,-125,-71,118,6832,-9520,10316,2,148,-167,-13268,4984,6516,-1000,68,-37,-13364,-5092,7488,-520,143,-141,0
1088.1487400531769,7980,6360,11884,-140,-125,94,6824,-9656,10384,-30,167,-211,-13264,4916,6272,-983,88,-82,-13420,-5028,7396,-499,162,-155,0
1088.1842291355133,7908,6356,11740,-141,-96,50,6848,-9620,10280,-49,160,-239,-13248,4988,5996,-996,79,-86,-13504,-5124,7460,-494,175,-154,0
1088.2196221351624,8008,6412,11780,-141,-79,66,6808,-9724,10372,-27,147,-190,-13240,4932,6388,-1004,69,-100,-13432,-5032,7480,-506,155,-151,0
1088.255103111267,7908,6448,11824,-139,-72,93,6776,-9652,10392,-20,128,-182,-13192,4876,6236,-1012,120,-56,-13456,-5052,7592,-487,143,-136,0
1088.2907700538635,8020,6448,11864,-136,-55,123,6716,-9560,10368,-42,142,-182,-13244,4908,6256,-999,135,-100,-13520,-4960,7332,-508,140,-112,0
1088.326020002365,8068,6388,11784,-148,-79,124,6672,-9780,10388,-22,145,-154,-13252,4916,6240,-1041,101,-88,-13364,-4976,7548,-522,150,-125,0
1088.3618330955505,8044,6404,11852,-141,-71,144,6752,-9724,10252,7,123,-152,-13216,5076,6104,-1037,91,-60,-13472,-5132,7504,-539,135,-140,0
1088.3980391025543,8080,6468,11752,-140,-61,130,6820,-9728,10360,-17,160,-153,-13344,5088,6324,-1005,143,-94,-13488,-5088,7428,-465,118,-101,0
1088.4336659908295,8068,6392,12024,-186,-59,124,6884,-9616,10480,-13,132,-184,-13300,5048,6288,-988,154,-108,-13340,-4928,7232,-457,213,-75,0
1088.469598054886,8164,6352,11808,-230,-138,130,6820,-9696,10328,5,159,-206,-13152,4992,6240,-1010,124,-143,-13404,-5072,7572,-447,220,-36,0
1088.5030341148376,8048,6432,11564,-157,-157,151,6676,-9640,10364,-24,107,-211,-13236,4992,6120,-976,158,-125,-13476,-5120,7588,-447,171,-46,0
1088.5367379188538,7928,6372,11824,-172,-190,140,6688,-9512,10264,-57,135,-239,-13244,4924,6308,-957,152,-126,-13404,-5048,7524,-471,193,-57,0
1088.5702271461487,7828,6444,11684,-169,-220,141,6840,-9656,10224,-59,110,-237,-13064,5048,5992,-1018,184,-144,-13416,-5104,7344,-466,217,-73,0
1088.6036550998688,7952,6348,11852,-175,-209,153,6736,-9804,10356,1,124,-251,-13184,4976,6384,-989,190,-155,-13392,-5020,7348,-487,250,-43,0
1088.6372101306915,7940,6352,11796,-155,-178,155,6868,-9756,10472,-248,106,-228,-13156,4948,6080,-1048,185,-153,-13480,-4940,7240,-490,261,-53,0
1088.67045712471,7968,6144,11996,-185,-220,176,6888,-9688,10412,7,103,-246,-13284,4920,6268,-1017,191,-126,-13560,-4880,7264,-480,223,-46,0
1088.7038910388949,8152,6312,11912,-212,-190,173,6696,-9672,10304,-25,103,-243,-13256,5016,6240,-987,224,-125,-13824,-4992,7448,-490,236,-38,0
1088.7375199794767,8072,6356,11676,-186,-189,162,6720,-9632,10660,-16,102,-238,-13276,4892,6212,-1033,186,-127,-13472,-5044,7360,-454,241,-43,0
1088.7710731029513,8020,6336,11716,-186,-205,180,6832,-9656,10408,-19,91,-236,-13312,4780,6248,-1010,172,-168,-13444,-5068,7428,-477,184,-52,0
1088.804558992386,8004,6360,11648,-190,-213,137,6812,-9668,10312,-19,132,-218,-13216,4924,6124,-1023,136,-131,-13532,-5128,7456,-441,201,-84,0
1088.8382091522217,8012,6428,11760,-185,-156,107,6808,-9476,10436,-17,103,-224,-13468,4928,5976,-1000,133,-117,-13512,-5044,7624,-475,184,-83,0
1088.8718221187592,8000,6356,11700,-148,-172,117,6804,-9600,10000,-14,134,-203,-13540,4884,6032,-1016,133,-77,-13460,-4968,7516,-483,182,-74,0
1088.905019044876,7976,6248,11752,-180,-176,122,6836,-9552,10372,-18,98,-217,-13176,4876,6344,-1004,171,-130,-13440,-4880,7324,-473,210,-48,0
1088.9386160373688,7876,6360,11756,-208,-154,151,6796,-9484,10436,-22,127,-234,-13276,4968,6108,-998,177,-154,-13528,-4824,7208,-457,182,-43,0
1088.9721429347992,7988,6380,11692,-188,-195,156,6784,-9688,10020,-39,89,-221,-13552,4956,6144,-1034,146,-129,-13412,-5064,7464,-488,173,-112,0
1089.0057139396667,7916,6328,11608,-145,-161,142,6924,-9548,10364,-48,108,-184,-13260,4872,6252,-1028,129,-68,-13500,-5016,7372,-504,157,-99,0
1089.0389840602875,8064,6304,11656,-74,-94,118,6828,-9704,10316,-59,112,-162,-13284,4848,6132,-1034,127,-35,-13536,-5008,7368,-763,133,-98,0
1089.0724611282349,8132,6336,11576,-140,-28,77,6944,-9860,10260,-48,163,-153,-13060,4840,6064,-962,88,-97,-13528,-4916,7356,-768,105,-161,0
1089.106101989746,8200,6268,11684,-148,30,73,7008,-9592,10016,255,180,-121,-13060,4928,6092,-1276,39,-61,-13460,-4692,7320,-502,82,-182,0
1089.1422629356384,8180,6280,11692,-101,55,78,6888,-9640,10384,-254,173,-92,-13084,4936,6008,-1008,52,-50,-13332,-4968,7216,-532,57,-181,0
1089.1761929988859,7984,6192,11664,-133,29,85,6908,-9724,10372,-46,188,-138,-13244,5072,6032,-996,46,-44,-13520,-5044,7408,-767,82,-162,0
1089.2099809646609,8092,6408,11772,-107,16,68,6772,-9600,10348,-83,167,-179,-13540,5088,6304,-993,41,-53,-13452,-4988,7500,-531,119,-174,0
1089.2434401512146,8020,6332,11784,-101,246,47,7048,-9488,10272,-37,146,-174,-13264,4848,6216,-1005,29,-59,-13396,-4964,7428,-531,170,-183,0
1089.2772810459137,8016,6296,11572,-95,-20,60,6780,-9604,10320,-29,171,-165,-13204,4892,6196,-999,28,-44,-13444,-5104,7608,-542,115,-150,0
1089.310693025589,8056,6432,11648,-102,-26,59,6752,-9744,10328,-13,171,-133,-13304,5008,6188,-978,43,-66,-13448,-5040,7620,-518,92,-167,0
1089.344253063202,8044,6392,11752,-106,-5,67,6820,-9740,10356,-42,169,-113,-13124,4960,6236,-952,73,-51,-13508,-4936,7476,-273,74,-130,0
1089.377937078476,8012,6312,11908,-113,249,84,6864,-9940,10260,-75,167,-140,-13288,4932,6088,-982,79,-38,-13448,-5060,7628,-541,117,-144,0
1089.4112911224363,7992,6340,11908,-107,-26,120,6840,-9648,10372,-39,135,-133,-13208,4904,6372,-996,75,-40,-13468,-5072,7416,-513,156,-122,0
1089.444715976715,8052,6356,11804,-101,-69,108,6796,-9580,10284,-39,125,-152,-13284,4936,6188,-975,91,-52,-13692,-5020,7536,-518,126,-149,0
1089.481987953186,8144,6172,11852,-86,-56,96,6960,-9760,10308,-83,183,-159,-13260,5000,6136,-999,7,-56,-13328,-4956,7408,-502,90,-175,0
1089.5181169509888,8080,6380,11528,-128,-76,62,6860,-9760,10356,35,184,-144,-13212,5048,6240,-983,53,-61,-13420,-5040,7508,-491,109,-170,0
1089.5536510944369,8060,6180,12016,-100,254,67,6744,-9508,10392,-253,159,-147,-13236,5004,6072,-1279,96,-36,-13504,-4992,7592,-767,83,-143,0
1089.5897381305695,8040,6444,11732,-124,-69,89,6816,-9972,10464,-32,155,-165,-13332,4964,6212,-1003,78,-61,-13528,-5144,7448,-521,100,-165,0
1089.6248321533203,8040,6376,11708,-105,-64,99,6696,-9696,10468,-59,140,-143,-13184,4880,5892,-967,89,-42,-13496,-5032,7556,-512,88,-138,0
1089.6603131294253,7956,6444,11768,-146,-28,78,6756,-9620,10480,-39,132,-138,-13164,5020,6248,-1006,59,-85,-13488,-5096,7616,-512,143,-140,0
1089.6956551074982,8152,6364,11576,-112,-83,83,6824,-9488,10460,-45,162,-154,-13264,5032,6244,-990,62,-96,-13460,-5008,7572,-524,164,-141,0
1089.7312259674072,7716,6320,11880,-123,-91,92,6752,-9728,10360,-41,149,-189,-13248,4984,6280,-1005,70,-96,-13444,-5108,7412,-507,149,-126,0
1089.7676010131836,7724,6316,11860,-117,-81,91,6712,-9584,10348,-16,121,-192,-13280,4904,6336,-984,101,-68,-13444,-4940,7328,-480,158,-105,0
1089.8029210567474,8048,6592,11816,-122,-61,122,6804,-9912,10412,-54,129,-185,-13196,5008,6248,-1000,132,-61,-13464,-5132,7380,-496,152,-141,0
1089.839241027832,7984,6204,11540,-121,-72,106,6792,-9712,10184,-19,116,-173,-13220,4888,6280,-1007,95,-52,-13536,-5036,7476,-268,132,-105,0
1089.8745501041412,8032,6432,11756,-120,-56,92,6812,-9696,10344,-20,94,-177,-13252,4900,6208,-1004,99,-118,-13408,-5028,7408,-495,142,-117,0
1089.9102151393893,7956,6348,11636,-146,-79,115,6732,-9744,10416,-17,140,-152,-13268,4936,6240,-1025,82,-34,-13552,-5068,7464,-502,133,-143,0
1089.9455370903015,8008,6392,11780,-155,-73,108,6884,-9716,10316,-69,141,-179,-13200,5060,6224,-1006,87,-22,-13436,-5220,7480,-478,144,-108,0
1089.9816370010376,7940,6500,11692,-141,-70,96,6840,-9796,10364,-30,159,-182,-13168,4992,6332,-1004,106,-85,-13452,-5040,7420,-486,111,-102,0
1090.0175740718842,7708,6560,11752,-160,-62,78,6880,-9636,10476,255,161,-177,-13216,4980,6200,-996,98,-63,-13320,-5064,7620,-484,143,-134,0
1090.0527620315552,7984,6144,11964,-161,-52,115,6860,-9912,10440,9,182,-186,-13284,4964,6304,-1010,95,-94,-13392,-4932,7572,-487,155,-104,0
1090.0887141227722,7688,6596,11856,-201,-89,97,6852,-9900,10388,-13,172,-218,-13080,5104,6264,-988,113,-106,-13416,-5024,7548,-463,224,-61,0
1090.1254179477692,7892,6404,11752,-165,-164,149,6848,-9792,10224,-30,126,-231,-13196,4976,6144,-1030,156,-148,-13348,-5156,7412,-483,236,-55,0
1090.158704996109,7916,6392,11740,-157,-199,154,6832,-9640,10280,-43,97,-252,-13128,5004,6220,-964,195,-147,-13372,-5072,7584,-486,207,-63,0
1090.1922371387482,7956,6380,11728,-144,-189,138,6724,-9784,10476,-42,138,-233,-13200,4932,6328,-984,173,-142,-13424,-5112,7572,-457,218,-83,0
1090.2258031368256,8008,6376,11776,-188,-157,149,6756,-9632,10444,-1,122,-223,-13288,4928,6220,-993,163,-94,-13400,-5032,7284,-485,217,-97,0
1090.2594521045685,8044,6360,11748,-185,-162,136,6796,-9688,10324,-30,133,-256,-13228,4976,6204,-1028,178,-96,-13532,-5076,7216,-445,251,-57,0
1090.2928140163422,8020,6360,11772,-223,-177,152,6832,-9644,10368,-23,145,-243,-13188,4952,6128,-993,173,-145,-13332,-5028,7456,-447,189,-42,0
1090.326493024826,8148,6364,11752,-230,-213,135,6864,-9504,10368,-22,149,-221,-13344,4984,5960,-988,165,-153,-13516,-5016,7424,-463,221,-55,0
1090.360111951828,8124,6372,11752,-267,-200,159,6864,-9780,10488,18,84,-242,-13120,5012,6268,-1048,177,-178,-13364,-4992,7580,-444,225,-18,0
1090.393389940262,8064,6380,11756,-197,-1,187,6876,-9656,10720,-14,71,-246,-13216,4904,6388,-1008,203,-163,-13512,-5280,7484,-441,223,-22,0
1090.42693400383,8116,6388,11804,-186,-512,164,6828,-9684,10288,-49,50,-261,-13280,4952,6080,-955,188,-128,-13540,-4904,7444,-469,228,-51,0
1090.4605951309204,8180,6152,11652,-226,-186,176,6872,-9584,10464,-32,126,-230,-13304,4948,6256,-1001,152,-87,-13436,-4908,7552,-432,187,-60,0
1090.4941470623016,8048,6284,11736,-192,-188,153,6912,-9668,10336,22,157,-173,-13296,4708,6116,-1011,151,-107,-13464,-5144,7472,-454,115,-98,0
1090.5277121067047,8104,6388,11648,-236,-109,135,6812,-9644,10396,-256,104,-183,-13220,4884,6176,-772,151,-117,-13368,-5044,7524,-482,115,-83,0
1090.561320066452,8060,6160,11724,-168,-128,120,7044,-9712,10348,-47,111,-212,-13284,4660,6184,-999,169,-98,-13336,-4964,7572,-478,193,-86,0
1090.594880104065,8128,6372,11896,-169,-174,146,6764,-9632,10336,-24,88,-220,-13328,4936,6080,-1015,165,-124,-13400,-4992,7512,-526,230,-96,0
1090.628422021866,8092,6256,11576,-127,-174,164,6904,-9656,10228,-53,97,-247,-13388,4992,6052,-1019,139,-106,-13368,-4952,7300,-495,190,-97,0
1090.6619279384613,8108,6280,11600,-111,-97,108,6972,-9608,10320,-48,114,-219,-13240,4888,5988,-1003,138,-98,-13328,-4852,7504,-768,154,-126,0
1090.6952559947968,7936,6240,11708,-155,-21,104,6812,-9672,10288,-12,101,-172,-13336,5016,6176,-1012,78,-72,-13528,-4916,7472,-504,80,-140,0
1090.7286570072174,8224,6244,11564,-135,23,82,6900,-9664,10292,-11,152,-144,-13284,4872,6200,-1002,31,-39,-13724,-5064,7536,-510,98,-158,0
1090.7623479366305,8008,6272,11648,-168,15,64,6980,-9632,10408,-16,169,-122,-13376,4876,6264,-1010,25,-29,-13464,-4992,7384,-516,108,-173,0
1090.7958171367643,8052,6380,11868,-115,-32,67,6824,-9668,10460,-30,147,-161,-13232,5016,6108,-1005,55,-31,-13548,-5136,7400,-524,123,-166,0
1090.8296129703522,7908,6336,11608,-103,-44,83,6820,-9624,10264,-74,187,-165,-13228,4956,6256,-992,46,-77,-13512,-5016,7540,-263,128,-149,0
1090.8631761074066,7972,6272,11748,-106,-29,87,6860,-9696,10012,-63,140,-148,-13060,4992,6220,-1000,68,-79,-13408,-5004,7436,-515,148,-144,0
1090.8964431285858,8016,6244,11732,-118,16,81,6716,-9588,10408,-7,135,-186,-13216,4960,6380,-1005,73,-71,-13516,-4976,7496,-517,119,-160,0
1090.929470062256,8004,6360,11584,-121,10,88,6728,-9736,10352,-34,153,-161,-13180,4948,6276,-998,52,-54,-13524,-4956,7552,-496,110,-178,0
1090.9629430770874,8040,6320,11536,-97,253,86,6832,-9644,10396,-65,146,-164,-13300,4916,6272,-947,87,-82,-13444,-5064,7416,-542,77,-143,0
1090.996526002884,8012,6332,11532,-102,-19,87,6784,-9984,10492,-46,149,-144,-13560,4708,5904,-1015,35,-81,-13336,-4996,7544,-524,96,-165,0
1091.0297849178314,8104,6620,11580,-117,-10,87,6776,-9584,10396,-34,183,-143,-13492,4940,5968,-1008,54,-51,-13400,-5044,7460,-500,82,-157,0
1091.0634219646454,8108,6384,11916,-90,-6,99,6916,-9680,10476,-63,134,-125,-13292,5096,6224,-991,52,-16,-13440,-5128,7436,-505,95,-159,0
1091.097100019455,8060,6356,11564,-137,-8,36,6668,-9592,10300,-41,161,-148,-13312,4872,6132,-967,60,-37,-13520,-5092,7404,-466,104,-167,0
1091.1301009654999,7932,6348,11752,-140,14,78,6792,-9652,10244,-46,173,-132,-13172,4972,6096,-991,62,-49,-13360,-5080,7428,-481,97,-145,0
1091.1661150455475,8060,6236,11948,-120,17,65,6808,-9708,10012,-39,123,-170,-13252,4632,5944,-994,35,-42,-13460,-5036,7544,-509,95,-200,0
1091.2017540931702,7936,6392,11880,-107,-20,73,6816,-9728,10440,-47,173,-144,-13244,4964,6312,-1010,56,-48,-13504,-5128,7436,-509,119,-160,0
1091.2377810478213,8132,6296,11612,-115,-47,50,6724,-9636,10320,-27,155,-154,-13292,4968,6280,-993,53,-69,-13520,-5048,7448,-260,154,-142,0
1091.2730259895325,7968,6340,11636,-136,-36,82,6728,-9760,10380,-14,159,-141,-13204,4924,6132,-1004,45,-74,-13460,-5088,7236,-260,139,-174,0
1091.3087451457975,7988,6260,12028,-91,-53,99,6868,-9700,10380,-253,156,-174,-13292,4948,6208,-996,85,-80,-13384,-5036,7520,-542,152,-135,0
1091.3440089225767,8028,6360,11616,-122,-76,101,6524,-9624,10244,-18,141,-163,-13240,5004,6292,-967,74,-95,-13508,-5024,7472,-522,138,-111,0
1091.37961602211,8064,6636,11896,-153,-50,110,6832,-9720,10240,-57,114,-158,-13528,4916,6392,-983,92,-50,-13416,-4948,7424,-480,133,-124,0
1091.4149510860443,7944,6480,11788,-138,-67,105,6832,-9644,10424,-50,111,-163,-13188,4864,6424,-1004,113,-67,-13404,-5044,7532,-492,149,-144,0
1091.4506990909576,8188,6448,11616,-134,-78,102,6760,-9952,10400,-50,133,-150,-13296,4848,6412,-990,93,-117,-13332,-5264,7620,-511,148,-129,0
1091.486232995987,8060,6380,11564,-137,-71,78,6916,-9668,10344,-52,171,-200,-13336,4924,6244,-997,73,-79,-13420,-5092,7624,-491,136,-157,0
1091.5223591327667,8112,6284,11656,-150,-68,77,6792,-9740,10104,-43,158,-187,-13232,4908,6184,-986,56,-73,-13468,-5080,7544,-508,132,-158,0
1091.5588490962982,7932,6548,11796,-155,-42,108,6860,-9636,10260,-10,149,-191,-13284,4900,6124,-1280,102,-88,-13460,-5060,7364,-478,127,-120,0
1091.5943861007693,7968,6168,11724,-169,-47,97,6780,-9624,10324,-8,149,-183,-13244,5032,6156,-987,117,-82,-13524,-5084,7388,-465,131,-106,0
1091.629900932312,7972,6588,12004,-150,-86,110,6780,-9500,10352,-46,147,-161,-13272,5064,6132,-982,113,-62,-13352,-4952,7416,-519,152,-114,0
1091.6655349731443,8076,6284,11548,-162,-74,117,6864,-9492,10352,-5,145,-175,-13176,4924,6132,-1040,70,-69,-13536,-5152,7508,-489,166,-115,0
1091.7017769813538,8060,6456,11624,-150,-69,109,6744,-9584,10432,-21,160,-158,-13292,4944,6208,-1038,92,-55,-13484,-5068,7380,-505,137,-107,0
1091.7375841140747,7992,6472,11908,-200,-124,108,6784,-9728,10484,-22,161,-211,-13328,4884,6368,-965,132,-67,-13468,-5064,7492,-493,182,-57,0
1091.7725441455839,7940,6452,11540,-201,-113,132,6848,-9752,10376,-33,138,-208,-13476,4928,6236,-1005,156,-109,-13452,-5060,7408,-426,232,-51,0
1091.8085489273071,7960,6400,11880,-197,-189,150,6764,-9660,10532,-9,136,-249,-13196,4940,6156,-986,159,-109,-13460,-5120,7476,-461,179,-60,0
1091.8421230316162,7960,6252,11524,-163,-175,141,6748,-9716,10432,-44,94,-216,-13212,4996,6320,-984,155,-128,-13436,-5300,7560,-472,186,-93,0
1091.875638961792,8032,6360,11716,-182,-199,141,6836,-9688,10252,-35,159,-235,-13216,4940,6264,-965,166,-124,-13472,-5068,7548,-450,207,-47,0
1091.9088270664215,7960,6324,11852,-192,-160,155,6920,-9692,10344,-8,142,-232,-13220,4900,6160,-994,157,-157,-13488,-4904,7472,-481,215,-95,0
1091.9424149990082,7996,6320,11636,-187,-145,152,6824,-9480,10080,5,91,-239,-13228,4892,6144,-1028,151,-133,-13560,-5088,7408,-479,221,-72,0
1091.9758169651031,7952,6356,11760,-173,-220,124,6756,-9640,10468,-10,84,-253,-13388,4888,6004,-982,164,-173,-13528,-5048,7428,-460,241,-44,0
1092.0092470645905,7992,6336,11728,-205,-183,149,6856,-9576,10456,-22,89,-243,-13244,4992,6348,-973,186,-129,-13512,-5052,7472,-473,202,-47,0
1092.044585943222,8060,6364,11584,-210,-189,148,6764,-9704,10376,-40,94,-217,-13292,4948,5984,-1011,204,-144,-13460,-5108,7452,-460,203,-25,0
1092.078261137009,8076,6384,11740,-217,-178,174,6812,-9664,10356,-250,101,-228,-13128,4928,6264,-1016,186,-130,-13536,-4948,7548,-447,222,-48,0
1092.1117811203003,8016,6344,11732,-208,-180,162,6756,-9632,10276,-46,103,-240,-13244,4944,6228,-995,159,-141,-13544,-4972,7268,-444,197,-67,0
1092.1450080871582,8088,6440,11744,-216,-181,138,6796,-9668,10260,-38,133,-229,-13184,4972,6200,-998,147,-81,-13556,-4968,7488,-490,194,-48,0
1092.1785850524902,8008,6260,11672,-162,-138,123,6832,-9724,10284,-243,116,-215,-13060,4900,6188,-769,117,-77,-13456,-4948,7532,-495,189,-108,0
1092.211935043335,8112,6276,11564,-153,-187,128,6876,-9684,10380,9,117,-209,-13208,4944,6200,-1026,152,-159,-13500,-4968,7412,-476,201,-68,0
1092.2454829216003,8064,6340,11808,-178,-122,119,6832,-9620,10412,23,97,-240,-13176,4884,6132,-1021,168,-148,-13452,-5068,7624,-453,200,-80,0
1092.2791810035706,8128,6372,11712,-177,-115,147,6904,-9636,10440,-47,119,-227,-13312,4952,6148,-978,153,-144,-13488,-4920,7596,-510,169,-90,0
1092.3124890327454,8056,6224,11744,-134,-98,137,6852,-9672,10400,-33,93,-192,-13060,4884,6164,-994,108,-70,-13492,-4932,7356,-499,172,-130,0
1092.3460619449615,8120,6328,11576,-125,-63,112,6908,-9588,10380,-32,142,-144,-13100,4908,6356,-1019,83,-46,-13488,-4892,7388,-520,109,-129,0
1092.3799290657043,8184,6348,11648,-101,-25,81,6876,-9724,10320,-41,155,-154,-13384,4624,6160,-1008,56,-57,-13496,-4944,7340,-519,94,-159,0
1092.4136109352112,8356,6272,11536,-149,12,64,6888,-9692,10284,-28,178,-139,-13336,4956,6208,-955,61,-30,-13568,-4964,7440,-499,127,-159,0
1092.447371006012,8152,6296,11832,-143,39,85,7000,-9624,10360,4,172,-146,-13288,4940,6264,-1003,74,-53,-13500,-4996,7336,-487,91,-155,0
1092.4810199737549,8068,6332,11664,-91,41,85,6760,-9656,10384,-48,148,-131,-13204,4976,6124,-1000,52,-79,-13464,-5000,7180,-511,87,-196,0
1092.5144119262695,8032,6452,11656,-122,24,74,6744,-9680,10420,-65,161,-115,-13292,4928,6432,-970,50,-37,-13488,-4896,7540,-527,92,-155,0
1092.5479681491852,8136,6308,11796,-117,254,55,6824,-9676,10428,-63,171,-135,-13304,4932,6088,-964,32,-67,-13468,-5060,7600,-514,137,-180,0
1092.5815930366516,7976,6324,11728,-125,8,65,6696,-9696,10452,-29,167,-149,-13468,4912,5900,-1005,54,-62,-13404,-5052,7204,-515,142,-123,0
1092.614874124527,8028,6356,11716,-107,1,64,6732,-9676,10280,-42,148,-145,-13212,4956,6312,-1015,69,-84,-13392,-4964,7660,-270,110,-146,0
1092.6482131481173,7724,6300,11852,-95,-47,77,6748,-9708,10236,-38,155,-157,-13264,4852,6156,-991,63,-57,-13516,-5000,7580,-258,100,-153,0
1092.6818289756775,7976,6384,11624,-104,-17,89,6772,-9612,9984,-42,133,-162,-13180,4980,5900,-984,105,-38,-13456,-4940,7472,-526,96,-153,0
1092.7153890132904,8132,6300,11716,-105,-19,83,6880,-9572,10452,-47,160,-161,-13308,5028,6216,-975,84,-9,-13480,-4964,7596,-765,141,-133,0
1092.748705148697,8012,6428,11696,-106,-27,91,6920,-9784,10316,-53,159,-168,-13148,4912,6212,-1007,58,-110,-13472,-5024,7512,-500,163,-148,0
1092.7823159694672,7972,6504,11728,-116,-19,102,6768,-9656,10244,-63,113,-168,-13076,4992,6244,-980,73,-88,-13520,-5148,7376,-534,128,-154,0
1092.8157229423523,8112,6384,11724,-119,-42,86,6892,-9708,10372,-65,179,-162,-13304,5016,6088,-985,25,-102,-13556,-4908,7528,-539,121,-163,0
1092.8528580665588,8052,6308,11620,-114,-33,91,6808,-9716,10368,10,127,-180,-13288,4948,6180,-1012,47,-47,-13476,-5012,7512,-493,121,-130,0
1092.8886680603027,7904,6408,11628,-120,-10,70,6716,-9976,10360,-19,112,-179,-13188,4932,5952,-987,57,-78,-13424,-5076,7476,-523,119,-150,0
1092.9243819713593,7952,6384,11772,-121,-53,89,6740,-9612,10244,-53,166,-166,-13560,5016,6216,-987,68,-99,-13544,-4956,7460,-509,116,-150,0
1092.9601681232452,8108,6476,11776,-110,-44,91,6824,-9660,10344,-52,123,-133,-13088,5012,6224,-999,99,-32,-13564,-5044,7404,-495,92,-134,0
1092.9955070018768,7964,6304,11680,-117,-13,124,6676,-9696,10404,-50,131,-163,-13188,4964,6196,-992,80,-24,-13436,-5364,7416,-497,136,-104,0
1093.031445980072,7928,6352,11688,-111,-31,106,6828,-9776,10508,-36,142,-160,-13272,4956,6324,-979,57,-44,-13536,-4960,7636,-505,138,-146,0
1093.0674040317535,7936,6344,11804,-136,-68,66,6768,-9932,10548,-18,165,-187,-13268,5000,6208,-1000,89,-57,-13540,-5160,7552,-516,141,-105,0
1093.1030111312866,7956,6312,11856,-126,-74,91,6752,-9692,10300,-10,144,-187,-13180,5116,6004,-1270,77,-144,-13488,-5024,7504,-488,154,-139,0
1093.1387479305267,8032,6412,11680,-133,-36,127,6788,-9716,10360,-33,114,-178,-13256,4932,6124,-982,89,-111,-13452,-5068,7244,-499,118,-128,0
1093.174241065979,8084,6328,11740,-133,-67,119,6820,-9908,10452,-24,134,-192,-13296,4888,6156,-993,104,-71,-13504,-5008,7236,-505,119,-122,0
1093.2097239494324,8052,6364,11856,-159,-54,102,6808,-9624,10328,-24,142,-178,-13136,4960,6284,-993,82,-77,-13532,-5064,7420,-491,119,-149,0
1093.2447891235352,7768,6368,11728,-162,-62,105,6840,-9632,10416,-14,128,-175,-13188,4876,6292,-999,92,-105,-13400,-5152,7408,-498,129,-140,0
1093.280226945877,7984,6184,11616,-125,-60,114,6872,-9696,10368,-40,151,-175,-13248,4924,6088,-999,97,-50,-13452,-5072,7496,-486,151,-127,0
1093.3155710697174,8120,6160,11728,-161,-73,96,6848,-9476,10280,-29,151,-196,-13240,4900,6356,-988,78,-90,-13432,-4992,7508,-472,159,-127,0
1093.3515510559082,7956,6456,11960,-193,-87,107,6728,-9608,10260,-2,164,-206,-13292,5012,6144,-1003,121,-101,-13460,-5032,7552,-449,181,-54,0
1093.3873670101166,7956,6416,11836,-198,-151,144,6712,-9920,10364,-18,149,-210,-13232,5112,6248,-987,146,-91,-13480,-5080,7528,-453,212,-49,0
1093.4225969314575,7984,6432,11928,-175,-212,142,6744,-9744,10380,-44,134,-233,-13328,5000,6296,-989,165,-166,-13428,-5092,7516,-478,215,-65,0
1093.457669019699,7732,6356,11744,-161,-203,148,6840,-9676,10356,-36,113,-228,-13164,5032,6124,-994,168,-179,-13420,-4956,7536,-503,215,-44,0
1093.4938271045685,7720,6624,11696,-163,-162,122,6752,-9736,10328,-26,129,-232,-13096,5004,6144,-986,148,-156,-13540,-4960,7556,-478,199,-19,0
1093.5274090766907,8024,6384,11652,-195,-177,176,6732,-9752,10424,-42,111,-227,-13188,4976,6116,-989,203,-121,-13444,-5048,7676,-466,227,-32,0
1093.5610270500183,8128,6176,11948,-203,-135,164,6808,-9756,10368,-15,113,-234,-13268,4968,6348,-989,158,-95,-13556,-4912,7296,-475,220,-47,0
1093.594752073288,7972,6300,11608,-190,-178,152,6784,-9684,10392,-20,107,-224,-13280,4936,6064,-1280,148,-138,-13532,-5056,7188,-484,232,-62,0
1093.628231048584,8000,6320,11792,-180,-176,143,6804,-9772,10316,8,90,-214,-13312,4948,5892,-1270,165,-146,-13332,-5000,7432,-469,213,-69,0
1093.6617209911349,8112,6456,11712,-217,-170,130,6676,-9480,10328,-25,113,-218,-13340,4884,6312,-1005,193,-142,-13492,-4976,7384,-453,178,-51,0
1093.6952741146088,8100,6344,11780,-192,-169,164,6988,-9664,10452,-36,111,-209,-13388,4980,6208,-1028,152,-105,-13544,-4920,7504,-453,148,-80,0
1093.7287740707397,8056,6248,11752,-216,-135,121,6788,-9664,10536,-253,150,-176,-13552,4872,6280,-770,116,-55,-13364,-5044,7560,-459,141,-92,0
1093.7622699737549,7960,6416,11644,-206,-131,143,6664,-9628,10528,15,164,-172,-13232,5020,6120,-1008,153,-122,-13464,-5108,7464,-446,184,-56,0
1093.795755147934,7956,6356,11760,-168,-159,103,6848,-9648,10340,-56,126,-239,-13176,4904,6072,-981,165,-161,-13392,-4896,7428,-463,232,-76,0
1093.8292860984802,8156,6244,11788,-210,-151,153,6824,-9636,10348,-18,73,-248,-13200,4960,6120,-997,176,-148,-13460,-4956,7432,-456,199,-18,0
1093.8628599643707,8120,6300,11752,-134,-191,152,6828,-9600,10480,-14,100,-191,-13132,4908,6284,-1000,135,-69,-13524,-5056,7460,-472,157,-77,0
1093.896157026291,8068,6356,11580,-175,-94,123,6788,-9692,10328,-32,104,-185,-13232,4644,6200,-986,131,-58,-13464,-4960,7328,-508,122,-118,0
1093.9298119544983,8048,6248,11724,-160,-91,128,6808,-9712,10304,-71,121,-188,-13344,4956,6192,-991,132,-104,-13428,-5004,7448,-516,158,-123,0
1093.9634079933169,8128,6608,11672,-107,-84,103,6800,-9660,10260,-63,92,-201,-13268,4688,5948,-1006,130,-83,-13472,-4876,7388,-559,168,-153,0
1093.9972181320193,8148,6208,11544,-92,-14,114,6848,-9632,10248,-29,102,-188,-13212,4860,6040,-1013,120,-56,-13500,-4860,7408,-523,133,-159,0
1094.0306560993195,8112,6232,11968,-129,-53,90,6672,-9620,10176,-43,123,-144,-13148,4888,6236,-981,118,-44,-13532,-4892,7364,-479,107,-136,0
1094.0640771389008,8024,6348,11612,-155,32,73,6896,-9476,10468,-32,149,-116,-13436,4896,6012,-1005,80,-7,-13508,-4964,7512,-509,126,-172,0
1094.0977489948273,8120,6204,11752,-110,3,85,6932,-9664,10420,-31,176,-147,-13368,4876,5888,-1006,94,-40,-13608,-5016,7300,-553,113,-197,0
1094.1311619281769,7980,6576,11900,-72,-14,82,6772,-9696,10260,-28,156,-157,-13492,4900,6324,-964,33,-71,-13444,-5080,7436,-512,121,-180,0
1094.170431137085,7956,6312,12012,-96,-254,72,6668,-9604,10284,-51,180,-170,-13284,4892,6148,-958,77,-39,-13492,-5044,7388,-500,97,-153,0
1094.2040100097656,8040,6336,11536,-137,1,50,6716,-9680,10276,-54,170,-160,-13284,4880,6392,-998,66,-50,-13480,-5044,7292,-501,113,-143,0
1094.2376780509949,7992,6356,11680,-129,-28,60,6780,-9608,10308,-47,155,-131,-13304,5028,6348,-965,44,-65,-13384,-5052,7428,-540,123,-188,0
1094.2707629203796,8172,6144,11684,-110,-15,99,6756,-9808,10244,-35,148,-151,-13192,4944,6336,-1278,54,-37,-13484,-4904,7644,-766,93,-133,0
1094.3042171001434,7732,6484,11768,-88,-7,80,6768,-9704,10544,-59,127,-165,-13060,4952,5988,-966,86,-56,-13544,-4940,7480,-505,123,-145,0
1094.3377079963684,8152,6384,11640,-116,-22,101,6668,-9720,10392,-42,127,-166,-13252,4992,5960,-973,98,-80,-13488,-5072,7324,-510,109,-166,0
1094.3713629245758,7980,6328,11716,-98,-50,100,6848,-9664,9988,-50,135,-151,-13316,5024,6108,-994,43,-65,-13512,-4964,7596,-534,130,-139,0
1094.4047770500183,8044,6312,11552,-114,-22,85,6880,-9668,10464,-4,136,-151,-13316,4944,6300,-1006,56,-29,-13548,-5072,7516,-761,80,-168,0
1094.4385540485382,8032,6396,11668,-84,25,84,6864,-9668,10404,-35,148,-139,-13256,4856,6212,-996,36,-52,-13448,-5096,7488,-261,58,-179,0
1094.4721579551697,8044,6352,11916,-132,-8,40,6844,-9700,10368,-33,201,-139,-13264,4900,6148,-939,19,-12,-13480,-4988,7512,-462,103,-148,0
1094.505299091339,8104,6608,11608,-158,53,46,6872,-9724,10344,-52,201,-128,-13440,4928,6568,-998,48,-37,-13336,-5008,7276,-474,118,-166,0
1094.5435199737549,8004,6580,11692,-127,-26,53,6792,-9756,10372,-28,154,-144,-13144,5072,6224,-961,56,-39,-13388,-5000,7544,-494,111,-127,0
1094.5791709423063,7824,6376,11852,-137,-37,93,6672,-9680,10436,-62,147,-183,-13160,5048,5952,-1001,88,-100,-13432,-5084,7624,-467,104,-128,0
1094.6149809360504,7888,6332,11732,-146,-56,98,6776,-9772,10356,-49,135,-157,-13320,5044,6188,-1007,90,-67,-13372,-5056,7400,-513,148,-162,0
1094.6503939628599,7844,6328,11820,-130,-58,90,6760,-9748,10288,-23,138,-189,-13220,4952,6324,-1012,61,-90,-13544,-5060,7508,-539,146,-148,0
1094.6859381198883,7700,6188,11972,-118,-36,94,6752,-9640,10420,-18,139,-197,-13124,4620,6240,-1013,121,-78,-13356,-5004,7488,-514,142,-116,0
1094.7217979431152,8020,6148,11636,-140,-101,118,6796,-9628,10340,-18,110,-181,-13420,5108,6156,-990,109,-61,-13512,-5008,7508,-500,145,-117,0
1094.7575991153715,8040,6304,11872,-119,-66,101,6900,-9708,10360,-30,109,-170,-13236,4864,6168,-1013,115,-75,-13396,-4972,7424,-492,123,-128,0
1094.79385304451,8176,6632,11932,-147,-43,89,6760,-9692,10396,-34,122,-156,-13224,5012,6252,-1009,104,-113,-13428,-5140,7476,-519,133,-124,0
1094.829628944397,7840,6384,11740,-125,-76,114,6836,-9720,10436,-39,133,-185,-13160,4980,6164,-996,110,-34,-13376,-5084,7512,-479,146,-138,0
1094.864769935608,7732,6304,11576,-138,-84,58,6796,-9656,10360,-39,153,-184,-13084,4948,5900,-992,75,-90,-13424,-4892,7544,-479,149,-133,0
1094.9001250267029,8028,6396,11804,-164,-42,72,6740,-9724,10640,-12,164,-164,-13188,5048,6260,-998,85,-41,-13428,-5300,7584,-483,140,-122,0
1094.9354629516602,7772,6404,11940,-184,-60,100,6728,-9856,10412,13,160,-181,-13332,4948,6372,-1016,107,-115,-13576,-5060,7508,-441,200,-69,0
1094.9711029529572,7968,6240,11816,-216,-127,125,6752,-9696,10416,-13,158,-248,-13192,4956,6300,-1008,153,-120,-13420,-5084,7564,-451,247,-53,0
1095.0075881481173,7728,6464,11556,-181,-186,168,6732,-9476,10352,-32,107,-251,-13072,5048,6256,-1007,197,-144,-13472,-5004,7564,-503,247,-44,0
1095.0430390834808,7692,6428,11764,-156,-238,180,6768,-9752,10340,-57,106,-245,-13196,4988,6196,-962,127,-148,-13564,-5076,7516,-500,184,-70,0
1095.0782690048218,7968,6460,11804,-180,-192,156,6828,-9672,10280,-13,79,-224,-13204,4848,6200,-1000,172,-115,-13432,-5052,7524,-442,164,-42,0
1095.1142699718475,7964,6484,11704,-204,-137,155,6800,-9620,10472,-18,102,-223,-13324,4924,6396,-958,169,-104,-13548,-4952,7412,-458,220,-55,0
1095.150188922882,8040,6312,11816,-249,-175,148,6860,-9700,10448,-17,102,-228,-13084,5080,5912,-986,216,-154,-13524,-4916,7356,-438,215,-52,0
1095.1858401298523,8100,6336,11760,-238,-154,158,6832,-9932,10228,-19,99,-236,-13560,4984,5916,-1012,191,-165,-13472,-5044,7448,-461,244,-58,0
1095.219066143036,8064,6156,11768,-176,-216,194,6860,-9620,10356,13,75,-200,-13208,4996,6164,-1031,199,-78,-13452,-5032,7576,-467,146,-47,0
1095.2525839805603,8080,6220,11840,-228,-179,157,6788,-9704,10388,-34,127,-231,-13324,4896,6252,-773,167,-72,-13460,-5036,7488,-457,197,-64,0
1095.2860810756683,7976,6288,11880,-197,-202,139,6852,-9932,10108,-7,124,-258,-13212,5004,6308,-1024,118,-119,-13552,-5052,7412,-475,185,-109,0
1095.3195650577543,8068,6220,11736,-190,-163,117,6792,-9692,10288,-12,129,-235,-13224,4956,6092,-1009,100,-138,-13428,-5036,7552,-490,194,-96,0
1095.352949142456,8080,6380,11612,-155,-149,122,6836,-9712,10364,-22,141,-210,-13340,5016,6144,-1278,113,-138,-13464,-5004,7324,-504,206,-93,0
1095.3864290714264,7944,6340,11608,-181,-173,132,6796,-9708,10300,12,109,-231,-13256,4928,5896,-1005,157,-81,-13488,-4956,7668,-447,192,-85,0
1095.419781923294,7944,6268,11992,-194,-159,154,6840,-9648,10292,-42,97,-224,-13220,5068,6216,-989,193,-88,-13356,-4992,7568,-486,164,-72,0
1095.4535601139069,7752,6292,11776,-185,-172,137,6856,-9632,10288,-51,83,-241,-13292,4964,6212,-1007,147,-122,-13460,-5004,7300,-503,230,-91,0
1095.487191915512,8092,6316,11788,-132,-150,143,6872,-9632,10304,-61,117,-202,-13232,4976,6168,-978,142,-118,-13496,-4884,7320,-505,147,-105,0
1095.5203270912173,8012,6288,11608,-149,-111,126,6840,-9644,10328,-58,109,-195,-13260,4608,6356,-977,115,-94,-13404,-5032,7396,-524,169,-159,0
1095.5534460544586,8080,6284,11716,-132,-49,88,6864,-9632,10224,-27,112,-161,-13328,4968,5976,-1004,87,-29,-13464,-5020,7336,-546,101,-146,0
1095.5870940685272,8128,6308,11784,-120,-5,81,6960,-9500,10372,-16,138,-154,-13312,4900,6276,-1008,100,-58,-13468,-4908,7472,-521,94,-130,0
1095.620521068573,8048,6404,11736,-108,17,111,6884,-9600,10256,-33,155,-145,-13412,4868,5908,-1031,108,-48,-13424,-5024,7464,-520,103,-159,0
1095.6537561416626,8108,6340,11668,-132,-253,93,6972,-9652,10428,-47,142,-166,-13340,4908,6212,-985,95,-54,-13524,-5028,7196,-521,95,-152,0
1095.687381029129,8136,6244,11740,-118,10,82,6928,-9796,10324,-37,155,-143,-13216,4892,6184,-1010,30,-25,-13532,-4964,7488,-498,122,-173,0
1095.7207820415497,8012,6372,11780,-122,-3,59,7160,-9708,10428,-17,173,-155,-13248,4956,6184,-1001,37,-72,-13320,-5004,7568,-456,111,-146,0
1095.754007101059,8036,6604,11676,-112,6,80,6780,-9716,10312,0,168,-127,-13220,4960,6284,-1277,22,-46,-13368,-5020,7656,-489,85,-171,0
1095.7876150608063,7980,6324,11840,-137,5,90,6812,-9728,10392,-27,151,-142,-13280,4876,6192,-1002,31,-49,-13428,-5060,7464,-468,110,-153,0
1095.8208291530607,7852,6352,11788,-154,-22,96,6788,-9640,10404,-61,173,-136,-13140,4932,6196,-986,75,25,-13412,-4964,7560,-264,75,-148,0
1095.8543870449066,7996,6260,11776,-89,10,118,6776,-9688,10292,-7,145,-140,-13260,4924,6368,-1003,57,-21,-13388,-5004,7640,-535,105,-166,0
1095.887689113617,8004,6284,11628,-74,17,85,6876,-9728,10292,-24,148,-138,-13060,4872,6048,-1023,30,-97,-13480,-4932,7536,-535,55,-192,0
1095.9208450317383,7952,6328,11688,-80,-3,77,6916,-9740,10428,-13,187,-152,-13244,4820,6216,-1010,46,-56,-13480,-5016,7500,-515,107,-154,0
1095.9541890621183,8164,6392,11724,-93,-17,37,7112,-9632,10332,-21,190,-169,-13248,4804,6008,-1005,24,-53,-13476,-4996,7512,-497,146,-155,0
1095.987904071808,8132,6232,12016,-133,-40,68,6756,-9608,10492,1,164,-170,-13260,5092,6192,-989,43,-104,-13436,-4992,7464,-493,142,-136,0
1096.0212531089785,8048,6364,11840,-96,-51,74,6796,-9644,10452,-34,154,-208,-13232,4924,6196,-1009,51,-166,-13444,-5068,7480,-765,175,-161,0
1096.0547311306,7960,6312,11816,-133,-68,61,6740,-9588,10388,250,172,-185,-13248,4960,6428,-985,11,-99,-13452,-5084,7620,-484,152,-157,0
1096.0882580280304,8020,6384,11620,-135,-25,50,6808,-9612,10308,-27,200,-175,-13240,4980,6200,-1013,57,-57,-13504,-5132,7596,-486,150,-164,0
1096.1217651367188,7972,6404,11536,-149,-67,72,6724,-9664,10380,-20,187,-192,-13268,4984,6332,-987,56,-56,-13436,-5036,7460,-471,152,-121,0
1096.155224084854,7828,6408,11784,-138,-56,97,6744,-9736,10488,-21,139,-190,-13188,4908,6308,-1000,55,-78,-13404,-5164,7492,-501,145,-121,0
1096.1912701129913,7680,6396,11756,-97,-127,85,6800,-9692,10460,-59,164,-194,-13348,4920,6372,-961,44,-39,-13492,-5040,7668,-524,132,-126,0
1096.2271909713743,8112,6152,11732,-107,-98,113,7116,-9648,10372,-41,158,-159,-13172,5032,6328,-1023,115,-86,-13384,-5032,7488,-500,147,-124,0
1096.2623491287231,7896,6508,11484,-127,-61,118,6744,-9684,10356,8,121,-185,-13188,4976,6192,-996,169,-96,-13376,-5024,7568,-484,153,-120,0
1096.2981441020966,7940,6460,11540,-111,-74,129,6896,-9696,10268,-48,89,-204,-13316,4936,6164,-1001,124,-80,-13528,-5044,7620,-488,166,-52,0
1096.3332359790802,8124,6316,11660,-122,-102,148,6840,-9624,10368,-91,106,-159,-13208,4996,6196,-992,147,-78,-13336,-4872,7604,-495,108,-92,0
1096.3690559864044,8144,6376,11888,-108,-45,152,7120,-9692,10260,-45,121,-126,-13296,4912,6052,-1015,100,-28,-13504,-4992,7468,-514,117,-130,0
1096.4043879508972,8024,6280,11784,-123,-74,96,6772,-9652,10260,-6,137,-166,-13252,4940,6092,-1278,57,-105,-13460,-5060,7500,-521,137,-138,0
1096.440833091736,7968,6392,11684,-151,-62,67,6756,-9620,10636,-11,181,-192,-13180,4960,6388,-991,42,-94,-13412,-5048,7548,-506,134,-156,0
1096.4761819839478,7876,6476,11800,-138,-68,83,6736,-9652,10320,-29,161,-199,-13204,4996,6232,-1045,93,-95,-13392,-5004,7532,-765,144,-139,0
1096.511843919754,7864,6392,11788,-163,-98,109,6720,-9612,10428,-13,133,-186,-13220,4988,6064,-1002,130,-123,-13492,-5020,7472,-468,145,-150,0
1096.5477499961853,7708,6476,11808,-141,-69,99,6792,-9508,10412,-9,125,-210,-13304,4948,6164,-963,105,-70,-13404,-5028,7552,-508,171,-116,0
1096.5826659202576,7948,6428,11788,-183,-93,123,6776,-9984,10484,5,127,-190,-13284,5028,6356,-1016,121,-136,-13512,-5112,7616,-485,194,-100,0
1096.6187210083008,8144,6436,11564,-204,-112,142,6760,-9724,10400,7,165,-224,-13276,4964,6316,-771,141,-149,-13520,-5068,7468,-461,199,-104,0
1096.6543340682983,7940,6544,11788,-184,-187,114,6692,-9552,10264,-46,137,-202,-13284,4876,6532,-995,154,-131,-13408,-5040,7576,-483,205,-83,0
1096.690148115158,8016,6504,11568,-166,-188,146,6808,-9644,10456,-46,152,-230,-13236,5020,6352,-972,172,-165,-13400,-4984,7572,-487,199,-67,0
1096.7256729602814,8036,6368,11696,-174,-196,156,6832,-9704,10248,-37,144,-189,-13176,4940,6268,-974,128,-121,-13328,-5016,7172,-476,199,-63,0
1096.7614300251007,8028,6604,11744,-174,-151,163,6808,-9664,10260,-14,137,-222,-13236,4988,6200,-1009,176,-117,-13516,-4980,7484,-465,187,-45,0
1096.7975521087649,7960,6308,11812,-188,-116,161,6764,-9716,10328,-3,108,-198,-13284,5072,6076,-1035,165,-97,-13556,-4988,7564,-498,187,-56,0
1096.8326890468597,8116,6272,11720,-192,-138,183,6840,-9812,10344,-7,127,-166,-13324,4964,6284,-1057,178,-56,-13472,-4972,7356,-549,157,-69,0
1096.8681790828705,7992,6216,11740,-149,-110,179,6840,-9824,10228,21,88,-132,-13416,5044,6132,-1065,134,-236,-13476,-5068,7504,-538,106,-64,0
1096.901736021042,8064,6424,11668,-147,-70,182,6808,-9696,10344,27,100,-85,-13292,5040,6076,-1089,159,-57,-13488,-5064,7476,-567,88,-77,0
1096.9349820613859,8064,6380,11784,-147,-64,193,6800,-9708,10380,1,92,-126,-13092,4976,6260,-1085,158,-78,-13396,-4984,7464,-530,113,-40,0
1096.9686851501465,7896,6340,11732,-141,-132,191,6772,-9652,10476,2,97,-141,-13216,4900,6020,-1053,157,-88,-13384,-5044,7440,-524,118,-57,0
1097.002259016037,7916,6300,11540,-143,-140,208,6784,-9576,10296,26,158,-184,-13192,4940,6300,-1047,165,-148,-13420,-5132,7416,-509,205,-52,0
1097.0355739593506,7796,6336,11724,-166,-187,145,6864,-9664,10432,3,133,-236,-13180,4868,6176,-1027,175,-130,-13504,-5148,7560,-456,240,-85,0
1097.0698039531708,7916,6412,11588,-208,-205,133,6812,-9492,10420,-43,114,-512,-13176,4716,6240,-957,180,-139,-13524,-5124,7396,-443,247,-78,0
1097.103763103485,8080,6360,11736,-196,-236,98,6940,-9592,10412,-56,157,-289,-13276,4636,6340,-973,115,-167,-13416,-5004,7364,-417,223,-89,0
1097.1369321346283,8168,6436,11548,-247,-209,75,6768,-9572,10440,-34,171,-2,-13408,4812,6268,-956,95,-144,-13524,-5172,7396,-404,222,-112,0
1097.17045211792,8072,6400,11692,-188,-149,99,6756,-9592,10696,-66,166,-256,-13164,4824,6240,-932,163,-133,-13548,-4984,7372,-448,162,-77,0
1097.2039370536804,8200,6356,11700,-138,-137,91,6840,-9744,10332,-69,106,-234,-13304,5000,6116,-979,130,-84,-13536,-4928,7400,-496,179,-101,0
1097.2376611232758,7992,6372,11656,-134,-47,125,6892,-9568,10204,-27,106,-117,-13236,5016,6376,-1015,120,-255,-13352,-4772,7412,-547,57,-84,0
1097.2711019515991,8064,6288,11972,-63,31,171,6804,-9724,10196,-73,117,-50,-13232,4996,5908,-1276,94,36,-13540,-5032,7528,-544,14,-93,0
1097.3047249317167,7992,6264,11784,-129,57,173,6824,-9500,10440,-20,79,-64,-13236,4904,6124,-1080,146,-18,-13456,-4988,7480,-263,32,-50,0
1097.3379130363464,8044,6180,11868,-112,55,166,6840,-9744,10320,-22,114,-85,-13376,5008,6012,-1064,122,-51,-13440,-5092,7432,-531,125,-102,0
1097.3714890480042,8028,6312,11768,-96,-37,130,6816,-9476,10392,-16,130,-126,-13328,4908,6176,-1036,81,-53,-13436,-4924,7476,-559,146,-166,0
1097.4049141407013,7964,6360,11580,-70,-46,83,6844,-9496,10236,-47,123,-182,-13320,4920,6236,-1003,59,-75,-13496,-5028,7488,-522,167,-177,0
1097.4383101463318,8004,6280,11792,-109,-59,54,6756,-9588,10416,-76,208,-183,-13228,4812,6404,-963,13,-74,-13572,-4992,7584,-509,151,-174,0
1097.4718430042267,7996,6324,11856,-157,-27,16,6748,-9648,10416,-254,182,-196,-13276,4896,6180,-978,15,-113,-13488,-5100,7536,-497,154,-179,0
1097.5054681301117,8004,6444,11608,-115,-256,20,6704,-9960,10496,-24,230,-153,-13332,4900,6180,-990,18,-106,-13480,-4992,7568,-766,124,-190,0
1097.5390441417694,8020,6340,11820,-130,-17,52,6792,-9632,10696,-15,167,-182,-13172,4956,6176,-1013,45,-81,-13356,-4880,7588,-528,126,-154,0
1097.5725629329681,7944,6580,11660,-95,-38,89,6676,-9576,10372,-48,126,-158,-13212,4924,6240,-990,107,-53,-13480,-5032,7528,-547,134,-104,0
1097.6062309741974,8080,6320,11836,-104,-49,114,6672,-9664,10452,-55,116,-147,-13276,5012,6284,-911,68,-59,-13520,-4988,7428,-496,119,-126,0
1097.6397171020508,8128,6360,11752,-108,-15,115,6812,-9668,10412,-46,113,-149,-13316,5004,6284,-994,99,-50,-13392,-4996,7376,-553,106,-133,0
1097.6733269691467,7956,6392,11600,-102,-17,115,6892,-9572,10348,-28,124,-122,-13304,4980,6184,-1019,90,-81,-13564,-5088,7516,-500,128,-139,0
1097.7069520950317,8056,6336,11820,-91,-20,127,6832,-9664,10336,-14,158,-157,-13552,4900,6196,-987,64,-77,-13432,-5060,7448,-515,124,-127,0
1097.740453004837,8012,6348,11684,-111,-46,93,6956,-9676,10452,-63,133,-141,-13328,5080,5984,-986,73,-43,-13368,-5048,7436,-528,95,-138,0
1097.7741060256958,7912,6280,11728,-136,-45,59,6760,-9768,10404,-30,192,-164,-13092,4896,6348,-1000,38,-41,-13524,-5072,7600,-499,153,-144,0
1097.8077471256256,7980,6260,11844,-145,-34,94,6784,-9680,10492,-255,162,-147,-13316,5012,6204,-997,51,-78,-13488,-5120,7560,-485,93,-152,0
1097.8407530784607,8120,6372,11532,-117,-27,77,6752,-9612,10260,-58,167,-154,-13216,4964,5924,-998,46,-98,-13484,-4980,7548,-499,102,-149,0
1097.8775689601898,7960,6440,11740,-146,-55,34,6756,-9520,10268,-66,195,-164,-13288,4992,6176,-980,41,-41,-13440,-4896,7420,-486,138,-169,0
1097.9129979610443,7952,6324,11584,-147,-30,80,6788,-9960,10296,-20,139,-153,-13224,4992,6320,-1021,76,-49,-13452,-5016,7468,-517,130,-134,0
1097.9494159221647,8052,6316,11656,-99,-35,85,6720,-9640,10440,-19,136,-164,-13312,4968,6256,-1014,32,-91,-13252,-5344,7560,-530,102,-180,0
1097.984511137009,7980,6168,11700,-107,-67,107,6700,-9612,10292,-37,146,-164,-13252,4876,6160,-1023,56,-65,-13480,-5152,7528,-507,133,-132,0
1098.0203919410706,7984,6488,11704,-97,-58,83,6780,-9600,10336,-51,165,-158,-13192,5036,6380,-1015,80,-97,-13508,-4872,7188,-522,149,-138,0
1098.0553269386292,8096,6436,12008,-136,-38,97,6772,-9704,10300,-30,144,-183,-13188,4932,6168,-1017,76,-55,-13480,-5308,7572,-539,150,-115,0
1098.0907261371613,8060,6332,11820,-120,-66,131,6800,-9692,10380,-10,99,-175,-13320,4860,6264,-1006,96,-74,-13440,-5116,7520,-520,152,-121,0
1098.1262259483337,8176,6644,11620,-139,-87,103,6776,-9684,10300,-28,88,-171,-13276,4940,6472,-1001,99,-45,-13520,-5356,7596,-501,137,-141,0
1098.1621160507202,7900,6372,11788,-137,-26,79,6844,-9664,10388,-42,126,-171,-13236,4884,6248,-999,108,-44,-13400,-5024,7528,-480,123,-118,0
1098.1981549263,7988,6148,11748,-138,-52,128,6724,-9652,10488,-32,135,-185,-13268,4984,5940,-1020,105,-86,-13396,-5052,7676,-488,130,-135,0
1098.2338390350342,8040,6400,11760,-123,-72,110,6852,-9712,10236,-39,109,-218,-13284,4900,6248,-966,97,-91,-13452,-5096,7556,-507,130,-106,0
1098.2699220180511,7948,6400,11612,-150,-93,93,6768,-9752,10312,-26,131,-177,-13200,4924,6300,-1011,44,-90,-13508,-5084,7628,-465,130,-124,0
1098.3049380779266,8068,6148,11780,-194,-50,124,6612,-9644,10388,-256,111,-170,-13184,5072,6220,-980,158,-55,-13444,-4976,7524,-488,111,-60,0
1098.3405871391296,7884,6472,11532,-171,-56,141,6764,-9684,10432,3,93,-192,-13212,4924,6316,-1046,160,-78,-13452,-5092,7508,-450,167,-53,0
1098.376219034195,7728,6344,11960,-204,-165,192,6740,-9720,10260,5,90,-224,-13244,5044,6184,-1042,177,-162,-13436,-4872,7676,-445,165,-48,0
1098.4124341011047,7700,6596,11700,-178,-168,193,6884,-9640,10380,-51,94,-220,-13544,4916,6292,-957,204,-139,-13452,-4992,7396,-472,193,-49,0
1098.4481661319733,7972,6380,11724,-194,-210,157,6856,-9644,10488,-62,134,-212,-13264,4912,6360,-999,136,-88,-13520,-5084,7464,-483,196,-85,0
1098.4835331439972,8132,6260,11720,-170,-179,175,6732,-9636,10364,0,119,-208,-13200,4628,5912,-1017,166,-155,-13424,-5028,7544,-467,196,-51,0
1098.5198950767515,7780,6632,11560,-179,-117,130,6824,-9564,10420,-34,100,-217,-13260,5004,6308,-998,156,-118,-13512,-4988,7292,-448,221,-71,0
1098.5534269809723,7984,6468,11888,-230,-144,122,6836,-9672,10700,-13,108,-236,-13292,4916,6248,-983,192,-116,-13728,-4972,7236,-436,205,-14,0
1098.587140083313,8108,6304,11744,-232,-142,179,6880,-9672,10264,-40,110,-207,-13216,4988,5972,-983,211,-158,-13460,-5020,7592,-419,222,-49,0
1098.6206369400024,8024,6372,11948,-186,-161,165,6880,-9576,10328,-39,82,-215,-13292,4884,6176,-1029,199,-78,-13424,-5016,7512,-472,123,-47,0
1098.6539900302887,8008,6320,11616,-190,-136,179,6784,-9572,10344,-46,85,-190,-13192,4948,6292,-998,157,-45,-13444,-5044,7512,-508,145,-49,0
1098.6875381469729,7948,6532,11888,-214,-132,185,6836,-9824,10420,-42,130,-175,-13288,4916,6360,-987,162,-66,-13492,-4948,7628,-497,152,-74,0
1098.7212381362915,7964,6344,11756,-192,-149,139,6904,-9676,10296,-7,86,-185,-13304,4920,6124,-1061,170,-110,-13416,-4972,7448,-503,211,-74,0
1098.754783153534,8072,6360,11736,-142,-152,155,6788,-9652,10368,-26,94,-170,-13248,5048,6244,-1004,158,-136,-13468,-4980,7184,-257,190,-89,0
1098.7884299755096,7988,6312,11616,-176,-158,154,6848,-9652,10256,-47,110,-210,-13176,4892,6208,-959,174,-94,-13392,-5008,7620,-464,191,-64,0
1098.8219430446625,7976,6252,11772,-189,-154,155,6768,-9700,10380,-38,70,-231,-13292,4996,6108,-1008,186,-154,-13464,-5116,7456,-473,176,-51,0
1098.8554220199585,8044,6276,11764,-183,-147,150,6824,-9672,10408,-44,78,-208,-13108,4948,6372,-1014,190,-88,-13780,-4872,7668,-481,180,-71,0
1098.8886599540713,8252,6300,11708,-144,-158,161,6832,-9588,10460,-23,85,-184,-13296,4972,6156,-1007,164,-100,-13516,-4884,7548,-491,156,-72,0
1098.9219610691073,8092,6312,11604,-147,-97,159,6792,-9584,10216,-45,88,-180,-13228,4968,6212,-1025,127,-87,-13504,-5032,7484,-496,123,-131,0
1098.955428123474,7980,6268,11852,-152,-57,130,6856,-9600,10240,-59,93,-149,-13240,4992,6128,-990,133,-42,-13512,-4940,7488,-516,94,-127,0
1098.988940000534,8220,6200,11704,-91,0,91,6676,-9668,10256,-32,137,-151,-13236,4908,6104,-1021,70,-22,-13556,-4824,7304,-559,85,-192,0
1099.0224170684814,8116,6276,11568,-83,31,97,6872,-9740,10416,13,168,-127,-13240,4840,6136,-1031,59,-38,-13408,-4868,7356,-499,89,-245,0
1099.0559959411619,8552,6312,11748,-62,81,43,6436,-9500,10520,-92,20,-47,-13000,4792,6300,-1005,-42,-119,-13408,-5052,7680,-538,34,-151,0
1099.0895459651947,8036,6348,11772,-114,-41,89,6836,-9584,10348,-135,209,-158,-13300,4632,6032,-972,81,-97,-13496,-4880,7392,-543,200,-145,0
1099.1230001449585,8088,6344,11724,-135,-43,73,6820,-9732,10280,-55,124,-168,-13404,4984,6288,-996,30,32,-13616,-5064,7508,-547,68,-187,0
1099.1562359333038,8124,6372,11724,-102,38,80,6744,-9668,10376,-14,169,-102,-13228,4940,6096,-1038,-3,-36,-13472,-4912,7484,-482,76,-142,0
1099.1930091381073,8040,6580,11652,-120,26,103,6728,-9960,10408,-51,110,-117,-13316,4872,6204,-1021,76,-57,-13392,-4980,7616,-521,105,-139,0
1099.22723197937,7968,6316,11748,-105,-22,75,6760,-9496,10392,-33,131,-144,-14584,5484,6560,-1010,-115,62,-13540,-5044,7424,-759,47,-184,0
1099.26082611084,8000,6412,11784,-145,-2,96,6760,-9560,10108,-16,185,-123,-13204,5048,6284,-989,22,-32,-13400,-4912,7476,-468,115,-181,0
1099.2944259643555,8016,6248,11640,-76,21,98,6700,-9804,10692,136,195,-28,-13176,4960,5932,-880,57,-38,-13072,-5052,7496,-578,71,-164,0
1099.3279659748077,7816,6364,11844,-73,-62,81,6496,-9712,10076,-33,179,-137,-13248,4856,6044,-1016,1,-87,-13436,-5060,7496,-257,160,-152,0
1099.3613591194153,7896,6392,11872,-183,-63,103,6724,-9660,10648,27,132,-168,-13068,5040,6392,-971,111,-73,-13528,-5068,7488,-529,128,-128,0
1099.394781112671,7956,6404,11748,-107,-75,93,6784,-9788,10488,-25,135,-183,-13208,4916,6348,-1064,112,-91,-13440,-5088,7424,-482,194,-125,0
1099.4284319877625,7932,6420,11824,-126,-81,93,6772,-9656,10332,-7,110,-221,-13348,4956,6232,-998,85,-86,-13488,-5008,7576,-555,168,-163,0
1099.462021112442,7980,6328,11808,-91,-134,76,6820,-9712,10332,-52,157,-183,-13252,4944,6168,-988,31,-136,-13524,-5068,7636,-536,154,-201,0
1099.4954960346222,8096,6336,11812,-120,-62,76,6852,-9652,10256,-2,126,-169,-13252,5000,6088,-1275,68,-75,-13560,-5116,7568,-470,103,-158,0
1099.5291440486908,8040,6444,11868,-137,-49,82,6768,-9668,10424,-36,180,-181,-13260,4916,6192,-967,75,-63,-13360,-4976,7548,-501,142,-127,0
1099.565663099289,8008,6376,11580,-132,-15,101,6724,-9656,10448,-22,164,-148,-13172,4936,6308,-1021,64,-104,-13440,-5004,7208,-489,115,-110,0
1099.6012070178986,7688,6324,11580,-166,-40,124,6808,-9676,10344,-39,149,-164,-13304,4976,5912,-969,78,-51,-13452,-5376,7244,-526,103,-157,0
1099.637416124344,7996,6460,11732,-128,-62,83,6768,-9736,10376,-75,174,-178,-13336,5096,6132,-1008,47,-28,-13452,-5016,7560,-491,137,-144,0
1099.6724300384521,7956,6284,11800,-149,-36,92,6792,-9724,10208,11,174,-162,-13268,4976,6212,-996,89,-64,-13444,-5112,7600,-478,125,-131,0
1099.7076261043549,7716,6616,11856,-118,-25,105,6712,-9700,10328,-23,109,-184,-13264,5008,6300,-983,136,-61,-13564,-5036,7552,-518,141,-119,0
1099.7434990406036,7872,6376,11936,-145,-129,101,6836,-9684,10384,-10,153,-189,-13200,5096,6236,-959,115,-88,-13424,-5112,7484,-474,147,-117,0
1099.7793600559235,7816,6428,11772,-127,-115,109,6820,-9536,10320,-66,153,-182,-13176,5000,6212,-959,111,-82,-13400,-5112,7584,-486,152,-99,0
1099.8148989677427,8112,6408,11708,-180,-80,124,6764,-9588,10296,-251,141,-213,-13092,4936,6276,-966,132,-94,-13468,-4924,7640,-464,225,-101,0
1099.850410938263,7872,6412,11972,-210,-177,112,6684,-9796,10356,-35,135,-213,-13500,5044,6172,-1040,134,-146,-13488,-4872,7628,-463,231,-73,0
1099.8855340480804,7920,6408,11780,-172,-229,141,6748,-9668,10452,-38,152,-264,-13200,5020,6280,-962,141,-135,-13412,-5104,7484,-477,241,-91,0
1099.921886920929,7952,6348,11804,-155,-246,124,6740,-9700,10240,-45,132,-508,-13132,5008,6172,-1031,163,-141,-13556,-4900,7440,-455,232,-71,0
1099.9583921432495,8068,6320,11724,-160,-158,135,6552,-9668,10004,-15,102,-224,-13204,4988,6284,-974,168,-150,-13460,-4940,7408,-451,236,-13,0
1099.9933569431305,8104,6308,11796,-234,-176,156,6700,-9736,10300,-14,124,-270,-13216,4900,6144,-1032,182,-166,-13380,-4952,7540,-435,260,-253,0
1100.029925107956,8044,6388,11820,-230,-208,177,6820,-9692,10572,8,97,-248,-13296,4872,6288,-1023,190,-140,-13548,-5088,7536,-455,241,-11,0
1100.0654051303864,8060,6436,11952,-212,-235,170,6944,-9596,10540,-26,90,-512,-13316,4688,6388,-1015,209,-191,-13496,-5048,7456,-470,268,-38,0
1100.1008920669556,8056,6348,11724,-190,-261,175,6840,-9744,10352,-26,88,-284,-13280,4888,6268,-987,189,-186,-13472,-5112,7608,-470,280,-26,0
1100.1360769271853,8016,6456,11596,-173,-273,157,6828,-9720,10420,-19,109,-285,-13228,4864,6320,-1009,174,-169,-13404,-5096,7608,-459,212,-81,0
1100.1719069480896,8016,6180,11696,-129,-207,166,6796,-9644,10340,-39,90,-240,-13232,4688,6068,-1006,200,-148,-13448,-5088,7504,-501,211,-106,0
1100.2088100910187,8128,6260,11692,-112,-130,135,6844,-9476,10224,-8,54,-223,-13160,5076,5960,-1054,144,-121,-13504,-4936,7300,-502,214,-115,0
1100.2419431209564,8064,6324,11688,-129,-63,103,6944,-9692,10032,20,116,-191,-13312,4928,6060,-990,109,-118,-13456,-4960,7484,-497,182,-162,0
1100.275421142578,8208,6232,11612,-163,21,90,6908,-9452,10372,-43,147,-176,-13252,4884,6028,-957,61,-53,-13536,-4948,7384,-502,107,-206,0
1100.3090419769287,8132,6404,11680,-149,37,33,6920,-9604,10384,-40,219,-158,-13244,4612,6276,-932,23,-251,-13404,-4996,7340,-464,153,-207,0
1100.3423581123352,8052,6384,11636,-217,62,46,7156,-9584,10424,-32,223,-194,-13384,4844,6156,-917,79,-58,-13472,-5004,7380,-430,186,-108,0
1100.3756940364838,8168,6328,11832,-204,-81,74,6872,-9932,10480,-84,168,-220,-13324,4992,6100,-945,86,-141,-13476,-4872,7520,-413,160,-112,0
1100.4091351032255,8020,6400,11664,-154,-93,71,6736,-9608,10392,-30,177,-250,-13384,4940,6312,-982,83,-150,-13508,-5060,7632,-435,190,-147,0
1100.4425780773163,7944,6336,11892,-153,-113,66,6764,-9660,10240,-39,182,-248,-13312,4940,6188,-936,59,-95,-13380,-4888,7480,-465,188,-132,0
1100.4760999679565,7956,6208,11648,-143,-105,50,6668,-9604,10268,-42,156,-220,-13112,4928,6304,-975,115,-115,-13268,-5128,7504,-444,183,-121,0
1100.5100829601288,8148,6144,11924,-155,-73,95,6696,-9776,10396,-50,107,-193,-13216,4976,6324,-965,146,-78,-13512,-4956,7604,-467,130,-46,0
1100.5436990261078,8008,6300,11928,-179,-83,146,6908,-9628,10288,-82,137,-146,-13224,5108,6156,-957,107,-14,-13448,-5028,7640,-514,97,-116,0
1100.5773229599,8000,6320,11900,-166,-96,168,6800,-9712,10400,-64,104,-138,-13304,4956,5956,-1001,158,-51,-13480,-5052,7608,-502,88,-53,0
1100.6109809875488,8024,6400,11632,-99,-46,141,6796,-9660,10384,-93,79,-161,-13308,4836,6172,-971,178,-67,-13448,-5080,7176,-538,114,-106,0
1100.6439700126648,8108,6368,11652,-179,-57,96,6804,-9656,10268,-20,73,-243,-13276,4812,6044,-967,136,-150,-13356,-4912,7652,-476,272,-117,0
1100.6776311397552,8088,6324,11732,-145,-165,95,6864,-9656,10268,-11,148,-248,-13348,4860,6188,-999,124,-144,-13424,-5056,7664,-458,270,-140,0
1100.7111749649048,8072,6284,11596,-122,-160,80,7164,-9576,10444,-22,135,-286,-13276,4848,6228,-938,128,-167,-13496,-4996,7560,-437,198,-134,0
1100.7444031238556,8172,6420,11652,-192,-148,43,6948,-9600,10052,-104,188,-267,-13348,4908,6084,-894,39,-137,-13560,-4944,7644,-438,122,-152,0
1100.7780029773712,7944,6276,11712,-154,-111,55,7156,-9680,10268,-116,174,-215,-13296,5072,5968,-946,77,-64,-13504,-4968,7448,-443,101,-100,0
1100.8112990856173,7968,6364,11856,-209,-63,77,6856,-9640,10364,-48,152,-173,-13244,4968,6168,-928,139,-250,-13716,-4996,7440,-479,150,-94,0
1100.844838142395,7956,6348,11640,-204,-92,125,6740,-9524,10252,-88,148,-180,-13156,4912,5916,-923,151,-76,-13544,-5324,7496,-439,141,-80,0
1100.8785779476166,8172,6308,11796,-143,-145,112,6668,-9732,10396,-100,59,-235,-13092,4612,6104,-941,205,-184,-13444,-4976,7412,-469,226,-91,0
1100.911383152008,7896,6352,11692,-126,-191,130,6824,-9676,10368,-34,11,-339,-13512,4928,6012,-966,237,-205,-13520,-4956,7300,-499,356,-116,0
1100.944834947586,8112,6308,11712,-115,-209,74,6856,-9680,10288,-4,90,-334,-13368,5012,6164,-973,123,-207,-13528,-4900,7528,-524,296,-192,0
1100.9784400463104,8028,6352,11728,-64,-206,24,7108,-9744,10244,50,171,-301,-13328,4996,5920,-930,40,-215,-13428,-4968,7500,-534,238,-238,0
1101.0115790367129,8424,6356,11640,-45,-167,16,7032,-9748,10076,7,189,-306,-13312,4996,6068,-955,10,-216,-13464,-4980,7428,-472,224,-182,0
1101.0449569225311,8168,6308,11640,-168,-106,9,6948,-9592,10088,-9,234,-207,-13208,5016,6008,-978,-3,-114,-13516,-4984,7472,-486,134,-155,0
1101.078722000122,8144,6316,11756,-217,-47,60,6664,-9972,10216,-63,259,-123,-13256,5000,5900,-946,48,25,-13380,-4904,7496,-764,61,-91,0
1101.1123061180115,8020,6416,11740,-227,13,157,6804,-9680,10424,-78,143,-43,-13228,4936,6072,-994,115,70,-13568,-4940,7352,-523,-8,-52,0
1101.145369052887,8120,6376,11960,-196,14,243,6804,-9608,10372,-105,93,-7,-13208,4640,6232,-1022,173,6,-13380,-4992,7380,-523,65,-20,0
1101.1789650917053,7980,6380,11632,-194,-46,6,6728,-9608,10264,-21,252,-109,-13208,4876,5948,-1028,269,-62,-13384,-5048,7424,-547,119,-21,0
1101.2122769355774,8088,6376,11720,-89,-134,241,6856,-9680,10272,2,0,-211,-13436,4836,6216,-1070,174,-202,-13436,-5140,7188,-573,280,-107,0
1101.2496950626373,8056,6156,11752,-73,-205,108,6936,-9448,10260,251,159,-287,-13468,4796,6248,-1027,33,-194,-13452,-5152,7388,-545,278,-208,0
1101.2852029800415,8084,6228,11492,13,-171,29,7080,-9620,10168,-21,184,-298,-13364,4804,5960,-934,24,-213,-13412,-4976,7248,-476,218,-200,0
1101.3204131126404,8436,6596,11800,-86,-173,-60,7140,-9564,10436,-24,509,-308,-13420,4904,6040,-865,-17,-121,-13556,-4936,7364,-468,176,-247,0
1101.355381011963,8200,6336,11288,-135,-31,-64,6904,-9660,10156,-21,287,-270,-13256,5024,5960,-947,-10,-135,-13584,-4896,7520,-370,137,-204,0
1101.3909010887146,8120,6304,11800,-166,-61,-3,6820,-9720,10260,-59,215,-222,-13304,4980,6232,-962,34,-125,-13508,-5076,7616,-373,134,-144,0
1101.4259049892426,8008,6324,11972,-174,-73,46,6780,-9484,10036,-83,168,-208,-13284,5004,5892,-944,107,-74,-13412,-5012,7628,-465,126,-170,0
1101.4617669582367,7928,6160,11748,-118,-98,57,6732,-9752,10448,-43,143,-256,-13224,5056,5980,-968,144,-218,-13292,-4928,7444,-491,231,-169,0
1101.4975709915159,7968,6272,11552,-44,-147,50,6704,-9620,10376,82,127,-294,-13196,5056,6188,-1095,88,-240,-13392,-4976,7444,-556,286,-197,0
1101.5323610305786,8160,6156,11936,13,-137,81,6872,-9660,10380,80,103,-239,-13304,5048,6160,-1116,67,-150,-13480,-5032,7632,-619,245,-183,0
1101.56809091568,8020,6400,11944,-23,-175,90,6800,-9600,10360,50,99,-260,-13276,4956,6160,-1008,117,-210,-13316,-4896,7448,-540,204,-147,0
1101.6033959388733,8080,6448,11688,-87,-151,115,6876,-9596,10384,45,149,-243,-13132,4940,6440,-1026,90,-156,-13636,-5036,7348,-582,205,-166,0
1101.6387710571287,7988,6468,11356,-44,-190,103,7136,-9756,10344,35,155,-178,-13332,4980,5892,-1044,60,-139,-13428,-4916,7372,-671,160,-158,0
1101.674350976944,8112,6348,11560,26,-127,168,6836,-9616,10324,90,34,-138,-13308,4876,6072,-1181,67,-139,-13452,-4936,7676,-673,218,-158,0
1101.7102320194244,7968,6432,11748,95,-124,217,6716,-9576,10384,66,-37,-191,-13088,4948,6156,-1100,170,-189,-13120,-4960,7444,-699,165,-109,0
1101.7450399398804,8020,6388,11908,130,-161,194,6796,-9564,10064,-1,-243,-245,-13244,4728,6100,-1083,155,-226,-13420,-5112,7408,-621,219,-119,0
1101.7807669639587,8196,6480,11644,80,-137,117,6860,-9224,10368,-44,-21,-316,-13428,4628,6120,-1057,187,-264,-13472,-5252,7244,-766,282,-107,0
1101.816043138504,7972,6544,11640,31,-126,110,7164,-9632,10336,-102,40,-279,-13668,4912,6184,-935,116,-183,-13768,-5016,7272,-631,255,-145,0
1101.8514630794523,8308,6468,11688,-253,-128,92,7104,-9480,10284,-77,111,-510,-13436,4724,5640,-910,83,-71,-13664,-5120,7328,-433,143,-175,0
1101.8874819278715,8228,6472,11612,-134,-28,21,6972,-9224,10176,-137,219,-144,-13372,4820,6184,-939,-70,34,-13576,-5076,7336,-483,0,-237,0
1101.9208331108093,8008,6384,11556,-178,93,-18,6884,-9644,10468,-85,310,-65,-13076,4976,6240,-902,-139,75,-13472,-5084,7436,-546,-82,-238,0
1101.9539999961853,8152,6444,11588,-200,205,-16,6784,-9636,10072,-118,322,-62,-13216,4768,6136,-830,-43,58,-13324,-5224,7356,-442,-97,-178,0
1101.9875280857086,7952,6620,11664,-207,86,-12,6760,-9500,10356,-191,312,-145,-13256,4648,6056,-828,-51,19,-13484,-5096,7124,-397,79,-143,0
1102.0210840702057,8048,6656,11736,-248,-28,23,6844,-9584,10420,-245,235,-173,-13288,5080,6304,-826,93,43,-13416,-5024,7300,-417,3,-86,0
1102.0544180870056,8048,6424,11488,-260,30,118,6764,-9760,10316,-142,199,-87,-13296,5032,6072,-968,126,84,-13392,-5108,7476,-498,65,-31,0
1102.0881371498108,8036,6420,11748,-172,44,201,6828,-9808,10560,-75,70,-55,-13288,5072,6236,-771,160,70,-13452,-5084,7704,-485,-3,14,0
1102.1214151382446,7960,6552,11912,-119,82,187,6784,-9936,10412,-125,44,-79,-13488,4980,6236,-926,189,81,-13368,-5168,7596,-448,-29,-38,0
1102.1548020839691,7820,6428,11820,-123,40,164,7008,-9720,10028,-146,135,-118,-13564,5112,6196,-928,181,33,-13372,-5072,7460,-419,35,-119,0
1102.1884200572968,8200,6496,11656,-210,-7,48,7012,-9568,10276,-98,355,-210,-13372,4872,6028,-899,-5,-46,-13344,-5128,7376,-296,114,-238,0
1102.2220511436465,8036,6504,11624,-353,-47,-113,6812,-9628,10344,-110,458,-276,-13188,4828,6424,-816,-82,-78,-13444,-5192,7368,-267,145,-276,0
1102.255427122116,7996,6524,11656,-362,-120,-152,6724,-9512,10680,-168,422,-312,-13184,4952,6448,-804,-104,-94,-13464,-5036,7412,-357,203,-192,0
1102.2889740467072,7972,6532,11724,-364,-117,-85,6796,-9640,10712,-58,362,-227,-13312,5328,6284,-848,-32,-36,-13456,-4924,7524,-459,176,-191,0
1102.3224511146545,8000,6460,11844,-223,-99,-26,6820,-9772,10480,-33,320,-507,-13436,5368,6068,-845,80,-88,-13812,-4876,7264,-484,142,-186,0
1102.3561630249023,8068,6284,11812,-97,-165,37,6832,-9936,10324,40,507,-201,-13316,5240,6080,-1032,104,-51,-13476,-5120,7432,-575,167,-120,0
1102.3898389339447,7996,6276,12028,-55,-224,183,6632,-9772,10256,69,205,-79,-13204,5204,6084,-1205,104,-10,-13376,-4836,7644,-664,174,-42,0
1102.4232470989227,7920,6308,11868,12,-169,266,6560,-9488,10356,105,133,-21,-13008,5160,6076,-1215,211,-52,-13412,-5016,7684,-718,112,-12,0
1102.4568829536438,8144,6344,11560,47,-5,322,6688,-9812,10148,110,251,6,-13200,5080,5840,-1161,325,20,-13528,-4988,7644,-698,-15,15,0
1102.4902551174164,7952,6456,11532,-89,30,384,6888,-9692,10280,77,38,54,-13284,4992,6368,-1140,234,80,-13504,-5076,7504,-683,16,-44,0
1102.5237140655518,8112,6384,11700,-202,-32,362,6848,-9500,10660,20,112,25,-13300,4852,6104,-1079,221,40,-13384,-5188,7364,-654,102,-14,0
1102.5574181079865,8016,6504,11852,-215,-126,292,6780,-9708,10452,66,111,-103,-13372,4928,6132,-1117,198,-44,-13536,-5196,7284,-580,172,-38,0
1102.5910861492157,8092,6472,11612,-170,-107,214,6908,-9648,10276,18,163,-110,-13400,4948,6108,-1091,134,-24,-13424,-5148,7240,-580,140,-142,0
1102.6246719360352,8272,6404,11688,-159,-44,127,6908,-9672,10380,56,236,-105,-13344,4928,6144,-773,6,-57,-13468,-5152,7584,-534,45,-270,0
1102.658117055893,7956,6436,11716,-189,2,33,6720,-9592,10432,110,364,-84,-13208,4916,6300,-985,-99,-58,-13524,-5376,7496,-768,63,-348,0
1102.6915950775149,7752,6548,11620,-195,57,-63,6700,-9552,10688,9,439,-179,-13176,4648,6636,-919,-114,-256,-13060,-5188,7180,-469,72,-287,0
1102.7251529693604,7992,6444,11552,-280,12,-33,6576,-9528,10556,2,351,-141,-13084,5000,6068,-906,-110,-7,-13344,-5004,7372,-576,149,-207,0
1102.7587010860443,7960,6428,11728,-172,-74,85,6560,-9676,10408,55,163,-157,-13044,5024,6224,-1114,87,-78,-13508,-4980,7432,-582,156,-118,0
1102.7922859191895,7900,6344,11884,-66,-139,197,6560,-9708,10324,81,-11,-132,-13028,5132,6144,-1134,194,-111,-13376,-5084,7544,-584,162,-53,0
1102.825562953949,7944,6408,11800,-55,-93,297,6596,-9620,10400,43,-45,-106,-13196,5040,6336,-1097,4,-53,-13496,-5212,7488,-588,130,27,0
1102.8591740131378,8100,6484,11716,-121,-62,332,6700,-9732,10348,-63,-30,-74,-13236,5040,6164,-1093,277,42,-13552,-5140,7476,-600,40,-255,0
1102.892497062683,8160,6464,11740,-77,-35,294,6756,-9644,10312,-49,-78,-79,-13216,4976,6204,-1057,308,68,-13360,-5120,7184,-586,54,-14,0
1102.929204940796,7932,6256,11564,-87,1,246,6776,-9600,10400,-55,31,-66,-13516,5020,6128,-1079,137,5,-13408,-5000,7212,-660,83,-115,0
1102.964203119278,8180,6356,11712,-79,-3,191,7072,-9496,10364,76,184,-81,-13384,4752,6196,-1073,27,-42,-13356,-5104,7500,-616,95,-212,0
1103.0003750324247,8156,6412,11612,-56,65,129,6800,-9928,10332,58,167,-53,-13388,4948,6120,-1084,16,-67,-13480,-5220,7472,-575,81,-182,0
1103.035586118698,8044,6636,11876,-97,26,138,6728,-9664,10364,-15,78,-107,-13236,4916,6152,-990,121,-53,-13364,-5060,7360,-558,114,-112,0
1103.0715489387512,8136,6396,11716,-96,-61,101,6704,-9764,10432,15,118,-212,-13124,4904,6192,-1000,77,-130,-13328,-5132,7520,-525,170,-173,0
1103.1072850227356,7920,6416,11652,-115,-108,58,6596,-9584,10416,-11,194,-238,-13208,5108,6188,-1039,-5,-133,-13380,-5164,7616,-485,213,-179,0
1103.1419389247894,7924,6492,11632,-158,-59,-14,6592,-9976,10732,-24,150,-211,-13156,5200,6152,-1017,60,-59,-13416,-5344,7612,-759,166,-144,0
1103.1780741214752,7848,6516,11832,-150,-90,123,6512,-9612,10240,-75,93,-135,-13136,5124,6292,-959,103,-59,-13376,-5264,7576,-553,77,-121,0
1103.2134540081024,8180,6368,11864,-137,-25,177,6648,-9644,10316,-139,89,-89,-13100,5064,6212,-947,170,35,-13484,-5236,7672,-576,59,-56,0
1103.2492640018463,8036,6504,11920,-140,-64,1,6764,-9656,10264,-116,5,-81,-13184,5020,6168,-994,1,6,-13412,-5192,7460,-549,40,-244,0
1103.2844951152802,8004,6576,11596,-143,-3,304,6848,-9564,10244,-108,-54,-58,-13292,4860,6128,-1010,284,65,-13424,-5172,7348,-595,107,56,0
1103.31990814209,8100,6412,11532,-150,-15,273,6868,-9628,10320,-81,-53,-95,-13328,4912,6188,-1060,260,-51,-13436,-5180,7364,-542,115,-36,0
1103.3556699752808,8056,6196,11684,-87,-122,215,6812,-9680,10256,-41,18,-194,-13256,4868,6324,-1039,143,-122,-13352,-5284,7408,-764,165,-105,0
1103.3914251327515,8124,6184,11560,-120,-134,146,6736,-9692,10440,-35,89,-214,-13276,5032,6068,-966,100,-203,-13392,-5112,7444,-556,209,-147,0
1103.4272050857544,8012,6232,11764,-18,-107,60,6676,-9764,10304,13,92,-277,-13364,5056,6356,-1012,77,-172,-13448,-5140,7532,-449,172,-159,0
1103.4622621536255,8388,6536,11688,-139,-59,35,6844,-9644,10312,-55,174,-271,-13260,5056,6240,-940,15,-93,-13376,-5016,7176,-381,169,-160,0
1103.4974451065063,8104,6504,11752,-244,-73,25,6552,-9740,10308,-84,190,-228,-13100,5208,6048,-1015,28,-84,-13460,-4908,7628,-437,162,-127,0
1103.5334961414335,8100,6396,11648,-200,13,92,6636,-9740,10276,-61,108,-122,-13180,5128,6308,-1048,73,-243,-13468,-5056,7576,-499,71,-51,0
1103.569941997528,8000,6316,11880,-222,46,162,6616,-9624,10464,-63,24,-75,-12816,5064,6156,-1106,157,2,-13288,-4980,7544,-505,35,-46,0
1103.6034939289093,7828,6380,11880,-187,5,210,6744,-9664,10464,-48,46,-113,-13212,4956,6172,-1058,186,-72,-13280,-5132,7460,-445,67,-60,0
1103.6370549201963,7860,6540,11780,-136,-21,163,6764,-9608,10496,-37,35,-178,-13212,4988,6368,-1016,183,-100,-13508,-5252,7468,-469,153,-109,0
1103.6705820560455,7980,6488,11680,-139,-124,128,6744,-9628,10548,-43,155,-206,-13256,4884,6348,-944,69,-87,-13348,-5252,7372,-561,203,-157,0
1103.7042229175568,7972,6492,11632,-84,-118,63,6876,-9548,10492,-8,168,-252,-13208,4868,6196,-941,23,-181,-13560,-5292,7368,-442,215,-170,0
1103.737487077713,8120,6572,11584,-153,-116,22,6704,-9532,10520,-32,159,-347,-13120,4956,6288,-930,118,-185,-13568,-5152,7312,-405,284,-91,0
1103.7710630893707,7988,6512,11788,-173,-201,64,6860,-9676,10324,-123,83,-335,-13200,5076,6052,-966,175,-148,-13576,-4968,7412,-432,283,-27,0
1103.8046901226044,8132,6144,11764,-156,-198,149,6968,-9696,10292,-60,93,-251,-13348,5040,6056,-1009,149,-83,-13532,-4976,7612,-448,184,-29,0
1103.8384130001068,8208,6288,11668,-166,-118,189,6704,-9644,10472,-3,130,-137,-13256,5072,5996,-993,131,-12,-13560,-5016,7528,-485,106,-55,0
1103.871843099594,8176,6620,11532,-171,-54,208,6724,-9688,10264,-75,54,-42,-13208,5164,6196,-1108,160,-252,-13588,-5008,7508,-578,82,-245,0
1103.9052820205688,8024,6196,11664,-129,-4,314,6896,-9668,10232,-65,-43,-25,-13100,5004,5888,-1131,239,-52,-13268,-5064,7528,-621,126,64,0
1103.938635110855,7932,6360,11772,-73,-57,330,6672,-9980,10388,4,-86,-128,-13072,4968,6088,-1089,317,-101,-13280,-5180,7564,-479,203,71,0
1103.9719910621643,7924,6324,11848,-122,-154,280,6756,-9704,10064,-6,-69,-236,-13216,5016,6116,-1060,391,-171,-13416,-5068,7612,-472,202,24,0
1104.0056440830233,8108,6612,11708,-101,-216,172,6892,-9764,10364,-73,37,-302,-13412,4944,5896,-982,207,-172,-13400,-5000,7436,-492,333,-77,0
1104.0389750003815,7996,6336,11884,-171,-236,134,6744,-9668,10348,-2,78,-272,-13304,5144,6136,-1165,84,-173,-13504,-5076,7528,-529,344,-50,0
1104.072438955307,7996,6492,11492,-147,-132,184,6644,-9628,10400,-23,60,-164,-13504,5032,6172,-1113,126,-57,-13652,-5072,7684,-516,169,45,0
1104.1059279441833,8100,6416,12212,-223,16,217,6720,-9740,10488,-76,-40,-102,-13172,5120,6076,-995,290,42,-13352,-4908,7644,-505,93,68,0
1104.1393070220947,7920,6224,11844,-197,-40,288,6708,-9860,10092,-17,-98,-99,-13516,5052,5996,-1085,327,-97,-13284,-5060,7520,-519,161,5,0
1104.1728639602659,7948,6324,11732,-62,-192,269,6864,-9640,10272,19,9,-181,-13244,5024,6168,-1123,213,-161,-13364,-5208,7512,-539,242,-30,0
1104.2112081050873,8020,6496,11808,-137,-228,200,6816,-9640,10444,-16,67,-174,-13252,4864,6256,-1034,199,-196,-13464,-5256,7560,-536,234,-93,0
1104.2449059486387,8164,6464,11608,-129,-187,132,6860,-9808,10408,-38,3,-505,-13272,4932,6148,-966,240,-200,-13804,-5020,7192,-493,218,-83,0
1104.278650045395,8008,6244,11544,-104,-152,122,6932,-9568,10248,0,42,-306,-13296,4892,6164,-994,231,-178,-13548,-5044,7380,-442,280,-45,0
1104.3120949268339,8148,6644,11980,-152,-151,146,6908,-9524,10476,-46,52,-317,-13204,4948,6104,-995,197,-144,-13800,-5116,7324,-438,328,-254,0
1104.3455159664154,8092,6624,11604,-228,-219,150,7020,-9524,10276,-71,-12,-284,-13328,4976,6132,-896,183,-121,-13324,-5052,7312,-407,277,-3,0
1104.3793389797213,8244,6432,11692,-501,-129,150,7136,-9680,10348,-48,52,-234,-13408,4936,6136,-974,220,-139,-13436,-5048,7408,-483,192,-56,0
1104.4126460552216,8068,6168,11648,-155,-129,179,7000,-9480,10184,-12,40,-215,-13464,4844,5980,-951,162,-174,-13564,-5132,7300,-464,286,-111,0
1104.4464530944824,8108,6480,11520,-154,-200,111,6916,-9520,10324,45,117,-326,-13312,4804,5972,-986,101,-186,-13420,-5092,7376,-416,309,-110,0
1104.479907989502,8052,6408,11484,-168,-167,53,6972,-9588,10364,-63,234,-293,-13548,4948,6064,-926,60,-103,-13636,-4880,7672,-412,280,-139,0
1104.5134320259094,8352,6380,11708,-227,-106,49,6852,-9888,10384,-7,241,-242,-13388,5056,6244,-970,20,-57,-13684,-4964,7444,-435,233,-159,0
1104.5470049381256,8084,6272,11748,-193,-110,49,6772,-9816,10280,10,155,-226,-13276,5128,6024,-1009,97,-132,-13520,-4876,7660,-385,182,-147,0
1104.5803821086884,8076,6252,11824,-141,-68,41,6784,-9884,10276,21,157,-227,-13424,5064,6000,-1010,81,-100,-13408,-4952,7456,-438,160,-196,0
1104.618468999863,8016,6212,11776,-91,-62,36,6832,-9764,10304,26,193,-189,-13500,5044,5952,-770,3,-142,-13456,-5016,7592,-257,129,-227,0
1104.6539330482483,7816,6272,11540,-103,-30,-255,6652,-9664,10352,15,169,-231,-13148,4996,6096,-769,40,-173,-13364,-5048,7420,-487,165,-198,0
1104.6898880004883,7980,6340,11544,-116,-97,48,6736,-9744,10328,14,173,-4,-13288,5140,6264,-1057,57,-166,-13492,-5044,7416,-553,251,-207,0
1104.7247791290283,8444,6452,11840,-85,-111,58,6880,-9624,10424,35,138,-215,-13284,4904,6036,-1043,65,-153,-13564,-5028,7368,-578,173,-196,0
1104.7605221271515,8152,6420,11580,-43,-107,92,6948,-9632,10168,-253,130,-195,-13436,4964,6052,-981,108,-135,-13592,-5148,7332,-506,170,-142,0
1104.795550107956,8116,6612,11980,-163,-118,93,7012,-9584,10172,-56,143,-242,-13092,4912,5896,-964,130,-114,-13444,-5120,7304,-444,159,-105,0
1104.8318519592283,8080,6396,11680,-211,-61,81,6992,-9624,10448,-63,132,-245,-13348,4912,6020,-929,121,-80,-13440,-5044,7380,-419,152,-101,0
1104.8680651187897,8132,6416,11496,-187,-91,65,7160,-9592,10352,-60,168,-216,-13408,4868,6188,-970,88,-98,-13424,-5084,7308,-425,153,-137,0
1104.9028589725494,7968,6252,11544,-137,-102,69,6936,-9564,10348,-36,175,-170,-13480,4968,6120,-1022,12,-29,-13556,-5368,7532,-516,110,-184,0
1104.9386150836945,8244,6388,11780,-128,-35,68,6812,-9504,10260,-42,184,-154,-13280,5048,5996,-1016,53,-20,-13496,-4996,7440,-528,78,-134,0
1104.974242925644,8088,6412,11844,-119,-9,96,6888,-9576,10468,13,178,-126,-13356,4940,6052,-773,52,-89,-13432,-5064,7472,-521,84,-111,0
1105.0100491046906,8076,6652,11724,-121,18,163,6880,-9672,10320,-1,83,-141,-13236,4960,6016,-1008,116,-21,-13516,-5156,7452,-512,105,-92,0
1105.0457141399384,8016,6248,11616,-103,-70,152,6852,-9548,10224,-53,106,-160,-13072,4984,5928,-1275,119,-90,-13380,-5008,7512,-517,141,-101,0
1105.0814130306244,8064,6352,11752,-118,-59,126,6920,-9696,10192,-44,124,-175,-13280,4960,5940,-989,113,-100,-13516,-4976,7296,-505,161,-123,0
1105.1174800395966,8200,6604,11640,-141,-76,90,7004,-9492,10308,-37,115,-180,-13420,5096,5900,-1048,101,-87,-13740,-5080,7480,-517,140,-146,0
1105.1524081230164,8132,6444,11800,-109,-28,91,6884,-9672,10236,-47,198,-210,-13348,5000,6148,-777,88,-100,-13484,-5116,7408,-764,164,-163,0
1105.188756942749,8048,6348,11920,-164,-42,76,6740,-9748,10336,-12,162,-208,-13212,4904,6100,-1009,118,-53,-13488,-4916,7476,-451,213,-87,0
1105.2235119342804,8016,6464,11696,-219,-139,111,6900,-9772,10392,-16,116,-230,-13332,4920,6072,-988,148,-142,-13500,-5060,7452,-447,258,-50,0
1105.2600910663605,7984,6176,11824,-202,-202,145,6892,-9724,10408,-255,86,-512,-13304,4976,6292,-1005,156,-144,-13424,-4892,7200,-486,251,-67,0
1105.293739080429,8104,6336,11656,-160,-219,164,6876,-9712,10484,-4,155,-275,-13376,4980,6144,-1016,137,-140,-13452,-5304,7404,-441,234,-56,0
1105.327430009842,8112,6468,11692,-213,-205,149,6920,-9608,10424,-7,163,-227,-13328,4952,6068,-980,144,-153,-13524,-5012,7348,-477,180,-86,0
1105.3610460758207,8076,6436,11668,-179,-172,152,6880,-9584,10316,-48,106,-209,-13300,5048,6156,-999,165,-140,-13752,-5116,7444,-496,171,-29,0
1105.3945400714874,8100,6328,11608,-215,-176,151,6716,-9692,10296,-45,126,-198,-13100,4876,5920,-1060,166,-87,-13424,-5092,7392,-490,196,-41,0
1105.4280400276184,8144,6292,11652,-182,-152,190,6864,-9564,10268,-16,77,-189,-13256,4972,6296,-999,197,-73,-13476,-5116,7440,-480,161,-38,0
1105.4617249965668,8252,6376,11608,-187,-186,174,6948,-9592,10356,-58,84,-238,-13400,4776,5944,-957,193,-105,-13456,-4928,7276,-442,216,-16,0
1105.494882106781,8428,6364,11724,-212,-186,177,6968,-9640,10000,-53,62,-9,-13384,4968,5680,-950,221,-185,-13472,-4760,7200,-453,2,249,0
1105.5285289287567,8216,6200,11600,-191,-176,167,7012,-9604,10492,-2,105,-237,-13352,5040,5988,-1030,175,-120,-13552,-4856,7336,-457,206,-75,0
1105.5621290206907,8260,6284,11788,-178,-161,137,7052,-9576,10236,-15,86,-207,-13372,4956,5900,-1023,159,-115,-13636,-4936,7168,-470,130,-117,0
1105.595626115799,8188,6436,11704,-186,-100,142,6948,-9672,10304,-37,148,-168,-13340,4916,6236,-999,109,-73,-13584,-5056,7376,-506,168,-99,0
1105.6290740966797,8072,6300,11652,-190,-143,122,6676,-9652,10260,-37,132,-200,-13344,4992,6032,-1009,115,-109,-13580,-4984,7384,-472,205,-93,0
1105.6624739170074,8144,6320,11808,-203,-182,176,6852,-9604,10124,-6,52,-233,-13224,5052,5996,-1013,194,-144,-13520,-5012,7408,-505,228,-78,0
1105.695991039276,8140,6308,11540,-141,-192,157,6924,-9600,10280,-26,88,-226,-13236,5092,5916,-1011,133,-154,-13452,-5004,7336,-520,228,-87,0
1105.7297060489655,8104,6244,11668,-199,-185,162,6984,-9664,10232,-4,85,-217,-13164,4824,5984,-995,196,-149,-13524,-5000,7440,-478,186,-98,0
1105.7634000778198,7992,6284,11644,-200,-139,163,6984,-9632,10224,-21,63,-215,-13468,4836,5892,-1043,164,-115,-13448,-5020,7268,-759,185,-95,0
1105.7971789836884,8128,6348,11520,-157,-125,122,7156,-9544,10052,10,107,-209,-13368,4844,6040,-1045,101,-93,-13428,-5028,7268,-522,173,-134,0
1105.8303329944613,8252,6300,11752,-131,-63,121,6996,-9660,10264,-56,128,-170,-13464,4844,5984,-1033,52,-37,-13576,-4880,7324,-506,111,-179,0
1105.863853931427,8352,6356,11604,-140,-1,45,7024,-9616,10372,-7,177,-143,-13428,4636,5764,-990,58,-82,-13800,-5032,7276,-504,100,-202,0
1105.8971350193024,8204,6380,11736,-167,25,57,6984,-9540,10432,248,153,-157,-13544,5096,6032,-1040,75,-67,-13328,-4936,7312,-498,131,-170,0
1105.9448211193085,8088,6352,11664,-134,-11,83,7096,-9616,10368,-44,162,-157,-13404,4908,6064,-1031,80,-27,-13528,-5020,7496,-469,125,-157,0
1105.9907350540159,8372,6232,11528,-182,-25,94,6676,-9568,10412,-55,134,-152,-13064,4940,6208,-973,84,-45,-13576,-5008,7340,-475,117,-114,0
1106.028123140335,8184,6348,11716,-129,-25,87,6896,-9724,10480,-44,115,-165,-13404,4904,6064,-1023,81,-67,-13500,-4844,7428,-524,138,-149,0
1106.061821937561,8380,6296,11780,-122,-30,99,6948,-9840,10468,-10,142,-146,-13344,5064,6068,-1066,52,-58,-13356,-5024,7252,-512,90,-151,0
1106.0954411029816,8152,6308,11532,-79,27,120,7156,-9680,10356,-28,136,-105,-13356,4948,6084,-1026,49,-27,-13548,-5068,7424,-557,28,-152,0
1106.1286461353302,8128,6356,11708,-59,19,56,6896,-9616,10204,-61,196,-123,-13384,4908,5968,-977,25,-19,-13480,-4876,7364,-767,91,-184,0
1106.1620070934296,8104,6324,11712,-150,18,53,6916,-9552,10124,-32,182,-164,-13344,4880,5928,-978,49,-65,-13488,-5000,7448,-491,88,-183,0
1106.1956069469452,8424,6392,11540,-145,-18,70,6932,-9700,10344,-12,165,-165,-13384,4960,6176,-999,42,-73,-13536,-4936,7548,-502,105,-141,0
1106.2292740345,7936,6380,11556,-117,-49,75,6888,-9584,10444,-61,120,-136,-13384,4860,5960,-980,62,-1,-13576,-5096,7548,-518,79,-168,0
1106.2624390125275,8128,6424,11592,-136,-66,90,7164,-9684,10272,-54,157,-161,-13340,4872,6064,-948,74,-47,-13500,-4964,7352,-497,98,-183,0
1106.3006551265717,8088,6296,11684,-108,-61,90,7084,-9640,10384,-44,142,-176,-13348,4924,5956,-1012,37,-73,-13500,-5036,7180,-505,129,-176,0
1106.3362369537354,8064,6408,11552,-119,-5,67,6848,-9732,10280,3,177,-174,-13316,4976,5728,-1049,57,-44,-13476,-5008,7228,-549,136,-169,0
1106.37229013443,8164,6356,11732,-110,238,63,7012,-9592,10148,-34,113,-170,-13252,4624,6004,-1271,59,-20,-13532,-5132,7304,-515,125,-166,0
1106.4077730178833,8008,6376,11516,-123,-50,79,6856,-9648,10412,252,145,-152,-13096,4932,6144,-976,70,-93,-13452,-5056,7300,-523,122,-146,0
1106.442943096161,8076,6268,11764,-133,-36,91,6840,-9676,10284,-28,148,-158,-13300,4956,6124,-1005,112,-87,-13492,-5188,7420,-492,129,-129,0
1106.4789500236511,8048,6392,11864,-133,-81,135,6928,-9620,10412,-50,132,-173,-13356,4964,6048,-996,99,-75,-13424,-5048,7424,-496,151,-136,0
1106.513916015625,8440,6344,11700,-122,-90,116,6828,-9644,10348,-57,133,-201,-13380,4868,5960,-989,110,-115,-13460,-5120,7372,-489,132,-128,0
1106.5495159626007,7952,6424,11648,-122,-88,91,6676,-9580,10404,-55,181,-168,-13284,5056,6088,-973,73,-45,-13472,-5036,7432,-493,124,-147,0
1106.584885120392,8040,6372,11520,-135,-49,87,6852,-9712,10404,-13,135,-168,-13372,4944,5900,-997,74,-91,-13432,-5076,7264,-499,128,-143,0
1106.620666027069,8180,6356,11788,-118,-65,105,6896,-9636,10296,-10,117,-180,-13312,4876,6252,-1007,85,-76,-13492,-5132,7260,-469,160,-162,0
1106.6557400226593,8096,6344,11512,-171,-83,93,6936,-9560,10360,-41,102,-206,-13260,4876,6016,-983,124,-145,-13536,-4980,7452,-490,169,-150,0
1106.6911261081696,8184,6344,11528,-114,-96,106,6840,-9704,10204,-61,140,-198,-13084,5028,5760,-967,93,-56,-13476,-5076,7404,-536,152,-142,0
1106.7271230220795,8216,6336,11628,-166,-81,81,6876,-9696,10088,-1,136,-195,-13324,5000,6068,-1029,69,-89,-13540,-5020,7336,-764,155,-115,0
1106.762491941452,8152,6400,11748,-111,-23,98,7120,-9504,10364,-250,153,-173,-13348,4924,6144,-1047,120,-106,-13424,-5180,7288,-488,101,-131,0
1106.7984549999235,8092,6416,11632,-146,-72,98,6948,-9700,10448,-82,222,-156,-13288,4924,6140,-961,99,-58,-13476,-5052,7644,-464,125,-138,0
1106.8332669734955,8168,6312,11760,-142,-47,82,6964,-9688,10308,-23,164,-161,-13312,4920,6236,-976,80,-51,-13484,-4932,7380,-479,144,-162,0
1106.8682000637054,8040,6304,11672,-145,-15,81,6836,-9660,10312,-2,160,-157,-13360,5152,6204,-1041,116,-29,-13452,-5092,7440,-467,154,-126,0
1106.9043719768524,7972,6480,11908,-168,-32,124,6740,-9644,10400,-12,141,-174,-13552,4964,6100,-991,106,-43,-13356,-5068,7484,-492,176,-119,0
1106.9401760101318,7984,6540,11624,-189,-100,133,6872,-9620,10244,-29,136,-206,-13208,5064,6324,-1004,129,-117,-13540,-5012,7516,-455,202,-31,0
1106.9738459587095,8012,6456,11600,-192,-142,141,6924,-9692,10308,-4,126,-227,-13564,5116,6288,-996,142,-180,-13556,-5164,7316,-489,242,-72,0
1107.007427930832,8040,6344,11668,-173,-194,157,6876,-9668,10452,-30,125,-242,-13260,4932,6096,-998,186,-111,-13372,-5148,7556,-486,242,-82,0
1107.0404031276703,8092,6168,11712,-172,-223,164,6768,-9612,10320,-39,96,-247,-13104,4984,5952,-988,179,-148,-13464,-5008,7404,-474,230,-59,0
1107.073961019516,8112,6196,11664,-175,-219,166,6860,-9644,10264,-31,118,-217,-13320,4920,6128,-974,174,-115,-13496,-5108,7440,-469,183,-66,0
1107.1075820922852,8088,6348,11680,-195,-146,139,6692,-9680,10040,-46,145,-224,-13460,4972,6036,-970,136,-160,-13432,-5044,7328,-461,193,-85,0
1107.1408040523527,7992,6552,11732,-194,-155,138,6748,-9672,10272,-10,119,-215,-13304,4936,5892,-1022,155,-156,-13544,-4932,7168,-491,190,-76,0
1107.1748149394987,8104,6420,11764,-224,-168,148,6920,-9564,10316,-15,101,-234,-13336,4996,5972,-1006,182,-156,-13424,-5020,7288,-473,215,-72,0
1107.2084319591522,8208,6340,11620,-207,-193,136,6976,-9688,10316,-31,89,-234,-13392,4904,5924,-985,177,-125,-13520,-4912,7316,-476,232,-36,0
1107.2418310642245,8264,6384,11624,-189,-184,183,7000,-9632,10100,-20,77,-233,-13456,5000,6076,-1015,139,-88,-13632,-5000,7192,-473,222,-76,0
1107.2755000591278,8140,6280,11720,-178,-161,156,6960,-9600,10292,-17,115,-238,-13308,5040,6000,-1031,155,-138,-13512,-5036,7372,-500,194,-61,0
1107.3089520931244,8052,6304,11668,-179,-160,165,6924,-9644,10316,25,101,-229,-13264,4940,5976,-1044,146,-149,-13328,-5040,7460,-469,193,-101,0
1107.3423299789429,8068,6272,11700,-195,-156,131,6928,-9592,10308,5,103,-213,-13348,4900,6124,-1001,164,-142,-13512,-5020,7480,-451,162,-78,0
1107.3758580684662,8160,6368,11712,-186,-151,132,6668,-9640,10356,-40,105,-193,-13352,4896,6088,-1004,95,-99,-13324,-4920,7408,-257,149,-101,0
1107.4093289375303,8128,6336,11736,-148,-129,135,6996,-9592,10240,-10,120,-204,-13392,4956,6104,-776,108,-103,-13480,-5072,7176,-531,173,-112,0
1107.4427959918976,8060,6252,11556,-171,-143,136,6900,-9564,10268,255,104,-183,-13304,4932,6032,-999,102,-108,-13488,-5080,7224,-486,178,-74,0
1107.4765651226044,8152,6428,11540,-138,-100,125,6928,-9512,10284,-57,111,-200,-13368,4880,6012,-981,132,-143,-13576,-4992,7292,-505,168,-127,0
1107.5099809169767,8200,6320,11668,-138,-125,93,6956,-9604,10068,-73,135,-223,-13388,4996,5936,-966,114,-89,-13572,-4880,7192,-494,159,-141,0
1107.543296098709,8200,6236,11480,-128,-60,98,7016,-9512,10268,-30,152,-142,-13440,5104,5896,-1006,56,-43,-13568,-4908,7228,-761,108,-159,0
1107.576930999756,8220,6204,11584,-114,19,92,7108,-9620,10288,-20,151,-120,-13376,4940,6108,-1006,42,-34,-13624,-4892,7264,-479,32,-162,0
1107.6104891300201,8208,6344,11520,-142,47,58,6984,-9568,10468,-29,162,-134,-13288,4884,6048,-1032,37,-49,-13448,-4976,7404,-526,106,-155,0
1107.6438670158386,8204,6312,11656,-133,-250,68,7012,-9620,10420,-58,145,-175,-13140,4620,5988,-999,82,-82,-13592,-5080,7380,-522,118,-141,0
1107.677549123764,8216,6384,12028,-68,-10,82,6980,-9664,10308,-43,141,-159,-13380,4940,6032,-1012,94,-55,-13440,-4672,7352,-506,155,-157,0
1107.7109940052032,8148,6392,11616,-106,-38,92,6984,-9624,10188,-17,118,-141,-13336,4908,6292,-1006,102,-57,-13716,-4872,7608,-531,142,-153,0
1107.7444579601288,8140,6376,11520,-95,-71,104,6860,-9568,10416,-48,146,-182,-13292,4940,6048,-973,85,-68,-13540,-5020,7432,-260,120,-140,0
1107.7780940532684,8428,6188,11660,-142,-43,85,6948,-9800,10352,-43,190,-150,-13424,4980,6184,-977,72,-77,-13320,-5044,7308,-527,111,-164,0
1107.811625957489,8148,6320,11940,-105,-24,94,6904,-9712,10348,-13,204,-136,-13272,4968,6004,-999,86,-79,-13540,-5352,7428,-494,95,-154,0
1107.8450429439545,8016,6608,11680,-116,-43,99,7016,-9588,10336,-67,140,-141,-13364,4940,5968,-1025,60,-27,-13464,-5096,7340,-468,108,-126,0
1107.8787031173706,8148,6396,11692,-123,-78,95,6908,-9592,10340,-26,145,-125,-13220,4876,6264,-998,67,-255,-13800,-5032,7512,-767,68,-148,0
1107.9121451377869,7980,6308,11652,-105,-40,73,7008,-9584,10268,-93,164,-147,-13348,5008,6164,-957,26,-18,-13488,-4956,7560,-510,67,-176,0
1107.945286989212,8324,6308,11824,-138,-48,74,6968,-9660,10388,42,171,-182,-13348,4916,6136,-1001,26,-76,-13428,-5108,7352,-483,155,-149,0
1107.9827179908752,8168,6284,11772,-102,-42,74,6824,-9616,10316,5,123,-196,-13372,4928,6124,-1003,113,-102,-13420,-5020,7356,-479,152,-144,0
1108.0186359882355,8112,6164,11980,-93,-60,82,6988,-9648,10268,-54,147,-205,-13148,4956,6060,-991,81,-102,-13592,-5072,7444,-516,163,-136,0
1108.0539710521698,8256,6312,11780,-96,-96,95,6956,-9492,10360,-86,144,-171,-13204,4916,6028,-974,91,-64,-13572,-4944,7192,-482,68,-134,0
1108.0897080898285,8168,6348,11700,-96,15,108,6872,-9592,10316,-17,122,-130,-13396,4984,6068,-1009,71,248,-13420,-5000,7188,-518,97,-127,0
1108.125580072403,8164,6396,11668,-104,10,104,6932,-9824,10440,-49,131,-112,-13356,4924,5948,-1011,54,-244,-13404,-5076,7404,-541,67,-130,0
1108.1612169742584,8176,6384,11688,-125,-46,76,7156,-9668,10368,-63,161,-130,-13128,4892,6080,-1026,44,-57,-13444,-5088,7544,-510,84,-179,0
1108.1978540420532,8080,6152,11892,-118,-12,79,6960,-9612,10176,12,156,-140,-13532,4892,5888,-1000,63,-90,-13528,-4980,7548,-485,133,-164,0
1108.2327830791473,8116,6388,11736,-138,-26,95,7092,-9708,10492,-12,120,-182,-13280,5000,5996,-1011,96,-112,-13356,-4992,7400,-482,167,-101,0
1108.2683291435242,8104,6328,11728,-104,-62,100,6900,-9656,10036,-33,79,-201,-13364,4972,5996,-1000,112,-102,-13456,-5068,7440,-517,183,-142,0
1108.3033361434937,8132,6388,11524,-130,-82,120,6764,-9572,10368,-8,109,-189,-13360,5040,6236,-1277,126,-79,-13564,-4928,7404,-489,167,-134,0
1108.3387620449066,8176,6428,11800,-143,-70,108,6848,-9748,10276,-40,124,-192,-13160,4996,6268,-1280,117,-62,-13568,-5080,7440,-478,156,-126,0
1108.3739421367643,8068,6368,11748,-135,-94,102,6856,-9476,10420,-36,109,-205,-13332,4892,6144,-963,113,-113,-13552,-5016,7440,-477,158,-121,0
1108.4096651077273,8180,6396,11620,-136,-63,93,7112,-9624,10328,-57,120,-162,-13376,5060,6080,-960,65,-81,-13576,-5008,7384,-521,121,-149,0
1108.4451639652252,8136,6340,11748,-125,-37,67,6860,-9640,10280,-45,153,-152,-13228,4984,6132,-987,87,-63,-13544,-5056,7380,-486,113,-112,0
1108.4804129600525,8032,6156,11596,-155,-54,107,7004,-9644,10320,-21,97,-167,-13308,4900,6064,-874,43,-110,-13440,-4964,7436,-474,166,-114,0
1108.5155041217804,8052,6312,11684,-157,-58,99,6948,-9716,10392,-253,146,-167,-13300,4960,5984,-962,115,-48,-13500,-5088,7388,-479,138,-135,0
1108.5512361526487,8008,6504,11368,-173,-66,111,6960,-9620,10248,-19,124,-183,-13376,4872,6156,-1024,101,-103,-13504,-5044,7400,-500,197,-98,0
1108.5872149467468,8128,6412,11696,-184,-96,112,7016,-9612,10480,19,158,-203,-13380,4940,6228,-973,101,-167,-13564,-5096,7412,-465,212,-76,0
1108.6227440834045,8104,6476,11828,-180,-167,174,6872,-9692,10368,-14,119,-206,-13272,5052,6176,-1006,164,-86,-13428,-5112,7484,-477,208,-43,0
1108.6559960842133,8152,6360,11572,-177,-171,150,6812,-9692,10284,-42,121,-235,-13220,5000,6088,-960,155,-84,-13500,-5012,7508,-484,172,-44,0
1108.689759016037,8028,6348,11680,-162,-138,160,6804,-9752,10356,-52,121,-231,-13236,5052,6264,-975,155,-97,-13300,-5048,7576,-473,213,-35,0
1108.7233090400696,8084,6392,12028,-204,-176,132,6820,-9480,10332,-53,148,-244,-13284,5116,6052,-1009,162,-169,-13584,-5056,7480,-490,214,-43,0
1108.756858110428,8132,6292,11760,-186,-179,156,6932,-9680,10264,-23,119,-231,-13368,5076,6000,-992,170,-179,-13628,-5028,7672,-489,202,-68,0
1108.7903950214386,8132,6312,11668,-226,-169,130,6896,-9568,10340,-36,145,-251,-13560,4928,6128,-965,173,-184,-13516,-5068,7396,-451,243,-66,0
1108.823928117752,8204,6460,11548,-208,-160,137,6944,-9720,10316,-61,150,-507,-13328,4856,5860,-1002,187,-99,-13740,-4912,7284,-463,211,-36,0
1108.8575360774994,8444,6276,11732,-205,-164,136,6936,-9624,10296,-10,96,-225,-13376,5020,5916,-1034,149,-114,-13460,-5068,7392,-484,205,-58,0
1108.8908829689026,7940,6396,11612,-221,-241,173,6932,-9564,10336,56,100,-212,-13344,4832,6228,-1013,165,-142,-13560,-5128,7352,-441,199,-51,0
1108.924299955368,8124,6388,11768,-178,-164,130,6996,-9672,10320,-42,138,-243,-13352,4856,6052,-970,173,-141,-13348,-5036,7424,-471,220,-66,0
1108.9580430984495,8204,6368,11640,-212,-172,148,6984,-9608,10264,-43,106,-241,-13372,4872,6020,-992,139,-136,-13780,-5104,7356,-453,228,-46,0
1108.9914469718933,8264,6172,11628,-178,-157,148,6944,-9600,10444,-256,116,-200,-13332,4884,5980,-1275,64,-58,-13552,-4916,7468,-481,154,-98,0
1109.0249650478363,8432,6372,11652,-154,-139,129,6960,-9640,10228,-22,134,-156,-13232,4916,6028,-973,110,-78,-13504,-5080,7488,-504,95,-117,0
1109.0585250854492,8080,6296,11628,-191,-99,126,6816,-9604,10280,-38,131,-167,-13060,4908,6132,-1003,130,-88,-13540,-4940,7340,-488,106,-106,0
1109.092087984085,8236,6272,11472,-144,-86,109,7008,-9632,10440,-42,101,-199,-13404,4996,5904,-1003,134,-119,-13544,-5024,7504,-519,201,-96,0
1109.1257700920105,8296,6276,11696,-105,-103,140,6888,-9532,10244,-44,110,-190,-13192,4804,5864,-1001,119,-102,-13324,-5032,7280,-524,178,-121,0
1109.159126996994,7952,6232,11576,-130,-83,125,6900,-9512,10296,-23,101,-200,-13316,4868,5924,-1008,107,-51,-13548,-4940,7208,-521,167,-122,0
1109.1923789978027,8256,6288,11524,-134,-70,85,7008,-9512,10404,-15,131,-183,-13460,4912,5940,-1006,131,-72,-13588,-4996,7356,-485,136,-149,0
1109.2284569740295,8252,6260,11588,-168,-254,99,7032,-9676,10396,-29,116,-162,-13508,4664,6032,-1000,82,-84,-13596,-4988,7396,-525,125,-146,0
1109.2624809741974,8220,6348,11584,-92,10,58,6996,-9624,10304,-30,147,-129,-13368,4904,5968,-1026,41,-54,-13640,-4932,7316,-542,97,-177,0
1109.2960209846497,8200,6336,11676,-91,30,42,6984,-9504,10392,-51,134,-141,-13348,4888,6092,-1274,45,-47,-13464,-5072,7380,-497,80,-175,0
1109.3295850753784,8140,6324,11668,-120,49,46,6684,-9640,10468,-55,192,-148,-13312,5116,6012,-1005,49,-22,-13472,-4924,7524,-510,101,-170,0
1109.3630499839785,8180,6308,11692,-144,251,64,6836,-9708,10364,-32,177,-141,-13344,4944,6196,-1021,71,-34,-13544,-5060,7416,-502,120,-145,0
1109.3965470790863,8036,6384,11864,-145,-9,77,6844,-9728,10296,-245,197,-159,-13292,4944,6044,-994,75,-64,-13428,-5008,7184,-487,146,-134,0
1109.4301669597626,8128,6348,11776,-120,-57,94,6920,-9740,10328,-28,134,-169,-13272,4924,6068,-993,88,-68,-13452,-5076,7440,-523,132,-148,0
1109.4637610912323,8108,6272,11672,-115,-46,85,6872,-9664,10368,-54,141,-199,-13268,4944,6204,-967,83,-80,-13460,-5056,7448,-495,91,-133,0
1109.4974009990692,8076,6364,11680,-83,-14,91,6912,-9660,10240,-56,135,-149,-13388,5032,6044,-993,66,-55,-13512,-5068,7444,-527,80,-157,0
1109.531054019928,7940,6284,11704,-110,-21,92,7164,-9652,10476,-44,133,-166,-13412,4944,5992,-1034,39,-25,-13396,-5032,7388,-539,108,-138,0
1109.5643260478973,8180,6200,11716,-107,-35,98,7060,-9576,10324,-30,168,-142,-13556,4940,6024,-1010,73,-46,-13516,-5040,7260,-762,103,-160,0
1109.5980651378632,8444,6368,11648,-101,-18,74,6932,-9544,10096,-37,152,-161,-13424,4876,5992,-975,30,-67,-13500,-4996,7488,-258,123,-153,0
1109.6338131427765,8152,6300,11732,-115,-37,52,6996,-9544,10228,-52,165,-190,-13532,4976,6012,-935,61,-47,-13556,-4996,7228,-484,129,-132,0
1109.6695170402527,8208,6216,11624,-119,-33,86,6900,-9636,10336,-28,139,-167,-13504,4908,6368,-987,82,-105,-13480,-5044,7512,-494,123,-151,0
1109.7050099372864,8112,6340,11648,-92,-256,77,6904,-9632,10328,-33,151,-132,-13336,4928,5936,-1018,45,-23,-13320,-5112,7332,-528,88,-156,0
1109.7402861118317,8116,6376,11820,-117,-6,69,6696,-9652,10332,-36,148,-136,-13416,4924,6040,-973,35,-88,-13464,-4924,7340,-497,85,-147,0
1109.7754969596863,8208,6316,11764,-103,244,62,6932,-9620,10260,-40,188,-149,-13316,4944,6100,-1013,35,-56,-13404,-5036,7372,-497,136,-141,0
1109.8116159439087,8064,6192,11944,-135,-36,73,6864,-9588,10304,-18,171,-163,-13192,4876,6132,-1008,116,-97,-13392,-5016,7308,-503,155,-115,0
1109.8476939201355,8068,6340,11864,-144,-71,108,6844,-9628,10296,-54,116,-178,-13360,4876,6204,-1004,136,-99,-13452,-5068,7608,-507,207,-98,0
1109.8826911449432,8056,6392,11652,-148,-117,117,6864,-9600,10372,-8,122,-196,-13472,4888,5872,-984,168,-110,-13500,-5116,7392,-451,171,-67,0
1109.9177401065829,8076,6396,11732,-205,-90,120,6888,-9692,10408,-7,143,-238,-13488,4952,6340,-969,158,-153,-13620,-5060,7504,-428,229,-41,0
1109.95387506485,8136,6420,12004,-204,-223,149,6964,-9916,10372,-14,162,-254,-13264,4964,6396,-977,148,-164,-13388,-5084,7584,-480,234,-48,0
1109.98983001709,8160,6432,11740,-115,-280,180,6736,-9652,10224,-62,78,-285,-13296,4960,6176,-984,183,-135,-13408,-5008,7416,-462,217,-26,0
1110.024738073349,8116,6348,11728,-147,-257,177,6880,-9664,10356,-83,114,-247,-13236,4872,6012,-923,161,-163,-13504,-4912,7360,-494,188,-71,0
1110.0608661174774,8140,6240,11556,-167,-207,172,6960,-9652,10376,-16,125,-222,-13252,5004,5944,-1045,213,-98,-13460,-5020,7184,-483,215,-35,0
1110.0970740318298,8132,6364,11540,-175,-185,174,6920,-9552,10260,3,81,-234,-13284,4872,5980,-1030,186,-111,-13744,-5120,7328,-516,186,-46,0
1110.1321840286255,8152,6400,11752,-213,-169,167,7024,-9684,10388,16,107,-220,-13348,4828,6156,-1011,188,-156,-13452,-5024,7372,-468,231,-31,0
1110.1674330234528,8288,6360,11588,-200,-161,169,6972,-9732,10252,-31,89,-243,-13428,4924,6088,-997,211,-140,-13796,-4936,7320,-465,257,-64,0
1110.2033550739288,8256,6400,11680,-192,-215,168,7048,-9592,10236,-31,83,-237,-13408,5092,6200,-1016,132,-160,-13540,-4976,7236,-504,204,-64,0
1110.2388970851898,8420,6312,11520,-188,-205,150,7044,-9504,10492,0,111,-210,-13356,4940,6324,-773,127,-107,-13532,-4944,7364,-475,148,-121,0
1110.2741420269012,8172,6440,11568,-151,-111,113,7004,-9608,10256,-15,164,-201,-13476,4836,6032,-995,122,-50,-13516,-5144,7300,-499,146,-98,0
1110.3101561069489,8128,6308,11976,-178,-111,113,7128,-9632,10048,-49,113,-196,-13344,4916,5944,-961,106,-81,-13500,-4920,7384,-502,150,-119,0
1110.3433699607847,8280,6272,11652,-136,-52,111,6944,-9600,10256,-37,155,-147,-13332,4924,6100,-1058,131,-91,-13524,-4968,7400,-502,107,-152,0
1110.3770859241486,8440,6372,11548,-123,-16,110,7048,-9580,10328,-42,141,-134,-13124,4868,5972,-1267,124,-19,-13504,-4912,7364,-500,63,-140,0
1110.4105169773102,8128,6332,11748,-140,20,102,6956,-9624,10492,-34,129,-131,-13332,4660,6088,-1015,106,-21,-13524,-5024,7480,-512,90,-167,0
1110.4437980651855,8256,6336,11636,-143,15,92,6944,-9636,10156,-14,143,-169,-13304,4844,6184,-1043,104,-65,-13328,-5096,7320,-489,155,-145,0
1110.4774050712585,8440,6332,11920,-121,-27,102,6948,-9608,10408,-252,112,-173,-13380,4812,6084,-1044,133,-110,-13488,-4972,7356,-511,215,-105,0
1110.511029958725,8236,6608,11768,-78,-39,137,6748,-9704,10272,-44,65,-202,-13328,4960,6184,-994,157,-100,-13528,-4960,7428,-507,169,-97,0
1110.5445630550385,7988,6340,11616,-92,-109,107,6868,-9672,10304,-61,99,-189,-13492,4920,6200,-1006,109,-89,-13520,-4936,7424,-508,142,-117,0
1110.5780699253082,7948,6260,11592,-129,-109,79,6916,-9592,10504,-51,168,-179,-13368,4932,6280,-978,55,-62,-13612,-5036,7468,-479,107,-159,0
1110.6113679409027,8100,6260,11864,-140,-55,81,7000,-9576,10412,-11,199,-144,-13284,4896,6112,-1004,41,-66,-13520,-5008,7344,-489,114,-155,0
1110.6445980072021,8128,6340,11612,-150,-28,68,6832,-9536,10228,-8,167,-129,-13396,4996,6096,-1000,67,-98,-13384,-5120,7364,-480,135,-141,0
1110.6782081127167,8092,6188,11752,-145,-38,124,6872,-9672,10268,-44,127,-166,-13260,4952,6096,-994,133,-100,-13404,-4888,7368,-470,153,-123,0
1110.7118799686432,8128,6456,11684,-169,-110,112,6860,-9644,10344,-87,91,-198,-13348,4916,5872,-962,130,-84,-13484,-5068,7420,-496,167,-97,0
1110.7455339431765,8128,6248,11676,-114,-110,112,6880,-9568,10356,-62,109,-182,-13404,4936,6076,-994,121,-68,-13804,-5024,7188,-488,172,-107,0
1110.7792711257935,8172,6320,11600,-93,-60,116,6964,-9956,10044,-7,99,-175,-13300,5000,6152,-1018,136,-58,-13508,-5040,7412,-527,146,-121,0
1110.8129000663755,8268,6644,11876,-121,-73,96,7016,-9660,10228,-14,131,-164,-13432,4824,6152,-1018,98,-76,-13612,-4960,7488,-483,156,-125,0
1110.8465609550476,8388,6188,11960,-136,-53,84,7016,-9596,10408,-41,155,-161,-13440,4620,6088,-987,73,-92,-13564,-5032,7284,-522,117,-112,0
1110.8799180984495,8348,6352,11664,-127,-70,89,7072,-9736,10400,-49,187,-172,-13248,4664,6356,-993,51,-44,-13464,-4896,7448,-483,148,-143,0
1110.9133250713348,8216,6384,11772,-167,-31,107,6904,-9640,10456,-19,147,-148,-13268,4944,6060,-1016,102,-36,-13432,-5048,7412,-483,136,-121,0
1110.946895122528,8112,6156,11624,-129,-43,125,7028,-9600,10336,-58,107,-154,-13396,4932,6064,-1028,113,-58,-13412,-5060,7384,-494,105,-100,0
1110.9804661273956,8152,6408,11652,-166,-53,91,6952,-9620,10356,-51,198,-150,-13272,4916,6040,-996,117,-82,-13488,-5012,7184,-480,165,-110,0
1111.0142049789429,8068,6352,11560,-187,-17,90,6880,-9748,10252,-6,143,-171,-13432,4992,6112,-992,111,-125,-13476,-4976,7352,-469,171,-120,0
1111.0477731227875,7944,6376,11924,-140,-89,86,6824,-9624,10164,-12,131,-136,-13328,4956,5956,-1007,75,-85,-13568,-4964,7572,-481,115,-141,0
1111.0813081264496,8132,6292,11680,-139,-67,94,6928,-9640,10328,-68,147,-155,-13344,4912,6336,-964,56,-57,-13508,-5028,7476,-500,116,-158,0
1111.114825963974,8088,6348,11808,-140,-62,78,6776,-9612,10272,-40,163,-178,-13340,4932,6144,-961,97,-63,-13588,-4964,7340,-501,136,-111,0
1111.1482260227203,8444,6348,11732,-103,-30,124,6984,-9640,10324,-3,128,-157,-13336,4852,5924,-1027,103,-78,-13536,-5024,7276,-493,164,-102,0
1111.1818511486053,8156,6324,11656,-146,-70,158,6708,-9648,10324,254,90,-174,-13356,4996,5892,-1021,113,-97,-13440,-5020,7344,-497,144,-119,0
1111.215481042862,8188,6420,11664,-130,-101,115,6896,-9720,10292,-50,124,-202,-13368,4852,5948,-1013,128,-124,-13468,-5052,7200,-503,155,-134,0
1111.2490439414978,8140,6380,11712,-129,-69,92,7016,-9600,10440,-67,117,-192,-13372,5088,6036,-978,144,-69,-13376,-4984,7416,-519,131,-146,0
1111.2825050354004,8232,6280,11588,-133,-31,94,7088,-9684,10240,-28,157,-163,-13516,5028,5952,-1006,104,-56,-13548,-4960,7400,-468,161,-133,0
1111.319808959961,8200,6416,11768,-155,-43,107,6984,-9676,10036,7,157,-160,-13416,4900,6128,-771,71,-67,-13560,-5052,7388,-504,129,-115,0
1111.3551440238953,8180,6376,11720,-135,-65,113,6708,-9624,10392,-43,113,-161,-13532,4972,6140,-999,97,-76,-13352,-5008,7224,-506,145,-114,0
1111.3907680511475,8116,6460,11748,-146,-68,96,6856,-9536,10376,-29,125,-187,-13404,4908,6176,-959,88,-85,-13432,-5044,7360,-483,172,-103,0
1111.4260740280151,8092,6300,11760,-123,-102,105,6884,-9648,10136,-28,163,-215,-13256,4960,5892,-996,96,-102,-13516,-4980,7204,-480,162,-114,0
1111.462455034256,8128,6356,11528,-122,-54,95,6912,-9632,10212,-9,140,-165,-13276,4836,6180,-1027,82,-125,-13396,-5080,7380,-469,143,-123,0
1111.4982690811155,8428,6156,11808,-152,-67,116,6904,-9568,10328,-15,138,-226,-13344,4908,5992,-994,103,-99,-13412,-5124,7368,-473,171,-128,0
1111.5334489345553,8188,6320,11528,-179,-90,91,6728,-9528,10404,-67,124,-190,-13444,4992,6100,-972,132,-94,-13644,-5052,7324,-487,135,-86,0
1111.5692551136017,8120,6380,11756,-116,-94,117,7156,-9748,10284,-55,120,-164,-13356,5000,6084,-986,62,-74,-13548,-5044,7292,-514,155,-104,0
1111.6043119430542,8196,6152,11616,-167,-87,127,7116,-9928,10348,-19,130,-167,-13540,4916,6112,-1042,51,-101,-13788,-4992,7356,-530,120,-108,0
1111.6398091316223,8080,6316,11476,-137,-60,121,7092,-9572,10528,-42,170,-141,-13304,4620,5992,-1007,94,-42,-13524,-5132,7384,-510,96,-146,0
1111.6749000549316,7964,6348,11740,-151,-79,101,6924,-9608,10392,-25,131,-182,-13328,4908,6076,-987,81,-91,-13496,-4772,7328,-494,120,-137,0
1111.7103490829468,8112,6332,11964,-162,-28,89,6832,-9668,10192,-18,164,-168,-13308,4696,6136,-982,83,-87,-13568,-4908,7400,-487,156,-113,0
1111.7455320358276,8104,6320,11348,-141,-31,102,6928,-9644,10300,-3,118,-147,-13292,5000,6276,-1004,108,-82,-13320,-4984,7484,-478,119,-133,0
1111.7818050384521,8164,6332,11748,-136,-56,80,7048,-9648,10488,-56,166,-184,-13384,4900,6176,-973,63,-22,-13712,-5068,7392,-500,100,-163,0
1111.8177299499512,8436,6344,11596,-146,-86,70,6888,-9672,10316,-72,181,-181,-13508,5016,5976,-986,59,-74,-13436,-4992,7328,-495,136,-115,0
1111.8534021377563,8076,6336,11632,-163,-65,108,6856,-9552,10268,5,100,-167,-13348,4968,6056,-1022,106,-115,-13416,-4928,7416,-527,187,-85,0
1111.888673067093,8156,6296,11652,-129,-68,131,6924,-9672,10292,-4,104,-197,-13236,4920,5992,-1016,95,-68,-13484,-5024,7392,-539,149,-157,0
1111.92405295372,8080,6340,11948,-130,-110,87,7008,-9640,10292,-40,112,-179,-13348,5044,6196,-796,-254,-107,-13604,-5084,7496,-491,141,-155,0
1111.9610369205475,8136,6360,11648,-120,-32,97,6928,-9748,10308,-40,138,-184,-13240,4956,6088,-971,64,-42,-13544,-4944,7352,-490,104,-184,0
1111.9944570064545,8240,6396,11644,-152,-9,81,7028,-9696,9984,-12,171,-143,-13356,4884,6112,-773,39,-66,-13580,-5068,7332,-485,111,-140,0
1112.028048038483,8076,6292,11572,-139,-36,88,6900,-9652,10340,13,150,-178,-13352,4928,6184,-1017,44,-45,-13384,-5116,7400,-490,137,-176,0
1112.0618641376495,7956,6176,11668,-134,-33,85,6972,-9560,10332,-20,168,-176,-13340,4900,5876,-991,45,-41,-13368,-5004,7180,-513,89,-146,0
1112.0954611301422,8152,6344,11668,-122,-68,82,6972,-9604,10408,-65,158,-178,-13320,5060,6148,-983,58,-97,-13536,-5336,7480,-500,136,-142,0
1112.1287231445312,8384,6148,11288,-124,-60,81,6668,-9492,10336,-32,152,-168,-13404,4844,5972,-988,57,-63,-13472,-4980,7356,-471,164,-137,0
1112.162094116211,8076,6340,11640,-154,-36,91,6848,-9596,10272,-27,134,-165,-13268,4920,6020,-1033,101,-39,-13500,-5116,7332,-492,163,-141,0
1112.1956350803375,8044,6636,11576,-143,-35,101,6880,-9624,10340,15,138,-178,-13360,4836,6124,-987,71,-63,-13448,-5004,7388,-524,138,-142,0
1112.2292890548706,8112,6612,11772,-133,-43,88,6960,-9720,10212,-19,152,-161,-13244,4940,6092,-1007,91,-80,-13492,-4900,7416,-486,147,-99,0
1112.262902021408,8064,6448,11732,-145,-46,108,6908,-9960,10328,-29,172,-157,-13196,5036,5908,-1275,102,-119,-13536,-4972,7384,-484,175,-138,0
1112.2965779304504,8136,6404,11640,-146,-65,97,6876,-9644,10052,-64,121,-173,-13308,4940,6320,-971,118,-91,-13512,-5032,7384,-497,102,-97,0
1112.3301150798798,8160,6368,11640,-127,-84,132,6788,-9764,10372,-76,101,-162,-13524,4964,6136,-988,93,-52,-13500,-5064,7472,-528,127,-103,0
1112.3638079166412,8112,6340,11724,-167,-67,136,6980,-9816,10368,2,140,-164,-13376,4944,6080,-775,79,-46,-13624,-5000,7404,-492,145,-139,0
1112.3972599506378,8168,6380,11464,-128,-47,134,7136,-9652,10276,-14,147,-198,-13244,4904,6168,-1028,68,-111,-13492,-5148,7360,-478,143,-139,0
1112.4308209419253,7940,6480,11548,-132,-84,76,6672,-9716,10384,-45,167,-154,-13456,4840,5936,-973,81,-90,-13540,-5072,7440,-559,155,-139,0
1112.4644660949707,8140,6528,11724,-133,249,60,6964,-9656,10232,24,145,-187,-13348,4868,5904,-934,110,-110,-13484,-4940,7476,-515,158,-146,0
1112.4980809688568,8092,6192,11716,-199,-7,119,6824,-9520,10316,18,144,-147,-13540,4920,6048,-1003,112,-94,-13472,-5008,7404,-469,147,-118,0
1112.5317101478577,8152,6300,11680,-145,-40,103,6892,-9628,10420,-23,93,-164,-13292,4968,6008,-1036,116,-69,-13504,-5088,7464,-421,118,-84,0
1112.565160036087,8036,6444,11704,-191,-94,125,7156,-9716,10220,-39,152,-181,-13264,5000,6212,-976,120,-63,-13432,-5036,7356,-455,186,-96,0
1112.5987200737,8160,6468,11748,-185,-126,153,7108,-9976,10464,-42,180,-219,-13296,4960,6180,-997,111,-114,-13520,-5056,7480,-472,227,-72,0
1112.632110118866,8008,6368,11824,-182,-175,126,6932,-9620,10340,254,132,-233,-13180,4936,6032,-998,135,-174,-13332,-5048,7432,-520,508,-79,0
1112.6653871536255,7936,6372,11576,-196,-208,148,6840,-9668,10288,10,114,-253,-13240,4956,5648,-1005,114,-177,-13464,-5012,7728,-735,296,-65,0
1112.6989181041718,7824,6336,11580,-89,226,55,6688,-9592,10664,132,85,-205,-13272,4968,6044,-158,501,-86,-13472,-5160,7240,-1078,-96,-111,0
1112.7324669361115,8168,6316,11536,-283,118,236,6968,-9680,10360,-349,-185,-247,-13564,5076,6232,-891,369,-170,-13560,-5036,7208,-528,255,-64,0
1112.7657980918884,8164,6328,12000,250,-407,217,7080,-9664,10208,-23,108,-265,-13376,4772,6172,-1320,137,-189,-13600,-4964,7252,-94,310,16,0
1112.7993071079254,8108,6636,11676,-243,-387,187,7024,-9504,10092,74,236,-246,-13428,4976,6068,-1247,63,-144,-13496,-5060,7224,-259,208,-35,0
1112.8329529762268,8248,6268,11596,-328,-240,96,7008,-9500,10360,-254,306,-205,-13312,4864,6124,-1179,-8,-29,-13492,-4896,7324,-325,180,-98,0
1112.8664870262146,8228,6284,11512,-257,-223,127,6888,-9744,10448,75,236,-203,-13240,5072,6052,-1078,77,-114,-13492,-4956,7360,-425,187,-102,0
1112.8997371196747,8128,6312,11748,-209,-208,144,6696,-9492,10108,9,112,-215,-13512,4924,6080,-782,120,-115,-13500,-4956,7324,-470,189,-57,0
1112.9333591461182,7976,6316,11620,-109,-187,140,6944,-9644,10288,-45,93,-238,-13404,4896,5940,-773,136,-159,-13592,-5052,7316,-505,185,-90,0
1112.9666090011597,8368,6636,11588,-125,-186,158,6920,-9624,10376,-12,133,-218,-13348,4924,5912,-1010,134,-99,-13716,-5024,7344,-512,217,-69,0
1113.0028331279755,8164,6160,11496,-168,-132,132,7144,-9560,10340,-20,110,-239,-13332,4824,6056,-982,140,-132,-13380,-4964,7288,-499,234,-62,0
1113.0378029346466,8204,6256,11996,-155,-126,114,6996,-9592,10340,-10,137,-208,-13312,4848,5992,-1014,213,-79,-13340,-5004,7172,-446,276,-47,0
1113.0737731456757,8244,6280,11768,-268,-249,111,6924,-9528,10236,136,327,-180,-13364,4936,5900,-1085,108,-122,-13712,-5036,7600,-288,312,-126,0
1113.1097919940948,8108,6296,11464,-446,43,111,6932,-9640,10352,56,76,-183,-13284,4868,5944,-1029,64,-86,-13484,-4972,7652,-440,3,-103,0
1113.1448061466215,7988,6276,11596,75,-128,105,6784,-9632,10288,-149,72,-197,-13540,4876,6132,-948,68,-61,-13428,-5004,7448,-643,102,-183,0
1113.180328130722,8184,6236,11684,-80,-151,126,6968,-9584,10296,-157,105,-226,-13272,4900,5948,-940,133,-75,-13728,-4948,7280,-562,172,-153,0
1113.2155110836027,8352,6212,11408,-165,-34,114,6936,-9536,9988,-252,174,-149,-13404,4840,6192,-1036,90,-11,-13504,-4996,7388,-454,207,-125,0
1113.2507939338684,8340,6312,11560,-214,56,101,7040,-9544,10264,39,188,-104,-13348,4880,5908,-1033,27,12,-13580,-4992,7512,-436,71,-165,0
1113.2861831188202,8232,6376,11636,-160,105,61,6904,-9560,10280,-33,190,-97,-13384,4952,6084,-951,252,-5,-13452,-5096,7404,-525,25,-172,0
1113.3217270374298,8220,6368,11796,-91,61,54,6920,-9652,10484,-69,184,-136,-13432,4864,5996,-970,54,229,-13640,-5060,7308,-534,117,-221,0
1113.357852935791,8080,6360,11668,-127,255,63,6920,-9620,10204,-16,132,-205,-13460,4944,6048,-978,96,-74,-13456,-4968,7376,-494,210,-189,0
1113.393229007721,8052,6320,11748,-127,-54,64,6656,-9696,10328,-34,175,-209,-13336,4940,6264,-996,47,-118,-13344,-5048,7216,-482,176,-161,0
1113.4292330741882,8040,6624,11552,-102,-85,38,6812,-9624,10456,-68,181,-185,-13348,4968,6056,-909,32,-60,-13432,-4988,7440,-470,97,-182,0
1113.4643881320953,8028,6388,11404,-113,-5,73,6864,-9748,10468,-82,158,-134,-13360,5108,5904,-928,37,-11,-13412,-4964,7372,-496,111,-119,0
1113.4995119571686,8024,6232,11732,-110,-30,93,6820,-9664,10408,-83,160,-137,-13568,5020,6076,-978,66,-46,-13560,-5148,7260,-496,106,-139,0
1113.5347559452057,7984,6640,11700,-105,-30,128,6868,-9572,10308,-70,128,-137,-13080,4884,6008,-968,88,-29,-13476,-5056,7540,-262,109,-136,0
1113.5706350803375,8084,6352,11504,-115,-69,92,6868,-9672,10520,-62,144,-172,-13300,4900,6004,-972,95,-64,-13504,-5076,7372,-485,129,-135,0
1113.6062099933624,8124,6340,11560,-114,-75,103,6880,-9728,10516,-42,138,-186,-13404,4972,6024,-946,116,-59,-13536,-4964,7472,-540,115,-129,0
1113.643728017807,8144,6388,11620,-94,-61,101,6920,-9732,10104,-23,142,-186,-13404,4980,6040,-959,55,-96,-13428,-5032,7580,-504,133,-151,0
1113.6774230003357,8244,6392,11712,-96,-82,79,7000,-9612,10268,-27,146,-170,-13368,4992,5976,-973,46,-92,-13480,-5000,7624,-504,131,-172,0
1113.7110390663147,8180,6164,11760,-99,-69,54,6948,-9644,10136,-44,189,-165,-13116,4880,6092,-960,33,-118,-13468,-5116,7532,-259,131,-205,0
1113.7446129322052,8132,6332,11648,-80,-51,54,6696,-9488,10260,-42,210,-180,-13384,5060,6144,-971,15,-69,-13588,-4872,7348,-768,86,-186,0
1113.7781879901886,8164,6356,11712,-106,-58,57,6912,-9480,10404,-5,239,-122,-13260,4968,6024,-1002,21,-35,-13376,-5092,7520,-553,112,-191,0
1113.8116991519928,8044,6280,11828,-113,-17,62,6912,-9608,10036,-23,228,-131,-13336,4932,6080,-998,-5,-49,-13524,-5040,7628,-258,81,-202,0
1113.8453469276428,8104,6384,11888,-96,-48,61,6868,-9716,10388,-48,223,-128,-13304,4904,6256,-1001,248,-49,-13468,-4892,7648,-532,80,-212,0
1113.8789710998535,8160,6388,11808,-90,-18,14,6816,-9632,10312,-16,226,-150,-13512,4896,6056,-1002,17,-78,-13428,-5084,7284,-523,119,-173,0
1113.912339925766,8004,6468,11680,-113,-33,60,6792,-9636,10368,255,197,-153,-13180,4916,6084,-1059,45,-115,-13504,-5008,7192,-767,168,-173,0
1113.9457819461825,8068,6404,11576,-100,-53,91,6796,-9592,10340,-28,209,-149,-13296,4996,6196,-1274,41,-73,-13504,-5168,7452,-503,93,-153,0
1113.9793450832367,7948,6408,11744,-103,-87,67,6768,-9712,10308,-21,206,-115,-13268,4652,6072,-1015,25,-35,-13444,-5212,7396,-265,91,-147,0
1114.0127429962158,8024,6376,11804,-114,-73,67,6784,-9636,10280,-39,182,-147,-13076,5056,6000,-1002,75,-95,-13656,-5096,7648,-520,101,-159,0
1114.0464820861816,8124,6348,11776,-127,-76,93,6892,-9688,10340,-15,192,-162,-13560,4672,6084,-1058,59,-123,-13448,-5052,7488,-490,171,-163,0
1114.079999923706,8100,6444,11704,-117,-49,56,6936,-9676,10236,31,208,-180,-13216,4804,6004,-1058,-249,-115,-13504,-4992,7436,-527,127,-168,0
1114.1135370731354,8184,6604,11772,-118,-62,82,6868,-9732,10248,-256,211,-174,-13408,4976,6064,-1010,66,-94,-13444,-4868,7420,-516,105,-179,0
1114.1469309329989,8108,6396,11740,-112,-85,92,6816,-9552,10684,-4,170,-155,-13164,4932,6176,-1269,49,-42,-13532,-5048,7616,-494,123,-148,0
1114.1802201271055,8160,6436,11540,-129,-49,85,6824,-9684,10356,16,169,-164,-13328,4972,6056,-1034,34,-79,-13492,-5096,7396,-765,148,-165,0
1114.2138619422913,8164,6408,11732,-139,-62,79,6696,-9648,10408,4,215,-146,-13352,4960,6080,-1037,60,-89,-13568,-5200,7396,-493,112,-171,0
1114.25164103508,8064,6396,11880,-130,-50,70,6816,-9708,10252,-12,219,-182,-13292,4960,6164,-1004,47,-48,-13512,-5132,7392,-489,133,-145,0
1114.2858729362488,8144,6400,11812,-178,-70,88,6836,-9700,10368,8,195,-192,-13236,4932,6288,-992,90,-91,-13484,-5144,7528,-429,180,-77,0
1114.3194711208344,8024,6556,11868,-212,-93,127,6740,-9648,10492,-6,170,-193,-13336,4936,6152,-1031,118,-116,-13412,-5236,7456,-459,149,-93,0
1114.353012084961,8080,6308,11552,-159,-115,129,6780,-9740,10480,-24,192,-219,-13292,5056,6188,-993,76,-150,-13516,-5176,7596,-266,174,-160,0
1114.3864860534668,7776,6620,11712,-78,-124,109,6712,-9736,10348,-1,213,-221,-13244,5012,6148,-962,75,-158,-13356,-5008,7668,-535,163,-154,0
1114.4199600219729,7940,6440,11532,-104,-138,101,6860,-9680,10404,22,156,-208,-13168,4968,6052,-1046,126,-132,-13520,-4888,7240,-469,236,-99,0
1114.4538090229034,8044,6348,11796,-185,-113,137,6828,-9544,10356,14,151,-223,-13192,4956,6324,-1013,150,-147,-13588,-5120,7428,-443,210,-104,0
1114.4873969554899,8080,6512,11800,-199,-93,118,6804,-9636,10428,-27,194,-246,-13304,5100,5904,-945,107,-131,-13540,-5364,7400,-491,197,-123,0
1114.5207140445707,8140,6588,11820,-242,-156,93,6760,-9744,10356,-22,134,-227,-13224,4976,5924,-968,144,-146,-13376,-5104,7432,-467,209,-65,0
1114.554286956787,8120,6368,11744,-216,-146,136,6976,-9588,10468,10,66,-244,-13272,4984,5976,-1026,172,-158,-13488,-5132,7304,-439,219,-66,0
1114.587907075882,8088,6464,11676,-159,-174,121,6876,-9496,10476,-22,132,-238,-13324,4820,6236,-961,144,-166,-13476,-5052,7392,-484,217,-108,0
1114.6215569972992,8236,6400,11732,-182,-141,128,6940,-9628,10352,-31,95,-237,-13528,5108,5892,-884,111,-136,-13532,-5156,7376,-512,216,-111,0
1114.6545820236206,8192,6172,11568,-215,-92,123,6960,-9648,10360,-255,100,-209,-13364,4944,6016,-1008,97,-99,-13768,-4876,7652,-450,189,-115,0
1114.6922471523285,8228,6404,11676,-195,-62,128,6792,-9640,10460,9,160,-158,-13220,5008,6040,-964,60,-106,-13492,-5080,7448,-490,97,-161,0
1114.7275109291077,8144,6584,11676,-183,-61,124,6692,-9620,10340,-35,169,-149,-13252,4964,6040,-982,62,-60,-13332,-5152,7440,-511,109,-137,0
1114.763333082199,7972,6360,11748,-147,-78,123,6656,-9672,10356,-74,82,-180,-13352,4892,6208,-949,122,-100,-13464,-5204,7360,-507,202,-94,0
1114.7987620830536,8044,6412,11708,-123,-160,147,6848,-9676,10420,25,120,-275,-13252,4908,6124,-1009,145,-192,-13524,-5076,7396,-531,227,-100,0
1114.8341600894928,8056,6308,11672,-125,-149,145,6808,-9560,10420,-22,101,-241,-13280,4884,5976,-978,138,-110,-13396,-5060,7268,-540,212,-97,0
1114.869507074356,8008,6328,11664,-117,-207,149,6748,-9684,10312,-43,91,-224,-13200,4876,6140,-952,138,-189,-13464,-5324,7384,-533,217,-137,0
1114.905000925064,8088,6320,11760,-114,-148,106,7180,-9736,10512,23,93,-205,-13380,4984,5992,-1006,99,-144,-13576,-5368,7408,-544,205,-170,0
1114.9408121109009,8288,6316,11576,-77,-50,100,6888,-9636,10276,27,203,-173,-13276,4936,5992,-995,45,-137,-13436,-5140,7304,-533,109,-188,0
1114.977087020874,8268,6440,11792,-97,59,79,6956,-9656,10076,2,592,-33,-13304,4904,6068,-853,42,-89,-13448,-5228,7272,-493,86,-174,0
1115.0122411251068,8156,6376,11492,-152,10,69,6816,-9684,10288,-38,330,-124,-13260,5108,5948,-942,71,-55,-13448,-5124,7300,-482,83,-178,0
1115.048061132431,8208,6468,11604,-145,23,84,6820,-9652,10308,-76,451,-260,-13240,4928,6104,-1091,66,-83,-13536,-5148,7360,-482,111,-148,0
1115.0831050872803,7968,6464,11472,-132,11,95,6904,-9576,10512,-62,180,-124,-13128,4880,6124,-1166,71,-24,-13480,-5148,7444,-523,113,-167,0
1115.1183059215546,8068,6408,11880,-125,42,68,6688,-9600,10448,69,74,-209,-13200,4772,6028,-1309,175,-63,-13512,-5376,7368,-504,78,-151,0
1115.153958082199,8148,6168,11772,-143,21,84,6760,-9528,10484,-86,167,-170,-13248,5064,6208,-939,35,-21,-13404,-5144,7440,-482,149,-124,0
1115.1894390583038,7976,6512,11848,-156,44,89,6720,-9564,10480,-52,113,-161,-13256,4904,6280,-947,51,-77,-13772,-4924,7472,-452,105,-131,0
1115.2245399951935,8036,6152,11604,-123,57,110,6816,-9704,10424,-46,224,-102,-13196,5024,6252,-1085,102,-1,-13316,-5364,7408,-488,106,-142,0
1115.2599499225616,8096,6508,11708,-164,114,122,6764,-9544,10460,248,131,-120,-13272,4692,6340,-866,71,22,-13460,-5148,7436,-442,15,-117,0
1115.294881105423,8152,6404,11636,-156,136,96,6916,-9580,10524,-153,211,-95,-13160,4852,6120,-1005,70,56,-13592,-5060,7404,-426,-66,-122,0
1115.331484079361,8180,6348,11740,-210,239,88,6668,-9560,10700,-186,231,-21,-13244,4988,6372,-876,43,108,-13404,-5052,7520,-352,-108,-101,0
1115.364962100983,8076,6284,11648,-303,149,57,6764,-9596,10400,-123,407,-92,-13256,5064,6092,-960,5,168,-13452,-5068,7368,-401,-53,-100,0
1115.3984470367432,8020,6388,11744,-241,174,96,6700,-9652,10392,-143,693,-8,-13224,5128,6444,-946,-111,141,-13188,-5236,7400,-431,-23,-149,0
1115.4319789409637,8012,6372,11656,-229,185,110,6348,-9312,10432,146,-555,-153,-13128,5512,7244,-1229,18,126,-13328,-5152,7468,-430,-20,-100,0
1115.4652659893036,7968,6416,11756,-161,147,99,6928,-9704,10716,-42,-278,158,-13256,4920,6392,-1031,502,44,-13400,-5060,7396,-414,251,-88,0
1115.4987540245056,7992,6264,11828,-138,90,103,6640,-9720,10272,-233,31,65,-13180,5176,6364,-1046,35,250,-13288,-5128,7416,-480,88,-103,0
1115.5322799682615,7968,6244,11916,-153,39,140,6720,-9832,10256,-10,240,-74,-13180,5060,6236,-1048,61,-35,-13436,-4920,7648,-493,96,-170,0
1115.5658359527588,8040,6388,11688,-44,32,101,6672,-9632,10364,58,37,-88,-13276,5036,6248,-1129,-20,-82,-13420,-5080,7440,-763,106,-206,0
1115.5993270874023,7976,6384,11908,-69,36,28,6644,-9628,10608,117,215,-201,-13192,5092,6276,-1088,-48,-130,-13408,-5368,7560,-481,134,-255,0
1115.6328010559082,7860,6408,11788,-97,136,251,6764,-9672,10304,76,244,-122,-13296,4956,6192,-1025,-52,-74,-13480,-5116,7564,-445,68,-258,0
1115.6664071083069,7928,6384,12020,-138,172,-54,6884,-9536,10412,64,324,-61,-13324,5136,6236,-1004,-99,231,-13452,-5128,7500,-459,62,-303,0
1115.6996400356293,7944,6488,11880,-194,157,-65,6780,-9488,10292,143,255,-38,-13252,4964,6264,-983,-215,52,-13424,-5072,7528,-469,26,-311,0
1115.7332670688627,7888,6400,11772,-185,152,-67,6516,-9708,10292,21,94,-85,-13300,5008,6208,-784,-149,23,-13404,-5160,7544,-463,15,-267,0
1115.7669661045074,7684,6644,11840,-215,117,-248,6720,-9624,10648,97,479,-102,-12816,4992,6156,-985,-79,-26,-13568,-5208,7556,-474,89,-243,0
1115.8004710674286,7876,6160,11964,-218,30,-26,6776,-9648,10256,19,319,-145,-13292,5016,6280,-963,-91,248,-13328,-5180,7456,-483,34,-247,0
1115.8340179920197,7852,6452,11560,-273,45,3,6608,-9684,10284,-62,174,-59,-13236,4980,6264,-973,-52,23,-13328,-4924,7600,-432,89,-157,0
1115.86745595932,7748,6532,11892,-301,34,40,6468,-9692,10456,-12,36,-201,-13288,5364,6520,-1093,-48,51,-13352,-5216,7608,-449,43,-73,0
1115.9007289409637,7728,6536,11960,-244,12,157,7056,-9960,10304,-38,60,-126,-13004,4996,6840,-841,56,-236,-13416,-5220,7608,-472,96,11,0
1115.934364080429,7880,6404,12064,-306,-106,245,6888,-9512,10612,-147,82,-162,-13152,5040,6232,-929,15,-28,-13380,-5204,7640,-475,118,76,0
1115.967983007431,7776,6496,11832,-361,-159,275,6332,-9524,10292,-173,75,-125,-13116,5032,6360,-875,272,79,-13316,-5112,7724,-428,63,51,0
1116.0015590190887,7460,6540,11796,-378,-106,283,7508,-9656,10500,65,710,-62,-13116,4968,6216,-779,361,8,-13228,-5268,7272,-434,99,57,0
1116.035171031952,7896,6396,11872,-415,-109,297,6524,-9532,10272,-272,-69,-64,-13132,5304,6244,-865,277,103,-13512,-4872,7772,-426,51,81,0
1116.0686440467834,7924,6228,11860,-381,-37,282,6620,-9620,10368,-245,85,-16,-13168,5168,6236,-991,497,153,-13284,-5100,7904,-470,73,72,0
1116.1023309230804,7832,6172,11988,-338,-34,510,6616,-9840,10588,-125,233,-109,-13208,5224,6288,-780,132,56,-13284,-4984,7684,-573,115,-48,0
1116.1353549957275,7776,6224,12020,-8,-38,198,6628,-9804,10280,-3,77,-139,-13176,5368,6232,-853,54,-27,-13372,-5052,7656,-551,511,-77,0
1116.1688179969788,7812,6160,11788,-212,-158,170,6520,-9764,10332,-67,57,-237,-13168,5216,5920,-933,91,-99,-13216,-4928,7660,-563,295,-76,0
1116.202171087265,8104,6352,12020,-192,-196,167,6752,-9724,10444,-26,102,-262,-13200,5272,6040,-1006,-30,-70,-13424,-4948,7556,-549,241,-73,0
1116.2356770038605,7876,6032,11912,-100,-136,160,6816,-9928,10436,24,46,-222,-13272,5296,6088,-1016,78,-142,-13464,-5004,7564,-656,311,-126,0
1116.269325017929,8084,6128,12024,-86,-155,181,6772,-9668,10248,112,39,-208,-13208,5204,6196,-1010,48,-167,-13512,-5040,7608,-620,347,-116,0
1116.3028869628906,7980,6264,11604,-117,-132,195,6768,-9664,10424,56,63,-233,-13276,4976,6360,-1015,-61,-112,-13544,-4900,7604,-617,235,-158,0
1116.336545944214,7748,6172,11964,-87,-89,85,6716,-9968,10460,101,220,-147,-13236,5364,6328,-1094,-80,-110,-13300,-5132,7772,-577,148,-237,0
1116.3734200000763,7764,6364,11872,-110,37,63,6556,-9604,10688,122,202,-129,-13052,4868,6144,-1090,-48,-37,-13340,-5340,7608,-533,180,-220,0
1116.4095821380615,7512,6580,11936,-157,-22,41,6532,-9596,10560,25,173,-193,-13012,5016,6476,-972,29,-154,-13200,-5412,7616,-476,218,-193,0
1116.4447829723358,7844,6356,11776,-91,-146,-10,6544,-9528,10500,-82,136,-326,-12844,5120,6268,-826,-11,-201,-13252,-5176,7620,-765,362,-284,0
1116.4805080890656,7676,6296,11700,-77,-227,-45,6532,-9488,10432,-36,138,-442,-13156,5128,6240,-876,-41,-306,-13276,-5140,7360,-461,546,-270,0
1116.5151591300964,7904,6400,11896,-40,-295,-77,6776,-9548,10388,-38,137,-509,-13308,4956,6144,-957,-269,-297,-13624,-5092,7448,-358,544,-5,0
1116.5513200759888,8008,6328,11804,-122,-334,-90,6848,-9500,10384,-111,159,-518,-13292,5080,5968,-810,-42,-273,-13740,-4976,7364,-431,501,-281,0
1116.587583065033,8232,6120,11916,-227,-214,-136,7036,-9636,10364,-91,310,-384,-13324,5308,6176,-886,-212,-174,-13616,-4932,7408,-448,387,-355,0
1116.6223430633545,8060,5972,11724,-95,-1,-199,6812,-9844,10416,35,402,-272,-13148,5340,6064,-1009,-337,-121,-13488,-5052,7460,-526,432,-344,0
1116.6580469608307,7920,6376,12192,-160,239,-113,6524,-9664,10440,117,253,-254,-12936,5104,6264,-986,-101,-153,-13376,-5368,7660,-437,396,-202,0
1116.6938650608063,7724,6376,12080,-232,-63,-27,6416,-9656,10456,-101,220,-270,-12828,5312,6480,-933,139,-108,-13228,-5256,7516,-283,310,-57,0
1116.7291979789734,7528,6252,11884,-288,40,188,5904,-9308,10736,-23,-81,-184,-12688,5180,6632,-978,386,-148,-13076,-5360,7640,-340,225,160,0
1116.7641689777374,7508,6700,11876,-319,-55,463,6236,-9304,10872,-240,-219,-127,-12688,4972,6448,-964,582,237,-13284,-5380,7376,-392,238,419,0
1116.7997450828552,7608,6680,11740,-455,-218,565,6624,-9412,10640,-258,-208,-111,-13040,5016,6464,-884,549,86,-13792,-5604,7600,-283,45,560,0
1116.8350360393524,7804,6624,11916,-624,-87,624,6764,-9632,10644,-762,-245,-82,-13324,5108,6424,-767,518,184,-13572,-5328,7408,-236,30,523,0
1116.8704271316528,7788,6344,11912,-579,-122,634,6660,-9880,10680,-408,-353,-130,-13532,5040,6156,-899,729,251,-13432,-5116,7144,-385,357,464,0
1116.9055581092834,7812,6220,11788,-311,-275,568,6548,-9728,10604,-232,-429,-346,-12836,5072,6132,-1036,855,-213,-13184,-4916,7108,-530,607,529,0
1116.9411771297455,7884,6296,11616,-58,-467,661,6876,-9584,10288,-99,-699,-475,-13256,4940,5920,-1067,959,-360,-13496,-4956,7292,-669,803,598,0
1116.9762411117554,8192,6104,12000,64,-493,612,6852,-9556,10096,-391,-656,-498,-13088,5048,5720,-962,958,-243,-13316,-4728,7368,-486,699,698,0
1117.0128891468048,7828,6032,11916,-205,-456,729,6624,-9556,10172,-333,-718,-461,-12728,5424,5904,-1015,1263,-212,-13200,-4676,7884,-344,768,1058,0
1117.046718120575,7716,6160,12216,-415,-407,967,6612,-10036,10368,-426,-1181,-469,-13312,5492,6024,-994,1640,-224,-13592,-4652,7836,-473,680,1087,0
1117.0800440311432,7848,5780,12164,-239,-572,1033,6912,-10316,10304,-321,-1435,-648,-13484,5444,5964,-1093,1747,-560,-13536,-4556,7256,-520,1141,1009,0
1117.1136810779572,7920,5540,12056,112,-960,951,7160,-10308,9784,-211,-1466,-1038,-13372,5604,5484,-1180,1731,-961,-13452,-4364,7432,-552,1283,762,0
1117.1472210884094,7948,5468,12008,267,-1314,698,7508,-10084,9948,231,-1031,-1362,-13980,5012,5600,-1351,1421,-1404,-13596,-4484,7076,-632,1700,411,0
1117.1804730892181,8428,5692,11716,455,-1577,465,7644,-9852,9928,265,-898,-1542,-13844,4896,5468,-1304,1145,-1708,-13880,-4388,6708,-669,1964,161,0
1117.21404004097,8616,5808,11620,649,-1554,222,7704,-9608,10004,661,-757,-1722,-13916,4672,5500,-1422,931,-1753,-14116,-4420,6816,-685,1972,-18,0
1117.2475900650024,8880,5948,11440,591,-1616,82,7912,-9516,9912,1023,-601,-1548,-13928,5044,5592,-1482,749,-1785,-14440,-4244,6816,-794,1750,-73,0
1117.2810361385345,8760,5976,11784,720,-1928,84,7708,-9708,9832,834,-383,-1326,-13692,4928,5092,-1562,865,-1392,-14192,-4116,6776,-812,1521,30,0
1117.314621925354,8904,5892,11676,432,-1345,263,7640,-9660,10224,1027,-360,-1231,-13944,4620,5472,-1851,934,-1427,-14008,-4316,6552,-897,1604,65,0
1117.348186969757,8880,6176,11576,455,-1428,359,7720,-9484,10132,952,-195,-1103,-13884,4484,5380,-1969,908,-1522,-13952,-4416,6640,-986,1691,122,0
1117.3817269802094,8600,6204,11396,532,-1474,266,7392,-9272,10236,1082,-662,-1054,-13348,4732,5564,-2062,1143,-1523,-14020,-4376,6408,-1215,1796,206,0
1117.4152479171753,8480,6340,11348,701,-1631,677,7500,-9372,10380,1231,-827,-1157,-13752,4188,5884,-2238,1256,-1659,-13856,-4756,6492,-1285,2018,265,0
1117.4488189220428,8512,6352,11124,773,-1748,724,7744,-8952,10488,1188,-869,-1302,-13880,3980,5532,-1987,1408,-1761,-14088,-4720,6384,-1302,2133,335,0
1117.4822959899902,8708,6480,11440,704,-1870,729,7900,-8724,10096,1065,-1114,-1440,-13768,3704,5360,-1866,1445,-1727,-14008,-4896,5964,-1132,2149,386,0
1117.5157220363617,8920,6612,10880,507,-1993,640,7840,-8208,10156,824,-748,-1466,-13648,3632,5104,-1830,1272,-1783,-14048,-4912,5820,-926,2257,407,0
1117.5493891239166,9176,6412,10772,288,-2143,587,7772,-8528,10468,553,-822,-1616,-13596,3212,4876,-1621,1656,-1880,-14176,-4864,5464,-623,2356,702,0
1117.582752943039,9208,6848,10792,55,-2446,691,8288,-8452,10404,298,-1018,-1720,-14116,3148,5064,-1218,1903,-1900,-14332,-4716,5292,-299,2508,838,0
1117.61616897583,9232,6628,10596,-205,-2585,660,8896,-8392,10356,119,-2417,-1883,-14436,2996,4876,-1262,2104,-1966,-14424,-4800,5216,-70,2533,842,0
1117.6494710445404,9560,6524,10484,-150,-2697,522,9048,-8264,10220,81,-964,-2200,-14460,3032,4868,-707,1780,-2105,-14280,-4792,5012,110,2415,599,0
1117.682946920395,9776,6492,10284,-64,-2764,303,8916,-8192,10228,32,-1038,-2242,-14148,2692,4796,-760,1634,-2200,-14344,-4376,4804,126,2642,582,0
1117.7166140079498,10012,6460,10272,-167,-2776,262,8956,-8180,10224,-104,-963,-2426,-14468,2904,4304,-662,1664,-1802,-14700,-3940,4636,8,2730,805,0
1117.7501521110535,10604,6160,10236,-375,-2761,349,9520,-8404,9484,-275,-881,-2330,-14860,2956,4036,-625,1681,-1896,-15220,-3608,4496,174,2592,765,0
1117.783679008484,11072,6064,9880,-462,-2616,215,10076,-8204,9464,-254,-663,-2160,-15256,2596,3808,-501,1527,-2028,-15372,-3564,4484,401,1935,551,0
1117.8171060085297,11408,5652,9972,-498,-2329,75,10028,-7960,8964,-132,-540,-2295,-15544,2656,3340,-526,1207,-1658,-15424,-3120,3900,328,1906,324,0
1117.8506021499634,11320,5692,9980,-529,-2036,9,10436,-8088,9308,-207,-229,-1721,-15300,2628,3672,-485,992,-1437,-15524,-3244,3932,276,1643,510,0
1117.883798122406,11660,5868,9700,-583,-1727,48,10228,-8108,9420,-182,-186,-1405,-14908,2740,3596,-726,850,-1119,-15372,-2872,3984,25,1471,305,0
1117.9174370765686,11568,6008,9316,-495,-1469,371,9788,-8076,9668,-81,-321,-1046,-14844,2408,3784,-962,1006,-917,-15228,-3364,3784,-308,1167,417,0
1117.9510641098025,11544,6088,9320,-198,-1141,615,9900,-7608,9608,20,-652,-788,-15068,2252,3896,-1194,965,-674,-15572,-3712,3664,-497,686,263,0
1117.9844529628754,11308,6204,9452,-64,-844,465,10204,-7660,9840,238,-200,-542,-15392,2012,4040,-1193,377,-657,-15352,-4340,3732,-545,536,-113,0
1118.0179750919342,11372,6284,9536,-62,-584,159,10248,-7712,10128,307,255,-456,-15264,2200,4028,-1162,-19,-677,-15104,-3876,3740,-732,809,-331,0
1118.0546779632568,11432,6512,9244,22,-590,41,9764,-7332,9816,205,345,-284,-14712,2208,3988,-1298,-78,-322,-15428,-3812,3756,-733,645,-28,0
1118.0905561447144,11204,6564,9588,-283,-233,276,9324,-7252,9640,-118,155,-75,-14252,2088,3476,-1112,417,148,-14964,-3784,4328,-567,266,641,0
1118.1261060237885,10924,6596,9756,-656,53,931,9024,-7576,9892,-705,-654,241,-14220,2440,3820,-1186,1207,592,-15276,-3592,4176,-358,-47,1439,0
1118.1613550186155,11168,6532,10056,-1062,-37,1722,9332,-7856,9928,-1032,-1455,457,-14800,2628,3784,-1215,1825,782,-15208,-3440,3904,-598,-182,1879,0
1118.1973900794983,11308,5956,10208,-854,-220,2319,9588,-8384,9880,-1316,-1941,669,-15088,2720,3740,-1577,1994,667,-15196,-3256,3608,-1256,221,2015,0
1118.2327389717102,11408,5788,9816,-296,-697,2572,9772,-8392,9916,-858,-2245,580,-14832,2176,3820,-1981,2336,352,-15052,-3772,4068,-1378,560,1976,0
1118.2682840824127,10896,5964,9508,-206,-774,2540,9712,-8008,9576,-648,-2558,421,-14756,2020,3968,-1859,2370,18,-14728,-4000,3704,-1250,770,1903,0
1118.3033800125122,10820,5968,9912,-313,-793,2432,9592,-8328,9660,-488,-2452,-17,-14600,2372,3804,-1886,2631,-40,-14992,-3328,3796,-1434,1041,2231,0
1118.3392939567566,11416,6092,9736,-138,-977,2583,9920,-8052,9616,-472,-2837,-1,-14888,2172,3356,-1968,2855,39,-15248,-3276,3824,-1596,1153,2611,0
1118.3750381469729,11556,5624,9316,-105,-1162,2842,10096,-7732,9080,-806,-3187,241,-14764,2424,2756,-1825,2853,487,-15384,-2840,3844,-1446,574,3064,0
1118.4103889465332,11796,5348,9396,-308,-656,3047,10496,-8060,8464,-1021,-3534,545,-15116,2212,2148,-1725,3032,763,-15668,-2656,3700,-1089,144,3069,0
1118.445641040802,12500,4896,9436,-653,-343,2845,11676,-8440,7976,-1405,-3146,794,-16284,2044,2276,-1025,2519,943,-16068,-2464,3364,-633,-188,2189,0
1118.4817090034485,12396,4436,9948,-520,-10,2239,12048,-8892,7868,-1680,-1798,647,-16352,2044,1888,-752,1867,629,-15608,-2044,3252,-579,471,1774,0
1118.517599105835,12520,4472,10236,-1226,-863,1800,11408,-9184,7896,-1613,-1239,-49,-14808,2404,1096,-484,2028,410,-15588,-1448,3596,-366,904,1995,0
1118.5528600215912,12396,4120,9816,-1544,-1528,1949,11296,-8768,7272,-2113,-1668,-340,-15248,2548,896,-158,2468,212,-15132,-1400,3256,110,972,2090,0
1118.5883679389954,12044,3216,8740,-1320,-1603,1979,11096,-8584,7408,-900,-2113,-203,-15252,2752,1168,-385,2239,-22,-14880,-1152,3072,227,769,1616,0
1118.623330116272,12268,3780,8468,-1197,-1792,1780,11136,-8212,6936,-3173,-1400,-552,-15220,2316,1280,-440,1763,54,-15432,-1196,2960,108,824,1428,0
1118.659187078476,12840,4016,8888,-1030,-903,1565,12016,-8532,7488,-1943,-1046,-339,-15768,2456,1148,-537,1491,174,-15992,-964,3036,30,490,1281,0
1118.6954691410065,13152,3332,8816,-999,-395,1262,11940,-9208,7016,-1284,-890,-173,-15932,2752,1096,-681,1187,326,-15628,-860,3240,47,296,949,0
1118.7292010784147,12864,3084,9036,-826,-223,923,11920,-9320,6864,-1080,-518,-123,-15948,2784,824,-669,784,131,-15832,-1268,3132,-47,214,569,0
1118.762676000595,12800,3488,9208,-812,-298,721,11900,-9400,4868,1774,-1273,689,-15756,2596,1036,-627,673,-149,-15620,-796,3276,-142,206,301,0
1118.7961571216583,13024,3364,9008,-556,-224,259,11936,-9148,7448,-585,-826,-88,-15752,2440,1220,-614,617,-174,-15680,-1172,2912,-151,272,183,0
1118.8300020694733,12720,3804,8968,-337,-171,342,11352,-9168,7352,-1121,653,-690,-15908,2448,1044,-667,235,-37,-15548,-1264,3088,-120,197,98,0
1118.86345911026,12820,3704,9036,-322,-128,199,11592,-8944,6996,-679,5,-383,-15532,2620,1356,-700,186,103,-15908,-972,3312,-347,-81,6,0
1118.8969659805298,13020,3400,9116,-110,157,-88,11880,-9552,7252,-490,241,-160,-16300,2740,824,-979,67,49,-15936,-820,2744,-611,193,-286,0
1118.930475950241,13176,3156,9640,211,254,-432,12916,-9924,6688,-236,646,-260,-16828,2076,264,-906,-15,-788,-15752,-476,2864,-841,1102,-772,0
1118.9639930725098,13472,2500,9344,559,-1114,-898,12392,-9808,5840,-294,1428,-929,-15748,3096,-420,-342,-232,-712,-16028,596,2856,-1196,880,-1105,0
1118.9976921081543,13396,2588,8724,911,-259,-759,11492,-9532,5952,-153,1069,-495,-15436,3708,920,-1088,-607,-533,-15212,172,3644,-1158,344,-1211,0
1119.0312731266022,12428,2656,9156,662,-157,-268,10776,-9492,6584,568,638,184,-15036,3308,508,-1755,-380,-381,-15672,-624,3340,-1270,154,-989,0
1119.0644631385803,12824,3992,9224,588,400,1,10184,-8652,7628,-502,-443,195,-14836,2272,252,-1404,522,-441,-15140,-1056,2720,-1263,569,-100,0
1119.0980880260468,12304,4680,8996,320,-47,723,11488,-8380,7780,935,-433,252,-14640,1436,1500,-1186,889,-364,-15276,-2656,3304,-203,580,280,0
1119.1314890384674,11848,4808,9048,-573,-285,489,11460,-8136,7224,250,-387,-622,-15468,1076,2084,-866,233,-283,-14872,-2524,2776,505,760,115,0
1119.1649479866028,12312,4804,8732,-714,-587,242,11288,-8480,7884,-512,96,-861,-15412,2072,1808,-752,-204,-426,-15868,-1672,2548,60,853,458,0
1119.1986389160156,13036,4476,9196,-549,-834,362,11444,-9300,7872,-633,-315,-713,-15736,2676,1492,-1087,313,-195,-16224,-1116,2888,-197,888,638,0
1119.2322080135345,13436,3352,9408,-389,-952,337,12048,-9668,6860,-1015,-467,-959,-16260,2748,604,-544,820,-287,-16060,-952,2888,-26,1110,505,0
1119.268310070038,13260,3292,9096,-496,-1109,20,12040,-9104,6420,-812,-152,-1179,-15932,2260,592,-420,466,-389,-15768,-960,2916,134,867,123,0
1119.3024170398712,13212,2920,8532,-607,-1487,20,14024,-9680,7472,-358,756,-1457,-16088,2764,-164,-588,401,-419,-15944,-472,2856,191,734,239,0
1119.3360290527344,13472,3136,9184,-636,-1672,78,12160,-9972,6812,-568,-451,-1495,-15792,2928,484,1,937,-392,-15760,-100,2660,110,934,504,0
1119.369745016098,13328,3412,8696,-539,-1780,511,11260,-9156,6620,-1201,-853,-1209,-15312,2692,592,-555,605,-422,-15664,-280,2780,-19,1065,939,0
1119.4030890464785,13216,3548,8444,-455,-1211,963,11484,-9064,6420,-1119,-872,-836,-15336,2688,400,-606,1367,-119,-15572,-664,3320,-141,670,1169,0
1119.4368090629578,12872,3788,8668,-795,-1267,1506,11352,-9024,6720,-917,-1361,-1009,-15216,2440,784,-866,1372,-34,-15452,-712,2696,-185,689,1480,0
1119.4703779220579,12976,3736,8724,-638,-1275,1743,11940,-9064,6572,-1126,-1628,-517,-15380,2428,996,-792,2021,-183,-15740,-804,2408,-464,809,1695,0
1119.503807067871,13304,3524,8508,-533,-1320,1755,12280,-8972,6736,-1137,-1736,-462,-16192,2060,1036,-1172,1679,-175,-15652,-1068,2280,-339,909,1778,0
1119.5374040603638,13212,3544,8580,-668,-1470,1742,12248,-8956,6780,-730,-1420,-614,-15516,1872,264,-672,2088,-381,-15388,-1048,2544,-564,1154,1326,0
1119.5710599422455,13060,3492,8372,-679,-1730,1598,12048,-8796,6008,-1267,-1461,-1126,-15056,1732,296,-299,2417,-516,-14980,-560,2004,-275,1279,1414,0
1119.6046919822693,13096,3220,8064,-628,-2512,1569,12020,-8468,5856,-1574,-1687,-1672,-14896,1736,-460,-269,2703,-1244,-14952,60,1688,-299,2098,1868,0
1119.6382319927216,13364,2684,7864,-438,-3203,1775,12324,-8736,5624,-1244,-2160,-2110,-15408,1680,-568,-467,3275,-1493,-15512,512,1360,-149,2329,2199,0
1119.6718919277191,14088,2536,7200,-502,-3305,2032,12752,-8212,5256,-925,-2485,-2199,-15580,1664,-1108,-517,3576,-1568,-15684,640,1136,-111,2208,2281,0
1119.7052350044253,14440,2336,6800,-575,-3169,2199,13196,-8340,4916,-823,-2656,-1918,-15676,1320,-1560,-740,3710,-1599,-15680,828,872,-185,2415,2396,0
1119.74271607399,14356,2316,6820,-543,-3105,2049,13452,-8252,5012,-464,-2616,-1860,-15840,1572,-1488,-1045,3778,-1515,-15908,904,976,-259,2524,2536,0
1119.7786149978638,14944,2252,6620,-518,-2840,2476,13392,-8328,4668,-592,-3125,-2036,-15816,2020,-1484,-1234,3746,-1083,-16012,1336,816,-519,2096,2661,0
1119.814101934433,14856,1904,6732,-165,-2363,2616,13176,-8804,4700,-884,-3403,-1178,-16056,2164,-1656,-1399,3633,-681,-15992,1104,1276,-1513,1920,2513,0
1119.849697113037,14648,1960,6776,789,-1561,2469,13648,-8752,4772,-854,-3210,-929,-16352,1664,-1708,-1259,3434,-740,-15632,684,1420,-952,1442,2009,0
1119.8846580982208,14548,1980,6948,864,-1454,2123,13920,-8520,4524,-879,-3180,-943,-16224,1072,-1488,-625,3110,-786,-15476,-44,1984,-1145,908,1086,0
1119.9200880527496,13748,2328,7116,290,-1179,1219,13512,-8416,4556,-600,-954,-576,-15836,1016,-180,-428,2086,-1068,-14796,-712,1972,-525,1025,507,0
1119.9554600715635,13160,2948,7216,-153,-1240,271,12576,-8620,5412,-298,-479,-1381,-16248,2140,988,-1042,-438,-850,-15888,-852,3088,323,1009,-316,0
1119.991240978241,14292,2780,7884,-754,32,-708,12720,-9876,5640,5,1861,-138,-17076,3612,1000,-1466,-2200,282,-17404,156,3660,-228,-1053,-1393,0
1120.0277259349823,14780,2392,8212,73,1892,-1411,13040,-10308,5548,298,2404,1152,-16508,3560,-256,-1439,-3065,1562,-16548,856,2608,-1048,-2057,-1667,0
1120.0629260540009,14492,2508,8284,426,2752,-1428,12664,-9916,5256,491,1846,1787,-15608,3236,-1500,-1343,-2245,2148,-15856,1720,2624,-1291,-1995,-1131,0
1120.0991439819336,13768,1428,8284,588,2805,-1053,12696,-10164,4580,890,260,1382,-15116,3112,-2200,-1637,-606,2028,-15636,2444,2556,-1219,-1974,-543,0
1120.1340250968933,14356,804,7984,1063,2783,-979,13344,-10024,3388,1134,154,968,-16740,2676,-2632,-2044,-517,825,-16140,2524,1736,-1116,-1340,-552,0
1120.1700921058655,15452,1116,8064,1124,2881,-700,14360,-9224,3240,2153,1190,1225,-17052,1860,-2856,-2078,-1439,755,-16424,1596,1464,-640,-1737,-1057,0
1120.2049670219421,15432,1444,7504,277,2934,-1360,15360,-8548,3300,1751,1616,1017,-16484,1108,-2900,-1073,-2271,602,-15892,1068,1248,182,-1755,-1843,0
1120.2407100200653,14244,1828,7768,-643,2096,-2272,14156,-8220,3780,648,2961,232,-15772,1644,-2424,-199,-2491,300,-15176,1516,1340,547,-1227,-2303,0
1120.2758450508118,14284,1680,7552,-962,1556,-2461,13696,-9088,3828,61,2963,199,-16080,2732,-2332,-302,-2778,419,-16112,2012,1544,362,-1231,-2052,0
1120.3112530708313,14812,1680,7420,-572,1868,-2381,13500,-9508,4700,177,3319,433,-16188,2988,-1844,-986,-2898,311,-16144,1992,1708,-158,-1222,-2408,0
1120.3472199440005,14548,1880,8376,-550,1918,-1926,13340,-9408,5132,1384,2293,661,-16384,2544,-1000,-1785,-3085,258,-16396,416,2296,-503,-1326,-2662,0
1120.3824589252472,14088,2828,8520,-529,1927,-2090,13428,-9088,6032,1317,3262,980,-16696,2136,56,-1522,-3453,282,-16060,-476,2348,-797,-1551,-3229,0
1120.4158699512482,13392,3448,8196,223,2214,-2551,12752,-9116,6408,1878,3642,985,-16288,1876,668,-1431,-3817,-38,-15328,-980,2344,-1411,-1259,-3676,0
1120.4494819641113,12608,3796,8860,1022,1653,-2796,12360,-8916,6748,1934,3801,746,-15880,1488,724,-1454,-3937,-627,-15444,-1500,2456,-1378,-463,-3849,0
1120.4826679229736,12632,4204,8808,1534,1333,-3267,12524,-8280,6580,1637,4136,-95,-15764,1188,500,-778,-3836,-912,-15584,-1852,2312,-718,-284,-3822,0
1120.5164239406586,12848,4808,8652,847,716,-3560,11920,-7676,6948,736,4570,-413,-15092,1784,1084,-152,-3427,-628,-15996,-1452,2360,-700,-359,-3135,0
1120.5501890182495,13196,5188,8480,401,670,-2852,10812,-7872,7320,-162,3693,-54,-14692,2364,1436,-330,-2802,213,-16052,-1020,2716,-841,-795,-2295,0
1120.583703994751,13044,4372,8396,466,983,-2100,11304,-8772,7284,-437,2467,12,-15560,2664,1236,-439,-2542,488,-16044,-1236,2844,-1055,-1261,-2269,0
1120.6173949241638,13268,4116,8456,898,1653,-2034,11908,-9064,7740,263,1904,642,-16192,2336,1252,-258,-1957,658,-16560,-1440,2456,-974,-1742,-2317,0
1120.650593996048,13340,5100,8648,593,2559,-1760,12148,-8436,7584,507,1794,1071,-16036,1724,1612,-172,-1857,976,-16048,-2048,2536,-874,-1548,-2198,0
1120.6840510368347,12716,5332,8876,440,2512,-1651,11644,-8620,7408,-158,2198,963,-15268,1700,1160,-207,-1869,817,-14900,-1696,2772,-1019,-1145,-2020,0
1120.717715024948,11980,4796,9004,850,1537,-1416,11036,-9012,7408,-363,1654,547,-14820,2176,1372,-229,-1326,439,-15000,-1648,2932,-1070,-632,-1754,0
1120.7508270740507,11984,4808,9352,947,843,-1157,11184,-8980,7212,-101,1281,503,-15184,2460,1620,-644,-1312,310,-15376,-1904,3216,-1133,-542,-1701,0
1120.7842421531675,12456,4984,9040,881,884,-1088,11344,-8780,7392,7,1104,349,-15620,2616,1868,-691,-1340,535,-14888,-1816,3456,-1273,-890,-1739,0
1120.8177139759064,12448,4932,9384,733,1193,-1007,11224,-8968,7408,131,1202,686,-15392,2828,2048,-784,-1539,850,-15704,-1988,3784,-919,-1210,-1570,0
1120.8512170314789,12176,5088,9384,425,1480,-848,10620,-9316,7508,163,1248,1004,-15348,3100,2244,-957,-1551,1039,-15508,-2464,4216,-987,-1354,-1283,0
1120.8844130039215,11492,5156,9824,344,1693,-827,10448,-9440,8024,250,992,1011,-15140,2968,2612,-784,-1528,1038,-15048,-2856,4252,-1140,-1437,-1606,0
1120.9182040691376,11108,5584,9732,529,1662,-911,10292,-9484,8028,199,1174,822,-15044,3040,2988,-668,-1349,813,-14596,-3220,4132,-1206,-1250,-1550,0
1120.951481103897,10976,5704,9964,807,1232,-928,10492,-9352,8072,-33,1048,466,-14848,2804,2892,-610,-1221,521,-14696,-3160,4340,-874,-896,-1335,0
1120.984871149063,10756,5776,9708,587,791,-901,9992,-9184,7852,5,994,193,-14408,2868,2936,-551,-969,287,-14488,-2828,3968,-610,-464,-1054,0
1121.018413066864,10660,5660,9784,263,318,-827,9956,-9304,7856,10,1028,-77,-14696,3012,2880,-629,-761,-14,-14684,-2832,4176,-548,-73,-929,0
1121.051969051361,10964,5592,9652,162,-57,-560,9840,-9308,7824,93,873,-209,-14584,3156,2684,-890,-561,-117,-15040,-2688,4264,-498,105,-605,0
1121.0856170654297,11172,5816,9300,82,-86,-236,10140,-9172,8124,171,673,-212,-14804,3060,2776,-1010,-174,-70,-14964,-2960,3952,-331,-63,-376,0
1121.1192109584808,11020,5716,9244,-133,81,-193,10492,-8980,7896,572,844,-133,-14944,2672,3032,-952,-284,-162,-14604,-3332,3644,-500,210,-401,0
1121.1521811485293,10816,5956,9528,-528,-157,-274,10192,-9136,7968,689,852,-450,-14716,2640,3124,-1109,-132,-590,-14472,-3084,3952,210,426,-186,0
1121.1854960918429,10692,6032,9700,-447,-617,46,9744,-9112,8296,931,104,-768,-14536,3272,2948,-1530,473,-642,-14920,-2552,3672,1,961,489,0
1121.2190721035004,11424,5968,9664,-424,-596,643,9900,-9088,8332,971,-319,-498,-14600,3524,2956,-1772,734,-206,-15588,-2940,4716,-133,634,850,0
1121.2525990009308,11316,5576,9432,-571,-194,882,10128,-9156,8224,807,-338,-368,-15052,3168,2864,-1743,840,-144,-15012,-3032,4264,-45,351,751,0
1121.2860689163208,11172,5488,9912,-454,-8,847,10512,-9104,7996,484,-497,-126,-15236,3032,3076,-1510,691,-122,-15520,-3056,3964,-197,102,680,0
1121.3194711208344,11716,5584,9664,-588,-14,796,11076,-8964,7860,290,-670,-19,-15412,2596,3108,-1163,179,-7,-15524,-2968,3596,135,314,512,0
1121.3529069423676,11744,5448,9504,-1042,198,495,11160,-8916,7828,384,70,-283,-15432,2180,2496,-1264,-38,-267,-16344,-2896,3756,194,412,146,0
1121.389230966568,11944,5340,9216,-1133,79,234,11236,-8564,8084,570,337,-568,-15532,2060,2692,-1405,-244,-434,-15448,-2796,3252,141,526,-56,0
1121.4242780208588,11900,5416,8956,-980,219,-151,11440,-8444,8196,1021,210,-534,-15560,2432,2940,-1429,-741,-157,-15784,-2716,3536,398,531,-324,0
1121.460312128067,12052,5480,9248,-1044,1008,-369,11184,-8732,8292,732,600,-244,-15296,2532,2500,-1212,-157,-80,-15532,-2240,3236,398,217,-155,0
1121.4952709674835,11656,5248,9704,-941,1234,-211,11008,-9196,8320,728,-14,-425,-15196,2628,2776,-1244,129,-305,-15164,-2304,3372,257,629,-120,0
1121.5309031009674,11372,4848,9500,-661,469,-110,10888,-8728,7884,831,-89,-675,-15144,2484,2772,-1215,35,-648,-15556,-2972,3836,636,845,-552,0
1121.566066980362,11112,5100,10064,-902,728,-613,11188,-8704,8264,832,808,-821,-15444,2560,2844,-1068,-525,-664,-15340,-2884,3840,333,745,-880,0
1121.6018960475922,11064,5136,10072,-697,213,-840,10988,-8896,8496,604,1243,-860,-15544,2976,3124,-1079,-710,-720,-15480,-2240,3788,86,784,-871,0
1121.638111114502,11660,4896,9836,-105,246,-740,10756,-8840,8528,604,684,-385,-15252,3132,2864,-1480,-951,-295,-16116,-2360,4044,-37,345,-736,0
1121.6729409694672,11676,5376,9896,-162,1079,-649,10936,-8516,8228,797,1161,32,-15212,3036,2584,-1533,-699,292,-15848,-2656,4340,238,-766,-612,0
1121.7096190452576,11064,5252,10752,-356,1421,-598,10164,-8648,8356,461,768,228,-14716,2948,3116,-1222,-725,361,-14916,-2640,3796,69,-463,-632,0
1121.7449169158936,10668,5144,10264,-593,1436,-339,10216,-8928,8604,306,1021,181,-14924,2720,3152,-1260,-710,135,-15100,-2512,3692,-375,-87,-660,0
1121.779860019684,10620,5364,10312,-421,1091,-71,10216,-8448,8676,456,564,93,-14760,2580,2836,-1354,-523,-51,-15112,-2844,3820,-322,89,-458,0
1121.8155779838562,10724,5572,10308,-325,810,42,10304,-8248,8244,598,566,-78,-15020,2416,3376,-1292,-453,29,-15404,-3020,3764,-300,124,-336,0
1121.85089802742,10992,5800,10268,-419,468,44,10640,-8312,9096,246,393,70,-15240,2632,3516,-1286,-326,42,-15536,-3052,4048,-263,-7,-309,0
1121.8861730098724,10920,5580,10404,-98,-54,65,10328,-8460,9024,26,314,126,-14852,2664,3408,-1257,-44,148,-15316,-2840,3788,-724,-381,-141,0
1121.9218571186066,10640,5440,10528,-94,-18,6,10176,-8304,8716,58,105,163,-14948,2644,3396,-1305,68,198,-15180,-3216,3880,-662,-164,-4,0
1121.9575519561768,10668,5244,10600,-249,-72,389,10348,-8584,8912,-12,-32,42,-14952,2556,3420,-1222,196,30,-15020,-2992,4036,-476,43,3,0
1121.9936559200287,10680,5128,10500,-245,-84,348,10280,-8392,8912,19,186,-71,-14900,2580,3336,-1128,202,7,-15136,-2880,3992,-435,52,79,0
1122.029895067215,10708,5524,10400,-269,-300,385,10056,-8484,8804,-74,-34,21,-14928,2804,3608,-1067,215,129,-15160,-2812,4080,-442,20,186,0
1122.0653431415558,10632,5328,10544,-428,-171,572,10004,-8512,8848,-201,-328,-235,-14716,2768,3396,-1032,325,166,-14936,-2940,3872,-479,62,324,0
1122.099061012268,10548,5572,10384,-393,-188,675,10116,-8848,10000,-92,-590,-156,-14692,2660,3424,-929,479,206,-15356,-3064,3940,-506,41,412,0
1122.1324889659882,10716,5548,10240,-431,-160,720,10424,-8516,8656,-180,-402,-116,-15092,2536,3204,-857,445,121,-15224,-2852,3908,-385,163,445,0
1122.1660029888153,10884,5276,10432,-592,-40,657,10636,-8568,8684,-190,-635,-181,-15312,2564,3460,-714,166,4,-15524,-2948,4052,-303,191,1,0
1122.1997570991516,10948,5168,10272,-478,-157,458,10664,-8600,8568,-368,-248,-328,-15320,2540,3332,-753,61,-68,-15404,-2780,3596,-322,192,95,0
1122.2331161499023,11072,5036,10436,-405,-317,253,10656,-8476,8716,-182,-76,-322,-15244,2668,3300,-820,-96,-85,-15312,-2676,3856,-395,206,-43,0
1122.267949104309,10940,4956,10116,-292,-173,90,10684,-8536,8504,-187,34,-320,-15032,2672,3092,-718,-35,-67,-15480,-2364,3760,-284,73,-54,0
1122.3025031089785,11184,4916,10388,-360,123,19,10828,-8640,8340,-139,263,-213,-14924,2568,3120,-906,-179,6,-15324,-2384,3660,-394,54,-187,0
1122.3358819484713,11064,4808,10196,-233,297,7,10692,-8472,8356,44,258,-56,-15136,2844,2924,-1016,-176,90,-15496,-2424,3864,-371,-129,-214,0
1122.3692870140076,11184,5084,10448,-190,477,255,10644,-8420,8380,-95,242,60,-15232,2848,3220,-644,82,295,-15516,-2624,4148,-369,-423,-281,0
1122.4026579856873,11252,5052,10432,-237,565,-26,10592,-8556,8620,-27,391,220,-15172,2912,3476,-452,310,300,-15304,-2520,3948,-400,-494,-243,0
1122.435907125473,10996,5164,10328,-196,581,21,10484,-8536,8780,-153,317,167,-15104,2648,3356,-546,406,504,-15332,-2792,4012,-358,-295,-141,0
1122.4692981243134,10836,5352,10992,-354,588,81,10336,-8588,8856,-249,360,217,-14868,3044,3776,-756,-42,449,-15436,-2800,4352,-373,-422,-90,0
1122.5028920173643,10632,5260,10716,-377,738,118,10252,-8664,8736,-348,369,386,-15272,2944,3756,-694,-14,597,-15124,-2632,4384,-476,-679,-165,0
1122.5364739894867,10392,5104,10500,-280,733,143,10180,-8832,8552,-335,348,385,-14732,2984,3120,-766,-487,477,-14844,-2788,4244,-503,-477,-158,0
1122.5700600147247,10208,5260,10576,-222,517,91,10112,-8520,8576,-410,294,187,-14368,3064,3448,-932,-269,367,-15068,-2748,3948,-425,-294,-98,0
1122.6036670207975,10452,5272,10432,-268,343,94,10252,-8480,8684,-391,182,21,-14620,2616,3616,-1167,-434,290,-14896,-2692,3592,-401,12,60,0
1122.6371059417725,10336,5188,10340,-306,109,142,10192,-8536,8700,-335,-48,-154,-14728,2820,3244,-1060,-127,52,-15264,-2396,4056,-414,225,226,0
1122.6704001426697,10528,5128,10576,-238,-122,290,10276,-8744,8548,-113,-177,-217,-14932,3508,3260,-1160,269,-112,-15228,-2464,4336,-361,481,277,0
1122.703931093216,10556,4952,10736,-227,-168,373,10420,-8840,8468,-63,-239,-180,-14952,3128,3440,-1056,374,-64,-15500,-2792,4496,-375,387,207,0
1122.73756814003,10588,4888,10516,-147,-22,381,10368,-8968,8256,-75,-142,-112,-15052,3236,3552,-894,286,-98,-15448,-2664,4640,-261,96,74,0
1122.7706110477448,10604,4960,10824,-158,32,263,10444,-8976,8452,-88,132,-13,-15156,3136,3732,-869,119,60,-15596,-2744,4456,-179,250,8,0
1122.80415892601,10692,4948,10888,-289,153,180,10484,-9024,8568,-117,77,162,-15060,3384,3328,-717,66,501,-15380,-2456,4452,-245,-219,68,0
1122.8378341197968,10500,4916,10904,-382,162,293,10308,-8720,8260,-316,52,51,-14972,3180,3396,-687,286,208,-15192,-2464,4348,-190,-196,96,0
1122.8712229728699,10352,4756,10556,-428,27,267,10408,-8928,8360,-173,205,-47,-14852,3192,3356,-832,280,4,-14924,-2524,4472,-385,120,15,0
1122.9044139385223,10316,4776,10808,-278,-260,222,10132,-8752,8308,-15,189,-168,-14848,3272,3484,-1017,126,-145,-15012,-2572,4508,-517,212,-51,0
1122.9379680156708,10372,4660,10996,-240,-248,195,10104,-8928,8508,-40,189,-136,-14824,3380,3604,-1036,96,-67,-15212,-2368,4452,-578,133,20,0
1122.9714150428772,10508,5084,10808,-317,-264,297,10024,-8924,8528,-68,146,-99,-14716,3448,3612,-1103,227,56,-15184,-2360,4404,-637,98,173,0
1123.004858970642,10500,4988,10980,-262,-277,265,10200,-8812,8744,-164,-201,49,-14752,3172,3568,-1161,464,148,-15284,-2508,4360,-648,251,345,0
1123.038479089737,10680,4908,10980,-182,-172,629,10304,-8920,8452,-204,-365,-15,-15072,3180,3256,-1065,551,136,-15308,-2456,4208,-579,-46,332,0
1123.0746791362765,10736,4724,10716,-234,-106,590,10628,-8808,8412,-296,-258,-31,-15244,2948,3328,-857,425,124,-15272,-2504,4264,-444,-47,213,0
1123.110141992569,10648,4896,10764,-264,-206,465,10576,-8884,8512,-310,-134,-114,-15108,2960,3236,-786,354,-45,-15300,-2420,4168,-527,75,52,0
1123.1459031105042,10804,4896,10608,-165,-364,348,10588,-8956,8392,-289,9,-171,-15132,3160,3380,-796,169,-54,-15316,-2492,4316,-571,122,-66,0
1123.181834936142,10796,4692,10340,-122,-259,221,10580,-9016,8340,-229,24,-185,-15072,3248,3156,-742,129,218,-15532,-2332,4120,-532,-16,-99,0
1123.2185339927673,10976,4720,10684,-45,-48,125,10644,-8868,8332,-204,-240,-285,-14996,3088,3004,-637,85,38,-15432,-2068,4352,-509,-125,-181,0
1123.253333091736,10848,4628,10728,-62,52,40,10560,-9064,8244,-131,88,-167,-15024,3440,3048,-460,240,240,-15188,-2280,4352,-494,-120,-230,0
1123.2896499633787,10672,4680,10616,7,138,8,10076,-8908,8296,-165,115,-147,-15024,3284,3096,-684,332,28,-15296,-2304,4480,-544,-69,-263,0
1123.3248591423035,10556,4756,10756,-1,21,4,10312,-9072,8288,-70,212,-129,-15072,3468,3284,-759,87,28,-15172,-2408,4480,-565,-18,-274,0
1123.360808134079,10480,4692,10900,-10,1,2,10204,-9100,8332,-1,0,-135,-14808,3416,3356,-924,247,-23,-15028,-2412,4588,-568,49,-253,0
1123.3955490589142,10436,4740,10956,15,-62,-33,10204,-9104,8236,-23,282,-195,-14872,3364,3376,-886,-35,-152,-15088,-2376,4716,-554,194,-262,0
1123.4317669868467,10720,4860,10996,-33,-178,11,10008,-9024,8360,2,271,-232,-14856,3240,3076,-936,24,-190,-15136,-2420,4524,-546,164,-219,0
1123.4675459861755,10592,4952,10804,-48,-193,31,10260,-8876,8484,-256,249,-242,-14920,3184,3340,-977,84,-175,-15112,-2312,4764,-529,187,-199,0
1123.5024440288544,10712,4924,10888,-94,-239,41,10184,-8992,8456,-242,229,-1,-14604,3076,3448,-925,98,-233,-15208,-2584,4604,-519,242,-148,0
1123.5386710166931,10564,5028,10588,-86,-272,90,10380,-8720,8216,-41,111,-267,-14944,3320,3380,-923,167,-165,-15168,-2576,4372,-597,191,-95,0
1123.5744049549103,10728,4976,10512,-58,-304,113,10428,-8796,8568,-63,99,-243,-14888,3140,3116,-938,245,-128,-15276,-2508,4464,-573,203,-129,0
1123.610692024231,10768,4888,10676,-70,-260,129,10460,-8888,8416,-60,160,-180,-15028,3332,3208,-974,182,-152,-15156,-2520,4332,-259,127,-107,0
1123.646024942398,10920,4904,10448,-130,-129,121,10716,-8912,8316,-30,130,-191,-15060,3180,3148,-957,213,-72,-15104,-2572,4424,-536,111,-123,0
1123.6814069747925,10692,4960,10644,-102,-179,126,10480,-9012,8404,-70,63,-206,-14928,3264,3268,-981,348,-96,-15168,-2340,4596,-571,90,-52,0
1123.7189419269562,10796,4892,10600,-85,-168,173,10248,-8964,8420,-86,26,-239,-14960,3188,3128,-960,363,-100,-15192,-2472,4416,-576,80,-93,0
1123.7524480819702,10704,4896,10672,-62,-222,169,10408,-9052,8268,-125,92,-179,-15020,3232,3212,-907,277,-98,-15276,-2384,4464,-551,44,-72,0
1123.785828113556,10528,4836,10708,-93,-221,127,10724,-8956,8420,-117,161,-163,-15000,3396,3140,-887,247,-20,-15244,-2304,4360,-580,27,-149,0
1123.819503068924,10524,4904,10748,-68,-149,115,10400,-9056,8380,-133,189,-107,-15016,3372,3272,-885,184,-28,-15224,-2424,4460,-618,4,-180,0
1123.8527801036835,10792,4952,10620,67,-144,32,10592,-9004,8392,-158,180,-101,-15012,3260,3124,-944,132,-29,-15256,-2420,4568,-593,-50,-219,0
1123.8862159252167,10812,4836,10544,6,-149,-51,10532,-8860,8268,-110,498,-103,-14984,3348,3132,-1009,105,-25,-15080,-2316,4460,-557,-48,-11,0
1123.9200410842896,10848,4872,10248,8,-116,-3,10088,-8996,8260,3,247,-150,-14876,3256,3036,-1115,131,-81,-15212,-2380,4456,-547,45,-188,0
1123.9536399841309,10508,4928,10612,-48,-119,15,10288,-8768,8620,-25,200,-167,-14988,3284,3260,-1191,135,-39,-15160,-2804,4640,-515,78,-170,0
1123.9871909618378,10624,4984,10676,-65,-214,25,10084,-8780,8544,-42,235,-169,-15044,3480,3608,-1195,150,-23,-15164,-2420,4852,-553,43,-182,0
1124.0207469463348,10680,4944,10588,-70,-219,49,10320,-9052,8364,2,133,-174,-14908,3236,3244,-1118,151,-56,-15096,-2604,4580,-577,79,-200,0
1124.0545620918274,10532,4992,10576,-69,-239,57,10188,-9060,8300,8,196,-173,-14792,3096,3104,-1217,145,-94,-15116,-2632,4536,-581,92,-122,0
1124.088091135025,10612,5032,10728,-58,-220,106,10292,-8984,8500,-40,125,-220,-14924,3140,3208,-1184,147,-87,-14992,-2672,4604,-545,149,-68,0
1124.1216080188751,10700,5044,10680,-111,-324,114,10136,-9148,8228,-56,106,-246,-15248,3432,3312,-1217,215,-76,-15144,-2556,4620,-547,149,-75,0
1124.1548120975494,10784,5092,10436,-87,-281,146,10380,-9068,8440,-74,131,-134,-14980,3296,3088,-1045,167,-71,-15160,-2372,4524,-563,109,-68,0
1124.188483953476,10744,4984,10532,-70,-231,140,10416,-9108,8448,-62,90,-134,-14880,3244,3208,-1059,164,-62,-15152,-2500,4316,-578,144,-83,0
1124.2221930027008,10924,4968,10252,-46,-235,178,10388,-8720,8264,-42,153,-117,-15328,3396,3264,-1066,135,-63,-15224,-2476,4500,-539,88,-90,0
1124.2557020187378,10940,4992,10436,-57,-201,106,10412,-8936,8356,-82,195,-139,-15020,3188,3068,-1028,129,-54,-15344,-2796,4436,-517,92,-80,0
1124.2960040569305,10872,4996,10344,-76,-182,93,10380,-9056,8388,-32,141,-149,-15084,3084,3320,-1011,178,-39,-15180,-2388,4556,-508,62,-132,0
1124.3301141262054,10764,4964,10528,-87,-233,58,10344,-9028,8256,-11,187,-145,-14992,3468,3116,-1036,161,-46,-15168,-2516,4772,-559,36,-145,0
1124.3634841442108,10796,4988,10612,-76,-241,33,10380,-9020,8244,-39,209,-154,-15084,3340,3064,-985,89,-78,-15208,-2340,4684,-585,-10,-170,0
1124.3968501091003,10792,5012,10728,15,-233,0,10372,-9088,8196,-99,213,-165,-14960,3332,3224,-866,96,-35,-15132,-2528,4732,-601,-34,-208,0
1124.4304869174955,10888,5024,10540,-38,-222,6,10468,-9004,8452,-131,179,-152,-14944,3368,3132,-903,65,242,-15124,-2468,4660,-594,-32,-157,0
1124.464028120041,10832,5092,10256,13,-122,86,10288,-8868,8480,-117,149,-82,-14996,3220,3324,-961,126,27,-15096,-2600,4392,-588,-90,-160,0
1124.4976670742035,10912,5116,10400,251,-159,86,10448,-8848,8288,-142,137,-106,-15052,3320,3184,-941,165,50,-15136,-2476,4536,-565,-95,-141,0
1124.531063079834,10952,5028,10456,-86,-81,97,10400,-9064,8316,-189,107,-84,-15000,3264,3224,-966,171,33,-15228,-2448,4456,-567,-92,-122,0
1124.5645301342013,10884,5096,10392,-55,-84,116,10572,-9028,8404,-141,117,-63,-15028,3292,3276,-772,181,19,-15216,-2788,4380,-542,-55,-130,0
1124.5982971191406,10912,5092,10292,-69,-81,113,10376,-9116,8408,-146,93,-82,-14972,3264,3028,-1028,201,31,-15144,-2396,4728,-520,-106,-137,0
1124.6317410469055,10916,5088,10332,-60,-35,81,10256,-8972,8308,-141,78,-119,-15068,3084,2984,-769,187,77,-14860,-2308,4700,-508,-121,-148,0
1124.665230035782,10728,5072,10580,-111,-42,90,10488,-9104,8256,-71,123,-96,-14876,3452,3088,-969,214,25,-15064,-2432,4572,-506,10,-135,0
1124.698930978775,10716,4868,10728,-99,-12,104,10160,-9152,8372,-102,89,-136,-14876,3480,3048,-980,236,22,-15048,-2308,4716,-526,55,-57,0
1124.732281923294,10652,5160,10548,-100,-51,104,10388,-9148,8316,-55,95,-167,-14600,3488,3020,-1035,208,-53,-15116,-2440,4868,-484,82,-87,0
1124.7697279453278,10784,5068,10388,-93,-29,131,10424,-9024,8304,-7,190,-122,-15020,3492,3228,-1025,47,240,-15284,-2320,4868,-468,-20,-133,0
1124.8056471347809,10992,5048,10476,-52,23,136,10248,-9136,8468,44,121,-37,-15084,3504,2604,-1277,152,57,-15180,-2400,4748,-507,-20,-49,0
1124.8414390087128,10716,5000,10496,-142,22,234,10100,-9028,8072,-88,-123,-143,-14604,3260,3020,-971,399,-56,-14800,-2372,4656,-462,161,29,0
1124.8778200149536,10432,5008,10304,-167,-77,221,10240,-8960,8232,-4,59,-298,-14900,3184,3260,-841,282,-36,-14828,-2620,4576,-351,298,-47,0
1124.9126179218292,10924,5220,10424,-267,-238,14,10560,-9144,8344,-186,330,-291,-15384,3360,3176,-964,-168,-240,-15460,-2560,4584,-464,369,-282,0
1124.948734998703,11504,5288,10528,-137,-150,-37,10656,-9208,8888,98,389,-175,-15096,3504,3032,-1026,10,-250,-15560,-2336,4636,-620,70,-181,0
1124.9843709468842,11024,5352,10308,-113,96,114,10064,-8864,8116,-88,-114,-136,-14616,3396,2976,-955,455,98,-14856,-2484,4736,-443,-125,-56,0
1125.0202231407166,10480,4936,10468,-49,132,190,10232,-9008,7960,-116,81,-47,-15080,3408,3324,-1062,118,-30,-14608,-2496,4756,-426,104,-153,0
1125.0556840896609,10944,5012,10556,-71,-252,70,10316,-9272,8480,30,223,-185,-14956,3564,2916,-1107,112,-174,-15260,-2556,4848,-478,172,-84,0
1125.0909659862518,10924,5384,10680,-202,12,126,10240,-9092,8268,-139,45,-166,-14872,3480,2884,-905,195,118,-15244,-2472,4800,-598,-48,-77,0
1125.1262249946594,10876,5108,10396,-182,10,136,10444,-9060,8660,-110,57,-56,-14964,3352,2980,-979,167,66,-14984,-2540,4744,-494,-4,-116,0
1125.1615290641785,10664,5028,10248,-123,250,112,10296,-9052,8376,-65,152,-128,-14992,3228,2816,-1058,106,-75,-14888,-2632,4776,-403,188,-142,0
1125.1976821422577,10588,5060,10452,-134,-96,47,10224,-9260,8332,-19,223,-186,-14884,3676,3072,-1034,26,-80,-15228,-2512,4904,-765,159,-125,0
1125.232871055603,10812,5184,10584,-109,-66,101,10048,-9192,8392,255,82,-177,-14844,3464,2932,-935,222,-39,-15064,-2384,4832,-493,91,-64,0
1125.267601966858,10696,5368,10472,-135,-93,149,10080,-9112,8180,-71,-5,-1,-14948,3292,2908,-841,308,-149,-14992,-2576,4800,-379,242,-42,0
1125.3038060665133,10620,5076,10252,-192,-223,110,10388,-9432,8248,-33,193,-280,-14940,3472,3264,-1017,12,-243,-15228,-2372,4932,-466,276,-228,0
1125.3392510414124,11256,4916,10600,-125,-139,32,10392,-9152,8492,82,225,-267,-15068,3456,2840,-1093,34,-144,-15368,-2476,4812,-520,176,-151,0
1125.3740420341492,11036,5124,10384,-212,-75,99,10152,-8980,8308,-25,97,-217,-15052,3472,2952,-929,503,-17,-15080,-2396,4744,-764,61,-61,0
1125.4106149673462,10776,5152,10336,-152,-16,152,10016,-9140,7988,-33,105,-108,-15004,3412,2984,-954,134,-90,-15140,-2588,4788,-259,103,-116,0
1125.4441709518433,10820,5092,10432,-152,-11,163,10420,-9104,8304,48,151,-115,-15068,3244,3012,-1050,159,-80,-15160,-2576,4688,-454,109,-81,0
1125.4776360988617,10768,5160,10444,-226,-43,138,10256,-9076,8352,-76,114,-156,-15060,3448,2972,-906,189,242,-15268,-2516,4660,-543,122,-60,0
1125.511223077774,10804,5168,10588,-195,-83,158,10364,-9080,8264,-78,45,-184,-15096,3488,2952,-932,301,-13,-15164,-2568,4704,-511,101,-65,0
1125.5448150634766,10712,5372,10628,-189,-154,195,10284,-8984,8440,-253,111,-210,-15308,3436,2852,-944,246,-95,-15056,-2756,4796,-497,193,-126,0
1125.5780680179596,10664,4968,10544,-131,-188,135,10260,-9176,8332,3,131,-220,-14884,3500,2924,-900,181,-170,-15032,-2516,4628,-485,212,-73,0
1125.6117329597473,10692,5108,10296,-197,-189,140,10256,-9080,8332,1,136,-256,-14948,3340,2868,-895,233,-176,-15124,-2592,5092,-486,154,-78,0
1125.645133972168,10708,5032,10644,-190,-203,136,10412,-9152,8232,8,161,-266,-15284,3536,2856,-865,245,-123,-15200,-2360,4684,-557,217,-81,0
1125.6785650253296,10876,5000,10460,-216,-221,140,10268,-9148,8300,89,131,-215,-14984,3496,2708,-991,238,-145,-15316,-2448,4676,-535,189,-50,0
1125.712110042572,10928,4988,10420,-169,-174,145,10380,-9168,8240,-28,89,-215,-15016,3364,2652,-920,293,-135,-15344,-2680,4832,-517,194,-85,0
1125.7457370758057,10740,5028,10456,-202,-229,163,10292,-9208,8228,22,98,-265,-15008,3316,2920,-888,506,-210,-15292,-2560,4700,-508,271,-76,0
1125.7791759967804,10936,5004,10572,-239,-5,160,10048,-9096,8220,-2,159,-289,-15108,3424,2956,-933,264,-212,-15112,-2468,4604,-518,275,-85,0
1125.8128280639648,10916,5032,10516,-190,-234,152,10452,-8992,8316,38,105,-238,-15040,3500,3052,-985,194,-147,-15168,-2460,4776,-528,178,-83,0
1125.8466520309448,10900,5128,10280,-197,-201,146,10440,-9072,8380,38,141,-206,-15012,3116,2964,-972,236,-109,-15156,-2612,4712,-483,127,-135,0
1125.879832983017,10876,5072,10408,-210,-167,129,10340,-9020,8248,39,164,-162,-15104,3292,2880,-884,121,-92,-15064,-2596,4584,-518,172,-117,3
1125.913526058197,11132,5136,10336,-202,-221,132,10248,-8872,8432,-256,176,-211,-14964,3376,2912,-917,304,-133,-15012,-2488,4748,-528,209,-69,3
1125.9471211433413,10888,4880,10328,-183,-150,133,10308,-9008,8336,-43,74,-223,-15056,3396,3112,-1010,220,-111,-15040,-2480,4628,-502,165,-86,3
1125.9805009365082,10840,5008,10664,-178,-198,136,10424,-9096,8368,-29,159,-181,-14860,3420,2700,-1040,75,-122,-15048,-2444,4784,-549,228,-137,3
1126.0141789913177,10920,5004,10412,-132,-156,122,10332,-9044,8348,-16,137,-217,-14992,3348,2680,-1002,158,-79,-15056,-2356,4724,-562,183,-135,3
1126.047847032547,11032,4972,10252,-72,-94,110,10384,-9020,8292,-64,88,-180,-15072,3348,2932,-1026,19,-23,-14852,-2508,4856,-518,154,-125,3
1126.0812549591064,10968,4996,10312,-111,-31,80,10388,-9172,8240,-33,181,-155,-15100,3376,2936,-1097,-5,-47,-15080,-2540,4772,-527,117,-162,3
1126.1148750782013,10888,4984,10460,-98,-12,62,10696,-9128,8376,-73,159,-157,-15000,3260,2900,-1123,-46,-72,-15008,-2416,4684,-532,135,-148,3
1126.14825797081,10908,5064,10464,-107,10,60,10320,-9008,8328,-27,155,-142,-14900,3364,2776,-1034,-45,-73,-15120,-2528,4904,-557,106,-159,3
1126.1818051338196,10832,5092,10420,-111,-28,89,10348,-9012,8420,-32,168,-134,-15076,3364,2960,-992,-2,-38,-14908,-2504,4796,-540,120,-153,3
1126.215085029602,10816,5116,10312,-128,-58,104,10484,-9076,8272,-62,191,-141,-15020,3376,2904,-1017,-43,-58,-15148,-2556,4772,-529,124,-129,3
1126.248584985733,10908,5124,10412,-93,-43,115,10452,-9168,8392,-44,226,-138,-15080,3408,3012,-929,22,-67,-15184,-2352,4704,-533,88,-143,0
1126.28196310997,10944,5268,10436,-122,-7,80,10392,-9136,8208,-24,180,-130,-15000,3408,2896,-967,46,-33,-15168,-2552,4660,-547,58,-145,0
1126.3154809474943,10920,5072,10340,-122,51,94,10380,-8792,8196,-53,232,-80,-15060,3520,2856,-974,-1,-7,-15264,-2512,4768,-536,54,-162,0
1126.3491339683533,10920,5056,10408,-86,66,79,10284,-9036,8396,-67,212,-88,-15088,3440,2832,-967,-10,-248,-15160,-2792,4680,-528,76,-149,0
1126.3823170661926,10912,5116,10272,-124,31,60,10312,-9052,8408,-45,188,-130,-15136,3332,2876,-1000,-25,-47,-15332,-2532,4748,-492,79,-156,0
1126.415668964386,10768,5156,10400,-137,18,83,10372,-9084,8396,-52,159,-126,-15020,3388,2868,-1005,37,-13,-15128,-2484,5056,-520,89,-152,0
1126.452845096588,10860,4988,10608,-81,19,111,10368,-9148,8264,-66,141,-119,-15020,3356,2592,-952,99,-34,-14876,-2528,4612,-768,41,-131,0
1126.4889121055603,10844,5008,10308,-75,39,65,10340,-9192,8440,-104,171,-143,-15072,3420,2596,-944,249,-7,-15264,-2452,4660,-473,80,-190,0
1126.5240631103516,10976,5052,10712,-120,54,37,10328,-9152,8476,-8,505,-116,-14988,3488,2580,-773,16,-61,-15356,-2420,4820,-259,140,-155,0
1126.5598640441895,10836,5168,10328,-57,2,117,10392,-9064,8624,-23,76,-160,-15012,3420,2908,-1018,166,-24,-15080,-2624,4816,-475,169,-84,0
1126.5950829982758,10844,5112,10408,-97,-39,113,10256,-9128,8308,-79,141,-161,-15096,3520,3232,-929,80,-89,-15148,-2780,4804,-534,120,-163,0
1126.6303849220276,10856,5040,10572,-106,-16,85,10252,-9444,8404,-17,151,-180,-14944,3508,2848,-1045,110,-64,-15116,-2492,4672,-269,148,-153,0
1126.6675679683683,10740,5132,10468,-119,-39,100,10312,-9112,8424,-70,145,-156,-15020,3448,3228,-985,78,-34,-15112,-2576,4636,-528,106,-147,0
1126.702826976776,10852,5116,10360,-110,-12,121,10384,-9180,8356,-53,191,-142,-14912,3512,2920,-925,87,-68,-15216,-2540,4892,-535,104,-129,0
1126.7379860877993,10856,5340,10368,-121,-17,88,10232,-8988,8244,-74,116,-190,-15032,3352,3016,-1276,134,-88,-14920,-2640,4556,-483,100,-139,0
1126.7734041213987,10752,5156,10316,-144,-73,74,10428,-9200,8640,-59,150,-194,-14996,3504,2960,-959,141,-43,-15052,-2560,4860,-543,113,-99,0
1126.8091900348663,10828,5068,10444,-135,-88,108,10396,-9108,8288,-254,110,-204,-14976,3400,2960,-1271,174,-84,-15352,-2744,4776,-466,123,-86,0
1126.8448870182035,10784,5040,10388,-183,-90,99,10420,-9156,8384,-46,179,-216,-15112,3404,2864,-938,185,-68,-15156,-2556,4760,-506,139,-91,0
1126.8807880878448,10992,5116,10572,-138,-177,133,10484,-9168,8304,-35,171,-205,-15000,3516,3060,-947,129,-119,-15332,-2544,4844,-556,170,-108,0
1126.9158880710602,10764,5000,10564,-176,-157,156,10276,-9216,8280,-54,148,-174,-15052,3524,3024,-925,174,-95,-15304,-2508,4784,-584,177,-111,0
1126.9513130187988,10984,5328,10476,-90,-131,148,10148,-9072,8340,-89,127,-197,-14984,3520,2952,-868,217,-120,-15108,-2648,4780,-576,166,-97,0
1126.9876301288605,10792,5056,10440,-198,-202,122,10456,-9112,8276,-23,156,-234,-15044,3448,2912,-929,200,-162,-14996,-2416,4864,-523,232,-86,0
1127.0228769779203,10864,5104,10428,-198,-205,167,10324,-8968,8288,-255,134,-210,-14980,3472,2908,-976,150,-190,-15316,-2508,4836,-572,282,-78,0
1127.0576009750366,10888,5152,10360,-183,-226,195,10392,-9108,8504,-6,87,-239,-15060,3400,2836,-949,173,-187,-15200,-2812,4780,-517,210,-83,0
1127.0938270092013,10844,5004,10368,-216,-239,126,10440,-9432,8428,-29,216,-245,-14972,3392,2992,-925,144,-235,-14876,-2400,4732,-541,226,-90,0
1127.1273901462555,10812,5056,10388,-180,-251,115,10244,-9232,8300,23,194,-219,-15008,3464,2940,-945,88,-203,-15168,-2792,4768,-531,275,-95,0
1127.1605751514435,10904,5004,10396,-232,-259,142,10320,-9092,8296,30,200,-251,-14900,3480,3116,-962,148,-189,-15264,-2500,4828,-530,295,-110,0
1127.194139957428,10916,5092,10480,-174,-299,153,10384,-9084,8224,-253,92,-275,-15060,3388,2804,-935,144,-207,-15340,-2512,4752,-258,263,-57,0
1127.227874994278,10920,5132,10372,-214,-247,155,10320,-9012,8300,-33,135,-235,-14980,3376,2892,-937,185,-204,-15140,-2436,4748,-517,243,-55,0
1127.2615399360657,10856,5080,10312,-217,-247,166,10200,-9060,8636,-32,125,-241,-14928,3532,2844,-968,239,-190,-15120,-2612,4700,-524,296,-31,0
1127.2949810028076,10900,5036,10432,-229,-7,214,10148,-9060,8412,-14,112,-232,-15048,3452,2924,-954,223,-179,-15168,-2640,4836,-508,261,-39,0
1127.3284220695496,10892,4948,10364,-227,-307,192,10288,-9096,8328,-15,97,-265,-14984,3392,2752,-923,244,-153,-15096,-2508,4752,-540,238,-45,0
1127.361920118332,10912,4976,10384,-202,-265,160,10416,-9148,8308,-46,126,-2,-15040,3332,2736,-880,226,-159,-15180,-2340,4600,-517,211,-45,0
1127.395045042038,10924,4984,10424,-170,-273,164,10332,-9088,8276,-45,104,-232,-15148,3448,2840,-953,196,-206,-15352,-2376,4660,-531,219,-72,0
1127.4284131526947,10932,4956,10368,-181,-248,153,10296,-9140,8252,25,149,-203,-15100,3416,2840,-959,172,-150,-15088,-2448,4676,-520,2,-91,0
1127.4618771076205,11032,4900,10272,-203,-243,142,10460,-9068,8312,11,88,-239,-15000,3384,2596,-970,166,-155,-15092,-2460,4756,-478,226,-46,0
1127.495393037796,10908,5032,10284,-204,-210,130,10304,-9048,8220,4,110,-232,-15052,3476,3044,-963,212,-129,-15048,-2504,4672,-514,223,-87,0
1127.5289759635923,11004,5060,10412,-204,-250,161,10304,-9088,8256,24,104,-226,-14972,3388,2916,-1017,192,-180,-15092,-2408,4784,-270,257,-54,0
1127.5624790191653,10876,5080,10348,-163,-210,158,10340,-9088,8368,24,80,-510,-15016,3408,2872,-1278,222,-176,-15208,-2532,4768,-528,509,-113,0
1127.5957469940186,11080,4976,10484,-190,-240,108,10268,-9072,8368,15,108,-282,-15012,3404,2672,-960,182,-171,-15160,-2432,4732,-528,1,-105,0
1127.6293849945068,11072,4976,10264,-225,-194,103,10364,-9212,8332,14,106,-3,-15052,3420,2712,-1053,141,-121,-15148,-2352,4592,-491,222,-108,0
1127.6625149250033,11044,4960,10396,-201,-157,143,10396,-9028,8392,-6,130,-174,-15064,3392,2744,-990,95,-73,-15156,-2500,4568,-535,155,-134,0
1127.6964359283447,11060,4972,10488,-203,-159,122,10400,-9084,8336,-13,157,-177,-15056,3300,2808,-984,76,-145,-15168,-2508,4628,-519,155,-101,0
1127.730003118515,10900,5080,10384,-151,-186,134,10356,-9000,8388,-47,93,-215,-15044,3288,2680,-974,130,-144,-15076,-2340,4616,-504,211,-90,0
1127.7636380195618,10932,5004,10412,-187,-224,159,10340,-9028,8312,-17,119,-231,-14956,3388,2788,-964,206,-174,-15224,-2476,4380,-510,246,-70,0
1127.7972519397736,11104,4996,10112,-151,-211,151,10420,-9040,8416,-40,79,-229,-15092,3168,2868,-950,188,-181,-15224,-2380,4772,-270,246,-62,0
1127.8308219909668,10792,5060,10320,-196,-270,139,10480,-9188,8440,19,69,-280,-14988,3088,2820,-931,197,-171,-15220,-2756,4700,-264,3,-74,0
1127.8643491268158,10776,4996,10376,-196,-253,142,10356,-9016,8428,26,114,-253,-15064,3360,2588,-975,175,-186,-14924,-2624,4748,-767,226,-73,0
1127.8974211215973,11032,4968,10312,-194,-218,139,10392,-9072,8208,17,122,-253,-15036,3576,2856,-984,182,-172,-15152,-2476,4692,-494,242,-52,0
1127.930809020996,11052,4912,10344,-182,-236,187,10272,-9008,8328,20,94,-231,-14996,3352,2728,-1000,166,-130,-15280,-2544,4648,-504,215,-75,0
1127.9644570350647,11016,4964,10212,-141,-187,143,10392,-8992,7992,-92,154,-212,-15032,3376,2472,-987,78,-74,-15028,-2424,4404,-486,200,-143,0
1127.9981229305267,11088,4892,10004,-61,-42,94,10488,-8840,7948,-45,174,-160,-15112,3316,2548,-1071,-40,-11,-15132,-2560,4448,-470,96,-225,0
1128.031566143036,11280,4852,10024,-82,151,27,10604,-8984,8356,61,196,-86,-14984,3208,2752,-1160,-131,0,-15220,-2360,4540,-462,34,-232,0
1128.0650091171265,11100,4948,10368,-143,216,-11,10408,-9064,8300,79,213,-78,-15164,3256,2840,-1125,-87,244,-15280,-2796,4552,-472,125,-173,0
1128.098309993744,11092,5128,10504,-180,130,24,10360,-9128,8512,58,226,-173,-15332,3252,3052,-1074,24,-124,-15112,-2484,4820,-506,211,-167,0
1128.1357629299164,11080,5208,10716,-192,-111,42,10348,-9208,8492,-58,178,-234,-15224,3348,3056,-981,17,-145,-15192,-2660,4892,-524,224,-138,0
1128.171231031418,10944,5124,10488,-156,-192,78,10228,-9124,8632,-121,201,-216,-15080,3552,3052,-846,100,-130,-14964,-2708,4664,-559,160,-147,0
1128.2071599960327,10888,4988,10368,-152,-226,88,10200,-9056,8444,-101,163,-237,-14908,3448,3068,-923,83,-153,-15072,-2428,4716,-505,202,-143,0
1128.2422831058502,10836,4988,10228,-101,-128,144,10244,-8952,8304,-89,113,-178,-14976,3380,2612,-960,60,-30,-15132,-2448,4468,-474,118,-106,0
1128.278775930405,11184,4956,10092,-121,33,114,10492,-8848,8692,-85,135,-50,-15056,3488,2576,-1007,254,21,-15356,-2352,4332,-483,21,-167,0
1128.31444811821,11128,4948,10444,-190,150,72,10656,-9024,8328,55,192,18,-15068,3076,2668,-1098,-31,22,-15136,-2400,4376,-490,84,-121,0
1128.350800037384,11028,5048,10268,-173,90,69,10436,-9148,8360,76,206,-98,-14868,3092,2848,-1106,-42,-10,-15204,-2608,4556,-465,107,-195,0
1128.385924100876,11072,5036,10248,-82,55,42,10384,-9004,8256,44,297,-102,-15056,3360,2732,-1103,-90,-90,-15248,-2340,4516,-527,109,-243,0
1128.4214141368866,11052,5056,10232,-249,105,-21,10352,-9080,8552,253,11,-101,-15092,3356,2880,-1115,-159,-254,-15212,-2560,4628,-540,67,-303,0
1128.4576649665833,11056,5100,10304,-46,207,-68,10484,-9012,8528,252,296,-54,-15140,3392,2912,-1120,-190,79,-15264,-2680,5076,-508,-27,-283,0
1128.4931061267853,10976,5132,10472,-80,266,-73,10272,-9056,8584,-54,281,-38,-14952,3440,3008,-1029,-124,50,-15340,-2664,4656,-471,-64,-206,0
1128.5288910865784,10756,5212,10316,-99,289,-253,10192,-9008,8340,-64,179,-59,-14924,3508,3060,-1035,24,63,-15220,-2348,4704,-480,35,-158,0
1128.564346075058,10820,5112,10508,-107,121,128,10156,-9088,8192,-115,91,-104,-14944,3512,2948,-961,168,-217,-15060,-2796,4780,-502,67,-69,0
1128.600697040558,10932,5100,10492,-94,66,156,10276,-9120,8484,-149,116,-124,-14888,3408,2832,-954,207,254,-15068,-2720,4500,-554,58,-103,0
1128.636071920395,10848,5012,10512,-53,42,147,10172,-9052,8444,-90,132,-120,-15072,3560,3012,-1040,63,252,-15144,-2636,4676,-553,48,-134,0
1128.6718440055847,10760,4972,10484,-73,79,85,10312,-9188,8440,-70,177,-79,-14952,3412,2972,-1074,-30,232,-15184,-2504,4608,-570,251,-182,0
1128.7077651023865,10960,5100,10400,-97,157,38,10404,-9076,8256,-44,223,-71,-15056,3484,2892,-991,-73,252,-15120,-2720,4768,-502,-22,-173,0
1128.7432401180267,10852,5068,10428,-122,104,58,10160,-9128,8476,-29,1,-60,-14976,3508,2936,-1083,-76,29,-15000,-2576,4636,-555,25,-170,0
1128.7786450386047,10728,5136,10432,-113,49,70,10200,-9140,8464,-28,188,-90,-14896,3432,2952,-1042,-247,-16,-15236,-2780,4624,-533,57,-152,0
1128.812152147293,10792,5164,10448,-78,22,96,10128,-9048,8560,-93,149,-134,-15052,3360,3108,-975,74,-37,-15088,-2764,4804,-492,42,-139,0
1128.8456420898438,10700,5128,10480,-173,7,89,10320,-9120,8396,-93,148,-146,-15020,3576,2928,-942,63,-27,-14936,-2628,4656,-500,110,-150,0
1128.8790719509125,10752,5108,10416,-125,24,71,10140,-9108,8496,-77,150,-152,-14952,3460,2960,-1020,49,-248,-15080,-2656,4860,-525,158,-157,0
1128.9123640060425,10768,5040,10512,-83,40,75,10288,-9224,8484,-45,157,-139,-14988,3536,3028,-1015,68,-243,-15236,-2580,4840,-260,83,-163,0
1128.9458310604095,10804,4996,10260,-73,54,99,10056,-9464,8356,-81,150,-103,-15044,3336,2844,-1006,67,-15,-15120,-2628,4780,-538,80,-138,0
1128.9795179367065,11000,5072,10500,-61,13,100,10468,-9252,8204,-40,138,-103,-14948,3344,2880,-1012,98,-82,-15068,-2340,4668,-536,116,-135,0
1129.013337135315,10736,5112,10520,-91,7,129,10212,-9196,8600,-49,126,-119,-14944,3428,2884,-1013,88,-98,-15136,-2752,4664,-566,101,-135,0
1129.04696393013,10796,5100,10452,-20,37,127,10264,-9196,8420,-19,136,-105,-14964,3432,2928,-1050,21,-40,-15144,-2736,4928,-572,64,-180,0
1129.0806169509888,10824,5028,10564,-95,26,93,10336,-9116,8372,-38,294,-33,-15020,3472,2824,-1032,-39,251,-15072,-2776,4844,-559,59,-191,0
1129.114149093628,10512,5208,10432,-116,77,67,10188,-9196,8352,-54,177,-112,-14956,3560,2840,-993,133,-252,-14972,-2588,4808,-538,39,-119,0
1129.147763967514,10836,5348,10376,-133,38,75,10272,-9364,8380,-58,185,-103,-14940,3452,3064,-1018,79,-3,-15108,-2800,4740,-543,95,-134,0
1129.1813371181488,10704,5160,10384,-127,8,105,10124,-9172,8584,-74,188,-131,-14924,3416,3096,-994,69,-44,-15104,-2640,4816,-530,130,-122,0
1129.2149910926819,10756,5108,10648,-144,-47,113,10192,-9356,8432,-65,171,-159,-14936,3520,3068,-989,105,-113,-15036,-2392,4768,-523,180,-115,0
1129.2486500740051,10828,5064,10520,-132,-78,107,10152,-9112,8404,-72,139,-163,-15020,3492,3056,-991,143,-73,-15184,-2624,4892,-526,129,-111,0
1129.2822370529175,10856,5112,10388,-118,-36,136,10264,-9144,8472,-18,135,-148,-15016,3484,2892,-1022,80,-31,-15196,-2652,4792,-536,109,-170,0
1129.3185279369354,10704,5152,10424,-143,3,58,10244,-9108,8504,-38,279,-134,-14996,3456,2844,-1024,-24,-30,-15132,-2640,4704,-524,120,-171,0
1129.3523590564728,10796,5240,10568,-166,10,40,10160,-9192,8256,-105,249,-120,-14968,3468,2828,-1002,-16,-224,-15196,-2684,4772,-498,65,-167,0
1129.3854529857635,10808,5192,10464,-221,-251,53,10120,-9128,8344,-49,210,-140,-14928,3540,3304,-992,35,255,-15020,-2764,4624,-463,48,-155,0
1129.4188029766083,10708,5276,10508,-237,18,98,10088,-9092,8532,-36,154,-102,-14980,3528,3036,-1019,90,68,-15148,-2780,4764,-489,9,-100,0
1129.4522891044617,10704,5256,10580,-186,51,93,10160,-9132,8540,-135,177,-116,-15024,3340,3124,-924,45,71,-15136,-2716,4696,-468,29,-145,0
1129.485806941986,10388,5080,11292,323,-453,50,10072,-9136,8616,-69,167,-164,-14988,3528,2932,-922,98,27,-15032,-2436,4652,-451,115,-130,0
1129.519258975983,10604,5152,10620,-233,0,74,10368,-9080,8552,-42,140,-166,-15100,3548,3200,-931,75,-240,-15048,-2676,4756,-502,158,-144,0
1129.5528061389923,10780,5116,10300,-237,-13,74,10204,-9216,8324,-72,188,-171,-14972,3556,3072,-870,34,0,-14884,-2680,4820,-524,108,-168,0
1129.586061000824,10848,5148,10652,-207,49,37,10232,-9184,8348,-77,208,-142,-14944,3592,2908,-882,28,251,-15084,-2536,4736,-491,69,-167,0
1129.619679927826,10660,5056,10636,-207,2,30,10020,-9188,8296,-75,218,-153,-14964,3524,2980,-891,93,-1,-15280,-2672,4744,-526,70,-121,0
1129.6529409885409,10684,5596,10480,-273,-1,85,10140,-9268,8524,-144,126,-179,-14896,3680,2868,-883,218,-225,-14996,-2516,4808,-468,141,-57,0
1129.6867830753329,10780,5020,10480,-216,-21,171,10028,-9268,8380,-95,105,-129,-14936,3716,2980,-919,184,-4,-15080,-2652,4864,-543,109,-96,0
1129.7202651500702,10708,5000,10516,-169,-28,147,10192,-9320,8360,-37,136,-107,-14944,3624,3132,-936,194,17,-15168,-2660,4812,-530,79,-80,0
1129.753888130188,10728,5092,10548,-212,56,126,10416,-9272,8220,-37,149,-117,-14908,3584,3128,-981,167,6,-15104,-2500,4880,-470,64,-105,0
1129.7900149822235,10708,5116,10668,-209,15,137,10136,-8972,8392,-54,135,-112,-15020,3772,3008,-985,167,-34,-14964,-2560,4860,-545,94,-86,0
1129.8248779773712,10652,5000,10668,-159,-30,147,10128,-9288,8196,-72,151,-109,-14932,3796,3060,-983,136,-30,-15104,-2616,4892,-554,70,-135,0
1129.8607261180878,10688,4884,11000,-178,-13,125,10096,-8996,8256,-69,182,-133,-15000,3684,3288,-934,123,-57,-15104,-2572,4940,-521,68,-95,0
1129.8955140113833,10732,5052,10604,-187,-77,89,10072,-9228,8392,-47,191,-132,-14972,3700,3036,-904,107,-46,-15040,-2680,4788,-588,138,-104,0
1129.9309279918673,10748,5080,10636,-180,-90,122,10124,-8972,8672,-86,180,-137,-15004,3776,2996,-842,181,-75,-14892,-2680,4892,-619,115,-127,0
1129.9660720825195,10924,5188,10588,-164,-81,103,10116,-9144,8368,-114,154,-143,-14832,3660,2996,-825,255,-30,-15052,-2692,4684,-568,92,-99,0
1130.0018339157104,10672,5260,10536,-191,-127,104,10128,-9368,8384,-136,198,-221,-14916,3364,3040,-824,194,-144,-14992,-2684,5020,-512,163,-121,0
1130.038386106491,10512,5188,10588,-192,-203,82,10192,-9264,8308,-124,201,-240,-14884,3604,2952,-810,160,-111,-14996,-2620,4620,-552,188,-133,0
1130.073858976364,10764,5072,10624,-184,-159,85,10148,-9316,8380,-129,209,-179,-14984,3828,3016,-792,189,-55,-15036,-2532,4980,-560,130,-84,0
1130.1095271110535,10692,5116,10744,-211,-186,149,9984,-9224,8504,-71,89,-211,-14908,3712,2604,-862,302,-152,-14972,-2648,4820,-539,191,-20,0
1130.144432067871,10708,5060,10416,-131,-179,192,10136,-9212,8244,-132,56,-208,-14996,3620,2928,-880,320,-96,-15004,-2624,5096,-533,174,18,0
1130.1806631088257,10600,5024,10644,-161,-243,189,10088,-9380,8352,-47,79,-226,-14860,3852,2896,-865,289,-192,-14872,-2404,4684,-544,309,16,0
1130.2155449390411,10748,4964,10556,-120,-270,189,10088,-9260,7968,-46,108,-512,-14936,3716,2588,-975,180,-246,-14872,-2588,5108,-549,274,-45,0
1130.251755952835,10516,5060,10544,-83,-303,146,10076,-9268,8436,-39,131,-240,-15084,3736,2780,-897,173,-230,-15124,-2492,4780,-554,245,-101,0
1130.2881290912628,10816,5012,10580,-90,-289,190,10116,-9224,8316,-39,116,-238,-15004,3660,2824,-959,135,-202,-15180,-2756,4820,-359,271,-22,0
1130.3238790035248,10836,4964,10436,-152,-276,169,10200,-9328,8372,-19,79,-234,-15016,3704,2780,-953,240,-249,-15048,-2528,4764,-550,281,-59,0
1130.359503030777,10644,4972,10408,-112,-320,208,10140,-9204,8452,31,96,-219,-15020,3364,2960,-969,197,-211,-15056,-2560,4600,-702,439,-124,0
1130.3947639465332,10944,5044,10496,5,-234,159,10100,-9248,8420,-66,152,-179,-14932,3576,2912,-1078,27,-206,-15064,-2560,4748,-604,350,-145,0
1130.4317650794983,10728,4876,10416,-24,-213,179,10012,-9308,8372,-62,102,-184,-14780,3632,2824,-1081,55,-213,-15068,-2780,4820,-541,276,-135,0
1130.4653429985049,10652,5164,10312,56,-279,123,10112,-9124,8316,-134,114,-296,-14948,3488,3048,-993,82,-229,-15012,-2664,4732,-379,360,-146,0
1130.4987120628357,10952,5136,10468,60,-397,75,10204,-9148,8616,-268,257,-330,-14888,3384,2940,-926,85,-500,-14924,-2724,4748,-454,411,-148,0
1130.5322580337524,10576,5220,10276,-54,-332,26,10256,-9164,8488,-119,328,-288,-15048,3812,2904,-980,44,-222,-15124,-2732,5084,-421,282,-102,0
1130.5659921169279,10684,5176,10392,-145,-246,70,10240,-9252,8528,-146,216,-250,-14972,3772,3012,-899,192,-191,-15260,-2676,4576,-281,280,-77,0
1130.5997381210327,10828,5268,10364,-170,-245,75,10424,-9260,8636,-341,276,-238,-15340,3480,2848,-827,241,-201,-14876,-2624,4656,-299,339,-78,0
1130.632982969284,10880,5236,10424,-225,-230,43,10172,-9376,8632,-172,306,-215,-15092,3580,2884,-956,149,-128,-15160,-2748,4788,-308,189,-27,0
1130.6666610240936,10816,5160,10636,-112,-154,52,10172,-9284,8260,-250,258,-195,-14872,3620,2648,-698,44,-155,-15120,-2744,4680,-551,387,-63,0
1130.7000410556793,10828,5152,10392,-63,-7,-3,10000,-9400,8348,-485,360,-246,-14980,3344,2632,-666,84,-179,-15140,-2528,4816,-577,228,-91,0
1130.733777999878,10900,5100,10500,67,-218,33,10016,-9248,8420,-321,165,-192,-15352,3640,2872,-849,13,-132,-15184,-2532,4680,-556,156,-124,0
1130.7675080299377,10924,5136,10412,94,6,84,10148,-9304,8616,-450,147,-118,-15140,3740,2928,-819,104,-124,-15204,-2740,4588,-534,183,-80,0
1130.8009760379791,10952,5240,10432,116,43,-52,10156,-9336,8412,-636,231,-110,-15040,3528,2660,-825,126,20,-15228,-2308,4832,-568,36,-93,0
1130.8343560695648,10904,5140,10348,239,19,-105,10040,-9244,8288,-487,223,-120,-15048,3600,2816,-844,67,67,-15096,-2524,4940,-531,-76,-87,0
1130.8679370880127,10940,5164,10392,113,13,29,10236,-9336,8304,-389,33,-173,-14924,3664,2332,-1022,32,-11,-15020,-2668,4700,-607,15,-72,0
1130.9014260768893,10980,5268,10436,-4,29,41,10208,-9320,8244,-328,-47,-210,-14976,3744,2928,-1161,381,-14,-15232,-2540,4628,-584,-48,-38,0
1130.9349920749664,10784,5224,10184,8,209,66,10144,-9412,8360,-295,-119,-144,-14948,3688,2928,-854,385,-21,-15032,-2604,4696,-598,-64,-105,0
1130.9686419963837,10744,5232,10704,-149,341,101,9912,-9392,8356,-180,-290,-181,-14824,3604,2780,-662,254,-48,-15000,-2648,4748,-710,125,-130,0
1131.0022230148315,10580,5264,10516,-307,236,123,10204,-9392,8104,-104,-69,-165,-14928,3700,2880,-642,166,-247,-14920,-2608,5000,-779,-20,-154,0
1131.0356690883636,10592,4920,10596,-181,-46,112,10108,-9488,8412,-139,118,-168,-14956,3600,2704,-759,210,-66,-15092,-2552,4820,-661,49,-105,0
1131.069391965866,10728,5108,10512,-157,-110,154,10132,-9404,8252,-23,36,-190,-15344,3648,2840,-867,168,-104,-15132,-2684,4776,-566,157,-94,0
1131.1026339530945,10924,5284,10224,-64,-109,172,10220,-9492,8400,-28,-37,-147,-15000,3408,2776,-923,86,-89,-15176,-2472,4636,-464,26,-71,0
1131.1359729766846,10232,5016,10684,95,-490,500,10164,-9332,8240,39,-60,-125,-14916,3556,2616,-958,8,-89,-15084,-2604,4864,-510,154,-99,0
1131.1697759628296,10836,5300,10564,-323,-24,194,10376,-9420,7972,36,-17,-133,-15360,3596,2656,-959,155,4,-15024,-2572,4700,-517,24,-101,0
1131.2031049728394,10516,5196,10416,-20,-32,144,10248,-9432,8224,7,-68,-182,-15332,3800,2912,-1056,157,-66,-15204,-2532,4764,-426,-15,-119,0
1131.2366509437559,10984,5252,10436,-142,-35,131,10172,-9664,8412,82,9,-158,-14916,3496,2880,-1063,104,-101,-14936,-2684,4760,-456,14,-135,0
1131.270308971405,10716,5244,10364,-200,-44,104,10460,-9424,8156,99,106,-217,-15040,3644,2764,-981,149,-139,-15132,-2516,4736,-404,155,-119,0
1131.3037600517273,10700,5188,10508,-245,119,144,10208,-9448,8088,64,59,-190,-14940,3596,2876,-954,110,-100,-14900,-2632,5032,-477,284,-124,0
1131.3373630046844,10780,5248,10420,-292,-61,121,10188,-9476,8208,86,97,-212,-14988,3692,2784,-964,169,-53,-15064,-2644,4744,-481,117,-117,0
1131.3707580566406,10804,5112,10504,-287,118,175,10368,-9332,8024,139,59,-182,-15076,3676,2604,-1035,110,-69,-15104,-2808,4940,-470,81,-82,0
1131.4042251110077,10716,5144,10416,-206,10,193,10016,-9412,8324,179,1,-160,-14904,3660,2692,-1075,195,-98,-14992,-2784,4632,-497,25,-103,0
1131.4378309249878,10644,5152,10432,-217,-105,165,10352,-9360,8024,149,55,-191,-15012,3684,2764,-1143,154,-104,-15304,-2624,4784,-497,62,-100,0
1131.4738409519196,10748,5192,10444,-201,-72,165,10300,-9356,8260,169,131,-199,-15084,3672,2908,-1082,101,-77,-15232,-2500,4776,-459,-33,-170,0
1131.5089211463928,10876,5360,10744,-321,-121,131,10444,-9396,8380,226,125,-161,-15120,3640,2744,-1235,74,-75,-15016,-2716,4772,-405,97,-92,0
1131.5445251464844,10984,5368,10476,-316,-43,171,10116,-9308,8328,216,88,-178,-15016,3516,2684,-1161,202,-29,-15220,-2708,4764,-427,133,-117,0
1131.5801720619202,10660,5288,10288,-243,-8,156,10260,-9252,8228,102,116,-192,-15072,3604,2848,-1093,154,-48,-15268,-2516,4792,-446,98,-132,3
1131.6155791282654,10680,4948,10376,-273,-104,135,10012,-9372,8228,144,117,-199,-14856,3628,2632,-1166,90,-34,-15048,-2540,5020,-398,138,-113,3
1131.6517100334167,10724,5108,10472,-508,-59,152,10172,-9264,8244,194,121,-198,-14968,3636,2792,-1153,108,-62,-15004,-2620,4952,-457,130,-130,3
1131.6877019405365,10864,5224,10532,-262,-24,128,10472,-9368,8168,189,124,-189,-15032,3660,2624,-1122,189,-69,-15044,-2624,4820,-400,130,-120,3
1131.7228131294253,10748,5360,10556,-280,-97,125,10200,-9356,8264,144,140,-244,-14984,3684,2700,-1122,119,-88,-14992,-2784,5108,-410,155,-109,3
1131.757754087448,10648,5356,10484,-273,-117,156,9984,-9400,8416,192,162,-216,-15032,3632,2784,-1218,94,-121,-15016,-2480,4876,-459,212,-96,3
1131.7934141159058,10656,5084,10484,-199,-137,181,10000,-9332,8324,164,93,-219,-14972,3656,2804,-1265,80,-102,-15056,-2560,4964,-441,203,-101,3
1131.8294651508331,10496,5088,10532,-198,-186,126,10312,-9240,8280,211,236,-194,-15120,3724,2916,-1212,-32,-121,-15176,-2592,4836,-483,161,-152,3
1131.8644211292267,10792,4868,10468,-296,-138,95,10128,-9224,8480,258,272,-177,-14920,3540,2852,-1174,33,-93,-15272,-2664,5024,-400,175,-103,3
1131.8999531269073,10692,5148,10692,-272,-189,147,10156,-9324,8264,142,203,-212,-15124,3588,2996,-1074,145,-193,-14880,-2728,4888,-438,156,-75,0
1131.934958934784,11000,5180,10504,-227,-268,142,10232,-9332,8536,122,205,-205,-14980,3808,2896,-1030,82,-160,-15108,-2580,4868,-398,226,-96,0
1131.9709489345553,10716,5096,10688,-241,-227,125,10204,-9152,8220,121,226,-221,-14968,3836,2764,-1061,136,-173,-15132,-2792,4608,-324,228,-103,0
1132.006108045578,10832,5024,10444,-286,-328,153,10188,-9176,8308,84,231,-196,-14984,3688,3024,-1111,149,-166,-15128,-2476,4792,-337,271,-100,0
1132.0418739318848,10496,4984,10656,-285,-231,183,10184,-9152,8344,89,174,-215,-15020,3472,2584,-1148,203,-194,-15060,-2332,4936,-310,286,-24,0
1132.0781130790713,10804,4968,10628,-321,-167,223,10236,-9208,8240,93,145,-195,-15332,3572,2636,-1165,152,-203,-14880,-2464,4656,-377,368,-50,0
1132.1136250495913,10728,5044,10712,-330,-183,221,10312,-9308,8652,158,157,-208,-14864,3452,2828,-1178,88,-228,-14864,-2476,4868,-371,404,-90,0
1132.1492791175842,10908,5108,10336,-257,-138,196,10132,-9084,8228,66,112,-211,-15032,3464,2860,-1109,80,-142,-15100,-2608,4636,-406,454,-101,0
1132.1828219890594,10868,4996,10688,-223,-59,165,10264,-9468,8424,61,153,-228,-15092,3364,2940,-1122,44,-142,-15116,-2424,4796,-432,374,-90,0
1132.21621799469,10532,4984,10572,-274,-67,155,10172,-9140,8196,112,118,-190,-15044,3520,2844,-1184,66,-163,-15032,-2540,4852,-395,374,-82,0
1132.2499959468842,10812,5096,10604,-177,-34,168,10332,-9156,8692,70,91,-235,-14864,3460,2764,-1068,74,-168,-15168,-2576,4624,-394,398,-84,0
1132.2835791110992,10824,5040,10320,-281,-121,138,10228,-9160,8468,40,168,-232,-15044,3568,2744,-1051,97,-202,-15148,-2456,4616,-367,459,-96,0
1132.3174560070038,10828,4644,10372,-295,247,182,10232,-9156,8440,92,114,-207,-15076,3824,2800,-1070,48,-219,-14920,-2508,4792,-366,497,-104,0
1132.3508610725403,10812,5112,10368,-275,-60,167,10216,-9176,8472,68,148,-194,-15056,3488,2936,-1109,20,-147,-14900,-2768,4852,-356,446,-106,0
1132.3842639923096,10856,4976,10600,-314,-7,168,10108,-9200,8408,85,183,-206,-15000,3588,2752,-1041,60,-152,-15104,-2456,4796,-343,458,-127,0
1132.4179239273071,10960,4928,10660,-295,-21,166,10220,-9404,8660,32,172,-208,-14936,3580,2860,-1020,36,-141,-15084,-2624,4564,-365,452,-86,0
1132.4515590667725,10952,4944,10252,-244,-39,159,10200,-9132,8212,9,171,-190,-15068,3400,2636,-1025,49,-170,-15220,-2452,4568,-404,428,-146,0
1132.4849541187289,10824,4912,10644,-163,2,144,10312,-9036,8308,40,123,-194,-14852,3576,2960,-1038,47,-182,-15204,-2540,4512,-386,435,-133,0
1132.518347978592,10832,4876,10388,-228,50,132,10356,-9104,8408,28,208,-166,-15020,3476,2964,-1092,8,-146,-15112,-2516,4304,-404,412,-144,0
1132.5518090724943,10816,4892,10496,-207,254,121,10260,-9156,8496,78,198,-153,-14940,3432,3024,-1099,27,-105,-15204,-2500,4468,-389,561,-133,0
1132.5853440761566,10820,4912,10712,-245,56,118,10236,-9088,8384,51,133,-153,-14964,3392,2860,-1101,38,-85,-15224,-2568,4420,-383,532,-117,0
1132.6189379692078,10572,4948,10392,-201,84,144,10204,-9156,8364,69,149,-151,-15052,3404,2904,-1145,23,-82,-15108,-2564,4488,-430,445,-143,0
1132.652151107788,10776,4940,10556,-182,20,123,10348,-9116,8436,46,198,-162,-15052,3492,2956,-1116,19,-126,-15312,-2404,4584,-483,410,-121,0
1132.685693025589,10924,4908,10568,-167,-69,123,9996,-9136,8404,-24,142,-184,-14944,3480,2988,-1062,74,-68,-15156,-2564,4512,-528,179,-105,0
1132.7190139293673,10808,4932,10484,-66,-91,96,10160,-9160,8392,-21,185,-175,-15148,3512,2976,-987,48,-81,-15156,-2564,4520,-435,282,-153,0
1132.7525870800018,10840,4836,10544,-123,-22,72,10272,-9308,8472,-9,161,-130,-14868,3488,2844,-1071,61,-76,-15268,-2484,4504,-519,202,-136,0
1132.7860319614413,10924,4880,10564,-104,255,87,10176,-9084,8268,-22,125,-144,-14944,3484,2816,-1068,98,-80,-14912,-2812,4424,-481,229,-103,0
1132.8199861049652,10704,4940,10740,-112,-44,106,10240,-9156,8400,-82,156,-134,-15048,3540,2820,-769,62,-64,-15128,-2576,4460,-544,114,-107,0
1132.8537769317627,10740,4932,10624,-93,-35,67,10176,-9088,8400,-80,173,-157,-15036,3544,2796,-1026,58,-63,-15240,-2540,4464,-591,164,-166,0
1132.8873150348663,10796,4844,10484,-75,-70,69,10228,-9144,8244,-256,154,-118,-15044,3432,2892,-1076,8,-33,-15220,-2536,4416,-684,140,-158,0
1132.920716047287,10720,4976,10516,-3,14,53,10028,-9108,8640,-118,160,-98,-15036,3376,2864,-1006,79,-24,-15144,-2632,4352,-714,142,-188,0
1132.9544620513916,10792,4948,10724,-113,-27,10,10192,-9084,8348,-86,210,-165,-15052,3548,2872,-872,49,-63,-15192,-2388,4400,-738,84,-223,0
1132.9880599975586,10868,4904,10576,-81,-44,-20,10216,-9188,8312,-85,199,-154,-14944,3352,3048,-905,67,-64,-15224,-2528,4184,-760,-21,-180,0
1133.021644115448,10980,4996,10980,4,-80,46,10212,-9176,8412,-36,154,-125,-15000,3508,2804,-941,74,-30,-15216,-2560,4508,-726,-85,-201,0
1133.055048942566,11516,5292,10428,-208,-10,23,10096,-9168,8228,-48,172,-127,-15036,3572,2980,-887,103,251,-15244,-2320,4524,-770,-22,-192,0
1133.0885541439056,10520,5024,10520,-84,-106,36,10204,-9168,8360,-66,186,-123,-15040,3472,2884,-916,107,-37,-15168,-2572,4464,-723,-245,-154,0
1133.1219980716703,10720,4896,10532,-95,-99,75,10136,-9160,8476,-37,151,-130,-15016,3420,2828,-917,72,-120,-14892,-2572,4484,-682,165,-155,0
1133.1581821441653,10680,4920,10504,-78,-81,82,10108,-9116,8496,-252,153,-149,-14968,3504,3000,-965,46,-106,-15136,-2656,4340,-705,246,-140,0
1133.193428993225,10668,4996,10696,-132,-44,82,10136,-9116,8648,45,147,-148,-14936,3468,2884,-915,1,-107,-15116,-2572,4388,-672,484,-130,0
1133.2295360565186,10496,4948,10712,-152,-67,61,10176,-9148,8444,-10,233,-156,-14944,3548,2916,-982,-43,-136,-15120,-2552,4472,-543,395,-81,0
1133.2649240493774,10900,4964,10628,-99,-157,79,10124,-9132,8496,20,177,-130,-14960,3516,2808,-1055,-34,-137,-15028,-2816,4484,-521,88,-103,0
1133.3004260063171,10628,4992,10636,-92,-209,101,10176,-9072,8528,-10,135,-129,-15024,3460,2864,-1098,18,-119,-15084,-2692,4372,-696,-222,-141,0
1133.3353900909424,10656,5060,10972,-40,-133,133,10188,-9196,8364,39,132,-141,-15052,3500,3036,-1159,69,-90,-15176,-2616,4528,-928,-31,-202,0
1133.3708000183105,10804,5028,10480,44,-22,108,10156,-9188,8360,66,119,-91,-15040,3492,2988,-1206,32,-52,-15168,-2612,4096,-756,302,-196,0
1133.4071130752563,10792,5008,10436,10,75,113,10212,-9064,8588,30,40,-126,-15072,3448,2976,-1196,98,-34,-15204,-2668,4200,-720,200,-184,0
1133.4421870708466,10812,5028,10320,19,20,114,10184,-9120,8412,28,84,-134,-14968,3460,2988,-1162,146,-109,-15112,-2680,4452,-671,154,-137,0
1133.4775700569153,10708,5008,10536,-81,-8,117,10140,-9180,8484,-22,71,-155,-14636,3496,2972,-1194,160,-72,-15216,-2648,4260,-554,169,-145,0
1133.5134811401367,10784,4960,10512,-32,64,105,10196,-9132,8664,-37,120,-156,-14976,3524,3032,-1118,136,-75,-15308,-2664,4580,-572,125,-153,0
1133.5487990379333,10872,4980,10588,-83,103,85,10064,-9224,8532,39,130,-145,-15040,3464,3268,-1119,122,-51,-15160,-2680,4476,-547,171,-137,0
1133.5843760967255,10684,5056,10436,-93,106,83,10124,-9144,8336,33,116,-122,-15016,3384,3060,-1024,141,-34,-15132,-2656,4260,-516,220,-99,0
1133.6202099323273,10704,5064,10524,-124,68,61,10124,-9168,8308,-51,163,-162,-14980,3496,2744,-983,211,-101,-15180,-2620,4552,-505,166,-99,0
1133.6555709838867,10904,4972,10488,-152,84,80,10068,-9336,8572,19,117,-161,-14936,3344,2920,-935,242,-48,-15092,-2672,4416,-561,199,-93,0
1133.6912739276886,10648,5084,10496,-85,7,109,10104,-9128,8540,-5,84,-142,-14956,3488,2912,-959,212,-83,-15056,-2816,4420,-531,206,-130,0
1133.7276470661163,10592,5032,10600,-89,34,102,10160,-9128,8568,-29,116,-186,-15008,3400,2640,-950,191,-60,-15116,-2588,4476,-546,122,-113,0
1133.762990951538,10632,4996,10672,-139,-16,112,10176,-9216,8552,-72,158,-168,-14964,3476,3028,-914,172,-28,-15204,-2648,4544,-549,186,-123,0
1133.800213098526,10628,5012,10612,-136,-37,108,10212,-8972,8552,10,147,-156,-14900,3336,2864,-897,192,-113,-15176,-2620,4472,-530,207,-106,0
1133.8337581157684,10664,5096,10680,-211,-43,136,10164,-9212,8400,22,142,-178,-14924,3448,3016,-877,268,-192,-15228,-2648,4380,-582,204,-62,0
1133.8673150539398,10544,5016,10768,-186,-206,175,10096,-9328,8468,11,104,-236,-15036,3528,3072,-882,311,-178,-15292,-2692,4400,-588,255,-65,0
1133.9007999897003,10692,5136,10664,-185,-177,161,10168,-9192,8532,-15,100,-240,-15020,3464,3036,-842,326,-173,-15208,-2668,4600,-596,219,-102,0
1133.9349150657654,10612,4988,10592,-149,-184,164,10100,-9216,8452,-12,98,-242,-15092,3464,2752,-886,273,-119,-15236,-2700,4456,-568,202,-133,0
1133.9684391021729,10660,4980,10660,-192,-202,160,9984,-9096,8396,-24,116,-214,-14936,3468,2880,-889,231,-130,-15204,-2656,4356,-583,228,-82,0
1134.00200009346,10600,5052,10688,-193,-173,143,10108,-9072,8496,-42,153,-231,-14872,3520,3052,-878,275,-165,-15324,-2736,4300,-575,261,-102,0
1134.0355031490326,10652,5020,10516,-193,-242,145,10192,-9124,8520,16,119,-262,-15092,3484,2836,-874,266,-211,-15240,-2672,4180,-558,257,-75,0
1134.0689830780027,10612,4992,10548,-199,-240,178,10216,-9052,8420,31,82,-1,-15024,3556,2932,-901,269,-189,-15160,-2704,4240,-611,256,-87,0
1134.1026830673218,10744,5060,10500,-170,-253,139,10216,-9144,8432,29,58,-282,-15048,3436,2648,-968,340,-151,-15264,-2608,4404,-578,223,-75,3
1134.1360061168673,10660,5124,10584,-210,-217,177,10212,-9192,8460,31,91,-508,-15052,3428,2712,-912,280,-149,-15148,-2668,4136,-587,234,-95,3
1134.1697249412537,10800,4948,10488,-236,-220,134,10260,-9156,8372,32,126,-238,-15128,3456,2712,-881,240,-177,-15340,-2604,4536,-600,268,-98,3
1134.2031841278076,10816,5108,10520,-194,-228,140,10252,-9056,8380,16,105,-242,-15040,3348,2612,-873,199,-194,-15192,-2652,3860,-632,218,-144,3
1134.2367861270905,10768,5000,10648,-167,-198,152,10224,-9096,8436,-18,153,-189,-14852,3528,2724,-918,165,-122,-15260,-2792,4300,-636,207,-134,3
1134.2704710960388,10832,4972,10464,-196,-200,142,10420,-9092,8352,-15,131,-195,-15140,3368,2744,-1051,135,-117,-15176,-2612,4304,-591,151,-101,3
1134.3039519786835,10788,5080,10544,-193,-121,144,10180,-9104,8568,-14,117,-175,-14976,3332,2788,-1024,173,-70,-15188,-2676,4340,-557,183,-127,3
1134.34215593338,10512,4952,10584,-143,-140,153,10252,-9176,8516,-39,118,-210,-14868,3420,2576,-993,134,-125,-15196,-2624,4252,-565,234,-129,3
1134.3758821487427,10644,4680,10448,-159,-81,101,10232,-9116,8288,5,155,-180,-14980,3556,2640,-978,19,-98,-15228,-2732,4196,-613,240,-161,3
1134.4092440605164,10880,5052,10452,-131,-54,101,10004,-9076,8232,2,191,-153,-15048,3504,2684,-989,-29,-47,-15244,-2732,4380,-597,204,-190,3
1134.442831993103,10876,5080,10540,-177,24,85,10116,-9160,8644,-8,206,-134,-15108,3384,2696,-996,5,-26,-15220,-2736,4324,-581,182,-186,3
1134.476495027542,10512,4960,10580,-139,-20,99,10256,-9204,8516,-54,192,-139,-14984,3464,2812,-985,19,-63,-15172,-2700,4272,-621,290,-160,0
1134.5100350379944,10780,5088,10704,-104,-26,95,10180,-9128,8560,-27,147,-180,-15004,3440,2816,-992,78,-114,-15140,-2688,4164,-626,287,-143,0
1134.5435950756073,10540,4996,10432,-127,-54,126,10432,-9060,8452,-47,113,-166,-14996,3476,3004,-1061,69,-107,-15232,-2636,4516,-623,214,-169,0
1134.577111005783,10716,4972,10648,-108,19,115,10144,-9108,8644,-69,167,-118,-15084,3456,2680,-1046,95,-57,-15228,-2684,4192,-635,196,-162,0
1134.6104700565338,10720,5024,10584,-145,-23,130,10144,-9068,8592,10,139,-126,-15052,3484,2864,-1024,107,-49,-15100,-2772,4392,-643,226,-152,0
1134.6437079906464,10740,5036,10532,-120,8,94,10144,-9200,8520,-16,164,-154,-14872,3384,2792,-1028,68,-36,-15252,-2812,4244,-647,200,-216,0
1134.677437067032,10688,5048,10644,-112,-21,108,10088,-9180,8488,-254,162,-148,-15052,3388,2648,-1001,63,-65,-15224,-2568,4248,-658,163,-159,0
1134.7110469341278,10712,5024,10592,-111,30,125,10056,-9116,8332,-34,132,-140,-14972,3480,2720,-1005,116,-92,-15280,-2704,4116,-629,189,-121,0
1134.7447350025177,10740,4980,10628,-115,-27,103,10136,-9136,8476,-35,124,-161,-14984,3412,2712,-988,127,-103,-15316,-2780,4108,-624,179,-173,0
1134.7784321308136,10672,4980,10572,-142,-46,84,10220,-9124,8484,-30,133,-183,-15044,3452,2784,-970,129,-33,-15280,-2736,4304,-617,138,-169,0
1134.8117470741272,10780,4944,10696,-134,-11,120,10320,-9060,8608,-6,127,-150,-15072,3404,2808,-1020,85,-29,-15220,-2664,4160,-629,140,-168,0
1134.8488450050354,10532,4904,10384,-92,36,85,10108,-8988,8500,-21,128,-166,-15012,3452,2668,-1013,112,-86,-15124,-3024,4156,-597,134,-134,0
1134.8842511177063,10668,5116,10636,-124,-21,82,10300,-9080,8324,-32,116,-192,-15048,3516,2728,-1030,128,-53,-15204,-2700,4236,-567,104,-133,0
1134.9202060699463,10720,4984,10556,-93,11,88,10164,-9176,8468,-51,156,-146,-14996,3556,2704,-988,124,-57,-15108,-2660,4244,-655,34,-189,0
1134.9555530548096,10700,4984,10808,-119,-9,82,10156,-9116,8324,-2,131,-173,-14988,3460,2864,-1036,82,-64,-15228,-2796,4172,-654,89,-176,0
1134.991322040558,10604,4888,10748,-72,49,105,10180,-9148,8488,-67,110,-134,-15128,3428,2684,-1042,76,-7,-15168,-2868,4192,-629,54,-179,0
1135.027204990387,10728,5000,10716,-77,10,78,10456,-9176,8556,-66,143,-173,-14996,3544,2808,-1022,80,-49,-15288,-2700,4284,-583,92,-189,0
1135.062283039093,10648,4984,10696,-134,253,57,10208,-9180,8412,-80,141,-136,-14992,3564,2724,-1129,28,-63,-15192,-2720,4188,-587,73,-183,0
1135.0981040000916,10660,5108,10416,-78,-20,112,10096,-9068,8684,-16,149,-138,-14980,3532,2616,-1036,72,-40,-15264,-2836,4304,-635,83,-130,0
1135.1331279277802,10704,4952,10532,-59,47,119,10184,-9096,8392,-74,76,-155,-15148,3516,3052,-1102,68,-51,-15204,-3056,4316,-582,44,-155,0
1135.169625043869,10656,4932,10612,-83,-6,82,10132,-9140,8516,-30,201,-126,-14988,3520,2700,-772,26,-64,-15220,-2748,4172,-605,99,-163,0
1135.2052540779114,10640,5028,10624,-93,-49,101,10176,-9176,8484,-22,110,-155,-14972,3408,2724,-1091,35,-72,-15168,-2740,4116,-565,80,-175,0
1135.240982055664,10660,5044,10552,-82,-40,84,10096,-9188,8520,-34,166,-170,-15008,3780,2820,-1049,32,-129,-15264,-3036,4116,-612,132,-201,0
1135.2761499881744,10608,5000,10620,-84,-67,101,10120,-9160,8364,-41,119,-157,-15000,3568,3032,-1039,89,-95,-15112,-2820,4184,-558,68,-125,0
1135.3125679492953,10600,5052,10720,-106,-41,69,10140,-9192,8544,-68,141,-195,-15016,3572,2916,-1053,89,-83,-15220,-2944,4144,-571,153,-194,0
1135.3480620384216,10988,5008,10568,-94,-71,102,10220,-9152,8220,-56,146,-132,-15272,3516,2776,-1053,77,-78,-15216,-2800,4288,-569,65,-143,0
1135.3836181163788,10604,5000,10336,-68,-87,109,10144,-9056,8456,-79,67,-169,-15024,3532,2736,-992,159,-56,-15176,-2804,4308,-637,157,-95,0
1135.4194719791412,10708,5144,10512,-143,-155,123,10156,-9104,8464,-110,145,-217,-15060,3564,2780,-973,107,-113,-15176,-2628,4400,-511,33,-151,0
1135.455101966858,10708,5044,10712,-76,-100,76,10172,-9228,8508,-36,169,-178,-15000,3500,2864,-945,96,-130,-15256,-2780,4212,-547,132,-151,0
1135.4911861419678,10768,5088,10500,-137,-79,95,10172,-9164,8388,-64,130,-204,-14876,3508,2752,-1057,124,-110,-15188,-2756,4348,-514,96,-95,0
1135.5247430801392,10664,4948,10584,-106,-31,119,10056,-9128,8504,-46,123,-164,-15012,3500,2852,-972,139,-91,-15116,-2644,4188,-507,96,-102,0
1135.5583980083466,10756,5240,10796,-70,-140,89,10128,-9188,8476,-81,132,-178,-15076,3364,2920,-1025,173,-107,-15192,-2876,4352,-523,105,-111,0
1135.5914919376373,10676,5128,10508,-145,-115,104,10188,-9324,8536,-9,183,-173,-15116,3560,2832,-924,136,-96,-15212,-2976,4204,-549,78,-130,0
1135.625004053116,10656,5144,10636,-95,-92,131,10124,-9152,8484,-29,78,-169,-14864,3440,3056,-969,223,-86,-15164,-2924,4204,-500,41,-107,0
1135.6583061218262,10688,5136,10392,-139,-60,111,10148,-8976,8628,-86,116,-166,-15104,3556,3044,-1005,123,-27,-15124,-2904,4276,-515,17,-152,0
1135.6917450428007,10496,5016,10508,-84,-48,86,10096,-9260,8472,-2,155,-146,-14976,3416,2808,-989,55,-53,-15212,-2788,4160,-514,64,-122,0
1135.7252740859983,10964,4888,10560,-169,-89,88,10172,-9228,8440,-98,127,-151,-15000,3524,2644,-1038,97,-40,-15220,-2744,4272,-467,24,-102,0
1135.7587490081787,10668,5052,10300,-114,-77,118,10160,-9108,8460,-28,160,-164,-14996,3472,2636,-1006,51,-57,-15180,-2848,4108,-513,136,-90,0
1135.7922339439392,10672,5156,10524,-91,-89,111,10088,-9088,8384,-17,88,-186,-14920,3452,2692,-1076,125,-121,-15148,-2856,4300,-478,79,-112,0
1135.8256931304932,10532,5008,10284,-106,-120,65,10288,-9096,8464,-21,120,-289,-15004,3336,2672,-1043,97,-136,-15140,-2804,4288,-436,133,-24,0
1135.8590891361237,10548,4940,10520,-89,-215,127,10228,-9240,8392,254,-38,-258,-15080,3756,2588,-1072,5,-100,-15264,-2792,4300,-431,187,-34,0
1135.892235994339,10620,5048,10632,-191,-169,167,10188,-9076,8456,-36,221,-127,-15204,3576,3180,-1129,-88,-26,-15192,-3276,4440,-398,-48,-235,0
1135.9259400367737,10652,5188,10516,-134,36,-32,10064,-9272,8652,55,359,-108,-15104,3420,2916,-776,-218,-103,-15104,-3000,4316,-403,-59,-258,0
1135.959468126297,10616,5276,10656,-54,-31,-31,9992,-9176,8324,-82,169,-249,-14732,3332,2472,-1005,187,-146,-15244,-2692,4236,-415,76,-6,0
1135.9928529262545,10732,5044,10724,-142,-195,159,10164,-9212,8344,-65,16,-230,-14988,3384,2672,-903,280,-65,-15236,-2740,4292,-486,186,254,0
1136.026407957077,10940,5060,10264,-157,-172,193,10136,-9108,8368,28,157,-125,-15180,3380,2920,-769,108,-75,-15128,-2952,4508,-326,100,-70,0
1136.0598890781405,10604,5160,10568,-267,-153,95,10076,-9024,8452,41,154,-257,-15088,3576,2900,-1003,173,-153,-15140,-2592,4372,-357,96,-60,0
1136.0932679176333,10720,5104,10536,-207,-218,127,10008,-9272,8468,-65,106,-215,-14880,3640,2712,-899,269,-122,-15344,-2564,4444,-472,67,4,0
1136.1269340515137,10524,5100,10364,-158,-206,163,10292,-9144,8392,-88,113,-210,-15172,3408,3004,-878,235,-115,-15204,-2924,4364,-334,74,-54,0
1136.1600301265717,10656,5088,10636,-219,-193,69,10216,-9164,8412,-65,0,-262,-15320,3412,2716,-846,210,-98,-15144,-2676,4460,-212,32,-24,0
1136.2107379436493,10896,5056,10356,-269,-258,118,10080,-9172,8224,-48,94,-232,-14932,3612,2676,-871,279,-68,-15184,-2568,4416,-272,15,32,0
1136.2545261383057,10696,5016,10636,-254,-3,159,10192,-9420,8472,18,106,-224,-15100,3568,2812,-931,228,-94,-15284,-2708,4456,-349,56,-40,0
1136.2879991531372,10716,5084,10480,-206,-248,153,10164,-9200,8432,52,155,-202,-15008,3356,2584,-961,141,-173,-15128,-2852,4596,-382,125,-93,0
1136.3212730884552,10596,5060,10436,-254,-509,127,10176,-9156,8408,-44,175,-267,-15016,3556,2712,-962,135,-184,-15204,-2708,4488,-385,117,-111,0
1136.3548440933228,10648,5036,10564,-212,-286,109,10160,-9088,8680,43,163,-250,-15020,3548,2788,-968,99,-167,-15124,-2832,4404,-483,161,-68,0
1136.38818192482,10804,5120,10348,-183,-292,170,10172,-9076,8436,-13,106,-264,-15048,3388,2840,-946,191,-171,-15092,-2848,4308,-396,138,-39,0
1136.4218499660492,10872,4984,10540,-235,-281,149,10248,-9124,8424,249,102,-290,-15104,3472,2676,-906,234,-170,-15236,-2692,4564,-438,160,-40,0
1136.4554691314695,10892,5036,10444,-200,-226,184,10228,-9096,8320,-9,73,-229,-15180,3556,2644,-964,210,-94,-15304,-2716,4604,-470,77,-27,0
1136.4891331195831,10824,5004,10636,-267,-205,171,9984,-9384,8388,13,99,-193,-15160,3472,2716,-1274,144,-122,-15152,-2608,4400,-474,127,-66,0
1136.525510072708,10708,5008,10508,-155,-138,140,10152,-9124,8596,-45,114,-187,-15016,3396,2744,-1008,179,-72,-15228,-2912,4520,-420,34,-81,0
1136.5608959197998,10700,5092,10608,-170,-147,73,10072,-9152,8356,-38,160,-252,-15048,3452,2956,-951,151,-171,-15192,-2660,4464,-461,159,-97,0
1136.5960550308228,10888,4984,10300,-153,-132,95,10244,-9044,8588,-17,183,-172,-15096,3484,2660,-1037,4,-70,-14932,-2632,4372,-492,125,-149,0
1136.63218998909,10996,5008,10360,-127,-70,70,10172,-9024,8460,-47,148,-128,-15036,3568,2772,-1019,-7,-32,-15092,-2700,4464,-460,48,-100,0
1136.6697211265564,10908,5004,10468,-86,-41,107,10356,-9096,8356,-71,122,-151,-14936,3432,2652,-1019,80,-16,-15136,-2648,4432,-443,68,-86,0
1136.7044899463654,10900,4948,10424,-140,-34,115,10240,-9136,8496,-24,148,-144,-14968,3528,2632,-1046,131,-86,-15124,-2716,4336,-420,124,-95,0
1136.7407009601593,10688,5044,10628,-191,-76,150,10156,-9144,8520,-13,111,-178,-15048,3488,2800,-1072,113,-100,-15172,-3020,4424,-435,208,-69,0
1136.7761030197144,10524,4988,10656,-129,-99,118,10200,-9180,8380,-42,120,-195,-15112,3520,2668,-1013,123,-81,-15336,-2856,4560,-459,163,-91,0
1136.8119299411774,10796,5096,10544,-129,-103,114,10256,-9116,8552,-34,171,-179,-15080,3656,2768,-935,78,-103,-15240,-2996,4460,-519,63,-129,0
1136.84800696373,10788,5020,10436,-145,-38,65,10164,-9040,8636,6,202,-140,-15048,3608,2624,-998,78,-30,-15184,-2636,4544,-496,73,-122,0
1136.8833770751953,10508,5352,10524,-150,-13,76,10136,-9068,8592,-28,161,-134,-14980,3528,2740,-989,144,-75,-15096,-2776,4528,-473,64,-96,0
1136.9189059734344,10804,5092,10600,-154,-67,116,10120,-9152,8440,-59,118,-155,-15052,3556,2564,-929,157,-74,-14864,-2756,4544,-470,118,-60,0
1136.9545030593872,10768,5004,10280,-168,-135,177,10104,-9104,8500,-84,108,-205,-14988,3756,2676,-991,181,-103,-15216,-2740,4416,-406,182,-70,0
1136.9897899627686,10844,4884,10436,-175,-162,163,10224,-9140,8380,-54,113,-205,-15028,3504,2760,-967,177,-104,-15304,-2784,4664,-470,156,-80,0
1137.0248730182648,10848,4984,10688,-152,-120,119,10468,-9144,8656,-20,119,-221,-15312,3476,2756,-976,167,-146,-15352,-2652,4396,-483,141,-113,0
1137.0597310066223,10824,5004,10288,-144,-98,79,10216,-9132,8504,-14,175,-209,-14984,3512,2776,-950,107,-88,-15236,-2712,4392,-469,102,-170,0
1137.095428943634,10820,4960,10320,-199,-77,60,10132,-9072,8624,-62,224,-192,-15128,3552,2692,-934,150,-113,-15248,-2684,4440,-475,118,-108,0
1137.130375146866,10836,5096,10704,-142,-94,67,10192,-9048,8480,-90,148,-199,-15088,3416,2572,-946,183,-96,-15156,-2832,4448,-412,111,-115,0
1137.1674110889435,10864,4988,10340,-146,-135,61,10092,-9108,8328,-133,169,-223,-15060,3520,2652,-988,130,-103,-15156,-2772,4420,-433,89,-82,0
1137.2009069919586,10716,5128,10448,-130,-105,91,10168,-8992,8400,-97,103,-183,-14956,3376,2728,-1006,115,-59,-15268,-2756,4496,-328,28,-63,0
1137.2344200611115,10832,5064,10488,-117,-87,104,10236,-9116,8368,-154,122,-189,-15180,3532,2676,-870,168,-47,-15144,-2788,4448,-362,36,-81,0
1137.26806306839,10852,4984,10400,-183,-82,80,10200,-9100,8696,-93,105,-207,-15028,3464,2848,-855,114,-75,-15324,-2640,4476,-348,120,-68,0
1137.3016741275787,10792,5052,10544,-124,-75,79,10172,-9132,8200,-78,99,-204,-15356,3512,2684,-940,43,-41,-15300,-2744,4592,-374,148,-99,0
1137.3349390029907,10860,5328,10532,-116,-74,71,10232,-9128,8500,-93,175,-214,-15112,3532,2752,-855,103,-95,-15308,-2676,4364,-412,36,-124,0
1137.3684890270233,10860,5084,10540,-115,-57,40,10188,-9044,8356,-124,175,-189,-15040,3540,2804,-861,144,-68,-15188,-2632,4548,-366,61,-130,0
1137.4020130634308,10868,4996,10404,-133,-82,96,10224,-9116,8360,-143,117,-173,-15144,3524,2576,-824,120,-68,-15352,-2672,4460,-390,116,-92,0
1137.435518026352,10924,5040,10280,-162,-122,115,10112,-9144,8424,-82,107,-176,-14972,3344,2604,-859,168,-32,-15148,-2720,4400,-424,120,-88,0
1137.4692239761353,10552,5036,10652,-65,-60,88,10132,-9144,8416,-141,142,-179,-15328,3468,2656,-893,131,-61,-15152,-2668,4568,-398,147,-112,0
1137.502809047699,10932,4876,10496,-102,-127,75,10120,-9216,8512,-115,211,-191,-15036,3344,2676,-864,45,-85,-15168,-2736,4608,-409,177,-136,0
1137.5360040664673,10992,4872,10440,-87,-34,44,10148,-9392,8688,-145,206,-188,-15056,3540,2688,-876,64,-66,-15172,-2660,4644,-386,146,-168,0
1137.569776058197,10592,5112,10484,-67,-55,56,9860,-9116,8368,-119,181,-168,-15072,3580,2712,-946,51,-59,-15160,-2760,4616,-329,227,-123,0
1137.6032810211182,10776,5152,10592,-75,-40,103,10188,-9104,8392,-125,131,-141,-15096,3640,2712,-936,122,-6,-15144,-2684,4664,-420,102,-143,0
1137.6367001533508,10796,4884,10584,-68,-11,76,10456,-9176,8364,-130,177,-154,-14996,3624,2628,-946,89,-70,-15152,-2772,4424,-320,274,-114,0
1137.6703429222107,10736,5040,10632,-95,-31,82,10424,-9016,8688,-126,206,-164,-15000,3788,2572,-981,102,-113,-15080,-2572,4712,-237,232,-64,0
1137.7038440704346,10676,4992,10424,-27,-55,124,10092,-9236,8288,-42,130,-139,-15088,3572,2588,-1162,251,-87,-15184,-2816,4808,-56,140,-23,0
1137.7374000549316,10820,5108,10416,-39,-36,147,10156,-9172,8536,12,101,-146,-14876,3480,2664,-1145,272,-66,-15140,-2648,4604,-3,351,7,0
1137.7707569599152,10848,5180,10548,-13,-68,73,10200,-9268,8452,-62,102,-181,-15228,3400,2704,-1209,126,-79,-15264,-2656,4604,4,485,-34,0
1137.804311990738,10852,5076,10564,-58,-83,53,10172,-9000,8304,-51,175,-199,-15004,3760,2564,-1253,78,-80,-15076,-2640,4392,-115,117,-22,0
1137.8379800319672,10740,5192,10592,-14,15,52,10120,-9472,8300,-92,215,-154,-15344,3732,2512,-1530,177,-112,-15144,-2532,4716,-261,-137,-65,0
1137.8715701103213,10836,5068,10500,-17,-103,66,10088,-9256,8360,-74,205,-166,-15036,3592,2516,-1242,248,-107,-15100,-2552,4784,-371,-217,-71,0
1137.9049220085144,10788,5172,10532,67,-27,80,10420,-9300,8660,-42,205,-137,-15088,3516,2796,-1077,126,-49,-15168,-2684,4452,-372,-96,-97,0
1137.9385559558868,10780,5364,10500,8,-118,54,10224,-9000,8216,-24,140,-196,-14904,3516,2688,-1030,63,-59,-15020,-2560,4692,-285,-13,-112,0
1137.9720561504364,11004,5104,10312,-3,-109,71,10116,-9200,8584,43,111,-185,-15108,3532,2812,-1005,-44,-82,-15160,-2536,4740,-375,19,-135,0
1138.0056970119476,10792,4928,10456,87,-36,64,10236,-9128,8324,-11,141,-159,-15096,3484,2680,-1014,-27,-30,-15036,-2592,4672,-418,-72,-162,0
1138.0392451286316,10672,4880,10460,43,-252,73,10116,-9236,8428,-44,141,-152,-14988,3500,2676,-915,40,-114,-14864,-2604,4624,-409,35,-163,0
1138.0729110240936,10728,4912,10416,-17,-78,120,10024,-9436,8464,-13,178,-180,-14996,3624,2652,-888,72,-97,-14916,-2772,4420,-483,138,-128,0
1138.1065890789032,10768,5176,10456,-56,-55,119,10192,-9444,8424,30,118,-190,-15108,3544,2648,-832,78,-78,-15084,-2320,4392,-524,122,-132,0
1138.1395869255066,10784,5292,10440,-32,-80,107,10088,-9160,8480,34,70,-195,-15356,3492,2736,-814,111,-86,-15124,-2612,4600,-606,108,-146,0
1138.1728870868683,10912,5276,10380,-43,-254,104,10092,-9080,8384,-7,59,-163,-15076,3540,2308,-774,168,-100,-15220,-2580,4692,-638,-12,-141,0
1138.2099261283875,10700,5244,10468,-5,-256,96,10104,-9236,8456,17,61,-143,-15112,3572,2780,-799,222,-93,-15148,-2544,4588,-626,25,-141,0
1138.2454829216003,10748,5224,10312,-86,61,107,10132,-9196,8352,-77,65,-181,-15060,3548,2628,-614,191,-58,-15136,-2596,4724,-639,-47,-136,0
1138.28089594841,10768,5296,10544,-31,-39,124,10200,-9260,8648,-86,91,-175,-15032,3612,2656,-735,185,-109,-15048,-2692,4708,-523,48,-130,0
1138.3161699771879,10748,5240,10444,-99,-94,129,10160,-9144,8464,-117,176,-206,-15152,3480,2744,-939,50,-79,-15160,-2540,4468,-481,74,-117,0
1138.3525750637054,10840,5152,10420,-188,-130,157,10148,-9120,8436,-90,149,-209,-15036,3524,2724,-983,-16,-77,-15112,-2660,4668,-459,119,-134,0
1138.3881571292875,10748,5176,10248,-187,-153,149,10484,-9116,8224,-1,98,-192,-15096,3352,2788,-982,28,-100,-15164,-2624,4764,-477,55,-95,0
1138.4238350391388,10816,5176,10420,-128,-54,115,10092,-9212,8452,49,71,-195,-15024,3580,2776,-970,105,-63,-15268,-2648,4576,-496,68,-112,0
1138.459284067154,10752,5192,10472,-144,-59,102,10188,-9188,8340,-13,121,-165,-15060,3580,2432,-869,131,-132,-15156,-2664,4448,-522,79,-98,0
1138.4948329925535,10668,5204,10452,-185,-115,110,10120,-9160,8376,-255,138,-198,-15100,3376,2332,-732,192,-144,-15252,-2572,4600,-536,68,-102,0
1138.530343055725,10696,5272,10536,-114,-96,132,10140,-9268,8336,-71,116,-174,-14888,3656,2596,-691,201,-146,-15100,-2576,4708,-593,69,-126,0
1138.5656850337982,10532,5176,10444,-225,-126,143,10112,-9268,8328,-32,121,-159,-15072,3596,2592,-728,119,-173,-15032,-2692,4696,-596,71,-121,0
1138.6018221378329,10700,5300,10516,-100,-100,120,10216,-9204,8460,-99,127,-172,-15084,3524,2700,-743,132,-106,-15064,-2608,4640,-554,101,-81,0
1138.6381189823153,10508,5172,10636,-209,-182,127,10160,-9024,8676,-72,126,-196,-15016,3648,2680,-718,148,-102,-15100,-2528,4608,-586,157,-95,0
1138.673898935318,10772,5152,10484,-171,-139,145,10032,-9248,8280,-56,130,-197,-15072,3640,2404,-808,145,-139,-14856,-2792,4816,-598,140,-73,0
1138.7098281383514,10512,5140,10428,-184,-158,164,10164,-9212,8388,52,130,-184,-15024,3516,2560,-799,121,-138,-15124,-2668,4696,-597,165,-85,0
1138.7449469566343,10804,5156,10464,-270,-195,168,9984,-9420,8304,4,150,-219,-15340,3828,2500,-754,117,-149,-15352,-2648,4500,-603,165,-88,0
1138.7812740802765,10812,5228,10524,-225,-205,146,10172,-9176,8460,-8,123,-192,-15112,3632,2516,-734,170,-157,-15040,-2576,4764,-630,163,-114,0
1138.81715798378,10752,5220,10372,-287,-228,172,10124,-9148,8300,-32,143,-223,-15076,3632,2480,-731,135,-186,-15292,-2700,4684,-632,161,-105,0
1138.853448152542,10916,5220,10448,-126,-177,139,10060,-9068,8372,-12,159,-196,-15056,3548,2572,-795,161,-158,-15104,-2456,4596,-662,168,-96,0
1138.8869941234589,10780,5196,10296,-230,-180,139,10312,-9288,8396,2,85,-225,-15052,3376,2408,-818,214,-164,-15120,-2584,4780,-636,191,-89,0
1138.9206321239471,10808,5180,10668,-117,-171,145,10076,-9236,8424,-251,137,-219,-15340,3560,2508,-786,205,-142,-15048,-2596,4748,-638,180,-110,0
1138.9541881084442,10804,5356,10432,-196,-177,156,9984,-9168,8400,254,109,-200,-15064,3736,2432,-795,216,-131,-15196,-2716,4680,-630,144,-110,0
1138.9877870082855,10760,5152,10292,-128,-192,171,10124,-9104,8220,-60,102,-193,-15048,3508,2460,-829,227,-169,-15032,-2580,4708,-600,172,-90,0
1139.0212640762327,10832,4984,10504,-146,-151,144,10160,-9160,8452,-65,68,-218,-15036,3616,2584,-805,181,-167,-15120,-2792,4664,-639,142,-109,0
1139.0548241138458,10816,5124,10280,-80,-169,107,10188,-9252,8448,-73,130,-195,-15144,3580,2520,-875,105,-144,-15240,-2376,4744,-612,138,-117,0
1139.0884420871735,10952,5040,10324,-107,-106,105,10284,-9132,8400,-60,115,-155,-15060,3756,2508,-875,127,-113,-15132,-2592,4640,-616,81,-175,0
1139.1219460964203,10928,5184,10304,-67,-25,104,10472,-9060,8348,-15,172,-147,-15164,3464,2448,-948,-47,-61,-15148,-2536,4788,-546,97,-142,0
1139.1550121307373,10852,5176,10432,-112,-46,106,10232,-9064,8344,-39,108,-165,-15092,3568,2432,-984,71,-67,-14896,-2600,4844,-526,153,-134,0
1139.1886179447174,10848,5212,10344,-37,14,110,10248,-9192,8688,-62,108,-159,-14876,3812,2388,-1021,35,-93,-15204,-2572,4660,-584,58,-124,0
1139.222020149231,10860,5176,10324,-36,25,99,10320,-9204,8436,-84,112,-123,-15048,3328,2792,-1026,41,-41,-14920,-2732,4664,-588,57,-181,0
1139.2555339336395,10892,5144,10480,-122,-29,89,10148,-9280,8448,-9,127,-131,-15068,3596,2532,-1042,67,-25,-15072,-2688,4780,-576,101,-144,0
1139.2891709804535,10808,5168,10288,10,88,81,9992,-9120,8244,-150,138,-142,-15072,3624,2636,-991,81,-41,-15148,-2728,4772,-580,78,-168,0
1139.322715997696,10796,5300,10500,-88,-30,69,10204,-8984,8320,-70,116,-161,-15024,3584,2580,-1002,52,-53,-15056,-2588,4780,-540,108,-151,0
1139.3587911128998,10540,5236,10380,-95,6,98,10064,-9036,8292,-113,133,-145,-15052,3664,2648,-953,52,-59,-15108,-2720,4736,-572,85,-130,0
1139.3929619789124,10844,5244,10400,-80,33,117,10268,-9248,8196,-90,125,-133,-15032,3592,2528,-977,75,-41,-15072,-2800,4656,-522,75,-144,0
1139.4266600608826,10820,5220,10644,-119,-21,100,10240,-9156,8276,-87,134,-154,-15064,3812,2440,-954,78,-77,-15180,-2656,4876,-505,89,-123,0
1139.4604201316833,10772,5220,10424,-80,-22,117,10268,-9248,8356,-113,115,-147,-15072,3656,2668,-1016,100,-104,-15028,-2636,4924,-495,87,-137,0
1139.4943220615387,10740,5168,10368,-113,-86,101,10292,-9212,8232,-38,138,-172,-14992,3660,2660,-1083,52,-138,-15072,-2640,4744,-263,130,-121,0
1139.52796792984,11000,5372,10352,-119,-58,94,10152,-9228,8288,-34,128,-177,-15132,3508,2636,-1042,23,-101,-15016,-2720,4752,-524,143,-122,0
1139.561618089676,10832,5260,10300,-97,-97,89,10140,-9288,8448,-67,131,-169,-14896,3524,2680,-1080,35,-45,-15036,-2684,4792,-258,112,-132,0
1139.595232963562,10984,5232,10292,-129,-36,102,10064,-9268,8372,-39,108,-164,-15180,3520,2488,-1029,65,-51,-15028,-2640,4844,-761,101,-168,0
1139.6288850307465,10700,5296,10296,-93,-56,103,10036,-9120,8384,-67,127,-175,-15052,3688,2540,-1050,114,-110,-15108,-2680,4860,-514,128,-103,0
1139.6623461246493,10784,5296,10508,-150,-68,116,10128,-9168,8400,-30,75,-171,-15076,3576,2644,-1027,140,-88,-15140,-2772,4748,-259,121,-93,0
1139.6958689689636,10760,5172,10468,-136,-85,118,10136,-9196,8456,-37,122,-202,-14988,3596,2564,-974,146,-72,-15104,-2696,4732,-495,148,-104,0
1139.7294700145721,10792,5176,10360,-141,-80,107,10176,-9284,8324,-82,140,-203,-15092,3636,2672,-947,161,-95,-15064,-2612,4728,-488,144,-107,0
1139.7629561424255,10868,5128,10588,-156,-101,95,10428,-9280,8676,-26,118,-200,-14856,3664,2324,-1022,142,-60,-14924,-2584,4680,-489,116,-147,0
1139.7966089248655,10868,5180,10360,-159,-508,118,10204,-9372,8204,250,116,-221,-15084,3608,2780,-1025,153,-108,-15032,-2728,4788,-531,142,-124,0
1139.830129146576,10812,5240,10324,-180,-79,123,10296,-9148,8280,-14,99,-195,-14932,3556,2512,-1056,156,-109,-14856,-2668,4704,-485,154,-122,0
1139.8634989261627,10808,5284,10312,-159,-97,114,10232,-9276,8424,-30,102,-212,-15160,3676,2556,-1014,126,-105,-14992,-2652,4880,-520,124,-126,0
1139.9009289741516,10772,5232,10480,-123,-112,121,10304,-9268,8296,-36,107,-195,-15060,3608,2524,-1072,99,-56,-14884,-2624,4840,-517,130,-147,0
1139.937252998352,10860,5160,10388,-226,-132,133,10220,-9208,8344,13,99,-158,-15288,3372,2564,-1125,116,-51,-15112,-2784,4776,-766,154,-91,0
1139.9724860191343,10864,5284,10504,-149,-73,118,10276,-9248,8372,-44,100,-205,-15120,3512,2516,-1097,137,-88,-15336,-2776,4800,-492,125,-112,3
1140.0081939697266,10804,5284,10176,-197,-109,110,10276,-9216,8284,-9,84,-212,-14960,3724,2624,-812,93,-36,-15028,-2648,4688,-479,137,-130,3
1140.0432951450348,10536,5196,10164,-155,-72,81,10180,-9260,8172,-46,74,-196,-15104,3588,2420,-1135,58,-102,-15320,-2652,4708,-494,171,-130,3
1140.0789949893951,10800,5260,10444,-137,-72,117,10488,-9184,8388,-15,135,-177,-15024,3668,2500,-1123,71,-52,-15112,-2708,4732,-460,112,-158,3
1140.1139450073242,10816,5152,10600,-160,-55,119,10484,-9244,8616,-41,117,-194,-15028,3672,2476,-1084,108,-132,-15124,-2692,4660,-452,130,-127,3
1140.1497919559479,10908,5272,10348,-188,-98,138,10268,-9292,8320,252,149,-195,-14996,3672,2464,-1103,93,-80,-15024,-2588,4796,-483,167,-113,3
1140.1850819587708,10884,5352,10280,-191,-117,125,10132,-9192,8300,21,115,-185,-15012,3628,2700,-1135,103,-95,-15284,-2612,4720,-494,151,-94,3
1140.2204740047455,10840,5244,10368,-138,-78,133,10012,-9328,8252,-23,134,-150,-15024,3668,2660,-1081,94,-58,-15096,-2760,4624,-507,147,-107,3
1140.2559051513672,10740,5260,10436,-174,-83,131,10076,-9244,8292,-7,159,-165,-15016,3572,2792,-1071,56,-138,-14896,-2672,4652,-483,160,-115,0
1140.2911520004272,10876,5148,10476,-168,-81,106,10184,-9440,8276,18,144,-182,-15184,3620,2560,-1060,34,-115,-14860,-2748,4744,-510,163,-136,0
1140.3271679878235,10728,5260,10592,-168,-78,120,10200,-9352,8388,-4,123,-168,-15036,3596,2472,-1108,86,-81,-15100,-2720,4836,-494,131,-82,0
1140.3622629642489,10860,5224,10356,-157,-68,103,10120,-9204,8372,-55,99,-168,-15060,3588,2496,-1064,98,-99,-15092,-2772,4904,-475,146,-124,0
1140.39808511734,10852,5296,10224,-170,-92,117,10272,-9160,8364,-5,129,-204,-15104,3680,2600,-1047,81,-149,-15324,-2676,4772,-479,140,-106,0
1140.4330811500547,10816,5228,10424,-221,-119,112,10248,-9204,8320,5,149,-199,-15336,3584,2568,-1086,128,-91,-15156,-2652,4880,-468,161,-56,0
1140.4680769443512,10816,5024,10704,-227,-135,156,10200,-9308,8420,12,105,-231,-15064,3652,2524,-1048,143,-125,-15088,-2568,4836,-490,152,-86,0
1140.5035901069639,10748,5180,10276,-233,-158,135,10228,-9276,8304,13,149,-197,-14996,3540,2420,-1040,155,-100,-15064,-2624,4744,-485,166,-74,0
1140.5402181148527,10848,5116,10652,-249,-197,142,10468,-9004,8272,19,152,-211,-15068,3668,2556,-978,129,-127,-15052,-2644,4716,-500,132,-78,0
1140.5738389492035,10912,5224,10368,-237,-122,132,10232,-9216,8316,-17,181,-196,-14996,3604,2308,-955,152,-131,-15124,-2712,4812,-471,114,-71,0
1140.6072709560394,10900,5112,10360,-238,-150,140,10228,-9148,8344,-14,158,-163,-15020,3836,2428,-967,147,-105,-15116,-2640,4844,-485,127,-92,0
1140.640596151352,10748,5152,10372,-311,-227,175,9860,-9404,8380,24,156,-191,-15112,3600,2780,-1023,132,-96,-15156,-2756,5108,-494,138,-93,0
1140.674036026001,10756,5236,10084,-230,-101,135,10288,-9124,8404,-24,149,-201,-15224,3508,2636,-1039,159,-109,-15284,-2696,5012,-485,182,-80,0
1140.7075109481812,10768,5152,10408,-238,-203,133,10216,-9268,8368,45,167,-219,-14852,3580,2752,-1045,121,-155,-15344,-2704,4488,-511,239,-68,0
1140.7411649227142,10924,5152,10492,-228,-162,134,10200,-9248,8336,10,122,-206,-15072,3624,2784,-1062,112,-142,-14864,-2648,4784,-259,200,-86,0
1140.774819135666,10924,5056,10216,-240,-173,116,10120,-9208,8424,251,145,-191,-15176,3508,2356,-1038,88,-102,-15116,-2700,4896,-495,138,-104,0
1140.8082180023193,10760,5156,10548,-201,-126,113,10300,-9172,8444,-15,167,-163,-15020,3584,2456,-1007,113,-87,-15096,-2664,4964,-490,129,-109,0
1140.8418719768524,10860,5168,10472,-252,-151,119,10172,-9188,8436,-2,130,-211,-15008,3556,2624,-1094,111,-112,-15012,-2676,4792,-533,200,-113,0
1140.8756351470947,10896,5088,10480,-251,-200,137,10080,-9116,8352,13,125,-193,-15064,3348,2540,-1075,139,-125,-15004,-2684,4720,-504,208,-66,0
1140.90859913826,10588,5160,10320,-212,-179,167,10128,-9100,8384,-5,76,-217,-15048,3536,2432,-1091,163,-128,-15064,-2652,4760,-259,224,-74,0
1140.9424531459808,10820,5116,10416,-226,-188,148,10020,-9124,8424,13,105,-225,-14852,3348,2400,-1052,145,-134,-15072,-2700,4868,-497,236,-73,0
1140.9760360717773,10916,5120,10444,-235,-155,162,10196,-9208,8384,-249,139,-211,-15056,3792,2560,-1073,138,-126,-15356,-2420,4684,-491,223,-109,0
1141.0099761486053,10852,5076,10260,-193,-130,145,10284,-8964,8400,17,124,-208,-15100,3704,2684,-1095,110,-79,-15052,-2676,4668,-543,224,-85,0
1141.0436370372772,10864,5176,10460,-155,-102,145,9988,-9204,8452,-20,94,-216,-15032,3500,2400,-1104,159,-56,-15128,-2652,4716,-260,157,-94,0
1141.0774059295654,10904,5140,10400,-140,-108,122,10004,-9120,8260,-65,64,-181,-15328,3508,2476,-1071,139,-63,-15056,-2660,4776,-484,208,-105,0
1141.1108510494232,10932,5060,10364,-156,-25,121,10204,-9184,8312,-83,114,-194,-15116,3448,2364,-1085,84,-77,-15108,-2552,4708,-443,202,-131,0
1141.1441760063171,10796,5016,10348,-151,-20,92,10280,-9140,8360,-12,115,-158,-15068,3504,2360,-1132,-21,211,-15264,-2624,4660,-464,203,-164,0
1141.1776909828186,10900,4936,10472,-130,34,66,10332,-9148,8320,34,126,-154,-14872,3524,2324,-1118,254,-10,-15148,-2424,4892,-423,198,-115,0
1141.2111649513245,10852,5104,10480,-147,55,62,10128,-9240,8396,-12,134,-172,-15024,3608,2684,-1071,4,-3,-15068,-2672,4852,-402,168,-133,0
1141.2448179721832,10772,5144,10372,-175,15,70,10096,-9188,8428,-39,202,-153,-15020,3488,2556,-1061,-256,-36,-15348,-2648,4772,-416,175,-146,0
1141.2784790992737,10900,5192,10404,-98,16,63,10176,-9148,8452,252,192,-146,-15080,3668,2744,-1050,-56,-33,-15012,-2668,4708,-484,135,-176,0
1141.3117909431458,10836,5136,10520,-156,11,66,10320,-9204,8432,-25,181,-156,-15080,3560,2724,-1090,-65,244,-15028,-2712,4676,-495,150,-152,0
1141.3453719615936,10860,5184,10396,-113,99,64,10084,-9116,8392,-50,201,-119,-15032,3484,2324,-1054,16,25,-15348,-2752,4712,-499,104,-115,0
1141.378914117813,10864,5176,10436,-105,55,79,10072,-9024,8412,-89,139,-153,-14992,3528,2564,-985,67,-1,-15328,-2604,4784,-458,118,-121,0
1141.4122200012207,10788,5124,10508,-164,18,70,10208,-9236,8268,-55,164,-135,-15040,3568,2632,-776,70,-27,-14980,-2740,4700,-446,160,-126,0
1141.4458601474762,10636,5064,10356,-122,57,101,10196,-9252,8284,-20,154,-140,-14852,3612,2656,-1065,38,-53,-15108,-2660,4772,-466,171,-149,0
1141.4795091152191,10820,5120,10456,-110,38,85,10212,-9216,8384,-47,137,-157,-15048,3524,2748,-1013,143,-45,-15104,-2608,4812,-503,141,-142,0
1141.5129179954529,10792,5128,10540,-154,-31,95,10260,-9452,8644,-55,122,-181,-15020,3652,2780,-969,53,-26,-15000,-2620,4756,-766,191,-164,0
1141.549488067627,10804,5064,10344,-147,-44,82,10448,-9244,8472,37,173,-192,-15084,3684,2692,-1031,29,-79,-15128,-2708,4680,-488,229,-174,0
1141.5848879814148,10740,5220,10736,-168,-33,110,10108,-9224,8700,22,141,-208,-14952,3640,2308,-1030,32,245,-15072,-2636,4808,-539,194,-120,0
1141.6204199790955,10772,5160,10440,-143,-91,117,10184,-9416,8640,-24,105,-211,-15020,3676,2616,-1064,34,-77,-15176,-2680,4772,-520,176,-129,0
1141.6554729938507,10840,5136,10440,-203,-63,105,9992,-9336,8408,14,94,-186,-14968,3540,2648,-1060,16,-86,-15084,-2660,4680,-548,185,-173,0
1141.6916229724884,10832,5160,10444,-192,-99,139,10304,-9128,8396,20,118,-198,-15052,3744,2800,-1109,0,-68,-14904,-2372,4676,-567,210,-131,0
1141.7276389598849,10788,5152,10536,-173,-105,148,9992,-9192,8004,-33,155,-130,-14960,3796,2504,-1036,83,-62,-14868,-2576,4712,-559,184,-120,0
1141.762645959854,10824,5172,10408,-189,-93,108,10196,-9136,8340,-54,119,-223,-15008,3584,2668,-1040,119,-42,-15196,-2688,4704,-485,150,-108,0
1141.7985939979553,10872,5024,10516,-163,-67,43,10316,-9424,8432,-87,203,-194,-14860,3628,2672,-1081,-28,-67,-15332,-2612,4704,-259,175,-182,0
1141.8338050842283,10780,5020,10424,-178,-82,99,10220,-9176,8536,24,147,-179,-14932,3496,2564,-1040,61,-88,-15120,-2708,4772,-501,185,-130,0
1141.870057106018,10812,5120,10452,-134,-23,87,9984,-9196,8232,-74,123,-213,-14956,3576,2756,-1009,123,-49,-15016,-2772,4808,-510,209,-128,0
1141.905462026596,10788,5020,10576,-138,-133,123,10216,-9176,8388,-58,95,-223,-14856,3516,2664,-999,102,-114,-15248,-2452,4812,-524,207,-94,0
1141.9408450126648,10856,5192,10744,-109,-42,150,10240,-9244,8372,-82,96,-159,-15132,3796,2488,-1071,62,-250,-15192,-2624,4700,-262,126,-150,0
1141.9771771430967,10892,5196,10540,-118,15,147,10488,-9156,8288,-75,109,-110,-15004,3580,2680,-1007,56,37,-15120,-2668,4740,-496,180,-130,0
1142.0123829841614,10800,4948,10376,-148,-63,118,10236,-9448,7936,-139,210,-91,-15016,3620,2736,-739,-129,-62,-15004,-2732,4692,-551,329,-171,0
1142.0476429462433,10624,5076,10324,-97,-186,79,10164,-9240,8364,-252,228,-175,-14888,3644,2648,-817,-12,-76,-15360,-2704,4776,-564,247,-161,0
1142.0833959579468,10780,5032,10016,-105,-169,87,10176,-9248,8244,-144,203,-218,-15000,3708,2744,-959,28,-107,-15080,-2740,4652,-518,279,-129,0
1142.1197199821472,10820,5184,10268,-174,-157,88,10116,-9272,8380,-150,188,-189,-15084,3608,2768,-810,25,-120,-15148,-2796,4676,-529,370,-146,0
1142.15491604805,10768,5088,10380,-211,-129,66,10236,-9208,8356,-139,243,-173,-15028,3760,2616,-688,-52,-48,-14936,-2812,4708,-558,273,-154,0
1142.191781997681,10792,5120,10532,-240,32,82,9984,-9260,8428,-44,99,-150,-14988,3620,2804,-823,80,-103,-15148,-2636,4576,-553,180,-96,0
1142.2253670692444,10800,4916,10672,-227,156,86,10108,-9388,8336,-132,86,-136,-14956,3656,2732,-849,163,-55,-15076,-2864,4748,-634,122,-95,0
1142.2589280605316,10832,4924,10416,-105,40,42,10192,-9472,8424,-292,134,-191,-15048,3648,2760,-884,155,-73,-15056,-2704,4828,-638,248,-64,0
1142.2926070690155,10732,5180,10348,-92,-64,34,10144,-9300,8392,-229,182,-228,-14992,3672,2712,-967,263,-121,-15104,-2740,4676,-506,-56,-65,0
1142.3261449337006,10792,5168,10372,-130,-201,84,10204,-9308,8480,-133,105,-241,-14972,3672,2712,-1086,269,-105,-15312,-2804,4668,-504,135,-78,0
1142.3597230911255,10796,5156,10476,-170,-185,85,10148,-9296,8376,-90,259,-152,-14956,3652,2716,-1270,252,-152,-15136,-2612,4432,-642,226,-108,0
1142.3928990364075,10784,5104,10352,-170,-186,106,10148,-9256,8364,-9,134,-232,-15024,3684,2540,-1031,215,-131,-15032,-2752,4828,-580,148,-76,0
1142.426059961319,10832,5060,10392,-211,-197,150,10040,-9148,8296,67,127,-227,-14964,3644,2644,-973,206,-133,-15012,-2668,4660,-532,153,-54,0
1142.4599900245669,10836,5132,10392,-216,-270,149,10104,-9284,8392,145,175,-239,-15068,3684,2744,-977,197,-157,-15228,-2568,4724,-523,117,-25,0
1142.4937720298767,10956,5064,10336,-209,-211,170,10192,-9204,8208,108,194,-227,-15020,3708,2716,-1007,158,-157,-15244,-2760,4672,-466,56,-59,0
1142.5271720886233,10832,5116,10476,-259,-226,159,10156,-9168,8404,79,190,-196,-14852,3580,2652,-1090,99,-142,-15116,-2648,4636,-403,58,-37,0
1142.5607759952543,10856,5068,10484,-239,-310,160,10252,-9208,8492,92,504,-224,-15076,3532,2584,-1107,48,-135,-14996,-2704,4600,-369,129,-63,0
1142.5942471027374,10812,5120,10424,-501,-289,143,10084,-9244,8364,100,220,-222,-15036,3672,2584,-1058,51,-139,-15072,-2700,4736,-434,146,-78,0
1142.6279349327087,10816,5080,10476,-255,-284,116,10184,-9268,8196,71,186,-215,-15068,3540,2740,-1067,76,-150,-15084,-2708,4696,-480,144,-87,0
1142.6613669395447,10820,5056,10328,-212,-210,129,10128,-8992,8404,43,143,-248,-15024,3732,2356,-1036,131,-131,-15180,-2700,4380,-445,143,-83,0
1142.6948659420013,10864,5084,10268,-257,-228,130,10196,-9160,8340,54,136,-251,-14968,3628,2776,-978,131,-167,-15216,-2724,4560,-489,148,-98,0
1142.7280161380768,10880,5116,10384,-218,-146,127,10152,-9296,8340,8,152,-208,-15156,3624,2616,-1075,105,-94,-15220,-2612,4640,-524,146,-95,0
1142.761600971222,10968,5108,10436,-209,-182,140,10180,-9252,8320,45,99,-195,-14856,3708,2772,-1265,55,-84,-15096,-2800,4544,-506,196,-81,0
1142.795032978058,10856,5132,10416,-136,-119,146,10180,-9196,8404,43,118,-167,-14976,3456,2332,-1055,172,-112,-15044,-2840,4736,-514,187,-101,0
1142.8284690380096,10796,5092,10396,-151,-163,135,10376,-9460,8204,-25,121,-249,-15016,3516,2652,-992,193,-155,-15168,-2600,4504,-520,195,-93,0
1142.8623039722445,10932,4992,10184,-155,-146,143,10228,-9092,8672,10,80,-209,-15136,3656,2560,-1090,108,-145,-15328,-2720,4668,-538,215,-87,0
1142.8955631256104,10936,5368,10344,-130,-124,122,10212,-9116,8304,15,116,-167,-15064,3588,2588,-1097,64,-42,-15180,-2728,4656,-534,97,-120,0
1142.929160118103,10860,5336,10668,-83,-51,73,10184,-9356,8392,-61,165,-160,-15008,3524,2660,-1082,58,-29,-15096,-2676,4844,-516,19,-129,0
1142.9627640247345,10864,5084,10492,-94,-55,93,10012,-9116,8332,-89,142,-171,-15012,3796,2768,-1035,71,-34,-15336,-2636,4608,-496,86,-147,0
1142.9960870742798,10924,5052,10332,-119,-32,98,10256,-9152,8348,-2,177,-159,-15004,3564,2484,-1079,113,-72,-14988,-2604,4596,-501,134,-130,0
1143.030071973801,10820,5056,10344,-116,-7,133,10208,-9216,8524,23,136,-157,-14988,3832,2628,-1122,92,-104,-15136,-2612,4648,-484,154,-93,0
1143.0638720989227,10928,5156,10312,-90,-32,119,10176,-9016,8676,-5,126,-166,-15196,3504,2660,-1103,108,-76,-15268,-2652,4672,-494,136,-110,0
1143.097393035889,10924,4996,10368,-119,20,109,10180,-9048,8424,-11,147,-157,-15084,3612,2728,-1065,102,-47,-15120,-2668,4620,-521,139,-143,0
1143.1306970119476,10888,5120,10220,-91,12,93,10176,-9180,8504,-6,158,-143,-15060,3648,2724,-1072,64,-15,-15088,-2732,5012,-528,119,-144,0
1143.1641609668732,10796,5168,10468,-92,17,90,10204,-9172,8492,-40,154,-140,-15040,3592,2864,-1039,68,-40,-15148,-2796,4680,-509,78,-143,0
1143.1978290081024,10840,5072,10416,-97,52,76,10076,-9184,8372,-73,129,-126,-14996,3604,2616,-1028,95,-28,-15008,-2804,4432,-495,37,-116,0
1143.2338910102844,10764,5032,10636,-117,7,85,10216,-9160,8328,-83,133,-168,-15120,3828,2640,-1008,90,-46,-15200,-2620,4392,-490,104,-147,0
1143.2694871425629,10904,5060,10316,-123,19,69,10168,-9004,8268,-57,136,-156,-15056,3328,2720,-1002,77,-104,-15308,-2648,4784,-504,113,-138,0
1143.3045220375059,10892,5096,10376,-109,17,104,10016,-9440,8516,-24,116,-190,-15092,3824,2544,-1278,120,-80,-14868,-2716,4768,-523,114,-108,0
1143.3408269882202,10916,5084,10252,-89,-1,106,10184,-9284,8416,-13,91,-182,-15020,3612,2564,-1084,113,-59,-15068,-2700,4716,-486,120,-144,0
1143.3760471343994,10840,5008,10612,-117,-23,88,10172,-8980,8272,-44,127,-185,-15088,3508,2668,-1018,130,-81,-15196,-2648,4764,-488,91,-151,0
1143.4117670059204,10864,5140,10436,-123,8,85,10212,-9204,8364,-56,152,-151,-15068,3732,2828,-1043,50,-48,-15044,-2652,4652,-537,88,-146,0
1143.447730064392,10848,5088,10388,-128,18,66,10108,-8992,8196,-16,156,-135,-14968,3560,2760,-1078,38,-67,-15108,-2744,4584,-525,109,-145,0
1143.4827580451963,10584,5248,10372,-88,69,93,11136,-9212,8620,-49,-233,-193,-14956,3440,2656,-1047,100,-33,-15196,-2792,4700,-482,74,-140,0
1143.5186760425568,10876,5120,10396,-155,-33,87,10252,-9268,8452,-51,128,-162,-14992,3620,2852,-1014,99,-77,-15060,-2636,4612,-486,97,-135,0
1143.554204940796,10840,5132,10296,-92,-1,102,10216,-9164,8448,-38,86,-163,-14948,3644,2564,-1071,115,-59,-14940,-2772,4672,-526,158,-125,0
1143.5897989273071,10812,4884,10284,-83,-9,122,10024,-9212,8660,-24,133,-161,-15068,3644,2736,-1039,101,-36,-15168,-2776,4732,-514,109,-133,0
1143.624939918518,10800,5084,10424,-129,-32,90,10200,-9172,8516,-79,156,-190,-15072,3644,2752,-992,54,-62,-15020,-2700,4740,-259,122,-144,0
1143.6605930328367,10792,5196,10656,-131,-78,97,10192,-9472,8444,-59,151,-163,-15060,3668,2744,-1008,100,-79,-15120,-2628,4780,-537,143,-116,0
1143.6961240768433,10688,5100,10516,-203,-39,87,10164,-9196,8636,-17,151,-164,-14964,3544,2712,-1013,101,-79,-15136,-2796,4836,-261,126,-116,0
1143.732646942139,10964,4896,10728,-137,-47,109,10152,-9312,8524,-34,142,-176,-14956,3636,2788,-1044,122,-85,-15192,-2744,4692,-766,163,-93,0
1143.7685570716858,10856,5180,10636,-172,-81,123,10212,-9244,8368,-10,104,-166,-15176,3632,2660,-1002,122,-35,-15324,-2636,4892,-492,100,-96,0
1143.804353952408,10840,4916,10488,-155,-44,121,10132,-9248,8248,-17,150,-161,-14996,3600,2756,-1017,117,-76,-14920,-2732,4684,-515,143,-97,0
1143.840052127838,10564,4956,10540,-141,-84,115,10168,-9144,8572,-35,124,-193,-15068,3596,2800,-1009,99,-127,-15036,-2720,4796,-519,129,-100,0
1143.8770139217377,10732,5168,10380,-125,-93,125,10180,-9260,8356,-53,152,-214,-15168,3588,3032,-910,113,-65,-15172,-2736,4600,-764,187,-114,0
1143.9106259346008,10820,5064,10504,-147,-108,101,10192,-8968,8280,-126,157,-217,-15052,3608,2712,-955,93,-138,-14872,-2708,4464,-492,157,-141,0
1143.9441549777985,10820,5196,10512,-147,-95,110,10416,-9008,8268,-55,135,-202,-15000,3552,2680,-963,105,-95,-15056,-2692,4772,-498,136,-142,0
1143.977697134018,10844,5148,10468,-145,-50,112,10164,-9176,8432,-37,132,-180,-14884,3676,2808,-978,118,-114,-15092,-2640,4636,-541,174,-84,0
1144.0112550258636,10724,4892,10736,-139,-92,114,10252,-9256,8484,-44,131,-176,-15000,3572,2980,-963,114,-94,-15352,-2668,4852,-488,154,-112,0
1144.0446150302887,10780,5348,10300,-140,-91,101,10172,-9184,8404,-69,164,-176,-15072,3576,2820,-941,102,-50,-15164,-2652,4852,-500,121,-119,0
1144.0784349441528,10972,5176,10408,-124,-84,100,10208,-9232,8284,-51,158,-165,-15068,3720,2812,-1004,47,-49,-15092,-2620,4868,-529,152,-117,0
1144.1119239330292,10772,5016,10396,-211,-88,109,10076,-9248,8536,27,148,-163,-14740,3664,2604,-1005,59,-91,-15344,-2620,4752,-522,153,-87,0
1144.1453030109406,10880,5192,10740,-188,-30,107,10416,-8968,8248,-59,140,-183,-15100,3540,3032,-937,140,-89,-15024,-2736,4752,-515,136,-100,0
1144.1789300441742,10828,5144,10472,-212,-149,105,10160,-9272,8692,-58,183,-207,-15024,3704,2720,-904,139,-107,-15036,-2648,4764,-767,176,-90,0
1144.2124090194702,10840,5052,10504,-205,-139,136,10124,-9152,8352,-19,118,-205,-15060,3536,2800,-957,155,-103,-15080,-2724,4816,-513,174,-105,0
1144.2459230422974,10700,5060,10336,-210,-139,149,10180,-9256,8340,-22,180,-146,-15052,3656,3008,-944,88,-122,-14876,-2776,4772,-486,166,-127,0
1144.2792141437533,10896,5312,10692,-218,-106,98,10160,-9228,8524,-32,193,-178,-15096,3628,2732,-899,107,-170,-15032,-2620,4860,-470,137,-124,0
1144.3128750324247,10840,5140,10424,-276,-191,98,10068,-9324,8244,-13,195,-197,-15072,3628,2656,-884,127,-207,-15076,-2704,4756,-465,211,-77,0
1144.3465600013733,10736,5040,10448,-512,-241,170,10128,-9120,8320,-8,181,-215,-15012,3560,2808,-896,165,-194,-14996,-2624,4816,-495,217,-82,0
1144.3845779895785,11004,5112,10232,-242,-230,155,10116,-9236,8232,-15,162,-231,-14920,3592,2988,-950,157,-160,-15016,-2688,4764,-495,226,-72,0
1144.4183940887451,10808,4936,10344,-191,-216,179,10224,-8968,8344,-20,127,-223,-15028,3592,2688,-974,151,-129,-15104,-2728,4780,-496,209,-72,0
1144.4519250392914,10804,5036,10496,-185,-239,144,10200,-9248,8376,-36,134,-217,-15056,3660,2668,-985,156,-158,-15080,-2700,4788,-496,176,-56,0
1144.4854969978333,10912,5088,10388,-205,-190,136,10176,-9216,8396,13,134,-206,-15028,3636,2688,-982,94,-181,-15100,-2684,4728,-503,203,-100,0
1144.5193009376526,10848,5348,10264,-222,-196,151,10176,-9256,8480,-13,158,-222,-15024,3352,2676,-965,133,-143,-15032,-2700,4652,-495,193,-82,0
1144.5528590679169,10796,5136,10288,-230,-229,139,9988,-9148,8456,-25,138,-230,-15032,3692,2676,-932,162,-95,-15040,-2840,4676,-480,186,-57,0
1144.5860440731049,10852,4992,10480,-228,-220,147,10444,-9424,8320,-26,140,-241,-15128,3592,2532,-954,158,-115,-15152,-2708,4532,-471,183,-91,0
1144.6199369430542,10960,5044,10744,-212,-204,127,10164,-9184,8320,-39,135,-229,-15076,3364,2808,-949,162,-176,-15168,-2608,4676,-496,165,-101,0
1144.6532731056213,10900,4996,10348,-183,-211,157,10256,-9208,8400,13,158,-196,-14996,3528,2644,-1274,135,-136,-15104,-2612,4716,-472,168,-86,0
1144.6866331100464,10872,4928,10160,-194,-146,124,10132,-9084,8400,8,122,-218,-15024,3564,2692,-1006,148,-133,-15016,-2692,4756,-501,172,-92,0
1144.7203559875488,10872,5020,10348,-162,-131,136,10216,-9140,8404,-39,135,-177,-15084,3520,2488,-1006,138,-88,-15160,-2660,4788,-504,153,-98,0
1144.753674030304,10916,5356,10376,-90,-123,136,10148,-9240,8428,-36,153,-187,-15120,3564,2736,-1066,42,-73,-15004,-2756,4648,-553,120,-123,0
1144.7872531414032,10828,4924,10344,-151,-135,125,10096,-9204,8448,16,130,-158,-14992,3360,2584,-1110,29,-103,-14996,-2728,4624,-527,154,-113,0
1144.820697069168,10752,4864,10344,-89,22,121,9996,-9188,8236,-76,127,-165,-14964,3500,2808,-1025,94,-50,-15336,-2772,4760,-482,142,-122,0
1144.8544220924377,10928,5004,10264,-107,-42,77,10220,-8992,8308,-45,199,-176,-15060,3492,2728,-1047,66,-49,-15104,-2580,4632,-485,183,-133,0
1144.8879339694977,10876,4896,10460,-144,4,111,10200,-9244,8304,10,121,-159,-14872,3676,2744,-1084,9,-250,-15180,-2664,4640,-536,166,-166,0
1144.92449593544,10908,5084,10340,-77,49,87,10216,-9204,8320,253,180,-130,-15324,3604,2732,-1066,18,-60,-15180,-2764,4832,-542,99,-179,0
1144.9602670669556,10824,5012,10352,-115,34,57,10160,-9244,8384,-58,188,-142,-15008,3624,2716,-1273,26,-20,-15104,-2728,4800,-534,101,-141,0
1144.995481967926,10808,5368,10656,-116,255,83,10192,-9256,8268,-52,163,-142,-15064,3788,2680,-1015,70,-35,-15028,-2744,4780,-535,123,-151,0
1145.031847000122,10904,5060,10412,-89,-18,81,10148,-9472,8296,-51,182,-132,-14984,3656,2928,-1060,52,-33,-14920,-2772,4716,-506,100,-142,0
1145.0680100917816,10848,5024,10372,-82,3,98,10032,-9320,8560,-52,147,-129,-14948,3636,2756,-1038,43,-27,-15092,-2732,4644,-556,133,-144,0
1145.1029760837555,10924,5208,10468,-64,-8,100,10188,-9176,8548,-42,122,-133,-15356,3836,2636,-1045,59,-71,-15148,-2812,4756,-538,130,-146,0
1145.1386489868164,10856,5052,10480,-123,-8,73,10084,-9112,8612,-16,128,-146,-15156,3588,2664,-1069,73,-66,-15068,-2772,4636,-266,165,-130,0
1145.1741089820862,10924,5084,10484,-97,-41,112,10144,-9212,8392,-25,130,-187,-15100,3644,2740,-1065,77,-88,-15032,-2796,4684,-537,137,-137,0
1145.2096149921415,10940,5144,10668,-87,-81,104,10084,-9108,8360,-58,108,-191,-15060,3804,2812,-1032,117,-92,-15080,-2812,4516,-505,121,-103,0
1145.2447810173035,10808,5124,10444,-90,-66,102,10180,-8972,8380,-111,149,-170,-15300,3612,2704,-965,60,-45,-15028,-2772,4888,-516,109,-164,0
1145.2804589271545,10796,5100,10680,-32,-11,55,10356,-9412,8100,-7,14,-248,-15104,3580,2768,-1022,65,-85,-15080,-2644,4684,-547,105,-152,0
1145.3154439926147,10836,5316,10612,-139,-29,79,10064,-8976,8212,16,153,-179,-15008,3596,2568,-994,89,-74,-15040,-2748,4788,-529,146,-142,0
1145.3512201309204,10836,5144,10576,-54,255,81,10148,-9212,8296,-83,114,-208,-15100,3656,2936,-939,89,-93,-15148,-2692,4740,-534,121,-111,0
1145.3862431049347,10868,5348,10356,-94,-89,102,10168,-9268,8332,-83,107,-173,-15032,3708,2656,-970,101,-56,-15204,-2792,4700,-545,114,-122,0
1145.422374010086,10824,4876,10340,-58,-9,115,10208,-9016,8444,-59,111,-127,-15008,3500,2616,-995,83,-5,-15072,-2968,4708,-562,106,-118,0
1145.4587950706482,10908,5036,10388,-82,-9,132,10136,-9164,8236,-58,88,-144,-15024,3588,2688,-806,17,-31,-15096,-2576,4684,-522,87,-124,0
1145.4939360618591,10820,5020,10360,-101,-45,92,10092,-9208,8292,-135,107,-159,-14972,3676,2740,-992,94,-35,-15060,-2744,4640,-505,147,-153,0
1145.5295281410215,10896,5140,10452,-127,-34,77,10196,-9300,8368,-65,162,-181,-14988,3824,2824,-1014,64,-57,-15168,-2712,4760,-532,150,-160,0
1145.565868139267,10836,5088,10356,-122,-84,67,10092,-9136,8392,-34,140,-183,-15000,3628,2728,-977,70,-42,-15016,-2812,4784,-528,150,-132,0
1145.5994961261747,10872,5132,10432,-115,-65,66,10116,-9172,8336,-59,134,-174,-14960,3632,2804,-972,87,-115,-14912,-2640,4788,-497,128,-125,0
1145.632838010788,10784,5112,10472,-119,-69,86,10136,-9280,8240,-72,125,-194,-14976,3696,2764,-1010,80,-150,-14992,-2688,4700,-524,150,-147,0
1145.666405916214,10936,5076,10416,-146,-74,109,10164,-9260,8204,-32,151,-167,-14960,3696,2812,-1004,97,-85,-15068,-2848,4700,-544,133,-128,0
1145.699923992157,10840,5228,10208,-115,-50,122,10108,-9296,8492,-54,99,-189,-15000,3592,2664,-1007,133,-55,-15060,-2812,4776,-768,121,-80,0
1145.7334151268005,10864,5200,10308,-153,-108,106,10068,-9288,8412,-58,140,-182,-15116,3596,2632,-960,139,-70,-14948,-2784,4724,-492,152,-121,0
1145.7671670913696,10816,4952,10580,-153,-124,100,9988,-9236,8496,-19,174,-192,-15344,3644,2692,-976,92,-120,-15300,-2572,4828,-517,141,-133,0
1145.8005831241608,10768,5228,10676,-151,-91,99,10176,-9180,8368,-29,143,-212,-14956,3584,2772,-990,111,-151,-15152,-2876,4760,-504,159,-125,0
1145.834007024765,10808,5340,10480,-138,-89,69,9972,-9172,8552,-28,130,-208,-15036,3652,2756,-942,124,-146,-15116,-2600,4780,-504,152,-130,0
1145.8676290512085,11004,4872,10432,-162,-123,83,10280,-9176,8308,-1,211,-192,-15092,3620,2648,-913,174,-90,-15120,-2520,4788,-538,157,-109,0
1145.9008071422577,10868,5136,10556,-169,-182,163,10088,-9216,8420,-30,20,-227,-14872,3632,2748,-928,252,-111,-14852,-2784,4720,-478,193,-8,0
1145.9342761039734,10668,5212,10328,-186,-186,197,10176,-9196,8248,-90,132,-201,-15140,3836,2616,-904,197,-125,-15072,-2760,4748,-501,106,-77,0
1145.967962026596,10844,5076,10416,-148,-153,142,10256,-9340,8360,-15,204,-156,-15064,3612,2764,-909,187,-117,-15352,-2600,4700,-536,184,-95,0
1146.0015981197355,10784,4912,10576,-218,-166,172,10012,-9452,8400,-53,72,-224,-14980,3608,2728,-972,165,-103,-15076,-2720,5076,-469,129,-47,0
1146.0348539352417,10996,4976,10292,-204,-149,135,10168,-9348,8304,-35,186,-182,-14908,3644,2640,-880,122,-100,-15348,-2728,4612,-537,166,-132,0
1146.0683131217957,10816,4868,10332,-190,-171,118,10096,-9308,8408,11,147,-243,-15004,3516,2588,-1018,102,-194,-15064,-2804,4728,-452,216,-78,0
1146.1018419265747,10792,5040,10428,-184,-239,118,10184,-8988,8380,-14,138,-261,-15032,3648,2684,-925,136,-207,-15052,-2708,4636,-518,224,-108,0
1146.1348600387573,10856,5192,10456,-209,-246,119,10148,-9196,8284,-24,108,-233,-14876,3716,2604,-907,155,-135,-15148,-2640,4720,-507,171,-68,0
1146.1681621074677,10892,5144,10372,-148,-168,102,10224,-9120,8384,-64,130,-1,-15136,3580,2540,-969,164,-103,-15092,-2720,4724,-477,138,-95,0
1146.2018039226532,10896,5028,10428,-211,-167,100,10212,-9268,8444,23,149,-201,-14996,3724,2560,-1011,74,-98,-15124,-2676,4676,-550,161,-79,0
1146.2353670597076,10876,5200,10412,-218,-150,167,10120,-9084,8480,2,94,-191,-15028,3524,2556,-993,196,-126,-15084,-2792,4680,-492,119,-37,0
1146.2689220905304,10908,5104,10288,-144,-166,126,10200,-9184,8360,-81,113,-247,-15008,3800,2604,-922,182,-154,-15032,-2708,4800,-493,206,-51,0
1146.3024039268494,10948,5000,10276,-204,-187,178,10136,-9444,8688,-6,103,-233,-15096,3660,2596,-1043,107,-94,-14884,-2752,4756,-499,181,-75,0
1146.3358161449432,10944,5120,10376,-174,-136,148,10092,-9192,8344,5,158,-167,-15000,3396,2612,-1012,98,-41,-15156,-2712,4780,-541,131,-144,0
1146.3691051006315,10996,5128,10076,-133,-89,113,10168,-9248,8372,-30,136,-179,-14952,3608,2372,-987,108,-97,-15136,-2748,4712,-270,97,-134,0
1146.4023671150208,10768,5024,10412,-166,-123,127,10188,-9212,8332,-66,136,-189,-15052,3604,2620,-954,140,-138,-15104,-2700,4688,-515,148,-102,0
1146.4357149600985,10876,5008,10276,-113,-127,124,10208,-9012,8316,-61,142,-189,-14948,3684,2380,-993,128,-113,-15012,-2724,4640,-507,186,-130,0
1146.4693031311035,10780,5044,10416,-144,-168,141,10168,-9292,8332,-49,137,-197,-14940,3784,2568,-1049,82,-70,-15052,-2720,4636,-498,170,-123,0
1146.5028409957886,10932,5060,10384,-82,-79,122,10156,-9180,8280,-57,139,-170,-14956,3532,2692,-1019,90,-86,-15096,-2684,4744,-506,120,-112,0
1146.5360989570618,10952,4912,10276,-116,-19,107,10216,-9164,8508,-32,140,-158,-15024,3548,2580,-1048,78,-101,-15108,-2696,4680,-767,143,-94,0
1146.5696630477903,10948,5000,10376,-107,4,97,10240,-9276,8344,-9,120,-180,-14968,3632,2648,-1080,50,-37,-15128,-2708,4824,-531,158,-154,0
1146.6060869693756,10872,5140,10328,-63,-12,101,10200,-9280,8352,-51,120,-148,-14956,3736,2624,-1073,38,-40,-15144,-2776,4720,-524,126,-127,0
1146.6418869495392,10852,5072,10416,-62,-17,81,10148,-9112,8644,-67,151,-159,-15024,3772,2748,-996,27,-42,-15244,-2772,4736,-763,137,-157,0
1146.6779260635376,10956,5368,10260,-112,-23,69,10132,-9156,8272,-58,163,-167,-15012,3592,2780,-998,62,-42,-15068,-2992,4648,-500,136,-139,0
1146.7131280899048,10852,5248,10692,-100,254,79,10168,-9456,8204,-41,164,-164,-15092,3764,2616,-991,66,-98,-15344,-2692,5020,-491,139,-148,0
1146.748193025589,10956,5096,10456,-77,-20,73,10192,-9272,8352,-53,156,-154,-14992,3620,2692,-1015,56,-51,-15348,-2748,4676,-524,119,-136,0
1146.7841360569,10876,4900,10388,-92,-14,78,10176,-9300,8308,-38,145,-152,-15064,3520,2732,-1006,83,-101,-15056,-2724,4724,-510,119,-136,0
1146.819216966629,10908,5100,10432,-77,5,91,10268,-9272,8524,-84,131,-164,-15116,3704,2628,-995,102,-35,-15028,-2684,4656,-546,117,-133,0
1146.8542580604553,10940,5052,10344,-79,11,98,10140,-9288,8376,-46,119,-134,-15132,3708,2572,-1058,9,-54,-15072,-2736,4724,-569,100,-169,0
1146.89022397995,10836,5176,10352,-73,-20,89,10188,-9148,8312,-25,131,-147,-15096,3568,2700,-1063,43,-59,-15164,-2780,4736,-542,108,-148,0
1146.9257061481476,10892,5200,10344,-60,-25,84,10240,-8964,8600,-119,106,-162,-15308,3560,2720,-1021,56,-25,-15040,-2804,4732,-762,139,-160,0
1146.9617071151733,10792,4864,10340,-140,-41,67,10128,-9232,8348,-72,121,-160,-15016,3628,2720,-1024,48,-35,-15060,-2692,4640,-511,102,-152,0
1146.9977509975433,10844,5220,10304,-87,25,102,10352,-9152,8360,-2,88,-134,-14948,3596,2656,-1077,70,-25,-15028,-2976,4752,-260,135,-154,0
1147.033385038376,10852,5188,10292,-74,-20,112,10124,-9248,8440,-80,129,-134,-15096,3660,2776,-992,84,-47,-15104,-2588,4804,-521,87,-140,0
1147.0694329738617,10776,5144,10508,-119,-32,88,10104,-9316,8360,-81,149,-157,-15016,3644,2736,-938,105,-72,-15060,-2704,4796,-500,120,-157,0
1147.1044631004333,10992,5332,10348,-77,-47,91,10064,-9272,8352,-74,136,-164,-15044,3760,2588,-949,86,-80,-15020,-2720,4664,-525,168,-149,0
1147.1401751041412,10848,5124,10444,-120,-102,102,10124,-9192,8292,-26,148,-167,-14976,3704,2696,-1017,107,-74,-15032,-2740,4660,-554,165,-123,0
1147.1754989624023,10876,5324,10276,-73,-73,113,10056,-9444,8252,-48,91,-187,-15044,3740,2668,-989,103,-111,-15108,-2752,4800,-538,185,-102,0
1147.2118589878082,10932,5160,10264,-139,-80,98,10236,-9408,8300,-46,147,-172,-14944,3692,3044,-979,114,-81,-15076,-2736,4756,-497,138,-133,0
1147.2489900588987,10912,5356,10612,-97,-61,103,10164,-9280,8368,-54,130,-188,-15072,3604,2832,-987,87,-102,-15116,-2784,4696,-562,174,-145,0
1147.2825140953064,10800,5332,10448,-100,-79,114,10152,-9220,8620,-51,146,-184,-14956,3652,2852,-990,84,-82,-14880,-3048,4796,-519,184,-102,0
1147.3156070709229,10840,5184,10504,-130,-68,104,10180,-9444,8432,-62,148,-210,-14916,3600,2568,-956,102,-79,-15024,-2728,4680,-510,190,-133,0
1147.3494350910187,10828,5160,10424,-129,-111,92,10120,-9208,8500,-76,132,-213,-14880,3604,2560,-938,107,-108,-15052,-2764,4564,-498,191,-109,0
1147.382875919342,10904,5336,10412,-156,-114,88,10116,-9268,8348,-42,150,-203,-15076,3696,2860,-972,97,-94,-15088,-2748,4628,-525,172,-127,0
1147.416090965271,10888,5372,10688,-125,-90,120,10284,-9032,8444,-21,109,-181,-14992,3676,3004,-952,113,-90,-15084,-2816,4816,-551,179,-127,0
1147.449989080429,10820,5244,10512,-155,-95,107,10228,-9264,8396,-30,150,-202,-14984,3652,2700,-984,122,-116,-15108,-2768,4652,-507,186,-106,0
1147.4835360050201,10920,5252,10400,-185,-87,101,10120,-9280,8308,-52,157,-203,-15064,3708,2704,-915,176,-151,-15096,-3008,4684,-767,138,-84,0
1147.5171921253204,10816,5212,10440,-187,-155,134,10036,-9524,8456,-46,172,-173,-15012,4008,2872,-976,170,-114,-15012,-2668,4768,-546,133,-81,0
1147.550831079483,10836,5224,10276,-233,-163,166,10100,-9228,8508,-24,126,-159,-14972,3700,2752,-1010,190,-89,-15076,-2840,4672,-543,143,-84,0
1147.5843551158903,10780,5192,10348,-162,-141,145,10236,-9232,8292,-96,125,-190,-15120,3584,2632,-938,178,-95,-14888,-2992,4740,-503,117,-97,0
1147.6176080703735,10856,4896,10484,-248,-213,117,10176,-9248,8284,-50,165,-186,-14980,3604,2780,-971,154,-150,-15000,-2764,4900,-473,165,-108,0
1147.650820016861,10836,5096,10660,-265,-179,121,10004,-9332,8356,15,127,-214,-15028,3692,2744,-773,163,-141,-15048,-2568,4780,-485,181,-81,0
1147.6844201087952,10900,5168,10252,-209,-163,147,10116,-9268,8272,21,132,-178,-14960,3632,2536,-994,177,-110,-15336,-2764,4764,-496,135,-99,0
1147.717901945114,10852,5212,10488,-214,-196,116,10160,-9204,8504,-12,163,-189,-15028,3712,2724,-975,172,-134,-15332,-2568,4696,-485,151,-115,0
1147.7515749931335,10840,5172,10604,-254,-199,142,10204,-9328,8404,-12,156,-238,-15008,3604,2656,-989,155,-174,-15308,-2832,4692,-489,165,-68,0
1147.7851679325104,10900,5048,10288,-216,-160,151,10228,-9316,8424,27,131,-206,-14956,3604,2584,-991,180,-169,-15204,-2704,4676,-492,178,-89,0
1147.8185949325562,10824,5164,10348,-220,-212,137,10096,-9324,8340,7,103,-228,-15092,3636,2776,-1060,141,-135,-15072,-2576,4768,-482,182,-87,0
1147.8519570827484,10924,5288,10424,-167,-168,134,10124,-9276,8220,-3,136,-220,-15112,3528,2808,-1002,115,-101,-15016,-2784,4816,-494,173,-88,0
1147.8854269981384,10832,5120,10432,-189,-166,135,10164,-9008,8200,-12,151,-233,-15040,3816,2716,-1048,165,-112,-15004,-2772,4696,-475,149,-91,0
1147.9188730716703,10972,5120,10340,-169,-161,155,10160,-9176,8328,19,112,-218,-15020,3652,2728,-1047,168,-157,-15204,-2764,4844,-497,182,-90,0
1147.9524030685425,10940,5092,10204,-152,-177,175,10184,-9332,8264,-9,103,-222,-15048,3608,2760,-989,168,-155,-15020,-2736,4760,-504,167,-91,0
1147.986025094986,10836,5200,10340,-176,-161,134,10132,-9216,8328,-40,120,-209,-15048,3600,2680,-1001,146,-124,-15176,-2788,4692,-494,196,-85,0
1148.019639968872,10932,5152,10404,-138,-151,133,9988,-9348,8336,-71,103,-216,-14996,3576,2516,-982,143,-86,-15072,-2736,4776,-262,187,-89,0
1148.0531821250916,10904,5068,10312,-101,-120,99,10080,-9468,8060,-48,120,-187,-15112,3688,2672,-1033,82,-79,-15120,-2740,4764,-530,161,-117,0
1148.0870289802551,11116,4876,10452,-60,-42,122,10292,-9180,8284,-35,113,-151,-14968,3648,2604,-1083,51,-63,-15000,-2656,4832,-517,145,-141,0
1148.1206040382383,10908,5060,10324,-94,-8,92,10152,-9152,8336,-12,149,-164,-15052,3624,2436,-1066,72,-90,-14852,-2744,4760,-510,132,-152,0
1148.153815984726,10928,5372,10352,-100,29,124,10204,-9148,8272,-62,130,-153,-15060,3524,2596,-1051,82,-73,-15080,-2684,4708,-498,126,-133,0
1148.1873970031738,10876,5368,10288,-46,27,108,10204,-9468,8296,-82,106,-130,-15036,3608,2624,-1066,73,-19,-15084,-2872,4692,-524,132,-148,0
1148.2208559513092,10824,5100,10364,-97,245,75,10168,-9272,8480,-31,142,-163,-15132,3608,2788,-1098,7,-50,-15020,-2828,4744,-500,162,-150,0
1148.2543540000916,10852,5288,10356,-90,1,59,10192,-9124,8452,-86,197,-168,-15020,3560,2736,-1044,26,-15,-15168,-2868,4812,-537,134,-157,0
1148.2917430400848,10856,5180,10528,-32,2,36,10164,-9268,8292,-99,197,-176,-15004,3664,2628,-960,11,-33,-15148,-2732,4732,-529,136,-170,0
1148.3262350559235,10908,5356,10448,-129,-10,46,10028,-9240,8668,-97,137,-147,-15020,3592,2588,-982,53,-19,-15188,-2724,4740,-504,109,-128,0
1148.3623631000519,10884,5152,10128,-63,56,83,10344,-9312,8316,-144,41,-122,-15008,3640,2688,-970,115,-16,-15100,-2700,4728,-547,107,-134,0
1148.3985929489136,10948,5152,10488,-62,43,125,10188,-9292,8248,-80,109,-127,-15248,3628,2508,-997,166,-33,-15312,-2752,4744,-768,90,-131,0
1148.4343800544739,10864,5296,10500,-83,28,123,10156,-9288,8416,-83,83,-165,-15112,3644,2464,-987,176,-46,-14916,-2692,4732,-526,142,-126,0
1148.4699890613556,10924,4916,10268,-48,-254,102,10200,-9332,8440,-85,196,-124,-15060,3708,2640,-1045,107,-105,-14880,-2660,4608,-765,191,-173,0
1148.5049269199371,10848,5232,10452,-109,-39,91,10212,-9304,8300,-9,169,-179,-15016,3688,2736,-1057,43,-111,-15320,-2584,4736,-552,182,-151,0
1148.541286945343,10796,5108,10360,-10,-28,48,10112,-9348,8316,-67,149,-166,-14996,3724,2768,-993,30,-69,-15092,-2916,4720,-540,151,-146,0
1148.5775921344755,10856,5260,10380,-132,-29,82,10120,-9288,8372,-47,160,-152,-14948,3652,2652,-941,85,-91,-15028,-2872,4692,-493,129,-162,0
1148.6127769947052,10776,5220,10300,-77,-15,75,10028,-9232,8452,-70,146,-165,-15008,3668,2728,-946,87,-72,-15076,-2864,4652,-259,155,-141,0
1148.648113012314,10832,5148,10472,-69,-51,100,10140,-9324,8380,-80,143,-181,-15320,3620,2680,-997,111,-84,-15136,-2780,4644,-526,160,-131,0
1148.6831030845642,10828,5280,10320,-81,-63,108,10060,-9252,8304,-120,111,-193,-15008,3632,2668,-975,127,-73,-15064,-2696,4720,-499,149,-111,0
1148.718763113022,10756,5088,10192,-74,-51,88,10264,-9248,8144,-85,117,-189,-15016,3628,2544,-1012,72,-140,-15192,-2672,4760,-532,163,-120,0
1148.7542400360107,10876,5168,10516,-123,-137,129,10108,-9316,8252,18,118,-146,-14984,3520,2596,-1044,98,-94,-15092,-3024,4784,-261,178,-115,0
1148.7902150154114,10792,5220,10548,-39,-33,119,10168,-9264,8244,-73,115,-196,-15000,3580,2684,-993,129,-97,-15108,-2692,4712,-538,153,-117,0
1148.8255379199982,10816,5132,10344,-110,-106,111,10264,-9368,8388,-51,127,-175,-15068,3728,2856,-1019,98,-132,-15052,-2720,4780,-508,106,-125,0
1148.8611419200895,10936,5240,10252,-82,-28,115,10408,-9276,8268,-46,112,-161,-15028,3616,2768,-1029,54,-81,-15092,-2924,4716,-502,74,-158,0
1148.8970911502838,10924,5252,10228,-82,-18,78,10124,-9208,8488,-74,153,-123,-15088,3636,2856,-944,9,-62,-15096,-2772,4740,-533,79,-170,0
1148.9337480068207,10764,5188,10408,-57,-19,79,9948,-9148,8540,-100,212,-97,-14948,3672,2672,-991,71,-30,-15264,-2788,4668,-517,87,-142,0
1148.967425107956,10840,5252,10460,-130,-42,114,10100,-9316,8284,-90,104,-163,-14972,3676,2720,-973,78,-13,-15072,-2796,4448,-768,140,-113,0
1149.0010590553284,10776,5188,10424,-96,-38,133,10208,-9372,8208,-95,129,-184,-14932,3684,2712,-1036,76,-61,-15140,-2760,4732,-525,185,-120,0
1149.0345039367676,10804,5208,10452,-113,-95,121,10136,-9316,8444,-45,96,-188,-15000,3648,2812,-1024,140,-107,-15136,-2748,4696,-498,164,-109,0
1149.0680220127106,10832,5144,10376,-69,-66,112,10104,-9300,8076,-50,92,-213,-15032,3752,2564,-1048,86,-108,-15076,-2740,4688,-500,187,-133,0
1149.1016659736633,10920,5208,10348,-119,-89,120,10048,-9260,8236,-40,115,-151,-15012,3648,2672,-1056,92,-86,-15568,-2840,4964,-454,101,-107,0
1149.135134935379,10836,5156,10264,-210,-82,117,10148,-9368,8232,-45,120,-185,-14996,3568,2728,-988,67,-27,-15060,-2860,4740,-475,153,-122,0
1149.1686630249023,10788,5316,10512,-130,-108,113,10084,-9392,8444,-55,163,-188,-15112,3668,2804,-977,85,-46,-15064,-2744,4812,-467,145,-125,0
1149.2023720741272,10792,5284,10364,-147,-116,115,10228,-9376,8216,-35,169,-173,-15040,3740,2576,-979,90,-67,-15016,-2816,4676,-481,140,-129,0
1149.2358920574188,10780,5160,10304,-153,-69,102,10128,-9360,8320,-16,164,-212,-14968,3608,2696,-1018,102,-143,-14864,-2808,4692,-479,165,-114,0
1149.2695441246033,10816,5192,10400,-184,-73,107,10148,-9392,8392,-242,152,-198,-14924,3656,2824,-1029,60,-94,-15040,-2824,4756,-492,179,-105,0
1149.3029170036316,10880,5368,10328,-210,-112,130,10124,-9336,8348,45,174,-211,-14956,3644,2740,-1019,123,-133,-15028,-2864,4716,-486,171,-95,0
1149.3366320133207,10536,5256,10548,-230,-143,105,10156,-9308,8312,32,161,-216,-14992,3760,2888,-973,115,-121,-15352,-2832,4732,-468,143,-81,0
1149.3700640201569,10812,5224,10712,-232,-178,132,10212,-9280,8380,-11,186,-197,-15360,3732,2788,-947,122,-141,-14896,-2744,4720,-482,147,-108,0
1149.4061191082,10840,5164,10328,-3,-157,132,10072,-9228,8180,-13,187,-181,-14980,3356,2516,-966,115,-132,-14868,-2788,4724,-468,139,-90,0
1149.440050125122,10864,5204,10392,-242,-135,148,10176,-9328,8280,-28,167,-184,-14668,3652,2780,-921,135,-149,-15044,-2820,4560,-444,158,-62,0
1149.4735119342804,10996,5208,10324,-246,-127,135,10068,-9292,8368,-35,133,-201,-15000,3624,2612,-961,143,-161,-15028,-2732,4732,-454,178,-53,0
1149.5071251392365,10780,5180,10340,-266,-185,158,10112,-9224,8364,14,146,-221,-15024,3604,2820,-959,183,-108,-15048,-2764,4696,-458,210,-79,0
1149.5406000614166,10916,5140,10360,-254,-194,152,10184,-9308,8468,38,141,-228,-15000,3572,2640,-981,141,-163,-15204,-2824,4756,-484,223,-57,0
1149.5742700099943,10816,5088,10324,-211,-212,161,10056,-9272,8356,29,81,-219,-15076,3604,2912,-1009,146,-134,-15128,-2604,4832,-484,198,-67,0
1149.6079230308533,10880,5192,10416,-207,-204,142,10092,-9208,8392,55,138,-252,-15008,3624,2732,-1002,126,-182,-15084,-3012,4852,-489,229,-73,0
1149.6413760185242,10852,5180,10168,-215,-189,141,10228,-9292,8420,31,163,-226,-15100,3676,2720,-971,118,-165,-14872,-2780,4704,-447,188,-54,0
1149.6748490333555,10836,5236,10336,-5,-189,147,10172,-9220,8308,24,153,-222,-15072,3580,2760,-949,141,-180,-15124,-2788,4712,-447,158,-56,0
1149.7084820270538,11036,5232,10304,-190,-131,131,10184,-9228,8312,-32,146,-182,-15028,3632,2708,-966,80,-93,-15200,-2796,4764,-446,110,-95,0
1149.7421641349792,10868,5232,10392,-271,-108,137,10120,-9208,8444,31,131,-201,-15028,3700,2768,-1067,38,-74,-14956,-2752,4604,-486,161,-105,0
1149.7756371498108,10904,5284,10292,-213,-172,178,10152,-9196,8204,9,116,-167,-15072,3452,2564,-1008,131,-120,-15132,-2840,4736,-442,147,-73,0
1149.8091790676117,10860,5204,10256,-154,-141,127,10252,-9352,8248,-46,118,-217,-15048,3784,2576,-937,127,-172,-15080,-2624,4676,-442,229,-67,0
1149.8426871299744,10888,4868,10372,-249,-164,160,10220,-9340,8392,39,116,-229,-15052,3592,2808,-1079,67,-89,-15348,-2760,4688,-463,208,-86,0
1149.875731945038,10916,5052,10372,-136,-74,145,10260,-9264,8324,44,121,-172,-15048,3700,2896,-1061,49,-46,-15196,-2740,4732,-511,141,-143,0
1149.9089920520785,10936,5256,10452,-92,-57,100,10204,-9280,8240,-20,138,-156,-15036,3580,2660,-1038,53,-63,-14908,-2784,4772,-484,99,-157,0
1149.9423480033875,10876,4920,10340,-112,242,105,10152,-9200,8196,-68,169,-149,-14976,3532,2832,-1004,56,-41,-14992,-2720,4596,-496,118,-150,0
1149.9803459644318,10876,5112,10300,-75,-254,96,10160,-9224,8308,-46,121,-155,-15016,3564,2664,-1061,63,-82,-15340,-2760,4540,-472,178,-92,0
1150.0154941082,10924,5080,10332,-114,2,88,10188,-9004,8248,-24,143,-181,-14956,3572,2736,-1073,70,-45,-15204,-2732,4668,-508,197,-120,0
1150.051705121994,10888,5120,10240,-88,-1,99,10176,-9224,8348,-21,114,-170,-15088,3732,2888,-1067,39,-56,-15112,-2812,4824,-492,173,-102,0
1150.0877239704132,10904,5232,10476,-108,22,109,10184,-9308,8308,-256,128,-172,-15072,3816,2876,-1013,83,-69,-15172,-2780,5012,-471,150,-113,0
1150.1228981018069,10904,5164,10444,-97,-7,108,10176,-9304,8364,-5,156,-161,-15016,3604,2800,-1050,48,-46,-15312,-2900,4748,-538,168,-142,0
1150.1589300632477,10880,5156,10336,-87,-24,86,10140,-9304,8288,-61,138,-153,-15008,3684,2608,-1014,73,-51,-15140,-2844,4736,-504,81,-146,0
1150.1938209533691,10776,5212,10400,-98,-251,67,10196,-9236,8304,-94,160,-137,-15036,3596,2648,-957,23,-20,-15348,-2760,4648,-493,95,-151,0
1150.2293081283567,10868,5176,10540,-123,13,68,10024,-9236,8348,-93,155,-153,-14936,3360,2788,-990,66,-86,-15048,-2756,4716,-467,137,-135,0
1150.2649729251862,10972,5140,10324,-105,-19,69,10224,-9240,8300,-56,129,-158,-14936,3644,2616,-1000,93,-53,-15200,-2792,4712,-498,166,-123,0
1150.3007380962372,10844,5268,10352,-75,-26,98,10088,-9360,8420,-58,100,-162,-15056,3596,2660,-1049,88,-96,-15292,-2736,4724,-489,165,-129,0
1150.3361489772797,10952,5140,10300,-78,-13,77,10200,-9256,8480,-34,110,-177,-15008,3608,2568,-1056,41,-98,-15048,-2788,4608,-469,165,-151,0
1150.3718509674072,10904,5192,10508,-56,-20,76,10432,-9308,8248,-70,139,-179,-14940,3604,2840,-1033,27,-37,-15144,-2804,4608,-502,92,-173,0
1150.4080419540403,10936,5188,10312,-68,-23,62,10232,-9228,8348,-59,148,-148,-15048,3664,2956,-1046,19,-40,-15128,-2656,4632,-534,95,-207,0
1150.4433691501617,10496,5256,10456,-131,-7,74,10092,-9220,8556,-38,159,-127,-15044,3636,2760,-1050,22,-39,-15248,-2824,4820,-517,76,-134,0
1150.4792029857635,10628,5256,10172,-81,35,80,10096,-9268,8396,-128,140,-130,-15120,3556,2800,-982,94,-4,-15332,-2800,4700,-475,106,-122,0
1150.514533996582,10828,5148,10456,-138,-8,81,10248,-9364,8400,-69,131,-144,-14996,3824,2916,-957,99,-78,-15224,-2660,4672,-483,91,-115,0
1150.5501430034637,10952,5204,10260,-116,-29,84,10200,-9388,8332,-41,110,-156,-15032,3716,2680,-1033,102,-20,-15316,-2712,4692,-508,158,-127,0
1150.5856580734253,10812,5220,10436,-101,-16,125,10168,-9324,8300,-35,156,-164,-15148,3784,2700,-1091,116,-12,-15184,-2744,4776,-491,115,-149,0
1150.6217589378357,10868,5208,10284,-128,-28,91,10120,-9320,8292,-110,156,-156,-14992,3676,2788,-969,112,-77,-15252,-2756,4776,-454,120,-136,0
1150.6549520492554,10744,5220,10376,-144,-44,87,10176,-9296,8200,-74,154,-183,-14972,3632,2724,-1012,82,-118,-15036,-2736,4688,-462,162,-143,0
1150.6885480880735,10504,5212,10360,-119,-68,77,10148,-9360,8388,-35,147,-145,-14908,3744,2624,-1004,73,-80,-15100,-2676,4704,-493,133,-115,0
1150.722023010254,10832,5256,10364,-131,-47,129,10072,-9224,8532,-55,127,-170,-14896,3680,2612,-1277,89,-58,-15180,-2768,4732,-509,163,-126,0
1150.7556869983673,10824,5200,10396,-115,-70,111,10132,-9304,8308,-33,135,-175,-14940,3572,2792,-998,115,-57,-15028,-2816,4880,-475,150,-109,0
1150.7891991138458,10984,5272,10336,-155,-60,120,10152,-9340,8308,-31,157,-169,-15020,3680,2820,-984,117,-88,-14912,-2940,4792,-485,131,-135,0
1150.822725057602,10712,5248,10540,-129,-68,112,10104,-9280,8324,-18,130,-194,-14972,3636,2936,-1024,118,-140,-15268,-2808,4676,-492,160,-126,0
1150.8564610481262,10900,5240,10556,-133,-102,120,10088,-9396,8276,-56,119,-206,-14936,3584,2768,-1006,110,-140,-15004,-2796,4804,-499,161,-97,0
1150.8894619941711,10800,5244,10296,-122,-115,108,10220,-9312,8352,-91,132,-205,-15020,3564,2692,-969,108,-81,-15092,-2784,4784,-462,191,-134,0
1150.922877073288,10680,5244,10440,-143,-100,103,10156,-9236,8484,-69,158,-202,-15012,3700,2572,-975,109,-109,-15132,-2740,4672,-481,181,-132,0
1150.9563970565796,10844,5176,10440,-148,-66,106,10188,-9356,8328,-40,118,-204,-15004,3692,2736,-984,123,-109,-15160,-2692,4764,-486,145,-107,0
1150.9900119304657,10916,5208,10268,-144,-85,126,10104,-9304,8296,-17,110,-171,-14976,3612,2812,-997,123,-118,-15320,-2816,4812,-492,157,-104,0
1151.0235149860382,10812,5180,10456,-190,-45,121,9492,-9424,8360,-13,212,-224,-14904,3712,2884,-905,130,-131,-14852,-3016,4700,-491,172,-133,0
1151.0571351051333,10804,5260,10440,-160,-67,133,10160,-9264,8304,-52,120,-210,-15016,3684,2812,-931,190,-85,-15076,-2572,4804,-495,139,-93,0
1151.0905830860138,10932,5276,10724,-183,-104,120,10228,-9412,8392,-12,149,-165,-14964,3704,2676,-980,157,-129,-15312,-2820,4820,-523,174,-107,0
1151.124016046524,10708,5300,10252,-508,-108,135,10092,-9368,8404,24,158,-210,-14964,3684,2688,-769,147,-151,-15320,-2860,4632,-500,210,-58,0
1151.157438993454,10772,5216,10520,-185,-135,153,10108,-9272,8400,-69,129,-191,-14976,3632,2788,-944,151,-138,-15032,-2856,4632,-491,167,-91,0
1151.19082903862,10744,5212,10384,-236,-148,145,10136,-9404,8164,-52,158,-212,-15020,3696,2764,-920,122,-143,-15036,-2676,4892,-478,197,-75,0
1151.2242770195007,10720,5056,10336,-271,-178,116,10076,-9312,8288,33,150,-212,-14968,3708,2896,-1002,87,-105,-15100,-2740,4608,-465,212,-74,0
1151.2579219341278,10872,5272,10448,-236,-112,147,10200,-9368,8336,29,188,-172,-15068,3628,2808,-965,141,-145,-15036,-2748,4740,-472,181,-88,0
1151.291437149048,10828,5224,10416,-275,-149,123,10128,-9312,8320,24,175,-209,-15036,3644,2892,-937,172,-163,-15072,-2728,4876,-448,166,-98,0
1151.3247830867767,10832,5212,10500,-296,-181,132,10064,-9396,8220,7,161,-225,-15276,3676,2828,-958,153,-192,-15124,-2652,4740,-483,212,-70,0
1151.358402967453,10936,5164,10524,-255,-179,150,10264,-9416,8404,10,127,-219,-15028,3652,2728,-978,162,-153,-14856,-2804,4848,-468,223,-72,0
1151.3915750980375,10980,5204,10328,-241,-246,141,10088,-9212,8252,-10,138,-245,-15000,3596,2708,-964,163,-151,-15280,-2648,4676,-496,245,-61,0
1151.4250030517578,10904,5200,10336,-188,-206,135,10472,-9328,8348,-12,121,-242,-15352,3680,2752,-1011,149,-161,-15296,-2828,4408,-485,228,-55,0
1151.4585599899292,10900,5240,10432,-221,-203,139,10156,-9464,8444,3,115,-219,-15064,3664,2820,-974,192,-159,-15348,-2780,4752,-462,196,-91,0
1151.4920711517334,10912,5208,10496,-206,-187,134,10112,-9356,8404,253,131,-239,-15008,3612,2752,-956,189,-157,-15072,-2704,4676,-494,242,-77,0
1151.5254139900208,10824,5148,10368,-212,-192,160,10056,-9284,8336,-2,82,-220,-14984,3588,2752,-1004,196,-143,-15312,-2580,4736,-480,259,-63,0
1151.5589380264282,10800,5176,10416,-190,-193,178,10176,-9428,8628,-37,106,-227,-14992,3712,2632,-988,201,-155,-14856,-3060,4712,-480,230,-47,0
1151.5923659801483,10820,5156,10380,-221,-224,178,10176,-9296,8492,-77,86,-235,-14980,3768,2780,-959,202,-159,-15356,-2776,4660,-475,239,-50,0
1151.6256849765778,10984,5320,10360,-214,-219,155,10184,-9236,8416,-34,105,-260,-15068,3644,2696,-977,204,-160,-14868,-2668,4644,-476,258,-41,0
1151.663684129715,10940,5092,10288,-204,-502,169,10136,-9284,8368,1,104,-230,-15076,3648,2788,-983,196,-126,-15076,-2752,4680,-493,239,-47,0
1151.6997349262238,10988,5124,10572,-208,-222,138,10240,-9264,8380,14,137,-239,-15124,3588,2684,-966,195,-163,-15092,-2568,4544,-449,507,-40,0
1151.7349319458008,10884,5108,10492,-228,-261,187,10048,-9264,8436,255,92,-280,-15072,3584,2740,-1003,200,-228,-15164,-2656,4700,-488,295,-45,0
1151.7704091072085,11244,5320,10160,-99,-236,165,10164,-9228,8308,-255,73,-268,-15060,3636,2624,-1018,179,-138,-15088,-2664,4392,-504,284,-49,0
1151.8056809902191,10848,5344,10396,-184,-248,160,10268,-9352,8444,53,71,-265,-14872,3548,2660,-1036,162,-179,-15044,-2812,4664,-509,300,-36,0
1151.8409531116486,10884,5180,10308,-130,-213,196,10176,-9208,8352,-38,59,-510,-15132,3552,2728,-1010,6,-166,-15284,-2572,4400,-500,255,-27,0
1151.877392053604,10892,5180,10296,-203,-232,188,10212,-9260,8300,-58,82,-273,-15032,3432,2536,-954,198,-197,-15108,-2656,4632,-495,508,-23,0
1151.9123151302338,11072,5128,10204,-205,-231,208,10268,-9148,8576,-40,57,-225,-15076,3496,2636,-976,178,-139,-15120,-2720,4520,-498,206,2,0
1151.9480590820312,11060,5144,10268,-205,-172,206,10412,-9108,8300,-54,93,-149,-15260,3516,2672,-985,148,-19,-15220,-3016,4640,-479,109,-30,0
1151.9838650226593,10964,4868,10044,-206,-106,182,10288,-9268,8332,-61,83,-160,-14976,3548,2716,-937,224,-94,-15196,-2688,4528,-525,140,-21,0
1152.0191459655762,11068,5152,10408,-157,-164,228,10180,-9352,8280,-74,19,-176,-14972,3544,2428,-920,266,-85,-15336,-2700,4572,-462,188,33,0
1152.054125070572,11044,5124,10336,-183,-188,215,10300,-9204,8300,-61,89,-200,-15196,3552,2936,-926,212,-127,-15332,-2656,4640,-490,189,-65,0
1152.0896780490875,10944,4912,10224,-225,-199,211,10260,-9256,8444,-8,56,-226,-15028,3440,2588,-1038,179,-123,-14968,-2644,4752,-522,231,-54,0
1152.124745130539,10940,5064,10272,-189,-227,159,10136,-9468,8340,-250,68,-224,-14976,3544,2636,-952,192,-132,-14904,-2620,4840,-512,179,-69,0
1152.160620927811,10964,5104,10352,-221,-247,178,10160,-9220,8396,-19,80,-234,-14912,3512,2804,-947,199,-133,-15116,-2608,4396,-479,3,-26,0
1152.1961209774015,10904,4964,10472,-208,-253,183,10216,-9280,8452,-3,69,-241,-15032,3812,2712,-986,236,-197,-15160,-2636,4672,-468,268,-21,0
1152.2323400974274,11196,4872,10428,-224,-270,218,10284,-9264,8260,-53,15,-312,-15084,3516,2664,-930,275,-199,-15148,-2648,4704,-492,231,-19,0
1152.2674009799955,11064,5020,10280,-242,-304,219,10000,-9212,8288,-42,-3,-289,-15164,3480,2508,-914,296,-162,-15140,-2504,4516,-492,207,-33,0
1152.3029861450195,11164,5032,10464,-198,-276,203,10224,-9304,7980,20,10,-259,-15040,3516,2332,-911,253,-141,-15128,-2508,4548,-501,219,-49,0
1152.3365471363068,11016,4972,10304,-216,-282,198,10344,-9132,8160,24,56,-5,-15184,3524,2780,-907,250,-199,-15128,-2712,4576,-455,187,-64,0
1152.370087146759,11172,5088,10332,-245,-292,191,10440,-9124,8424,52,63,-269,-15204,3592,2692,-893,183,-231,-15136,-2568,4520,-482,223,-50,0
1152.4032700061798,11080,4988,10232,-273,-350,210,10264,-9032,8312,72,14,-283,-15308,3352,2580,-982,88,-199,-15252,-2612,4600,-767,247,-5,0
1152.4367389678955,11112,5072,10404,-3,-332,4,10476,-9088,8412,19,31,-222,-15072,3328,2568,-1045,75,-129,-15204,-2704,4516,-482,163,-22,0
1152.4702479839325,11168,5084,10092,-216,-295,216,10420,-9116,8364,-41,64,-220,-15264,3404,2496,-963,89,-90,-15168,-2716,4496,-481,114,-98,0
1152.5035691261292,11236,5000,10344,-265,-283,160,10324,-9164,8352,-53,167,-129,-14880,3536,2480,-969,26,-60,-15184,-2548,4532,-478,50,-99,0
1152.5393059253693,11252,4880,10144,-313,-206,182,10296,-9084,8336,-67,89,-148,-14852,3652,2212,-936,90,-59,-15092,-2648,4784,-497,65,-56,0
1152.5728621482847,11156,4968,10004,-218,-195,177,10376,-9080,8024,-92,114,-139,-14908,3508,2320,-937,100,-32,-15064,-2588,4576,-478,144,-130,0
1152.6066761016846,11160,4848,10096,-97,-123,146,10284,-9232,8292,-62,147,-160,-15312,3464,2092,-1057,74,-33,-15000,-2332,4248,-506,286,-149,0
1152.6399071216583,11192,4824,9800,3,-42,90,10304,-8980,7968,-25,192,-153,-15016,3388,2308,-1121,-54,254,-15152,-2400,4496,-494,161,-221,0
1152.673124074936,11248,4608,9844,36,283,-28,10212,-9172,8076,32,336,-23,-15152,3544,2396,-1212,-188,54,-15196,-2524,4320,-549,20,-315,0
1152.7069089412687,11084,4920,10108,63,466,-79,10324,-9176,8376,59,341,16,-15224,3456,2580,-1355,-243,52,-15308,-2720,4580,-525,34,-512,0
1152.74032497406,11100,5088,10692,-45,381,-87,10256,-9328,8492,73,365,-23,-15364,3596,2628,-1145,-137,74,-15112,-2836,4616,-502,-22,-282,0
1152.7741000652313,11272,5144,10540,-76,237,-64,10292,-9292,8484,-73,321,-48,-15224,3612,2764,-1006,-100,107,-15180,-2760,4796,-542,-92,-301,0
1152.8076031208038,11012,5124,10224,-20,215,-68,10164,-9004,8380,-152,321,-37,-15084,3620,2580,-991,-152,59,-15044,-2600,4652,-517,-49,-287,0
1152.8410789966583,10920,4972,10328,40,227,-15,10152,-9192,8256,-183,266,-49,-15080,3808,2748,-1019,-108,240,-15044,-2696,4612,-552,22,-243,0
1152.8745169639587,11040,5068,10332,-25,120,49,9984,-9172,8352,-154,154,-83,-14976,3548,2636,-974,42,45,-15164,-2736,4624,-501,-31,-159,0
1152.9077119827273,11080,5336,10188,-79,153,85,10212,-9208,8268,-170,234,-8,-15344,3632,2596,-994,43,76,-15316,-2564,4672,-476,-67,-131,0
1152.9409949779513,11060,5008,10388,-129,173,112,10444,-9252,8316,-127,220,16,-15136,3696,2796,-1040,-27,45,-15048,-2604,4812,-529,-29,-134,0
1152.9747409820557,10912,5044,10276,-119,115,165,10200,-9232,8640,-95,166,-8,-15012,3824,2772,-983,91,228,-15072,-2580,4596,-260,11,-96,0
1153.0081269741058,10928,5060,10344,-100,62,158,10216,-9256,8432,-102,118,-72,-14984,3636,2696,-982,126,250,-15144,-2696,4656,-538,16,-145,0
1153.0416121482847,10908,4940,10144,-56,78,135,10088,-9344,8336,-111,153,-57,-14928,3656,2628,-1006,42,53,-15140,-2660,4828,-597,4,-151,0
1153.074903011322,10976,4904,10036,-19,68,99,10192,-9264,8312,-88,135,-79,-15016,3644,2564,-1024,22,-249,-14900,-2668,4580,-533,255,-159,0
1153.1084089279175,10944,5052,10716,-45,131,51,10308,-9328,8328,-153,138,-59,-15028,3572,2772,-982,50,255,-15316,-2680,4692,-498,5,-156,0
1153.1417710781097,10976,5148,10368,-40,165,33,10276,-9284,8260,-178,208,-79,-15048,3832,2644,-945,24,39,-15124,-2676,4652,-463,-32,-184,0
1153.1753540039065,11000,4928,10360,-154,177,33,10116,-9348,8284,-62,232,-93,-15076,3644,2768,-1280,-51,11,-14852,-2596,4724,-505,60,-215,0
1153.2089540958405,10868,5104,10420,-98,119,43,10152,-9420,8240,-104,209,-82,-15024,3600,2604,-1271,-49,32,-15188,-2876,4668,-500,47,-211,0
1153.2423980236053,10940,5064,10340,-56,97,15,10228,-9352,8268,-143,292,-69,-15028,3616,2816,-926,-69,-14,-15004,-2700,4748,-481,67,-497,0
1153.276093006134,10912,5016,10492,-98,105,-11,10096,-9460,8260,-90,271,-122,-14944,3644,2688,-998,-78,-63,-15032,-2588,4804,-472,103,-251,0
1153.3117661476135,10828,5128,10264,-48,116,-3,10016,-9372,8204,-66,305,-93,-15000,3688,2888,-1063,-113,-52,-15060,-2760,4804,-553,92,-304,0
1153.3475849628448,10924,5236,10384,-39,113,-19,10116,-9224,8264,-14,327,-121,-15056,3600,2832,-987,-120,-56,-15300,-2792,4796,-536,75,-273,0
1153.3823010921478,10884,5236,10684,-91,70,-31,10096,-9316,8412,-89,301,-116,-15036,3652,2720,-957,-83,-96,-15072,-2804,4768,-513,81,-258,0
1153.4174630641935,10760,5272,10448,-88,29,21,10060,-9184,8612,-84,226,-147,-14908,3772,2636,-980,55,-66,-15032,-2792,4776,-532,169,-182,0
1153.452793121338,10792,5200,10380,-77,-109,83,10068,-9276,8396,-65,133,-171,-15104,3708,2784,-1035,135,-126,-14852,-2736,4964,-499,246,-77,0
1153.4886341094973,10692,5176,10396,-38,-51,146,9972,-9360,8188,-59,82,-169,-14968,4092,2984,-1012,270,-36,-15048,-2764,4612,-551,150,-69,0
1153.523607969284,10832,5128,10304,-17,6,193,10032,-9584,8232,-75,67,-66,-14928,3864,2636,-975,221,-256,-14880,-2620,5076,-569,80,-8,0
1153.5595231056213,10720,5120,10564,-18,91,231,10060,-9444,8348,-92,59,-72,-14924,3728,2780,-991,206,-37,-14856,-2740,4844,-558,86,-34,0
1153.5948939323423,10824,5132,10556,-51,6,240,10180,-9468,8340,-107,76,-90,-15056,3760,2708,-1040,125,-33,-15128,-3060,4776,-538,116,-70,0
1153.6302919387817,10760,5184,10436,-61,-57,183,10096,-9440,8308,-129,127,-137,-15124,3604,2704,-990,106,-67,-14880,-3068,4504,-501,123,-126,0
1153.6652960777285,10876,5288,10260,-97,-116,99,10100,-9308,8368,-118,211,-240,-15052,3580,2544,-1015,104,-113,-14956,-2728,4516,-490,307,-122,0
1153.701406955719,10580,5208,10252,-129,-206,92,10208,-8984,8400,-111,111,-280,-15060,3588,2692,-993,79,-225,-15064,-2760,4496,-455,274,-152,0
1153.7376971244812,10864,5172,10000,-114,-162,55,10052,-9276,8308,-75,133,-243,-14948,3792,2848,-934,51,-140,-14860,-2708,4728,-505,288,-122,0
1153.7727649211884,10688,5116,10380,-136,-99,84,9892,-9380,8404,-84,112,-209,-14840,3796,2840,-1007,182,-30,-15096,-3056,4800,-522,156,-89,0
1153.8087000846863,10864,5244,10268,-35,65,114,10176,-9392,8276,-78,37,-109,-14896,3872,2768,-966,238,-18,-15080,-2692,4700,-535,39,-47,0
1153.8441030979156,10848,5020,10696,-88,118,163,10020,-9608,8176,-87,135,-23,-14852,4012,3020,-1016,64,55,-14992,-2580,4628,-586,10,-75,0
1153.8796291351318,10804,5176,10464,-133,81,230,9980,-9412,8248,-71,103,255,-14988,3716,2672,-1091,129,16,-15036,-2824,4828,-583,32,-49,0
1153.9148960113525,10732,5332,10336,-66,34,228,10128,-9384,8284,-138,147,-33,-14964,3740,2748,-809,128,-3,-15088,-2824,4664,-524,74,-117,0
1153.9504709243774,10772,4988,10260,-129,-6,157,10108,-9692,8268,-115,137,-86,-15068,3728,2740,-1016,67,-248,-15076,-2796,4656,-517,117,-101,0
1153.9861869812012,10872,4928,10412,-118,-10,133,10124,-9328,8444,-52,192,-126,-15020,3564,2668,-1039,-21,-40,-15040,-2840,4680,-498,175,-148,0
1154.0197870731354,10848,4912,10544,-145,-60,57,10176,-9368,8324,-67,202,-210,-14980,3584,2740,-1028,-19,-157,-15020,-2856,4660,-443,189,-168,0
1154.0532801151276,10516,5276,10316,-166,-105,18,10096,-9392,8328,-73,224,-268,-15024,3676,2828,-922,-12,-161,-15072,-2904,4804,-436,235,-165,0
1154.0868589878082,10784,5232,10560,-173,-158,-10,10012,-9240,8348,-50,223,-280,-15060,3696,2860,-924,60,-151,-14876,-2724,4752,-436,248,-149,0
1154.1203141212463,10552,5328,10360,-166,-153,35,10020,-9380,8332,-43,153,-300,-14912,3764,2868,-912,90,-142,-15056,-2792,4728,-446,244,-126,0
1154.153694152832,10856,5312,10300,-182,-129,94,10168,-9512,8036,-94,104,-17,-14960,3696,2652,-969,131,-116,-15020,-2656,4740,-455,201,-97,0
1154.1873059272766,10764,5228,10432,-168,-170,121,10024,-9452,8156,-81,106,-227,-14928,3784,2660,-984,108,-131,-15124,-2604,4672,-482,187,-53,0
1154.2208161354065,10816,5212,10380,-152,-80,160,10072,-9476,8180,-50,90,-179,-14960,3764,2724,-963,208,-110,-15300,-2728,4816,-489,153,-27,0
1154.2544751167295,10792,5256,10636,-132,-46,173,10032,-9372,8180,-34,39,-150,-15020,3676,2704,-993,212,-53,-15188,-2788,4812,-487,139,-43,0
1154.2880921363833,10868,5236,10408,-179,-83,200,10000,-9724,8248,-56,74,-158,-15056,3740,2696,-992,174,-50,-15120,-2712,4644,-496,130,-28,0
1154.3217000961304,10820,5188,10576,-214,-110,175,10044,-9528,8272,-49,63,-168,-15012,3768,2724,-1008,185,-118,-14932,-2720,4660,-477,177,-28,0
1154.3548130989075,10752,5184,10444,-179,-131,156,10024,-9716,8000,-81,58,-218,-15016,3752,3108,-1016,137,-139,-15164,-2800,4756,-473,168,-83,0
1154.3881061077118,10720,5156,10392,-180,-97,133,10108,-9460,8260,-50,104,-156,-15068,3716,2716,-992,89,-85,-14996,-2760,4624,-497,125,-138,0
1154.4286179542542,10736,5128,10316,-188,-66,91,10004,-9492,8236,-33,142,-202,-14968,3672,2988,-964,80,-96,-15100,-2812,4724,-484,121,-108,0
1154.4619240760803,10984,5164,10476,-134,-59,81,10096,-9664,8436,-32,111,-175,-15116,3868,2660,-979,89,-134,-15156,-2760,4712,-451,106,-120,0
1154.4955079555511,10876,5120,10380,-103,-40,27,9980,-9532,8364,-73,207,-115,-15140,3760,2608,-1067,19,-68,-15212,-2580,4720,-521,98,-109,0
1154.5291719436646,10644,5164,10548,-195,245,114,9944,-9476,8424,-38,139,-102,-14856,3808,2888,-1103,32,-246,-14856,-2736,4788,-552,84,-111,0
1154.5621380805967,10816,5212,10432,-79,31,170,9976,-9360,8088,-111,129,-71,-14976,3700,2872,-1048,137,-13,-14864,-2744,4844,-530,102,-72,0
1154.5955700874329,10784,5156,10256,-124,11,180,10212,-9408,8176,-66,107,-93,-14836,3724,2552,-973,133,-65,-15092,-2348,4808,-537,42,-50,0
1154.6290919780731,10884,5336,10324,-137,255,203,10148,-9468,8120,-60,72,-77,-14936,3692,2404,-1128,155,228,-14856,-2704,4392,-568,114,-54,0
1154.662572145462,10744,5236,10456,-135,-33,206,10152,-9440,8020,255,28,-124,-15080,3836,2776,-1109,148,-25,-15004,-2804,4852,-258,119,-52,0
1154.6962411403656,10800,5288,10240,-154,-68,161,9988,-9256,8444,-24,110,-185,-14988,3720,2956,-1263,156,-72,-15036,-2872,4620,-467,136,-102,0
1154.7299299240112,10760,5196,10508,-205,-104,114,9996,-9392,8284,-71,189,-224,-15032,3724,3068,-1006,86,-172,-15108,-2836,4616,-462,204,-128,0
1154.7632801532743,10872,5272,10416,-173,-125,97,10128,-9220,8360,-47,195,-245,-15060,3676,2984,-1011,45,-190,-15092,-2812,4760,-404,186,-153,0
1154.796888113022,10768,5224,10220,-206,-166,42,10184,-9396,8224,-9,184,-280,-14892,3676,2748,-1050,54,-152,-15012,-2724,4860,-461,231,-134,0
1154.8305571079254,10744,5264,10344,-147,-167,39,10048,-9396,8360,-56,180,-253,-15352,3536,3268,-1092,80,-65,-15080,-2776,4728,-463,185,-126,0
1154.8639500141144,10720,5212,10320,-129,-93,97,10052,-9592,8348,-24,182,-173,-14964,3852,2664,-1035,52,-108,-14852,-2700,4944,-525,135,-202,0
1154.8973259925842,10676,5052,10524,-11,15,43,10124,-9552,8264,24,183,-179,-15064,3716,2700,-1080,-62,-149,-15124,-2764,4676,-463,153,-219,0
1154.9309959411619,10792,5320,10564,-166,-71,31,10188,-9360,8092,-15,191,-19,-14620,3704,2768,-1032,-16,-179,-14996,-2612,4604,-496,280,-105,0
1154.9640710353851,10504,5180,10600,-172,-229,122,10020,-9452,8252,-71,113,-237,-15096,3940,2316,-1030,165,-139,-15152,-2432,4844,-504,288,46,0
1155.001317024231,10868,4996,10380,-84,-125,219,10048,-9652,8240,67,24,-157,-15144,3988,2720,-1060,290,-67,-15232,-2724,4976,-553,134,-29,0
1155.036092042923,10836,4888,10528,-127,24,199,10208,-9520,8264,59,80,-66,-15068,3844,2764,-990,163,10,-15196,-2768,4968,-563,-31,-85,0
1155.0718920230865,10804,5128,10620,-138,101,180,10124,-9568,8340,-40,190,2,-15020,3836,2840,-987,62,74,-15100,-2800,4876,-597,-18,-104,0
1155.1074550151825,10664,5124,10664,-184,3,158,10040,-9712,8356,-26,165,-90,-15000,3676,2676,-997,138,-74,-14976,-2728,4712,-758,52,-70,0
1155.1434750556946,10988,5208,10288,-135,-88,153,10068,-9392,8240,-61,176,-163,-14956,3692,2736,-918,145,-173,-14996,-2856,4440,-533,159,-111,0
1155.1792809963226,10740,5244,10452,-13,-213,126,10136,-9412,8452,66,210,-208,-15032,3792,2644,-1013,55,-183,-15120,-2576,4736,-519,240,-96,0
1155.2144820690155,10840,5264,10452,-170,-197,127,10060,-9360,8256,49,155,-227,-15036,3608,2628,-993,95,-169,-15208,-2884,4724,-484,205,-69,0
1155.249962091446,10768,5252,10404,-175,-227,129,10012,-9468,8264,17,117,-4,-14960,3660,3036,-960,186,-166,-15044,-2816,4672,-478,200,-84,0
1155.2854840755465,10792,5184,10084,-218,-221,158,10028,-9692,8300,41,95,-255,-14992,3692,2564,-1012,148,-201,-15108,-2700,4704,-500,221,-89,0
1155.3212230205536,10692,5212,10188,-171,-223,175,10072,-9360,8332,97,117,-177,-14996,3760,2696,-772,141,-134,-15348,-2612,4744,-522,195,-37,0
1155.356157064438,10972,5200,10460,-235,-215,190,10164,-9360,8324,33,78,-207,-14972,3828,2564,-952,188,-142,-14908,-2600,5080,-502,153,-36,0
1155.392480134964,10828,5184,10476,-234,-232,219,9752,-9488,8404,26,56,-207,-14948,3644,2760,-935,266,-106,-15148,-2640,4724,-520,173,-19,0
1155.4275779724119,10796,4868,10416,-162,-213,234,10068,-9436,8344,64,84,-201,-15012,3732,2868,-990,193,-106,-15048,-2612,4692,-517,188,-40,0
1155.4635829925535,10752,5132,10304,-159,-228,204,10048,-9368,8212,17,49,-192,-14908,3748,2652,-1009,191,-156,-15336,-2644,4372,-263,159,-70,0
1155.4994819164276,10832,5104,10272,-85,-188,171,10196,-9316,8268,-16,70,-218,-14932,3588,2736,-1033,149,-121,-15080,-2436,4736,-494,182,-106,0
1155.5345759391785,10944,4960,10344,-123,-129,111,10108,-9456,8084,254,90,-204,-15024,3684,2664,-1065,79,-96,-15096,-2628,4652,-502,155,-126,0
1155.571151971817,10864,5124,10308,-87,-39,89,10144,-9392,8328,-256,176,-159,-15060,3728,2776,-1115,-10,-64,-15184,-2680,4644,-516,164,-143,0
1155.6072149276733,10856,4896,10348,-59,18,51,10036,-9356,8372,-9,193,-160,-15060,3612,2648,-1098,255,-44,-15048,-2796,4848,-511,131,-191,0
1155.6440200805664,10816,5192,10252,-53,-16,48,10068,-9360,8348,-100,158,-188,-14952,3684,2580,-1045,43,-83,-15136,-2616,4692,-492,110,-198,0
1155.677852153778,10844,5148,10324,-7,0,67,10108,-9396,8340,-16,149,-134,-15068,3816,2616,-1092,-250,-58,-15240,-2724,4612,-529,107,-161,0
1155.7111721038818,10828,5120,10572,-127,14,80,10104,-9472,8320,52,171,-112,-15072,3616,2700,-1046,-36,-94,-15196,-2828,4792,-489,113,-145,0
1155.7447600364683,10620,5296,10392,-88,1,98,9736,-9432,8668,-53,160,-154,-15004,3628,2928,-995,94,-75,-15192,-2768,4716,-493,74,-114,0
1155.7783000469208,10896,5212,10424,-43,3,112,10124,-9388,8336,-121,144,-122,-15088,3804,2764,-992,89,-19,-15344,-2596,4724,-522,27,-110,0
1155.8117430210114,10876,5220,10344,-65,14,145,10056,-9332,8260,-105,145,-76,-15048,3680,2832,-1070,56,32,-15348,-2720,4588,-536,54,-101,0
1155.8454489707947,10796,5252,10388,-105,41,145,10084,-9416,8184,-108,106,-88,-14604,3736,2664,-1029,109,32,-15144,-2640,4844,-496,45,-85,0
1155.8790230751038,10704,5188,10272,-123,55,142,10228,-9224,8280,-104,80,-111,-14996,3780,2760,-983,186,250,-14924,-2700,4896,-507,64,-80,0
1155.9123549461365,10844,5356,10696,-99,53,134,10096,-9524,8232,-85,39,-143,-14868,3704,2672,-1012,187,-39,-15000,-2660,4768,-492,145,-84,0
1155.9456870555878,10760,5356,10336,-98,-9,126,10220,-9452,8180,-56,91,-188,-14864,3660,2788,-970,177,-82,-14908,-2576,4804,-541,172,-114,0
1155.979043006897,10800,5160,10516,-90,-75,95,10004,-9264,7972,-17,144,-207,-14952,3720,2776,-1048,60,-95,-14920,-2708,4828,-528,178,-108,0
1156.0124690532684,10936,5232,10472,-97,-51,112,10160,-9540,8380,-12,120,-201,-14988,3648,2612,-1035,59,-135,-14924,-2624,4776,-257,173,-153,0
1156.045951128006,10844,5096,10552,-128,-42,58,10000,-9376,8416,-17,169,-204,-14968,3748,2828,-1031,32,-106,-14884,-2844,5036,-513,146,-149,0
1156.0794501304629,10776,5248,10384,-138,-42,45,10052,-9448,8256,-40,180,-198,-14984,3724,2732,-1025,39,-61,-15132,-2664,4708,-469,136,-116,0
1156.1129529476166,10832,5184,10564,-139,-38,70,10132,-9484,8196,-71,186,-188,-14988,3700,2744,-953,69,-98,-15100,-2728,4756,-481,134,-117,0
1156.1461980342865,10716,5168,10356,-165,-63,71,10020,-9440,8380,-59,163,-206,-15044,3736,2792,-947,108,-152,-15096,-2736,4788,-488,173,-153,0
1156.1798920631409,10792,5212,10404,-144,-84,90,10124,-9404,8328,-23,169,-208,-15060,3716,2744,-988,66,-157,-15052,-2728,4700,-486,188,-169,0
1156.2135720252993,10820,5304,10700,-125,-69,64,10044,-9396,8276,-27,231,-177,-14936,3724,2808,-1040,-5,-108,-15152,-2724,4716,-502,165,-163,0
1156.247076034546,10908,5284,10496,-137,-88,68,10060,-9404,8256,-20,177,-208,-14968,3744,2696,-1044,61,-55,-15164,-2816,4816,-490,162,-165,0
1156.2805321216583,10820,5280,10648,-117,-64,74,10012,-9724,8276,-45,162,-177,-14912,3696,2968,-1022,89,-52,-14992,-2720,4776,-492,120,-130,0
1156.3141181468964,10832,5232,10620,-153,-89,134,10136,-9708,8372,-58,129,-165,-14924,3776,2712,-1033,137,-79,-15080,-2736,4840,-509,129,-90,0
1156.3476519584656,10592,5308,10736,-98,-70,140,10080,-9404,8196,-59,129,-142,-14968,4000,2868,-1070,116,-75,-14944,-2772,4696,-521,132,-89,0
1156.3810319900513,10728,5272,10368,-140,-85,154,10108,-9564,8352,-44,119,-155,-14964,3728,3044,-1054,106,-100,-15016,-2724,4872,-258,125,-65,0
1156.414474964142,10696,5216,10252,-105,-51,124,9928,-9524,8444,-54,84,-192,-14940,3656,2924,-1089,95,-49,-15160,-2744,4920,-484,183,-93,0
1156.4479520320892,10736,5208,10532,-166,-111,141,9984,-9704,8268,-61,79,-229,-14888,3784,2480,-1033,144,-111,-14980,-2580,5092,-471,140,-107,0
1156.481430053711,10876,5108,10152,-102,-66,93,10104,-9480,8272,-79,157,-194,-15104,3584,2820,-931,102,-106,-15136,-2632,4724,-486,121,-153,0
1156.5149130821228,10820,5168,10424,-211,-83,80,10072,-9472,8228,1,125,-187,-14876,3820,2632,-769,55,-83,-15076,-2716,4776,-503,167,-124,0
1156.5482680797577,10764,5276,10288,-172,-64,119,10064,-9412,8296,-32,127,-195,-15004,3648,2724,-931,191,-89,-15128,-2688,4396,-469,158,-60,0
1156.581864118576,10964,5308,10676,-126,-73,94,10156,-9464,8328,-128,122,-216,-15020,3756,2776,-933,217,-72,-15040,-2584,4804,-486,168,-134,0
1156.6154999732971,10972,5348,10420,-201,-152,107,10136,-9532,8396,6,121,-198,-15072,3824,2980,-1035,94,-77,-15304,-2620,4644,-481,191,-104,0
1156.6488790512085,10884,5208,10260,-196,-95,131,10072,-9720,8124,13,142,-200,-14960,3708,2772,-1035,118,-118,-15344,-2792,4784,-518,169,-88,0
1156.6854529380798,10728,5232,10396,-226,-118,119,9964,-9552,8040,7,156,-209,-15044,3608,2848,-927,186,-119,-15120,-2824,4980,-470,116,-109,0
1156.7210450172424,10968,5152,10480,-276,-150,95,10004,-9544,8404,4,192,-255,-14988,3724,2736,-905,165,-158,-15152,-2672,4760,-498,157,-98,0
1156.7561421394348,10760,5204,10456,-231,-164,145,10072,-9532,8272,55,131,-207,-14904,3720,2628,-937,153,-163,-15076,-2572,4716,-496,177,-76,0
1156.7923150062559,10768,5020,10292,-509,-213,164,9772,-9252,8392,52,118,-197,-14916,3720,2736,-959,184,-116,-15100,-2608,4744,-486,183,-56,0
1156.8284771442413,10884,5120,10384,-254,-243,173,10044,-9476,8384,41,109,-244,-15064,3732,2688,-971,184,-180,-15096,-2640,4436,-478,184,-57,0
1156.8634989261627,10888,5160,10252,-271,-246,173,9996,-9468,8308,56,93,-236,-15040,3780,2664,-979,184,-119,-15088,-2668,4760,-498,191,-72,0
1156.8987770080569,10788,5100,10360,-266,-217,158,10088,-9432,8332,82,48,-233,-15096,3804,2764,-1004,181,-156,-15096,-2760,4832,-501,245,-75,0
1156.93394613266,10852,5256,10472,-255,-231,168,9988,-9348,8284,81,96,-234,-15092,3832,2688,-995,202,-137,-15140,-2700,4804,-501,247,-67,0
1156.9695389270785,10900,5140,10416,-237,-236,163,10076,-9400,8204,29,108,-231,-15048,3740,2584,-996,190,-158,-15156,-2788,4620,-470,208,-58,0
1157.0048949718475,11196,4924,10472,-222,-219,133,10100,-9472,8324,8,110,-492,-14940,3684,2612,-975,138,-138,-15060,-2636,4864,-469,205,-81,0
1157.0408370494845,10884,5104,10248,-188,-215,137,10180,-9420,8296,37,151,-208,-15076,3716,2780,-982,130,-130,-15104,-2680,4668,-484,151,-94,0
1157.0773930549622,10896,5084,10400,-153,-150,153,10204,-9432,8368,1,68,-207,-15000,3624,2740,-1015,138,-95,-15132,-2640,4580,-499,185,-97,0
1157.1123659610748,10884,5104,10340,-183,-155,128,10052,-9340,8216,-13,101,-202,-15032,3676,2804,-994,143,-89,-15160,-2572,4632,-509,144,-118,0
1157.1481630802155,10904,5076,10720,-60,-44,103,10280,-9420,8340,-38,121,-153,-15132,3740,2700,-1004,68,-60,-15092,-2620,4608,-559,114,-163,0
1157.1836700439453,10964,5012,10272,-105,-28,87,10152,-9368,8228,-11,146,-155,-15068,3720,2740,-1120,35,-37,-14876,-2572,4732,-523,143,-132,0
1157.2196700572968,10828,5184,10244,-39,60,95,10132,-9384,8536,-76,125,-133,-14992,3644,2944,-1080,49,-21,-15324,-3012,4816,-486,94,-191,0
1157.2549109458923,10956,5120,10264,-66,-1,57,10240,-9472,7932,-43,88,-195,-14780,3596,2800,-1049,40,-57,-14988,-2580,4756,-507,144,-167,0
1157.2908301353455,10932,5308,10304,-103,31,50,9972,-9336,8288,-27,200,-147,-15032,3792,2388,-1056,37,-43,-15336,-2660,4736,-528,133,-159,0
1157.3276619911194,10888,5216,10704,-68,9,77,10152,-9364,8348,-65,166,-131,-15028,3708,2792,-1014,72,-5,-15152,-2764,5116,-532,71,-173,0
1157.3613131046295,10812,5192,10496,-132,28,34,9992,-9460,8324,-83,194,-132,-15028,3720,2764,-975,67,-59,-14864,-2700,4748,-513,37,-202,0
1157.3947439193726,10864,5156,10480,-142,31,79,10048,-9248,8336,-87,170,-127,-14884,3688,2724,-956,97,-92,-14956,-2684,4776,-522,64,-142,0
1157.4282939434052,10808,5144,10432,-99,-1,111,10076,-9520,8392,-34,132,-140,-14976,3636,2724,-983,125,-80,-15008,-2656,4712,-527,78,-126,0
1157.4620089530945,10780,5096,10356,-89,-20,110,9980,-9488,8232,-52,114,-149,-14964,3748,2596,-1034,85,-70,-15208,-2624,4648,-533,128,-129,0
1157.4955461025238,10716,5176,10404,-72,-25,121,10084,-9412,8304,-48,116,-159,-15052,3812,2776,-1028,84,-47,-15108,-2796,4732,-538,133,-111,0
1157.529047012329,11060,5144,10352,-116,-31,96,9992,-9452,8324,-46,211,-153,-14976,3644,2364,-1270,72,-52,-15024,-2680,4688,-517,138,-124,0
1157.5631680488589,10952,5216,10524,-134,-63,108,10164,-9444,8312,-21,163,-173,-14976,3708,2664,-1057,78,-95,-15044,-2692,4712,-535,131,-142,0
1157.5968050956726,10852,5264,10464,-92,-48,94,10240,-9456,8556,-75,119,-175,-14992,3572,2776,-1013,88,-65,-15076,-2792,4764,-518,146,-144,0
1157.6304240226746,10808,5156,10360,-129,-31,98,10064,-9720,8320,-105,151,-157,-15000,3716,2608,-982,124,-95,-15168,-2712,5032,-511,105,-150,0
1157.6641221046448,10796,5220,10424,-119,-44,94,10208,-9400,8232,-106,175,-199,-14940,3600,2724,-982,117,-95,-15048,-2752,4796,-526,122,-118,0
1157.6975481510162,10836,5136,10296,-116,-13,99,10068,-9420,8284,-52,146,-145,-15048,3768,2544,-1001,130,-41,-14860,-2700,4640,-516,113,-135,0
1157.7310371398926,10820,5096,10324,-107,-33,96,9792,-9708,8320,-15,140,-167,-14860,3684,2400,-926,79,-70,-15072,-2684,4844,-517,131,-112,0
1157.7642459869385,10812,5136,10448,-124,-67,87,10072,-9608,8312,-58,170,-181,-14928,3716,2680,-1015,113,-115,-15112,-2796,4692,-499,141,-100,0
1157.7978661060333,10856,5252,10456,-61,-66,108,10172,-9440,8216,-89,125,-166,-15104,3676,2760,-996,93,-89,-15156,-2616,4744,-534,129,-148,0
1157.8312730789185,10852,5096,10500,-150,-60,88,10192,-9480,8416,-21,183,-149,-15008,3816,2676,-1040,50,-60,-15012,-2676,4848,-534,136,-140,0
1157.86483502388,10772,5160,10456,-146,-41,114,10044,-9436,8248,-19,124,-172,-14980,3648,2768,-1048,107,-44,-15080,-2848,5104,-532,121,-74,0
1157.8981411457062,10780,5232,10496,-109,-54,111,10088,-9408,8248,-94,102,-176,-15088,3620,3020,-939,143,-67,-15168,-2684,4704,-505,145,-130,0
1157.931666135788,10812,5140,10432,-166,-75,90,10100,-9484,8156,-55,125,-170,-14996,3808,2984,-1002,78,-85,-15112,-2668,4660,-522,119,-157,0
1157.96484208107,10916,4920,10316,-98,-27,99,10120,-9360,8312,5,139,-137,-15024,3780,2576,-1062,59,-21,-15020,-2736,4780,-539,153,-135,0
1157.9984459877014,10752,5228,10576,-129,-24,110,10096,-9336,8312,-17,160,-174,-14884,3668,2692,-990,94,-26,-15036,-2748,4872,-504,89,-149,0
1158.0315771102903,10724,5236,10336,-146,-45,69,10104,-9532,8188,-60,157,-180,-14916,3708,2624,-958,117,-125,-15328,-2776,4780,-499,119,-132,0
1158.0648419857023,10808,5220,10568,-154,-65,107,10044,-9448,8260,-66,142,-177,-15028,3820,2596,-981,100,-130,-15028,-2636,4740,-261,166,-109,0
1158.0986869335175,10772,5180,10700,-121,-75,109,10068,-9632,8372,-246,138,-186,-14980,3656,2632,-772,125,-94,-15088,-2712,4640,-537,169,-126,0
1158.13183093071,10676,5184,10340,-107,-103,116,9956,-9364,8400,-23,124,-188,-14948,3684,2640,-1035,121,-84,-15316,-2800,4804,-529,162,-104,0
1158.1650490760803,10788,5168,10384,-124,-87,110,10044,-9404,8288,-34,145,-193,-14848,3784,2800,-978,124,-98,-15088,-2668,4736,-502,145,-132,0
1158.1985011100767,10716,5144,10312,-130,-79,120,10076,-9496,8032,-25,147,-156,-15080,3672,2684,-991,119,-91,-15344,-2692,4768,-504,103,-107,0
1158.2320959568024,10720,5212,10508,-142,-78,106,10036,-9504,8232,-33,170,-181,-14992,3652,2740,-1010,110,-70,-15020,-3004,4792,-532,139,-137,0
1158.2654221057892,10764,5148,10544,-140,-95,118,10036,-9220,8400,-47,163,-172,-14684,3692,2672,-1011,116,-56,-15080,-2712,4636,-521,131,-120,0
1158.2989461421969,10804,5164,10436,-141,-109,113,10044,-9728,8424,-46,129,-212,-14964,3776,2744,-969,119,-118,-15100,-2604,4712,-494,168,-107,0
1158.3322520256045,10776,5168,10444,-139,-94,114,10108,-9496,8172,-55,141,-170,-14980,3760,2772,-1007,156,-141,-15116,-2664,4808,-518,167,-84,0
1158.3691461086273,10780,5164,10456,-132,-96,122,10200,-9448,8272,-15,129,-188,-15020,3688,2768,-985,88,-38,-15104,-2696,4812,-535,153,-120,0
1158.4040129184723,10820,5236,10408,-131,-62,99,10092,-9468,8228,-256,156,-183,-14996,3724,2912,-1015,119,-115,-15096,-2816,4692,-500,175,-138,0
1158.4398329257963,10760,5216,10532,-140,-103,107,10092,-9432,8324,-40,161,-187,-15036,3612,2668,-971,120,-109,-15080,-2704,4712,-512,186,-131,0
1158.475536108017,10832,5196,10336,-124,-94,104,10164,-9340,8160,-72,141,-179,-14984,3764,2780,-973,125,-84,-15208,-2688,4756,-490,96,-125,0
1158.5112810134888,10796,5192,10280,-128,-71,108,10044,-9556,8384,-47,153,-142,-14880,3712,3044,-983,96,-19,-15052,-2736,4776,-536,122,-127,0
1158.5459539890287,10768,5320,10376,-156,-98,136,10044,-9444,8304,-21,116,-141,-14892,3712,2744,-1009,129,-66,-15064,-2816,4660,-527,178,-100,0
1158.5813291072845,10996,5248,10392,-114,-42,114,10176,-9240,8424,-97,134,-183,-14968,3800,2848,-963,132,-70,-15140,-2812,4860,-485,153,-122,0
1158.6175010204315,10952,5180,10448,-161,-114,103,10180,-9528,8140,-41,176,-166,-14960,3612,2748,-982,75,-104,-15012,-2808,4692,-535,176,-108,0
1158.6525311470032,10880,5208,10400,-137,-114,132,10140,-9356,8272,18,175,-175,-15024,3728,2624,-1010,90,-102,-15028,-2836,4796,-523,199,-92,0
1158.688063144684,10496,5272,10352,-174,-136,100,10176,-9436,8308,-14,194,-196,-14972,3708,2736,-953,172,-79,-15092,-2728,4868,-486,147,-102,0
1158.7234909534454,10780,5200,10604,-246,-173,124,10044,-9236,8264,-35,162,-218,-15008,3836,2880,-871,161,-165,-15060,-2712,4612,-497,182,-52,0
1158.7590019702911,10780,5168,10460,-206,-213,137,9944,-9524,8336,-7,159,-214,-14964,3608,2764,-900,191,-112,-14968,-2672,4660,-487,168,-52,0
1158.7945849895475,10704,5140,10256,-233,-230,155,9732,-9480,8268,21,124,-238,-14972,3716,3004,-930,170,-167,-15220,-2728,4796,-510,202,-89,0
1158.8299551010132,10804,5164,10428,-198,-184,137,10084,-9568,8200,-8,127,-233,-15080,3844,2656,-948,152,-108,-14904,-2656,4776,-499,174,-64,0
1158.865091085434,10960,5212,10516,-255,-204,153,10124,-9476,8320,39,158,-196,-14900,3736,2652,-933,138,-165,-15356,-2748,4852,-484,178,-90,0
1158.9003629684448,10912,5136,10528,-1,-182,127,10136,-9516,8284,53,131,-211,-15016,3736,2704,-964,151,-118,-15200,-2692,4680,-497,208,-74,0
1158.9354960918429,10884,5176,10408,-274,-220,148,10020,-9252,8260,51,108,-219,-14928,3656,2616,-966,163,-145,-15068,-2580,4740,-471,191,-58,0
1158.971363067627,10960,5244,10740,-214,-217,168,9960,-9340,8292,16,117,-233,-15064,3728,2916,-941,180,-165,-15140,-2788,4772,-467,214,-48,0
1159.0076270103455,10828,4904,10264,-206,-244,155,10040,-9232,8240,-14,108,-209,-15048,3672,2712,-911,145,-124,-15288,-2748,4804,-502,154,-90,0
1159.0409021377563,10916,5148,10504,-270,-207,134,10124,-9280,8332,46,153,-209,-15008,3700,2668,-970,103,-90,-15052,-2612,4764,-496,185,-73,0
1159.0745010375977,10876,5144,10464,-286,-208,147,10176,-9308,8248,73,128,-215,-14956,3540,2760,-946,166,-98,-14984,-2792,4768,-470,175,-101,0
1159.1081249713898,10888,4880,10248,-198,-164,115,10044,-9428,8308,46,131,-244,-15052,3828,2804,-910,187,-123,-15084,-2588,4764,-258,177,-97,0
1159.1416039466858,10916,5064,10340,-265,-225,160,10168,-9520,8452,50,102,-188,-14992,3776,2776,-923,170,-150,-15020,-2616,4808,-552,175,-74,0
1159.1750149726868,10812,5328,10320,-197,-135,190,10148,-9372,8296,60,80,-162,-15016,3664,2612,-945,184,-96,-15140,-2704,4624,-558,139,-54,0
1159.208545923233,10872,5164,10348,-131,-126,189,10200,-9336,8368,-17,90,-159,-15092,3684,2596,-966,169,-39,-15012,-2816,4728,-556,128,-116,0
1159.2420530319214,10920,5124,10328,-129,-102,142,10140,-9444,8372,-58,162,-160,-14852,3624,3036,-985,106,-33,-15152,-2828,4632,-543,153,-118,0
1159.2755749225616,10860,5100,10348,-150,-126,100,10148,-9484,8600,-57,148,-187,-15004,3676,2424,-960,119,-52,-15048,-2624,4648,-538,158,-124,0
1159.309278011322,10928,5036,10296,-96,-40,78,10060,-9464,8316,-49,138,-180,-15012,3712,2336,-951,79,-84,-15288,-2772,4676,-518,189,-166,0
1159.3428239822388,10884,5048,10440,-114,-56,84,10084,-9368,8136,-93,145,-185,-15004,3700,2588,-1002,53,-136,-15080,-2740,4780,-491,165,-154,0
1159.3760230541227,10940,5104,10480,-75,-51,102,10128,-9456,8360,-50,130,-182,-14968,3796,2600,-1005,42,-74,-15036,-2772,4764,-534,203,-183,0
1159.4095649719238,10948,5132,10436,-79,-24,57,10096,-9408,8276,-24,194,-157,-15020,3744,2744,-1013,22,-61,-14984,-2840,4760,-530,178,-160,0
1159.4461410045624,10944,5140,10396,-84,-52,99,10032,-9332,8348,-45,158,-156,-15068,3768,2692,-1008,44,-23,-15092,-2764,4740,-557,132,-139,0
1159.480381011963,10864,5188,10324,-55,-20,62,10076,-9412,8400,-84,148,-157,-14972,3732,2668,-951,90,-40,-15096,-2576,4856,-538,128,-107,0
1159.5139300823212,10804,5180,10464,-81,-254,92,10088,-9428,8268,-74,151,-161,-14976,3728,2636,-982,68,-53,-15296,-2664,4728,-537,124,-137,0
1159.5474290847778,10972,5184,10296,-84,10,112,10084,-9484,8420,-59,141,-139,-15048,3732,2396,-953,79,-67,-15104,-2728,4604,-543,135,-139,0
1159.5809631347656,10836,5348,10068,-86,-15,90,10012,-9400,8448,-65,158,-157,-15272,3684,2768,-967,82,-66,-15112,-2744,4656,-521,126,-114,0
1159.6148490905762,10924,5172,10464,-101,-34,101,10068,-9424,8424,-44,148,-178,-14972,3728,2860,-1006,59,-65,-15080,-2684,4696,-523,134,-112,0
1159.6480569839478,10964,5220,10292,-119,-46,96,10088,-9448,8404,-71,138,-171,-14940,3740,2776,-990,113,-45,-15088,-2612,4692,-518,153,-143,0
1159.6816649436953,10820,5160,10296,-96,-22,83,10084,-9476,8300,-78,163,-167,-14984,3720,2776,-968,95,-45,-15088,-2772,4648,-529,162,-110,0
1159.715266942978,10848,5212,10444,-101,-50,103,10108,-9436,8200,-50,164,-164,-14940,3804,2712,-769,73,-78,-15104,-2748,4844,-516,153,-119,0
1159.7486290931702,10952,5120,10608,-99,-57,62,9828,-9412,8280,-53,151,-163,-14960,3832,2632,-1016,80,-100,-15180,-2720,4688,-547,136,-135,0
1159.7822949886322,10844,5232,10272,-73,-13,108,10124,-9500,8216,-77,149,-157,-15008,3800,2548,-978,109,-48,-15128,-2684,4832,-556,128,-152,0
1159.815845966339,10792,5100,10464,-99,-35,124,10092,-9400,8220,-75,145,-185,-14976,3800,2796,-1002,110,-49,-15352,-2736,4792,-537,152,-127,0
1159.849282026291,10784,5104,10492,-83,-50,97,10068,-9528,8312,-74,141,-142,-15060,3668,2564,-1024,46,-69,-15300,-2612,4704,-529,163,-107,0
1159.8827641010284,10860,5160,10704,-155,-80,120,9988,-9352,8348,-94,120,-188,-14948,3784,2780,-948,98,-111,-14880,-2708,4728,-502,154,-128,0
1159.9161801338196,10816,5184,10384,-81,-66,61,10116,-9516,8272,-71,177,-169,-15048,3792,2680,-932,27,-116,-14924,-2652,4728,-509,128,-133,0
1159.949805021286,10892,5172,10320,-188,-66,96,10012,-9408,8284,-14,157,-160,-14992,3708,2820,-1006,-39,-54,-15284,-2640,4796,-440,217,-130,0
1159.983412027359,10796,5208,10192,-176,-20,129,10088,-9428,8368,-38,159,-181,-14972,3616,2716,-954,52,-88,-15132,-2920,4716,-415,321,-146,0
1160.0168390274048,10896,5168,10448,-178,-106,66,10148,-9456,8332,-68,198,-237,-14976,3756,2716,-948,-24,-94,-15080,-2640,4664,-423,367,-130,0
1160.0538759231567,10936,5272,10504,-184,-63,115,10068,-9440,8236,39,151,-165,-14928,3728,2652,-1006,-97,-102,-15024,-2788,4856,-451,328,-147,0
1160.0901930332184,10752,5212,10332,-200,-63,133,10180,-9448,8416,0,185,-152,-14944,3684,2664,-990,-26,-254,-15192,-3040,4636,-435,219,-122,0
1160.1250269412994,10884,5232,10304,-244,-52,114,9688,-9456,8228,-6,233,-203,-14876,3708,2988,-868,-3,-100,-15136,-2676,4852,-344,287,-120,0
1160.1604950428007,10824,5084,10332,-231,-67,174,10224,-9408,8360,-2,130,-167,-15000,3772,2564,-873,3,-55,-15072,-2720,4396,-379,505,-131,0
1160.195778131485,10884,5180,10308,-278,-84,177,10068,-9408,8328,57,189,-221,-15024,3796,2860,-883,-64,-116,-15340,-3004,4644,-355,502,-111,0
1160.2314641475677,10760,5208,10332,-228,-105,152,10044,-9412,8188,-255,147,-185,-14996,3788,2824,-948,-24,-111,-15272,-2752,4828,-354,442,-103,0
1160.2675280570984,10892,5264,10368,-216,-147,154,10112,-9420,8316,-12,154,-206,-15068,3808,3060,-985,20,-120,-15116,-2872,4692,-278,327,-94,0
1160.302339076996,10920,5176,10512,-185,-43,112,10096,-9552,8356,-23,182,-184,-15060,3788,2812,-1007,-42,-115,-15088,-2704,4548,-241,363,-101,0
1160.3374259471893,10868,5220,10636,-260,-33,138,10172,-9396,8268,29,209,-181,-15016,3836,2696,-1023,-47,-105,-15204,-2780,4720,-296,284,-84,0
1160.372712135315,10920,4880,10376,-506,-45,90,10028,-9412,8440,-13,203,-185,-15036,3716,2812,-1032,23,-78,-15132,-2768,4584,-353,104,-78,0
1160.4075601100922,10808,4884,10308,-206,-43,105,10020,-9416,8332,-45,170,-210,-14668,3712,2832,-985,85,-142,-15344,-2764,4476,-320,209,-47,0
1160.4431040287018,10824,5104,10276,-1,-86,132,10108,-9340,8296,-28,168,-217,-14888,3744,2732,-1278,92,-79,-14888,-2744,4572,-378,192,-82,0
1160.4783411026,10792,5048,10352,-227,-5,141,9964,-9444,8380,46,152,-178,-14960,3800,3056,-1037,28,-134,-15344,-2748,4596,-400,246,-110,0
1160.5141849517822,10788,5156,10280,-204,-60,111,10076,-9460,8628,25,133,-215,-14940,3644,3056,-983,94,-93,-15100,-2952,4560,-379,288,-90,0
1160.5498299598694,10740,5096,10512,-217,-87,112,9952,-9468,8308,-21,160,-226,-14980,3728,2760,-956,41,-162,-15080,-2804,4584,-384,322,-86,0
1160.5850410461426,10868,5192,10448,-178,-72,112,10096,-9360,8332,-41,161,-180,-14852,3764,2848,-962,16,-101,-15200,-2672,4552,-409,184,-114,0
1160.6209790706635,10852,5072,10280,-221,-61,105,10016,-9424,8252,-22,176,-152,-14960,3664,2756,-1011,16,-76,-15192,-2552,4324,-412,214,-144,0
1160.6576499938965,10844,5148,10320,-231,-76,118,10072,-9428,8376,-31,156,-165,-14924,3796,2760,-1106,118,-99,-15108,-2832,4608,-432,116,-85,0
1160.693903923035,10984,5200,10500,-189,-100,102,9768,-9652,8456,-93,93,-166,-14984,3696,2744,-1049,141,-126,-15088,-2640,4588,-477,123,-131,0
1160.7274250984192,10780,4956,10448,-207,-122,119,9884,-9428,8296,-16,133,-168,-15016,3780,2864,-1072,102,-80,-15060,-2584,4496,-436,236,-107,0
1160.7609269618988,10864,5132,10444,-184,-85,137,10068,-9420,8628,5,160,-155,-14996,3832,3052,-1044,73,-99,-15252,-2728,4576,-447,1,-114,0
1160.7945079803467,10808,5168,10260,-157,-58,113,10016,-9424,8360,253,135,-196,-14960,3772,2932,-1038,98,-134,-15220,-2772,4496,-529,131,-138,0
1160.827980041504,10912,5132,10260,-130,-75,84,10136,-9372,8308,-50,337,-105,-14840,3760,2664,-969,183,-104,-15124,-2696,4524,-263,62,-123,3
1160.861519098282,10876,5156,10408,-179,-80,99,10076,-9408,8416,-71,176,-143,-14988,3684,2736,-953,149,-130,-15044,-2788,4540,-478,137,-151,3
1160.8948791027067,10820,5092,10400,-219,-111,98,10000,-9516,8248,-37,190,-181,-15008,3688,2980,-987,153,-88,-15196,-2644,4560,-483,170,-120,3
1160.9284150600433,10832,5032,10548,-149,-88,127,10084,-9392,8280,-35,112,-193,-14928,3772,2800,-1044,168,-58,-15228,-2648,4412,-483,177,-96,3
1160.9619550704956,10804,5092,10300,-207,-105,133,10060,-9400,8000,-38,139,-193,-14996,3740,2772,-1005,138,-106,-15352,-2680,4584,-500,130,-96,3
1160.995551109314,10756,5084,10716,-154,-27,115,10012,-9720,8228,-19,168,-157,-15048,3680,2708,-1011,96,-94,-15112,-2788,4572,-539,140,-136,3
1161.029305934906,10900,5064,10460,-145,-63,83,10020,-9692,8304,-9,172,-161,-14932,3616,2948,-1005,85,-112,-14908,-2756,4692,-526,136,-122,3
1161.062427997589,10536,5088,10416,-157,-102,92,10060,-9276,8440,-24,164,-186,-14812,3864,2740,-1009,144,-83,-14868,-2728,4516,-514,52,-97,3
1161.09588098526,10636,5120,10744,-181,-127,111,10036,-9380,8396,-51,200,-156,-15008,3864,2728,-950,22,-79,-15296,-2720,4388,-529,111,-152,3
1161.1294100284576,10848,5100,10292,-199,-172,97,10044,-9508,8420,-43,199,-191,-14984,3792,2880,-945,64,-144,-15212,-2700,4780,-557,98,-128,0
1161.162934064865,10944,5112,10684,-178,-159,98,10004,-9440,8332,-17,183,-198,-14972,3796,2976,-951,169,-164,-15084,-2652,4564,-514,78,-111,0
1161.1965670585632,10756,5056,10460,-200,-191,138,9748,-9492,8340,4,129,-207,-14940,3800,2888,-926,211,-168,-15212,-2692,4608,-565,135,-82,0
1161.230348110199,10824,5064,10388,-197,-211,124,9740,-9396,8308,21,154,-210,-14876,3740,2700,-984,160,-189,-15108,-2764,4472,-535,87,-68,0
1161.2635400295258,10812,5184,10424,-212,-198,116,10136,-9464,8196,-48,196,-229,-15084,3844,2764,-903,195,-105,-15140,-2764,4580,-502,78,-87,0
1161.2973110675812,11040,5096,10416,-205,-182,120,10000,-9488,8332,-13,190,-183,-14920,3788,2956,-939,167,-123,-15192,-2692,4580,-572,52,-116,0
1161.3308379650116,10864,5092,10444,-268,-217,136,10040,-9420,8340,44,139,-166,-14888,3692,2752,-1007,161,-131,-15152,-2736,4536,-568,75,-75,0
1161.3642389774325,10888,5072,10516,-188,-142,174,10044,-9392,8428,10,101,-180,-15008,3660,2820,-989,204,-111,-15284,-2592,4516,-557,32,-110,0
1161.3978300094604,10920,5160,10464,-171,-202,121,10056,-9388,8488,-14,118,-203,-14960,3824,2776,-948,201,-131,-15360,-2724,4404,-571,56,-138,0
1161.4312961101532,10984,5020,10476,-211,-222,103,10000,-9436,8276,29,89,-206,-15016,3676,2700,-968,172,-73,-15228,-2720,4840,-586,27,-80,0
1161.4648261070251,10888,5152,10348,-152,-194,129,10212,-9376,8280,42,119,-173,-15000,3836,2780,-941,196,-99,-15108,-2740,4660,-589,-20,-109,0
1161.4982759952543,10900,5056,10580,-150,-147,113,9740,-9244,8388,-4,127,-183,-14968,3720,3012,-1000,225,-96,-15012,-2696,4860,-597,-75,-104,0
1161.5317540168762,10848,5052,10380,-165,-185,137,9972,-9496,8368,-255,127,-161,-14888,3780,2668,-944,261,-121,-15268,-2764,4620,-645,-54,-102,0
1161.5655360221863,10844,5320,10256,-142,-179,143,10116,-9444,8380,-22,89,-158,-15000,3772,2628,-945,223,-116,-15080,-2724,4464,-594,13,-113,0
1161.599002122879,10828,4960,10548,-203,-512,155,9960,-9464,8360,-22,102,-198,-14932,3736,2712,-965,238,-117,-15100,-2692,4672,-585,83,-58,0
1161.6324589252472,10756,4932,10084,-114,-194,155,10224,-9384,8408,-26,99,-217,-14988,3752,2704,-974,263,-108,-15184,-2512,4644,-596,68,-78,0
1161.6658420562744,10964,5080,10280,-144,-186,148,10100,-9384,8384,-253,95,-212,-15092,3796,2956,-977,195,-128,-15112,-2632,4660,-559,88,-109,0
1161.6994349956512,10924,4960,10460,-123,-161,122,10076,-9352,8372,-5,114,-206,-15036,3664,2532,-1019,157,-133,-15052,-2708,4664,-575,77,-128,0
1161.737564086914,10968,5028,10476,-59,-131,113,10016,-9428,8340,-21,104,-200,-14964,3756,2632,-1047,170,-99,-15152,-2636,4696,-627,-4,-123,0
1161.772686004639,10948,5032,10388,-37,-76,91,9956,-9404,8244,-95,109,-184,-14996,3808,2808,-1029,154,-72,-15152,-2644,4684,-620,14,-159,0
1161.8079640865326,10784,5012,10256,-28,-70,66,10136,-9400,8316,-70,166,-186,-14976,3652,2604,-1078,98,-78,-15068,-2736,4696,-616,31,-173,0
1161.8436861038208,11044,5052,10460,-37,-55,57,9940,-9408,8336,-57,156,-167,-15000,3796,2604,-1072,100,-19,-15148,-2732,4848,-597,56,-131,0
1161.8795239925385,10948,5124,10344,-25,32,83,10032,-9328,8428,-82,140,-149,-14976,3740,2700,-1038,139,-83,-14892,-3012,4684,-592,69,-139,0
1161.9146220684052,10940,5072,10384,-52,-21,63,9960,-9340,8340,-77,157,-183,-14972,3708,2900,-1044,110,-87,-14856,-2964,4812,-593,148,-132,0
1161.9503381252289,11028,5080,10408,-41,-22,86,10028,-9496,8408,-95,143,-154,-15028,3824,2732,-1006,129,-76,-15168,-2888,4680,-596,90,-122,0
1161.9855151176453,10900,5084,10484,-12,30,89,10148,-9424,8388,-68,143,-119,-15052,3868,2712,-1045,106,-30,-15104,-2648,4676,-616,68,-179,0
1162.0210671424866,10912,5176,10372,-86,28,101,10008,-9492,8416,-42,156,-127,-15036,3724,2800,-1052,109,-50,-15152,-3028,4628,-557,88,-134,0
1162.0571241378784,10928,5236,10296,16,52,94,10076,-9408,8292,-152,150,-153,-15068,3616,3032,-1016,129,-79,-15116,-2744,4604,-564,100,-176,0
1162.0921981334686,10904,5076,10352,-93,-9,82,9992,-9696,8216,-99,141,-150,-14920,3724,2616,-1022,106,-24,-15332,-2732,4712,-535,124,-135,0
1162.1277730464935,10828,5096,10272,-56,35,101,10004,-9368,8236,-65,105,-126,-14880,3780,2756,-1082,92,-64,-15060,-3064,4648,-591,139,-120,0
1162.1633200645447,10936,5344,10348,-59,16,117,10080,-9432,8352,-69,128,-138,-15016,3800,2728,-773,83,-57,-15076,-2788,4824,-552,114,-153,0
1162.1991720199585,10840,5116,10300,-72,33,58,10036,-9548,8380,-61,183,-166,-15252,3772,2700,-774,78,-72,-15204,-2700,4640,-561,132,-178,0
1162.2341759204865,10908,5136,10412,-71,254,97,10208,-9488,8268,-79,110,-160,-15016,3796,2696,-1010,80,-28,-15056,-2880,4700,-582,135,-172,0
1162.269961118698,10824,5240,10608,-115,-66,84,10000,-9392,8280,-50,165,-175,-14876,3800,2724,-1066,64,-49,-15044,-2804,4756,-559,164,-142,0
1162.3054881095886,10948,5160,10368,-72,-27,90,9540,-9452,8364,-36,186,-184,-14948,3736,2756,-1011,59,-111,-15048,-2900,4768,-537,145,-141,0
1162.341073036194,10860,5188,10304,-108,-77,88,10012,-9388,8372,-54,151,-192,-14948,3772,2652,-960,92,-104,-15048,-2720,4780,-518,147,-155,0
1162.37740111351,10808,5352,10304,-125,-30,92,9948,-9392,8272,-51,174,-155,-15100,3608,2980,-769,95,-90,-15032,-2856,4688,-552,168,-120,0
1162.4107570648193,10920,5192,10372,-97,-91,118,9736,-9288,8368,-59,128,-185,-15008,3792,2664,-1065,126,-43,-14992,-2800,4764,-547,187,-109,0
1162.4442360401154,10876,5204,10336,-104,-104,134,10088,-9336,8288,-45,64,-217,-14988,3800,2756,-1008,115,-60,-15052,-2836,4764,-543,150,-78,0
1162.4778320789335,10788,5204,10324,-75,-67,109,10164,-9432,8396,-109,166,-188,-15292,3668,3080,-974,86,-93,-15220,-2824,4732,-518,148,-135,0
1162.5112960338593,10876,5152,10440,-141,-66,62,9964,-9540,8412,-71,178,-193,-15064,3736,2772,-1029,28,-177,-15060,-2712,4832,-543,173,-152,0
1162.5448870658875,10824,5224,10420,-170,-125,110,10024,-9420,8372,3,131,-193,-15004,3764,2644,-1004,120,-85,-15028,-2848,4732,-525,169,-109,0
1162.578428030014,10816,5196,10436,-48,-74,113,10056,-9708,8388,-123,88,-217,-14944,3764,2668,-977,179,-55,-14968,-2776,4652,-521,157,-107,0
1162.61172413826,10848,4880,10388,-141,-126,122,10024,-9516,8392,-32,87,-204,-15012,3820,2544,-1011,137,-110,-15096,-2784,4844,-533,161,-116,0
1162.645080089569,10992,5120,10312,-50,-48,123,10188,-9240,8264,-72,99,-146,-15036,3584,2716,-1006,97,-90,-15064,-2760,4764,-571,128,-122,0
1162.6787209510803,10888,5172,10392,-96,-35,107,10232,-9420,8348,-34,101,-146,-14992,3796,3000,-1024,83,-76,-15336,-2808,4708,-570,89,-153,0
1162.712324142456,10772,5248,10492,-121,-54,97,10028,-9480,8408,-87,126,-142,-15016,3712,2736,-1036,67,-17,-14960,-2792,4636,-264,105,-156,0
1162.745656967163,10832,5156,10400,-161,-70,82,9744,-9344,8180,-82,204,-150,-15032,3776,2712,-1266,73,-39,-14856,-2780,4844,-528,118,-129,0
1162.7792410850525,10772,5164,10380,-85,-60,101,9772,-9540,8200,-71,135,-196,-15012,3792,2676,-1013,84,-59,-15080,-2856,4704,-564,160,-118,0
1162.8128600120544,10704,5196,10352,-112,-92,124,10028,-9464,8236,-45,130,-196,-15000,3780,2716,-1021,100,-132,-15156,-2796,4664,-527,214,-113,0
1162.8466119766235,10764,5136,10392,-113,-102,90,10024,-9536,8200,-49,148,-202,-14956,3796,2576,-1024,57,-137,-15108,-2904,4668,-518,184,-131,0
1162.8799510002136,10924,5216,10360,-150,-100,124,10080,-9436,8176,-13,159,-195,-15012,3812,2732,-1054,79,-97,-15112,-2744,4784,-528,176,-128,0
1162.9135029315948,10896,5204,10416,-121,-78,107,10052,-9512,8200,-37,133,-188,-14956,3704,2732,-1037,94,-13,-15044,-2804,4688,-533,133,-126,0
1162.9470870494845,10740,5284,10400,-151,-94,122,10112,-9512,8248,-55,141,-157,-14992,3780,2636,-986,104,-57,-15084,-2840,4656,-516,147,-119,0
1162.9802000522614,10784,5168,10480,-120,-85,122,10032,-9468,8248,-33,139,-169,-15016,3716,2760,-978,80,-121,-15012,-2756,4716,-514,149,-88,0
1163.0138010978699,10880,5160,10276,-193,-100,112,9992,-9572,8236,-26,136,-169,-14964,3768,2880,-954,156,-124,-15096,-2912,4588,-763,150,-83,0
1163.0472719669342,10760,5212,10480,-194,-126,114,10024,-9492,8428,244,156,-195,-14992,3796,2708,-940,127,-96,-15108,-2900,4828,-500,161,-113,0
1163.0805571079254,10756,5212,10452,-204,-154,105,10036,-9636,8452,-8,202,-204,-15012,3852,2784,-932,147,-114,-15220,-2796,4684,-480,200,-109,0
1163.114009141922,10804,5216,10532,-221,-209,133,10028,-9556,8352,-9,147,-194,-14988,3804,2772,-985,145,-148,-15324,-2808,4812,-514,171,-116,0
1163.147390127182,10864,5156,10428,-227,-175,140,10216,-9484,8288,-243,160,-209,-14984,3780,2680,-945,167,-129,-15056,-2836,4600,-469,172,-50,0
1163.1807861328125,10804,5192,10372,-234,-162,130,10032,-9720,8228,-3,169,-201,-14936,3696,2672,-957,166,-183,-15028,-2704,4740,-482,171,-74,0
1163.2144780158997,10860,5152,10448,-243,-190,161,10120,-9532,8348,28,129,-195,-15020,3696,2612,-952,190,-129,-15260,-2728,4624,-498,187,-90,0
1163.2480931282043,10908,5120,10516,-508,-197,170,10020,-9484,8336,37,123,-211,-14924,3768,2796,-934,167,-119,-15184,-2804,4552,-498,156,-49,0
1163.281571149826,10916,5132,10524,-275,-196,148,10000,-9456,8252,31,118,-221,-15068,3740,2716,-942,123,-156,-15028,-2780,5024,-479,177,-67,0
1163.3151140213013,10928,5024,10312,-279,-248,174,10064,-9440,8296,45,104,-221,-15092,3776,2584,-987,129,-178,-14868,-2772,4668,-471,220,-80,0
1163.3486320972445,10972,5124,10524,-241,-249,173,10000,-9248,8272,51,135,-231,-14936,3724,2608,-990,142,-131,-15072,-2780,4748,-472,172,-66,0
1163.381901025772,10932,5224,10168,-255,-211,162,10084,-9516,8204,82,106,-235,-15020,3780,2800,-952,121,-134,-15296,-2672,4720,-477,176,-76,0
1163.4196491241455,10928,5124,10284,-253,-231,160,10208,-9464,8440,84,125,-251,-15068,3708,2612,-960,112,-167,-15168,-2756,4660,-468,203,-74,0
1163.4548020362854,11196,4912,10144,-510,-236,143,9996,-9280,8372,22,125,-229,-15092,3624,2852,-922,174,-140,-14912,-2660,4656,-257,140,-112,0
1163.4911589622498,10776,5356,10456,-156,-136,126,10108,-9388,8352,6,113,-169,-14952,3760,2688,-1007,29,-65,-15176,-2788,4764,-526,140,-121,0
1163.5272600650787,10904,5364,10572,-214,-198,168,9748,-9396,8268,32,111,-167,-15036,3652,2584,-1095,83,-71,-15116,-2936,4768,-539,145,-96,0
1163.5625679492953,10852,5184,10280,-68,-39,125,10020,-9336,8428,-57,124,-180,-15004,3796,2744,-981,98,-84,-14972,-2956,4588,-492,173,-133,0
1163.5987350940704,10876,4984,10164,-121,-83,87,10160,-9372,8300,-48,158,-158,-15296,3768,2684,-1111,-22,-48,-15252,-2620,4428,-548,171,-151,0
1163.633887052536,11052,5000,10068,-89,35,126,10144,-9392,8300,26,129,-81,-14940,3692,2696,-1102,-17,-5,-15100,-2900,4588,-514,70,-110,0
1163.669240951538,10784,5180,10488,-135,22,79,10048,-9408,8316,-51,164,-113,-15020,3756,2812,-1023,50,-46,-15032,-2944,4664,-491,94,-185,0
1163.7049770355225,10964,4936,10504,-125,-35,63,9952,-9580,8404,-16,185,-173,-15080,3780,2760,-990,51,-95,-14864,-2832,4820,-505,194,-142,0
1163.7407140731812,10776,5152,10352,-140,-87,96,9968,-9452,8412,-24,149,-246,-14880,3748,2668,-962,114,-160,-14976,-2852,4704,-262,216,-110,0
1163.775501012802,10844,5060,10340,-175,-154,112,10048,-9344,8260,-52,147,-232,-14868,3828,2648,-1006,99,-94,-15092,-2796,4680,-511,178,-104,0
1163.8111250400543,10908,5136,10344,-106,-118,103,10104,-9328,8376,-53,162,-175,-15032,3780,2744,-974,104,-91,-15240,-2724,4688,-527,138,-76,0
1163.84716796875,10924,4928,10472,-171,-95,129,9980,-9424,8272,-87,126,-155,-14948,3620,2668,-959,159,-37,-15160,-2592,4700,-472,91,-77,0
1163.8823280334473,11000,5072,10120,-158,-51,184,10008,-9524,8284,-81,119,-145,-15080,3696,2600,-977,165,-82,-15192,-2572,4560,-532,115,-74,0
1163.9175300598145,10960,5064,10404,-139,-100,192,10032,-9416,8332,-50,81,-135,-15056,3756,2812,-778,114,-74,-15328,-2604,4652,-544,138,-56,0
1163.952877998352,10940,5244,10256,-137,-63,180,10136,-9348,8452,-107,99,-162,-14976,3700,2804,-993,118,-43,-15104,-2892,4764,-525,155,-132,0
1163.9876761436465,10976,5140,10264,-113,-78,111,10040,-9432,8336,-72,142,-195,-15072,3980,3012,-1011,139,-97,-15060,-2760,4700,-502,157,-117,0
1164.0237641334534,10952,5056,10168,-115,-76,87,10084,-9664,8392,-82,152,-203,-14900,3768,2356,-985,55,-48,-15196,-2784,4724,-525,130,-179,0
1164.0596389770508,10888,5116,10284,-86,251,41,10096,-9384,8404,-31,188,-164,-14988,3716,2808,-1028,20,-63,-15112,-3028,4812,-503,83,-178,0
1164.0931100845337,10964,5108,10300,-157,-1,51,10004,-9516,8440,-32,182,-166,-14956,3744,2648,-1034,38,-107,-15100,-3036,4748,-482,150,-116,0
1164.1268510818481,10792,5140,10424,-173,-91,94,9952,-9380,8192,-74,134,-189,-14900,3816,2840,-996,146,-113,-15064,-2816,4732,-477,139,-94,0
1164.1601281166077,10892,5156,10420,-102,-85,114,9968,-9400,8304,-80,120,-178,-14972,4092,2716,-958,161,-65,-14940,-2660,4624,-511,86,-92,0
1164.1936480998993,10884,5016,10408,-125,-61,137,10048,-9520,8240,-52,126,-152,-14968,3776,2620,-1017,53,-45,-15016,-2760,4700,-767,99,-144,0
1164.227021932602,10852,5132,10316,-132,-64,141,9760,-9300,8472,-30,149,-142,-14948,3788,2820,-1040,57,-72,-15140,-2808,4400,-270,93,-99,0
1164.2603669166565,10904,5200,10448,-88,3,104,10092,-9552,8344,-83,144,-154,-15032,3764,2628,-977,105,-99,-15048,-2892,4592,-479,144,-110,0
1164.2941031455994,10852,5152,10252,-184,-57,92,10084,-9504,8404,-34,177,-165,-15092,3736,2612,-1014,45,-98,-15088,-2564,4396,-484,162,-141,0
1164.3276851177216,10888,5088,10336,-145,-87,112,9996,-9396,8304,-32,154,-159,-14948,3712,2668,-1046,20,-43,-15024,-2800,4776,-514,187,-88,0
1164.3610990047455,10860,5220,10456,-134,-54,112,10136,-9332,8288,-31,153,-177,-14900,3736,2692,-982,122,-87,-15352,-2732,4624,-474,136,-114,0
1164.3942310810087,10900,4884,10452,-170,-51,127,9996,-9444,8260,-59,149,-159,-15080,3768,2688,-973,95,-105,-15152,-2620,4672,-264,117,-137,0
1164.427698135376,11144,5136,10344,-159,-50,111,10048,-9436,8348,-20,167,-156,-15004,3884,2740,-993,70,-73,-14860,-2780,4732,-511,126,-138,0
1164.465826034546,10868,5044,10308,-135,-21,101,9996,-9520,8340,-3,116,-183,-14980,3824,2748,-1012,85,-70,-14996,-2772,4812,-499,153,-134,0
1164.4995141029358,10888,5164,10428,-143,-39,97,10064,-9512,8276,-21,141,-195,-14940,3648,2788,-1035,67,-114,-15052,-3028,4804,-501,170,-137,0
1164.5330929756165,10868,5116,10696,-183,-85,97,10068,-9384,8320,-23,168,-191,-14988,3824,3056,-1001,66,-142,-15344,-2588,5092,-505,172,-134,0
1164.566880941391,10856,5172,10412,-195,-83,95,9964,-9232,7952,-17,168,-209,-14948,3800,2860,-963,81,-131,-15056,-2800,4764,-497,163,-155,0
1164.600513935089,10912,5252,10416,-204,-101,118,10060,-9412,8336,-36,134,-179,-14948,3796,2820,-967,68,-125,-15036,-2892,4720,-503,169,-118,0
1164.6338479518893,10796,5248,10360,-184,-91,131,9784,-9272,8656,-66,144,-203,-15028,3732,2612,-981,111,-100,-15352,-2884,4852,-491,163,-107,0
1164.6671969890594,10828,5184,10400,-141,-108,133,10024,-9704,8296,-60,131,-211,-15092,3644,2760,-965,85,-126,-15088,-2736,4560,-502,194,-102,0
1164.7007060050964,10992,5180,10260,-150,-67,128,10100,-9404,8448,-39,117,-189,-14964,3772,3028,-947,106,-124,-15100,-2768,4712,-499,176,-111,0
1164.7343380451205,10928,5056,10348,-153,-82,108,10164,-9416,8328,-25,118,-183,-15068,3736,2672,-1034,83,-108,-15108,-2816,4624,-504,154,-126,0
1164.7677969932556,10908,5144,10440,-153,-58,91,10052,-9568,8332,-7,154,-209,-15012,3728,2844,-1029,55,-100,-15196,-2796,4628,-488,160,-120,0
1164.8013310432434,10940,5120,10500,-151,-83,105,10040,-9244,8236,-17,136,-207,-14896,3748,2716,-1050,68,-56,-15064,-2860,4616,-503,172,-133,0
1164.8346960544586,10920,5172,10356,-140,-121,93,9924,-9408,8548,-55,154,-219,-14952,3648,2792,-986,105,-142,-15108,-2820,4728,-485,196,-108,0
1164.8682260513306,10832,5180,10360,-170,-92,122,10044,-9400,8404,-73,153,-172,-14900,3740,2708,-981,103,-113,-15092,-2768,4696,-468,129,-102,0
1164.901526927948,10900,5124,10300,-168,-57,119,10024,-9516,8364,-22,143,-150,-14968,3804,2700,-987,75,-91,-15140,-2900,4544,-498,77,-152,0
1164.9350039958954,10948,5164,10320,-215,-64,99,10072,-9504,8172,-8,189,-127,-15000,3824,3068,-998,53,-32,-15020,-2776,4756,-507,106,-114,0
1164.968451976776,10836,5244,10576,-140,242,82,9956,-9360,8396,-83,227,-146,-15100,3672,2616,-998,48,-71,-14980,-2796,4672,-475,74,-155,0
1165.0020229816437,10848,5024,10392,-175,-52,77,10024,-9464,8444,-54,182,-165,-14972,3684,2680,-1029,36,-122,-15040,-2840,4820,-494,178,-166,0
1165.0355989933014,10824,5064,10364,-127,-62,82,10004,-9356,8340,-26,146,-188,-14896,3632,2652,-1061,36,-98,-15096,-2852,4624,-507,236,-141,0
1165.0716979503632,10884,5368,10480,-126,-80,130,9964,-9372,8268,-36,144,-196,-14992,3728,2788,-1036,96,-81,-15356,-2944,4840,-516,116,-138,0
1165.1075439453125,10960,5264,10452,-156,-14,94,10164,-9588,8680,-11,173,-177,-14980,3800,2616,-987,65,-54,-15008,-2860,4632,-490,109,-146,0
1165.142883062363,10940,5152,10456,-197,-30,120,10012,-9508,8372,-23,180,-117,-14896,3864,2612,-987,87,-90,-14988,-2892,4836,-515,130,-106,0
1165.177535057068,10912,5148,10452,-161,-62,138,9852,-9228,8424,-32,135,-190,-14996,3676,2624,-990,140,-105,-14964,-3048,4664,-486,140,-106,0
1165.213415145874,10852,5120,10312,-154,-67,137,9984,-9520,8360,-56,114,-197,-14948,3748,2768,-988,129,-89,-15100,-2828,4564,-506,187,-80,0
1165.2492361068726,10984,4968,10460,-125,-74,152,10052,-9376,8276,-44,106,-183,-15024,3760,3016,-982,112,-130,-15304,-2580,4660,-487,190,-126,0
1165.2845840454102,10852,5216,10464,-136,-64,127,10116,-9492,8336,-7,126,-194,-14976,3792,2864,-1014,109,-88,-15108,-2788,4592,-490,160,-149,0
1165.3206679821014,10928,5128,10292,-155,-57,107,9940,-9448,8316,-11,152,-193,-15028,3752,2744,-1025,83,-67,-15176,-2756,4828,-515,178,-117,0
1165.3560740947723,10816,5068,10316,-152,-76,115,10192,-9336,8292,-45,167,-200,-15052,3828,2732,-998,103,-138,-15100,-2772,4700,-510,166,-113,0
1165.3920760154724,10932,5132,10252,-158,-100,139,10052,-9408,8148,-74,149,-172,-14944,3836,2640,-969,115,-69,-14856,-3048,4460,-504,155,-125,0
1165.4275810718536,10880,5308,10056,-128,-75,133,9952,-9364,8384,-58,121,-168,-15056,3788,2844,-986,84,-79,-15176,-3060,4644,-492,125,-149,0
1165.4633150100708,10864,5092,10112,-148,-66,113,10016,-9480,8308,-47,173,-182,-14868,3768,2616,-997,55,-69,-15092,-3032,4704,-517,154,-132,0
1165.4981710910795,10924,5168,10388,-121,-40,130,10012,-9228,8292,-32,104,-186,-14924,3752,2776,-998,80,-90,-15004,-2600,4596,-504,159,-99,0
1165.5340819358826,10876,5168,10356,-155,-77,108,10012,-9524,8268,-15,138,-189,-14920,3684,2592,-1011,99,-118,-14864,-2960,4772,-489,165,-121,0
1165.5698981285095,10892,4868,10280,-174,-107,88,9972,-9728,8208,30,195,-204,-14944,3880,2876,-1001,86,-122,-15068,-2848,4844,-494,501,-100,0
1165.6054430007935,10796,5092,10460,-161,-164,92,10008,-9504,8484,-48,172,-245,-15024,3824,2836,-954,94,-185,-15124,-2860,4840,-507,190,-134,0
1165.6407670974731,11180,4896,10304,-162,-131,108,10088,-9424,8244,-63,172,-196,-15016,3796,2888,-925,80,-69,-15240,-2720,4744,-499,69,-137,0
1165.6758959293365,10964,5140,10352,-132,-72,87,10216,-9284,8420,-50,179,-122,-14992,3876,2880,-1280,9,-41,-15164,-2780,4604,-765,59,-154,0
1165.713380098343,10844,5136,10448,-215,-48,98,9888,-9404,8364,17,157,-141,-15096,3756,2780,-1058,66,-50,-15156,-2840,4400,-500,126,-70,0
1165.7471179962158,10872,5236,10476,-109,-23,150,10032,-9256,8280,-79,96,-156,-14980,3700,2652,-1040,125,-61,-14988,-2960,4860,-484,159,-112,0
1165.7806050777435,10840,5044,10396,-154,-109,93,10016,-9452,8272,-38,117,-202,-14972,3852,2772,-1025,71,-103,-15008,-2768,4400,-500,198,-152,0
1165.8143379688263,10940,5040,10296,-135,-97,105,10076,-9532,8480,23,137,-154,-14980,3708,3004,-1076,10,-78,-15032,-2940,4760,-512,186,-150,0
1165.847960948944,10820,5008,10332,-142,-76,111,9948,-9500,8360,-4,173,-169,-15016,3788,2872,-997,45,-71,-15216,-2972,4748,-508,117,-141,0
1165.8815159797668,10792,5200,10408,-142,-48,87,9760,-9452,8384,-37,171,-216,-14980,3832,2760,-963,87,-118,-15012,-2892,4648,-467,137,-143,0
1165.9150531291962,10852,5128,10480,-171,-54,107,9984,-9240,8332,-77,179,-170,-14964,4004,2864,-972,80,-52,-15128,-2876,4392,-502,150,-145,0
1165.9486529827118,10928,5156,10336,-130,-47,109,10056,-9408,8208,-69,127,-163,-14968,3828,2672,-1005,81,-49,-15360,-2772,4368,-762,145,-114,0
1165.9822790622711,10976,5128,10384,-166,-76,107,10024,-9492,8384,-22,134,-173,-15016,3788,2880,-1021,82,-83,-15360,-2660,4796,-484,159,-120,0
1166.0157971382139,10896,5096,10456,-148,-68,112,10212,-9496,8216,-22,116,-184,-14872,3848,2820,-1006,104,-76,-15016,-2880,4632,-500,175,-102,0
1166.0494649410248,10788,5224,10316,-156,-122,121,9916,-9260,8396,-25,125,-179,-14912,3776,2788,-992,147,-136,-14868,-2840,4664,-505,209,-103,0
1166.082931995392,10844,5184,10688,-147,-123,161,9916,-9456,8276,-246,118,-216,-15068,3660,2620,-1016,141,-141,-14876,-2880,4652,-522,170,-89,0
1166.1164751052856,10824,5128,10280,-119,-103,117,10000,-9464,8328,-51,121,-190,-14988,4032,2644,-1038,83,-55,-15172,-2908,4576,-522,160,-155,0
1166.1499030590057,10788,5120,10324,-140,-96,83,10216,-9276,8196,-48,137,-181,-15012,3724,3052,-996,78,-80,-15072,-2896,4780,-499,119,-155,0
1166.1833009719849,10952,5176,10392,-91,-37,78,10124,-9412,8368,-53,173,-199,-15088,3760,2680,-985,85,-51,-15192,-2916,4608,-500,103,-125,0
1166.216952085495,11204,5104,10616,-176,-58,80,9980,-9472,8392,26,166,-158,-14908,3832,2612,-1052,80,-86,-14984,-2860,4624,-497,154,-114,0
1166.250568151474,10808,5220,10324,-160,-86,122,9948,-9492,8236,31,113,-191,-14908,3688,2748,-997,143,-119,-15104,-2896,4596,-498,184,-44,0
1166.2840039730072,10896,5360,10268,-66,-104,158,9936,-9224,8400,-74,83,-211,-15028,3804,2908,-1005,108,-67,-15060,-2796,4640,-485,220,-97,0
1166.3174340724943,10860,4892,10272,-132,-94,121,9964,-9480,8624,242,128,-194,-14976,3748,3096,-807,252,-101,-15156,-2788,4780,-524,179,-133,0
1166.3510880470276,10980,4928,10440,-91,-45,131,9916,-9492,8476,-27,163,-168,-14968,3804,2752,-1013,79,-70,-14944,-2860,4608,-502,164,-130,0
1166.3845081329346,10812,5096,10260,-130,-34,101,10064,-9504,8376,-9,142,-209,-14876,3800,2592,-1003,99,-105,-15040,-2896,4752,-752,113,-147,0
1166.4267749786377,10816,5352,10388,-114,-41,74,10008,-9472,8312,-88,146,-171,-14980,3700,2712,-966,83,-41,-15036,-2828,4764,-508,95,-129,0
1166.4743599891665,10812,5356,10620,-130,-60,106,9968,-9376,8352,-64,115,-157,-14608,3772,2696,-1006,103,-71,-14992,-2808,4416,-520,124,-111,0
1166.5168590545654,10824,5184,10388,-112,-63,146,9536,-9416,8128,-67,172,-168,-14928,3744,2576,-990,142,-76,-15000,-2856,4648,-504,173,-80,0
1166.5506479740143,10876,5088,10256,-117,-67,110,9980,-9508,8468,-44,113,-171,-14984,3744,2964,-1044,96,-54,-14984,-2936,4696,-540,226,-115,0
1166.5840210914612,10816,5224,10356,-101,-70,125,9756,-9504,8312,-9,123,-185,-14904,3704,2836,-1055,66,-93,-14852,-2936,4640,-547,220,-126,0
1166.6177041530607,10744,5328,10364,-123,-64,117,10116,-9460,8416,-5,144,-192,-14972,3700,2936,-1034,93,-117,-15108,-2952,4780,-499,193,-133,0
1166.6510629653933,10824,5212,10436,-129,-79,80,10004,-9448,8480,-52,158,-204,-14960,3764,2580,-986,52,-102,-15096,-2884,4608,-491,173,-128,0
1166.684422969818,10776,5244,10272,-103,-41,77,9988,-9528,8380,-73,169,-168,-14936,3776,2968,-932,83,-61,-15284,-2588,4376,-496,108,-117,0
1166.7182519435885,10908,5148,10352,-124,-40,96,9956,-9688,8212,-84,180,-162,-14944,3592,2796,-943,125,-51,-15260,-2848,4416,-505,125,-102,0
1166.7543511390686,10904,5232,10356,-118,-37,115,9928,-9700,8320,-56,146,-169,-14916,4020,2840,-1004,126,-108,-15020,-2868,4752,-506,167,-111,0
1166.7900040149689,10820,5120,10376,-93,-54,118,10080,-9520,8192,-59,124,-160,-14960,3740,2808,-1003,115,-71,-14872,-2856,4464,-260,183,-105,0
1166.8249340057373,10772,5148,10404,-97,-64,137,10204,-9508,8576,-35,139,-178,-14964,3780,3068,-992,108,-56,-15056,-2876,4768,-526,178,-86,0
1166.8602330684662,10980,5180,10704,-118,-77,106,9980,-9496,8332,-252,123,-187,-14848,3808,2712,-1023,132,-114,-15316,-2932,4744,-516,173,-65,0
1166.8949439525604,10780,5248,10456,-159,-92,153,9744,-9520,8364,-8,97,-190,-14868,3880,2652,-973,178,-105,-15144,-2796,4608,-482,133,-74,0
1166.9311079978943,10768,5204,10252,-217,-116,148,9904,-9512,8392,-47,139,-187,-14884,3772,2840,-909,221,-160,-15092,-3020,4652,-464,145,-66,0
1166.966166973114,10896,5204,10564,-200,-177,155,10048,-9516,8272,-33,154,-214,-14968,3736,3020,-885,199,-145,-15004,-2912,4660,-477,141,-86,0
1167.0018861293793,10852,4916,10360,-4,-151,157,9980,-9540,8412,4,134,-208,-14884,3740,2736,-946,141,-170,-15048,-2868,4652,-473,172,-75,0
1167.0378789901733,10824,5120,10440,-232,-199,151,9916,-9460,8384,39,123,-211,-14940,3724,2620,-958,205,-196,-15048,-2620,4352,-452,228,-37,0
1167.0729341506958,10852,5116,10404,-275,-228,153,9908,-9392,8252,89,104,-243,-14948,3728,2608,-941,236,-191,-15140,-3056,4820,-470,221,-54,0
1167.1093809604645,10868,5088,10384,-260,-248,181,10020,-9492,8248,74,98,-280,-15088,3748,2720,-1020,160,-160,-15084,-3056,4624,-471,7,-61,0
1167.1443030834198,10932,5220,10396,-246,-248,186,10012,-9548,8448,97,107,-228,-14992,3788,3064,-1020,132,-193,-15152,-2888,4720,-500,216,-59,0
1167.1797411441803,10896,5096,10300,-207,-241,173,10076,-9392,8340,74,109,-256,-14936,3960,2812,-985,158,-205,-15044,-3008,4644,-476,204,-104,0
1167.21488904953,10924,5096,10352,-267,-252,147,10108,-9424,8340,31,125,-510,-14944,3744,2720,-925,140,-169,-15228,-2908,4596,-441,158,-65,0
1167.250419139862,10896,4872,10264,-221,-154,136,10044,-9280,8288,6,157,-190,-15008,3708,2856,-955,97,-127,-15120,-2856,4520,-487,102,-87,0
1167.2857661247253,11168,5116,10308,-245,-177,151,10212,-9236,8296,65,123,-163,-14980,3784,2664,-1069,58,-139,-15092,-2808,4536,-503,201,-68,0
1167.32173204422,10952,5268,10260,-191,-134,185,10008,-9376,8648,-6,101,-186,-14940,3648,2816,-961,151,-77,-15248,-2888,4776,-478,189,-74,0
1167.3577239513395,10948,5076,10168,-172,-175,156,9992,-9464,8304,-41,117,-228,-14896,3820,2948,-951,124,-141,-15020,-2576,4596,-464,230,-65,0
1167.3928859233856,10776,5000,10416,-140,-174,172,9820,-9316,8312,14,120,-175,-15036,3620,2744,-1278,105,-123,-15088,-2784,4372,-530,192,-78,0
1167.4283130168915,10940,5356,10256,-150,-144,168,9992,-9328,8332,-26,79,-150,-14948,3736,2748,-1026,66,248,-15072,-2600,4772,-501,89,-123,0
1167.461842060089,10920,5056,10368,-117,-12,126,10012,-9432,8392,-57,108,-164,-15004,3684,3064,-988,85,-19,-15132,-2824,4608,-493,105,-131,0
1167.4953129291534,11136,4888,10180,-115,-37,132,10056,-9404,8300,-72,161,-169,-15056,3752,2708,-770,89,-83,-15332,-2564,4368,-515,148,-148,0
1167.5289311408997,10992,4988,10324,-106,-29,95,10008,-9388,8248,-54,131,-162,-15004,3780,3024,-1052,77,-100,-15028,-2780,4620,-483,179,-126,0
1167.5624730587006,10812,5076,10432,-90,-21,97,10008,-9696,8196,-79,86,-195,-15088,3744,3020,-1084,118,-103,-15028,-2868,4648,-498,183,-126,0
1167.5962071418762,10928,5128,10300,-71,-51,108,10140,-9408,8364,-51,128,-163,-15040,3720,2684,-1066,49,-94,-14984,-2796,4640,-495,184,-157,0
1167.6297020912173,10992,5120,10316,-87,-51,92,9928,-9408,8336,-36,185,-188,-14876,3796,2892,-1048,31,-91,-15176,-2920,4668,-520,191,-151,0
1167.663013935089,10876,5348,10412,-85,-23,82,9932,-9452,8472,-46,147,-200,-14988,3796,2560,-1058,51,-73,-15032,-2884,4768,-516,152,-174,0
1167.6966800689695,10832,5100,10368,-76,-36,69,10220,-9688,8320,-68,173,-156,-15028,3872,2812,-1014,69,-111,-15164,-2900,4624,-537,117,-188,0
1167.7300610542295,10972,5140,10352,-42,-11,44,10012,-9456,8568,-104,203,-167,-14940,3796,2780,-1004,250,-91,-15120,-2748,4648,-505,116,-189,0
1167.7635140419006,10776,4876,10212,-79,23,70,9832,-9476,8372,-121,180,-142,-14932,3688,2652,-950,67,-41,-15100,-2836,4572,-520,94,-147,0
1167.7969620227814,10972,5208,10328,-100,27,81,9992,-9680,8252,-132,129,-158,-15060,3680,2788,-970,98,-29,-15108,-2692,4412,-499,99,-117,0
1167.8305521011353,10976,5112,10368,-77,-15,94,10104,-9452,8396,-68,130,-161,-14992,3732,3008,-1009,64,-99,-15056,-2856,4472,-515,167,-118,0
1167.86399102211,10808,5096,10360,-54,-22,89,10028,-9512,8332,-51,118,-200,-14936,3624,2696,-1080,104,-107,-15048,-2868,4640,-523,186,-109,0
1167.8974671363833,10900,5212,10340,-104,-36,87,9988,-9420,8404,-92,134,-184,-15016,3700,2804,-1053,62,-91,-15072,-2948,4712,-497,161,-162,0
1167.9310500621796,10920,5220,10140,-76,247,47,9756,-9436,8404,-132,162,-159,-15052,3864,2764,-1024,68,-20,-14872,-2880,4656,-519,92,-169,0
1167.96448802948,10924,5148,10296,-98,21,58,10048,-9488,8328,-93,184,-136,-14908,3608,2804,-1055,13,-14,-15108,-2804,4536,-532,65,-148,0
1167.9979040622711,10840,5180,10328,-115,26,84,9948,-9316,8244,-61,144,-123,-14876,3764,2924,-1041,87,-6,-15080,-2868,4700,-493,59,-154,0
1168.0313720703125,10820,5212,10492,-71,50,91,10020,-9360,8444,-150,137,-119,-14948,3648,2740,-1003,105,-56,-15072,-2912,4656,-470,85,-125,0
1168.0645549297333,10848,5228,10408,-137,-42,103,10088,-9496,8376,-98,145,-173,-14948,3832,2700,-1012,50,-58,-15056,-2892,4648,-490,148,-158,0
1168.0982630252838,10960,5128,10384,-88,-78,107,9976,-9420,8364,-36,129,-172,-14988,4092,2652,-1082,62,-52,-15172,-2832,4840,-519,145,-113,0
1168.1316950321198,10856,5136,10336,-77,-21,104,10000,-9488,8236,-72,129,-154,-14940,3736,2796,-1020,87,-6,-15052,-3004,4728,-509,146,-153,0
1168.1648581027985,10876,5248,10408,-126,1,109,9936,-9544,8220,-53,135,-164,-14960,3832,2864,-999,86,-94,-15048,-2784,4588,-503,153,-137,0
1168.1983909606934,10792,5164,10268,-138,-26,67,10016,-9568,8352,-19,157,-186,-14976,3844,2800,-1007,101,-90,-15084,-3036,4584,-497,180,-136,0
1168.2316019535065,10776,5136,10424,-126,-56,100,9944,-9448,8244,-40,150,-183,-14948,3740,2780,-998,105,-42,-15008,-2724,4616,-500,160,-123,0
1168.2650711536407,10856,5136,10384,-149,-66,103,9940,-9476,8204,-54,155,-183,-14904,3796,2732,-992,113,-86,-15180,-2828,4520,-508,182,-107,0
1168.2987010478973,10904,5116,10384,-104,-78,90,9932,-9464,8436,-59,128,-184,-14936,3804,2588,-993,112,-112,-15168,-2868,4636,-506,185,-114,0
1168.3322920799255,10852,5268,10284,-160,-84,126,10052,-9256,8628,-50,136,-174,-14956,3656,2944,-970,102,-111,-15124,-2844,4668,-484,179,-127,0
1168.3657569885254,10860,5236,10404,-131,-74,89,10096,-9468,8312,-65,144,-192,-14988,3808,2996,-1000,93,-63,-15076,-2880,4512,-526,193,-131,0
1168.3990941047668,10888,5260,10468,-111,-110,89,10004,-9428,8328,-77,176,-180,-15000,3796,2684,-1022,34,-88,-14856,-2892,4488,-520,212,-109,0
1168.4349100589752,10764,5276,10356,-121,-84,75,9988,-9528,8320,-103,129,-207,-14900,3792,2608,-959,111,-90,-15116,-2888,4728,-488,183,-119,0
1168.470335006714,10824,5180,10492,-115,-112,110,10008,-9520,8368,-135,147,-203,-14908,3832,2992,-940,89,-92,-15108,-2856,4724,-479,165,-134,0
1168.5054950714111,10852,5196,10364,-99,-88,115,10232,-9500,8316,-120,123,-181,-15080,3764,2908,-909,44,-115,-15164,-2960,4504,-520,192,-135,0
1168.5413870811465,10756,5248,10376,-80,-53,73,9728,-9244,8028,-96,149,-211,-14968,3780,2860,-863,247,-145,-15092,-2908,4580,-263,177,-112,0
1168.57710313797,10840,5156,10320,-97,-88,115,9996,-9504,8320,-117,111,-189,-14968,3784,2896,-886,19,-129,-14880,-2920,4452,-471,248,-87,0
1168.6125299930573,10844,5300,10232,-82,-117,95,10048,-9220,8280,-169,148,-225,-14888,3752,2880,-854,-20,-115,-15124,-2804,4552,-525,208,-102,0
1168.6486721038818,10988,5164,10248,-103,-116,90,9996,-9544,8296,-136,177,-160,-15060,3616,2716,-750,-112,-101,-15060,-2900,4732,-536,191,-132,0
1168.684329032898,10836,5220,10428,-159,-129,129,9940,-9512,8216,-103,152,-159,-14784,3840,2852,-891,45,-105,-15056,-2996,4676,-477,192,-47,0
1168.719479084015,10880,5292,10380,-147,-100,104,10000,-9476,8152,-124,76,-161,-15016,3720,2784,-860,132,-105,-15036,-2940,4532,-445,188,-67,0
1168.754714012146,10912,5196,10336,-254,-155,117,9980,-9576,8440,-23,143,-197,-14980,3868,2772,-927,120,-129,-14968,-2732,4536,-471,227,-60,0
1168.7906551361084,10560,5240,10352,-204,-183,140,9912,-9648,7964,11,122,-198,-14868,3784,2688,-905,96,-83,-15024,-2900,4736,-764,214,-86,0
1168.8259711265564,10812,5180,10192,-221,-143,165,9988,-9452,8312,27,142,-189,-14940,3788,2676,-917,198,-136,-15044,-2856,4624,-481,138,-84,0
1168.8619091510773,10888,5220,10252,-273,-121,154,10012,-9592,8416,27,125,-220,-14968,3856,2688,-915,157,-134,-15104,-2928,4600,-446,154,-37,0
1168.8980770111084,10976,5156,10344,-248,-171,149,10196,-9728,8392,71,189,-208,-15100,3776,2580,-946,162,-169,-15332,-3064,4472,-477,166,-102,0
1168.9332520961761,10928,5140,10452,-240,-225,139,10124,-9436,8392,131,163,-3,-14980,3900,2708,-1006,220,-189,-15208,-2804,4528,-516,212,-52,0
1168.9692389965057,10916,5180,10360,-240,-195,189,9952,-9252,8180,57,45,-242,-14880,3796,2636,-990,269,-100,-15176,-2876,4444,-523,146,-62,0
1169.0041649341583,10848,5100,10276,-258,-175,170,10080,-9512,8244,47,144,-183,-15060,3764,2596,-1003,190,-140,-15012,-2892,4452,-518,149,-74,0
1169.0398471355438,10948,5124,10212,-241,-157,171,10040,-9464,8192,86,184,-196,-15088,3872,2776,-1077,150,-141,-15136,-2880,4544,-514,186,-124,0
1169.0750329494476,10980,5232,10360,-249,-158,123,10036,-9404,8360,69,127,-187,-15088,3864,2904,-1035,200,-87,-15192,-2888,4736,-527,118,-112,0
1169.110559940338,10848,5164,10392,-239,-157,154,10220,-9728,8388,43,173,-185,-15328,3808,2844,-1098,153,-131,-15084,-2972,4408,-492,142,-100,0
1169.1439571380615,10828,5284,10364,-507,-178,137,10024,-9524,8304,53,151,-224,-14968,3720,2572,-1071,140,-127,-14852,-2828,4608,-505,181,-89,0
1169.1776440143583,10836,5368,10332,-229,-186,140,10020,-9392,8368,48,110,-222,-14976,3780,2788,-1044,243,-137,-15100,-2908,4512,-265,126,-89,0
1169.2111361026764,10904,5072,10048,-227,-168,157,10028,-9480,8272,25,41,-229,-14892,3792,2800,-1041,233,-108,-15064,-2884,4596,-508,185,-78,0
1169.244204044342,10872,5108,10144,-214,-175,165,10000,-9416,8344,35,89,-228,-15008,3696,2812,-999,223,-184,-15168,-2780,4580,-473,166,-81,0
1169.2777891159058,10880,5132,10252,-227,-178,193,9972,-9440,8260,28,58,-239,-15000,3724,2848,-997,230,-140,-15152,-2856,4560,-507,159,-103,0
1169.3112781047819,11096,5112,10488,-139,-66,151,10088,-9432,8228,-40,75,-189,-15120,3752,2696,-958,134,-30,-15116,-2868,4376,-520,104,-113,0
1169.3447909355164,10772,4900,10392,-129,7,98,10116,-9520,8312,7,81,-162,-15068,3752,2656,-1054,47,-13,-15156,-2824,4776,-541,127,-135,0
1169.3781759738922,10896,5164,10356,-165,-19,112,10076,-9364,8368,-16,126,-161,-15036,3628,3056,-1000,96,-75,-15140,-2944,4564,-257,137,-152,3
1169.411628961563,11076,4864,10376,-73,11,83,10044,-9380,8376,-127,162,-168,-14992,3684,2876,-940,63,-61,-15284,-3036,4560,-496,152,-163,3
1169.4452459812164,10772,5080,10296,-157,-58,70,10012,-9496,8412,-50,143,-184,-15020,3836,2712,-980,87,-92,-15128,-2836,4620,-500,185,-134,3
1169.480906009674,10924,5176,10212,-113,6,106,9960,-9408,8356,-56,102,-159,-14936,3808,2820,-920,62,-71,-15348,-2856,4832,-526,163,-158,3
1169.5151641368866,10852,5192,10312,-114,9,107,10032,-9432,8192,-34,169,-178,-15028,3744,2764,-912,62,-51,-14992,-2888,4696,-521,105,-166,3
1169.5487809181213,10844,5244,10376,-170,2,87,9868,-9472,8376,-60,145,-130,-14976,3872,2880,-895,37,-21,-15096,-2920,4484,-533,97,-165,3
1169.582417011261,10964,5084,10248,-175,-10,91,10196,-9220,8444,-45,163,-165,-14992,3832,2724,-933,40,-41,-15160,-2848,4648,-553,113,-138,3
1169.6160171031952,10936,5072,10368,-154,4,97,10012,-9464,8220,-7,165,-115,-14928,3784,2660,-983,-18,-60,-15048,-2936,4508,-571,133,-143,3
1169.6494801044464,10932,5088,10292,-149,15,129,9920,-9472,8236,-46,93,-163,-14828,3820,2832,-1022,47,-75,-15036,-2972,4568,-573,169,-88,0
1169.6827170848849,10620,5208,10364,-110,-40,127,10924,-9372,8728,-93,-245,-144,-15016,3800,2896,-998,11,-106,-15108,-2988,4472,-509,167,-116,0
1169.7162530422213,10856,5024,10504,-154,-37,128,10172,-9476,8136,7,69,-1,-14936,3828,2940,-871,154,-112,-15140,-2808,4496,-536,219,-143,0
1169.749845981598,10996,5088,10156,-121,-80,121,10016,-9472,8456,-26,124,-219,-15352,3888,2864,-876,94,-87,-14484,-2832,4436,-592,509,-143,0
1169.7831571102142,10912,4900,10324,-107,-15,111,10128,-9412,8324,-114,99,-162,-14908,3796,2608,-888,65,-54,-15072,-2964,4584,-567,110,-118,0
1169.8168339729307,10896,5080,10392,-100,9,113,10008,-9252,8176,-135,117,-161,-14924,3772,3032,-877,91,-80,-15108,-2908,4484,-263,116,-149,0
1169.8505370616913,10984,5096,10580,-77,-42,75,10024,-9564,8224,-109,107,-196,-14960,3948,2764,-946,33,-42,-15128,-2804,4488,-564,150,-146,0
1169.8834509849548,10812,4896,10396,-172,-19,129,9952,-9600,8608,13,104,-155,-14976,4020,2844,-927,48,-36,-15060,-2916,4672,-542,114,-134,0
1169.9172430038452,11004,5176,10432,-91,6,90,10016,-9588,8376,-94,115,-197,-15072,4056,2680,-998,55,-131,-15188,-2956,4748,-538,164,-136,0
1169.9508099555967,10928,5176,10472,-81,-85,96,10068,-9512,8276,-97,138,-195,-15352,3848,2808,-997,37,-131,-15336,-2912,4540,-554,137,-140,0
1169.9843139648438,10868,5168,10564,-108,-71,81,10056,-9432,8472,-73,166,-166,-14992,3748,2520,-1059,34,-64,-14900,-2836,4484,-573,113,-127,0
1170.0179560184479,10880,5244,10144,-78,-11,115,9968,-9460,8328,-52,106,-109,-14996,3724,2708,-1020,72,-17,-15044,-3032,4480,-513,110,-132,0
1170.0516171455383,10796,5148,10420,-101,-16,137,10156,-9444,7828,-74,34,-209,-14884,3724,2664,-1020,158,-252,-15064,-2904,4584,-490,78,-110,0
1170.0846819877625,10912,5128,10316,-137,-33,88,9944,-9600,8368,-52,164,-176,-14988,3844,2888,-1029,78,-86,-15036,-2828,4436,-263,150,-153,0
1170.1213800907135,10900,5208,10432,-158,-53,91,9992,-9616,8212,-59,123,-178,-14928,3592,2632,-970,71,-73,-15092,-2948,4608,-533,178,-82,0
1170.1570839881897,10888,5012,10644,-125,-108,113,9844,-9516,8256,-57,144,-196,-14864,3776,2564,-1022,101,-107,-15104,-2924,4492,-524,167,-102,0
1170.1921689510345,10764,5168,10520,-145,-95,127,10016,-9228,8312,-54,124,-213,-15012,3780,2888,-1066,98,-112,-15164,-2864,4600,-539,199,-88,0
1170.227991104126,10836,5184,10124,-113,-64,119,10100,-9532,8420,0,151,-188,-14996,4036,2728,-1069,76,-82,-15076,-2884,4568,-565,132,-148,0
1170.2633190155027,10892,5148,10384,-116,-46,115,10072,-9540,8440,-15,125,-182,-14600,3792,2564,-1069,93,-55,-14896,-3000,4416,-509,162,-118,0
1170.298789024353,10856,5180,10340,-150,-98,128,10028,-9600,8424,-70,147,-167,-15020,4048,2656,-1029,104,-69,-15044,-3012,4680,-495,110,-103,0
1170.3339531421661,10784,5208,10352,-159,-101,122,10020,-9516,8392,-58,163,-194,-15008,3816,2852,-979,141,-95,-15188,-2852,4580,-453,23,-123,0
1170.369730949402,11152,5200,10296,-148,-140,129,9980,-9448,8312,-55,115,-187,-14980,4092,2716,-1033,132,-87,-15060,-2920,4612,-516,94,-79,0
1170.4044029712677,10852,5168,10460,-224,-108,133,10056,-9532,8156,-41,140,-174,-14936,3896,2764,-967,167,-152,-15096,-2984,4584,-473,140,-76,0
1170.4406731128693,10764,5208,10500,-163,-180,126,10088,-9564,8344,-58,160,-236,-15060,3756,2668,-975,169,-165,-15316,-2856,4784,-258,220,-66,0
1170.476184129715,10876,5124,10280,-198,-211,150,10080,-9576,8256,-48,123,-228,-14984,3600,2724,-919,178,-105,-15352,-2992,4792,-519,103,-100,0
1170.5125761032104,10912,5184,10456,-209,-183,127,9748,-9584,8200,-55,146,-195,-14996,3736,2692,-941,157,-159,-15056,-2936,4816,-490,125,-106,0
1170.5480761528015,10848,5080,10328,-220,-204,150,9752,-9512,8176,10,158,-197,-15092,3772,2996,-970,137,-131,-15036,-2884,4536,-485,178,-73,0
1170.5836861133575,10892,5124,10316,-6,-218,153,10144,-9488,8420,27,159,-204,-14956,3864,2740,-946,180,-106,-15224,-2908,4712,-472,141,-68,0
1170.6199369430542,10892,5180,10296,-263,-229,147,9732,-9520,8236,55,171,-228,-15032,3812,2508,-987,154,-168,-15072,-2848,4528,-472,172,-47,0
1170.655100107193,10808,5112,10488,-310,-235,168,9780,-9496,8244,37,136,-218,-15048,3584,2756,-976,154,-145,-15060,-2892,4688,-478,216,-92,0
1170.6907470226288,11052,5036,10120,-262,-239,157,10092,-9384,8288,62,114,-247,-15020,3952,2812,-1003,192,-157,-15044,-2860,4640,-481,170,-62,0
1170.7256889343262,10940,5152,10324,-506,-228,151,10040,-9580,8444,69,95,-219,-14924,3852,2816,-987,167,-171,-15124,-2868,4380,-472,192,-73,0
1170.7623910903933,10892,5156,10456,-227,-215,161,10004,-9452,8200,45,109,-235,-15048,3756,2696,-984,185,-178,-15124,-2988,4860,-486,142,-96,0
1170.7957630157473,11004,5128,10316,-246,-228,172,10184,-9476,8300,41,112,-237,-14996,3744,2756,-971,160,-182,-15228,-2956,4832,-455,124,-58,0
1170.8293759822845,11036,5112,10252,-191,-150,159,9996,-9488,8288,9,138,-203,-15040,3884,2540,-945,147,-85,-15212,-2820,4516,-495,108,-73,0
1170.8629019260409,10960,5084,10504,-267,-154,149,10036,-9452,8376,59,114,-178,-14960,3736,2660,-1048,99,-91,-15060,-2948,4388,-505,125,-67,0
1170.8960881233215,10876,5096,10152,-201,-137,162,9808,-9432,8480,252,107,-195,-15028,3788,2640,-1024,190,-113,-15072,-2948,4484,-466,117,-81,0
1170.9296269416807,10912,5136,10248,-171,-152,115,10052,-9480,8208,-30,113,-231,-15028,3804,2840,-1018,134,-101,-15264,-2764,4600,-467,156,-96,0
1170.963099002838,11088,5040,10204,-177,-162,142,9928,-9476,8248,56,82,-219,-14936,3824,2920,-1074,83,-117,-15104,-2964,4524,-503,156,-77,0
1170.9967069625854,11048,5032,10200,-149,-111,155,10040,-9692,8416,31,90,-174,-14928,3744,2680,-1044,74,-59,-15104,-2924,4568,-507,92,-146,0
1171.0303370952606,11060,5100,10184,-124,-56,89,10048,-9252,8260,-28,160,-173,-15008,3756,2740,-1025,103,-53,-15068,-2944,4580,-495,93,-168,0
1171.0635890960693,10972,5032,10244,-154,-33,104,10000,-9448,8428,-33,165,-148,-14912,3816,2812,-1047,67,-69,-15148,-2796,4444,-539,129,-160,0
1171.0973799228668,10964,5016,10260,-112,-29,89,9976,-9496,8284,-65,138,-170,-14972,3652,2584,-1101,85,-95,-15108,-2848,4504,-512,159,-119,0
1171.1309559345243,11008,5040,10288,-119,-79,88,10004,-9528,8172,-44,125,-192,-14960,3752,2672,-1076,95,-94,-15092,-2856,4464,-506,152,-95,0
1171.1644790172577,10800,5040,10312,-90,-52,123,9964,-9428,8620,-21,101,-191,-14956,3740,2936,-1062,77,-62,-14864,-3016,4520,-510,145,-101,0
1171.198194026947,10816,4960,10360,-87,-41,116,9964,-9704,8264,-27,169,-189,-15012,3748,2756,-1280,117,-81,-15224,-2884,4732,-496,123,-130,0
1171.2317810058594,10832,5112,10276,-121,-47,105,9940,-9716,8236,-20,189,-160,-14960,3816,2624,-1058,82,-114,-15232,-3140,4504,-513,96,-172,0
1171.2653090953827,11008,5172,10328,-91,38,60,10004,-9464,8328,-53,168,-145,-14992,3764,2832,-1057,50,-68,-15124,-2944,4632,-764,88,-144,0
1171.2985689640043,10936,4888,10480,-85,-239,60,9736,-9516,8232,-87,173,-154,-14964,3912,2680,-1051,92,-41,-15116,-2944,4504,-524,62,-136,0
1171.3320820331573,11252,5112,10424,-85,-15,80,10012,-9520,8352,-117,159,-170,-15000,3748,2736,-1035,133,-74,-15156,-2928,4648,-506,94,-126,0
1171.3654720783234,10984,5044,10456,-96,-25,102,10076,-9488,8240,-106,112,-171,-15020,3748,2564,-993,173,-68,-15096,-2912,4560,-499,108,-95,0
1171.3990139961245,11068,4996,10308,-86,-1,114,10048,-9276,8120,-47,96,-172,-15004,3800,2668,-1090,134,-91,-15004,-2892,4400,-499,101,-100,0
1171.43248295784,11040,5084,10216,-52,3,126,10108,-9220,7996,-62,130,-159,-15028,3764,2716,-1054,100,-105,-15160,-2916,4592,-496,144,-93,0
1171.4660160541534,10848,5140,10344,-102,-25,75,10092,-9436,8264,-93,146,-184,-14996,3860,2844,-1064,114,-78,-15092,-2892,4668,-482,79,-134,0
1171.4999089241028,11008,5148,10364,-67,18,70,10056,-9428,8252,-109,147,-140,-15032,3808,2780,-1052,67,-25,-15224,-2904,4352,-261,44,-155,0
1171.5336220264435,10988,4868,10336,-111,15,63,9952,-9532,8324,-86,198,-142,-15028,3752,2764,-1280,36,-14,-15052,-3056,4660,-527,59,-157,0
1171.5673460960388,10856,5164,10452,-128,14,52,9936,-9416,8272,-71,145,-146,-14924,3740,2736,-1038,104,-52,-15136,-2940,4564,-500,88,-99,0
1171.6010060310364,10868,5168,10480,-94,22,80,9932,-9488,8372,-128,150,-154,-15004,3820,2920,-957,162,-76,-14872,-2992,4604,-450,82,-96,0
1171.6343529224396,10880,5060,10412,-164,-53,89,9956,-9552,8376,-104,135,-179,-14964,3608,2712,-969,118,-117,-15080,-2820,4440,-483,117,-133,0
1171.6677639484406,10912,5372,10292,-133,-49,123,9876,-9528,8168,-58,101,-174,-14960,3776,2872,-979,132,-42,-15012,-2944,4564,-522,119,-93,0
1171.7013819217682,10800,5360,10364,-97,-253,118,9940,-9560,8204,-51,137,-138,-14964,3772,2692,-1039,99,-5,-15072,-2900,4656,-765,104,-143,0
1171.7348940372467,10912,5256,10328,-119,-30,106,9952,-9500,8356,-60,131,-161,-14968,4040,2792,-1032,105,-63,-15080,-2876,4612,-524,129,-135,0
1171.768170118332,10840,4980,10388,-153,-67,96,9976,-9528,8160,-65,168,-155,-14940,4084,2724,-1053,52,-108,-15328,-3028,4592,-506,142,-98,0
1171.8048050403595,10896,4996,10304,-150,-44,113,10020,-9540,7964,-28,147,-173,-14908,3656,2784,-1067,102,-74,-15000,-2820,4536,-507,153,-113,0
1171.840636968613,10920,5112,10368,-166,-85,131,9912,-9224,8252,-30,152,-168,-14904,3740,2716,-1082,96,-96,-15112,-2880,4568,-500,135,-97,0
1171.8756110668185,10792,5160,10424,-122,-78,109,10016,-9704,8280,-35,157,-168,-15036,3752,2624,-1040,94,-86,-15132,-2992,4496,-503,139,-122,0
1171.9117951393127,10976,5124,10448,-150,-68,111,10060,-9604,8460,-13,113,-171,-15052,3856,2640,-1019,111,-121,-14856,-3288,4724,-484,131,-105,0
1171.947615146637,10856,5176,10436,-143,-54,125,10116,-9544,8328,-40,148,-189,-14960,3836,2712,-1032,104,-115,-15068,-2844,4684,-496,145,-95,0
1171.9829881191254,10924,4884,10420,-160,-90,111,10068,-9676,8380,-49,162,-198,-15052,3664,2864,-1133,128,-75,-15004,-2944,4672,-473,149,-108,0
1172.018059015274,10860,5044,10416,-161,-98,125,10096,-9552,8252,-60,160,-196,-15052,3860,2776,-1277,117,-141,-15332,-2908,4656,-486,152,-105,0
1172.0538859367373,10856,4928,10300,-187,-101,119,10000,-9504,8264,-20,136,-189,-14940,3852,2736,-1036,139,-75,-15192,-2956,4604,-502,129,-70,0
1172.0893471240995,10864,5228,10348,-118,-74,119,10048,-9484,8180,-7,134,-170,-14980,3864,2988,-1047,121,-111,-14992,-2976,4612,-521,124,-142,0
1172.1248559951782,10988,5148,10376,-140,-85,116,10132,-9324,8244,-25,146,-197,-14968,3736,2764,-1033,98,-110,-15192,-2928,4592,-481,188,-101,0
1172.1606969833374,11000,5140,10288,-162,-113,119,10012,-9544,8240,-20,153,-231,-14940,3808,2852,-1040,125,-112,-15300,-2976,4756,-479,146,-117,0
1172.1956329345703,10924,5200,10232,-129,-55,96,10204,-9536,8208,-52,150,-164,-14960,3768,2852,-1002,82,-77,-15076,-2940,4544,-508,58,-83,0
1172.2309739589691,10952,4888,10432,-185,-47,100,9756,-9544,8372,-15,171,-155,-14896,4080,2844,-1005,119,-84,-15348,-2852,4684,-263,131,-95,0
1172.266142129898,10772,5180,10124,-221,-66,155,9976,-9492,8356,-8,135,-199,-15044,3688,2788,-997,185,-129,-15048,-2984,4620,-463,133,-70,0
1172.3019490242004,10844,5192,10336,-168,-117,131,10092,-9656,8348,-84,153,-215,-14984,3792,2840,-946,177,-107,-15104,-2948,4608,-480,156,-72,0
1172.337739944458,10928,5092,10604,-226,-149,127,9996,-9540,8336,-23,154,-195,-14940,3936,2736,-1035,126,-111,-15140,-2804,4708,-506,192,-84,0
1172.3729269504547,10872,5112,10336,-180,-133,152,10024,-9408,8084,31,159,-193,-14900,3592,2920,-962,149,-94,-15340,-3232,4616,-486,145,-82,0
1172.408730983734,10812,5112,10508,-224,-118,125,10036,-9560,8344,4,165,-194,-15052,3756,2988,-890,189,-106,-15128,-2928,4384,-451,136,-59,0
1172.4457790851593,10840,5100,10360,-268,-157,145,9940,-9604,8284,24,147,-183,-15060,3684,2956,-944,180,-156,-15212,-2864,4684,-495,188,-45,0
1172.4795601367953,10852,5096,10472,-247,-185,150,10072,-9500,8372,52,141,-221,-14928,3804,2796,-934,188,-148,-15060,-2876,4352,-484,149,-74,0
1172.5130989551544,10832,5088,10324,-246,-194,148,9728,-9504,8372,76,123,-262,-14948,3792,2708,-997,198,-128,-15128,-2864,4368,-484,220,-72,0
1172.5466809272766,10880,5076,10380,-240,-250,167,9764,-9728,8216,52,99,-251,-14972,3880,2740,-997,199,-173,-15096,-2956,4584,-474,197,-41,0
1172.5801520347595,10964,5084,10220,-253,-228,156,10024,-9524,8312,96,90,-214,-14916,3848,2692,-943,198,-175,-15076,-3012,4672,-501,161,-88,0
1172.6134960651398,10888,5116,10264,-274,-175,132,9820,-9548,8440,83,111,-229,-15004,3748,2820,-903,193,-183,-15116,-2872,4572,-489,187,-77,0
1172.6467621326449,10840,4968,10444,-238,-210,156,9972,-9452,8340,81,108,-238,-14996,3744,2744,-971,184,-151,-15080,-2956,4636,-489,187,-78,0
1172.6801829338074,10892,5192,10388,-235,-219,158,10088,-9488,8376,59,88,-511,-14936,3772,2420,-948,192,-135,-15144,-2916,4568,-481,164,-94,0
1172.7136559486387,10988,5124,10480,-241,-180,179,10064,-9652,8272,18,72,-236,-15036,3728,2424,-928,158,-117,-15104,-2888,4488,-455,142,-70,0
1172.747358083725,10956,5060,10396,-231,-218,148,10228,-9688,8424,250,114,-218,-14996,3768,2704,-965,183,-157,-14872,-2776,4856,-481,166,-74,0
1172.7808539867399,10972,5084,10292,-221,-210,158,9912,-9648,8276,23,99,-207,-15068,3760,2624,-945,182,-106,-15176,-3068,4644,-485,140,-90,0
1172.8141689300535,11020,4984,10148,-178,-145,181,10052,-9512,8276,17,70,-186,-15028,3740,2712,-969,158,-59,-15064,-2636,4568,-519,133,-90,0
1172.8478600978851,11088,5084,10400,-139,-103,149,9764,-9352,8244,-35,98,-213,-15036,3704,2324,-926,235,-79,-15148,-2956,4352,-509,103,-104,0
1172.8813319206238,10964,4992,10284,-112,-63,110,10132,-9428,8332,-54,107,-167,-14984,3748,2596,-993,157,-71,-14860,-3056,4408,-504,126,-132,0
1172.914736032486,11024,5088,10256,-96,-49,127,10080,-9316,8356,-86,126,-143,-15088,3756,2528,-1061,87,-37,-15232,-2944,4520,-523,92,-124,0
1172.9482560157776,11040,5068,10308,-35,34,85,10056,-9408,8356,-66,126,-146,-14868,3796,2676,-775,74,-15,-15092,-2904,4652,-523,69,-136,0
1172.9819900989532,10900,5028,10484,-122,7,87,10032,-9408,8416,-14,115,-166,-15040,3792,2888,-1147,-58,-26,-14992,-2872,4668,-525,156,-143,0
1173.0154819488525,10968,5208,10284,-53,15,100,10028,-9376,8464,-129,198,-144,-15068,3824,3016,-1123,-22,-4,-15176,-2976,4588,-503,100,-141,0
1173.0490081310272,10752,5100,10648,-83,10,40,10024,-9504,8396,-113,182,-171,-15028,3760,2716,-1015,255,-89,-14904,-2936,4644,-767,127,-192,0
1173.0824279785156,10976,4976,10324,-111,-247,82,10076,-9444,8260,-43,181,-120,-15016,3848,2684,-1093,-58,-38,-14992,-2900,4708,-527,118,-148,0
1173.116061925888,10944,5304,10604,-80,61,82,10000,-9504,8236,-63,157,-94,-14980,4088,2624,-1078,-32,18,-15000,-2956,4672,-532,63,-164,0
1173.149559020996,10948,5356,10348,-45,80,83,10088,-9568,8224,-87,143,-125,-14988,3832,2652,-1003,33,253,-15124,-2952,4632,-513,49,-164,0
1173.183109998703,10896,5088,10240,-86,34,108,10108,-9492,8256,-66,177,-140,-14916,3708,2652,-775,50,-34,-15040,-2688,4740,-516,101,-125,0
1173.2167160511017,10880,5032,10352,-88,-11,132,10040,-9552,8108,-77,155,-157,-15028,3724,2588,-1040,111,-108,-15032,-2988,4792,-508,150,-109,0
1173.2501709461212,11184,5052,10276,-109,-48,112,9728,-9256,8424,-47,138,-200,-14992,3716,2736,-1094,55,-95,-15100,-2884,4632,-513,192,-104,0
1173.2837970256805,10840,5056,10520,-80,-51,125,9568,-9480,8276,-57,213,-192,-15032,3748,2768,-1280,68,-84,-15028,-3004,4644,-513,152,-104,0
1173.317350149155,10924,5164,10472,-76,-8,93,10032,-9480,8368,-103,164,-168,-15040,3588,2568,-1007,85,-52,-15136,-2956,4760,-767,107,-136,0
1173.3508660793304,10908,5136,10588,-132,3,87,10052,-9420,8400,-75,156,-173,-15036,3840,2796,-1023,77,-72,-15204,-2868,4728,-530,113,-160,0
1173.3841631412506,10988,5060,10444,-86,36,98,10028,-9488,8196,-55,166,-176,-14952,3908,2628,-1073,31,-68,-15360,-3060,4740,-580,104,-134,0
1173.4176330566406,10908,5156,10508,-80,255,138,9940,-9564,8364,-66,111,-117,-14988,3696,2868,-988,115,233,-15332,-2832,4620,-574,85,-93,0
1173.4509501457214,10840,4920,10320,-87,35,144,9928,-9404,7944,-125,431,-84,-14892,3660,2776,-921,141,-83,-14884,-2936,4596,-490,59,-60,0
1173.4885740280151,10860,5076,10588,-163,-67,137,10012,-9616,8320,-14,153,-183,-15048,3824,2848,-995,117,-168,-15072,-2980,4512,-465,219,-101,0
1173.5241329669952,10844,5244,10420,-229,-195,146,10108,-9232,8420,31,193,-226,-14952,3764,2720,-940,202,-224,-15152,-3048,4356,-433,211,-48,0
1173.5590889453888,11016,5168,10528,-218,-153,107,10040,-9648,8348,-42,142,-247,-15092,3848,2844,-882,178,-116,-15096,-2904,4688,-477,164,-103,0
1173.5951170921326,10792,5168,10444,-216,-169,109,10052,-9464,8232,244,171,-233,-14892,3780,2712,-946,100,-169,-15060,-2836,4608,-485,204,-115,0
1173.6308751106262,10748,5032,10364,-147,-209,94,9968,-9500,8360,31,138,-247,-14880,3640,2700,-922,154,-143,-14880,-2836,4680,-507,182,-81,0
1173.6655869483948,11028,5128,10364,-192,-180,170,10060,-9712,8088,30,51,-213,-14988,3804,2416,-892,241,-145,-15096,-2872,4376,-472,108,-39,0
1173.7010660171509,10904,5088,10656,-255,-178,177,10072,-9544,8224,21,39,-202,-15012,3748,2968,-926,242,-61,-15096,-2592,4676,-488,126,-19,0
1173.7371389865875,11064,5064,10468,-227,-198,248,10064,-9516,8244,45,104,-207,-15008,3744,2336,-989,163,-83,-15092,-2896,4760,-483,193,-42,0
1173.7721481323242,10908,5356,10288,-1,-512,170,10132,-9412,8340,43,92,-276,-15020,3696,2660,-979,213,-191,-15076,-2952,4424,-494,502,-40,0
1173.807429075241,10760,5108,10204,-231,-261,148,10148,-9468,8660,48,66,-287,-14984,3624,2560,-974,173,-215,-15048,-2840,4672,-455,272,-57,0
1173.8430840969086,10948,5044,10280,-248,-306,150,10012,-9412,7964,40,123,-291,-14952,3664,2596,-971,133,-201,-15040,-2928,4716,-476,244,-62,0
1173.8782830238342,10976,5252,10340,-240,-266,150,10032,-9500,8260,49,117,-278,-14956,3716,2580,-937,193,-166,-15072,-2968,4592,-447,226,-71,0
1173.9136610031128,10924,5072,10284,-240,-244,187,10216,-9504,8460,53,79,-494,-14920,3792,2732,-908,187,-157,-15348,-2920,4632,-458,171,-65,0
1173.9492049217224,11036,5100,10308,-184,-207,177,10052,-9456,8192,13,50,-229,-14988,3796,2648,-956,136,-93,-15176,-2800,4560,-463,151,-46,0
1173.9844899177551,11084,5032,10148,-158,-172,156,10184,-9408,8324,21,95,-210,-15000,3688,2672,-1262,70,-134,-14860,-2888,4624,-476,157,-82,0
1174.0205159187317,11056,4972,10132,-143,-133,168,10180,-9416,8360,41,151,-202,-15096,3732,2760,-1061,122,-106,-15308,-2784,4608,-499,171,-122,0
1174.055566072464,11056,5112,10364,-130,-108,102,10092,-9380,8408,-1,143,-173,-15160,3764,2548,-1035,71,-61,-15096,-2936,4512,-482,122,-125,0
1174.0915710926056,11144,5172,10116,-137,-58,95,10000,-9448,8264,27,154,-149,-15092,3772,2540,-1028,57,-61,-14872,-2824,4432,-495,115,-166,0
1174.127946138382,11068,5044,10360,-135,-42,94,10088,-9476,8220,4,154,-167,-15008,3768,2528,-1043,54,-97,-15032,-2824,4516,-493,106,-123,0
1174.1612451076508,11020,5052,10268,-130,-30,124,10096,-9428,8216,-46,128,-151,-15112,3796,2584,-770,104,-72,-15100,-2836,4724,-487,114,-121,0
1174.1945490837095,10980,4996,10540,-114,-58,113,10020,-9432,8288,-55,139,-155,-15004,3808,2572,-983,126,-60,-15020,-2952,4556,-513,83,-155,0
1174.2280960083008,11212,5084,10296,-79,-40,113,10124,-9524,8272,-69,139,-176,-14964,3776,2604,-972,103,-41,-15308,-2912,4748,-495,89,-139,0
1174.2617740631104,11004,5052,10504,-105,-6,88,10120,-9424,8352,-24,179,-162,-14956,3784,2996,-986,79,-91,-15040,-3004,4700,-768,138,-88,0
1174.2950689792633,10908,4976,10216,-102,-44,125,9912,-9508,8372,-32,115,-180,-15056,3756,2496,-1002,139,-151,-15076,-2836,4552,-506,190,-82,0
1174.328598022461,10912,5364,10704,-91,-84,144,10136,-9720,8500,-45,89,-228,-14968,3736,2648,-991,160,-97,-15116,-2876,4556,-259,155,-59,0
1174.3619549274445,10972,5000,10488,-78,-107,131,10084,-9416,8320,-94,131,-198,-15084,3744,2580,-983,108,-133,-15056,-2948,4636,-485,152,-115,0
1174.395187139511,10756,5044,10264,-69,-85,95,10004,-9492,8376,-106,145,-199,-15132,3780,2744,-983,55,-72,-15028,-3028,4640,-488,117,-138,0
1174.4287180900574,11124,5036,10024,-94,-44,84,10140,-9368,8272,-114,156,-153,-15084,3812,2616,-989,79,-87,-14904,-2584,4552,-462,45,-116,0
1174.462562084198,11124,4968,10216,-99,6,90,10044,-9460,8260,-58,142,-124,-15048,3812,2620,-1035,39,-55,-15044,-2568,4688,-493,55,-117,0
1174.5001509189606,10888,5036,10400,-144,-72,121,10220,-9480,8312,255,145,-157,-14948,3728,2636,-1079,49,-23,-15048,-2932,4712,-507,155,-82,0
1174.5340099334717,10768,5212,10460,-37,-17,109,10052,-9432,8260,-80,152,-159,-15040,3696,2704,-1033,87,-98,-14884,-2928,4800,-505,140,-167,0
1174.567594051361,10820,5088,10208,-152,-75,69,10172,-9428,8292,-45,150,-200,-14940,3724,2640,-1008,50,-94,-15076,-2808,4584,-493,150,-163,0
1174.6009209156036,10980,5080,10444,-89,-45,93,9756,-9372,8156,-66,151,-150,-15284,3780,2664,-1035,46,-54,-15044,-2972,4572,-522,105,-161,0
1174.6342000961304,11104,5056,10208,-101,-11,112,9948,-9404,8308,-44,152,-134,-15088,3708,2660,-992,79,-24,-15088,-2828,4600,-492,31,-146,0
1174.6676840782166,10884,5076,10488,-167,3,85,10092,-9408,8248,-49,165,-167,-14988,3748,2776,-965,111,-77,-14940,-2852,4608,-480,141,-114,0
1174.7010400295258,10972,5056,10344,-120,-44,93,9728,-9492,8268,-71,165,-173,-14884,3920,2356,-973,110,-119,-14988,-2912,4716,-512,183,-122,0
1174.734689950943,10984,4988,10340,-117,-74,111,10004,-9432,8344,-33,130,-198,-14964,3816,2728,-1000,149,-117,-14984,-2908,4576,-495,181,-98,0
1174.768168926239,10908,5120,10336,-158,-90,117,10036,-9480,8332,-27,137,-224,-15052,3772,2584,-1046,75,-91,-15180,-2852,4656,-526,186,-130,0
1174.8016300201416,10824,5036,10364,-103,-39,88,10004,-9224,8376,-15,143,-168,-15048,3764,2744,-1022,49,-76,-15144,-2932,4756,-503,118,-150,0
1174.835067987442,10992,5052,10388,-148,-22,47,10048,-9512,8228,-255,205,-169,-15012,3752,2728,-1276,8,-102,-15056,-2860,4652,-492,119,-153,0
1174.8684151172638,10912,5052,10412,-186,-19,88,9944,-9412,8432,-17,149,-172,-14912,3848,2784,-1036,92,-119,-15020,-2896,4636,-515,161,-100,0
1174.9019179344175,10892,5260,10276,-163,-104,126,9952,-9428,8400,-24,131,-189,-15016,3660,2816,-1035,108,-89,-15004,-2984,4676,-500,179,-54,0
1174.9354691505432,10852,5140,10424,-162,-118,168,9940,-9480,8232,-67,102,-201,-15020,3704,2816,-997,150,-89,-15080,-2908,4424,-493,182,-67,0
1174.9691059589386,10980,5080,10284,-129,-137,143,10008,-9440,8368,-78,122,-203,-14980,3740,2712,-963,105,-100,-15216,-2984,4828,-481,158,-75,0
1175.0024330615995,11032,5032,10204,-127,-89,127,10068,-9432,8176,-43,109,-174,-14988,4020,2624,-991,134,-117,-15176,-3056,4624,-483,121,-90,0
1175.0361759662628,11060,5028,10260,-136,-53,127,10032,-9572,8380,-42,133,-184,-15024,3760,2700,-997,107,-139,-15040,-2796,4684,-499,155,-122,0
1175.0700180530548,11240,4936,10388,-155,-60,127,10088,-9528,8364,-11,131,-198,-15024,3744,2660,-1039,106,-118,-15036,-2948,4644,-470,140,-100,0
1175.1035959720612,11200,5136,10324,-133,-44,106,10072,-9220,8148,-60,155,-185,-15196,3820,2780,-1001,74,-93,-15160,-2956,4676,-496,159,-122,0
1175.1368861198423,11192,4884,10304,-163,-59,122,10008,-9512,8256,-71,168,-177,-15072,3756,2788,-977,72,-62,-15328,-3004,4608,-497,82,-106,0
1175.1738650798798,10896,5132,10396,-115,-26,121,10108,-9520,8304,-46,158,-112,-14904,3832,2668,-989,68,-39,-15080,-2892,4664,-516,51,-125,0
1175.2095091342926,10868,4884,10448,-181,-9,82,9996,-9532,8356,-10,166,-130,-14936,3780,2832,-1045,68,-75,-14976,-2952,4712,-500,89,-98,0
1175.2446999549866,10992,5164,10484,-99,-5,101,9992,-9512,8124,-91,178,-165,-15004,3664,2784,-769,100,-74,-14860,-2996,4668,-441,91,-136,0
1175.2807400226593,10756,4864,10320,-159,-54,82,10040,-9568,8260,-59,186,-205,-14988,3776,2396,-992,61,-117,-15128,-2844,4720,-446,174,-133,0
1175.316113948822,11196,5092,10588,-181,-61,77,9780,-9252,8328,-16,170,-167,-14944,3980,2776,-1064,41,-55,-15016,-2672,4688,-497,127,-99,0
1175.3514060974119,10960,5360,10388,-141,-75,119,10012,-9512,8312,-9,139,-144,-14952,3700,2588,-1000,81,-90,-15060,-2824,4744,-485,117,-126,0
1175.3874480724335,10900,5080,10220,-177,-68,127,10100,-9528,8224,-50,158,-183,-14940,3752,2568,-990,100,-76,-15024,-2848,4704,-494,123,-138,0
1175.422730922699,10980,5152,10440,-168,-77,105,10096,-9544,8316,-47,180,-172,-15000,3756,2712,-772,90,-119,-14868,-2820,4664,-503,156,-112,0
1175.4575209617615,10964,5172,10284,-116,-60,123,10008,-9448,8240,-32,173,-179,-14976,3608,2588,-1035,79,-61,-15304,-2904,4664,-485,144,-119,0
1175.4931190013885,10988,5188,10292,-169,-105,128,10080,-9556,8240,-50,128,-166,-15060,3804,2780,-991,87,-130,-14940,-2712,4588,-463,151,-54,0
1175.5286650657654,10936,5188,10284,-130,-87,142,10028,-9424,8156,-41,126,-173,-15040,3756,2780,-995,125,-87,-15132,-2880,4772,-493,174,-112,0
1175.5635759830475,10964,5068,10372,-154,-77,125,10048,-9468,8272,-25,131,-178,-15020,3688,2656,-993,113,-132,-15064,-2812,4764,-493,148,-122,0
1175.5992641448975,10920,5076,10340,-142,-89,125,10068,-9492,8332,-17,105,-178,-14924,3768,2656,-1040,69,-107,-15096,-2964,4652,-495,160,-144,0
1175.6342220306396,10976,5180,10364,-157,-52,86,10004,-9728,8380,-51,142,-168,-14916,3656,2760,-1055,44,-74,-15052,-2924,4700,-493,120,-114,0
1175.6700150966644,10928,5148,10696,-137,-82,103,10000,-9508,8260,-65,148,-194,-15064,3732,2692,-1002,82,-97,-14852,-2828,4704,-471,164,-105,0
1175.7052371501925,10924,4880,10328,-134,-72,116,9988,-9720,8348,-83,156,-195,-14988,3732,2676,-1019,86,-110,-14948,-2876,4608,-481,147,-139,0
1175.7409241199493,10964,5020,10352,-94,-37,81,10124,-9640,8236,-75,168,-162,-15036,3648,2660,-1045,40,-17,-15352,-2836,4576,-486,123,-147,0
1175.7761130332947,10908,5052,10044,-85,39,71,10076,-9516,8360,-80,163,-146,-15032,3680,2640,-1076,-2,-34,-15032,-2888,4592,-507,96,-171,0
1175.813353061676,10760,5116,10096,-53,77,64,9988,-9448,8452,-64,158,-136,-15056,3732,2812,-1086,18,-53,-15312,-2952,4708,-530,105,-162,0
1175.8468520641327,10996,5220,10428,-71,77,73,9992,-9544,8280,-99,174,-151,-14952,3692,2964,-1060,21,-80,-15072,-2988,4860,-510,137,-142,0
1175.8800361156464,10912,5224,10452,-85,4,75,10020,-9504,8340,-130,137,-162,-14984,3776,2788,-1026,54,-65,-15232,-3040,4620,-496,136,-153,0
1175.9134969711304,10864,5180,10400,-70,-4,74,10056,-9476,8248,-125,180,-157,-15032,3728,2768,-771,49,-75,-15088,-2996,4816,-487,52,-164,0
1175.9471399784088,10920,5348,10340,-49,45,74,10232,-9604,8268,-101,135,-110,-14876,3828,2740,-1057,40,241,-15016,-2940,4624,-768,78,-128,0
1175.9803099632263,10748,5152,10536,-146,28,116,10064,-9592,8312,-62,116,-153,-14852,3672,2824,-1076,46,-68,-15004,-2904,4728,-767,127,-116,0
1176.0139291286469,10828,5276,10308,-72,31,106,9964,-9560,8268,-125,148,-135,-15072,3756,2744,-1025,81,-33,-15020,-2948,4860,-473,154,-103,0
1176.0474259853363,10828,5156,10440,-129,-44,103,10080,-9492,8412,-95,152,-171,-15072,3800,2680,-1019,86,-77,-14956,-2876,4708,-501,181,-104,0
1176.0809371471403,10940,5120,10264,-113,-61,110,10060,-9528,8088,-61,135,-172,-14972,3744,2828,-1080,90,-78,-14976,-2840,4644,-525,183,-133,0
1176.1144659519196,10916,4920,10008,-79,-33,140,9928,-9560,8268,-66,143,-170,-14944,3756,2792,-1030,73,-61,-15088,-3004,4708,-526,158,-141,0
1176.147742986679,10760,5156,10464,-118,-37,105,10228,-9500,7976,-43,138,-145,-15028,3764,2764,-1001,93,-59,-15300,-2832,4736,-470,122,-125,0
1176.1813769340515,10916,5224,10508,-145,-49,117,9972,-9544,8312,-78,164,-176,-14664,3856,2876,-1001,68,-51,-15092,-2880,4648,-481,184,-115,0
1176.2149291038513,10780,5156,10392,-147,-49,83,9956,-9564,8240,-38,172,-179,-14912,3752,2768,-1017,92,-79,-15084,-2932,4764,-500,158,-113,0
1176.2484769821167,10784,5148,10404,-162,-97,119,9956,-9552,8308,-35,147,-188,-14908,3792,2888,-1044,95,-106,-15036,-2992,4632,-489,183,-116,0
1176.2818491458893,10816,5168,10344,-107,-78,131,9956,-9568,8344,-40,143,-191,-14976,3664,2972,-772,122,-101,-15060,-2944,4684,-491,153,-97,0
1176.3156459331512,10900,5252,10280,-140,-69,113,9736,-9580,8308,-31,131,-149,-15060,3744,2748,-996,76,-82,-15056,-2976,4628,-486,144,-120,0
1176.34925198555,10828,5248,10456,-129,-43,126,10228,-9724,8272,-42,158,-179,-14980,3776,2896,-1001,118,-77,-15144,-3036,4408,-501,182,-106,0
1176.3826129436493,10940,5164,10416,-147,-66,119,10056,-9516,8228,-43,152,-175,-14924,3824,2852,-1032,88,-85,-15028,-2868,4808,-495,145,-109,0
1176.416475057602,10844,5160,10224,-142,-97,114,9904,-9444,8272,-68,148,-168,-14968,3664,2784,-1020,141,-107,-15084,-2908,4704,-494,178,-103,0
1176.4500160217283,10852,5184,10368,-151,-53,112,10048,-9472,8368,-67,161,-166,-14940,3776,2908,-969,161,-131,-15212,-2980,4708,-471,179,-103,0
1176.4835691452026,10792,5132,10516,-174,-118,105,10024,-9576,8264,-12,170,-203,-14952,3724,2576,-967,157,-131,-15020,-3024,4724,-482,204,-81,0
1176.5172579288485,10852,5208,10376,-204,-134,152,9928,-9600,8268,-7,131,-194,-15072,3768,2840,-932,194,-119,-15092,-2832,4672,-454,215,-65,0
1176.5507221221924,10768,5108,10440,-220,-162,152,9964,-9556,8320,15,128,-225,-14960,3832,2644,-933,185,-135,-14972,-2880,4652,-481,204,-89,0
1176.5842959880829,10844,5124,10296,-211,-199,159,9944,-9512,8252,51,151,-221,-14944,3780,2636,-931,156,-202,-15140,-2980,4692,-485,209,-69,0
1176.6176841259005,10784,5184,10504,-201,-161,150,9740,-9296,8300,73,130,-218,-14936,3824,2596,-936,166,-182,-15020,-2868,4664,-450,221,-70,0
1176.650808095932,10884,5108,10288,-249,-216,124,9884,-9420,8376,77,129,-241,-14960,3816,2724,-913,186,-146,-15152,-2892,4672,-445,210,-60,0
1176.6842529773712,10916,5240,10376,-222,-176,168,10228,-9460,8348,62,128,-211,-15004,3768,2772,-922,177,-122,-15156,-2864,4528,-454,145,-38,0
1176.717843055725,10976,5148,10428,-245,-167,147,10028,-9544,8352,96,101,-197,-14968,3748,2760,-982,145,-116,-15048,-2948,4588,-477,177,-83,0
1176.7513971328735,10916,5204,10276,-315,-251,158,10052,-9440,8124,102,91,-213,-14844,3660,2800,-779,162,-156,-15076,-2908,4356,-472,227,-71,0
1176.7849140167236,10888,5232,10396,-172,-207,146,9960,-9444,8336,68,103,-268,-14980,3644,2620,-947,183,-141,-15028,-2932,4664,-454,206,-75,0
1176.8182661533356,10888,5068,10488,-258,-223,108,10048,-9520,8044,63,136,-232,-15072,3768,2644,-981,130,-184,-15064,-2800,4660,-456,228,-90,0
1176.8560111522675,10988,5092,10388,-248,-231,157,9956,-9500,8244,91,94,-201,-14828,3780,2920,-976,141,-137,-15132,-2868,4752,-501,169,-89,0
1176.891883134842,10908,4912,10176,-512,-181,159,10044,-9412,8228,70,82,-183,-14876,3672,2740,-937,158,-103,-15044,-2980,4664,-460,120,-92,0
1176.9277789592743,10816,5072,10336,-263,-159,158,10056,-9488,8244,59,104,-181,-14948,3784,2780,-949,127,-66,-14972,-2880,4708,-478,155,-85,0
1176.962646007538,10944,5364,10392,-243,-197,185,9940,-9412,8400,33,109,-204,-14996,3688,2560,-960,164,-135,-15024,-2968,4684,-469,187,-46,0
1176.9981701374054,11252,5128,10308,-194,-242,196,10120,-9356,8316,47,64,-232,-15000,3812,2580,-974,192,-104,-15048,-3024,4848,-461,220,-42,0
1177.033529996872,11144,5008,9984,-189,-250,186,10096,-9232,8328,-29,54,-223,-14964,3724,2676,-1014,127,-121,-15124,-2860,4584,-496,208,-93,0
1177.0686330795288,11028,5068,10488,-94,-134,150,10120,-9392,8320,-13,115,-158,-15016,3724,2604,-1057,30,-47,-14972,-2840,4520,-504,145,-152,0
1177.103865146637,10876,5072,10080,-88,-40,90,10192,-9452,8288,-7,197,-184,-14940,3676,2572,-1071,13,-60,-15352,-3044,4392,-503,165,-150,0
1177.139708995819,10956,5052,10188,-70,-19,59,9988,-9348,8276,-13,142,-181,-14940,3680,2648,-1072,59,-84,-15016,-2860,4596,-505,206,-116,0
1177.175040960312,10820,5160,10456,-147,-81,122,9996,-9444,8184,-76,136,-210,-14896,3768,2752,-992,164,-82,-15112,-2916,4704,-479,206,-85,0
1177.2109079360962,10904,5004,10220,-122,-109,143,9908,-9560,8356,-53,175,-196,-15000,3748,2784,-972,136,-155,-15352,-3068,4612,-500,163,-140,0
1177.2471120357513,10904,4924,10400,-122,-70,96,9952,-9580,8312,-13,123,-211,-14992,3660,2544,-1016,62,-138,-15016,-2892,4364,-501,183,-110,0
1177.2824261188507,10884,5132,10316,-108,-46,106,9992,-9324,8240,-42,145,-168,-14984,3756,2884,-974,93,-123,-15044,-2908,4548,-478,139,-154,0
1177.317673921585,10928,4948,10432,27,253,48,10052,-9472,8352,-103,176,-167,-15068,3776,2724,-1015,61,-125,-15172,-2600,4580,-520,118,-149,0
1177.3538310527802,11220,5044,10312,-58,8,45,10112,-9388,8192,-84,190,-162,-15072,3808,2772,-1039,4,-54,-15236,-2800,4608,-541,149,-124,0
1177.3892600536349,11080,5192,10356,-85,254,103,9760,-9428,8648,-90,136,-129,-14956,3636,2492,-1063,47,-24,-15072,-2852,4488,-508,174,-90,0
1177.4245440959933,10780,5016,10180,-86,-53,131,9988,-9500,8416,-73,138,-165,-14952,3684,2808,-1052,81,-64,-15092,-2968,4756,-507,155,-92,0
1177.4601240158079,10956,5344,10244,-96,-65,98,9984,-9372,8340,-50,173,-171,-14964,3740,2852,-1004,56,-83,-15140,-2980,4628,-500,156,-133,0
1177.4966070652008,10832,5164,10432,-143,-52,102,9932,-9468,8412,-39,178,-182,-14912,3744,2768,-996,70,-85,-15008,-2896,4716,-485,135,-96,0
1177.5302140712738,10924,5200,10536,-158,-39,113,9936,-9432,8260,-33,174,-188,-14848,3720,2708,-940,101,-62,-15088,-2988,4588,-487,121,-123,0
1177.5637021064758,10872,5032,10372,-141,-39,87,9916,-9260,8332,-63,172,-168,-14968,3780,2768,-912,125,-70,-15004,-2848,4392,-481,118,-128,0
1177.597531080246,11072,5060,10400,-148,-47,109,10072,-9532,8316,-54,154,-173,-14912,3608,2848,-995,107,-105,-15044,-2604,4604,-759,159,-96,0
1177.6309750080109,11024,5096,10192,-159,-88,139,9960,-9548,8280,-29,105,-180,-15008,3832,2516,-974,144,-92,-15320,-2888,4840,-493,159,-99,0
1177.6643640995026,10936,5184,10424,-182,-101,138,10024,-9464,8216,-44,108,-187,-15028,3788,2636,-979,136,-121,-14904,-2944,4828,-500,173,-93,0
1177.6980581283567,11164,5084,10296,-157,-110,129,10084,-9432,8388,2,148,-181,-15036,3784,2676,-994,83,-91,-15172,-2832,4620,-503,169,-104,0
1177.7316660881045,11048,4900,10372,-145,-111,110,9992,-9640,8308,-4,163,-167,-14988,3744,2760,-1031,12,-104,-15124,-2888,4752,-492,133,-144,0
1177.765372991562,10808,5208,10464,-179,-84,94,9992,-9728,8204,-7,163,-175,-14964,3772,2828,-1009,83,-97,-15196,-2960,4756,-504,161,-124,0
1177.7990341186523,10860,5196,10412,-202,-93,96,10236,-9396,8340,-26,157,-189,-15012,3796,2896,-967,102,-112,-14864,-2896,4676,-469,148,-93,0
1177.83260512352,10984,5160,10376,-182,-91,120,9960,-9516,8436,-23,145,-186,-15000,3704,2644,-984,81,-117,-15120,-2928,4744,-493,166,-102,0
1177.8660039901733,10964,5352,10288,-192,-122,105,10032,-9708,8396,-26,133,-201,-15016,3668,2680,-977,96,-88,-15056,-2876,4504,-501,182,-84,0
1177.8997321128843,11112,5188,10176,-156,-89,102,9976,-9492,8208,-54,152,-191,-15016,3748,2736,-1011,83,-67,-15252,-2900,4548,-487,132,-93,0
1177.9330971240995,10988,5108,10400,-136,-58,97,9984,-9360,8240,-43,114,-181,-14948,3772,2712,-1016,89,-53,-15296,-2984,4652,-261,133,-108,0
1177.9667520523071,10964,5112,10376,-147,-56,118,10000,-9680,8228,-46,106,-154,-15040,3772,2896,-1022,128,-68,-14968,-2828,4580,-481,136,-96,0
1178.0002410411835,10976,5140,10468,-143,-88,141,10020,-9480,8460,-56,111,-183,-15004,3752,2948,-999,125,-102,-15012,-2952,4756,-502,149,-100,0
1178.0338490009308,10828,5128,10460,-114,-53,117,10048,-9536,8324,-29,108,-197,-15068,3740,2644,-772,113,-65,-15072,-2944,4664,-497,147,-141,0
1178.0673520565033,10848,5164,10300,-112,-49,125,9956,-9480,8328,-48,148,-160,-15048,3756,2772,-772,103,-48,-15060,-2956,4668,-518,159,-116,0
1178.1006519794464,10860,5180,10568,-128,-53,66,10036,-9428,8452,-57,147,-189,-15040,3768,2892,-984,108,-59,-15108,-2920,4648,-507,139,-112,0
1178.1343231201172,10988,4908,10308,-175,-52,95,9936,-9428,8272,-85,140,-169,-15060,3724,2712,-947,92,-101,-14972,-3064,4656,-477,113,-118,0
1178.1678879261017,11000,4984,10456,-137,-47,110,9940,-9588,8396,-28,152,-138,-14924,3788,2768,-1023,81,-86,-15008,-2860,4484,-492,147,-122,0
1178.2011411190033,10828,4976,10312,-155,-51,87,9980,-9480,8260,-7,133,-166,-14900,3708,2868,-1071,56,-84,-15060,-2908,4552,-766,166,-94,0
1178.2347490787506,10888,5364,10328,-103,-32,123,10012,-9532,8324,-49,139,-182,-14968,3700,2824,-1011,76,-64,-15332,-2936,4404,-461,192,-117,0
1178.2682509422302,10904,4892,10272,-116,-75,34,10020,-9560,8260,-70,197,-191,-15016,3804,2636,-1031,8,-97,-15000,-2772,4568,-493,205,-137,0
1178.3015069961548,10924,5056,10372,-170,-32,111,9936,-9560,8492,16,164,-160,-14916,3756,2792,-1082,41,-101,-14976,-2948,4452,-526,172,-106,0
1178.3350031375883,10904,5364,10368,-119,-26,101,10016,-9460,8348,-32,186,-157,-14976,3824,2772,-1015,89,-91,-15320,-2992,4816,-493,117,-121,0
1178.368658065796,10968,5352,10412,-141,10,119,10232,-9220,8412,-44,185,-165,-15036,3816,2820,-995,93,-55,-15108,-2872,4376,-491,141,-117,0
1178.4021091461182,10852,5148,10320,-164,-82,111,10100,-9464,8392,-38,163,-166,-15028,3748,2744,-1022,82,-99,-15184,-2924,4512,-509,174,-129,0
1178.4354391098025,11036,4912,10160,-130,-86,111,9980,-9564,8348,-31,179,-170,-15052,3736,2748,-1034,119,-79,-15340,-2996,4632,-496,200,-103,0
1178.4689099788666,10876,5068,10320,-195,-107,142,10040,-9316,8192,-18,130,-206,-14960,3792,2648,-1043,152,-109,-15096,-2912,4356,-488,216,-69,0
1178.502429008484,10884,5200,10520,-98,-74,128,10228,-9472,8460,-66,85,-200,-15124,3756,2660,-778,126,-115,-15136,-2892,4700,-537,172,-138,0
1178.5401251316073,10824,5100,10400,-114,-98,105,9732,-9540,8332,-27,132,-185,-15012,3804,2668,-1057,77,-28,-15336,-2888,4728,-523,156,-162,0
1178.5755591392515,11004,4872,10416,-70,37,56,10004,-9508,8332,-70,143,-188,-15028,3824,2768,-1085,81,-62,-14984,-2656,4800,-257,156,-158,0
1178.6111340522766,10904,5356,10516,-71,48,62,10028,-9568,8420,-71,131,-175,-14956,3724,2628,-821,17,-47,-15184,-2900,4488,-542,131,-154,0
1178.647234916687,10848,5216,10284,-79,30,91,10004,-9476,8444,-140,140,-165,-14968,3736,2680,-1010,71,-10,-15168,-2856,4776,-501,133,-139,0
1178.6822509765625,10868,5252,10296,-93,23,77,10100,-9460,8432,-107,174,-171,-14920,3588,2652,-998,91,-77,-14908,-2948,4812,-762,187,-131,0
1178.717885017395,10864,5168,10388,-101,-24,53,10000,-9508,8260,-79,198,-184,-14940,3712,2968,-1019,80,-49,-15076,-2928,4660,-515,174,-145,0
1178.753319978714,10932,5060,10336,-116,-18,64,9956,-9304,8348,-58,150,-159,-14636,3736,2732,-1040,79,-81,-15072,-2940,4572,-528,119,-113,0
1178.7887210845947,10884,5208,10256,-129,3,86,9932,-9584,8308,-34,154,-209,-14964,3776,2732,-1054,126,-67,-15104,-2960,4568,-499,146,-132,0
1178.8244490623474,10792,5264,10384,-125,-42,92,10024,-9520,8400,-67,124,-183,-14984,3692,2572,-920,108,-90,-14872,-2944,4592,-499,160,-100,0
1178.8601989746094,10864,5216,10416,-94,-34,85,10160,-9464,8328,-85,152,-150,-14992,3796,2760,-921,153,-116,-15136,-2844,4592,-491,120,-98,0
1178.8950600624084,10832,5172,10420,-188,-36,130,9844,-9576,8248,254,136,-203,-14984,3892,2780,-896,201,-134,-15052,-2940,4496,-497,176,-80,0
1178.931303024292,10552,5288,10464,-242,-164,174,9836,-9716,8244,-3,68,-218,-14956,3804,2808,-994,279,-174,-15028,-2924,4704,-478,164,-41,0
1178.9676520824432,10796,5232,10460,-156,-126,167,9944,-9512,8368,-10,106,-239,-14976,3816,2692,-958,235,-150,-15004,-2880,4624,-493,243,-70,0
1179.0026800632477,10764,5120,10348,-212,-262,180,9904,-9628,8296,61,74,-242,-15012,3772,2692,-984,192,-159,-14920,-2868,4640,-497,266,-26,0
1179.0388021469116,10848,5180,10360,-220,-231,199,9928,-9248,8160,73,88,-209,-15032,3724,2740,-937,233,-168,-15320,-2964,4736,-460,206,-52,0
1179.0736050605774,10872,5152,10456,-263,-175,164,9992,-9516,8204,78,88,-243,-15056,3712,2712,-922,508,-134,-15072,-2944,4768,-436,218,-39,0
1179.109367132187,10860,5136,10424,-279,-241,176,9944,-9548,8372,91,81,-276,-15080,3780,2628,-953,232,-231,-15064,-2624,4636,-471,263,-60,0
1179.144434928894,10860,5044,10344,-259,-295,204,9972,-9524,8220,88,61,-273,-15044,3768,2584,-942,245,-226,-15092,-2912,4472,-466,260,-19,0
1179.1807849407196,10884,5124,10288,-305,-327,198,9960,-9500,8240,44,45,-289,-14980,3680,2736,-771,223,-189,-14860,-2920,4480,-460,282,-24,0
1179.2143290042875,10860,5004,10268,-210,-288,189,10016,-9472,8432,33,18,-270,-14988,3816,2648,-1013,231,-180,-15200,-2872,4464,-453,258,-23,0
1179.2479331493378,10932,5048,10252,-182,-224,158,10116,-9692,8240,18,90,-242,-15100,3728,2548,-986,149,-128,-15132,-2844,4504,-492,207,-114,0
1179.2814681529999,11080,5096,10332,-144,-151,120,10152,-9464,8360,12,106,-211,-14856,3732,2840,-769,80,-128,-15156,-2664,4448,-524,215,-135,0
1179.314954996109,10784,5084,10124,-94,-88,100,10076,-9372,8336,-10,138,-204,-14964,3708,2640,-1085,1,-108,-15320,-2884,4508,-532,141,-180,0
1179.3485300540924,10756,5100,10080,-123,-20,74,10024,-9396,8208,-58,149,-169,-14852,3640,2624,-777,72,-71,-15096,-2944,4532,-482,144,-126,0
1179.3821959495544,11224,5088,10428,-159,-55,122,10144,-9348,8356,-71,142,-160,-15292,3648,2456,-1051,103,-87,-15104,-2912,4528,-469,193,-101,0
1179.4156651496887,11188,5180,10316,-177,-102,121,9752,-9724,8468,-39,151,-172,-15100,3760,2656,-968,152,-81,-15108,-2884,4612,-482,160,-119,0
1179.4490699768069,10876,5112,10344,-168,-66,100,9932,-9588,8276,-61,181,-190,-14940,3840,2696,-1007,127,-112,-15140,-2828,4712,-489,149,-124,0
1179.4823830127716,10980,5008,10424,-132,-66,93,9792,-9508,8388,-63,156,-189,-14932,3788,2684,-1010,96,-96,-15072,-2912,4728,-499,145,-137,0
1179.5185821056366,10948,5348,10248,-143,-79,83,10232,-9612,8264,-62,173,-201,-15008,3736,2456,-962,109,-97,-14988,-2844,4596,-457,67,-131,0
1179.5524971485138,10984,5044,10308,-86,-14,91,10068,-9520,8308,-89,165,-140,-15040,3840,2528,-967,101,-53,-15124,-2576,4528,-506,76,-85,0
1179.585930109024,10756,5016,10492,-135,-26,110,10032,-9660,8280,-56,123,-144,-14984,3616,2704,-1054,66,-34,-15092,-2904,4588,-509,148,-91,0
1179.6194190979004,10900,5184,10388,-142,-95,158,10008,-9436,8336,-93,93,-193,-14976,3700,2444,-1032,161,-61,-15272,-2952,4620,-479,155,-60,0
1179.65278506279,11244,5100,10344,-74,-61,89,10072,-9484,8140,-103,226,-125,-15144,3868,2660,-1179,163,-125,-14992,-3056,4560,-486,172,-131,0
1179.68652009964,10960,5028,10252,-183,-126,98,10344,-9440,8088,-23,116,-207,-14960,3752,2648,-1122,54,-129,-15080,-3072,4540,-493,200,-108,0
1179.7200429439545,10868,5156,10280,-114,-50,94,10236,-9440,8220,-30,151,-147,-15000,3636,2712,-1032,58,-75,-15140,-2908,4692,-498,113,-127,0
1179.7533810138705,10896,4944,10476,-141,2,107,9940,-9460,8388,-74,155,-149,-15032,3724,2652,-1000,85,-39,-15040,-2964,4444,-469,79,-137,0
1179.786903142929,10872,4872,10664,-165,-29,87,10000,-9452,8312,-86,183,-152,-15040,3716,2700,-949,54,-58,-15076,-3044,4592,-493,120,-201,0
1179.8204441070557,10984,5372,10328,-157,-36,106,9932,-9400,8248,-56,184,-124,-15032,3652,2612,-966,102,-84,-15032,-2840,4620,-497,127,-111,0
1179.854257106781,10952,5148,10304,-129,-65,122,9740,-9488,8360,-55,155,-144,-15048,3772,2784,-979,124,-111,-15056,-2820,4552,-500,174,-74,0
1179.8875250816343,10896,5036,10328,-185,-89,155,10016,-9468,8340,-52,112,-184,-14992,3676,2552,-993,176,-99,-15188,-2804,4636,-492,185,-52,0
1179.921047925949,11164,5080,10056,-129,-96,156,10056,-9552,8268,-59,130,-173,-15080,3700,2660,-996,158,-111,-15320,-2820,4432,-519,142,-114,0
1179.9544169902802,10980,5016,10300,-145,-57,122,9988,-9720,8352,-23,150,-187,-15068,3664,2692,-997,113,-102,-15080,-2796,4600,-507,147,-162,0
1179.9876990318298,10936,5036,10344,-106,-32,80,10108,-9516,8412,-28,171,-173,-15084,3824,2768,-1040,72,-108,-14864,-2872,4464,-527,139,-152,0
1180.0212681293488,10788,5060,10252,-164,-41,88,9948,-9460,8236,-26,162,-158,-14956,3740,2752,-1024,43,-73,-15056,-3004,4536,-500,154,-132,0
1180.0547919273376,10908,4900,10428,-185,-70,108,9496,-9444,8324,-24,222,-183,-15040,3584,2968,-993,75,-80,-15068,-3020,4620,-452,195,-107,0
1180.0881309509275,10940,5160,10440,-173,-118,89,9848,-9432,8188,-68,131,-215,-15000,3780,2736,-969,113,-118,-15052,-2944,4464,-459,161,-120,0
1180.121663093567,10984,5188,10360,-161,-117,111,9768,-9432,8368,-51,105,-181,-14860,3740,2628,-976,110,-152,-15160,-2928,4552,-479,148,-101,0
1180.1548340320587,11012,5080,10252,-132,-63,112,9872,-9408,8344,-44,113,-180,-15052,3684,2544,-1014,63,-105,-15096,-2876,4536,-506,131,-145,0
1180.190717935562,10928,4880,10352,-135,-91,99,9936,-9252,8200,-41,153,-195,-14996,3700,2764,-1016,87,-130,-15144,-2812,4396,-477,141,-129,0
1180.2261080741882,10964,4936,10364,-162,-50,82,10108,-9476,8440,-72,141,-155,-15052,3764,2656,-976,88,-77,-15188,-2900,4604,-479,103,-97,0
1180.261948108673,11040,5068,10444,-133,-47,121,10020,-9292,8260,-68,135,-144,-14964,3728,2596,-1019,99,-84,-15012,-2972,4624,-528,111,-106,0
1180.2976491451263,10792,5072,10408,-185,-42,132,10052,-9524,8380,-28,106,-157,-14940,3640,2812,-804,248,-72,-15140,-2960,4520,-526,135,-85,0
1180.3327569961548,10940,5220,10344,-91,-44,127,9952,-9580,8444,-114,210,-118,-15068,3756,2656,-996,139,-40,-15164,-3004,4640,-463,135,-85,0
1180.3687150478363,10912,5100,10460,-145,-65,80,10044,-9560,8308,-84,214,-165,-14976,3816,2528,-1010,101,-92,-15068,-2908,4800,-482,139,-125,0
1180.4035890102389,10952,5016,10008,-147,-47,77,10012,-9628,8208,-53,144,-188,-14924,3820,2716,-1031,77,-50,-14856,-2876,4556,-503,152,-107,0
1180.4391441345215,10896,5048,10136,-118,-29,77,10108,-9596,8344,-64,164,-150,-14968,3780,2740,-1008,88,-35,-15164,-3008,4732,-497,83,-156,0
1180.4741101264954,10832,4892,10720,-135,-13,87,10028,-9536,8236,-68,188,-168,-15052,3772,2600,-953,103,-57,-14932,-2748,4452,-520,120,-132,0
1180.5096740722656,10920,5368,10480,-140,-77,90,9576,-9456,8168,-41,4,-163,-14964,3764,2828,-1012,96,-107,-15028,-2836,4720,-525,179,-140,0
1180.54483294487,10796,5136,10424,-111,-42,112,10016,-9468,8248,-78,200,-122,-15356,3592,2660,-1270,128,-74,-15152,-2868,4564,-257,156,-131,0
1180.5805130004883,10804,5124,10280,-189,-90,127,10184,-9532,8308,-44,121,-170,-14984,3692,2800,-1002,119,-85,-15004,-2948,4572,-503,142,-114,0
1180.6159839630127,10844,5048,10508,-143,-95,134,9752,-9500,8348,255,132,-166,-15020,3776,2784,-1010,126,-123,-15108,-2952,4712,-500,155,-83,0
1180.6523101329803,10912,5268,10360,-149,-99,123,9980,-9724,8360,-36,111,-192,-14964,3664,2724,-963,124,-133,-15072,-2992,4588,-499,159,-115,0
1180.6881000995636,10972,5128,10660,-170,-117,88,10228,-9252,8300,-47,137,-205,-14984,3784,2724,-989,89,-97,-15076,-2768,4668,-766,142,-132,0
1180.723130941391,10868,5140,10264,-147,-87,116,9768,-9296,8392,-43,158,-199,-14956,3804,3016,-997,87,-63,-14868,-2848,4544,-484,165,-114,0
1180.7592499256134,10804,5224,10432,-128,-79,136,10028,-9456,8404,-66,127,-181,-15064,3688,2592,-957,157,-113,-15244,-2848,4464,-461,100,-117,0
1180.7942349910736,10912,5012,10236,-150,-66,115,10100,-9580,8352,-28,114,-190,-14880,3856,2728,-1004,119,-80,-15036,-3068,4516,-494,172,-109,0
1180.8314909934998,10772,5112,10348,-173,-130,160,9984,-9556,8236,250,102,-162,-14996,3772,2760,-1016,116,-88,-15020,-2984,4648,-495,127,-101,0
1180.8650319576263,10864,5184,10260,-69,-35,116,9928,-9588,8216,-88,114,-185,-15112,3800,2700,-1005,101,-111,-15112,-2976,4352,-499,134,-133,0
1180.8982269763949,10940,5052,10344,-162,-54,102,9992,-9560,8276,-14,153,-177,-14956,3800,2332,-1023,75,-97,-15040,-2984,4772,-499,138,-118,0
1180.9318161010742,10880,5208,10416,-133,-52,83,9984,-9508,8348,-57,167,-161,-15040,4004,2780,-1004,58,-63,-15060,-2852,4492,-572,105,-83,0
1180.9652819633484,10920,5088,10436,-179,-81,103,9936,-9476,8252,-106,133,-164,-15060,3752,2720,-1001,100,-14,-15100,-2980,4556,-500,82,-108,0
1180.9989790916443,10884,5148,10160,-133,-21,104,9888,-9544,8260,-126,134,-156,-15040,3712,2692,-600,-15,-46,-15188,-2908,4536,-481,73,-109,0
1181.032478094101,10880,5336,10412,-154,-47,125,9844,-9548,7996,-97,125,-183,-14976,3724,2580,-994,111,-62,-15048,-2908,4452,-514,96,-112,0
1181.065910100937,10920,5020,10244,-124,-44,125,9908,-9572,8004,-43,433,-159,-14856,3964,2540,-1009,148,-36,-15040,-2884,4448,-498,165,-83,0
1181.0994319915771,10772,5032,10344,-110,-17,102,9968,-9456,8160,-78,119,-193,-15304,3672,2756,-992,25,-63,-15080,-2924,4568,-765,163,-157,0
1181.1327760219574,10944,5072,10436,-80,-14,59,9932,-9476,8280,-90,211,-156,-15040,3708,2588,-1039,8,-38,-15184,-2908,4596,-520,116,-169,0
1181.166496038437,10932,5056,10348,-98,17,42,10068,-9580,8184,-91,197,-135,-14960,3728,2688,-1053,-33,-50,-15100,-2908,4660,-527,114,-157,0
1181.1999270915983,10800,5176,10288,-102,75,58,9836,-9584,8164,-49,181,-149,-14984,3708,2680,-1046,-254,-49,-15048,-2992,4624,-523,107,-141,0
1181.2331869602203,10832,5216,10492,-109,25,62,9864,-9540,8320,-102,173,-128,-14880,3588,2816,-1006,61,-9,-15176,-3028,4840,-496,135,-165,0
1181.266853094101,10852,5316,10336,-138,16,104,9856,-9824,8196,-113,183,-140,-14956,3772,2604,-1015,124,-25,-15020,-2932,4392,-500,156,-140,0
1181.3002710342407,10820,5160,10432,-114,-2,119,9920,-9620,8228,-96,149,-169,-14992,3808,2728,-1053,118,-81,-15088,-2856,4536,-512,130,-95,0
1181.3338389396667,10848,5096,10484,-110,-20,103,10312,-9632,8616,-82,149,-135,-15092,3588,2592,-1040,107,-93,-15032,-2912,4536,-499,159,-128,0
1181.3675560951233,10816,5156,10392,-101,-31,122,9972,-9672,8256,-72,120,-182,-14936,3784,2788,-1008,131,-91,-15032,-3008,4560,-502,165,-117,0
1181.401027917862,10848,5364,10360,-113,-46,110,10000,-9560,8216,-69,159,-194,-14972,3692,2780,-1005,137,-31,-15168,-2944,4828,-465,163,-120,0
1181.4343600273132,10860,5156,10464,-125,-40,92,9980,-9596,8348,-59,173,-197,-14956,3636,2656,-983,130,-81,-15104,-2932,4636,-484,156,-112,0
1181.4681220054629,10828,5156,10240,-214,-74,99,9924,-9580,8172,-254,165,-183,-14932,3852,2744,-981,164,-123,-15088,-2952,4652,-482,169,-53,0
1181.5015230178833,10684,5356,10412,-226,-126,145,9900,-9664,8216,254,133,-223,-14944,3888,3036,-940,208,-160,-15120,-2920,4688,-477,159,-64,0
1181.535012960434,10772,5372,10328,-251,-179,124,10020,-9696,8352,21,130,-222,-15052,4084,2864,-926,191,-171,-15092,-2988,4536,-441,172,-65,0
1181.5686240196228,10996,5144,10584,-8,-187,171,9900,-9588,8268,67,121,-242,-14960,3780,2576,-948,200,-130,-15040,-2864,4664,-466,190,-43,0
1181.602126121521,10860,5156,10468,-280,-207,183,10200,-9672,8248,78,93,-225,-15060,3724,2624,-944,193,-138,-15164,-2920,4676,-444,214,-20,0
1181.6354610919952,10804,5072,10460,-266,-249,189,10036,-9564,8256,76,56,-265,-15016,3716,2696,-921,233,-157,-15108,-2980,4432,-423,201,-32,0
1181.6689839363098,10904,5192,10488,-302,-263,194,10064,-9588,8212,73,74,-252,-15040,3648,2640,-942,195,-224,-15132,-2868,4384,-450,234,-29,0
1181.7026360034945,10908,5076,10524,-272,-282,198,10056,-9536,8220,72,98,-245,-14856,3800,2412,-992,206,-209,-15056,-2820,4520,-442,232,-28,0
1181.7361660003662,10900,5128,10252,-244,-252,195,10036,-9508,8400,48,66,-251,-15044,3728,2336,-974,191,-145,-15108,-2912,4840,-440,215,-51,0
1181.7699711322784,10852,5168,10316,-295,-275,169,10172,-9540,8296,8,109,-232,-14928,3860,2616,-962,160,-110,-15136,-3024,4484,-437,171,-58,0
1181.8035941123965,10972,5176,10320,-179,-150,152,10116,-9440,8236,-4,121,-171,-15020,3804,2560,-933,114,-91,-15192,-2872,4584,-459,90,-109,0
1181.837338924408,10916,4884,10128,-200,-53,123,9944,-9484,8276,-8,132,-159,-15004,3736,2772,-1029,57,-65,-15108,-2840,4548,-494,154,-99,0
1181.8732249736786,10888,5148,10324,-129,-36,135,9988,-9476,8348,-61,98,-154,-15120,3688,2676,-999,94,-24,-14936,-2916,4528,-439,116,-89,0
1181.9088230133057,10968,5024,10468,-85,-48,75,10108,-9488,8256,-83,131,-187,-15044,3668,2560,-1019,80,-98,-15100,-2684,4432,-464,152,-140,0
1181.9444160461426,10940,4972,10212,-132,-67,112,10024,-9544,8208,-13,117,-178,-14960,3800,2644,-1061,42,-68,-15192,-2876,4516,-480,155,-128,0
1181.9807379245758,10972,5036,10424,-73,-10,105,10016,-9488,8180,-63,128,-154,-15032,3836,2476,-1032,10,-17,-14884,-2924,4628,-257,119,-139,0
1182.0159420967102,10932,5076,10404,-158,8,62,10020,-9568,8228,-77,167,-167,-15040,3784,2704,-998,42,-81,-14948,-2988,4820,-489,115,-163,0
1182.0515351295471,10804,5056,10516,-121,-15,87,9728,-9648,8244,-66,167,-150,-14900,3708,2320,-1000,79,-68,-15096,-2840,4636,-494,160,-138,0
1182.087762117386,10784,5016,10484,-161,-59,80,9948,-9608,8372,-47,157,-213,-14928,3768,2600,-1009,144,-94,-15036,-2928,4692,-470,174,-78,0
1182.123260974884,10860,5016,10292,-140,-126,130,9888,-9668,8276,-83,117,-204,-14992,3800,2632,-1015,137,-111,-15120,-2908,4852,-496,172,-111,0
1182.159138917923,10976,5072,10476,-109,-80,136,10236,-9468,8372,-79,125,-194,-15052,3684,2744,-923,139,-110,-15192,-2968,4688,-479,116,-99,0
1182.1944389343262,10916,5164,10496,-165,-53,105,9992,-9572,8284,-64,177,-181,-14956,3764,2776,-833,110,-108,-15068,-2824,4464,-498,147,-126,0
1182.2307019233704,10944,5112,10400,-174,-80,81,9992,-9560,8244,-52,191,-185,-15008,3604,2688,-1004,74,-126,-15168,-2924,4504,-497,138,-90,0
1182.2659249305723,10904,4916,10456,-166,-87,117,9948,-9492,8372,-63,167,-199,-15016,3808,2620,-1012,122,-71,-15348,-2824,4580,-497,146,-87,0
1182.3018529415133,10860,5088,10408,-195,-122,118,9864,-9516,8280,-78,128,-179,-15020,3608,2808,-981,110,-49,-14992,-2860,4564,-476,166,-87,0
1182.3381090164185,10992,5152,10368,-163,-76,119,9960,-9492,8228,-73,161,-183,-15088,3764,2796,-985,115,-121,-15124,-2876,4640,-484,99,-128,0
1182.3737449645996,10928,5308,10308,-127,-42,86,10048,-9528,8356,-58,153,-147,-15040,3684,2660,-992,64,-65,-15140,-2772,4624,-483,77,-151,0
1182.409341096878,10920,4864,10384,-159,-61,112,10184,-9592,7984,-27,146,-144,-15012,3732,2620,-1027,64,-72,-15292,-2976,4592,-498,131,-115,0
1182.4448549747467,10616,4864,10336,-161,-72,113,9864,-9564,8280,-54,130,-174,-14984,3764,2612,-989,101,-138,-14876,-2888,4580,-487,149,-70,0
1182.4804050922394,10868,5156,10304,-159,-71,128,9980,-9528,8160,-53,151,-190,-14868,3792,2568,-975,111,-75,-15164,-2892,4452,-487,115,-98,0
1182.515587091446,10924,4976,10292,-173,-52,105,9944,-9604,8224,-60,144,-151,-15116,4012,2676,-1060,106,-68,-15112,-2712,4832,-530,147,-118,0
1182.551481962204,10956,5156,10440,-174,-64,122,10064,-9488,8312,-23,124,-164,-14988,3752,2664,-1058,98,-81,-15068,-2900,4588,-499,170,-103,0
1182.5849800109863,10916,5236,9648,-551,364,160,10232,-9488,8160,-126,140,-146,-14988,3780,2680,-1014,120,-98,-15152,-2964,4508,-441,147,-127,0
1182.6186521053314,10848,5120,10308,-144,-72,74,9740,-9536,8328,-75,166,-201,-14984,3608,2348,-1006,78,-108,-15192,-2632,4636,-475,203,-142,0
1182.6518590450287,10868,5076,10276,-114,-67,88,10124,-9556,8216,-48,161,-177,-14920,3832,2824,-1079,67,-49,-14908,-3072,4852,-258,168,-129,0
1182.6853370666504,10900,5372,10628,-126,-30,116,9924,-9672,8164,-48,168,-165,-15012,3784,2736,-1034,50,-47,-15028,-2864,4428,-503,127,-136,0
1182.7189910411835,10772,5108,10368,-176,-20,97,9848,-9660,8184,-39,168,-183,-14996,3864,2772,-999,124,-118,-15096,-2948,4564,-466,117,-103,0
1182.7536420822144,10864,5156,10440,-194,-83,129,9956,-9556,8224,-62,109,-168,-14860,3668,2708,-973,121,-82,-15064,-2900,4588,-495,157,-120,0
1182.787806034088,10836,5112,10352,-142,-63,148,9932,-9600,8320,-50,138,-192,-14956,3756,2544,-1034,106,-85,-15212,-2932,4860,-500,155,-133,0
1182.8214349746704,10816,5084,10580,-183,-74,141,9940,-9544,8424,-19,126,-174,-14948,3760,2712,-1280,109,-112,-15028,-2768,4536,-481,135,-86,0
1182.8549530506134,10944,5088,10368,-123,-56,146,10000,-9524,8152,-43,118,-173,-15104,3740,2756,-977,142,-96,-15072,-3020,4500,-494,154,-95,0
1182.8881931304932,10884,5080,10372,-203,-89,121,9876,-9620,8424,-20,138,-196,-15080,3692,2812,-920,126,-100,-15136,-2804,4552,-469,153,-95,0
1182.921790122986,10876,5072,10456,-162,-66,115,10184,-9544,8368,-37,119,-186,-15008,3736,2468,-1003,127,-75,-15216,-2856,4460,-494,169,-76,0
1182.9553849697113,10904,5064,10440,-146,-100,125,10044,-9656,8196,-26,134,-174,-15092,3804,2720,-1008,59,-98,-15144,-2932,4668,-486,146,-93,0
1182.9890670776367,10880,5332,10380,-178,-108,107,10016,-9536,8336,-71,120,-178,-15104,3824,2744,-984,116,-113,-15060,-2868,4576,-467,151,-109,0
1183.022572040558,10764,5052,10516,-172,-106,127,9976,-9508,8312,-53,115,-191,-14900,3772,2648,-958,90,-122,-15104,-2828,4660,-467,178,-84,0
1183.05606007576,10872,5032,10384,-158,-91,117,10016,-9672,8320,-35,142,-185,-14992,3772,2548,-997,140,-97,-15152,-2868,4384,-488,140,-108,0
1183.089612007141,10980,5136,10452,-134,-74,118,10012,-9560,8292,-31,126,-170,-15008,3832,2740,-1020,120,-80,-15100,-2872,4536,-511,155,-113,0
1183.122997045517,10928,5068,10272,-122,-42,111,10064,-9632,8260,-75,138,-189,-15008,3852,2668,-999,97,-91,-15072,-2964,4412,-481,163,-120,0
1183.1564280986786,10948,5088,10480,-169,-80,95,10076,-9620,8216,-81,142,-193,-15112,3764,2584,-994,103,-127,-14912,-3072,4352,-485,124,-148,0
1183.1899890899658,10976,5080,10340,-130,-25,106,10040,-9640,8216,-36,169,-148,-15008,3704,2636,-978,64,-65,-15044,-2928,4556,-476,99,-126,0
1183.2235870361328,10932,5004,10212,-171,-24,98,9960,-9656,8276,-20,136,-159,-14912,3788,2464,-1031,109,-68,-15028,-2984,4568,-764,150,-114,0
1183.2571880817413,10536,5096,10396,-155,-75,138,9964,-9436,8384,-53,93,-176,-14944,3708,2740,-1034,123,-65,-15072,-2868,4540,-482,148,-107,0
1183.2906410694122,10924,5356,10336,-102,-65,91,10060,-9560,7996,-70,138,-158,-15104,3760,2780,-1001,84,-96,-14856,-3008,4468,-480,148,-148,0
1183.3239550590515,10896,5000,10704,-141,-53,74,10160,-9572,8256,-48,180,-196,-14984,3768,2708,-1041,56,-96,-15088,-2896,4624,-485,156,-161,0
1183.3576900959015,10952,5036,10400,-109,-14,105,10012,-9508,8024,2,179,-144,-14936,3888,2700,-1036,40,-76,-15180,-2996,4496,-511,111,-128,0
1183.3909981250763,10812,5276,10376,-135,4,104,9944,-9632,8120,-30,179,-151,-15044,3756,2616,-993,93,-29,-15092,-2788,4616,-473,100,-113,0
1183.424458026886,10828,4952,10716,-177,-2,83,9844,-9660,8232,-53,174,-167,-14984,3804,2656,-997,96,-53,-15056,-2820,4592,-493,156,-121,0
1183.4581120014193,10784,5112,10352,-157,-65,102,9924,-9612,8180,-50,134,-176,-15096,3776,2544,-1009,127,-116,-15052,-2884,4392,-496,183,-138,0
1183.4916291236877,10784,5108,10332,-106,-74,129,9956,-9664,8276,-55,139,-179,-14896,3784,2584,-1033,93,-121,-15132,-2868,4696,-478,164,-104,0
1183.524652004242,10684,5036,10412,-160,-114,148,9964,-9592,8248,-17,124,-192,-15000,3780,2612,-1040,110,-86,-15168,-2916,4580,-489,171,-72,0
1183.561156988144,10840,5096,10376,-123,-61,100,9936,-9608,8380,-30,110,-197,-14956,3708,2700,-975,106,-135,-15220,-2916,4672,-478,150,-105,0
1183.5960371494293,10820,5044,10480,-174,-56,108,9932,-9568,8272,-16,94,-208,-15040,3740,2636,-919,146,-124,-15040,-2900,4416,-487,174,-121,0
1183.631926059723,10948,5092,10380,-146,-46,112,9968,-9568,8268,-42,141,-175,-15028,3784,2648,-1013,50,-134,-15124,-2936,4592,-488,161,-125,0
1183.6674749851227,10928,5164,10340,-172,-83,115,9920,-9572,8292,-7,126,-189,-15004,3652,2660,-1008,89,-89,-15036,-2956,4784,-482,181,-127,0
1183.7034800052643,10768,5048,10596,-150,-110,113,9964,-9532,8216,-47,142,-197,-14992,3812,2652,-989,127,-86,-15172,-2888,4384,-469,172,-100,0
1183.7394099235535,10888,5104,10256,-147,-90,108,9996,-9540,8316,-17,124,-192,-15036,3756,2632,-957,116,-122,-15168,-2920,4548,-491,176,-152,0
1183.7749049663544,10840,5028,10680,-146,-118,123,9884,-9548,8240,-40,141,-193,-15016,3776,2716,-1280,71,-120,-15084,-2904,4584,-518,187,-139,0
1183.8104391098025,10864,5088,10328,-111,-98,116,9728,-9600,8324,-30,119,-175,-15008,3716,2804,-773,71,-102,-15124,-2928,4572,-531,148,-144,0
1183.8459589481354,10840,5092,10500,-101,-99,104,10048,-9544,8200,-46,147,-187,-15048,3652,2728,-1272,87,-98,-15104,-3020,4592,-497,180,-134,0
1183.8812770843506,10736,5088,10532,-120,-105,95,9896,-9620,8328,-76,143,-210,-15048,3692,2664,-769,111,-90,-15044,-2888,4576,-495,118,-120,0
1183.9161920547483,10860,5176,10388,-135,-68,116,9924,-9468,8312,-72,158,-179,-15024,3848,2840,-971,59,-87,-15220,-2720,4512,-259,78,-138,0
1183.9525220394135,10868,5024,10384,-140,-42,109,10040,-9564,8368,-11,145,-155,-14972,3712,2956,-1063,63,-26,-15040,-2940,4528,-530,135,-115,0
1183.9880590438843,10772,5128,10252,-152,-53,117,9876,-9696,8256,-15,124,-168,-14956,3760,2800,-1058,93,-104,-14912,-3024,4608,-497,162,-134,0
1184.0233011245728,10864,5064,10668,-80,-58,100,9744,-9632,8260,-91,154,-197,-15328,3776,2724,-975,96,-65,-14904,-2836,4520,-473,151,-155,0
1184.058660030365,10892,5036,10476,-131,-97,85,9964,-9528,8376,-54,164,-187,-15000,3708,2724,-1054,57,-103,-15016,-2856,4584,-519,194,-145,0
1184.0936560630798,10764,5100,10304,-94,-29,100,9368,-9728,8156,-23,498,-172,-14940,3780,2648,-1034,29,-17,-15184,-2888,4576,-540,169,-146,0
1184.1294939517975,10784,5140,10432,-91,3,79,9912,-9624,7960,-104,144,-150,-14964,3688,2848,-936,16,-52,-15168,-2920,4436,-492,117,-156,0
1184.1646189689636,10816,5120,10728,-115,41,61,9976,-9600,8148,-78,125,-193,-14952,3684,2560,-1009,46,-66,-15048,-2848,4652,-257,129,-150,0
1184.2008509635923,10888,5112,10464,-97,-1,90,9976,-9620,8100,-72,140,-146,-14904,3776,2952,-1052,61,-73,-15116,-2888,4376,-535,151,-118,0
1184.2343249320984,10784,5108,10384,-74,6,84,9552,-9724,8364,-35,231,-183,-14984,3724,2800,-1034,74,-45,-15072,-2980,4512,-511,189,-117,0
1184.2679181098938,10744,5124,10448,-116,-26,90,9932,-9548,8172,-53,158,-172,-14996,4012,2724,-1065,92,-42,-15340,-2928,4480,-768,146,-118,0
1184.301388978958,10896,5088,10420,-94,-38,103,10000,-9620,8284,-83,164,-177,-14968,3816,2668,-985,81,-98,-15092,-2944,4652,-265,159,-144,0
1184.3349549770355,10732,5100,10436,-118,-32,80,9900,-9632,8120,-55,141,-167,-14968,3700,2740,-1014,114,-93,-15096,-2968,4400,-266,182,-142,0
1184.3683469295502,10688,5108,10496,-121,-15,94,9904,-9892,8184,-57,341,-50,-15012,3912,2812,-1038,86,-78,-15020,-2872,4564,-508,159,-119,0
1184.401489019394,10872,5128,10616,-122,-19,81,10184,-9584,7968,-95,173,-146,-14916,3868,2656,-1006,133,-64,-15168,-2900,4852,-499,135,-96,0
1184.4350171089172,10680,4876,10264,-79,-35,116,9736,-9708,8012,-110,124,-180,-14996,3816,2776,-954,139,-48,-15332,-2968,4532,-485,143,-132,0
1184.4686660766602,10880,5108,10508,-102,-31,114,10012,-9960,8396,-96,182,-188,-14968,3808,2760,-1036,97,-93,-14992,-2868,4600,-522,177,-118,0
1184.5023119449615,10848,5176,10368,-156,-92,118,9868,-9664,8244,36,141,-172,-14944,3796,2812,-1034,116,-137,-15004,-2872,4756,-505,206,-94,0
1184.541610956192,10868,5276,10492,-97,-55,124,9992,-9672,8172,-74,122,-212,-14960,3740,2684,-980,154,-97,-15184,-2932,4452,-498,193,-102,0
1184.575474023819,10900,5128,10448,-129,-98,113,9968,-9624,8344,-44,146,-186,-14940,3748,2656,-1007,80,-104,-15180,-2852,4416,-259,171,-144,0
1184.6086950302124,10728,5204,10392,-105,-49,117,10048,-9584,8256,-49,134,-180,-15132,3728,2744,-1280,100,-89,-15292,-3036,4400,-510,147,-124,0
1184.6421089172363,10800,5168,10528,-72,10,97,9732,-9684,8160,-93,158,-190,-15300,3832,2708,-1005,143,-80,-14916,-2848,4592,-495,149,-111,0
1184.6755640506744,10772,5180,10532,-109,-1,69,9980,-9632,8308,-93,171,-174,-15052,3744,2808,-970,76,-78,-15288,-3024,4508,-485,134,-121,0
1184.7088811397552,10976,5248,10728,-147,-12,103,9836,-9596,8116,-84,242,-119,-14988,3844,2708,-968,141,-73,-14868,-2868,4552,-492,108,-60,0
1184.7425560951233,10760,5224,10496,-154,-44,104,9828,-9576,8148,-56,152,-163,-15060,3748,2848,-956,181,-97,-14992,-2844,4552,-478,160,-49,0
1184.7761659622192,10704,5244,10628,-203,-119,129,9764,-9704,8040,-6,152,-207,-15000,4032,2640,-946,193,-121,-15028,-3036,4528,-457,221,-35,0
1184.8094639778135,10652,4892,10424,-191,-186,118,9964,-9668,8192,42,140,-220,-15016,3772,2768,-990,182,-158,-15040,-2876,4640,-475,241,-67,0
1184.8429589271545,10756,5120,10556,-199,-209,136,9868,-9596,8260,80,162,-225,-15016,3860,2656,-991,102,-177,-15180,-2888,4580,-484,198,-89,0
1184.8766860961914,10904,5136,10472,-230,-178,140,9876,-9600,8180,47,197,-243,-14960,3812,2660,-1001,133,-192,-15056,-2860,4552,-450,204,-78,0
1184.9098999500275,10792,5208,10724,-266,-209,126,9964,-9708,8132,51,195,-233,-15008,3808,2668,-980,133,-164,-15040,-2932,4568,-435,216,-83,0
1184.9434020519257,10976,5160,10496,-297,-512,166,9980,-9672,8268,53,160,-236,-15108,3748,2676,-954,165,-150,-15160,-2836,4448,-442,230,-51,0
1184.977030992508,10800,5088,10364,-250,-277,161,9980,-9612,8372,82,153,-249,-14960,3616,2648,-1018,162,-157,-15076,-2884,4504,-434,236,-39,0
1185.010456085205,10780,5120,10296,-233,-272,181,9932,-9496,8268,69,118,-228,-15120,3664,2668,-1007,132,-166,-15084,-2884,4488,-434,202,-64,0
1185.043828010559,10984,5180,10400,-232,-256,187,9968,-9568,8288,66,121,-232,-15036,3756,2644,-1049,122,-132,-15176,-2840,4496,-454,178,-89,0
1185.0774741172793,10864,5076,10468,-208,-201,152,9860,-9580,8424,80,143,-216,-14964,3680,2636,-997,124,-116,-15052,-2932,4424,-458,192,-82,0
1185.110965013504,10924,5116,10492,-219,-198,131,9844,-9620,8204,78,152,-205,-14952,3740,2728,-1007,98,-118,-15120,-2836,4624,-484,194,-87,0
1185.144010066986,10836,4916,10424,-193,-184,146,9832,-9704,8220,64,123,-214,-14992,3768,2672,-996,101,-144,-15160,-2852,4544,-464,179,-72,0
1185.177941083908,10768,5216,10432,-195,-183,163,9896,-9624,8312,87,100,-212,-15056,3780,2904,-976,118,-148,-15100,-2876,4632,-476,239,-65,0
1185.211236000061,10860,5028,10260,-209,-193,163,9800,-9588,8340,41,91,-175,-15084,3780,2696,-989,130,-99,-15168,-2844,4484,-459,223,-33,0
1185.247612953186,10800,5024,10492,-215,-191,181,9984,-9596,8132,-3,103,-221,-15076,3760,2568,-959,166,-110,-15304,-2892,4448,-480,248,-64,0
1185.283627986908,10800,5040,10476,-224,-192,200,9752,-9616,7996,6,90,-180,-14892,3708,2616,-969,134,-137,-15136,-2588,4364,-464,215,-74,0
1185.3194160461426,10840,5116,10416,-155,-144,161,9968,-9572,8332,-254,110,-198,-15068,3752,2736,-995,99,-76,-15220,-2876,4624,-495,201,-106,0
1185.3548359870913,10776,5332,10288,-97,-87,105,9764,-9536,8296,-15,126,-189,-15100,3628,2652,-986,41,-110,-15152,-2860,4372,-479,193,-156,0
1185.3903141021729,11236,5336,10488,-78,-61,71,9904,-9624,8220,-75,151,-202,-15092,3844,2676,-771,54,-64,-15164,-2860,4456,-767,211,-156,0
1185.4255449771879,10924,5072,10432,-79,-75,78,9960,-9608,8224,-118,162,-178,-14940,3724,2560,-1026,53,-79,-15128,-2988,4452,-497,182,-143,0
1185.4612600803375,10888,5164,10232,-34,4,53,10016,-9552,8264,-126,189,-161,-15304,3640,2680,-1039,68,-36,-15220,-2808,4412,-529,64,-183,0
1185.497455120087,10916,5088,10324,-98,56,58,9980,-9624,8344,-83,169,-158,-15012,3720,2680,-1069,13,-57,-15080,-2920,4604,-553,146,-148,0
1185.5330021381378,10848,5212,10404,-69,30,88,9872,-9508,8272,-78,139,-143,-15024,3724,2616,-1280,91,-33,-15140,-2984,4452,-496,81,-177,0
1185.5691211223602,10924,5228,10360,-55,67,21,10116,-9668,8188,-144,174,-124,-15308,3724,2688,-1015,10,-21,-15212,-2796,4464,-469,79,-198,0
1185.6044931411743,10932,5028,10352,-62,79,53,9920,-9540,8200,-116,201,-103,-14960,3656,2632,-1104,-44,38,-15008,-2836,4496,-563,88,-175,0
1185.6397490501404,10848,5148,10392,10,143,67,9960,-9500,8012,-76,172,-86,-15024,3644,2632,-1047,54,226,-15088,-2896,4812,-537,82,-183,0
1185.6750321388245,10824,5120,10512,-67,129,13,10040,-9632,8272,-75,183,-147,-14884,3764,2628,-935,100,-31,-15144,-2976,4464,-491,130,-156,0
1185.7104289531708,10572,5156,10368,-122,27,36,9848,-9620,8232,-99,184,-196,-14952,3768,2692,-987,119,-119,-14860,-2896,4612,-488,163,-155,0
1185.7459030151367,10836,5112,10288,-135,-61,64,9888,-9544,8220,-94,197,-196,-14908,3816,3008,-973,65,-59,-15024,-2864,4608,-257,193,-142,0
1185.7814891338348,10680,4912,10736,-101,-69,76,9812,-9568,8260,-81,146,-210,-14912,3724,2736,-1268,96,-118,-15140,-2900,4480,-503,175,-115,0
1185.8175930976868,10780,5180,10540,-122,-34,91,9952,-9600,8304,-80,152,-171,-14984,3832,2608,-994,95,-57,-15164,-2944,4628,-491,130,-108,0
1185.852823972702,10808,5152,10568,-130,34,76,9640,-9528,8264,-62,285,-150,-15036,3772,2576,-1028,68,-59,-14884,-2896,4836,-508,86,-152,0
1185.8895471096039,10792,5240,10392,-132,-5,113,10016,-9696,8212,20,195,-126,-14992,3768,2660,-1045,52,-58,-15124,-3032,4524,-519,93,-154,0
1185.9228999614716,10780,5288,10276,-102,-26,66,9860,-9696,8240,7,139,-183,-14988,3684,2800,-995,81,-61,-15116,-2824,4508,-534,196,-148,0
1185.9565210342407,10808,5212,10328,-114,-97,69,9796,-9640,8436,-43,141,-243,-15080,3820,2740,-1000,101,-103,-14956,-2856,4556,-509,248,-101,0
1185.990266084671,10520,5196,10428,-120,-153,100,9952,-9608,8392,-45,151,-237,-15020,4084,2600,-942,138,-130,-15184,-2896,4520,-492,215,-111,3
1186.023675918579,10720,5160,10588,-131,-130,95,9792,-9560,8264,-59,114,-226,-14920,3868,2852,-997,141,-141,-15048,-2896,4608,-493,216,-90,3
1186.0573060512545,10840,5192,10372,-129,-62,111,9888,-9564,8380,-60,130,-201,-15160,3816,2884,-988,136,-106,-15228,-2940,4392,-504,158,-87,3
1186.0906341075895,10760,5168,10364,-105,-70,99,9964,-9560,8260,-66,143,-188,-14888,3716,2724,-970,147,-36,-15072,-2920,4512,-495,168,-79,3
1186.1239230632782,11000,5220,10244,-164,-39,124,9920,-9640,8364,-97,136,-204,-15060,3796,2636,-917,208,-90,-15232,-2888,4356,-508,164,-81,3
1186.1574919223785,10940,5308,10736,-181,-78,148,9944,-9628,8152,-25,109,-185,-15096,3728,2676,-896,209,-124,-15240,-2856,4376,-497,86,-90,3
1186.1909580230713,10840,5352,10664,-186,-77,140,9736,-9656,8340,36,179,-119,-15036,3892,2632,-951,142,-123,-15088,-2904,4552,-258,152,-121,3
1186.2244489192965,10844,5200,10612,-210,-108,148,10068,-9592,8392,34,126,-162,-14932,3732,2740,-939,90,-92,-15036,-3056,4412,-489,132,-100,3
1186.257653951645,10812,5240,10412,-147,-115,121,9944,-9496,8260,10,155,-173,-15052,3616,2724,-919,150,-47,-14984,-2980,4520,-440,144,-80,0
1186.2911901474,10644,5192,10404,-237,-153,141,9968,-9576,7992,10,161,-206,-14968,3808,2728,-960,111,-124,-15064,-2884,4564,-440,241,-28,0
1186.3248600959778,10516,5144,10284,-244,-171,144,9984,-9584,8380,81,109,-195,-14972,3792,2636,-945,154,-160,-15040,-2864,4468,-464,195,-36,0
1186.3585131168365,10592,5188,10376,-247,-151,150,9832,-9600,8392,72,117,-193,-15048,3804,2604,-911,214,-140,-15064,-2980,4488,-434,198,-43,0
1186.3917360305786,10840,5052,10616,-266,-219,181,9912,-9480,8352,99,70,-230,-15048,3732,2664,-942,208,-173,-15092,-2960,4472,-465,230,-27,0
1186.425241947174,10556,5100,10468,-277,-296,201,9828,-9600,8256,123,66,-262,-14996,3808,2632,-927,220,-160,-15120,-2796,4356,-441,243,-91,0
1186.4586899280548,10704,5124,10356,-221,-312,224,10064,-9544,8272,124,151,-253,-14976,3772,2808,-913,258,-178,-15116,-2832,4516,-427,230,-31,0
1186.491956949234,10860,5124,10444,-280,-313,232,9800,-9288,8028,62,76,-233,-14900,3772,2792,-916,272,-170,-15112,-2860,4496,-463,214,-62,0
1186.5256440639496,11244,5316,10296,-138,-197,210,9904,-9368,8196,7,67,-169,-15088,3632,2720,-946,175,-90,-15224,-2712,4340,-484,157,-78,0
1186.5592291355133,11060,5072,10404,-118,-105,149,10052,-9456,8272,-45,98,-146,-15132,3676,2484,-1012,115,-34,-15228,-2916,4560,-257,136,-135,0
1186.5926289558413,11024,5188,10348,-81,-20,92,10096,-9680,8224,-19,116,-152,-15136,3576,2644,-963,100,-37,-15196,-2936,4156,-495,121,-150,0
1186.6261670589447,10988,5124,10360,-117,-10,95,10048,-9564,8320,-62,146,-153,-14864,3648,2480,-1021,88,-58,-15128,-2936,4420,-257,107,-116,0
1186.659507036209,10960,5172,10708,-165,-28,113,9844,-9616,8432,-22,174,-163,-14960,3744,2744,-966,125,-79,-15100,-2924,4512,-481,132,-114,0
1186.6929030418396,10888,5100,10512,-187,-79,105,9912,-9660,8340,-18,158,-182,-14996,3828,2900,-939,128,-68,-15140,-2888,4552,-481,90,-128,0
1186.7265470027924,10900,5340,10336,-206,-67,83,9776,-9600,8320,-1,174,-181,-14976,3932,2564,-928,125,-58,-15184,-2856,4472,-502,109,-120,0
1186.7598040103912,10872,5160,10644,-164,-83,175,9756,-9668,8356,-253,131,-161,-14984,3880,2672,-934,172,-78,-15000,-2884,4532,-471,116,-104,0
1186.793231010437,10800,5068,10428,-175,-95,148,9912,-9540,8264,-47,139,-198,-14988,3808,2608,-887,186,-118,-15124,-2856,4568,-461,118,-57,0
1186.8266711235049,10968,5112,10448,-167,-102,161,9860,-9596,8316,-67,131,-160,-14924,3864,2524,-849,160,-93,-15168,-2852,4384,-458,86,-104,0
1186.8601801395416,11100,5100,10480,-159,-66,148,9944,-9652,8300,247,140,-173,-15004,3748,2700,-908,137,-63,-15200,-2780,4344,-496,116,-89,0
1186.8934769630432,10904,4944,10380,-200,-126,189,9952,-9552,8396,0,112,-175,-14876,3704,2488,-965,123,-130,-15080,-2892,4524,-493,201,-96,0
1186.9308359622955,10856,5208,10488,-140,-95,155,10012,-9576,8316,-22,107,-185,-14880,3624,2628,-917,188,-132,-15212,-2884,4192,-476,179,-99,0
1186.9660470485687,10892,5036,10384,-186,-138,109,10060,-9560,8256,-21,128,-210,-15080,3764,2428,-904,50,-108,-15088,-2740,4328,-509,192,-185,0
1187.002454996109,10908,4896,10200,-147,-74,79,9976,-9408,8272,19,152,-171,-14956,3684,2572,-897,25,-75,-15168,-2956,4516,-528,128,-170,0
1187.0377180576324,10900,5148,10292,-136,-21,45,9784,-9528,8328,-23,193,-136,-14940,3996,2312,-891,63,-50,-15136,-2804,4552,-482,95,-175,0
1187.0731630325317,10860,4904,10448,-198,-10,69,9840,-9496,8404,-51,145,-156,-14956,3816,2640,-840,113,-62,-15140,-2840,4468,-534,134,-137,0
1187.108768939972,10816,5320,10424,-205,-57,123,9804,-9536,8404,-49,132,-169,-14888,3764,2676,-857,166,-117,-15160,-2988,4432,-528,196,-94,0
1187.1439399719238,10732,5036,10324,-171,-82,158,9928,-9520,8320,-19,113,-191,-14920,3772,2604,-876,123,-93,-15076,-2864,4536,-537,235,-91,0
1187.1794810295105,10840,4908,10340,-164,-130,152,9824,-9512,8364,-12,103,-186,-15080,3936,2660,-908,127,-157,-15072,-3036,4532,-576,213,-105,0
1187.2149369716644,10836,5080,10584,-142,-116,143,9992,-9580,8224,11,123,-199,-15048,3872,2704,-882,197,-128,-15188,-2908,4380,-542,237,-107,0
1187.2505569458008,10820,5312,10252,-200,-127,144,9988,-9556,8284,-19,123,-202,-15084,3788,2576,-863,137,-163,-15172,-2896,4436,-528,211,-132,0
1187.2862200737,10864,4868,10416,-165,-86,141,10020,-9612,8220,6,147,-181,-14984,3904,2708,-919,141,-121,-15192,-2892,4580,-576,203,-134,0
1187.3225829601288,10788,5068,10556,-187,-108,161,9992,-9532,8320,-25,125,-192,-15036,3824,2492,-931,158,-126,-15176,-2864,4276,-562,189,-109,0
1187.358227968216,10824,5344,10424,-162,-99,148,9960,-9516,8240,-97,104,-215,-15336,3764,2328,-812,212,-100,-15152,-3020,4360,-518,188,-92,0
1187.3934750556946,10976,5060,10336,-178,-115,152,9952,-9652,8400,-57,133,-207,-15324,3800,2336,-907,175,-116,-15240,-2796,4424,-557,231,-105,0
1187.4295239448547,10948,4984,10376,-152,-54,133,9744,-9524,8696,-41,138,-186,-15012,3824,2688,-971,142,-77,-15152,-2980,4600,-563,189,-126,0
1187.4645249843597,10860,5092,10416,-136,-31,108,9956,-9528,8436,-44,131,-173,-15068,3768,2632,-963,146,-119,-15136,-3008,4348,-540,196,-139,0
1187.4997911453247,10808,5352,10400,-149,-103,115,9912,-9648,8416,-49,184,-212,-14892,3912,2424,-1008,125,-137,-15116,-2932,4472,-555,186,-148,0
1187.5349581241608,10892,5088,10356,-148,-102,114,9900,-9252,8340,-66,140,-143,-15064,3972,2484,-929,143,-30,-14992,-2840,4508,-565,91,-126,0
1187.5719199180603,11000,5016,10572,-168,-16,130,9952,-9532,8208,-75,118,-128,-15040,3844,2584,-973,136,-66,-14880,-2924,4416,-607,141,-115,0
1187.6055560112,10908,5104,10384,-207,-83,155,9968,-9536,8368,-38,120,-157,-15024,3848,2536,-1041,172,-85,-15136,-2992,4352,-545,183,-73,0
1187.6390359401703,10888,5092,10412,-118,-46,140,9832,-9600,8344,-91,99,-158,-15032,3768,2532,-998,183,-91,-15044,-2944,4460,-536,164,-110,0
1187.6726191043854,10840,5036,10328,-184,-105,94,9740,-9600,8224,-65,120,-186,-14852,3764,2544,-1008,134,-97,-15100,-2828,4284,-544,205,-124,0
1187.7062039375303,10880,5112,10344,-115,-70,103,9964,-9520,8248,-22,133,-191,-14984,4036,2412,-1048,95,-74,-15068,-2992,4488,-583,176,-123,0
1187.7399210929873,10904,5192,10404,-92,-8,122,9984,-9516,8432,-57,121,-142,-15044,4084,2492,-1010,128,-51,-15068,-2980,4504,-550,112,-145,0
1187.7735650539398,10856,5032,10540,-169,-22,87,9912,-9608,8220,-61,119,-186,-15336,3760,2704,-983,147,-87,-14856,-2852,4140,-554,162,-116,0
1187.8070859909058,10792,5056,10464,-175,-89,121,9964,-9512,8656,-64,138,-177,-15000,4092,2544,-1048,71,-125,-15152,-3004,4160,-566,192,-101,0
1187.8406610488892,10856,5064,10728,-119,-74,116,9920,-9496,8236,-114,127,-185,-14960,3772,2596,-1079,130,-82,-15184,-2920,4424,-557,160,-128,0
1187.8741900920868,10876,5088,10716,-104,-26,85,10024,-9600,8192,-98,122,-202,-15100,3628,2540,-1067,89,-24,-15104,-2836,4408,-518,140,-138,0
1187.9074051380157,10896,5300,10308,-51,28,74,9956,-9628,8280,-94,153,-166,-15032,3880,2372,-1155,50,-26,-15160,-2952,4480,-536,110,-134,0
1187.9407320022583,10832,4872,10432,-64,-12,76,9860,-9616,8548,-76,190,-155,-15120,3776,2428,-1094,48,-90,-15152,-3024,4364,-527,122,-161,0
1187.9742641448975,10860,5056,10344,-60,16,48,9920,-9620,8348,-81,192,-152,-15016,3744,2472,-1107,28,-87,-15016,-3056,4372,-511,137,-133,0
1188.0077419281006,10784,5080,10460,-94,-25,61,10192,-9636,8280,-81,184,-184,-14936,3728,2584,-1076,44,-64,-15056,-3288,4388,-511,154,-141,0
1188.0411610603333,10816,5124,10472,-97,-53,91,9840,-9544,8244,-118,172,-184,-15040,3744,2768,-1059,115,-58,-15128,-2832,4536,-497,111,-131,0
1188.0744519233704,10804,5028,10476,-83,-8,80,9872,-9660,8196,-149,174,-169,-15024,3700,2508,-1026,69,-60,-15212,-2928,4156,-492,36,-116,0
1188.1080520153046,10668,5012,10516,-113,6,109,9944,-9612,8380,-65,152,-172,-15080,4024,2460,-1064,66,-86,-15032,-2904,4376,-523,98,-113,0
1188.1412501335144,10748,5116,10576,-125,-24,133,9880,-9548,8196,-68,114,-165,-14952,3844,2548,-1069,127,-49,-15204,-2916,4452,-507,134,-71,0
1188.1747980117798,10872,5140,10472,-52,-37,116,9888,-9604,8332,-143,77,-191,-15052,3868,2720,-1043,133,-61,-15096,-3016,4504,-490,118,-119,0
1188.2084710597992,10936,5188,10524,-61,-47,112,10020,-9644,8304,-88,83,-217,-15024,3856,2436,-1081,113,-117,-14896,-2928,4360,-505,125,-109,0
1188.242005109787,10748,5056,10560,-54,-42,93,10044,-9692,8240,-129,79,-203,-15016,3744,2600,-1058,57,-85,-15148,-3048,4456,-262,100,-150,0
1188.2757461071014,10860,5156,10468,-55,-33,57,10032,-9596,8356,-133,130,-151,-15344,3880,2548,-1113,40,-37,-15208,-2872,4488,-259,33,-159,0
1188.3090779781342,10756,5068,10636,-72,59,73,10036,-9568,8344,-134,184,-114,-14940,3608,2332,-1101,52,252,-15192,-2988,4444,-506,62,-144,0
1188.3426201343536,10636,5352,10272,-108,32,76,9912,-9676,8224,-124,129,-109,-15060,3756,2392,-1073,78,-4,-14888,-2936,4380,-527,45,-108,0
1188.3759269714355,10688,5128,10416,-86,-253,95,9912,-9652,8160,-79,143,-157,-14900,3752,2752,-1084,104,-64,-14988,-2952,4432,-516,114,-103,0
1188.4090881347656,10704,5244,10516,-98,-48,113,9732,-9708,8428,-95,128,-189,-14976,3792,2572,-1042,143,-122,-15320,-2952,4400,-479,148,-91,0
1188.44264793396,10800,5104,10332,-124,-55,85,9896,-9804,8296,-57,141,-192,-15120,3904,2572,-1085,60,-87,-15168,-2868,4604,-478,131,-142,0
1188.4762001037598,10696,5160,10708,-134,-39,55,9928,-9720,8324,-85,158,-189,-15064,3868,2592,-1102,54,-78,-15132,-3012,4456,-492,159,-141,0
1188.5097970962524,10704,5204,10404,-155,-73,59,10816,-9584,8668,-26,115,-196,-14720,3788,2628,-1096,91,-47,-15144,-3080,4604,-476,140,-116,0
1188.5434629917145,10768,5184,10284,-136,-57,92,9868,-9608,8060,-65,133,-185,-15032,3860,2428,-996,113,-83,-15348,-2856,4460,-490,178,-105,0
1188.5768539905548,10892,5180,10608,-161,-63,99,9924,-9656,8000,-80,161,-172,-15012,3872,2544,-1002,128,-83,-15104,-2860,4544,-482,164,-103,0
1188.6133799552917,10748,5132,10736,-114,-96,129,9892,-9796,8280,-69,108,-155,-14980,3760,2548,-1029,139,-105,-15088,-3020,4340,-257,150,-103,0
1188.6486399173737,10760,5148,10480,-118,-37,140,9972,-9728,8276,-64,134,-183,-15084,3936,2520,-1031,149,-103,-15120,-2908,4324,-481,172,-82,0
1188.6843509674072,10972,5200,10416,-139,-94,136,9980,-9564,8308,-73,135,-171,-15048,3812,2424,-1037,129,-68,-15140,-2936,4360,-495,172,-91,0
1188.7200150489807,10496,4948,10488,-147,-78,118,10168,-9624,8248,-38,132,-193,-15096,3780,2696,-1049,101,-145,-15208,-2888,4184,-507,147,-89,0
1188.75541305542,10812,5164,10556,-123,-84,120,9980,-9488,8180,-57,131,-180,-15072,3756,2548,-979,121,-109,-15248,-2976,4508,-503,166,-72,0
1188.7909510135653,10768,4964,10640,-143,-70,103,9896,-9620,8120,-72,173,-189,-15088,3896,2504,-1025,122,-110,-15092,-3032,4472,-492,132,-83,0
1188.8262231349943,10516,5160,10472,-121,-30,120,9876,-9536,8328,-47,127,-182,-15008,3808,2600,-994,130,-99,-15136,-2924,4428,-525,136,-96,0
1188.861967086792,10628,5332,10252,-126,-54,119,9772,-9952,8220,-70,125,-169,-15072,3784,2316,-987,126,-88,-15100,-2900,4376,-516,139,-102,0
1188.897588968277,10816,5204,10416,-120,-47,111,9944,-9720,8060,-62,140,-174,-14984,3804,2480,-985,129,-114,-15160,-2972,4352,-768,130,-96,0
1188.9329590797424,10764,5188,10492,-148,-78,94,9948,-9640,8304,-41,197,-183,-15072,3856,2732,-977,121,-79,-15096,-3004,4444,-496,163,-78,0
1188.96821808815,10844,5200,10452,-169,-121,118,9960,-9748,8308,6,188,-191,-14944,3804,2304,-972,132,-173,-15148,-3012,4472,-483,176,-83,0
1189.0035259723663,10712,5360,10308,-194,-147,109,9912,-9980,7956,-254,170,-244,-15036,3864,2640,-932,162,-146,-15072,-2912,4796,-490,175,-96,0
1189.0395119190216,10708,5168,10456,-200,-146,117,9812,-9704,7936,-12,171,-215,-15016,3752,2464,-922,117,-167,-14936,-3064,4404,-481,212,-97,0
1189.0746660232544,10932,4932,10696,-223,-197,129,9748,-9672,8396,-255,146,-239,-15020,3864,2660,-925,158,-130,-15076,-3024,4456,-439,190,-88,0
1189.1103179454803,10812,5152,10412,-229,-207,125,9892,-9600,8128,-29,152,-220,-15076,3760,2580,-926,160,-180,-15216,-2848,4436,-474,108,-69,0
1189.1454679965973,10868,5124,10552,-258,-156,119,9932,-9984,8292,49,154,-170,-14996,3816,2352,-1021,69,-108,-15120,-3072,4592,-505,187,-77,0
1189.1810390949247,10856,5176,10528,-246,-179,152,9972,-9624,8288,47,128,-187,-15008,3824,2428,-1032,163,-123,-15124,-2940,4436,-489,176,-71,0
1189.2162070274353,10768,5324,10456,-190,-113,137,10236,-9652,8232,12,136,-235,-15052,3740,2468,-945,154,-127,-15216,-2952,4428,-438,182,-86,0
1189.2528591156006,10944,5096,10244,-256,-231,101,10188,-9508,8328,72,163,-193,-15100,3736,2452,-1016,94,-140,-15116,-2980,4108,-766,210,-106,0
1189.2867360115051,10864,5096,10288,-212,-139,131,9868,-9528,8236,63,152,-150,-15096,3824,2496,-1005,65,-95,-15156,-2852,4384,-491,110,-94,0
1189.3201489448547,10868,5152,10300,-224,-125,128,9944,-9604,8340,23,171,-167,-14928,3740,2740,-939,139,-87,-14920,-2996,4584,-459,111,-117,0
1189.353686094284,10756,5208,10480,-249,-102,116,9820,-9688,8196,26,146,-194,-14980,3808,2464,-921,134,-103,-15100,-2908,4448,-459,152,-90,0
1189.3874199390411,10804,4920,10364,-218,-176,163,9836,-9708,8328,255,165,-164,-14952,3684,2644,-975,180,-31,-15164,-2876,4468,-472,157,-55,0
1189.4209630489347,10860,5056,10740,-231,-180,163,9900,-9608,7936,41,89,-210,-14952,3828,2468,-967,193,-124,-15080,-2900,4508,-462,196,-53,0
1189.4544889926913,10856,5004,10368,-199,-202,184,9848,-9576,8328,39,97,-227,-15044,3712,2608,-996,184,-115,-15220,-2864,4304,-486,189,-61,0
1189.4879829883575,10888,5344,10476,-205,-197,172,9944,-9620,8256,32,81,-252,-15092,3748,2548,-990,178,-148,-15140,-2952,4124,-459,150,-61,0
1189.5216031074524,10920,5132,10536,-190,-196,164,9904,-9604,8344,30,120,-206,-15072,3800,2496,-1008,164,-120,-15244,-2960,4404,-467,204,-74,0
1189.557906150818,10796,5100,10392,-153,-154,137,10048,-9580,8204,3,135,-192,-14892,3724,2548,-1019,114,-114,-15148,-2992,4348,-473,163,-113,0
1189.5919480323792,10852,5136,10464,-133,-121,121,9976,-9544,8320,-41,125,-210,-15088,3644,2504,-988,104,-49,-15196,-2952,4588,-486,128,-133,0
1189.6249251365662,10884,4880,10312,-122,-79,106,9796,-9496,8436,-90,167,-180,-15108,3660,2416,-994,89,-70,-15348,-2792,4232,-454,157,-106,0
1189.65828704834,10992,5300,10600,-126,-34,87,10048,-9564,8280,-58,167,-171,-15116,3744,2312,-995,71,-49,-15156,-2808,4308,-459,143,-110,0
1189.6917779445648,10976,5100,10256,-123,-63,106,9856,-9596,8328,-35,148,-135,-14952,3692,2660,-1059,55,-36,-15340,-2912,4176,-484,161,-99,0
1189.7254741191864,10856,5136,10320,-77,-29,120,9800,-9592,8232,-82,100,-148,-14988,3892,2524,-1063,116,-68,-14972,-2980,4464,-495,124,-84,0
1189.7591071128843,10828,5052,10364,-77,-42,112,9884,-9664,8316,-84,94,-195,-15084,3764,2612,-992,174,-63,-14960,-3004,4344,-754,175,-80,0
1189.792648077011,10716,5224,10400,-101,-44,162,9804,-9608,8328,-120,112,-177,-14908,3756,2360,-960,166,-65,-15280,-2992,4416,-487,69,-92,0
1189.8256690502167,10816,5180,10428,-72,40,99,9916,-9672,8404,-101,137,-126,-15168,3720,2692,-1007,73,-56,-14904,-2940,4540,-522,26,-145,0
1189.8594670295715,10916,4968,10512,-127,9,104,10036,-9600,8176,-57,123,-109,-15100,3780,2500,-1031,95,-34,-15112,-2964,4504,-499,61,-100,0
1189.892727136612,10520,5280,10420,-101,49,108,9908,-9564,8260,-137,127,-142,-14908,3728,2372,-984,146,-15,-15340,-3256,4400,-467,102,-85,0
1189.9261190891266,10896,5016,10312,-99,25,134,10012,-9644,8148,-114,144,-173,-15108,3704,2132,-962,174,-47,-15128,-2624,4332,-446,156,-94,0
1189.9597239494324,10904,4864,10372,-123,-69,129,9776,-9684,8232,-41,140,-156,-15108,3888,2460,-776,72,-96,-15296,-3044,4392,-483,171,-134,0
1189.9933490753174,10924,5052,10296,-60,250,72,10008,-9628,7960,-27,181,-128,-15076,3812,2624,-1061,25,-37,-15184,-2900,4464,-498,73,-194,0
1190.0269141197205,10832,5088,10456,-98,88,34,9964,-9648,8176,-29,167,-134,-14936,3764,2628,-778,44,-59,-15096,-2992,4444,-492,75,-194,0
1190.060261964798,10744,5092,10444,-146,22,30,9844,-9768,8124,-52,225,-142,-15048,3776,2592,-943,-19,-72,-15080,-2952,4364,-486,103,-170,0
1190.0939400196075,10828,5204,10432,-132,-254,54,9936,-9628,8196,-29,173,-153,-14968,3764,2544,-972,100,-73,-15076,-2900,4472,-472,116,-121,0
1190.1275041103363,10824,5144,10444,-177,-32,76,9908,-9676,8044,-45,184,-159,-15072,3736,2496,-942,129,-72,-15104,-2848,4496,-452,158,-140,0
1190.1606230735779,10868,5204,10300,-139,-60,112,9940,-9676,8220,-65,183,-122,-15272,4052,2392,-955,139,-115,-15192,-2944,4576,-484,129,-100,0
1190.1941890716553,10556,5156,10704,-138,-57,143,9940,-9552,8312,-96,90,-153,-15096,3780,2556,-909,190,-63,-15064,-3064,4580,-423,77,-70,0
1190.227632045746,10760,4896,10376,-180,-21,140,9944,-9668,8152,-74,195,-107,-15072,3812,2448,-904,203,-89,-15004,-2940,4440,-445,149,-78,0
1190.2610111236572,10752,5156,10304,-158,-56,176,9832,-9632,8360,-17,120,-163,-15020,3796,2588,-1024,147,-63,-15120,-2948,4508,-496,136,-39,0
1190.2987740039825,10832,5236,10412,-209,-61,145,9756,-9540,8280,-72,99,-179,-15032,3744,2484,-947,163,-63,-15036,-2968,4472,-460,138,-42,0
1190.3338589668274,10716,5212,10540,-180,-101,173,9908,-9516,8276,-64,105,-179,-15036,3748,2604,-1003,136,-97,-15280,-2988,4380,-435,220,255,0
1190.369488954544,10996,4948,10608,-204,-127,191,10220,-9548,8328,-73,88,-167,-15068,3760,2520,-975,160,-96,-14872,-3064,4568,-454,142,-33,0
1190.4049150943756,10944,5096,10504,-169,-92,200,9908,-9484,8240,-17,68,-122,-15148,3732,2536,-1047,180,-58,-15156,-2908,4432,-458,116,-5,0
1190.4410481452942,10748,5140,10548,-220,-68,208,9844,-9568,8136,-100,132,-166,-14964,3660,2416,-1008,131,-50,-15220,-2868,4408,-427,159,22,0
1190.476177930832,10852,5116,10568,-252,-87,201,9932,-9644,8284,-151,119,-145,-15032,3752,2392,-989,155,-63,-15196,-2808,4440,-403,122,-9,0
1190.5124671459198,10816,5084,10424,-235,-80,187,10204,-9512,8088,-151,140,-147,-15032,3908,2656,-1001,102,-33,-15168,-2824,4324,-457,116,-52,0
1190.547604084015,10704,5040,10484,-287,-81,172,9924,-9756,8236,-44,136,-104,-15076,3800,2480,-1061,62,-41,-15092,-2780,4464,-471,162,-46,0
1190.5832419395447,10740,5184,10548,-296,-123,194,9888,-9616,8396,-71,154,-139,-15040,3864,2600,-949,174,-97,-15320,-3012,4492,-388,147,44,0
1190.6191201210022,10728,5188,10628,-324,-146,146,9888,-9724,8228,-65,164,-176,-15092,3828,2484,-955,147,-122,-15184,-2844,4548,-387,195,-30,0
1190.654039144516,11004,4876,10548,-320,-152,125,9788,-9816,8268,22,161,-219,-15036,3880,2324,-1008,84,-152,-15072,-2832,4468,-455,234,-62,0
1190.6895599365234,10564,4996,10420,-247,-168,149,9796,-9740,8028,71,143,-176,-14948,3788,2500,-1051,80,-55,-15116,-2856,4748,-425,165,-30,0
1190.725075006485,10832,4936,10632,-291,-107,148,9756,-9880,8252,42,162,-186,-15236,3884,2576,-1136,83,-71,-15160,-2776,4444,-485,202,-46,0
1190.7606761455536,10860,4984,10720,-510,-127,163,9844,-9728,8180,78,168,-184,-15004,3808,2544,-1144,87,-39,-15180,-2824,4420,-467,251,-43,0
1190.7961399555206,10808,4932,10732,-229,-137,163,9848,-9752,8240,24,91,-195,-14960,3840,2440,-1224,174,-116,-15280,-2728,4408,-465,3,-22,0
1190.8322079181671,10832,4904,10664,-249,-154,188,9932,-9480,8200,49,32,-215,-15064,3804,2472,-1236,203,-117,-15260,-2688,4364,-499,268,-24,0
1190.8675329685211,10864,5020,10516,-170,-140,188,9884,-9620,8312,22,68,-182,-15064,3872,2604,-1339,134,-50,-15152,-2836,4456,-477,189,-10,0
1190.903223991394,10864,5000,10392,-267,-153,217,9824,-9684,8312,20,139,-133,-15076,3784,2492,-1374,-35,33,-15240,-2772,4488,-429,149,-10,0
1190.9392681121826,10828,5052,10440,-294,-65,132,10212,-9632,8360,-57,153,-128,-15060,3752,2436,-1395,-217,89,-15204,-2688,4492,-422,113,-51,0
1190.9728231430054,10884,4944,10528,-290,-64,123,9932,-9652,8340,-80,165,-119,-15068,3704,2548,-1351,-297,65,-15212,-2820,4452,-408,95,-52,0
1191.006588935852,10852,4992,10260,-303,-78,170,9856,-9808,8252,-8,153,-126,-14788,3656,2776,-1245,-124,-38,-15184,-2668,4536,-414,135,-37,0
1191.0401220321655,10512,4888,10720,-260,-113,200,9764,-9708,8288,33,97,-128,-14892,3956,2332,-919,36,-54,-15124,-2788,4520,-436,131,8,0
1191.0736589431765,10804,5004,10652,-199,-116,252,9828,-9656,8248,25,-17,-137,-15048,3832,2436,-1034,155,-54,-14900,-2604,4416,-466,118,254,0
1191.1069300174713,10904,5116,10448,-131,-105,277,9896,-9600,8252,21,27,-86,-15044,3640,2516,-916,379,-86,-15172,-2768,4160,-452,85,-12,0
1191.1402060985563,10880,4860,10576,-138,-115,225,9912,-9696,8256,-73,-30,-160,-15032,3704,2332,-818,662,-79,-15208,-2740,4456,-425,59,-70,0
1191.173560142517,10904,4888,10328,-149,-19,226,9928,-9672,8128,-133,25,-163,-15092,3780,2496,-874,576,4,-15244,-2568,4376,-402,6,-7,0
1191.2071621418,10840,4856,10508,-150,33,191,10036,-9832,8340,-152,67,-48,-15080,3984,2748,-703,411,-249,-15332,-2688,4440,-420,8,-17,0
1191.2408621311188,10900,5092,10544,-271,-15,191,9988,-9744,8192,-98,217,30,-15016,3888,2756,-620,156,-4,-15156,-2724,4556,-449,24,-65,0
1191.2743899822235,10812,4904,10576,-153,32,191,9908,-9912,8220,-186,197,-21,-14920,4032,2684,-699,307,-52,-14972,-2684,4568,-475,35,-46,0
1191.3075950145721,10788,4852,10600,-120,13,199,9828,-9860,8280,-136,67,-174,-15040,3928,2472,-789,489,-168,-15036,-2600,4516,-500,159,-118,0
1191.3410880565643,10908,4728,10280,10,-106,155,10024,-9828,8124,7,140,-203,-15152,3952,2268,-1035,172,-214,-15144,-2620,4612,-607,203,-222,0
1191.3747191429138,10996,4616,10428,177,-7,66,9788,-9800,8144,115,293,-113,-15304,3632,2392,-1182,-145,-115,-15288,-2764,4500,-656,92,-295,0
1191.4080650806427,10936,4844,10492,132,99,-29,10056,-9736,7936,89,301,-126,-15084,3800,2420,-1157,-167,-80,-15232,-2816,4580,-591,22,-265,0
1191.4415900707245,10928,4944,10536,2,152,-60,10072,-9676,8160,29,257,-146,-15120,3736,2544,-1137,-59,-50,-15148,-2700,4364,-536,115,-252,0
1191.475093126297,10908,4968,10484,-48,79,-17,9832,-9476,8444,-27,229,-156,-14964,3800,2440,-1108,35,-64,-15120,-2796,4512,-510,126,-203,0
1191.5083210468292,10656,4996,10828,-115,-25,18,9832,-9772,8100,-17,218,-179,-14920,3616,2552,-1010,103,-69,-15064,-2900,4656,-483,169,-178,0
1191.5419690608978,10648,5012,10588,-110,-54,40,9852,-9728,8284,-33,174,-206,-15060,3828,2536,-937,62,-89,-15088,-2740,4580,-470,136,-196,0
1191.575515985489,10612,5072,10248,-150,-70,23,9792,-9704,8364,-16,250,-211,-14948,3920,2588,-820,55,-138,-15196,-2820,4496,-465,127,-151,0
1191.609081029892,10628,5068,10660,-176,-68,60,9640,-9776,8408,21,231,-212,-14640,3864,2528,-916,233,-173,-15160,-2740,4532,-474,182,-112,0
1191.642298936844,10820,5112,10604,-151,-105,129,9716,-9860,8236,-23,38,-274,-14924,4056,2388,-1052,135,-116,-15124,-2868,4584,-487,213,-83,0
1191.6757061481476,10716,5088,10516,-110,-72,127,9956,-9592,8340,-30,88,-244,-15100,3924,2388,-1089,112,-84,-15144,-2804,4420,-488,221,-109,0
1191.709084033966,10840,4932,10532,-89,-158,165,9804,-9620,8260,-52,-71,-293,-14868,4044,2500,-1129,267,-145,-15212,-2620,4440,-466,220,244,0
1191.7426021099093,10828,4892,10432,-67,-114,165,9976,-9828,8224,-37,-22,-240,-15360,3928,2476,-1075,150,-123,-15248,-2724,4512,-768,218,-44,0
1191.7760729789734,10816,5068,10560,-140,-177,165,10192,-9980,8344,-5,36,-195,-15344,3848,2468,-1006,137,-147,-15248,-2876,4440,-497,193,-82,0
1191.8096001148224,10836,5064,10528,-67,-42,109,10024,-9772,8192,-86,104,-250,-15100,3800,2400,-926,247,-100,-15232,-2704,4300,-472,178,-114,0
1191.8430800437927,11004,4968,10620,-89,-99,95,9952,-9872,8188,-58,100,-254,-15080,3664,2464,-965,133,-118,-15108,-2668,4476,-764,185,-198,0
1191.8766810894012,10912,5004,10524,-57,-44,53,10080,-9700,8084,9,187,-140,-15076,3784,2396,-1100,-53,-71,-15060,-2828,4532,-495,38,-188,0
1191.9099340438843,10764,5012,10384,-93,57,54,9864,-9712,8328,-51,183,-142,-15016,3660,2432,-1220,-76,249,-14920,-2808,4380,-487,18,-174,0
1191.9430561065674,10812,4956,10736,-161,44,31,10060,-9732,8276,-36,199,-136,-14972,3856,2396,-989,-49,-75,-15216,-2760,4456,-509,112,-164,0
1191.980705022812,10904,5000,10536,-173,-29,39,9812,-9700,8152,-19,134,-200,-15076,3824,2440,-1154,47,-80,-15080,-2736,4508,-510,184,-160,0
1192.0160529613495,10736,5088,10744,-102,-59,86,9840,-9712,8392,-63,176,-205,-14960,3924,2336,-1105,43,-125,-15056,-2748,4468,-483,219,-142,0
1192.0518009662628,10656,5076,10496,-136,-84,98,9796,-9784,8192,-3,149,-248,-15000,3808,2760,-1052,101,-108,-15132,-3064,4456,-503,230,-108,0
1192.0880711078644,10508,5324,10536,-103,-116,138,9848,-9716,7984,12,138,-198,-15320,3784,2480,-1081,83,-114,-15200,-2760,4404,-513,173,-90,0
1192.123628139496,10816,5000,10556,-101,-78,128,9852,-9476,8100,10,195,-165,-15084,3648,2680,-1034,-251,-122,-15164,-2592,4500,-537,151,-172,0
1192.159273147583,10800,5072,10524,-137,-21,67,9900,-9640,8148,-2,239,-158,-15008,3712,2468,-1004,18,-49,-15136,-2780,4492,-498,131,-171,0
1192.1946110725403,10760,4864,10284,-145,-30,86,9744,-9660,8444,-20,212,-159,-14992,3876,2564,-950,114,-76,-15144,-2868,4416,-479,132,-128,0
1192.2304210662842,10792,4996,10432,-174,-50,105,9780,-9684,8112,-3,181,-171,-15048,3888,2424,-961,152,-78,-15132,-3036,4428,-473,161,-102,0
1192.2654650211334,10700,5060,10588,-140,-117,132,9784,-9732,8220,13,152,-208,-14980,4036,2812,-996,143,-164,-15096,-2684,4516,-470,190,-113,0
1192.3009860515594,10792,5044,10524,-149,-130,118,9824,-9800,8412,33,141,-224,-15036,3888,2316,-987,151,-109,-14944,-2576,4804,-503,145,-114,0
1192.3371860980988,10808,5024,10540,-188,-144,105,9856,-9772,8284,44,173,-193,-14920,3824,2540,-986,85,-116,-15152,-2736,4508,-489,112,-130,0
1192.3721289634705,10704,4952,10492,-185,-116,104,9792,-9708,8284,44,181,-176,-15016,3900,2548,-1042,46,-97,-15172,-2736,4576,-498,102,-123,0
1192.407923936844,10908,4992,10580,-162,-90,103,9872,-9696,8236,16,156,-165,-15076,3820,2508,-1008,115,-66,-15164,-2592,4584,-495,83,-97,0
1192.4435861110687,10668,5020,10516,-170,-77,130,9916,-9756,7968,-19,117,-180,-15068,3736,2484,-965,112,-139,-15176,-2776,4164,-493,109,-123,0
1192.4786779880524,10788,4964,10384,-125,-112,128,9864,-9940,8304,-10,161,-208,-15032,3840,2476,-1018,92,-61,-15156,-2592,4468,-523,156,-116,0
1192.5140011310577,10892,5088,10440,-142,-98,113,9940,-9748,8408,-25,174,-187,-15048,3744,2616,-962,83,-109,-15196,-2600,4352,-491,119,-130,0
1192.5497319698334,10780,4884,10508,-130,-78,102,9828,-9724,8352,-41,142,-194,-14976,3760,2456,-1010,80,-63,-14948,-3068,4416,-483,162,-167,0
1192.5847339630127,10792,5072,10456,-171,-73,81,9932,-9480,8004,-30,166,-153,-15048,4092,2716,-1017,9,-71,-15032,-2808,4512,-505,111,-147,0
1192.6203119754791,10812,5056,10620,-149,-27,86,9828,-9728,8320,-30,172,-164,-14988,3816,2648,-1044,67,-98,-15136,-2812,4448,-519,114,-148,0
1192.653881072998,10736,5100,10572,-136,-65,79,10396,-9692,8464,-29,47,-194,-14892,3776,2596,-1094,78,-103,-15212,-2796,4632,-476,169,-109,0
1192.6874220371246,10708,4992,10524,-119,-77,90,9712,-9564,8196,-53,213,-155,-15008,3852,2320,-1044,50,-104,-15128,-2828,4532,-461,127,-121,0
1192.7208700180054,10700,5072,10616,-183,-65,92,9896,-9508,8220,-79,173,-174,-15028,3720,2564,-901,39,-32,-15164,-2788,4516,-438,66,-108,0
1192.7544329166412,10632,5016,10440,-127,-10,91,9756,-9860,8028,-22,168,-152,-14944,4056,2352,-849,12,-22,-15084,-2720,4568,-528,113,-115,0
1192.788125038147,10632,4872,10240,-172,-74,136,9876,-9724,8416,2,121,-144,-14972,3916,2712,-1071,68,-106,-15180,-2788,4444,-471,177,-69,0
1192.821624994278,10684,5164,10552,-112,-97,156,9828,-9664,8332,-47,119,-176,-15084,3780,2576,-986,131,-122,-15168,-2876,4424,-446,164,-79,0
1192.8551211357117,10744,5040,10744,-119,-104,107,10088,-9936,8016,-20,90,-207,-15016,3712,2528,-1042,104,-155,-15152,-2648,4428,-483,184,-140,0
1192.888514995575,10996,5100,10456,-132,-101,105,9832,-9716,8348,44,164,-194,-14944,4072,2808,-1078,50,-72,-15028,-3036,4764,-527,186,-130,0
1192.9219810962677,10972,4968,10508,-105,-44,104,10236,-9648,8416,-17,141,-154,-15252,3800,2108,-1067,49,-50,-15180,-2844,4584,-477,117,-161,0
1192.95569896698,10556,5348,10476,-124,-21,76,9892,-9724,8292,-35,223,-175,-15124,3736,2792,-1001,41,-90,-15204,-2772,4412,-479,115,-170,0
1192.98894906044,10760,5060,10332,-169,-48,69,9856,-9696,8300,-37,4,-167,-15020,3704,2548,-1067,56,-88,-15088,-2748,4496,-464,141,-121,0
1193.0225491523745,10804,5056,10288,-114,-70,81,9896,-9668,8344,-41,182,-144,-15084,3720,2388,-1076,59,-88,-15176,-2680,4512,-482,180,-132,0
1193.0560591220856,10840,5112,10548,-133,-88,107,9916,-9840,8420,-10,159,-177,-14984,3808,2496,-1049,97,-58,-15028,-2812,4424,-482,210,-109,0
1193.0896489620209,10624,5040,10712,-118,-100,138,9500,-9488,8244,-8,108,-192,-14988,3976,2680,-1047,162,-107,-15132,-2768,4600,-504,166,-106,0
1193.1232199668884,10688,5028,10632,-74,-90,130,9820,-9764,8120,-12,124,-191,-15048,3916,2544,-1034,114,-138,-15152,-2772,4492,-509,132,-118,0
1193.1566290855408,10524,5008,10532,-81,-69,95,9816,-9696,8228,23,149,-178,-15044,3844,2620,-1067,62,-109,-15168,-2892,4580,-510,145,-138,0
1193.189954996109,10536,5068,10720,-80,-51,104,9860,-9664,8356,2,171,-175,-14956,3912,2472,-1068,85,-69,-15036,-2880,4476,-478,127,-127,0
1193.2234151363373,10788,4968,10240,-72,-70,91,9796,-9728,8248,-30,129,-161,-14928,3832,2452,-1003,72,-53,-15132,-2848,4436,-456,136,-125,0
1193.257061958313,10936,5008,10460,-78,-30,65,9952,-9568,8292,-73,167,-181,-15132,3640,2536,-988,47,-37,-15176,-2760,4424,-432,125,-171,0
1193.2905161380768,10800,5024,10552,-92,-5,53,9972,-9968,8292,-43,366,-137,-14888,3832,2392,-1031,99,-111,-15116,-2804,4540,-439,174,-124,0
1193.324000120163,10772,5000,10380,-94,-19,74,9740,-9784,8444,-31,124,-192,-15016,3904,2468,-1031,137,-61,-15352,-3032,4504,-466,203,-85,0
1193.357722043991,10700,5048,10680,-54,-15,97,9848,-9688,8288,-48,63,-207,-15020,3824,2696,-1018,186,-89,-15124,-2832,4504,-506,182,-118,0
1193.3910031318665,10688,5084,10656,-60,-37,90,9308,-9596,8320,-27,205,-202,-15072,3852,2788,-1274,181,-92,-15152,-2624,4436,-529,131,-134,0
1193.4244821071625,10748,5084,10572,-23,43,94,9908,-9672,8252,-90,93,-159,-15132,3708,2544,-1043,110,-63,-15148,-2584,4524,-530,118,-148,0
1193.4581160545347,10720,5120,10564,-77,48,106,9868,-9680,8412,-105,127,-131,-14968,3748,2716,-994,114,-51,-15232,-3032,4400,-495,78,-95,0
1193.4918241500854,10760,5044,10448,-69,111,150,10128,-9652,8460,-126,199,-59,-14924,3784,2616,-999,105,-66,-15192,-2760,4536,-530,11,-134,0
1193.5255079269407,10984,5108,10540,-110,57,123,9832,-9724,8256,-13,151,-104,-15176,4052,2480,-1087,96,255,-15060,-2696,4320,-549,138,-129,0
1193.5590131282809,10684,5360,10576,-110,25,144,9820,-9724,8188,-54,129,-159,-14996,3816,2592,-1029,98,-12,-15144,-2808,4440,-472,151,-101,0
1193.5924890041351,10504,5012,10540,-58,11,79,9612,-9948,8224,-142,68,-174,-15096,3712,2596,-921,124,-60,-15132,-2816,4360,-457,164,-108,0
1193.625652074814,10628,5032,10460,-142,-87,88,9836,-9812,8252,-98,146,-195,-15028,3812,2476,-782,118,-59,-15188,-2708,4524,-507,182,-120,0
1193.6639001369476,10684,5148,10424,-96,-21,89,9844,-9728,8252,-33,155,-187,-14912,4080,2800,-1000,105,-49,-15140,-2932,4772,-477,137,-109,0
1193.6998460292816,10684,5184,10716,-140,11,94,9784,-9876,8228,-20,211,-181,-14988,3740,2700,-969,156,-91,-15136,-2848,4620,-449,97,-131,0
1193.7349779605865,10720,5168,10752,-189,-58,82,9792,-9792,8264,-12,158,-221,-14908,3792,2620,-981,177,-140,-15040,-2704,4464,-471,182,-91,0
1193.7707121372223,10708,5324,10676,-247,-126,106,9792,-9712,8252,2,177,-230,-14940,3708,2440,-927,149,-133,-15296,-2812,4568,-464,183,-44,0
1193.8056960105896,10604,4976,10668,-270,-153,131,9796,-9628,8268,49,132,-247,-14876,3988,2388,-977,161,-139,-15068,-2760,4472,-453,195,-28,0
1193.8411140441895,10680,5116,10628,-261,-169,165,9732,-9712,8208,29,100,-232,-14980,3804,2684,-893,164,-123,-14940,-2772,4512,-441,186,-20,0
1193.876137971878,10712,5048,10492,-279,-206,137,9828,-9764,8172,101,156,-236,-15140,3876,2536,-940,172,-127,-15216,-2828,4200,-470,192,-82,0
1193.9119689464567,10500,5108,10556,-199,-215,133,9852,-9640,8344,111,150,-230,-14880,3712,2368,-987,132,-149,-15180,-2888,4372,-467,217,-54,0
1193.9478850364683,10656,5192,10496,-237,-167,144,9852,-9660,8332,67,123,-227,-14972,3584,2768,-971,150,-129,-14892,-3028,4416,-464,191,-63,0
1193.9833319187164,10684,5288,10744,-215,-217,143,9820,-9728,8340,50,121,-511,-14956,3732,2548,-1017,161,-178,-15124,-2664,4416,-459,202,-26,0
1194.0186669826508,10824,5108,10504,-269,-220,176,9788,-9644,8192,-16,101,-247,-14988,3748,2484,-900,232,-90,-15172,-2656,4236,-420,162,-48,0
1194.0539290904999,10788,5348,10484,-253,-200,168,9916,-9792,8244,36,79,-230,-15268,3840,2436,-973,244,-109,-15212,-2736,4344,-457,202,-21,0
1194.0898830890656,10740,5088,10688,-235,-237,202,9848,-9488,8340,56,23,-204,-14972,3884,2412,-967,276,-116,-15188,-2664,4384,-457,168,-11,0
1194.12491106987,10536,5096,10448,-512,-191,218,9844,-9624,8264,79,31,-233,-14856,3888,2316,-975,279,-104,-15180,-2760,4488,-462,150,-27,0
1194.1605739593506,10664,4972,10484,-266,-214,195,9928,-9540,8284,71,31,-239,-15052,3852,2588,-965,229,-126,-15096,-2596,4428,-460,208,-37,0
1194.1960430145264,10796,5072,10560,-243,-240,194,9892,-9656,8252,53,64,-223,-15036,3804,2540,-948,234,-141,-15100,-2724,4468,-465,173,-81,0
1194.2313590049744,10888,5044,10492,-158,-158,173,9892,-9724,8252,26,103,-198,-15136,3772,2340,-999,137,-107,-15164,-2776,4412,-500,163,-121,0
1194.2670829296112,10880,4976,10504,-181,-153,134,9896,-9680,8224,33,93,-200,-15084,3700,2448,-1019,74,-116,-15192,-2708,4332,-501,172,-96,0
1194.3028841018677,10832,5100,10348,-85,-82,119,9940,-9520,8320,-76,150,-180,-15184,3644,2492,-1007,37,-8,-15160,-2752,4388,-457,108,-123,0
1194.336210012436,10844,4968,10452,-60,9,73,9944,-9704,8068,-89,224,-135,-15068,3788,2512,-1061,11,-17,-15156,-2652,4324,-473,152,-189,0
1194.3699810504913,10976,4896,10272,-70,-41,38,9892,-9664,8256,-15,193,-155,-14996,3808,2340,-1123,-52,-54,-15216,-2796,4644,-551,168,-165,0
1194.4033031463623,10584,5080,10580,-15,88,55,9872,-9692,8360,-42,212,-119,-15076,4056,2560,-1042,-39,-59,-15180,-2812,4440,-757,72,-214,0
1194.4366281032562,10504,5040,10332,-50,80,28,9788,-9736,8432,-39,210,-135,-14980,3724,2540,-1052,-43,-63,-15068,-2708,4600,-487,76,-226,0
1194.4701919555664,10552,5260,10604,-79,86,10,9972,-9676,8432,-37,254,-141,-15016,3840,2540,-1075,-36,-37,-15176,-2804,4504,-501,89,-178,0
1194.5035490989683,10740,5108,10460,-123,74,27,9816,-9568,8344,-82,185,-131,-15000,3784,2540,-990,18,-30,-14876,-2824,4584,-479,80,-195,0
1194.5373330116272,10692,5060,10420,-123,49,49,9820,-9656,8308,-36,185,-155,-15024,3788,2440,-1273,52,-85,-15040,-2752,4480,-492,119,-129,0
1194.5755119323733,10724,4864,10324,-88,75,68,9828,-9664,8260,-96,126,-146,-15004,3836,2588,-1011,85,-80,-15104,-2848,4576,-482,92,-102,0
1194.6096630096436,10908,5072,10416,-91,7,145,9768,-9616,8392,-74,121,-120,-14852,4080,2444,-1007,118,-23,-15112,-2808,4476,-471,96,-97,0
1194.6427409648895,10744,5108,10636,-105,-9,118,9884,-9724,8232,-89,142,-139,-14992,3924,2532,-1035,135,-62,-15156,-2784,4568,-516,173,-83,0
1194.676080942154,10656,5060,10520,-113,-255,152,9796,-9676,8444,-61,100,-177,-14928,3748,2328,-1053,143,-16,-15192,-3016,4744,-540,114,-132,0
1194.709876060486,10740,5028,10556,-88,-19,147,9776,-9656,8240,-102,67,-165,-15048,3800,2440,-1072,119,-80,-14896,-3000,4536,-761,175,-97,0
1194.7430601119995,10628,5032,10472,-55,254,72,9800,-9952,8328,-99,119,-172,-15160,3848,2508,-1024,82,-92,-15224,-2768,4480,-483,154,-145,0
1194.7766890525818,10708,5088,10616,-75,-12,80,9836,-9688,8128,-64,156,-168,-15096,3824,2684,-1278,44,-63,-15236,-2692,4448,-485,109,-136,0
1194.8102231025696,10716,5140,10568,-89,1,72,9832,-9704,8404,-90,167,-162,-15136,3588,2424,-1042,21,-38,-15124,-2756,4580,-501,92,-199,0
1194.8437290191653,10760,5172,10616,-104,48,61,9796,-9488,8252,-72,141,-149,-15332,3824,2436,-1029,67,-73,-15168,-2844,4340,-485,94,-155,0
1194.877366065979,10752,5068,10628,-101,16,51,9832,-9956,8196,-74,454,-39,-15036,3756,2484,-1279,120,-81,-15032,-2772,4440,-473,130,-117,0
1194.9106810092926,10656,4976,10504,-172,-65,83,9744,-9712,8336,-84,147,-186,-14968,3852,2336,-988,139,-128,-15128,-2692,4472,-472,150,-70,0
1194.9440619945526,10648,5032,10576,-108,-68,117,9804,-9804,8324,-20,136,-162,-15012,4012,2672,-1038,125,-76,-15196,-2820,4640,-498,157,-74,0
1194.9775979518893,10644,5056,10684,-203,-73,129,9860,-9984,8376,4,126,-177,-15020,3872,2760,-777,56,-63,-14884,-2860,4648,-496,164,-113,0
1195.011018037796,10564,5160,10640,-136,-51,137,9772,-9592,8320,-49,158,-153,-14996,3784,2488,-1010,97,-82,-15168,-2848,4504,-455,107,-93,0
1195.0444629192352,10684,5156,10680,-107,-39,112,9588,-9844,8308,-48,208,-150,-14996,3780,2592,-771,91,-102,-15076,-2832,4488,-493,158,-131,0
1195.0782051086426,10668,5028,10580,-147,-63,104,9852,-9744,8268,-33,124,-176,-15044,3800,2452,-1010,107,-110,-15068,-2800,4408,-494,164,-100,0
1195.1117029190063,10720,5052,10512,-120,-67,113,9872,-9560,8292,-28,139,-163,-15084,4028,2796,-996,106,-71,-15232,-2780,4504,-481,166,-104,0
1195.1450159549713,10784,5160,10724,-130,-49,106,9772,-9620,8188,-11,147,-165,-14952,3776,2348,-984,125,-108,-15220,-2692,4496,-460,159,-115,0
1195.1784970760345,10684,5116,10416,-152,-59,90,9924,-9608,8004,-50,151,-211,-15016,3720,2424,-1007,94,-115,-15176,-2808,4544,-500,153,-136,0
1195.2120399475098,10692,5120,10600,-150,-69,82,9980,-9660,8344,-62,172,-217,-14920,3732,2744,-999,90,-142,-15148,-2820,4364,-437,160,-145,0
1195.2453820705414,10568,5132,10556,-158,-80,70,9860,-9664,8232,-26,169,-231,-15060,3784,2580,-993,70,-138,-14916,-2912,4572,-460,194,-126,0
1195.2789449691772,10696,5016,10560,-132,-94,75,9492,-9932,8432,-18,200,-221,-15052,3884,2508,-990,83,-120,-15160,-2784,4412,-469,169,-157,0
1195.3147630691528,10644,5108,10780,-165,-130,86,9744,-9908,8292,-47,145,-224,-15016,4048,2340,-981,108,-127,-15068,-2752,4404,-482,150,-100,0
1195.350357055664,10616,5140,10704,-141,-79,79,9772,-9960,8368,-34,129,-216,-14956,3880,2348,-990,140,-154,-15076,-2708,4516,-467,191,-111,0
1195.3853261470795,10708,5124,10344,-158,-110,143,9744,-9740,8252,-26,112,-218,-14980,3792,2540,-993,123,-145,-15124,-2692,4392,-502,216,-62,0
1195.4207479953766,10676,5104,10508,-138,-132,144,9788,-9704,8344,-51,87,-208,-15052,3756,2752,-774,145,-103,-15344,-2708,4388,-495,164,-87,0
1195.4562520980835,10744,5088,10452,-141,-66,113,9856,-9784,8308,-91,84,-175,-14856,3832,2480,-1009,84,-63,-15276,-2584,4468,-472,134,-107,0
1195.4922120571136,10988,5084,10584,-135,-56,126,9664,-9716,8096,19,158,-154,-15284,3700,2516,-1057,57,-58,-15168,-2716,4384,-529,149,-123,0
1195.5280950069427,10636,5016,10436,-61,-19,119,9860,-9632,8320,-28,150,-162,-15044,3856,2544,-1085,108,-74,-14908,-2776,4460,-543,168,-125,0
1195.563581943512,10780,5132,10440,-63,-14,107,9752,-9764,8392,-66,108,-163,-14988,3756,2484,-1011,157,-43,-15184,-2864,4528,-496,179,-93,0
1195.5991611480713,10704,5140,10604,-130,-38,99,9752,-9592,8224,-78,136,-187,-15016,3724,2400,-1012,101,-134,-15040,-2736,4628,-494,132,-90,0
1195.634027004242,10788,4872,10292,-99,6,68,9780,-9664,8280,-65,211,-150,-15064,3912,2312,-994,103,-75,-15152,-2640,4456,-528,79,-145,0
1195.669925928116,10648,5152,10612,-175,26,84,9836,-9772,8428,-14,172,-158,-15112,3808,2620,-1028,95,-96,-15116,-2932,4520,-768,138,-133,0
1195.7047929763794,10684,5300,10688,-169,-35,110,10112,-9832,8240,-153,39,-202,-15028,3772,2584,-966,174,-124,-15236,-2924,4360,-449,112,-81,0
1195.7407069206238,10624,5204,10804,-173,-65,93,9784,-9740,8336,-51,164,-242,-14872,3780,2340,-963,178,-137,-15132,-2724,4544,-460,187,-115,0
1195.7755811214447,10588,5116,10712,-252,-163,106,9916,-9728,8276,-9,150,-212,-15024,3876,2332,-1042,108,-152,-15220,-2768,4504,-492,202,-103,0
1195.8116970062256,10596,5052,10644,-181,-147,149,9680,-9500,8428,10,91,-211,-14988,4084,2544,-975,158,-102,-15080,-2756,4484,-486,168,-75,0
1195.847587108612,10728,5124,10596,-208,-138,144,9820,-9480,8408,-7,130,-198,-15032,3628,2480,-961,169,-155,-15100,-2708,4456,-457,178,-58,0
1195.8826971054075,10612,5104,10512,-263,-192,163,9876,-9792,8252,25,128,-215,-15080,3768,2520,-953,135,-129,-14904,-2676,4568,-455,186,-56,0
1195.9183440208435,10648,5096,10680,-512,-187,179,9796,-9672,8400,53,145,-246,-15012,3764,2404,-958,186,-171,-15172,-2692,4384,-465,203,-34,0
1195.9534149169922,10584,5152,10684,-335,-271,210,9720,-9648,8340,82,74,-248,-14984,3584,2664,-955,209,-179,-15104,-2616,4472,-475,250,-27,0
1195.9892959594729,10668,5304,10496,-244,-315,200,9812,-9976,8220,68,38,-256,-15076,3708,2400,-948,196,-161,-15184,-2784,4456,-484,242,-20,0
1196.0227370262146,10980,5056,10728,-247,-332,197,9780,-9704,8216,87,103,-239,-15140,3756,2440,-974,222,-150,-15224,-2684,4512,-497,506,-42,0
1196.0564689636233,10716,5100,10252,-229,-248,151,9836,-9708,8220,91,100,-250,-15052,3760,2424,-966,158,-164,-15288,-2732,4520,-465,231,-83,0
1196.0900130271912,10496,5156,10528,-229,-213,150,9864,-9692,8260,82,103,-512,-15160,3736,2592,-984,152,-150,-15228,-2984,4396,-488,203,-83,0
1196.123214006424,10792,5052,10488,-208,-206,142,9872,-9640,8336,14,101,-228,-15024,3772,2624,-970,99,-150,-15176,-2684,4492,-496,196,-78,0
1196.1564140319824,10852,5096,10436,-188,-186,141,9920,-9716,8368,6,101,-209,-15032,3684,2516,-992,136,-68,-15164,-2708,4452,-479,144,-114,0
1196.190071105957,10828,5044,10432,-128,-117,118,9924,-9584,8360,-18,85,-183,-15088,3664,2472,-957,112,-65,-15280,-2656,4360,-506,102,-113,0
1196.2236590385435,10760,5028,10560,-90,-1,127,9968,-9692,8120,-37,120,-139,-15056,3648,2496,-971,147,-58,-14944,-2720,4488,-259,108,-120,0
1196.2573461532593,10872,5040,10320,-102,-36,57,9888,-9612,8296,-68,125,-136,-15112,3640,2660,-981,107,-87,-15172,-3068,4376,-509,124,-164,0
1196.2906970977783,10860,5316,10400,-58,40,93,9796,-9620,8404,-58,166,-151,-15004,3744,2440,-979,78,-36,-15172,-2696,4548,-501,76,-138,0
1196.3242280483246,10648,5272,10572,-83,28,98,9760,-9676,8344,-66,153,-155,-15056,3852,2416,-983,61,-9,-14852,-2712,4460,-536,109,-145,0
1196.3577189445496,10632,5084,10588,-123,-46,71,9816,-9504,8400,-63,128,-165,-15124,3756,2432,-936,132,-68,-15292,-2844,4440,-526,129,-119,0
1196.3910851478577,10744,4868,10728,-29,52,82,9776,-9580,8368,-132,166,-144,-15084,3772,2808,-925,101,-58,-15208,-2804,4596,-498,72,-132,0
1196.424476146698,10604,5040,10672,-131,30,63,9840,-9704,8248,-107,169,-134,-15024,3860,2224,-988,43,-33,-15152,-2632,4360,-514,105,-141,0
1196.458143949509,10772,5000,10728,-124,42,84,9504,-9744,8264,-87,158,-122,-14948,3800,2472,-997,74,-38,-15164,-2720,4476,-526,71,-149,0
1196.4917969703674,10820,5084,10536,-68,73,105,9744,-9628,8288,-64,118,-115,-15084,3700,2312,-991,133,-21,-15172,-2632,4484,-266,76,-129,0
1196.5254940986633,10692,4996,10672,-89,82,95,9912,-9692,8248,-47,121,-148,-15076,3888,2364,-769,68,-47,-15108,-2840,4464,-537,87,-116,0
1196.5589709281921,10680,5000,10504,-91,17,96,9828,-9740,8292,-47,171,-180,-15072,3804,2420,-997,100,-100,-15224,-2692,4208,-531,133,-140,0
1196.592495918274,10692,5052,10628,-98,-17,79,9916,-9676,8160,-81,164,-162,-15096,3740,2424,-1023,134,-109,-15112,-2792,4488,-505,127,-144,0
1196.6257920265198,10668,4968,10608,-123,-5,92,9872,-9728,8304,-51,155,-175,-15024,3948,2396,-1019,76,-55,-15096,-2704,4400,-265,130,-163,0
1196.6590070724487,10720,5128,10536,-50,21,78,9840,-9664,8352,-82,136,-149,-15072,3816,2412,-971,110,-76,-15188,-2712,4508,-762,79,-159,0
1196.711385011673,10676,5076,10440,-106,3,87,9856,-9748,8280,-56,156,-188,-15008,3704,2392,-982,105,-94,-15128,-2816,4448,-506,122,-142,0
1196.754534959793,10648,5072,10724,-90,-35,104,9752,-9672,8280,-84,127,-203,-15084,3884,2396,-989,119,-88,-15196,-2728,4540,-537,165,-120,0
1196.7889609336853,10576,5136,10576,-124,-73,116,9772,-9580,8356,-91,133,-193,-15012,4056,2724,-949,151,-85,-15056,-2836,4572,-499,160,-95,0
1196.8225049972534,10696,4924,10568,-90,-37,110,9848,-9696,7960,-69,110,-186,-15040,3596,2548,-954,117,-84,-15204,-2664,4452,-497,153,-127,0
1196.856022119522,10744,5108,10664,-137,-33,124,9896,-9728,8292,-62,124,-181,-14916,3584,2408,-1059,113,-91,-15332,-2716,4432,-521,172,-106,0
1196.8895149230955,10580,5296,10576,-158,-78,143,9828,-9704,8320,-47,92,-191,-15072,3864,2376,-931,208,-70,-15288,-2588,4576,-488,158,-81,0
1196.9228999614716,10672,5188,10624,-41,-43,142,9788,-9844,8432,-100,61,-195,-15356,4056,2452,-899,228,-146,-15148,-2572,4504,-488,141,-99,0
1196.9566190242767,10636,4936,10644,-141,-71,109,9924,-9784,8212,-43,101,-200,-15324,4072,2716,-925,404,-287,-15340,-2688,4580,-516,145,-149,0
1196.9921960830688,10700,5148,10596,-76,-31,69,9980,-9632,8352,-76,108,-185,-15020,3940,2256,-950,132,-49,-15168,-2720,4528,-514,114,-129,0
1197.0280900001526,10712,5132,10612,-79,-256,79,9952,-9688,8292,-88,139,-134,-15076,3876,2384,-1007,125,-97,-15184,-2604,4296,-509,89,-165,0
1197.0637409687042,10636,5116,10280,-106,25,47,10168,-9488,8072,-35,103,-141,-15028,3644,2320,-1271,137,-28,-15048,-2824,4480,-502,109,-131,0
1197.0996580123901,10576,5124,10572,-154,-245,93,9912,-9768,8148,-35,139,-154,-15064,3748,2324,-981,149,-113,-15320,-3060,4484,-497,148,-82,0
1197.1347451210022,10540,5092,10492,-198,-86,104,9800,-9744,8424,-26,159,-195,-15036,3756,2312,-1007,109,-165,-15080,-2820,4472,-474,220,-60,0
1197.171087026596,10580,5204,10496,-222,-144,138,9964,-9700,8124,4,127,-6,-14972,3896,2508,-986,186,-161,-15152,-2660,4484,-473,181,-65,0
1197.2071311473849,10580,5112,10764,-212,-191,153,9504,-9756,8316,32,137,-226,-15036,3592,2512,-993,120,-146,-15192,-2568,4532,-520,183,-77,0
1197.242465019226,10568,5140,10608,-249,-181,161,9824,-9712,8324,103,205,-205,-14960,3808,2392,-1280,75,-145,-15192,-2568,4580,-464,208,-78,0
1197.2781660556793,10712,4900,10660,-310,-226,147,9796,-9592,8316,83,179,-211,-15104,3804,2328,-773,51,-126,-15096,-2868,4504,-449,197,-49,0
1197.3136551380157,10640,5144,10648,-318,-261,154,9868,-9660,7988,121,177,-218,-15020,3772,2356,-1112,11,-194,-15168,-2856,4364,-460,253,-36,0
1197.3496191501617,10704,5136,10620,-305,-276,155,9780,-9724,8288,162,168,-221,-15040,3680,2312,-1107,-21,-114,-15124,-2620,4380,-457,498,-31,0
1197.3844740390778,10680,5112,10652,-311,-280,212,9788,-9684,8360,145,114,-282,-15088,3720,2432,-1046,145,-174,-15228,-2748,4480,-491,254,245,0
1197.420256137848,10952,5068,10676,-302,-324,215,9928,-9660,8196,101,55,-285,-15152,3824,2336,-970,207,-133,-15220,-2712,4428,-439,247,-46,0
1197.4555339813232,10636,5072,10612,-265,-337,209,9804,-9728,8212,64,89,-507,-15052,3776,2476,-1009,141,-190,-15192,-2680,4416,-449,248,-53,0
1197.4912309646609,10708,4972,10276,-198,-253,181,9872,-9964,8260,57,70,-243,-15024,3748,2352,-986,125,-139,-15160,-2656,4512,-476,219,-103,0
1197.5271210670471,10880,5152,10548,-138,-217,140,9788,-9708,8260,73,122,-232,-15012,3732,2312,-1035,109,-119,-15256,-2732,4344,-491,186,-121,0
1197.562252998352,10816,5084,10464,-109,-159,89,9944,-9608,8236,47,151,-211,-15268,3620,2420,-1048,75,-173,-15240,-2740,4472,-498,194,-138,0
1197.5983419418335,10928,4976,10440,-66,-71,76,9880,-9568,8216,-19,141,-202,-15028,3788,2316,-1005,66,-25,-15332,-2660,4332,-481,136,-195,0
1197.6335260868073,10744,5044,10420,-80,2,31,9880,-9656,8284,253,187,-169,-15148,3724,2268,-1023,43,-44,-15196,-2756,4412,-493,100,-169,0
1197.6694509983063,10504,4880,10544,-117,5,83,9868,-9644,8216,-14,171,-175,-14968,3732,2356,-1007,94,-73,-15144,-2664,4424,-472,137,-103,0
1197.702849149704,10660,5136,10640,-151,-66,139,9780,-9704,8680,-27,114,-194,-14980,3804,2624,-964,179,-124,-15272,-2720,4580,-463,178,-59,0
1197.7364699840546,10656,4868,10840,-175,-119,155,9756,-9740,8340,-53,95,-226,-15288,3800,2532,-965,169,-149,-15144,-2640,4436,-471,133,-68,0
1197.7700691223145,10624,5180,10556,-126,-113,117,9956,-9568,8352,-71,130,-185,-14860,3748,2676,-977,111,-111,-15320,-2816,4456,-494,160,-145,0
1197.8032939434052,10804,4876,10744,-128,-112,97,9892,-9552,8308,-70,155,-175,-15084,3796,2380,-969,79,-90,-15160,-2852,4536,-472,106,-104,0
1197.836833000183,10704,5104,10552,-109,-31,111,9800,-9604,8320,-106,141,-135,-15148,3808,2384,-986,89,-3,-15280,-2648,4560,-454,34,-78,0
1197.870432138443,10828,5024,10284,-174,26,113,9928,-9580,8312,-68,120,-112,-14964,3816,2348,-1021,95,-34,-15160,-2660,4124,-509,111,-91,0
1197.9036359786987,10812,5096,10548,-134,-38,171,9892,-9672,8384,-61,50,-153,-15120,3692,2356,-1071,125,-70,-15212,-2728,4596,-480,135,-83,0
1197.9372029304504,10632,5040,10624,-43,13,139,9896,-9656,8316,-98,109,-177,-15128,3828,2280,-992,122,-70,-15160,-2584,4156,-479,180,-126,0
1197.970775127411,10552,5044,10412,-95,-50,77,9912,-9752,8192,-72,135,-193,-15096,3852,2492,-1071,44,-34,-15180,-2748,4560,-520,158,-175,0
1198.0043430328367,10720,5100,10444,-19,61,49,9904,-9716,8276,-102,174,-148,-14852,3740,2436,-1098,-26,-16,-15136,-2756,4512,-528,49,-201,0
1198.0376751422882,10948,5104,10604,-24,183,-23,9932,-9680,8376,-132,242,-81,-15056,3692,2488,-1018,-70,246,-15224,-2764,4388,-491,-32,-213,0
1198.0711710453033,10736,5360,10648,-92,185,-23,9556,-9632,8164,-90,321,-87,-14968,3768,2452,-996,-14,26,-15100,-2708,4528,-527,63,-178,0
1198.104653120041,10600,5312,10556,-86,100,44,9560,-9828,8316,-120,183,-148,-15080,3772,2308,-1005,84,-7,-15088,-2800,4556,-486,141,-105,0
1198.1380281448364,10584,5340,10580,-115,20,59,9844,-9484,8404,-122,114,-200,-14972,3816,2564,-1028,136,-77,-15076,-2636,4388,-261,158,-131,0
1198.1716771125793,10724,5068,10664,-96,-48,95,9692,-9876,8276,-111,122,-220,-15036,3592,2452,-1060,121,-128,-15288,-2752,4516,-502,259,-91,0
1198.2053239345553,10548,5104,10588,-37,-80,129,9688,-9572,8352,-45,83,-204,-15012,3808,2724,-686,-48,-150,-15228,-2804,4572,-510,182,-101,0
1198.2389330863953,10600,5108,10644,-82,-66,86,9852,-9716,8264,-58,141,-207,-15016,3784,2424,-1050,128,-105,-15088,-2836,4516,-490,164,-134,0
1198.2724580764773,10704,5292,10612,-125,-32,88,9764,-9644,8196,-45,100,-170,-14980,3800,2576,-1044,96,-80,-15120,-2760,4420,-768,149,-98,0
1198.3059010505676,10636,5196,10480,-103,-36,122,9692,-9580,8032,-33,169,-206,-14976,3768,2444,-1002,105,-61,-15040,-2872,4352,-508,128,-100,0
1198.33948802948,10680,5168,10488,-103,-32,119,10088,-9656,8396,-69,41,-193,-14988,3724,2336,-1016,155,-93,-15120,-2712,4572,-484,156,-88,0
1198.3729929924011,10660,5212,10584,-134,-63,124,9948,-9552,8076,-62,113,-218,-14904,3676,2080,-988,131,-110,-15176,-2624,4484,-483,162,-87,0
1198.4065930843353,10700,5112,10532,-137,-78,126,9796,-9564,8200,-30,123,-186,-15080,3712,2224,-1007,163,-85,-15168,-2736,4500,-480,149,-87,0
1198.4398729801178,10608,5152,10436,-110,-61,118,9924,-9752,8268,-46,112,-167,-15036,3848,2448,-1070,108,-56,-15172,-2720,4596,-506,139,-102,0
1198.4735190868378,10680,5024,10544,-133,-46,96,10008,-9856,8452,-81,81,-181,-15000,3856,2380,-993,85,-82,-15348,-2976,4468,-470,126,-134,0
1198.5071799755096,10720,5152,10672,-126,-30,68,9884,-9488,8136,-24,160,-172,-14868,3784,2464,-1008,65,-111,-15168,-2748,4420,-465,150,-130,0
1198.5406339168549,10616,5144,10488,-171,-30,58,9756,-9668,8608,-68,187,-185,-14996,3804,2564,-965,99,-126,-15212,-2744,4492,-454,87,-88,0
1198.5742390155792,10656,5120,10704,-189,-37,85,9840,-9748,8680,-3,190,-156,-15088,3848,2512,-981,140,-111,-15136,-2760,4560,-497,128,-77,0
1198.607901096344,10616,5356,10576,-2,-134,160,9732,-9732,8268,32,115,-189,-15016,3848,2472,-1005,140,-111,-15084,-2732,4556,-483,188,-39,0
1198.6411490440369,10472,5108,10620,-233,-174,200,9728,-9604,8224,11,114,-208,-15044,3740,2772,-960,167,-140,-14876,-2644,4388,-436,152,-72,0
1198.6781001091003,10688,5084,10612,-246,-212,164,9884,-9948,8308,31,110,-222,-15068,3644,2524,-958,147,-151,-15204,-2700,4572,-453,221,-74,0
1198.7131900787354,10676,5044,10536,-295,-241,164,9824,-9668,8368,100,99,-229,-15104,3664,2360,-999,115,-118,-15160,-2772,4444,-455,220,-58,0
1198.7486901283264,10728,5180,10728,-238,-209,164,9908,-9680,8280,70,129,-162,-15024,3684,2420,-986,141,-151,-15312,-2744,4540,-437,145,-85,0
1198.784390926361,10636,5328,10580,-277,-167,137,9840,-9680,8316,69,104,-214,-15148,3796,2440,-936,188,-105,-15132,-2760,4520,-426,182,-76,0
1198.8198261260986,10628,4864,10636,-300,-192,160,9664,-9704,8296,44,99,-225,-14860,3776,2636,-956,187,-150,-15220,-2800,4396,-439,237,-46,0
1198.8549439907074,10608,5056,10636,-296,-274,180,9820,-9676,8216,23,45,-261,-15088,3672,2352,-940,248,-178,-15132,-2724,4372,-427,215,-16,0
1198.8901889324188,10724,5044,10628,-313,-324,205,9832,-9624,8304,71,82,-259,-14904,4036,2380,-929,217,-209,-15244,-2724,4584,-435,183,-31,0
1198.9256930351255,10744,4996,10540,-252,-227,193,9856,-9628,8424,51,37,-240,-15180,4032,2320,-938,216,-141,-15296,-2716,4464,-424,181,-35,0
1198.9609560966492,10812,4968,10628,-268,-235,187,9900,-9596,8300,76,56,-229,-15164,3836,2228,-978,174,-150,-15208,-2612,4560,-454,192,-63,0
1198.9961149692535,10504,5072,10640,-244,-209,172,9780,-9636,8168,65,47,-282,-15016,3852,2204,-952,248,-161,-15184,-2756,4460,-478,223,-67,0
1199.0323219299316,11000,5108,10488,-218,-230,182,9732,-9640,8428,33,15,-239,-15064,3732,2396,-903,236,-129,-15152,-2700,4496,-469,186,-47,0
1199.0681171417236,10724,4948,10540,-227,-218,201,9840,-9656,8236,6,71,-213,-15072,3664,2420,-933,208,-136,-15120,-2776,4456,-441,179,-66,0
1199.1037130355835,10760,4992,10424,-209,-189,156,9896,-9608,7952,245,82,-217,-15092,3760,2376,-933,203,-84,-15140,-2724,4384,-459,154,-80,0
1199.1387119293213,10772,4960,10288,-197,-148,153,9900,-9620,8156,253,56,-201,-15228,3692,2320,-969,180,-67,-14852,-2732,4388,-471,134,-102,0
1199.1737730503082,10740,4996,10412,-136,-94,144,9920,-9616,8296,7,104,-174,-15132,3684,2268,-1059,112,-27,-15296,-2692,4368,-458,153,-115,0
1199.2094969749453,10664,5096,10420,-164,-55,97,9924,-9608,8340,-14,153,-173,-15096,3720,2240,-1045,62,-91,-15096,-2784,4320,-470,151,-164,0
1199.2451260089874,10860,4956,10472,-130,-68,95,10052,-9520,8388,-240,181,-132,-15084,3824,2244,-1093,254,-37,-15220,-2724,4464,-497,106,-144,0
1199.2804100513458,10508,5052,10500,-83,-10,89,9856,-9652,8312,-39,146,-144,-15068,4008,2424,-1069,43,-99,-15264,-2656,4412,-527,174,-144,0
1199.3155269622803,11000,4964,10616,-141,-73,95,9904,-9612,8312,-55,107,-183,-15128,3700,2292,-1048,56,-48,-15136,-2772,4392,-497,145,-166,0
1199.3512411117554,11004,5368,10604,-47,0,91,9780,-9536,8336,-119,179,-155,-15100,3752,2372,-770,74,-9,-15156,-2700,4376,-490,141,-110,0
1199.3846499919891,10724,4916,10816,-111,-12,80,9928,-9752,8348,-71,151,-175,-14876,3732,2556,-1073,78,-87,-15060,-2332,4480,-476,194,-149,0
1199.4182250499723,10696,4948,10452,-126,-42,101,9828,-9600,8236,-25,147,-193,-15072,3740,2180,-1062,74,-117,-15064,-2764,4576,-502,171,-94,0
1199.4518151283264,10504,5104,10608,-64,-30,122,9800,-9628,7976,-37,145,-166,-14888,3588,2436,-1030,64,-112,-15208,-2804,4592,-486,150,-112,0
1199.4853179454803,10496,4908,10496,-129,-24,106,9812,-9660,8212,-39,146,-178,-15012,3728,2308,-997,93,-101,-15168,-2752,4504,-472,156,-131,0
1199.5188920497894,10636,4960,10588,-140,-73,106,9904,-9624,8316,-37,141,-209,-15036,3656,2316,-973,114,-118,-15120,-2728,4500,-504,164,-104,0
1199.552395105362,10804,4916,10444,-105,-98,112,9976,-9528,8148,-57,173,-192,-15164,3732,2076,-975,97,-92,-15316,-2692,4432,-474,125,-122,0
1199.5885219573975,10848,5084,10480,-175,-77,114,9932,-9568,8284,-37,149,-189,-14904,3788,2108,-1015,89,-93,-15236,-2816,4380,-485,153,-71,0
1199.6225090026855,10928,5084,10352,-107,-31,112,9908,-9620,8192,-51,158,-178,-15068,3664,2312,-998,110,-124,-15192,-2716,4396,-485,133,-118,0
1199.6557590961456,10896,5024,10468,-136,-58,74,9952,-9632,8216,-41,189,-163,-14996,3660,2288,-1020,43,-111,-15224,-2728,4408,-487,144,-138,0
1199.689404964447,10880,5044,10708,-152,-63,115,9836,-9612,7952,-11,165,-175,-15328,3792,2536,-1046,63,-59,-14880,-2736,4808,-492,161,-130,0
1199.7226650714874,10604,5364,10524,-109,-62,94,9812,-9668,8300,-46,125,-182,-15068,3768,2388,-1022,91,-101,-15132,-2788,4480,-506,169,-119,0
1199.7561130523682,10760,5080,10584,-139,-89,111,9792,-9492,8372,-47,134,-199,-15100,3724,2376,-1008,106,-124,-15108,-2676,4128,-482,150,-127,0
1199.789829969406,10584,5096,10520,-132,-66,116,9896,-9500,8200,-48,150,-202,-15192,3776,2436,-971,72,-87,-15312,-2696,4152,-507,144,-137,0
1199.8231899738312,10996,5036,10344,-145,-35,100,9876,-9716,8260,-33,132,-164,-15092,3848,2488,-1022,100,-48,-15148,-2776,4436,-489,138,-92,0
1199.8564009666443,10724,4960,10604,-119,-50,124,9884,-9656,8332,-51,124,-174,-15088,3708,2472,-1027,120,-74,-15212,-2652,4288,-501,183,-87,0
1199.8897140026093,10632,5072,10564,-146,-111,134,9928,-9744,8356,-58,92,-174,-14880,3620,2532,-1001,160,-96,-15092,-2760,4408,-506,200,-104,0
1199.9230110645294,10816,5048,10372,-125,-105,123,9940,-9664,8172,-58,139,-180,-15176,3728,2448,-1020,106,-99,-15176,-2716,4496,-495,151,-110,0
1199.9566180706024,10888,5064,10520,-97,-59,110,9904,-9600,8260,-45,129,-187,-15168,3748,2620,-991,103,-51,-15132,-2640,4184,-490,94,-136,0
1199.9903500080109,10732,5000,10528,-86,-32,113,9868,-9644,8032,-15,184,-139,-15112,3780,2448,-1042,79,-51,-15172,-2684,4424,-507,128,-128,0
1200.0236179828644,10648,5040,10580,-161,-41,95,9752,-9636,8380,-19,140,-171,-15068,3768,2392,-1065,74,-81,-15124,-2768,4440,-758,143,-125,0
1200.057255983353,10704,5176,10324,-95,9,80,9888,-9652,8256,-61,133,-176,-15356,3692,2112,-986,62,-56,-15220,-2716,4508,-468,133,-157,0
1200.0908019542694,10540,5056,10516,-163,-52,51,10152,-9584,8500,-44,179,-181,-15048,3600,2128,-1012,39,-111,-15356,-2660,4432,-467,183,-146,0
1200.124225139618,10740,5064,10292,-118,-32,52,9760,-9592,8348,-57,198,-185,-15040,3768,2412,-1016,16,-40,-15140,-2708,4508,-499,207,-107,0
1200.1574759483337,10648,5064,10580,-110,-39,116,9824,-9536,8296,-72,155,-148,-15112,3848,2464,-991,56,-48,-15228,-2696,4572,-488,145,-142,0
1200.1911749839785,10652,5084,10616,-125,-20,111,9912,-9916,8244,-56,157,-165,-14888,3792,2524,-974,116,-77,-15124,-2756,4552,-465,139,-121,0
1200.2245569229126,10624,4892,10576,-148,-40,97,9896,-9676,8268,-61,189,-181,-15104,3800,2440,-976,76,-88,-15096,-2756,4424,-760,125,-124,0
1200.2582149505615,10612,5040,10532,-123,-58,102,9724,-9624,8356,-41,132,-164,-15016,3824,2356,-988,100,-103,-15180,-2732,4264,-766,179,-96,0
1200.29181599617,10644,5096,10728,-147,-46,126,9900,-9572,8204,-16,134,-197,-15112,3756,2252,-1005,135,-52,-15092,-2652,4376,-504,169,-108,0
1200.3251819610596,10792,5020,10288,-119,-59,135,9816,-9480,8432,-29,125,-181,-15088,4052,2396,-1001,102,-75,-15132,-2776,4496,-497,165,-79,0
1200.3618750572205,10612,5340,10436,-180,-78,140,9892,-9628,8208,-24,140,-176,-15016,3796,2448,-955,138,-103,-15192,-2808,4348,-469,152,-116,0
1200.398129940033,10756,5068,10552,-150,-55,120,9876,-9648,8560,-22,155,-167,-15160,3720,2388,-977,96,-54,-15220,-2656,4516,-482,158,-123,0
1200.4329891204834,10752,4988,10500,-168,-74,84,9872,-9580,8312,-21,134,-180,-15080,3764,2364,-775,93,-146,-15104,-2772,4500,-491,197,-86,0
1200.4681539535525,10656,5096,10512,-153,-111,107,9808,-9612,8076,-37,94,-208,-15036,3740,2456,-978,114,-116,-15168,-2636,4512,-480,189,-76,0
1200.503914117813,10792,5060,10644,-144,-101,118,9860,-9524,8116,-44,147,-197,-15056,3752,2504,-952,124,-145,-15080,-2808,4468,-472,176,-87,0
1200.5393130779266,10724,5088,10588,-169,-107,120,9952,-9712,8392,-1,116,-215,-15048,3792,2224,-995,120,-119,-15076,-2640,4324,-508,170,-86,0
1200.57501912117,10816,4996,10532,-129,-56,119,9848,-9688,8292,-2,123,-159,-15216,3784,2384,-1028,92,-68,-15260,-2736,4336,-489,124,-118,0
1200.6111419200895,10612,5104,10596,-120,-25,120,9888,-9632,8352,-50,135,-145,-15288,3716,2584,-1027,123,-126,-15176,-2716,4384,-260,174,-91,0
1200.6461460590365,10632,5084,10592,-144,-64,122,9864,-9664,8372,-60,128,-177,-15120,3744,2436,-987,130,-90,-15172,-2700,4444,-484,150,-87,0
1200.6818199157715,11004,5348,10568,-99,-51,140,9916,-9516,8224,-69,143,-166,-15264,3812,2424,-990,109,-69,-15208,-2660,4320,-530,76,-114,0
1200.7177441120148,10696,5016,10456,-133,-5,127,9908,-9644,8260,-33,135,-123,-15072,3700,2440,-1063,69,-59,-14856,-2656,4352,-257,163,-133,0
1200.753170967102,10688,5124,10496,-145,-42,108,9872,-9452,8372,-37,143,-155,-15076,3760,2428,-1056,88,-67,-15308,-3044,4364,-490,122,-108,0
1200.7882730960846,10672,4868,10528,-124,-34,91,9932,-9688,8384,-90,168,-178,-15040,3732,2468,-993,115,-101,-15164,-2572,4408,-446,176,-137,0
1200.823781967163,10628,4988,10396,-157,-50,70,9940,-9612,8360,-38,198,-221,-15060,3768,2292,-1037,53,-68,-15112,-2588,4456,-486,153,-159,0
1200.8591930866241,10620,5080,10580,-121,-45,60,9952,-9608,8108,-6,173,-158,-15028,3860,2344,-1032,12,-34,-15324,-2712,4564,-503,113,-151,0
1200.8940749168396,10688,5060,10748,-121,11,109,9832,-9924,8292,-43,136,-156,-14860,3832,2552,-1002,93,-54,-15148,-2668,4408,-468,105,-103,0
1200.929759979248,10592,5144,10596,-163,-35,99,9788,-9628,8300,-41,137,-212,-14892,3776,2200,-964,142,-96,-15244,-2748,4532,-482,178,-124,0
1200.9650709629059,10728,4956,10648,-145,-76,117,9832,-9648,8336,-31,161,-177,-14988,3696,2428,-993,133,-117,-15140,-2744,4456,-496,139,-103,0
1201.0020661354065,10688,5128,10264,-124,-86,108,9868,-9724,8264,6,166,-183,-15124,3812,2292,-998,117,-121,-15096,-2712,4408,-510,148,-142,0
1201.0354390144348,10644,5340,10628,-137,-84,128,9772,-9668,8264,-14,134,-203,-15044,3832,2296,-1280,112,-96,-15176,-2732,4544,-492,183,-87,0
1201.0689680576324,10624,4904,10692,-158,-102,131,9644,-9600,8248,-9,144,-234,-15020,3740,2480,-963,107,-131,-15104,-2820,4604,-460,189,-106,0
1201.1026389598849,10656,5096,10568,-138,-121,114,9904,-9668,8408,-31,151,-218,-15108,3828,2460,-960,151,-126,-15176,-2692,4372,-480,159,-144,0
1201.1359379291534,10716,5044,10620,-181,-97,93,9956,-9608,8308,250,161,-186,-15104,3788,2524,-1012,59,-124,-15184,-2740,4360,-485,164,-119,0
1201.169144153595,10512,5076,10628,-157,-103,91,9800,-9572,8324,4,163,-170,-14860,3648,2380,-1037,41,-74,-15300,-2752,4484,-496,161,-151,0
1201.2027630805967,10748,5112,10648,-171,-102,84,9916,-9616,8268,-33,115,-208,-15048,4064,2444,-983,115,-69,-15192,-2744,4388,-476,180,-95,0
1201.236174106598,10672,4864,10540,-153,-96,128,9848,-9492,8436,-51,155,-195,-14908,3780,2400,-1005,133,-93,-15204,-2632,4116,-497,140,-86,0
1201.2699429988859,10716,5064,10520,-163,-70,131,9916,-9552,8308,6,128,-157,-14948,3800,2500,-777,75,-55,-15236,-2724,4316,-503,115,-122,0
1201.3035199642181,10716,5048,10628,-142,-60,148,9760,-9664,8220,-20,126,-139,-15148,3892,2444,-1054,89,-91,-15192,-2760,4500,-497,134,-108,0
1201.3368809223175,10668,5304,10496,-138,-50,125,9744,-9660,8420,-36,116,-165,-15072,3740,2508,-1032,148,-105,-15156,-3016,4596,-474,159,-98,0
1201.370090007782,10640,5332,10668,-143,-79,138,9808,-9620,8356,-42,113,-200,-15092,3656,2432,-983,135,-116,-15136,-2836,4420,-476,178,-117,0
1201.4035029411316,10688,5048,10284,-150,-92,98,9924,-9576,8272,-50,161,-204,-15036,3772,2332,-969,84,-93,-15212,-2772,4304,-478,120,-138,0
1201.4369850158691,10536,5036,10380,-157,-43,64,9948,-9608,8436,-72,153,-178,-15004,3816,2292,-1009,63,-56,-15268,-2624,4508,-469,94,-133,0
1201.4706990718842,10508,5044,10604,-149,-41,104,9820,-9712,8400,-27,147,-148,-15348,3620,2400,-1054,63,-64,-15228,-2800,4596,-260,115,-136,0
1201.5042500495913,10700,5096,10692,-163,-75,129,9884,-9624,8220,-20,145,-184,-14996,3676,2056,-1048,56,-93,-15160,-2664,4184,-259,154,-112,0
1201.5376930236816,10604,4888,10556,-70,-42,88,9912,-9588,8304,-51,140,-157,-15032,3728,2404,-1029,84,-51,-15268,-2752,4380,-485,145,-142,0
1201.5711960792542,10704,5080,10668,-162,-68,80,9852,-9632,8256,-26,161,-183,-15144,3672,2456,-773,89,-92,-15200,-2688,4428,-505,131,-132,0
1201.6044449806213,10680,5164,10684,-145,-73,87,9868,-9684,8288,-14,126,-157,-14928,3612,2452,-1061,89,-88,-15140,-2656,4752,-522,156,-97,0
1201.6377880573273,10704,5096,10804,-100,-41,132,9792,-9680,8612,-30,119,-123,-15108,3720,2524,-1036,86,-19,-14860,-2796,4452,-482,138,-121,0
1201.6714730262756,10624,5048,10656,-124,-65,95,9808,-9516,8244,-41,95,-183,-14980,3696,2428,-995,104,-66,-15144,-2736,4548,-473,163,-118,0
1201.7050139904022,10664,5176,10560,-190,-113,149,9856,-9644,8352,-43,131,-188,-15036,3708,2420,-995,167,-118,-15344,-2812,4508,-479,212,-85,0
1201.7383329868317,10720,5324,10560,-150,-111,164,9920,-9632,8360,-46,104,-216,-15212,3724,2556,-969,155,-119,-15264,-2776,4368,-503,164,-117,0
1201.7718560695648,10676,5084,10512,-146,-106,109,9932,-9656,8220,2,149,-206,-15068,3860,2256,-987,105,-95,-15200,-2620,4452,-495,102,-94,0
1201.8055529594421,10508,5092,10744,-143,-37,90,9804,-9680,8232,-7,174,-158,-15136,3876,2360,-779,65,-71,-15276,-2676,4428,-493,105,-131,0
1201.8390259742737,10756,4868,10636,-191,-94,111,9848,-9784,8320,254,149,-155,-15032,3624,2424,-997,128,-56,-15136,-2948,4496,-475,139,-134,0
1201.8723540306091,10716,5044,10632,-170,-57,109,9796,-9612,8288,6,143,-175,-15076,3768,2516,-770,113,-129,-15220,-2748,4548,-490,178,-122,0
1201.905552148819,10656,5072,10560,-164,-80,118,9828,-9688,8292,-17,136,-189,-15116,3756,2480,-778,121,-92,-15068,-2688,4508,-260,181,-91,0
1201.9389750957487,10608,5080,10524,-144,-136,142,9780,-9680,8512,-28,146,-228,-15028,3744,2408,-1001,131,-88,-15264,-2732,4524,-457,151,-91,0
1201.9724731445312,10692,5248,10544,-112,-81,108,9908,-9692,8256,-63,156,-190,-15000,3812,2516,-979,108,-39,-15152,-2732,4448,-482,96,-119,0
1202.0060110092163,10668,5080,10576,-167,-53,86,9812,-9712,8016,-5,160,-200,-15340,3740,2340,-1042,57,-44,-15348,-2728,4480,-515,158,-143,0
1202.0428590774536,10580,4948,10964,-174,-111,129,9784,-9632,8204,8,115,-196,-14936,3724,2248,-1008,136,-103,-15168,-2760,4596,-493,181,-53,0
1202.0777430534363,10496,5092,10996,-123,-107,121,9888,-9700,8216,-86,100,-226,-15088,3592,2420,-984,149,-125,-15304,-2660,4408,-469,182,-123,0
1202.1132929325104,10728,5072,10524,-192,-144,132,9900,-9964,8228,22,124,-206,-15348,3772,2416,-1037,118,-107,-15272,-2640,4388,-482,189,-113,0
1202.1486670970917,10720,5112,10480,-135,-98,128,9864,-9580,8284,8,127,-174,-15320,3780,2720,-1019,98,-79,-15132,-2724,4456,-472,122,-140,0
1202.1842949390411,10704,5020,10576,-131,-90,96,9860,-9660,8252,-27,104,-194,-15052,3708,2412,-974,79,-64,-15112,-2768,4552,-498,136,-109,0
1202.2198359966278,10628,5324,10724,-179,-79,92,9868,-9668,8380,-86,131,-174,-15100,3860,2448,-986,90,-50,-15240,-2660,4540,-480,88,-124,0
1202.2551019191742,10712,5084,10524,-120,-44,119,9900,-9612,8336,-109,140,-157,-15128,3748,2464,-1052,70,-66,-15152,-2708,4124,-535,132,-135,0
1202.2908999919891,10748,5084,10536,-72,20,110,9860,-9592,8220,-43,123,-131,-15080,3624,2464,-1039,65,-249,-15244,-2748,4332,-452,101,-180,0
1202.3260469436646,10720,5088,10540,-102,37,52,9832,-9624,8436,-2,230,-122,-15108,3744,2348,-1035,24,-48,-15176,-2720,4400,-488,104,-186,0
1202.3618190288544,10716,5184,10616,-84,245,41,9972,-9720,8388,-39,176,-138,-14996,3756,2480,-1090,13,-23,-15076,-2780,4484,-517,134,-141,0
1202.3977229595184,10536,5156,10576,-138,13,63,9780,-9700,8352,-50,177,-166,-15024,3744,2552,-1025,76,-64,-15184,-2564,4716,-473,106,-138,0
1202.4325590133667,10636,5068,10736,-110,-23,75,9864,-9644,8340,-90,192,-168,-15016,3880,2580,-996,111,-48,-15048,-2740,4512,-494,98,-172,0
1202.4684929847715,10564,5032,10636,-110,13,68,9764,-9712,8272,-49,192,-147,-15048,3748,2552,-1053,49,-31,-14960,-2708,4548,-536,140,-176,0
1202.5038149356842,10312,5136,10644,-112,-20,101,9752,-9608,8312,-74,184,-146,-15080,3864,2576,-1061,47,-86,-15188,-2724,4456,-490,114,-163,0
1202.5396270751953,10552,5152,10736,-70,22,78,9792,-9776,8300,-111,171,-170,-14996,3836,2452,-968,80,-28,-15124,-2624,4404,-487,102,-155,0
1202.57483792305,10700,5148,10692,-132,-4,78,9792,-9676,8236,-58,490,-156,-14968,3636,2448,-769,60,-55,-15140,-2748,4452,-490,158,-140,0
1202.6100339889526,10336,5036,10656,-106,-16,133,9848,-9604,8284,-73,126,-155,-15076,4072,2560,-1067,94,-56,-15200,-2672,4408,-523,179,-107,0
1202.6456789970398,10336,5188,10584,-45,-38,116,9752,-9720,7936,-32,-47,-243,-14700,3696,2452,-1045,157,-99,-15076,-2684,4520,-481,167,-139,0
1202.6824989318848,10584,5160,10652,-124,-66,121,9704,-9652,8264,-48,188,-198,-15052,3712,2488,-1274,107,-62,-15356,-2916,4560,-516,166,-120,0
1202.7160770893097,10708,5220,10704,-88,-57,103,9928,-9492,8268,-56,151,-175,-15032,3772,2564,-1278,111,-63,-15196,-2856,4488,-510,151,-126,0
1202.7497329711914,10676,5160,10684,-138,-30,81,9792,-9692,8164,-34,123,-194,-14968,3772,2336,-1023,127,-82,-15212,-2748,4644,-509,141,-126,0
1202.783385038376,10692,5188,10736,-152,-52,88,9820,-9704,8244,-66,121,-185,-15028,3752,2376,-917,44,-107,-15196,-2824,4348,-257,153,-101,0
1202.8170099258423,10540,5168,10580,-151,-66,96,9600,-9640,8172,-37,132,-175,-15000,3860,2472,-1041,121,-68,-15128,-2780,4340,-486,148,-94,0
1202.850657939911,10628,5124,10552,-162,-90,110,9828,-9688,8144,-45,110,-209,-15020,3756,2360,-1032,162,-87,-14992,-2636,4404,-519,148,-75,0
1202.8840560913086,10628,5180,10620,-170,-95,126,9844,-9936,8272,-24,145,-193,-14956,3884,2240,-1017,165,-57,-15192,-2664,4616,-491,155,-93,0
1202.9174389839172,10692,5184,10644,-189,-73,121,9812,-9816,8264,0,148,-188,-15028,3780,2484,-997,140,-120,-15112,-2828,4356,-762,165,-75,0
1202.9507191181183,10308,5180,10564,-210,-124,125,9856,-9716,8312,252,109,-204,-14952,3832,2340,-970,147,-150,-15284,-2844,4608,-499,188,-99,0
1202.9842319488525,10544,5108,10756,-241,-141,110,9820,-9728,8344,-7,112,-223,-15012,3764,2268,-948,136,-115,-15244,-2748,4468,-485,180,-90,0
1203.0178711414335,10620,5108,10600,-230,-158,136,9824,-9732,8228,26,149,-210,-15028,3812,2512,-936,174,-115,-15204,-2668,4388,-497,135,-76,0
1203.0512030124664,10316,5116,10516,-333,-166,132,9780,-9668,8280,75,130,-191,-15048,4044,2444,-966,176,-130,-15060,-2680,4440,-470,188,-59,0
1203.0845279693604,10532,5148,10652,-299,-207,175,9844,-9692,8388,48,72,-232,-15000,3784,2552,-940,268,-136,-15124,-2832,4448,-443,170,-62,0
1203.1184420585632,10636,5120,10812,-284,-230,158,9792,-9720,8420,15,81,-265,-15184,3716,2476,-902,505,-190,-15164,-2596,4336,-439,216,-31,0
1203.1516511440275,10704,5104,10528,-336,-311,176,9928,-9760,8300,57,73,-250,-15036,3864,2300,-964,3,-176,-15212,-2616,4448,-460,215,-38,0
1203.185389995575,10636,5116,10660,-262,-254,172,9900,-9688,8116,63,64,-222,-15172,3676,2492,-991,168,-120,-15272,-2720,4484,-490,161,-89,0
1203.2190730571747,10600,5104,10488,-235,-179,173,9956,-9676,8420,32,119,-187,-15152,3728,2448,-947,168,-108,-15144,-2784,4284,-461,106,-86,0
1203.2524421215057,10704,5112,10600,-287,-190,143,9952,-9624,8256,46,151,-184,-15308,3772,2484,-971,135,-103,-15192,-2720,4460,-471,140,-84,0
1203.2860419750214,10640,5020,10704,-252,-232,169,9804,-9632,8276,62,165,-187,-15148,3708,2408,-980,116,-96,-15092,-2708,4460,-460,156,-91,0
1203.319750070572,10736,5368,10556,-276,-258,189,9884,-9660,8384,42,99,-215,-14984,3680,2212,-953,175,-159,-15196,-2552,4404,-482,170,-60,0
1203.3531429767609,10660,5036,10328,-260,-243,197,9868,-9600,8288,50,98,-220,-14980,3716,2356,-986,196,-81,-15080,-2824,4500,-488,176,-60,0
1203.3865830898285,10692,4996,10496,-243,-237,177,9888,-9652,8344,63,93,-203,-15036,4048,2476,-993,191,-94,-15220,-2764,4368,-478,194,-54,0
1203.419836997986,10652,5028,10708,-251,-247,183,9900,-9804,8332,64,98,-235,-15032,3740,2476,-973,213,-117,-15088,-2676,4392,-498,241,-52,0
1203.4535839557648,10640,5028,10488,-247,-229,179,9824,-9596,8340,46,55,-272,-14976,3608,2232,-952,207,-152,-15252,-2724,4444,-477,222,-58,0
1203.486969947815,10800,4988,10604,-248,-234,193,9808,-9612,8440,11,87,-262,-15092,3796,2420,-977,183,-150,-15164,-2708,4480,-473,193,-60,0
1203.52050614357,10828,4888,10560,-241,-4,162,9992,-9608,8360,13,118,-10,-15060,3808,2480,-956,184,-130,-15168,-2752,4384,-471,191,-39,0
1203.5539209842682,10728,4980,10564,-241,-233,187,9960,-9652,8196,20,106,-231,-14880,3740,2556,-972,173,-114,-15244,-2736,4596,-510,183,-64,0
1203.5875520706177,10676,5008,10324,-202,-177,144,9932,-9672,8276,28,85,-210,-15112,3760,2464,-974,141,-122,-15164,-2768,4448,-501,149,-91,0
1203.6210820674896,10972,5000,10488,-135,-137,140,9736,-9592,8300,-3,99,-188,-15024,3752,2260,-1020,125,-143,-15184,-2604,4356,-503,173,-115,0
1203.654510974884,10824,4872,10268,-96,-66,75,10008,-9556,8088,-256,109,-185,-15124,3696,2436,-1028,63,-95,-15212,-2676,4564,-514,138,-184,0
1203.6877760887146,10820,4972,10468,-91,-33,76,10188,-9512,8248,-25,177,-146,-15072,3700,2228,-982,93,-70,-15176,-2656,4124,-533,125,-141,0
1203.724312067032,10820,5012,10612,-27,57,80,9768,-9576,8276,-6,189,-95,-15192,3836,2364,-1015,-8,7,-15216,-3048,4376,-535,89,-159,0
1203.7594649791718,10952,5084,10636,-139,-27,71,9816,-9588,8316,-19,159,-165,-15084,3680,2328,-1035,69,-41,-14928,-2732,4444,-765,137,-144,0
1203.7946231365204,10700,5096,10320,-51,36,87,9928,-9716,8344,-132,166,-151,-15076,3732,2196,-970,94,-69,-15132,-2804,4404,-495,101,-130,0
1203.8303310871124,10828,5052,10808,-103,255,68,9832,-9508,8344,-104,203,-134,-15344,3752,2104,-1273,43,-11,-15248,-2656,4500,-524,94,-156,0
1203.8653709888458,10984,5012,10520,-109,74,73,9924,-9548,8272,-73,185,-77,-14864,3708,2412,-1068,-42,17,-15132,-2656,4436,-533,53,-175,0
1203.9008309841156,10796,5064,10528,-55,160,20,10200,-9712,8284,-45,237,-45,-15012,3708,2408,-1073,-82,43,-15136,-2712,4496,-542,-1,-166,0
1203.9362320899963,10724,4996,10604,-114,146,23,9968,-9764,8288,253,184,-113,-14932,3764,2312,-1065,20,-37,-15172,-2700,4488,-514,132,-174,0
1203.9725830554962,10724,5144,10764,-101,15,76,9768,-9540,8444,-59,113,-171,-14996,3892,2332,-1041,120,-71,-15064,-2752,4596,-537,233,-84,0
1204.0088131427765,10620,5096,10616,-126,-71,144,9752,-9640,8292,-59,103,-230,-15072,4088,2112,-1035,174,-74,-15072,-2832,4712,-556,184,-68,0
1204.043862104416,10680,5004,10504,-24,-50,132,9916,-9624,8288,-98,100,-203,-15360,3588,2112,-1025,84,-88,-15284,-2700,4556,-533,126,-115,0
1204.079164981842,10968,4960,10512,-63,30,107,9880,-9564,8368,-70,141,-122,-15096,3736,2572,-999,51,-18,-15204,-2624,4516,-536,42,-146,0
1204.1140530109406,10836,5052,10648,-111,88,75,9872,-9708,8352,-62,192,-115,-15148,3824,2344,-1031,47,-48,-15152,-2628,4472,-544,102,-152,0
1204.1491870880127,10540,4968,10312,-106,36,64,9740,-9600,8232,-68,173,-156,-15060,3700,2492,-1071,47,-47,-15196,-2716,4504,-768,133,-177,0
1204.1846981048584,10728,4972,10636,-112,-246,79,9876,-9600,8312,-64,150,-149,-15080,3800,2360,-1068,41,-36,-15072,-2780,4380,-552,174,-139,0
1204.2198281288147,10648,5108,10696,-87,-38,82,9792,-9712,8304,-76,172,-207,-15312,3744,2448,-1280,44,-85,-15168,-2760,4424,-521,161,-121,0
1204.255497932434,10660,5060,10604,-67,-37,55,9532,-9676,8292,-100,181,-183,-15092,3832,2352,-1024,66,-81,-15164,-2656,4396,-561,148,-162,0
1204.2907309532166,10728,4996,10624,-69,-18,91,9792,-9696,8240,-75,157,-161,-14960,3824,2288,-1040,67,-63,-15336,-2780,4368,-542,101,-150,0
1204.3258130550385,10604,4988,10636,-84,16,99,9460,-9584,8200,238,300,-147,-14980,3640,2484,-1003,57,-11,-15268,-2584,4544,-541,96,-130,0
1204.3627760410309,10652,5148,10956,-98,18,100,9972,-9684,8088,-72,113,-198,-14976,3604,2484,-1011,90,-68,-15148,-3048,4372,-527,185,-147,0
1204.3960311412811,10592,4896,10684,-111,-47,121,9748,-9712,8244,-110,118,-197,-15064,3748,2436,-974,125,-109,-15160,-2744,4496,-507,181,-57,0
1204.4297261238098,10608,5024,10604,-68,-53,123,9844,-9728,8308,-82,151,-153,-15136,3916,2536,-1007,119,-64,-15156,-2628,4584,-524,142,-117,0
1204.4633769989014,10652,5016,10704,-116,-43,119,9908,-9736,8404,-251,108,-159,-15276,3788,2444,-1048,67,-64,-15160,-2752,4392,-544,181,-129,0
1204.4970049858093,10648,5100,10632,-99,-56,120,9796,-9572,8248,-63,135,-162,-15032,3740,2428,-1047,96,-62,-15224,-3068,4268,-524,152,-106,0
1204.5302629470823,10672,4900,10592,-128,-15,60,9876,-9480,8344,-72,131,-164,-15120,3868,2488,-1037,53,-26,-15200,-2780,4436,-486,147,-172,0
1204.563817024231,10636,5360,10580,-150,-9,60,9840,-9732,8192,-35,19,-82,-14976,3900,2148,-1129,58,-74,-15004,-2728,4532,-535,169,-160,0
1204.6019830703735,10680,4936,10684,-85,-14,80,9816,-9604,8236,-41,162,-145,-15056,3808,2636,-889,-25,-18,-15224,-2880,4572,-533,123,-143,0
1204.6355581283567,10668,4924,10740,-107,-254,62,9860,-9504,8388,-60,179,-141,-15100,3812,2368,-1019,116,-48,-15208,-2784,4504,-505,98,-125,0
1204.6692841053007,10628,5140,10764,-144,-48,78,9768,-9676,8240,-51,178,-180,-14976,3816,2464,-1007,103,-71,-15176,-2856,4400,-522,169,-148,0
1204.702924966812,10508,5132,10728,-152,-53,112,9748,-9684,8248,-27,154,-198,-15076,3828,2436,-1277,125,-93,-15348,-2780,4496,-517,169,-120,0
1204.7367701530457,10632,5128,10528,-185,-114,132,9720,-9720,8392,-13,156,-193,-15048,3756,2480,-986,121,-85,-14924,-3028,4480,-521,189,-87,0
1204.7703409194946,10284,5128,10732,-158,-104,138,9724,-9676,8328,-11,122,-200,-14980,3800,2484,-978,143,-153,-14860,-2804,4480,-492,165,-56,0
1204.8038730621338,10556,5152,10532,-215,-130,150,9840,-9744,8472,-2,132,-194,-15292,4040,2540,-959,191,-102,-15172,-2908,4408,-498,149,-59,0
1204.8375279903412,10660,5328,10600,-243,-140,128,9844,-9764,8240,-5,146,-234,-15080,3764,2608,-967,144,-108,-15156,-2708,4440,-493,173,-86,0
1204.8710589408875,10584,5084,10952,-246,-160,176,9776,-9712,8364,28,126,-191,-14932,3832,2512,-972,117,-118,-15060,-2808,4304,-496,171,-44,0
1204.904058933258,10532,4996,10736,-239,-206,172,9720,-9652,8260,20,105,-203,-15008,3768,2344,-950,180,-140,-15160,-2664,4548,-492,181,-35,0
1204.9375760555267,10628,4988,10580,-267,-217,157,9896,-9640,8384,38,81,-232,-15040,4032,2464,-955,160,-154,-15184,-2696,4424,-480,182,-73,0
1204.9710659980774,10712,4996,10588,-286,-261,169,9956,-9752,8192,69,104,-243,-15088,3732,2372,-984,152,-145,-15272,-2716,4452,-468,201,-68,0
1205.0046961307526,10700,4968,10728,-255,-231,134,9936,-9804,8312,85,138,-236,-15036,3796,2440,-1009,125,-122,-15152,-2776,4488,-496,209,-106,0
1205.0383820533752,10744,5060,10596,-226,-216,114,9808,-9716,8320,68,121,-247,-15136,3752,2340,-1000,102,-170,-15180,-2656,4404,-498,227,-101,0
1205.0718820095062,10680,5004,10532,-215,-244,120,9824,-9696,8200,80,133,-508,-15100,3876,2452,-999,123,-183,-15076,-2620,4428,-456,228,-137,0
1205.1055171489716,10636,5012,10524,-248,-262,141,9852,-9676,8240,43,139,-254,-15172,4012,2148,-956,127,-184,-15108,-2708,4464,-458,239,-83,0
1205.139032125473,10728,4968,10456,-294,-227,153,9824,-9548,8364,29,128,-238,-14860,3712,2356,-950,143,-127,-15148,-2728,4116,-457,181,-57,0
1205.1725339889526,10768,5072,10484,-234,-225,158,9832,-9560,8292,6,121,-190,-15072,3732,2376,-964,127,-83,-15136,-2612,4392,-491,94,-78,0
1205.2065529823303,10768,4948,10684,-279,-141,173,9804,-9644,8224,27,123,-187,-15064,3796,2340,-1033,105,-60,-15148,-2740,4508,-474,181,-80,0
1205.2401239871979,10632,5096,10608,-240,-205,172,9844,-9508,8384,32,86,-225,-15248,3756,2156,-1007,140,-93,-15244,-3068,4584,-459,146,-62,0
1205.2736430168152,10528,4996,10268,-188,-146,176,9844,-9576,8360,-18,118,-198,-15064,3776,2232,-938,166,-131,-15264,-2656,4584,-473,197,-50,0
1205.3073091506958,10716,4888,10532,-250,-255,167,9868,-9632,8340,31,66,-239,-15100,3756,2272,-1033,134,-152,-15268,-2772,4504,-509,228,-73,0
1205.3408601284027,10740,5032,10260,-166,-148,169,9876,-9512,8380,15,71,-174,-15136,3752,2452,-1018,148,-55,-15312,-2856,4408,-523,147,-64,0
1205.3744361400604,10992,5016,10508,-155,-78,157,9824,-9556,8292,-26,80,-164,-15084,3732,2412,-1065,84,-54,-15148,-2724,4480,-508,86,-125,0
1205.4115209579468,10748,5020,10572,-162,-56,105,9912,-9576,8324,-76,141,-162,-15032,3772,2508,-997,67,-27,-15224,-2640,4452,-503,108,-142,0
1205.447865009308,10748,5072,10300,-115,-34,78,9896,-9496,8352,-56,155,-169,-15032,3756,2352,-978,140,-9,-15124,-2656,4368,-503,117,-137,0
1205.4832620620728,10800,5008,10712,-146,-20,104,9948,-9652,8308,-51,111,-188,-15060,3764,2448,-1033,121,-48,-15204,-2676,4432,-507,163,-149,0
1205.5186910629272,10724,4960,10564,-80,-31,98,9844,-9556,8300,-32,99,-154,-14952,3740,2380,-1009,107,-83,-15180,-2720,4472,-501,143,-95,0
1205.553766965866,10716,4956,10764,-76,-21,136,9848,-9720,8368,-17,144,-177,-15232,3908,2408,-994,102,-69,-15176,-2756,4472,-506,171,-150,0
1205.589143037796,10644,5100,10656,-85,-252,81,9856,-9612,8240,-30,195,-135,-15348,3848,2468,-948,13,-126,-15152,-2840,4424,-525,144,-154,0
1205.624568939209,10728,5312,10656,-66,-6,70,9968,-9544,8608,-42,216,-141,-15152,3772,2396,-996,-68,-81,-15128,-2764,4532,-506,140,-132,0
1205.6601059436798,10720,5040,10748,-87,-13,77,9844,-9560,8388,-68,167,-166,-15052,3756,2280,-960,40,-78,-15360,-2728,4424,-471,132,-155,0
1205.6952710151672,10592,5088,10584,-86,-10,54,9804,-9512,8268,-105,159,-185,-14976,3796,2324,-969,86,-48,-15220,-2712,4380,-474,138,-152,0
1205.730625152588,10804,4956,10552,-93,-45,81,9788,-9696,8248,-65,135,-174,-15084,3620,2384,-1035,121,-98,-15248,-2672,4356,-258,131,-130,0
1205.7670669555664,10984,4972,10652,-67,-16,108,9856,-9540,8360,-34,127,-178,-15168,3712,2316,-1038,112,-87,-15272,-2720,4364,-508,136,-140,0
1205.8019671440125,10752,5040,10644,-81,10,89,9916,-9560,8440,-52,137,-146,-15124,4048,2428,-1067,107,-51,-15136,-2688,4396,-501,161,-131,0
1205.837986946106,10656,5000,10580,-78,-255,69,9968,-9584,8308,-59,126,-173,-15100,3636,2500,-1067,68,-73,-15160,-2736,4388,-511,104,-187,0
1205.873547077179,10772,5172,10656,-69,41,58,9716,-9660,8212,-77,248,-116,-15076,3820,2380,-1071,38,234,-15144,-2632,4436,-539,92,-174,0
1205.9093959331512,10688,5004,10608,-63,72,54,9684,-9600,8376,-27,211,-111,-15024,3812,2332,-1093,26,-39,-15160,-2728,4456,-557,110,-154,0
1205.9443690776825,10596,5120,10724,-74,16,74,9752,-9552,8320,-67,142,-162,-14936,3748,2312,-993,42,-78,-15116,-2732,4336,-484,91,-126,0
1205.9801681041718,10720,5192,10740,-62,45,80,9716,-9676,8264,-117,178,-168,-15052,3768,2496,-975,110,-63,-15240,-2864,4412,-467,119,-135,0
1206.015027999878,10628,5072,10620,-138,-40,67,9868,-9680,8260,-77,161,-131,-14928,3796,2476,-1096,85,-20,-15152,-2760,4436,-482,140,-125,0
1206.0521039962769,10544,4992,10608,-56,-2,95,9620,-9628,8344,-44,181,-159,-15048,3760,2548,-1039,70,-28,-15232,-2832,4388,-519,110,-168,0
1206.0856230258942,10672,5052,10532,-64,39,68,9800,-9572,8312,-57,156,-125,-15044,3704,2408,-955,59,-35,-15136,-2828,4620,-498,74,-161,0
1206.1192300319672,10732,5072,10756,-111,1,92,9876,-9720,8344,-67,170,-160,-15068,3800,2552,-1275,53,-74,-15104,-2736,4564,-474,108,-149,0
1206.1526169776917,10568,5168,10704,-132,15,83,9740,-9756,8380,-67,150,-172,-15032,3868,2388,-769,103,-64,-15120,-2836,4328,-470,123,-118,0
1206.1863839626312,10572,5132,10700,-118,-50,101,9812,-9628,8292,-27,111,-196,-15016,3756,2468,-1038,117,-75,-15344,-2760,4440,-497,161,-92,0
1206.219927072525,10544,4924,10544,-106,-55,132,9692,-9568,8388,-67,114,-193,-14884,3852,2436,-1015,114,-96,-14944,-2712,4468,-488,145,-134,0
1206.2534959316254,10672,5176,10584,-108,-58,127,9976,-9940,8332,-38,125,-182,-14852,3912,2388,-985,120,-83,-15148,-2700,4504,-492,123,-103,0
1206.287141084671,10688,5200,10308,-125,-50,100,9844,-9800,8228,-9,123,-180,-15072,3792,2388,-988,95,-105,-15268,-2796,4460,-491,141,-137,0
1206.3206939697266,10584,5344,10316,-118,-47,102,9872,-9612,8364,-41,125,-212,-15048,4040,2400,-1031,133,-106,-15100,-2776,4316,-768,167,-127,0
1206.3539829254153,10592,5200,10684,-135,-96,92,9816,-9684,8392,-67,127,-207,-15084,3812,2480,-949,141,-86,-15352,-2772,4156,-522,137,-106,0
1206.3873550891876,10596,5112,10568,-161,-95,100,9824,-9484,8280,-67,139,-192,-15356,3868,2396,-965,113,-81,-15116,-2800,4604,-497,177,-105,0
1206.4206781387327,10784,5092,10612,-156,-101,84,9916,-9628,8380,-67,129,-213,-14992,3872,2384,-920,157,-117,-15156,-2752,4372,-470,142,-87,0
1206.4540300369265,10720,5072,10632,-169,-59,119,9492,-9656,8496,-20,151,-156,-15084,3828,2396,-968,179,-88,-15160,-2696,4504,-497,130,-55,0
1206.4874410629272,10652,5124,10624,-214,-102,163,9584,-9660,8208,15,133,-208,-14952,3888,2348,-1026,169,-109,-14900,-2984,4400,-758,148,-48,0
1206.5210449695587,10532,5148,10636,-182,-129,175,9904,-9720,8420,28,126,-189,-15336,3848,2532,-1007,127,-136,-15172,-2784,4424,-491,188,-61,0
1206.5543229579926,10568,5088,10644,-192,-112,157,9816,-9572,8352,-17,176,-183,-15132,3904,2352,-1054,119,-144,-15248,-2684,4372,-509,132,-79,0
1206.5878999233246,10592,5096,10608,-205,-138,184,9780,-9936,8560,252,182,-169,-15132,3792,2348,-989,69,-132,-15288,-2884,4176,-257,149,-86,0
1206.6214101314545,10660,5120,10716,-238,-152,127,9832,-9632,8312,248,176,-169,-14876,3732,2504,-966,65,-81,-15164,-2748,4500,-441,77,-103,0
1206.6548459529877,10660,4992,10524,-242,-88,160,9872,-9656,8204,25,172,-143,-15060,3900,2248,-948,125,-71,-15096,-2676,4384,-453,64,-69,0
1206.6883170604706,10632,5056,10636,-349,-123,147,9912,-9656,8344,88,108,-194,-15052,3700,2352,-999,136,-102,-15344,-2760,4500,-467,185,-82,0
1206.7218101024628,10580,5152,10552,-293,-215,153,9924,-9568,8264,89,126,-209,-15024,3768,2448,-984,89,-178,-15140,-2604,4472,-409,173,-72,0
1206.755285024643,10644,5092,10636,-256,-215,101,9828,-9532,8236,70,159,-252,-15288,3604,2088,-938,125,-209,-15244,-2712,4396,-399,213,-82,0
1206.788784980774,10592,5072,10608,-340,-325,126,9492,-9596,8316,95,155,-230,-15076,3832,2484,-1017,98,-187,-15196,-2600,4524,-445,234,-103,0
1206.8224439620972,10720,5032,10824,-258,-510,178,9840,-9636,8320,82,88,-197,-14928,4000,2380,-1006,97,-110,-15176,-2736,4344,-486,168,-57,0
1206.8559141159058,10544,5056,10748,-228,-194,157,9832,-9664,8348,66,92,-194,-15036,3760,2416,-988,159,-100,-15140,-2668,4416,-476,154,-56,0
1206.8891150951385,10648,5032,10512,-278,-225,186,9784,-9668,8516,55,62,-215,-15316,3792,2536,-925,192,-121,-15160,-2688,4408,-462,159,-36,0
1206.9224951267245,10636,5012,10656,-283,-248,207,9980,-9664,8456,51,69,-212,-15168,3880,2264,-921,206,-109,-15336,-2608,4472,-446,184,-36,0
1206.9558489322662,10744,5032,10664,-259,-243,226,9828,-9584,8228,47,26,-240,-15056,3704,2420,-956,245,-120,-15256,-2608,4372,-447,207,-33,0
1206.98939204216,10844,4956,10520,-279,-499,215,9788,-9564,8380,12,37,-232,-15008,3600,2364,-991,226,-113,-15196,-2736,4424,-489,188,-62,0
1207.0229411125183,10996,5032,10672,-177,-215,191,9912,-9524,8336,10,57,-206,-15296,3852,2448,-979,148,-148,-15108,-2736,4476,-494,157,-98,0
1207.0561940670013,10932,4944,10616,-166,-150,141,9832,-9648,8256,-253,143,-194,-14920,3752,2376,-1003,95,-117,-15144,-2684,4328,-457,145,-108,0
1207.0930869579315,10748,5000,10524,-139,-66,91,9848,-9620,8388,-4,155,-193,-15068,3844,2544,-1010,66,-62,-15216,-2640,4472,-499,147,-162,0
1207.1289570331573,10828,4956,10496,-110,-67,93,9904,-9704,8364,-34,181,-164,-14996,3712,2524,-1031,61,-72,-15092,-2652,4468,-488,143,-150,0
1207.1642060279846,10716,4940,10480,-112,-38,79,9980,-9692,8364,-44,143,-155,-15100,3740,2328,-1034,71,-21,-15324,-2648,4384,-475,118,-160,0
1207.1994590759275,10852,5032,10660,-90,-28,93,9896,-9596,8680,-61,144,-169,-15088,3800,2536,-1048,117,-77,-15268,-2332,4400,-478,158,-119,0
1207.2345221042633,10748,4876,10552,-86,-13,93,9868,-9720,8400,-41,144,-139,-15064,3772,2232,-1019,118,-57,-15276,-2668,4368,-488,148,-131,0
1207.2707350254059,10596,4920,10648,-67,-44,122,9836,-9608,8396,-46,117,-188,-14932,3864,2432,-1019,116,-105,-15140,-2612,4436,-501,148,-140,0
1207.3055789470673,10604,5060,10676,-56,-44,109,9808,-9628,8372,-89,121,-168,-15132,4080,2316,-1031,116,-59,-15080,-2624,4384,-485,177,-118,0
1207.3408160209656,10596,4920,10636,-93,-63,86,9856,-9656,8300,-64,157,-203,-15100,3732,2408,-1007,88,-110,-15168,-2808,4504,-476,169,-137,0
1207.37624502182,10740,5040,10644,-36,-18,56,9808,-9492,8280,-84,165,-165,-15200,3880,2336,-999,69,-45,-15228,-2660,4464,-518,95,-151,0
1207.411791086197,10940,4980,10584,-66,26,45,9876,-9624,8300,-55,169,-179,-15128,3776,2292,-1049,22,-49,-15124,-2752,4440,-531,164,-153,0
1207.4472749233246,10640,5088,10572,-123,-24,72,9868,-9472,8300,-70,157,-168,-15340,3724,2412,-1076,80,-38,-15216,-2776,4464,-488,137,-120,0
1207.4818749427795,10648,5080,10704,-72,36,71,9872,-9632,8208,-116,153,-140,-15120,3784,2440,-1269,51,-63,-15156,-2600,4360,-496,119,-171,0
1207.5177581310272,10748,4936,10580,-166,-5,60,10000,-9592,8240,-52,160,-151,-14860,3800,2160,-1051,21,-27,-14900,-2728,4604,-506,110,-161,0
1207.5526020526886,10708,5032,10532,-69,53,77,9860,-9544,8208,-60,125,-141,-15024,3604,2336,-1118,40,9,-15204,-2784,4512,-540,79,-216,0
1207.5877480506897,10688,5068,10348,-57,118,67,9848,-9588,8416,-72,154,-95,-15056,3804,2364,-1235,-96,40,-15172,-2936,4596,-550,26,-183,0
1207.6237750053406,10632,5108,10600,-84,86,76,9248,-9632,8228,-53,262,-115,-15048,3776,2300,-1079,73,-35,-15080,-2748,4448,-527,120,-123,0
1207.6593899726868,10604,5116,10652,-66,57,118,9908,-9680,8320,-93,0,-63,-15008,3832,2252,-1044,137,-48,-15100,-2768,4536,-525,135,-112,0
1207.6945350170135,10692,4952,10580,-74,-4,103,9820,-9540,8156,-58,108,-153,-15016,3856,2328,-1015,165,-58,-15148,-2676,4480,-529,148,-110,0
1207.7305381298063,10628,5028,10668,-80,-6,128,9916,-9660,8332,-89,109,-140,-15076,3856,2236,-1016,112,-46,-15132,-2796,4576,-504,169,-102,0
1207.763951063156,10656,5108,10492,-57,19,106,9820,-9668,8360,-84,162,-158,-14932,3872,2472,-993,96,-104,-15192,-2736,4456,-489,88,-150,0
1207.797553062439,10528,5112,10668,-108,239,75,9792,-9728,8348,-41,157,-154,-15100,3872,2480,-1001,57,-89,-15168,-2752,4464,-500,137,-157,0
1207.8310251235962,10592,5052,10708,-118,-22,54,9764,-9476,8312,-27,192,-168,-15072,3860,2544,-1012,16,-84,-15128,-2780,4356,-517,196,-190,0
1207.8645091056824,10520,5020,10756,-133,-65,69,9800,-9972,8340,-48,157,-192,-15064,3820,2532,-1018,21,-76,-15136,-2716,4504,-522,197,-169,0
1207.8977439403534,10604,5124,10620,-105,-73,33,9780,-9760,8472,-134,33,-253,-14784,3992,2580,-978,49,-136,-15144,-2648,4472,-498,212,-100,0
1207.9312181472778,10680,5212,10844,-112,-84,96,9800,-9664,8188,-56,166,-210,-15068,3836,2300,-963,111,-104,-15084,-2712,4544,-507,231,-119,0
1207.9643609523773,10628,5048,10676,-123,-92,105,9720,-9624,8340,-72,131,-175,-15064,3884,2460,-995,143,-110,-15180,-2760,4424,-504,178,-111,0
1207.9977750778198,10660,5340,10680,-97,-79,139,9868,-9612,8252,-48,113,-212,-14876,3824,2496,-1025,112,-71,-15192,-2952,4408,-525,155,-101,0
1208.0314431190493,10616,5024,10596,-99,-53,111,9976,-9704,8296,-78,109,-190,-15120,3756,2432,-1003,84,-81,-15240,-2752,4276,-532,137,-119,0
1208.0649769306183,10584,5068,10680,-114,-30,56,9860,-9604,8376,-33,169,-147,-15196,3736,2448,-1051,57,-110,-15152,-2824,4320,-498,164,-147,0
1208.098431110382,10504,5108,10540,-123,-13,73,9872,-9612,8392,-90,169,-187,-15140,3708,2508,-1015,92,-100,-15184,-2648,4148,-475,188,-167,0
1208.1321229934692,10588,5092,10536,-158,-66,84,9792,-9612,8288,-70,154,-199,-14948,3692,2484,-1007,104,-78,-15116,-2784,4528,-495,146,-109,0
1208.165668964386,10676,5120,10528,-84,-33,106,9868,-9676,8240,-47,171,-129,-15064,4080,2380,-1000,86,-14,-15348,-2796,4488,-523,106,-128,0
1208.1991739273071,10556,5076,10596,-149,-18,127,9868,-9712,8340,-24,141,-125,-14940,4028,2544,-1048,93,-59,-15356,-2568,4488,-506,140,-114,0
1208.2326090335846,10568,5248,10668,-150,-34,136,9764,-9680,8384,-60,127,-138,-15072,3844,2520,-1067,151,-75,-15236,-3040,4500,-484,129,-95,0
1208.2661740779877,10564,5148,10864,-119,-54,97,9744,-9600,8424,-82,100,-181,-15048,3820,2260,-978,134,-66,-15176,-2756,4484,-487,154,-113,0
1208.2997159957886,10636,5032,10604,-180,-50,117,9768,-9716,8160,-26,150,-147,-14988,4076,2452,-1034,100,-50,-15104,-2688,4520,-760,166,-127,0
1208.3330590724943,10624,5032,10684,-111,-61,115,9560,-9684,8124,16,472,-142,-15016,4088,2192,-1257,34,-3,-15140,-2804,4380,-510,157,-137,0
1208.366816997528,10616,4864,10716,-93,-19,113,9760,-9572,8356,-5,151,-151,-15024,3864,2412,-975,111,-81,-15096,-2804,4524,-498,118,-114,0
1208.4002239704132,10488,4980,10868,-142,-38,126,9740,-9652,8128,-23,175,-160,-15068,3788,2372,-957,88,-119,-15180,-2692,4496,-485,156,-109,0
1208.4336459636688,10588,5156,10836,-193,-129,94,9716,-9620,8188,-15,173,-204,-15336,4056,2396,-981,87,-121,-15144,-2772,4460,-500,184,-94,0
1208.4672050476074,10592,5332,10500,-234,-101,122,9796,-9652,8360,-16,126,-225,-15072,3592,2132,-981,184,-103,-15180,-2732,4408,-484,205,-90,0
1208.5005979537964,10592,5068,10660,-286,-173,147,9776,-9740,8352,10,121,-3,-15020,3908,2436,-992,176,-144,-15168,-2720,4472,-487,170,-58,0
1208.5339140892029,10600,5044,10820,-215,-162,170,9736,-9768,8376,49,139,-194,-15044,3912,2464,-994,120,-164,-15140,-2796,4528,-525,141,-102,0
1208.5674200057983,10624,5132,10612,-271,-148,139,9732,-9736,8304,46,180,-198,-14908,3824,2424,-968,130,-126,-15044,-2784,4584,-475,152,-77,0
1208.601007938385,10464,5060,10664,-287,-168,123,9792,-9652,8340,60,135,-212,-14980,3640,2320,-962,128,-116,-15116,-2588,4480,-469,190,-68,0
1208.6342480182648,10532,5000,10708,-308,-244,177,9780,-9600,8224,60,126,-212,-15076,3668,2428,-962,165,-114,-15232,-2596,4560,-478,168,-76,0
1208.66765499115,10692,5124,10680,-294,-277,181,9720,-9612,8400,45,105,-506,-14944,4020,2536,-923,189,-156,-15184,-2776,4424,-453,218,-17,0
1208.7010729312897,10700,5096,10628,-285,-282,200,9816,-9664,8284,31,102,-263,-14976,3796,2340,-914,189,-174,-15132,-2768,4480,-459,212,-45,0
1208.7344570159912,11004,4992,10688,-281,-283,176,9920,-9684,8280,61,94,-242,-15152,4028,2092,-970,160,-151,-15324,-2704,4472,-468,192,-41,0
1208.7717111110687,10732,4992,10444,-504,-247,159,9884,-9604,8248,94,114,-235,-15016,3788,2548,-980,106,-144,-15208,-2692,4440,-467,196,-81,0
1208.8075709342957,10684,4984,10628,-281,-242,160,9840,-9588,8356,71,101,-230,-15052,3760,2396,-998,102,-148,-15168,-2648,4520,-447,171,-72,0
1208.8423891067505,10540,4968,10612,-294,-269,168,9832,-9584,8688,73,124,-203,-15060,3616,2452,-989,118,-136,-15136,-2708,4464,-458,148,-64,0
1208.8788089752195,10692,5036,10476,-501,-251,168,9884,-9544,8312,45,105,-221,-15088,3996,2468,-986,142,-147,-15112,-2672,4504,-429,156,-51,0
1208.913703918457,10748,5016,10512,-512,-246,163,9768,-9672,8224,54,85,-218,-15096,3920,2300,-961,160,-115,-15096,-2700,4492,-467,171,-94,0
1208.9489359855652,10720,5000,10732,-254,-213,171,9944,-9528,8688,46,70,-224,-15128,3848,2476,-979,161,-128,-15156,-2748,4480,-465,138,-21,0
1208.984519958496,10532,5004,10292,-218,-218,168,9812,-9624,8332,41,88,-198,-15108,3844,2344,-952,151,-74,-15228,-2656,4412,-465,96,-82,0
1209.01975607872,10836,4888,10528,-242,-177,187,9876,-9648,8420,43,99,-170,-14992,3800,2496,-1032,91,-111,-15144,-2696,4440,-486,161,-107,0
1209.0550000667572,10924,5072,10480,-275,-211,137,9860,-9532,8424,41,93,-202,-15124,3756,2544,-1029,110,-115,-15328,-2768,4356,-478,190,-94,0
1209.0910630226135,10708,4976,10660,-114,-127,124,9856,-9592,8352,-41,128,-206,-15068,3712,2796,-957,159,-124,-15136,-2708,4376,-472,157,-99,0
1209.1271469593048,10972,4892,10432,-161,-150,119,9972,-9556,8324,254,114,-210,-15072,3668,2212,-1047,83,-114,-15196,-2692,4492,-504,217,-106,0
1209.1619930267334,10888,4952,10548,-62,-44,77,9916,-9704,8044,-36,132,-165,-15140,3856,2272,-1051,22,-45,-15328,-2640,4456,-259,106,-155,0
1209.1976680755615,10812,4904,10436,-88,25,73,9852,-9560,8332,-60,163,-135,-15280,3728,2348,-1054,29,-27,-15208,-2632,4428,-489,76,-148,0
1209.2327120304108,10920,5000,10528,-116,29,68,9788,-9568,8484,-64,171,-127,-15052,3712,2368,-1030,53,-58,-15184,-2724,4416,-489,146,-135,0
1209.2676980495453,10628,4992,10552,-99,-17,69,9924,-9572,8288,-74,173,-153,-15032,3756,2404,-1017,81,-73,-15072,-2736,4128,-493,134,-156,0
1209.3033990859983,10728,4880,10844,-75,-32,88,9788,-9572,8376,-48,156,-191,-15004,3804,2408,-1003,81,-51,-14880,-2728,4492,-489,174,-131,0
1209.3387439250946,10688,5032,10612,-86,-65,101,9956,-9644,8288,-77,132,-179,-14988,3868,2368,-996,117,-108,-15156,-2584,4624,-511,151,-167,0
1209.3745210170746,10684,4984,10736,-49,-5,91,9788,-9664,8652,-62,145,-147,-14956,3632,2784,-988,67,-67,-15360,-3036,4420,-492,114,-170,0
1209.4113941192627,10748,4984,10608,-75,15,69,9780,-9696,8284,-25,156,-140,-15352,4036,2508,-1273,34,-75,-15328,-2700,4580,-510,122,-142,0
1209.4448819160461,10628,5016,10540,-70,21,59,9808,-9532,8308,-67,157,-176,-15028,3812,2488,-1040,81,-110,-15184,-2764,4380,-766,138,-118,0
1209.4785590171814,10668,5032,10596,-90,-11,107,9940,-9516,8280,-92,129,-179,-15044,3704,2392,-1003,118,-70,-15292,-2652,4384,-508,158,-112,0
1209.5120990276337,10744,4956,10636,-95,-32,103,9848,-9540,8380,-92,129,-165,-15044,3752,2336,-986,89,-21,-15120,-2792,4376,-494,147,-144,0
1209.5455441474915,10676,5076,10756,-63,-33,85,9876,-9508,8312,-95,152,-168,-15020,3872,2304,-996,108,-57,-15140,-2624,4552,-266,115,-115,0
1209.5789470672607,10740,5000,10512,-48,-7,83,9876,-9608,8304,-72,136,-144,-15060,3804,2404,-1052,114,-71,-15232,-2740,4580,-263,118,-136,0
1209.61532497406,10692,5052,10504,-45,44,95,9828,-9568,8408,-54,137,-151,-15100,3596,2396,-1052,65,-33,-15212,-2656,4404,-504,101,-138,0
1209.6493151187897,10612,5060,10524,-79,32,77,9832,-9596,8348,-94,159,-149,-15004,4036,2472,-1036,69,-83,-15216,-2712,4524,-507,108,-184,0
1209.6828949451449,10552,4936,10612,-79,-4,45,9860,-9508,8416,-111,179,-175,-15132,3696,2752,-1022,60,-94,-15168,-2708,4436,-468,130,-171,0
1209.71648311615,10584,5172,10692,-59,-9,84,9820,-9636,8396,-121,158,-150,-15140,3924,2408,-1003,69,-65,-15236,-2592,4444,-496,105,-151,0
1209.7500460147858,10704,4888,10644,-96,29,84,9848,-9692,8340,-62,144,-132,-15000,3780,2552,-1037,73,-34,-15072,-2776,4448,-530,164,-159,0
1209.7833650112152,10568,5116,10516,-77,-25,113,9816,-9648,8056,-81,159,-151,-14996,3756,2504,-1058,96,-90,-15224,-2696,4392,-497,132,-109,0
1209.816957950592,10652,5120,10548,-41,30,109,9852,-9616,8268,-136,139,-142,-15020,3664,2412,-1020,119,-70,-15128,-2760,4348,-474,114,-163,0
1209.8503229618073,10724,5028,10632,-129,-54,112,9852,-9672,8392,-54,165,-136,-15056,3804,2336,-1038,57,-73,-15176,-2696,4408,-479,149,-157,0
1209.88370013237,10660,5036,10596,-87,25,85,9832,-9592,8380,-75,121,-152,-14992,3776,2332,-1097,52,-14,-14904,-2740,4432,-502,130,-148,0
1209.917174100876,10648,5008,10536,-65,32,78,9808,-9624,8440,-67,145,-120,-15036,4040,2440,-1043,62,-22,-15212,-2816,4488,-478,79,-160,0
1209.9508249759674,10640,4928,10656,-101,-12,88,9880,-9684,8368,-74,172,-148,-14972,4028,2456,-1008,86,-70,-15180,-2836,4444,-472,103,-165,0
1209.9841821193695,10712,5068,10660,-149,-54,85,9808,-9560,7964,-54,187,-167,-15052,3928,2516,-1001,76,-110,-15124,-2728,4364,-474,155,-143,0
1210.017739057541,10648,5056,10548,-105,-65,110,9764,-9948,8376,-63,104,-169,-14980,4068,2328,-1012,120,-55,-15220,-2780,4324,-501,171,-97,0
1210.0510051250458,10596,4996,10736,-149,-81,144,9840,-9696,8236,-47,118,-175,-15000,4012,2492,-1032,128,-47,-15164,-2780,4616,-487,187,-103,0
1210.0845191478727,10612,5024,10632,-86,-56,130,9716,-9708,8312,-40,119,-186,-14996,3928,2408,-1277,89,-72,-15088,-2776,4524,-485,129,-130,0
1210.1181321144104,10648,5060,10556,-132,-92,143,9788,-9712,8368,-34,148,-175,-15076,3732,2480,-1007,112,-114,-15272,-2692,4524,-473,130,-111,0
1210.1514570713043,10640,5108,10596,-130,-41,123,9784,-9668,8236,-42,145,-164,-15264,3740,2512,-1004,98,-118,-15228,-2768,4320,-486,133,-120,0
1210.1847200393677,10620,5356,10696,-144,-89,102,9912,-9572,8252,-43,138,-201,-15072,3848,2508,-1006,87,-54,-15028,-2736,4576,-494,131,-120,0
1210.2181940078735,10664,4888,10632,-130,-86,109,9832,-9652,8300,-49,119,-195,-15076,3756,2416,-1008,93,-97,-14920,-2752,4420,-497,158,-96,0
1210.2516520023346,10528,5372,10856,-121,-87,129,9864,-9656,8412,-62,135,-208,-15096,3764,2528,-968,110,-137,-15188,-2704,4336,-481,177,-98,0
1210.2853131294253,10584,5024,10564,-151,-101,118,9824,-9652,8308,-46,113,-179,-15352,3868,2308,-1037,124,-104,-15120,-2760,4644,-466,147,-136,0
1210.3188309669495,10616,4928,10500,-137,-80,115,9844,-9688,8300,-18,133,-173,-14972,4052,2764,-1012,121,-84,-15104,-2744,4468,-469,145,-93,0
1210.3524191379547,10588,5336,10664,-162,-83,119,9848,-9608,8292,7,141,-162,-15060,3684,2404,-995,111,-81,-14896,-2756,4524,-457,145,-110,0
1210.385812997818,10632,4980,10584,-232,-118,113,9892,-9672,8348,36,154,-213,-15056,3840,2448,-1001,110,-129,-15216,-2772,4456,-462,154,-83,0
1210.419354915619,10600,5136,10976,-512,-181,161,9980,-9692,8256,12,153,-221,-15052,4080,2624,-970,168,-183,-15236,-2804,4432,-456,180,-64,0
1210.456186056137,10496,5096,10844,-246,-207,133,9856,-9648,8240,0,140,-227,-15012,3880,2476,-957,153,-152,-15152,-2740,4516,-468,151,-75,0
1210.492280960083,10596,5000,10664,-243,-204,172,9492,-9596,8120,46,143,-232,-15080,3720,2448,-939,163,-83,-15144,-2728,4584,-462,147,-86,0
1210.5280129909515,10616,4920,10520,-243,-210,189,9852,-9648,8340,50,108,-198,-15008,3800,2460,-940,182,-167,-15144,-2704,4376,-444,201,-79,0
1210.5631160736084,10572,4960,10552,-321,-223,163,9824,-9584,8368,51,127,-246,-14960,3788,2300,-927,182,-132,-15276,-2664,4472,-429,168,-77,0
1210.5986659526825,10744,5060,10636,-251,-206,162,9900,-9596,8416,43,164,-185,-15108,3824,2592,-949,133,-132,-15212,-2612,4364,-465,121,-95,0
1210.633453130722,10800,4900,10240,-312,-196,144,9968,-9632,8364,98,123,-212,-15016,3800,2460,-1056,96,-156,-15176,-2772,4380,-482,190,-79,0
1210.668643951416,10712,5088,10708,-245,-218,153,9844,-9488,8344,30,96,-216,-15324,3728,2792,-1030,121,-134,-15108,-2776,4356,-434,140,-52,0
1210.7041640281675,10736,5040,10676,-243,-146,167,9832,-9600,8312,252,143,-226,-15032,3928,2400,-972,98,-135,-15136,-2684,4544,-442,162,-105,0
1210.739774942398,10688,4872,10596,-291,-224,142,9868,-9636,8440,37,157,-204,-15072,3844,2328,-1018,118,-114,-15236,-2676,4456,-464,179,-86,0
1210.7749910354614,10736,4900,10356,-238,-181,162,9888,-9692,8412,60,109,-177,-15020,3676,2360,-972,74,-72,-15256,-2680,4548,-458,83,-76,0
1210.810732126236,10684,5004,10708,-232,-149,134,9768,-9640,8332,17,128,-177,-15088,3760,2428,-977,105,-102,-15108,-2660,4524,-447,120,-119,0
1210.8472530841827,10756,4988,10516,-264,-195,130,9824,-9632,8196,15,120,-203,-14888,3756,2496,-974,109,-117,-15320,-2816,4364,-468,161,-69,0
1210.8822300434113,10616,4940,10540,-509,-242,176,9820,-9564,8284,25,68,-220,-14872,3968,2072,-981,144,-144,-14872,-2708,4440,-457,182,-59,0
1210.9180960655212,10792,4928,10472,-216,-222,158,9848,-9636,8272,41,79,-238,-15076,3772,2404,-997,142,-127,-15152,-2676,4560,-486,214,-79,0
1210.9535689353943,10700,4836,10556,-163,-205,173,9860,-9520,8320,18,61,-215,-15032,3808,2440,-1016,162,-112,-15116,-2768,4596,-471,170,-78,0
1210.9894261360168,10740,4936,10280,-162,-152,152,9848,-9600,8428,16,105,-190,-15152,3708,2512,-993,125,-112,-15116,-2696,4100,-472,151,-101,0
1211.0243821144104,10776,4876,10332,-169,-106,128,9888,-9548,8260,-15,125,-170,-14880,3800,2364,-1280,75,-59,-15260,-2612,4388,-481,137,-139,0
1211.059762954712,10800,4988,10544,-118,-81,86,9944,-9492,8344,-43,161,-190,-15060,3732,2376,-1027,76,-72,-15212,-2664,4152,-497,135,-116,0
1211.0964460372925,10972,4916,10260,-97,-31,69,9832,-9572,8340,-59,167,-163,-15088,3692,2060,-1273,27,-56,-15356,-2604,4448,-448,162,-139,0
1211.1300520896912,10808,5016,10676,-99,-43,90,9824,-9584,8672,-50,155,-190,-14892,3780,2420,-1024,71,-48,-15228,-2684,4424,-469,156,-123,0
1211.1637649536133,10864,4960,10640,-96,-51,74,9796,-9600,8416,-68,150,-158,-14856,3840,2488,-1014,94,-49,-15216,-2796,4432,-472,154,-148,0
1211.1974761486053,10736,4920,10388,-54,-50,98,9812,-9608,8344,-44,148,-177,-15012,3808,2248,-772,84,-85,-15192,-2772,4444,-508,163,-118,0
1211.2310509681702,10744,4996,10508,-46,-13,96,9780,-9544,8696,-44,139,-182,-15016,3768,2420,-782,89,-130,-15128,-2584,4500,-505,182,-115,0
1211.2643070220947,10644,4984,10784,-54,-11,77,9816,-9676,8308,-68,137,-181,-15104,3700,2456,-1018,90,-51,-15132,-2764,4504,-500,159,-116,0
1211.2979259490967,10632,4980,10548,-80,11,86,9888,-9672,8280,-74,138,-171,-15072,3796,2332,-979,99,-48,-15348,-2756,4276,-455,129,-111,0
1211.3315439224243,10736,4996,10660,-45,-11,73,9848,-9616,8124,-75,138,-132,-14864,3692,2464,-974,93,-61,-15236,-2612,4776,-523,86,-154,0
1211.364984035492,10820,5064,10576,-68,27,92,9816,-9696,8392,-40,138,-144,-15072,3680,2444,-1039,74,-59,-15352,-2740,4596,-260,104,-165,0
1211.398579120636,10676,4980,10724,-134,-255,100,9776,-9632,8292,-70,137,-147,-15160,3776,2580,-1036,74,-75,-15300,-2708,4408,-508,124,-125,0
1211.432100057602,10816,5028,10636,-26,30,97,9884,-9548,8348,-87,133,-167,-15204,3792,2324,-1028,100,-47,-15108,-2696,4520,-476,106,-127,0
1211.465548038483,10748,4972,10624,-108,18,76,9776,-9540,8332,-56,166,-157,-15100,4068,2372,-1061,7,-25,-15160,-2616,4560,-485,135,-136,0
1211.499207019806,10980,5040,10504,-80,19,70,9856,-9644,8308,-53,130,-140,-15340,3592,2372,-1071,25,-23,-15228,-2708,4440,-499,139,-177,0
1211.5327339172363,10676,5032,10340,-29,47,97,9932,-9644,8336,-53,151,-123,-15092,3776,2464,-1063,58,-36,-15140,-2744,4508,-763,95,-183,0
1211.5661389827728,10632,5056,11004,-62,38,64,9832,-9652,8300,-68,166,-158,-15300,3796,2488,-1041,39,-88,-15136,-2712,4400,-492,109,-176,0
1211.5999269485474,10644,5016,10496,-91,-255,70,9880,-9600,8372,-100,146,-150,-15024,3720,2500,-1029,78,-87,-15064,-2724,4556,-496,145,-122,0
1211.6333501338959,10528,5028,10684,-90,-1,99,9864,-9584,8344,-79,130,-164,-15008,3844,2428,-1025,131,-61,-15204,-2480,4508,-502,154,-139,0
1211.6668961048126,10724,5000,10632,-96,-85,106,9816,-9568,8372,-81,86,-190,-14880,3900,2428,-1015,127,-51,-15176,-2744,4544,-500,192,-90,0
1211.7003309726715,10496,5044,10680,-76,-51,133,9816,-9620,8348,-61,90,-169,-15072,3888,2500,-1031,142,-77,-15292,-2784,4424,-504,139,-130,0
1211.7339670658112,10664,5024,10492,-75,-12,132,9884,-9588,8360,-63,129,-153,-15100,3584,2456,-1018,91,-103,-15108,-2760,4520,-484,141,-130,0
1211.7675380706787,10720,5096,10564,-106,-2,110,9892,-9312,8396,-58,128,-200,-15064,3824,2508,-1024,92,-88,-15132,-2748,4396,-500,154,-139,0
1211.8011000156405,10768,4992,10612,-73,-48,100,9792,-9552,8428,-54,141,-165,-15088,3744,2484,-1005,104,-78,-15232,-2748,4452,-496,147,-114,0
1211.8347001075745,10660,5004,10700,-126,-63,87,9916,-9620,8368,-66,131,-191,-15060,3764,2540,-1271,99,-78,-15104,-2748,4600,-470,179,-131,0
1211.8681559562683,10564,5028,10640,-129,-65,84,9792,-9640,8220,-92,124,-194,-15084,4072,2312,-1037,113,-124,-15108,-2708,4460,-479,150,-115,0
1211.9015600681305,10748,5020,10732,-128,-90,108,9864,-9580,8432,-44,153,-175,-15008,3836,2312,-1009,89,-129,-15224,-2640,4292,-484,154,-140,0
1211.9349739551544,10776,5084,10564,-141,-32,95,9932,-9808,8368,-24,135,-165,-15076,3820,2380,-1017,78,-81,-15132,-2752,4472,-501,148,-139,0
1211.9684100151062,10652,5016,10552,-132,-38,106,9844,-9556,8440,-44,132,-157,-15064,3764,2604,-1277,80,-60,-15156,-2872,4552,-483,170,-135,0
1212.0019209384918,10720,5068,10540,-122,-68,95,9848,-9608,8372,-27,114,-188,-14860,3724,2804,-776,87,-86,-14932,-2660,4408,-509,174,-133,0
1212.035525083542,10604,4972,10604,-145,-56,85,9816,-9636,8384,-29,143,-194,-15204,3744,2464,-1026,105,-123,-15356,-2792,4484,-760,173,-127,0
1212.0691590309143,10712,4980,10652,-138,-88,108,9860,-9540,8392,-59,135,-173,-15004,3780,2596,-992,113,-105,-15208,-2744,4436,-488,155,-129,0
1212.1025969982147,10692,5052,10644,-147,-77,110,9800,-9572,8368,-28,104,-221,-15080,3800,2388,-968,169,-88,-15208,-2828,4552,-500,137,-83,0
1212.1402671337128,10672,5072,10580,-197,-128,121,9744,-9552,8252,-32,139,-188,-15128,3800,2472,-955,115,-89,-14896,-2712,4432,-469,134,-89,0
1212.1755521297455,10724,5164,10656,-212,-67,111,9908,-9684,8288,15,134,-173,-14900,4084,2588,-936,117,-52,-15076,-2692,4580,-494,87,-83,0
1212.2115800380707,10612,4972,10756,-12,-128,133,9944,-9628,8240,48,146,-174,-15088,3832,2412,-1010,87,-123,-15080,-2804,4584,-495,155,-102,0
1212.2476019859314,10580,4928,10700,-267,-167,147,9816,-9572,8440,-2,131,-192,-14996,3764,2700,-978,113,-75,-15132,-2828,4548,-487,143,-87,0
1212.283056974411,10712,4976,10668,-232,-140,114,9888,-9572,8344,-14,178,-200,-15056,3832,2500,-967,100,-113,-15156,-2632,4444,-473,168,-101,0
1212.319139957428,10764,4996,10468,-299,-213,134,9820,-9648,8284,66,150,-194,-14936,3904,2468,-1009,108,-163,-15096,-2616,4572,-486,197,-60,0
1212.3541300296783,10716,5348,10532,-236,-148,168,9792,-9584,8260,32,133,-167,-14988,3868,2452,-978,129,-95,-15184,-2812,4568,-452,123,-63,0
1212.3898210525513,10784,5012,10592,-274,-134,146,9848,-9536,8320,32,143,-186,-15288,3808,2484,-935,114,-137,-15204,-2772,4528,-439,110,-78,0
1212.4249560832975,10600,5036,10604,-292,-172,162,9860,-9592,8492,43,139,-186,-15032,3804,2496,-974,114,-108,-15200,-2696,4452,-456,172,-99,0
1212.4607479572296,10696,5120,10388,-251,-181,173,9800,-9508,8392,45,126,-216,-15072,4044,2424,-984,113,-157,-14872,-2724,4432,-475,199,-69,0
1212.4970939159393,10940,5012,10624,-263,-242,163,9816,-9500,8216,53,109,-227,-15064,4088,2616,-951,130,-179,-15120,-2660,4536,-442,203,-55,0
1212.53213596344,10680,5012,10628,-226,-215,169,9792,-9596,8320,40,121,-233,-15064,3816,2364,-995,136,-117,-15084,-2696,4560,-493,166,-76,0
1212.5678400993347,10532,4900,10696,-249,-196,162,9780,-9692,8540,44,115,-202,-15000,3712,2384,-982,145,-155,-15128,-2668,4400,-458,174,-62,0
1212.6032519340515,10784,4964,10504,-217,-175,144,9844,-9596,8472,51,108,-220,-14876,4012,2776,-998,166,-116,-15264,-2768,4444,-480,192,-67,0
1212.6386709213257,10508,5084,10688,-227,-166,160,9748,-9488,8396,47,77,-222,-15040,3648,2456,-1002,147,-127,-15196,-2780,4536,-496,175,-37,0
1212.6736991405487,10696,4940,10524,-229,-188,162,9848,-9520,8352,24,79,-224,-15300,3588,2372,-958,122,-97,-15152,-2656,4480,-455,184,-90,0
1212.708799123764,10840,4980,10496,-234,-227,167,9876,-9540,8344,9,93,-222,-15140,3732,2360,-968,143,-103,-15132,-2712,4416,-466,158,-89,0
1212.7434351444244,10792,4916,10704,-200,-197,162,9788,-9528,8300,34,96,-215,-15020,3844,2488,-979,118,-61,-14948,-2664,4496,-475,147,-88,0
1212.7792911529539,10792,4904,10424,-204,-162,139,9872,-9536,8700,12,115,-201,-15116,3796,2452,-1013,100,-85,-15332,-2728,4428,-488,168,-95,0
1212.8128399848938,10808,5016,10464,-171,-152,143,9824,-9488,8412,17,95,-207,-15028,3784,2268,-1001,117,-102,-15156,-2704,4456,-477,158,-71,0
1212.846477985382,10856,4948,10296,-134,-93,123,9900,-9568,8336,-23,109,-190,-14860,3728,2460,-1271,80,-91,-15236,-2776,4364,-511,149,-125,0
1212.8799860477448,10796,4960,10580,-104,-64,101,9920,-9500,8316,-38,119,-188,-14860,3748,2528,-1276,85,-55,-15228,-2600,4380,-483,151,-138,0
1212.9134221076963,10764,5008,10532,-117,-57,80,10144,-9600,8316,-41,131,-150,-15032,3672,2084,-1019,105,-39,-15148,-2700,4368,-495,110,-144,0
1212.9468839168549,10764,4932,10572,-67,6,75,9892,-9708,8328,-68,134,-153,-15108,3872,2212,-1017,96,-27,-15208,-2676,4404,-259,119,-145,0
1212.9803719520569,10524,4864,10924,-142,244,81,9928,-9540,8684,-32,118,-171,-15132,3748,2580,-1072,48,-65,-15044,-2764,4620,-510,190,-139,0
1213.0161859989166,10836,5028,10512,-63,9,97,9736,-9540,8384,-82,141,-200,-14976,3772,2420,-1018,90,-58,-15208,-2572,4484,-502,140,-117,0
1213.0496430397034,10720,5020,10600,-69,247,76,9968,-9504,8320,-95,146,-172,-14936,3836,2344,-1001,76,-71,-15092,-2592,4604,-519,154,-184,0
1213.0830841064453,10692,4860,10556,-97,-61,76,9768,-9564,8416,-62,117,-178,-15052,3792,2384,-1038,70,-71,-15212,-2676,4580,-503,153,-113,0
1213.116555929184,10792,4948,10500,-61,25,87,9776,-9412,8312,-67,110,-148,-14960,3820,2436,-1041,25,-49,-15108,-2680,4572,-503,88,-135,0
1213.1498630046844,10524,4864,10744,-61,67,105,9872,-9612,8396,-35,127,-131,-14984,3588,2552,-1012,71,-62,-15200,-2732,4512,-501,90,-139,0
1213.1835069656372,10728,4968,10612,-107,9,94,9956,-9572,8400,-46,159,-176,-15000,3792,2428,-1014,83,-67,-14900,-2684,4480,-505,123,-160,0
1213.217201948166,10736,5064,10472,-80,-40,90,9956,-9588,8240,-58,142,-140,-14940,4004,2572,-1279,83,-27,-15172,-2684,4460,-502,148,-142,0
1213.2506561279297,10736,4924,10580,-97,-44,93,9872,-9588,8376,-43,106,-183,-14988,3780,2544,-769,121,-67,-15340,-2628,4508,-482,162,-101,0
1213.284213066101,10804,4912,10632,-107,-16,114,9792,-9572,8216,-35,132,-170,-14984,3816,2580,-1049,75,-80,-15176,-2744,4440,-508,160,-141,0
1213.3180129528046,10788,5088,10612,-59,16,119,9844,-9604,8236,-69,116,-172,-15048,3804,2572,-1018,63,-61,-15196,-2744,4488,-496,101,-143,0
1213.351303100586,10772,4992,10668,-113,253,87,9868,-9600,8360,-38,150,-175,-15024,3812,2624,-1010,85,-49,-15176,-2720,4508,-483,130,-142,0
1213.3846790790558,10744,4976,10516,-79,-14,73,9976,-9512,8156,-63,144,-149,-15356,3796,2540,-1036,79,-79,-15160,-2784,4464,-500,143,-140,0
1213.4182879924774,10620,5004,10668,-101,-25,122,9840,-9612,8208,-48,128,-171,-15028,3812,2768,-1056,98,-54,-15108,-2704,4468,-505,156,-128,0
1213.4517230987549,10704,5008,10676,-115,-20,95,9796,-9628,8400,-76,118,-193,-15016,3664,2572,-1009,114,-133,-15116,-2760,4532,-499,145,-143,0
1213.485368013382,10732,4956,10488,-94,-32,90,9852,-9556,8280,-84,135,-184,-14952,3740,2536,-971,85,-106,-15216,-2660,4560,-507,153,-132,0
1213.51899600029,10976,5004,10700,-112,-59,122,9808,-9628,8392,-59,114,-174,-15008,3832,2452,-770,114,-68,-15280,-2648,4512,-482,146,-123,0
1213.552118062973,10864,4988,10592,-98,-38,136,9756,-9492,8332,-58,120,-166,-15092,3776,2440,-1042,115,-77,-15224,-2732,4528,-491,170,-110,0
1213.5857229232788,10708,4920,10536,-103,-60,106,9792,-9716,8288,-55,141,-162,-15044,3780,2624,-1033,73,-106,-15028,-2772,4564,-258,137,-143,0
1213.6189229488373,10716,5012,10648,-80,-58,105,9876,-9600,8268,-42,144,-154,-15036,3808,2500,-1033,80,-101,-15192,-2816,4368,-520,140,-155,0
1213.652214050293,10676,5032,10480,-102,-49,95,9908,-9572,8312,-37,132,-197,-15000,3868,2628,-1018,84,-83,-15340,-2688,4516,-507,142,-134,0
1213.6858100891113,10588,5024,10684,-129,-91,100,9832,-9516,8440,-52,111,-197,-15056,3800,2532,-953,121,-81,-15140,-2804,4476,-461,148,-131,0
1213.7194979190829,10816,5048,10624,-130,-46,92,9900,-9648,8304,-71,171,-197,-15080,3840,2560,-955,119,-75,-15188,-2636,4512,-475,81,-133,0
1213.7527580261233,10688,4884,10724,-122,-41,104,9876,-9672,8428,-31,164,-118,-15056,3796,2456,-773,68,-85,-14980,-2752,4352,-515,145,-106,0
1213.7858180999756,10540,4972,10504,-174,-35,133,9924,-9464,8412,-20,110,-158,-14996,3816,2588,-1069,80,-104,-15080,-2800,4440,-500,161,-126,0
1213.8232231140137,10608,5136,10524,-102,-43,116,9876,-9512,8192,-62,133,-189,-14856,3672,2368,-978,136,-31,-15192,-2736,4588,-465,140,-121,0
1213.8586931228638,10684,4992,10620,-186,-87,117,9884,-9760,8380,253,139,-196,-15348,3856,2328,-1057,88,-70,-15144,-2588,4500,-495,175,-130,0
1213.8934829235077,10712,5136,10624,-110,-40,102,9844,-9572,8264,-8,113,-165,-15020,3800,2472,-1086,40,-74,-15152,-2612,4760,-525,150,-132,0
1213.9286630153656,10692,5040,10696,-132,-53,82,10364,-9748,8276,-157,27,-220,-14960,3780,2364,-986,70,-249,-15284,-2668,4516,-483,91,-163,0
1213.9633870124817,10752,5172,10700,-160,-26,77,9816,-9628,8216,-67,153,-152,-14952,3752,2480,-1005,92,-82,-15092,-2764,4400,-475,155,-93,0
1213.998850107193,10680,5100,10592,-188,-59,115,9848,-9636,8332,-39,165,-163,-15076,3600,2432,-999,93,-93,-15060,-2812,4536,-490,154,-121,0
1214.03386592865,10704,5028,10680,-156,-92,113,9896,-9572,8424,-26,116,-193,-15016,3608,2392,-996,149,-69,-15128,-2732,4564,-487,167,-100,0
1214.0693500041962,10632,5060,10568,-227,-127,134,9912,-9608,8444,19,122,-217,-15008,3816,2680,-1017,129,-111,-15088,-2772,4568,-504,146,-76,0
1214.104532957077,10656,4960,10596,-223,-123,122,9816,-9664,8304,56,151,-206,-15128,3876,2484,-969,113,-156,-15192,-2708,4424,-474,148,-53,0
1214.1401879787443,10676,5028,10828,-237,-130,132,9764,-9668,8692,43,127,-204,-15116,3784,2492,-956,173,-124,-14984,-2688,4816,-470,133,-94,0
1214.1755270957947,10632,5072,10620,-5,-125,133,9868,-9656,8328,47,187,-194,-15060,3720,2440,-973,121,-157,-15308,-2712,4564,-471,144,-76,0
1214.2111160755157,10888,5092,10692,-265,-180,145,9872,-9548,8424,10,155,-190,-15020,3800,2548,-974,108,-104,-15068,-2668,4488,-470,144,-70,0
1214.2462229728699,10728,5016,10564,-301,-157,156,9888,-9596,8328,3,123,-212,-14968,3756,2604,-920,166,-156,-15156,-2664,4536,-434,148,-64,0
1214.2824699878693,10692,4864,10388,-289,-220,152,9924,-9636,8364,38,134,-235,-15040,3804,2356,-928,168,-118,-15264,-2680,4528,-417,151,-48,0
1214.3181250095367,10596,5068,10548,-507,-186,150,9904,-9632,8152,45,120,-197,-15020,3684,2476,-953,135,-135,-15132,-2356,4504,-477,188,-59,0
1214.35311794281,10832,5060,10620,-248,-204,158,9816,-9648,8364,41,111,-224,-15088,3680,2140,-997,128,-140,-15172,-2736,4552,-442,147,-73,0
1214.3886349201205,10728,4888,10688,-240,-167,152,9880,-9612,8468,28,121,-216,-14992,3844,2512,-991,128,-129,-14920,-2704,4476,-469,154,-93,0
1214.4238691329956,10932,4952,10644,-237,-176,121,9840,-9512,8480,39,144,-208,-14920,3824,2276,-1002,107,-124,-15264,-2672,4388,-468,185,-92,0
1214.4600610733032,10748,5056,10428,-238,-183,121,9832,-9600,8328,23,97,-200,-15348,3596,2464,-977,125,-129,-15120,-2764,4448,-457,135,-67,0
1214.49374294281,10496,4948,10580,-221,-181,166,9884,-9676,8532,16,114,-201,-14960,3744,2408,-956,148,-120,-15176,-2740,4452,-457,148,-54,0
1214.5273699760435,10544,5064,10556,-232,-194,151,9864,-9540,8260,255,95,-196,-15016,3864,2544,-942,135,-119,-15180,-2592,4420,-447,156,-61,0
1214.5609200000763,10760,4988,10616,-238,-183,168,9840,-9580,8280,28,118,-204,-15096,3788,2180,-974,148,-104,-15336,-2600,4552,-467,145,-57,0
1214.5944571495056,10516,4968,10488,-203,-183,151,9880,-9600,8440,52,101,-212,-15024,3816,2484,-996,162,-106,-14964,-2712,4520,-475,160,-49,0
1214.6337821483612,10652,4956,10644,-239,-230,143,9920,-9552,8432,64,95,-227,-15104,3744,2564,-959,155,-89,-15032,-2628,4592,-428,181,-89,0
1214.6674189567566,10868,4908,10676,-207,-219,144,9788,-9516,8316,5,122,-234,-15104,3880,2508,-954,98,-121,-15140,-2728,4432,-465,116,-103,0
1214.7010400295258,10852,4872,10476,-190,-131,141,9924,-9544,8412,31,114,-191,-14928,3696,2480,-1013,83,-81,-15104,-2676,4460,-482,133,-116,0
1214.7347581386566,10828,4908,10600,-267,-155,148,9872,-9412,8264,61,97,-202,-15000,3716,2520,-1067,62,-98,-15264,-2652,4472,-482,161,-104,0
1214.7682371139526,10780,5012,10784,-118,-79,117,9924,-9456,8348,-71,116,-178,-15132,3700,2484,-977,128,-49,-15192,-2576,4532,-450,117,-120,0
1214.8017880916595,10852,4808,10320,-135,-98,75,9880,-9748,8352,-56,121,-196,-15096,3768,2500,-1026,82,-59,-15244,-2516,4384,-474,151,-149,0
1214.8350701332092,10880,4888,10548,-99,-60,98,9904,-9240,8348,-12,118,-152,-15012,3740,2452,-1080,14,-53,-15072,-2624,4544,-501,179,-146,0
1214.8684470653534,10784,4864,10548,-64,-7,66,9880,-9376,8372,-30,124,-148,-15072,3772,2476,-1041,33,-37,-15288,-2720,4508,-478,87,-163,0
1214.9020159244535,10836,4880,10616,-124,0,53,9936,-9368,8252,-37,167,-134,-15164,3816,2648,-1280,53,-49,-15124,-2704,4456,-482,140,-163,0
1214.9355199337006,10792,4968,10616,-134,-41,66,9884,-9552,8444,-43,182,-152,-15080,3796,2432,-996,53,-43,-15068,-2604,4504,-500,108,-160,0
1214.9690489768982,10704,5052,10676,-105,-45,119,9864,-9532,8196,-76,140,-164,-15020,3752,2708,-1003,109,-45,-15156,-2720,4404,-486,144,-130,0
1215.002699136734,10508,4948,10736,-102,-60,109,9852,-9464,8424,-39,124,-169,-14900,4084,2480,-1021,117,-76,-15024,-2676,4360,-485,146,-121,0
1215.0362150669098,10660,4968,10772,-92,-41,129,9972,-9624,8440,-69,87,-163,-14976,3736,2460,-1277,108,-81,-15132,-2744,4600,-500,139,-88,0
1215.0700070858002,10712,4968,10564,-54,-9,144,9908,-9544,8392,-86,120,-175,-14888,3832,2520,-979,111,-94,-15204,-2748,4544,-495,99,-151,0
1215.1036360263824,10812,4984,10576,-113,-8,111,9852,-9504,8528,-84,93,-149,-14872,3764,2316,-1277,151,-66,-15188,-2696,4520,-507,123,-110,0
1215.1371841430664,10852,4920,10668,-78,-10,103,9964,-9540,8368,-64,98,-142,-15024,3836,2372,-1032,84,-21,-15228,-2652,4528,-530,146,-121,0
1215.1705670356753,10964,4980,10608,-60,-7,107,9852,-9472,8408,-99,106,-149,-14980,3816,2620,-1048,96,-31,-15228,-2584,4544,-505,123,-151,0
1215.2042081356049,10752,4824,10520,-52,-6,86,9912,-9516,8328,-104,117,-173,-15024,3704,2640,-1015,74,-60,-15140,-2572,4508,-502,171,-151,0
1215.2377190589905,10792,4956,10564,-73,-13,84,9904,-9612,8616,-84,129,-170,-14968,3832,2380,-981,91,-109,-15148,-2788,4556,-480,151,-154,0
1215.2712020874023,10804,4876,10616,-76,-7,75,9820,-9624,8300,-80,149,-183,-15076,4084,2128,-997,66,-94,-15216,-2744,4368,-484,151,-162,0
1215.304603099823,10856,4984,10648,-74,-25,68,9912,-9600,8316,-85,160,-169,-15056,3772,2556,-1018,31,-81,-15176,-2628,4376,-513,147,-134,0
1215.3384110927582,10700,5104,10640,-90,-20,87,9816,-9508,8436,-56,118,-190,-15064,3744,2456,-1029,76,-91,-15164,-2728,4544,-500,150,-139,0
1215.371870994568,10652,5052,10580,-69,-25,110,9780,-9592,8364,-51,154,-154,-14948,3772,2796,-1044,59,-103,-15144,-2684,4560,-511,129,-148,0
1215.4053580760956,10656,5008,10600,-85,-27,94,9940,-9564,8480,-52,129,-193,-15020,3780,2392,-998,79,-114,-15068,-2804,4628,-525,192,-130,0
1215.438763141632,10740,4968,10668,-117,-84,86,9884,-9536,8320,-76,145,-190,-15084,3812,2424,-989,104,-56,-15144,-2724,4680,-468,130,-129,0
1215.4743349552155,10832,5068,10644,-76,-25,99,9884,-9548,8260,-106,133,-152,-15128,3800,2664,-984,94,-56,-15128,-2656,4460,-517,82,-143,0
1215.5096321105955,10648,4944,10548,-113,12,103,9848,-9632,8312,-25,133,-135,-15036,3776,2572,-1043,66,-76,-15068,-2628,4548,-527,141,-131,0
1215.5450179576874,10676,5124,10604,-128,-48,105,9812,-9572,8308,-70,120,-150,-15120,3796,2648,-1032,92,-112,-15096,-2836,4548,-477,157,-143,0
1215.5810160636902,10676,5080,10636,-95,-47,93,9980,-9548,8328,-90,132,-161,-15332,3740,2548,-1014,87,-46,-15140,-2676,4588,-486,141,-126,0
1215.6161940097809,10784,4944,10644,-162,-78,86,9780,-9604,8240,-26,149,-153,-15000,3764,2552,-1091,58,-81,-14912,-3072,4424,-515,155,-157,0
1215.651843070984,10604,4964,10624,-98,-23,82,9888,-9492,8312,2,137,-137,-15028,3788,2468,-1071,55,-43,-15124,-2800,4656,-272,131,-134,0
1215.6877081394196,10684,4984,10608,-134,17,96,9956,-9588,8260,-49,148,-154,-14976,3740,2396,-1006,98,-53,-15100,-2816,4592,-503,72,-153,0
1215.7227680683136,10564,5016,10504,-137,-45,100,9780,-9524,8536,-54,148,-175,-15036,3716,2524,-1000,95,-83,-15140,-2760,4496,-477,126,-127,0
1215.7586081027985,10656,5084,10668,-173,-59,130,9844,-9552,8292,-29,134,-158,-15024,3904,2464,-996,88,-58,-15208,-2732,4580,-524,170,-109,0
1215.79385304451,10740,4984,10616,-117,-100,125,9816,-9624,8288,-46,100,-197,-15056,3840,2440,-998,129,-86,-15180,-2800,4636,-500,204,-112,0
1215.8292059898376,10644,4916,10640,-157,-97,133,9828,-9652,8308,-29,116,-199,-15076,3784,2288,-996,110,-85,-14872,-2592,4520,-511,164,-132,0
1215.8640410900116,10708,5004,10692,-133,-79,135,9900,-9568,8300,-22,125,-164,-15068,3836,2492,-984,115,-121,-15148,-2688,4584,-499,134,-113,0
1215.8998501300812,10736,4980,10668,-138,-42,110,9928,-9476,8200,-22,114,-181,-14876,3700,2476,-968,133,-117,-15132,-2752,4532,-500,139,-108,0
1215.9349949359894,10556,5020,10596,-151,-48,118,9872,-9660,8376,-44,121,-196,-14992,3772,2448,-964,132,-110,-15080,-2780,4484,-501,134,-118,0
1215.970607995987,10588,5036,10756,-169,-78,142,9880,-9724,8344,-44,118,-184,-15008,3836,2804,-957,142,-99,-15340,-2568,4496,-499,161,-92,0
1216.006180047989,10696,5040,10624,-188,-103,111,9908,-9564,8216,-49,124,-206,-15056,3824,2472,-897,148,-115,-15220,-2768,4360,-471,157,-94,0
1216.0417530536652,10512,4992,10632,-211,-95,121,9848,-9608,8160,-9,152,-167,-14980,3796,2440,-926,156,-77,-15208,-3040,4796,-473,136,-82,0
1216.077857017517,10660,4944,10564,-240,-112,124,9868,-9564,8400,20,146,-206,-14988,3744,2308,-946,150,-65,-14868,-2724,4608,-492,151,-58,0
1216.1132130622864,10680,4976,10564,-271,-136,133,9872,-9564,8436,-15,140,-222,-15008,3756,2560,-940,189,-169,-15108,-2884,4548,-495,137,-90,0
1216.1482899188995,10676,5044,10528,-256,-159,129,9948,-9592,8312,13,153,-212,-15076,3788,2480,-944,87,-126,-15204,-2732,4620,-489,149,-87,0
1216.1818919181824,10660,5012,10608,-273,-142,105,9784,-9508,8268,10,193,-205,-14968,3612,2480,-989,80,-117,-15096,-2720,4420,-506,137,-60,0
1216.2155179977417,10728,4920,10724,-280,-183,122,9896,-9476,8200,24,177,-176,-15116,3816,2468,-945,86,-86,-15136,-2760,4256,-479,170,-102,0
1216.2490649223328,10848,4940,10572,-287,-190,171,9772,-9612,8420,31,123,-191,-15128,3680,2292,-952,150,-137,-15148,-2680,4384,-457,168,-90,0
1216.2825410366058,10776,4944,10520,-268,-165,149,9920,-9588,8208,25,144,-204,-15088,3712,2584,-957,150,-117,-15168,-2652,4504,-467,176,-52,0
1216.316370010376,10700,4936,10640,-253,-203,144,9880,-9636,8416,25,124,-204,-15032,3864,2276,-969,126,-115,-15120,-2692,4512,-476,169,-98,0
1216.3499369621277,10664,4948,10320,-249,-194,158,9948,-9560,8600,43,136,-198,-15036,3676,2508,-991,112,-112,-15252,-2748,4672,-460,197,-100,0
1216.3832490444183,10768,4924,10732,-273,-221,139,9884,-9560,8336,26,138,-231,-15052,3784,2504,-976,132,-128,-15224,-2704,4572,-473,158,-108,0
1216.416836977005,11004,4832,10632,-195,-164,125,9936,-9568,8352,10,140,-203,-15148,3804,2620,-962,94,-123,-15288,-2716,4560,-487,103,-117,0
1216.4502000808716,10752,4820,10740,-233,-100,142,9812,-9544,8348,63,119,-156,-15092,3720,2400,-1269,61,-100,-15124,-2648,4380,-766,161,-90,0
1216.483680009842,10604,4964,10500,-266,-186,159,9892,-9488,8452,33,111,-171,-15064,3752,2556,-1020,109,-81,-15216,-2652,4604,-484,137,-66,0
1216.5170691013336,10820,4864,10444,-207,-140,145,9924,-9484,8524,-47,110,-205,-15068,3740,2448,-968,156,-71,-15132,-2700,4500,-479,145,-89,0
1216.550661087036,10752,4608,10572,-232,-176,121,9884,-9536,8412,9,107,-212,-14992,3840,2348,-1047,90,-103,-15120,-2632,4560,-480,211,-74,0
1216.5841691493988,10796,4836,10716,-204,-170,167,9856,-9600,8376,58,106,-178,-14984,3776,2520,-1040,85,-122,-15188,-2644,4828,-501,120,-84,0
1216.617753982544,10704,4908,10680,-194,-143,133,9856,-9464,8372,27,126,-155,-15084,3768,2640,-1014,124,-114,-15184,-2732,4564,-475,105,-114,0
1216.651078939438,10816,4680,10676,-227,-135,115,9832,-9572,8384,26,159,-191,-15024,3612,2512,-991,68,-106,-15140,-2652,4568,-500,134,-120,0
1216.68434715271,10784,4952,10644,-196,-188,119,9988,-9572,8308,32,155,-164,-15036,3808,2252,-1003,71,-84,-15172,-2716,4500,-492,165,-113,0
1216.7180199623108,10820,4940,10376,-217,-189,145,9844,-9496,8356,6,100,-221,-15136,3676,2504,-1022,132,-99,-15196,-2652,4816,-468,187,-104,0
1216.7516829967499,10764,4860,10552,-222,-210,156,9892,-9588,8420,13,94,-224,-15028,3776,2568,-1032,154,-142,-15184,-2700,4588,-480,204,-56,0
1216.7852461338043,10816,5052,10252,-126,-155,141,9828,-9528,8400,-15,90,-207,-15096,3760,2436,-1276,124,-139,-15196,-2760,4536,-491,143,-88,0
1216.8188071250916,10588,4908,10552,-94,-100,102,9952,-9500,8420,-38,124,-173,-15032,3804,2588,-1048,101,-82,-15152,-2660,4604,-490,121,-138,0
1216.8522889614103,10840,4608,10696,-123,-48,106,9856,-9516,8232,-16,145,-173,-14904,3624,2532,-1052,105,-69,-15360,-2720,4624,-499,156,-161,0
1216.8857481479645,10828,4912,10496,-105,-50,94,9832,-9532,8376,-6,132,-177,-15080,3740,2488,-1039,53,-63,-15136,-2628,4560,-488,156,-136,0
1216.919161081314,10848,4872,10744,-97,-77,72,9864,-9684,8400,-50,147,-177,-15012,3784,2584,-1022,70,-112,-15236,-2764,4508,-519,124,-135,0
1216.9527370929718,10828,4872,10568,-90,-52,88,9928,-9580,8276,-85,141,-183,-14896,3676,2344,-1020,80,-115,-15104,-2740,4528,-518,160,-125,0
1216.9862370491028,10864,4876,10676,-86,-71,84,9800,-9284,8544,-46,163,-157,-15000,3728,2332,-1011,85,-55,-15100,-2648,4572,-503,145,-147,0
1217.020089149475,10800,4908,10584,-90,-30,88,9948,-9580,8460,-47,139,-174,-15172,4092,2392,-1038,79,-15,-15152,-2676,4648,-477,131,-168,0
1217.0540070533752,10972,4612,10584,-78,-38,92,9800,-9540,8636,-45,158,-161,-15084,3788,2496,-1058,83,-41,-15232,-2752,4476,-764,136,-128,0
1217.0875730514526,10984,5088,10556,-92,-38,98,9772,-9520,8404,-58,129,-146,-14984,4036,2744,-1266,91,-59,-15076,-2744,4716,-504,135,-113,0
1217.1210169792175,10992,4916,10744,-45,-39,95,9916,-9584,8468,-65,90,-175,-15036,3824,2648,-1005,112,-117,-15344,-2692,4476,-496,173,-116,0
1217.157774925232,10984,4960,10396,-57,-41,112,9836,-9544,8248,-103,102,-191,-15012,3760,2440,-1003,102,-7,-15212,-2704,4576,-481,126,-110,0
1217.1925251483915,10760,4908,10356,-256,16,108,9824,-9508,8392,-85,136,-150,-14864,4072,2356,-1018,57,-53,-15132,-2656,4464,-545,90,-166,0
1217.2281749248505,10712,4964,10672,-96,3,96,9756,-9520,8376,-41,124,-158,-15048,3676,2524,-1070,32,-28,-15168,-2688,4520,-509,137,-153,0
1217.26358294487,10880,4968,10704,-54,10,96,9904,-9552,8544,-106,125,-162,-15020,3716,2512,-1039,81,-67,-15236,-2752,4380,-488,111,-141,0
1217.2987661361694,10924,4928,10612,-52,-9,78,9868,-9640,8380,-92,154,-172,-15320,3708,2556,-1032,64,-59,-15352,-2708,4564,-484,132,-140,0
1217.3343081474304,10888,4612,10252,-95,-26,69,9912,-9620,8360,-53,168,-183,-15048,3832,2436,-1056,50,-61,-15176,-2660,4848,-505,127,-167,0
1217.3701181411743,10992,4928,10736,-36,10,98,9876,-9604,8444,-37,117,-135,-15048,3796,2456,-1040,64,-22,-15124,-2768,4584,-515,120,-170,0
1217.4059691429138,10716,4872,10548,-38,58,110,9936,-9612,8424,-76,120,-138,-14972,3844,2352,-1014,62,-4,-15152,-2752,4460,-479,94,-163,0
1217.441658973694,10656,4912,10628,-109,253,65,9884,-9580,8376,-48,143,-152,-14952,3936,2548,-986,67,-112,-14888,-2808,4392,-499,121,-126,0
1217.4777750968933,10540,5016,10472,-106,-70,129,9748,-9456,8220,-31,152,-160,-15036,3848,2376,-1011,104,-101,-15064,-2668,4684,-502,124,-140,0
1217.5130450725555,10960,4936,10652,-87,-124,120,9896,-9520,8344,-39,94,-201,-15064,3604,2688,-783,121,-65,-14868,-2604,4632,-516,178,-110,0
1217.548301935196,10928,5016,10744,-100,-105,137,9776,-9504,8320,-52,105,-169,-14932,3800,2588,-991,150,-74,-15184,-2732,4716,-505,146,-120,0
1217.5838279724119,10804,5012,10524,-92,-79,136,9896,-9480,8392,-41,101,-190,-14996,3884,2544,-978,106,-105,-15164,-2648,4628,-483,123,-140,0
1217.6187810897827,10736,4960,10532,-91,-59,113,9888,-9280,8352,-41,136,-183,-15032,3820,2596,-1013,51,-99,-15148,-2672,4640,-498,124,-155,0
1217.6544661521912,10760,5028,10320,-115,-81,111,9920,-9220,8348,-40,111,-178,-15000,3792,2604,-995,69,-51,-15164,-2656,4544,-505,156,-141,0
1217.6902451515198,10588,5040,10900,-149,-78,110,9872,-9484,8260,-94,105,-191,-15064,3760,2396,-1022,123,-126,-15124,-2604,4624,-483,157,-145,0
1217.7256140708923,10740,4972,10564,-86,-107,76,9848,-9664,8280,-67,155,-189,-15044,3780,2416,-1010,73,-38,-15104,-2700,4504,-499,115,-137,0
1217.7613389492035,10960,4872,10588,-137,-70,93,9884,-9564,8396,-10,126,-168,-15116,3864,2548,-1060,74,-100,-14892,-2744,4500,-482,156,-114,0
1217.7986991405487,10680,4924,10480,-113,-96,145,9888,-9556,8300,-51,91,-204,-15000,3788,2528,-978,138,-117,-15160,-2560,4548,-472,128,-111,0
1217.832328081131,10612,4884,10704,-88,-78,103,9848,-9524,8284,-87,93,-191,-15024,4024,2376,-1004,96,-56,-15164,-2668,4616,-509,130,-129,0
1217.8656399250033,10768,4972,10744,-157,-110,103,10024,-9656,8284,-12,136,-169,-15084,3800,2508,-1047,86,-54,-14872,-2652,4484,-501,174,-89,0
1217.8989040851593,10716,4952,10564,-108,-77,113,9888,-9252,8432,-44,140,-157,-15056,3732,2484,-1275,75,-96,-14940,-3044,4572,-486,111,-162,0
1217.9324090480804,10656,4964,10688,-124,-75,88,9856,-9572,8472,-21,140,-199,-14932,3756,2480,-998,101,-116,-14864,-2660,4812,-472,111,-123,0
1217.9657170772552,10720,4912,10576,-163,-93,72,9748,-9488,8380,-32,155,-224,-14968,3764,2576,-959,123,-109,-15176,-2728,4564,-473,143,-98,0
1217.9993069171906,10900,5004,10268,-180,-91,113,9900,-9696,8320,-42,132,-173,-15008,3848,2564,-941,113,-61,-15352,-2708,4776,-505,84,-78,0
1218.033767938614,10496,5056,10608,-173,-79,122,9812,-9600,8292,-37,138,-140,-15052,3736,2552,-1009,125,-72,-15036,-2624,4552,-506,117,-88,0
1218.0673880577087,10692,5048,10392,-205,-110,152,9908,-9560,8532,-34,139,-172,-15044,3800,2492,-982,141,-79,-15068,-2816,4612,-480,136,-45,0
1218.1008491516113,10552,5036,10512,-194,-122,98,9888,-9612,8216,2,133,-208,-14948,3784,2500,-971,127,-117,-15176,-2744,4612,-509,130,-116,0
1218.1343200206757,10796,4956,10608,-205,-127,109,9872,-9488,8380,58,161,-206,-15032,3792,2700,-995,98,-116,-15080,-2656,4684,-494,155,-101,0
1218.1676800251007,10636,4932,10640,-262,-141,97,9856,-9624,8316,43,183,-187,-15072,3604,2592,-926,103,-144,-15080,-2696,4572,-443,159,-57,0
1218.2011251449585,10580,4944,10580,-279,-182,105,9756,-9544,8324,-9,185,-222,-14988,3800,2360,-892,136,-95,-15140,-2724,4572,-428,194,-74,0
1218.2344450950625,10728,4928,10636,-278,-195,134,9912,-9536,8344,3,158,-212,-15084,3764,2564,-943,140,-154,-15104,-2468,4488,-440,170,-46,0
1218.267785072327,10812,5068,10580,-277,-208,171,9900,-9664,8356,28,169,-209,-15300,3772,2452,-972,160,-145,-14908,-2592,4556,-458,174,-74,0
1218.3013639450073,10780,4976,10536,-510,-224,165,10204,-9608,8340,31,131,-213,-15232,3792,2740,-958,151,-129,-15184,-2632,4612,-483,176,-59,0
1218.3349039554596,10876,4908,10644,-223,-194,152,9920,-9568,8380,11,155,-204,-15212,3856,2452,-999,119,-125,-15140,-2712,4576,-479,150,-93,0
1218.3682091236115,10816,4888,10532,-223,-168,145,9916,-9512,8320,13,138,-187,-15016,3756,2520,-1005,111,-129,-15172,-2676,4588,-461,155,-79,0
1218.4014699459076,10580,4968,10448,-215,-173,132,9956,-9272,8680,3,148,-182,-15096,3828,2432,-1005,125,-140,-15160,-2736,4584,-470,141,-104,0
1218.4351480007172,10764,5036,10516,-225,-174,143,9920,-9508,8352,30,137,-189,-15004,3824,2600,-988,151,-127,-15140,-2728,4576,-469,147,-73,0
1218.468327999115,10772,4928,10360,-209,-174,151,9956,-9284,8436,33,131,-209,-14980,3820,2448,-977,143,-63,-14888,-2712,4768,-442,152,-84,0
1218.501857995987,10968,4896,10568,-223,-175,146,9816,-9540,8560,6,119,-219,-15084,3776,2640,-981,162,-113,-15212,-2688,4444,-430,158,-86,0
1218.5354580879211,10696,4872,10612,-207,-195,137,9936,-9396,8376,-5,114,-224,-15064,3832,2536,-989,130,-121,-15256,-2648,4568,-441,164,-89,0
1218.5688409805298,11004,4900,10572,-219,-200,131,9840,-9276,8500,5,121,-220,-15152,4080,2452,-967,131,-128,-15132,-2600,4588,-474,162,-67,0
1218.6023049354553,10828,4756,10640,-206,-205,160,9908,-9520,8428,25,104,-241,-15020,3804,2556,-993,124,-114,-15180,-2588,4608,-472,178,-77,0
1218.6356229782104,10776,4724,10580,-217,-163,148,9796,-9544,8256,23,100,-211,-15100,3908,2740,-981,127,-124,-15152,-2732,4416,-493,151,-85,0
1218.6689331531525,10840,4636,10564,-189,-173,163,10120,-9604,8416,42,84,-194,-14868,3648,2560,-1018,112,-108,-15088,-2616,4656,-489,141,-100,0
1218.702527999878,10840,4900,10712,-174,-166,146,9904,-9508,8368,41,116,-210,-14968,3740,2588,-1016,113,-135,-15092,-2684,4512,-471,140,-82,0
1218.7361841201782,10996,4888,10484,-161,-170,156,9936,-9568,8340,7,75,-191,-15048,3760,2516,-772,117,-139,-15100,-2644,4484,-492,152,-96,0
1218.7698040008545,10904,4880,10392,-133,-164,143,9912,-9564,8364,-2,109,-215,-15108,3760,2352,-994,104,-100,-15164,-2716,4604,-481,160,-129,0
1218.8032059669495,10900,4652,10708,-121,-126,118,10016,-9428,8340,-56,99,-217,-14952,3712,2612,-991,98,-36,-15236,-2612,4516,-482,115,-149,0
1218.8396999835968,10756,4860,10556,-42,19,48,9992,-9244,8320,-36,171,-158,-15120,4092,2464,-1054,-3,-60,-15112,-2752,4468,-501,123,-164,0
1218.8746590614319,10876,4888,10696,-138,-69,86,9980,-9464,8352,-12,136,-164,-15144,3748,2624,-1103,34,-44,-15196,-2780,4848,-501,149,-118,0
1218.9102699756622,10864,4972,10372,-34,2,74,9752,-9252,8420,-110,127,-151,-15088,3708,2548,-961,67,-29,-15172,-2676,4592,-464,104,-164,0
1218.945477962494,10884,4844,10504,-98,-58,84,9996,-9464,8380,-48,163,-164,-15100,3764,2524,-1088,41,-23,-15116,-2712,4824,-491,156,-178,0
1218.9811890125275,10820,4880,10476,-44,7,97,9908,-9340,8388,-255,149,-116,-15004,4048,2392,-1090,-10,-25,-15116,-2704,4800,-264,106,-147,0
1219.0159780979156,10852,4872,10576,-31,37,76,9848,-9440,8348,-58,151,-132,-15328,3672,2420,-772,56,-1,-15152,-2780,4692,-492,38,-168,0
1219.0519170761108,10796,4888,10580,-86,23,70,9888,-9524,8676,-69,179,-152,-14984,3804,2448,-1004,70,-61,-15136,-2724,4592,-481,81,-164,0
1219.0875449180603,10864,5040,10700,-97,-9,107,9728,-9544,8456,-103,149,-132,-15344,3772,2524,-1011,112,-54,-15096,-2656,4640,-497,127,-126,0
1219.123214006424,10944,4972,10612,-98,-25,128,9932,-9472,8300,-64,100,-164,-15020,3772,2476,-1004,108,-85,-15160,-2656,4540,-487,174,-118,0
1219.1587281227112,10844,4956,10532,-77,-64,121,9876,-9328,8452,-50,104,-192,-15000,3884,2524,-1006,126,-65,-15144,-2708,4536,-522,153,-124,0
1219.1936581134796,10852,4916,10504,-55,-66,109,9964,-9476,8424,-77,115,-176,-15120,3724,2484,-1013,113,-102,-15084,-2612,4700,-522,128,-132,0
1219.2287719249723,10796,4884,10444,-59,-31,113,9896,-9632,8392,-48,121,-180,-15012,3820,2544,-1013,68,-36,-14868,-2624,4708,-760,167,-152,0
1219.2639470100403,10884,4880,10244,-73,255,69,9876,-9460,8384,-25,142,-152,-14884,3772,2328,-1058,53,-74,-15160,-2672,4800,-258,112,-161,0
1219.2999639511108,10756,4968,10612,-86,-19,63,9896,-9512,8368,-51,161,-159,-14984,3732,2556,-1052,44,-18,-14872,-2680,4692,-507,120,-165,0
1219.3349161148071,10860,4936,10668,-84,-26,80,9884,-9492,8344,-82,137,-173,-14972,3612,2324,-995,83,-91,-14968,-2704,4636,-491,157,-144,0
1219.370423078537,10588,5016,10592,-99,-41,98,9880,-9508,8404,-75,114,-190,-14996,3620,2728,-995,94,-56,-14952,-2772,4672,-767,170,-116,0
1219.4056749343872,10860,4872,10588,-92,-434,-330,9996,-9804,8348,-94,241,-202,-14948,3780,2608,-1001,55,-71,-15184,-2668,4448,-517,185,-126,0
1219.4413681030273,10864,4964,10496,-116,-65,100,9828,-9452,8380,-34,139,-175,-15040,3816,2472,-1028,64,-67,-15180,-2720,4600,-764,172,-134,0
1219.4787940979004,10808,4912,10496,-103,-81,103,9792,-9544,8200,-57,105,-178,-14996,3756,2704,-1006,90,-57,-14984,-2660,4664,-531,163,-147,0
1219.5122339725494,10836,4988,10468,-88,-84,97,9792,-9544,8444,-35,110,-199,-15040,3796,2344,-1015,98,-69,-15104,-2692,4580,-522,171,-132,0
1219.5459740161896,10808,4948,10484,-126,-93,94,9840,-9516,8320,-43,130,-196,-14992,3768,2608,-969,111,-113,-15136,-2776,4600,-506,132,-76,0
1219.5795760154724,10752,4956,10368,-187,-93,86,9860,-9500,8400,-45,154,-186,-15064,3812,2540,-935,98,-107,-15192,-2748,4556,-489,73,-116,0
1219.6130809783936,10840,4920,10464,-197,-33,107,9948,-9580,8360,247,139,-158,-15164,3824,2536,-985,97,-74,-15300,-2696,4392,-767,107,-101,0
1219.649709939957,10800,4972,10620,-510,-154,152,9940,-9528,8352,253,122,-175,-15120,3720,2400,-984,142,-118,-15152,-2776,4820,-479,162,-74,0
1219.6836910247803,10776,4964,10660,-199,-106,120,9824,-9564,8364,-49,107,-222,-15100,3756,2672,-937,145,-64,-15216,-2676,4800,-486,162,-94,0
1219.7172570228577,10820,4832,10516,-251,-174,114,9912,-9536,8308,-13,159,-226,-14956,3776,2500,-889,122,-104,-15152,-2804,4560,-475,212,-106,0
1219.7507660388949,10840,4916,10504,-263,-155,148,9880,-9500,8588,28,133,-191,-15100,3864,2676,-1031,97,-140,-15220,-2640,4620,-487,206,-29,0
1219.7841579914093,10856,5004,10504,-263,-125,159,9912,-9464,8384,49,116,-179,-15032,3740,2676,-960,138,-101,-15148,-2808,4740,-494,126,-84,0
1219.8177161216736,10748,4960,10596,-284,-135,128,10116,-9552,8324,11,147,-202,-15080,4064,2580,-968,129,-99,-15176,-2628,4364,-474,121,-88,0
1219.8512070178986,10824,4984,10680,-322,-177,155,9940,-9532,8304,62,150,-205,-15024,3716,2464,-990,147,-106,-15220,-2704,4648,-467,159,-80,0
1219.8843331336975,10752,4904,10592,-296,-213,150,9832,-9616,8328,51,121,-224,-15000,3808,2424,-976,171,-116,-15188,-2816,4780,-462,204,-73,0
1219.918044090271,10872,4852,10580,-308,-284,166,9864,-9372,8336,63,98,-4,-15044,3828,2516,-975,184,-173,-14880,-2660,4680,-466,230,-68,0
1219.9516150951385,10876,4844,10500,-235,-270,146,9924,-9404,8372,42,87,-226,-15060,3744,2436,-961,127,-174,-14944,-2996,4792,-493,185,-71,0
1219.984962940216,10948,4864,10492,-217,-215,165,9832,-9408,8172,35,108,-210,-15132,3796,2580,-974,122,-145,-15184,-2764,4572,-487,149,-122,0
1220.0186190605164,10912,4876,10328,-212,-173,140,10136,-9460,8344,30,111,-210,-15136,3792,2632,-992,99,-81,-15204,-2656,4540,-502,175,-113,0
1220.0523240566254,10852,4880,10444,-137,-137,107,9896,-9316,8244,6,109,-198,-14944,3744,2320,-1025,143,-74,-15176,-2712,4408,-528,172,-75,0
1220.0855569839478,10916,4916,10472,-85,-95,121,10028,-9396,8300,-50,124,-165,-14884,3652,2412,-775,92,-48,-15124,-2672,4624,-511,138,-154,0
1220.1191849708555,10840,4808,10320,-126,-33,77,10004,-9416,8292,-57,156,-162,-15080,3764,2504,-1046,66,-30,-15036,-2704,4548,-492,125,-181,0
1220.1524329185486,10908,4880,10472,-126,-32,74,9952,-9512,8260,18,171,-177,-15020,3776,2356,-1021,86,-30,-15332,-2596,4692,-511,151,-101,0
1220.1858279705048,10784,5112,10716,-146,-59,113,9932,-9564,8308,-14,125,-195,-15092,3788,2612,-1010,132,-87,-15132,-2756,4580,-763,163,-111,0
1220.219318151474,10884,4944,10492,-157,-93,134,9816,-9540,8400,-23,124,-196,-14988,3748,2612,-967,143,-98,-14876,-2724,4724,-509,150,-90,0
1220.2525629997253,10900,4636,10544,-127,-101,144,9952,-9532,8336,-44,114,-189,-15040,3800,2560,-963,137,-84,-14876,-2744,4636,-513,171,-108,0
1220.2859590053558,10524,4624,10400,-169,-124,147,9856,-9468,8312,-41,136,-196,-15020,3708,2472,-929,134,-99,-15240,-2684,4696,-490,117,-90,0
1220.3196759223938,10880,5100,10300,-123,-87,137,10200,-9508,8372,-75,113,-176,-15048,3872,2448,-917,99,-56,-15148,-2656,4692,-495,70,-102,0
1220.353189945221,10964,5060,10260,-144,-48,95,9968,-9592,8384,-27,117,-135,-15004,3904,2640,-1014,88,-104,-15260,-2660,4624,-511,132,-131,0
1220.3864660263062,10804,4952,10516,-167,-92,133,9944,-9508,8392,-36,129,-168,-15064,3700,2556,-1019,105,-105,-15236,-2708,4532,-520,134,-106,0
1220.4199929237366,10996,4872,10580,-94,-71,109,9816,-9516,8412,-96,108,-181,-15076,3740,2560,-995,123,-84,-15152,-2688,4536,-489,151,-102,0
1220.453691959381,10888,4788,10380,-138,-99,95,9764,-9688,8228,-20,131,-204,-15104,3768,2768,-1050,64,-106,-15028,-2668,4600,-497,175,-142,0
1220.4872369766235,10888,4864,10492,-103,-72,103,9916,-9448,8360,16,126,-150,-15056,3840,2368,-1069,50,-67,-15180,-2816,4560,-509,130,-147,0
1220.523957014084,11036,4912,10488,-88,-23,71,10004,-9428,8372,-53,163,-148,-15096,3900,2324,-995,36,-65,-15164,-2736,4640,-471,100,-137,0
1220.559772014618,10816,4628,10640,-126,-43,48,9852,-9520,8320,-85,178,-153,-15088,3676,2352,-998,20,-57,-15072,-2748,4616,-763,116,-181,0
1220.5951600074768,10776,4920,10408,-132,-51,76,9888,-9540,8404,-51,211,-147,-14988,3616,2660,-1022,97,-40,-15104,-2804,4544,-495,132,-136,0
1220.630912065506,10784,4900,10540,-110,-79,80,9892,-9556,8432,-51,146,-179,-15000,3608,2496,-1021,137,-40,-15044,-2692,4688,-497,155,-103,0
1220.6661460399628,10836,4928,10664,-152,-118,143,9804,-9592,8308,-53,98,-202,-15040,3752,2608,-1017,157,-70,-14912,-2712,4628,-506,169,-84,0
1220.702031135559,10688,4956,10516,-84,-105,136,9868,-9528,8464,-50,94,-187,-15028,3832,2700,-990,159,-142,-15060,-2748,4576,-497,171,-84,0
1220.7375180721283,10852,4864,10736,-120,-96,140,9872,-9428,8420,-70,111,-194,-15064,3600,2688,-982,144,-98,-15196,-2744,4352,-504,151,-102,0
1220.7730901241305,10888,4928,10576,-131,-88,122,9924,-9580,8240,-33,137,-168,-15040,3820,2572,-1000,81,-93,-15168,-2648,4568,-521,137,-126,0
1220.808601140976,10868,4972,10416,-125,-73,104,9952,-9472,8412,-31,163,-164,-15112,3724,2532,-1006,59,-47,-15028,-2664,4568,-521,112,-159,0
1220.8437910079956,10892,4984,10504,-171,-74,80,9884,-9236,8340,-40,173,-168,-15008,3684,2260,-980,50,-129,-15116,-2656,4552,-471,142,-106,0
1220.879291057587,10924,4892,10680,-177,-119,72,9912,-9560,8240,-40,166,-196,-14960,3584,2380,-964,102,-79,-14904,-2684,4516,-468,154,-119,0
1220.9144461154938,10844,4884,10324,-157,-102,102,9968,-9516,8252,-23,110,-207,-15036,3648,2360,-1276,90,-92,-15108,-2612,4632,-495,175,-130,0
1220.9503049850464,10808,4968,10440,-148,-75,108,9964,-9272,8340,-35,93,-197,-15024,4092,2696,-1020,134,-109,-14968,-2688,4796,-475,186,-96,0
1220.9852910041807,10632,4944,10704,-74,-64,118,9988,-9716,8268,-36,128,-206,-14992,3832,2360,-1013,122,-85,-14912,-2668,4792,-503,163,-129,0
1221.0211520195007,10936,4920,10556,-108,-85,81,9896,-9500,8356,-67,125,-208,-15100,3832,2740,-991,91,-73,-15324,-2652,4832,-506,104,-147,0
1221.0560541152954,10896,4968,10408,-83,-35,72,9744,-9416,8276,-64,174,-110,-14948,3732,2556,-997,47,10,-15108,-2736,4804,-526,34,-171,0
1221.0918500423431,10940,4868,10436,-111,85,98,10184,-9516,8344,-18,166,-98,-15088,3748,2512,-1077,19,-54,-15060,-2788,4532,-515,84,-157,0
1221.1282050609589,10560,4996,10748,-130,11,105,9936,-9476,8392,-53,134,-143,-14920,3740,2408,-1036,81,-245,-15188,-2660,4496,-486,119,-116,0
1221.1649610996246,10836,5000,10556,-55,-21,80,9984,-9492,8344,-118,125,-157,-15100,3764,2688,-1038,71,-48,-14864,-2772,4852,-485,132,-169,0
1221.1986360549927,10780,4860,10400,-95,-66,43,9932,-9524,8392,-58,152,-166,-14988,3732,2496,-1075,24,-121,-14856,-2652,4576,-499,163,-180,0
1221.23211312294,10864,4948,10344,-58,-11,84,9904,-9548,8412,-24,153,-132,-14920,4084,2352,-1049,10,-94,-15040,-2684,4676,-532,144,-176,0
1221.2656350135803,10880,5008,10620,-67,15,83,9888,-9540,8384,-47,164,-152,-15088,3908,2424,-1020,46,22,-15336,-2760,4712,-476,74,-166,0
1221.2991909980774,10804,4944,10732,-94,16,60,9812,-9564,8396,-74,170,-143,-14972,3948,2560,-953,61,-1,-14888,-2616,4824,-494,108,-133,0
1221.332335948944,10764,5008,10496,-107,-23,84,9852,-9532,8408,-66,159,-136,-14996,3780,2784,-1035,73,-45,-14872,-2772,4672,-497,103,-145,0
1221.365961074829,10884,4984,10384,-81,-61,137,9888,-9580,8372,-48,108,-114,-15024,3764,2684,-994,118,-62,-15076,-2828,4416,-494,93,-134,0
1221.3993270397186,10760,4952,10492,-130,-160,117,9876,-9532,8208,-42,91,-175,-14916,3916,2552,-1018,120,-64,-15132,-2620,4620,-262,171,-95,0
1221.4329719543455,10808,5012,10544,-64,-96,143,9988,-9428,8272,-33,76,-186,-15092,3900,2380,-1279,115,-55,-14956,-2756,4416,-511,161,-78,0
1221.4664680957794,10868,5036,10520,-97,-104,111,9928,-9632,8480,-20,123,-170,-15088,3800,2556,-1016,104,-92,-15132,-2848,4632,-493,140,-115,0
1221.4999890327454,10824,5028,10516,-126,-100,98,9840,-9500,8384,-45,143,-178,-15288,3764,2764,-1010,99,-90,-15140,-2808,4576,-493,148,-150,0
1221.533576965332,10840,5020,10516,-136,-47,104,9844,-9560,8592,-22,150,-160,-15016,4012,2704,-1035,71,-98,-15348,-2692,4708,-504,123,-150,0
1221.56702709198,10888,5052,10584,-124,-84,105,9808,-9500,8428,-61,116,-150,-14948,3824,2800,-984,84,-71,-15036,-2788,4612,-485,133,-129,0
1221.6005640029907,10712,4928,10480,-154,-68,105,9844,-9484,8252,-78,121,-187,-15020,3860,2540,-953,132,-61,-15148,-2744,4648,-499,140,-103,0
1221.633854150772,10856,4944,10568,-173,-43,129,9972,-9572,8280,-51,124,-177,-15024,3808,2648,-1003,148,-37,-15092,-2728,4644,-484,144,-85,0
1221.667333126068,10828,4964,10616,-154,-82,126,9836,-9548,8512,-20,115,-195,-14988,4076,2388,-1002,111,-82,-15092,-2708,4712,-527,142,-93,0
1221.7008690834045,10840,5020,10628,-130,-69,132,9908,-9536,8196,-18,116,-190,-15032,3864,2680,-770,134,-101,-15212,-2696,4556,-496,156,-106,0
1221.7345321178436,10788,4984,10720,-162,-76,139,9916,-9580,8396,1,147,-183,-15000,3848,2496,-982,131,-147,-15112,-2776,4668,-487,162,-99,0
1221.7676551342013,10824,4992,10524,-189,-116,123,9916,-9540,8460,7,134,-194,-14964,3848,2324,-965,122,-122,-15096,-2704,4632,-471,155,-42,0
1221.8011469841003,10756,4944,10504,-241,-141,121,9812,-9552,8324,-33,146,-240,-15008,3752,2652,-932,152,-117,-15144,-2724,4688,-465,169,-85,0
1221.834743976593,10868,4968,10444,-244,-132,107,9920,-9632,8344,-28,191,-183,-15072,3812,2572,-901,109,-103,-15120,-2728,4780,-473,94,-54,0
1221.8682861328125,10800,4908,10608,-6,-128,123,9980,-9488,8108,12,164,-173,-15012,3620,2692,-954,127,-54,-15092,-2632,4608,-466,154,-69,0
1221.9016900062559,10816,4884,10480,-311,-174,159,9924,-9640,8172,3,142,-196,-15036,3728,2540,-980,146,-88,-15160,-2800,4564,-450,179,-51,0
1221.9352700710297,10832,4912,10556,-227,-140,122,9892,-9484,8432,-23,135,-197,-15040,4048,2800,-931,160,-89,-15188,-2740,4736,-446,169,-77,0
1221.9688379764557,10812,4888,10604,-275,-180,115,9948,-9540,8416,21,153,-227,-15024,3800,2468,-977,135,-152,-15332,-2648,4544,-452,224,-39,0
1222.0025341510773,10956,4780,10312,-233,-193,138,9944,-9252,8364,67,132,-206,-14980,3808,2536,-1014,132,-180,-15240,-2744,4632,-471,189,-83,0
1222.0360379219055,10864,4944,10472,-218,-158,145,9884,-9488,8272,28,151,-197,-15008,3816,2500,-1016,132,-91,-15084,-2756,4616,-446,119,-104,0
1222.0696699619293,10864,4916,10564,-237,-114,132,9852,-9544,8432,249,166,-201,-15056,3856,2392,-989,104,-83,-15132,-2672,4708,-472,104,-97,0
1222.103157043457,10816,5020,10612,-236,-162,115,9900,-9228,8240,252,165,-197,-14940,3728,2680,-1003,120,-40,-15108,-2716,4696,-475,126,-90,0
1222.13662815094,10872,4916,10684,-222,-200,146,9928,-9524,8364,251,159,-195,-15000,3716,2368,-970,149,-121,-15128,-2720,4696,-444,193,-88,0
1222.1701259613035,10820,4908,10332,-274,-233,178,9900,-9600,8368,34,104,-259,-15012,4056,2444,-973,157,-180,-15020,-2632,4592,-440,200,-23,0
1222.2074189186096,10908,5020,10520,-207,-206,176,9756,-9244,8384,41,86,-226,-15096,3856,2348,-970,145,-113,-15236,-2768,4376,-465,167,-65,0
1222.2426829338074,10884,4956,10392,-219,-199,171,9876,-9508,8292,18,110,-214,-15056,3784,2396,-985,149,-103,-14984,-2660,4672,-467,151,-64,0
1222.2782649993896,10896,4932,10240,-181,-156,135,9968,-9560,8488,18,110,-235,-15340,3816,2356,-1028,139,-131,-15204,-2660,4704,-483,180,-105,0
1222.3133139610293,10888,4928,10388,-189,-177,132,9872,-9516,8484,-2,124,-236,-14992,3720,2592,-1002,116,-133,-15064,-2792,4568,-487,175,-84,0
1222.3485131263733,10848,4924,10508,-191,-180,138,9748,-9224,8264,239,109,-204,-15068,3608,2772,-965,154,-100,-15096,-2772,4640,-453,182,-100,0
1222.3844199180603,10896,4824,10612,-196,-206,121,9876,-9492,8424,252,139,-209,-15064,3756,2304,-938,113,-112,-15164,-2552,4828,-469,164,-103,0
1222.4199879169464,11192,4756,10248,-181,-195,153,10156,-9460,8308,9,131,-219,-15080,3848,2484,-1004,101,-175,-15004,-2624,4728,-477,178,-85,0
1222.4549901485443,10896,4780,10384,-140,-158,134,9924,-9380,8316,-3,94,-206,-15048,3712,2364,-988,135,-72,-15140,-2588,4636,-458,165,-85,0
1222.4907839298248,10864,5108,10476,-120,-132,140,9804,-9532,8252,250,133,-222,-15096,3748,2320,-1017,84,-131,-15044,-2724,4528,-488,155,-109,0
1222.5271079540253,10876,4796,10416,-115,-132,108,9972,-9340,8324,-44,111,-186,-14964,3680,2780,-1008,100,-112,-15168,-2716,4600,-489,146,-138,0
1222.5624101161957,10868,4828,10300,-92,-59,101,10064,-9340,8416,-69,151,-145,-15068,3812,2512,-984,97,-41,-15168,-2656,4544,-476,108,-165,0
1222.5988509654999,10952,4864,10588,-40,14,107,10068,-9548,8348,-33,151,-133,-15344,3784,2452,-1032,56,-19,-15156,-2676,4584,-763,127,-162,0
1222.6340091228483,11192,4632,10336,-112,-3,106,10216,-9440,8388,-256,135,-131,-15060,3696,2444,-1073,69,-33,-15104,-2792,4816,-493,149,-191,0
1222.6700711250303,10904,4896,10244,-22,21,73,9880,-9540,8328,-97,162,-150,-15000,3724,2324,-1001,80,-28,-15328,-2636,4832,-480,110,-123,0
1222.7055189609528,10896,4944,10488,-80,-19,46,10200,-9524,8300,-56,169,-166,-15048,3904,2608,-1012,60,-110,-15276,-2584,4660,-479,145,-171,0
1222.7411770820618,10816,4800,10308,-99,-31,79,10020,-9416,8220,-43,120,-130,-14988,4028,2424,-1052,69,-33,-15104,-2704,4700,-491,127,-137,0
1222.7762069702148,10856,4996,10448,-51,-253,62,10216,-9716,8420,-79,151,-116,-15100,3760,2608,-987,37,-23,-15224,-2736,4740,-766,50,-159,0
1222.8123631477356,10816,5036,10428,-49,63,81,9900,-9472,8492,-96,132,-118,-14972,3736,2308,-1007,54,241,-15060,-2692,4628,-522,66,-163,0
1222.8488969802856,10736,4916,10312,-78,0,93,9940,-9432,8420,-77,143,-148,-15056,3816,2624,-769,101,-39,-15072,-2668,4724,-500,129,-138,0
1222.8823130130768,10988,4892,10464,-38,-14,128,9952,-9692,8308,-75,97,-136,-15052,3740,2488,-1013,119,-48,-15140,-2756,4628,-483,132,-133,0
1222.9157631397247,10912,4824,10468,-104,-59,111,9880,-9532,8380,-60,106,-175,-14888,3808,2568,-999,106,-73,-15056,-2736,4716,-766,153,-119,0
1222.9493479728699,10860,4804,10556,-23,-13,112,9836,-9508,8276,-59,108,-155,-14976,4080,2588,-1261,118,-31,-15096,-2664,4628,-495,147,-176,0
1222.9829831123352,10832,4980,10576,-43,-5,106,9944,-9536,8404,-44,136,-159,-15288,3832,2784,-1000,65,-55,-15148,-2740,4656,-501,119,-165,0
1223.0164790153503,10824,4820,10572,-93,-21,66,9972,-9616,8448,-40,142,-173,-15068,3760,2388,-1017,41,-88,-15032,-2604,4748,-765,131,-137,0
1223.0499749183655,10928,4980,10408,-43,-36,59,9920,-9220,8436,-67,136,-177,-15084,3812,2488,-1034,31,-84,-15120,-2752,4608,-493,140,-151,0
1223.0836710929873,10772,5020,10536,-73,-73,72,9836,-9512,8212,-87,92,-181,-14960,3764,2508,-988,80,-81,-15032,-2760,4700,-502,147,-118,0
1223.1174709796906,10912,5092,10476,-80,-81,79,9956,-9484,8464,-124,96,-209,-15024,3780,2624,-1007,93,-100,-15092,-2672,4576,-471,169,-131,0
1223.1510519981384,10860,4888,10540,-95,-109,87,9968,-9576,8204,-59,116,-182,-15052,3780,2628,-976,98,-50,-15140,-2724,4788,-492,139,-129,0
1223.1845660209656,10840,4848,10568,-71,-69,113,9952,-9576,8296,-74,86,-165,-14944,4088,2344,-1055,93,-42,-15208,-2656,4704,-498,160,-127,0
1223.2178180217743,10916,4864,10276,-74,-66,110,10184,-9224,8304,-31,77,-141,-15172,3876,2652,-1029,59,-89,-15068,-2752,4672,-503,105,-158,0
1223.25132894516,10856,4972,10344,-80,-48,96,9848,-9708,8244,-49,130,-165,-15092,3772,2644,-1055,43,-113,-15292,-2760,4696,-497,135,-159,0
1223.2849750518799,10780,4968,10464,-94,-89,82,9904,-9404,8320,-42,122,-188,-15024,3840,2560,-996,62,-101,-15192,-2788,4608,-509,106,-153,0
1223.318561077118,10924,4940,10448,-86,-91,84,9892,-9504,8380,-79,109,-135,-14940,3848,2504,-1000,94,-44,-14960,-2624,4656,-479,83,-148,0
1223.3521249294279,10948,4960,10536,-109,-47,112,10212,-9552,8436,-27,120,-156,-15028,3920,2652,-1043,53,-36,-15096,-2616,4596,-509,94,-125,0
1223.385507106781,10764,4952,10580,-146,-93,129,10204,-9504,8336,-35,136,-157,-15020,3600,2648,-1023,77,-95,-15056,-2816,4808,-498,134,-122,0
1223.4191679954529,10920,5040,10436,-87,-32,114,9936,-9448,8336,-84,145,-162,-15068,3780,2500,-998,58,-84,-14864,-2644,4688,-512,95,-109,0
1223.4525940418243,10844,4952,10480,-166,-68,131,9944,-9500,8456,-27,133,-176,-15020,3832,2408,-1020,107,-77,-15120,-2592,4580,-475,138,-134,0
1223.4865651130676,10848,4960,10356,-98,-41,103,9960,-9520,8188,-14,117,-126,-15008,3912,2376,-1063,79,-51,-15056,-2756,5008,-492,151,-133,0
1223.5201489925385,10816,4956,10368,-120,-18,114,9900,-9424,8392,-20,148,-135,-15040,3892,2540,-1270,97,-32,-15204,-2648,4808,-404,-58,-128,0
1223.5536849498749,11200,4920,10552,-118,-72,98,10192,-9524,8252,-33,167,-157,-15012,3848,2588,-978,79,-26,-15184,-2812,4400,-479,115,-107,0
1223.5873730182648,10764,5036,10588,-215,-71,105,9900,-9532,8340,-22,188,-154,-14944,3864,2632,-990,96,-90,-15056,-2696,4752,-500,142,-79,0
1223.6209189891815,10820,4904,10436,-236,-91,113,9864,-9588,8220,-256,174,-183,-15084,3856,2612,-963,173,-148,-15096,-2772,4724,-500,209,-66,0
1223.654631137848,10772,4940,10620,-307,-169,155,9872,-9544,8372,33,153,-240,-15020,4092,2544,-950,127,-152,-15100,-2724,5036,-491,187,-46,0
1223.68825507164,10504,5024,10508,-265,-138,128,9964,-9656,8384,252,166,-194,-14964,3920,2368,-923,135,-109,-15312,-2776,4696,-477,164,-80,0
1223.7217609882355,10812,4976,10356,-278,-152,131,9936,-9548,8664,252,202,-199,-15064,3864,2584,-919,148,-122,-15184,-2708,4696,-458,138,-95,0
1223.755264043808,10896,4924,10572,-275,-134,98,9924,-9572,8340,17,201,-180,-15024,3756,2372,-939,139,-141,-15012,-2708,4660,-472,152,-65,0
1223.7889239788055,10924,4976,10296,-302,-122,133,9928,-9316,8516,40,172,-195,-15048,3720,2628,-962,140,-131,-14904,-2700,4748,-478,184,-73,0
1223.82248711586,10920,4960,10424,-272,-220,175,9896,-9512,8280,38,134,-218,-14996,3740,2432,-977,168,-177,-14944,-2672,4812,-462,214,-56,0
1223.8557169437408,10872,5004,10668,-297,-246,159,9732,-9696,8432,40,132,-6,-15064,3840,2440,-948,159,-178,-15108,-2716,4720,-455,213,-38,0
1223.892373085022,10872,4928,10268,-282,-242,174,9940,-9656,8328,18,137,-237,-14852,3868,2708,-961,146,-167,-14896,-2780,4804,-473,193,-74,0
1223.9275569915771,10844,4848,10484,-247,-223,135,10208,-9616,8396,20,146,-206,-15136,3752,2348,-1001,133,-91,-15240,-2668,4660,-479,157,-88,0
1223.9631481170654,10880,4904,10440,-504,-194,142,9892,-9552,8536,21,155,-221,-15040,3600,2548,-965,137,-128,-15356,-2572,4732,-487,165,-85,0
1223.99875497818,10844,4948,10316,-211,-142,119,9976,-9460,8364,42,163,-216,-14892,3704,2364,-950,116,-121,-15224,-2620,4740,-481,163,-63,0
1224.0341880321505,10760,4920,10488,-234,-200,127,9984,-9400,8340,8,149,-207,-15088,3764,2492,-972,173,-126,-15340,-2568,4684,-484,185,-73,0
1224.0692570209503,10928,4928,10332,-229,-220,179,9944,-9480,8376,20,101,-214,-15000,3664,2536,-932,172,-133,-15180,-2604,4648,-474,165,-45,0
1224.1043500900269,10992,4900,10244,-185,-177,171,9996,-9456,8364,-13,78,-192,-15204,3848,2556,-951,172,-123,-15132,-2588,4680,-508,134,-60,0
1224.139718055725,10980,4800,10492,-230,-136,167,10224,-9512,8384,40,96,-195,-15344,3756,2792,-782,123,-77,-15176,-2680,4676,-499,172,-105,0
1224.1745331287384,10972,4916,10616,-250,-175,162,9824,-9496,8460,24,101,-185,-15028,3764,2788,-1276,143,-100,-15012,-2828,4744,-488,135,-86,0
1224.2101531028748,11216,4824,10736,-157,-119,113,9928,-9368,8256,-28,122,-211,-15056,3820,2440,-1013,109,-110,-15152,-2800,4760,-482,156,-92,0
1224.2454371452332,11076,4772,10744,-232,-177,99,9940,-9524,8364,25,122,-222,-15016,3800,2332,-1001,66,-141,-15144,-2660,4648,-465,179,-131,0
1224.2805480957031,10984,4784,10320,-121,-159,148,9944,-9432,8328,248,104,-163,-15048,4084,2360,-1042,79,-71,-14912,-2636,4760,-515,131,-147,0
1224.3153660297394,10980,4720,10292,-93,-54,89,10212,-9276,8356,-56,133,-127,-15308,3772,2484,-1013,56,-27,-14888,-2600,4744,-491,95,-150,0
1224.3507490158079,10948,4824,10408,-104,-51,70,9964,-9428,8316,-30,158,-140,-15148,3764,2380,-1049,37,-72,-14896,-2648,4724,-501,123,-154,0
1224.3854949474335,11008,4796,10440,-98,-51,94,9728,-9244,8312,-18,163,-157,-14996,3764,2508,-1040,57,-103,-15068,-2788,4680,-504,159,-151,0
1224.4216389656067,10936,4824,10360,-110,-70,105,10216,-9500,8272,7,132,-179,-14988,3720,2508,-1043,62,-96,-15048,-2736,4728,-509,176,-161,0
1224.45760512352,10928,4844,10276,-84,-77,99,9916,-9468,8472,-26,125,-173,-15024,3808,2656,-1012,76,-88,-15352,-2744,4788,-506,108,-125,0
1224.4925420284271,10968,4828,10504,-45,-54,96,9868,-9408,8440,-71,131,-142,-15000,3772,2432,-984,103,-67,-14892,-2648,4384,-765,85,-150,0
1224.5285949707031,10928,4792,10312,-100,-16,84,9976,-9232,8416,-52,153,-144,-15044,3788,2480,-1015,65,-35,-14868,-2692,4856,-493,97,-174,0
1224.5620000362396,10968,4900,10360,-83,35,89,9960,-9292,8332,-37,139,-159,-14992,3640,2684,-1018,114,-35,-15144,-2760,4672,-501,123,-137,0
1224.5955851078033,10960,4952,10416,-91,-7,102,9948,-9444,8428,-83,114,-158,-14860,3696,2656,-997,88,-21,-15060,-2752,4752,-496,119,-126,0
1224.6292140483856,10952,4892,10336,-38,-15,93,10028,-9576,8412,-141,124,-158,-15076,3740,2380,-979,81,-43,-15136,-2584,4528,-501,96,-134,0
1224.6674649715424,10896,4796,10368,-89,-27,117,9776,-9620,8452,-59,95,-150,-15040,3760,2468,-1048,94,-75,-15036,-2764,4676,-513,158,-128,0
1224.7010400295258,10904,4860,10628,-101,-54,128,9940,-9428,8404,-50,96,-154,-15072,3800,2524,-998,128,-82,-15076,-2700,4632,-263,163,-141,0
1224.7347531318665,10892,4892,10416,-19,3,84,9904,-9544,8324,-97,120,-178,-15056,3816,2556,-990,88,-74,-15112,-2628,4652,-506,146,-179,0
1224.768059015274,10976,4852,10600,-89,-48,69,9960,-9536,8220,-67,145,-199,-15072,3844,2588,-1036,29,-83,-15180,-2672,4756,-505,123,-178,0
1224.8016951084137,11004,4944,10552,-40,9,64,9896,-9432,8352,-83,114,-139,-15080,3828,2424,-1053,6,-41,-14992,-2812,4648,-533,117,-189,0
1224.834890127182,10844,4932,10432,-51,27,84,9952,-9424,8284,-65,102,-127,-14956,3764,2596,-1021,33,-50,-15080,-2632,4592,-534,87,-159,0
1224.868220090866,10840,4920,10732,-64,-6,98,9896,-9236,8424,-101,104,-156,-14928,3732,2528,-1012,95,-32,-15236,-2752,4744,-485,123,-159,0
1224.901258945465,10912,4960,10708,-120,-66,79,9928,-9520,8444,-102,118,-175,-15008,3808,2804,-1022,90,-89,-15336,-2664,4732,-450,122,-156,0
1224.9348919391632,10972,4956,10376,-34,-45,85,10048,-9536,8400,-61,83,-174,-15008,3868,2432,-1022,59,-92,-15348,-2732,4572,-498,160,-139,0
1224.9682149887085,10844,5048,10472,-73,-82,104,9924,-9236,8316,-67,114,-175,-15020,3820,2752,-1023,83,-47,-15080,-2700,4664,-500,158,-139,0
1225.0019450187683,10888,4936,10564,-74,-49,101,10044,-9376,8280,-35,120,-165,-15012,3840,2476,-1037,81,-83,-15136,-2748,4680,-520,160,-162,0
1225.035562992096,10984,4932,10324,-107,-33,76,9912,-9420,8468,-38,138,-158,-14928,3744,2600,-1280,47,-82,-15164,-2776,4808,-495,163,-137,0
1225.069097995758,10892,4956,10444,-102,-31,91,9928,-9596,8216,-48,135,-179,-14988,3840,2504,-771,65,-76,-15320,-2728,4680,-497,135,-147,0
1225.1027600765228,10816,5040,10280,-143,-67,109,10204,-9724,8360,-58,107,-165,-14852,3796,2652,-1008,74,-83,-14896,-2660,4780,-479,132,-100,0
1225.1360609531405,10864,4964,10436,-133,-43,105,9728,-9476,8372,-67,114,-169,-15052,3840,2536,-983,136,-64,-15236,-2772,4404,-486,125,-111,0
1225.1695790290833,10924,4996,10284,-151,-57,140,9952,-9548,8248,-62,117,-162,-15016,3832,2728,-1009,118,-36,-15036,-2592,4716,-479,118,-94,0
1225.2029490470886,10828,4992,10252,-141,-50,123,9772,-9516,8296,-51,124,-169,-14940,3892,2692,-1011,122,-98,-15344,-2672,4716,-757,167,-126,0
1225.2365560531616,10800,4976,10424,-138,-61,116,9880,-9564,8288,-21,123,-158,-15052,3800,2688,-1019,134,-108,-14904,-2748,4752,-491,164,-136,0
1225.269956111908,10872,4872,10644,-142,-42,128,9924,-9480,8460,-41,125,-184,-14920,3752,2684,-1000,89,-84,-15336,-2728,5036,-502,134,-99,0
1225.3034670352936,10840,4908,10292,-141,-54,122,9876,-9496,8352,-36,151,-188,-15088,3764,2648,-979,100,-91,-15340,-2708,4824,-502,182,-110,0
1225.3368859291077,10992,4988,10744,-166,-63,127,9912,-9376,8328,-8,176,-154,-14944,4052,2456,-986,105,-93,-14896,-2868,4692,-492,170,-87,0
1225.3702549934387,10788,5024,10432,-206,-76,121,9968,-9564,8340,6,141,-165,-14988,3796,2500,-989,145,-124,-14964,-2780,4752,-448,161,-91,0
1225.4037029743195,10912,5032,10252,-283,-67,113,9944,-9680,8436,12,152,-202,-15072,3740,2472,-943,157,-105,-15200,-2704,4784,-460,156,-68,0
1225.4374611377716,10804,4676,10468,-272,-124,142,9968,-9568,8680,-15,164,-227,-14944,3832,2668,-938,133,-112,-14852,-2980,4708,-483,151,-42,0
1225.4709179401398,10952,4924,10692,-280,-127,106,9900,-9452,8336,0,186,-216,-15036,3672,2360,-940,121,-109,-15104,-2688,4708,-468,172,-94,0
1225.5044810771942,10864,4648,10488,-267,-149,122,9940,-9504,8332,-7,186,-188,-14976,3648,2516,-948,103,-149,-14980,-2676,4752,-449,176,-57,0
1225.5377941131592,10940,4944,10432,-268,-131,118,9984,-9508,8340,34,171,-205,-15028,3740,2572,-987,134,-165,-15084,-2600,4780,-472,164,-47,0
1225.5745091438293,10912,4968,10364,-273,-196,130,9856,-9448,8392,25,147,-217,-15040,3812,2604,-952,154,-136,-15064,-2688,4708,-459,210,-40,0
1225.6101469993591,10808,4860,10372,-280,-210,163,10048,-9412,8404,35,127,-503,-15140,3700,2496,-961,173,-139,-15144,-2768,4632,-455,214,-39,0
1225.6455490589142,10980,5088,10396,-252,-152,149,9992,-9460,8388,-19,134,-235,-15080,3796,2604,-939,146,-162,-15124,-2668,4580,-450,130,-79,0
1225.6818001270294,10908,4788,10384,-509,-121,135,10020,-9520,8456,38,144,-192,-14988,3864,2588,-1068,52,-96,-15036,-2796,4820,-497,176,-96,0
1225.7178781032562,10900,5096,10380,-252,-130,160,9896,-9416,8324,61,115,-179,-15072,3812,2672,-1045,113,-122,-15128,-2820,4720,-453,152,-83,0
1225.7530889511108,10956,4940,10344,-176,-90,85,10044,-9392,8432,-41,169,-225,-15072,3768,2496,-948,153,-112,-15328,-2624,4668,-446,211,-90,0
1225.7881479263306,10992,4764,10536,-254,-166,132,9980,-9488,8360,0,138,-198,-15008,3796,2440,-1064,93,-158,-15112,-2756,4724,-466,202,-69,0
1225.823676109314,11004,4900,10448,-179,-158,153,9844,-9232,8368,44,117,-181,-15060,3760,2444,-1033,95,-35,-14904,-2736,4624,-467,153,-126,0
1225.8591439723969,10780,4904,10528,-212,-133,119,9972,-9572,8208,7,184,-182,-15056,3800,2388,-951,133,-118,-15088,-2708,4684,-457,100,-134,0
1225.8944289684296,10944,4784,10280,-243,-153,118,9964,-9604,8416,-17,112,-190,-14996,3800,2684,-1004,135,-130,-15080,-2648,4756,-495,160,-67,0
1225.9301819801333,10980,4912,10432,-209,-180,153,9928,-9488,8320,-3,142,-222,-14976,3720,2396,-985,126,-117,-15288,-2664,4788,-482,176,-71,0
1225.9656050205233,10956,4632,10632,-227,-189,159,9956,-9524,8248,10,107,-239,-14940,3944,2572,-1005,144,-150,-15076,-2572,4400,-457,168,-85,0
1226.0013740062714,11008,4804,10464,-170,-185,145,10232,-9388,8384,-5,109,-198,-15040,3820,2528,-1022,128,-117,-15112,-2620,4664,-485,142,-86,0
1226.0376930236816,11092,4816,10556,-162,-171,141,9744,-9480,8368,-12,121,-178,-14856,3872,2452,-1012,125,-106,-15156,-2736,4832,-485,155,-105,0
1226.0728750228882,10764,4876,10508,-155,-149,123,10200,-9384,8372,-7,99,-208,-15040,3796,2788,-1029,115,-93,-15136,-2624,4680,-498,168,-125,0
1226.107738018036,10888,4840,10432,-123,-77,132,10036,-9460,8416,-47,123,-186,-14996,3628,2660,-1038,95,-76,-15168,-2712,4384,-485,136,-144,0
1226.1434481143951,10764,4964,10388,-92,-48,85,10016,-9292,7956,-43,149,-183,-15016,3780,2552,-1016,53,-87,-14912,-2680,4536,-452,151,-147,0
1226.1796219348907,10996,4740,10444,-129,-66,80,9928,-9476,8400,-53,156,-177,-14956,3824,2492,-1010,71,-80,-15116,-2688,4772,-463,152,-138,0
1226.2157809734344,11060,4852,10532,-137,-56,90,10020,-9428,8416,-51,119,-168,-15020,3820,2528,-1014,82,-55,-15148,-2712,4604,-479,135,-146,0
1226.2494230270386,10928,4796,10416,-90,-23,87,9932,-9464,8240,-27,134,-167,-15264,3788,2528,-1009,99,-42,-15092,-2736,4728,-483,111,-169,0
1226.2829339504242,10888,4860,10368,-91,-60,96,9740,-9496,8356,-41,152,-163,-14980,3780,2624,-770,101,-57,-15104,-2804,4708,-476,147,-122,0
1226.3166739940643,10976,4612,10292,-127,-46,104,9956,-9728,8444,-37,150,-182,-15008,3800,2528,-1008,63,-36,-15060,-2676,4756,-480,131,-130,0
1226.3503050804138,10888,5116,10244,-62,-10,86,9952,-9464,8380,-68,150,-142,-15072,3828,2416,-965,115,-49,-15248,-2672,4640,-497,74,-119,0
1226.3835101127625,10984,4804,10336,-62,17,90,10204,-9480,8320,-58,112,-142,-15092,3600,2724,-1013,71,-55,-15108,-2752,4724,-514,96,-113,0
1226.4171350002289,10880,4848,10244,-101,-18,103,9820,-9468,8384,-31,122,-148,-14980,3772,2532,-1276,84,-35,-14884,-2640,4776,-506,117,-129,0
1226.4505939483645,11024,4916,10716,-39,-8,88,10096,-9472,8372,-123,97,-142,-15108,3800,2380,-990,72,-32,-15012,-2568,4440,-489,117,-168,0
1226.4839041233063,11016,4888,10400,-102,-11,74,9736,-9680,8384,-81,116,-172,-15112,3912,2568,-1021,65,-54,-15172,-2812,4680,-481,147,-173,0
1226.517550945282,10988,4856,10484,-74,252,98,9972,-9448,8316,-55,112,-149,-14876,3772,2484,-1080,55,-81,-15360,-2648,4720,-479,153,-160,0
1226.5510730743408,10908,4876,10368,-22,31,73,10016,-9460,8316,-38,136,-126,-15044,3800,2444,-1041,62,-24,-15352,-2976,4828,-504,78,-163,0
1226.5843210220337,10892,4804,10456,-65,57,41,9956,-9536,8332,-32,144,-146,-15020,3832,2596,-1013,56,-15,-14852,-2632,4576,-486,87,-152,0
1226.6179039478302,10976,4832,10264,-105,19,57,10008,-9484,8232,-47,150,-165,-14960,3764,2520,-1012,58,-5,-15348,-2664,4632,-501,128,-171,0
1226.6513509750366,10828,4972,10724,-70,-252,83,9992,-9420,8368,-55,142,-155,-15028,3888,2348,-1033,125,-86,-15072,-2700,4732,-477,135,-149,0
1226.6848070621493,10828,4908,10392,-139,-45,96,9916,-9476,8376,-35,129,-154,-14924,3816,2616,-1037,78,-115,-15020,-2836,4712,-483,150,-126,0
1226.7185320854187,10856,4944,10484,-58,-46,118,9968,-9524,8204,-66,89,-163,-14924,4084,2564,-1024,87,-79,-15132,-2704,4856,-502,158,-108,0
1226.7520120143893,10872,4972,10412,-82,-41,115,9884,-9484,8428,-53,123,-157,-15052,3868,2720,-1004,79,-51,-15064,-2720,4792,-487,110,-147,0
1226.7851791381836,10924,4868,10588,-115,-41,88,9936,-9520,8432,-26,133,-175,-15296,3844,2440,-1277,101,-76,-15036,-2804,4732,-494,136,-140,0
1226.8188920021055,10900,4868,10288,-79,-28,105,9888,-9496,8308,-32,87,-177,-15028,3808,2404,-1277,99,-103,-15200,-2696,4796,-512,169,-144,0
1226.8525650501251,10972,4988,10268,-85,-44,81,10084,-9476,8364,-46,105,-195,-15056,3804,2660,-1020,97,-119,-15168,-2784,4732,-506,158,-137,0
1226.8858809471133,10864,5000,10532,-102,-92,85,9980,-9496,8240,-80,113,-204,-14928,3844,2668,-1002,100,-45,-15096,-2728,4804,-487,145,-88,0
1226.9288859367373,10976,4912,10520,-109,-53,110,9972,-9288,8580,-40,114,-192,-14956,3648,2568,-1004,132,-91,-15324,-2676,4692,-492,127,-111,0
1226.9733800888062,10912,4920,10276,-136,-76,129,10012,-9588,8324,-34,103,-173,-15048,3880,2572,-1019,106,-66,-15108,-2744,4772,-488,158,-136,0
1227.0163791179657,10896,4904,10496,-94,-70,105,10048,-9640,8352,-55,119,-192,-15056,3868,2632,-1028,74,-87,-15072,-2676,4840,-478,158,-168,0
1227.0499601364136,10816,5064,10336,-114,-107,67,9984,-9500,8364,-56,129,-206,-15004,3788,2772,-1008,74,-98,-14888,-2636,4744,-501,156,-135,0
1227.083431005478,10896,4916,10404,-99,-82,98,9908,-9528,8348,-75,132,-178,-15024,4072,2372,-977,117,-76,-15152,-2636,4796,-493,120,-121,0
1227.1171169281006,11152,4864,10392,-132,-64,105,9976,-9460,8280,-32,142,-156,-14968,3856,2624,-1030,67,-73,-15104,-2600,4832,-478,113,-102,0
1227.1506049633026,10820,4924,10748,-186,-56,142,9928,-9648,8360,8,113,-165,-15036,3832,2576,-1280,95,-48,-15144,-2804,4620,-482,136,-66,0
1227.1840240955353,10880,4948,10388,-143,-26,122,9936,-9524,8352,-85,106,-187,-14992,3716,2356,-962,93,-80,-15128,-2728,4668,-471,140,-120,0
1227.2173540592194,10884,4868,10388,-157,-54,87,9772,-9568,8368,-22,117,-180,-15088,3848,2464,-1042,89,-76,-15048,-2320,4696,-490,182,-154,0
1227.2544300556183,10820,4896,10344,-119,-47,91,10208,-9440,8364,-8,144,-158,-14944,3808,2712,-1038,43,-110,-15268,-2736,4736,-760,142,-113,0
1227.2902190685272,10848,4948,10472,-129,-37,120,9952,-9556,8420,-10,145,-159,-14976,3840,2500,-965,117,-35,-14872,-2632,4808,-469,104,-124,0
1227.3256690502167,10804,4920,10736,-215,-30,87,9972,-9572,8252,-11,159,-160,-15000,3644,2448,-955,102,-65,-15056,-2656,4656,-473,145,-107,0
1227.3612411022186,10832,4964,10308,-256,-111,129,9888,-9456,8236,-11,164,-177,-15052,3776,2616,-959,123,-82,-15104,-2740,4680,-489,139,-70,0
1227.3960490226746,10820,5072,10256,-512,-133,157,9728,-9264,8348,-12,125,-225,-14924,3848,2324,-935,171,-156,-15028,-2700,4736,-461,204,-40,0
1227.4323589801788,10636,4888,10472,-272,-160,139,9912,-9308,8400,252,122,-246,-15028,3876,2560,-971,160,-117,-15092,-2700,4776,-484,177,-85,0
1227.468045949936,10860,5048,10244,-270,-145,137,9980,-9556,8248,20,179,-196,-14936,4064,2400,-958,112,-132,-15112,-2720,4728,-438,155,-98,0
1227.5036480426788,10860,5100,10544,-260,-120,139,9772,-9480,8364,38,181,-226,-15008,3896,2436,-934,161,-167,-15056,-2692,4844,-442,152,-40,0
1227.5391600131989,10760,4968,10576,-278,-166,125,10016,-9540,8284,39,124,-232,-15040,3820,2508,-952,160,-93,-15092,-2756,4780,-476,213,-84,0
1227.574490070343,10976,4928,10400,-268,-172,164,9932,-9388,8420,49,143,-205,-15048,3772,2580,-1000,144,-110,-15088,-2704,4764,-463,209,-36,0
1227.6106071472168,10980,4788,10376,-275,-235,157,10040,-9440,8360,4,113,-257,-15036,3708,2520,-956,210,-153,-15224,-2692,4756,-459,200,-55,0
1227.645630121231,10904,4652,10700,-283,-247,140,10044,-9592,8384,254,167,-4,-15068,3820,2596,-953,144,-160,-14888,-2576,4516,-460,179,-69,0
1227.680979013443,11008,4908,10416,-234,-203,125,10016,-9436,8524,30,141,-209,-15012,3716,2804,-982,128,-158,-15360,-2732,4684,-467,144,-80,0
1227.716236114502,10912,5116,10300,-236,-153,141,9964,-9552,8300,30,139,-189,-15020,3844,2480,-1003,134,-125,-15340,-2736,4752,-462,170,-79,0
1227.7522299289703,10952,4896,10344,-229,-205,150,10016,-9396,8408,17,133,-215,-15008,3740,2548,-1002,113,-119,-15220,-2644,4800,-460,178,-79,0
1227.788377046585,10956,4952,10504,-192,-186,167,9936,-9368,8344,14,87,-225,-14868,3812,2396,-970,160,-116,-15144,-2712,4692,-485,197,-54,0
1227.8233230113983,10908,4756,10460,-205,-210,174,10040,-9496,8348,10,114,-222,-14852,3800,2808,-1001,163,-119,-15052,-2604,4664,-464,171,-51,0
1227.8592290878296,10900,4784,10656,-230,-204,183,10044,-9400,8300,11,97,-230,-15064,3836,2564,-965,170,-116,-15176,-2684,4716,-454,149,-61,0
1227.8953080177307,10992,4804,10560,-173,-193,176,10040,-9456,8356,8,127,-173,-15064,3780,2588,-1012,164,-99,-15168,-2544,4748,-509,101,-110,0
1227.9289181232452,10884,4820,10276,-227,-160,160,10052,-9560,8424,17,96,-185,-14996,3828,2544,-1061,92,-127,-15004,-2660,4684,-505,175,-103,0
1227.9624600410461,11188,5116,10408,-154,-128,120,9992,-9356,8576,-24,132,-194,-14888,3688,2428,-999,120,-111,-15184,-2632,4676,-471,148,-117,0
1227.9961681365967,10968,4856,10520,-129,-111,108,10020,-9228,8444,-48,134,-217,-15048,3808,2596,-1011,113,-130,-15132,-2560,4680,-462,211,-123,0
1228.030153989792,10992,4648,10312,-151,-160,99,10216,-9220,8328,-6,115,-192,-15024,3784,2564,-1065,89,-65,-15104,-2580,4808,-504,164,-156,0
1228.0636839866638,11252,4796,10388,-80,-47,117,9744,-9296,8348,-30,123,-154,-15036,4076,2772,-1041,18,-2,-15024,-2728,4796,-509,93,-189,0
1228.0972521305084,11232,4752,10280,-105,20,71,9984,-9516,8308,-56,155,-120,-15076,3984,2792,-1036,29,-56,-15128,-2576,4752,-493,72,-157,0
1228.1305220127106,10900,4888,10432,-120,12,67,9932,-9456,8324,-25,161,-165,-15080,3784,2496,-1059,46,-69,-15052,-2752,4684,-480,137,-150,0
1228.1642570495605,10912,4828,10708,-115,-25,104,9756,-9224,8440,-50,155,-141,-14988,3764,2616,-1038,81,-67,-15104,-2320,4784,-503,149,-152,0
1228.1978161334991,10956,4848,10344,-92,-61,91,9976,-9232,8236,-47,129,-181,-14964,3732,2604,-1028,88,-84,-15040,-2420,4828,-494,165,-142,0
1228.2315299510956,10928,4848,10368,-103,-48,118,9880,-9424,8624,-50,100,-206,-15072,3724,2768,-1280,86,-60,-15100,-2684,4800,-766,157,-130,0
1228.2649960517883,10980,4784,10684,-53,-35,70,9952,-9476,8404,-51,153,-162,-15072,3612,2652,-1015,69,-69,-15052,-2728,4872,-496,87,-152,0
1228.2986130714417,10968,4976,10492,-113,-253,97,9984,-9536,8308,-60,187,-147,-15072,3808,2804,-1009,71,-97,-15156,-2668,4728,-481,115,-147,0
1228.3321459293365,10952,4860,10460,-109,-10,85,9936,-9344,8308,-54,105,-148,-15068,4020,2380,-1036,79,-71,-15144,-2580,4872,-504,136,-161,0
1228.365797996521,10984,4904,10440,-96,-9,114,9752,-9504,8360,-44,108,-163,-14976,3704,2652,-1011,91,-20,-15156,-2624,4608,-501,127,-127,0
1228.3990979194639,11040,4888,10524,-38,1,115,10028,-9412,8328,-85,92,-155,-15100,4068,2688,-994,97,-31,-15136,-2648,4768,-490,122,-155,0
1228.4326360225677,10872,4788,10516,-58,24,95,10012,-9456,8208,-118,114,-164,-15328,3904,2348,-1045,68,-74,-15072,-2600,4636,-518,138,-148,0
1228.4660580158234,10936,4812,10572,-94,-14,99,9804,-9508,8380,-12,114,-143,-15004,3584,2760,-1045,64,-77,-14996,-2752,4692,-486,133,-144,0
1228.4995131492615,10948,4844,10356,-11,-18,70,10004,-9408,8312,-84,122,-162,-14904,3744,2604,-1001,82,-72,-15056,-2656,4724,-470,109,-133,0
1228.5331089496613,10928,4684,10384,-58,-25,55,9928,-9484,8252,-57,145,-164,-15052,3824,2512,-1009,39,-50,-15132,-2684,4636,-492,117,-165,0
1228.5668561458588,11040,4872,10284,-42,0,79,10036,-9436,8272,-56,128,-150,-15096,3876,2792,-1036,57,-28,-15336,-2696,4684,-515,104,-203,0
1228.6001410484314,10908,4848,10560,-35,31,77,9996,-9316,8480,-59,104,-138,-15008,3828,2336,-1030,17,-20,-14908,-2684,4760,-512,132,-182,0
1228.6335110664368,10916,4932,10336,-57,21,81,9992,-9404,8392,-95,142,-130,-14996,3692,2508,-1021,68,-60,-15332,-2676,4792,-522,102,-139,0
1228.6672179698944,10912,4924,10524,-82,255,74,10140,-9368,8372,-100,113,-141,-14980,3760,2432,-1011,74,-62,-14928,-2632,4716,-476,102,-140,0
1228.7007999420166,10868,5084,10324,-85,28,107,9924,-9232,8348,-75,112,-143,-15036,3764,2544,-1280,99,-62,-15164,-2556,4776,-507,134,-117,0
1228.7345719337463,10868,5020,10636,-56,-35,121,9852,-9716,8328,-60,112,-169,-14988,3788,2708,-1069,91,-53,-15036,-2808,4808,-513,157,-144,0
1228.7681820392609,10912,4968,10292,-71,-56,122,9988,-9536,8412,-28,113,-192,-15104,3808,2640,-781,109,-57,-15068,-2800,4656,-507,134,-148,0
1228.8017420768738,10884,4944,10360,-80,-53,84,10056,-9500,8368,-54,134,-153,-15076,3840,2356,-1027,44,-89,-15048,-2748,4632,-507,134,-164,0
1228.835170030594,10936,5036,10496,-119,-43,71,9864,-9660,8616,-22,161,-160,-15028,3784,2304,-779,52,-105,-14980,-2804,4616,-494,146,-152,0
1228.86865401268,11000,5068,10448,-118,-54,101,10072,-9480,8268,-48,155,-177,-15080,3840,2664,-1001,67,-52,-15124,-2736,4680,-478,138,-120,0
1228.9019601345062,10896,4704,10572,-146,-63,88,9956,-9540,8320,-42,138,-177,-15004,4076,2584,-984,107,-70,-14872,-2644,4736,-489,139,-124,0
1228.9401891231537,11208,4968,10260,-150,-71,132,9960,-9452,8364,-38,126,-179,-14876,4088,2616,-1011,124,-42,-14996,-2612,4792,-471,130,-104,0
1228.97553896904,10840,4980,10712,-122,-58,119,10040,-9460,8260,-26,110,-184,-15080,3888,2528,-1009,124,-61,-15140,-2704,4868,-488,179,-98,0
1229.01131606102,10932,4932,10740,-132,-73,126,9740,-9460,8348,-18,116,-193,-14912,3720,2748,-1033,93,-48,-15336,-2756,4740,-505,175,-110,0
1229.0475840568545,11120,4892,10688,-136,-53,117,10036,-9536,8340,-17,135,-187,-14912,3616,2540,-1025,119,-66,-15044,-2680,4756,-499,169,-116,0
1229.0828969478607,10860,4944,10396,-150,-61,100,9736,-9440,8336,242,175,-181,-14992,3812,2596,-996,97,-96,-15068,-2712,4892,-495,133,-130,0
1229.1190021038055,10908,4868,10540,-168,-94,123,9732,-9728,8344,1,161,-207,-14960,3776,2480,-1001,114,-87,-15108,-2724,4640,-464,134,-103,0
1229.153825044632,10900,4980,10432,-199,-64,111,9860,-9536,8408,5,133,-181,-15088,3824,2432,-956,149,-102,-15088,-2680,4828,-477,123,-97,0
1229.1897511482239,10812,4944,10444,-210,-97,127,9944,-9556,8320,-8,137,-183,-15060,3584,2724,-944,137,-160,-15024,-2572,4764,-479,169,-84,0
1229.2252230644226,10864,4944,10456,-232,-130,114,9956,-9612,8248,-50,158,-222,-15016,3868,2740,-935,155,-102,-15108,-2756,4828,-476,166,-67,0
1229.2607071399689,10840,4848,10500,-1,-152,113,9980,-9472,8464,-7,121,-220,-14892,3968,2372,-941,151,-148,-15080,-2648,4724,-467,151,-78,0
1229.296168088913,10788,4788,10556,-245,-126,129,10052,-9440,8264,8,176,-219,-15080,3764,2344,-952,112,-101,-15140,-2584,4748,-473,168,-80,0
1229.3316550254822,10904,4872,10408,-243,-134,112,10008,-9540,8396,23,141,-205,-15000,3800,2480,-990,125,-156,-14932,-2740,4696,-445,168,-84,0
1229.3678140640259,10924,5100,10740,-253,-173,132,10040,-9496,8360,-251,117,-245,-15060,3780,2516,-968,187,-140,-15180,-2620,4720,-446,211,-46,0
1229.4023299217224,10940,4988,10472,-283,-214,149,9728,-9444,8256,-19,138,-237,-15076,3792,2584,-937,167,-199,-15188,-2696,4724,-452,166,-78,0
1229.4380769729614,11084,4840,10368,-203,-165,132,10088,-9440,8340,-10,146,-156,-15116,3824,2460,-990,136,-85,-15140,-2600,4768,-477,137,-85,0
1229.4731240272522,10988,5108,10324,-275,-170,130,10012,-9512,8320,15,101,-200,-14992,3764,2640,-1059,117,-118,-15024,-2728,4684,-464,161,-94,0
1229.5086629390717,10976,5036,10428,-197,-110,125,9912,-9416,8272,-21,128,-203,-15032,3736,2660,-948,125,-103,-15356,-2656,4648,-444,167,-73,0
1229.5438549518583,11252,4800,10404,-235,-141,102,10236,-9416,8404,-251,138,-226,-14968,3796,2548,-994,108,-115,-15340,-2596,4704,-469,207,-108,0
1229.5801119804382,10964,4756,10724,-209,-141,147,10180,-9372,8340,71,153,-190,-15076,3716,2552,-1059,76,-48,-15140,-2732,4752,-501,156,-76,0
1229.6137800216675,10768,5116,10296,-218,-130,146,9976,-9468,8244,12,149,-177,-15004,3588,2576,-976,97,-91,-15292,-2644,4848,-468,87,-124,0
1229.6472589969635,10820,4844,10552,-231,-135,125,9996,-9492,8356,-6,135,-198,-15040,3840,2704,-964,133,-144,-15112,-2684,4640,-452,137,-106,0
1229.683109998703,10856,4616,10536,-231,-166,159,9756,-9400,8360,-16,128,-205,-15040,3904,2540,-995,144,-138,-15072,-2632,4732,-463,158,-69,0
1229.7175121307373,11008,4848,10568,-200,-189,140,9756,-9408,8352,2,121,-199,-14972,3816,2524,-995,180,-156,-14868,-2628,4700,-473,203,-50,0
1229.7511739730835,10764,4876,10560,-216,-219,177,9960,-9376,8392,20,94,-226,-14996,3948,2664,-1004,162,-137,-14884,-2656,4744,-468,189,-63,0
1229.7845749855042,10956,4812,10424,-164,-220,187,10052,-9424,8304,22,80,-227,-15068,3812,2512,-980,152,-102,-15128,-2584,4748,-468,164,-49,0
1229.8181869983673,11004,4820,10432,-196,-161,134,10136,-9536,8420,11,109,-200,-14888,3776,2612,-998,135,-95,-15112,-2596,4708,-470,158,-93,0
1229.8518459796906,10876,4816,10304,-152,-145,128,10176,-9476,8408,-16,126,-195,-15028,3724,2484,-1015,103,-118,-15196,-2724,4664,-489,180,-112,0
1229.8852219581604,11008,4864,10172,-131,-135,129,10000,-9240,8412,-1,121,-193,-14960,3708,2416,-1020,102,-127,-15112,-2580,4608,-498,168,-107,0
1229.9187679290771,10964,4836,10384,-106,-94,116,10088,-9356,8320,-43,144,-213,-15236,3884,2376,-1005,99,-68,-15316,-2572,4804,-484,164,-125,0
1229.952031135559,11008,4828,10604,-133,-88,97,9992,-9452,8284,-45,156,-213,-14952,3796,2480,-1014,90,-96,-15060,-2652,4776,-463,179,-153,0
1229.9857060909271,10984,4732,10412,-141,-83,78,10060,-9456,8348,-42,142,-195,-14960,3708,2456,-1004,57,-80,-15096,-2616,4704,-494,154,-150,0
1230.019268035889,10980,5108,10324,-96,-77,89,9816,-9428,8348,-24,122,-132,-15000,3764,2380,-1025,104,-62,-15040,-2624,4652,-495,122,-136,0
1230.05282497406,10904,4852,10384,-87,-49,80,9968,-9448,8424,-23,109,-178,-15060,3856,2580,-1023,65,-121,-15108,-2656,4684,-495,166,-139,0
1230.086462020874,10780,4608,10456,-118,-45,100,9940,-9440,8356,-41,167,-168,-14956,3852,2564,-1006,85,-68,-15096,-2648,4772,-474,126,-132,0
1230.1200420856476,11060,4664,10260,-74,-42,129,10180,-9452,8420,-67,173,-143,-14880,3804,2560,-1006,84,-49,-15224,-2560,4732,-506,78,-130,0
1230.1533031463623,10808,4840,10400,-55,-254,77,10040,-9468,8356,-19,140,-141,-15052,3796,2580,-1055,58,-48,-15028,-2720,4732,-512,121,-140,0
1230.1867971420288,10888,5116,10248,-109,1,106,10016,-9420,8392,-35,129,-143,-14960,3732,2468,-1030,94,-52,-15136,-2752,4732,-508,92,-114,0
1230.220341920853,10884,4940,10536,-28,-11,102,10068,-9724,8196,-94,132,-174,-15040,3816,2520,-1000,76,-40,-15080,-2680,4784,-470,126,-129,0
1230.2539429664612,10824,4820,10276,-117,-43,84,10024,-9600,8228,-51,145,-166,-15020,3884,2656,-788,53,-89,-14896,-2780,4608,-489,139,-149,0
1230.287348985672,11236,4812,10380,-91,14,105,9972,-9328,8280,-24,114,-149,-15044,3744,2304,-1052,46,-24,-14908,-2596,4692,-478,125,-116,0
1230.3210759162903,10960,4800,10388,-62,10,98,10028,-9440,8320,-69,121,-141,-14892,3852,2644,-994,54,-27,-15048,-2660,4648,-476,110,-183,0
1230.3543560504913,10892,4640,10708,-80,20,81,9984,-9660,8700,-71,150,-148,-14992,3844,2568,-778,40,-52,-15088,-2668,4692,-482,75,-166,0
1230.3875639438627,10916,4808,10632,-74,11,99,9964,-9460,8256,-40,120,-133,-15060,3800,2808,-1033,64,-42,-15140,-2612,4748,-490,130,-170,0
1230.4210550785065,10820,4672,9992,-48,-13,93,9944,-9316,8416,-61,105,-160,-15072,4064,2684,-1041,99,-33,-15128,-2632,4700,-507,160,-129,0
1230.4545450210571,10824,5108,10436,-94,-20,114,10200,-9232,8244,-51,102,-160,-15068,3732,2656,-1056,98,-70,-14944,-2700,4716,-765,152,-148,0
1230.4878990650177,10896,4972,10376,-72,-27,120,10064,-9388,8412,-55,96,-171,-14972,3872,2620,-1009,91,-81,-15148,-2644,4756,-491,147,-160,0
1230.521595954895,10832,4976,10400,-93,-57,89,9996,-9512,8412,-41,116,-158,-15128,4040,2572,-1000,102,-101,-15148,-2644,4740,-459,95,-149,0
1230.5551910400393,10832,4620,10584,-95,-35,104,9888,-9680,8456,-18,86,-176,-15068,3620,2788,-1007,95,-53,-15128,-2660,4800,-454,131,-142,0
1230.5907490253448,10812,4696,10360,-76,-77,84,9976,-9492,8452,-37,112,-162,-14996,3840,2484,-1011,67,-54,-15148,-2660,4732,-496,152,-133,0
1230.6256120204926,10960,4872,10384,-121,-32,109,10000,-9332,8456,-51,89,-201,-15040,3808,2644,-974,67,-120,-15052,-2656,4780,-491,144,-111,0
1230.6611499786377,10976,4804,10248,-90,-60,80,10236,-9444,8396,-65,150,-192,-15124,3888,2488,-981,74,-64,-15096,-2668,4756,-481,161,-147,0
1230.6961460113525,10944,4988,10524,-95,-58,87,9864,-9492,8428,-52,126,-152,-15012,3824,2640,-1039,69,-65,-15016,-2692,4840,-498,145,-108,0
1230.73179602623,10880,4896,10536,-80,-63,124,9996,-9380,8220,-28,88,-159,-15092,3772,2624,-1039,85,-46,-15076,-2644,4740,-478,167,-135,0
1230.767606973648,10864,4888,10456,-91,-67,105,9852,-9588,8360,-29,115,-187,-15096,3824,2660,-1040,103,-53,-15116,-2720,4716,-490,159,-124,0
1230.8028020858765,10912,4880,10388,-115,-81,114,10032,-9456,8320,-64,103,-191,-15020,3608,2800,-987,93,-92,-15348,-2756,4740,-472,144,-138,0
1230.8380749225616,10868,5064,10480,-93,-64,85,10004,-9456,8284,-65,145,-141,-14980,3788,2724,-1000,87,-55,-15076,-2668,4652,-513,106,-147,0
1230.8737330436709,10920,4960,10608,-143,-30,96,10184,-9492,8200,-6,139,-183,-15016,3644,2628,-1047,68,-98,-15112,-2708,4840,-767,126,-133,0
1230.9095530509949,10528,4972,10460,-165,-5,125,9984,-9500,8340,-70,126,-162,-15328,3792,2744,-1000,136,-21,-15148,-2692,4760,-490,131,-89,0
1230.9447920322418,10932,4932,10424,-154,-81,108,9976,-9724,8192,-55,151,-168,-14996,3852,2428,-984,91,-113,-15016,-2596,4824,-477,139,-144,0
1230.9803400039673,10876,4832,10460,-162,-45,93,10064,-9460,8212,-8,152,-154,-15056,3600,2808,-1052,84,-71,-15020,-2720,4760,-506,174,-119,0
1231.0159211158752,10888,4972,10560,-138,-81,121,9936,-9420,8228,5,159,-155,-14952,3824,2492,-1009,101,-89,-15040,-2772,4652,-492,126,-115,0
1231.0513770580292,10932,4916,10444,-205,-41,90,9912,-9240,8300,18,170,-181,-14940,3816,2644,-948,122,-54,-15168,-2688,4636,-460,104,-109,0
1231.0872991085052,10916,4972,10492,-279,-127,118,9780,-9456,8392,-6,213,-187,-14912,4084,2536,-961,134,-138,-15068,-2684,4780,-484,163,-67,0
1231.1224370002749,10892,4988,10640,-260,-146,128,9900,-9504,8548,-28,173,-202,-14940,3756,2792,-921,168,-124,-15284,-2744,4764,-468,168,-79,0
1231.1581490039825,10836,4776,10388,-301,-178,121,9896,-9724,8332,-15,140,-214,-15084,3984,2668,-958,143,-116,-15028,-2752,4752,-479,188,-45,0
1231.1936759948733,10888,4956,10260,-234,-147,126,9948,-9516,8336,8,173,-190,-15076,3876,2592,-943,117,-146,-15044,-2680,4752,-454,149,-82,0
1231.229259967804,10960,4616,10360,-309,-130,144,9908,-9492,8400,64,185,-189,-14992,3828,2620,-912,176,-160,-15004,-2680,4808,-464,166,-53,0
1231.2647869586945,10780,4728,10564,-284,-170,143,10088,-9508,8272,45,193,-216,-14988,3856,2676,-953,158,-148,-15160,-2696,4792,-444,203,-72,0
1231.2982959747314,10916,4848,10452,-279,-193,133,10216,-9516,8316,3,138,-239,-15088,4056,2472,-999,174,-123,-15000,-2652,4636,-464,211,-68,0
1231.3318691253662,10764,4844,10356,-210,-209,161,9992,-9408,8292,-13,116,-221,-14992,3588,2808,-977,139,-140,-15060,-2684,4632,-461,198,-74,0
1231.3656001091003,10996,4660,10388,-251,-247,119,9884,-9696,8368,10,145,-218,-15008,3724,2500,-971,169,-142,-15100,-2692,4768,-446,192,-71,0
1231.39870095253,10964,4876,10388,-262,-204,130,9828,-9244,8216,10,134,-248,-15028,3948,2588,-985,139,-99,-14952,-2588,4724,-490,180,-84,0
1231.4320731163025,11008,4868,10496,-510,-160,114,9916,-9400,8308,24,132,-202,-15028,4008,2424,-1005,126,-79,-15220,-2604,4808,-469,152,-84,0
1231.4654080867767,10992,4728,10496,-230,-174,126,10068,-9384,8272,36,116,-212,-15128,3804,2360,-1001,95,-108,-15180,-2628,4652,-460,161,-76,0
1231.4989321231842,10952,4856,10564,-229,-174,142,10004,-9392,8576,-253,106,-220,-15048,3796,2624,-995,146,-146,-15084,-2684,4840,-460,150,-66,0
1231.5324029922483,10896,4888,10508,-223,-195,169,9752,-9456,8324,23,114,-229,-15020,3736,2620,-958,162,-138,-15104,-2628,4788,-477,208,-37,0
1231.5661220550535,11244,5096,10452,-201,-203,152,9996,-9344,8472,7,88,-211,-14936,3780,2452,-982,160,-107,-15128,-2580,4828,-481,117,-42,0
1231.5997319221497,10776,4708,10400,-182,-158,165,10052,-9360,8324,37,90,-173,-15036,4072,2776,-1044,144,-77,-15332,-2628,4680,-491,137,-75,0
1231.6330699920654,11012,4796,10712,-257,-190,171,10068,-9716,8316,15,107,-192,-14992,3820,2540,-1081,99,-100,-14992,-2752,4784,-469,161,-56,0
1231.666652917862,10952,5048,10308,-167,-162,127,10004,-9380,8368,-62,115,-209,-15040,3796,2652,-961,143,-157,-15360,-2632,4760,-441,140,-69,0
1231.7000439167025,10788,4756,10320,-216,-163,126,9932,-9524,8392,0,130,-224,-15028,3828,2604,-1005,119,-164,-15348,-2536,4692,-463,189,-98,0
1231.7337701320648,11252,4740,10108,-172,-141,143,10048,-9320,8324,-253,112,-202,-14940,3756,2584,-1048,84,-89,-15064,-2672,4700,-472,163,-100,0
1231.7673540115356,11216,4800,10468,-127,-87,102,10060,-9456,8604,-43,143,-162,-14968,3800,2564,-1029,58,-18,-15112,-2640,4820,-482,98,-143,0
1231.8007950782776,11080,4840,10608,-100,-90,105,10044,-9220,8292,-31,145,-196,-14980,4076,2672,-1037,57,-38,-15068,-2604,4692,-497,131,-145,0
1231.8343839645386,11048,4608,10372,-106,-66,70,9936,-9336,8284,-50,161,-181,-14892,3688,2464,-1045,69,-98,-15168,-2612,4504,-489,156,-149,0
1231.8680350780487,11016,4824,10236,-82,-55,86,10048,-9304,8300,-39,124,-169,-15092,3800,2648,-1057,88,-96,-15212,-2624,4708,-494,166,-128,0
1231.9014871120453,11008,4740,10468,-134,-74,94,9928,-9356,8404,-12,132,-173,-15036,3764,2528,-1043,109,-69,-15160,-2604,4708,-485,193,-120,0
1231.9351770877838,10936,4832,10464,-62,-41,114,10016,-9412,8500,-26,122,-143,-15016,3796,2416,-1054,85,-55,-15320,-2724,4972,-523,129,-149,0
1231.96857213974,11064,4904,10508,-91,-41,94,9984,-9452,8352,-63,160,-162,-14880,3780,2576,-979,83,-65,-14988,-2596,4736,-495,107,-141,0
1232.001965045929,10940,4792,10468,-105,-28,66,9924,-9488,8424,-43,161,-178,-15072,3688,2648,-1014,76,-84,-15140,-2688,4624,-262,157,-176,0
1232.0353181362152,11008,4736,10304,-57,-53,110,10220,-9468,8348,-56,151,-175,-14940,3772,2456,-1015,89,-84,-15048,-2644,4704,-534,144,-147,0
1232.0689251422882,11004,4756,10380,-81,-14,92,10104,-9404,8408,-70,135,-160,-14984,4044,2464,-949,82,-52,-15132,-2796,4720,-532,125,-149,0
1232.1025969982147,10836,4860,10364,-72,-52,98,10112,-9352,8360,-111,146,-147,-15036,3892,2712,-959,102,-47,-15140,-2376,4692,-488,119,-117,0
1232.1358270645142,11080,4728,10348,-61,-6,89,10088,-9472,8444,-66,148,-169,-15172,3820,2556,-1021,51,-42,-15348,-2648,4716,-521,121,-157,0
1232.1693470478058,11012,4740,10404,-114,-42,109,10028,-9456,8196,-28,130,-148,-15012,3820,2472,-1063,74,-87,-15080,-2720,4632,-768,141,-133,0
1232.2029371261597,10928,4788,10336,-19,39,70,10032,-9320,8452,-107,108,-146,-15016,3808,2484,-1038,119,-103,-14896,-2596,4744,-508,167,-127,0
1232.2366280555723,10992,4768,10612,-56,-48,82,10040,-9500,8448,-55,123,-167,-15032,3600,2756,-1031,59,-44,-15132,-2656,4748,-519,101,-150,0
1232.2722611427307,11228,4820,10032,-55,8,65,10100,-9408,8576,-51,106,-134,-15104,3796,2624,-1035,25,-12,-14868,-2648,4820,-531,99,-177,0
1232.307403087616,10928,5116,10412,-26,251,64,10236,-9404,8412,-61,122,-134,-15060,3764,2688,-1069,29,-25,-15040,-2808,4808,-541,112,-198,0
1232.3433229923248,10904,4912,10360,-65,24,73,9904,-9360,8352,-109,145,-138,-14988,3700,2676,-971,43,-58,-15084,-2696,4700,-520,121,-142,0
1232.37873005867,10912,5100,10560,-132,12,69,9992,-9464,8328,-96,113,-182,-15012,3856,2452,-996,100,-45,-15072,-2668,4808,-501,147,-134,0
1232.4138691425323,10816,4880,10252,-65,-15,84,10000,-9524,8236,-38,99,-190,-15068,3904,2696,-1030,122,-113,-14940,-2696,4704,-516,166,-141,0
1232.4491491317747,10912,4872,10516,-75,-46,119,9744,-9240,8392,-39,103,-171,-15048,3884,2540,-1065,79,-91,-15072,-2672,4744,-493,167,-105,0
1232.483988046646,10872,4932,10480,-76,-34,111,10060,-9480,8340,-25,118,-173,-15084,3788,2600,-1039,94,-70,-14892,-2752,4704,-511,153,-152,0
1232.519406080246,10924,5092,10372,-79,-49,82,9968,-9436,8200,-42,121,-162,-14984,3624,2640,-1057,61,-73,-15168,-2612,4764,-532,137,-134,0
1232.554398059845,10960,5008,10292,-74,-60,91,10096,-9420,8312,-45,131,-152,-15004,3756,2728,-1277,64,-21,-15144,-2676,4844,-765,132,-175,0
1232.5902230739594,10932,4872,10260,-112,-54,92,10084,-9692,8276,-80,129,-194,-15064,3892,2684,-1000,70,-46,-14884,-2920,4792,-532,155,-132,0
1232.625335931778,10876,4892,10408,-136,-32,104,10192,-9236,8372,-68,118,-154,-14948,3796,2452,-997,89,-71,-15068,-2740,4812,-489,144,-127,0
1232.661003112793,10924,4968,10428,-124,-31,114,10084,-9464,8448,-38,108,-167,-14936,3716,2640,-996,131,-53,-15020,-2692,4592,-508,138,-140,0
1232.6962039470673,10948,4900,10456,-116,-60,109,9992,-9480,8344,-28,151,-165,-15012,3800,2496,-775,99,-87,-15076,-2680,4740,-518,171,-154,0
1232.7317969799042,10964,4840,10536,-126,-67,90,9776,-9440,7968,-20,142,-180,-15068,3836,2688,-1027,94,-53,-15088,-2684,4780,-513,170,-107,0
1232.7680130004883,10804,4832,10492,-123,-55,74,10216,-9220,8316,-31,159,-160,-14948,3892,2712,-1005,83,-137,-15020,-2692,4772,-502,161,-129,0
1232.8032510280607,10944,4880,10476,-164,-68,107,9976,-9464,8384,-15,147,-157,-14976,3936,2520,-1001,105,-79,-15072,-2712,4764,-486,135,-123,0
1232.83935713768,10856,4964,10092,-175,-71,90,9912,-9264,8624,-35,113,-168,-15000,3816,2648,-995,113,-79,-15108,-2628,4676,-512,153,-87,0
1232.8748159408567,10912,4904,10464,-169,-76,125,9940,-9404,8384,-29,128,-174,-15020,3856,2624,-962,144,-101,-15088,-2736,4856,-475,152,-87,0
1232.9106450080872,10928,4900,10264,-223,-93,116,10128,-9508,8424,-27,133,-200,-15068,4004,2616,-988,121,-125,-15020,-2648,4828,-491,149,-77,0
1232.946592092514,10832,4904,10420,-207,-103,115,10208,-9500,8448,-38,151,-201,-14956,3584,2692,-946,141,-147,-14912,-2792,4808,-476,169,-66,0
1232.9800341129303,10864,4936,10480,-248,-116,119,9744,-9388,8384,-25,157,-197,-14940,3592,2776,-969,139,-100,-15336,-2680,4808,-476,172,-79,0
1233.0137469768524,10976,4900,10276,-247,-100,115,9936,-9444,8316,-18,175,-213,-15036,3712,2444,-959,109,-113,-15068,-2676,4812,-486,171,-101,0
1233.0473909378052,10876,5100,10556,-251,-111,117,9920,-9484,8492,-24,183,-210,-15032,3932,2520,-964,138,-113,-15096,-2692,4680,-476,204,-69,0
1233.0811071395874,10924,4864,10572,-292,-152,105,9984,-9520,8388,-19,145,-204,-15020,3856,2564,-910,157,-156,-15180,-2632,4844,-434,156,-51,0
1233.11443901062,10988,4892,10372,-219,-107,116,10020,-9696,8360,-59,172,-204,-15068,3844,2784,-921,146,-139,-15152,-2588,4700,-463,111,-54,0
1233.147831916809,10952,4816,10544,-269,-144,139,10028,-9528,8316,25,161,-201,-15004,4040,2344,-1003,98,-60,-15136,-2556,4688,-493,178,-69,0
1233.1813659667969,10864,4880,10516,-276,-140,163,10032,-9492,8372,19,128,-209,-14932,3728,2504,-1024,134,-95,-15072,-2616,4748,-453,140,-75,0
1233.2149260044098,10752,4936,10360,-241,-112,118,10188,-9384,8360,-11,135,-224,-15060,3784,2612,-961,158,-125,-15072,-2676,4644,-483,205,-70,0
1233.248456954956,10996,4792,10564,-233,-189,127,10024,-9544,8084,1,156,-245,-15064,3848,2476,-1060,76,-160,-15188,-2736,4784,-510,186,-76,0
1233.2819130420685,10940,4608,10392,-186,-141,141,10088,-9380,8424,35,157,-180,-15008,3876,2592,-1056,70,-102,-15108,-2724,4708,-259,142,-137,0
1233.3154239654539,10888,4764,10460,-206,-81,101,10040,-9428,8348,-21,162,-178,-15036,3764,2540,-1000,104,-53,-15180,-2400,4860,-448,108,-103,0
1233.348963022232,10888,4832,10580,-228,-115,81,9968,-9316,8344,-35,142,-183,-15048,3796,2352,-959,137,-56,-15088,-2656,4692,-454,143,-72,0
1233.3826010227203,11072,4844,10492,-233,-161,124,10024,-9700,8460,-27,165,-178,-14996,3868,2664,-978,147,-110,-15072,-2724,4628,-476,181,-77,0
1233.4161040782928,10908,4820,10680,-201,-190,144,9956,-9576,8336,-13,92,-241,-14944,3764,2708,-996,183,-126,-15064,-2672,4696,-474,201,-70,0
1233.4497771263125,10896,4860,10440,-235,-187,180,9984,-9304,8304,-255,97,-225,-15044,3872,2452,-1013,164,-144,-15044,-2588,4724,-492,189,-68,0
1233.4833710193634,10972,4812,10276,-200,-152,175,9996,-9448,8224,-3,98,-198,-15100,3780,2540,-980,141,-124,-15360,-2464,4676,-496,162,-71,0
1233.5164270401,10964,4752,10400,-208,-145,171,9988,-9532,8400,44,126,-195,-15044,3836,2572,-985,144,-122,-15088,-2740,4692,-489,161,-88,0
1233.5501000881195,10952,4776,10480,-182,-162,126,10040,-9384,8400,29,116,-213,-14968,3784,2572,-771,137,-143,-15032,-2672,4740,-481,168,-106,0
1233.5835130214691,11072,4748,10424,-148,-141,129,9912,-9280,8288,-5,125,-226,-15100,3772,2412,-984,131,-133,-15160,-2620,4704,-485,156,-121,0
1233.6172080039978,11036,4800,10376,-156,-157,135,9944,-9668,8208,-20,131,-222,-14956,3588,2552,-988,107,-119,-14856,-2620,4724,-475,198,-74,0
1233.6504740715027,10968,4772,10332,-140,-147,106,9992,-9464,8400,-46,120,-204,-15056,3808,2440,-993,99,-93,-15044,-2620,4764,-483,171,-129,0
1233.683874130249,11024,4748,10396,-132,-115,74,10060,-9352,8340,-41,134,-196,-15048,3772,2408,-1009,97,-67,-15352,-2540,4680,-483,159,-152,0
1233.717523097992,11008,4704,10356,-96,-77,77,10132,-9380,8092,-14,153,-171,-15060,3808,2312,-1029,75,-89,-15180,-2680,4652,-487,144,-131,0
1233.7510969638824,11036,4780,10556,-110,-25,101,9968,-9432,8384,-21,139,-162,-15076,3740,2532,-1050,46,-84,-15112,-2656,4632,-472,151,-157,0
1233.7845349311829,11016,4808,10528,-144,-89,85,10004,-9400,8256,-13,134,-174,-14968,3680,2484,-1057,81,-49,-15168,-2692,4520,-471,134,-150,0
1233.8182129859924,10984,4812,10492,-79,-47,94,10040,-9408,8328,-57,154,-130,-15172,3708,2356,-1027,96,-57,-14884,-2592,5068,-501,87,-157,0
1233.8518340587616,10988,4760,10336,-78,-24,104,9920,-9668,8272,-33,143,-126,-15036,3816,2312,-1050,33,-24,-15348,-2696,4696,-541,142,-163,0
1233.8852279186249,10924,4620,10072,-121,-41,103,9832,-9432,8352,-1,138,-133,-15004,3752,2608,-1056,77,-46,-15336,-2652,4760,-500,104,-136,0
1233.9190430641174,10928,5096,10432,-51,7,117,9976,-9488,8440,-81,143,-149,-15044,3816,2692,-995,83,-50,-14892,-2644,4972,-483,107,-161,0
1233.954931974411,10968,4720,10580,-127,-31,64,9740,-9344,8240,-41,148,-181,-15028,3860,2560,-1014,87,-29,-15068,-2444,4832,-482,140,-123,0
1233.9903509616852,10920,4836,10392,-83,12,126,10216,-9420,8384,-47,126,-127,-14984,3728,2712,-1029,69,-57,-15184,-2708,4740,-498,109,-139,0
1234.0254020690918,10964,5100,10484,-77,13,101,9980,-9444,8360,-53,113,-143,-14940,3620,2696,-1272,70,-3,-15108,-2668,4780,-482,96,-162,0
1234.0612020492554,10900,4876,10516,-78,-29,98,9948,-9448,8392,-54,132,-145,-15044,4088,2704,-1276,76,-70,-15116,-2632,4788,-511,104,-142,0
1234.097130060196,10816,4768,10264,-75,-4,95,10024,-9532,8416,-47,134,-136,-14948,3888,2640,-1051,97,-44,-15244,-2640,4756,-497,135,-137,0
1234.132204055786,10920,4844,10364,-81,-68,100,9748,-9364,8216,-23,108,-181,-15028,3824,2596,-1047,78,-110,-14980,-2640,4724,-511,164,-144,0
1234.1675889492035,10952,4848,10424,-82,-57,100,10196,-9460,8240,-42,110,-153,-14956,3864,2572,-1046,78,-17,-15184,-2524,4636,-515,164,-143,0
1234.2033150196075,10892,5108,10532,-64,-60,100,9960,-9460,8332,-43,129,-148,-15104,4004,2780,-1025,90,-78,-15328,-2712,4884,-491,119,-164,0
1234.238687992096,10968,4932,10620,-89,-35,85,10080,-9656,8284,-65,151,-169,-14956,3800,2652,-1008,76,-69,-14860,-2620,4748,-485,143,-162,0
1234.273707151413,10972,4808,10304,-85,-55,108,10020,-9452,8424,-39,146,-182,-15028,3764,2416,-1007,79,-94,-15088,-2696,4740,-516,124,-137,0
1234.309679031372,10788,4892,10676,-89,-88,97,9956,-9380,8424,-18,99,-188,-14932,3700,2480,-1030,92,-77,-14988,-2692,4636,-510,156,-146,0
1234.344769001007,10972,4900,10348,-91,-83,85,10120,-9444,8396,-84,123,-203,-15012,3772,2612,-967,85,-73,-15140,-2680,4684,-473,125,-135,0
1234.3802609443665,10884,4836,10436,-90,-80,95,10032,-9444,8176,-50,114,-163,-15080,3808,2608,-1012,106,-76,-15324,-2696,4800,-485,135,-154,0
1234.415321111679,10928,4608,10636,-74,-59,120,10228,-9412,8228,-32,116,-159,-15052,3860,2612,-1016,98,-115,-14856,-2740,4788,-501,144,-142,0
1234.4503331184387,10924,4936,10516,-78,-51,104,9936,-9472,8440,-43,113,-164,-15064,3872,2632,-773,124,-44,-15040,-2624,4816,-533,137,-142,0
1234.486170053482,10972,4940,10536,-103,-71,119,9908,-9296,8280,-8,91,-186,-14940,3888,2624,-1041,89,-83,-15140,-2672,4744,-485,179,-124,0
1234.5218651294708,10932,4920,10456,-106,-109,103,9792,-9500,8368,-71,133,-201,-15020,3808,2720,-997,62,-85,-15196,-2696,4652,-484,123,-128,0
1234.5576479434967,10964,4876,10524,-77,-65,87,10004,-9720,8364,-80,136,-174,-15060,3892,2644,-1015,104,-24,-15212,-2564,4608,-259,79,-142,0
1234.5929589271545,11008,4816,10408,-137,-30,108,9968,-9500,8352,-23,115,-170,-15020,3840,2604,-1047,63,-50,-15096,-2684,4820,-504,126,-127,0
1234.628888130188,10780,5052,10488,-123,250,135,10064,-9472,8424,-51,105,-148,-14972,3764,2508,-1026,96,-90,-15224,-2712,4820,-472,119,-124,0
1234.6624190807345,10872,4960,10744,-126,-84,80,10144,-9456,8276,-74,119,-177,-15012,3736,2612,-1004,95,-69,-15032,-2712,4916,-486,135,-147,0
1234.700248003006,10912,4872,10328,-122,-52,101,10088,-9516,8420,-10,117,-187,-15040,3856,2652,-1033,38,-84,-15160,-2668,4860,-258,197,-138,0
1234.7340030670166,10876,4936,10420,-101,-35,118,9772,-9436,8552,-6,94,-150,-14952,3872,2796,-1052,48,-48,-15112,-2744,4836,-514,158,-134,0
1234.7675819396973,10872,4924,10480,-123,-256,127,9992,-9392,8292,-76,161,-161,-14964,3904,2756,-979,90,-83,-14984,-2776,4880,-468,104,-134,0
1234.8008480072021,10980,4944,10452,-165,-42,94,9992,-9712,8460,-23,162,-165,-14992,3868,2496,-985,83,-71,-15072,-2604,4648,-496,139,-109,0
1234.8344309329989,10908,4968,10512,-175,-37,99,9920,-9448,8396,16,154,-157,-15068,3872,2600,-992,124,-59,-15076,-2688,4788,-495,147,-89,0
1234.868098974228,10920,4920,10652,-195,-78,118,10236,-9436,8280,29,156,-196,-14952,3604,2740,-951,119,-102,-15064,-2660,4700,-499,190,-72,0
1234.9015209674835,10832,4800,10560,-195,-123,140,9856,-9492,8508,28,134,-208,-14960,3904,2580,-961,135,-138,-15072,-2668,4852,-485,160,-74,0
1234.9351270198822,10776,4952,10716,-211,-165,144,10068,-9404,8372,23,158,-196,-15088,3800,2780,-939,143,-152,-15284,-2640,4852,-497,155,-78,0
1234.9686660766602,10928,4620,10332,-211,-125,113,10036,-9528,8340,-19,171,-215,-15008,3768,2492,-925,120,-131,-15016,-2724,4764,-492,153,-93,0
1235.0018680095673,10928,4860,10640,-276,-117,121,9960,-9364,8236,-255,204,-207,-15012,4060,2676,-915,123,-129,-14920,-2612,4728,-475,172,-91,0
1235.0353751182556,10852,4976,10432,-3,-125,118,9996,-9480,8388,-6,142,-183,-14992,3584,2684,-974,125,-96,-15036,-2688,4852,-457,158,-22,0
1235.0687711238859,10900,4832,10500,-294,-133,129,10032,-9684,8144,-23,200,-216,-15092,3700,2640,-895,172,-163,-15088,-2580,4736,-440,178,-36,0
1235.1021809577942,10880,4864,10464,-273,-180,133,10084,-9340,8368,-5,178,-210,-15068,3816,2708,-940,163,-142,-14868,-2744,4636,-454,210,-50,0
1235.1355640888214,11000,4888,10508,-264,-159,138,9972,-9256,8332,33,124,-222,-15028,3864,2776,-989,172,-164,-15060,-2652,4636,-482,226,-52,0
1235.1692650318146,11100,4824,10500,-249,-162,138,10024,-9696,8332,30,133,-230,-15016,3820,2672,-974,133,-113,-15068,-2544,4828,-489,185,-74,0
1235.2024760246277,10960,4840,10528,-257,-142,121,10028,-9476,8392,250,166,-226,-15004,3872,2628,-996,115,-168,-15116,-2660,4720,-472,179,-88,0
1235.2360229492188,11024,4984,10488,-242,-136,131,10088,-9456,8376,19,166,-248,-15056,3880,2664,-989,100,-141,-15200,-2664,4740,-500,190,-98,0
1235.2699100971222,11252,4892,10508,-187,-145,118,9936,-9412,8432,5,158,-208,-15000,3776,2472,-1008,136,-159,-15172,-2612,4796,-488,175,-84,0
1235.3034811019897,10944,4824,10692,-233,-194,146,9756,-9336,8364,-252,133,-221,-14944,3872,2480,-976,160,-105,-15120,-2684,4804,-461,196,-34,0
1235.337203025818,10936,5016,10296,-251,-169,176,9992,-9352,8332,-13,122,-227,-14996,3796,2480,-944,201,-82,-15244,-2588,4688,-435,144,-64,0
1235.3707089424133,11012,4824,10512,-207,-177,167,10088,-9424,8352,-26,141,-195,-15100,3804,2424,-975,182,-106,-15148,-2620,4692,-487,151,-57,0
1235.4038360118866,10964,4744,10392,-243,-176,158,10044,-9480,8240,16,119,-224,-15032,3752,2676,-1050,95,-138,-15108,-2620,4904,-481,159,-91,0
1235.4375360012054,10760,4640,10460,-183,-151,144,9820,-9616,8264,19,112,-179,-14960,3708,2648,-1020,109,-108,-15124,-2748,4776,-468,151,-83,0
1235.4711689949036,10924,4852,10616,-140,-156,100,10004,-9408,8340,-44,157,-213,-14928,3688,2348,-1004,138,-120,-15076,-2632,4712,-478,200,-87,0
1235.5044569969175,11124,4852,10464,-227,-171,86,10040,-9480,8368,13,106,-226,-15004,3688,2488,-782,103,-132,-15168,-2628,4756,-489,194,-96,0
1235.5379810333252,11080,4844,10248,-158,-103,136,10064,-9252,8204,28,139,-157,-15000,3756,2532,-1030,83,-69,-15092,-2416,4780,-491,134,-122,0
1235.5716190338135,10912,4668,10284,-174,-86,125,10032,-9360,8352,-20,139,-192,-15096,3800,2700,-977,88,-85,-15132,-2584,4608,-476,105,-117,0
1235.6047320365906,10912,4728,10516,-184,-123,104,10004,-9236,8400,-13,127,-191,-15320,3764,2468,-994,95,-101,-14916,-2620,4744,-483,168,-133,0
1235.641277074814,10984,4624,10348,-150,-142,129,9800,-9368,8428,-21,156,-202,-14968,3788,2372,-1000,114,-114,-14864,-2576,4840,-489,168,-125,0
1235.676229953766,11256,4820,10428,-124,-148,126,10024,-9396,8344,-34,115,-209,-15012,3800,2572,-1022,102,-138,-14896,-2648,4684,-497,205,-109,0
1235.7121450901031,11016,4824,10488,-120,-77,116,10092,-9300,8420,-35,142,-179,-15032,3840,2464,-1033,59,-54,-15212,-2548,4768,-532,170,-137,0
1235.748048067093,11236,4876,10488,-79,-71,100,10076,-9328,8696,-16,132,-174,-15068,3784,2724,-1040,95,-93,-15168,-2716,4740,-499,133,-124,0
1235.7836380004883,11020,4784,10452,-119,-41,98,10048,-9308,8580,-45,152,-166,-15004,3736,2584,-1028,84,-59,-14864,-2556,4648,-488,157,-152,0
1235.8193089962006,11000,4776,10444,-128,-77,90,9988,-9416,8212,-3,146,-158,-14924,3860,2756,-1047,82,-85,-15108,-2672,4716,-501,130,-147,0
1235.8544220924377,10996,5052,10444,-103,-100,91,10076,-9384,8544,-43,146,-183,-15052,3724,2712,-994,99,-49,-15268,-2724,4748,-481,127,-134,0
1235.8904139995575,11072,5092,10436,-68,-76,106,10208,-9496,8208,-67,145,-171,-15108,3636,2732,-968,69,-60,-15196,-2544,4712,-512,82,-149,0
1235.925528049469,11080,4824,10324,-75,-43,101,9984,-9436,8356,-43,126,-162,-15016,3628,2528,-780,57,-54,-15324,-2600,4664,-507,126,-158,0
1235.961480140686,10904,4864,10732,-107,-35,95,10004,-9284,8320,-39,156,-146,-14980,3744,2476,-996,90,-50,-14888,-2816,4700,-479,142,-133,0
1235.997731924057,10924,4840,10348,-34,-42,81,9988,-9464,8448,-85,126,-178,-15072,3880,2716,-1000,72,-92,-15176,-2736,4664,-503,170,-143,0
1236.033005952835,11004,4792,10528,-104,-46,99,10092,-9452,8392,-35,117,-169,-15324,4036,2512,-1051,74,-78,-15060,-2548,4752,-477,123,-132,0
1236.0687930583954,10764,4980,10340,-52,-11,78,10080,-9348,8316,-41,91,-139,-15048,3808,2808,-1085,81,-21,-15068,-2620,4680,-515,84,-147,0
1236.1040279865265,11124,4608,10408,-31,18,73,9992,-9404,8412,-66,100,-111,-15024,3788,2668,-1027,37,-48,-15304,-2704,4860,-548,98,-174,0
1236.1402089595795,10940,4920,10564,-73,21,74,10100,-9540,8340,-101,171,-155,-15056,4040,2768,-1036,32,44,-15064,-2644,4820,-499,114,-174,0
1236.1755700111387,11228,4632,10492,-115,-14,73,9980,-9364,8444,-71,153,-153,-14984,3752,2712,-1010,68,-31,-15108,-2708,4676,-488,136,-162,0
1236.2116560935974,10940,4680,10676,-102,-49,88,9984,-9552,8388,-74,92,-167,-14928,4084,2640,-1025,99,-80,-14888,-2628,4816,-507,148,-153,0
1236.2477400302887,11000,4860,10344,-72,-51,93,10068,-9624,8104,-51,95,-183,-15040,3796,2676,-1277,95,-74,-15304,-2584,4804,-502,166,-147,0
1236.2842631340027,11036,4876,10536,-76,-82,96,9988,-9428,8408,-21,126,-165,-15028,3936,2968,-769,73,-109,-15272,-2712,4684,-504,150,-150,0
1236.3178470134735,10956,4960,10312,-74,-58,104,9964,-9340,8256,-13,140,-155,-14984,3620,2436,-1054,61,-83,-15176,-2716,4796,-505,148,-150,0
1236.3514680862427,11036,4932,10516,-81,-54,83,9956,-9432,8316,-46,148,-176,-14908,3812,2812,-1040,56,-66,-15108,-2656,4796,-498,155,-123,0
1236.3847539424896,10916,4904,10544,-104,-40,98,10020,-9440,8284,-82,139,-196,-15104,3856,2536,-1007,77,-45,-15104,-2640,4768,-510,146,-155,0
1236.4182879924774,10948,4636,10456,-106,-51,122,10196,-9436,8368,-66,124,-155,-14856,3784,2512,-1008,101,-31,-15052,-2708,4736,-265,141,-144,0
1236.4517920017245,10892,4864,10292,-86,-31,125,10048,-9396,8388,-38,115,-146,-15080,3624,2692,-771,108,-67,-15004,-2728,4740,-489,138,-130,0
1236.4854249954224,10852,4948,10384,-100,-62,108,9980,-9420,8332,-43,70,-166,-15040,3824,2656,-1276,98,-121,-14972,-2620,4780,-477,151,-131,0
1236.5192091464996,11252,4612,10428,-123,-54,112,9820,-9488,8244,-50,130,-193,-15052,3672,2636,-1031,88,-98,-15116,-2796,4768,-481,175,-141,0
1236.5525670051575,11232,4664,10640,-132,-63,103,9740,-9716,8380,-19,135,-181,-15008,3768,2584,-1016,80,-51,-15040,-2696,4816,-505,153,-107,0
1236.586096048355,10980,4828,10396,-97,-40,68,10028,-9472,8320,-45,135,-171,-15056,3764,2796,-1043,57,-34,-15180,-2688,4800,-257,144,-128,0
1236.619971036911,10964,5028,10472,-107,-78,83,10056,-9460,8340,-41,148,-171,-14980,3848,2748,-997,101,-87,-15124,-2772,4788,-498,145,-108,0
1236.653242111206,10908,4868,10392,-132,-27,105,9956,-9312,8316,-20,138,-159,-14992,3604,2608,-997,103,-61,-15324,-2692,4880,-486,140,-110,0
1236.6883161067965,10924,4940,10472,-142,-49,125,10088,-9468,8360,-45,128,-141,-15124,3808,2604,-1017,144,-64,-15268,-2700,4708,-497,157,-94,0
1236.7218279838562,10888,4924,10472,-133,-106,116,9892,-9360,8288,-26,129,-172,-15028,3792,2668,-988,119,-74,-15288,-2724,4792,-500,173,-112,0
1236.7554259300232,10760,5116,10268,-180,-71,113,9728,-9460,8332,-44,141,-181,-14936,3824,2696,-991,128,-103,-15324,-2584,5104,-487,178,-109,0
1236.7888469696045,10924,4876,10484,-163,-82,112,10188,-9500,8444,5,121,-199,-15052,3876,2480,-992,120,-136,-15336,-2716,4704,-488,160,-129,0
1236.8224890232086,11112,4864,10584,-179,-116,106,10108,-9428,8392,27,151,-210,-15040,3824,2368,-979,124,-102,-15172,-2680,4772,-504,175,-90,0
1236.8560869693756,10892,4868,10432,-225,-89,112,10000,-9448,8308,0,168,-222,-15020,3724,2788,-972,121,-140,-15092,-2756,4800,-469,199,-65,0
1236.8894441127775,10976,4972,10352,-251,-142,111,9772,-9704,8312,-59,165,-206,-15012,3852,2716,-917,152,-109,-15140,-2744,4752,-459,112,-61,0
1236.9229741096497,11156,4960,10320,-204,-89,78,10132,-9272,8404,-46,187,-195,-15056,4020,2624,-980,91,-87,-15144,-2624,4852,-522,124,-115,0
1236.9566199779513,10848,4900,10496,-278,-78,128,9948,-9408,8676,-255,147,-175,-14936,4012,2516,-1030,116,-99,-15044,-2572,4812,-500,178,-36,0
1236.9903120994568,10912,4904,10412,-240,-36,124,9988,-9160,8356,-45,170,-205,-15040,4028,2476,-948,165,-115,-15288,-2696,4848,-469,169,-79,0
1237.0238740444183,11024,4852,10452,-301,-119,86,10028,-9484,8200,12,159,-209,-15044,3584,2420,-958,138,-130,-15068,-2592,4816,-452,226,-86,0
1237.0574071407318,10876,4848,10444,-508,-104,140,10024,-9248,8276,91,160,-183,-14936,4092,2428,-1045,94,-125,-15096,-2600,4840,-507,186,-92,0
1237.0903251171112,10976,4900,10580,-227,-84,123,10092,-9412,8412,37,174,-175,-14936,3732,2440,-974,100,-132,-15036,-2704,4836,-468,163,-100,0
1237.1238160133362,10964,4924,10460,-260,-114,122,10040,-9416,8228,-14,158,-207,-14976,3620,2600,-952,128,-96,-15336,-2780,4668,-466,136,-104,0
1237.15696310997,10788,4968,10732,-257,-141,114,10000,-9424,8380,-7,188,-194,-14988,3880,2764,-951,119,-94,-15108,-2628,4716,-467,187,-88,0
1237.190603017807,10972,4888,10444,-206,-116,132,9908,-9468,8320,-8,151,-220,-15040,3784,2512,-1002,138,-110,-15020,-2608,4736,-473,203,-73,0
1237.2240381240845,10912,4624,10452,-247,-227,132,10036,-9424,8240,13,118,-208,-14948,3816,2568,-977,168,-157,-14852,-2684,4780,-493,187,-33,0
1237.257933139801,10936,4816,10432,-227,-143,170,9740,-9472,8340,17,91,-231,-14992,4064,2672,-965,174,-124,-15244,-2788,4756,-473,167,-72,0
1237.2912909984589,11000,4828,10396,-208,-160,142,9980,-9460,8288,-24,139,-196,-14980,3608,2648,-959,181,-130,-15312,-2656,4708,-481,187,-96,0
1237.3281531333923,11072,4856,10672,-187,-137,160,10000,-9452,8404,9,117,-217,-15016,3664,2532,-1016,138,-143,-15136,-2580,4752,-491,183,-93,0
1237.3643181324003,10980,4872,10472,-194,-164,146,10008,-9300,8524,254,105,-214,-15076,3768,2532,-985,137,-134,-15112,-2596,4988,-494,179,-88,0
1237.4001951217651,10964,4792,10248,-201,-148,152,10004,-9508,8392,-5,98,-206,-14984,3772,2668,-983,144,-93,-15324,-2612,4764,-488,176,-72,0
1237.435025930405,10948,4776,10516,-189,-197,125,10000,-9424,8272,-28,112,-213,-14980,3808,2612,-976,154,-136,-15108,-2540,4732,-477,176,-110,0
1237.470803976059,11036,4816,10232,-176,-151,132,9972,-9712,8364,-23,123,-242,-15072,3884,2656,-993,124,-153,-15156,-2616,4700,-477,187,-78,0
1237.506227016449,10804,4856,10408,-180,-168,158,10032,-9400,8360,4,112,-207,-14872,3816,2348,-1026,125,-90,-15048,-2500,4640,-494,171,-78,0
1237.5424110889435,10816,4708,10716,-161,-152,104,10196,-9364,8236,-11,139,-188,-15104,3764,2424,-1010,91,-129,-15000,-2588,4680,-474,165,-99,0
1237.5778980255127,10976,4696,10436,-191,-144,127,9984,-9432,8412,-24,123,-204,-15324,3744,2636,-999,110,-90,-15156,-2816,4776,-499,171,-98,0
1237.6126749515533,10980,4888,10436,-115,-84,139,10108,-9304,8216,-56,117,-169,-15076,3864,2624,-997,97,-93,-15192,-2792,4640,-498,101,-166,0
1237.6481280326843,11076,4672,10288,-109,-9,110,10100,-9312,8336,-22,148,-139,-15044,3804,2420,-1088,46,-49,-15080,-2344,4780,-514,123,-149,0
1237.6838331222534,10964,4768,10264,-156,-59,76,9812,-9408,8344,23,143,-130,-14992,3740,2588,-1061,40,-47,-15132,-2796,4772,-489,145,-126,0
1237.7194459438324,11048,4876,10352,-77,-27,88,10008,-9364,8328,-66,153,-168,-15000,3760,2532,-999,72,-31,-15152,-2680,4820,-509,163,-156,0
1237.754667043686,11088,4744,10428,-135,-78,58,10004,-9476,8360,-27,132,-183,-15100,3784,2472,-1055,18,-87,-15132,-2488,4744,-479,165,-137,0
1237.7903881072998,10940,4844,10420,-105,-33,92,10132,-9384,8364,-25,159,-142,-14964,3740,2564,-1059,28,-47,-15164,-2752,4784,-488,95,-146,0
1237.8255281448364,10956,4952,10512,-88,-7,56,9992,-9724,8424,-62,135,-116,-15068,4024,2348,-992,45,-49,-15108,-2596,4652,-497,46,-168,0
1237.8610670566559,10968,4824,10460,-98,-243,60,9976,-9408,8448,-66,172,-133,-14976,3932,2652,-1022,60,-35,-15284,-2576,4768,-506,78,-149,0
1237.8972470760345,10924,4916,10584,-76,-11,102,10048,-9388,8424,-53,135,-146,-14992,3832,2612,-1023,90,-59,-15112,-2596,4716,-529,105,-168,0
1237.932363986969,10964,4820,10328,-109,-54,126,10012,-9336,8348,-30,91,-162,-14944,3856,2616,-1044,94,-74,-15140,-2796,4788,-501,176,-111,0
1237.9695479869845,10952,4848,10536,-79,-62,129,10228,-9456,8308,-37,96,-172,-14968,3732,2492,-1043,119,-33,-14920,-2596,4788,-493,176,-127,0
1238.0030300617218,10980,4936,10456,-90,-62,109,10048,-9416,8316,-69,128,-153,-15068,3880,2632,-995,91,-63,-15168,-2528,4820,-504,148,-141,0
1238.0368530750275,11012,4804,10476,-109,-21,83,9744,-9464,8400,-43,141,-165,-15004,3772,2600,-1276,55,-47,-14944,-2692,4724,-486,134,-120,0
1238.0705261230469,11084,4808,10512,-79,-38,90,9964,-9452,8540,-33,128,-167,-15028,3800,2824,-1050,80,-93,-15056,-2640,4824,-497,158,-180,0
1238.1037769317627,10924,5052,10400,-58,-39,62,9964,-9376,8408,-54,118,-159,-15088,3776,2568,-993,72,-82,-15124,-2612,4708,-257,151,-149,0
1238.1371459960938,10788,4792,10316,-81,-58,95,10036,-9388,8344,-75,110,-195,-14904,3748,2672,-983,76,-61,-15060,-2652,4676,-473,171,-142,0
1238.1706330776215,10768,4852,10464,-108,-87,84,10028,-9448,8368,-70,104,-202,-14980,4052,2796,-987,90,-52,-15132,-2552,4640,-505,165,-152,0
1238.2040510177612,11008,4840,10728,-99,-51,100,10228,-9480,8432,-51,108,-185,-14984,3644,2672,-1041,78,-115,-14876,-2616,5044,-497,140,-151,0
1238.2376670837402,10912,4820,10312,-90,-55,107,10200,-9408,8404,-21,123,-190,-15020,3652,2640,-1041,58,-83,-15116,-2624,4784,-502,180,-132,0
1238.2712309360504,10936,4860,10332,-102,-91,114,10008,-9228,8316,-61,122,-208,-15112,3848,2728,-1277,106,-74,-14892,-2768,4840,-483,174,-152,0
1238.304811000824,10976,4916,10436,-85,-95,99,10036,-9480,8460,-46,117,-171,-15052,3820,2384,-1005,94,-64,-15088,-2692,4676,-266,110,-131,0
1238.338222026825,10764,4740,10252,-73,-96,93,10044,-9484,8296,-59,134,-154,-15036,4088,2604,-1067,35,-32,-15116,-2716,4832,-533,112,-128,0
1238.3718450069427,11224,4956,10456,-122,-87,109,10056,-9400,8332,-24,137,-169,-14976,3804,2652,-1028,99,-95,-15116,-2752,4756,-765,134,-120,0
1238.405564069748,10936,4996,10312,-74,-18,92,10028,-9340,8380,-86,138,-165,-15028,3704,2804,-997,90,-71,-15148,-2624,4668,-479,132,-125,0
1238.4392490386963,10944,4944,10412,-141,-85,106,10092,-9440,8380,-77,127,-184,-15076,3892,2700,-1017,64,-91,-15032,-2612,4860,-475,143,-132,0
1238.4728541374209,10896,4796,10468,-107,-43,95,10072,-9416,8292,-15,115,-163,-15004,3856,2716,-1060,73,-91,-15220,-2616,4776,-500,155,-118,0
1238.506530046463,10880,4668,10412,-101,-19,119,10072,-9224,8264,-36,116,-144,-14992,3700,2312,-1021,93,251,-15028,-2660,4760,-496,112,-130,0
1238.5400819778445,10984,4876,10724,-124,-18,88,9956,-9448,8320,-72,166,-147,-15044,3728,2744,-999,82,-39,-15160,-2796,4748,-477,103,-131,0
1238.5737619400024,10936,4924,10512,-135,-42,115,9980,-9504,8312,-38,159,-159,-15092,3796,2544,-1005,88,-46,-15160,-2648,4788,-494,161,-139,0
1238.6073031425476,11000,4820,10296,-120,-47,122,9752,-9244,8392,-33,127,-155,-15036,3784,2652,-1005,98,-80,-15008,-2552,4784,-505,137,-113,0
1238.640655040741,10868,5072,10372,-154,-95,108,9940,-9488,8352,-20,101,-167,-15064,3888,2592,-989,120,-131,-15060,-2620,4848,-765,152,-101,0
1238.674243927002,10892,4968,10564,-120,-58,133,10080,-9516,8372,-35,122,-159,-14892,3872,2616,-993,96,-66,-15056,-2736,4668,-507,176,-126,0
1238.707946062088,10976,4864,10396,-156,-88,119,9992,-9544,8268,-6,140,-176,-14996,3772,2320,-972,109,-82,-15124,-2652,4760,-490,144,-118,0
1238.7417171001434,10948,4964,10640,-155,-43,118,9944,-9464,8176,-27,172,-207,-15144,3800,2552,-978,98,-110,-15332,-2680,4876,-493,152,-106,0
1238.7750170230865,10932,4948,10464,-157,-56,116,10056,-9460,8692,-11,149,-190,-14936,3772,2688,-997,132,-95,-15084,-2748,4744,-487,147,-125,0
1238.8087379932404,10976,4936,10276,-160,-86,120,10220,-9380,8372,-255,159,-196,-15080,3828,2592,-950,99,-135,-15096,-2708,4676,-501,165,-107,0
1238.8425209522247,11220,4924,10288,-213,-107,100,9936,-9516,8204,-17,146,-215,-15016,3820,2668,-931,122,-139,-15100,-2804,4664,-455,151,-94,0
1238.876086950302,10940,4892,10580,-215,-124,100,9940,-9540,8360,-14,148,-209,-15028,3924,2644,-946,146,-99,-15276,-2752,5080,-479,130,-86,0
1238.9096851348877,10988,4956,10344,-212,-111,114,9952,-9372,8380,-19,145,-196,-14952,3856,2756,-937,149,-89,-15164,-2712,4836,-488,159,-77,0
1238.9431960582733,10888,4812,10532,-262,-116,116,9992,-9368,8208,-17,166,-201,-15032,3796,2648,-966,139,-129,-14988,-2676,4860,-473,164,-75,0
1238.9768149852753,11000,4816,10460,-248,-122,134,10232,-9340,8400,-3,151,-200,-15024,3856,2320,-949,159,-122,-14908,-2604,4748,-486,140,-76,0
1239.0139110088348,10884,4916,10564,-507,-115,118,10228,-9448,8388,18,155,-213,-15028,3788,2720,-963,166,-168,-15284,-2644,4736,-470,187,-42,0
1239.0497951507568,10888,4868,10472,-275,-161,141,9736,-9460,8288,19,151,-219,-15044,4064,2588,-927,192,-110,-15072,-2712,4684,-454,189,-64,0
1239.0856490135193,10968,4624,10432,-234,-152,150,10232,-9424,8360,-38,138,-217,-15052,3836,2644,-934,182,-96,-15148,-2544,4700,-465,137,-57,0
1239.1209399700165,11056,4740,10480,-264,-151,146,10052,-9440,8160,34,140,-185,-15040,3796,2588,-1003,100,-96,-14996,-2720,4716,-472,165,-61,0
1239.156170129776,10956,4924,10428,-286,-168,131,9948,-9424,8416,38,133,-193,-14928,3688,3004,-1006,105,-88,-15064,-2676,4808,-479,156,-76,0
1239.1923270225525,11000,4840,10596,-223,-139,105,10036,-9416,8356,-26,160,-236,-15052,4020,2776,-987,152,-143,-15036,-2768,4780,-457,190,-119,0
1239.2282259464264,11016,4824,10564,-248,-170,124,10236,-9224,8348,33,131,-189,-14944,3936,2544,-770,104,-132,-15112,-2504,4692,-473,191,-87,0
1239.263643026352,10992,4748,10404,-203,-153,137,9964,-9328,8268,17,139,-191,-15360,3836,2696,-1016,115,-99,-15348,-2676,4788,-472,95,-98,0
1239.2991890907288,11212,4912,10416,-216,-107,135,10052,-9416,8380,-27,156,-181,-14988,3828,2548,-993,119,-97,-15024,-2604,4824,-459,100,-71,0
1239.3345749378204,10924,4832,10412,-247,-137,137,10020,-9444,8380,-34,142,-194,-15120,3772,2692,-983,170,-98,-14872,-2632,4820,-484,147,-106,0
1239.3703711032867,10996,5008,10412,-204,-166,152,10016,-9432,8356,-21,109,-200,-14992,3764,2604,-994,168,-123,-15064,-2580,4732,-459,159,-105,0
1239.4056191444397,10940,4784,10548,-212,-189,159,9936,-9364,8624,28,88,-243,-15008,3728,2376,-1022,184,-124,-15064,-2576,4712,-492,200,-73,0
1239.44074010849,10952,4844,10408,-151,-152,160,9972,-9380,8400,6,95,-198,-15092,3816,2612,-769,151,-92,-15156,-2652,4772,-490,175,-81,0
1239.475615978241,10988,4816,10440,-197,-168,138,10196,-9460,8404,-255,116,-220,-15016,3784,2696,-998,148,-84,-15132,-2608,4976,-481,136,-124,0
1239.5117809772491,11028,4768,10544,-162,-136,133,10052,-9388,8584,253,105,-220,-15008,3780,2668,-1026,118,-136,-15096,-2692,4784,-492,205,-100,0
1239.5462529659271,10988,4856,10528,-159,-133,132,9988,-9428,8500,-252,104,-215,-14988,3760,2560,-980,114,-101,-15176,-2548,4684,-488,175,-98,0
1239.5822679996493,10916,4616,10428,-150,-196,124,10028,-9448,8212,-63,117,-210,-15048,3764,2520,-966,126,-116,-15088,-2680,4664,-480,146,-105,0
1239.6177370548248,11056,4816,10424,-95,-109,94,10020,-9440,8260,-85,149,-185,-15060,3716,2412,-1001,66,-88,-15204,-2508,4608,-507,116,-108,0
1239.6541090011597,11236,4716,10464,-136,-114,87,10008,-9408,8352,27,117,-151,-15008,3964,2440,-1047,41,-74,-15036,-2676,4644,-484,167,-131,0
1239.6903669834137,11164,4788,10328,-96,-8,120,10116,-9300,8372,-34,175,-194,-14988,3756,2432,-993,92,-88,-15168,-2604,4544,-458,116,-136,0
1239.7242870330813,11172,4812,10436,-81,-97,65,9956,-9564,8392,-25,148,-188,-15100,3724,2436,-772,59,-76,-15144,-2500,4792,-502,150,-177,0
1239.7580461502075,10996,4756,10460,-97,-88,116,9960,-9372,8380,8,134,-155,-15088,3776,2716,-1048,54,-40,-15080,-2656,4764,-528,138,-150,0
1239.7915859222412,11088,4864,10328,-67,-253,114,9728,-9316,8364,-29,118,-121,-15052,3764,2676,-1078,69,-48,-15124,-2556,4788,-486,111,-139,0
1239.8248269557953,10980,4900,10416,-49,246,123,9980,-9388,8344,-65,126,-113,-15032,3628,2344,-1059,68,-30,-15020,-2640,4684,-508,77,-133,0
1239.8585560321808,10964,4868,10472,-95,-21,89,10024,-9356,8400,-62,175,-144,-14996,3808,2644,-1017,60,-76,-14920,-2456,4904,-494,122,-159,0
1239.8917560577393,11004,4864,10528,-115,-51,62,10060,-9424,8412,-95,155,-181,-15040,3860,2536,-978,41,-1,-15312,-2688,4784,-502,115,-153,0
1239.9252760410309,10948,4732,10484,-73,-52,83,9964,-9412,8332,-108,128,-158,-14932,3868,2544,-999,93,-67,-15052,-2708,4768,-484,152,-128,0
1239.9590349197388,10960,4836,10400,-82,-81,105,10044,-9468,8288,-84,112,-167,-14948,3756,2540,-997,133,-89,-15024,-2600,4736,-503,144,-135,0
1239.9925351142883,10988,4688,10452,-79,-57,113,9992,-9384,8376,-44,102,-173,-15016,3828,2520,-1035,64,-90,-15104,-2584,4812,-515,162,-127,0
1240.0257849693298,10984,4768,10348,-75,-56,105,10072,-9648,8280,-27,124,-151,-15016,3772,2688,-1050,63,-50,-15092,-2684,4724,-508,142,-156,0
1240.05953001976,11024,4824,10272,-65,-42,102,10040,-9240,8260,-40,129,-167,-15080,3740,2688,-1274,81,-28,-15116,-2632,4780,-531,136,-150,0
1240.0930180549622,10756,4636,10432,-71,-45,74,10088,-9420,8308,-58,130,-185,-14976,3808,2640,-1265,75,-45,-15184,-2584,4632,-521,109,-149,0
1240.1267509460447,11212,5108,10240,-93,-32,88,10032,-9724,8412,-77,149,-140,-14952,4036,2720,-1010,61,-75,-15164,-2616,4692,-517,119,-174,0
1240.1600790023804,11036,4860,10368,-78,-41,86,10236,-9388,8304,-44,138,-153,-15064,4000,2760,-1022,71,-76,-15040,-2612,4684,-491,131,-116,0
1240.193547964096,10908,4908,10448,-97,-36,93,9920,-9512,8440,-54,119,-164,-14936,3748,2812,-1004,83,-78,-15096,-2600,4748,-507,137,-150,0
1240.2271900177002,11256,4864,10292,-88,-41,117,10036,-9416,8272,-62,155,-177,-15052,3712,2464,-1021,69,-49,-15036,-2624,4772,-492,120,-180,0
1240.2607181072235,10988,5116,10476,-112,-47,90,10228,-9668,8428,-34,135,-158,-14980,3780,2768,-1001,85,-60,-15072,-2684,4732,-505,147,-166,0
1240.2941529750824,11004,4900,10624,-86,-18,88,10228,-9344,8204,-39,138,-162,-15028,3584,2568,-1012,101,-104,-15300,-2692,4708,-522,153,-161,0
1240.3276691436768,10960,5116,10292,-86,-50,94,9940,-9496,8316,-47,123,-173,-15004,3848,2348,-1015,79,-77,-15064,-2652,4832,-499,128,-143,0
1240.3611350059507,10764,4892,10336,-59,-66,117,10008,-9460,8352,-44,127,-129,-14952,3884,2808,-1010,93,-76,-15108,-2632,4680,-766,116,-128,0
1240.3942611217499,10936,4844,10528,-78,-31,85,10060,-9380,8296,-37,115,-159,-15024,3592,2736,-1019,130,-60,-15320,-2688,4728,-505,149,-82,0
1240.427901983261,10900,4628,10380,-81,-61,107,9960,-9424,8316,-74,136,-187,-15004,3840,2652,-1011,93,-89,-14860,-2660,4772,-520,131,-128,0
1240.4614009857178,10932,4904,10744,-100,-70,126,9968,-9332,8372,-63,133,-190,-15056,4088,2584,-1026,76,-94,-14872,-2656,5100,-492,176,-125,0
1240.4947581291199,10924,4792,10456,-82,-61,119,10000,-9444,8224,-35,120,-155,-15112,3768,2596,-998,90,-53,-15004,-2692,4720,-502,145,-130,0
1240.528319120407,10976,4880,10668,-76,-81,106,10024,-9408,8552,-42,127,-165,-14960,3824,2456,-776,103,-66,-15116,-2668,4712,-512,163,-143,0
1240.5618360042572,11004,5112,10264,-86,-56,116,10028,-9328,8412,-58,123,-196,-15036,4060,2664,-992,88,-31,-14968,-2672,4760,-495,147,-121,0
1240.595293045044,10892,5112,10284,-116,-77,97,10080,-9436,8360,-75,88,-186,-14872,3764,2808,-977,124,-71,-15132,-2544,4748,-506,117,-107,0
1240.6289110183716,11060,4876,10456,-82,-45,92,10124,-9532,8248,-41,137,-148,-15176,3872,2764,-1035,44,-61,-15280,-2368,4912,-510,95,-140,0
1240.6620759963987,10892,4896,10340,-181,-47,92,10040,-9232,8280,-15,126,-144,-15032,3608,2792,-1053,70,-100,-15008,-2720,4664,-532,158,-119,0
1240.6997480392456,11160,5004,10524,-90,-11,106,10036,-9404,8340,-88,112,-151,-15084,3740,2620,-978,98,-64,-14888,-2724,4680,-498,105,-137,0
1240.7349650859833,10984,4868,10368,-157,-67,67,9728,-9532,8632,-26,148,-193,-14904,3960,2656,-1060,73,-115,-15036,-2592,4704,-501,166,-150,0
1240.7707319259644,10900,4912,10268,-103,-34,89,9984,-9328,8288,12,120,-126,-14968,3864,2684,-1070,46,-45,-15012,-2636,4800,-541,151,-139,0
1240.8056559562683,10904,5004,10440,-122,-5,112,10020,-9448,8436,-10,160,-151,-14956,3780,2776,-1006,83,-68,-15080,-2712,4868,-480,118,-140,0
1240.8408811092377,10944,4868,10424,-192,-48,68,9884,-9472,8292,-43,173,-167,-15056,3600,2736,-966,112,-76,-15124,-2704,4748,-475,134,-101,0
1240.8756980895996,11040,4904,10284,-205,-52,103,10008,-9424,8360,-5,178,-152,-15076,3864,2680,-965,116,-89,-15016,-2616,4688,-502,150,-100,0
1240.911047935486,10964,4816,10452,-207,-97,113,10000,-9500,8216,14,132,-218,-14996,3792,2636,-985,162,-136,-15080,-2732,4780,-474,166,-51,0
1240.9462110996246,10832,5032,10356,-238,-161,138,9936,-9420,8348,12,135,-224,-15080,3812,2788,-972,161,-173,-15064,-2760,4776,-497,186,-49,0
1240.9823400974274,10996,4996,10240,-240,-175,125,10020,-9708,8352,-15,172,-190,-15020,3624,2808,-937,136,-91,-15036,-2580,4908,-496,139,-76,0
1241.0179710388184,11208,4792,10332,-271,-110,112,10020,-9688,8432,10,180,-188,-14964,3780,2576,-942,133,-140,-15080,-2628,5100,-485,146,-86,0
1241.0535669326782,10856,4904,10404,-263,-104,127,9924,-9412,8188,46,173,-195,-14932,3740,2576,-930,145,-95,-15148,-2816,4692,-492,168,-35,0
1241.089287996292,10968,4952,10436,-308,-101,158,10028,-9356,8376,26,137,-214,-15004,3756,2636,-924,161,-150,-15108,-2676,4720,-476,171,-63,0
1241.1242530345917,10964,4916,10476,-286,-145,139,10040,-9464,8336,-7,128,-238,-15100,3620,2344,-974,168,-125,-14884,-2604,4792,-461,191,-42,0
1241.1596541404724,11016,4876,10368,-264,-201,149,9956,-9504,8460,-13,116,-246,-14996,3756,2688,-944,200,-184,-15192,-2536,4792,-475,204,-50,0
1241.1947519779203,11052,4796,10304,-244,-223,150,10092,-9396,8392,-1,145,-235,-15072,3784,2400,-951,150,-140,-15128,-2628,4744,-497,198,-43,0
1241.2305431365967,11012,4776,10408,-227,-177,154,10028,-9420,8436,248,138,-213,-14992,3764,2596,-992,110,-141,-15108,-2624,4628,-479,172,-95,0
1241.265974998474,10992,4884,10352,-242,-156,123,9976,-9392,8412,251,127,-218,-15024,3812,2528,-978,105,-139,-14988,-2652,4772,-476,170,-101,0
1241.3018500804899,11008,5100,10384,-248,-171,118,9996,-9428,8560,29,125,-206,-15088,3728,2688,-1004,152,-172,-15016,-2640,4736,-485,169,-58,0
1241.3383071422577,11080,4620,10416,-220,-195,156,9972,-9432,8264,-35,114,-234,-15036,3752,2576,-945,180,-157,-15124,-2764,4740,-488,117,-74,0
1241.371861934662,11112,4880,10500,-226,-167,187,10028,-9392,8248,-32,101,-209,-15008,4036,2748,-988,176,-55,-15048,-2676,4628,-514,136,-51,0
1241.405550956726,10984,4740,10504,-273,-199,177,9976,-9488,8376,31,73,-231,-15012,3780,2656,-1027,143,-62,-14968,-2732,4784,-488,185,-75,0
1241.4391639232635,10904,4776,10476,-189,-144,152,9860,-9360,8316,-256,88,-220,-15140,3832,2532,-998,175,-138,-15060,-2636,4736,-478,166,-87,0
1241.472305059433,10792,4840,10460,-225,-207,122,10036,-9392,8400,-3,127,-223,-14856,3816,2612,-971,130,-155,-15188,-2504,4792,-465,204,-103,0
1241.5055899620056,11016,4692,10420,-215,-191,136,10056,-9248,8388,17,123,-226,-15076,3780,2512,-1056,86,-116,-14956,-2592,4748,-472,150,-120,0
1241.5392639636993,11112,4792,10432,-173,-134,153,10152,-9368,8300,27,107,-177,-15008,3732,2800,-1037,84,-65,-14908,-2584,4708,-494,88,-129,0
1241.5728690624235,10996,4824,10412,-186,-95,108,10024,-9500,8460,-1,142,-176,-15012,3696,2504,-994,84,-73,-15084,-2592,4712,-492,129,-86,0
1241.6064701080322,10904,4928,10464,-147,-140,135,10068,-9420,8380,-12,129,-193,-15052,3772,2508,-1003,117,-134,-14940,-2656,4784,-758,202,-96,0
1241.6396839618683,10976,4748,10456,-96,-152,121,10012,-9604,8632,-49,108,-218,-15048,3596,2588,-990,137,-130,-14888,-2508,4724,-485,192,-105,0
1241.6729860305786,10776,4656,10248,-137,-165,137,9996,-9432,8252,-28,97,-227,-15024,3848,2496,-1052,125,-71,-14880,-2776,4756,-519,170,-121,0
1241.706414937973,11256,4736,10340,-84,-70,109,10120,-9260,8344,-38,130,-177,-15068,3756,2536,-1036,78,-56,-15312,-2620,4652,-491,129,-125,0
1241.7399640083313,11068,4764,10032,-91,-36,72,10048,-9384,8260,253,148,-147,-15032,3772,2684,-1012,76,-56,-15176,-2628,4688,-483,118,-180,0
1241.7736871242523,11096,4872,10476,-104,-4,79,10040,-9356,8340,255,158,-156,-15008,3748,2756,-1063,79,-93,-15080,-2652,4744,-487,137,-143,0
1241.807412147522,11036,4856,10416,-97,-22,87,9844,-9268,8436,0,127,-152,-15008,3764,2752,-785,73,-81,-15096,-2656,4764,-502,116,-143,0
1241.8411040306091,11044,4804,10512,-90,-44,82,9988,-9392,8388,-60,106,-165,-14960,3736,2684,-1014,74,-89,-14852,-2672,4716,-261,123,-145,0
1241.874764919281,11016,4832,10376,-114,-41,62,10048,-9392,8396,-61,160,-177,-15096,3836,2732,-1008,56,-3,-15176,-2504,4824,-485,130,-154,0
1241.9076790809631,11064,4808,10308,-87,-28,94,10124,-9456,8432,-74,152,-145,-15084,3860,2632,-959,61,-55,-15116,-2324,4748,-476,105,-148,0
1241.9412591457367,11132,4860,10424,-102,-46,106,9976,-9344,8472,-32,136,-125,-15004,3880,2532,-963,92,-43,-15184,-2804,4740,-505,78,-130,0
1241.9748139381409,11000,4796,10408,-48,8,106,10028,-9416,8408,-73,147,-133,-14992,3804,2676,-1054,76,-51,-15148,-2816,4652,-511,109,-134,0
1242.00825715065,11052,4828,10552,-126,-72,107,10004,-9308,8376,-68,173,-149,-15012,3860,2548,-1016,80,-35,-15272,-2708,5064,-492,114,-139,0
1242.0417799949646,11012,4820,10400,-52,-28,130,10020,-9468,8460,-64,124,-145,-14972,3840,2520,-989,141,-37,-14876,-2604,4872,-547,100,-130,0
1242.0754101276398,10952,4700,10480,-92,-81,126,10112,-9500,8280,-21,120,-166,-15088,3820,2484,-1022,90,-82,-14896,-2684,4728,-258,122,-145,0
1242.1089310646055,10916,4876,10476,-133,-84,84,10008,-9356,8308,-19,177,-160,-15256,3756,2452,-1038,6,-75,-15068,-2768,4796,-481,81,-194,0
1242.142450094223,10980,4932,10392,-99,-32,54,9740,-9472,8544,-61,211,-179,-14964,3776,2756,-1020,-11,-66,-15108,-2732,4744,-464,134,-159,0
1242.1757199764252,10940,4884,10228,-174,-76,58,9972,-9464,8388,252,137,-209,-14832,3868,2704,-1035,45,-135,-14932,-2556,4764,-462,249,-92,0
1242.2092781066895,10832,4848,10332,-134,-98,87,9884,-9336,8288,-5,94,-243,-14876,3780,2592,-1004,132,-101,-15052,-2608,4784,-475,257,-98,0
1242.242828130722,11036,4780,10336,-147,-104,99,10028,-9448,8328,-38,127,-210,-14888,3876,2756,-972,99,-121,-15132,-2664,4776,-490,174,-123,0
1242.276449918747,11112,4616,10748,-140,-119,123,10060,-9424,8268,-39,154,-198,-15352,3868,2412,-977,85,-130,-14900,-2628,4812,-499,147,-118,0
1242.3100900650024,11168,4664,10428,-121,-101,103,10104,-9308,8416,-46,161,-168,-15360,3752,2512,-1004,92,-105,-15104,-2684,4736,-530,133,-145,0
1242.3435521125793,11260,5068,10320,-114,-43,134,10092,-9360,8256,-28,123,-151,-15100,3684,2540,-773,121,-58,-15144,-2604,4596,-265,139,-90,0
1242.3819551467896,11088,5108,10428,-128,-44,117,10124,-9464,8448,-14,121,-149,-15036,3796,2564,-1049,109,-75,-15096,-2648,4740,-500,116,-117,0
1242.417557001114,11240,4872,10660,-114,-23,105,10060,-9328,8444,-49,126,-151,-15000,3716,2500,-1011,119,-13,-15164,-2596,4784,-504,100,-103,0
1242.4527900218964,10928,4804,10348,-155,-22,101,10012,-9436,8400,-57,183,-172,-15028,3824,2588,-982,112,-43,-14976,-2720,5040,-464,123,-126,0
1242.4880909919739,10780,4896,10504,-114,-21,115,9948,-9388,8428,-66,164,-192,-15024,3628,2672,-1021,94,-57,-15092,-2640,4800,-485,122,-119,0
1242.523694038391,10876,4880,10392,-127,-49,102,10032,-9456,8360,-53,120,-147,-15028,4072,2612,-1007,106,-48,-15144,-2628,4704,-522,104,-155,0
1242.5593459606173,10876,4616,10300,-115,-61,83,9796,-9364,8444,-92,149,-172,-14976,3900,2664,-991,115,-37,-15108,-2652,4860,-479,110,-119,0
1242.5945570468905,10996,4808,10492,-106,-35,103,9940,-9512,8288,-73,99,-156,-15056,3896,2812,-1269,103,-71,-15108,-2584,4900,-520,148,-152,0
1242.6305279731753,10944,4736,10376,-77,-32,108,9976,-9516,8236,-26,90,-150,-15020,3960,2604,-1041,125,-62,-14860,-2584,4688,-542,162,-138,0
1242.6655831336975,10960,4940,10292,-15,-57,110,10232,-9448,8332,-20,81,-170,-15064,3868,2772,-1105,90,-78,-15132,-2608,4808,-522,144,-152,0
1242.7012479305267,10984,4756,10424,-47,-51,131,9748,-9272,8376,-29,97,-176,-14876,3768,2660,-1050,107,-66,-15096,-2560,4812,-481,192,-159,0
1242.7373321056366,10888,4856,10264,-77,-50,87,10076,-9400,8588,-57,102,-188,-15044,3736,2468,-1002,83,-72,-15072,-2732,4780,-475,174,-149,0
1242.7721769809723,11048,4996,10396,-69,-41,92,10164,-9460,8220,-73,155,-177,-14976,3792,2808,-774,50,-84,-15120,-2768,4824,-486,125,-208,0
1242.8081710338593,11036,4620,10344,-131,-17,57,10056,-9372,8376,-37,157,-172,-14960,3800,2560,-1068,21,-31,-15144,-2604,4772,-509,132,-183,0
1242.8438329696655,10760,4984,10344,-74,3,68,10076,-9324,8208,-70,147,-148,-15036,3688,2772,-1040,82,-41,-15164,-2656,4844,-479,134,-137,0
1242.8791611194613,10936,4916,10564,-91,-19,60,10056,-9464,8368,-66,123,-162,-15092,3788,2748,-1028,67,-39,-14968,-2588,4772,-472,146,-153,0
1242.9141759872437,10968,4936,10304,-111,-4,76,10076,-9400,8296,-24,127,-143,-14928,3604,2316,-1056,71,-91,-15116,-2636,4808,-498,180,-156,0
1242.9496719837189,11000,4904,10544,-75,-21,114,9888,-9344,8384,-33,121,-135,-15016,3828,2736,-1045,126,-29,-15104,-2708,5092,-495,107,-108,0
1242.9847419261932,10964,4940,10296,-86,-15,112,10024,-9416,8328,-60,106,-139,-14980,3848,2664,-978,105,-44,-14996,-2692,4648,-482,99,-134,0
1243.0203421115875,10980,4944,10408,-134,-14,102,10052,-9404,8404,-79,111,-157,-15068,3784,2612,-965,140,-60,-15092,-2716,4748,-479,111,-109,0
1243.0540330410004,11024,4876,10196,-113,-45,128,9736,-9388,8448,-36,159,-162,-15020,3708,2636,-984,134,-77,-15064,-2680,4612,-483,132,-157,0
1243.0876469612122,10980,4852,10368,-110,-71,106,10036,-9420,8316,-33,149,-169,-14916,4056,2760,-988,93,-55,-14968,-2696,4840,-488,134,-100,0
1243.1212019920347,11004,4976,10536,-139,-35,115,10024,-9456,8320,-21,134,-158,-14980,3864,2688,-1016,127,-44,-14980,-2708,4776,-482,147,-105,0
1243.1543509960175,10924,4912,10408,-144,-63,110,10212,-9384,8300,0,150,-178,-15016,4072,2692,-1007,111,-97,-15064,-2684,4608,-479,142,-132,0
1243.1875140666962,10932,4928,10400,-184,-42,95,9976,-9496,8448,11,146,-194,-14936,3892,2616,-994,115,-105,-15176,-2700,4804,-483,152,-116,0
1243.2209761142733,10944,4900,10416,-201,-80,82,10004,-9396,8236,0,173,-203,-15068,3828,2612,-963,120,-91,-15044,-2764,4800,-451,145,-96,0
1243.2567400932312,10868,4928,10520,-252,-118,118,9728,-9224,8444,9,147,-213,-15056,3816,2776,-934,168,-126,-15100,-2676,4700,-461,154,-90,0
1243.2903079986572,10964,4916,10540,-243,-143,93,10004,-9700,8288,-55,169,-244,-15276,3780,2560,-894,161,-135,-15328,-2780,4664,-450,171,-66,0
1243.3239350318909,11016,5044,10280,-259,-159,108,9956,-9376,8284,-36,188,-229,-14932,4092,2648,-888,129,-132,-14852,-2624,4632,-473,146,-71,0
1243.3576769828796,10952,4624,10416,-275,-84,112,9996,-9404,8372,-13,189,-205,-15304,4044,2612,-945,149,-110,-15024,-2632,4668,-467,148,-76,0
1243.390834093094,10908,4888,10348,-282,-93,128,10104,-9368,8392,-4,162,-206,-14976,3768,2748,-949,118,-111,-15060,-2680,4804,-434,164,-70,0
1243.424420118332,11012,4936,10464,-262,-114,108,9788,-9472,8196,10,165,-218,-15004,3860,2464,-936,136,-166,-15068,-2784,4688,-452,205,-61,0
1243.4580950737,11068,4972,10276,-269,-159,115,9980,-9224,8416,10,159,-250,-15012,3684,2632,-921,149,-148,-15080,-2740,5040,-446,213,-69,0
1243.4918379783633,11172,4956,10624,-273,-191,112,10200,-9336,8364,-42,192,-264,-15016,3756,2668,-927,166,-173,-15344,-2584,4616,-446,195,-75,0
1243.5256459712982,11068,4976,10300,-177,-153,108,10044,-9364,8312,-36,119,-231,-15004,3964,2568,-937,151,-155,-15116,-2636,4744,-449,138,-90,0
1243.559189081192,11036,4852,10352,-241,-122,91,10068,-9456,8364,-58,140,-246,-15036,3624,2804,-993,100,-113,-15004,-2724,4780,-444,178,-92,0
1243.5923161506653,10972,4964,10468,-271,-187,121,10208,-9220,8296,7,149,-228,-14968,3768,2664,-772,131,-95,-15080,-2640,4648,-420,183,-77,0
1243.6258029937744,11028,4900,10352,-204,-114,74,10048,-9312,8292,-71,128,-244,-15068,3836,2580,-947,130,-102,-15152,-2640,4732,-448,142,-93,0
1243.6591429710388,10772,4776,10260,-245,-133,90,10012,-9440,8376,-10,100,-254,-14980,3896,2568,-952,154,-154,-15180,-2516,4608,-441,194,-74,0
1243.6924929618835,10968,5088,10372,-217,-126,126,10144,-9412,8328,2,104,-204,-15012,3912,2368,-997,127,-69,-14952,-2596,4884,-493,132,-87,0
1243.726228952408,11204,4820,10472,-183,-116,160,9748,-9376,8200,-1,98,-170,-15076,4028,2568,-985,130,-50,-15348,-2692,4796,-498,62,-79,0
1243.759859085083,10868,4844,10516,-212,-83,149,9948,-9416,8540,-25,126,-169,-14976,3868,2800,-1008,131,-87,-15192,-2600,4692,-489,77,-96,0
1243.7934310436249,10880,4812,10352,-167,-134,151,9808,-9480,8408,-36,145,-200,-14960,3816,2580,-974,150,-103,-15008,-2596,4640,-493,163,-75,0
1243.8270170688627,11004,4796,10376,-151,-145,130,9944,-9328,8656,-35,132,-217,-14984,3800,2580,-1012,138,-156,-15048,-2648,4948,-455,225,-110,0
1243.8605020046234,10916,4748,10424,-178,-211,138,9780,-9228,8388,-13,122,-281,-15008,3800,2364,-1035,136,-135,-15008,-2744,4800,-446,193,-129,0
1243.8939380645752,11096,4812,10368,-127,-105,89,10000,-9388,8288,-54,94,-240,-15172,3628,2860,-1089,244,-93,-15140,-2708,4656,-486,199,-155,0
1243.9274849891665,11020,4872,10348,-103,-112,86,10072,-9312,8452,-9,129,-244,-15000,3828,2620,-1009,109,-41,-15132,-2540,4768,-490,124,-162,0
1243.9611239433289,11180,4784,10372,-55,-80,60,10096,-9400,8356,-13,151,-208,-14984,3692,2540,-1009,66,-28,-15088,-2628,4752,-495,183,-166,0
1243.994745016098,11128,4836,10132,-86,-64,73,10020,-9400,8380,0,164,-200,-15052,3700,2588,-1034,43,-141,-15104,-2652,4680,-472,169,-164,0
1244.0303421020508,10800,4640,10364,-83,-84,62,10096,-9360,8392,-46,128,-216,-15016,3772,2700,-1019,42,-105,-15088,-2624,4648,-481,163,-143,0
1244.0656161308289,11056,4924,10400,-80,-83,66,10076,-9388,8284,-51,178,-223,-14944,3804,2616,-971,54,-79,-14876,-2692,4776,-491,134,-188,0
1244.1019320487976,11060,4836,10360,-32,-87,35,10052,-9404,8416,-57,149,-185,-14972,3780,2784,-980,44,-117,-14948,-2692,4616,-519,152,-176,0
1244.1380069255829,11068,4976,10332,-53,-62,88,10024,-9400,8408,-52,157,-186,-15048,3716,2560,-978,72,-47,-15072,-2704,5076,-479,125,-168,0
1244.1735820770264,10992,4860,10360,-69,-37,81,10128,-9460,8484,-54,138,-160,-15060,3780,2404,-977,75,-60,-15100,-2608,4800,-485,122,-163,0
1244.2087180614471,10924,4768,10408,-74,-52,52,10120,-9400,8252,-82,159,-182,-15032,3840,2744,-976,95,-78,-15148,-2648,4696,-446,145,-137,0
1244.2437341213226,10856,5036,10456,-62,-30,78,10064,-9692,8396,-114,157,-152,-14956,3796,2508,-969,72,-54,-14956,-2776,4844,-524,127,-188,0
1244.2792060375214,10960,4768,10436,-37,-253,82,10088,-9492,8428,-57,116,-153,-15004,3752,2604,-769,28,-98,-14956,-2700,5104,-536,163,-187,0
1244.3141770362854,10872,4928,10280,-4,-13,60,10012,-9388,8316,-43,126,-180,-14988,3816,2608,-1003,52,-51,-15124,-2664,4628,-509,145,-174,0
1244.3499360084534,11032,5028,10424,-11,-10,35,10080,-9708,8276,-91,181,-163,-15096,3844,2672,-969,-14,-128,-15012,-2668,4868,-528,161,-207,0
1244.3849101066587,10924,4856,10524,-117,-252,9,10044,-9420,8260,-53,189,-222,-14916,4024,2396,-1033,3,-124,-15004,-2572,4748,-756,192,-234,0
1244.4205961227417,10924,4916,10248,-16,-11,9,10096,-9380,8392,-33,194,-191,-14896,3808,2848,-1001,-8,-109,-15320,-2748,4860,-497,188,-194,0
1244.4571709632874,10932,4992,10444,9,-252,4,10116,-9400,8348,-89,180,-253,-15000,3728,2724,-956,17,-170,-14988,-2820,4880,-476,171,-195,0
1244.492250919342,10940,5320,10304,-51,-86,-54,10236,-9464,8384,-108,233,-288,-14852,3712,2616,-911,5,-136,-14972,-2768,4816,-480,215,-285,0
1244.527400970459,10756,5364,10468,-33,-98,-80,10300,-9448,8572,-111,453,-329,-14996,3700,2476,-864,22,-191,-14852,-2648,4744,-495,507,-225,0
1244.5628349781036,11008,4908,10448,-73,-115,-11,9740,-9336,8276,-34,178,-271,-14932,3980,2632,-968,38,-94,-15008,-2624,4900,-543,239,-171,0
1244.598104953766,10964,4956,10240,-26,-47,55,9956,-9432,8340,-47,127,-220,-14940,3768,2692,-973,112,-132,-15056,-2816,4952,-532,126,-153,0
1244.6336369514463,10872,4944,10424,-47,-30,103,9852,-9476,8308,-17,66,-197,-14936,3864,2492,-930,206,-114,-15332,-2772,4704,-520,187,-92,0
1244.6697630882263,10948,4928,10320,-95,-65,158,10160,-9440,8260,-21,132,-178,-14928,3772,2680,-769,116,-143,-15136,-2704,4740,-562,166,-94,0
1244.7121350765228,10920,5128,10380,-48,-95,138,10104,-9460,8244,252,120,-190,-15300,3712,2652,-773,180,-154,-15100,-2612,4656,-577,177,-127,0
1244.7458329200745,10880,5112,10324,-44,-53,103,10068,-9380,8208,-12,159,-171,-15060,3664,2656,-980,102,-105,-15056,-2580,4844,-587,180,-166,0
1244.7794589996338,10948,5180,10408,-64,-45,96,10088,-9272,8412,-18,151,-207,-14876,3836,2744,-897,107,-50,-15044,-3056,4848,-485,94,-97,0
1244.8129251003265,10980,5188,10564,-183,-18,52,9952,-9224,8324,-39,143,-222,-15036,3780,2684,-848,149,-70,-15344,-2764,4656,-388,106,-103,0
1244.846790075302,10804,5144,10308,-313,-56,61,9952,-9352,8264,-94,216,-274,-14968,3412,2748,-878,96,-134,-14968,-2916,4760,-380,219,-79,0
1244.8804349899292,10836,5252,10444,-367,-221,43,9964,-9064,8532,-118,216,-404,-15068,3608,2696,-516,151,-257,-15052,-2952,4756,-315,305,-12,0
1244.913773059845,10972,5212,10284,-420,-303,44,10208,-9448,8204,-180,199,-384,-15088,3952,2752,-514,184,-182,-15236,-2624,4908,-386,263,-38,0
1244.9474101066587,11060,5068,10436,-408,-176,111,10048,-9404,8432,-59,158,-166,-14892,3992,2776,-927,66,57,-15312,-2656,4876,-487,44,-108,0
1244.9810390472412,11008,5044,10436,-354,56,113,9924,-9512,8404,-253,228,-16,-14968,3912,2676,-938,31,114,-14864,-2668,4900,-573,-66,-100,0
1245.0146000385284,10856,4916,10420,-237,172,185,9840,-9276,8224,-40,113,62,-14900,4008,2496,-918,162,181,-14880,-2428,4944,-635,-157,29,0
1245.0481960773468,10964,4896,10496,-194,176,338,10012,-9552,8368,-36,-30,173,-14852,3904,2484,-981,319,220,-14932,-2492,4780,-681,-153,127,0
1245.0818071365356,10732,4748,10400,-241,56,480,10064,-9532,8004,41,-94,104,-14868,3828,2508,-1066,324,58,-14900,-2616,4804,-618,-27,120,0
1245.1153190135956,10768,4888,10428,-126,-65,442,10092,-9480,8292,-9,-246,-39,-15092,3604,2480,-1066,304,-97,-14936,-2712,4620,-257,138,86,0
1245.1487300395966,10956,5016,10472,-230,-196,290,10156,-9420,8300,8,85,-193,-15212,3596,2672,-1047,194,-169,-15184,-2688,4628,-480,269,-21,0
1245.1824359893799,10888,4968,10312,-312,-285,184,10492,-9428,8412,52,198,-255,-15356,3724,2600,-1102,6,-183,-15196,-2720,4720,-473,507,-145,0
1245.2157559394836,10916,5016,10344,-217,-209,13,10080,-9372,8528,79,301,-282,-15284,3644,2612,-1063,-87,-153,-15268,-2864,4884,-463,192,-512,0
1245.2490820884705,10936,5056,10524,-179,-127,-85,10064,-9380,8668,53,332,-273,-15100,4064,3016,-981,-116,-158,-15176,-2732,4844,-448,92,-306,0
1245.282459974289,11000,4940,10440,-191,-56,-108,10088,-9372,8432,37,384,-228,-14936,3900,2776,-997,-132,-87,-15068,-2688,4772,-497,115,-264,0
1245.3158280849457,10756,4896,10328,-201,-79,-13,9908,-9412,8244,6,262,-174,-14940,3920,2464,-948,19,-74,-15080,-2580,4788,-513,91,-182,0
1245.3495481014252,10892,5004,10564,-262,-114,79,9912,-9336,8308,14,197,-167,-14824,3864,2600,-983,112,-66,-15028,-2656,4700,-492,95,-75,0
1245.382817029953,10876,4956,10332,-209,-106,185,9844,-9460,8444,-34,112,-128,-14916,4084,2584,-987,181,-54,-15072,-2596,4764,-556,16,-85,0
1245.4161670207975,10924,4872,10360,-164,-86,210,9976,-9392,8396,11,112,-78,-14952,4048,2676,-985,200,245,-15040,-2680,4684,-578,20,-75,0
1245.4499490261078,10884,4936,10536,-129,-51,222,9908,-9244,8348,18,105,-74,-15028,3928,2848,-990,184,-11,-15000,-2736,4940,-594,46,-74,0
1245.4829750061035,10972,5004,10380,-104,-57,207,10044,-9468,8416,13,100,-86,-14968,3804,2700,-776,156,-19,-15144,-3028,4748,-573,82,-137,0
1245.516433954239,10900,4972,10040,-116,-64,182,10020,-9352,8644,-61,152,-65,-14928,3824,2808,-979,101,-27,-14980,-2744,4788,-549,43,-160,0
1245.5499770641327,10952,5076,10284,-80,-48,134,9952,-9304,8584,-40,221,-84,-15072,3880,2820,-971,94,-53,-14988,-2760,4772,-560,25,-200,0
1245.5835781097412,11100,4908,10616,-74,17,104,9988,-9388,8416,-29,215,-101,-15080,3692,2408,-990,115,39,-15108,-2676,4900,-554,43,-141,0
1245.6168711185455,11072,4920,10368,-99,35,70,10088,-9364,8324,-33,101,-123,-15088,3688,2592,-942,62,-253,-15124,-2564,4828,-507,30,-164,0
1245.6503639221191,11076,4920,10544,-151,48,86,10080,-9420,8312,-8,271,-62,-15052,3980,2584,-997,18,32,-15124,-2664,4788,-514,12,-215,0
1245.6836829185486,11036,4880,10448,-160,45,44,10176,-9440,8544,8,237,-71,-15040,3904,2460,-1038,-18,1,-14972,-2720,4812,-532,-11,-242,0
1245.7201709747314,10856,5004,10464,-149,93,39,10048,-9368,8384,-39,286,-54,-14948,3952,2388,-921,233,-10,-14860,-2732,4956,-540,-58,-221,0
1245.7550349235535,10948,4928,10300,-99,125,102,9868,-9544,8440,-31,251,-33,-14980,4060,2564,-1010,20,102,-14956,-2692,4940,-593,-57,-152,0
1245.7909641265867,10940,4884,10496,-52,80,124,9840,-9492,8584,-16,141,-33,-14940,3912,2684,-1070,108,57,-14956,-2612,5100,-595,-13,-85,0
1245.8261890411377,10776,4904,10396,1,53,195,9820,-9408,8308,-71,60,-61,-14944,3956,2504,-1098,209,-39,-15012,-3028,4720,-578,66,-80,0
1245.8619530200958,10856,4972,10700,-18,255,199,9944,-9444,8224,-37,90,-62,-15008,3900,2668,-1038,172,29,-15328,-2804,4956,-528,40,-109,0
1245.8975470066073,10884,4912,10460,-68,23,169,9828,-9548,8648,-46,88,-72,-14876,3896,2660,-1094,94,-10,-14888,-2856,5036,-532,99,-53,0
1245.9329869747162,10864,5100,10564,-9,-5,194,9920,-9568,8568,-17,22,-91,-14980,3860,2672,-1142,119,-256,-14944,-2796,5000,-591,140,-51,0
1245.9681661128998,10892,5100,10424,18,-14,238,9932,-9272,8544,-86,-4,-108,-14948,3964,2748,-1045,248,-28,-15016,-2712,5132,-569,98,-42,0
1246.0034050941467,10808,4848,10432,-43,0,233,9848,-9488,8392,-108,-14,-90,-14984,3916,2600,-1037,228,-8,-15000,-2744,5292,-575,84,-27,0
1246.038666009903,10852,4944,10516,-8,36,226,9856,-9328,8324,-115,-34,-61,-15052,3936,2632,-1075,145,14,-15100,-2836,4932,-542,96,-62,0
1246.0736849308014,10876,4900,10248,-120,-20,208,9900,-9484,8420,-109,49,-93,-15008,3904,2648,-1150,70,-240,-14984,-2744,5008,-555,125,-9,0
1246.1093909740448,10840,4712,10432,-62,-13,186,9992,-9336,8384,-80,24,-92,-14976,4092,2436,-1147,75,-57,-15012,-2632,5012,-522,130,-93,0
1246.1444051265717,10832,4924,10412,-66,-78,136,9996,-9596,8260,-63,53,-205,-15024,3788,2400,-1067,108,-135,-14912,-2720,4940,-484,1,-72,0
1246.1798310279846,10888,4956,10248,-52,-105,117,9852,-9456,8300,-105,15,-278,-14760,3916,2792,-1055,76,-100,-15004,-2760,4932,-495,295,12,0
1246.2149879932404,10996,5028,10264,-136,-151,151,9928,-9572,8400,-54,13,-229,-15088,4040,2580,-1037,155,-67,-15136,-2708,5184,-488,215,-255,0
1246.250759124756,10860,4992,10532,-189,-86,180,10156,-9664,8268,-65,111,-161,-15160,4032,2712,-994,134,-36,-15060,-2816,5108,-476,155,-114,0
1246.2862160205839,10804,5064,10408,-105,-32,98,9876,-9548,8188,-36,191,-135,-14912,3840,2788,-940,37,-7,-15196,-2744,5128,-533,40,-194,0
1246.3219110965729,10912,4892,10444,-72,77,50,10236,-9468,8300,-70,219,-70,-14812,3928,2768,-988,-37,35,-15100,-2764,4960,-515,-14,-200,0
1246.3595850467682,10808,5024,10716,-194,43,67,9936,-9464,8428,-12,194,-102,-15040,3792,2412,-993,46,-35,-14972,-2768,4892,-495,84,-122,0
1246.3927209377289,10984,5088,10488,-148,24,128,9884,-9500,8332,-59,128,-127,-14940,3920,2592,-966,175,-18,-14964,-2788,4796,-525,117,-43,0
1246.4261100292206,10840,4876,10596,-99,-95,162,10000,-9620,8460,-81,93,-172,-14872,3956,2652,-1030,119,-58,-15000,-2720,4868,-519,174,-101,0
1246.459941148758,10612,4984,10272,-142,-96,172,9916,-9556,8532,24,79,-215,-14868,3872,2688,-1017,124,-146,-14896,-2640,4860,-466,205,-68,0
1246.4935901165009,10948,5060,10324,-146,-88,124,9964,-9508,8360,-252,122,-181,-15080,3980,2720,-976,135,-91,-15124,-2608,4964,-266,185,-100,0
1246.5271129608154,10956,4996,10640,-183,-26,118,10040,-9232,8324,-13,-63,-230,-15096,3684,2724,-984,92,-56,-15176,-2692,5096,-542,38,-88,0
1246.5606350898745,10972,4984,10552,-193,43,141,9952,-9592,8228,-31,149,-100,-15000,3952,2412,-993,106,-16,-15032,-2712,4952,-531,5,-137,0
1246.5942239761353,10764,4932,10428,-197,-31,122,9844,-9676,8368,-18,165,-151,-14896,3924,2636,-936,156,-78,-14660,-2608,4904,-495,122,-94,0
1246.62752699852,10740,4964,10580,-205,-105,128,9860,-9500,8200,-73,22,-294,-14748,3764,2720,-938,259,-238,-14672,-2724,4932,-416,286,12,0
1246.6608250141144,10672,4948,10404,-290,-316,123,9872,-9372,8216,-69,59,-400,-14896,3732,2676,-839,256,-300,-14932,-2772,4688,-318,386,50,0
1246.694463014603,10872,4968,10372,-431,-319,80,10040,-9348,8316,-99,126,-491,-15148,3912,2588,-865,271,-396,-14868,-2620,4776,-267,495,3,0
1246.7279930114746,10928,5028,10484,-441,-398,40,10144,-9600,8572,-9,158,-507,-15156,4000,2552,-924,193,-303,-15204,-2388,4928,-348,275,-46,0
1246.7612080574036,11088,4928,10732,-405,-396,85,9976,-9624,8332,84,126,-407,-14920,4048,2344,-891,509,-222,-15144,-2624,5112,-471,325,-51,0
1246.7948999404907,10888,4964,10556,-284,-238,121,9828,-9512,8272,41,15,-317,-14940,4092,2732,-926,246,-246,-14868,-2600,5008,-469,260,-39,0
1246.8282840251925,10892,4904,10584,-208,-206,175,10212,-9512,8436,36,54,-265,-14916,4052,2600,-979,167,-2,-14860,-2544,5016,-477,221,-54,0
1246.8619561195374,10820,4856,10492,-169,-196,166,10024,-9580,8300,32,128,-273,-15016,3904,2400,-1086,133,-14,-14956,-2584,4836,-494,510,-85,0
1246.8952729701996,11000,4924,10512,-169,-275,168,9736,-9404,8280,51,103,-293,-15004,3944,2448,-1034,196,-192,-14988,-2592,4764,-505,254,-61,0
1246.9287009239197,10780,4960,10496,-199,-240,167,10120,-9404,8408,-13,42,-256,-15032,3908,2520,-967,230,-168,-15344,-2780,4656,-478,212,253,0
1246.9620151519775,11024,4920,10240,-285,-223,215,10164,-9400,8296,-11,47,-249,-15168,3800,2432,-999,224,-179,-15160,-2640,4812,-475,228,-2,0
1246.9955260753632,11196,5108,10412,-279,-287,206,10092,-9252,8332,-7,98,-504,-15276,3760,2436,-1017,184,-192,-15084,-2564,4932,-472,241,-56,0
1247.0290780067444,10900,4904,10420,-251,-280,186,10012,-9704,8280,33,87,-266,-14968,4092,2516,-972,180,-170,-15124,-2604,4820,-442,227,-85,0
1247.0627779960632,11012,4888,10376,-4,-251,156,9748,-9380,8380,31,135,-247,-15072,4080,2488,-982,146,-114,-15300,-2708,4868,-444,187,-96,0
1247.0963990688324,10968,4820,10236,-263,-238,156,10080,-9428,8168,39,127,-254,-15048,4092,2680,-966,146,-137,-15116,-2624,4900,-460,171,-103,0
1247.1297631263733,10924,4904,10396,-224,-194,128,10016,-9484,8616,18,152,-250,-15060,3940,2508,-950,129,-184,-15064,-2700,4964,-469,168,-124,0
1247.162838935852,11052,4840,10352,-172,-186,136,10176,-9416,8244,6,149,-231,-14968,3892,2480,-974,144,-104,-15080,-2636,4800,-493,154,-103,0
1247.196416139603,10976,4800,10256,-156,-199,164,9760,-9420,8256,-7,95,-209,-14948,3912,2596,-1008,150,-117,-15020,-2568,4784,-491,131,-85,0
1247.229854106903,11228,4776,10280,-170,-185,201,9752,-9356,8388,252,92,-208,-15072,3828,2416,-1016,177,-134,-14980,-2692,4540,-495,189,-77,0
1247.263307094574,11056,5028,10316,-144,-179,184,10064,-9332,8436,-13,64,-198,-14996,3740,2476,-1021,166,-142,-15028,-2624,4788,-522,179,-106,0
1247.2968609333038,11116,4624,10356,-132,-143,144,10080,-9312,8240,-12,102,-164,-15056,3752,2404,-1037,114,-112,-15140,-2528,5016,-486,143,-132,0
1247.3303060531616,10804,4908,10204,-82,12,104,10224,-9392,8276,-27,153,-140,-15172,3804,2428,-1057,69,-16,-14860,-2544,4756,-512,80,-142,0
1247.3637139797213,11060,4768,10372,-102,51,48,10040,-9416,8308,0,181,-143,-15044,3600,2596,-1110,-14,-65,-15004,-2616,4880,-498,141,-153,0
1247.400491952896,11024,4876,10284,-118,27,72,10044,-9428,8680,-36,140,-131,-15040,3764,2484,-1060,37,255,-15140,-2696,4780,-484,81,-173,0
1247.435539007187,10984,4856,10540,-73,4,68,10080,-9464,8268,-88,152,-166,-14996,4072,2528,-995,52,-75,-15020,-2500,4748,-464,110,-175,0
1247.4712100028992,11020,4708,10312,-146,-56,90,10000,-9408,8364,-12,134,-143,-15096,3740,2324,-1037,5,-76,-15096,-2488,4860,-453,96,-150,0
1247.5061390399933,11008,4820,10316,-95,5,83,10056,-9380,8284,7,169,-128,-15096,4040,2532,-1042,-3,-8,-15156,-2676,4948,-503,53,-191,0
1247.5417909622192,11008,4824,10404,-98,36,51,10000,-9400,8404,-43,178,-143,-14860,3808,2520,-986,28,225,-15056,-2588,5072,-497,40,-161,0
1247.5781619548798,10856,4716,10388,-73,16,66,10036,-9428,8208,-49,177,-123,-14988,3876,2796,-1010,52,-24,-15080,-2624,4876,-516,47,-167,0
1247.6135399341583,11012,4776,10308,-60,47,108,10016,-9400,8192,-50,116,-141,-14988,3888,2600,-1031,88,-19,-15040,-2596,4764,-497,116,-124,0
1247.6491780281067,10800,5096,10512,-60,-49,122,10012,-9252,8312,-51,110,-184,-15040,3876,2624,-1069,85,-81,-15104,-2624,4860,-495,150,-143,0
1247.6841900348663,11000,4848,10376,-34,-98,113,9964,-9488,8352,-81,108,-188,-15104,3892,2448,-1043,125,-84,-14876,-2784,5072,-517,183,-122,0
1247.7195110321045,11064,4908,10360,-58,-68,101,10056,-9472,8392,-65,81,-169,-15076,4092,2400,-1028,122,-61,-15116,-2696,4956,-767,114,-138,0
1247.7547011375427,11016,4872,10360,-43,-14,110,10052,-9400,8288,-24,130,-177,-15044,3864,2560,-1041,68,-41,-15096,-2604,5064,-527,138,-148,0
1247.7905189990995,11064,4944,10396,13,-22,75,10044,-9444,8360,-55,128,-157,-14924,3916,2368,-1055,109,-51,-15044,-2708,4960,-489,121,-144,0
1247.8262131214142,10828,4976,10288,-43,-14,82,10060,-9448,8264,-94,102,-156,-15008,4088,2464,-999,77,-55,-15080,-2656,4960,-508,121,-173,0
1247.8623650074003,10976,4816,10400,-56,-52,71,10108,-9352,8280,-79,135,-182,-15080,3856,2804,-972,94,-68,-15076,-2588,4888,-505,150,-165,0
1247.8980190753937,11028,4800,10080,-66,-39,75,10036,-9724,8280,-47,104,-168,-14904,3936,2420,-1039,62,-90,-15088,-2572,4892,-540,115,-124,0
1247.9334230422974,11036,4856,10304,-54,-17,72,10040,-9436,8248,-49,100,-169,-15096,3872,2344,-1042,67,-38,-15128,-2700,5000,-520,123,-135,0
1247.9691729545593,11252,4708,10264,-64,-32,104,10020,-9244,8308,-32,140,-184,-14980,3872,2560,-1045,83,-76,-15020,-2644,4712,-514,156,-142,0
1248.0039620399475,10912,4680,10528,-58,-65,97,9796,-9460,8336,-33,122,-207,-15056,3744,2612,-781,74,-68,-15028,-2716,4876,-512,172,-136,0
1248.0412011146545,10892,4936,10372,-31,-43,79,10012,-9284,8324,-80,124,-151,-15056,3892,2628,-1005,73,-99,-15108,-2712,4948,-522,102,-171,0
1248.074779033661,10896,4632,10336,-88,-21,82,10032,-9424,8208,-31,155,-145,-15044,3952,2440,-1040,38,-87,-15100,-2680,5080,-531,140,-162,0
1248.1082570552826,10908,4652,10424,-129,-40,113,10056,-9428,8272,-45,154,-152,-15044,3860,2324,-1040,72,-31,-15236,-2820,4896,-517,123,-129,0
1248.14155292511,11052,4964,10376,-97,-6,75,10108,-9412,8344,-128,141,-169,-15092,3796,2496,-992,112,-72,-15108,-2600,4948,-502,108,-148,0
1248.1749820709229,11024,4900,10408,-169,-26,63,10052,-9672,8228,-46,151,-189,-14920,3876,2648,-1024,67,-43,-15040,-2664,4868,-508,152,-149,0
1248.2086129188538,11248,5116,10484,-97,1,89,10128,-9488,8300,-1,124,-179,-14924,3852,2324,-1061,64,-92,-15092,-2632,5104,-511,152,-141,0
1248.2421820163727,10908,4980,10480,-110,-14,101,10068,-9508,8276,-25,114,-178,-14956,3864,2592,-1010,93,-54,-14904,-2624,4984,-495,133,-131,0
1248.2757420539856,10992,4948,10432,-123,-47,88,10192,-9660,8332,-36,138,-176,-15052,3976,2472,-955,80,-45,-14968,-2656,4916,-481,127,-138,0
1248.3090651035309,10988,4988,10324,-175,-68,88,10004,-9488,8404,-6,163,-162,-14948,3888,2600,-1003,87,-75,-15120,-2672,4880,-478,135,-103,0
1248.3428349494934,10900,4972,10468,-202,-70,113,10096,-9700,8284,8,160,-177,-15068,3748,2460,-983,110,-106,-15088,-2624,4908,-480,149,-100,0
1248.3764951229095,10904,4976,10352,-13,-124,119,9964,-9440,8200,11,150,-224,-15040,3864,2484,-972,179,-169,-15040,-2636,5000,-476,172,-54,0
1248.4096710681915,10944,5008,10664,-217,-155,175,10048,-9664,8280,-57,109,-209,-15060,3644,2332,-920,229,-123,-15028,-2720,4972,-489,174,-62,0
1248.4431800842283,10980,4984,10432,-231,-146,159,10008,-9380,8444,-45,125,-210,-15068,3896,2428,-938,156,-84,-15120,-2564,4900,-483,154,-59,0
1248.4769489765167,10964,4984,10440,-510,-107,150,10052,-9504,7972,-46,162,-153,-14968,3932,2496,-969,111,-100,-15084,-2568,4892,-472,165,-98,0
1248.510656118393,10868,5076,10472,-1,-111,149,10016,-9392,8344,8,171,-194,-14972,3928,2540,-995,132,-74,-15044,-2656,5000,-476,192,-65,0
1248.5442299842834,10944,4948,10616,-271,-135,142,10004,-9568,8344,-8,141,-221,-14940,3852,2592,-934,167,-152,-15072,-2624,4888,-462,221,-46,0
1248.5779490470886,10964,4952,10416,-271,-225,139,10100,-9584,8196,247,137,-249,-15140,3784,2472,-910,208,-191,-14944,-2688,4900,-443,247,-51,0
1248.6112830638885,10776,4876,10360,-301,-230,160,10164,-9500,8300,37,161,-251,-14852,3884,2536,-966,159,-156,-14856,-2684,5116,-465,211,-67,0
1248.6442799568176,10888,4832,10316,-268,-205,142,10108,-9496,8312,22,123,-242,-15004,3840,2616,-978,139,-147,-15116,-2632,4828,-477,190,-91,0
1248.6780309677124,10964,4644,10336,-507,-207,151,10116,-9420,8436,41,120,-220,-14992,3816,2496,-1280,102,-126,-15108,-2708,4760,-442,161,-99,0
1248.7115800380707,11180,4880,10572,-242,-149,126,9988,-9448,8256,12,129,-231,-14932,3828,2444,-1011,120,-181,-15100,-2596,4840,-432,174,-109,0
1248.7452189922333,11212,5056,10384,-275,-192,133,10008,-9280,8308,24,126,-234,-15012,3840,2752,-994,177,-166,-15108,-2584,4748,-454,201,-67,0
1248.7788209915159,11084,5096,10088,-213,-203,148,10108,-9340,8284,-4,140,-230,-15028,3668,2580,-950,148,-74,-15212,-2512,4812,-478,114,-83,0
1248.8119649887085,10964,4848,10432,-263,-195,184,10088,-9552,8280,7,111,-190,-15068,3916,2660,-1034,123,-124,-14956,-2684,4740,-491,163,-80,0
1248.8456230163574,10888,4644,10316,-252,-234,200,10016,-9392,8240,10,100,-223,-15052,3756,2396,-1024,168,-147,-15112,-2668,4856,-466,174,-52,0
1248.879235982895,11244,4624,10488,-165,-196,157,10040,-9436,8368,-46,99,-217,-15060,3616,2496,-950,197,-135,-15084,-2596,4804,-450,184,-78,0
1248.9124460220337,11080,4752,10572,-2,-11,142,10108,-9728,8276,11,120,-211,-14932,4076,2424,-1034,120,-144,-15152,-2480,5064,-458,201,-89,0
1248.9460639953613,11116,4728,10288,-235,-186,158,10184,-9644,8340,56,103,-194,-15016,3868,2472,-1048,81,-70,-15184,-2588,5116,-463,140,-98,0
1248.9798231124878,11136,4816,10396,-180,-176,131,10048,-9468,8372,-37,151,-163,-15072,3612,2676,-1000,95,-64,-14968,-2544,4888,-532,107,-118,0
1249.013442993164,10932,4768,10376,-196,-126,150,10060,-9364,8268,-31,130,-181,-14988,3816,2304,-985,87,-100,-14944,-2628,4952,-270,139,-124,0
1249.0471329689026,11172,4856,10152,-117,-98,134,10048,-9344,8260,-63,123,-201,-15084,3832,2476,-1003,94,-94,-15008,-2448,4776,-527,184,-112,0
1249.0834081172943,11128,4744,10272,-75,-83,110,10052,-9460,8168,-22,99,-205,-15044,3792,2412,-1033,118,-100,-15092,-2584,4788,-477,178,-114,0
1249.119686126709,11076,4876,10136,-119,-31,97,10020,-9336,8328,-12,104,-183,-15044,3800,2668,-1051,64,-90,-15240,-2560,5092,-513,174,-139,0
1249.1546370983124,11164,4868,10412,-102,-24,75,10080,-9344,8196,-6,145,-179,-15036,4072,2444,-1005,54,-74,-15092,-2668,4652,-505,130,-135,0
1249.190691947937,11052,4832,10596,-125,-53,63,10168,-9460,8400,-36,162,-181,-15020,3856,2428,-1022,93,-35,-15024,-2616,4820,-490,139,-144,0
1249.2262279987335,11052,4912,10416,-70,-31,77,10048,-9432,8436,251,119,-171,-15000,3864,2484,-1033,56,-86,-15136,-2316,5112,-528,170,-127,0
1249.2625179290771,11140,4852,10444,-44,-58,89,9992,-9364,8260,-42,123,-151,-14972,3600,2688,-1005,76,-49,-15224,-2608,4756,-514,119,-147,0
1249.2980740070343,11192,5044,10284,-90,-26,76,10096,-9372,8308,-58,140,-178,-14964,3652,2504,-995,113,-45,-15012,-2644,4708,-501,135,-145,0
1249.3336391448975,10900,4768,10576,-106,-56,84,10040,-9220,8432,-11,156,-171,-15052,3904,2340,-982,67,-82,-15236,-2596,4912,-502,142,-145,0
1249.369349002838,10792,4824,10260,-81,-18,77,10068,-9416,8388,-19,133,-153,-15032,3820,2304,-1014,92,-27,-14900,-2692,4956,-522,89,-163,0
1249.4048991203308,11192,4868,10396,-95,-15,82,9984,-9220,8376,-44,133,-160,-14920,3816,2504,-1007,76,-59,-15352,-2640,4916,-491,135,-118,0
1249.4402239322662,10780,4836,10640,-108,-44,115,10068,-9392,8248,-34,101,-190,-15072,3888,2348,-1010,77,-58,-15252,-2632,4884,-476,124,-159,0
1249.475517988205,11012,4880,10380,-29,-10,86,10064,-9392,7964,-46,139,-151,-15084,3916,2428,-987,87,-2,-15116,-2528,4844,-266,82,-154,0
1249.5117480754852,11032,4760,10240,-103,249,101,10096,-9468,8328,-42,135,-150,-15016,3944,2344,-1057,7,-89,-15048,-2688,4892,-532,110,-152,0
1249.5475931167605,10780,5072,10408,-69,38,94,10088,-9372,8380,-49,153,-141,-15068,3748,2416,-1025,52,237,-15112,-2648,4924,-505,76,-148,0
1249.5832929611206,11196,5096,10212,-93,11,55,10196,-9384,8312,-105,152,-153,-14988,3868,2500,-1036,17,-41,-15096,-2628,4836,-520,94,-176,0
1249.6186649799347,10796,4828,10400,-136,23,64,9996,-9220,8276,-49,134,-126,-15048,3628,2316,-1242,-33,-24,-15096,-2608,4876,-496,115,-169,0
1249.6538970470428,10752,4688,10328,-48,12,74,9736,-9420,8216,-20,152,-139,-14984,3828,2396,-1057,66,-85,-15036,-2608,5020,-509,119,-161,0
1249.6888599395752,10988,4920,10504,-74,11,74,9968,-9236,8252,-34,173,-159,-14872,3880,2620,-988,71,-36,-15088,-2640,4952,-507,101,-141,0
1249.7290811538696,10904,4936,10436,-71,-38,104,10052,-9356,8440,-50,132,-135,-14820,3900,2552,-1017,71,-43,-15112,-2684,4896,-501,136,-139,0
1249.763333082199,10960,4892,10336,-45,-30,110,10136,-9372,8408,-31,91,-168,-15104,3904,2340,-1038,123,-12,-15044,-2604,4796,-512,103,-173,0
1249.796888113022,10996,4864,10388,-100,-72,107,9988,-9708,8412,-46,120,-171,-15024,3816,2592,-1055,83,-95,-14956,-2600,5116,-510,145,-112,0
1249.830551147461,10992,4716,10504,-46,-20,90,10084,-9424,8300,-66,143,-154,-15060,3780,2468,-1011,104,-85,-15020,-2588,4632,-765,155,-164,0
1249.8640909194946,10996,4900,10376,-53,-44,89,10144,-9436,8368,-14,102,-177,-15036,3864,2552,-1012,95,-99,-14896,-2652,4916,-502,155,-143,0
1249.897432088852,10940,4880,10440,-92,-28,74,10028,-9232,8312,-19,96,-163,-15068,4076,2804,-1040,88,-69,-15012,-2648,4980,-495,142,-152,0
1249.9310750961304,10880,4920,10412,-111,-35,95,10056,-9364,8292,-14,141,-191,-15320,3808,2444,-1029,92,-28,-15080,-2728,4876,-502,143,-142,0
1249.9647600650787,11032,5028,10328,-85,-28,101,10212,-9416,8356,-42,135,-194,-15020,3856,2332,-772,95,-26,-15064,-2816,4868,-501,145,-125,0
1249.99853014946,10924,4904,10372,-98,-67,101,10088,-9416,8384,-55,151,-180,-14992,4044,2392,-984,80,-79,-14960,-2736,4904,-483,153,-133,0
1250.0320191383362,10864,4956,10244,-120,-67,58,10048,-9548,8292,-43,144,-187,-14960,3916,2516,-990,94,-93,-15016,-2712,4876,-480,158,-139,0
1250.065544128418,11244,4864,10508,-121,-60,95,10036,-9468,8328,-62,129,-190,-15020,3972,2744,-1021,103,-80,-14932,-2668,4888,-501,149,-145,0
1250.099112033844,10868,4956,10412,-106,-32,101,10232,-9708,8324,-16,128,-194,-14980,3604,2584,-1272,88,-84,-15300,-2692,4984,-508,145,-161,0
1250.132511138916,10952,4904,10704,-102,-58,93,10084,-9300,8324,-72,46,-185,-14964,3588,2580,-1045,129,-76,-15044,-2724,4840,-522,163,-132,0
1250.1660830974579,10960,4912,10312,-109,-73,103,10072,-9420,8272,-48,143,-186,-15068,3824,2708,-991,118,-104,-14884,-2608,4804,-482,172,-103,0
1250.1997339725494,11216,4984,10388,-116,-47,118,10044,-9420,8344,-67,136,-175,-14948,3940,2804,-943,107,-95,-15136,-2592,4940,-483,123,-92,0
1250.2331521511078,11044,4912,10404,-106,-22,99,10136,-9408,8228,-31,132,-168,-15020,3956,2636,-1044,79,-105,-15124,-2668,4864,-509,137,-127,0
1250.266634941101,10844,4924,10488,-179,-57,112,10152,-9460,8196,7,112,-148,-14916,3904,2576,-1053,100,-74,-15052,-2780,4888,-513,146,-82,0
1250.3002889156342,10804,5060,10504,-116,-55,121,9972,-9420,8240,-110,156,-178,-15016,3584,2744,-1008,133,-98,-15096,-2640,4840,-497,110,-100,0
1250.3334610462189,10768,4908,10308,-189,-64,67,10128,-9240,8320,-23,153,-178,-15036,3836,2460,-1038,52,-91,-15072,-2592,4932,-492,158,-148,0
1250.3671779632568,10916,4956,10452,-145,-29,99,9956,-9420,8300,2,139,-177,-14888,3868,2368,-1048,36,-88,-15028,-2708,4912,-490,184,-137,0
1250.4005601406097,10916,4948,10332,-169,-28,96,10032,-9452,8276,21,140,-158,-14928,3852,2760,-987,122,-80,-15084,-2712,4980,-477,107,-81,0
1250.4342291355133,10888,5008,10432,-215,-41,111,10124,-9548,8388,-23,143,-178,-15256,3900,2628,-947,132,-78,-15016,-2632,4888,-462,107,-89,0
1250.4677410125732,11188,4976,10500,-242,-107,115,10220,-9572,8364,-36,149,-182,-14976,3936,2728,-929,157,-97,-15320,-2644,4868,-483,127,-78,0
1250.5012729167938,10928,4920,10336,-213,-106,139,10092,-9472,8208,-57,171,-185,-14976,3820,2368,-943,158,-133,-15048,-2576,4864,-493,151,-61,0
1250.5348329544067,10948,4892,10500,-254,-149,124,10108,-9464,8308,1,165,-208,-14836,4004,2500,-968,132,-140,-14960,-2672,4940,-453,168,-75,0
1250.5684750080109,10936,4908,10420,-240,-96,121,9996,-9368,8340,-34,150,-210,-15080,3856,2748,-989,132,-120,-14940,-2708,4952,-474,160,-66,0
1250.6020710468292,10988,4928,10388,-287,-99,156,10208,-9420,8360,-10,169,-208,-15076,3848,2564,-943,140,-151,-15116,-2652,4660,-454,152,-62,0
1250.6355271339417,10964,4928,10384,-254,-119,143,10144,-9244,8228,255,132,-232,-14880,3968,2648,-935,172,-143,-15076,-2604,4912,-457,218,-93,0
1250.669275045395,10920,4948,10488,-5,-162,142,10164,-9356,8268,36,143,-216,-14996,3852,2568,-989,139,-141,-15280,-2720,4636,-475,172,-84,0
1250.7028629779816,10852,4968,10376,-245,-161,135,10052,-9468,8420,-7,158,-210,-15060,3612,2716,-989,155,-153,-15268,-2656,4884,-467,187,-67,0
1250.736473083496,10780,4948,10472,-270,-162,154,10060,-9436,8356,255,128,-228,-14852,3828,2492,-937,147,-153,-15124,-2676,5044,-453,203,-65,0
1250.7729771137238,10968,4908,10244,-240,-145,107,10068,-9340,8360,-39,174,-227,-15040,3940,2588,-992,138,-135,-15112,-2500,4864,-463,149,-89,0
1250.8092210292816,10888,4940,10396,-264,-132,131,10068,-9696,8336,10,165,-223,-14980,3892,2580,-962,120,-138,-15308,-2536,4892,-468,178,-92,0
1250.8443880081177,10964,4620,10364,-240,-126,125,10060,-9480,8180,-1,129,-215,-15068,3896,2700,-995,127,-128,-15188,-2588,5016,-453,155,-86,0
1250.879508972168,11024,4856,10556,-211,-159,142,10216,-9260,8312,250,102,-198,-15100,3756,2420,-996,154,-140,-15128,-2544,4812,-483,170,-96,0
1250.9148161411285,10940,4904,10304,-201,-170,136,10084,-9460,8392,-5,112,-223,-15052,3588,2724,-974,157,-129,-15052,-2688,4728,-492,200,-75,0
1250.950492143631,10880,4968,10356,-235,-142,168,10092,-9228,8304,247,111,-196,-15076,3848,2532,-950,153,-110,-15192,-2816,4872,-481,113,-74,0
1250.9858229160309,10892,4804,10464,-178,-113,130,10132,-9512,8396,-22,123,-172,-15088,3796,2452,-1004,119,-79,-15128,-2612,4852,-755,136,-104,0
1251.0212879180908,11040,4916,10548,-511,-131,131,10068,-9380,8452,34,122,-175,-15316,4060,2748,-1072,117,-110,-15044,-2664,4880,-462,180,-82,0
1251.0573499202728,10768,4972,10480,-169,-98,121,10060,-9440,8236,-49,127,-226,-15044,3764,2524,-956,151,-136,-15080,-2632,4756,-462,186,-121,0
1251.0922379493713,10984,4844,10428,-195,-190,114,10104,-9428,8412,-16,103,-256,-14964,3852,2336,-1003,115,-129,-15012,-2792,4972,-472,215,-115,0
1251.1280500888824,11056,4860,10188,-158,-115,112,9984,-9372,8380,-27,97,-213,-15048,3780,2704,-1053,70,-114,-15068,-2572,4892,-477,125,-144,0
1251.1630461215973,11080,4860,10412,-94,-59,103,10088,-9420,8288,-12,150,-174,-14936,3836,2304,-1007,61,-29,-15352,-2640,4824,-755,64,-168,0
1251.1991469860077,11256,4852,10392,-93,-43,70,9940,-9396,8344,-38,142,-139,-15004,3764,2544,-1042,53,-86,-14992,-2620,4884,-506,101,-156,0
1251.2343721389773,10932,4784,10196,-99,-9,87,10088,-9348,8364,-35,168,-149,-14980,3872,2388,-1041,82,-73,-15096,-2660,4616,-516,152,-136,0
1251.2698249816895,11224,5112,10404,-89,-42,111,10072,-9364,8316,-21,141,-189,-15072,3732,2452,-1034,102,-95,-14960,-2528,4780,-447,162,-133,0
1251.305123090744,11036,4888,10436,-156,-80,87,10064,-9220,8304,-16,146,-202,-15000,3844,2532,-1046,89,-88,-15052,-2668,4940,-501,173,-141,0
1251.3406529426575,11012,4888,10348,-81,-90,81,10064,-9272,8200,-37,139,-169,-15032,3804,2424,-997,89,-110,-15132,-2744,4936,-493,86,-135,0
1251.3756239414215,10916,4892,10080,-108,-49,66,10088,-9380,8440,-58,152,-145,-15048,3640,2440,-984,95,-59,-15132,-2808,4872,-479,69,-121,0
1251.4119579792025,11244,4616,10520,-103,254,89,10132,-9428,8308,-37,152,-141,-15052,3884,2356,-1016,92,-61,-15264,-2616,4952,-498,90,-149,0
1251.4455859661102,11024,4780,10452,-89,4,86,10040,-9408,8316,-36,118,-137,-15092,3896,2404,-996,100,-35,-14984,-2688,5064,-765,99,-136,0
1251.4791951179504,10840,4932,10312,-89,-7,92,10048,-9424,8368,-55,149,-152,-14956,3864,2544,-967,140,-35,-15116,-2544,4668,-481,120,-109,0
1251.5127511024475,10916,4872,10552,-68,-62,96,10124,-9332,8172,-38,132,-185,-15020,3824,2492,-991,160,-53,-15088,-2624,4884,-473,162,-144,0
1251.5463991165159,11012,4876,10424,-71,-61,121,10160,-9388,8312,-61,143,-188,-14980,4056,2340,-1008,92,-78,-14996,-2764,4904,-496,161,-161,0
1251.5800409317017,11252,4840,10408,-77,-53,92,10136,-9396,8444,-22,146,-140,-15052,3824,2440,-1054,60,-88,-14948,-2576,4976,-760,123,-162,0
1251.6136000156405,11240,4992,10740,-59,-24,56,10012,-9232,8292,-22,177,-124,-15040,4044,2528,-1073,46,-66,-15272,-2396,5104,-505,128,-143,0
1251.6468811035156,11036,4888,10388,-67,-12,61,10216,-9360,8184,-45,137,-167,-15064,3888,2532,-1035,44,-53,-15044,-2412,4876,-505,108,-167,0
1251.680377960205,11012,4964,10320,-29,17,82,10116,-9348,8208,-58,163,-154,-15060,3900,2548,-992,60,-30,-14940,-2600,5032,-517,107,-153,0
1251.7138390541077,10836,4844,10344,-85,-16,105,10096,-9232,8292,-33,109,-132,-14956,3852,2552,-1079,25,-77,-15000,-2700,5040,-510,138,-158,0
1251.7475271224976,10876,5028,10736,-102,248,87,10216,-9372,8196,-48,130,-160,-15052,3744,2568,-1037,85,-85,-15140,-2612,4852,-506,126,-122,0
1251.7807769775393,10988,5028,10380,-95,-9,88,10180,-9372,8204,-102,117,-181,-15028,3748,2508,-984,67,-21,-14876,-2624,4784,-485,147,-154,0
1251.8142020702362,10916,4944,10352,-105,-33,80,10032,-9712,7984,-37,105,-153,-14920,3780,2476,-1034,86,-75,-15092,-2504,4832,-447,160,-134,0
1251.8477079868317,10920,4984,10388,-99,-9,105,10092,-9300,8048,-12,87,-147,-14936,4048,2620,-1075,82,-65,-14948,-2728,4744,-497,162,-133,0
1251.8810679912567,10932,4972,10228,-72,-13,106,10072,-9432,8264,247,129,-152,-15012,3844,2416,-1011,106,-81,-15032,-2700,4916,-489,88,-162,0
1251.9143540859225,10952,5000,10548,-98,4,86,10064,-9432,8176,-55,139,-155,-15040,3848,2652,-990,79,-55,-15048,-2664,4624,-499,122,-112,0
1251.9479529857635,10884,4868,10364,-88,-30,113,10108,-9448,8284,-54,146,-151,-14960,3900,2348,-769,99,-56,-15024,-2600,4912,-497,124,-119,0
1251.9815800189972,11024,4912,10408,-103,-40,106,10108,-9448,8288,-30,117,-167,-15024,3936,2360,-1030,78,-46,-15040,-2548,4896,-489,138,-107,0
1252.0148730278015,10920,5008,10512,-161,-46,124,10040,-9448,8280,-38,108,-177,-15020,3796,2452,-779,111,-82,-15116,-2612,4964,-487,160,-120,0
1252.0484309196472,10912,4888,10344,-129,-59,108,10124,-9460,8240,-67,126,-167,-15028,3788,2484,-998,88,-108,-15036,-2676,4876,-481,154,-159,0
1252.0819239616394,10912,4988,10412,-135,-56,98,10124,-9404,8332,-32,154,-178,-15108,3860,2496,-963,108,-86,-15028,-2668,4948,-488,143,-122,0
1252.1153209209442,10832,4896,10412,-128,-71,111,10044,-9452,8660,-36,154,-195,-15028,4084,2804,-980,110,-68,-14976,-2580,4932,-506,174,-116,0
1252.1487021446228,10900,4876,10508,-139,-31,116,10088,-9416,8268,-14,111,-166,-15128,3920,2636,-990,112,-68,-15096,-2692,4896,-495,135,-124,0
1252.1824159622192,10904,4924,10432,-149,-56,92,10032,-9396,8288,-4,140,-185,-14996,3824,2412,-973,98,-98,-14972,-2736,5020,-452,141,-105,0
1252.2157320976255,10792,4912,10384,-225,-63,111,9792,-9352,8556,-2,153,-206,-14980,3788,2472,-930,139,-122,-14996,-2696,5008,-458,156,-59,0
1252.2492690086365,10864,5032,10496,-249,-93,119,10044,-9460,8216,-11,151,-218,-14968,3916,2812,-941,173,-120,-15004,-2696,4868,-477,141,-80,0
1252.28284907341,10888,4940,10324,-221,-145,140,10024,-9512,8332,-13,145,-211,-14976,3916,2348,-937,147,-113,-15336,-2684,4900,-501,164,-90,0
1252.3161950111387,10920,4956,10344,-508,-139,145,10048,-9400,8328,-51,174,-212,-15224,3924,2808,-942,96,-124,-14952,-2672,5032,-482,179,-64,0
1252.350140094757,10824,4948,10520,-255,-95,111,10088,-9432,8368,-21,186,-177,-14992,3864,2432,-983,123,-83,-15056,-2648,5112,-467,175,-91,0
1252.383348941803,10872,4944,10432,-280,-93,121,10060,-9440,8240,-20,196,-193,-14996,3588,2664,-963,108,-144,-14876,-2668,5112,-445,173,-69,0
1252.4168019294739,10940,4920,10464,-277,-107,121,10024,-9424,8208,13,166,-187,-15048,3828,2516,-996,109,-149,-15044,-2652,4668,-445,213,-65,0
1252.4535920619965,10932,5100,10320,-269,-153,128,10052,-9292,8212,27,146,-222,-15340,3812,2412,-994,140,-190,-14948,-2608,5040,-467,205,-49,0
1252.488785982132,11016,4936,10448,-267,-170,140,10136,-9472,8264,252,154,-223,-15064,4088,2380,-979,141,-108,-15100,-2808,5076,-465,169,-89,0
1252.5239229202273,10920,4716,10324,-252,-152,121,10184,-9432,8304,23,138,-217,-14964,3920,2560,-1044,86,-128,-15060,-2624,4800,-480,154,-122,0
1252.5593450069427,11004,4852,10476,-280,-153,128,10028,-9500,8368,24,113,-213,-15076,4004,2716,-1078,46,-96,-15040,-2596,4660,-460,173,-102,0
1252.5949320793152,10972,4900,10476,-187,-120,129,10056,-9268,8296,-14,159,-208,-15088,3820,2480,-975,133,-140,-15036,-2656,4908,-455,172,-111,0
1252.6305141448975,10924,4876,10488,-220,-170,118,10020,-9240,8252,33,142,-233,-14908,3944,2432,-1025,76,-111,-15020,-2580,4640,-454,221,-83,0
1252.6655640602112,11040,4876,10364,-240,-142,151,10156,-9308,8380,32,104,-208,-14980,3772,2412,-1049,61,-134,-15320,-2628,4836,-511,155,-108,0
1252.701318025589,10892,4884,10412,-218,-142,130,10204,-9412,8096,14,133,-176,-15032,3800,2640,-1015,79,-28,-15120,-2684,4912,-477,101,-93,0
1252.736170053482,10992,4808,10440,-232,-149,145,9808,-9692,8372,-11,156,-207,-15004,3884,2432,-999,102,-105,-15004,-2672,4860,-485,162,-106,0
1252.7720789909363,10880,4844,10448,-217,-188,160,10072,-9444,8340,-41,130,-193,-14920,3820,2532,-982,148,-101,-14880,-2640,4696,-483,190,-66,0
1252.8075110912323,11040,4820,10416,-194,-154,153,10084,-9348,8260,-252,117,-228,-15000,3980,2760,-985,150,-110,-15100,-2788,4884,-488,181,-90,0
1252.8438320159912,10912,4764,10364,-163,-207,134,9972,-9380,8276,-36,92,-226,-15008,3888,2524,-1025,135,-134,-14992,-2728,4896,-491,172,-71,0
1252.879205942154,11044,4844,10260,-146,-168,128,10104,-9420,8248,-52,114,-197,-15084,3796,2748,-1009,129,-65,-14856,-2624,4648,-498,157,-133,0
1252.9141800403595,10980,4772,10492,-137,-119,115,10084,-9332,8292,-39,113,-204,-15008,3900,2424,-1047,124,-87,-15072,-2552,4964,-767,160,-151,0
1252.9498119354248,11240,4636,10368,-78,-78,90,10080,-9336,8264,-9,104,-162,-15020,3856,2468,-1043,98,-80,-15352,-2628,4900,-520,164,-115,0
1252.9850120544434,10980,4848,10364,-91,-73,91,10096,-9380,8348,-12,137,-163,-14888,3808,2424,-1018,79,-91,-15040,-2704,4876,-487,142,-112,0
1253.0207629203796,11244,4852,10264,-77,-52,80,10076,-9348,8408,-28,148,-194,-15104,3736,2356,-991,67,-74,-15168,-2592,4948,-499,110,-152,0
1253.0561940670013,11000,4792,10472,-91,-55,92,10172,-9728,8304,-44,143,-196,-15052,3852,2668,-1075,33,-54,-14896,-2604,4868,-766,140,-155,0
1253.0928671360016,10832,4856,10380,-117,-41,111,9896,-9344,8448,30,110,-182,-15060,3708,2524,-994,76,-78,-15028,-2636,4936,-482,129,-124,0
1253.1265189647675,10984,5092,10624,-13,-60,87,10024,-9384,8392,-86,167,-177,-15012,3816,2496,-975,87,-39,-15060,-2520,4740,-507,149,-172,0
1253.159816980362,11056,4616,10488,-129,-76,86,10032,-9708,8384,-23,147,-141,-15104,3988,2548,-989,58,-66,-15100,-2588,4924,-523,111,-163,0
1253.1934990882874,11244,4996,10560,-73,3,119,10040,-9336,8372,-14,93,-113,-14980,3888,2460,-985,104,245,-15112,-2632,4916,-524,95,-103,0
1253.2269279956818,11064,4960,10488,-67,7,151,9956,-9236,8224,-27,87,-114,-15064,3780,2580,-1040,115,-61,-14944,-2700,4860,-517,67,-105,0
1253.2604191303253,10960,4676,10388,-49,-253,143,10132,-9400,8344,-63,84,-122,-15016,3748,2556,-1003,83,-28,-15088,-2600,4972,-543,104,-144,0
1253.2940130233765,10912,4880,10420,-102,-36,102,10116,-9308,8608,-70,150,-165,-15008,3848,2464,-952,125,-12,-14972,-2712,4836,-498,132,-137,0
1253.3273210525513,10920,4640,10472,-78,-9,88,10012,-9392,8432,-89,132,-168,-14984,3868,2532,-967,129,-78,-15004,-2572,5032,-527,137,-140,0
1253.3608100414276,10964,4632,10404,-65,-45,87,10172,-9236,8288,-82,79,-174,-14984,3908,2312,-966,164,-109,-15052,-2620,4884,-518,130,-107,0
1253.3942739963531,10792,4908,10368,-81,-8,88,10104,-9380,8436,-61,103,-176,-15052,3888,2552,-1007,106,-79,-15020,-2592,4988,-507,148,-167,0
1253.4277539253235,11188,5076,10408,-58,-51,87,10024,-9456,8380,-27,103,-178,-14964,3860,2536,-1016,69,-39,-14968,-2688,4964,-766,147,-178,0
1253.4611880779266,10984,4908,10520,-85,-41,82,10012,-9448,8384,-32,90,-168,-14952,3800,2472,-1000,110,-47,-15080,-2616,4908,-502,136,-135,0
1253.4947690963743,10844,4808,10428,-82,-47,99,10052,-9296,8312,-33,102,-169,-14988,3996,2396,-993,102,-97,-14904,-2760,4956,-513,158,-145,0
1253.5282399654388,10868,4912,10440,-78,3,82,9964,-9412,8348,-71,108,-183,-15016,3832,2804,-1007,68,-109,-15020,-2620,4956,-484,135,-154,0
1253.5618269443512,10980,5004,10372,-127,-33,83,10092,-9416,8384,-50,107,-182,-14972,3804,2372,-958,107,-99,-15036,-2648,4952,-758,176,-132,0
1253.5954189300535,10976,4988,10448,-112,-50,103,10120,-9484,8316,-28,93,-193,-15028,3804,2524,-982,144,-95,-15016,-2656,4864,-492,162,-94,0
1253.629060983658,10944,4960,10376,-116,-49,111,10236,-9380,8236,-37,150,-148,-15072,3896,2464,-774,120,-66,-15096,-2692,4976,-484,137,-120,0
1253.6625261306765,10956,4968,10424,-113,-72,101,10140,-9460,7988,-26,126,-186,-15040,3832,2472,-995,109,-73,-15048,-2808,5112,-504,151,-126,0
1253.6964769363403,11020,4904,10352,-108,-62,103,10032,-9468,8120,-40,136,-190,-15080,3932,2596,-997,123,-83,-15056,-2588,4880,-500,162,-149,0
1253.7299180030823,10896,4924,10268,-97,-73,94,10024,-9420,8168,-65,142,-147,-14984,3880,2464,-1034,111,-88,-14960,-2676,4908,-527,133,-118,0
1253.7634620666504,10888,4696,10532,-103,-58,104,10056,-9292,8256,-28,102,-159,-15056,3916,2528,-1015,101,-79,-15048,-2628,4916,-515,117,-119,0
1253.7969551086426,10852,5056,10592,-101,-54,125,10136,-9468,7968,-28,114,-151,-15052,3816,2592,-990,129,-39,-15048,-2572,4944,-490,148,-126,0
1253.8305699825287,10964,4972,10548,-105,-28,101,10092,-9280,8288,-66,105,-159,-14976,3796,2432,-1008,105,-53,-15036,-2740,4888,-505,150,-101,0
1253.8638350963593,11164,4900,10604,-108,-58,129,10044,-9380,8420,-44,143,-177,-14992,3896,2600,-1012,86,-86,-14980,-2696,4692,-495,159,-132,0
1253.8968009948733,10896,4844,10584,-131,-75,102,10144,-9440,8308,-19,131,-164,-15100,3864,2552,-770,104,-59,-15064,-2564,4956,-257,150,-124,0
1253.930447101593,10940,4956,10472,-130,-66,91,10080,-9448,8452,-21,138,-182,-14988,3904,2476,-1034,112,-72,-14960,-2580,4888,-495,154,-125,0
1253.9639630317688,10868,4944,10348,-156,-91,98,10068,-9344,8348,-33,142,-189,-14940,3852,2400,-1004,104,-78,-15016,-2724,4868,-480,146,-128,0
1253.997619152069,10940,5004,10428,-167,-29,86,10068,-9324,8276,-54,149,-189,-15028,3884,2656,-980,85,-87,-15136,-2620,5044,-472,150,-127,0
1254.031089067459,11244,4916,10532,-145,-40,54,10080,-9644,8284,-45,198,-167,-14988,3976,2488,-1004,51,-80,-15052,-2588,4972,-528,137,-144,0
1254.0645260810852,10928,4908,10376,-204,-46,92,10060,-9412,8300,29,143,-146,-14976,3904,2632,-1086,47,-26,-15044,-2692,4920,-483,143,-115,0
1254.097785949707,10884,5064,10452,-175,-18,112,10136,-9388,8304,-25,149,-183,-15056,3816,2644,-939,168,-39,-15056,-2680,4824,-496,123,-98,0
1254.1347389221191,10768,4696,10320,-215,-110,89,10128,-9556,8340,-26,122,-234,-15044,3880,2576,-966,161,-122,-14972,-2556,4636,-469,172,-83,0
1254.1705589294434,10928,4864,10272,-227,-86,124,10080,-9400,8260,-3,113,-174,-15036,3892,2344,-1013,124,-48,-15024,-2728,4964,-519,157,-72,0
1254.2057120800018,10896,4912,10344,-228,-63,127,10216,-9304,8348,-33,156,-164,-14992,3840,2564,-969,141,-86,-15064,-2760,5064,-465,104,-93,0
1254.241261959076,10884,4948,10388,-280,-78,90,10116,-9500,8392,-37,170,-188,-14956,3832,2528,-849,169,-98,-15028,-2648,5016,-429,114,-56,0
1254.2770879268646,10904,4608,10456,-303,-101,119,10072,-9440,8288,-47,215,-172,-14976,3944,2528,-907,180,-104,-15024,-2520,4912,-473,146,-64,0
1254.312551021576,10928,4896,10240,-283,-93,119,10068,-9448,7996,27,151,-209,-15008,3852,2444,-955,195,-132,-15028,-2600,4856,-450,193,-40,0
1254.3476819992065,10996,4944,10392,-276,-164,135,10032,-9428,8228,9,132,-212,-14988,3964,2644,-1002,167,-135,-14996,-2712,4980,-480,219,-55,0
1254.3833029270172,10900,4876,10448,-275,-203,136,10008,-9388,8228,1,134,-209,-15056,3884,2408,-942,135,-196,-15036,-2616,4984,-468,215,-90,0
1254.4187710285187,10884,4856,10320,-282,-105,133,10128,-9464,8280,11,164,-223,-15036,4020,2532,-1005,139,-136,-15016,-2672,4708,-448,188,-65,0
1254.4542760849,10932,4880,10352,-201,-165,116,10084,-9404,8304,49,148,-219,-15040,3872,2592,-1023,111,-155,-14976,-2660,4816,-481,212,-90,0
1254.4896841049194,10992,4992,10480,-221,-140,145,10112,-9276,8348,-16,104,-219,-15028,3780,2552,-938,231,-88,-15340,-2620,4872,-477,149,-83,0
1254.524964094162,10964,4860,10396,-217,-167,145,10016,-9372,8012,-56,89,-230,-15068,3784,2776,-986,207,-172,-15012,-2696,4900,-455,186,-82,0
1254.5607171058655,11004,4844,10408,-221,-152,139,10084,-9360,8248,-34,116,-212,-14976,3896,2504,-955,159,-129,-15348,-2572,4848,-472,187,-76,0
1254.5955250263214,10844,4620,10480,-207,-190,141,10052,-9288,8444,5,133,-204,-15072,3832,2648,-989,150,-176,-15192,-2732,4844,-483,191,-80,0
1254.6308670043943,10892,4768,10632,-206,-152,134,10220,-9456,8292,20,120,-225,-14988,3872,2356,-978,151,-117,-14868,-2784,4972,-482,199,-63,0
1254.6661870479584,11240,4860,10292,-202,-170,173,10108,-9376,8032,14,114,-200,-15104,3840,2468,-1015,177,-145,-15300,-2384,5084,-475,175,-105,0
1254.7020390033722,11016,4804,10404,-197,-181,135,10152,-9228,8096,31,104,-208,-14968,3872,2392,-980,154,-91,-15004,-2508,4968,-473,156,-74,0
1254.7424161434174,10860,4860,10408,-218,-153,163,10076,-9300,8328,-31,89,-231,-15064,3952,2396,-927,210,-94,-14992,-2400,5024,-461,140,-43,0
1254.7789180278778,11100,4832,10444,-168,-158,149,10092,-9368,8288,-28,64,-205,-15352,3632,2524,-989,202,-78,-15288,-2612,5100,-525,126,-81,0
1254.8124461174011,10904,4784,10304,-203,-133,145,10140,-9424,8352,-17,48,-214,-15088,3756,2280,-1044,183,-114,-15120,-2724,4912,-473,150,-77,0
1254.845654964447,10924,4984,10332,-145,-105,144,10132,-9356,8228,-63,109,-193,-15028,3764,2412,-1019,114,-127,-14940,-2684,4876,-465,173,-117,0
1254.8791580200195,10976,4820,10520,-118,-121,77,10144,-9236,8316,-37,107,-259,-15008,3940,2668,-958,66,-80,-15072,-2480,4928,-497,180,-132,0
1254.912292957306,10812,4808,10360,-113,-115,93,9996,-9352,8380,16,120,-205,-14868,3600,2384,-1037,87,-104,-15056,-2492,4900,-474,149,-154,0
1254.945415019989,11108,4812,10348,-90,-56,111,10152,-9340,8220,-9,177,-151,-15052,3732,2532,-1039,49,-73,-15088,-2552,4864,-503,81,-185,0
1254.9789071083069,11024,4908,10556,-86,-34,67,10136,-9336,8388,-8,153,-140,-15072,3760,2544,-1084,49,245,-15132,-2576,4952,-498,93,-169,0
1255.012407064438,11004,4876,10412,-134,-43,77,10048,-9512,8392,-19,73,-177,-14956,3848,2376,-1069,41,-7,-14836,-2708,4744,-494,132,-140,0
1255.0459690093994,11252,4620,10576,-88,-57,100,10092,-9416,8436,-37,155,-173,-15056,3864,2340,-1070,48,-45,-15140,-2660,4792,-496,139,-164,0
1255.0796179771423,10896,5080,10504,-99,-106,98,10036,-9000,8252,-44,142,-194,-15008,3968,2488,-1037,56,-75,-15040,-2672,4984,-496,161,-137,0
1255.1130340099335,10920,4800,10472,-92,-68,89,10084,-9392,8272,-30,144,-193,-15004,3764,2476,-1029,56,-102,-15028,-2656,4956,-462,120,-148,0
1255.146448135376,10924,4796,10260,-107,-57,84,10064,-9400,8328,-34,160,-142,-15048,3880,2668,-1050,75,-69,-14868,-2596,5000,-502,94,-137,0
1255.1800410747528,11072,4772,10376,-120,-28,100,10108,-9428,8292,-17,171,-156,-15028,3968,2504,-1039,64,-29,-15088,-2616,5008,-515,108,-131,0
1255.213747024536,10960,5072,10388,-100,17,104,10076,-9232,8332,-12,88,-101,-14976,3856,2656,-1020,107,-26,-15052,-2544,4856,-517,119,-102,0
1255.2473549842834,11260,4904,10348,-51,-21,140,10240,-9312,8312,-67,94,-145,-14976,3800,2428,-1012,92,-52,-15184,-2596,4812,-503,146,-110,0
1255.2809989452362,10900,4908,10424,-76,-53,124,10104,-9456,8132,-40,137,-173,-15056,4080,2404,-1047,80,-74,-15096,-2648,4920,-487,162,-136,0
1255.314527988434,10980,4820,10376,-76,-80,94,10132,-9368,8404,-34,147,-168,-15016,4056,2400,-1053,85,-71,-15072,-2580,4888,-496,151,-151,0
1255.3480970859528,11044,4860,10524,-75,-41,101,10132,-9680,8324,-56,376,-63,-14856,3920,2348,-1048,42,-42,-15088,-2636,4964,-497,134,-169,0
1255.3817529678345,10992,4984,10416,-75,-47,89,10128,-9340,8028,-38,170,-176,-15012,3788,2700,-1049,51,-66,-15088,-2692,4964,-498,130,-153,0
1255.4153039455414,10928,4956,10416,-120,-35,97,10180,-9400,8384,-44,134,-161,-15060,3856,2436,-1034,60,-59,-15036,-2660,5008,-497,161,-174,0
1255.4485359191895,10912,4884,10404,-96,0,77,10120,-9448,8352,-47,126,-171,-14976,4040,2420,-1271,103,-97,-15060,-2804,4972,-493,112,-161,0
1255.4820220470428,11032,4904,10400,-66,-27,80,10124,-9412,8136,-57,143,-150,-14976,3944,2640,-1045,41,-64,-15036,-2528,5120,-501,109,-153,0
1255.5155711174011,11216,4864,10452,-121,-29,103,10196,-9568,8372,-99,9,-176,-14960,3644,2660,-1034,41,-88,-15092,-2656,5060,-520,113,-162,0
1255.5492000579834,11144,4948,10476,-78,16,91,10020,-9324,8308,-89,134,-155,-14996,3796,2688,-1009,60,-48,-15088,-2744,4980,-502,140,-167,0
1255.5828111171725,10848,4920,10420,-71,-82,78,10008,-9340,8296,-75,163,-176,-15060,3968,2584,-1279,34,-79,-15088,-2560,4976,-510,151,-149,0
1255.6164519786835,10908,5008,10244,-138,-28,79,10024,-9444,8368,-10,119,-190,-15340,3952,2496,-1045,85,-107,-15080,-2648,4980,-484,162,-123,0
1255.6495771408079,10976,4928,10524,-93,-48,102,10148,-9412,7748,-20,1,-190,-14632,3780,2532,-997,101,-69,-15012,-2640,4964,-509,127,-159,0
1255.6831300258636,10972,4916,10408,-91,-14,107,10100,-9616,8216,-30,157,-155,-14992,4076,2764,-997,97,-38,-15120,-2684,4992,-502,94,-132,0
1255.7169051170347,10752,4996,10412,-107,-44,81,10068,-9436,8024,-78,144,-142,-15040,3900,2540,-977,60,-46,-15108,-2640,4916,-497,114,-145,0
1255.7503130435944,10868,4956,10624,-100,-41,108,10152,-9436,8448,-58,136,-176,-14964,3912,2456,-769,94,-103,-14960,-2592,4976,-497,156,-139,0
1255.7836380004883,10912,4932,10580,-125,-72,121,10088,-9448,8236,-15,108,-186,-14944,3820,2432,-773,105,-68,-15096,-2632,4992,-510,161,-135,0
1255.8211629390717,10892,5088,10272,-105,-63,103,10052,-9456,8424,-55,115,-151,-15084,3852,2796,-1041,91,-80,-15060,-2724,4928,-506,181,-115,0
1255.8562030792236,11020,5008,10364,-121,-90,129,10208,-9480,8280,-45,106,-179,-14992,3960,2484,-1009,109,-68,-15004,-2572,4976,-489,149,-129,0
1255.8923721313477,10952,4864,10536,-121,-51,117,10084,-9332,8316,-35,156,-173,-14992,3856,2464,-1276,92,-69,-15120,-2648,4904,-479,145,-130,0
1255.9282031059263,10960,5096,10436,-118,-45,124,10152,-9548,8244,-21,140,-161,-15032,3628,2560,-1055,46,-54,-15096,-2648,4928,-500,156,-124,0
1255.9634969234469,10920,4984,10244,-109,-56,119,10064,-9456,8376,-26,148,-178,-14976,3780,2560,-771,86,-97,-15036,-2580,4860,-498,156,-146,0
1255.9993290901184,10856,4948,10432,-146,-87,82,10108,-9404,8300,-87,140,-190,-15060,3856,2516,-951,100,-91,-15152,-2596,4956,-471,150,-106,0
1256.0339241027832,11260,4672,10340,-151,-88,112,10468,-9320,8680,-63,96,-173,-14960,3884,2648,-980,113,-90,-15216,-2636,4920,-495,143,-119,0
1256.0697960853577,10988,4972,10412,-152,-50,111,10028,-9352,8356,-33,142,-212,-14968,3900,2716,-1277,96,-85,-14992,-2672,4916,-488,157,-123,0
1256.105054140091,11020,4872,10252,-170,-41,101,10052,-9704,8108,249,141,-179,-15032,3928,2388,-1033,92,-100,-15316,-2664,4768,-486,176,-105,0
1256.1402311325073,10992,4952,10572,-169,-46,131,10100,-9396,8280,21,129,-178,-15024,3940,2520,-1272,88,-73,-15040,-2692,5020,-489,173,-76,0
1256.1755969524384,10868,4952,10260,-197,-67,104,10108,-9604,8280,-9,146,-213,-15128,3828,2700,-962,117,-117,-15056,-2652,4984,-461,151,-83,0
1256.211138010025,10956,4972,10384,-209,-90,123,10148,-9376,8320,-36,140,-184,-15088,3968,2668,-948,140,-105,-14888,-2692,4980,-494,136,-82,0
1256.2470769882202,10968,4904,10448,-204,-90,140,10220,-9484,8304,-39,157,-170,-14908,3764,2672,-955,115,-63,-14852,-2736,4924,-502,140,-57,0
1256.2822389602659,10788,4992,10688,-298,-106,124,10108,-9428,8252,-40,121,-188,-15028,3808,2740,-967,132,-110,-15052,-2624,4960,-487,157,-28,0
1256.3182320594788,10968,4928,10492,-221,-86,98,10108,-9388,8320,-92,178,-191,-15008,3664,2356,-919,123,-103,-15072,-2616,5084,-505,178,-71,0
1256.3532910346985,10940,4780,10448,-276,-116,71,10176,-9420,8436,13,172,-213,-14964,3928,2636,-956,94,-113,-15044,-2576,5088,-446,189,-75,0
1256.389168024063,10860,4624,10376,-253,-33,118,10164,-9388,8272,18,166,-187,-15008,3852,2496,-985,83,-106,-14968,-2556,4940,-468,171,-70,0
1256.4241719245913,10968,5012,10480,-231,-35,124,10184,-9376,8304,-248,131,-187,-15020,3908,2492,-939,144,-69,-15044,-2624,4832,-480,142,-94,0
1256.4604671001434,10932,4964,10384,-269,-110,117,10004,-9468,8424,-25,177,-182,-15048,3884,2556,-940,131,-101,-15068,-2648,5008,-454,175,-73,0
1256.493999004364,10884,4916,10508,-236,-110,122,10036,-9608,8384,-22,155,-181,-15096,3904,2668,-980,120,-123,-14920,-2640,4616,-469,175,-75,0
1256.5275211334229,11048,4964,10480,-200,-128,133,10132,-9376,8256,20,157,-218,-15056,4068,2336,-1003,131,-177,-15072,-2712,4752,-466,190,-73,0
1256.561133146286,10912,4836,10100,-221,-122,125,10004,-9488,8340,-9,134,-207,-15028,4064,2572,-1280,101,-138,-15068,-2632,4852,-491,169,-90,0
1256.5947620868683,11000,4936,10420,-211,-137,117,10040,-9412,8408,2,153,-203,-15120,3912,2496,-1000,113,-120,-15092,-2660,4968,-493,166,-90,0
1256.6280269622803,10856,4872,10300,-209,-127,94,10144,-9400,8396,-17,131,-199,-14932,3584,2420,-982,154,-111,-14896,-2624,5072,-459,157,-92,0
1256.661423921585,10976,4808,10384,-220,-144,159,10052,-9312,8352,21,114,-210,-14932,3848,2800,-980,166,-139,-15308,-2636,4668,-483,181,-57,0
1256.6966681480408,11084,4796,10396,-183,-166,154,10024,-9364,8272,-255,98,-188,-15012,3844,2512,-993,169,-111,-15140,-2540,4784,-486,171,-52,0
1256.7302119731903,10936,4832,10276,-217,-157,149,10104,-9348,8356,3,141,-191,-15084,3972,2532,-960,138,-90,-14992,-2576,4948,-486,189,-79,0
1256.7637419700625,10932,4768,10480,-176,-156,130,10132,-9348,8336,-12,103,-208,-15012,3868,2540,-980,121,-152,-15068,-2576,4868,-469,192,-62,0
1256.7974410057068,10984,4840,10272,-194,-144,114,9996,-9460,8324,-22,138,-224,-14860,3584,2500,-972,119,-148,-15164,-2612,4796,-503,175,-104,0
1256.830754995346,10936,4808,10384,-180,-126,129,10164,-9232,8360,-21,135,-216,-15008,4004,2776,-998,90,-152,-15132,-2640,5076,-506,165,-118,0
1256.8643310070038,11004,4804,10308,-166,-141,108,10152,-9444,8352,-9,120,-205,-14996,3876,2624,-1036,112,-60,-15116,-2472,4868,-473,180,-119,0
1256.897705078125,10944,4848,10324,-154,-152,133,10064,-9288,8276,-45,124,-207,-14992,3836,2628,-1047,93,-109,-15180,-2532,5100,-480,194,-80,0
1256.9312789440155,10992,4728,10308,-157,-135,114,10136,-9352,8300,-39,133,-181,-15080,4052,2344,-1017,141,-105,-15104,-2580,4876,-485,106,-111,0
1256.9647891521454,11136,4920,10408,-47,-77,106,10132,-9368,8240,-72,124,-186,-14976,3796,2496,-1059,68,-89,-15036,-2544,4740,-526,122,-150,0
1256.9985129833221,10840,4628,10748,-107,-85,105,10264,-9320,8200,33,119,-158,-14944,3808,2308,-1124,13,-62,-15012,-2676,5092,-476,153,-134,0
1257.0318140983582,10960,4920,10376,-76,-6,93,10140,-9276,8352,-28,138,-164,-14924,3856,2304,-1064,106,-54,-14860,-2724,4748,-496,127,-143,0
1257.0654361248016,11004,5096,10584,-57,-83,81,10192,-9356,8384,-47,131,-176,-15004,3860,2584,-998,60,-39,-15292,-2600,4940,-501,148,-180,0
1257.0989470481873,10964,4880,10352,-115,-19,73,10040,-9488,8176,-21,155,-166,-15356,3892,2572,-1065,22,-64,-15000,-2500,4932,-484,114,-143,0
1257.1322360038755,11212,4876,10368,-47,-23,84,10164,-9300,8212,-15,137,-139,-15020,3808,2512,-1053,26,-35,-15156,-2640,4940,-763,76,-168,0
1257.172544002533,10800,4892,10720,-66,25,74,10096,-9488,8284,-66,151,-140,-15020,3808,2560,-987,99,-12,-14924,-2532,4972,-763,90,-143,0
1257.2202169895172,10936,4860,10568,-100,-32,111,10088,-9444,8400,-61,153,-147,-15008,3596,2492,-1010,104,-54,-15080,-2604,4716,-504,109,-134,0
1257.2624831199646,10900,4832,10660,-123,-59,113,10092,-9400,8260,-28,123,-171,-15040,3732,2408,-1062,97,-25,-14940,-2560,4900,-487,196,-134,0
1257.2961130142212,10896,4824,10328,-92,-46,109,10168,-9480,8280,-32,127,-162,-15048,3880,2776,-1056,93,-87,-14980,-2624,4616,-520,155,-131,0
1257.3296921253204,11012,4916,10384,-62,-82,112,10044,-9452,8384,-43,130,-206,-15176,4084,2532,-1274,86,-50,-14856,-2632,4792,-520,148,-162,0
1257.3633351325989,10936,4872,10444,-100,-25,92,10108,-9404,8424,-50,113,-176,-14948,3776,2640,-1038,63,-78,-14884,-2572,4700,-507,139,-138,0
1257.3966920375824,10952,4852,10432,-64,-35,109,10028,-9300,8240,-11,144,-168,-15020,3836,2676,-1060,66,-74,-15048,-2728,4892,-498,164,-157,0
1257.4302260875702,10960,4924,10368,-80,-26,105,10152,-9364,8284,-30,128,-163,-15036,3916,2336,-1029,86,-49,-14912,-2700,4900,-495,151,-145,0
1257.4635829925535,10864,4872,10612,-84,-40,93,10020,-9376,8356,-85,136,-194,-15024,3828,2328,-1003,119,-108,-15308,-2644,4960,-475,156,-133,0
1257.501816034317,10856,4956,10292,-137,-98,87,10064,-9400,8344,-80,114,-181,-15048,3888,2640,-969,80,-52,-15080,-2604,4836,-483,175,-131,0
1257.537682056427,10996,4832,10300,-86,-56,107,10064,-9420,8348,-44,104,-173,-14968,3872,2372,-1008,100,-76,-15024,-2628,4936,-496,119,-145,0
1257.572801113129,10960,4940,10396,-86,-74,93,10216,-9440,8292,5,114,-176,-15052,3808,2680,-1050,92,-73,-15132,-2664,4988,-504,145,-139,0
1257.6076381206512,10788,4976,10476,-107,-68,75,10088,-9380,8292,-15,129,-178,-15060,3916,2740,-1020,84,-98,-15060,-2640,5016,-491,124,-134,0
1257.643413066864,10796,5004,10452,-98,-59,82,10036,-9388,8408,-59,139,-182,-15040,3864,2608,-967,99,-71,-15164,-2656,5012,-482,134,-158,0
1257.6795060634613,10960,4860,10356,-102,-44,83,10080,-9464,8384,-56,139,-161,-15000,3856,2660,-1025,63,-63,-14860,-2644,4904,-539,115,-143,0
1257.714632987976,10912,4940,10372,-171,-40,115,10052,-9400,8244,-28,172,-165,-15252,3392,2952,-1193,120,-104,-15036,-2712,4948,-480,140,-137,0
1257.7504110336304,10940,5088,10440,-138,-11,117,10132,-9308,8388,-97,100,-178,-15092,3828,2616,-1015,131,-56,-15192,-2604,4860,-494,130,-128,0
1257.7855241298676,10928,4912,10384,-168,-70,82,10108,-9412,8352,-44,118,-151,-15064,3888,2592,-994,81,-107,-14916,-2588,5060,-478,164,-136,0
1257.821172952652,10836,4808,10364,-121,-37,117,10012,-9280,8200,-7,120,-170,-15000,3864,2492,-1039,89,-56,-14932,-2716,4772,-515,169,-132,0
1257.856204032898,10956,4924,10296,-94,-39,113,10124,-9344,8276,-25,135,-171,-15036,3872,2320,-1032,104,-68,-14984,-2696,5116,-503,116,-121,0
1257.8923511505127,10960,4928,10428,-148,-24,104,10036,-9468,8352,-67,139,-164,-14964,3892,2592,-988,107,-55,-14904,-2652,4884,-478,132,-135,0
1257.92817902565,10876,4956,10456,-175,-40,107,10052,-9556,8372,-43,142,-133,-14988,3892,2484,-1014,109,-101,-14992,-2576,5060,-492,145,-123,0
1257.964021921158,10932,4948,10384,-123,-63,113,9952,-9368,8300,-15,124,-163,-14856,3852,2572,-1004,111,-91,-15064,-2680,4936,-477,180,-97,0
1258.0002059936523,10816,4948,10448,-186,-44,102,10000,-9224,8352,3,122,-153,-15008,3776,2656,-1017,140,-59,-15240,-2648,4980,-485,166,-113,0
1258.0351719856262,10856,4948,10628,-205,-48,132,10172,-9232,8292,9,165,-183,-14980,3872,2664,-979,96,-99,-15048,-2640,4892,-488,165,-155,0
1258.0706510543823,10912,5004,10464,-214,-32,106,10036,-9436,8276,11,148,-201,-15020,4064,2452,-963,155,-110,-15080,-2620,4848,-439,124,-82,0
1258.1058580875397,10896,4896,10552,-231,-126,120,9916,-9468,8256,-26,146,-217,-15076,3908,2708,-936,174,-116,-15348,-2768,4880,-489,176,-67,0
1258.1420040130615,10812,4908,10504,-224,-148,128,10016,-9380,8276,-79,141,-210,-15008,3876,2812,-941,96,-118,-15024,-2412,5008,-499,160,-88,0
1258.1754369735718,10832,4892,10444,-262,-110,107,10068,-9400,8348,-48,192,-198,-14956,3924,2452,-927,123,-127,-15016,-2648,4692,-463,205,-80,0
1258.208956003189,10972,4880,10512,-247,-102,99,10124,-9472,8160,-51,176,-180,-14940,3800,2432,-903,151,-149,-14872,-2768,4876,-445,172,-65,0
1258.2424669265747,10948,5028,10420,-293,-84,121,10092,-9308,8404,16,161,-205,-14940,3804,2404,-946,162,-125,-14860,-2604,4904,-472,157,-79,0
1258.276081085205,10876,4836,10612,-243,-112,124,10012,-9296,8080,37,162,-206,-15060,4072,2720,-980,145,-118,-15012,-2564,4972,-497,205,-41,0
1258.3096311092377,10912,4892,10316,-243,-122,135,10172,-9388,8320,21,125,-201,-15056,4084,2540,-979,134,-123,-15064,-2508,4884,-489,178,-85,0
1258.342873096466,10980,4936,10524,-241,-125,137,10068,-9320,8280,42,132,-214,-14936,3832,2536,-996,146,-147,-15056,-2708,5004,-502,217,-71,0
1258.376426935196,10956,4900,10376,-234,-166,161,10072,-9376,8412,29,136,-201,-14956,3936,2480,-976,137,-148,-14876,-2620,5052,-475,172,-109,0
1258.4097630977633,11004,4940,10312,-252,-151,117,10192,-9488,8280,-251,136,-216,-15088,4056,2344,-975,147,-118,-15096,-2808,4912,-467,183,-70,0
1258.4432849884033,11048,4924,10352,-238,-143,123,9972,-9332,8356,-17,138,-182,-15064,3900,2396,-940,161,-104,-15180,-2572,4900,-461,129,-87,0
1258.4768979549408,10988,4868,10368,-201,-114,129,10140,-9380,8304,-2,137,-189,-15136,3888,2432,-984,147,-93,-15252,-2604,4800,-508,144,-90,0
1258.510136127472,10964,4852,10440,-262,-149,144,10156,-9388,8352,20,107,-190,-15072,3908,2540,-1038,102,-111,-15056,-2656,4948,-459,180,-83,0
1258.5437641143799,10964,4884,10344,-213,-98,174,10064,-9344,8248,-18,115,-210,-15036,3764,2516,-971,174,-118,-15064,-2624,4812,-475,177,-85,0
1258.5774309635162,10972,4836,10604,-209,-165,124,10220,-9532,8232,-17,129,-241,-15056,3928,2348,-944,165,-126,-15112,-2772,4808,-471,200,-74,0
1258.6110670566559,10968,4616,10376,-219,-153,160,10112,-9352,8428,65,105,-206,-14896,3888,2496,-1042,94,-103,-14988,-2604,4904,-478,190,-93,0
1258.6444609165192,11020,4860,10452,-204,-149,142,10152,-9328,8420,28,128,-162,-15308,3588,2368,-1039,93,-51,-15184,-2640,4912,-478,93,-123,0
1258.6782200336456,10776,4640,10356,-210,-104,98,10052,-9340,8192,-21,167,-179,-15036,3808,2376,-966,109,-99,-15012,-2604,4896,-503,96,-105,0
1258.7117869853973,10812,5008,10440,-208,-126,101,10088,-9460,8268,-53,119,-199,-14916,3780,2456,-980,108,-114,-15000,-2592,4896,-486,152,-101,0
1258.7454540729525,10888,4780,10440,-109,-151,139,10076,-9316,8332,-75,142,-212,-15080,3796,2540,-1006,140,-127,-14884,-2752,5100,-461,182,-126,0
1258.7792160511017,10956,4748,10336,-149,-206,145,10048,-9396,8216,-26,102,-207,-14972,3804,2432,-1041,106,-69,-14988,-2360,5104,-503,181,-120,0
1258.8129029273987,10968,4884,10488,-69,-99,101,10144,-9248,8184,-16,107,-186,-14988,3836,2612,-1046,91,-49,-15100,-2632,4808,-505,162,-136,0
1258.8467779159546,10840,5108,10352,-97,-68,97,10128,-9384,8208,-2,147,-167,-15028,3876,2460,-778,70,-47,-14980,-2588,4904,-448,140,-138,0
1258.8802211284637,11244,5092,10452,-112,-53,99,10020,-9272,8348,-3,141,-171,-15032,3604,2396,-1027,102,-76,-15068,-2664,5012,-482,132,-125,0
1258.9134950637817,11004,4880,10480,-103,-83,113,10060,-9340,8328,-239,108,-155,-14968,3832,2724,-1061,69,-82,-15076,-2628,4828,-518,131,-148,0
1258.9472029209137,10924,5088,10376,-68,-55,120,10116,-9392,8256,-52,121,-148,-15028,3624,2472,-1021,86,-73,-14984,-2592,4904,-758,145,-111,0
1258.9806809425354,10780,4828,10724,-79,-82,107,10028,-9304,8384,-53,136,-168,-14944,3772,2616,-1006,81,-28,-15060,-2656,4880,-262,118,-138,0
1259.0141279697418,10988,4852,10444,-106,-61,99,10096,-9308,8176,-73,141,-177,-15036,3940,2472,-963,109,-25,-15100,-2560,4868,-455,116,-134,0
1259.047681093216,11008,4824,10632,-115,-27,88,10136,-9300,8404,-70,152,-192,-15320,3848,2376,-987,62,-87,-15088,-2812,4696,-506,113,-154,0
1259.0811629295347,10800,4644,10288,-74,-34,100,10076,-9356,8388,-35,145,-141,-15092,3608,2440,-1070,90,-70,-15000,-2648,4964,-500,153,-122,0
1259.1145570278168,11256,4948,10268,-62,-29,101,10012,-9372,8328,-18,127,-161,-14972,3832,2496,-1056,59,-50,-15036,-2732,4968,-767,146,-135,0
1259.1502249240875,10904,4768,10432,-98,-42,130,10080,-9396,8288,-33,112,-203,-15060,3812,2380,-1004,147,-34,-15028,-2556,4968,-484,115,-147,0
1259.1850140094755,11124,4828,10540,-64,-38,102,10040,-9376,8236,-77,92,-144,-15072,3912,2368,-1045,93,-44,-15076,-2532,4888,-522,130,-175,0
1259.2206840515137,11076,4724,10304,-72,-9,72,10172,-9364,8320,-20,170,-152,-15020,3888,2444,-1072,34,-32,-15128,-2680,4948,-504,112,-205,0
1259.256014108658,10888,4912,10348,-58,-6,76,10100,-9392,8428,-71,139,-113,-14836,3892,2672,-1055,41,-14,-15048,-2664,4672,-513,118,-157,0
1259.2916860580444,11244,4996,10492,-72,-41,69,10196,-9352,8428,-103,168,-145,-15092,3652,2704,-1036,65,250,-15028,-2552,5016,-481,126,-188,0
1259.327558040619,10988,4888,10312,-127,-8,65,10028,-9472,8316,-48,116,-181,-14900,3864,2560,-1026,70,-24,-14984,-2552,4864,-458,162,-162,0
1259.3626549243927,10932,4848,10276,-75,-7,115,10072,-9296,8288,-25,117,-160,-14988,3860,2648,-784,90,-56,-15036,-2640,4708,-511,158,-146,0
1259.3986580371857,10932,4948,10524,-88,-31,92,10064,-9284,8352,-58,119,-157,-14956,3916,2516,-998,100,-55,-14892,-2688,5024,-506,110,-170,0
1259.4339570999146,10848,4928,10428,-110,-51,88,10148,-9320,8204,-53,151,-151,-15056,3928,2564,-1001,54,-37,-15056,-2536,4836,-506,148,-154,0
1259.4697840213776,10924,4860,10340,-102,-20,105,9772,-9372,8260,-67,154,-160,-15052,3852,2588,-1006,87,-65,-15072,-2592,4828,-261,159,-129,0
1259.504872083664,10964,4944,10532,-112,-76,104,10120,-9368,8340,-15,159,-166,-15016,3816,2560,-1015,73,-38,-15044,-2592,4900,-508,151,-143,0
1259.540389060974,10876,4944,10332,-92,-45,116,10072,-9712,8352,-54,139,-158,-14984,3880,2580,-1020,110,-96,-15092,-2636,4968,-507,146,-130,0
1259.576084136963,10848,4948,10404,-119,-37,109,10020,-9360,8224,-51,134,-175,-15044,3844,2604,-990,125,-72,-15088,-2652,4952,-493,140,-122,0
1259.6118619441986,10928,4608,10288,-118,-25,91,10084,-9332,8220,-44,128,-170,-14912,3860,2568,-1002,111,-71,-15128,-2652,4836,-506,174,-128,0
1259.6482210159302,10868,5116,10532,-173,-51,88,10036,-9372,8260,-18,113,-176,-15008,3872,2732,-936,169,-79,-15044,-2664,4932,-503,154,-108,0
1259.6836309432983,10984,4956,10308,-170,-82,108,10088,-9460,8440,-46,133,-182,-14988,3760,2604,-960,110,-75,-15064,-2672,4948,-455,162,-130,0
1259.718761920929,10864,4900,10276,-188,-75,118,10044,-9404,8304,-21,154,-196,-15044,3620,2424,-968,126,-122,-15040,-2808,5028,-477,164,-132,0
1259.7581651210785,10872,4936,10456,-229,-69,107,9992,-9508,8296,23,158,-176,-14972,3920,2432,-948,120,-111,-14860,-2640,5060,-476,140,-114,0
1259.7952690124512,10856,4944,10516,-196,-89,129,10112,-9432,8396,-9,120,-203,-14908,3924,2524,-986,153,-127,-14852,-2668,4940,-487,170,-77,0
1259.828856945038,10804,4820,10376,-228,-130,126,10096,-9544,8312,-30,151,-196,-15328,3896,2500,-961,131,-102,-15016,-2688,4976,-485,173,-74,0
1259.8625280857086,10900,4864,10400,-215,-97,126,10088,-9404,8356,-29,154,-187,-15100,3868,2360,-950,129,-137,-14964,-2764,4936,-487,158,-57,0
1259.89577293396,11000,4916,10324,-260,-133,130,10068,-9376,8260,-37,159,-209,-15040,3768,2604,-934,119,-154,-15008,-2700,5116,-441,162,-59,0
1259.929281949997,10924,4836,10500,-296,-97,137,10056,-9372,8392,-51,189,-209,-15024,4056,2760,-890,175,-129,-15060,-2580,4924,-432,167,-77,0
1259.962790966034,10960,4968,10424,-8,-62,135,9992,-9656,8196,-31,139,-181,-15088,3884,2620,-934,157,-108,-15132,-2812,4944,-473,149,-75,0
1259.9962351322174,10904,4796,10392,-285,-117,133,10064,-9424,8240,38,140,-204,-14944,3800,2396,-1006,110,-121,-14932,-2672,4956,-485,193,-78,0
1260.0299320220947,10996,4864,10432,-242,-89,130,10032,-9348,8248,3,115,-211,-15028,3764,2492,-973,162,-121,-14976,-2604,4780,-462,211,-86,0
1260.063549041748,11036,4896,10468,-210,-116,140,10212,-9372,8324,-26,161,-219,-14992,3796,2508,-957,133,-182,-14936,-2816,4948,-470,216,-94,0
1260.0972590446472,11004,4772,10316,-208,-168,130,10144,-9384,8168,22,155,-213,-14932,3952,2384,-769,77,-142,-15060,-2784,5004,-454,180,-79,0
1260.1307029724119,11036,4644,10368,-209,-99,115,10112,-9372,8408,26,142,-177,-15080,4048,2596,-1014,80,-60,-15352,-2724,4768,-487,120,-107,0
1260.1642069816587,10968,5064,10464,-233,-107,114,10104,-9384,8320,-16,167,-187,-15044,3912,2436,-959,118,-65,-14876,-2640,5068,-478,102,-103,0
1260.1977000236511,10948,5068,10460,-199,-117,140,10104,-9376,8392,-35,146,-188,-14996,3864,2636,-970,138,-114,-14964,-2376,4936,-488,153,-52,0
1260.2312760353088,10956,4876,10396,-225,-150,177,10020,-9436,8404,-24,115,-200,-14984,3800,2412,-1000,179,-139,-15104,-2604,4904,-486,177,-55,0
1260.2648479938507,10876,4848,10744,-216,-190,151,10228,-9364,8332,-7,108,-252,-14988,3820,2504,-996,185,-159,-15004,-2532,4920,-464,195,-54,0
1260.2984631061554,11000,4836,10376,-221,-207,143,10196,-9328,8300,7,77,-225,-15016,3832,2452,-776,138,-130,-15088,-2580,5008,-476,192,-77,0
1260.3319871425629,10952,4820,10476,-222,-148,128,10124,-9352,8280,11,112,-225,-15300,4056,2432,-967,146,-110,-15032,-2600,4864,-501,164,-95,0
1260.365643978119,10996,4804,10564,-166,-156,117,10104,-9392,8192,-8,118,-220,-15000,3716,2316,-1028,123,-114,-15108,-2556,4956,-501,157,-96,0
1260.398982048035,10960,4840,10416,-174,-131,158,10036,-9336,8340,3,122,-224,-15016,3616,2480,-1018,115,-140,-14984,-2520,4928,-258,178,-77,0
1260.4325330257416,10940,4916,10408,-174,-117,132,10072,-9472,8312,-36,107,-190,-15108,3804,2536,-1013,128,-108,-15044,-2560,4948,-510,169,-97,0
1260.4660940170288,11132,4832,10436,-133,-146,117,9996,-9340,8356,-43,102,-202,-14980,3784,2448,-1020,116,-109,-14964,-2596,4608,-471,171,-103,0
1260.4997799396515,10956,4800,10644,-84,-128,117,10104,-9304,8400,-51,106,-223,-15044,3868,2592,-1021,90,-57,-14972,-2592,4864,-492,159,-102,0
1260.5333061218262,11056,4768,10484,-112,-81,80,10172,-9416,8360,-18,123,-199,-15040,3632,2512,-1024,76,-92,-15036,-2548,4772,-487,159,-144,0
1260.56720495224,11092,5104,10424,-107,-74,71,10092,-9420,8220,-19,112,-180,-14872,3788,2380,-1073,70,-79,-15060,-2508,4940,-497,151,-129,0
1260.6008200645447,11056,4876,10404,-105,-74,105,10088,-9340,8372,-13,118,-156,-15056,3804,2516,-1015,43,-65,-15292,-2688,4924,-493,148,-144,0
1260.6342051029203,10960,4816,10364,-106,-72,85,10060,-9460,8260,-26,123,-163,-14924,3988,2632,-770,89,-116,-14948,-2636,4964,-481,145,-144,0
1260.6676981449127,10948,4884,10560,-104,-75,98,9960,-9308,8392,-53,132,-156,-15084,3992,2508,-1006,94,-53,-15140,-2340,4936,-500,96,-117,0
1260.7012710571287,11012,4896,10456,-48,-44,89,10164,-9368,8312,-54,99,-155,-14984,3864,2612,-1042,43,-5,-15028,-2628,5020,-507,63,-140,0
1260.73485994339,10980,4900,10524,-130,-37,94,10236,-9272,8208,-15,122,-143,-15112,3796,2452,-1027,59,-252,-15044,-2636,4964,-483,120,-157,0
1260.7684490680695,10940,4768,10316,-57,-256,87,10104,-9288,8364,-73,135,-156,-14976,3764,2376,-1036,94,-37,-15032,-2552,4916,-480,96,-143,0
1260.8018190860748,10940,4880,10432,-69,-66,81,10100,-9728,8272,-54,129,-172,-15024,3756,2104,-1014,65,-81,-15156,-2564,5056,-501,137,-122,0
1260.8376660346985,10896,4836,10416,-70,-20,79,10144,-9380,8284,-19,125,-175,-15060,3884,2304,-1038,35,-39,-15088,-2808,4876,-483,122,-156,0
1260.8736610412598,11032,4836,10344,-60,-40,106,10104,-9288,8128,-17,151,-132,-15028,3896,2684,-1030,66,-61,-14980,-2632,5068,-485,105,-173,0
1260.9091489315033,11084,4936,10432,-96,-35,68,10120,-9380,8424,-83,162,-138,-15108,3832,2452,-1270,64,234,-15100,-2544,4836,-524,111,-151,0
1260.9455780982971,10988,4892,10432,-96,-48,89,10148,-9376,8192,-54,152,-144,-14984,3944,2532,-1019,102,-49,-14976,-2796,4956,-751,126,-124,0
1260.981163978577,10988,4928,10380,-60,-36,125,10148,-9448,8352,-59,109,-175,-14980,3864,2588,-1042,86,-47,-15024,-2804,4896,-498,164,-125,0
1261.0160131454468,10992,4616,10372,-88,-66,84,10040,-9356,8316,-18,97,-182,-14968,3808,2736,-1065,87,-50,-15160,-2560,4700,-473,142,-112,0
1261.0515749454498,10980,4632,10572,-57,-63,101,10076,-9452,8256,-37,143,-178,-15328,4056,2388,-771,42,-64,-15168,-2588,5100,-506,148,-135,0
1261.0876219272614,11000,4808,10376,-68,-64,102,10000,-9412,8328,-36,119,-180,-15064,3916,2620,-1004,92,-53,-15088,-2328,4668,-494,140,-135,0
1261.122724056244,11052,4836,10420,-85,-71,88,10004,-9420,8340,-36,139,-177,-14992,3912,2512,-1026,69,-64,-14940,-2616,4872,-500,173,-123,0
1261.158236026764,10988,4844,10500,-83,-74,100,10080,-9468,8460,-45,113,-172,-15028,3848,2796,-1271,86,-48,-15012,-2664,5040,-504,171,-114,0
1261.1937201023102,10840,4876,10216,-110,-84,112,10144,-9380,8212,-68,114,-192,-15000,3660,2652,-990,121,-106,-15300,-2576,4900,-479,165,-116,0
1261.2287850379944,10972,4848,10380,-120,-98,89,10172,-9388,8320,-52,120,-193,-15020,3868,2632,-1001,126,-104,-15044,-2780,4868,-500,150,-105,0
1261.2633831501007,10768,5076,10440,-113,-52,107,10140,-9408,8352,-21,144,-165,-14980,3836,2656,-1005,89,-32,-14912,-2660,4940,-481,130,-124,0
1261.2986631393433,10780,4892,10368,-86,-52,122,10092,-9376,8224,-39,106,-160,-15016,3904,2588,-1030,109,-69,-15108,-2684,4896,-496,160,-107,0
1261.3332009315493,10760,4876,10168,-85,-72,104,10128,-9424,8392,-37,114,-199,-15036,4088,2400,-1043,82,-54,-15004,-2616,4880,-767,136,-145,0
1261.368667125702,10980,4668,10632,-99,-46,114,10076,-9308,8308,-36,121,-159,-15012,3920,2608,-1057,68,-14,-15020,-2644,4892,-507,138,-147,0
1261.4033479690552,10880,4956,10404,-107,-62,113,10104,-9376,8444,-54,145,-190,-14988,3920,2536,-1013,100,-122,-15160,-2612,4904,-484,157,-120,0
1261.4388320446014,10876,4916,10376,-119,-87,104,10164,-9392,8368,-73,125,-192,-14980,4048,2584,-964,99,-65,-15004,-2612,4884,-483,134,-135,0
1261.4738919734955,10876,4868,10372,-122,-80,109,10084,-9416,8272,-59,158,-157,-15036,3936,2420,-1029,55,-75,-15148,-2616,4964,-528,136,-142,0
1261.5093431472778,10856,4660,10472,-176,-64,105,10108,-9520,8212,-256,147,-159,-14916,3896,2612,-1041,58,-110,-14984,-2692,4936,-506,153,-102,0
1261.5426349639893,10868,5004,10640,-98,-38,129,10032,-9404,8172,-73,130,-187,-15028,3820,2288,-988,123,-62,-15060,-2620,4952,-490,129,-132,0
1261.576148033142,11212,4880,10336,-120,-110,95,10140,-9432,8360,-64,145,-188,-15040,4028,2304,-1021,60,-63,-15032,-2676,4968,-511,142,-124,0
1261.609887123108,10944,4668,10476,-107,-33,96,10084,-9380,8296,-2,124,-190,-14948,3928,2348,-1092,60,-52,-15048,-2644,4916,-487,161,-154,0
1261.6431820392609,10860,4900,10440,-96,-30,88,10060,-9276,8220,12,143,-157,-15044,3796,2632,-1031,91,-31,-14916,-2684,4944,-509,127,-144,0
1261.676931142807,10972,4960,10620,-110,-61,89,10080,-9452,8332,-34,149,-184,-14972,3804,2544,-974,117,-96,-15008,-2696,5028,-490,109,-142,0
1261.7105879783633,10876,4900,10420,-142,-25,99,10064,-9404,8280,-42,151,-182,-15072,3912,2704,-983,97,-66,-15332,-2716,4944,-493,143,-126,0
1261.7438261508942,10892,4884,10428,-142,-59,104,10024,-9244,8200,-33,137,-165,-14932,4068,2364,-1003,101,-72,-15032,-2612,4824,-507,169,-120,0
1261.7774109840393,10908,5004,10656,-142,-91,132,10052,-9408,8412,-5,107,-187,-14968,3880,2708,-995,78,-80,-15088,-2692,5008,-501,183,-108,0
1261.8110220432281,10916,4832,10328,-138,-59,123,10032,-9404,8304,-32,156,-182,-15052,3952,2612,-771,126,-112,-15020,-2736,4896,-517,176,-96,0
1261.844393014908,10892,4980,10536,-150,-90,132,10012,-9228,8444,-244,172,-169,-14980,4080,2340,-999,153,-97,-14948,-2600,4892,-482,137,-99,0
1261.8777351379395,10964,4976,10392,-183,-28,101,10072,-9480,8280,-32,155,-184,-14932,3876,2568,-979,123,-57,-15076,-2792,4996,-486,112,-110,0
1261.91113114357,10944,4872,10520,-178,-52,102,10032,-9428,8240,0,149,-177,-15012,3900,2464,-991,107,-67,-15020,-2732,5016,-466,166,-87,0
1261.9443709850311,10848,5036,10400,-204,-81,104,10080,-9460,8348,-13,155,-189,-14988,3856,2496,-945,141,-111,-14888,-2796,5044,-483,149,-95,0
1261.9779601097107,10796,4944,10524,-229,-107,122,10096,-9424,8408,-41,142,-189,-15024,3656,2516,-900,147,-113,-14992,-2596,4900,-478,197,-61,0
1262.0115330219269,10920,4920,10404,-225,-90,119,10064,-9320,8284,-66,159,-228,-15280,3640,2548,-913,160,-119,-15056,-2676,4988,-475,187,-67,0
1262.0449011325836,10912,4872,10372,-511,-98,100,10200,-9400,8456,-27,153,-197,-14928,3824,2516,-936,127,-103,-15056,-2476,4940,-504,165,-101,0
1262.0781879425049,10844,4852,10580,-218,-88,103,10060,-9304,8252,-18,152,-218,-14984,3904,2556,-915,131,-136,-15036,-2748,5112,-510,170,-91,0
1262.1118841171265,10960,4932,10276,-511,-75,115,10068,-9280,8300,253,140,-194,-15108,3852,2456,-926,152,-151,-15012,-2692,4916,-475,207,-79,0
1262.1453881263733,11204,4924,10400,-254,-143,132,10120,-9472,8240,-33,146,-216,-15036,3952,2716,-966,155,-182,-15088,-2524,4940,-490,162,-54,0
1262.1789541244507,11024,5024,10672,-216,-123,136,10084,-9372,8260,-9,117,-226,-15020,3888,2492,-973,165,-134,-15056,-2640,4916,-484,202,-58,0
1262.212609052658,10812,4888,10556,-217,-153,140,10092,-9320,8304,-255,121,-203,-15052,3880,2672,-948,129,-111,-15072,-2676,4920,-485,194,-39,0
1262.246169090271,10884,4936,10436,-236,-145,151,10096,-9404,8456,-20,148,-217,-14984,3912,2376,-980,169,-110,-15096,-2696,4888,-466,179,-85,0
1262.279695034027,11004,4940,10508,-245,-131,123,10072,-9408,8292,-17,175,-190,-15060,3824,2404,-922,173,-142,-15068,-2580,4872,-476,142,-71,0
1262.31316614151,11064,4848,10296,-197,-99,146,10064,-9612,8240,-46,163,-190,-15036,3960,2388,-944,148,-137,-15184,-2332,4884,-475,134,-103,0
1262.346781015396,11036,4852,10616,-234,-105,134,10012,-9352,8404,-9,150,-211,-15016,3796,2336,-1062,83,-123,-15040,-2640,4840,-498,155,-95,0
1262.3802020549774,10888,4872,10564,-208,-146,144,10168,-9272,8348,1,120,-212,-15088,3796,2620,-1041,120,-90,-14992,-2664,4936,-461,140,-80,0
1262.4137670993805,11016,4844,10432,-193,-141,128,10152,-9360,8264,-67,169,-205,-15112,3752,2472,-938,154,-135,-15072,-2492,4992,-494,168,-89,0
1262.4472799301147,10932,4884,10380,-5,-192,124,10052,-9480,8516,35,128,-218,-15048,4064,2724,-1033,105,-158,-15080,-2624,4976,-463,191,-66,0
1262.4807150363922,11004,4972,10336,-185,-143,154,10112,-9404,8256,36,142,-178,-14988,3840,2536,-1052,75,-108,-14904,-2636,4896,-511,127,-125,0
1262.51726603508,10920,4888,10484,-191,-92,119,10120,-9356,8352,-19,142,-156,-15028,3804,2332,-955,112,-49,-15032,-2636,4884,-496,102,-100,0
1262.5524480342865,10932,4872,10328,-227,-128,131,10056,-9404,8424,-30,140,-187,-15036,3804,2704,-975,146,-128,-15100,-2556,4928,-487,164,-54,0
1262.58820104599,10828,4912,10436,-188,-131,137,10092,-9388,8452,-29,146,-203,-14984,3820,2384,-995,173,-108,-14968,-2624,4756,-476,173,-82,0
1262.623705148697,10964,4912,10652,-211,-217,148,10052,-9336,8492,14,101,-250,-15000,4032,2324,-1008,146,-154,-14912,-2636,4804,-459,199,-87,0
1262.6592969894407,10964,4820,10400,-163,-170,139,10052,-9388,8384,-33,148,-230,-15216,3584,2420,-1019,146,-91,-15028,-2624,4860,-474,184,-81,0
1262.6943049430847,11100,4812,10508,-140,-150,148,10000,-9344,8388,-251,132,-194,-15028,3836,2388,-998,113,-111,-15032,-2560,4680,-492,160,-142,0
1262.7299749851227,11012,4876,10376,-90,-100,118,10168,-9372,8640,-29,107,-194,-15132,3824,2360,-1003,112,-67,-15100,-2772,4740,-514,178,-147,0
1262.7656631469729,11136,4840,10608,-69,-96,102,10096,-9316,8244,-14,88,-159,-15072,3732,2472,-1049,91,-90,-15080,-2652,5068,-509,116,-121,0
1262.8012070655823,10808,4808,10312,-98,-101,106,10168,-9308,8180,-22,152,-171,-15020,3796,2376,-1050,64,-45,-15180,-2520,5100,-477,164,-109,0
1262.836138010025,10964,4852,10384,-120,-113,109,10144,-9276,8508,-26,153,-183,-15168,3824,2568,-1034,93,-67,-14980,-2548,4996,-458,132,-133,0
1262.8718221187592,10960,4848,10400,-135,-70,94,10140,-9336,8360,-8,159,-183,-15040,3880,2432,-1010,61,-54,-15044,-2652,4940,-487,133,-152,0
1262.9075801372528,10932,4896,10740,-80,-100,109,10156,-9300,8240,-16,112,-185,-15008,3792,2524,-1033,63,-61,-15088,-2628,4904,-495,120,-146,0
1262.942862033844,10752,5060,10388,-94,-72,104,9980,-9448,8416,-254,113,-181,-14988,3832,2528,-1044,48,-91,-15104,-2616,5036,-511,134,-160,0
1262.978138923645,10972,4916,10240,-90,-72,105,10164,-9300,8356,-14,114,-182,-15016,4056,2524,-1029,58,-46,-15008,-2764,4884,-489,119,-142,0
1263.0133199691772,10984,4808,10460,-96,-50,87,10028,-9408,8204,-67,125,-147,-14980,3648,2536,-977,92,-68,-15008,-2712,4932,-493,105,-120,0
1263.0486769676208,10984,4880,10532,-61,-34,133,10180,-9420,8372,-95,134,-134,-14948,3884,2516,-1032,93,-54,-14916,-2352,4904,-538,105,-120,0
1263.0834341049194,11020,4800,10472,-80,-58,122,10064,-9372,8376,-41,96,-152,-15088,3832,2516,-1087,56,-60,-15016,-2608,4908,-498,132,-148,0
1263.1192939281464,11232,4660,10400,-83,-19,100,10104,-9308,8320,-60,128,-152,-15004,4024,2772,-1047,107,-68,-15080,-2640,4768,-497,130,-125,0
1263.1546621322632,11084,5068,10392,-44,-42,93,10160,-9488,8288,-92,146,-183,-15048,4088,2580,-1019,84,-86,-15136,-2624,5000,-501,161,-149,0
1263.1906790733337,10864,4796,10384,-98,-25,107,10132,-9468,8320,-46,131,-171,-15028,3672,2544,-1079,52,-69,-15096,-2604,4844,-469,123,-159,0
1263.2242150306702,10900,4616,10432,-68,-255,67,10044,-9232,8380,9,134,-142,-15160,3916,2480,-1045,63,-28,-15148,-2612,5048,-493,115,-172,0
1263.2575900554657,10988,4744,10532,-60,-4,77,10140,-9384,8304,-45,174,-148,-15012,3872,2720,-1016,33,-17,-15100,-2676,4964,-493,84,-172,0
1263.2912809848785,10944,4620,10436,-107,-15,73,10124,-9316,8260,-60,144,-134,-15104,3868,2468,-996,75,-58,-15076,-2336,5016,-499,135,-167,0
1263.3246920108795,10792,4960,10432,-94,-54,114,10168,-9428,8312,-74,126,-171,-14960,4088,2808,-1007,89,-74,-15064,-2536,4844,-521,134,-144,0
1263.358283996582,10928,4824,10712,-96,-75,90,10040,-9388,8292,-31,142,-182,-14968,3824,2580,-1057,101,-97,-15028,-2652,4948,-473,181,-148,0
1263.3917779922483,10916,4928,10040,-71,-27,122,9772,-9400,8272,-32,123,-210,-14804,3928,2524,-1053,77,-88,-15100,-2628,5108,-491,174,-150,0
1263.4253330230713,10900,4888,10460,-75,-95,108,10164,-9408,8240,-22,122,-205,-15096,3920,2572,-1008,62,-60,-14912,-2688,5256,-491,136,-128,0
1263.45867395401,10944,4952,10320,-122,-29,96,10132,-9412,8484,-36,108,-168,-15072,3852,2820,-544,-90,-71,-15184,-2320,4928,-490,107,-131,0
1263.4923930168152,10952,4648,10616,-86,-43,98,10092,-9384,8208,-72,130,-164,-15000,3768,2592,-1053,70,-87,-15108,-2692,4900,-492,161,-119,0
1263.5261099338531,10904,4956,10376,-99,-37,109,10188,-9420,8324,-54,120,-163,-15004,4088,2772,-1020,104,-85,-14960,-2592,4904,-506,148,-142,0
1263.5597569942474,11024,4936,10444,-104,-46,124,10096,-9416,8344,-51,156,-171,-15048,3856,2672,-1011,121,-62,-15076,-2720,4800,-487,146,-125,0
1263.5932459831238,10976,4904,10524,-111,-39,99,10200,-9440,8272,-44,120,-195,-15108,3856,2580,-961,126,-39,-15104,-2572,4992,-494,138,-134,0
1263.6268799304962,10900,4892,10420,-134,-50,113,10124,-9492,8388,-48,136,-172,-14948,3912,2492,-998,110,-52,-15048,-2508,5020,-493,134,-113,0
1263.6600670814514,10968,4964,10432,-148,-21,119,9996,-9356,8304,-32,126,-145,-14980,3888,2584,-1021,103,-81,-15060,-2792,4948,-508,122,-106,0
1263.6937620639799,10976,4924,10480,-113,-38,83,10068,-9676,8216,-20,114,-167,-15036,3856,2340,-1018,113,-76,-15348,-2644,4912,-765,160,-132,0
1263.7273840904236,10960,4992,10488,-100,-48,104,10076,-9380,8260,-32,121,-189,-15096,3836,2556,-1011,112,-74,-15000,-2592,4968,-509,143,-120,0
1263.7605619430542,10880,5024,10512,-113,-78,94,10104,-9240,8360,-37,128,-189,-14920,3848,2468,-982,111,-67,-15060,-2572,4952,-494,176,-123,0
1263.7942349910736,11000,4892,10384,-123,-95,99,10152,-9284,8340,-67,126,-200,-15020,3868,2592,-960,104,-82,-15140,-2684,4960,-497,158,-142,0
1263.827692985535,10952,5100,10380,-124,-63,97,10080,-9464,8452,-52,132,-169,-15304,3904,2456,-1023,65,-72,-14968,-2792,4644,-498,158,-144,0
1263.861076116562,10996,4984,10580,-176,-66,89,10020,-9476,8368,-12,133,-178,-14988,3796,2428,-1049,52,-104,-15004,-2544,4916,-505,181,-131,0
1263.8946800231934,10912,5300,10136,-134,-39,115,10092,-9472,8292,-56,132,-184,-15152,3876,2540,-993,141,-74,-15076,-2680,5028,-479,122,-138,0
1263.9281661510468,10968,4928,10672,-126,-87,87,10216,-9416,8200,-51,118,-206,-15040,3916,2448,-1020,89,-91,-15024,-2532,4832,-473,172,-160,0
1263.9616770744324,10944,4928,10424,-135,-43,78,10124,-9384,8216,-24,142,-164,-15008,3784,2520,-1036,68,-62,-15168,-2568,4956,-493,157,-123,0
1263.995276927948,11224,4884,10132,-112,244,106,10056,-9412,8352,-254,142,-149,-15016,3780,2808,-1060,86,-67,-15064,-2536,5024,-498,145,-128,0
1264.028729915619,10752,4972,10344,-144,-27,76,10192,-9252,8336,-36,141,-178,-15004,3640,2496,-983,112,-76,-15012,-2668,4968,-493,102,-120,0
1264.0623800754547,10988,4864,10424,-158,-25,103,10092,-9392,8368,-25,167,-175,-15012,3852,2492,-990,95,-64,-14984,-2600,4788,-479,142,-145,0
1264.0958070755005,10940,5008,10572,-187,-48,123,10108,-9436,8292,-7,176,-165,-14988,3900,2588,-999,116,-78,-15100,-2596,4912,-487,147,-70,0
1264.12926197052,10852,4872,10448,-221,-93,112,10068,-9380,8348,24,119,-199,-14952,3764,2312,-992,119,-123,-15128,-2620,5008,-458,175,-126,0
1264.1623759269714,10904,4928,10412,-215,-120,127,10068,-9424,8516,1,127,-204,-14936,3836,2564,-976,152,-128,-15072,-2536,4976,-488,162,-91,0
1264.1985950469973,10920,4956,10468,-226,-150,133,10196,-9408,8208,-26,160,-209,-15008,3960,2552,-896,146,-151,-15036,-2640,4880,-486,143,-92,0
1264.233962059021,10900,4936,10280,-236,-111,118,9824,-9356,8440,-46,138,-204,-14972,3988,2568,-907,151,-141,-14980,-2568,4932,-496,182,-96,0
1264.2694799900055,10980,4876,10420,-275,-117,112,10080,-9308,8316,-14,164,-181,-15056,3952,2456,-954,159,-84,-15028,-2668,5084,-465,163,-74,0
1264.3049011230469,10896,4720,10328,-309,-100,164,10068,-9424,8140,-23,171,-184,-15032,3584,2332,-893,129,-130,-14992,-2660,5084,-447,186,-57,0
1264.3402240276337,10936,4880,10488,-319,-114,147,10152,-9384,8348,-31,155,-211,-15004,3916,2500,-919,179,-118,-15008,-2628,4868,-445,177,-29,0
1264.3753099441528,11008,4828,10432,-313,-136,131,10100,-9360,8376,13,120,-246,-15024,3916,2336,-909,171,-153,-15268,-2348,4864,-492,202,-48,0
1264.410185098648,10932,4864,10524,-233,-137,126,10072,-9348,8232,6,130,-232,-15012,4040,2508,-951,126,-142,-15352,-2644,4668,-464,209,-68,0
1264.4449210166931,10980,4908,10472,-511,-102,115,10112,-9376,8292,-3,149,-212,-15052,3760,2596,-983,115,-114,-15064,-2664,4984,-473,211,-65,0
1264.4807369709015,10952,4816,10552,-218,-134,125,10188,-9408,8180,-12,150,-210,-15092,3856,2460,-980,128,-139,-14868,-2568,4820,-480,177,-58,0
1264.5170850753784,10756,4872,10468,-213,-131,133,10068,-9404,8276,-255,167,-221,-15036,3876,2772,-1004,127,-154,-15120,-2604,4900,-480,160,-88,0
1264.552521944046,10764,5108,10388,-216,-138,156,10032,-9516,8368,-6,168,-200,-15020,4068,2696,-1006,130,-121,-15072,-2612,5072,-478,178,-71,0
1264.5882639884949,10912,4860,10428,-234,-162,164,10060,-9312,8332,-12,108,-208,-15020,3812,2468,-950,180,-142,-14984,-2572,4852,-481,174,-80,0
1264.6233141422272,10804,4680,10356,-240,-164,141,10028,-9280,8376,-32,122,-204,-15092,3832,2384,-936,154,-80,-15328,-2336,4852,-504,137,-80,0
1264.659157037735,11108,4708,10380,-227,-159,141,10124,-9444,8228,-13,96,-194,-15020,3912,2476,-1021,125,-125,-15048,-2320,4864,-473,184,-107,0
1264.6942870616913,10980,4752,10468,-257,-163,142,10096,-9308,8344,50,124,-215,-14988,3804,2504,-1031,135,-82,-15064,-2808,5056,-499,198,-83,0
1264.7298419475555,11196,4856,10464,-136,-137,110,10132,-9360,8428,-40,122,-229,-15072,3800,2496,-951,168,-163,-15008,-2552,4664,-483,188,-106,0
1264.7701201438904,11228,4692,10408,-208,-174,122,10136,-9428,8364,-12,95,-237,-15108,3944,2752,-1013,96,-105,-14976,-2480,4836,-475,172,-83,0
1264.8056700229645,11176,4748,10316,-161,-109,119,10164,-9324,8248,45,126,-168,-14852,3776,2472,-770,100,-60,-15068,-2572,4900,-497,96,-107,0
1264.8418800830839,11000,4848,10376,-200,-104,118,10132,-9308,8280,-44,123,-186,-15056,3840,2444,-987,83,-42,-15004,-2580,4844,-516,119,-114,0
1264.8754889965057,10940,4824,10644,-168,-146,99,10024,-9416,8288,-66,156,-188,-15016,3764,2264,-1005,94,-73,-15084,-2664,4764,-528,135,-122,0
1264.9089391231537,11028,4780,10244,-88,-140,114,10088,-9368,8248,-70,98,-189,-14992,3772,2344,-1036,87,-77,-15040,-2544,4852,-539,160,-127,0
1264.9424970149994,10980,4748,10400,-108,-124,107,10120,-9368,8332,-22,127,-190,-15064,3716,2488,-1066,80,-104,-14896,-2496,4868,-471,177,-126,0
1264.9761080741882,10912,4804,10412,-111,-49,90,10160,-9352,8340,-254,141,-191,-15020,3768,2532,-1087,81,-35,-15024,-2636,4956,-475,166,-131,0
1265.0096890926359,11196,4872,10356,-147,-61,97,10208,-9324,8368,0,126,-199,-15056,3612,2376,-1280,66,-36,-15192,-2576,4904,-518,153,-131,0
1265.0432889461515,10980,4864,10336,-125,-39,109,10056,-9380,8328,-7,151,-167,-15340,3908,2592,-1054,104,-73,-14960,-2576,4996,-501,129,-139,0
1265.0768461227417,11012,4812,10560,-70,-43,80,10136,-9288,8436,-15,114,-156,-14916,3788,2588,-1033,84,-87,-15004,-2620,4984,-531,135,-161,0
1265.1105620861053,10944,4860,10452,-68,-46,104,10084,-9348,8348,-29,124,-179,-14980,3884,2500,-991,90,-85,-15060,-2640,4952,-491,118,-149,0
1265.143795967102,11024,4880,10248,-96,-76,110,10184,-9456,8216,-53,131,-185,-14964,3752,2444,-996,78,-50,-15136,-2544,4968,-475,140,-145,0
1265.1774060726166,11048,4872,10308,-129,-71,120,10092,-9228,8320,-47,140,-189,-15144,3812,2532,-985,94,-30,-15096,-2580,4900,-502,127,-141,0
1265.2109761238098,11016,4792,10512,-90,-55,129,10120,-9360,8268,-53,121,-177,-14992,3656,2808,-1009,83,-69,-15100,-2400,4824,-521,132,-139,0
1265.2444109916687,10988,4680,10252,-76,-36,114,10124,-9332,8292,-35,96,-160,-14948,3612,2368,-1034,84,-87,-15088,-2320,4892,-520,146,-137,0
1265.2781720161438,10932,4860,10396,-76,-36,97,10100,-9472,8276,-35,111,-171,-15020,4068,2576,-1020,99,-68,-15152,-2624,4952,-493,151,-148,0
1265.3117311000824,10976,4888,10696,-91,-47,116,10088,-9376,8252,-51,143,-150,-15068,3840,2612,-1026,92,-74,-15176,-2552,4892,-499,110,-147,0
1265.345262050629,11208,4880,10324,-35,-2,86,10068,-9332,8324,-71,127,-153,-15052,3828,2440,-1277,58,-47,-15044,-2508,4960,-763,100,-176,0
1265.3787560462952,11028,4768,10632,-75,2,91,10164,-9412,8280,-36,133,-139,-15128,3592,2396,-1089,46,-39,-14896,-2564,4972,-520,151,-191,0
1265.4120860099792,10908,4676,10464,-80,3,79,10024,-9344,8412,-20,138,-144,-15036,3840,2480,-1082,58,-57,-14856,-2596,4876,-530,101,-168,0
1265.4456300735474,10960,4900,10456,-40,-8,71,10152,-9332,8340,-88,142,-155,-15012,3744,2668,-1059,91,-78,-15056,-2560,4904,-481,97,-166,0
1265.4792170524595,11192,4628,10280,-132,-53,55,10108,-9456,8308,-23,162,-159,-14960,3700,2560,-1054,69,-32,-15004,-2620,4728,-480,150,-137,0
1265.512964963913,10936,4924,10468,-95,-20,65,10104,-9336,8432,-16,141,-168,-15048,3936,2456,-1059,41,-15,-14928,-2588,4916,-766,164,-185,0
1265.5467720031738,10976,4916,10592,-93,-33,86,10204,-9476,8172,-41,151,-155,-14948,3864,2504,-1028,84,-30,-15020,-2656,4936,-504,105,-158,0
1265.5802080631256,11228,4880,10668,-95,-28,67,10132,-9352,8296,-57,113,-166,-14952,3808,2540,-1003,51,-63,-15044,-2600,5004,-503,133,-163,0
1265.6138961315155,11216,4908,10464,-92,-68,110,10112,-9356,8400,-50,135,-158,-14936,3664,2340,-1022,87,-86,-15068,-2604,4888,-520,137,-148,0
1265.6469011306765,11060,4852,10320,-75,-78,104,9956,-9412,8184,-14,126,-148,-14952,3952,2448,-1047,90,-53,-14968,-2816,4868,-552,190,-151,0
1265.6805250644684,11020,4932,10408,-90,-62,125,10220,-9320,8360,-10,75,-160,-14972,3912,2576,-1050,101,-69,-15044,-2552,4800,-505,167,-117,0
1265.7142260074615,10860,5100,10336,-87,-73,94,9984,-9328,8680,-59,101,-189,-15080,3748,2680,-1039,106,-31,-15164,-2688,4900,-260,141,-153,0
1265.7476830482483,10924,4668,10728,-109,-51,107,10168,-9416,8208,-49,113,-163,-15072,4048,2412,-990,114,-78,-14944,-2552,4884,-502,150,-125,0
1265.7812440395355,10952,4912,10272,-101,-59,118,10132,-9384,8316,-42,133,-168,-14996,3936,2752,-1019,93,-103,-15012,-2592,4824,-505,151,-125,0
1265.8148391246796,10928,5048,10436,-103,-35,119,10000,-9372,8328,-37,130,-166,-15080,3656,2704,-1031,78,-50,-15012,-2648,4932,-503,131,-107,0
1265.8481760025024,10992,4976,10456,-124,-73,110,10164,-9444,8384,-30,128,-169,-15036,3896,2700,-991,102,-57,-15044,-2592,4948,-490,161,-100,0
1265.8844079971313,10936,4856,10672,-144,-62,81,10092,-9336,8260,-51,142,-184,-15272,4088,2348,-971,115,-85,-15012,-2568,4944,-477,153,-106,0
1265.9197089672089,11024,4932,10444,-176,-42,120,10228,-9372,8444,-13,141,-176,-14896,3884,2420,-978,125,-88,-15092,-2632,4940,-472,137,-128,0
1265.9546649456024,10780,4924,10492,-200,-91,122,10124,-9432,8260,40,146,-183,-15024,3844,2400,-958,119,-133,-15068,-2600,4988,-475,125,-76,0
1265.9902601242065,10924,4972,10324,-223,-115,126,10052,-9388,8304,-25,134,-202,-14964,3968,2608,-973,161,-142,-15104,-2644,4924,-473,168,-41,0
1266.025454044342,10948,4972,10484,-207,-158,127,9832,-9416,8420,-41,132,-236,-15028,3940,2348,-940,153,-146,-14980,-2700,4908,-500,178,-58,0
1266.0613169670105,10876,4948,10440,-190,-145,129,10088,-9360,8272,-45,146,-192,-15016,3800,2608,-968,153,-151,-15052,-2604,5048,-491,190,-80,0
1266.0972681045532,10920,5092,10596,-240,-116,104,9752,-9388,8328,-54,181,-190,-15072,3812,2808,-937,127,-141,-15296,-2812,4956,-453,178,-59,0
1266.1320440769196,10932,4888,10452,-260,-66,108,10012,-9388,8424,-60,166,-166,-15020,3928,2440,-926,163,-113,-15004,-2572,4952,-461,144,-79,0
1266.167452096939,10764,4816,10576,-268,-102,122,10076,-9416,8268,-5,178,-172,-14960,3880,2624,-981,124,-102,-15052,-2532,5024,-458,191,-74,0
1266.202891111374,10872,4952,10532,-298,-137,132,10036,-9324,8360,22,159,-209,-14956,3848,2452,-1006,166,-124,-15068,-2732,5016,-471,188,-31,0
1266.2386751174927,10908,4900,10520,-247,-92,122,10168,-9664,8208,-67,134,-221,-15060,3872,2456,-910,145,-185,-15076,-2544,4964,-489,205,-73,0
1266.2737340927124,11060,4800,10676,-278,-163,128,10156,-9392,8340,14,155,-212,-14956,3920,2404,-1002,84,-123,-15028,-2344,4752,-449,208,-66,0
1266.3097550868988,10992,4880,10384,-228,-113,117,10124,-9268,8412,23,169,-168,-14996,3812,2528,-1012,75,-95,-15012,-2708,4908,-488,136,-88,0
1266.345335006714,11028,4868,10536,-240,-66,81,10032,-9372,8672,6,196,-169,-15044,3840,2540,-934,121,-86,-15152,-2580,5092,-491,87,-88,0
1266.3807470798492,11076,4616,10620,-250,-99,121,10040,-9432,8212,-28,154,-186,-14944,3620,2776,-974,129,-79,-14916,-2508,4984,-481,132,-66,0
1266.4161660671234,10960,4868,10428,-246,-118,164,10052,-9408,8260,-41,130,-194,-14944,3832,2784,-933,180,-109,-15352,-2320,4856,-512,171,-54,0
1266.452224969864,11036,4888,10372,-215,-215,170,10076,-9304,8308,15,99,-217,-14960,3804,2480,-995,163,-148,-14944,-2344,4900,-438,212,-55,0
1266.4881970882416,10816,4812,10404,-190,-188,148,10112,-9416,8408,7,130,-220,-15016,3888,2552,-1270,162,-113,-15044,-2688,4876,-504,175,-76,0
1266.5252709388733,11052,4892,10128,-204,-180,155,10080,-9344,8336,38,113,-197,-15048,3800,2556,-975,125,-134,-15064,-2588,4976,-491,153,-87,0
1266.558963060379,11232,4760,10580,-181,-154,120,10088,-9324,8456,-8,130,-206,-15080,3884,2584,-972,158,-166,-15072,-2488,4932,-490,181,-117,0
1266.5924141407013,11020,4616,10428,-163,-141,140,10016,-9356,8272,-22,121,-208,-15012,3800,2348,-988,124,-99,-15012,-2636,4960,-259,168,-102,0
1266.6260690689087,11244,4648,10352,-136,-153,128,10180,-9372,8224,-58,133,-212,-14972,3768,2752,-1280,132,-70,-14984,-2620,4968,-494,164,-118,0
1266.6594231128693,11016,4832,10336,-158,-177,131,10212,-9308,8380,-68,114,-206,-15120,3716,2444,-985,129,-103,-15084,-2572,4880,-502,179,-126,0
1266.6928279399872,10784,4832,10432,-114,-152,114,10124,-9364,8204,-61,100,-201,-14944,3912,2568,-999,91,-129,-15088,-2440,5004,-487,166,-142,0
1266.7266039848328,11040,4784,10384,-98,-102,99,10172,-9360,8424,-19,150,-207,-15092,4092,2404,-771,62,-102,-15064,-2788,4796,-494,157,-132,0
1266.760113954544,11012,4716,10372,-77,-90,89,10296,-9384,8360,6,142,-188,-15016,3760,2420,-1071,83,-56,-14892,-2808,4936,-474,156,-144,0
1266.7936840057373,11012,5056,10336,-93,-52,86,10088,-9348,8372,247,143,-168,-15128,3812,2348,-1061,41,-52,-15116,-2544,4828,-492,155,-140,0
1266.8273890018463,11008,4876,10468,-98,-98,96,10096,-9352,8368,-12,132,-171,-15036,3756,2356,-1037,51,-38,-15232,-2628,4920,-494,149,-154,0
1266.8610799312592,11068,4772,10200,-76,-66,94,10172,-9336,8428,-53,136,-153,-15000,3608,2332,-1005,102,-77,-15080,-2576,4992,-506,124,-141,0
1266.8945770263672,10984,4920,10300,-87,-55,114,10204,-9332,8300,-43,121,-153,-14864,3988,2368,-1026,49,-97,-14984,-2640,4892,-521,108,-171,0
1266.9282500743866,11260,4828,10536,-140,-55,102,10168,-9340,8260,-23,137,-138,-15040,3640,2372,-1047,31,-69,-15080,-2684,4976,-492,156,-135,0
1266.9618649482727,10948,4932,10260,-65,-52,76,10148,-9328,8404,-41,133,-135,-14980,3892,2640,-1003,124,-51,-15008,-2696,4952,-483,122,-140,0
1266.9954640865326,10808,4864,10388,-70,-57,92,10160,-9356,8352,-67,125,-168,-14984,3864,2636,-990,71,-34,-15020,-2496,4916,-493,139,-145,0
1267.0291531085968,11024,4824,10316,-108,-42,110,10016,-9304,8248,-32,140,-171,-15040,3860,2520,-1060,43,-50,-15128,-2536,4660,-468,100,-147,0
1267.0628740787506,11136,4848,10392,-62,-29,104,10136,-9348,8284,-22,150,-117,-15080,3820,2516,-1061,31,-12,-15012,-2688,5044,-505,72,-152,0
1267.0965490341189,11044,4620,10568,-79,9,81,10152,-9400,8276,-67,129,-117,-14936,3876,2520,-989,42,-72,-15316,-2312,5012,-502,79,-179,0
1267.12992310524,10916,4912,10520,-56,-39,96,10072,-9352,8432,-60,151,-107,-15040,3640,2660,-775,49,-61,-15028,-2340,5068,-511,111,-143,0
1267.163301944733,10988,4988,10448,-89,-2,106,10160,-9268,8304,-57,112,-156,-14892,3824,2588,-1043,84,-47,-15020,-2500,4848,-513,151,-157,0
1267.1969299316406,10952,4812,10416,-90,-62,85,10032,-9288,8292,-46,126,-183,-15004,3928,2560,-1042,72,-39,-14996,-2596,5016,-510,189,-153,0
1267.230574131012,11172,5076,10356,-79,-15,84,10088,-9428,8472,-46,117,-157,-15040,4072,2644,-1065,87,-97,-15044,-2376,4980,-492,175,-149,0
1267.2638120651243,10976,4940,10396,-79,-79,85,10156,-9368,8392,-57,159,-175,-15024,3612,2552,-1008,72,-115,-15088,-2648,4940,-496,128,-165,0
1267.2974100112915,10980,4880,10304,-81,-23,87,10068,-9412,8400,-49,122,-163,-15120,3916,2596,-1009,65,-61,-15016,-2720,5012,-483,143,-182,0
1267.3304750919342,11012,4824,10352,-81,-29,101,10028,-9352,8276,-37,126,-168,-15272,3636,2692,-1011,73,-88,-14968,-2616,4688,-481,130,-137,0
1267.3637120723724,10804,4892,10368,-87,-67,109,10148,-9356,8336,-36,125,-168,-14988,3784,2612,-1015,93,-81,-15056,-2656,4884,-502,149,-147,0
1267.3971030712128,10956,4908,10260,-93,-80,102,10064,-9320,8372,-57,118,-172,-14980,3808,2600,-1006,88,-68,-15060,-2640,4944,-492,168,-138,0
1267.4307589530945,11232,4904,10488,-95,-78,86,10160,-9228,8340,-40,123,-186,-15144,3896,2692,-1019,91,-65,-15060,-2808,4952,-481,152,-112,0
1267.4640369415283,11072,4892,10312,-119,-85,111,10152,-9300,8196,-23,116,-164,-14968,3916,2380,-976,111,-55,-14932,-2640,5116,-511,162,-122,0
1267.4977519512177,11040,4928,10296,-95,-83,118,10116,-9340,8504,-37,110,-155,-15072,3736,2496,-772,66,-96,-15064,-2600,5004,-493,153,-116,0
1267.531212091446,10900,4960,10484,-78,-97,95,10428,-9340,8380,-256,122,-180,-14864,3896,2364,-1016,77,-92,-15004,-2592,4924,-514,138,-161,0
1267.5680310726166,10988,4912,10428,-90,-68,105,10056,-9320,8280,-31,137,-172,-15084,3768,2600,-1013,80,-79,-14948,-2644,4892,-501,145,-142,0
1267.6031551361084,11004,4976,10464,-115,-63,96,10036,-9352,8400,-77,143,-160,-15016,4084,2740,-994,91,-91,-15088,-2624,4876,-493,135,-112,0
1267.6382369995115,10980,4860,10516,-85,-59,117,10168,-9368,8420,-68,126,-158,-15092,3908,2584,-774,91,-63,-15004,-2688,5044,-488,117,-117,0
1267.6733679771423,10924,4896,10436,-171,-51,112,10036,-9464,8256,-40,122,-161,-15020,3796,2656,-1026,102,-73,-15088,-2620,4948,-518,138,-138,0
1267.7086801528933,10960,5032,10540,-97,-39,113,10124,-9340,8420,-76,132,-171,-15320,3796,2572,-1009,125,-69,-15064,-2748,4876,-492,139,-144,0
1267.743849992752,10976,4892,10324,-131,-89,84,10112,-9460,8308,-42,108,-177,-15016,4072,2624,-1265,86,-88,-15068,-2592,4876,-491,143,-125,0
1267.7798221111298,10916,4880,10340,-118,-39,93,10120,-9412,8196,-2,121,-175,-14928,3848,2556,-1077,48,-61,-15008,-2580,4888,-489,166,-137,0
1267.814903974533,11012,4964,10580,-113,-46,111,9952,-9376,8300,-37,126,-153,-15024,3872,2616,-1000,82,-56,-15088,-2696,4956,-505,117,-139,0
1267.850268125534,10956,4972,10460,-138,-62,84,10448,-9408,8384,-77,113,-176,-15052,3872,2612,-960,117,-31,-15032,-2728,4952,-471,103,-146,0
1267.8854939937592,10952,4904,10492,-154,-77,100,10080,-9324,8420,-50,130,-169,-15012,3864,2652,-1014,82,-89,-15072,-2636,4948,-767,164,-137,0
1267.9215540885923,11256,4812,10316,-122,-75,86,10160,-9348,8284,-27,134,-179,-15020,3752,2412,-1041,135,-70,-14952,-2660,5016,-504,180,-121,0
1267.9571890830994,10772,4952,10396,-146,-77,102,10112,-9308,8288,-10,140,-185,-15048,3904,2376,-1053,97,-90,-15004,-2312,5076,-502,192,-120,0
1267.9917781352997,10860,4912,10640,-151,-63,119,10072,-9332,8352,-24,148,-167,-14960,3836,2712,-1032,109,-105,-15000,-2708,5108,-498,155,-103,0
1268.0262439250946,11000,4992,10076,-170,-57,98,10112,-9396,8308,250,147,-175,-15052,4092,2652,-1007,138,-102,-15032,-2688,5008,-468,143,-129,0
1268.0623259544373,10988,4908,10424,-197,-64,103,10136,-9304,8292,8,145,-177,-14968,3624,2656,-982,142,-73,-15120,-2644,5028,-484,159,-94,0
1268.0980169773102,10988,5076,10504,-214,-52,111,10092,-9316,8368,-245,157,-192,-15088,3848,2588,-980,134,-130,-15060,-2668,4916,-451,148,-36,0
1268.1333601474762,10884,5040,10492,-225,-111,132,10028,-9424,8348,-59,140,-227,-14952,3928,2416,-883,160,-117,-15044,-2676,5012,-485,159,-72,0
1268.1686580181122,11120,5020,10416,-217,-161,129,10012,-9340,8208,-79,145,-233,-15036,3804,2672,-903,173,-143,-15012,-2680,4956,-486,197,-78,0
1268.2049190998077,10932,4620,10404,-254,-123,137,10040,-9416,8312,-40,159,-193,-14888,3780,2336,-900,125,-105,-14992,-2572,4964,-467,175,-42,0
1268.2387030124664,10888,4896,10388,-247,-118,119,10092,-9372,8236,-31,153,-179,-14960,3872,2740,-941,137,-158,-15072,-2552,5028,-466,157,-73,0
1268.2719509601593,10932,4816,10264,-261,-89,130,10068,-9496,8360,-14,147,-182,-14920,3872,2604,-918,149,-99,-14956,-2580,4948,-472,196,-67,0
1268.305557012558,10980,4956,10292,-263,-90,133,10168,-9384,8424,-31,163,-205,-15044,3936,2688,-944,146,-159,-15084,-2612,4916,-464,200,-49,0
1268.3391780853271,11240,4940,10012,-270,-162,155,10088,-9348,8256,18,114,-219,-15296,3772,2440,-958,184,-113,-14940,-2524,4940,-479,202,-27,0
1268.3723690509796,11088,4904,10672,-4,-175,144,10112,-9388,8332,-7,135,-245,-14984,3808,2480,-994,171,-168,-15076,-2628,5060,-463,205,-70,0
1268.4056260585785,10956,4796,10440,-287,-172,152,10128,-9328,8464,-9,148,-238,-15336,3600,2772,-955,168,-167,-15056,-2572,4948,-470,175,-86,0
1268.439054965973,11008,4880,10380,-188,-111,128,10144,-9340,8252,-35,139,-213,-15084,4016,2384,-936,128,-110,-15252,-2332,4916,-466,124,-81,0
1268.4725520610807,11200,4912,10396,-245,-92,114,10188,-9320,8212,-252,159,-193,-15004,3828,2620,-1000,84,-70,-14984,-2636,4980,-455,168,-86,0
1268.50621509552,10868,4804,10484,-251,-129,140,10144,-9288,8372,38,139,-196,-15052,3860,2796,-1009,130,-107,-15024,-2700,4952,-471,158,-99,0
1268.5400130748749,11012,4968,10604,-197,-128,120,10116,-9368,8208,-60,111,-208,-14968,3920,2692,-949,160,-132,-15024,-2764,4848,-467,190,-89,0
1268.5733489990234,11032,4804,10276,-242,-203,114,9992,-9380,8308,16,120,-242,-15048,3984,2476,-998,129,-154,-15080,-2352,4892,-471,218,-78,0
1268.6069900989532,11092,4740,10336,-221,-141,165,10148,-9360,8228,15,97,-180,-15172,3940,2600,-1013,119,-110,-15148,-2664,4860,-502,163,-93,0
1268.6402790546415,10944,4796,10456,-210,-99,118,10148,-9320,7940,249,151,-178,-15084,3752,2752,-993,99,-38,-14960,-2632,4892,-489,96,-105,0
1268.6737020015717,10960,4756,10396,-214,-103,121,10004,-9452,8440,11,129,-162,-14964,3840,2500,-1016,102,-72,-14984,-2652,4976,-498,131,-95,0
1268.707109928131,10928,4812,10252,-177,-136,142,10120,-9336,8360,-11,91,-180,-15040,3760,2444,-973,149,-149,-14960,-2640,4948,-485,166,-77,0
1268.7408220767975,11020,4776,10344,-159,-137,139,10056,-9400,8300,-256,120,-202,-14988,3912,2640,-1008,143,-121,-15016,-2784,5076,-479,177,-88,0
1268.774265050888,10984,4860,10248,-201,-145,147,10108,-9300,7976,7,105,-218,-15024,3820,2508,-1027,138,-77,-14876,-2580,4968,-499,214,-93,0
1268.8074769973755,10932,4860,10372,-131,-138,119,10072,-9332,8316,-41,115,-195,-15080,3860,2432,-1008,100,-90,-15076,-2676,4920,-532,167,-128,0
1268.8411440849304,11032,4808,10560,-145,-98,116,10124,-9452,8384,-43,137,-190,-15060,3840,2332,-987,106,-94,-15080,-2588,4880,-496,113,-127,0
1268.8746910095215,11236,4776,10352,-81,-75,97,10172,-9288,8272,-41,129,-164,-14988,3800,2508,-1044,62,-87,-15056,-2492,4696,-519,157,-130,0
1268.9079790115356,11088,4772,10452,-105,-54,84,10184,-9272,8240,-11,112,-177,-14996,3848,2400,-1036,85,-77,-14876,-2588,4856,-510,137,-124,0
1268.9414920806885,11004,4884,10424,-123,-30,109,10080,-9360,8276,-36,135,-175,-14996,3760,2396,-1020,93,-36,-15088,-2764,5100,-494,132,-130,0
1268.9748611450195,11108,4944,10524,-90,-84,93,10132,-9392,8252,-97,133,-194,-15044,3888,2480,-981,69,-68,-15316,-2404,5076,-533,125,-153,0
1269.0084049701693,11124,4732,10384,-97,-107,80,10136,-9460,8132,4,134,-171,-14988,3872,2804,-1068,20,-86,-14960,-2796,5076,-496,128,-124,0
1269.0418660640717,10972,4868,10360,-86,-44,113,9760,-9288,8340,5,143,-150,-14972,3704,2360,-986,100,-69,-15000,-2632,4972,-460,120,-139,0
1269.075278043747,10976,4896,10472,-50,-51,77,10124,-9368,8356,-84,133,-209,-15032,3788,2464,-984,69,-49,-15164,-2520,5048,-501,122,-160,0
1269.108920097351,10952,4872,10480,-146,-68,91,10104,-9352,8400,-20,167,-176,-15116,3912,2420,-1274,51,-59,-15160,-2436,4692,-507,95,-151,0
1269.1422851085663,11060,4900,10352,-80,-243,88,9996,-9376,8380,-37,120,-132,-15016,4032,2340,-1038,105,-39,-15044,-2648,4744,-473,123,-104,0
1269.1757469177246,10952,4900,10488,-96,10,109,10132,-9244,8244,-70,125,-140,-15072,3808,2588,-1073,55,-65,-15012,-2640,5116,-530,131,-135,0
1269.2086899280548,10948,4700,10344,-60,-2,101,10148,-9252,8444,-79,114,-139,-14960,3864,2496,-1033,50,-249,-14996,-2620,4900,-496,144,-166,0
1269.2448909282684,11012,4680,10416,-99,-46,88,10136,-9320,8296,-62,109,-143,-15068,3768,2528,-1010,84,-51,-15020,-2340,4872,-487,131,-156,0
1269.280277967453,11100,4864,10548,-90,-62,80,10108,-9332,8400,-67,138,-175,-14956,3832,2636,-1004,55,-86,-15356,-2584,5092,-502,174,-109,0
1269.3156781196594,10992,5104,10384,-105,-44,73,10044,-9380,8352,-54,116,-190,-15000,3912,2760,-1275,85,-111,-14964,-2544,4892,-488,157,-139,0
1269.3513021469116,10776,4952,10536,-62,-53,62,10040,-9328,8240,-51,115,-189,-14980,3916,2428,-1029,75,-58,-14884,-2376,5204,-530,152,-161,0
1269.3877210617065,10964,4628,10364,-78,-54,116,10120,-9368,8420,-38,130,-160,-14976,3892,2728,-1057,62,-64,-15064,-2636,4908,-525,114,-152,0
1269.423022031784,10956,4976,10460,-69,-22,88,10024,-9344,8308,-38,106,-160,-14968,3680,2676,-1051,73,-63,-15096,-2756,4876,-496,139,-171,0
1269.4587290287018,11024,5096,10436,-76,-54,98,10072,-9412,8148,-45,106,-159,-14924,3756,2416,-1006,49,-51,-15116,-2512,4880,-496,143,-158,0
1269.4944081306458,10812,4996,10316,-103,-48,89,10156,-9392,8400,-52,130,-170,-15052,3584,2800,-1017,44,-104,-15052,-2588,4940,-505,132,-148,0
1269.5297091007233,10788,4916,10636,-94,-37,91,10052,-9344,8408,-39,115,-188,-14852,3592,2776,-1013,60,-46,-15056,-2384,4856,-492,168,-162,0
1269.5651030540466,11224,4968,10572,-101,-10,90,10112,-9360,8328,-43,130,-184,-15048,3832,2808,-1043,73,-45,-15072,-2660,4928,-484,153,-136,0
1269.6013820171356,10972,4896,10256,-83,-63,90,10032,-9372,8208,-37,114,-182,-15028,3808,2824,-994,89,-59,-14968,-2576,4896,-499,130,-145,0
1269.6361830234528,11024,4960,10308,-91,-35,108,10116,-9380,8408,-53,124,-185,-15080,3932,2620,-1023,103,-52,-15048,-2332,5056,-514,156,-127,0
1269.6724791526794,10956,4876,10728,-95,-46,97,10036,-9340,8188,-49,120,-151,-15064,3852,2668,-1037,96,-116,-15124,-2696,4880,-768,140,-138,0
1269.7079739570618,10952,4824,10448,-94,-76,89,10092,-9356,8348,-30,105,-179,-14936,3868,2480,-1018,111,-49,-14868,-2652,4900,-501,124,-139,0
1269.7435150146484,10852,4956,10384,-114,-51,111,10416,-9276,8296,-53,105,-166,-15088,3924,2328,-775,108,-52,-15040,-2536,5000,-264,141,-137,0
1269.7824449539185,10792,4916,10428,-109,-64,106,10136,-9452,8216,-29,99,-158,-14976,3900,2616,-1005,125,-45,-15056,-2684,4972,-496,144,-116,0
1269.8186819553375,10892,4912,10444,-122,-62,122,10076,-9380,8196,-85,106,-170,-15004,3872,2584,-1022,109,-77,-15064,-2624,4956,-485,127,-115,0
1269.8544981479645,11128,4956,10404,-112,-52,86,10216,-9408,8328,-41,130,-159,-15008,3856,2632,-1008,63,-79,-15020,-2720,4932,-495,161,-143,0
1269.890815973282,11000,4956,10444,-113,-69,110,10072,-9452,8200,-24,139,-195,-14968,3796,2520,-1021,79,-94,-15084,-2612,4956,-478,163,-146,0
1269.924320936203,11044,4968,10396,-149,-50,92,10168,-9316,8392,-45,144,-193,-15064,3780,2492,-981,90,-86,-14952,-2704,4884,-483,155,-90,0
1269.9579129219055,11080,5000,10424,-118,-75,95,10152,-9448,8288,-72,168,-179,-15044,3920,2632,-962,108,-59,-15204,-2532,4868,-512,110,-150,0
1269.9914491176603,11032,4768,10400,-146,-43,74,10076,-9340,8356,-21,137,-158,-15008,3920,2508,-1048,12,-47,-15040,-2580,4944,-520,107,-90,0
1270.0249700546265,10840,4948,10592,-161,-21,102,10064,-9336,8336,-33,139,-143,-14968,3724,2664,-1028,100,-72,-15060,-2716,4876,-469,128,-103,0
1270.0584211349487,10952,4988,10664,-151,-42,85,10000,-9324,8300,-78,166,-163,-15020,3584,2780,-954,112,-98,-15052,-2564,5060,-475,134,-144,0
1270.0919051170347,10932,4920,10448,-202,-59,111,10112,-9428,8272,-7,135,-189,-15068,3904,2572,-1076,82,-120,-14980,-2664,4968,-464,172,-118,0
1270.125610113144,10940,4888,10304,-199,-77,136,10108,-9388,8420,46,135,-167,-14964,3832,2612,-1027,105,-51,-15276,-2664,4972,-498,174,-94,0
1270.1589200496674,10948,4996,10448,-231,-57,106,10112,-9452,8248,-47,156,-179,-15064,3780,2356,-942,159,-87,-15084,-2656,4908,-475,94,-86,0
1270.192404985428,10936,4908,10684,-274,-84,76,10016,-9440,8588,-87,177,-212,-15052,3888,2568,-883,150,-110,-15012,-2600,4936,-493,163,-68,0
1270.2257590293884,10764,4912,10412,-237,-68,86,9968,-9416,8284,-13,163,-200,-15036,3884,2376,-956,142,-116,-14856,-2780,4984,-493,194,-79,0
1270.2591409683228,10884,5108,10736,-269,-81,145,10020,-9360,8340,12,151,-204,-14876,3880,2520,-996,152,-130,-14964,-2608,5036,-462,187,-80,0
1270.2928719520569,10832,5080,10536,-274,-98,130,10096,-9384,8284,-24,112,-217,-14976,3832,2632,-986,181,-94,-14980,-2652,4964,-464,202,-67,0
1270.3266179561615,10864,4944,10428,-256,-141,139,10128,-9392,8244,3,160,-213,-15028,3824,2752,-949,130,-134,-15128,-2596,4988,-465,158,-81,0
1270.36013007164,10936,4860,10432,-289,-116,116,10112,-9440,8200,-10,183,-230,-15040,3636,2808,-950,151,-178,-14988,-2552,5072,-460,193,-81,0
1270.3932919502258,10852,4928,10488,-249,-158,140,10344,-9416,8384,4,151,-223,-14960,3920,2456,-1010,142,-136,-14992,-2668,4788,-487,185,-39,0
1270.4270091056824,11064,4860,10480,-262,-155,137,10080,-9336,8380,-33,110,-206,-14992,3768,2688,-983,140,-101,-14976,-2748,4932,-477,175,-78,0
1270.4603900909424,10904,4700,10380,-238,-156,142,10160,-9384,8288,-36,110,-228,-15052,3804,2560,-958,156,-119,-15060,-2580,4892,-483,196,-85,0
1270.493735074997,10928,4980,10676,-263,-186,150,9996,-9228,8140,-32,112,-218,-15008,3864,2532,-930,165,-165,-15148,-2580,4900,-467,198,-85,0
1270.5271999835968,10772,4864,10444,-262,-168,152,10228,-9276,8172,5,120,-236,-14876,3920,2464,-964,163,-151,-15076,-2532,4964,-470,188,-71,0
1270.560683012009,10852,4772,10368,-9,-190,137,10144,-9404,8256,-11,104,-232,-15108,3596,2696,-982,167,-81,-15040,-2608,4944,-453,185,-30,0
1270.5942060947418,10888,5108,10436,-223,-153,144,10200,-9300,8236,-5,106,-227,-14996,3848,2364,-770,154,-112,-15088,-2520,4924,-464,182,-74,0
1270.6276910305023,10976,4780,10504,-244,-216,156,10096,-9236,8348,17,104,-220,-14992,4080,2468,-999,187,-128,-15080,-2580,4816,-481,194,-63,0
1270.6610460281372,10780,4948,10300,-246,-148,145,10128,-9240,8340,-26,84,-213,-15076,3868,2620,-973,186,-159,-15128,-2560,5040,-490,170,-101,0
1270.6944999694824,11064,5092,10720,-201,-129,151,10152,-9428,8284,-29,117,-199,-15096,3852,2428,-1032,115,-94,-15116,-2448,4840,-516,143,-96,0
1270.72794008255,10988,4812,10436,-249,-158,133,10164,-9360,8372,-4,122,-202,-14896,3864,2368,-1085,70,-88,-15004,-2588,4972,-494,176,-77,0
1270.7615931034088,10924,4644,10328,-194,-135,147,10080,-9372,8192,-28,121,-193,-15036,3756,2304,-1020,152,-116,-15060,-2620,4876,-479,155,-89,0
1270.7952709197998,11024,4860,10504,-166,-171,116,10076,-9372,8252,-45,133,-241,-15028,4040,2088,-949,150,-175,-15352,-2432,5044,-475,225,-66,0
1270.8289110660553,11148,4780,10372,-236,-155,122,10176,-9328,8264,-3,131,-232,-15036,3836,2792,-995,129,-118,-15112,-2520,4976,-465,191,-118,0
1270.8625900745392,11000,4780,10492,-157,-94,121,10112,-9304,8248,-18,133,-179,-15028,3892,2624,-1032,67,-45,-15092,-2572,4992,-501,131,-126,0
1270.8958039283752,10932,4840,10224,-118,-46,103,10192,-9224,8292,-83,153,-156,-14956,3780,2348,-998,74,-32,-15072,-2684,4844,-498,93,-120,0
1270.9327280521393,10780,4792,10276,-102,-74,109,10108,-9316,8248,-87,148,-161,-14912,3824,2332,-975,122,-62,-15132,-2604,4876,-504,144,-84,0
1270.9687759876251,11008,4720,10336,-85,-67,109,10204,-9368,8364,-28,129,-174,-15004,3756,2520,-1036,89,-104,-15016,-2348,4876,-501,177,-92,0
1271.0042049884796,10956,4812,10416,-143,-44,116,10124,-9292,8240,252,113,-177,-15060,3752,2588,-1039,95,-74,-15120,-2572,5052,-500,174,-105,0
1271.0395419597626,11092,4920,10256,-112,-58,115,10136,-9428,8284,-41,108,-196,-14996,3764,2512,-1011,75,-114,-15160,-2636,5016,-481,154,-124,0
1271.0750629901886,11128,4832,10456,-109,-46,78,10128,-9388,8260,-49,149,-181,-15024,3928,2660,-1030,82,-56,-15064,-2308,4908,-506,143,-118,0
1271.1104760169983,11004,4792,10544,-55,-28,86,10108,-9324,8328,-23,119,-151,-15000,3796,2512,-1044,64,-88,-14988,-2608,4956,-490,144,-130,0
1271.1455581188202,10924,4916,10456,-74,-39,105,10104,-9368,8300,-42,123,-154,-14948,3932,2764,-1037,89,-31,-15044,-2576,4884,-501,102,-139,0
1271.1818010807035,11000,4824,10264,-76,-85,93,10148,-9336,8328,-35,126,-157,-14992,3764,2420,-1008,80,-49,-15140,-2616,4892,-501,114,-109,0
1271.2173881530762,10840,4796,10316,-92,-56,103,10120,-9392,8344,-50,144,-166,-15072,4076,2508,-999,64,-71,-15296,-2776,4788,-482,131,-137,0
1271.253478050232,11248,4812,10288,-54,-56,92,10156,-9372,8268,-57,121,-163,-15016,3772,2448,-998,88,-64,-15044,-2576,4784,-529,138,-140,0
1271.2886800765991,10956,4880,10440,-54,-51,119,10172,-9292,8232,-68,99,-172,-15072,3788,2600,-999,83,-83,-15012,-2640,5116,-495,132,-123,0
1271.3236529827118,10880,4888,10408,-117,-76,97,10124,-9392,8340,-34,127,-154,-15044,3928,2376,-1011,91,-35,-15336,-2608,4900,-486,134,-139,0
1271.3592429161072,11000,4872,10372,-54,-36,99,10160,-9292,8348,-71,134,-166,-15028,3704,2560,-1016,96,-59,-14916,-2476,4928,-517,94,-153,0
1271.3944211006165,10976,4808,10388,-79,-9,97,10180,-9368,8296,-52,142,-163,-15060,3816,2384,-1278,13,-14,-15076,-2572,4932,-507,130,-154,0
1271.4303350448608,10928,4840,10388,-65,-3,100,10116,-9296,8440,-29,149,-138,-14956,3704,2640,-1054,44,-47,-15068,-2676,4988,-541,111,-151,0
1271.4653599262238,11224,4976,10260,-48,255,75,10188,-9308,8300,-78,147,-142,-15060,3792,2592,-879,-43,-45,-14984,-2720,4924,-503,91,-177,0
1271.501275062561,11044,4820,10436,-96,-60,48,9912,-9340,8184,-45,181,-184,-15008,4044,2728,-1065,52,-51,-15064,-2516,4704,-471,138,-128,0
1271.53754901886,10944,4832,10440,-75,1,87,10140,-9332,8380,-19,143,-164,-15044,3868,2500,-1027,55,-1,-15080,-2676,4728,-524,133,-160,0
1271.5731451511383,11004,4852,10452,-62,-33,101,10132,-9340,8360,-56,145,-140,-15020,3784,2516,-984,39,-54,-15116,-2676,4960,-523,89,-132,0
1271.6068739891052,10908,4860,10668,-90,-35,62,10100,-9376,8260,-60,161,-185,-15228,3832,2632,-986,67,-65,-15020,-2508,4852,-487,124,-173,0
1271.6402039527893,10992,4992,10664,-75,-27,86,10056,-9428,8476,-70,137,-183,-14932,3944,2316,-1020,75,-90,-15056,-2548,4992,-488,118,-128,0
1271.6736879348755,11048,4872,10684,-99,-54,98,10204,-9476,8352,-32,113,-198,-15036,3788,2524,-1062,83,-52,-14972,-2584,4896,-260,136,-137,0
1271.7073740959167,10756,4940,10368,-100,-48,86,10116,-9396,8264,-38,115,-168,-15072,3824,2580,-1026,87,-67,-15120,-2624,4696,-480,171,-126,0
1271.7408039569855,10772,4948,10544,-52,-79,96,10132,-9340,8136,-43,107,-173,-15104,3936,2728,-1002,99,-104,-15096,-2356,5012,-520,148,-134,0
1271.7743830680847,11244,4916,10596,-73,-22,86,10156,-9412,8248,-34,131,-168,-15008,3908,2680,-994,91,-89,-14876,-2812,4932,-506,140,-141,0
1271.8079681396484,10772,4920,10344,-100,-45,112,10112,-9312,8372,-46,83,-145,-14960,3872,2688,-1001,105,-89,-14960,-2628,4936,-542,164,-122,0
1271.8416340351105,10928,4928,10492,-112,-41,127,10168,-9332,8180,-69,103,-161,-15028,3800,2524,-1009,139,-56,-15036,-2572,4888,-493,146,-105,0
1271.8749630451205,10884,5024,10440,-118,-68,122,10208,-9344,8348,-73,119,-161,-14928,3876,2516,-968,133,-68,-14988,-2684,4972,-477,148,-141,0
1271.9082789421082,11260,4880,10328,-122,-81,96,10272,-9492,8164,-102,78,-194,-14984,3840,2584,-949,127,-96,-15320,-2756,4692,-497,145,-119,0
1271.9418380260468,10992,4820,10400,-127,-68,96,10188,-9428,8256,-38,126,-166,-14968,3968,2688,-987,98,-94,-15080,-2596,4908,-259,154,-104,0
1271.9753561019897,10964,4884,10668,-102,-48,114,10172,-9380,8228,-11,109,-184,-14972,3972,2648,-1004,107,-64,-14848,-2652,4980,-520,159,-131,0
1272.0089650154114,10884,5112,10524,-121,-78,111,10132,-9560,8272,-38,137,-181,-14980,3840,2356,-1048,106,-97,-14992,-2668,4904,-507,182,-134,0
1272.0425081253052,10976,4960,10468,-131,-91,91,10188,-9408,8352,-50,110,-203,-15080,3820,2724,-966,124,-86,-15164,-2544,4928,-508,144,-136,0
1272.0758440494535,10840,4908,10392,-62,-46,100,10156,-9412,7964,-74,123,-167,-15020,3880,2648,-978,96,-85,-15060,-2496,4964,-261,120,-140,0
1272.1094999313354,10940,4872,10260,-128,-33,105,10120,-9672,8424,-31,145,-164,-14976,4036,2356,-1038,61,-93,-15084,-2652,4932,-489,133,-133,0
1272.1426379680634,10852,5000,10376,-122,-34,114,10120,-9328,8300,-41,129,-159,-15008,3832,2768,-778,85,-47,-15012,-2648,4812,-494,116,-131,0
1272.1759579181671,10964,4980,10352,-120,-74,103,10132,-9720,8328,-95,126,-192,-15020,3588,2712,-1001,93,-41,-15052,-2628,4972,-477,151,-136,0
1272.2095170021055,10980,4620,10464,-138,-68,76,10176,-9436,7684,-47,246,-227,-14716,4080,2396,-776,83,-99,-14892,-2640,4936,-504,161,-140,0
1272.2430229187012,10752,4940,10320,-99,-35,100,10104,-9384,8248,3,133,-159,-14980,3792,2648,-1064,83,-43,-15044,-2628,4984,-259,143,-119,0
1272.2765409946442,10916,4876,10296,-145,-43,110,9992,-9376,8292,-29,148,-167,-14964,3880,2400,-969,119,-92,-15080,-2692,5028,-498,111,-147,0
1272.3101711273193,10764,4976,10488,-158,-5,82,10184,-9408,8288,-36,180,-177,-14924,3888,2564,-982,85,-52,-15056,-2628,4920,-498,160,-111,0
1272.343682050705,10900,4904,10292,-147,-43,135,10180,-9428,8284,-41,187,-164,-15292,3744,2792,-972,119,-68,-15148,-2628,4928,-765,155,-109,0
1272.3770351409912,11240,5116,10428,-190,-79,99,10224,-9364,8308,-2,173,-181,-15016,3808,2344,-1005,123,-105,-14916,-2544,4924,-490,149,-101,0
1272.4105739593506,10840,4912,10412,-181,-65,142,10056,-9464,8148,-21,138,-201,-15052,3956,2336,-999,132,-132,-15064,-2664,4932,-460,179,-95,0
1272.4441940784454,10936,4932,10532,-202,-122,106,10148,-9456,7964,-23,183,-197,-15056,3912,2560,-973,122,-105,-14860,-2592,5016,-491,171,-90,0
1272.4776649475098,10936,4920,10512,-211,-74,110,10056,-9356,8372,-31,162,-208,-15068,3836,2628,-933,180,-113,-15044,-2588,5084,-481,166,-52,0
1272.510822057724,10956,4908,10240,-214,-114,129,10080,-9344,8196,-29,176,-206,-14952,3900,2592,-913,139,-126,-15000,-2316,4644,-487,183,-75,0
1272.544352054596,10944,4960,10492,-505,-103,128,10140,-9392,8192,-25,168,-191,-14948,3808,2528,-926,125,-116,-15020,-2600,5020,-483,178,-78,0
1272.577427148819,10892,4772,10484,-274,-76,130,10388,-9472,8236,-37,169,-201,-15068,3840,2580,-906,170,-153,-15084,-2584,4872,-434,200,-59,0
1272.6147949695587,10976,4952,10340,-271,-121,114,10072,-9384,8308,-37,228,-215,-15032,3912,2768,-913,149,-136,-15088,-2592,4912,-451,237,-34,0
1272.6506719589233,11192,4884,10348,-284,-128,127,10132,-9236,8276,249,152,-228,-14852,3716,2328,-969,144,-169,-14960,-2580,5024,-474,196,-69,0
1272.6861810684204,11196,4892,10368,-257,-144,128,10040,-9340,8160,-6,138,-234,-15020,3832,2648,-968,162,-144,-15340,-2792,4936,-473,183,-65,0
1272.7217719554899,10984,4980,10276,-233,-145,125,10164,-9384,8248,-16,143,-226,-15048,3724,2540,-963,106,-158,-14852,-2524,4892,-479,185,-90,0
1272.7576830387115,10972,4864,10448,-222,-130,156,10132,-9424,8224,-252,153,-195,-14988,4088,2548,-982,107,-139,-15164,-2668,5052,-494,177,-72,0
1272.7928431034088,10912,4868,10480,-212,-153,122,10196,-9336,8416,-31,161,-194,-14988,3764,2412,-967,133,-113,-15012,-2632,4756,-477,169,-61,0
1272.8281779289246,11020,4888,10412,-199,-131,155,10104,-9464,8280,-28,152,-213,-15012,4076,2480,-942,153,-137,-15136,-2584,4860,-489,140,-90,0
1272.8634090423584,11060,5116,10292,-217,-119,146,10148,-9472,8292,-25,148,-186,-15032,3848,2628,-1005,126,-69,-14872,-2356,5036,-500,176,-106,0
1272.8986370563507,11036,4904,10432,-266,-184,130,10080,-9716,8244,11,90,-201,-15092,3880,2664,-1011,131,-123,-15012,-2584,5060,-495,172,-77,0
1272.934422969818,10764,4932,10356,-160,-131,123,10136,-9392,8272,-22,125,-213,-14888,3740,2444,-958,147,-135,-15104,-2552,4980,-485,173,-80,0
1272.970183134079,10944,4772,10592,-213,-163,124,10144,-9440,8032,8,101,-226,-15104,4080,2484,-988,122,-170,-15096,-2540,4948,-467,208,-88,0
1273.0051181316376,11244,5084,10184,-176,-142,159,10168,-9344,8260,16,185,-201,-15044,3852,2332,-1022,76,-81,-15324,-2620,4980,-474,147,-120,0
1273.0402340888975,11104,4916,10340,-200,-118,120,10168,-9352,8244,-15,148,-156,-15128,3788,2476,-992,56,-56,-15080,-2624,4888,-481,74,-115,0
1273.0750949382782,10896,4968,10436,-185,-119,137,10228,-9380,8420,-31,152,-161,-15056,3840,2488,-985,113,-106,-15072,-2564,4952,-522,136,-90,0
1273.1107120513916,10772,4792,10436,-179,-145,104,10028,-9360,8416,-35,115,-185,-15000,3852,2488,-1004,141,-107,-15052,-2592,4848,-525,158,-67,0
1273.1461091041565,10952,4840,10064,-180,-204,137,10152,-9440,8184,-33,118,-213,-15052,3804,2428,-1019,136,-130,-15024,-2580,4936,-487,222,-66,0
1273.1818721294403,11008,4856,10264,-124,-133,115,10152,-9428,8292,-42,99,-225,-15012,3876,2588,-1029,103,-126,-14888,-2332,4732,-486,194,-107,0
1273.2177290916443,11248,4836,10356,-129,-160,91,10372,-9436,8180,-29,114,-213,-15040,3856,2764,-1020,105,-91,-15064,-2668,4932,-522,121,-131,0
1273.2539579868317,11004,4900,10412,-82,-125,90,10164,-9396,8280,-54,124,-173,-14920,3656,2312,-1040,73,-87,-15088,-2520,4836,-533,151,-180,0
1273.2873389720917,10996,4832,10272,-74,-110,100,10192,-9660,8348,1,151,-175,-15016,3748,2732,-1081,55,-36,-15036,-2692,4780,-506,168,-107,0
1273.320847988129,10984,4776,10348,-85,-79,103,10092,-9348,8440,-32,133,-167,-15088,3752,2404,-1038,98,-35,-15044,-2612,4932,-504,138,-141,0
1273.354283094406,10992,4828,10388,-109,-69,103,10144,-9340,8300,-40,111,-194,-14988,3752,2708,-1035,60,-83,-15032,-2728,4936,-765,126,-159,0
1273.3877589702606,10952,4844,10480,-64,-98,92,10100,-9428,8340,-33,141,-171,-14936,3628,2808,-982,74,-77,-15068,-2536,4884,-489,155,-140,0
1273.42107796669,10984,4784,10448,-54,-51,71,10192,-9396,8280,-36,134,-147,-14976,4064,2528,-1027,52,-58,-15116,-2476,4944,-519,124,-154,0
1273.4546809196472,11008,4820,10344,-61,-52,60,10112,-9320,8284,-17,140,-155,-15068,3904,2408,-1037,72,-57,-15072,-2584,5040,-495,107,-134,0
1273.4901640415192,10976,4872,10712,-85,-55,87,10160,-9328,8216,-32,142,-176,-14988,3792,2680,-1018,78,-41,-15084,-2600,4744,-505,108,-149,0
1273.5237591266632,10796,4840,10320,-106,-47,98,10100,-9432,8380,-80,133,-148,-15056,3896,2572,-993,117,-89,-15124,-2452,5108,-513,115,-118,0
1273.5574989318848,11080,4900,10380,-32,-64,103,10144,-9376,8260,-76,117,-146,-14948,3656,2528,-999,117,-52,-14952,-2620,4648,-519,83,-131,0
1273.5911359786987,10832,4784,10440,-76,-15,121,10020,-9660,8416,-45,112,-137,-14988,3588,2604,-1067,7,-36,-15040,-2572,5112,-525,122,-137,0
1273.6243629455569,10936,5104,10408,-87,-31,115,10036,-9344,8356,-51,151,-140,-15060,3888,2604,-1058,94,-43,-15044,-2672,4984,-263,126,-164,0
1273.657499074936,10972,4928,10356,-39,-32,69,10256,-9464,8292,-88,144,-169,-14896,3776,2696,-1019,69,-78,-15036,-2496,5016,-505,139,-170,0
1273.6910870075226,10976,4888,10452,-87,-44,66,10136,-9436,8140,-9,165,-183,-14920,3872,2488,-1075,42,-77,-15056,-2600,5000,-473,122,-164,0
1273.7247200012207,10836,4616,10380,-56,-7,102,10164,-9332,8268,-47,130,-170,-14956,3740,2764,-1050,50,232,-15056,-2728,4916,-508,149,-184,0
1273.7584130764008,11208,4944,10632,-71,-25,84,10164,-9292,8092,-45,166,-142,-15044,3900,2616,-1002,63,-240,-15036,-2644,5100,-503,82,-172,0
1273.7917420864103,11232,4944,10708,-72,-39,71,10044,-9464,8308,-56,168,-157,-14992,3912,2700,-996,54,-70,-15036,-2632,5032,-496,128,-160,0
1273.8251321315765,10776,5012,10524,-60,-40,109,10160,-9520,8188,-70,144,-159,-15060,4088,2660,-1016,80,-103,-15040,-2632,5088,-518,127,-166,0
1273.8586010932922,11224,5080,10300,-46,-40,96,10076,-9224,8216,-42,123,-178,-15060,3664,2504,-1044,90,-75,-14884,-2360,4940,-266,180,-120,0
1273.8919160366058,10936,4960,10324,-86,-73,99,10084,-9356,8304,-14,121,-182,-14928,4032,2604,-1059,89,-31,-15080,-2584,4948,-533,152,-162,0
1273.9256250858307,10992,4980,10408,-46,-76,93,10148,-9452,8248,-14,121,-184,-15056,3844,2788,-1018,76,-93,-15148,-2636,4904,-538,160,-159,0
1273.9591920375824,10936,4976,10276,-82,-42,96,10044,-9444,8284,-74,122,-179,-14888,3872,2624,-1011,81,-91,-14956,-2572,5072,-490,134,-134,0
1273.9927170276642,10832,5000,10336,-69,-55,99,10084,-9472,8420,-28,116,-173,-15000,3920,2304,-1002,56,-79,-15012,-2672,4932,-508,153,-132,0
1274.0264201164246,11012,4856,10468,-88,-59,93,10128,-9420,8356,-60,132,-160,-14976,3872,2712,-1267,97,-30,-15020,-2616,4988,-763,123,-118,0
1274.0596139431,10932,4980,10328,-114,-66,113,10056,-9368,8288,-62,115,-158,-15056,3900,2584,-965,119,-58,-15088,-2720,5096,-500,149,-133,0
1274.0931220054629,10756,4912,10392,-111,-67,101,10124,-9240,8000,-58,136,-178,-15020,3780,2604,-985,99,-98,-15108,-2632,5000,-499,156,-144,0
1274.1269190311432,10936,4920,10236,-109,-92,84,10100,-9412,8288,-37,105,-165,-15012,3948,2804,-995,118,-67,-14856,-2660,4972,-502,120,-137,0
1274.1602380275726,10888,4864,10328,-102,-78,103,10232,-9444,8196,-45,132,-166,-15004,4084,2532,-1002,100,-74,-15260,-2580,5012,-270,145,-138,0
1274.1937170028689,10960,4892,10292,-121,-51,119,10024,-9372,8152,-49,148,-173,-14908,3880,2716,-1012,108,-53,-15096,-2612,4908,-508,163,-135,0
1274.227380990982,10892,4964,10440,-139,-60,125,10064,-9364,8348,-20,146,-150,-15064,3912,2632,-1022,94,-50,-14980,-2604,4948,-503,159,-137,0
1274.260735988617,10952,5000,10232,-80,-82,128,10164,-9408,8276,-33,129,-186,-15092,3604,2344,-1013,110,-57,-15028,-2692,4888,-486,125,-109,0
1274.2979519367218,10976,4996,10400,-99,-95,127,10404,-9492,8252,-44,126,-170,-15068,3884,2648,-1026,89,-124,-14992,-2760,4924,-493,153,-132,0
1274.333207130432,11224,5032,10436,-151,-105,118,9996,-9444,8436,-49,113,-192,-15048,3860,2604,-956,128,-72,-15084,-2704,5060,-474,125,-121,0
1274.3692800998688,10980,4984,10348,-118,-74,96,10160,-9492,8276,-71,161,-189,-15084,3876,2632,-988,104,-30,-15044,-2552,4868,-524,146,-109,0
1274.4043860435486,11200,4940,10520,-167,-46,91,10192,-9476,8284,-1,146,-161,-14908,3860,2716,-1032,66,-74,-15020,-2620,4880,-497,139,-126,0
1274.4395010471344,10856,5036,10272,-162,-3,99,10024,-9364,8248,-7,169,-164,-15304,4068,2660,-961,141,-111,-14996,-2696,4844,-472,143,-99,0
1274.4751391410828,11168,5012,10556,-183,-108,96,10180,-9696,8252,-13,142,-196,-15080,3920,2572,-986,91,-81,-15072,-2436,4864,-475,163,-112,0
1274.5104711055756,10928,4948,10448,-191,-72,97,10160,-9356,8224,4,134,-183,-15020,3864,2308,-1016,81,-107,-14992,-2744,5096,-499,163,-94,0
1274.5454881191254,10940,4968,10328,-219,-58,128,10056,-9468,8120,-251,169,-165,-15036,3896,2564,-955,120,-77,-15072,-2624,4892,-482,149,-66,0
1274.5817120075226,10912,4996,10440,-245,-35,125,10200,-9400,8260,-44,167,-179,-14924,3788,2604,-874,176,-77,-14948,-2624,4888,-464,136,-79,0
1274.6180109977722,11068,4920,10568,-315,-102,101,10064,-9236,8312,-38,208,-188,-14960,3888,2696,-911,116,-151,-14948,-2632,4992,-463,169,-60,0
1274.6532249450684,10900,4936,10436,-1,-61,118,10180,-9412,8272,-42,163,-184,-14920,3792,2764,-916,125,-110,-15092,-2708,4752,-465,215,-123,0
1274.6892490386963,10856,4920,10344,-300,-104,120,10080,-9420,8220,16,172,-219,-15020,3944,2712,-960,154,-103,-15064,-2808,4912,-455,193,-46,0
1274.7245619297028,10920,4980,10260,-223,-101,142,10100,-9456,8340,-24,136,-227,-14960,3924,2728,-955,148,-174,-15008,-2732,5020,-465,214,-58,0
1274.7602770328522,10840,4900,10424,-251,-136,140,10160,-9712,8560,12,161,-212,-15052,3848,2380,-959,179,-124,-15016,-2588,4856,-471,205,-82,0
1274.8014509677887,10920,4876,10460,-248,-136,169,10084,-9396,8260,9,140,-195,-15360,3628,2640,-976,123,-153,-15020,-2612,4740,-495,190,-53,0
1274.8377900123596,11012,4996,10448,-242,-139,132,10132,-9356,8240,-2,173,-193,-15108,3736,2404,-956,141,-126,-15052,-2632,4884,-481,160,-87,0
1274.8732161521912,10924,4984,10264,-236,-153,123,10148,-9376,8360,255,142,-196,-14992,3824,2612,-939,138,-118,-15004,-2740,4712,-477,173,-90,0
1274.908793926239,10888,4956,10344,-210,-168,120,10176,-9384,8416,-18,165,-195,-15040,3608,2740,-959,136,-134,-15016,-2576,4864,-476,181,-60,0
1274.944472074509,10956,5064,10372,-205,-155,125,10176,-9412,8392,-1,161,-202,-15060,3592,2528,-977,151,-109,-15060,-2540,4900,-474,198,-66,0
1274.9781229496002,11036,5108,10360,-206,-125,123,10204,-9432,8444,-6,127,-197,-14956,3968,2540,-991,124,-129,-15348,-2636,4932,-468,165,-88,0
1275.0118680000303,10860,4936,10468,-195,-135,155,10196,-9392,8228,-10,157,-202,-15104,3812,2348,-972,112,-124,-15272,-2560,4792,-479,174,-59,0
1275.0455119609833,10944,4864,10476,-183,-126,122,10028,-9320,8208,0,159,-209,-15092,3868,2672,-1003,113,-129,-15028,-2588,5036,-502,195,-101,0
1275.0790131092072,11112,4848,10432,-153,-118,137,10160,-9304,8440,9,137,-173,-15080,3808,2584,-998,138,-102,-15064,-2640,5000,-479,183,-102,0
1275.1124401092527,10896,4864,10340,-163,-131,135,10124,-9380,8292,-5,157,-219,-14916,3900,2644,-988,148,-115,-15024,-2576,4964,-478,178,-67,0
1275.1457929611206,10968,4900,10556,-209,-131,138,10048,-9400,8280,-15,134,-199,-14996,3776,2480,-974,156,-115,-14888,-2336,4828,-458,131,-81,0
1275.1792359352112,11088,4872,10376,-170,-135,135,10104,-9352,8252,-50,143,-189,-15088,3920,2668,-1006,107,-133,-15168,-2560,4848,-513,138,-97,0
1275.21288895607,10988,4792,10520,-192,-114,104,10108,-9352,8196,45,110,-196,-15008,3732,2548,-1053,69,-109,-15044,-2548,4824,-467,173,-85,0
1275.2466571331024,11024,4952,10476,-159,-96,110,10076,-9408,8268,-20,155,-196,-15064,3844,2704,-1003,131,-96,-15056,-2704,4872,-482,187,-98,0
1275.280081987381,10968,5060,10400,-121,-115,84,10116,-9392,8252,-36,151,-245,-15352,3856,2380,-964,115,-120,-15332,-2536,4916,-468,195,-117,0
1275.3135180473328,11112,4812,10316,-200,-131,125,10096,-9364,8260,45,160,-202,-14872,3848,2736,-1073,54,-110,-15088,-2548,4632,-465,167,-134,0
1275.3473310470579,10824,4916,10388,-109,-86,114,10120,-9060,8052,-17,165,-159,-15012,3812,2608,-1066,47,-51,-14924,-2784,4940,-260,106,-164,0
1275.3808460235596,10940,4972,10396,-103,-73,79,10208,-9380,8356,-69,159,-168,-15084,3936,2376,-1273,71,-72,-15112,-2508,4868,-493,65,-185,0
1275.4145050048828,10760,4852,10228,-99,-49,88,10108,-9356,8416,-53,165,-149,-14972,3828,2604,-1013,71,-71,-15048,-2604,4836,-488,127,-121,0
1275.448105096817,10996,4956,10252,-97,-75,86,10160,-9452,8096,-33,159,-167,-15012,3820,2496,-1035,75,-51,-15092,-2592,4836,-491,154,-120,0
1275.4816839694977,11008,4808,10428,-107,-83,122,10132,-9356,8340,6,128,-200,-14980,3808,2584,-1039,94,-74,-15044,-2656,4928,-469,174,-132,0
1275.514953136444,11004,4980,10324,-115,-75,100,9996,-9428,8380,-38,116,-196,-15004,3844,2572,-1043,82,-73,-15020,-2628,4876,-503,134,-125,0
1275.5484321117399,11088,4828,10432,-81,-76,89,10056,-9408,8152,-26,148,-174,-15068,3860,2620,-993,74,-72,-15012,-2620,4952,-508,104,-173,0
1275.582015991211,10972,4920,10336,-78,-44,66,10076,-9408,8176,-43,155,-139,-14924,3796,2280,-995,71,-38,-15008,-2592,5068,-493,136,-138,0
1275.6155409812927,11048,4916,10376,-79,-42,102,10108,-9392,8280,-18,153,-159,-14980,3856,2460,-1026,79,-53,-14988,-2796,4936,-489,94,-137,0
1275.648905992508,11072,4928,10336,-106,-31,116,10132,-9388,8416,-63,132,-132,-14996,3604,2744,-1024,70,-21,-15048,-2816,4636,-492,106,-138,0
1275.6824181079865,11076,4916,10368,-100,-66,106,10136,-9332,8392,-83,171,-162,-15032,3876,2388,-996,98,-82,-14860,-2624,4948,-478,127,-125,0
1275.715742111206,10992,4944,10156,-70,-86,94,10080,-9280,8316,-51,149,-190,-15144,3880,2724,-1007,121,-57,-14984,-2608,5024,-470,165,-153,0
1275.7494649887085,11036,4876,10264,-75,-98,84,10052,-9480,8320,-37,132,-202,-15040,3860,2388,-1276,130,-66,-15248,-2672,5044,-495,160,-121,0
1275.7829210758207,11040,4736,10348,-73,-59,91,10128,-9376,8188,-18,109,-164,-15116,4064,2620,-1011,79,-44,-15052,-2612,4984,-483,154,-156,0
1275.8165740966797,11080,5012,10368,-80,-51,91,10192,-9360,8312,-19,144,-175,-15056,3824,2760,-1055,55,-84,-14988,-2596,5024,-490,162,-156,0
1275.8499341011047,10992,5024,10468,-64,-27,78,10132,-9296,8040,-41,125,-174,-15016,3748,2620,-1035,41,-91,-15020,-2660,4856,-504,149,-135,0
1275.8833401203156,10848,4872,10372,-77,-63,81,10008,-9368,8372,-48,134,-164,-14956,3784,2560,-992,93,-46,-15004,-2624,4900,-493,147,-174,0
1275.9169380664825,10992,4928,10444,-47,-59,94,10080,-9464,8328,-71,156,-152,-15036,3896,2352,-1014,85,-38,-15136,-2644,4940,-514,101,-161,0
1275.9527311325073,11228,4904,10340,-114,-48,94,10112,-9416,8124,-8,147,-169,-14924,3868,2492,-1080,32,-28,-15088,-2588,4956,-489,146,-157,0
1275.987613916397,10976,4996,10248,-58,-30,95,10212,-9280,8356,-39,144,-152,-14980,3656,2688,-1030,58,-64,-15360,-2644,4900,-257,143,-163,0
1276.023353099823,10960,4952,10424,-80,-109,70,10192,-9496,8440,-51,147,-178,-14940,3636,2568,-1276,42,-62,-15352,-2792,5116,-509,140,-156,0
1276.0587430000303,11008,4916,10396,-113,-35,86,10084,-9436,8032,-46,129,-177,-14968,3892,2640,-1061,49,-30,-15336,-2600,4900,-505,126,-137,0
1276.0942809581757,10964,5076,10244,-61,-61,106,10188,-9412,8336,9,140,-149,-15000,4088,2420,-1278,63,-25,-15156,-2732,4888,-503,107,-160,0
1276.1300749778748,11048,4876,10456,-77,-2,93,10084,-9356,8320,-48,134,-142,-15112,3928,2456,-997,88,-45,-15068,-2644,4928,-494,104,-145,0
1276.1656250953674,10960,4956,10384,-98,-17,55,10116,-9416,8396,-56,151,-161,-15100,4092,2332,-1003,92,-102,-15068,-2620,5012,-493,139,-145,0
1276.2011880874634,11240,4952,10172,-76,-43,124,10148,-9360,8288,-36,126,-153,-14948,3868,2564,-1037,114,-56,-15000,-2668,4940,-489,151,-141,0
1276.2371821403503,11224,4948,10300,-116,-85,119,10060,-9452,8336,-13,136,-165,-14932,3904,2804,-1050,95,-51,-15060,-2660,4692,-488,138,-136,0
1276.2722561359406,10832,5020,10236,-80,-51,113,10088,-9440,8352,-39,112,-182,-14932,3872,2596,-1273,93,-58,-15140,-2656,4844,-515,136,-107,0
1276.3074810504913,10972,5056,10348,-121,-77,85,10052,-9440,8260,-12,114,-162,-15016,3928,2720,-1015,104,-48,-15180,-2740,4748,-498,123,-140,0
1276.3434309959412,11048,4920,10492,-97,-44,118,10116,-9360,8280,-37,135,-158,-15048,3836,2448,-1016,103,-69,-14960,-2676,4980,-519,151,-118,0
1276.3791980743408,10992,4980,10340,-105,-57,98,10092,-9460,8576,-18,135,-180,-15064,3812,2652,-780,88,-65,-15056,-2728,4984,-491,141,-133,0
1276.4143390655518,11024,4916,10400,-121,-79,108,10224,-9420,7992,-37,117,-171,-15048,3604,2776,-1017,103,-83,-15344,-2628,4940,-493,162,-103,0
1276.4496920108795,10908,4916,10428,-120,-120,107,10172,-9364,8316,-32,141,-195,-15028,3896,2332,-983,113,-60,-15036,-2592,4644,-487,164,-124,0
1276.484743118286,10912,5000,10372,-138,-63,92,10168,-9496,8208,-19,126,-198,-14936,3604,2584,-988,101,-100,-15124,-2600,4844,-508,163,-126,0
1276.5204510688782,11008,4924,10424,-120,-48,93,10012,-9384,8320,-23,146,-183,-15028,3892,2684,-1019,92,-48,-14984,-2640,5036,-500,149,-153,0
1276.5553801059723,10808,4928,10308,-130,-67,96,10128,-9444,8404,-22,129,-196,-15072,3984,2676,-1005,99,-81,-15100,-2680,4996,-505,163,-122,0
1276.5912160873413,10980,5040,10344,-122,-64,87,9800,-9400,8444,-35,110,-175,-14996,3844,2708,-1275,94,-86,-15012,-2756,4972,-264,137,-103,0
1276.626872062683,11036,4976,10352,-134,-79,116,10176,-9460,8344,-32,118,-178,-15044,4056,2556,-991,94,-24,-15088,-2808,4636,-496,162,-134,0
1276.66002202034,10848,5068,10552,-143,-78,124,10040,-9376,8196,-23,117,-170,-14988,3860,2748,-1000,87,-69,-15016,-2732,4888,-494,157,-92,0
1276.6937849521637,10904,4952,10400,-138,-23,117,10212,-9460,8284,-23,141,-168,-15104,3596,2520,-980,101,-88,-15064,-2676,4832,-483,147,-113,0
1276.7273769378662,11008,5044,10364,-188,-87,119,10152,-9228,8380,-34,103,-193,-14984,3860,2752,-989,132,-115,-15292,-2588,4944,-487,159,-80,0
1276.7605829238892,10996,5056,10420,-190,-51,128,10164,-9436,8308,12,143,-186,-15040,3864,2788,-983,127,-90,-15072,-2648,4932,-468,169,-122,0
1276.7939851284027,10868,4952,10312,-224,-87,86,10040,-9356,8336,-5,146,-198,-14952,3864,2592,-926,118,-124,-15040,-2708,5032,-473,150,-124,0
1276.8275680541992,11008,5060,10392,-189,-105,103,10040,-9480,8392,-26,145,-202,-15100,3872,2692,-926,130,-143,-15116,-2552,4972,-511,128,-65,0
1276.861076116562,10964,5012,10224,-256,-96,121,10120,-9480,8368,-15,150,-196,-14952,3880,2524,-974,117,-144,-15084,-2716,4948,-494,157,-51,0
1276.8946299552917,10920,4952,10320,-275,-58,125,10112,-9292,8288,-45,150,-168,-14896,3840,2608,-936,153,-123,-14992,-2748,4840,-452,142,-53,0
1276.9282751083374,11244,4952,10388,-251,-88,94,10044,-9396,8428,-61,152,-195,-15024,3848,2580,-925,115,-138,-15016,-2552,4988,-474,156,-96,0
1276.9617700576782,11120,4888,10364,-292,-97,107,10124,-9408,8256,17,149,-200,-14964,3896,2624,-960,83,-132,-14984,-2556,4912,-454,188,-79,0
1276.9953870773315,10780,4924,10380,-270,-52,136,10220,-9384,8248,30,161,-176,-15032,4072,2752,-985,112,-93,-15320,-2676,5096,-485,189,-77,0
1277.0289349555967,10980,4988,10296,-271,-83,109,10108,-9392,8288,-8,164,-179,-15048,3864,2688,-915,142,-125,-15340,-2608,5020,-477,155,-71,0
1277.0625729560852,10772,5100,10244,-272,-89,103,10048,-9364,8380,-55,185,-214,-15344,3840,2652,-946,114,-147,-15072,-2672,4760,-486,175,-94,0
1277.0961680412292,10916,4896,10356,-251,-136,125,10076,-9352,8404,17,174,-190,-15128,3800,2560,-961,121,-172,-15180,-2580,4904,-495,207,-101,0
1277.129725933075,10932,4964,10408,-220,-140,138,10052,-9416,8256,28,138,-209,-15016,3824,2636,-997,142,-96,-15012,-2584,4940,-491,184,-79,0
1277.163241147995,11020,4828,10352,-245,-128,145,10036,-9416,8192,13,106,-201,-14964,3892,2560,-776,150,-88,-15132,-2596,4856,-490,193,-60,0
1277.196895122528,11028,4948,10384,-241,-136,146,10092,-9432,8188,4,164,-194,-14980,4008,2488,-997,130,-98,-15028,-2596,4948,-491,174,-72,0
1277.2305729389193,10944,4948,10244,-212,-149,122,10088,-9672,8320,-255,142,-206,-14984,3904,2640,-967,162,-154,-15140,-2608,4992,-476,194,-58,0
1277.2641060352325,10992,5088,10532,-229,-144,150,10052,-9312,8372,12,137,-214,-15064,3888,2740,-962,188,-159,-15072,-2552,4936,-487,201,-49,0
1277.2976889610293,10980,4968,10352,-224,-173,148,10132,-9320,8304,7,130,-201,-15080,4076,2588,-996,169,-136,-15068,-2572,4952,-474,199,-71,0
1277.3313550949097,10752,4872,10496,-237,-197,153,10072,-9372,8236,-256,120,-232,-15096,3856,2440,-956,139,-119,-15012,-2536,4836,-470,156,-64,0
1277.364567041397,10916,4972,10332,-201,-168,117,10144,-9368,8268,-28,171,-215,-15068,3908,2460,-955,105,-99,-15124,-2540,4808,-499,125,-107,0
1277.397871017456,11064,4864,10336,-230,-152,102,10100,-9444,8424,45,144,-174,-15000,3800,2996,-1066,46,-120,-14968,-2532,4916,-486,172,-116,0
1277.43141913414,10932,4912,10376,-214,-141,113,10000,-9292,8452,58,145,-182,-14936,3912,2588,-979,155,-118,-15016,-2596,4940,-474,169,-97,0
1277.4648871421814,10828,5056,10380,-167,-123,112,10076,-9380,8240,-43,88,-234,-15104,3836,2376,-982,176,-75,-15140,-2580,4852,-262,179,-66,0
1277.498414993286,11252,4828,10488,-204,-179,130,10196,-9316,8412,253,123,-179,-15048,3764,2468,-1005,114,-104,-15176,-2652,4932,-259,143,-70,0
1277.5319430828094,11220,4640,10416,-136,-149,125,10136,-9428,8300,-246,127,-198,-15024,3896,2328,-1009,109,-92,-15008,-2520,4712,-493,133,-114,0
1277.5656509399414,11000,4668,10280,-208,-121,111,10084,-9440,8260,2,141,-190,-14980,4072,2304,-1041,79,-123,-14944,-2616,4916,-488,160,-96,0
1277.59920501709,11032,5068,10428,-168,-108,99,10104,-9332,8388,-42,116,-206,-15040,3812,2428,-986,115,-56,-15024,-2564,5092,-494,124,-94,0
1277.634791135788,11044,5084,10440,-63,-128,131,10028,-9260,8356,-52,91,-155,-15064,3800,2796,-1006,100,-55,-14852,-2632,4756,-541,143,-155,0
1277.6704969406128,10928,4892,10356,-66,-60,105,10160,-9332,8360,-38,121,-170,-15064,3668,2596,-1038,74,-42,-15044,-2544,4852,-494,167,-120,0
1277.7056829929352,11004,4916,10236,-90,-77,100,10192,-9432,8280,-2,127,-205,-14876,3784,2492,-1050,78,-105,-15044,-2544,4908,-496,179,-113,0
1277.7419941425323,10788,4852,10296,-108,-93,103,10120,-9488,8576,15,136,-178,-14864,3812,2456,-772,65,-124,-14872,-2684,4920,-496,160,-143,0
1277.777981042862,11072,4868,10280,-91,-76,73,10132,-9352,8316,-32,162,-177,-15060,3872,2444,-1049,47,-45,-15056,-2632,4968,-498,127,-127,0
1277.8127429485319,10932,4832,10376,-65,-67,86,10036,-9332,8316,-61,149,-147,-15072,3960,2700,-998,36,-46,-15008,-2648,4980,-500,89,-123,0
1277.847718000412,10964,4820,10376,-72,-33,69,10176,-9340,8344,-44,139,-137,-14936,3888,2616,-1008,55,-21,-15024,-2776,4912,-498,84,-166,0
1277.883728981018,10976,4900,10436,-88,-26,89,10012,-9316,8268,-44,153,-156,-14864,3616,2708,-1279,67,-68,-15076,-2652,4828,-485,116,-153,0
1277.9193799495695,10888,4868,10412,-66,-49,124,10148,-9340,8236,-47,150,-166,-15020,3812,2588,-1012,73,-32,-15284,-2652,5068,-504,138,-120,0
1277.9549810886383,10776,4896,10344,-60,-68,123,10112,-9352,8460,-38,106,-155,-15000,3584,2784,-1037,111,-71,-15004,-2524,4868,-501,157,-146,0
1277.9904799461365,10948,4916,10428,-71,-75,109,10080,-9396,8464,-36,142,-169,-15040,3812,2456,-1048,131,-56,-15020,-2640,5004,-756,185,-117,0
1278.0253279209137,10976,4920,10512,-64,-73,116,10152,-9276,8432,-25,103,-195,-14984,3844,2752,-1039,76,-130,-15324,-2584,4892,-768,137,-139,0
1278.0608019828796,10804,5080,10372,-46,-39,108,10056,-9436,8412,-57,145,-164,-14856,3716,2616,-1013,75,-41,-15344,-2628,4840,-515,107,-148,0
1278.096202135086,11008,4960,10468,-54,-34,85,10080,-9224,8256,-35,156,-171,-15048,3820,2592,-1032,76,-55,-14976,-2644,4968,-522,110,-154,0
1278.131765127182,11032,4912,10016,-71,-31,75,10040,-9376,8336,-79,126,-148,-15044,4080,2328,-1022,71,-19,-15104,-2568,4960,-493,114,-156,0
1278.1675989627838,11016,4896,10332,-81,-29,86,10068,-9328,8392,-52,137,-163,-15004,3816,2428,-1022,97,-38,-15088,-2796,4920,-766,149,-132,0
1278.2028429508207,11252,4936,10488,-88,-49,107,9796,-9388,8224,-45,140,-179,-15036,3808,2644,-1046,121,-102,-15068,-2708,5008,-486,158,-124,0
1278.2387931346893,10880,4880,10436,-78,-82,95,10036,-9392,8308,-36,98,-203,-15000,4072,2792,-1005,69,-50,-15100,-2636,4896,-524,166,-143,0
1278.2739210128784,11060,4976,10396,-65,-59,114,10136,-9404,8364,7,107,-170,-15084,3800,2556,-1052,68,-82,-14876,-2628,4976,-515,157,-135,0
1278.309513092041,10932,4972,10332,-61,-58,98,10128,-9344,8196,-22,152,-153,-15016,3776,2692,-1280,72,-75,-15032,-2720,4940,-502,152,-137,0
1278.3430991172793,10948,4968,9984,-120,-58,79,10188,-9356,8276,-27,136,-170,-15000,3828,2568,-994,101,-72,-15040,-2676,4996,-474,135,-112,0
1278.3761401176453,10936,5048,10388,-63,-63,101,10096,-9300,8436,-89,134,-157,-15156,3840,2740,-979,107,-27,-15248,-2600,4900,-515,88,-125,0
1278.4095430374146,11088,4948,10412,-140,-21,86,10164,-9508,8368,-52,125,-164,-14932,3588,2624,-1058,48,-50,-15072,-2624,4988,-517,110,-119,0
1278.4428639411926,10908,5028,10288,-125,-64,139,10004,-9356,8208,-16,141,-126,-14940,3692,2548,-1045,108,-64,-15092,-2724,4848,-508,126,-108,0
1278.476105928421,11032,4900,10248,-85,-51,99,10008,-9392,8364,-82,121,-170,-15148,3712,2588,-999,119,-34,-15088,-2692,4824,-501,149,-122,0
1278.5103530883787,11052,4968,10532,-132,-68,87,10032,-9500,8168,-19,111,-174,-15016,3912,2628,-1076,65,-111,-15036,-2428,4676,-480,181,-139,0
1278.544587135315,10972,5008,10508,-104,-26,128,10056,-9324,8392,22,112,-146,-14996,4036,2572,-1075,82,-27,-15064,-2704,4964,-526,145,-155,0
1278.577877998352,11036,4940,10480,-73,-11,115,10140,-9256,8340,-53,139,-145,-14876,3900,2476,-1023,80,-26,-15080,-2736,4976,-515,116,-151,0
1278.611438035965,10896,4980,10440,-129,-58,98,10156,-9388,8344,-59,145,-169,-14960,4068,2392,-1002,88,-81,-14980,-2620,4828,-470,125,-135,0
1278.6447989940643,10912,4936,10196,-125,-60,86,10056,-9392,8316,-44,177,-188,-15052,3824,2460,-1003,101,-88,-14992,-2696,4888,-512,135,-119,0
1278.6782269477844,11000,4996,10440,-129,-87,120,10040,-9356,8248,-24,110,-197,-14904,3924,2504,-1055,82,-81,-15000,-2668,4872,-499,175,-140,0
1278.7118360996246,10908,5036,10224,-139,-67,96,10128,-9340,8400,-19,118,-167,-15048,3880,2472,-996,127,-64,-14912,-2688,5044,-510,197,-100,0
1278.7452590465546,10764,5088,10344,-122,-103,120,9804,-9320,8288,-12,156,-193,-15032,3884,2804,-987,105,-88,-15040,-2648,5004,-487,158,-137,0
1278.7787320613859,10960,5016,10424,-161,-45,94,10236,-9448,8408,-20,162,-187,-14948,3808,2572,-996,117,-84,-14856,-2664,4788,-490,126,-105,0
1278.8123190402985,10884,5140,10384,-128,-51,97,10052,-9324,8380,23,150,-190,-14940,3812,2740,-1036,93,-116,-15032,-2604,4948,-498,169,-103,0
1278.8461210727692,10968,5016,10092,-140,-65,127,10116,-9436,8280,-22,145,-176,-14960,3868,2516,-1007,113,-79,-15092,-2708,4876,-481,141,-122,0
1278.879434108734,10852,5052,10240,-164,-68,114,10104,-9340,8356,-18,144,-194,-14964,3636,2620,-979,105,-78,-15092,-2636,4864,-461,167,-118,0
1278.9129481315613,10952,5060,10524,-223,-87,104,10108,-9392,8200,250,151,-175,-14956,3616,2560,-950,122,-111,-15076,-2636,4852,-447,142,-112,0
1278.946613073349,10956,4888,10408,-221,-108,76,10144,-9232,8444,7,155,-197,-14980,3888,2948,-960,138,-117,-14864,-2616,5000,-483,149,-57,0
1278.9800369739532,10900,4916,10376,-227,-136,126,10028,-9408,8392,1,132,-214,-14956,3896,2644,-957,153,-135,-15100,-2604,5084,-473,178,-86,0
1279.0137889385223,10904,4968,10252,-233,-131,120,10060,-9412,8248,-53,138,-214,-15004,3928,2660,-963,153,-139,-14988,-2644,5104,-483,152,-44,0
1279.0473840236664,10932,4956,10296,-249,-137,107,10048,-9232,8260,-29,164,-212,-15092,3832,2612,-949,115,-83,-15016,-2648,4988,-490,170,-65,0
1279.080374002457,10916,4984,10284,-285,-99,126,10112,-9472,8340,-29,172,-183,-14860,3804,2792,-941,138,-104,-15036,-2648,4880,-483,130,-85,0
1279.1139600276947,10960,5008,10424,-306,-137,122,10088,-9340,8364,4,172,-197,-15016,3716,2632,-897,158,-155,-14860,-2624,4912,-434,157,-60,0
1279.147390127182,10964,4892,10008,-279,-86,145,10196,-9392,8200,-22,173,-186,-15012,3912,2552,-893,163,-147,-15076,-2516,5016,-461,144,-35,0
1279.180968999863,11244,4904,10100,-303,-107,140,10204,-9392,8332,-8,114,-198,-15028,3884,2684,-982,126,-120,-15064,-2668,4960,-473,184,-81,0
1279.2147090435028,10796,4884,10436,-320,-157,157,10112,-9356,8304,37,157,-200,-14992,3800,2516,-1005,120,-98,-15036,-2680,4972,-456,156,-89,0
1279.248111963272,10948,4976,10480,-210,-100,111,10104,-9364,8376,-33,133,-232,-15100,3904,2728,-963,150,-132,-14960,-2592,4812,-461,201,-90,0
1279.2814800739288,11036,4944,10464,-4,-157,109,10084,-9320,8324,0,158,-227,-15100,3888,2512,-989,106,-159,-15052,-2744,4792,-476,228,-91,0
1279.317619085312,11080,5104,10320,-229,-100,123,10100,-9368,8412,33,161,-188,-15020,3828,2500,-1025,86,-74,-14964,-2648,5108,-475,146,-109,0
1279.352823972702,10788,4948,10512,-230,-83,86,10028,-9280,7952,-240,154,-170,-15104,3816,2380,-968,111,-106,-15324,-2616,4904,-458,122,-97,0
1279.3886461257935,10896,4852,10384,-7,-127,135,10064,-9404,8200,-20,150,-168,-15076,3880,2532,-963,136,-96,-14940,-2648,5008,-474,127,-67,0
1279.4238049983978,11000,5004,10316,-226,-165,175,10040,-9484,8276,-24,149,-190,-14920,3796,2384,-988,168,-118,-14976,-2676,4848,-492,181,-83,0
1279.4591839313507,11032,4816,10332,-234,-189,128,10096,-9256,8216,-9,113,-214,-15320,3932,2372,-995,161,-125,-15100,-2548,4888,-477,215,-95,0
1279.4942390918732,10788,4652,10264,-195,-154,147,10156,-9376,8324,11,117,-213,-15280,3784,2588,-1019,148,-132,-15264,-2796,4948,-482,173,-73,0
1279.5299680233002,10792,5096,10432,-206,-155,135,10076,-9492,8352,2,127,-206,-15092,3796,2604,-976,136,-117,-15060,-2700,4960,-502,160,-94,0
1279.5648069381714,11020,4876,10676,-204,-137,109,10148,-9408,8372,-17,132,-204,-15100,3916,2704,-998,119,-148,-14992,-2604,4980,-487,186,-88,0
1279.600261926651,11068,4872,10440,-183,-122,111,10212,-9372,8324,10,100,-200,-14968,3912,2492,-1023,131,-98,-15096,-2588,4976,-502,159,-83,0
1279.6353769302368,11232,4932,10436,-184,-124,147,10060,-9428,8288,-36,114,-213,-15072,3788,2812,-983,107,-99,-15044,-2552,5044,-489,166,-84,0
1279.670359134674,11108,4824,10372,-176,-137,122,10128,-9304,8256,-34,128,-225,-14952,3900,2696,-986,122,-126,-15084,-2528,4908,-481,182,-94,0
1279.7053480148315,11028,4812,10296,-155,-139,124,10144,-9368,8340,-64,134,-220,-14928,3732,2636,-989,99,-97,-15096,-2420,4868,-495,144,-113,0
1279.7407259941099,10944,4824,10420,-109,-118,105,10204,-9420,8380,-23,129,-205,-15060,4060,2696,-1045,76,-76,-14896,-2512,5012,-503,148,-153,0
1279.7762010097504,11260,4852,10392,-45,-68,100,10204,-9260,8312,-27,118,-176,-15080,3604,2664,-1048,68,-83,-15068,-2584,4816,-507,176,-119,0
1279.8152780532837,11220,4680,10272,-100,-71,94,10112,-9356,8400,-15,126,-203,-14980,3808,2528,-1046,110,-60,-14868,-2784,4916,-476,153,-112,0
1279.8512151241305,11064,4956,10392,-92,-66,110,10104,-9256,8352,-23,115,-188,-14952,3856,2760,-1273,85,-68,-14856,-2616,4968,-488,81,-142,0
1279.886137008667,11048,4968,10376,-101,-30,89,10080,-9388,8336,-27,118,-141,-14980,3792,2360,-1069,18,-25,-15124,-2632,4824,-768,105,-169,0
1279.921352148056,11048,4852,10480,-127,-59,104,10092,-9312,8300,-25,144,-149,-14928,4036,2596,-1088,41,-46,-14860,-2624,4676,-499,105,-124,0
1279.9590871334076,10828,5100,10348,-51,14,96,10096,-9348,8348,-80,121,-125,-15040,3628,2456,-1280,63,-37,-14976,-2604,4828,-510,127,-148,0
1279.992448091507,11044,5076,10360,-63,-50,73,10088,-9400,8156,-23,151,-189,-14980,3884,2688,-1009,75,-48,-15048,-2472,5048,-457,137,-151,0
1280.0259840488434,11212,4904,10328,-82,10,90,10088,-9276,8352,-7,162,-151,-15000,3888,2512,-1059,43,-8,-15064,-2660,4900,-494,129,-146,0
1280.0597290992737,11184,4948,10520,-71,-38,99,10140,-9312,8300,-30,110,-133,-15092,3948,2580,-1026,92,-27,-15116,-2660,4896,-496,106,-153,0
1280.0930850505829,10756,4888,10468,-100,-30,83,10164,-9432,8208,-82,123,-141,-15000,3964,2336,-988,81,-77,-15004,-2356,4932,-507,96,-118,0
1280.1269030570984,10964,4876,10512,-70,-39,127,10156,-9372,8332,-53,115,-182,-15040,3640,2784,-1045,87,-99,-15104,-2624,4904,-497,119,-127,0
1280.1602721214294,11048,4904,10440,-46,-37,92,10080,-9352,8564,-43,139,-176,-14984,3832,2496,-1064,71,-40,-14924,-2816,5072,-507,146,-155,0
1280.1937141418455,10940,4900,10348,-76,-53,77,10032,-9248,8208,-15,142,-214,-15004,3876,2484,-1073,46,-59,-15088,-2616,4972,-497,184,-166,0
1280.2274179458618,10904,4968,10352,-94,-29,79,10064,-9380,8260,-34,129,-162,-15024,3884,2592,-1043,52,-85,-14996,-2712,5000,-515,142,-166,0
1280.2610640525818,11240,4968,10432,-109,-78,88,10092,-9348,8356,-15,149,-171,-15056,3764,2404,-1016,91,-108,-15112,-2528,4964,-480,114,-165,0
1280.2946829795837,10764,5024,10244,-66,-49,82,10080,-9348,8248,-35,119,-179,-14976,3832,2736,-1041,92,-91,-15044,-2644,4924,-498,138,-172,0
1280.3282670974731,11240,5048,10460,-101,-51,118,10160,-9368,8332,-36,114,-181,-14940,3792,2660,-1048,106,-62,-15048,-2320,5028,-766,160,-120,0
1280.3617930412292,11144,5028,10464,-76,-68,97,10172,-9416,8376,-41,125,-185,-14980,3752,2744,-1275,92,-19,-14968,-2600,4796,-490,126,-132,0
1280.3949010372162,11032,4940,10292,-122,-45,98,10108,-9260,8368,-47,132,-179,-15056,3880,2568,-1017,103,-108,-15148,-2584,4868,-487,147,-146,0
1280.4281921386719,11080,4912,10416,-120,-61,100,10024,-9364,8252,-14,132,-185,-15088,3876,2776,-1009,75,-81,-15052,-2620,4856,-498,160,-132,0
1280.461844921112,10976,4976,10440,-67,-86,114,10156,-9312,8240,-24,94,-193,-15068,3880,2572,-1033,93,-54,-15112,-2644,4888,-524,154,-147,0
1280.4952559471133,10952,4896,10464,-69,-48,112,10144,-9380,8332,-15,115,-159,-14936,3788,2576,-1024,108,-41,-15108,-2624,5088,-767,118,-98,0
1280.528795003891,11004,4984,10416,-107,-68,104,10092,-9220,8348,-29,120,-160,-15052,3888,2772,-1052,144,-65,-15080,-2600,4820,-487,159,-113,0
1280.5619959831238,10972,5012,10496,-148,-61,101,10152,-9296,8328,-33,143,-189,-15016,3784,2716,-977,103,-77,-15068,-2620,4980,-468,122,-114,0
1280.5955340862274,11032,5028,10520,-124,-64,119,10132,-9420,8312,-32,105,-166,-15080,3884,2540,-1010,86,-48,-15060,-2616,4792,-528,86,-144,0
1280.6291069984436,10912,4888,10408,-165,-50,118,10116,-9368,8292,-53,125,-172,-14936,3896,2648,-1067,72,-54,-14980,-2664,5016,-502,141,-137,0
1280.6625339984894,10956,5084,10244,-102,-33,114,10080,-9164,8344,-57,127,-183,-14980,3896,2432,-1034,90,-72,-15064,-2732,4792,-514,127,-149,0
1280.6960530281067,11168,4948,10408,-137,-83,70,10032,-9320,8400,-68,132,-184,-14956,3872,2416,-1000,68,-95,-15104,-2632,4908,-257,130,-156,0
1280.729779005051,10752,4620,10256,-173,-56,103,10064,-9344,8392,-5,140,-156,-14868,3892,2604,-1044,57,-72,-14976,-2580,5000,-481,157,-121,0
1280.763060092926,10964,4872,10352,-104,-22,116,10092,-9364,8376,-15,129,-146,-15028,3904,2632,-1279,89,-70,-15068,-2672,4932,-505,118,-125,0
1280.7967450618744,10956,4904,10536,-151,-38,109,10016,-9372,8356,-34,144,-149,-14940,3876,2552,-981,122,-33,-14928,-2672,4900,-496,96,-132,0
1280.8304080963135,10952,4960,10480,-152,-55,77,9212,-9448,8320,-50,388,-151,-15020,4056,2800,-1054,125,-31,-15036,-2584,4904,-479,138,-134,0
1280.8638911247253,10996,4964,10424,-165,-45,102,10116,-9460,8384,-31,137,-175,-14916,4012,2768,-987,107,-121,-15044,-2732,4900,-500,148,-113,0
1280.8972549438477,10912,5016,9996,-172,-78,116,10056,-9320,8272,15,144,-185,-14912,4076,2584,-1008,111,-113,-14976,-2468,4916,-485,171,-106,0
1280.930592060089,10876,5056,10408,-208,-36,127,10004,-9516,8312,15,122,-170,-14968,3824,2636,-1021,148,-74,-15088,-2708,5032,-491,190,-95,0
1280.9639880657196,10952,4896,10372,-226,-56,87,10136,-9404,8360,6,171,-180,-15044,3872,2620,-974,124,-86,-15240,-2716,4956,-475,152,-91,0
1281.0002360343933,10976,4980,10460,-230,-61,112,9868,-9448,8208,3,142,-203,-14988,3924,2500,-961,141,-112,-15044,-2632,5044,-473,150,-80,0
1281.035082101822,10912,4928,10512,-211,-117,133,10096,-9448,8252,-5,145,-197,-14868,3836,2676,-969,163,-154,-15032,-2596,4924,-510,172,-78,0
1281.0707979202273,10960,5024,10364,-255,-122,151,10084,-9400,8368,-52,146,-187,-14920,4080,2752,-934,152,-106,-15108,-2716,5068,-484,151,-89,0
1281.1061749458313,10964,4876,10368,-268,-102,120,10068,-9388,8240,-61,167,-193,-15004,3964,2568,-911,122,-101,-15088,-2588,4944,-468,185,-81,0
1281.1419241428375,10972,4912,10420,-260,-112,113,10064,-9344,8280,-27,174,-217,-15048,3840,2324,-901,119,-153,-15036,-2800,5000,-463,163,-79,0
1281.1780769824982,11068,4876,10444,-271,-103,121,10088,-9324,8332,-17,111,-198,-15036,3892,2544,-948,133,-78,-15072,-2596,4940,-456,175,-76,0
1281.2132041454315,10760,4908,10304,-270,-127,142,10112,-9440,8464,-8,154,-200,-15008,3608,2496,-931,132,-143,-14892,-2536,5032,-470,187,-48,0
1281.2487981319427,11124,4888,10400,-262,-144,155,10076,-9340,8316,-254,153,-228,-15008,3720,2304,-986,158,-132,-14884,-2656,4916,-468,180,-52,0
1281.2841210365295,10920,4876,10436,-244,-159,117,10088,-9456,8248,-21,156,-199,-14928,3816,2420,-959,132,-153,-15072,-2780,4888,-490,166,-79,0
1281.3195180892944,10760,4892,10332,-231,-124,128,10136,-9224,8368,5,151,-184,-15020,3872,2512,-961,100,-89,-14956,-2612,4996,-476,167,-72,0
1281.354602098465,11012,4900,10504,-269,-126,136,10040,-9316,8216,12,140,-188,-15000,3644,2352,-921,156,-136,-15040,-2664,4912,-461,149,-63,0
1281.390387058258,11084,5100,10372,-210,-100,129,10144,-9444,8508,-26,141,-181,-15008,3900,2576,-964,136,-95,-15032,-2512,4800,-488,146,-72,0
1281.4255061149595,11000,4656,10744,-237,-124,125,9996,-9360,8300,254,115,-191,-15088,3644,2576,-1270,105,-108,-14936,-2652,4884,-512,177,-97,0
1281.4618320465088,10924,4872,10396,-193,-115,145,10120,-9408,8252,18,128,-206,-15096,3808,2740,-965,177,-111,-15068,-2604,4992,-459,152,-73,0
1281.4980380535126,10976,4836,10556,-205,-158,137,10184,-9420,8392,-3,120,-229,-14860,3792,2504,-978,163,-173,-14960,-2460,5048,-468,194,-66,0
1281.5333881378174,11216,4792,10364,-275,-157,165,10164,-9416,8280,41,131,-234,-15020,3880,2568,-1037,85,-143,-15032,-2460,4944,-492,166,-81,0
1281.568738937378,11024,4856,10368,-208,-137,142,10172,-9300,8380,33,159,-182,-15308,3796,2404,-1007,109,-97,-15068,-2344,4824,-505,88,-121,0
1281.6039860248566,11064,4892,10424,-223,-98,93,10120,-9300,8396,6,172,-182,-15064,3828,2652,-1019,110,-108,-14868,-2604,4920,-470,110,-105,0
1281.6402850151062,10856,4924,10452,-220,-148,146,10108,-9304,8424,245,121,-190,-15320,3804,2572,-974,138,-120,-14980,-2408,4892,-511,184,-81,0
1281.6738040447235,11012,4812,10492,-191,-155,151,10072,-9312,8276,-4,104,-222,-14996,3596,2564,-987,175,-111,-15336,-2332,5116,-478,200,-105,0
1281.7073481082916,10996,4808,10400,-215,-200,145,10072,-9336,8200,25,137,-234,-14932,3752,2308,-1023,152,-145,-15060,-2496,5024,-491,186,-97,0
1281.7408339977264,11068,4608,10272,-140,-159,131,10156,-9060,8272,2,109,-209,-15132,3768,2432,-776,112,-147,-14852,-2580,4908,-503,174,-102,0
1281.7744300365448,11008,5080,10164,-147,-119,117,10196,-9404,8464,-25,124,-213,-15104,3968,2500,-988,150,-106,-15048,-2580,5068,-498,170,-107,0
1281.807771921158,11036,4752,10408,-100,-120,106,10040,-9448,8332,-54,124,-198,-15052,4052,2620,-1013,104,-84,-15324,-2544,4784,-516,163,-133,0
1281.8413200378418,11024,4812,10208,-69,-115,83,10100,-9296,8228,-54,107,-176,-15088,3816,2628,-1058,68,-52,-14976,-2648,4940,-520,143,-147,0
1281.8749771118164,11104,4624,10224,-98,-99,102,10104,-9184,8176,-42,154,-184,-15016,3768,2452,-1010,51,-45,-15024,-2672,4824,-493,137,-117,0
1281.9083890914917,11040,4828,10372,-98,-81,87,9996,-9300,8368,-21,126,-175,-15012,3800,2636,-776,86,-83,-14952,-2584,4956,-480,173,-118,0
1281.9418280124664,11036,4820,10392,-124,-79,100,10452,-9268,8304,-7,134,-186,-15092,3848,2516,-1277,69,-72,-15120,-2600,4916,-495,148,-144,0
1281.9751100540159,11072,4924,10412,-73,-46,85,10184,-9352,8464,-30,121,-181,-15020,3864,2804,-1028,75,-55,-15032,-2596,4956,-514,142,-122,0
1282.008625984192,11116,4844,10372,-61,-47,96,10084,-9328,8384,-4,138,-167,-14948,3844,2604,-1062,78,-69,-15004,-2604,5000,-521,106,-169,0
1282.0421240329745,11008,4960,10356,-65,-43,76,10032,-9248,8444,-35,145,-153,-14988,3904,2540,-1276,78,-74,-15000,-2668,5044,-510,105,-141,0
1282.075474023819,11076,4904,10412,-81,-56,111,10088,-9352,8196,-53,133,-175,-15084,3860,2648,-772,89,-81,-15132,-2576,5008,-481,111,-125,0
1282.1091260910034,11064,4808,10480,-52,-27,109,10112,-9292,8424,-75,139,-141,-15032,3936,2492,-998,87,-30,-15104,-2596,4620,-532,87,-156,0
1282.1427190303805,11100,4868,10312,-73,-52,110,10108,-9284,8372,-42,153,-154,-15028,3960,2432,-1042,62,-224,-15032,-2608,4900,-516,132,-147,0
1282.1760721206663,10756,4964,10376,-62,-12,119,10096,-9268,8612,-40,131,-160,-15056,3680,2756,-1035,85,-32,-15140,-2632,4644,-509,119,-116,0
1282.2099430561066,11060,4900,10444,-35,-35,96,10136,-9288,8396,-83,105,-173,-14988,3844,2672,-1007,89,-49,-15344,-2420,4944,-491,159,-137,0
1282.2432301044464,11252,4768,10264,-87,-64,86,10180,-9264,8188,-26,128,-165,-15000,3912,2496,-1056,64,-73,-14856,-2380,4984,-481,137,-152,0
1282.2765901088715,11024,4928,10252,-85,19,67,10052,-9344,8380,-14,125,-142,-15060,4072,2592,-1076,64,-27,-15320,-2532,4628,-507,136,-165,0
1282.3103051185608,10836,4924,10404,-60,33,74,10152,-9260,8380,-39,148,-136,-15028,4060,2772,-1063,45,-256,-15032,-2556,4952,-508,104,-192,0
1282.3438849449158,10900,5104,10408,-88,-19,69,10048,-9392,8196,-68,161,-130,-14960,3640,2420,-999,43,-56,-15092,-2596,4888,-488,112,-155,0
1282.3773951530457,10756,4964,10404,-75,-30,85,10072,-9384,8212,-41,164,-136,-14880,3744,2676,-996,66,-70,-14988,-2384,4948,-517,131,-144,0
1282.4106011390686,10984,4892,10592,-66,-55,91,10124,-9420,8424,-33,131,-150,-14988,4072,2668,-1022,92,-35,-15048,-2340,4732,-478,149,-129,0
1282.4439480304718,10976,4968,10184,-114,-48,101,10032,-9400,8364,-42,103,-172,-14956,3824,2356,-1079,102,-59,-15076,-2796,4960,-506,176,-150,0
1282.4773890972137,11176,4940,10704,-52,-86,98,10104,-9368,8340,-25,118,-191,-14984,3876,2568,-1038,118,-75,-15032,-2740,4948,-525,166,-134,0
1282.511022090912,10936,4896,10240,-87,-54,100,10160,-9340,8240,-31,125,-189,-15304,3828,2544,-1033,86,-92,-15076,-2632,4968,-493,133,-120,0
1282.5445010662079,10916,4984,10668,-101,-18,98,10072,-9316,8332,-20,127,-168,-15084,4068,2592,-1040,100,-93,-15044,-2656,4908,-492,156,-151,0
1282.5780320167542,10968,5012,10316,-94,-34,83,10176,-9312,8176,-26,106,-163,-15000,4068,2356,-1000,101,-29,-15096,-2560,4992,-516,130,-112,0
1282.6115739345553,11260,5000,10432,-134,-58,112,10020,-9320,8392,-47,140,-164,-15004,3840,2516,-964,127,-41,-15064,-2660,5028,-530,140,-152,0
1282.6447279453278,10940,4972,10432,-120,-68,96,10132,-9260,8348,-55,133,-186,-14996,3816,2544,-974,121,-76,-15068,-2584,4976,-473,148,-121,0
1282.6813170909882,10964,4920,10148,-140,-58,88,10160,-9312,8396,-28,122,-158,-15028,3936,2320,-991,107,-64,-15132,-2684,4920,-480,150,-114,0
1282.7176151275635,10948,5036,10320,-142,-34,125,10060,-9372,8352,-11,135,-158,-15036,3852,2516,-971,96,-83,-15076,-2632,5004,-503,150,-114,0
1282.7528040409088,10968,4956,10528,-160,-38,114,10160,-9344,8424,-18,141,-163,-14940,4016,2624,-1008,77,-85,-14992,-2620,5072,-257,129,-126,0
1282.788682937622,10896,5004,10328,-123,-43,118,10048,-9300,8332,-14,140,-172,-15024,3968,2436,-1273,103,-47,-15016,-2632,5104,-494,152,-117,0
1282.8241901397703,11220,5000,10660,-184,-70,99,10088,-9300,8220,-18,144,-174,-15060,4068,2704,-960,126,-128,-15028,-2640,4964,-464,175,-101,0
1282.859293937683,10924,4944,10392,-212,-60,107,10148,-9396,8336,-29,147,-190,-15024,3712,2608,-939,119,-87,-15104,-2664,4976,-463,107,-70,0
1282.8939640522003,11256,4872,10540,-192,-80,107,10104,-9408,8292,-27,144,-183,-15024,3904,2644,-958,122,-104,-15020,-2592,5044,-482,111,-96,0
1282.9300589561465,10960,4980,10388,-280,-97,136,10096,-9268,8444,-7,152,-207,-15048,4040,2812,-954,157,-80,-14952,-2680,4876,-466,164,-75,0
1282.9652519226074,11216,4968,10308,-206,-77,122,10084,-9424,8436,-84,127,-214,-15016,3888,2756,-940,159,-129,-15080,-2572,4924,-472,144,-77,0
1283.0009260177612,11024,4928,10300,-249,-117,99,10160,-9408,8348,-39,142,-227,-15000,3880,2560,-983,106,-74,-15012,-2596,5036,-461,167,-93,0
1283.036124944687,10884,5096,10456,-250,-46,117,10040,-9300,8336,21,165,-201,-15080,4052,2308,-1274,93,-114,-14976,-2652,4864,-478,171,-97,0
1283.0718960762024,10968,4856,10376,-274,-94,124,10192,-9340,8404,10,142,-168,-15000,3800,2596,-960,141,-79,-15032,-2668,5088,-462,114,-76,0
1283.10768699646,11204,4924,10376,-293,-95,119,10052,-9296,8308,-20,170,-208,-15096,4092,2736,-923,152,-126,-15036,-2340,4892,-454,163,-87,0
1283.1428430080414,10968,4976,10620,-259,-132,124,10108,-9412,8364,-23,141,-225,-15008,3836,2412,-962,144,-113,-15064,-2636,4912,-489,196,-103,0
1283.178750038147,10992,4908,10400,-191,-140,147,10128,-9388,8280,14,106,-219,-14852,3732,2328,-984,152,-141,-15028,-2580,4936,-473,206,-57,0
1283.2143650054932,10892,5108,10440,-512,-157,150,10076,-9316,8256,249,116,-225,-15008,3756,2528,-1000,185,-118,-15116,-2588,4904,-473,167,-81,0
1283.2503299713135,10872,5084,10704,-274,-147,139,10152,-9340,8348,11,145,-207,-15048,3892,2672,-991,140,-90,-15036,-2564,4932,-460,162,-80,0
1283.2857410907743,10956,5100,10392,-255,-136,126,10116,-9360,8228,-1,155,-207,-15056,3816,2544,-951,157,-152,-15344,-2764,4972,-455,167,-61,0
1283.3222141265867,11252,4880,10456,-222,-151,153,10156,-9368,8416,2,86,-219,-15016,3776,2496,-980,189,-121,-14864,-2648,4924,-465,178,-80,0
1283.3558340072632,10936,4848,10272,-243,-170,156,10116,-9308,8420,-9,85,-223,-15020,3912,2728,-969,186,-111,-14988,-2648,4980,-487,179,-62,0
1283.3890180587769,10936,4904,10440,-233,-169,145,10180,-9296,8348,-22,105,-213,-15004,3856,2596,-980,170,-108,-15000,-2592,4936,-459,191,-74,0
1283.4226429462433,11008,4740,10304,-238,-202,147,10096,-9240,8228,42,131,-239,-15016,3804,2496,-960,141,-152,-15084,-2736,4804,-477,165,-64,0
1283.4562349319458,11144,4620,10312,-232,-153,134,10444,-9300,8400,22,143,-200,-14976,3908,2424,-1002,117,-130,-15028,-2476,5004,-469,139,-117,0
1283.4897150993347,11072,4608,10384,-222,-133,120,10116,-9280,8368,26,148,-224,-15156,3816,2412,-1013,129,-97,-14896,-2524,4908,-499,174,-90,0
1283.52330493927,11056,4612,10428,-188,-125,144,10144,-9316,8204,47,139,-223,-15016,3844,2360,-770,114,-94,-15064,-2644,4832,-489,143,-102,0
1283.5568521022797,11248,4820,10492,-182,-143,149,10188,-9248,8560,39,83,-206,-14944,3760,2500,-998,148,-96,-15088,-2568,4700,-473,143,-67,0
1283.5905201435087,11044,4852,10316,-186,-130,140,10116,-9240,8344,12,140,-197,-15028,3776,2564,-1007,163,-140,-15068,-2568,4888,-467,176,-104,0
1283.6239171028135,10968,4852,10500,-133,-113,127,10136,-9268,8300,-35,103,-217,-15064,3796,2708,-983,141,-110,-15172,-2552,5052,-508,119,-110,0
1283.657382965088,11080,4744,10504,-91,-72,107,10084,-9220,8300,-20,122,-185,-15068,3808,2512,-1058,51,-46,-15164,-2612,4844,-496,134,-162,0
1283.6905250549316,10888,4764,10344,-148,-66,102,10104,-9296,8664,-17,139,-171,-15076,3776,2572,-1045,47,-17,-15048,-2628,4932,-264,174,-134,0
1283.7241010665894,11228,4840,10468,-72,-55,80,10136,-9280,8364,-66,124,-178,-15104,3784,2476,-1008,87,-101,-15124,-2488,4932,-480,172,-128,0
1283.7577080726624,11100,4952,10416,-111,-54,105,10188,-9308,8412,17,133,-211,-14996,3816,2428,-1059,88,-97,-15052,-2628,4892,-480,196,-147,0
1283.7910709381104,11024,4876,10360,-110,-46,100,10088,-9220,7992,-25,134,-176,-14984,4084,2544,-1079,29,-74,-15156,-2464,5012,-500,144,-123,0
1283.8244340419767,11068,4820,10364,-91,-45,114,10132,-9288,8400,-14,164,-134,-15064,3608,2748,-1277,48,-9,-15088,-2640,4992,-527,92,-133,0
1283.8581500053406,11088,4612,10400,-100,-45,104,10136,-9296,8384,-58,177,-133,-15132,3772,2560,-995,98,-18,-15104,-2532,5076,-484,69,-149,0
1283.8913021087649,11012,4772,10420,-84,-16,90,10112,-9280,8384,-71,154,-106,-15012,3588,2800,-1014,49,-84,-15088,-2564,4952,-762,94,-134,0
1283.924523115158,11048,4740,10352,-76,-14,119,10148,-9240,8452,-78,116,-159,-14900,3784,2432,-984,110,-40,-14920,-2632,4916,-507,125,-141,0
1283.9580681324003,11016,4824,10448,-93,-59,113,10108,-9324,8284,-27,113,-174,-15060,3788,2560,-1037,110,-37,-14992,-2588,4980,-477,141,-152,0
1283.9912099838257,10944,4804,10424,-70,-37,132,10100,-9304,8560,-44,121,-161,-15040,4044,2464,-1075,99,-61,-15324,-2616,5028,-501,152,-117,0
1284.0247089862823,10980,4884,10488,-90,-74,93,10096,-9416,8420,-51,135,-174,-15096,3808,2536,-1008,125,-100,-14856,-2732,4892,-475,148,-124,0
1284.0582230091095,10964,4880,10468,-105,-55,98,10092,-9440,8236,-58,99,-166,-15044,3848,2556,-1042,100,-90,-15344,-2780,5048,-491,158,-149,0
1284.0916719436646,11088,4852,10476,-72,-27,91,10116,-9296,8320,-32,128,-161,-15096,3656,2500,-1052,103,-51,-14992,-2748,5012,-258,151,-179,0
1284.1249570846558,10980,4936,10360,-78,-53,98,10060,-9248,8308,-57,127,-159,-14892,3788,2612,-1050,85,-71,-14972,-2680,4888,-496,133,-127,0
1284.1584839820862,10992,4692,10372,-61,-62,68,10212,-9248,8352,-93,143,-173,-15080,3840,2568,-985,66,-93,-15092,-2604,4660,-491,129,-181,0
1284.1919939517975,11096,4864,10304,-94,-33,64,10208,-9376,8420,-57,136,-161,-14968,3880,2576,-1052,35,-133,-15068,-2492,4892,-491,165,-183,0
1284.2254359722137,11060,4880,10448,-126,-76,91,10188,-9300,8476,8,132,-166,-14852,3996,2520,-1041,68,-71,-15004,-2580,4984,-497,168,-133,0
1284.2590460777285,10944,4928,10380,-75,-39,103,10080,-9028,8348,-51,133,-174,-14852,3784,2764,-994,138,-78,-15056,-2568,4980,-259,170,-129,0
1284.2924511432648,11084,4904,10400,-90,-80,88,10120,-9360,8440,-41,117,-194,-15148,3964,2588,-772,55,-96,-15092,-2568,5024,-496,159,-166,0
1284.3259301185608,10912,4908,10260,-97,-26,102,10092,-9340,8432,-12,120,-145,-15044,4080,2788,-1042,78,-96,-14992,-2568,4896,-502,136,-119,0
1284.3629231452942,10788,4892,10716,-63,7,106,10124,-9272,8248,-46,106,-138,-14988,3840,2684,-1041,82,-1,-15204,-2632,4936,-521,98,-160,0
1284.3987109661102,10788,5016,10464,-103,-11,100,10144,-9284,8428,-81,130,-129,-15076,3756,2640,-1033,69,-24,-15052,-2640,5016,-502,118,-136,0
1284.434370994568,10968,4976,10400,-134,-57,102,10052,-9456,8372,-46,156,-160,-15076,3856,2600,-1026,93,-81,-15100,-2668,4900,-510,128,-117,0
1284.4703209400177,10976,4924,10364,-114,-61,113,10024,-9356,8384,-56,118,-141,-15020,3896,2332,-1010,133,-19,-15056,-2584,5080,-495,136,-117,0
1284.505490064621,10988,4956,10280,-119,-74,121,10100,-9352,8380,-52,100,-171,-14980,3816,2616,-1277,142,-123,-15020,-2756,4984,-508,159,-131,0
1284.5408589839935,10960,4844,10332,-95,-59,97,10088,-9420,8608,-25,124,-187,-15020,3908,2624,-1036,108,-63,-15028,-2664,4912,-511,166,-146,0
1284.5758299827576,10924,4908,10488,-88,-48,108,10060,-9380,8324,252,146,-175,-14956,3800,2692,-1062,73,-104,-14852,-2612,4940,-507,138,-148,0
1284.6116490364075,11032,4932,10396,-90,-42,119,10080,-9268,8240,-34,145,-161,-15040,3920,2520,-996,112,-62,-14976,-2664,4892,-764,131,-113,0
1284.6476449966433,10936,4640,10424,-137,-59,115,10152,-9340,8324,-31,117,-169,-15084,3772,2596,-978,111,-54,-15000,-2716,5096,-485,155,-103,0
1284.6829299926758,10972,4928,10488,-165,-49,99,10028,-9248,8320,-39,126,-177,-14980,3756,2420,-988,86,-86,-14968,-2600,4652,-494,141,-114,0
1284.719358921051,10924,4932,10280,-148,-55,88,10100,-9408,8368,-32,128,-172,-15056,3848,2696,-1011,129,-27,-15048,-2584,4872,-495,133,-126,0
1284.754544019699,10952,4960,10384,-133,-57,112,10120,-9268,8320,-26,119,-181,-14976,3796,2552,-1008,108,-99,-14952,-2572,4656,-493,165,-110,0
1284.7902779579165,10912,4936,10272,-153,-51,114,10024,-9348,8384,-7,151,-187,-15020,3800,2612,-1009,115,-82,-15080,-2632,5020,-490,173,-102,0
1284.8302440643313,10948,4988,10348,-176,-54,107,10092,-9208,8188,-11,129,-179,-14996,3828,2516,-1013,113,-90,-15080,-2672,4896,-486,164,-126,0
1284.8660171031952,10932,5024,10628,-192,-62,92,10152,-9320,8288,13,148,-165,-15016,3772,2320,-994,115,-85,-15080,-2808,5012,-500,145,-107,0
1284.901843070984,10920,4884,10444,-209,-70,94,10128,-9320,8288,16,146,-193,-15096,3860,2520,-955,140,-76,-14980,-2632,4956,-470,124,-82,0
1284.9376199245453,10984,4988,10548,-235,-83,125,10016,-9328,8336,-18,135,-216,-15064,3644,2360,-929,151,-106,-15072,-2600,5000,-490,150,-96,0
1284.9725189208984,10952,4924,10356,-221,-133,133,10160,-9352,8364,-35,136,-201,-15072,3892,2668,-931,174,-122,-15080,-2632,5008,-508,150,-78,0
1285.0093109607697,10920,4856,10604,-211,-117,115,10180,-9296,8376,-54,101,-183,-14960,3768,2740,-945,145,-150,-15076,-2656,5012,-471,156,-57,0
1285.0428631305695,10924,4928,10380,-275,-123,103,10148,-9396,8288,-1,175,-204,-14976,3600,2536,-957,145,-107,-15004,-2644,5064,-483,164,-96,0
1285.076497077942,10900,4824,10212,-241,-108,128,10068,-9352,8300,5,168,-233,-15036,3912,2464,-931,150,-99,-15092,-2532,5004,-476,160,-62,0
1285.110111951828,11192,4676,10428,-277,-129,126,10172,-9348,8384,252,155,-230,-15052,4080,2812,-910,150,-146,-15120,-2540,4940,-471,189,-75,0
1285.143306016922,10916,4880,10304,-289,-153,125,10020,-9320,8360,49,129,-212,-14928,3848,2496,-948,187,-153,-15036,-2600,5004,-485,190,-72,0
1285.1768651008606,10876,4872,10504,-301,-150,137,10112,-9248,8380,-9,144,-205,-15008,3748,2728,-916,177,-167,-15060,-2744,5064,-456,175,-30,0
1285.2105469703674,11088,5100,10400,-221,-131,158,10100,-9272,8536,-36,152,-183,-15192,3816,2620,-959,123,-143,-15352,-2560,4680,-497,125,-80,0
1285.244117975235,10988,5072,10300,-280,-102,130,10152,-9236,8352,27,156,-186,-14968,3836,2500,-1064,56,-82,-15140,-2656,5024,-491,128,-62,0
1285.2776460647583,10916,5000,10412,-273,-94,116,10144,-9240,8440,36,139,-159,-14856,4012,2732,-983,157,-106,-14992,-2552,5020,-455,145,-89,0
1285.3111600875854,10924,5092,10288,-248,-127,129,10128,-9336,8568,-16,116,-230,-15308,3796,2596,-950,166,-161,-15044,-2472,4904,-480,212,-77,0
1285.3447449207306,10948,4780,10360,-510,-142,170,10092,-9248,8292,51,103,-215,-15272,3624,2500,-1023,133,-149,-15040,-2532,4980,-483,180,-50,0
1285.378247976303,11052,5084,10292,-228,-132,131,10120,-9348,8440,24,111,-160,-15060,3852,2540,-1004,128,-38,-15096,-2676,4960,-486,126,-129,0
1285.41175699234,10976,5076,10520,-250,-79,108,10164,-9324,8404,-1,139,-180,-15008,3880,2420,-965,157,-55,-15032,-2512,4972,-473,81,-129,0
1285.4453949928284,10924,4776,10352,-510,-114,139,10032,-9352,8544,-23,130,-190,-15000,3844,2616,-989,125,-114,-15356,-2324,4900,-478,141,-94,0
1285.47918510437,10992,4752,10384,-210,-118,152,10084,-9320,8548,30,141,-238,-15020,3832,2508,-995,151,-114,-15060,-2612,4640,-475,153,-80,0
1285.5125551223755,10960,4776,10264,-222,-178,145,10076,-9324,8324,253,135,-216,-15044,3740,2480,-1014,149,-155,-15000,-2752,5048,-488,183,-71,0
1285.5461640357971,11256,4832,10168,-193,-177,151,10084,-9316,8316,-18,114,-214,-15096,3784,2532,-1028,121,-111,-15036,-2548,4908,-484,189,-63,0
1285.5799009799955,10784,4776,10504,-176,-161,136,10200,-9376,8432,-248,131,-215,-14868,4060,2740,-981,130,-77,-15036,-2480,5056,-480,172,-117,0
1285.6135139465332,10772,4752,10264,-200,-166,153,10040,-9328,8528,14,120,-190,-15000,3816,2508,-1022,98,-90,-15056,-2576,4880,-481,197,-101,0
1285.6469171047213,11252,4804,10448,-180,-167,106,10096,-9228,8264,2,120,-218,-15004,3820,2584,-1017,136,-100,-15064,-2624,4948,-488,168,-93,0
1285.6806190013885,11212,4804,10484,-161,-159,121,10136,-9168,8300,-55,123,-217,-15116,3764,2676,-993,115,-135,-15004,-2624,4872,-484,160,-91,0
1285.7142570018768,11112,4804,10524,-167,-189,109,10188,-9380,8312,-47,142,-202,-15004,3928,2600,-988,98,-139,-15096,-2476,4932,-481,163,-136,0
1285.7479350566864,11036,4796,10420,-127,-126,106,10160,-9320,8432,-39,130,-204,-14936,3884,2316,-993,75,-110,-15072,-2500,4920,-503,165,-125,0
1285.7817821502686,11072,4832,10264,-108,-107,85,10200,-9416,8696,-48,123,-172,-15060,3868,2144,-1273,72,-58,-15012,-2548,5016,-502,158,-148,0
1285.8149600028992,11096,4832,10424,-97,-49,84,10036,-9156,8260,-2,112,-181,-15292,3588,2360,-1054,58,-45,-15080,-2596,4928,-499,167,-118,0
1285.8486099243164,11260,4812,10408,-51,-53,76,10120,-9228,8432,-23,129,-173,-15328,3604,2436,-1048,69,-111,-14952,-2568,4716,-495,164,-131,0
1285.8821530342102,11028,4832,10276,-120,-65,88,10084,-9304,8432,-18,144,-163,-15008,3788,2768,-1019,90,-37,-15284,-2808,4864,-523,119,-138,0
1285.9157221317291,11036,4808,10316,-94,-66,94,10180,-9300,8468,-60,127,-147,-15016,3824,2616,-1041,74,-67,-14992,-2556,4948,-513,77,-131,0
1285.9492120742798,10984,4824,10332,-95,-31,109,10144,-9296,8360,-45,149,-155,-15012,3744,2568,-1072,22,-43,-15136,-2676,4948,-500,120,-137,0
1285.9828691482544,11028,4888,10276,-82,-42,96,10052,-9248,8340,-12,159,-133,-15068,3780,2672,-777,95,-245,-14996,-2512,4984,-492,97,-123,0
1286.0162370204926,11040,4804,10500,-55,-11,111,10012,-9276,8372,-82,130,-159,-15088,3772,2508,-996,77,-22,-15032,-2488,4920,-501,128,-120,0
1286.053964138031,11096,4752,10424,-92,-26,71,10136,-9464,8276,-42,128,-137,-14964,3840,2488,-1041,64,-29,-15064,-2496,5036,-464,111,-150,0
1286.0901589393616,11060,4844,10296,-62,-24,109,10108,-9292,8356,-29,131,-154,-15032,3596,2308,-1046,72,-69,-15004,-2752,4860,-510,127,-132,0
1286.1256511211395,10972,4956,10256,-57,5,76,10088,-9248,8356,-67,139,-143,-15264,3856,2452,-1017,89,-4,-15260,-2336,4944,-531,107,-139,0
1286.1608891487122,11052,4728,10424,-64,-37,87,10152,-9268,8344,-58,117,-166,-14864,3828,2552,-1033,102,-95,-15044,-2588,5000,-539,148,-159,0
1286.1972110271454,10884,4616,10296,-33,-38,84,10168,-9192,8396,-47,137,-156,-14960,3980,2432,-1048,94,-72,-14976,-2812,5016,-497,165,-119,0
1286.2325229644775,10768,4912,10496,-108,-54,87,10048,-9180,8332,-24,136,-174,-15076,3884,2316,-1068,58,-87,-14988,-2592,5016,-506,162,-171,0
1286.2676570415497,11016,5060,10452,-67,-61,93,10160,-9368,8376,-63,140,-199,-14996,3916,2516,-1053,70,-89,-15136,-2404,4992,-498,183,-141,0
1286.3037359714508,10784,4856,10384,-99,-74,81,10080,-9284,8280,-22,142,-190,-15060,3816,2628,-1009,92,-39,-15060,-2584,5080,-509,152,-166,0
1286.3396110534668,11020,4904,10452,-91,-48,103,10196,-9360,8532,-18,120,-191,-15024,3848,2472,-1051,75,-84,-15064,-2616,4968,-524,151,-164,0
1286.3748490810394,10932,5116,10416,-69,-33,117,9968,-9260,8328,-31,96,-157,-15000,3832,2584,-1026,59,-82,-14964,-2604,4984,-483,142,-140,0
1286.4106020927427,11004,4820,10404,-54,-64,84,10012,-9364,8208,-47,134,-166,-14968,3844,2592,-769,101,-77,-14988,-2564,4884,-478,151,-160,0
1286.4455180168152,10964,5116,10468,-119,-86,72,10128,-9348,8392,-46,141,-211,-15004,3748,2584,-1009,104,-81,-15044,-2548,5060,-477,133,-143,0
1286.481840133667,10928,4912,10488,-112,-26,85,10064,-9276,8244,-32,132,-184,-15356,3992,2568,-1018,89,-74,-15016,-2676,4924,-511,119,-108,0
1286.5181500911713,11096,4900,10448,-111,-35,124,10124,-9252,8200,-52,129,-172,-15072,3872,2560,-1040,86,-93,-15064,-2556,4916,-512,123,-114,0
1286.5533380508423,10884,4860,10312,-124,-45,112,10128,-9232,8252,-18,134,-172,-15032,3844,2668,-1015,93,-79,-15064,-2564,4980,-489,148,-141,0
1286.589749097824,11052,4880,10596,-125,-63,110,10148,-9252,8192,-63,137,-180,-14940,3808,2572,-998,126,-56,-14972,-2636,4968,-483,133,-128,0
1286.625116109848,10928,4940,10440,-114,-69,110,10104,-9356,8328,-62,140,-156,-14856,3896,2668,-996,84,-56,-15124,-2576,4872,-527,127,-132,0
1286.6606061458588,10868,4904,10500,-174,-50,111,10084,-9240,8700,-21,144,-171,-14988,3892,2768,-1039,41,-98,-15032,-2652,4896,-498,135,-129,0
1286.6964459419253,10768,5036,10480,-121,26,97,10184,-9388,8376,-50,137,-183,-14916,3900,2664,-1011,129,-71,-15024,-2656,4924,-503,134,-119,0
1286.7299380302427,11008,5108,10452,-141,-66,110,10144,-9312,8328,-69,168,-190,-15016,4056,2396,-999,80,-79,-15056,-2532,4940,-491,165,-124,0
1286.763612985611,10892,4880,10412,-178,-33,117,10152,-9356,8428,2,112,-172,-15056,3880,2532,-1045,76,-67,-14948,-2540,4876,-476,156,-120,0
1286.7973809242249,10988,4920,10484,-139,-45,121,10200,-9296,8236,-11,137,-137,-15096,3924,2560,-1018,108,-26,-15032,-2588,4960,-493,152,-133,0
1286.8310749530792,11208,5116,10360,-154,-21,89,10204,-9272,8216,-44,152,-174,-15068,3836,2488,-1007,90,-73,-14988,-2516,5036,-498,135,-142,0
1286.8644530773163,10916,4972,10368,-164,-76,79,10160,-9316,8312,-34,175,-169,-15024,3876,2724,-996,118,-101,-15064,-2516,5112,-450,154,-131,0
1286.8978769779203,11036,4836,10452,-162,-74,118,10144,-9348,8312,-11,137,-166,-14988,4020,2772,-1012,108,-129,-15264,-2528,4924,-475,179,-117,0
1286.9315359592438,10976,4904,10412,-250,-88,121,10052,-9396,8392,38,165,-202,-14984,3976,2520,-1006,150,-86,-15004,-2816,4912,-478,159,-110,0
1286.9652199745178,10964,4920,10456,-226,-74,109,10176,-9296,8316,18,119,-212,-15348,4072,2668,-951,127,-117,-15008,-2700,4964,-464,162,-104,0
1286.9987621307373,10916,4900,10536,-221,-162,113,10108,-9296,8452,-38,127,-206,-15020,3920,2804,-932,144,-124,-15012,-2564,5048,-483,168,-93,0
1287.0323650836945,10916,4980,10392,-228,-136,106,10020,-9356,8332,-58,147,-231,-15064,3872,2432,-948,160,-167,-14916,-2580,4952,-503,143,-79,0
1287.0653750896454,10956,4768,10544,-251,-116,123,10072,-9252,8236,-21,137,-201,-15076,3784,2484,-955,180,-109,-15060,-2676,4948,-516,162,-62,0
1287.0987360477448,10928,4876,10564,-288,-117,141,10220,-9420,8512,-33,164,-191,-15028,3776,2504,-948,177,-73,-15004,-2584,4968,-456,158,-57,0
1287.1322720050812,10960,4856,10296,-321,-78,135,10096,-9304,8288,-2,164,-212,-14988,3900,2464,-922,182,-129,-15140,-2576,5060,-441,186,-72,0
1287.1659231185913,11248,4828,10516,-312,-126,112,10136,-9176,8384,10,148,-204,-14972,3848,2584,-910,145,-166,-15112,-2492,4916,-483,212,-52,0
1287.1993401050568,10776,4624,10368,-311,-171,130,10160,-9376,8272,38,121,-209,-15060,3916,2540,-937,173,-178,-15168,-2560,4984,-464,190,-91,0
1287.2329120635986,10776,5060,10432,-292,-162,128,10100,-9344,8292,-254,111,-196,-15328,3928,2436,-945,165,-150,-15080,-2616,4772,-489,182,-85,0
1287.266674041748,10968,4736,10456,-273,-139,139,10080,-9336,8236,37,120,-218,-15036,4056,2536,-957,140,-126,-15088,-2544,4980,-479,164,-88,0
1287.3000299930573,10984,4788,10484,-254,-144,135,10152,-9256,8308,28,139,-216,-15056,3868,2436,-956,137,-114,-15000,-2632,4744,-461,167,-103,0
1287.3337290287018,11000,4800,10544,-275,-112,147,10148,-9276,8392,13,128,-201,-15024,3812,2548,-915,189,-130,-15316,-2352,4932,-465,144,-85,0
1287.3674080371857,11100,4892,10448,-236,-117,176,10064,-9420,8492,-27,134,-196,-15016,3844,2380,-990,147,-105,-15072,-2568,4864,-479,150,-97,0
1287.4008610248566,10976,4780,10420,-11,-112,137,10124,-9292,8444,28,100,-197,-15044,3888,2784,-1037,153,-129,-14856,-2624,5004,-448,168,-46,0
1287.448205947876,11100,4832,10564,-191,-118,159,10196,-9324,8368,-38,121,-221,-14920,3844,2692,-949,156,-79,-15356,-2460,5032,-471,182,-83,0
1287.4938509464264,10952,4644,10244,-266,-169,117,10060,-9240,8356,53,107,-233,-14992,3860,2504,-995,109,-121,-15136,-2376,4984,-442,165,-54,0
1287.531089067459,11060,4828,10400,-226,-119,136,10180,-9308,8304,48,175,-183,-15060,3848,2680,-775,78,-52,-14976,-2528,4896,-507,109,-97,0
1287.564414024353,11092,4740,10664,-238,-106,111,10072,-9224,8296,-256,114,-160,-15000,3776,2552,-999,85,-66,-15072,-2512,4944,-472,85,-96,0
1287.5978009700775,10940,4704,10368,-233,-126,123,10200,-9236,8616,-33,121,-191,-15016,3596,2484,-1003,122,-133,-15072,-2640,4888,-496,158,-84,0
1287.6312420368195,11008,4708,10428,-163,-150,123,10188,-9412,8264,-60,105,-210,-15004,3716,2464,-989,172,-123,-15080,-2472,4804,-497,162,-87,0
1287.6647350788116,11028,4732,10404,-168,-194,127,10104,-9256,8332,-25,77,-232,-14996,3908,2584,-1020,155,-110,-14836,-2496,4964,-486,183,-103,0
1287.697998046875,10984,4748,10260,-128,-155,139,10172,-9252,8448,-70,69,-206,-15044,3772,2764,-1022,96,-81,-14980,-2588,5004,-524,162,-106,0
1287.7347230911255,11004,4684,10428,-67,-140,104,10024,-9224,8544,-45,99,-210,-15000,3976,2600,-1009,75,-116,-15048,-2460,4836,-765,148,-157,0
1287.7706770896912,11132,4820,10444,-68,-55,86,10392,-9268,8268,-37,160,-177,-15052,3760,2576,-1050,91,-65,-15008,-2600,4968,-486,154,-127,0
1287.807158946991,11048,4708,10408,-102,-65,111,10160,-9196,8364,-60,124,-174,-15308,3772,2704,-1032,64,-42,-14988,-2516,4652,-473,149,-103,0
1287.8422410488129,11008,4776,10340,-57,-94,118,10172,-9232,8408,-73,136,-168,-14988,3748,2464,-1055,94,-98,-15036,-2604,5040,-473,164,-113,0
1287.878613948822,11192,4692,10336,-52,-65,102,10152,-9256,8196,-83,160,-188,-15020,3928,2484,-976,90,-64,-14916,-2572,4896,-479,124,-174,0
1287.9135241508484,11200,4748,10448,-83,-66,108,10232,-9312,8304,-57,120,-148,-15016,3792,2632,-1068,43,-49,-15020,-2580,4948,-523,132,-162,0
1287.9497570991516,11188,4776,10432,-84,-10,101,10108,-9108,8304,-22,145,-139,-14896,3692,2420,-1007,104,-74,-15088,-2720,4900,-486,92,-151,0
1287.984943151474,11060,4816,10620,-40,-21,62,10060,-9336,8696,-92,163,-161,-15068,3840,2496,-1000,75,-44,-15352,-2428,4964,-496,122,-145,0
1288.0203931331635,11132,4740,10240,-91,-62,114,10072,-9348,8416,-28,103,-120,-14960,3848,2480,-1033,83,-76,-14976,-2764,4972,-519,103,-153,0
1288.0554931163788,10868,4748,10360,-33,7,124,10100,-9164,8392,-60,105,-138,-15012,4040,2316,-770,66,-11,-15000,-2576,4928,-762,120,-137,0
1288.0912930965424,11216,4640,10656,-39,-15,145,10172,-9136,8292,-69,113,-138,-15288,3756,2420,-1062,66,-50,-15120,-2520,4992,-262,141,-160,0
1288.1277530193329,10980,4900,10452,-53,1,91,10148,-9272,8200,-94,138,-163,-14892,3888,2548,-1059,67,-61,-15028,-2384,5100,-497,122,-154,0
1288.16295003891,10912,4780,10524,-78,-38,82,10068,-9356,8312,-88,150,-171,-15040,3844,2536,-1005,81,-38,-15032,-2556,5024,-525,129,-184,0
1288.1991591453552,11064,4860,10532,-72,-19,66,10168,-9212,8260,-45,145,-172,-14900,3840,2648,-1044,72,-79,-15356,-2316,4896,-476,157,-156,0
1288.2342491149902,10752,4836,10736,-108,-14,84,10140,-9304,8024,-31,108,-166,-14988,3896,2448,-1035,93,-42,-15072,-2816,4968,-493,146,-153,0
1288.2695519924164,10756,4768,10420,-72,-46,88,10068,-9332,8372,-52,135,-174,-15048,3868,2628,-1040,57,-107,-14976,-2532,5024,-522,166,-176,0
1288.3050870895386,10856,5004,10456,-49,-16,109,10164,-9372,8424,-2,150,-148,-14904,3740,2464,-1062,65,-35,-15068,-2608,5048,-523,145,-146,0
1288.3405799865725,10952,4840,10408,-96,-6,95,10048,-9316,8400,-13,151,-151,-15052,3812,2668,-1056,89,-48,-15080,-2644,5072,-504,164,-148,0
1288.3770220279694,11040,4784,10656,-87,-26,112,10164,-9224,8324,-45,121,-173,-15012,3844,2496,-1276,67,-57,-15000,-2596,4880,-485,160,-146,0
1288.4103310108185,11000,5108,10068,-112,-40,80,10112,-9268,8208,-39,142,-158,-15068,3844,2396,-980,84,-46,-14896,-2612,5048,-504,139,-178,0
1288.443943977356,10864,4864,10404,-131,-31,83,10156,-9268,8368,-58,137,-175,-15096,3892,2508,-1276,82,-96,-15084,-2640,4992,-496,150,-143,0
1288.4776329994202,10952,4904,10352,-79,-32,104,10092,-9276,8452,-30,114,-161,-14876,4048,2588,-1029,79,-75,-15040,-2560,4968,-511,141,-129,0
1288.5111539363859,10896,4824,10296,-87,-43,105,10236,-9280,8696,-27,127,-175,-15104,3816,2588,-1016,85,-67,-15004,-2572,4888,-497,132,-130,0
1288.544429063797,10788,5112,10384,-103,-34,106,10108,-9264,8332,-34,106,-162,-15040,3832,2712,-1020,119,-44,-14976,-2648,5096,-505,129,-147,0
1288.5779020786285,11068,4812,10380,-112,-30,96,10164,-9292,8436,-49,137,-156,-15040,3900,2800,-1012,88,-40,-15024,-2604,5040,-523,98,-128,0
1288.6112670898438,10960,4620,10396,-91,-20,105,10160,-9452,8300,-65,131,-156,-15020,4052,2324,-1010,103,-71,-15000,-2688,5016,-499,127,-162,0
1288.6445150375366,10976,4916,10392,-118,-9,113,10164,-9356,8404,-56,143,-169,-14988,3788,2540,-1024,123,-75,-15228,-2444,4916,-526,134,-148,0
1288.6782381534576,10888,4944,10736,-129,-33,92,10132,-9208,8360,-33,134,-149,-15060,3800,2484,-993,127,-49,-15032,-2684,5080,-485,141,-145,0
1288.711807012558,10872,4892,10352,-177,-34,100,10156,-9308,8316,-40,102,-180,-14992,3856,2684,-991,126,-39,-14964,-2552,4912,-465,143,-115,0
1288.7453701496124,11024,4872,10152,-154,4,100,10196,-9316,8484,-74,131,-164,-15036,3896,2628,-988,116,-46,-15036,-2500,4876,-496,127,-99,0
1288.7789120674133,10788,4740,10492,-164,-32,126,10032,-9428,8392,-34,140,-161,-14972,3728,2616,-1000,82,-109,-15088,-2656,5032,-508,147,-100,0
1288.8124160766602,10948,4900,10532,-135,-20,109,10164,-9300,8220,-37,114,-173,-15056,3756,2804,-933,114,-56,-15036,-2624,5032,-471,175,-157,0
1288.846132993698,10912,4912,10456,-173,-20,92,10168,-9260,8360,-46,192,-149,-15072,3920,2432,-943,13,-65,-15036,-2616,5064,-451,132,-124,0
1288.8797540664673,11000,4968,10676,-185,-38,75,10224,-9240,8260,-13,203,-148,-15088,3896,2640,-921,70,-18,-15096,-2772,5048,-467,80,-113,0
1288.9131090641022,10856,4820,10604,-275,-11,127,10128,-9324,8268,2,187,-115,-14964,3828,2500,-963,89,-45,-15048,-2696,4968,-477,124,-108,0
1288.9467070102692,11000,4976,10432,-189,17,104,10048,-9124,8392,-89,179,-179,-15068,3788,2612,-899,110,-102,-15056,-2644,4984,-493,101,-111,0
1288.9803230762482,10856,4976,10732,-227,-86,83,10196,-9428,8308,-75,170,-195,-15040,4072,2616,-937,112,-96,-14956,-2548,5120,-477,152,-102,0
1289.0137450695038,10948,4864,10460,-224,-40,83,10084,-9420,8360,-34,164,-199,-15012,3900,2360,-928,100,-55,-14980,-2620,5012,-264,141,-129,0
1289.0473380088806,10764,5004,10600,-269,-15,103,10144,-9236,8308,-22,202,-151,-14992,3932,2780,-921,105,-3,-14952,-2636,4936,-492,102,-122,0
1289.0807430744171,10864,4924,10580,-276,5,64,10000,-9348,8340,-55,196,-163,-14984,4016,2484,-855,82,-87,-15028,-2572,4984,-437,99,-144,0
1289.1141901016235,10912,4868,10676,-272,11,83,10048,-9352,8308,-57,259,-156,-15056,3916,2496,-868,85,-117,-14972,-2500,4972,-259,205,-85,0
1289.1477379798887,10816,4780,10500,-271,-79,87,9984,-9372,8196,-21,188,-217,-14992,3952,2536,-885,150,-149,-14920,-2596,4940,-460,191,-42,0
1289.1812329292295,10796,4788,10412,-248,-129,148,10108,-9308,8624,-26,113,-231,-14928,4076,2804,-958,180,-117,-15088,-2788,4940,-453,235,-65,0
1289.2148001194,10868,4792,10484,-251,-139,101,10108,-9400,8432,-16,177,-200,-15020,3916,2736,-964,87,-146,-15204,-2360,4960,-503,195,-136,0
1289.2481770515442,10852,4752,10616,-235,-109,98,10040,-9436,8700,-27,235,-174,-15184,3900,2580,-941,31,-146,-15036,-2800,4916,-498,134,-133,0
1289.2818310260773,10832,4828,10392,-200,-53,84,10176,-9312,8192,-18,202,-187,-15076,3948,2488,-943,-8,-132,-15076,-2656,5040,-530,121,-174,0
1289.3153450489044,10848,4844,10572,-194,-62,78,10104,-9352,8364,-19,315,-133,-15068,3956,2760,-885,-4,-98,-15080,-2600,4944,-489,107,-136,0
1289.3489301204681,10856,4804,10560,-180,-119,85,10120,-9284,8312,-20,315,-198,-15008,3732,2448,-981,27,-104,-15080,-2356,5008,-421,166,-184,0
1289.3821699619293,10908,4844,10640,-225,-132,72,10016,-9236,8392,-59,275,-198,-14988,3856,2344,-915,89,-78,-15048,-2496,5008,-397,110,-136,0
1289.4206309318545,10880,4796,10276,-267,-4,22,10228,-9316,8344,-96,241,-202,-15020,3820,2372,-880,66,-60,-14912,-2816,5088,-438,31,-163,0
1289.4556350708008,10952,4788,10500,-180,-29,60,10080,-9368,8440,-79,229,-168,-15020,3924,2804,-958,76,-148,-14992,-2540,5056,-497,82,-130,0
1289.4913151264193,10768,4724,10440,-192,-65,47,10128,-9300,8400,-65,235,-175,-14992,3824,2724,-964,23,-98,-15068,-2348,4840,-482,95,-146,0
1289.5273609161377,10940,4916,10532,-202,-98,94,10072,-9240,8252,-72,183,-177,-14976,3612,2356,-998,98,-99,-15104,-2380,4932,-461,102,-108,0
1289.562462091446,11204,4956,10268,-204,-82,154,10056,-9288,8636,-102,122,-148,-14892,3836,2664,-978,137,-81,-14968,-2564,5036,-505,111,-56,0
1289.5986840724943,10916,4612,10540,-201,-81,172,10044,-9364,8380,-98,52,-166,-14980,3912,2772,-1047,218,-22,-14952,-2560,5116,-548,121,-37,0
1289.6336340904236,10852,4620,10240,-196,-95,214,10096,-9380,8328,-53,-26,-108,-14884,3936,2504,-1056,259,-29,-15016,-2516,4992,-528,120,24,0
1289.6697981357574,10900,4756,10348,-106,-51,236,10096,-9340,8224,-147,-91,-127,-14988,3604,2544,-772,267,-2,-15048,-2492,5100,-527,114,25,0
1289.7051129341125,10892,4632,10476,-118,-50,227,10108,-9424,8360,-69,-16,-104,-14868,4008,2544,-1273,210,-57,-15056,-2492,4928,-561,84,-79,0
1289.7406539916992,10840,4724,10256,-46,-20,206,10000,-9408,8292,-256,19,-115,-15088,3820,2560,-1137,127,9,-14956,-2332,5040,-630,136,-92,0
1289.7762079238892,10976,4688,10620,-26,-63,173,10136,-9264,8256,-252,79,-51,-15084,3660,2584,-1145,-8,-39,-15108,-2576,5360,-578,154,-81,0
1289.811767101288,10920,4788,10520,-67,-39,182,9992,-9368,8428,-19,164,-30,-15048,4016,2456,-1153,41,-35,-14988,-2588,5188,-584,19,-99,0
1289.850434064865,10884,4836,10544,-44,8,166,10192,-9448,8320,-17,88,-80,-15084,3700,2432,-1122,74,-54,-15040,-2596,5072,-533,94,-137,0
1289.8875739574432,10876,4768,10496,-60,-83,147,10048,-9392,8232,-23,119,-140,-15012,3812,2584,-1134,60,-63,-15120,-2700,5028,-495,108,-142,0
1289.9224090576172,10976,4860,10644,-85,-77,90,10076,-9316,8288,-94,149,-107,-15068,3876,2556,-1143,4,-30,-15108,-2628,5020,-537,115,-161,0
1289.958657026291,10908,4900,10592,-112,-62,83,10056,-9348,8456,-127,188,-105,-15068,3860,2324,-1100,62,-37,-15000,-2532,5112,-503,100,-143,0
1289.9937860965729,10908,4756,10408,-69,-89,106,9968,-9404,8368,-61,119,-114,-15024,3960,2536,-1110,142,-109,-15028,-2508,5024,-556,151,-114,0
1290.0310549736023,10848,4748,10468,35,-56,110,10084,-9372,8344,-30,78,-122,-15068,4068,2740,-1135,56,-119,-15080,-2708,5012,-550,139,-172,0
1290.0644271373749,11008,4788,10548,59,56,86,10116,-9332,8356,-85,113,-95,-15108,3968,2492,-1145,57,7,-14912,-2780,5180,-593,79,-160,0
1290.0979471206663,11044,4876,10532,-9,106,73,10120,-9472,8412,-120,64,-92,-15052,3816,2448,-999,194,22,-15100,-2636,4984,-555,61,-123,0
1290.1310760974884,10804,4804,10524,52,67,80,10028,-9400,8196,-136,94,-160,-14984,3840,2772,-1087,121,-108,-14924,-2620,4988,-539,179,-175,0
1290.1645720005035,10896,4812,10516,52,-34,54,10160,-9432,8260,-107,165,-146,-14860,3892,2832,-1276,-70,-116,-15072,-2640,5020,-601,204,-189,0
1290.19811296463,10784,4968,10352,41,47,-255,9744,-9400,8204,-134,139,-146,-14896,3808,2476,-962,19,241,-15020,-2788,5092,-584,128,-164,0
1290.2316160202026,10840,4864,10492,52,125,-27,9968,-9368,8428,-151,128,-167,-14900,4016,2696,-875,165,32,-15020,-2728,5072,-575,49,-185,0
1290.2652060985563,10856,4908,10464,108,186,-74,10184,-9468,8672,-138,191,-132,-15092,3952,2760,-842,-15,-243,-15116,-2632,5080,-582,74,-247,0
1290.2987489700317,10716,4940,10728,68,111,-53,9908,-9520,8428,-103,508,-145,-15024,3872,2800,-952,7,-72,-14840,-2556,5132,-616,171,-192,0
1290.3323550224304,10872,5036,10644,109,63,250,10008,-9512,8312,-149,125,-146,-14896,3952,2328,-1007,81,4,-14992,-2656,4980,-586,65,-170,0
1290.366003036499,10924,4944,10672,-1,57,50,10020,-9480,8292,-129,81,-156,-14976,3808,2756,-816,26,-40,-14924,-2568,4964,-473,98,-133,0
1290.3994071483612,10796,4888,10612,-101,36,105,10088,-9544,8208,-149,71,-206,-14920,3892,2512,-977,145,-48,-14940,-2604,4968,-257,223,-89,0
1290.4326779842377,10872,4824,10508,-99,-56,178,10132,-9460,8164,2,98,-104,-14864,4052,2612,-1099,95,-7,-15168,-2572,5172,-605,155,-103,0
1290.466208934784,10932,4916,10608,-62,18,177,10128,-9476,8208,-20,101,-42,-15044,3996,2392,-1088,121,21,-15040,-2580,4884,-614,25,-139,0
1290.4999549388885,10616,4984,10540,-42,33,172,10172,-9536,8216,-41,65,-105,-14932,4036,2344,-1152,221,-65,-14856,-2592,5076,-547,88,-121,0
1290.5335569381714,10656,4828,10572,27,-50,181,10188,-9628,8300,9,55,-38,-14996,4340,2580,-1232,143,-59,-15244,-2568,5224,-647,113,-129,0
1290.567127943039,10880,4952,10388,-52,138,186,10136,-9488,7816,66,225,-55,-14756,3756,2280,-1113,123,24,-14988,-2616,5108,-484,-34,-124,0
1290.6006219387054,10944,4960,10652,-52,27,122,10424,-9516,8096,-33,196,-194,-14924,3772,2304,-894,-15,-199,-14676,-2776,4948,-486,247,-248,0
1290.6336691379547,10640,4920,10412,-115,-271,22,9956,-9320,8204,-56,155,-366,-14788,3560,2496,-1040,-4,-390,-14836,-2604,4636,-265,371,-204,0
1290.6672921180723,10732,5172,10272,-335,-283,-77,10096,-9176,8352,-94,329,-520,-14980,3640,2716,-975,0,-427,-14932,-2732,4868,-197,608,-150,0
1290.700961112976,10760,4928,10436,-393,-329,-60,9980,-9372,8464,45,236,-521,-15028,3856,2676,-933,62,-358,-15292,-2976,5164,-268,437,-107,0
1290.734710931778,10828,5144,10384,-270,-242,-62,10132,-9524,8496,50,289,-430,-15236,4000,2944,-966,-9,-280,-15224,-2736,5040,-368,367,-224,0
1290.7682359218597,11088,4964,10648,-238,-148,-50,10136,-9268,8696,15,358,-275,-15092,4212,2824,-948,-71,-108,-15376,-2484,5160,-532,127,-197,0
1290.8018970489502,10960,5012,10460,-218,17,72,10028,-9580,8432,11,279,-55,-14944,4124,2408,-979,-55,-192,-15132,-2424,5080,-485,253,-29,0
1290.8352890014648,10780,4912,10680,-266,96,213,10040,-9560,8244,-52,95,-32,-15084,3964,2428,-1092,166,-24,-14860,-2544,5008,-488,1,7,0
1290.868921995163,10712,4824,10700,-309,-86,305,10060,-9528,8240,-21,80,-74,-14828,4024,2548,-1070,188,-72,-14872,-2460,5364,-519,168,-15,0
1290.9022879600525,10772,4940,10716,-293,-192,301,10000,-9252,8192,58,66,-107,-14896,3864,2652,-1106,225,-115,-15000,-2676,5060,-483,213,56,0
1290.935755968094,10772,4976,10480,-306,-156,294,9988,-9340,8240,-28,46,-167,-14864,3756,2716,-1067,250,-119,-14960,-2676,4924,-438,218,61,0
1290.9692509174347,10852,4932,10528,-320,-205,279,10148,-9424,8320,16,52,-191,-15048,3640,2776,-1098,211,-88,-15068,-2788,5096,-499,216,11,0
1291.0027670860293,10980,4920,10564,-394,-146,229,10152,-9496,8680,80,134,-169,-15028,3596,2588,-1099,83,-95,-15120,-2752,5208,-475,134,-97,0
1291.0364680290222,10752,5020,10520,-306,-37,92,10184,-9416,8692,38,171,-209,-15160,3728,2736,-979,53,-71,-15084,-2800,5116,-415,111,-180,0
1291.0722560882568,10844,4988,10592,-315,-141,30,10032,-9408,8280,-17,214,-276,-15012,3988,2520,-946,38,-122,-14984,-2468,4900,-468,231,-137,0
1291.1081449985504,10864,4792,10456,-365,-193,146,9732,-9456,8212,13,122,-186,-14620,3952,2368,-1086,80,-104,-14968,-2500,4868,-486,247,-254,0
1291.1435170173643,10876,4872,10552,-346,-166,227,10140,-8976,8244,29,39,-248,-14940,3612,2388,-976,265,-164,-14972,-2736,4892,-362,148,-234,0
1291.1791470050812,10844,4944,10568,-385,-234,160,10088,-9336,8348,-24,74,-331,-15024,3636,2744,-920,244,-162,-15020,-2572,4844,-318,261,-17,0
1291.2144229412079,10804,4896,10516,-389,-295,172,10052,-9532,8448,-8,75,-284,-15012,3944,2832,-1047,236,-163,-15096,-2460,4968,-393,315,25,0
1291.2500360012054,10896,4792,10560,-370,-302,236,9968,-9456,8436,28,16,-223,-14992,3900,2888,-1083,149,-108,-15144,-2808,5240,-419,177,-65,0
1291.285807132721,10820,4876,10620,-362,-133,131,10228,-9268,8380,-65,169,-223,-15036,3712,2800,-882,73,-50,-14900,-2824,5336,-308,1,-128,0
1291.3215000629423,10756,4868,10564,-339,-162,-23,10056,-9360,8544,-95,267,-324,-14852,4024,2356,-794,87,-178,-15088,-2724,4996,-283,132,-201,0
1291.3576190471647,10772,4832,10628,-302,-251,-39,10100,-9440,8660,-52,307,-353,-15144,3760,2640,-783,-40,-256,-14876,-2552,5064,-365,298,-209,0
1291.3928351402285,10924,4804,10564,-249,-273,5,10080,-9344,8312,-53,498,-355,-14972,3936,2612,-922,120,-226,-15032,-2080,5032,-393,360,-62,0
1291.4277441501617,10976,4796,10584,-5,-333,131,10084,-9368,8184,-93,34,-350,-15052,3892,2384,-874,313,-166,-14976,-2336,5040,-402,330,75,0
1291.4633150100708,11020,4628,10544,-258,-329,269,10024,-9260,8252,-52,-68,-274,-14920,4092,2392,-946,351,-125,-15040,-2340,5176,-414,218,91,0
1291.498717069626,10892,4556,10488,-223,-194,510,10168,-9560,8280,7,-28,-198,-15128,4072,2624,-1085,231,-57,-15060,-2344,5192,-501,165,-79,0
1291.5339629650116,10776,4368,10524,-207,-153,234,10028,-9420,8216,94,74,-164,-15048,3924,2776,-1126,46,-98,-15092,-2716,5084,-767,117,-127,0
1291.569685935974,10952,4668,10492,-104,-36,95,10100,-9328,8464,-53,238,-141,-14992,3764,2596,-1065,-30,-131,-15072,-2664,4812,-514,113,-226,0
1291.6055269241333,10984,4728,10480,-166,-21,51,10032,-9216,8356,10,253,-128,-15132,3684,2616,-1001,-4,-79,-15056,-2580,4756,-481,104,-175,0
1291.6413609981537,10988,4876,10672,-155,25,71,10044,-9160,8316,21,189,-179,-14928,3712,2728,-1016,68,-74,-14980,-2712,4932,-464,179,-90,0
1291.6772351264954,10920,4956,10360,-165,-31,105,10116,-9328,8240,44,122,-210,-14856,3732,2660,-941,67,-87,-15104,-2640,4708,-429,188,-94,0
1291.7128219604492,11012,4760,10484,-189,-85,90,10392,-9336,8112,-30,164,-196,-15164,3884,2728,-951,37,-73,-15216,-2320,5000,-430,119,-114,0
1291.7483990192413,10976,4664,10588,-225,-77,52,10136,-9372,8224,-9,159,-146,-15016,3936,2656,-970,47,14,-15108,-2788,5152,-437,113,-85,0
1291.7819530963898,10904,4744,10552,-186,-40,144,10152,-9384,8384,-83,109,-96,-14900,3896,2696,-908,63,-242,-15052,-2464,5108,-504,40,-39,0
1291.8154289722445,11032,4756,10496,-164,-38,194,9736,-9284,8320,-119,98,-66,-14916,3880,2708,-987,116,48,-15104,-2536,5144,-511,-9,-37,0
1291.8489310741425,10956,4716,10604,-208,78,212,9812,-9356,8360,-89,99,-35,-14908,3872,2640,-1053,143,35,-14972,-2500,5040,-497,-29,-28,0
1291.882308959961,10840,4716,10768,-136,115,213,10052,-9396,8384,-86,80,-59,-15168,3896,2488,-1032,137,59,-15304,-2448,5028,-534,55,-256,0
1291.9155161380768,10992,4716,10448,-170,53,232,10040,-9336,8364,-140,19,-75,-15028,3612,2604,-1052,165,65,-14880,-2496,4872,-465,64,-256,0
1291.9491591453552,10980,4784,10664,-222,10,211,10380,-9412,8044,-173,78,-91,-14988,3852,2600,-991,166,93,-15112,-2460,4976,-469,89,-252,0
1291.9828140735626,10868,4756,10508,-199,17,176,10144,-9456,8440,-125,57,-95,-14948,3896,2524,-1008,221,4,-15088,-2456,5040,-503,91,-27,0
1292.015988111496,10940,4712,10500,-181,-13,168,10192,-9468,8240,-100,73,-101,-15300,3956,2688,-984,164,20,-15152,-2388,5036,-496,57,-83,0
1292.0499019622803,10868,4608,10532,-156,65,109,10092,-9404,8212,-69,148,-73,-15016,4088,2560,-992,70,76,-14936,-2404,5336,-501,-18,-41,0
1292.0834379196167,11004,4596,10668,-192,99,121,10080,-9568,8240,-19,114,-96,-15028,4024,2508,-1033,108,28,-15028,-2468,4960,-554,-28,-135,0
1292.1170959472656,10972,4712,10684,-185,-82,119,10072,-9724,8280,-51,141,-131,-15024,3608,2640,-1064,83,-57,-14996,-2452,5256,-519,75,-96,0
1292.1503031253815,10856,4776,10704,-2,-16,87,10016,-9420,8236,-120,132,-196,-14936,4016,2560,-1064,89,-52,-15096,-2432,4892,-474,90,-134,0
1292.1838381290436,10768,4688,10716,-220,-24,85,10152,-9220,8572,-48,197,-164,-14916,3928,2788,-1024,115,-82,-15028,-2104,5332,-458,161,-110,0
1292.2171919345856,10740,4676,10656,-92,-70,105,9992,-9408,8008,-80,162,-167,-14644,3916,2320,-966,139,-69,-15220,-2656,5040,-454,89,-143,0
1292.2507331371307,10888,4932,10648,-56,-45,108,9980,-9376,8472,-172,127,-159,-15096,4036,2652,-982,141,37,-14916,-2528,5184,-446,34,-90,0
1292.284520149231,10972,4768,10628,-138,56,139,10048,-9408,8152,-81,93,-108,-15096,3904,2728,-1010,102,53,-15056,-2456,4892,-498,49,-129,0
1292.317831993103,10860,4800,10380,-151,13,116,10056,-9220,8300,-99,117,-78,-14932,3844,2528,-1105,68,6,-15236,-2436,5032,-466,33,-115,0
1292.3512830734253,10952,4768,10584,-166,44,108,10224,-9440,8424,-113,150,-80,-15028,3916,2476,-1009,33,49,-15108,-2448,5108,-517,-253,-153,0
1292.384642124176,10892,4656,10596,-190,35,121,9980,-9540,8316,-4,207,-54,-14976,3932,2668,-1113,-31,-243,-14636,-2792,5336,-539,79,-175,0
1292.4180381298063,10564,4724,10684,-165,-50,130,10068,-9708,8384,43,165,-130,-14868,3856,2868,-1068,10,-82,-14892,-2688,5072,-530,134,-175,0
1292.4515800476074,10748,4816,10820,-101,-147,82,9928,-9724,8408,-39,174,-230,-14904,3908,2588,-886,105,-183,-14988,-2684,5020,-430,234,-152,0
1292.485190153122,10788,4756,10544,-113,-162,48,9920,-9560,8328,7,116,-270,-14936,4136,2628,-986,105,-215,-14992,-2520,5192,-448,296,-155,0
1292.5186569690704,10668,4712,10536,-98,-166,48,9972,-9516,8208,36,126,-343,-15008,3920,2380,-946,73,-202,-14944,-2540,5132,-422,268,-239,0
1292.5521230697632,10504,4576,10768,-65,-246,27,9992,-9564,7960,-256,221,-333,-14948,3980,2612,-961,16,-512,-14876,-2344,5188,-437,282,-10,0
1292.585701942444,10772,4380,10676,-41,-311,251,10028,-9588,8180,-256,213,-353,-14952,4048,2496,-935,9,-269,-14988,-2464,5100,-430,281,-239,0
1292.6191499233246,10900,4636,10572,-34,-217,33,10060,-9544,8272,-250,221,-305,-14984,3960,2340,-952,-10,-308,-15104,-2456,5108,-412,246,-198,0
1292.6523439884186,10960,4772,10572,-161,-270,42,10148,-9220,8016,36,243,-319,-15040,3980,2652,-894,67,-242,-15116,-2504,4944,-461,237,-166,0
1292.6857879161835,11080,4804,10688,-156,-233,105,10124,-9292,8380,-59,215,-282,-14984,3816,2584,-938,90,-146,-15260,-2532,5060,-485,199,-90,0
1292.7191741466522,11004,4800,10472,-250,-177,134,10208,-9360,8248,-76,192,-234,-15016,3636,2596,-1041,137,-144,-15144,-2472,4868,-477,168,-110,0
1292.7548890113833,11060,4780,10504,-248,-155,151,10160,-9372,8168,-35,109,-181,-15092,3856,2572,-1031,105,-74,-15124,-2580,5048,-495,145,-95,0
1292.79048204422,11252,4708,10404,-194,-135,156,10152,-9356,8288,3,158,-126,-15032,3772,2696,-1063,74,-99,-14852,-2488,4968,-470,92,-110,0
1292.826180934906,10844,5020,10324,-213,-97,156,10144,-9416,8384,5,185,-117,-14968,3832,2660,-1065,96,-59,-14628,-2632,4932,-471,122,-100,0
1292.86190700531,10804,4700,10732,-217,-177,155,9996,-9444,8552,5,176,-221,-14940,3920,2808,-1008,152,-118,-14988,-2636,5028,-490,202,-108,0
1292.898036956787,10580,4832,10648,-196,-186,143,9776,-9380,8204,-22,126,-255,-14964,3840,2712,-970,210,-133,-15076,-2516,5056,-435,205,-82,0
1292.9332120418549,10848,4776,10580,-182,-156,154,10012,-9468,8496,-27,85,-279,-14888,3984,2660,-984,235,-106,-14960,-2804,5036,-452,208,-45,0
1292.9682159423828,10972,4760,10332,-173,-211,155,10008,-9244,8556,-48,-254,-273,-15060,3852,2776,-975,201,-142,-15108,-2536,5100,-442,200,-40,0
1293.0039601325989,10852,4636,10500,-202,-194,191,10092,-9416,8256,-66,66,-229,-14996,3916,2500,-943,179,-93,-15084,-2508,4884,-454,160,-73,0
1293.0397250652313,11040,4604,10592,-164,-119,164,10096,-9428,8392,-67,102,-208,-15088,4032,2424,-1024,149,-94,-14980,-2412,5000,-480,163,-76,0
1293.0750439167025,10924,4504,10504,-175,-118,126,10068,-9532,7948,-21,92,-177,-14956,4080,2500,-1101,66,-60,-15216,-2380,5128,-480,170,-127,0
1293.1105380058289,10916,4616,10300,-90,-30,86,10116,-9480,8276,-49,142,-162,-15036,3864,2584,-1060,78,-85,-15356,-2472,5032,-486,130,-137,0
1293.1454949378967,10952,4692,10612,-71,23,63,10040,-9392,8692,2,1,-141,-15116,3932,2612,-1275,-251,-78,-15020,-2464,5028,-552,153,-138,0
1293.181869983673,11000,4688,10504,-89,28,80,10148,-9316,8264,32,129,-152,-15000,3836,2448,-1157,27,-29,-14892,-2596,5008,-483,109,-158,0
1293.21754693985,10928,4768,10384,-52,13,75,10160,-9328,8312,46,183,-180,-15048,3848,2652,-1042,4,-51,-15088,-2816,4960,-491,75,-148,0
1293.2527539730072,10892,4816,10684,-71,-34,50,10068,-9356,8348,-62,171,-165,-14988,3980,2608,-994,10,-37,-14992,-2560,4980,-504,56,-172,0
1293.2876150608063,10820,4772,10436,-89,-26,53,9980,-9720,8296,-61,117,-130,-15088,3592,2628,-1004,41,-55,-15320,-2308,5064,-486,79,-154,0
1293.324000120163,10880,4808,10356,-74,-15,55,10100,-9296,8320,-51,138,-153,-14860,3904,2444,-969,61,-62,-14916,-2760,4888,-502,114,-168,0
1293.359323978424,10896,4796,10516,-39,-33,96,10180,-9252,8236,-47,76,-185,-14996,3868,2464,-980,143,-65,-15032,-2808,5024,-515,102,-138,0
1293.3940799236298,10808,4732,10436,-50,-37,94,10000,-9632,8256,-79,72,-140,-15000,3968,2744,-999,156,-62,-14964,-2604,5048,-501,105,-138,0
1293.4301540851593,10852,4648,10680,-84,-18,121,10036,-9412,8252,-65,91,-143,-14964,3960,2500,-1005,139,-48,-14996,-2524,4948,-495,91,-131,0
1293.4637160301208,10912,4796,10692,-38,7,127,10016,-9544,8388,-70,65,-162,-15012,4068,2316,-1004,143,-42,-14996,-2580,5104,-528,142,-102,0
1293.4973640441895,10772,4780,10324,-36,-35,124,9996,-9500,8276,-50,72,-140,-14980,3908,2692,-771,140,-63,-15056,-2356,5088,-512,106,-131,0
1293.5308880805967,10852,4784,10532,-47,-28,92,10160,-9488,8208,-82,90,-171,-14936,3896,2788,-983,151,-69,-15128,-2504,5096,-473,110,-136,0
1293.564253091812,10960,4724,10684,-94,19,69,10008,-9452,8392,-74,100,-153,-15084,4008,2484,-981,116,-69,-15020,-2524,5104,-477,96,-164,0
1293.597769021988,10852,4772,10480,-83,-44,49,10072,-9420,8284,-34,160,-160,-15044,4020,2600,-1001,85,-33,-15080,-2552,5332,-762,91,-168,0
1293.6312029361725,10872,4732,10576,-92,-9,80,10088,-9312,8412,-10,195,-150,-14920,4024,2304,-1004,92,-39,-15000,-2584,5228,-485,124,-160,0
1293.664736032486,10852,4792,10616,-111,-6,74,10124,-9452,8300,-42,133,-197,-14980,3856,2444,-995,103,-81,-14940,-2520,5052,-467,140,-155,0
1293.6980400085447,10864,4740,10432,-79,-50,82,10048,-9544,8152,-91,157,-215,-15056,4004,2724,-998,70,-107,-15004,-2568,5176,-262,158,-183,0
1293.7316009998322,10900,4828,10668,-109,-38,80,10152,-9464,8304,-17,130,-175,-15040,3900,2604,-1097,47,-79,-14976,-2612,4964,-518,142,-160,0
1293.7651970386503,10784,4812,10288,-115,-15,115,10212,-9408,8224,-22,157,-149,-14972,3908,2468,-1018,116,-43,-15000,-2612,5032,-535,133,-134,0
1293.798653125763,10872,4792,10520,-103,-64,86,10040,-9448,8360,-90,136,-165,-14948,3624,2564,-970,111,-34,-15000,-2588,5016,-499,122,-149,0
1293.832230091095,10764,5092,10712,-166,-29,77,10048,-9324,8096,-53,114,-159,-14996,3988,2576,-985,125,-61,-15028,-2528,4964,-499,124,-137,0
1293.865683078766,10824,4816,10256,-107,28,101,10096,-9356,8260,-32,143,-132,-15004,3972,2812,-1050,66,-42,-14992,-2564,5168,-768,135,-155,0
1293.8988580703735,10824,4936,10432,-110,-9,121,10108,-9512,8120,-34,156,-136,-14884,3852,2660,-983,93,-34,-14916,-2580,5280,-763,132,-175,0
1293.9324219226835,10864,4852,10548,-135,-55,105,10004,-9460,8204,-54,124,-191,-15032,3956,2368,-946,132,-38,-14960,-2772,5348,-462,114,-134,0
1293.966161966324,10916,4808,10424,-144,-58,119,10088,-9476,8260,-34,158,-186,-14908,3924,2664,-1018,85,-76,-14976,-2588,5132,-481,173,-131,0
1293.999351978302,10756,4812,10488,-160,-68,106,10072,-9224,8252,0,134,-167,-14888,3952,2620,-1018,126,-133,-15024,-2604,5280,-483,168,-100,0
1294.0329079627993,10824,4840,10468,-153,-78,104,10064,-9436,8140,15,143,-196,-14624,3940,2656,-1029,121,-120,-15004,-2596,5288,-479,186,-85,0
1294.0666120052338,10772,4768,10724,-186,-113,117,10172,-9596,8220,15,184,-178,-15036,3956,2628,-972,79,-79,-15032,-2680,5204,-471,137,-80,0
1294.1000919342039,10824,4792,10508,-185,-98,113,10060,-9508,8344,-5,178,-194,-15084,3952,2768,-961,106,-101,-15080,-2628,5132,-492,149,-89,0
1294.13374710083,10608,4728,10832,-183,-140,132,10060,-9252,8300,-27,128,-213,-14968,4016,2600,-1009,134,-115,-15124,-2648,5116,-515,146,-105,0
1294.1673409938812,10536,4792,10588,-222,-180,132,9988,-9348,8400,-57,162,-180,-14940,3880,2616,-973,114,-125,-14892,-2316,5240,-763,146,-60,0
1294.2002980709076,10824,4784,10496,-240,-185,117,10000,-9400,8188,-60,186,-217,-14884,3916,2476,-982,130,-121,-15024,-2340,5204,-466,194,-76,0
1294.2338509559631,10940,4840,10628,-269,-169,130,10048,-9372,8268,-42,183,-230,-14944,3960,2708,-964,134,-82,-15064,-2556,5048,-450,211,-79,0
1294.267352104187,10820,4776,10696,-301,-136,115,10064,-9500,8208,-6,194,-207,-15040,3976,2648,-953,136,-160,-14996,-2808,5088,-442,217,-41,0
1294.3006319999695,10844,4760,10628,-295,-135,114,10108,-9224,8588,3,168,-204,-14996,3896,2584,-993,137,-163,-15008,-2672,5012,-448,236,-71,0
1294.33429813385,10988,4736,10504,-277,-158,134,10092,-9476,8340,-5,146,-204,-15076,3680,2628,-963,176,-128,-14976,-2648,4968,-466,205,-70,0
1294.3676381111143,10816,4708,10756,-272,-176,144,10032,-9356,8276,-252,177,-223,-14984,3912,2644,-979,142,-137,-15076,-2792,4940,-474,188,-74,0
1294.40065908432,10928,4752,10624,-256,-206,146,10144,-9468,8348,-25,162,-193,-15060,3864,2788,-929,141,-130,-15112,-2800,4952,-478,132,-62,0
1294.4372699260712,10940,4748,10708,-225,-189,140,10016,-9364,8324,-25,135,-187,-14988,3888,2500,-772,124,-66,-14976,-2484,5120,-462,136,-85,0
1294.472484111786,10888,4700,10596,-254,-200,163,10020,-9404,8232,6,104,-177,-15120,3780,2428,-1010,128,-88,-14960,-2560,5136,-463,121,-73,0
1294.5081069469452,10960,4700,10716,-195,-159,144,10060,-9444,8248,-67,131,-202,-14988,4056,2644,-969,173,-91,-15100,-2440,4944,-472,181,-97,0
1294.543223142624,11180,4616,10540,-215,-193,138,10092,-9448,8432,255,117,-227,-15012,3984,2752,-1019,112,-178,-15064,-2464,5136,-481,224,-63,0
1294.5781569480896,11032,4668,10440,-210,-153,159,10056,-9464,8352,15,123,-201,-15016,3868,2680,-1046,107,-48,-15052,-2500,5144,-475,167,-98,0
1294.6138079166412,10848,4684,10428,-166,-140,118,10164,-9452,8216,248,152,-187,-15056,3872,2696,-1007,85,-105,-15096,-2596,5040,-491,92,-130,0
1294.6491470336914,10868,4772,10636,-173,-114,105,10164,-9496,8448,-37,127,-190,-15008,3940,2608,-989,108,-61,-14912,-2432,5004,-263,122,-113,0
1294.6841640472412,10768,4692,10408,-131,-100,136,10028,-9340,8288,-60,132,-188,-14916,3672,2432,-1012,105,-109,-15024,-2468,5072,-484,172,-122,0
1294.720055103302,10960,4760,10544,-121,-113,116,10032,-9244,8224,-48,124,-209,-14936,4028,2528,-1051,84,-65,-15072,-2464,5008,-500,167,-128,0
1294.7554490566254,10752,4760,10584,-68,-35,88,10080,-9400,8272,-39,92,-177,-14952,3936,2660,-1078,98,-87,-14972,-2528,5072,-765,170,-130,0
1294.7909169197085,10948,4684,10600,-26,-83,92,10120,-9460,8248,-41,107,-204,-14940,3912,2652,-1041,100,-78,-14964,-2484,5064,-518,157,-123,0
1294.8260850906372,10864,4832,10352,-59,-51,85,10084,-9444,8204,253,92,-185,-14976,3932,2644,-1077,106,-93,-14992,-2528,5032,-499,202,-145,0
1294.8672239780426,10900,4724,10548,-68,-67,91,10272,-9392,8336,-56,35,-184,-14984,3856,2736,-772,81,-90,-15000,-2580,5140,-497,152,-147,0
1294.9024789333344,10884,4820,10568,-24,-41,105,10068,-9324,8384,-102,98,-199,-15024,3820,2552,-956,83,-25,-14968,-2608,5088,-494,112,-135,0
1294.938777923584,10928,4848,10568,-16,-43,101,10548,-9424,8420,-89,86,-142,-15076,3960,2312,-1036,69,-51,-15172,-2428,4936,-540,69,-170,0
1294.9739501476288,10972,4692,10472,-38,22,72,10248,-9424,8236,-21,135,-100,-15088,3880,2628,-1091,16,254,-15008,-2560,5080,-524,81,-173,0
1295.0101571083069,10920,4804,10504,-40,15,90,9984,-9388,8380,-24,157,-137,-14956,3840,2616,-1002,119,-50,-14900,-2556,5076,-490,133,-149,0
1295.045727968216,10936,4776,10732,-9,26,75,10012,-9220,8344,-90,57,-185,-15020,3972,2572,-1030,112,-63,-14980,-2460,4864,-484,155,-123,0
1295.082405090332,10876,4672,10564,-70,-38,108,10000,-9232,8384,-54,118,-155,-14980,3920,2644,-1059,112,-29,-15088,-2336,4916,-527,120,-135,0
1295.1160011291504,10928,4860,10432,-2,50,119,10120,-9308,8276,-33,135,-101,-14984,3912,2568,-1093,92,-26,-15048,-2508,5000,-534,95,-133,0
1295.149621963501,10864,4828,10632,-52,34,111,10104,-9460,8332,-43,131,-103,-14852,3964,2728,-1038,63,-28,-15000,-2588,5140,-533,85,-141,0
1295.1831879615784,10908,4860,10652,-92,38,97,10020,-9380,8212,-82,191,-150,-14996,3976,2636,-988,73,233,-14980,-2604,5224,-463,91,-147,0
1295.2164340019226,10792,4852,10592,-103,17,77,10096,-9240,8588,-41,136,-144,-15016,3932,2780,-997,136,-13,-14948,-2536,5000,-496,95,-108,0
1295.2497799396515,10704,4916,10580,-103,-16,121,10080,-9460,8180,-43,98,-172,-15008,3828,2716,-1010,108,-58,-15044,-2564,5184,-768,154,-121,0
1295.2834169864655,10876,4852,10580,-88,-38,108,10100,-9420,8280,-19,78,-179,-14988,3916,2716,-1011,103,-97,-15124,-2472,5080,-505,164,-125,0
1295.3169651031494,10908,4740,10596,-80,-29,115,10068,-9716,8272,-41,82,-210,-14956,3872,2752,-1038,113,-114,-15024,-2508,5176,-522,179,-143,0
1295.3506479263306,10840,4780,10420,-78,-41,91,10072,-9456,8340,-35,182,-177,-15004,3896,2436,-1027,87,-125,-15040,-2516,4972,-524,184,-182,0
1295.3839809894562,10820,4776,10736,-117,-31,69,10108,-9620,8316,-13,189,-169,-14960,3900,2788,-1018,71,-68,-14952,-2328,5132,-492,119,-147,0
1295.4176819324493,10888,4860,10548,-153,-42,66,10068,-9476,8188,-49,170,-168,-14872,4000,2612,-1279,68,-31,-14940,-2608,5024,-483,147,-135,0
1295.4511749744415,10888,4780,10456,-151,3,119,10100,-9368,8236,-55,140,-162,-14908,4020,2560,-977,140,-63,-15060,-2708,5088,-488,135,-99,0
1295.484493970871,10900,4848,10520,-161,-35,113,10096,-9296,8248,-56,131,-168,-14948,3944,2616,-968,159,-118,-15056,-2656,4964,-486,122,-92,0
1295.518229007721,10740,4932,10748,-149,-61,136,10052,-9268,8240,-30,107,-164,-14972,3612,2376,-981,116,-67,-15060,-2604,5076,-515,149,-115,0
1295.5518290996552,10780,4820,10800,-192,-65,104,10088,-9440,8288,-18,134,-156,-15004,3920,2712,-968,112,-73,-15088,-2608,5024,-478,148,-100,0
1295.5854270458221,10936,4780,10632,-201,-56,101,10108,-9472,8308,-18,186,-205,-14988,3876,2548,-966,132,-87,-14956,-2308,5236,-474,155,-114,0
1295.619087934494,10824,4788,10532,-211,-102,85,10028,-9728,8360,-51,182,-190,-14932,3988,2544,-960,129,-112,-14972,-2588,5364,-486,138,-51,0
1295.6524131298063,10828,4788,10444,-219,-112,137,10132,-9400,8184,-48,136,-213,-14916,3892,2656,-977,126,-106,-15056,-2592,5276,-493,169,-58,0
1295.686026096344,10916,4844,10652,-251,-106,126,9936,-9464,8428,-53,149,-177,-15016,3952,2552,-946,109,-88,-15072,-2536,4888,-481,131,-66,0
1295.7192840576172,10872,4780,10608,-262,-95,121,10068,-9472,8376,-41,181,-188,-15000,3960,2584,-970,127,-95,-14964,-2776,5196,-472,115,-67,0
1295.7528491020205,10856,4784,10468,-293,-96,131,10192,-9684,8280,-2,171,-182,-15000,3784,2560,-948,145,-89,-14976,-2564,5156,-460,158,-70,0
1295.7864470481873,10828,4792,10440,-282,-97,129,10112,-9224,8280,-14,154,-195,-14976,3900,2664,-950,156,-104,-14968,-2592,5096,-463,186,-49,0
1295.8200161457062,10844,4772,10516,-250,-143,141,10124,-9540,8272,-6,131,-202,-14948,3980,2600,-1001,142,-169,-15024,-2536,5088,-463,210,-98,0
1295.853728055954,10816,4800,10588,-282,-166,115,10000,-9340,8408,23,171,-234,-14924,3908,2584,-978,150,-165,-14964,-2708,5112,-445,211,-82,0
1295.8871829509735,10888,4832,10244,-182,-99,109,10048,-9388,8336,-34,161,-194,-14892,3984,2652,-953,134,-106,-15156,-2460,5140,-485,136,-96,0
1295.9205839633942,11240,4724,10512,-231,-140,113,10044,-9552,8396,18,137,-189,-15040,3944,2344,-1056,77,-49,-15040,-2312,5356,-487,150,-80,0
1295.9542260169983,10804,4768,10424,-232,-117,137,10048,-9336,8436,14,146,-163,-14960,4012,2648,-1008,128,-84,-14996,-2580,5084,-438,158,-91,0
1295.9878480434418,10804,5080,10936,-194,-109,97,10120,-9428,8316,-65,142,-219,-14928,3864,2668,-937,134,-121,-15024,-2504,4896,-482,191,-107,0
1296.0212359428406,10968,4760,10572,-239,-164,111,10100,-9456,8060,-5,143,-201,-14920,3984,2672,-1012,123,-138,-15028,-2484,5040,-463,203,-65,0
1296.0548729896545,10936,4708,10444,-197,-109,129,10144,-9388,8260,6,160,-159,-14968,3884,2612,-982,99,-55,-15056,-2632,5248,-510,104,-121,0
1296.0883481502533,10884,4788,10500,-225,-71,120,10204,-9432,8216,-21,172,-171,-15016,4060,2704,-938,99,-55,-14876,-2472,4944,-466,55,-122,0
1296.1245150566099,10820,4688,10576,-210,-125,100,10020,-9492,8276,-35,143,-170,-14912,3976,2644,-990,88,-88,-14944,-2588,5036,-761,137,-110,0
1296.160390138626,10812,4776,10604,-173,-139,109,10008,-9420,8264,251,144,-183,-15000,4072,2560,-983,158,-83,-14972,-2592,5164,-477,169,-98,0
1296.1954851150513,10860,4692,10572,-220,-182,142,9976,-9448,8384,253,123,-225,-14936,3888,2488,-995,158,-133,-14976,-2548,5108,-506,211,-84,0
1296.2319090366364,10984,4668,10588,-149,-142,153,9764,-9704,8412,-24,102,-241,-14980,3864,2704,-1056,130,-110,-14992,-2608,5192,-491,181,-116,0
1296.2681219577787,10852,4716,10696,-148,-144,113,10036,-9236,8248,-25,95,-205,-14892,3820,2732,-1036,141,-110,-15108,-2516,4900,-507,170,-122,0
1296.3030369281769,10892,4692,10500,-120,-100,101,10088,-9488,8336,-18,120,-181,-15048,4004,2724,-1052,87,-98,-15024,-2480,5044,-503,141,-148,0
1296.33856010437,10884,4776,10376,-54,-77,94,10112,-9352,7992,-41,136,-193,-14996,3792,2796,-1075,48,-48,-14960,-2600,5136,-524,131,-153,0
1296.373960018158,10980,4792,10664,-86,-73,97,10108,-9480,8404,-46,141,-190,-14936,3816,2552,-1031,62,-56,-15052,-2560,5084,-478,175,-140,0
1296.4101300239563,10932,4740,10256,-102,-104,98,10136,-9360,8200,-33,114,-174,-15036,3908,2372,-1013,84,1,-15024,-2556,5040,-497,138,-156,0
1296.4454140663147,10952,4752,10720,-91,-40,74,10060,-9372,8360,-29,138,-165,-14988,3960,2560,-1031,79,-55,-14860,-2448,5116,-498,141,-156,0
1296.4810490608215,10816,4812,10564,-91,-44,97,10068,-9452,8308,-16,154,-178,-14968,3664,2744,-1042,52,-46,-15004,-2588,4984,-495,95,-157,0
1296.5162019729614,10972,4648,10528,-86,-17,85,10048,-9276,8272,-20,131,-164,-14860,3904,2544,-1040,73,-24,-14864,-2576,5340,-495,127,-163,0
1296.5518260002136,10896,4728,10488,-114,-28,99,10060,-9280,8388,-51,116,-176,-15036,3952,2472,-999,65,-69,-14944,-2324,4868,-489,119,-159,0
1296.5874400138855,10804,4736,10552,-79,-58,101,10136,-9444,8248,-60,126,-157,-15008,3952,2708,-1022,99,-53,-15092,-2500,5152,-542,129,-147,0
1296.62335896492,10884,4712,10604,-101,-53,115,9952,-9412,8364,-41,86,-164,-14916,3912,2688,-1061,119,-66,-14988,-2524,5132,-535,160,-121,0
1296.658697128296,10960,4796,10668,-69,-30,146,10084,-9500,8352,-85,165,-126,-15208,3964,2408,-1163,143,-72,-15236,-2808,5040,-487,147,-129,0
1296.6942501068115,10772,4700,10676,-84,-74,88,10108,-9236,8240,-32,132,-202,-15040,3828,2540,-1016,88,-59,-15300,-2496,5016,-482,161,-139,0
1296.7298691272736,10888,4752,10448,-94,-30,88,10184,-9260,8220,-12,114,-180,-15020,3980,2388,-1078,68,-77,-15044,-2484,5188,-489,122,-151,0
1296.7672820091248,10904,4728,10456,-78,-21,94,10072,-9320,8208,-27,132,-156,-14932,3860,2668,-1064,47,238,-14952,-2560,4920,-497,110,-175,0
1296.8007791042328,10880,4804,10548,-84,-35,89,10236,-9528,8276,-32,108,-171,-14896,3936,2316,-1020,57,-255,-14988,-2424,5096,-508,93,-178,0
1296.8343830108645,10824,4732,10548,-105,-41,86,10164,-9404,8280,-73,134,-158,-14988,3904,2616,-1280,61,-77,-14956,-2540,5072,-517,125,-181,0
1296.8679540157318,10828,4784,10580,-97,-51,88,10076,-9488,8256,-41,133,-177,-14908,3900,2408,-1068,45,-86,-15008,-2800,5080,-506,137,-142,0
1296.9013760089874,10876,4832,10408,-119,-64,93,9968,-9396,8384,-3,86,-179,-14920,3880,2608,-1049,99,-78,-15060,-2380,5292,-766,173,-141,0
1296.9349420070648,10768,4960,10628,-113,-61,90,9732,-9408,8252,-35,197,-162,-14936,4008,2856,-1046,68,-100,-15016,-2704,5168,-534,175,-125,0
1296.968642950058,10844,4868,10612,-100,-62,96,10004,-9492,8268,-37,84,-188,-15008,4068,2696,-1009,88,-72,-15012,-2592,5112,-504,144,-126,0
1297.0022671222687,10836,4796,10660,-65,-43,104,10004,-9396,8324,-44,103,-173,-14928,3896,2700,-988,105,-71,-14992,-2544,5168,-765,157,-124,0
1297.03573513031,10820,4880,10552,-81,-62,132,10008,-9724,8252,-34,101,-174,-14948,3916,2792,-1021,117,-106,-15036,-2616,5020,-522,132,-118,0
1297.0694160461426,10804,4876,10500,-120,-55,151,10092,-9400,8240,-75,107,-174,-14968,3792,2540,-991,111,-112,-15348,-2576,5360,-485,116,-105,0
1297.1030740737915,10864,4832,10644,-137,-67,125,10176,-9688,8412,-77,162,-170,-14936,3948,2360,-965,95,-47,-14976,-2596,4980,-478,113,-118,0
1297.1365909576416,10892,4860,10444,-146,-52,97,10108,-9452,8232,-46,140,-124,-15072,3892,2524,-999,78,-34,-15068,-2604,5084,-508,91,-145,0
1297.1703479290009,10848,4748,10520,-135,-27,93,10064,-9472,8256,-11,171,-136,-14992,3852,2596,-1018,86,-35,-14956,-2608,5028,-474,106,-151,0
1297.2038609981537,10864,4608,10748,-178,-22,74,10012,-9444,8244,36,167,-160,-14948,3960,2660,-1013,48,-78,-15036,-2628,5144,-482,167,-121,0
1297.2373960018158,10696,4748,10432,-219,-73,54,10012,-9448,8328,3,200,-225,-14856,3972,2864,-964,107,-122,-14884,-2676,5248,-446,199,-124,0
1297.2710530757904,10716,4768,10684,-214,-113,56,10160,-9544,8312,21,190,-502,-14620,4016,2728,-968,136,-191,-14928,-2652,5368,-468,222,-97,0
1297.3044669628143,10596,4792,10684,-228,-174,87,9912,-9616,8312,60,159,-253,-14948,4084,2724,-1000,106,-147,-14912,-2636,5324,-470,237,-103,0
1297.3380661010742,10756,4796,10772,-245,-176,116,9976,-9560,8180,25,128,-4,-14944,4048,2668,-968,133,-206,-14972,-2668,5184,-470,233,-30,0
1297.371586084366,10836,4860,10484,-195,-181,149,10136,-9460,8256,-91,126,-280,-15068,3740,2696,-895,172,-171,-15188,-2340,4992,-493,217,-65,0
1297.4049141407013,10844,4804,10788,-1,-179,93,10216,-9308,7984,-62,181,-237,-15324,3752,2504,-925,106,-175,-15036,-2496,5048,-462,210,-90,0
1297.4386270046234,10976,4680,10480,-304,-90,99,10112,-9356,8128,12,503,-215,-14948,3900,2388,-948,80,-127,-14988,-2468,4884,-469,201,-80,0
1297.4719071388245,10964,4712,10372,-270,-61,104,10392,-9428,8016,33,166,-190,-15068,3744,2284,-907,74,-58,-15124,-2508,5056,-461,134,-111,0
1297.5056340694427,11004,4820,10524,-300,-19,104,10028,-9384,8280,41,207,-186,-15088,3736,2504,-952,77,-23,-15092,-2528,4996,-454,141,-73,0
1297.5391161441803,10992,4720,10716,-308,-75,85,10196,-9488,8312,4,241,-176,-15076,4064,2796,-975,82,-104,-14992,-2624,5352,-476,141,-110,0
1297.5725541114807,10860,4780,10524,-8,-96,115,10092,-9272,8328,19,208,-149,-14912,3864,2780,-1069,60,-104,-14908,-2444,5040,-480,166,-109,0
1297.6059529781342,10732,4844,10440,-275,-167,136,10024,-9452,8316,19,178,-181,-14812,3948,2584,-1278,87,-97,-15032,-2516,5172,-473,130,-93,0
1297.6392300128937,10808,4812,10592,-246,-101,136,10040,-9420,8360,-11,158,-195,-14932,3940,2868,-990,157,-55,-15008,-2572,5080,-489,113,-31,0
1297.6728301048279,10788,4756,10728,-266,-94,146,10024,-9516,8300,-7,125,-185,-14896,3952,2600,-1018,149,-45,-14896,-2528,5140,-465,136,-57,0
1297.7061519622803,10804,4724,10644,-3,-164,177,9972,-9688,8380,1,152,-186,-14884,4056,2808,-964,203,-168,-15088,-2564,5124,-496,196,-39,0
1297.7399380207062,10744,4784,10708,-240,-216,193,10028,-9420,8240,-12,73,-242,-14996,3844,2664,-945,235,-143,-14996,-2592,5100,-458,248,-27,0
1297.7729461193085,10888,4612,10568,-212,-252,178,10100,-9428,8344,-1,59,-266,-14968,3820,2624,-1001,189,-157,-15036,-2536,5068,-454,238,-39,0
1297.809760093689,10844,4712,10500,-229,-305,152,10200,-9268,8348,-18,126,-285,-15272,3920,2656,-967,134,-169,-15060,-2448,5232,-485,202,-84,0
1297.8456449508667,11008,4656,10656,-239,-245,127,10076,-9416,8220,3,167,-245,-15020,3868,2456,-1027,105,-190,-14928,-2456,5004,-473,186,-99,0
1297.8811991214752,10956,4544,10392,-230,-249,114,10200,-9388,8260,42,161,-213,-15024,3928,2604,-1016,6,-154,-14980,-2492,5036,-486,173,-138,0
1297.9172959327698,11012,4736,10264,-186,-188,88,10052,-9348,8304,39,162,-227,-14928,3916,2532,-1060,12,-161,-14896,-2440,5096,-485,197,-121,0
1297.9523720741272,10788,4640,10520,-228,-202,91,9804,-9364,8252,21,176,-235,-14964,3752,2528,-1010,73,-128,-15076,-2440,4872,-471,168,-74,0
1297.9877190589905,10844,4676,10540,-166,-191,95,10140,-9220,8172,-18,121,-203,-14988,3944,2776,-963,60,-126,-15064,-2500,5004,-507,162,-151,0
1298.0227921009064,11044,4692,10656,-145,-159,118,10080,-9456,8004,-10,143,-174,-14956,3924,2688,-1008,40,-56,-14880,-2612,5016,-482,158,-150,0
1298.0580761432648,10960,4696,10548,-119,-64,88,9920,-9272,8256,-47,136,-173,-14956,3812,2708,-996,69,-94,-15032,-2756,4952,-508,148,-140,0
1298.0936770439148,10952,4732,10624,-103,-43,92,10140,-9320,8400,-41,165,-192,-14976,3908,2524,-1020,91,-66,-15336,-2396,4996,-484,169,-152,0
1298.129359960556,11228,4584,10240,-151,-3,109,10104,-9400,8288,-29,113,-157,-15020,3948,2780,-1088,98,-68,-15036,-2312,4980,-485,146,-115,0
1298.1650021076205,11048,4752,10684,-104,-36,118,10020,-9284,8308,-17,175,-143,-15040,3824,2768,-1021,92,-45,-15072,-2804,5112,-490,120,-130,0
1298.2004320621493,10856,4720,10536,-130,-24,129,10028,-9388,8516,-49,102,-129,-15048,3964,2768,-979,95,-49,-15292,-2612,5356,-499,85,-147,0
1298.2355360984802,10948,4784,10456,-70,-66,115,10060,-9308,8320,-94,159,-144,-14928,3912,2752,-988,100,-74,-15100,-2464,5012,-527,138,-125,0
1298.2718570232391,10976,4744,10536,-57,-32,119,10012,-9368,8408,-52,112,-172,-14940,3988,2448,-1014,116,-64,-14960,-2404,5176,-484,124,-126,0
1298.3078701496124,10900,4604,10496,-117,-30,107,10176,-9352,8320,-22,104,-184,-14964,3988,2328,-976,110,-30,-14984,-2488,4984,-519,113,-153,0
1298.3434810638428,10952,4648,10516,-62,-10,90,10004,-9380,8192,-63,182,-94,-15164,4028,2424,-1050,94,-39,-15052,-2496,4948,-533,105,-171,0
1298.379086971283,11048,4680,10540,-78,31,73,10172,-9420,8272,-63,123,-143,-14896,3928,2584,-1000,65,-57,-15012,-2484,5000,-503,110,-149,0
1298.4140019416807,10996,4656,10588,-59,-22,88,10060,-9436,8336,-69,134,-165,-14936,3892,2564,-1053,95,-39,-15020,-2432,5052,-525,153,-158,0
1298.4505050182345,10884,4752,10384,-102,-34,97,10088,-9428,8272,-56,122,-189,-14908,3724,2640,-1019,125,-49,-14952,-2480,5096,-264,138,-132,0
1298.4839949607847,10868,4728,10552,-104,-30,104,10056,-9376,8328,-87,104,-178,-14980,3920,2756,-997,129,-89,-15076,-2636,5192,-501,130,-155,0
1298.5175240039825,10988,4744,10532,-56,-21,65,10116,-9480,8176,-115,153,-148,-15016,3928,2804,-1001,49,-47,-15136,-2452,5112,-538,87,-206,0
1298.5511000156405,10940,4736,10392,-96,-30,49,10080,-9432,8308,-7,150,-159,-14968,3944,2660,-1066,28,-37,-14984,-2668,5224,-518,133,-179,0
1298.5847399234772,10788,4820,10404,-69,34,72,10108,-9404,8284,-20,126,-159,-14796,3968,2768,-993,105,-54,-14912,-2444,5056,-502,126,-168,0
1298.6179780960083,10844,4764,10668,-33,-38,66,10116,-9384,8320,-82,107,-215,-15048,3952,2600,-974,67,-112,-15040,-2568,4908,-767,158,-167,0
1298.6513800621033,10864,4780,10380,-70,-93,93,10132,-9640,8296,-61,145,-161,-15040,3940,2548,-1032,91,-53,-15036,-2356,4876,-505,120,-147,0
1298.6848289966583,10948,4644,10488,-24,-27,115,10108,-9332,8284,-64,105,-144,-14920,3940,2776,-1276,112,-44,-14916,-2628,4928,-529,132,-127,0
1298.7183101177216,10940,4748,10556,-60,-26,113,10088,-9404,8248,-60,142,-158,-14884,3840,2692,-1022,104,-37,-15044,-2644,5064,-526,144,-144,0
1298.7518510818481,11196,4672,10616,-51,-11,92,10056,-9424,8168,-88,120,-140,-15064,3968,2560,-973,103,-15,-15020,-2608,5368,-493,139,-160,0
1298.7853620052338,10880,4720,10420,-102,-50,110,10028,-9244,8364,-29,135,-191,-14948,3944,2632,-1019,128,-92,-15020,-2768,4928,-484,123,-130,0
1298.8186190128329,10892,4668,10548,-57,-70,108,10048,-9616,8312,-32,128,-152,-15060,3984,2600,-1056,109,-81,-15036,-2796,5164,-549,164,-154,0
1298.8521389961245,10880,4736,10540,-87,-135,96,10048,-9452,8236,-24,112,-188,-14972,3956,2560,-1020,72,-95,-15040,-2744,4900,-526,181,-163,0
1298.8854320049286,10868,4696,10660,-61,-62,85,10040,-9664,8288,-49,138,-191,-14968,3904,2656,-1031,81,-86,-15004,-2316,5048,-507,160,-173,0
1298.9189410209656,10876,4772,10472,-89,-67,98,10104,-9424,8296,-7,147,-172,-15064,4016,2680,-1085,47,-66,-14968,-2576,4868,-521,164,-158,0
1298.9525351524353,11108,4768,10736,-133,-31,86,10100,-9452,8308,8,151,-168,-14884,4068,2788,-775,55,-62,-14996,-2616,5072,-515,118,-145,0
1298.9861860275269,10780,4832,10464,-106,-62,74,10008,-9376,8408,-72,131,-149,-14996,4008,2692,-973,78,-66,-15120,-2640,5040,-500,112,-140,0
1299.0197730064392,10832,4924,10544,-118,-81,86,10000,-9420,8400,-80,80,-172,-14964,3896,2612,-929,93,-71,-15096,-2536,5108,-498,123,-132,0
1299.053395986557,10892,4904,10584,-130,-62,112,9992,-9524,8252,-53,121,-176,-14956,3992,2864,-977,101,-65,-15044,-2656,4956,-499,149,-101,0
1299.0871770381927,10876,4792,10532,-131,-69,124,10088,-9472,8292,-36,86,-187,-14924,3920,2576,-998,137,-77,-15036,-2584,5164,-489,152,-122,0
1299.1204919815063,10824,4920,10540,-123,-65,120,10060,-9432,8308,-12,309,-106,-14956,4000,2616,-1025,156,-114,-15016,-2676,5036,-500,166,-130,0
1299.1537251472473,10672,4820,10472,-165,-71,95,10036,-9648,8240,-19,127,-177,-14964,3916,2800,-992,100,-113,-15020,-2648,5096,-479,168,-149,0
1299.187381029129,10844,4752,10624,-171,-94,106,10040,-9448,8524,-14,135,-202,-14912,3976,2576,-965,126,-102,-15040,-2800,4864,-491,169,-111,0
1299.2210049629211,10772,4840,10536,-183,-79,126,10068,-9500,8268,-3,146,-184,-14876,3940,2636,-976,136,-58,-15004,-2632,5312,-490,158,-95,0
1299.2544591426847,10876,4824,10744,-173,-115,119,10016,-9436,8368,-21,143,-192,-14984,3892,2664,-928,116,-101,-15348,-2584,5328,-479,149,-110,0
1299.2880120277405,10896,4744,10528,-184,-101,119,10060,-9388,8248,-49,134,-189,-14924,3896,2620,-962,124,-113,-15080,-2560,5168,-477,136,-80,0
1299.3214139938354,10840,4860,10360,-228,-121,128,10088,-9544,8124,-38,166,-201,-14996,3996,2648,-980,150,-106,-15024,-2636,5148,-468,189,-67,0
1299.354907989502,10892,4668,10552,-260,-132,118,9852,-9424,8272,-10,148,-206,-14984,4008,2588,-965,118,-98,-15032,-2568,5008,-478,202,-83,0
1299.3882160186768,10776,4780,10572,-246,-125,112,10040,-9704,8292,-43,157,-243,-14964,3944,2540,-959,140,-140,-15020,-2528,5016,-477,195,-66,0
1299.4217200279236,10856,4808,10548,-236,-147,127,10100,-9416,8356,17,184,-231,-15044,3872,2648,-957,118,-156,-15020,-2340,5104,-475,201,-62,0
1299.4549820423126,10824,4828,10444,-296,-152,101,10084,-9400,8248,4,196,-226,-14996,3972,2628,-926,125,-189,-15060,-2492,5156,-445,178,-51,0
1299.492269039154,10892,4740,10528,-201,-139,121,10096,-9236,8336,-54,187,-169,-15012,3944,2564,-974,89,-114,-14984,-2476,5108,-498,165,-113,0
1299.5277960300446,10912,4828,10492,-301,-178,152,10084,-9440,8280,18,162,-188,-14932,3928,2660,-1044,94,-116,-14992,-2392,5112,-475,164,-81,0
1299.5630209445953,10916,4796,10416,-238,-108,149,10100,-9388,8192,-32,119,-181,-14940,3872,2708,-955,151,-109,-15052,-2580,4956,-477,164,-76,0
1299.599061012268,10856,4752,10612,-278,-178,109,10064,-9392,8356,-14,157,-228,-14936,3872,2744,-982,132,-136,-14984,-2432,5224,-472,224,-57,0
1299.6339559555054,10892,4696,10340,-230,-165,145,10016,-9480,8268,27,132,-190,-14988,3976,2644,-775,92,-101,-15036,-2636,4884,-501,179,-87,0
1299.6693959236143,10948,4684,10496,-205,-122,124,10072,-9464,8328,5,160,-173,-14972,3852,2724,-988,97,-88,-15020,-2588,5064,-475,92,-96,0
1299.70445394516,10852,4676,10656,-235,-132,105,10056,-9508,8480,-13,141,-213,-14948,4052,2668,-948,120,-92,-14968,-2760,4996,-463,128,-119,0
1299.739671945572,10880,4716,10560,-221,-149,125,10116,-9428,8272,-25,136,-195,-14940,3888,2720,-989,112,-153,-14976,-2520,4948,-451,155,-87,0
1299.7749140262604,10924,4688,10480,-240,-186,124,10136,-9404,8208,-24,149,-239,-14908,3892,2600,-973,137,-127,-15020,-2592,5028,-477,194,-107,0
1299.809741973877,10928,4692,10460,-183,-172,131,10212,-9428,8376,-24,95,-221,-15012,3920,2732,-1279,143,-126,-15312,-2544,5068,-470,185,-98,0
1299.8456361293793,10960,4736,10480,-176,-185,127,10056,-9476,8364,-24,87,-214,-14876,3880,2804,-1005,130,-91,-14896,-2812,5352,-458,186,-103,0
1299.8836390972137,11208,4796,10504,-198,-132,122,10104,-9468,8252,-6,157,-216,-14996,3764,2504,-1036,133,-118,-15028,-2636,5072,-500,184,-134,0
1299.9202389717102,10956,4680,10688,-128,-123,106,9964,-9308,8504,-11,83,-223,-14932,3880,2508,-1010,108,-105,-14988,-2540,5080,-509,187,-99,0
1299.9554800987244,10944,4732,10604,-97,-95,104,10024,-9356,8272,-78,140,-210,-15036,3848,2804,-1000,52,-79,-14960,-2548,5356,-487,161,-123,0
1299.991688966751,10884,4748,10432,-109,-92,94,10032,-9312,8304,-59,145,-173,-14940,3840,2720,-978,103,-111,-15052,-2544,4960,-490,137,-124,0
1300.0275671482086,11100,4756,10684,-72,-92,97,10092,-9268,8380,-44,122,-174,-14960,3824,2608,-987,116,-96,-15040,-2524,5036,-494,175,-126,0
1300.063436985016,11004,4632,10540,-101,-77,94,10116,-9408,8324,-24,126,-183,-15036,3968,2476,-1036,80,-78,-15016,-2524,4992,-501,137,-119,0
1300.0992391109469,11000,4728,10504,-77,-98,110,10084,-9344,8332,-13,138,-174,-14948,3952,2504,-785,79,-69,-15004,-2788,5060,-517,156,-140,0
1300.1350951194763,10888,4796,10644,-92,-76,88,10096,-9412,8344,-42,120,-174,-14700,3912,2560,-993,87,-20,-14892,-2516,5028,-483,149,-133,0
1300.1686890125275,10944,4764,10384,-70,-43,106,10132,-9488,8340,-79,123,-164,-15052,3944,2424,-1002,73,-57,-15072,-2776,4888,-537,81,-158,0
1300.2023339271545,11056,4604,10504,-67,-24,88,10060,-9372,8276,-49,120,-142,-15036,3992,2616,-1065,39,-56,-15016,-2580,5168,-530,107,-149,0
1300.2357721328735,10820,4780,10744,-85,-18,110,10052,-9332,8300,-28,125,-130,-14864,3812,2764,-1009,89,-41,-15008,-2816,4952,-525,85,-111,0
1300.2692310810087,10808,4740,10548,-40,-54,121,10136,-9476,8276,-113,113,-159,-15028,3860,2524,-984,104,-33,-15108,-2556,5152,-768,159,-158,0
1300.302838087082,10864,4728,10576,-98,-61,101,10148,-9684,8252,-50,134,-152,-14944,4008,2456,-1042,93,-64,-14952,-2496,5012,-485,184,-123,0
1300.3364229202273,10844,4776,10564,-79,-22,107,10040,-9460,8252,-48,114,-153,-14976,3936,2672,-1071,65,-23,-15044,-2516,5116,-504,157,-150,0
1300.3700110912323,10904,4716,10444,-47,-6,91,10132,-9332,8252,-24,167,-165,-14976,4080,2576,-762,-61,-53,-15040,-2592,5268,-513,117,-195,0
1300.40328001976,10768,4784,10552,-67,-50,62,10096,-9468,8152,-94,204,-166,-14928,3940,2664,-1013,49,-70,-15008,-2492,4888,-509,122,-196,0
1300.4368081092834,10780,4784,10580,-82,-54,77,10056,-9548,8380,-79,145,-173,-15040,3976,2720,-1041,25,-48,-15016,-2548,5288,-508,162,-181,0
1300.4706461429596,10548,4800,10536,-61,-28,81,10176,-9428,8408,-44,137,-172,-14896,3920,2728,-1054,75,-51,-14924,-2376,5100,-540,184,-171,0
1300.50381398201,10840,4856,10388,-35,-39,86,9968,-9316,8416,-27,223,-121,-14928,4028,2592,-1077,109,-89,-14948,-2580,5052,-518,175,-125,0
1300.5374259948733,10888,4824,10524,-60,-56,127,10080,-9336,8412,-89,89,-182,-15060,3956,2808,-1024,114,-99,-14992,-2576,5068,-512,169,-109,0
1300.5710880756378,10780,4756,10524,-115,-60,103,10172,-9412,8300,-53,99,-175,-14896,4080,2568,-1009,106,-97,-14980,-2612,4996,-473,158,-147,0
1300.6044130325317,10872,4820,10500,-86,-37,130,10028,-9472,8340,-18,127,-169,-15048,3924,2568,-769,119,-74,-15056,-2332,5108,-519,145,-127,0
1300.6376509666443,10852,4732,10456,-75,-37,125,10088,-9232,8236,-51,123,-175,-15072,4016,2576,-1005,81,-90,-14896,-2628,4864,-490,148,-134,0
1300.671117067337,10916,4712,10556,-75,-34,94,10060,-9448,8236,-61,100,-187,-15008,4076,2692,-983,99,-89,-15036,-2600,5004,-264,167,-165,0
1300.7043960094452,10848,4764,10536,-108,-64,80,10064,-9448,8380,-64,248,-154,-15080,4024,2672,-1277,117,-63,-14968,-2516,4920,-483,166,-125,0
1300.7379550933838,10856,4756,10548,-98,-65,100,10068,-9420,8344,-58,109,-198,-15076,3960,2708,-1018,107,-62,-15152,-2580,4884,-767,148,-147,0
1300.771635055542,10784,4868,10596,-107,-38,70,10092,-9392,8256,-24,122,-187,-15028,3944,2520,-1009,88,-59,-15132,-2620,5072,-493,158,-169,0
1300.8051540851593,10804,4796,10528,-132,-57,105,10152,-9460,8272,-13,113,-173,-15068,3932,2588,-1015,74,-112,-14952,-2644,4992,-487,164,-139,0
1300.8386371135712,10876,4856,10596,-148,-58,76,10080,-9484,8220,-38,124,-225,-14956,3992,2612,-960,135,-115,-15036,-2596,5112,-489,177,-91,0
1300.8721630573273,10940,4788,10508,-92,-73,101,10028,-9240,8428,-84,151,-169,-14928,3992,2608,-984,76,-92,-14992,-2620,4952,-507,147,-138,0
1300.9054310321808,10888,4620,10452,-121,-102,95,10092,-9476,8388,-31,134,-165,-14988,3980,3028,-1040,73,-69,-15024,-2676,4992,-531,141,-109,0
1300.938665151596,10824,4952,10556,-128,-35,116,10008,-9452,8376,-32,136,-149,-14936,3908,2724,-987,123,-63,-15008,-2692,5068,-488,121,-86,0
1300.9722640514374,10872,4968,10408,-175,-69,97,10136,-9396,8432,-72,209,-159,-15032,3840,2676,-895,68,-107,-15120,-2656,5108,-474,125,-97,0
1301.0058419704435,11044,4840,10320,-207,-47,83,10096,-9540,8300,6,182,-157,-14912,3924,2836,-977,55,-88,-14948,-2608,5048,-495,167,-122,0
1301.0395889282229,10836,4860,10428,-195,-51,112,10104,-9396,8312,14,162,-156,-14980,3984,2600,-985,56,-50,-14928,-2648,5092,-511,147,-100,0
1301.0732381343842,10924,4968,10300,-213,-52,100,10024,-9488,8344,-21,196,-184,-15012,3964,2640,-915,100,-33,-15100,-2604,5320,-485,139,-89,0
1301.1068840026855,10808,4816,10588,-219,-76,92,9996,-9528,8292,-53,202,-189,-14968,4000,2692,-897,117,-81,-15092,-2808,5032,-471,189,-70,0
1301.1400380134585,10848,4804,10564,-223,-125,101,10028,-9444,8220,-54,185,-219,-14888,3920,2620,-967,94,-112,-14952,-2568,5084,-499,198,-74,0
1301.1774301528933,10728,4748,10516,-274,-107,122,10048,-9380,8164,254,156,-224,-14816,4092,2632,-946,147,-126,-15032,-2592,5112,-456,172,-80,0
1301.2128710746763,10784,4732,10532,-230,-78,117,10072,-9456,8064,-16,148,-191,-15016,3984,2568,-968,128,-68,-15024,-2812,5160,-455,174,-60,0
1301.2491319179535,10884,4776,10488,-293,-111,144,10096,-9476,8280,-33,194,-177,-15052,3944,2764,-944,147,-127,-15072,-2600,5052,-455,175,-44,0
1301.2841739654539,10920,4712,10600,-280,-91,155,10080,-9460,8288,8,182,-222,-14996,3804,2624,-950,148,-137,-15036,-2588,5108,-470,210,-51,0
1301.3201370239258,10940,4848,10404,-274,-149,138,10132,-9388,8292,18,142,-202,-15032,3904,2668,-981,155,-157,-14976,-2776,4944,-479,184,-91,0
1301.355129957199,10872,4768,10568,-216,-172,141,10032,-9472,8304,27,161,-222,-15048,3916,2492,-934,142,-87,-15012,-2616,4928,-463,171,-89,0
1301.390321969986,10892,4752,10624,-243,-154,137,10052,-9392,8204,-24,142,-225,-15064,3756,2904,-952,152,-110,-15328,-2544,5104,-456,171,-80,0
1301.4256360530853,10912,4752,10560,-268,-161,118,10092,-9420,8284,-19,161,-220,-15024,3888,2668,-981,116,-100,-15008,-2784,5128,-469,177,-98,0
1301.4608409404755,10884,4828,10656,-244,-142,149,10136,-9516,8400,-18,133,-200,-14952,3944,2516,-1000,133,-156,-15116,-2608,5032,-469,173,-100,0
1301.496140956879,10840,4828,10588,-231,-183,141,10092,-9472,8428,-7,157,-226,-15112,4068,2632,-992,127,-151,-14992,-2608,5012,-472,183,-89,0
1301.532310962677,10988,4760,10636,-211,-149,117,10040,-9412,8256,-13,135,-227,-14940,3968,2644,-1005,148,-154,-15044,-2512,5100,-457,203,-98,0
1301.5677239894867,10984,4752,10348,-227,-172,157,9784,-9424,8436,-45,178,-197,-14928,3872,2568,-988,133,-87,-15020,-2780,5048,-496,149,-69,0
1301.6027851104736,11020,4860,10604,-156,-140,155,10076,-9448,8288,-58,120,-183,-15068,3984,2576,-994,127,-59,-14992,-2532,5044,-532,123,-124,0
1301.6387150287628,10792,4756,10456,-213,-132,141,10036,-9500,8348,7,120,-160,-15036,3812,2712,-1051,102,-99,-14948,-2592,5096,-502,155,-116,0
1301.673800945282,10896,4728,10400,-179,-97,143,10056,-9424,8332,-72,116,-184,-15024,3888,2608,-985,131,-106,-15140,-2704,5024,-489,168,-87,0
1301.709384918213,10996,4652,10416,-179,-146,83,10024,-9480,8416,-66,126,-511,-14996,3872,2620,-1000,109,-134,-15036,-2520,5000,-489,229,-82,0
1301.7443721294403,10940,4660,10440,-109,-101,104,10004,-9360,8260,-46,133,-198,-14992,3880,2692,-1041,84,-102,-15076,-2320,4924,-498,173,-128,0
1301.7795691490173,11196,4740,10424,-91,-71,63,10148,-9348,8420,-14,131,-151,-15088,3860,2596,-995,29,-52,-14992,-2572,5148,-503,68,-198,0
1301.815514087677,10964,4768,10660,-83,-44,73,10088,-9400,8364,-62,147,-169,-14916,3872,2604,-1036,70,-99,-15016,-2640,5028,-530,111,-164,0
1301.8489370346067,10964,4716,10352,-103,-107,105,10032,-9456,8272,-38,145,-191,-14948,3868,2548,-1276,82,-65,-14896,-2424,4908,-492,188,-144,0
1301.882355928421,10940,4764,10492,-89,-75,87,10168,-9472,8308,-30,123,-162,-14940,3980,2552,-1043,94,-64,-15068,-2452,5036,-489,182,-154,0
1301.9157481193545,10932,4656,10532,-63,-86,102,10016,-9420,8452,-26,124,-199,-14924,3980,2696,-1035,79,-103,-15040,-2424,5164,-496,150,-128,0
1301.9494400024414,10932,4792,10240,-48,-103,130,10132,-9340,8392,-53,104,-171,-14888,3956,2716,-1031,76,-116,-15044,-2672,5028,-266,118,-163,0
1301.983078956604,10892,4696,10540,-77,-64,102,10120,-9384,8476,-62,116,-159,-15076,3924,2616,-1036,63,-85,-15024,-2596,5116,-518,105,-165,0
1302.0168950557709,10980,4772,10504,-65,-37,89,10044,-9456,8400,-62,110,-140,-15220,3936,2736,-987,99,-75,-14876,-2812,5024,-533,106,-149,0
1302.050495147705,10856,4816,10524,-57,-24,82,10116,-9336,8352,-68,117,-150,-15024,3596,2736,-776,47,-21,-15000,-2800,5052,-765,158,-180,0
1302.084016084671,10972,4720,10432,-86,-61,112,10088,-9404,8228,-89,101,-178,-14960,3860,2752,-992,98,-29,-15016,-2508,4996,-482,172,-114,0
1302.1177380084991,11000,4860,10636,-51,-88,99,10048,-9724,8300,-92,119,-198,-14948,3888,2516,-988,121,-102,-15032,-2448,5096,-531,180,-122,0
1302.1509890556335,10988,4724,10480,-35,-42,94,10012,-9492,8348,-23,92,-186,-15028,3988,2460,-1050,57,-116,-15004,-2556,5232,-500,200,-143,0
1302.1843819618223,10884,4744,10416,-73,-43,115,10024,-9376,7984,-6,125,-169,-15100,3896,2596,-1021,110,-62,-15016,-2632,5016,-488,136,-151,0
1302.2179191112518,10944,4752,10512,-31,-12,51,10052,-9472,8244,-80,135,-181,-15048,3892,2680,-1016,42,-51,-15036,-2564,5176,-500,133,-164,0
1302.251403093338,10996,4804,10332,-85,-71,83,10180,-9484,8376,-38,149,-125,-14984,3928,2764,-780,23,-41,-15088,-2576,5016,-501,87,-172,0
1302.2849750518799,10980,4888,10516,-41,31,89,10160,-9420,8656,-42,106,-102,-14916,3896,2516,-1080,76,-35,-15116,-2636,5128,-531,109,-137,0
1302.318578004837,10804,4852,10392,-49,25,87,10072,-9356,8292,-65,139,-122,-15044,3600,2692,-1046,46,243,-15048,-2740,5100,-546,109,-146,0
1302.3517999649048,10764,4864,10708,-56,1,93,10044,-9468,8184,-102,117,-151,-14924,3936,2772,-1006,65,249,-15012,-2596,5116,-508,126,-146,0
1302.3852140903473,10832,4824,10520,-126,-16,77,10020,-9696,8044,-53,140,-160,-14932,3920,2612,-997,113,-24,-15096,-2544,5032,-508,157,-145,0
1302.4187700748444,10920,4884,10636,-81,-49,116,9928,-9520,8280,-62,130,-212,-14964,3976,2624,-1040,72,-94,-14904,-2644,5060,-514,206,-123,0
1302.4523100852966,10812,4732,10500,-62,-83,98,9980,-9472,8256,17,103,-210,-14932,3896,2784,-1048,110,-115,-14988,-2640,5020,-503,179,-121,0
1302.4858629703522,10848,4760,10504,-96,-56,94,10008,-9416,8244,-39,112,-209,-14908,3992,2652,-1017,50,-162,-15348,-2572,5088,-525,188,-130,0
1302.5194540023804,10820,4712,10600,-104,-46,75,10124,-9572,8248,-18,111,-186,-14888,3992,2516,-1060,52,-67,-15320,-2536,4872,-526,154,-135,0
1302.5529389381409,10940,4788,10504,-96,-82,86,10060,-9720,8240,-28,140,-180,-14880,3924,2616,-777,64,-87,-14968,-2636,5044,-532,166,-144,0
1302.5866661071775,10824,4616,10460,-111,-62,88,10036,-9476,8240,-37,138,-159,-14948,3904,2636,-979,85,-71,-15084,-2636,5100,-519,152,-131,0
1302.6202239990234,10828,4632,10628,-140,-40,98,10036,-9388,8312,-62,148,-186,-14876,3832,2776,-921,164,-79,-15052,-2640,5012,-491,161,-99,0
1302.6537539958954,10876,4832,10268,-189,-58,104,10056,-9692,8296,-48,94,-176,-14956,3848,2688,-1004,141,-77,-15060,-2624,4964,-488,153,-97,0
1302.687215089798,10976,4908,10624,-154,-65,139,10024,-9392,8280,-30,82,-188,-14936,3920,2632,-1026,107,-99,-15076,-2660,4952,-517,155,-123,0
1302.7208271026611,10932,4820,10400,-156,-63,117,10128,-9452,8208,254,150,-157,-15028,3904,2540,-1005,76,-71,-14984,-2816,5136,-505,147,-137,0
1302.7543370723724,10848,4848,10484,-168,-58,80,10016,-9396,8304,-13,126,-192,-14948,3956,2784,-965,105,-88,-14972,-2700,4956,-504,149,-68,0
1302.787789106369,10908,4732,10416,-206,-94,102,10100,-9700,8312,-5,222,-167,-15072,3948,2768,-1000,94,-114,-15104,-2736,5328,-492,164,-98,0
1302.8209891319275,11244,4852,10672,-196,-94,127,10068,-9472,8328,-44,156,-167,-15040,4020,2884,-963,112,-109,-15116,-2588,5028,-499,158,-75,0
1302.8587081432345,10772,4956,10540,-240,-78,114,10084,-9480,8328,-55,176,-164,-14856,3876,2652,-943,140,-78,-15072,-2644,4948,-481,169,-91,0
1302.8939471244812,10788,4616,10624,-244,-81,127,10036,-9464,8256,-26,134,-164,-15000,3912,2592,-950,150,-102,-14936,-2564,5140,-488,172,-64,0
1302.9296131134033,10756,4796,10604,-277,-97,132,10024,-9392,8168,-35,184,-185,-15024,3948,2828,-891,115,-135,-15048,-2624,5012,-478,180,-58,0
1302.9647779464722,10980,4800,10628,-279,-99,133,10120,-9620,8360,6,159,-211,-14924,3972,2600,-970,135,-162,-14988,-2540,5300,-473,221,-67,0
1303.0001709461212,10768,4820,10488,-244,-120,136,10084,-9376,8380,-12,139,-222,-15000,3992,2776,-974,122,-134,-15116,-2800,5324,-488,187,-87,0
1303.0354580879211,10992,4732,10652,-254,-210,144,10080,-9696,8308,-255,136,-218,-14976,3960,2680,-967,150,-154,-15012,-2796,4948,-461,199,-67,0
1303.0712630748749,10864,4844,10320,-218,-121,124,10084,-9420,8396,-68,145,-204,-15068,3912,2640,-964,160,-114,-15152,-2476,4956,-492,115,-78,0
1303.1071100234983,10980,4712,10448,-259,-78,97,10072,-9424,8376,-38,141,-177,-14872,3644,2756,-1043,46,-55,-14940,-2472,5016,-496,135,-106,0
1303.1424510478973,10888,4788,10552,-507,-140,149,10228,-9348,8424,30,96,-179,-14956,3780,2780,-1034,103,-87,-15048,-2640,5012,-470,156,-100,0
1303.1787469387054,10896,4908,10708,-196,-142,100,10040,-9332,8368,-28,167,-229,-14960,3948,2696,-997,139,-147,-15084,-2660,5072,-469,242,-73,0
1303.2139580249789,10996,4708,10504,-271,-140,138,10012,-9228,8360,5,128,-215,-14972,3868,2620,-1034,115,-152,-15140,-2500,4960,-482,215,-75,0
1303.2492890357971,10788,4788,10704,-187,-145,161,10052,-9376,8000,-8,138,-186,-15020,3960,2796,-1028,82,-103,-15120,-2716,5000,-492,143,-122,0
1303.2845330238342,10916,4704,10420,-195,-104,130,10004,-9384,8484,-25,169,-192,-14944,3896,2976,-882,46,-104,-15080,-2536,5040,-475,101,-129,0
1303.319813966751,11004,4780,10664,-192,-138,112,10112,-9244,8264,-70,139,-206,-14968,3948,2508,-987,108,-103,-15140,-2512,4956,-488,201,-84,0
1303.3549571037292,10880,4724,10404,-158,-121,126,10116,-9420,8424,-21,127,-199,-15016,3944,2692,-1012,151,-130,-15064,-2604,5032,-488,197,-95,0
1303.3907899856567,10972,4744,10312,-182,-155,128,9776,-9384,8432,-33,122,-210,-14872,3912,2552,-1015,125,-111,-14924,-2560,4976,-474,195,-85,0
1303.426029920578,10932,4688,10624,-86,-132,145,10120,-9328,8248,-38,122,-225,-15024,3904,2568,-771,149,-77,-15004,-2600,5128,-498,157,-110,0
1303.4616830348969,10924,4764,10424,-118,-101,116,10312,-9420,7932,-29,-91,-236,-14888,4008,2532,-997,121,-85,-15068,-2552,4932,-533,166,-104,0
1303.4973890781405,11244,4740,10736,-124,-42,77,10032,-9340,8392,14,183,-167,-15052,3864,2812,-1055,58,-111,-14956,-2684,5008,-259,142,-159,0
1303.530961036682,10940,4712,10508,-129,-69,89,10108,-9388,8324,-24,137,-157,-14976,3896,2672,-1021,72,-80,-14944,-2792,4956,-500,149,-149,0
1303.5644891262054,10824,5072,10708,-118,-92,98,10076,-9332,8268,-55,162,-192,-15048,3816,2708,-1010,44,-79,-14984,-2652,5348,-517,162,-151,0
1303.5982120037079,10940,4804,10624,-105,-77,84,10068,-9392,8280,-26,117,-197,-15168,3692,2848,-1000,69,-61,-15060,-2372,4976,-512,159,-134,0
1303.631441116333,10896,4736,10660,-95,-84,91,10176,-9356,8228,-80,109,-193,-14940,3908,2576,-1025,91,-83,-15064,-2792,5028,-496,161,-115,0
1303.664834022522,11192,4816,10548,-77,-86,95,10120,-9444,8232,-8,106,-190,-15040,3932,2648,-1007,117,-103,-14872,-2784,5032,-511,136,-138,0
1303.6983959674835,10984,4620,10528,-93,-65,97,10092,-9420,8224,-39,148,-207,-14928,3752,2604,-1018,81,-64,-15060,-2684,4960,-495,115,-133,0
1303.7342870235443,10960,4816,10464,-138,-106,107,10076,-9372,8292,-56,144,-176,-14936,3908,2596,-1009,110,-64,-15032,-2724,4964,-493,119,-130,0
1303.7679240703583,10968,4728,10512,-49,-73,112,10032,-9384,8228,-79,106,-149,-15040,3936,2608,-990,100,-25,-15124,-2596,4992,-529,126,-140,0
1303.8015711307526,10888,4724,10464,-72,-55,117,10172,-9420,8268,-62,124,-138,-14968,3964,2640,-1042,86,-93,-15104,-2620,4940,-514,139,-144,0
1303.8348989486694,10900,4816,10660,-64,-15,116,10484,-9416,8660,-22,102,-140,-14892,3628,2776,-1103,98,-42,-15132,-2648,5080,-527,121,-135,0
1303.8682861328125,10956,4800,10392,-22,-68,73,10096,-9468,8224,-75,152,-171,-14940,3872,2580,-1001,71,-23,-15028,-2528,4972,-525,145,-145,0
1303.901750087738,10900,4740,10408,-114,-73,69,10108,-9480,8232,-33,131,-171,-14876,4064,2596,-1039,64,-61,-15040,-2512,5060,-505,184,-139,0
1303.934946060181,11056,4712,10584,-76,-19,101,10060,-9448,8140,-14,111,-152,-14956,3892,2608,-1078,60,-73,-15072,-2664,5048,-514,123,-176,0
1303.968721151352,10916,4832,10356,-95,3,85,10136,-9488,8220,-47,130,-158,-14956,3928,2712,-1039,48,-40,-14996,-2716,4908,-515,102,-171,0
1304.00240111351,10900,5088,10564,-96,-41,70,9892,-9448,8340,-43,179,-154,-14968,4000,2644,-1280,92,-82,-15032,-2728,4984,-508,148,-174,0
1304.0358250141144,10804,4796,10540,-73,-4,91,10096,-9364,8364,-73,167,-163,-14848,3952,2760,-1005,74,-54,-14956,-2792,4924,-522,151,-150,0
1304.0691521167755,10980,4812,10516,-98,-74,87,10024,-9384,8128,-27,113,-171,-14944,3892,2572,-1048,72,-71,-14912,-2584,5076,-265,169,-166,0
1304.1028780937195,10872,4804,10632,-67,-32,97,10008,-9432,8232,-36,100,-186,-14936,3980,2664,-1056,117,-110,-15000,-2676,5008,-531,191,-156,0
1304.1361880302427,10968,4620,10740,-63,-74,107,9776,-9432,8332,-25,123,-158,-14936,3988,2740,-1009,98,-92,-15088,-2728,5104,-516,174,-123,0
1304.1699509620669,10872,4860,10492,-72,-44,99,10092,-9700,8420,-48,101,-150,-15024,3856,2840,-1027,84,-68,-15004,-2592,5052,-501,147,-142,0
1304.2034969329834,10912,4848,10408,-87,-29,102,10080,-9296,8432,-22,118,-175,-14944,3848,2692,-1055,99,-48,-15092,-2624,4948,-765,162,-132,0
1304.2369310855865,10804,4892,10492,-91,-30,100,10180,-9340,8456,-48,81,-172,-15044,3788,2608,-993,103,-62,-15052,-2604,4956,-259,145,-106,0
1304.2705271244047,10892,4684,10740,-110,-69,121,10168,-9536,8380,-71,150,-188,-14904,3848,2804,-1000,104,-72,-14972,-2316,5028,-515,156,-119,0
1304.3042559623718,10968,4820,10580,-132,-65,115,9984,-9400,8316,-41,131,-181,-14956,3928,2736,-971,100,-114,-15008,-2664,4944,-476,161,-127,0
1304.3375401496887,10904,4712,10584,-145,-50,117,10040,-9472,8216,-36,151,-182,-15040,4008,2664,-1024,108,-63,-14960,-2676,5084,-511,155,-116,0
1304.371083021164,10892,4764,10480,-113,-58,115,9944,-9268,8216,-14,227,-169,-14980,3940,2600,-1053,114,-76,-15096,-2644,5108,-503,144,-134,0
1304.404314994812,10864,4748,10320,-131,-31,97,10104,-9424,8176,-26,162,-140,-15088,3888,2632,-1272,122,-99,-14976,-2760,5136,-760,155,-117,0
1304.4377191066742,10772,5084,10312,-129,-77,92,10124,-9396,8168,-39,105,-194,-14964,3872,2644,-982,126,-105,-14952,-2576,5080,-492,123,-101,0
1304.4711921215057,10940,4836,10624,-116,-52,119,10120,-9516,8416,-45,162,-149,-15012,4060,2836,-972,100,-45,-15056,-2780,4952,-530,120,-143,0
1304.5043160915375,10800,5040,10444,-175,-69,140,10052,-9500,8136,-6,131,-161,-14884,3876,2664,-1051,76,-75,-15036,-2668,5040,-496,151,-109,0
1304.5417280197144,10852,4932,10420,-160,-14,122,10120,-9500,8252,-49,161,-155,-14928,3896,2716,-989,108,-95,-15092,-2584,5060,-478,135,-102,0
1304.577692985535,10928,5032,10408,-197,-88,80,10108,-9560,8384,-15,181,-178,-15020,3852,2732,-972,96,-124,-14992,-2528,5064,-492,173,-102,0
1304.6127021312714,10872,4784,10540,-183,-66,107,10136,-9720,8240,16,140,-189,-15020,3844,2536,-1001,94,-112,-14932,-2656,4940,-491,190,-113,0
1304.648066997528,10916,4920,10264,-184,-102,107,10036,-9472,8360,-44,164,-185,-14992,3920,2704,-958,102,-64,-14944,-2628,5028,-507,127,-119,0
1304.6839001178741,10944,5116,10712,-220,-69,79,10048,-9232,8272,-52,159,-208,-15036,3936,2640,-919,89,-111,-14956,-2636,5024,-474,150,-150,0
1304.7198250293732,10780,4848,10512,-247,-84,104,10040,-9456,8200,-59,203,-187,-14916,3992,2720,-936,104,-129,-14928,-2672,5116,-483,165,-98,0
1304.7551341056824,10856,4792,10388,-240,-52,124,10240,-9468,8352,-11,187,-185,-14940,3928,2784,-976,152,-123,-15044,-2664,5180,-471,188,-65,0
1304.7907741069794,10716,4892,10548,-272,-99,157,10048,-9304,8184,-23,146,-201,-14724,4004,2780,-968,159,-157,-14968,-2816,4892,-460,199,-66,0
1304.8260581493378,10876,4840,10512,-268,-138,151,10036,-9552,8304,-13,149,-196,-14952,3988,2800,-950,155,-146,-15004,-2544,5092,-446,193,-67,0
1304.8625090122223,10904,4692,10480,-510,-124,172,10160,-9508,8256,-13,176,-196,-14988,3964,2740,-960,159,-104,-15036,-2720,4980,-477,191,-67,0
1304.903804063797,10976,4812,10636,-245,-166,152,10020,-9416,8372,2,156,-206,-14996,3976,2704,-968,123,-127,-15028,-2624,5008,-486,193,-71,0
1304.9395580291748,10964,4860,10584,-247,-130,112,10032,-9720,8432,-43,170,-194,-15000,3960,2580,-984,123,-128,-15056,-2668,5104,-473,188,-70,0
1304.9748749732971,10844,4796,10456,-235,-145,132,10116,-9512,8320,-20,163,-222,-14980,3868,2712,-946,147,-103,-14852,-2760,4916,-449,174,-53,0
1305.0103659629822,10964,4788,10472,-217,-183,147,10056,-9488,8280,-21,144,-224,-14996,3796,2708,-962,141,-128,-15004,-2568,4804,-476,212,-54,0
1305.0455651283264,10920,4804,10600,-227,-169,121,10124,-9476,8272,-21,146,-208,-14928,3920,2568,-1008,111,-124,-15036,-2536,5068,-484,180,-71,0
1305.0814759731293,10964,4748,10456,-191,-164,142,10092,-9564,8240,5,127,-216,-15060,3916,2648,-1029,124,-158,-15032,-2588,5028,-481,171,-91,0
1305.1175980567932,10972,4680,10372,-179,-168,108,10096,-9420,8308,-10,147,-223,-15044,3888,2592,-1019,116,-147,-15136,-2688,5120,-486,170,-99,0
1305.1523439884186,10832,4760,10580,-203,-136,113,10080,-9256,8420,-31,136,-202,-14980,3952,2844,-965,165,-96,-15052,-2756,4660,-489,163,-110,0
1305.1877529621124,10996,4784,10712,-167,-120,134,10024,-9500,8344,-19,108,-194,-14940,3912,2572,-773,166,-63,-14852,-2608,4932,-495,143,-87,0
1305.2211921215057,10920,4860,10320,-214,-134,148,10140,-9364,8428,9,93,-204,-14912,3816,2484,-1059,136,-81,-14984,-2688,5024,-497,174,-98,0
1305.2548179626465,10756,4832,10408,-175,-129,123,10036,-9476,8328,-24,137,-203,-14676,3816,2636,-972,138,-97,-15020,-2648,4980,-483,142,-96,0
1305.2884230613708,10996,4824,10692,-148,-116,124,10176,-9524,8212,-24,131,-200,-15024,3960,2348,-959,117,-128,-15020,-2480,4928,-462,186,-81,0
1305.3217511177063,11184,4692,10580,-171,-155,131,10144,-9516,8440,-6,135,-182,-14948,3924,2460,-1061,39,-109,-15068,-2516,5088,-480,171,-123,0
1305.355169057846,10964,4776,10372,-114,-99,96,10124,-9344,8248,-9,122,-165,-14940,3888,2732,-1041,57,-69,-15152,-2568,4956,-505,110,-167,0
1305.388456106186,10940,4744,10420,-129,-50,90,10052,-9236,8352,-51,140,-168,-14896,3904,2752,-1034,46,-59,-15036,-2584,5116,-502,82,-157,0
1305.4218289852142,10836,4740,10448,-85,-67,80,10072,-9444,8360,-67,174,-180,-14948,3900,2612,-1017,83,-68,-15020,-2332,4956,-503,139,-149,0
1305.4554510116575,10876,4760,10268,-64,-95,96,10120,-9480,8088,-42,167,-168,-14916,3940,2472,-996,80,-66,-15016,-2604,5084,-493,170,-141,0
1305.4890739917755,10844,4660,10400,-131,-140,105,10008,-9380,8252,-254,88,-225,-14972,3848,2800,-1064,111,-68,-14900,-2528,5100,-479,173,-97,0
1305.522676944733,10908,4768,10468,-51,-88,111,10132,-9332,8240,-36,99,-201,-14948,3976,2716,-1012,118,-118,-14916,-2572,5036,-492,135,-153,0
1305.5560760498047,10884,4616,10532,-80,-110,121,10148,-9500,8036,-40,123,-182,-14952,4088,2716,-988,98,-108,-15032,-2676,5268,-499,114,-163,0
1305.5899579524994,10880,4748,10472,-72,-85,75,10056,-9288,8404,-32,128,-165,-15020,3932,2376,-1047,77,-92,-15000,-2764,4984,-518,142,-157,0
1305.6234550476074,10932,4760,10616,-56,-96,108,10164,-9384,8292,-48,132,-167,-15000,3800,2600,-1042,73,-71,-14936,-2644,5112,-477,124,-164,0
1305.656944990158,10996,4840,10416,-71,-83,100,10116,-9424,8248,-75,121,-164,-15004,3864,2616,-980,99,-55,-15012,-2692,5116,-513,126,-123,0
1305.6904480457306,10920,4864,10312,-85,-88,123,9984,-9360,8436,-77,98,-162,-15000,3964,2724,-989,102,-43,-15060,-2328,4924,-479,116,-125,0
1305.7239379882812,11080,4808,10520,-92,-42,76,10216,-9664,8192,-76,116,-165,-14968,4072,2360,-1024,95,-75,-14888,-2464,5004,-257,142,-118,0
1305.7573149204254,10796,4868,10352,-113,-75,140,10096,-9372,8292,254,80,-166,-14896,3696,2340,-1080,111,-40,-14944,-2684,4888,-480,142,-136,0
1305.7908260822296,10876,4908,10392,-21,-15,102,10052,-9428,8132,-78,110,-176,-15036,3952,2576,-1008,97,-52,-15352,-2800,4896,-490,130,-137,0
1305.8243260383606,11220,4808,10664,-89,-71,118,10184,-9492,8228,-23,92,-192,-14952,3920,2712,-1023,71,-59,-14992,-2444,4924,-506,125,-152,0
1305.8579609394073,11036,4824,10356,-31,-11,105,10180,-9480,8248,-31,98,-144,-14940,3988,2760,-1054,71,-117,-15028,-2640,5020,-529,82,-155,0
1305.891112089157,10868,4780,10388,-44,14,117,10172,-9452,8292,-24,126,-123,-15036,3824,2704,-831,-53,218,-15000,-2756,5108,-545,101,-185,0
1305.9244329929352,10844,4656,10544,-62,-8,85,9852,-9428,8196,-33,219,-135,-14936,3936,2840,-1015,38,-16,-15004,-2596,4932,-514,76,-149,0
1305.958317041397,10952,4924,10652,-89,-49,72,10052,-9488,8216,-72,165,-168,-14888,3972,2776,-993,53,-38,-14972,-2692,5188,-258,136,-144,0
1305.9917941093445,10892,4840,10448,-65,-23,98,9992,-9460,8196,-52,123,-179,-14916,3852,2664,-774,90,-109,-14932,-2352,5064,-768,165,-138,0
1306.0254719257355,10872,4792,10584,-95,-64,115,10104,-9680,8092,-39,104,-195,-14840,3932,2672,-1036,132,-114,-15016,-2640,5072,-508,194,-130,0
1306.0591340065005,10888,4616,10356,-94,-52,91,10052,-9496,8440,-58,93,-207,-15000,3940,2500,-989,108,-124,-15012,-2548,4992,-511,165,-119,0
1306.0926339626312,10820,4772,10456,-99,-74,115,10120,-9480,8132,-32,80,-203,-15040,3852,2620,-1045,57,-93,-15032,-2684,4892,-522,159,-156,0
1306.1263921260834,11212,4812,10676,-91,-61,86,10156,-9460,8208,-14,155,-150,-14928,3900,2788,-1047,33,-70,-15008,-2700,4720,-516,141,-145,0
1306.1594779491425,10896,4864,10588,-100,-29,88,10072,-9412,8304,-61,170,-180,-15108,3800,2688,-1085,64,-64,-15268,-2752,5016,-499,133,-140,0
1306.195431947708,10884,4864,10436,-131,-22,89,10024,-9424,8180,-62,133,-174,-15092,3668,2636,-987,94,-41,-14992,-2656,5036,-479,122,-130,0
1306.2309410572052,10912,4644,10308,-99,-72,93,10068,-9412,8196,-55,116,-147,-14980,4020,2564,-968,128,-63,-14860,-2636,5096,-498,113,-94,0
1306.2661619186401,10936,4624,10632,-137,-43,121,10032,-9564,8308,-56,109,-151,-14984,3888,2760,-1007,130,-46,-15072,-2668,5024,-495,135,-123,0
1306.301948070526,10872,4864,10508,-157,-32,131,10064,-9268,8276,-53,116,-143,-14944,3920,2452,-1047,72,-82,-14972,-2680,5064,-501,135,-133,0
1306.3377599716189,10924,4852,10512,-114,-61,113,10144,-9704,8304,-49,84,-177,-14952,3916,2508,-1015,100,-69,-15012,-2668,5084,-504,165,-103,0
1306.3731949329376,10972,4804,10564,-111,-51,94,10012,-9532,8136,-26,145,-162,-15044,4012,2720,-1265,71,-68,-15292,-2636,5292,-532,161,-124,0
1306.408663034439,10860,4908,10520,-113,-61,109,10136,-9476,8056,-28,136,-177,-14980,4000,2632,-769,87,-48,-15080,-2672,5056,-257,166,-147,0
1306.4438989162443,10836,4860,10320,-116,-57,112,10000,-9228,8280,-25,117,-178,-14912,3872,2864,-991,100,-34,-14984,-2652,5056,-519,157,-92,0
1306.4799349308014,10920,4940,10348,-156,-37,113,9972,-9456,8192,-45,152,-173,-14988,3992,2692,-1000,98,-103,-14960,-2772,4896,-485,139,-127,0
1306.5147619247437,10988,5108,10664,-148,-74,109,10084,-9536,7988,-29,134,-164,-14972,3932,2640,-995,124,-64,-14924,-2672,5072,-478,189,-103,0
1306.5503380298615,10896,4988,10512,-154,-99,117,10016,-9268,8388,-30,167,-196,-14916,3920,2768,-1003,109,-123,-14976,-2604,5056,-466,164,-116,0
1306.5853719711304,10916,4924,10748,-149,-83,89,10068,-9244,8336,-14,150,-173,-15024,4000,2680,-995,96,-78,-15024,-2660,5092,-485,161,-124,0
1306.6208200454712,10880,4952,10528,-178,-80,115,10088,-9508,8168,-15,138,-168,-14868,3860,2748,-1002,112,-145,-15068,-2668,5080,-468,152,-94,0
1306.6562349796295,10820,5088,10676,-213,-82,118,10008,-9464,8372,-30,159,-215,-14944,3920,2776,-935,109,-104,-15116,-2664,5000,-476,144,-101,0
1306.6922490596771,10888,4900,10596,-188,-68,92,10096,-9520,8304,-73,186,-162,-14964,4012,2716,-925,91,-82,-15024,-2616,5048,-503,111,-98,0
1306.7282049655914,10904,4868,10368,-264,-51,103,10068,-9272,8304,-23,161,-160,-14988,3944,2744,-1000,101,-113,-15060,-2716,5096,-501,136,-46,0
1306.7636370658875,10844,5032,10492,-221,-28,134,10128,-9540,8204,-73,173,-156,-14956,3856,2616,-918,150,-107,-15044,-2640,5012,-499,170,-53,0
1306.799309015274,10812,4800,10588,-268,-93,70,10048,-9508,8288,-53,184,-212,-14884,3944,2692,-961,94,-108,-15060,-2756,4968,-469,186,-81,0
1306.834167957306,11148,4708,10484,-262,-54,107,10064,-9264,8212,12,181,-152,-14956,3976,2804,-1031,57,-96,-14992,-2576,4976,-491,189,-67,0
1306.8700881004333,10900,4832,10460,-254,-49,132,10088,-9468,7972,-8,184,-178,-14884,3976,2756,-964,133,-42,-14992,-2676,4992,-457,130,-76,0
1306.903470993042,10904,5080,10768,-259,-84,117,10008,-9456,8148,-19,170,-186,-14940,3960,2688,-914,141,-93,-15060,-2528,5256,-441,163,-64,0
1306.9371230602264,10896,4792,10556,-254,-114,143,10012,-9536,8300,-29,171,-205,-15060,3968,2800,-954,139,-148,-15064,-2668,4876,-477,173,-90,0
1306.9707069396973,10828,4740,10580,-196,-124,113,10124,-9556,8252,-8,151,-209,-14916,3908,2724,-976,136,-130,-14992,-2700,4912,-495,194,-88,0
1307.0041611194613,10856,4820,10580,-231,-154,144,10032,-9700,8320,-4,120,-204,-14956,3928,2624,-989,101,-123,-14976,-2612,4916,-466,193,-46,0
1307.0377831459045,10972,4760,10632,-197,-153,134,10128,-9432,8228,-36,134,-205,-14980,3976,2652,-979,134,-98,-15096,-2636,4956,-479,183,-64,0
1307.0713279247284,10868,4816,10448,-245,-108,114,10124,-9452,8268,-22,130,-216,-15024,3952,2736,-970,130,-115,-14936,-2588,4988,-474,181,-85,0
1307.104898929596,10816,4768,10616,-156,-131,139,10056,-9524,8320,0,151,-216,-14988,4064,2616,-1002,121,-119,-15044,-2804,4872,-482,195,-93,0
1307.138484954834,10956,4796,10488,-195,-132,143,10008,-9360,8328,246,171,-193,-14896,3604,2736,-960,110,-117,-14956,-2424,4888,-461,173,-82,0
1307.1719510555267,10988,4792,10548,-185,-133,138,9940,-9396,8348,-32,155,-217,-14984,3916,2600,-921,156,-140,-14892,-2380,4872,-464,162,-74,0
1307.2054550647736,10900,4796,10384,-204,-167,140,10140,-9572,8364,-27,160,-202,-15052,3988,2796,-981,121,-98,-15084,-2628,5084,-502,194,-81,0
1307.2392370700836,10944,4796,10524,-184,-194,119,10184,-9436,8356,-20,149,-232,-15016,3892,2628,-982,120,-111,-15012,-2600,4860,-496,180,-94,0
1307.2728550434113,10980,4872,10464,-194,-164,114,10204,-9436,8308,-33,125,-206,-14964,3892,2492,-963,120,-124,-15152,-2496,4972,-489,177,-134,0
1307.3064880371094,10960,4804,10580,-168,-138,109,10056,-9228,8316,-5,150,-212,-15052,4016,2700,-1002,114,-114,-15048,-2608,4948,-493,167,-86,0
1307.3401350975037,10792,4708,10560,-197,-148,128,10076,-9252,8388,-255,157,-210,-14832,3936,2624,-999,125,-142,-15056,-2632,5024,-480,193,-123,0
1307.3737380504608,11004,5092,10408,-128,-124,117,10132,-9488,8252,-77,120,-187,-14928,3884,2732,-998,138,-128,-15332,-2360,5008,-499,143,-107,0
1307.4071021080015,11112,4768,10284,-48,-146,103,10248,-9516,8360,-61,89,-163,-14860,3984,2500,-1047,88,-37,-15068,-2584,4908,-536,121,-134,0
1307.44042801857,10872,4740,10408,-83,-128,113,10192,-9620,8260,-28,110,-171,-14796,3928,2516,-1066,84,-61,-15004,-2584,4920,-530,129,-149,0
1307.4739050865173,10904,4908,10368,-24,-60,102,10208,-9420,8228,-66,117,-184,-15032,3876,2636,-1039,86,-84,-15104,-2612,5072,-500,134,-128,0
1307.5074350833893,10900,4724,10360,-93,-77,88,10116,-9404,8268,-33,121,-181,-14948,3896,2656,-1032,57,-108,-15000,-2564,4932,-479,158,-143,0
1307.541100025177,11224,4616,10248,-107,-51,95,10144,-9660,8444,6,131,-164,-14884,3884,2704,-1068,50,-62,-15072,-2680,4908,-493,135,-154,0
1307.5747709274292,10944,4852,10692,-78,-63,102,10004,-9436,8292,-43,127,-132,-14984,3840,2796,-1279,26,31,-14976,-2712,5048,-546,72,-190,0
1307.6082940101624,10916,5116,10748,-85,-18,101,10224,-9304,8296,-63,135,-162,-14664,3872,2616,-1017,71,-4,-14948,-2648,5028,-507,92,-151,0
1307.641830921173,10940,4856,10500,-59,-42,83,10040,-9448,8312,-49,112,-140,-14928,3912,2768,-1033,91,-80,-14944,-2748,4748,-537,126,-120,0
1307.6754720211027,10904,4828,10384,-77,-57,97,10208,-9380,8384,-78,109,-162,-14948,3984,2484,-1007,108,-56,-14976,-2756,4988,-494,126,-144,0
1307.709095954895,10980,4692,10512,-101,-54,99,10036,-9404,8248,-40,94,-154,-14952,3988,2744,-1056,89,-82,-14948,-2684,4948,-521,139,-139,0
1307.7427060604095,10924,4880,10352,-39,-72,99,10096,-9220,8444,-68,73,-168,-14948,3840,2692,-1049,97,-43,-15100,-2684,5028,-527,161,-120,0
1307.7764019966125,10864,4768,10680,-89,-62,128,10140,-9504,8240,-30,100,-197,-14916,4020,2744,-1042,123,-40,-14992,-2748,5340,-513,162,-117,0
1307.8099751472473,10972,4780,10448,-79,-27,115,10060,-9476,8264,-29,109,-174,-14960,3976,2752,-1031,95,-34,-14996,-2660,5320,-511,152,-165,0
1307.843472957611,10780,4804,10364,-48,-55,99,10184,-9452,8024,-23,104,-182,-14968,3956,2952,-1073,75,-56,-15092,-2656,5048,-510,164,-161,0
1307.8807020187378,11004,4908,10524,-80,-39,73,10076,-9408,8204,-47,131,-172,-14952,3824,2768,-990,80,-87,-15016,-2624,5028,-755,140,-144,0
1307.9161541461945,10904,4788,10432,-89,-23,96,10012,-9452,7988,-80,131,-184,-14996,3816,2452,-978,100,-54,-15028,-2608,4992,-503,163,-163,0
1307.9519691467283,10868,4792,10308,-61,-57,93,10084,-9444,8272,-49,131,-166,-14952,3964,2664,-992,80,-98,-15016,-2668,5064,-506,141,-145,0
1307.987419128418,10928,4884,10476,-67,-20,99,10064,-9472,8148,-25,118,-153,-15084,3896,2588,-1274,83,-103,-15020,-2644,5000,-523,142,-138,0
1308.0233759880066,10948,4952,10268,-104,-42,75,10172,-9684,8304,-10,95,-191,-14912,3972,2704,-1273,109,-45,-15036,-2672,5012,-257,165,-137,0
1308.0593111515043,10908,4848,10488,-95,-44,82,10148,-9440,8356,-42,121,-174,-14920,3936,2700,-980,73,-75,-15092,-2640,5160,-532,130,-192,0
1308.0945100784302,10888,4780,10640,-83,-57,90,9992,-9552,8168,-10,170,-163,-14928,3888,2408,-1040,75,-47,-14992,-2648,5068,-518,126,-155,0
1308.1297490596771,10912,4896,10592,-131,-45,108,9748,-9220,8376,-16,117,-155,-14868,4092,2732,-1042,94,-55,-14964,-2780,4848,-259,126,-111,0
1308.1648139953613,10944,5020,10472,-77,-59,92,10140,-9296,8264,-74,117,-168,-14948,3884,2696,-1008,116,-46,-15080,-2688,5132,-503,154,-132,0
1308.200474023819,10920,4864,10520,-153,-53,88,10036,-9424,8220,-42,140,-183,-15024,4040,2600,-999,100,-35,-15064,-2640,4992,-483,155,-131,0
1308.2355289459229,10908,4812,10280,-96,-33,86,10092,-9520,8324,-35,109,-159,-14856,3996,2652,-1038,71,-68,-15100,-2796,4960,-516,173,-164,0
1308.2719180583954,10860,4932,10292,-105,-48,102,10112,-9232,8160,-45,125,-158,-15000,3920,2664,-1014,91,-81,-15060,-2756,4992,-501,125,-133,0
1308.3077681064606,10876,4900,10688,-94,-66,87,9900,-9500,8388,-33,247,-174,-14980,3976,2656,-1007,85,-66,-15044,-2660,5036,-259,156,-156,0
1308.3426361083984,10852,4816,10648,-126,-52,83,10108,-9484,8204,-31,142,-168,-14940,3932,2828,-993,102,-41,-15072,-2708,5112,-492,142,-126,0
1308.3781490325928,10888,4768,10460,-146,-31,134,10064,-9492,8000,-17,128,-183,-15092,3924,3000,-1018,97,-65,-14968,-2628,4980,-258,188,-102,0
1308.4139320850372,10808,4904,10336,-126,-15,139,10056,-9524,8196,-30,105,-162,-14912,4056,2812,-1012,127,-44,-14928,-2644,5044,-480,157,-91,0
1308.4495401382446,10940,4932,10616,-181,-72,123,10152,-9524,8280,11,144,-167,-14952,3904,2568,-1007,104,-80,-15000,-2752,5000,-473,112,-92,0
1308.4840040206907,10900,4920,10564,-214,-55,134,10100,-9520,8180,7,151,-193,-14864,3896,2748,-967,122,-115,-15044,-2768,5076,-456,153,-86,0
1308.5203490257263,10924,4960,10592,-214,-102,134,10024,-9528,8100,0,146,-231,-14936,3872,2924,-975,147,-90,-14972,-2748,5104,-497,156,-91,0
1308.553856134415,10864,4992,10496,-203,-119,130,10064,-9404,8176,-50,146,-211,-14940,3960,2652,-965,131,-130,-15052,-2680,5096,-258,157,-78,0
1308.5873911380768,10876,4864,10484,-192,-110,118,10072,-9464,8220,-65,169,-220,-15000,3956,2632,-914,138,-108,-14964,-2660,4956,-491,189,-107,0
1308.6209671497345,10884,4872,10408,-261,-107,111,10072,-9488,8024,-29,181,-190,-15000,3876,2732,-909,135,-128,-15052,-2652,4892,-448,190,-62,0
1308.6542141437533,10852,4816,10580,-287,-68,122,10052,-9480,8072,-37,190,-215,-14940,3896,2708,-920,149,-133,-15044,-2672,5092,-461,195,-72,0
1308.6876621246338,10884,4908,10596,-253,-82,119,10136,-9436,8320,-256,167,-197,-14908,4008,2620,-953,137,-120,-15016,-2620,5072,-484,197,-36,0
1308.7211079597473,10948,4808,10548,-264,-94,130,10092,-9468,8308,-7,159,-185,-15104,4032,2772,-957,142,-131,-15072,-2812,5116,-476,222,-83,0
1308.7543699741364,10848,4840,10556,-289,-130,135,10200,-9452,8344,-4,164,-241,-14928,3852,2580,-973,138,-158,-15080,-2640,5072,-473,205,-72,0
1308.7879550457,10884,4880,10664,-217,-98,148,10108,-9464,8208,-32,171,-172,-14940,3976,2748,-962,147,-99,-15116,-2660,4912,-494,144,-60,0
1308.8214819431305,10988,4732,10440,-251,-81,144,10132,-9444,8272,18,160,-156,-14952,3872,2780,-984,124,-78,-14992,-2600,5040,-472,147,-87,0
1308.8549399375916,10816,4916,10548,-309,-140,139,10092,-9416,8412,30,156,-169,-14940,3784,2692,-996,109,-92,-15088,-2728,5000,-458,147,-106,0
1308.8884301185608,10860,4900,10548,-214,-89,131,10016,-9292,8376,-43,142,-213,-14972,3888,2756,-945,116,-130,-15000,-2600,4948,-450,163,-104,0
1308.9217579364777,10856,4804,10480,-265,-138,112,10172,-9480,8168,-9,150,-221,-14924,3900,2624,-968,148,-169,-15088,-2556,4996,-453,185,-85,0
1308.9554660320282,10964,4776,10456,-215,-124,116,10060,-9372,8164,20,146,-206,-15020,3860,2552,-1010,78,-62,-14956,-2672,5016,-489,160,-72,0
1308.9886980056765,10964,4908,10492,-214,-134,132,10212,-9468,8264,-10,156,-169,-15048,3952,2788,-984,91,-68,-15060,-2720,5092,-486,101,-111,0
1309.0222499370575,10864,4800,10572,-209,-109,114,10080,-9404,8236,-22,149,-202,-14916,4080,2964,-995,113,-88,-15052,-2648,5052,-481,104,-70,0
1309.0556890964508,10860,4768,10520,-201,-151,133,10076,-9412,8224,-34,150,-208,-14956,3880,2772,-1000,129,-123,-15004,-2552,4932,-489,142,-72,0
1309.0892200469973,10808,4792,10620,-153,-124,139,10108,-9484,8312,-9,118,-223,-14972,4044,2548,-998,172,-82,-15100,-2628,5068,-487,190,-72,0
1309.1225199699402,10828,4836,10260,-198,-145,143,10020,-9432,8148,-6,113,-210,-14956,3856,2700,-1037,154,-116,-14960,-2580,5024,-493,204,-77,0
1309.1558799743652,10920,4824,10712,-138,-162,128,10152,-9412,8100,-44,123,-236,-15036,3912,2744,-999,125,-123,-15036,-2772,4896,-494,165,-116,0
1309.1894731521609,10752,4776,10448,-193,-110,111,10052,-9484,8204,-50,113,-223,-15044,3932,2748,-1029,110,-111,-14984,-2588,4948,-491,138,-106,0
1309.2228860855105,10900,4816,10536,-125,-133,75,10176,-9472,8148,-34,121,-198,-15000,3956,2868,-1056,59,-59,-15016,-2632,4864,-511,159,-160,0
1309.2564570903778,10924,5040,10276,-91,-91,101,10064,-9436,8296,-43,140,-211,-14896,3824,2684,-1006,96,-94,-15020,-2360,4916,-481,142,-135,0
1309.2899780273438,10864,4768,10272,-127,-65,95,10068,-9392,8444,-16,117,-200,-15016,3756,2812,-1018,86,-71,-15064,-2704,5204,-460,135,-122,0
1309.323261976242,11088,4732,10572,-96,-60,77,10172,-9464,8484,-75,151,-194,-15172,4000,2608,-1033,55,-64,-15112,-2360,5312,-528,100,-163,0
1309.3568840026855,11200,4704,10608,-115,-50,72,10180,-9588,8308,23,155,-140,-14968,3864,2544,-1086,2,-68,-15072,-2684,4948,-519,139,-150,0
1309.3902361392975,10796,4976,10324,-58,-21,100,10048,-9400,8316,-8,105,-149,-14660,3928,2748,-1056,87,-15,-15060,-2612,4964,-500,103,-143,0
1309.423609972,10944,4720,10544,-34,-28,91,10084,-9524,8252,-51,122,-172,-15020,3872,2572,-1039,95,-20,-14888,-2324,4952,-531,125,-163,0
1309.4573929309845,10760,4736,10692,-102,-29,156,10044,-9600,8284,251,143,-86,-14888,3900,2576,-1067,49,-22,-15052,-2544,4964,-521,53,-141,0
1309.4906690120695,10936,4824,10336,-38,38,136,10104,-9596,8284,-28,81,-71,-14896,3908,2608,-1068,107,-34,-15048,-2600,4912,-559,54,-116,0
1309.5239789485931,10904,4796,10260,-17,7,166,10236,-9448,8348,-17,66,-84,-14636,3948,2712,-1087,127,7,-14892,-2676,5040,-575,89,-115,0
1309.5607640743256,10888,4800,10736,9,4,152,10064,-9596,8156,-22,76,-86,-15036,3992,2744,-1104,73,-13,-15292,-2752,4988,-545,61,-165,0
1309.5962240695953,10832,4804,10716,-54,30,109,10076,-9628,8280,-25,155,-85,-15084,3964,3056,-1135,10,242,-14976,-2692,5152,-564,82,-180,0
1309.631807088852,10912,4836,10528,-37,25,116,10072,-9496,8228,-46,145,-41,-14908,3932,2644,-1096,35,-11,-14924,-2632,4920,-572,90,-158,0
1309.66765499115,10788,4828,10544,-43,-41,112,10072,-9500,8444,-34,69,-124,-14888,3868,2596,-1037,82,-66,-14992,-2648,4980,-523,126,-114,0
1309.7027859687803,10616,4624,10096,-42,-38,163,10004,-9388,7964,-42,78,-159,-14960,3944,2856,-1074,114,-57,-14912,-2696,4960,-513,169,-125,0
1309.7382740974426,10940,4780,10448,-72,-73,112,10072,-9376,8224,-29,104,-165,-15004,3884,2892,-1048,-21,-62,-14968,-2776,5056,-267,132,-140,0
1309.7733471393583,10840,4912,10588,-76,-41,101,9964,-9400,8280,255,177,-171,-14988,3848,2724,-1080,21,-55,-15060,-2700,5032,-510,146,-190,0
1309.8096051216125,10780,4976,10388,-79,-54,78,9964,-9408,8384,-67,167,-183,-15020,3904,2688,-1024,67,-104,-14920,-2656,4988,-529,144,-152,0
1309.8450710773468,10844,4860,10532,-46,-50,105,10056,-9484,8164,-81,102,-160,-14912,3936,2644,-1032,67,-68,-15004,-2704,5052,-484,127,-136,0
1309.8807709217072,10964,4644,10440,-117,-32,94,10168,-9468,8408,-64,157,-134,-14928,4032,2876,-1031,110,-33,-15292,-2816,5100,-759,118,-126,0
1309.9188749790192,10888,4948,10716,-76,-40,128,10088,-9548,8256,-48,83,-147,-14920,3960,2620,-976,156,-71,-14992,-2604,5032,-764,143,-118,0
1309.9546649456024,11224,4676,10624,-70,-24,123,9980,-9480,8044,-57,71,-125,-14984,4056,2860,-1044,137,-52,-14996,-2676,5032,-502,131,-121,0
1309.9906709194183,10812,4880,10432,-90,-35,120,9968,-9564,8204,-67,96,-174,-14920,3940,2852,-1024,151,-90,-15000,-2592,4900,-768,155,-117,0
1310.0253159999847,10772,4868,10580,-89,-61,89,10044,-9540,8320,-62,98,-176,-14940,3860,2712,-1034,143,-113,-15024,-2580,5052,-495,200,-106,0
1310.0612010955813,10924,5000,10588,-91,-59,113,10044,-9504,8300,-10,138,-177,-14920,4000,2908,-1039,67,-115,-15216,-2676,4992,-525,150,-137,0
1310.097069978714,10876,4920,10576,-114,-18,82,10052,-9536,8212,-24,140,-137,-14940,4056,3024,-1016,111,-69,-14976,-2664,5296,-486,98,-138,0
1310.1322920322418,10776,4848,10544,-125,-8,90,10068,-9632,8300,-54,120,-128,-14868,3780,2916,-731,8,-49,-14984,-2712,4972,-505,100,-129,0
1310.1681900024414,10804,4956,10628,-83,-51,77,9960,-9520,8140,-96,112,-165,-15060,3924,2576,-1010,111,-97,-15024,-2660,5108,-553,196,-112,0
1310.205227136612,10804,4860,10568,-84,-87,102,9984,-9528,8272,-34,108,-172,-14916,3896,2432,-1031,98,-118,-14984,-2640,5000,-535,198,-96,0
1310.238809108734,10876,4880,10576,-88,-80,129,10036,-9264,8208,-22,74,-184,-14924,3928,2676,-770,137,-90,-14976,-2800,4864,-498,233,-113,0
1310.2723410129547,10928,4968,10440,-93,-96,145,10156,-9444,8124,-29,95,-160,-15052,3868,2912,-987,113,-71,-15100,-2764,5328,-518,114,-78,0
1310.3058321475985,11032,4900,10344,-103,-31,97,10108,-9600,8208,14,151,-135,-14984,4132,2788,-1037,66,-65,-15112,-2620,5036,-556,95,-112,0
1310.3393080234528,10752,4916,10648,-178,14,166,10020,-9500,8280,40,120,-70,-14864,3928,2832,-1052,93,-51,-15024,-2704,5324,-505,98,-87,0
1310.3727810382843,10876,5040,10588,-110,44,108,10092,-9552,8312,-54,170,-138,-14920,3856,2560,-924,149,-64,-14948,-2748,5036,-526,80,-117,0
1310.4064140319824,10844,4948,10560,-198,-62,99,10168,-9580,8328,-3,89,-204,-14596,3948,3064,-951,114,-97,-14984,-2808,5080,-494,193,-80,0
1310.4398231506348,10872,4852,10716,-170,-93,127,10072,-9512,8180,-3,140,-189,-14932,3844,2700,-974,104,-89,-14964,-2560,5112,-518,211,-47,0
1310.4734699726105,10812,4664,10448,-196,-91,109,9996,-9492,8188,-13,226,-173,-14904,3992,2560,-939,87,-128,-15072,-2788,5148,-480,164,-116,0
1310.5070300102234,10768,4936,10540,-269,-81,59,10196,-9512,8028,-39,209,-226,-14964,3976,2688,-929,112,-147,-14972,-2636,5072,-428,150,-86,0
1310.5403640270233,10808,4984,10252,-251,-52,90,10020,-9576,8280,-30,161,-220,-15036,4048,2644,-876,130,-114,-15040,-2544,5080,-466,172,-56,0
1310.5738170146942,10892,4616,10580,-265,-23,115,10112,-9508,7976,-30,176,-194,-15132,4016,2648,-932,180,-84,-15004,-2364,5256,-451,210,-36,0
1310.6071701049805,10916,4740,10512,-282,-98,171,10044,-9552,8140,-36,135,-185,-15000,3884,2632,-990,146,-135,-14992,-2500,5032,-463,179,-4,0
1310.6402909755707,10768,4832,10516,-267,-93,169,10016,-9412,8212,-61,118,-197,-14948,4024,2596,-984,156,-121,-15032,-2636,5056,-442,171,-24,0
1310.6738300323486,10792,4976,10588,-307,-123,110,10048,-9372,8028,-63,125,-235,-15144,3800,2832,-982,124,-104,-15008,-2724,5084,-397,193,-105,0
1310.7073559761047,10816,4920,10532,-262,-140,61,10144,-9544,8388,-63,212,-275,-15072,3808,2828,-984,68,-148,-15064,-2688,4964,-410,296,-130,0
1310.7408699989319,10848,5012,10500,-255,-141,54,10124,-9564,8308,-27,234,-257,-14988,3864,2648,-983,56,-146,-15020,-2656,4932,-448,247,-80,0
1310.7746131420135,10872,4932,10544,-239,-164,53,10116,-9708,8372,-61,141,-303,-15004,3588,2508,-899,171,-189,-15004,-2656,4976,-401,211,-59,0
1310.8081729412079,10920,4628,10608,-235,-191,89,10112,-9224,8240,-52,120,-288,-14856,4032,2812,-900,181,-124,-15096,-2480,5104,-439,204,-73,0
1310.841581106186,10932,4908,10628,-230,-133,128,10056,-9624,8184,-37,126,-203,-14988,3988,2796,-950,121,-47,-15096,-2368,5088,-451,110,-71,0
1310.875316143036,10924,5068,10532,-215,-41,140,10092,-9532,8100,-7,193,-157,-15012,4068,2672,-956,122,-70,-15092,-2328,4968,-470,132,-118,0
1310.9086079597473,10532,4824,10504,-197,-87,95,9780,-9604,8164,-26,160,-187,-15000,4032,2660,-979,120,-70,-14988,-2516,5020,-502,138,-103,0
1310.9422111511233,10768,4860,10644,-230,-94,115,9760,-9516,8208,-25,157,-202,-14972,3956,2716,-928,176,-127,-14976,-2744,5180,-510,115,-63,0
1310.9757609367373,10904,4832,10640,-172,-89,141,10088,-9540,8220,-37,114,-170,-14916,3964,2648,-961,107,-99,-15080,-2808,5032,-483,111,-114,0
1311.008908033371,10912,4732,10684,-144,-107,108,10132,-9500,7976,-38,136,-199,-14944,3868,2792,-1085,42,-82,-14896,-2544,4908,-496,171,-134,0
1311.0421919822693,10776,4852,10484,-205,-203,96,10048,-9520,8172,7,135,-227,-15048,3856,2724,-1038,132,-134,-14884,-2520,5052,-476,228,-80,0
1311.0756659507751,10844,4864,10520,-81,-136,109,10016,-9252,8380,-72,86,-251,-14908,3884,2444,-969,197,-193,-15124,-2552,4968,-535,508,-45,0
1311.1091570854187,10928,4744,10420,-125,-197,130,10088,-9528,8236,-36,44,-224,-14956,4104,2704,-1015,170,-126,-15064,-2404,5000,-546,220,-57,0
1311.1425161361694,10908,4696,10604,-76,-147,199,10168,-9548,8176,31,-255,-165,-14988,4020,2624,-1159,167,-51,-15100,-2500,4864,-577,159,-78,0
1311.1760189533234,10940,4792,10456,-41,-41,195,10212,-9508,8216,15,4,-127,-14908,4056,2744,-1098,166,-239,-15124,-2680,5016,-581,69,-111,0
1311.209636926651,10968,4872,10440,-121,-46,150,10180,-9488,7984,6,78,-120,-14992,3976,2904,-1071,101,-43,-15132,-2676,5036,-768,55,-125,0
1311.2462079524994,10820,4964,10548,-128,-52,74,10176,-9440,8328,-29,203,-119,-14992,3832,2744,-776,26,-88,-15012,-2796,4992,-475,85,-209,0
1311.2822279930115,10764,4976,10716,-150,-113,32,10120,-9488,8280,-69,214,-219,-14896,3716,2704,-973,36,-102,-14880,-2760,4860,-406,145,-222,0
1311.3173761367798,10804,5044,10460,-156,-147,-15,10052,-9352,8304,-102,214,-300,-14936,3772,2680,-955,32,-152,-14956,-3044,5108,-379,163,-226,0
1311.35271692276,10860,5036,10648,-181,-171,-62,10136,-9416,8396,-118,271,-321,-14988,4048,2912,-867,-29,-135,-14944,-2692,5092,-345,172,-280,0
1311.388013124466,10864,4888,10572,-206,-153,-89,10048,-9440,8368,-82,263,-330,-14968,4024,2696,-859,-9,-133,-15020,-2556,4996,-369,238,-217,0
1311.4229860305786,10848,4820,10684,-112,-166,-17,10056,-9492,8240,-74,158,-317,-14900,3884,2636,-908,126,-152,-15044,-2380,4956,-426,281,-121,0
1311.4592139720917,10936,4796,10348,-63,-176,112,9732,-9484,8100,-53,50,-247,-14852,4016,2536,-933,199,-100,-15084,-2392,5032,-470,194,-68,0
1311.4950280189514,10928,4784,10328,-72,-122,187,10116,-9584,8016,-56,253,-188,-15008,4060,2660,-877,162,-24,-15072,-2540,5080,-534,95,-80,0
1311.530415058136,10884,4764,10532,-45,-17,182,10128,-9644,8084,-48,7,-112,-15008,4088,2740,-1044,137,-26,-15128,-2576,5136,-547,68,-149,0
1311.5661110877993,10892,4804,10516,-33,-11,154,10152,-9524,8124,-27,64,-105,-14964,4032,2636,-1089,95,-48,-14860,-2472,5164,-529,86,-155,0
1311.6018359661102,10900,4840,10248,-74,18,77,10064,-9592,8228,-24,158,-98,-14968,4068,2996,-1025,5,-12,-15000,-2700,4928,-500,88,-193,0
1311.638116121292,10804,4948,10560,-124,-51,34,10076,-9604,8048,-62,190,-133,-14888,3952,2864,-998,255,-50,-15056,-2704,5036,-502,93,-202,0
1311.6736590862274,10564,4916,10452,-41,-73,24,10060,-9636,8148,-35,180,-178,-14868,4056,2572,-1015,1,-119,-14992,-2480,5148,-540,166,-200,0
1311.709203004837,10804,4904,10408,-99,-107,51,10092,-9516,8320,-29,147,-236,-14892,3876,2740,-1032,21,-126,-14940,-2664,4948,-514,205,-178,0
1311.745080947876,10908,4968,10124,-55,-77,46,10180,-9396,8304,-59,127,-232,-14904,4064,2692,-1001,60,-160,-14972,-2644,5008,-468,189,-163,0
1311.7807099819183,10992,4884,10488,-73,-137,54,10164,-9424,8444,-61,148,-246,-14900,3896,2712,-782,81,-141,-15108,-2600,4964,-478,174,-171,0
1311.8161840438843,10984,4892,10352,-101,-83,82,9824,-9448,8360,14,105,-220,-15004,3608,2972,-843,-73,-70,-15104,-2684,5068,-522,168,-155,0
1311.8523571491241,10896,5012,10432,-61,-55,93,10164,-9484,8196,-27,136,-163,-14968,3824,2896,-1103,14,-38,-14892,-2780,4912,-566,102,-154,0
1311.8891370296478,10944,5000,10536,-77,-2,103,10080,-9360,8208,-34,156,-122,-14956,3956,2708,-1060,108,22,-15020,-2704,4904,-519,57,-137,0
1311.9226369857788,10828,4980,10452,-107,1,129,9964,-9572,8256,-40,165,-101,-14916,3876,2688,-980,130,44,-14940,-2804,4988,-525,85,-129,0
1311.956197977066,10888,4944,10336,-90,-12,137,10072,-9500,8328,-65,73,-123,-14620,3844,2724,-949,159,-34,-15036,-2612,4984,-530,80,-91,0
1311.9900591373444,10732,4880,10548,-138,-127,170,10056,-9564,8280,-34,76,-177,-14904,3908,2736,-1053,156,-101,-14988,-2676,4984,-504,196,-84,0
1312.0234780311584,10752,4932,10468,-105,-132,176,10032,-9704,8252,-54,91,-213,-14940,3980,2840,-980,153,-145,-15108,-2652,5052,-491,219,-104,0
1312.0569880008698,10868,4896,10504,-161,-133,126,10084,-9592,8228,-52,126,-246,-14988,4048,2896,-894,173,-109,-15108,-2676,5132,-456,204,-108,0
1312.0905239582062,10824,4784,10504,-112,-125,93,10088,-9528,8132,-31,105,-236,-14960,3908,2596,-972,141,-121,-15012,-2520,5128,-500,218,-122,0
1312.1239759922028,10844,4852,10520,-123,-115,103,10100,-9296,8100,12,98,-222,-15020,3936,2816,-1040,85,-137,-15080,-2672,4988,-528,207,-141,0
1312.1574120521545,10944,4968,10368,-98,-113,100,10160,-9492,8152,15,113,-232,-14936,4020,2764,-1278,87,-132,-14984,-2644,5028,-503,185,-172,0
1312.1910469532013,10812,4976,10564,-169,-86,96,10084,-9616,8264,-29,129,-212,-14984,3944,2700,-985,104,-115,-15080,-2692,4940,-470,177,-129,0
1312.2247669696808,10884,4944,10740,-188,-72,111,10076,-9516,8248,-11,167,-154,-15032,3940,2744,-968,119,-48,-15028,-2772,5020,-768,97,-71,0
1312.2581470012665,10928,4864,10340,-217,-65,147,10224,-9460,8372,21,99,-175,-14864,3996,2796,-1000,188,-54,-14932,-2644,5184,-491,153,-71,0
1312.2917120456696,10812,4960,10740,-200,-107,166,10064,-9328,8216,18,135,-213,-15016,3756,2868,-1004,178,-131,-14928,-2780,5144,-517,212,-57,0
1312.3254430294037,10840,5064,10364,-206,-221,163,10100,-9656,8076,-28,119,-270,-15056,3928,2768,-920,188,-159,-15268,-2788,4996,-485,216,-36,0
1312.359318971634,10924,4904,10524,-223,-172,124,10060,-9316,8276,-83,136,-244,-15052,3964,2972,-901,183,-183,-15132,-2664,5108,-494,127,-70,0
1312.3927659988403,10884,4852,10532,-209,-135,126,10168,-9472,8324,-23,196,-180,-15048,3984,2812,-976,122,-108,-15300,-2612,4948,-506,111,-96,0
1312.426383972168,10864,4992,10536,-319,-101,121,10080,-9264,8236,24,193,-161,-15068,3992,2688,-990,107,-74,-14920,-2744,4932,-481,96,-45,0
1312.4596910476685,10888,5084,10360,-508,-34,106,10152,-9236,8356,-29,175,-156,-14988,3848,2616,-927,163,-41,-14996,-2644,4956,-461,126,-51,0
1312.4931349754333,10924,4932,10432,-300,-81,128,10140,-9532,8148,-48,149,-198,-14968,3964,2740,-923,152,-101,-15028,-2484,4948,-422,181,-55,0
1312.5269141197205,11004,4872,10680,-301,-119,131,10192,-9220,8096,24,151,-217,-15016,3988,2892,-973,127,-150,-14944,-2596,4932,-460,212,-75,0
1312.5600199699402,10956,4892,10412,-220,-108,142,10136,-9452,8112,36,143,-192,-15060,3896,2876,-969,82,-99,-15060,-2656,4956,-491,145,-100,0
1312.5937099456787,11044,4864,10408,-257,-122,99,10148,-9572,8120,-252,185,-198,-14932,3936,2748,-942,76,-60,-15028,-2696,5008,-459,96,-89,0
1312.6274099349976,11016,4852,10528,-269,-110,109,10028,-9588,8096,4,168,-169,-15000,3860,2800,-998,110,-32,-14988,-2604,5008,-457,116,-84,0
1312.660707950592,10792,4888,10396,-229,-76,113,10008,-9708,8220,9,138,-183,-14952,3880,2784,-963,120,-75,-14972,-2532,5000,-503,121,-99,0
1312.6943781375883,10876,4840,10420,-277,-137,161,10028,-9452,8188,43,145,-170,-14944,3936,2696,-980,149,-113,-14976,-2548,4932,-496,148,-67,0
1312.7279279232023,10844,4804,10632,-203,-149,145,10096,-9532,8320,12,119,-196,-14872,3928,2736,-993,138,-90,-15000,-2648,4916,-478,155,-90,0
1312.7610869407654,10900,4848,10548,-239,-200,147,10160,-9728,8352,30,131,-218,-15000,3936,2804,-993,144,-93,-15016,-2640,5060,-460,172,-89,0
1312.7947659492493,10876,4924,10672,-229,-183,138,10088,-9500,8300,27,127,-215,-15032,3952,2652,-1008,161,-117,-14856,-2616,5084,-478,203,-95,0
1312.8284261226654,10852,4788,10664,-220,-195,123,10176,-9728,8296,23,125,-226,-15008,3836,2816,-1015,138,-134,-15132,-2336,5304,-473,210,-110,0
1312.862056016922,11000,4848,10288,-224,-198,126,10172,-9480,8096,-255,134,-202,-15024,3788,2700,-971,128,-155,-15320,-2600,4980,-481,147,-101,0
1312.895576953888,10956,4676,10252,-220,-162,140,10072,-9296,8420,-17,125,-233,-14876,3900,2868,-962,87,-148,-15024,-2340,5040,-448,174,-111,0
1312.9327731132507,10932,4768,10740,-245,-173,113,10176,-9460,8196,22,115,-226,-14980,3896,2528,-982,132,-97,-15112,-2560,4892,-479,168,-59,0
1312.967715024948,10792,4796,10244,-213,-196,127,10068,-9456,8420,37,102,-204,-15084,3916,2756,-1023,155,-159,-14896,-2760,4968,-480,165,-63,0
1313.0032970905304,10884,4776,10604,-148,-165,131,10124,-9448,8288,-16,126,-207,-14988,4076,2728,-1045,132,-106,-14952,-2560,5004,-492,179,-129,0
1313.0392489433289,10988,4612,10332,-151,-158,125,10144,-9424,8084,-28,95,-199,-14988,3904,2664,-1277,96,-115,-15176,-2524,5000,-493,182,-138,0
1313.0746531486511,10812,4620,10540,-98,-99,121,10176,-9352,8212,-61,152,-176,-14936,3956,2720,-979,85,-56,-15096,-2572,4940,-518,75,-145,0
1313.1104929447174,10860,4744,10396,-97,-25,72,10152,-9252,8108,-40,132,-162,-14928,3848,2700,-1058,72,-58,-14996,-2592,5140,-523,134,-142,0
1313.1455309391022,10856,4940,10504,-97,-67,97,10020,-9360,8408,3,127,-153,-14960,3908,2724,-1051,81,-80,-15020,-2660,4976,-480,111,-143,0
1313.1818420886993,11004,5052,10380,-51,-82,105,10136,-9504,8180,-80,134,-163,-14924,3884,2668,-971,81,-93,-15116,-2492,4944,-483,155,-155,0
1313.218055009842,10988,4720,10700,-110,-67,89,10172,-9376,8168,-42,139,-165,-14968,3956,2480,-1046,69,-41,-14944,-2356,5064,-261,113,-153,0
1313.2532560825348,11024,4828,10436,-65,-65,117,10132,-9384,8160,-28,124,-155,-14960,3920,2632,-1048,63,-61,-15028,-2668,4964,-499,91,-166,0
1313.2882699966433,11012,4788,10560,-64,-18,93,10048,-9440,7992,-69,151,-143,-14956,4020,2764,-1013,81,-8,-15012,-2556,5344,-513,47,-174,0
1313.3240380287173,10932,5104,10412,-83,-58,84,10092,-9720,8432,-73,147,-126,-14892,3960,2664,-1015,112,-71,-15020,-2660,4948,-509,86,-141,0
1313.3595309257507,10784,4784,10444,-74,-51,111,10204,-9436,8060,-99,79,-142,-14996,3980,2660,-1006,126,-39,-15008,-2496,5048,-527,116,-142,0
1313.3944039344788,10964,4736,10296,-78,-75,115,10108,-9536,8152,-57,85,-216,-14904,3840,2632,-1033,138,-81,-15000,-2704,5052,-508,153,-143,0
1313.4304280281067,10904,4608,10444,-63,-39,118,10028,-9376,8288,-37,106,-196,-14928,3984,2680,-1060,125,-55,-14932,-2556,4980,-523,163,-113,0
1313.4661331176758,10932,4832,10560,-63,-88,112,10068,-9464,8164,-64,110,-183,-14976,3932,2592,-1279,93,-69,-15068,-2552,5016,-471,115,-133,0
1313.501935005188,10928,4848,10684,-73,-15,85,10180,-9472,8276,-46,169,-179,-14992,3908,2568,-771,63,-71,-15068,-2552,5104,-509,136,-144,0
1313.5377230644226,10828,4920,10576,-58,-34,85,10124,-9396,8248,-27,142,-136,-15092,3944,2784,-1032,41,-83,-15284,-2748,5296,-501,114,-157,0
1313.573974132538,10924,4624,10664,-49,-66,104,10064,-9424,8408,-67,119,-157,-14864,3896,2768,-1010,86,-94,-15072,-2324,5056,-495,120,-119,0
1313.6075360774994,10920,5116,10564,-56,-19,93,10132,-9224,8424,-68,116,-201,-15052,3880,2952,-980,78,-41,-14960,-2324,5004,-471,160,-111,0
1313.6408431529999,10908,5048,10744,-92,-45,65,10192,-9532,8228,-62,134,-187,-14892,3964,2708,-1040,95,-56,-15020,-2604,5056,-485,146,-134,0
1313.6743869781494,10916,4888,10312,-67,-18,108,10216,-9400,8412,-36,119,-160,-15040,3960,2616,-1028,88,-101,-15088,-2628,5032,-526,151,-116,0
1313.7079520225525,10768,5116,10344,-75,-32,101,10120,-9712,8224,-50,107,-182,-14920,3928,2592,-1040,71,-94,-14956,-2572,5000,-487,181,-153,0
1313.7412941455839,10752,4872,10248,-100,-59,94,10152,-9504,8120,-54,75,-220,-15008,3948,2736,-1023,113,-77,-15116,-2580,5028,-528,165,-158,0
1313.774941921234,10756,4896,10616,-67,-79,104,10120,-9448,8208,-49,118,-191,-15044,3928,2656,-992,110,-49,-15080,-2576,5128,-493,101,-161,0
1313.8082880973816,10892,5116,10544,-93,-75,101,10144,-9704,7944,-49,127,-162,-14936,3944,2660,-773,46,-31,-14988,-2632,5096,-520,132,-136,0
1313.8419511318207,10832,4956,10372,-139,-54,99,10048,-9220,7984,-2,108,-154,-14916,3940,2696,-1040,81,-78,-15052,-2716,5124,-762,106,-130,0
1313.875519990921,10924,5068,10480,-102,-32,119,10088,-9448,8276,-80,122,-162,-14852,3732,2696,-1020,67,-63,-15012,-2660,5056,-513,106,-147,0
1313.9089620113373,10924,4864,10596,-135,-81,82,10096,-9720,8444,-29,156,-160,-14996,4000,2656,-1017,61,-43,-15112,-2636,4968,-501,132,-159,0
1313.9423880577087,10888,4820,10432,-99,-15,107,10208,-9540,8328,-28,93,-174,-14916,3944,2780,-1057,76,-1,-15060,-2816,4720,-497,158,-141,0
1313.9760301113129,10964,5024,10464,-101,-29,96,10132,-9440,7976,-18,115,-153,-15096,3976,2612,-1049,109,-16,-15068,-2680,5084,-493,126,-145,0
1314.00976395607,10892,4876,10396,-130,-40,91,10120,-9544,8128,-46,140,-163,-14936,3972,2648,-972,107,-61,-15056,-2708,5108,-489,132,-135,0
1314.043287038803,10756,4920,10432,-128,-53,100,10072,-9524,8128,-63,154,-168,-14900,3948,2744,-998,72,-61,-15020,-2596,5116,-497,127,-148,0
1314.0770580768583,10820,5112,10308,-121,-54,120,10132,-9492,8084,-39,180,-148,-15020,3900,2808,-1004,108,-97,-14968,-2620,5228,-764,161,-117,0
1314.1105189323423,10856,4916,10516,-149,-79,130,10224,-9464,8004,-26,127,-163,-14980,3988,2720,-1045,97,-80,-15008,-2596,5056,-509,181,-111,0
1314.1437299251556,10860,4652,10280,-117,-53,121,10080,-9304,8228,-41,90,-190,-14956,3904,2560,-1034,93,-60,-15120,-2720,5040,-504,158,-114,0
1314.177395105362,10844,4992,10376,-129,-87,115,10060,-9428,8412,-56,132,-169,-14956,3956,2864,-992,106,-79,-15012,-2592,5008,-489,112,-145,0
1314.2107939720154,10912,4984,10480,-120,-49,114,10172,-9696,8256,-28,114,-178,-14960,3816,2932,-1009,131,-66,-14932,-2628,4976,-481,169,-89,0
1314.2443280220032,10924,4920,10572,-145,-72,123,10148,-9464,8004,-21,141,-186,-14956,4028,2700,-1031,103,-45,-15068,-2660,5064,-508,132,-129,0
1314.2779071331024,10756,4876,10600,-116,-76,122,10136,-9464,8160,-20,114,-184,-14984,3896,2788,-1017,117,-73,-15016,-2784,4928,-486,140,-120,0
1314.31147813797,10876,4988,10420,-156,-82,71,10108,-9420,8220,-42,147,-187,-14976,3972,2708,-962,106,-93,-15056,-2684,5084,-487,172,-149,0
1314.344927072525,10836,4908,10748,-200,-43,111,10144,-9568,8156,11,167,-209,-15040,3920,2864,-966,115,-124,-15092,-2412,5108,-484,140,-83,0
1314.3782241344452,10836,4892,10304,-209,-86,103,10016,-9592,8248,14,141,-205,-14820,3992,2812,-956,121,-122,-14968,-2584,5036,-485,163,-80,0
1314.41170501709,10936,5040,10296,-185,-112,147,10048,-9540,8240,10,135,-206,-14916,3900,2592,-971,125,-105,-14976,-2700,5024,-504,172,-94,0
1314.4453580379486,10856,4960,10484,-200,-135,129,10112,-9540,8216,-43,138,-222,-14964,3960,2776,-932,130,-69,-15088,-2644,5200,-500,149,-104,0
1314.4791610240936,10948,4904,10560,-228,-115,139,10172,-9408,8004,-16,153,-196,-14608,3964,2724,-931,143,-78,-14984,-2632,5076,-477,174,-78,0
1314.5126519203186,10936,4960,10500,-266,-79,135,10100,-9260,8416,-32,187,-220,-15000,3880,2864,-928,138,-130,-15104,-2592,5064,-481,128,-52,0
1314.5461180210114,10912,5096,10580,-284,-66,119,10180,-9368,8004,253,165,-195,-14936,3944,2796,-929,112,-98,-15036,-2504,5128,-488,162,-42,0
1314.5796871185303,10924,4820,10656,-290,-86,135,10176,-9460,8328,-16,146,-214,-14968,3924,2572,-921,136,-120,-14988,-2620,5012,-444,200,-60,0
1314.6175439357758,10944,4928,10268,-293,-116,115,10120,-9380,8436,-34,153,-209,-15036,3920,2568,-895,136,-130,-15048,-2592,5076,-453,191,-59,0
1314.652606010437,11000,4904,10240,-219,-102,117,10444,-9428,8212,-29,155,-206,-15076,4000,2632,-968,126,-118,-15028,-2600,5044,-478,162,-108,0
1314.6881380081177,10992,4860,10440,-284,-123,100,10188,-9648,8132,16,140,-205,-14992,3932,2712,-1038,57,-115,-15096,-2668,5108,-469,172,-116,0
1314.7236020565033,10876,4920,10348,-200,-51,109,10120,-9524,8272,-2,156,-195,-15016,4056,2632,-962,121,-104,-14972,-2692,5184,-471,180,-95,0
1314.7594120502472,10940,5092,10360,-235,-104,113,10060,-9468,8216,245,203,-212,-15008,4056,2632,-975,78,-136,-14968,-2508,5108,-465,177,-86,0
1314.7940769195557,10988,4812,10300,-250,-94,138,10168,-9396,8204,42,132,-210,-14968,3900,2572,-1280,118,-152,-14872,-2616,4892,-483,162,-84,0
1314.8291449546814,11044,4636,10364,-213,-133,137,10076,-9256,7968,-5,143,-180,-14948,3880,2692,-985,123,-69,-15044,-2668,5184,-475,68,-94,0
1314.8655259609225,10844,4752,10656,-6,-92,103,9984,-9492,8040,-29,158,-148,-14972,4020,2672,-976,116,-48,-15012,-2368,5216,-489,119,-119,0
1314.900908946991,10840,4836,10468,-229,-139,126,10104,-9380,8368,-32,151,-190,-14988,3868,2732,-973,117,-128,-14992,-2568,4956,-487,155,-76,0
1314.940838098526,10888,5096,10424,-220,-179,156,10072,-9220,8392,34,155,-223,-14972,3856,2672,-1011,156,-101,-14992,-2588,5152,-486,193,-74,0
1314.977648973465,10976,4832,10464,-512,-184,145,10108,-9500,8252,13,107,-222,-14940,4048,2656,-1006,162,-167,-15116,-2588,5008,-486,187,-67,0
1315.012638092041,10968,4744,10492,-186,-202,132,10156,-9360,8356,11,126,-238,-15092,3876,2692,-989,145,-107,-15016,-2492,4868,-479,175,-90,0
1315.0486149787903,10956,4848,10256,-179,-132,121,10192,-9468,8092,-2,146,-215,-14884,3900,2560,-986,167,-140,-15080,-2628,5068,-469,191,-101,0
1315.0837259292605,11016,4812,10684,-191,-136,139,10160,-9448,8384,25,86,-189,-14980,3896,2736,-995,120,-106,-15044,-2596,5060,-484,165,-94,0
1315.1193981170654,10984,4800,10268,-182,-126,157,10144,-9388,8228,-16,119,-209,-14964,3900,2684,-998,149,-141,-15084,-2632,5048,-495,181,-107,0
1315.1541891098025,10856,4760,10608,-147,-161,111,10156,-9400,8352,-50,121,-225,-15028,3928,2724,-971,147,-100,-15040,-2516,5108,-498,177,-122,0
1315.1902029514313,10972,4744,10564,-116,-116,109,10160,-9252,8228,-76,124,-203,-14988,3940,2740,-988,98,-56,-15284,-2636,4992,-511,159,-120,0
1315.2252831459045,10936,4808,10452,-98,-120,96,10132,-9372,8216,-73,125,-192,-15096,3808,2756,-998,110,-109,-15060,-2808,5052,-538,123,-164,0
1315.2606980800629,11064,4732,10332,-77,-71,106,10156,-9372,8140,-35,106,-166,-15040,3804,2744,-1054,85,-67,-15088,-2388,4976,-510,163,-170,0
1315.294312953949,11008,4848,10488,-85,-68,102,10112,-9380,8292,-43,154,-150,-15076,3832,2544,-1057,58,-73,-15084,-2580,5024,-490,131,-138,0
1315.3279650211334,10988,4896,10516,-76,-52,134,10108,-9408,8196,-50,143,-184,-14896,3936,2680,-1060,91,-58,-15068,-2640,4944,-525,148,-118,0
1315.3615670204165,10896,4728,10352,-89,-109,110,10184,-9452,8016,-65,135,-197,-14888,3820,2792,-1011,100,-100,-14948,-2668,5052,-260,152,-144,0
1315.3949120044708,10996,4904,10384,-54,-66,104,10036,-9472,8116,-72,136,-161,-15004,3988,2744,-960,98,-74,-15112,-2588,4952,-532,96,-137,0
1315.4281661510468,10896,4756,10508,-64,-20,72,10128,-9536,8180,-38,92,-154,-14928,3968,2740,-1014,40,-47,-15128,-2672,5128,-487,113,-141,0
1315.4618511199951,10944,4916,10416,-93,-50,115,10108,-9372,8292,-28,116,-161,-14788,3936,2616,-1028,109,-28,-14984,-2532,4940,-521,101,-130,0
1315.4954841136932,10776,5040,10376,-21,-83,90,10244,-9452,8252,-73,120,-164,-15004,3920,2616,-994,78,-43,-14868,-2568,5060,-486,112,-159,0
1315.5291349887848,10940,4684,10408,-106,-65,69,10156,-9280,8012,-67,153,-182,-14968,4024,2624,-1011,44,-95,-14972,-2324,5048,-466,137,-158,0
1315.562644958496,10920,4616,10300,-77,249,74,10068,-9448,8188,-8,108,-142,-14964,3876,2588,-1059,49,-85,-14976,-2676,4908,-500,125,-164,0
1315.5962240695953,11100,4776,10260,-47,-14,101,10024,-9400,8316,-70,114,-143,-15000,4016,2756,-1037,99,-40,-14872,-2816,5020,-535,104,-161,0
1315.6294360160828,11008,4884,10244,-37,-35,95,10148,-9468,8220,-83,135,-140,-14968,3876,2596,-993,94,-10,-15060,-2604,5068,-499,96,-149,0
1315.6629719734192,10848,5076,10512,-62,8,109,10080,-9496,8304,-54,129,-116,-15016,4004,2768,-1015,62,-16,-14956,-2640,4972,-518,121,-148,0
1315.6966099739075,10776,4636,10704,-43,-45,116,10088,-9488,8160,-70,146,-162,-15012,3856,2608,-1004,100,-77,-15000,-2572,5048,-538,152,-162,0
1315.730250120163,10928,4948,10356,-85,-82,97,10120,-9480,8256,-60,156,-186,-14928,3956,2816,-1014,92,-93,-15028,-2604,5004,-528,165,-160,0
1315.763916015625,10988,4924,10424,-79,-20,117,10032,-9428,8204,-50,151,-172,-15016,4000,2948,-1031,88,-81,-15000,-2492,5260,-515,118,-136,0
1315.797690153122,10820,4972,10280,-70,-51,91,10160,-9592,8256,-42,130,-183,-14876,3940,2960,-1006,82,-41,-15004,-2640,5184,-759,158,-147,0
1315.8309500217438,10896,4884,10444,-50,-57,93,10160,-9540,8180,-45,122,-183,-15032,3964,2724,-973,128,-67,-15044,-2676,5024,-532,137,-137,0
1315.8644361495972,10980,4896,10472,-82,-48,109,10236,-9332,8360,-82,114,-175,-14980,3940,2548,-986,106,-77,-14964,-2736,4964,-519,132,-131,0
1315.89790391922,10992,4976,10564,-84,-72,112,10092,-9448,8228,-119,144,-180,-14928,3616,2680,-976,105,-93,-15096,-2612,5344,-768,134,-131,0
1315.9314250946045,10996,4896,10240,-86,-90,105,9960,-9492,8244,-80,131,-172,-15060,3676,2620,-979,90,-99,-15176,-2684,5136,-521,134,-160,0
1315.9649651050568,10900,4936,10348,-92,-48,102,10160,-9412,8212,-41,148,-171,-14920,3916,2592,-951,125,-36,-15000,-2648,5096,-501,124,-124,0
1315.9985671043396,11000,4880,10404,-102,-29,113,10040,-9452,8276,-51,102,-163,-15028,3960,2592,-970,127,-66,-14960,-2680,5092,-502,148,-136,0
1316.0319840908053,10828,4968,10424,-96,-28,115,10096,-9476,8268,-65,128,-192,-14956,3840,2736,-983,85,-81,-15080,-2632,4908,-501,122,-150,0
1316.0655961036682,10984,4696,10460,-81,-70,85,10192,-9464,8384,-50,124,-192,-14912,3976,2600,-991,57,-96,-15044,-2792,4976,-496,190,-182,0
1316.0992081165314,10784,5036,10624,-101,-90,82,10064,-9476,8144,-55,154,-215,-14968,3888,2444,-1142,171,-87,-14948,-2752,4972,-482,181,-136,0
1316.1324610710144,10956,4904,10368,-138,-77,83,10236,-9452,8424,-69,72,-227,-14648,3864,2692,-866,110,-69,-15044,-2732,4864,-479,120,-101,0
1316.1661639213562,10976,4996,10396,-92,-104,76,10108,-9584,7980,-53,151,-158,-15040,3936,2716,-979,96,-22,-15140,-2324,5064,-261,110,-133,0
1316.1995179653168,10972,4864,10528,-174,-38,123,10148,-9460,8184,-10,161,-143,-14988,3976,2792,-975,94,-59,-14980,-2764,5028,-522,119,-114,0
1316.2329759597778,10768,5044,10276,-125,47,115,10344,-9448,8256,-60,95,-163,-15048,4092,2576,-969,138,-45,-15036,-2736,5028,-500,101,-105,0
1316.2663929462433,11016,5024,10592,-155,-79,93,9936,-9568,7936,-77,222,-180,-14972,3980,2736,-949,104,-48,-15056,-2356,4984,-761,158,-112,0
1316.3050179481506,10888,4888,10352,-153,-25,102,10100,-9480,8196,-14,134,-176,-14936,4036,2704,-1050,80,-91,-15088,-2600,5024,-270,156,-95,0
1316.3412530422213,10864,4924,10368,-160,-20,125,10180,-9432,7968,-34,137,-164,-14852,3892,2740,-923,99,-97,-14972,-2736,5360,-499,143,-104,0
1316.3776099681854,10912,5068,10508,-211,-40,97,10056,-9696,8420,-14,165,-174,-14956,3952,2584,-928,143,-102,-15008,-2584,5372,-490,119,-91,0
1316.4132959842682,10792,4944,10536,-219,-103,111,10120,-9500,8192,-47,160,-173,-14980,3896,2816,-942,135,-103,-15068,-2604,5072,-494,154,-54,0
1316.4496171474457,10900,4972,10464,-231,-64,131,9864,-9316,8216,40,213,-165,-14936,3996,2588,-957,111,-106,-15036,-2632,5140,-466,199,-64,0
1316.484780073166,10928,4908,10484,-298,-102,139,10068,-9396,7980,253,191,-194,-14804,4032,2560,-955,164,-117,-15012,-2656,5072,-474,197,-67,0
1316.5197639465332,10792,4620,10260,-256,-107,117,9808,-9556,8076,-16,188,-203,-14956,4076,2960,-921,126,-151,-15024,-2720,5052,-469,193,-67,0
1316.5555109977722,10860,4916,10468,-234,-110,110,10216,-9268,8272,-256,186,-201,-14940,3972,2700,-936,121,-149,-15116,-2596,5048,-468,168,-71,0
1316.5917460918429,10940,5116,10276,-237,-93,114,10292,-9512,8224,10,151,-211,-14992,3644,2760,-964,128,-136,-14852,-2600,5360,-483,216,-81,0
1316.6274790763855,10832,5020,10508,-252,-117,154,10024,-9444,8076,52,222,-231,-14872,3888,2744,-1002,151,-187,-15048,-2752,4968,-483,196,-40,0
1316.662262916565,11060,4676,10360,-214,-123,136,10100,-9252,8544,247,166,-207,-15012,3996,2716,-937,161,-154,-15008,-2744,5020,-465,196,-90,0
1316.7018139362335,10960,4856,10372,-234,-138,128,10228,-9412,8152,-43,152,-197,-15032,3860,2764,-947,117,-113,-15036,-2616,5028,-474,145,-91,0
1316.7380731105804,10956,4804,10656,-257,-116,129,10116,-9464,8068,17,161,-201,-14892,3888,2824,-943,115,-120,-15088,-2696,5372,-466,129,-96,0
1316.7727539539335,10880,4792,10404,-230,-122,146,10064,-9392,8192,-12,163,-177,-14908,3908,2532,-1092,170,-110,-14936,-2672,5108,-472,160,-108,0
1316.8081970214844,11004,4956,10548,-193,-107,139,10120,-9476,8240,-256,143,-188,-15020,3912,2564,-1278,133,-134,-15040,-2384,5148,-467,139,-110,0
1316.8435599803925,10860,5024,10440,-191,-165,143,10152,-9712,8436,17,123,-203,-14944,3852,2748,-1007,153,-107,-15096,-2648,4960,-481,144,-90,0
1316.8793299198153,10932,4844,10504,-204,-171,140,10092,-9420,8280,252,118,-228,-14920,3940,2640,-968,153,-149,-14960,-2768,4928,-488,202,-53,0
1316.9143409729004,10956,5040,10288,-215,-117,160,10284,-9408,8268,-15,74,-186,-14976,3936,2576,-935,139,-107,-15076,-2648,5072,-478,108,-61,0
1316.9497089385986,10996,5040,10604,-178,-124,131,10164,-9304,8000,-32,129,-191,-15012,3636,2680,-1073,134,-62,-15004,-2652,5092,-509,131,-102,0
1316.9832451343536,10812,4808,10280,-253,-132,137,10176,-9472,8184,-2,129,-168,-14788,3672,2736,-1036,123,-104,-14928,-2600,4908,-491,164,-100,0
1317.0168960094452,10840,5104,10332,-142,-106,128,10156,-9428,8188,-44,153,-209,-14688,3888,2696,-952,143,-119,-15028,-2660,4948,-473,171,-106,0
1317.0503571033478,11080,4616,10536,-188,-128,86,10044,-9504,8296,-20,160,-508,-14972,3992,2616,-973,101,-144,-14964,-2568,5016,-465,199,-93,0
1317.083713054657,10952,4824,10272,-159,-150,123,10116,-9456,8044,-9,114,-223,-15000,3992,2488,-1131,150,-80,-14992,-2688,5040,-490,165,-110,0
1317.1173729896545,10964,4828,10240,-114,-95,95,10172,-9372,8004,-55,133,-195,-14972,3904,2620,-1004,46,-59,-15020,-2644,4924,-527,103,-184,0
1317.1507380008698,10760,4792,10300,-113,-106,89,10176,-9340,8264,-66,131,-182,-14884,3904,2716,-984,104,-71,-15012,-2588,5032,-504,73,-148,0
1317.1842679977417,10928,4768,10460,-41,-97,94,10100,-9412,8312,-82,144,-187,-14940,3924,2576,-1016,92,-78,-15016,-2784,4992,-504,148,-137,0
1317.2179501056671,10948,4860,10344,-87,-112,101,10152,-9472,8432,-46,115,-194,-14964,3844,2580,-1023,73,-83,-14984,-2640,4872,-494,165,-146,0
1317.2511630058289,10932,4824,10400,-116,-89,110,10160,-9436,8124,-10,129,-205,-14948,3944,2676,-1049,88,-71,-14964,-2764,5328,-472,170,-141,0
1317.2847030162811,11000,4944,10404,-76,-74,103,10044,-9648,8000,-34,119,-193,-15080,3976,2724,-1030,115,-55,-15060,-2340,5360,-505,136,-162,0
1317.3182260990143,10956,5100,10284,-68,-89,85,10140,-9692,8256,-34,123,-168,-14956,3852,2656,-1009,88,-91,-15072,-2652,5176,-496,118,-148,0
1317.351457118988,10980,4844,10408,-82,-29,97,10144,-9500,8236,-39,119,-173,-15092,3932,2636,-1051,81,-85,-14984,-2676,5080,-492,98,-164,0
1317.3848330974579,10876,4956,10276,-101,-54,116,10032,-9240,8444,-29,129,-149,-14928,3628,2668,-1047,104,-34,-14968,-2640,5288,-492,86,-104,0
1317.4184710979462,10876,4892,10400,-53,-40,144,10160,-9472,8340,-63,143,-149,-14904,3644,2704,-1019,93,-6,-14960,-2684,5252,-474,112,-98,0
1317.4517300128937,10896,4900,10624,-68,-65,117,10120,-9460,8084,-92,121,-159,-14964,4000,2712,-1002,103,-52,-14972,-2596,4952,-495,131,-163,0
1317.4853630065918,10940,4724,10696,-70,-73,113,10192,-9428,8220,-89,103,-182,-14948,4064,2500,-1276,110,-95,-14976,-2580,5148,-504,155,-138,0
1317.5189850330353,10796,4928,10700,-80,-68,112,10208,-9512,8248,-44,103,-198,-15000,3908,2800,-1018,140,-91,-15072,-2600,5040,-257,146,-140,0
1317.5523400306702,10968,4868,10392,-85,-73,105,10148,-9412,8096,-40,103,-185,-15000,3944,2628,-769,64,-7,-15044,-2700,5012,-518,145,-123,0
1317.5858459472656,10796,5100,10312,-89,-72,116,10076,-9460,8064,-59,118,-190,-14972,3900,2696,-1030,47,-59,-15000,-2644,4968,-499,131,-176,0
1317.6194579601288,11008,5084,10320,-90,-42,101,10204,-9708,8260,-62,121,-187,-14820,3900,2668,-1012,96,-109,-14876,-2512,5164,-491,171,-169,0
1317.6527819633484,10768,4948,10640,-62,-15,93,10164,-9444,8240,-86,134,-156,-14956,3964,2704,-1003,74,-53,-14852,-2572,5080,-519,118,-151,0
1317.7008171081543,10940,4944,10476,-99,-20,119,10164,-9724,7996,-19,133,-150,-14932,3608,2640,-1059,59,-58,-15016,-2704,5048,-509,105,-169,0
1317.7440299987793,10780,4928,10452,-75,-40,95,10112,-9436,8288,-100,124,-161,-14948,3896,2628,-1009,95,-62,-15020,-2664,5192,-501,133,-178,0
1317.7804970741272,10924,4992,10500,-109,-68,50,10148,-9492,8148,-63,125,-176,-14900,3940,3032,-1010,64,-43,-15028,-2580,5004,-488,153,-159,0
1317.8140969276428,10864,4848,10484,-83,-29,69,10020,-9404,8196,-27,108,-174,-14936,3944,2672,-1064,27,-29,-14916,-2624,5132,-504,147,-141,0
1317.847491979599,10948,4976,10488,-67,-25,82,10108,-9460,8132,-20,136,-151,-14960,3984,2908,-1009,83,-64,-15044,-2800,5204,-506,118,-143,0
1317.8809740543365,10956,4924,10424,-103,-46,97,10128,-9424,8120,-37,136,-169,-14976,3952,2592,-973,79,-80,-15116,-2716,5160,-500,108,-173,0
1317.9145150184631,10948,4972,10504,-97,-37,78,10268,-9664,8176,-81,144,-143,-15036,4012,2664,-1008,84,-73,-14968,-2624,5160,-505,125,-170,0
1317.950336933136,11224,5012,10388,-104,-45,116,10228,-9476,8108,-46,111,-143,-14888,3904,2704,-1010,112,-91,-15016,-2620,5116,-765,147,-124,0
1317.9855489730835,10836,4920,10532,-128,-55,102,10096,-9448,8224,-23,126,-195,-14920,4004,2908,-1052,98,-38,-15052,-2648,5088,-767,155,-106,0
1318.0211119651794,10900,5052,10580,-108,-60,135,10116,-9456,7976,-31,131,-166,-14964,3988,3060,-988,110,-111,-15000,-2680,4980,-528,159,-93,0
1318.0571520328522,10928,4992,10436,-120,-58,102,10148,-9520,8300,-47,136,-168,-14956,3888,2644,-1002,94,-91,-14976,-2668,5348,-478,117,-161,0
1318.0922360420227,11152,4936,10496,-135,-52,111,10160,-9488,8176,-40,117,-185,-14940,3960,2632,-1008,65,-36,-14968,-2732,5020,-493,170,-145,0
1318.1284699440005,10884,4968,10456,-134,-86,145,10044,-9688,8276,-62,149,-187,-14972,3980,2668,-984,95,-115,-14976,-2660,4968,-531,141,-112,0
1318.1634521484375,10916,4960,10564,-136,-73,102,10172,-9532,8076,-67,138,-184,-14876,4004,2956,-974,96,-68,-14904,-2676,5096,-496,127,-116,0
1318.19925904274,10948,4956,10452,-148,-56,80,10140,-9428,8232,-29,151,-178,-14936,3968,2448,-1004,116,-108,-14992,-2628,5080,-502,145,-124,0
1318.2346880435944,10916,5112,10568,-138,-44,84,10116,-9480,8064,-25,125,-180,-14960,3992,2980,-1014,86,-81,-15032,-2576,5288,-475,161,-112,0
1318.2705271244047,10828,4920,10528,-176,-4,91,10188,-9516,8096,-10,150,-181,-14916,3928,2664,-1016,78,-33,-15128,-2596,5348,-514,138,-122,0
1318.3071029186249,10908,4892,10400,-182,-23,107,10064,-9560,8108,-17,150,-184,-14936,4016,2564,-998,105,-86,-15032,-2688,5312,-499,160,-110,0
1318.3422961235049,10832,4996,10564,-144,-60,114,10092,-9508,8252,-20,141,-178,-14920,3920,2784,-999,107,-129,-14940,-2720,4940,-479,174,-87,0
1318.3785610198975,10864,5012,10344,-180,-70,122,10052,-9448,8220,-22,157,-196,-14900,3936,2708,-961,116,-89,-15000,-2684,5000,-495,173,-92,0
1318.4138309955597,10928,5016,10684,-202,-89,145,10128,-9696,8308,-49,146,-194,-15004,3916,2784,-958,143,-115,-15020,-2712,5044,-486,182,-61,0
1318.449245929718,10920,4944,10248,-241,-79,120,10188,-9472,8316,-50,136,-202,-14972,3884,2724,-883,147,-95,-14980,-2740,5328,-479,160,-57,0
1318.4844450950625,10880,4988,10468,-189,-32,114,10220,-9488,7980,-54,169,-185,-15068,3992,2724,-935,105,-117,-15044,-2632,4932,-480,135,-74,0
1318.5203099250793,10792,4656,10548,-290,-57,123,10132,-9608,8036,-10,176,-185,-14944,3896,2576,-980,110,-83,-15100,-2656,5028,-488,186,-90,0
1318.5558190345764,10804,4984,10268,-210,-21,115,10068,-9268,8108,-36,157,-188,-14904,3936,2640,-955,174,-115,-15048,-2664,5016,-464,148,-72,0
1318.5912530422213,10944,4880,10668,-212,-87,108,10140,-9408,8088,-55,181,-229,-14924,3912,2796,-945,131,-148,-15000,-2536,5132,-460,193,-93,0
1318.6267580986023,11204,4904,10640,-236,-105,133,10088,-9560,8196,28,137,-204,-15008,3940,2644,-1273,67,-98,-15032,-2600,5116,-480,196,-83,0
1318.6599071025848,10952,4880,10716,-189,-78,141,10092,-9408,8440,28,149,-178,-14920,4008,2632,-993,89,-78,-15004,-2676,5104,-502,156,-118,0
1318.6934690475464,10912,4884,10484,-209,-89,103,10060,-9516,8436,-23,189,-186,-14980,4020,2708,-940,128,-102,-15004,-2556,5140,-498,99,-97,0
1318.72718501091,10904,4892,10636,-238,-93,110,10124,-9412,8056,-26,181,-186,-14944,3988,2596,-977,98,-146,-15088,-2680,5088,-469,152,-93,0
1318.760407924652,11224,4928,10396,-202,-66,118,10072,-9416,8220,-17,212,-178,-15020,3948,2552,-1003,120,-137,-14940,-2636,5080,-478,160,-96,0
1318.7942929267883,10884,4904,10472,-255,-165,125,10132,-9532,8188,17,168,-234,-14836,3936,2680,-999,135,-141,-14972,-2580,5088,-491,226,-72,0
1318.827595949173,10952,4876,10488,-202,-142,139,10064,-9408,8396,8,140,-238,-14928,3848,2712,-1007,143,-132,-14992,-2624,4932,-497,210,-64,0
1318.8609409332275,10904,4932,10688,-227,-159,141,10044,-9464,8236,8,164,-193,-14948,4024,2700,-989,154,-142,-15084,-2608,5080,-490,165,-80,0
1318.8942890167236,11184,4864,10276,-209,-112,125,10136,-9436,8264,6,143,-212,-15052,3940,2656,-965,157,-157,-15036,-2816,5064,-477,167,-67,0
1318.9278960227966,10852,4632,10460,-229,-149,131,10100,-9248,8348,37,166,-197,-14944,3984,2664,-1013,148,-126,-14860,-2648,5064,-508,193,-78,0
1318.9614009857178,10860,4652,10436,-230,-143,160,10124,-9396,8224,-256,145,-196,-14928,3868,2720,-969,139,-93,-15056,-2688,5156,-468,155,-104,0
1318.9948010444639,10808,4880,10424,-209,-149,128,10060,-9444,8244,-25,157,-206,-15084,4060,2696,-953,98,-94,-14888,-2580,5124,-481,144,-109,0
1319.028440952301,11008,4628,10400,-184,-112,84,10208,-9492,8428,-256,176,-180,-15048,4004,2736,-1016,75,-112,-14984,-2740,4976,-502,137,-150,0
1319.0620300769806,10956,4632,10704,-208,-166,114,10096,-9468,8292,66,115,-200,-14928,3836,2812,-778,100,-150,-14864,-2680,4860,-478,197,-98,0
1319.0955200195312,10920,4876,10608,-150,-121,124,10124,-9468,7980,-52,146,-245,-15008,3816,2476,-972,161,-107,-15076,-2588,5116,-472,190,-99,0
1319.1292510032654,11012,4836,10584,-155,-173,107,10240,-9428,8168,-29,152,-241,-15004,4044,2680,-1000,114,-115,-15080,-2580,5108,-490,168,-117,0
1319.1625730991364,10920,4860,10432,-160,-184,104,10108,-9684,8204,-25,125,-188,-14952,3868,2656,-1019,93,-117,-15016,-2544,5028,-509,159,-156,0
1319.195654153824,11208,4788,10488,-102,-140,133,10140,-9396,8120,-30,118,-190,-14996,3912,2616,-1038,101,-104,-14976,-2648,5072,-510,135,-159,0
1319.2292430400848,10988,4876,10492,-78,-119,110,10184,-9384,8124,-38,96,-174,-14928,3860,2712,-1039,103,-88,-14948,-2520,4968,-527,117,-113,0
1319.262897014618,10872,4924,10324,-95,-83,107,10184,-9432,8444,-31,137,-150,-15020,3868,2776,-1048,71,-36,-15004,-2624,5036,-498,132,-121,0
1319.2966079711914,11028,4864,10464,-113,-75,107,10128,-9360,8276,-25,123,-157,-14980,3952,2760,-1040,76,-52,-15040,-2572,5016,-503,149,-154,0
1319.330295085907,11052,4880,10448,-98,-97,98,10108,-9252,8236,-54,131,-149,-14924,3880,3044,-986,52,-59,-15012,-2620,5092,-759,176,-145,0
1319.3637120723724,11000,4844,10376,-75,-86,95,10180,-9416,8216,-42,137,-210,-15044,3880,2636,-1039,80,-102,-14960,-2672,5300,-491,180,-113,0
1319.3971359729767,10916,4904,10456,-98,-72,76,10112,-9500,8248,-30,136,-191,-14916,3880,2736,-1024,56,-111,-14932,-2596,5120,-487,138,-132,0
1319.4308259487152,10840,4944,10660,-99,-88,94,10008,-9576,8084,-41,165,-208,-14944,3984,2612,-988,48,-49,-15028,-2588,5132,-480,142,-146,0
1319.4643261432648,10904,4848,10004,-97,-53,106,10040,-9480,8252,-70,145,-162,-14908,3912,2800,-1016,70,-22,-15040,-2580,4992,-768,121,-167,0
1319.497967004776,10852,4960,10720,-91,-62,90,10248,-9472,8164,-60,169,-160,-14988,3944,2732,-996,72,-30,-15004,-2540,5060,-500,110,-156,0
1319.5316050052643,11184,5112,10488,-77,-49,110,10160,-9492,8232,-40,137,-148,-15044,3956,2964,-998,80,-59,-15012,-2648,5336,-495,109,-127,0
1319.5650260448456,10984,4956,10388,-88,-49,137,10108,-9468,8244,-67,132,-145,-14924,3864,2560,-1018,91,-93,-15020,-2632,5028,-507,128,-137,0
1319.5987150669098,10780,4872,10324,-90,-31,103,10160,-9552,8188,-48,115,-164,-14932,3884,2788,-997,115,-57,-15096,-2620,4872,-500,161,-162,0
1319.6343281269073,10880,4940,10588,-91,-75,96,10216,-9232,8444,-50,101,-168,-14968,3908,2800,-779,72,-88,-15064,-2636,5032,-489,157,-166,0
1319.6696019172668,10968,4888,10452,-99,-72,101,10124,-9392,8336,-37,131,-191,-14996,4000,2444,-1034,72,-73,-14908,-2640,5052,-505,138,-161,0
1319.704878091812,10828,5036,10536,-77,-56,71,10080,-9388,8092,-26,133,-164,-14960,3868,2832,-993,59,-74,-14964,-2680,5076,-506,121,-179,0
1319.740385055542,10872,4932,10408,-87,-34,95,10080,-9472,8208,-50,143,-150,-15068,3904,2788,-1002,87,-6,-15048,-2528,5112,-478,108,-159,0
1319.7771210670471,10976,4916,10392,-90,-39,101,10264,-9388,8164,-49,125,-162,-15040,3988,2720,-1006,114,-34,-14964,-2684,5152,-514,132,-132,0
1319.8121509552002,10944,4728,10456,-83,-76,115,10136,-9608,8204,-68,143,-188,-15008,3920,2776,-1000,86,-75,-15044,-2596,5184,-495,120,-142,0
1319.8482100963593,10960,4940,10380,-84,-62,105,10092,-9220,8128,-54,102,-183,-14980,3968,2660,-981,108,-68,-14976,-2692,5364,-504,142,-123,0
1319.8835251331327,10872,4916,10448,-100,-52,104,10232,-9348,8068,-24,108,-177,-15056,3876,2692,-1050,127,-79,-14984,-2524,5056,-511,152,-118,0
1319.9192600250244,11128,5008,10400,-100,-94,105,10164,-9500,8184,-9,102,-178,-14972,3956,2732,-1031,112,-74,-15016,-2648,5048,-767,185,-146,0
1319.958228111267,10864,5004,10440,-144,-77,97,10164,-9408,8248,-66,127,-194,-14928,3936,2688,-970,107,-62,-14960,-2664,5084,-258,136,-146,0
1319.9932579994202,10948,5000,10300,-64,-56,74,10252,-9524,8208,-73,129,-168,-15016,3952,2768,-777,74,-65,-15308,-2800,5068,-512,119,-162,0
1320.0292129516602,10936,4972,10436,-113,-20,97,10060,-9552,8124,-15,115,-147,-14956,3844,2640,-1072,53,-27,-15040,-2720,5064,-524,131,-140,0
1320.0640940666199,10884,5012,10388,-107,16,97,10128,-9440,8292,-75,154,-137,-14956,3604,2612,-1003,94,-72,-14968,-2764,5076,-488,106,-157,0
1320.0996911525726,10988,4884,10268,-118,-60,46,10160,-9244,7968,-55,139,-178,-14952,3952,2672,-1011,87,-67,-14992,-2576,4956,-477,162,-121,0
1320.1351380348206,10892,4908,10284,-129,-45,88,10144,-9432,8236,-13,121,-156,-14940,3968,2572,-1089,43,-18,-14976,-2628,5152,-510,158,-132,0
1320.170849084854,10888,5056,10372,-118,-6,129,10164,-9428,8228,-11,134,-155,-14960,3880,2620,-1042,98,-35,-14976,-2748,5028,-500,104,-145,0
1320.2071130275726,10852,5032,10744,-135,-25,81,10084,-9676,8004,-46,131,-181,-14920,3900,2740,-980,97,-35,-15048,-2768,4972,-505,107,-113,0
1320.2424819469452,10872,5000,10440,-121,-40,107,10092,-9468,8168,-59,157,-152,-14896,3928,2568,-986,87,-99,-14900,-2648,5072,-490,139,-118,0
1320.2777400016785,11004,4928,10336,-128,-56,111,10112,-9512,8040,-254,147,-168,-14900,3896,2660,-1004,109,-76,-14948,-2688,5040,-505,168,-148,0
1320.3135831356049,10876,4988,10300,-123,-70,115,10056,-9488,8236,-32,111,-172,-14892,3944,2644,-1274,125,-92,-14940,-2676,5024,-488,171,-117,0
1320.3474171161652,10848,4944,10420,-131,-58,114,10164,-9480,8216,-32,139,-190,-14888,4000,2680,-1005,129,-90,-14988,-2688,5152,-764,146,-124,0
1320.380977153778,10896,5100,10372,-194,-66,100,10112,-9308,7964,3,157,-180,-15088,3988,2624,-989,131,-71,-14976,-2768,5040,-458,136,-100,0
1320.4145090579989,10924,4984,10352,-175,-15,116,10168,-9528,8340,20,181,-166,-14948,4024,2764,-1009,126,-86,-14920,-2612,5092,-468,175,-105,0
1320.4480891227722,10824,5000,10272,-196,-77,80,10084,-9448,8208,27,170,-188,-14944,3972,2664,-985,106,-125,-14960,-2676,5004,-471,160,-113,0
1320.481814146042,10816,5032,10300,-217,-60,115,10120,-9572,8312,-19,195,-195,-15036,4060,2776,-953,138,-149,-15020,-2644,5284,-487,164,-93,0
1320.515438079834,10940,5024,10548,-212,-93,107,10028,-9568,8192,-41,156,-226,-14960,4040,2692,-921,145,-155,-15008,-2644,5072,-474,185,-64,0
1320.5490770339966,10992,4888,10708,-200,-94,104,10124,-9592,8064,-28,146,-205,-14764,4020,2748,-982,140,-127,-15040,-2656,5120,-257,178,-74,0
1320.5827560424805,10852,4976,10680,-238,-94,114,10076,-9488,8272,-23,190,-202,-14868,3844,2656,-947,132,-120,-15028,-2684,5200,-482,183,-79,0
1320.61639213562,10756,4972,10556,-235,-51,100,10168,-9444,8292,-18,163,-199,-14916,3948,2776,-940,151,-96,-15028,-2624,4952,-470,184,-65,0
1320.6496469974518,10912,4956,10516,-272,-52,128,10176,-9540,8308,11,173,-190,-14904,3876,2720,-946,139,-137,-14976,-2644,5088,-472,200,-42,0
1320.6830279827118,10816,5000,10520,-240,-113,127,10068,-9456,7984,20,162,-221,-15072,3976,2684,-974,154,-106,-14980,-2656,5040,-467,240,-48,0
1320.7162289619446,10864,4948,10580,-234,-138,133,10124,-9472,8156,-19,157,-235,-14972,4088,2680,-928,165,-123,-15008,-2608,4896,-456,172,-42,0
1320.749943971634,10996,4916,10344,-195,-129,152,10096,-9420,8192,-49,154,-210,-15000,4004,2704,-964,158,-101,-15060,-2348,5076,-499,175,-66,0
1320.7837200164795,10944,4892,10448,-286,-118,140,10160,-9540,8296,3,132,-163,-15036,3924,2684,-1031,81,-121,-15008,-2716,4864,-443,158,-97,0
1320.8173909187317,10852,4896,10276,-218,-62,113,10168,-9420,8260,-6,159,-183,-14956,3608,2580,-980,123,-102,-15076,-2696,5048,-478,157,-103,0
1320.8511250019073,10928,4908,10548,-225,-116,95,10008,-9680,8372,-14,190,-247,-14944,3896,2552,-952,117,-201,-14988,-2560,5068,-470,197,-83,0
1320.8842351436615,10976,4928,10476,-259,-80,137,10044,-9480,8196,38,157,-196,-15064,3932,2728,-1033,89,-125,-14920,-2576,5016,-491,192,-79,0
1320.9180879592896,10944,4940,10452,-213,-96,155,10064,-9440,8396,50,168,-184,-15044,3884,2740,-1020,105,-63,-14968,-2676,4948,-484,115,-105,0
1320.9517850875854,10924,4960,10528,-226,-77,128,10096,-9432,8440,-13,174,-168,-15036,3732,2840,-970,142,-78,-15276,-2612,5064,-482,113,-104,0
1320.9854609966278,10884,4988,10452,-221,-122,137,10152,-9476,8272,9,166,-180,-15004,3928,2792,-973,129,-85,-14852,-2320,4908,-480,134,-89,0
1321.0191371440887,11180,5104,10296,-192,-99,139,10056,-9488,8324,-6,135,-214,-14980,3992,2696,-991,127,-121,-15000,-2696,5068,-482,143,-102,0
1321.0527369976044,10980,4796,10392,-218,-166,141,10028,-9452,8220,-6,127,-210,-15028,4000,2644,-1012,137,-120,-15004,-2624,5020,-488,180,-90,0
1321.0864219665527,10880,4844,10560,-171,-143,125,10116,-9260,8192,-9,156,-216,-14964,3892,2544,-997,120,-136,-15036,-2664,5132,-497,185,-98,0
1321.119961977005,10912,4900,10432,-202,-148,118,10196,-9244,8284,-8,132,-232,-14996,3984,2784,-970,132,-122,-15016,-2588,5088,-498,180,-82,0
1321.1533329486847,10964,4900,10492,-172,-133,117,10172,-9400,8300,-44,127,-216,-15036,3936,2420,-1007,126,-123,-15028,-2664,5048,-483,171,-111,0
1321.186933040619,10932,4860,10532,-151,-181,133,10116,-9392,8228,-31,119,-191,-14988,3984,2596,-1015,114,-93,-14984,-2672,5120,-480,172,-137,0
1321.220157146454,10832,4932,10372,-108,-163,124,10092,-9428,8032,-55,117,-204,-14936,3928,2612,-986,109,-100,-15048,-2320,5308,-497,129,-174,0
1321.2538390159607,10952,4808,10484,-97,-146,109,10160,-9464,8140,-77,123,-199,-14992,3996,2716,-992,115,-48,-14872,-2500,5104,-481,138,-140,0
1321.2874150276184,10940,4848,10452,-99,-115,96,10168,-9380,8200,-26,133,-175,-15048,3948,2804,-1022,106,-76,-15080,-2788,4932,-464,145,-124,0
1321.3239669799805,10996,4900,10424,-112,-88,87,10092,-9416,8260,-24,122,-171,-14936,3952,2616,-1038,69,-67,-15076,-2584,5044,-468,130,-142,0
1321.3596830368042,11216,4908,10296,-109,-89,114,10064,-9520,8408,-253,146,-140,-15012,3844,2680,-1032,79,-36,-15148,-2664,4984,-497,128,-133,0
1321.394658088684,10968,4876,10472,-152,-88,89,10160,-9444,8320,-1,134,-183,-14948,3928,2920,-772,78,-87,-15052,-2740,5008,-470,117,-145,0
1321.4299409389496,11232,4864,10340,-81,-90,107,10080,-9448,8424,-39,144,-163,-14984,3944,2636,-997,95,-83,-15012,-2532,5104,-493,89,-133,0
1321.464900016785,10948,4780,10280,-90,-32,97,10220,-9488,8292,-15,122,-147,-15076,3896,2560,-1061,62,-42,-15056,-2688,5056,-503,110,-182,0
1321.500293970108,10888,4872,10404,-124,-37,88,10068,-9340,8228,-21,138,-133,-14896,3848,2796,-1048,90,-58,-15136,-2580,4900,-509,128,-139,0
1321.5353860855105,10912,5032,10504,-88,-62,101,10020,-9472,7976,-98,113,-184,-14976,3904,2628,-996,71,-87,-14896,-2592,4928,-483,126,-141,0
1321.5712130069733,10988,4848,10452,-132,-72,101,10044,-9456,8200,-17,105,-196,-14680,4000,2668,-1032,71,-84,-15048,-2524,5032,-468,141,-119,0
1321.6061971187592,10912,4912,10332,-68,-23,124,10148,-9448,8156,255,134,-138,-15000,3880,2736,-1045,66,-54,-15076,-2592,5012,-514,118,-152,0
1321.641874074936,11048,4876,10604,-116,-19,101,10128,-9644,8224,-47,125,-167,-15028,3896,2688,-994,95,-8,-14948,-2604,5048,-516,85,-145,0
1321.6781809329989,11012,4872,10500,-158,-35,93,10124,-9484,8360,-40,158,-145,-15092,3972,2672,-1009,65,-67,-15004,-2712,5004,-456,117,-135,0
1321.7134680747986,10948,4948,10388,-170,-14,121,10012,-9452,8252,-26,158,-159,-14888,3892,2584,-1020,90,-76,-14932,-2660,5060,-472,176,-115,0
1321.7493340969086,10804,4940,10448,-201,-107,131,10072,-9644,8164,252,153,-211,-14948,4016,2760,-1003,123,-113,-14852,-2700,5024,-467,200,-87,0
1321.7848880290983,10892,4944,10472,-164,-177,123,9996,-9488,8432,-27,85,-240,-15000,3932,2804,-998,128,-189,-15100,-2752,5288,-448,219,-103,0
1321.8203880786896,10976,4932,10524,-157,-325,132,10060,-9592,8332,-138,105,-297,-15096,3984,2576,-956,97,-164,-14856,-2720,4980,-518,170,-119,0
1321.8555400371552,10812,4904,10280,10,-3,60,10144,-9640,8116,-199,118,-251,-15116,3964,2624,-1046,10,-123,-14936,-2504,4960,-556,111,-230,0
1321.8907260894775,11112,4612,10236,-19,-114,39,10244,-9228,8148,-77,199,-144,-14852,3796,2376,-1083,-31,-245,-14896,-2568,4860,-498,52,-243,0
1321.927129983902,10932,4792,10028,-158,98,60,10040,-9408,8184,-22,150,-97,-14848,3592,2672,-1072,46,40,-14856,-2796,5000,-472,122,-137,0
1321.9638681411743,11084,5032,10384,-154,45,82,10224,-9424,8352,-37,130,-117,-14944,3840,2604,-1043,125,236,-15300,-2632,5100,-462,156,-118,0
1321.9973800182345,10968,4992,10548,-174,-44,148,10120,-9468,8304,-47,92,-173,-14952,3924,2756,-1035,145,-23,-14924,-2656,5080,-486,215,-111,0
1322.0310389995575,10800,4972,10404,-126,-107,138,10000,-9240,8400,-24,97,-178,-14624,3880,2908,-1066,148,-67,-14908,-2716,5020,-530,227,-154,0
1322.064768075943,10864,5100,10440,-90,-155,127,10024,-9312,8360,-46,91,-205,-14964,3944,2964,-1061,145,-81,-14936,-2904,5288,-767,157,-146,0
1322.0982899665833,10828,5096,10612,-83,-86,112,10132,-9460,8116,-82,97,-171,-14920,3940,2612,-981,121,-74,-14968,-2740,5072,-501,115,-146,0
1322.1316339969635,10888,4936,10388,-92,-19,62,10072,-9240,8332,-94,137,-147,-14952,3892,2860,-929,83,-26,-15092,-2620,5092,-496,40,-144,0
1322.165041923523,11236,4988,10440,-59,24,72,10080,-9532,8344,-86,121,-123,-14984,4028,2528,-938,124,-6,-15064,-2588,5040,-531,67,-123,0
1322.1987309455872,10868,4820,10652,-123,43,112,10112,-9524,8220,-22,104,-146,-14972,3932,2592,-975,103,-14,-14964,-2632,5048,-499,121,-73,0
1322.232253074646,10816,4656,10308,-101,-26,153,10212,-9472,8152,-74,102,-140,-14936,3852,2668,-988,174,-105,-15004,-2576,4936,-486,153,-89,0
1322.2658460140228,11048,4988,10468,-103,-66,131,10216,-9516,8436,-62,103,-188,-14964,4052,2804,-1009,112,-108,-14948,-2324,5080,-487,189,-122,0
1322.2994220256805,10756,4900,10344,-134,-54,89,9992,-9608,8156,17,148,-177,-15040,3964,2604,-1074,63,-110,-15024,-2580,5136,-499,171,-148,0
1322.3327569961548,10844,5116,10612,-117,-12,42,10036,-9532,8144,46,200,-181,-14996,4024,2672,-1060,251,-91,-14964,-2740,5164,-534,154,-200,0
1322.3664710521698,10832,5000,10216,-98,29,1,10176,-9592,8244,4,235,-151,-14996,3844,2812,-994,-20,-56,-15088,-2724,5296,-485,94,-238,0
1322.399845123291,10984,5000,10532,-122,18,-6,10080,-9416,8288,-29,229,-207,-15016,3976,2580,-937,16,-109,-15020,-2704,4872,-484,111,-220,0
1322.4334321022034,10880,4956,10588,-132,-34,52,9732,-9380,8220,-37,224,-200,-14872,4004,2980,-946,69,-120,-14976,-2752,5180,-482,139,-135,0
1322.4671099185944,10896,5024,10604,-140,-44,78,9932,-9392,8132,-22,198,-207,-15040,3860,2724,-945,109,-102,-14900,-2648,5060,-496,161,-106,0
1322.5007059574127,10772,5000,10316,-163,-44,124,9984,-9404,8300,-25,131,-188,-14912,4084,2784,-991,121,-57,-14960,-2780,4984,-458,179,-69,0
1322.5342950820923,10940,5004,10460,-227,-92,130,9788,-9448,8296,35,129,-177,-14880,3952,2760,-963,167,-100,-14880,-2736,4892,-480,190,-57,0
1322.5675830841064,10848,5044,10484,-193,-85,178,10044,-9420,8252,58,138,-206,-14964,3984,2728,-945,192,-128,-14920,-2688,5060,-481,191,-56,0
1322.6010649204254,10780,5020,10520,-184,-97,163,9956,-9520,8212,250,97,-190,-14976,3992,2888,-936,183,-131,-14948,-2648,4880,-505,161,-62,0
1322.634467124939,10892,4976,10496,-153,-111,172,10104,-9460,8220,-18,136,-209,-15052,3860,2620,-977,115,-120,-14928,-2612,5356,-493,157,-87,0
1322.66810297966,11008,4948,10328,-204,-49,104,10040,-9444,8348,-56,191,-176,-14888,4040,2584,-900,150,-87,-15044,-2560,5048,-471,153,-53,0
1322.7018620967865,10808,4904,10504,-264,-72,117,9788,-9432,8200,-35,200,-166,-14836,3888,2700,-884,144,-67,-14960,-2624,5132,-439,148,-63,0
1322.7355670928955,10768,4888,10344,-295,-57,126,9964,-9468,8280,253,193,-161,-14936,3972,2748,-862,162,-78,-14932,-2604,4940,-452,160,-31,0
1322.768991947174,11212,5100,10436,-270,-47,127,10168,-9508,8200,-5,152,-177,-14944,3964,2492,-935,155,-121,-14968,-2708,5068,-456,186,-43,0
1322.8025529384613,11104,4972,10436,-3,-71,150,10116,-9696,8348,255,103,-208,-14680,4256,2572,-918,125,-122,-15064,-2812,4876,-503,219,-46,0
1322.8360369205475,10968,4864,10512,-240,-111,126,10080,-9540,7984,43,139,-205,-14964,4004,2780,-1007,129,-154,-15012,-2644,5128,-471,216,-77,0
1322.8698110580444,10912,4976,10344,-237,-126,126,10156,-9596,8284,44,191,-215,-15040,3984,3040,-967,122,-125,-14980,-2648,4892,-263,193,-86,0
1322.902951002121,10972,4936,10440,-168,-66,125,10080,-9476,8368,-3,254,-282,-14988,3920,2828,-960,99,-122,-15156,-2656,5008,-508,136,-95,0
1322.9366409778595,10840,4988,10556,-229,-87,116,10148,-9424,8288,69,189,-166,-15000,3956,2664,-774,53,-82,-14992,-2736,5056,-479,133,-118,0
1322.970165014267,10876,5008,10404,-225,-99,96,10028,-9392,8392,19,181,-182,-15036,4076,2620,-974,125,-111,-15312,-2764,5012,-481,143,-84,0
1323.0075120925903,10900,4864,10492,-229,-122,109,10080,-9280,8208,-4,180,-222,-15040,3920,2648,-942,158,-99,-14996,-2432,5024,-433,181,-68,0
1323.0425419807434,10908,4820,10440,-269,-112,124,9640,-9276,7716,-7,142,-202,-15004,3888,2604,-991,105,-139,-15104,-2596,5128,-425,179,-74,0
1323.0776109695435,10960,4764,10408,-227,-127,154,10152,-9668,8308,35,154,-180,-14984,4000,2572,-1006,120,-58,-14924,-2668,4932,-494,125,-120,0
1323.112843990326,10840,4924,10468,-249,-99,117,10068,-9400,8288,18,162,-164,-14924,3984,2756,-991,123,-113,-14968,-2652,5192,-491,110,-83,0
1323.148591041565,10988,4844,10492,-169,-124,144,10052,-9492,8624,15,161,-176,-14956,3952,2688,-1004,140,-81,-14972,-2596,4636,-499,171,-108,0
1323.1834840774536,10944,4872,10676,-152,-86,122,10080,-9420,8232,247,161,-229,-14876,3940,2820,-1021,112,-93,-14976,-2644,4944,-490,179,-104,0
1323.218418121338,11028,4920,10456,-173,-177,136,9956,-9408,8200,-32,129,-202,-14928,3876,2668,-769,135,-112,-15080,-2604,5028,-508,193,-88,0
1323.254028081894,10948,4892,10524,-110,-171,169,10028,-9448,8440,-52,73,-222,-14928,3960,2676,-1014,150,-119,-15136,-2628,5100,-487,164,-104,0
1323.290050983429,10924,4864,10344,-97,-144,160,10100,-9404,8236,-70,65,-203,-15020,3856,2588,-981,149,-61,-15092,-2596,4932,-485,149,-98,0
1323.3248951435087,11056,4836,10368,-74,-93,115,10132,-9280,8360,-5,109,-198,-14940,3848,2624,-1050,100,-93,-14996,-2816,5028,-497,142,-149,0
1323.360806941986,10780,4820,10412,-108,-78,89,10044,-9436,8340,-9,115,-185,-14956,3864,2680,-1050,106,-61,-15036,-2624,5040,-507,134,-162,0
1323.3960311412811,10912,4840,10692,-97,-84,103,10132,-9348,8404,-42,131,-190,-15016,3932,2636,-1038,55,-65,-14988,-2636,5032,-485,123,-183,0
1323.4318270683289,11016,4888,10372,-100,-61,59,10012,-9536,8196,-23,118,-147,-14960,3836,2668,-1020,43,-63,-15024,-2372,5024,-759,125,-147,0
1323.4681470394135,11000,4824,10408,-97,-67,88,10092,-9456,8308,-30,133,-147,-14960,3916,2700,-1040,56,-41,-14932,-2708,5064,-507,82,-163,0
1323.5038089752195,10840,4884,10404,-100,-16,85,10120,-9356,8248,-31,111,-137,-15004,3984,2696,-1279,73,-53,-15036,-2648,4956,-500,95,-133,0
1323.5392110347748,10956,4972,10568,-91,-31,113,10072,-9460,8352,-28,118,-159,-14884,3904,2680,-1045,85,241,-14952,-2680,5252,-453,147,-145,0
1323.5748569965365,10832,4816,10624,-150,-77,107,10056,-9348,8368,-63,116,-165,-14888,3856,2728,-1025,126,-36,-15016,-2672,5032,-488,130,-112,0
1323.6103799343107,10828,4880,10504,-85,-92,148,10076,-9424,8320,-49,82,-182,-14688,4340,3052,-1022,124,-64,-15028,-2572,5088,-767,112,-116,0
1323.6472260951996,10836,4856,10244,-110,-66,116,10040,-9704,8420,-43,75,-178,-15020,3952,2636,-1044,94,-92,-15056,-2616,5096,-520,148,-114,0
1323.6805000305176,10976,5116,10444,-55,-10,107,10144,-9436,8272,-74,112,-163,-14960,3880,2636,-1276,97,-75,-15104,-2580,5024,-489,132,-145,0
1323.7141110897064,11024,4956,10640,-88,-84,88,10152,-9420,8248,-82,110,-177,-14996,3868,2692,-1024,62,-88,-15040,-2604,5040,-477,151,-155,0
1323.7477660179138,10948,4916,10456,-153,-19,81,10108,-9392,8272,-33,132,-154,-14960,3952,2684,-1279,57,-55,-15068,-2596,5012,-453,149,-112,0
1323.7810480594635,11068,5100,10428,-70,-18,62,10220,-9412,8280,-15,132,-145,-14988,3864,2724,-772,70,-52,-15020,-2636,4892,-510,119,-176,0
1323.8144240379333,10944,5000,10644,-76,-44,56,10116,-9400,8328,-54,139,-169,-14940,3816,2592,-1019,39,-53,-15308,-2700,5120,-504,135,-150,0
1323.8479459285736,10920,4920,10484,-109,-61,84,10104,-9444,8260,-57,145,-180,-15016,3908,2636,-1007,63,-64,-14976,-2676,5004,-495,107,-148,0
1323.8809080123901,10860,4952,10376,-104,-33,83,10036,-9428,8248,-23,148,-145,-15028,3900,2628,-1051,66,-26,-14952,-2644,5060,-485,123,-142,0
1323.9143760204315,11032,4888,10452,-116,-49,102,10220,-9712,8256,-14,139,-170,-14924,4008,2768,-1043,89,-87,-14908,-2700,5212,-501,145,-124,0
1323.9479110240936,10848,4964,10364,-112,-62,114,10112,-9724,8244,-34,107,-181,-14976,3872,2844,-1042,96,-118,-14976,-2712,4952,-479,170,-117,0
1323.981218099594,10928,4920,10340,-148,-146,93,10040,-9388,8268,-33,112,-170,-14944,3960,2748,-1018,100,-73,-14992,-2668,5148,-484,157,-127,0
1324.014699935913,10888,4996,10408,-130,-48,92,10004,-9476,8208,-35,113,-195,-14596,3852,2716,-1039,129,-70,-15004,-2760,5236,-504,157,-136,0
1324.0482580661774,10936,5004,10408,-125,-75,132,10104,-9484,8360,-15,120,-168,-14928,3916,2688,-1033,161,-73,-14980,-2728,5112,-498,138,-115,0
1324.0818240642548,10952,4976,10440,-120,-84,161,10140,-9432,8344,-35,102,-166,-14948,3944,2736,-980,129,-88,-15276,-2760,4904,-475,151,-79,0
1324.1154489517212,10876,5016,10304,-150,-101,129,10072,-9544,8256,-38,116,-157,-14976,3956,2712,-959,118,-103,-15000,-2656,4988,-489,143,-109,0
1324.1486899852753,10956,4908,10512,-157,-44,115,10100,-9292,8264,-46,127,-181,-15068,3928,2592,-975,98,-115,-15044,-2572,5064,-494,129,-139,0
1324.1820340156555,10968,4888,10500,-165,-70,93,10144,-9320,8308,-18,175,-169,-14964,3912,2640,-1009,81,-76,-15076,-2604,4908,-477,143,-136,0
1324.2154979705813,10976,4940,10496,-185,-67,74,10152,-9724,8220,26,163,-192,-14968,3892,2552,-1279,72,-118,-14968,-2664,4980,-481,157,-118,0
1324.2490220069883,11024,4840,10444,-224,-66,97,10056,-9472,8112,30,164,-160,-14944,3980,2692,-988,117,-122,-14988,-2644,5176,-476,169,-123,0
1324.282299041748,10948,4972,10548,-194,-101,131,10108,-9488,8208,26,166,-177,-14976,3960,2732,-973,135,-132,-15008,-2672,5136,-503,180,-107,0
1324.3160030841827,11056,4892,10636,-151,-114,106,10132,-9580,8376,-22,127,-213,-14892,3888,2744,-948,140,-124,-15020,-2692,4964,-499,164,-66,0
1324.3498029708862,10892,4988,10392,-238,-129,121,10024,-9384,8000,-45,177,-194,-14924,3928,2728,-907,151,-68,-15016,-2572,4924,-463,132,-82,0
1324.3829600811005,10904,4944,10432,-209,-87,101,10068,-9412,8124,-48,170,-181,-15028,3944,2672,-950,104,-91,-14980,-2668,5088,-503,116,-68,0
1324.4164741039276,10820,4908,10544,-289,-66,113,10040,-9460,8296,-3,175,-156,-14968,3988,2664,-964,122,-127,-14956,-2672,4968,-462,172,-77,0
1324.4499881267548,10840,5072,10380,-284,-48,132,10124,-9224,8412,-1,169,-191,-14908,3628,2816,-1004,152,-153,-15040,-2700,5092,-466,194,-33,0
1324.4834580421448,10872,4960,10692,-251,-117,119,10004,-9388,8296,-35,167,-216,-14984,3848,2608,-942,124,-127,-14976,-2568,5032,-482,0,-62,0
1324.516968011856,10924,4908,10408,-266,-117,112,10016,-9492,8112,7,152,-214,-14980,4028,2716,-968,114,-136,-15040,-2576,5156,-465,237,-50,0
1324.5505859851835,10952,4940,10336,-218,-122,143,10076,-9516,8288,39,153,-198,-14976,3896,2860,-1016,87,-136,-14980,-2652,5000,-472,179,-96,0
1324.5838100910187,10992,4932,10316,-225,-82,118,10124,-9352,8276,-14,182,-170,-14896,4016,2660,-988,110,-98,-15032,-2664,5136,-483,132,-91,0
1324.6173820495605,10964,5032,10488,-237,-101,104,10208,-9224,8260,-13,202,-184,-14916,4020,2552,-974,62,-63,-15032,-2728,5364,-482,122,-102,0
1324.6506249904633,10900,4856,10416,-209,-75,104,10124,-9268,8196,-4,183,-176,-14960,3800,2604,-994,114,-116,-14948,-2580,5312,-478,150,-83,0
1324.6879229545593,10904,4856,10324,-214,-142,126,10064,-9424,8344,28,125,-204,-14936,3860,2600,-1009,146,-156,-15008,-2588,4972,-468,211,-96,0
1324.7232460975647,10908,4944,10732,-199,-126,126,10040,-9432,8212,-14,109,-225,-14876,3936,2732,-999,115,-98,-15020,-2604,5160,-494,184,-82,0
1324.7587869167328,10820,4636,10632,-200,-141,138,10212,-9368,8228,-6,135,-208,-14952,3980,2608,-973,169,-108,-14996,-2348,5088,-466,189,-76,0
1324.7939689159393,10916,4608,10456,-175,-113,118,10052,-9716,7980,-15,116,-217,-15044,4048,2808,-969,154,-99,-15060,-2596,5012,-477,189,-96,0
1324.8291790485382,10936,4888,10308,-167,-115,126,10084,-9444,8340,-5,154,-219,-14960,3888,2476,-1010,151,-129,-15048,-2344,4996,-491,169,-86,0
1324.8640151023865,10952,4964,10344,-184,-124,127,10116,-9360,8208,-30,141,-224,-14944,3932,2604,-972,142,-108,-14968,-2648,4976,-462,147,-87,0
1324.8993310928345,10964,4848,10416,-165,-108,116,10116,-9412,8400,-37,144,-227,-15012,4024,2776,-974,117,-143,-14976,-2564,4944,-474,178,-110,0
1324.9349081516266,10948,4804,10392,-153,-150,109,10132,-9360,8168,-29,125,-242,-14968,3896,2660,-994,113,-69,-15056,-2800,5060,-477,160,-132,0
1324.9751420021055,11004,4768,10492,-98,-156,106,10192,-9392,8236,-29,106,-199,-14988,3916,2516,-773,102,-65,-15032,-2552,4980,-506,134,-133,0
1325.0118210315704,10988,4856,10536,-81,-149,108,10096,-9428,8112,-6,130,-204,-14976,4080,2760,-1044,99,-105,-15096,-2524,4868,-489,152,-143,0
1325.0480871200562,10772,4628,10328,-72,-102,84,10004,-9328,8312,1,130,-193,-14996,3932,2604,-1050,91,-43,-15048,-2592,5052,-468,149,-131,0
1325.0831069946287,10972,4916,10416,-125,-61,96,10052,-9332,8276,-42,144,-180,-15004,3852,2764,-1045,102,-66,-14900,-2572,4992,-479,110,-154,0
1325.118740081787,10956,4896,10500,-74,-73,107,10172,-9224,8328,-60,133,-156,-14956,3932,2680,-1048,56,247,-15088,-2560,5084,-528,102,-138,0
1325.1543500423431,10952,4796,10496,-78,-48,79,10100,-9476,8396,-26,125,-166,-14964,3892,2608,-1091,47,-42,-14972,-2652,4896,-503,96,-175,0
1325.1900601387024,10896,4908,10312,-55,-27,93,10032,-9436,8308,-62,123,-139,-14960,3860,2960,-769,82,-12,-14872,-2580,5164,-258,104,-152,0
1325.2248721122742,10884,4608,10564,-75,-47,76,10088,-9472,8340,-82,130,-163,-14996,3976,2800,-1045,54,-49,-15000,-2616,5028,-484,118,-162,0
1325.260272026062,10952,4792,10336,-118,-21,110,10136,-9400,8176,-40,115,-161,-14836,3932,2692,-1040,47,-29,-14988,-2804,5352,-489,134,-127,0
1325.2954199314117,11220,4896,10504,-69,-55,116,10172,-9412,8228,-17,108,-171,-14936,3932,2800,-1025,91,-24,-15056,-2780,5100,-499,115,-141,0
1325.3320009708405,10980,4880,10512,-80,-36,100,10108,-9336,7956,-98,94,-166,-14972,3960,2588,-771,64,-11,-14972,-2528,4864,-483,103,-153,0
1325.3654959201813,10964,4932,10420,-69,-43,91,10064,-9460,8240,-64,108,-150,-14976,3884,2624,-1016,106,-84,-15044,-2576,4944,-506,137,-163,0
1325.3989410400393,10936,4932,10400,-48,-38,98,10116,-9468,8252,-53,102,-168,-14944,3936,2636,-1052,106,-73,-14952,-2364,5028,-489,132,-146,0
1325.4324300289154,10848,4900,10324,-110,-100,108,10044,-9428,8088,-49,112,-163,-14980,3904,2588,-1052,90,-94,-14908,-2640,5080,-482,150,-168,0
1325.4659090042114,11020,4928,10400,-90,-56,66,10148,-9452,8316,-65,121,-185,-14936,3960,2736,-1277,65,-57,-15012,-2652,5080,-504,187,-137,0
1325.499423980713,10976,4888,10456,-119,-111,86,10060,-9448,8292,-40,147,-209,-14976,3920,2576,-1041,56,-66,-15100,-2656,5036,-473,169,-153,0
1325.5328340530396,11028,4944,10616,-65,-63,90,10356,-9360,8300,-49,137,-212,-14936,3960,2568,-1027,88,-90,-15096,-2572,5056,-484,158,-149,0
1325.5667231082916,10896,4956,10348,-78,-79,104,10036,-9440,8236,-41,123,-175,-14968,3872,2628,-1274,70,-115,-14992,-2672,5328,-479,155,-127,0
1325.6002531051636,10928,4744,10280,-85,-66,104,10040,-9384,8072,-57,91,-198,-14908,3992,2688,-1022,113,-52,-14932,-2668,4892,-483,145,-128,0
1325.6336119174955,10944,4948,10496,-73,-72,91,10036,-9432,8260,-80,116,-186,-14956,4020,2760,-996,111,-59,-15040,-2596,5096,-483,131,-135,0
1325.667221069336,11072,4936,10392,-104,-83,101,10136,-9448,8296,-49,117,-181,-14932,3924,2676,-1001,118,-60,-15008,-2716,5160,-482,138,-107,0
1325.7007620334623,11240,4976,10240,-119,-69,114,10060,-9440,8196,-48,145,-161,-14928,3900,2660,-1030,77,-36,-15064,-2676,5016,-481,152,-128,0
1325.7343809604645,10996,4924,10096,-119,-77,109,9756,-9468,7996,-54,119,-166,-14972,3848,2736,-1048,87,-81,-15020,-2568,4984,-499,145,-149,0
1325.7679080963135,10932,4980,10444,-105,-59,106,10160,-9440,8288,-20,116,-175,-14988,3912,2640,-769,92,-90,-15032,-2712,5188,-489,160,-134,0
1325.8014209270475,10924,4916,10312,-103,-68,109,10132,-9372,8244,-46,112,-189,-14992,3924,2780,-771,93,-90,-15036,-2596,5212,-461,167,-133,0
1325.8349981307983,10976,4972,10528,-123,-73,106,10076,-9480,8248,-60,132,-184,-15008,3864,2652,-943,103,-75,-15068,-2744,5200,-473,130,-123,0
1325.868488073349,10772,4952,10492,-120,-82,110,10076,-9368,8244,-78,143,-154,-15044,3996,2680,-956,116,-45,-15012,-2624,5128,-766,120,-107,0
1325.9017200469973,10876,4612,10424,-135,-37,115,10104,-9412,8200,-29,134,-147,-14896,4248,2728,-1017,61,-70,-14980,-2644,4912,-515,129,-111,0
1325.9352719783783,10952,4956,10452,-156,-59,120,10064,-9412,8288,-33,140,-135,-14940,3932,2616,-1015,120,-69,-15024,-2676,5080,-480,128,-109,0
1325.968801021576,11132,4984,10476,-166,-71,99,10156,-9396,8300,-72,185,-196,-14988,3964,2792,-966,116,-58,-15024,-2628,5100,-468,135,-109,0
1326.0022990703583,10872,5092,10364,-221,-68,87,10044,-9512,8400,4,148,-185,-14884,4040,2724,-1012,84,-90,-14920,-2792,4912,-467,171,-97,0
1326.0358021259308,11020,4908,10364,-172,-60,129,10120,-9492,8332,48,171,-181,-14948,3852,3060,-991,80,-124,-15056,-2368,4912,-487,187,-131,0
1326.0693130493164,11192,4840,10636,-191,-91,116,10028,-9380,8192,-20,177,-201,-14984,3964,2732,-948,146,-143,-14860,-2652,5220,-466,120,-74,0
1326.1029369831083,11012,4936,10584,-214,-53,104,10176,-9728,8208,-54,191,-189,-14928,3912,3040,-929,107,-123,-14920,-2688,4892,-473,165,-117,0
1326.136440038681,10860,4996,10460,-274,-70,106,10128,-9368,8280,-17,229,-173,-14944,3984,2844,-947,124,-137,-14960,-2636,5076,-473,158,-87,0
1326.1699969768524,10864,4940,10416,-278,-67,131,10116,-9372,8312,5,207,-164,-14916,3888,2596,-941,109,-105,-14920,-2656,5036,-452,181,-55,0
1326.2035989761353,10940,4852,10448,-294,-54,107,9776,-9468,8280,17,181,-186,-14916,3932,2768,-977,150,-113,-14952,-2580,4932,-463,191,-83,0
1326.2372510433195,10996,5076,10652,-281,-63,125,10000,-9368,8280,36,164,-181,-14900,3852,2668,-979,130,-127,-15076,-2316,4904,-467,193,-62,0
1326.271008014679,10772,5000,10384,-277,-57,140,10072,-9408,8456,22,190,-189,-15024,3944,2836,-960,151,-183,-15052,-2344,4888,-480,219,-80,0
1326.3045060634613,10908,4968,10376,-511,-76,135,10108,-9492,8264,22,159,-212,-14980,4008,2608,-1000,145,-129,-15088,-2604,5088,-479,189,-68,0
1326.3377590179443,10912,4900,10448,-209,-119,103,10120,-9428,8216,-7,166,-227,-14916,3840,2924,-987,128,-86,-15076,-2736,5080,-458,200,-57,0
1326.3750591278076,10940,4780,10368,-239,-102,125,10132,-9648,8220,-9,171,-218,-14952,3836,2644,-950,153,-132,-15064,-2704,4984,-466,165,-118,0
1326.4112069606779,10948,4912,10616,-231,-114,129,10168,-9440,8324,-33,188,-187,-15020,3876,2684,-940,116,-117,-15084,-2584,5060,-443,155,-99,0
1326.447438955307,10952,4884,10368,-510,-90,127,10144,-9396,8308,8,150,-209,-14972,3936,2728,-950,111,-120,-15024,-2544,5064,-460,146,-100,0
1326.482838153839,10980,4860,10356,-218,-127,159,10008,-9436,8316,22,152,-179,-14952,3904,2680,-985,137,-129,-14956,-2576,4884,-481,169,-77,0
1326.5176389217377,10884,4812,10372,-217,-109,132,10104,-9244,8168,9,165,-200,-14920,3884,2828,-998,140,-104,-14860,-2632,4888,-505,181,-61,0
1326.5530600547793,10944,4844,10348,-157,-144,140,10024,-9412,8356,-4,130,-204,-14952,3992,2480,-1278,124,-137,-15136,-2588,5072,-479,199,-81,0
1326.5889480113983,10808,4960,10668,-193,-166,142,10056,-9328,8136,-1,143,-216,-14984,3960,2556,-1001,137,-126,-15116,-2656,5112,-482,164,-95,0
1326.6243369579315,10956,4872,10636,-221,-139,129,10044,-9328,8292,-33,137,-192,-14924,4020,2772,-954,136,-127,-15164,-2568,4972,-485,135,-84,0
1326.6598360538485,10776,4808,10692,-120,-129,126,10148,-9352,8260,-44,103,-193,-14900,3976,2668,-1030,128,-99,-14988,-2560,4920,-527,142,-111,0
1326.6954929828644,10964,4640,10392,-161,-160,101,10028,-9556,8212,-27,105,-192,-14964,3868,2664,-1082,101,-61,-15096,-2388,4964,-494,124,-137,0
1326.7308831214905,10908,5112,10344,-71,-122,124,10076,-9352,8316,-92,104,-199,-14960,3808,2680,-1017,117,-112,-15052,-2580,5084,-478,155,-144,0
1326.7670991420746,11224,4728,10472,-30,-177,97,10112,-9500,8316,-88,107,-216,-15020,3936,2684,-1051,56,-137,-15072,-2432,5060,-476,224,-145,0
1326.8022191524506,11112,4792,10604,-42,-99,109,10116,-9320,8296,-23,84,-194,-15008,3848,2868,-1101,58,-68,-15036,-2772,5104,-483,138,-138,0
1326.8381531238556,10816,4944,10280,-94,-40,69,10084,-9312,8292,251,124,-137,-14984,3856,2572,-1073,45,-57,-15100,-2696,5060,-492,92,-176,0
1326.873876094818,10760,5008,10388,-76,-26,69,10032,-9340,8316,-47,120,-151,-14952,3792,2688,-1275,65,-247,-14892,-2708,5168,-509,74,-177,0
1326.9092519283295,11188,4928,10264,-40,-56,91,10116,-9348,8388,-70,134,-152,-14916,3916,2604,-1022,70,-41,-14992,-2632,5040,-513,103,-130,0
1326.944985151291,10936,4952,10432,-10,-80,109,10072,-9408,8252,-59,94,-168,-14960,3808,2680,-1046,109,-39,-14920,-2776,5176,-489,110,-142,0
1326.980689048767,10844,4856,10396,-82,-42,118,9980,-9368,8368,-79,88,-164,-15024,3900,2768,-1055,106,-53,-14896,-2332,5192,-492,128,-132,0
1327.0164151191711,10764,4924,10448,-38,-103,118,10124,-9340,8180,-54,104,-158,-14852,3860,2716,-1010,108,-23,-15296,-2648,5304,-520,139,-130,0
1327.0499680042267,10872,4968,10480,-77,-50,109,9988,-9700,7996,-51,97,-167,-14868,4000,2656,-1275,114,-45,-14976,-2624,5024,-762,138,-109,0
1327.0835089683533,10932,4908,10408,-51,-78,115,10084,-9460,8324,-51,81,-205,-14972,3976,2696,-999,81,-111,-14964,-2572,5144,-500,192,-126,0
1327.117129087448,10932,4852,10424,-64,-68,153,9992,-9388,8328,-48,75,-176,-14876,3956,2620,-1053,110,-37,-14924,-2396,5096,-488,133,-146,0
1327.1503369808195,10964,4884,10480,-77,-93,101,10192,-9720,8268,-74,92,-174,-14984,3892,2772,-981,99,-63,-14852,-2652,5140,-476,113,-145,0
1327.1838250160215,11124,4664,10280,-56,-68,86,10156,-9372,8276,-98,118,-167,-15068,4060,2444,-1008,84,-17,-14864,-2536,5092,-528,115,-152,0
1327.2173590660095,10920,4972,10308,-111,-72,89,10124,-9564,8268,-16,104,-159,-15012,3916,2604,-1055,73,-50,-14944,-2656,4908,-464,171,-158,0
1327.2509920597076,10856,4876,10340,-65,-51,104,9976,-9356,8380,-28,111,-188,-14920,3824,2664,-1278,87,-115,-14992,-2624,5132,-502,174,-135,0
1327.2844610214233,11000,4920,10432,-53,-97,93,10136,-9440,8312,-88,120,-207,-15040,4032,2796,-1015,92,-106,-15036,-2812,5180,-492,150,-160,0
1327.3181941509247,11052,4928,10536,-110,-75,76,10092,-9404,8420,-38,145,-172,-14900,4088,2732,-1019,91,-59,-14992,-2588,4904,-500,128,-157,0
1327.3514559268951,10980,4936,10364,-52,-35,95,10084,-9468,8196,-57,90,-129,-15000,4024,2608,-1044,70,-27,-15080,-2488,5032,-494,116,-178,0
1327.3847651481628,10964,5040,10460,-59,-9,88,10092,-9460,7984,-47,122,-153,-15052,3892,2732,-1049,49,-56,-15044,-2652,5208,-505,106,-164,0
1327.4182200431824,10900,4952,10600,-101,-36,77,10092,-9488,8296,-46,138,-153,-14892,3904,2592,-1012,72,-51,-15004,-2644,5072,-501,108,-133,0
1327.4517469406128,10916,5016,10292,-107,-21,70,10068,-9456,8300,-77,148,-160,-14880,3880,2760,-1013,98,-54,-14932,-2576,5172,-496,138,-153,0
1327.4854950904846,10876,4948,10340,-112,-63,102,10108,-9392,8380,-41,117,-156,-14680,4000,2716,-1028,129,-54,-14940,-2684,5244,-503,156,-88,0
1327.5191719532013,10940,4952,10420,-130,-73,120,10088,-9368,8204,-14,109,-195,-14900,3900,2792,-1020,159,-67,-14980,-2612,5072,-499,191,-92,0
1327.5526781082153,10868,4956,10496,-133,-39,116,10124,-9416,8216,-247,130,-200,-14988,3900,2692,-778,99,-87,-15088,-2692,5128,-490,179,-112,0
1327.5859489440918,10904,5028,10440,-194,-37,115,10104,-9480,8308,-9,142,-158,-14904,4028,2692,-1007,75,-91,-14868,-2668,5188,-486,152,-104,0
1327.619418144226,10948,5052,10304,-175,-28,90,10064,-9424,8328,4,162,-177,-15016,3952,2692,-990,124,-49,-15000,-2596,5148,-475,127,-103,0
1327.6530051231384,10972,4976,10512,-202,-28,106,10004,-9684,7940,-35,137,-167,-15020,3936,2720,-957,144,-107,-14992,-2656,5124,-457,140,-97,0
1327.6867489814758,10892,4972,10484,-237,-63,122,10132,-9652,8420,-25,151,-196,-15008,3984,2708,-952,119,-84,-15308,-2692,4876,-465,169,-76,0
1327.7202861309052,10940,4996,10264,-245,-71,126,10116,-9540,8236,-13,167,-180,-14992,3924,2780,-931,148,-121,-15304,-2692,5016,-760,148,-71,0
1327.7538590431213,10896,4868,10516,-246,-51,131,10076,-9520,8260,-9,173,-192,-14964,4032,2680,-944,87,-124,-14952,-2660,5032,-477,187,-72,0
1327.7874460220337,10932,4936,10344,-284,-50,103,10032,-9688,8300,7,187,-205,-14796,3984,2668,-948,114,-113,-14968,-2736,4964,-469,193,-63,0
1327.820688009262,10864,4876,10744,-281,-48,116,10028,-9500,8128,8,172,-197,-14948,3976,2716,-939,125,-92,-15048,-2520,5072,-478,182,-93,0
1327.8541300296783,10864,4864,10584,-276,-60,142,10164,-9432,8188,13,162,-196,-15000,3892,2624,-943,175,-152,-15032,-2816,5056,-483,183,-75,0
1327.887423038483,10928,4936,10432,-259,-77,128,10104,-9272,8204,23,163,-194,-15064,3892,2632,-978,148,-146,-15040,-2808,5004,-476,202,-69,0
1327.9209809303284,10952,4936,10476,-267,-101,150,10172,-9408,8404,4,167,-195,-14996,3928,2668,-969,134,-120,-15068,-2768,5188,-469,202,-85,0
1327.9544830322266,10964,5040,10448,-228,-99,141,10124,-9384,7968,25,156,-201,-14980,4064,2808,-960,146,-128,-15032,-2672,4976,-492,190,-59,0
1327.9879679679873,10984,4648,10368,-274,-132,124,10092,-9420,8308,8,147,-222,-14972,3892,2576,-971,127,-117,-14980,-2624,5012,-465,191,-92,0
1328.0213539600372,10968,5012,10532,-248,-124,121,10072,-9428,8128,11,154,-214,-14976,3884,2648,-989,134,-106,-15344,-2584,5024,-483,191,-71,0
1328.0591671466827,10976,4616,10352,-227,-111,132,10068,-9444,8348,3,120,-225,-14900,3892,2604,-987,140,-189,-14976,-2644,4996,-495,154,-90,0
1328.0943701267245,10760,4888,10460,-217,-130,138,10092,-9468,8416,17,141,-210,-15052,4072,2580,-1004,145,-82,-15020,-2592,5024,-485,160,-79,0
1328.1299381256104,10904,4928,10448,-219,-126,121,10104,-9448,8380,-1,143,-219,-14972,3968,2584,-955,155,-158,-14860,-2644,5064,-464,186,-45,0
1328.1653671264648,11116,4860,10388,-192,-84,149,10128,-9228,8292,-36,116,-158,-14928,4016,3024,-979,129,-94,-15080,-2612,4916,-491,126,-100,0
1328.2009501457214,11088,4944,10584,-213,-99,107,10124,-9460,8440,20,146,-160,-15020,3904,2604,-1058,63,-76,-15092,-2536,5116,-484,156,-83,0
1328.2371101379395,10820,4972,10544,-221,-96,145,10056,-9404,8360,34,148,-155,-14956,3796,2744,-1028,123,-116,-14960,-2636,5076,-465,118,-88,0
1328.2723789215088,11000,4952,10464,-166,-129,138,10108,-9376,8300,-54,145,-234,-15024,3888,2560,-968,147,-124,-15088,-2320,4976,-487,213,-73,0
1328.3075859546661,10776,4636,10744,-251,-138,120,10080,-9396,7980,56,117,-215,-15036,3960,2532,-1052,102,-158,-15080,-2568,5000,-475,204,-88,0
1328.3433420658112,10924,4864,10340,-177,-99,135,10116,-9268,8252,52,126,-167,-14928,3844,2824,-1023,86,-44,-15000,-2372,4916,-501,118,-114,0
1328.3788621425629,10996,4744,10580,-189,-89,113,10096,-9432,8444,-54,162,-175,-14976,3972,2564,-976,83,-96,-14988,-2548,5112,-468,106,-134,0
1328.4142980575562,10952,4856,10488,-137,-140,120,10056,-9440,8488,-59,129,-189,-14940,3896,2760,-968,109,-63,-14952,-2452,4964,-501,174,-100,0
1328.4495589733124,10972,4852,10356,-97,-104,139,10036,-9484,8184,-72,101,-196,-14860,3864,2612,-1017,133,-106,-14916,-2608,4948,-520,188,-123,0
1328.4850430488589,10912,4748,10328,-118,-142,116,10084,-9424,8380,-30,108,-201,-14936,3868,2608,-1033,110,-94,-15052,-2588,5044,-501,179,-131,0
1328.5207431316376,11232,4912,10312,-144,-90,96,10192,-9408,8296,-42,107,-193,-15048,3884,2600,-1055,89,-111,-15004,-2660,5004,-476,145,-133,0
1328.5560419559479,10956,4908,10488,-124,-80,87,10000,-9404,8224,-20,161,-171,-15000,3888,2304,-1036,75,-93,-15060,-2576,5180,-493,161,-157,0
1328.5916900634766,10832,4872,10728,-87,-69,104,10172,-9384,8440,247,110,-178,-14936,3900,2768,-1035,74,-73,-14968,-2548,4940,-506,156,-126,0
1328.627972126007,10972,4900,10460,-80,-70,107,10112,-9412,8220,-49,85,-168,-14960,3816,2600,-1035,82,-107,-15020,-2352,5124,-510,116,-128,0
1328.6627600193024,10976,4924,10352,-95,-95,127,10108,-9440,8400,-99,94,-199,-15020,3920,2720,-973,112,-118,-14940,-2624,5000,-492,135,-147,0
1328.6990020275116,11192,4880,10416,-88,-107,78,10040,-9388,8320,-69,113,-171,-15020,3920,2732,-974,88,-86,-15060,-2448,5104,-478,114,-121,0
1328.7325060367584,11036,5044,10448,-109,-94,102,10156,-9396,8432,-59,101,-169,-15088,3940,2712,-1013,102,-60,-15096,-2540,5164,-510,118,-104,0
1328.76602101326,10772,4800,10472,-69,-86,129,10028,-9408,8224,-38,92,-175,-14868,3916,2640,-1030,80,-47,-14968,-2808,4996,-257,130,-135,0
1328.7998039722445,10952,4984,10496,-62,-97,81,10040,-9384,8276,-32,102,-190,-14928,3896,2508,-1052,91,-57,-15028,-2308,5088,-494,160,-147,0
1328.8334119319916,11028,4940,10412,-100,-103,69,10032,-9300,8280,-33,153,-187,-14908,3892,2676,-1014,102,-111,-14988,-2632,5108,-485,150,-116,0
1328.867005109787,11024,4896,10324,-67,-42,104,10116,-9448,8272,-60,108,-182,-14956,3880,2700,-983,103,-49,-15360,-2528,5300,-504,115,-127,0
1328.900234937668,11248,4912,10348,-66,-43,95,10104,-9436,8332,-49,89,-140,-15008,3936,2740,-1044,40,-28,-14960,-2628,4964,-519,111,-154,0
1328.9337921142578,10976,4988,10360,-94,-48,109,10100,-9368,8432,-39,143,-141,-15016,3916,2980,-1072,45,-50,-14940,-2604,5060,-517,110,-155,0
1328.9674229621887,11072,4868,10324,-59,-17,73,10432,-9260,8340,-86,129,-157,-15008,3856,2840,-1050,79,-42,-15028,-2656,4980,-494,146,-166,0
1329.0010659694672,11032,4912,10616,-126,-82,49,10152,-9444,8200,-22,122,-201,-15000,3920,2736,-1033,69,-91,-15068,-2372,5048,-468,155,-162,0
1329.034686088562,10932,4672,10376,-96,249,91,10032,-9364,8288,-13,108,-172,-15036,3868,2728,-1072,47,-110,-15020,-2812,5048,-480,159,-170,0
1329.0680649280548,10972,4888,10028,-75,-29,94,10020,-9404,8168,-27,348,-77,-14644,3980,2488,-1267,81,-45,-14992,-2644,4876,-514,101,-170,0
1329.1018221378329,10932,4648,10468,-90,-56,86,10028,-9700,7956,-64,121,-168,-14872,3880,2688,-1015,115,-23,-15028,-2552,4892,-482,119,-141,0
1329.135267019272,10956,4632,10736,-101,-69,106,10080,-9436,8200,-41,134,-166,-14920,3992,2568,-1010,104,-80,-15000,-2720,5096,-496,129,-149,0
1329.1685569286349,10976,5064,10440,-98,-46,97,10060,-9396,8396,-41,96,-153,-15012,3912,2620,-1033,103,-91,-14908,-2724,5112,-499,163,-149,0
1329.2021059989927,10756,4912,10360,-98,-58,115,10080,-9436,8012,-8,113,-160,-14876,4020,2532,-1034,102,-90,-15028,-2576,5168,-499,184,-141,0
1329.2356071472168,10852,4944,10672,-116,-79,120,10180,-9704,8348,-53,137,-182,-14964,3908,2748,-1033,73,-92,-15000,-2648,5152,-462,139,-133,0
1329.269145011902,10932,4840,10300,-128,-82,107,10160,-9500,8264,-35,177,-197,-14940,3940,2576,-1020,121,-83,-15040,-2664,5152,-506,136,-152,0
1329.3028740882874,10948,5048,10576,-93,-52,102,10148,-9372,8216,-26,92,-159,-15028,3880,2784,-1034,94,-41,-15032,-2644,4988,-483,161,-133,0
1329.3364310264587,11024,4920,10480,-106,-53,127,10056,-9372,8368,-26,97,-170,-14944,3948,2800,-776,99,-52,-14952,-2560,5148,-504,160,-151,0
1329.3697669506073,10964,4984,10464,-114,-47,125,10064,-9400,8300,-64,120,-184,-14992,3948,2664,-993,135,-95,-14992,-2620,5028,-501,145,-133,0
1329.4030821323395,11016,4944,10348,-120,-76,93,10176,-9624,8220,-59,120,-193,-14912,3868,2716,-1011,105,-37,-15004,-2640,5044,-485,176,-134,0
1329.4366459846497,11072,4980,10272,-127,-64,118,10172,-9468,8200,-30,104,-165,-14884,3988,2736,-1008,99,-35,-15072,-2576,5160,-496,152,-121,0
1329.4701080322266,10924,4904,10452,-109,-66,106,10204,-9472,8392,-29,117,-184,-14960,3856,2540,-1020,94,-72,-14900,-2652,5068,-494,159,-123,0
1329.5036931037903,10908,4972,10476,-131,-73,98,10136,-9416,8240,-17,138,-164,-15032,3896,2836,-1036,70,-97,-14976,-2588,5168,-491,185,-111,0
1329.5372381210327,11024,4948,10428,-140,-61,130,10132,-9500,8396,-11,120,-195,-14940,3904,2464,-1013,148,-117,-14956,-2636,4872,-508,180,-118,0
1329.57057595253,10868,5000,10276,-136,-67,98,10176,-9400,8444,-41,122,-210,-14872,4008,2704,-981,121,-57,-14956,-2628,5080,-484,135,-111,0
1329.6041169166565,10840,5004,10400,-132,-37,120,10144,-9408,8252,-50,175,-176,-14924,3932,2564,-960,100,-44,-15344,-2660,5048,-486,128,-139,0
1329.6374499797819,11056,4936,10408,-187,-24,110,10068,-9452,8180,11,172,-142,-14924,3884,2748,-1008,78,-71,-15064,-2592,4864,-472,154,-124,0
1329.6708719730375,10880,5028,10468,-238,-38,119,10048,-9432,8380,-4,151,-162,-14912,3920,2628,-1015,121,-94,-14976,-2652,5104,-472,134,-94,0
1329.7042620182035,10912,5000,10424,-196,-126,133,10116,-9324,8356,-73,158,-205,-14976,3928,2820,-966,117,-107,-14928,-2588,4968,-502,165,-74,0
1329.7422869205475,10968,4820,10352,-200,-83,80,10060,-9516,8300,-18,145,-235,-14912,3932,2664,-1012,93,-120,-14992,-2324,4916,-472,180,-87,0
1329.7781069278715,10908,5072,10488,-182,-30,109,10096,-9404,8240,-256,156,-176,-14916,4064,2656,-988,103,-86,-14992,-2588,5308,-488,162,-114,0
1329.813169002533,11024,4916,10376,-8,-8,109,10080,-9448,8388,-17,171,-162,-14976,3864,2588,-939,121,-63,-15092,-2572,5072,-475,131,-74,0
1329.8486709594729,10952,4988,10564,-270,-57,89,10108,-9412,8140,-49,175,-187,-14956,3932,2712,-885,135,-137,-14916,-2624,4876,-464,160,-52,0
1329.883996009827,10912,5096,10340,-260,-59,126,10144,-9248,8292,-4,141,-198,-14928,3860,2856,-935,179,-140,-15028,-2508,5336,-455,194,-69,0
1329.9200451374054,10836,4936,10316,-293,-143,112,10048,-9432,8276,-15,144,-207,-14904,3896,2708,-990,149,-102,-14948,-2588,5056,-469,211,-42,0
1329.955440044403,10860,4876,10328,-499,-83,135,9992,-9440,8232,16,150,-234,-15012,4076,2776,-987,147,-138,-15048,-2656,5208,-466,215,-79,0
1329.9935820102692,10960,4920,10428,-277,-98,126,10116,-9412,8404,253,165,-215,-14968,3964,2648,-934,152,-161,-15004,-2632,5056,-468,173,-75,0
1330.0299429893494,10964,4832,10528,-245,-117,119,10104,-9368,8372,25,177,-219,-14996,3944,2676,-960,142,-102,-14932,-2596,5080,-460,184,-54,0
1330.0648350715635,10852,4924,10388,-236,-119,136,10156,-9448,8424,-7,153,-178,-14996,3908,2660,-966,151,-124,-15048,-2672,4996,-473,188,-82,0
1330.100781917572,10984,4860,10372,-230,-118,140,10108,-9440,8300,-14,136,-181,-14856,3884,2704,-945,131,-122,-15000,-2588,5112,-458,175,-79,0
1330.135712146759,10972,4892,10400,-247,-147,153,10088,-9364,8348,-20,138,-221,-14992,3864,2672,-954,124,-152,-15060,-2736,5352,-470,183,-76,0
1330.1719539165497,10912,4816,10468,-251,-140,154,10084,-9436,8288,-2,178,-211,-14996,3928,2576,-947,158,-86,-15092,-2540,5204,-472,184,-106,0
1330.2077701091766,10948,4784,10460,-219,-116,135,10104,-9396,8212,24,146,-205,-15036,3964,2560,-972,132,-124,-14852,-2576,5088,-475,178,-89,0
1330.2432839870453,10912,4848,10408,-237,-136,129,10076,-9328,8304,36,145,-204,-14920,3932,2592,-1280,107,-114,-14972,-2312,5192,-478,147,-89,0
1330.2791900634766,10916,4792,10644,-231,-145,136,10116,-9444,8288,26,143,-205,-15000,3860,2656,-1005,96,-124,-15012,-2336,4936,-463,162,-87,0
1330.3144099712372,10972,4900,10360,-200,-150,136,10116,-9416,8244,-3,120,-230,-14984,3940,2772,-980,162,-133,-15088,-2560,4964,-492,172,-72,0
1330.3515009880066,10988,4864,10476,-162,-107,125,10096,-9388,8296,-26,114,-195,-15108,3968,2516,-990,133,-69,-15072,-2476,5240,-529,134,-78,0
1330.38471698761,10776,5088,10472,-199,-131,139,10176,-9416,8208,-5,111,-197,-14960,3872,2744,-774,91,-91,-14928,-2564,5104,-511,189,-111,0
1330.41810297966,10780,4808,10324,-141,-131,109,10044,-9360,8320,-60,121,-175,-14980,4084,2652,-1004,99,-85,-14944,-2808,5308,-462,177,-130,0
1330.4517631530762,10756,5104,10440,-112,-144,108,10096,-9420,8344,-123,108,-218,-14932,3880,2792,-999,122,-159,-14952,-2632,5084,-479,174,-142,0
1330.485316991806,11012,4668,10232,-84,-191,109,10192,-9412,8288,-34,98,-225,-14984,3884,2616,-1037,89,-93,-14976,-2488,5036,-486,146,-145,0
1330.5189299583435,10940,4812,10368,-54,-51,97,10096,-9472,8344,-34,132,-161,-14984,3848,2552,-1074,38,-28,-15076,-2560,4984,-516,106,-150,0
1330.5524990558624,10964,4748,10312,-113,-43,92,10452,-9408,8204,-25,162,-146,-14968,3832,2488,-1046,76,-253,-15088,-2632,5052,-489,74,-149,0
1330.5858471393583,11052,4916,10440,-115,-22,84,10140,-9460,8396,-36,148,-166,-15096,3924,2660,-1047,75,-37,-15056,-2500,5004,-497,110,-169,0
1330.6196029186249,10956,4936,10504,-96,-48,96,10056,-9420,8356,-47,131,-167,-14968,3924,2784,-1051,88,-74,-15072,-2604,5000,-496,133,-140,0
1330.6529450416565,11000,4872,10492,-97,-108,108,10136,-9440,8060,-24,119,-197,-14924,3956,2620,-1053,76,-61,-14884,-2656,4864,-500,155,-173,0
1330.6865899562836,10928,4800,10384,-64,-68,102,10220,-9452,8416,-54,144,-165,-14956,3920,2668,-1070,76,-13,-14948,-2764,5096,-508,113,-129,0
1330.7200701236725,11004,4932,10440,-48,-60,100,10116,-9388,8348,-60,163,-148,-14940,3908,2744,-1276,67,-24,-14856,-2564,5080,-501,102,-158,0
1330.753440141678,10992,4936,10388,-89,-29,85,10000,-9588,7992,-67,141,-168,-15012,3956,2384,-983,105,-81,-15036,-2320,5040,-490,116,-127,0
1330.786903142929,10924,4932,10404,-77,-52,99,10056,-9684,8284,-37,73,-143,-14884,3828,2840,-1065,118,-58,-14956,-2744,5016,-493,131,-138,0
1330.820405960083,10924,4888,10420,-77,-63,156,10024,-9440,8300,-61,75,-181,-14984,4000,2616,-1010,104,-89,-14960,-2516,5092,-507,153,-142,0
1330.8542740345,10940,4900,10528,-48,-123,141,10084,-9316,8272,-70,80,-171,-14984,3856,2708,-987,133,-19,-15028,-2728,5092,-475,148,-157,0
1330.8874249458313,11172,4928,10452,-49,-91,105,10220,-9500,8268,-102,102,-181,-15316,3900,2616,-1042,75,-72,-14900,-2808,5316,-513,139,-151,0
1330.9208669662476,11064,4844,10596,-94,-86,98,10152,-9436,8160,-10,90,-181,-14976,3940,2692,-1063,68,-127,-15032,-2340,4952,-470,157,-143,0
1330.9540629386902,10976,4896,10296,-63,-31,82,10092,-9408,8392,-43,110,-185,-14984,3960,2804,-1028,92,-62,-14940,-2704,5072,-499,149,-150,0
1330.987436056137,10812,4640,10424,-88,-96,87,10176,-9472,8272,-82,131,-198,-15044,3944,2712,-1034,56,-72,-15064,-2548,5132,-480,145,-171,0
1331.0210390090945,11044,4948,10564,-67,-47,86,10116,-9396,8268,-36,134,-153,-15028,3952,2768,-1022,101,-54,-14968,-2632,5144,-491,80,-162,0
1331.0547261238098,10884,4892,10460,-79,-12,94,10092,-9404,8280,-44,96,-136,-14936,3900,2812,-1070,75,-35,-14940,-2684,5032,-258,86,-150,0
1331.0881040096283,10864,4968,10468,-85,-27,88,10116,-9368,8028,-54,111,-158,-14824,3824,2796,-1034,67,-62,-15020,-2600,5164,-506,115,-136,0
1331.1217420101166,10944,4856,10336,-125,-62,64,10068,-9432,8212,-68,155,-180,-14948,3796,2628,-780,97,-42,-14924,-2552,5192,-487,122,-166,0
1331.155000925064,10896,4868,10328,-92,-73,96,10144,-9356,8144,-60,123,-172,-14872,3920,2592,-1013,110,-31,-15036,-2632,5252,-762,138,-141,0
1331.188605070114,10924,4848,10244,-84,-128,118,10136,-9380,8212,-41,115,-182,-14944,4036,2708,-1047,128,-66,-14908,-2664,5312,-493,162,-108,0
1331.222374916077,10952,4932,10488,-118,-53,129,10084,-9464,8316,-64,74,-185,-14936,3964,2624,-1027,174,-83,-14964,-2676,5040,-506,169,-82,0
1331.2559599876404,11056,4920,10368,-96,-78,124,10168,-9416,8420,-24,77,-197,-15028,3928,2800,-1032,93,-91,-14868,-2628,5052,-521,160,-128,0
1331.2895109653473,11032,5104,10260,-100,-80,114,10160,-9360,8228,-254,124,-166,-14976,3848,2568,-1045,106,-55,-15324,-2536,5132,-493,115,-131,0
1331.3230741024015,11244,5100,10468,-107,-57,104,10456,-9408,8480,-25,116,-138,-14808,3964,2560,-1056,99,-18,-14960,-2604,5128,-480,119,-129,0
1331.3566370010376,10940,4916,10440,-136,-92,100,10056,-9384,8288,-45,151,-158,-14908,3912,2564,-1029,86,-56,-15088,-2540,5128,-500,156,-121,0
1331.3927550315857,11072,5000,10288,-131,-70,108,10096,-9224,7988,-36,138,-171,-14884,3920,2700,-770,105,-49,-15028,-2608,5052,-482,139,-130,0
1331.4286100864413,10936,4988,10436,-118,-72,110,10120,-9496,8256,-22,156,-186,-14884,3940,2748,-1023,102,-54,-15068,-2664,4992,-487,172,-136,0
1331.4643080234528,10912,4960,10456,-123,-69,85,9736,-9468,8440,-20,166,-210,-14776,3936,2660,-979,88,-69,-14968,-2596,5012,-480,167,-176,0
1331.5002019405365,10964,5032,10448,-138,-62,77,10020,-9524,8024,-33,138,-169,-14988,3976,2696,-1016,78,-59,-15064,-2616,4888,-501,174,-140,0
1331.5349900722504,10848,4900,10408,-128,-101,133,10072,-9436,8344,-26,113,-168,-14996,4008,2660,-1006,101,-89,-15012,-2560,5016,-504,171,-97,0
1331.5707399845123,10980,4984,10332,-113,-90,130,10052,-9480,8184,-37,134,-199,-14980,3920,2632,-1031,114,-82,-15016,-2644,5320,-493,158,-140,0
1331.6061000823975,11008,4956,10532,-110,-69,103,10212,-9452,8072,-34,94,-181,-14952,3896,2652,-1029,123,-57,-15064,-2676,4992,-508,133,-137,0
1331.641853094101,10840,5012,10336,-134,-78,133,10080,-9412,8324,-49,116,-175,-14920,3904,2684,-994,135,-105,-14988,-2668,5000,-496,175,-115,0
1331.6781780719755,10992,5000,10320,-147,-97,108,10084,-9516,8356,-43,117,-172,-14912,3848,2804,-1016,104,-41,-14912,-2636,5000,-470,141,-131,0
1331.713499069214,10992,4928,10244,-137,-91,113,10144,-9228,7976,-25,134,-174,-14852,3872,2732,-1275,104,-119,-14972,-2640,5096,-478,155,-144,0
1331.7491409778595,10988,4876,10380,-125,-69,110,10060,-9416,8328,-44,144,-192,-14968,3936,2676,-1005,138,-68,-15064,-2548,4864,-501,163,-113,0
1331.7839901447296,10908,4956,10396,-162,-59,115,10064,-9448,8132,-21,173,-167,-14896,3884,2808,-1016,88,-73,-15104,-2596,5092,-501,171,-124,0
1331.8202559947968,10964,4988,10500,-170,-59,100,10096,-9468,8392,-4,141,-183,-14944,3920,2768,-995,122,-104,-15100,-2608,5056,-468,172,-129,0
1331.8556780815125,10988,4972,10380,-230,-56,111,9744,-9468,8296,-41,167,-195,-14980,3928,2848,-920,133,-95,-14932,-2640,4880,-480,120,-116,0
1331.8911459445953,11048,4896,10648,-161,-94,88,10040,-9460,8280,-21,191,-187,-14944,3932,2780,-947,96,-89,-14936,-2784,4864,-505,147,-108,0
1331.9271969795227,11012,4916,10560,-240,-67,117,10028,-9220,8264,-8,154,-185,-14960,3892,2688,-981,100,-66,-15072,-2684,5100,-483,122,-64,0
1331.9622910022736,10976,4972,10436,-174,-39,122,10164,-9424,8276,-103,161,-183,-15040,3980,2724,-922,149,-130,-15012,-2580,5012,-482,132,-107,0
1331.9981849193573,10936,4860,10480,-229,-98,66,10088,-9508,8392,-25,159,-211,-14996,3976,2640,-960,114,-110,-15004,-2476,4972,-469,180,-99,0
1332.033889055252,10996,4892,10388,-192,-49,119,10148,-9280,7948,19,165,-166,-14928,3752,2744,-1001,71,-69,-14932,-2700,5056,-479,174,-73,0
1332.0691261291504,10896,4912,10252,-218,-21,115,10192,-9436,8344,-33,196,-162,-15068,4080,2668,-944,120,-57,-15332,-2668,5136,-469,103,-89,0
1332.1027579307556,10916,4900,10348,-281,-53,86,10100,-9448,8052,-35,195,-178,-15088,3968,2724,-931,144,-101,-15068,-2676,4884,-460,149,-73,0
1332.1359951496124,10868,4852,10532,-262,-71,112,9748,-9432,8396,-40,182,-185,-14980,3924,2620,-967,124,-153,-15044,-2520,5004,-478,177,-81,0
1332.1696200370789,10920,4916,10672,-226,-90,125,10072,-9500,8240,-19,182,-199,-14960,3932,2616,-959,134,-125,-15068,-2692,5212,-482,216,-92,0
1332.2030000686646,10828,4964,10312,-196,-104,133,10064,-9360,8164,-16,135,-215,-14872,3976,2612,-982,146,-91,-15020,-2564,4948,-475,190,-44,0
1332.236897945404,10952,4900,10448,-242,-124,122,10088,-9496,8272,-31,175,-194,-15028,3944,2668,-970,139,-96,-15080,-2612,5372,-457,182,-93,0
1332.270651102066,11016,4912,10360,-511,-104,105,10052,-9496,8380,6,192,-208,-15052,3980,2648,-972,137,-93,-15000,-2764,5008,-485,184,-54,0
1332.3042120933533,10964,4908,10488,-206,-99,114,10092,-9448,8312,-11,128,-194,-14876,4000,2620,-996,123,-122,-15032,-2448,5156,-462,178,-101,0
1332.3379130363464,10988,4612,10748,-207,-87,143,10120,-9352,8268,-36,131,-205,-14968,4088,2660,-979,141,-160,-15056,-2568,4988,-491,137,-75,0
1332.3714439868927,11220,4928,10408,-225,-125,138,9992,-9440,8508,-29,155,-209,-14824,3772,2700,-929,154,-124,-15044,-2596,5056,-491,194,-68,0
1332.4047429561615,10912,4916,10396,-227,-132,123,10088,-9420,8436,-27,147,-211,-14988,3908,2728,-969,130,-101,-15040,-2512,4920,-476,182,-82,0
1332.4381589889526,10944,4888,10484,-219,-124,114,10160,-9416,8312,254,147,-233,-14916,3996,2772,-968,131,-121,-15056,-2672,4932,-498,194,-100,0
1332.4717869758606,11016,4888,10720,-223,-115,128,10056,-9452,8204,-12,132,-209,-15008,3912,2484,-991,121,-137,-15024,-2628,4992,-476,184,-95,0
1332.5054740905762,10804,4796,10440,-230,-103,110,10108,-9544,8284,-3,137,-194,-15056,3888,2616,-997,96,-90,-15352,-2796,5044,-493,138,-103,0
1332.5391490459442,10904,4884,10316,-194,-127,122,10216,-9472,8288,-25,159,-172,-14972,3848,2616,-988,129,-99,-15072,-2512,5164,-503,149,-85,0
1332.5728271007538,10924,4776,10256,-212,-97,129,10128,-9388,8352,11,149,-177,-14716,3864,2668,-972,133,-97,-14984,-2600,5104,-487,168,-90,0
1332.6065981388092,10768,4900,10564,-159,-74,118,10108,-9356,8404,-37,124,-176,-14912,3800,2756,-976,109,-75,-14944,-2472,5068,-257,112,-108,0
1332.6397881507874,11092,4828,10408,-167,-87,117,10048,-9368,8376,-38,150,-140,-15028,3940,2628,-779,77,-78,-14948,-2584,5104,-506,98,-104,0
1332.6733930110931,10992,4776,10392,-239,-111,147,10040,-9468,8228,14,149,-171,-14900,3976,2600,-1038,102,-95,-14956,-2612,5144,-520,140,-94,0
1332.7069280147552,10936,4932,10432,-134,-74,116,10060,-9340,8236,-53,155,-171,-14980,3892,2668,-999,126,-80,-15032,-2400,5112,-265,117,-97,0
1332.7404749393463,11020,4888,10460,-152,-144,100,10112,-9572,8376,-32,154,-174,-15008,3960,2776,-1280,109,-115,-14956,-2440,5092,-481,153,-102,0
1332.7739160060885,11068,4816,10492,-136,-113,110,10120,-9412,8164,12,157,-156,-14972,3932,2636,-1051,69,-8,-15052,-2732,4884,-518,85,-156,0
1332.8073749542236,11020,4812,10484,-60,-55,120,10020,-9364,8360,-16,179,-115,-14948,3812,2628,-1063,11,-52,-14968,-2596,5072,-533,45,-197,0
1332.8408329486847,10952,4836,10604,-84,-37,77,9996,-9676,8204,-54,170,-129,-14924,3960,2532,-1042,24,-53,-14968,-2544,5092,-536,34,-165,0
1332.8743331432345,10980,4940,10428,-83,-6,94,10044,-9316,8324,-23,130,-127,-14876,3960,2452,-1278,90,246,-15088,-2496,5104,-535,85,-128,0
1332.9076230525973,10848,4876,10536,-81,-39,122,10056,-9444,8332,-2,125,-133,-14888,3868,2652,-1055,129,-24,-14988,-2468,5020,-536,118,-155,0
1332.9411051273346,10888,4864,10384,-70,-23,140,10052,-9452,8312,35,81,-127,-15028,3908,2564,-1106,122,-30,-15044,-2812,5104,-533,110,-132,0
1332.9744889736176,10860,4860,10404,-51,-53,116,10116,-9380,8344,-12,118,-106,-14924,3816,2508,-1053,66,-58,-15152,-2564,5092,-544,73,-147,0
1333.0080180168152,10928,4824,10560,-35,-63,76,10120,-9520,8336,-15,152,-125,-15068,3936,2476,-774,65,-36,-15020,-2648,5352,-531,95,-169,0
1333.041505098343,10764,4824,10492,-44,-10,77,10040,-9348,8364,-36,156,-101,-14980,4032,2516,-1045,23,-255,-15116,-2544,4984,-532,45,-179,0
1333.07754611969,10932,5020,10408,-55,-21,95,9936,-9404,8496,-51,138,-114,-14996,4004,2756,-1279,49,-60,-15036,-2788,5144,-524,46,-180,0
1333.112862110138,10976,4932,10488,-37,-39,106,10048,-9244,8240,-61,129,-113,-15004,3840,2688,-1015,74,-28,-14928,-2616,5012,-520,100,-154,0
1333.148498058319,10968,4936,10472,-19,-44,105,10000,-9664,8352,-48,135,-145,-14896,3888,2772,-1037,112,-45,-14988,-2612,5064,-536,122,-155,0
1333.183865070343,11248,4924,10392,-32,-43,104,10092,-9448,8240,-53,98,-137,-15060,3936,2820,-1037,108,-40,-14984,-2564,4916,-529,94,-156,0
1333.2198450565338,10920,4944,10464,-4,-54,121,10080,-9420,8324,-9,118,-128,-14988,3984,2668,-1036,79,-66,-15144,-2572,5096,-528,98,-163,0
1333.2552950382233,10760,4756,10468,-30,-39,113,10056,-9728,8380,6,144,-105,-14960,3824,2764,-1071,116,-80,-15012,-2660,5196,-542,74,-202,0
1333.2916979789734,10960,4932,10468,-29,-7,80,10012,-9380,8280,-42,145,-124,-15000,3716,2380,-769,40,-31,-15080,-2616,5144,-262,42,-167,0
1333.3276851177216,10996,4892,10516,-29,-26,93,10176,-9492,8228,-40,138,-110,-14932,4020,2752,-1077,40,-246,-15028,-2572,5080,-553,96,-181,0
1333.3627619743347,10880,4980,10480,-92,-22,116,10024,-9640,8352,-60,145,-104,-14852,3936,2712,-1121,39,236,-15052,-2580,5072,-527,87,-144,0
1333.3985249996183,10880,5016,10684,-65,-21,104,10120,-9688,8444,-60,109,-124,-14956,3992,2680,-1076,68,-21,-15036,-2632,5188,-507,110,-152,0
1333.4334061145785,10940,4888,10240,-119,-31,72,9996,-9380,8304,-60,165,-153,-14904,3928,2656,-781,58,-53,-15000,-2620,4880,-477,135,-157,0
1333.4688320159912,10876,4964,10392,-89,-25,96,9792,-9500,8236,-15,93,-186,-14884,3884,2696,-1056,67,-70,-14932,-2704,5048,-491,139,-111,0
1333.503909111023,10772,4988,10220,-90,-33,106,9928,-9420,8332,-46,96,-130,-15032,3912,2764,-1006,115,252,-15040,-2720,5160,-496,96,-153,0
1333.5394730567932,10872,4892,10720,-130,-37,99,10236,-9680,8308,-53,140,-147,-14916,4252,2720,-1003,57,-69,-14992,-2660,5148,-467,117,-154,0
1333.5750229358673,10868,4972,10464,-125,-60,83,10016,-9492,8152,-52,155,-164,-14840,3904,2700,-1020,66,-79,-14864,-2672,5364,-504,84,-179,0
1333.6106560230255,10936,4948,10504,-100,-39,81,10060,-9536,8352,-50,147,-178,-15004,3864,2688,-979,87,-33,-15012,-2628,5140,-471,117,-157,0
1333.6461801528933,10912,4912,10460,-98,-21,86,10048,-9604,8284,-39,131,-194,-14892,3864,2712,-1026,67,-99,-14968,-2612,5172,-484,166,-156,0
1333.6819400787354,10840,5020,10492,-81,-98,95,9944,-9408,8328,-47,118,-178,-14912,3996,2724,-981,125,-69,-14904,-2676,5224,-526,157,-118,0
1333.7186131477356,10900,4984,10260,-83,-78,109,10048,-9544,8376,-32,87,-203,-14896,3988,2604,-994,137,-122,-14988,-2612,5212,-490,159,-139,0
1333.7523190975187,10932,4964,10516,-86,-91,141,10092,-9592,8468,14,93,-165,-14952,3976,2632,-1070,115,-99,-15072,-2576,5144,-486,179,-115,0
1333.7860119342804,11064,4948,10628,-120,-104,120,10108,-9432,8280,-15,135,-168,-14900,3992,2708,-1036,103,-68,-14996,-2648,5192,-488,144,-141,0
1333.8196909427643,10920,4932,10436,-149,-65,123,9788,-9484,8192,-63,164,-121,-14972,3976,3040,-1024,70,-12,-14976,-2612,5240,-523,97,-151,0
1333.85329413414,10920,4984,10348,-123,-46,116,10128,-9392,8056,-36,152,-159,-14960,3864,2692,-1012,60,-53,-15080,-2700,4908,-490,95,-135,0
1333.8871231079102,10852,5044,10352,-96,-25,80,10060,-9580,8348,-29,172,-151,-14948,3948,2652,-985,49,-45,-15012,-2596,5048,-506,116,-173,0
1333.9207389354706,10840,5032,10432,-130,-33,76,10004,-9400,8304,-39,202,-159,-14900,3972,2840,-1029,52,-48,-14864,-2628,5104,-510,104,-136,0
1333.9561359882355,10952,4992,10396,-114,-35,96,9756,-9368,8148,-31,173,-162,-14632,3964,2688,-1011,94,-61,-14920,-2812,5036,-487,136,-138,0
1333.98930311203,10864,4964,10492,-152,-69,79,10056,-9688,8436,-47,148,-214,-15084,3924,2632,-973,132,-78,-15004,-2768,5324,-472,153,-96,0
1334.0229930877686,10876,5020,10296,-147,-76,99,10028,-9428,8384,-76,113,-190,-14944,3992,2660,-956,163,-71,-14976,-2676,5300,-458,151,-121,0
1334.0566239356995,11032,4960,10448,-194,-105,115,10060,-9456,8336,-45,139,-193,-14980,4056,2736,-1020,125,-102,-15076,-2664,5152,-488,135,-103,0
1334.0899360179899,10876,5068,10700,-243,-75,112,9988,-9484,8288,15,121,-137,-14900,3960,2688,-1005,99,-87,-15068,-2612,5200,-490,117,-55,0
1334.1236419677734,10888,5016,10324,-187,29,154,9772,-9576,8420,-43,93,-140,-15000,3984,2832,-934,159,-1,-14976,-2772,5236,-490,98,-77,0
1334.1569740772247,10976,4980,10488,-182,-49,126,10064,-9536,8348,-65,137,-182,-14908,4016,2860,-910,147,-46,-14868,-2600,5172,-491,110,-59,0
1334.1904029846191,10852,4920,10400,-182,-33,145,10000,-9448,8224,-53,114,-176,-14828,3928,2716,-979,149,-93,-14956,-2548,5192,-462,158,-40,0
1334.2238891124723,10812,4976,10244,-222,-88,161,9948,-9652,8140,-53,129,-180,-14904,4076,2552,-941,142,-49,-14984,-2564,5160,-494,174,-42,0
1334.25741314888,10964,5008,10384,-1,-34,150,10144,-9244,8308,-13,168,-157,-14928,3936,2680,-962,176,-69,-15024,-2640,5224,-486,63,-61,0
1334.2908499240875,10892,4960,10564,-239,24,122,10036,-9496,8352,-26,158,-159,-14996,3984,2780,-896,200,-78,-14972,-2652,5256,-452,99,-61,0
1334.324294090271,10880,4924,10364,-217,-52,126,10224,-9572,7940,-42,135,-215,-14904,3972,2820,-906,195,-150,-14996,-2460,5064,-441,202,-59,0
1334.3578701019287,10524,4916,10472,-271,-149,150,9984,-9452,8288,-44,114,-230,-14948,3988,2744,-973,112,-165,-15012,-2608,4992,-467,234,-33,0
1334.390850067139,10924,4900,10288,-234,-163,157,9980,-9396,8084,-67,166,-214,-14916,4032,2680,-1004,144,-120,-14916,-2604,5176,-462,195,-65,0
1334.4243659973145,10836,5004,10404,-285,-115,120,10020,-9412,8280,-8,177,-218,-14916,3900,2720,-966,161,-104,-14944,-2680,5204,-482,169,-87,0
1334.4578931331635,10952,4960,10408,-225,-41,130,10084,-9536,8316,-22,157,-190,-14948,4308,2832,-956,152,-131,-14956,-2580,5168,-492,194,-54,0
1334.4911739826205,10876,4960,10456,-218,-83,111,10036,-9328,8372,-4,137,-206,-14928,3968,2740,-994,167,-130,-14988,-2700,5372,-484,196,-51,0
1334.5245940685272,10964,4972,10488,-207,-117,134,10140,-9404,8372,-13,145,-228,-14948,3864,2784,-933,151,-170,-15072,-2520,5184,-448,215,-82,0
1334.5584080219269,10936,4944,10516,-1,-181,113,10012,-9460,8412,-27,152,-248,-15048,3992,2632,-955,135,-134,-15052,-2608,5168,-466,225,-83,0
1334.5915660858154,11036,4904,10376,-198,-133,106,10040,-9444,8420,9,133,-230,-14972,3904,2380,-980,170,-96,-15060,-2532,5160,-489,186,-66,0
1334.6252131462095,10952,4880,10368,-195,-89,125,10024,-9652,8300,16,135,-165,-14968,4056,2760,-989,144,-106,-15092,-2584,5152,-504,155,-92,0
1334.658618927002,11028,4900,10544,-194,-60,136,10156,-9428,8248,25,144,-172,-15016,3936,2644,-1007,130,-72,-15120,-2496,5268,-522,116,-109,0
1334.6919450759888,10900,4832,10516,-193,-53,155,10036,-9488,8404,8,138,-145,-14952,3932,2608,-1002,128,-48,-15016,-2592,5184,-261,89,-86,0
1334.72531914711,10772,4860,10460,-168,-75,137,10220,-9592,7988,11,142,-148,-15084,3968,2600,-998,132,-83,-14992,-2576,5336,-485,143,-110,0
1334.7618520259855,10792,4768,10504,-234,-133,113,10004,-9236,8432,36,154,-184,-14952,3964,2804,-1008,132,-139,-14992,-2648,5072,-469,155,-106,0
1334.7980799674988,10904,4976,10648,-192,-99,143,10080,-9436,8296,-19,162,-167,-15024,3900,2692,-997,129,-54,-15040,-2640,5064,-531,144,-102,0
1334.8331880569458,10976,4804,10664,-187,-80,145,10056,-9472,8352,57,126,-168,-14864,3976,2592,-1047,103,-64,-15048,-2620,5324,-503,125,-119,0
1334.869204044342,10900,4908,10468,-199,-60,144,9760,-9412,8272,69,131,-153,-14948,3644,3048,-1017,125,-52,-14980,-2740,5092,-491,105,-108,0
1334.9042439460754,10900,4664,10316,-170,-68,131,9992,-9356,8364,-19,162,-167,-14976,3844,2584,-962,127,-113,-14916,-2660,4928,-495,170,-92,0
1334.9398190975187,10940,4820,10408,-216,-116,126,9820,-9448,8328,9,101,-170,-14904,4032,2652,-1107,119,-88,-14956,-2624,5080,-475,127,-106,0
1334.9748001098633,10780,4916,10604,-144,-78,149,10048,-9336,8340,-8,150,-138,-14960,3916,2528,-1034,68,-33,-14892,-2748,5156,-485,58,-163,0
1335.0174310207367,10888,4860,10440,-130,-76,109,10036,-9452,8288,-57,157,-167,-14976,4008,3000,-998,67,-16,-14936,-2644,5168,-523,96,-144,0
1335.0533671379087,10888,4624,10432,-94,-102,124,9728,-9428,8348,-95,91,-153,-14920,3988,2580,-1013,101,-74,-14940,-2540,5136,-523,150,-132,0
1335.088907957077,10976,4860,10728,-76,-80,120,10056,-9456,8140,-17,116,-170,-14948,3848,2332,-1072,100,-51,-14964,-2472,5080,-481,194,-114,0
1335.124093055725,10868,4760,10376,-136,-112,123,10044,-9392,8268,28,87,-167,-14912,3992,2788,-1057,122,-107,-14988,-2560,5160,-495,188,-126,0
1335.1594080924988,10920,4872,10452,-103,-60,123,10008,-9508,8384,-52,90,-154,-15024,3996,2696,-1015,90,-253,-14968,-2608,5232,-527,62,-145,0
1335.1945569515228,10932,5112,10600,-122,-35,107,10084,-9548,8264,-43,141,-145,-15036,4020,2892,-1009,92,-90,-14852,-2676,5384,-504,107,-146,0
1335.2304260730743,10888,4840,10364,-103,-58,111,10000,-9452,8288,-47,169,-129,-14960,3936,2684,-1276,55,29,-15012,-2688,5324,-502,82,-176,0
1335.2654659748077,10860,4936,10612,-117,-37,87,10116,-9388,8392,-53,161,-134,-14908,3960,2804,-1002,85,-23,-14952,-2740,5208,-488,37,-182,0
1335.301099061966,10848,4880,10448,-124,-52,108,9772,-9260,8196,-102,169,-133,-14768,3900,2636,-997,77,-5,-14880,-2648,5144,-495,102,-151,0
1335.3371109962463,10820,4804,10292,-127,-74,107,10036,-9224,8396,-59,140,-181,-14920,3932,2704,-956,75,-53,-14928,-2772,5200,-487,136,-118,0
1335.371873140335,10988,5088,10588,-121,-59,98,10064,-9476,8200,-40,79,-174,-15068,4000,2600,-994,107,-57,-15044,-2384,5152,-489,161,-103,0
1335.4084079265594,10884,4964,10460,-123,-78,131,10028,-9596,8224,-66,108,-148,-14976,4024,2844,-1075,76,-71,-15084,-2364,5220,-496,118,-148,0
1335.441910982132,10904,4840,10276,-126,7,121,10064,-9476,8000,-27,123,-132,-14964,4016,2624,-1036,77,-40,-15072,-2612,5292,-497,90,-118,0
1335.4753129482267,10864,5088,10428,-146,11,71,9924,-9468,8308,-104,150,-105,-14940,4076,2756,-1000,80,44,-15044,-2664,5284,-520,20,-177,0
1335.5086960792542,10928,4832,10496,-87,-16,109,10100,-9524,8292,-82,144,-67,-14960,4088,2608,-1055,245,44,-14964,-2544,5240,-554,63,-176,0
1335.5424981117249,10764,4856,10508,-119,-21,116,9992,-9672,8320,-82,151,-92,-14884,3992,2720,-1080,20,-33,-14880,-2504,5380,-548,103,-153,0
1335.5757489204407,11004,4900,10356,-74,11,140,9984,-9436,8324,-60,131,-120,-14816,4016,2584,-1067,68,-41,-14924,-2692,5284,-765,89,-129,0
1335.6092600822449,10828,4880,10528,-46,-51,100,10124,-9560,8172,-99,127,-168,-14868,3860,2724,-1014,100,-39,-14932,-2676,5172,-506,117,-194,0
1335.6426730155945,10804,4864,10452,-99,-51,59,10236,-9300,8296,10,126,-180,-14956,3892,2784,-1039,31,-56,-14952,-2612,5200,-257,163,-189,0
1335.6759989261627,10772,4900,10508,-23,-31,81,9788,-9304,8308,36,129,-173,-14880,4000,2660,-1085,1,-79,-14984,-2684,5292,-581,176,-190,0
1335.709732055664,10896,4872,10356,-20,-47,121,10088,-9580,8372,1,118,-151,-14924,3916,2800,-1041,31,-77,-14940,-2792,5572,-544,77,-158,0
1335.743355035782,10972,5032,10500,-72,-47,97,10092,-9412,8332,-51,130,-142,-14948,3964,2808,-1002,89,-68,-15028,-2792,5300,-507,57,-163,0
1335.7769260406494,10868,5052,10524,-111,8,107,9952,-9564,8388,-71,163,-114,-14996,3988,2620,-1008,81,-30,-15052,-2788,5232,-501,43,-148,0
1335.8105051517489,10844,4984,10556,-128,-10,121,10012,-9548,8176,-89,147,-90,-14840,4108,2712,-1273,56,13,-14896,-2644,5308,-518,56,-156,0
1335.844006061554,10884,5000,10556,-102,-2,130,9984,-9456,8396,-29,139,-91,-14904,4096,2880,-1045,74,41,-14928,-2612,5312,-555,32,-165,0
1335.8774700164795,10856,4944,10588,-73,-13,103,9908,-9456,8292,-61,138,-112,-14916,3968,2600,-1031,87,-35,-14980,-2648,5468,-542,86,-166,0
1335.911005973816,10820,4972,10636,-53,-7,103,10080,-9604,7996,-64,124,-152,-14928,4004,2588,-1010,80,-76,-14892,-2536,5236,-556,126,-128,0
1335.9443240165713,10904,4888,10676,-28,-6,130,9980,-9524,8212,-255,128,-158,-14844,3952,2712,-1049,59,-81,-14892,-2608,5224,-545,146,-98,0
1335.9775850772858,10840,4976,10408,-49,-15,136,10016,-9528,8092,27,79,-160,-14864,4084,2732,-1050,115,-80,-14868,-2660,5316,-597,147,-138,0
1336.0105669498444,10784,4904,10668,-45,-49,140,9980,-9588,8360,2,74,-144,-14904,4104,2816,-1066,112,-76,-14944,-2648,5224,-585,135,-152,0
1336.0439989566803,10872,4892,10424,-46,-27,139,10092,-9572,8320,-9,120,-109,-15024,4048,2808,-1051,22,-51,-15024,-2628,5304,-553,129,-151,0
1336.0774850845337,11000,5000,10408,-75,-19,116,10224,-9484,8352,-45,125,-118,-14916,4032,2584,-1049,44,-15,-14992,-2708,4988,-554,91,-144,0
1336.1110179424286,10912,4992,10332,-122,-12,105,10016,-9472,8264,-25,115,-146,-14908,4028,2716,-1048,82,-48,-15104,-2728,5148,-553,93,-129,0
1336.1443989276886,10784,4964,10420,-118,-53,90,9744,-9472,8352,-42,156,-164,-14964,3952,3040,-1014,71,-86,-14848,-2772,5188,-495,129,-173,0
1336.1777720451355,10804,4976,10336,-125,-28,87,9936,-9548,8392,-19,140,-182,-14868,3988,2724,-982,69,-76,-14912,-2764,5240,-528,172,-144,0
1336.2111361026764,10764,4928,10380,-104,-64,88,9972,-9252,8248,-21,125,-190,-14856,4000,2684,-1022,82,-78,-14864,-2756,5368,-523,166,-136,0
1336.244686126709,10780,4932,10384,-115,-51,103,10136,-9580,8288,8,95,-226,-14832,4044,2624,-1044,145,-64,-14892,-2800,5280,-511,211,-114,0
1336.2781929969788,10796,5012,10596,-112,-112,115,9884,-9716,8256,-38,80,-216,-14612,3840,2560,-959,162,-114,-14596,-2724,5244,-461,174,-82,0
1336.311784029007,10864,4976,10256,-132,-57,115,9984,-9456,8228,-51,142,-155,-14936,4036,2756,-983,106,-122,-14988,-2632,5224,-514,135,-127,0
1336.3455209732056,10868,4900,10676,-143,-90,99,10000,-9564,8332,255,151,-156,-14968,3996,2744,-1055,85,-110,-14944,-2708,5260,-523,182,-119,0
1336.378998041153,10800,5100,10420,-171,-130,154,10236,-9428,8284,22,131,-162,-14948,4124,2604,-1079,147,-91,-14912,-2620,5372,-553,202,-55,0
1336.4122490882874,10860,4968,10472,-130,-90,183,10076,-9556,8244,11,83,-160,-14948,4000,2648,-1030,182,-74,-15000,-2640,5272,-549,157,-51,0
1336.4491200447085,10852,4872,10516,-148,-72,142,10056,-9540,8124,50,79,-178,-14980,4096,2660,-1081,195,-138,-15044,-2392,5260,-516,228,-93,0
1336.4839699268339,10820,4864,10568,-134,-55,161,9952,-9596,8216,66,150,-138,-15076,4140,2712,-1108,60,-122,-15072,-2680,5216,-541,203,-84,0
1336.5194520950317,10924,4960,10604,-204,-53,150,9968,-9268,8432,24,238,-61,-14936,3852,2612,-1021,67,-30,-14980,-2676,5308,-540,55,-115,0
1336.5544440746307,10796,4976,10584,-231,42,109,9972,-9552,8220,10,280,-68,-14956,4040,2824,-976,52,-31,-15000,-2716,5508,-507,38,-167,0
1336.5905170440674,10748,4904,10600,-208,40,81,9760,-9556,8396,6,288,-95,-14960,4008,2612,-986,-2,-46,-14888,-2788,5240,-518,112,-155,0
1336.6255300045013,10980,4872,10592,-191,9,80,9904,-9712,8320,30,207,-138,-14844,4004,2716,-1050,65,-89,-14916,-2764,5216,-517,194,-90,0
1336.661052942276,10768,4908,10368,-222,-80,157,9856,-9548,8180,22,159,-185,-14800,4300,2744,-1077,137,-110,-14820,-2804,5256,-511,257,-30,0
1336.6962101459503,10812,5008,10424,-230,-116,139,9948,-9404,8216,-251,136,-237,-14888,3896,3000,-991,194,-137,-14668,-2744,5244,-475,231,-23,0
1336.7317650318146,10680,5024,10468,-511,-123,161,9964,-9252,8288,9,112,-242,-14840,4008,2688,-979,240,-137,-14864,-2736,5348,-435,0,254,0
1336.7676930427551,10940,5016,10368,-283,-145,138,9976,-9392,8440,-11,95,-283,-15032,3936,2912,-998,246,-190,-15052,-2784,5132,-417,281,-49,0
1336.8026340007782,10904,4992,10512,-272,-188,120,9956,-9452,8564,-3,157,-332,-14936,3892,2792,-895,183,-205,-15040,-2816,5268,-407,283,-39,0
1336.838788986206,11184,5016,10388,-309,-209,91,9932,-9472,8628,-83,166,-307,-14832,3976,2964,-876,195,-143,-14948,-2744,5268,-359,216,-59,0
1336.8743309974673,10516,5020,10388,-346,-172,72,9904,-9412,8308,-52,143,-347,-14980,3864,2332,-850,243,-231,-14816,-2652,5124,-366,252,-59,0
1336.9095220565796,10872,4876,10676,-287,-209,59,10000,-9460,8404,-2,131,-364,-14980,4020,2784,-881,169,-192,-15044,-2724,5256,-373,285,-100,0
1336.9447031021118,11020,5012,10324,-297,-209,80,10012,-9448,8272,-35,174,-352,-14888,3916,2712,-886,135,-199,-15056,-2624,5292,-353,285,-66,0
1336.9801800251007,10876,4972,10668,-344,-219,106,9956,-9408,8324,-59,77,-346,-14872,4000,2684,-874,271,-154,-14932,-2492,5272,-355,8,37,0
1337.015506029129,10944,4832,10552,-333,-171,151,9952,-9524,8384,-52,34,-283,-15076,4188,2628,-897,268,-100,-15080,-2496,5152,-401,203,-251,0
1337.050950050354,10884,4788,10684,-273,-144,167,10092,-9652,8212,-41,75,-231,-14948,4108,2808,-908,231,-77,-15168,-2456,5276,-455,219,-37,0
1337.0879499912262,10852,4712,10356,-228,-169,161,9764,-9608,8300,-44,39,-238,-14904,4140,2712,-918,197,-106,-14980,-2444,5228,-443,197,-8,0
1337.1214809417725,10820,4716,10496,-228,-122,179,9960,-9416,8220,-87,35,-203,-14924,4336,2664,-951,184,-62,-15116,-2512,5260,-463,88,-4,0
1337.1547451019287,10976,4752,10300,-259,-96,164,10040,-9508,8288,-80,115,-187,-15020,3996,2608,-991,80,-51,-14920,-2576,5100,-474,162,-50,0
1337.1882100105286,10840,4652,10948,-287,-145,123,10160,-9496,8304,26,129,-245,-14972,4016,3056,-1056,98,-142,-14972,-2664,5032,-433,271,-55,0
1337.2218370437622,10952,4872,10376,-172,-145,88,9916,-9396,8288,-94,93,-275,-14876,3892,2684,-958,176,-113,-15028,-2784,5108,-442,7,-67,0
1337.2554049491882,10800,4864,10424,-275,-209,108,10028,-9456,8284,-82,36,-309,-14920,4052,2560,-969,214,-179,-14988,-2808,4928,-465,290,-38,0
1337.288754940033,10876,4748,10324,-239,-153,152,10160,-9356,8252,-27,63,-512,-15356,3900,2628,-1043,109,-153,-15032,-2700,4952,-442,179,-120,0
1337.322340965271,10768,4840,10388,-102,-158,100,10116,-9460,8388,-41,115,-259,-15068,4080,2768,-991,111,-112,-15036,-2668,5112,-473,261,-126,0
1337.3559141159058,10988,4872,10356,-162,-135,84,9912,-9336,8280,-44,76,-242,-14728,4084,2356,-988,101,-58,-15060,-2600,5152,-457,206,-95,0
1337.3890681266785,10856,4636,10272,-178,-97,117,10236,-9416,8352,-71,73,-213,-14976,3936,2584,-994,156,-61,-15048,-2572,5268,-459,177,-67,0
1337.4226851463318,10960,4772,10588,-132,-80,139,10212,-9604,8292,-66,64,-231,-15140,3896,2788,-1037,158,-135,-15044,-2412,5076,-461,178,-97,0
1337.4560339450836,10976,4784,10508,-153,-164,137,10008,-9488,8160,-256,79,-232,-15100,4028,2696,-1020,164,-142,-14884,-2508,5260,-510,229,-99,0
1337.4899649620056,10788,4932,10496,-104,-128,159,9984,-9364,8280,-76,55,-200,-14976,3992,2628,-1012,104,-62,-14932,-2540,5220,-492,160,-68,0
1337.5236339569092,10868,4808,10240,-109,-143,143,10036,-9648,8340,-77,74,-188,-15028,3932,2580,-997,161,-61,-14996,-2568,5148,-484,162,-69,0
1337.556990146637,10868,4784,10508,-126,-72,122,10144,-9676,8360,-68,85,-179,-14944,3932,2696,-1006,139,-53,-15044,-2516,5060,-502,171,-94,0
1337.5904150009155,10856,4768,10504,-104,-78,145,10080,-9468,8328,-40,113,-179,-14920,3944,2612,-1013,112,-89,-14996,-2784,5372,-505,160,-99,0
1337.6238830089567,10928,4816,10560,-91,-78,139,10060,-9424,8356,-66,85,-173,-14904,3968,2716,-1035,88,-52,-14988,-2520,5064,-528,147,-115,0
1337.6572251319883,10852,4852,10408,-108,-97,121,10112,-9428,8224,-57,87,-182,-14956,3940,2764,-999,125,-50,-15072,-2504,5224,-500,135,-95,0
1337.6906161308289,10900,4812,10472,-109,-118,119,10172,-9424,8236,-49,101,-188,-14940,4012,2540,-996,130,-67,-14996,-2460,4892,-490,189,-80,0
1337.7241489887238,10892,4732,10488,-83,-130,117,10180,-9724,8444,-49,106,-189,-15032,3924,2308,-1028,115,-116,-15028,-2508,5140,-517,165,-159,0
1337.757766008377,10956,4804,10480,-55,-112,101,10056,-9504,8464,-21,130,-194,-15280,3976,2788,-1057,62,-101,-14976,-2536,5160,-530,146,-155,0
1337.791100025177,10940,4836,10540,-53,-77,89,10096,-9480,8272,-34,78,-177,-14888,3968,2780,-1050,108,-52,-15048,-2444,5088,-758,165,-97,0
1337.8247520923615,10924,4800,10536,-70,-66,120,10144,-9428,8160,-67,99,-211,-15040,4068,2656,-1013,113,-62,-15076,-2640,5148,-486,140,-154,0
1337.858470916748,10940,5100,10396,-60,-111,92,10068,-9456,8196,-65,105,-200,-15072,3972,2564,-1017,105,-88,-15072,-2648,5024,-519,123,-150,0
1337.8916580677032,10948,4832,10416,-81,-115,84,10192,-9280,8364,-37,143,-189,-14940,3920,2616,-1094,18,-83,-14960,-2688,5044,-498,177,-173,0
1337.925234079361,10912,4876,10276,-138,-96,69,10012,-9440,8300,-40,175,-208,-14924,3824,2644,-1072,77,-97,-14984,-2656,5048,-505,146,-162,0
1337.9589509963987,10880,4976,10080,-86,-31,82,10064,-9400,8320,-69,108,-207,-14928,4032,2604,-994,95,-40,-15020,-2584,5068,-268,147,-152,0
1337.992478132248,10976,4848,10404,-103,-73,53,10048,-9392,8332,-33,117,-202,-14952,4128,2684,-1023,98,-32,-15088,-2432,5092,-484,119,-174,0
1338.0258131027222,10764,4816,10528,-97,15,75,9996,-9268,8148,-3,77,-165,-14912,3968,2652,-1060,112,-58,-14940,-2428,5176,-482,140,-112,0
1338.0592739582062,10852,4804,10520,-74,-3,126,10136,-9480,8216,250,78,-151,-14948,3880,2708,-1039,108,-57,-14940,-2608,5240,-768,92,-143,0
1338.0927729606628,10920,4872,10356,-96,-77,108,10060,-9696,8168,-46,101,-168,-14956,4052,2624,-1005,94,-73,-15080,-2504,4892,-502,110,-172,0
1338.1300790309906,10840,5104,10296,-119,-96,109,10216,-9380,8312,-55,125,-168,-14904,4324,2680,-1000,72,-38,-14956,-2380,4908,-494,138,-124,0
1338.165533065796,10924,4920,10352,-55,-81,111,10100,-9408,8252,-39,125,-179,-14904,3992,2640,-1276,95,-76,-14884,-2584,5140,-489,149,-155,0
1338.2016689777374,10936,4896,10440,-132,-101,126,10008,-9472,8216,-12,86,-173,-14860,3976,2776,-1064,114,-68,-15080,-2508,5176,-498,173,-145,0
1338.2377719879153,10916,4900,10456,-97,-71,114,10148,-9280,8384,-48,101,-181,-14888,3912,2764,-1033,105,-78,-14952,-2772,5196,-525,157,-120,0
1338.27321100235,10956,4848,10336,-100,-62,105,10080,-9440,8104,-36,109,-181,-14956,3944,2704,-986,137,-73,-14980,-2608,4888,-465,135,-107,0
1338.3087360858915,10828,4900,10508,-106,-53,111,10020,-9556,8144,-37,96,-180,-14968,3976,2740,-1015,94,-76,-15068,-2648,5184,-487,172,-154,0
1338.3442130088806,10988,4832,10468,-131,-99,102,10164,-9540,8240,-37,143,-177,-15012,3948,2584,-771,90,-71,-14988,-2556,5324,-489,150,-132,0
1338.3796830177307,10884,4876,10376,-119,-96,92,9988,-9432,8092,-21,120,-178,-14904,4032,2544,-974,123,-74,-15012,-2600,5176,-486,159,-131,0
1338.4149949550629,10784,5056,10748,-107,-119,80,10048,-9504,8204,-43,149,-182,-15048,4016,2344,-977,130,-104,-14976,-2532,5248,-466,160,-121,0
1338.4508321285248,10912,4976,10428,-128,-66,77,10076,-9444,8160,-28,114,-168,-14884,4008,2660,-1007,120,-95,-15028,-2760,5348,-482,153,-94,0
1338.4871809482574,10932,4892,10480,-138,-61,98,10072,-9444,8244,-23,141,-173,-14960,3976,2632,-1017,102,-66,-14988,-2344,5296,-512,154,-110,0
1338.522122144699,10788,5092,10444,-140,-55,122,10080,-9408,8208,-44,103,-180,-14988,4076,2600,-1004,113,-129,-14988,-2516,5192,-761,152,-120,0
1338.5579829216003,11016,4876,10456,-129,-77,101,10164,-9260,7952,-15,143,-197,-14936,3940,2596,-995,97,-101,-14988,-2580,4880,-503,166,-121,0
1338.5933890342712,10952,4812,10464,-125,-88,108,10120,-9480,8312,-10,147,-190,-14964,3912,2716,-1011,94,-90,-14944,-2604,5180,-467,150,-102,0
1338.6281769275663,10940,4840,10496,-162,-67,100,10080,-9492,8320,-10,138,-187,-14640,3916,2724,-991,106,-121,-15016,-2632,5244,-482,156,-96,0
1338.6642129421234,10912,4908,10560,-191,-50,121,10144,-9408,8404,-244,132,-184,-14928,4024,2620,-980,145,-56,-14944,-2592,5280,-471,179,-105,0
1338.6995520591736,10788,4916,10400,-191,-110,112,10080,-9464,8368,-26,147,-201,-15032,4064,2736,-956,125,-130,-14980,-2608,5120,-476,186,-105,0
1338.7350380420685,10968,4908,10408,-158,-86,110,10080,-9412,8356,-61,163,-176,-14948,4072,2728,-936,139,-119,-14984,-2816,5256,-520,123,-102,0
1338.7711400985718,10988,5096,10492,-197,-75,125,10084,-9584,8280,-46,181,-189,-14872,3912,2660,-969,98,-103,-14900,-2548,5368,-497,161,-78,0
1338.8045780658722,10884,4956,10408,-275,-30,134,10044,-9416,8256,-24,166,-135,-14924,3964,2876,-1005,114,-34,-14996,-2584,4864,-473,124,-62,0
1338.8382720947266,10904,5096,10504,-254,-18,114,10116,-9532,8220,-67,206,-155,-15072,3892,2812,-936,106,-66,-14876,-2560,5072,-472,160,-49,0
1338.8718500137327,10944,4792,10324,-299,-37,79,10116,-9432,8364,22,202,-177,-14868,3984,2596,-988,95,-147,-15048,-2532,5072,-439,215,-75,0
1338.9053609371183,10888,4892,10464,-276,-37,116,10136,-9712,7964,29,186,-170,-15056,3892,2628,-999,104,-130,-15064,-2552,5056,-477,207,-84,0
1338.9387910366058,10900,4864,10432,-265,-67,108,10076,-9492,8176,50,168,-190,-15048,3920,2736,-943,147,-106,-14960,-2516,5128,-463,126,-103,0
1338.9723391532898,10892,4936,10580,-302,-100,121,10008,-9520,8160,-13,176,-195,-14944,3924,2796,-960,148,-145,-14968,-2468,5064,-443,137,-91,0
1339.006973028183,10868,4808,10440,-268,-101,126,10060,-9548,8072,-30,181,-179,-15020,4008,2744,-926,104,-114,-15000,-2548,5160,-473,184,-103,0
1339.0405049324036,10864,4848,10564,-236,-119,133,10124,-9472,8444,14,193,-198,-14992,3940,2584,-998,112,-89,-14956,-2560,5048,-462,169,-72,0
1339.074028968811,10852,4728,10440,-292,-144,150,10020,-9384,8312,45,155,-208,-14924,3980,2696,-1021,133,-98,-14984,-2492,5216,-470,157,-75,0
1339.1076059341433,10968,5096,10476,-239,-141,139,10012,-9416,8332,20,161,-186,-14920,3948,2584,-1002,131,-126,-15024,-2472,5204,-473,171,-110,0
1339.1411180496216,10800,4816,10740,-271,-156,134,10108,-9388,8244,37,146,-175,-15000,3944,2476,-954,156,-164,-15032,-2564,5092,-462,152,-66,0
1339.1748509407043,10900,4812,10488,-269,-126,146,10124,-9460,8408,43,181,-235,-14968,3956,2772,-990,165,-156,-14988,-2536,5036,-463,185,-54,0
1339.2084109783173,10936,4824,10320,-511,-153,146,10200,-9400,7980,61,116,-195,-15016,3944,2712,-1006,136,-123,-14976,-2584,5004,-472,178,-89,0
1339.2419369220734,10876,4728,10408,-511,-156,158,10188,-9420,8444,7,134,-225,-14960,3992,2324,-979,131,-82,-15032,-2616,5192,-478,157,-91,0
1339.275531053543,10916,4896,10548,-223,-157,124,10096,-9724,8380,-3,141,-205,-14988,3928,2968,-1002,108,-125,-15096,-2492,5128,-457,144,-108,0
1339.3092439174652,11004,4692,10424,-214,-147,121,10016,-9500,8224,38,135,-199,-15028,3928,2796,-979,104,-76,-15360,-2516,5104,-469,152,-108,0
1339.342824935913,10900,4840,10516,-205,-170,119,10132,-9452,8228,14,145,-208,-14928,3960,2624,-1021,110,-137,-15044,-2468,5124,-497,159,-119,0
1339.3764431476593,10984,4772,10732,-158,-136,109,10096,-9364,8424,-6,129,-193,-15020,3972,2656,-1041,129,-136,-14864,-2748,5144,-490,176,-91,0
1339.4097020626068,10924,4780,10528,-163,-114,136,10088,-9376,8236,0,126,-193,-14956,3868,2596,-1026,107,-94,-15108,-2544,5048,-519,165,-92,0
1339.4433600902557,11076,4772,10404,-142,-132,145,10152,-9416,8268,-5,112,-198,-14972,3980,2744,-988,128,-75,-15008,-2528,5152,-502,151,-82,0
1339.4772329330444,11088,4828,10440,-164,-145,121,10108,-9312,8212,-27,114,-201,-14980,3932,2728,-1000,158,-118,-15040,-2708,5028,-476,166,-78,0
1339.5106830596924,10928,4760,10384,-128,-105,126,10192,-9492,8356,-60,74,-187,-15044,3848,2532,-1279,96,-111,-15096,-2500,5060,-517,148,-117,0
1339.5442049503329,11000,4764,10260,-117,-110,81,10156,-9488,8432,-58,103,-191,-15016,3980,2636,-1026,81,-90,-15096,-2460,5136,-767,97,-185,0
1339.5775051116943,10996,4756,10496,-87,-67,117,10120,-9316,8372,-42,134,-176,-14800,4028,2624,-1059,44,-30,-14944,-2556,5144,-524,113,-147,0
1339.6107170581818,10968,4804,10416,17,-42,68,10008,-9372,8380,-90,133,-196,-15028,3880,2632,-1020,67,-91,-15028,-2432,5004,-504,171,-172,0
1339.6441519260409,10780,4736,10684,-96,-70,60,10044,-9484,8304,-35,136,-174,-14960,3972,2512,-1038,86,-80,-15024,-2492,5176,-492,180,-117,0
1339.6776721477509,10984,4884,10480,-101,-14,106,10172,-9396,8120,-49,135,-145,-14952,3888,2492,-1068,61,-47,-15064,-2572,5052,-502,142,-129,0
1339.711061000824,10876,4780,10688,-102,-32,107,10216,-9424,8444,-44,154,-126,-15024,3956,2336,-1033,74,3,-15020,-2348,4896,-500,88,-175,0
1339.7447600364683,10884,4864,10328,-104,-12,89,10080,-9696,8380,-55,164,-160,-14948,3920,2396,-977,62,-17,-15044,-2516,4876,-511,121,-134,0
1339.7784070968628,10832,4764,10500,-91,-13,75,10092,-9388,8308,-36,158,-148,-14868,3904,2716,-1018,65,-12,-14956,-2664,5204,-260,112,-129,0
1339.8159239292145,10952,4976,10368,-103,-53,126,10232,-9500,8244,-55,128,-165,-14984,3968,2456,-1002,89,-81,-14916,-2556,5160,-505,135,-146,0
1339.8512711524963,10912,4848,10456,-95,-46,98,10076,-9400,8332,-37,149,-179,-14880,3984,2376,-1042,110,-70,-14976,-2420,5256,-501,144,-105,0
1339.8876609802246,11236,4772,10512,-38,-64,120,10080,-9452,8196,-71,90,-175,-15048,4004,2668,-996,113,-59,-14996,-2500,5112,-517,135,-125,0
1339.922865152359,10780,4832,10292,-86,-73,120,10136,-9420,8364,-64,99,-149,-14940,3960,2724,-992,136,-51,-15068,-2484,5036,-490,134,-135,0
1339.9592869281769,11004,4740,10540,-53,-70,98,10088,-9232,8368,-23,125,-170,-14948,4076,2484,-1048,95,-64,-14952,-2800,5188,-499,140,-148,0
1339.9945931434631,10776,4660,10448,-58,-54,113,10144,-9416,8308,-53,81,-182,-14952,3876,2584,-1043,88,-30,-14996,-2360,4960,-536,158,-158,0
1340.033793926239,11228,5060,10388,-27,-59,76,10076,-9252,8320,-51,97,-192,-15032,3872,2672,-1058,118,-92,-15100,-2596,5004,-762,133,-145,0
1340.0701429843905,11088,4956,10420,-81,-48,127,10100,-9236,8272,-73,121,-197,-15052,4000,2660,-1046,89,-78,-14948,-2560,5116,-488,135,-159,0
1340.104973077774,11000,4916,10504,-42,-67,89,10168,-9724,8188,-40,98,-200,-15040,3960,2712,-1038,78,-23,-14864,-2520,5140,-515,163,-161,0
1340.1407389640808,10920,4856,10372,-62,-53,89,10064,-9416,8236,-28,111,-203,-14960,3964,2608,-1051,67,-86,-14936,-2612,5012,-518,158,-182,0
1340.176108121872,11244,4900,10560,-66,-35,82,10048,-9376,8412,-21,86,-189,-14984,3980,2804,-1067,110,-68,-15012,-2584,5100,-767,143,-155,0
1340.2117040157318,10900,4804,10628,-70,-60,106,10068,-9568,8176,-17,102,-167,-14908,4028,2748,-1034,90,-55,-15060,-2808,5296,-503,173,-107,0
1340.247997045517,10952,4868,10416,-59,-38,108,10068,-9404,8316,-107,99,-172,-14920,3968,2748,-1002,99,-91,-14960,-2580,5216,-507,121,-118,0
1340.2833070755005,10964,4828,10348,-64,-38,112,10088,-9428,8160,-36,104,-190,-15036,3972,2640,-1045,82,-43,-14916,-2324,5132,-525,138,-149,0
1340.3183159828186,10956,4936,10464,-80,-53,114,9556,-9332,8236,-6,1,-194,-14972,3984,2752,-1037,97,-44,-15084,-2588,5168,-514,106,-134,0
1340.3542430400848,10876,4880,10496,-87,-37,100,10160,-9440,8432,-103,108,-170,-14988,3996,2620,-1007,91,-69,-14968,-2560,5120,-527,144,-152,0
1340.390345096588,10984,5072,10312,-112,-69,89,10056,-9724,8084,-13,109,-196,-14640,3860,2812,-1027,59,-70,-14952,-2556,5060,-482,145,-139,0
1340.4257550239563,10960,4896,10268,-74,-25,96,10136,-9424,8112,-25,116,-177,-15080,3968,2672,-771,80,-61,-15044,-2316,4888,-511,149,-153,0
1340.461359024048,10752,4932,10616,-97,-44,81,10056,-9516,8200,-47,142,-174,-15032,3932,2716,-991,86,-106,-14932,-2652,5192,-483,114,-203,0
1340.4949989318848,10960,4864,10376,-93,-66,46,10192,-9536,8260,-61,162,-194,-15012,3996,2700,-952,93,-99,-15012,-2512,5048,-494,129,-200,0
1340.5285880565643,10756,4804,10364,-41,-55,43,10272,-9560,8172,-38,184,-251,-15072,3956,2660,-1030,79,-127,-15068,-2548,4980,-532,164,-218,0
1340.5620861053467,10988,4784,10408,-32,-81,-3,10188,-9492,8148,6,197,-246,-15052,3888,2752,-1062,-254,-95,-14892,-2524,5156,-508,133,-238,0
1340.5954079627993,11000,4616,10328,-89,-45,-34,10092,-9440,8292,7,235,-220,-15000,3916,2608,-1096,-128,-117,-15008,-2624,4968,-478,101,-4,0
1340.628688097,10904,4864,10700,-205,-45,-4,10012,-9372,8368,5,293,-138,-14860,3948,2768,-905,-136,-35,-15092,-2704,5268,-445,97,-198,0
1340.6618819236755,10780,5112,10516,-273,-253,12,9688,-9232,8276,53,311,-138,-14716,3940,3060,-1079,65,-240,-14784,-2608,5320,-422,128,-106,0
1340.6953330039978,10688,5004,10520,-275,-82,151,9788,-9484,8520,6,125,-165,-14808,3948,2776,-1010,139,-47,-14828,-2720,5336,-456,205,-68,0
1340.728980064392,10704,5000,10684,-223,-92,193,9936,-9388,8372,22,53,-184,-14940,3888,2932,-781,107,-80,-14948,-2756,5272,-477,190,-54,0
1340.762587070465,10772,4972,10352,-222,-125,189,10040,-9492,8288,-30,49,-220,-14892,3976,2852,-1277,144,-110,-14972,-2680,5264,-459,219,-36,0
1340.7961299419403,10852,5060,10264,-263,-140,208,9980,-9668,8436,11,109,-177,-14888,3888,2732,-980,200,-125,-14900,-2608,5124,-453,502,17,0
1340.8296449184418,10852,5028,10580,-308,-181,251,9776,-9368,8236,5,11,-199,-14664,3968,2684,-949,319,-115,-15060,-2588,5056,-417,294,98,0
1340.863093137741,10908,4912,10592,-299,-229,312,10092,-9408,8324,-31,34,-164,-15040,3956,2532,-855,414,-118,-15032,-2432,5140,-427,164,108,0
1340.8965380191803,11196,5112,10632,-341,-131,348,10348,-9376,8160,-83,109,-94,-15028,3980,2508,-781,384,-73,-15256,-2420,5088,-440,98,123,0
1340.9300870895386,11104,4776,10328,-385,-102,355,10180,-9688,7956,-100,76,-36,-15136,3984,2632,-944,279,211,-15044,-2532,4996,-472,131,123,0
1340.9636240005493,11024,4776,10348,-401,-72,365,10288,-9464,8172,-80,51,-44,-15016,4040,2588,-994,308,251,-15060,-2532,5144,-441,131,110,0
1340.9972190856934,11056,4704,10384,-368,-45,287,10224,-9532,7944,-135,67,-88,-15052,3964,2436,-952,246,-233,-15024,-2432,5340,-462,72,40,0
1341.030738115311,11068,4576,10452,-307,42,192,10260,-9536,8124,-99,180,-69,-15180,3928,2580,-995,120,60,-15128,-2520,5336,-488,15,-42,0
1341.0642030239103,11020,4740,10496,-307,131,101,10132,-9544,8248,-63,197,-37,-14992,3968,2672,-1047,38,66,-15012,-2548,5348,-475,16,-79,0
1341.0976741313934,10876,4864,10584,-387,106,109,10100,-9428,8268,-19,218,-63,-14968,3920,2472,-1050,59,12,-14912,-2788,5176,-461,70,-114,0
1341.1309740543365,10832,4780,10512,-299,58,61,10172,-9588,8300,-61,213,-124,-14888,4032,2800,-998,54,-29,-14960,-2324,5316,-461,131,-87,0
1341.1644711494446,10812,4736,10548,-307,-57,92,10080,-9508,8268,-47,157,-195,-14920,4288,2800,-957,129,-79,-14872,-2440,5124,-490,220,-40,0
1341.19810795784,10864,4756,10592,-276,-104,154,10008,-9540,8304,-12,99,-190,-15080,3848,2368,-1044,160,-119,-14896,-2456,5368,-481,184,-17,0
1341.231724023819,10776,4736,10504,-268,-69,179,10060,-9508,8104,-2,98,-173,-14976,4016,2500,-1057,146,-93,-15004,-2588,5120,-510,139,-24,0
1341.265200138092,10724,4784,10608,-271,-65,161,10028,-9464,8268,-2,114,-179,-15052,4044,2672,-1003,198,-141,-15092,-2432,5268,-495,128,-37,0
1341.298702955246,10876,4744,10400,-213,-109,177,10044,-9512,8304,-36,109,-208,-14980,3940,2404,-975,203,-133,-15012,-2356,5200,-494,203,-24,0
1341.332260131836,10868,4680,10544,-195,-98,169,10108,-9420,7972,-60,129,-201,-15060,3916,2740,-963,175,-153,-15024,-2476,5072,-491,254,-57,0
1341.3657939434052,10988,4628,10528,-228,-188,144,10024,-9404,8360,-26,95,-251,-15020,3944,2500,-961,236,-196,-15036,-2424,5104,-485,510,-50,0
1341.3989870548248,11120,4680,10600,-168,-187,159,9984,-9456,8336,-13,81,-244,-15004,4072,2524,-1016,183,-183,-15068,-2404,5164,-473,234,-37,0
1341.432429075241,10956,4680,10540,-208,-127,161,10100,-9476,8256,-25,99,-220,-15068,4024,2608,-971,163,-108,-15020,-2472,5152,-465,201,-75,0
1341.4657819271088,10948,4684,10748,-195,-108,121,10096,-9716,8036,-13,125,-205,-14988,4028,2564,-990,176,-123,-14988,-2388,5208,-480,192,-48,0
1341.5034079551697,11012,4648,10640,-201,-70,162,10040,-9320,8288,-21,126,-144,-14884,3900,2532,-771,171,-65,-15044,-2480,5164,-491,138,-53,0
1341.5392470359802,10976,4760,10480,-224,-66,182,10108,-9532,8356,-63,154,-122,-14884,3948,2396,-955,160,-39,-15092,-2436,5184,-481,117,-48,0
1341.5741319656372,10968,4676,10352,-221,-59,176,10084,-9476,8232,-90,125,-130,-15000,3840,2340,-959,129,-6,-15044,-2452,5156,-447,118,-39,0
1341.609561920166,10960,4696,10624,-236,-42,149,10144,-9500,8360,-68,113,-134,-14904,3896,2316,-1006,149,-38,-14980,-2528,5204,-472,84,-57,0
1341.6445031166077,10888,4512,10456,-192,-65,155,10008,-9648,8312,-99,83,-137,-14976,4056,2388,-1005,164,-248,-14996,-2460,4904,-495,108,-40,0
1341.6807510852814,10976,4728,10552,-189,-90,181,10108,-9516,8348,-76,59,-153,-14988,3940,2656,-1044,139,-50,-14984,-2348,5264,-499,104,-62,0
1341.7158980369568,10940,4700,10312,-133,-80,168,10120,-9480,8128,-137,41,-153,-14976,3956,2532,-947,145,-255,-15004,-2436,5128,-473,93,-82,0
1341.7513239383698,11012,4716,10512,-182,-54,142,10108,-9544,8376,-107,113,-137,-15076,3984,2604,-948,154,-66,-15304,-2364,5272,-452,85,-88,0
1341.7876031398773,10760,4800,10656,-221,-43,142,10080,-9428,8176,-50,109,-132,-15052,4064,2620,-1063,69,20,-15016,-2364,5044,-457,71,-82,0
1341.8224549293518,11028,4628,10512,-204,-114,143,10068,-9228,8404,-61,114,-83,-14972,4228,2444,-1030,303,24,-14972,-2416,5548,-851,342,-138,0
1341.8575949668884,10884,4660,11172,-205,487,111,9984,-9512,8260,-288,137,-61,-15088,3912,2268,-922,317,65,-15208,-2476,5420,-708,342,-105,0
1341.89404296875,10976,4536,10380,-113,-67,163,10208,-9488,8464,-298,-28,-28,-14896,3952,2648,-1142,108,38,-15004,-2240,5212,-395,-72,-21,0
1341.9289419651031,11080,4632,10488,-239,-96,272,9940,-9532,8240,-131,72,6,-15088,4100,2624,-1037,-27,107,-15096,-2348,5292,-394,-250,-251,0
1341.9650750160215,10944,4596,10612,-214,59,287,9964,-9480,8332,-110,9,37,-14988,4032,2616,-1057,125,151,-15104,-2412,5168,-450,-196,28,0
1342.0004761219025,10896,4672,10588,-192,82,318,10208,-9592,8164,-146,13,5,-14968,4212,2672,-1034,156,117,-14908,-2428,5116,-423,-118,44,0
1342.0355360507963,10880,4584,10412,-88,1,309,10088,-9612,8032,-180,19,-12,-14944,3960,2320,-968,194,76,-15012,-2388,5136,-449,-37,17,0
1342.0716910362244,10968,4616,10540,-115,27,291,10012,-9596,8196,-153,-14,-34,-14992,4072,2316,-956,241,85,-14972,-2312,5280,-460,49,4,0
1342.1077890396118,10940,4600,10520,-117,5,295,10192,-9780,8244,-175,16,-61,-15080,4176,2668,-800,128,80,-14948,-2068,5204,-499,142,-37,0
1342.1428611278534,10884,4548,10560,-85,-44,243,9900,-9676,8024,-184,83,-22,-14900,4332,2376,-1269,283,68,-15360,-2216,5224,-630,175,-32,0
1342.1764709949493,11004,4544,10692,-141,102,233,10432,-9740,8132,-145,42,-31,-14980,4228,2608,-959,237,108,-15096,-2292,5292,-617,227,-34,0
1342.209762096405,10964,4500,10696,-157,121,200,10080,-9716,7984,-116,115,-33,-14932,4492,2496,-1050,116,61,-15344,-2492,5440,-563,151,-106,0
1342.2433769702911,10916,4588,10664,-97,54,191,10024,-9476,8040,-123,78,-46,-15004,4140,2452,-1101,96,64,-14948,-2356,5468,-619,51,-71,0
1342.2770109176636,10776,4516,10520,-90,33,199,10076,-9688,8272,-108,56,-51,-14908,4188,2336,-1166,112,-18,-14888,-2420,5176,-543,42,-73,0
1342.310863018036,10832,4516,10632,-114,64,187,10116,-9980,8320,-110,95,-119,-14908,4108,2432,-1084,154,-66,-15000,-2464,5180,-536,66,-111,0
1342.3443529605865,10972,4512,10708,-27,-12,146,10100,-9672,8240,-137,20,-164,-14960,4180,2452,-1104,248,-55,-15040,-2560,5256,-513,44,-158,0
1342.3779180049896,10780,4600,10700,254,-79,123,10100,-9588,7972,-56,129,-175,-14984,4224,2328,-1072,9,-7,-15020,-2364,5136,-483,42,-163,0
1342.4112820625303,11200,4660,10732,-73,-66,77,10200,-9944,8168,-14,132,-192,-15052,4228,2304,-1058,29,-45,-15012,-2472,5200,-473,86,-193,0
1342.4448199272156,10936,4448,10552,-47,-108,80,10208,-9664,7848,-97,276,-147,-14804,4276,2308,-1031,-50,-78,-14932,-2308,5268,-488,86,-182,0
1342.4787170886993,10872,4560,10552,-40,-66,15,10096,-9948,8016,-255,228,-211,-14856,4164,2444,-1047,-84,-124,-15024,-2312,5436,-469,94,-275,0
1342.51211810112,10892,4488,10644,-62,-15,-45,10008,-9840,8076,140,211,-208,-14860,4320,2472,-1200,-115,-173,-14876,-2256,5156,-489,210,-289,0
1342.5456631183624,10844,4540,10512,-37,-10,-15,9908,-9740,8084,194,11,-219,-14988,4152,2632,-1167,-99,-169,-14940,-2492,5628,-476,191,-255,0
1342.579206943512,10856,4624,10896,250,34,-85,10104,-9496,8036,95,6,-263,-14916,4300,2548,-1051,-87,-168,-14924,-2448,5404,-463,233,-313,0
1342.6126899719238,10748,4604,10660,-59,-80,-119,10108,-9784,8152,159,507,-345,-14828,4152,2548,-1041,-81,-202,-14928,-2440,5428,-438,291,-262,0
1342.6463971138,10776,4672,10592,-77,-76,-126,9956,-9676,8208,216,290,-332,-14900,4208,2572,-1078,-89,-258,-14904,-2420,5356,-484,325,-314,0
1342.6800019741058,10796,4828,10656,-101,-77,-94,9948,-9636,8088,138,260,-344,-15008,4024,2576,-1039,-20,-281,-14968,-2520,5288,-452,279,-263,0
1342.7134220600128,10788,4748,10548,-116,-55,-92,10100,-9488,8164,91,238,-358,-15080,4052,2668,-1016,28,-206,-15064,-2464,5308,-436,267,-276,0
1342.746962070465,10904,4780,10632,-134,-122,-67,10088,-9660,8124,146,199,-273,-14920,4156,2680,-770,-108,-207,-14848,-2456,5292,-476,267,-244,0
1342.780261039734,10792,4684,10684,-130,-117,-33,10080,-9568,8420,132,248,-292,-14948,3988,2672,-773,43,-507,-14956,-2432,5136,-419,337,-155,0
1342.8138720989227,10892,5044,10556,-143,-186,3,10100,-9524,8156,78,181,-326,-14976,4044,2624,-986,60,-229,-15080,-2472,5288,-465,243,-153,0
1342.8474209308624,10944,4808,10496,-141,-200,23,10088,-9552,8268,-4,153,-300,-14952,3852,2328,-981,106,-215,-14992,-2396,5332,-476,193,-128,0
1342.8809440135956,10848,4856,10732,-151,-143,42,10012,-9584,8112,23,162,-267,-14976,4324,2564,-958,69,-197,-15044,-2364,5536,-533,214,-110,0
1342.9144279956818,10844,4632,10728,-168,-112,20,9984,-9560,8176,20,220,-238,-15108,4108,2580,-990,70,-119,-14948,-2560,5200,-514,175,-132,0
1342.9479379653933,10768,4572,10692,-175,-77,33,10012,-9580,8140,22,215,-200,-14968,4032,2536,-1013,107,-123,-14884,-2532,5032,-497,183,-116,0
1342.9815459251404,10992,4740,10580,-223,-33,43,10024,-9496,8080,19,156,-242,-14880,4068,2564,-984,156,-127,-15004,-2452,5140,-492,144,-79,0
1343.0153110027313,10732,4792,10536,-250,-74,42,10148,-9568,8072,-1,170,-252,-14928,4060,2672,-900,193,-153,-14996,-2444,5200,-486,233,-108,0
1343.0489420890808,10852,4700,10620,-225,-149,101,9984,-9524,7984,-15,186,-258,-14892,4088,2540,-927,191,-198,-15108,-2548,5336,-493,248,-120,0
1343.0824439525604,10932,4804,10564,-232,-137,76,10020,-9572,8176,11,151,-263,-14940,4140,2476,-939,164,-131,-15072,-2424,5088,-458,230,-105,0
1343.1160960197449,11000,4708,10580,-242,-108,96,10056,-9500,8220,37,126,-254,-14968,4164,2764,-973,203,-145,-14972,-2368,5212,-455,209,-66,0
1343.151827096939,10864,4704,10516,-169,-170,114,10056,-9644,8332,59,106,-283,-14968,4064,2584,-992,240,-140,-14996,-2400,5232,-490,242,-94,3
1343.1881670951843,10768,4740,10644,-220,-168,125,9976,-9496,8148,30,132,-240,-14912,4040,2632,-888,125,-128,-15036,-2384,5180,-480,234,-133,3
1343.223746061325,10860,4760,10688,-182,-131,101,10172,-9472,8228,10,138,-245,-14948,4040,2464,-955,137,-134,-15088,-2388,5216,-485,181,-69,3
1343.260127067566,10964,4680,10260,-225,-130,140,10108,-9512,8276,34,90,-216,-14936,4088,2396,-1006,166,-141,-15040,-2364,5252,-468,181,-104,3
1343.2955489158633,10908,4808,10440,-193,-151,164,10096,-9408,8164,28,118,-218,-15032,4060,2608,-967,177,-104,-14968,-2392,5072,-495,172,-56,3
1343.3311100006104,10876,4668,10412,-156,-161,137,10036,-9588,8216,-12,169,-210,-14944,4032,2392,-984,122,-157,-15128,-2388,5160,-527,215,-78,3
1343.3671889305115,10972,4736,10412,-185,-172,152,10176,-9500,8048,50,146,-198,-14916,4020,2464,-1039,39,-109,-14984,-2372,5080,-489,191,-93,3
1343.4024069309235,10828,4764,10660,-176,-130,173,10076,-9552,8324,44,163,-137,-14956,4048,2448,-1035,35,-91,-14960,-2528,4880,-498,167,-82,0
1343.4378280639648,10872,4616,10688,-236,-124,183,10044,-9568,8348,-5,157,-151,-14928,4040,2688,-1024,115,-80,-15084,-2440,5332,-439,146,-46,0
1343.4732840061188,10840,4544,10652,-176,-89,162,10088,-9564,8276,-47,124,-162,-14984,4056,2520,-1008,133,-87,-15048,-2360,5276,-488,149,-102,0
1343.5093219280243,10804,4680,10600,-47,-114,156,10064,-9580,8196,-39,79,-194,-14964,4072,2720,-1042,146,-116,-14932,-2300,5136,-497,201,-105,0
1343.5445790290833,10856,4624,10448,-98,-142,128,10068,-9408,8096,-69,105,-213,-14980,4048,2508,-1053,120,-114,-15040,-2364,5160,-762,174,-130,0
1343.5802681446075,11204,4608,10572,-49,-94,103,10128,-9572,8248,-50,111,-240,-14972,3920,2500,-1041,94,-104,-15060,-2464,5116,-493,143,-181,0
1343.616224050522,10872,4604,10596,-64,-32,33,10180,-9240,7972,-15,191,-188,-15016,3908,2552,-1089,4,-100,-14996,-2500,5088,-473,151,-201,0
1343.6513769626617,10984,4716,10476,-79,12,25,10056,-9512,8256,3,209,-185,-14936,4044,2380,-1082,-26,-130,-14996,-2432,5148,-490,152,-207,0
1343.6871180534363,10856,4760,10636,-110,-10,55,10100,-9472,8220,-28,183,-154,-15000,3940,2648,-1042,-252,-76,-15036,-2528,5268,-488,126,-194,0
1343.7224099636078,10888,4732,10700,-108,-62,47,9936,-9520,8348,-81,189,-198,-14940,3964,2620,-1003,6,-54,-14956,-2384,5164,-505,145,-147,0
1343.7583451271055,10884,4656,10620,-49,-70,77,9980,-9492,8328,-89,149,-161,-14852,4096,2308,-1012,43,-66,-15072,-2484,5176,-537,74,-182,0
1343.7947969436646,10936,4712,10508,-101,-45,81,9960,-9544,8260,-8,127,-168,-14916,4056,2820,-1076,16,-251,-15008,-2328,5272,-558,105,-187,0
1343.828292131424,10552,4812,10460,-71,-30,129,9952,-9540,8356,-34,74,-116,-14904,3936,2532,-986,135,-35,-14980,-2408,5148,-537,110,-111,0
1343.861920118332,10828,4756,10660,12,-11,153,10080,-9568,8108,-116,63,-174,-14936,3908,2424,-943,170,-129,-15004,-2480,5260,-496,108,-99,0
1343.8950729370115,10768,4800,10256,-90,-107,138,10144,-9492,8152,-50,123,-159,-15020,4016,2472,-981,82,-93,-14988,-2532,5140,-490,83,-168,0
1343.928682088852,10596,4660,10588,-91,-97,122,10048,-9520,8364,-24,149,-126,-14896,4064,2812,-1061,93,-22,-15020,-2472,5104,-536,122,-139,0
1343.9622049331663,10872,4760,10584,-98,-45,111,9976,-9524,8188,-21,95,-161,-14884,3988,2664,-1042,98,-28,-14988,-2424,5184,-527,125,-129,0
1343.9954559803007,10864,4752,10432,-67,-50,94,10144,-9520,8324,-82,64,-174,-14992,4040,2544,-995,130,-67,-15068,-2360,5224,-506,91,-168,0
1344.0291590690613,10868,4620,10744,-86,-46,83,10124,-9592,8180,-13,97,-168,-14960,4120,2576,-984,73,-66,-14984,-2068,5128,-509,101,-189,0
1344.06285905838,10844,4584,10708,-69,-30,80,10000,-9552,8172,-26,121,-175,-14944,4092,2588,-1276,66,-47,-15032,-2316,5212,-510,87,-174,0
1344.0961771011353,10816,4708,10556,-95,-58,105,10108,-9600,7972,-21,127,-186,-14904,3844,2732,-1032,86,-55,-14996,-2344,5268,-521,106,-159,0
1344.1299130916595,10796,4788,10668,-82,-84,88,10040,-9664,8420,-37,124,-194,-14976,4000,2720,-1046,56,-78,-15076,-2444,5176,-763,95,-178,0
1344.1632931232452,10824,4688,10504,-83,-85,75,10016,-9316,8096,-27,139,-194,-14892,4032,2796,-1088,46,-127,-15064,-2388,5164,-527,160,-172,0
1344.1966030597687,10864,4780,10516,-70,-60,105,9768,-9464,7948,-13,94,-187,-15004,4040,2644,-1085,79,-94,-14728,-2504,5344,-517,145,-155,0
1344.2303159236908,10784,4824,10492,-48,-92,73,10096,-9220,8440,-31,111,-227,-14940,3956,2564,-1057,103,-83,-14992,-2548,5200,-525,177,-170,0
1344.2636001110077,10876,4688,10368,-70,-57,70,10120,-9436,8268,-45,147,-185,-15100,4004,2548,-1021,30,-48,-15028,-2500,5224,-499,127,-179,0
1344.2972190380096,10900,4876,10516,-91,-48,78,10232,-9468,8272,-11,158,-181,-14876,4168,2444,-1030,58,-68,-14944,-2524,5312,-503,138,-136,0
1344.3307399749756,10800,4852,10352,-131,-32,57,10140,-9232,8380,-21,140,-206,-14904,3924,2612,-1023,102,-86,-15008,-2528,5284,-487,133,-138,0
1344.3642840385435,10840,4804,10420,-132,-21,92,10132,-9516,7996,-27,139,-172,-14656,4064,2680,-1033,116,-32,-15008,-2496,5184,-486,125,-131,0
1344.3975179195404,10848,4756,10628,-121,-35,126,10112,-9508,8352,-32,107,-161,-14888,4036,2628,-1266,132,-50,-14872,-2396,5248,-521,138,-123,0
1344.4314179420471,10796,4620,10696,-111,-28,142,10112,-9640,8180,-37,68,-162,-14940,4040,2592,-1007,149,-40,-14924,-2476,5308,-764,137,-76,0
1344.4649500846863,10840,4832,10564,-130,-82,153,10060,-9520,7964,-28,82,-188,-14884,4204,2556,-997,167,-73,-14908,-2424,5360,-518,129,-112,0
1344.4985220432281,10856,4812,10636,-120,-74,131,10084,-9704,8192,-23,110,-150,-14824,4096,2724,-998,133,-87,-15016,-2488,5224,-510,140,-104,0
1344.532105922699,10868,4772,10552,-121,-74,132,10116,-9492,8236,-43,133,-167,-14904,4092,2584,-984,88,-77,-15008,-2460,5236,-495,140,-96,0
1344.565665960312,10784,4736,10632,-152,-87,112,10076,-9456,8060,-24,153,-166,-14656,4036,2344,-1009,105,-95,-15020,-2524,5236,-466,163,-113,0
1344.5991990566254,10840,4820,10448,-205,-66,91,10060,-9256,8188,-23,142,-192,-14976,4076,2332,-993,80,-74,-14964,-2508,5240,-455,190,-125,0
1344.6327991485596,10816,4744,10504,-221,-61,111,10116,-9584,8208,19,161,-199,-14952,4052,2812,-981,98,-107,-14980,-2768,5288,-478,179,-94,0
1344.6663529872894,10692,4684,10676,-244,-136,110,10068,-9604,8188,-15,118,-213,-14996,3960,2700,-980,105,-165,-15044,-2496,5288,-465,163,-91,0
1344.6995649337769,10736,4844,10624,-222,-148,101,10076,-9452,8156,-85,129,-217,-14952,4068,2684,-936,147,-163,-15000,-2540,5128,-467,138,-91,0
1344.733148097992,11004,4844,10584,-168,-127,86,10020,-9592,8308,-75,150,-240,-14948,3844,2668,-950,106,-85,-15012,-2472,5204,-494,151,-135,0
1344.7668869495392,10912,4724,10592,-238,-62,105,9984,-9508,8148,-23,152,-176,-15044,4008,2420,-1019,74,-90,-14976,-2424,5264,-494,156,-95,0
1344.8002359867096,10892,4808,10476,-187,-19,109,10140,-9460,8260,-35,143,-172,-14960,3992,2796,-962,143,-110,-14912,-2528,5288,-459,181,-98,0
1344.8359711170197,10780,4776,10500,-214,-58,73,10068,-9584,8044,-19,141,-236,-14884,4024,2672,-965,145,-107,-15044,-2340,5180,-480,251,-99,0
1344.8717150688171,10848,4784,10496,-249,-54,116,10112,-9564,8168,48,150,-207,-15004,4048,2664,-1048,100,-125,-15036,-2444,5124,-456,222,-72,0
1344.9072151184082,10880,4732,10572,-224,-50,133,10148,-9540,8164,-13,154,-178,-14984,3856,2628,-972,150,-76,-15040,-2412,5356,-475,129,-66,0
1344.94242310524,10872,5004,10628,-263,-83,111,10160,-9512,8228,-31,136,-180,-14852,3968,2656,-933,151,-96,-14960,-2420,5256,-464,157,-66,0
1344.9787781238556,10872,4712,10620,-219,-102,132,10104,-9508,7940,-48,153,-196,-14984,3988,2336,-945,103,-141,-14916,-2464,5224,-486,186,-89,0
1345.0140659809113,10836,4660,10432,-249,-123,135,10020,-9460,8068,39,126,-201,-14904,4084,2460,-992,137,-103,-14928,-2476,5248,-473,179,-88,0
1345.0546340942383,10780,4704,10704,-219,-78,154,10008,-9508,8228,-12,120,-208,-14908,4000,2616,-1018,140,-149,-15004,-2496,5140,-430,218,-55,0
1345.0906329154968,10896,4684,10588,-257,-111,127,10004,-9580,8300,21,156,-226,-15064,4288,2608,-972,107,-82,-15036,-2436,5192,-481,245,-88,0
1345.1270570755005,9436,4144,10560,-156,-50,156,10052,-9488,8408,-14,133,-220,-14976,4000,2428,-1000,109,-100,-15020,-2524,5284,-489,226,-73,0
1345.162297964096,10812,4724,10416,-231,-63,115,10032,-9692,8284,-3,122,-215,-14988,4024,2544,-951,117,-108,-15080,-2472,5228,-477,190,-80,0
1345.1982979774475,10828,4656,10528,-240,-17,135,10032,-9432,8392,-250,131,-180,-14868,4288,2608,-948,63,-89,-15004,-2396,5168,-455,234,-88,0
1345.233510017395,10800,4668,10592,-262,-15,125,10124,-9484,8300,12,137,-237,-15124,3952,2736,-946,19,-136,-15080,-2376,5200,-442,301,-50,0
1345.26868891716,10852,4688,10668,-235,22,126,10064,-9712,8368,20,152,-221,-14908,4092,2480,-953,41,-80,-15064,-2436,5144,-427,273,-65,0
1345.3038120269775,10920,4632,10636,-272,54,107,10120,-9544,8284,29,119,-220,-15012,3844,2584,-990,23,-131,-14956,-2316,5104,-452,250,-106,0
1345.339900016785,10776,4424,10552,-211,-7,101,10104,-9576,8404,62,125,-195,-14940,3920,2404,-1007,18,-126,-14960,-2440,5020,-425,256,-103,0
1345.3748850822449,10756,4840,10652,-243,-256,120,10056,-9480,8408,67,118,-210,-14984,4340,2340,-990,-243,-119,-15012,-2448,5112,-394,281,-92,0
1345.4104380607605,10836,4588,10592,-259,-250,160,10128,-9468,7996,45,135,-229,-14940,3964,2540,-940,43,-80,-15048,-2448,5144,-401,303,-100,0
1345.4458620548248,10972,4848,10540,-9,-21,129,10176,-9368,8200,13,147,-198,-14920,4048,2328,-994,-256,-97,-15056,-2300,5048,-463,252,-138,0
1345.4828090667725,10888,4632,10712,-259,-34,117,10080,-9552,8248,13,158,-192,-15012,4020,2684,-998,-16,-108,-15072,-2456,5104,-409,233,-146,0
1345.5164041519163,10784,4728,10640,-212,46,132,10036,-9392,8272,-27,157,-176,-14900,3884,2712,-969,30,-111,-15072,-2428,4876,-365,280,-121,0
1345.5500950813293,10896,4588,10548,-263,54,132,10176,-9716,8288,-6,157,-198,-15020,3864,2360,-904,-21,-101,-15312,-2544,4956,-354,342,-145,0
1345.5836429595947,10856,4560,10644,-349,110,157,10036,-9400,8008,54,204,-165,-14948,3976,2728,-913,-94,-59,-14860,-2396,4952,-337,317,-175,0
1345.6171669960022,10816,4672,10704,-416,160,186,10068,-9428,8224,65,202,-150,-14920,3988,2584,-959,-100,-51,-15092,-2380,5040,-388,293,-176,0
1345.6506481170654,10812,4692,10732,-429,151,132,10080,-9460,8340,48,184,-164,-14872,4056,2788,-912,-97,-57,-15036,-2384,5052,-294,350,-166,0
1345.6842031478882,10716,4604,11000,-422,144,202,9952,-9712,8276,25,161,-155,-14996,4060,2740,-834,-67,-80,-15072,-2384,4916,-206,497,-161,0
1345.7175509929657,10772,4568,10780,-478,142,244,10076,-9556,8388,87,165,-201,-15000,3968,2660,-1016,-124,-100,-14984,-2404,5104,-154,591,-172,0
1345.751184940338,10664,4560,10752,-647,-53,7,10000,-9452,8320,93,192,-225,-15044,4140,2788,-798,-137,-83,-14980,-2472,5020,-178,498,-167,0
1345.7845849990845,10752,4500,10724,-548,-199,216,9876,-9444,8204,73,210,-204,-14916,4068,2964,-794,-125,-109,-15192,-2468,5060,-222,424,-155,0
1345.8181490898132,10768,4492,10784,-526,-509,218,10096,-9228,8296,18,214,-217,-15036,4104,2656,-798,-94,-148,-15088,-2452,4976,-206,403,-169,0
1345.8516709804535,10760,4384,10676,-397,-278,155,10044,-9412,8212,39,207,-199,-14976,4324,2728,-862,-60,-74,-15116,-2300,4844,-310,333,-135,0
1345.884880065918,10744,4420,10760,-351,-300,157,10056,-9440,8368,31,200,-219,-14920,4116,2712,-865,-12,-138,-15128,-2452,4900,-321,348,-174,0
1345.9184110164642,10820,4416,10864,-358,-310,170,10064,-9240,8384,-6,177,-221,-14948,4072,2504,-864,40,-135,-15072,-2460,4860,-363,310,-180,0
1345.951889038086,10868,4448,10816,-287,-315,131,10096,-9312,8284,-22,200,-224,-14864,3988,2884,-922,78,-168,-15144,-2352,4644,-482,201,-156,0
1345.9854869842527,10844,4464,10824,-188,-3,71,10048,-9372,8436,-71,215,-181,-14940,4280,2664,-902,77,-132,-15072,-2548,4964,-400,173,-129,0
1346.019035100937,6688,3252,8836,-308,-324,103,10176,-9728,8316,241,199,-220,-14932,4088,2728,-914,77,-116,-15060,-2416,5084,-431,200,-140,0
1346.0526070594788,10852,4428,10548,-131,-357,83,10052,-9368,8412,-40,231,-184,-14888,4152,2648,-943,88,-63,-15360,-2316,5100,-763,59,-167,0
1346.0859360694883,10836,4388,10840,-101,-3,41,10096,-9552,8312,-108,204,-160,-14904,3992,2476,-1003,265,-92,-14976,-2408,5012,-590,-108,-139,0
1346.1193101406097,10888,4520,10692,152,-148,33,9940,-9344,8528,-203,116,-175,-14668,4340,2668,-917,220,-57,-15120,-2416,4916,-449,99,-97,0
1346.152585029602,10908,4372,10596,-82,-165,97,9984,-9512,8256,-95,154,-152,-14968,4040,2576,-987,140,-63,-15260,-2472,4908,-463,111,-105,0
1346.1861319541931,10916,4520,10572,-126,-177,84,10004,-9372,8360,-129,147,-131,-14868,4052,2704,-1269,200,-74,-15028,-2428,5024,-494,23,-98,0
1346.2193109989166,10904,4516,10720,-44,-126,66,10072,-9352,8296,-138,148,-154,-14888,3960,2644,-1000,207,-67,-15020,-2432,5024,-522,2,-139,0
1346.2529239654539,10912,4420,10640,-35,-160,76,10064,-9724,8344,-102,107,-170,-14980,4200,2936,-961,182,-45,-15044,-2256,4900,-469,37,-121,0
1346.286421060562,10940,4476,10676,-27,-89,97,10148,-9492,8244,-66,76,-190,-14960,4076,2676,-1269,99,-24,-15108,-2368,5036,-439,73,-153,0
1346.3197679519653,10828,4424,10596,-13,-58,115,10056,-9468,8264,-67,124,-145,-14856,4120,2720,-1005,91,-40,-15108,-2440,4968,-492,41,-154,0
1346.3534519672394,10820,4464,10748,19,248,60,9960,-9720,8236,-118,145,-151,-14872,3908,2780,-1028,113,-32,-15008,-2464,4956,-432,39,-109,0
1346.3867781162262,10884,4480,10848,-8,6,79,9996,-9512,8348,-86,99,-133,-14936,4124,2628,-1072,112,-47,-15048,-2404,4980,-477,59,-89,0
1346.4203100204468,10892,4532,10788,85,57,74,10116,-9484,8168,-101,94,-142,-14864,4000,2768,-1102,85,-87,-15004,-2428,4936,-429,93,-134,0
1346.4539020061493,10832,4472,10748,-39,-251,86,10096,-9456,7968,-25,106,-154,-14952,4012,2756,-1061,105,-52,-15044,-2388,4948,-766,83,-165,0
1346.487321138382,10840,4500,10816,-46,-48,72,10108,-9396,8232,-42,129,-208,-14856,3920,2980,-1068,90,-89,-15076,-2392,5028,-484,167,-159,0
1346.5234839916227,10740,4464,10556,-96,-45,79,9536,-9504,8320,-50,281,-205,-14928,4196,2760,-1040,145,-106,-15224,-2424,5080,-440,143,-102,0
1346.5587420463562,10812,4540,10656,-67,-72,90,10000,-9300,8240,-40,118,-196,-14964,4020,2788,-1070,121,-79,-15104,-2492,5264,-448,111,-109,0
1346.5944571495056,10940,4564,10680,-94,-81,104,9744,-9224,8260,-64,121,-171,-14696,4336,2652,-1037,140,-113,-15020,-2456,5064,-481,128,-110,0
1346.6300890445707,10800,4456,10564,-131,-87,102,9988,-9720,8360,-85,110,-181,-14856,4052,2848,-1040,142,-60,-15136,-2460,4896,-442,102,-85,0
1346.6655809879303,10880,4804,10812,-172,-44,131,10096,-9404,8276,-65,114,-184,-14916,4080,2664,-1028,175,-47,-15104,-2388,4940,-494,62,-59,0
1346.7020571231842,10896,4544,10612,-91,-99,99,10088,-9320,8300,-41,70,-167,-14928,4072,2616,-1036,135,-97,-15072,-2352,4908,-449,71,-61,0
1346.7377309799194,10840,4448,10688,-168,-112,95,10156,-9524,8296,-33,122,-194,-14940,4008,2780,-1050,175,-44,-15188,-2484,4888,-486,13,-93,0
1346.7732930183413,10812,4480,10740,-252,-252,102,10040,-9432,8228,-41,138,-218,-14984,4032,2660,-1048,178,-96,-15016,-2364,5096,-578,-8,-94,0
1346.8088779449463,10572,4520,10636,-149,-8,90,10036,-9548,8216,-118,129,-215,-14948,3860,2712,-961,199,-119,-15060,-2472,5300,-576,62,-63,0
1346.844094991684,10864,4560,10988,-126,-177,105,9824,-9508,8208,-108,133,-199,-14992,4132,2576,-977,161,-64,-15056,-2212,5104,-557,77,-72,0
1346.880103111267,10820,4432,10540,-158,-116,92,9976,-9440,8176,-62,138,-160,-14648,4172,3064,-1049,93,-105,-14964,-2376,5156,-535,104,-57,0
1346.9150369167328,10876,4672,10628,-184,-83,132,10024,-9444,8256,-55,145,-183,-14872,4096,2972,-1002,119,-127,-14992,-2396,4996,-522,81,-64,0
1346.9507341384888,10816,4552,10956,-182,-126,116,10024,-9532,8332,-69,160,-239,-14976,4284,2408,-996,185,-126,-15028,-2332,5200,-485,231,-56,3
1346.98615193367,10940,4508,10676,-217,-155,89,10044,-9532,8212,-256,131,-1,-14808,4124,2560,-772,155,-170,-15004,-2320,5104,-484,223,-85,3
1347.0224089622498,10852,4480,10604,-197,-131,117,10152,-9708,7956,34,191,-225,-14960,3856,2580,-988,62,-146,-15008,-2416,5136,-506,139,-111,3
1347.0575771331787,10960,4544,10556,-205,-109,125,10076,-9496,8368,13,129,-215,-14948,3996,2664,-969,121,-114,-15348,-2348,5084,-261,114,-100,3
1347.0932729244232,10952,4512,10512,-184,-183,122,10064,-9432,8140,-13,150,-203,-14932,4008,2636,-957,119,-119,-15116,-2472,5036,-574,171,-83,3
1347.1288650035858,10916,4536,10616,-176,-186,128,10068,-9512,8204,255,114,-216,-15040,4100,2720,-1004,144,-127,-14984,-2384,5056,-257,160,-113,3
1347.165815114975,10876,4548,10616,-191,-139,117,10076,-9496,8320,-256,92,-224,-15024,4052,2552,-1062,139,-77,-14960,-2356,4992,-262,167,-70,3
1347.1991319656372,10904,4540,10624,-179,-146,135,10176,-9228,8224,254,125,-178,-14920,4028,2684,-1048,111,-101,-15264,-2460,5092,-458,176,-68,3
1347.2327649593353,10968,4560,10684,-195,-107,129,10028,-9524,8284,3,144,-181,-14940,4072,2732,-1020,133,-120,-15004,-2396,5024,-453,139,-60,3
1347.2664480209353,10916,4516,10640,-147,-119,137,10036,-9528,8260,16,72,-175,-14936,4144,2472,-1005,146,-126,-15000,-2100,5116,-514,179,-54,3
1347.2998700141907,10912,4552,10600,-124,-171,168,9964,-9420,8312,4,77,-195,-14860,3856,2652,-1011,164,-92,-15060,-2380,4896,-504,161,-86,3
1347.3333539962769,10988,4516,10604,-133,-139,141,10184,-9436,8424,25,88,-183,-14892,3964,2748,-1017,178,-125,-15168,-2424,5088,-473,131,-66,0
1347.3671259880066,10896,4504,10656,-143,-141,141,10012,-9428,8228,8,103,-205,-14972,4112,2804,-1021,150,-135,-14856,-2316,5252,-518,128,-35,0
1347.4007380008698,10944,4576,10588,-108,-131,121,10132,-9428,8256,1,98,-194,-15088,4056,2668,-1067,141,-128,-14960,-2292,5100,-541,59,-86,0
1347.4344041347504,10956,4536,10656,-69,-145,67,10124,-9464,8140,12,152,-212,-15040,4044,2476,-1120,138,-141,-15072,-2224,5092,-676,-39,-113,0
1347.4676599502563,10964,4556,10628,94,-113,11,10004,-9472,8200,-55,140,-196,-14968,4072,2808,-1190,201,-83,-15116,-2304,5268,-759,-171,-89,0
1347.5011930465698,10964,4528,10588,138,-120,-43,10128,-9696,8072,-53,114,-189,-14928,4268,2628,-1210,272,-83,-15080,-2352,5116,-771,-174,-100,0
1347.5347509384155,10756,4576,10468,239,-112,-8,10068,-9604,8356,-73,73,-166,-14896,3984,2804,-1222,279,-66,-15084,-2384,5088,-758,-157,-113,0
1347.5683379173279,10964,4600,10680,136,-101,19,10068,-9492,8232,-34,100,-177,-14996,4120,2740,-1174,208,-116,-14984,-2476,5080,-642,-14,-144,0
1347.6018929481506,10868,4692,10672,17,-115,65,10024,-9360,8228,-68,156,-160,-14880,3956,2680,-1159,239,-63,-14992,-2408,5240,-608,-5,-100,0
1347.6353430747986,10940,4640,10436,37,-97,86,10068,-9480,8288,-150,121,-168,-14888,3988,2692,-1070,271,-16,-14936,-2368,5220,-590,-253,-110,0
1347.6689240932465,11060,4512,10552,-6,-95,63,10156,-9252,8296,-82,95,-181,-15096,4072,2464,-1083,204,-48,-15076,-2412,5200,-567,63,-130,0
1347.702537059784,10904,4360,10428,9,28,83,10176,-9408,8220,-25,141,-123,-14976,3972,2704,-1097,168,-54,-14984,-2444,5032,-543,83,-109,0
1347.7358729839325,10960,4740,10660,-64,42,78,10144,-9236,8236,-17,147,-133,-14948,3976,2560,-1051,155,-41,-14940,-2384,5044,-523,80,-114,0
1347.7692761421204,10984,4688,10516,-66,-251,93,10076,-9472,8356,-68,153,-160,-15096,3988,2484,-998,129,-78,-15044,-2332,5140,-515,120,-118,0
1347.8027989864347,10956,4676,10708,-79,-17,94,10128,-9416,8272,-77,145,-178,-15068,3988,2348,-1000,106,-39,-15068,-2276,5240,-531,117,-133,0
1347.8366501331327,10956,4400,10504,-72,-40,91,10180,-9440,8196,-65,144,-156,-14860,4028,2304,-1086,146,-15,-14968,-2432,5300,-262,163,-140,0
1347.8702750205994,10888,4640,10724,-114,-253,116,9924,-9540,8248,-21,154,-158,-14960,4020,2964,-1036,104,-42,-14956,-2396,4960,-488,104,-128,0
1347.9035229682922,10996,4624,10716,-131,-32,93,10108,-9504,8304,-17,149,-141,-14976,3884,2652,-988,67,-19,-15352,-2416,5264,-482,83,-132,0
1347.952435016632,10968,4708,10796,-129,248,99,10020,-9316,8180,-70,137,-159,-14964,3868,2640,-1049,83,-27,-14888,-2312,5140,-507,77,-142,0
1347.9968960285187,10932,4656,10368,-72,-46,106,10024,-9480,8216,-49,143,-139,-14992,4044,2804,-1016,93,-51,-15004,-2328,5236,-540,111,-105,0
1348.0329229831696,10932,4540,10544,-88,-73,93,10056,-9480,8176,-55,92,-182,-14916,3940,2564,-1014,95,-60,-14908,-2392,5136,-538,120,-153,0
1348.066640138626,10916,4684,10548,-77,-63,89,10044,-9428,8440,-66,94,-230,-14896,4028,2772,-1009,46,-94,-15060,-2452,5072,-263,139,-123,0
1348.1001620292664,10916,4784,10532,-64,-93,77,9628,-9600,8200,-30,219,-177,-15100,4324,2684,-985,46,-95,-14860,-2328,5288,-514,116,-154,0
1348.1335279941559,10976,4692,10592,-45,-63,70,10036,-9468,8272,-58,145,-140,-15028,4060,2604,-1053,66,-76,-14924,-2364,5236,-544,95,-172,0
1348.1671500205994,10968,4664,10536,-75,-11,51,10212,-9472,8312,-28,126,-191,-14968,3868,2744,-1041,99,-30,-14976,-2384,5164,-513,101,-142,0
1348.2035000324247,10960,4736,10612,-46,-256,89,9992,-9416,8200,-50,94,-169,-14948,4092,2660,-1065,95,-70,-15100,-2328,5176,-543,75,-167,0
1348.2391560077667,10924,4640,10308,-29,-31,81,10128,-9480,8192,-59,107,-148,-14948,4060,2664,-1091,57,-14,-15020,-2380,5236,-526,94,-145,0
1348.2742850780487,10772,4740,10532,-91,-32,107,10036,-9420,8216,-41,125,-144,-14872,4088,2812,-1081,64,-37,-14988,-2376,5212,-535,93,-154,0
1348.3105149269104,10964,4748,10624,-65,-3,124,10076,-9460,8292,-103,75,-143,-14960,3996,2500,-1051,99,237,-15056,-2364,5296,-549,83,-136,0
1348.3459270000458,10828,4632,10740,-100,-70,108,10088,-9480,8248,-52,106,-175,-14884,4024,2556,-1078,102,-25,-15012,-2392,5316,-522,118,-168,0
1348.3812589645386,10776,4656,10532,-68,-252,99,9752,-9492,8260,-20,100,-148,-14940,4016,2520,-1037,77,-29,-14912,-2440,5224,-573,108,-148,0
1348.4172289371493,10824,4740,10608,-46,-16,100,10016,-9592,8288,-22,97,-129,-14648,3992,2600,-1035,98,-37,-15064,-2328,5232,-541,61,-150,0
1348.452621936798,10772,4720,10712,-70,-45,91,10068,-9640,8024,-93,127,-141,-14988,4032,2604,-953,82,-95,-14932,-2504,5300,-554,80,-139,0
1348.4885931015015,10548,4744,10744,-35,-92,112,10040,-9448,8260,-87,128,-164,-14916,4168,2564,-994,86,-45,-14968,-2484,5200,-522,142,-134,0
1348.523374080658,10864,4708,10424,-83,-93,144,10096,-9504,8244,-69,83,-174,-14940,4036,2620,-983,146,-87,-14956,-2436,4960,-536,142,-140,0
1348.5593800544739,10788,4724,10724,-41,-34,102,10136,-9520,8152,-19,80,-188,-15136,3904,2700,-1092,126,-87,-15020,-2496,5248,-535,138,-144,0
1348.5945510864258,10852,4716,10564,-132,-69,112,10020,-9476,8148,-20,125,-175,-14960,4064,2664,-988,93,-16,-15080,-2360,5208,-536,128,-167,0
1348.6303520202637,10856,4776,10644,-73,255,106,10076,-9532,8368,-30,99,-181,-14944,4132,2552,-988,112,-81,-15100,-2376,5368,-511,126,-132,0
1348.6653649806976,10808,4608,10520,-92,-69,82,10112,-9552,8232,-19,87,-174,-14928,4060,2860,-1025,111,-63,-15004,-2468,5184,-514,148,-159,0
1348.7018649578094,10852,4616,10312,-92,-78,98,10112,-9724,8088,-44,122,-211,-14928,3860,2432,-1034,101,-53,-14996,-2496,5284,-498,142,-109,0
1348.7380850315094,10864,4704,10440,-143,-67,124,9972,-9460,8244,-30,135,-214,-14916,4028,2728,-990,93,-82,-15060,-2412,5320,-476,132,-133,0
1348.772989988327,10832,4700,10492,-177,-75,112,10064,-9460,8220,8,156,-183,-14892,4076,2600,-1013,114,-36,-14956,-2448,5200,-435,147,-125,0
1348.8087430000303,10816,4888,10588,-194,-36,103,10124,-9540,8160,11,116,-183,-14668,3992,2560,-1030,104,-116,-15032,-2408,5232,-470,168,-122,0
1348.8458290100098,10832,4784,10528,-235,-40,112,10116,-9596,8260,19,146,-188,-14948,4092,2740,-1024,118,-112,-15032,-2516,5268,-484,156,-95,0
1348.8794119358063,10920,4732,10708,-228,-114,120,10064,-9588,8268,-20,138,-190,-14932,4064,2656,-1003,134,-96,-14928,-2380,5124,-469,181,-89,0
1348.9129719734192,10804,4748,10560,-184,-180,136,10176,-9460,8248,-72,158,-227,-14964,4100,2704,-987,116,-95,-15000,-2400,5344,-485,222,-81,0
1348.9466609954834,10848,4760,10808,-218,-174,118,10056,-9452,8228,-67,158,-220,-14924,4172,2636,-973,105,-126,-15048,-2504,5312,-493,207,-96,0
1348.9801981449127,10916,4756,10648,-218,-132,127,10108,-9532,8200,-53,161,-187,-14904,4044,2788,-990,86,-135,-14984,-2432,5316,-473,157,-52,0
1349.013862133026,10524,4616,10652,-338,-80,105,10060,-9572,8108,12,146,-184,-14936,3864,2360,-973,133,-132,-14988,-2476,5232,-462,182,-53,0
1349.0473890304565,10844,4844,10632,-266,-59,119,10044,-9440,8272,-256,149,-202,-15032,3952,2576,-954,170,-116,-14928,-2484,5144,-448,213,-69,0
1349.0810301303864,10776,4756,10664,-289,-146,125,10084,-9532,8252,-50,159,-235,-14900,4340,2632,-967,145,-135,-15016,-2452,5192,-449,265,-74,0
1349.1145660877228,10832,4740,10316,-303,-134,109,10112,-9412,7944,40,128,-223,-15016,4088,2604,-974,107,-150,-14920,-2444,5068,-427,5,-50,0
1349.1477990150452,10864,4668,10520,-271,-121,139,10024,-9456,8212,29,148,-230,-14968,3984,2616,-996,109,-153,-15088,-2348,5260,-466,183,-94,0
1349.1813480854034,10928,4752,10596,-506,-64,100,10096,-9464,8312,-10,140,-207,-15064,3992,2508,-958,94,-115,-15080,-2396,5316,-474,144,-105,0
1349.2148129940033,10836,4660,10648,-240,-87,130,10044,-9524,8304,-3,164,-181,-14984,3884,2668,-969,107,-92,-14904,-2360,5200,-437,161,-81,0
1349.2484340667725,10860,4712,10532,-238,-96,160,10064,-9404,8272,20,132,-186,-14936,4108,2560,-1010,154,-116,-14996,-2340,5076,-427,170,-91,0
1349.2816140651703,10816,4704,10284,-258,-124,159,10120,-9284,8444,39,87,-208,-14848,4088,2660,-1015,163,-153,-14968,-2360,5220,-477,165,-60,0
1349.315325975418,10768,4664,10540,-212,-134,155,10016,-9416,7980,10,93,-208,-15000,3972,2448,-1007,120,-124,-15032,-2496,5128,-482,191,-92,0
1349.3489351272583,10872,4788,10616,-211,-127,120,10336,-9476,8228,-6,72,-201,-14956,4268,2604,-992,143,-135,-14932,-2352,5204,-479,175,-94,0
1349.382555961609,10828,4664,10600,-184,-93,149,10036,-9436,8272,-11,100,-204,-14988,4064,2424,-1030,137,-103,-15284,-2364,5196,-469,204,-93,0
1349.4163789749146,10872,4660,10664,-180,-149,136,10072,-9392,8196,26,95,-211,-14884,3984,2608,-991,117,-71,-14960,-2408,5172,-504,168,-85,0
1349.44974899292,10856,4724,10608,-207,-123,144,10112,-9460,8288,-4,81,-201,-15048,3968,2336,-978,138,-103,-15000,-2484,5344,-450,168,-88,0
1349.4832091331482,10820,4572,10672,-186,-127,121,10152,-9508,8392,-28,100,-218,-14968,4088,2524,-971,138,-153,-15008,-2416,5316,-475,180,-99,0
1349.5167241096497,10944,4648,10396,-181,-150,133,10096,-9572,8128,-27,129,-207,-15008,3972,2596,-966,125,-135,-15104,-2396,5272,-496,190,-86,0
1349.5504159927368,10844,4660,10520,-188,-136,140,10092,-9472,8340,-30,134,-189,-14996,4040,2548,-1013,112,-107,-14868,-2432,5220,-488,199,-110,0
1349.5839540958405,10912,4364,10484,-143,-127,116,10036,-9456,8272,-15,103,-213,-14900,4080,2756,-996,127,-90,-15120,-2388,5368,-509,201,-98,0
1349.6173870563507,10864,4644,10480,-158,-125,126,10092,-9440,8336,-7,123,-224,-15008,3988,2608,-1062,96,-116,-15012,-2392,4904,-510,206,-123,0
1349.6511650085447,10844,4460,10744,-137,-154,124,10144,-9372,8288,-47,130,-223,-14976,3876,2476,-985,94,-142,-14956,-2392,5164,-458,217,-129,0
1349.684737920761,10828,4644,10628,-111,-110,90,10188,-9420,8240,-97,146,-182,-14920,3996,2624,-995,98,-106,-15092,-2376,5072,-482,132,-122,0
1349.71834897995,10996,4648,10424,-110,-64,83,10224,-9500,8164,-90,117,-173,-14988,4016,2544,-1028,65,-36,-15056,-2320,5112,-494,115,-145,0
1349.7518479824066,10848,4596,10588,-150,-73,88,10176,-9512,8224,-43,165,-145,-14964,3972,2656,-1067,57,-14,-15024,-2372,5148,-467,159,-154,0
1349.7853679656985,10840,4696,10572,-101,-9,80,10152,-9304,8228,-62,124,-165,-14956,4072,2548,-1011,104,-62,-14912,-2380,5144,-485,136,-138,0
1349.818719148636,10900,4668,10536,-87,-69,74,10212,-9608,8240,-95,70,-247,-15052,3996,2656,-972,76,-74,-14992,-2320,5252,-494,164,-152,0
1349.8522861003876,10908,4580,10632,-129,-14,107,10060,-9500,8192,-48,123,-148,-14908,4044,2644,-1049,56,-72,-15048,-2368,5172,-478,135,-143,0
1349.8891999721527,10880,4656,10628,-57,-5,87,10128,-9240,8272,-81,147,-121,-14956,4088,2520,-1022,71,-15,-14964,-2384,5328,-455,91,-153,0
1349.9244389533997,10936,4772,10604,-103,30,100,10100,-9532,8244,-65,118,-152,-15000,4072,2492,-1015,108,-33,-15112,-2452,5168,-475,87,-131,0
1349.9606800079346,10852,4648,10604,-84,-37,122,10064,-9496,8280,-88,153,-128,-14976,4092,2744,-1001,68,-69,-15044,-2272,5144,-508,121,-169,0
1349.9955639839172,10948,4708,10492,-98,-77,108,10032,-9244,8216,-41,143,-178,-14960,3944,2528,-1011,107,-93,-15004,-2276,5236,-480,163,-194,0
1350.0311341285706,10860,4760,10560,-72,-94,92,10216,-9496,8300,-34,116,-188,-15088,4096,2540,-1027,83,-65,-15100,-2316,5192,-470,181,-119,0
1350.0690231323242,10740,4652,10580,-74,-104,93,10044,-9516,8236,-68,120,-178,-14972,3968,2752,-976,95,-74,-15044,-2432,5256,-489,166,-153,0
1350.1047780513763,10920,4688,10540,-98,-68,83,10096,-9256,8136,-38,135,-177,-14976,4076,2692,-1041,56,-97,-14944,-2392,5168,-488,150,-150,0
1350.1407899856567,10876,4768,10572,-80,-91,81,10068,-9472,8320,-51,151,-163,-14972,3844,2680,-1065,69,-49,-15088,-2476,5200,-490,172,-161,0
1350.1770660877228,10800,4744,10600,-97,-55,82,10108,-9480,8296,-20,127,-197,-15052,3956,2348,-1075,40,-17,-15084,-2448,5244,-501,116,-154,0
1350.2123551368713,10820,4748,10396,-65,-55,90,10252,-9488,7644,-98,202,-218,-14784,4004,2516,-784,104,-62,-15152,-2480,4972,-489,118,-151,0
1350.247610092163,10940,4680,10548,-102,-71,92,10108,-9252,8072,-53,163,-190,-14960,4032,2660,-1031,39,-46,-14892,-2404,5180,-529,163,-147,0
1350.2834630012512,10788,4724,10468,-106,-28,105,10180,-9448,8288,-18,154,-156,-14892,4016,2520,-1012,83,-56,-14976,-2512,5224,-478,158,-145,0
1350.3192210197449,10752,4768,10436,-54,-256,115,10044,-9704,8248,-51,124,-177,-14956,4068,2476,-965,110,-69,-15032,-2388,5252,-498,131,-155,0
1350.3550910949707,11256,4708,10932,-96,-103,101,10116,-9548,8068,-61,112,-181,-15028,4108,2776,-1034,84,-78,-14868,-2368,5264,-465,119,-169,0
1350.3908789157867,10932,4696,10568,-69,-47,116,10012,-9476,8440,-32,116,-149,-14980,4032,2732,-1056,88,-57,-15052,-2516,5196,-494,115,-149,0
1350.4261710643768,10948,4668,10500,-56,-28,111,10128,-9388,8128,-41,108,-141,-14904,3956,2832,-1083,56,-13,-14924,-2448,5260,-499,112,-157,0
1350.4623639583588,10752,4768,10408,-65,-5,100,10164,-9472,8196,-80,132,-129,-14996,4044,2444,-1062,55,-38,-14972,-2384,5088,-486,115,-133,0
1350.497766971588,10576,5024,10608,-116,-67,111,10636,-9680,8108,-21,255,-179,-14824,3920,2576,-1127,112,-49,-14984,-2424,5280,-487,147,-149,0
1350.5339810848236,10780,4752,10516,-109,-63,82,10076,-9524,8196,-26,87,-186,-14940,4308,2664,-1018,102,-58,-14960,-2480,5232,-480,168,-125,0
1350.5675220489502,10860,4680,10640,-91,-55,89,10112,-9564,8076,-26,131,-202,-15104,3980,2716,-1266,103,-99,-15036,-2388,5104,-487,181,-151,0
1350.6010270118713,10816,4788,10640,-120,-107,110,10048,-9528,8220,-53,129,-201,-14888,4132,2592,-1016,36,-74,-14980,-2396,5268,-486,165,-161,0
1350.6343290805817,10916,4752,10508,-114,-108,91,10116,-9520,8216,-25,154,-178,-15020,4132,2696,-1034,70,-70,-15076,-2352,5288,-517,144,-157,0
1350.6679830551147,10804,4804,10316,-103,-61,95,10916,-9540,8636,-5,-224,-222,-14900,3904,2712,-1114,116,-79,-15000,-2460,5348,-530,167,-145,0
1350.701374053955,10944,4780,10300,-94,-58,91,10056,-9236,8256,-20,192,-184,-15084,4048,2728,-1013,65,-94,-14944,-2432,5180,-492,182,-137,0
1350.7349729537964,10808,4700,10240,-137,-70,79,10076,-9592,7936,-40,171,-185,-14976,4016,2728,-979,82,-102,-15056,-2516,4932,-484,159,-135,0
1350.7685790061953,10884,4848,10644,-140,-67,103,10064,-9448,8208,-8,126,-181,-14900,4108,2736,-985,134,-76,-14908,-2492,5324,-481,162,-129,0
1350.8018281459808,10844,4824,10696,-176,-54,111,10040,-9528,8076,3,148,-174,-14944,4036,2592,-963,96,-44,-15028,-2468,5264,-466,130,-110,0
1350.8355150222778,10820,4800,10688,-186,-50,115,10160,-9572,8148,7,168,-179,-14652,3968,2644,-981,118,-75,-15004,-2488,5352,-453,149,-80,0
1350.8691580295563,10800,4784,10584,-196,-64,109,9800,-9632,8428,-11,139,-162,-14968,4140,2788,-962,156,-118,-15000,-2408,5240,-497,190,-38,0
1350.9023230075836,10860,4804,10348,-202,-103,151,9768,-9616,8208,-59,134,-202,-15028,4116,2676,-897,133,-113,-15028,-2460,5128,-459,200,-52,0
1350.9357781410215,10916,4612,10612,-186,-133,150,10068,-9492,8184,-60,106,-197,-14824,4024,2568,-944,135,-84,-14992,-2456,5188,-471,168,-68,0
1350.96946310997,10852,4748,10656,-225,-94,129,10156,-9528,8292,-31,166,-178,-14976,4312,2592,-933,158,-68,-14984,-2384,5224,-465,144,-61,0
1351.0028369426727,10964,4740,10260,-257,-50,117,10132,-9588,8224,-13,165,-190,-14856,4024,2568,-982,125,-110,-14984,-2440,5284,-467,170,-66,0
1351.0362451076508,10800,4700,10600,-4,-90,113,10124,-9524,8248,-11,221,-200,-14976,4072,2728,-1006,115,-171,-15012,-2356,5264,-454,196,-62,0
1351.0700979232788,10928,4692,10672,-228,-156,117,10164,-9592,8444,-27,206,-213,-14884,4012,2732,-1003,121,-150,-14984,-2384,5208,-473,175,-88,0
1351.1035389900208,10768,4740,10520,-233,-153,101,10164,-9480,8340,-10,184,-224,-14908,4044,2592,-996,97,-125,-15016,-2424,5124,-475,218,-112,0
1351.13716006279,10808,4792,10540,-226,-130,130,10112,-9552,8100,-9,163,-227,-14944,4004,2604,-1269,81,-103,-15004,-2540,5184,-475,231,-85,0
1351.1707890033722,10960,4644,10716,-222,-192,116,10048,-9520,8200,-2,192,-229,-14968,3976,2708,-1000,98,-155,-15036,-2464,5208,-453,247,-76,0
1351.2042109966278,10792,4708,10540,-222,-231,103,10092,-9508,7984,6,252,-230,-14956,3968,2596,-993,49,-144,-14964,-2404,5212,-428,205,-88,0
1351.2377610206604,10940,4812,10544,-215,-168,86,10228,-9240,8180,2,232,-191,-14996,4324,2784,-1074,51,-120,-15036,-2328,5084,-445,182,-103,0
1351.2713620662687,10840,4808,10240,-305,-150,128,10052,-9516,8276,85,193,-164,-14920,4000,2736,-1074,46,-70,-15080,-2456,5192,-449,191,-102,0
1351.304575920105,10852,4820,10608,-206,-67,130,9996,-9448,8444,24,177,-191,-14948,3932,2708,-1015,112,-117,-14960,-2400,5200,-444,210,-98,0
1351.338091135025,10924,4660,10500,-6,-122,123,10088,-9684,8436,36,144,-211,-14952,4048,2736,-1009,136,-153,-15044,-2240,5228,-434,231,-77,0
1351.3717739582062,10932,4660,10548,-327,-144,176,10104,-9488,8276,81,160,-200,-15020,4064,2720,-1087,64,-162,-15120,-2364,5044,-466,216,-132,0
1351.4051661491394,10912,4640,10608,-316,-118,136,10140,-9492,8180,71,215,-131,-14928,4088,2712,-1032,22,-48,-15072,-2444,5284,-466,108,-136,0
1351.4388251304629,10904,4788,10376,-340,-64,109,10200,-9512,8212,19,195,-158,-14880,3984,2608,-1017,79,-53,-14980,-2388,5260,-475,126,-102,0
1351.4724090099335,10828,4756,10552,-261,-108,129,10028,-9496,8260,-16,153,-180,-14928,4124,2740,-1059,78,-50,-15076,-2352,5188,-489,148,-101,0
1351.5058851242065,10924,4840,10696,-256,-130,155,10000,-9484,7984,-7,75,-189,-15084,4048,2656,-1077,95,-138,-14968,-2544,5236,-457,147,-121,0
1351.5393691062927,10876,4636,10280,-197,-97,142,10064,-9544,8156,-55,81,-198,-14996,3976,2648,-1055,111,-71,-15092,-2392,5096,-451,183,-72,0
1351.5779941082,10928,4592,10468,-172,-74,101,10084,-9528,8216,-50,108,-202,-15000,4032,2792,-1003,106,-110,-14972,-2452,5160,-409,165,-94,0
1351.6134200096133,10820,4716,10308,-154,8,124,10100,-9480,8256,-115,87,-183,-14904,4076,2676,-975,153,-127,-14984,-2340,5016,-375,149,-71,0
1351.649162054062,10896,4608,10536,-140,45,100,10044,-9460,8312,-75,62,-160,-14952,3920,2688,-991,156,-82,-15068,-2424,5104,-410,152,-79,0
1351.6842279434204,10948,4668,10536,-183,29,108,10020,-9380,8268,-68,51,-158,-14988,3916,2636,-948,163,-105,-15060,-2388,5200,-354,149,-95,0
1351.719983100891,10936,4684,10604,-202,37,127,10124,-9444,8204,17,111,-178,-14948,3948,2668,-964,180,-90,-15004,-2344,5268,-341,183,-67,0
1351.7549891471863,10872,4700,10664,-287,31,152,10116,-9484,8444,-33,129,-146,-15000,3840,2640,-963,163,-135,-15000,-2092,5116,-313,242,-42,0
1351.791759967804,10948,4592,10736,-287,41,113,10120,-9460,8424,93,144,-190,-15304,4076,2596,-1018,155,-58,-15356,-2076,5260,-274,105,-98,0
1351.827178955078,10764,4628,10436,-185,76,106,10232,-9516,8252,59,146,-137,-14920,3952,2800,-1050,176,-58,-15040,-2316,5140,-257,78,-78,0
1351.8623399734495,10792,4648,10924,-134,79,113,10224,-9668,8248,-36,109,-162,-15036,4012,2576,-1084,170,-103,-15256,-2060,5072,-196,183,-44,0
1351.8980741500854,10876,4588,10720,-167,52,118,10128,-9416,8272,-31,109,-159,-14904,3996,2768,-1056,129,-69,-15312,-2304,5328,-279,192,-118,0
1351.933349132538,10916,4640,10644,-151,-70,142,10200,-9448,8216,-253,142,-173,-15012,4016,2708,-1136,0,-55,-15184,-2248,5364,-383,142,-152,0
1351.9693360328674,10872,4668,10868,-199,-86,120,10048,-9472,8216,-10,151,-137,-14956,3900,2564,-1124,58,-48,-15024,-2348,5112,-262,155,-98,0
1352.0043740272522,10860,4604,10608,-130,248,82,10068,-9524,8128,-13,156,-185,-15040,3872,2636,-1147,36,-73,-14956,-2340,5120,-287,146,-139,0
1352.0400919914246,10880,4520,10484,-153,-34,74,10140,-9424,8240,45,145,-217,-14916,3972,2604,-1148,46,-68,-15092,-2176,5164,-327,180,-144,0
1352.0750539302826,10796,4784,10620,-193,-81,71,10140,-9452,8124,-9,230,-254,-14968,3936,2684,-941,93,213,-15220,-2184,5732,-318,449,-149,0
1352.1108000278473,10616,4592,10868,-287,60,144,10076,-9448,8236,194,43,-141,-14984,4100,2348,-1251,-3,247,-15072,-2152,5380,-378,-47,-190,0
1352.1471030712128,10816,4616,10836,29,-83,107,10120,-9552,8180,123,154,-165,-14928,3992,2608,-1180,54,-13,-15020,-2392,5152,-692,6,-134,0
1352.1822459697723,10976,4700,10292,-97,35,83,10036,-9400,8424,-38,90,-160,-14972,4008,2916,-1123,149,-98,-14992,-2064,5304,-437,92,-112,0
1352.2176740169523,10752,4736,10668,-63,66,125,9992,-9368,8224,129,88,-178,-14896,4076,2752,-1221,176,-130,-14880,-2268,5164,-248,227,-106,0
1352.2511479854584,10780,4700,10528,-140,97,99,9992,-9416,8344,71,128,-229,-14868,4004,2756,-1233,3,-45,-15012,-2264,5068,-279,171,-75,0
1352.284716129303,10996,4760,10692,-221,84,111,10012,-9408,8104,17,144,-224,-14928,4048,2864,-1202,257,-27,-14928,-2312,5276,-299,180,-100,0
1352.318323135376,10804,4640,10792,-222,96,106,10076,-9472,8164,95,187,-206,-14980,4020,2468,-1242,156,-61,-15124,-2104,5224,-491,275,-96,0
1352.3518569469452,10580,4684,10732,-213,-57,128,10200,-9364,8208,57,183,-202,-14884,4000,2856,-1223,74,-73,-15068,-2500,5228,-193,341,-85,0
1352.3854420185087,10684,4616,10628,-225,80,144,10004,-9516,8272,52,164,-176,-14912,4296,3056,-1209,77,-134,-14956,-2212,5092,-245,382,-83,0
1352.4187729358673,10752,4660,10724,-236,89,132,10060,-9420,8344,64,180,-209,-14976,3920,2648,-1187,65,-94,-14988,-2528,5312,-233,379,-88,0
1352.4522831439972,10792,4628,10832,-262,69,154,9956,-9460,8388,14,173,-198,-14824,3936,2800,-1164,51,-74,-15300,-2272,5112,-229,432,-90,0
1352.4859189987185,10688,4632,10856,-306,75,168,10092,-9432,8276,24,180,-181,-14908,3900,2860,-1216,35,-141,-15312,-2248,5012,-115,562,-92,0
1352.519387960434,10740,4512,10820,-350,244,171,10200,-9716,8284,104,196,-202,-15024,3840,2620,-1226,36,-182,-15276,-2188,4872,-77,649,-96,0
1352.5529420375824,10816,4544,10760,-341,23,150,10032,-9380,8248,25,189,-233,-14856,3992,2648,-1081,156,-109,-15092,-2268,5364,-273,534,-116,0
1352.5859949588776,10676,4656,10912,-326,-252,128,10136,-9336,8336,-253,196,-201,-14904,3972,3020,-1023,86,-114,-15164,-2292,5044,-221,543,-111,0
1352.6198000907898,10728,4476,10912,-335,51,123,10128,-9220,8320,-12,193,-205,-14976,4000,2800,-982,80,-122,-15272,-2240,4796,-179,826,-127,0
1352.6531710624695,10612,4516,10952,-449,261,188,10040,-9400,8288,95,170,-173,-15016,3916,2816,-976,-48,-205,-15348,-2252,4544,250,1424,-100,0
1352.686923980713,10636,4568,10804,-617,769,239,10116,-9376,8332,57,-376,-20,-15372,4008,2916,-908,9,-236,-15076,-2168,4992,140,1425,-148,0
1352.720405101776,10568,4508,10920,-601,777,173,9912,-9356,8284,147,334,-215,-14920,3908,2784,-1028,22,-174,-15124,-2172,5152,-666,639,-196,0
1352.7539129257202,10496,4512,10764,-207,163,69,9736,-9376,8376,4,191,-172,-14888,4044,2788,-1200,141,-93,-15160,-2120,4676,-844,269,-147,0
1352.7874350547793,10296,4500,10888,-66,137,81,10032,-9336,8444,-256,165,-196,-14956,3884,2800,-1190,112,-100,-15184,-2164,4408,-329,566,-113,0
1352.8208241462708,10648,4480,11000,-374,425,185,10220,-9240,8328,27,226,-213,-14968,3956,2816,-1052,52,-87,-15356,-2288,4676,-74,796,-199,0
1352.8543610572815,10552,4496,11204,-440,715,193,10224,-9724,8404,53,278,-188,-14992,4032,2604,-978,-69,-138,-15288,-2240,4736,252,861,-200,0
1352.887666940689,10400,4464,10984,-575,1007,226,10064,-9400,8308,119,257,-167,-14980,3904,2624,-976,-113,-79,-15120,-2036,4604,-75,937,-200,0
1352.9211149215698,10312,4268,11132,-665,1064,280,10016,-9364,8372,131,229,-192,-14876,3928,2820,-1108,-39,-100,-15132,-2116,4672,-333,726,-216,0
1352.95477104187,10240,4360,11108,-598,949,238,10056,-9404,8380,94,184,-171,-14876,3924,2784,-1127,-3,-125,-15240,-2072,5096,-358,522,-196,0
1352.9883871078491,10140,4316,11072,-556,660,214,9764,-9268,8600,82,234,-216,-14992,3876,2812,-1066,59,-179,-15168,-2284,4568,-349,407,-161,0
1353.0219919681547,10464,4404,11168,-505,282,182,9784,-9372,8616,25,279,-215,-14976,3952,2716,-1020,106,-193,-15280,-2200,4492,-394,458,-119,0
1353.0555250644684,10492,4204,11348,-501,208,163,9912,-9308,8456,-40,237,-199,-14964,3876,2908,-952,129,-177,-15300,-2188,4376,-172,641,-108,0
1353.089203119278,10192,4256,11224,-574,224,183,10000,-9336,8296,-34,311,-215,-14872,4004,2840,-850,118,-138,-15216,-2268,4760,-357,494,-100,0
1353.1226861476898,10100,4320,11336,-434,-23,137,9740,-9308,8320,-76,280,-191,-14832,3924,2756,-780,152,-159,-15308,-2044,4484,-493,219,-81,0
1353.1559059619904,10176,4208,11292,-381,-17,105,9896,-9468,8512,-36,319,-230,-14956,3936,2964,-860,142,-213,-15260,-2172,4480,-429,362,-100,0
1353.18950009346,10244,4040,11476,-345,-345,86,10104,-9332,8504,-256,310,-238,-14980,3860,2764,-890,65,-166,-15344,-2168,4500,-568,-9,-90,0
1353.22300696373,10392,4288,11304,-203,-229,97,10192,-9376,8508,-32,249,-206,-14972,3880,2608,-856,133,-182,-15228,-2164,4256,-497,349,-71,0
1353.2607779502869,10316,4296,11376,-334,-174,112,10060,-9348,8472,16,275,-234,-14852,3616,2636,-947,79,-137,-15240,-2292,4524,-602,269,-81,0
1353.2960469722748,10268,4332,11376,-214,-211,128,10040,-9280,8556,-31,277,-210,-14936,3616,2652,-912,99,-131,-15228,-2312,4540,-633,131,-99,0
1353.3317921161652,10236,4172,11268,-159,-173,118,9908,-9248,8548,-40,309,-173,-14992,4080,3296,-881,69,-142,-15356,-2224,4244,-525,149,-99,0
1353.36812210083,10272,4200,11264,-8,-117,116,10032,-9388,8572,11,410,-137,-15000,3588,2820,-997,-1,-67,-15272,-2140,4536,-584,112,-80,0
1353.4033889770508,10228,4268,11504,-219,-240,83,9980,-9284,8392,-36,255,-186,-15072,3808,2732,-961,44,-80,-15312,-2280,4480,-594,87,-102,0
1353.4389009475708,10288,4172,11196,-152,-129,85,9892,-9420,8584,-60,175,-172,-14996,3640,2604,-815,91,-99,-15308,-2064,4132,-262,250,-103,0
1353.4740540981293,10380,4280,11204,-217,-182,87,10012,-9300,8544,-41,130,-211,-14876,3904,2672,-851,2,-153,-15232,-2096,4416,-498,356,-77,0
1353.5098531246183,10156,4176,11464,-160,-282,119,9868,-9260,8452,-20,118,-196,-15044,3908,2796,-907,29,-119,-15176,-2204,4384,-624,204,-77,0
1353.5449030399325,10020,4200,11268,-154,-316,135,9876,-9296,8492,-105,131,-144,-14976,3952,2880,-813,62,-105,-15320,-2140,4508,-522,296,-57,0
1353.5801899433136,10272,4236,11120,-168,-354,106,9956,-9312,8508,-106,90,-150,-14904,3960,2588,-827,71,-110,-15172,-2328,4476,-553,310,-55,0
1353.6149349212649,10232,4148,11464,-60,-597,88,9880,-9380,8492,-161,91,-157,-14876,3856,3020,-686,114,-176,-15244,-2212,4516,-710,436,-52,0
1353.6504011154175,10232,4092,11264,113,-997,243,9764,-9280,8540,-221,76,-192,-14932,3788,2752,-758,208,-149,-15204,-2004,4724,-618,6,-8,0
1353.685961008072,10396,4172,10840,417,-1290,-26,9752,-9360,8444,-260,79,-221,-14968,3888,2656,-620,424,-97,-15272,-2156,4508,-777,-169,17,3
1353.7215940952299,10472,4172,11112,261,-1629,-55,9808,-9452,8352,-260,12,-171,-15036,3908,2936,-725,309,-80,-15476,-2180,4224,-649,547,-45,3
1353.756235122681,10700,4160,10872,380,-1084,-24,9988,-9420,8420,-126,107,-171,-15292,3692,2844,-925,158,-53,-15144,-2292,4252,-769,813,-179,3
1353.792307138443,10704,4300,10812,231,-850,-243,9968,-9480,8676,-93,97,-135,-15196,3880,2680,-899,172,240,-15220,-2116,4128,-845,755,-184,3
1353.8281059265137,10556,4416,10892,234,-1024,9,9856,-9348,8416,-169,100,-115,-14916,3688,2812,-872,241,-41,-15144,-2256,4028,-829,434,-195,3
1353.86341714859,10624,4420,10804,144,-560,39,9924,-9376,8492,-129,46,-174,-14924,3820,2952,-888,225,-76,-15592,-2216,4180,-780,199,-179,3
1353.8998169898987,10904,4124,10928,12,-407,82,9996,-9460,8324,-66,114,-179,-15072,3852,2728,-1006,149,-81,-15264,-2188,4004,-763,103,-213,3
1353.9334621429443,10780,4532,10920,-45,-264,105,9936,-9452,8380,10,65,-156,-14948,3832,2748,-922,39,-54,-15216,-2256,4208,-707,172,-215,3
1353.9671750068665,10700,4452,10748,51,-243,116,10020,-9424,8300,-71,104,-140,-14924,3896,2744,-897,82,-41,-15288,-2112,4248,-652,-109,-231,3
1354.0008070468905,10872,4392,10928,-16,-318,185,9904,-9476,8328,-9,79,-144,-14960,3960,2648,-882,32,-46,-15116,-2180,4320,-548,-83,-244,0
1354.0344970226288,10772,4424,10800,-40,-191,234,10148,-9432,8272,-49,43,-154,-14992,3928,2784,-882,-26,50,-15608,-2232,4300,-574,-193,-220,0
1354.068118095398,10792,4452,10572,64,-46,207,9728,-9228,8268,-25,-14,-100,-14920,3844,2888,-893,59,-230,-15224,-2280,4324,-623,-96,-211,0
1354.1017770767212,10772,4464,10888,48,23,171,10068,-9248,8372,255,49,-91,-14956,3852,2804,-858,-72,-14,-15316,-2368,4448,-720,-197,-249,0
1354.1350691318512,10776,4452,10740,100,-114,84,9996,-9432,8472,-49,68,-110,-14932,3984,2740,-870,82,240,-15208,-2320,4212,-819,-273,-245,0
1354.1686201095579,10984,4520,10720,141,-21,113,9884,-9240,8360,-73,-28,-125,-14940,3936,2376,-788,12,8,-15308,-2292,4384,-839,-346,-227,0
1354.2021269798279,10860,4468,10608,147,-173,123,10004,-9388,8312,-99,-19,-125,-14920,4032,2684,-514,114,76,-15212,-2360,4488,-919,-371,-216,0
1354.2355840206146,10780,4520,10772,136,-255,146,9924,-9480,8532,-127,-80,-134,-14968,3680,2964,-778,115,-249,-15272,-2320,4480,-725,-149,-217,0
1354.2691109180453,10924,4504,10788,31,-26,111,10068,-9448,8528,-36,35,-166,-14936,4004,2668,-950,110,-52,-15180,-2448,4496,-804,-250,-215,0
1354.3028030395508,10736,4528,10500,42,-69,72,9928,-9456,8364,-48,62,-146,-14916,3864,2648,-893,128,226,-15132,-2400,4456,-1064,-303,-219,0
1354.3365230560303,10568,4628,10708,60,-57,76,10064,-9240,8204,-103,20,-161,-14932,3960,2612,-828,129,6,-15136,-2440,4480,-1111,-262,-187,0
1354.3698139190674,10672,4528,10732,132,-105,14,9924,-9512,8384,-187,-35,-182,-14860,3996,2692,-747,122,-47,-15192,-2444,4176,-964,-8,-222,0
1354.403223991394,10496,4556,10560,29,23,79,9972,-9412,8196,-133,-50,-176,-14636,3992,2764,-557,72,-48,-15236,-2488,4508,-828,-48,-202,0
1354.4368000030518,10764,4628,10596,-32,-11,37,9744,-9380,8364,-193,10,-213,-14916,3984,2804,-390,179,-36,-15196,-2512,4460,-893,-107,-193,0
1354.4702870845795,10768,4632,10772,41,-116,118,9976,-9504,8308,-179,-247,-183,-14932,3964,2360,-438,207,223,-15160,-2324,4512,-798,-202,-159,0
1354.503870010376,10816,4676,10952,-10,-23,81,10060,-9448,8372,-181,-36,-193,-14944,3944,2460,-555,169,251,-15200,-2496,4492,-829,-174,-167,0
1354.537414073944,10732,4608,10932,-19,-72,95,10024,-9696,8180,-165,41,-164,-14928,4116,2628,-517,198,-1,-15128,-2384,4616,-899,-199,-142,0
1354.5711059570312,10700,4604,10664,22,-85,63,10108,-9428,8412,-195,88,-189,-14908,4092,2540,-419,197,37,-14860,-2464,4360,-987,-324,-184,0
1354.6047351360319,11396,5012,10612,-123,-90,59,10068,-9508,7960,-265,-17,-180,-14908,4104,2532,-124,325,-53,-15092,-2532,4780,-1035,-276,-153,0
1354.6381630897522,11004,4448,10612,252,-178,83,10076,-9456,8380,-253,-6,-165,-14920,4196,2492,-141,404,-34,-15152,-2408,4708,-1114,-449,-121,0
1354.6718411445618,10800,4380,10972,44,-330,73,9984,-9628,8320,-327,50,-201,-15348,4040,2744,-318,523,-55,-15280,-2368,4580,-843,-530,-93,0
1354.705384016037,10860,4832,10836,-30,-370,84,10116,-9728,8280,-289,158,-183,-14916,4236,2404,-306,552,-15,-15200,-2456,4888,-872,-437,-137,0
1354.7389540672302,10548,4656,10604,-74,-366,115,9756,-9576,8140,-272,77,-173,-14956,4224,2420,-254,648,-23,-15028,-2568,4876,-979,-768,-154,0
1354.7724709510803,10584,4704,10664,-52,-424,109,10076,-9564,8180,-413,53,-184,-14956,4232,2368,-308,702,-48,-15028,-2660,4804,-958,-469,-87,0
1354.8062009811401,10808,4632,10616,-36,-372,124,10144,-9480,8076,-347,87,-185,-15016,4060,2372,-529,499,-138,-15176,-2536,4876,-978,-181,-139,0
1354.8396649360657,10908,4544,11032,-116,-1,116,10120,-9536,8152,-507,87,-184,-14964,4168,2072,-709,460,-26,-15072,-2456,5024,-1076,-199,-202,0
1354.8730340003967,10804,4696,10668,-209,-225,151,10144,-9252,8096,-183,69,-174,-14996,4196,2212,-815,508,-247,-14952,-2308,5044,-1084,-264,-151,0
1354.90922498703,10868,4684,10616,-46,-154,141,10152,-9556,8116,-249,5,-207,-14936,4184,1980,-1121,477,0,-15132,-2576,4868,-1230,-8,-183,0
1354.9443709850311,10816,4844,10584,7,-109,143,10092,-9636,8248,-140,-94,-172,-14936,4276,2296,-1327,384,-253,-15124,-2508,5144,-1395,-310,-222,0
1354.9794960021973,10824,4700,10604,59,50,145,10124,-9564,8104,-144,-44,-122,-15016,4200,2312,-1576,304,6,-15184,-2548,5016,-1288,-312,-173,0
1355.0146589279175,10840,4696,10708,-15,50,132,10040,-9704,7940,-98,13,-122,-14992,4224,2432,-1525,211,-25,-14996,-2640,5032,-1003,-266,-123,0
1355.0508739948273,10956,4724,10740,-63,62,71,10028,-9728,8168,-80,42,-195,-15028,4220,2204,-1421,209,-113,-14960,-2604,4720,-1300,39,-179,0
1355.0908291339874,10700,4644,10364,-333,-157,161,9884,-9696,7960,75,83,-241,-14940,4196,2240,-1360,286,-95,-14976,-2656,5072,-1045,-138,-164,0
1355.1271619796753,10808,4696,10568,-415,-243,199,10004,-9676,8144,-131,-11,-284,-14884,4192,2232,-1236,310,-123,-14952,-2648,4856,-750,-289,-84,0
1355.162509918213,10912,4784,10676,-316,-327,205,10200,-9616,8016,-67,46,-311,-14876,4228,2256,-1200,256,-164,-15028,-2728,5068,-1138,-76,-133,0
1355.198152065277,11020,4616,10664,-376,-171,204,10184,-9532,8108,0,77,-229,-15080,4116,2556,-1243,181,-115,-15116,-2640,4952,-804,-105,-72,0
1355.233106136322,10892,4812,10284,-367,-84,151,10148,-9648,8076,101,48,-229,-14988,4204,2088,-1313,298,-156,-15092,-2672,4976,-851,18,-78,0
1355.2690999507904,10960,4576,10728,-324,-176,150,10424,-9576,8144,140,77,-255,-15060,4128,2188,-1535,222,-168,-15088,-2752,5064,-634,117,-26,0
1355.3042650222778,10900,4672,10432,-346,-191,162,10232,-9500,8116,87,99,-240,-15140,4124,2064,-1289,160,-136,-15084,-2780,4896,-657,153,-117,0
1355.3397040367129,10872,4636,10540,-296,-193,146,10180,-9616,8140,13,171,-220,-14916,4104,2520,-1088,363,-153,-14996,-2704,5228,-1019,138,-60,0
1355.375,10888,4604,10664,-193,-132,124,10204,-9604,8060,40,95,-213,-15068,4024,2212,-1112,276,-158,-15048,-2616,5024,-639,169,-35,0
1355.410562992096,13072,4212,10472,-874,-139,99,10196,-9556,7992,-38,139,-210,-15016,4144,2204,-1060,233,-114,-14984,-2724,4976,-514,181,-106,0
1355.4462249279022,10916,4668,10616,-136,-138,119,10096,-9552,8132,-115,101,-190,-14980,3904,2160,-1101,276,-139,-15048,-2692,5232,-639,158,-80,0
1355.4817249774933,10836,4664,10708,-189,-181,148,10016,-9588,7980,-72,108,-210,-15036,4276,2300,-1108,332,-106,-15024,-2708,5076,-683,215,-75,0
1355.517825126648,11036,4588,10440,-101,-9,140,10204,-9636,8084,-147,107,-220,-15116,4096,2220,-1146,207,-163,-15104,-2784,5052,-578,89,-50,0
1355.552659034729,10992,4548,10700,-101,-227,83,10200,-9716,8072,-58,178,-205,-15152,4060,2156,-1154,160,-176,-14948,-2576,5036,-509,62,-63,0
1355.5882139205933,10844,4700,10676,-92,-280,126,10132,-9556,8068,-95,172,-212,-14996,4212,2140,-1126,151,-128,-15012,-2568,5128,-427,-8,-39,0
1355.6218259334564,10876,4664,10572,-59,-270,98,10112,-9616,8032,-161,126,-506,-14976,4320,2048,-923,194,-147,-15080,-2640,5032,-412,83,1,0
1355.6552469730375,11192,4504,10564,-97,-304,114,10232,-9596,7908,-114,102,-286,-14968,4204,2156,-946,159,-201,-15116,-2588,4972,-444,100,-10,0
1355.6887171268463,10992,4376,10516,-96,-202,161,10468,-9500,7864,-180,134,-197,-15008,4072,2004,-932,117,-138,-14992,-2708,5004,-439,-27,-68,0
1355.721832036972,11044,4664,10444,-100,-170,123,10260,-9624,8020,-212,117,-193,-15048,4036,1872,-883,164,-89,-15060,-2684,4984,-463,-71,-77,0
1355.75554394722,11000,4668,10964,-60,-142,76,10460,-9524,8036,-239,100,-227,-15352,4144,2060,-948,132,-89,-14948,-2648,5008,-418,45,-99,0
1355.7892360687256,11256,4428,10480,3,-205,69,10240,-9608,8076,-224,177,-201,-15140,3852,2256,-976,-18,-102,-14992,-2640,4928,-323,37,-105,0
1355.8228409290314,10828,4472,10360,0,-133,77,10492,-9624,7968,-163,168,-182,-14956,4172,1920,-1066,-81,-88,-14960,-2608,5072,-289,11,-127,0
1355.8564081192017,11156,4480,10348,43,-86,62,10164,-9560,7700,-236,129,-174,-14984,3988,2144,-935,-44,-100,-15028,-2712,4884,-272,55,-98,0
1355.88964509964,11012,4784,10516,-31,-94,58,10220,-9648,8088,-153,139,-192,-15360,4144,2156,-986,46,-32,-14972,-2712,5048,-275,40,-110,0
1355.9227690696716,11200,4760,10604,18,-41,69,10188,-9668,8088,-126,152,-150,-15044,4104,2028,-973,28,-57,-14952,-2704,5176,-330,13,-131,0
1355.956110954285,10948,4648,10544,61,-47,57,10160,-9628,8116,-180,111,-136,-14996,4140,1940,-941,8,-39,-14948,-2688,5232,-441,-254,-138,0
1355.9899599552155,10864,4632,10356,37,-15,85,10068,-9676,7952,-181,126,-145,-15016,4144,1936,-872,73,-68,-14916,-2764,5160,-419,67,-137,0
1356.0234279632568,10892,4740,10348,-70,-59,120,10088,-9564,7932,-93,165,-168,-15024,4192,2228,-920,133,-112,-14968,-2668,5072,-438,102,-121,0
1356.0571460723877,10764,4732,10540,-87,-51,94,10168,-9476,8048,-91,161,-169,-15092,4052,2396,-914,113,-81,-15088,-2692,5096,-443,157,-127,0
1356.0907590389252,11168,4696,10712,-15,-73,60,10184,-9724,7892,-125,185,-193,-14880,4340,2256,-875,90,-71,-15068,-2676,5216,-423,121,-135,0
1356.1242599487305,10944,4764,10656,-19,-126,87,10156,-9672,8168,-126,171,-184,-15152,4180,2192,-886,107,-94,-14928,-2652,5224,-436,149,-144,0
1356.1573071479795,10980,4740,10364,246,-42,88,10096,-9720,7984,-125,120,-188,-15152,4180,2212,-842,97,-124,-15028,-2720,5076,-454,156,-139,0
1356.1910750865936,10780,4680,10588,-31,-49,87,10316,-9624,7964,-109,125,-168,-15024,4056,2144,-933,79,-77,-15076,-2628,5264,-480,129,-125,0
1356.224466085434,11156,4664,10436,-54,-74,80,10444,-9704,7792,-85,145,-174,-15036,4196,2168,-937,45,-35,-15068,-2612,5232,-507,134,-169,0
1356.2580790519714,10864,4792,10504,-63,-101,78,10124,-9932,8128,-65,483,-132,-15096,4300,2204,-963,62,-85,-14992,-2632,5252,-484,108,-143,0
1356.2918169498444,10936,4760,10400,-12,-42,49,10224,-9672,7956,-158,171,-152,-15000,4140,2244,-939,38,-58,-15164,-2668,5172,-486,127,-178,0
1356.3253920078278,11008,4708,10332,-98,-60,55,10484,-9940,8068,-93,203,-177,-15068,4164,2136,-990,17,-63,-15020,-2596,5248,-495,137,-148,0
1356.3591239452362,10904,4824,10372,-82,-54,69,10112,-9752,8004,-95,180,-156,-15012,4184,2192,-923,26,-77,-14992,-2592,5216,-469,98,-194,0
1356.3924541473389,10884,4680,10428,-52,-23,71,10060,-9624,8048,-77,123,-156,-14956,4172,2288,-954,26,-53,-14952,-3036,5208,-496,72,-169,0
1356.4256269931793,10948,4812,10532,-50,-45,59,10004,-9704,7972,-107,157,-152,-15012,4152,2288,-928,70,-61,-14864,-2608,5280,-452,89,-117,0
1356.4592051506045,10892,4692,10588,-136,-94,92,10148,-9752,7916,-95,127,-177,-15088,4152,2160,-1022,74,-98,-14876,-2588,5068,-483,167,-129,0
1356.4927561283112,11040,4724,10480,-83,-123,110,10456,-9972,8140,-20,106,-183,-15000,4172,2076,-1280,83,-88,-14968,-2660,5216,-477,157,-143,0
1356.5264360904694,11208,4776,10324,-84,-62,99,10428,-9668,8176,-41,59,-200,-14960,4116,2056,-1273,78,-101,-15004,-2764,5064,-491,186,-141,0
1356.5599341392515,10936,4788,10648,-93,-44,84,10024,-9520,8124,-26,138,-152,-15008,4200,1976,-967,108,-36,-15012,-2632,5188,-457,151,-127,0
1356.5959620475767,10896,4824,10432,-151,-27,110,10176,-9752,8096,-57,148,-165,-15056,4188,2240,-1003,94,-108,-14932,-2716,5288,-467,180,-131,0
1356.631737947464,10836,4764,10612,-192,-61,127,10160,-9696,7872,30,103,-182,-15004,4164,2212,-950,103,-100,-15084,-2648,5272,-497,158,-123,0
1356.6676249504087,10940,4628,10392,-106,-77,127,10396,-9968,7836,-66,117,-176,-15040,4152,2188,-943,136,-101,-15004,-2736,5204,-495,171,-91,0
1356.7028441429138,10960,4732,10548,-171,-63,128,9984,-9780,7900,-50,125,-197,-15032,4180,1932,-905,118,-89,-14952,-2740,5140,-497,175,-100,0
1356.7387919425964,10964,4752,10444,-146,-58,101,10196,-9500,8052,-69,126,-180,-14968,4212,1948,-957,147,-79,-15000,-2704,5180,-486,165,-104,0
1356.7738070487976,10964,4836,10456,-194,-101,109,10124,-9664,7932,-40,123,-171,-15064,4136,2116,-951,136,-94,-14916,-2612,5116,-492,208,-122,0
1356.809504032135,10876,4696,10560,-188,-83,118,10176,-9836,7952,8,128,-174,-15072,4276,2268,-970,151,-66,-14916,-2752,5144,-517,187,-150,0
1356.8449940681458,10940,4792,10380,-174,-105,162,10036,-9772,8024,17,121,-196,-15020,4184,2128,-976,179,-97,-14992,-2712,5192,-520,202,-106,0
1356.8807289600372,10848,4784,10524,-180,-52,125,10172,-9764,7988,47,116,-192,-14988,4040,2128,-1009,173,-57,-15004,-2700,4920,-473,213,-111,0
1356.9156720638275,11092,4700,10704,-176,-69,136,10180,-9708,8140,7,117,-175,-15120,4188,2280,-987,119,-101,-14880,-2712,5200,-526,160,-130,0
1356.951282978058,11008,4760,10372,-150,-32,91,10240,-9784,7872,7,137,-129,-15100,4276,2128,-1048,106,-53,-14972,-2624,5208,-526,140,-121,0
1356.987513065338,10972,4812,10240,-187,-53,124,10132,-9672,7952,-13,136,-144,-15068,4104,2204,-1040,98,-89,-15044,-2724,5132,-520,131,-122,0
1357.0224981307983,10812,4796,10596,-110,-14,88,10188,-9796,7944,-33,352,-114,-14976,4228,2008,-974,99,-58,-14868,-2756,5120,-501,206,-141,0
1357.0575730800629,10868,4692,10324,-169,-51,83,10092,-9496,8180,-14,158,-174,-15024,4196,2088,-1007,83,-112,-14956,-2676,5124,-549,207,-148,0
1357.0931551456451,10912,4760,10600,-130,-43,93,10224,-9488,7940,-16,134,-157,-14996,4128,2128,-967,103,-71,-15096,-2720,5108,-523,190,-112,0
1357.1288690567017,10880,4848,10556,-142,-39,105,10244,-9480,7920,-34,142,-159,-15048,4252,2104,-949,118,-93,-14884,-2812,5200,-549,163,-113,0
1357.16419506073,10952,4764,10640,-191,-45,67,10100,-9624,8144,-32,211,-202,-14924,4164,2180,-930,145,-129,-14992,-2704,5140,-546,165,-124,0
1357.200385093689,10968,4900,10564,-213,-79,101,10232,-9748,7852,44,163,-174,-15044,4224,1820,-999,140,-76,-15044,-2692,5216,-564,188,-101,0
1357.2355921268463,10784,4732,10504,-241,-106,146,10160,-9796,7716,53,146,-209,-14956,4224,2100,-993,155,-150,-14972,-2792,5136,-538,196,-68,0
1357.2715640068054,10748,4848,10440,-233,-110,139,10180,-9640,7964,28,149,-210,-15016,4268,2276,-950,199,-143,-15032,-2796,5332,-537,192,-61,0
1357.3053081035614,10944,4780,10320,-263,-142,144,10168,-9788,7992,66,158,-186,-14976,4276,2168,-992,194,-157,-15000,-2752,5172,-526,233,-44,0
1357.3389461040497,10924,4812,10636,-321,-115,130,10120,-9928,7960,65,175,-203,-15028,4244,1948,-977,150,-134,-15028,-2660,5132,-523,224,-80,0
1357.3724930286407,10932,4692,10540,-301,-134,151,10120,-9716,7772,96,171,-192,-15036,4220,2144,-1009,148,-103,-15020,-2760,5168,-489,227,-54,0
1357.4055619239807,10992,4708,10248,-363,-146,142,10092,-9672,8036,87,166,-196,-15052,4236,1820,-971,212,-127,-15044,-2732,5196,-470,247,-39,0
1357.438966035843,10860,4688,10548,-383,-147,140,10160,-9624,7968,95,199,-229,-15088,4232,1844,-945,182,-177,-15080,-2744,5088,-462,273,-42,0
1357.4725649356842,11260,4776,10436,-304,-145,117,10180,-9708,7936,97,198,-229,-15128,4204,2100,-974,147,-155,-14996,-2600,5096,-502,221,-52,0
1357.5060789585114,10780,4648,10504,-333,-129,124,10216,-9640,8052,111,169,-197,-15092,4164,2180,-1077,105,-136,-14884,-2660,4872,-470,272,-82,0
1357.5397310256958,10920,4784,10552,-363,-171,143,10144,-9528,8160,162,187,-215,-15032,4180,2092,-1090,109,-149,-15056,-2804,5120,-447,224,-71,0
1357.5734870433807,10976,4696,10516,-272,-153,135,10152,-9684,8008,30,185,-229,-15060,4068,2060,-1041,141,-129,-15032,-2616,5080,-466,213,-60,0
1357.6071751117706,11000,4640,10652,-294,-153,156,10220,-9768,8088,94,192,-202,-15292,4184,1880,-1049,101,-145,-15120,-2748,5032,-483,192,-87,0
1357.6404130458832,11008,4600,10412,-237,-123,139,10116,-9688,8076,81,184,-190,-14876,4116,2012,-1064,118,-138,-14980,-2656,5080,-506,167,-94,0
1357.673928976059,10996,4664,10536,-213,-117,125,10184,-9572,8180,110,171,-151,-15100,4180,1996,-1121,92,-124,-15016,-2640,5036,-473,153,-107,0
1357.707456111908,10876,4740,10392,-220,-121,136,10084,-9688,8072,87,135,-176,-15080,4200,2128,-1153,112,-94,-14988,-2700,5016,-481,184,-84,0
1357.7410740852356,10976,4700,10576,-217,-123,161,10156,-9668,8076,48,142,-178,-15092,4188,2160,-1179,128,-89,-15028,-2672,5112,-462,201,-79,0
1357.774631023407,11148,4608,10548,-183,-123,148,10188,-9612,8120,51,163,-181,-15100,4140,2108,-1214,83,-138,-15032,-2588,5060,-407,219,-85,0
1357.808175086975,10936,4756,10424,-202,-158,128,10080,-9644,8044,83,176,-221,-15328,4080,2088,-1189,91,-189,-15348,-2616,5016,-413,252,-66,0
1357.8416130542755,11096,4592,10556,-199,-169,104,10092,-9660,8064,81,175,-215,-15148,4188,2224,-1173,53,-136,-14856,-2628,4912,-427,265,-82,0
1357.875081062317,10964,4656,10548,-175,-162,109,10172,-9656,8224,73,150,-185,-15312,4192,2120,-1204,56,-114,-15324,-2680,4924,-469,212,-104,0
1357.908450126648,10968,4680,10532,-106,-62,76,10100,-9664,8176,2,189,-209,-15012,4144,2088,-1225,35,-130,-14936,-2688,5144,-477,185,-87,0
1357.9418349266052,10968,4680,10556,-103,-60,74,10064,-9600,8044,-5,187,-176,-14988,3872,2044,-1199,64,-171,-14968,-2688,5116,-481,190,-99,0
1357.9754431247711,10932,4560,10308,-70,-67,71,10108,-9680,8020,-64,163,-184,-15024,4028,2280,-1169,80,-148,-15016,-2644,4872,-460,238,-64,0
1358.0089910030365,10928,4652,10420,-96,-47,80,10032,-9496,8128,-38,164,-203,-14932,4108,2028,-1144,73,-106,-15088,-2676,4928,-470,262,-100,0
1358.0423231124878,11000,4576,10300,-48,-34,57,10212,-9544,8148,-84,134,-192,-15136,4056,2116,-1138,48,-84,-15072,-2604,4948,-507,261,-129,0
1358.0761461257935,11256,4672,10744,-255,19,59,10120,-9532,7972,-104,156,-157,-15140,4016,2072,-1078,85,-85,-15092,-2580,4804,-554,288,-116,0
1358.10982298851,11052,4724,10292,24,55,34,10172,-9596,8020,-90,131,-175,-15056,4132,2136,-1070,94,-93,-15104,-2676,4844,-566,322,-163,0
1358.1430239677427,11048,4764,10584,2,35,53,10132,-9696,8196,-93,144,-149,-15172,4072,2136,-1092,71,-100,-14960,-2716,5048,-548,330,-149,0
1358.1766829490662,11044,4468,10512,-15,51,25,10204,-9576,8004,-106,145,-129,-15116,4128,2124,-1131,51,-88,-14876,-2728,4992,-533,282,-140,0
1358.210207939148,11044,4676,10668,-11,15,43,10288,-9760,8432,-180,115,-125,-14992,4136,2244,-1045,244,-50,-14960,-2764,4884,-503,278,-140,0
1358.2435159683228,11040,4828,10480,30,61,45,10144,-9672,7908,-143,205,-113,-15020,3876,2220,-1149,17,-40,-14984,-2648,4952,-493,249,-163,0
1358.280741930008,10864,4752,10576,29,37,42,10068,-9744,8188,-147,186,-130,-14972,4092,2172,-1209,12,-70,-14980,-2676,5024,-475,263,-122,0
1358.3160700798035,10968,4680,10648,7,254,70,10024,-9632,7944,-98,173,-134,-15064,4108,2132,-1136,-6,-58,-14952,-2736,5020,-453,253,-151,0
1358.3518810272217,10864,4776,10796,-32,-7,54,9988,-9640,8048,-80,181,-141,-14992,4148,2204,-1170,-12,-146,-14984,-2676,4940,-433,231,-148,0
1358.3879899978638,10828,4696,10532,-6,249,53,10024,-9676,8100,-80,177,-175,-15024,4032,2104,-1137,43,-119,-15056,-2668,5028,-428,218,-114,0
1358.4234430789948,10952,4628,10396,-256,249,52,10120,-9704,8044,-64,120,-167,-15044,4092,2364,-1129,33,-49,-15104,-2680,4764,-461,198,-138,0
1358.4593210220337,10900,4768,10568,22,15,59,10076,-9536,8180,-40,166,-169,-14996,3988,2180,-1089,45,-103,-15064,-2668,4876,-479,210,-169,0
1358.4944560527802,10880,4796,10560,-33,-16,81,10024,-9732,8056,-78,147,-170,-15076,4056,2236,-1062,17,-70,-14896,-2592,4816,-438,161,-144,0
1358.53040599823,10948,4804,10644,-16,31,34,10108,-9692,7976,-96,156,-144,-15228,4136,2536,-1061,-81,-81,-14896,-2632,4916,-496,127,-211,0
1358.565535068512,11000,4656,10476,-100,22,66,10032,-9696,8072,-42,151,-113,-15016,4068,2156,-1185,-35,-35,-14964,-2808,5112,-456,170,-162,0
1358.6008551120758,10940,4860,10648,-9,91,96,10096,-9628,8076,-79,177,-76,-14980,4152,2552,-1161,33,-44,-15076,-2732,4820,-414,143,-163,0
1358.6360409259796,10980,4772,10412,-82,249,43,9984,-9660,8084,-92,152,-169,-15120,4048,2328,-1118,-12,-32,-15008,-2644,4976,-444,215,-198,0
1358.671965122223,10860,4824,10404,-75,64,76,10236,-9716,7940,-54,147,-128,-15016,4084,2360,-1157,-6,-75,-14864,-2648,5072,-465,194,-161,0
1358.707848072052,10940,5024,10264,17,69,55,10020,-9604,8056,-56,85,-123,-14944,4080,2368,-1076,-21,11,-14888,-2740,5040,-467,145,-173,0
1358.7427730560303,10876,4796,10376,-63,42,49,10008,-9784,8044,-47,179,-137,-14936,4108,2308,-1276,61,-61,-14980,-2596,4964,-424,116,-125,0
1358.777930021286,10760,4724,10504,-73,-7,95,9956,-9616,8048,-99,136,-152,-14992,4328,2420,-1069,58,-88,-14908,-2700,4972,-444,172,-133,0
1358.8136689662933,10644,4808,10588,-118,-33,106,10076,-9692,7988,-42,121,-174,-15088,4168,2088,-1050,124,-46,-15096,-2728,4944,-462,206,-117,0
1358.8494679927826,10756,4904,10504,-44,-24,90,10036,-9760,7936,-117,102,-185,-15032,4060,2372,-1065,87,-108,-14868,-2700,5076,-466,198,-115,0
1358.8848259449003,10772,4640,10576,-74,-56,118,10104,-9856,8180,-57,112,-170,-14996,4112,2136,-1060,72,-70,-15104,-2664,4956,-473,188,-128,0
1358.922315120697,10768,4872,10636,-93,-59,94,10008,-9756,8176,-88,118,-163,-15016,4044,2156,-1022,59,-62,-15044,-2788,4900,-469,166,-143,0
1358.9556550979614,10864,4896,10736,-89,-12,114,10080,-9480,8188,-32,128,-157,-15264,3868,2552,-811,76,-71,-15004,-2744,4848,-495,184,-113,0
1358.9893069267273,10808,4880,10572,-103,-18,109,10024,-9852,7684,-92,104,-166,-15100,4000,2308,-1274,102,-88,-14968,-2700,4876,-463,178,-128,0
1359.0229301452637,10752,4940,10532,-124,-31,109,9896,-9480,8028,-68,202,-174,-14984,4172,2336,-1019,96,-68,-15016,-2736,4848,-473,202,-121,0
1359.0566401481628,10756,5100,10612,-120,-7,106,10152,-9724,8064,-105,139,-174,-15072,4116,2312,-1009,121,-46,-15112,-2752,4924,-486,182,-113,0
1359.0901770591736,10804,4684,10684,-125,-47,94,10112,-9752,7996,-70,139,-181,-15064,4076,2300,-1011,108,-53,-15324,-2736,4836,-482,148,-108,0
1359.1238040924072,10700,4852,10708,-103,-43,119,10084,-9708,8016,-48,89,-171,-14940,4144,2228,-1030,95,-77,-15016,-2604,4904,-512,160,-121,0
1359.15691113472,10760,4772,10508,-134,-17,90,10068,-9716,8128,-28,149,-166,-15056,4264,2264,-1034,86,-121,-15040,-2688,5060,-482,155,-102,0
1359.190586090088,10812,4912,10524,-136,-32,114,10064,-9752,7984,-34,113,-191,-15028,4056,2540,-1272,119,-83,-15104,-2652,4968,-479,180,-111,0
1359.2243800163267,10820,4904,10592,-158,-9,105,10108,-9840,7920,-37,143,-164,-14976,3996,2264,-989,100,-72,-14988,-2728,4980,-485,169,-90,0
1359.257907152176,10828,5076,10568,-189,-41,98,10044,-9788,8000,-71,158,-176,-14852,3872,2552,-961,101,-66,-15040,-2684,4888,-487,129,-123,0
1359.2916209697723,10836,4896,10556,-213,-57,114,9784,-9972,8040,-35,181,-137,-15092,4332,2348,-983,98,-45,-15008,-2720,4940,-505,150,-114,0
1359.325010061264,10716,4928,10636,-505,-61,128,10136,-9488,8012,13,162,-177,-15048,4296,2356,-1011,108,-136,-14960,-2708,5000,-481,155,-73,0
1359.3587810993195,10536,4972,10356,-207,-56,119,9744,-9956,8148,-68,169,-176,-14956,4096,2464,-976,123,-106,-15064,-2764,5108,-476,155,-74,0
1359.3919820785525,10764,4868,10732,-240,-86,83,10060,-9752,8024,-23,152,-202,-14872,4160,2552,-979,134,-110,-14960,-2648,4876,-491,212,-88,0
1359.4256069660187,10668,4756,10560,-264,-71,98,10204,-9736,8068,27,144,-216,-15052,4048,2296,-773,102,-91,-15168,-2640,5048,-491,224,-84,0
1359.4591929912567,10672,4900,10524,-261,-18,138,10136,-9772,7832,9,164,-165,-15052,4056,2380,-959,94,-82,-15120,-2688,4896,-480,166,-84,0
1359.492506980896,10928,4792,10552,-295,-42,129,9956,-9696,8036,-4,176,-203,-14904,4108,2420,-944,130,-137,-15012,-2636,5080,-468,126,-74,0
1359.525969028473,10892,4636,10616,-303,-93,144,10044,-9784,7996,248,204,-190,-15044,4020,2324,-995,114,-139,-15080,-2608,4868,-465,160,-76,0
1359.5598039627075,10788,4772,10476,-289,-120,148,10020,-9660,8188,30,189,-206,-15080,4028,2372,-996,130,-114,-15128,-2616,4916,-497,189,-96,0
1359.5934290885923,10808,4736,10672,-306,-167,142,10048,-9680,8024,44,150,-229,-15000,4112,2200,-987,107,-116,-15028,-2536,4728,-506,181,-40,0
1359.6270561218262,10764,4796,10636,-231,-127,146,9980,-9744,8044,21,137,-205,-14988,4124,2528,-1010,106,-134,-15104,-2584,4820,-498,172,-55,0
1359.660346031189,10788,4804,10620,-317,-184,152,10216,-9672,8192,75,182,-214,-15328,3844,2268,-1029,120,-128,-15012,-2528,4956,-449,179,-72,0
1359.6939399242399,10908,4720,10676,-273,-147,144,10088,-9736,8012,101,153,-231,-15092,4108,2368,-1059,103,-143,-15052,-2668,4980,-396,152,-66,0
1359.7274169921875,10884,4860,10556,-300,-179,188,10236,-9644,8124,120,158,-212,-15084,4036,2188,-1027,129,-101,-15096,-2628,4984,-434,138,-45,0
1359.7610440254211,10772,4844,10712,-262,-167,180,10008,-9700,8068,33,87,-191,-14968,3984,2312,-987,136,-85,-15088,-2640,4900,-436,142,-83,0
1359.7946519851685,10812,4812,10612,-279,-137,181,10092,-9644,7968,48,121,-215,-15052,4304,2296,-972,113,-112,-15152,-2604,4940,-483,138,-74,0
1359.8282499313354,10596,4820,10532,-288,-151,172,10092,-9688,7924,60,135,-214,-15012,4296,2088,-997,113,-130,-15176,-2584,4900,-449,184,-72,0
1359.861720085144,10820,4748,10924,-327,-160,166,10168,-9512,8164,102,127,-191,-15088,4140,2132,-1082,119,-127,-15164,-2572,4876,-413,166,-70,0
1359.8949749469755,10880,4668,10732,-277,-107,126,10076,-9764,7972,95,116,-176,-14980,4060,2432,-1018,113,-74,-15024,-2584,4904,-438,149,-90,0
1359.9286320209503,10840,4692,10620,-269,-74,145,10020,-9624,7988,75,125,-171,-14980,3880,2372,-1062,151,-109,-15292,-2556,5112,-482,138,-81,0
1359.9654970169067,10956,4732,10540,-204,-64,167,10040,-9908,8028,54,109,-169,-15132,3968,2380,-1048,93,-97,-15000,-2720,4628,-380,154,-66,0
1360.0016870498655,10928,4736,10368,-238,-40,145,10012,-9572,8216,41,124,-181,-15072,3992,2420,-1053,71,-112,-15264,-2604,4688,-331,155,-54,0
1360.0381140708923,10972,4744,10592,-190,-5,145,10100,-9708,8160,61,120,-170,-15020,3972,2308,-1111,68,-120,-15064,-2604,4612,-276,67,-81,0
1360.0738599300385,10864,4680,10564,-300,1,166,10164,-9680,8100,139,106,-144,-14836,4040,2256,-1144,77,-99,-14980,-2696,4900,-262,85,-41,0
1360.111614942551,10984,4724,10544,-127,16,97,10032,-9560,8080,39,117,-201,-15080,4008,2288,-1061,104,-83,-15020,-2640,4896,-366,92,-74,0
1360.1482479572296,10848,4668,10624,-179,15,117,10104,-9720,8060,4,94,-217,-15020,4144,2324,-1084,69,-109,-15132,-2576,4968,-495,62,-104,0
1360.1836659908295,10804,4740,10700,-100,40,139,10156,-9556,8120,-4,94,-152,-15016,4008,2100,-1109,38,-68,-15036,-2692,4980,-542,65,-188,0
1360.2192029953003,10940,4732,10668,-83,90,123,10100,-9640,8012,-31,116,-139,-15032,4096,2360,-1067,35,-30,-15056,-2576,4864,-534,89,-153,0
1360.2544190883636,10776,4656,10612,-133,6,116,10080,-9648,8172,7,104,-149,-15028,3992,2116,-1061,75,-48,-15076,-2672,5016,-602,176,-148,0
1360.2903480529783,10988,4772,10468,-119,26,131,10056,-9592,8176,8,101,-150,-14960,4060,2320,-992,93,-34,-14852,-2664,4732,-563,153,-155,0
1360.3255939483645,10992,4732,10600,-182,-68,142,9980,-9640,8064,40,67,-221,-15052,4056,2368,-952,148,-81,-15036,-2604,4888,-600,229,-155,0
1360.3615069389343,10616,4728,10600,-150,-29,139,10040,-9632,8188,-19,77,-197,-14956,4072,2528,-906,205,-50,-15012,-2796,4856,-591,95,-147,0
1360.3976719379423,10788,4744,10864,-147,-14,120,10032,-9656,7992,-4,92,-192,-15016,4012,2412,-811,241,-52,-15052,-2612,4768,-624,105,-131,0
1360.4329559803007,10780,4760,10536,-204,-50,160,10232,-9480,8092,7,101,-179,-15016,4308,2408,-806,218,-54,-15076,-2692,4948,-661,108,-146,0
1360.468115091324,10712,4680,10564,-174,-255,145,10056,-9616,8076,-30,42,-180,-15012,4084,2384,-773,245,-50,-14856,-2356,4712,-715,68,-144,0
1360.5043849945068,10796,4644,10692,-174,21,144,10072,-9672,7756,-59,29,-198,-15004,4148,2204,-773,248,-34,-15016,-2648,4908,-680,86,-155,0
1360.5399360656738,10824,4776,10644,-214,-59,165,9840,-9688,7988,-17,40,-192,-15028,4304,2224,-1023,251,-65,-14960,-2584,4936,-675,104,-152,0
1360.574916124344,10840,4680,10616,-141,-8,138,10104,-9688,7924,-25,13,-218,-15052,4152,2244,-787,202,-36,-15328,-2704,5076,-675,69,-164,0
1360.611438035965,10816,4604,10628,-142,-25,158,10216,-9712,8000,-25,18,-190,-15184,4120,2224,-820,154,-63,-14976,-2696,5108,-616,85,-197,0
1360.6447219848633,10984,4660,10640,-181,-79,161,10136,-9476,8140,24,42,-168,-14948,4076,2320,-836,124,-27,-15032,-2636,4956,-662,30,-188,0
1360.6784179210663,10756,4724,10708,-177,-24,120,10116,-9620,7996,-50,54,-200,-15088,4048,2240,-844,147,6,-14960,-2696,4704,-581,64,-146,0
1360.711925983429,10900,4748,10692,-161,-12,153,10152,-9532,8088,-56,32,-169,-14984,4084,2492,-909,84,-16,-15016,-2700,4992,-506,-18,-154,0
1360.7454240322113,10828,4584,10796,-138,-67,130,10216,-9624,8064,-23,66,-156,-15056,4180,2268,-1019,-8,-23,-15164,-2752,4888,-602,55,-183,0
1360.77875995636,10752,4632,10664,-245,-134,153,10176,-9636,8084,19,123,-152,-14896,4164,2248,-1031,30,-38,-14972,-2772,4964,-562,-34,-180,0
1360.8122699260712,10724,4740,10704,-80,-255,102,10144,-9588,7992,-67,138,-158,-14888,4172,2100,-1035,33,239,-15104,-2748,5036,-463,23,-171,0
1360.8455770015717,10724,4712,10684,-132,-84,106,10172,-9664,8060,-19,119,-179,-14904,4116,2196,-779,2,-21,-14948,-2628,5152,-502,66,-179,0
1360.8791520595553,10508,4572,10620,-107,-119,120,10092,-9576,8092,-11,104,-189,-15040,4124,2288,-1277,56,-39,-15004,-2688,5368,-762,62,-168,0
1360.912477016449,10728,4692,10712,-58,-44,128,10084,-9616,8040,-10,121,-172,-15008,4136,2192,-1094,-3,-53,-15100,-2692,4976,-474,100,-162,0
1360.9458520412443,10940,4396,10612,-132,-135,100,10096,-9660,8188,-53,150,-179,-15052,4124,2380,-1017,24,-68,-14952,-2704,5260,-517,98,-130,0
1360.9791610240936,10764,4688,10580,-93,-164,83,10120,-9588,8092,-60,167,-191,-15016,4160,2168,-1043,15,-51,-14948,-2820,5056,-259,95,-143,0
1361.0123660564425,10872,4672,10548,-116,-159,109,10108,-9644,8376,-74,116,-196,-14964,3900,1928,-1018,24,-105,-14960,-2712,4896,-547,164,-141,0
1361.0459079742432,10736,4688,10696,-109,-208,114,10100,-9712,8120,-45,148,-236,-15080,4136,2112,-1061,-12,-128,-15028,-2700,5096,-511,138,-145,0
1361.0794551372528,10520,4720,10668,-36,-242,112,10112,-9676,8148,-30,133,-228,-15020,4312,2504,-1060,-18,-73,-15072,-2832,5044,-439,187,-150,0
1361.1129660606384,10864,4740,10580,-82,-231,114,10112,-9704,7996,-49,151,-214,-15016,4220,2332,-1026,-47,-42,-14952,-2700,4952,-362,184,-134,0
1361.146122932434,10908,4736,10704,-76,-161,87,10148,-9576,8012,-62,166,-206,-14936,4108,2336,-995,-16,-50,-14984,-2584,5180,-363,136,-128,0
1361.1798651218414,10780,4684,10688,-106,-204,109,10060,-9624,7732,-106,155,-192,-15020,4124,2444,-963,41,-60,-14984,-2764,5124,-373,140,-120,0
1361.2135219573975,10548,4692,10596,-78,-185,109,10024,-9596,8000,-99,144,-165,-14880,4072,2388,-884,46,-103,-14920,-2676,4868,-415,138,-144,0
1361.2472701072693,10828,4752,10580,-108,-137,116,10136,-9576,8132,-84,177,-206,-14944,4220,2300,-865,19,-73,-14944,-2784,4992,-465,248,-124,0
1361.2808170318604,10864,4652,10668,-187,-120,116,10032,-9756,8112,-77,134,-216,-14892,3896,2416,-819,46,-65,-15064,-2696,5044,-489,193,-169,0
1361.3143520355225,10752,4680,10780,-172,-136,115,10132,-9636,8104,-47,160,-219,-15028,4236,2432,-844,76,-54,-15016,-2708,4956,-463,197,-100,0
1361.3479869365692,10876,4780,10644,-155,-150,130,10140,-9680,7980,-27,132,-191,-14968,4236,2388,-880,10,-93,-14896,-2724,5104,-425,176,-122,0
1361.381488084793,10844,4788,10696,-143,-122,121,10188,-9652,8052,-11,151,-214,-14952,4112,2360,-898,75,-124,-15036,-2764,4980,-388,180,-119,0
1361.4150030612946,10840,4776,10684,-164,-142,119,10132,-9576,8064,-50,132,-193,-15276,4152,2348,-937,66,-102,-14996,-2756,5092,-436,195,-96,0
1361.448559999466,10844,4688,10620,-177,-135,134,10116,-9684,7992,-32,168,-207,-14968,4148,2388,-929,68,-74,-15056,-2820,5088,-357,191,-90,0
1361.4820790290833,10792,4692,10680,-252,-155,119,10204,-9588,8092,-8,149,-223,-15000,4224,2376,-933,41,-72,-14964,-2688,5028,-392,147,-63,0
1361.5154740810394,10900,4704,10800,-198,-119,112,10052,-9564,8012,18,167,-170,-15044,4320,2336,-906,73,-73,-15052,-2604,4984,-411,138,-53,0
1361.5490820407867,10900,4668,10684,-266,-112,123,10032,-9664,8024,77,185,-207,-14900,4212,2348,-971,58,-159,-14932,-2716,4964,-378,193,-69,0
1361.5827040672302,10824,4712,10604,-511,-162,113,10020,-9588,8048,-20,188,-222,-14852,4172,2532,-918,88,-132,-14940,-2740,5068,-412,196,-41,0
1361.6161949634552,10860,4748,10504,-259,-182,75,10164,-9612,8144,-14,219,-232,-14984,4124,2088,-919,34,-169,-15084,-2620,5008,-414,229,-81,0
1361.6530201435087,10844,4684,10440,-346,-136,104,10088,-9620,8140,41,198,-205,-15028,4212,2504,-956,50,-113,-15036,-2692,5108,-454,221,-83,0
1361.688642024994,10956,4712,10608,-281,-131,95,10040,-9644,7988,45,185,-208,-14976,4208,2392,-927,46,-94,-14960,-2608,5048,-427,192,-58,0
1361.7236120700836,10796,4620,10740,-331,-121,112,10068,-9668,8040,20,185,-195,-15056,4156,2448,-877,117,-140,-15016,-2604,5000,-410,218,-56,0
1361.7592351436615,10820,4584,10616,-315,-150,103,10092,-9712,8096,15,210,-241,-15012,4280,2420,-878,94,-127,-15100,-2724,4944,-450,210,-57,0
1361.7939729690552,10900,4704,10552,-294,-168,142,10096,-9712,8192,45,176,-220,-15044,4188,2288,-916,107,-176,-14868,-2632,4896,-440,214,-80,0
1361.8292639255524,10952,4568,10452,-321,-183,158,10080,-9628,8084,31,187,-232,-14824,4108,2400,-934,91,-124,-15100,-2788,4988,-457,260,-68,0
1361.8650269508362,10764,4576,10516,-246,-164,130,10116,-9696,8048,40,180,-237,-15028,4184,2340,-943,88,-145,-15120,-2668,4988,-399,209,-67,0
1361.9004111289978,11192,4616,10552,-510,-216,144,10088,-9580,8140,48,179,-211,-15024,4148,2344,-914,114,-116,-15116,-2568,4864,-423,187,-55,0
1361.9355459213257,10924,4804,10540,-216,-144,155,10216,-9628,8204,36,157,-213,-15000,4252,2532,-950,102,-147,-14864,-2648,4948,-409,188,-57,0
1361.9715261459353,10828,4828,10568,-219,-173,174,10160,-9572,8168,39,147,-208,-14868,4156,2348,-959,95,-117,-15040,-2684,4932,-437,187,-57,0
1362.0071580410004,10832,4600,10612,-216,-144,154,10120,-9508,8228,22,137,-196,-14980,4200,2316,-914,132,-109,-15064,-2592,4952,-462,158,-82,0
1362.0422179698944,10900,4368,10520,-168,-101,116,10032,-9660,8176,-18,140,-198,-15016,4248,2328,-942,121,-104,-14992,-2728,4884,-469,169,-69,0
1362.0774290561676,10956,4572,10616,-219,-124,126,10052,-9532,8200,32,149,-218,-14968,4200,2440,-959,86,-105,-15108,-2704,4984,-473,188,-84,0
1362.1133511066437,10912,4536,10496,-168,-122,98,10024,-9564,8120,13,153,-211,-15004,4236,2060,-972,99,-163,-15080,-2816,4992,-491,150,-104,0
1362.1487021446228,10988,4512,10636,-137,-100,87,10120,-9544,8136,-23,148,-195,-15084,4096,2536,-995,84,-131,-14960,-2568,4924,-490,193,-92,0
1362.1837890148163,10976,4628,10484,-168,-144,125,10028,-9536,8104,-18,149,-183,-15032,4152,2256,-1020,101,-159,-15100,-2364,4976,-457,176,-104,0
1362.2194409370422,10936,4528,10464,-124,-116,120,10112,-9532,8064,-64,125,-200,-14904,4140,2168,-998,128,-87,-15000,-2592,5060,-476,139,-92,0
1362.255126953125,10944,4664,10496,-83,-119,96,10176,-9608,8064,-91,124,-196,-15092,4136,2396,-1006,92,-73,-15124,-2624,4968,-505,126,-131,0
1362.2916209697723,10924,4520,10348,-52,-65,58,10132,-9744,8144,-59,177,-176,-15036,4144,2480,-1079,35,-87,-14952,-2596,5076,-503,143,-170,0
1362.3251070976255,10980,4380,10524,-91,-55,71,10100,-9528,8084,-34,187,-179,-14896,4324,2244,-1090,52,-99,-15016,-2680,4888,-471,156,-120,0
1362.3588500022888,10840,4628,10592,-30,-48,57,10068,-9692,8136,-112,150,-184,-15060,4184,2296,-1034,63,-117,-14992,-2324,4912,-475,162,-136,0
1362.3921201229095,10948,4536,10632,-104,-69,49,10092,-9560,7936,-36,172,-197,-14960,4092,2424,-1042,70,-130,-15300,-2556,4972,-475,195,-131,0
1362.425563097,11056,4676,10568,-64,-68,71,10064,-9576,8228,-57,141,-149,-15008,4252,2324,-1084,51,-66,-14936,-2660,4960,-490,127,-162,0
1362.459342956543,10988,4624,10516,-15,-47,68,10192,-9604,7972,-81,175,-149,-14956,4164,2412,-1037,36,-31,-15004,-2688,4920,-526,71,-170,0
1362.4928901195526,10976,4652,10504,-37,-18,77,9984,-9672,8116,-82,169,-140,-14996,4264,2524,-1025,69,-71,-14928,-2552,4964,-257,102,-164,0
1362.5262539386747,10932,4836,10676,-32,-28,83,10104,-9600,8268,-76,164,-144,-15060,4152,2416,-1023,90,-87,-15020,-2600,5084,-504,138,-125,0
1362.560019016266,11000,4644,10596,-46,-62,68,10124,-9580,8156,-87,135,-170,-14968,4104,2344,-1065,78,-82,-14960,-2516,4940,-493,148,-118,0
1362.5935320854187,10892,4644,10556,-40,-76,105,9992,-9496,7968,-16,144,-181,-14912,4192,2456,-1082,92,-68,-14892,-2604,5068,-469,150,-126,0
1362.6271390914917,10936,4740,10636,-11,-47,106,10148,-9584,8140,-60,130,-151,-14980,4044,2412,-1060,83,-63,-15096,-2684,5272,-469,138,-99,0
1362.6602399349213,10876,4720,10656,-19,-72,74,10028,-9624,8124,-55,139,-181,-15080,4236,2088,-1034,117,-94,-15032,-2620,4964,-447,123,-139,0
1362.6939690113068,10956,4632,10380,-35,-25,88,10100,-9604,8120,-29,136,-164,-14960,4148,2184,-1063,65,-122,-15012,-2728,5040,-488,144,-155,0
1362.7275149822235,10868,4736,10524,-69,-35,93,10004,-9580,8124,-62,158,-135,-15008,4168,2264,-1056,45,-66,-14928,-2652,5008,-474,98,-167,0
1362.761083126068,10924,4656,10592,-60,-6,86,10152,-9564,7976,-60,120,-172,-15028,4220,2348,-1075,56,-48,-15012,-2672,4972,-470,134,-150,0
1362.7947680950165,10848,4744,10672,-70,-47,77,10116,-9592,8084,-74,141,-197,-14900,4084,2368,-1061,77,-69,-14984,-2672,5008,-466,130,-145,0
1362.8281691074371,10964,4644,10552,-73,-84,79,9744,-9632,8032,-59,118,-170,-14940,4132,2396,-1035,80,-84,-15052,-2780,5168,-495,157,-147,0
1362.8617870807648,10836,4732,10692,-73,-53,111,10144,-9632,8112,-83,129,-185,-14984,4156,2456,-1036,92,-118,-15032,-2628,5068,-481,145,-118,0
1362.8949220180511,10916,4744,10464,-21,-64,95,10172,-9628,7948,-44,114,-171,-14944,4228,2408,-1055,98,-97,-15080,-2624,4940,-471,167,-119,0
1362.928561925888,10856,4644,10712,-45,-60,97,10044,-9524,8124,-25,128,-183,-14992,3876,2388,-1075,73,-72,-15032,-2736,4952,-466,121,-138,0
1362.9620831012726,10948,4844,10484,-61,-97,98,10052,-9684,8120,-57,121,-188,-14868,4152,2552,-1058,81,-98,-15016,-2696,5000,-452,171,-125,0
1362.9956331253052,10940,4760,10612,-49,-87,111,10148,-9624,8108,-80,117,-175,-15008,4216,2340,-1013,91,-94,-15072,-2676,5048,-467,111,-97,0
1363.029047012329,10960,4740,10636,-50,-56,107,10036,-9660,8096,-46,136,-163,-15004,4164,2404,-1091,80,-95,-15044,-2712,4620,-485,105,-155,0
1363.0624821186066,10908,4756,10576,-108,-48,114,10180,-9724,8104,-37,151,-155,-15052,4128,2316,-1089,33,-71,-15048,-2720,5028,-463,122,-135,0
1363.095911026001,10920,4804,10588,-58,-36,85,10052,-9636,8008,-94,137,-173,-14952,4176,2680,-1060,61,-60,-15044,-2584,5080,-463,134,-139,0
1363.1292481422424,10956,4696,10412,-112,-64,52,10196,-9588,7964,-7,127,-163,-14976,4260,2448,-1088,34,-98,-15068,-2656,5168,-444,166,-131,0
1363.1625039577484,10944,4712,10256,-79,-72,83,10196,-9616,8076,-51,142,-170,-14976,4200,2320,-1091,42,-95,-15028,-2716,5016,-440,175,-131,0
1363.1960361003876,10936,5060,10568,-93,-27,81,10056,-9496,8148,-31,128,-155,-14960,4144,2320,-1050,50,-82,-15056,-2660,4876,-452,111,-140,0
1363.2295870780945,10936,4680,10340,-92,-14,75,10116,-9656,8320,-61,153,-151,-14908,4116,2784,-923,-244,-33,-15104,-2608,4992,-417,112,-124,0
1363.2630820274353,10884,4772,10652,-115,-86,79,10024,-9628,8216,-68,212,-167,-14832,4152,2480,-1081,73,-110,-15040,-2628,4968,-419,134,-125,0
1363.2965519428253,10824,4852,10432,-86,-81,110,10084,-9604,8092,-21,159,-172,-14964,4220,2524,-1145,73,-68,-15032,-2580,4992,-423,157,-129,0
1363.333415031433,10912,4752,10556,-131,-92,100,10132,-9572,8152,-9,140,-190,-15008,4172,2552,-1103,75,-43,-15088,-2648,5052,-432,142,-101,0
1363.3684179782867,10892,4732,10556,-84,-94,99,10052,-9704,8136,-22,145,-171,-14956,4160,2568,-1094,65,-106,-15088,-2704,5196,-403,135,-117,0
1363.4040701389313,10812,4728,10744,-105,-67,87,10140,-9592,8172,-1,146,-171,-14920,4052,2380,-1076,78,-66,-15016,-2684,4864,-417,133,-124,0
1363.4394309520721,10868,4720,10512,-108,-44,98,10136,-9628,8028,-30,137,-192,-14992,4164,2612,-1095,82,-99,-15012,-2644,4960,-412,137,-128,0
1363.474956035614,10884,4796,10592,-122,-57,104,10060,-9592,8124,-17,156,-167,-14956,4180,2420,-1100,65,-92,-14988,-2636,5140,-422,141,-111,0
1363.5108721256256,10776,4848,10404,-142,-84,98,10092,-9596,8016,-45,163,-179,-14944,4200,2544,-1053,79,-94,-14976,-2636,4888,-416,148,-120,0
1363.5459821224213,10844,4800,10656,-118,-55,88,10084,-9584,8160,-51,132,-211,-15008,4216,2492,-1007,105,-126,-15016,-2580,5172,-431,153,-119,0
1363.5819890499115,10900,4784,10708,-148,-63,87,10136,-9556,8104,6,150,-188,-14956,4156,2576,-1039,61,-51,-15008,-2596,5044,-434,152,-112,0
1363.6179621219635,10908,4780,10580,-164,-67,91,10044,-9560,8256,-7,153,-187,-14940,4128,2452,-1102,62,-93,-14984,-2652,5184,-412,140,-91,0
1363.6533000469208,10936,4784,10652,-195,-58,94,10064,-9688,8404,9,156,-174,-14936,4164,2516,-1072,85,-72,-14980,-2608,4932,-404,130,-85,0
1363.6886229515076,10888,4636,10548,-208,-85,124,10036,-9564,8036,13,165,-207,-15020,4204,2312,-1042,93,-94,-14992,-2964,4912,-398,128,-59,0
1363.723603963852,10908,4864,10496,-211,-138,118,10088,-9716,8116,-8,134,-208,-14932,4268,2500,-1053,126,-124,-15044,-2652,5072,-432,174,-70,0
1363.7596349716189,10916,4780,10716,-241,-129,150,10088,-9640,8104,-12,145,-221,-15060,4096,2612,-1031,154,-110,-15072,-2672,5108,-429,130,-53,0
1363.7950339317322,10912,4788,10668,-250,-91,132,9996,-9612,8168,-22,155,-219,-15012,4056,2372,-770,135,-124,-14988,-2628,4808,-444,101,-81,0
1363.8308460712433,10872,4784,10652,-255,-81,129,10060,-9684,8112,23,180,-220,-14880,4156,2524,-1024,117,-84,-14852,-2588,5040,-430,160,-41,0
1363.8660230636597,10852,4720,10668,-286,-104,125,9984,-9672,8120,33,171,-206,-14940,4136,2364,-1002,137,-145,-15068,-2708,5104,-422,160,-34,0
1363.902006149292,10896,4732,10596,-291,-115,111,10132,-9692,8376,3,177,-232,-15052,4156,2508,-967,120,-169,-15092,-2632,5052,-386,130,-38,0
1363.9381790161133,11000,4772,10268,-221,-108,129,10176,-9596,8144,12,160,-172,-15020,4076,2584,-1074,88,-133,-15108,-2560,4928,-423,104,-68,0
1363.974825143814,10828,4756,10652,-311,-131,123,10084,-9696,8164,48,163,-211,-15068,4040,2396,-1161,68,-128,-14880,-2800,5036,-400,126,-59,0
1364.0083100795746,10852,4824,10376,-193,-54,100,10056,-9580,8280,25,129,-178,-15032,4196,2480,-1118,109,-125,-15028,-2624,4940,-413,103,-92,0
1364.0416169166565,10852,4648,10504,-191,-110,89,10024,-9532,8104,-251,172,-193,-15000,4188,2420,-1077,106,-111,-15036,-2460,5048,-430,139,-87,0
1364.0748951435087,10840,4748,10500,-215,-108,120,10116,-9548,7984,39,153,-190,-15032,4104,2332,-1137,81,-112,-15132,-2580,5116,-440,163,-87,0
1364.1082229614258,10912,4748,10668,-172,-95,123,10100,-9472,8040,60,159,-179,-15036,4252,2468,-1085,105,-119,-14992,-2584,5088,-429,111,-103,0
1364.1412689685822,10888,4844,10588,-195,-53,119,10136,-9548,8220,37,134,-180,-15020,4340,2316,-1026,164,-54,-15040,-2592,4996,-440,108,-73,0
1364.1749291419983,10908,4688,10628,-197,-110,131,10060,-9572,7964,252,144,-184,-14948,3848,2376,-1016,139,-146,-14956,-2656,5040,-468,155,-69,0
1364.2103929519653,10868,4636,10432,-181,-125,169,10056,-9552,8156,-11,129,-188,-14940,4112,2448,-781,129,-112,-15056,-2520,5056,-435,148,-83,0
1364.2438111305237,10924,4632,10644,-202,-178,164,10108,-9488,7960,32,116,-218,-14884,4140,2316,-1009,106,-148,-14984,-2572,4996,-468,189,-86,0
1364.2774150371552,10828,4664,10632,-147,-141,152,10048,-9620,8264,-18,105,-209,-15068,4132,2496,-1035,149,-120,-15028,-2596,4960,-485,155,-89,0
1364.3110599517822,10928,4772,10516,-171,-161,129,10108,-9552,8024,1,159,-193,-15048,3868,2440,-1010,114,-108,-15060,-2580,4976,-477,174,-106,0
1364.3444271087649,10956,4680,10564,-175,-104,109,10012,-9700,8372,-1,155,-201,-14988,4220,2108,-1033,94,-154,-15096,-2524,5004,-489,164,-91,0
1364.3781089782715,10896,4708,10568,-166,-123,107,10216,-9580,8192,3,156,-223,-14852,4148,2568,-1056,101,-131,-15048,-2608,5056,-491,161,-109,0
1364.4115221500397,10832,4720,10504,-153,-134,115,10016,-9568,8228,-12,137,-209,-14980,4148,2480,-1078,101,-115,-14852,-2456,4988,-456,147,-106,0
1364.4449310302734,10816,4672,10536,-128,-127,84,9780,-9632,8040,-71,156,-216,-14968,4140,2440,-1273,103,-107,-14952,-2308,5040,-482,150,-145,0
1364.4787831306458,10856,4752,10556,-83,-138,107,10180,-9556,8096,-109,139,-201,-14900,4052,2484,-1000,71,-72,-14972,-2604,4932,-525,121,-147,0
1364.512403011322,10992,4696,10476,-30,-103,83,10076,-9540,8116,-53,138,-192,-14960,4020,2504,-1051,89,-88,-15096,-2556,4916,-520,133,-160,0
1364.5456161499023,11204,4792,10464,-20,-84,85,10080,-9536,7940,-66,159,-181,-15004,4044,2540,-1011,90,-128,-15040,-2548,4964,-560,120,-135,0
1364.579293012619,10896,4776,10276,-44,-66,97,10028,-9584,8096,-76,120,-183,-14984,3872,2508,-1008,86,-91,-15016,-2552,5000,-567,172,-129,0
1364.6128470897675,11228,4832,10996,-63,-116,82,10112,-9604,8200,-66,164,-174,-15048,4080,2464,-1099,47,-36,-15088,-2656,5016,-492,133,-166,0
1364.6463890075684,10948,4696,10524,-55,-65,86,10132,-9504,8160,-88,130,-179,-14988,3996,2428,-1073,43,-23,-15036,-2548,4948,-759,242,-140,0
1364.6799750328064,10896,4816,10668,-6,-45,61,10028,-9552,7944,-211,147,-190,-14980,4156,2500,-1016,37,-72,-15320,-2320,5056,-612,176,-166,0
1364.7134969234469,10908,4684,10600,65,-15,88,10108,-9576,8252,-129,109,-167,-14924,4124,2688,-1013,68,-58,-15060,-2492,5124,-499,70,-127,0
1364.7469980716703,10844,4772,10672,-101,2,91,9992,-9656,8116,-31,138,-105,-14988,4200,2548,-1032,28,-49,-15056,-2568,5016,-423,143,-148,0
1364.7803399562836,10840,4808,10596,-111,-8,104,10132,-9616,8040,5,163,-124,-15060,4092,2528,-1027,48,-45,-15004,-2564,5312,-324,103,-135,0
1364.8139281272888,10884,4780,10580,-119,-44,99,9988,-9556,8108,-17,148,-156,-14980,4040,2540,-1007,5,-67,-15120,-2560,4996,-224,178,-83,0
1364.8474750518799,10868,4768,10480,-220,-61,87,10080,-9632,8100,27,180,-153,-14988,4140,2340,-1022,11,-171,-15016,-2484,4928,-242,229,-90,0
1364.8809740543365,10928,4716,10596,-184,-25,113,10096,-9600,8108,37,160,-161,-14908,4292,2372,-1054,-239,-96,-15028,-2536,4992,-324,175,-117,0
1364.914361000061,10860,4824,10440,-150,-247,84,9572,-9560,8100,88,353,-171,-14980,4124,2724,-1049,5,-69,-15100,-2528,5040,-279,231,-125,0
1364.9479370117188,10984,4804,10360,-143,-253,50,9984,-9604,8076,11,368,-62,-14872,3960,2744,-1028,-52,-66,-14984,-2532,4928,-261,251,-129,0
1364.9813289642334,10888,4764,10528,-180,-256,55,10108,-9572,8340,37,251,-140,-14912,3864,2548,-1021,-48,-82,-14944,-2804,5004,-304,306,-128,0
1365.019103050232,10860,4756,10692,-156,-103,59,10040,-9620,8044,111,303,-161,-14976,4076,2460,-847,-132,-165,-15000,-2748,5068,-204,336,-185,0
1365.0543460845947,10872,4820,10484,-105,-249,51,9812,-9624,8412,209,323,-185,-14936,4024,2536,-1099,-35,-104,-15028,-2440,5060,-326,295,-133,0
1365.089851140976,10840,4920,10472,-138,-35,99,10036,-9652,8216,99,192,-174,-15036,4148,2668,-1176,74,-126,-15084,-2564,5096,-426,202,-159,0
1365.1318209171295,10864,4824,10664,-75,249,106,10020,-9540,8260,10,107,-188,-14968,4096,2736,-1123,86,-97,-15104,-2560,4924,-387,139,-132,0
1365.1682450771332,10892,4744,10596,-53,34,100,10004,-9516,8304,-39,137,-146,-14628,4096,2644,-1092,105,-84,-15008,-2560,4872,-445,115,-119,0
1365.2033989429474,10844,4924,10288,-35,-16,113,9896,-9376,8172,-111,78,-180,-14956,4036,2480,-1022,119,-57,-15052,-2624,4968,-455,45,-107,0
1365.2394459247587,10876,4748,10636,-20,-139,114,10016,-9580,8180,-109,68,-207,-14916,4064,2580,-1009,79,-65,-14984,-2532,5072,-348,-31,-109,0
1365.2749049663544,10876,4820,10488,-43,-137,66,10184,-9652,8216,-91,55,-201,-14952,4128,2548,-1031,75,-71,-15112,-2584,5100,-365,-37,-118,0
1365.3103051185608,10952,4764,10424,-44,-48,91,10064,-9568,8428,-80,71,-161,-14992,4152,2724,-1048,59,-34,-15060,-2476,5024,-447,18,-146,0
1365.34618806839,10896,4772,10524,-105,-67,109,9968,-9600,8168,-45,112,-177,-14964,4320,2680,-1085,89,-73,-15044,-2516,5016,-464,99,-157,0
1365.3818850517273,10912,4812,10612,-75,-32,113,10216,-9560,8112,-35,95,-191,-14992,4032,2764,-778,93,-17,-15044,-2568,5024,-501,158,-122,0
1365.4174580574036,10968,4880,10656,-111,6,139,10076,-9608,8296,-46,121,-190,-14908,4044,2608,-1017,134,-50,-14940,-2528,4916,-438,183,-105,0
1365.4533610343933,10776,4816,10328,-139,-40,134,10072,-9632,8200,-39,94,-223,-14936,4344,2572,-1014,167,-83,-15036,-2764,5116,-480,180,-80,0
1365.4898221492767,10760,4860,10548,-104,-57,115,10092,-9596,8064,-61,156,-208,-15032,4244,2624,-974,176,-79,-15104,-2624,5016,-264,123,-153,0
1365.5249481201172,10876,4920,10612,-101,-51,87,10236,-9660,8376,-93,187,-152,-15048,4164,2588,-1011,124,-52,-15048,-2508,4984,-264,147,-143,0
1365.5611829757693,10840,4856,10432,-165,-39,115,10040,-9592,7984,-47,112,-212,-14996,4152,2740,-981,89,-52,-15064,-2596,4964,-529,157,-117,0
1365.59587597847,10824,4984,10476,-102,-41,102,10176,-9644,8128,-87,132,-187,-14952,4040,2564,-940,165,-43,-15016,-2592,4984,-533,182,-160,0
1365.6312930583954,10960,4796,10504,-148,-68,91,10004,-9580,8204,-96,106,-201,-14984,4160,2376,-940,158,-77,-14952,-2396,4868,-530,168,-123,0
1365.6667590141296,10916,4884,10736,-111,-24,91,10056,-9584,7976,-38,102,-188,-14904,4140,2528,-989,173,-93,-15012,-2628,5004,-547,191,-95,0
1365.7002279758453,10944,5004,10552,-158,-12,83,10088,-9468,8104,-42,129,-132,-14892,4064,2752,-961,185,1,-15040,-2572,5200,-500,84,-157,0
1365.7338900566099,10868,4636,10836,-197,-38,80,10188,-9592,8140,-30,99,-202,-14928,4148,2372,-882,167,-34,-14880,-2508,5120,-271,107,-117,0
1365.7674250602722,10672,4812,10556,-208,-62,99,9944,-9516,8116,-24,200,-165,-14900,4304,2340,-911,130,-69,-15020,-2552,5084,-516,185,-127,3
1365.8010029792786,10524,4944,10648,-241,-134,101,9960,-9652,8276,3,177,-200,-14872,4084,2708,-919,159,-155,-15088,-2492,4984,-455,260,-68,3
1365.8346970081327,10760,4848,10488,-319,-161,130,9892,-9500,8376,-12,136,-260,-14920,4188,2528,-811,232,-163,-15056,-2580,5084,-438,273,-45,3
1365.8682501316073,10824,4800,10520,-274,-169,139,9972,-9624,8152,-22,146,-224,-14936,4176,2552,-853,177,-133,-15048,-2548,5084,-437,231,-65,3
1365.9016160964966,10864,4796,10680,-328,-152,142,10088,-9576,8148,-13,168,-217,-15020,4176,2784,-846,180,-108,-15036,-2500,5084,-486,244,-68,3
1365.9354009628296,10852,4712,10400,-330,-128,116,9996,-9628,8116,7,190,-201,-14956,4140,2676,-818,148,-120,-14884,-2508,4992,-435,290,-56,3
1365.968985080719,10808,4800,10564,-364,-118,144,10024,-9588,8216,33,244,-180,-15084,4344,2328,-792,113,-161,-14868,-2468,4868,-407,298,-34,3
1366.0025300979614,10844,4712,10548,-383,-108,151,10096,-9572,8420,30,212,-179,-14988,4032,2536,-788,137,-187,-15044,-2460,5004,-388,322,-35,3
1366.035833120346,10784,4836,10620,-400,-403,24,9980,-9700,8172,-45,20,-247,-14960,4036,2380,-688,212,-201,-15352,-2412,4980,-352,285,-47,0
1366.069414138794,10876,4784,10696,-361,-175,125,10040,-9584,8296,-26,165,-234,-14960,4140,2472,-750,199,-193,-14876,-2320,4792,-356,276,-41,0
1366.102823972702,10828,4764,10636,-338,-205,153,10048,-9588,8144,-22,196,-234,-14864,4076,2592,-759,229,-211,-15044,-2476,5052,-370,254,-56,0
1366.1360700130465,10968,4592,10504,-346,-243,155,10028,-9476,8296,0,221,-198,-15008,4088,2460,-741,194,-209,-15056,-2432,4984,-340,216,-52,0
1366.1700780391693,10988,4696,10300,-350,-254,164,10076,-9568,8152,-58,214,-225,-15056,4072,2408,-745,3,-190,-15104,-2572,4648,-385,244,-38,0
1366.2036731243134,10852,4748,10748,-393,-259,172,10012,-9460,8072,-23,203,-222,-15020,4052,2608,-749,217,-192,-15076,-2516,4964,-410,211,-33,0
1366.2373149394987,10908,4724,10684,-412,-11,184,10008,-9448,8156,-24,213,-207,-15000,4156,2472,-1019,177,-196,-15196,-2468,4980,-424,248,-57,0
1366.2710549831393,11020,4796,10676,-388,-272,168,10032,-9520,8436,-21,196,-218,-15028,4096,2404,-757,190,-141,-15108,-2524,4964,-459,223,-59,0
1366.304729938507,10844,4696,10592,-395,-273,149,10196,-9532,8220,-12,228,-223,-14896,4084,2212,-770,203,-152,-14932,-2404,4956,-456,192,-40,0
1366.3380720615387,11028,4608,10368,-335,-210,138,10080,-9580,8200,-20,201,-209,-15092,4348,2528,-765,151,-156,-15120,-2464,4948,-520,174,-104,0
1366.3716590404513,10780,4628,10740,-315,-248,139,10080,-9620,8244,46,186,-186,-15108,3852,2344,-869,77,-131,-15044,-2496,4828,-538,158,-106,0
1366.4048540592194,10876,4792,10364,-218,-242,147,9924,-9548,8292,-10,157,-189,-14992,4104,2288,-802,158,-106,-15088,-2484,4972,-510,196,-122,0
1366.4382829666138,11000,4548,10564,-233,-154,120,10056,-9532,8384,-29,165,-223,-14972,4064,2376,-815,175,-138,-15108,-2408,4924,-462,262,-96,0
1366.4717910289764,10976,4632,10524,-305,-235,113,10000,-9596,8168,56,180,-264,-14960,4220,2372,-923,80,-176,-15140,-2500,5032,-458,216,-108,0
1366.5054371356964,11000,4616,10604,-278,-6,127,9776,-9472,8268,45,160,-181,-15004,4156,2324,-870,92,-76,-15100,-2528,4852,-526,131,-109,0
1366.5386810302734,10972,4684,10532,-177,-200,52,10028,-9532,8172,-40,191,-209,-14972,4136,2248,-889,52,-49,-15132,-2420,5044,-658,71,-132,0
1366.5721819400787,10976,4544,10572,-102,-188,96,10040,-9528,8136,-33,114,-205,-15036,4112,2300,-979,31,-67,-15236,-2368,4940,-606,150,-131,0
1366.605574131012,11048,4624,10512,-84,-208,104,10172,-9492,8432,-82,138,-219,-14936,3860,2460,-994,98,-56,-15072,-2436,4900,-606,132,-133,0
1366.639074087143,11056,4504,10256,-36,-143,87,9968,-9464,8196,-91,89,-196,-14976,4116,2400,-771,116,-87,-14996,-2400,4848,-597,164,-189,0
1366.6748991012573,10792,4600,10320,8,-55,72,9752,-9728,8028,-36,142,-199,-14944,4100,2268,-1062,18,-22,-15112,-2508,4896,-581,135,-200,0
1366.710291147232,11064,4552,10468,-10,-85,102,10112,-9228,8360,-33,133,-187,-15008,4168,2540,-1006,58,-38,-15072,-2520,4876,-764,150,-142,0
1366.7454750537872,11076,4668,10460,-52,-107,96,9924,-9552,8272,-77,103,-194,-14944,3848,2336,-771,71,-27,-15116,-2488,4860,-522,103,-163,0
1366.7818040847778,11052,4672,10536,-254,-58,105,10020,-9524,8276,-55,97,-176,-15016,4100,2460,-1038,41,-66,-15072,-2424,4900,-553,153,-141,0
1366.8174650669098,10888,4736,10492,-34,-43,115,10016,-9440,8376,-80,148,-161,-14920,4120,2744,-979,18,-88,-15064,-2496,4928,-551,140,-166,0
1366.8529670238495,10916,4856,10548,-12,-91,80,9988,-9572,8216,-61,139,-173,-14996,4060,2340,-976,42,-60,-15204,-2444,5076,-767,77,-156,0
1366.888728141785,11208,4620,10636,-75,-34,78,10064,-9540,8332,-68,143,-190,-14976,3956,2364,-966,121,-65,-14864,-2496,4976,-528,138,-170,0
1366.9241659641266,11056,4692,10496,-75,-58,96,10028,-9604,8220,-35,110,-185,-14960,4144,2116,-972,39,-51,-14852,-2408,5096,-521,74,-175,0
1366.9595839977264,10996,4836,10720,64,-100,101,10224,-9656,8248,-111,101,-184,-14984,4064,2540,-948,64,-94,-15032,-2460,4888,-571,133,-134,0
1366.994735956192,10948,4724,10452,-11,-64,85,10036,-9528,8040,-72,93,-185,-14972,4220,2384,-991,70,-54,-15280,-2408,4900,-522,156,-141,0
1367.0305769443512,10956,4752,10500,-81,-122,103,10096,-9500,8176,-65,112,-187,-14980,4148,2416,-1021,73,-79,-15012,-2504,4968,-768,133,-145,0
1367.0653619766235,11112,4636,10488,-42,-66,111,10064,-9536,8360,-57,133,-143,-15060,4264,2320,-1040,29,-45,-14960,-2508,4932,-767,82,-183,0
1367.100821018219,10968,4696,10556,-80,-84,108,9956,-9604,7960,-17,100,-140,-14988,4072,2516,-1099,-43,-25,-14992,-2316,4956,-493,45,-195,0
1367.1359839439392,10768,4744,10468,-68,5,115,10040,-9552,8216,-42,99,-153,-14852,4032,2388,-1022,-12,20,-15096,-2732,5016,-513,45,-207,0
1367.1722059249878,11232,4748,10244,-42,-78,96,9996,-9624,8220,-80,107,-181,-14956,4132,2452,-772,9,-255,-15116,-2468,4956,-520,72,-180,0
1367.2081849575045,10968,4724,10416,-56,-17,119,9932,-9560,8208,-49,62,-169,-14908,4136,2492,-1088,6,-39,-15092,-2512,5084,-546,93,-159,0
1367.2434930801392,11008,4720,10324,19,-4,106,10068,-9456,8168,-44,79,-146,-14864,4196,2304,-1046,58,-39,-15028,-2500,5092,-542,79,-165,0
1367.2788729667664,10940,4748,10460,-23,16,96,9992,-9588,8208,-50,106,-145,-14984,4180,2524,-1277,116,-64,-15028,-2452,4888,-766,93,-141,0
1367.3140649795532,10904,4808,10280,-111,-41,86,10220,-9600,7952,-54,165,-182,-15008,4232,2648,-996,146,-75,-14900,-2808,4916,-506,184,-125,0
1367.349424123764,10976,4788,10472,-96,-25,105,10016,-9604,8288,-52,131,-172,-15016,4196,2392,-1010,184,-89,-14944,-2756,4940,-505,156,-99,0
1367.383005142212,10936,4792,10352,-129,-70,131,9940,-9524,8016,-41,112,-181,-14888,4184,2580,-1001,173,-83,-15060,-2456,4952,-465,98,-137,0
1367.4166910648346,11180,4716,10316,-127,-167,119,9992,-9624,8296,-74,141,-195,-14976,4088,2620,-951,147,-101,-14856,-2520,5136,-482,175,-108,0
1367.4500720500946,11000,4864,10580,-141,-120,112,9972,-9476,8288,-62,162,-167,-14916,4172,2344,-949,179,-74,-14988,-2480,4908,-498,153,-109,0
1367.4834971427917,10816,4756,10416,-105,-67,114,10016,-9632,8108,-55,128,-177,-15004,4196,2468,-960,185,-63,-15056,-2464,4940,-510,133,-120,0
1367.5173139572144,10860,4784,10568,-147,-115,123,10060,-9520,7980,-58,150,-183,-15104,4116,2520,-958,190,-83,-15040,-2492,4928,-481,131,-112,0
1367.5510070323944,10912,4788,10568,-115,-129,120,10024,-9584,8160,-65,141,-161,-14880,4124,2476,-908,217,-85,-15036,-2572,5048,-508,134,-118,0
1367.5844810009005,10928,4804,10412,-150,-94,125,9992,-9536,8120,-97,166,-215,-14988,4100,2508,-902,201,-131,-14976,-2324,5000,-507,159,-103,0
1367.61807513237,10948,4792,10716,-169,-123,118,9976,-9560,8280,-66,141,-201,-14976,4208,2280,-915,237,-118,-15352,-2360,5020,-533,157,-121,0
1367.651391029358,11036,4792,10672,-140,-108,121,10056,-9560,8204,-76,175,-179,-14952,4128,2456,-901,178,-53,-15024,-2528,5068,-508,129,-108,0
1367.6849009990692,10808,4736,10568,-135,-122,107,10048,-9684,8220,-38,122,-210,-14920,4276,2120,-930,191,-80,-15064,-2584,4992,-530,80,-114,0
1367.718621969223,10968,4792,10392,-176,-98,114,10012,-9592,8232,-40,89,-171,-14988,4144,2432,-901,203,-103,-14996,-2520,5072,-551,137,-123,0
1367.752002954483,11260,4764,10476,-181,-120,131,9728,-9656,8220,-63,130,-183,-14976,4200,2376,-888,183,-110,-14992,-2512,4936,-538,171,-109,0
1367.7855079174042,11028,4856,10456,-247,-152,116,10056,-9648,8172,-48,153,-231,-14940,4172,2340,-838,179,-120,-14916,-2484,5036,-501,145,-94,0
1367.8192780017853,11116,4800,10336,-194,-91,122,9992,-9664,8232,-36,172,-187,-14972,4252,2448,-870,162,-95,-15140,-2464,4908,-529,112,-93,0
1367.852690935135,11048,4740,10484,-295,-59,151,10000,-9896,8140,25,162,-167,-14980,4284,2316,-917,95,-95,-15024,-2556,5108,-544,114,-110,0
1367.8861701488495,10972,4844,10404,-300,-88,160,9760,-9516,8172,-26,123,-209,-15032,4116,2396,-959,166,-125,-15064,-2748,5024,-559,132,-41,0
1367.919979095459,11088,4844,10312,-265,-124,124,10032,-9704,7980,-61,149,-221,-15336,4280,2480,-982,102,-113,-15036,-2504,4980,-558,122,-123,0
1367.9534599781036,11120,4628,10292,-308,-142,109,10072,-9632,8148,28,136,-182,-15032,4276,2340,-1066,32,-133,-15068,-2472,5008,-571,125,-146,0
1367.98717212677,11148,4796,10276,-285,-64,109,10004,-9476,8312,36,153,-164,-14964,4244,2320,-1087,67,-83,-15044,-2664,4976,-516,132,-91,0
1368.020702123642,11000,4700,10260,-323,-32,132,10052,-9584,8244,35,159,-170,-15036,4148,2464,-1038,82,-73,-14996,-2544,5084,-509,71,-84,0
1368.0540289878843,11240,4700,10496,-296,-137,126,10080,-9640,8176,40,150,-186,-14960,4180,2224,-1091,-14,-74,-15036,-2496,5088,-767,20,-124,0
1368.0875871181488,10940,4696,10736,-241,-243,159,10056,-9572,8268,-18,95,-180,-15016,4144,2360,-1118,73,-124,-15092,-2648,4964,-574,-256,-100,0
1368.1209800243378,10988,4740,10032,-249,-152,162,10004,-9608,8136,39,95,-189,-15040,4124,2416,-1136,118,-145,-14984,-2508,4940,-522,158,-94,0
1368.154521942139,11232,4708,10664,-332,-149,148,9944,-9528,8168,67,127,-189,-14924,4208,2548,-1180,100,-108,-14968,-2472,5020,-495,119,-88,0
1368.1877229213715,10940,4728,10352,-283,-150,145,9992,-9572,8184,41,155,-183,-14972,4180,2392,-1119,56,-91,-15000,-2472,4968,-525,97,-115,0
1368.2212450504303,11052,4628,10248,-218,-174,131,10016,-9508,8296,49,96,-175,-14948,4132,2368,-1107,35,-111,-15084,-2620,5040,-510,-17,-119,0
1368.2546660900116,11148,4704,10572,-115,-188,171,10048,-9620,8208,252,37,-196,-15044,4148,2400,-1206,91,-99,-15032,-2524,4888,-570,18,-79,0
1368.2881779670715,11112,4632,10328,-174,-157,158,9932,-9556,8356,34,60,-175,-14984,4000,2416,-1098,113,-112,-15084,-2520,5100,-264,179,-59,0
1368.3217470645905,11096,4684,10572,-226,-106,158,10196,-9484,8140,35,109,-188,-14948,3860,2164,-1097,135,-104,-14956,-2504,5000,-482,68,-68,0
1368.3575460910795,11252,4556,10356,-225,-192,154,10080,-9616,8260,-43,118,-204,-15016,4196,2440,-1045,91,-45,-15108,-2544,5076,-590,96,-98,0
1368.3929150104525,10776,4816,10400,-128,-108,119,10068,-9612,8232,-27,65,-200,-14964,4104,2472,-1094,69,-120,-15136,-2432,5048,-582,107,-122,0
1368.4281449317932,11096,4608,10720,-77,-134,93,10104,-9516,8276,-51,90,-204,-15092,4136,2304,-1180,35,-104,-15344,-2472,5296,-539,65,-96,0
1368.4644229412079,11152,4548,10440,-53,-168,109,9804,-9532,8192,-25,114,-211,-15008,4144,2372,-1093,40,-78,-15072,-2520,5124,-545,160,-123,0
1368.5006561279297,11056,4592,10400,-120,-112,102,10064,-9320,8276,-49,130,-207,-14980,4156,2452,-1103,76,-136,-15004,-2404,5048,-484,153,-102,0
1368.5358860492706,11036,4644,10416,-130,-102,97,9996,-9464,8244,-89,115,-226,-15040,4124,2472,-1009,45,-90,-14992,-2600,5056,-526,195,-98,0
1368.5718281269073,10844,4700,10352,-41,-103,102,10148,-9580,8356,-199,117,-204,-14984,4240,2452,-996,18,-82,-15072,-2532,4988,-585,99,-127,0
1368.6077189445496,11184,4616,10324,31,-75,70,10052,-9632,8116,-196,132,-200,-15032,3900,2308,-1066,-85,-147,-15040,-2608,4920,-543,143,-178,0
1368.6428589820862,11096,4716,10584,-25,-76,45,10012,-9288,8244,-125,176,-161,-14924,4112,2400,-1066,-76,-86,-15000,-2624,4900,-526,186,-138,0
1368.6777019500732,10996,5032,10240,90,46,27,10016,-9544,7980,-244,187,-165,-14956,4088,2516,-942,-55,-72,-15088,-2560,4940,-540,178,-131,0
1368.713310956955,11100,4656,10504,-2,-12,37,10072,-9624,8056,-172,109,-189,-14964,4164,2428,-998,-102,-48,-15084,-2504,5040,-546,214,-155,0
1368.7488009929657,10960,4660,10328,23,246,66,10116,-9520,7936,-180,90,-144,-15044,4232,2680,-981,-151,-81,-15016,-2664,5048,-534,138,-150,0
1368.7844610214233,11048,4768,10376,48,-35,92,10040,-9604,8152,-249,121,-147,-14956,4132,2628,-955,-78,-77,-14996,-2548,5232,-529,107,-160,0
1368.8204021453857,11092,4728,10408,1,29,84,9996,-9488,7964,-201,92,-160,-14844,4164,2388,-932,-94,-77,-14948,-2600,5124,-510,155,-148,0
1368.8555290699003,10988,4748,10308,-5,-16,93,9872,-9708,8212,-163,84,-178,-15100,4136,2812,-932,-69,-127,-15124,-2592,5072,-766,142,-153,0
1368.8912620544434,10880,4660,10388,18,-53,121,10000,-9588,8048,-155,93,-194,-14924,4132,2476,-963,14,-98,-15048,-2312,4964,-458,166,-126,0
1368.9275081157684,10884,5028,10404,-31,-64,94,10036,-9588,8176,-111,82,-171,-15088,4152,2612,-994,19,-107,-15016,-2516,5104,-402,206,-93,0
1368.9630320072174,11260,4756,10312,-11,-99,84,10148,-9604,8176,-117,124,-168,-14952,4220,2484,-996,3,-73,-15056,-2340,5080,-468,144,-149,0
1368.9995970726013,11156,4864,10336,-12,-25,109,10136,-9532,8216,-147,151,-170,-14972,4244,2672,-963,-30,-87,-15104,-2520,5032,-523,162,-135,0
1369.0331420898438,10996,4876,10412,-43,-22,99,10140,-9684,8012,-116,85,-155,-14884,4184,2648,-1022,-8,-104,-14984,-2468,4948,-461,191,-136,0
1369.0668370723724,11016,4860,10416,-53,-65,86,10112,-9640,8160,-120,127,-189,-14864,4172,2740,-979,-256,-98,-14948,-2708,5120,-477,210,-131,0
1369.1004979610443,10760,5044,10396,-91,-88,86,10096,-9664,8048,-150,130,-180,-14940,4080,2580,-999,39,-89,-15100,-2588,5116,-436,183,-112,0
1369.1338710784912,11048,4848,10608,-85,-84,80,10040,-9696,8148,-148,151,-190,-14936,4264,2748,-957,46,-65,-14976,-2468,4992,-415,252,-138,0
1369.1673419475555,10964,4824,10452,-44,-34,85,10044,-9620,8076,-79,165,-185,-14864,4156,2796,-950,97,-102,-15104,-2740,5064,-471,195,-119,0
1369.2010340690613,11044,4892,10384,-44,-66,83,10004,-9608,8280,-39,130,-205,-14760,4152,2472,-779,128,-108,-14984,-2512,4976,-424,199,-126,0
1369.2345471382139,10892,4760,10400,-91,-89,85,10024,-9576,8064,41,177,-177,-14860,4116,2776,-1277,120,-104,-15020,-2440,5072,-427,195,-117,0
1369.2681639194489,10984,4896,10372,-150,-86,89,10004,-9696,7968,73,168,-184,-14956,4204,2692,-1112,186,-102,-14976,-2528,4952,-428,177,-114,0
1369.3018379211426,11080,4832,10340,-135,-97,74,10160,-9604,7988,62,195,-205,-14960,4164,2564,-1118,171,-47,-15148,-2476,5172,-413,95,-136,0
1369.3353550434113,11052,4864,10448,-100,-26,76,9968,-9784,8120,72,125,-118,-14968,4180,2608,-1215,104,-77,-15048,-2756,4864,-446,181,-137,0
1369.3689029216766,10964,4728,10384,-281,-101,121,10056,-9608,8148,104,164,-157,-14928,4172,2612,-1167,-4,-140,-14908,-2576,4988,-465,264,-142,0
1369.4021821022034,11088,5040,10252,-118,-91,120,10084,-9584,8268,-72,120,-185,-15052,4188,2648,-1159,37,-95,-15044,-2624,5000,-360,220,-137,0
1369.4356219768524,11012,4824,10392,-170,-40,82,10164,-9760,8088,23,161,-171,-14964,4192,2364,-1172,13,-96,-14944,-2532,5076,-279,172,-168,0
1369.469260931015,11000,4832,10492,-206,-105,100,9984,-9636,8064,88,192,-176,-14936,4112,2544,-1237,-22,-67,-14864,-2744,4632,-384,232,-166,0
1369.5029990673063,11020,4872,10308,-211,-45,98,10092,-9532,8132,101,208,-143,-14884,4200,2556,-1200,-14,-27,-15052,-2500,5096,-489,261,-165,0
1369.5367019176483,11064,4860,10420,-222,18,111,10116,-9692,8100,62,194,-133,-14912,4252,2636,-1194,6,-68,-15096,-2600,5044,-334,301,-161,0
1369.570207118988,10956,4820,10256,-282,-22,129,10064,-9644,8384,94,200,-147,-14664,4156,2716,-1182,-10,-105,-15028,-2560,4932,-294,273,-137,0
1369.6037600040436,10988,4940,10420,-141,-65,106,10076,-9584,8008,43,134,-145,-14608,4148,2600,-1083,88,-104,-14896,-2612,4984,-414,182,-163,0
1369.6372759342194,10988,4792,10272,-150,-55,110,10028,-9620,8060,11,124,-168,-14864,4164,2564,-1130,145,-57,-14868,-2624,4956,-390,151,-120,0
1369.6708679199219,11248,5096,10388,-118,1,120,10028,-9600,8176,249,102,-153,-14928,4120,2920,-1103,81,-64,-15020,-2680,5012,-326,174,-140,0
1369.7044320106506,11012,4920,10256,-170,-110,116,10000,-9700,8188,-20,142,-151,-15020,4112,2776,-1106,47,-43,-15340,-2328,5048,-399,121,-149,0
1369.7380471229553,11032,4888,10320,-201,-34,88,10036,-9544,8248,-21,125,-149,-14760,4148,2848,-1093,23,-88,-15076,-2596,5016,-387,95,-134,0
1369.7715709209442,11080,4808,10364,-211,-45,109,10148,-9576,8252,-3,88,-117,-15028,4184,2844,-1105,68,-42,-14992,-2576,5008,-387,24,-140,0
1369.8050129413605,11088,4772,10404,-171,13,130,9996,-9672,8288,-33,61,-125,-14976,4140,2572,-1211,57,-28,-15048,-2444,5088,-361,-27,-116,0
1369.8387389183044,11008,4852,10516,-215,-55,128,9956,-9728,8108,0,98,-174,-15092,4148,2332,-1226,43,-3,-14924,-2536,4960,-242,-164,-122,0
1369.872313976288,10808,4832,10672,-216,-47,133,10108,-9672,8156,22,91,-156,-14996,4068,2704,-1314,253,-57,-15032,-2560,5060,-276,-355,-122,0
1369.9056921005247,11000,4832,10328,-198,9,121,9992,-9640,8320,57,108,-143,-14916,4140,2740,-1398,3,-4,-15044,-2616,4888,-263,-533,-111,0
1369.9391379356384,10964,4740,10532,-171,56,106,9848,-9624,8200,46,131,-115,-15092,4144,2708,-1364,29,-44,-15016,-2804,5204,-272,-457,-103,0
1369.9726071357727,10872,4776,10728,-130,29,81,9968,-9984,8264,-253,88,-139,-14936,4156,2764,-1281,42,-65,-14988,-2488,5280,-203,-368,-103,0
1370.0059671401978,10900,5076,10300,-147,128,112,9732,-9656,8028,-17,88,-172,-14912,4152,2748,-1251,128,-113,-14912,-2556,5056,-275,-497,-26,0
1370.0425081253052,10964,4840,10388,-163,58,119,10068,-9604,8144,-30,94,-186,-14940,4144,2568,-1101,215,-97,-14872,-2640,5096,-344,-122,-52,0
1370.0775411128998,10884,5068,10600,-169,-58,119,10224,-9604,8028,-77,128,-190,-15084,4124,2696,-1060,219,-111,-14980,-2512,5256,-350,-145,-9,0
1370.1133260726929,10968,4892,10600,-268,-46,140,10048,-9604,8088,-37,117,-200,-14968,4304,2912,-1066,166,-133,-14960,-2568,5364,-372,-83,-14,0
1370.1519100666046,11124,4828,10412,-191,-20,76,9976,-9640,8136,-90,94,-191,-14864,4040,2956,-1076,142,-88,-15016,-2396,5128,-470,-194,-81,0
1370.1880459785461,11052,4672,10536,-252,29,93,10020,-9728,8188,-6,136,-158,-14976,4132,2668,-1139,62,-90,-14912,-2392,5312,-458,-63,-75,0
1370.2235250473025,10944,4904,10644,-306,-84,141,9964,-9588,8396,-14,121,-196,-14884,4008,2808,-1077,86,-116,-14952,-2476,5360,-427,94,-71,0
1370.2592849731443,10984,4880,10548,-277,-98,134,10052,-9716,8096,-88,133,-226,-15036,4076,2732,-1070,99,-130,-15056,-2368,5384,-487,148,-83,0
1370.294851064682,10932,4696,10500,-233,-127,115,10084,-9588,8192,-8,103,-219,-14896,4036,2844,-1118,133,-128,-14972,-2480,5620,-482,135,-119,0
1370.3306031227112,10904,4776,10368,-173,-51,161,10048,-9608,8384,11,112,-164,-14964,4040,2620,-1135,144,-69,-14884,-2504,5292,-423,56,-88,0
1370.3661279678345,10920,4772,10304,-237,-43,126,10088,-9684,8184,-11,140,-171,-14680,4056,2740,-1077,158,-54,-15068,-2536,5404,-442,61,-91,0
1370.4017570018768,10828,4808,10416,-4,-23,139,9964,-9640,8152,-40,116,-168,-14932,4172,2672,-1061,188,-71,-14980,-2348,5348,-460,102,-73,0
1370.4371891021729,10896,4792,10432,-214,-68,151,10056,-9540,8308,-251,112,-189,-14940,3864,2684,-1064,180,-101,-14908,-2500,5428,-424,110,-52,0
1370.471918106079,10788,4700,10676,-208,-103,152,10036,-9660,8112,13,67,-230,-14884,4172,2668,-1041,232,-136,-14972,-2432,5320,-409,160,-65,0
1370.5074520111084,11208,4720,10480,-222,-113,187,10076,-9596,8212,-21,69,-235,-14936,4112,2784,-1037,199,-109,-14976,-2488,5448,-447,154,-66,0
1370.5434501171112,10988,4752,10636,-230,-162,152,10100,-9552,8064,-251,96,-167,-14952,3996,2788,-1029,193,-97,-15016,-2744,5432,-472,149,-99,0
1370.579251050949,10800,4784,10544,-216,-86,138,9984,-9592,8364,7,138,-166,-14880,4140,2688,-993,189,-104,-14900,-2316,5376,-496,163,-61,0
1370.614984035492,10972,4764,10716,-219,-97,155,10076,-9652,8180,25,109,-180,-14992,4292,2884,-1040,173,-72,-14940,-2436,5380,-524,159,-70,0
1370.6505379676819,10956,4748,10508,-165,-80,139,10044,-9612,8220,-36,101,-188,-14924,4020,2768,-1020,196,-59,-15020,-2700,5316,-473,172,-92,0
1370.6869270801544,10880,4792,10396,-167,-130,115,10032,-9556,8108,-56,143,-213,-14916,4008,2568,-967,143,-78,-14896,-2376,5256,-498,144,-137,0
1370.7205231189728,11072,4668,10532,-171,-114,118,10112,-9956,8156,35,101,-227,-14928,4108,2708,-1056,116,-113,-14912,-2380,5476,-513,160,-128,0
1370.7537710666656,10776,4700,10480,-221,-161,153,9976,-9524,8108,34,77,-187,-14828,3992,2736,-992,178,-158,-14912,-2524,5436,-454,228,-127,0
1370.7873780727389,10820,4756,10240,-110,-114,139,10088,-9548,8100,-89,112,-251,-14916,4116,2812,-943,189,-133,-15028,-2300,5304,-458,237,-94,0
1370.8210079669952,11028,4724,10736,-105,-173,108,10236,-9608,8076,-43,127,-220,-14968,4144,2528,-992,121,-84,-14992,-2476,5420,-257,235,-130,0
1370.8544540405273,11016,4684,10268,-53,-81,97,10072,-9624,8212,-92,114,-180,-14932,4016,2624,-1279,94,-74,-15072,-2412,5288,-496,110,-105,0
1370.8879809379578,11072,4764,10404,-74,-38,124,10060,-9600,8092,-77,96,-173,-14992,3964,2652,-1067,90,-80,-14880,-2308,5316,-492,101,-144,0
1370.9216270446775,11008,4736,10388,-31,-13,87,10088,-9600,8356,-122,172,-154,-14912,4000,2700,-1061,67,-40,-15020,-2436,5272,-551,92,-126,0
1370.9551689624789,11020,4832,10408,-88,-51,94,10124,-9600,8064,-88,143,-168,-14948,3944,2644,-1027,43,-32,-14856,-2472,5192,-543,155,-168,0
1370.9887049198153,11172,4808,10484,-84,-79,73,10088,-9576,8292,-145,119,-203,-14880,4104,2736,-1021,69,-35,-14960,-2456,5332,-529,93,-142,0
1371.0224330425265,10908,4736,10428,-67,-107,84,9980,-9664,8092,-141,113,-194,-14956,3852,2672,-1044,59,-29,-14908,-2492,5520,-574,170,-154,0
1371.0558140277865,10876,4728,10720,-66,-110,40,10044,-9664,8140,-126,121,-183,-14948,4112,2688,-1022,35,-106,-14992,-2460,5388,-591,91,-177,0
1371.0894811153412,10968,4820,10496,-42,-33,102,10120,-9676,8188,-107,82,-160,-14876,4116,2612,-771,54,-80,-14932,-2512,5420,-530,62,-170,0
1371.1231849193573,10884,4832,10480,-50,-64,96,9976,-9676,8128,-122,60,-160,-14864,4024,2588,-1048,91,-27,-14956,-2500,5600,-563,84,-137,0
1371.1564819812775,10992,4708,10604,-65,-15,86,10040,-9604,8112,-170,141,-141,-14928,4132,2744,-1031,50,-19,-14988,-2508,5380,-577,46,-172,0
1371.189980983734,10928,4836,10524,-25,-83,82,10052,-9712,8144,-144,117,-183,-14972,4116,2712,-1001,67,-61,-14928,-2352,5464,-596,62,-170,0
1371.2235140800476,10948,4784,10360,-27,-70,60,10020,-9636,8096,-117,104,-177,-14956,4040,2664,-1044,103,-69,-15020,-2532,5224,-556,75,-179,0
1371.257110118866,11040,4756,10444,-27,-41,71,9836,-9640,8168,-109,119,-171,-14848,4008,2868,-1075,107,-74,-14900,-2460,5308,-569,132,-183,0
1371.290738105774,10952,4808,10256,-82,-47,59,10064,-9692,7996,-96,99,-183,-14944,4060,2724,-1070,136,-67,-14924,-2508,5368,-538,132,-153,0
1371.3239929676056,11028,4880,10388,-82,-33,89,10052,-9696,8148,-41,77,-158,-15072,3980,2812,-1052,153,-36,-14936,-2488,5340,-504,134,-162,0
1371.3574209213257,10976,4900,10488,-84,-29,87,10152,-9668,8004,-57,87,-179,-14900,4312,2868,-1074,186,-34,-14904,-2468,5368,-510,67,-130,0
1371.3909389972687,10944,4812,10568,-71,-35,85,10132,-9712,7976,-99,150,-22,-15496,4356,2812,-1085,171,-48,-14880,-2544,5488,-558,117,-170,0
1371.4244210720062,10960,4876,10436,-30,-109,98,10136,-9720,8140,-509,65,-164,-14676,4216,2788,-1014,86,-74,-14972,-2492,5348,-556,91,-177,0
1371.4580659866333,11016,4880,10456,-52,-79,93,10144,-9768,7948,-147,121,-195,-15028,4256,2600,-867,33,-27,-14952,-2392,5400,-529,138,-132,0
1371.4914541244507,10956,4836,10424,-56,-104,83,10096,-9712,8052,-156,118,-159,-14880,3888,2560,-960,70,-65,-14868,-2424,5404,-524,224,-150,0
1371.5249841213226,10848,4860,10400,-64,-57,115,9872,-9688,8136,-41,91,-174,-14936,4168,2828,-1036,142,-34,-14880,-2456,5544,-490,172,-150,0
1371.5587301254272,10924,5012,10584,-93,-56,136,10024,-9720,8048,-32,92,-172,-15024,4140,3048,-1047,154,-82,-14892,-2336,5592,-502,193,-118,0
1371.5923099517822,10972,4816,10528,-107,-71,97,10108,-9752,8136,-49,151,-176,-14908,4124,2792,-1016,131,-90,-15024,-2512,5600,-505,119,-150,0
1371.6258709430695,10952,4884,10344,-91,-53,80,9932,-9484,7952,-76,196,-182,-15016,3972,2972,-960,66,-62,-14676,-2548,5436,-766,180,-142,0
1371.6592609882355,10872,4976,10356,-86,-99,68,10136,-9696,8000,-209,125,-174,-14960,3844,2692,-938,78,-59,-15004,-2484,5388,-537,101,-161,0
1371.6928050518036,10976,4812,10468,-43,-31,44,10056,-9796,8116,-117,143,-135,-14884,4152,2748,-1014,-65,-31,-15024,-2460,5388,-545,90,-184,0
1371.7301020622253,10796,4768,10720,-153,-40,99,11168,-9588,8424,26,-13,-167,-14704,4028,2772,-1137,118,-69,-14956,-2556,5484,-493,103,-113,0
1371.7654941082,10872,4940,10428,-110,-17,94,10012,-9612,7992,-92,116,-132,-14944,4028,2900,-981,112,-85,-14992,-2500,5208,-490,142,-158,0
1371.8017659187317,10960,4860,10716,-135,-77,69,10132,-9656,8436,-54,134,-168,-14896,4072,2624,-1001,28,-38,-14932,-2560,5304,-523,166,-161,0
1371.8382439613342,10908,4920,10288,-107,-34,105,9980,-9744,8132,-26,128,-125,-14932,4044,2560,-1044,17,-37,-14856,-2616,5388,-555,112,-126,0
1371.87335896492,10896,4944,10572,-78,-52,96,10124,-9716,8144,-94,102,-110,-14944,4104,2668,-948,78,12,-14928,-2508,5396,-500,82,-146,0
1371.9086849689484,10936,4852,10456,-128,-97,115,10228,-9740,8068,-71,121,-160,-15104,4028,2788,-964,114,-63,-15088,-2712,5504,-478,124,-126,0
1371.9439570903778,10872,4932,10436,-157,-95,97,10152,-9960,8124,-79,187,-172,-14812,4168,2752,-957,83,-55,-14868,-2544,5408,-264,166,-147,0
1371.9798691272736,11004,4848,10272,-165,-127,97,10208,-9512,7976,-19,131,-178,-14712,3924,2696,-995,106,-41,-15012,-2460,5412,-475,107,-134,0
1372.0148530006409,10936,4824,10408,-177,-107,117,10008,-9488,8136,-10,130,-188,-15052,4112,2576,-972,108,-96,-14924,-2484,5548,-464,175,-74,0
1372.0504281520844,10876,4884,10644,-160,-112,104,10076,-9952,8004,40,176,-187,-14876,4236,2780,-983,139,-61,-14944,-2504,5552,-405,141,-107,0
1372.0859191417694,10888,4988,10476,-187,-72,112,9984,-9872,7916,65,185,-171,-15084,4348,2864,-1015,123,-110,-14952,-2356,5480,-372,127,-42,0
1372.1219749450684,10920,5092,10424,-196,-66,130,10036,-9712,8020,104,170,-187,-14704,3844,2704,-772,171,-131,-14788,-2552,5392,-332,115,-52,0
1372.1581110954285,10824,4924,10240,-256,-137,167,10048,-9724,8060,22,190,-215,-14908,4116,2832,-987,191,-75,-15004,-2548,5700,-291,48,-40,0
1372.193165063858,10920,4872,10436,-302,-138,139,10064,-9736,8172,23,190,-191,-14972,4328,2592,-992,194,-124,-15004,-2472,5576,-278,32,-43,0
1372.2291021347046,11244,4896,10440,-353,-97,104,10032,-9820,8180,70,189,-218,-14888,4328,2744,-988,168,-62,-15080,-2464,5548,-363,131,-26,0
1372.2640590667725,10912,4852,10460,-334,-67,134,10216,-9704,8080,75,166,-210,-14612,3924,2420,-941,201,-106,-14832,-2556,5544,-408,156,-31,0
1372.2990550994873,10876,4736,10552,-358,-47,155,10148,-9648,7740,70,136,-224,-14952,4156,2516,-933,174,-115,-14948,-2328,5520,-458,250,-44,0
1372.3350651264193,10912,4764,10396,-358,-120,160,10032,-9584,8020,109,144,-201,-14620,3856,2692,-949,200,-144,-14932,-2464,5408,-449,258,-55,0
1372.371789932251,10956,4676,10740,-308,-98,140,10024,-9620,8088,84,176,-220,-14956,4348,2772,-994,198,-97,-14900,-2508,5500,-435,216,-52,0
1372.4052679538727,10808,4612,10512,-311,-90,167,10068,-9536,8052,54,139,-206,-14988,4080,2656,-1005,171,-92,-14964,-2500,5476,-451,200,-70,0
1372.4389791488647,10784,4676,10492,-280,-42,142,10124,-9980,8116,86,164,-193,-14948,4124,2720,-1045,147,-122,-14952,-2748,5464,-447,184,-85,0
1372.472403049469,10900,4780,10692,-329,-78,177,10092,-9588,8044,102,178,-199,-14952,4056,2468,-1058,121,-105,-14876,-2520,5476,-450,198,-93,0
1372.5058779716492,10804,5080,10280,-240,-29,136,10052,-9564,8164,-254,181,-198,-14956,4040,2684,-991,154,-130,-14876,-2344,5288,-429,196,-97,0
1372.5393829345703,10936,4776,10456,-267,-98,109,10088,-9696,8064,52,154,-203,-14940,4132,2328,-999,138,-88,-14832,-2332,5396,-459,200,-68,0
1372.5728640556335,10940,4780,10628,-281,-114,157,10012,-9960,8080,91,139,-186,-14972,4068,2680,-1056,92,-65,-14956,-2452,5420,-476,158,-99,0
1372.6067271232605,10988,4780,10548,-250,-80,170,10084,-9620,8276,71,167,-161,-14968,4056,2688,-1006,106,-79,-15028,-2416,5560,-452,148,-118,0
1372.6400129795074,10788,4824,10392,-268,-83,119,10068,-9588,8104,42,162,-174,-14876,4156,2760,-990,129,-121,-14900,-2364,5580,-459,158,-88,0
1372.6735219955444,10940,4712,10680,-269,-150,129,9988,-9684,8076,46,160,-202,-14964,3876,2564,-985,99,-114,-14936,-2284,5524,-502,206,-70,0
1372.7070310115814,10940,4732,10336,-183,-94,114,10044,-9688,7984,50,147,-214,-14908,4064,2348,-978,152,-134,-14872,-2416,5388,-474,229,-69,0
1372.7401239871979,10900,4788,10608,-234,-160,143,10032,-9696,8272,65,139,-246,-14980,4136,2508,-979,163,-137,-14896,-2352,5308,-474,267,-81,0
1372.7735950946808,11004,4768,10324,-212,-147,156,9860,-9684,8240,20,134,-219,-15064,4124,2676,-949,158,-159,-15040,-2396,5348,-501,233,-110,0
1372.8072710037231,10980,4728,10468,-227,-147,147,10108,-9688,8420,12,126,-213,-14856,4316,2636,-971,142,-120,-14964,-2376,5424,-492,240,-102,0
1372.8407480716703,10924,4624,10248,-188,-190,114,9976,-9592,8172,22,121,-211,-14888,4192,2508,-1003,135,-66,-14888,-2344,5536,-495,186,-111,0
1372.874174118042,11012,4772,10440,-116,-101,114,10052,-9588,7944,-30,101,-196,-14640,4068,2672,-995,148,-95,-14968,-2376,5312,-503,202,-134,0
1372.907427072525,11000,4744,10448,-112,-147,108,10120,-9660,7980,-31,111,-201,-14892,4076,2496,-988,99,-128,-14632,-2328,5312,-527,196,-123,0
1372.941085100174,11016,4684,10456,-113,-96,107,10012,-9584,8236,-9,141,-195,-14936,4344,2512,-1004,109,-115,-14916,-2424,5476,-506,197,-144,0
1372.9746561050415,10764,4636,10540,-114,-80,99,10128,-9648,8304,251,126,-191,-15004,4072,2340,-1007,113,-75,-14872,-2352,5416,-485,191,-150,0
1373.0081760883331,11212,4776,10448,-116,-88,95,10028,-9556,8192,255,128,-190,-15016,3972,2640,-976,115,-56,-14888,-2404,5404,-523,181,-163,0
1373.0417499542236,10900,4700,10408,-96,-108,98,10024,-9640,8160,10,113,-188,-14848,4176,2528,-1033,146,-64,-14948,-2552,5316,-517,184,-144,0
1373.075366973877,10900,4736,10392,-135,-104,114,10004,-9632,7972,-14,106,-179,-14880,4028,2660,-1001,139,-71,-14968,-2600,5432,-494,184,-142,0
1373.1089580059052,10932,4724,10300,-130,-22,127,10036,-9524,8096,-42,130,-147,-15008,4032,2632,-953,156,-70,-14948,-2376,5400,-535,130,-133,0
1373.1422679424286,10960,4636,10608,-153,-26,112,10188,-9676,7940,11,153,-179,-15008,4004,2680,-1037,91,-44,-14868,-2412,5332,-768,176,-147,0
1373.1754789352417,10904,4776,10460,-144,-61,119,10024,-9492,8188,-14,132,-151,-14952,4008,2776,-1040,103,-21,-14996,-2384,5236,-525,124,-142,0
1373.2091131210327,11000,4652,10504,-92,-53,111,10036,-9672,8140,-72,121,-162,-14920,4092,2572,-990,113,-87,-14984,-2416,5476,-504,160,-152,0
1373.24245095253,10940,4696,10472,-152,-51,100,10076,-9636,8384,11,160,-181,-14928,4144,2452,-1039,95,-82,-14956,-2428,5416,-480,186,-150,0
1373.27606010437,10896,4812,10276,-95,-70,112,10132,-9604,8156,28,109,-171,-14940,3852,2612,-1031,64,-70,-15000,-2528,5436,-500,152,-177,0
1373.3100769519806,11232,4748,10376,-140,-35,90,10020,-9600,7984,-9,164,-149,-14924,4092,2620,-1001,91,-27,-14992,-2484,5484,-518,120,-180,0
1373.3435180187223,10908,4672,10728,-138,1,92,10012,-9624,8256,-6,169,-137,-14980,4176,2692,-1004,78,-39,-14864,-2512,5412,-502,149,-164,0
1373.3770320415497,10876,4764,10732,-126,-43,98,10036,-9580,8152,-51,130,-148,-14640,3968,2588,-771,91,-74,-14952,-2424,5140,-547,159,-172,0
1373.4135580062866,11232,4648,10556,-151,-63,84,10120,-9608,8196,20,133,-177,-14996,4148,2692,-1020,122,-92,-14988,-2424,5408,-494,168,-162,0
1373.4492049217224,10820,4808,10416,-106,-253,122,10048,-9640,8244,24,147,-189,-14880,4164,2404,-1032,94,-34,-14972,-2488,5408,-488,214,-149,0
1373.4845471382139,10940,4752,10504,-77,-53,99,10136,-9924,8208,-26,94,-189,-14940,3852,2652,-988,70,-133,-14916,-2440,5332,-528,172,-138,0
1373.5206689834595,10916,4764,10488,-103,-52,84,10124,-9548,8156,-31,155,-164,-14912,4116,2812,-1272,99,-43,-14928,-2444,5428,-261,160,-144,0
1373.5561530590057,10952,4768,10700,-80,-38,101,10024,-9552,8080,-8,123,-173,-14916,4064,2516,-1022,135,-43,-14996,-2440,5236,-749,162,-140,0
1373.5919930934906,10936,4808,10400,-116,-63,112,10124,-9652,8204,-36,133,-184,-14896,4064,2580,-1036,124,-123,-14988,-2472,5468,-488,161,-134,0
1373.6280150413513,10912,4784,10532,-85,-62,121,10016,-9616,8228,-63,113,-208,-14888,4016,2556,-999,148,-30,-14996,-2396,5328,-473,114,-122,0
1373.6633899211884,10964,4728,10420,-168,-56,115,10024,-9492,8144,-34,109,-188,-14948,4060,2544,-1033,104,-36,-14900,-2428,5456,-481,145,-151,0
1373.6992919445038,10872,4696,10444,-128,-39,109,9836,-9632,8116,-7,124,-178,-14976,4148,2644,-1068,97,-73,-14912,-2740,5284,-468,131,-158,0
1373.7346501350403,10816,4724,10632,-124,-47,105,10136,-9488,8024,10,124,-186,-14888,4252,2596,-1087,83,-67,-14964,-2548,5480,-492,174,-135,0
1373.770112991333,10924,4840,10420,-194,-76,114,10088,-9592,8272,-24,123,-203,-14908,4088,2596,-1018,113,-109,-14912,-2384,5364,-520,140,-143,0
1373.805494070053,10908,4732,10468,-111,-48,111,10036,-9576,8016,-22,143,-194,-15008,4032,2672,-1008,81,-73,-14992,-2452,5356,-484,138,-131,0
1373.8418891429899,10876,4728,10452,-147,-49,107,9964,-9560,8236,-6,89,-185,-14912,4292,2588,-1082,96,-82,-14908,-2468,5388,-493,130,-131,0
1373.877447128296,10844,4848,10608,-130,-36,138,10136,-9616,8376,-20,106,-162,-14992,4088,2600,-770,131,-46,-15044,-2528,5332,-483,149,-89,0
1373.912640094757,10804,4728,10480,-166,-101,117,10052,-9480,8096,-71,143,-178,-15008,3888,2612,-990,136,-82,-15036,-2424,5556,-492,149,-136,0
1373.9482440948486,10964,4676,10276,-149,-27,94,9828,-9664,8416,-13,101,-189,-14852,4164,2604,-1055,107,-97,-14924,-2452,5352,-485,173,-113,0
1373.9836399555206,10904,4708,10272,-127,-14,110,10164,-9460,8024,18,81,-171,-14972,4120,2628,-1022,130,-17,-14844,-2492,5552,-489,163,-126,0
1374.0192999839785,10776,4756,10464,-154,-34,112,10044,-9676,8416,-21,114,-156,-15008,4120,2756,-996,115,-93,-14940,-2452,5364,-459,108,-115,0
1374.0549099445343,10924,4768,10532,-192,-56,120,10148,-9572,8184,-30,158,-159,-14948,4080,2660,-938,132,-69,-14964,-2512,5588,-469,152,-115,0
1374.0886240005493,10868,4744,10680,-212,-55,141,10000,-9624,8228,-32,126,-172,-14948,4136,2500,-984,127,-111,-14912,-2436,5352,-480,186,-106,0
1374.1221261024475,10916,4712,10684,-254,-52,151,10080,-9488,8096,22,148,-195,-14660,4100,2416,-970,163,-65,-14916,-2412,5156,-487,181,-99,0
1374.1553311347961,10904,4760,10512,-220,-81,135,10104,-9612,8420,9,118,-192,-14876,4148,2720,-910,110,-95,-15100,-2508,5160,-493,196,-100,0
1374.1889491081238,10928,4736,10648,-193,-133,153,10092,-9640,8280,-23,112,-219,-14912,4164,2600,-858,142,-120,-14968,-2428,5512,-493,184,-52,0
1374.2225229740143,10968,4752,10580,-217,-76,156,10104,-9544,8084,-28,124,-217,-14972,4128,2624,-884,162,-143,-14908,-2332,5332,-526,213,-63,0
1374.255676031113,10896,4736,10536,-232,-77,135,10000,-9504,8112,-43,153,-193,-14900,4244,2664,-872,105,-92,-14984,-2552,5612,-511,239,-66,0
1374.2891869544983,10908,4748,10548,-276,-75,133,10084,-9540,8172,-31,147,-187,-14968,4064,2644,-842,160,-90,-14924,-2444,5404,-453,235,-42,0
1374.3228459358215,10916,4796,10424,-292,-95,139,9924,-9540,8148,-24,169,-216,-14988,4188,2716,-818,144,-146,-15008,-2440,5396,-463,232,-48,0
1374.356245994568,10996,4680,10452,-232,-84,159,10032,-9544,8200,-6,162,-213,-14980,4300,2592,-866,130,-158,-14960,-2344,5252,-496,276,-72,0
1374.389729976654,10948,4660,10620,-302,-103,124,10180,-9580,8392,69,190,-218,-14888,4096,2660,-908,47,-147,-14988,-2424,5460,-510,319,-84,0
1374.4231369495392,10892,4696,10672,-221,-65,135,9968,-9556,8252,48,234,-194,-15068,4180,2532,-815,148,-141,-15004,-2564,5576,-518,281,-67,0
1374.4567539691923,11072,4680,10516,-172,-86,130,10104,-9652,8184,248,198,-201,-15024,4224,2524,-769,69,-147,-15120,-2476,5468,-564,229,-82,0
1374.4902639389038,11012,4856,10696,-200,-83,164,10060,-9608,8248,32,237,-115,-15000,4136,2432,-890,19,-139,-15024,-2396,5360,-574,201,-135,0
1374.5238690376282,11176,4644,10620,-149,-251,174,10024,-9276,8388,66,191,-105,-15000,4044,2576,-924,22,-141,-14952,-2496,5276,-585,189,-140,0
1374.5573999881744,10768,4376,10484,-167,-13,151,9964,-9532,8176,52,236,-112,-14916,4120,2600,-936,11,-85,-14968,-2448,5232,-574,199,-127,0
1374.5910561084747,10936,4668,10736,-159,-81,158,10000,-9608,8300,18,195,-122,-14980,4124,2644,-880,-4,-96,-14944,-2468,5412,-561,229,-145,0
1374.6243901252749,10792,4852,10268,-202,-115,135,9976,-9512,8224,-255,156,-164,-14924,4100,2540,-924,45,-145,-14912,-2484,5260,-575,248,-121,0
1374.6576809883118,11228,4624,10588,-125,-103,110,10108,-9536,8148,5,191,-214,-14956,4156,2616,-910,9,-145,-15096,-2440,5352,-501,215,-159,0
1374.6912460327148,11232,4424,10624,-148,-114,75,10032,-9296,8340,-42,168,-172,-14920,4124,2336,-925,-60,-193,-15044,-2460,5148,-523,192,-162,0
1374.724848985672,10960,4676,10532,-113,-71,79,10136,-9568,8216,-51,174,-171,-15036,4260,2380,-955,-96,-115,-15012,-2552,5244,-562,242,-174,0
1374.7584240436554,11024,4364,10696,-112,-108,121,10028,-9540,7996,-20,181,-164,-14848,4104,2452,-977,-53,-79,-14968,-2500,5260,-569,275,-179,0
1374.7919399738312,10912,4636,10912,-117,-93,119,10088,-9524,8144,-253,186,-156,-14984,4204,2640,-974,252,-87,-14996,-2540,5368,-564,210,-180,0
1374.8255069255829,10784,4712,10520,-86,-83,101,9796,-9564,8380,-46,189,-118,-14968,4092,2736,-958,-6,-130,-14992,-2464,5180,-566,199,-174,0
1374.8589639663696,10880,4728,10548,-40,-74,83,9728,-9728,8020,-116,170,-128,-14948,4156,2680,-936,-29,-132,-14984,-2704,5252,-579,221,-200,0
1374.892212152481,10932,4752,10576,-58,-77,90,10028,-9468,8228,-106,163,-141,-14944,4136,2808,-862,-20,-99,-14948,-2468,5192,-550,178,-223,0
1374.9257740974426,10912,4736,10612,-41,-30,60,10064,-9544,8336,-155,187,-135,-15012,4092,2836,-760,16,-75,-15028,-2600,5192,-561,193,-258,0
1374.9594259262085,11016,4796,10540,-60,-18,53,10016,-9512,8420,-155,202,-117,-14988,4116,2576,-796,-56,-60,-14972,-2380,5172,-602,206,-270,0
1374.9929721355438,10948,4660,10632,-2,-32,84,10024,-9556,7972,-102,201,-80,-14908,4184,2532,-862,-43,-70,-15000,-2536,5284,-583,106,-249,0
1375.02668094635,10884,4708,10600,-50,28,82,10024,-9596,8204,-131,216,-52,-14880,4084,2688,-753,53,-18,-14984,-2536,5172,-599,91,-255,0
1375.0600249767303,10880,4748,10572,-72,64,77,9848,-9612,8328,-148,179,-55,-15056,4164,2648,-640,31,-38,-14872,-2484,5304,-663,122,-218,0
1375.0979731082916,10776,4740,10664,-16,53,102,9756,-9640,8188,-177,117,-34,-14848,4104,2808,-728,95,11,-14812,-2364,5340,-694,98,-193,0
1375.1333119869232,10776,4680,10528,-29,28,169,9932,-9640,8284,-191,123,-49,-14864,4196,2440,-749,176,-249,-14984,-2332,5332,-644,105,-134,0
1375.1736109256744,10880,4776,10688,-52,26,172,9820,-9624,7944,-169,60,-68,-14924,4144,2392,-707,232,238,-14896,-2552,5204,-603,79,-143,0
1375.2100191116333,10808,4704,10524,-70,26,133,9952,-9596,8428,-128,114,-125,-14840,3856,2704,-779,120,-49,-14852,-2604,5200,-570,151,-210,0
1375.2450211048126,10828,4860,10556,-139,-33,71,10004,-9532,8224,-120,182,-189,-14852,4084,2660,-728,86,-96,-14888,-2740,5264,-505,193,-209,0
1375.2807400226593,10840,4860,10332,-134,-13,-9,10000,-9580,8352,-170,150,-240,-14880,4212,2392,-797,98,-49,-15016,-2616,5144,-257,134,-214,0
1375.3161520957947,10908,4744,10408,-152,19,-1,9968,-9664,8288,-111,137,-222,-15000,4240,2596,-852,56,-28,-14948,-2476,5240,-548,167,-167,0
1375.3519229888916,10856,5064,10680,-92,43,61,9864,-9680,8160,-83,55,-172,-14976,4276,2660,-872,201,-29,-15020,-2648,5168,-555,96,-103,0
1375.387983083725,10904,4800,10708,-29,39,98,10000,-9772,8052,-89,29,-182,-14920,4540,2764,-864,180,-30,-14944,-2472,5196,-603,171,-121,0
1375.42320895195,10796,4628,10460,-70,30,107,9968,-9812,8164,-49,29,-162,-14916,4348,2672,-963,112,-40,-15044,-2476,5252,-590,168,-166,0
1375.459135055542,10952,4728,10592,46,60,141,9944,-9724,8144,-21,62,-115,-14944,4284,2680,-931,67,250,-14844,-2728,5420,-589,113,-173,0
1375.4949679374695,10836,4832,10276,7,39,111,9940,-9476,8080,-24,116,-134,-15104,4220,2304,-851,81,-54,-14932,-2664,5232,-558,84,-199,0
1375.5311551094055,10832,4796,10568,-73,-241,56,10100,-9664,8328,-37,181,-139,-14920,4284,2736,-852,-26,-55,-14984,-2616,5168,-524,132,-253,0
1375.5671191215515,10848,4844,10632,-84,37,44,10024,-9680,8256,-54,209,-130,-14904,4224,2356,-791,-60,-46,-14912,-2640,5116,-504,197,-232,0
1375.602224111557,10816,4832,10548,-130,63,64,10004,-9652,8184,-26,162,-146,-15092,4276,2396,-860,-23,-18,-14936,-2612,5124,-476,252,-163,0
1375.638260126114,10812,4844,10516,-156,17,113,9932,-9712,8140,-61,107,-174,-14924,4212,2604,-832,-1,-107,-14984,-2736,5160,-466,317,-124,0
1375.6736390590668,10836,4856,10600,-196,37,126,10056,-9588,8168,-2,103,-154,-14888,4292,2756,-899,-70,231,-15096,-2776,5360,-463,449,-150,0
1375.711452960968,10804,4788,10520,-160,117,117,10208,-9644,8044,80,116,-100,-14864,4324,2540,-1019,-237,-44,-14960,-2632,5248,-531,503,-182,0
1375.7449660301208,10632,4876,10768,-48,103,158,9920,-9664,8152,220,19,-91,-14936,4292,2600,-1144,-317,-92,-15036,-2660,5224,-406,553,-151,0
1375.778489112854,10668,4968,10620,-106,294,104,9888,-9704,8228,76,-23,-178,-14852,4148,2792,-981,-207,-117,-15080,-2708,5136,-309,629,-97,0
1375.8119149208069,10724,4892,10832,-164,351,107,9956,-9968,8188,89,49,-167,-14848,4360,2888,-1184,-349,-97,-15196,-3052,5356,-367,521,-236,0
1375.8454959392548,10632,4684,10704,-155,782,113,10036,-9692,8212,206,196,-122,-14888,4288,2948,-1238,-765,-97,-15116,-2612,5160,-575,557,-274,0
1375.87930393219,10652,4972,10676,-230,442,-14,9868,-9548,8312,120,216,-182,-14640,4288,2652,-1121,-139,-9,-14664,-2768,5156,-421,179,-94,0
1375.912840127945,10240,4776,10676,-286,154,125,9724,-9772,8192,94,34,-215,-14676,4116,2972,-1140,115,-102,-14760,-2500,5164,-449,103,5,0
1375.9464831352234,10416,4780,10664,-261,-219,176,9844,-9800,8080,-14,-6,-262,-14844,4256,2632,-1025,231,-240,-14852,-2448,4848,-503,305,67,0
1375.9800889492035,10740,4772,10824,-234,-187,214,10080,-9692,8164,-255,-255,-287,-14964,4304,2556,-1081,214,-248,-15108,-2440,4860,-705,283,20,0
1376.013752937317,10816,4668,10452,-212,-283,249,10024,-9716,8044,21,29,-192,-14856,4408,2840,-1075,207,-100,-15056,-2460,5360,-915,-381,-16,0
1376.047371149063,10612,4708,10568,-157,-93,246,9916,-9576,8080,82,34,-125,-14768,4268,2576,-1059,248,-114,-14952,-2628,5116,-886,-299,-9,0
1376.0812079906464,10700,4900,10600,-65,-105,190,9988,-9608,8348,-33,20,-253,-14840,4012,2812,-928,441,-173,-15044,-2684,5044,-589,144,-241,0
1376.114671945572,10916,4804,10500,-292,-295,207,9808,-9576,8436,-14,-27,-301,-14920,4348,2736,-927,475,-185,-15112,-2572,5008,-461,256,85,0
1376.1480450630188,10832,4800,10840,-341,-631,291,10100,-9592,8180,-32,-10,-200,-15060,4208,2552,-930,375,-145,-15256,-2628,4916,-690,307,76,0
1376.1818249225616,10992,4768,10944,-331,-50,264,10260,-9700,8076,15,96,-129,-15032,4224,2644,-809,181,-91,-15032,-2772,5168,-726,69,-103,0
1376.2154560089111,10620,4768,10728,-314,-123,161,9936,-9560,8240,-59,107,-210,-14756,4120,2876,-682,226,-168,-14760,-3024,5140,-611,109,-73,0
1376.2490501403809,10480,4820,10696,-392,-192,117,9744,-9624,8420,-102,124,-305,-14788,4160,2732,-479,282,-171,-14928,-2776,5192,-550,217,-55,0
1376.282676935196,10704,4724,10696,-339,-207,124,9868,-9712,8260,-88,93,-294,-14796,4312,2656,-472,215,-142,-14840,-2552,4980,-635,305,-254,0
1376.315689086914,10968,4692,10512,-354,-375,211,10024,-9648,8300,-35,-20,-289,-14808,4356,2408,-625,299,-208,-15188,-2508,5316,-726,278,75,0
1376.3491530418396,10816,4712,10956,-227,-213,276,10160,-9596,8172,-58,-127,-259,-14956,4204,2704,-717,392,-117,-15344,-2612,4984,-745,155,10,0
1376.3827800750732,10848,4856,10744,-231,-277,277,10108,-9712,8028,-47,-50,-255,-14904,4356,2432,-730,274,-109,-15100,-2548,5368,-692,196,-13,0
1376.4161880016327,10596,4848,10736,-249,-272,278,10136,-9796,8188,-15,-43,-252,-14936,4252,2448,-760,272,-125,-14924,-2588,5052,-734,4,10,0
1376.4498369693756,10784,4488,10588,-200,-262,244,10028,-9584,7688,-18,246,-291,-15104,4256,2584,-868,229,-217,-14856,-2692,5120,-696,278,-38,0
1376.4834740161896,10840,4680,10560,-224,-339,179,9756,-9512,8108,-45,67,-330,-14912,4236,2604,-827,505,-509,-14952,-2632,4916,-721,156,-107,0
1376.5170950889587,10924,4644,10632,-195,-373,105,10204,-9584,8148,-122,117,-349,-14996,4296,2456,-800,145,-236,-15220,-2316,4880,-708,177,-192,0
1376.5506761074066,11000,4640,10712,-117,-243,63,10148,-9580,8184,-134,134,-311,-15176,4260,2508,-786,123,-168,-15184,-2812,4920,-708,133,-161,0
1376.5840561389923,10980,4612,10412,-121,-207,56,10172,-9564,8084,-146,88,-238,-14872,4320,2420,-837,65,-75,-14960,-2496,4932,-600,103,-206,0
1376.617908000946,10904,4568,10268,-151,-213,91,10120,-9660,7988,-139,120,-205,-14924,4216,2564,-931,114,-50,-15004,-2516,4904,-619,52,-209,0
1376.6512179374695,10996,4576,10572,-169,-179,63,10104,-9560,8160,-139,132,-222,-14920,4268,2616,-1000,201,-147,-14908,-2684,4876,-671,17,-151,0
1376.6865479946136,10824,4740,10716,-12,-196,119,10044,-9692,8104,-141,16,-248,-14760,4312,2456,-1008,302,-116,-15028,-2608,4984,-802,98,-113,0
1376.720016002655,10828,4660,10584,-89,-248,170,10124,-9716,8108,-174,-67,-299,-14892,4252,2404,-773,325,-111,-14956,-2696,5008,-800,31,-156,0
1376.755968093872,10876,4768,10564,-19,-180,177,10008,-9500,8040,-199,-32,-4,-15024,4140,2340,-949,286,-78,-15108,-2676,4900,-717,-6,-168,0
1376.7919340133667,10972,4672,10808,-104,-133,122,10232,-9604,8064,-214,255,-233,-14908,4320,2460,-906,225,-21,-15072,-2732,5064,-733,-92,-191,0
1376.8277759552002,10752,4708,10572,-99,-59,116,10204,-9492,8148,-2,-76,-176,-14980,4180,2376,-1023,351,-50,-15024,-2644,4948,-775,-177,-171,0
1376.8634459972382,10952,4612,10668,-102,-50,141,10008,-9704,8104,-272,-61,-121,-14956,4168,2324,-1006,326,252,-15304,-2792,5088,-799,-262,-183,0
1376.899619102478,10892,4732,10624,-90,29,141,10336,-9636,8044,-274,-91,-108,-15000,4272,2412,-1027,262,74,-14980,-2744,4984,-741,-148,-168,0
1376.934828042984,10944,4628,10692,-165,-32,174,10444,-9652,8032,-258,-61,-126,-14900,4264,2328,-1067,222,-243,-14932,-2608,5068,-656,-87,-123,0
1376.971286058426,10968,4600,10648,-98,-58,123,10188,-9764,7808,-211,-89,-154,-15064,4236,2440,-1079,256,-88,-15088,-2792,5200,-651,1,-97,0
1377.0076789855955,10860,4640,10608,-80,10,158,10028,-9944,7708,-161,-109,-167,-14852,4424,2336,-1066,203,-34,-14916,-2736,4952,-648,-18,-137,0
1377.0429129600525,10904,4428,10740,-64,-36,131,10312,-9724,7824,-103,6,-165,-15008,4404,2428,-1045,107,-91,-14872,-2784,5232,-640,-8,-171,3
1377.078381061554,10844,4596,10556,-58,-20,105,10160,-9744,7732,-91,68,-139,-14872,4444,2412,-1051,179,-102,-14936,-2688,5160,-578,22,-167,3
1377.1142349243164,10988,4632,10644,-42,16,106,10076,-9732,7752,-77,69,-136,-14936,4284,2388,-1036,162,-86,-15020,-2784,5088,-559,76,-114,3
1377.1493220329285,10860,4704,10500,-93,11,103,10252,-9644,7888,-89,44,-156,-14804,4348,2388,-769,154,-80,-15040,-2736,5124,-545,77,-113,3
1377.1848530769348,10876,4720,10664,-53,7,112,10232,-9636,7916,-153,54,-186,-14944,4308,2528,-973,150,-61,-14968,-2776,5052,-533,93,-124,3
1377.2206399440765,10892,4720,10580,-89,-49,106,10376,-9708,7868,-132,55,-178,-14952,4244,2452,-986,69,-116,-14972,-2720,5012,-265,128,-137,3
1377.2571489810944,10828,4712,10580,-108,-51,54,10344,-9648,7908,-91,97,-173,-14928,4284,2176,-999,37,-90,-15032,-2780,5048,-508,140,-120,3
1377.292281150818,10768,4724,10620,-79,-95,69,10260,-9776,7796,-20,94,-208,-14916,4320,2364,-1070,45,-87,-15036,-2752,5336,-493,173,-109,3
1377.328217983246,10912,4668,10652,-83,-134,92,10120,-9508,7700,-41,116,-188,-14924,4112,2344,-991,86,-154,-15000,-2672,5224,-498,170,-83,3
1377.363569021225,10852,4672,10352,-42,-94,119,10172,-9784,7688,-72,114,-151,-14984,4392,2448,-941,19,-81,-14960,-2640,5184,-535,137,-130,0
1377.4002211093905,10884,4688,10944,-94,-57,114,10112,-9792,7808,-4,115,-152,-14816,4348,2320,-771,46,-124,-14988,-2740,5128,-521,114,-71,0
1377.433830022812,10892,4712,10572,-46,-21,116,10232,-9708,7824,-81,104,-138,-14904,4168,2332,-903,66,-104,-14876,-3052,4960,-496,137,-77,0
1377.4674649238589,10836,4672,10540,-119,-65,109,10276,-9724,7764,-69,167,-159,-14872,4200,2532,-907,10,-99,-15040,-2700,5080,-433,130,-94,0
1377.5011141300201,10920,4584,10592,-163,-57,93,10340,-9696,7736,-8,176,-171,-14948,4540,2360,-995,-6,-115,-14960,-2656,5188,-410,150,-103,0
1377.5348629951475,10900,4688,10560,-167,-11,98,10292,-9728,7860,56,157,-171,-15072,4280,2324,-1007,22,-102,-15012,-2756,5208,-425,123,-106,0
1377.5681071281433,10828,4724,10572,-158,-90,84,10220,-9752,7920,-253,176,-178,-14984,4400,2616,-1001,33,-119,-14980,-2756,4876,-355,89,-87,0
1377.6016969680786,10792,4724,10628,-234,-103,92,10208,-9600,7876,-3,209,-212,-15048,4360,2520,-972,-11,-159,-14872,-2768,5148,-425,126,-114,0
1377.6350450515747,10944,4792,10624,-223,-120,61,10228,-9488,7920,21,237,-189,-14860,4216,2084,-923,27,-121,-15008,-2740,5248,-431,142,-100,0
1377.6686370372772,10888,4684,10600,-266,-123,93,10404,-9480,7728,60,208,-194,-14784,4140,2416,-988,54,-121,-14856,-2764,5168,-345,154,-63,0
1377.7021961212158,10708,4736,10624,-200,-100,117,10168,-9688,7988,52,203,-200,-14924,4356,2628,-984,87,-149,-14872,-2720,5200,-409,152,-57,0
1377.7357890605929,10792,4688,10644,-279,-170,114,10220,-9816,7956,65,207,-205,-14968,4604,2396,-973,83,-132,-15116,-2652,5320,-426,184,-63,0
1377.7694630622864,10916,4728,10656,-275,-168,112,10448,-9696,7912,73,192,-206,-14880,4380,2372,-996,147,-177,-14984,-2756,5232,-416,195,-55,0
1377.8030080795288,10728,4744,10908,-263,-159,143,10184,-9476,8188,100,169,-216,-14916,4288,2448,-985,154,-192,-14936,-2732,5216,-430,219,-60,0
1377.8362400531769,10812,4728,10620,-236,-208,171,10172,-9584,7912,71,149,-232,-14872,4336,2420,-1002,151,-165,-14808,-2760,5312,-415,223,-56,0
1377.8700289726255,10932,4612,10744,-243,-214,151,10240,-9536,7772,47,142,-248,-14992,4148,2340,-957,143,-168,-15008,-2760,5200,-430,211,-77,0
1377.9034049510956,11224,4632,10624,-211,-235,116,10312,-9720,8068,57,197,-243,-14996,4272,2552,-1062,37,-158,-14928,-2664,4864,-414,176,-78,0
1377.9370920658112,10964,4860,10832,-266,-250,114,10440,-9620,8052,154,209,-238,-14976,4228,2568,-1146,36,-157,-14928,-2628,5172,-391,175,-88,0
1377.9704670906067,10960,4684,10712,-152,-174,106,10204,-9580,7960,51,191,-263,-14892,4316,2504,-1074,113,-117,-15044,-2616,5200,-398,172,-102,0
1378.0037760734558,10800,4508,10592,-245,-196,121,10320,-9696,7948,91,189,-210,-14928,4536,2420,-1093,69,-106,-15008,-2552,5228,-450,173,-98,0
1378.0374879837036,10948,4852,10584,-200,-173,104,10024,-9668,7952,62,145,-189,-15068,4296,2336,-1062,67,-121,-15040,-2604,5188,-438,141,-77,0
1378.0710909366608,11244,4708,10404,-213,-128,156,9984,-9516,7984,63,171,-166,-14964,4280,2540,-1068,105,-103,-14976,-2720,5164,-449,159,-87,0
1378.1047070026398,10824,4792,10688,-199,-162,159,10256,-9672,7996,29,153,-186,-14928,3876,2336,-1058,123,-102,-14988,-2648,5232,-443,145,-65,0
1378.1380579471588,10916,4628,10568,-200,-160,150,10160,-9892,8016,28,175,-205,-14920,4280,2740,-1045,98,-114,-14948,-2664,5128,-425,200,-74,0
1378.1805579662323,10832,4696,10516,-161,-149,116,10052,-9584,8056,-13,144,-208,-14960,4284,2428,-1047,119,-168,-14912,-2692,5092,-463,167,-92,0
1378.2251040935516,10872,4644,10544,-140,-143,92,10192,-9700,8148,-75,189,-229,-14936,4176,2296,-1051,122,-119,-14956,-2636,5232,-445,161,-111,0
1378.2660970687866,10984,4664,10496,-52,-155,112,10132,-9668,7880,-88,202,-219,-14936,4404,2412,-1118,74,-126,-14980,-2676,5276,-486,146,-104,0
1378.299901008606,11004,4640,10544,-16,-94,102,10224,-9580,7932,-76,181,-185,-14952,4260,2244,-1066,68,-65,-14940,-2816,5240,-457,131,-124,0
1378.3334529399872,10864,4696,10552,-29,-52,77,10148,-9620,7892,-92,158,-175,-14920,4272,2412,-1063,88,-100,-15036,-2596,5216,-477,118,-118,0
1378.3670649528503,10988,4620,10424,-19,-88,103,10268,-9596,7988,-50,146,-172,-14996,4276,2524,-1102,66,-113,-14996,-2628,5304,-460,129,-106,0
1378.4002981185913,10928,4648,10524,-53,-83,98,10432,-9584,8068,-75,164,-195,-14860,4212,2468,-1091,90,-95,-15020,-2648,5144,-446,111,-141,0
1378.4359209537506,10952,4748,10504,-69,-82,79,10304,-9600,7980,-53,193,-187,-14968,4228,2596,-1077,67,-142,-14956,-2692,5244,-434,76,-125,0
1378.4718260765076,10956,4688,10680,-78,-47,79,10436,-9704,8068,-49,201,-180,-14916,4296,2660,-1065,84,-98,-14956,-2660,4972,-431,98,-134,0
1378.5073831081393,10944,4760,10744,-34,-23,81,10252,-9588,7956,-54,178,-163,-14944,4332,2800,-1034,55,-52,-14956,-2640,5316,-459,85,-156,0
1378.5436749458313,11204,4744,10480,-253,-42,65,10200,-9528,7968,-52,203,-168,-14940,4172,2512,-1086,48,-99,-14904,-2592,5224,-461,78,-172,0
1378.5792880058289,10912,4740,10464,-39,-29,56,10184,-9672,8140,-55,170,-134,-14920,4324,2564,-1111,86,236,-14984,-2608,5236,-439,76,-125,0
1378.6144859790802,10900,4704,10576,-45,-250,68,10288,-9568,7944,-49,158,-123,-14884,4120,2548,-1145,68,-59,-14972,-2568,5088,-420,105,-152,0
1378.6506280899048,10988,4712,10268,-54,-27,110,10336,-9624,7848,-30,134,-176,-14864,4132,2564,-1145,106,-72,-15060,-2556,5224,-428,124,-100,0
1378.6860239505768,10844,4736,10504,-6,-49,90,10468,-9600,8040,-50,122,-175,-14964,4188,2508,-1161,112,-96,-14924,-2716,5240,-434,167,-132,0
1378.7220969200134,10872,4800,10632,-31,-48,90,10300,-9736,7896,-45,105,-177,-14896,4256,2600,-1158,94,-63,-14992,-2736,5204,-433,109,-126,0
1378.7581570148468,11004,4776,10668,-29,-11,62,10276,-9484,7912,-34,118,-164,-14972,4248,2456,-1156,78,-113,-14956,-2696,5256,-428,104,-135,0
1378.7936470508575,10864,4816,10520,-71,-60,72,10208,-9636,8036,-55,119,-184,-14948,4252,2428,-1174,89,-83,-14972,-2632,5304,-400,123,-129,0
1378.8293249607086,10924,4816,10504,-17,0,51,10332,-9660,8080,-62,191,-175,-14968,4196,2460,-1156,43,-90,-15028,-2580,5212,-432,48,-172,0
1378.8639919757843,11012,4704,10588,-99,27,56,9996,-9676,8168,-13,166,-139,-14964,4236,2464,-1028,-6,-49,-14912,-2612,5176,-436,121,-146,0
1378.8992021083832,10864,4924,10628,-73,61,62,10220,-9664,7984,-33,134,-123,-14956,4140,2432,-1207,95,-35,-14944,-2796,5284,-431,113,-158,0
1378.9343509674072,10948,4840,10940,-47,-8,64,10184,-9600,8120,-50,125,-164,-14832,4152,2472,-1207,82,-102,-15044,-2692,5244,-427,123,-146,0
1378.969918012619,10836,4780,10456,-91,10,95,10060,-9572,8096,-23,95,-162,-14888,4324,2504,-1225,64,-65,-14856,-2700,5300,-426,99,-143,0
1379.0054230690005,10828,4760,10604,-14,23,78,10244,-9640,7992,-17,120,-94,-14952,4148,2576,-1143,60,-12,-14968,-2736,5224,-456,79,-144,0
1379.041384935379,10856,4892,10724,-59,15,82,10280,-9560,8012,-59,150,-156,-14952,4144,2596,-1069,105,-45,-15072,-2640,5252,-429,84,-132,0
1379.0787889957428,10864,4876,10664,-91,-25,78,10220,-9712,7976,-52,172,-150,-14912,4276,2632,-1067,103,-67,-14968,-2708,5196,-437,117,-106,0
1379.1123039722445,10936,4844,10348,-117,18,92,10120,-9608,7908,-15,139,-191,-15012,4240,2668,-1133,120,-61,-14640,-2620,5252,-466,107,-136,0
1379.1455430984495,10816,4716,10720,-118,-47,121,10144,-9640,7696,-25,113,-185,-14684,4296,2676,-1100,161,-55,-14956,-2660,5148,-464,131,-93,0
1379.1790280342102,10772,4912,10664,-88,-76,142,10104,-9712,8008,-46,124,-173,-14864,4252,2316,-1078,122,-85,-14940,-2696,5196,-453,156,-102,0
1379.212609052658,10800,4828,10668,-135,-60,104,10264,-9760,7984,-12,121,-150,-14896,4132,2480,-1068,102,-89,-14964,-2620,5132,-475,142,-122,0
1379.2459690570831,10668,4916,10900,-91,-4,109,10224,-9540,7912,-22,111,-182,-14976,4160,2780,-1035,113,-88,-14956,-2752,5352,-475,148,-116,0
1379.2797269821167,10888,5044,10616,-115,-59,101,10256,-9620,7860,-13,118,-175,-14976,4220,2584,-1039,102,-76,-14892,-2744,5268,-480,128,-105,0
1379.3133311271667,10804,4828,10588,-146,-52,105,10088,-9520,8188,-69,124,-167,-14904,4240,2624,-985,120,-65,-15008,-2688,5360,-470,107,-111,0
1379.3470680713654,10768,4844,10556,-191,-50,89,10232,-9768,8088,-42,154,-175,-14976,4236,2724,-962,105,-107,-14940,-2732,5304,-448,162,-116,0
1379.3803300857544,10900,4896,10740,-233,-64,97,10200,-9648,7972,-1,155,-199,-14956,4268,2488,-951,106,-108,-14888,-2652,5468,-445,185,-106,0
1379.4137599468231,10764,5056,10488,-272,-94,115,10096,-9984,8076,8,125,-225,-14960,4288,2404,-965,176,-106,-14940,-2608,5328,-468,190,-87,0
1379.4474020004272,10908,4740,10668,-217,-130,136,10168,-9796,7844,-29,109,-224,-14896,4196,2600,-954,156,-115,-14916,-2700,5376,-468,172,-45,0
1379.4807710647583,10828,4616,10428,-241,-121,129,10208,-9776,7984,-35,151,-203,-14996,4224,2580,-951,98,-131,-14864,-2628,5244,-475,148,-97,0
1379.5142829418185,10772,4620,10636,-270,-103,141,10180,-9632,7784,-21,174,-179,-14904,4172,2556,-949,121,-154,-14880,-2640,5300,-482,152,-66,0
1379.5479090213776,10856,4784,10424,-266,-92,114,10156,-9804,8188,-17,148,-199,-14884,4124,2648,-937,147,-144,-14960,-2608,5124,-446,135,-39,0
1379.581435918808,10800,4760,10492,-306,-79,126,10220,-9944,7696,24,157,-200,-14932,4276,2796,-984,119,-147,-14888,-2644,5284,-441,179,-80,0
1379.6152820587158,10820,5052,10536,-380,-106,156,10136,-9728,7904,35,168,-194,-14928,4096,2784,-1017,128,-100,-14912,-2728,5304,-609,611,-45,0
1379.6485559940338,10728,4836,10140,-409,254,113,10172,-9648,8024,255,155,-211,-14980,4180,2724,-998,134,-136,-14960,-2816,5300,-437,174,-60,0
1379.6816840171814,10824,4736,10500,-294,-138,138,10204,-9652,7860,26,154,-240,-14948,4204,2264,-976,116,-191,-15012,-2600,5192,-396,229,-83,0
1379.715224981308,10876,4740,10516,-272,-97,144,10288,-9636,8040,13,156,-179,-14828,4216,2496,-1055,68,-146,-14968,-2548,5300,-410,157,-84,0
1379.7487180233002,10804,4792,10544,-270,-71,115,10244,-9692,7988,26,158,-170,-14872,4188,2584,-1023,51,-68,-14956,-2676,5124,-435,118,-94,0
1379.7820580005646,10848,5096,10716,-262,-74,104,10028,-9684,7892,-9,186,-166,-14860,4244,2604,-951,91,-99,-14880,-2624,5360,-452,130,-103,0
1379.815614938736,10888,4852,10392,-264,-145,137,10180,-9652,8008,-17,137,-188,-14972,4168,2624,-939,121,-117,-14888,-2604,5220,-481,147,-74,0
1379.8492801189425,10816,4640,10688,-226,-186,168,10224,-9668,8004,-254,128,-195,-14976,4208,2384,-943,151,-139,-14864,-2332,5320,-454,188,-69,0
1379.8821930885315,10820,4728,10580,-243,-220,168,10164,-9600,8080,29,139,-234,-14808,4212,2384,-976,162,-123,-15016,-2804,5480,-461,152,-67,0
1379.91561293602,10888,4692,10700,-211,-171,165,10064,-9656,8096,-254,128,-225,-14984,4224,2372,-970,138,-132,-14976,-2800,5328,-464,136,-50,0
1379.9492189884186,10948,4808,10528,-258,-136,138,10196,-9660,8076,33,156,-208,-15016,4216,2660,-1005,151,-160,-15032,-2664,5252,-461,119,-104,0
1379.9825999736786,10872,4668,10632,-183,-144,122,10216,-9604,8080,9,132,-214,-14868,4208,2636,-972,131,-120,-14912,-2584,5192,-481,101,-93,0
1380.016354084015,10856,4904,10640,-148,-119,143,10176,-9600,8004,-1,109,-212,-14980,4140,2440,-974,171,-136,-15016,-2544,5200,-482,36,-88,0
1380.049987077713,10888,4708,10476,-144,-138,118,10240,-9544,7912,-31,95,-217,-14960,4104,2488,-1007,156,-69,-14948,-2324,5224,-460,97,-70,0
1380.0833830833435,10784,4628,10508,-140,-150,115,10200,-9672,8176,-33,112,-199,-15048,4152,2456,-1061,165,-105,-15028,-2520,5360,-472,149,-84,0
1380.1201620101929,10928,4652,10716,-133,-155,131,10180,-9724,7984,-53,105,-212,-15016,4208,2492,-1026,139,-107,-15020,-2512,5192,-498,135,-116,0
1380.1549661159515,10940,4760,10384,-65,-112,100,10456,-9656,7908,-80,122,-208,-15028,4192,2784,-1078,120,-97,-15032,-2816,5352,-765,138,-143,0
1380.1928129196167,10864,4680,10616,-41,-102,87,10228,-9672,7824,-67,115,-214,-15028,4264,2356,-1077,119,-53,-14976,-2492,5272,-520,130,-156,0
1380.2285389900208,10916,4892,10372,-50,-68,90,9984,-9576,8180,-53,147,-187,-15008,4100,2516,-1096,119,-61,-14932,-2616,5312,-506,148,-142,0
1380.2639801502228,11016,4664,10376,-253,8,59,10188,-9648,8076,-53,165,-160,-15016,4212,2408,-1124,88,-8,-14924,-2352,5300,-536,111,-158,0
1380.2993280887604,10984,4612,10568,-104,-81,81,10020,-9608,7900,-39,142,-173,-15044,4120,2572,-1124,21,-17,-14912,-2724,5368,-538,172,-151,0
1380.3346409797668,10788,4860,10488,-73,-26,89,10124,-9628,8056,-51,152,-179,-14660,4348,2604,-1083,87,227,-14928,-2652,5372,-520,122,-144,0
1380.36989402771,10848,4708,10692,-51,-77,93,10152,-9584,8084,-67,154,-184,-14936,4164,2592,-1077,85,-80,-14932,-2348,5216,-510,203,-158,0
1380.4050240516665,10932,4748,10572,-116,-81,92,10216,-9572,7980,-18,137,-171,-14940,4352,2408,-1077,30,-36,-14996,-2664,5360,-465,127,-176,0
1380.4408309459686,10880,4764,10548,-72,9,99,10140,-9560,8024,-26,153,-126,-14820,4168,2612,-1060,39,-36,-14856,-2332,5116,-478,140,-170,0
1380.476149082184,10792,4784,10356,-82,-23,94,10116,-9800,7952,-18,139,-134,-14848,4220,2668,-1068,24,-71,-14952,-2612,5348,-471,161,-150,0
1380.512512922287,10860,4728,10548,-105,-55,115,10192,-9576,8064,-50,121,-173,-14988,4232,2712,-1059,74,-34,-14904,-2572,5164,-520,186,-147,0
1380.5480389595032,10968,4796,10272,-80,-52,114,10208,-9656,8060,-51,120,-165,-14960,4184,2308,-1067,87,-82,-14876,-2628,5260,-494,189,-135,0
1380.583722114563,10800,4784,10568,-84,-75,81,10136,-9600,8012,-57,107,-183,-14884,4216,2708,-1077,86,-77,-14936,-2736,5308,-500,165,-151,0
1380.619311094284,10736,4888,10508,-47,-37,109,10208,-9744,8044,-37,134,-167,-14936,4248,2524,-1100,52,-37,-14972,-2720,5256,-484,173,-152,0
1380.654417037964,10940,4816,10756,-108,-39,67,10316,-9756,8000,-26,139,-174,-14952,4056,2560,-1069,55,-84,-14936,-2580,5284,-446,168,-140,0
1380.6900279521942,10876,4728,10604,-77,-53,92,10252,-9696,7848,254,126,-171,-14892,4140,2648,-1099,39,-42,-14720,-2640,5248,-494,183,-150,0
1380.7255001068115,10940,4908,10488,-79,-49,105,10124,-9684,7880,-55,128,-171,-14904,4260,2448,-1088,78,-72,-15056,-2748,5284,-482,184,-130,0
1380.7634150981903,10864,4628,10292,-97,-56,105,10060,-9640,7936,-22,151,-171,-14944,4128,2852,-775,70,-103,-14948,-2596,5240,-443,177,-117,0
1380.797178030014,10836,4888,10572,-83,-66,114,10172,-9700,8080,-81,127,-220,-14856,4196,2512,-1070,89,-105,-14956,-2608,5256,-424,195,-133,0
1380.8308880329132,10896,4836,10504,-124,-107,101,10204,-9632,8032,-41,127,-166,-14972,4188,2532,-1144,84,-30,-14904,-2672,5188,-453,157,-114,0
1380.8643379211426,10920,4844,10640,-79,-64,115,10232,-9692,7940,-253,136,-174,-14956,4196,2616,-1145,125,-29,-14916,-2756,5332,-502,133,-130,0
1380.8977179527285,10812,4776,10472,-82,-92,105,10148,-9476,7884,-44,362,-161,-14772,4248,2120,-1084,164,-100,-14904,-2676,5160,-438,172,-103,0
1380.9312829971313,10768,4820,10628,-122,-76,119,10172,-9676,8008,-38,99,-154,-14820,4132,2312,-1078,138,-90,-14972,-2676,5284,-459,132,-120,0
1380.964821100235,10860,4756,10420,-86,-45,112,10260,-9688,8152,-35,127,-167,-15052,4124,2616,-1079,85,-57,-14948,-2588,5296,-480,92,-139,0
1380.9985361099243,10964,4732,10672,-145,-50,111,10152,-9628,8092,-27,141,-164,-14784,4196,2700,-1112,97,-60,-14948,-2660,5444,-510,144,-141,0
1381.0321280956268,10816,4864,10272,-81,-23,80,10228,-9648,8132,-60,126,-146,-14852,4088,2680,-1095,89,-43,-15120,-2632,5148,-473,133,-126,0
1381.0656089782715,10924,4816,10632,-101,-60,94,10356,-9684,8016,-44,148,-171,-14968,4108,2664,-1100,110,-48,-14924,-2648,5268,-485,110,-169,0
1381.099247932434,10816,4832,10296,-141,-34,70,10232,-9704,7804,-46,181,-152,-14904,4196,2484,-1144,100,-95,-14924,-2800,5332,-461,156,-156,0
1381.1327710151672,10804,5052,10568,-115,-36,105,10088,-9612,8056,11,142,-120,-15080,4288,2628,-1169,82,-54,-14916,-2580,5204,-460,135,-154,0
1381.1664090156555,10896,4864,10588,-136,-42,116,10460,-9600,7892,-36,127,-162,-14604,4176,2592,-1108,119,-44,-15076,-2524,5284,-480,138,-135,0
1381.1998870372772,10800,4872,10556,-174,-40,100,10220,-9476,8032,-33,142,-161,-14908,4136,2940,-1080,90,-35,-14992,-2584,5224,-442,137,-138,0
1381.2334859371183,10860,4920,10512,-170,-61,123,10096,-9684,7976,-42,145,-147,-14968,4172,2584,-1064,105,-69,-14832,-2660,5176,-454,123,-112,0
1381.2669730186465,10880,4888,10432,-153,-66,122,10180,-9644,8072,-47,116,-168,-14732,4196,2756,-1073,144,-122,-14812,-2624,5404,-485,152,-90,0
1381.3005149364471,10860,4844,10488,-117,-17,129,10116,-9644,8108,-256,114,-199,-14916,4212,2608,-1063,126,-60,-14960,-2656,5272,-471,137,-128,0
1381.3340430259705,10784,4940,10564,-171,-78,106,10224,-9604,7908,-18,141,-179,-14900,4196,2664,-1002,77,-44,-15076,-2792,5144,-460,131,-115,0
1381.3675210475922,10848,4844,10556,-193,3,93,10224,-9636,7868,1,146,-179,-14916,4284,2660,-780,97,-73,-14880,-2708,5208,-444,154,-104,0
1381.4006180763245,11000,4940,10596,-232,-58,110,10092,-9620,8072,22,151,-186,-15096,4252,2844,-1002,144,-96,-15000,-2620,5280,-451,165,-53,0
1381.4341499805453,10664,4700,10564,-242,-65,140,10252,-9648,8108,3,131,-188,-14856,4196,2560,-988,128,-116,-14880,-2704,5392,-456,172,-78,0
1381.4676990509033,10748,4908,10680,-2,-98,125,10160,-9680,8028,-51,135,-202,-14860,4252,2776,-961,147,-139,-14972,-2628,5364,-455,180,-83,0
1381.5012590885162,10884,4768,10540,-231,-131,130,10160,-9728,7972,-50,137,-223,-14940,4228,2580,-991,135,-82,-15028,-2428,5224,-464,158,-85,0
1381.5348799228668,10936,4808,10524,-272,-98,102,10244,-9948,8160,-38,162,-201,-14820,4208,2572,-989,147,-115,-14948,-2784,5260,-478,181,-95,0
1381.5684089660645,10804,4784,10704,-4,-78,137,10172,-9636,8060,8,147,-210,-14956,4196,2464,-984,158,-142,-14924,-2652,5144,-448,188,-80,0
1381.6019020080569,10812,4796,10564,-286,-97,137,10108,-9632,7972,253,168,-201,-14728,4264,2612,-970,136,-142,-14996,-2744,5224,-457,192,-74,0
1381.6351521015167,10756,4796,10548,-273,-91,138,10172,-9928,7696,253,153,-211,-14872,4136,2372,-973,153,-127,-14852,-2356,5160,-466,210,-61,0
1381.6685159206393,10928,4764,10596,-270,-145,167,10144,-9628,8024,252,158,-228,-14796,4156,2660,-1004,172,-143,-14720,-2592,5156,-479,210,-50,0
1381.7019901275635,10856,4800,10576,-287,-163,129,10160,-9592,8100,-18,150,-218,-14992,4152,2520,-977,167,-115,-15036,-2592,5328,-474,229,-62,0
1381.7357079982758,10904,4780,10580,-250,-119,141,10304,-9668,7996,-25,162,-206,-14956,4212,2516,-962,141,-127,-15004,-2616,5176,-483,154,-77,0
1381.7691440582275,10956,4736,10644,-259,-87,111,10212,-9640,8048,7,184,-167,-14660,4148,2556,-1050,91,-102,-15056,-2560,5228,-458,179,-97,0
1381.8055329322815,10840,4860,10928,-322,-86,123,10168,-9560,8076,55,166,-193,-14980,4252,2560,-1112,140,-101,-14912,-2368,5440,-438,141,-83,0
1381.8411810398102,10876,4728,10728,-202,-42,103,10032,-9612,7968,-39,139,-189,-14848,4196,2348,-1024,157,-93,-14940,-2516,5296,-505,150,-98,0
1381.8775029182434,10864,4664,10560,-9,-134,136,10168,-9668,8040,9,128,-194,-15000,4260,2452,-1024,152,-121,-14888,-2344,5284,-506,207,-69,0
1381.9129490852356,10788,4724,10660,-203,-114,153,10476,-9552,8004,15,143,-169,-14936,4192,2616,-1053,114,-27,-14952,-2620,5312,-496,137,-92,0
1381.949161052704,10852,4788,10496,-209,-98,123,10204,-9688,8156,-255,153,-156,-14968,4244,2704,-1026,128,-59,-15032,-2700,5628,-486,87,-94,0
1381.9841361045837,10776,4764,10836,-240,-52,119,10164,-9692,8076,-13,129,-172,-14864,4140,2432,-988,128,-53,-14928,-2656,5212,-484,109,-114,0
1382.0202519893646,10900,4744,10612,-175,-91,128,10176,-9584,7904,-34,124,-200,-14864,4128,2416,-993,162,-125,-14872,-2584,5276,-767,120,-89,0
1382.055485010147,10856,4696,10552,-220,-147,130,10208,-9620,7976,21,125,-239,-14884,4124,2536,-990,168,-153,-14908,-2380,5244,-505,169,-79,0
1382.0915141105652,10828,4640,10436,-178,-124,154,10460,-9524,8048,5,110,-222,-14968,4188,2756,-1040,119,-151,-14960,-2524,5284,-495,168,-72,0
1382.1271419525149,10864,4664,10672,-227,-169,141,10240,-9564,7952,15,152,-219,-14920,4276,2576,-978,153,-122,-15032,-2508,5500,-478,177,-95,0
1382.162467956543,10868,4768,10396,-194,-131,111,10160,-9692,8072,-23,127,-219,-14968,4232,2528,-974,116,-63,-14956,-2504,5292,-489,203,-107,0
1382.198224067688,10952,4680,10708,-185,-105,129,10180,-9624,8044,-13,107,-202,-14888,4188,2412,-1273,109,-117,-14980,-2312,5280,-525,179,-139,0
1382.233283996582,10848,4712,10256,-131,-120,124,10192,-9524,7988,-90,118,-209,-15004,4172,2556,-967,123,-46,-14732,-2784,5276,-507,118,-123,0
1382.2686929702759,10900,4696,10656,-101,-90,98,10228,-9564,7932,-43,126,-198,-14988,4208,2564,-977,120,-53,-15116,-2816,5192,-514,118,-104,0
1382.303946018219,10956,4704,10528,-95,-88,73,10208,-9592,7968,-48,104,-194,-14880,4140,2488,-983,118,-54,-14908,-2508,5364,-547,152,-146,0
1382.3398699760435,10768,4668,10548,-100,-54,93,10484,-9716,8084,-46,95,-193,-14976,4160,2528,-1019,103,-103,-14964,-2540,5224,-768,154,-124,0
1382.3750050067902,10964,4692,10420,-77,-53,109,10180,-9572,7944,-50,112,-189,-14960,4120,2436,-1040,124,-54,-14880,-2420,5168,-508,111,-121,0
1382.4103300571442,10780,4728,10744,-99,-47,119,10176,-9696,7896,-77,92,-192,-14916,4216,2572,-972,117,-100,-14984,-2624,5240,-546,139,-131,0
1382.4471549987793,10768,4804,10636,-102,-46,117,10472,-9584,8168,-78,86,-166,-14884,4132,2460,-933,135,-29,-15056,-2632,5256,-541,57,-127,0
1382.4807059764862,10940,4764,10504,-77,19,100,9988,-9604,8080,-73,90,-130,-14940,4112,2792,-973,73,-3,-15020,-2368,5232,-567,85,-166,0
1382.5142509937289,10864,4664,10808,-115,-9,97,10176,-9620,8204,-30,103,-157,-14952,4200,2328,-1055,96,-33,-15104,-2708,5264,-536,122,-145,0
1382.547873020172,10792,4768,10580,-121,24,99,10088,-9584,7932,-47,80,-146,-14956,4348,2520,-1006,148,-53,-14932,-2624,5168,-537,96,-120,0
1382.5816209316254,10992,4704,10536,-64,-5,107,10160,-9700,8116,-58,96,-55,-15320,4232,2320,-1081,206,-91,-14960,-2560,5300,-544,156,-119,0
1382.6149890422819,10984,4676,10612,-128,-39,111,10000,-9632,7960,-35,28,-190,-14876,4200,2452,-771,177,-93,-14996,-2544,5240,-564,135,-156,0
1382.6482269763949,10752,4668,10504,-84,19,126,10128,-9612,7952,-1,54,-153,-14960,4184,2412,-1046,212,-41,-14952,-2648,5252,-585,137,-141,0
1382.6817860603333,10856,4680,10556,-65,79,115,10216,-9552,7756,-46,66,-145,-14968,4220,2480,-1049,175,-60,-15052,-2588,5232,-581,107,-124,0
1382.715383052826,10852,4736,10668,-102,37,80,10020,-9900,8148,-49,112,-154,-15000,4172,2480,-1062,128,-65,-14916,-2664,5128,-589,106,-153,0
1382.7487659454346,10972,4792,10672,-104,15,109,10256,-9604,7876,-43,149,-109,-14888,4168,2320,-1048,110,-74,-14992,-2364,5368,-573,109,-158,0
1382.7824470996857,10836,4696,10620,-58,-3,92,10268,-9612,7896,-25,101,-158,-14956,4244,2464,-1062,127,-48,-14948,-2680,5200,-576,155,-161,0
1382.8158929347992,10772,4764,10456,-72,8,82,10056,-9560,8088,-38,83,-177,-14904,4132,2332,-1063,124,-57,-14912,-2640,5248,-558,113,-144,0
1382.8492090702057,10700,4824,10620,-85,29,102,10220,-9692,7916,-27,98,-171,-14840,4260,2592,-1055,151,-63,-14984,-2700,5300,-563,115,-153,0
1382.8825781345367,10752,4800,10520,-103,35,80,10164,-9556,8008,-33,70,-147,-14936,4348,2528,-1026,125,-61,-14884,-2604,5480,-547,129,-124,0
1382.916121006012,10740,4728,10976,-83,-10,106,9740,-9628,7952,-16,227,-154,-14832,4224,2616,-1073,114,-50,-14936,-2624,5352,-531,169,-115,0
1382.9494659900663,10764,4692,10668,-95,8,126,10124,-9628,8188,-41,142,-161,-15028,4196,2316,-769,162,-23,-14884,-2744,5144,-537,109,-126,0
1382.9832680225372,10980,4756,10532,-68,-11,89,10204,-9596,8012,-65,86,-171,-14884,4120,2584,-974,134,-67,-14880,-2724,5216,-548,138,-131,0
1383.01686501503,10952,4784,10564,-120,-23,118,9996,-9680,8048,-63,104,-200,-14964,4216,2528,-961,160,-107,-14928,-2480,5260,-555,144,-153,0
1383.0501699447632,10856,4800,10648,-111,-10,113,10016,-9616,7680,-42,92,-161,-15024,4276,2628,-991,146,-110,-14988,-2784,5184,-547,133,-129,0
1383.0836789608002,10856,4628,10936,-123,-7,113,10152,-9648,8024,-24,90,-197,-14884,4136,2480,-1263,107,-89,-14904,-2636,5340,-535,155,-127,0
1383.1173350811005,10836,4764,10744,-124,-44,114,10180,-9660,7848,-25,88,-142,-14968,4236,2468,-1046,111,-67,-14932,-2632,5256,-518,151,-104,0
1383.150897026062,10688,4736,10568,-114,-29,99,10188,-9584,7960,-53,101,-174,-15028,4156,2472,-1000,84,-73,-14916,-2640,5244,-560,162,-134,0
1383.1842160224915,10808,4728,10972,-111,-28,92,10316,-9688,7924,-45,112,-168,-14928,4232,2468,-1031,95,-121,-14972,-2584,5264,-516,170,-161,0
1383.217787027359,10748,4784,10516,-96,-24,90,10272,-9716,8208,-108,16,-187,-14840,4136,2680,-964,96,-84,-14792,-2660,5356,-539,160,-146,0
1383.2511019706726,10740,4768,10556,-152,-27,81,10212,-9612,8000,-78,123,-198,-14940,4144,2788,-924,144,-55,-14988,-2784,5080,-497,112,-102,0
1383.2842190265656,10820,4788,10744,-123,15,113,10148,-9612,7960,-92,57,-173,-15032,4244,2676,-920,131,-83,-14944,-2588,5244,-768,120,-112,0
1383.3180501461027,10956,4760,10680,-158,3,107,10248,-9724,7956,-21,110,-160,-15052,4196,2476,-979,86,-87,-14916,-2692,5328,-465,165,-114,0
1383.3516080379486,10516,4896,10608,-164,-23,121,10152,-9624,8128,-20,125,-172,-14972,4108,2540,-1013,101,-102,-14968,-2680,5388,-409,148,-92,0
1383.3845970630646,10808,4856,10744,-105,-41,115,10248,-9692,8020,-66,80,-181,-14920,4272,2576,-974,70,-67,-14812,-2572,5160,-448,157,-114,0
1383.418168067932,10744,4848,10728,-118,-10,68,10216,-9680,8160,-17,125,-200,-15008,4200,2420,-1278,43,-82,-14908,-2660,5328,-467,171,-97,0
1383.4512670040133,10968,4776,10480,-108,1,114,10240,-9624,7812,-33,81,-160,-14904,4224,2576,-988,37,-64,-14916,-2684,5208,-461,114,-145,0
1383.4881069660187,10800,4896,10700,-112,43,88,10436,-9608,8056,14,92,-151,-14928,4252,2600,-969,64,-25,-14908,-2652,5284,-443,76,-113,0
1383.5231890678406,10692,4876,10712,-137,43,87,10224,-9704,7932,-36,169,-154,-14972,4296,2508,-949,23,-117,-14872,-2616,5432,-430,124,-84,0
1383.5591900348663,10728,4812,10692,-161,26,85,10220,-9748,7984,9,140,-164,-14692,4316,2804,-1004,40,-62,-14928,-2580,5120,-417,157,-92,0
1383.5942130088806,10620,4812,10808,-124,42,86,10180,-9676,8180,22,144,-193,-14864,4244,2516,-960,68,-104,-14944,-2624,5216,-447,149,-96,0
1383.6299359798431,10680,4724,10800,-170,15,113,10064,-9504,7872,252,156,-212,-14880,4244,2796,-951,67,-89,-14984,-2692,5348,-455,163,-81,0
1383.665333032608,10720,4780,10748,-146,-78,100,10268,-9608,8172,23,150,-203,-14908,4280,2564,-911,67,-134,-14956,-2712,5388,-478,201,-48,0
1383.700824022293,11540,4624,10444,-623,-74,66,10216,-9620,7856,-71,142,-228,-14884,4308,2556,-878,120,-175,-15060,-2676,5284,-457,166,-87,0
1383.7362270355225,10668,4744,10744,-182,-68,99,10212,-9644,8148,-27,117,-231,-14984,4220,2496,-914,119,-155,-14980,-2648,5264,-468,147,-72,0
1383.7718451023102,10716,4716,10952,-182,-67,106,10208,-9632,7996,-41,143,-207,-14848,4220,2640,-917,81,-92,-14988,-2576,5396,-488,143,-84,0
1383.80744099617,10504,4832,10732,-1,-54,98,10092,-9644,7772,-25,145,-236,-15100,4176,2424,-891,123,-142,-14960,-2672,5180,-468,157,-91,0
1383.843482017517,10612,4824,10768,-237,-114,91,10248,-9908,8160,-37,119,-220,-14916,4264,2536,-886,146,-140,-14904,-2572,5240,-416,207,-77,0
1383.8789739608765,10704,4824,10756,-239,-117,129,10184,-9544,7956,-6,134,-234,-14936,4120,2464,-939,92,-112,-14988,-2656,5256,-450,220,-58,0
1383.914191007614,10684,4740,10736,-238,-84,130,10336,-9604,7992,5,149,-222,-15016,4136,2752,-910,125,-157,-14996,-2620,5416,-456,162,-79,0
1383.9498670101166,10744,4692,10824,-511,-126,146,10196,-9696,7980,9,134,-210,-14940,4140,2592,-925,85,-118,-14984,-2756,5300,-450,175,-93,0
1383.9851639270785,10656,4736,10576,-276,-100,115,10484,-9588,7912,-5,152,-187,-14932,4180,2436,-925,120,-124,-14984,-2604,5260,-466,167,-106,0
1384.0209500789642,10668,4636,10536,-239,-162,132,10192,-9608,7856,-15,141,-204,-15004,4228,2348,-931,111,-128,-14976,-2588,5308,-456,175,-71,0
1384.0562109947205,10744,4820,10720,-255,-170,151,10040,-9656,7808,-20,180,-203,-14928,4132,2668,-878,115,-122,-14908,-2376,5320,-425,163,-88,0
1384.0918641090393,10616,4752,10644,-233,-161,141,10444,-9560,8004,20,130,-198,-14972,4276,2664,-939,116,-146,-14904,-2636,5264,-462,198,-67,0
1384.1283969879153,10692,4712,10940,-255,-165,149,10260,-9512,8168,-5,145,-205,-14912,4208,2408,-941,127,-133,-14972,-2508,5320,-459,159,-72,0
1384.1617031097412,10656,4752,10808,-217,-189,154,10144,-9596,8144,8,131,-203,-14984,4244,2332,-917,92,-157,-14956,-2668,5456,-470,167,-81,0
1384.1951630115507,10656,4636,10644,-267,-186,155,10460,-9644,7972,10,162,-193,-14940,4176,2604,-916,131,-128,-14872,-2704,5284,-413,167,-89,0
1384.2287650108337,10748,4724,10904,-3,-180,159,10484,-9668,8028,-7,166,-202,-14988,4336,2656,-937,134,-116,-14996,-2540,4952,-437,154,-58,0
1384.2623789310455,10780,4656,10760,-263,-154,143,10296,-9656,7876,25,158,-184,-14972,4188,2752,-957,93,-71,-14984,-2320,5500,-500,122,-105,0
1384.2956819534302,10736,4664,10736,-275,-218,140,10304,-9616,7832,37,135,-168,-14904,4152,2648,-772,84,-131,-15224,-2648,5328,-458,170,-121,0
1384.3292441368103,10696,4844,10512,-155,-134,126,10216,-9508,8128,-27,130,-180,-14944,4164,2528,-955,144,-125,-14976,-2500,5300,-454,177,-95,0
1384.3626029491425,10656,4708,10772,-225,-171,123,10284,-9672,8028,14,177,-214,-14892,4320,2728,-953,148,-170,-14984,-2508,5344,-461,234,-98,0
1384.3957200050354,10812,4636,10712,-225,-191,136,10232,-9488,8036,24,153,-186,-14896,4180,2412,-1004,100,-81,-15076,-2596,5280,-464,176,-78,0
1384.4292080402374,10856,4684,10604,-208,-162,132,10000,-9496,8000,11,154,-171,-14928,4172,2552,-966,95,-98,-14996,-2608,5208,-465,124,-149,0
1384.4627339839935,10832,4652,10788,-181,-125,117,10224,-9584,7992,-37,135,-186,-14620,4128,2776,-1001,95,-109,-14968,-2412,5364,-457,137,-138,0
1384.4959881305695,10772,4696,10528,-99,-138,129,10164,-9452,7956,-66,121,-191,-14944,3868,2440,-1009,81,-127,-14964,-2348,5204,-509,155,-128,0
1384.5299799442291,10824,4780,10868,-49,-138,129,10188,-9288,7944,-68,123,-204,-14884,4136,2476,-963,160,-104,-14972,-2520,5256,-510,154,-109,0
1384.5634150505066,10780,4656,10560,-106,-160,123,10020,-9552,7868,-28,138,-191,-14920,4220,2280,-1039,134,-89,-14992,-2472,5220,-486,159,-107,0
1384.5971729755402,10976,4672,10636,-71,-98,108,10216,-9564,7992,-59,117,-203,-14980,4240,2452,-1035,93,-83,-14944,-2704,5224,-262,162,-136,0
1384.6307311058044,10856,4752,10700,-105,-123,94,10280,-9608,7852,-70,142,-179,-15000,4216,2540,-1033,123,-121,-14992,-2512,5264,-502,146,-163,0
1384.6640269756315,10528,4776,10740,-118,-58,102,10280,-9624,7940,-44,166,-167,-14956,4172,2336,-1066,97,-93,-15044,-2580,5280,-504,133,-150,0
1384.6976771354675,10728,4796,10652,-110,-80,113,10456,-9640,8104,-62,139,-172,-14864,4184,2776,-1039,127,-59,-14968,-2324,5248,-525,117,-141,0
1384.7312879562378,10736,4792,10608,-58,-70,93,10156,-9512,8012,-91,125,-165,-14908,4264,2460,-966,92,-30,-14880,-2412,5200,-762,123,-118,0
1384.7646689414978,10704,4644,10616,-80,-75,107,10248,-9540,8076,-99,137,-169,-14964,4236,2640,-935,132,-90,-15024,-2680,5160,-500,128,-122,0
1384.7982709407809,10740,4692,10612,-99,-114,124,10056,-9664,8048,-74,141,-194,-14972,4300,2460,-961,119,-117,-15016,-2652,5240,-520,112,-106,0
1384.8319520950317,10712,4764,10652,-107,-121,131,10248,-9628,8112,-56,130,-174,-14856,4216,2496,-957,135,-69,-15020,-2524,5360,-257,144,-124,0
1384.8652930259705,10772,4608,10696,-95,-109,116,10192,-9692,7884,-15,139,-173,-14872,4152,2396,-1018,116,-66,-14952,-2708,5288,-504,143,-171,0
1384.898630142212,10880,4728,10592,-94,-44,109,10056,-9484,8064,-33,140,-175,-15000,4188,2576,-999,66,-100,-15020,-2524,5244,-553,115,-152,0
1384.9322431087494,10800,4740,10596,-64,-65,97,10180,-9644,8020,-13,165,-156,-15020,4148,2564,-772,63,-86,-14976,-2564,5244,-535,130,-168,0
1384.9655311107635,10772,4668,10588,-81,-105,94,10248,-9688,7684,-53,116,-176,-14944,4268,2432,-976,43,-115,-14960,-2652,5248,-532,120,-160,0
1384.9993970394135,10692,4756,10584,-93,-85,109,10256,-9480,8008,-60,155,-156,-14948,4156,2516,-983,84,-116,-15036,-2564,5224,-523,113,-165,0
1385.0329570770264,10788,5040,11004,-52,-66,73,10172,-9748,8040,-41,145,-158,-15080,4236,2404,-1013,31,-53,-14960,-2504,5140,-524,100,-194,0
1385.0666339397433,10952,4692,10732,-133,-76,88,10184,-9652,7980,-26,163,-148,-14988,4212,2388,-1018,25,-75,-14988,-2612,5224,-525,128,-144,0
1385.1002221107483,10744,4860,10776,-76,-17,82,10164,-9532,8036,-69,140,-169,-14912,4196,2500,-1003,94,-41,-14996,-2688,5364,-491,109,-151,0
1385.1332850456238,10804,4784,10676,-55,-83,91,9988,-9656,7968,-72,166,-164,-15020,4228,2612,-1010,27,-110,-14944,-2644,5268,-505,153,-186,0
1385.169753074646,10984,4700,10576,-111,-74,66,10152,-9692,7928,-11,137,-173,-14940,4220,2296,-1070,41,-21,-14992,-2584,5256,-499,129,-161,0
1385.2100019454956,10972,4812,10544,-70,-14,108,10428,-9596,7988,-37,132,-124,-15088,4164,2332,-998,77,-81,-15064,-2576,5336,-258,114,-154,0
1385.2455270290375,10756,4756,10796,-94,-30,111,10328,-9596,8008,-49,88,-152,-14756,4144,2408,-981,116,-48,-14884,-2636,5308,-506,116,-149,0
1385.2810020446775,10756,4776,10720,-100,-11,135,10208,-9612,7988,-67,115,-145,-14876,4276,2588,-986,140,-92,-14976,-2580,5204,-529,120,-122,0
1385.316206932068,10792,4808,10752,-80,-72,116,10272,-9556,8140,-61,125,-157,-14916,4240,2428,-993,86,-57,-15072,-2664,5280,-494,150,-123,0
1385.352000951767,10692,4784,10776,-125,-97,106,10072,-9640,7964,-41,109,-185,-14912,4220,2452,-1024,132,-114,-15020,-2348,5304,-508,158,-156,0
1385.3878540992737,10660,4736,10596,-78,-46,90,10132,-9556,8004,-38,145,-165,-14952,4168,2540,-1016,120,-35,-14968,-2508,5220,-537,135,-134,0
1385.42271399498,10556,4804,10544,-106,-61,79,10160,-9624,8164,-34,156,-169,-14964,4308,2504,-999,123,-102,-15020,-2644,5120,-501,124,-146,0
1385.458132982254,10844,4816,10940,-81,-21,92,10036,-9680,7988,-26,130,-183,-15040,4224,2416,-982,134,-60,-14928,-2656,5316,-526,116,-153,0
1385.4930169582367,10796,4812,10728,-115,-70,116,10268,-9716,7844,-51,136,-122,-14984,4308,2680,-1012,113,-70,-14928,-2616,5204,-508,104,-130,0
1385.5287780761719,10672,4832,10580,-133,-75,103,10164,-9628,8116,-61,136,-174,-14928,4212,2548,-1023,120,-55,-14876,-2628,5280,-497,157,-136,0
1385.5640511512756,10828,4804,10608,-134,-62,83,10128,-9656,8064,-57,160,-170,-15072,4244,2604,-1048,124,-119,-14944,-2632,5348,-482,148,-124,0
1385.5999441146853,10764,4840,10616,-139,-63,98,10480,-9640,7876,-47,142,-177,-14968,4220,2484,-769,80,-66,-14872,-2648,5384,-537,155,-157,0
1385.6348021030426,10540,5100,10556,-131,-86,107,10172,-9696,8016,-38,152,-186,-14872,4232,2516,-1034,125,-134,-14912,-2716,5336,-479,189,-131,0
1385.6703751087189,10728,4864,10640,-161,-96,129,10212,-9676,8052,-26,154,-189,-14852,4216,2784,-1056,158,-55,-14924,-2684,5240,-482,162,-89,0
1385.705493927002,10680,4812,10712,-148,-87,145,10232,-9572,7936,-46,111,-188,-14876,4180,2564,-1072,146,-110,-14960,-2588,5272,-497,177,-116,0
1385.741231918335,10840,4792,10644,-115,-134,148,10160,-9652,8092,-33,126,-182,-15000,4204,2536,-1048,176,-93,-15028,-2728,5288,-475,176,-94,0
1385.7771699428558,10740,4772,10280,-144,-88,137,10452,-9648,7736,-34,138,-177,-14916,4244,2308,-770,108,-112,-15020,-2684,5308,-467,212,-126,0
1385.8134140968323,10796,4880,10708,-179,-83,106,10016,-9620,8040,-54,156,-192,-14924,4176,2416,-968,121,-66,-14916,-2604,5236,-473,180,-114,0
1385.8471851348877,10864,4624,10688,-145,-79,95,10168,-9704,8176,-73,151,-163,-15028,4180,2464,-989,67,-44,-15028,-2572,5180,-486,152,-124,0
1385.88054394722,10844,4640,10716,-180,-93,92,10480,-9676,8172,-24,171,-186,-14948,4264,2520,-1032,39,-92,-14944,-2636,5288,-483,167,-117,0
1385.913870096207,10640,4728,10896,-226,-121,119,10164,-9672,8008,-12,153,-192,-14812,4244,2572,-1038,78,-117,-15020,-2704,5380,-502,178,-100,0
1385.9475319385529,10748,5088,10916,-180,-75,99,10088,-9636,8128,-68,180,-175,-14980,4316,2524,-990,126,-85,-14968,-2584,5584,-457,161,-123,0
1385.9809310436249,10612,4812,10596,-216,-128,124,10248,-9664,8108,-15,144,-194,-14856,4324,2376,-1008,132,-76,-15004,-2620,5284,-494,227,-95,0
1386.0145480632782,10936,4616,10548,-209,-88,121,10200,-9564,8168,5,140,-204,-14980,4232,2516,-939,109,-101,-14668,-2648,5192,-507,164,-79,0
1386.0481169223785,10724,4836,10688,-210,-86,154,10004,-9584,8020,-35,136,-178,-14924,4224,2592,-937,144,-93,-14964,-2652,5140,-507,154,-101,0
1386.0816440582275,10512,4812,10548,-272,-113,114,10212,-9628,7804,-94,164,-196,-14956,4252,2388,-886,134,-142,-14936,-2628,5308,-491,118,-64,0
1386.115266084671,10996,4736,10740,-262,-97,136,10196,-9616,8012,-45,190,-184,-14968,4252,2396,-892,107,-145,-14976,-2588,5340,-503,182,-75,0
1386.14870095253,10964,4688,10684,-509,-149,130,10416,-9692,7928,-36,153,-197,-14944,4272,2492,-924,164,-108,-14856,-2676,5288,-486,201,-66,0
1386.1819410324097,10920,4688,10688,-349,-144,136,10256,-9620,7796,1,132,-233,-14932,4220,2568,-923,145,-145,-14984,-2500,5248,-485,196,-85,0
1386.2154960632324,10764,4748,10288,-282,-127,106,10160,-9548,8072,252,157,-218,-15016,4240,2672,-925,131,-157,-15044,-2628,5192,-514,172,-80,0
1386.2492079734802,10824,4804,10596,-308,-167,143,10192,-9688,7920,14,194,-204,-15000,4176,2420,-964,95,-136,-14960,-2564,5212,-765,161,-103,0
1386.282700061798,10680,4652,10696,-274,-151,111,10200,-9644,7964,14,155,-209,-15104,4260,2528,-933,141,-134,-15060,-2336,5268,-537,190,-98,0
1386.3162169456482,10736,4792,10576,-266,-161,163,10424,-9628,7780,-31,178,-183,-14884,4300,2448,-925,153,-122,-15092,-2676,5220,-518,180,-63,0
1386.3500571250916,10740,4684,10696,-261,-168,160,10040,-9588,8036,-43,157,-175,-14948,4212,2420,-938,124,-90,-14952,-2604,5212,-496,188,-84,0
1386.3834841251373,10744,4748,10708,-264,-175,165,10124,-9600,7896,-43,144,-204,-15072,4228,2572,-892,198,-143,-15040,-2704,5360,-503,194,-79,0
1386.4172611236572,10804,4644,10620,-264,-190,136,10172,-9588,7984,5,160,-229,-14880,4120,2392,-904,177,-153,-14868,-2324,5240,-563,235,-79,0
1386.4508259296415,10840,4696,10668,-257,-219,165,10484,-9676,7940,-25,107,-237,-14968,4276,2380,-915,202,-151,-14960,-2696,5168,-808,507,-102,0
1386.4842710494995,10900,4700,10500,-206,-235,118,10288,-9572,7740,-100,125,-226,-15008,4288,2492,-813,184,-63,-14968,-2608,4976,-1042,278,-185,0
1386.5175750255585,10840,4740,10564,-136,-8,122,10156,-9540,8008,-142,120,-230,-14992,4204,2376,-826,217,-56,-14948,-2324,5172,-832,505,-159,0
1386.551176071167,10792,4400,10920,-152,-189,162,10256,-9720,7936,-102,117,-191,-14988,4332,2420,-854,183,-110,-14968,-2660,5252,-906,325,-181,0
1386.5847511291504,10912,4784,10556,-178,-199,136,10164,-9680,7956,-127,147,-199,-15004,4212,2336,-827,209,-134,-15012,-2516,5204,-903,305,-184,0
1386.6180880069733,10936,4776,10680,-183,-184,147,10184,-9696,7828,-135,141,-194,-14948,4216,2388,-829,194,-81,-14980,-2652,5212,-710,8,-178,0
1386.6513299942017,10868,4632,10800,-220,-215,155,10180,-9584,7864,-116,135,-213,-14888,4324,2128,-892,197,-101,-15036,-2688,5264,-700,219,-163,0
1386.684772014618,10904,4660,10640,-172,-133,147,10312,-9640,7864,-92,98,-182,-15048,4284,2336,-911,219,-67,-15096,-2680,5324,-709,155,-164,0
1386.7184000015259,10888,4628,10660,-202,-163,117,10236,-9604,8060,-75,103,-171,-14960,4268,2312,-975,171,-94,-14892,-2684,5312,-686,105,-133,0
1386.7520079612732,10860,4684,10508,-177,-152,124,10088,-9628,8036,-68,123,-183,-15028,4288,2464,-985,221,-93,-15292,-2764,4944,-595,71,-92,0
1386.7854940891266,10928,4620,10640,-130,-101,114,10148,-9644,8140,-101,68,-225,-14968,4272,2344,-952,263,-110,-15000,-2624,5360,-583,148,-98,0
1386.8187620639799,10892,4644,10764,-117,-145,114,10004,-9720,7996,-99,37,-193,-15072,4356,2464,-953,237,-43,-15132,-2568,5256,-729,190,-137,0
1386.8559439182281,10904,4700,10508,-5,-21,114,10336,-9544,7836,-157,78,-129,-15032,4284,2264,-973,233,-27,-15004,-2736,5184,-783,36,-188,0
1386.891960144043,10896,4684,10444,229,7,88,10228,-9676,7988,-173,83,-100,-15008,4196,2108,-1054,296,15,-15024,-2756,5196,-865,-23,-226,0
1386.9274570941923,10888,4748,10520,-10,67,85,10232,-9672,8072,-165,34,-118,-14888,4136,2356,-1139,309,46,-14800,-2696,5340,-549,-8,-157,0
1386.963505983353,10844,4632,10504,-17,254,125,10488,-9612,7876,-150,32,-187,-14900,4176,2328,-1181,239,-55,-14876,-2692,4976,-169,-41,-100,0
1386.9998259544373,10824,4736,10568,-117,-66,117,10176,-9632,7884,-30,108,-218,-14884,4288,2192,-1171,187,-142,-15020,-2632,5288,-22,-10,-45,0
1387.034873008728,10952,4696,10568,-121,-30,94,10256,-9724,7988,-19,119,-203,-14920,4340,2352,-1098,192,-69,-14904,-2756,5188,-365,-13,-96,0
1387.0708160400393,10752,4740,10572,-76,-93,96,10200,-9936,7868,-39,138,-171,-14960,4216,2440,-1045,140,-85,-15000,-2780,5436,-391,35,-123,0
1387.1061930656433,10812,4600,10592,-108,-52,88,10292,-9724,8040,-46,150,-154,-14952,4324,2420,-1025,113,-77,-14936,-2664,5272,-455,117,-110,0
1387.1419610977173,10792,4748,10664,-75,-51,84,10284,-9760,7924,-31,117,-165,-14924,4332,2368,-1058,122,-89,-14868,-2700,5212,-523,107,-139,0
1387.1776189804075,10824,4652,10636,-98,-115,130,10148,-9652,7860,-67,148,-166,-14956,4316,2060,-1042,138,-101,-14624,-2728,5296,-529,134,-89,0
1387.2127370834353,10692,4684,10624,-120,-117,107,10200,-9696,7980,-101,128,-193,-15036,4320,2240,-1016,173,-127,-14952,-2724,5296,-606,160,-127,0
1387.2475581169128,10756,4816,10548,-161,-129,103,10224,-9600,7992,-69,165,-194,-14920,4376,2192,-983,255,-102,-14932,-2756,5164,-547,45,-112,0
1387.2837810516357,10856,4808,10248,-153,-91,99,10480,-9684,7976,-59,124,-134,-14912,4280,2232,-1035,156,-88,-15088,-2628,5340,-25,-285,-116,0
1387.3196539878843,10792,4472,10984,-206,-182,116,10280,-9676,7800,-254,104,-155,-14988,4152,2140,-1270,92,-102,-14960,-2628,5604,-431,43,-119,0
1387.3548710346222,10920,4668,10672,-110,-94,116,10268,-9700,7876,103,147,-159,-15012,4348,2080,-1368,57,-84,-14956,-2732,5236,-446,101,-121,0
1387.3908469676971,10868,4832,10724,-168,-61,98,10344,-9808,7700,100,188,-178,-15072,4292,2532,-1258,47,-99,-15064,-2700,5120,-417,106,-151,0
1387.4262130260468,10892,4704,10524,-120,-255,60,10336,-9608,7896,76,215,-165,-15048,4272,2468,-1210,-34,-96,-15304,-2700,5176,-354,128,-160,0
1387.4621801376343,10840,4748,10756,-199,-48,39,10116,-9788,8164,177,223,-153,-14932,4328,2396,-1267,-40,-99,-14872,-2732,5568,-329,153,-169,0
1387.4982030391693,10548,4820,10644,-122,-15,51,10044,-9564,8080,83,159,-185,-14692,4196,2464,-1148,101,-71,-14864,-2772,5392,-401,185,-94,0
1387.531389951706,10796,4832,10608,-156,-50,93,10064,-9728,7684,-23,121,-234,-14968,4208,2356,-1046,109,-132,-14916,-2652,5224,-336,4,-107,0
1387.5648970603943,10896,4684,10612,-172,-127,118,10096,-9640,8008,246,86,-226,-14872,4264,2144,-1048,103,-157,-14932,-2660,5368,-427,313,-84,0
1387.5985209941864,10828,4768,10384,-116,-31,117,10216,-9556,7872,-29,140,-159,-14868,4176,2408,-1057,81,-126,-15088,-2764,5296,-441,326,-116,0
1387.6319861412048,10876,4768,10488,-149,18,112,10340,-9556,7700,-62,163,-114,-15020,4228,2296,-1058,37,-42,-15036,-2728,5128,-364,225,-132,0
1387.665472984314,10868,4804,10700,-213,-48,113,10328,-9564,8044,-87,185,-115,-14948,4176,2320,-1104,117,-17,-15044,-2672,5256,-394,215,-121,3
1387.6991140842438,10804,4708,10596,-265,-143,194,10380,-9532,7884,-78,199,-122,-14940,4264,2184,-1119,104,-72,-14948,-2736,5244,-495,252,-149,3
1387.732630968094,10968,4764,10352,-319,-198,171,10220,-9616,7872,-144,190,-167,-14952,4220,2260,-1164,153,-85,-14856,-2716,5600,-530,283,-169,3
1387.76646900177,10840,4752,10368,-223,-224,157,10216,-9680,8008,-206,122,-179,-15012,4264,2308,-1216,82,-105,-14984,-2744,5132,-564,292,-170,3
1387.799742937088,10804,4684,10648,-204,-108,144,10012,-9672,7912,-139,181,-161,-14972,4300,2468,-1212,104,-80,-14956,-2668,5592,-630,159,-183,3
1387.8333821296692,10792,4708,10716,-139,-15,86,10164,-9724,7744,-99,147,-158,-14992,4248,2460,-1231,118,-31,-14936,-2688,5316,-570,-9,-161,3
1387.8668310642245,10752,4716,10492,-53,-25,48,10236,-9776,7892,-147,212,-104,-15048,4288,2376,-1205,74,-130,-14996,-2720,5248,-631,45,-152,3
1387.8999240398407,10836,4724,10656,-66,47,67,10076,-9752,7848,-234,187,-80,-14928,4328,2356,-1203,0,-120,-15076,-2584,5364,-747,24,-179,3
1387.9336020946505,10656,4732,10560,181,142,37,10112,-9748,7940,-331,96,-68,-14932,4184,2492,-1191,33,-154,-14856,-2732,5132,-735,124,-138,3
1387.9671890735626,10692,4724,10912,82,-56,74,10136,-9608,8120,-100,152,-159,-15100,4148,2392,-1159,-21,-155,-15088,-2788,5124,-657,396,-120,3
1388.0005550384521,10824,4740,10608,-15,-62,99,10192,-9668,7740,-113,164,-124,-15004,4152,2612,-1191,-61,-171,-15020,-2760,5192,-491,422,-121,3
1388.0337829589844,10800,4728,10524,-62,-122,81,10212,-9716,8088,-166,141,-186,-14904,4204,2476,-1198,-5,-178,-14948,-2792,4876,-176,508,-59,3
1388.0673110485077,10924,4812,10672,-126,-35,148,10352,-9660,7688,-194,-64,-194,-14940,4228,2308,-1204,16,-113,-15088,-2752,5260,-348,4,-93,0
1388.10054397583,10820,4748,10884,-375,657,170,10108,-9592,7784,-44,-8,-110,-14980,4172,2352,-1123,87,-93,-14944,-2700,5200,-467,219,-42,0
1388.133887052536,10728,4768,10580,-157,232,131,10196,-9828,7732,42,20,-110,-15008,3848,2480,-1120,110,-112,-14972,-2820,5160,-523,226,-90,0
1388.1673939228058,10828,4780,10744,-136,186,105,10276,-9796,7812,-245,98,-85,-14996,4148,2428,-1135,-5,-119,-15056,-2752,5136,-543,286,-126,0
1388.2007629871368,10804,4708,10660,-118,284,67,10188,-9760,7960,-202,151,-136,-14908,4140,2668,-1085,7,-95,-14948,-2796,4876,-482,364,-115,0
1388.2342929840088,10692,4800,10524,-180,166,63,10172,-9804,7856,-231,184,-159,-14896,4096,2524,-1039,14,-118,-14996,-2772,5060,-501,311,-50,0
1388.2679080963135,10700,4784,10772,-90,43,99,10176,-9864,7772,-166,165,-166,-14960,4104,2424,-1076,35,-83,-14948,-2740,5180,-430,264,-70,0
1388.3012630939484,10704,4708,10568,-192,5,110,10132,-9756,8020,-68,210,-206,-14928,4320,2536,-1007,55,-115,-15012,-2720,5364,-369,237,-92,0
1388.3348550796509,10720,4836,10572,-101,-31,96,10188,-9780,8024,-92,178,-214,-14976,4176,2676,-970,123,-131,-14936,-2564,5264,-374,222,-79,0
1388.3684639930723,10688,4776,10668,-124,-128,87,10016,-9744,7884,-76,207,-215,-14952,4236,2420,-871,146,-138,-15004,-2672,4896,-377,230,-48,0
1388.4016621112823,10644,4752,10780,-158,-82,107,10172,-9844,7860,-21,192,-183,-14952,4104,2328,-918,144,-128,-15056,-2636,5176,-402,177,-69,0
1388.4352750778198,10760,4768,10636,-138,-143,118,10096,-9788,7900,6,204,-196,-14908,3896,2740,-934,92,-81,-15108,-2768,5068,-394,147,-103,0
1388.468910932541,10724,4812,10668,-201,-182,107,10184,-9848,7908,34,182,-227,-15008,3888,2452,-921,128,-81,-15052,-2704,4988,-417,155,-37,0
1388.5024070739746,10844,4784,10776,-178,-208,111,10224,-9856,8156,-18,208,-207,-14876,4328,2504,-967,55,-116,-15072,-2716,4908,-381,187,-75,0
1388.539880990982,10944,4788,10740,-183,-192,155,10192,-9788,7812,61,167,-210,-14888,4156,2424,-980,101,-125,-14936,-2612,4884,-401,177,-68,0
1388.574923038483,10800,4700,10592,-218,-231,142,10104,-9792,7932,66,155,-239,-14976,4104,2408,-1010,136,-130,-14940,-2680,5144,-410,164,-68,0
1388.6101820468905,10740,4696,10740,-145,-188,143,10160,-9792,7964,44,168,-203,-14952,3992,2408,-1017,79,-122,-14972,-2756,5148,-378,144,-73,0
1388.6454520225525,10736,4732,10624,-224,-195,118,10228,-9832,7940,93,191,-200,-14864,4324,2516,-992,135,-87,-14956,-2796,5184,-394,140,-95,0
1388.6818730831146,10984,4744,10792,-162,-176,117,10184,-9732,7868,81,171,-203,-14980,4060,2396,-1000,132,-148,-15024,-2736,5136,-459,137,-73,0
1388.7177979946136,10732,4792,10660,-175,-184,129,10416,-9968,7700,43,156,-178,-14956,4132,2312,-993,83,-106,-15036,-2728,5204,-433,117,-76,0
1388.7533991336825,10508,4728,10768,-150,-168,131,10124,-9860,7888,15,170,-234,-14980,4156,2556,-974,138,-72,-15028,-2560,5144,-412,105,-114,0
1388.7891430854795,10976,4828,10568,-171,-200,118,10396,-9792,7808,25,160,-261,-15012,4136,2548,-970,123,-117,-15004,-2692,5028,-493,68,-88,0
1388.8244469165802,10516,4668,10688,-114,-205,112,10156,-9744,7788,17,149,-224,-14964,4144,2396,-986,120,-112,-14928,-2332,5156,-497,45,-114,0
1388.860183954239,10832,4828,10720,-23,-209,109,10180,-9780,7928,15,137,-215,-14904,4308,2124,-1020,102,-90,-14904,-2584,4984,-518,89,-146,0
1388.8950390815735,10532,4668,10636,-20,-161,87,10140,-9828,7740,6,131,-189,-14908,4096,2544,-1081,78,-61,-14916,-2632,5076,-527,108,-157,0
1388.9300839900973,10800,4792,10408,-46,-97,97,10180,-9724,7956,244,164,-177,-14992,4320,2796,-1035,65,-62,-14992,-2676,5364,-561,125,-170,0
1388.9652800559998,10524,4756,10676,-100,-101,87,10200,-9704,7864,-6,180,-181,-14896,4064,2464,-1034,82,-61,-15076,-2692,5140,-522,106,-161,0
1389.0009379386902,10800,4808,10596,-53,-92,91,10176,-9716,7844,-9,171,-162,-15024,4088,2620,-1033,89,-27,-15008,-2620,5124,-628,61,-157,0
1389.0361430644987,10984,4804,10636,-69,-108,106,10216,-9792,7948,23,179,-174,-15072,4216,2340,-1094,-6,-40,-14956,-2648,4992,-642,44,-180,0
1389.0720109939575,10888,4808,10552,-24,-60,62,10012,-9732,8012,-8,161,-159,-15004,3884,2564,-1026,80,-41,-14992,-2608,5328,-653,40,-179,0
1389.1074430942535,10992,4692,10764,-42,-112,77,10144,-9804,8016,-28,161,-185,-14904,4192,2648,-1076,63,-21,-15000,-2656,5192,-602,101,-170,0
1389.142914056778,10804,4684,10544,-118,-93,99,10268,-9744,8072,56,135,-152,-14992,4144,2428,-1112,27,-62,-15040,-2680,4892,-616,123,-167,0
1389.179316997528,10784,4856,10716,-21,-53,103,10180,-9672,7920,39,145,-136,-14960,4236,2540,-1072,2,-3,-15056,-2736,5184,-608,93,-198,0
1389.2128360271454,10856,4976,10596,-36,-47,87,10232,-9748,7988,-12,131,-142,-15008,4188,2328,-1051,90,-22,-15024,-2640,5040,-544,68,-192,0
1389.24653506279,11004,4724,10600,-103,-92,78,10188,-9860,7964,13,159,-152,-14940,4136,2784,-1033,73,-72,-14968,-2748,5044,-540,81,-171,0
1389.280091047287,10876,4828,10584,-29,-106,95,10040,-9480,8080,10,162,-150,-14896,4108,2668,-1112,59,-67,-14924,-2740,5220,-535,101,-174,0
1389.3136479854584,10744,4808,10956,-120,-119,75,10208,-9672,7892,27,138,-232,-14908,4136,2444,-1061,72,-48,-14888,-2744,5160,-512,171,-147,0
1389.3469290733337,10924,5052,10652,-58,-61,78,10116,-9640,7916,24,112,-173,-14992,4092,2632,-1123,94,-19,-14868,-2740,5176,-487,137,-142,0
1389.3802289962769,10768,4908,10724,-93,-103,83,10088,-9708,8020,48,189,-173,-14924,4292,2444,-1063,60,-60,-15004,-2736,5224,-490,117,-174,0
1389.4136350154877,10836,4916,10688,-98,-44,60,10100,-9664,7892,30,155,-173,-14876,4128,2648,-1041,49,-69,-15044,-2696,5220,-446,143,-167,0
1389.447329044342,10756,5104,10580,-103,-80,83,10056,-9748,7976,24,146,-176,-14840,4148,2532,-1145,67,-58,-14992,-2676,5300,-435,156,-151,0
1389.4807591438293,10700,5108,10728,-110,-64,146,10088,-9948,8188,10,121,-175,-14860,4184,2392,-1208,114,-236,-14892,-2740,5052,-440,139,-144,0
1389.514261007309,10640,4884,10672,-84,-82,84,9996,-9696,7984,255,122,-193,-14880,4252,2412,-1052,91,-51,-14928,-2768,5140,-395,194,-101,0
1389.547737121582,10684,4628,10568,-93,-108,86,9768,-9796,7976,19,82,-238,-14832,4096,2476,-1027,100,-111,-14996,-2700,5280,-422,239,-102,0
1389.5811719894407,10788,4804,10700,-111,-169,115,10208,-9712,7996,32,67,-512,-14900,4192,2404,-1099,122,-114,-14984,-2584,5204,-389,501,-115,0
1389.6148450374603,10900,4680,10664,-91,-161,103,10472,-9484,8092,30,67,-248,-15000,4172,2552,-1018,73,-72,-15008,-2692,5304,-371,235,-144,0
1389.6480920314789,10828,4660,10660,-99,-55,106,10284,-9648,8132,18,124,-223,-14976,4144,2412,-976,69,-82,-15028,-2756,5096,-391,117,-127,0
1389.6816279888153,8416,4340,9564,-73,-112,98,10352,-9696,8036,12,122,-211,-14968,4032,2372,-916,116,-71,-15028,-2744,5360,-428,138,-116,0
1389.7153670787811,10848,5112,10708,-173,-86,108,10132,-9644,7696,-14,161,-159,-14952,4220,2312,-915,23,-51,-15044,-2664,4896,-416,124,-122,0
1389.7486641407013,10776,4828,10472,-122,-71,104,10136,-9720,7832,-28,167,-157,-14984,4156,2504,-919,39,-48,-14936,-2628,5284,-444,147,-131,0
1389.7822921276093,10908,4776,10652,-142,-57,104,10176,-9732,8028,-256,144,-154,-14916,4140,2620,-939,29,-39,-15080,-2568,5124,-484,172,-122,0
1389.8157141208649,10796,5096,10588,-152,-36,108,10056,-9632,8128,-29,127,-156,-15064,4208,2464,-928,76,-39,-14980,-2752,5172,-507,127,-108,0
1389.8493690490725,10776,4868,10568,-116,-22,70,10144,-9972,7976,-71,143,-199,-15012,4156,2708,-966,106,-73,-14960,-2700,5136,-580,175,-170,0
1389.8826699256897,10952,5076,10744,-160,-26,74,10168,-9676,7892,-34,120,-198,-14888,4212,2384,-773,74,-60,-14900,-2692,5300,-793,132,-183,0
1389.9160919189453,10820,4872,10504,-57,-51,87,10124,-9520,8168,-37,51,-148,-14872,4152,2640,-1172,98,240,-14912,-2872,5300,-1162,-254,-204,0
1389.9497649669647,10692,5040,10636,-46,-14,110,10136,-9864,8024,-78,42,-135,-15016,4156,2636,-1176,102,-27,-14880,-2780,5048,-1025,-41,-194,0
1389.9832379817965,10752,4800,10512,-88,-92,92,10120,-9748,8148,-79,116,-169,-14892,4144,2612,-1137,174,-48,-15000,-2700,5172,-731,-31,-162,0
1390.016888141632,10724,4768,10560,-140,-95,105,10152,-9704,7896,10,157,-178,-14796,4220,2544,-1144,141,-91,-14892,-2796,5192,-826,43,-129,0
1390.0502140522003,10864,4840,10604,-208,-72,126,10412,-9784,7852,55,123,-181,-14944,4172,2632,-1052,138,-102,-14896,-2804,5096,-698,59,-101,0
1390.0835089683533,10780,5116,10256,-227,-111,126,10024,-9700,8148,38,94,-223,-15084,4232,2588,-1024,162,-90,-14920,-2804,5308,-589,62,-79,0
1390.1171820163727,10816,4836,10640,-217,-151,157,10152,-9708,7928,49,87,-239,-14944,4176,2588,-1058,158,-96,-14940,-2852,5292,-622,90,-88,0
1390.1505351066587,10780,4704,10624,-267,-79,111,10196,-9700,8156,20,151,-216,-14920,4192,2592,-984,126,-137,-14888,-2860,5276,-609,51,-91,0
1390.1836259365082,10808,4884,10548,-270,-50,77,10072,-9632,7924,20,115,-186,-14656,4204,2324,-992,140,-104,-14948,-2788,5232,-575,76,-86,0
1390.223755121231,10816,5108,10692,-292,-79,104,10164,-9672,7988,-24,130,-173,-14960,4132,2636,-1014,131,-104,-14908,-2760,5128,-592,92,-56,0
1390.259530067444,10536,4872,10528,-290,-75,114,10208,-9604,8096,-22,138,-214,-14716,4336,2432,-987,183,-121,-14860,-2836,5116,-538,126,-69,0
1390.2950479984283,10828,4800,10672,-275,-106,122,10184,-9692,8108,-22,107,-238,-15020,4224,2540,-984,182,-142,-14976,-2772,5148,-608,125,-62,0
1390.3308129310608,10760,4736,10624,-251,-116,140,10488,-9792,7972,254,118,-225,-14988,4176,2452,-776,171,-126,-14912,-3024,5156,-567,129,-76,0
1390.3671140670776,10824,4832,10716,-220,-136,123,10144,-9684,7952,40,116,-191,-14948,4064,2800,-1021,184,-110,-14712,-2832,5256,-578,111,-100,0
1390.4023170471191,10920,4796,10556,-246,-113,139,10164,-9968,7964,30,168,-185,-14976,4064,2556,-984,142,-96,-14920,-2924,5280,-542,101,-82,0
1390.4374170303345,10804,4776,10504,-237,-72,140,10144,-9688,8160,31,105,-182,-14932,4176,2592,-992,128,-101,-14968,-2808,5340,-534,98,-82,0
1390.473405122757,10928,4812,10488,-235,-120,120,10172,-9720,8056,16,107,-218,-14996,3852,2732,-981,137,-94,-14940,-2828,5280,-441,136,-93,0
1390.5082211494446,10764,4768,10620,-265,-120,171,10004,-9604,8016,19,85,-212,-14892,4164,2692,-976,173,-129,-14908,-2760,5280,-506,153,-81,0
1390.543960094452,10784,4788,10512,-244,-125,157,10212,-9552,7984,-12,76,-202,-14980,4116,2468,-921,155,-150,-14932,-2704,5260,-437,145,-63,0
1390.5797770023346,10936,4788,10604,-268,-122,141,10160,-9652,7940,37,158,-187,-14960,4220,2572,-977,96,-65,-14948,-2764,5536,-483,145,-75,0
1390.6148121356964,10856,4688,10244,-304,-147,152,10100,-9700,7908,96,131,-199,-14864,4116,2528,-959,92,-132,-14988,-2788,5236,-409,167,-78,0
1390.6503779888153,10780,4844,10508,-225,-121,109,10168,-9524,8048,43,119,-219,-14896,4328,2524,-909,151,-105,-14900,-2704,4940,-348,186,-55,0
1390.6856420040133,10856,4708,10540,-269,-211,115,10104,-9720,7956,72,107,-248,-14960,4164,2308,-951,90,-185,-14924,-2732,5232,-257,230,-54,0
1390.7217350006104,10812,4796,10416,-266,-187,170,10212,-9680,8052,50,110,-216,-14940,4172,2560,-924,61,-51,-14952,-2796,5264,-160,200,-48,0
1390.7575550079346,10912,4740,10524,-271,-147,143,10036,-9588,7972,26,173,-204,-14840,4284,2476,-796,68,-41,-14920,-2628,5296,-100,164,-49,0
1390.7932081222534,10840,4480,10636,-291,-189,160,10220,-9620,8116,-41,150,-200,-14952,4144,2440,-771,61,-124,-15008,-2692,5280,42,298,-32,0
1390.8293180465698,10960,4712,10548,-186,-159,150,10224,-9612,7824,-13,148,-246,-14932,4088,2508,-792,30,-122,-14972,-2736,5384,-172,273,-69,0
1390.8653099536896,10948,4696,10564,-174,-155,135,10228,-9492,7996,-25,349,-141,-14964,4128,2508,-1018,49,-119,-14788,-2624,5300,-205,336,-105,0
1390.8987259864807,10828,4832,10720,-105,-107,107,10040,-9580,8016,-9,141,-201,-15032,4092,2712,-721,-31,-95,-15052,-2664,5156,-115,341,-97,0
1390.9322900772095,10832,4756,10448,-148,-71,91,10160,-9520,8112,-42,183,-196,-15008,4280,2512,-749,-46,-102,-15048,-2640,5248,-136,314,-99,0
1390.9658041000366,10824,4724,10696,-178,-54,98,10284,-9748,7984,-3,158,-204,-14896,4132,2612,-822,44,-111,-14988,-2700,5292,-263,511,-94,0
1390.9994521141052,10880,4748,10580,-134,-90,101,10116,-9760,7916,-12,138,-194,-14948,4136,2496,-900,58,-87,-14960,-2748,5104,-371,293,-101,0
1391.0330080986023,10796,4724,10440,-110,-80,104,10148,-9572,7884,-80,142,-167,-14900,4216,2396,-926,30,-86,-14932,-2700,5204,-406,217,-119,0
1391.0661540031433,10828,4740,10736,-64,-67,82,10192,-9704,7828,-34,182,-162,-14948,4228,2332,-903,59,-67,-14968,-2696,5200,-435,168,-121,0
1391.0998871326449,10904,4692,10488,-60,-22,76,10228,-9568,7988,-45,126,-174,-15060,4136,2432,-1018,112,-39,-15012,-2568,5200,-496,71,-153,0
1391.133285999298,10848,4656,10664,-102,-51,80,10212,-9640,8056,34,115,-160,-14984,4176,2344,-1111,29,-84,-14936,-2636,5136,-495,117,-135,0
1391.1667449474335,10808,4804,10508,-79,-51,108,9708,-9616,8136,45,322,-160,-14940,4192,2472,-1098,83,-107,-14984,-2648,5084,-436,128,-130,0
1391.2002909183502,10832,4728,10588,-43,-33,72,10244,-9800,7856,-7,169,-202,-14920,4228,2412,-1085,81,-86,-15012,-2544,5240,-477,149,-121,0
1391.233757019043,10904,4668,10512,-124,-97,96,10216,-9544,7860,6,136,-150,-14996,4228,2800,-1110,60,-56,-14972,-2632,5256,-469,115,-133,0
1391.2673399448395,10776,4748,10532,-36,-37,92,10240,-9680,8064,-7,203,-105,-14980,4192,2620,-1125,70,-49,-14988,-2612,4916,-486,125,-124,0
1391.3008000850677,10856,4808,10328,-40,-254,99,10180,-9660,8096,255,110,-131,-14924,4208,2528,-1120,56,-33,-15048,-2712,5168,-504,90,-149,0
1391.3344421386719,10716,4736,10676,-64,-7,73,10244,-9648,8104,-38,159,-124,-15044,4220,2540,-1092,34,-57,-14988,-2684,5208,-524,81,-193,0
1391.3680040836334,10600,4780,10604,-90,-36,47,10072,-9652,8100,-47,173,-172,-14856,4204,2552,-1069,48,-34,-14968,-2616,5192,-502,119,-182,0
1391.4014530181885,10884,4736,10480,-50,-39,77,10172,-9632,8060,-47,148,-166,-15000,4200,2408,-903,58,-48,-14916,-2656,5260,-563,124,-155,0
1391.434875011444,10776,5084,10644,-60,-32,58,10136,-9588,8296,-107,115,-192,-14800,4236,2568,-816,130,-55,-14924,-2632,5168,-572,63,-138,0
1391.4684450626373,10812,4820,10556,3,-37,108,10268,-9636,8112,-27,107,-196,-15012,4168,2492,-1033,73,-97,-14900,-2692,5088,-428,165,-80,0
1391.50203704834,10564,5032,10508,-119,-79,110,10312,-9768,8116,-96,44,-190,-14908,4204,2496,-880,57,-72,-14988,-2720,5332,-546,155,-122,0
1391.5355429649353,10864,4788,10620,-75,39,103,10068,-9876,7812,-47,156,-153,-14912,4216,2524,-906,87,-37,-14936,-2612,5192,-450,139,-153,0
1391.5691449642181,10832,4840,10652,-86,-42,118,10116,-9672,7684,-33,134,-190,-14916,4112,2452,-962,95,-53,-14936,-2680,5224,-398,202,-98,0
1391.6025540828705,10828,4768,10344,-152,-86,106,10208,-9632,7908,-17,162,-197,-15004,4196,2464,-1044,96,-105,-15088,-2684,5088,-301,208,-101,0
1391.6358709335327,10988,4648,10504,-147,-88,86,10456,-9692,8024,243,302,-179,-14948,4172,2496,-1074,79,-72,-15008,-2744,5288,-292,198,-126,0
1391.6694531440735,10796,4788,10664,-145,-67,91,10000,-9692,7724,-3,152,-181,-15084,4132,2516,-769,86,-89,-14888,-2648,4888,-305,170,-81,0
1391.7030889987946,10760,4844,10620,-134,-68,130,10036,-9504,7980,13,140,-192,-15096,4312,2312,-983,116,-78,-14848,-2572,5232,-354,158,-85,0
1391.7367119789124,10796,4880,10560,-136,-60,136,10040,-9684,7728,-38,67,-215,-15092,4276,2672,-940,133,-79,-14980,-2632,5152,-384,158,-56,0
1391.77019405365,10928,4880,10628,-153,-80,159,10148,-9596,8116,-36,79,-200,-14940,4220,2312,-968,116,-68,-14944,-2704,5268,-417,159,-93,0
1391.8038370609283,10892,4716,10644,-137,-93,161,10392,-9628,7980,-19,97,-190,-14936,4124,2480,-965,86,-88,-15020,-2668,5136,-398,152,-91,0
1391.837513923645,10816,4792,10920,-155,-54,109,10296,-9608,8104,-36,123,-182,-14944,4164,2676,-934,46,-85,-15048,-2704,5180,-395,126,-146,0
1391.8740260601044,11152,4836,10688,-148,-35,114,10204,-9572,7952,-27,40,-100,-15280,4228,2784,-1010,81,-32,-14968,-2664,5220,-432,141,-119,0
1391.9093251228333,10672,5060,10380,-139,-60,108,10108,-9596,8024,-63,145,-179,-14620,4160,2656,-869,89,-97,-15040,-2612,5160,-410,179,-109,0
1391.9445550441742,10740,4804,10528,-173,-78,107,10192,-9676,7980,-44,64,-203,-14912,4168,2428,-810,66,-77,-15020,-2664,5360,-447,182,-77,0
1391.9796960353851,10824,4820,10652,-201,-78,128,10136,-9652,7900,-41,77,-214,-14884,4268,2540,-777,66,-70,-14852,-2612,5192,-387,186,-62,0
1392.0149779319763,11004,4892,10664,-227,-42,140,10188,-9652,8100,-14,74,-208,-14956,4252,2616,-842,74,-86,-15016,-2596,5204,-414,211,-69,0
1392.0506210327148,10764,4828,10636,-227,-86,138,10216,-9636,8104,-8,119,-210,-14900,4296,2608,-752,60,-129,-14872,-2676,5372,-417,204,-86,0
1392.0853719711304,10836,4816,10528,-263,-83,135,10180,-9636,7716,-72,66,-196,-14920,4180,2308,-745,106,-85,-15140,-2580,5256,-445,165,-130,0
1392.1213970184326,10844,4832,10612,-253,-47,113,10228,-9760,7916,-16,103,-154,-14888,4264,2416,-896,2,-138,-14964,-2772,5284,-506,190,-116,0
1392.156193971634,10700,4796,10604,-265,-110,135,10208,-9544,8072,35,137,-155,-14952,4204,2656,-879,-256,-86,-14968,-2712,4976,-768,180,-64,0
1392.1924629211426,10792,4860,10568,-198,-84,104,10188,-9648,8128,-62,165,-196,-14940,4184,2780,-840,132,-122,-15020,-2688,5172,-527,200,-92,0
1392.2286510467527,10780,4660,10520,-251,-130,111,10220,-9672,8004,-33,136,-221,-14916,4260,2756,-1006,93,-159,-15008,-2552,5088,-504,202,-83,0
1392.2638001441956,10840,4680,10556,-213,-63,123,10152,-9580,7876,47,123,-161,-14988,4308,2568,-1088,58,-59,-15056,-2656,5252,-492,132,-141,0
1392.2996339797974,10760,4816,10572,-223,-55,106,10148,-9640,8168,-22,201,-206,-14892,4292,2460,-779,127,-134,-15080,-2492,5204,-450,83,-124,0
1392.334890127182,10892,4696,10604,-270,-77,86,10188,-9748,7972,-31,214,-192,-15032,4256,2752,-1056,101,-140,-15084,-2572,5156,-444,173,-78,0
1392.3700659275055,10868,4812,10660,-296,-123,113,10148,-9652,8088,-256,212,-212,-14932,4240,2340,-1047,132,-175,-14952,-2588,5240,-463,198,-66,0
1392.4056370258331,10800,4720,10636,-292,-160,139,10260,-9576,8008,31,157,-234,-14908,4144,2496,-1135,131,-148,-14864,-2676,5256,-471,191,-85,0
1392.4414069652557,10864,4660,10600,-290,-156,139,10236,-9608,8004,12,154,-224,-15032,4208,2592,-1139,120,-193,-15012,-2600,5260,-439,167,-75,0
1392.47603392601,10828,4748,10380,-284,-153,124,9996,-9608,8020,40,196,-207,-14916,4292,2636,-1151,126,-134,-14968,-2568,5156,-453,158,-102,0
1392.5125019550323,10764,4712,10636,-510,-123,114,10104,-9508,8008,41,163,-171,-15104,4140,2496,-1130,137,-111,-15012,-2616,5348,-447,159,-63,0
1392.5479600429535,10804,4844,10488,-271,-141,149,10236,-9544,8028,24,157,-188,-14932,4204,2500,-1069,156,-132,-15048,-2604,5256,-442,141,-62,0
1392.5815110206604,10856,4680,10404,-240,-135,153,10168,-9564,8080,-9,125,-218,-14908,4144,2480,-771,182,-148,-14956,-2660,5092,-427,155,-58,0
1392.61497092247,10752,4744,10696,-246,-140,153,10196,-9528,8080,-27,142,-209,-14892,4124,2664,-1024,159,-144,-14960,-2712,5232,-446,174,-68,0
1392.6481909751892,10916,4744,10632,-248,-197,133,10172,-9580,8152,-9,150,-230,-14960,4304,2472,-771,164,-102,-15020,-2492,5232,-472,186,-37,0
1392.6816780567167,10808,4720,10444,-233,-166,136,10224,-9544,7928,-22,135,-238,-15020,4212,2568,-778,143,-98,-14988,-2536,5076,-457,186,-65,0
1392.715224981308,10836,4640,10524,-250,-171,134,10244,-9604,8148,-14,135,-202,-14948,4348,2572,-1032,142,-138,-14968,-2520,5192,-456,208,-88,0
1392.7487480640411,10752,4708,10616,-223,-201,136,10188,-9608,7976,8,144,-204,-14908,4144,2700,-1054,97,-157,-15036,-2516,5344,-488,172,-100,0
1392.7823870182035,10888,4700,10716,-227,-190,125,10156,-9644,8064,6,146,-186,-14856,4196,2448,-1268,131,-103,-14964,-2544,5192,-474,153,-84,0
1392.8157229423523,10800,4692,10576,-272,-191,156,10184,-9528,7956,-3,118,-208,-14952,4228,2540,-975,165,-121,-15080,-2576,5268,-449,145,-67,0
1392.849326133728,11160,4756,10240,-211,-143,167,10256,-9484,8100,-21,165,-172,-14984,4196,2432,-772,91,-85,-15052,-2596,5040,-471,135,-89,0
1392.8827600479126,10820,4604,10656,-250,-142,137,10068,-9612,7756,6,167,-161,-14892,4168,2568,-661,-128,-112,-15120,-2600,5028,-489,131,-121,0
1392.9158351421356,10876,4672,10464,-215,-156,126,10116,-9560,8012,-24,140,-193,-14944,4132,2804,-1010,103,-99,-14924,-2680,5040,-461,149,-92,0
1392.9493129253387,10936,4624,10656,-198,-116,135,10228,-9580,7960,-22,132,-230,-14888,4232,2428,-995,85,-117,-15028,-2452,5172,-450,193,-80,0
1392.982918024063,10840,4584,10604,-216,-160,109,10480,-9624,8000,8,117,-225,-14952,4156,2456,-1055,79,-124,-15036,-2576,5264,-477,184,-103,0
1393.0164449214935,10968,4652,10712,-158,-153,129,10156,-9728,7964,-27,97,-185,-15040,4128,2520,-964,13,-135,-15012,-2588,4976,-499,97,-120,0
1393.0499429702759,11040,4660,10572,-153,-118,105,10020,-9520,8100,-78,166,-163,-14932,4188,2532,-1044,82,-98,-15044,-2684,5240,-482,103,-148,0
1393.0835099220276,10868,4668,10584,-89,-126,103,10220,-9540,8216,-94,121,-160,-14984,4184,2500,-1053,105,-66,-15004,-2500,5048,-476,145,-133,0
1393.1168930530548,10848,4660,10360,-76,-88,95,10168,-9396,8064,-73,130,-189,-14968,3908,2448,-1082,120,-104,-14936,-2464,4896,-492,144,-145,0
1393.1498711109161,10888,4376,10628,-62,-53,94,9804,-9344,8056,-11,208,-201,-14920,4196,2576,-1107,120,-147,-14964,-2572,5136,-452,197,-151,0
1393.18328499794,10864,4676,10720,-83,-44,67,10300,-9544,7988,-40,100,-208,-15000,4144,2368,-1067,72,-98,-15176,-2636,5224,-480,186,-130,0
1393.2168250083923,10956,4704,10708,-78,-96,81,10432,-9544,8044,-45,125,-192,-14964,4220,2668,-1023,81,-60,-14980,-2628,5136,-474,177,-144,0
1393.2502081394196,10836,4788,10668,-122,-64,97,10164,-9596,8204,-54,124,-177,-14908,4172,2376,-1039,33,-69,-15040,-2492,5132,-485,156,-137,0
1393.2835869789124,10940,4840,10504,-82,-66,115,10212,-9596,8208,-50,142,-158,-14924,4140,2736,-1011,48,-83,-14956,-2520,5240,-486,124,-126,0
1393.3171319961548,10816,4552,10688,-91,-18,111,10256,-9572,8144,-68,161,-166,-14920,4084,2496,-1010,69,-46,-14912,-2720,5288,-477,142,-104,0
1393.350706100464,10876,4656,10732,-104,-17,96,10172,-9544,7972,-60,147,-169,-14972,4176,2644,-979,86,-79,-14960,-2488,5256,-491,130,-146,0
1393.383994102478,10844,4736,10260,-119,-47,109,10184,-9556,7920,-60,143,-165,-15092,4180,2456,-993,97,-67,-15000,-2560,5256,-487,162,-129,0
1393.4177219867706,10916,4652,10460,-107,-79,103,10204,-9644,8148,-64,151,-193,-14912,3852,2424,-1047,96,-51,-15024,-2540,5104,-459,158,-106,0
1393.4512331485748,10964,4616,10612,-65,-53,79,10292,-9576,7908,-28,133,-178,-14956,4188,2444,-1039,92,-96,-14980,-2348,5072,-464,150,-143,0
1393.4846110343933,10952,4656,10628,-79,-75,83,10044,-9628,8164,-29,149,-184,-14948,4208,2612,-1057,63,-78,-14968,-2488,4888,-477,160,-140,0
1393.5182600021362,10860,4744,10704,-113,-76,103,9984,-9708,8064,-49,151,-202,-14896,4184,2652,-1034,60,-88,-15104,-2600,5248,-486,126,-131,0
1393.5543789863589,10872,4820,10644,-54,-16,79,10176,-9664,8024,-48,147,-164,-14960,4212,2756,-1063,57,-61,-15020,-2536,5184,-502,118,-165,0
1393.5899059772491,10952,4452,10472,-103,-25,82,10200,-9564,8016,-19,149,-162,-15024,4200,2600,-1109,25,-77,-14884,-2676,5308,-480,120,-181,0
1393.6249170303345,10804,4728,10544,-69,-1,71,10484,-9560,8416,-5,156,-146,-14920,4064,2576,-1085,70,-92,-15060,-2576,5000,-461,137,-184,0
1393.6607780456543,10948,4372,10568,-97,-55,64,10144,-9640,8168,-40,167,-199,-14972,4092,2580,-1014,19,-61,-15032,-2560,5048,-448,169,-165,0
1393.6970920562744,10892,4732,10408,-63,13,80,10136,-9596,8120,-29,156,-166,-14964,4232,2644,-1143,77,-23,-15028,-2580,5216,-476,129,-129,0
1393.7322371006012,10912,4672,10568,-57,-2,92,10028,-9604,8076,-17,158,-158,-14980,4188,2540,-1134,88,-51,-14932,-2716,5264,-497,115,-181,0
1393.767382144928,10856,4756,10652,-68,-19,71,10440,-9656,8200,-51,115,-165,-14964,4332,2604,-1070,82,-38,-14944,-2700,5080,-488,92,-121,0
1393.8032510280607,10880,4756,10744,-101,-27,92,10120,-9564,8044,-58,149,-151,-14980,4104,2584,-1103,97,-97,-15128,-2616,5248,-508,150,-110,0
1393.838877916336,10776,4460,10612,-57,-50,99,10160,-9652,8128,-26,151,-161,-15044,4256,2648,-1110,133,-29,-14976,-2672,5204,-507,143,-137,0
1393.8738081455233,10912,4720,10592,-98,-75,108,10132,-9640,8068,-47,109,-154,-14864,4136,2484,-1107,150,-79,-14956,-2312,5424,-484,154,-102,0
1393.9093480110168,10748,4844,10556,-86,-61,120,10192,-9572,8084,-33,109,-145,-14916,4180,2308,-1054,129,-67,-15048,-2648,5144,-495,145,-102,0
1393.9444661140442,10812,4620,10540,-102,-50,100,10036,-9680,7996,-63,138,-175,-14896,4188,2680,-1046,108,-98,-15004,-2636,5212,-492,134,-126,0
1393.9802629947662,10800,4744,10524,-86,-32,96,9992,-9604,8128,-21,99,-169,-14880,4212,2608,-1077,106,-73,-14928,-2592,5248,-482,151,-112,0
1394.0155420303345,10892,4752,10652,-86,-27,109,10120,-9492,8096,-47,152,-156,-14940,4112,2748,-1037,88,-78,-15068,-2336,5304,-466,134,-122,0
1394.0515010356903,10824,4812,10552,-136,-72,90,10172,-9592,8052,-58,152,-153,-14892,3924,2772,-1043,109,-67,-14932,-2548,5200,-460,145,-113,0
1394.0873970985413,10960,4844,10616,-135,-49,81,10180,-9696,7920,-31,169,-182,-14652,4204,2452,-1054,107,-47,-15032,-2740,4864,-484,163,-115,0
1394.1229829788208,10768,4724,10556,-113,-35,116,10112,-9636,7984,-38,104,-179,-14960,4268,2800,-1085,142,-103,-14828,-2648,5156,-488,146,-127,0
1394.1583631038666,10772,4752,10624,-87,-47,86,10124,-9576,8052,-15,113,-182,-14864,4136,2660,-1059,110,-103,-14916,-2604,5348,-498,167,-152,0
1394.1937119960785,10876,4800,10576,-111,-59,102,10124,-9676,8064,-46,122,-153,-14868,4148,2588,-1081,160,-93,-14956,-2624,5064,-516,130,-132,0
1394.2292079925535,10824,4700,10504,-90,-98,108,10248,-9648,8144,-8,45,-198,-14952,4200,2808,-1067,129,-87,-15016,-2520,5168,-485,138,-102,0
1394.2627320289612,10896,4736,10684,-146,-57,84,10216,-9664,8156,-17,137,-212,-14928,4116,2552,-1280,150,-83,-15008,-2692,5088,-472,138,-97,0
1394.2961671352389,10836,4652,10324,-120,-41,134,10452,-9604,7860,-18,65,-160,-15100,4168,2792,-1004,115,-44,-15036,-2552,5256,-480,100,-132,0
1394.329824924469,10808,4640,10556,-153,-26,87,10008,-9552,8200,-22,153,-150,-14980,4252,2452,-1047,103,-33,-14924,-2804,5084,-455,137,-125,0
1394.3632519245148,10836,4840,10556,-169,-47,112,10120,-9520,8020,-10,140,-153,-14984,4096,2616,-1016,105,-89,-14872,-2628,4880,-450,152,-91,0
1394.3968489170074,10828,4732,10572,-162,-82,100,10128,-9684,7980,-56,160,-175,-14940,4220,2604,-1016,133,-98,-14984,-2596,5220,-457,142,-130,0
1394.4316101074219,10860,4760,10596,-217,-82,78,10396,-9716,8008,29,110,-204,-14864,4292,2548,-1005,95,-79,-14944,-2476,5156,-466,167,-92,0
1394.4657530784607,10796,4792,10752,-178,-91,116,10028,-9508,8044,42,134,-183,-14816,4168,2624,-1032,117,-87,-14936,-2604,5232,-454,141,-89,0
1394.4993541240692,10812,4616,10552,-211,-50,143,10120,-9620,8028,23,136,-192,-14956,4140,2616,-1012,174,-81,-15072,-2684,5272,-452,130,-95,0
1394.5328950881958,10832,4720,10716,-246,-110,109,10140,-9632,8304,-27,152,-209,-14876,4124,2572,-975,160,-127,-14876,-2572,5220,-492,119,-89,0
1394.5666029453278,10788,4732,10496,-263,-103,126,10092,-9572,8072,-22,154,-193,-14784,4176,2636,-975,144,-104,-14904,-2528,5236,-513,182,-83,0
1394.6001250743866,10840,4704,10628,-239,-131,134,10144,-9600,7944,-10,153,-203,-14940,3968,2408,-1052,153,-88,-14968,-2684,5144,-475,197,-78,0
1394.6335289478302,10752,4688,10648,-297,-138,131,10148,-9640,8040,28,166,-232,-14948,4228,2624,-1029,167,-121,-15036,-2648,5200,-469,216,-73,0
1394.6668429374695,10756,4784,10704,-314,-139,108,10104,-9524,8032,24,195,-237,-15024,4152,2672,-1001,145,-182,-15080,-2620,5176,-506,188,-78,0
1394.7003619670868,10760,4732,10640,-293,-145,119,10096,-9624,8016,20,149,-217,-14896,4164,2464,-1038,151,-119,-14960,-2580,5280,-504,161,-88,0
1394.7339861392975,10736,4732,10548,-255,-130,148,10072,-9604,7984,14,143,-210,-14904,4148,2452,-994,123,-142,-15084,-2700,4916,-531,167,-89,0
1394.767576932907,10860,4828,10564,-249,-144,135,10160,-9580,8164,-53,149,-189,-14832,3984,2784,-812,115,-104,-15000,-2676,5232,-565,190,-81,0
1394.8012170791626,10796,4800,10512,-224,-145,140,10080,-9504,7964,-95,99,-213,-15044,4132,2636,-808,126,-108,-14952,-2540,5264,-524,180,-69,0
1394.8347499370575,10768,4752,10728,-231,-142,134,10164,-9540,8012,-17,113,-219,-14948,4144,2572,-831,107,-172,-15052,-2648,5108,-550,233,-53,0
1394.8682961463928,10940,4656,10620,-260,-160,127,10280,-9636,8064,-251,128,-224,-14996,4112,2596,-859,100,-150,-15132,-2568,5108,-516,199,-75,0
1394.901584148407,10896,4632,10428,-219,-100,136,10448,-9496,7780,-5,136,-200,-14980,4204,2636,-907,123,-123,-15092,-2616,5188,-531,213,-66,0
1394.9352190494535,10852,4736,10648,-244,-112,158,10136,-9580,8104,-15,129,-199,-14900,4016,2668,-956,146,-102,-15036,-2568,5240,-493,178,-64,0
1394.9689321517944,10920,4656,10984,-220,-143,158,10076,-9532,8080,-255,141,-177,-14904,4260,2796,-976,168,-123,-15056,-2564,5168,-557,156,-69,0
1395.0023000240326,10820,4696,10588,-203,-119,158,10256,-9612,8148,-8,113,-168,-14968,4324,2436,-1050,187,-162,-15144,-2816,5124,-484,164,-63,0
1395.0358021259308,10804,4664,10548,-226,-156,158,10192,-9592,8156,-17,133,-190,-14944,4148,2672,-1054,212,-120,-15000,-2312,5044,-491,156,-58,0
1395.0694019794464,11220,4660,10624,-178,-110,157,10152,-9564,8144,-31,147,-178,-14864,4144,2584,-1049,147,-95,-14956,-2784,5048,-517,88,-63,0
1395.103101015091,10920,4584,10592,-199,-126,143,10184,-9624,8048,46,161,-199,-15032,4180,2564,-1087,107,-132,-14956,-2620,5208,-503,162,-124,0
1395.1365449428558,10852,4696,10492,-233,-160,142,10104,-9580,8116,19,142,-209,-14916,4304,2508,-1045,145,-127,-15044,-2648,4980,-489,145,-69,0
1395.1697959899902,10880,4736,10668,-118,-161,128,10112,-9512,7960,-44,153,-220,-14976,4348,2668,-962,146,-173,-15076,-2780,5224,-498,174,-98,0
1395.2032959461212,10752,4612,10572,-239,-148,98,10192,-9644,7956,-230,153,-241,-14932,4196,2476,-1037,156,-164,-15000,-2448,5216,-453,194,-113,0
1395.2449939250946,10992,4572,10536,-159,-165,169,10188,-9544,8116,34,150,-201,-14960,3860,2340,-1117,30,-78,-15112,-2716,5308,-461,127,-145,0
1395.280750989914,10852,4740,10476,-154,-52,88,9996,-9548,8000,-59,142,-185,-14996,4132,2584,-1017,107,-96,-14976,-2584,4940,-523,82,-115,0
1395.3162310123444,10788,4364,10472,-57,-87,99,10080,-9568,8168,-90,115,-190,-14964,4080,2800,-993,143,-117,-14936,-2588,5052,-259,154,-121,0
1395.3522510528564,10996,4656,10444,-34,-142,103,10408,-9592,8040,-73,115,-221,-15048,4084,2396,-1064,139,-56,-15100,-2420,5120,-492,144,-133,0
1395.3881769180298,10756,4616,10392,-86,-111,78,10136,-9520,7988,-24,131,-206,-14864,3972,2512,-1105,129,-94,-14960,-2560,5080,-477,198,-142,0
1395.4235379695892,10792,4736,10376,-72,-18,82,10096,-9548,7952,-60,159,-176,-14992,4032,2552,-1085,104,-85,-15024,-2624,5236,-457,126,-152,0
1395.4584200382233,10868,4748,10456,-79,-35,84,10076,-9608,8056,-55,151,-174,-14880,4192,2700,-778,133,-50,-15092,-2324,5336,-489,100,-120,0
1395.4944729804993,11000,4720,10692,-74,252,77,10160,-9672,8024,-41,120,-151,-15000,4148,2524,-1075,117,-60,-15072,-2588,5240,-494,106,-138,0
1395.5305280685425,10904,4736,10696,-57,-3,88,10080,-9572,8244,-85,115,-151,-14952,4120,2536,-1051,129,-71,-14984,-2620,5208,-478,91,-129,0
1395.566076040268,10840,4688,10676,-30,13,90,10180,-9508,8072,-95,112,-146,-14848,4164,2688,-990,161,-53,-15040,-2584,5140,-502,102,-123,0
1395.6020131111143,10912,4792,10572,-62,27,76,10164,-9652,8092,-111,95,-162,-14968,4096,2508,-1016,127,-53,-15012,-2568,5152,-526,143,-63,0
1395.6375391483307,10940,4784,10644,-50,33,102,10156,-9684,8036,-105,101,-155,-14916,4040,2324,-982,110,-75,-14932,-2420,5168,-553,181,-97,0
1395.6727180480955,10940,4848,10508,-67,11,100,10172,-9652,8328,-91,93,-156,-14988,4132,2572,-885,13,-56,-14964,-2668,5032,-598,268,-114,0
1395.708258152008,10988,4744,10564,-36,75,79,10244,-9604,8100,-102,112,-154,-15052,4092,2784,-867,-10,-83,-15088,-2612,5276,-635,264,-113,0
1395.7436730861664,10840,4696,10628,-38,51,82,10148,-9552,8016,-162,100,-181,-14984,4236,2288,-898,57,-57,-14992,-2532,5152,-678,190,-121,0
1395.779273033142,10900,4792,10644,33,19,71,10400,-9536,8048,-224,90,-164,-15024,4120,2344,-932,43,-96,-15104,-2540,5292,-655,220,-117,0
1395.81503200531,10892,4828,10612,42,-92,215,10312,-9560,7900,-178,94,-173,-15068,4328,2592,-1020,28,-80,-15028,-2340,5124,-639,220,-170,0
1395.8508059978483,10868,4764,10980,-28,-26,55,10008,-9620,7960,-102,152,-160,-15004,4112,2476,-985,251,-26,-15012,-2636,5192,-658,118,-141,0
1395.887589931488,10828,4812,10472,27,24,65,10404,-9512,7964,-173,124,-177,-14956,4108,2512,-1013,38,-38,-14956,-2720,5248,-604,164,-167,0
1395.9210770130157,10852,4752,10428,-54,-15,68,10148,-9564,8188,-98,135,-191,-14612,4164,2724,-964,42,-86,-14956,-2584,5048,-520,168,-178,0
1395.954575061798,10840,4884,10496,30,68,41,10360,-9676,7896,-167,251,-216,-14748,4344,2700,-891,97,-42,-14988,-2524,5164,-597,76,-155,0
1395.9881119728088,10784,4876,10632,152,89,43,10180,-9688,7708,-116,62,-175,-14800,4260,2448,-925,148,-43,-14968,-2560,5120,-572,118,-137,0
1396.021677017212,10840,4832,10800,14,34,63,10112,-9536,7916,-109,140,-138,-14960,4228,2540,-902,94,-69,-15852,-2784,5304,-458,159,-149,0
1396.055020093918,11000,4908,10456,-121,-32,46,10144,-9764,7980,-147,145,-170,-14964,4184,2524,-938,65,-60,-14992,-2528,5120,-532,170,-126,0
1396.088604927063,10716,4812,10540,-9,-22,65,10192,-9660,8052,-118,122,-175,-14932,4148,2496,-996,103,-86,-14944,-2508,5092,-470,135,-121,0
1396.1221251487732,10776,4796,10420,-50,-106,110,10216,-9696,7988,-106,161,-158,-14916,4164,2664,-1014,83,-80,-14896,-2656,5148,-536,160,-145,0
1396.1554009914398,10856,4856,10604,34,-92,121,10192,-9712,8108,-85,178,-156,-14916,4236,2524,-1004,47,-84,-15092,-2692,5172,-532,143,-194,0
1396.1886920928955,10540,5112,10576,-51,-92,83,10180,-9660,8012,-42,173,-150,-14948,4332,2796,-981,116,-111,-14968,-2648,5232,-489,91,-149,0
1396.2224690914154,10804,4948,10680,-68,-57,88,10160,-9716,7976,-35,131,-168,-14928,4188,2140,-964,108,-70,-15004,-2716,5224,-507,126,-115,0
1396.255821943283,10844,4852,10540,-120,-74,132,10104,-9600,7988,-55,146,-156,-14916,4220,2420,-945,75,-53,-15008,-2672,5216,-524,109,-125,0
1396.2891719341278,10516,4976,10504,-114,-61,118,10076,-9636,8068,-21,119,-150,-14900,4168,2472,-988,117,-81,-14972,-2580,5192,-441,137,-149,0
1396.3226850032809,10760,4904,10700,-144,-97,119,10080,-9768,8128,-30,151,-180,-15004,4208,2140,-961,137,-102,-15000,-2760,5044,-430,133,-106,0
1396.356173038483,10824,4904,10576,-210,-107,120,10076,-9948,8152,-34,147,-182,-14964,4152,2800,-965,112,-73,-15052,-2684,5196,-466,136,-147,0
1396.3896350860596,10884,4796,10508,-134,-89,130,10088,-9604,7888,-41,155,-164,-14956,4220,2376,-969,112,-83,-14984,-2676,5212,-477,151,-132,0
1396.4234409332275,10804,4880,10324,-130,-83,109,10240,-9732,8092,-18,141,-176,-14964,4184,2704,-1020,130,-81,-15048,-2624,5172,-470,132,-115,0
1396.4571311473849,10800,4904,10560,-130,-62,105,10124,-9684,8004,-71,117,-191,-15000,4196,2612,-930,84,-42,-14996,-2760,5136,-499,120,-151,0
1396.4906539916992,10524,4828,10644,-77,-56,103,10228,-9604,8080,-39,110,-182,-14912,4192,2440,-956,89,-81,-14880,-2600,5312,-474,144,-124,0
1396.5242700576782,10764,4868,10668,-141,-85,116,10152,-9972,8132,-73,134,-192,-14904,4224,2692,-951,80,-120,-14924,-2680,4992,-448,219,-109,0
1396.5578949451449,10760,5000,10512,-192,-114,104,10124,-9664,8044,-95,153,-190,-14872,4260,2728,-856,59,-111,-14992,-2680,4952,-412,209,-107,0
1396.5914750099182,10872,4876,10652,-148,-81,91,10164,-9680,8036,-107,166,-156,-15028,4292,2804,-836,7,-61,-15048,-2692,5240,-433,173,-128,0
1396.6250150203705,10748,4796,10564,-206,-92,99,10172,-9716,8184,-11,168,-179,-14900,4192,2428,-919,-24,-120,-14980,-2684,5320,-401,199,-133,0
1396.658296108246,10716,5008,10416,-242,-139,153,10112,-9688,8148,-26,149,-194,-15000,4120,2596,-904,47,-147,-15028,-2664,5236,-384,187,-65,0
1396.6915769577026,10612,4640,10592,-250,-141,111,10044,-9840,8100,2,173,-222,-14888,4204,2576,-870,56,-117,-15096,-2624,5120,-405,172,-88,0
1396.7250199317932,10856,4812,10640,-314,-97,108,10068,-9940,8000,-30,121,-208,-15100,4296,2312,-886,10,-136,-14952,-2692,5328,-454,204,-70,0
1396.7588241100311,10848,4916,10524,-240,-132,124,10156,-9536,7956,-17,144,-194,-15092,4156,2452,-871,38,-81,-15036,-2588,5180,-462,166,-85,0
1396.7921929359436,10700,4868,10308,-509,-46,128,10096,-9684,7976,-84,147,-169,-14948,4172,2460,-864,115,-85,-15020,-2612,5164,-455,126,-85,0
1396.8256149291992,11000,4800,10588,-284,-116,123,10152,-9756,8020,-58,170,-206,-14892,4132,2324,-874,139,-123,-14960,-2652,5028,-426,182,-66,0
1396.8592059612274,10796,4932,10716,-312,-110,118,10108,-9780,7992,-134,192,-200,-14872,4108,2624,-791,145,-151,-15084,-2804,5320,-437,207,-42,0
1396.8922650814056,10752,4852,10620,-304,-160,153,10168,-9704,7904,-5,138,-248,-14888,4172,2472,-882,169,-151,-14888,-2800,5176,-367,7,-16,0
1396.9293670654297,10756,4740,10616,-337,-244,174,10228,-9792,8036,12,142,-240,-14960,4156,2604,-917,131,-178,-15056,-2552,5100,-407,508,-69,0
1396.9645371437073,10816,4740,10636,-326,-232,152,10256,-9668,7900,15,199,-214,-14984,4116,2472,-936,119,-142,-15120,-2640,5248,-405,192,-92,0
1397.00027012825,10928,4892,10628,-338,-150,135,10180,-9500,8028,44,139,-222,-14964,4128,2532,-906,120,-162,-15064,-2324,5180,-427,166,-73,0
1397.0356271266935,10828,4800,10560,-313,-161,148,10148,-9568,8180,24,133,-204,-14980,4240,2812,-958,111,-137,-15076,-2492,5040,-461,196,-55,0
1397.071193933487,10920,4728,10540,-296,-203,159,10068,-9584,7956,-28,164,-224,-14812,4164,2360,-927,159,-145,-14948,-2696,5064,-485,171,-88,0
1397.1071939468384,10812,4692,10576,-290,-193,163,10188,-9632,8036,24,114,-225,-15060,3920,2488,-951,123,-186,-15044,-2800,4904,-444,189,-80,0
1397.1424231529236,10968,4740,10600,-323,-227,142,10172,-9580,8016,21,148,-228,-14908,4252,2772,-970,163,-75,-14996,-2324,5132,-438,188,-82,0
1397.1776020526886,10880,4708,10460,-287,-176,142,10148,-9528,8008,70,170,-200,-15000,4180,2452,-986,127,-147,-15012,-2448,5128,-446,186,-82,0
1397.213415145874,10888,4740,10444,-285,-180,135,10212,-9940,8036,130,149,-220,-14920,4176,2592,-772,129,-97,-14960,-2604,5156,-451,192,-70,0
1397.24867105484,10860,4744,10640,-5,-197,139,10144,-9608,7964,80,158,-208,-14976,4160,2676,-1075,133,-134,-14888,-2576,5184,-443,158,-74,0
1397.2836999893188,10808,4812,10652,-254,-190,145,10108,-9552,7916,55,178,-202,-14960,4236,2448,-1038,85,-118,-15056,-2320,5164,-470,143,-77,0
1397.3194861412048,10880,4656,10660,-220,-204,154,10152,-9600,8024,79,102,-193,-14960,4124,2720,-1090,140,-134,-14992,-2676,4916,-431,151,-94,0
1397.354434967041,10848,4680,10396,-225,-175,163,10096,-9632,8160,28,134,-212,-14980,4160,2488,-1272,176,-99,-14872,-2636,5340,-445,165,-72,0
1397.3904650211334,10864,4676,10460,-226,-159,146,10076,-9632,8060,23,144,-220,-14936,4180,2448,-1019,118,-116,-14988,-2548,4892,-483,119,-123,0
1397.4261491298676,10900,4668,10696,-193,-142,111,10120,-9748,8112,51,152,-203,-14868,4200,2356,-1121,90,-131,-15048,-2344,5092,-472,133,-100,0
1397.46187210083,10888,4720,10444,-1,-179,112,10116,-9692,8148,75,155,-196,-14932,4156,2668,-1105,124,-102,-14960,-2668,5168,-444,152,-96,0
1397.4978849887848,10900,4704,10608,-125,-132,116,10212,-9580,7984,-42,117,-207,-14960,4196,2636,-1046,136,-135,-14928,-2488,5152,-477,113,-124,0
1397.5330500602722,10920,4652,10644,-150,-176,101,10208,-9624,7984,11,80,-231,-14932,4196,2692,-1102,117,-136,-14980,-2472,5024,-498,147,-103,0
1397.5691640377045,10960,4708,10388,-73,-123,130,10216,-9464,8028,-8,111,-170,-15052,4344,2412,-1138,99,-66,-15044,-2588,4956,-511,89,-152,0
1397.6026210784912,11036,4724,10488,-73,-7,85,10088,-9232,7964,-3,137,-143,-15000,4116,2408,-1033,110,-12,-15008,-2576,5036,-488,100,-145,0
1397.6360449790955,11020,4740,10600,-137,-42,70,10180,-9648,7968,-1,194,-127,-14868,4136,2616,-1068,109,-14,-15064,-2808,5016,-450,94,-114,0
1397.6698100566864,10920,4780,10532,-130,-26,81,10152,-9620,8156,-7,127,-159,-15028,4152,2700,-1084,129,-42,-14924,-2376,5088,-494,90,-124,0
1397.7032370567322,10896,4664,10260,-67,-125,84,10044,-9596,8080,-42,111,-217,-15020,4256,2580,-1041,166,-101,-15048,-2620,5108,-526,163,-132,0
1397.7362489700317,10912,4688,10484,-60,-103,80,10468,-9476,8068,-36,-101,-223,-14804,4228,2580,-773,135,-83,-15016,-2560,5172,-493,130,-132,0
1397.7701151371002,10896,4688,10696,-47,-40,94,10092,-9664,8064,-27,128,-159,-14924,4156,2600,-1054,139,-52,-15052,-2660,5048,-505,111,-145,0
1397.803395986557,10888,4692,10524,-95,-45,61,10284,-9632,8048,-7,164,-152,-15092,4252,2872,-995,99,-253,-15192,-2588,5184,-486,55,-172,0
1397.8371629714966,10932,4768,10572,-62,-20,67,10328,-9672,8148,-79,55,-136,-14916,4152,2580,-1099,132,-60,-14996,-2812,5352,-529,85,-116,0
1397.870682001114,10960,4764,10260,-74,-21,102,10096,-9600,8084,-3,162,-136,-14944,4124,2468,-1159,186,-83,-14876,-2552,5096,-484,81,-104,0
1397.903769016266,10876,4728,10408,-58,-18,115,10264,-9644,8028,-30,118,-194,-14960,4088,2576,-1143,209,-50,-15064,-2576,5356,-473,89,-122,0
1397.9373440742493,10928,4648,10516,-83,-76,101,10180,-9644,8164,-14,116,-186,-15044,4196,2544,-1103,168,-24,-14980,-2504,5192,-458,99,-146,0
1397.9709601402285,10968,4732,10664,-98,-60,99,10212,-9704,8000,26,147,-185,-14936,4152,2408,-1138,166,-61,-15088,-2816,5144,-484,81,-153,0
1398.00425696373,10920,4808,10520,-60,-30,76,10188,-9600,7956,1,135,-173,-14940,3888,2720,-1161,165,-92,-14968,-2376,5136,-475,84,-131,0
1398.0380189418793,10892,4724,10424,-50,8,65,10100,-9640,8056,37,132,-159,-14956,4176,2540,-1138,136,-23,-14900,-2528,5256,-474,85,-169,0
1398.0715589523315,10924,4724,10596,-70,-5,80,10096,-9584,8172,32,131,-185,-14960,4160,2544,-1148,123,-51,-14936,-2528,5160,-510,85,-126,0
1398.1049120426178,10880,4788,10628,-73,-29,93,10152,-9560,8024,-9,137,-178,-14932,4140,2760,-1106,139,-50,-14972,-2648,5128,-493,138,-129,0
1398.1380980014799,10820,4724,10632,-88,-48,84,10152,-9640,8104,-26,117,-191,-14972,4244,2508,-1049,174,-57,-15000,-2580,5120,-467,98,-145,0
1398.171648979187,10944,4820,10552,-70,-50,115,10176,-9560,7984,-252,89,-171,-14936,4180,2424,-1070,76,219,-15056,-2812,5224,-501,93,-164,0
1398.2049379348755,10792,4760,10656,-161,-94,113,10108,-9584,8092,103,126,-138,-14908,4088,2360,-1222,64,-30,-14880,-2584,5200,-476,120,-145,0
1398.2384049892426,10864,4784,10612,-86,5,107,9864,-9488,8384,-22,133,-130,-14952,4196,2584,-989,126,-6,-15032,-2632,5152,-488,70,-146,0
1398.271700143814,10860,4776,10656,-75,-21,81,10196,-9740,7976,-32,159,-150,-15300,4056,2592,-1023,-231,-46,-15004,-2384,5364,-466,122,-155,0
1398.3050010204315,10892,4716,10396,-129,-22,103,10224,-9616,7988,-30,107,-163,-14964,3928,2428,-1077,69,-63,-14988,-2576,5132,-466,121,-134,0
1398.338632106781,10564,4816,10580,-88,-19,109,10200,-9664,8076,247,98,-171,-14896,4196,2488,-1063,105,-14,-15036,-2580,4960,-461,110,-151,0
1398.3718950748444,10852,5072,10700,-98,-33,119,10144,-9584,8060,-7,118,-145,-14972,4056,2512,-1035,106,-58,-14980,-2452,5372,-460,85,-140,0
1398.4051110744476,10836,4804,10292,-133,-23,93,10160,-9524,8088,-8,141,-161,-15084,4128,2396,-1007,102,-107,-15016,-2644,4896,-479,115,-135,0
1398.4387791156769,10948,4856,10552,-129,-40,123,10128,-9576,8180,249,138,-151,-15024,4148,2472,-1030,89,-79,-15036,-2392,5132,-499,134,-141,0
1398.472239971161,10828,4828,10636,-135,-71,120,10136,-9552,8060,7,132,-192,-14824,4208,2520,-1056,117,-56,-15036,-2804,5168,-486,122,-101,0
1398.505597114563,10844,4780,10388,-112,-21,124,10048,-9704,8068,247,108,-180,-15076,4188,2444,-1072,147,-42,-14928,-2628,5120,-479,157,-116,0
1398.5391869544983,10844,4752,10700,-112,-55,124,10176,-9536,8168,5,119,-170,-15060,4216,2448,-1030,111,-99,-15040,-2520,5244,-498,141,-118,0
1398.5723180770874,10876,4836,10532,-143,-20,100,10168,-9608,8012,-4,127,-171,-14984,4232,2616,-1031,123,-82,-14948,-2568,5276,-457,123,-118,0
1398.6088659763336,10872,4808,10600,-147,-60,109,10088,-9604,8020,-8,112,-174,-14936,4096,2600,-1056,128,-90,-15056,-2612,5156,-468,119,-117,0
1398.64391207695,10844,4772,10336,-151,-35,112,10104,-9588,8248,-57,137,-175,-15056,4232,2500,-1045,105,-83,-14824,-2644,5244,-473,128,-137,0
1398.6798779964447,10776,4768,10636,-155,-66,98,10184,-9508,8072,-23,172,-189,-14964,4312,2784,-1018,125,-73,-15088,-2700,5168,-463,133,-138,0
1398.7152500152588,10892,4712,10712,-207,-83,87,10156,-9644,8216,8,192,-175,-14980,4220,2628,-1001,115,-82,-14968,-2632,5276,-470,124,-99,0
1398.7504920959473,10800,4796,10564,-238,-53,102,10016,-9656,7980,38,129,-191,-15032,4224,2796,-989,103,-110,-14972,-2732,5320,-475,148,-110,0
1398.785665988922,10888,4700,10684,-218,-94,126,10184,-9676,8324,24,144,-204,-14892,4252,2496,-1002,104,-122,-14976,-2536,5172,-517,196,-96,0
1398.8211250305176,10768,4792,10576,-221,-127,122,10144,-9520,8024,-17,128,-209,-14896,4056,2432,-952,147,-102,-14992,-2612,5160,-266,153,-84,0
1398.8571701049805,10796,4832,10560,-207,-104,135,10036,-9620,8136,-39,136,-205,-14868,4188,2548,-958,131,-152,-14992,-2536,5152,-520,180,-65,0
1398.8923070430756,10816,4720,10496,-262,-117,124,10072,-9636,8016,-54,153,-202,-14992,4196,2424,-950,138,-107,-14968,-2696,5128,-487,130,-76,0
1398.927535057068,10884,4728,10596,-284,-100,139,10120,-9604,7988,-26,168,-193,-14888,4184,2632,-908,129,-133,-14940,-2816,5124,-486,167,-58,0
1398.9635260105133,10844,4784,10468,-309,-124,132,10132,-9600,8172,-16,127,-221,-14920,4032,2396,-918,118,-177,-15012,-2328,5052,-464,182,-59,0
1398.998829126358,10900,4728,10604,-344,-111,138,10080,-9580,8032,-5,154,-227,-14948,4156,2548,-961,154,-161,-15028,-2500,5208,-448,155,-54,0
1399.033947944641,10900,4796,10484,-259,-131,135,10184,-9556,8044,-14,148,-184,-15020,4196,2484,-990,116,-126,-15144,-2516,5144,-761,127,-86,0
1399.0704510211945,10860,4716,10440,-345,-159,132,10272,-9572,7924,39,156,-199,-14948,4184,2388,-1050,82,-105,-14980,-2584,5292,-504,170,-98,0
1399.105565071106,10780,4816,10600,-7,-105,147,10228,-9580,8124,-13,141,-193,-14924,3852,2524,-1004,128,-153,-14944,-2592,5128,-496,160,-82,0
1399.1412241458893,10912,4768,10624,-245,-137,144,10080,-9612,8056,-25,154,-221,-14968,4152,2516,-984,129,-95,-15056,-2508,5160,-463,185,-98,0
1399.1761989593506,10900,4752,10276,-280,-120,145,10124,-9516,8208,40,137,-220,-14976,4040,2548,-1036,94,-145,-14984,-2584,4880,-468,174,-96,0
1399.21204996109,10812,4640,10576,-227,-112,155,10056,-9480,8068,-16,135,-182,-14928,3896,2408,-980,133,-84,-15012,-2600,5124,-494,127,-85,0
1399.2480680942535,10904,4732,10268,-261,-125,140,10160,-9592,8016,-27,130,-180,-14960,4176,2736,-967,121,-108,-14944,-2368,4900,-475,109,-65,0
1399.281639099121,10864,4376,10536,-497,-150,154,10084,-9560,8020,-22,119,-161,-14924,4132,2476,-967,132,-60,-14956,-2492,5304,-505,138,-75,0
1399.3149881362915,10988,4664,10784,-207,-157,159,10164,-9608,8088,-5,152,-218,-14876,4108,2352,-995,128,-75,-14980,-2504,5144,-498,193,-99,0
1399.348680019379,11012,4672,10776,-241,-222,133,10164,-9556,7980,13,137,-229,-14964,4240,2448,-985,139,-133,-14944,-2592,5160,-475,184,-78,0
1399.3823149204254,10868,4492,10604,-195,-131,136,10172,-9564,8132,-1,125,-205,-14964,3860,2444,-995,107,-146,-15016,-2644,5132,-486,161,-95,0
1399.4156601428986,11036,4688,10684,-215,-160,140,10136,-9524,8324,31,131,-204,-14856,4116,2372,-1015,119,-121,-15040,-2552,5280,-494,152,-120,0
1399.4491879940033,10844,4624,10632,-201,-76,132,10104,-9708,8140,1,138,-179,-14932,4152,2360,-999,96,-130,-14984,-2492,5264,-481,163,-101,0
1399.4840850830078,10932,4640,10496,-221,-110,156,10144,-9672,8120,14,111,-218,-14936,4224,2396,-989,101,-113,-15036,-2368,5156,-490,162,-105,0
1399.5175240039825,10804,4788,10528,-190,-157,147,10076,-9552,8132,-18,136,-210,-14940,3904,2388,-1005,129,-127,-14868,-2560,5160,-461,175,-85,0
1399.551295042038,10876,4376,10556,-174,-137,121,10100,-9536,8116,-76,118,-216,-14988,4212,2792,-951,123,-98,-15044,-2544,5088,-492,123,-120,0
1399.5849289894104,11112,4604,10640,-118,-157,107,10192,-9544,8080,-51,120,-193,-14948,4104,2512,-1054,53,-36,-14976,-2528,4996,-532,151,-154,0
1399.61821103096,10940,4712,10260,-114,-207,132,10220,-9724,8064,3,104,-209,-14844,4116,2332,-1033,110,-115,-14888,-2536,5168,-480,156,-110,0
1399.6513969898224,10896,4644,10312,-256,-70,85,10020,-9472,8012,-109,104,-220,-14968,4032,2552,-1032,124,-68,-15020,-2460,5248,-508,138,-110,0
1399.6848001480105,11004,4836,10472,-82,-87,86,10220,-9568,8000,-23,89,-182,-14952,4200,2320,-1044,90,-61,-15016,-2620,5268,-503,156,-147,0
1399.7185430526733,10944,4760,10324,-51,-91,100,10132,-9528,8060,-27,120,-134,-14916,4080,2552,-1078,75,-46,-15040,-2512,5200,-498,133,-152,0
1399.7519929409027,10816,4804,10688,-99,-50,95,10212,-9468,8080,-17,126,-164,-14904,4204,2416,-1054,90,-40,-14908,-2520,5284,-512,81,-157,0
1399.7855730056765,11244,4644,10520,-83,-8,117,10144,-9568,8120,-30,120,-133,-14912,4108,2472,-1037,50,-11,-14980,-2636,5076,-506,76,-133,0
1399.819090127945,10936,4632,10564,-97,17,121,10128,-9268,8064,-50,132,-126,-14932,4124,2488,-1032,83,-32,-14896,-2792,5280,-513,101,-121,0
1399.852488040924,10768,4828,10568,-82,-11,98,10232,-9592,8104,-48,114,-162,-14940,4080,2540,-1042,93,-15,-14900,-2568,5600,-519,120,-152,0
1399.8859910964966,10856,4604,10636,-69,-48,109,10076,-9612,7916,-82,97,-149,-14868,4220,2756,-995,113,-72,-14920,-2756,5372,-477,125,-123,0
1399.9195120334623,10888,4580,10568,-99,-63,92,10020,-9616,8056,-73,100,-179,-14960,4308,2708,-1017,120,-98,-14988,-2508,5240,-490,147,-106,0
1399.9529860019684,10992,4696,10364,-64,-82,113,10148,-9580,8088,-51,103,-150,-14900,4192,2444,-1024,113,-84,-14964,-2340,5176,-499,119,-118,0
1399.9865379333496,10968,4676,10624,-78,-42,124,10116,-9592,8024,-44,85,-180,-14928,4128,2512,-1018,101,-29,-14992,-2688,5184,-502,139,-126,0
1400.0200519561768,10924,4696,10684,-69,-41,88,10104,-9524,8048,-78,89,-186,-14920,4144,2580,-1012,65,-41,-14944,-2604,5300,-509,109,-165,0
1400.053964138031,11004,4836,10512,-78,-25,108,10152,-9544,8136,-35,132,-180,-14976,4092,2584,-1265,84,-70,-14980,-2496,5176,-262,105,-178,0
1400.0876190662384,10904,4748,10564,-80,-15,81,10200,-9552,8028,-33,163,-179,-15036,4148,2464,-1014,50,-73,-15032,-2548,5268,-501,130,-137,0
1400.1211590766907,10840,4844,10596,-107,-24,86,10104,-9564,8024,-35,152,-153,-14948,4348,2364,-1025,70,-109,-14992,-2712,5368,-494,153,-158,0
1400.1544699668884,10872,4656,10592,-83,-53,84,10228,-9508,8212,-23,113,-163,-14884,4156,2676,-983,81,-62,-14924,-2572,5224,-494,164,-138,0
1400.1881589889526,10948,4660,10288,-100,-60,81,10028,-9628,8144,-30,121,-177,-14980,3840,2332,-971,94,-62,-14984,-2560,5140,-510,167,-151,0
1400.221899986267,10828,4716,10740,-81,-57,103,10152,-9496,8132,-38,122,-189,-14952,4228,2524,-1010,71,-61,-15044,-2620,5296,-501,171,-117,0
1400.2934811115265,10860,4768,10416,-101,-13,103,10112,-9604,8156,-43,113,-159,-14932,4156,2508,-1007,91,-9,-14912,-2620,5068,-508,139,-147,0
1400.3295440673828,10840,4756,10548,-79,-46,100,10180,-9636,8096,-51,127,-150,-14920,4152,2532,-991,131,-106,-14924,-2468,5272,-494,148,-111,0
1400.364962100983,10852,4748,10576,-84,-68,105,10188,-9584,8264,-59,144,-172,-14888,4216,2576,-977,75,-68,-14972,-2412,5336,-516,165,-144,0
1400.4003660678864,10948,4684,10564,-120,-62,103,10120,-9552,8004,-37,131,-181,-15024,4176,2360,-1005,91,-74,-14980,-2564,5172,-497,151,-131,0
1400.4357481002808,10852,4792,10568,-122,-13,103,10220,-9636,8088,-40,112,-157,-14896,4148,2380,-971,100,-96,-15008,-2804,5164,-261,155,-139,0
1400.4714901447296,10972,4804,10536,-120,-57,115,10200,-9564,8048,-46,119,-167,-14996,4188,2564,-1017,111,-49,-14852,-2600,5188,-494,143,-150,0
1400.5076310634613,10848,4728,10572,-116,-35,76,10136,-9604,8248,-48,123,-170,-14948,4172,2428,-1018,107,-81,-14984,-2652,5300,-487,141,-126,0
1400.5428569316864,10848,4760,10544,-150,-76,119,10132,-9600,8000,-32,143,-153,-14964,4248,2552,-982,124,-36,-14944,-2576,5232,-474,180,-120,0
1400.5776619911194,10808,4692,10508,-194,-64,103,10052,-9612,8096,-48,104,-186,-14936,4156,2528,-957,152,-96,-14700,-2636,5344,-460,163,-84,0
1400.6135289669037,10888,4720,10500,-140,-13,94,10212,-9564,8056,-42,166,-183,-14980,4180,2656,-992,60,-53,-15096,-2488,5312,-477,131,-97,0
1400.6491811275482,10872,4716,10580,-234,-34,104,10184,-9652,8128,50,177,-159,-14904,4204,2568,-1055,43,-113,-14968,-2620,5256,-456,159,-122,0
1400.6841869354248,10980,4840,10312,-204,-38,102,10160,-9612,8084,-14,154,-157,-15036,4148,2372,-982,106,-79,-14956,-2772,5284,-457,141,-118,0
1400.719605922699,10804,4776,10456,-213,-123,78,10056,-9600,7968,-30,140,-211,-14884,4148,2692,-980,97,-154,-15016,-2500,5216,-468,183,-124,0
1400.7549159526825,10920,4684,10484,-218,-91,120,10152,-9536,7960,14,152,-176,-15108,4172,2504,-1278,69,-114,-15000,-2548,5180,-475,134,-94,0
1400.7902569770813,10968,4732,10520,-189,-52,102,10080,-9512,7744,11,167,-184,-14828,4040,2396,-995,60,-94,-14996,-2808,5200,-452,112,-125,0
1400.825129032135,10764,4744,10632,-242,-87,76,10144,-9544,8368,-48,177,-191,-14936,4172,2480,-969,82,-73,-14996,-2528,5152,-428,120,-72,0
1400.860727071762,10916,4656,10652,-273,-81,116,10120,-9644,8188,-29,180,-194,-14916,4168,2652,-964,97,-85,-14952,-2584,5164,-445,155,-58,0
1400.895544052124,10812,4768,10536,-271,-158,128,10144,-9532,8084,-3,159,-225,-14880,4152,2464,-983,132,-164,-14984,-2588,5184,-442,210,-68,0
1400.9323360919952,10884,4444,10620,-299,-175,170,10000,-9556,8128,-7,125,-249,-14940,4324,2520,-964,163,-145,-14892,-2316,5272,-433,213,-32,0
1400.9658961296082,10848,4748,10684,-272,-199,170,10168,-9464,8112,8,153,-226,-14984,4292,2584,-959,145,-131,-15016,-2592,5344,-464,184,-59,0
1400.9992620944977,10856,4700,10540,-326,-146,181,10092,-9572,8116,44,175,-223,-15040,4172,2624,-967,141,-150,-14980,-2608,5260,-445,185,-82,0
1401.03289103508,10828,4748,10536,-258,-147,156,10208,-9488,8116,49,152,-206,-14912,4160,2560,-987,161,-137,-14896,-2628,5268,-449,162,-62,0
1401.0665109157562,10928,4716,10572,-275,-168,154,10148,-9528,8116,9,147,-203,-14980,4164,2552,-937,103,-102,-14944,-2548,5180,-449,174,-75,0
1401.0998129844666,10864,4700,10644,-226,-124,141,10180,-9536,8184,-33,137,-210,-14892,3840,2312,-967,151,-94,-14932,-2492,5260,-466,190,-60,0
1401.1331911087036,10924,4616,10540,-245,-135,141,10104,-9548,8072,-1,129,-224,-14960,4120,2480,-946,144,-128,-14992,-2492,5176,-453,178,-61,0
1401.166953086853,10868,4672,10548,-220,-158,118,10260,-9572,8112,0,122,-209,-14964,4200,2424,-988,126,-134,-15088,-2516,5216,-489,182,-96,0
1401.200294971466,10900,4704,10556,-228,-136,118,10092,-9600,8020,14,149,-210,-14984,4200,2500,-1008,106,-153,-15068,-2416,5280,-460,192,-79,0
1401.2338190078735,10848,4520,10548,-223,-118,124,10144,-9656,8160,-2,151,-195,-14968,4244,2444,-1011,113,-113,-14972,-2424,5212,-495,162,-114,0
1401.2673981189728,10916,4684,10484,-183,-130,114,10088,-9552,8392,10,124,-211,-14884,4180,2772,-1037,125,-95,-14904,-2544,5144,-500,180,-96,0
1401.3007309436798,10944,4360,10524,-176,-150,131,10220,-9532,8100,-9,116,-211,-14900,4068,2388,-974,126,-104,-14932,-2460,5240,-459,167,-97,0
1401.3344140052795,10944,4600,10540,-156,-147,153,10200,-9436,8152,-26,144,-221,-15028,4020,2440,-957,116,-128,-14996,-2816,5288,-472,137,-84,0
1401.368036031723,10936,4616,10828,-161,-133,127,10204,-9560,8392,-33,132,-193,-14860,4164,2776,-1028,92,-99,-15028,-2464,5208,-759,121,-110,0
1401.4012479782104,10884,4604,10532,-510,-164,116,10012,-9572,8188,62,137,-180,-14944,4092,2376,-1044,87,-101,-14908,-2796,5232,-455,173,-115,0
1401.4348211288452,10820,4644,10524,-128,-80,98,10188,-9496,8084,-30,146,-202,-14948,4152,2704,-1012,111,-112,-15020,-2344,4976,-448,152,-125,0
1401.4682581424713,10896,4600,10652,-184,-131,73,10144,-9576,8188,14,179,-213,-14940,4200,2568,-1022,95,-140,-14980,-2484,5272,-494,193,-95,0
1401.501608133316,10964,4640,10532,-159,-120,128,10164,-9500,8064,-6,138,-188,-14944,4212,2436,-1071,78,-107,-15024,-2480,5200,-499,148,-116,0
1401.5352590084076,10892,4600,10584,-114,-105,119,10164,-9528,7704,-24,151,-156,-15036,4140,2440,-1047,61,-51,-14996,-2500,5244,-509,84,-144,0
1401.5687580108645,10848,4560,10616,-126,-87,104,10120,-9620,8380,-57,158,-182,-14936,4316,2608,-1034,79,-31,-14936,-2528,5228,-499,95,-150,0
1401.602250099182,10856,4612,10560,-96,-95,117,10088,-9288,8396,-50,149,-168,-15016,4180,2564,-1043,78,-71,-14944,-2616,5220,-489,132,-126,0
1401.6355719566343,11012,4528,10560,-67,-78,120,10164,-9380,8076,-21,146,-173,-14964,4152,2412,-1049,127,-98,-14992,-2504,5184,-486,148,-121,0
1401.669214963913,10916,4604,10588,-116,-90,101,10140,-9472,8144,-7,142,-176,-14964,3880,2608,-1046,104,-115,-15020,-2632,5312,-438,175,-149,0
1401.7030580043793,10900,4712,10548,-89,-106,104,10160,-9512,8160,-27,142,-189,-15028,4108,2776,-1042,67,-124,-15036,-2596,5332,-503,109,-148,0
1401.7365889549255,10980,4640,10708,-104,-81,87,10200,-9264,7940,-41,160,-181,-14968,4128,2720,-1001,80,-61,-14956,-2480,4980,-509,139,-152,0
1401.7701511383057,10936,4608,10504,-68,-101,84,10068,-9576,8080,-38,147,-152,-14980,4124,2348,-1022,83,-74,-14920,-2580,5184,-501,83,-152,0
1401.8033521175385,10940,4724,10312,-101,-42,113,10112,-9248,8164,-7,139,-147,-14876,4144,2528,-1025,87,-45,-14940,-2616,5224,-491,129,-141,0
1401.83699798584,10856,4628,10728,-106,-56,122,10168,-9232,8276,-62,119,-161,-15008,4100,2480,-1029,94,-112,-15020,-2512,5316,-497,109,-143,0
1401.8708839416504,10868,4644,10596,-94,-59,114,10180,-9532,8056,-78,137,-153,-14904,4076,2560,-1007,74,-90,-14992,-2464,5184,-767,133,-120,0
1401.904277086258,11000,4644,10572,-76,-82,110,10148,-9600,8148,-92,118,-175,-14924,4244,2612,-989,45,-83,-14944,-2592,5148,-502,148,-135,0
1401.937756061554,10908,4628,10464,-38,-82,88,10148,-9564,8384,-42,149,-198,-14980,4140,2772,-1082,89,-45,-14916,-2580,5128,-479,153,-132,0
1401.9747200012207,11188,4632,10568,-76,-26,82,10264,-9592,8048,-21,161,-168,-14976,4040,2648,-1093,69,-100,-15044,-2332,5332,-503,148,-144,0
1402.0104141235352,10972,4668,10516,-93,-58,69,10080,-9540,8260,-30,160,-194,-14928,4072,2576,-1082,100,-46,-14864,-2540,5260,-483,132,-161,0
1402.0459520816803,10988,4724,10604,-28,-44,71,10348,-9588,8188,-69,145,-158,-14948,4220,2316,-1053,108,-36,-14944,-2696,5196,-502,88,-157,0
1402.0812981128693,10900,4484,10604,-46,-18,100,10200,-9636,8140,-34,153,-151,-15000,4180,2612,-1115,61,-53,-15020,-2620,5280,-492,121,-179,0
1402.1172261238098,10844,4836,10288,-40,-30,76,10080,-9500,8384,-42,115,-150,-14972,4084,2548,-1084,105,-29,-14916,-2668,5164,-453,103,-117,0
1402.1528871059418,10928,4760,10668,-23,-74,64,10188,-9472,8156,-100,132,-192,-15104,4188,2504,-1279,100,-66,-14976,-2452,5280,-472,177,-138,0
1402.1891820430756,10812,4736,10740,-74,-38,67,10212,-9656,8064,-20,136,-197,-14896,4152,2648,-1061,48,-92,-14940,-2364,5344,-448,138,-140,0
1402.2240810394287,10764,4728,10448,-44,-28,75,10200,-9224,8096,-26,150,-165,-15016,4004,2528,-1079,75,-56,-15084,-2572,5260,-489,143,-146,0
1402.2596120834353,10840,4748,10484,-86,-16,69,10104,-9324,8176,-81,156,-180,-15040,4076,2512,-1279,81,-49,-14920,-2560,5176,-491,93,-186,0
1402.2949249744415,10948,4672,10636,-76,-30,67,10040,-9568,7952,-56,138,-149,-14920,4172,2560,-1042,107,-51,-14928,-2780,5132,-490,131,-123,0
1402.330060005188,10968,4712,10532,-39,-9,100,10152,-9572,8204,-72,125,-159,-14984,3892,2476,-1063,143,-52,-14924,-2572,5288,-494,149,-109,0
1402.365613937378,10808,4772,10528,-116,-82,104,10092,-9492,8080,-27,109,-174,-14920,4148,2640,-1065,114,-60,-14920,-2552,5256,-492,178,-96,0
1402.4013011455536,10788,4888,10632,-74,-47,111,10116,-9600,8176,-25,106,-176,-14876,3892,2544,-1037,127,-75,-14860,-2656,5132,-492,167,-119,0
1402.4372889995575,10944,4692,10516,-102,-40,119,10120,-9600,8156,-13,123,-178,-14944,4348,2616,-777,109,-67,-14944,-2516,5296,-762,122,-105,0
1402.4724109172819,10916,4684,10536,-86,-27,115,10168,-9544,8172,-47,121,-163,-14940,4232,2624,-1267,96,-45,-14940,-2588,5264,-490,143,-144,0
1402.5083889961245,10792,5112,10572,-98,-30,119,10104,-9512,8100,-34,131,-185,-14948,4280,2644,-1262,44,8,-14992,-2652,5296,-257,126,-134,0
1402.543370962143,10840,4824,10520,-116,-114,115,10096,-9508,7784,20,182,-166,-14932,4188,2696,-1004,136,-92,-14912,-2568,5232,-470,149,-129,0
1402.578824043274,10832,4692,10608,-143,-85,115,10132,-9640,8084,-53,108,-201,-15008,4148,2508,-997,132,-72,-14860,-2552,5220,-487,153,-134,0
1402.614469051361,10908,4752,10572,-137,-71,98,10172,-9596,8036,-18,148,-199,-14916,4088,2528,-989,115,-71,-15040,-2608,5276,-484,155,-149,0
1402.6477289199827,10888,4684,10592,-99,-52,95,10136,-9572,8064,-47,121,-162,-14940,4140,2620,-1039,102,-55,-14920,-2680,5112,-508,166,-130,0
1402.6812391281128,10924,4696,10508,-115,-61,102,10152,-9620,8184,-14,157,-178,-15024,4216,2596,-1039,80,-68,-14976,-2576,5252,-509,151,-151,0
1402.7149059772491,10820,4696,10364,-123,-48,102,10096,-9604,8096,-36,139,-175,-14908,4204,2444,-1271,111,-110,-14944,-2756,5124,-522,178,-122,0
1402.7484850883484,10760,4756,10524,-141,-58,89,10144,-9508,8144,-46,124,-172,-15092,3852,2812,-984,89,-145,-14992,-2380,5196,-488,141,-120,0
1402.782056093216,10928,4632,10388,-128,-60,110,10212,-9548,8068,-59,131,-172,-15032,4224,2684,-983,101,-71,-14972,-2500,5200,-507,130,-101,0
1402.8154599666595,10860,4764,10736,-163,-41,110,10128,-9604,8140,245,158,-176,-14948,4252,2728,-782,99,-81,-14944,-2320,5256,-503,141,-117,0
1402.8490359783173,10932,4856,10384,-194,-41,128,10132,-9600,8244,-19,144,-172,-14968,4128,2624,-990,141,-54,-15068,-2704,5068,-479,121,-112,0
1402.8825449943545,10908,4796,10556,-191,-103,120,10192,-9628,8152,-61,174,-166,-15008,4140,2572,-960,83,-144,-14956,-2568,5312,-470,159,-113,0
1402.9160599708555,10844,4692,10424,-237,-98,82,10392,-9704,8364,5,169,-192,-14888,4220,2628,-999,80,-158,-14956,-2628,5272,-489,150,-94,0
1402.9498081207275,10824,4860,10604,-186,-101,113,10188,-9220,8296,-13,119,-198,-14788,4136,2464,-1019,103,-95,-14908,-2620,5388,-492,152,-70,0
1402.9833469390867,10880,4728,10628,-234,-91,126,10012,-9552,8200,-41,147,-174,-14716,4144,2560,-923,128,-67,-14908,-2376,5352,-468,135,-72,0
1403.0169730186465,10924,4800,10528,-249,-79,116,10196,-9484,8084,-23,186,-186,-14932,4160,2456,-917,133,-83,-14988,-2684,5160,-470,138,-91,0
1403.0504820346832,10876,4708,10812,-269,-129,140,10176,-9536,8056,-1,159,-190,-14960,4128,2648,-968,116,-122,-14880,-2500,5192,-456,171,-68,0
1403.0840499401093,10928,4792,10448,-286,-168,123,10164,-9624,7988,-248,145,-235,-14828,4164,2568,-931,173,-139,-14916,-2308,5228,-465,190,-58,0
1403.1176290512085,10896,4656,10740,-313,-149,160,10008,-9636,7960,-30,117,-216,-14900,4232,2760,-972,138,-153,-14924,-2500,5272,-477,178,-91,0
1403.151113986969,10812,4672,10728,-10,-158,123,10108,-9628,8284,17,165,-207,-14968,4240,2484,-967,118,-120,-14960,-2560,5356,-496,150,-96,0
1403.1845350265503,10780,4772,10344,-237,-105,107,10144,-9524,8036,-9,141,-212,-14988,4144,2548,-959,146,-121,-14992,-2624,5292,-489,169,-88,0
1403.2181539535525,10756,4696,10676,-246,-125,142,10088,-9580,8384,7,157,-196,-15020,3936,2632,-982,106,-149,-14984,-2584,5188,-492,184,-100,0
1403.25164604187,10972,4776,10592,-252,-154,142,10240,-9492,8148,1,155,-199,-14988,4076,2688,-966,156,-137,-14896,-2552,5164,-482,188,-49,0
1403.2849700450895,10948,4608,10360,-276,-144,146,10116,-9448,8100,-12,128,-209,-14864,3888,2592,-931,162,-122,-14972,-2448,5156,-469,165,-43,0
1403.3185849189758,10764,4716,10620,-237,-121,133,10208,-9532,8392,-37,141,-184,-14996,4236,2464,-937,122,-54,-15100,-2364,5256,-484,135,-104,0
1403.351886034012,10816,4376,10604,-268,-135,132,10188,-9584,7956,58,146,-179,-14996,4204,2456,-1010,78,-97,-15004,-2516,5320,-463,155,-79,0
1403.385246038437,10760,4680,10720,-266,-143,145,10228,-9240,8160,51,127,-210,-14960,4092,2504,-976,147,-125,-14980,-2800,5296,-443,135,-76,0
1403.4182720184326,10912,4692,10644,-177,-149,138,10232,-9528,8188,-44,157,-229,-14940,4140,2472,-938,123,-97,-14960,-2460,5328,-490,153,-112,0
1403.451740026474,10912,4720,10404,-279,-195,144,10080,-9532,8264,54,147,-214,-14928,4172,2540,-974,59,-136,-14992,-2488,5296,-472,136,-96,0
1403.4853310585022,10940,4668,10540,-201,-116,131,10208,-9552,8116,39,118,-179,-14940,4328,2344,-1030,129,-108,-14996,-2748,5208,-459,141,-131,0
1403.518872976303,10928,4764,10548,-201,-115,134,10084,-9504,8172,-14,117,-174,-15064,4192,2432,-1029,119,-91,-15024,-2572,5172,-510,119,-94,0
1403.5525200366974,10988,4660,10544,-153,-113,152,10192,-9524,8152,-59,100,-200,-14944,4316,2576,-1014,105,-60,-14932,-2528,5188,-526,143,-98,0
1403.5860271453857,10760,4856,10616,-120,-212,134,10108,-9572,8028,-61,122,-228,-15068,4072,2592,-1020,126,-100,-14984,-2604,5268,-760,177,-108,0
1403.6193940639496,10924,4680,10464,-32,-184,112,10172,-9544,8048,-82,98,-234,-15036,4148,2528,-999,78,-96,-15028,-2456,5308,-495,162,-150,0
1403.657681941986,11088,4536,10580,-64,-120,61,10112,-9528,8068,-71,155,-205,-14992,4032,2468,-1043,56,-73,-14976,-2484,5136,-456,154,-176,0
1403.6928300857544,10992,4624,10456,-126,-62,56,10116,-9516,8120,7,174,-194,-14920,4116,2588,-1043,80,-106,-14988,-2484,5248,-485,183,-105,0
1403.729094028473,10808,4672,10732,-116,-107,117,10124,-9512,8192,-253,108,-225,-14944,4340,2732,-1053,146,-137,-14908,-2648,5248,-497,207,-63,0
1403.7642760276794,10752,4688,10576,-101,-178,165,10040,-9544,8196,-60,33,-215,-14996,4188,2724,-1008,205,-125,-15080,-2540,5352,-493,201,-77,0
1403.79984998703,10940,4696,10480,-60,-171,191,10168,-9520,7996,-126,68,-199,-14996,4144,2652,-945,159,-51,-14980,-2316,5136,-530,166,-119,0
1403.8344969749453,11032,4652,10468,-74,-150,125,10188,-9236,7940,-108,152,-160,-14992,4120,2404,-975,91,-80,-15040,-2328,5080,-520,91,-155,0
1403.8707571029663,11100,4688,10580,-102,-39,113,10420,-9520,7984,-53,145,-156,-14992,3992,2468,-999,93,-18,-14856,-2528,5136,-512,87,-141,0
1403.9054639339447,11024,4652,10476,-109,-62,97,10280,-9492,8104,-46,128,-146,-15036,3844,2756,-1006,90,-60,-14992,-2520,4900,-476,81,-138,0
1403.9411680698395,11020,4680,10600,-118,-72,109,10472,-9564,8192,-53,121,-146,-14916,4104,2560,-1053,91,-45,-14996,-2440,5240,-492,139,-122,0
1403.9773080348969,10976,4652,10408,-121,-88,103,10136,-9480,8100,-29,139,-178,-14828,4184,2572,-1058,91,-67,-14960,-2444,5300,-476,144,-108,0
1404.0123569965365,10928,4676,10516,-128,-66,111,10060,-9512,8108,-29,95,-183,-14972,4168,2436,-1027,121,-96,-14988,-2468,5332,-495,117,-121,0
1404.047982931137,11000,4800,10724,-101,-46,94,10120,-9556,8024,-27,132,-160,-14680,4300,2404,-1034,85,-29,-14948,-2320,5432,-504,92,-139,0
1404.083375930786,10872,4712,10648,-125,-84,103,10064,-9552,8084,-34,113,-173,-14636,4324,2344,-1013,97,-87,-15028,-2612,5272,-485,136,-122,0
1404.1191489696505,10904,4748,10636,-117,-40,115,10128,-9588,8084,-73,120,-186,-14924,4104,2624,-973,153,-86,-14908,-2404,5300,-483,138,-84,0
1404.1544051170347,11000,4644,10628,-119,-63,108,10100,-9540,8080,-66,82,-198,-14892,4048,2492,-941,199,-115,-14952,-2572,5220,-482,165,-88,0
1404.1894779205322,10884,4720,10452,-91,-148,147,10144,-9540,8112,-76,67,-233,-14988,4196,2500,-986,164,-95,-14900,-2368,5224,-506,204,-95,0
1404.225075006485,10976,4640,10488,-117,-121,126,10184,-9472,8040,-31,91,-210,-14988,4072,2556,-987,160,-96,-15020,-2488,5296,-461,170,-72,0
1404.2610430717468,10940,4676,10472,-167,-72,100,10324,-9444,8064,-52,97,-194,-15028,4072,2264,-978,129,-89,-15096,-2512,5288,-460,102,-89,0
1404.2967710494995,11128,4748,10324,-87,-33,87,10288,-9600,8152,-80,143,-160,-15040,4128,2484,-999,68,-77,-14880,-2416,5276,-510,127,-141,0
1404.3300380706787,11004,4752,10384,-171,-50,83,10132,-9304,8100,-32,176,-133,-15072,4104,2560,-1059,32,-33,-14932,-2508,5260,-509,66,-173,0
1404.3634860515594,11012,4820,10464,-80,62,75,10252,-9412,8024,-92,134,-120,-14960,4056,2428,-1006,94,-246,-15020,-2404,5156,-479,29,-139,0
1404.3968579769135,10980,4652,10588,-105,28,72,10216,-9560,8112,-64,134,-133,-14904,3972,2412,-1060,80,-51,-14884,-2320,5332,-502,102,-153,0
1404.4301249980929,11000,4692,10336,-108,37,83,10144,-9632,8156,-11,170,-119,-14988,4132,2672,-1092,46,250,-14992,-2412,5356,-484,92,-143,0
1404.4636270999908,10992,4680,10520,-89,42,108,10084,-9536,8240,-64,140,-135,-14872,4188,2512,-1025,94,6,-14956,-2548,5356,-510,60,-154,0
1404.4972009658813,10912,4656,10584,-117,254,76,10120,-9608,7956,-75,151,-139,-14976,4104,2592,-966,113,-15,-14920,-2468,5140,-474,64,-133,0
1404.530729055405,10916,4640,10668,-144,-46,81,10152,-9720,8012,-45,166,-165,-14980,4224,2592,-1014,68,-67,-14632,-2516,5228,-507,95,-116,0
1404.5642039775848,10960,4740,10472,-113,250,95,10144,-9528,8104,-41,156,-158,-14876,4188,2356,-994,100,-78,-14872,-2508,5308,-482,147,-114,0
1404.598039150238,10864,4640,10568,-154,-89,123,10092,-9608,8108,-60,104,-214,-15020,4144,2788,-976,160,-96,-14868,-2488,5396,-492,157,-87,0
1404.6311609745026,10924,4680,10480,-97,-76,121,10124,-9516,8140,-57,97,-204,-14956,4148,2528,-936,174,-88,-15064,-2600,5352,-479,165,-112,0
1404.664489030838,10912,4672,10564,-189,-112,120,10220,-9552,8048,-32,142,-198,-15008,4156,2500,-966,120,-89,-14944,-2568,5328,-489,156,-152,0
1404.6981630325317,10928,4684,10464,-134,-71,99,10180,-9596,8176,-25,128,-179,-15004,4168,2488,-973,93,-141,-15040,-2648,5328,-500,113,-142,0
1404.731652021408,10924,4792,10632,-133,-34,89,10116,-9664,8068,-16,120,-184,-14924,4028,2428,-1016,73,-80,-15060,-2584,5240,-446,158,-131,0
1404.7652480602264,10804,4668,10676,-114,-6,65,10152,-9556,8016,-33,146,-177,-14872,4164,2404,-979,87,-78,-14888,-2540,5220,-477,174,-131,0
1404.7989950180054,10896,4660,10572,-99,-47,102,10152,-9660,7984,-46,124,-203,-14964,4092,2508,-1023,100,-41,-14980,-2464,5356,-456,176,-135,0
1404.8324251174927,10992,4732,10728,-101,-96,84,10228,-9468,8104,-54,109,-217,-15008,4096,2452,-1003,155,-106,-15092,-2536,5604,-455,182,-128,0
1404.8654599189758,11040,4724,10444,-94,-67,98,10240,-9520,7940,-64,120,-178,-14996,4144,2444,-1003,91,-88,-15152,-2496,5208,-476,179,-130,0
1404.8987901210785,11012,4672,10628,-8,-77,88,10120,-9656,8148,-52,143,-158,-14932,4204,2452,-1042,75,243,-15044,-2552,5436,-490,117,-136,0
1404.9320931434631,10752,5056,10472,-23,-47,99,10116,-9560,8052,-59,94,-136,-14952,4148,2508,-1018,113,-5,-14968,-2592,5232,-524,111,-161,0
1404.9655890464785,10912,4728,10348,-21,-28,109,10200,-9628,8148,-84,111,-144,-15028,4176,2436,-1005,77,-35,-14896,-2572,5220,-505,95,-173,0
1404.9992549419403,10988,4792,10648,255,-11,86,10212,-9448,7948,-100,198,-127,-14984,4232,2500,-1049,13,-16,-15048,-2560,5248,-486,38,-191,0
1405.0326290130615,11224,4772,10412,-124,-13,78,10120,-9604,8104,-68,170,-118,-14856,4180,2668,-1046,18,240,-14820,-2412,5244,-520,64,-163,0
1405.0661170482635,10724,4856,10532,-121,22,92,10100,-9572,8136,-26,123,-137,-14892,4092,2548,-1053,64,-8,-14852,-2584,5184,-467,48,-122,0
1405.0996479988098,10892,4788,10668,-134,12,81,11016,-9712,8296,-60,203,-142,-14600,3876,2584,-1086,77,-8,-14952,-2540,5240,-263,122,-151,0
1405.1328301429749,10876,4772,10560,-164,-5,86,10088,-9572,7936,-52,436,-114,-14704,4300,2308,-1278,63,-63,-14844,-2552,5232,-490,120,-124,0
1405.1664690971375,10840,4792,10604,-154,28,94,10088,-9632,8048,2,143,-125,-14860,4084,2484,-1024,112,229,-14984,-2584,5244,-486,153,-81,0
1405.2000060081482,10720,4872,10464,-201,3,116,10036,-9652,8172,-5,123,-144,-14908,4248,2704,-956,161,-22,-14644,-2816,5400,-505,151,-56,0
1405.2335131168365,10864,4800,10680,-215,-34,120,10180,-9584,8084,-250,139,-181,-14976,4108,2704,-929,172,-84,-15012,-2320,5456,-461,140,-58,0
1405.279256105423,10792,4708,10620,-267,-79,185,10120,-9668,8220,-81,96,-191,-14940,4172,2488,-874,155,-113,-14896,-2604,5272,-767,149,-46,0
1405.3154640197754,10852,4680,10576,-511,-150,176,10140,-9580,8040,-70,177,-156,-14976,4132,2364,-958,47,-99,-14912,-2536,5548,-767,171,-75,0
1405.3511810302734,11144,4692,10256,-250,-31,112,10152,-9560,8108,-36,191,-140,-14916,4204,2532,-912,133,-59,-14980,-2476,5388,-496,107,-41,0
1405.3860440254211,10936,4696,10596,-319,19,81,10164,-9632,8120,17,220,-132,-14964,4284,2604,-936,75,-70,-15084,-2432,5252,-475,104,-77,0
1405.42236495018,10808,4608,10652,-341,-35,112,10144,-9708,7916,40,504,-152,-14976,4228,2404,-950,6,-135,-14972,-2500,5308,-477,159,-95,0
1405.4575309753418,10884,4672,10588,-372,-147,104,10128,-9708,8056,55,273,-194,-14896,4204,2328,-1003,37,-131,-14884,-2500,5252,-463,209,-104,0
1405.4927611351013,10924,4652,10556,-333,-157,137,10100,-9604,8120,39,192,-209,-14872,4180,2584,-994,103,-210,-14772,-2388,5320,-473,240,-115,0
1405.5281419754028,10888,4668,10396,-329,-215,134,10184,-9576,8172,80,273,-247,-15000,4212,2428,-1032,125,-182,-14968,-2580,5536,-461,267,-68,0
1405.5631840229034,10908,4716,10724,-289,-285,139,10084,-9684,7976,57,166,-239,-14952,4244,2368,-1121,74,-254,-15104,-2512,5336,-471,312,-96,0
1405.5987470149994,10852,4728,10652,-297,-375,193,10132,-9568,8144,89,383,-266,-14952,4228,2488,-1032,124,-276,-14896,-2572,5316,-461,355,-57,0
1405.6335260868073,10936,4640,10804,-247,-377,191,10076,-9604,8116,60,77,-367,-14920,4232,2644,-978,294,-236,-14948,-2432,5260,-477,331,-25,0
1405.668939113617,10908,4692,10748,-273,-416,214,10024,-9544,8332,41,42,-406,-14968,3908,2464,-954,306,-301,-14992,-2388,5172,-499,381,-18,0
1405.703973054886,11112,4696,10412,-197,-419,241,10160,-9480,8180,-8,48,-298,-15072,4140,2436,-772,214,-224,-15176,-2396,5104,-491,291,-21,0
1405.739737033844,11272,4684,10564,-250,-348,208,10200,-9508,8184,74,147,-265,-15316,4008,2124,-1052,137,-215,-15016,-2436,5228,-505,277,-63,0
1405.7752051353455,10884,4688,10536,-266,-349,188,10080,-9568,8292,69,98,-265,-15000,4024,2384,-1039,258,-226,-15016,-2524,4948,-484,290,-26,0
1405.8112771511078,11028,4688,10524,-147,-326,197,10104,-9360,7972,-30,72,-289,-14996,4136,2484,-967,230,-165,-15100,-2360,5164,-478,280,-37,0
1405.8474941253662,11124,4856,10388,-243,-400,236,10196,-9580,8020,-55,55,-229,-14948,4100,2368,-1033,224,-149,-14964,-2364,5196,-504,248,-22,0
1405.8828201293943,11148,4764,10512,-202,-372,278,10236,-9500,7948,-79,3,-198,-15008,3940,2440,-772,321,-108,-15044,-2536,5368,-553,198,25,0
1405.9183781147003,11148,4668,10504,-216,-306,280,10444,-9504,8104,-98,41,-171,-15040,4136,2544,-1027,242,-44,-15056,-2404,5276,-580,95,-36,0
1405.9548470973969,11080,4628,10420,-207,-214,0,10144,-9520,8428,-119,41,-157,-14968,4220,2592,-1009,261,-109,-15032,-2332,5120,-567,125,244,0
1405.9884641170502,11088,4576,10488,-172,-261,288,10164,-9724,8236,-73,51,-156,-15096,4072,2336,-976,246,-42,-15016,-2532,5152,-577,117,10,0
1406.021949052811,11228,4580,10280,-171,-270,282,10176,-9452,8116,-103,29,-157,-14964,4012,2440,-784,204,-29,-14996,-2484,5296,-547,72,17,0
1406.0554749965668,11060,4544,10524,-171,-233,236,10252,-9580,8064,-99,16,-176,-14992,3844,2360,-970,203,-66,-14920,-2448,5184,-498,105,24,0
1406.089035987854,11068,4532,10560,-240,-265,280,10120,-9604,8436,-59,45,-184,-14920,4180,2584,-984,10,-108,-14932,-2372,5124,-461,122,-10,0
1406.1223239898682,11096,4572,10564,-246,-309,241,10080,-9592,8132,-58,18,-208,-15036,4196,2408,-1072,232,-66,-15004,-2424,5268,-543,161,-31,0
1406.155401945114,11088,4460,10428,-177,-293,230,10428,-9228,8388,-17,56,-189,-14968,4132,2452,-1057,183,-40,-14896,-2548,5076,-503,118,-23,0
1406.1888301372528,11128,4532,10584,-179,-327,167,10232,-9492,7932,-6,54,-512,-15000,4184,2312,-1023,218,-177,-15068,-2336,5152,-489,212,-28,0
1406.2222270965576,11072,4424,10296,-235,-393,188,10172,-9704,8384,34,49,-311,-14996,4124,2448,-1036,234,-205,-15028,-2284,5284,-512,307,-4,0
1406.255604982376,11244,4468,10372,-171,-354,189,10104,-9600,7944,46,-23,-265,-14960,4228,2376,-1041,244,-145,-15156,-2384,5348,-496,193,22,0
1406.2892439365387,11444,4460,10032,-235,-247,261,10316,-9520,8044,32,-28,-237,-15108,4100,2180,-1045,283,-108,-15060,-2136,5120,-473,132,-25,0
1406.322890996933,11212,4536,10424,-243,-342,228,10244,-9624,8084,55,-52,-285,-15068,4052,2420,-1007,248,-202,-15004,-2360,5232,-466,193,-50,0
1406.3564739227295,11032,4536,10388,-250,-412,230,10216,-9472,8124,43,37,-283,-15108,4012,2420,-1090,108,-192,-15360,-2444,5128,-470,213,-74,0
1406.3898510932922,11448,4472,10204,-223,-354,138,10304,-9248,8084,-10,105,-280,-15172,3988,2420,-1019,114,-120,-15184,-2528,5100,-520,124,-132,0
1406.4234991073608,11412,4352,10064,-24,-240,22,10316,-9284,7928,-147,160,-235,-14976,4080,2216,-948,92,-62,-15096,-2072,5168,-495,80,-207,0
1406.4570879936218,11196,4376,9932,48,121,47,10156,-9336,7904,-189,60,-187,-14900,3932,2216,-951,167,-244,-14892,-2308,4876,-526,106,-175,0
1406.4906849861143,11376,4424,9904,131,249,-31,10324,-9200,7812,-122,209,-104,-15016,3828,2272,-1082,64,48,-15236,-2196,5116,-490,2,-249,0
1406.5240230560303,11412,4424,10012,-35,560,-113,10452,-9348,8116,55,277,11,-15024,3988,2136,-1141,-111,146,-15008,-2540,4956,-424,-84,-258,0
1406.557363986969,11276,4612,10504,-172,550,-64,10448,-9520,8140,116,215,-17,-14876,3864,2260,-1145,-84,73,-14980,-2560,5252,-334,60,-248,0
1406.5910830497742,11208,4780,10468,-242,300,-63,10240,-9592,8332,67,264,-87,-15180,4184,2524,-1070,-93,23,-15056,-2536,5416,-342,37,-328,0
1406.6246480941772,11060,4780,10544,-126,198,-147,10192,-9532,8376,-68,324,-198,-15128,4244,2492,-927,-153,-15,-14976,-2696,5500,-401,-17,-408,0
1406.6579339504242,11020,4624,10604,-51,136,-189,10088,-9628,8204,-126,358,-199,-15000,4196,2808,-864,-207,-74,-14956,-2464,5448,-531,32,-397,0
1406.6914250850677,11016,4560,10400,-24,86,-152,10096,-9528,8040,-144,335,-156,-15096,4196,2388,-827,-70,-33,-14960,-2332,5428,-525,-4,-285,0
1406.7249610424042,11128,4564,10744,45,184,-64,10048,-9240,7904,-168,178,-133,-14860,4168,2508,-898,74,254,-14932,-2284,5276,-259,5,-177,0
1406.7584631443024,11160,4512,10600,-28,141,22,10352,-9484,7712,-98,46,-135,-14804,4092,2112,-953,117,51,-14948,-2304,5400,-501,61,-180,0
1406.7919940948486,11056,4508,10456,-103,155,71,10452,-9544,8220,-12,88,-118,-14832,4140,2320,-995,85,-23,-14884,-2236,5268,-539,112,-134,0
1406.8255410194397,11016,4464,10320,-35,133,133,10284,-9616,7988,-3,-240,-128,-14904,3984,2396,-1069,147,-81,-15000,-2456,5256,-557,177,-124,0
1406.859188079834,10832,4636,10580,-25,6,164,10364,-9508,8044,-30,58,-119,-15012,4148,2536,-1090,138,-69,-15064,-2548,5136,-525,115,-126,0
1406.8922419548035,11128,4696,10424,-45,12,111,10212,-9480,8120,-73,98,-145,-15032,3992,2600,-1264,31,-41,-15072,-2752,5344,-528,118,-215,0
1406.9255390167236,10988,4688,10428,-80,4,-6,10060,-9540,8100,-46,268,-170,-15084,3972,2480,-962,-57,-71,-14956,-2652,5344,-478,56,-282,0
1406.959182024002,11100,4652,10312,-118,50,-64,10192,-9500,8328,-84,316,-194,-15056,4348,2652,-893,-111,-77,-14972,-2652,5240,-430,55,-297,0
1406.9949040412903,11056,4796,10424,-130,37,-74,10144,-9676,8004,-52,289,-171,-15092,4296,2452,-918,-49,-34,-14992,-2556,5304,-411,73,-273,0
1407.030739068985,10888,4712,10412,-104,23,-34,10116,-9432,8368,-98,192,-220,-14932,4136,2416,-847,-13,-53,-15040,-2408,5284,-422,30,-241,0
1407.0655379295347,11164,4728,10544,-98,53,-255,10188,-9612,8012,-138,183,-164,-15052,4188,2416,-844,28,-244,-14980,-2332,5292,-469,58,-213,0
1407.1011760234833,11004,4800,10264,-112,16,67,10124,-9584,8036,-116,163,-145,-14940,4204,2356,-922,11,241,-14988,-2556,5316,-487,50,-155,0
1407.1361911296844,10960,4652,10384,-57,87,69,10204,-9668,8004,-154,141,-94,-14944,4168,2524,-975,26,-2,-14996,-2500,5352,-504,41,-179,0
1407.1718339920044,11032,4620,10552,-101,35,80,10180,-9708,7836,-70,186,-77,-14908,4276,2480,-966,50,42,-14864,-2420,5332,-262,69,-135,0
1407.20778298378,10896,4556,10360,-99,119,106,10172,-9616,8072,-43,109,-71,-14928,4288,2584,-777,61,-32,-14920,-2576,5412,-442,62,-123,0
1407.2426660060885,10940,4684,10608,-78,90,122,10072,-9508,8100,-43,90,-102,-14976,4204,2568,-1001,83,-23,-14968,-2580,5360,-475,81,-150,0
1407.278769016266,10928,4680,10600,-86,84,101,10096,-9668,8080,-77,189,-79,-15004,4184,2608,-990,23,-233,-15036,-2656,5448,-468,27,-189,0
1407.3139519691467,10752,4700,10700,-89,28,62,10164,-9656,8108,-91,188,-153,-14992,4096,2812,-987,10,-68,-14860,-2596,5340,-481,101,-216,0
1407.349853038788,10972,4712,10456,-78,-8,23,10052,-9568,8084,-64,197,-192,-14916,4340,2584,-965,21,-121,-14908,-2496,5204,-451,157,-199,0
1407.3848240375519,10876,4636,10464,-65,-243,16,10140,-9488,7936,-67,186,-161,-14904,4232,2408,-975,25,-120,-14828,-2500,5288,-475,139,-223,0
1407.420550107956,10976,4728,10552,-56,-3,25,10236,-9548,8024,-54,486,-115,-14780,4200,2296,-1014,28,-91,-14916,-2516,5372,-482,145,-216,0
1407.4555280208588,10948,4600,10412,-95,-1,28,10096,-9600,8112,-9,190,-183,-14912,4132,2376,-779,47,-94,-14924,-2604,5552,-485,152,-177,0
1407.491975069046,10928,4688,10712,-96,-32,72,10116,-9632,8088,-21,128,-222,-14956,4192,2448,-1041,97,-111,-14924,-2512,5332,-466,192,-147,0
1407.5280179977417,10940,4736,10556,-91,-72,70,10108,-9632,8144,-21,119,-192,-14956,4164,2344,-1040,92,-145,-14976,-2492,5356,-260,206,-172,0
1407.563204050064,10820,4732,10548,-38,-59,102,10036,-9524,8252,-10,161,-189,-14980,4172,2432,-1067,37,-102,-14972,-2628,5476,-524,157,-206,0
1407.5988810062408,10912,4764,10700,-78,10,65,10144,-9600,7972,-6,157,-159,-14996,4252,2464,-999,6,-45,-14888,-2596,5488,-495,95,-205,0
1407.6340839862823,10940,4760,10808,-61,25,64,10108,-9708,8116,-62,187,-125,-15000,4236,2620,-1015,10,-18,-14948,-2580,5480,-524,72,-168,0
1407.6701769828796,10944,4648,10484,-117,46,83,10068,-9520,8060,-30,171,-95,-14940,4288,2312,-1065,73,22,-14908,-2584,5172,-511,102,-133,0
1407.7035810947418,10884,4880,10520,-166,23,140,10116,-9632,8088,-38,110,-102,-14608,4220,2792,-1021,122,-12,-14832,-2704,5196,-474,96,-101,0
1407.7373781204224,10544,4772,10336,-129,-36,169,9736,-9624,8108,-56,100,-143,-14956,4204,2784,-1013,117,-58,-14960,-2640,5356,-469,98,-100,0
1407.771003961563,10964,4812,10520,-102,-42,128,10132,-9472,8128,-50,131,-107,-14980,4244,2640,-1279,83,-55,-15044,-2584,5404,-539,127,-108,0
1407.8042759895325,10816,4748,10452,-174,-45,185,10072,-9600,8124,-3,85,-112,-14968,4192,2420,-1128,133,-57,-14880,-2632,5324,-553,138,-47,0
1407.8380169868467,10824,4812,10420,-72,-12,189,10300,-9492,8352,3,-224,-114,-14948,4020,2392,-1116,141,-44,-14876,-2620,5276,-502,148,-115,0
1407.871600151062,10968,4836,10452,-127,-57,131,10128,-9580,8136,-11,121,-183,-15080,4288,2368,-1064,96,-35,-14948,-2656,5392,-492,186,-96,0
1407.9048869609833,10896,4848,10408,-164,18,109,10044,-9572,8044,-54,138,-121,-14972,4196,2656,-1059,83,18,-14976,-2556,5396,-531,92,-103,0
1407.938231945038,11228,4792,10472,-100,50,106,10124,-9692,8024,-34,123,-110,-14964,4300,2680,-1071,98,42,-14940,-2576,5356,-526,31,-128,0
1407.971773147583,10780,4792,10528,-92,62,131,10108,-9684,8088,-28,115,-93,-14968,4288,2472,-1010,85,13,-14980,-2576,5484,-477,42,-162,0
1408.0054569244385,10900,4800,10592,-178,8,112,10148,-9616,8096,-98,140,-81,-14720,4304,2628,-999,59,38,-14936,-2356,5440,-480,55,-132,0
1408.0391690731049,10752,4744,10540,-204,18,108,9948,-9704,8076,-76,178,-95,-14852,4132,2804,-1018,59,-241,-14640,-2612,5500,-473,67,-146,0
1408.0726380348206,10816,4764,10568,-179,-11,111,10048,-9652,7964,-14,141,-128,-14884,4144,2812,-1041,119,-43,-14600,-2540,5248,-472,132,-105,0
1408.1061599254608,10892,4808,10496,-196,-59,147,9964,-9660,8108,-27,94,-159,-14932,4244,2588,-1083,122,-63,-14892,-2648,5476,-468,192,-89,0
1408.1392569541931,10824,4812,10548,-215,-118,157,10196,-9600,8176,9,98,-175,-14876,4224,2724,-1051,160,-61,-14632,-2612,5620,-454,189,-82,0
1408.172835111618,10716,4800,10440,-198,-49,138,10100,-9592,8260,-8,99,-187,-14792,4212,2312,-991,166,-80,-14728,-2652,5440,-431,180,-49,0
1408.2066049575806,10840,4856,10804,-236,-105,163,10120,-9600,7944,-17,115,-217,-14972,4132,2728,-933,133,-132,-14932,-2580,5448,-434,224,-27,0
1408.2398149967194,10804,4812,10716,-288,-182,159,10068,-9572,8208,-13,140,-245,-14976,4204,2612,-921,190,-182,-14908,-2680,5452,-433,203,-58,0
1408.2734279632568,10840,4840,10492,-221,-173,110,10132,-9688,8280,-88,205,-512,-14964,4232,2560,-928,89,-151,-14976,-2692,5312,-410,207,-138,0
1408.3069519996643,10924,4836,10604,-281,-116,43,10248,-9676,8388,-58,262,-243,-14884,4104,2440,-905,34,-70,-14976,-2612,5264,-449,168,-140,0
1408.3403329849243,10868,4756,10456,-294,-96,55,10028,-9544,8068,-60,239,-234,-14844,4308,2804,-922,87,-112,-14964,-2472,5276,-457,186,-68,0
1408.3739719390867,10864,4668,10424,-284,-54,93,9728,-9556,8376,-32,188,-212,-14808,4120,2464,-954,110,-150,-14884,-2516,5472,-423,192,-70,0
1408.407299041748,10880,4612,10572,-305,-74,115,10084,-9684,8148,7,153,-231,-14940,4188,2536,-1017,126,-182,-14972,-2312,5628,-430,258,-67,0
1408.457515001297,10824,4376,10628,-297,-193,122,10016,-9580,8060,8,184,-291,-14908,4140,2460,-969,156,-182,-14932,-2464,5628,-429,291,-98,0
1408.5025651454926,10852,4660,10668,-196,-207,100,10120,-9676,8136,-12,175,-312,-15048,4168,2540,-1007,74,-217,-14864,-2500,5444,-428,266,-150,0
1408.5372450351715,10940,4596,10336,-325,-248,32,10092,-9684,8100,46,235,-323,-15040,4124,2632,-1082,-10,-249,-14924,-2692,5320,-383,305,-177,0
1408.5707979202273,10900,4828,10488,-296,-162,-21,10112,-9504,8204,10,282,-312,-15048,4080,2692,-1005,-44,-217,-14864,-2604,5324,-367,223,-215,0
1408.6044099330902,10984,4744,10732,-330,-126,-46,10140,-9652,8276,-17,309,-300,-14968,3884,2568,-935,11,-186,-14968,-2484,5280,-352,253,-175,0
1408.6378200054169,10908,4608,10572,-325,-153,45,10076,-9624,7944,26,197,-303,-14948,4256,2292,-943,91,-198,-14904,-2476,5520,-399,282,-80,0
1408.6738040447235,10884,4676,10776,-249,-184,136,10036,-9564,8324,45,150,-261,-14856,4128,2708,-1011,119,-144,-14884,-2316,5372,-418,216,-77,0
1408.7093069553375,10916,4632,10752,-236,-189,173,10040,-9628,8084,6,179,-201,-14908,4216,2612,-973,80,-105,-14900,-2560,5184,-467,157,-99,0
1408.7440071105955,10788,4440,10696,-242,-177,141,9944,-9580,8252,24,132,-224,-14888,4132,2708,-972,136,-155,-15000,-2572,5420,-455,175,-81,0
1408.7801790237427,10804,4696,10660,-199,-173,155,10236,-9604,7944,7,125,-226,-14952,4172,2668,-980,138,-126,-14972,-2564,5620,-471,175,-60,0
1408.8152179718018,10964,4628,10580,-240,-174,166,9824,-9532,8088,39,149,-208,-14980,4184,2472,-1013,152,-153,-15084,-2504,5488,-498,170,-89,0
1408.8507781028748,10968,4720,10708,-178,-134,147,10148,-9544,8164,-19,114,-197,-14908,4140,2480,-1037,112,-109,-14976,-2336,5252,-489,188,-87,0
1408.885309934616,10868,4604,10392,-215,-180,136,10092,-9512,8096,-16,107,-217,-14860,4164,2492,-1011,135,-124,-14916,-2512,5352,-458,170,-64,0
1408.920793056488,10828,4664,10360,-168,-145,138,10104,-9544,8240,-36,88,-250,-14900,4192,2496,-989,155,-132,-14960,-2492,5300,-477,234,-89,0
1408.9562039375303,10948,4668,10360,-130,-193,140,10040,-9724,7956,-66,87,-256,-14880,4028,2472,-1017,135,-131,-14976,-2644,5280,-477,218,-120,0
1408.9922370910645,11060,4656,10556,-125,-134,75,10184,-9548,8416,-57,129,-234,-14952,4052,2596,-1016,95,-142,-15064,-2552,5300,-458,167,-161,0
1409.0280721187592,11088,4396,10312,-148,-76,79,10128,-9464,8176,-19,144,-229,-14952,4248,2496,-1279,46,-51,-14976,-2480,5128,-470,158,-132,0
1409.0635640621183,10944,4828,10560,-109,-47,70,10204,-9516,8108,-13,151,-212,-15044,4156,2396,-1028,55,-91,-14956,-2740,5280,-484,145,-141,0
1409.099895954132,11256,4712,10572,-76,-37,104,10092,-9436,8180,-14,86,-180,-14920,4112,2748,-1031,93,-62,-14956,-2588,5300,-464,138,-116,0
1409.1349489688873,10824,4792,10368,-70,-31,97,10084,-9500,8136,-59,118,-171,-14936,4336,2480,-997,126,-85,-15044,-2556,5240,-462,128,-121,0
1409.1703040599823,10848,4772,10648,-142,-115,101,10056,-9572,8240,-67,110,-217,-14996,4088,2500,-979,146,-82,-14936,-2456,5252,-470,175,-92,0
1409.2054810523987,10924,4736,10484,-91,-105,120,10040,-9352,8220,-89,96,-198,-14916,4148,2464,-964,138,-52,-15064,-2576,5216,-509,125,-142,0
1409.2411921024325,11008,4744,10452,-112,-91,126,10132,-9704,8308,-49,101,-169,-15060,4156,2544,-985,96,-43,-14964,-2560,5388,-464,139,-87,0
1409.2772779464722,10952,4760,10468,-62,-38,129,10188,-9516,8296,-59,95,-159,-14984,4152,2616,-770,134,-51,-15012,-2556,5268,-484,111,-126,0
1409.312511920929,10808,4696,10604,-33,-39,106,10028,-9540,8164,-89,114,-172,-15000,4120,2420,-994,145,-32,-14972,-2440,5356,-501,98,-119,0
1409.3484239578247,10992,4600,10400,-103,-12,101,10064,-9624,8128,-38,63,-137,-14964,4064,2624,-1044,104,-26,-15044,-2412,5348,-477,105,-123,0
1409.3819200992584,10948,4596,10460,-16,1,121,10112,-9512,8068,-28,56,-132,-15020,4212,2396,-1059,90,-77,-14872,-2520,5264,-527,112,-131,0
1409.4153690338135,10948,4760,10548,-16,-6,117,10060,-9572,8240,-68,85,-134,-14992,4196,2388,-1034,92,-23,-14908,-2456,5492,-768,83,-172,0
1409.4486410617828,11004,4620,10624,-52,11,91,10128,-9560,7984,-56,113,-127,-14956,4172,2420,-1016,88,-25,-14848,-2548,5448,-503,91,-136,0
1409.4820671081543,11216,4648,10512,-88,-30,92,10156,-9624,8092,-62,149,-155,-14936,4104,2636,-1026,67,-54,-14924,-2464,5276,-491,127,-192,0
1409.5155849456787,10912,4776,10520,-76,-68,75,10132,-9584,8028,-14,161,-201,-14960,4240,2524,-895,-5,-128,-14956,-2560,5120,-500,170,-168,0
1409.5491321086884,10828,4672,10616,-50,-51,54,10012,-9512,8072,-40,137,-210,-14596,4180,2596,-999,44,-142,-14984,-2652,5276,-485,172,-185,0
1409.582946062088,10912,4832,10276,-81,-91,33,10112,-9560,7988,-23,146,-193,-14840,4140,2600,-1031,83,-96,-14884,-2544,5232,-488,146,-180,0
1409.6166670322418,10876,4724,10276,-85,-41,46,10048,-9492,8396,-63,138,-196,-14896,4052,2564,-1007,93,-71,-14856,-2496,5248,-487,163,-123,0
1409.6499519348145,10860,4732,10452,-83,-62,99,10032,-9448,8068,-39,118,-191,-14864,4096,2768,-1011,119,-72,-14888,-2688,5448,-490,182,-121,0
1409.6835651397703,10800,4832,10628,-107,-85,130,10140,-9548,8364,-48,88,-174,-14860,4096,2328,-1004,150,-117,-14952,-2552,5404,-501,182,-124,0
1409.7170119285583,10972,5088,10248,-66,-81,120,10128,-9584,8028,-55,82,-188,-14984,4148,2616,-990,135,-100,-14972,-2644,5376,-497,159,-129,0
1409.7505791187289,10972,4804,10596,-89,-88,123,10192,-9548,8128,-62,100,-183,-14892,4064,2676,-996,104,-42,-15056,-2516,5416,-492,146,-114,0
1409.7839970588684,10876,4692,10400,-98,-56,136,10064,-9572,8260,-21,67,-152,-14948,4140,2376,-1021,104,-32,-14960,-2540,5368,-481,151,-81,0
1409.8176870346067,10924,4756,10240,-99,-50,121,10132,-9592,7944,-30,115,-149,-14948,4148,2492,-1052,99,-79,-14956,-2696,5356,-491,166,-97,0
1409.8511679172516,10892,4788,10612,-123,-19,105,10088,-9560,8244,-30,120,-157,-15016,4236,2528,-1054,92,-101,-14832,-2536,5356,-497,138,-141,0
1409.8842220306396,10884,4744,10420,-98,-49,79,10172,-9592,8360,-10,179,-139,-14692,4200,2772,-1034,101,-21,-14948,-2508,5308,-489,155,-123,0
1409.9173889160156,10860,4748,10360,-145,-90,105,10048,-9656,8104,-31,158,-187,-14952,4104,2452,-1038,118,-51,-14976,-2632,5296,-488,172,-153,0
1409.9509840011597,10820,4744,10588,-105,-87,91,10120,-9668,8136,-64,135,-192,-14868,4192,2368,-981,89,-66,-14968,-2508,5272,-498,96,-107,0
1409.9844760894775,10972,4688,10468,-121,-75,74,10204,-9620,8068,-40,158,-165,-14896,4156,2740,-1040,87,-60,-15020,-2580,5448,-498,121,-157,0
1410.017794132233,10836,4856,10472,-170,-102,108,10048,-9512,8048,1,171,-136,-14948,4180,2652,-1102,86,-65,-14936,-2644,5228,-459,107,-113,0
1410.0513150691986,10852,4868,10444,-131,-15,94,10116,-9524,8104,-65,181,-163,-14688,4152,2784,-1011,64,-29,-15076,-2668,5240,-484,135,-139,0
1410.0848450660706,10980,4776,10664,-204,-90,64,10088,-9564,8232,-6,224,-165,-14932,4436,2324,-1051,74,-100,-14904,-2452,5252,-491,162,-108,0
1410.1183099746704,10848,4744,10536,-165,-43,80,10080,-9560,8092,10,143,-185,-14896,4172,2616,-1274,68,-139,-14988,-2708,5400,-475,172,-132,0
1410.1516110897064,10824,4780,10568,-171,-60,102,10144,-9560,8164,4,158,-173,-14896,3864,2692,-1000,72,-111,-14856,-2560,5272,-470,160,-129,0
1410.1851630210876,10912,4820,10616,-218,-75,90,10028,-9484,8000,-3,157,-210,-14880,4144,2592,-991,126,-77,-14980,-2640,5396,-454,134,-85,0
1410.218610048294,10968,4820,10596,-275,-78,108,10112,-9580,8104,-12,202,-185,-15028,4120,2380,-961,100,-132,-15016,-2636,5436,-456,176,-92,0
1410.2520921230316,10900,4792,10408,-221,-93,95,10052,-9672,8088,-23,164,-216,-15020,4108,2480,-975,122,-155,-14952,-2384,5148,-494,156,-74,0
1410.288178920746,10768,4696,10628,-301,-133,128,10008,-9592,8180,-13,159,-209,-14936,3844,2588,-956,136,-161,-14880,-2588,5228,-497,178,-82,0
1410.3218929767609,10868,4704,10708,-266,-147,124,10032,-9576,8288,-18,141,-219,-14992,4196,2580,-965,121,-130,-14864,-2544,5360,-476,207,-55,0
1410.3581531047819,10972,4736,10572,-294,-112,117,10108,-9556,8408,17,171,-224,-14988,4272,2800,-968,130,-151,-15052,-2768,5384,-436,180,-65,0
1410.3934290409088,10944,4760,10708,-320,-151,136,10104,-9692,8028,-4,191,-219,-15004,4164,2372,-1002,107,-126,-14920,-2464,5320,-467,191,-74,0
1410.4291501045227,10868,4784,10528,-262,-156,145,9988,-9448,8376,14,158,-209,-14936,3864,2456,-991,148,-152,-14968,-2548,5312,-464,204,-73,0
1410.4639990329745,10816,4752,10556,-262,-202,175,10040,-9444,8108,-51,131,-217,-15024,4164,2396,-959,153,-141,-14920,-2348,5320,-479,176,-30,0
1410.49969291687,10752,4684,10600,-217,-170,133,9984,-9596,8172,-77,160,-222,-15044,4108,2640,-963,94,-117,-14968,-2532,5404,-494,163,-105,0
1410.5349359512327,11028,4632,10596,-296,-146,115,10120,-9536,8148,28,149,-207,-15100,4096,2568,-1029,80,-64,-14876,-2548,5256,-465,182,-107,0
1410.5702650547028,10816,4644,10524,-233,-119,164,10072,-9472,8164,12,155,-195,-14900,4072,2560,-978,140,-156,-14868,-2508,5220,-469,152,-95,0
1410.605705022812,10996,4704,10748,-200,-152,107,10128,-9592,8204,-56,113,-218,-15012,4164,2460,-973,114,-121,-15036,-2456,5220,-499,190,-88,0
1410.641979932785,10980,4588,10504,-217,-150,145,10108,-9612,8320,12,137,-194,-14960,4140,2516,-999,93,-120,-14940,-2544,5380,-476,138,-99,0
1410.6774849891665,10984,4704,10672,-173,-130,109,10120,-9548,8204,-256,166,-180,-15080,4088,2572,-1020,102,-102,-14908,-2588,5224,-495,162,-95,0
1410.7135181427002,10920,4652,10588,-184,-127,139,10056,-9600,8140,-253,161,-192,-14956,4108,2616,-995,106,-113,-14880,-2492,5340,-483,155,-114,0
1410.7492980957031,10904,4628,10524,-227,-161,150,10048,-9580,8228,-8,119,-191,-14976,4212,2492,-981,144,-59,-14932,-2440,5236,-502,153,-75,0
1410.7845170497894,11260,4736,10480,-187,-152,132,9992,-9556,8260,-44,124,-197,-14932,4000,2640,-1275,111,-97,-14932,-2472,5424,-502,174,-68,0
1410.8201351165771,10924,4692,10488,-191,-163,140,10108,-9524,8160,-47,119,-198,-14968,4148,2692,-990,143,-114,-14896,-2556,5580,-505,206,-123,0
1410.8559291362765,11048,4692,10440,-207,-194,140,9976,-9440,8140,244,109,-223,-14876,4224,2444,-993,123,-117,-14968,-2312,5308,-489,212,-63,0
1410.891233921051,10900,4688,10548,-193,-172,149,10072,-9552,7972,-19,122,-225,-14912,4120,2492,-1003,113,-117,-15036,-2560,5584,-461,193,-67,0
1410.9261600971222,11212,4396,10724,-141,-149,140,10176,-9236,8216,-46,89,-202,-14976,4152,2332,-971,117,-156,-14924,-2468,5336,-485,193,-120,0
1410.9619851112366,10920,4652,10504,-118,-144,99,10176,-9552,8208,-27,138,-231,-14988,4128,2672,-986,91,-104,-14856,-2472,5072,-498,142,-126,0
1410.9995219707487,10932,4680,10476,-84,-94,93,10136,-9580,8108,-51,117,-210,-14944,3988,2496,-1001,109,-60,-15048,-2456,5280,-517,131,-157,0
1411.0330369472504,10996,4640,10408,-97,-67,78,10160,-9548,8220,-2,140,-185,-14972,4304,2404,-1045,77,-78,-15000,-2496,5132,-493,154,-164,0
1411.0667400360107,11060,4700,10408,-97,6,79,10164,-9516,8072,-8,135,-185,-14968,4092,2656,-1061,92,-100,-15092,-2464,5352,-506,140,-121,0
1411.100263118744,11032,4676,10500,-92,-59,84,10148,-9704,8416,-14,112,-170,-14968,4212,2476,-1050,90,-76,-14956,-2524,5348,-484,142,-106,0
1411.1336331367493,11204,4700,10336,-94,-60,106,10100,-9508,8220,-24,105,-184,-14976,4112,2564,-1013,84,-59,-14940,-2488,5396,-484,122,-132,0
1411.1672739982605,10976,4772,10304,-79,-40,94,10144,-9672,8212,-56,111,-177,-15012,4344,2572,-1009,87,-42,-14888,-2488,5316,-498,115,-99,0
1411.2007639408112,10956,4412,10316,-84,-38,104,10188,-9552,8196,-50,121,-157,-15036,3956,2540,-1009,93,-72,-14908,-2516,5284,-477,124,-156,0
1411.2342500686646,10756,5064,10384,-89,-75,97,10048,-9524,8236,-60,133,-153,-14848,4048,2436,-985,104,-88,-14988,-2460,5272,-494,98,-121,0
1411.2678470611572,10808,4636,10588,-59,-41,128,10140,-9512,8216,-77,82,-124,-14940,4024,2584,-1008,127,223,-14840,-2560,5316,-501,74,-115,0
1411.3013179302216,10976,4744,10636,-98,1,120,10148,-9468,8168,-114,82,-142,-14960,4180,2588,-943,169,13,-15076,-2468,5240,-517,115,-111,0
1411.3349430561066,10964,4644,10440,-32,-11,112,10048,-9544,8188,-71,92,-149,-14976,3896,2304,-958,118,-22,-14900,-2344,5296,-259,117,-145,0
1411.368420124054,11000,4740,10376,-29,-54,125,10140,-9508,8208,-59,53,-201,-14944,4332,2520,-970,151,-88,-14864,-2472,5192,-487,117,-98,0
1411.401773929596,10956,4640,10476,-57,-73,141,10068,-9600,8076,-39,31,-199,-14948,4108,2424,-1001,139,-107,-14960,-2476,5320,-497,151,-104,0
1411.4353511333466,11020,4572,10572,-83,-76,137,10172,-9624,8208,-23,77,-184,-14984,4076,2584,-1056,97,-88,-14976,-2400,5192,-486,165,-152,0
1411.4689071178436,10900,4708,10596,-101,-50,62,10108,-9624,8156,-44,136,-202,-15036,4196,2340,-1038,37,-61,-15016,-2376,5368,-486,162,-199,0
1411.5022571086884,10872,4700,10608,-111,-66,68,10180,-9524,8076,-51,159,-218,-14932,3900,2360,-1005,49,-97,-14940,-2496,5428,-484,142,-171,0
1411.5357959270475,10992,4744,10456,-42,9,63,10116,-9608,8024,-90,167,-157,-14856,4160,2736,-1007,56,-60,-15060,-2496,5356,-521,105,-212,0
1411.5692811012268,10952,4620,10472,-123,-5,57,10012,-9540,8136,-17,121,-185,-14888,4180,2464,-1053,26,-60,-14924,-2324,5412,-527,125,-142,0
1411.6028089523315,10856,4812,10544,-81,1,114,10016,-9548,8320,-38,119,-147,-15012,3968,2684,-1015,85,-43,-15020,-2620,5304,-477,77,-142,0
1411.6360869407654,10884,4708,10568,-110,-8,78,10216,-9544,8260,-101,130,-137,-14972,3860,2584,-1022,80,-22,-14904,-2540,5376,-764,125,-160,0
1411.6698269844055,10824,4624,10476,-113,24,94,10024,-9608,8112,-11,91,-162,-15000,4320,2796,-1056,72,-31,-14880,-2452,5280,-496,121,-144,0
1411.7032220363617,10924,4688,10532,-68,21,125,10088,-9432,8120,255,122,-117,-14948,4140,2680,-1082,61,-51,-14876,-2664,5380,-537,151,-112,0
1411.7366869449615,10900,4820,10644,-100,10,118,10140,-9436,8072,-29,138,-138,-14928,4016,2496,-1000,90,-37,-14908,-2668,5440,-498,109,-150,0
1411.7702131271362,10900,4728,10560,-150,-32,86,10152,-9528,8432,-48,151,-148,-14892,4112,2632,-989,108,-50,-14948,-2616,5404,-473,130,-130,0
1411.8035321235657,10972,4796,10580,-119,-23,89,10156,-9652,8052,-36,154,-169,-14984,4224,2484,-1018,99,-78,-14948,-2544,5376,-491,163,-120,0
1411.8370780944824,11012,4780,10616,-135,-71,98,10096,-9548,8132,-27,125,-201,-14892,4224,2596,-1009,90,-84,-14960,-2508,5296,-491,150,-106,0
1411.8704719543455,10908,4708,10460,-119,-43,97,10116,-9676,8080,-52,95,-182,-14908,4212,2672,-1042,100,-41,-14896,-2484,5352,-493,160,-140,0
1411.9036419391632,10788,4740,10568,-157,-55,150,10140,-9496,8256,-23,123,-172,-15068,4220,2496,-1019,121,-38,-14876,-2580,5304,-494,157,-114,0
1411.9371659755707,10924,4700,10548,-173,-61,115,10128,-9584,8156,-3,130,-150,-14908,4076,2680,-1019,86,-39,-14916,-2404,5440,-489,128,-121,0
1411.9707119464874,10972,4768,10580,-149,248,116,10108,-9580,8144,-16,148,-139,-14916,4160,2448,-771,100,-94,-15000,-2556,5372,-504,116,-122,0
1412.0036709308624,10876,4720,10296,-143,-12,131,10068,-9572,7972,-42,133,-146,-14928,4220,2804,-976,81,-40,-14952,-2568,5268,-491,134,-121,0
1412.0397050380707,10928,4792,10572,-175,-40,91,10124,-9524,8236,-21,158,-174,-14924,4184,2492,-1001,113,-82,-14960,-2584,5344,-489,135,-99,0
1412.0749299526215,10944,4628,10640,-216,-58,117,10144,-9568,8316,252,288,-133,-15056,4280,2504,-950,95,-115,-14944,-2400,5444,-494,171,-91,0
1412.1102969646454,10860,4672,10452,-248,-85,107,10216,-9620,8088,-7,152,-234,-15016,4236,2812,-937,99,-104,-14876,-2340,5424,-461,180,-65,0
1412.145457983017,10864,4776,10644,-227,-159,117,10064,-9564,8268,-25,140,-239,-14864,4152,2756,-924,140,-86,-15012,-2340,5596,-464,148,-110,0
1412.181235074997,10852,4720,10452,-187,-107,103,10152,-9496,8188,-53,165,-220,-14908,4208,2484,-959,109,-151,-14940,-2496,5280,-504,160,-118,0
1412.2160289287567,10976,4716,10568,-241,-125,92,10056,-9580,8108,-17,209,-211,-14992,4228,2540,-946,70,-134,-14620,-2688,5400,-494,183,-67,0
1412.2522640228271,10852,4816,10576,-285,-103,92,10056,-9564,7940,-17,204,-212,-14868,4120,2468,-940,139,-188,-15008,-2540,5356,-449,135,-41,0
1412.2875199317932,10900,4732,10520,-296,-98,132,10148,-9596,8128,-14,155,-197,-14864,4156,2672,-961,119,-110,-14904,-2708,5376,-478,165,-39,0
1412.3234260082245,10920,4644,10416,-365,-156,134,10100,-9464,8136,-14,196,-194,-14932,4328,2540,-1008,106,-124,-15032,-2464,5428,-442,182,-65,0
1412.3589401245115,10992,4712,10420,-268,-121,144,10172,-9572,8112,-55,145,-201,-14968,4152,2620,-978,164,-99,-14896,-2596,5208,-465,190,-111,0
1412.3939421176913,10908,4760,10588,-293,-190,131,10124,-9552,8224,-13,161,-252,-14920,4136,2448,-984,131,-131,-14920,-2328,5476,-449,221,-75,0
1412.4299321174622,11200,4748,10576,-291,-162,157,10116,-9600,8128,28,153,-227,-15012,4108,2508,-1041,103,-168,-15116,-2504,5480,-464,186,-103,0
1412.4650330543518,10984,4692,10280,-276,-137,126,10172,-9692,8000,37,203,-201,-15016,4148,2472,-1003,68,-126,-15008,-2456,5156,-444,124,-147,0
1412.5001139640808,10904,4724,10596,-284,-158,134,10172,-9640,8156,3,200,-187,-15000,4056,2540,-946,106,-88,-15004,-2480,5444,-462,123,-108,0
1412.5358300209045,10772,4628,10596,-230,-150,135,10128,-9588,8296,-7,135,-188,-14932,4236,2552,-1011,119,-117,-14920,-2488,5212,-485,144,-82,0
1412.5712559223175,10856,4656,10396,-201,-202,152,10072,-9472,8164,-3,158,-217,-14988,4084,2508,-994,159,-130,-14892,-2316,5316,-482,199,-64,0
1412.6072640419006,10944,4568,10720,-180,-155,153,10052,-9524,7788,-22,100,-230,-14980,4104,2408,-1024,141,-95,-14984,-2460,5616,-478,196,-79,0
1412.642506122589,11012,4632,10720,-183,-180,124,10152,-9552,8188,25,158,-216,-14992,3880,2668,-1015,148,-159,-14956,-2420,5296,-468,175,-107,0
1412.6781079769135,11212,4632,10556,-231,-79,121,10128,-9616,8380,-5,163,-192,-14928,4052,2604,-1004,104,-143,-14712,-2508,5228,-488,174,-109,0
1412.7135519981384,10768,4728,10580,-184,-140,122,10140,-9500,8376,7,121,-189,-14932,4136,2636,-1023,117,-91,-15020,-2316,5208,-482,196,-91,0
1412.7472350597382,10848,4692,10704,-120,-166,115,10056,-9604,8276,-32,130,-219,-14948,4052,2560,-992,133,-115,-14980,-2776,5316,-509,174,-117,0
1412.7807440757751,11000,4636,10572,-138,-145,129,10024,-9504,7996,-84,114,-210,-14896,4148,2660,-975,138,-97,-14972,-2588,5320,-474,149,-103,0
1412.8144659996033,10944,4576,10544,-117,-126,108,10204,-9680,8064,-69,97,-225,-14880,3864,2448,-977,112,-102,-14976,-2460,5316,-487,142,-135,0
1412.8481290340424,11136,4560,10372,-103,-93,109,10200,-9492,7988,-38,133,-170,-15032,4084,2540,-1016,95,-102,-15072,-2516,5276,-513,160,-168,0
1412.8816220760345,10936,4664,10572,-84,-67,108,10176,-9572,8268,0,141,-174,-14880,4116,2356,-1036,107,-90,-15060,-2408,5288,-492,147,-151,0
1412.915141105652,11000,4588,10468,-122,-70,94,10160,-9572,8108,12,136,-176,-14968,4116,2444,-1056,123,-55,-15024,-2508,5388,-455,142,-145,0
1412.9487090110779,10896,4676,10608,-130,-72,114,10064,-9476,7968,-13,84,-174,-14980,4028,2560,-1269,122,-46,-14948,-2504,5256,-452,113,-114,0
1412.9823849201205,11108,4860,10464,-55,-61,99,10184,-9532,8028,-25,121,-170,-15040,4216,2384,-1043,71,-16,-14900,-2616,5364,-519,98,-127,0
1413.0156350135803,10932,4644,10576,-94,-20,105,10200,-9492,8012,-13,123,-134,-14976,3908,2616,-1062,69,-71,-14956,-2600,5476,-501,92,-142,0
1413.0494329929352,10928,4748,10476,-64,45,103,10124,-9540,8100,-47,129,-136,-15016,3960,2452,-1052,75,-22,-14864,-2516,5384,-512,99,-143,0
1413.0829050540924,10760,4716,10736,-54,-14,99,10136,-9544,8100,-78,115,-153,-15036,4216,2516,-1021,80,-48,-14876,-2440,5364,-491,112,-167,0
1413.116786956787,10992,4600,10524,-121,-4,101,10116,-9564,8336,-32,116,-146,-14880,4152,2376,-1028,85,-74,-14996,-2500,5308,-478,147,-146,0
1413.149873971939,10980,4728,10564,-64,-24,94,10076,-9520,8172,-39,112,-150,-14960,4076,2560,-1006,92,-67,-14992,-2320,5236,-499,139,-140,0
1413.1835079193115,11048,4684,10548,-56,-28,92,10144,-9524,8132,-92,106,-161,-14892,4128,2512,-1003,81,-63,-15076,-2744,5564,-492,103,-147,0
1413.2171430587769,10916,4736,10716,-50,-39,91,10056,-9604,7936,-65,78,-160,-14928,4332,2616,-1008,84,-59,-15068,-2412,5148,-487,122,-110,0
1413.2506730556488,10920,4592,10324,-62,-3,91,10152,-9536,7948,-61,125,-158,-14996,4048,2412,-770,90,-53,-15016,-2536,5196,-506,131,-168,0
1413.283893108368,10900,4660,10664,-98,-52,91,10064,-9556,8068,2,139,-176,-14888,4136,2508,-1070,98,-64,-14640,-2556,5172,-490,152,-144,0
1413.3175349235535,10936,4696,10444,-23,-13,98,10176,-9480,8184,-38,125,-199,-15016,4092,2604,-1056,93,-98,-14928,-2504,5384,-515,170,-120,0
1413.351177930832,10976,4712,10596,-72,-65,63,10108,-9580,8012,-13,165,-201,-14732,4028,2496,-1026,86,-111,-14972,-2412,5368,-490,131,-165,0
1413.3845961093905,11012,4792,10548,-84,-26,83,10100,-9604,8048,-51,152,-168,-15036,4132,2484,-1032,75,-52,-14956,-2560,5396,-491,154,-182,0
1413.4181220531464,10984,4740,10556,-104,-83,92,10200,-9508,8224,255,121,-180,-14920,4096,2656,-1031,89,-62,-14844,-2484,5380,-494,155,-157,0
1413.4516861438751,10864,4664,10532,-75,-57,110,10076,-9520,8112,-44,122,-193,-14912,4032,2580,-1016,115,-107,-14900,-2568,5524,-766,182,-134,0
1413.484976053238,10936,4684,10668,-92,-69,81,10096,-9560,8112,-56,136,-187,-14968,4172,2776,-1013,84,-92,-14936,-2536,5448,-483,163,-138,0
1413.5187289714813,10912,4756,10616,-109,-68,87,10276,-9532,7920,-20,46,-224,-14908,4100,2340,-1008,101,-95,-14912,-2544,5292,-513,147,-118,0
1413.5520889759064,10952,4676,10428,-138,-59,93,10028,-9588,8108,-32,146,-158,-14936,4176,2552,-1010,81,-75,-14972,-2656,5316,-500,137,-143,0
1413.585720062256,11016,4744,10300,-99,-54,101,10144,-9536,8412,-20,116,-185,-14980,4048,2676,-1037,114,-31,-15056,-2496,5436,-498,154,-116,0
1413.6193029880524,10972,4656,10444,-128,-44,111,10012,-9588,8140,-32,114,-163,-14864,4216,2784,-770,113,-78,-14960,-2572,5532,-484,139,-123,0
1413.6524090766907,10996,4700,10404,-115,-61,101,10100,-9652,8052,-42,107,-167,-14928,4120,2496,-979,101,-120,-15016,-2584,5180,-486,159,-97,0
1413.6858501434326,11060,4780,10560,-96,-69,105,10140,-9556,7956,-55,122,-186,-14936,4204,2528,-996,96,-72,-15024,-2500,5396,-500,113,-109,0
1413.7223210334778,10924,4708,10664,-120,-22,112,10148,-9564,8420,-37,125,-171,-14896,4156,2652,-1039,69,-54,-14984,-2544,5432,-488,117,-155,0
1413.757453918457,10924,4724,10472,-127,-13,134,10036,-9408,8440,-52,114,-128,-15024,4088,2708,-1272,85,-28,-14924,-2608,5296,-497,93,-140,0
1413.793300151825,10848,4784,10548,-108,-52,96,10060,-9636,8096,-67,148,-194,-14944,4176,2500,-990,65,-69,-14996,-2536,5368,-478,146,-170,0
1413.8287389278412,10912,4668,10304,-155,-27,92,10100,-9460,8160,1,143,-184,-14976,4156,2696,-769,74,-60,-14912,-2552,5408,-492,147,-123,0
1413.8641850948334,10884,4720,10416,-125,-33,127,10040,-9252,8052,-23,130,-160,-14864,4088,2492,-1040,85,-68,-14932,-2456,5316,-503,165,-141,0
1413.8993120193481,10932,4632,10448,-137,-27,87,10136,-9552,8072,-34,171,-169,-14948,4176,2624,-978,99,-57,-14992,-2780,5196,-487,124,-127,0
1413.934026002884,10840,4864,10680,-169,-34,107,10108,-9616,8432,-54,137,-165,-14888,4248,2728,-982,133,-98,-14956,-2508,5308,-481,147,-72,0
1413.9700300693512,10996,4700,10344,-139,-37,139,10080,-9568,8144,-38,166,-167,-14912,4128,2424,-1006,110,-75,-14804,-2544,5284,-518,158,-114,0
1414.0054259300232,10876,4716,10512,-152,-59,117,10132,-9536,8088,-11,154,-193,-14900,4124,2412,-1033,104,-102,-15056,-2316,5304,-486,160,-148,0
1414.0408310890198,10924,4732,10564,-117,-19,101,10120,-9552,8180,-27,116,-186,-14892,4088,2696,-1042,76,-89,-14968,-2516,5260,-481,133,-133,0
1414.0759949684143,10980,4888,10660,-163,-97,102,10040,-9568,8160,-253,133,-167,-14908,4108,2724,-1006,119,-110,-14964,-2628,5244,-506,133,-121,0
1414.1114060878754,10912,4704,10464,-157,-38,94,10168,-9568,8252,-14,135,-185,-14900,4160,2672,-1014,86,-51,-14912,-2532,5244,-503,163,-129,0
1414.1471059322355,10856,4832,10584,-105,-71,103,10172,-9572,8208,-12,131,-173,-14904,4096,2552,-1011,109,-48,-14980,-2784,5492,-504,154,-139,0
1414.1824071407318,10880,4752,10612,-153,-62,125,10080,-9588,8136,-28,130,-163,-14932,4064,2576,-984,93,-107,-14948,-2592,5384,-476,166,-105,0
1414.2184920310974,10908,4772,10320,-132,-61,118,10092,-9532,8024,-49,149,-200,-14992,4172,2632,-955,106,-106,-15020,-2556,5340,-477,117,-127,0
1414.2537059783936,10924,4712,10524,-137,-50,100,10104,-9592,8188,-37,142,-171,-14916,4164,2644,-1023,113,-107,-14924,-2532,5332,-497,140,-88,0
1414.2892889976501,10872,4792,10628,-118,-93,75,10052,-9608,8300,-22,136,-167,-14860,4108,2580,-774,93,-50,-14996,-2592,5160,-505,170,-111,0
1414.3244340419767,10852,4704,10524,-150,-52,116,10164,-9592,8096,-30,119,-186,-14948,4148,2700,-1023,127,-71,-14892,-2644,5332,-762,165,-154,0
1414.3616180419922,10892,4812,10568,-141,-92,106,10360,-9552,8108,-46,127,-190,-14680,4008,2308,-1012,129,-64,-14860,-2500,5332,-518,148,-127,0
1414.3948299884796,10920,4708,10640,-121,-67,116,10060,-9564,8184,-29,150,-188,-14992,4144,2472,-986,90,-67,-14868,-2572,5348,-489,154,-151,0
1414.4282350540159,10828,4724,10640,-153,-100,131,10084,-9604,8056,2,105,-155,-14940,4136,2612,-996,128,-76,-14924,-2540,5292,-472,159,-91,0
1414.4618639945984,10924,4684,10280,-182,-102,95,10064,-9496,7964,-30,148,-198,-14936,4140,2608,-969,123,-131,-14908,-2784,5320,-453,145,-102,0
1414.4954841136932,10936,4800,10480,-173,-85,108,10056,-9540,8156,-32,167,-183,-15028,4240,2796,-944,114,-83,-15036,-2476,5396,-489,118,-111,0
1414.5288739204407,10928,4728,10468,-196,-70,128,10096,-9644,8060,0,158,-173,-15056,4300,2660,-990,75,-70,-14968,-2468,5480,-493,161,-110,0
1414.5624129772186,10884,4812,10552,-504,-113,136,10048,-9572,8212,22,145,-179,-14864,4148,2516,-771,96,-127,-15020,-2680,5320,-492,171,-78,0
1414.5957460403445,10864,4776,10592,-149,-89,105,10132,-9564,8144,-102,125,-196,-15036,4104,2656,-961,110,-122,-15080,-2516,5336,-768,157,-80,0
1414.6290991306305,11100,4668,10548,-223,-102,97,10008,-9588,8164,-25,171,-221,-14956,4120,2480,-994,105,-113,-14872,-2480,5368,-484,159,-83,0
1414.6627910137177,10776,4576,10416,-220,-52,101,10032,-9600,8168,12,132,-177,-14892,4128,2476,-1015,66,-76,-15060,-2520,5324,-482,163,-85,0
1414.6963770389557,10868,4728,10648,-259,-60,142,10080,-9564,8316,-3,164,-175,-14940,4076,2472,-968,76,-70,-15024,-2572,5348,-474,123,-98,0
1414.7296450138092,10868,4792,10648,-7,-98,110,10044,-9560,8416,-49,139,-205,-14932,4188,2332,-917,158,-129,-14868,-2528,5288,-466,143,-71,0
1414.763041973114,10900,4760,10580,-286,-100,140,10180,-9524,8100,-38,150,-213,-14928,4148,2604,-961,124,-129,-14964,-2484,5168,-480,165,-78,0
1414.7966849803925,10868,4688,10244,-260,-130,146,10076,-9456,8196,-4,146,-209,-14972,4196,2404,-985,136,-145,-14640,-2532,5416,-462,208,-74,0
1414.8301961421969,10816,4664,10536,-301,-135,158,10104,-9612,8068,10,139,-214,-14844,4152,2480,-1018,147,-112,-14876,-2592,5360,-467,206,-69,0
1414.8637330532074,10876,4832,10280,-234,-118,111,10064,-9580,8332,-8,179,-226,-14940,4160,2628,-978,113,-137,-14928,-2552,5272,-459,147,-90,0
1414.897208929062,10880,4676,10432,-238,-123,146,10180,-9564,7988,6,193,-185,-15004,4208,2792,-950,123,-139,-14848,-2440,5576,-479,171,-106,0
1414.9307410717013,10924,4732,10880,-248,-116,116,10144,-9564,8132,22,153,-208,-15076,4212,2396,-986,135,-134,-14956,-2540,5348,-483,199,-57,0
1414.964066028595,10944,4648,10680,-251,-163,150,10180,-9508,8056,17,193,-197,-14956,4024,2668,-1280,142,-120,-15076,-2516,5244,-454,165,-60,0
1414.9974319934845,10876,4680,10452,-233,-143,140,10104,-9540,8220,-18,134,-203,-15016,4088,2604,-989,124,-72,-14948,-2508,5316,-468,141,-76,0
1415.031098127365,10852,4688,10744,-224,-118,119,10048,-9564,8244,-34,122,-212,-14876,3952,2428,-968,112,-152,-14908,-2496,5388,-464,175,-99,0
1415.0643000602722,11020,4720,10652,-221,-161,122,10124,-9636,8060,18,168,-204,-14916,4176,2516,-968,97,-152,-14988,-2424,5232,-495,205,-98,0
1415.0978860855105,11076,4660,10384,-184,-154,133,10208,-9708,8424,15,142,-202,-14908,4200,2432,-982,82,-132,-14984,-2436,5364,-470,161,-109,0
1415.131217956543,10848,4616,10468,-216,-147,138,10056,-9272,8120,255,163,-191,-15004,4088,2548,-976,114,-129,-14860,-2412,5376,-498,161,-64,0
1415.164489030838,10900,4612,10420,-221,-155,152,10144,-9584,7964,-19,139,-218,-14944,4104,2700,-1002,103,-114,-14996,-2468,5272,-498,169,-93,0
1415.1981711387634,10892,4664,10500,-191,-147,162,10160,-9224,8236,11,138,-180,-15064,4132,2524,-1031,143,-156,-14924,-2508,5276,-518,160,-104,0
1415.2317111492157,10988,4620,10648,-182,-174,154,10104,-9408,8084,15,131,-214,-15020,3964,2612,-1003,123,-116,-14940,-2604,5620,-470,171,-78,0
1415.2653651237488,10868,4804,10268,-188,-148,132,10104,-9504,8228,-26,120,-227,-14960,3868,2504,-998,127,-103,-15008,-2452,5364,-490,177,-101,0
1415.3034269809723,11072,4628,10556,-107,-107,119,10116,-9504,8160,-66,124,-216,-14940,4348,2776,-1005,114,-64,-15048,-2432,5440,-508,126,-126,0
1415.337417125702,10788,4660,10504,-123,-103,73,10132,-9576,8316,-42,111,-192,-15012,4332,2388,-1053,79,-100,-14904,-2520,5288,-506,172,-126,0
1415.3708009719849,10868,4644,10492,-116,-97,110,10060,-9392,8200,-18,145,-198,-14956,4032,2524,-1049,82,-118,-14988,-2584,5340,-487,166,-122,0
1415.4084799289703,10964,4852,10380,-63,-96,75,10160,-9692,8152,-51,139,-186,-14952,4100,2572,-990,100,-63,-14984,-2444,5260,-480,165,-133,0
1415.4437940120695,10956,4376,10540,-148,-48,91,10108,-9472,8020,34,132,-187,-14888,4128,2560,-1061,78,-118,-15008,-2460,5216,-461,156,-127,0
1415.479644060135,11008,4736,10444,-82,-34,115,10148,-9488,8212,-22,158,-157,-14988,4088,2616,-1055,75,-60,-14940,-2308,5588,-762,93,-163,0
1415.5148940086365,10952,4760,10544,-95,-30,91,10200,-9512,7972,-32,148,-158,-15000,4092,2516,-1064,46,-18,-15044,-2456,5228,-500,72,-168,0
1415.5504491329193,10996,4740,10640,-104,-26,108,9960,-9552,8124,-71,154,-135,-14880,4180,2624,-986,83,231,-14900,-2424,5348,-516,114,-127,0
1415.58558511734,10896,4628,10540,-44,-52,117,10120,-9684,8440,-97,121,-151,-15056,4152,2612,-1037,110,-40,-14920,-2484,5348,-545,128,-125,0
1415.6215181350708,10920,4704,10488,-124,-86,116,10052,-9480,8168,-63,117,-168,-15076,4180,2440,-1003,137,-115,-14844,-2620,5136,-488,166,-124,0
1415.6574499607086,10860,4612,10560,-56,-61,133,10140,-9572,8156,-71,104,-173,-14936,4128,2492,-1008,110,-27,-14904,-2428,5296,-497,118,-116,0
1415.692255973816,10900,4648,10708,-89,-77,115,10244,-9616,8200,-35,113,-156,-14988,4208,2760,-981,126,-80,-15008,-2492,5364,-512,115,-144,0
1415.728189945221,11132,4680,10260,-45,-63,104,10180,-9652,8260,-49,118,-164,-15116,4256,2600,-1025,120,-68,-14920,-2532,5300,-534,165,-161,0
1415.7632310390472,10912,4680,10612,-35,-35,124,10076,-9524,8084,-37,86,-162,-14904,3852,2464,-1046,104,-55,-14928,-2464,5372,-487,143,-160,0
1415.7988109588623,10756,4604,10492,-35,-29,89,10164,-9708,8440,-68,111,-151,-15020,4200,2556,-1012,100,-28,-15004,-2568,5132,-262,135,-161,0
1415.8339569568634,10884,4672,10624,-74,-41,66,10180,-9572,8184,-66,157,-186,-15012,4092,2396,-1021,108,-87,-14908,-2436,5340,-492,146,-188,0
1415.8700830936432,11000,4776,10284,-67,-47,68,10164,-9576,8064,-64,133,-186,-14968,4116,2404,-1019,74,-74,-14916,-2404,5280,-471,153,-147,0
1415.9050619602203,10888,4736,10744,-74,-57,77,10076,-9604,8108,-31,117,-208,-14964,4124,2420,-771,74,-79,-14924,-2480,5320,-486,151,-155,0
1415.9404029846191,11088,4640,10672,-60,-50,68,10036,-9388,8200,-18,122,-167,-14960,4336,2316,-1051,68,-87,-14932,-2456,5292,-481,155,-166,0
1415.975937128067,10924,4720,10536,-89,-67,76,10132,-9712,8280,-34,134,-193,-15040,4156,2676,-1014,77,-71,-14924,-2476,5352,-457,133,-183,0
1416.0113770961761,10908,4712,10480,-80,-67,80,10008,-9548,8268,-55,115,-181,-14940,4344,2544,-1019,93,-108,-14936,-2480,5288,-505,115,-130,0
1416.0485830307007,10928,4696,10524,-67,-31,119,10096,-9644,8220,-72,114,-169,-15052,4108,2532,-782,112,-35,-14912,-2692,5308,-537,124,-150,0
1416.081748008728,10956,4708,10380,-119,-59,120,10096,-9716,8224,-30,127,-139,-14912,4120,2600,-770,69,-51,-14900,-2524,5296,-491,100,-137,0
1416.115108013153,10828,4844,10412,-87,-5,117,10148,-9432,8260,-76,97,-129,-15000,4064,2572,-1041,103,-80,-15224,-2640,5244,-493,128,-136,0
1416.1483199596403,10948,4744,10532,-94,-66,93,10092,-9584,8392,-92,124,-158,-14972,4048,2692,-1017,82,-58,-14996,-2804,5124,-501,124,-133,0
1416.181981086731,11000,4724,10732,-126,-22,117,10152,-9516,8444,-19,91,-144,-15000,4028,2620,-1047,92,-22,-14916,-2752,5300,-467,128,-115,0
1416.2155210971832,10992,4712,10604,-97,-25,117,10108,-9560,7964,-19,101,-173,-14952,4016,2472,-1046,103,-19,-14868,-2576,5332,-495,142,-124,0
1416.2490639686584,10956,4760,10720,-107,-18,136,10144,-9624,8160,-31,101,-160,-14928,4172,2612,-1014,114,-46,-14988,-2496,5420,-473,108,-120,0
1416.2826750278473,10916,4816,10540,-110,-30,98,10156,-9516,8108,-50,125,-150,-14960,4140,2596,-1019,105,-92,-14972,-2440,5276,-499,124,-126,0
1416.3163759708405,10800,4804,10636,-127,-55,114,10204,-9564,8204,-43,103,-154,-14960,4320,2528,-1010,117,-68,-14948,-2524,5356,-494,120,-127,0
1416.3499250411987,10956,4868,10580,-124,-81,115,10088,-9552,8076,-10,147,-204,-15060,4184,2632,-1019,97,-53,-14900,-2528,5164,-501,164,-137,0
1416.3834099769592,10868,4748,10452,-99,-23,101,10160,-9572,8028,-20,115,-198,-15000,4148,2376,-1049,107,-83,-14956,-2524,5124,-488,142,-134,0
1416.4168961048126,10860,4816,10508,-132,-102,94,10044,-9524,8220,252,129,-174,-14892,4104,2596,-1045,75,-103,-14940,-2388,5628,-473,164,-145,0
1416.4505200386047,10952,4756,10612,-145,-30,60,9852,-9308,8032,-14,167,-206,-14952,4168,2744,-1010,57,-107,-14952,-2580,5272,-491,168,-151,0
1416.4842040538788,10968,4764,10428,-129,-53,81,10020,-9492,8432,-22,147,-168,-14996,4292,2572,-769,83,-127,-15028,-2580,5500,-490,157,-117,0
1416.5179710388184,10936,4620,10380,-124,-78,98,10028,-9564,8148,-27,149,-177,-14952,4124,2688,-1005,107,-74,-14932,-2628,5260,-480,169,-127,0
1416.551628112793,10888,4840,10648,-155,-57,106,10132,-9520,7960,-66,160,-182,-14960,4084,2632,-971,115,-82,-15032,-2324,5508,-473,121,-117,0
1416.585097074509,10980,4756,10668,-119,-49,76,10176,-9616,8132,-58,164,-197,-15004,4192,2592,-1006,86,-73,-15000,-2512,5332,-504,137,-132,0
1416.618735074997,10940,4812,10504,-169,-92,107,10152,-9632,8264,-251,116,-161,-14952,4116,2544,-1045,85,-80,-15100,-2596,5216,-473,137,-111,0
1416.6518530845642,10788,4904,10496,-149,-38,115,10136,-9520,8344,-10,134,-164,-15052,4116,2436,-990,137,-64,-14896,-2632,5268,-467,168,-93,0
1416.687117099762,10764,4792,10552,-146,-82,112,10092,-9512,8124,-69,122,-189,-14920,4184,2700,-944,119,-116,-14980,-2440,5448,-498,165,-108,0
1416.7206840515137,10828,4812,10664,-179,-101,119,10096,-9540,7996,-41,147,-154,-14884,4332,2680,-992,134,-88,-14896,-2620,5588,-504,126,-116,0
1416.7541630268097,10912,4660,10256,-144,-42,128,10124,-9544,8416,-10,142,-142,-14888,4136,2680,-1007,115,-93,-14960,-2340,5316,-502,158,-102,0
1416.7877740859983,10880,4864,10560,-205,-50,114,10104,-9552,8012,-9,182,-166,-14960,4164,2588,-992,104,-77,-15016,-2628,5392,-472,147,-122,0
1416.821291923523,10784,4784,10624,-245,-84,66,10136,-9644,8060,-9,181,-177,-14944,4220,2648,-930,95,-108,-14872,-2772,5444,-470,130,-80,0
1416.8545520305634,10836,4820,10560,-222,-101,110,10060,-9716,8380,-61,172,-189,-14960,4188,2596,-902,140,-121,-15028,-2548,5468,-487,139,-50,0
1416.8880231380465,10976,4748,10264,-248,-107,138,10184,-9604,8072,-34,187,-183,-14912,4152,2516,-946,128,-102,-15012,-2544,5612,-470,185,-92,0
1416.9216499328613,10780,4756,10352,-271,-122,123,10056,-9616,8184,-39,169,-216,-14872,4136,2560,-972,141,-142,-14900,-2556,5312,-459,169,-87,0
1416.9552381038666,10900,4628,10548,-295,-79,85,10092,-9656,8028,-11,161,-222,-14920,4344,2392,-958,98,-113,-14820,-2512,5516,-495,167,-63,0
1416.988928079605,10900,4672,10564,-303,-111,112,10132,-9544,8236,1,175,-216,-14952,4120,2508,-964,101,-104,-14952,-2748,5396,-468,186,-87,0
1417.0225379467013,10924,4728,10664,-296,-166,122,10168,-9552,8144,3,178,-235,-14964,4112,2488,-966,111,-180,-14896,-2572,5480,-458,169,-76,0
1417.0557899475098,10892,4740,10592,-325,-160,144,10136,-9708,8180,5,174,-236,-14988,4088,2656,-953,141,-165,-15008,-2468,5120,-441,203,-82,0
1417.0929679870605,10864,4776,10600,-291,-175,163,10040,-9516,8180,-5,146,-234,-15016,4216,2360,-951,128,-125,-15004,-2352,5388,-431,188,-78,0
1417.1281950473785,10940,4708,10368,-270,-163,148,10112,-9552,8112,-18,151,-220,-15048,4156,2336,-999,148,-155,-14940,-2548,5276,-465,167,-62,0
1417.1632790565493,10816,4656,10616,-503,-160,135,10132,-9596,8384,11,78,-242,-14956,3984,2608,-983,124,-154,-15028,-2528,5264,-481,165,-79,0
1417.1992030143738,10956,4672,10544,-251,-149,133,10064,-9452,8064,247,153,-193,-14984,4056,2724,-997,115,-113,-14948,-2408,5288,-471,169,-101,0
1417.2344851493835,10912,4680,10684,-251,-147,134,10128,-9516,8024,19,137,-194,-15020,4072,2404,-775,107,-150,-14868,-2768,5316,-473,158,-91,0
1417.270015001297,10964,4668,10744,-242,-166,143,10160,-9552,8172,-17,156,-199,-14936,4008,2456,-970,136,-132,-14972,-2548,5384,-475,162,-95,0
1417.3054821491241,10872,4644,10464,-219,-167,122,10200,-9600,7936,-43,104,-165,-14972,4068,2560,-1003,116,-123,-14920,-2568,5176,-471,135,-63,0
1417.3409011363983,10756,4696,10736,-214,-136,169,10064,-9544,8028,-23,112,-199,-15012,4080,2548,-983,104,-90,-14992,-2560,5384,-485,133,-96,0
1417.3761551380157,11000,4676,10656,-224,-138,145,10040,-9492,8212,29,109,-195,-14992,4080,2332,-1007,122,-155,-14932,-2324,5348,-459,161,-78,0
1417.411623954773,10956,4752,10640,-196,-163,138,10076,-9564,8324,14,153,-211,-15000,3972,2812,-1280,125,-90,-14976,-2808,5280,-475,157,-87,0
1417.4479820728302,10924,4672,10516,-187,-176,125,10064,-9540,8132,-17,127,-199,-14980,4120,2280,-1026,138,-119,-15028,-2520,5348,-472,185,-124,0
1417.4831230640411,11004,4664,10516,-165,-167,128,10104,-9244,8252,-24,107,-218,-14952,4088,2540,-1053,121,-92,-14688,-2536,5212,-511,182,-110,0
1417.5185420513153,11248,4656,10484,-137,-159,130,10068,-9436,8180,-54,109,-218,-14928,4076,2504,-1026,114,-94,-14900,-2548,5336,-510,165,-126,0
1417.554960012436,10768,4664,10452,-120,-138,119,10100,-9500,8072,-46,96,-221,-14984,4040,2544,-1016,105,-119,-14940,-2536,5220,-493,139,-145,0
1417.5907881259918,11060,4648,10508,-79,-141,100,10120,-9520,8128,-31,128,-186,-14984,4324,2520,-1041,143,-129,-14984,-2428,5244,-518,152,-139,0
1417.6261410713196,11008,4708,10668,-157,-84,100,10232,-9440,8028,-9,160,-206,-15012,4320,2520,-993,118,-82,-14952,-2564,5372,-456,140,-125,0
1417.661642074585,10836,4704,10472,-99,6,71,10212,-9472,8224,-50,159,-172,-14908,4124,2448,-1016,85,-69,-15028,-2496,5240,-502,131,-170,0
1417.6976521015167,10944,4668,10536,-119,-20,85,10016,-9524,8272,-2,138,-162,-14936,4072,2324,-1124,26,-69,-14984,-2516,5352,-503,121,-157,0
1417.7336790561676,10908,4704,10344,-79,-2,116,10116,-9464,8192,-37,126,-148,-14976,3960,2532,-1064,92,-65,-14920,-2648,5304,-482,86,-142,0
1417.7673969268799,10928,4736,10616,-27,-21,76,10076,-9580,8280,-69,127,-174,-15004,4128,2504,-1019,90,-35,-14944,-2360,5340,-507,160,-136,0
1417.8010489940643,10964,4556,10496,-96,-47,129,10080,-9584,8128,-19,92,-149,-14964,4136,2800,-1047,86,-36,-14960,-2464,5480,-491,114,-132,0
1417.8343739509585,10896,4712,10572,-21,-25,104,10076,-9428,8384,-31,129,-113,-14984,4056,2440,-1004,55,-33,-14968,-2632,5392,-524,55,-147,0
1417.867921113968,11000,4716,10552,-60,14,82,10108,-9544,8100,-75,151,-152,-14852,4088,2484,-953,125,-51,-14924,-2480,5432,-472,90,-113,0
1417.901437997818,11068,4564,10620,-114,-29,113,10072,-9568,8224,-61,105,-143,-14936,4236,2420,-1002,126,-65,-14892,-2500,5248,-502,110,-134,0
1417.9349920749664,11008,4716,10240,-70,-38,120,10076,-9512,8016,-43,98,-168,-14936,4200,2452,-1027,122,-51,-14972,-2432,5340,-257,164,-132,0
1417.968642950058,10904,4856,10384,-85,-64,135,10084,-9484,8100,-49,103,-188,-14920,4132,2624,-1053,111,-69,-14932,-2732,5500,-500,184,-145,0
1418.0021760463715,10888,4672,10556,-64,-84,111,10076,-9676,8128,-57,111,-194,-15012,4112,2332,-1049,73,-80,-15088,-2800,5624,-499,190,-146,0
1418.0354909896853,10992,4740,10468,-86,-50,104,10172,-9452,8108,-11,148,-187,-14908,4132,2504,-1025,79,-129,-14984,-2492,5340,-489,146,-186,0
1418.0692341327667,10948,4632,10504,-86,-44,56,10100,-9528,8208,-17,127,-170,-14888,4116,2676,-997,74,-115,-14980,-2560,5328,-504,156,-154,0
1418.1027920246124,10892,4836,10488,-73,-42,105,10080,-9512,8264,-36,106,-165,-14956,4080,2624,-1280,98,-22,-14976,-2556,5456,-510,160,-160,0
1418.13596701622,10964,4836,10664,-85,-38,94,10184,-9460,8148,-69,123,-165,-15028,4312,2556,-1002,76,-62,-14984,-2504,5404,-482,132,-114,0
1418.169753074646,10896,4708,10376,-89,-52,79,10188,-9480,8180,-70,121,-186,-14956,4032,2564,-980,82,-97,-15016,-2584,5320,-498,116,-138,0
1418.2032251358032,10916,4700,10324,-95,-86,98,10132,-9700,8092,-59,130,-204,-14892,4112,2548,-1027,85,-97,-15000,-2504,5428,-489,151,-144,0
1418.2368280887604,10992,4608,10624,-103,-81,88,10084,-9536,8180,-39,133,-197,-14936,4072,2656,-1016,83,-89,-14992,-2576,5328,-494,171,-144,0
1418.2704391479492,10832,4768,10604,-94,-30,96,10128,-9556,8208,-19,122,-179,-14952,4096,2628,-1059,85,-38,-14856,-2540,5308,-521,163,-119,0
1418.3037660121918,10924,5052,10540,-80,-37,105,10156,-9724,8312,-9,121,-161,-14968,3900,2696,-1049,97,-53,-14888,-2628,5132,-767,153,-160,0
1418.3372359275818,10892,4736,10520,-84,-57,114,10112,-9724,8096,-28,116,-176,-14852,4024,2784,-1043,102,-85,-14892,-2616,5448,-266,169,-133,0
1418.3707671165466,10988,4732,10376,-107,-58,122,10084,-9528,8196,-85,91,-156,-14848,4044,2652,-973,123,-103,-15048,-2576,5240,-504,132,-143,0
1418.4042129516602,10988,4764,10636,-88,-72,156,10120,-9512,8140,-65,117,-157,-14980,4200,2596,-1269,134,-44,-14908,-2464,5312,-260,138,-107,0
1418.4375059604645,10924,4708,10584,-116,-58,123,10028,-9488,8120,-11,92,-157,-15000,4052,2668,-1028,75,-30,-14868,-2748,5596,-480,132,-115,0
1418.4712920188904,10944,4864,10416,-111,-250,120,10236,-9256,8024,-78,133,-142,-14920,4060,2664,-1018,96,-37,-14956,-2516,5228,-493,91,-108,0
1418.5049510002136,10900,4724,10696,-114,-65,104,10144,-9600,8284,-71,186,-112,-15100,4096,2528,-1005,98,-57,-14872,-2540,5356,-520,136,-139,0
1418.5382590293884,10872,4640,10564,-145,-31,82,10152,-9600,8148,-13,135,-171,-15008,4164,2524,-1068,86,-77,-14844,-2484,5360,-495,127,-153,0
1418.57177400589,10928,4768,10352,-68,-33,114,10052,-9604,8060,-16,111,-152,-14944,4192,2704,-1056,58,-31,-14876,-2664,5396,-262,141,-134,0
1418.6054151058195,10736,4812,10544,-149,-10,109,10084,-9584,8280,-68,141,-169,-14972,4080,2316,-996,78,-7,-15020,-2492,5456,-485,94,-145,0
1418.638680934906,10860,4844,10420,-149,-67,109,10092,-9572,8196,-39,136,-169,-14984,4120,2648,-1003,111,-69,-14960,-2528,5220,-477,118,-146,0
1418.6721811294556,10948,4716,10588,-129,-58,103,10056,-9664,7960,-27,155,-175,-14868,4024,2684,-777,79,-118,-14816,-2548,5288,-516,134,-135,0
1418.705768108368,10792,4744,10592,-192,-86,150,10096,-9468,7952,247,153,-174,-14800,4136,2624,-1026,108,-72,-14864,-2564,5324,-497,161,-113,0
1418.7387261390686,10900,4744,10648,-125,-58,117,10052,-9512,8224,-45,121,-177,-14688,4156,2588,-1023,110,-63,-15000,-2316,5252,-498,165,-133,0
1418.7760200500488,10928,4744,10540,-150,-99,99,10068,-9520,8180,4,140,-182,-15016,4200,2576,-1002,134,-97,-14928,-2516,5288,-477,171,-129,0
1418.8120629787443,10980,4768,10468,-157,-70,111,9992,-9500,8184,-8,130,-202,-14884,4248,2568,-987,103,-86,-14956,-2560,5188,-482,161,-120,0
1418.8477990627289,10912,4844,10540,-165,-72,134,10032,-9572,8156,-8,137,-168,-14924,4320,2652,-1004,108,-74,-14896,-2652,5544,-503,148,-131,0
1418.8825869560242,10828,4788,10420,-185,-95,129,10016,-9484,8112,-44,119,-173,-14924,4028,2708,-976,146,-115,-14976,-2536,5276,-476,145,-105,0
1418.9176859855652,10872,4768,10508,-193,-83,130,10148,-9576,8104,-54,159,-206,-14916,4228,2648,-927,123,-84,-15008,-2572,5340,-465,160,-87,0
1418.9536740779877,10964,4624,10536,-181,-127,113,10116,-9512,8048,-11,141,-195,-15076,4200,2388,-964,97,-93,-14920,-2576,5420,-457,120,-85,0
1418.9891841411593,10884,4700,10724,-193,-108,100,10088,-9256,7960,-22,154,-198,-14968,4164,2604,-943,106,-64,-14820,-2424,5604,-487,115,-114,0
1419.024568080902,10928,4680,10304,-199,-105,97,10128,-9616,8316,-50,158,-194,-14908,4136,2796,-982,137,-152,-14940,-2528,5488,-508,146,-83,0
1419.0606291294098,10936,4772,10548,-193,-124,113,10088,-9560,8440,-9,151,-216,-14832,4096,2620,-1011,102,-117,-14928,-2808,5628,-500,162,-78,0
1419.0961520671844,10888,4748,10632,-189,-131,131,10052,-9248,8068,-58,152,-207,-14784,4336,2332,-953,120,-98,-14948,-2592,5428,-495,174,-99,0
1419.1318140029907,10928,4780,10608,-195,-133,125,10236,-9508,8288,-44,128,-210,-14664,4104,2360,-952,151,-105,-14968,-2740,5360,-468,153,-56,0
1419.1678290367129,10832,4756,10276,-226,-138,129,10128,-9680,8272,-47,143,-190,-14896,4084,2516,-960,130,-94,-14984,-2552,5372,-468,140,-78,0
1419.203241109848,10992,4660,10544,-224,-97,143,10056,-9492,8340,-14,152,-188,-14964,3856,2412,-994,102,-59,-14856,-2536,5208,-491,153,-72,0
1419.2388660907743,10956,4712,10720,-285,-110,131,10096,-9392,8164,-15,135,-209,-14920,4272,2792,-1004,90,-119,-14968,-2644,5588,-460,143,-94,0
1419.2740950584412,10784,4780,10412,-163,-99,89,10168,-9544,8260,-56,145,-223,-14936,4148,2636,-954,90,-127,-14984,-2508,5300,-477,187,-79,0
1419.3096690177917,10952,4712,10508,-206,-147,89,10056,-9496,8116,254,121,-230,-14976,4340,2772,-1000,129,-132,-14960,-2476,5428,-477,171,-76,0
1419.3450260162354,10868,4356,10540,-206,-129,139,10072,-9488,8224,2,142,-205,-14920,4348,2776,-1029,74,-64,-14912,-2504,5376,-483,147,-123,0
1419.3811049461365,10992,4688,10440,-213,-70,105,10048,-9508,8300,-15,184,-162,-14916,4176,2724,-985,105,-73,-14932,-2520,5436,-493,99,-116,0
1419.417272090912,10976,4700,10736,-232,-70,146,10132,-9548,8312,-28,147,-193,-15000,4132,2416,-1006,82,-67,-14904,-2716,5324,-477,133,-95,0
1419.4506950378418,10972,4796,10592,-204,-116,138,10096,-9520,8088,-37,149,-190,-14952,4056,2704,-991,142,-130,-14884,-2528,5404,-474,162,-68,0
1419.4843380451205,11180,4704,10536,-229,-139,122,10088,-9228,8092,8,158,-232,-15004,4124,2392,-1012,125,-123,-14860,-2440,5252,-483,185,-71,0
1419.5180420875547,10852,4628,10448,-181,-114,129,10132,-9560,8232,-28,137,-220,-14996,4140,2588,-1006,94,-112,-15000,-2488,5612,-483,196,-109,0
1419.551481962204,10924,4648,10416,-183,-165,126,10136,-9520,7984,-29,162,-212,-15052,4172,2304,-986,94,-101,-15096,-2756,5448,-494,196,-138,0
1419.584862947464,10972,4652,10484,-181,-99,116,10080,-9244,8020,-15,159,-206,-15000,4144,2612,-1009,97,-106,-14948,-2552,5532,-475,158,-106,0
1419.6184480190275,10940,4748,10352,-150,-113,127,10104,-9536,8208,-11,122,-185,-14972,4156,2476,-1007,104,-138,-15092,-2568,5304,-505,189,-111,0
1419.6517190933228,11000,4732,10448,-155,-99,132,10068,-9496,7980,-42,109,-207,-14928,4096,2648,-995,123,-82,-15052,-2332,5136,-501,151,-130,0
1419.6852309703827,10952,4660,10492,-128,-131,129,10148,-9520,8100,-84,99,-203,-15008,4056,2308,-971,118,-45,-14872,-2360,5312,-487,141,-126,0
1419.7187881469729,10988,4656,10556,-105,-101,102,10076,-9488,8220,-51,121,-193,-14972,4036,2596,-1017,94,-58,-15028,-2500,5332,-489,138,-115,0
1419.7521381378174,11192,4692,10436,-123,-80,85,10152,-9520,8340,5,148,-171,-14976,4196,2500,-1011,83,-91,-14956,-2572,5216,-469,125,-111,0
1419.7855780124664,11232,4720,10360,-142,-18,103,10064,-9408,8168,-16,137,-170,-14908,4104,2576,-1044,96,-105,-14932,-2508,5548,-487,131,-140,0
1419.8192241191864,10940,4776,10452,-121,-31,101,10172,-9548,8276,-37,137,-165,-14928,4196,2544,-1040,95,-82,-15072,-2484,5216,-761,152,-136,0
1419.852576971054,10976,4768,10472,-102,-76,113,10072,-9584,8336,-26,125,-196,-14972,3916,2764,-1016,92,-76,-14988,-2544,5356,-495,152,-160,0
1419.8860671520233,10880,4724,10580,-111,-78,101,10076,-9592,8204,-30,135,-164,-14916,4128,2348,-986,125,-70,-14928,-2556,5332,-479,137,-140,0
1419.919911146164,10852,4776,10512,-110,-41,138,10184,-9508,8444,-51,101,-159,-14888,4152,2472,-1002,128,-84,-14988,-2592,5532,-485,83,-120,0
1419.953439950943,10912,4568,10508,-94,-62,118,10184,-9536,8432,-12,137,-141,-14948,4128,2664,-1029,22,-63,-14912,-2520,5360,-508,122,-117,0
1419.987056016922,10888,4776,10688,-128,-66,113,10116,-9472,8132,-15,128,-155,-14940,4000,2448,-1044,64,-41,-14916,-2624,5480,-500,107,-159,0
1420.0205271244047,10784,4684,10564,-59,-22,87,10120,-9556,8076,-105,115,-165,-15072,4132,2512,-1000,96,-54,-14968,-2532,5312,-505,159,-150,0
1420.0540180206299,11020,4708,10720,-149,-94,85,10116,-9532,8032,-25,153,-185,-14884,4112,2564,-1046,99,-70,-15012,-2392,5324,-468,166,-141,0
1420.0876410007477,10952,4756,10464,-94,-29,100,10128,-9468,8032,-18,126,-157,-14888,4080,2620,-1031,61,-58,-14896,-2492,5256,-489,141,-129,0
1420.12122797966,11148,4692,10608,-114,-32,115,10192,-9460,8220,-20,163,-167,-14964,4024,2520,-992,82,-75,-14972,-2476,5344,-492,107,-135,0
1420.1542141437533,10936,4756,10616,-126,-45,95,10220,-9536,8268,-54,147,-158,-14920,4160,2480,-1001,80,-10,-14992,-2532,5164,-483,97,-149,0
1420.1876931190493,10792,4756,10748,-130,-36,105,10152,-9612,8268,-65,151,-182,-14940,4304,2312,-992,110,-31,-14888,-2316,5600,-491,121,-147,0
1420.221267938614,10972,4792,10240,-107,-77,94,10092,-9464,8152,-20,142,-165,-14884,4104,2688,-1049,110,-74,-14940,-2536,5280,-521,171,-140,0
1420.2549819946287,10940,4736,10740,-111,-74,85,10104,-9640,8220,-21,131,-175,-14900,3956,2684,-1034,102,-97,-14836,-2624,5180,-503,150,-137,0
1420.2887461185455,10864,4756,10596,-88,-79,109,10092,-9480,8236,-9,124,-165,-14904,4152,2424,-1039,87,-120,-15004,-2424,5448,-493,161,-128,0
1420.3249580860138,10980,4604,10564,-107,-52,104,9856,-9532,8328,-24,160,-154,-14880,4020,2540,-991,98,-102,-14956,-2780,5548,-480,154,-145,0
1420.35879611969,10996,4764,10692,-98,-115,110,10096,-9536,8180,-13,119,-168,-14968,4088,2508,-1032,100,-58,-15012,-2608,5268,-257,137,-148,0
1420.3921689987185,10908,4748,10548,-94,-88,98,10064,-9668,8172,-47,106,-194,-15020,4104,2600,-1028,115,-39,-14940,-2460,5264,-508,125,-141,0
1420.4253780841827,10760,4804,10472,-101,-89,118,10124,-9420,8096,-64,96,-180,-14960,4148,2512,-1019,135,-45,-14908,-2668,5260,-472,152,-105,0
1420.4627079963684,10792,4796,10408,-116,-99,94,10136,-9544,8112,-39,123,-166,-14908,4076,2584,-975,99,-83,-14948,-2588,5428,-499,127,-187,0
1420.4988009929657,10928,4700,10596,-93,-57,85,10060,-9532,8148,-27,138,-158,-14932,4172,2580,-1008,107,-58,-14912,-2536,5612,-539,125,-151,0
1420.5335171222687,10912,4800,10556,-91,-49,113,10204,-9444,8132,-48,106,-173,-14928,4064,2524,-1051,82,-69,-14916,-2640,5328,-520,148,-144,0
1420.569505929947,11036,4672,10632,-109,-60,89,10028,-9564,8140,-42,117,-166,-14912,3884,2304,-778,91,-66,-14892,-2560,5176,-500,156,-140,0
1420.6050140857697,10928,4856,10448,-99,-34,96,10056,-9500,8196,-47,117,-161,-14944,4168,2596,-1010,103,-47,-14984,-2516,5340,-502,153,-133,0
1420.6408469676971,10940,4800,10532,-91,-65,132,9992,-9508,8172,-14,126,-170,-14904,4140,2740,-1041,118,-98,-14988,-2520,5136,-266,149,-136,0
1420.6762399673462,10952,4792,10260,-108,-82,123,10120,-9644,8404,-22,104,-174,-14948,3900,2760,-989,114,-71,-14900,-2544,5388,-463,146,-156,0
1420.7122621536255,10932,4792,10644,-141,-69,131,10084,-9604,8220,-68,128,-187,-14964,4112,2708,-977,105,-50,-15032,-2360,5380,-469,118,-124,0
1420.7480471134186,11012,4756,10424,-116,-55,107,10172,-9600,8192,-47,124,-139,-15012,4164,2604,-1005,51,-95,-14856,-2520,5268,-515,146,-151,0
1420.7836849689484,10736,4756,10556,-202,-78,97,10088,-9560,8188,15,156,-176,-14988,4144,2580,-1031,62,-62,-14920,-2564,5532,-491,157,-121,0
1420.8195819854736,10800,4808,10548,-109,-33,80,10088,-9580,8248,-75,109,-183,-15016,4140,2776,-1002,99,-84,-14956,-2316,5244,-494,146,-127,0
1420.8550970554352,10988,4780,10484,-146,-114,76,10204,-9584,8292,-42,142,-209,-14880,4204,2632,-1013,89,-74,-14948,-2476,5216,-525,158,-129,0
1420.890722990036,10964,4780,10480,-102,-19,97,10092,-9524,8132,4,89,-164,-14948,4104,2592,-1046,74,-52,-14936,-2520,5372,-481,167,-152,0
1420.9255759716034,10864,4824,10356,-124,-1,125,10080,-9360,8136,-1,125,-165,-14920,4028,2436,-1000,100,-62,-14924,-2772,5260,-496,133,-158,0
1420.9611821174622,11004,4844,10492,-170,-49,90,10228,-9344,8032,-18,175,-178,-14956,4124,2436,-978,96,-59,-14888,-2680,5332,-464,124,-125,0
1420.9962289333344,10884,4820,10508,-160,-21,106,10068,-9480,8260,-40,152,-170,-14888,4180,2584,-988,108,-86,-14888,-2424,5364,-499,149,-119,0
1421.0321910381315,10980,4756,10480,-144,-30,110,10056,-9484,8200,-17,156,-174,-14988,4172,2736,-1031,117,-89,-14668,-2580,5356,-503,162,-111,0
1421.0676319599152,10868,4796,10528,-189,-82,88,10052,-9532,8172,-10,147,-211,-14888,4148,2304,-1016,95,-129,-14924,-2804,5476,-492,164,-121,0
1421.1031651496887,10912,4788,10592,-190,-77,93,10040,-9576,8252,-11,155,-177,-14932,4192,2392,-987,130,-148,-14908,-2356,5424,-473,159,-83,0
1421.1367540359495,10984,4836,10564,-199,-69,122,10104,-9624,8416,5,131,-206,-14988,4176,2716,-965,120,-94,-14972,-2504,5444,-449,154,-89,0
1421.1702170372007,10940,4784,10592,-204,-114,127,10204,-9632,8200,-49,125,-195,-14940,4160,2516,-961,143,-90,-14976,-2392,5464,-512,190,-72,0
1421.2036130428314,10800,4736,10488,-202,-115,139,10080,-9508,8200,-54,127,-202,-14964,4344,2332,-966,133,-131,-14860,-2648,5364,-496,148,-68,0
1421.237076997757,10944,4804,10312,-243,-93,126,10076,-9292,7968,-46,180,-200,-15088,4288,2660,-923,100,-118,-14972,-2484,5240,-468,156,-74,0
1421.2706151008606,10880,4772,10512,-275,-94,119,10164,-9588,8096,-43,179,-229,-15020,4096,2692,-918,113,-129,-14972,-2492,5272,-449,153,-64,0
1421.3041911125183,10952,4744,10540,-287,-114,109,10116,-9508,8208,-6,189,-233,-14996,4196,2600,-924,117,-128,-14864,-2488,5248,-472,191,-45,0
1421.3376390933993,10972,4832,10532,-292,-134,129,10012,-9560,8044,17,166,-215,-14908,4348,2472,-965,121,-132,-14944,-2500,5396,-457,167,-43,0
1421.37109208107,10916,4656,10516,-270,-172,125,10064,-9328,8372,-17,164,-198,-14944,3920,2764,-969,103,-178,-14936,-2540,5248,-470,213,-82,0
1421.4044160842896,10852,4720,10476,-278,-193,155,10068,-9436,8260,13,145,-231,-14924,4092,2820,-979,134,-160,-14948,-2540,5336,-455,195,-68,0
1421.4382801055908,10764,4796,10720,-260,-129,145,10072,-9616,8124,6,129,-220,-14976,4200,2644,-982,118,-149,-15036,-2520,5320,-461,175,-75,0
1421.4716439247131,11196,4692,10540,-245,-157,136,10196,-9604,8012,15,117,-217,-14964,4180,2660,-987,139,-100,-14916,-2408,5332,-474,157,-96,0
1421.5052239894867,10752,4724,10588,-277,-167,127,10068,-9496,8084,255,138,-202,-14940,4164,2620,-1000,121,-93,-14912,-2484,5416,-465,186,-83,0
1421.5387110710144,10948,4784,10400,-281,-178,145,10028,-9572,8244,-251,144,-241,-15004,4284,2720,-939,120,-133,-15016,-2484,5372,-445,167,-60,0
1421.5723950862885,10988,4696,10540,-249,-153,146,10172,-9396,8220,-28,154,-206,-14912,4152,2420,-967,98,-106,-14948,-2488,5384,-481,160,-82,0
1421.60609292984,10996,4588,10484,-307,-163,146,10068,-9712,8160,37,145,-203,-14924,3916,2564,-1018,98,-124,-14968,-2476,5340,-451,180,-90,0
1421.6396169662476,10952,4688,10404,-256,-181,149,10084,-9452,8252,20,149,-203,-14936,4044,2660,-1016,100,-97,-14960,-2532,5200,-470,161,-86,0
1421.6728360652924,10936,4652,10620,-221,-142,127,10048,-9596,8224,-7,149,-227,-14956,4004,2508,-958,130,-167,-14976,-2464,5292,-490,169,-94,0
1421.7062261104584,10764,4860,10436,-4,-146,111,10000,-9496,8316,82,115,-216,-14992,4164,2316,-1033,97,-169,-14928,-2384,5308,-447,151,-93,0
1421.7398149967194,11032,4692,10744,-223,-146,139,10096,-9472,8408,10,162,-166,-14988,4144,2708,-1042,57,-107,-15032,-2508,5284,-495,132,-145,0
1421.7733550071716,10860,4672,10492,-189,-109,122,10100,-9472,8304,-43,176,-175,-15044,3984,2628,-1000,107,-38,-14932,-2536,5268,-470,110,-122,0
1421.8069829940796,10856,4724,10440,-195,-153,131,10060,-9500,8324,-53,135,-194,-14996,4120,2716,-975,148,-95,-14928,-2432,5180,-492,164,-86,0
1421.8403029441833,10784,4672,10456,-137,-168,126,10072,-9484,8068,-107,96,-205,-14960,4144,2560,-1017,156,-103,-14948,-2540,5308,-530,173,-108,0
1421.873654127121,11112,4388,10496,-99,-171,114,10128,-9500,8160,-52,84,-226,-14920,4196,2652,-1014,151,-150,-14964,-2432,5224,-257,197,-101,0
1421.9070019721985,11220,4616,10008,-73,-116,91,10088,-9392,8232,-39,95,-214,-14836,4008,2536,-1062,109,-67,-14920,-2464,5360,-488,175,-133,0
1421.9405150413513,11072,4644,10736,-95,-88,81,10028,-9464,8176,-17,138,-214,-14956,3856,2416,-1020,110,-61,-15072,-2400,5380,-483,166,-136,0
1421.974112033844,11184,4828,10616,-86,-35,70,10176,-9300,8436,-12,147,-224,-14960,4028,2576,-1273,72,-60,-14932,-2484,5316,-469,139,-135,0
1422.00767993927,11000,4760,10548,-121,-29,102,10124,-9236,8196,11,115,-173,-14884,4056,2380,-1066,69,-95,-15004,-2580,5356,-524,124,-133,0
1422.0412130355835,10904,4688,10524,-64,-33,107,10088,-9452,8172,-70,110,-162,-14904,4100,2620,-1013,104,-83,-15032,-2496,5380,-503,96,-136,0
1422.0747611522675,11060,4700,10496,-51,-29,95,10104,-9520,8036,-72,129,-162,-14896,4068,2612,-977,110,-4,-14940,-2308,5224,-512,119,-127,0
1422.1107909679413,10984,4656,10424,-80,-25,100,10068,-9464,8252,-86,129,-176,-14928,4012,2332,-988,109,225,-14956,-2420,5420,-519,106,-131,0
1422.1460480690005,11016,4644,10512,-84,-68,101,10112,-9504,8284,-58,116,-144,-14904,3924,2600,-993,91,-47,-14984,-2556,5188,-508,135,-121,0
1422.1821479797363,10908,4704,10428,-62,-26,91,10160,-9492,7988,-63,97,-155,-14964,4156,2552,-1008,104,-78,-14928,-2808,5416,-505,108,-155,0
1422.2178010940552,10960,4588,10568,-64,-32,105,10124,-9500,8032,-36,95,-145,-14996,4020,2376,-1040,112,-76,-14912,-2492,5216,-262,140,-104,0
1422.253270149231,10984,4708,10512,-63,-26,103,10052,-9472,8088,-62,112,-170,-14952,4128,2604,-1024,107,-27,-14996,-2484,5488,-497,119,-139,0
1422.2894639968872,11004,4736,10628,-21,-40,113,10156,-9640,8208,-57,109,-169,-14848,4204,2628,-997,108,-47,-15056,-2496,5412,-495,138,-141,0
1422.3248810768127,11000,4656,10640,-61,-29,88,10064,-9564,8148,-54,102,-143,-15020,4116,2500,-1061,61,-41,-15008,-2520,5364,-520,130,-187,0
1422.3604469299316,10924,4732,10480,-77,-6,80,10132,-9456,8080,-45,130,-150,-14944,4000,2588,-1059,60,-79,-15032,-2580,5348,-498,111,-158,0
1422.3954961299896,10896,4644,10556,-28,-254,46,10100,-9436,8268,-109,140,-155,-14932,4244,2796,-1009,31,-25,-14936,-2308,5380,-509,117,-163,0
1422.4313430786133,10944,4712,10500,-87,-25,62,10084,-9500,8296,-5,117,-171,-14876,4100,2568,-1060,58,-84,-14964,-2456,5520,-475,159,-154,0
1422.4676649570463,10864,4760,10472,-15,21,82,10116,-9428,8036,-11,120,-170,-14928,4016,2732,-1094,70,-77,-14908,-2560,5380,-490,175,-147,0
1422.5028140544891,10956,4720,10632,-104,254,96,10176,-9500,8024,-58,147,-168,-15016,4064,2596,-1013,43,-29,-14924,-2552,5456,-507,113,-164,0
1422.5387310981753,10956,4820,10568,-79,-3,90,10172,-9560,8180,-65,146,-145,-15004,4124,2600,-1015,86,-38,-14916,-2584,5412,-260,112,-168,0
1422.5742530822754,10756,4756,10252,-108,12,131,10092,-9596,8232,-69,115,-150,-14968,3872,2680,-1032,110,-69,-14892,-2608,5324,-534,113,-136,0
1422.6097691059113,11232,4784,10496,-96,-48,98,10056,-9548,8296,-15,105,-187,-14780,4128,2672,-1044,100,-55,-14880,-2504,5368,-537,157,-124,0
1422.6454689502716,10960,4820,10508,-49,253,97,9988,-9428,8388,254,124,-172,-14856,4212,2668,-1029,115,-68,-14940,-2580,5348,-517,144,-143,0
1422.680943965912,10852,4700,10300,-112,-54,120,10212,-9692,8160,-18,98,-182,-15008,4320,2680,-1009,91,-44,-14960,-2476,5456,-494,125,-136,0
1422.7161090373993,10916,4800,10548,-126,6,91,10144,-9592,8136,-48,127,-170,-14996,4288,2644,-974,101,-30,-14992,-2544,5560,-489,145,-151,0
1422.752830028534,10916,4796,10636,-126,-40,102,10112,-9260,8280,-20,116,-171,-14920,4132,2656,-1010,122,-20,-14904,-2728,5320,-510,144,-149,0
1422.7884290218353,10912,4720,10580,-86,-60,119,10040,-9716,8148,-47,99,-169,-14940,4116,2584,-1017,110,-80,-14868,-2356,5464,-493,119,-126,0
1422.8220510482788,10792,4740,10516,-105,-59,110,10132,-9544,8112,-52,127,-172,-15048,4344,2652,-978,112,-85,-15092,-2580,5356,-503,154,-137,0
1422.8556020259855,10916,4684,10568,-127,-50,66,10124,-9624,8096,-42,128,-185,-14940,4156,2336,-965,116,-74,-14908,-2464,5248,-488,140,-146,0
1422.8890330791473,10940,4696,10620,-144,-26,109,10040,-9512,8188,-18,148,-168,-14936,4120,2672,-996,98,-27,-14900,-2548,5416,-484,146,-134,0
1422.9224200248718,10816,4724,10608,-144,-60,112,10064,-9516,8216,-4,147,-176,-14964,4088,2348,-1033,80,-86,-15056,-2556,5228,-487,134,-149,0
1422.9558520317078,11004,4708,10528,-169,-53,108,10092,-9560,8124,-15,139,-175,-15008,4172,2696,-1032,71,-131,-14960,-2420,5368,-471,179,-129,0
1422.9894409179688,10912,4816,10548,-150,-49,120,10120,-9504,8132,-14,119,-182,-14932,4180,2808,-769,101,-92,-14908,-2604,5124,-502,170,-130,0
1423.0231721401215,10988,5080,10572,-125,-75,90,10112,-9484,8128,-22,119,-181,-14892,4160,2668,-992,137,-69,-14888,-2796,5412,-491,158,-122,0
1423.0568990707397,10888,4744,10588,-97,-79,102,10060,-9540,8372,-59,90,-183,-14864,4092,2720,-984,128,-85,-14896,-2492,5388,-495,144,-138,0
1423.090490102768,10756,4788,10568,-111,-75,95,10144,-9580,7996,-48,139,-168,-14932,4228,2580,-1010,51,-43,-14896,-2516,5496,-269,157,-134,0
1423.1242289543152,10888,4752,10528,-179,-68,118,10056,-9596,8348,-4,159,-175,-14884,4096,2476,-1034,75,-83,-14900,-2596,5460,-479,152,-105,0
1423.1573519706726,10952,4808,10700,-146,-22,89,10036,-9520,8336,-53,145,-174,-14928,4116,2652,-769,94,-99,-14948,-2684,5396,-484,166,-155,0
1423.190938949585,10912,4740,10592,-149,-91,99,10176,-9560,8160,20,125,-220,-14932,4340,2612,-1019,68,-86,-14880,-2600,5304,-495,158,-162,0
1423.224303007126,11056,4612,10600,-106,-45,64,10148,-9596,8088,251,138,-213,-14872,4112,2692,-1028,13,-88,-14984,-2512,5192,-488,148,-194,0
1423.2576971054075,10860,4724,10588,-108,-65,32,10180,-9408,8152,10,243,-226,-14968,4148,2780,-991,-21,-92,-15036,-2680,5440,-437,145,-205,0
1423.2912089824677,10960,4928,10296,-204,-63,28,10020,-9396,8144,-31,274,-163,-15084,3908,2608,-941,11,-68,-14900,-2600,5396,-397,120,-152,0
1423.324429988861,10920,5108,10744,-298,-90,105,9852,-9472,8292,-78,199,-147,-14856,4248,2828,-905,142,-35,-15084,-2352,5320,-419,115,-62,0
1423.358011007309,10896,4852,10532,-257,-74,155,9996,-9552,8300,-56,157,-141,-14904,4148,2596,-987,146,-39,-14612,-2508,5460,-482,135,-49,0
1423.3913609981537,10884,4728,10560,-213,-101,185,9968,-9608,8180,36,78,-145,-14608,4124,2648,-1067,128,-45,-14888,-2584,5408,-526,164,-43,0
1423.4248659610748,10816,4804,10364,-167,-57,204,10016,-9604,8408,43,70,-154,-14908,4128,2400,-1071,147,-131,-15036,-2624,5468,-496,198,21,0
1423.458202123642,10712,4892,10632,-207,-152,231,9992,-9520,7984,-253,19,-192,-14944,4136,2568,-989,323,-160,-14888,-2592,5408,-766,222,62,0
1423.4917979240417,10756,4764,10268,-159,-149,237,10096,-9472,8164,-81,3,-219,-14968,4064,2660,-904,260,-111,-15016,-2464,5196,-523,198,10,0
1423.525463104248,11020,4800,10560,-153,-121,237,10444,-9552,8372,-73,108,-161,-15052,4064,2588,-926,193,-46,-15152,-2492,5244,-528,91,-28,0
1423.5588870048523,11148,4680,10432,-192,-59,201,10288,-9500,8148,-83,113,-108,-15028,4116,2660,-878,209,-43,-14852,-2428,5252,-493,69,-21,0
1423.5924501419067,11252,4708,10492,-262,11,136,10308,-9556,8136,-117,136,-130,-14944,4088,2448,-881,129,-6,-15312,-2376,5324,-466,40,-70,0
1423.6260800361633,11000,4516,10480,-290,-39,112,10132,-9668,8068,-87,205,-172,-14996,4144,2408,-935,76,3,-14928,-2336,5192,-474,106,-107,0
1423.659285068512,10904,4832,10696,-337,-46,80,10188,-9568,7956,-25,213,-153,-14956,4276,2480,-1011,35,-28,-14864,-2428,5348,-479,133,-99,0
1423.69291806221,10996,4672,10276,-338,-58,54,10020,-9628,8208,23,199,-198,-14900,4296,2680,-1032,25,-69,-14892,-2456,5168,-468,227,-93,0
1423.7266340255735,10716,4696,10780,-279,-85,61,10028,-9664,8304,27,191,-243,-14904,4252,2580,-1078,35,-178,-14796,-2456,5464,-502,212,-128,0
1423.7599511146545,10984,4740,10716,-224,-118,68,10232,-9612,8292,-14,200,-211,-15076,4232,2672,-999,92,-212,-15092,-2512,5144,-492,203,-116,0
1423.7959179878235,10816,4720,10588,-161,-142,107,10024,-9632,8404,-30,133,-236,-14904,4172,2612,-1005,117,-182,-14908,-2472,5256,-495,227,-75,0
1423.8312230110168,10832,4732,10548,-186,-165,131,10080,-9668,8136,-10,132,-235,-14976,4100,2584,-960,145,-152,-14924,-2596,5388,-466,224,-63,0
1423.8661530017853,11004,4712,10316,-257,-163,140,10116,-9392,8252,-28,113,-245,-15080,4068,2492,-929,156,-127,-15052,-2520,5252,-478,188,-76,0
1423.9023439884186,11248,4784,10572,-234,-176,136,10208,-9480,8128,-27,125,-224,-15024,4168,2568,-992,148,-80,-15108,-2408,4968,-759,208,-85,0
1423.93749499321,10816,4736,10668,-283,-149,145,10212,-9500,8132,15,125,-212,-14936,4100,2724,-982,117,-123,-15004,-2552,5264,-484,142,-71,0
1423.9725630283356,10984,4584,10604,-186,-78,119,10192,-9500,8248,-255,120,-187,-15040,4164,2444,-1008,122,-55,-15028,-2556,5156,-454,161,-111,0
1424.0076479911804,11092,4616,10668,-190,-104,125,10168,-9608,8116,33,124,-184,-14904,4176,2348,-1001,109,-121,-14908,-2388,5308,-479,174,-66,0
1424.043347120285,10948,4404,10680,-228,-96,133,10024,-9592,8204,40,103,-175,-14980,4116,2776,-1051,53,-73,-15020,-2396,5364,-491,91,-136,0
1424.079136133194,10928,4624,10564,-201,-10,159,10052,-9520,8172,-14,167,-112,-14972,4152,2532,-998,86,-34,-15012,-2328,5368,-509,85,-107,0
1424.1141159534454,10924,4608,10516,-225,-60,117,10068,-9508,8220,-34,179,-154,-14908,4216,2772,-967,104,-45,-14936,-2440,5348,-480,86,-96,0
1424.1492030620575,10840,4616,10788,-196,-73,137,10052,-9480,8196,-36,146,-166,-14976,4132,2716,-993,99,-112,-14976,-2420,5596,-489,136,-72,0
1424.1844201087952,10972,4652,10360,-157,-116,150,10100,-9592,8136,-24,124,-198,-15096,3992,2752,-1002,155,-75,-14836,-2492,5296,-475,182,-98,0
1424.2200031280518,10952,4644,10484,-166,-180,125,10056,-9480,8104,-26,119,-219,-14896,4144,2588,-1008,129,-128,-14916,-2380,5280,-477,206,-117,0
1424.2550139427183,10948,4632,10624,-162,-170,114,10068,-9468,8228,-28,118,-219,-14916,4128,2516,-1041,98,-120,-15024,-2512,5336,-494,186,-113,0
1424.2906501293185,10972,4780,10592,-150,-107,113,10112,-9596,8304,-10,119,-209,-14948,4196,2544,-1021,95,-130,-14968,-2544,5340,-508,165,-152,0
1424.327111005783,11048,4688,10616,-104,-108,93,10208,-9576,8308,-24,142,-199,-14980,4064,2432,-1049,84,-100,-15004,-2596,5416,-527,144,-136,0
1424.3621520996094,10976,4740,10428,-79,-79,110,10116,-9260,8308,-40,129,-157,-15000,4088,2688,-1042,107,-50,-14856,-2512,5220,-482,145,-125,0
1424.3982191085815,10952,4624,10564,-111,-91,108,10268,-9524,8436,-40,134,-176,-15000,4120,2484,-1021,96,-90,-15040,-2560,5408,-471,119,-135,0
1424.433660030365,11088,4640,10728,-99,-62,83,10184,-9704,7944,-85,127,-163,-14932,4144,2544,-1009,95,-81,-14992,-2512,5364,-493,95,-155,0
1424.4693040847778,10932,4616,10288,-70,-18,105,10072,-9548,8076,-76,123,-151,-15032,4184,2476,-999,82,-44,-15084,-2424,5324,-487,100,-140,0
1424.5029969215393,10932,4644,10544,-53,-11,104,10124,-9568,8024,-49,89,-175,-14968,3992,2512,-1279,151,-75,-14968,-2436,5372,-517,119,-152,0
1424.5366790294647,11028,4612,10596,-57,-73,94,10088,-9300,8252,-41,127,-121,-15056,4296,2488,-1039,93,-253,-14896,-2500,5340,-502,97,-157,0
1424.57004404068,11196,4612,10624,-67,-35,99,10220,-9524,8140,-28,157,-135,-14952,4100,2772,-1035,62,-48,-14612,-2540,5320,-539,114,-172,0
1424.603502035141,10900,4704,10628,-68,-21,80,10104,-9624,7944,-74,122,-175,-14932,4192,2456,-1041,112,-76,-14864,-2480,5468,-497,131,-171,0
1424.637216091156,11000,4648,10420,-29,-27,112,10204,-9588,8348,-57,120,-173,-15048,4200,2656,-1011,83,-45,-14928,-2528,5592,-528,117,-163,0
1424.6716001033783,10908,4624,10532,-80,-34,97,10176,-9564,7996,-37,90,-156,-14940,3876,2788,-1053,39,-65,-14692,-2444,5348,-762,142,-144,0
1424.7058370113373,10864,4684,10508,-60,-58,96,10156,-9468,8304,-28,122,-174,-14924,4116,2452,-1018,32,-113,-14924,-2592,5304,-503,141,-160,0
1424.7394170761108,10968,4712,10556,-62,-24,76,10204,-9592,8072,-97,168,-184,-14928,4056,2604,-773,54,-78,-14928,-2520,5444,-488,184,-206,0
1424.7729110717773,10896,4624,10400,-83,-57,46,10180,-9572,8152,-20,146,-180,-14892,4228,2540,-1033,53,-52,-14916,-2484,5300,-476,164,-155,0
1424.8066720962524,11040,4768,10524,-91,-254,72,10088,-9480,8172,254,110,-164,-14980,4188,2604,-1044,30,-29,-14928,-2676,5260,-498,135,-159,0
1424.840175151825,10880,4780,10368,-85,-17,92,10104,-9612,8120,-27,146,-144,-14908,4124,2624,-1019,64,-23,-14960,-2816,5328,-496,98,-128,0
1424.8736429214478,10900,4752,10624,-90,-52,84,10100,-9524,8160,-57,107,-138,-14928,4228,2712,-991,87,-56,-14896,-2556,5444,-479,83,-135,0
1424.9069750308993,10948,4776,10624,-115,-37,112,10004,-9488,8120,-59,110,-159,-14988,4260,2400,-996,106,-69,-15028,-2472,5156,-536,138,-133,0
1424.9405550956726,10924,4664,10444,-70,-45,110,10028,-9228,8068,-24,185,-126,-14976,4244,2552,-1056,123,-25,-14980,-2792,5332,-525,134,-158,0
1424.9740591049194,10924,4696,10612,-105,-17,102,10048,-9580,8188,-41,132,-159,-15036,4240,2788,-1035,121,-54,-14880,-2548,5500,-491,142,-152,0
1425.007628917694,10908,4808,10628,-118,-37,124,10068,-9532,8144,-21,134,-172,-14916,4184,2676,-1022,119,-90,-14996,-2308,5516,-463,162,-113,0
1425.0410771369934,10848,4732,10384,-136,-47,102,10048,-9548,8128,-15,152,-172,-14944,4168,2644,-777,99,-112,-14880,-2484,5340,-463,163,-126,0
1425.0743870735168,10880,4668,10664,-121,-52,75,10052,-9504,8240,-1,165,-157,-14924,4268,2444,-1033,122,-80,-14932,-2768,5424,-462,134,-134,0
1425.107939004898,10888,4740,10508,-134,-33,102,10072,-9532,8224,-17,140,-160,-14968,4064,2572,-995,129,-59,-14952,-2532,5512,-475,151,-124,0
1425.1412899494171,10896,4596,10660,-202,-71,103,9764,-9636,8084,-32,153,-194,-14976,4180,2592,-992,106,-122,-15008,-2776,5392,-466,110,-106,0
1425.1748170852659,10952,4800,10596,-217,-85,85,10104,-9680,8200,-35,169,-194,-15020,4316,2668,-995,78,-90,-14960,-2376,5372,-507,134,-121,0
1425.2084259986877,10812,4684,10720,-251,-98,113,10052,-9664,8176,51,134,-191,-14904,4172,2612,-1017,105,-108,-14908,-2328,5540,-466,174,-45,0
1425.241816997528,10752,4900,10464,-216,-127,161,9972,-9512,8352,-38,103,-213,-14884,4140,2644,-912,165,-125,-14936,-2616,5124,-504,171,-56,0
1425.2749090194702,10968,4784,10652,-201,-192,144,10164,-9592,8108,-95,137,-223,-14944,4188,2896,-889,166,-124,-14940,-2516,5508,-517,206,-82,0
1425.3084540367129,10940,4732,10512,-216,-159,120,10160,-9584,8180,-18,164,-204,-14960,4140,2584,-919,129,-147,-14912,-2720,5540,-499,122,-66,0
1425.3491380214691,10980,4728,10476,-508,-66,112,10056,-9252,8124,-255,190,-175,-15040,4108,2792,-921,123,-137,-14948,-2400,5340,-475,133,-68,0
1425.3833649158478,10956,4660,10452,-295,-44,97,10028,-9452,7952,9,167,-170,-15004,4116,2608,-934,119,-92,-15008,-2388,5388,-475,127,-67,0
1425.416962146759,10960,4700,10672,-295,-94,133,10108,-9496,8328,15,165,-222,-14908,4160,2768,-949,128,-122,-14940,-2584,5308,-457,153,-68,0
1425.4501819610596,10976,4652,10692,-280,-106,157,10080,-9544,8196,-10,151,-220,-14948,4164,2592,-998,174,-171,-14996,-2512,5284,-458,193,-86,0
1425.4874470233915,10752,4768,10532,-297,-175,142,10092,-9264,7980,3,190,-212,-14916,4188,2472,-965,137,-176,-14888,-2436,5452,-479,217,-56,0
1425.5229711532593,10856,4656,10556,-287,-145,144,10132,-9584,8188,21,125,-235,-15008,4160,2472,-1007,147,-111,-15000,-2480,5288,-482,182,-62,0
1425.5587079524994,11028,4632,10548,-512,-185,128,10136,-9556,8040,22,148,-199,-14968,4180,2548,-1055,97,-113,-14896,-2576,5408,-450,139,-101,0
1425.5936839580536,10924,4624,10684,-280,-146,148,10000,-9540,8168,10,184,-178,-14936,4336,2544,-1001,116,-113,-14988,-2452,5412,-442,126,-112,0
1425.6291370391846,10908,4688,10564,-511,-152,143,10064,-9548,8168,-16,141,-210,-14924,4140,2412,-975,131,-107,-15016,-2672,5212,-481,140,-101,0
1425.6645619869232,10952,4748,10368,-256,-203,153,10088,-9544,8440,-6,100,-210,-14900,4092,2560,-955,112,-120,-14948,-2492,5492,-474,202,-77,0
1425.700147151947,10992,4716,10536,-206,-187,183,10076,-9496,8016,3,126,-231,-14988,4140,2440,-953,147,-170,-14888,-2520,5452,-493,214,-70,0
1425.7354991436005,10952,4376,10448,-212,-173,159,10124,-9528,8276,15,81,-237,-14980,4140,2544,-964,128,-147,-14928,-2516,5340,-499,209,-58,0
1425.7712650299072,11004,4632,10436,-229,-187,171,10232,-9492,8104,27,98,-216,-14912,4184,2520,-996,147,-169,-15044,-2416,5396,-495,209,-77,0
1425.8071501255035,11052,4588,10380,-226,-181,139,10108,-9724,8308,45,119,-218,-14960,3848,2796,-1002,105,-184,-15076,-2464,5376,-472,190,-104,0
1425.8422861099243,11044,4620,10540,-219,-181,156,10128,-9236,8236,23,137,-223,-14944,4072,2480,-987,98,-155,-14956,-2448,5380,-486,208,-111,0
1425.877720117569,10928,4608,10480,-131,-120,104,10176,-9472,8324,-52,251,-255,-15088,4064,2592,-968,100,-94,-14912,-2436,5560,-489,177,-103,0
1425.9126410484314,11252,4360,10684,-131,-142,107,10028,-9444,8388,-82,103,-212,-14980,4140,2420,-997,74,-94,-14920,-2524,5348,-490,154,-130,0
1425.948704957962,11012,4356,10368,-66,-79,80,10204,-9488,8244,-106,133,-203,-14652,4004,2512,-1022,90,-72,-14964,-2520,5504,-522,154,-159,0
1425.9841809272766,11248,4652,10716,-101,-62,77,10076,-9496,8216,-39,140,-203,-14912,4064,2544,-1039,81,-67,-14952,-2360,5276,-502,180,-164,0
1426.0194840431213,10960,4836,10728,-72,-34,89,10184,-9552,8160,-10,128,-180,-14852,4116,2484,-1059,100,-89,-15016,-2480,5404,-457,135,-127,0
1426.0550100803375,10976,4616,10676,-90,-44,75,10124,-9520,8176,-7,128,-195,-14976,4056,2484,-1035,91,-43,-14924,-2456,5596,-470,149,-146,0
1426.0908551216125,10996,4680,10724,-71,-88,86,10096,-9284,8208,-47,123,-186,-14940,4308,2456,-1037,84,-32,-14928,-2544,5336,-493,140,-123,0
1426.1272339820862,10940,4672,10244,-38,-23,86,10152,-9700,8272,-73,112,-159,-14992,4168,2372,-983,85,-37,-14952,-2464,5316,-260,85,-153,0
1426.1605610847473,11024,4852,10908,-64,30,69,10072,-9544,8112,-88,133,-143,-15072,4232,2504,-1061,23,-31,-14940,-2448,5368,-515,62,-191,0
1426.1941950321198,10936,4696,10480,-98,-13,99,10064,-9452,8152,-11,145,-86,-15012,4104,2524,-1078,32,-39,-14956,-2668,5392,-494,60,-157,0
1426.2277050018313,10980,4644,10736,-54,78,95,10072,-9388,8208,-112,132,-119,-14944,3876,2676,-1008,76,-61,-14924,-2324,5136,-260,102,-154,0
1426.2611570358276,11256,4836,10636,-84,-49,91,10140,-9496,8236,-71,132,-179,-14608,4228,2412,-1278,104,-50,-14888,-2412,5172,-471,167,-113,0
1426.2944581508636,11216,4656,10332,-66,-18,89,10124,-9484,8192,-50,123,-143,-14968,4172,2604,-1080,44,-28,-15012,-2532,5184,-492,142,-139,0
1426.328057050705,10952,4672,10520,-43,252,96,10144,-9504,8208,-80,117,-155,-15028,4112,2572,-1030,75,-17,-15048,-2552,5160,-257,133,-159,0
1426.3617701530457,10928,4596,10596,-78,-256,98,10112,-9428,8124,-46,117,-189,-15024,4156,2612,-1032,79,-88,-14872,-2544,5408,-480,110,-185,0
1426.395276069641,11008,4680,10444,-12,17,52,10052,-9560,8248,-86,158,-187,-14912,4180,2592,-1035,32,-63,-15036,-2408,5324,-523,110,-200,0
1426.4288351535795,10940,4724,10496,-74,-15,88,10236,-9552,8132,-23,119,-180,-14956,4132,2520,-1052,82,-80,-14868,-2500,5280,-489,145,-147,0
1426.462543964386,10964,4700,10520,-66,-23,78,9972,-9724,8320,-38,124,-176,-14908,4128,2472,-1067,102,-57,-14908,-2348,5380,-492,159,-144,0
1426.495796918869,11004,4768,10472,-30,-67,85,10084,-9504,8424,-63,134,-162,-14956,4088,2620,-1040,80,-71,-15004,-2452,5436,-496,123,-145,0
1426.5292420387268,11020,4876,10624,-96,-38,99,10064,-9652,8364,-27,141,-152,-14988,4080,2776,-1034,74,-105,-14656,-2440,5132,-259,122,-150,0
1426.5629670619965,10816,4748,10604,-59,-8,111,10028,-9228,8444,-33,132,-134,-14932,4060,2688,-1033,112,-66,-15036,-2544,5584,-503,131,-142,0
1426.5966160297394,10828,4812,10552,-94,-4,106,10104,-9512,8196,-33,92,-159,-14992,4140,2460,-1039,125,-53,-14904,-2360,5396,-506,127,-139,0
1426.6301131248474,10976,4736,10580,-94,-54,72,10048,-9564,8312,-38,136,-170,-15032,4080,2416,-1011,78,-7,-14984,-2484,5316,-481,115,-148,0
1426.6636369228363,10752,4744,10604,-112,-17,62,9796,-9544,8136,-19,203,-172,-14924,4072,2560,-1033,111,-41,-14888,-2536,5352,-493,138,-137,0
1426.6974000930786,10832,4604,10456,-87,-40,76,10160,-9560,7984,-21,132,-177,-14980,4180,2544,-1275,107,-88,-15004,-2612,5396,-482,168,-139,0
1426.7307410240173,10996,4836,10584,-78,8,75,10064,-9220,8128,-40,117,-183,-15000,4136,2532,-772,86,-81,-14960,-2512,5328,-489,127,-147,0
1426.76433300972,10896,4756,10528,-109,-48,80,10176,-9532,8212,-26,144,-169,-14952,4156,2612,-1026,107,-51,-14992,-2532,5344,-476,132,-160,0
1426.797784090042,10804,4668,10484,-102,-50,81,9980,-9544,8200,-43,185,-190,-14872,4172,2532,-1039,80,-61,-14836,-2800,5396,-507,148,-135,0
1426.8315279483795,10824,4632,10820,-83,-37,85,10164,-9612,8392,-65,102,-181,-14988,3852,2780,-993,114,-68,-14956,-2476,5460,-257,149,-143,0
1426.8650019168854,10880,4748,10480,-119,-56,125,10124,-9544,8040,-34,125,-159,-15036,4140,2384,-1040,84,-109,-14996,-2316,5608,-516,151,-154,0
1426.8982830047607,10888,4732,10544,-154,-67,118,10096,-9512,8196,-17,192,-150,-14684,4304,2780,-1016,88,-82,-14984,-2624,5384,-486,118,-104,0
1426.9315509796145,10928,4728,10392,-138,-17,119,10064,-9472,7980,-68,154,-154,-14952,4108,2820,-1004,78,-37,-14976,-2492,5308,-504,131,-129,0
1426.9654281139374,10916,4784,10420,-184,-60,92,10172,-9540,8300,-60,117,-156,-14984,4036,2448,-969,78,-44,-14976,-2560,5532,-502,118,-158,0
1426.9990720748901,10872,4628,10640,-181,-32,92,10044,-9268,8300,252,143,-147,-14944,4104,2332,-1053,79,-61,-14888,-2680,5348,-450,156,-101,0
1427.0326249599457,10552,4732,10292,-225,-53,123,9980,-9436,8252,67,163,-180,-14996,4348,2796,-1006,98,-86,-14896,-2556,5544,-478,167,-75,0
1427.0661609172819,10708,4792,10564,-239,-107,126,10008,-9664,8248,-7,147,-228,-14892,4156,2604,-874,128,-129,-14884,-2740,5412,-472,157,-73,0
1427.0998079776764,10856,4696,10724,-241,-171,93,10060,-9512,8136,-35,117,-224,-14928,4180,2516,-875,134,-103,-14960,-2432,5420,-486,181,-83,0
1427.133154153824,10960,4728,10740,-227,-154,140,10088,-9628,8224,-8,170,-223,-14928,4116,2656,-918,86,-137,-15088,-2504,5588,-460,181,-90,0
1427.1701440811155,10860,4632,10576,-274,-105,118,10028,-9600,7948,-2,186,-176,-14948,4204,2692,-900,87,-151,-14972,-2528,5436,-500,145,-83,0
1427.2053451538086,11000,4704,10640,-296,-70,109,10140,-9528,8152,13,195,-194,-14968,4120,2512,-889,90,-130,-14928,-2396,5160,-461,134,-58,0
1427.24107503891,10896,4684,10548,-316,-95,134,10096,-9584,8212,72,140,-208,-14980,4064,2552,-942,110,-112,-14908,-2520,5356,-441,179,-79,0
1427.27623295784,10884,4372,10560,-299,-158,158,10036,-9524,8180,65,144,-222,-14908,4296,2808,-976,130,-168,-14992,-2480,5388,-465,224,-51,0
1427.3128290176392,10924,4748,10664,-289,-194,161,10128,-9528,8252,26,144,-232,-14864,4088,2516,-971,153,-124,-14932,-2308,5220,-465,178,-78,0
1427.3488340377808,10960,4656,10572,-289,-245,146,10024,-9560,8116,24,161,-256,-14896,4128,2668,-963,137,-147,-15024,-2504,5612,-466,215,-98,0
1427.3839900493622,10924,4672,10380,-267,-220,141,9872,-9728,8424,-13,114,-231,-15044,3856,2640,-954,117,-121,-15016,-2516,5340,-482,187,-62,0
1427.4197840690613,10972,4668,10728,-240,-176,148,10404,-9256,8184,-15,75,-224,-14956,4080,2448,-975,127,-109,-14940,-2540,5592,-478,191,-52,0
1427.4550609588623,10916,4852,10584,-253,-183,160,10136,-9220,8444,-12,105,-206,-14916,3872,2792,-961,156,-139,-14880,-2540,5332,-479,154,-70,0
1427.4909920692444,11088,4556,10584,-251,-169,158,10072,-9476,8196,8,114,-216,-15012,3976,2680,-1009,148,-121,-14972,-2384,5248,-473,190,-51,0
1427.5263640880585,10944,4584,10380,-212,-160,189,10272,-9368,8024,-24,66,-204,-15044,4252,2464,-992,169,-108,-15028,-2448,5300,-487,148,-85,0
1427.5621049404144,11068,4572,10644,-192,-170,141,10232,-9712,8388,21,107,-208,-14976,4076,2536,-1028,68,-81,-14896,-2492,5476,-485,166,-114,0
1427.5977251529694,11200,4372,10620,-243,-184,130,10152,-9480,8188,29,166,-200,-14864,4048,2384,-1043,49,-128,-14940,-2580,5392,-452,132,-129,0
1427.6327719688416,10928,4600,10604,-186,-122,120,10048,-9560,8252,-44,129,-208,-15052,4136,2620,-1010,105,-98,-15000,-2464,5568,-453,175,-114,0
1427.668168067932,11028,4608,10628,-247,-175,93,10092,-9716,8164,56,135,-191,-15048,4052,2532,-1060,86,-133,-14976,-2468,5424,-428,184,-155,0
1427.7036499977112,15812,6076,12612,-299,-64,-222,10104,-9432,8304,-6,127,-185,-15024,4060,2700,-1005,66,-86,-14908,-2464,5228,-436,127,-156,0
1427.739198923111,10940,4724,10676,-142,-80,87,10048,-9520,8384,-27,155,-210,-14828,4216,2572,-779,83,-92,-14952,-2500,5448,-477,138,-147,0
1427.7742590904236,11168,4676,10504,-68,-62,93,10080,-9464,8340,-102,97,-210,-14904,4048,2412,-1018,92,-127,-14908,-2556,5404,-539,179,-144,0
1427.8101150989532,10936,4516,10552,19,-73,82,10104,-9392,8264,-130,107,-210,-15000,4080,2696,-1001,104,-116,-14928,-2504,5316,-528,165,-161,0
1427.8437089920044,10976,4516,10432,-49,-128,84,10168,-9396,7960,-66,108,-215,-14920,4152,2664,-1051,131,-97,-14924,-2360,5304,-522,211,-123,0
1427.8771121501925,10964,4544,10480,-38,-54,84,10244,-9440,8140,-32,108,-166,-14984,4056,2408,-1104,121,-77,-14968,-2560,5276,-501,190,-113,0
1427.9105899333954,10948,4644,10408,-65,-38,101,10124,-9396,8316,-36,123,-170,-15068,4344,2720,-1026,116,-78,-15036,-2564,5396,-498,128,-141,0
1427.9441521167755,11052,4692,10616,-66,11,108,10180,-9492,8404,-67,132,-171,-15032,4084,2684,-1006,104,-65,-14988,-2484,5376,-510,90,-108,0
1427.9773681163788,10992,4684,10600,-66,-30,109,10120,-9500,8400,-72,110,-125,-14996,4112,2588,-1037,77,-21,-14944,-2464,5320,-269,84,-140,0
1428.0109889507294,10904,4736,10324,-42,-18,107,10156,-9508,8204,-75,113,-125,-14968,4048,2624,-1047,62,8,-14864,-2480,5484,-531,69,-145,0
1428.0445110797882,10960,4692,10512,-17,20,92,10108,-9500,7968,-108,138,-121,-15012,4084,2424,-994,89,-254,-14928,-2464,5368,-531,77,-173,0
1428.0781309604645,10860,4656,10292,-45,-23,91,10048,-9452,8052,-114,168,-162,-14968,4100,2516,-1005,80,-53,-15008,-2532,5408,-496,102,-162,0
1428.1117510795593,10936,4596,10548,-54,-28,86,10072,-9600,8128,-66,100,-138,-14904,4080,2760,-1028,95,-107,-15000,-2484,5344,-763,147,-152,0
1428.1450641155243,10848,4628,10520,-64,-59,68,10088,-9612,8172,-46,121,-212,-14956,4180,2480,-1047,111,-45,-14900,-2448,5380,-478,177,-116,0
1428.1782290935516,10968,4688,10464,-92,-53,86,10056,-9728,8248,-55,119,-213,-14888,4180,2716,-982,111,-71,-14932,-2456,5424,-495,187,-170,0
1428.2118320465088,11044,4708,10656,-60,-79,82,10056,-9536,8364,-49,115,-172,-14960,4176,2728,-1019,87,-72,-15024,-2488,5448,-543,171,-161,0
1428.2454731464386,10888,4424,10564,-100,-63,74,9980,-9544,8272,-37,147,-170,-14916,4344,2468,-1038,36,-86,-14892,-2348,5804,-522,157,-169,0
1428.2791719436646,10756,4764,10404,-58,-12,87,10028,-9408,8244,-41,135,-183,-14920,4140,2516,-1032,58,-68,-14932,-2536,5400,-764,137,-186,0
1428.31258392334,10840,4700,10256,-41,-32,50,10000,-9284,8208,-83,167,-144,-14912,4112,2376,-1022,59,-16,-15016,-2512,5320,-762,149,-164,0
1428.3462281227112,11124,4692,10564,-142,-8,50,10132,-9524,8056,7,130,-157,-14988,4152,2420,-1014,67,-21,-14884,-2432,5188,-490,122,-167,0
1428.3797011375427,10776,4700,10648,-107,26,117,10156,-9456,8156,-16,123,-160,-14968,4076,2712,-1033,58,-39,-14868,-2804,5264,-473,140,-159,0
1428.412934064865,10816,4800,10532,-96,-18,81,10128,-9540,8276,-68,121,-175,-14868,3868,2652,-993,91,-51,-15032,-2536,5400,-506,105,-149,0
1428.4467239379883,10944,4764,10664,-102,-32,67,10168,-9644,8212,-70,117,-164,-14864,4132,2584,-989,67,-53,-14972,-2468,5416,-496,151,-136,0
1428.4801559448242,10900,4740,10392,-83,-34,96,10080,-9548,8328,-36,124,-165,-14948,4176,2508,-1009,78,-50,-14940,-2640,5360,-522,149,-129,0
1428.5135719776154,10860,4652,10480,-74,-42,107,10068,-9416,8268,-19,101,-146,-14888,4172,2576,-1071,96,-32,-14904,-2492,5304,-514,128,-158,0
1428.5471980571747,10712,4820,10676,-39,17,107,9780,-9604,8204,-31,172,-138,-15100,4124,2516,-1076,113,-46,-14888,-2500,5496,-514,142,-143,0
1428.5804929733276,10892,4696,10624,-105,-24,130,10056,-9544,7988,-23,137,-160,-14924,4148,2652,-1004,100,-68,-14884,-2604,5404,-498,124,-129,0
1428.6140179634094,10868,4772,10684,-123,-27,114,9992,-9572,8220,-19,129,-179,-14940,4164,2484,-962,125,-38,-15024,-2440,5388,-474,154,-130,0
1428.6473050117493,10760,4764,10524,-145,-56,116,10056,-9588,8228,8,134,-165,-14908,4212,2488,-995,142,-71,-14884,-2640,5372,-476,181,-96,0
1428.6805930137634,10812,4744,10528,-235,-78,118,10036,-9540,8216,28,128,-192,-14968,4096,2556,-1264,168,-100,-14880,-2544,5432,-457,218,-68,0
1428.7142109870913,10840,4784,10644,-202,-131,149,10104,-9580,8200,-26,130,-203,-15060,4224,2756,-943,124,-141,-15092,-2736,5468,-473,170,-100,0
1428.74773812294,10868,4840,10596,-167,-116,100,10228,-9620,8048,-102,154,-203,-15036,4348,2476,-958,75,-95,-15072,-2560,5592,-501,89,-140,0
1428.7812740802765,10968,4700,10284,-144,-74,93,10216,-9680,7936,-23,147,-155,-14888,3988,2752,-999,47,-43,-14880,-2344,5304,-491,84,-154,0
1428.8149139881134,10860,4712,10404,-162,34,55,10068,-9552,8228,-39,173,-163,-14968,4148,2796,-984,113,-66,-14884,-2496,5592,-501,161,-108,0
1428.8517260551453,10960,4728,10472,-180,-14,102,9828,-9572,8224,-45,138,-184,-14988,4340,2576,-990,103,-50,-14984,-2516,5376,-497,119,-97,0
1428.8876309394836,11208,4740,10276,-171,-20,136,10144,-9480,8292,-73,111,-158,-15004,4140,2796,-952,117,-67,-14980,-2744,5192,-487,139,-96,0
1428.9227380752563,10848,4780,10464,-169,-13,130,10104,-9552,7940,-42,117,-152,-15064,4316,2632,-1020,152,-52,-14948,-2796,5124,-484,174,-109,0
1428.9588360786438,10904,4712,10596,-141,-20,83,10016,-9520,8152,-34,123,-177,-14980,4088,2740,-1274,123,-124,-15008,-2580,5408,-489,155,-139,0
1428.9940841197968,10972,4768,10684,-166,-50,93,10120,-9552,8276,-45,126,-186,-14916,4180,2708,-991,132,-54,-14952,-2524,5368,-490,125,-153,0
1429.0294671058655,10808,4684,10692,-150,-15,87,10024,-9588,8248,-36,185,-196,-15040,4148,2616,-970,87,-60,-14896,-2592,5416,-473,152,-123,0
1429.0645670890808,10880,4716,10432,-194,-33,84,10112,-9524,8136,-20,160,-203,-14856,4176,2584,-977,136,-113,-14948,-2616,5404,-479,148,-89,0
1429.100280046463,10880,4692,10704,-172,-63,82,10112,-9544,8128,-42,148,-212,-14964,4188,2804,-980,122,-103,-14888,-2444,5352,-482,170,-96,0
1429.1352999210358,10836,4800,10692,-146,-117,122,10088,-9340,8308,-20,128,-181,-14916,4148,2436,-980,98,-100,-14932,-2516,5416,-474,161,-110,0
1429.1713399887085,10840,4692,10620,-137,-102,104,10000,-9512,8080,-17,122,-189,-14952,4132,2576,-974,152,-100,-14972,-2520,5352,-472,152,-85,0
1429.2074880599976,10888,5048,10572,-167,-97,142,10044,-9536,8172,-32,137,-199,-14968,4196,2616,-988,117,-52,-15020,-2464,5380,-487,194,-119,0
1429.2424459457397,10872,4732,10700,-176,-101,119,10200,-9540,8136,-28,150,-197,-14928,4132,2484,-968,113,-64,-15128,-2792,5448,-507,156,-116,0
1429.2786769866943,11000,4708,10468,-151,-45,110,10008,-9524,7956,-43,139,-154,-14964,4056,2848,-978,89,-64,-14964,-2488,5340,-502,114,-123,0
1429.313684940338,10948,4744,10500,-160,-27,102,10144,-9516,8128,-31,140,-170,-14836,4076,2448,-1001,73,-62,-14924,-2580,5296,-489,100,-135,0
1429.3488020896912,10876,4744,10748,-219,-32,105,10060,-9472,8112,-20,172,-170,-14952,4336,2552,-976,120,-90,-14876,-2472,5328,-486,147,-116,0
1429.3837070465088,10908,4736,10492,-224,-91,134,10000,-9488,7960,-17,140,-188,-14856,4216,2588,-976,133,-124,-14944,-2544,5452,-494,169,-86,0
1429.419156074524,10840,4680,10708,-214,-150,136,10108,-9616,8220,-33,105,-206,-14908,4336,2652,-974,148,-85,-14932,-2536,5388,-477,175,-54,0
1429.4540741443634,10740,4444,10696,-186,-128,126,10060,-9432,8444,-48,146,-208,-14848,4188,2592,-936,108,-91,-14952,-2544,5436,-473,173,-106,0
1429.490786075592,10940,4468,10572,-221,-134,132,10048,-9516,8196,3,181,-211,-14836,4176,2804,-978,119,-101,-14908,-2444,5544,-502,158,-100,0
1429.5244059562683,10900,4672,10552,-239,-150,154,10044,-9500,7964,254,161,-199,-14904,4260,2484,-972,157,-146,-14880,-2560,5308,-470,178,-62,0
1429.5577249526978,10836,4836,10724,-263,-141,135,10076,-9500,8060,-18,153,-208,-14948,4196,2324,-919,161,-167,-14916,-2468,5320,-463,158,-78,0
1429.5914599895475,10972,4680,10628,-3,-183,144,10116,-9476,8180,22,163,-210,-15024,4208,2340,-1007,132,-124,-14960,-2484,5296,-481,189,-78,0
1429.6248891353607,10912,4724,10696,-305,-254,144,10080,-9464,8188,36,157,-214,-14936,4076,2536,-1040,110,-166,-14912,-2512,5364,-457,194,-57,0
1429.6577229499817,10924,4740,10548,-233,-192,150,10132,-9728,8132,-12,139,-231,-15032,4092,2548,-979,134,-157,-14936,-2600,5260,-466,202,-66,0
1429.6913180351255,10984,4532,10552,-290,-246,116,10088,-9536,8208,33,137,-265,-14952,4184,2488,-1007,157,-156,-14972,-2536,5368,-442,208,-54,0
1429.7246980667114,10932,4700,10364,-282,-163,150,10084,-9520,7940,60,142,-225,-14928,4140,2692,-1073,57,-130,-14892,-2488,5240,-460,190,-98,0
1429.7583601474762,11008,4568,10568,-245,-161,134,10120,-9544,8108,25,183,-187,-15016,4024,2532,-1039,54,-93,-15000,-2492,5232,-473,114,-152,0
1429.7919480800629,10876,4676,10720,-271,-123,121,10048,-9464,8176,-12,166,-191,-15048,4328,2796,-975,111,-75,-14916,-2444,5572,-489,100,-127,0
1429.8255181312559,10856,4652,10552,-187,-120,132,10080,-9516,8248,-36,122,-193,-14876,4136,2516,-986,146,-168,-14864,-2496,5372,-487,173,-99,0
1429.8586740493774,10948,4584,10680,-191,-174,121,10132,-9428,8104,-57,105,-248,-14908,3964,2380,-1012,159,-145,-14928,-2432,5248,-488,227,-67,0
1429.8921821117399,11012,4636,10508,-120,-192,126,10060,-9452,8164,-89,49,-1,-14936,4104,2760,-968,145,-80,-14960,-2544,5204,-257,214,-94,0
1429.9257159233093,10936,4564,10492,-112,-224,114,10068,-9284,8224,-47,117,-224,-14872,4076,2712,-1012,123,-94,-14892,-2516,5172,-499,175,-123,0
1429.9591491222382,10992,4660,10304,-138,-114,113,10168,-9480,8120,-72,103,-188,-15004,4056,2472,-1270,95,-94,-14916,-2448,5300,-510,166,-107,0
1429.9927089214325,10988,4624,10700,-54,-88,76,10208,-9440,8100,-42,106,-199,-15068,3968,2592,-1035,118,-95,-14992,-2404,5600,-517,156,-127,0
1430.0263891220093,10924,4624,10524,-76,-42,87,10076,-9592,8056,-21,107,-192,-14940,4028,2316,-1047,86,-64,-15052,-2444,5368,-505,139,-145,0
1430.0597190856934,11060,4684,10748,-129,-43,72,10040,-9716,8364,-42,118,-193,-14996,4040,2496,-982,76,-53,-15000,-2456,5192,-470,168,-123,0
1430.0931310653689,10936,4668,10364,-84,-75,79,10048,-9376,8076,-46,111,-203,-14956,4124,2516,-991,51,-70,-14908,-2468,5424,-512,160,-146,0
1430.1269109249115,10944,4664,10516,-90,-74,93,10196,-9496,8156,-49,130,-192,-14864,4080,2640,-962,48,-60,-15052,-2492,5208,-496,144,-154,0
1430.1601281166077,10868,4704,10612,-47,-50,89,10136,-9428,8372,-38,135,-188,-14904,4116,2692,-1003,99,-74,-14956,-2500,5240,-489,120,-161,0
1430.1937079429629,10932,4732,10412,-123,-28,102,10040,-9436,8168,-34,110,-172,-15040,4100,2468,-974,122,-26,-15000,-2476,5324,-455,95,-126,0
1430.2273619174955,10988,4612,10624,-95,-36,91,10100,-9596,8048,-49,98,-126,-14928,4108,2672,-1019,90,-4,-14912,-2500,5376,-502,133,-145,0
1430.2607491016388,11256,4764,10556,-98,-34,84,10048,-9412,8168,-28,120,-158,-14608,4280,2704,-1050,77,-36,-15012,-2552,5132,-500,92,-145,0
1430.2946679592133,11044,4804,10508,-44,-10,94,10092,-9508,8352,-65,89,-134,-14884,4188,2612,-1277,135,-42,-14876,-2348,5448,-500,117,-130,0
1430.3282220363617,10924,4692,10520,-53,-45,109,10152,-9300,8248,-108,97,-167,-14988,4084,2340,-1045,85,-90,-14884,-2396,5332,-509,150,-141,0
1430.364494085312,11036,4644,10608,-67,-31,107,10112,-9412,8128,-55,100,-161,-14904,4068,2572,-1055,93,-75,-14864,-2528,5392,-261,144,-131,0
1430.3985481262207,11004,4672,10476,-39,-21,91,10188,-9256,8176,-18,108,-120,-14996,4040,2552,-1041,61,209,-14956,-2508,5136,-527,112,-187,0
1430.4321150779724,11256,4700,10288,-70,13,72,10156,-9568,7992,-69,140,-132,-15112,4208,2552,-1015,44,249,-14988,-2448,5444,-497,71,-169,0
1430.4655950069427,10976,4708,10500,-90,-16,115,10100,-9620,8220,-75,136,-137,-14900,4112,2808,-771,69,-29,-14964,-2520,5324,-492,100,-170,0
1430.4989070892334,10912,4720,10672,-106,6,79,10068,-9468,8396,-26,138,-142,-14940,4116,2660,-1040,100,-42,-14860,-2536,5300,-520,139,-157,0
1430.5374341011047,10808,4796,10304,-73,-14,93,9960,-9460,8244,-28,100,-147,-14868,4112,2468,-1051,107,-40,-14680,-2564,5168,-532,170,-154,0
1430.5727519989014,10972,4640,10580,-64,-43,120,10084,-9556,8272,-55,98,-181,-14956,4156,2316,-1030,116,-120,-14892,-2572,5384,-515,178,-141,0
1430.6087610721588,10828,4724,10300,-81,-64,94,10204,-9556,8328,-30,144,-183,-14956,4188,2776,-1043,115,-52,-14872,-2320,5412,-765,165,-143,0
1430.6438970565796,10952,4792,10604,-70,-68,93,10064,-9452,8156,-38,112,-176,-14996,4080,2592,-1014,87,-88,-14936,-2616,5536,-520,160,-160,0
1430.6789281368256,10828,4816,10240,-106,-70,89,9996,-9228,7940,-17,122,-161,-14944,4132,2500,-995,121,-65,-15056,-2500,5412,-475,131,-133,0
1430.7141349315643,10860,4736,10652,-111,-72,93,10172,-9552,8024,-57,142,-171,-14992,4152,2600,-975,104,-120,-15004,-2464,5424,-487,154,-133,0
1430.7498631477356,10956,4728,10432,-120,-73,84,10084,-9476,8236,-22,133,-166,-14920,4164,2660,-1011,119,-61,-14940,-2508,5372,-475,136,-141,0
1430.7855899333954,10932,4748,10532,-145,-37,82,10072,-9476,8188,-34,143,-150,-15004,4128,2516,-1022,99,-102,-14884,-2612,5404,-496,132,-110,0
1430.8211431503296,10840,4796,10468,-190,-82,122,10084,-9552,8408,-11,157,-209,-14992,4128,2616,-960,107,-81,-14944,-2816,5428,-493,167,-97,0
1430.8571701049805,10904,4692,10616,-212,-61,110,10176,-9608,8116,-27,159,-182,-14924,4168,2556,-971,134,-74,-14924,-2464,5408,-508,140,-97,0
1430.8923370838163,10876,4696,10536,-193,-107,140,10124,-9540,8184,-22,148,-178,-14980,4164,2568,-982,96,-73,-15020,-2548,5392,-526,144,-93,0
1430.92781996727,10884,4764,10528,-171,-102,152,10256,-9428,8328,-52,122,-156,-14916,4108,2592,-981,143,-101,-14864,-2576,5196,-529,93,-68,0
1430.9628939628599,10876,4892,10600,-223,-134,125,10068,-9556,8232,-91,164,-178,-14936,4144,2544,-954,129,-118,-15056,-2540,5392,-510,182,-68,0
1430.9982471466064,11184,4684,10576,-250,-103,109,10152,-9540,8284,-7,144,-213,-14880,4100,2680,-1008,123,-111,-15080,-2408,5436,-449,194,-54,0
1431.0336661338806,10844,4824,10532,-1,-100,133,10120,-9584,8076,253,150,-201,-15052,4100,2748,-979,144,-132,-14952,-2760,5488,-464,174,-74,0
1431.0691890716553,10852,4676,10656,-299,-123,138,10096,-9680,7944,-18,164,-211,-14952,4100,2508,-904,114,-117,-14872,-2744,5396,-434,149,-63,0
1431.1049659252167,10908,4748,10600,-326,-151,129,10160,-9596,8208,-32,162,-233,-15012,4188,2552,-946,148,-144,-14972,-2452,5572,-452,221,-81,0
1431.1407301425934,11040,4776,10376,-272,-186,156,10108,-9588,8252,248,161,-233,-14872,4320,2372,-964,135,-203,-14944,-2484,5332,-473,220,-81,0
1431.176679134369,10940,4676,10516,-239,-187,161,10080,-9440,8104,19,184,-221,-14980,4156,2396,-998,95,-156,-14872,-2488,5272,-475,176,-67,0
1431.2101590633392,10972,4756,10568,-259,-166,145,10060,-9588,8028,29,153,-212,-14936,4172,2572,-1052,95,-125,-14868,-2524,5136,-472,194,-95,0
1431.243731021881,10948,4768,10596,-267,-145,123,10104,-9532,8432,14,172,-194,-14972,4060,2600,-1011,81,-100,-15016,-2516,5548,-471,157,-90,0
1431.277174949646,11048,4644,10516,-246,-157,125,10092,-9496,8184,4,135,-210,-14964,4100,2664,-996,130,-133,-14964,-2548,5356,-470,163,-65,0
1431.3111500740051,10912,4664,10476,-243,-162,102,10160,-9484,8204,-24,114,-215,-14988,4008,2556,-1026,136,-136,-14944,-2444,5344,-464,174,-102,0
1431.3443570137024,10948,4668,10724,-209,-152,137,10180,-9228,8416,-21,132,-212,-14864,4144,2736,-979,130,-146,-14900,-2524,5320,-473,179,-103,0
1431.3776569366455,10960,4720,10528,-233,-176,139,10044,-9580,8200,-22,149,-193,-15056,4100,2460,-962,144,-79,-14984,-2432,5428,-477,144,-65,0
1431.4110729694369,11104,4620,10672,-207,-160,128,10188,-9564,8236,-2,115,-194,-15040,4124,2608,-1003,112,-118,-15000,-2560,5264,-476,155,-84,0
1431.444725036621,11024,4600,10240,-188,-160,127,10144,-9544,8256,16,128,-195,-15012,3904,2476,-1008,134,-161,-15012,-2424,5316,-499,180,-92,0
1431.4781880378723,11232,4832,10680,-219,-137,120,10212,-9480,8240,18,131,-218,-14940,4064,2448,-1015,129,-125,-14916,-2436,5280,-467,177,-103,0
1431.51176404953,11000,4856,10496,-204,-143,135,10140,-9520,8124,-37,143,-206,-14984,3872,2768,-971,144,-93,-14996,-2464,5408,-492,146,-116,0
1431.5451400279999,11016,4824,10496,-93,-144,130,10164,-9592,8232,-83,110,-199,-15024,4148,2544,-1034,131,-60,-15056,-2348,5464,-521,171,-116,0
1431.5787150859833,11048,4644,10688,-120,-121,107,10476,-9520,8128,-55,116,-179,-14936,4092,2392,-1081,83,-77,-14920,-2496,5416,-501,132,-102,0
1431.6123440265656,11240,4636,10248,-45,-42,110,10104,-9492,8272,-75,140,-160,-14968,4040,2468,-1279,95,-95,-14928,-2508,5320,-508,162,-112,0
1431.6453881263733,11060,4568,10520,-68,-44,94,10148,-9560,8244,-38,119,-195,-14976,4100,2616,-1020,107,-71,-15000,-2384,5288,-463,168,-148,0
1431.6790249347687,11076,4576,10588,-130,-21,83,10080,-9296,8176,15,135,-182,-15040,4112,2540,-1099,81,-68,-14864,-2352,5264,-459,148,-157,0
1431.7124729156494,10996,4712,10400,-88,-40,61,10108,-9488,8112,-15,173,-145,-15044,3996,2716,-1043,47,-13,-14940,-2544,5172,-508,116,-185,0
1431.745770931244,10912,4584,10268,-101,39,39,10028,-9532,8252,-40,152,-151,-14892,4276,2568,-1006,39,-22,-15008,-2496,5596,-531,53,-158,0
1431.7792840003967,10920,4732,10540,-92,-15,106,9984,-9528,8140,-67,157,-154,-14904,3916,2552,-1010,75,-77,-14948,-2420,5508,-520,103,-120,0
1431.8129301071167,10768,4720,10716,-59,-9,49,10056,-9532,8240,-76,116,-161,-14992,4100,2648,-1005,89,-60,-14956,-2308,5128,-505,126,-138,0
1431.846687078476,10912,4636,10532,-119,-67,105,10124,-9232,8232,-52,147,-161,-14896,4160,2664,-1012,76,-42,-14932,-2492,5372,-745,127,-126,0
1431.8800690174103,10924,4640,10504,-96,-51,113,10036,-9500,8176,-71,131,-172,-14916,4088,2528,-995,121,-54,-14960,-2484,5292,-494,134,-99,0
1431.9136221408844,10768,4636,10292,-116,-59,99,10116,-9492,8280,-46,137,-183,-14848,4100,2624,-1009,118,-87,-14972,-2500,5496,-482,139,-107,0
1431.9471399784088,11132,4648,10572,-75,-45,89,10052,-9568,8168,-51,136,-154,-14940,4172,2616,-992,113,-65,-15016,-2476,5316,-503,154,-137,0
1431.9805481433868,10952,4736,10528,-44,-31,128,10016,-9588,8120,-19,99,-176,-14976,4168,2632,-1013,113,-73,-14996,-2536,5304,-504,159,-153,0
1432.014230966568,10844,4736,10540,-68,-59,128,10104,-9584,8164,-52,97,-177,-15024,4080,2448,-979,101,-29,-14692,-2544,5412,-497,170,-136,0
1432.047891139984,11020,4648,10352,-87,-50,92,10224,-9520,8292,-52,131,-202,-15004,4060,2572,-982,84,-32,-14944,-2424,5472,-481,161,-142,0
1432.081650018692,10924,4680,10620,-89,-46,77,10176,-9488,8148,-43,142,-195,-15024,4064,2604,-1000,55,-71,-15048,-2524,5372,-510,129,-147,0
1432.115268945694,10888,4692,10596,-79,-30,85,10060,-9532,8176,-11,115,-188,-14968,4104,2560,-1037,75,-82,-14984,-2376,5288,-494,173,-146,0
1432.148458957672,10920,4680,10488,-70,-44,92,10236,-9388,8108,-30,107,-179,-14916,4100,2632,-1059,72,-59,-14944,-2616,5620,-497,187,-132,0
1432.1814861297607,10856,4724,10596,-102,-19,79,10228,-9532,8168,-49,124,-161,-14976,4136,2428,-772,73,-41,-15016,-2524,5400,-502,116,-121,0
1432.219164133072,11068,4616,10512,-64,-22,98,10056,-9488,8060,-53,116,-155,-14864,4176,2580,-1010,41,-34,-14976,-2524,5468,-536,132,-156,0
1432.2545819282532,10960,4668,10584,-110,-23,93,9984,-9540,7948,-28,124,-163,-14916,4180,2584,-1054,42,-82,-14712,-2344,5248,-518,134,-136,0
1432.2905430793762,10916,4772,10580,-38,-28,82,10108,-9540,8240,-73,134,-162,-14912,4012,2508,-1019,70,-39,-14932,-2536,5352,-507,149,-142,0
1432.3255100250244,10928,4720,10748,-106,-65,73,10132,-9532,8144,-48,163,-170,-14920,4172,2572,-1016,100,-57,-14860,-2544,5384,-486,145,-122,0
1432.361841917038,10980,4748,10424,-114,252,71,9852,-9468,8048,-17,147,-173,-14860,4324,2700,-1066,75,-31,-14904,-2496,5420,-488,161,-143,0
1432.397609949112,10864,4760,10448,-73,-7,90,10228,-9488,8140,-22,90,-168,-14900,4332,2416,-1037,85,-50,-14944,-2308,5308,-493,120,-138,0
1432.4329690933228,10984,4792,10656,-72,-14,79,10132,-9564,8432,-62,140,-160,-14960,4156,2788,-991,97,-94,-14932,-2540,5464,-474,130,-194,0
1432.468689918518,10936,4792,10640,-139,-46,89,10044,-9488,8252,-43,140,-158,-15036,4096,2636,-1004,81,-74,-14616,-2516,5288,-523,154,-149,0
1432.5037310123444,10880,4708,10408,-124,-67,86,10236,-9492,7996,-254,117,-174,-14864,4132,2524,-1009,76,-55,-14960,-2500,5420,-503,172,-143,0
1432.5396089553833,10912,4784,10672,-79,-36,87,10088,-9560,8152,-24,113,-184,-14908,4108,2452,-1049,79,-42,-14892,-2484,5512,-763,177,-141,0
1432.5750799179075,10912,4772,10556,-107,-66,102,9844,-9492,8152,27,201,-195,-14652,4212,2756,-1274,82,-61,-14944,-2336,5404,-490,134,-119,0
1432.6110401153564,10964,4696,10424,-146,-12,118,10108,-9524,8324,-36,115,-181,-14640,4136,2600,-1004,97,-59,-14980,-2796,5348,-477,170,-124,0
1432.646070957184,10856,5092,10564,-167,-67,114,10064,-9564,8156,-25,124,-173,-14988,4156,2752,-1008,119,-38,-14916,-2540,5312,-493,146,-115,0
1432.6825060844421,10864,4852,10388,-144,-70,156,10148,-9540,8376,-49,94,-179,-14992,4248,2484,-1009,125,-94,-14984,-2612,5380,-501,146,-136,0
1432.718143939972,10900,4760,10584,-141,-63,117,10156,-9580,8152,-49,126,-191,-15016,4088,2536,-942,134,-86,-14984,-2504,5380,-496,155,-114,0
1432.7536549568176,10944,4804,10440,-146,-50,101,10088,-9468,8244,-60,98,-172,-15000,4068,2412,-986,101,-72,-14992,-2460,5344,-491,156,-92,0
1432.7895119190216,10924,4764,10644,-164,-35,97,10132,-9508,8224,-20,162,-166,-14960,4044,2508,-976,95,-110,-14972,-2616,5412,-472,136,-111,0
1432.8247570991516,10940,4788,10732,-192,-64,106,10160,-9548,8196,5,159,-174,-15024,4232,2700,-1003,110,-87,-14892,-2556,5448,-480,156,-97,0
1432.8605380058289,10892,4648,10544,-175,-60,113,10060,-9552,8160,-21,152,-205,-14980,4168,2400,-995,107,-83,-14932,-2540,5328,-484,153,-91,0
1432.8939230442047,10872,4712,10608,-184,-76,122,10068,-9700,8244,-16,160,-211,-14868,4100,2536,-997,105,-122,-14960,-2604,5356,-508,132,-105,0
1432.9274010658264,10912,4844,10748,-210,-94,109,10008,-9636,8184,-42,153,-222,-14908,4080,2608,-943,156,-132,-14940,-2516,5384,-473,150,-62,0
1432.9611449241638,10840,4756,10680,-255,-92,102,9980,-9516,8192,-45,150,-223,-14900,4156,2796,-933,100,-154,-14960,-2436,5424,-491,146,-71,0
1432.9947640895844,10924,4784,10640,-220,-82,103,10124,-9608,8168,-54,164,-196,-15012,4100,2472,-928,88,-96,-14984,-2784,5424,-489,128,-102,0
1433.0281281471252,10840,4712,10700,-283,-102,110,10104,-9524,8244,-20,180,-218,-14844,4324,2712,-956,68,-96,-14796,-2328,5564,-484,182,-96,0
1433.0617880821228,10912,4820,10468,-297,-135,120,10040,-9424,7992,-14,178,-199,-15104,4140,2540,-944,115,-114,-14928,-2528,5404,-447,161,-42,0
1433.0955419540403,10888,4752,10684,-273,-137,107,10076,-9484,8228,-13,179,-510,-14944,4180,2464,-931,132,-131,-14936,-2416,5384,-445,223,-73,0
1433.1291480064392,10860,4708,10736,-284,-174,137,10108,-9520,8100,32,154,-238,-14900,4076,2476,-971,142,-172,-14960,-2432,5288,-439,185,-66,0
1433.162477016449,10840,4680,10540,-275,-144,158,10120,-9536,8172,50,138,-180,-14968,4248,2592,-974,152,-161,-14908,-2532,5392,-487,160,-58,0
1433.1960599422455,10932,4728,10544,-290,-135,150,10068,-9544,8236,234,162,-196,-14956,3868,2556,-948,135,-110,-15000,-2456,5268,-466,129,-86,0
1433.2294290065765,10816,4728,10692,-290,-189,141,10048,-9716,8224,-250,150,-220,-15016,4220,2508,-971,123,-98,-15088,-2544,5432,-478,128,-77,0
1433.2631721496582,10952,4772,10688,-268,-153,148,10132,-9436,8184,-16,155,-208,-15016,4120,2332,-992,137,-121,-14976,-2476,5252,-465,154,-70,0
1433.2968571186066,10964,4588,10508,-265,-198,133,10148,-9576,8284,8,162,-242,-14920,4144,2552,-1273,125,-145,-14940,-2716,5196,-467,169,-85,0
1433.3303599357605,10940,4608,10468,-203,-149,137,10064,-9500,8168,254,149,-206,-14996,4028,2552,-1270,126,-158,-14996,-2560,5380,-473,183,-69,0
1433.3637399673462,10864,4660,10764,-232,-145,121,10152,-9516,8136,-251,144,-195,-15024,4128,2524,-1008,169,-107,-14988,-2500,5396,-480,150,-99,0
1433.3971199989319,10920,4692,10572,-184,-124,128,10164,-9512,8252,-7,113,-200,-15000,4176,2508,-1029,131,-99,-14992,-2432,5120,-479,178,-101,0
1433.4304089546204,11212,4400,10640,-209,-131,149,10216,-9488,8204,-29,132,-199,-14928,4072,2496,-1017,144,-150,-14968,-2480,5152,-499,210,-96,0
1433.4637291431427,11080,4656,10468,-187,-153,145,10080,-9520,8204,-26,124,-208,-15008,4340,2684,-1008,158,-98,-15008,-2500,5352,-487,140,-93,0
1433.4973809719086,10912,4648,10496,-168,-139,130,10000,-9500,8148,-61,137,-214,-15016,3852,2688,-991,127,-112,-15000,-2496,5212,-498,151,-105,0
1433.531049966812,11036,4776,10492,-136,-139,97,10180,-9452,8160,-71,134,-228,-14892,4024,2548,-769,113,-50,-14908,-2440,5352,-486,146,-113,0
1433.5645680427551,10996,4600,10424,-83,-92,88,10108,-9704,8356,-63,130,-212,-14992,4120,2588,-1061,126,-102,-14876,-2432,5300,-520,153,-103,0
1433.5982501506805,10944,4688,10500,-47,-88,93,10116,-9448,8292,-98,156,-200,-15024,4020,2460,-1046,68,-118,-15004,-2532,5304,-536,146,-157,0
1433.631667137146,10976,4652,10484,-40,-52,61,10164,-9416,8088,-60,124,-188,-15016,4076,2488,-1039,90,-97,-14924,-2500,5308,-538,141,-145,0
1433.6650171279907,10968,4672,10540,-101,-27,79,10016,-9512,8116,-256,145,-174,-14964,3904,2384,-1028,68,-51,-14976,-2504,5276,-499,166,-133,0
1433.698702096939,10864,4728,10620,-119,-5,99,10072,-9708,8008,-41,123,-176,-15036,3992,2612,-985,104,-22,-14952,-2580,5564,-468,157,-129,0
1433.7320780754087,11000,4684,10480,-116,-22,94,10132,-9464,8196,-68,120,-136,-15020,4160,2564,-986,99,-42,-14996,-2480,5120,-503,92,-125,0
1433.765473127365,11020,4684,10596,-85,-35,110,10068,-9640,8196,-60,86,-155,-15028,4136,2484,-1023,74,-64,-14928,-2424,5252,-489,106,-158,0
1433.7992060184479,10732,4796,10504,-105,-51,124,10068,-9412,8332,-33,105,-148,-14988,4148,2652,-1017,71,-70,-14916,-2436,5132,-511,108,-106,0
1433.8328409194946,10904,4624,10548,-27,31,104,10116,-9696,8012,-84,123,-130,-14972,4188,2664,-1006,58,229,-14980,-2740,5132,-507,119,-132,0
1433.86612200737,11024,4640,10692,-76,-30,84,10140,-9548,8092,-33,125,-170,-14908,4192,2576,-1000,83,-63,-14668,-2472,5292,-493,135,-168,0
1433.9043641090393,10896,4436,10560,-93,-31,98,10020,-9532,8124,-27,108,-130,-14964,4080,2556,-1045,70,-43,-14896,-2500,5228,-484,148,-144,0
1433.93963098526,10936,4692,10512,-42,248,119,10068,-9516,8248,-27,123,-142,-14936,4080,2504,-997,72,219,-14960,-2396,5336,-257,109,-141,0
1433.974993944168,10928,4712,10536,-76,-10,107,10108,-9724,8020,-59,142,-140,-14996,4072,2628,-985,76,8,-15036,-2584,5324,-261,106,-136,0
1434.0107281208038,10932,4692,10544,-103,-35,106,10056,-9724,8012,-66,125,-144,-14936,4080,2424,-1027,95,-73,-14940,-2424,5308,-521,134,-155,0
1434.0471489429474,11000,4764,10572,-104,-98,98,10040,-9580,8160,-12,149,-175,-14940,4200,2716,-773,103,-60,-15000,-2332,5452,-483,164,-171,0
1434.082034111023,10900,4728,10664,-79,-5,98,9992,-9552,8188,-36,137,-184,-14952,4084,2656,-1108,33,-77,-14888,-2564,5420,-504,169,-141,0
1434.1181321144104,10956,4712,10636,-102,-51,74,10080,-9484,8232,-20,132,-183,-14852,4076,2736,-1001,106,-82,-14912,-2516,5460,-494,151,-151,0
1434.153310060501,10948,4808,10660,-69,13,88,9800,-9516,8428,-23,134,-174,-14948,4208,2520,-773,86,-59,-14992,-2496,5428,-500,154,-144,0
1434.1886749267578,10864,4744,10488,-46,-76,119,10088,-9728,8216,-33,123,-170,-15080,4180,2552,-1276,105,-118,-14960,-2568,5388,-257,161,-141,0
1434.2241859436035,10848,4744,10620,-41,-66,107,9960,-9532,8100,-47,88,-179,-14976,4140,2664,-1009,104,-88,-14876,-2564,5372,-501,151,-134,0
1434.2604019641876,10860,4708,10456,-46,-56,101,10188,-9448,8176,-83,144,-163,-14912,4144,2564,-969,107,-24,-15276,-2540,5420,-507,130,-138,0
1434.2960579395294,10908,4708,10612,-95,-17,70,10124,-9640,8124,-30,146,-149,-14952,4276,2544,-1052,68,-62,-14960,-2384,5376,-509,104,-163,0
1434.33180809021,10844,4840,10304,-115,-40,131,10064,-9308,8196,9,134,-165,-14944,4000,2388,-1015,135,-54,-14976,-2540,5352,-474,131,-140,0
1434.3679420948029,10804,4820,10424,-77,-20,118,10104,-9500,8220,-62,100,-179,-15048,4132,2648,-981,123,-64,-14888,-2504,5180,-502,165,-123,0
1434.4028580188751,10976,4716,10692,-117,-80,84,10180,-9588,8148,-35,144,-193,-14928,4216,2628,-769,78,-49,-15008,-2492,5168,-490,152,-139,0
1434.4382870197296,10988,4828,10664,-139,-38,91,10004,-9544,8220,-19,148,-155,-14888,4040,2604,-1003,82,-83,-15068,-2308,5348,-498,110,-119,0
1434.4733130931854,10856,4736,10456,-133,1,108,10188,-9452,7960,-20,142,-135,-14908,3844,2792,-997,60,215,-15004,-2516,5332,-504,115,-108,0
1434.5110850334167,10884,4740,10400,-145,12,105,10080,-9452,8144,-35,159,-151,-14976,4160,2508,-1001,101,-38,-14928,-2740,5460,-472,106,-117,0
1434.5445730686188,10836,4780,10496,-172,-42,113,10076,-9552,8180,-33,145,-179,-14960,4160,2484,-997,139,-69,-14908,-2500,5420,-484,133,-112,0
1434.5778851509094,10824,4788,10736,-176,-83,114,10152,-9544,8024,-37,130,-193,-14988,4068,2560,-987,135,-114,-14868,-2796,5448,-478,168,-72,0
1434.6114461421969,10852,4768,10612,-216,-99,108,9940,-9412,8408,-18,128,-219,-14936,4020,2656,-952,136,-168,-14628,-2356,5124,-490,193,-103,0
1434.6448221206663,10824,4720,10292,-213,-126,123,10060,-9548,8096,-18,153,-218,-15008,4096,2616,-964,120,-120,-14856,-2512,5516,-478,202,-82,0
1434.6783950328827,11168,4796,10948,-211,-132,113,10156,-9520,8268,-251,148,-228,-14948,4152,2612,-977,92,-150,-15024,-2496,5172,-499,170,-82,0
1434.7118771076205,10828,4788,10728,-211,-95,140,10136,-9456,8228,-35,143,-228,-14912,4120,2548,-953,110,-124,-14932,-2568,5476,-498,165,-81,0
1434.745276927948,10836,4752,10628,-251,-106,135,10044,-9548,8232,-51,182,-204,-14608,3908,2556,-920,146,-150,-14920,-2476,5332,-466,145,-67,0
1434.7789089679718,10800,4740,10332,-273,-109,125,10072,-9492,8312,-47,180,-187,-15024,4140,2340,-956,117,-115,-14912,-2516,5272,-485,163,-66,0
1434.8124649524689,10880,4728,10540,-279,-95,137,10024,-9504,7940,-12,156,-210,-14968,4200,2492,-943,128,-119,-14956,-2416,5348,-466,165,-71,0
1434.8461439609528,10940,4676,10416,-271,-122,145,10168,-9484,7972,-11,159,-205,-14976,4108,2736,-952,153,-133,-14988,-2524,5404,-477,203,-49,0
1434.8797659873965,10892,4624,10676,-259,-164,154,9964,-9460,8184,251,136,-257,-14888,4072,2548,-981,142,-181,-15012,-2508,5424,-458,182,-52,0
1434.9131691455839,10856,4680,10532,-266,-192,141,10160,-9556,8004,249,155,-2,-15072,4092,2632,-955,113,-191,-15008,-2332,5300,-476,187,-60,0
1434.9467661380768,10996,4684,10684,-267,-179,142,10132,-9488,8212,11,139,-226,-15000,4120,2400,-972,137,-146,-15004,-2412,5404,-449,149,-70,0
1434.9800989627838,10996,4712,10672,-258,-176,149,10132,-9560,7948,22,149,-215,-14884,4140,2684,-999,99,-109,-14880,-2580,5152,-469,158,-91,0
1435.013675928116,10880,4712,10464,-507,-180,142,10076,-9504,8008,19,166,-208,-14864,4224,2576,-964,168,-85,-14940,-2464,5320,-473,147,-94,0
1435.0473771095276,10976,4724,10480,-247,-163,137,10152,-9480,8232,15,145,-207,-14992,3952,2804,-973,120,-117,-14920,-2456,5392,-468,152,-104,0
1435.0808539390564,10924,4712,10632,-250,-151,133,10020,-9276,8252,8,165,-178,-15008,4132,2504,-977,109,-122,-14888,-2476,5464,-438,138,-118,0
1435.1143519878387,11056,4656,10516,-265,-180,130,10072,-9696,8248,24,182,-199,-14984,4296,2548,-947,103,-88,-15060,-2508,5280,-448,136,-85,0
1435.1476781368256,10960,4604,10732,-260,-161,110,10048,-9576,8232,3,128,-200,-14892,4128,2772,-984,115,-80,-14952,-2388,5368,-476,167,-78,0
1435.1810719966888,10900,4636,10488,-193,-155,126,10236,-9592,8184,253,111,-213,-14860,4136,2588,-1012,147,-108,-14872,-2412,5416,-504,191,-78,0
1435.2150149345398,10984,4680,10564,-168,-181,161,10056,-9468,8296,7,93,-231,-14968,4148,2692,-1029,133,-125,-14896,-2528,5428,-507,206,-56,0
1435.2485270500183,10924,4860,10648,-182,-196,181,10084,-9684,8100,-52,93,-220,-14840,4056,2392,-792,200,-101,-14960,-2464,5320,-512,133,-86,0
1435.2818751335144,11152,4812,10284,-110,-111,146,10248,-9464,8284,-91,89,-177,-15292,3992,2684,-989,124,-79,-15044,-2492,5588,-527,114,-112,0
1435.3153290748596,10780,4852,10656,-122,-100,131,10132,-9540,8156,-29,108,-168,-15032,4068,2316,-1092,49,-35,-14908,-2720,5604,-516,145,-111,0
1435.348942041397,10912,4640,10344,-46,-39,94,10188,-9468,8160,-51,118,-127,-14940,4056,2644,-1017,93,-47,-14960,-2476,5184,-492,125,-135,0
1435.3870129585266,10904,4544,10596,-65,-96,60,10004,-9532,8380,-71,144,-205,-15104,4148,2516,-1019,95,-108,-14916,-2272,5348,-512,190,-112,0
1435.4211931228638,11112,4632,10360,-132,-28,66,10148,-9220,8120,8,145,-169,-15056,4100,2424,-1138,255,-50,-14912,-2500,5552,-459,135,-172,0
1435.4547770023346,11036,4784,10512,-57,238,43,10156,-9480,8232,-4,188,-158,-14948,4144,2648,-1058,12,-15,-14960,-2552,5356,-485,79,-187,0
1435.488156080246,10992,4740,10688,-71,252,45,10168,-9528,8192,-44,163,-158,-14856,4140,2572,-1020,33,-21,-14940,-2568,5436,-494,92,-194,0
1435.5217289924622,10872,4672,10540,-44,-5,45,10112,-9576,8048,-76,153,-168,-14960,4176,2344,-1036,50,-65,-14860,-2496,5440,-519,102,-191,0
1435.5575730800629,10992,4636,10748,-67,-29,94,10140,-9532,8168,-47,144,-150,-14956,4036,2652,-1046,94,-24,-14884,-2448,5576,-502,130,-170,0
1435.5932559967039,10900,4660,10596,-66,-24,97,10176,-9500,8292,-56,95,-145,-14884,4000,2544,-1078,105,-55,-14864,-2736,5364,-484,147,-139,0
1435.6286590099335,10860,4740,10480,-80,-61,113,10084,-9616,8264,-74,105,-149,-14924,4144,2688,-1031,131,-15,-14864,-2552,5272,-508,127,-133,0
1435.6637690067291,10920,4808,10468,-64,-77,96,10196,-9468,8260,-52,82,-187,-14920,4320,2488,-1051,120,-110,-14984,-2488,5160,-257,144,-125,0
1435.6995401382446,10936,4640,10440,-70,-24,122,10128,-9500,8188,-40,83,-157,-15044,4160,2560,-1081,111,-81,-14960,-2508,5364,-517,164,-157,0
1435.734925031662,10932,4740,10312,-28,-40,115,10144,-9492,8192,-64,120,-175,-15056,4312,2636,-1030,88,-39,-15036,-2544,5172,-266,134,-142,0
1435.770267009735,10948,4652,10500,-24,-32,92,10140,-9524,8128,-57,117,-172,-14920,4140,2404,-998,69,-36,-15060,-2460,5388,-503,111,-162,0
1435.8059771060944,10804,4724,10480,-45,-34,93,10096,-9240,8076,-75,138,-149,-15040,4008,2792,-1019,86,-44,-15020,-2524,5380,-508,101,-163,0
1435.842071056366,10760,4672,10336,-44,4,101,10148,-9500,8300,-60,111,-161,-14920,4184,2568,-1052,82,-57,-14644,-2480,5364,-523,97,-146,0
1435.8776440620422,10952,4700,10568,-18,14,75,10160,-9296,7944,-50,124,-139,-14964,4016,2420,-1050,97,-25,-14924,-2808,5132,-754,121,-149,0
1435.9126350879667,10864,4748,10460,-76,248,63,10124,-9612,8156,-60,130,-171,-14896,4132,2672,-1059,102,-89,-14876,-2508,5600,-262,133,-146,0
1435.9482629299164,10940,4796,10240,-67,-9,72,10032,-9552,8044,-61,107,-162,-14948,4140,2516,-1012,71,-58,-14860,-2356,5488,-501,109,-171,0
1435.9836740493774,10852,4748,10612,-70,-48,88,10036,-9732,8204,-51,148,-154,-14988,4176,2680,-1001,46,-62,-14920,-2412,5460,-529,154,-162,0
1436.0196290016174,10924,4740,10728,-141,-41,109,10184,-9524,8220,-30,148,-178,-14928,4140,2544,-1041,45,-91,-14948,-2628,5360,-494,122,-130,0
1436.0549819469452,10892,4800,10472,-113,38,93,10128,-9436,8312,-35,141,-151,-15024,4344,2776,-1275,106,-15,-14960,-2580,5504,-494,127,-138,0
1436.0906281471252,10916,4780,10548,-114,-76,77,10148,-9520,8180,-48,168,-156,-14964,4128,2596,-983,60,-67,-14976,-2544,5368,-493,145,-147,0
1436.1271090507507,10900,4816,10444,-131,-21,83,10088,-9564,7952,-24,135,-184,-15028,4124,2664,-1030,72,-78,-14948,-2480,5272,-476,132,-108,0
1436.1618931293488,10840,4788,10564,-92,-12,100,10096,-9240,8140,-39,129,-152,-14924,4080,2648,-1010,65,-64,-14916,-2524,5428,-490,152,-118,0
1436.1974499225616,10848,4748,10392,-136,-19,95,10128,-9488,8284,-73,127,-174,-15000,4188,2320,-966,90,-81,-15008,-2484,5292,-497,124,-145,0
1436.2335360050201,10792,4872,10248,-154,-40,100,10172,-9548,8200,-46,172,-161,-14940,4176,2540,-956,97,-65,-14904,-2488,5380,-489,138,-95,0
1436.2672049999235,11204,4760,10572,-165,-65,95,10148,-9532,8132,2,128,-186,-14808,4008,2496,-1001,111,-97,-15088,-2532,5280,-478,177,-96,0
1436.300761938095,10792,4776,10516,-136,-36,134,10112,-9556,8060,5,140,-162,-15000,4148,2600,-992,114,-68,-14716,-2604,5348,-488,181,-112,0
1436.3345170021055,10900,4676,10632,-155,-87,143,10096,-9588,8412,-255,157,-189,-14908,4088,2772,-984,107,-75,-15012,-2500,5372,-488,173,-107,0
1436.3677051067352,10964,4616,10300,-182,-23,111,10132,-9660,8264,-29,140,-197,-14932,4156,2684,-983,110,-118,-14876,-2312,5584,-485,163,-114,0
1436.4010310173035,10900,4768,10548,-167,-57,82,10176,-9604,8172,253,146,-187,-14948,3880,2388,-1005,93,-149,-14944,-2592,5436,-505,172,-87,0
1436.4347140789032,10860,4724,10464,-183,-71,128,10024,-9552,8124,-8,139,-183,-14940,4100,2592,-980,108,-109,-14940,-2464,5412,-472,172,-89,0
1436.468071937561,10792,4620,10552,-216,-88,119,10120,-9612,8204,-4,164,-197,-15012,4104,2672,-971,103,-70,-14928,-2572,5400,-481,168,-80,0
1436.501590013504,10900,4856,10596,-228,-123,127,10128,-9624,8300,-33,170,-217,-14912,4112,2640,-910,72,-100,-14896,-2584,5456,-460,161,-46,0
1436.5353360176089,10996,4720,10600,-222,-114,131,10044,-9512,8252,-27,114,-224,-14900,4128,2612,-964,142,-115,-15028,-2436,5472,-487,156,-63,0
1436.5687429904938,10880,4808,10484,-230,-104,128,10120,-9568,8040,-40,152,-218,-14884,4196,2648,-940,119,-143,-14908,-2540,5304,-261,182,-91,0
1436.6020340919495,10948,4700,10648,-251,-86,125,10084,-9468,8180,-51,164,-214,-14952,4040,2628,-970,125,-93,-14960,-2576,5356,-528,174,-96,0
1436.6353499889374,10892,4688,10548,-229,-109,124,10060,-9588,8020,-12,164,-204,-15016,4324,2772,-942,105,-81,-15032,-2552,5260,-487,192,-60,0
1436.670336008072,10840,4788,10428,-3,-107,129,10052,-9568,8140,-30,123,-207,-14956,4116,2512,-930,169,-144,-14924,-2432,5592,-494,207,-75,0
1436.7038531303406,10880,4776,10576,-197,-126,147,10196,-9688,8152,-51,112,-225,-15036,4348,2760,-945,153,-102,-15008,-2348,5356,-490,174,-37,0
1436.7374160289764,10952,4660,10524,-284,-119,132,10168,-9692,8004,-19,135,-180,-14972,4156,2444,-994,111,-102,-14976,-2548,5424,-500,181,-67,0
1436.771106004715,10856,4712,10636,-233,-123,150,10136,-9480,8148,244,157,-186,-14896,4120,2696,-974,153,-159,-14996,-2576,5272,-491,154,-54,0
1436.8044259548187,10820,4768,10720,-207,-119,139,10128,-9512,8212,-70,177,-211,-15008,4148,2572,-951,128,-155,-15004,-2436,5264,-507,201,-51,0
1436.8380370140076,10912,4712,10572,-270,-136,135,10068,-9452,8180,34,143,-191,-15032,4116,2496,-989,139,-127,-15000,-2404,5300,-453,181,-66,0
1436.8715751171112,10872,4676,10348,-229,-85,165,10104,-9472,8128,-250,175,-166,-14976,3840,2320,-990,110,-52,-14964,-2468,5288,-493,127,-75,0
1436.9046411514282,10924,4840,10700,-233,-98,148,10052,-9648,8200,3,150,-153,-15072,4176,2360,-969,130,-49,-14944,-2484,5388,-478,106,-91,0
1436.9384620189667,10860,4700,10368,-220,-104,154,10088,-9492,8196,-24,136,-203,-14948,4176,2484,-947,124,-114,-15020,-2412,5416,-481,151,-109,0
1436.9719171524048,10872,4856,10628,-192,-135,153,10152,-9636,8304,-36,104,-183,-14900,4344,2736,-956,148,-92,-14940,-2408,5308,-494,168,-86,0
1437.005007982254,10872,4720,10580,-231,-194,168,10096,-9492,8160,-31,122,-220,-15084,4184,2472,-994,138,-111,-14980,-2548,5316,-505,183,-88,0
1437.0386850833893,10848,4660,10388,-192,-178,147,10108,-9568,8424,-62,110,-203,-14924,4068,2672,-984,151,-89,-14952,-2484,5200,-493,207,-93,0
1437.0722210407255,10928,4832,10692,-219,-184,125,9992,-9432,8140,-3,154,-191,-14924,4144,2540,-1036,97,-129,-14924,-2456,5364,-474,161,-85,0
1437.105770111084,10776,4684,10624,-186,-125,128,10152,-9496,8272,-28,142,-205,-14948,4136,2572,-1017,105,-122,-14884,-2492,5364,-465,198,-105,0
1437.139088153839,10948,4672,10344,-161,-159,113,10176,-9536,7940,-30,120,-200,-14952,4320,2744,-1015,94,-82,-14904,-2488,5476,-498,167,-144,0
1437.1725249290466,10920,4700,10576,-103,-123,100,10000,-9484,8120,-64,122,-185,-14980,3852,2800,-993,88,-69,-14952,-2476,5372,-490,154,-157,0
1437.2060561180115,11012,4648,10380,-123,-107,107,10076,-9456,8080,24,212,-211,-14992,4068,2716,-1034,86,-101,-15000,-2520,5344,-493,165,-165,0
1437.2428369522095,10944,4728,10612,-147,-74,71,10148,-9488,8308,11,185,-171,-14996,4056,2432,-1201,94,-123,-14852,-2448,5628,-501,152,-153,0
1437.278680086136,10892,4732,10588,-135,-62,101,9820,-9728,8272,-12,259,-160,-15008,4288,2772,-1025,23,-74,-14972,-2484,5376,-464,128,-137,0
1437.3136570453644,11024,4708,10520,-95,-74,61,10052,-9560,8336,-13,175,-157,-14948,4068,2788,-1044,45,-66,-15028,-2396,5592,-489,135,-181,0
1437.3491530418396,10912,4648,10508,-142,-61,59,9844,-9576,8280,-44,275,-136,-14980,4176,2692,-979,41,-56,-14868,-2556,5320,-478,125,-180,0
1437.3844909667969,10940,4724,10596,-70,-46,72,10212,-9580,8212,-54,192,-143,-14872,4208,2620,-1010,58,-99,-14988,-2408,5456,-503,56,-136,0
1437.420336008072,10840,4712,10632,-120,-9,72,10116,-9604,8072,-26,181,-124,-14884,3852,2764,-1083,40,-2,-14948,-2660,5424,-519,92,-187,0
1437.4555840492249,10820,4740,10508,-95,5,91,9936,-9412,8116,-56,161,-117,-14872,4116,2552,-1078,106,-37,-14908,-2496,5408,-496,71,-119,0
1437.4916019439695,10888,4828,10656,-92,-43,138,10036,-9580,8368,-106,103,-150,-14876,4216,2476,-1040,107,-17,-14972,-2348,5516,-487,129,-121,0
1437.52769613266,10952,4624,10456,-114,-29,100,10096,-9532,8104,-52,127,-134,-15032,4076,2488,-1010,131,-29,-14868,-2508,5392,-478,127,-132,0
1437.5627400875092,10996,4740,10400,-117,-28,123,10052,-9432,8248,-54,115,-128,-15036,4116,2772,-1061,112,-33,-14852,-2312,5596,-486,130,-130,0
1437.597676038742,10900,4764,10332,-69,-249,146,10144,-9436,8004,-55,110,-123,-14916,4200,2580,-776,150,-6,-14920,-2580,5436,-477,75,-131,0
1437.6334271430967,11260,4684,10672,-94,14,118,10064,-9492,8428,-70,136,-122,-14956,4044,2592,-1061,149,232,-14992,-2492,5336,-259,100,-164,0
1437.6687541007996,10772,4764,10524,-55,8,94,10168,-9532,8172,-108,152,-118,-15000,4088,2544,-1020,144,-22,-14948,-2476,5428,-543,91,-136,0
1437.7041919231415,10904,4760,10588,-51,4,128,10084,-9572,8076,-54,149,-108,-14904,4148,2788,-1080,104,15,-14608,-2472,5556,-518,106,-157,0
1437.7401621341703,10892,4692,10508,-57,-16,88,10016,-9584,8188,-66,100,-136,-14852,4124,2612,-1035,64,-23,-14940,-2456,5376,-515,129,-149,0
1437.775603055954,10828,4748,10664,-72,-39,113,10104,-9600,8136,-38,151,-157,-14884,4268,2688,-771,104,-36,-14916,-2744,5324,-475,128,-126,0
1437.81152009964,10828,4856,10604,-103,-15,100,10168,-9492,8084,-47,109,-168,-14892,4200,2452,-1004,112,-30,-14836,-2492,5608,-512,156,-108,0
1437.8472690582275,10940,4768,10264,-117,-33,138,10064,-9664,8400,-37,114,-183,-14904,4128,2588,-1279,133,-50,-14956,-2536,5372,-758,149,-138,0
1437.8835639953613,10900,4804,10544,-114,-44,115,10116,-9544,8140,-63,111,-199,-14916,4192,2548,-972,96,-65,-15044,-2456,5180,-491,133,-137,0
1437.9171259403229,10980,4792,10600,-117,-44,93,10096,-9584,8076,-71,155,-173,-15032,4116,2528,-929,89,-48,-15044,-2488,5392,-483,114,-159,0
1437.9509041309357,10988,4648,10696,-131,-17,89,10124,-9636,8216,-24,125,-161,-14968,4220,2576,-1023,44,-34,-14856,-2452,5448,-505,151,-142,0
1437.9843580722809,10824,4860,10568,-113,-36,91,10064,-9472,8136,9,144,-195,-14856,3864,2436,-989,58,-88,-15032,-2756,5424,-463,164,-147,0
1438.0177400112152,10956,4640,10588,-87,-55,73,10112,-9588,8140,-15,176,-224,-14876,4260,2348,-969,45,-148,-15032,-2512,5216,-512,203,-167,0
1438.0512499809263,10936,4680,10540,-159,-105,96,10036,-9528,8180,1,181,-195,-14884,4144,2664,-948,77,-104,-14996,-2436,5384,-472,191,-155,0
1438.0848109722137,10824,4776,10496,-146,-19,90,9964,-9600,7876,-253,214,-146,-14928,4132,2664,-1001,81,-37,-14904,-2500,5552,-495,137,-125,0
1438.1185159683228,10900,4724,10632,-208,-8,106,10020,-9252,8072,4,213,-154,-14968,4148,2620,-997,40,-48,-14896,-2496,5412,-490,146,-122,0
1438.1518249511719,10896,4752,10640,-222,3,114,10012,-9512,8200,1,188,-145,-14952,4156,2512,-977,108,-69,-14884,-2340,5424,-458,120,-80,0
1438.1855869293213,10856,4808,10732,-228,-92,104,10072,-9568,8196,-9,160,-187,-14932,4208,2592,-953,126,-118,-15028,-2356,5456,-483,167,-64,0
1438.21923995018,10864,4704,10732,-219,-144,140,10124,-9644,8064,-23,175,-242,-14776,4192,2540,-1280,200,-160,-14880,-2540,5368,-504,195,-49,0
1438.2527050971985,10804,4752,10548,-185,-144,145,9968,-9540,8136,-53,138,-201,-14928,4148,2684,-978,169,-138,-14600,-2576,5176,-490,214,-65,0
1438.286054134369,10864,4748,10564,-243,-131,133,10160,-9508,8120,-20,152,-219,-14968,4072,2716,-940,177,-120,-14996,-2468,5320,-482,208,-77,0
1438.319685935974,10908,4712,10528,-260,-111,140,10152,-9584,8148,-7,191,-198,-14912,4220,2608,-992,119,-132,-15000,-2476,5360,-478,164,-55,0
1438.3531680107117,10832,4628,10872,-286,-65,131,10048,-9352,8144,29,136,-195,-14920,4156,2476,-961,138,-152,-14960,-2592,5320,-469,151,-86,0
1438.3867540359495,10828,4728,10600,-277,-90,117,10144,-9624,8136,-28,159,-206,-14948,4104,2436,-771,153,-162,-14868,-2412,5436,-475,195,-63,0
1438.4202840328217,11180,4672,10568,-282,-161,132,10180,-9576,8196,-18,160,-256,-14852,4124,2520,-973,144,-135,-14908,-2448,5500,-480,209,-76,0
1438.453978061676,10840,4664,10592,-256,-185,109,10100,-9640,8244,-15,177,-269,-14936,4244,2484,-987,86,-114,-14864,-2536,5420,-505,190,-65,0
1438.4876749515533,10868,4744,10896,-237,-172,101,10056,-9440,8212,-44,141,-254,-14928,4184,2652,-991,99,-134,-14956,-2500,5472,-494,210,-88,0
1438.5208880901337,10908,4668,10576,-219,-143,109,10112,-9712,8088,-255,188,-232,-14860,4188,2640,-1084,143,-128,-15000,-2428,5128,-478,200,-100,0
1438.5544459819794,10936,4624,10644,-215,-136,115,10080,-9704,8132,-12,191,-222,-14996,4144,2636,-988,124,-167,-14904,-2552,5432,-483,181,-95,0
1438.5881309509275,10868,4688,10300,-210,-177,95,10100,-9524,8288,-17,155,-242,-14968,4144,2724,-969,108,-156,-14940,-2528,5360,-498,203,-76,0
1438.6218061447144,10840,4720,10632,-225,-176,117,10060,-9452,8096,254,165,-211,-15028,4176,2460,-1023,167,-112,-14804,-2508,5364,-258,172,-65,0
1438.6553001403809,10892,4696,10676,-219,-166,152,10136,-9500,8672,-27,111,-176,-15028,4088,2384,-993,148,-95,-14956,-2588,5472,-483,153,-75,0
1438.7044501304629,10964,4480,10676,-225,-128,158,10044,-9492,8196,-21,136,-168,-14976,4024,2648,-987,148,-73,-14928,-2560,5616,-510,164,-45,0
1438.7501029968262,10856,4684,10548,-202,-155,175,10140,-9612,8372,-21,112,-197,-14972,4152,2664,-780,128,-127,-15008,-2456,5356,-499,156,-74,0
1438.784893035889,10884,4588,10660,-207,-140,171,10048,-9620,8320,2,95,-182,-15000,4168,2636,-1030,86,-81,-14908,-2476,5284,-266,170,-81,0
1438.8184490203857,10976,4556,10520,-213,-122,151,10120,-9492,8172,-43,141,-174,-14968,4092,2536,-1035,64,-77,-15152,-2496,5356,-485,185,-101,0
1438.8519730567932,11184,4612,10252,-167,-99,131,10124,-9580,8004,-84,113,-202,-15004,4192,2364,-1046,32,-93,-14944,-2324,5192,-477,135,-102,0
1438.8852479457855,11028,4492,10452,-119,-106,111,10088,-9476,8376,-28,134,-163,-14988,4164,2520,-1087,-17,-69,-14928,-2340,5284,-522,159,-139,0
1438.922371149063,10916,4608,10492,-126,-71,100,10180,-9432,8120,-17,146,-127,-14856,3976,2556,-1087,-66,-85,-15032,-2560,5380,-474,157,-118,0
1438.95823097229,11036,4828,10580,-135,-51,66,10084,-9540,8424,-76,246,-154,-14864,4220,2612,-1016,28,-91,-14956,-2376,5180,-457,214,-153,0
1438.993651151657,11100,4608,10540,-174,-73,53,10148,-9528,8152,9,149,-203,-14980,4044,2732,-1089,20,-132,-14992,-2444,5332,-493,163,-175,0
1439.0292439460754,10964,4640,10700,-106,-32,59,10048,-9244,8228,-9,212,-146,-14988,4048,2404,-1071,-22,-48,-15028,-2764,5436,-485,74,-189,0
1439.064789056778,11220,4692,10720,-108,-250,35,10076,-9684,8280,-23,241,-145,-14936,4216,2464,-1012,-17,-63,-14876,-2592,5428,-509,98,-233,0
1439.1003079414368,10900,4672,10264,-122,-14,46,10008,-9528,8396,-28,215,-121,-14808,4232,2620,-989,-30,-60,-14984,-2452,5312,-488,109,-208,0
1439.1353459358215,10964,4668,10596,-114,-27,54,10108,-9568,7952,-45,249,-111,-14668,3912,2720,-1116,-24,-77,-14948,-2540,5348,-259,172,-179,0
1439.1707780361176,10920,4652,10456,-104,-44,63,9976,-9452,8056,-255,244,-120,-14800,3980,2620,-1149,-68,-51,-14940,-2472,5324,-499,157,-177,0
1439.206120967865,10880,4700,10496,-112,-28,68,10172,-9728,8360,25,260,-90,-14860,4136,3028,-1187,255,-106,-14924,-2528,5320,-473,184,-147,0
1439.2418489456177,10800,4692,10496,-106,-66,102,9980,-9536,8284,57,192,-139,-14896,4060,2552,-1273,254,-63,-14852,-2548,5212,-498,218,-115,0
1439.2775220870972,10876,4820,10544,-86,-73,122,10020,-9244,8440,14,110,-161,-14956,3988,2756,-1215,10,-89,-15032,-2484,5352,-511,178,-97,0
1439.3125071525574,10824,4656,10576,-109,-122,126,9768,-9716,8140,-49,109,-219,-14944,4120,2804,-1177,-5,-45,-14844,-2560,5240,-464,194,-62,0
1439.347582101822,10860,4700,10260,-120,-79,101,10068,-9500,8192,-74,66,-206,-14732,3860,2592,-1078,69,-84,-14860,-2600,5412,-462,198,-128,0
1439.3833050727844,10948,4724,10276,-151,-88,60,10116,-9604,8136,-62,159,-206,-15008,4008,2644,-772,32,-96,-15084,-2448,5160,-455,164,-143,0
1439.4193329811096,10912,4724,10520,-147,-48,75,10068,-9540,8316,-9,135,-179,-14612,4168,2860,-775,94,-73,-14924,-2400,5256,-426,154,-121,0
1439.4550499916077,10880,4624,10552,-130,-40,108,10076,-9576,8148,244,111,-145,-14944,4172,2712,-1049,108,-54,-14960,-2544,5436,-477,142,-117,0
1439.4904260635376,10888,4652,10664,-124,-19,106,10144,-9592,8300,-36,127,-164,-14972,3852,2628,-1005,106,-57,-15000,-2468,5380,-449,162,-134,0
1439.5256171226501,10856,4860,10756,-120,-38,85,10056,-9540,8396,-26,153,-196,-14920,4088,2732,-1279,81,-104,-14940,-2380,5428,-468,173,-176,0
1439.5626690387726,10876,4692,10608,-92,-88,94,10076,-9656,8160,255,150,-187,-14916,4076,2796,-994,75,-71,-15008,-2428,5380,-260,175,-148,0
1439.596009016037,10912,4728,10556,-119,-16,86,9740,-9352,8252,-27,165,-132,-14908,4016,2720,-1280,51,-40,-15004,-2560,5368,-443,69,-128,0
1439.6296689510345,10868,4712,10320,-125,67,99,10208,-9532,8312,-46,168,-52,-14860,4028,2584,-983,75,30,-14932,-2556,5456,-469,47,-128,0
1439.6632800102234,10896,4764,10636,-191,-42,139,10048,-9560,8196,-77,170,-71,-14876,4088,2692,-982,94,-10,-14960,-2596,5272,-465,39,-111,0
1439.6966750621796,10900,4764,10292,-174,39,145,10052,-9540,8304,-68,134,-84,-14868,4132,2736,-967,112,11,-15028,-2404,5252,-465,55,-80,0
1439.7300970554352,10956,4712,10292,-127,18,141,10192,-9656,8308,-65,88,-103,-14868,4100,2556,-1056,95,37,-14900,-2560,5572,-477,68,-100,0
1439.7637119293213,10848,4652,10380,-112,-4,121,10056,-9484,8204,246,110,-112,-14912,4124,2852,-1033,78,-51,-14932,-2488,5448,-497,85,-160,0
1439.7968909740448,10816,4700,10644,-110,-16,73,10156,-9664,8312,-16,152,-181,-14948,4312,2660,-1014,51,-94,-14936,-2412,5588,-502,152,-161,0
1439.830572128296,10852,4356,10588,-109,-14,46,9800,-9564,8264,-35,210,-168,-14908,4180,2772,-1030,33,-77,-14852,-2448,5496,-494,139,-161,0
1439.8641760349274,10856,4860,10668,-177,-18,80,10180,-9604,7940,-11,174,-155,-14860,4108,2692,-1005,69,-26,-14936,-2472,5412,-464,125,-129,0
1439.897274017334,10688,4660,10692,-157,-39,111,9956,-9564,8428,-34,161,-154,-15092,4256,2792,-1277,98,-67,-14872,-2320,5464,-470,104,-120,0
1439.9307029247284,10792,4672,10652,-209,-16,133,9960,-9464,8300,-47,147,-137,-14876,4168,2608,-963,149,-70,-14928,-2464,5396,-441,82,-75,0
1439.9639179706573,10892,4708,10612,-226,0,147,9968,-9572,8252,-77,108,-129,-15072,4108,2788,-979,176,-25,-14896,-2496,5308,-430,88,-22,0
1439.9974191188812,10704,4684,10616,-291,-47,188,10024,-9676,8352,-34,108,-123,-14680,4104,2932,-1002,142,-22,-14968,-2392,5316,-458,148,-42,0
1440.0310509204865,10804,4672,10564,-235,-79,182,9956,-9612,8280,4,95,-202,-14612,4132,2652,-1033,132,-118,-14812,-2636,5360,-495,199,-47,0
1440.06427693367,10856,4792,10788,-228,-168,142,10200,-9552,8280,-42,115,-1,-14876,4168,2552,-1024,143,-180,-14900,-2476,5424,-516,230,-71,0
1440.0976319313047,10868,4692,10692,-187,-211,157,10052,-9548,8380,-53,101,-263,-14952,4096,2692,-1020,150,-165,-14896,-2368,5384,-539,245,-64,0
1440.1310260295868,10852,4672,10580,-177,-123,131,9992,-9600,8164,-51,117,-242,-14956,4192,2756,-993,110,-90,-15032,-2404,5452,-525,196,-71,0
1440.1643750667572,10900,4640,10612,-219,-109,110,10036,-9620,8436,-27,151,-219,-14912,4036,2640,-999,99,-134,-15032,-2384,5600,-508,167,-82,0
1440.1977379322052,10900,4828,10524,-512,-74,141,9816,-9484,8292,-16,181,-188,-14856,4160,2396,-1005,123,-112,-15004,-2380,5332,-474,181,-51,0
1440.2315139770508,10856,4668,10652,-246,-45,137,10072,-9540,8164,-28,150,-196,-14940,4028,2660,-988,110,-111,-15064,-2344,5404,-481,130,-43,0
1440.2650649547577,11240,4476,10608,-310,-72,146,10076,-9632,8312,3,165,-197,-14936,4204,2756,-1016,54,-102,-14972,-2388,5408,-484,150,-91,0
1440.2984330654144,10864,4476,10612,-303,-134,117,10092,-9580,8376,16,206,-214,-14956,4320,2700,-999,53,-138,-14908,-2352,5404,-464,176,-106,0
1440.331932067871,10772,4644,10940,-3,-122,95,9992,-9480,8140,24,226,-201,-14888,4132,2868,-1014,38,-158,-14948,-2404,5428,-477,202,-126,0
1440.3654711246493,10844,4616,10592,-297,-171,102,9904,-9548,8276,49,233,-235,-14940,4040,2556,-1013,53,-162,-14932,-2392,5448,-469,216,-120,0
1440.4013829231262,10544,4704,10620,-271,-95,84,10056,-9500,8436,9,195,-213,-14828,4136,2728,-1000,61,-133,-14976,-2484,5288,-475,141,-129,0
1440.4354901313782,10772,4648,10680,-223,-122,134,10016,-9716,8228,-9,158,-195,-14976,4252,2824,-966,88,-132,-15044,-2512,5276,-511,144,-123,0
1440.4692821502686,10792,4756,10732,-228,-144,152,9924,-9460,8280,-15,148,-193,-14600,3996,2736,-995,148,-63,-14924,-2640,5264,-503,164,-55,0
1440.502699136734,10912,4652,10736,-184,-160,194,10000,-9488,8372,-55,63,-205,-14856,3964,1956,-1163,861,-120,-14880,-2428,5344,-767,198,-36,0
1440.5364100933075,10908,4652,10476,-195,-223,183,10020,-9548,8172,-22,104,-12,-14816,4108,2444,-1253,1573,-19,-14912,-2300,5396,-510,234,-256,0
1440.5696470737455,10936,4544,10608,-159,-202,207,10052,-9320,8168,-79,34,-247,-14972,4132,2660,-1323,1587,-125,-15056,-2376,5308,-509,201,-11,0
1440.6061251163485,11000,4544,10492,-176,-192,176,9992,-9544,8156,-49,24,-222,-15084,4044,2896,-1479,418,62,-14984,-2352,5152,-500,179,-77,0
1440.6418261528015,10984,4560,10748,-118,-128,141,10124,-9596,8200,-18,131,-185,-14944,4188,2648,-1105,-237,-68,-14960,-2424,5404,-526,178,-144,0
1440.6775989532473,10920,4656,10520,-98,-97,98,10056,-9532,8240,-52,122,-185,-14992,3864,2504,-858,-14,-63,-14988,-2408,5344,-492,133,-150,0
1440.7129130363464,10768,4484,10300,-118,-43,80,10036,-9520,8052,-61,120,-166,-14900,4012,2444,-801,175,-43,-14956,-2432,5392,-481,125,-143,0
1440.7476360797882,10948,4560,10596,-135,-25,98,10016,-9240,8220,-39,126,-142,-14976,4300,2452,-773,340,-36,-14668,-2516,5244,-465,118,-134,0
1440.7835640907288,10908,4604,10672,-131,14,94,10008,-9672,8260,-66,147,-172,-15120,3896,2400,-935,362,-88,-14984,-2404,5328,-466,153,-180,0
1440.8186869621277,10892,4608,10824,-110,-84,67,10052,-9556,8252,9,166,-183,-14928,4340,2360,-923,156,-97,-15036,-2368,5396,-490,134,-201,0
1440.8544750213623,10944,4416,10684,-97,-27,55,10080,-9524,8276,13,150,-204,-14936,4144,2392,-900,-91,-102,-15020,-2492,5368,-495,176,-194,0
1440.8902230262756,10764,4584,10748,-119,-63,46,10084,-9564,7980,-7,171,-226,-15032,4136,2488,-913,-2,-140,-14928,-2504,5628,-478,158,-171,0
1440.9272000789642,10904,4760,10704,-90,-72,64,10176,-9540,8188,-6,158,-168,-14956,4140,2584,-1062,-15,-17,-14872,-2408,5444,-538,71,-200,0
1440.962259054184,10824,4660,10656,-96,-4,81,10224,-9616,8268,-67,168,-123,-14896,3980,2636,-949,-276,-1,-14972,-2456,5412,-491,101,-189,0
1440.9985120296478,10864,4692,10652,-51,-26,72,10064,-9244,8252,-65,152,-156,-15024,3976,2600,-860,-144,-74,-14896,-2500,5240,-764,94,-159,0
1441.033518075943,10840,4668,10496,-69,-68,63,10084,-9548,8300,-78,170,-137,-14960,4104,2648,-924,-47,-78,-14984,-2456,5352,-497,121,-171,0
1441.069414138794,10800,4556,10348,-80,251,65,9944,-9444,8188,-62,113,-176,-14748,4080,2544,-944,14,-69,-14904,-2408,5404,-468,127,-145,0
1441.1050341129303,10964,4564,10692,-85,-26,84,9900,-9472,8216,-89,118,-148,-14884,4020,2312,-952,367,-57,-14860,-2584,5304,-494,107,-156,0
1441.1402289867399,11072,4636,10492,-110,-21,107,10028,-9492,8260,-77,128,-113,-14864,4112,2272,-770,14,-41,-14916,-2360,5384,-498,101,-135,0
1441.175661087036,10884,4824,10600,-82,-54,143,10196,-9684,8228,-95,104,-122,-15080,4264,2732,-943,-154,-55,-15080,-2500,5412,-541,101,-147,0
1441.2119679450989,10844,4656,10660,-62,-34,146,9848,-9668,8224,-98,65,-142,-14924,4228,2516,-843,-109,-69,-14872,-2404,5312,-531,138,-172,0
1441.2481241226196,10896,4784,10500,-23,-21,125,9920,-9648,8320,-26,93,-110,-14860,4208,2632,-1214,-360,-77,-14968,-2412,5388,-553,106,-183,0
1441.2817130088806,10856,4664,10684,-13,-38,83,9928,-9656,8152,26,122,-177,-14932,4256,2904,-1050,-170,-115,-14884,-2492,5308,-505,174,-216,0
1441.3152170181274,10884,4712,10508,-30,-72,43,9900,-9588,8120,-9,164,-250,-14940,4172,2616,-1095,-179,-77,-14996,-2496,5460,-497,167,-211,0
1441.34867811203,10904,4640,10644,-44,-77,22,10096,-9568,8188,-15,162,-215,-15020,4336,2508,-1039,-112,-114,-14896,-2484,5128,-521,174,-190,0
1441.3821959495544,10840,4628,10608,-82,-68,20,10160,-9552,8092,-72,140,-232,-15028,4072,2604,-990,-51,-132,-14960,-2436,5364,-258,148,-232,0
1441.4155550003052,10844,4776,10564,-105,-96,3,10000,-9516,8228,-79,197,-228,-14864,4112,2700,-961,20,-107,-14992,-2488,5612,-480,161,-215,0
1441.449186086655,10920,4708,10588,-134,-65,55,9808,-9588,8284,-119,165,-187,-14940,4120,2768,-972,39,-24,-15012,-2488,5316,-260,88,-181,0
1441.4827151298523,10808,4696,10520,-137,-50,75,10216,-9540,8048,-64,131,-175,-15060,4224,3008,-976,44,-51,-14644,-2628,5428,-477,116,-177,0
1441.5162019729614,10696,4836,10512,-128,-82,105,9908,-9240,8412,-25,137,-191,-15076,3900,2660,-1005,89,-44,-14812,-2672,5312,-489,160,-128,0
1441.550045967102,10792,4764,10588,-117,-46,106,9968,-9552,8312,-15,99,-196,-15104,4048,2780,-998,97,-130,-14924,-2492,5404,-517,198,-90,0
1441.5833151340485,10828,4772,10428,-132,-81,137,9960,-9420,8344,-5,86,-192,-14836,4068,2712,-1011,139,-112,-14956,-2596,5420,-480,155,-39,0
1441.6168839931488,10896,4760,10564,-195,-110,166,10040,-9516,8036,-38,81,-164,-14692,4148,2800,-974,130,-44,-15064,-2528,5388,-463,148,-23,0
1441.6502890586853,10864,4828,10676,-204,-133,195,10020,-9536,8224,-61,53,-198,-14880,4084,2748,-1047,161,-25,-15040,-2596,5420,-479,90,-46,0
1441.6837890148163,10824,4616,10760,-221,-107,187,10060,-9608,8208,-95,33,-203,-14876,4016,2608,-1027,173,-39,-14984,-2528,5440,-475,113,-56,0
1441.7173609733582,10764,4612,10688,-243,-119,163,10204,-9592,8220,-55,30,-5,-14764,4068,2976,-1073,199,-85,-14660,-2476,5532,-501,177,-52,0
1441.7510559558868,10800,4372,10660,-229,-155,168,9812,-9500,8096,-42,-22,-288,-14856,4328,2660,-1066,216,-113,-14936,-2492,5476,-480,206,1,0
1441.784166097641,10848,4580,10748,-266,-138,179,9972,-9632,8120,-44,3,-327,-14908,4188,2688,-1033,251,-114,-14896,-2360,5124,-452,233,10,0
1441.817717075348,10900,4560,10488,-275,-106,178,9880,-9676,7988,-42,255,-361,-15008,4188,2700,-1036,229,-106,-15092,-2412,5420,-463,236,-38,0
1441.8511331081393,10952,4520,10584,-304,-165,139,10152,-9548,8152,15,111,-265,-15056,4268,2548,-770,145,-156,-14956,-2504,5456,-472,195,-76,0
1441.8843140602112,10964,4852,10988,-298,-95,101,10132,-9524,8240,33,152,-226,-14948,4104,2724,-956,64,-146,-15024,-2488,5340,-493,180,-98,0
1441.9179990291595,10948,4612,10584,-282,-142,96,10116,-9256,8444,33,266,-176,-14908,4276,2856,-939,-39,-130,-15012,-2452,5124,-755,173,-142,0
1441.9516019821167,10968,4688,10692,-256,-166,82,10096,-9432,8240,4,237,-252,-14944,4080,2664,-999,76,-133,-14864,-2428,5324,-468,178,-143,0
1441.9852211475372,10992,4692,10712,-286,-216,119,10164,-9436,8140,0,162,-241,-14924,4088,2752,-1009,109,-122,-14916,-2452,5288,-470,181,-79,0
1442.0187511444092,10864,4660,10316,-261,-188,132,10120,-9480,8316,13,145,-210,-14852,4012,2780,-976,112,-169,-15028,-2756,5356,-456,170,-86,0
1442.0519280433655,10936,4764,10568,-267,-169,138,10076,-9468,8336,13,122,-217,-14880,4308,3028,-1040,110,-95,-14984,-2316,5308,-480,151,-55,0
1442.085312128067,10828,4732,10584,-257,-147,158,10016,-9524,8340,-19,66,-230,-14908,4108,2624,-1032,176,-80,-15076,-2456,5564,-463,153,-74,0
1442.1190130710602,10924,4544,10616,-236,-172,197,10060,-9524,8224,-18,255,-210,-14900,4124,2900,-1053,197,-49,-14932,-2424,5400,-500,169,-28,0
1442.1524560451508,11056,4584,10708,-218,-140,204,10052,-9596,8380,-33,-247,-232,-14884,4216,2880,-987,188,-105,-14900,-2380,5360,-500,148,-52,0
1442.1861381530762,10864,4508,10556,-185,-140,195,10100,-9624,8396,-26,-15,-211,-15024,4036,2620,-1037,239,-137,-14924,-2408,5280,-488,194,-77,0
1442.2197771072388,10928,4440,10588,-181,-196,200,10056,-9532,7984,-27,32,-234,-14924,4108,2476,-974,228,-99,-14964,-2524,5556,-489,183,-52,0
1442.2533011436465,10924,4524,10736,-151,-167,157,10192,-9524,8188,-21,39,-249,-15020,4132,2760,-1262,202,-137,-15012,-2228,5224,-267,167,-86,0
1442.2901570796969,11020,4536,10624,-98,-146,125,10052,-9528,8048,-55,89,-242,-15000,4080,2468,-942,76,-136,-14988,-2404,5548,-473,191,-136,0
1442.3254990577698,10896,4572,10676,-148,-111,92,10108,-9556,8208,251,121,-191,-14956,4148,2648,-937,105,-85,-14940,-2448,5348,-470,153,-144,0
1442.361221075058,11088,4524,10316,-79,-65,56,10072,-9456,8204,-116,145,-176,-14960,4040,2748,-998,81,-46,-15016,-2408,5308,-265,106,-192,0
1442.3960640430453,11080,4516,10384,-109,-25,41,10064,-9484,8196,-2,224,-126,-14848,3952,2588,-1004,9,-77,-15004,-2408,5228,-523,124,-161,0
1442.4324889183044,10944,4636,10712,-131,10,89,10136,-9368,8356,20,163,-112,-14916,4056,2980,-998,70,-68,-14928,-2440,5284,-474,121,-144,0
1442.4686739444733,10948,4672,10580,-74,-46,39,10036,-9244,8316,-68,207,-142,-14992,3844,2692,-978,97,-76,-15056,-2504,5356,-488,150,-158,0
1442.5038311481476,10972,4740,10288,-115,-28,80,10112,-9436,8148,-51,140,-182,-14924,4084,2624,-1001,103,-51,-14932,-2556,5312,-487,104,-149,0
1442.5396189689636,10936,4560,10556,-31,-66,95,10236,-9232,8340,-18,108,-163,-14980,4116,2728,-996,74,-19,-15008,-2352,5472,-520,62,-150,0
1442.5750489234924,10956,4700,10676,-60,4,100,10120,-9532,8312,-65,149,-87,-15084,4320,2608,-915,47,-5,-14984,-2432,5592,-527,18,-152,0
1442.610897064209,10868,4616,10580,-71,-8,97,10108,-9616,7976,-98,146,-115,-14884,4144,2692,-944,66,-4,-14924,-2388,5356,-535,56,-134,0
1442.6471600532532,10960,4576,10620,-103,-33,128,10080,-9596,8120,-63,112,-128,-14832,4108,2744,-973,160,17,-14832,-2336,5152,-509,124,-108,0
1442.6823790073395,10792,4360,10632,-63,-22,132,10012,-9500,8096,-65,39,-148,-14864,4008,2840,-1005,167,-53,-14808,-2384,5392,-261,139,-103,0
1442.7181639671326,10948,4552,10612,-72,-49,122,10148,-9304,7992,-107,87,-187,-14952,4116,2928,-959,158,-39,-15004,-2432,5612,-492,154,-108,0
1442.753679037094,10884,4548,10516,-122,-26,87,10072,-9672,8140,-45,124,-205,-14948,4156,2576,-966,139,-55,-15032,-2500,5396,-520,137,-156,0
1442.7896549701693,10960,4620,10708,-73,-36,103,10084,-9496,8056,-50,116,-171,-15016,4176,2688,-995,55,-62,-14988,-2376,5524,-534,146,-178,0
1442.8252189159393,10848,4404,10332,-54,-9,87,10168,-9520,8188,-40,145,-148,-14844,4176,2764,-1004,37,-62,-15056,-2420,5292,-268,105,-167,0
1442.8611731529236,10904,4596,10576,-78,-34,82,10108,-9452,8140,-58,131,-157,-14888,4008,2820,-947,59,-82,-15088,-2548,5404,-503,131,-154,0
1442.8961460590365,10872,4668,10600,-90,-45,75,10160,-9472,8236,-84,153,-180,-15008,4060,2796,-978,72,-84,-14908,-2448,5436,-766,149,-153,0
1442.9329090118408,10892,4632,10472,-93,-64,59,10032,-9484,8156,-31,111,-209,-14828,4108,2708,-1004,86,-72,-14980,-2348,5156,-512,144,-155,0
1442.9665899276733,10784,4672,10632,-54,-49,88,10048,-9516,8228,-29,141,-166,-15036,4140,2584,-1043,78,-98,-14952,-2464,5460,-504,173,-176,0
1443.000065088272,10964,4612,10544,-91,-76,80,10144,-9644,7952,-39,124,-190,-14924,4176,2892,-1010,90,-83,-14912,-2584,5260,-510,186,-155,0
1443.033674955368,10852,4688,10472,-64,-36,88,10136,-9556,7940,-79,119,-205,-14928,3876,2792,-988,77,-18,-14928,-2596,5360,-508,155,-142,0
1443.0673949718475,10908,4432,10652,-62,-50,86,10096,-9572,8056,-7,135,-181,-14992,4204,2724,-1013,38,-43,-15080,-2512,5596,-525,167,-164,0
1443.1008830070496,10880,4608,10692,-99,-53,106,10032,-9460,8272,-8,168,-155,-14884,4104,2724,-1280,49,-118,-15100,-2596,5280,-509,103,-143,0
1443.1341400146484,10952,4752,10464,-87,-13,103,10096,-9480,8432,-70,128,-140,-14968,3852,2744,-1001,85,-81,-14860,-2568,5292,-474,152,-128,0
1443.167776107788,10836,4672,10648,-118,-65,93,10060,-9620,8148,-34,120,-172,-14964,4300,2752,-1015,117,-62,-14932,-2516,5256,-495,147,-117,0
1443.2012820243835,10804,4660,10524,-132,-1,104,10148,-9460,8200,-33,93,-154,-14908,4084,2740,-1031,99,-22,-14880,-2468,5420,-490,173,-114,0
1443.2348520755768,10776,4776,10256,-87,-34,112,10220,-9504,8076,-23,131,-152,-14932,4148,2736,-1035,83,-60,-14956,-2336,5620,-482,149,-134,0
1443.2684381008148,10840,4732,10544,-111,-46,108,10164,-9580,8136,-38,138,-166,-14944,4080,2704,-960,77,-89,-15072,-2416,5344,-484,136,-135,0
1443.3017489910126,10912,4728,10640,-138,-78,96,10000,-9600,8388,-61,175,-144,-14832,4192,2700,-983,69,-77,-14868,-2332,5148,-485,134,-127,0
1443.3353130817413,10904,4628,10296,-135,-68,103,10100,-9512,8116,-30,108,-176,-15084,4168,2932,-1017,116,-66,-14824,-2444,5332,-489,164,-115,0
1443.3689839839935,10808,4628,10564,-134,-39,104,10012,-9476,8100,-19,129,-189,-14604,4100,2576,-773,123,-58,-14888,-2424,5444,-479,174,-150,0
1443.402323961258,10900,4784,10528,-136,-89,98,10080,-9504,8024,-43,480,-137,-14856,4212,2584,-997,98,-89,-14872,-2416,5440,-504,158,-116,0
1443.4357731342316,10904,4692,10684,-150,-14,88,10112,-9584,8244,-14,129,-169,-15104,4140,2788,-1010,84,-116,-14872,-2460,5388,-497,172,-125,0
1443.469267129898,10752,4740,10604,-162,-57,100,10136,-9620,8200,-5,157,-143,-14868,3996,2800,-1034,118,-60,-14940,-2664,5160,-494,171,-103,0
1443.5030269622803,10964,4844,10620,-180,-39,109,10088,-9500,8152,11,138,-180,-14856,4084,2640,-1045,125,-74,-14928,-2472,5348,-474,122,-96,0
1443.536821126938,10552,4804,10728,-201,-72,116,10208,-9552,8180,-251,138,-200,-14972,4172,2784,-976,90,-114,-14952,-2544,5424,-469,135,-100,0
1443.5703101158142,10848,4628,10716,-230,-130,113,10212,-9560,8228,-40,149,-224,-14928,4156,2884,-922,137,-117,-14972,-2556,5328,-477,159,-67,0
1443.6039509773254,10872,4696,10624,-194,-145,121,10172,-9584,8308,-81,112,-223,-15028,4220,2640,-914,133,-140,-14896,-2552,5312,-499,143,-64,0
1443.63729596138,10828,4672,10704,-200,-102,128,10188,-9584,8196,-80,119,-190,-14904,4072,2692,-920,99,-136,-15088,-2480,5296,-523,133,-58,0
1443.6708970069883,10764,4608,10468,-238,-54,91,10024,-9568,8184,-30,210,-192,-14912,4096,2660,-974,111,-122,-14816,-2480,5320,-488,172,-87,0
1443.7044930458069,10888,4860,10608,-247,-63,112,10044,-9492,8208,-15,205,-187,-14868,4180,2692,-948,128,-83,-14856,-2452,5284,-472,164,-81,0
1443.7380950450895,10828,4640,10608,-236,-68,119,10220,-9344,8176,-28,160,-212,-15004,4116,2700,-959,191,-129,-14940,-2492,5208,-476,182,-16,0
1443.7716550827026,10916,4716,10720,-200,-120,157,10112,-9564,8096,-53,169,-216,-14956,4264,2684,-984,147,-132,-15076,-2484,5380,-516,175,-67,0
1443.8052799701693,10868,4688,10632,-283,-132,157,10004,-9564,8192,253,153,-213,-14856,4168,2608,-1003,151,-131,-14940,-2572,5420,-495,174,-98,0
1443.8390431404114,10936,4840,10660,-221,-105,121,10148,-9424,8384,-27,158,-197,-14780,4064,2640,-941,150,-153,-14980,-2492,5352,-474,196,-66,0
1443.8724820613859,10876,4660,10696,-215,-145,87,10132,-9580,8228,10,178,-228,-14948,4228,2604,-939,119,-117,-15052,-2468,5348,-452,205,-72,0
1443.9058229923248,10912,4588,10792,-262,-118,91,10052,-9544,8012,39,205,-221,-14920,4156,2616,-974,63,-115,-14936,-2384,5468,-451,141,-120,0
1443.9392750263214,11044,4628,10332,-248,-92,103,10104,-9552,8408,67,200,-146,-15000,4152,2832,-967,25,-74,-14908,-2496,5296,-485,99,-102,0
1443.9761710166931,10852,4692,10524,-280,-75,126,9992,-9648,8424,47,140,-193,-14868,4008,2872,-961,128,-92,-14940,-2536,5332,-443,158,-57,0
1444.011775970459,10760,4636,10664,-273,-169,162,10064,-9548,8252,-24,108,-230,-14876,4084,2492,-999,175,-101,-14600,-2516,5320,-467,222,-45,0
1444.0480160713196,10912,4588,10548,-232,-231,174,10064,-9544,8244,22,81,-244,-14856,3944,2732,-981,168,-206,-14880,-2420,5364,-483,243,-37,0
1444.083127975464,10828,4656,10700,-198,-182,204,10208,-9716,7984,253,80,-238,-14912,4144,2812,-1037,177,-170,-14984,-2404,5280,-483,228,-58,0
1444.119243144989,10952,4596,10468,-213,-210,185,10204,-9268,8312,-250,127,-237,-15112,4208,2644,-1012,115,-133,-15056,-2412,5248,-450,197,-70,0
1444.154235124588,10940,4504,10656,-209,-150,161,10184,-9488,8228,14,127,-219,-15048,4176,2764,-980,113,-121,-15052,-2336,5368,-492,180,-79,0
1444.1897871494293,10948,4540,10500,-145,-151,109,10204,-9520,8100,-22,117,-212,-15028,4000,2624,-964,118,-134,-14940,-2396,5304,-760,159,-106,0
1444.2249779701233,11224,4556,10408,-115,-98,119,10164,-9448,8420,-56,97,-203,-14908,3952,2608,-983,105,-90,-15004,-2416,5228,-497,135,-104,0
1444.2607340812683,10944,4404,10404,-114,-119,124,10160,-9304,7956,-105,113,-223,-14908,4056,2584,-975,111,-73,-14824,-2404,5240,-501,110,-151,0
1444.2960970401764,10972,4560,10548,-88,-109,96,10152,-9496,8076,-83,115,-220,-15004,4052,2732,-1013,37,-110,-14912,-2372,5324,-507,127,-165,0
1444.3318741321564,10924,4556,10424,-78,-38,55,9740,-9572,8164,-30,177,-160,-14660,4188,2692,-1036,43,-42,-14908,-2400,5392,-513,134,-171,0
1444.3678629398346,11000,4628,10508,-70,-10,70,9984,-9552,8072,253,134,-167,-14980,4092,2800,-1058,60,-47,-15000,-2428,5384,-486,127,-134,0
1444.4030959606173,10844,4392,10732,-94,-43,86,9968,-9524,7944,-18,149,-192,-14908,4116,2768,-1056,50,-47,-14876,-2456,5408,-464,168,-158,0
1444.4386920928955,10848,4668,10520,-73,-62,93,10048,-9504,8368,-40,126,-183,-14904,3992,2732,-1012,71,-66,-14872,-2472,5360,-512,104,-129,0
1444.4737141132355,10932,4620,10688,-69,-56,114,10024,-9560,8336,-61,114,-162,-15052,4108,2796,-1005,57,-33,-14968,-2568,5324,-516,114,-153,0
1444.5092680454254,10948,4600,10292,-55,-35,99,10072,-9396,8200,-23,145,-137,-15100,4104,2760,-779,67,-79,-14948,-2436,5332,-498,111,-133,0
1444.544604063034,10864,4716,10564,-69,-16,108,10168,-9584,7960,-108,110,-156,-15032,4104,2744,-1008,81,-53,-15084,-2532,5576,-495,121,-170,0
1444.580677986145,10916,4696,10652,-110,-13,58,10064,-9520,8084,-52,120,-174,-14892,4112,2660,-999,67,-50,-14888,-2488,5388,-466,125,-169,0
1444.6168501377106,10888,4552,10360,-93,6,93,10168,-9524,8080,-27,115,-161,-14932,4088,2624,-1087,79,-46,-15012,-2524,5624,-483,134,-117,0
1444.650090932846,10876,4612,10640,-38,5,84,10180,-9616,8104,-36,128,-131,-15020,4100,2608,-1032,44,-252,-15152,-2464,5352,-497,119,-153,0
1444.6836359500883,10996,4692,10612,-91,11,87,10144,-9580,8060,-70,113,-144,-14904,4124,2608,-969,70,-248,-14928,-2532,5396,-488,108,-152,0
1444.7172889709473,10936,4700,10672,-90,11,105,9964,-9496,8280,-68,154,-142,-14996,4072,2768,-979,89,-52,-14900,-2488,5500,-526,111,-156,0
1444.7508490085602,10928,4376,10472,-94,-42,75,10076,-9564,8184,-56,126,-141,-14952,4196,2728,-778,93,-33,-15012,-2332,5144,-513,151,-169,0
1444.784166097641,10916,4568,10672,-44,16,104,10052,-9520,8420,-46,129,-151,-15104,4148,2568,-1278,84,-49,-14964,-2580,5420,-768,118,-157,0
1444.8177020549774,10788,4664,10320,-62,-50,78,10088,-9532,8184,-12,149,-183,-14920,4124,2600,-1280,87,-54,-14868,-2524,5372,-471,134,-155,0
1444.8512160778046,10916,4676,10520,-84,-255,91,10000,-9460,8160,-62,119,-158,-14896,4124,2840,-974,102,-69,-14964,-2560,5160,-499,135,-151,0
1444.884567975998,10880,4684,10548,-72,-62,111,10104,-9512,8160,-36,132,-174,-14896,4172,2560,-1044,134,-114,-14928,-2480,5464,-478,163,-153,0
1444.918240070343,10808,4612,10748,-84,-47,110,10116,-9724,8136,-36,81,-186,-14900,4156,2764,-779,146,-71,-15084,-2532,5256,-496,165,-117,0
1444.951786994934,10860,4712,10640,-98,-88,124,10116,-9480,8388,-59,105,-187,-14916,4112,2708,-996,123,-58,-14956,-2380,5284,-458,141,-85,0
1444.9852290153503,10888,4684,10684,-104,-63,83,10132,-9596,8272,-83,122,-184,-14980,4200,2616,-962,115,-7,-15044,-2380,5416,-525,136,-127,0
1445.0187790393827,10900,4608,10692,-118,-45,116,10072,-9516,8240,-36,113,-158,-14964,4172,2660,-1002,100,-107,-15024,-2472,5400,-482,113,-125,0
1445.0523250102997,10860,4696,10700,-107,-13,103,10064,-9520,8136,-18,124,-156,-14868,4072,2652,-1017,144,-112,-14884,-2504,5344,-510,123,-132,0
1445.0856189727783,10808,4672,10480,-98,-51,74,10020,-9548,8036,-78,112,-209,-14904,4168,2624,-994,108,-86,-15036,-2424,5352,-510,185,-140,0
1445.119439125061,10872,4708,10544,-117,-89,127,10128,-9584,8200,-34,94,-176,-15024,4148,2716,-994,122,-46,-14948,-2380,5336,-486,123,-111,0
1445.1530299186709,10820,4632,10532,-95,-33,95,10236,-9664,8004,-65,120,-168,-14844,4120,2704,-992,117,-16,-15048,-2492,5360,-486,110,-115,0
1445.186245918274,10892,4720,10504,-151,-31,89,10100,-9684,7936,-27,157,-140,-14908,4196,2680,-996,53,-40,-14944,-2348,5332,-487,102,-155,0
1445.220008134842,10796,4676,10656,-151,9,105,9880,-9560,8224,-48,210,-141,-14860,4144,2824,-966,76,-83,-15104,-2536,5372,-474,100,-130,0
1445.2536189556122,10812,4680,10612,-198,-33,123,10040,-9632,8168,-45,132,-175,-14856,4084,2724,-1010,126,-64,-14912,-2528,5428,-528,119,-123,0
1445.2872610092163,10976,4828,10504,-170,-116,110,10128,-9644,8408,-12,134,-213,-14920,4108,2768,-987,112,-99,-14892,-2444,5480,-485,173,-106,0
1445.3207790851593,10692,4756,10608,-184,-71,91,10076,-9532,7956,-7,123,-228,-14648,4156,2868,-966,160,-99,-14968,-2464,5432,-478,183,-77,0
1445.3543181419373,10912,4724,10288,-189,-114,131,10024,-9536,8280,-16,105,-212,-14900,4152,2628,-961,125,-114,-14900,-2552,5324,-500,188,-79,0
1445.3876540660858,10804,4676,10504,-189,-141,163,10056,-9564,8120,-36,120,-193,-14876,4084,2808,-916,122,-142,-14964,-2608,5384,-499,208,-37,0
1445.4257299900055,10880,4744,10896,-223,-119,132,10096,-9224,8104,-65,149,-223,-14920,4140,2544,-930,149,-94,-14988,-2464,5316,-485,160,-72,0
1445.4597871303558,10864,4728,10628,-233,-97,125,10168,-9448,8100,-47,173,-201,-14860,4216,2796,-985,119,-91,-14988,-2472,5156,-469,152,-84,0
1445.4933230876925,10864,4684,10624,-290,-97,167,10180,-9532,8104,-23,168,-167,-15020,4084,2664,-970,131,-89,-15028,-2468,5380,-491,143,-73,0
1445.5270750522614,10824,4672,10684,-289,-94,150,10160,-9572,8128,16,161,-197,-14932,4344,2600,-962,125,-135,-14940,-2524,5200,-492,141,-84,0
1445.5606150627136,10788,4692,10652,-247,-128,129,10176,-9564,8080,-2,180,-230,-14940,4284,2560,-929,122,-200,-14948,-2520,5132,-464,177,-99,0
1445.5939140319824,10824,4684,10772,-285,-181,111,10108,-9480,8220,17,168,-262,-14912,4108,2624,-919,111,-153,-15080,-2496,5132,-449,223,-87,0
1445.629802942276,10868,4656,10496,-220,-203,138,10136,-9712,8440,5,185,-251,-14936,4104,2584,-939,103,-129,-14984,-2504,5208,-471,210,-49,0
1445.664932012558,10904,4680,10700,-505,-191,161,10124,-9480,8252,-28,183,-208,-14852,4128,2648,-959,138,-112,-15020,-2528,5468,-473,197,-60,0
1445.7001750469208,10848,4660,10716,-234,-152,179,10040,-9564,8192,-33,139,-194,-14888,4088,2576,-1009,136,-96,-14964,-2464,5380,-503,150,-17,0
1445.7353720664978,10876,4648,10528,-247,-153,204,10116,-9596,8044,-24,77,-176,-14988,4128,2788,-1015,187,-80,-15000,-2472,5512,-513,125,-5,0
1445.7706520557404,10820,4640,10748,-219,-169,223,10212,-9528,8260,-15,43,-146,-15000,4084,2712,-1015,177,-97,-15012,-2316,5488,-524,141,-41,0
1445.8055999279022,10936,4792,10556,-209,-148,203,10224,-9584,8096,-15,78,-175,-15104,4300,2760,-999,162,-104,-14960,-2476,5612,-533,165,-70,0
1445.8411490917206,10972,4560,10520,-149,-149,153,10136,-9532,8208,-30,105,-181,-14924,4068,2620,-1009,149,-94,-14960,-2480,5408,-550,179,-98,0
1445.8770711421969,10940,4712,10600,-149,-167,121,10160,-9512,8044,-32,130,-231,-14888,4032,2348,-982,117,-109,-14972,-2428,5440,-480,179,-87,0
1445.9121749401093,11144,4352,10612,-132,-130,104,10116,-9548,8428,-88,132,-225,-14956,4140,2764,-915,60,-80,-14980,-2352,5212,-502,126,-135,0
1445.9480381011963,10880,4508,10608,-153,-137,93,10092,-9592,8216,-58,114,-205,-14940,4136,2512,-1055,61,-58,-14888,-2464,5260,-463,131,-162,0
1445.983740091324,10828,4660,10724,-140,-114,108,10064,-9556,8136,-52,127,-178,-14876,3940,2648,-1023,97,-93,-14724,-2720,5204,-497,128,-145,0
1446.01948595047,10824,4648,10512,-38,-128,57,10160,-9512,8068,-88,134,-212,-14848,4164,2492,-997,70,-63,-14896,-2088,5304,-518,181,-201,0
1446.0551149845123,10900,4432,10408,-148,-51,89,10244,-9260,8064,58,157,-170,-14996,4096,2468,-1121,35,-83,-14908,-2408,5480,-464,140,-147,0
1446.0902359485626,10976,4716,10668,-135,-40,101,10168,-9456,8116,43,188,-187,-14944,4172,2700,-1059,4,-61,-14904,-2476,5156,-462,144,-172,0
1446.1256449222565,10828,4732,10576,-176,-121,64,10068,-9584,8252,-27,162,-208,-14912,4316,2788,-772,34,-81,-14980,-2540,5424,-480,124,-144,0
1446.161154985428,10920,4720,10744,-101,-137,89,10072,-9492,8300,-89,118,-199,-14944,4144,2700,-974,96,-67,-14924,-2492,5612,-539,139,-92,0
1446.1973240375519,10940,4644,10436,-152,-166,151,10012,-9432,8388,-45,117,-191,-14824,4108,2352,-1017,156,-84,-14924,-2508,5436,-493,160,-70,0
1446.2321200370789,10908,4860,10256,-179,-110,157,10036,-9708,8180,-27,111,-170,-14872,4072,2692,-976,173,-107,-14948,-2460,5424,-473,173,-82,0
1446.26815700531,10920,4672,10468,-131,-90,120,10184,-9552,7972,-88,108,-180,-15068,4084,2692,-962,131,-72,-15048,-2468,5352,-505,125,-139,0
1446.3037729263306,10948,4660,10624,-156,-26,122,10104,-9532,8208,-40,117,-152,-15008,4140,2832,-1005,128,-65,-14924,-2388,5128,-482,158,-94,0
1446.3373610973358,10936,4604,10608,-142,-69,125,10148,-9588,8136,-10,87,-168,-14884,4128,2480,-1039,120,-65,-14964,-2360,5284,-490,188,-62,0
1446.3709831237793,10972,4820,10552,-155,-71,151,10032,-9484,8168,-44,90,-150,-14600,4164,2764,-1022,153,-60,-14932,-2496,5360,-502,154,-72,0
1446.4044389724731,10832,4852,10512,-161,-83,160,10060,-9552,8064,-66,119,-184,-14884,4176,2676,-1277,125,-91,-14840,-2444,5372,-511,138,-85,0
1446.438148021698,10876,4560,10536,-174,-68,130,10140,-9536,8148,-59,123,-177,-14980,4272,2668,-1063,70,-89,-14988,-2340,5552,-528,122,-108,0
1446.471722126007,10852,4596,10660,-165,-37,105,10096,-9548,8232,47,158,-173,-14776,4132,2628,-1073,45,-67,-14896,-2480,5364,-755,126,-147,0
1446.5050699710846,10848,4860,10648,-138,-47,69,10096,-9476,8264,35,184,-230,-14964,4132,2636,-1017,108,-158,-14832,-2552,5212,-452,201,-132,0
1446.5386350154877,10916,4692,10728,-128,-130,80,10060,-9512,8384,-59,137,-241,-14872,4060,2496,-901,162,-157,-14920,-2516,5304,-430,222,-134,0
1446.5721139907837,10860,4736,10672,-181,-204,86,10056,-9416,8152,-121,177,-6,-14948,4084,2764,-862,114,-147,-15352,-2416,5316,-417,166,-152,0
1446.6054890155792,10968,4788,10520,-154,-128,99,10128,-9444,8304,-108,180,-199,-14904,4252,2788,-968,78,-51,-15088,-2380,5368,-491,142,-94,0
1446.6390390396118,11084,4632,10704,-214,-41,100,10228,-9612,8200,-64,133,-153,-14936,4176,2560,-1084,39,-7,-14924,-2420,5404,-502,114,-87,0
1446.672313928604,10780,4616,10720,-154,-12,150,10104,-9476,8136,-23,107,-91,-14992,4320,2724,-1154,41,-19,-14960,-2356,5356,-579,63,-130,0
1446.7056329250336,10940,4368,10532,-124,-20,159,10144,-9708,7940,255,131,-113,-14920,4048,2788,-1143,62,-68,-15064,-2380,5408,-601,106,-156,0
1446.7392330169678,10828,4700,10668,-127,-18,109,10020,-9264,7972,50,99,-170,-14796,3956,2700,-1071,115,-120,-14768,-2320,5340,-766,177,-113,0
1446.7728610038755,10552,4760,10668,-87,-94,135,10132,-9420,8216,-15,79,-209,-14876,3944,2604,-931,192,-126,-14992,-2308,5408,-448,204,-122,0
1446.8066301345823,10980,4684,10512,-104,-137,112,10188,-9364,8184,-100,108,-209,-14920,3984,2692,-859,166,-44,-15024,-2504,5396,-423,123,-125,0
1446.840136051178,10904,4644,10712,-169,-88,92,10164,-9612,8140,-139,154,-193,-14968,4024,2712,-896,113,-59,-15020,-2452,5152,-442,114,-101,0
1446.8733501434326,10752,4576,10652,-173,-50,84,10016,-9540,8072,-102,149,-150,-14880,4296,2628,-996,62,-39,-14936,-2084,5620,-492,118,-104,0
1446.9067060947418,10988,4500,10540,-246,-66,146,10068,-9636,8092,-30,114,-155,-14836,4316,2516,-1083,101,-50,-14904,-2332,5384,-261,155,-111,0
1446.940264940262,10776,4464,10552,-155,-53,143,10140,-9660,8096,-18,104,-167,-14992,4180,2548,-1106,75,-66,-14940,-2420,5348,-534,156,-130,0
1446.973904132843,10900,4560,10672,-118,-96,120,10148,-9576,8088,63,126,-206,-14888,4336,2608,-1080,102,-124,-14840,-2392,5504,-539,193,-101,0
1447.0073981285095,10840,4548,10536,-97,-82,132,10164,-9536,8080,64,105,-209,-14712,4100,2716,-1045,157,-122,-14936,-2476,5316,-516,220,-131,0
1447.0411100387573,10908,4724,10572,-108,-91,134,10104,-9720,8128,-253,96,-209,-14960,3972,2420,-990,164,-134,-14856,-2496,5200,-484,148,-127,0
1447.0747320652008,10968,4556,10264,-155,-93,109,10112,-9368,8300,-85,148,-176,-14980,3880,2968,-982,91,-49,-15012,-2508,5140,-459,103,-136,0
1447.108099937439,10976,4612,10400,-227,-89,84,10076,-9476,8180,-113,169,-175,-14988,3880,2724,-956,58,-15,-14936,-2444,5320,-437,165,-146,0
1447.1415491104126,10860,4704,10376,-204,-81,58,10108,-9508,7936,-84,168,-186,-15008,4064,2712,-996,33,-1,-14992,-2388,5356,-467,147,-170,0
1447.1753129959109,10948,4556,10744,-113,-10,38,10224,-9532,8124,-81,135,-140,-15000,4188,2524,-773,40,-47,-14880,-2312,5244,-509,82,-200,0
1447.208722114563,10952,4508,10464,-73,9,40,10096,-9452,8200,14,151,-152,-15080,4052,2700,-1250,-27,-111,-14996,-2432,5296,-513,117,-184,0
1447.2421231269836,10920,4676,10588,-45,42,70,10044,-9552,8320,49,101,-142,-15028,4152,2640,-1119,112,-72,-14936,-2496,5400,-260,150,-129,0
1447.2757060527802,10916,4784,10620,-61,42,124,10104,-9484,8172,-4,69,-137,-14888,4108,2576,-1076,156,-4,-15040,-2452,5572,-489,103,-148,0
1447.3119230270386,10992,4712,10652,-54,16,135,10228,-9556,8116,-69,139,-102,-14940,4204,2668,-1058,68,-27,-14932,-2456,5472,-518,93,-146,0
1447.3480200767515,10876,4764,10492,-118,251,129,10116,-9444,8176,-41,149,-118,-14892,4072,2572,-1091,32,10,-14916,-2636,5500,-489,79,-184,0
1447.3836860656738,10940,4692,10624,-52,46,82,10136,-9592,7972,-117,199,-93,-14868,3976,2800,-779,245,40,-14864,-2508,5428,-500,100,-215,0
1447.4196820259094,10844,4672,10540,-126,-14,24,10132,-9620,8112,-41,186,-135,-14796,4192,2676,-973,47,-46,-14712,-2440,5532,-463,104,-203,0
1447.4555530548096,10792,4628,10504,-101,54,49,10068,-9492,8016,-19,168,-141,-14824,4204,2656,-976,57,-50,-14776,-2516,5292,-450,144,-159,0
1447.4917211532593,10804,4680,10604,-101,16,105,10088,-9704,8300,-22,118,-180,-14864,4212,2560,-1036,95,-74,-14968,-2408,5484,-494,159,-152,0
1447.5277481079102,10804,4724,10720,-106,-34,99,10124,-9544,8140,-57,144,-181,-14936,4148,2620,-988,94,-68,-15020,-2376,5448,-489,142,-141,0
1447.5627770423887,10772,4600,10632,-124,-46,130,10068,-9592,8176,-69,94,-163,-14812,4188,2596,-998,110,-85,-14992,-2484,5388,-527,131,-114,0
1447.5987319946287,10908,4692,10504,-104,-92,144,10036,-9592,8124,-29,115,-165,-14784,4320,2680,-1043,142,-53,-14884,-2488,5316,-767,163,-136,0
1447.63410115242,10804,4672,10492,-99,-33,140,10120,-9532,7972,-29,180,-135,-14636,4308,2364,-1033,91,-57,-14868,-2500,5380,-493,152,-159,0
1447.6697411537173,10916,4684,10472,-145,-39,113,10020,-9532,8148,-11,157,-175,-14960,3840,2748,-996,69,-70,-14852,-2512,5436,-484,112,-131,0
1447.7047860622406,10824,4668,10672,-178,-22,101,10072,-9604,8320,253,171,-177,-14992,4184,2784,-1008,74,-100,-14980,-2516,5160,-461,141,-105,0
1447.7402119636536,10792,4748,10620,-280,-87,78,10088,-9516,8328,58,178,-202,-14800,4236,2768,-948,112,-110,-14856,-2548,5460,-435,180,-43,0
1447.7755630016327,10900,4796,10668,-231,-159,137,10052,-9592,8404,-15,97,-255,-14804,3872,2688,-900,176,-167,-14880,-2596,5440,-487,182,-88,0
1447.8112280368805,10880,4636,10680,-132,-233,148,10112,-9592,8196,-136,97,-237,-14996,3880,2812,-858,128,-110,-14992,-2440,5384,-765,157,-91,0
1447.8472080230713,10888,4720,10512,-198,-194,152,10036,-9432,8068,-81,158,-209,-14836,4140,2640,-923,139,-149,-14868,-2496,5372,-466,165,-76,0
1447.882204055786,10800,4596,10724,-273,-200,135,10080,-9556,8032,-20,183,-210,-14864,4212,3028,-922,154,-125,-14856,-2452,5392,-480,191,-58,0
1447.9182529449463,10908,4692,10296,-316,-170,160,10092,-9668,8096,-255,167,-211,-14912,4176,2728,-909,147,-152,-15020,-2548,5452,-467,212,-51,0
1447.9536910057068,10840,4644,10672,-330,-219,124,10176,-9632,8000,34,190,-233,-14976,4216,2516,-949,169,-228,-14896,-2440,5388,-461,235,-16,0
1447.9890389442444,10932,4716,10756,-329,-512,158,10144,-9524,8124,28,156,-267,-14632,3872,2636,-937,182,-208,-15020,-2536,5124,-463,189,-18,0
1448.0226969718933,10960,4812,10640,-321,-275,185,10008,-9384,8168,-7,150,-252,-14956,4172,2656,-973,173,-131,-15020,-2524,5492,-481,155,-48,0
1448.05623793602,10952,4584,10308,-344,-237,167,10172,-9532,8256,23,126,-237,-15008,4320,2616,-971,105,-100,-15036,-2456,5368,-465,112,-84,0
1448.0899181365967,10548,4576,10580,-275,-178,152,10168,-9464,8164,36,143,-204,-14972,3844,2756,-990,94,-86,-14908,-2492,5388,-486,143,-77,0
1448.123326063156,10880,4452,10660,-235,-165,107,10072,-9492,8424,17,177,-229,-14952,4052,2752,-970,133,-150,-15096,-2312,5140,-481,207,-73,0
1448.1566030979156,10960,4572,10488,-249,-151,125,10220,-9400,8048,75,101,-260,-14896,4040,2508,-1037,118,-152,-14960,-2376,5356,-454,231,-101,0
1448.1898069381714,10952,4560,10464,-197,-141,139,10176,-9700,7936,39,118,-207,-15000,4116,2764,-1032,86,-65,-14940,-2528,5372,-451,158,-115,0
1448.2233629226685,10944,4580,10468,-190,-101,105,10120,-9516,8116,-27,150,-202,-14880,4168,2780,-1045,99,-63,-14968,-2428,5180,-481,123,-100,0
1448.2569041252136,11216,4752,10828,-88,-41,97,10036,-9552,8292,-54,129,-155,-14892,4112,2704,-1006,97,-105,-14900,-2404,5628,-488,103,-128,0
1448.2902059555054,10992,4540,10420,-148,-29,113,10136,-9500,8116,-55,149,-142,-14836,4068,2788,-1002,67,-63,-14896,-2384,5436,-499,154,-138,0
1448.3237249851227,10888,4560,10592,-52,933,-106,9932,-9432,8116,42,123,-115,-14604,3848,2624,-1073,116,-15,-14924,-2552,5436,-495,99,-105,0
1448.3570659160614,10900,4624,10584,-144,14,115,10084,-9536,8284,-25,139,-159,-14712,3956,2812,-1041,127,-55,-14864,-2488,5364,-474,156,-114,0
1448.3904819488525,10880,4584,10728,-194,-45,141,10084,-9604,8196,-9,149,-190,-14984,4116,2720,-1019,114,-122,-14992,-2404,5436,-472,180,-72,0
1448.4239840507507,10844,4568,10632,-128,-106,139,10088,-9580,8276,-40,111,-183,-14888,4200,2696,-983,129,-112,-14948,-2408,5596,-502,199,-78,0
1448.457633972168,10948,4512,10740,-108,-121,135,10148,-9560,8200,-45,124,-203,-14892,4156,2720,-1017,122,-77,-14928,-2476,5436,-475,191,-125,0
1448.4911329746246,10788,4584,10592,-150,-107,121,9972,-9508,8404,-36,159,-198,-14864,4132,2788,-1015,131,-73,-14936,-2452,5352,-470,173,-102,0
1448.5247480869293,10832,4604,10596,-151,-115,115,10008,-9544,8208,-54,133,-209,-14636,3876,2680,-988,142,-122,-14976,-2456,5332,-469,187,-105,0
1448.5585069656372,10892,4464,10480,-131,-90,103,10140,-9496,8012,-75,161,-176,-14972,4120,2596,-982,134,-120,-14876,-2388,5476,-527,184,-109,0
1448.5919060707092,10952,4532,10316,-78,-116,154,10144,-9484,8132,-39,52,-209,-14892,3980,2760,-988,183,-123,-14976,-2500,5320,-476,162,-71,0
1448.6255950927734,11060,4536,10428,-61,-63,126,10284,-9432,8120,-92,101,-194,-15008,4008,2736,-954,133,-99,-15064,-2388,5276,-494,168,-108,0
1448.6589570045471,11104,4588,10736,-165,-119,93,10028,-9232,8088,-48,150,-201,-15116,4084,2500,-771,50,-66,-15088,-2332,5580,-257,135,-128,0
1448.6924159526825,10788,4420,10600,-131,-76,67,10180,-9724,8420,-1,173,-173,-14860,4140,2784,-1007,56,-56,-14920,-2444,5296,-523,106,-186,0
1448.7259149551392,10816,4632,10504,-90,-34,47,10156,-9520,8204,-10,185,-164,-14992,3852,2368,-1061,21,-96,-15008,-2432,5200,-500,130,-197,0
1448.7592530250547,10876,4628,10624,-119,-18,23,10136,-9432,8444,-8,199,-165,-14932,4312,2688,-1046,7,-63,-14972,-2480,5480,-485,144,-111,0
1448.7928359508514,10928,4684,10920,-199,-33,52,9992,-9676,8240,-47,171,-194,-14820,4088,2600,-980,95,-83,-14964,-2480,5504,-464,171,-97,0
1448.8264610767365,10908,4680,10524,-152,-61,93,10000,-9520,8204,-81,117,-177,-14856,4144,2692,-980,137,-61,-15012,-2368,5392,-503,123,-68,0
1448.8599479198456,10888,4648,10532,-145,-85,132,10008,-9512,8168,-80,121,-182,-14916,4204,2700,-971,149,-67,-15008,-2484,5308,-491,159,-49,0
1448.8933370113373,10996,4608,10620,-124,-80,142,10080,-9708,8296,-60,65,-159,-14840,4056,2648,-1022,148,-85,-14884,-2436,5312,-500,147,-40,0
1448.927250146866,10892,4428,10476,-147,-67,179,10172,-9492,8028,-39,83,-133,-14920,4108,2756,-1009,119,-82,-15036,-2388,5172,-539,146,-84,0
1448.9607379436493,10900,4356,10616,-134,-81,188,10108,-9560,8220,-55,81,-138,-14888,4036,2744,-1017,167,-51,-14836,-2456,5296,-488,143,-23,0
1448.9972839355469,10916,4412,10660,-163,-80,192,10120,-9252,8084,-49,58,-178,-14956,4260,2592,-974,244,-95,-14904,-2552,5344,-494,164,-57,0
1449.0321769714355,10944,4584,10604,-152,-104,164,10100,-9684,8092,-67,92,-161,-14920,3840,2696,-968,184,-38,-15272,-2484,5364,-483,127,-93,0
1449.0675721168518,10800,4820,10504,-197,-64,153,10104,-9524,8200,-110,134,-165,-14908,4024,2468,-953,143,-68,-14924,-2424,5248,-467,131,-83,0
1449.1033120155334,10972,4552,10612,-156,-69,137,10144,-9560,8116,-90,76,-162,-14944,4164,2656,-928,154,-63,-15020,-2388,5404,-477,122,-96,0
1449.138694047928,10880,4552,10600,-108,-53,121,10092,-9544,8068,-89,97,-187,-15028,4124,2812,-978,105,-31,-14992,-2348,5348,-502,116,-140,0
1449.1741189956663,10956,4508,10496,-68,-18,100,10232,-9492,7980,-103,154,-146,-14988,4160,2492,-1007,56,-52,-14932,-2336,5460,-261,59,-171,0
1449.2106280326843,11128,4472,10352,-123,247,79,10112,-9632,8056,-67,182,-136,-15004,4204,2348,-1053,-247,-242,-14940,-2320,5372,-525,72,-136,0
1449.245600938797,10896,4628,10544,-148,19,106,10104,-9544,8208,-31,156,-126,-14680,4192,2592,-1102,108,-29,-14940,-2480,5552,-519,88,-104,0
1449.2814400196075,10796,4628,10608,-146,-22,139,10144,-9504,8264,-54,92,-122,-14908,4204,2620,-1063,124,-13,-14632,-2476,5628,-512,111,-119,0
1449.3178050518036,10820,4652,10520,-133,-56,195,10004,-9640,7944,-60,107,-158,-14904,4132,2832,-1048,153,-30,-14952,-2484,5504,-552,142,-71,0
1449.3535799980164,10768,4704,10564,-112,-79,170,10068,-9392,8188,-42,62,-164,-14836,4088,2656,-1056,175,-4,-14616,-2468,5344,-520,164,-68,0
1449.3895139694214,10876,4668,10592,-133,-67,169,10076,-9588,8396,-64,90,-194,-14772,4156,2796,-994,147,-62,-15036,-2460,5456,-515,160,-90,0
1449.4246101379395,10948,4648,10668,-113,-80,142,10060,-9352,8036,-90,76,-193,-14844,4148,2508,-946,134,-96,-15024,-2420,5568,-511,123,-90,0
1449.4596710205078,10948,4556,10744,-138,-108,118,10212,-9600,8176,-86,126,-179,-14888,4204,2564,-1009,101,-52,-14928,-2560,5160,-493,149,-95,0
1449.4950139522552,11052,4424,10668,-151,-65,112,10136,-9572,8200,-69,120,-173,-15024,4148,2500,-1021,129,-86,-15140,-2336,5284,-465,123,-133,0
1449.530709028244,10936,4524,10648,-142,-103,70,10144,-9524,8100,-90,135,-191,-14952,4148,2552,-1024,94,-87,-15064,-2292,5468,-498,131,-154,0
1449.5662250518799,10972,4432,10384,-153,-33,93,10096,-9544,8048,2,121,-184,-14892,4224,2720,-1097,82,-42,-15096,-2252,5460,-495,165,-128,0
1449.6019611358645,10956,4588,10564,-137,-19,125,10008,-9664,8096,-19,119,-149,-15004,4124,2452,-1093,52,-85,-14968,-2440,5364,-494,153,-155,0
1449.6395881175995,10828,4584,10600,-175,-22,79,10152,-9652,8252,-32,164,-171,-14936,4204,2740,-771,72,-65,-14940,-2388,5300,-492,98,-146,0
1449.6730470657349,10852,4604,10580,-144,-25,84,9996,-9592,8208,-41,204,-159,-14868,4256,2728,-1054,8,-50,-14948,-2512,5328,-532,123,-146,0
1449.7066869735718,10856,4600,10596,-142,-66,75,10076,-9608,8336,-29,177,-186,-14860,4340,2448,-1010,85,-50,-14900,-2444,5400,-508,143,-161,0
1449.7400710582733,10868,4616,10576,-163,-52,90,10008,-9504,8136,-61,131,-165,-14640,4072,2696,-1006,119,-87,-14952,-2516,5380,-502,156,-113,0
1449.7737519741058,10908,4644,10528,-113,-86,141,10076,-9468,8284,-74,102,-216,-15092,4288,2748,-994,144,-130,-14956,-2396,5424,-484,170,-75,0
1449.8073990345,10968,4684,10612,-169,-111,90,10176,-9564,8112,-28,132,-179,-15016,4124,2624,-992,89,-112,-14884,-2440,5620,-480,181,-135,0
1449.8410940170288,10900,4568,10464,-135,-69,98,10116,-9632,8352,7,123,-196,-14952,4160,2568,-989,133,-91,-14888,-2400,5384,-469,190,-112,0
1449.8743081092834,10764,4852,10496,-140,-74,105,10044,-9612,8128,-13,118,-205,-14872,4128,2740,-997,131,-86,-14832,-2424,5496,-490,201,-119,0
1449.907508134842,10948,4536,10644,-125,-94,102,10120,-9572,8084,-41,128,-185,-14936,4176,2624,-1019,71,-88,-15036,-2384,5416,-486,168,-121,0
1449.9410510063171,10868,4488,10460,-157,-91,114,10180,-9648,8132,-44,152,-177,-14952,4180,2700,-771,68,-60,-14976,-2336,5412,-523,126,-119,0
1449.9747240543365,10888,4520,10600,-157,-52,137,10128,-9624,8088,-41,134,-141,-15084,4208,2648,-945,112,-38,-14948,-2432,5400,-261,119,-95,0
1450.008250951767,11168,4460,10668,-161,-130,181,10092,-9612,7996,-72,98,-170,-15096,4144,2660,-1034,146,-60,-14924,-2432,5432,-512,175,-89,0
1450.0418429374695,10932,4584,10544,-144,-107,160,10148,-9608,8156,-6,122,-191,-14624,3872,2740,-1276,158,-77,-14920,-2488,5400,-495,180,-111,0
1450.0755579471588,10852,4640,10484,-147,-131,106,10168,-9632,8044,10,159,-217,-14936,4112,2728,-1021,90,-115,-14972,-2484,5140,-500,182,-143,0
1450.1091639995575,10892,4620,10676,-121,-84,55,10172,-9572,8172,15,179,-206,-14984,4188,2608,-1007,34,-165,-14964,-2456,5220,-499,151,-147,0
1450.14266705513,10880,4660,10540,-126,-77,37,10120,-9520,8068,-15,200,-214,-14984,4228,2640,-1010,18,-96,-15104,-2456,5240,-486,140,-169,0
1450.1762290000916,10908,4848,10616,-228,-19,36,10160,-9432,8148,-27,205,-191,-14868,4164,2516,-1023,7,-40,-14872,-2376,5448,-451,120,-159,0
1450.2097721099854,10880,4860,10608,-133,35,74,10064,-9532,8440,-70,171,-135,-14976,4204,2564,-1021,23,-239,-15004,-2336,5604,-490,104,-165,0
1450.2430229187012,10904,4612,10600,-125,254,63,9968,-9532,8052,-36,185,-109,-15076,4160,2760,-1034,36,-13,-14952,-2452,5416,-496,81,-166,0
1450.2766461372375,10848,4584,10512,-108,60,100,10024,-9468,8108,-83,139,-81,-14928,4100,2744,-1077,73,-45,-14916,-2400,5580,-491,92,-157,0
1450.3100509643555,10900,4628,10540,-71,110,130,10084,-9516,8340,-49,130,-61,-14920,4188,2712,-1070,41,2,-14900,-2472,5232,-517,66,-140,0
1450.3435609340668,10760,4568,10556,-74,66,114,10084,-9620,7984,-28,120,-67,-14816,4132,2700,-1037,85,13,-15000,-2524,5324,-521,62,-150,0
1450.3773601055143,10864,4668,10520,-102,62,101,10052,-9552,8136,-62,122,-118,-14928,4164,2796,-1056,72,-256,-14956,-2404,5584,-497,103,-151,0
1450.4103379249573,10972,4708,10712,-82,-39,103,10128,-9604,7936,-76,114,-170,-14780,4236,2628,-1031,88,-43,-14956,-2448,5460,-496,131,-134,0
1450.4467179775238,10876,4628,10652,-58,-39,94,10220,-9620,8100,-76,108,-164,-14964,4212,2676,-1009,73,-60,-14928,-2492,5420,-499,156,-178,0
1450.4807119369507,10936,4568,10580,-90,-46,90,10100,-9544,8240,-42,103,-152,-15008,4200,2692,-984,80,-57,-14936,-2484,5436,-481,103,-135,0
1450.5139100551603,10784,4560,10900,-109,-16,92,10104,-9620,7940,-73,145,-185,-14884,4292,2596,-997,101,-15,-14952,-2328,5460,-483,108,-147,0
1450.547476053238,10804,4608,10664,-116,7,89,10132,-9576,8024,-54,141,-148,-14896,4188,2588,-1026,96,-31,-14896,-2500,5368,-473,130,-115,0
1450.5810720920563,10776,4556,10640,-119,11,104,10080,-9608,8232,-24,101,-155,-14824,4192,2648,-1009,136,-101,-14924,-2372,5440,-515,143,-104,0
1450.6145780086515,10848,4628,10656,-121,-22,126,9944,-9584,8240,-49,126,-165,-14968,4216,2448,-1267,136,-70,-15004,-2440,5488,-485,163,-94,0
1450.6476409435272,10808,4648,10628,-138,-54,128,10128,-9520,8092,-45,140,-169,-14832,4164,2656,-995,128,-39,-14988,-2464,5388,-471,194,-114,0
1450.6838641166687,10864,4568,10692,-201,-52,138,10104,-9520,8256,-41,120,-199,-14684,4208,2636,-919,92,-141,-14904,-2484,5392,-494,161,-87,0
1450.7192890644073,10852,4616,10796,-194,-72,103,10100,-9616,8076,-33,133,-181,-14908,4116,2656,-968,128,-81,-14988,-2476,5360,-475,149,-95,0
1450.7548279762268,10920,4620,10748,-216,-81,122,10028,-9616,8288,-20,140,-203,-14860,4236,2596,-986,124,-161,-14908,-2500,5164,-467,163,-95,0
1450.7905781269073,10836,4620,10536,-196,-125,116,10032,-9556,8112,-65,147,-230,-14916,4208,2588,-922,142,-103,-15000,-2472,5540,-491,144,-107,0
1450.826054096222,10912,4596,10684,-165,-147,123,10104,-9664,8372,-76,138,-219,-14928,4284,2648,-907,120,-99,-14968,-2388,5572,-528,140,-70,0
1450.8619639873505,10804,4552,10752,-212,-114,132,9808,-9584,8408,-58,125,-172,-14892,4196,2632,-975,111,-117,-14912,-2508,5520,-478,126,-42,0
1450.8979439735413,10792,4668,10628,-239,-117,143,10016,-9572,7976,-16,199,-180,-15036,4236,2544,-904,161,-101,-14900,-2528,5480,-474,154,-54,0
1450.93319106102,10820,4616,10660,-227,-141,120,10084,-9588,8356,252,158,-199,-14972,4220,2664,-947,112,-143,-14936,-2452,5448,-484,228,-67,0
1450.9686570167542,10908,4528,10780,-266,-144,125,10056,-9632,8444,43,136,-3,-14904,4256,2592,-929,184,-156,-14948,-2440,5560,-445,197,-64,0
1451.0034110546112,10916,4468,10516,-213,-172,175,10048,-9668,8016,57,146,-246,-14920,4240,2424,-985,146,-183,-14896,-2416,5476,-479,245,-63,0
1451.0396499633787,10960,4628,10560,-280,-231,151,10148,-9524,8176,3,152,-2,-14972,4104,2644,-941,133,-102,-15040,-2504,5372,-469,160,-89,0
1451.0745511054993,10840,4616,10688,-271,-193,125,10052,-9560,8412,-15,195,-210,-14964,4192,2664,-931,107,-161,-14944,-2404,5504,-485,138,-99,0
1451.1102571487427,10916,4572,10456,-249,-209,148,10104,-9652,8324,20,166,-226,-14784,4204,2656,-984,86,-142,-14868,-2404,5480,-488,226,-65,0
1451.1455359458923,10936,4600,10556,-210,-199,160,10100,-9544,8440,22,116,-260,-14916,4312,2448,-1000,133,-182,-14888,-2400,5356,-517,197,-98,0
1451.1810541152954,10932,4652,10672,-205,-287,151,10048,-9728,8100,-6,93,-246,-14896,4228,2560,-1009,100,-127,-14976,-2408,5468,-510,195,-69,0
1451.2161641120913,10872,4588,10528,-205,-194,132,10164,-9688,7960,5,139,-224,-14872,4176,2592,-969,120,-183,-14868,-2404,5416,-490,202,-109,0
1451.2518351078033,10808,4520,10624,-193,-192,128,10092,-9568,8220,-1,84,-245,-14976,4032,2824,-1024,119,-101,-14872,-2324,5368,-501,213,-113,0
1451.2878201007843,10792,4572,10672,-148,-157,121,10036,-9400,8216,-48,99,-227,-14880,4072,2596,-990,165,-134,-15028,-2392,5436,-470,166,-137,0
1451.3242349624634,10952,4364,10608,-103,-116,95,10272,-9596,8112,-87,111,-214,-14916,4160,2792,-1003,104,-85,-14916,-2304,5356,-487,143,-140,0
1451.3578429222107,11080,4572,10524,-119,-28,86,10252,-9468,8076,-66,146,-150,-14952,4096,2360,-1039,70,-26,-15024,-2224,5204,-459,133,-163,0
1451.39133810997,10852,4536,10616,-187,251,78,10172,-9264,7960,6,158,-180,-14984,4180,2496,-1035,98,-69,-14988,-2360,5440,-453,179,-112,0
1451.4247579574585,10952,4572,10956,-170,-57,91,10080,-9556,7948,12,118,-181,-14884,4164,2752,-1062,88,-91,-14940,-2396,5532,-484,161,-65,0
1451.4582500457764,10920,4352,10676,-117,-117,127,10112,-9612,8184,-51,136,-175,-14848,4272,2616,-1005,101,-102,-15028,-2468,5536,-762,173,-121,0
1451.4917120933533,10964,4660,10664,-115,-149,130,10196,-9240,8144,-79,125,-179,-15088,4248,2732,-1011,87,-50,-14944,-2380,5480,-515,125,-103,0
1451.5252859592438,10932,4588,10640,-120,-140,136,10076,-9656,8200,-44,87,-174,-14948,4304,2744,-1011,140,-63,-14984,-2368,5408,-526,152,-125,0
1451.559044122696,10928,4612,10696,-60,-109,130,10104,-9580,8212,-89,126,-173,-14900,4124,2596,-1005,97,-85,-14988,-2372,5480,-535,104,-147,0
1451.5924401283264,11016,4564,10484,-70,-85,119,10252,-9528,8080,-82,131,-135,-14888,4128,2604,-996,58,-51,-14940,-2388,5336,-507,81,-140,0
1451.6258080005646,10912,4520,10416,-103,-70,84,10116,-9512,8036,-42,129,-166,-14980,4332,2692,-992,96,-98,-14932,-2092,5396,-493,141,-124,0
1451.659147977829,10776,4560,10544,-163,-63,120,10052,-9532,8092,-34,103,-209,-14928,4116,2804,-1048,127,-26,-14964,-2440,5452,-464,209,-124,0
1451.692458152771,10952,4600,10500,-133,-81,132,10116,-9548,8200,-30,93,-171,-14928,4100,2568,-1032,102,-247,-15024,-2380,5628,-482,138,-122,0
1451.72620511055,10976,4480,10712,-151,-43,111,10104,-9480,8164,-65,152,-163,-14928,4164,2604,-771,79,-6,-14984,-2364,5364,-480,89,-147,0
1451.760010957718,10884,4592,10652,-130,-37,130,10048,-9612,8400,-43,178,-151,-14960,4092,2780,-1009,84,-49,-14896,-2408,5368,-504,99,-138,0
1451.7934119701385,10856,4652,10664,-184,-41,108,10088,-9492,8032,-15,149,-146,-14848,4152,2692,-1027,114,-72,-14872,-2476,5456,-514,108,-129,0
1451.8269429206848,10884,4556,10652,-143,-39,124,10052,-9608,8164,-39,141,-152,-15040,4184,2568,-1279,108,-83,-14996,-2536,5452,-512,136,-99,0
1451.860471010208,10792,4592,10572,-136,-82,103,9956,-9516,8212,-57,136,-195,-14908,4152,2688,-982,119,-56,-14944,-2340,5520,-493,151,-104,0
1451.8936431407928,10968,4596,10660,-180,-116,105,9976,-9580,8264,-31,110,-192,-14804,4212,2720,-977,149,-129,-15000,-2536,5352,-507,171,-68,0
1451.9272119998932,11016,4564,10624,-143,-126,121,10032,-9624,8272,-53,85,-230,-15008,4212,2704,-964,136,-120,-14908,-2460,5592,-492,177,-110,0
1451.9607510566711,10956,4452,10584,-110,-97,113,10100,-9552,8168,-64,132,-185,-14884,4108,2644,-962,141,-103,-15104,-2380,5620,-509,165,-109,0
1451.9941639900208,10900,4560,10840,-179,-91,149,10068,-9492,8144,-61,126,-200,-14956,4116,2360,-978,96,-48,-14996,-2304,5268,-476,162,-102,0
1452.0276110172272,11028,4512,10520,-165,-76,144,10232,-9520,8116,-86,128,-198,-15024,4100,2672,-991,118,-62,-14956,-2332,5144,-481,148,-99,0
1452.061321973801,10968,4500,10688,-165,-119,118,10228,-9564,8096,-8,119,-197,-14860,4116,2648,-1033,110,-117,-15044,-2416,5476,-469,148,-109,0
1452.0948910713196,10936,4528,10400,-156,-67,119,10120,-9516,8152,3,120,-155,-14844,4084,2636,-1008,114,-122,-14960,-2548,5164,-493,132,-115,0
1452.128257036209,10868,4568,10552,-89,-114,105,10132,-9488,8020,-86,107,-211,-14936,4256,2780,-991,110,-113,-14952,-2372,5476,-529,166,-126,0
1452.161693096161,10984,4620,10496,-141,-125,124,10080,-9592,8252,-34,124,-165,-14884,4108,2628,-1000,69,-40,-14984,-2332,5316,-530,71,-146,0
1452.1951169967651,11060,4604,10504,-92,-49,105,10380,-9544,8024,-62,142,-149,-15012,4076,2644,-1019,61,-37,-14672,-2488,5444,-526,107,-139,0
1452.2286109924316,10976,4544,10720,-132,-4,120,10120,-9616,7992,-24,134,-148,-15008,4112,2528,-1004,92,-49,-14896,-2328,5368,-496,128,-136,0
1452.262498140335,10916,4524,10744,-133,-69,67,10192,-9584,8036,-49,130,-217,-14908,4212,2692,-977,91,-102,-14976,-2428,5412,-480,150,-167,0
1452.2956449985504,10756,4520,10536,-136,-61,71,10140,-9560,8112,-24,119,-197,-14976,4188,2356,-991,113,-60,-14896,-2396,5500,-486,149,-169,0
1452.3291280269623,10848,4560,10636,-147,-92,102,10088,-9504,8064,-30,135,-203,-14936,4344,2680,-984,116,-98,-14848,-2360,5396,-478,175,-105,0
1452.3655059337616,10788,4584,10640,-113,-102,103,10080,-9532,8000,-5,110,-209,-14900,4228,2572,-993,135,-141,-14964,-2384,5132,-468,180,-98,0
1452.4008190631869,10924,4532,10552,-134,-107,125,10120,-9568,8108,-42,136,-227,-15036,4196,2328,-1006,88,-117,-15004,-2448,5368,-499,163,-125,0
1452.4370880126953,11000,4624,10548,-129,-76,89,10132,-9472,8156,-28,143,-189,-14992,4148,2764,-1053,119,-101,-14980,-2400,5424,-533,157,-110,0
1452.472275018692,10952,4848,10540,-91,-57,130,10132,-9580,8108,-42,111,-189,-14908,3868,2568,-1014,129,-31,-14940,-2380,5368,-529,121,-109,0
1452.5080800056458,10944,4636,10596,-99,-87,110,10140,-9568,8064,-78,80,-185,-14956,4116,2956,-957,137,-91,-14948,-2456,5432,-258,156,-112,0
1452.5430481433868,10940,4652,10664,-128,-87,102,10236,-9592,8340,-80,99,-177,-14928,4116,2752,-984,104,-59,-14988,-2508,5352,-486,159,-114,0
1452.5780861377716,10956,4668,10476,-107,-46,110,10148,-9512,8112,-86,87,-180,-14872,4152,2724,-995,89,-100,-14968,-2552,5520,-502,170,-154,0
1452.6137690544128,10880,4704,10580,-71,-71,105,10400,-9572,8072,-67,85,-187,-14904,4100,2496,-992,103,-62,-15004,-2348,5608,-526,162,-138,0
1452.6486840248108,10888,4668,10680,-94,-110,105,10128,-9656,8100,-86,82,-189,-14892,4236,2736,-998,147,-31,-14964,-2456,5392,-545,157,-101,0
1452.6836960315704,11216,4832,10960,-97,-99,121,10152,-9584,8044,-73,62,-174,-14876,4220,2756,-1046,148,-56,-15016,-2384,5480,-560,139,-114,0
1452.7192900180817,10988,4584,10704,-76,-88,115,10064,-9548,7908,-102,81,-169,-14896,4076,2660,-986,116,-39,-14916,-2392,5288,-557,154,-86,0
1452.7545931339264,10828,4600,10468,-88,-98,125,10212,-9636,8024,-115,86,-155,-14876,4164,2528,-1001,146,-46,-14940,-2420,5300,-565,146,-78,0
1452.7902319431305,10936,4584,10540,-97,-131,128,10132,-9632,8092,-145,7,-203,-15008,4148,2552,-990,185,-96,-14980,-2436,5368,-580,167,-81,0
1452.825299024582,11016,4564,10516,-89,-153,108,10556,-9612,8264,-41,-14,-212,-14856,4204,2420,-1054,151,-31,-15100,-2432,5304,-536,206,-150,0
1452.8610329627993,10940,4604,10316,-96,-143,87,9792,-9536,8056,6,166,-246,-14788,4168,2436,-1058,117,-109,-14880,-2324,5164,-497,220,-142,0
1452.8961350917816,10852,4700,10508,-124,-132,90,10028,-9284,8096,-69,84,-232,-14840,4112,2676,-991,174,-73,-14884,-2400,5204,-501,182,-106,0
1452.9317529201508,10932,4556,10748,-133,-100,84,10164,-9632,8064,-48,94,-213,-14876,4228,2524,-770,95,-75,-14984,-2336,5532,-506,164,-144,0
1452.9678330421448,10924,4620,10636,-75,-50,104,10056,-9688,8016,-243,103,-153,-14876,4104,2588,-1039,90,-35,-14992,-2532,5236,-482,103,-122,0
1453.0045490264893,10884,4740,10540,-161,-48,119,10092,-9600,7960,-34,135,-157,-14908,4200,2576,-1000,119,-58,-14880,-2352,5456,-458,145,-117,0
1453.0381591320038,11216,4388,10500,-174,-112,131,10156,-9612,7996,-17,117,-181,-14932,4200,2560,-1280,115,-86,-14924,-2476,5360,-479,141,-104,0
1453.0718030929565,10756,4660,10344,-126,-97,153,10116,-9644,8084,-9,100,-156,-14928,4180,2640,-773,59,-57,-15064,-2392,5420,-474,82,-95,0
1453.105392932892,10984,4584,10652,-168,-93,131,10208,-9668,8168,-49,138,-158,-15028,4244,2472,-938,47,-15,-15028,-2476,5344,-509,24,-134,0
1453.1387300491333,11084,4632,10516,-189,-64,124,10300,-9620,7952,-57,153,-149,-14924,4140,2340,-969,33,-43,-14940,-2408,5168,-496,64,-123,0
1453.1722631454468,10856,4352,10524,-169,-73,101,10088,-9596,8000,-61,156,-144,-14940,4164,2544,-962,74,-73,-14760,-2348,5380,-506,80,-141,0
1453.205605983734,10924,4520,10380,-147,-5,109,10132,-9300,8112,-13,121,-151,-14752,4168,2516,-1038,111,-67,-15080,-2388,5160,-488,140,-173,0
1453.2392599582672,10896,4648,10640,-142,11,85,9996,-9420,8044,-41,170,-153,-14868,4076,2340,-1050,127,-86,-14924,-2080,5308,-462,186,-146,0
1453.2728869915009,10940,4676,10428,-139,63,51,10144,-9544,8028,72,196,-145,-14880,4140,2580,-1124,140,-90,-14828,-2380,5400,-401,213,-133,0
1453.306086063385,10888,4540,10616,-178,106,74,10120,-9604,8048,140,165,-195,-15104,4168,2712,-1105,124,-125,-15008,-2360,5436,-391,282,-98,0
1453.3399529457092,10852,4700,10796,-206,23,82,10108,-9648,8152,26,208,-178,-14996,4264,2572,-1066,83,-147,-15088,-2396,5468,-396,511,-80,0
1453.3735411167145,10956,4760,10672,-212,-69,85,10032,-9652,8044,-61,225,-167,-14948,4308,2460,-949,108,-135,-15032,-2480,5440,-431,150,-103,0
1453.4071729183195,10860,4760,10572,-1,-52,131,10036,-9580,8052,-122,206,-143,-14784,4224,2696,-877,96,-27,-14976,-2480,5628,-475,85,-99,0
1453.4407031536102,10804,4696,10648,-216,-91,165,9908,-9564,8264,-172,174,-105,-14824,4156,2716,-824,165,-6,-14960,-2472,5412,-498,44,251,0
1453.474023103714,11024,4716,10560,-169,0,221,10108,-9548,8420,-186,67,-56,-14880,4348,2504,-825,175,-250,-15008,-2444,5276,-509,27,8,0
1453.5074491500854,10956,4740,10656,-174,-30,243,10256,-9252,7912,-219,73,-45,-15012,4056,2512,-909,134,37,-14916,-2344,5368,-462,43,-249,0
1453.5409500598907,10956,4564,10380,-239,-62,238,10304,-9472,7984,-147,75,-43,-14972,4144,2784,-954,122,58,-15000,-2368,5292,-412,44,23,0
1453.574877023697,11224,4580,10372,-312,33,250,10200,-9524,8072,-75,142,21,-15052,3976,2584,-1004,100,57,-15020,-2556,5628,-418,18,-20,0
1453.6082439422607,10772,4504,10604,-247,31,225,10188,-9544,8016,-137,114,-11,-15044,4284,2520,-950,66,86,-15004,-2372,5412,-439,11,-43,0
1453.6417059898376,10772,4560,10828,-342,122,188,10132,-9696,8040,-69,150,5,-15092,4372,2680,-1003,89,154,-14988,-2344,5396,-409,-57,-33,0
1453.6752750873566,10892,4504,10668,-274,147,209,9956,-9712,8044,-146,101,21,-14844,4424,2748,-1001,61,146,-14920,-2380,5608,-446,-56,-10,0
1453.7087650299072,10992,4360,10560,-273,104,274,9912,-9764,8084,-171,97,9,-15096,4372,2592,-1019,147,122,-14816,-2308,5552,-454,-4,40,0
1453.7424161434174,10676,4480,10724,-512,45,289,9892,-9784,8164,-135,-256,-40,-14760,4372,2584,-1022,240,19,-15040,-2072,5768,-521,114,69,0
1453.7761070728302,10708,4484,10748,-171,-77,300,10044,-9824,8100,-151,-12,-96,-14916,4364,2604,-773,256,24,-14916,-2232,5484,-523,125,68,0
1453.809492111206,10808,4508,10676,-183,-84,320,10092,-9480,7892,-175,-4,-72,-14948,4348,2552,-968,241,36,-14936,-2344,5600,-534,85,35,0
1453.8429119586945,10988,4520,10756,-177,-81,343,10212,-9720,8092,-193,-13,-96,-15004,4276,2576,-925,250,27,-15300,-2264,5452,-503,81,15,0
1453.8764700889587,10948,4452,10512,-240,-65,289,10160,-9640,8164,-190,30,-36,-15008,4336,2404,-974,233,57,-14948,-2176,5400,-483,19,34,0
1453.909528017044,10780,4424,10344,-214,20,312,10244,-9672,8092,-168,-12,-43,-14984,4308,2580,-936,183,82,-15052,-2216,5484,-557,6,30,0
1453.943150997162,11112,4516,10872,-198,-15,309,10180,-9676,7956,-155,42,-38,-15004,4248,2692,-1023,157,133,-15092,-2288,5484,-520,255,0,0
1453.9769060611725,11004,4424,10844,-229,38,507,10468,-9692,7960,-153,59,-11,-14880,4556,2464,-1058,169,140,-14896,-2236,5580,-531,-43,-34,0
1454.0101799964905,10904,4604,10904,-217,53,260,10000,-9904,7912,-124,42,-21,-14988,4388,2764,-1089,154,91,-14896,-2220,5780,-597,255,-51,0
1454.047369003296,10888,4136,10992,-133,56,246,10116,-9816,8180,-88,39,-36,-14820,4100,2612,-1082,151,91,-14864,-2100,5876,-585,39,-44,0
1454.0823090076449,10896,4436,10856,-71,35,214,9964,-9876,8056,-85,33,-90,-14832,4140,2468,-1111,192,7,-14732,-2180,5688,-566,84,-59,0
1454.1181609630585,10836,4388,10760,-90,-8,206,10092,-9860,8072,-66,37,-153,-14856,4408,2408,-1096,161,3,-14728,-2184,5848,-527,124,-119,0
1454.1528389453888,10804,4348,10604,-98,-25,109,10188,-9912,7832,-30,97,-228,-14852,4396,2640,-1079,125,-73,-14984,-2228,5604,-543,183,-179,0
1454.188097000122,10872,4336,10648,-78,-63,59,10116,-9960,7692,3,153,-253,-14964,4344,2484,-770,112,-90,-14904,-2136,5408,-503,236,-170,0
1454.223582983017,10856,4096,10924,-65,-83,44,10152,-9940,8184,54,170,-510,-14916,4436,2332,-1021,67,-170,-14984,-2224,5552,-474,231,-196,0
1454.2587399482727,10884,4276,10684,-118,-39,-6,10204,-9736,8100,30,219,-270,-15104,4576,2420,-926,47,-132,-15028,-2168,5516,-449,209,-213,0
1454.2944240570068,10792,4384,10756,-113,-68,253,10100,-9868,8148,-25,232,-217,-14912,4400,2524,-908,39,-134,-14944,-2216,5616,-459,178,-167,0
1454.330204963684,10952,4528,10752,-181,243,9,10176,-9804,8116,32,211,-224,-14976,4296,2572,-1010,247,-142,-14944,-2200,5496,-452,179,-215,0
1454.3655531406405,10756,4504,10948,-106,-42,8,10076,-9792,7928,42,209,-200,-14872,4304,2604,-1048,-2,-123,-14916,-2256,5484,-479,152,-224,0
1454.4013209342957,10824,4512,10780,-138,-11,21,10068,-9744,8016,49,219,-192,-14880,4284,2328,-1068,-25,-104,-14804,-2308,5420,-504,154,-212,0
1454.4372000694275,10864,4584,10580,-126,-16,39,10100,-9976,7720,49,207,-189,-14828,4256,2460,-1086,49,-90,-14872,-2332,5504,-516,220,-160,0
1454.4723529815674,10876,4532,10596,-71,-35,62,10016,-9684,7988,51,169,-188,-15104,4264,2736,-1151,87,-131,-14920,-2252,5472,-534,188,-152,0
1454.5082359313965,10852,4800,10640,-122,-66,99,10112,-9744,8116,37,125,-186,-14900,4252,2676,-1022,98,-85,-14960,-2308,5436,-519,147,-130,0
1454.543296098709,10840,4432,10840,-85,-94,81,10024,-9736,8124,-55,94,-189,-14796,4292,2452,-983,124,-126,-15004,-2312,5544,-500,179,-117,0
1454.5785501003265,10744,4456,10836,-133,-91,111,10092,-9764,7992,14,141,-222,-14864,4440,2648,-1003,104,-88,-15008,-2276,5576,-481,196,-111,0
1454.6144289970398,10880,4500,10608,-96,-90,107,10144,-9700,7980,-23,118,-212,-14924,4524,2660,-974,141,-123,-14956,-2184,5432,-498,156,-128,0
1454.6499330997467,10760,4416,10976,-168,-70,72,10040,-9832,7888,-44,145,-195,-14768,4148,2540,-930,115,-72,-14924,-2272,5580,-485,176,-128,0
1454.6868181228638,10796,4356,10920,-187,-73,101,10160,-9736,7904,-28,164,-187,-14976,4440,2372,-1002,70,-127,-14960,-2188,5544,-488,180,-101,0
1454.7202770709991,10864,4400,10660,-178,-121,109,10056,-9772,7924,6,167,-194,-15020,4544,2524,-1010,74,-147,-14944,-2284,5680,-503,169,-142,0
1454.7538189888,10820,4544,10700,-136,-116,132,9992,-9840,8044,21,150,-189,-15008,4340,2484,-1038,101,-164,-14988,-2276,5488,-258,180,-113,0
1454.7873950004578,10784,4500,10804,-140,-125,113,10196,-9968,7768,21,143,-205,-14844,4272,2492,-1087,118,-82,-14972,-2272,5528,-530,181,-121,0
1454.8208150863647,10752,4524,10644,-150,-104,116,10080,-9804,8124,24,154,-187,-14932,4476,2560,-1051,113,-111,-15060,-2464,5492,-529,157,-110,0
1454.8538401126862,10876,4528,10620,-122,-89,71,10148,-9660,8020,-14,159,-203,-14944,4312,2700,-1001,77,-129,-14892,-2436,5524,-499,172,-126,0
1454.8874471187592,10804,4540,10700,-145,-85,83,10052,-9656,8044,-28,142,-191,-14936,4308,2572,-1024,123,-73,-14996,-2352,5436,-485,153,-130,0
1454.923094034195,10960,4500,10736,-141,-48,118,10232,-9720,8004,-22,142,-185,-14896,4208,2700,-999,78,-75,-14960,-2296,5552,-480,140,-182,0
1454.9568481445312,10908,4424,10680,-127,-253,34,10172,-9708,8076,-57,166,-157,-14864,4340,2440,-990,51,-44,-15096,-2056,5420,-481,113,-171,0
1454.9907290935516,10888,4504,10700,-84,49,42,10132,-9756,8084,-34,171,-133,-14940,4392,2480,-1018,17,-47,-14988,-2480,5476,-768,107,-177,0
1455.0241930484772,11000,4436,10756,-140,56,78,10132,-9804,7932,-14,149,-162,-14884,4480,2656,-1070,49,-73,-14912,-2056,5436,-504,115,-170,0
1455.057578086853,10876,4488,10836,-149,-3,102,10180,-9516,7944,2,148,-156,-14820,4516,2352,-1065,34,-40,-14980,-2296,5664,-536,125,-154,0
1455.0910749435425,10772,4540,10744,-128,29,83,10044,-9748,7796,-47,154,-144,-14904,4376,2680,-1042,37,-14,-14932,-2356,5552,-497,157,-148,0
1455.1247270107267,10740,4592,10904,-184,-19,94,10216,-9816,8004,27,162,-166,-14804,4360,2616,-988,90,-80,-14916,-2232,5612,-477,138,-120,0
1455.1581931114197,10728,4480,10844,-216,-8,108,10228,-9760,7980,39,187,-151,-14752,4360,2600,-976,82,-90,-14864,-2312,5564,-442,126,-62,0
1455.1917989253998,10796,4580,10940,-320,-134,136,9964,-9892,8156,66,164,-209,-14920,4476,2636,-886,107,-156,-14944,-2364,5704,-461,150,-75,0
1455.2253201007843,10748,4508,10840,-312,-242,141,9972,-9884,8080,-84,108,-273,-14896,4288,2700,-798,186,-163,-15008,-2452,5752,-505,162,-69,0
1455.2589321136475,10780,4480,10856,-211,-312,146,10040,-9776,8056,-139,129,-274,-14932,4424,2804,-795,164,-182,-14908,-2308,5616,-535,175,-54,0
1455.2925579547882,10836,4404,10552,-274,-307,153,9872,-9632,7932,-59,182,-269,-14780,4336,2368,-887,139,-147,-14764,-2268,5512,-257,196,-33,0
1455.3262379169464,10672,4168,10612,-312,-223,142,9980,-9776,7952,30,143,-226,-15024,4336,2660,-959,135,-169,-14908,-2276,5380,-482,187,-61,0
1455.35982298851,10944,4476,10628,-304,-154,95,9984,-9800,8028,97,181,-253,-15000,4596,2312,-977,171,-193,-14924,-2144,5556,-454,267,-45,0
1455.3932149410248,11232,4424,10828,-498,-166,137,10144,-9836,7732,-10,131,-229,-15004,4352,2300,-993,145,-162,-15092,-2180,5540,-487,212,-63,0
1455.426903963089,10976,4464,10632,-154,-225,183,10148,-9656,7944,-26,89,-244,-14976,4232,2448,-982,155,-188,-14928,-2304,5496,-472,264,-95,0
1455.4675481319427,10924,4424,10524,-100,-229,130,10080,-9672,8052,-113,81,-232,-15056,4528,2752,-1043,168,-101,-15016,-2052,5548,-507,203,-101,0
1455.5016901493073,10908,4448,10464,-140,-75,108,10168,-9596,7716,-54,153,-132,-14876,4184,2580,-991,98,-6,-14932,-2192,5484,-460,63,-105,0
1455.5354990959167,10880,4468,10628,-222,50,88,10272,-9744,7772,-87,164,-97,-14896,4172,2432,-999,72,-2,-14920,-2292,5420,-490,43,-86,0
1455.569251060486,10852,4488,10976,-149,61,132,10224,-9740,8084,-8,110,-70,-15032,4108,2680,-1094,93,17,-14940,-2448,5460,-472,37,-140,0
1455.6028461456299,10792,4472,10724,-127,114,124,10076,-9976,7768,-57,113,-100,-14768,4528,2760,-1007,104,9,-14780,-2340,5460,-528,110,-144,0
1455.6361680030823,10720,4592,10836,-117,-10,98,10044,-9780,8016,-68,91,-188,-14768,4400,2548,-1000,129,-26,-14840,-2492,5444,-545,126,-74,0
1455.669804096222,10736,4468,10656,-101,-60,173,10096,-9548,8144,-70,37,-151,-14988,4416,2496,-1015,164,-27,-15056,-2096,5440,-556,117,-41,0
1455.703279018402,10788,4520,11000,-108,-94,194,10124,-9756,7828,-76,75,-143,-14968,4368,2752,-986,190,-48,-14876,-2104,5440,-478,141,-77,0
1455.74067902565,11004,4384,10584,-139,-56,171,10064,-9856,7936,-81,63,-144,-14792,4364,2528,-956,167,-62,-14892,-2480,5868,-487,125,-84,0
1455.7761740684507,10772,4464,10732,-180,-82,144,10044,-9860,7856,-89,104,-151,-14924,4364,2568,-970,119,-88,-15096,-2264,5552,-497,127,-145,0
1455.812252998352,10832,4464,10880,-167,-85,124,10064,-9848,8036,-82,149,-162,-14856,4576,2692,-947,92,-77,-14964,-2260,5592,-478,97,-107,0
1455.8474669456482,10816,4476,10668,-153,-34,116,10040,-9832,7936,-97,160,-191,-14900,4476,2396,-946,155,-62,-14904,-2232,5492,-450,133,-57,0
1455.8832330703735,10780,4156,10536,-160,-95,139,10068,-9704,8124,-97,89,-220,-14944,4392,2460,-992,175,-49,-14924,-2116,5416,-456,135,-54,0
1455.9188849925995,10984,4588,10564,-146,-85,170,10084,-9844,7960,-69,64,-151,-14952,4324,2540,-1031,94,-59,-15040,-2240,5468,-500,110,-58,0
1455.954085111618,10976,4380,10972,-192,-78,175,10124,-9744,7868,-66,135,-138,-14984,4280,2760,-1069,95,-16,-14880,-2244,5484,-768,128,-70,0
1455.9898231029513,10900,4568,10660,-147,-15,138,10132,-9704,8148,-45,113,-94,-14960,4328,2484,-1009,93,-16,-14976,-2208,5468,-522,89,-81,0
1456.0255761146545,10796,4388,10680,-142,248,166,10228,-9792,7988,-71,66,-121,-14848,4372,2652,-1279,170,236,-14852,-2264,5528,-259,73,-80,0
1456.061676979065,10800,4456,10700,-125,12,184,10088,-9656,7696,-62,70,-135,-14888,4264,2588,-1032,142,-244,-14840,-2304,5552,-510,84,-56,0
1456.097666978836,10764,4536,10632,-169,-29,206,9984,-9744,7884,-118,64,-115,-14840,4392,2364,-1275,146,-4,-14856,-2308,5544,-549,81,-56,0
1456.1326560974119,10916,4388,10836,-121,-6,164,10040,-9784,8116,-117,90,-135,-14856,4472,2388,-1050,143,29,-15092,-2212,5444,-548,95,-124,0
1456.1677000522614,10856,4364,10588,-80,-4,153,10128,-9784,8016,-114,94,-105,-14984,4424,2516,-1063,103,248,-14936,-2184,5568,-542,87,-108,0
1456.2033131122587,10856,4108,10596,-54,58,130,10220,-9808,7664,-67,84,-124,-14864,4460,2352,-1064,106,237,-14836,-2184,5492,-524,115,-128,0
1456.239196062088,10860,4220,10876,-94,97,117,10128,-9916,7920,-32,121,-135,-14984,4396,2620,-1084,83,-25,-14856,-2224,5484,-537,105,-114,0
1456.2742149829865,10768,4444,10796,-35,35,91,10196,-9952,7912,-27,133,-163,-15004,4504,2348,-1043,64,-21,-14924,-2488,5568,-515,131,-157,0
1456.309720993042,10844,4384,11172,-57,19,58,10076,-9856,8120,-64,138,-168,-14972,4376,2436,-1007,40,-112,-14916,-2260,5608,-492,149,-199,0
1456.3448250293732,10740,4408,10892,-66,-251,6,10104,-9840,7912,-31,210,-179,-14648,4448,2600,-982,15,-32,-14864,-2252,5644,-462,105,-171,0
1456.380469083786,10756,4236,10660,-134,-14,12,10056,-9852,7892,-41,229,-188,-15052,4352,2612,-1000,-256,-44,-14888,-2212,5704,-486,102,-207,0
1456.4137630462649,10772,4488,10748,-165,36,19,10004,-9836,7936,-41,180,-137,-14764,4592,2788,-1041,-18,-22,-14880,-2220,5556,-481,100,-204,0
1456.4473640918732,10964,4800,10696,-178,45,36,10060,-9824,8044,-34,218,-129,-14900,4320,2548,-1028,57,-63,-14864,-2228,5516,-466,162,-154,0
1456.4810121059418,10744,4384,10668,-176,-19,56,9952,-9808,8164,-256,175,-193,-14792,4428,2588,-775,108,-143,-14860,-2308,5624,-473,240,-141,0
1456.514270067215,10768,4492,10588,-128,-21,92,9924,-9604,8144,34,131,-202,-14848,4428,2600,-1071,100,-99,-14856,-2328,5668,-497,210,-93,0
1456.5475521087649,10832,4504,10832,-178,-48,118,9956,-9704,8064,25,143,-170,-14880,4300,2432,-1018,123,-81,-14936,-2340,5708,-479,182,-62,0
1456.58096408844,10764,4488,10764,-252,-96,141,10016,-9756,8048,39,86,-218,-14888,4416,2536,-924,207,-140,-14932,-2332,5624,-444,164,-57,0
1456.6144969463348,10828,4584,10976,-255,-203,157,10048,-9904,7996,-44,122,-224,-14984,4432,2328,-908,189,-188,-14912,-2336,5680,-475,186,-55,0
1456.6477551460266,10704,4388,10716,-244,-221,156,9996,-9900,7832,-11,137,-232,-14984,4492,2692,-900,154,-133,-14856,-2252,5624,-524,116,-80,0
1456.6812040805817,10756,4424,10784,-226,-119,137,10192,-9804,8128,-32,144,-192,-14784,4492,2444,-897,182,-113,-14896,-2300,5512,-494,146,-51,0
1456.7143650054932,10936,4380,10536,-279,-157,146,10156,-9832,7900,24,179,-206,-14884,4520,2544,-914,161,-138,-14872,-2172,5540,-462,174,-60,0
1456.7477540969849,10824,4308,10560,-303,-167,164,10160,-9844,8084,31,142,-203,-14884,4496,2540,-985,163,-138,-14660,-2212,5684,-469,178,-30,0
1456.7813451290133,10532,4392,10840,-241,-102,143,10068,-9864,7988,52,141,-210,-14916,4376,2564,-992,176,-148,-15096,-2248,5580,-486,217,-41,0
1456.8148429393768,10544,4420,10944,-282,-145,163,10132,-9784,8072,62,129,-243,-14892,4356,2388,-1011,155,-154,-14992,-2272,5768,-451,255,-58,0
1456.84840798378,10852,4460,10716,-284,-203,176,9980,-9804,7976,36,111,-261,-14908,4372,2368,-940,144,-159,-14984,-2304,5528,-459,226,-55,0
1456.8816480636597,10840,4512,10644,-275,-206,165,10100,-9756,8044,-9,82,-230,-14916,4316,2648,-949,152,-161,-15032,-2228,5824,-468,218,-76,0
1456.9148619174955,10756,4432,10728,-275,-203,146,10124,-9820,7948,1,149,-223,-14892,4408,2464,-964,146,-115,-14660,-2180,5464,-458,176,-90,0
1456.9482140541077,10924,4328,10740,-265,-183,149,10012,-9804,7936,-2,162,-212,-14884,4308,2376,-960,141,-109,-15024,-2552,5488,-464,145,-89,0
1456.9820730686188,10912,4472,10752,-278,-188,139,10084,-9796,8104,-5,139,-232,-14856,4328,2424,-961,162,-141,-14984,-2192,5500,-466,195,-89,0
1457.0154490470886,10840,4404,10720,-240,-177,161,10068,-9712,8036,-32,116,-224,-14984,4344,2496,-976,183,-162,-14920,-2228,5448,-481,199,-65,0
1457.0489270687103,10888,4288,10644,-247,-177,178,10076,-9832,7976,8,86,-227,-14936,4320,2560,-1000,146,-129,-14872,-2172,5608,-483,197,-57,0
1457.0824439525604,10900,4572,10788,-247,-211,163,10108,-9772,7776,16,100,-227,-14888,4264,2524,-1005,174,-123,-14856,-2280,5580,-495,210,-75,0
1457.1158149242399,10924,4324,10988,-179,-165,178,10032,-9744,7852,-33,123,-239,-14836,4400,2528,-979,189,-158,-14996,-2200,5812,-484,232,-68,0
1457.1490049362185,10848,4376,10880,-227,-213,156,10144,-9800,7888,15,87,-245,-14768,4444,2432,-1015,186,-186,-14896,-2180,5444,-467,224,-49,0
1457.1825730800629,10932,4260,10672,-222,-182,160,10108,-9740,7972,-255,105,-187,-14852,4524,2532,-1040,141,-105,-14876,-2196,5576,-472,159,-79,0
1457.2157249450684,10916,4316,10612,-157,-82,144,10088,-9640,7916,-33,145,-150,-14912,4368,2452,-1048,106,-24,-14888,-2244,5576,-495,95,-125,0
1457.2492139339447,10932,4396,10596,-120,-49,141,10028,-9664,8076,-65,125,-181,-14888,4152,2436,-1026,108,-70,-14924,-2296,5492,-507,124,-138,0
1457.282763004303,10936,4276,10868,-133,-79,105,10180,-9756,7960,-73,172,-176,-14984,4412,2548,-1043,110,-121,-14636,-2184,5844,-491,180,-139,0
1457.3161799907684,10952,4292,10760,-124,-29,71,10128,-9832,8020,10,158,-166,-14892,4588,2384,-1062,47,-84,-14932,-2280,5536,-492,179,-176,0
1457.34974193573,10956,4232,10652,-114,-3,65,10060,-9776,8056,-8,172,-180,-14944,4348,2432,-1068,78,-42,-14928,-2144,5456,-449,182,-137,0
1457.3830790519714,10956,4416,10504,-158,-2,89,10108,-9976,8004,-3,135,-208,-14972,4400,2516,-1041,102,-57,-14908,-2156,5588,-491,171,-133,0
1457.4209189414978,10852,4168,10632,-90,-39,96,10024,-9824,8008,-26,126,-172,-14900,4412,2504,-1039,102,-79,-14948,-2236,5484,-521,161,-141,0
1457.4561450481415,10844,4356,10848,-106,-29,110,10080,-9796,7964,-68,130,-176,-14600,4444,2584,-1001,76,-50,-14968,-2216,5476,-505,155,-154,0
1457.4918830394745,10668,4332,10848,-105,-47,106,10112,-9960,7748,-52,91,-169,-14796,4100,2436,-996,128,-77,-14920,-2196,5496,-767,158,-137,0
1457.5278549194336,10852,4320,10756,-96,-20,100,10176,-9856,7904,-56,138,-181,-14888,4328,2416,-1007,99,-121,-14980,-2232,5576,-507,148,-104,0
1457.562649011612,10872,4316,10792,-111,-54,115,10092,-9480,7960,-42,135,-165,-14948,4364,2464,-1003,93,-64,-15072,-2256,5544,-495,140,-106,0
1457.5974731445312,10852,4548,10740,-98,-67,121,10108,-9792,8028,-56,103,-223,-14904,4180,2608,-995,159,-88,-15000,-2208,5540,-474,162,-85,0
1457.6334569454193,10828,4356,10740,-101,-72,96,10192,-9752,7972,-94,115,-206,-14644,4380,2772,-1002,131,-67,-15000,-2268,5528,-473,124,-119,0
1457.6691031455994,10896,4244,10796,-96,-49,89,10188,-9732,7920,-68,128,-174,-14976,4436,2192,-1039,37,-64,-14984,-2304,5572,-522,104,-144,0
1457.704391002655,10792,4572,10660,-142,-248,82,10220,-9736,7916,-27,154,-121,-14920,4340,2496,-1113,47,-15,-14992,-2152,5452,-502,96,-138,0
1457.7396919727325,10812,4464,10628,-60,93,82,10088,-9496,8124,-80,128,-118,-14976,4524,2484,-1070,56,229,-14980,-2364,5356,-480,109,-147,0
1457.7750289440155,10716,4368,10920,-105,30,48,10144,-9804,8076,-37,139,-110,-14896,4436,2356,-1111,31,15,-14972,-2104,5596,-451,103,-164,0
1457.8107950687408,10868,4324,10540,-116,86,55,10088,-9788,7988,-58,161,-127,-14964,4396,2420,-1083,31,-26,-14924,-2128,5588,-518,88,-159,0
1457.846230983734,10748,4304,10860,-47,69,81,10012,-9804,7944,-52,155,-115,-14888,4404,2716,-1058,45,-16,-14888,-2356,5884,-525,57,-156,0
1457.8817031383514,10764,4396,10932,-31,47,48,10076,-9808,8168,-39,145,-176,-14936,4440,2616,-1003,59,-23,-15028,-2096,5584,-509,87,-153,0
1457.9171681404114,10588,4436,10812,-53,31,60,10076,-9792,7864,-68,131,-154,-14876,4384,2612,-1021,40,-25,-14800,-2240,5636,-511,81,-167,0
1457.9524319171906,10716,4496,10668,-69,-256,59,9984,-9776,7980,-37,144,-164,-14824,4396,2744,-1023,77,-51,-14948,-2520,5620,-495,89,-178,0
1457.9877021312714,10496,4428,10592,-77,10,83,10092,-9784,8016,-70,152,-168,-14624,4160,2320,-995,75,-75,-15028,-2160,5576,-489,112,-156,0
1458.023649930954,10804,4452,10560,-208,-59,64,10068,-9816,7996,12,207,-165,-14884,4388,2488,-970,94,-98,-14996,-2236,5856,-441,136,-82,0
1458.059564113617,10716,4468,10928,-313,-130,115,10096,-9884,8032,38,206,-202,-14788,4452,2620,-934,138,-128,-14956,-2208,5612,-445,214,-48,0
1458.0931780338287,10804,4436,10764,-273,-278,134,10052,-10028,8088,-32,77,-264,-14832,4504,2508,-908,197,-148,-14936,-2324,5768,-261,193,-63,0
1458.1268079280853,10680,4528,10848,-135,-312,210,10012,-9756,8068,-152,44,-237,-14780,4388,2560,-869,234,-139,-15000,-2096,5688,-493,144,-78,0
1458.1601009368896,10800,4324,10784,-185,-332,206,10008,-9824,7956,-168,91,-264,-14632,4392,2416,-847,212,-191,-14764,-2148,5416,-517,194,-40,0
1458.1937589645386,10748,4316,10552,-203,-347,173,10024,-9804,7936,-80,115,-273,-14848,4408,2476,-936,223,-166,-14912,-2152,5580,-507,222,-33,0
1458.227097988129,10968,4264,10704,-243,-250,191,10188,-9708,7736,9,104,-508,-14924,4272,2444,-991,236,-171,-15320,-2116,5536,-462,191,-74,0
1458.2605159282684,10864,4336,10700,-243,-187,161,10136,-9836,7844,4,162,-243,-15008,4384,2488,-961,215,-188,-14944,-2196,5364,-470,248,-80,0
1458.2940320968628,10944,4348,10764,-175,-168,142,10180,-9724,8056,-15,100,-265,-14904,4576,2404,-1019,182,-182,-15000,-2144,5504,-494,208,-79,0
1458.3273811340332,11052,4292,10616,-191,-168,133,10100,-9824,7924,1,76,-253,-14852,4396,2432,-1058,112,-156,-14956,-2256,5648,-510,226,-111,0
1458.3608269691467,10952,4352,10620,-112,-148,119,10104,-9504,7780,-46,100,-191,-14864,4372,2456,-1061,74,-83,-14956,-2196,5644,-497,142,-129,0
1458.3942890167236,10872,4356,10768,-162,-70,116,10104,-9680,7728,-39,147,-167,-14928,4208,2484,-1007,80,-101,-14968,-2128,5428,-493,145,-135,0
1458.4274230003357,10860,4296,10284,-207,3,110,10020,-9864,8072,-255,161,-131,-14896,4376,2448,-1073,81,-78,-15056,-2284,5428,-489,102,-124,0
1458.4610540866852,11016,4396,10772,-150,49,122,10108,-9724,7864,0,179,-90,-14908,4236,2532,-1083,57,254,-14892,-2172,5444,-258,59,-117,0
1458.4947941303253,10960,4380,10736,-154,51,123,10148,-9596,8036,1,136,-93,-14628,4096,2632,-1084,96,-236,-14908,-2212,5540,-524,80,-132,0
1458.5282199382782,10752,4444,10808,-129,-12,139,10180,-9748,7772,-31,138,-153,-14788,4424,2488,-1045,147,-25,-14956,-2212,5576,-501,127,-96,0
1458.5618169307709,10800,4424,10832,-112,-77,151,10108,-9736,7956,-30,89,-182,-14604,4336,2508,-998,138,-78,-15096,-2152,5600,-511,208,-83,0
1458.595477104187,10668,4096,10848,-84,-122,141,10228,-9864,8020,-19,73,-229,-14912,4432,2680,-964,172,-150,-14912,-2156,5836,-259,209,-99,0
1458.628790140152,10868,4344,10660,-26,-85,119,10104,-9756,8044,-15,110,-262,-15104,4340,2412,-979,120,-129,-14884,-2208,5620,-513,230,-151,0
1458.6620879173279,10916,4268,10864,-69,-129,68,10208,-9820,7720,17,165,-241,-15016,4464,2384,-964,39,-116,-14956,-2228,5420,-509,230,-178,0
1458.6958739757538,10884,4104,10588,-80,-37,34,10216,-9752,7932,21,204,-217,-14916,4368,2520,-956,12,-112,-14976,-2108,5576,-492,184,-207,0
1458.7292940616608,10756,4376,10828,-78,-10,8,10084,-9804,7976,61,177,-205,-14904,4368,2340,-995,18,-177,-14976,-2168,5600,-471,218,-217,0
1458.7628359794617,10928,4140,10876,-69,-38,18,10124,-9740,7812,53,178,-511,-14836,4388,2280,-1021,43,-183,-14920,-2092,5520,-466,232,-169,0
1458.7964489459991,10732,4276,10988,-121,-79,7,10128,-9824,8036,49,509,-264,-14880,4328,2520,-990,17,-205,-14984,-2176,5468,-474,263,-212,0
1458.8300321102142,10868,4604,10684,-124,-129,-34,10108,-9984,8052,76,223,-294,-15036,4384,2480,-1004,34,-209,-15000,-2296,5576,-492,257,-221,0
1458.8636920452118,10828,4452,10552,-73,-121,-8,10132,-9808,8012,121,238,-281,-14892,4308,2560,-1033,-23,-191,-14872,-2248,5592,-465,249,-222,0
1458.8970489501953,10708,4464,10604,-112,-135,-6,10192,-9704,8064,88,172,-270,-15060,4288,2684,-1031,-16,-228,-14928,-2276,5520,-462,234,-226,0
1458.930475950241,10824,4392,10640,-54,-64,-39,10232,-9636,8360,57,240,-271,-14868,4344,2592,-775,-25,-196,-15004,-2512,5416,-493,202,-242,0
1458.9640691280365,10908,4464,10624,-110,-57,-36,10052,-9904,8056,39,215,-245,-14948,4348,2496,-1030,-249,-160,-14888,-2052,5136,-265,208,-196,0
1458.9976079463959,10844,4548,10572,-99,-52,2,10052,-9660,8008,19,207,-216,-14840,4228,2536,-1038,46,-99,-14984,-2288,5504,-504,207,-176,0
1459.0312731266022,10804,4636,10844,-121,-148,32,10188,-9640,8000,-3,182,-246,-14860,4332,2552,-780,86,-160,-15064,-2268,5552,-479,229,-148,0
1459.0642960071564,10852,4500,10596,-107,-102,88,10236,-9584,8024,-2,75,-4,-14984,4328,2368,-774,147,-119,-14940,-2176,5404,-479,193,-89,0
1459.1017799377441,10904,4476,10616,-67,-94,97,10124,-9664,7968,-252,96,-231,-15000,4292,2604,-1000,125,-91,-14976,-2212,5436,-763,140,-146,0
1459.137589931488,10896,4432,10708,-83,-40,88,10216,-9716,8008,-26,174,-150,-15004,4372,2360,-961,63,-58,-14968,-2300,5320,-506,122,-174,0
1459.1728219985962,10844,4488,10552,-105,8,92,10100,-9776,8076,-54,171,-155,-14912,4304,2432,-988,71,-81,-14896,-2272,5504,-505,121,-141,0
1459.2087080478668,10696,4604,10572,-134,-256,95,10036,-9956,8032,2,183,-163,-14852,4160,2808,-1030,97,-91,-14836,-2160,5588,-498,144,-147,0
1459.2443940639496,10876,4452,10748,-141,-31,115,10068,-9804,7920,-26,104,-186,-15024,4256,2428,-994,144,-58,-15088,-2272,5616,-520,139,-116,0
1459.2795259952543,10780,4480,10952,-101,-83,133,10176,-9636,7680,-19,129,-192,-14788,4284,2652,-1012,119,-102,-15056,-2344,5496,-485,184,-115,0
1459.3149709701538,10792,4420,10692,-174,-57,94,9752,-9496,7956,-9,115,-192,-14920,4336,2748,-1027,140,-123,-14884,-2296,5456,-465,176,-120,0
1459.3507640361786,10796,4472,10496,-140,-114,131,10052,-9920,8128,-14,123,-203,-14844,4344,2544,-994,137,-124,-14896,-2296,5484,-478,206,-79,0
1459.3859009742737,10812,4432,10756,-157,-133,132,10116,-9696,7876,-16,104,-221,-14968,4340,2352,-992,133,-89,-14968,-2336,5412,-486,164,-88,0
1459.421646118164,10804,4512,10540,-118,-149,146,9772,-9616,8116,-16,135,-214,-14876,4284,2500,-968,138,-98,-14692,-2528,5496,-505,160,-143,0
1459.4576470851898,10872,4492,10684,-107,-93,121,10276,-9572,7976,-80,113,-180,-15060,4184,2472,-1010,90,-60,-14888,-2288,5440,-464,114,-167,0
1459.4926130771637,11136,4520,10580,-123,15,58,10176,-9616,8004,11,173,-166,-14904,4308,2332,-775,50,-95,-14920,-2184,5152,-440,122,-215,0
1459.5276560783386,10928,4440,10604,-104,56,24,10124,-9976,8008,71,176,-167,-14956,4252,2472,-1088,10,-42,-14952,-2236,5388,-462,144,-237,0
1459.5633249282837,10836,4428,10504,-51,21,-253,10204,-9700,7996,74,152,-199,-14972,4344,2636,-1105,20,-76,-14924,-2224,5400,-489,114,-232,0
1459.5993020534515,10852,4508,10740,24,-21,-22,10220,-9732,8068,31,152,-224,-15052,4584,2472,-1064,-75,-52,-14912,-2224,5628,-517,126,-13,0
1459.634130001068,10760,4160,10804,-55,-1,-19,10224,-9676,7848,33,210,-198,-14900,4344,2360,-1135,-69,-96,-15048,-2296,5860,-490,122,-252,0
1459.6701710224152,10664,4584,10588,-31,40,5,10020,-9964,8104,-33,195,-178,-14872,4288,2564,-1084,-43,-77,-15104,-2396,5592,-503,82,-214,0
1459.705171108246,10500,4584,10752,-95,-34,13,10108,-9628,7996,-8,255,-131,-14876,4380,2516,-1070,40,-66,-14952,-2556,5564,-472,131,-187,0
1459.741979122162,10792,4588,10620,-60,27,64,10032,-9668,8128,-52,191,-147,-14612,4328,2584,-1041,14,-10,-14864,-2396,5520,-519,106,-177,0
1459.775593996048,10748,4504,10644,-73,-242,77,10052,-9568,8024,-45,96,-154,-15092,4288,2340,-1045,86,-44,-14976,-2372,5516,-523,135,-146,0
1459.8092510700226,10780,4840,10660,-39,-22,92,10220,-9712,8168,-61,100,-160,-14984,4292,2648,-1030,83,-64,-14932,-2464,5548,-531,115,-146,0
1459.8428900241852,10508,4400,11004,-61,-27,103,10180,-9708,8040,-49,147,-152,-14660,4240,2700,-1004,92,-106,-14964,-2368,5588,-539,140,-162,0
1459.8766050338743,10956,4604,10760,-70,-57,70,10192,-9564,7976,-27,107,-217,-14892,4284,2676,-1073,132,-120,-14956,-2392,5576,-522,156,-142,0
1459.9102201461792,10836,4632,10840,-5,-22,84,10016,-9644,8172,-21,107,-209,-14840,4284,2468,-1081,107,-113,-14912,-2304,5456,-520,182,-152,0
1459.943346977234,10724,4636,10776,-61,-61,57,10052,-9712,8060,-1,137,-200,-14660,4272,2792,-1043,80,-89,-14944,-2280,5428,-478,183,-190,0
1459.977690935135,10812,4800,10548,-93,252,28,10160,-9688,7720,-1,182,-205,-14836,4304,2572,-981,39,-91,-14796,-2408,5540,-485,121,-189,0
1460.0111999511719,10996,4608,10780,-123,-9,38,9992,-9940,8068,13,200,-200,-14864,4268,2612,-994,41,-71,-14924,-2416,5496,-479,184,-166,0
1460.0448150634766,10796,4400,10860,-133,-36,75,10144,-9824,7988,37,200,-209,-14856,4332,2668,-1019,78,-77,-14912,-2424,5424,-466,162,-155,0
1460.0785410404203,10636,4640,10748,-199,-38,51,10204,-9692,7920,47,227,-199,-14940,4292,2584,-1002,67,-150,-15012,-2416,5548,-428,202,-136,0
1460.1119151115417,10796,4608,10848,-240,-125,71,10060,-9748,8156,35,233,-258,-14624,4268,2392,-964,109,-193,-14908,-2560,5540,-464,241,-155,0
1460.145318031311,10584,4628,10988,-247,-199,92,10056,-9828,8256,-24,203,-275,-14900,4252,2600,-946,110,-198,-14868,-2432,5572,-487,229,-116,0
1460.178964138031,10744,4684,10848,-219,-238,78,10072,-9716,8300,-40,219,-261,-14856,4248,2732,-949,110,-183,-14892,-2488,5524,-509,231,-131,0
1460.2124819755554,10628,4656,10780,-235,-214,69,9904,-9580,8020,-17,184,-244,-14792,4260,2560,-948,101,-177,-14828,-2476,5356,-490,235,-109,0
1460.246140956879,10720,4620,10664,-269,-159,109,10076,-9628,8092,0,187,-244,-14880,4108,2768,-951,116,-207,-14900,-2372,5424,-475,211,-73,0
1460.2797739505768,10692,4860,10680,-1,-123,141,10108,-9568,8040,18,121,-233,-14896,4140,2672,-941,199,-155,-14960,-2340,5440,-473,206,-47,0
1460.313329935074,10816,4560,10716,-304,-144,123,9992,-9708,8128,49,130,-217,-15036,4184,2344,-997,196,-139,-15000,-2444,5404,-471,191,-76,0
1460.3469519615173,10800,4388,10888,-320,-147,178,10120,-9504,8052,45,124,-231,-14920,4272,2364,-996,173,-135,-15028,-2308,5420,-462,188,-38,0
1460.3804371356964,11000,4660,10732,-255,-192,155,10100,-9668,8120,-8,132,-242,-14888,4184,2744,-995,198,-153,-15040,-2408,5308,-477,209,-79,0
1460.4139840602875,10768,4576,10992,-279,-218,146,10144,-9624,8028,-14,148,-256,-14832,4244,2604,-1009,154,-135,-14872,-2228,5356,-472,230,-96,0
1460.4474430084229,10772,4448,10672,-254,-186,152,10108,-9876,7788,-252,129,-205,-14948,4224,2636,-1020,114,-132,-14932,-2324,5372,-485,154,-119,0
1460.484225988388,10792,4840,10504,-197,-109,129,10128,-9620,8048,2,142,-199,-14904,4268,2556,-989,99,-130,-14888,-2256,5584,-758,148,-124,0
1460.5183260440829,10892,4860,10580,-104,-17,110,10032,-9616,8136,-11,100,-218,-15080,4220,2504,-966,181,-134,-14856,-2232,5500,-532,197,-68,0
1460.5518629550934,10696,4724,11000,-112,-135,121,10192,-9724,8072,-7,65,-258,-14856,4236,2588,-993,207,-180,-14944,-2216,5392,-544,268,-91,0
1460.5855050086975,10736,4456,10688,-156,-217,163,10092,-9496,8100,19,49,-278,-14992,4180,2472,-1001,196,-168,-14996,-2100,5480,-496,273,-36,0
1460.619297027588,10768,4448,10796,-145,-228,168,10188,-9620,8048,-43,71,-290,-14800,4140,2508,-1012,216,-185,-14924,-2436,5580,-490,296,-74,0
1460.6525270938873,10716,4508,10648,-208,-267,111,10184,-9696,7892,16,124,-287,-14952,4244,2468,-1008,144,-210,-14960,-2396,5424,-479,298,-124,0
1460.6860980987549,10760,4472,10860,-201,-4,66,10156,-9616,8400,23,195,-284,-14940,4212,2580,-1036,136,-251,-14860,-2332,5484,-498,281,-134,0
1460.7197511196136,10856,4576,10652,-186,-246,90,10056,-9688,7936,41,107,-307,-14968,4184,2496,-1007,105,-202,-14928,-2388,5324,-513,293,-93,0
1460.7556729316711,10584,4404,10388,-155,-223,92,10120,-9576,8248,13,92,-318,-14908,4164,2600,-978,175,-240,-14948,-2360,5384,-497,290,-90,0
1460.791712999344,10916,4672,10608,-133,-303,120,10088,-9508,7948,-30,70,-330,-14896,4152,2452,-927,158,-229,-14984,-2244,5480,-510,319,-88,0
1460.8280379772186,10944,4596,10652,-163,-291,112,10180,-9508,8020,-24,99,-312,-14968,4108,2484,-987,195,-179,-14948,-2220,5388,-489,288,-56,0
1460.863359928131,10928,4556,10728,-176,-284,161,10200,-9572,8000,1,76,-318,-14892,4172,2612,-965,203,-209,-14944,-2556,5372,-492,310,-49,0
1460.8986639976501,10972,4580,10616,-160,-283,161,10272,-9472,8088,14,61,-281,-14932,4132,2368,-956,182,-153,-15012,-2540,5224,-463,321,-51,0
1460.9333789348602,10848,4564,10924,-233,-281,176,10156,-9512,8096,46,60,-286,-14988,4244,2504,-979,191,-185,-14956,-2396,5276,-479,276,-60,0
1460.9691369533539,10864,4812,10588,-219,-291,164,10268,-9516,8136,15,58,-299,-14984,4168,2460,-940,200,-165,-15280,-2356,5356,-529,279,-57,0
1461.0043210983276,10892,4504,10700,-210,-342,153,10332,-9652,7988,36,146,-301,-14984,4148,2544,-1025,152,-201,-14924,-2296,5468,-469,324,-80,0
1461.0400381088257,10908,4360,10564,-226,-312,146,10164,-9608,8384,41,101,-313,-15048,4092,2496,-1000,137,-182,-15004,-2380,5324,-479,298,-122,0
1461.0749280452728,10904,4452,10604,-250,-375,127,10280,-9616,8044,0,135,-308,-14952,4204,2428,-959,171,-4,-14972,-2200,5456,-461,284,-85,0
1461.1103839874268,11024,4472,10676,-285,-408,153,10216,-9540,8060,48,135,-339,-14960,4128,2484,-973,160,-219,-14988,-2304,5328,-455,294,-98,0
1461.1453330516815,10880,4420,10496,-232,-404,138,10268,-9668,7800,46,125,-315,-15016,4168,2528,-1000,124,-205,-15060,-2448,5284,-449,223,-135,0
1461.180762052536,10828,4476,10456,-231,-355,121,10424,-9584,7940,21,134,-299,-15008,4092,2472,-956,159,-217,-15020,-2260,5408,-488,228,-135,0
1461.217136144638,10832,4536,10556,-225,-407,140,10284,-9492,8036,31,145,-321,-14976,3964,2472,-969,130,-274,-15004,-2232,5244,-476,284,-87,0
1461.2522571086884,11012,4512,10588,-233,-438,165,10188,-9560,7976,36,-36,-378,-15040,4084,2408,-968,155,-283,-15084,-2076,5168,-497,292,-90,0
1461.288104057312,11056,4400,10240,-133,-411,156,10340,-9404,8032,6,110,-310,-14980,4072,2492,-1033,153,-260,-15128,-2376,5336,-472,310,-115,0
1461.3234329223633,11112,4508,10540,-229,-426,157,10252,-9524,8140,44,134,-338,-15052,4124,2748,-1012,175,-223,-15344,-2420,5344,-451,280,-80,0
1461.3593120574951,11152,4452,10348,-226,-374,154,10488,-9448,8040,20,103,-311,-14968,3968,2644,-1005,158,-229,-15072,-2076,5232,-465,265,-105,0
1461.393893957138,11180,4536,10444,-184,-381,150,10256,-9332,8012,29,122,-283,-14932,4008,2520,-1008,142,-219,-15004,-2368,5100,-494,224,-92,0
1461.4292929172516,11200,4456,10360,-193,-364,155,10312,-9336,8048,21,123,-294,-15088,3988,2420,-970,123,-162,-15196,-2304,5188,-463,208,-115,0
1461.4628591537476,11200,4452,10388,-171,-350,142,10296,-9352,8416,-32,113,-508,-14992,3976,2520,-1004,74,-125,-15032,-2100,5164,-522,165,-116,0
1461.4964349269867,11232,4476,10496,-188,-317,165,10368,-9392,8044,12,110,-233,-14984,4016,2556,-1006,85,-167,-14976,-2072,5160,-515,161,-94,0
1461.5299401283264,11156,4488,10024,-65,-230,121,10244,-9424,8216,-17,68,-224,-15028,4036,2420,-994,138,-196,-14832,-2240,5004,-519,184,-164,0
1461.5633320808413,11144,4400,10236,-56,-41,110,10476,-9180,8132,-40,67,-223,-14848,3932,2264,-1017,158,-89,-14948,-2112,5116,-462,158,-175,0
1461.5969040393827,11248,4296,10208,-135,194,44,10488,-9440,7696,63,225,-90,-15068,3900,2352,-1055,55,43,-15100,-2528,5084,-459,32,-188,0
1461.6301779747007,11328,4408,10284,-190,365,16,10244,-9440,7916,109,335,-21,-15004,3852,2384,-1155,-54,90,-15344,-2344,5080,-377,15,-159,0
1461.66366314888,11312,4612,10580,-281,265,53,10268,-9220,8260,102,234,-67,-15172,4060,2484,-1177,85,-252,-15100,-2324,5360,-365,91,-132,0
1461.6973011493683,11180,4564,10384,-165,273,74,10256,-9436,8236,-35,162,-35,-15132,3992,2424,-1027,109,64,-15256,-2352,5176,-471,-12,-173,0
1461.7304880619047,11160,4560,10680,-13,243,87,10176,-9380,8104,-111,192,-35,-14928,3864,2448,-975,122,103,-15000,-2352,5280,-479,-15,-127,0
1461.7640590667725,11036,4444,10448,-85,240,121,10068,-9396,8340,-117,127,-15,-14884,4084,2576,-1036,112,95,-14956,-2316,5304,-467,22,-77,0
1461.7974269390106,11124,4496,10484,-45,233,164,10172,-9300,8136,-137,89,-4,-15080,4028,2832,-1062,110,94,-15044,-2340,5220,-519,14,-56,0
1461.8309791088104,10768,4588,10460,-39,270,125,10292,-9404,8220,-149,107,30,-15020,4116,2316,-1023,85,125,-15012,-2276,5496,-755,-77,-117,0
1461.864259004593,11108,4396,10596,-18,317,104,10172,-9400,7980,-112,124,29,-15048,4096,2440,-1022,114,137,-15036,-2264,5192,-503,-56,-99,0
1461.8978340625763,10948,4488,10664,-43,259,122,10160,-9592,8148,-73,97,-31,-14984,4144,2396,-1040,128,82,-14908,-2520,5240,-522,72,-73,0
1461.9310460090635,10820,4520,10632,-48,180,126,10172,-9476,8092,-81,41,-85,-14876,4216,2468,-1055,195,22,-15028,-2256,5260,-519,93,-65,0
1461.964767932892,10888,4392,10716,-15,139,119,10016,-9628,8160,-108,84,-114,-14984,4180,2436,-984,142,7,-15008,-2260,5400,-505,74,-108,0
1461.9979920387268,10856,4348,10676,-93,91,82,10136,-9580,8060,-88,182,-77,-15000,4212,2488,-1045,57,45,-15072,-2272,5396,-488,48,-158,0
1462.031404018402,11016,4444,10556,-52,192,49,10208,-9608,7964,-68,167,-84,-14960,4240,2568,-1066,23,20,-15056,-2296,5344,-467,60,-193,0
1462.0649099349976,11004,4436,10648,-56,217,28,10232,-9544,8052,-15,187,-83,-15004,4152,2520,-1050,39,-30,-15020,-2296,5452,-488,76,-200,0
1462.0984280109406,10836,4516,10564,-96,202,17,10268,-9580,8100,-28,187,-120,-14956,4132,2468,-1044,15,-31,-15004,-2300,5320,-482,80,-196,0
1462.1316339969635,10872,4540,10812,-123,100,25,10164,-9488,8116,-32,228,-149,-14976,4120,2404,-1010,0,-40,-15008,-2292,5468,-483,126,-162,0
1462.1650071144104,10968,4532,10644,-121,67,38,10156,-9504,8120,-44,188,-179,-14904,4228,2492,-1003,48,-32,-15028,-2340,5584,-474,124,-186,0
1462.1986999511719,10852,4556,10536,-69,36,42,10188,-9432,8148,252,171,-153,-15064,4192,2596,-1036,67,-79,-15044,-2356,5124,-494,132,-180,0
1462.2319269180298,10952,4632,10520,-69,41,66,10012,-9520,8024,-8,165,-142,-14984,4148,2468,-1025,68,-99,-15020,-2400,5372,-471,122,-146,0
1462.2654740810394,10856,4660,10540,-133,63,51,10248,-9472,8044,-17,212,-147,-14944,4164,2728,-986,44,-52,-15032,-2368,5276,-478,84,-155,0
1462.2991981506348,10856,4800,10600,-103,51,43,10244,-9244,7992,-52,193,-164,-14964,4128,2532,-1007,35,-28,-14960,-2224,5220,-262,68,-182,0
1462.3325979709623,10968,4544,10628,-147,56,60,10152,-9452,8124,-45,193,-136,-15028,4228,2508,-1050,253,-34,-14888,-2332,5628,-537,46,-165,0
1462.3662490844729,10908,4640,10592,-72,131,65,10172,-9576,8220,-9,178,-110,-14948,4284,2804,-1054,5,-11,-14976,-2336,5440,-503,39,-139,0
1462.3997449874878,10800,4680,10716,-126,60,53,10136,-9664,8108,-17,169,-122,-14912,4248,2636,-980,55,3,-15004,-2352,5320,-490,60,-107,0
1462.4354050159454,10784,4520,10620,-168,27,109,10180,-9676,8168,-29,109,-129,-15016,4156,2644,-981,54,-22,-14952,-2388,5172,-455,72,-116,0
1462.4711549282074,10784,4528,10728,-156,14,152,10076,-9548,8084,-27,158,-95,-14980,4212,2536,-1036,36,22,-14912,-2412,5512,-502,38,-88,0
1462.5061860084534,10836,4508,10560,-172,-9,108,10168,-9500,8444,-69,148,-110,-14940,4128,2528,-912,47,14,-14976,-2320,5340,-502,-13,-164,0
1462.5416679382324,10752,4640,10744,-182,9,49,10188,-9620,8140,-40,166,-146,-15048,4288,2584,-911,-251,-6,-15020,-2348,5236,-489,248,-152,0
1462.5775339603424,10828,4488,10744,-173,18,45,10116,-9552,7976,-18,202,-155,-14872,4164,2484,-977,-34,-11,-14900,-2260,5448,-498,88,-216,0
1462.6127049922943,10748,4504,10756,-111,22,27,10060,-9552,8336,-26,201,-168,-14672,4232,2436,-917,-90,-113,-14952,-2528,5292,-762,120,-210,0
1462.648566007614,10832,4588,10892,-105,-63,34,9860,-9500,8064,245,203,-195,-14916,4176,2456,-1038,-2,-72,-14948,-2352,5440,-466,173,-179,0
1462.6839139461515,10788,4612,10672,-163,-40,56,10116,-9516,8272,-18,202,-207,-14920,4156,2592,-993,21,-130,-14904,-2384,5388,-474,205,-150,0
1462.719223022461,10756,4688,10668,-152,-51,96,10168,-9492,8236,253,159,-186,-14964,4216,2692,-1275,76,-75,-14968,-2488,5496,-454,140,-94,0
1462.7549510002136,10788,4364,10968,-158,-15,97,10080,-9444,8144,-12,220,-118,-14996,4296,2636,-1036,137,-86,-14912,-2468,5428,-460,118,-90,0
1462.790785074234,10892,4680,10668,-173,-35,137,10180,-9396,8068,-55,126,-161,-15016,4140,2572,-966,125,253,-15056,-2408,5396,-478,65,-106,0
1462.8258650302887,10840,4808,10648,-139,4,101,10056,-9564,8120,-103,119,-150,-14888,4268,2552,-955,48,23,-15024,-2384,5248,-531,71,-120,0
1462.861839056015,10820,4460,10852,-160,8,100,10072,-9532,8328,6,149,-107,-15092,3884,2508,-1054,51,-29,-14912,-2372,5472,-754,117,-154,0
1462.8976991176603,10672,4808,10724,-85,35,72,10152,-9232,7976,-24,146,-155,-14908,4112,2572,-1030,87,-51,-14888,-2428,5200,-496,150,-129,0
1462.9328229427338,10680,4536,10824,-80,-64,65,10180,-9556,8296,-36,109,-209,-15000,4152,2800,-1020,106,-99,-14868,-2140,5428,-506,170,-124,0
1462.9680590629578,10764,4664,10692,-130,-52,112,10280,-9484,7980,-63,94,-175,-14928,4204,2560,-991,99,-64,-15100,-2400,5404,-480,141,-105,0
1463.0034000873566,10728,4552,10560,-72,-10,128,10100,-9692,8120,-70,95,-154,-14992,4184,2568,-1007,129,-70,-14904,-2280,5484,-504,99,-129,0
1463.0388550758362,10808,4660,10748,-112,28,130,10224,-9596,8136,-33,121,-105,-14984,4140,2464,-1001,101,-249,-14932,-2396,5560,-507,90,-126,0
1463.0753650665283,10768,4600,10664,-127,20,122,10140,-9552,8056,-84,159,-114,-14900,4252,2620,-979,56,-77,-14872,-2380,5536,-496,100,-141,0
1463.1089639663696,10736,4544,10916,-93,8,80,10304,-9640,8044,-59,184,-156,-14704,4292,2576,-1034,74,-36,-14928,-2512,5772,-258,136,-126,0
1463.1423289775848,10732,4560,10744,-73,-27,76,10132,-9476,8196,-63,116,-202,-15068,4216,2312,-1038,96,-79,-14992,-2308,5352,-509,178,-152,0
1463.1758270263672,10708,4612,10756,-66,-8,59,10060,-9560,7960,-54,117,-187,-15080,4156,2648,-1005,106,-87,-14932,-2384,5408,-257,152,-156,0
1463.2094280719755,10648,4600,10692,-69,-22,88,10028,-9632,8132,-47,124,-183,-14936,4264,2656,-1047,83,-94,-14940,-2372,5604,-531,161,-141,0
1463.2428479194639,10792,4596,10644,-108,-256,89,10084,-9620,8200,-9,154,-169,-14764,4196,2588,-1021,65,-66,-14932,-2432,5432,-509,145,-169,0
1463.2761540412903,10696,4708,10860,-101,-21,78,10128,-9528,8428,-56,155,-177,-14956,4152,2804,-1003,83,-69,-14880,-2288,5500,-493,161,-154,0
1463.3097159862518,10828,4668,10740,-80,-15,59,10028,-9576,8156,-51,150,-223,-14996,4192,2316,-1021,79,-63,-14896,-2340,5440,-487,159,-161,0
1463.3432409763336,10756,4668,10840,-131,-37,61,10112,-9552,8156,-26,164,-184,-14932,4264,2592,-996,88,-77,-14888,-2428,5468,-500,111,-142,0
1463.3769850730896,10592,4756,10804,-123,-36,85,10060,-9548,8084,-39,142,-202,-14872,4184,2648,-958,97,-96,-14828,-2384,5508,-485,150,-135,0
1463.4102730751038,10708,4648,10788,-199,-100,123,10096,-9596,8408,-45,116,-209,-14908,4204,2808,-1008,105,-93,-14908,-2508,5404,-475,172,-96,0
1463.443691968918,10768,4688,10564,-166,-131,146,10132,-9580,8272,-36,104,-181,-14908,4292,2788,-985,134,-52,-14904,-2412,5468,-489,159,-108,0
1463.4771370887756,10628,4624,10764,-176,-78,133,10128,-9560,8152,-51,107,-165,-14928,4268,2588,-980,156,-86,-14996,-2328,5472,-516,97,-84,0
1463.5106840133667,10720,4648,10708,-110,-75,126,10092,-9584,8428,-44,113,-166,-14896,3880,2444,-1002,146,-110,-14888,-2396,5132,-509,142,-70,0
1463.544203042984,10764,4620,10956,-151,-61,153,10084,-9480,8128,-54,106,-154,-15016,4140,2728,-1005,160,-102,-15292,-2328,5412,-493,151,-101,0
1463.5777621269226,10496,4664,10564,-138,-55,142,10152,-9584,8144,-35,93,-177,-14968,4204,2600,-1008,173,-48,-14892,-2368,5164,-494,113,-114,0
1463.6113071441653,10760,4356,10840,-139,-50,141,10088,-9540,8100,-52,104,-180,-14908,4152,2556,-774,166,-66,-15004,-2056,5416,-484,150,-87,0
1463.6444270610807,10664,4640,10796,-137,-65,99,10132,-9576,7968,-25,125,-200,-14960,4308,2508,-771,157,-143,-14940,-2388,5400,-473,174,-98,0
1463.677747964859,10636,4640,10756,-160,-87,84,10120,-9676,8120,-30,131,-215,-14704,4296,2804,-1016,114,-126,-15068,-2396,5408,-459,173,-94,0
1463.7113749980929,10868,4580,10748,-118,-80,82,10116,-9644,8236,-61,160,-183,-14980,4196,2640,-980,56,-68,-15008,-2376,5480,-527,152,-136,0
1463.7448170185087,10716,4548,10768,-200,-58,100,10080,-9644,8032,12,183,-166,-14888,4288,2520,-1047,44,-31,-14860,-2372,5500,-511,135,-135,0
1463.778429031372,10624,4632,10792,-134,-35,91,10096,-9500,8116,-69,138,-139,-14868,4216,2536,-1016,82,-68,-14900,-2484,5400,-493,106,-130,0
1463.8119380474093,10628,4540,10764,-138,-59,91,10104,-9520,8248,-47,174,-192,-14880,4220,2432,-1008,131,-113,-14944,-2360,5356,-492,145,-96,0
1463.8455200195312,10704,4696,10688,-137,-22,108,10128,-9476,8200,-27,99,-182,-14848,4108,2700,-1088,92,-78,-14916,-2468,5420,-755,142,-90,0
1463.8789670467377,10648,4776,10680,-127,-90,142,10272,-9436,8172,-25,98,-139,-14940,4172,2660,-1277,118,-33,-14936,-2388,5384,-520,106,-110,0
1463.912341117859,10644,4672,10696,-127,-83,110,10196,-9568,8196,-63,145,-174,-14904,4160,2612,-950,125,-77,-14972,-2336,5428,-444,100,-126,0
1463.9456181526184,10700,4688,10552,-148,-69,95,10128,-9476,8168,-66,123,-171,-15020,4232,2652,-948,98,-116,-14972,-2380,5436,-502,150,-124,0
1463.9794549942017,10736,4604,10756,-172,-85,104,10096,-9552,7952,9,115,-189,-14916,4172,2716,-1015,100,-140,-14844,-2356,5428,-261,165,-138,0
1464.0128419399261,10680,4632,10812,-141,-29,110,10128,-9560,8108,-3,106,-162,-14960,4232,2508,-996,83,-45,-14972,-2316,5448,-759,157,-134,0
1464.0464661121368,10760,4632,10724,-194,-43,117,10076,-9688,8116,12,160,-180,-14924,4236,2420,-983,76,-60,-14884,-2060,5496,-466,173,-112,0
1464.0798850059507,10616,4728,10904,-245,-77,118,10108,-9536,8396,18,153,-181,-14904,4220,2604,-959,106,-107,-14848,-2388,5596,-459,185,-117,0
1464.1158680915833,10696,4352,10808,-250,-119,125,10128,-9640,8056,5,147,-210,-14836,4212,2636,-973,93,-51,-14964,-2396,5524,-483,176,-99,0
1464.1518149375916,10760,4620,10732,-209,-178,134,10156,-9564,8120,-57,132,-202,-14864,4212,2548,-906,104,-131,-14960,-2376,5492,-495,165,-114,0
1464.1876230239868,10720,4668,10724,-222,-207,138,10148,-9516,8396,-37,126,-202,-14876,4304,2640,-913,96,-130,-14936,-2344,5436,-457,158,-102,0
1464.222962141037,10644,4704,10500,-249,-183,130,10156,-9644,8260,-22,132,-237,-15028,4080,2760,-932,109,-170,-14860,-2320,5400,-461,161,-94,0
1464.2581961154938,10944,4616,10704,-238,-212,143,10168,-9560,7972,12,135,-225,-14888,4196,2492,-963,111,-165,-14948,-2368,5392,-488,194,-98,0
1464.2943091392515,10612,4860,10668,-237,-241,147,10144,-9580,8116,8,128,-227,-14948,4204,2544,-954,98,-151,-14872,-2324,5512,-484,194,-109,0
1464.3301470279694,10520,4556,10968,-296,-4,154,10124,-9480,7904,1,140,-511,-14920,4168,2764,-963,127,-127,-14956,-2408,5448,-458,229,-102,0
1464.3655409812927,11000,4652,10628,-238,-504,155,10152,-9228,8052,3,125,-240,-14916,4144,2660,-983,115,-161,-14996,-2244,5408,-475,189,-73,0
1464.4008979797363,10804,4520,10692,-233,-223,178,10208,-9620,8136,17,116,-230,-14868,4212,2484,-1003,91,-139,-14960,-2368,5356,-492,138,-123,0
1464.437108039856,10760,4380,10700,-194,-230,148,10160,-9252,8160,-3,129,-194,-14940,4204,2596,-1030,110,-126,-14908,-2412,5332,-485,166,-115,0
1464.4724969863892,10716,4624,10608,-235,-245,141,10144,-9588,8188,-44,157,-201,-14632,4128,2536,-984,78,-128,-14932,-2392,5584,-475,170,-117,0
1464.5083091259005,10808,4532,10696,-272,-241,149,10068,-9708,8160,-6,124,-228,-14684,4100,2596,-1020,90,-117,-14928,-2560,5376,-461,179,-77,0
1464.5435700416565,10892,4532,10604,-248,-219,151,10136,-9264,8132,12,128,-183,-15016,4156,2524,-1006,101,-135,-14996,-2136,5272,-453,157,-101,0
1464.5796051025393,10848,4660,10628,-251,-200,132,10104,-9540,8216,16,171,-190,-14936,4240,2468,-961,98,-89,-14900,-2368,5620,-447,142,-137,0
1464.6151099205015,10876,4524,10712,-209,-213,159,10108,-9600,8196,-45,134,-228,-14892,4220,2652,-983,120,-129,-14968,-2316,5548,-486,173,-87,0
1464.6509211063383,10596,4436,10672,-246,-260,160,10048,-9500,8108,-29,108,-245,-14868,4100,2676,-984,140,-112,-14948,-2540,5356,-479,167,-83,0
1464.6861910820007,10868,4480,10600,-168,-177,160,10156,-9528,8040,-25,103,-217,-14632,4188,2320,-1279,132,-119,-14964,-2552,5408,-495,187,-118,0
1464.7219710350037,10916,4480,10748,-165,-179,148,10240,-9500,8176,-9,116,-203,-14920,4180,2340,-1026,140,-142,-15004,-2496,5504,-485,177,-95,0
1464.7595751285553,10876,4500,10588,-148,-100,138,10156,-9564,8328,-23,128,-218,-14992,4204,2588,-1043,138,-100,-14972,-2388,5192,-490,170,-118,0
1464.7930641174316,10928,4588,10504,-151,-88,115,10124,-9244,8064,-21,115,-194,-14928,4144,2756,-1013,99,-44,-14840,-2344,5340,-500,139,-117,0
1464.8268280029297,10912,4504,10588,-90,-39,105,10084,-9540,8088,-30,125,-191,-14920,4144,2548,-1031,108,-31,-14972,-2400,5308,-480,136,-132,0
1464.860365152359,10860,4480,10528,-148,-18,69,10160,-9428,8144,-17,156,-147,-14920,4120,2604,-1068,103,-66,-14988,-2284,5328,-443,150,-151,0
1464.8937690258026,10856,4500,10644,-109,-30,87,10212,-9224,8148,-38,146,-199,-14924,4180,2680,-1062,66,-93,-14992,-2080,5432,-485,122,-126,0
1464.9275231361387,10904,4564,10644,-104,32,81,10020,-9656,8188,-21,159,-169,-14956,4288,2660,-1026,70,-64,-15012,-2404,5488,-507,120,-168,0
1464.961096048355,10764,4512,10904,-90,17,69,10120,-9564,8356,-36,126,-146,-15100,3848,2496,-1071,91,-18,-15004,-2368,5540,-508,129,-165,0
1464.9943461418152,10788,4372,10864,-77,25,91,10116,-9548,8104,-64,145,-146,-14884,4092,2472,-1037,97,-26,-14976,-2428,5164,-496,72,-139,0
1465.027598142624,10816,4648,10680,-83,0,88,10016,-9552,8060,-69,168,-123,-14880,4348,2472,-776,69,-7,-14860,-2376,5444,-500,67,-105,0
1465.0610980987549,10816,4508,10656,-132,6,112,10136,-9540,8212,-45,147,-126,-15036,4148,2520,-1033,58,225,-14976,-2364,5452,-499,53,-158,0
1465.0948181152344,10952,4368,10564,-86,53,111,10136,-9572,8148,-71,132,-138,-14948,4140,2904,-1047,94,24,-14940,-2396,5164,-493,97,-160,0
1465.1281189918518,10888,4616,10688,-92,16,91,9992,-9716,8092,-74,109,-161,-14996,4148,2668,-1059,99,-8,-14960,-2272,5600,-517,127,-144,0
1465.1618139743805,10720,4480,10356,-85,57,72,10048,-9612,8040,-47,116,-124,-14900,4248,2524,-1073,99,-17,-14992,-2288,5444,-258,136,-115,0
1465.195431947708,10988,4480,10680,-74,-248,98,10132,-9540,8108,-20,130,-168,-14912,4184,2588,-1068,91,-81,-15048,-2376,5452,-493,141,-141,0
1465.2287430763245,10744,4856,10752,-82,1,88,10168,-9468,8108,-37,131,-175,-14924,4140,2640,-1005,105,-65,-14992,-2404,5476,-479,128,-137,0
1465.2624900341034,10792,4660,10632,-75,-5,83,10144,-9644,8216,-93,114,-164,-14932,4268,2560,-999,93,-51,-14932,-2360,5528,-505,165,-140,0
1465.296061038971,10792,4576,10752,-113,-17,120,10128,-9664,8208,-52,116,-173,-14876,4200,2692,-770,104,-44,-14888,-2548,5252,-531,148,-150,0
1465.3296000957487,10792,4652,10652,-250,12,87,10232,-9532,8160,-58,103,-151,-14908,4140,2616,-1076,108,-46,-14948,-2404,5416,-508,159,-140,0
1465.3630890846252,10780,4568,10752,-54,-73,73,10184,-9548,8180,-75,134,-221,-14940,4276,2508,-1033,70,-82,-15004,-2540,5468,-506,159,-146,0
1465.3965120315552,10832,4584,10560,-81,-40,75,10120,-9604,8128,-52,192,-169,-14900,4208,2808,-772,62,-55,-15012,-2108,5568,-487,120,-147,0
1465.429799079895,10572,4636,10668,-72,5,84,10124,-9520,8220,-42,131,-162,-14904,4112,2452,-1018,70,-56,-14880,-2100,5440,-513,161,-147,0
1465.4635260105133,10784,4628,10712,-104,-43,89,10136,-9436,8208,-24,129,-162,-14960,4160,2652,-1047,93,-33,-14948,-2352,5384,-519,150,-156,0
1465.5017161369324,10540,4636,10744,-73,-64,91,10164,-9496,8160,-76,146,-188,-14940,4220,2732,-997,69,-59,-14892,-2376,5428,-530,144,-143,0
1465.535707950592,10728,4800,10500,-67,-76,84,10092,-9540,8144,-67,138,-189,-14896,4136,2804,-965,68,-69,-15016,-2392,5544,-523,128,-152,0
1465.5688140392303,10692,4596,10784,-86,-69,99,10236,-9604,8036,-45,122,-161,-14944,4244,2492,-995,88,-50,-14884,-2268,5540,-509,150,-167,0
1465.6023950576782,10704,4696,10616,-87,-64,96,10220,-9616,8164,-42,99,-164,-14904,4348,2628,-994,90,-29,-15028,-2344,5312,-499,152,-140,0
1465.6356070041656,10764,4640,10628,-102,-78,76,10188,-9512,8060,-63,109,-191,-14920,4144,2728,-1021,86,-93,-15008,-2364,5424,-497,158,-151,0
1465.6692719459534,10824,4624,10608,-52,-68,107,10192,-9460,8116,-83,85,-172,-14876,4300,2768,-983,79,-91,-14980,-2376,5340,-494,145,-118,0
1465.7029860019684,10800,4624,10864,-114,-73,80,10108,-9664,8116,-57,107,-169,-14912,4268,2740,-773,81,-45,-14972,-2392,5456,-521,169,-137,0
1465.7363529205322,10696,4576,10612,-102,-74,119,10180,-9496,8136,-23,116,-162,-14892,4248,2332,-1051,79,-56,-14992,-2448,5468,-760,123,-125,0
1465.7698240280151,10792,4724,10772,-95,-83,121,10176,-9544,8048,-92,74,-157,-15008,3864,2636,-991,88,-109,-15008,-2328,5352,-494,140,-137,0
1465.8061380386353,10824,4688,10764,-136,-109,93,10108,-9632,8276,13,156,-197,-14880,4232,2508,-1035,83,-55,-14900,-2368,5488,-474,124,-147,0
1465.8414459228516,10736,4616,10840,-98,-29,95,10148,-9552,8148,-25,137,-178,-14852,4068,2592,-1065,58,-49,-14884,-2452,5472,-500,156,-149,0
1465.877790927887,10680,4624,10716,-121,-59,102,10140,-9524,8016,-24,165,-169,-15052,4244,2592,-1010,79,-48,-15012,-2364,5512,-475,104,-128,0
1465.9126770496368,10740,4652,10740,-166,-57,94,10120,-9640,8128,-54,152,-201,-14952,4212,2636,-1233,96,-73,-14880,-2368,5408,-260,148,-95,0
1465.9484419822693,10728,4584,10620,-163,-78,92,10076,-9552,8184,-38,155,-173,-14872,4188,2636,-1017,133,-104,-14936,-2352,5240,-498,172,-112,0
1465.9835150241852,10736,4560,10688,-171,-66,110,10132,-9464,8180,4,161,-206,-15064,4204,2648,-1278,102,-71,-14880,-2528,5400,-486,167,-136,0
1466.0184020996094,10764,4652,10768,-206,-96,116,10104,-9496,8180,1,140,-186,-14880,4192,2560,-1017,139,-123,-14876,-2436,5456,-477,169,-115,0
1466.054351091385,10804,4684,10936,-211,-68,98,10148,-9608,7964,-253,119,-196,-14952,4244,2700,-973,156,-97,-14924,-2364,5520,-488,155,-103,0
1466.0901811122894,10908,4692,10916,-226,-141,120,10004,-9632,8296,2,152,-221,-14604,4172,2796,-948,122,-152,-15004,-2388,5416,-489,157,-101,0
1466.125333070755,10508,4724,10584,-191,-185,136,10176,-9520,8148,-61,122,-213,-14916,4196,2656,-946,133,-114,-15040,-2508,5448,-761,156,-100,0
1466.1611850261688,10964,4612,10604,-190,-162,108,10108,-9492,8220,-62,145,-211,-14904,4268,2748,-942,123,-154,-14880,-2388,5448,-479,167,-98,0
1466.197184085846,10728,4692,10508,-222,-213,133,10128,-9492,8060,-57,126,-217,-14956,4200,2524,-937,133,-141,-14968,-2444,5396,-480,188,-57,0
1466.2324199676514,10848,4492,10788,-3,-189,145,10164,-9520,7944,-20,140,-209,-14992,4176,2756,-934,142,-99,-14988,-2136,5488,-497,170,-77,0
1466.2686049938202,10768,4652,10676,-246,-156,140,10120,-9456,8128,-17,143,-234,-14664,4224,2560,-944,167,-147,-15076,-2332,5404,-477,217,-65,0
1466.3038351535795,10764,4860,10856,-239,-197,159,10112,-9572,8100,-13,116,-239,-15028,4296,2436,-955,138,-142,-15032,-2452,5492,-259,208,-76,0
1466.3396270275116,10844,4600,10652,-202,-197,144,10188,-9548,8148,245,140,-200,-14952,4188,2584,-987,130,-168,-14984,-2332,5552,-461,205,-87,0
1466.3747689723969,10752,4832,10588,-222,-196,134,10200,-9248,8108,-26,163,-235,-14932,4224,2648,-986,118,-117,-15000,-2380,5264,-486,170,-99,0
1466.409884929657,10968,4644,10736,-201,-188,150,10108,-9548,8152,-45,164,-190,-14988,4236,2500,-975,103,-111,-15044,-2528,5360,-506,143,-63,0
1466.4468200206757,10828,4616,10668,-294,-162,141,10484,-9668,8168,-13,134,-191,-14904,4136,2540,-1019,104,-110,-14964,-2412,5440,-485,157,-97,0
1466.4803349971771,10796,4656,10636,-209,-150,146,10136,-9712,8140,6,146,-211,-14884,4040,2676,-990,100,-77,-14968,-2348,5452,-470,176,-95,0
1466.5138459205627,10900,4620,10784,-251,-192,126,10160,-9532,8140,-27,144,-236,-14880,4132,2428,-945,118,-143,-14908,-2200,5420,-494,228,-99,0
1466.5474009513855,10764,4640,10524,-215,-183,117,10052,-9608,8156,7,150,-228,-14896,4188,2456,-1013,118,-149,-15064,-2352,5480,-457,199,-86,0
1466.580843925476,10868,4552,10688,-191,-164,124,10100,-9704,8116,20,158,-202,-14936,4196,2452,-994,116,-105,-15004,-2372,5420,-494,155,-99,0
1466.6141519546509,10924,4608,10804,-216,-119,128,10152,-9528,8196,-5,159,-185,-14968,4216,2308,-999,133,-87,-14960,-2384,5496,-474,132,-111,0
1466.6473400592804,10792,4352,10504,-238,-131,117,10120,-9580,8152,-27,151,-206,-14944,4280,2592,-986,135,-120,-14852,-2380,5440,-502,116,-108,0
1466.6809661388395,10972,4612,10628,-197,-179,128,10108,-9512,8424,-252,134,-205,-14936,4188,2600,-1032,131,-155,-14896,-2340,5480,-260,187,-97,0
1466.714450120926,10852,4568,10696,-206,-143,132,10172,-9480,8064,9,96,-216,-14904,4216,2392,-774,138,-157,-14868,-2372,5392,-521,169,-88,0
1466.7479560375214,10868,4476,10572,-123,-170,118,10136,-9416,7992,-41,103,-224,-14912,4092,2504,-1005,107,-103,-14880,-2148,5424,-499,178,-109,0
1466.7815980911255,10756,4552,10528,-161,-152,127,10040,-9524,8140,-48,121,-213,-14900,4188,2584,-996,144,-101,-14640,-2320,5616,-488,174,-109,0
1466.8151519298553,10812,4528,10564,-129,-94,109,10220,-9456,8056,-20,117,-194,-15008,3884,2076,-1027,102,-71,-14988,-2328,5408,-494,141,-127,0
1466.8488130569458,10808,4604,10532,-128,-23,106,10268,-9520,8188,-38,114,-177,-14916,4212,2628,-1000,77,-83,-14952,-2328,5248,-491,152,-128,0
1466.8822889328003,10848,4560,10720,-119,-7,73,10216,-9500,8120,-29,155,-162,-14964,4128,2692,-1027,71,-60,-14916,-2244,5556,-473,172,-132,0
1466.9156849384308,10884,4524,10784,-158,-25,108,10144,-9584,8436,-37,155,-176,-14920,4136,2340,-1032,57,-6,-14928,-2428,5388,-490,108,-124,0
1466.9491090774536,10872,4560,10652,-88,-32,105,10212,-9540,8132,-38,123,-175,-14876,4348,2656,-991,106,-31,-14896,-2452,5548,-497,145,-148,0
1466.9828259944916,10828,4632,10552,-105,-31,91,10176,-9512,8024,-45,103,-165,-15020,4236,2308,-1274,99,-38,-14972,-2288,5468,-501,145,-130,0
1467.0164489746094,10912,4536,10736,-105,-29,132,10132,-9672,8196,-15,108,-144,-14892,4204,2740,-1003,109,-93,-14800,-2264,5428,-768,144,-126,0
1467.0497739315033,10864,4556,10692,-154,-58,114,10196,-9572,8324,-56,131,-172,-14892,4192,2508,-771,97,-30,-14964,-2280,5428,-477,147,-137,0
1467.0833129882812,10932,4572,10560,-86,8,100,10176,-9600,7944,-86,132,-131,-15016,4148,2760,-990,77,8,-14868,-2376,5372,-537,73,-144,0
1467.1168439388275,10960,4552,10988,-92,10,106,10224,-9640,8176,-44,135,-119,-14928,4236,2776,-1038,37,-39,-15036,-2416,5388,-537,105,-139,0
1467.1500871181488,10776,4528,10496,-80,13,111,10076,-9716,8404,-29,142,-133,-14792,4144,2592,-1057,94,-28,-14964,-2400,5276,-768,97,-120,0
1467.183695077896,10916,4584,10700,-78,14,100,10160,-9552,7940,-107,105,-168,-15048,4184,2588,-1029,92,-101,-14936,-2380,5412,-510,155,-121,0
1467.2172601222992,10916,4584,10572,-133,-60,73,10104,-9436,8024,-40,137,-180,-14912,4164,2524,-1056,97,-48,-14960,-2396,5292,-489,158,-129,0
1467.2503790855408,10748,4636,10724,-71,-251,98,10100,-9536,8152,-12,128,-162,-14836,4180,2680,-1105,69,-54,-14988,-2328,5540,-481,156,-133,0
1467.283910036087,10900,4372,10724,-56,-21,84,10268,-9564,8068,-43,149,-175,-14880,4252,2472,-1003,59,-52,-15000,-2320,5540,-505,77,-174,0
1467.3175449371338,10984,4352,10636,-61,-9,71,10304,-9544,8008,-88,146,-168,-15000,4148,2772,-1019,46,-74,-15300,-2464,5464,-489,84,-188,0
1467.3511550426483,10800,4840,10592,-58,-32,80,10300,-9500,8184,-65,157,-138,-15028,4360,2592,-1058,70,-58,-14964,-2240,5496,-524,128,-151,0
1467.3846139907837,10876,4612,10728,-84,-30,69,10112,-9512,8096,-43,128,-180,-14916,4180,2380,-1070,72,-18,-14900,-2364,5524,-530,126,-143,0
1467.418231010437,10628,4544,10696,-55,-8,88,10200,-9584,8080,-68,119,-158,-14940,4344,2336,-1087,94,-51,-14908,-2404,5544,-504,140,-131,0
1467.4514789581299,10876,4860,10496,-63,-59,83,10136,-9604,8188,-102,109,-156,-14612,4188,2580,-1030,99,-69,-15092,-2284,5476,-518,123,-154,0
1467.4885880947113,10864,4548,10544,-66,-35,83,10052,-9596,8176,-63,102,-181,-15056,4172,2592,-1019,114,-83,-14936,-2456,5376,-515,138,-138,0
1467.523854970932,10824,4684,10584,-43,-60,94,10084,-9552,8124,-52,112,-176,-14848,4152,2616,-1039,90,-51,-14944,-2520,5444,-517,129,-146,0
1467.5597069263458,10508,4404,10656,-80,-70,103,10052,-9556,8172,-79,119,-161,-14896,4056,2720,-1037,109,-70,-14956,-2380,5420,-766,114,-132,0
1467.5948729515076,10748,4684,10632,-94,-13,93,10092,-9596,8092,-68,134,-183,-15000,4132,2720,-781,108,-49,-14968,-2484,5484,-497,132,-149,0
1467.6303119659424,10908,4640,10640,-82,-20,77,10112,-9620,8108,-63,253,-148,-15068,4324,2620,-1051,125,-48,-14932,-2400,5444,-501,118,-134,0
1467.6655941009521,10808,4552,10476,-80,-26,85,10088,-9596,8044,-68,124,-168,-14976,4316,2428,-1038,135,-35,-15072,-2432,5432,-753,136,-136,0
1467.7016949653625,10816,4632,10764,-89,-44,115,10144,-9596,8148,-26,317,-82,-14916,4256,2520,-1075,105,-104,-14840,-2456,5492,-518,147,-156,0
1467.7376871109009,10792,4612,10724,-122,-73,97,10124,-9304,8148,-31,121,-158,-14888,4240,2312,-972,128,-86,-14968,-2380,5448,-481,180,-144,0
1467.7728390693665,10748,4728,10512,-79,-65,88,10088,-9572,8124,-67,109,-161,-14904,4284,2520,-963,89,-76,-14932,-2124,5624,-508,110,-157,0
1467.808093070984,10864,4560,10540,-123,-59,86,10116,-9696,8136,-30,107,-142,-14868,4276,2412,-996,45,-45,-14924,-2364,5396,-495,144,-133,0
1467.8434789180756,10928,4636,10688,-129,-31,118,10128,-9468,8068,-2,141,-152,-14932,4176,2724,-1033,53,-72,-14912,-2508,5512,-501,116,-122,0
1467.8789219856262,10720,4692,10944,-133,-22,104,10468,-9632,8172,-88,115,-140,-15076,4164,2596,-945,69,-72,-14956,-2444,5444,-487,109,-143,0
1467.9142169952393,10800,4764,10580,-189,-60,84,10052,-9536,8200,-43,139,-164,-14640,4236,2372,-980,71,-46,-14996,-2332,5428,-482,165,-136,0
1467.9495379924774,10524,4748,10988,-168,-4,120,10200,-9456,7992,25,161,-161,-14924,4184,2648,-959,90,-35,-14928,-2376,5456,-482,203,-148,0
1467.9846849441528,10820,4784,10808,-215,-54,121,10108,-9560,8168,4,210,-143,-14864,4268,2624,-934,48,-83,-14924,-2444,5504,-476,143,-108,0
1468.0205819606779,10976,4848,10612,-223,-92,101,10124,-9632,7952,-21,212,-158,-14924,4260,2468,-900,108,-90,-15024,-2124,5224,-458,163,-87,0
1468.0560910701752,10996,4448,10656,-245,-122,125,10008,-9544,8352,-32,147,-188,-14908,4208,2716,-940,154,-73,-14972,-2488,5452,-457,184,-78,0
1468.0922141075134,10832,4612,10736,-249,-135,148,10080,-9556,8056,-29,119,-216,-14932,4324,2636,-970,147,-189,-14940,-2452,5488,-503,158,-57,0
1468.128981113434,10964,4644,10652,-215,-107,142,10124,-9500,8184,-37,146,-219,-14940,4260,2600,-943,118,-100,-14876,-2476,5460,-497,139,-116,0
1468.1624240875244,10820,4848,10608,-252,-103,109,10144,-9608,8140,-30,161,-206,-15004,4292,2556,-960,105,-74,-15116,-2320,5488,-482,151,-79,0
1468.1959841251373,10792,4596,10928,-269,-82,124,10128,-9624,8384,-1,145,-189,-14944,4268,2736,-935,115,-73,-14828,-2328,5484,-474,164,-66,0
1468.2296960353851,10804,4712,10644,-300,-136,133,10180,-9568,8188,11,156,-214,-14896,4208,2624,-949,168,-137,-15072,-2520,5588,-460,227,-59,0
1468.2635040283203,10532,4656,10968,-306,-152,149,10080,-9584,8220,-3,129,-230,-14848,4148,2540,-938,168,-159,-14924,-2384,5620,-452,178,-76,0
1468.2968721389773,10840,4560,10628,-281,-186,153,10112,-9476,8136,10,142,-247,-14924,4244,2520,-992,181,-169,-14960,-2360,5464,-443,226,-79,0
1468.330223083496,10840,4576,10612,-4,-241,142,10116,-9524,8232,15,141,-259,-14952,4296,2528,-1000,173,-125,-15048,-2460,5448,-461,213,-70,0
1468.36367893219,10820,4604,10624,-510,-171,124,10204,-9592,8040,2,146,-228,-14960,4228,2588,-1016,192,-112,-14936,-2356,5596,-476,147,-90,0
1468.3971750736237,10836,4644,10556,-224,-192,117,10104,-9512,8168,-2,162,-207,-14912,4124,2468,-774,139,-149,-14972,-2320,5404,-489,179,-126,0
1468.4308140277865,10824,4624,10676,-177,-153,123,10188,-9536,8232,2,155,-221,-15008,4104,2720,-783,111,-127,-15008,-2460,5448,-493,125,-108,0
1468.4644150733948,10808,4548,10604,-185,-101,97,10000,-9504,8192,-20,122,-218,-14996,4180,2612,-999,143,-125,-14928,-2356,5396,-492,171,-94,0
1468.4980890750883,10804,4844,10604,-165,-108,135,10140,-9696,8236,-35,118,-184,-14920,4216,2696,-966,176,-96,-14940,-2420,5584,-764,150,-81,0
1468.5317060947418,10864,4584,10716,-169,-119,151,10228,-9656,8208,-46,109,-200,-14920,4224,2740,-1004,154,-61,-14980,-2376,5508,-491,147,-104,0
1468.5653579235077,10816,4624,10756,-220,-157,141,10064,-9532,8112,-2,113,-176,-14904,3900,2392,-1036,126,-74,-14912,-2392,5572,-521,155,-84,0
1468.5990800857544,10812,4532,10696,-143,-91,133,10132,-9544,7980,-56,147,-195,-14960,4172,2492,-985,114,-117,-14888,-2424,5404,-475,183,-125,0
1468.6322309970856,10964,4476,10540,-171,-167,95,10220,-9588,8120,-34,122,-218,-14976,4192,2636,-980,87,-157,-14876,-2324,5472,-487,193,-97,0
1468.6657550334933,10804,4512,10840,-172,-126,117,10180,-9692,8112,-30,118,-215,-14908,4116,2736,-1030,79,-125,-14984,-2344,5356,-451,167,-146,0
1468.6994609832764,10752,4560,10732,-166,-100,115,10224,-9492,8136,3,145,-196,-14984,4312,2756,-998,68,-45,-14940,-2308,5244,-520,131,-138,0
1468.7329649925232,10788,4556,10444,-173,-74,101,10180,-9516,8044,-27,107,-177,-15076,4080,2808,-964,101,-86,-14928,-2516,5468,-485,137,-100,0
1468.7667500972748,10916,4856,10616,-138,-104,125,10356,-9536,8016,-62,135,-207,-14880,4316,2572,-953,82,-89,-14940,-2348,5620,-478,181,-132,0
1468.8004240989683,10928,4528,10548,-150,-82,102,9980,-9528,8140,-56,185,-196,-15092,4180,2804,-1008,79,-93,-14924,-2384,5312,-479,173,-106,0
1468.8338971138,10936,4584,10644,-102,-34,84,10220,-9428,8140,-21,156,-170,-14992,4108,2608,-1021,95,-34,-14944,-2448,5416,-476,122,-126,0
1468.8674039840698,10828,4588,10640,-187,-68,88,10108,-9492,8196,7,149,-170,-14988,4180,2464,-994,73,-58,-14976,-2384,5380,-470,142,-131,0
1468.900810956955,10868,4640,10700,-151,243,77,10096,-9572,8140,242,142,-154,-15028,4156,2540,-1071,93,-37,-14956,-2464,5456,-500,131,-106,0
1468.9487080574036,10996,4784,10712,-128,-60,102,10164,-9676,8188,-52,109,-186,-14920,4244,2660,-1070,90,-33,-14896,-2480,5544,-478,99,-170,0
1468.9934210777285,10840,4488,10632,-99,-29,80,10152,-9536,8092,-93,201,-151,-14924,4148,2436,-989,79,-58,-14944,-2436,5468,-524,77,-191,0
1469.0311329364777,10836,4520,10688,-102,-15,98,10092,-9508,7996,-66,139,-155,-14896,4264,2488,-1000,40,-48,-14928,-2324,5596,-499,97,-168,0
1469.064614057541,10880,4556,10964,-117,-25,73,10204,-9660,8356,-32,148,-164,-14920,4212,2488,-1078,62,-83,-14932,-2312,5340,-503,162,-129,0
1469.0984621047974,10560,4556,10852,-92,-23,82,10228,-9572,8036,-20,103,-204,-14632,4156,2708,-1037,105,-78,-14872,-2320,5532,-490,195,-141,0
1469.1313631534576,10780,4532,10716,-122,-72,96,10104,-9552,7964,-18,72,-232,-14944,4248,2632,-1053,125,-110,-14864,-2436,5276,-479,232,-118,0
1469.1676881313324,10784,4532,10588,-114,-110,107,10456,-9476,8164,-47,56,-505,-14856,4104,2516,-991,135,-118,-14980,-2112,5380,-469,195,-141,0
1469.203863143921,10908,4612,10664,-58,-88,113,10292,-9520,8160,-73,109,-203,-14932,4128,2668,-956,93,-73,-15048,-2380,5212,-524,142,-145,0
1469.2389540672302,10936,4624,10632,-65,-38,72,10276,-9448,7984,-79,150,-161,-14992,4168,2524,-1040,66,-53,-15064,-2408,5448,-491,117,-169,0
1469.2743661403656,10960,4676,10692,-81,-10,91,10016,-9420,8192,-86,100,-121,-14944,4096,2452,-1000,43,-243,-15068,-2500,5452,-497,49,-167,0
1469.310224056244,10940,4676,10496,-77,-17,41,10228,-9532,8024,-93,161,-125,-14840,4112,2636,-983,85,-27,-15008,-2508,5248,-528,86,-212,0
1469.34503698349,10772,4364,10272,-100,7,28,10192,-9500,8040,-43,187,-91,-15052,4144,2688,-1037,60,-255,-14816,-2444,5388,-492,103,-178,0
1469.380674123764,10672,4580,10424,-94,-8,77,10096,-9596,8128,13,155,-140,-14608,4160,2668,-1002,87,-62,-14916,-2356,5468,-510,134,-163,0
1469.4159610271454,10828,4844,10864,-88,-47,99,10068,-9644,8184,-31,128,-157,-14868,4240,2672,-979,147,-39,-15104,-2436,5516,-521,115,-137,0
1469.45188498497,10580,4656,10640,-132,-29,90,10228,-9584,7916,-45,61,-187,-14840,4200,2624,-984,137,-67,-14940,-2068,5464,-499,133,-128,0
1469.4880480766296,10724,4596,10560,-118,-78,126,10152,-9552,8024,8,232,-135,-15084,4212,2540,-1084,82,-72,-14880,-2396,5424,-526,158,-144,0
1469.5232050418854,10716,4604,10732,-80,-30,112,10192,-9512,8244,3,118,-167,-14868,4268,2700,-1057,110,-46,-14920,-2412,5464,-768,129,-141,0
1469.5589399337769,10924,4652,10724,-128,-70,92,10056,-9516,8340,0,174,-162,-14844,4232,2592,-1066,41,-126,-14916,-2348,5468,-479,163,-148,0
1469.594326019287,10884,4656,10516,-172,-79,103,10084,-9616,8140,45,206,-185,-14852,4280,2496,-1173,47,-108,-15048,-2424,5432,-492,244,-152,0
1469.629774093628,10784,4612,10688,-185,-117,112,10124,-9556,8188,93,211,-166,-14812,4164,2656,-1103,73,-156,-15040,-2424,5368,-454,246,-106,0
1469.6650929450989,10800,4736,10604,-161,-100,83,10172,-9572,8140,30,196,-212,-14868,4180,2800,-1110,76,-121,-15072,-2400,5216,-464,243,-118,0
1469.700798034668,10744,4688,10520,-174,-123,84,10120,-9420,8116,3,235,-209,-14832,4236,2580,-1112,86,-120,-15052,-2396,5560,-446,212,-48,0
1469.7361080646515,10684,4748,10612,-228,-80,104,10244,-9420,7992,56,201,-141,-14852,4164,2720,-1142,126,-82,-14968,-2496,5592,-400,152,-70,0
1469.7721490859983,10824,4656,10752,-248,-49,121,10284,-9524,8084,-18,167,-135,-14952,4048,2740,-1158,63,-54,-14928,-2380,5604,-398,86,-82,0
1469.8088071346283,10808,4624,10692,-276,-41,117,10120,-9452,8420,-2,224,-79,-15092,4128,2704,-1074,42,244,-14928,-2444,5152,-433,89,-19,0
1469.84237408638,10748,4728,10788,-372,-55,167,10064,-9564,8260,-43,248,-100,-14836,4088,2620,-966,88,-43,-14716,-2464,5372,-382,136,-256,0
1469.8759880065918,10780,4392,10960,-361,-144,160,10132,-9572,8188,-145,157,-147,-14788,4152,2744,-890,196,-61,-14988,-2452,5412,-359,181,65,0
1469.9094951152802,10984,4648,10940,-350,-185,210,10196,-9524,8316,-158,71,-186,-15064,4164,2896,-965,238,-44,-14928,-2440,5424,-369,179,58,0
1469.9431641101835,10880,4448,10500,-344,-145,212,10100,-9696,7976,-121,103,-195,-14924,4228,2664,-939,160,-67,-14900,-2340,5420,-389,185,251,0
1469.9765400886536,10692,4780,10600,-355,-149,191,10076,-9596,8256,-59,96,-176,-15076,4212,2320,-972,161,-94,-14928,-2364,5512,-383,175,46,0
1470.0100769996643,10684,4468,10548,-361,-100,175,10112,-9564,8180,-57,91,-176,-14944,4104,2768,-938,218,-66,-14936,-2296,5428,-383,214,53,0
1470.0436670780182,10820,4364,10512,-389,-181,172,10204,-9684,7976,-49,145,-244,-14904,4308,2460,-849,188,-103,-14916,-2156,5404,-411,240,18,0
1470.077358007431,10824,4380,10700,-346,-214,153,10076,-9584,8024,34,180,-222,-14940,4236,2788,-895,282,-148,-14960,-2116,5436,-431,256,-3,0
1470.110908985138,10880,4396,10676,-305,-222,176,10032,-9600,8104,-4,119,-264,-14968,4268,2592,-936,229,-188,-14916,-2244,5304,-420,244,-72,0
1470.1442711353302,11020,4460,10652,-285,-231,150,10252,-9560,8032,-42,132,-284,-15060,4172,2484,-1014,207,-150,-15284,-2228,5584,-437,192,-89,0
1470.1776390075684,11232,4432,10588,-504,-211,117,10060,-9504,8224,-29,139,-239,-14900,4208,2796,-1007,147,-96,-14876,-2256,5328,-458,193,-124,0
1470.2113780975342,10952,4500,10732,-291,-204,118,10016,-9376,8124,24,167,-242,-14952,4112,2524,-1060,91,-96,-15020,-2204,5332,-420,160,-80,0
1470.2448239326475,10812,4424,10648,-264,-151,106,10084,-9492,8096,17,176,-214,-14896,4152,2508,-996,137,-73,-14924,-2404,5396,-420,204,-103,0
1470.278489112854,10784,4844,10488,-340,-210,113,10244,-9588,8228,-101,157,-267,-14848,4176,2708,-1211,111,-95,-15008,-2236,5392,-399,225,-111,0
1470.3120260238647,10876,4388,10640,-219,-170,146,10144,-9412,8272,-246,289,-204,-14604,4292,2708,-1076,243,-148,-14896,-2280,5516,-466,202,-79,0
1470.3454520702362,10856,4468,10444,-194,-119,167,10000,-9580,8196,49,186,-166,-14948,4172,2552,-938,41,-125,-14828,-2316,5564,-498,200,-60,0
1470.378926038742,10768,4444,10716,-154,-106,187,9968,-9520,8348,41,71,-188,-14808,4272,2880,-1038,98,-104,-14972,-2336,5160,-487,245,-58,0
1470.4125771522522,10896,4576,10588,-175,-140,219,10100,-9500,8156,18,2,-191,-14968,4212,2668,-1070,-255,-117,-14964,-2440,5308,-461,216,-24,0
1470.4461591243744,10876,4488,10708,-210,-180,205,10116,-9468,8084,-52,76,-228,-14824,3952,2432,-1055,104,-115,-14984,-2496,5316,-432,1,-21,0
1470.4797270298004,10920,4408,10516,-506,-213,156,10196,-9728,8044,-83,113,-212,-14972,4072,2424,-994,155,-130,-15072,-2248,5288,-476,229,-28,0
1470.515839099884,11008,4300,10656,-199,-159,180,10148,-9536,8008,-89,113,-187,-14996,4124,2404,-972,175,-122,-15056,-2144,5132,-403,164,-24,0
1470.5501520633698,10988,4352,10768,-231,-83,164,10484,-9624,8156,-90,134,-163,-14932,4268,2392,-1019,146,-37,-15028,-2184,5468,-416,120,-61,0
1470.5836970806122,10940,4376,10616,-240,-98,151,10060,-9560,8092,-77,132,-166,-14948,4148,2424,-1016,159,-33,-15004,-2240,5452,-409,137,-60,0
1470.617175102234,11008,4376,10744,-198,-15,155,10080,-9560,8124,-45,156,-109,-14972,4236,2380,-1054,93,-23,-15004,-2060,5324,-481,105,-115,0
1470.6501500606537,11040,4108,10684,-174,12,104,10296,-9604,8060,-10,183,-114,-15032,4100,2656,-1278,30,-54,-15044,-2216,5300,-479,117,-85,0
1470.683678150177,10968,4460,10668,-140,-7,129,10204,-9440,8072,-1,142,-72,-14960,4052,2384,-1072,86,-40,-14976,-2356,5608,-463,81,-94,0
1470.7174019813538,10940,4472,10712,-167,30,145,10232,-9492,8176,-57,180,-72,-14876,4076,2676,-1049,100,1,-15000,-2176,5388,-467,82,-77,0
1470.7512230873108,10896,4496,10720,-204,-13,165,10000,-9392,8244,-48,136,-71,-14824,4328,2636,-1012,108,61,-14992,-2168,5360,-469,39,-67,0
1470.784739971161,10896,4424,10656,-187,84,170,10132,-9560,8176,-60,103,-29,-14908,4244,2776,-993,138,70,-14948,-2316,5392,-532,-2,-103,0
1470.8182721138,10840,4464,10600,-150,78,174,10052,-9476,8176,-111,128,-6,-14852,3892,2628,-1275,100,109,-15020,-2216,5216,-505,-26,-91,0
1470.8559529781342,10792,4460,10896,-130,80,167,10060,-9620,8228,-69,138,-8,-14968,4348,2700,-1063,89,46,-14952,-2192,5600,-562,34,-57,0
1470.8912880420685,10992,4252,10800,-73,56,148,10076,-9616,7984,-102,116,-65,-15060,4244,2612,-1006,92,31,-14984,-2176,5456,-559,89,-104,0
1470.9276881217957,10832,4432,10920,-74,34,128,10156,-9488,8108,-112,159,-82,-14864,4224,2348,-1001,97,-22,-14932,-2220,5348,-528,113,-92,0
1470.962769985199,10952,4352,10816,-79,-29,80,10188,-9600,8176,-126,212,-100,-15120,4268,2396,-987,74,-19,-15056,-2256,5468,-497,87,-124,0
1470.9981150627136,10916,4376,10696,-119,25,92,10076,-9644,8120,-97,182,-78,-14952,4344,2624,-990,50,67,-14860,-2176,5576,-508,56,-104,0
1471.0339109897614,10788,4112,10800,-115,42,119,9936,-9796,8160,-66,153,-62,-14776,4424,2564,-1089,103,241,-14824,-2100,5572,-575,76,-73,0
1471.0691940784454,10964,4316,11004,11,93,170,10032,-9664,8044,-33,37,-92,-14956,4300,2788,-1078,165,-16,-14980,-2248,5388,-605,109,-90,0
1471.1050651073456,10812,4444,10640,70,37,165,10084,-9632,8188,-87,48,-143,-14936,4136,2588,-1044,123,-126,-14988,-2304,5348,-596,111,-142,0
1471.1401810646055,10900,4380,10660,78,-253,89,10240,-9692,8008,-64,79,-220,-14968,4084,2648,-1101,99,-26,-15064,-2292,5376,-569,125,-186,0
1471.1755421161652,10936,4364,10768,30,-28,18,10300,-9524,8100,-86,106,-234,-14968,4108,2380,-1086,50,-130,-15024,-2276,5328,-566,112,-215,0
1471.2111690044403,10916,4516,10648,249,46,-16,10204,-9512,8068,-44,122,-1,-15052,4192,2632,-1135,40,-59,-14856,-2216,5232,-539,101,-505,0
1471.2471289634705,10840,4512,10828,33,69,-8,10128,-9684,8108,-1,165,-222,-14944,4172,2620,-1076,18,-21,-15052,-2204,5484,-560,82,-233,0
1471.2822139263153,10824,4480,10820,15,26,27,10048,-9640,8176,-38,162,-198,-14876,4196,2712,-1065,45,-54,-14960,-2200,5456,-534,86,-189,0
1471.3182361125946,10728,4484,10932,11,-255,45,9920,-9592,7992,-40,70,-212,-14792,4300,2804,-1088,51,-23,-14804,-2252,5524,-548,122,-195,0
1471.3537421226501,10780,4392,10928,-10,-68,67,10136,-9656,8112,-57,164,-227,-14780,4260,2692,-1067,78,-108,-14900,-2232,5480,-563,127,-187,0
1471.38920712471,10516,4460,10496,45,-15,38,10096,-9584,8064,-40,198,-195,-14908,4216,2624,-1062,7,-61,-15048,-2228,5528,-579,73,-508,0
1471.424847126007,10784,4536,10664,-21,-12,-19,10120,-9568,8112,-256,288,-163,-14960,4204,2524,-1016,-39,-67,-14900,-2504,5452,-516,86,-226,0
1471.4600780010223,10808,4852,10968,-98,74,19,10016,-9532,8440,-9,221,-133,-14844,4228,2800,-1003,25,-95,-14884,-2536,5440,-504,82,-192,0
1471.495852947235,10620,4640,10536,-98,-27,98,9892,-9600,8136,-31,88,-167,-14836,4316,2596,-1058,116,-87,-14836,-2492,5412,-767,153,-151,0
1471.5293669700625,10588,4848,10924,-105,-90,142,10020,-9664,8212,-44,76,-173,-14856,4092,2628,-1004,177,-79,-14916,-2408,5616,-504,160,-51,0
1471.5626740455627,10560,4692,10640,-85,-127,172,9916,-9656,8208,-102,44,-185,-14812,4208,2616,-987,160,-87,-14872,-2360,5492,-499,186,-67,0
1471.5962400436401,10680,4548,10596,-118,-106,177,10088,-9492,8188,-67,70,-194,-14968,4220,2748,-962,176,-114,-14936,-2128,5456,-758,190,-57,0
1471.629863023758,10748,4612,10752,-67,-60,159,10152,-9660,8416,-78,89,-190,-15056,4276,2768,-983,110,-101,-14952,-2292,5284,-502,176,-95,0
1471.6634080410004,10880,4552,10688,-116,-101,124,10108,-9724,8024,-35,160,-141,-15052,4240,2740,-905,45,-77,-15028,-2224,5480,-509,92,-143,0
1471.6969499588013,10924,4588,10660,-74,8,63,10124,-9588,8136,-30,164,-150,-14896,4196,2676,-974,56,-27,-15036,-2252,5412,-531,99,-146,0
1471.7303841114044,10804,4432,10688,-114,38,66,10120,-9716,8072,-28,132,-154,-15064,4300,2668,-1008,108,-52,-15024,-2220,5536,-528,111,-120,0
1471.7636749744415,10532,4476,10652,-144,-5,78,10048,-9652,8120,-10,132,-162,-14608,4284,2788,-1278,96,-73,-14860,-2308,5420,-488,124,-88,0
1471.797353029251,10836,4464,10856,-204,-58,90,10020,-9732,8100,-39,150,-157,-14840,4276,2732,-989,75,-59,-14920,-2224,5624,-490,145,-106,0
1471.8311579227448,10632,4640,10764,-253,-77,130,10012,-9696,8088,-34,127,-178,-14788,4124,2752,-970,120,-33,-15012,-2344,5568,-484,126,-74,0
1471.864172935486,10656,4748,10836,-212,-125,166,9992,-9680,8200,-69,109,-215,-14612,4176,2732,-1009,142,-97,-14976,-2420,5432,-478,149,-58,0
1471.8973751068115,10648,4860,10672,-226,-142,152,9968,-9672,8208,-74,136,-199,-14904,4220,2772,-973,91,-136,-14888,-2344,5524,-484,169,-89,0
1471.9309370517733,10500,4552,10820,-228,-126,120,9832,-9676,8096,245,172,-170,-14816,4268,2812,-924,113,-150,-14872,-2352,5296,-480,180,-96,0
1471.9644310474396,10756,4604,10880,-253,-153,136,10020,-9616,8068,11,161,-233,-14820,4188,2640,-950,118,-134,-14808,-2272,5432,-443,223,-90,0
1471.9982290267944,10708,4492,10756,-248,-141,130,10088,-9632,8068,30,181,-244,-14912,4212,2548,-979,147,-186,-14996,-2296,5492,-463,217,-71,0
1472.0317051410675,10756,4452,10796,-210,-229,146,10128,-9604,8068,48,87,-241,-14960,4260,2304,-771,146,-156,-15004,-2136,5548,-505,236,-66,0
1472.0649909973145,10812,4460,10656,-251,-227,160,10092,-9620,8356,25,100,-252,-14660,4200,2664,-1006,165,-180,-14908,-2112,5524,-476,223,-60,0
1472.098711013794,10756,4524,10580,-227,-181,146,10080,-9524,8124,21,145,-253,-14908,4152,2692,-998,127,-106,-14856,-2384,5456,-443,191,-111,0
1472.1322240829468,10872,4596,10820,-6,-190,121,10192,-9616,8108,49,179,-218,-14884,4196,2680,-979,78,-82,-14952,-2268,5592,-483,207,-112,0
1472.1656291484833,10840,4396,10712,-263,-149,91,10100,-9648,7936,48,188,-231,-14908,4224,2780,-987,78,-100,-14924,-2292,5508,-455,147,-145,0
1472.1991269588473,10848,4488,10672,-247,-149,120,10220,-9680,8080,11,180,-167,-14996,4276,2612,-978,29,-123,-15032,-2056,5480,-491,94,-152,0
1472.232528924942,10780,4576,10764,-246,-141,114,10076,-9572,8188,10,227,-171,-14668,4176,2776,-978,55,-101,-14904,-2308,5428,-468,118,-132,0
1472.2659120559692,10656,4480,10780,-5,-134,121,10024,-9592,8196,13,158,-186,-14820,4180,2652,-976,116,-71,-14912,-2512,5180,-477,187,-103,0
1472.299257993698,10524,4436,10584,-215,-204,154,9952,-9564,8168,-19,162,-225,-15068,4168,2640,-1006,153,-113,-15012,-2240,5384,-474,208,-71,0
1472.3327839374542,10756,4496,10884,-184,-183,161,10228,-9608,8116,16,76,-248,-14596,4232,2764,-1049,163,-136,-14956,-2524,5444,-768,208,-83,0
1472.3662490844729,10804,4456,10784,-172,-194,156,9988,-9584,8048,14,60,-219,-14868,4172,2632,-1042,133,-166,-15092,-2252,5432,-472,203,-89,0
1472.3997571468353,10840,4424,10736,-220,-148,139,10076,-9640,8156,7,151,-179,-14936,4180,2788,-1004,138,-122,-14896,-2364,5500,-490,181,-140,0
1472.4332280158997,10996,4464,10644,-197,-146,117,10108,-9540,8176,13,133,-228,-15072,4240,2680,-1037,104,-105,-15008,-2264,5352,-510,164,-115,0
1472.4668860435486,10788,4492,10644,-167,-151,105,10144,-9528,8108,1,113,-220,-14848,4120,2512,-997,76,-95,-14992,-2308,5420,-497,150,-126,0
1472.5000870227814,10872,4420,10612,-136,-143,113,10068,-9536,8160,-35,132,-178,-15044,4340,2644,-961,100,-102,-14924,-2296,5400,-516,167,-135,0
1472.53808093071,10788,4436,10900,-143,-91,133,10028,-9568,8092,-70,131,-200,-14852,4236,2660,-997,134,-65,-15028,-2256,5384,-498,152,-104,0
1472.5738289356232,10856,4404,10520,-133,-39,117,10108,-9596,8116,-35,121,-177,-14876,4224,2468,-1024,113,-102,-15004,-2192,5400,-502,126,-118,0
1472.6100130081177,10820,4396,10832,-122,-69,85,10092,-9260,8404,-21,129,-178,-14976,4260,2688,-1063,70,-69,-15044,-2236,5272,-488,150,-157,0
1472.6450021266935,10860,4544,10608,-97,-17,84,10108,-9560,8228,-253,151,-166,-15008,4200,2788,-1036,76,-96,-14952,-2232,5460,-512,127,-126,0
1472.6810059547424,10868,4516,10656,-132,-17,98,10028,-9520,8244,-39,129,-170,-14932,4196,2728,-1037,117,-13,-14992,-2252,5536,-489,121,-129,0
1472.7162101268768,10852,4476,10732,-83,-10,96,10144,-9512,8196,-49,146,-181,-15088,4208,2704,-1009,53,-55,-14984,-2292,5528,-506,102,-109,0
1472.751986026764,10768,4492,10700,-167,-26,94,10072,-9636,8140,-39,160,-147,-14924,4232,2700,-1014,76,-243,-14908,-2364,5472,-474,106,-128,0
1472.787750005722,10840,4568,10560,-111,6,100,10140,-9660,8200,-37,100,-173,-14888,4200,2752,-1012,69,-33,-15044,-2264,5484,-503,125,-143,0
1472.8229510784147,10864,4532,10704,-122,-30,85,10012,-9592,8156,-77,154,-171,-14956,4076,2664,-989,79,-41,-14988,-2236,5464,-467,122,-105,0
1472.8587539196014,10752,4468,10620,-140,-19,66,10004,-9544,8028,-50,138,-154,-14636,4160,2796,-1002,84,-62,-14912,-2268,5452,-493,122,-134,0
1472.8938760757446,10516,4500,10704,-60,-18,100,10092,-9520,8280,-51,148,-132,-14944,4116,2700,-995,82,-63,-15060,-2256,5508,-765,107,-146,0
1472.9293839931488,11004,4416,10668,-111,18,94,10048,-9644,8068,-73,140,-160,-14880,4168,2672,-995,57,-33,-14984,-2188,5444,-494,78,-162,0
1472.9642930030823,10808,4544,10816,-90,-14,80,10024,-9728,8248,-59,143,-134,-14960,4228,2640,-1011,73,-4,-14704,-2228,5324,-514,104,-116,0
1472.999417066574,10500,4428,10988,-83,-34,107,10156,-9560,8244,-25,160,-134,-14848,4248,2360,-1008,107,-52,-14916,-2252,5584,-479,129,-153,0
1473.0349020957947,10720,4476,10628,-107,14,90,10040,-9612,8160,-20,111,-160,-14644,4304,2676,-1029,110,-63,-15016,-2180,5408,-502,159,-110,0
1473.0703580379486,10852,4556,10872,-121,-82,100,9844,-9588,8088,-57,198,-185,-14908,4268,2616,-1037,80,-85,-15024,-2348,5424,-463,138,-156,0
1473.1054301261902,10820,4536,10744,-94,-43,68,10100,-9640,8332,-49,144,-178,-14928,4244,2624,-1047,73,-24,-15032,-2308,5612,-523,112,-169,0
1473.1403110027313,10748,4536,10768,-55,-22,88,10028,-9672,8284,-77,107,-159,-14900,4156,2968,-1012,72,-66,-14968,-2348,5436,-516,160,-120,0
1473.1767659187317,10792,4484,10796,-93,-56,82,10108,-9364,8116,-47,133,-174,-14900,4284,2812,-1009,89,-43,-14896,-2280,5492,-260,128,-139,0
1473.2100269794464,10644,4552,10808,-85,-47,89,10040,-9584,8084,-82,105,-155,-14864,4188,2716,-991,81,-77,-15008,-2380,5420,-520,127,-148,0
1473.2435131072998,10824,4508,10728,-102,-51,87,9976,-9616,8168,-82,147,-180,-15000,4220,2672,-976,82,-57,-15020,-2220,5388,-499,142,-120,0
1473.2772190570831,10772,4540,10852,-99,-45,109,10168,-9684,8132,-63,107,-182,-14904,4208,2596,-1020,110,-86,-15008,-2524,5420,-503,158,-125,0
1473.3109109401703,10804,4572,10716,-80,-64,106,9972,-9644,8044,-65,97,-183,-14888,4256,2328,-1005,99,-35,-15064,-2316,5460,-501,138,-125,0
1473.344249010086,10776,4520,10716,-67,-84,111,10076,-9592,8056,-37,107,-200,-14888,4272,2660,-989,107,-82,-14912,-2508,5436,-766,152,-144,0
1473.3777811527252,10720,4520,10648,-96,-50,84,9756,-9592,8048,-36,129,-184,-14844,4292,2716,-1034,83,-92,-14932,-2536,5524,-765,147,-164,0
1473.4110939502716,10744,4520,10736,-60,-66,69,10088,-9656,8204,-67,145,-176,-14856,4196,2632,-1011,80,-53,-15000,-2092,5436,-522,126,-138,0
1473.4444589614868,10740,4524,10812,-106,-84,94,10064,-9612,8208,-34,144,-174,-14904,4184,2888,-1008,26,-21,-15004,-2548,5560,-513,105,-141,0
1473.4781999588013,10700,4528,10708,-113,-43,108,10056,-9536,8068,-10,154,-149,-14944,4216,2644,-1001,81,-56,-15012,-2320,5556,-483,97,-128,0
1473.511829137802,10736,4792,10564,-85,-65,117,10092,-9692,8164,-67,150,-194,-14956,4212,2616,-772,94,-54,-14868,-2276,5356,-501,118,-133,0
1473.545555114746,10968,4524,10592,-146,-73,84,10192,-9616,7936,-28,136,-184,-14856,4108,2572,-1011,87,-76,-14928,-2444,5404,-474,140,-106,0
1473.5792491436005,10744,4516,10580,-106,-45,91,9920,-9684,8032,-35,90,-175,-14892,4256,2688,-995,92,-61,-15012,-2244,5384,-487,142,-152,0
1473.6129240989683,10772,4560,10708,-105,-74,113,10176,-9584,8184,-56,110,-164,-14848,4152,2620,-967,61,-43,-14968,-2524,5460,-490,118,-162,0
1473.6463959217072,10784,4596,10736,-133,-85,72,10088,-9724,8132,-59,124,-181,-14840,4264,2692,-997,93,-57,-14944,-2316,5580,-506,119,-147,0
1473.679965019226,10640,4488,10600,-119,-60,80,10096,-9568,8004,-49,190,-122,-14828,4264,2536,-984,112,-56,-14960,-2340,5484,-257,156,-139,0
1473.7132761478424,10688,4608,10832,-136,-108,101,10220,-9620,8152,-28,111,-177,-14900,4164,2796,-1046,146,-105,-14972,-2212,5380,-516,149,-137,0
1473.74666595459,10840,4540,10684,-95,-64,126,10080,-9588,8028,-50,110,-172,-14924,4228,2768,-1029,105,-109,-15044,-2344,5480,-262,152,-116,0
1473.7804329395294,10844,4596,10756,-126,-94,121,10064,-9512,8112,-29,123,-157,-14668,4280,2728,-1011,104,-51,-14960,-2264,5572,-488,128,-98,0
1473.814239025116,10564,4520,10540,-146,-22,101,10096,-9620,8140,-29,121,-183,-14692,4120,2796,-777,135,-51,-14852,-2356,5492,-487,137,-148,0
1473.8477461338043,10736,4552,10760,-150,-37,109,10032,-9560,8120,-27,121,-179,-14904,4220,2760,-1046,114,-10,-14992,-2552,5500,-476,153,-115,0
1473.881180047989,10928,4648,10628,-186,-34,131,10092,-9624,8180,-27,135,-175,-14892,4184,2704,-991,125,-114,-14972,-2060,5436,-467,138,-119,0
1473.9147329330444,10536,4548,10860,-195,-56,85,10036,-9760,8180,-14,179,-169,-14596,4268,2320,-967,110,-98,-14976,-2412,5448,-465,149,-120,0
1473.9482181072235,10808,4500,10496,-229,-57,115,10108,-9588,8140,-27,165,-195,-14868,4216,2744,-1005,109,-77,-14992,-2304,5560,-443,154,-94,0
1473.9818110466003,10648,4604,10872,-248,-134,125,9992,-9592,8180,-6,180,-198,-14608,4116,2948,-996,100,-69,-14888,-2352,5560,-480,180,-73,0
1474.0154960155487,10712,4564,10860,-231,-130,139,10128,-9612,8144,-34,116,-224,-14980,4236,2748,-974,131,-104,-14904,-2444,5616,-487,177,-83,0
1474.0489220619202,10764,4612,10904,-188,-138,119,9932,-9632,8092,-34,125,-218,-14864,4328,2712,-976,126,-135,-15032,-2536,5440,-261,184,-42,0
1474.0823640823364,10756,4552,10676,-205,-168,125,10000,-9648,8092,-14,141,-216,-15092,4252,2812,-988,131,-154,-14912,-2432,5584,-492,174,-86,0
1474.1159670352936,10596,4640,10824,-270,-142,156,9732,-9572,8080,-35,144,-218,-15084,4192,2564,-957,156,-119,-14988,-2284,5408,-469,158,-50,0
1474.1494269371033,10792,4544,10780,-252,-89,143,10052,-9544,8132,-15,130,-202,-14932,4240,2668,-974,130,-74,-14960,-2288,5508,-476,143,-61,0
1474.1826150417328,10756,4600,10848,-295,-140,154,10100,-9496,8160,16,127,-201,-14976,4152,2680,-1040,122,-132,-14952,-2264,5328,-473,197,-61,0
1474.2202780246735,10808,4568,10644,-254,-160,166,10136,-9648,8172,-6,148,-186,-14988,4188,2768,-1001,129,-124,-15028,-2452,5340,-496,161,-122,0
1474.2550039291382,10900,4600,10592,-250,-179,143,10100,-9572,7936,-5,155,-224,-14948,4164,2628,-987,145,-137,-14964,-2224,5324,-475,233,-88,0
1474.2910709381104,10808,4508,10628,-278,-184,125,10012,-9692,8016,13,158,-248,-15096,4200,2728,-1014,97,-127,-15020,-2248,5488,-460,173,-97,0
1474.3276889324188,10796,4368,10812,-214,-160,117,10392,-9564,8392,18,169,-208,-14920,4264,2612,-993,67,-124,-14976,-2448,5476,-519,142,-150,0
1474.3630049228668,10852,4568,10792,-241,-111,120,10056,-9640,8184,21,167,-185,-14904,4200,2756,-988,97,-51,-15040,-2144,5512,-470,120,-145,0
1474.3987119197845,10812,4460,10748,-245,-112,115,9980,-9668,8168,-10,132,-195,-14864,4260,2724,-986,122,-128,-15000,-2524,5452,-498,170,-87,0
1474.434119939804,10788,4436,10780,-511,-190,167,10052,-9608,8388,36,132,-224,-14844,4252,2632,-1015,151,-168,-15016,-2196,5528,-482,235,-82,0
1474.4703130722046,10788,4492,10664,-211,-187,164,10208,-9596,8208,-4,99,-215,-14924,4152,2720,-1015,145,-86,-14888,-2396,5532,-476,189,-106,0
1474.5054259300232,10780,4516,10812,-211,-200,154,10076,-9632,8068,5,122,-237,-14864,4148,2756,-999,120,-149,-14912,-2332,5528,-467,207,-104,0
1474.5408160686493,10840,4416,10828,-219,-144,135,10080,-9532,8204,4,117,-239,-14980,4236,2660,-1276,136,-122,-14964,-2336,5584,-494,194,-81,0
1474.575963973999,10884,4452,10572,-222,-171,142,10204,-9632,8280,22,132,-230,-14856,4164,2628,-1010,110,-118,-15012,-2296,5408,-507,194,-116,0
1474.6115760803225,10900,4436,10560,-155,-140,122,10036,-9620,8284,-47,135,-184,-14924,4200,2780,-998,113,-112,-14996,-2068,5476,-492,164,-99,0
1474.6478009223938,10828,4544,10500,-114,-114,139,10148,-9528,8084,-80,98,-213,-15104,4128,2584,-968,124,-115,-14996,-2244,5464,-492,153,-99,0
1474.682636976242,10888,4428,10708,-131,-119,112,10148,-9608,8100,-60,151,-208,-14920,4160,2552,-1014,100,-64,-14976,-2264,5464,-481,142,-116,0
1474.718677997589,10868,4456,10644,-145,-55,127,10056,-9536,8044,-46,146,-177,-15104,4156,2680,-1002,82,-67,-15000,-2252,5592,-480,133,-130,0
1474.7538299560547,10780,4472,10740,-133,-31,107,10144,-9536,8208,-19,140,-175,-14912,4304,2584,-995,107,-32,-14980,-2232,5340,-490,157,-141,0
1474.7897019386292,10816,4516,10640,-143,-62,119,10052,-9664,7996,-28,113,-177,-14972,4152,2696,-1011,82,-35,-14944,-2184,5420,-469,163,-148,0
1474.824818134308,10704,4520,10796,-131,-91,101,10084,-9532,8160,-14,120,-195,-15008,4228,2588,-988,102,-59,-14968,-2468,5428,-463,97,-104,0
1474.8602259159088,10792,4524,10992,-103,-51,98,10056,-9548,8008,-56,122,-162,-14960,4208,2748,-1069,87,-43,-14948,-2232,5412,-531,110,-111,0
1474.8935160636902,10824,4476,10800,-179,-45,83,10096,-9584,8144,-25,149,-149,-14668,4204,2580,-771,72,-41,-14960,-2308,5484,-512,84,-138,0
1474.9272949695587,10864,4480,10656,-103,-4,106,9996,-9600,7984,-57,150,-121,-14916,4216,2648,-1023,72,-50,-14904,-2528,5440,-506,67,-145,0
1474.9606060981753,10768,4496,10596,-95,-26,91,10112,-9604,7996,-63,149,-151,-14940,4176,2784,-998,65,-57,-14928,-2200,5512,-506,162,-147,0
1474.994213104248,10800,4488,10680,-130,-12,79,10220,-9628,7952,-25,111,-180,-14860,4252,2664,-1036,106,-72,-14852,-2536,5396,-485,159,-138,0
1475.0276000499723,10804,4380,10636,-55,-64,97,10240,-9468,8124,-50,114,-174,-14884,4252,2620,-1002,90,-67,-14976,-2544,5344,-496,117,-120,0
1475.0610139369965,10828,4444,10624,-83,-61,97,10208,-9524,8132,-39,141,-155,-14896,4304,2744,-1005,86,-33,-14932,-2212,5548,-492,114,-155,0
1475.0948090553284,10872,4548,10656,-78,-47,100,10116,-9584,8040,-84,110,-159,-14964,4204,2608,-998,87,-32,-14848,-2352,5608,-761,87,-156,0
1475.1284351348877,10864,4484,10952,-77,-27,91,9948,-9648,8224,-42,158,-146,-14904,4268,2476,-1038,97,-72,-14888,-2288,5492,-514,112,-176,0
1475.1619191169739,10756,4484,10692,-102,-37,75,9972,-9540,8128,-18,166,-162,-14644,4220,2676,-1039,79,-75,-14932,-2348,5572,-519,131,-152,0
1475.1955020427704,10840,4480,10884,-68,-32,96,10096,-9604,8188,-67,134,-179,-14948,4140,2708,-1009,76,-67,-14960,-2500,5484,-519,144,-151,0
1475.2289230823517,10908,4600,10720,-86,-50,64,10068,-9596,8148,-39,165,-185,-14832,4212,2624,-772,103,-40,-15000,-2520,5596,-471,126,-154,0
1475.2626781463623,10828,4504,10676,-74,-48,95,10068,-9624,8108,-31,114,-165,-14828,4312,2688,-1001,90,-68,-14968,-2280,5552,-504,159,-150,0
1475.2962350845337,10820,4556,10692,-98,-93,95,10044,-9528,7936,-35,96,-189,-14888,4252,2780,-1007,100,-46,-14952,-2276,5424,-491,154,-133,0
1475.3299260139463,10752,4852,10852,-83,-60,133,9988,-9620,8128,-42,60,-153,-14820,4288,2648,-1279,99,-94,-14968,-2384,5464,-489,153,-104,0
1475.3634440898895,10504,4376,10876,-83,-65,92,10056,-9552,8144,-50,94,-181,-14876,4124,2624,-968,111,-56,-15044,-2360,5772,-493,109,-110,0
1475.3969459533691,10796,4548,10748,-82,-70,101,10096,-9644,8344,-71,104,-173,-14964,4272,2752,-1009,151,-56,-14964,-2392,5312,-511,148,-137,0
1475.4303419589996,10808,4504,10908,-87,-58,137,10136,-9628,8248,-54,100,-184,-14888,4364,2668,-984,123,-65,-15020,-2052,5628,-519,148,-119,0
1475.4637870788574,10756,4520,10664,-90,-43,111,10028,-9596,8172,-37,98,-177,-14860,4144,2816,-1011,83,-66,-14928,-2520,5588,-523,137,-163,0
1475.4973931312559,10900,4496,10616,-67,-51,93,10024,-9516,8068,-74,84,-163,-14864,4308,2684,-964,59,-108,-14976,-2312,5596,-519,159,-150,0
1475.5355880260468,10528,4496,10716,-116,-45,71,10188,-9592,8288,-56,130,-160,-14620,4284,2624,-1004,72,-81,-14984,-2300,5600,-493,141,-144,0
1475.5698120594025,10804,4508,10780,-67,-69,107,10084,-9580,8100,-73,136,-179,-14892,4236,2636,-1009,94,231,-14920,-2296,5484,-532,106,-146,0
1475.6034200191498,10832,4344,10768,-116,-46,93,10080,-9672,8096,-17,129,-158,-14720,4288,2596,-1027,44,-46,-14944,-2328,5472,-520,105,-152,0
1475.637120962143,10868,4628,10588,-133,-7,102,10208,-9540,8152,-30,85,-163,-14780,4216,2684,-1003,100,-41,-15080,-2540,5344,-521,114,-127,0
1475.6707539558413,10692,4524,10692,-145,-70,96,9864,-9636,8420,-66,217,-153,-14904,4184,2684,-1279,89,-90,-14900,-2292,5356,-266,168,-151,0
1475.7043271064758,10528,4464,10780,-166,-40,101,10072,-9592,8084,-10,141,-174,-15020,4284,2552,-1006,93,-76,-14792,-2308,5356,-497,187,-140,0
1475.7380311489103,10792,4568,10772,-102,-57,111,10012,-9556,8104,-9,139,-193,-14848,4172,2664,-1004,105,-93,-14976,-2332,5408,-501,156,-109,0
1475.7717020511627,10732,4556,10936,-126,-57,110,10076,-9616,8156,-32,138,-164,-14940,4132,2768,-982,95,-37,-14992,-2512,5604,-488,125,-107,0
1475.8052899837494,10828,4472,10548,-145,-55,109,10056,-9640,8220,-47,134,-167,-14892,4244,2768,-1006,115,-29,-14968,-2364,5536,-464,144,-144,0
1475.8390979766846,10796,4544,10528,-132,-71,111,10200,-9644,8024,-58,151,-162,-14840,4220,2872,-956,92,-100,-14916,-2312,5560,-478,147,-113,0
1475.8748660087585,10756,4444,10684,-141,-35,124,10120,-9624,8144,-20,107,-184,-14800,4192,2632,-1008,114,-50,-14900,-2356,5544,-494,150,-114,0
1475.9103090763092,10748,4596,10876,-140,-62,109,10064,-9644,8136,-57,133,-168,-14868,4296,2808,-1001,113,-97,-14900,-2248,5496,-493,123,-133,0
1475.9455950260162,10908,4532,10700,-154,-67,101,10020,-9716,8392,254,128,-197,-14968,4056,2608,-1089,147,-30,-14940,-2312,5568,-458,143,-125,0
1475.9815180301666,10764,4692,10644,-167,-33,119,10236,-9600,8196,-21,149,-201,-14892,4180,2760,-998,116,-91,-14944,-2244,5400,-472,150,-104,0
1476.0162250995636,11004,4856,10712,-178,-65,114,10032,-9536,8164,-21,162,-179,-14596,4272,2604,-992,140,-125,-14896,-2276,5452,-478,154,-110,0
1476.0526471138,10580,4584,10752,-190,-69,120,10040,-9604,8024,-42,141,-185,-14660,4260,2652,-998,124,-84,-14924,-2368,5496,-463,151,-90,0
1476.0877559185028,10772,4536,10756,-190,-96,122,10076,-9624,7960,-58,150,-192,-14864,4192,2720,-999,137,-83,-14896,-2128,5460,-461,149,-89,0
1476.1234340667725,10784,4356,10880,-209,-122,124,10236,-9604,8152,-51,144,-214,-14920,4272,2712,-967,115,-76,-14968,-2284,5420,-489,176,-60,0
1476.1593251228333,10848,4552,10708,-200,-101,152,10024,-9596,8084,-58,148,-190,-14600,4228,2576,-1010,107,-134,-14944,-2280,5436,-491,178,-97,0
1476.1943979263306,10932,4496,10716,-232,-100,108,10020,-9600,8076,-22,143,-209,-15076,4248,2828,-990,132,-93,-14992,-2268,5492,-487,186,-100,0
1476.2302899360657,10648,4576,10892,-231,-113,107,10072,-9656,8148,-8,151,-211,-14908,4204,2660,-985,112,-139,-15000,-2244,5504,-482,186,-73,0
1476.2657959461212,10764,4548,10796,-223,-98,143,10004,-9584,8176,-13,125,-210,-14964,4244,2744,-975,157,-127,-14916,-2372,5508,-504,192,-71,0
1476.3011829853058,10776,4444,10752,-253,-152,128,10028,-9600,7976,-4,160,-228,-14968,4300,2672,-966,140,-159,-14944,-2332,5472,-468,192,-66,0
1476.3375799655914,10760,4504,10848,-221,-143,136,10072,-9724,8092,-13,136,-216,-14920,4260,2648,-994,134,-135,-15064,-2552,5540,-493,159,-75,0
1476.3728079795837,10900,4452,10628,-249,-164,146,10104,-9544,8136,18,142,-205,-14664,4264,2680,-1014,96,-99,-14996,-2512,5440,-491,165,-114,0
1476.4085919857023,10812,4532,10712,-249,-132,108,10116,-9564,8116,14,159,-187,-14916,4120,2812,-1002,96,-94,-14912,-2548,5156,-486,140,-106,0
1476.4439029693604,10816,4584,10740,-179,-145,103,10064,-9592,8140,-8,151,-234,-14652,4140,2940,-1003,129,-125,-14780,-2232,5428,-494,189,-101,0
1476.479327917099,10840,4456,10700,-248,-140,128,10096,-9696,8116,29,107,-232,-14992,4228,2636,-1016,112,-142,-15004,-2196,5592,-481,190,-62,0
1476.5144119262695,10832,4472,10948,-189,-140,160,10084,-9596,8084,39,118,-200,-14988,4204,2532,-959,111,-88,-15072,-2256,5500,-477,142,-120,0
1476.5495669841766,10868,4492,10616,-205,-141,137,10096,-9480,8276,-18,171,-178,-14900,4252,2700,-972,96,-45,-14948,-2352,5452,-488,145,-98,0
1476.5831949710846,10952,4548,10868,-228,-130,141,9924,-9656,8196,-8,148,-210,-14868,4168,2784,-985,119,-61,-14880,-2212,5448,-489,133,-101,0
1476.6168019771576,10820,4524,10720,-204,-132,155,10164,-9668,7960,-11,126,-182,-14700,4276,2304,-994,105,-152,-14916,-2256,5484,-527,193,-106,0
1476.6497910022736,10852,4380,10696,-201,-157,125,10068,-9580,8064,12,156,-229,-14880,4180,2644,-1024,144,-131,-14996,-2228,5488,-500,211,-80,0
1476.6832659244535,10804,4412,10712,-169,-117,143,10080,-9636,7996,-14,130,-207,-15024,4192,2572,-976,115,-111,-14932,-2540,5452,-464,178,-110,0
1476.7168180942535,10752,4464,10796,-193,-155,115,10056,-9664,8180,-16,125,-203,-14960,4240,2800,-1020,106,-127,-14896,-2252,5144,-471,202,-109,0
1476.7503199577332,10860,4516,10728,-159,-135,108,10060,-9616,7996,-47,96,-214,-14916,4200,2696,-997,127,-114,-14900,-2260,5548,-475,202,-112,0
1476.7837641239166,10904,4532,10556,-127,-131,122,10176,-9476,8168,-43,94,-209,-14960,4172,2616,-999,94,-108,-14992,-2232,5484,-499,131,-129,0
1476.8173580169678,10860,4452,10796,-123,-100,123,10016,-9552,8436,-58,111,-161,-14904,4148,2608,-1041,126,-52,-15072,-2292,5440,-460,141,-123,0
1476.8507759571075,10824,4460,10724,-134,-69,114,10144,-9608,8096,-27,120,-172,-14632,4312,2660,-1008,99,-70,-15044,-2264,5340,-481,169,-122,0
1476.8841490745544,10904,4448,10624,-149,-81,87,10120,-9684,8336,-4,118,-180,-14916,4220,2656,-1277,140,-60,-15072,-2288,5380,-505,125,-141,0
1476.9175341129303,10868,4460,10588,-121,-23,118,10088,-9604,8396,-56,110,-150,-15064,4204,2596,-1274,77,-53,-14960,-2348,5464,-257,132,-120,0
1476.9511449337006,10960,4440,10988,-88,-32,92,10144,-9520,8100,-56,148,-172,-14952,4180,2616,-773,90,-83,-15008,-2276,5444,-495,144,-177,0
1476.9847390651703,10872,4464,10920,-61,-68,94,10104,-9608,8116,-49,128,-171,-14884,4244,2788,-1270,89,-9,-14964,-2064,5128,-514,129,-154,0
1477.0182621479034,10828,4512,10996,-73,-49,120,10096,-9584,8188,-31,98,-188,-15072,4176,2476,-1041,117,-24,-14976,-2260,5268,-505,119,-145,0
1477.0516939163208,10792,4540,10672,-49,12,85,10076,-9520,7984,-64,106,-129,-14952,4312,2732,-982,76,-16,-15016,-2492,5500,-491,74,-171,0
1477.0853669643402,10836,4476,10664,-66,-248,106,10084,-9668,8356,-70,132,-137,-14904,4176,2732,-1021,64,-63,-14992,-2408,5596,-525,99,-202,0
1477.1188969612122,10780,4516,10572,-118,-22,128,10228,-9576,8308,-53,108,-143,-14892,4148,2572,-1010,61,-38,-14916,-2204,5384,-514,109,-145,0
1477.152223110199,10760,4492,10672,-63,-33,104,10104,-9924,8100,-72,147,-145,-14984,4148,3048,-769,52,-11,-14972,-2196,5552,-504,95,-171,0
1477.1856939792633,10812,4392,10952,-102,-21,64,10040,-9656,7976,-23,149,-166,-14920,4188,3052,-1007,75,-60,-14864,-2236,5432,-477,164,-174,0
1477.2192120552063,10748,4500,10716,-77,244,71,9948,-9720,8108,-8,137,-160,-14932,4244,2372,-1016,64,-76,-14884,-2260,5508,-498,148,-127,0
1477.2527160644531,10852,4584,10780,-49,-27,81,10140,-9640,7964,-44,160,-174,-14940,4172,2792,-1005,65,-75,-14960,-2340,5500,-497,138,-162,0
1477.2861969470978,10812,4576,10744,-94,-26,82,10116,-9620,8080,-65,131,-161,-14852,4180,2772,-980,55,-39,-15088,-2292,5568,-500,107,-169,0
1477.3197059631348,10768,4540,10676,-115,-56,66,9936,-9532,8020,-40,176,-154,-14784,4288,2868,-995,124,-255,-14852,-2368,5400,-508,118,-146,0
1477.3528990745544,10752,4860,10528,-111,-47,89,10108,-9568,8144,-40,97,-172,-14888,4188,2780,-1018,80,-66,-14992,-2344,5608,-492,143,-168,0
1477.3867321014404,10780,4488,10588,-92,-43,113,10220,-9536,8136,-30,111,-162,-14876,4180,2416,-1009,111,-96,-14956,-2352,5472,-508,146,-145,0
1477.4201929569244,10784,4552,10720,-89,-64,97,10048,-9612,7984,-29,243,-129,-14936,4220,2744,-1060,125,-69,-14880,-2308,5448,-516,143,-135,0
1477.4536690711975,10864,4536,10676,-101,-35,109,10084,-9652,8152,-36,125,-154,-14956,4272,2772,-1037,101,-68,-14868,-2120,5624,-511,159,-133,0
1477.4873719215393,10828,4636,10628,-72,-65,102,10068,-9604,8032,-34,109,-180,-14840,4160,2648,-1020,115,-31,-15064,-2084,5628,-522,113,-105,0
1477.5209000110626,10768,4524,10588,-106,-38,123,10040,-9552,8092,-48,130,-152,-14968,4228,2712,-996,136,-55,-14920,-2380,5524,-517,142,-116,0
1477.5577681064606,10680,4572,10680,-108,-66,90,10080,-9524,7952,-72,124,-182,-14940,4204,2612,-1016,122,-64,-14980,-2052,5464,-498,152,-95,0
1477.5928649902344,10816,4544,10608,-125,-55,105,10096,-9668,8036,-85,109,-163,-14820,4232,2672,-995,106,-69,-14932,-2236,5428,-495,122,-89,0
1477.6286940574646,10860,4560,10800,-127,-68,136,10152,-9616,8112,-24,114,-170,-15080,4308,2684,-996,104,-52,-14792,-2272,5440,-493,157,-135,0
1477.6636531352997,10716,4460,10828,-142,-54,118,10036,-9644,8056,-53,127,-168,-14860,4236,2676,-999,120,-17,-14936,-2352,5580,-510,140,-117,0
1477.6991729736328,10800,4548,10604,-106,-57,84,10044,-9716,8036,-31,197,-199,-14976,4260,2672,-982,74,-74,-14956,-2108,5560,-495,172,-140,0
1477.7345991134644,10640,4588,10884,-116,-80,104,10012,-9596,8008,-38,151,-182,-14744,4224,2676,-1021,104,-85,-14908,-2308,5444,-508,158,-105,0
1477.770618915558,10548,4596,10620,-133,-67,115,9976,-9596,8280,-45,115,-188,-14900,4224,2700,-1272,88,-103,-14992,-2468,5468,-489,143,-133,0
1477.8055810928345,10788,4608,10624,-117,-38,96,10028,-9664,8148,-60,150,-174,-14904,4284,2656,-978,136,-45,-14956,-2340,5512,-522,128,-149,0
1477.841562986374,10716,4516,10660,-167,-44,102,10164,-9652,8168,-16,156,-167,-14884,4284,2604,-1005,73,-42,-14908,-2288,5528,-465,126,-133,0
1477.8781080245972,10772,4584,10768,-212,-56,100,10000,-9544,8444,-9,174,-135,-14980,4156,2484,-972,119,-76,-14924,-2400,5524,-469,134,-103,0
1477.9134929180143,10756,4548,10824,-213,-79,90,10132,-9680,8128,-31,171,-221,-14872,4300,2760,-1004,84,-121,-14648,-2548,5488,-472,174,-131,0
1477.9493489265442,10776,4580,10560,-225,-86,109,9760,-9624,7952,14,145,-209,-14848,4212,2712,-1019,121,-89,-14908,-2504,5484,-463,175,-82,0
1477.9845631122587,10648,4564,10860,-197,-90,117,9832,-9592,7920,-25,118,-206,-14936,4156,2724,-1003,95,-133,-14860,-2360,5520,-478,138,-64,0
1478.020184993744,10968,4352,10860,-272,-102,126,10076,-9608,8196,-39,161,-228,-14816,4160,2700,-1004,115,-97,-14896,-2516,5596,-494,128,-74,0
1478.0555810928345,10800,4544,10848,-287,-108,107,10000,-9640,8112,-102,150,-194,-14856,4196,2660,-942,107,-87,-14768,-2344,5512,-490,124,-79,0
1478.091553926468,10812,4648,10640,-248,-68,97,10056,-9688,8288,-31,152,-195,-14888,4208,2660,-985,120,-88,-14976,-2464,5464,-485,144,-83,0
1478.1276500225067,10744,4404,10648,-294,-93,141,10116,-9620,8200,9,140,-208,-14840,4212,2884,-983,124,-109,-14932,-2180,5516,-481,153,-63,0
1478.1624829769135,10720,4512,10780,-258,-142,150,10132,-9644,8180,11,143,-204,-14916,4148,2668,-1017,130,-137,-15036,-2276,5520,-464,178,-79,0
1478.2002971172333,10992,4504,10604,-276,-132,120,10060,-9672,7964,52,142,-216,-14864,4220,2636,-1014,136,-117,-15000,-2064,5456,-479,226,-56,0
1478.2338211536407,10540,4420,10736,-223,-156,142,10124,-9632,8144,35,151,-224,-14900,4192,2688,-986,129,-147,-14940,-2548,5480,-478,230,-96,0
1478.2673709392548,10984,4832,10620,-222,-158,112,10156,-9644,8220,1,169,-228,-14872,4168,2652,-971,87,-171,-14992,-2292,5436,-463,180,-97,0
1478.3005909919739,10808,4596,10636,-273,-171,92,10088,-9496,8424,-32,194,-227,-14888,4232,2648,-974,93,-126,-14952,-2516,5424,-445,169,-116,0
1478.3342859745026,10892,4568,10812,-276,-150,96,9964,-9616,8140,-39,141,-213,-14700,4160,2576,-985,150,-41,-15004,-2296,5560,-457,155,-88,0
1478.3675379753113,10912,4584,10748,-274,-132,168,9932,-9500,8096,-30,95,-193,-14908,4284,2584,-1003,134,-73,-14980,-2304,5456,-504,185,-38,0
1478.400990009308,10844,4492,10652,-239,-133,196,10096,-9612,7972,6,86,-198,-14960,4228,2716,-1039,179,-141,-14976,-2264,5612,-492,170,-40,0
1478.4344720840454,10836,4468,10756,-195,-127,193,10060,-9620,8168,-6,104,-218,-14972,4148,2656,-1033,168,-144,-14908,-2316,5356,-507,184,-64,0
1478.4679539203644,10828,4424,10580,-191,-177,201,10256,-9492,8144,6,98,-204,-14916,4256,2696,-1042,159,-89,-15016,-2252,5432,-537,155,-77,0
1478.5014679431915,10828,4460,10692,-176,-138,165,10144,-9612,8172,3,79,-193,-14948,4192,2780,-1011,158,-60,-14904,-2480,5312,-462,141,-96,0
1478.535308122635,10876,4452,10580,-169,-128,136,10192,-9512,7984,-254,121,-181,-14956,4216,2380,-982,119,-50,-14952,-2320,5428,-483,148,-108,0
1478.5686831474304,11208,4444,10520,-215,-115,112,10020,-9560,8184,-13,130,-193,-14896,4276,2816,-1036,111,-112,-14948,-2228,5452,-468,152,-99,0
1478.6019809246063,10916,4392,10640,-244,-120,102,10092,-9616,8144,-17,116,-202,-14600,4296,2588,-987,88,-125,-14840,-2284,5432,-462,162,-114,0
1478.6352479457855,10808,4328,10592,-166,-142,127,9984,-9624,8084,-68,132,-214,-14884,4320,2800,-1009,115,-65,-14836,-2204,5600,-475,202,-111,0
1478.6686549186709,10816,4404,10700,-135,-184,79,10116,-9576,8120,-71,116,-240,-14904,4200,2676,-986,114,-89,-15004,-2148,5480,-508,231,-132,0
1478.7024281024933,10792,4444,10612,-141,-130,90,10212,-9632,8256,-22,93,-202,-15008,4260,2632,-1007,86,-89,-14956,-2256,5428,-486,150,-134,0
1478.7360110282898,10912,4448,10616,-78,-79,142,10128,-9480,8040,-19,119,-166,-14916,4240,2620,-996,61,-112,-14912,-2264,5136,-521,124,-182,0
1478.7694990634918,10976,4512,10668,-78,-48,71,10132,-9520,8200,-28,143,-183,-15076,4164,2340,-1020,52,-50,-15052,-2264,5400,-520,106,-142,0
1478.8029561042786,10804,4492,10636,-72,-11,98,10104,-9520,8100,-39,132,-178,-14892,4156,2712,-1032,86,-38,-14984,-2256,5324,-522,132,-126,0
1478.8365020751953,10872,4444,10736,-102,-32,74,10192,-9552,8212,-31,115,-186,-14880,4080,2444,-1040,108,-43,-14952,-2532,5448,-490,142,-157,0
1478.8700850009918,10832,4484,10564,-118,-57,81,9964,-9728,8004,-46,149,-180,-14840,4180,2744,-1065,93,-71,-14684,-2312,5432,-485,144,-124,0
1478.9034090042114,10792,4548,11000,-107,-50,70,9900,-9672,8168,-72,155,-184,-14968,4188,2620,-993,55,-59,-14984,-2344,5640,-504,153,-141,0
1478.9371480941772,10872,4544,10784,-125,-40,90,10048,-9600,8120,-48,136,-173,-14836,4256,2744,-1057,80,-28,-14992,-2284,5436,-490,81,-154,0
1478.9705319404602,10860,4448,10820,-67,253,91,10108,-9656,8160,-33,113,-134,-15040,4276,2652,-1012,104,-3,-14904,-2332,5500,-501,68,-142,0
1479.0038681030273,10932,4452,10700,-58,-13,126,10112,-9504,8148,-72,127,-129,-14884,4280,2588,-994,74,-252,-14900,-2192,5484,-768,65,-147,0
1479.0373721122742,10780,4480,11000,-58,-24,133,10236,-9664,8160,-67,98,-147,-14928,4208,2636,-1007,132,-73,-15016,-2304,5316,-511,83,-147,0
1479.0707499980929,10840,4420,10576,-44,-12,114,10236,-9564,8076,-96,99,-160,-14968,4180,2932,-1018,129,-40,-14928,-2244,5492,-521,122,-133,0
1479.1041989326475,10908,4408,10752,-67,-61,97,9972,-9752,8068,-24,189,-201,-14928,4196,2656,-1010,74,-24,-14956,-2552,5628,-514,166,-166,0
1479.137423038483,10684,4504,10616,-80,-49,93,10020,-9628,8052,-22,112,-181,-14928,4220,2628,-955,93,-101,-14916,-2284,5584,-768,155,-134,0
1479.170825958252,10868,4584,10796,-35,-10,83,10124,-9624,8236,-46,182,-181,-15020,4268,2600,-1009,77,-117,-15020,-2284,5416,-498,179,-178,0
1479.2042059898376,10820,4540,10920,-118,-79,61,10188,-9636,8096,-24,168,-195,-15032,4164,2672,-974,68,-90,-14956,-2460,5504,-476,118,-161,0
1479.2408399581907,10788,4632,10652,-80,-41,76,10264,-9612,8084,-46,166,-154,-14860,4272,2712,-1012,39,-86,-14992,-2272,5520,-502,63,-181,0
1479.2759039402008,10572,4372,10656,-77,21,79,9960,-9560,8068,-48,207,-120,-14964,4152,2800,-990,24,0,-15032,-2324,5428,-514,114,-188,0
1479.3112881183624,10784,4588,10720,-118,-12,89,10120,-9568,8172,-38,147,-125,-14920,4068,2728,-952,45,-59,-14904,-2296,5540,-476,112,-177,0
1479.3461410999298,10788,4628,10660,-126,-41,76,10236,-9572,8164,-48,179,-124,-14632,4244,2560,-1001,88,-22,-14908,-2284,5384,-508,135,-168,0
1479.3817031383514,10816,4512,10964,-81,-39,103,10076,-9552,8304,-48,90,-170,-14916,4188,2648,-1001,116,-77,-14856,-2304,5492,-503,159,-104,0
1479.4177010059357,10752,4536,10676,-99,-71,124,10084,-9652,8120,-43,118,-171,-14828,4148,2628,-997,130,-56,-14956,-2260,5456,-484,198,-126,0
1479.452896118164,10868,4520,10840,-100,-86,109,10052,-9524,8052,-58,115,-181,-14872,4356,2660,-987,112,-31,-14864,-2476,5356,-535,165,-134,0
1479.4891760349274,10820,4352,10972,-129,-52,116,10000,-9620,8188,-249,125,-167,-14888,4332,2564,-771,129,-76,-14980,-2484,5560,-478,119,-131,0
1479.5241990089417,10832,4516,10800,-138,-6,114,10168,-9604,7940,-32,134,-153,-15068,4248,2700,-775,94,-38,-15052,-2304,5568,-481,154,-100,0
1479.559464931488,10756,4520,10816,-143,-16,103,10128,-9664,8100,-28,156,-140,-14900,4312,2568,-991,125,-55,-15036,-2264,5436,-478,137,-87,0
1479.5948770046234,10780,4480,10684,-156,-49,137,10080,-9920,8012,-15,137,-155,-14904,4240,2556,-990,125,-62,-14984,-2324,5512,-484,142,-126,0
1479.6303861141205,10832,4512,10660,-189,-51,122,10092,-9620,8100,-40,116,-166,-14596,4204,2560,-993,95,-84,-14996,-2524,5552,-496,160,-103,0
1479.6651990413666,10896,4580,10520,-223,-72,129,10036,-9572,8172,-22,143,-199,-15008,4296,2836,-771,94,-97,-14948,-2492,5456,-475,164,-100,0
1479.7007920742035,10784,4528,10796,-206,-105,124,9984,-9692,8444,-57,129,-231,-14860,4136,2760,-1013,118,-136,-15004,-2296,5600,-496,176,-116,0
1479.7362139225006,10716,4552,11008,-220,-109,101,9928,-9572,7948,-50,132,-205,-15020,4324,2624,-978,110,-115,-14912,-2316,5316,-504,173,-91,0
1479.772311925888,10740,4504,10744,-191,-111,134,10068,-9600,8256,-34,161,-211,-14928,4184,2692,-954,115,-142,-14844,-2316,5500,-500,187,-79,0
1479.8080639839172,10804,4572,10580,-234,-77,125,10028,-9612,8120,-40,164,-207,-14860,4256,2752,-978,150,-70,-14908,-2360,5176,-496,176,-94,0
1479.8429651260376,10956,4500,10632,-232,-115,129,10088,-9608,8204,-55,137,-214,-14868,4276,2700,-990,154,-115,-14868,-2292,5444,-495,187,-81,0
1479.8776950836182,10804,4500,10948,-239,-147,137,10032,-9644,8116,-31,147,-214,-14820,4216,2692,-1010,133,-122,-14916,-2300,5616,-468,195,-57,0
1479.9134640693665,10992,4496,10816,-273,-150,131,10064,-9572,8200,254,134,-224,-14636,4212,2596,-1001,159,-105,-14972,-2336,5444,-491,217,-85,0
1479.947170972824,10768,4392,10420,-247,-190,130,10088,-9532,8292,-3,158,-236,-14876,4196,2716,-1006,140,-138,-14992,-2336,5492,-502,212,-62,0
1479.9806990623474,10712,4512,10688,-511,-176,137,9996,-9516,8132,6,122,-232,-14828,4156,2800,-995,111,-153,-14932,-2240,5480,-473,198,-96,0
1480.0143251419067,10860,4580,10644,-202,-133,122,10200,-9640,8052,-9,158,-208,-14896,4176,2784,-981,109,-146,-15064,-2224,5620,-512,149,-91,0
1480.0476999282837,10968,4480,10920,-249,-129,129,10152,-9852,8072,37,136,-219,-14916,4152,2660,-1062,129,-74,-14952,-2296,5404,-476,159,-93,0
1480.0811989307404,10764,4372,10604,-205,-104,129,10080,-9488,8408,8,133,-193,-14648,4116,2628,-999,142,-82,-14988,-2324,5348,-464,136,-82,0
1480.1143460273745,10868,4540,10836,-227,-136,129,10080,-9604,8096,-39,157,-236,-15100,4280,2796,-771,126,-160,-15076,-2280,5372,-487,228,-35,0
1480.1475229263306,10828,4444,10600,-253,-172,162,10028,-9624,8068,29,106,-201,-14920,4168,2620,-1275,125,-112,-15056,-2200,5432,-463,189,-89,0
1480.1810610294342,10804,4540,10824,-181,-131,146,10104,-9608,8236,9,173,-171,-14984,4220,2624,-968,65,-61,-15012,-2368,5388,-502,109,-150,0
1480.2147741317747,10776,4432,10692,-226,-91,120,10088,-9572,8200,-250,193,-170,-14828,4268,2452,-999,92,-50,-14880,-2192,5480,-486,98,-123,0
1480.2482171058655,10580,4452,10500,-185,-127,118,10108,-9516,8152,-6,121,-204,-14888,4220,2628,-1008,118,-90,-14856,-2176,5504,-538,146,-92,0
1480.2818160057068,10784,4456,10496,-136,-149,149,10032,-9660,8388,-24,100,-188,-14976,4156,2480,-1018,134,-100,-14892,-2352,5372,-506,177,-112,0
1480.3154101371763,10844,4424,10664,-141,-130,128,10156,-9516,8232,-35,109,-226,-14888,4136,2756,-973,132,-82,-14844,-2376,5428,-506,172,-123,0
1480.3486330509186,10920,4504,10568,-117,-118,105,10076,-9560,8096,-65,161,-189,-14940,4200,2568,-1002,114,-84,-15012,-2284,5392,-478,181,-113,0
1480.382166147232,10760,4464,10912,-142,-51,90,10076,-9676,8092,-16,125,-194,-14888,4140,2588,-1045,96,-76,-14912,-2108,5444,-485,159,-126,0
1480.4155831336975,10784,4452,10640,-138,-38,86,10136,-9560,8292,-30,134,-167,-14896,4204,2708,-1021,96,-99,-14944,-2312,5316,-510,166,-126,0
1480.4492630958555,10808,4444,10496,-109,-7,94,10132,-9616,8168,-25,148,-137,-14900,4172,2588,-1006,102,-27,-15044,-2376,5344,-490,137,-133,0
1480.4826509952543,10832,4420,10732,-118,-39,102,10104,-9556,8440,-60,147,-172,-14924,4092,2744,-1003,104,-5,-14852,-2364,5528,-492,118,-122,0
1480.5164799690249,10764,4524,10588,-101,-42,99,10044,-9552,8228,-64,135,-174,-14888,4200,2736,-772,97,-26,-14908,-2496,5512,-494,126,-148,0
1480.5529041290283,10952,4492,10548,-100,-44,82,10044,-9604,8172,-78,121,-167,-14988,4148,2716,-1000,109,4,-14880,-2336,5500,-490,107,-131,0
1480.58709192276,10872,4460,10652,-83,-22,91,9984,-9620,7960,-49,154,-168,-14948,4180,2672,-1009,57,-19,-14908,-2288,5460,-498,114,-173,0
1480.6205720901487,10840,4504,10696,-96,-9,71,10160,-9596,8156,-52,115,-161,-14892,4100,2604,-1028,57,-22,-14848,-2228,5448,-495,94,-152,0
1480.6537580490112,10804,4500,10668,-104,-41,108,10096,-9656,8144,-54,112,-180,-14896,4168,2632,-998,108,-68,-14968,-2312,5500,-533,112,-158,0
1480.6874721050265,11004,4780,10512,-27,-18,121,9864,-9636,8296,-67,109,-172,-14908,4344,2632,-1018,111,-67,-14948,-2280,5528,-263,117,-143,0
1480.7211339473724,10804,4368,10780,-68,-43,77,10120,-9656,8212,-33,114,-157,-14960,4284,2656,-1276,57,-47,-14932,-2548,5128,-516,122,-137,0
1480.7547929286957,10752,4524,10696,-70,-56,108,10084,-9580,8064,-42,126,-142,-14880,4140,2476,-996,95,-40,-14972,-2380,5432,-496,122,-166,0
1480.788430929184,10756,4456,10604,-90,-47,97,10028,-9624,8100,-80,152,-159,-14980,4088,2704,-1000,60,-32,-14908,-2216,5544,-491,119,-143,0
1480.8219220638275,10828,4504,10692,-86,-20,57,10140,-9636,8108,-52,146,-166,-14888,4228,2356,-1017,59,-66,-14940,-2260,5444,-481,134,-176,0
1480.855499982834,10812,4452,10696,-80,-28,92,10176,-9672,8088,-38,112,-151,-14656,4200,2612,-1020,82,-89,-14932,-2288,5484,-480,123,-135,0
1480.8890900611877,10844,4356,10804,-92,-26,78,10088,-9520,8120,-36,151,-149,-14956,4224,2820,-1010,70,-42,-14884,-2056,5404,-476,99,-150,0
1480.9254939556122,10896,4576,10784,-96,-45,89,10136,-9540,8236,-50,117,-161,-14900,4252,2648,-985,88,-43,-14888,-2288,5532,-510,99,-147,0
1480.9609460830688,10612,4360,10672,-109,-56,97,10128,-9668,8140,-64,122,-158,-14888,4224,2748,-986,75,-6,-14936,-2272,5536,-526,139,-160,0
1480.9962091445923,10784,4544,10712,-107,-32,107,10032,-9608,8136,-39,127,-161,-14916,4200,2752,-1002,87,-51,-14936,-2396,5560,-519,148,-145,0
1481.032329082489,10788,4508,10672,-92,-81,110,10132,-9676,8180,-38,118,-175,-14788,4340,2776,-1026,92,-87,-14868,-2336,5524,-503,127,-138,0
1481.0685369968414,11000,4508,10656,-130,-46,115,9536,-9932,8392,-2,220,-192,-15056,4320,2572,-1034,111,-63,-14956,-2360,5416,-485,149,-134,0
1481.1035170555115,10828,4556,10628,-137,-37,104,10108,-9616,7984,-15,82,-187,-15100,4208,2832,-1009,108,-80,-14964,-2276,5556,-524,159,-122,0
1481.1386680603027,10856,4492,10796,-127,-36,129,10144,-9636,8408,-29,114,-175,-14908,4268,2608,-989,102,-43,-14960,-2304,5460,-520,107,-107,0
1481.1743459701538,10772,4628,10688,-126,-52,135,10188,-9640,8164,-57,110,-184,-14872,4264,2832,-1005,102,-55,-14980,-2168,5544,-473,168,-102,0
1481.2101681232452,10508,4352,10736,-180,-52,108,10140,-9592,7680,-25,159,-178,-14856,4236,2716,-998,83,-110,-14668,-2232,5424,-461,123,-136,0
1481.2462210655212,10792,4472,10760,-218,-79,89,10108,-9616,8176,-20,179,-186,-14968,4312,2788,-999,80,-118,-14908,-2080,5448,-465,160,-129,0
1481.2818229198456,10892,4596,10588,-202,-92,132,10028,-9644,8188,-12,154,-191,-14928,4332,2584,-1016,97,-102,-14872,-2248,5556,-491,160,-78,0
1481.3177361488342,10820,4520,10856,-207,-114,103,10060,-9660,8136,-65,132,-232,-14828,4188,2600,-962,125,-117,-14920,-2268,5576,-475,149,-94,0
1481.3530991077423,10708,4552,10972,-127,-124,130,9996,-9648,8096,-82,128,-220,-15092,4216,2584,-982,119,-85,-14948,-2312,5504,-761,133,-86,0
1481.3886690139773,10644,4584,10740,-190,-126,137,10080,-9584,8208,-47,159,-177,-15092,4236,2768,-991,104,-130,-14972,-2360,5484,-489,136,-109,0
1481.4241859912872,10752,4548,10756,-253,-109,137,10052,-9656,8072,-16,156,-173,-14848,4132,2684,-984,120,-105,-14956,-2424,5504,-482,146,-63,0
1481.459743976593,10840,4460,10612,-220,-73,119,10076,-9616,8156,-44,161,-204,-14972,4280,2652,-1005,129,-125,-14932,-2296,5488,-496,218,-94,0
1481.4955720901487,10804,4500,10680,-273,-94,108,10040,-9592,8188,18,171,-240,-14840,4256,2304,-983,135,-161,-15000,-2200,5176,-459,0,-78,0
1481.5314431190493,10860,4540,10668,-510,-134,135,10104,-9596,8180,51,131,-213,-14904,4288,2328,-1007,145,-121,-14896,-2364,5420,-455,242,-86,0
1481.5682859420776,10828,4500,10968,-508,-125,125,10156,-9544,8112,-4,173,-221,-15004,4260,2652,-1003,96,-123,-14948,-2356,5520,-470,150,-123,0
1481.601814031601,10828,4540,10652,-504,-124,106,10060,-9560,8076,-10,156,-207,-14936,4248,2676,-985,127,-101,-14868,-2300,5604,-495,152,-94,0
1481.6352350711825,10876,4444,10560,-236,-100,131,10060,-9544,8416,-23,154,-181,-15072,4296,2712,-1011,135,-55,-14932,-2304,5424,-510,176,-125,0
1481.6685960292816,10848,4416,10708,-237,-148,152,10040,-9648,8128,37,141,-193,-14932,4184,2652,-983,147,-117,-14940,-2316,5408,-493,176,-92,0
1481.7021870613098,10728,4476,10496,-196,-139,142,10160,-9508,8256,-17,131,-201,-14996,4176,2664,-999,125,-116,-15052,-2328,5344,-499,176,-72,0
1481.7356870174408,10804,4516,10732,-232,-158,114,10096,-9580,8168,255,135,-223,-14920,4212,2576,-1001,137,-128,-14908,-2268,5480,-476,162,-103,0
1481.7689700126648,10800,4440,10816,-224,-160,142,10008,-9608,8064,251,104,-224,-14648,4232,2712,-1044,148,-100,-14968,-2536,5484,-494,188,-98,0
1481.8024990558624,10808,4528,10528,-204,-131,151,10072,-9604,8256,14,115,-233,-14916,4112,2352,-1002,148,-82,-14952,-2388,5356,-495,168,-96,0
1481.836049079895,10772,4504,10756,-170,-137,125,10188,-9484,8084,-25,92,-223,-14900,4220,2800,-1000,140,-110,-15104,-2392,5552,-489,175,-92,0
1481.8693170547483,10948,4468,10588,-182,-155,119,10052,-9572,8088,-47,106,-229,-14880,4180,2468,-957,131,-141,-14972,-2232,5492,-473,184,-92,0
1481.902722120285,10808,4456,10736,-179,-157,120,10116,-9600,8112,-53,132,-219,-14904,4148,2720,-981,112,-125,-14872,-2268,5292,-470,166,-107,0
1481.936145067215,10848,4320,10660,-157,-112,129,10140,-9656,8432,-33,120,-209,-14944,4232,2452,-1014,96,-71,-15080,-2264,5528,-502,144,-99,0
1481.9698629379272,10872,4344,10748,-123,-76,100,10144,-9548,8132,-20,132,-191,-14896,4236,2696,-984,112,-59,-14976,-2060,5380,-489,151,-140,0
1482.00345993042,10904,4428,10992,-164,-43,97,10092,-9500,7968,-19,149,-190,-14868,4152,2620,-997,89,-95,-14928,-2228,5524,-457,145,-136,0
1482.0371119976044,10976,4416,10904,-117,-35,94,10148,-9756,8128,-26,138,-160,-14936,4212,2700,-1012,120,-61,-14984,-2296,5484,-486,136,-125,0
1482.0706279277802,10924,4404,10764,-184,-23,106,10144,-9612,8124,2,138,-169,-14928,4124,2800,-1032,93,-42,-14960,-2316,5428,-474,126,-154,0
1482.104054927826,10784,4592,10656,-99,-23,82,10060,-9572,8268,-30,140,-132,-14964,4228,2700,-997,55,-9,-14948,-2312,5448,-496,73,-125,0
1482.1374299526215,10824,4508,10624,-88,-23,88,10120,-9480,8184,-76,140,-166,-14628,4136,2712,-997,58,-69,-14920,-2220,5476,-517,94,-160,0
1482.1704380512238,10836,4396,10596,-132,-25,89,10056,-9580,8124,-34,154,-165,-14628,4220,2384,-1035,85,-46,-14896,-2524,5440,-479,101,-142,0
1482.203978061676,10784,4572,10376,-75,-3,71,10044,-9644,8144,-53,135,-150,-14912,4252,2636,-999,49,-43,-14892,-2512,5528,-502,102,-159,0
1482.2376871109009,10876,4444,10752,-73,-8,89,10092,-9576,8152,-71,141,-134,-14920,4200,2660,-1009,54,-244,-15048,-2244,5420,-491,77,-150,0
1482.2712190151215,10740,4524,10708,-103,-20,104,9804,-9656,8024,-76,101,-147,-14848,4264,2696,-774,126,-15,-14896,-2352,5428,-482,126,-128,0
1482.3047749996183,10748,4416,10792,-73,-31,109,10132,-9904,8184,-81,102,-145,-14936,4152,2564,-1001,98,-74,-14824,-2228,5552,-511,136,-130,0
1482.3382849693298,10892,4376,10544,-77,-75,130,10020,-9500,8004,-32,104,-172,-15080,4212,2812,-1006,112,-62,-14936,-2280,5452,-515,149,-139,0
1482.3714950084686,10784,4464,10700,-59,21,101,10068,-9612,8344,-44,135,-160,-14924,4200,2836,-993,83,-44,-14916,-2340,5532,-508,129,-152,0
1482.4048070907593,10792,4560,10704,-85,-45,86,10084,-9604,8188,-24,126,-177,-14904,4240,2664,-1036,81,-70,-14992,-2392,5520,-487,130,-150,0
1482.4384379386902,10860,4468,10748,-81,254,72,10132,-9548,8368,-32,135,-166,-14984,4300,2736,-990,61,-54,-14960,-2264,5412,-489,138,-157,0
1482.4718689918518,10808,4528,10700,-88,-37,74,10048,-9616,8080,-36,142,-154,-14608,4240,2708,-1006,98,-62,-14884,-2332,5472,-500,130,-164,0
1482.505569934845,10768,4580,10924,-96,-42,104,9984,-9580,8132,-37,115,-160,-14860,4224,2740,-1273,106,-86,-14876,-2432,5560,-497,127,-143,0
1482.5392429828644,10716,4572,10504,-87,-42,120,10092,-9508,8076,-61,98,-171,-14904,4168,2684,-995,138,-55,-14964,-2124,5384,-485,141,-122,0
1482.5723741054535,10824,4524,10796,-63,-42,70,10028,-9604,8080,-37,110,-202,-14940,4264,2748,-1029,65,-102,-14836,-2336,5648,-497,152,-152,0
1482.6101200580597,10888,4528,10604,-106,-39,83,10120,-9600,8184,-18,145,-176,-14892,4260,2716,-995,101,-64,-15000,-2320,5576,-521,126,-140,0
1482.6451270580292,10784,4572,10960,-55,-39,115,10100,-9604,7996,-34,112,-161,-14888,4104,2692,-1004,105,-68,-14872,-2368,5452,-510,155,-159,0
1482.6809160709379,10840,4524,10616,-94,-64,98,10060,-9600,8144,-46,104,-168,-14976,4196,2720,-1021,114,-105,-14892,-2292,5516,-492,135,-137,0
1482.7160930633545,10804,4564,10772,-82,-69,92,9964,-9572,8316,-37,130,-172,-14872,4236,2736,-1008,54,-30,-14984,-2340,5552,-764,122,-138,0
1482.7518260478973,10764,4552,10992,-143,-77,127,10056,-9620,8056,-11,140,-137,-15004,4184,2684,-1016,109,-87,-14868,-2404,5128,-505,120,-103,0
1482.7877440452576,10840,4624,10648,-109,-60,98,10120,-9652,8220,-72,127,-148,-14920,4184,2680,-1004,85,-64,-14960,-2264,5424,-502,131,-120,0
1482.8232600688934,10764,4480,10808,-144,-49,80,9984,-9632,8172,-38,134,-170,-14936,4252,2844,-1017,116,-71,-14864,-2384,5552,-487,144,-143,0
1482.858696937561,10720,4532,10716,-106,-37,60,10072,-9640,8016,-45,97,-171,-14640,4152,2652,-965,80,-81,-14916,-2412,5520,-487,150,-110,0
1482.894010066986,10596,4548,10656,-113,-29,104,10008,-9532,8000,-34,118,-177,-14800,4212,2720,-1005,91,-36,-14920,-2328,5532,-474,127,-117,0
1482.9296081066132,10768,4636,10748,-170,-42,108,10132,-9628,8044,-76,162,-183,-14872,4260,2724,-998,106,-86,-14916,-2116,5776,-501,126,-97,0
1482.9649620056152,10940,4540,10960,-164,-40,94,10200,-9640,8056,-47,129,-162,-14916,4192,2592,-1005,134,-50,-14892,-2360,5508,-523,168,-128,0
1483.0004570484161,10900,4544,10692,-183,-57,136,10036,-9648,7996,9,163,-188,-14856,4144,2656,-1032,153,-93,-14952,-2560,5592,-511,162,-106,0
1483.035541057587,10708,4444,10636,-150,-46,138,10068,-9576,8104,-14,134,-207,-14596,4272,2700,-999,111,-87,-14988,-2368,5504,-489,160,-110,0
1483.0714559555054,10852,4512,10692,-176,-81,116,9764,-9600,8384,8,153,-202,-14632,4332,2632,-1045,108,-86,-14992,-2328,5384,-470,156,-104,0
1483.1075129508972,10868,4492,10848,-218,-49,107,10076,-9672,7988,5,172,-220,-14812,4256,2656,-1008,137,-107,-14952,-2288,5476,-474,170,-77,0
1483.1429181098938,10876,4396,10956,-203,-72,106,10076,-9676,8236,-22,141,-197,-14904,4148,2920,-1018,133,-115,-14952,-2356,5388,-491,161,-81,0
1483.1787950992584,10704,4552,10620,-231,-137,113,9772,-9640,8020,-55,128,-235,-14876,4212,2716,-1004,127,-107,-14952,-2316,5388,-506,186,-85,0
1483.214117050171,10704,4572,10844,-246,-112,136,10072,-9652,8208,-73,151,-231,-14888,4308,2664,-953,84,-145,-14872,-2232,5548,-489,165,-69,0
1483.2500579357147,10768,4496,10760,-223,-130,118,10112,-9748,8008,-56,133,-221,-14908,4244,2304,-966,121,-126,-15096,-2056,5508,-480,174,-85,0
1483.2834730148315,10540,4524,10776,-225,-122,127,10108,-9564,8100,-20,149,-231,-14976,4316,2660,-1012,127,-112,-14960,-2520,5560,-479,169,-104,0
1483.3171439170837,10768,4488,10576,-234,-145,113,10188,-9540,8048,-1,140,-218,-14892,4140,2596,-993,108,-115,-14968,-2340,5556,-473,215,-86,0
1483.3507969379423,10860,4484,10660,-260,-139,143,10048,-9580,8056,6,114,-248,-14872,4220,2580,-964,172,-142,-14908,-2232,5608,-485,220,-65,0
1483.3839790821075,10848,4520,10956,-206,-127,158,10156,-9556,8028,255,109,-205,-14820,4288,2600,-995,120,-124,-14988,-2144,5216,-257,199,-69,0
1483.4173619747162,10876,4496,10860,-229,-190,156,10116,-9588,8180,21,109,-226,-14888,4196,2652,-1019,118,-126,-14948,-2272,5408,-514,194,-110,0
1483.4508559703827,10612,4352,10692,-271,-195,125,10048,-9500,8128,34,166,-209,-14920,4172,2628,-1009,113,-96,-14980,-2364,5516,-491,145,-124,0
1483.4843981266022,10744,4564,10496,-213,-153,131,10028,-9532,8144,-27,153,-224,-14868,4164,2532,-996,119,-88,-14896,-2308,5388,-472,189,-89,0
1483.518226146698,10836,4540,10564,-269,-170,110,10096,-9580,8096,49,159,-232,-14968,4220,2548,-1275,133,-116,-15044,-2516,5528,-455,200,-76,0
1483.5517899990082,10764,4536,10664,-269,-143,134,10188,-9528,8084,56,131,-208,-15024,4168,2484,-1013,104,-117,-15084,-2240,5400,-457,148,-108,0
1483.585216999054,10868,4580,10700,-224,-145,130,10164,-9604,8076,-8,158,-172,-14924,4204,2660,-981,119,-92,-14924,-2268,5204,-470,153,-110,0
1483.6187269687653,10708,4444,10752,-236,-147,141,10068,-9580,8428,-18,131,-226,-14864,4276,2616,-1010,95,-89,-14932,-2272,5492,-493,176,-101,0
1483.651983976364,10508,4504,10960,-212,-169,159,10020,-9504,8120,-27,101,-225,-14860,4252,2436,-992,146,-90,-14908,-2052,5532,-766,178,-102,0
1483.685523033142,10936,4444,10676,-197,-201,166,10116,-9580,8064,34,85,-219,-14684,4116,2556,-1019,123,-145,-14932,-2308,5544,-761,205,-80,0
1483.7192780971527,10796,4480,10564,-149,-164,143,10048,-9520,8036,-46,122,-217,-14992,4204,2592,-1008,115,-162,-15000,-2324,5384,-257,180,-105,0
1483.752867937088,10864,4440,10696,-170,-162,130,10176,-9604,8144,-27,132,-205,-14904,4192,2736,-1004,117,-115,-14932,-2204,5444,-488,185,-115,0
1483.786423921585,10884,4460,10504,-111,-121,101,10136,-9612,8044,-60,102,-198,-14860,4104,2436,-1003,115,-52,-14896,-2244,5440,-495,171,-107,0
1483.819906949997,10996,4400,10684,-120,-103,120,10080,-9724,8140,-26,118,-165,-14872,4164,2528,-1011,94,-56,-14964,-2488,5284,-480,166,-129,0
1483.8535010814667,10912,4376,10840,-109,-41,91,10204,-9580,8128,-49,141,-199,-14960,4072,2832,-1277,80,-71,-14916,-2064,5272,-487,142,-139,0
1483.8871870040894,10892,4516,10544,-117,-45,74,10092,-9660,8220,-23,169,-172,-14964,4196,2616,-1021,99,-65,-14924,-2060,5432,-481,160,-149,0
1483.9203939437866,10760,4460,10296,-130,-24,73,10308,-9560,8376,-42,127,-179,-14940,4140,2700,-1012,87,-44,-14968,-2080,5396,-466,177,-169,0
1483.9539530277252,10884,4440,10724,-109,-53,85,10124,-9524,8092,-44,134,-194,-14960,4200,2700,-1003,97,-6,-14956,-2396,5436,-468,160,-145,0
1483.987445116043,10548,4468,10736,-84,-23,88,10176,-9588,8156,-37,137,-158,-14916,4228,2768,-1010,76,-32,-14912,-2388,5492,-489,113,-122,0
1484.0210440158844,10692,4464,10768,-113,-253,89,10116,-9588,8028,-51,126,-163,-14904,4268,2540,-1014,73,-58,-14732,-2324,5372,-483,132,-152,0
1484.0545890331268,10980,4432,10700,-117,-46,112,10160,-9628,8096,-73,145,-189,-14948,4212,2556,-1005,91,-44,-15036,-2336,5524,-458,93,-135,0
1484.0881581306458,10840,4612,10716,-81,-13,82,10112,-9612,7984,-78,150,-139,-14868,4204,2652,-985,80,-26,-14988,-2152,5544,-540,78,-145,0
1484.1218421459198,10788,4432,10888,-108,-20,73,10100,-9592,8112,-69,138,-134,-14888,4264,2652,-1009,77,-8,-14872,-2356,5844,-468,79,-140,0
1484.1553061008453,10864,4428,10680,-61,22,113,10096,-9600,8164,-61,159,-104,-15092,4252,2696,-983,90,-19,-14928,-2296,5292,-499,86,-148,0
1484.1889441013336,10728,4496,10704,-46,-32,86,10076,-9608,8188,-96,140,-134,-14836,4240,2568,-1012,103,-60,-15092,-2208,5372,-506,146,-155,0
1484.2226841449738,11000,4448,10592,-80,-10,94,10032,-9532,8164,-33,115,-159,-14884,4232,2876,-1274,106,-77,-14896,-2324,5372,-477,172,-116,0
1484.2562229633331,10844,4452,10716,-61,-30,80,10152,-9664,8048,-29,91,-159,-14976,4316,2620,-1001,79,-67,-14964,-2372,5520,-499,132,-131,0
1484.2933039665222,10820,4472,10816,-65,20,94,10208,-9704,8032,-76,132,-137,-14700,4188,2744,-997,72,213,-14964,-2556,5548,-510,110,-127,0
1484.3295350074768,10744,4592,10864,-70,-34,125,10012,-9604,8116,-78,110,-121,-14908,4132,2500,-964,85,-17,-15032,-2276,5440,-500,78,-111,0
1484.3643250465393,10812,4592,10804,-81,-44,105,10028,-9668,7980,-96,146,-119,-14848,4236,2848,-984,75,-50,-14968,-2240,5444,-508,121,-119,0
1484.3997609615326,10772,4364,10904,-98,-15,127,10036,-9584,8416,-33,132,-146,-14868,4336,2592,-1045,139,-82,-14880,-2376,5392,-520,112,-181,0
1484.435135126114,10824,4360,10692,-72,-58,100,9964,-9608,8108,-66,97,-158,-14864,4192,2804,-1058,99,-55,-14864,-2312,5536,-536,135,-112,0
1484.4703941345215,10768,4560,10808,-67,-75,128,10080,-9600,8032,-26,102,-161,-14880,4336,2716,-1006,136,-82,-14984,-2304,5440,-478,125,-94,0
1484.5055840015411,10872,4504,10836,-103,-37,121,10040,-9824,8068,-47,73,-119,-14892,4220,2564,-769,146,-45,-14940,-2072,5508,-541,113,-87,0
1484.5417349338531,10884,4524,10496,-67,-35,178,10140,-9692,8116,-57,82,-98,-14888,4104,2804,-1043,187,-230,-14972,-2444,5392,-528,118,-75,0
1484.5780289173126,10880,4496,10824,-46,-67,219,10124,-9604,8020,-65,40,-84,-14932,4276,2452,-1267,129,-37,-14928,-2112,5608,-584,93,-39,0
1484.613331079483,10860,4464,10712,-51,1,180,10116,-9704,8016,-116,107,-36,-15000,4100,2604,-1012,97,59,-15160,-2248,5540,-625,46,-87,0
1484.6491241455078,10800,4448,10680,-73,5,184,10088,-9616,8372,-20,128,253,-14916,4336,2872,-1098,73,34,-14976,-2368,5172,-648,41,-106,0
1484.6844279766083,10580,4576,10772,-25,19,200,10068,-9528,7944,-9,125,-29,-14904,4232,2712,-1039,137,15,-14884,-2236,5524,-595,46,-107,0
1484.7205770015717,10676,4444,10780,-256,6,173,10204,-9676,8256,-52,140,-74,-14904,4140,2712,-1081,84,27,-14848,-2312,5536,-632,61,-143,0
1484.7556800842283,10992,4408,10840,-29,-7,153,10128,-9716,8088,-253,126,-44,-15100,4320,2652,-1080,96,-37,-14952,-2248,5532,-614,47,-145,0
1484.7917470932007,10872,4364,10932,1,65,165,10032,-9520,8192,-28,96,15,-14876,4372,2520,-1130,80,94,-14876,-2440,5484,-643,29,-106,0
1484.8276741504667,10880,4528,10756,-55,129,198,10160,-9668,8008,-48,85,29,-14868,4280,2592,-1065,130,71,-15076,-2484,5584,-643,-38,-111,0
1484.8627710342407,10672,4356,10856,-30,47,209,9736,-9536,8140,1,66,-35,-14676,4552,2752,-1158,120,18,-14932,-2264,5452,-653,70,-150,0
1484.8980691432953,10508,4820,10744,-22,73,191,9752,-9960,8096,-50,42,-256,-14756,4568,2720,-979,104,13,-14892,-2336,5580,-622,83,-91,0
1484.9340460300446,10688,4532,10668,-59,-32,165,10000,-9672,7996,-42,113,-82,-14948,4220,2964,-1029,129,-255,-14988,-2360,5496,-561,98,-96,0
1484.9674711227417,10660,4596,10720,-97,-250,160,10048,-9968,8004,-247,130,-96,-14836,4604,2724,-1102,113,-244,-14884,-2340,5608,-590,90,-129,0
1485.0010509490967,10760,4648,10652,-88,28,130,9768,-9712,7984,-18,65,-83,-14876,4116,2580,-1039,98,-245,-14952,-2104,5660,-574,47,-105,0
1485.0347571372986,10712,4688,10512,-104,58,175,9936,-9564,7944,-59,36,-79,-14792,4280,2776,-965,171,45,-14792,-2352,5520,-589,42,-49,0
1485.0681750774384,10684,4360,10832,-145,-28,211,9928,-9788,8088,-36,3,-128,-14948,4292,2652,-1051,235,-21,-15096,-2316,5444,-536,143,-10,0
1485.1015999317167,10764,4540,10976,-180,-101,243,10064,-9984,8032,-252,-7,-129,-14796,4452,2784,-1087,204,-253,-14952,-2268,5668,-609,143,34,0
1485.1351540088654,10708,4588,10948,-161,-103,248,10124,-9800,8060,-54,36,-112,-14628,4584,2616,-1268,237,-60,-14956,-2448,5608,-560,118,46,0
1485.1703870296478,10808,4612,10772,-198,-75,231,9820,-9728,7940,-112,46,-142,-14856,4128,2796,-809,186,-40,-14832,-2284,5528,-556,104,3,0
1485.2039620876312,10652,4676,10500,-214,-91,178,10236,-9700,7996,-182,36,-192,-14832,4252,2820,-846,45,-106,-14832,-2508,5388,-459,145,-66,0
1485.237564086914,10668,4848,10564,-276,-81,143,9756,-9592,8028,-3,146,-142,-14884,4284,2564,-810,118,-78,-14896,-2380,5540,-454,138,-76,0
1485.2711760997772,10608,4624,10796,-274,-82,88,10012,-9696,8132,-23,211,-240,-14840,4192,3024,-830,137,-113,-14960,-2324,5576,-428,200,-89,0
1485.3044641017914,10828,4576,10520,-285,-132,83,9972,-9604,8088,-90,164,-344,-15040,4396,2584,-901,150,-197,-14828,-2256,5532,-443,285,-31,0
1485.3381371498108,10952,4568,10992,-245,-195,128,10116,-9560,8028,-74,110,-317,-14776,4440,2484,-1225,198,-173,-14984,-2100,5556,-520,293,7,0
1485.371721982956,10828,4516,10952,-184,-191,189,10168,-9936,8024,30,34,-309,-14876,4260,2632,-1070,299,-115,-15064,-2172,5648,-501,263,22,0
1485.4052381515503,10828,4412,10816,-208,-172,231,10136,-9784,8160,22,-15,-246,-15048,4408,2736,-776,5,-102,-14944,-2176,5660,-528,210,-39,0
1485.438668012619,10852,4480,10524,-173,-151,206,10024,-9752,7964,24,20,-203,-14940,4320,2444,-1044,226,-190,-15068,-2192,5592,-453,175,-51,0
1485.4719121456146,10836,4528,10864,-219,-123,157,10048,-9704,8064,15,110,-229,-14952,4208,2644,-789,152,-148,-14652,-2160,5524,-462,202,-78,0
1485.50532913208,10968,4444,10872,-288,-188,106,10052,-9768,8180,-26,107,-266,-14608,4272,2648,-781,193,-108,-14860,-2192,5556,-474,181,-81,0
1485.538969039917,10740,4128,10700,-186,-178,159,10224,-9744,8052,-43,93,-207,-14876,4272,2600,-1062,186,-99,-14936,-2276,5488,-489,143,-72,0
1485.5783431529999,11004,4428,10684,-203,-164,113,10344,-9768,8444,41,188,-512,-15128,4180,2796,-777,57,-179,-14916,-2268,5588,-464,191,-222,0
1485.6122040748596,10752,4476,10896,-206,-202,26,9764,-9476,8136,74,214,-307,-14876,4292,2388,-954,56,-188,-14972,-2304,5452,-415,197,-204,0
1485.6455340385435,10740,4624,10804,-203,-128,-26,10036,-9636,8104,-30,508,-297,-14828,4256,2628,-955,26,-192,-14872,-2256,5524,-429,272,-205,0
1485.6792631149292,10764,4552,10788,-282,-271,11,9928,-9764,8112,15,234,-355,-14808,4236,2312,-915,64,-319,-14836,-2248,5596,-401,304,-245,0
1485.712809085846,10756,4464,10744,-131,-292,10,10072,-9492,8120,4,211,-363,-14860,4220,2408,-939,16,-220,-15104,-2236,5376,-442,286,-199,0
1485.7462151050568,10924,4556,10528,-194,-237,22,10120,-9540,7972,-27,210,-293,-14908,4240,2324,-981,88,-183,-14936,-2308,5120,-434,203,-139,0
1485.7799229621887,10892,4528,10572,-181,-201,43,10428,-9656,8168,-43,127,-314,-14980,4332,2640,-1068,126,-142,-15032,-2212,5500,-496,213,-149,0
1485.8134751319883,10972,4492,10568,-120,-157,113,10112,-9672,8096,-61,93,-206,-14976,4244,2384,-1008,114,-96,-15044,-2140,5604,-482,161,-139,0
1485.8473150730133,11004,4580,10556,-104,-27,109,10176,-9616,8020,-9,116,-125,-14980,4220,2352,-1086,70,-60,-14940,-2244,5392,-531,62,-182,0
1485.8804619312289,10936,4524,11004,-92,34,123,10080,-9608,7988,-8,167,-109,-15060,4212,2528,-1087,41,-43,-14976,-2144,5492,-496,99,-169,0
1485.9139559268951,10868,4500,10656,-119,6,124,10224,-9676,8180,48,237,-98,-14924,4272,2320,-1121,77,-21,-14932,-2140,5504,-565,99,-164,0
1485.9502720832825,10960,4396,10712,-90,21,146,10012,-9696,8104,29,95,-83,-14848,4332,2336,-1079,128,-35,-14980,-2156,5540,-618,49,-138,0
1485.9856419563293,10668,4544,10588,-21,251,162,9884,-9616,7976,254,55,-135,-14860,4116,2704,-1068,168,-87,-14832,-2548,5532,-496,158,-92,0
1486.0216641426089,10704,4492,10804,-57,-89,118,10128,-9508,8140,-44,98,-214,-14924,4196,2624,-1094,117,-114,-14960,-2456,5552,-422,131,-158,0
1486.0575549602509,10848,4856,10568,-155,53,246,10100,-9612,8128,-93,245,-173,-15028,4316,2832,-852,250,249,-15000,-2416,5420,-384,-18,-230,0
1486.0928199291227,10760,4640,10864,-193,90,-64,10096,-9696,8164,-145,271,-181,-14968,4304,2812,-973,-55,25,-14812,-2244,5632,-478,81,-227,0
1486.128762960434,10716,4572,10676,-78,-24,-29,10132,-9808,7904,-90,205,-208,-14848,4344,2324,-1057,-8,-58,-14916,-2196,5388,-559,128,-271,0
1486.163537979126,10928,4444,10884,-20,11,5,10096,-9604,8024,-50,170,-177,-14772,4308,2392,-960,78,-37,-14616,-2228,5456,-462,127,-170,0
1486.1998569965365,10836,4560,10684,-100,-14,49,9808,-9640,7940,-65,101,-233,-14832,4548,2680,-1269,152,-121,-14840,-2244,5504,-471,189,-141,0
1486.2348940372467,10868,4444,10796,-62,-75,111,10028,-9536,8012,-27,143,-154,-14936,4260,2636,-1049,96,-72,-14960,-2416,5496,-566,144,-175,0
1486.2703630924225,10800,4568,10804,-69,-56,102,10060,-9560,8036,17,161,-111,-14912,4268,2660,-1055,12,-113,-14968,-2404,5604,-560,128,-202,0
1486.305477142334,10728,4684,10716,-24,59,78,10128,-9572,8168,-18,206,-67,-15004,4224,2688,-1013,-14,35,-15360,-2424,5540,-605,-43,-238,0
1486.3416590690613,10896,4796,10804,-49,122,35,10000,-9632,8164,-123,230,-54,-15072,4148,2656,-975,47,20,-14828,-2360,5480,-260,-3,-165,0
1486.3775911331177,10660,4584,10984,-83,51,113,10212,-9712,7952,-43,69,-105,-14864,4320,2452,-1125,71,7,-14988,-2240,5396,-540,57,-119,0
1486.4127740859983,10728,4436,10720,-1,86,124,10016,-9640,7964,-60,106,-54,-14856,4332,2616,-1010,86,65,-14896,-2128,5848,-557,-25,-121,0
1486.4480290412903,10668,4440,10756,-117,56,141,9972,-9760,8080,-123,149,-116,-14612,4284,2528,-986,114,-45,-14832,-2352,5696,-467,102,-108,0
1486.4835720062256,10520,4484,10684,-120,-49,123,10040,-9804,8052,-70,48,-174,-14708,4364,2920,-1103,168,-22,-14992,-2204,5592,-522,179,-81,0
1486.5197439193726,10772,4564,10700,-85,-29,125,10108,-9720,8068,255,441,-14,-14712,4540,2404,-1085,110,-31,-14956,-2540,5544,-499,165,-122,0
1486.5553181171415,10508,4436,10712,-116,-93,121,10076,-9480,7920,-41,165,-169,-14792,4232,2736,-956,142,-118,-14844,-2448,5640,-495,164,-191,0
1486.5912439823153,10636,4652,10772,-69,-54,66,9848,-9684,8292,7,159,-164,-14868,4348,2804,-986,29,-59,-15016,-2304,5532,-543,106,-131,0
1486.6270310878754,10716,4704,10628,-126,-21,131,10008,-9644,8096,-67,51,-202,-14860,4072,2368,-976,194,-130,-14724,-2252,5432,-475,238,-66,0
1486.6601660251617,10588,4364,10556,-119,-282,157,9860,-9492,8076,-2,77,-343,-14960,4132,2992,-1039,141,-267,-14844,-2504,5472,-394,358,-156,0
1486.6936161518097,10792,4652,10944,-134,-116,8,10172,-9660,8232,252,356,-219,-14916,4316,2768,-827,-22,-105,-15204,-2376,5700,-490,104,-253,0
1486.7273650169373,10780,4616,10800,-275,59,-7,9984,-9560,8132,-196,247,-179,-14908,4156,2628,-660,68,-66,-14776,-2344,5288,-279,167,-62,0
1486.7604360580444,10632,4720,10776,-270,-181,21,10148,-9692,8072,-168,43,-383,-14868,3996,2668,-812,504,-6,-14576,-2536,5248,-284,362,-140,0
1486.7940230369568,10592,4352,10528,-192,-284,-30,10128,-9728,7976,-80,195,-470,-15088,4096,2828,-977,-24,-483,-15052,-2328,5512,-365,344,-510,0
1486.8276309967039,10772,4692,10892,-239,-146,-94,10012,-9648,8076,-48,320,-301,-15056,4316,2772,-913,-39,-123,-14916,-2380,5760,-381,229,-165,0
1486.8612570762634,10748,4696,10820,-317,-102,18,9988,-9680,8028,-112,157,-302,-14892,4284,2368,-882,108,-137,-14684,-2204,5508,-388,210,-72,0
1486.8945980072021,10816,4592,10780,-92,-107,80,10068,-9848,8176,-91,77,-511,-14940,4512,2348,-956,177,-124,-15100,-1952,5412,-454,215,-69,0
1486.9281859397888,10780,4372,10864,-159,-103,180,10156,-9816,7876,20,79,-160,-14976,4652,2644,-1038,135,-33,-15144,-2128,5592,-489,181,3,0
1486.9616980552673,10496,4488,10876,-195,5,234,10040,-9708,8112,31,47,-27,-14920,4580,2432,-1043,144,37,-15012,-2372,5736,-523,38,-59,0
1486.994929075241,10632,4468,10944,-191,11,205,10076,-9956,8144,-26,128,-88,-15068,4344,2724,-1022,161,-54,-14852,-2464,5536,-531,59,-116,0
1487.0284509658813,10632,4516,10556,-162,-18,149,10004,-9784,8048,-14,153,-110,-14916,4452,2752,-1030,66,-60,-14924,-2328,5600,-560,110,-104,0
1487.0620040893555,10688,4840,10852,-178,-30,151,10048,-9692,8176,-16,209,-88,-14960,4228,2624,-1044,41,-44,-14892,-2412,5696,-553,130,-123,0
1487.0955209732056,10776,4652,10664,-240,-48,104,10144,-9576,8112,-59,211,-117,-14896,4144,2808,-963,47,-20,-14900,-2504,5540,-501,109,-144,0
1487.1291921138763,10656,4576,10780,-258,-100,59,10016,-9708,8160,-68,507,-236,-15084,4164,2716,-918,57,-129,-14880,-2376,5500,-480,209,-146,0
1487.1626200675964,10788,4640,10920,-215,-128,57,10000,-9692,8140,-20,230,-239,-14808,4200,2728,-979,73,-202,-14844,-2368,5388,-457,296,-113,0
1487.19588804245,10644,4624,10944,-270,-167,93,9984,-9980,7956,46,168,-254,-14904,4228,2832,-972,123,-194,-14928,-2340,5412,-453,15,-66,0
1487.2294030189514,10948,4712,10812,-230,-193,102,10024,-9612,8028,5,177,-239,-14868,4128,2644,-962,115,-175,-14968,-2316,5492,-450,292,-83,0
1487.2630259990692,10764,4668,10708,-273,-189,64,10224,-9644,8216,34,177,-303,-14852,4228,2796,-995,136,-177,-14920,-2348,5468,-463,273,-106,0
1487.2966740131378,10740,4604,10672,-196,-168,110,10020,-9684,8084,16,138,-282,-14896,4304,2716,-1050,93,-126,-14916,-2516,5604,-535,213,-85,0
1487.3303060531616,10644,4604,10632,-200,-173,168,10020,-9572,8168,-15,79,-232,-15100,4236,2640,-994,132,-119,-14932,-2384,5436,-499,155,-28,0
1487.3638529777527,10644,4604,10892,-230,-138,176,10012,-9532,8344,-67,93,-214,-14836,4228,2580,-954,164,-109,-14888,-2420,5448,-442,159,-50,0
1487.3974990844729,10692,4632,10560,-509,-213,142,9796,-9620,8156,-72,118,-297,-15104,4160,2660,-920,158,-157,-14772,-2360,5172,-393,164,-155,0
1487.431221961975,10692,4456,10676,-194,-233,45,10116,-9708,8088,-35,170,-358,-15048,4144,2956,-879,41,-505,-14944,-2296,5252,-441,293,-181,0
1487.464781999588,10752,4596,10756,-198,-265,21,10080,-9652,8064,-17,245,-334,-14996,4324,2688,-1006,-24,-202,-14956,-2288,5544,-454,306,-173,0
1487.4981241226196,10840,4588,10700,-227,-268,58,10116,-9620,8044,22,176,-292,-14808,4260,2568,-975,19,-198,-14924,-2328,5192,-421,243,-133,0
1487.5318739414215,10860,4536,10688,-238,-189,90,9996,-9784,8092,-14,171,-262,-14892,4332,2668,-981,106,-144,-14864,-2140,5536,-456,203,-116,0
1487.5654599666595,10880,4380,10948,-120,-145,107,10056,-9752,8116,8,124,-241,-14884,4328,2636,-1000,148,-134,-14948,-2212,5512,-498,196,-105,0
1487.5993690490725,10976,4356,10904,-168,-131,151,10036,-9644,8100,17,108,-181,-14888,4328,2636,-1007,102,-103,-14976,-2280,5624,-515,227,-123,0
1487.6347739696505,10800,4524,10600,-174,-123,154,9984,-9596,8164,-5,160,-142,-14780,4228,2664,-995,69,-66,-14916,-2400,5464,-565,117,-97,0
1487.6708550453186,10780,4512,10724,-144,-46,126,10092,-9596,8128,-23,152,-136,-14860,4228,2544,-986,114,-17,-14996,-2336,5284,-528,109,-104,0
1487.7062380313873,10876,4536,10648,-120,10,142,10132,-9552,8016,-45,128,-95,-14944,4100,2540,-983,98,-18,-15060,-2368,5368,-539,130,-86,0
1487.742357969284,10836,4692,10588,-162,19,181,10136,-9496,8108,-10,134,-89,-14884,4092,2660,-1007,108,244,-14968,-2336,5168,-485,64,-99,0
1487.7780709266665,10880,4656,10612,-169,54,140,10088,-9524,8064,-14,108,-84,-14864,3940,2668,-996,109,41,-14952,-2432,5492,-468,71,-61,0
1487.813115119934,10524,4376,10608,-150,31,125,10068,-9600,8124,-50,101,-151,-14880,4108,2688,-1007,106,-24,-14916,-2384,5228,-458,128,-76,0
1487.8495230674744,10740,4652,10884,-160,-66,97,10120,-9608,8116,-30,121,-184,-15056,4240,2672,-1044,114,-47,-14872,-2412,5608,-463,187,-122,0
1487.8842990398407,10600,4560,10624,-117,-22,111,9932,-9572,8068,-43,120,-201,-14896,4300,2632,-1007,108,-91,-14868,-2400,5544,-473,153,-133,0
1487.9195239543915,10596,4576,10708,-112,-50,74,9992,-9672,8264,-49,151,-171,-14920,4276,2692,-977,56,-253,-14944,-2260,5408,-447,93,-100,0
1487.9546949863434,10664,4516,10912,-154,3,94,10028,-9668,8184,-45,101,-160,-14864,4300,2548,-1051,107,-23,-14932,-2248,5532,-467,97,-105,0
1487.9898109436035,10736,4388,10808,-92,21,128,10084,-9916,8056,-16,73,-148,-14816,4320,2584,-1023,133,-43,-14964,-2240,5420,-490,152,-64,0
1488.0249199867249,10788,4448,10996,-109,-35,164,10112,-9684,7944,-42,51,-159,-14784,4168,2576,-1007,114,-52,-14908,-2088,5404,-513,149,-74,0
1488.0602531433105,10744,4516,10800,-114,-91,164,10000,-9696,8000,-38,59,-181,-14840,4300,2636,-1042,148,-72,-14908,-2264,5416,-502,161,-88,0
1488.095822095871,10512,4432,10976,-96,-89,147,10244,-9656,8152,-40,65,-210,-15028,4196,2708,-1042,136,-82,-15004,-2296,5504,-491,165,-133,0
1488.1315751075745,10756,4548,10620,-121,-96,138,10184,-9616,8248,-20,132,-176,-14896,4292,2816,-1042,99,-61,-14912,-2380,5172,-492,154,-159,0
1488.1676800251007,10708,4552,10740,-106,-66,96,10032,-9628,7976,16,167,-159,-14900,4192,2664,-1060,54,-74,-14948,-2056,5488,-484,147,-186,0
1488.2027010917664,10520,4580,10816,-100,-29,57,10024,-9664,8156,-2,126,-169,-14636,4180,2408,-1280,47,-17,-15056,-2104,5416,-490,107,-158,0
1488.2383739948273,10996,4604,10652,-95,-43,72,10024,-9680,8068,-21,140,-163,-14872,4224,2652,-1028,33,-59,-14928,-2096,5560,-728,97,-187,0
1488.2747859954834,10744,4568,10756,-152,-58,66,10036,-9564,8140,-253,177,-150,-14864,4284,2668,-1047,77,-52,-14852,-2392,5600,-476,95,-126,0
1488.308424949646,10760,4584,10724,-83,-25,88,10028,-9620,8168,-63,157,-140,-14824,4168,2760,-999,84,-36,-14888,-2392,5588,-515,124,-161,0
1488.3421099185944,10852,4588,10696,-115,-87,86,10044,-9704,8100,-21,211,-147,-14920,4292,2560,-1026,94,-85,-14944,-2356,5456,-487,156,-144,0
1488.3753290176392,10672,4632,10824,-114,-18,97,10080,-9680,8020,-35,95,-181,-14596,4280,2612,-978,96,-91,-14888,-2340,5404,-462,145,-132,0
1488.4087550640106,10596,4532,10640,-109,-57,116,10080,-9692,8048,-1,99,-167,-14900,4240,2576,-981,94,-52,-14920,-2488,5508,-458,124,-123,0
1488.442234992981,10740,4688,10804,-136,-44,114,10012,-9924,8112,-60,100,-175,-14864,4208,2580,-1279,114,-29,-14984,-2412,5392,-471,93,-111,0
1488.4754841327667,10776,4556,10748,-149,-47,118,10044,-9640,8136,-54,104,-146,-14940,4212,2636,-1019,118,-61,-14980,-2088,5436,-505,108,-123,0
1488.5089919567108,10764,4352,10940,-136,-57,136,10064,-9984,8084,-21,94,-152,-14596,4292,2368,-1010,159,-63,-14896,-2320,5436,-522,113,-96,0
1488.5427060127258,10652,4636,10744,-99,-56,120,10040,-9620,8068,-15,131,-175,-14888,4332,2660,-1019,97,-53,-14868,-2292,5496,-515,119,-111,0
1488.5760550498965,10748,4604,10756,-125,-75,131,10052,-9680,8036,-37,108,-171,-14904,4212,2580,-1052,116,-69,-14984,-2312,5504,-510,128,-148,0
1488.6099300384521,10720,4500,10752,-140,-41,97,10040,-9684,8184,-30,134,-183,-14928,4136,2916,-771,110,-46,-14932,-2356,5608,-491,137,-142,0
1488.6434290409088,10844,4508,10924,-147,-73,111,10108,-9968,8268,-255,179,-145,-15080,4316,2528,-1098,134,-91,-14956,-2388,5468,-482,179,-116,0
1488.6769199371338,10668,4584,10636,-192,-57,111,10100,-9584,8340,-256,147,-181,-14896,4276,2576,-1280,122,-107,-14872,-2128,5580,-467,131,-129,0
1488.7105929851532,10688,4396,10972,-201,-78,100,10060,-9576,8136,-6,180,-208,-14864,4296,2688,-1262,72,-110,-14772,-2084,5520,-434,157,-114,0
1488.7442579269407,10900,4592,10804,-228,-123,95,10016,-9652,8128,-31,135,-204,-14960,4316,2680,-1005,121,-123,-14932,-2296,5584,-469,129,-90,0
1488.7776980400085,10832,4580,10516,-199,-144,122,10040,-9592,8140,-67,101,-227,-14964,4384,2680,-1002,120,-96,-14836,-2376,5472,-765,110,-108,0
1488.8112621307373,10640,4844,10848,-137,-116,129,10064,-9672,8192,-59,103,-203,-14916,4252,2708,-960,89,-83,-14924,-2304,5448,-505,153,-113,0
1488.8449709415436,10716,4648,10704,-204,-116,106,10104,-9640,8084,-28,178,-176,-14832,4284,2564,-1002,119,-93,-14820,-2276,5544,-469,213,-82,0
1488.8781571388245,10744,4604,10964,-253,-108,103,10084,-9652,8184,-12,147,-190,-14600,4256,2672,-1006,120,-124,-15000,-2488,5520,-454,180,-76,0
1488.911376953125,10988,4516,10760,-253,-143,157,10004,-9660,8120,-38,122,-197,-14596,4332,2576,-1039,172,-68,-14928,-2320,5504,-500,185,-28,0
1488.9449191093445,10784,4404,10864,-286,-149,173,10100,-9944,7984,4,105,-209,-14916,4276,2616,-981,136,-97,-14956,-2360,5548,-484,184,-65,0
1488.9782409667969,10828,4584,10820,-180,-108,165,10088,-9648,8040,-256,121,-174,-14916,4188,2508,-983,135,-114,-14972,-2344,5576,-509,177,-83,0
1489.0116679668429,10752,4360,10520,-231,-138,155,10108,-9712,8164,-9,122,-179,-14860,4320,2732,-1014,90,-107,-14932,-2264,5504,-494,197,-89,0
1489.0453610420227,10788,4432,10524,-278,-110,106,10072,-9688,8012,21,148,-217,-14920,4248,2568,-1008,119,-95,-14884,-2236,5300,-445,189,-111,0
1489.0787510871887,10896,4600,10676,-210,-128,136,10140,-9592,8048,35,133,-192,-14928,4180,2780,-999,85,-56,-14944,-2280,5500,-490,146,-121,0
1489.1122970581055,10736,4776,10752,-201,-162,98,10140,-9540,8008,254,173,-189,-14896,4244,2616,-1012,61,-122,-15020,-2180,5392,-468,138,-113,0
1489.1454961299896,10960,4584,10948,-256,-142,100,9984,-9764,8360,9,188,-199,-14828,4232,2696,-995,113,-101,-14932,-2400,5412,-476,201,-96,0
1489.1790380477903,10712,4568,10784,-217,-159,107,10044,-9684,8160,-251,120,-215,-14608,4196,2800,-986,114,-105,-14884,-2332,5640,-499,193,-88,0
1489.2125990390778,10524,4476,10892,-216,-188,131,10080,-9660,7980,20,112,-231,-14852,4196,2780,-1042,125,-122,-14916,-2360,5428,-485,216,-120,0
1489.2463841438293,10948,4424,10712,-161,-185,129,10056,-9708,8060,11,127,-225,-14904,4280,2772,-1012,125,-90,-14980,-2376,5400,-468,216,-118,0
1489.2796709537506,10792,4388,10640,-204,-149,126,10020,-9604,8120,26,137,-220,-14632,4276,2672,-1015,113,-162,-14996,-2312,5520,-470,194,-118,0
1489.3154270648956,10740,4504,10828,-164,-146,133,10080,-9608,8440,33,107,-212,-15016,4196,2648,-1010,132,-107,-14868,-2352,5516,-478,201,-100,0
1489.3509759902954,10736,4524,10868,-183,-140,160,10116,-9524,8156,-3,95,-232,-14896,4296,2572,-1029,123,-118,-14924,-2064,5424,-480,177,-104,0
1489.3860940933228,11000,4828,10920,-126,-132,154,10104,-9640,8168,-21,103,-215,-14624,4132,2576,-995,116,-105,-15104,-2272,5488,-509,178,-84,0
1489.421788930893,10776,4608,10620,-84,-95,119,10108,-9592,8016,-82,117,-201,-14968,4188,2484,-1000,96,-68,-14964,-2292,5364,-518,112,-106,0
1489.4580359458923,10952,4432,10808,-142,-65,108,10148,-9596,8080,-6,101,-195,-15040,4168,2612,-1015,127,-46,-14816,-2284,5120,-490,134,-121,0
1489.493185043335,10756,4504,10624,-129,-10,125,10116,-9476,8080,-38,117,-172,-14692,3908,2776,-1024,127,-103,-15084,-2104,5340,-487,192,-121,0
1489.5291380882263,10860,4472,10652,-139,-50,59,10136,-9588,8248,-9,115,-177,-15028,4324,2608,-1053,84,-63,-15104,-2160,5488,-494,170,-158,0
1489.5643129348755,10876,4620,10688,-136,-7,110,10128,-9572,8116,-18,136,-143,-14988,4220,2664,-995,106,-49,-14984,-2204,5384,-505,70,-101,0
1489.5995531082153,10972,4520,10740,-79,58,88,10104,-9604,7972,-53,116,-95,-14944,4228,2696,-1031,93,51,-14992,-2284,5308,-480,74,-123,0
1489.6346559524536,10740,4368,10832,-97,39,95,10032,-9572,8120,-65,109,-121,-15024,4320,2660,-1065,82,-6,-15016,-2276,5556,-502,77,-148,0
1489.670772075653,10816,4556,10692,-89,39,79,10040,-9896,8332,-118,80,-110,-14904,4176,2620,-988,72,-22,-14896,-2344,5492,-523,81,-130,0
1489.7058999538422,10604,4536,10960,-92,24,92,10120,-9696,7952,-85,123,-135,-14632,4264,2808,-1002,81,-21,-14988,-2304,5584,-537,97,-126,0
1489.7412350177765,10748,4472,10840,-71,-40,93,10052,-9656,8004,-74,135,-164,-14632,4280,2564,-977,107,-37,-14908,-2300,5384,-265,142,-148,0
1489.7761650085447,10708,4392,10732,-69,-45,105,10012,-9736,8148,-54,107,-171,-14840,4284,2608,-1031,131,-79,-15040,-2260,5444,-477,147,-114,0
1489.81187415123,10716,4480,10592,-80,-62,130,10112,-9716,8176,-29,77,-187,-14952,4292,2632,-1014,103,-105,-14876,-2052,5436,-495,166,-104,0
1489.84800696373,10740,4584,10812,-46,-75,106,9508,-9640,7968,-51,226,-179,-14884,4284,2748,-996,88,-39,-14900,-2544,5476,-503,149,-143,0
1489.8833150863647,10792,4628,10788,-87,-18,98,10080,-9692,8084,-32,132,-171,-15024,4132,2844,-969,79,-69,-14940,-2352,5568,-524,144,-147,0
1489.9188771247864,10712,4516,10708,-97,-50,65,10136,-9608,8148,-86,142,-179,-14884,4280,2696,-977,81,-45,-14928,-2284,5504,-496,107,-161,0
1489.9543280601501,10752,4604,10608,-105,-72,96,10136,-9488,8120,-95,98,-151,-14948,4256,2412,-996,70,-33,-14968,-2348,5524,-508,92,-150,0
1489.9898059368134,10700,4484,10684,-69,-29,89,10056,-9560,7976,-27,129,-158,-14888,4156,2840,-1005,95,-53,-14932,-2368,5524,-491,114,-152,0
1490.0233430862427,10720,4616,10676,-91,-39,90,10032,-9676,8036,-47,149,-156,-14916,4160,2848,-1062,103,-93,-15080,-2400,5528,-480,164,-124,0
1490.0569350719452,10676,4548,10860,-105,-38,99,9996,-9680,8100,-72,131,-171,-14928,4108,2724,-1010,83,-66,-15092,-2356,5548,-491,139,-151,0
1490.090371131897,10660,4500,10816,-106,-70,116,10012,-9684,8144,-52,99,-174,-15072,4168,2692,-977,101,-35,-14936,-2348,5484,-466,137,-152,0
1490.1237239837649,10752,4648,10876,-74,-76,95,10136,-9704,8096,-44,103,-182,-14816,4212,2560,-974,100,-57,-15024,-2316,5460,-501,139,-158,0
1490.1571531295776,10712,4536,10780,-85,-63,130,9944,-9724,8120,-47,101,-170,-14888,4232,2688,-1023,133,-90,-14952,-2308,5524,-526,140,-125,0
1490.1907420158386,10692,4596,10824,-75,-31,118,10008,-9628,8176,-54,67,-159,-14916,4300,2780,-1013,118,-48,-14984,-2260,5532,-500,125,-120,0
1490.2242739200592,10704,4536,10784,-106,-69,112,10012,-9656,8040,-52,114,-180,-14912,4236,2656,-998,105,-40,-14948,-2332,5592,-499,142,-125,0
1490.2579610347748,10988,4532,10668,-121,-62,110,10064,-9676,8168,-21,123,-179,-15060,4160,2588,-989,147,-44,-14960,-2140,5440,-472,145,-134,0
1490.29146194458,10544,4372,10800,-121,-67,119,10104,-9592,8032,-42,124,-203,-14656,4316,2720,-1001,64,-65,-15036,-2324,5496,-471,136,-105,0
1490.3249571323395,10760,4504,10788,-120,-66,71,10084,-9808,7980,-44,150,-193,-14960,4344,2880,-775,81,-90,-14976,-2284,5516,-484,106,-149,0
1490.3583340644836,10504,4652,10544,-159,-65,125,10048,-9724,8048,-13,159,-144,-14912,4216,2600,-1001,78,-72,-14848,-2392,5616,-505,116,-145,0
1490.391706943512,10768,4648,10584,-104,-10,71,10072,-9576,8164,-91,166,-169,-15052,4276,2736,-987,102,-51,-14720,-2284,5456,-501,131,-152,0
1490.4252319335938,10508,4364,11168,-151,-62,74,10188,-9624,7756,19,255,-20,-14736,4228,2792,-989,130,-61,-14968,-2408,5460,-491,185,-151,0
1490.4589340686798,10736,4844,10836,-126,-27,80,9740,-9700,8084,20,92,-209,-14732,4276,2636,-1013,108,-79,-14976,-2388,5436,-508,137,-110,0
1490.492478132248,10976,4660,10684,-132,-9,142,10108,-9928,8052,-46,153,-174,-14956,4196,2680,-972,71,-82,-14876,-2436,5568,-474,120,-134,0
1490.5261340141296,10736,4616,10828,-174,-22,120,10004,-9744,8124,-45,145,-185,-14844,4248,2836,-997,137,-34,-14924,-2360,5564,-491,119,-100,0
1490.5594670772552,10848,4628,10768,-184,-43,111,10152,-9760,8188,-42,158,-173,-14872,4268,2736,-988,89,-61,-14884,-2292,5412,-490,155,-94,0
1490.5956881046295,10640,4636,10864,-228,-90,119,10012,-9648,8056,2,162,-201,-14880,4252,2772,-1006,124,-90,-14908,-2280,5592,-475,187,-102,0
1490.6296889781952,10620,4672,10504,-203,-136,135,10116,-9608,7976,-54,151,-230,-14884,4196,2772,-987,127,-103,-15068,-2316,5800,-490,192,-95,0
1490.6632900238035,10772,4604,10872,-236,-134,94,10088,-9696,8088,-28,177,-242,-14904,4284,2740,-1003,131,-130,-14996,-2276,5556,-461,198,-72,0
1490.6968030929565,10736,4616,10856,-501,-110,97,10056,-9760,8172,-35,182,-229,-14840,4324,2660,-968,78,-128,-14632,-2300,5496,-498,220,-113,0
1490.7303061485293,10696,4540,10876,-247,-93,120,10104,-9672,7924,-15,148,-219,-14956,4364,2768,-950,87,-105,-14612,-2536,5512,-454,204,-98,0
1490.763862133026,10800,4532,10856,-237,-142,126,10000,-9564,8096,-1,170,-209,-14960,4272,2744,-1009,131,-103,-14896,-2360,5504,-476,187,-95,0
1490.7974009513855,10968,4844,10516,-274,-138,108,10040,-9704,8356,-13,182,-251,-14844,4284,2712,-969,160,-84,-14776,-2196,5528,-496,180,-72,0
1490.831151008606,10832,4576,10948,-511,-164,133,10056,-9820,8096,-23,127,-230,-14820,4388,2620,-968,131,-122,-14968,-2260,5572,-468,173,-76,0
1490.8647739887238,10984,4524,10748,-241,-192,162,10104,-9660,8132,4,131,-224,-15096,4264,2668,-971,143,-174,-14948,-2348,5392,-486,235,-67,0
1490.8979270458221,10812,4860,10684,-230,-193,150,10048,-9696,8180,35,120,-225,-14884,4232,2516,-1040,130,-129,-14968,-2376,5480,-486,204,-78,0
1490.9312770366669,10740,4516,10576,-252,-207,138,10044,-9664,7964,24,181,-242,-14992,4236,2600,-977,106,-124,-14880,-2324,5428,-472,212,-119,0
1490.9646480083466,10744,4356,10764,-250,-187,107,10084,-9612,8216,-16,156,-244,-14876,4212,2416,-994,106,-168,-15084,-2320,5532,-467,205,-110,0
1491.001312971115,10584,4584,10740,-229,-164,120,10136,-9644,8076,-14,189,-189,-14996,4232,2848,-1000,111,-83,-14992,-2268,5576,-489,167,-135,0
1491.037584066391,10828,4532,10792,-267,-176,107,10104,-9616,8044,14,176,-221,-14700,4172,2624,-1043,84,-85,-14624,-2352,5384,-460,168,-131,0
1491.073007106781,10664,4624,10676,-192,-123,109,10088,-9608,8112,-30,144,-196,-14784,4236,2592,-965,68,-68,-14920,-2396,5484,-459,150,-131,0
1491.1093380451205,10728,4592,10652,-214,-197,94,10184,-9684,8184,-254,124,-208,-14904,4356,2668,-1033,133,-143,-14972,-2204,5716,-482,235,-88,0
1491.1444220542908,10808,4428,10772,-226,-174,132,10076,-9560,8160,28,127,-235,-14796,4248,2644,-1007,109,-119,-14988,-2156,5400,-486,177,-82,0
1491.1803479194639,10772,4492,10656,-175,-133,176,10100,-9544,8408,3,125,-185,-14920,4244,2744,-966,99,-113,-15016,-2388,5460,-497,133,-119,0
1491.2158300876617,10792,4516,10736,-192,-144,110,9968,-9648,8092,-58,138,-199,-14872,4184,2648,-1008,125,-98,-14992,-2412,5496,-481,147,-120,0
1491.2515370845795,10956,4508,10872,-151,-109,129,10144,-9744,8160,-49,95,-198,-14888,4204,2748,-976,136,-112,-14964,-2324,5408,-490,162,-76,0
1491.2877480983734,10512,4400,10604,-175,-136,126,10072,-9596,8100,-29,120,-204,-14816,4172,2604,-1019,132,-119,-14984,-2164,5412,-486,170,-115,0
1491.3227400779724,10704,4508,10496,-139,-41,102,10180,-9648,8064,-33,144,-175,-14712,4168,2612,-996,108,-46,-14964,-2272,5304,-474,145,-113,0
1491.3588681221008,11000,4444,10712,-173,-39,81,10068,-9828,8168,-256,136,-193,-14920,4280,2560,-1002,110,-85,-14964,-2072,5568,-457,155,-144,0
1491.3940210342407,10780,4544,10752,-155,-53,114,10124,-9580,8188,-21,136,-181,-14916,4212,2652,-1016,113,-51,-15008,-2264,5456,-461,173,-110,0
1491.4296870231628,10984,4460,10532,-133,-36,101,10036,-9712,7968,-34,129,-174,-14616,4192,2748,-994,115,-114,-14960,-2320,5440,-488,155,-123,0
1491.4650011062622,10512,4556,10792,-121,-37,114,10144,-9624,8412,-46,90,-209,-14880,4188,2788,-999,120,-61,-14832,-2336,5272,-473,137,-119,0
1491.501135110855,10780,4580,10744,-122,-53,106,10112,-9576,8220,-57,137,-183,-14884,4272,2540,-988,86,-57,-14988,-2196,5452,-480,131,-125,0
1491.5373721122742,10828,4500,10700,-110,-43,98,10152,-9508,8096,-60,147,-179,-14956,4296,2820,-1009,71,-55,-14984,-2324,5532,-480,99,-152,0
1491.572240114212,10848,4520,10760,-112,-44,105,10164,-9672,8140,-49,131,-148,-14892,4288,2692,-993,92,-18,-14940,-2524,5528,-490,102,-131,0
1491.6080729961395,10772,4436,10508,-116,-48,107,10104,-9576,8088,-73,99,-165,-14936,4224,2732,-1006,96,-77,-15012,-2276,5484,-479,139,-109,0
1491.6444120407104,10788,4432,10548,-71,-30,127,10080,-9548,8120,-84,106,-171,-14872,4264,2852,-994,116,-17,-14932,-2500,5460,-509,95,-107,0
1491.6781511306765,10796,4412,10644,-89,-44,109,10028,-9628,8048,-46,113,-143,-14884,4232,2616,-1051,76,-28,-14968,-2236,5500,-510,110,-127,0
1491.7114200592039,10728,4464,10520,-121,-29,128,10088,-9632,8064,-18,117,-160,-14992,4228,2360,-1004,90,-59,-14952,-2280,5436,-497,100,-137,0
1491.74494099617,10988,4500,10704,-55,20,91,10144,-9576,8072,-73,118,-133,-15040,4180,2780,-1276,76,-56,-14884,-2332,5216,-472,118,-159,0
1491.7786359786987,10840,4524,10876,-94,-42,49,10104,-9688,8100,251,146,-181,-14868,4308,2784,-1047,80,-67,-14908,-2304,5544,-493,138,-152,0
1491.8119070529938,10720,4460,10756,-79,5,79,10040,-9648,8148,-16,152,-130,-14888,4204,2560,-1011,62,-254,-14872,-2292,5528,-494,108,-148,0
1491.8454439640043,10680,4516,10796,-81,2,81,10148,-9652,8180,-50,145,-149,-14880,4212,2864,-1011,58,-26,-14888,-2380,5428,-508,101,-167,0
1491.8792259693146,10716,4528,10864,-92,-33,89,10104,-9692,8444,-57,148,-169,-14896,4232,2660,-1017,55,-64,-14936,-2316,5552,-501,97,-172,0
1491.912503004074,10720,4596,10860,-87,-53,113,10076,-9644,8116,-80,127,-171,-15052,4236,2592,-961,107,-67,-14880,-2328,5400,-506,151,-129,0
1491.9458329677582,10668,4432,10848,-92,-78,119,10108,-9552,8032,-25,111,-178,-14808,4284,2684,-996,121,-71,-15076,-2076,5460,-507,149,-133,0
1491.9796350002289,10820,4600,10724,-76,-46,110,10112,-9604,8108,-18,89,-155,-14884,4332,2700,-1006,144,-68,-14912,-2532,5496,-506,150,-134,0
1492.0130059719086,10672,4528,10780,-85,-78,104,10032,-9664,8264,-33,94,-193,-14860,4220,2712,-1014,104,-70,-14904,-2080,5492,-483,113,-135,0
1492.0468599796295,10680,4448,10972,-108,-24,122,10068,-9596,8128,-73,79,-177,-15028,4304,2740,-1026,130,-68,-14968,-2520,5460,-499,146,-139,0
1492.0801689624789,10652,4596,10844,-85,-20,119,10108,-9684,8012,-37,106,-161,-14872,4320,2584,-1016,96,-92,-14964,-2368,5608,-529,137,-122,0
1492.1137549877167,10692,4512,11004,-92,-37,127,10028,-9636,8092,-256,125,-162,-14964,4220,2628,-1276,110,-20,-14920,-2312,5564,-488,134,-133,0
1492.147164106369,10720,4544,10564,-124,-44,111,10060,-9664,8276,-55,116,-184,-14936,4188,2688,-995,98,-37,-14884,-2304,5496,-494,125,-139,0
1492.1807301044464,10904,4636,10756,-132,-95,114,10168,-9616,8148,-53,98,-197,-14828,4188,2616,-984,124,-67,-14968,-2320,5532,-483,127,-126,0
1492.2143659591675,10760,4552,10836,-120,-78,99,10036,-9684,8024,-52,104,-177,-14820,4340,2640,-996,112,-77,-14900,-2316,5448,-496,148,-135,0
1492.247710943222,10496,4532,10760,-112,-70,106,10180,-9704,8092,-22,109,-182,-14968,4296,2640,-1032,107,-106,-14964,-2384,5476,-467,132,-142,0
1492.2813320159912,10952,4532,11000,-114,-85,115,10128,-9668,8088,-12,118,-208,-15096,4212,2776,-1021,103,-63,-14872,-2368,5560,-498,159,-153,0
1492.3149070739746,10716,4548,10792,-137,-84,84,10072,-9724,8104,-44,112,-202,-14912,4392,2388,-991,124,-40,-14956,-2104,5412,-502,145,-127,0
1492.3484230041504,10520,4832,10772,-107,-51,106,10068,-9652,8180,-58,105,-162,-14900,4160,2656,-1005,99,-67,-14856,-2224,5388,-520,128,-132,0
1492.381803035736,10800,4440,10964,-121,-70,119,10104,-9492,8168,-18,123,-179,-14948,4344,2752,-1042,91,-72,-14872,-2560,5484,-519,118,-97,0
1492.415410041809,10836,4764,10820,-134,-18,103,9996,-9648,8128,-33,152,-154,-14868,4252,2632,-985,105,-68,-14944,-2424,5524,-495,114,-109,0
1492.44890999794,10680,4696,10548,-184,-62,121,10068,-9640,8028,-66,184,-187,-14852,4176,2692,-991,84,-70,-14684,-2436,5432,-525,149,-124,0
1492.4824600219729,10632,4632,10764,-165,-51,86,10096,-9692,8084,-35,135,-170,-14896,4156,2676,-1019,125,-39,-14964,-2308,5432,-468,182,-117,0
1492.5161230564117,10672,4516,10732,-114,-47,126,10192,-9484,8120,-32,134,-173,-14824,4572,2400,-994,88,-84,-14900,-2360,5548,-480,158,-109,0
1492.5498270988464,10704,4604,10668,-175,-47,116,10040,-9688,7996,-61,160,-178,-14844,4252,2744,-985,90,-108,-14944,-2452,5564,-477,143,-133,0
1492.5833101272583,10656,4596,10920,-501,-82,117,10092,-9716,8040,-65,146,-192,-14960,4228,2684,-971,105,-103,-14952,-2404,5556,-495,166,-108,0
1492.6169109344485,10948,4360,10840,-200,-90,105,10092,-9652,8268,-55,114,-208,-14880,4320,2772,-975,116,-99,-14884,-2548,5592,-482,154,-74,0
1492.6501541137695,10620,4532,10712,-248,-132,130,9988,-9640,8040,-14,144,-229,-14828,4128,2672,-992,118,-93,-14920,-2216,5592,-504,212,-70,0
1492.68776512146,10632,4656,10720,-204,-130,116,10064,-9580,8100,-33,132,-228,-14892,4284,2572,-984,123,-153,-14960,-2536,5564,-504,194,-74,0
1492.7227759361267,10688,4560,10864,-250,-97,111,10040,-9828,8288,-2,144,-215,-14904,4424,2668,-983,134,-119,-14948,-2188,5224,-483,195,-77,0
1492.758908033371,10636,4520,11104,-221,-83,112,10172,-9948,7952,-5,147,-209,-14884,4228,2656,-983,143,-132,-14992,-2288,5392,-476,192,-111,0
1492.7941529750824,10652,4540,10568,-229,-152,152,9980,-9644,8220,-254,150,-227,-14852,4292,2724,-1013,135,-176,-14928,-2376,5464,-478,239,-95,0
1492.829502105713,10764,4400,10916,-211,-162,143,10224,-9568,8008,-15,131,-244,-14896,4256,2672,-981,134,-122,-15000,-2248,5500,-494,201,-72,0
1492.8645379543304,10724,4536,10640,-161,-187,139,10192,-9624,8104,-51,121,-224,-14980,4212,2664,-999,139,-94,-15060,-2504,5392,-493,166,-120,0
1492.900146007538,10868,4572,10676,-210,-150,129,10076,-9636,8216,-23,108,-227,-14972,4256,2812,-1022,100,-101,-14920,-2300,5460,-496,176,-125,0
1492.9353411197662,10732,4572,10676,-217,-162,143,10148,-9540,8060,27,114,-201,-14832,4148,2768,-968,127,-116,-14972,-2312,5360,-461,150,-100,0
1492.9707000255585,10724,4592,10692,-166,-139,94,10080,-9640,8128,-48,158,-236,-15016,4100,2684,-1001,95,-128,-15036,-2264,5408,-485,196,-88,0
1493.0073750019073,10864,4480,10788,-259,-170,137,10108,-9620,8152,25,148,-166,-14884,4184,2588,-1003,82,-106,-14920,-2252,5412,-478,144,-95,0
1493.041827917099,10784,4540,10808,-199,-104,163,10092,-9576,8120,2,106,-162,-14876,4180,2472,-1030,136,-83,-14944,-2052,5372,-489,130,-84,0
1493.0787949562073,10784,4492,10988,-204,-103,165,10108,-9536,7984,-254,110,-199,-14928,4180,2696,-1015,111,-83,-15048,-2320,5224,-507,142,-106,0
1493.113515138626,10568,4540,10748,-191,-124,138,10180,-9644,8384,-17,133,-232,-14944,4240,2768,-1002,126,-113,-14952,-2256,5484,-472,172,-92,0
1493.149146080017,10840,4520,10684,-208,-178,105,10056,-9664,8096,-26,97,-234,-14812,4300,2408,-1023,102,-96,-14956,-2284,5436,-506,197,-113,0
1493.1843929290771,10508,4452,10648,-168,-145,117,10108,-9536,8188,-45,128,-218,-14604,4200,2664,-991,117,-110,-14964,-2280,5560,-475,196,-113,0
1493.2206139564514,10840,4528,10600,-142,-122,118,10140,-9608,8004,-61,114,-220,-14936,4328,2540,-992,103,-95,-15000,-2160,5192,-487,199,-101,0
1493.2562000751495,10892,4444,10688,-123,-121,121,10148,-9564,8152,-23,109,-201,-14788,4176,2552,-1044,114,-85,-14936,-2224,5464,-465,146,-125,0
1493.2918639183044,10808,4556,10756,-142,-52,122,10228,-9560,8068,-254,129,-170,-14680,4184,2676,-988,110,-30,-14980,-2384,5464,-466,149,-139,0
1493.3288249969485,10816,4452,10664,-122,-65,110,10124,-9532,7992,-23,126,-185,-14912,4248,2700,-1008,110,-66,-14944,-2484,5464,-490,153,-151,0
1493.362340927124,10540,4584,10968,-118,-48,93,10052,-9608,8116,-24,136,-168,-15060,4240,2852,-1277,84,-61,-14964,-2328,5492,-506,124,-132,0
1493.3956289291382,10896,4476,10880,-96,-75,75,10068,-9652,8080,-51,131,-163,-14676,4188,2748,-1013,79,-66,-14884,-2380,5488,-510,116,-136,0
1493.4294381141665,10816,4528,10552,-105,-49,83,10096,-9688,8068,-39,167,-150,-15092,4108,2600,-993,62,-49,-14924,-2364,5476,-505,101,-118,0
1493.4631049633026,10604,4584,10620,-101,-41,106,10152,-9544,8132,-71,152,-155,-14604,4268,2772,-999,88,-19,-14912,-2424,5516,-475,115,-135,0
1493.4966189861298,10740,4464,10848,-123,-31,80,10164,-9676,8096,-41,119,-159,-14840,4120,2636,-1005,108,-27,-14824,-2264,5376,-492,127,-154,0
1493.5302729606628,10896,4592,10676,-100,-61,109,10128,-9616,8156,-67,127,-158,-14900,4156,2688,-1019,105,-72,-14960,-2288,5524,-495,126,-140,0
1493.5637829303741,10792,4580,10840,-68,-53,122,10040,-9604,8148,-54,105,-174,-14960,4200,2608,-1024,97,-78,-14924,-2304,5504,-509,113,-120,0
1493.597135066986,10764,4536,10840,-107,-60,123,10228,-9576,8176,-48,100,-160,-14600,4228,2580,-1006,113,-44,-14916,-2344,5524,-505,127,-149,0
1493.6307480335236,10872,4544,10692,-79,-34,138,10136,-9608,8136,-75,94,-146,-14872,4292,2744,-1019,84,-12,-15004,-2280,5492,-522,116,-160,0
1493.6642150878906,10804,4584,10720,-43,-32,101,10112,-9612,8116,-61,107,-133,-14944,4280,2416,-777,102,-24,-14924,-2532,5508,-501,119,-142,0
1493.6974821090698,10696,4568,10728,-98,-26,109,10012,-9680,8012,-24,137,-151,-14976,4284,2604,-776,74,-46,-14980,-2284,5556,-526,120,-153,0
1493.7310600280762,10716,4560,10836,-118,-37,98,10072,-9668,8016,-14,131,-171,-14888,4252,2656,-1011,93,-81,-14928,-2080,5436,-498,124,-122,0
1493.7646939754486,10828,4508,10752,-50,-28,77,10136,-9704,8036,-79,137,-158,-14928,4188,2784,-997,63,-61,-14912,-2348,5628,-515,91,-187,0
1493.7983210086825,10832,4476,10964,-99,-46,71,10180,-9620,8052,-20,142,-168,-14876,4352,2700,-1266,-4,245,-14984,-2348,5564,-257,88,-178,0
1493.8318290710447,10768,4576,10892,-140,-54,99,10032,-9708,8064,14,114,-151,-14792,4252,2760,-975,61,-256,-14972,-2472,5508,-477,116,-154,0
1493.8654630184174,10992,4804,10668,-100,-28,80,10164,-9672,7972,-70,230,-126,-14812,4288,2744,-1023,73,-71,-14972,-2308,5160,-485,141,-174,0
1493.8989250659945,10680,4528,10640,-155,-39,67,10016,-9640,8060,-28,152,-173,-14760,4224,2624,-769,81,-93,-14892,-2052,5876,-482,154,-174,0
1493.9324769973755,10676,4656,10716,-80,-6,78,10004,-9612,8120,0,137,-163,-14844,4212,2756,-1010,85,-53,-14992,-2400,5376,-524,125,-139,0
1493.9660511016846,10744,4624,10668,-119,-9,112,10108,-9600,8068,-40,149,-167,-14848,4308,2744,-1276,66,-255,-14868,-2084,5552,-260,88,-161,0
1493.9995040893555,10948,4356,10524,-123,-40,98,10036,-9704,8084,-68,137,-163,-14600,4268,2768,-971,108,-22,-15076,-2420,5508,-488,114,-117,0
1494.0329630374908,10548,4572,10684,-109,-72,108,10184,-9944,8192,-50,110,-162,-14800,4200,2656,-1008,164,-55,-14828,-2272,5584,-502,154,-122,0
1494.0666279792786,10680,4680,10776,-111,-67,139,10148,-9608,8132,-16,86,-137,-14828,4272,2776,-1016,117,-86,-14920,-2156,5552,-511,142,-112,0
1494.0999331474304,10716,4508,10748,-112,-58,107,10004,-9624,8076,-48,112,-186,-14656,4252,2628,-990,91,-45,-14880,-2096,5196,-481,139,-119,0
1494.1330161094666,10728,4468,10720,-156,-41,113,10136,-9564,8160,-34,137,-172,-15000,4316,2760,-769,112,-57,-14988,-2112,5568,-480,135,-103,0
1494.1667549610138,10676,4760,10736,-168,-30,91,10060,-9776,8100,-20,135,-167,-14964,4324,2696,-1267,121,-97,-14672,-2324,5560,-493,159,-90,0
1494.2000379562378,10724,4616,10740,-142,-53,144,10008,-9656,8068,-34,118,-181,-14804,4364,2664,-992,90,-88,-14924,-2388,5480,-482,174,-96,0
1494.233654975891,10704,4584,10740,-156,-56,108,10008,-9620,7960,-54,138,-190,-14892,4292,2748,-994,110,-98,-14928,-2340,5420,-477,148,-117,0
1494.2672951221466,10500,4596,10988,-194,-55,95,10120,-9580,8096,-49,158,-189,-14964,4348,2708,-953,93,-45,-14936,-2308,5432,-487,126,-116,0
1494.3009679317474,10648,4552,10552,-210,-69,94,10112,-9604,8036,-17,146,-190,-14804,4256,2712,-987,119,-63,-14956,-2240,5576,-470,149,-91,0
1494.3344259262085,10984,4548,10840,-210,-40,115,10092,-9648,8048,-20,131,-201,-15088,4192,2796,-1011,136,-95,-14984,-2468,5504,-490,170,-73,0
1494.3711850643158,10712,4564,10896,-201,-105,95,10004,-9676,8132,-19,164,-217,-14812,4172,2840,-997,82,-127,-14960,-2128,5432,-465,168,-86,0
1494.407639026642,10764,4572,10796,-209,-112,115,10136,-9580,7804,-28,142,-206,-14916,4280,2640,-989,136,-71,-14976,-2352,5472,-490,158,-93,0
1494.4427399635315,10728,4828,10732,-216,-125,99,10016,-9552,8440,-45,154,-225,-14832,4264,2652,-999,131,-108,-14936,-2060,5580,-501,175,-84,0
1494.4790151119232,10788,4584,10828,-207,-86,101,10000,-9572,8144,-57,150,-209,-14896,4568,2348,-972,94,-122,-14920,-2516,5540,-261,160,-99,0
1494.5142900943756,10832,4860,10952,-257,-95,113,10172,-9588,7980,-46,169,-200,-14984,4324,2696,-995,92,-44,-14892,-2380,5624,-486,148,-72,0
1494.549898147583,10632,4604,10676,-270,-81,123,10048,-9608,8392,-8,193,-166,-14960,4204,2640,-985,104,-108,-14924,-2544,5604,-467,150,-61,0
1494.58527302742,10516,4628,10764,-217,-98,95,10096,-9656,7984,-43,148,-222,-14884,4236,2648,-1017,120,-104,-14900,-2244,5520,-496,227,-67,0
1494.620756149292,10772,4460,10956,-1,-145,88,10088,-9748,8092,1,121,-239,-14920,4248,2476,-996,135,-166,-15044,-2540,5600,-469,207,-81,0
1494.6561620235443,10716,4568,10712,-210,-132,147,10096,-9892,8172,10,144,-201,-14964,4240,2496,-981,105,-127,-15092,-2392,5436,-493,159,-78,0
1494.6918621063232,10804,4576,10796,-228,-104,124,10024,-9652,8112,-10,168,-187,-14948,4188,2804,-985,71,-61,-14944,-2324,5492,-474,106,-141,0
1494.7281420230865,10996,4832,10804,-226,-159,105,10020,-9652,8272,-11,140,-209,-14932,4272,2960,-1022,108,-123,-14944,-2520,5540,-507,154,-104,0
1494.7630701065063,10712,4460,10800,-216,-160,115,10088,-9660,8036,6,106,-219,-14792,4224,2712,-989,118,-86,-14964,-2272,5568,-508,158,-86,0
1494.7987689971924,10728,4444,10920,-196,-148,136,10072,-9628,8068,-26,128,-211,-14632,4256,2764,-996,117,-154,-15028,-2288,5444,-490,203,-98,0
1494.8343679904938,10752,4524,10816,-184,-204,150,10176,-9644,8156,-13,111,-214,-14908,4192,2736,-1007,127,-67,-14916,-2536,5500,-482,179,-101,0
1494.8702580928805,10776,4492,10888,-232,-138,141,9996,-9680,8104,20,135,-214,-14912,4260,2816,-1052,140,-132,-15024,-2356,5524,-480,196,-97,0
1494.9056720733645,10816,4472,10532,-213,-172,146,10208,-9604,8100,252,139,-219,-14924,4252,2572,-1009,114,-128,-14964,-2340,5472,-488,178,-87,0
1494.9408769607544,10776,4480,10860,-201,-152,122,10124,-9604,8152,-15,142,-211,-14912,4252,2640,-998,94,-140,-14900,-2376,5468,-476,170,-112,0
1494.9762489795685,10764,4428,10672,-204,-168,119,10060,-9672,7968,-9,126,-218,-15032,4252,2780,-1013,111,-95,-14952,-2252,5400,-485,178,-116,0
1495.01345205307,10796,4476,11000,-195,-176,134,10112,-9728,8028,5,93,-210,-14980,4236,2804,-1011,86,-83,-14944,-2324,5384,-491,141,-107,0
1495.0471761226654,10504,4436,10708,-197,-160,139,10192,-9704,8036,-25,138,-230,-15016,4176,2596,-965,128,-96,-14956,-2312,5380,-474,169,-111,0
1495.0805270671844,10840,4484,10840,-161,-146,130,10200,-9580,8116,-40,118,-200,-14884,4256,2800,-995,92,-131,-15000,-2224,5432,-759,184,-91,0
1495.113951921463,10816,4516,10772,-157,-131,121,10080,-9672,8096,-19,113,-212,-14932,4196,2976,-999,118,-69,-14852,-2076,5316,-484,187,-153,0
1495.1472539901733,10792,4404,10748,-123,-107,136,10104,-9540,8200,-61,111,-195,-14828,4224,2584,-1007,98,-47,-14992,-2052,5504,-482,120,-135,0
1495.1805710792542,10904,4472,10700,-103,-97,94,10068,-9656,8152,-30,134,-161,-15052,4308,2580,-1276,89,-87,-14992,-2196,5456,-523,109,-132,0
1495.2140619754791,10852,4548,10608,-156,-43,117,10116,-9480,8096,-1,128,-166,-15008,4120,2708,-1035,60,-70,-14940,-2256,5504,-486,108,-165,0
1495.2475869655607,10732,4656,10532,-97,-34,106,10048,-9584,8396,-37,127,-139,-14672,4180,2632,-1021,90,-39,-15008,-2320,5380,-493,100,-119,0
1495.2811341285706,10856,4460,10528,-107,-52,105,10140,-9644,8140,-49,157,-165,-14920,4180,2708,-1009,82,-50,-14976,-2256,5504,-260,132,-159,0
1495.3147840499878,10824,4356,10612,-88,-23,83,10080,-9576,8076,-18,125,-177,-14948,4220,2612,-1279,108,-36,-14928,-2100,5444,-473,103,-133,0
1495.3484480381012,10844,4544,10520,-53,-27,96,9996,-9288,7992,-30,137,-145,-14908,4144,2696,-972,103,-19,-14912,-2340,5528,-456,87,-158,0
1495.38170003891,10704,4496,10600,-111,14,107,10168,-9608,8292,-68,144,-140,-14904,4204,2724,-1005,84,-46,-15012,-2516,5552,-458,86,-126,0
1495.4153580665588,10788,4544,10936,-138,-30,105,10156,-9572,8148,-70,143,-152,-15100,4276,2924,-1271,89,-27,-15100,-2072,5480,-489,107,-142,0
1495.4489951133728,10716,4428,10856,-93,-29,114,10068,-9708,8148,-70,120,-148,-14864,4236,2492,-1002,101,255,-15008,-2260,5476,-502,146,-117,0
1495.4826400279999,10788,4536,10792,-46,-24,114,10012,-9672,8144,-75,92,-143,-14852,4284,2784,-1009,129,-56,-14932,-2304,5604,-519,123,-133,0
1495.5161719322205,10764,4568,10884,-38,-69,143,10028,-9584,7988,-64,143,-164,-15044,4208,2780,-999,68,-61,-14912,-2360,5516,-510,130,-128,0
1495.5498521327972,10972,4532,10524,-105,-55,109,10056,-9684,8092,-15,123,-150,-14912,4292,2788,-1029,103,-69,-14912,-2116,5436,-484,131,-136,0
1495.5833780765533,10496,4556,10724,-90,-17,94,10072,-9684,7968,-27,123,-156,-14836,4176,2548,-1006,110,-83,-15004,-2240,5616,-491,135,-131,0
1495.621442079544,10704,4536,10796,-83,-44,114,10096,-9540,8076,-51,136,-151,-14908,4248,2764,-980,69,-67,-14988,-2268,5484,-483,124,-169,0
1495.6547980308533,10748,4592,10656,-74,-38,114,10052,-9560,8148,-44,135,-160,-14896,4068,2528,-1006,81,-66,-14916,-2288,5592,-499,139,-170,0
1495.6881120204926,10676,4576,10904,-85,-53,73,10220,-9620,8252,-72,131,-185,-14696,4236,2604,-991,79,-87,-14964,-2328,5460,-475,163,-154,0
1495.721764087677,10764,4596,10740,-81,-58,86,10124,-9672,8132,-66,111,-168,-14980,4312,2640,-988,103,-47,-14944,-2212,5444,-508,173,-161,0
1495.755401134491,10792,4476,10920,-74,-54,120,10116,-9504,8112,-33,124,-157,-14988,4204,2688,-1036,103,-35,-15104,-2220,5456,-506,152,-158,0
1495.7889840602875,10844,4616,10832,-90,-64,111,10208,-9572,7972,-6,140,-178,-14920,4180,2636,-1005,108,-55,-14868,-2356,5388,-497,162,-149,0
1495.8226919174194,10716,4400,10508,-127,-70,93,10044,-9692,8152,-56,134,-173,-14596,4228,2712,-999,94,-75,-15004,-2304,5560,-493,148,-101,0
1495.8562531471252,10508,4800,10712,-73,-57,114,10092,-9672,8048,-64,146,-168,-14952,4128,2808,-999,59,-51,-14996,-2220,5520,-767,125,-144,0
1495.889806985855,10560,4536,10616,-128,-56,106,10148,-9644,8136,-26,97,-142,-14876,4256,2676,-1046,93,-85,-14960,-2124,5448,-479,110,-125,0
1495.9234020709991,10540,4636,10900,-124,-6,130,10060,-9612,8068,-17,137,-151,-14864,4284,2684,-999,87,-43,-14972,-2344,5564,-470,104,-140,0
1495.9571311473849,10780,4588,10720,-133,-73,118,10068,-9616,8128,-88,137,-162,-14964,4284,2712,-1020,92,-45,-14632,-2348,5536,-517,126,-118,0
1495.9907879829407,10788,4516,10592,-119,-27,88,10120,-9488,8108,-21,154,-164,-14764,4292,2532,-1013,122,-47,-14804,-2312,5452,-482,130,-168,0
1496.0241990089417,10564,4452,10720,-113,-22,105,10164,-9608,8024,-35,110,-166,-14616,4224,2788,-983,61,-25,-14872,-2440,5516,-488,137,-137,0
1496.061779975891,10500,4644,10540,-148,-44,123,10104,-9564,8132,-48,167,-185,-14916,4284,2636,-1034,75,-46,-14900,-2368,5500,-474,133,-146,0
1496.097650051117,10652,4576,10872,-154,-68,117,10188,-9708,7844,-31,43,-233,-14804,4292,2752,-958,109,-46,-14916,-2368,5540,-505,143,-147,0
1496.1332359313965,10800,4588,10828,-114,-64,111,10068,-9640,7984,-38,103,-164,-14836,4384,2632,-1054,128,-94,-14872,-2356,5544,-502,137,-110,0
1496.1687729358673,10648,4516,10744,-91,-73,130,10044,-9856,8172,-25,120,-168,-14876,4196,2788,-1021,113,-72,-14964,-2304,5500,-503,147,-142,0
1496.2043690681458,10736,4540,10952,-109,-64,114,10064,-9576,8064,-26,122,-164,-14956,4260,2800,-990,101,-39,-14880,-2404,5428,-500,152,-126,0
1496.2395391464233,10816,4564,10800,-146,-51,106,10036,-9624,8176,-28,99,-173,-14860,4308,2652,-776,95,-75,-15000,-2388,5628,-489,148,-115,0
1496.2746810913086,10796,4560,10784,-121,-68,90,10048,-9628,8080,-31,150,-190,-14928,4248,2740,-975,90,-82,-14872,-2344,5500,-496,172,-93,0
1496.3107800483704,10728,4556,10736,-156,-80,96,10116,-9664,8076,-42,133,-191,-14876,4212,2748,-1007,79,-117,-14968,-2380,5452,-487,191,-124,0
1496.346065044403,10736,4628,10960,-165,-73,112,10052,-9568,7956,-55,141,-186,-14940,4212,2724,-977,93,-64,-15004,-2340,5556,-469,134,-120,0
1496.3817031383514,10828,4644,10864,-130,-88,89,10136,-9660,8096,-50,151,-167,-14772,4372,2856,-978,57,-41,-14984,-2312,5444,-500,153,-129,0
1496.4176909923553,10824,4556,10880,-172,-72,90,10160,-9644,8148,23,147,-173,-14888,4240,2752,-997,108,-91,-14760,-2396,5544,-441,165,-78,0
1496.4527480602264,10848,4540,10676,-215,-16,142,10076,-9668,8144,-22,145,-191,-14932,4304,2648,-987,150,-112,-14912,-2404,5584,-468,187,-82,0
1496.4886200428007,10816,4600,10804,-150,-76,142,10160,-9764,8076,-37,132,-208,-14904,4348,2680,-997,84,-95,-14932,-2068,5580,-263,176,-93,0
1496.5237309932709,10504,4528,10800,-180,-54,117,10056,-9668,8104,250,140,-177,-14920,4344,2632,-1000,108,-78,-14888,-2392,5628,-480,99,-129,0
1496.5592420101166,10716,4820,10560,-168,-18,82,10028,-9708,8076,-7,143,-159,-14924,4184,2980,-988,101,-85,-14660,-2456,5444,-510,160,-81,0
1496.5949461460114,10684,4388,10844,-233,-32,90,10076,-9660,8120,-35,146,-198,-14876,4176,2600,-997,79,-68,-14956,-2532,5500,-493,140,-73,0
1496.6307740211487,10728,4536,10816,-270,-70,109,10072,-9564,8196,-45,155,-194,-14756,4272,2752,-987,101,-93,-14948,-2288,5516,-492,172,-74,0
1496.6694600582123,11004,4572,10824,-270,-114,127,10080,-9692,7872,-54,138,-197,-14868,4280,2696,-979,105,-90,-14944,-2388,5196,-474,208,-51,0
1496.705374956131,10676,4560,10776,-233,-102,115,10080,-9784,8112,-73,135,-228,-14644,4384,2584,-994,124,-146,-14788,-2228,5436,-485,224,-57,0
1496.7389249801636,10532,4556,10764,-248,-149,104,10064,-9656,8044,-38,104,-259,-14908,4292,2752,-997,132,-161,-15032,-2240,5548,-508,231,-89,0
1496.7724010944369,10732,4556,10780,-235,-175,106,10104,-9692,7992,-8,112,-258,-15060,4252,2696,-977,105,-115,-14916,-2344,5568,-482,203,-63,0
1496.8061349391935,10616,4500,10944,-252,-121,119,10052,-9652,8028,8,151,-221,-14896,4228,2352,-989,120,-80,-14928,-2128,5612,-468,204,-105,0
1496.8397469520569,10932,4504,10912,-223,-143,117,10064,-9636,8208,-20,157,-228,-14884,4356,2748,-1013,106,-122,-14880,-2280,5488,-507,204,-92,0
1496.8731961250303,10772,4536,10576,-225,-141,112,10088,-9704,7992,-12,143,-231,-14868,4292,2588,-996,109,-119,-14980,-2316,5488,-468,150,-109,0
1496.9066081047058,10844,4804,10700,-209,-168,121,10188,-9532,8176,-22,164,-221,-15052,4140,2788,-1009,106,-150,-14904,-2308,5416,-473,155,-121,0
1496.9401800632477,10808,4740,10820,-225,-142,124,10036,-9604,7944,17,120,-224,-15084,4268,2996,-1015,138,-108,-14956,-2312,5556,-480,163,-77,0
1496.9737219810486,10808,4728,10544,-222,-130,142,10136,-9668,8092,11,150,-213,-14884,4480,2648,-1039,127,-111,-14948,-2532,5424,-477,184,-114,0
1497.007353067398,10756,4544,10752,-212,-140,138,9964,-9612,8176,22,128,-231,-14876,4236,2620,-997,123,-113,-14956,-2316,5472,-498,200,-108,0
1497.0410220623016,10788,4460,10672,-203,-155,115,10104,-9584,8148,-6,106,-214,-14912,4240,2636,-1277,117,-147,-14920,-2268,5552,-497,173,-110,0
1497.0743730068207,10784,4544,10708,-201,-158,120,9996,-9652,8036,14,122,-202,-14900,4272,2812,-987,118,-114,-14980,-2344,5512,-527,177,-102,0
1497.1076891422272,10792,4516,10732,-210,-159,147,10072,-9536,8096,-7,129,-189,-14908,4240,2680,-1004,110,-70,-15092,-2516,5572,-485,153,-82,0
1497.1409559249878,11004,4508,10648,-212,-170,149,10196,-9644,8068,-20,113,-191,-14968,4204,2584,-994,126,-80,-14940,-2368,5564,-467,162,-111,0
1497.1746249198914,10876,4556,10900,-192,-150,146,10068,-9620,8020,2,138,-205,-14892,4188,2656,-1013,138,-122,-14904,-2260,5488,-482,175,-82,0
1497.207950115204,10520,4416,10768,-224,-194,169,10112,-9676,8052,-15,107,-227,-14956,4196,2708,-1015,120,-125,-14936,-2296,5592,-488,190,-76,0
1497.2416770458221,10528,4388,10768,-188,-150,138,10072,-9672,8124,-10,93,-206,-14932,4148,2956,-1001,96,-120,-14872,-2232,5424,-500,161,-108,0
1497.2749741077423,10780,4448,10832,-171,-159,137,10128,-9616,8028,-17,104,-224,-14852,4280,2680,-1008,97,-98,-14948,-2288,5328,-497,184,-110,0
1497.308429002762,10712,4528,10540,-171,-160,125,10188,-9692,8180,-10,121,-235,-14832,4232,2640,-1002,125,-138,-14808,-2364,5528,-489,188,-104,0
1497.341954946518,10996,4560,10844,-196,-161,147,10068,-9628,8288,-22,156,-237,-14980,4176,2696,-993,123,-126,-15016,-2296,5464,-473,150,-104,0
1497.375561952591,10868,4460,10808,-93,-114,96,10176,-9900,8008,-78,107,-200,-14980,4252,2708,-1002,68,-56,-14892,-2292,5512,-517,129,-136,0
1497.408935070038,10708,4536,10656,-166,-122,125,10168,-9600,8200,19,152,-173,-14796,4128,2632,-1028,93,-46,-14916,-2128,5540,-497,118,-126,0
1497.442568063736,10876,4572,10592,-82,-36,85,10064,-9640,8264,-92,138,-156,-14608,4184,2344,-973,80,-61,-14600,-2240,5400,-473,122,-137,0
1497.4759831428528,10832,4556,10752,-146,-78,109,10144,-9656,8056,5,137,-172,-14900,4236,2420,-1060,121,-48,-14992,-2260,5384,-464,169,-84,0
1497.5097270011902,10820,4452,10592,-134,-12,135,10168,-9520,8080,0,132,-142,-14948,4224,2688,-1033,64,-54,-14840,-2412,5468,-441,111,-160,0
1497.5434710979462,10748,4480,10740,-83,252,92,10076,-9536,8052,-27,172,-115,-14808,4232,2764,-977,50,-38,-15056,-2336,5488,-484,32,-187,0
1497.5771420001984,10756,4572,10764,-125,-15,73,10092,-9672,8184,-49,158,-157,-14836,4156,2804,-992,68,-46,-14956,-2240,5512,-496,59,-175,0
1497.6104769706726,10804,4500,10824,-57,-10,88,10108,-9636,8052,-85,123,-126,-14880,4208,2608,-981,107,-36,-14956,-2292,5568,-493,115,-124,0
1497.643795967102,10812,4484,10856,-99,-58,121,10036,-9596,8060,-63,103,-171,-14612,4132,2796,-1276,119,-47,-14840,-2372,5592,-502,117,-123,0
1497.6772339344025,10804,4444,10700,-78,-62,136,10112,-9568,8156,-63,103,-177,-14928,4232,2784,-985,137,-51,-14904,-2196,5384,-479,123,-125,0
1497.712787151337,10872,4812,10692,-64,-63,122,9992,-9664,8188,-77,134,-153,-14876,4316,2792,-994,97,-48,-14888,-2232,5588,-486,154,-135,0
1497.7487621307373,10760,4512,10632,-92,-33,126,10028,-9652,8048,-60,106,-149,-14972,4316,2628,-1278,120,-22,-14912,-2204,5312,-510,129,-137,0
1497.7843680381775,10748,4568,10708,-87,-39,107,10056,-9672,8128,-42,137,-157,-14936,4252,2720,-979,99,-24,-15008,-2460,5408,-501,125,-143,0
1497.8195929527285,10780,4548,10808,-73,-29,93,10108,-9612,8060,-36,97,-157,-14920,4268,2520,-989,70,-55,-14888,-2344,5436,-498,122,-143,0
1497.8548300266266,10776,4608,10736,-71,-19,96,10088,-9600,7980,-31,128,-183,-14876,4156,2364,-997,85,-41,-15048,-2308,5132,-496,119,-169,0
1497.8901610374453,10984,4588,10512,-62,-74,56,9752,-9648,8024,-46,124,-179,-14936,4240,2644,-977,103,-67,-14972,-2428,5532,-487,123,-158,0
1497.925498008728,10780,4528,10744,-102,-66,98,10016,-9704,8060,-35,158,-162,-14908,4324,2672,-976,91,-61,-15008,-2220,5516,-487,164,-158,0
1497.9612560272217,10520,4544,10872,-85,-22,79,10080,-9596,8304,-29,132,-193,-14948,4192,2716,-985,106,-90,-14960,-2504,5540,-489,128,-125,0
1497.9960069656372,10776,4592,10836,-115,-51,113,10096,-9612,8148,-16,151,-183,-14856,4164,2716,-996,107,-39,-14924,-2408,5432,-491,135,-157,0
1498.0324771404266,10832,4544,10680,-130,-71,104,10072,-9620,7936,-47,154,-165,-14924,4304,3032,-982,89,-80,-15032,-2420,5556,-512,137,-119,0
1498.068120956421,10748,4552,10676,-74,-41,97,10108,-9700,8440,-71,248,-89,-15048,4148,2652,-1090,99,-30,-14888,-2260,5484,-527,97,-159,0
1498.1029081344604,10784,4528,10644,-113,-37,113,9836,-9568,8000,-47,199,-152,-14908,4240,2736,-1044,101,222,-14948,-2404,5560,-520,105,-146,0
1498.1381080150604,10792,4648,10524,-70,-21,113,10248,-9652,8188,-42,110,-121,-14948,4244,2796,-991,73,-9,-14960,-2328,5448,-504,102,-145,0
1498.1731190681458,10728,4468,10728,-105,-66,84,10084,-9604,8120,-82,158,-152,-14872,4232,2704,-986,76,-98,-14652,-2328,5584,-521,138,-150,0
1498.209182024002,10992,4548,10648,-138,-33,89,10024,-9560,8008,-15,112,-183,-15012,4272,2436,-1023,125,-46,-14908,-2540,5448,-475,156,-129,0
1498.2442219257355,10744,4592,10628,-92,-44,97,10112,-9644,7972,-60,133,-175,-14836,4228,2772,-979,83,-67,-14912,-2368,5612,-471,142,-129,0
1498.2803699970243,10912,4608,10676,-120,-50,115,10112,-9588,8112,-72,136,-153,-14936,4328,2392,-980,75,-29,-15092,-2392,5552,-469,98,-120,0
1498.3154411315918,10716,4556,10816,-95,-47,98,10056,-9668,8116,-41,137,-168,-14600,4268,2600,-986,102,-76,-14916,-2552,5416,-265,108,-128,0
1498.3523740768433,10680,4500,10864,-108,-43,118,10040,-9636,8216,-44,130,-163,-14796,4248,2628,-1016,115,-38,-14852,-2212,5504,-497,137,-127,0
1498.3857810497284,10640,4516,10836,-84,-45,112,10080,-9940,8416,-26,102,-199,-15092,4292,2704,-994,121,-67,-14824,-2352,5568,-765,149,-105,0
1498.4191880226135,10656,4632,10860,-86,-108,117,10068,-9548,8064,-48,137,-176,-14896,4580,2576,-1037,108,-93,-14984,-2372,5456,-762,152,-150,0
1498.4530429840088,10680,4564,10628,-102,-61,114,10328,-9740,8004,-5,96,-178,-14776,4240,2900,-772,76,-77,-14856,-2348,5592,-470,139,-146,0
1498.4867920875547,10972,4452,10996,-106,-68,95,9976,-9652,8100,-7,104,-162,-14972,4244,3012,-1269,97,-69,-14924,-2544,5568,-475,174,-149,0
1498.5200929641724,10652,4628,10672,-139,-52,133,10008,-9580,8112,-43,102,-208,-14920,4288,2840,-1005,104,-47,-14864,-2396,5452,-478,180,-125,0
1498.553729057312,10688,4596,10728,-137,-71,98,10112,-9592,8140,-39,134,-194,-14808,4228,2852,-986,98,-53,-14892,-2292,5612,-494,149,-146,0
1498.5874021053314,10524,4844,10704,-131,-46,75,10024,-9592,8032,-76,127,-202,-14876,4292,2752,-976,101,-84,-14884,-2284,5392,-490,155,-120,0
1498.6208291053772,10720,4828,10708,-132,-57,97,10004,-9540,8048,-32,143,-193,-14912,4316,2808,-1009,95,-114,-14940,-2452,5444,-490,153,-120,0
1498.654277086258,10496,4380,10816,-168,-51,85,10104,-9720,8156,-16,140,-172,-14924,4268,2656,-1013,118,-78,-14908,-2400,5596,-501,151,-121,0
1498.687922000885,10800,4588,10940,-155,-46,115,10204,-9580,7968,-42,155,-173,-14912,4220,2712,-1028,122,-102,-14920,-2292,5644,-495,140,-126,0
1498.7213110923767,10704,4644,10776,-180,-35,114,10092,-9676,8000,-52,134,-186,-14776,4236,2628,-997,122,-52,-14972,-2352,5532,-499,171,-92,0
1498.7549021244047,10676,4604,10720,-208,-63,99,10076,-9612,8400,-49,142,-195,-14872,4324,2948,-1003,125,-58,-14944,-2380,5856,-472,143,-90,0
1498.788411140442,10704,4520,10640,-144,-84,103,10032,-9768,7920,-59,144,-178,-15096,4304,2724,-1018,118,-50,-14888,-2508,5508,-492,117,-105,0
1498.8218741416931,10636,4596,10856,-218,-56,108,10112,-9664,8040,-8,143,-191,-14924,4304,2684,-1008,95,-105,-14620,-2424,5392,-517,129,-95,0
1498.8554799556732,10632,4688,10696,-218,-64,103,10216,-9716,8444,-21,154,-178,-14884,4264,2692,-989,104,-94,-14924,-2484,5576,-470,135,-81,0
1498.8889660835266,10728,4572,10824,-214,-120,86,10108,-9668,8196,-70,147,-248,-14912,4252,2752,-1028,82,-104,-14856,-2300,5548,-518,189,-71,0
1498.9224259853363,10716,4524,10788,-2,-76,61,10148,-9636,7904,15,163,-227,-14956,4252,2904,-1003,75,-118,-14880,-2204,5380,-466,164,-96,0
1498.9556620121002,10792,4408,10640,-227,-78,90,10152,-9688,8112,-30,152,-202,-14892,4304,2600,-966,62,-132,-14896,-2420,5492,-476,169,-94,0
1498.9891800880432,10648,4808,10664,-241,-75,104,9968,-9648,8132,-18,176,-200,-14932,4168,2696,-987,99,-51,-14920,-2308,5524,-424,135,-92,0
1499.0227191448212,10796,4620,10764,-261,-114,94,10116,-9620,8200,-4,125,-222,-15012,4240,2868,-998,140,-103,-14908,-2232,5476,-461,202,-78,0
1499.0561950206757,10816,4488,10900,-185,-162,163,10128,-9852,8068,-49,76,-215,-14932,4200,2612,-968,114,-100,-15000,-2316,5356,-528,162,-106,0
1499.089945077896,10628,4668,10740,-155,-224,150,10088,-9596,7972,-19,101,-241,-14896,4196,2508,-992,147,-139,-14856,-2292,5188,-524,210,-138,0
1499.123496055603,10888,4592,10992,-93,-180,140,10136,-9560,7984,-35,92,-217,-14896,4240,2324,-1030,136,-143,-14908,-2440,5436,-524,178,-120,0
1499.1567759513855,10784,4708,10580,-156,-122,93,10068,-9556,8192,11,138,-196,-14868,4508,2532,-994,116,-68,-15036,-2356,5444,-474,129,-126,0
1499.2056069374084,10824,4620,10644,-154,-46,99,10420,-9588,8120,-8,130,-174,-14864,4188,2768,-1009,84,-85,-14936,-2284,5456,-480,156,-129,0
1499.250529050827,10796,4360,10536,-160,-73,114,10036,-9524,8152,-54,141,-186,-14952,4208,2552,-772,78,-86,-14896,-2304,5592,-469,124,-130,0
1499.285516023636,10868,4520,10852,-132,-88,110,10228,-9680,8072,-50,149,-173,-14848,4256,2560,-983,113,-36,-15012,-2360,5440,-495,142,-127,0
1499.3191149234772,10680,4556,10788,-130,-84,110,10080,-9600,8028,-47,146,-167,-14900,4200,2796,-1004,64,-32,-15004,-2412,5392,-764,132,-135,0
1499.35271191597,10804,4620,10696,-129,-64,131,10172,-9700,8152,-43,140,-166,-14876,4304,2800,-1022,97,-45,-14752,-2328,5544,-496,140,-124,0
1499.3857851028445,10832,4356,10748,-102,-78,118,10088,-9592,8072,-20,123,-148,-14624,4304,2688,-1008,107,-20,-14952,-2316,5424,-259,143,-143,0
1499.4239671230316,10520,4580,10628,-119,-49,113,10124,-9676,7728,-33,111,-156,-14892,4208,2648,-775,116,-68,-14912,-2448,5516,-502,139,-120,0
1499.4601199626925,10792,4588,10644,-104,-85,119,10064,-9708,8064,-43,157,-172,-15104,4164,2576,-1005,125,-68,-14924,-2348,5580,-473,152,-130,0
1499.4952850341797,10728,4376,10500,-105,-81,126,10084,-9556,8192,-38,124,-173,-14892,4268,2680,-986,148,-38,-14936,-2248,5556,-494,116,-118,0
1499.5312321186066,10796,4580,10560,-92,-104,130,10120,-9744,8056,-33,113,-160,-14968,4300,2812,-1035,78,-54,-14964,-2380,5560,-480,123,-141,0
1499.5676019191742,10676,4860,10976,-148,-39,126,9992,-9592,7968,-8,158,-144,-14888,4224,2796,-1011,94,-54,-14872,-2436,5440,-499,90,-131,0
1499.602910041809,10768,4560,10520,-112,-48,82,10192,-9980,7928,-68,155,-169,-14896,4312,2576,-1013,51,-85,-14972,-2308,5520,-521,142,-179,0
1499.6392240524292,10724,4532,10612,-163,-64,57,10040,-9712,8088,8,177,-195,-14600,4096,2780,-1034,80,-58,-14916,-2352,5556,-469,176,-144,0
1499.6745021343231,10716,4364,10804,-86,-66,105,10148,-9504,8016,-7,146,-184,-14808,4356,2756,-964,84,-108,-14900,-2308,5568,-475,143,-120,0
1499.710489988327,10724,4632,10748,-133,-52,108,10052,-9652,7992,-26,145,-168,-14856,4200,2720,-1009,55,-14,-14936,-2380,5604,-483,134,-162,0
1499.7454710006714,10688,4552,10700,-158,-76,99,10228,-9572,8260,-42,143,-166,-14848,4236,2676,-997,103,-62,-14856,-2308,5420,-508,138,-132,0
1499.7808289527893,10688,4568,10748,-107,-41,132,10068,-9644,8112,-49,119,-171,-14912,4172,2572,-1002,125,-41,-14884,-2092,5552,-505,134,-117,0
1499.8176400661469,10732,4388,10548,-140,-78,124,10020,-9640,8248,-22,122,-178,-14808,4296,2668,-1035,132,-36,-14932,-2444,5536,-503,162,-130,0
1499.852842092514,10792,4588,10804,-83,-51,130,10012,-9648,7964,-33,126,-169,-14880,4244,2716,-1020,92,-74,-14852,-2540,5480,-503,149,-126,0
1499.8881430625916,10676,4592,10652,-135,-63,130,9988,-9644,8164,-6,153,-204,-14888,4252,2832,-1280,133,-90,-14816,-2388,5544,-483,143,-101,0
1499.923264026642,10884,4596,11000,-140,-43,96,10076,-9592,8020,-25,124,-166,-14608,4460,2692,-984,123,-101,-14992,-2428,5616,-492,147,-107,0
1499.9592850208285,10724,4512,10720,-154,-45,135,10040,-9640,7984,-35,141,-178,-14912,4268,2580,-1016,107,-55,-14928,-2416,5524,-449,139,-105,0
1499.994840145111,10768,4680,10824,-199,-48,107,10116,-9580,8128,-9,175,-208,-14928,4252,2864,-1027,93,-88,-15004,-2320,5560,-448,159,-104,0
1500.0303490161896,10512,4604,10556,-207,-64,99,10156,-9672,8000,-31,147,-205,-14964,4204,2788,-984,111,-80,-14876,-2524,5424,-480,134,-94,0
1500.0658209323883,10708,4544,10840,-205,-90,134,9896,-9720,7952,-33,151,-217,-14880,4236,2612,-772,117,-73,-14820,-2332,5624,-502,183,-92,0
1500.0993521213531,10716,4564,10612,-207,-99,123,9976,-9828,8100,-25,126,-205,-14888,4320,2680,-996,121,-79,-14932,-2292,5468,-503,195,-94,0
1500.132833957672,10784,4848,10792,-174,-91,119,10088,-9508,8084,-56,137,-231,-14888,4288,2644,-1001,106,-131,-14928,-2320,5532,-503,158,-101,0
1500.1664640903473,10992,4560,10612,-222,-79,105,10008,-9660,8064,-250,144,-220,-14836,4252,2620,-1011,121,-148,-14976,-2284,5480,-486,185,-89,0
1500.2000360488892,10524,4572,10788,-229,-100,116,10036,-9684,8124,-40,150,-228,-14848,4228,2844,-1005,139,-91,-14956,-2356,5508,-475,207,-93,0
1500.2333569526672,10688,4848,10652,-238,-94,130,10028,-9636,8076,-49,140,-217,-14904,4236,2672,-999,117,-67,-15020,-2316,5440,-487,188,-49,0
1500.2672419548035,10728,4596,10584,-246,-112,140,10112,-9596,8044,-34,139,-199,-14972,4284,2644,-1006,121,-87,-14948,-2292,5476,-492,167,-86,0
1500.3006391525269,10684,4544,10656,-310,-121,136,10180,-9664,8116,-12,146,-233,-14876,4248,2664,-1005,91,-117,-14920,-2292,5324,-491,178,-86,0
1500.3342700004578,10644,4564,10736,-217,-94,110,10156,-9648,8084,-23,164,-212,-14884,4236,2828,-1011,92,-143,-15040,-2352,5464,-472,167,-124,0
1500.367879152298,10696,4456,10696,-224,-110,81,10104,-9872,8136,-5,173,-242,-14916,4536,2356,-1037,111,-95,-14880,-2260,5468,-501,214,-113,0
1500.4010729789734,10764,4540,10748,-5,-145,107,10136,-9944,7984,30,144,-219,-14868,4108,2492,-1011,117,-115,-15104,-2300,5476,-420,192,-96,0
1500.434623003006,10708,4556,10796,-252,-104,145,10068,-9588,8084,51,130,-211,-14940,4308,2692,-984,125,-88,-14992,-2344,5416,-442,119,-111,0
1500.4681689739227,10764,4520,10856,-273,-121,125,10076,-9568,7988,20,188,-199,-14884,4332,2728,-1012,96,-88,-14944,-2276,5592,-452,111,-83,0
1500.501727104187,10720,4568,10880,-287,-118,145,10020,-9632,8084,5,145,-214,-14836,4276,2660,-1005,130,-137,-14968,-2092,5460,-257,139,-108,0
1500.5354630947113,10808,4520,10992,-241,-117,145,10104,-9636,8116,-26,114,-196,-14876,4260,2476,-1022,153,-142,-14904,-2292,5412,-485,177,-94,0
1500.5691831111908,10572,4460,10732,-241,-176,162,10024,-9492,8144,22,105,-225,-14956,4324,2548,-1036,160,-134,-14928,-2328,5548,-510,188,-96,0
1500.6028120517733,10836,4616,10836,-204,-170,168,10184,-9700,8096,20,124,-224,-14904,4176,2740,-1014,142,-86,-14896,-2352,5608,-518,183,-91,0
1500.638699054718,10840,4484,10680,-244,-202,143,10092,-9544,8024,2,125,-238,-15104,4188,2756,-1031,163,-121,-14956,-2264,5480,-495,160,-96,0
1500.6727709770205,10776,4624,10908,-200,-187,148,10160,-9608,7956,16,110,-226,-14920,4228,2664,-984,83,-145,-15012,-2388,5496,-483,187,-91,0
1500.7062051296234,10760,4500,10708,-205,-194,154,10096,-9656,8164,3,164,-199,-14912,4248,2852,-1010,127,-137,-14968,-2344,5392,-465,167,-119,0
1500.7395849227903,10828,4548,10796,-213,-167,135,10120,-9612,8064,-10,160,-228,-14936,4212,2692,-990,104,-130,-14936,-2300,5404,-488,148,-89,0
1500.7731449604034,10848,4528,10780,-229,-159,126,10132,-9544,8172,-24,138,-211,-14640,4112,2660,-1010,115,-74,-15028,-2316,5488,-452,162,-78,0
1500.8068361282349,10952,4444,10748,-232,-132,141,10120,-9592,8100,8,171,-185,-14972,4236,2636,-1001,136,-112,-14964,-2088,5452,-456,143,-104,0
1500.8402440547943,10776,4452,10764,-218,-159,140,10112,-9604,8108,21,157,-202,-14964,4220,2684,-1017,100,-112,-14968,-2524,5404,-468,165,-101,0
1500.8736770153046,10808,4456,10648,-168,-159,115,10060,-9696,8072,19,150,-199,-14948,4228,2596,-1012,73,-131,-14864,-2052,5480,-509,189,-112,0
1500.9072170257568,10864,4536,10500,-147,-167,131,10076,-9560,8188,-36,108,-227,-14908,4196,2584,-1005,145,-110,-14960,-2304,5516,-478,180,-92,0
1500.9408061504364,10756,4568,10536,-152,-147,137,9988,-9488,8120,-40,113,-223,-14908,4140,2632,-990,122,-95,-15032,-2344,5380,-491,201,-111,0
1500.9743609428406,10860,4472,10648,-100,-175,119,10168,-9580,8084,-98,149,-203,-14856,4164,2708,-1009,117,-34,-15016,-2296,5396,-540,120,-134,0
1501.0078830718994,10876,4392,10532,-106,-89,84,10188,-9628,7964,-35,148,-176,-14968,4176,2584,-1017,76,-82,-14964,-2196,5600,-263,140,-151,0
1501.0414271354675,10816,4524,10872,-110,-16,86,10120,-9552,8036,-22,148,-138,-14856,4188,2668,-986,86,-69,-14988,-2300,5516,-477,86,-142,0
1501.0775260925293,10904,4544,10716,-115,-47,105,10104,-9632,8128,-72,145,-167,-14968,4216,2736,-1013,82,-3,-14836,-2244,5580,-495,148,-120,0
1501.1133711338043,10876,4484,10736,-103,-19,107,10176,-9572,8064,-37,139,-188,-14904,4260,2676,-1031,82,-86,-15012,-2252,5472,-462,133,-129,0
1501.149162054062,10748,4480,10764,-55,-42,86,10052,-9564,8144,-37,163,-154,-14820,4160,2652,-992,73,-2,-14912,-2348,5644,-488,120,-146,0
1501.1845679283142,10780,4532,10804,-103,-33,73,10056,-9496,8428,-71,160,-150,-15012,3936,2780,-994,62,-30,-14996,-2080,5436,-766,63,-178,0
1501.2206830978394,10788,4588,10964,-80,-42,102,10088,-9620,8120,-81,142,-155,-14904,4232,2644,-1015,80,-40,-14924,-2096,5524,-762,80,-155,0
1501.2559850215912,10572,4520,10888,-65,-36,104,10156,-9552,8108,-76,135,-131,-14808,4328,2560,-1009,91,-18,-14896,-2204,5220,-768,90,-137,0
1501.2917771339417,10752,4516,10620,-83,252,126,10028,-9668,8064,-42,111,-155,-14860,4244,2628,-1002,126,-62,-14884,-2396,5584,-503,140,-114,0
1501.3274040222168,10708,4524,10812,-49,-47,137,10000,-9656,8084,-85,98,-160,-14856,4156,2660,-998,135,-70,-14604,-2064,5520,-494,126,-130,0
1501.3636350631714,10792,4572,10784,-123,-7,120,10108,-9612,8060,-61,132,-149,-14792,4220,2728,-996,131,-12,-14884,-2536,5576,-460,113,-118,0
1501.3994119167328,10928,4440,10528,-93,-32,117,9996,-9732,8032,-21,129,-151,-14920,4176,2604,-771,127,-86,-14948,-2248,5568,-490,153,-122,0
1501.434376001358,10816,4532,10632,-65,-28,103,10188,-9612,8060,-24,119,-165,-14868,4200,2568,-1043,65,-47,-14836,-2296,5464,-500,133,-129,0
1501.4693069458008,10752,4528,10584,-81,-46,80,10108,-9684,8016,-91,139,-185,-14888,4108,2668,-976,92,-42,-14940,-2480,5448,-263,128,-187,0
1501.504900932312,10780,4532,10708,-80,-36,69,10160,-9680,8008,-76,137,-166,-14936,4236,2484,-1004,87,-40,-14924,-2324,5588,-504,116,-166,0
1501.5406720638275,10552,4508,10804,-109,-24,117,10092,-9656,8172,-57,124,-147,-14820,4216,2768,-995,86,-96,-15016,-2348,5564,-764,128,-162,0
1501.5762009620669,10828,4360,10692,-62,-11,112,10028,-9572,8112,-51,133,-142,-14872,4192,2736,-1010,73,-42,-14856,-2376,5492,-502,147,-120,0
1501.611846923828,10844,4480,10692,-76,-38,100,10180,-9580,8176,-43,132,-169,-14856,4252,2588,-964,86,-37,-14916,-2344,5428,-473,138,-152,0
1501.6480391025543,10608,4364,10676,-133,-62,102,10052,-9684,8120,-37,120,-168,-14908,4320,2704,-1013,85,-71,-14872,-2340,5392,-491,128,-157,0
1501.6829600334167,10720,4612,10604,-127,-70,115,9836,-9556,8128,-39,137,-178,-14852,4308,2832,-1029,84,-50,-14952,-2548,5640,-514,122,-112,0
1501.7201609611511,10824,4584,10772,-173,-24,86,10036,-9664,8036,-8,153,-160,-14852,4212,2640,-1012,98,-86,-14904,-2444,5576,-478,121,-140,0
1501.7535049915314,10724,4656,10708,-123,-4,116,10148,-9644,8084,-55,132,-129,-14884,4184,2600,-995,72,-63,-14896,-2372,5620,-475,141,-130,0
1501.7872879505157,10720,4628,10916,-132,-101,91,10164,-9672,8280,-59,136,-197,-15004,4224,2636,-1013,102,-32,-14908,-2372,5576,-515,135,-143,0
1501.8205230236053,10688,4456,10732,-158,-45,119,10036,-9592,8056,-41,119,-175,-14792,4192,2520,-990,96,-55,-14668,-2408,5432,-483,176,-126,0
1501.8541481494904,10744,4580,10632,-151,-98,114,10032,-9584,8092,-31,141,-180,-14868,4264,2664,-930,85,-80,-14888,-2336,5468,-457,130,-150,0
1501.8875651359558,10796,4656,10664,-235,-63,93,10180,-9696,7968,-22,175,-213,-14848,4256,2568,-993,60,-75,-15008,-2344,5424,-455,131,-108,0
1501.9209070205688,10864,4628,10824,-248,-104,88,10108,-9736,8140,-6,188,-204,-14936,4112,2680,-1027,107,-89,-14976,-2328,5524,-468,179,-101,0
1501.9544110298157,10736,4544,10812,-191,-136,110,10080,-9764,8160,-23,135,-207,-14920,4296,2700,-1008,123,-119,-14948,-2364,5460,-499,189,-107,0
1501.987929105759,10788,4596,10784,-184,-153,124,10100,-9616,8100,-37,141,-243,-15084,4316,2636,-992,116,-125,-14864,-2292,5516,-537,167,-114,0
1502.0214040279388,10760,4548,10844,-156,-138,125,10080,-9568,8128,-46,152,-203,-14768,4296,2720,-998,125,-137,-14868,-2276,5492,-495,182,-48,0
1502.0551199913025,10772,4584,10872,-234,-122,118,10080,-9692,8000,-36,173,-211,-15056,4244,2700,-986,127,-126,-14964,-2548,5576,-488,200,-62,0
1502.088634967804,10720,4524,10796,-267,-119,106,10200,-9704,8212,-18,162,-221,-14892,4276,2608,-1012,117,-108,-14948,-2320,5504,-477,200,-86,0
1502.1217470169067,10784,4656,10680,-276,-128,128,10180,-9536,8044,-20,151,-232,-14996,4240,2820,-968,129,-134,-15028,-2284,5428,-760,175,-50,0
1502.1552801132202,10672,4508,10700,-251,-173,139,10124,-9620,7972,-33,145,-232,-15016,4164,2656,-1004,159,-160,-14892,-2416,5516,-486,211,-76,0
1502.1889929771423,10832,4520,10848,-252,-166,130,10100,-9580,8180,-47,113,-10,-15100,4288,2752,-994,127,-130,-14960,-2408,5492,-491,238,-72,0
1502.2222630977633,10952,4484,10728,-217,-164,130,10068,-9604,8056,-28,112,-2,-14968,4164,2396,-1008,150,-91,-15080,-2084,5472,-505,207,-101,0
1502.255840063095,10840,4560,10748,-199,-132,110,10200,-9584,7984,-12,123,-233,-14904,4220,2644,-999,132,-96,-14932,-2200,5412,-489,207,-105,0
1502.2891640663147,10808,4560,10688,-153,-169,129,10284,-9536,8128,-9,84,-207,-14876,4280,2668,-1050,127,-98,-14920,-2220,5352,-768,148,-146,0
1502.32248711586,10908,4432,10652,-85,-94,103,10152,-9560,8052,-30,91,-192,-14880,4224,2636,-1063,103,-74,-14916,-2200,5612,-513,121,-174,0
1502.3559019565582,10884,4480,10644,-88,-11,96,10236,-9564,8160,-15,148,-108,-14928,4260,2768,-1039,103,-244,-14916,-2296,5516,-529,94,-129,0
1502.3891599178314,10820,4568,10684,-122,65,109,10116,-9612,8140,-244,137,-109,-14884,4212,2700,-1045,154,-22,-14972,-2276,5492,-478,86,-127,0
1502.422560930252,10496,4820,10740,-157,38,129,10060,-9680,7944,-22,124,-117,-15104,4308,2648,-1043,103,-31,-14996,-2204,5552,-484,117,-108,0
1502.4562249183655,10812,4488,10892,-105,-30,111,10176,-9504,8172,-50,135,-103,-14888,4256,2664,-781,96,11,-15020,-2400,5764,-507,60,-154,0
1502.4899890422819,10708,4504,10628,-189,-21,118,10084,-9656,8184,-12,168,-130,-14916,4208,2640,-1278,61,30,-14644,-2464,5712,-506,40,-126,0
1502.5233819484713,10760,4472,10816,-90,-253,100,10040,-9712,8192,-75,153,-96,-14876,4240,2680,-980,76,3,-14612,-2280,5516,-531,53,-147,0
1502.557096004486,10720,4512,10836,-137,-63,106,9800,-9740,8164,-50,90,-166,-14768,4236,2716,-1038,125,-7,-14844,-2216,5424,-536,118,-128,0
1502.5908060073853,10988,4572,10508,-131,-45,135,10228,-9648,7976,-28,114,-179,-14788,4164,2764,-995,105,-58,-14880,-2404,5472,-492,156,-105,0
1502.6243240833285,10788,4520,10564,-112,-54,114,10080,-9608,8248,-58,107,-169,-14596,4196,2644,-971,110,-98,-14892,-2320,5684,-484,173,-124,0
1502.6575810909271,10728,4628,10764,-156,-119,105,10180,-9624,8068,-71,106,-201,-14608,4216,2568,-994,94,-66,-15048,-2324,5308,-488,139,-136,0
1502.691108942032,10904,4408,10836,-132,-102,109,10120,-9548,8108,-43,126,-179,-14832,4140,2636,-994,121,-19,-15108,-2308,5448,-766,137,-126,0
1502.7243361473083,10824,4444,10676,-123,-48,145,10120,-9584,8148,-23,85,-152,-14936,4276,2804,-1041,100,-36,-14956,-2196,5428,-478,128,-80,0
1502.7607550621033,10716,4528,10668,-146,-17,120,10132,-9624,8044,-33,122,-163,-14976,4320,2572,-1073,133,-36,-14952,-2336,5420,-516,158,-139,0
1502.7961299419403,10752,4504,10852,-131,-80,110,10112,-9680,7992,-28,117,-183,-14892,4260,2836,-1029,107,-79,-15004,-2280,5668,-491,173,-125,0
1502.8318300247192,10800,4564,10612,-160,-25,98,10036,-9580,8220,-36,140,-172,-14840,4284,2596,-982,108,-70,-14908,-2312,5472,-480,113,-105,0
1502.8680560588837,10796,4540,10864,-150,-74,84,10116,-9904,8076,-41,157,-203,-14848,4284,2584,-948,118,-76,-14920,-2332,5500,-454,194,-111,0
1502.9032731056213,10760,4564,10860,-162,-127,87,10112,-9532,8068,-70,157,-209,-14820,4188,2820,-769,98,-65,-14928,-2380,5432,-476,165,-112,0
1502.939327955246,10888,4584,10736,-159,-47,78,10144,-9596,8212,-111,166,-188,-14896,4284,2684,-967,97,-37,-14884,-2336,5508,-472,84,-143,0
1502.9744939804075,10864,4508,10824,-168,-40,90,10200,-9704,8140,-88,173,-139,-14872,4292,2660,-1003,28,27,-14676,-2528,5488,-453,32,-148,0
1503.0102360248566,10840,4452,10976,-203,233,46,10004,-9496,8004,6,158,-146,-14788,4372,2644,-1000,43,-28,-14992,-2432,5704,-481,88,-184,0
1503.0455141067505,10624,4532,10672,-198,-6,80,9952,-9768,8132,5,164,-150,-14748,4288,2340,-1011,153,-94,-14796,-2308,5424,-460,181,-98,0
1503.0811190605164,10532,4488,10744,-165,-77,114,9980,-9724,8152,4,134,-249,-14784,4404,2692,-999,165,-181,-14788,-2544,5464,-460,273,-69,0
1503.1171109676359,10808,4508,10748,-149,-143,96,10040,-9668,8024,-28,105,-275,-14656,4228,2700,-960,168,-160,-14880,-2260,5576,-476,230,-139,0
1503.1525020599363,10804,4496,10652,-56,-88,101,10192,-9692,8176,-94,117,-240,-15088,4220,2648,-988,76,-136,-15124,-2308,5436,-263,184,-129,0
1503.1875269412994,10900,4576,10836,-63,-20,67,10048,-9628,8096,-80,145,-163,-15080,4188,2600,-994,29,5,-15040,-2264,5176,-475,86,-181,0
1503.2233209609983,10884,4548,10712,-140,74,51,10172,-9588,8024,-38,189,-112,-14940,4136,2632,-973,33,-7,-14896,-2368,5384,-435,21,-180,0
1503.2586870193481,10840,4436,10504,-106,123,8,10332,-9600,8104,-80,203,-134,-15080,4144,2680,-1056,246,-10,-15044,-2376,5392,-485,74,-233,0
1503.2933940887451,10716,4492,10780,-151,94,-26,10176,-9876,8104,20,343,-136,-14812,4244,2680,-966,-24,-21,-14888,-2308,5464,-451,95,-209,0
1503.3291521072388,10648,4492,10692,-105,75,-16,10036,-9648,7896,-43,241,-191,-15008,4296,2956,-983,22,-55,-14784,-2376,5488,-439,158,-207,0
1503.3639841079712,10532,4404,10856,-91,-6,7,9732,-9604,8128,-53,264,-186,-14840,4188,2660,-963,-253,-90,-14652,-2360,5392,-472,137,-228,0
1503.4015331268313,10524,4768,10976,-83,-45,7,9860,-9712,8368,-66,202,-205,-14844,4340,2664,-942,61,-74,-14896,-2300,5532,-472,109,-144,0
1503.4351749420166,10692,4644,10768,-89,-251,78,10236,-9712,8088,-90,142,-177,-14844,4568,2804,-902,69,-20,-14904,-2388,5548,-470,134,-134,0
1503.468742132187,10560,4644,10772,-107,-89,93,9992,-9476,8060,-60,122,-205,-14780,4292,3016,-931,125,-100,-14924,-2556,5628,-436,155,-126,0
1503.5023291110992,10816,4632,10732,-93,-82,79,10092,-9656,8128,-49,137,-252,-14824,4260,2700,-969,113,-164,-14888,-2328,5516,-429,505,-147,0
1503.535737991333,10692,4612,10860,-129,-165,53,10028,-9556,8068,-49,184,-294,-14836,4284,2680,-966,68,-173,-14960,-2256,5632,-474,249,-176,0
1503.5691459178925,10744,4520,10784,-113,-101,47,10216,-9640,7804,-56,75,-322,-14804,4404,2576,-980,87,-84,-15000,-2092,5428,-480,176,-132,0
1503.6026220321655,10720,4508,10804,-100,-49,68,10096,-9772,8088,-22,134,-212,-14900,4112,2572,-775,20,-30,-14916,-2204,5484,-500,137,-171,0
1503.6359550952911,10704,4640,10744,-130,251,78,10120,-9676,8048,-20,132,-195,-14644,4600,2740,-1276,52,-59,-15040,-2080,5444,-544,116,-165,0
1503.669687986374,10688,4508,10832,-81,-60,97,10024,-9704,8080,-1,104,-169,-14656,4324,2764,-995,70,-135,-14980,-2280,5436,-768,136,-151,0
1503.7033641338348,10932,4364,10772,-79,-59,105,10176,-9712,7836,-23,107,-239,-14768,4160,2600,-898,110,-123,-14880,-2356,5516,-475,191,-140,0
1503.736892938614,10692,4676,10508,-181,-131,85,10204,-9612,7952,-27,154,-242,-14824,4236,2740,-920,105,-148,-14812,-2400,5348,-448,207,-112,0
1503.770431995392,10704,4612,10520,-196,-149,52,10276,-9612,8424,-18,123,-305,-14672,4076,2788,-954,109,-177,-14920,-2432,5540,-451,257,-182,0
1503.803738117218,10668,4536,10632,-182,-122,37,10124,-9664,8040,-40,240,-289,-14960,4220,2736,-912,33,-171,-14940,-2308,5600,-461,244,-212,0
1503.8373010158539,10968,4764,10696,-165,-72,46,10052,-9984,8048,-37,206,-235,-14948,4316,2596,-997,-29,-134,-15024,-2456,5420,-258,165,-142,0
1503.8711740970612,10656,4876,10592,-151,19,65,9784,-9684,8340,-110,131,-198,-14876,4208,2784,-1036,62,-47,-14876,-2420,5376,-505,105,-106,0
1503.9043340682983,10688,4764,10904,-123,13,82,10004,-9600,8184,-41,94,-222,-14792,4308,2828,-983,136,-8,-14908,-2184,5512,-469,86,-71,0
1503.937905073166,10640,4856,10864,-175,22,131,9980,-9612,7956,-90,87,-144,-15088,4288,2740,-966,106,-255,-14888,-2516,5588,-451,100,-46,0
1503.9714679718018,10660,4788,10892,-288,-51,181,10100,-9764,8128,-13,159,-137,-14864,4244,2628,-1002,99,-90,-15084,-2476,5552,-470,135,-49,0
1504.0048189163208,10692,4668,10840,-279,-127,165,10028,-9628,8132,-29,143,-192,-14872,4260,2804,-957,123,-91,-14984,-2804,5560,-448,113,-57,0
1504.0383670330048,10728,4676,10864,-271,-122,115,10176,-9684,8236,-167,164,-250,-14912,4272,2668,-949,104,-111,-14872,-2320,5548,-484,161,-112,0
1504.0718870162964,10728,4808,10688,-289,-158,54,10096,-9704,8172,-51,164,-267,-14804,4308,2520,-865,99,-163,-14828,-2204,5448,-465,204,-94,0
1504.1053640842438,10664,4380,10736,-220,-140,83,10040,-9584,8180,-7,194,-287,-14824,4188,2616,-952,83,-188,-14788,-2396,5308,-452,250,-111,0
1504.1387650966644,10740,4368,10708,-300,-156,41,10088,-9536,8024,-19,286,-322,-14872,4172,2572,-913,41,-198,-15036,-2448,5480,-359,211,-175,0
1504.1723079681396,10832,4552,10724,-383,-202,-13,10152,-9640,8128,-21,311,-263,-14984,4400,2908,-878,44,-124,-15200,-2412,5640,-340,178,-141,0
1504.2055821418762,10752,4528,10956,-389,-142,27,10144,-9784,8056,-20,272,-209,-15056,4320,2576,-887,-38,-74,-14968,-2332,5496,-405,134,-218,0
1504.239326953888,10716,4676,10740,-327,-168,-6,10100,-9772,8088,38,350,-197,-14932,4352,2760,-873,-59,-116,-14996,-2300,5572,-485,132,-278,0
1504.2728910446167,10692,4596,10668,-185,-122,-30,10020,-9648,8052,27,354,-156,-14636,4416,2848,-1000,-95,-129,-14796,-2368,5536,-556,95,-261,0
1504.3061809539795,10676,4568,10832,-157,-103,5,9812,-9592,8008,6,274,-165,-14816,4296,2752,-994,-26,-102,-14920,-2052,5672,-566,8,-209,0
1504.3401050567627,10588,4528,10736,-112,-38,57,9976,-9488,8104,11,176,-149,-15016,4128,2628,-991,49,-56,-15028,-2416,5448,-532,36,-184,0
1504.3736879825592,10472,4480,10976,-127,-96,71,9996,-9648,8364,99,167,-213,-14868,4124,2520,-967,105,-133,-14952,-2448,5352,-408,177,-117,0
1504.4072761535645,10640,4700,10512,-245,-184,41,10076,-9608,8260,-50,203,-309,-14884,4072,2784,-816,24,-186,-14920,-2388,5376,-391,241,-94,0
1504.4438679218292,10812,4608,10580,-401,-250,83,10052,-9708,8332,-74,223,-500,-14868,4196,2756,-848,43,-86,-14944,-2432,5404,-400,147,-71,0
1504.4792139530182,10780,4712,10832,-393,-198,109,9924,-9500,8264,-61,163,-224,-14912,4244,2780,-869,125,-28,-14940,-2504,5592,-337,32,-93,0
1504.5144109725952,10640,4604,10888,-305,-92,35,10232,-9640,8116,-65,147,-299,-14980,4348,2632,-869,110,-148,-14900,-2480,5524,-313,118,-160,0
1504.550462961197,10724,4336,10692,-222,-165,-29,10060,-9700,8128,-29,275,-303,-14908,4236,2760,-908,-14,-193,-14924,-2252,5396,-444,191,-262,0
1504.585452079773,10712,4400,10680,-122,-231,-91,9984,-9648,8136,81,274,-358,-14640,4212,2844,-748,-78,-314,-14736,-2300,5436,-471,304,-324,0
1504.62033700943,10608,4480,10804,-75,-374,-76,9952,-9544,7992,60,274,-412,-14804,4112,2624,-910,69,-398,-14788,-2348,5416,-461,415,-281,0
1504.655436038971,10668,4568,10676,255,-346,-53,10132,-9704,7916,29,215,-461,-14896,4336,2664,-942,95,-421,-14984,-2364,5440,-452,445,-256,0
1504.6910059452057,10868,4672,10712,-93,-305,-8,10016,-9328,7960,39,228,-345,-14900,4172,2612,-1017,26,-265,-14940,-2172,5508,-499,355,-180,0
1504.7271249294279,10840,4640,10604,-53,-141,114,9884,-9428,8200,58,132,-149,-14804,4336,2840,-1097,128,-70,-15344,-2324,5712,-540,160,-49,0
1504.7622430324554,10792,4700,10896,-76,81,189,10100,-9560,8228,11,103,-34,-14940,4292,2720,-1085,182,88,-15096,-2476,5840,-493,33,-90,0
1504.7979681491852,10776,4472,10756,-203,118,167,10088,-9968,8092,-13,138,-61,-15008,4284,2952,-1061,130,248,-14924,-2364,5596,-439,16,-123,0
1504.832948923111,10708,4824,10512,-135,62,126,10016,-9704,8244,34,271,-29,-14908,4248,2976,-971,-23,-39,-14636,-2380,5500,-551,66,-277,0
1504.868113040924,10556,4584,10832,-55,-50,43,9936,-9484,8412,39,359,-87,-14804,4196,2832,-1058,-95,-128,-14824,-2500,5464,-608,167,-245,0
1504.9038119316099,10924,4732,10848,-27,-124,43,9900,-9528,8300,17,262,-165,-14852,4088,2720,-932,-10,-168,-14864,-2528,5508,-593,188,-235,0
1504.9398181438446,10720,4588,10544,16,-185,14,10188,-9488,8360,25,164,-322,-14796,4040,3036,-1012,141,-295,-14824,-2444,5576,-461,318,-218,0
1504.9750089645386,10684,4736,10528,18,-203,17,9812,-9716,8248,34,158,-377,-14824,4156,2884,-1033,104,-6,-15080,-2424,5320,-474,348,-199,0
1505.0107810497284,10860,4708,11004,-47,-204,25,10132,-9440,8208,18,200,-293,-15000,4044,2736,-943,27,-185,-14988,-2520,5480,-468,235,-208,0
1505.0460720062256,10864,4700,10816,-128,-31,20,10172,-9236,8320,-25,200,-273,-14888,3968,2720,-905,67,-203,-14996,-2792,5392,-373,164,-214,0
1505.0832650661469,10716,4728,10740,-149,-141,-60,10092,-9668,8236,-45,292,-319,-14948,4156,2900,-931,-11,-166,-14684,-2424,5396,-431,199,-306,0
1505.1167619228363,10768,4712,10796,-110,-135,-87,9732,-9612,8276,16,356,-291,-15100,4292,2996,-998,-91,-165,-14924,-2408,5232,-534,212,-331,0
1505.1501791477203,10528,4612,10792,20,-160,-26,9780,-9624,8208,28,186,-207,-14736,4292,2680,-1051,-5,-206,-14984,-2320,5516,-610,206,-221,0
1505.1837351322174,10752,4704,10828,96,-100,136,10012,-9580,8156,-36,140,-133,-14888,4272,2592,-964,87,-125,-15016,-2352,5600,-561,98,-133,0
1505.2173221111298,10852,4644,10824,-78,-73,145,10164,-9492,8440,-42,81,-143,-14768,4060,2716,-964,108,-41,-14972,-2424,5532,-535,80,-155,0
1505.2506680488589,10608,4652,10732,-98,-9,124,9868,-9612,8240,30,81,-135,-14828,4076,2772,-1073,171,-66,-14816,-2324,5516,-498,109,-83,0
1505.2842791080475,10644,4672,10908,-41,-61,214,9904,-9632,8352,-8,-8,-181,-14636,4184,2692,-1116,229,-42,-14932,-2412,5620,-591,235,-15,0
1505.3178701400757,10704,4752,10920,-120,-125,276,10084,-9600,8372,-14,-71,-163,-14624,4140,2764,-1087,285,-82,-14948,-2616,5804,-260,175,26,0
1505.3516709804535,10668,4788,10656,23,-65,218,10168,-9492,8256,-51,-77,-232,-14996,4044,3004,-1064,273,-106,-14928,-2604,5504,-507,164,-58,0
1505.3851909637451,10684,4796,10628,-16,-105,148,10072,-9512,8076,-99,253,-227,-14912,4076,2868,-993,132,-79,-14956,-2460,5124,-526,160,-101,0
1505.4187519550323,10840,4636,10648,-123,-68,127,10048,-9468,8232,-81,70,-183,-14948,4132,2820,-1038,108,13,-14936,-2388,5436,-537,45,-83,0
1505.4520969390867,10984,4680,10740,-188,-242,123,10164,-9416,8212,-50,68,-95,-14880,4172,2936,-1031,145,54,-14668,-2464,5356,-262,39,-72,0
1505.4855210781097,10924,4772,10868,-121,-38,152,9908,-9516,8176,-81,24,-137,-14788,4324,2824,-1026,141,37,-14996,-2532,5404,-536,51,-24,0
1505.5193121433258,10780,4764,10740,-162,69,240,10084,-9712,8268,-59,57,-17,-14996,4032,2736,-966,154,64,-15072,-2448,5720,-763,-27,-44,0
1505.5529289245605,10680,4732,10780,-158,52,191,10200,-9600,8400,-131,50,-76,-14952,4056,2640,-970,140,1,-14780,-2408,5408,-488,107,-64,0
1505.5866301059723,10708,4660,10508,-160,-58,219,9816,-9508,8424,-55,70,-133,-14648,4236,3016,-1004,167,12,-14776,-2436,5504,-591,224,-39,0
1505.6200659275055,10620,4720,10520,-141,-89,252,9924,-9612,8244,35,39,-132,-14820,4124,2816,-1078,193,-86,-14812,-2428,5832,-588,207,-52,0
1505.657926082611,10988,4652,10720,15,-73,189,10084,-9520,7988,249,53,-239,-14908,4064,2816,-1077,191,-211,-15016,-2600,5260,-560,243,-101,0
1505.6916301250458,10868,4840,10664,-39,-113,127,10256,-9276,8216,-14,107,-205,-14960,3940,2828,-1029,98,-162,-15084,-2336,5292,-541,222,-112,0
1505.725170135498,10864,4952,10636,-122,-113,146,10016,-9340,8200,-5,160,-127,-14964,4284,2864,-961,96,-50,-15088,-2800,5448,-484,97,-100,0
1505.7588059902191,10916,4944,10556,-129,30,117,10232,-9396,8228,-52,153,-129,-15060,3952,3044,-967,102,-253,-15064,-2316,5212,-460,93,-110,0
1505.7923820018768,10872,4756,10656,-196,42,105,10124,-9400,7976,-87,168,-86,-14880,3968,2872,-951,19,32,-15028,-2536,5324,-507,55,-100,0
1505.8258590698242,10716,4736,10644,-180,36,118,10000,-9544,8220,-118,170,-38,-14600,4216,2852,-947,18,78,-15008,-2504,5200,-515,20,-103,0
1505.8591721057892,10756,4640,10688,-179,87,118,10000,-9568,8172,-116,141,-70,-14892,4276,3048,-948,54,99,-14836,-2488,5548,-767,68,-105,0
1505.8923399448395,10572,4628,10824,-148,14,138,10024,-9612,8268,-52,99,-72,-14788,4284,2716,-999,108,49,-14888,-2104,5536,-515,82,-21,0
1505.925754070282,10628,4580,10716,-103,-20,180,9980,-9732,8128,-78,59,-113,-14796,4452,2832,-1035,190,-30,-14612,-2372,5468,-540,106,-5,0
1505.959468126297,10708,4616,10840,-102,-67,240,9944,-9652,8144,-65,9,-104,-14796,4260,2760,-1052,204,-42,-14668,-2336,5640,-554,137,24,0
1505.9929790496826,10736,4660,10928,-101,-65,3,10048,-9640,8020,-35,-250,-119,-14816,4212,2560,-1062,221,-52,-14824,-2396,5608,-573,116,-1,0
1506.0265460014343,10684,4628,10724,-122,-19,267,10124,-9732,8112,-5,23,-118,-14900,4328,2824,-1049,220,-46,-14892,-2444,5664,-544,172,13,0
1506.060080051422,10644,4712,10744,-194,-81,202,10044,-9632,8220,16,26,-145,-14876,4192,3012,-1070,221,-64,-14812,-2440,5492,-541,191,16,0
1506.0934491157532,10612,4776,10668,-195,-56,210,10036,-9544,8388,-7,59,-207,-14652,4200,2580,-776,177,-103,-14964,-2432,5544,-540,169,7,0
1506.1306879520416,10600,4756,10708,-225,-152,225,10084,-9664,8208,-33,29,-185,-14668,4224,2804,-1063,193,-91,-14968,-2480,5540,-611,200,49,0
1506.1661510467527,10612,4712,10988,-190,-179,309,10176,-9424,8232,-53,-65,-167,-14768,3912,2820,-1041,285,-15,-15076,-2500,5376,-596,154,104,0
1506.2017600536349,10748,4692,10668,-160,-127,310,10164,-9520,8208,-65,-54,-155,-14868,4228,2588,-1130,290,-58,-14720,-2368,5296,-651,196,79,0
1506.2376770973206,10872,4488,10716,-218,-131,340,10040,-9552,7988,43,-140,-123,-14948,4308,2804,-1160,345,-20,-15124,-2324,5384,-595,173,165,0
1506.2729921340945,10804,4692,10616,-218,-49,396,10136,-9588,8040,-15,-147,-97,-14912,3996,2708,-1070,344,3,-15080,-2536,5540,-567,106,142,0
1506.3087019920347,10796,4648,10872,-269,-65,353,10208,-9552,8164,-11,-38,-79,-14976,4236,2860,-1083,510,-34,-15060,-2456,5440,-557,128,49,0
1506.344351053238,10824,4676,10752,-281,-72,277,10132,-9568,8104,-25,59,-89,-14980,4176,2688,-1279,163,-245,-15028,-2328,5500,-523,65,244,0
1506.380587100983,10548,4636,10740,-323,-95,191,10244,-9556,8188,-27,137,-129,-14996,4088,2688,-973,161,-65,-14996,-2440,5172,-451,100,-44,0
1506.4162249565125,10668,4400,10736,-365,-140,114,10156,-9536,8224,-46,207,-272,-14904,3988,2856,-908,138,-196,-14792,-2472,5580,-391,217,-135,0
1506.4522800445557,10608,4656,10708,-325,-238,18,10064,-9524,7976,-42,0,-338,-14768,4104,2968,-917,68,-192,-14848,-2520,5368,-425,288,-160,0
1506.488084077835,10504,4576,10616,-261,-253,39,9980,-9536,8088,-17,167,-344,-14756,4352,2712,-770,86,-192,-14940,-2196,5524,-449,270,-69,0
1506.5236670970917,10832,4584,10744,-216,-204,136,10124,-9576,8056,-22,57,-257,-14892,4288,2512,-945,192,-141,-15064,-2188,5492,-465,212,-1,0
1506.5597500801089,10816,4500,10496,-215,-224,235,10052,-9684,7952,-49,-246,-233,-14932,4212,2752,-1273,224,-74,-14920,-2256,5620,-479,171,-44,0
1506.5950140953064,10564,4416,10728,-197,-187,213,10192,-9824,7936,17,101,-184,-15016,4224,2600,-1277,162,-119,-15100,-2304,5628,-476,145,-66,0
1506.6307499408722,10940,4444,10780,-276,-141,188,10148,-9564,8212,-32,158,-142,-15052,4108,2584,-981,69,-49,-14972,-2396,5424,-471,122,-116,0
1506.6660740375519,10856,4604,10636,-295,-161,89,10148,-9484,7992,-77,226,-182,-14896,4132,2704,-873,37,-82,-14844,-2156,5572,-471,111,-170,0
1506.7017679214478,10744,4464,10756,-249,-165,62,10112,-9504,8276,-9,285,-209,-15008,4100,2552,-1062,61,-115,-14900,-2512,5564,-502,192,-143,0
1506.7377231121063,10828,4572,10736,-181,-182,75,10224,-9632,8216,38,155,-226,-14864,4100,2452,-1007,92,-150,-14940,-2272,5476,-500,170,-87,0
1506.773885011673,10816,4480,10708,-91,-141,129,10028,-9536,7952,-33,66,-239,-15096,4176,2636,-994,126,-115,-15080,-2548,5400,-462,150,-66,0
1506.80752491951,10852,4448,10692,-116,-123,133,10180,-9524,8196,-39,77,-203,-14976,4220,2616,-983,72,-92,-15096,-2236,5444,-465,182,-141,0
1506.8410861492157,10820,4444,10996,-223,-119,113,10092,-9608,8080,81,213,-153,-14936,4268,2516,-957,43,-75,-14880,-2284,5740,-491,148,-179,0
1506.874408006668,10756,4472,10684,-117,-22,56,10156,-9616,8280,-6,244,-128,-14920,4488,2664,-946,45,-103,-14980,-2352,5524,-451,161,-179,0
1506.9075610637665,10720,4448,10740,-177,-69,47,9956,-9684,8128,52,224,-206,-14776,4252,2624,-1004,76,-174,-14944,-2316,5568,-489,250,-201,0
1506.9410049915314,10984,4612,10512,-133,-88,61,10012,-9596,8096,34,180,-224,-14852,3920,2756,-1044,103,-107,-14824,-2356,5508,-454,221,-172,0
1506.9745450019836,10700,4584,10624,-58,-88,76,10036,-9452,8196,-17,154,-222,-14912,3884,2836,-1262,123,-129,-14892,-2396,5368,-456,159,-116,0
1507.0080530643463,10912,4700,10780,-95,-87,78,10148,-9460,8148,-79,125,-203,-15000,4100,2340,-955,106,-88,-15060,-2356,5396,-504,137,-126,0
1507.0416481494904,11028,4552,10768,-67,-58,100,10136,-9604,8384,-67,87,-174,-14852,4252,2568,-1043,97,-47,-14856,-2316,5408,-539,82,-126,0
1507.0754759311676,10892,4544,10772,-88,-33,104,10108,-9572,8032,-44,76,-98,-15048,4228,2372,-1033,85,250,-15000,-2228,5396,-531,38,-167,0
1507.1090779304504,10988,4492,10652,-51,31,125,10172,-9552,8172,-76,144,-73,-15276,4260,2580,-991,86,53,-15044,-2252,5364,-533,1,-175,0
1507.1424739360807,11216,4444,10756,-66,35,93,10108,-9548,8160,-61,220,-56,-14856,4264,2584,-1028,46,67,-14948,-2272,5564,-530,-25,-189,0
1507.1760511398315,10980,4524,10888,-104,73,67,10120,-9632,8348,-51,199,-75,-14848,4156,2660,-774,9,-247,-14900,-2396,5420,-556,1,-231,0
1507.2098009586334,10696,4656,10548,-31,31,61,10000,-9636,8144,-82,204,-108,-14848,4180,2728,-1008,-246,-17,-15072,-2416,5476,-536,5,-235,0
1507.243420124054,10676,4644,10748,252,2,49,10060,-9544,8132,-44,230,-106,-14868,4292,2800,-1042,245,-35,-15092,-2396,5616,-532,2,-235,0
1507.2770640850067,10656,4608,10664,-22,13,62,10004,-9652,8216,-62,194,-109,-15080,4268,2808,-1000,21,-21,-15008,-2340,5520,-531,37,-199,0
1507.3107011318207,10568,4644,10808,-34,22,67,10060,-9680,8208,-121,155,-112,-14824,4196,2784,-987,31,35,-14948,-2256,5340,-544,-254,-188,0
1507.3441219329834,10724,4528,10724,15,-250,95,10052,-9632,8064,-42,131,-67,-14812,4340,2700,-771,39,54,-14852,-2292,5672,-587,10,-154,0
1507.3774859905243,10648,4424,10704,-20,56,157,10012,-9728,8092,-16,83,-28,-14840,4260,2640,-1028,97,0,-14672,-2268,5496,-544,0,-139,0
1507.4107100963593,10852,4464,10596,-68,48,172,10120,-9632,8196,-48,63,-87,-14960,4164,2608,-1068,130,-20,-14612,-2324,5504,-539,92,-133,0
1507.4442830085754,10808,4616,10780,-50,21,158,10044,-9656,8000,-48,140,-60,-14900,4316,3008,-1022,48,38,-15028,-2452,5528,-578,24,-175,0
1507.4779579639435,10880,4360,10980,-56,54,100,10180,-9560,8320,13,224,-26,-14940,4260,2900,-987,6,56,-14876,-2428,5588,-564,14,-229,0
1507.5117509365082,10748,4800,10744,-72,52,69,10060,-9244,8284,-38,230,-54,-14616,3876,2852,-980,-11,-14,-14808,-2460,5464,-569,20,-200,0
1507.5450260639193,10960,4824,10576,-87,17,51,10000,-9556,8340,-113,217,-99,-14792,4156,2704,-959,18,-30,-14932,-2516,5508,-563,35,-180,0
1507.5786390304565,10668,4656,11004,-94,-24,70,10048,-9520,8236,-14,175,-95,-14960,4228,2776,-1012,48,-51,-14928,-2392,5596,-538,48,-183,0
1507.612200975418,10496,4668,10640,-73,50,82,9892,-9620,8140,-252,154,-46,-15068,4140,3012,-1009,50,50,-14880,-2436,5488,-505,60,-167,0
1507.6455099582672,10676,4708,10908,-115,23,148,9908,-9596,8192,-90,157,-75,-14840,4256,2756,-993,67,72,-14632,-2540,5688,-269,40,-142,0
1507.6792941093445,10672,4580,10816,-122,-5,153,10008,-9708,8164,-108,115,-94,-14860,4532,2800,-991,115,67,-14936,-2276,5640,-558,5,-112,0
1507.7128739356995,10896,4536,10888,-83,23,200,9948,-9680,8184,-103,105,-25,-14920,4156,2624,-1052,97,40,-14992,-2440,5688,-544,-9,-85,0
1507.7464709281921,10684,4520,10808,-127,50,183,9920,-9620,8144,-46,104,-63,-14752,4352,2876,-1043,101,12,-14712,-2300,5620,-531,28,-106,0
1507.7799091339111,10660,4568,10744,-102,35,209,9896,-9668,8112,-79,88,-44,-14836,4348,2892,-1058,139,3,-14936,-2412,5640,-542,43,-127,0
1507.817624092102,10684,4580,10632,-101,-28,186,10228,-9624,8044,-28,134,-52,-14792,4300,2684,-1040,110,43,-15008,-2412,5704,-540,63,-132,0
1507.852772951126,10672,4704,10776,-159,26,155,9884,-9640,8216,-34,114,-114,-14724,4400,2788,-1062,142,-32,-14736,-2384,5788,-540,49,-105,0
1507.8881499767303,10644,4620,10740,-136,-14,128,9924,-9740,8296,-22,69,-147,-14616,4316,2752,-1056,143,-48,-15040,-2420,5644,-479,110,-69,0
1507.9233901500702,10736,4612,10756,-207,-56,175,10220,-9660,8196,-9,84,-182,-14764,4284,2664,-1076,189,-93,-14848,-2512,5576,-417,187,-62,0
1507.9593341350555,10648,4592,10808,-297,-149,150,9740,-9744,7952,245,165,-214,-14828,4584,2616,-1000,132,-51,-14772,-2392,5736,-503,175,-66,0
1507.994605064392,10552,4656,10532,-195,-135,106,9912,-9840,8392,-47,93,-245,-14864,4340,2736,-1006,152,-68,-14884,-2484,5728,-512,162,-65,0
1508.0307369232178,10984,4676,10788,-183,-119,138,10028,-9724,8112,-98,90,-243,-15052,4252,2752,-1259,195,-142,-14992,-2416,5596,-475,210,-34,0
1508.0655570030212,10780,4712,10792,-205,-110,115,9908,-9728,8056,-45,125,-224,-14872,4320,2800,-1026,158,-57,-14752,-2360,5592,-526,214,-70,0
1508.1016891002655,10604,4532,10540,-235,-30,157,9904,-9664,8116,253,121,-157,-14892,4344,2572,-1009,137,-45,-14972,-2300,5640,-546,97,-37,0
1508.1373951435087,10764,4584,10820,-182,35,198,10184,-9508,8180,-18,86,-98,-14912,4576,2796,-1028,183,-247,-14980,-2320,5496,-478,86,-30,0
1508.1722860336304,10816,4508,10516,-298,250,195,10184,-9652,8160,-7,66,-133,-14600,4240,2616,-1018,176,-30,-15056,-2404,5436,-485,90,-48,0
1508.2078621387482,10496,4612,10764,-242,-28,174,10052,-9612,8412,-49,95,-161,-14948,4300,2608,-975,171,-36,-14932,-2444,5444,-463,129,-26,0
1508.2426779270172,10716,4452,10720,-299,-85,143,10092,-9492,8028,21,137,-187,-14916,4308,2864,-1014,184,-60,-14768,-2368,5848,-470,219,-73,0
1508.2782130241394,10708,4568,10776,-287,-127,101,9748,-9724,8164,46,176,-222,-15080,4488,2816,-1035,63,-60,-14672,-2308,5676,-488,184,-82,0
1508.313581943512,10592,4552,10812,-251,-84,120,9956,-9656,8396,43,179,-165,-14800,4456,2596,-1001,65,-73,-14780,-2360,5676,-491,139,-66,0
1508.3498461246493,10560,4696,10864,-273,-93,149,9860,-9732,8432,-15,115,-152,-14752,4400,2768,-977,90,-21,-14712,-2356,5660,-508,167,-90,0
1508.3847651481628,10556,4528,10724,-224,-103,172,10236,-9776,8132,38,99,-156,-14856,4444,2720,-969,128,-104,-14820,-2528,5684,-760,130,-56,0
1508.420238018036,10748,4560,10996,-2,-114,214,9980,-9704,8172,43,78,-181,-14772,4268,2816,-1058,158,-68,-15072,-2196,5384,-524,205,-17,0
1508.4566159248352,10736,4488,10952,-213,-153,232,10048,-9712,8144,49,100,-172,-14980,4416,2712,-1033,170,-106,-14632,-2256,5544,-547,188,-16,0
1508.4901230335236,10656,4528,10516,-261,-222,259,10056,-9744,8088,49,93,-116,-14816,4384,2768,-997,153,-71,-14872,-2364,5612,-513,180,-48,0
1508.5234150886536,10648,4464,10504,-227,-162,235,9996,-9636,8152,65,83,-165,-14864,4412,2620,-1063,151,-67,-14624,-2536,5500,-526,221,-38,0
1508.557090997696,10668,4544,10992,-172,-187,183,9956,-9692,8096,24,100,-182,-14640,4364,2640,-1062,141,-134,-14852,-2372,5500,-269,205,-85,0
1508.5908849239347,10968,4820,10776,-92,-136,144,10108,-9536,8116,-35,44,-229,-14868,4244,2864,-1076,133,-127,-14848,-2392,5516,-490,204,-86,0
1508.6240351200104,10848,4552,10804,-142,-152,140,10024,-9584,8172,-55,90,-223,-14796,4308,2476,-1053,135,-82,-14916,-2520,5576,-498,180,-102,0
1508.6574110984802,10860,4348,10816,-107,-50,125,10236,-9572,7964,-51,114,-173,-14848,4348,2736,-1061,89,-253,-15028,-2352,5632,-507,110,-122,0
1508.691064119339,10944,4512,10556,-150,38,100,10048,-9724,8024,-15,157,-79,-14848,4388,2752,-1061,77,50,-15024,-2092,5424,-460,62,-83,0
1508.7243189811709,10816,4460,10828,-205,74,144,10036,-9664,8200,-48,116,-97,-14836,4300,2636,-1013,150,36,-14752,-2276,5568,-429,115,-45,0
1508.7579381465912,10696,4556,10984,-135,46,154,9904,-9736,8168,-59,36,-139,-14744,4436,2972,-1077,185,-29,-14784,-2412,5636,-478,155,-34,0
1508.7917239665983,10704,4456,10860,-79,-246,169,10004,-9796,8064,-83,2,-152,-14908,4368,2876,-1021,129,11,-15036,-2196,5712,-538,141,-38,0
1508.8249790668488,10776,4428,10804,-156,-6,181,10108,-9740,8064,-139,85,-103,-14932,4312,2488,-1055,105,41,-14892,-2308,5664,-543,36,-76,0
1508.8586311340332,10976,4552,10548,-52,63,159,10240,-9680,8192,-148,108,-18,-14968,4236,2796,-1042,35,86,-15056,-2440,5428,-587,-39,-164,0
1508.8918149471283,10940,4500,10876,-65,89,102,10060,-9620,8256,-108,191,-34,-14928,4304,2584,-1031,23,61,-14944,-2240,5612,-506,-122,-206,0
1508.9249920845032,10800,4448,10724,-106,194,50,10040,-9620,8080,-111,178,-82,-14896,4252,2592,-1029,46,58,-14792,-2360,5580,-418,-65,-177,0
1508.9587090015411,10692,4832,10764,-151,164,26,10024,-9604,8232,-129,241,-4,-14872,4404,2672,-954,-39,176,-15032,-2396,5616,-457,-47,-152,0
1508.992327928543,10988,4776,10872,-276,180,59,10188,-9740,8064,-221,244,33,-15100,4400,2768,-1008,-85,220,-15044,-2356,5696,-465,-90,-126,0
1509.0253829956055,10680,4512,10872,-502,206,100,9928,-9800,8060,-154,261,103,-14832,4444,2388,-978,-28,247,-14952,-2356,5728,-502,-150,-127,0
1509.0590739250183,10512,4520,10988,-169,272,113,9896,-9824,8036,-142,177,34,-14732,4368,2732,-980,67,187,-14592,-2432,6120,-427,-100,-78,0
1509.0926251411438,10320,4448,10828,-160,162,110,9532,-9792,8128,-137,29,-142,-14652,4296,2820,-959,182,13,-14544,-2356,5792,-441,47,-123,0
1509.1262040138245,10072,4192,10860,-58,-57,91,9736,-9868,7924,-128,15,-288,-14672,4472,2988,-814,39,-147,-14792,-2104,5800,-438,243,-138,0
1509.1595051288605,10488,4536,10908,-170,-166,48,9812,-9720,8088,-71,122,-366,-14564,4408,2724,-823,103,-211,-14764,-2724,5648,-297,291,-91,0
1509.1930301189425,10476,4488,10904,-247,-235,-20,9896,-9728,8108,-151,165,-462,-14904,4280,2596,-786,164,-320,-14844,-2468,5848,-245,362,-112,0
1509.2264740467072,10700,4576,11024,-266,-317,-71,10124,-9856,8296,-118,160,-571,-15008,4304,2752,-838,162,-372,-14916,-2496,5440,-214,392,-220,0
1509.2597439289093,10704,4696,10888,-247,-384,-152,10128,-9604,8084,-77,210,-638,-14920,4096,2700,-859,86,-316,-14980,-2368,5416,-217,409,-277,0
1509.293375968933,10832,4552,10840,-176,-317,-159,10204,-9744,8120,-81,226,-587,-14928,4448,2716,-929,13,-276,-14988,-2484,5412,-325,350,-287,0
1509.327073097229,10508,4544,10744,-175,-227,-170,10028,-9640,8128,-69,168,-492,-14808,4768,2608,-918,25,-196,-14640,-2216,5656,-338,240,-221,0
1509.3606190681458,10528,4408,10780,-153,-125,-68,10200,-9744,8072,-69,151,-338,-15072,4860,2796,-877,42,-93,-14812,-2148,5664,-353,109,-196,0
1509.393903017044,10688,4568,10640,-163,-72,-19,9960,-9876,8120,-38,185,-241,-15028,4524,2616,-923,36,-67,-14624,-2200,5816,-434,110,-189,0
1509.4272141456604,10580,4492,10960,-106,-15,14,9976,-9796,7976,-53,118,-231,-14848,4552,2968,-963,98,-91,-14884,-2256,5708,-464,104,-174,0
1509.4604840278625,10612,4492,11084,-128,-47,61,9948,-9784,8028,-16,117,-173,-14708,4700,2768,-1022,108,-14,-15032,-2284,5672,-518,90,-114,0
1509.4981429576874,10536,4524,10928,-95,-3,123,9956,-9844,8088,-26,94,-140,-14704,4532,2708,-974,160,-20,-14824,-2448,5744,-764,44,-137,0
1509.533259153366,10588,4512,10868,-172,-37,104,10012,-9716,7860,-74,167,-201,-14864,4372,2692,-984,136,-78,-14832,-2320,5732,-458,121,-184,0
1509.5682649612427,10580,4496,10872,-217,-1,20,10064,-9500,8092,-46,172,-250,-14768,4368,2976,-928,115,-116,-14860,-2336,5688,-361,194,-171,0
1509.6039440631869,10740,4768,10500,-276,-83,-7,10064,-9840,7824,-35,238,-293,-14824,4384,2788,-895,27,-115,-14808,-2456,5700,-384,211,-220,0
1509.639769077301,10644,4600,10884,-244,-196,-46,10100,-9776,8400,-32,331,-335,-14908,4340,2980,-851,-83,-17,-14880,-2504,5680,-483,192,-359,0
1509.675066947937,10520,4628,10984,-104,-279,-159,10132,-9704,8116,3,372,-429,-14900,4360,2560,-884,-109,-335,-14992,-2308,5528,-419,276,-375,0
1509.71102809906,10728,4652,10864,-134,-268,-195,10064,-9512,8128,1,431,-392,-14868,4400,2584,-883,-121,-503,-15040,-2300,5528,-430,265,-350,0
1509.7471210956573,10800,4560,10684,-240,-164,-114,9972,-9496,8140,11,364,-290,-14732,4468,2800,-864,-88,-179,-14752,-2196,5504,-471,197,-219,0
1509.782336950302,10756,4468,10676,-234,-159,-31,9952,-9636,8052,30,328,-249,-15040,4332,2636,-906,-2,-215,-14880,-2052,5672,-454,238,-191,0
1509.8179349899292,10676,4640,10844,-296,-65,57,9740,-9632,8140,0,195,-265,-14796,4460,2888,-966,159,-157,-14900,-2068,5704,-448,1,-24,0
1509.853136062622,10740,4532,10736,-431,-214,191,9936,-9728,8120,-19,169,-197,-14724,4464,2700,-985,157,-72,-14696,-2280,5804,-551,220,250,0
1509.888610124588,10304,4468,10804,-283,-243,254,9844,-9860,8112,106,137,-198,-14768,4572,2564,-1162,298,-253,-15060,-2228,5856,-485,301,6,0
1509.9240000247955,10572,4472,10784,-201,-230,226,10036,-9688,8024,13,-19,-326,-14900,4548,2924,-993,288,-208,-14880,-2452,5636,-357,284,2,0
1509.959079027176,10856,4532,10792,-335,-224,197,10124,-9664,7940,-99,120,-215,-14940,4432,2656,-951,117,-125,-14928,-2300,5620,-506,250,12,0
1509.994651079178,10600,4444,10820,-326,-312,285,9888,-9592,8088,103,66,-136,-14712,4588,2776,-1001,151,-152,-14580,-2364,5624,-651,504,-11,0
1510.0299229621887,10596,4504,10568,-144,-257,342,9936,-9784,8248,88,-55,-160,-14596,4252,2436,-1143,309,-175,-14648,-2240,5636,-671,287,138,0
1510.065036058426,10784,4472,10808,-210,-205,448,10012,-9612,8056,95,-231,-151,-14636,4456,2464,-1191,474,-50,-15068,-2264,5640,-548,289,241,0
1510.1008551120758,10968,4480,10932,-249,-250,525,9980,-9480,8412,32,-381,-185,-14940,4340,2708,-1239,556,-76,-14864,-2496,5584,-536,309,221,0
1510.1369230747223,10596,4424,10972,-332,-351,467,10160,-9744,8036,81,-221,-237,-14908,4228,2912,-1153,407,-210,-15088,-2324,5608,-541,321,54,0
1510.170459985733,10704,4504,10928,-4,-434,301,10160,-9732,8204,48,-14,-260,-15092,4272,2932,-1048,119,-255,-15028,-2488,5848,-557,316,-116,0
1510.2039849758148,10840,4528,10860,-219,-399,146,10204,-9608,8244,48,184,-290,-15020,4268,2972,-1272,46,-237,-15008,-2360,5688,-537,281,-172,0
1510.2374520301819,10860,4548,10880,-155,-349,90,10012,-9520,8356,-61,194,-300,-14920,4156,2492,-978,73,-170,-14840,-2400,5528,-510,245,-112,0
1510.2711610794067,10520,4512,10516,-164,-304,84,10164,-9496,8128,-75,121,-313,-14812,4312,2616,-964,161,-155,-14964,-2300,5384,-450,267,-87,0
1510.3045101165771,10848,4476,10540,-234,-352,136,10200,-9488,8120,-41,117,-290,-15084,4212,2660,-960,142,-239,-14968,-2228,5428,-406,350,-83,0
1510.3382041454315,10948,4364,10588,-229,-351,158,10048,-9512,7940,251,111,-299,-14832,4212,2484,-948,171,-220,-14968,-2212,5424,-376,349,-6,0
1510.3718099594116,10952,4428,10620,-251,-369,212,10032,-9632,8180,-6,20,-285,-14820,4248,2392,-973,266,-191,-15000,-2272,5404,-425,339,31,0
1510.4054501056671,10820,4352,10708,-231,-421,254,10124,-9628,8180,-54,22,-249,-14888,4380,2548,-964,506,-139,-14960,-2228,5532,-455,323,36,0
1510.438812971115,10912,4376,10868,-255,-429,289,10120,-9692,8180,-47,31,-223,-14648,4280,2540,-1002,251,-154,-14984,-2200,5680,-448,306,15,0
1510.4723401069639,10900,4324,10824,-279,-385,2,10052,-9744,8168,-5,110,-210,-14960,4364,2644,-1001,235,-185,-14880,-2088,5596,-472,284,-12,0
1510.5057780742643,10948,4300,10628,-231,-372,231,10156,-9632,8180,-15,114,-241,-14968,4200,2588,-915,216,-161,-14988,-2160,5536,-481,231,-17,0
1510.5391459465027,10920,4388,10408,-231,-371,216,10120,-9524,8156,-76,112,-4,-14868,4212,2548,-903,228,-153,-15060,-2296,5504,-461,248,-254,0
1510.5726380348206,10956,4600,10652,-7,-387,198,10024,-9616,8092,-98,41,-270,-14888,4256,2712,-966,252,-194,-15040,-2288,5456,-425,293,40,0
1510.6064009666443,11024,4416,10512,-272,-368,239,10164,-9524,8108,-144,213,-381,-14920,4232,2600,-965,287,-199,-14924,-2540,5348,-435,329,58,0
1510.6395111083984,10836,4344,10756,-311,-398,234,10152,-9524,8092,-100,61,-314,-14888,3880,2448,-960,308,-196,-14968,-2168,5180,-417,316,58,0
1510.6756451129913,11108,4364,10612,-296,-449,209,10164,-9624,8156,-107,-236,-332,-15060,4136,2648,-1017,323,-232,-14988,-2140,5316,-437,319,85,0
1510.7096199989319,11116,4252,10704,-276,-431,254,10048,-9632,8184,-129,-48,-324,-14980,4272,2624,-941,300,-154,-14996,-2200,5356,-495,320,28,0
1510.7429809570312,11220,4232,10536,-182,-396,198,10292,-9696,8060,-187,-20,-290,-15040,3884,2712,-919,223,-122,-15236,-2156,5464,-476,204,-36,0
1510.7766180038452,11296,4108,10304,-112,-234,123,10436,-9584,7892,-124,100,-246,-15048,4072,2412,-910,62,-93,-14984,-2008,5304,-470,121,-174,0
1510.8101289272308,11272,4200,10524,-305,-183,52,10324,-9580,7988,5,253,-186,-14992,4204,2596,-911,-59,-69,-15036,-2036,5384,-480,128,-198,0
1510.8435220718384,11212,4328,10576,-10,-125,28,10236,-9724,8132,-61,352,-146,-15044,4196,2400,-997,-58,-77,-15000,-2108,5588,-471,72,-137,0
1510.8770871162415,11208,4224,10580,-309,-183,86,10240,-9592,8148,14,201,-181,-14980,4280,2772,-1257,45,-56,-14996,-2136,5376,-458,157,-63,0
1510.9105670452118,11028,4316,10556,-284,-227,140,10004,-9600,8048,21,71,-196,-14920,4184,2620,-986,134,-25,-14848,-2184,5476,-445,132,-81,0
1510.9438581466675,11064,4148,10628,-190,-198,151,10120,-9608,8008,-22,84,-174,-14948,4156,2656,-1021,28,-61,-14992,-2148,5540,-511,79,-128,0
1510.977371931076,11068,4332,10620,-163,-179,155,10192,-9644,7936,-19,148,-140,-15064,4212,2588,-994,-69,-44,-14944,-2252,5424,-517,33,-189,0
1511.0109860897064,11256,4204,10528,-147,-170,77,10176,-9612,8044,-34,228,-82,-14860,4280,2484,-995,-94,-28,-15056,-2140,5404,-260,2,-252,0
1511.0444390773773,11076,4172,10592,-153,-74,23,10116,-9548,8128,58,232,-179,-14876,4184,2680,-1022,-83,-51,-14928,-2232,5364,-471,25,-248,0
1511.0781221389773,11104,4280,10588,-188,-71,-24,10428,-9700,8032,52,6,-185,-14976,4244,2304,-981,-130,-103,-14884,-2216,5380,-441,63,-312,0
1511.1118171215057,11156,4300,10596,-182,-155,-42,10164,-9744,8116,-6,511,-229,-14868,4288,2880,-932,-133,-186,-18000,-2464,5968,-473,172,-301,0
1511.1447291374209,10988,4212,10676,-202,-254,6,9912,-9624,8152,28,202,-303,-14736,4280,2684,-955,-24,-215,-14740,-2196,5448,-564,246,-254,0
1511.1822469234469,10888,4176,10368,254,-190,27,9888,-9368,7916,36,154,-231,-14584,4240,2452,-1074,56,-133,-14940,-2132,5444,-583,151,-231,0
1511.2181649208069,11160,4244,10400,-10,63,22,10164,-9420,8108,252,9,-84,-14704,4132,2452,-1020,-76,120,-15004,-2192,5276,-567,-108,-283,0
1511.2536311149595,11312,4180,10176,-84,489,-99,10420,-9420,7884,-36,342,161,-15060,4172,2452,-1124,-316,309,-15268,-2164,5396,-516,-463,-411,0
1511.2897429466248,11348,4120,10712,-215,808,-159,10488,-9568,8088,-9,264,340,-15340,4124,2652,-1044,-486,477,-15256,-2180,5508,-539,-554,-364,0
1511.3255400657654,11368,4440,11004,-99,701,-59,10400,-9968,8292,-175,364,343,-15200,4248,2744,-1011,-427,428,-15104,-2232,5600,-675,-494,-407,0
1511.361155986786,11256,4272,10748,34,658,-62,10304,-9592,8268,130,453,397,-14924,4264,2876,-1051,-445,393,-14872,-2432,5588,-649,-572,-514,0
1511.3961989879608,10872,4592,10572,-111,815,-142,9940,-9552,8320,136,521,309,-14672,4152,2908,-975,-407,321,-14752,-2536,5800,-587,-329,-463,0
1511.4323470592499,10608,4444,10956,-1,536,-204,9788,-9776,8244,64,387,-16,-14352,4344,2784,-1016,-239,222,-14524,-2052,5840,-566,8,-447,0
1511.4680070877075,10748,4152,10692,135,267,-194,9776,-9380,7916,227,422,-148,-14756,4332,2844,-1279,-222,-56,-14688,-2536,5860,-501,50,-412,0
1511.5033450126648,10576,3880,10880,170,174,-314,9880,-9680,8016,-50,381,-192,-14752,4532,2764,-827,-200,-45,-15036,-2532,5912,-484,48,-413,0
1511.5391309261322,10984,4220,10996,3,117,-307,9896,-9916,8260,121,432,-249,-14792,4732,3004,-923,-332,-128,-14828,-2272,5732,-416,148,-379,0
1511.574105978012,10772,4372,10584,-77,181,-242,9760,-9484,8376,148,465,-123,-14804,4488,2716,-1040,-145,-70,-14916,-2396,5712,-480,-40,-343,0
1511.6097240447998,10804,4632,10964,-101,281,-113,9796,-9636,8680,195,290,-30,-14816,4580,3004,-1142,-138,5,-14716,-2540,5792,-581,-78,-297,0
1511.644995927811,10836,4576,10916,-12,310,-83,9780,-9684,8408,18,212,-66,-14764,4452,2976,-1131,-162,69,-14756,-2420,5824,-578,-66,-338,0
1511.6807699203491,10656,4460,11032,73,142,-45,9892,-9308,8220,95,295,11,-14784,4184,3140,-1008,-113,43,-14756,-2624,5804,-593,-53,-361,0
1511.7161560058594,10728,4604,10840,136,158,-84,9552,-10100,8228,-80,158,-172,-14836,4392,2976,-877,-182,-75,-14900,-2368,5752,-751,-52,-359,0
1511.7518229484558,10740,4704,10512,142,146,-142,10136,-9796,8564,231,306,-123,-14844,4280,2976,-1041,-379,-34,-14596,-2344,5492,-600,24,-425,0
1511.7877390384674,10660,3932,10676,164,179,-221,10036,-9344,8380,348,542,-64,-14832,4180,3232,-968,-97,-41,-14912,-2724,5688,-624,-73,-408,0
1511.8233649730685,10596,4752,10632,23,263,-173,9844,-9240,8608,82,242,-97,-14624,4232,2884,-1034,-234,228,-14708,-2436,5680,-566,91,-379,0
1511.8569560050964,10632,4664,10556,120,508,-137,9632,-9364,8452,35,326,-135,-14472,4276,3296,-1025,-31,6,-14636,-2780,5776,-483,-250,-288,0
1511.8902480602264,10412,4616,10856,-19,142,-54,9632,-9640,8456,-136,73,-272,-14828,4408,2872,-938,15,-45,-14820,-2720,5964,-543,101,-229,0
1511.9238049983978,10480,4800,10832,86,68,-41,9876,-9624,8444,-116,79,-289,-14748,4416,3184,-909,26,-48,-14696,-2684,5780,-463,50,-185,0
1511.9573829174042,10520,4708,10960,-37,25,41,9816,-9520,8348,-198,196,-191,-14732,4520,3108,-928,32,-46,-14820,-2576,6024,-513,25,-199,0
1511.9908690452576,10556,4784,10692,-117,86,30,9812,-9720,8352,-107,278,-50,-14720,4488,3192,-977,6,104,-15060,-2620,5756,-505,-83,-160,0
1512.024374961853,10548,4804,10716,-197,228,129,9764,-9520,8524,-108,240,26,-14700,4400,3160,-1086,146,181,-14836,-2812,5920,-538,-129,-47,0
1512.0579090118408,10252,4860,10732,-93,322,163,9728,-9692,8420,-207,73,19,-14752,4488,3364,-1067,111,197,-14740,-2780,5692,-593,-182,-43,0
1512.0914680957794,10736,4808,10964,-120,183,209,9828,-9668,8668,-192,57,34,-14720,4416,3152,-1062,119,160,-14652,-2736,5804,-623,-132,10,0
1512.1249780654907,10724,4672,10868,-180,169,238,9748,-9628,8408,-110,143,89,-14700,4512,3216,-917,53,120,-14596,-2636,5828,-576,-71,-54,0
1512.158329963684,10572,4620,10892,-87,88,217,9812,-9648,8296,-169,175,23,-14700,4452,3036,-939,62,88,-14740,-2764,5912,-551,-40,-91,0
1512.1913249492643,10404,4732,10984,-169,84,165,9804,-9760,8388,-79,224,12,-14644,4584,3252,-1011,70,104,-14752,-2732,5900,-472,-20,-77,0
1512.2248470783234,10484,4652,11168,-186,205,153,9768,-9816,8328,-85,122,-67,-14640,4528,3172,-1045,145,59,-14752,-2588,6004,-459,5,-96,0
1512.2583079338074,10404,4572,10780,-153,205,103,9528,-9768,8524,-84,125,-111,-14776,4600,3168,-1046,79,16,-14752,-2680,6060,-449,51,-159,0
1512.2917931079865,10408,4552,11096,-144,118,36,9908,-9924,8312,94,215,-155,-14764,4576,3208,-1074,23,-67,-14824,-2308,5932,-482,129,-249,0
1512.3254280090332,10192,4432,11188,-102,91,-49,9740,-9836,8284,107,198,-267,-14500,4552,2824,-1047,-8,-158,-14532,-2692,6156,-501,285,-208,0
1512.3592269420624,10004,4688,11192,-96,-71,-46,9684,-9836,8388,65,173,-359,-14556,4816,3188,-1035,52,-209,-14764,-2504,5896,-515,327,-153,0
1512.3925249576569,10276,4680,11220,-26,-62,-13,9532,-9832,8308,36,91,-427,-14640,4684,3240,-1095,156,-249,-14780,-2704,5764,-519,339,-170,0
1512.4261100292206,10520,4780,11036,81,-120,-7,9652,-9908,8396,28,70,-509,-14716,4488,2984,-1138,146,-33,-14704,-2656,5852,-588,351,-210,0
1512.4596660137177,10240,4848,10876,68,-167,-87,9820,-9784,8272,133,123,-465,-14784,4484,3040,-1223,64,-506,-14704,-2592,5812,-647,278,-328,0
1512.493092060089,10340,4360,10824,118,-124,-162,10076,-9660,8128,227,508,-466,-15080,4476,3196,-1241,-88,-506,-14732,-2668,5884,-688,252,-402,0
1512.5268609523773,10444,4688,11124,93,-93,-209,10020,-9632,8228,266,421,-320,-14840,4472,3180,-1175,-234,-504,-14844,-3048,5864,-619,231,-473,0
1512.560359954834,10532,4876,10832,9,-77,-236,9756,-9580,8412,312,471,-314,-14796,4528,3088,-1117,-214,-232,-14804,-2992,6092,-560,171,-455,0
1512.5937471389773,10364,5016,11036,-55,-71,-182,9980,-9232,8604,195,397,-294,-14636,4364,3460,-1064,-152,-196,-14772,-3048,5840,-519,151,-314,0
1512.6274070739746,10412,5144,10840,10,-71,-66,9700,-9412,8524,72,276,-267,-14492,4380,3368,-1036,15,-112,-14716,-2948,5736,-492,162,-219,0
1512.660651922226,10308,5136,10780,-73,-144,47,9596,-9256,8472,-19,139,-232,-14496,4260,3544,-1043,119,-77,-14744,-2964,6052,-493,145,-98,0
1512.694303035736,10376,5132,10744,-93,-126,144,9632,-9708,8660,-89,71,-208,-14604,4556,3392,-1013,212,-19,-14812,-2848,5840,-519,112,-52,0
1512.727949142456,10408,5060,10968,-137,-103,175,9912,-9544,8596,-101,83,-157,-14760,4540,3140,-1003,116,-10,-14764,-2836,6020,-526,87,-69,0
1512.7615959644318,10296,4916,10916,-221,-69,177,9728,-9576,8336,-26,96,-124,-14712,4392,3568,-1022,125,-57,-14708,-2876,6004,-559,65,-45,0
1512.79518699646,10332,5036,10844,-111,-33,173,9884,-9572,8744,-56,88,-93,-14772,4388,3284,-954,98,-15,-14748,-2848,5984,-536,42,-82,0
1512.8312480449677,10268,4636,10884,-126,-69,165,9664,-9604,8372,-20,123,-81,-14720,4444,3300,-946,120,-54,-14648,-2760,6072,-490,64,-70,0
1512.8671231269836,10364,4640,10844,-109,-23,186,9800,-9560,8580,-16,68,-122,-14460,4400,3308,-1012,225,-61,-14604,-2696,5896,-442,170,-14,0
1512.9023470878599,10332,4896,11016,-218,-155,222,9956,-9928,8352,-61,57,-197,-14632,4436,3248,-1019,275,-112,-14652,-2772,6072,-449,3,58,0
1512.9381120204926,10252,4884,11016,-354,-303,259,9768,-9764,8340,-4,25,-6,-14688,4492,3364,-1004,250,-208,-14716,-2684,5788,-447,305,34,0
1512.9732220172882,10388,4612,11188,-337,-355,240,9760,-9788,8492,-46,67,-273,-14864,4596,3328,-984,175,-213,-14716,-2664,6012,-481,286,-51,0
1513.0082199573517,10628,4716,10988,-282,-360,199,9720,-9668,8420,57,121,-246,-14700,4448,3264,-1009,111,-184,-14748,-2612,5808,-493,222,-124,0
1513.044354915619,10664,4648,10928,-248,-277,161,9896,-9552,8344,60,177,-232,-14684,4448,3268,-1011,40,-179,-14660,-2696,6020,-497,238,-137,0
1513.0795800685885,10488,4748,10788,-388,-276,120,9836,-9600,8404,138,235,-220,-14688,4396,3120,-1030,111,-186,-14732,-2740,5660,-433,251,-131,0
1513.1147339344025,10548,4824,10824,-375,-277,121,9792,-9632,8676,125,189,-276,-14772,4400,3104,-1048,117,-209,-14756,-2836,5720,-441,324,-80,0
1513.1507451534271,10720,4864,10828,-378,-371,179,9880,-9408,8676,117,146,-295,-14628,4104,3192,-1278,172,-251,-14728,-2584,5808,-442,343,-101,0
1513.1855370998385,10456,4876,10776,-295,-337,159,9532,-9436,8456,87,138,-300,-14672,4328,3320,-993,198,-498,-14784,-2864,5796,-449,354,-80,0
1513.2212090492249,10572,4900,10888,-290,-404,177,9856,-9504,8576,36,87,-332,-14720,4396,3324,-1275,169,-190,-14988,-2996,5660,-438,316,-82,0
1513.2562539577484,10552,4888,10860,-267,-405,188,9860,-9488,8584,18,111,-320,-14676,4288,3260,-1057,130,-148,-14820,-2776,5744,-449,496,-61,0
1513.292464017868,10252,4764,10928,-3,-319,178,9848,-9480,8428,22,138,-243,-14588,4364,3128,-976,113,-127,-14724,-2696,5844,-452,240,-97,0
1513.3286130428314,10748,4828,10800,-283,-296,185,9792,-9720,8680,10,125,-210,-14764,4260,2940,-1005,131,-137,-14820,-2704,5768,-464,189,-55,0
1513.3639359474182,10612,4796,10712,-232,-307,216,9812,-9536,8684,20,112,-218,-14652,4440,3156,-1040,110,-105,-14740,-2772,5736,-484,187,-76,0
1513.3997349739075,10612,4804,10848,-250,-294,229,9812,-9540,8448,13,102,-149,-14636,4100,2904,-1048,138,-100,-14840,-2684,5776,-518,149,-65,0
1513.435979127884,10328,4732,10784,-171,-234,238,9900,-9224,8680,-37,62,-171,-14744,4340,3212,-1002,168,-111,-14768,-2724,5720,-489,161,-48,0
1513.4733700752258,10656,4684,10524,-191,-219,191,9760,-9600,8356,-12,96,-174,-14748,4384,3076,-1022,160,-30,-14780,-2640,5832,-482,161,-35,0
1513.5066149234772,10616,4612,10680,-161,-96,188,9780,-9512,8628,-24,41,-166,-14672,4348,3152,-1047,164,-45,-14704,-2656,5820,-502,131,-107,0
1513.5402190685272,10580,4768,10936,-89,-50,142,9848,-9440,8520,-69,144,-152,-14804,4344,3180,-1014,99,-34,-14760,-2580,5696,-484,90,-147,0
1513.5737631320953,10564,4752,10796,-152,11,76,9828,-9488,8488,-27,173,-166,-14772,4280,3076,-1014,42,-24,-14732,-2708,5792,-473,100,-135,0
1513.6074209213257,10744,4704,10896,-106,58,87,9812,-9472,8444,-36,178,-137,-14728,4320,3244,-1280,55,-65,-14836,-2580,5728,-473,93,-152,0
1513.6407690048218,10540,4800,10980,-138,33,94,9712,-9472,8300,17,137,-164,-14696,4356,3040,-1021,101,-45,-15004,-2648,5808,-483,93,-110,0
1513.6742429733276,10704,4736,10900,-93,13,113,9768,-9524,8572,-55,141,-146,-14796,4364,3208,-998,108,-54,-14836,-2720,5856,-261,134,-153,0
1513.707801103592,10580,4692,10900,-136,-53,83,9784,-9456,8420,-38,132,-173,-14792,4412,3056,-956,95,-101,-14800,-2636,5900,-487,104,-163,0
1513.7413930892944,10648,4692,10852,-70,-13,105,9760,-9532,8556,-36,144,-141,-14624,4404,3292,-1003,82,-59,-14768,-2796,5856,-259,84,-167,0
1513.7749919891357,10640,4720,10800,-91,2,99,9760,-9540,8272,-21,167,-138,-14716,4348,3272,-1003,89,2,-14784,-2692,5820,-493,41,-145,0
1513.8085970878599,10544,4700,10724,-47,49,149,9760,-9560,8460,-31,132,-142,-14740,4336,3540,-1018,95,-252,-14700,-2708,5820,-531,56,-123,0
1513.8420000076294,10476,4792,10740,-93,80,82,9788,-9508,8528,-64,96,-140,-14672,4300,3288,-1026,93,249,-14916,-2672,5876,-505,56,-142,0
1513.875440120697,10560,4676,10840,-75,87,91,9872,-9612,8480,-65,136,-111,-14768,4368,3176,-972,73,-34,-14792,-2684,5884,-524,39,-164,0
1513.908642053604,10644,4628,10912,-41,28,115,9868,-9552,8484,-91,106,-148,-14680,4380,3180,-1033,77,18,-14708,-2692,5760,-494,95,-132,0
1513.9419350624084,10284,4704,10820,-112,25,84,9520,-9716,8448,-51,126,-179,-14688,4476,3260,-1276,119,-58,-14640,-2724,5788,-462,109,-129,0
1513.9755129814148,10508,4788,10764,-64,37,74,9884,-9232,8576,-88,117,-166,-14692,4448,3212,-976,101,-43,-14808,-2736,5900,-548,72,-120,0
1514.008996963501,10588,4756,10844,-70,-249,90,9840,-9548,8520,-58,106,-151,-14808,4304,3072,-1057,62,-27,-14712,-2696,5848,-762,122,-167,0
1514.0424151420593,10416,4732,10904,-96,36,88,9760,-9600,8216,-76,122,-129,-14672,4392,3200,-1280,64,12,-14780,-2696,5896,-510,55,-162,0
1514.0756621360779,10524,4856,10752,-48,63,47,9920,-9588,8232,-121,147,-144,-14764,4416,3192,-1016,40,-251,-14720,-2744,5844,-513,65,-146,0
1514.109220981598,10532,4696,10944,-51,20,29,9748,-9636,8344,-98,145,-158,-14696,4360,3140,-1006,51,-41,-14720,-2612,5824,-513,82,-171,0
1514.1425831317902,10440,4856,10796,-128,89,57,9960,-9316,8392,-58,163,-178,-14800,4452,3216,-1008,64,-65,-14696,-2792,5828,-478,118,-179,0
1514.176185131073,10392,4840,10928,-79,35,80,9800,-9532,8476,-29,167,-167,-14656,4460,3204,-999,69,-36,-14700,-2712,6024,-522,97,-161,0
1514.2098181247711,10656,4768,10840,-83,7,73,9860,-9620,8612,-58,154,-163,-14680,4356,3272,-987,59,-43,-14792,-2740,5856,-763,89,-180,0
1514.2431581020355,10644,4628,10536,-102,-59,58,9784,-9500,8340,-61,170,-189,-14632,4416,3312,-982,77,-25,-14600,-2664,5956,-481,116,-136,0
1514.2769041061401,10360,4860,10836,-133,-46,86,9908,-9572,8420,-26,145,-189,-14708,4384,3296,-1015,135,-62,-14724,-3020,5932,-504,135,-109,0
1514.3105700016022,10436,4824,10840,-81,-21,133,9568,-9428,8304,-53,174,-148,-14740,4508,3380,-1008,128,-80,-14692,-2588,5668,-500,111,-148,0
1514.3439149856567,10436,4764,10988,-131,-64,124,9860,-9456,8452,-31,154,-176,-14736,4500,3288,-1010,101,-43,-14692,-2736,5908,-517,130,-118,0
1514.3774180412292,10536,4816,10792,-146,255,91,9772,-9324,8412,-58,159,-152,-14700,4432,3244,-1012,108,-40,-14724,-2708,5656,-488,111,-127,0
1514.4107530117035,10492,4836,10944,-172,-10,100,9652,-9504,8488,-8,142,-149,-14636,4416,3212,-1035,115,-57,-14760,-2728,5992,-469,141,-120,0
1514.4442880153656,10456,4816,10824,-182,-58,120,9756,-9468,8436,-26,126,-188,-14604,4416,3188,-1002,132,-80,-14748,-2832,5892,-461,142,-106,0
1514.4779050350187,10456,4852,10972,-204,-111,143,9752,-9540,8532,-42,147,-188,-14576,4428,3192,-975,138,-131,-14660,-2780,6024,-455,176,-63,0
1514.5138959884644,10380,4840,10904,-214,-153,137,9556,-9628,8192,-46,104,-224,-14600,4516,3252,-963,143,-135,-14736,-2768,5956,-487,222,-34,0
1514.5492539405823,10472,4812,10976,-208,-209,174,9856,-9560,8204,-28,90,-213,-14812,4444,3172,-967,129,-120,-14732,-2708,5788,-476,219,-75,0
1514.58455991745,10276,4672,10936,-202,-212,146,9776,-9588,8360,15,130,-243,-14640,4448,3308,-968,98,-128,-14776,-2676,6012,-472,5,-80,0
1514.6203119754791,10448,4792,10844,-227,-207,124,9948,-9560,8308,-5,67,-242,-14752,4512,3364,-1012,131,-143,-14716,-2700,5824,-493,230,-73,0
1514.6550891399384,10440,4756,10888,-155,-219,166,9760,-9612,8252,-32,90,-234,-14660,4532,3540,-990,104,-146,-14716,-2612,5836,-269,223,-62,0
1514.6907079219818,10404,4740,10892,-282,-205,167,9788,-9592,8516,62,104,-245,-14624,4388,3152,-772,118,-155,-14716,-2720,5844,-503,241,-77,0
1514.7257180213928,10732,4832,10772,-195,-209,130,9820,-9612,8224,34,118,-239,-14816,4316,3344,-1003,165,-180,-14776,-2696,5832,-441,248,-71,0
1514.7613360881805,10476,4676,10796,-251,-240,152,9904,-9524,8532,40,111,-510,-14800,4372,3152,-1023,139,-132,-14768,-2640,5808,-486,282,-77,0
1514.7975571155548,10692,4768,10956,-258,-218,185,9840,-9492,8336,59,111,-250,-14700,4284,3240,-1019,123,-159,-14828,-2688,5856,-477,214,-102,0
1514.8332331180573,10548,4768,10804,-240,-225,167,9888,-9488,8520,8,136,-198,-14712,4340,3360,-1001,99,-135,-14796,-2784,5808,-500,161,-88,0
1514.869192123413,10708,4768,10736,-254,-223,158,9748,-9624,8412,-29,131,-210,-14732,4340,3380,-989,130,-114,-14740,-2800,5856,-473,156,-64,0
1514.9042010307312,10564,4756,10784,-239,-206,175,9828,-9520,8556,-59,89,-207,-14664,4600,3144,-1266,119,-99,-14672,-2768,5824,-493,194,-70,0
1514.9398651123047,10256,4716,10864,-226,-219,212,9768,-9696,8208,-9,74,-193,-14612,4344,3204,-1009,199,-119,-14660,-2628,5672,-505,159,-25,0
1514.975327014923,10588,4664,10680,-174,-173,215,9784,-9224,8412,-38,64,-208,-14676,4556,3088,-769,175,-54,-14680,-2724,5760,-509,188,-67,0
1515.0106451511383,10508,4684,10776,-202,-224,182,9724,-9576,8372,-37,75,-203,-14716,4428,3108,-1001,168,-82,-14772,-2596,5720,-492,174,-63,0
1515.0455050468445,10544,4400,10952,-131,-143,132,9848,-9720,8476,-39,80,-215,-14612,4348,3272,-1016,152,-85,-14784,-2760,5868,-262,147,-134,0
1515.0810649394987,10652,4796,10748,-126,-62,102,9896,-9508,8356,-43,115,-163,-14708,4144,3092,-1006,120,-30,-14744,-2720,5812,-474,126,-130,0
1515.1172931194305,10576,4672,10520,-159,1,89,9856,-9460,8340,-18,164,-176,-14676,4360,3156,-1026,94,-57,-14720,-2640,5904,-465,132,-169,0
1515.1523079872131,10632,4720,10828,-157,10,87,9992,-9508,8256,-33,156,-156,-14656,4408,3080,-1280,79,-73,-14656,-2736,5868,-437,117,-151,0
1515.18789601326,10604,4668,10876,-119,19,86,9832,-9524,8344,-48,134,-177,-14772,4368,3140,-1013,92,-93,-14740,-2604,5760,-463,117,-166,0
1515.2214970588684,10588,4660,10784,-132,-24,89,9932,-9572,8264,-55,133,-158,-14688,4428,2848,-994,103,-51,-15088,-2640,5860,-503,119,-153,0
1515.2551081180573,10632,4756,10968,-131,-39,70,9792,-9464,8220,-47,149,-172,-14768,4436,3092,-1277,82,-31,-14676,-2800,5704,-459,123,-155,0
1515.2888050079346,10684,4736,10792,-156,-18,64,9760,-9508,8208,-15,166,-193,-14748,4424,3204,-1038,81,-81,-14864,-2692,5716,-469,122,-130,0
1515.322219133377,10684,4768,10516,-137,-40,76,9788,-9552,8564,-21,107,-144,-14732,4376,3380,-1021,61,-61,-14716,-2772,5896,-752,89,-159,0
1515.355672121048,10660,4620,11016,-138,-52,91,9976,-9572,8460,-51,143,-168,-14780,4356,3176,-1041,79,-56,-14776,-2676,5816,-504,55,-144,0
1515.390547990799,10668,4800,10740,-41,39,78,9888,-9404,8480,-84,124,-118,-14712,4260,3044,-1010,80,-251,-14672,-2780,5720,-762,82,-155,0
1515.4247980117798,10556,4848,10820,-45,7,56,9748,-9480,8664,-68,137,-151,-14712,4584,3184,-1013,87,-48,-14664,-2648,5916,-260,123,-141,0
1515.4582350254059,10588,4768,10632,-83,42,80,9832,-9504,8416,-65,139,-149,-14828,4372,3160,-1005,142,-42,-14712,-2656,5800,-489,103,-106,0
1515.491749048233,10568,4728,10864,-71,9,77,9824,-9456,8480,-68,121,-165,-14672,4468,3144,-1008,119,-49,-14780,-2728,5936,-483,95,-118,0
1515.5252759456635,10552,4684,11072,-102,16,92,9856,-9588,8524,-60,121,-155,-14636,4456,3244,-1014,111,-23,-14748,-2724,5824,-499,71,-149,0
1515.558767080307,10424,4748,10752,-53,255,86,9836,-9612,8644,-99,111,-147,-14784,4456,3188,-992,87,-2,-14812,-2620,5828,-522,89,-150,0
1515.5923521518707,10524,4712,10924,-56,-256,76,9804,-9484,8440,-89,116,-163,-14680,4464,3100,-1028,103,-72,-14748,-2740,5764,-527,149,-145,0
1515.6257190704346,10564,4828,10768,249,28,68,9804,-9596,8352,-103,120,-151,-14708,4416,3188,-1005,109,-71,-14692,-2692,5660,-517,129,-157,0
1515.6591579914093,10512,4768,11032,-58,-36,75,9924,-9584,8276,-102,149,-175,-14780,4392,3268,-1013,94,-95,-14752,-2756,5680,-531,141,-175,0
1515.699800014496,10556,4820,10840,-55,-1,50,9816,-9552,8520,-67,151,-199,-14604,4124,3076,-984,68,-76,-14860,-2836,5864,-270,121,-154,0
1515.7335081100464,10500,5108,10888,-85,-38,73,9868,-9540,8348,-103,155,-181,-14640,4464,3076,-973,80,-126,-14712,-2800,5808,-503,157,-151,0
1515.7671179771423,10428,4920,10832,-57,-26,64,9832,-9464,8640,-72,158,-172,-14720,4340,3228,-982,125,-90,-14708,-2700,5844,-470,168,-144,0
1515.8007810115814,10364,4804,10776,-78,-32,72,9800,-9536,8296,-93,183,-211,-14712,4344,3284,-979,170,-107,-14740,-2824,5800,-490,160,-155,0
1515.8342270851135,10568,4872,10808,-116,-51,51,9912,-9636,8472,-107,152,-212,-14688,4476,3232,-990,121,-45,-14700,-2728,6116,-530,160,-122,0
1515.8677279949188,10472,4904,10864,-151,-36,76,9812,-9552,8660,-91,94,-169,-14760,4412,3208,-1007,80,-21,-14752,-2428,5788,-539,118,-119,0
1515.9010360240936,10552,4808,10796,-67,2,99,9844,-9560,8320,-46,56,-151,-14644,4524,3264,-775,104,-72,-14648,-2788,5896,-528,105,-148,0
1515.9345331192017,10520,4840,10868,-89,-12,99,9760,-9568,8204,-48,93,-161,-14696,4460,3320,-960,50,-68,-14664,-2724,5764,-495,167,-136,0
1515.967975139618,10400,4884,10968,-112,-58,107,9828,-9648,8396,-23,118,-198,-14676,4416,3240,-952,57,-81,-14724,-2812,5632,-474,174,-134,0
1516.0015840530396,10452,4944,11004,-132,-65,115,9784,-9564,8324,-64,132,-188,-14640,4392,3268,-973,35,-35,-14724,-2660,5744,-522,177,-135,0
1516.0348410606384,10664,4824,10744,-167,-76,118,9816,-9580,8208,-16,115,-206,-14692,4392,3308,-1011,46,-118,-14812,-2764,6116,-507,169,-107,0
1516.0683350563047,10240,4916,10808,-141,-42,108,9816,-9460,8256,-16,125,-157,-14660,4388,3224,-1037,81,-69,-14748,-3068,5660,-466,150,-100,0
1516.1017899513245,10456,4844,10776,-198,-100,121,9780,-9584,8592,-17,129,-208,-14688,4168,3284,-998,104,-62,-14712,-2696,5796,-452,158,-105,0
1516.1353290081024,10416,4756,10872,-235,-55,120,9792,-9624,8408,18,83,-172,-14628,4432,3176,-1038,121,-52,-14644,-2620,5848,-479,190,-65,0
1516.168643951416,10468,4872,10896,-186,-90,165,9768,-9568,8416,25,121,-197,-14640,4540,3176,-1001,128,-127,-14776,-2888,6136,-474,169,-76,0
1516.2049679756165,10252,5092,10756,-218,-164,173,9840,-9540,8508,-28,128,-219,-14672,4496,3240,-975,109,-118,-14768,-2816,5832,-475,160,-81,0
1516.2404580116272,10740,4792,10796,-221,-160,156,9860,-9656,8444,-40,133,-224,-14676,4392,3148,-966,118,-160,-14680,-2720,5872,-495,203,-94,0
1516.2756321430206,10668,4812,10792,-203,-191,137,9760,-9624,8552,34,115,-230,-14768,4472,3244,-985,120,-142,-14840,-2712,5776,-524,210,-103,0
1516.3110280036926,10748,4732,10508,-171,-139,144,9816,-9544,8312,48,76,-214,-14640,4332,3096,-1280,120,-158,-14736,-2696,5900,-759,192,-57,0
1516.347100019455,10480,4816,10968,-229,-187,153,9784,-9588,8564,40,154,-246,-14668,4400,3116,-1016,179,-131,-14728,-2764,5852,-486,218,-51,0
1516.38183093071,10528,4812,10888,-234,-169,141,9936,-9604,8504,25,149,-252,-14792,4396,3132,-1007,177,-164,-14696,-2760,6128,-438,236,-69,0
1516.4179880619047,10632,4684,10908,-506,-212,124,9860,-9556,8504,22,156,-248,-14764,4384,3192,-1004,166,-168,-14884,-2676,5816,-465,238,-74,0
1516.4527170658112,10240,4760,10960,-226,-507,165,9776,-9532,8332,255,111,-232,-14784,4584,3292,-998,167,-194,-14788,-2788,5768,-475,226,-43,0
1516.4879460334778,10592,4844,10496,-255,-231,154,9936,-9500,8384,-8,120,-219,-14700,4460,3132,-1010,142,-98,-14828,-2736,5728,-475,192,-45,0
1516.5236489772797,10684,4836,10972,-213,-181,170,9912,-9496,8416,22,126,-169,-14764,4580,3308,-1035,127,-82,-14616,-2748,5836,-532,138,-108,0
1516.5593500137327,10576,4728,10820,-219,-132,161,9904,-9288,8496,45,160,-117,-15052,4488,3168,-1075,86,-72,-14760,-2608,5832,-561,106,-137,0
1516.5945179462433,10636,4752,10944,-184,-60,152,9912,-9544,8416,71,159,-62,-14724,4364,3204,-1138,43,-253,-14832,-2676,5836,-608,77,-157,0
1516.6297371387482,10544,4644,10916,-122,1,167,9944,-9572,8344,116,168,-7,-14700,4408,3128,-1180,84,28,-14724,-2648,6140,-606,35,-151,0
1516.6650350093842,10516,4708,10788,-115,22,198,9748,-9584,8348,105,155,4,-14624,4452,3192,-1158,91,29,-14756,-2708,5860,-616,-2,-112,0
1516.7007069587708,10568,4684,10768,-80,76,242,9740,-9480,8428,25,81,43,-14824,4480,3016,-1088,109,102,-14800,-2748,5760,-653,-22,-97,0
1516.735552072525,10248,4792,10952,-60,19,510,9616,-9572,8332,-19,39,-22,-14672,4260,2820,-1081,128,-1,-14684,-2748,5748,-595,124,-95,0
1516.7715470790863,10600,4756,10692,-72,-78,187,9940,-9424,8268,-16,124,-93,-14700,4212,3060,-1054,149,-36,-14668,-3064,5704,-519,131,-106,0
1516.807277917862,10740,4752,10900,-98,-72,102,9952,-9408,8404,-61,198,-167,-14704,4112,3360,-1032,81,-66,-14768,-2808,5700,-511,181,-159,0
1516.84379696846,10624,4608,10740,-90,-18,62,9840,-9520,8564,-5,225,-139,-14764,4328,3352,-1047,64,-77,-14604,-2668,5808,-515,172,-169,0
1516.877337932587,10572,4820,10756,-38,42,69,9800,-9232,8540,43,222,-73,-14596,4476,3160,-1099,10,-23,-14844,-2636,5844,-567,80,-240,0
1516.910884141922,10672,4772,10896,-39,100,63,9872,-9600,8480,16,224,-88,-14616,4260,3076,-1143,-18,32,-14944,-2772,5784,-552,-15,-217,0
1516.9443130493164,10520,4852,10500,-21,148,82,9648,-9500,8504,-14,205,-2,-14844,4544,3320,-1136,8,129,-14768,-2636,5704,-605,-59,-147,0
1516.9779341220856,10468,4792,10848,1,207,161,9660,-9576,8388,-51,104,48,-14640,4512,3052,-1089,90,98,-14704,-2644,5820,-644,-59,-70,0
1517.011251926422,10380,4776,10948,-22,120,219,9572,-9644,8516,-39,83,64,-14836,4432,3100,-1145,165,91,-14692,-2636,5896,-651,-41,-73,0
1517.0447521209717,10448,4776,10796,4,145,255,9724,-9612,8212,-54,59,22,-14820,4440,3272,-1123,146,90,-14628,-2736,5744,-603,-41,-104,0
1517.078294992447,10316,4764,10984,-58,80,205,9700,-9552,8408,-78,85,-38,-14664,4484,3348,-1102,139,45,-14760,-2740,5840,-596,37,-111,0
1517.1118121147156,10344,4796,10848,-33,86,176,9832,-9608,8640,-57,62,-66,-14644,4348,3212,-1071,110,243,-14704,-3016,5744,-585,72,-115,0
1517.1450049877167,10380,4820,10816,-39,33,139,9696,-9508,8416,-57,133,-129,-14652,4320,3472,-1048,114,-62,-14640,-2872,5776,-512,136,-126,0
1517.1785969734192,10400,5060,10864,-19,-41,96,9764,-9580,8520,-50,144,-190,-14720,4464,3424,-1049,95,-65,-14712,-2768,5904,-541,165,-186,0
1517.2119851112366,10740,4720,10888,-14,-17,78,9748,-9676,8376,-67,145,-164,-14828,4580,3220,-1064,57,-14,-14820,-2756,6060,-569,66,-179,0
1517.245568037033,10640,4864,10816,16,69,67,9848,-9596,8680,-69,177,-53,-14756,4560,3532,-1010,-62,54,-14708,-2740,6060,-604,-4,-247,0
1517.2794270515442,10488,4820,10972,-4,164,31,9948,-9544,8508,-29,0,-22,-14676,4396,3112,-1075,-78,106,-14728,-2776,5636,-601,-59,-264,0
1517.3129580020905,10496,4844,11004,-66,206,28,9612,-9556,8496,-20,213,2,-14812,4348,3368,-1064,-68,51,-14708,-3028,5668,-640,-57,-226,0
1517.3465061187744,10368,4860,11012,15,163,114,9648,-9640,8524,-9,175,45,-14540,4488,3220,-1089,-32,94,-14588,-2736,5984,-669,-15,-172,0
1517.3799469470978,10364,4864,10892,49,135,176,9596,-9596,8696,-46,104,52,-14580,4156,3512,-1058,-21,56,-14680,-2856,5860,-624,24,-180,0
1517.4133970737455,10268,4920,10792,-18,80,196,9680,-9612,8384,-12,172,2,-14824,4568,3432,-1116,-48,90,-14816,-2920,6040,-644,31,-175,0
1517.4471020698547,10480,4912,11240,-75,111,170,9580,-9636,8216,3,216,53,-14796,4556,3460,-1073,-86,86,-14764,-2892,5996,-633,-27,-192,0
1517.4805901050568,10332,5056,10856,-29,205,154,9744,-9608,8676,-23,188,97,-14624,4552,3356,-1054,-75,138,-14688,-2936,5984,-632,-76,-182,0
1517.51420211792,10268,4896,11000,-62,152,102,9652,-9684,8476,-27,225,39,-14656,4484,3416,-1077,-28,126,-14592,-2828,5948,-613,-27,-179,0
1517.5476479530334,10392,5092,10944,-41,162,102,9672,-9644,8668,-24,202,17,-14572,4508,3268,-1064,-13,91,-14684,-2772,5932,-578,25,-153,0
1517.5810661315918,10428,4636,10972,-54,130,140,9672,-9744,8496,-256,197,7,-14844,4628,3268,-1074,2,59,-14848,-2780,6056,-589,23,-203,0
1517.61474609375,10292,4884,10988,-5,80,120,9752,-9816,8452,57,245,12,-14668,4480,3436,-1090,-77,-13,-14784,-2992,6036,-642,44,-276,0
1517.6479721069336,10332,4860,11104,28,61,81,9488,-9804,8668,68,291,0,-14680,4616,3308,-1073,-108,-63,-14816,-2844,6040,-669,64,-306,0
1517.6815419197085,10308,4608,10896,53,99,38,9700,-9696,8676,116,289,-59,-14524,4416,3372,-1026,-71,-79,-14408,-3068,5996,-588,21,-397,0
1517.71520113945,10184,4908,10788,125,56,-62,9648,-9632,8472,121,310,-238,-14464,4240,3224,-983,-48,-226,-14504,-3100,5940,-500,232,-333,0
1517.7486679553986,10192,5180,10788,-84,-149,-99,9412,-9492,8560,-14,215,-393,-14140,4524,3452,-1016,83,-195,-14616,-2928,5908,-421,323,-154,0
1517.7823390960693,10412,5204,10920,-257,-138,67,9404,-9524,8628,-141,105,-283,-14412,4516,3432,-988,197,-92,-14668,-2900,6132,-456,230,40,0
1517.81578207016,10212,5032,11132,-239,-113,209,9380,-9640,8388,-87,-74,-265,-14440,4464,3344,-891,380,-81,-14592,-2916,6244,-302,182,53,0
1517.8491461277008,10092,4868,11244,-208,-81,196,9464,-9760,8648,-106,-56,-305,-14676,4668,3604,-1012,363,-47,-14664,-2896,6008,-301,189,48,0
1517.8853621482847,10384,4936,11320,-276,-49,199,9812,-9880,8584,-192,34,-128,-14684,4860,3548,-983,131,14,-14984,-2816,6052,-535,89,-93,0
1517.9208059310913,10704,4692,10896,-177,-7,150,9836,-9948,8440,-33,206,-71,-14696,4632,3412,-1000,-13,-11,-14516,-2876,6068,-603,98,-224,0
1517.9561719894407,10264,4644,11240,-72,-8,73,9540,-9480,8308,57,175,-163,-14420,4476,3216,-1061,61,-155,-14672,-2852,5932,-573,159,-114,0
1517.991807937622,10200,5048,10780,-133,-77,109,9452,-9564,8360,27,71,-187,-14544,4616,3288,-1046,221,-80,-14644,-2844,6004,-505,199,25,0
1518.0277891159058,10112,5012,10772,-211,-123,230,9584,-9640,8368,-7,31,-211,-14364,4424,3244,-991,283,-169,-14812,-2972,5660,-436,285,47,0
1518.0630071163177,10152,4936,10972,-242,-297,212,9716,-9644,8424,-32,51,-320,-14696,4388,3548,-960,270,-8,-14568,-3012,5904,-395,365,-1,0
1518.0987961292267,10324,5108,10840,-249,-305,153,9572,-9608,8504,8,107,-317,-14812,4664,3556,-1031,149,-165,-14828,-2916,5932,-431,279,-10,0
1518.1337630748749,10584,5052,10804,-281,-201,138,9692,-9624,8488,-60,135,-172,-14724,4512,3396,-911,83,-64,-14780,-2840,6064,-488,112,-78,0
1518.1696391105652,10000,4904,11244,-343,-181,121,9680,-9732,8520,11,176,-238,-14800,4440,3460,-1009,53,-163,-14516,-2676,6100,-441,174,-143,0
1518.204528093338,10232,4972,10876,-203,-120,23,9508,-9640,8520,3,173,-262,-14760,4856,3572,-976,25,-135,-14604,-2836,6068,-444,172,-155,0
1518.2402100563047,10456,4872,11244,-314,-146,71,9568,-9700,8464,50,189,-267,-14676,4608,3424,-945,130,-168,-14696,-2616,6008,-414,234,-41,0
1518.2756140232086,10352,4868,10928,-305,-158,193,9704,-9676,8636,59,67,-219,-14684,4608,3556,-1084,213,-178,-14644,-2756,6016,-259,239,2,0
1518.3117611408234,10396,4896,10944,-223,-248,296,9500,-9576,8488,8,-7,-175,-14580,4600,3220,-1034,234,-71,-14732,-2824,6016,-521,140,-251,0
1518.3476629257202,10236,4784,11196,-221,-183,287,9580,-9604,8472,-7,-28,-176,-14556,4460,3536,-1061,511,-97,-14764,-2920,6104,-463,130,12,0
1518.3828229904175,10388,4708,10900,-230,-166,262,9772,-9936,8464,-11,44,-148,-14944,4500,3436,-1026,215,-112,-14700,-2884,5852,-464,153,-16,0
1518.4176170825958,10408,4780,10988,-295,-200,260,9684,-9720,8456,-22,155,-124,-14660,4488,3524,-1106,124,-53,-14620,-2580,5980,-490,107,-78,0
1518.4537041187289,10360,4860,10848,-258,-126,154,9724,-9664,8564,-16,179,-135,-14704,4432,3132,-1050,122,-97,-14684,-2692,6064,-762,128,-116,0
1518.4888520240784,10352,4616,10880,-248,-134,127,9516,-9504,8604,252,147,-205,-14468,4512,3544,-1040,118,-115,-14740,-3064,5944,-447,144,-107,0
1518.525840997696,10272,4844,11004,-245,-120,110,9528,-9680,8476,-25,122,-238,-14604,4424,3564,-1279,128,-130,-14620,-2724,6092,-430,201,-71,0
1518.5594730377195,10336,4804,10956,-221,-203,166,9616,-9588,8448,-64,66,-508,-14484,4416,3192,-956,224,-119,-14408,-3028,5792,-441,226,-13,0
1518.5928890705109,10396,4852,10848,-179,-241,162,9720,-9580,8648,-111,70,-259,-14720,4480,3224,-1003,213,-112,-14740,-2604,6056,-425,231,-40,0
1518.6265280246735,10360,4788,10980,-231,-204,142,9632,-9592,8536,-122,120,-232,-14728,4560,3448,-983,163,-99,-14716,-3004,6140,-458,171,-109,0
1518.6597340106964,10432,4748,11236,-156,-124,140,9596,-9680,8480,-98,120,-153,-14624,4556,3464,-994,132,-60,-14664,-2740,5936,-766,64,-150,0
1518.6932690143583,10452,4820,10792,-121,-243,94,9596,-9704,8368,-73,146,-129,-14680,4516,3116,-1030,86,249,-14652,-2748,6036,-518,38,-151,0
1518.7270259857178,10304,4720,10604,-79,23,91,9668,-9640,8196,-75,143,-128,-14836,4368,3540,-1013,85,-13,-14704,-2732,5936,-527,113,-118,0
1518.760465145111,10324,4780,10864,-72,-31,107,9788,-9616,8252,-81,62,-176,-14540,4364,3300,-975,193,-65,-14676,-2736,5812,-445,131,-97,0
1518.793916940689,10368,4780,10756,-116,-57,99,9768,-9536,8284,-99,107,-219,-14692,4472,3312,-992,150,-95,-14724,-2812,5888,-463,197,-76,0
1518.8274619579315,10348,5092,10908,-130,-75,87,9656,-9640,8644,-116,130,-248,-14380,4472,3244,-915,129,-101,-14716,-2732,6080,-452,187,-77,0
1518.8610329627993,10408,4768,11100,-162,-98,49,9700,-9668,8496,-99,86,-284,-14636,4432,3260,-953,135,-109,-14540,-2712,5900,-407,220,-73,0
1518.894103050232,10380,4636,10840,-147,-60,70,9640,-9568,8484,-66,73,-277,-14596,4428,3244,-924,159,-105,-14736,-2896,5964,-344,194,-78,0
1518.9276120662687,10400,4824,10928,-164,-72,47,9472,-9612,8356,-132,126,-328,-14668,4456,3448,-894,95,-112,-14708,-2796,5932,-344,268,-122,0
1518.9610719680786,10388,4864,10976,-172,-56,41,9576,-9712,8352,-78,149,-276,-14340,4528,3096,-952,95,-140,-14608,-2744,6064,-390,224,-149,0
1518.9944729804993,10328,4616,10908,-110,-1,43,9748,-9704,8584,-90,122,-235,-14628,4852,3500,-953,76,-77,-14796,-2724,5884,-465,169,-91,0
1519.0280239582062,10448,4852,10900,-82,-5,79,9724,-9664,8504,-79,86,-217,-14700,4572,3352,-960,91,-36,-14664,-2748,6136,-482,128,-144,0
1519.0615401268005,10368,4716,10848,-46,-48,71,9764,-9764,8380,-27,118,-205,-14736,4624,3360,-1013,74,-81,-14752,-2752,6072,-488,160,-172,0
1519.0950100421906,10372,4768,10832,-49,249,68,9712,-9756,8440,-41,145,-181,-14668,4460,3140,-983,77,-74,-14812,-2736,6040,-516,128,-150,0
1519.1285350322723,10296,5044,11080,-127,-22,86,9680,-9632,8428,-64,121,-149,-14696,4516,3560,-979,114,-72,-14544,-2880,5868,-488,135,-140,0
1519.1618630886078,10396,4628,10912,-56,-21,96,9624,-9664,8384,-76,109,-210,-14600,4548,3276,-985,126,-99,-14364,-2824,5668,-441,213,-148,0
1519.1954770088196,10388,4748,10928,-99,-93,43,9696,-9516,8356,-9,163,-268,-14648,4476,3320,-1006,106,-137,-14756,-2872,6032,-440,235,-160,0
1519.2290949821472,10412,5000,10872,-121,-72,36,9748,-9776,8484,-52,164,-256,-14716,4500,3320,-950,68,-158,-14740,-2792,6004,-487,202,-186,0
1519.2628290653229,10352,4860,10912,-101,-107,32,9680,-9584,8576,-16,142,-255,-14640,4468,3208,-962,52,-191,-14624,-2908,5920,-490,215,-169,0
1519.2964899539948,10364,4916,10948,-32,-78,68,9688,-9652,8524,-31,170,-227,-14664,4568,3416,-1012,75,-149,-14784,-2728,6044,-484,157,-155,0
1519.3300700187683,10428,4996,11044,-87,-22,62,9476,-9640,8448,-39,146,-246,-14628,4564,3260,-961,65,-110,-14708,-2836,5964,-445,160,-150,0
1519.3636701107023,10428,4904,10864,-117,-53,59,9612,-9652,8228,-48,167,-212,-14372,4476,3264,-931,87,-86,-14936,-2752,6036,-483,151,-119,0
1519.3971650600433,10420,4948,10868,-126,-74,113,9636,-9712,8208,-43,99,-182,-14540,4536,3260,-978,125,-50,-14844,-2764,5948,-480,138,-127,0
1519.4307680130005,10420,5080,10968,-131,-65,117,9756,-9652,8448,-70,104,-180,-14708,4436,3088,-981,158,-64,-14716,-2820,5872,-489,129,-97,0
1519.4643709659576,10340,4844,10992,-122,-64,116,9640,-9688,8424,-49,88,-211,-14664,4552,3460,-1014,149,-132,-14616,-2740,5996,-497,165,-121,0
1519.4979550838473,10340,5084,11196,-111,-53,108,9960,-9696,8412,-77,87,-178,-14600,4388,3244,-1006,134,-89,-14628,-2800,5944,-530,148,-108,0
1519.5314381122587,10332,4880,10772,-78,-52,106,9688,-9656,8496,-50,98,-176,-14636,4420,3256,-994,105,-49,-14768,-2752,6108,-764,128,-133,0
1519.5686450004578,10460,5024,11132,-114,-52,100,9684,-9940,8680,-32,130,-203,-14708,4472,3336,-1011,74,-51,-14672,-2752,5868,-490,119,-147,0
1519.6042749881744,10020,4812,10968,-160,-47,117,9640,-9652,8244,-35,126,-200,-14820,4436,3236,-958,109,-130,-14636,-2872,5676,-466,128,-109,0
1519.6402900218964,10408,5116,10868,-126,-82,62,9496,-9552,8208,-107,165,-241,-14656,4436,3296,-976,77,-85,-14728,-2864,5976,-450,186,-174,0
1519.6755900382996,10388,4872,10856,-184,-64,44,9792,-9556,8260,-33,155,-246,-14688,4432,3372,-953,90,-131,-14680,-2848,5936,-419,195,-136,0
1519.7114839553833,10264,4868,10932,-146,-66,55,9648,-9668,8356,-46,149,-278,-14644,4356,3320,-950,124,-121,-14632,-2900,5792,-409,202,-134,0
1519.7471809387207,10320,4968,10980,-153,-110,40,9840,-9592,8472,-49,169,-317,-14716,4480,3360,-935,139,-141,-14648,-2816,5956,-385,188,-142,0
1519.7824079990387,10304,5104,10944,-205,-135,22,9668,-9600,8580,-58,152,-327,-14608,4552,3444,-879,142,-216,-14748,-3068,5932,-405,235,-124,0
1519.8186421394348,10400,4956,10916,-171,-130,32,9652,-9704,8432,-62,120,-309,-14604,4452,3336,-908,160,-203,-14692,-2804,6048,-406,233,-127,0
1519.8537349700928,10380,4932,10856,-196,-157,75,9556,-9612,8268,-36,79,-318,-14652,4412,3332,-916,161,-198,-14696,-2888,5960,-409,258,-120,0
1519.8887901306152,10252,5096,11232,-226,-167,83,9736,-9620,8384,-56,104,-330,-14632,4524,3228,-939,164,-141,-14736,-2824,6012,-369,247,-69,0
1519.9242219924927,10388,4660,10888,-255,-212,83,9708,-9852,8700,-27,68,-339,-14424,4420,3120,-971,194,-193,-15096,-2712,6044,-395,248,-62,0
1519.9598970413208,10444,4952,10956,-217,-242,108,9684,-9492,8624,-38,69,-308,-14692,4556,3540,-951,186,-172,-14804,-2736,6112,-462,267,-47,0
1519.9949600696564,10412,4876,11016,-184,-215,132,9536,-9672,8480,-64,105,-288,-14756,4492,3280,-910,163,-217,-14752,-2820,6008,-469,8,-92,0
1520.0305759906769,10392,5104,10944,-189,-229,124,9740,-9624,8604,-58,80,-291,-14772,4480,3180,-931,121,-171,-14628,-2752,5876,-444,240,-72,0
1520.0658600330353,10384,4804,10816,-269,-171,98,9756,-9676,8416,-33,142,-264,-14748,4368,3308,-937,97,-175,-14800,-2704,5888,-430,509,-85,0
1520.1012251377106,10460,4872,10800,-281,-206,91,9756,-9728,8604,-13,172,-511,-14664,4420,3304,-964,99,-135,-14780,-2748,5948,-447,210,-98,0
1520.137423992157,10384,4804,10872,-271,-221,126,9784,-9732,8524,33,149,-251,-14660,4500,3172,-979,126,-179,-14704,-2656,5988,-462,274,-84,0
1520.172732114792,10488,4808,11004,-232,-244,115,9980,-9588,8596,9,138,-271,-14776,4412,3284,-980,121,-147,-14756,-2816,5836,-482,277,-93,0
1520.2094531059263,10388,4644,10848,-215,-287,152,9704,-9464,8388,32,102,-230,-14784,4820,3148,-1006,111,-150,-14704,-2712,5696,-500,239,-86,0
1520.2428269386292,10400,4876,10860,-252,-227,160,9756,-9548,8604,12,133,-211,-14392,4604,3528,-996,135,-149,-14772,-2732,5828,-469,202,-113,0
1520.2765171527865,10296,5044,10548,-255,-206,158,9736,-9572,8416,-1,122,-208,-14604,4344,3260,-980,108,-188,-14708,-2668,6004,-484,175,-75,0
1520.3100020885468,10704,4680,10872,-256,-208,139,9824,-9668,8312,22,139,-184,-14736,4432,3156,-769,65,-107,-14744,-2820,5876,-486,173,-129,0
1520.3433530330658,10740,4756,10948,-266,-223,168,9792,-9296,8392,45,133,-189,-14712,4480,3184,-1032,106,-118,-14688,-2812,5896,-494,190,-104,0
1520.3769149780273,10560,4892,10852,-199,-170,125,9844,-9604,8628,-1,153,-209,-14664,4136,3296,-1035,139,-123,-14752,-2752,5888,-451,191,-115,0
1520.4101030826569,10504,4812,10744,-214,-212,106,9692,-9584,8412,35,132,-255,-14704,4484,3168,-1013,119,-168,-14628,-2696,5808,-503,240,-134,0
1520.4440450668335,10420,4740,10968,-157,-190,111,9792,-9608,8436,-11,113,-230,-14712,4440,3084,-1001,118,-142,-14704,-2720,5912,-530,163,-135,0
1520.4776179790497,10732,4808,10824,-49,-147,126,9760,-9528,8416,-1,146,-191,-14580,4348,3312,-1027,86,-104,-14812,-2576,5896,-529,143,-164,0
1520.5112121105194,10500,4916,10800,-123,-94,93,9720,-9584,8336,-256,167,-202,-14676,4396,3208,-1035,68,-82,-14736,-3044,6136,-534,133,-150,0
1520.5443730354307,10416,4780,10828,-81,-51,101,9820,-9512,8432,-37,167,-159,-14684,4384,3188,-998,64,-74,-14752,-2804,6080,-530,94,-177,0
1520.577569961548,10460,4748,10856,-106,7,53,9796,-9280,8332,-8,181,-184,-14620,4280,3344,-995,105,-86,-14704,-2720,5688,-474,139,-209,0
1520.6110529899595,10472,4796,10828,-62,-1,38,9684,-9500,8512,-23,172,-223,-14656,4236,3092,-1024,82,-109,-14736,-2744,5836,-458,187,-188,0
1520.644012928009,10416,4904,10904,-97,-91,20,9816,-9592,8540,-22,161,-250,-14692,4272,3276,-951,80,-165,-14816,-2740,5924,-446,219,-181,0
1520.6775920391083,10540,4900,10788,-119,-98,36,9700,-9592,8328,-30,150,-255,-14600,4280,3248,-934,46,-168,-14776,-2744,5848,-451,224,-131,0
1520.7142140865326,10408,4780,10872,-132,-125,40,9800,-9588,8388,-37,117,-278,-14636,4424,3244,-962,150,-115,-14624,-2724,5780,-437,230,-99,0
1520.7482080459595,10708,4896,10880,-144,-87,62,9508,-9488,8312,-58,141,-237,-14752,4308,3284,-985,114,-132,-14688,-2824,5860,-440,156,-168,0
1520.7816290855408,10712,5116,10812,-167,-61,60,9788,-9596,8560,-45,191,-208,-14760,4364,3276,-960,55,-38,-14880,-2848,5852,-482,149,-183,0
1520.8152480125427,10588,4900,11140,-132,-26,60,9736,-9556,8340,-57,170,-149,-14640,4408,3132,-980,21,-237,-14876,-2832,5824,-524,66,-160,0
1520.8484659194946,10484,4732,10912,-29,63,71,9760,-9488,8476,-34,164,-114,-14712,4512,3176,-1015,62,-37,-14704,-2684,5896,-575,75,-199,0
1520.8818640708923,10472,4796,10860,23,33,95,9788,-9684,8408,-26,111,-148,-14624,4360,3196,-1096,93,-97,-14812,-2744,5772,-557,126,-101,0
1520.9154739379883,10516,4860,10900,-48,-24,131,9796,-9532,8424,255,141,-119,-14372,4412,3272,-1015,132,-52,-14592,-2816,5880,-547,147,-114,0
1520.94877409935,10440,4792,10808,-96,-5,99,9816,-9624,8272,-12,121,-152,-14684,4368,3268,-1013,130,-75,-14704,-2916,5932,-499,151,-132,0
1520.982402086258,10352,4896,10828,-62,-65,82,9784,-9560,8424,-75,156,-206,-14704,4296,3380,-953,93,-113,-14608,-2572,5716,-501,165,-110,0
1521.015974998474,10584,4896,10788,-125,-117,91,9820,-9652,8492,-59,178,-183,-14784,4332,3232,-1001,37,-53,-14784,-2884,5644,-765,117,-152,0
1521.0494921207428,10388,4880,10812,-180,-33,95,9804,-9620,8200,-27,199,-121,-14832,4452,3152,-1014,43,-82,-14828,-2756,5776,-530,94,-160,0
1521.0827641487122,10712,4704,10944,-77,19,45,9776,-9544,8592,-90,193,-160,-14716,4300,3396,-981,46,35,-14736,-2768,5960,-481,82,-154,0
1521.1161620616913,10368,4668,10952,-114,-26,57,9688,-9596,8328,-36,187,-147,-14680,4372,3252,-999,61,-6,-14712,-2684,5840,-501,87,-172,0
1521.1499509811401,10388,4848,10872,-108,29,63,9736,-9588,8368,0,139,-160,-14660,4364,3104,-1004,55,-24,-14684,-2764,5816,-520,118,-122,0
1521.1836731433868,10312,4844,10828,-73,-245,96,9940,-9556,8324,-20,131,-136,-14568,4400,3308,-1035,87,-58,-14772,-2864,5868,-537,115,-111,0
1521.2173221111298,10412,5032,10976,-108,-20,71,9780,-9536,8376,-58,132,-157,-14668,4388,3196,-1044,95,-53,-14688,-2812,5848,-499,101,-108,0
1521.2543151378632,10392,4992,10788,-134,-15,161,9808,-9472,8444,-52,39,-116,-14656,4400,3260,-786,132,4,-14764,-2776,5636,-557,64,-87,0
1521.2901401519775,10416,4940,10932,-145,-4,191,9528,-9592,8392,-68,165,-67,-14600,4388,3264,-986,131,-238,-14716,-2620,5856,-534,59,-78,0
1521.3253390789032,10324,5080,10504,-57,7,174,9864,-9524,8556,-65,75,-186,-14664,4308,3184,-969,188,-114,-14616,-2840,5812,-470,178,-117,0
1521.3611929416656,10344,4880,10864,-73,-193,86,9812,-9524,8556,-89,127,-271,-14604,4320,3292,-955,109,-221,-14656,-2864,5720,-419,289,-134,0
1521.397094964981,10312,4868,10740,-219,-199,39,9856,-9532,8544,-62,177,-301,-14648,4460,3260,-981,58,-153,-14804,-2824,5820,-449,266,-152,0
1521.4325499534607,10396,4972,11156,-187,-128,34,9760,-9560,8548,-24,147,-240,-14744,4364,3208,-999,81,-68,-14824,-2696,5928,-507,155,-139,0
1521.4676690101624,10324,4948,10940,-83,-37,61,9960,-9532,8512,1,102,-218,-14532,4400,3256,-769,142,-97,-14732,-2760,6116,-501,98,-120,0
1521.503345966339,10352,4940,10784,-84,-15,115,9688,-9596,8456,-51,59,-180,-14668,4440,3176,-1016,149,-56,-14816,-2708,5796,-498,122,-50,0
1521.5392451286316,10372,4948,11120,-198,-28,150,9836,-9584,8444,-60,207,-108,-14720,4452,3180,-946,119,-40,-14872,-2812,5716,-465,108,-78,0
1521.5744619369507,10284,4932,10796,-204,-84,141,9912,-9624,8360,-55,152,-176,-14660,4120,3536,-956,152,-129,-14660,-2772,5744,-444,168,-91,0
1521.610687971115,10360,4968,10788,-213,-112,120,9760,-9616,8304,-32,111,-205,-14600,4412,3420,-1070,138,-55,-14740,-2572,5820,-499,229,-71,0
1521.6453940868378,10396,5008,10868,-217,-93,147,9812,-9644,8676,37,126,-175,-14680,4476,3272,-1074,118,-74,-14796,-2924,5948,-537,107,-121,0
1521.6808631420135,10364,4944,10956,-215,-42,122,9836,-9496,8500,250,180,-166,-14640,4308,3308,-878,83,-63,-14544,-2936,5768,-491,125,-91,0
1521.7160861492157,10316,4928,10764,-115,-159,125,9692,-9556,8328,-112,76,-249,-14408,4380,3516,-965,173,-181,-14632,-2736,5816,-469,235,-11,0
1521.7523200511932,10324,4972,10880,-278,-300,216,9804,-9232,8408,-105,-27,-316,-14700,4368,3124,-945,227,-94,-14744,-2692,5816,-437,246,28,0
1521.7881569862366,10528,4864,10888,-356,-244,237,9996,-9584,8400,-121,42,-176,-14768,4420,3140,-958,208,-28,-14820,-2736,5924,-441,139,28,0
1521.823681116104,10532,4808,11000,-353,-142,206,9860,-9736,8612,-63,169,-130,-15064,4464,3288,-966,110,-100,-14820,-2676,5868,-463,154,-51,0
1521.8593389987946,10368,4796,10848,-303,-137,137,9744,-9708,8296,11,117,-188,-14632,4552,3196,-1045,133,-83,-14724,-2660,5904,-488,183,-49,0
1521.8948149681091,10372,4784,10832,-508,-91,208,9824,-9692,8392,17,34,-135,-14828,4496,3468,-1046,145,-12,-14756,-2608,5936,-568,104,-36,0
1521.928421974182,10536,4756,10812,-263,-75,213,9684,-9700,8404,-15,198,-78,-14860,4488,3316,-771,110,-242,-14896,-3056,5672,-539,41,-71,0
1521.9618711471558,10472,4628,11224,-311,-84,199,9888,-9584,8348,-20,138,-98,-14704,4348,3220,-995,115,-47,-14616,-2788,5792,-523,52,-56,0
1521.995491027832,10280,4620,10940,-259,-151,228,9632,-9552,8656,-34,99,-112,-14732,4328,3152,-1047,141,-26,-14652,-2772,5744,-543,86,-8,0
1522.0290751457214,10420,5112,10776,-279,-172,274,9892,-9584,8676,-58,7,-109,-14568,4368,3360,-1091,221,255,-14736,-2772,6096,-525,96,15,0
1522.0622279644012,10312,4804,10836,-507,-132,278,9780,-9612,8476,-46,1,-93,-14704,4348,3168,-1013,226,49,-14780,-2688,6068,-527,86,31,0
1522.0957159996033,10376,5040,10820,-508,-148,265,9860,-9248,8404,-76,27,-72,-14652,4364,3132,-1003,226,42,-14716,-2708,5744,-483,94,22,0
1522.1291439533234,10396,4808,10776,-221,-116,261,9836,-9576,8380,-90,2,-98,-14460,4392,3148,-1041,199,0,-14644,-2744,5760,-523,110,31,0
1522.1623060703278,10428,4672,10872,-172,-147,297,9720,-9588,8304,-36,9,-110,-14700,4472,3164,-1073,217,33,-14700,-2724,5884,-579,95,-6,0
1522.1958169937134,10552,4768,10812,-149,-56,234,9880,-9552,8260,-60,83,-65,-14824,4376,3284,-1041,143,55,-14752,-2568,5852,-563,43,-94,0
1522.2292730808258,10540,4784,10872,-89,17,184,9880,-9552,8360,-61,135,-86,-14652,4320,3196,-965,122,-19,-14680,-2612,5784,-508,58,-142,0
1522.2629709243774,10552,4692,11004,-124,-256,101,9904,-9624,8316,-74,133,-160,-14844,4116,3220,-998,131,-99,-14596,-2760,5732,-501,146,-105,0
1522.296637058258,10732,4744,10940,-201,-55,89,9784,-9576,8316,-38,161,-216,-14720,4476,3060,-952,103,-144,-14808,-2812,5860,-443,179,-125,0
1522.3300950527191,10608,4852,10920,-189,-95,64,9864,-9604,8272,-30,175,-241,-14624,4584,3288,-958,103,-96,-14784,-2584,5772,-425,199,-134,0
1522.363487958908,10472,4852,10908,-192,-122,67,9908,-9876,8356,-112,147,-235,-14688,4552,3060,-911,134,-87,-14724,-2760,6136,-406,174,-88,0
1522.3967680931091,10420,4732,10972,-191,-124,107,9736,-9632,8432,-111,87,-511,-14676,4532,3060,-932,169,-94,-14748,-2728,5988,-426,143,-94,0
1522.4304299354553,10260,4732,10928,-91,-80,106,9792,-9680,8404,-118,142,-189,-14768,4820,3176,-976,85,-58,-14844,-2548,5960,-506,119,-141,0
1522.4638240337372,10508,4660,10876,-119,-255,71,9748,-9756,8356,-19,210,-112,-14756,4440,3128,-1040,18,43,-14856,-2600,6020,-530,53,-169,0
1522.4974191188812,10644,4784,10872,-75,93,104,9644,-9596,8508,-12,160,-30,-14732,4516,3084,-777,28,49,-14700,-2740,5908,-561,-8,-130,0
1522.5310370922089,10736,4768,10760,-35,83,118,9720,-9700,8544,-56,152,-79,-14664,4556,3000,-1067,82,-11,-14576,-2660,6080,-588,64,-192,0
1522.5644779205322,10404,4740,10824,-38,45,84,9804,-9660,8380,-18,151,-110,-14812,4492,3364,-1071,94,-45,-14452,-2720,5688,-549,124,-123,0
1522.5981950759888,10412,4740,10896,-32,47,131,9728,-9528,8332,-40,92,-127,-14496,4444,3324,-1071,169,-64,-14744,-2656,5832,-552,127,-65,0
1522.6317269802094,10520,4676,10940,-57,255,177,9864,-9684,8268,-60,76,-87,-14696,4452,3064,-1045,130,13,-14616,-2640,5960,-556,61,-78,0
1522.6650059223175,10428,4800,11008,-84,12,183,9500,-9476,8424,-92,69,-66,-14672,4492,3192,-998,155,60,-14740,-2732,6128,-506,23,-79,0
1522.6985421180723,10448,4832,10836,-101,32,162,9768,-9716,8276,-99,120,-85,-14740,4408,3296,-973,142,-247,-14732,-2724,5688,-502,51,-111,0
1522.7319130897522,10384,4832,11148,-128,-22,158,9888,-9636,8240,-53,133,-157,-14716,4416,3104,-1042,113,-96,-14696,-2752,5884,-493,156,-135,0
1522.7654941082,10352,4772,10664,-42,-15,77,9780,-9616,8332,-25,165,-181,-14704,4576,3264,-1094,58,-55,-14764,-2724,5936,-557,141,-210,0
1522.799309015274,10408,4808,10948,-101,13,58,9748,-9612,8648,-25,182,-127,-14732,4532,3112,-1069,37,-34,-14784,-2712,6048,-542,84,-164,0
1522.8329100608826,10352,4864,10892,-86,16,85,9656,-9924,8332,-19,173,-105,-14768,4828,3580,-975,59,-25,-14708,-2628,5964,-561,102,-137,0
1522.8664281368256,10476,5072,10572,-62,-34,140,9760,-9528,8292,-32,124,-107,-14568,4528,3096,-1046,100,-1,-14740,-2648,5920,-534,100,-108,0
1522.8999090194702,10388,4780,11236,-69,-32,177,9752,-9720,8192,-38,51,-124,-14804,4372,2884,-987,175,-251,-14740,-2736,5892,-493,98,-69,0
1522.9380991458893,10352,4780,10880,-143,-59,175,9928,-9692,8420,-100,61,-149,-14600,4556,3280,-976,161,-68,-14688,-2744,6140,-493,122,-72,0
1522.9731540679932,10384,4768,10920,-157,-80,172,9764,-9644,8392,-76,91,-160,-14656,4640,3056,-982,148,-60,-14736,-2684,5964,-495,146,-86,0
1523.0086920261383,10432,4808,10952,-142,-76,150,9788,-9764,8320,-51,100,-190,-14760,4496,3260,-980,128,-112,-14784,-2616,5840,-494,164,-147,0
1523.0444891452787,10440,4700,10924,-66,-76,108,9484,-9664,8312,-17,127,-177,-14640,4436,3140,-1014,108,-128,-14668,-2708,5956,-496,184,-147,0
1523.0805160999298,10408,4696,10896,-121,-68,65,9948,-9624,8284,-41,136,-222,-14608,4520,3132,-966,93,-87,-14672,-2796,5932,-467,174,-145,0
1523.1154749393463,10292,4876,10876,-168,-116,77,9772,-9600,8500,-50,128,-227,-14496,4640,3236,-1011,93,-137,-14780,-2732,5936,-495,157,-99,0
1523.1514649391174,10524,4836,10880,-111,-122,119,9840,-9728,8352,-68,114,-179,-14612,4584,3200,-976,89,-22,-14860,-2652,5876,-518,113,-118,0
1523.1871399879456,10448,4812,10928,-179,-63,136,9976,-9708,8312,-41,87,-123,-14680,4416,3152,-1051,124,-7,-14704,-2760,6072,-541,88,-45,0
1523.2225620746613,10444,4808,10848,-103,25,214,9556,-9664,8348,-82,37,-75,-14848,4584,2984,-1011,173,16,-14392,-2700,5928,-536,34,-63,0
1523.258269071579,10396,4820,10904,-114,-34,195,9792,-9704,8260,-53,48,-146,-14724,4540,3308,-985,190,-44,-14608,-2636,6032,-531,120,-69,0
1523.293329000473,10420,4856,10920,-142,-30,191,9684,-9652,8368,-65,42,-178,-14644,4408,3556,-930,199,-128,-14652,-2696,6124,-502,206,-30,0
1523.3293521404266,10436,4776,10840,-170,-151,195,9788,-9656,8264,-80,98,-202,-14716,4496,3304,-984,138,-50,-14780,-2704,5952,-260,194,-83,0
1523.364753961563,10604,4816,10904,-163,-111,118,9844,-9620,8280,-92,168,-169,-14676,4548,3052,-991,83,-87,-14832,-2764,5904,-494,100,-159,0
1523.4007949829102,10424,4888,10940,-133,-54,105,9816,-9700,8348,-98,144,-135,-14716,4648,3176,-986,56,-28,-14652,-2768,5896,-573,81,-139,0
1523.4374239444733,10244,4812,11012,-91,-14,135,9668,-9708,8372,-55,124,-83,-14568,4848,3052,-1060,55,20,-14704,-2580,5672,-586,66,-108,0
1523.4725279808044,10512,4772,10844,-36,32,166,9588,-9696,8168,-90,94,-74,-14648,4408,3096,-1098,147,254,-14796,-2616,5884,-577,47,-97,0
1523.5077171325684,10412,4792,10888,-137,-25,210,9756,-9976,8340,-46,76,-83,-14656,4560,3220,-1024,145,9,-14576,-2776,6092,-545,64,-82,0
1523.543939113617,10364,4752,10796,-169,22,204,9484,-9668,8368,-38,67,-94,-14688,4568,3072,-1052,145,-58,-14728,-2680,6004,-517,146,-61,0
1523.580085992813,10336,4848,10904,-136,-63,189,9668,-9748,8404,-36,116,-125,-14660,4600,3104,-1000,142,-66,-14720,-2752,6020,-553,130,-77,0
1523.6136651039124,10340,4916,10952,-145,-75,163,9792,-9700,8300,-77,71,-155,-14552,4572,2996,-973,105,-37,-14632,-2612,5948,-504,181,-93,0
1523.6473429203033,10364,4608,10668,-149,-84,149,9976,-9672,8348,-47,130,-176,-14596,4604,3192,-946,106,-37,-14744,-2728,5836,-475,142,-108,0
1523.680762052536,10444,4612,10952,-184,-45,122,9748,-9744,8212,-45,124,-175,-14720,4592,3108,-945,147,-75,-14748,-2624,5884,-437,133,-106,0
1523.71418094635,10488,4780,10788,-214,-75,96,9848,-9784,8252,-45,119,-222,-14716,4584,3172,-971,139,-119,-14652,-2636,6000,-444,202,-113,0
1523.747642993927,10468,4752,10940,-208,-72,78,9708,-9728,8208,-40,135,-235,-14608,4552,3104,-999,83,-94,-14776,-2648,5888,-475,195,-110,0
1523.781182050705,10456,4624,11196,-229,-96,82,9780,-9808,8272,6,190,-217,-14696,4676,3208,-1004,75,-100,-14644,-2708,6140,-466,204,-116,0
1523.8148190975187,10432,4856,10760,-225,-135,87,9864,-9760,8328,-25,146,-242,-14680,4560,3088,-965,66,-93,-14700,-2740,6012,-453,188,-111,0
1523.8482699394226,10376,4840,11040,-199,-117,57,9756,-9652,8432,-18,159,-240,-14652,4592,3184,-966,90,-150,-14680,-2724,6036,-444,180,-126,0
1523.8817219734192,10380,5104,10996,-239,-142,75,9476,-9820,8348,-31,169,-244,-14596,4620,3156,-976,75,-98,-14632,-2692,5936,-493,181,-99,0
1523.9151990413666,10464,4860,10756,-290,-146,121,9740,-9960,8312,-42,155,-218,-14636,4544,3108,-954,95,-88,-14792,-2740,5768,-483,151,-114,0
1523.9487659931183,10440,4804,10944,-172,-75,148,9764,-9664,8340,-75,131,-212,-14624,4480,3332,-949,128,-64,-14672,-2696,5720,-478,208,-77,0
1523.98233294487,10424,4784,10952,-220,-126,111,9768,-9668,8260,-34,127,-255,-14696,4804,3080,-947,143,-183,-14720,-2720,5776,-441,243,-84,0
1524.0158081054688,10488,4724,10936,-241,-142,89,9824,-9652,8372,254,135,-256,-14692,4676,3296,-975,115,-179,-14732,-2596,6004,-427,252,-87,0
1524.049420118332,10456,4776,10948,-217,-144,109,9744,-9688,8360,-10,151,-222,-14764,4556,2916,-903,105,-169,-14808,-2684,6020,-449,187,-126,0
1524.0829689502716,10584,4776,10840,-198,-164,81,9948,-9748,8272,-14,231,-249,-14796,4576,3292,-981,32,-151,-14772,-2636,6108,-482,190,-178,0
1524.116613149643,10472,4756,11020,-227,-122,42,9808,-9772,8240,-11,506,-229,-14660,4668,3152,-982,1,-125,-14856,-2548,5972,-465,176,-166,0
1524.1496109962463,10316,4780,10992,-248,-151,90,9784,-9764,8308,47,194,-182,-14832,4800,2864,-993,100,-184,-14712,-2608,5920,-488,206,-100,0
1524.183058977127,10488,4740,11244,-214,-149,116,9652,-9720,8256,-251,178,-175,-14664,4532,3040,-964,80,-139,-14620,-2584,6140,-497,199,-107,0
1524.2166271209717,10324,4708,11028,-192,-117,108,9632,-9804,8400,-1,144,-183,-14648,4540,3004,-984,107,-83,-14744,-2624,6028,-479,159,-100,0
1524.2502391338348,10384,4612,10900,-180,-80,152,9824,-9948,8292,47,165,-164,-14688,4576,3048,-1014,84,-76,-14744,-2532,6020,-495,163,-85,0
1524.2838411331177,10332,4612,10932,-202,-90,141,9516,-9596,8200,17,133,-147,-14660,4628,3152,-1008,119,-78,-14688,-2588,5684,-485,152,-93,0
1524.31738114357,10456,4792,10816,-229,-128,160,9872,-9652,8300,-16,123,-183,-14712,4520,3260,-1003,113,-87,-14720,-2704,5684,-474,165,-113,0
1524.3510670661926,10460,5084,10892,-203,-132,128,9756,-9704,8372,-38,134,-163,-14620,4616,3048,-988,108,-129,-14792,-2676,6016,-258,153,-66,0
1524.3844981193545,10600,4736,10788,-228,-142,173,9820,-9716,8308,-55,96,-135,-14700,4536,3184,-1027,119,-34,-14600,-2696,5992,-509,151,-12,0
1524.4181380271912,10416,4728,10840,-199,-117,212,9732,-9972,8260,-66,51,-148,-14460,4544,2888,-1052,177,-5,-14808,-2580,5896,-546,95,-4,0
1524.4518039226532,10444,4744,11024,-84,-25,231,9832,-9488,8208,-79,47,-97,-14784,4620,2940,-1043,160,33,-14740,-2580,6008,-547,29,-24,0
1524.4854929447174,10372,4704,10812,-150,-23,204,9780,-9672,8312,-91,59,-78,-14340,4528,3260,-1079,181,32,-14716,-2668,5844,-522,75,-57,0
1524.5192611217499,10476,4728,10500,-189,8,185,9868,-9580,8336,-101,76,-91,-14424,4500,3316,-1027,175,-245,-14668,-2668,6124,-478,63,-80,0
1524.5527200698853,10352,4848,10880,-157,43,119,9888,-9568,8348,-127,104,-121,-14904,4440,3204,-948,137,8,-14832,-2700,5768,-450,41,-94,0
1524.5858330726624,10468,4668,10792,-184,23,81,9916,-9704,8340,-113,162,-169,-14796,4456,2900,-1029,47,254,-14620,-2636,5932,-465,93,-155,0
1524.6233410835266,10440,4780,10836,-165,-37,81,9744,-9752,8420,-39,117,-157,-14652,4648,2968,-1059,129,-248,-14680,-2580,5980,-483,74,-116,0
1524.6591610908508,10532,4660,10724,-69,8,106,9840,-9956,8160,-82,106,-131,-14760,4576,3096,-979,97,241,-14768,-2576,5980,-517,92,-111,0
1524.6944689750671,10528,4700,10932,-140,29,95,9772,-9716,8348,-40,173,-143,-14588,4692,3092,-1002,88,-37,-14672,-2536,5928,-484,104,-153,0
1524.7307169437408,10408,4644,10848,-80,18,108,9716,-9656,8436,29,119,-154,-14624,4384,3216,-1094,83,-134,-14420,-2660,5996,-762,155,-209,0
1524.7655861377716,10404,4672,10940,-57,-22,101,9740,-9644,7936,-6,165,-131,-14680,4448,3120,-1273,2,-86,-14744,-2668,6024,-260,118,-199,0
1524.8011059761047,10296,4724,10904,-77,-12,79,9780,-9724,8424,-44,226,-147,-14624,4568,3312,-975,42,-98,-14756,-2580,5980,-518,89,-192,0
1524.8372399806976,10520,4796,11028,-72,-27,36,9820,-9648,8232,-69,205,-182,-14524,4532,3156,-1001,58,-137,-14624,-2632,5976,-485,163,-219,0
1524.8722181320193,10324,4860,11020,-91,-115,37,9696,-9756,8304,-11,182,-239,-14636,4584,3040,-952,79,-135,-14612,-2668,5832,-471,203,-198,0
1524.907989025116,10324,4876,11128,-82,-97,4,9784,-9724,8244,-34,204,-292,-14672,4584,3352,-961,50,-154,-14620,-2760,5976,-430,224,-200,0
1524.9432690143583,10396,4808,10760,-138,-119,3,9684,-9768,8392,-21,173,-279,-14624,4560,3108,-914,70,-161,-14776,-2676,6056,-433,235,-212,0
1524.9795949459076,10412,4648,11048,-72,-84,-9,9684,-9760,8200,-9,154,-317,-14604,4512,3132,-928,60,-198,-14544,-2684,5992,-400,228,-204,0
1525.0153651237488,10324,4756,10820,-91,-129,-33,9780,-9688,8268,7,205,-355,-14672,4588,3372,-946,41,-236,-14780,-2816,6036,-377,289,-243,0
1525.0502490997314,10368,4684,11072,-126,-115,-20,9512,-9680,8208,-33,249,-310,-14716,4580,3136,-968,-7,-146,-14856,-2564,6044,-450,217,-175,0
1525.0855300426483,10524,4736,11224,-153,-127,18,9728,-9776,8324,-90,177,-238,-14700,4560,3172,-897,96,-98,-14668,-2540,6056,-451,114,-93,0
1525.1215889453888,10336,4784,10932,-126,-89,95,9724,-9772,8276,-80,104,-253,-14704,4584,3408,-969,127,-122,-14600,-2656,5928,-438,163,-110,0
1525.1571021080015,10472,4740,10896,-101,-92,102,9704,-9816,8288,-88,126,-227,-14684,4852,3076,-994,156,-109,-14688,-2588,6044,-435,186,-71,0
1525.1922290325165,10364,4796,10920,-149,-133,110,9764,-9516,8252,-48,118,-217,-14700,4700,3068,-973,137,-103,-14616,-2700,6140,-468,218,-137,0
1525.228121995926,10728,4688,10900,-127,-150,118,9848,-9684,8240,-1,108,-248,-14792,4460,3140,-1009,125,-134,-14728,-2596,5900,-478,201,-159,0
1525.263916015625,10260,4828,10884,-72,-67,61,9668,-9564,8392,-47,143,-237,-14716,4440,3140,-993,98,-102,-14808,-2620,5968,-485,168,-180,0
1525.297446012497,10436,4736,10864,-136,-76,63,9764,-9792,8444,44,201,-223,-14672,4484,3104,-1015,76,-170,-14644,-2696,5916,-483,180,-227,0
1525.3311059474943,10432,4852,10980,-58,-123,24,9980,-9636,8348,82,167,-248,-14724,4508,3092,-1039,26,-186,-14680,-2876,5980,-453,176,-215,0
1525.3643441200256,10392,4944,11116,-78,-95,-36,9944,-9700,8380,-25,231,-294,-14784,4516,3124,-983,7,-131,-14768,-2712,6020,-462,229,-198,0
1525.3976459503174,10408,4976,10788,-156,-149,9,9800,-9628,8256,-58,210,-284,-14688,4500,3208,-898,76,-124,-14636,-2552,5876,-448,202,-166,0
1525.4313061237335,10400,4816,10860,-147,-123,44,9628,-9624,8696,-28,106,-290,-14604,4476,3044,-974,126,-147,-14824,-2676,6068,-415,231,-125,0
1525.4646689891815,10396,4780,10956,-140,-130,100,9688,-9648,8292,-42,102,-277,-14624,4480,3184,-986,138,-158,-14592,-2668,6064,-411,233,-143,0
1525.4982409477234,10424,4804,10884,-153,-136,60,9788,-9704,8368,-64,168,-254,-14676,4496,3300,-947,129,-147,-14760,-2376,5692,-452,232,-132,0
1525.5318551063538,10432,4816,10816,-110,-112,65,9832,-9700,8312,-50,152,-268,-14760,4712,3068,-988,108,-123,-14672,-2716,6020,-450,229,-140,0
1525.5653381347656,10276,4736,10956,-173,-144,106,9980,-9664,8316,15,139,-266,-14380,4520,3268,-1001,137,-184,-14604,-2744,5764,-482,230,-153,0
1525.5988910198212,10440,4820,10780,-108,-123,67,9816,-9772,8292,-10,138,-300,-14664,4444,3088,-991,113,-231,-14704,-2752,6036,-459,255,-169,0
1525.6319770812988,10272,4852,10872,-141,-161,51,9860,-9924,8348,-17,181,-280,-14664,4512,2836,-976,117,-173,-14796,-2752,5676,-464,245,-143,0
1525.6653740406036,10740,4956,10860,-156,-112,52,9880,-9584,8380,254,157,-275,-14712,4456,3124,-993,118,-147,-14732,-2660,5788,-468,210,-102,0
1525.6989250183105,10248,4984,11224,-190,-128,88,9824,-9656,8424,-18,145,-255,-14640,4408,3112,-1018,151,-101,-14724,-2788,5896,-439,220,-90,0
1525.736839056015,10380,4660,10776,-231,-129,123,9784,-9624,8260,-15,110,-220,-14688,4496,3112,-996,133,-118,-14808,-2656,6024,-462,173,-44,0
1525.770318031311,10444,4608,10780,-235,-117,138,9744,-9712,8284,-29,94,-213,-14712,4568,3104,-967,145,-105,-14724,-2632,5856,-458,183,-40,0
1525.8038420677183,10360,4820,10952,-230,-150,183,9972,-9844,8388,-26,94,-192,-14692,4364,3244,-991,140,-111,-14840,-2544,5788,-480,160,-42,0
1525.83726811409,10444,4900,10980,-181,-150,137,9904,-9680,8360,-46,87,-201,-14628,4496,3080,-994,107,-189,-14764,-2676,6112,-260,219,-97,0
1525.8708281517029,10448,4824,11036,-205,-158,110,9804,-9656,8376,14,183,-223,-14792,4520,3244,-983,83,-161,-14828,-2684,5820,-767,203,-119,0
1525.9041960239413,10464,4820,10944,-3,-109,102,9896,-9636,8400,31,169,-213,-14692,4432,3180,-947,88,-156,-14692,-2652,5824,-490,216,-116,0
1525.9377300739288,10440,4824,10940,-283,-172,135,9860,-9604,8360,10,175,-232,-14728,4140,3080,-991,117,-145,-14708,-2696,5816,-501,228,-99,0
1525.971125125885,10416,4688,10768,-228,-132,129,9860,-9592,8464,-10,145,-239,-14712,4512,2968,-953,124,-136,-14612,-2688,5840,-486,191,-69,0
1526.0047061443329,10532,4796,10844,-273,-187,152,9772,-9672,8316,20,165,-185,-14740,4104,3220,-1008,98,-180,-14800,-2608,5660,-465,218,-60,0
1526.0382361412048,10728,4784,10660,-257,-187,149,9868,-9616,8400,43,130,-219,-14692,4368,3216,-1013,118,-183,-14812,-2788,5712,-469,187,-96,0
1526.071877002716,10440,4792,10732,-238,-173,141,9780,-9652,8412,-35,178,-217,-14764,4432,3224,-962,106,-126,-14764,-2692,5836,-493,214,-87,0
1526.1054570674896,10520,4808,11004,-288,-197,124,9876,-9636,8384,49,201,-208,-14640,4552,2976,-1012,113,-104,-14836,-2596,5852,-468,205,-116,0
1526.138972043991,10396,4740,10916,-209,-149,142,9764,-9628,8208,36,163,-171,-14624,4420,3284,-1035,95,-155,-14760,-2652,5876,-488,172,-116,0
1526.1723420619965,10484,4788,10748,-234,-137,128,9676,-9544,8356,33,186,-171,-14752,4432,3208,-997,64,-104,-14764,-2836,5844,-472,133,-136,0
1526.205904006958,10464,4892,10912,-212,-147,132,9748,-9640,8376,16,152,-190,-14680,4456,3224,-988,73,-103,-14796,-2664,5704,-479,152,-100,0
1526.2396450042725,10532,4792,10756,-219,-147,138,9788,-9524,8404,-28,154,-214,-14680,4392,3212,-1017,157,-112,-14724,-2624,5684,-451,195,-93,0
1526.2756171226501,10420,4764,10564,-215,-220,184,9800,-9592,8612,-10,143,-215,-14740,4452,3056,-1043,173,-161,-14764,-2544,5788,-474,225,-65,0
1526.311805009842,10728,4736,10956,-146,-189,145,9812,-9572,8212,-13,95,-221,-14716,4528,3108,-1062,184,-163,-14732,-2652,5840,-484,198,-74,0
1526.3480839729307,10612,4668,10772,-197,-173,149,9736,-9628,8408,-19,143,-210,-14804,4456,3044,-1029,142,-90,-14764,-2592,5868,-469,182,-92,0
1526.3831300735474,10492,4768,10780,-139,-74,135,9960,-9576,8204,-30,173,-183,-14692,4484,3068,-1000,121,-95,-14764,-2636,5876,-513,149,-108,0
1526.4195730686188,10544,4776,10872,-146,-47,101,9800,-9632,8340,-32,180,-142,-14804,4392,3020,-1031,121,-85,-14816,-2600,5720,-478,117,-109,0
1526.4548580646515,10624,4680,10640,-103,-250,79,9752,-9524,8336,-37,172,-166,-14636,4136,3148,-1014,93,-37,-14700,-2716,5948,-492,124,-155,0
1526.4901909828186,10252,4860,10860,-134,-11,84,9852,-9632,8336,-34,129,-155,-14824,4388,3312,-997,92,-62,-14792,-2600,5816,-487,124,-138,0
1526.5255451202393,10584,4756,10884,-93,-11,103,9784,-9696,8264,-55,137,-143,-14768,4436,3124,-987,111,-48,-14780,-2684,5940,-491,127,-111,0
1526.5618340969086,10280,4752,10928,-67,-39,99,9816,-9588,8316,-42,140,-159,-14756,4424,3160,-1013,97,-69,-14780,-2604,5724,-493,152,-164,0
1526.5976190567017,10748,4752,10780,-98,-20,94,9824,-9628,8192,-42,153,-165,-14608,4364,3072,-1033,95,-83,-14816,-2720,5836,-488,115,-155,0
1526.6327641010284,10360,4660,10928,-100,10,95,9808,-9552,8384,-60,135,-173,-14716,4396,3196,-998,113,-20,-14672,-2628,5660,-258,93,-124,0
1526.6687409877775,10528,4836,10796,-67,-12,73,9832,-9652,8312,-63,139,-162,-14796,4476,3276,-783,72,-42,-14768,-2616,5920,-521,116,-141,0
1526.703861951828,10452,4796,10936,-156,-17,89,9720,-9632,8332,-33,149,-124,-14632,4464,3240,-1258,68,-54,-14748,-2600,5928,-492,101,-114,0
1526.7396609783173,10420,4840,10964,-59,37,98,9904,-9584,8372,-87,158,-135,-14648,4400,3304,-988,65,-101,-15060,-2700,5672,-767,103,-122,0
1526.7749021053314,10528,4868,10768,-108,-38,73,9832,-9632,8364,-58,178,-155,-14716,4448,3080,-965,92,-10,-15016,-2656,5700,-490,118,-126,0
1526.810518026352,10604,4720,10860,-109,33,100,9792,-9612,8196,-33,144,-168,-14752,4356,2964,-1022,111,-49,-14660,-2672,5648,-502,156,-162,0
1526.8459119796753,10556,4852,10912,-77,-11,89,9872,-9540,8592,-32,119,-167,-14776,4452,3100,-1012,69,-64,-14756,-2624,5884,-506,104,-149,0
1526.8819370269775,10300,4780,10784,-77,-35,68,9816,-9708,8344,-65,162,-163,-14660,4404,2884,-980,35,-251,-14616,-2688,5932,-528,97,-160,0
1526.9195489883423,10272,4820,10712,-94,-5,81,9796,-9676,8280,-86,164,-98,-14764,4568,3108,-1033,24,-46,-14872,-2760,5812,-573,61,-175,0
1526.9529139995575,10276,4836,10976,-76,5,121,9728,-9728,8332,-37,155,-72,-14620,4460,3060,-1040,34,253,-14748,-2732,5852,-572,49,-136,0
1526.9865870475767,10388,4888,10760,-54,44,152,9796,-9656,8192,-94,78,-98,-14800,4416,3152,-1040,138,17,-14632,-2700,5780,-544,48,-99,0
1527.0200400352478,10416,4820,10940,-137,-29,179,9660,-9604,8272,-43,114,-83,-14756,4536,3068,-1277,108,-240,-14660,-2732,5648,-542,88,-122,0
1527.0537099838257,10352,4872,10948,-139,4,146,9852,-9680,8420,-76,121,-112,-14740,4488,3280,-1036,116,32,-14768,-2640,5664,-259,69,-103,0
1527.0874609947205,10460,4764,10944,-139,9,180,9492,-9716,8292,-66,127,-91,-14640,4516,3232,-1033,123,-234,-14784,-2708,5936,-535,96,-76,0
1527.1210501194,10440,4828,10900,-133,-36,176,9816,-9672,8224,-53,124,-103,-14608,4596,3072,-1019,133,-20,-14680,-2764,5832,-762,82,-91,0
1527.154361963272,10452,4780,10860,-126,-34,152,9828,-9656,8312,-77,132,-156,-14660,4400,3144,-983,110,-47,-14656,-2760,5928,-496,120,-110,0
1527.1879301071167,10340,5072,10896,-174,-54,138,9840,-9596,8368,-92,127,-157,-14656,4540,3080,-993,95,-12,-14816,-2884,6116,-503,112,-90,0
1527.2215790748596,10268,4632,11028,-165,-55,141,9708,-9676,8284,-49,151,-142,-14680,4396,3068,-953,81,-14,-14724,-2744,6000,-517,100,-108,0
1527.2553770542145,10352,4880,10920,-129,-38,106,9764,-9604,8356,-37,111,-153,-14768,4400,3160,-968,127,-43,-14680,-2696,5800,-481,102,-121,0
1527.2889139652252,10344,4892,10932,-153,-63,118,9504,-9624,8348,-23,112,-192,-14372,4532,3152,-1036,120,-121,-14716,-2700,5700,-479,164,-137,0
1527.3222651481628,10344,4908,10876,-158,-85,102,9800,-9588,8272,-35,134,-179,-14640,4436,3224,-1013,100,-99,-14768,-2748,6036,-495,160,-102,0
1527.3557591438293,10392,4924,10888,-122,-35,87,9812,-9640,8236,-98,136,-157,-14720,4520,3180,-970,104,-32,-15088,-2596,5776,-526,94,-124,0
1527.3890540599823,10516,4848,10948,-139,-22,112,9976,-9696,8388,-55,131,-137,-14732,4528,3088,-1016,61,28,-14764,-2680,5928,-538,80,-105,0
1527.4225640296936,10344,4764,10752,-190,-17,133,9684,-9708,8320,-31,134,-103,-14652,4484,3216,-1041,106,-8,-14824,-2816,5876,-529,56,-81,0
1527.456197977066,10376,4860,11012,-120,247,126,9776,-9736,8404,-86,114,-120,-14684,4592,3132,-993,101,-65,-14748,-2664,5884,-519,117,-117,0
1527.489848136902,10444,4844,11196,-166,-39,94,9740,-9704,8268,-45,119,-159,-14616,4536,2912,-973,105,-65,-14704,-2692,6032,-491,133,-112,0
1527.5231230258942,10396,4780,10808,-117,-52,122,9732,-9624,8320,-19,129,-175,-14572,4560,3040,-782,102,-47,-14768,-2720,5840,-489,142,-118,0
1527.5567851066587,10328,4880,10876,-125,-66,109,9788,-9484,8288,-19,125,-179,-14736,4476,3364,-1277,87,-92,-14708,-2744,5980,-481,154,-180,0
1527.5905640125275,10368,4924,10924,-152,-70,56,9796,-9736,8396,-38,156,-214,-14792,4592,3308,-972,77,-70,-14796,-2752,6036,-498,118,-177,0
1527.6241829395294,10416,4648,10844,-121,-65,50,9624,-9760,8488,-33,148,-169,-14620,4568,3152,-1047,49,-70,-14724,-2704,5840,-539,114,-147,0
1527.657588005066,10408,4880,10896,-153,-63,128,9952,-9652,8432,-3,144,-151,-14596,4476,3256,-771,123,-65,-14752,-2680,5940,-259,124,-90,0
1527.691188097,10352,4920,10740,-147,-40,159,9756,-9484,8400,-14,106,-150,-14696,4432,3280,-1004,133,-66,-14684,-2720,5944,-487,140,-105,0
1527.7245111465454,10380,4672,11256,-219,-77,163,9760,-9636,8260,7,140,-170,-14648,4424,3044,-1000,151,-78,-14740,-2736,5864,-461,157,-38,0
1527.7579951286316,10320,4892,10956,-263,-88,150,9816,-9748,8356,-13,112,-197,-14612,4476,3228,-990,148,-137,-14696,-2744,5984,-469,205,-42,0
1527.7916390895844,10416,4888,10968,-243,-176,164,9728,-9476,8380,-29,114,-213,-14680,4556,3408,-1010,119,-153,-14764,-2700,5664,-497,203,-79,0
1527.8253140449524,10340,4760,10940,-221,-164,150,9512,-9484,8344,-7,118,-223,-14688,4448,2968,-979,115,-154,-14700,-2732,6100,-534,213,-102,0
1527.8588011264799,10360,4832,10772,-220,-136,103,9784,-9684,8280,-33,153,-242,-14756,4856,3304,-1002,84,-102,-14720,-2788,6016,-500,168,-96,0
1527.8921270370483,10380,4752,11020,-270,-155,109,9800,-9732,8356,-29,170,-200,-14676,4512,3176,-976,102,-120,-14720,-2652,5992,-501,191,-76,0
1527.9254739284515,10376,4812,10828,-278,-135,106,9636,-9488,8428,-244,153,-229,-14616,4544,3088,-1024,127,-132,-14736,-2788,6076,-468,196,-66,0
1527.962408065796,10492,4836,11008,-3,-148,147,9960,-9764,8288,10,123,-233,-14716,4484,3308,-972,143,-137,-14680,-2720,5640,-465,208,-52,0
1527.9976050853727,10316,4796,10988,-294,-176,175,9836,-9496,8416,8,115,-235,-14732,4388,3064,-999,173,-135,-14688,-2720,6064,-487,229,-88,0
1528.0332491397858,10372,4828,10972,-255,-235,173,9792,-9476,8252,-8,120,-241,-14696,4480,3264,-1279,126,-163,-14748,-2640,5936,-506,202,-61,0
1528.0693199634552,10480,4668,10820,-251,-177,173,9816,-9976,8416,-23,134,-224,-14640,4472,3112,-1030,161,-98,-14760,-2620,5872,-482,147,-81,0
1528.1044840812683,10516,4856,11148,-261,-179,183,9752,-9708,8280,17,137,-182,-14768,4512,3200,-1031,87,-100,-14760,-2708,5988,-477,148,-84,0
1528.1403131484983,10580,4724,10920,-318,-198,146,9960,-9624,8020,32,159,-188,-14584,4420,3228,-1015,75,-113,-14724,-2708,5900,-471,133,-91,0
1528.1762480735779,10572,4816,10860,-236,-126,141,9964,-9628,8332,249,149,-227,-14716,4372,3104,-1004,80,-94,-14712,-2664,5844,-442,191,-118,0
1528.2123970985413,10420,4760,11244,-318,-172,133,9876,-9652,8452,-6,148,-208,-14720,4544,3104,-1005,128,-150,-14732,-2600,5876,-457,174,-81,0
1528.2482180595398,10264,4760,10572,-229,-183,183,9844,-9672,8304,10,131,-208,-14792,4524,3236,-1279,130,-125,-14724,-2772,6096,-448,186,-82,0
1528.2834861278534,10448,4612,10764,-245,-160,159,9836,-9496,8400,-26,153,-207,-14744,4560,3260,-993,128,-143,-14784,-2648,5892,-456,165,-99,0
1528.3191599845886,10296,4636,10896,-238,-190,124,9776,-9616,8308,-64,108,-215,-14744,4636,3224,-997,105,-66,-14756,-2664,6008,-505,156,-81,0
1528.3543350696564,10244,4628,10964,-126,-106,139,9812,-9688,8316,-75,97,-208,-14644,4512,3224,-991,91,-76,-14664,-2564,5932,-261,153,-103,0
1528.3903081417084,10448,4724,10736,-114,-107,143,9812,-9664,8264,-49,137,-174,-14696,4516,3212,-1022,136,-81,-14736,-2656,5804,-529,130,-115,0
1528.4259269237518,10556,4656,10836,-89,-76,102,9828,-9628,8412,-77,138,-178,-14592,4492,2880,-996,104,-65,-14672,-2580,5828,-477,135,-118,0
1528.4624121189117,10452,4736,10896,-134,-54,114,9764,-9644,8272,-13,145,-149,-14712,4496,3108,-1011,119,-58,-14824,-2360,6120,-494,147,-123,0
1528.49857711792,10500,4732,10844,-121,-4,93,9816,-9688,8340,-4,156,-176,-14676,4500,2968,-1025,104,-53,-14852,-2700,5644,-469,156,-114,0
1528.5344190597534,10244,4820,10856,-128,-6,112,9836,-9684,8392,-47,131,-169,-14676,4364,3252,-1276,112,-106,-14752,-2676,5924,-480,131,-138,0
1528.5699450969696,10292,4820,10920,-135,-25,76,9828,-9632,8368,-77,146,-178,-14660,4556,3244,-996,78,-99,-14832,-2560,5768,-526,134,-140,0
1528.6062109470367,10520,4748,10972,-91,-41,58,9792,-9604,8364,-64,213,-178,-14760,4556,3268,-979,28,-72,-14828,-2676,5824,-505,134,-148,0
1528.6395471096039,10436,4780,10508,-122,-14,66,9776,-9552,8196,-47,140,-164,-14676,4420,3120,-996,47,-256,-14724,-2640,5952,-494,124,-162,0
1528.673084974289,10464,4804,10824,-106,14,46,9716,-9612,8400,-32,165,-143,-14696,4476,3224,-1022,99,-9,-14812,-2664,5872,-481,69,-174,0
1528.7068259716034,10496,4776,11044,-88,16,63,9692,-9652,8420,-41,175,-180,-14460,4392,3116,-998,114,-81,-14636,-2716,5872,-487,124,-157,0
1528.7402701377869,10428,4812,10852,-104,-35,56,9720,-9648,8288,-31,140,-215,-14684,4404,3320,-999,85,-135,-14672,-2688,5712,-506,143,-175,0
1528.7738270759585,10380,4776,10844,-20,-12,74,9832,-9704,8248,-41,110,-207,-14664,4520,3576,-998,105,-124,-14704,-2696,5644,-508,184,-148,0
1528.8075230121613,10496,4692,10976,-86,-78,89,9976,-9748,8436,-16,112,-229,-14772,4484,3228,-1043,74,-107,-14672,-2708,5956,-497,177,-172,0
1528.8411049842834,10464,4740,10844,-77,-17,81,9908,-9624,8376,-16,168,-178,-14720,4428,3232,-983,106,-49,-14788,-2740,5828,-497,116,-179,0
1528.874652147293,10416,4776,10772,-63,-26,51,9872,-9596,8400,-82,139,-197,-14728,4428,3268,-951,83,-110,-14856,-2628,5836,-458,134,-186,0
1528.90797996521,10396,4728,10732,-124,-76,32,9536,-9696,8344,-37,145,-242,-14840,4348,3048,-957,90,-118,-14732,-2656,5832,-418,178,-205,0
1528.9415979385376,10452,4752,10880,-77,-8,51,9812,-9656,8308,-23,133,-239,-14604,4476,3120,-983,88,-169,-14700,-2700,5792,-432,198,-152,0
1528.9751040935516,10352,4732,11052,-124,-51,8,9812,-9692,8296,-17,165,-278,-14832,4372,3268,-975,49,-145,-15008,-2632,5960,-433,185,-160,0
1529.0087721347809,10332,4804,10848,-126,-65,255,9788,-9708,8364,-49,166,-275,-14736,4548,3188,-953,54,-95,-14736,-2720,5924,-460,166,-187,0
1529.0423700809479,10576,4820,11216,-92,-80,32,9736,-9700,8392,-37,152,-256,-14648,4544,3188,-977,88,-108,-14720,-2664,5892,-487,173,-178,0
1529.0760569572449,10456,4788,10888,-132,-89,73,9724,-9688,8424,-37,103,-232,-14656,4496,2836,-1014,142,-113,-14756,-2740,5880,-508,191,-141,0
1529.1098160743713,10436,4868,10728,-59,-9,101,9868,-9676,8364,-31,118,-201,-14628,4448,3112,-1008,102,-138,-14752,-2720,5900,-537,174,-128,0
1529.1433510780334,10532,4752,10908,-128,-60,112,9764,-9624,8344,-16,88,-188,-14756,4584,2980,-1001,125,-104,-14664,-2788,5868,-510,145,-116,0
1529.1769399642944,10524,4904,10888,-118,-21,124,9868,-9668,8252,-27,92,-178,-14764,4468,3204,-1007,117,-80,-14800,-2796,5636,-495,122,-91,0
1529.2103970050812,10416,4836,10908,-110,-63,129,9808,-9652,8300,-21,114,-191,-14668,4384,3124,-1010,100,-35,-14784,-2732,5760,-485,160,-118,0
1529.2438950538635,10376,4860,10872,-126,-87,127,9492,-9700,8240,-37,131,-186,-14748,4424,3228,-987,122,-73,-14760,-2744,5784,-502,146,-134,0
1529.2775690555573,10372,4852,10872,-110,-101,70,9804,-9632,8200,-73,133,-225,-14772,4408,3100,-1012,106,-110,-14732,-2644,5676,-503,152,-123,0
1529.3108999729156,10280,4904,11188,-118,-79,85,9860,-9636,8308,-62,128,-204,-14784,4504,3148,-1005,83,-124,-14604,-2676,5956,-270,155,-173,0
1529.3444390296936,10460,4808,10824,-142,-99,100,9788,-9600,8260,-24,109,-202,-14684,4392,3132,-1011,111,-87,-14712,-2740,5804,-499,154,-104,0
1529.3780851364136,10344,4876,10992,-122,-46,109,9976,-9576,8256,-40,94,-197,-14756,4352,3284,-1007,135,-49,-14768,-2664,5852,-497,158,-126,0
1529.411565065384,10616,4812,10880,-131,-144,93,9880,-9720,8208,-25,128,-210,-14828,4416,3256,-1020,107,-95,-14812,-2604,5988,-515,126,-118,0
1529.4635441303253,10264,4764,10824,-144,-24,121,9780,-9644,8244,-15,101,-156,-14740,4440,3296,-970,115,-58,-14700,-2664,5808,-761,121,-139,0
1529.5079691410065,10488,5116,10944,-175,-12,153,9760,-9552,8188,-43,137,-140,-14648,4460,3160,-1010,82,-53,-14740,-2792,5912,-465,129,-133,0
1529.5415971279144,10492,4632,10848,-159,-39,113,9864,-9680,8496,-39,176,-178,-14724,4492,3264,-1015,69,-95,-14732,-2640,5880,-475,156,-128,0
1529.5753540992737,10336,4836,10952,-174,-43,125,9792,-9680,8316,-75,145,-197,-14740,4568,3268,-1028,111,-84,-14708,-2560,5992,-524,145,-117,0
1529.6087801456451,10404,4776,11048,-168,-89,112,9860,-9564,8412,-39,150,-165,-14840,4388,3292,-1008,110,-83,-14708,-2704,6080,-479,153,-102,0
1529.645015001297,10448,4892,10772,-169,-73,122,9676,-9596,8192,-4,130,-178,-14576,4456,3156,-1273,127,-158,-14620,-2704,5920,-444,188,-86,0
1529.6807880401611,10368,4832,10960,-226,-107,111,9828,-9500,8432,-7,124,-225,-14748,4492,3144,-1013,112,-120,-15068,-2784,5812,-449,207,-77,0
1529.7173919677734,10440,5040,10972,-245,-153,142,9724,-9748,8280,-10,126,-197,-14760,4436,3144,-1022,130,-126,-14752,-2820,6140,-473,189,-67,0
1529.7529201507568,10468,4828,10624,-234,-121,119,9816,-9672,8356,-28,122,-221,-14688,4504,3092,-996,128,-116,-14744,-2772,5928,-473,145,-78,0
1529.7892000675201,10472,4820,11204,-236,-152,132,9848,-9676,8424,-19,169,-199,-14712,4464,3120,-986,105,-96,-14716,-2676,5884,-488,203,-98,0
1529.8239841461182,10484,4836,10864,-278,-135,118,9704,-9664,8368,-2,150,-211,-14740,4480,3136,-980,118,-92,-14732,-2688,5816,-474,158,-77,0
1529.8599319458008,10440,4724,10808,-289,-135,121,9788,-9608,8352,-17,151,-225,-14488,4444,3100,-971,129,-126,-14784,-2604,5820,-464,185,-86,0
1529.8949580192566,10252,4752,10896,-260,-155,147,9796,-9676,8244,-2,160,-228,-14688,4160,3200,-972,118,-139,-14732,-2732,5708,-442,219,-82,0
1529.9311909675598,10260,4784,10972,-296,-194,149,9824,-9556,8308,8,180,-249,-14732,4444,3004,-986,124,-154,-14812,-2708,5872,-458,252,-61,0
1529.967157125473,10488,4768,10900,-268,-208,149,9808,-9600,8460,12,74,-500,-14720,4480,3144,-1009,118,-123,-14780,-2616,5768,-457,207,-73,0
1530.002279996872,10276,4776,11032,-262,-208,165,9796,-9596,8328,16,139,-219,-14696,4340,3312,-1023,124,-159,-14720,-2744,5824,-466,182,-67,0
1530.037754058838,10512,4688,11064,-275,-184,163,9804,-9664,8332,16,147,-202,-14696,4500,3040,-1003,111,-112,-14772,-2760,5912,-478,213,-91,0
1530.0730690956116,10564,4784,10952,-206,-169,140,9912,-9704,8340,12,105,-206,-14768,4368,3136,-1002,120,-96,-14696,-2760,6064,-537,200,-67,0
1530.1092720031738,10408,4792,10952,-228,-157,139,9856,-9628,8252,38,113,-198,-14712,4412,3176,-1008,81,-151,-14788,-2736,5832,-546,260,-89,0
1530.1449029445648,10736,4676,10828,-204,-232,132,9820,-9628,8388,37,102,-226,-14724,4156,3296,-1013,127,-129,-14752,-2632,5664,-617,220,-105,0
1530.1800911426544,10684,4768,10844,-177,-183,139,9744,-9612,8512,37,132,-255,-14652,4496,3184,-1011,149,-171,-14720,-2616,5936,-597,226,-108,0
1530.2154660224915,10572,4820,10836,-197,-217,151,9836,-9624,8348,21,132,-211,-14664,4516,3160,-1017,171,-119,-14800,-2688,5932,-543,191,-115,0
1530.2509779930115,10628,4796,10872,-212,-147,117,9824,-9572,8396,-27,115,-225,-14724,4392,3228,-1025,117,-128,-14640,-2576,5700,-527,164,-97,0
1530.287919998169,10528,4728,10920,-166,-135,110,9896,-9628,8300,-19,125,-197,-14828,4412,3124,-1035,82,-78,-14784,-2732,5636,-599,166,-149,0
1530.3213050365448,10524,4736,10808,-222,-196,128,9792,-9508,8416,48,117,-203,-14716,4372,3292,-1032,138,-47,-14776,-2576,5912,-576,141,-109,0
1530.3547520637512,10412,4716,10832,-126,-85,151,9892,-9612,8372,-77,121,-226,-14764,4412,2956,-963,150,-120,-14740,-2588,5704,-613,223,-132,0
1530.3880169391632,10652,4388,10748,-118,-133,91,9808,-9664,8388,-36,108,-233,-14660,4424,2976,-990,135,-111,-14596,-2616,5684,-610,207,-146,0
1530.4214930534363,10596,4768,10828,-114,-25,100,9924,-9612,7952,-24,98,-169,-14776,4364,3004,-1018,108,-58,-14688,-2660,5848,-602,130,-166,0
1530.4552171230316,10492,4688,10668,-111,9,70,9876,-9428,8352,-54,188,-146,-14688,4308,3092,-1023,102,-27,-15100,-2760,5840,-568,113,-185,0
1530.4886231422424,10520,4684,10780,-175,17,70,9956,-9648,8556,-28,212,-143,-14648,4484,3096,-988,134,-56,-14760,-2680,5816,-586,146,-129,0
1530.522115945816,10540,4772,10924,-139,-42,117,9856,-9684,8420,-35,131,-179,-14756,4480,3104,-1001,192,-97,-14760,-2652,5804,-596,166,-94,0
1530.5554399490356,10508,4596,10812,-116,-91,155,9788,-9592,8368,-34,85,-191,-14644,4448,3108,-1014,158,-120,-14756,-2568,5800,-575,190,-113,0
1530.5889451503754,10524,4728,10992,-137,-149,127,9748,-9500,8228,-74,106,-206,-14724,4388,2848,-985,137,-73,-14788,-2740,5800,-530,182,-160,0
1530.622545003891,10484,4816,10912,-137,-145,100,9872,-9584,8288,-62,136,-192,-14688,4556,3232,-968,105,-91,-14596,-2760,5668,-552,150,-125,0
1530.6555421352389,10496,4712,11000,-179,-81,134,9760,-9608,8456,-32,138,-149,-14636,4416,3072,-1019,122,-92,-14708,-2676,5596,-522,122,-132,0
1530.6892409324646,10564,4736,10840,-153,-19,138,9876,-9540,8360,-10,127,-154,-14796,4100,3168,-1041,139,-75,-14660,-2700,5884,-524,140,-122,0
1530.7229011058807,10432,4756,10988,-156,-49,129,9788,-9648,8268,-31,86,-187,-14732,4464,3148,-1024,114,-69,-14760,-2696,5824,-257,146,-100,0
1530.7590279579165,10556,4716,10940,-106,-50,123,9836,-9616,8312,-56,100,-194,-14736,4372,3124,-1016,85,-86,-15068,-2668,5792,-543,158,-122,0
1530.7931101322174,10696,4748,10932,-126,-74,111,10000,-9632,8292,-34,122,-178,-14676,4492,3064,-989,107,-56,-14792,-2632,5784,-498,188,-94,0
1530.8266620635986,10596,4752,10984,-128,-88,120,9844,-9584,8312,-23,158,-189,-14788,4360,3208,-1020,76,-78,-14624,-2728,5792,-447,184,-144,0
1530.86003613472,10616,4628,11048,-156,-65,73,9940,-9624,8220,-255,153,-177,-14624,4440,2984,-1015,46,-102,-14616,-2676,5844,-447,175,-105,0
1530.8934390544891,10748,4720,10936,-162,-49,79,9920,-9652,8384,1,140,-174,-14708,4440,3252,-994,36,-99,-14804,-2680,5768,-466,172,-109,0
1530.9272401332855,10564,4752,10980,-175,-59,94,9864,-9652,8392,-23,153,-198,-14756,4480,3280,-991,50,-62,-14808,-2700,5872,-460,148,-124,0
1530.9606080055237,10684,4712,10876,-104,-63,97,9820,-9700,8240,-70,140,-193,-14788,4496,2876,-994,56,-36,-14700,-2768,5752,-501,111,-94,0
1530.9941279888153,10728,4596,10944,-138,-79,111,9872,-9580,8352,-23,160,-183,-14652,4424,2968,-998,60,-82,-14816,-2764,5920,-520,172,-121,0
1531.027645111084,10604,4744,10896,-102,-39,114,9776,-9588,8276,-26,128,-175,-14716,4352,3084,-1022,109,-77,-14712,-2788,5756,-504,138,-108,0
1531.0611729621887,10700,4792,10804,-86,-34,73,9832,-9524,8268,-49,154,-165,-14712,4452,3268,-994,40,-38,-14800,-2732,5720,-526,166,-131,0
1531.0945291519163,10608,4780,10804,-123,-9,68,9904,-9644,8200,-24,147,-181,-14692,4128,3308,-1010,122,-80,-14736,-2700,5832,-260,169,-143,0
1531.1280629634855,10708,4816,10820,-65,12,102,9780,-9552,8264,-10,151,-135,-14820,4356,3108,-985,65,-47,-14916,-2648,5916,-481,152,-152,0
1531.1613509654999,10360,4732,10752,-76,28,88,9880,-9564,8400,-57,147,-138,-14708,4432,3092,-1018,51,-55,-14916,-2700,5708,-470,78,-168,0
1531.1949229240417,10624,4668,11004,-98,42,85,9812,-9672,8096,-57,150,-156,-14704,4444,3140,-772,94,246,-14848,-2632,6096,-497,122,-158,0
1531.2285470962524,10428,4708,10840,-53,31,88,9848,-9596,8352,-62,116,-127,-14708,4452,3100,-951,68,12,-14616,-2728,5700,-762,136,-157,0
1531.2618961334229,10260,4720,10912,-76,21,104,9728,-9572,8272,-43,140,-150,-14664,4360,3076,-1012,110,-33,-14748,-2632,6100,-528,130,-120,0
1531.2955760955813,10428,4720,10876,-40,13,91,9800,-9604,8252,-68,112,-143,-14756,4416,2956,-992,65,-52,-14844,-2688,5752,-499,143,-173,0
1531.3327059745789,10620,4748,11052,-91,-34,79,9724,-9588,8472,-30,131,-163,-14768,4368,3124,-1032,82,-81,-14768,-2776,5996,-515,150,-159,0
1531.3687241077423,10488,4752,10916,-56,-3,73,9860,-9708,8420,-58,119,-161,-14712,4504,3068,-995,111,-49,-14816,-3012,5804,-526,141,-150,0
1531.4044201374054,10488,4844,10920,-49,-25,114,9812,-9640,8328,-66,144,-165,-14700,4440,3160,-958,97,-39,-14740,-2752,5688,-530,145,-148,0
1531.4406881332397,10288,4856,10920,-46,-18,93,9856,-9684,8376,-53,133,-168,-14788,4412,3324,-1014,76,-74,-14676,-2584,5780,-518,136,-142,0
1531.4771330356598,10448,4820,10804,-73,-48,100,9868,-9584,8420,-52,130,-177,-14648,4484,3264,-963,75,-59,-14736,-2780,5764,-260,125,-154,0
1531.512864112854,10692,4856,10804,-101,-37,84,9836,-9500,8308,-41,121,-174,-14712,4380,2988,-963,95,-38,-14696,-2700,5820,-499,163,-140,0
1531.5475759506226,10400,5096,10904,-93,-27,66,9876,-9620,8348,-29,146,-179,-14720,4324,3116,-1006,78,-104,-14752,-2644,5620,-504,134,-180,0
1531.58372092247,10484,4780,11196,-102,-19,83,9800,-9640,8440,-11,147,-156,-14664,4468,3084,-772,65,-38,-14724,-3032,5760,-761,127,-124,0
1531.6196351051333,10520,4912,10824,-104,-49,97,9816,-9604,8444,-47,136,-166,-14608,4456,3248,-1004,93,-73,-14780,-2876,5776,-484,125,-132,0
1531.6549611091614,10292,4960,10784,-79,-18,82,9780,-9636,8460,-51,117,-176,-14744,4524,2840,-1012,88,-91,-15096,-2588,5816,-504,118,-131,0
1531.6906139850616,10324,4832,10856,-145,-47,96,9852,-9656,8288,1,111,-154,-14720,4416,3216,-1035,102,-49,-14864,-2704,5836,-479,105,-116,0
1531.7255449295044,10364,4812,10812,-111,0,121,9716,-9652,8504,-45,104,-101,-14692,4476,3272,-987,77,-24,-14784,-2840,5868,-495,93,-124,0
1531.7618629932404,10396,4648,10992,-113,-62,86,9716,-9632,8336,-82,168,-171,-14640,4380,3120,-981,83,-79,-14812,-2800,5740,-525,140,-149,0
1531.7980110645294,10472,4916,10824,-115,5,67,9856,-9692,8272,-41,111,-164,-14792,4400,3224,-1017,84,-54,-14780,-2792,5792,-257,149,-121,0
1531.8338749408722,10408,4904,10692,-84,2,106,9916,-9636,8196,-34,122,-157,-14604,4472,3184,-985,65,-79,-14820,-2984,5772,-512,146,-122,0
1531.868901014328,10444,4764,10984,-150,-68,94,9536,-9628,8280,-43,163,-174,-14692,4420,3468,-977,75,-77,-14816,-2776,5756,-463,111,-151,0
1531.9043879508972,10472,5088,10844,-159,-49,93,9836,-9708,8444,-56,158,-178,-14696,4424,3140,-999,96,-111,-14768,-2684,5664,-483,110,-130,0
1531.9394941329956,10416,4812,10824,-149,-68,124,9816,-9620,8368,-24,123,-171,-14688,4452,3000,-1006,107,-94,-14732,-2732,5712,-525,153,-80,0
1531.9754891395569,10372,4860,10932,-167,-23,119,9860,-9624,8380,-17,146,-196,-14644,4388,3100,-1034,106,-77,-14840,-2884,5632,-498,175,-124,0
1532.0090880393982,10396,4884,10896,-165,-72,102,9812,-9796,8376,-25,154,-197,-14688,4448,3084,-1004,100,-84,-14800,-2768,6080,-493,170,-106,0
1532.0424799919128,10444,4832,10760,-162,-47,105,9968,-9652,8228,-17,140,-196,-14704,4456,3104,-992,98,-92,-14836,-2580,5804,-472,161,-126,0
1532.075856924057,10448,5020,10968,-231,-60,128,9840,-9672,8396,34,176,-198,-14636,4512,3200,-1268,78,-112,-14816,-2812,6116,-454,206,-99,0
1532.1094391345978,10356,4640,11160,-233,-134,151,9776,-9708,8396,5,148,-192,-14692,4444,3052,-1002,124,-159,-14776,-2572,5872,-434,165,-64,0
1532.1428480148315,10436,4912,11080,-235,-149,144,9704,-9648,8352,-31,123,-227,-14676,4528,3100,-980,143,-125,-14848,-2788,5880,-471,206,-100,0
1532.1765460968018,10484,4848,10808,-211,-190,124,9812,-9592,8224,-49,139,-506,-14744,4472,3284,-988,89,-99,-14740,-2684,5852,-460,183,-84,0
1532.2100570201874,10304,4720,10880,-224,-163,143,9932,-9696,8336,-47,170,-215,-14676,4480,3060,-974,101,-116,-14704,-2708,5868,-486,165,-66,0
1532.2437710762024,10372,4684,11048,-258,-152,140,9704,-9580,8232,-35,191,-217,-14612,4392,3124,-936,116,-117,-14704,-2644,5792,-465,177,-80,0
1532.277445077896,10456,4776,10808,-267,-180,140,9844,-9604,8220,-11,137,-216,-14640,4456,2852,-993,121,-128,-14744,-2740,5660,-433,189,-69,0
1532.3111629486084,10468,4700,10816,-274,-184,140,9840,-9692,8412,26,126,-226,-14696,4448,2948,-1023,143,-150,-14728,-2804,5784,-425,187,-58,0
1532.344439983368,10644,4800,10884,-506,-166,183,9748,-9684,8376,10,118,-222,-14636,4428,3212,-1000,165,-131,-14632,-2728,5868,-424,177,-34,0
1532.3781220912933,10696,4820,10912,-505,-227,212,9820,-9668,8320,253,98,-211,-14756,4484,3088,-1006,120,-120,-14596,-2768,5776,-460,197,-101,0
1532.411551952362,10512,4824,10820,-327,-258,170,9896,-9604,8392,44,134,-214,-14808,4556,3200,-1003,115,-144,-14736,-2808,5868,-447,172,-79,0
1532.4452140331268,10692,4656,10772,-274,-189,137,9816,-9576,8340,-3,131,-197,-14752,4336,3172,-997,76,-140,-14720,-2824,5764,-416,171,-126,0
1532.4788320064545,10452,4796,10968,-270,-214,116,9944,-9720,8448,-256,168,-233,-14812,4372,3064,-991,86,-167,-14836,-2648,5740,-391,201,-72,0
1532.5123820304873,10516,4720,10716,-278,-203,138,9764,-9588,8268,29,143,-219,-14668,4460,3132,-995,86,-118,-14692,-2664,6048,-383,163,-80,0
1532.5457911491394,10576,4728,10776,-232,-159,141,10232,-9400,8316,9,136,-201,-14640,4412,3108,-999,99,-69,-15008,-2708,5748,-457,144,-100,0
1532.5792269706726,10460,4764,10808,-224,-163,139,9832,-9604,8404,-14,105,-210,-14672,4392,3040,-973,136,-106,-14836,-2680,5820,-462,165,-97,0
1532.6126539707184,10536,4724,10864,-216,-181,124,9852,-9656,8412,-45,95,-226,-14700,4360,3240,-969,140,-126,-14820,-2612,5736,-444,186,-75,0
1532.646122932434,10592,4660,10956,-146,-206,171,9860,-9568,8364,-20,103,-215,-14776,4316,3016,-1014,140,-105,-14760,-2704,5884,-467,190,-91,0
1532.6798181533813,10496,4704,10776,-183,-163,151,9860,-9536,8336,-30,134,-192,-14700,4408,3068,-982,137,-52,-14760,-2564,5808,-434,157,-88,0
1532.7133851051333,10556,4788,10920,-160,-160,167,9880,-9576,8276,-21,153,-228,-14680,4448,3192,-1007,82,-92,-14704,-2696,5788,-433,157,-103,0
1532.7471330165863,10568,4696,10620,-157,-123,103,9744,-9500,8392,-55,148,-179,-14708,4368,3148,-1012,98,-83,-14840,-2716,5792,-438,125,-122,0
1532.7807250022888,10600,4736,10760,-120,-40,100,9860,-9652,8344,-26,127,-176,-14744,4252,3000,-970,119,-114,-14728,-2668,5744,-467,121,-112,0
1532.8143429756165,10640,4812,10812,-116,-24,103,9900,-9624,8392,-41,132,-167,-14700,4292,3064,-1013,119,-89,-14800,-2744,5820,-428,144,-107,0
1532.847927093506,10532,4712,10720,-104,-21,92,9788,-9520,8516,-55,139,-175,-14656,4292,3148,-1026,81,-64,-14736,-2720,5740,-438,140,-138,0
1532.8810229301453,10612,4808,11000,-125,-44,96,9844,-9632,8348,-44,120,-201,-14768,4380,3028,-999,114,-48,-14840,-2612,5816,-441,129,-150,0
1532.9144480228424,10280,4708,10868,-83,-17,76,9848,-9572,8316,-67,124,-197,-14716,4492,3248,-1009,94,-56,-14716,-2664,5820,-440,124,-134,0
1532.948075056076,10640,4768,10884,-54,-19,70,9864,-9584,8412,-36,144,-158,-14736,4392,3224,-1016,84,-70,-14764,-2744,5840,-466,96,-173,0
1532.9814729690552,10520,4808,10816,-64,253,87,9836,-9576,8428,-53,132,-163,-14628,4448,3168,-1007,98,-65,-14708,-2684,6076,-461,127,-145,0
1533.0196290016174,10288,4792,11040,-99,-4,94,9820,-9600,8200,-52,143,-154,-14660,4412,3064,-1000,75,-23,-14816,-2732,5876,-458,62,-117,0
1533.0549750328064,10528,4916,10924,-69,-23,107,9792,-9584,8432,-74,118,-125,-14776,4436,3252,-1020,91,-14,-14888,-2724,6056,-463,57,-132,0
1533.0911719799042,10576,4704,10776,-92,-5,96,9904,-9628,8424,-54,120,-123,-14780,4424,2972,-1048,60,-56,-14824,-2756,5760,-451,74,-141,0
1533.1272549629211,10528,4784,10688,-60,51,98,9740,-9532,8340,-92,126,-123,-14796,4364,3124,-981,53,-35,-14900,-2804,5764,-469,61,-155,0
1533.1619141101835,10476,4736,10924,-82,-34,78,9760,-9652,8288,-75,143,-167,-14828,4460,3064,-1004,68,-41,-14776,-2684,5732,-462,82,-165,0
1533.1977770328522,10520,4824,10864,-81,30,62,9796,-9524,8580,-19,134,-131,-14684,4500,3128,-1029,60,-72,-14744,-2712,5788,-765,84,-182,0
1533.233351945877,10712,4808,11068,-58,16,92,9920,-9588,8268,12,155,-148,-14744,4488,2924,-1015,43,-27,-14896,-2728,5836,-496,74,-169,0
1533.2691810131073,10592,4860,11016,-67,31,67,9772,-9552,8388,-55,147,-137,-14700,4500,3104,-1017,80,-46,-14784,-2764,5868,-502,74,-140,0
1533.3043830394745,10264,4764,10944,-58,0,84,9748,-9620,8244,-60,116,-120,-14700,4448,3308,-1057,101,-17,-14732,-2728,5908,-534,70,-147,0
1533.3394920825958,10488,4872,10972,-99,-10,127,9780,-9684,8240,-17,121,-118,-14704,4472,3188,-1079,86,235,-14744,-2668,5868,-579,69,-152,0
1533.3749370574951,10408,4608,10756,-40,52,112,9776,-9684,8216,-22,98,-114,-14616,4368,3128,-1057,82,-35,-14708,-2712,5848,-543,69,-148,0
1533.41006398201,10432,4800,10948,-65,-3,136,9832,-9588,8300,-50,112,-134,-14680,4356,3248,-1039,95,-46,-14716,-2708,5840,-528,115,-140,0
1533.4452500343323,10340,4892,10788,-80,12,113,9828,-9692,8464,-52,98,-134,-14644,4452,3216,-777,133,-51,-14748,-2808,5804,-522,117,-119,0
1533.480926990509,10384,4836,10780,-119,-43,134,9856,-9540,8324,-21,146,-128,-14672,4172,3300,-1006,91,-37,-14772,-2732,5764,-515,128,-149,0
1533.5161180496216,10492,4820,10980,-112,-39,116,9908,-9640,8368,-32,129,-131,-14736,4392,3300,-1005,82,-16,-14696,-2808,5820,-760,127,-159,0
1533.5520930290222,10476,4888,10836,-79,-43,106,9820,-9612,8512,-74,114,-145,-14684,4444,3048,-1004,82,-31,-14700,-2756,5740,-479,94,-139,0
1533.587464094162,10396,5080,10920,-113,-40,98,9796,-9712,8292,-39,148,-180,-14648,4444,3356,-994,97,-34,-14748,-2744,5852,-488,125,-115,0
1533.6227350234983,10528,4812,10912,-143,-52,115,9764,-9688,8232,-20,167,-182,-14708,4400,3096,-963,101,-126,-14788,-2760,5792,-490,129,-144,0
1533.65802693367,10516,4828,10816,-133,-51,90,9772,-9660,8372,-25,145,-147,-14692,4484,3144,-989,122,-97,-14744,-2776,5884,-479,139,-105,0
1533.6915941238403,10312,4800,10936,-136,-69,118,9808,-9596,8340,-27,151,-160,-14756,4476,3104,-1004,106,-50,-14664,-2792,5916,-495,134,-122,0
1533.7251961231232,10308,4712,10820,-172,-49,110,9692,-9620,8296,-45,142,-173,-14660,4484,3180,-1034,81,-29,-14800,-2712,5960,-263,130,-141,0
1533.7587850093842,10396,4872,11004,-119,-47,126,9504,-9484,8356,-41,121,-126,-14676,4544,2860,-963,87,-39,-14832,-2608,5816,-550,97,-75,0
1533.7923579216003,10432,4780,10908,-110,-253,135,9708,-9700,8420,-34,108,-92,-14712,4560,3092,-1276,89,-41,-14612,-2732,5780,-518,85,-66,0
1533.8257279396055,10384,4816,10980,-169,-15,155,9844,-9640,8268,-3,171,-103,-14648,4372,3132,-1002,100,-65,-14740,-3064,5820,-484,112,-66,0
1533.8592801094055,10512,4616,10980,-209,-92,156,9752,-9476,8408,-78,155,-150,-14668,4564,3208,-990,96,-48,-14620,-2824,5816,-482,182,-122,0
1533.8927371501925,10352,4820,10760,-237,-150,123,9704,-9692,8436,-17,127,-210,-14656,4372,3128,-975,141,-88,-14772,-2984,5664,-461,211,-69,0
1533.9264471530914,10428,5112,10856,-205,-160,126,9812,-9604,8328,-40,95,-5,-14696,4420,3076,-984,160,-150,-14668,-2756,5728,-486,231,-78,0
1533.9600760936735,10440,4772,10868,-230,-170,137,9792,-9624,8492,-57,127,-512,-14704,4468,3256,-943,83,-174,-14848,-2720,5784,-481,192,-104,0
1533.9936969280243,10360,4876,10900,-265,-178,63,9888,-9676,8368,-12,193,-237,-14644,4536,3292,-950,58,-144,-14816,-2648,5912,-466,183,-108,0
1534.0272750854492,10404,4872,10852,-3,-138,98,9640,-9684,8464,10,136,-210,-14552,4448,3096,-978,115,-137,-14764,-2776,5864,-452,147,-61,0
1534.0608551502228,10444,4740,10852,-302,-126,145,9728,-9680,8164,59,145,-213,-14656,4500,3116,-1015,162,-115,-14768,-2700,5792,-465,179,-59,0
1534.0945630073547,10384,4748,10864,-227,-145,168,9812,-9640,8028,-4,134,-222,-14720,4464,2972,-1032,199,-113,-14748,-3012,5780,-480,195,-44,0
1534.1281039714813,10404,4836,10948,-282,-180,175,9776,-9664,8132,13,120,-188,-14648,4460,2912,-1004,187,-135,-14780,-2708,5864,-766,206,-10,0
1534.161442041397,10460,4844,10980,-241,-176,193,9920,-9648,8356,-39,122,-208,-14696,4512,3220,-1277,193,-159,-14808,-2752,5720,-505,220,-61,0
1534.1950011253357,10600,5112,10924,-265,-168,177,9812,-9576,8308,11,127,-203,-14752,4384,3180,-1036,138,-123,-14828,-2752,5920,-508,204,-61,0
1534.228709936142,10480,4748,10892,-511,-164,189,9764,-9676,8196,-7,162,-210,-14636,4476,3076,-1276,129,-140,-14684,-2736,5844,-483,168,-55,0
1534.2623801231384,10504,4708,10972,-231,-173,155,9824,-9592,8348,-14,133,-230,-14768,4408,3192,-988,160,-96,-14812,-2780,5920,-465,188,-63,0
1534.2960109710693,10512,4708,10784,-227,-150,140,9832,-9600,8192,-10,143,-207,-14744,4440,3116,-1002,135,-78,-14756,-2752,5784,-491,146,-66,0
1534.3297481536863,10528,4708,10912,-201,-161,174,9876,-9656,8380,-26,132,-186,-14684,4200,3292,-1008,142,-102,-14816,-2640,5788,-495,151,-68,0
1534.3633370399475,10740,4644,11200,-220,-145,174,9772,-9600,8348,-18,129,-174,-14732,4540,3124,-988,137,-132,-14784,-2672,5952,-501,169,-88,0
1534.3966419696808,10544,4728,10844,-214,-153,161,9816,-9656,8396,-21,118,-176,-14680,4404,3128,-1015,115,-94,-14664,-2768,5776,-494,166,-73,0
1534.430155992508,10360,4796,10812,-222,-207,174,9780,-9616,8356,2,117,-218,-14420,4408,3192,-1012,142,-138,-14740,-2728,5856,-485,230,-65,0
1534.463860988617,10500,4776,10940,-156,-156,149,9824,-9620,8344,-36,129,-234,-14600,4388,3160,-1063,170,-102,-14864,-2648,5748,-258,186,-62,0
1534.4974110126495,10696,4796,10940,-124,-165,153,9844,-9624,8348,-25,97,-197,-14796,4468,3028,-1050,125,-75,-15052,-2660,6076,-497,146,-121,0
1534.5310480594635,10264,4660,10848,-160,-169,130,9800,-9624,8364,-35,141,-185,-14780,4332,3276,-1029,115,-124,-14792,-2584,5792,-505,132,-122,0
1534.5645680427551,10720,4820,10892,-45,-86,94,9844,-9340,8228,-90,139,-190,-14776,4356,3252,-985,91,-58,-14728,-2644,5484,-478,143,-112,0
1534.5979580879211,10660,4628,10716,-86,-84,83,9884,-9644,8300,-41,148,-171,-14740,4436,2928,-970,116,-16,-14792,-2612,5820,-460,141,-147,0
1534.6315021514893,10592,4612,10824,-127,12,101,9952,-9628,8248,-17,154,-161,-14748,4276,3196,-986,112,-46,-14844,-2692,5816,-445,116,-149,0
1534.6647980213163,10560,4808,10756,-105,27,82,9812,-9576,8324,-30,161,-145,-14700,4380,3148,-1004,66,-5,-14824,-2864,5764,-462,120,-143,0
1534.702397108078,10556,4784,10844,-81,-1,70,9760,-9648,8348,-51,159,-167,-14756,4576,3176,-1022,95,-62,-14760,-2760,5908,-494,123,-163,0
1534.7386219501495,10292,4760,10928,-60,-20,100,9800,-9572,8380,-82,101,-136,-14788,4556,3164,-1053,89,-32,-14664,-2700,5944,-548,117,-86,0
1534.7742280960083,10492,4800,10872,-63,-52,153,9744,-9640,8324,-70,90,-143,-14708,4484,3096,-1025,115,-21,-14740,-2648,5632,-517,107,-117,0
1534.8094699382782,10588,4616,10892,-12,49,132,9764,-9980,8368,-88,100,-129,-14688,4456,3248,-1016,106,248,-14748,-2748,6136,-524,89,-127,0
1534.8445360660553,10428,4672,10804,-69,10,116,9828,-9592,8428,-46,132,-90,-14796,4388,2844,-1013,88,-41,-14756,-2672,5868,-514,52,-167,0
1534.8802061080933,10428,4812,10944,-76,51,66,9764,-9616,8404,-80,108,-146,-14672,4468,3108,-993,92,-45,-14748,-2780,6120,-523,113,-148,0
1534.9154751300812,10584,4752,10892,-58,5,98,9532,-9600,8416,-58,87,-145,-14700,4576,3128,-1010,73,-247,-14796,-2692,5992,-529,143,-132,0
1534.9515080451963,10444,4812,10988,-86,21,95,9932,-9624,8244,-70,168,-140,-14720,4464,3296,-1023,52,-14,-14732,-2752,5840,-516,152,-169,0
1534.9880080223083,10396,4688,10864,-60,-30,71,9780,-9748,8260,-46,157,-156,-14636,4860,3216,-1050,42,-59,-14740,-2352,5868,-594,135,-169,0
1535.023276090622,10472,4824,10964,-46,-30,90,9840,-9676,8184,-13,143,-128,-14724,4508,3124,-1013,46,-38,-14768,-2712,5956,-501,102,-162,0
1535.0596730709076,10524,4740,10908,-87,71,72,9756,-9676,8264,255,177,-143,-14728,4576,3240,-1047,28,-63,-14680,-2616,5792,-464,165,-170,0
1535.094857931137,10468,4744,10580,-61,-3,70,9828,-9696,8272,-6,149,-179,-14876,4400,3200,-1272,-24,-54,-14896,-2716,5752,-553,193,-189,0
1535.1303191184998,10536,5084,10872,-59,1,75,9872,-9696,8256,-66,155,-122,-14396,4556,3180,-1019,29,-11,-14908,-2684,5800,-545,134,-102,0
1535.16535115242,10556,4788,10708,-91,20,180,9792,-9688,8364,-69,145,-42,-14600,4440,3236,-980,84,65,-14756,-2628,5636,-552,50,-93,0
1535.2009479999542,10520,4776,10924,-139,95,186,9780,-9692,8208,-63,116,3,-14756,4416,3292,-1044,59,58,-14748,-2716,5944,-529,60,-97,0
1535.236153125763,10460,4892,10908,-147,88,188,9760,-9584,8440,-30,144,40,-14744,4504,3216,-1087,41,123,-15076,-2700,5840,-568,13,-58,0
1535.2718341350555,10740,4676,10780,-147,141,225,9836,-9648,8292,-103,113,21,-14616,4436,3172,-1031,70,87,-14744,-2712,5760,-579,32,-34,0
1535.3077559471133,10436,4860,10960,-162,88,215,9472,-9680,8344,-31,113,-12,-14536,4532,3328,-1049,104,52,-14632,-2776,5832,-470,145,-14,0
1535.343402147293,10340,4812,11004,-180,114,203,9692,-9620,8364,-25,107,-32,-14516,4508,3256,-1101,81,16,-14644,-2576,5652,-524,125,-7,0
1535.3767819404602,10360,4796,10980,-268,61,209,9720,-9676,8472,-105,63,-43,-14604,4528,3124,-1008,120,68,-14608,-2756,5980,-523,36,3,0
1535.410099029541,10248,4848,11108,-243,21,233,9676,-9900,8336,-79,56,-61,-14812,4612,3200,-998,178,64,-14708,-2808,5712,-516,57,33,0
1535.4434981346133,10376,4812,11012,-210,-11,257,9936,-9824,8364,-70,27,-78,-14688,4816,3072,-978,183,244,-14768,-2684,5940,-511,96,8,0
1535.476774930954,10384,4660,11008,-238,-71,255,9948,-9508,8384,-72,6,-141,-14520,4588,3124,-969,180,-57,-14848,-2704,5848,-522,169,20,0
1535.510309934616,10340,4668,11116,-225,-123,228,9740,-9756,8228,-82,43,-192,-14540,4656,3084,-930,163,-59,-14680,-2612,5888,-258,213,-251,0
1535.543741941452,10472,4724,11176,-265,-161,213,9652,-9476,8420,-41,97,-189,-14620,4416,2816,-942,177,-83,-14844,-2644,6036,-464,212,-10,0
1535.5772759914398,10444,4452,11180,-314,-155,175,9856,-9840,8240,-28,101,-275,-14776,4524,3204,-982,174,-169,-14760,-2716,5796,-429,244,-37,0
1535.6107800006869,10728,4696,10980,-303,-165,110,9860,-9640,8252,-14,140,-267,-14632,4572,3112,-977,148,-164,-14836,-2580,5768,-430,238,-48,0
1535.6441979408264,10716,4728,10936,-299,-164,120,9740,-9776,8232,-16,182,-240,-14788,4576,3140,-993,146,-113,-14796,-2548,5824,-442,231,-39,0
1535.6774771213531,10620,4664,10640,-329,-163,143,9848,-9728,8340,-8,139,-214,-14724,4380,3208,-1015,101,-56,-14712,-2616,5892,-475,200,-48,0
1535.7110979557035,10560,4756,10860,-305,-132,172,9860,-9660,8288,-23,97,-173,-14672,4596,3148,-990,118,-23,-14740,-2632,5968,-486,104,-61,0
1535.7447879314425,10444,4720,11044,-253,-116,176,9960,-9740,8312,-12,142,-185,-14408,4592,3032,-959,105,-109,-14708,-2648,5896,-473,136,-97,0
1535.7828590869904,10432,4420,10888,-246,-110,117,9720,-9760,8328,32,176,-186,-14668,4592,3256,-987,97,-106,-14848,-2664,5976,-257,179,-80,0
1535.8166329860687,10440,4764,10828,-273,-169,149,9772,-9560,8380,-251,147,-197,-14452,4448,3108,-928,113,-118,-14756,-2600,5696,-429,163,-85,0
1535.850203037262,10296,4740,10720,-296,-200,158,9764,-9756,8380,-7,123,-271,-14556,4436,3124,-976,164,-149,-14768,-2648,6128,-453,244,-49,0
1535.8835549354553,10580,4660,11008,-237,-7,146,9788,-9644,8388,-30,110,-256,-14696,4516,3160,-985,174,-169,-14764,-2628,5720,-458,207,-56,0
1535.9169030189514,10612,4656,10968,-238,-272,172,9788,-9748,8380,-43,73,-498,-14668,4580,3172,-978,163,-152,-14732,-2612,6024,-477,261,-53,0
1535.950355052948,10704,4372,10856,-154,-263,167,9760,-9620,8300,-11,58,-270,-14780,4472,3220,-983,204,-128,-14784,-2604,6060,-454,207,-90,0
1535.9837801456451,10644,4632,10952,-116,-204,147,9740,-9676,8376,-112,68,-279,-14848,4536,2952,-960,179,-114,-14796,-2460,5776,-465,212,-112,0
1536.0174300670624,10632,4556,10884,-154,-158,103,9900,-9732,8156,-42,120,-236,-14672,4512,2992,-952,108,-145,-14604,-2796,5764,-438,176,-135,0
1536.0510530471802,10584,4636,10764,-95,-19,48,9900,-9680,8152,3,223,-201,-14732,4532,2992,-1011,60,-74,-14888,-2312,5804,-438,120,-181,0
1536.0842509269714,10688,4664,10940,-167,7,48,9800,-9488,8428,42,213,-174,-14712,4560,3060,-1038,254,-80,-14612,-2464,5912,-450,148,-170,0
1536.1175799369812,10452,4732,11252,-236,-17,62,9756,-9744,8404,-5,208,-175,-14672,4488,3216,-984,36,-61,-14792,-2568,5928,-473,154,-123,0
1536.1508619785309,10400,4684,10924,-127,-76,88,9660,-9756,8672,-41,154,-202,-14588,4524,3128,-985,98,-127,-14620,-2708,5964,-465,187,-147,0
1536.1842041015625,10372,4748,11004,-114,-133,80,9760,-9624,8316,-38,138,-1,-14456,4472,3088,-978,128,-116,-14784,-2632,5892,-476,198,-115,0
1536.2177181243896,10736,4692,10872,-99,-136,95,9724,-9640,8492,-83,173,-199,-14764,4472,3244,-936,48,-100,-14760,-2776,5632,-462,168,-130,0
1536.2512390613556,10312,4736,10944,-171,-126,73,9980,-9584,8404,-10,196,-200,-14688,4648,3084,-1013,56,-75,-14896,-2728,5852,-465,168,-169,0
1536.2847540378573,10528,4648,11152,-122,-37,70,9568,-9976,8368,6,133,-190,-14628,4628,3200,-1029,72,-70,-14680,-2644,5956,-495,125,-118,0
1536.3184061050415,10556,4668,10928,-121,-58,92,9784,-9684,8256,-33,102,-194,-14752,4648,3176,-975,101,-105,-14732,-2320,5772,-510,132,-120,0
1536.3544490337372,10480,4652,10948,-114,-132,131,9792,-9692,8188,-35,132,-220,-14632,4516,3076,-985,124,-113,-14788,-2580,5840,-481,190,-88,0
1536.3897559642792,10496,4660,10840,-220,-227,120,9904,-9800,8276,-51,100,-257,-14616,4588,3084,-971,152,-187,-14744,-2812,6116,-442,240,-67,0
1536.4255359172819,10436,4684,11004,-192,-238,119,9908,-9704,8252,-37,103,-506,-14720,4552,3076,-972,132,-172,-14720,-2816,5884,-461,171,-112,0
1536.4616820812223,10480,4680,10804,-133,-140,76,9856,-9668,8364,-21,146,-243,-14712,4484,3196,-1275,97,-134,-14688,-2660,5796,-492,142,-154,0
1536.4977071285248,10596,4632,10740,-87,-89,57,9820,-9616,8396,0,137,-225,-14712,4436,3096,-1016,93,-147,-14760,-2704,5844,-461,132,-194,0
1536.5325269699097,10516,4624,10828,-124,-30,24,9808,-9640,8312,-21,212,-205,-14756,4484,3044,-1009,22,-89,-14780,-2632,5828,-458,96,-244,0
1536.5687301158903,10752,4616,10816,-80,66,-30,9676,-9640,8248,-43,290,-174,-14660,4380,3200,-989,-36,-80,-14724,-2532,5684,-436,68,-281,0
1536.6042211055756,10568,4700,10732,-164,83,-31,9980,-9620,8236,-3,246,-203,-14340,4496,2968,-1001,26,-139,-14728,-2604,5824,-435,117,-209,0
1536.6402859687803,10360,4744,10804,-50,67,-39,9844,-9680,8268,-34,201,-229,-14700,4496,3392,-1036,64,-106,-14800,-2652,5768,-436,171,-192,0
1536.6761860847473,10396,4756,11072,-78,-82,-11,9820,-9644,8428,-38,187,-279,-14716,4492,3028,-964,73,-158,-15044,-2672,5888,-414,191,-209,0
1536.7118089199066,10460,4688,10788,-119,-65,1,9724,-9612,8328,-73,157,-276,-14696,4532,3312,-995,92,-145,-14788,-2692,5836,-419,191,-193,0
1536.748157978058,10468,4668,10632,-94,-47,2,9960,-9692,8320,-33,166,-258,-14696,4504,2984,-994,70,-88,-14732,-2588,6096,-424,178,-174,0
1536.7835490703583,10428,4720,10820,-89,-18,24,9760,-9668,8228,-43,185,-238,-14764,4556,3304,-1014,89,-110,-14840,-2764,5872,-382,159,-176,0
1536.8196589946747,10368,4736,11020,-125,13,14,9816,-9528,8628,-66,142,-227,-14712,4596,3060,-949,90,-136,-14792,-2660,5644,-451,130,-127,0
1536.8549561500547,10456,4628,11232,-106,-21,88,9720,-9664,8372,-84,81,-227,-14836,4600,3444,-971,174,-103,-14752,-2592,5876,-487,182,-93,0
1536.8907380104065,10376,4652,10840,-76,-37,130,9764,-9772,8256,-71,30,-236,-14356,4568,3136,-988,213,-137,-14696,-2508,5956,-467,183,-52,0
1536.9262490272522,10388,4704,10872,-106,-124,137,9768,-9804,8268,-29,79,-235,-14692,4576,3160,-979,200,-165,-14828,-2620,5860,-469,233,-96,0
1536.9619059562683,10252,4696,10892,-186,-111,132,9912,-9732,8432,-41,106,-235,-14780,4600,3144,-990,134,-172,-14852,-2688,5644,-433,224,-76,0
1536.9973990917206,10596,4648,11200,-253,-166,101,9892,-9656,8276,19,188,-246,-14712,4464,3100,-962,118,-182,-14876,-2672,6100,-442,228,-92,0
1537.0329990386963,10724,4748,10900,-223,-205,114,9916,-9960,8396,-9,133,-509,-14680,4476,3180,-978,103,-145,-14884,-2708,5788,-427,194,-134,0
1537.0665891170502,10388,4832,10884,-160,-180,94,9896,-9516,8312,-49,121,-283,-14604,4372,3104,-951,106,-126,-14864,-2716,5792,-481,173,-155,0
1537.1000981330872,10556,4780,10880,-118,-184,84,9868,-9616,8436,-84,122,-239,-14408,4456,2824,-963,58,-73,-14776,-2664,5756,-265,157,-139,0
1537.1334729194639,10508,4776,10772,-138,-131,73,9828,-9672,8204,-38,120,-217,-14608,4508,3236,-989,102,-111,-14692,-2596,5808,-510,150,-135,0
1537.1672821044922,10556,4700,10928,-129,-78,104,9860,-9692,8316,0,132,-177,-14600,4472,3028,-1029,111,-126,-14784,-2612,5772,-504,163,-113,0
1537.200940132141,10404,4740,10928,-135,-29,114,9872,-9664,8220,18,107,-173,-14696,4416,3072,-1019,112,-114,-14868,-2708,5632,-481,190,-116,0
1537.2344479560852,10428,4744,10752,-121,-73,131,9880,-9644,8212,-17,78,-197,-14748,4504,2896,-1015,152,-84,-14832,-2692,5832,-484,155,-94,0
1537.26802611351,10508,4800,10896,-93,-40,124,9856,-9664,8288,-90,95,-193,-14724,4468,3232,-771,122,-22,-14780,-2564,5808,-495,129,-97,0
1537.3017899990082,10520,4700,10892,-132,-32,145,9952,-9712,8348,-62,82,-157,-14704,4432,3256,-1040,97,-21,-14772,-2664,5808,-480,99,-137,0
1537.3355050086975,10440,4692,10972,-121,-248,118,9696,-9660,8228,-34,146,-138,-14736,4468,3244,-1010,72,-244,-14760,-2596,5696,-490,65,-137,0
1537.3690440654755,10488,4776,10860,-108,-17,58,9936,-9612,8228,-77,183,-153,-14716,4400,3080,-999,68,-65,-14680,-2656,5764,-474,94,-150,0
1537.402311086655,10528,4748,10836,-170,-20,68,9764,-9680,8344,-21,173,-171,-14680,4496,3212,-1028,74,-73,-14692,-2596,5732,-444,128,-135,0
1537.4358959197998,10452,4808,10928,-172,6,85,9700,-9604,8392,-253,166,-155,-14700,4524,3108,-1000,109,-67,-14720,-2564,5668,-457,186,-67,0
1537.4691679477692,10452,4776,11152,-235,-106,120,9820,-9944,8296,-21,156,-197,-14676,4368,3320,-962,120,-112,-14800,-2756,6000,-439,200,-43,0
1537.5027761459353,10512,4840,11200,-3,-2,158,9808,-9748,8440,-58,142,-233,-14740,4580,2952,-926,138,-196,-14688,-2632,6020,-438,236,-51,0
1537.536504983902,10536,4724,11116,-224,-323,155,9784,-9768,8400,-67,104,-511,-14764,4844,3268,-954,127,-207,-14744,-2628,5916,-506,246,-46,0
1537.5700781345367,10444,4844,11200,-511,-454,196,9784,-9740,8320,-56,156,-269,-14716,4416,3144,-948,136,-179,-14708,-2632,5872,-518,221,-53,0
1537.6036529541016,10484,4772,10848,-216,-388,173,9836,-9600,8308,-99,162,-235,-14668,4424,3024,-933,125,-175,-14716,-2344,5660,-513,202,-61,0
1537.637148141861,10696,4608,10720,-285,-346,182,9828,-9912,8228,-16,188,-241,-14648,4392,3092,-968,121,-146,-14696,-2640,5780,-464,218,-107,0
1537.6707270145416,10608,4740,10572,-294,-233,158,9816,-9696,8328,46,196,-194,-14680,4564,3156,-1017,136,-209,-14748,-2592,5464,-462,239,-71,0
1537.7040240764618,10600,4712,10928,-263,-248,152,9852,-9664,8344,81,146,-250,-14712,4384,2944,-1018,179,-236,-14728,-2588,5676,-447,297,-65,0
1537.737960100174,10560,4704,10804,-262,-243,162,9840,-9556,8244,71,111,-280,-14720,4372,3204,-1033,196,-225,-14800,-2612,5760,-450,286,-45,0
1537.7713899612427,10676,4764,10596,-205,-279,165,9952,-9548,8300,-14,107,-305,-14808,4424,2900,-1004,195,-186,-14908,-2656,5692,-436,511,-75,0
1537.8049139976501,10748,4712,10844,-248,-292,170,9928,-9632,8252,3,92,-246,-14756,4444,2824,-1001,150,-182,-14848,-2580,5848,-472,213,-90,0
1537.8385870456696,10652,4692,10848,-240,-246,151,9912,-9912,8320,-15,139,-253,-14776,4412,3240,-1002,100,-175,-14784,-2548,5808,-481,151,-130,0
1537.8719611167908,10612,4672,10764,-192,-213,136,9892,-9632,8248,1,127,-201,-14776,4496,3308,-1003,105,-139,-14736,-2644,5840,-506,132,-124,0
1537.9053390026093,10580,4668,10632,-168,-151,113,9836,-9616,8324,-15,163,-188,-14644,4420,3216,-771,99,-74,-14772,-2596,5868,-503,157,-117,0
1537.9389529228213,10600,4696,10748,-163,-96,103,9760,-9572,8216,-33,125,-227,-14796,4384,2992,-1004,141,-67,-14824,-2648,5644,-492,145,-104,0
1537.9723010063171,10740,4668,10628,-123,-83,101,9856,-9600,8248,-45,96,-199,-14704,4412,3020,-777,120,-53,-14832,-2464,5852,-534,135,-106,0
1538.0056359767914,10676,4628,10796,-159,-91,132,9908,-9524,8272,-18,131,-165,-14768,4260,3064,-1042,109,-97,-14760,-2556,5596,-466,130,-120,0
1538.042377948761,10700,4632,10736,-152,-5,130,9852,-9256,8324,-16,116,-151,-14712,4412,3076,-1275,107,-60,-14816,-2700,5760,-449,105,-99,0
1538.0786759853363,10620,4648,10816,-150,-7,104,9892,-9628,8136,-29,123,-144,-14712,4448,3092,-1280,114,-37,-14812,-2348,5668,-485,126,-88,0
1538.1144149303436,10580,4656,10784,-131,37,118,9832,-9656,8408,-28,121,-99,-14664,4460,2888,-1013,138,-64,-14748,-2348,5788,-486,78,-98,0
1538.150190114975,10644,4860,10848,-88,67,112,9884,-9488,8476,-45,122,-121,-14740,4412,3168,-1271,68,8,-14668,-2692,5756,-501,80,-124,0
1538.1857149600985,10592,4696,10788,-121,24,90,9776,-9668,8104,-73,141,-140,-14672,4400,3200,-1023,70,-3,-14760,-2672,5816,-471,73,-141,0
1538.2213699817657,10532,4736,10840,-89,36,131,9944,-9664,8388,-58,93,-137,-14656,4436,2848,-771,107,-6,-14776,-2536,5708,-765,59,-147,0
1538.257061004639,10552,4768,10824,-101,28,115,9788,-9708,8240,-40,125,-153,-14796,4472,3280,-778,136,-1,-14752,-2512,5772,-480,101,-147,0
1538.2921500205994,10604,4600,10876,-60,59,108,9840,-9660,8348,-19,81,-153,-14724,4468,3004,-1043,110,-74,-14832,-2612,5860,-500,119,-121,0
1538.3285999298096,10584,4760,10896,-81,255,79,9892,-9484,8212,-20,139,-198,-14736,4508,3020,-771,79,-102,-14856,-2536,5956,-495,135,-163,0
1538.3643350601196,10692,4648,10984,-103,44,31,9924,-9624,8388,-26,147,-177,-14692,4456,2932,-991,43,-44,-14744,-2344,6112,-507,112,-172,0
1538.4001450538635,10672,4712,10868,-73,42,53,9904,-9700,8360,-13,171,-174,-14696,4408,3008,-1021,44,-60,-14764,-2580,5728,-516,108,-186,0
1538.4357080459595,10552,4752,10812,-90,20,41,9824,-9624,8228,-27,180,-184,-14748,4396,2968,-999,52,-98,-14704,-2660,5860,-511,126,-203,0
1538.4712810516357,10484,4736,10832,-80,8,32,9900,-9740,8424,-7,176,-202,-14744,4448,3108,-1028,42,-94,-14708,-2576,5892,-765,147,-193,0
1538.5076160430908,10568,4744,10860,-68,1,4,9824,-9728,8212,5,148,-205,-14668,4488,2892,-1026,63,-147,-14748,-2636,5776,-527,153,-245,0
1538.5428700447085,10520,4672,10812,254,-3,39,9976,-9600,8312,-15,168,-218,-14756,4516,2968,-1026,49,-131,-14704,-2744,5792,-509,160,-212,0
1538.5786640644073,10520,4800,10788,-32,-51,13,9956,-9624,8316,2,178,-219,-14700,4328,3296,-1013,28,-110,-14812,-2724,5816,-501,159,-211,0
1538.6136190891266,10396,4616,10844,-87,-21,10,9784,-9552,8400,-15,174,-201,-14624,4444,3272,-978,79,-75,-14800,-2744,5812,-464,127,-187,0
1538.6488270759585,10492,4788,10744,-42,-40,31,9868,-9604,8468,-41,158,-207,-14696,4452,3480,-981,40,-128,-14796,-2632,5844,-508,144,-198,0
1538.6856269836426,10444,4840,10816,-104,-51,50,9800,-9568,8200,-12,147,-185,-14740,4492,2824,-984,43,-62,-14888,-2684,5832,-510,104,-171,0
1538.7192969322205,10512,4832,10724,-44,6,67,9824,-9540,8664,-80,129,-150,-14724,4408,3244,-991,49,-7,-14804,-2716,5768,-502,96,-152,0
1538.7529170513153,10588,4812,10828,-96,-67,66,9860,-9624,8276,-75,167,-162,-14720,4364,3208,-979,39,-22,-14804,-2604,5820,-497,110,-165,0
1538.786472082138,10468,4856,10840,-121,13,81,9800,-9712,8424,-47,105,-144,-14548,4500,3092,-997,107,-88,-14744,-2664,5884,-493,109,-121,0
1538.8199450969696,10372,4856,10836,-73,0,128,9744,-9628,8428,-34,110,-153,-14612,4456,3356,-1038,107,230,-14740,-2692,5984,-525,124,-129,0
1538.8534440994265,10464,4816,10920,-102,-8,162,9512,-9632,8260,-55,116,-142,-14772,4524,3136,-930,94,-250,-14800,-2564,5664,-536,111,-121,0
1538.8868610858915,10476,4712,10960,-89,-64,135,9856,-9736,8260,-79,62,-148,-14604,4524,3264,-965,142,-38,-14680,-2720,5860,-516,137,-85,0
1538.9205050468445,10516,4736,10876,-101,-64,174,9880,-9660,8372,-59,81,-181,-14684,4364,3032,-1000,172,-119,-14816,-2808,5704,-500,171,-91,0
1538.9539830684662,10520,4716,10768,-98,-69,142,9828,-9648,8152,-50,88,-180,-14676,4408,3056,-774,164,-101,-14812,-2728,5752,-506,136,-89,0
1538.987496137619,10516,4788,10820,-100,-71,115,9832,-9712,8336,-51,114,-207,-14780,4504,3148,-1004,119,-90,-14776,-2660,5776,-523,139,-114,0
1539.0210740566254,10540,4752,10896,-122,-59,89,9848,-9656,8264,-31,148,-180,-14700,4508,3080,-1047,99,-63,-14768,-2728,5932,-486,149,-127,0
1539.054624080658,10328,4808,10832,-113,-37,73,9860,-9572,8260,-8,140,-167,-14620,4364,3120,-1001,73,-78,-14812,-2684,5904,-488,157,-131,0
1539.0881741046906,10440,4648,10764,-139,-69,90,9780,-9936,8260,-23,145,-212,-14748,4416,3148,-1007,44,-83,-14760,-2716,5688,-484,161,-137,0
1539.1218929290771,10436,4816,10720,-148,-63,72,9896,-9560,8320,248,152,-192,-14384,4508,3148,-1002,97,-103,-14724,-2632,5772,-505,142,-141,0
1539.1552400588987,10492,4968,10652,-114,-45,77,9812,-9560,8500,-35,166,-184,-14760,4468,3196,-1002,51,-84,-14776,-2748,5768,-491,140,-151,0
1539.1890699863434,10544,4796,10944,-194,-40,95,9728,-9616,8384,-22,132,-179,-14784,4476,3316,-1017,61,-78,-14768,-2720,5828,-492,137,-114,0
1539.2227370738983,10396,5112,10952,-211,-84,132,9768,-9560,8368,4,149,-167,-14624,4600,3172,-975,117,-86,-14684,-2692,5948,-445,188,-107,0
1539.2561929225922,10384,4644,10872,-197,-96,119,9544,-9552,8368,-18,153,-238,-14632,4340,3048,-997,117,-114,-14660,-2700,6000,-483,226,-64,0
1539.2896990776062,10468,4792,11176,-233,-225,164,9796,-9948,8360,-25,105,-237,-14688,4564,3152,-974,150,-178,-14776,-2656,6012,-465,190,-67,0
1539.3234100341797,10560,4784,10768,-178,-188,195,9896,-9644,8320,-73,56,-220,-14788,4368,3124,-958,164,-129,-14728,-2640,6080,-508,134,-75,0
1539.357048034668,10536,4904,10788,-211,-154,150,9836,-9604,8412,-59,121,-172,-14748,4340,3112,-990,125,-89,-14764,-2620,5740,-522,148,-85,0
1539.3903341293335,10432,4692,10896,-269,-112,167,9852,-9596,8276,-27,146,-192,-14620,4560,3096,-982,99,-28,-14796,-2720,5904,-478,159,-83,0
1539.4238541126251,10484,4736,10952,-315,-160,140,9868,-9508,8312,-11,113,-217,-14672,4580,3164,-993,141,-117,-14728,-2528,6116,-469,211,-73,0
1539.457414150238,10424,4836,10988,-259,-183,139,9900,-9764,8292,-23,115,-211,-14676,4548,3276,-1004,169,-140,-14760,-2528,5852,-464,226,-71,0
1539.4909989833832,10580,4768,10776,-246,-219,132,9908,-9760,8256,-15,132,-235,-14700,4472,3032,-984,129,-154,-14832,-2600,5744,-440,225,-72,0
1539.524307012558,10572,4776,10972,-274,-214,126,9788,-9620,8244,-2,99,-256,-14660,4400,2828,-1014,158,-151,-14844,-2632,5884,-440,240,-49,0
1539.557804107666,10648,4828,10852,-307,-241,164,9868,-9568,8408,37,123,-216,-14648,4432,3072,-1023,142,-129,-14788,-2684,5760,-445,214,-119,0
1539.5915930271149,10464,4836,10912,-260,-202,148,9820,-9616,8280,34,159,-241,-14712,4380,3440,-1008,95,-189,-14844,-2724,5684,-452,181,-107,0
1539.6252570152285,10616,4852,10936,-254,-180,130,9844,-9592,8260,-6,139,-214,-14684,4404,3132,-1007,86,-156,-14812,-2628,5700,-472,174,-103,0
1539.6585869789124,10476,4808,10872,-3,-217,143,9944,-9660,8280,-1,165,-241,-14740,4456,3212,-1009,101,-114,-14732,-2692,5872,-486,161,-108,0
1539.6917870044708,10548,4736,10760,-241,-183,143,9896,-9704,8316,8,140,-197,-14680,4352,3288,-997,126,-157,-14612,-2640,5704,-491,199,-85,0
1539.7296309471133,10548,4764,11000,-244,-167,148,9812,-9568,8424,-22,90,-227,-14668,4404,3112,-976,120,-105,-14784,-2700,5744,-479,190,-83,0
1539.7647750377655,10600,4720,10860,-209,-218,158,9800,-9552,8404,-12,89,-234,-14700,4360,3012,-996,146,-159,-14812,-2560,5808,-490,188,-82,0
1539.8008770942688,10556,4408,11004,-225,-209,174,9892,-9644,8376,-13,98,-219,-14780,4456,3212,-1013,120,-88,-14988,-2680,5860,-506,205,-71,0
1539.837110042572,10608,4700,10816,-223,-178,177,9848,-9608,8444,250,94,-178,-14732,4396,3028,-983,126,-104,-14780,-2672,5696,-468,176,-118,0
1539.872411966324,10552,4644,10776,-209,-165,151,9848,-9680,8372,-40,121,-207,-14652,4476,3140,-1005,98,-113,-14684,-2600,5720,-492,167,-100,0
1539.908215045929,10644,4820,10764,-213,-160,152,9872,-9644,8400,-27,125,-198,-14744,4440,3088,-1009,120,-91,-14772,-2600,5852,-478,154,-84,0
1539.943691968918,10528,4652,10992,-205,-143,134,9896,-9576,8416,-25,128,-188,-14708,4560,3104,-994,101,-80,-14808,-2576,5672,-491,167,-125,0
1539.9793519973755,10620,4688,10728,-146,-128,114,9880,-9320,8384,-65,99,-192,-14756,4324,3028,-1004,112,-100,-14712,-2612,5584,-479,165,-134,0
1540.0145239830015,10596,4732,10864,-122,-92,88,9936,-9592,8340,-49,135,-196,-14692,4388,3072,-1018,94,-102,-14768,-2596,5760,-498,170,-141,0
1540.0501260757446,10568,4732,10744,-130,-44,73,9948,-9512,8356,-46,169,-183,-14752,4324,2828,-1024,77,-82,-14628,-2484,5816,-487,79,-128,0
1540.0856080055237,10652,4640,10900,-76,14,43,9816,-9620,8292,-20,165,-168,-14608,4416,3072,-1081,46,-34,-15080,-2328,5696,-532,133,-153,0
1540.1209571361542,10636,4812,11020,-111,-31,74,9816,-9528,8300,23,186,-143,-14696,4324,3248,-1062,74,-34,-14784,-2728,5712,-507,98,-124,0
1540.1561191082,10520,4804,10956,-59,42,68,9840,-9520,8344,-89,161,-143,-14720,4108,3324,-983,91,-37,-14668,-2708,5724,-517,127,-170,0
1540.1922681331635,10648,4696,10776,-162,-36,78,9800,-9476,8260,-41,164,-173,-14408,4460,3156,-1028,54,-63,-14880,-2620,5940,-472,125,-133,0
1540.2280399799347,10588,4708,10800,-89,33,81,9864,-9628,8308,-12,134,-134,-14808,4492,3072,-1040,70,-11,-14744,-2684,5884,-511,58,-170,0
1540.2632291316986,10516,4784,10820,-65,40,65,9876,-9544,8308,-53,182,-107,-14748,4372,3084,-969,59,-43,-14808,-2652,5712,-465,37,-154,0
1540.298192024231,10572,4744,10948,-119,-254,65,9820,-9664,8320,-96,158,-140,-14676,4472,3120,-973,71,253,-14788,-2652,5792,-497,92,-150,0
1540.3341619968414,10740,4828,10996,-77,254,89,9852,-9712,8440,-44,129,-158,-14584,4464,3268,-1017,105,-56,-14772,-2496,5808,-509,113,-128,0
1540.3699769973755,10600,4760,10816,-88,-11,111,9804,-9580,8292,-51,106,-172,-14632,4392,3016,-1023,160,-89,-14768,-2792,5632,-514,126,-81,0
1540.4030990600586,10564,4728,10836,-64,-67,122,9752,-9632,8268,-43,99,-191,-14824,4392,3156,-772,129,-91,-14760,-2644,5880,-491,160,-124,0
1540.4367730617523,10572,4716,10980,-60,-61,85,9896,-9520,8348,-53,124,-215,-14600,4528,3100,-1027,93,-89,-14812,-2688,5792,-519,128,-159,0
1540.4703869819639,10564,4764,10716,-83,-22,79,9992,-9664,8436,-21,140,-158,-14768,4532,3208,-1028,100,-46,-14836,-2632,5772,-509,113,-163,0
1540.503798007965,10568,4808,10676,-74,3,65,9856,-9660,8424,-19,148,-180,-14800,4412,3152,-1009,56,-49,-14696,-2744,5736,-762,144,-175,0
1540.5370681285858,10512,5068,10988,-50,17,70,9848,-9636,8392,-71,169,-152,-14672,4368,3244,-1003,64,-45,-14696,-2684,5800,-768,121,-157,0
1540.5704760551453,10288,4792,10756,-73,-1,48,9784,-9648,8412,-29,149,-163,-14652,4500,3056,-1015,115,-66,-14724,-2684,5728,-496,108,-153,0
1540.603765964508,10504,4616,10832,-90,-42,68,9780,-9652,8368,-54,154,-193,-14732,4500,3092,-1000,110,-36,-14840,-2752,5856,-489,134,-186,0
1540.6371629238129,10604,4696,10848,-92,-34,83,9872,-9576,8412,-66,152,-162,-14760,4460,3172,-1000,51,-49,-14664,-2648,5908,-489,132,-151,0
1540.6707680225372,10544,4784,10860,-104,-55,79,9880,-9656,8384,-39,129,-153,-14724,4440,3132,-1008,81,-45,-14820,-2708,5856,-499,131,-152,0
1540.704216003418,10604,4768,11180,-89,-37,94,9924,-9632,8264,-47,141,-180,-14716,4408,3192,-1271,82,-84,-14800,-2572,5736,-504,157,-149,0
1540.7375910282135,10592,4796,10572,-53,-15,86,9872,-9572,8232,-55,117,-146,-14732,4396,3320,-995,76,-22,-14788,-2720,6028,-541,98,-97,0
1540.771034002304,10608,4608,10996,-87,-38,97,9748,-9668,8360,-46,134,-142,-14756,4484,3224,-1009,60,-46,-14768,-2672,5912,-547,123,-148,0
1540.8072619438171,10468,4620,10996,-112,-23,130,9824,-9692,8640,-45,119,-132,-14612,4512,3060,-1003,92,-32,-14836,-2684,5884,-515,81,-111,0
1540.8410799503329,10740,4640,10500,-73,-5,139,10008,-9640,8248,-93,113,-135,-14828,4416,3344,-991,67,-59,-14840,-2724,5824,-504,112,-127,0
1540.8745141029358,10484,5064,10748,-148,-43,79,9792,-9628,8336,-50,170,-163,-14632,4456,3132,-999,87,-60,-14648,-2524,5848,-473,142,-122,0
1540.9076781272888,10424,4812,10724,-140,7,94,9812,-9692,8444,-48,114,-188,-14752,4432,3112,-1016,108,-36,-14772,-2652,5812,-478,165,-116,0
1540.9411900043488,10536,4856,10864,-123,-29,72,10096,-9684,8348,-42,137,-169,-14708,4448,3160,-1003,113,-49,-14732,-2756,5920,-492,130,-142,0
1540.9746460914612,10484,4812,10900,-153,-49,85,9924,-9676,8228,-35,160,-211,-14732,4472,3324,-1000,53,-85,-14696,-2712,5896,-459,116,-157,0
1541.0081720352173,10484,5104,10884,-142,-58,81,9820,-9656,8360,-55,155,-173,-14832,4520,3164,-993,100,-75,-14752,-2768,5760,-497,153,-109,0
1541.0415971279144,10624,4748,10856,-150,-84,103,9856,-9728,8316,-16,174,-169,-14752,4520,3248,-1002,70,-56,-14764,-2676,5792,-499,153,-138,0
1541.075047969818,10728,4788,10924,-99,6,96,9868,-9612,8348,8,165,-160,-14420,4428,3080,-1007,106,-69,-14748,-2764,5784,-487,153,-131,0
1541.1086559295654,10512,4824,10920,-137,-73,100,9804,-9568,8408,-15,179,-179,-14788,4488,3212,-1280,47,-92,-14780,-2688,5648,-500,175,-137,0
1541.1422431468964,10556,4808,10500,-192,-12,96,9784,-9648,8408,17,129,-129,-14696,4400,3236,-1039,98,-8,-14820,-2596,5780,-499,59,-100,0
1541.1755130290983,10376,4832,11160,-173,46,139,9872,-9628,8380,26,93,-100,-14612,4480,3140,-1048,117,-18,-14696,-2732,6096,-522,83,-89,0
1541.2092051506045,10364,4796,10884,-166,-31,168,9688,-9684,8412,1,106,-113,-14676,4548,3268,-770,138,12,-14724,-2724,6076,-545,80,-49,0
1541.2429010868073,10440,4800,10860,-193,-80,177,9736,-9708,8252,-72,69,-153,-14628,4504,3200,-962,134,-49,-14780,-2704,5796,-518,122,-58,0
1541.2765929698944,10512,4720,10916,-169,-200,150,9776,-9640,8376,-84,69,-223,-14652,4452,3220,-945,137,-136,-14760,-2720,5648,-503,202,-43,0
1541.310187101364,10444,4768,10748,-223,-235,143,9876,-9540,8304,-41,111,-269,-14776,4428,3212,-957,118,-167,-14784,-2748,5756,-482,245,-85,0
1541.3438260555267,10580,4896,10904,-239,-217,117,9840,-9544,8424,-16,152,-501,-14728,4472,3232,-975,102,-200,-14708,-2752,6008,-470,224,-86,0
1541.3772299289703,10420,4828,10852,-231,-180,74,9836,-9712,8196,255,128,-267,-14660,4464,3164,-994,105,-176,-14792,-2684,5832,-455,229,-106,0
1541.4148800373077,10568,4808,10876,-216,-161,93,9792,-9640,8424,12,129,-212,-14696,4564,3296,-983,145,-98,-15080,-2772,5736,-492,190,-48,0
1541.450604915619,10620,4776,10972,-191,-152,143,9804,-9724,8432,4,113,-146,-14684,4528,3104,-1019,94,-108,-14628,-2564,5900,-529,157,-90,0
1541.4861481189728,10568,4704,10956,-260,-115,162,9876,-9664,8272,17,120,-162,-14728,4148,3320,-1022,117,-100,-14720,-2664,5832,-506,125,-88,0
1541.5217690467834,10508,4680,10832,-216,-107,161,9648,-9548,8432,-17,182,-143,-14720,4396,3232,-1272,97,-60,-14764,-2700,5792,-520,141,-82,0
1541.5577580928805,10396,4728,11160,-197,-165,137,9840,-9636,8380,12,155,-177,-14784,4540,3012,-771,104,-145,-14812,-2620,5832,-533,174,-81,0
1541.5926640033722,10604,4764,10908,-232,-114,178,9848,-9728,8368,33,137,-170,-14728,4408,3180,-1279,114,-75,-14728,-2624,5784,-527,111,-102,0
1541.6288080215454,10292,4792,10916,-219,-130,165,9888,-9576,8280,40,161,-121,-14696,4452,3148,-1003,112,-84,-14728,-2620,5872,-517,135,-127,0
1541.6638989448547,10456,4808,10908,-223,-163,170,9732,-9644,8640,10,147,-197,-14604,4280,3296,-1007,149,-88,-14708,-2732,6020,-464,176,-82,0
1541.6992809772491,10244,4780,10756,-225,-229,143,9804,-9576,8328,-39,134,-239,-14828,4588,3092,-968,137,-189,-14644,-2692,5676,-434,252,-59,0
1541.7348799705505,10584,4800,10796,-279,-273,127,9752,-9576,8400,-6,123,-259,-14608,4340,3116,-1016,155,-196,-14780,-2748,5844,-468,282,-51,0
1541.7706170082092,10544,4808,10696,-240,-210,131,9848,-9716,8356,-14,110,-267,-14700,4416,3048,-770,126,-128,-14812,-2648,5892,-457,224,-87,0
1541.8055250644684,10604,4752,10724,-272,-214,128,9744,-9532,8340,3,122,-220,-15084,4416,3176,-1004,120,-146,-14980,-2612,5844,-441,186,-106,0
1541.8409659862518,10712,4804,10928,-193,-176,132,9920,-9676,8264,-66,103,-231,-14792,4440,3096,-1004,153,-161,-14752,-2708,5660,-481,192,-119,0
1541.877249002457,10512,4716,10648,-112,-184,132,9936,-9600,8352,-60,102,-214,-14764,4356,3164,-965,129,-119,-14776,-2692,5764,-477,176,-118,0
1541.912367105484,10516,4684,10736,-116,-160,124,9940,-9552,8204,-58,103,-250,-14768,4368,3008,-1017,125,-92,-14692,-2644,5424,-480,203,-134,0
1541.9474189281464,10736,4740,10844,-153,-131,99,9868,-9576,8384,-48,104,-211,-14668,4400,3032,-995,118,-142,-14772,-2584,5768,-474,178,-130,0
1541.9833869934082,10560,4668,10796,-139,-22,71,9836,-9572,8324,-57,101,-221,-14832,4484,3048,-983,146,-101,-14696,-2624,5636,-439,164,-152,0
1542.0187950134275,10656,4740,10828,-130,-52,54,9804,-9676,8376,-21,196,-224,-14708,4160,3180,-974,68,-120,-14684,-2664,5772,-449,172,-155,0
1542.054321050644,10528,4672,10912,-119,-83,37,9860,-9628,8444,-29,197,-210,-14776,4384,3252,-1010,58,-129,-14860,-2708,5740,-468,202,-172,0
1542.087723016739,10568,4700,10936,-100,-26,47,9792,-9532,8512,-38,155,-197,-14824,4496,3232,-1035,76,-70,-14916,-2652,6088,-484,104,-143,0
1542.1212821006775,10640,4680,10896,-67,18,79,9844,-9604,8312,-32,131,-133,-14796,4468,3124,-1035,88,27,-14608,-2668,5892,-547,53,-158,0
1542.1548030376434,10544,4712,10832,-112,17,107,9736,-9624,8000,-30,132,-103,-14768,4376,3076,-988,22,-19,-14844,-2704,5692,-518,49,-162,0
1542.1883199214935,10384,4628,10840,-27,50,89,9552,-9680,8272,-39,144,-86,-14652,4372,3252,-1273,85,-22,-14696,-2704,5700,-483,76,-165,0
1542.2218821048737,10284,4692,10728,-72,0,77,9788,-9612,8296,-39,144,-178,-14824,4340,3132,-969,94,-111,-14668,-2804,5612,-489,141,-182,0
1542.255541086197,10520,4804,10996,-95,-35,37,9872,-9592,8196,-72,187,-221,-14676,4424,3124,-977,118,-147,-14724,-2772,5764,-465,176,-166,0
1542.2889471054075,10580,4796,10872,-64,-77,28,9860,-9624,8440,-55,190,-240,-14776,4268,3196,-940,29,-105,-14804,-2636,5752,-465,162,-207,0
1542.3224439620972,10740,4836,10804,-85,-30,34,9944,-9552,8280,-58,195,-184,-14712,4480,3148,-956,28,-22,-14808,-2672,5796,-463,96,-190,0
1542.3560330867767,10716,4788,10712,-122,5,42,9876,-9572,8352,-67,134,-167,-14600,4480,3096,-977,59,-17,-14748,-2708,5784,-482,117,-126,0
1542.389545917511,10716,4756,10900,-78,15,90,9824,-9652,8372,-94,505,-90,-14340,4424,3168,-771,122,-37,-14760,-2676,5940,-474,124,-112,0
1542.4228811264038,10464,4772,10920,-116,19,138,9692,-9648,8388,-28,95,-113,-14520,4420,3184,-1023,157,-62,-14704,-2644,5816,-490,119,-80,0
1542.4563901424408,10448,4732,11152,-67,-35,162,9764,-9572,8312,-73,94,-154,-14604,4460,3188,-1042,146,-20,-14724,-2648,5840,-519,155,-59,0
1542.489946126938,10544,4792,10896,-100,-33,177,9768,-9564,8260,-49,129,-122,-14732,4400,3328,-1035,150,-44,-14728,-2760,5776,-503,138,-66,0
1542.5235049724579,10268,4824,10860,-94,-43,183,9808,-9484,8464,-81,84,-110,-14672,4504,3244,-1038,202,-246,-14720,-2680,5756,-515,156,-44,0
1542.5571060180664,10568,4800,11032,-102,-19,211,9872,-9656,8384,-95,33,-137,-14724,4472,3192,-1014,173,-52,-14680,-2688,5884,-516,106,-62,0
1542.5904779434204,10740,4784,10872,-76,-28,203,9860,-9624,8292,-100,39,-156,-14700,4424,2816,-984,155,-19,-14824,-2716,5844,-522,120,-77,0
1542.6238210201263,10516,4740,10716,-90,-7,151,10168,-9572,8236,-95,78,-153,-14704,4432,3164,-988,140,-6,-14756,-2780,5712,-467,114,-86,0
1542.6571941375732,10592,4756,10516,-137,-41,108,9980,-9496,8304,-83,139,-187,-14808,4504,3228,-953,87,-39,-15020,-2620,5868,-461,115,-112,0
1542.6905579566956,10644,4632,10692,-155,24,64,9988,-9672,8256,-22,178,-189,-14872,4512,3316,-997,38,-64,-14776,-2744,6084,-474,114,-172,0
1542.7240269184113,10456,5080,10916,-186,-30,26,9872,-9680,8292,-38,182,-186,-14664,4448,3108,-969,36,-83,-14752,-2600,5944,-459,162,-167,0
1542.7575540542605,10540,4804,10844,-157,-31,55,9820,-9600,8136,-23,179,-191,-14596,4416,3300,-999,78,-53,-14656,-2676,5912,-454,153,-131,0
1542.7909860610962,10452,4784,10864,-157,-50,76,9764,-9656,8296,-42,184,-172,-14828,4816,3108,-1007,86,-71,-14728,-2592,5848,-499,158,-122,0
1542.8244540691376,10700,4816,11208,-239,-90,126,9480,-9628,8280,5,166,-163,-14832,4456,3280,-992,94,-87,-14716,-2720,5984,-479,159,-70,0
1542.8581039905548,10396,4920,10828,-191,-48,129,9764,-9700,8200,-33,126,-153,-14644,4464,3556,-994,107,-84,-14992,-2736,5848,-482,143,-78,0
1542.8913869857788,10372,5040,10940,-236,-154,155,9816,-9636,8440,-78,120,-207,-14712,4436,3192,-954,140,-125,-14816,-2752,5808,-478,202,-44,0
1542.925015926361,10468,4900,10880,-233,-207,174,9836,-9604,8432,-71,83,-236,-14624,4444,3284,-967,147,-105,-14680,-2592,5788,-474,228,-34,0
1542.9586379528046,10568,4792,10812,-241,-198,178,9800,-9520,8320,-66,109,-195,-14680,4464,2816,-970,167,-137,-14744,-2748,5660,-478,207,-69,0
1542.9919221401215,10480,4752,10848,-257,-176,172,9860,-9524,8316,-52,119,-212,-14732,4444,3316,-983,130,-144,-14904,-2680,5760,-465,182,-29,0
1543.0254890918732,10536,4768,10640,-248,-167,157,9832,-9584,8300,-81,93,-205,-14768,4472,3264,-1009,194,-97,-14748,-2600,5860,-498,178,-47,0
1543.058916091919,10640,4660,10572,-241,-162,176,9800,-9568,8264,-21,54,-204,-14728,4400,2944,-980,189,-109,-14732,-2660,5860,-478,208,-54,0
1543.0971009731293,10572,4640,11004,-298,-157,187,9832,-9688,8364,3,106,-224,-14776,4372,2996,-788,149,-115,-14788,-2816,6004,-481,173,-48,0
1543.1322660446167,10612,4680,10984,-260,-220,197,9948,-9648,8312,4,99,-210,-14712,4444,2972,-1047,137,-145,-14816,-2676,6120,-447,212,-53,0
1543.1675870418549,10528,4652,10532,-319,-212,186,9884,-9712,8200,25,121,-226,-14740,4440,3204,-1019,145,-112,-14848,-2616,5956,-437,202,-69,0
1543.2026889324188,10424,4692,10772,-318,-242,186,9964,-9624,8204,6,116,-248,-14644,4548,3088,-986,156,-150,-14740,-2548,5776,-490,224,-72,0
1543.2379541397095,10592,4848,10960,-292,-261,146,9924,-9692,8392,0,128,-227,-14684,4364,3168,-981,112,-114,-14856,-2580,5912,-490,197,-78,0
1543.2735540866852,10568,4660,10856,-270,-242,149,9860,-9636,8064,6,120,-258,-14796,4392,3032,-975,142,-154,-14844,-2608,5772,-472,210,-104,0
1543.3094720840454,10584,4600,10832,-242,-237,156,9920,-9652,8276,-14,96,-249,-14756,4436,3168,-997,131,-157,-14808,-2640,5624,-478,241,-106,0
1543.3449680805206,10724,4676,10844,-189,-225,145,9800,-9688,8336,28,160,-253,-14672,4324,2908,-1014,91,-135,-14684,-2472,5876,-487,206,-128,0
1543.3812279701233,10692,4668,10748,-161,-205,127,9820,-9568,8236,40,152,-238,-14816,4312,2988,-1042,60,-188,-14824,-2660,5740,-502,243,-175,0
1543.4161610603333,10628,4664,10780,-168,-150,92,9900,-9524,8284,51,153,-248,-14636,4604,2832,-1031,121,-148,-14800,-2628,5860,-485,225,-150,0
1543.4522399902344,10636,4712,10560,-100,-73,46,9976,-9608,8292,-1,173,-228,-14684,4408,3280,-1033,74,-124,-14856,-2608,5760,-510,153,-150,0
1543.4881179332733,10680,4644,10768,-115,-25,28,9952,-9580,8312,19,218,-211,-14788,4144,2844,-1066,13,-109,-14916,-2348,5744,-482,159,-214,0
1543.523803949356,10524,4596,10972,-92,38,14,9904,-9508,8316,56,212,-160,-14684,4380,3028,-1025,50,-89,-14872,-2612,5756,-474,141,-185,0
1543.5595400333405,10620,4704,10716,-61,12,24,9908,-9524,8320,-20,195,-176,-14720,4380,2848,-981,55,-87,-14840,-2680,5748,-459,138,-183,0
1543.5949771404266,10616,4764,10904,-161,5,29,9836,-9532,8384,-2,172,-180,-14824,4328,3116,-1026,89,-64,-14680,-2580,5776,-470,137,-174,0
1543.6310489177704,10616,4740,10892,-99,51,58,9816,-9504,8324,-21,175,-166,-14772,4344,3236,-771,82,-46,-14864,-2700,5832,-468,98,-133,0
1543.6671459674835,10500,5048,10772,-128,36,61,9928,-9596,8460,-35,173,-145,-14768,4404,3180,-1037,53,-20,-14860,-2672,5856,-257,87,-142,0
1543.702276945114,10656,4772,10708,-109,20,85,9976,-9496,8348,-57,147,-137,-14844,4300,3076,-972,85,-32,-14820,-2728,5380,-538,69,-141,0
1543.7379169464111,10660,4732,10828,-66,18,123,9828,-9572,8440,-60,115,-121,-14832,4372,3132,-1036,74,-36,-14808,-2592,5768,-536,104,-145,0
1543.771597146988,10288,4840,10952,-44,34,107,9820,-9536,8232,-63,118,-127,-14676,4392,3136,-1077,128,-232,-14744,-2600,5820,-765,83,-115,0
1543.80499792099,10584,4692,10840,-23,44,127,9844,-9648,8356,-99,69,-110,-14720,4580,3052,-1034,114,-30,-14888,-2600,5908,-516,112,-91,0
1543.8386180400848,10536,4640,10856,-94,12,129,9804,-9640,8404,-91,76,-119,-14428,4508,3132,-1044,144,-35,-15040,-2316,5840,-478,94,-120,0
1543.8723430633545,10584,4724,10656,-94,20,129,9812,-9652,8424,-94,67,-147,-14848,4492,3000,-1014,123,-44,-14800,-2804,5760,-504,93,-95,0
1543.9055831432345,10592,4724,10804,-89,4,122,9912,-9752,8260,-62,105,-130,-14712,4564,3084,-1011,92,-32,-14736,-2656,5644,-511,92,-155,0
1543.939185142517,10472,4748,10976,-48,4,103,9848,-9504,8404,-42,124,-144,-14796,4456,3092,-1021,77,-250,-14752,-2704,6116,-494,102,-133,0
1543.9727051258087,10388,4776,10996,-58,-244,70,9876,-9772,8272,-75,149,-187,-14792,4440,3140,-1006,36,-72,-14752,-2816,5784,-523,131,-190,0
1544.0062489509585,10496,4680,10972,-65,-32,40,10136,-9672,8256,-37,158,-202,-14680,4484,2880,-1004,24,-133,-14792,-2592,5900,-499,164,-184,0
1544.0399551391602,10580,4708,10976,-96,-2,30,9860,-9592,8248,1,206,-197,-14444,4400,3088,-986,20,-110,-14792,-2676,5912,-765,130,-211,0
1544.0734810829165,10444,4764,10892,-75,-26,37,9840,-9604,8312,16,219,-187,-14720,4444,3084,-962,37,-67,-14724,-2700,5848,-466,174,-161,0
1544.1068251132963,10404,4872,11156,-97,-18,44,9828,-9636,8372,-13,135,-206,-14672,4492,3104,-1007,87,-117,-14740,-2756,5832,-465,198,-135,0
1544.1401619911194,10500,4812,10984,-88,-99,70,9884,-9588,8384,-65,130,-207,-14752,4552,3124,-995,102,-111,-14776,-2628,5820,-514,173,-144,0
1544.1737990379333,10532,4864,10680,-142,-69,92,9832,-9528,8256,-23,133,-202,-14672,4396,3076,-771,98,-108,-14764,-2764,5864,-520,116,-141,0
1544.207482099533,10500,4736,10820,-86,-7,93,9760,-9640,8368,-42,150,-151,-14952,4416,3260,-983,81,-49,-14788,-2788,5852,-507,115,-168,0
1544.241101026535,10672,4612,10780,-126,-78,70,9916,-9612,8412,-59,176,-166,-14604,4444,3268,-959,39,-51,-14772,-2596,5772,-765,146,-144,0
1544.2747049331663,10736,4780,10520,-105,-253,57,9880,-9596,8200,-58,136,-140,-14612,4392,2912,-972,105,-4,-14668,-2672,5728,-489,109,-131,0
1544.3081121444702,10384,4608,10788,-100,-40,99,9852,-9556,8260,-14,108,-128,-14696,4388,3064,-982,83,-16,-14752,-2732,5756,-499,138,-150,0
1544.341726064682,10592,4820,10972,-124,-43,118,9888,-9624,8284,-46,156,-137,-14756,4428,3248,-938,66,-77,-14856,-2652,5760,-501,97,-134,0
1544.3754749298096,10588,4812,10884,-126,-63,110,9880,-9688,8216,-87,139,-157,-14668,4544,3260,-973,90,-51,-14828,-2616,5840,-496,101,-116,0
1544.4089951515198,10484,4820,10956,-111,-61,121,9764,-9792,8444,-39,108,-175,-14632,4528,3088,-1013,113,-61,-14796,-2612,5648,-510,126,-131,0
1544.442458152771,10404,4832,10876,-143,-22,126,9804,-9644,8288,-256,122,-175,-14400,4520,3308,-797,147,-51,-14716,-2696,5636,-503,144,-130,0
1544.4760661125183,10260,4832,10876,-113,-36,124,9860,-9612,8304,-33,149,-176,-14696,4368,3168,-1264,129,-73,-14780,-2640,5872,-484,155,-114,0
1544.5094690322876,10408,4876,10872,-182,-79,102,9788,-9596,8364,-25,126,-174,-14564,4460,3276,-1001,132,-120,-14736,-2648,6140,-481,154,-141,0
1544.543070077896,10660,4764,10920,-163,-24,117,9864,-9664,8276,-36,149,-183,-14616,4428,3136,-998,97,-118,-14692,-2720,5920,-459,175,-126,0
1544.5766880512238,10480,4744,10916,-203,-71,108,9960,-9652,8348,35,159,-186,-14652,4512,3104,-1010,116,-85,-14688,-2688,5828,-454,181,-129,0
1544.609964132309,10480,4908,10844,-256,-125,120,9876,-9632,8644,-14,173,-206,-14656,4428,3296,-981,109,-137,-14796,-2800,5720,-452,214,-88,0
1544.6432070732117,10444,4824,10952,-241,-203,139,9944,-9612,8340,-64,142,-236,-14812,4476,3268,-963,123,-150,-14736,-2772,5804,-480,193,-82,0
1544.676882982254,10612,4716,10832,-199,-192,162,9860,-9672,8352,-67,117,-229,-14684,4432,3248,-953,144,-143,-14708,-2604,5908,-475,176,-87,0
1544.71036195755,10456,4756,10876,-208,-164,149,9820,-9576,8316,-51,94,-223,-14820,4360,3320,-1000,104,-122,-14856,-2628,5756,-519,219,-112,0
1544.7436780929565,10572,4712,10980,-221,-136,125,9820,-9624,8200,-11,127,-225,-14732,4304,3168,-1008,142,-149,-14720,-2648,5836,-468,210,-53,0
1544.7817289829254,10240,4788,10764,-278,-131,140,9828,-9636,8236,-2,78,-220,-14696,4408,3268,-1016,176,-127,-14820,-2528,5732,-459,205,-54,0
1544.8177149295807,10604,4752,10864,-243,-132,166,9880,-9696,8384,-28,108,-203,-14712,4436,3128,-982,163,-145,-14812,-2684,5792,-470,205,-31,0
1544.8526160717013,10516,4824,10832,-7,-206,197,9836,-9664,8192,14,86,-212,-14772,4480,3088,-1050,164,-136,-14768,-2716,5964,-471,191,-67,0
1544.8881809711456,10620,4736,10836,-303,-215,189,9928,-9564,8232,26,90,-219,-14784,4376,3292,-1021,151,-124,-14796,-2672,5844,-440,175,-83,0
1544.923282146454,10408,4792,10896,-238,-175,152,9812,-9572,8328,-49,100,-224,-14768,4604,3276,-772,156,-81,-14744,-2668,5856,-463,183,-113,0
1544.9588730335236,10560,4680,10876,-277,-220,140,10008,-9584,8164,-244,149,-1,-14720,4376,3080,-1274,114,-145,-14736,-2660,5832,-446,193,-82,0
1544.9941680431366,10612,4756,10756,-258,-159,147,9848,-9612,8268,33,129,-229,-14740,4504,3044,-1045,139,-94,-14784,-2684,5768,-449,189,-111,0
1545.0290620326996,10656,4804,10772,-235,-178,145,9856,-9560,8236,71,149,-210,-14612,4352,3312,-1280,97,-185,-14836,-2608,5808,-464,156,-117,0
1545.0647881031036,10488,4712,10864,-286,-242,124,9808,-9604,8340,255,177,-241,-14668,4432,2832,-973,138,-143,-14784,-2776,5800,-468,219,-114,0
1545.1008729934692,10624,4664,10704,-260,-225,160,9972,-9580,8496,-6,83,-234,-14696,4356,3156,-1040,171,-147,-14680,-2672,5776,-465,228,-71,0
1545.1360249519348,10536,4668,10728,-257,-268,200,9908,-9664,8400,13,88,-252,-14628,4388,3172,-778,159,-183,-14612,-2812,5780,-450,217,-74,0
1545.171688079834,10556,4724,10864,-164,-227,176,9840,-9560,8296,-2,111,-244,-14824,4276,2972,-988,121,-138,-14832,-2664,5780,-494,217,-100,0
1545.2076120376587,10532,4424,10828,-229,-209,140,10008,-9488,8060,-19,48,-190,-14776,4312,3128,-1062,158,-149,-14672,-2664,5908,-474,184,-136,0
1545.2427589893339,10516,4724,10736,-183,-144,134,9972,-9492,8268,252,138,-195,-14708,4404,3288,-1040,156,-92,-14820,-2576,5616,-484,173,-88,0
1545.2776501178741,10584,4740,10828,-137,-109,118,9904,-9572,8360,-24,108,-192,-14756,4288,3096,-1004,136,-98,-14684,-2536,5704,-493,141,-114,0
1545.3136789798737,10644,4672,10744,-120,-46,107,9928,-9576,8264,-66,168,-170,-14756,4304,2892,-1010,79,-53,-14604,-2656,5720,-474,125,-119,0
1545.3491580486298,10736,4688,10656,-158,12,103,9904,-9528,8376,-31,155,-148,-14600,4384,3208,-1003,87,-61,-14724,-2568,5688,-479,127,-105,0
1545.3848011493683,10584,4680,10960,-159,-255,92,9896,-9440,8312,-48,110,-168,-14740,4280,3072,-898,53,-91,-14936,-2608,5776,-468,108,-124,0
1545.4211730957031,10632,4616,10564,-137,-17,107,9996,-9548,8368,-36,112,-166,-14820,4572,3148,-1019,81,-86,-14864,-2684,5700,-490,112,-136,0
1545.454859972,10528,4708,10948,-129,-21,125,9952,-9504,8284,-27,144,-150,-14632,4440,2856,-981,86,-93,-14768,-2580,6044,-475,130,-93,0
1545.4882781505585,10572,4708,10896,-167,-17,95,9852,-9560,8368,-41,132,-154,-14768,4456,3132,-980,74,-79,-14824,-2672,5688,-484,111,-113,0
1545.5218660831451,10668,4768,10832,-132,-33,111,9808,-9640,8264,-72,131,-152,-14804,4356,3032,-1008,96,-4,-14748,-2328,5844,-506,67,-107,0
1545.5554869174955,10588,4648,10916,-163,-26,98,9940,-9664,8412,-32,135,-136,-14768,4596,3260,-1001,52,-256,-14740,-2632,5836,-491,80,-134,0
1545.5890591144562,10524,4672,10880,-102,-10,130,9888,-9532,8480,-34,136,-144,-14908,4372,3316,-1015,73,-46,-14708,-2736,5848,-494,25,-129,0
1545.622192144394,10748,4660,10804,-116,-5,115,9832,-9584,7996,-76,109,-143,-14644,4372,3040,-773,126,-33,-15088,-2604,5648,-763,130,-157,0
1545.65776014328,10568,4356,10548,-110,-6,71,9992,-9624,8400,-8,153,-155,-14740,4464,3004,-1036,122,-24,-14696,-2512,5876,-476,114,-122,0
1545.6912100315094,10288,4828,10540,-73,14,73,9864,-9572,8372,-55,130,-166,-14704,4308,3272,-1021,57,-81,-14772,-2536,5792,-510,116,-179,0
1545.7248871326449,10544,4708,10680,-89,0,58,9940,-9568,8460,-37,165,-173,-14744,4432,3000,-1011,45,-59,-14800,-2708,5828,-488,86,-157,0
1545.7585909366608,10696,4784,10988,-117,-16,30,9868,-9568,8348,-30,180,-139,-14672,4420,3232,-999,49,-59,-14756,-2604,5768,-478,111,-147,0
1545.7918820381165,10248,4724,10904,-140,-25,71,9920,-9576,8412,-21,168,-190,-14612,4572,2816,-976,69,-32,-14652,-2696,5848,-457,122,-128,0
1545.8326029777527,10444,4724,10540,-193,-88,109,9708,-9592,8348,-27,152,-171,-14656,4520,3148,-1003,118,-99,-14768,-2744,5776,-763,158,-92,0
1545.8664119243622,10600,4812,10860,-89,-155,106,9848,-9620,8216,-84,92,-223,-14748,4440,3288,-996,77,-83,-14812,-2720,5712,-505,113,-135,0
1545.8999960422516,10540,4712,10916,-38,-76,95,9932,-9676,8408,-79,99,-169,-14656,4340,3108,-1004,75,-66,-14796,-2688,6132,-582,87,-172,0
1545.9336371421814,10676,4676,10896,-56,-43,110,9800,-9544,8280,-33,145,-147,-14748,4136,3324,-1277,94,-9,-14748,-2676,6124,-572,151,-167,0
1545.9673449993134,10496,4776,10804,-54,-26,139,9848,-9464,8336,-38,93,-168,-14616,4412,3176,-1029,127,-25,-14824,-2424,5736,-540,142,-131,0
1546.0006670951843,10460,4740,10804,-92,-11,137,9872,-9636,8272,-40,135,-143,-14700,4400,3272,-770,118,-51,-14884,-2336,5828,-552,121,-100,0
1546.0340359210968,10608,4740,10872,-57,-36,142,9880,-9724,8384,-87,90,-116,-14764,4476,3148,-1049,95,248,-15008,-2540,5824,-560,59,-99,0
1546.0675971508026,10696,4708,10820,-68,46,156,9876,-9604,8216,-91,69,-73,-14724,4440,2820,-1025,99,52,-14736,-2628,5644,-549,25,-104,0
1546.10098695755,10640,4764,10804,-101,73,199,9888,-9520,8200,-61,65,-58,-14720,4408,3308,-1076,102,87,-14732,-2816,5908,-522,-7,-57,0
1546.1341550350187,10528,4708,10908,-122,90,160,9832,-9740,8388,-43,128,-33,-14840,4488,3184,-1079,84,0,-14656,-2760,5744,-519,48,-107,0
1546.1677689552307,10348,4724,10752,-119,81,127,9736,-9692,8084,-74,143,-68,-14348,4528,3064,-1050,41,49,-14776,-2736,5956,-558,20,-130,0
1546.2009460926056,10708,4680,10960,-88,114,140,9788,-9600,8432,-63,120,-55,-14716,4504,3088,-777,80,95,-14696,-2636,5868,-584,-235,-111,0
1546.2344610691073,10464,4748,10860,-108,76,146,9820,-9908,8228,-21,139,-66,-14668,4360,3200,-1024,69,-254,-14444,-2684,5924,-540,86,-116,0
1546.2681040763855,10328,4844,10960,-94,16,139,9884,-9592,8420,-45,217,-97,-14836,4396,3208,-1277,123,-46,-14716,-2692,5908,-258,97,-146,0
1546.301628112793,10396,4868,10984,-129,-42,130,9840,-9572,8388,-107,141,-157,-14664,4472,3216,-1002,106,-51,-14700,-2752,5860,-510,93,-103,0
1546.3354020118713,10468,4732,10728,-168,-13,98,9748,-9528,8372,-50,123,-150,-14612,4416,3308,-986,95,-67,-14788,-2584,5780,-473,126,-112,0
1546.3690049648285,10496,4840,10848,-165,3,107,9716,-9568,8308,-36,92,-149,-14736,4436,3276,-998,152,-41,-14676,-2712,5868,-491,153,-82,0
1546.402323961258,10368,4748,10936,-200,248,129,9888,-9644,8352,-15,98,-163,-14828,4520,3168,-1034,127,-52,-14760,-2652,5940,-521,129,-78,0
1546.4387419223785,10460,4776,10908,-221,-61,141,9788,-9760,8356,-62,111,-155,-14776,4432,3208,-1003,136,-66,-14716,-2628,5648,-488,135,-57,0
1546.4741859436035,10520,4752,11080,-176,-99,178,9824,-9524,8216,-60,100,-142,-14704,4592,3104,-772,136,-72,-14820,-2712,5828,-571,119,-36,0
1546.509563922882,10516,4728,10920,-191,-113,202,9804,-9632,8448,-40,82,-156,-14632,4464,3324,-992,171,-121,-14708,-2592,5932,-527,153,-59,0
1546.5447330474854,10532,4748,10988,-179,-150,210,9860,-9540,8192,-28,91,-208,-14728,4528,3136,-1008,126,-115,-14676,-2668,6004,-547,220,-99,0
1546.580239057541,10440,4688,10932,-207,-132,165,9824,-9756,8368,40,126,-184,-14600,4480,3156,-1036,150,-127,-14784,-2624,5920,-511,181,-60,0
1546.6153819561005,10528,4764,10900,-2,-128,152,9968,-9940,8296,16,123,-186,-14756,4508,3176,-1014,162,-103,-14740,-2704,5756,-512,212,-42,0
1546.650887966156,10504,4720,10924,-282,-159,169,10224,-9680,8392,238,187,-191,-14720,4372,3136,-991,127,-116,-14796,-2668,5660,-490,222,-82,0
1546.6859979629517,10480,4668,10776,-224,-188,173,9808,-9660,8352,-11,148,-242,-14660,4440,3196,-994,149,-134,-14828,-2812,6100,-530,232,-113,0
1546.7218680381775,10604,4768,10908,-244,-204,170,9992,-9600,8368,-16,104,-241,-14648,4488,3276,-1030,124,-139,-14856,-2596,5784,-493,227,-62,0
1546.758188009262,10592,4764,10908,-261,-192,159,9812,-9636,8244,15,128,-177,-14732,4576,3096,-1044,88,-111,-14820,-2664,5996,-526,185,-123,0
1546.7939310073853,10508,4744,10928,-210,-106,164,9928,-9532,8328,-253,138,-176,-14744,4540,3224,-1019,75,-64,-14704,-2692,5936,-526,162,-128,0
1546.8293330669403,10272,4428,10972,-179,-141,122,9800,-9736,8408,28,93,-205,-14688,4448,2832,-770,102,-104,-14700,-2588,5844,-524,176,-90,0
1546.864413022995,10520,4592,10780,-204,-154,154,9816,-9556,8364,31,91,-173,-14680,4524,3040,-1022,126,-52,-14788,-2600,5824,-525,138,-89,0
1546.900712966919,10512,4580,10892,-185,-163,223,9860,-9648,8200,-13,104,-118,-14820,4444,3208,-1018,129,-68,-14708,-2660,5784,-502,145,-48,0
1546.9355580806732,10604,4732,10880,-250,-151,174,9800,-9516,8244,-28,133,-150,-14744,4376,3300,-1002,125,-109,-14840,-2712,5876,-486,150,-79,0
1546.971773147583,10552,4780,10860,-175,-146,157,9820,-9704,8284,-50,111,-160,-14616,4412,3260,-975,110,-44,-14836,-2752,5720,-483,164,-99,0
1547.0081989765167,10644,4368,10992,-185,-157,104,9820,-9600,8344,-45,171,-200,-14656,4428,2880,-986,75,-85,-14768,-2592,5820,-476,163,-113,0
1547.0435180664065,10520,4724,10624,-151,-55,103,9812,-9700,8352,-58,136,-189,-14636,4440,3168,-989,82,-56,-14708,-2696,5764,-463,136,-148,0
1547.080915927887,10640,4704,10776,-85,-16,41,9832,-9552,8008,-8,190,-165,-14756,4420,3244,-1011,60,-54,-14804,-2572,5732,-452,100,-206,0
1547.1144630908966,10656,4740,10752,-165,62,65,9888,-9700,8324,1,185,-141,-14732,4468,3144,-1048,59,-42,-14772,-2612,5824,-458,77,-141,0
1547.1478581428528,10536,4668,11216,-152,251,111,9744,-9668,8392,-49,112,-142,-14760,4400,3128,-1021,106,-63,-14760,-2564,5732,-458,109,-99,0
1547.1814639568329,10716,4664,11020,-141,-72,121,9836,-9640,8376,-64,68,-196,-14672,4456,3076,-987,139,-73,-14780,-2800,5868,-482,156,-65,0
1547.2150809764862,10740,4796,10960,-117,-60,127,9824,-9644,8396,-94,81,-152,-14640,4432,3064,-1004,127,-30,-14748,-2596,5748,-452,107,-91,0
1547.2486369609833,10684,4532,10872,-154,-85,134,9860,-9592,8316,-78,131,-180,-14736,4568,3072,-997,134,-15,-14696,-2596,5872,-476,126,-88,0
1547.2823259830475,10532,4388,10720,-163,-36,99,9796,-9720,8288,-113,101,-177,-14652,4584,3128,-970,106,-21,-14756,-2648,5912,-462,104,-121,0
1547.315773010254,10504,4600,10964,-116,12,71,9828,-9784,8420,-74,132,-170,-14760,4404,3192,-986,101,-65,-14844,-2612,5792,-480,123,-138,0
1547.3494191169739,10576,4636,10876,-111,1,80,9796,-9708,8212,-70,119,-140,-14684,4520,2964,-1022,77,-51,-14804,-2548,5920,-508,90,-147,0
1547.3829400539398,10468,4572,10840,-100,-3,73,9828,-9900,8260,-57,135,-169,-14788,4516,2988,-1015,61,-41,-14844,-2816,5728,-504,102,-123,0
1547.4164950847626,10536,4656,10952,-82,-255,65,9840,-9580,8312,-52,147,-181,-14612,4488,3312,-970,47,-26,-14784,-2616,5816,-474,112,-159,0
1547.449963092804,10520,4708,10736,-72,-21,68,9820,-9680,8216,-49,114,-177,-14724,4440,3120,-963,46,-46,-15040,-2704,5876,-474,136,-137,0
1547.4836740493774,10592,4736,10860,-64,-6,60,9776,-9748,8276,-19,179,-184,-14660,4348,3176,-1276,91,-76,-14852,-2636,5760,-497,118,-166,0
1547.5172810554504,10520,4776,10608,-81,-13,43,9940,-9572,8364,-33,184,-176,-14756,4476,3052,-991,57,-72,-14792,-2576,5880,-502,142,-173,0
1547.5509240627289,10508,4684,10760,-98,-4,82,9940,-9724,8208,-39,117,-173,-14644,4412,3036,-1012,82,-72,-14744,-2616,6036,-536,84,-155,0
1547.5844790935516,10632,4840,10960,-10,-250,97,9832,-9652,8192,-71,68,-151,-14716,4524,3088,-1031,99,19,-14776,-2332,5924,-519,66,-102,0
1547.6181631088257,10456,4660,11084,-98,-2,126,9788,-9932,8288,-14,78,-120,-14704,4480,3216,-997,119,-54,-14696,-2664,5888,-768,104,-117,0
1547.651484966278,10420,4728,10864,-53,-26,105,9812,-9648,8288,-97,34,-133,-14708,4496,3208,-980,96,-92,-14688,-2664,5800,-764,95,-144,0
1547.6848640441895,10240,4680,10836,-95,-36,59,9944,-9716,8160,-98,213,-190,-14824,4552,3052,-949,76,-156,-14736,-2628,5860,-457,181,-159,0
1547.7185490131378,10508,4692,10796,-97,-37,48,9832,-9640,8676,-33,178,-227,-14648,4440,3108,-954,79,-97,-14760,-2680,5772,-425,189,-137,0
1547.7520809173584,10516,4724,10848,-101,-52,23,9832,-9624,8268,-63,177,-251,-14808,4428,3132,-979,90,-100,-14920,-2620,5928,-450,230,-181,0
1547.7857530117035,10516,4696,10928,-95,-73,52,9896,-9716,8376,-54,146,-206,-14764,4560,3092,-1017,113,-28,-14788,-2340,5956,-480,152,-141,0
1547.8194789886475,10532,4620,10792,-84,-61,68,9884,-9644,8064,-52,117,-217,-14728,4840,3012,-1015,109,-48,-14728,-2480,6008,-486,114,-129,0
1547.85298705101,10612,4688,10808,-77,26,104,9812,-9800,8244,-56,91,-128,-14396,4556,3216,-1047,107,-53,-14704,-2668,6060,-496,116,-117,0
1547.886022090912,10408,4732,10828,-116,-21,99,9828,-9912,8208,4,112,-150,-14764,4600,2948,-1036,116,-66,-14680,-2760,5988,-516,92,-146,0
1547.9195671081543,10372,4784,10848,-89,54,102,9832,-9732,8208,-19,189,-156,-14616,4468,3052,-991,51,-66,-14796,-2816,5976,-484,146,-170,0
1547.9531531333923,10416,4872,10536,-153,-59,45,9684,-9688,8280,-23,184,-186,-14660,4428,3552,-1017,49,-104,-14732,-2824,5828,-493,157,-199,0
1547.9867899417875,10264,4624,10804,-113,-66,31,9544,-9672,8400,-37,194,-225,-14696,4472,3228,-987,46,-139,-14760,-2700,6080,-498,176,-197,0
1548.020092010498,10520,4944,11016,-107,-93,44,9860,-9656,8432,-27,183,-237,-14688,4488,3116,-977,83,-113,-14708,-2792,5924,-487,183,-137,0
1548.0537180900574,10556,4832,10764,-75,-62,94,9692,-9608,8176,-20,167,-227,-14660,4544,3124,-985,100,-62,-14656,-2744,5928,-494,164,-116,0
1548.087490081787,10284,4876,10936,-105,-55,121,9792,-9644,8320,-52,114,-185,-14812,4516,3252,-981,147,-31,-14800,-2636,5832,-480,148,-88,0
1548.1238629817965,10412,4744,10932,-138,-104,130,9760,-9616,8232,-37,94,-170,-14732,4496,3092,-971,112,-66,-14712,-2688,5856,-488,133,-82,0
1548.159681081772,10420,4756,10832,-116,-10,133,9924,-9716,8296,-16,114,-151,-14668,4588,3148,-1014,131,-28,-14800,-2668,5856,-515,126,-100,0
1548.1948699951172,10500,4772,10780,-134,-28,110,10236,-9764,8296,-33,95,-148,-14668,4484,2840,-1021,115,-88,-14752,-2596,5932,-526,132,-91,0
1548.2303719520569,10488,4876,11020,-154,-38,132,9836,-9588,8276,13,132,-181,-14764,4488,3172,-1012,93,-38,-14612,-2692,5780,-512,164,-114,0
1548.2661340236664,10404,4840,10780,-136,-39,110,9936,-9684,8364,-28,124,-162,-14700,4504,3072,-969,129,-70,-14776,-2616,5940,-481,80,-92,0
1548.3019540309906,10500,4628,11224,-173,-103,117,9912,-9804,8424,-20,125,-138,-14680,4820,3292,-944,67,-102,-14768,-2708,5980,-484,159,-116,0
1548.3379781246183,10420,4736,11088,-270,-66,113,9780,-9708,8180,9,225,-150,-14688,4472,3180,-980,35,-126,-14760,-2728,5676,-445,161,-76,0
1548.3737559318545,10276,4948,10824,-211,-115,128,9820,-9784,8448,-77,175,-225,-14724,4540,3308,-969,78,-122,-14740,-2764,5952,-480,194,-110,0
1548.408872127533,10432,4684,11108,-235,-172,86,9948,-9620,8520,-57,153,-242,-14716,4548,3136,-942,98,-133,-14744,-2716,5904,-506,194,-155,0
1548.4445669651031,10448,4680,10956,-217,-146,113,9736,-9764,8100,-16,123,-239,-14656,4464,3012,-1013,124,-157,-14472,-2684,5888,-459,198,-113,0
1548.4801859855652,10440,4736,10908,-246,-100,131,9768,-9680,8244,7,142,-216,-14832,4480,3156,-993,95,-127,-14824,-2580,5652,-465,186,-87,0
1548.5156190395355,10472,4748,10928,-282,-105,134,9836,-9616,8296,-29,143,-203,-14668,4584,2996,-981,131,-49,-14824,-2604,5928,-487,192,-71,0
1548.5512471199036,10552,4836,10928,-240,-148,193,9844,-9728,8360,-16,89,-175,-14696,4472,2996,-1024,207,-97,-14720,-2624,5952,-492,192,-19,0
1548.587249994278,10252,4620,10836,-246,-192,207,9788,-9772,8436,54,101,-203,-14680,4552,3304,-1030,209,-114,-14760,-2628,6004,-506,193,-49,0
1548.6221749782562,10424,4648,10760,-208,-156,195,9820,-9616,8388,-38,81,-224,-14644,4452,3100,-1018,196,-132,-14732,-2756,5660,-466,230,-40,0
1548.6580049991608,10512,4696,10864,-278,-245,181,9792,-9616,8368,-7,127,-224,-14788,4504,3156,-1022,143,-170,-14776,-2640,5664,-472,213,-80,0
1548.6929440498352,10536,4756,10976,-275,-206,128,9784,-9620,8424,-30,136,-266,-14816,4404,3168,-1006,93,-161,-14724,-2792,5824,-475,213,-114,0
1548.7287399768827,10500,4640,10696,-267,-204,103,9848,-9608,8296,19,196,-244,-14660,4448,3132,-1015,81,-137,-14744,-2660,5940,-444,216,-86,0
1548.765398979187,10596,4808,10968,-7,-210,87,9924,-9632,8384,-26,194,-2,-14652,4400,3356,-964,122,-161,-14780,-2648,5668,-452,219,-103,0
1548.7988939285278,10592,4640,10888,-225,-197,107,9920,-9732,8248,0,131,-258,-14796,4592,3072,-955,96,-123,-15020,-2656,5836,-462,198,-87,0
1548.8324019908903,10584,4860,10808,-231,-168,130,9796,-9712,8292,-12,93,-202,-14768,4380,2912,-999,105,-101,-14700,-2712,5956,-261,154,-98,0
1548.8660259246826,10528,4740,10892,-211,-190,158,9772,-9684,8308,35,78,-181,-14648,4412,2828,-1002,109,-138,-14720,-2580,5928,-477,147,-90,0
1548.899565935135,10504,4572,10960,-138,-122,153,9796,-9608,8276,-33,81,-197,-14640,4472,3152,-1276,140,-107,-14704,-2656,5828,-489,177,-81,0
1548.9328451156616,10548,4824,10928,-190,-169,129,9788,-9720,8360,-14,145,-191,-14828,4448,3072,-1003,72,-119,-14752,-2588,5860,-484,165,-96,0
1548.9665729999542,10652,4416,10988,-204,-185,168,9888,-9660,8388,-56,127,-185,-14640,4392,3196,-987,140,-98,-14700,-2696,5852,-263,129,-100,0
1549.0000610351565,10604,4648,10968,-179,-103,163,9804,-9564,8336,-44,117,-157,-14736,4284,3124,-1002,122,-49,-14664,-2728,5640,-488,133,-97,0
1549.0336620807648,10484,4748,10848,-146,-88,142,9872,-9536,8384,-33,158,-190,-14764,4308,3116,-1000,110,-51,-14752,-2656,5736,-488,139,-146,0
1549.0673849582672,10580,4716,10908,-169,-31,68,9888,-9640,8228,-40,149,-201,-14740,4408,3224,-1034,65,-20,-15052,-2544,5872,-478,129,-132,0
1549.1007261276243,10604,4624,10900,-123,-30,56,9764,-9676,8224,-24,176,-176,-14708,4568,3156,-1276,67,-55,-14728,-2624,5800,-500,143,-142,0
1549.1342780590057,10540,4640,10976,-85,-12,92,9844,-9944,8236,-26,142,-180,-14656,4408,2980,-987,78,-99,-14836,-2532,6036,-479,141,-133,0
1549.1676280498505,10524,4672,10776,-108,-31,90,9536,-9688,7956,-42,186,-173,-14720,4552,3136,-1027,62,-50,-14864,-2360,5816,-257,145,-169,0
1549.2008860111237,10748,4784,10828,-110,-33,77,9816,-9776,8312,-20,133,-162,-14724,4552,3136,-993,94,-42,-14752,-2608,5900,-499,107,-117,0
1549.2344810962677,10708,4640,10676,-82,-37,109,9880,-9632,8312,-77,119,-148,-14604,4608,3208,-1011,84,-46,-14740,-2612,6008,-517,91,-113,0
1549.2681241035461,10492,4676,10896,-89,-13,87,9840,-9584,8208,-65,94,-161,-14716,4436,3224,-960,85,-57,-14740,-2648,5852,-757,115,-137,0
1549.3017449378967,10484,4756,10968,-91,7,87,9848,-9624,8288,-41,178,-128,-14672,4500,3244,-935,66,-58,-14740,-2524,5684,-484,105,-119,0
1549.335489988327,10564,4712,10896,-70,-25,94,9880,-9684,8408,-64,164,-157,-14596,4388,3048,-874,53,-63,-14692,-2696,5828,-760,102,-169,0
1549.3691499233246,10664,4804,10880,-67,-16,65,9952,-9520,8164,-241,228,-75,-14740,4364,3024,-958,54,-39,-14748,-2700,5964,-502,95,-161,0
1549.402374982834,10464,4632,10872,-41,253,61,9880,-9756,8360,-28,166,-122,-14724,4368,3108,-967,36,-92,-14704,-2600,5800,-490,126,-172,0
1549.4360220432281,10580,4708,10808,-11,-21,86,9832,-9660,8384,-16,251,-82,-14684,4376,3132,-1014,51,-139,-14760,-2596,5720,-539,136,-193,0
1549.4697079658508,10520,4784,10576,-37,-44,73,9748,-9584,8216,18,248,-73,-14704,4392,3316,-1001,77,-64,-14808,-2680,5720,-511,146,-148,0
1549.5033340454102,10508,4724,10792,-60,11,73,9744,-9608,8416,30,244,-81,-14596,4468,3276,-1026,108,-49,-14604,-2628,5888,-477,125,-135,0
1549.5369780063627,10380,4808,10816,-60,-1,90,9780,-9632,8196,-31,57,-113,-14536,4628,3028,-979,116,-50,-14688,-2684,5948,-484,113,-143,0
1549.5704939365387,10472,4720,10904,-102,253,115,9656,-9612,8384,-44,255,-205,-14764,4444,3308,-1032,71,-38,-14720,-2772,5852,-529,156,-163,0
1549.603807926178,10440,4760,10768,-60,-60,94,9968,-9724,8308,-37,139,-196,-14708,4124,3236,-987,95,-68,-14776,-2736,5904,-498,158,-156,0
1549.6371541023254,10252,4772,10888,-100,-45,61,9640,-9696,8356,-45,104,-188,-14712,4572,3124,-1050,97,-87,-14724,-2796,6048,-465,181,-111,0
1549.6708281040192,10448,4720,11040,-79,-56,48,9736,-9604,8328,-77,124,-205,-14812,4360,3296,-1002,91,-94,-14768,-2756,5968,-483,154,-165,0
1549.7044169902802,10600,4672,11072,-82,-115,65,9880,-9720,8424,-3,210,-174,-14824,4552,2860,-1001,26,-75,-14764,-2632,6048,-523,157,-200,0
1549.7381019592283,10472,4760,10764,-150,-57,64,9824,-9776,8280,4,170,-153,-14672,4480,3116,-1015,66,-84,-14748,-2708,6028,-518,124,-131,0
1549.7717399597168,10280,4788,10844,-82,255,92,9744,-9596,8424,-81,125,-156,-14784,4420,3268,-992,87,-87,-14788,-2576,5836,-467,124,-169,0
1549.8087210655212,10656,4732,10868,-174,-73,66,9848,-9720,8020,-11,194,-221,-14656,4544,3240,-977,107,-96,-14760,-2584,5872,-451,199,-158,0
1549.8436999320984,10260,4784,10832,-163,-56,74,9908,-9684,8324,53,173,-175,-14656,4528,3156,-778,88,-64,-14816,-2732,5968,-500,167,-152,0
1549.8793611526487,10328,5080,10872,-112,-64,92,9836,-9604,8440,-6,166,-186,-14704,4504,3152,-1010,73,-90,-14776,-2720,5808,-499,123,-151,0
1549.9149389266968,10396,4748,11100,-142,-55,69,9748,-9684,8340,-38,179,-173,-14688,4544,2836,-977,73,-68,-14804,-2680,5836,-485,87,-151,0
1549.9502909183502,10336,4832,10996,-158,-44,94,9744,-9632,8280,-49,97,-157,-14720,4432,3240,-963,44,-97,-14648,-2584,5868,-488,118,-141,0
1549.9855301380157,10716,4816,10788,-179,-11,122,9956,-9640,8396,-251,152,-144,-14540,4432,3068,-1021,145,-61,-14688,-2660,5760,-475,132,-91,0
1550.0211169719696,10412,4832,10956,-182,-62,150,9776,-9900,8388,5,153,-148,-14656,4380,3200,-1041,176,-141,-14664,-3040,5812,-415,181,-69,0
1550.057176113129,10484,4836,10928,-254,-133,131,9768,-9528,8464,40,199,-210,-14384,4428,3316,-999,146,-155,-14728,-2668,5772,-450,246,-52,0
1550.0922420024872,10404,4864,11040,-267,-229,171,9732,-9720,8476,-2,120,-3,-14652,4476,3220,-984,182,-235,-14732,-2772,5916,-480,225,-24,0
1550.1275930404663,10492,4780,10796,-176,-312,210,9732,-9484,8336,-103,37,-294,-14712,4524,2880,-945,236,-168,-14844,-2704,5940,-496,218,-85,0
1550.1629140377045,10540,4776,10992,-168,-2,161,9732,-9460,8520,-146,99,-274,-14588,4444,3148,-921,143,-123,-14692,-2620,5860,-466,210,-50,0
1550.199296951294,10504,4800,10912,-286,-149,168,9508,-9656,8308,-63,158,-211,-14644,4420,2836,-913,182,-106,-14836,-2608,5988,-421,165,-28,0
1550.2342219352722,10476,4720,10760,-325,-103,200,9704,-9620,8420,-96,114,-165,-14704,4476,3164,-977,195,-57,-14812,-2416,5844,-403,177,18,0
1550.269828081131,10572,4652,10768,-313,-129,224,9872,-9928,8416,-48,58,-156,-14752,4548,2948,-1019,222,-141,-14664,-2792,5796,-426,193,5,0
1550.304965019226,10496,4736,11080,-293,-178,250,9900,-9680,8380,-3,48,-215,-14732,4496,3124,-993,242,-118,-14660,-2380,5796,-463,244,20,0
1550.341125011444,10488,4696,10672,-344,-247,284,9680,-9600,8248,-32,47,-205,-14612,4600,3292,-978,229,-130,-14696,-2628,5868,-434,214,32,0
1550.3771579265594,10580,4744,11116,-326,-229,3,9752,-9616,8372,-104,36,-241,-14648,4372,3136,-942,228,-124,-14820,-2672,5952,-410,214,68,0
1550.4120440483093,10392,4656,10812,-327,-251,250,9840,-9624,8300,-94,50,-211,-14696,4376,3040,-985,266,-100,-14804,-2632,5848,-415,199,52,0
1550.4481251239777,10416,4728,10788,-333,-239,303,9720,-9620,8252,-66,50,-180,-14652,4460,3296,-990,292,-144,-14796,-2596,5796,-421,328,70,0
1550.4817559719086,10516,4624,10876,-260,-289,277,9852,-9500,8420,-161,24,-277,-14816,4440,3100,-882,345,-169,-14724,-2464,5640,-339,291,116,0
1550.5154030323029,10600,4576,10740,-358,-266,309,9872,-9476,8124,-80,-49,-251,-14768,4520,3056,-982,390,-195,-14724,-2352,5792,-395,325,126,0
1550.548921108246,10740,4488,10736,-312,-300,374,9904,-9548,8176,-65,-58,-199,-14724,4512,2852,-1012,338,-145,-14808,-2464,5884,-387,267,118,0
1550.5824580192566,10752,4436,10896,-313,-250,334,9876,-9604,8316,-21,-23,-144,-14848,4356,3020,-1026,269,-64,-14920,-2396,5860,-429,155,46,0
1550.6157190799713,10852,4532,10860,-260,-166,283,9840,-9784,8292,-32,22,-135,-14788,4584,2948,-1068,213,-33,-14808,-2444,5848,-763,117,26,0
1550.6490111351013,10620,4604,10972,-151,-79,231,9888,-9496,8256,-42,59,-109,-14732,4400,2992,-1050,158,-65,-14788,-2764,5900,-488,102,-104,0
1550.6824851036072,10268,4528,10940,-93,-26,156,9776,-9664,8412,-37,129,-110,-14660,4356,2960,-1016,148,-58,-14772,-2432,5856,-454,101,-138,0
1550.7155959606173,10600,4488,10784,-79,-31,105,9892,-9676,8036,-32,194,-128,-14752,4348,2992,-1278,99,-67,-14716,-2544,6052,-390,141,-157,0
1550.749314069748,10736,4572,10812,-119,-7,44,9952,-9656,8092,39,261,-129,-14824,4488,2916,-974,41,-66,-14740,-2352,5800,-351,92,-216,0
1550.7829520702362,10724,4444,10948,-138,45,19,9872,-9788,8288,71,220,-166,-14828,4476,2844,-970,46,-129,-14828,-2372,5804,-345,162,-211,0
1550.8162140846252,10716,4356,10768,-121,-19,12,9828,-9536,8380,68,216,-191,-14832,4492,2876,-1051,40,-137,-14856,-2472,5796,-414,152,-158,0
1550.8528051376343,10696,4680,10780,-152,-17,104,9956,-9636,8292,12,133,-157,-14736,4316,3016,-1141,128,-86,-14768,-2592,5676,-476,160,-105,0
1550.886850118637,10636,4736,10844,-189,-129,87,9896,-9644,8372,-28,163,-189,-14724,4300,3012,-1020,91,-116,-14860,-2592,5720,-458,169,-142,0
1550.9202880859375,10692,4580,10864,-204,-62,53,9928,-9572,8328,-26,187,-198,-14800,4360,2852,-1000,23,-36,-14752,-2524,5852,-467,111,-193,0
1550.953812122345,10704,4596,10804,-157,15,10,9868,-9624,8272,-71,217,-150,-14792,4440,2984,-943,10,-236,-14812,-2468,5824,-440,23,-207,0
1550.9873571395874,10588,4596,10876,-205,51,1,9832,-9724,8328,-62,236,-142,-14748,4476,3028,-947,33,-243,-14784,-2528,5868,-419,86,-138,0
1551.0207159519196,10624,4576,10780,-2,2,60,9816,-9684,8248,-125,218,-112,-14828,4496,2892,-955,22,234,-14768,-2464,5856,-440,77,-123,0
1551.0542919635773,10640,4488,10876,-175,-17,70,9896,-9836,8292,-147,216,-119,-14832,4560,2972,-982,-9,15,-14720,-2388,5916,-524,78,-192,0
1551.0879509449003,10608,4404,10960,-143,-37,63,9836,-9812,8416,-18,184,-136,-14808,4368,3052,-1087,-6,-61,-14716,-2312,5812,-602,158,-200,0
1551.121516942978,10704,4488,10900,-33,-44,61,9900,-9980,7984,-254,192,-129,-14776,4508,3036,-1122,-18,-110,-14860,-2528,5956,-607,164,-194,0
1551.154834985733,10716,4588,10752,-69,-160,112,9872,-9772,8116,-66,166,-124,-14724,4532,2924,-1097,11,-64,-14924,-2308,5832,-587,140,-173,0
1551.1883101463318,10664,4588,10716,-143,-133,102,9880,-9700,8248,-52,164,-152,-14692,4460,3208,-1085,52,-95,-14704,-2792,5860,-554,167,-269,0
1551.2217700481415,10444,4540,10900,-60,-75,-21,9880,-9816,8304,-9,186,-215,-14700,4404,3084,-1092,-59,-114,-14692,-2804,5972,-598,208,-318,0
1551.2554850578308,10544,4664,10772,-28,-77,-69,9856,-9672,8272,3,286,-322,-14716,4392,3024,-1017,-67,-146,-14848,-2768,5832,-535,280,-299,0
1551.2891449928284,10452,4608,10540,-59,-196,-91,9788,-9796,8132,-114,231,-393,-14672,4492,2848,-913,-24,-494,-14756,-2620,5784,-491,350,-303,0
1551.3226311206818,10496,4556,10928,-62,-324,-77,9720,-9760,8256,-183,292,-455,-14632,4576,3292,-954,-10,-289,-14676,-2552,5644,-477,463,-289,0
1551.3564109802246,10632,4640,10632,-105,-430,-38,9688,-9696,8352,-173,272,-471,-14604,4448,3040,-913,-56,-322,-14860,-2568,5780,-564,441,-264,0
1551.389671087265,10700,4784,10512,-35,-414,-30,9896,-9764,8312,-113,258,-390,-14740,4376,3028,-956,-78,-214,-14836,-2512,5716,-571,378,-245,0
1551.4232110977173,10524,4396,10736,-32,-326,-23,9840,-9632,8320,-106,262,-353,-14836,4476,3180,-966,-51,-174,-14888,-2508,5840,-562,301,-236,0
1551.4567060470579,10868,4700,10704,-29,-243,50,9840,-9588,8236,-111,150,-254,-14724,4436,3016,-1074,-28,-76,-14960,-2572,5768,-561,208,-160,0
1551.4937579631805,10728,4608,10772,-114,-207,163,9748,-9528,8260,-131,188,-165,-14676,4596,3256,-1017,37,-34,-14924,-2696,5764,-572,109,-149,0
1551.5295100212095,10928,4640,10676,-106,-167,185,9664,-9504,8428,-153,165,-68,-14756,4236,3288,-929,47,34,-14804,-2852,5668,-559,17,-75,0
1551.5646359920502,10296,4916,10924,-206,-74,266,9672,-9592,8464,-150,96,-50,-14452,4316,3240,-982,216,41,-14640,-2844,5644,-557,32,35,0
1551.6003119945526,10508,4972,10544,-180,-133,352,9676,-9564,8488,-181,-59,-91,-14796,4128,3096,-1000,346,52,-14708,-2780,5720,-533,57,85,0
1551.6354069709778,10488,4920,10556,-127,-141,421,9696,-9676,8256,-196,-127,-91,-14776,4144,3104,-966,388,-251,-14700,-2752,5608,-524,70,156,0
1551.671375989914,10568,4824,10692,-161,-198,438,9888,-9540,8296,-3,-150,-162,-14656,4380,3220,-956,420,34,-14840,-2656,5876,-500,130,198,0
1551.7077159881592,10756,4708,10748,-270,-273,425,9808,-9744,8128,-259,-79,-187,-14600,4464,3320,-909,429,-23,-14844,-2520,5760,-457,181,206,0
1551.7429370880127,10636,4432,10876,-342,-373,410,9844,-9980,7956,-170,-70,-196,-14760,4656,2924,-1000,418,-35,-14932,-2340,5800,-469,269,234,0
1551.7791631221771,10816,4472,10956,-381,-368,468,9852,-9936,8048,-192,-74,-161,-14696,4620,2856,-983,458,-47,-15096,-2324,6008,-506,193,236,0
1551.814075946808,10828,4356,10660,-284,-353,522,9824,-9740,7960,-178,-47,-118,-14700,4620,2968,-971,448,-34,-14600,-2376,6080,-547,118,211,0
1551.849061012268,10892,4432,10752,-242,-180,463,9732,-9940,8156,-126,7,-62,-15060,4544,2660,-987,345,-29,-14888,-2356,5788,-578,48,90,0
1551.8849120140076,10764,4308,10620,-203,-78,352,10024,-9868,7740,-115,56,-27,-14996,4468,2924,-997,160,46,-14916,-2388,5692,-602,23,4,0
1551.9208040237427,10936,4428,10708,-236,-35,299,10012,-9828,8312,-98,76,-9,-14896,4308,2872,-975,165,12,-14852,-2432,5744,-548,29,-8,0
1551.956109046936,10848,4476,10940,-272,-120,320,9920,-9876,8116,-176,68,-91,-14684,4504,3016,-1016,211,-6,-14848,-2312,5572,-637,117,-5,0
1551.9918570518494,11024,4596,10612,-215,-250,278,10068,-9748,8084,-191,104,-114,-14808,4400,2760,-1063,171,252,-15028,-2248,5648,-737,108,-85,0
1552.0277090072632,11100,4228,10476,-181,-98,219,10176,-9952,7984,-35,142,-46,-15016,4368,2776,-1110,-240,62,-14792,-2432,5400,-745,8,-204,0
1552.0628521442413,10872,4224,10644,-120,-48,157,10232,-9568,7812,11,290,-19,-14720,4344,2800,-1033,-115,17,-14628,-2512,5864,-561,1,-506,0
1552.0981559753418,10680,4380,10920,-159,6,94,9628,-9948,8032,36,199,-50,-14496,4760,2916,-1122,117,26,-14660,-2192,5632,-580,70,31,0
1552.1342689990995,10772,4440,11024,-180,63,273,9652,-9888,8272,253,2,-47,-14752,4728,3080,-970,257,31,-14764,-2472,6376,-483,18,54,0
1552.1676630973816,10612,4312,10960,-321,-16,271,9768,-10056,8120,-52,93,-103,-14748,4568,3088,-992,175,-39,-14532,-2528,5820,-527,245,-76,0
1552.201201915741,10544,4380,11016,-185,-327,207,9560,-10000,8068,-22,83,-310,-14412,4432,2972,-1111,128,-208,-14612,-2400,6016,-540,375,-155,0
1552.2348520755768,10636,4452,10692,-65,-263,175,9652,-9824,8180,67,123,-260,-14788,4464,3252,-1111,66,-220,-14704,-2856,6032,-476,273,-129,0
1552.2682650089264,10768,4572,10600,-148,-141,80,9704,-9772,8264,-256,186,-512,-14816,4548,3156,-1016,82,-174,-14640,-2484,5752,-559,217,-151,0
1552.3014159202576,10928,4640,10796,-83,-158,107,9924,-9804,8296,-32,170,-229,-15088,4568,2876,-1031,85,-144,-14976,-2424,5384,-646,195,-165,0
1552.3350689411163,11072,4616,10708,-1,-263,182,10008,-9552,8228,-124,91,-240,-14768,4240,2708,-984,180,-117,-14888,-2484,5496,-567,186,-82,0
1552.3685820102692,11212,4492,10352,-121,-196,179,9944,-9496,8064,-38,111,-180,-14756,4324,2924,-1038,195,-75,-14888,-2388,5412,-519,168,-49,0
1552.4018831253052,11184,4400,10456,-182,-41,175,10084,-9592,8104,58,143,-115,-14828,4340,2992,-1144,127,-72,-14988,-2616,5504,-444,110,-84,0
1552.4355211257935,11084,4596,10544,-183,52,132,9900,-9500,8232,39,114,-113,-14772,4364,3120,-1025,148,-33,-14700,-2568,5652,-387,71,-96,0
1552.469120979309,10916,4532,10660,-200,6,120,9748,-9756,8320,-32,148,-114,-14732,4380,2952,-970,87,31,-14808,-2540,5824,-409,27,-85,0
1552.502298116684,10744,4432,10732,-253,20,137,9956,-9788,8360,-83,108,-139,-14572,4620,3000,-928,92,-256,-14776,-2468,5884,-364,71,-110,0
1552.5357091426847,10716,4384,10916,-224,4,116,9628,-9872,8084,-56,136,-141,-14664,4724,2920,-974,71,-31,-14812,-2392,5936,-439,80,-85,0
1552.5691680908203,10736,4376,10900,-225,25,147,9724,-10024,8240,-50,89,-150,-14700,4700,2928,-962,106,251,-14828,-2428,6056,-428,87,-54,0
1552.6027791500092,10752,4364,10800,-122,-6,154,9536,-10056,8140,-57,40,-149,-14696,4732,3144,-958,148,-40,-14800,-2396,5836,-517,112,-67,0
1552.6361980438232,10860,4216,10832,-84,-97,163,9760,-9756,8104,-74,6,-222,-14744,4820,2684,-1003,148,-91,-14836,-2232,5696,-573,239,-77,0
1552.669925928116,10792,4296,10532,-52,-163,163,9884,-9928,7932,-52,54,-226,-14600,4372,2764,-1101,115,-155,-14860,-2140,5820,-624,507,-113,0
1552.7033920288086,10984,4288,10720,-47,-156,105,9928,-9828,7872,-14,87,-199,-14776,4612,2888,-1074,67,-184,-14948,-2364,5636,-574,245,-146,0
1552.736971139908,11064,4324,10516,-150,-124,85,9988,-9856,7992,12,176,-182,-14820,4488,2900,-1012,74,-94,-14916,-2372,5640,-463,180,-154,0
1552.770306110382,10948,4368,10656,-174,-33,30,10024,-9744,8396,-39,243,-176,-14760,4408,2896,-970,39,-46,-14700,-2460,5764,-470,146,-162,0
1552.8037960529327,10836,4656,10624,-176,249,84,9832,-9816,8288,-11,167,-177,-14760,4396,3132,-1014,61,-14,-14716,-2320,5800,-477,115,-155,0
1552.83740401268,10756,4556,10692,-139,-19,124,9744,-9792,8080,-71,102,-169,-14644,4604,3016,-978,50,-17,-14768,-2516,5784,-458,85,-162,0
1552.8711581230164,10828,4852,10760,-118,-40,83,9868,-9812,7992,-131,114,-137,-14732,4420,3008,-959,25,-36,-14852,-2628,5764,-465,83,-169,0
1552.904461145401,10820,4464,10604,-132,12,71,9896,-9876,8192,-112,110,-151,-14768,4524,2904,-938,45,-55,-14872,-2536,5684,-503,99,-163,0
1552.93816113472,10904,4452,10760,-77,-79,58,9872,-9796,8404,-78,213,-172,-14816,4560,2940,-951,-9,-38,-15068,-2504,6092,-526,104,-224,0
1552.9717290401459,10780,4504,10656,-69,-56,19,9816,-9900,8044,-28,227,-202,-14848,4480,3012,-971,22,-52,-14740,-2360,5776,-486,172,-153,0
1553.0053350925446,10836,4456,10796,-144,-60,57,9720,-9896,7932,-1,178,-193,-14560,4836,2812,-970,86,-52,-14632,-2336,5688,-499,179,-129,0
1553.0390739440918,10844,4360,10692,-126,-74,93,9804,-10004,8104,-62,145,-187,-14768,4644,2860,-1015,69,-64,-14876,-2284,5880,-550,114,-126,0
1553.0726130008698,10904,4440,10804,-99,-59,142,9960,-9956,7776,-34,140,-157,-14776,4856,3308,-1033,72,-92,-14856,-2560,5876,-533,118,-127,0
1553.1064140796661,10872,4504,10992,-111,-98,196,9752,-9772,8104,-30,100,-126,-14708,4524,3000,-1051,115,-69,-14860,-2408,5728,-543,136,-93,0
1553.1395931243896,10920,4548,10656,-125,-68,221,9844,-9816,7964,-56,26,-124,-14712,4568,2984,-1008,183,-36,-14860,-2484,5768,-507,81,-53,0
1553.177649974823,10832,4444,10708,-134,-28,250,9820,-9796,8036,-84,84,-95,-14692,4484,2836,-1039,102,46,-14820,-2464,5824,-509,39,-82,0
1553.213005065918,10904,4568,10640,-193,23,191,9876,-9856,8012,-101,125,-40,-14784,4548,3012,-994,77,252,-14604,-2308,5692,-501,39,-102,0
1553.2481861114502,10880,4572,10676,-206,-35,197,9876,-9784,8008,-213,161,-76,-14636,4500,2948,-933,91,35,-14736,-2780,5736,-475,45,-61,0
1553.2843101024628,10888,4424,10720,-208,-53,161,9768,-9816,8172,-136,126,-125,-14840,4532,2824,-984,148,-51,-14736,-2344,5792,-503,103,-67,0
1553.319904088974,10908,4444,10940,-159,-30,170,9776,-9936,8112,-57,120,-174,-14788,4640,2768,-1025,120,-47,-14792,-2364,5684,-536,127,-106,0
1553.3550610542295,10940,4380,10604,-132,-48,169,9764,-9936,8080,-20,73,-138,-14784,4352,2996,-1051,153,-32,-14788,-2564,5752,-528,190,-85,0
1553.3910551071167,10720,4376,10608,-142,-74,128,9796,-9916,7952,-11,113,-194,-14764,4608,3012,-1035,118,-131,-14744,-2580,5948,-517,194,-94,0
1553.4271819591522,10796,4416,10560,-160,-133,114,9796,-10064,8120,-34,194,-201,-14696,4640,2980,-970,56,-94,-14788,-2528,5964,-506,177,-138,0
1553.462422132492,10896,4364,10760,-159,-187,72,9864,-10000,8220,-79,207,-225,-14772,4676,3144,-905,25,-138,-14700,-2464,5868,-261,133,-162,0
1553.4981780052183,10964,4372,10632,-120,-166,53,9872,-9852,7968,-149,248,-207,-14692,4772,3036,-885,16,-60,-14872,-2484,5844,-469,89,-182,0
1553.5336859226227,10836,4376,10664,-225,-59,36,9868,-9828,7912,-142,305,-133,-14684,4384,3000,-850,-8,-26,-14804,-2436,5656,-458,60,-176,0
1553.56928896904,10996,4316,10672,-284,-49,64,9740,-9972,8168,-116,210,-150,-14716,4564,2964,-958,48,-54,-14784,-2344,5728,-511,111,-117,0
1553.6045200824738,10828,4264,10708,-271,-101,127,9860,-10020,8156,-6,115,-175,-14708,4732,2832,-1087,118,-55,-14708,-2556,5776,-566,177,-65,0
1553.6397840976715,10816,4132,10732,-166,-179,203,9748,-9904,7984,54,78,-136,-14644,4632,3096,-1125,201,-108,-14740,-2592,5752,-596,193,11,0
1553.6755290031433,10832,4536,10948,-159,-138,252,9564,-9796,8164,54,56,-102,-14600,4556,2884,-1131,220,250,-14796,-2760,5832,-593,114,-7,0
1553.7114551067352,10752,4524,10716,-228,-75,289,9808,-9852,8260,26,22,-93,-14668,4480,3012,-1070,244,-36,-14696,-2808,5960,-568,108,28,0
1553.7475321292875,10776,4680,10856,-145,-106,363,9604,-9856,8208,-58,-37,-124,-14356,4536,3204,-1007,373,-46,-14732,-2660,5920,-551,144,130,0
1553.7824800014496,10836,4504,10588,-227,-281,398,9980,-9768,8084,-201,-106,-173,-14672,4652,3112,-996,384,240,-14828,-2484,5824,-506,132,154,0
1553.8186039924622,10844,4432,10584,-254,-276,434,9884,-10020,8044,-218,-111,-167,-14772,4600,2968,-965,371,44,-14888,-2464,5928,-455,61,173,0
1553.852107048035,10900,4312,10680,-168,-175,345,10020,-9904,8036,-171,-78,-191,-15060,4488,2984,-889,315,-42,-14744,-2324,5872,-455,119,89,0
1553.8854341506958,10828,4248,10684,-213,-190,331,9732,-10072,7972,-90,-17,-212,-14760,4364,2832,-932,288,-49,-14704,-2372,5696,-487,207,82,0
1553.91930103302,11184,4216,10964,-205,-197,304,9916,-10028,7872,-159,-61,-261,-14856,4696,2956,-945,260,-120,-14964,-2056,5860,-577,204,31,0
1553.9529049396515,11076,4324,10708,-114,-235,247,10060,-10172,7896,-113,-40,-235,-14904,4612,2648,-996,150,-130,-14936,-2152,5852,-632,179,-102,0
1553.9866061210632,11068,4336,10500,-51,-180,139,9876,-10044,7820,-100,52,-207,-14788,4760,2680,-1020,43,-97,-14916,-2164,5792,-621,156,-165,0
1554.020096063614,11076,4104,10692,-95,-97,97,9996,-9928,7852,-23,114,-166,-14604,4832,2708,-1268,18,-50,-14948,-2328,5832,-589,133,-190,0
1554.0536930561066,10952,4296,10720,-205,-74,83,9924,-9976,7880,-28,154,-117,-14780,4560,2852,-978,62,-20,-14852,-2548,5840,-481,69,-178,0
1554.087413072586,10964,4236,10552,-238,48,53,9832,-10008,7932,-35,217,-115,-14780,4684,3120,-1018,36,-43,-14656,-2476,5852,-427,48,-171,0
1554.121225118637,10868,4416,10676,-264,5,82,9740,-9904,8080,-29,234,-107,-14632,4596,3048,-1007,61,-21,-14684,-2488,5876,-409,100,-152,0
1554.1547520160675,10872,4432,10740,-255,15,125,9580,-9924,8168,-51,146,-132,-14556,4652,3000,-1052,159,-45,-14616,-2396,5808,-447,143,-19,0
1554.1882920265198,10816,4600,10936,-290,-46,147,9528,-9980,7980,-21,141,-148,-14672,4720,3044,-1036,210,-52,-14680,-2404,5868,-479,233,-248,0
1554.221794128418,10884,4508,10880,-210,-99,315,9484,-9852,8196,-74,30,-122,-14364,4608,2936,-1268,504,-51,-14700,-2368,5632,-410,209,76,0
1554.255511045456,10816,4460,10684,-200,-134,358,9624,-9904,8084,-80,-27,-182,-14764,4584,2956,-1061,365,-90,-14788,-2372,5672,-462,215,82,0
1554.289097070694,10876,4368,10580,-80,-138,378,9820,-9936,7948,-37,-77,-215,-14724,4796,2840,-1041,345,-158,-14620,-2368,5672,-542,201,16,0
1554.3226280212402,11096,4260,10420,50,-137,294,10096,-9908,7868,-38,-56,-230,-14856,4568,2864,-1017,285,-143,-15096,-2336,5676,-574,198,-16,0
1554.3558139801025,11148,4124,10612,-13,-87,167,10052,-9764,7792,-16,17,-213,-14908,4620,2692,-1052,120,-79,-14944,-2188,5696,-493,221,-95,0
1554.389158964157,11116,3864,10728,-170,-80,89,10100,-9952,7748,-46,130,-198,-15032,4860,2708,-978,47,-32,-14896,-2144,5776,-404,140,-147,0
1554.4227731227875,11140,4108,10604,-278,-58,72,10036,-10096,7888,-143,229,-161,-14620,4712,2660,-901,73,-20,-15012,-2136,5808,-385,75,-139,0
1554.4565489292145,11040,4116,10716,-228,16,80,9968,-10136,7944,-110,165,-136,-14768,4764,2540,-962,73,253,-14948,-1976,5888,-454,51,-106,0
1554.4900379180908,11104,4084,10728,-146,75,125,9896,-10124,7864,-81,30,-109,-14796,4708,2804,-1042,124,-31,-14800,-2264,5760,-544,78,-134,0
1554.523421049118,11052,4116,10628,-59,67,127,9912,-10048,7732,-48,-45,-125,-14692,4548,2804,-1076,40,255,-14820,-2316,5784,-535,52,-190,0
1554.5571539402008,10868,4208,10680,-65,75,49,9536,-9924,7924,-30,12,-116,-14752,4836,2824,-1002,255,-2,-14740,-2464,5972,-500,44,-221,0
1554.590703010559,10828,4112,10788,-145,80,253,9924,-9968,7944,-6,207,-171,-14608,4352,2848,-989,19,-88,-14716,-2336,5952,-484,151,-213,0
1554.623919963837,10760,4420,10808,-161,-4,3,9740,-10040,8052,-12,226,-180,-14652,4676,2940,-991,9,-171,-14776,-2384,5948,-464,229,-205,0
1554.657380104065,10780,4444,10604,-115,-65,29,9712,-9900,8088,-23,170,-226,-14720,4540,2940,-1002,52,-154,-14756,-2428,5776,-485,208,-167,0
1554.6910729408264,10868,4488,10672,-39,-124,49,9532,-9980,8132,-35,151,-231,-14676,4580,2836,-1007,103,-102,-14696,-2412,5700,-491,246,-136,0
1554.7242710590365,10792,4392,10524,-77,-109,88,9760,-10028,7916,-55,111,-283,-14624,4376,2960,-1007,172,-107,-14728,-2360,5844,-443,245,-76,0
1554.7579281330109,10832,4432,10500,-126,-195,112,9852,-9924,7928,-82,62,-320,-14716,4856,2780,-1022,164,-171,-15048,-2360,6072,-416,279,-89,0
1554.7914979457855,10988,4500,10672,-108,-171,119,9912,-10048,7888,-62,58,-277,-14800,4768,2832,-1017,166,-151,-14920,-2228,5820,-483,134,-83,0
1554.8248159885409,11088,4204,10632,-63,-86,128,10220,-10004,7848,-25,26,-173,-14780,4632,3024,-983,156,-97,-14896,-2344,5896,-492,98,-106,0
1554.8620820045471,11048,4396,10780,-84,-32,117,10224,-9956,7844,-32,100,-172,-14828,4584,3012,-1000,82,-62,-14836,-2260,5656,-495,137,-101,0
1554.8980519771576,11012,4304,10740,-127,-15,107,10064,-9820,7848,-29,117,-216,-14760,4560,2660,-1034,98,-117,-14780,-2272,5704,-257,208,-155,0
1554.9326860904694,10952,4232,10788,-144,-84,90,10004,-10192,7836,0,175,-258,-14688,4532,2908,-995,98,-144,-14820,-2252,5764,-483,200,-140,0
1554.9679601192474,11008,4588,10620,-99,-163,85,9940,-9948,7928,-101,120,-289,-14740,4656,3000,-980,135,-104,-14636,-2448,5928,-437,163,-98,0
1555.0036511421204,11060,4348,10644,-84,-70,89,9832,-9764,7968,-103,80,-234,-14812,4768,2876,-965,141,-74,-14896,-2276,5880,-470,124,-98,0
1555.0397229194639,11256,4244,10808,-138,-254,58,10224,-10076,8180,-59,103,-204,-14828,4672,2872,-1011,52,-98,-14724,-2268,5852,-542,113,-165,0
1555.0750539302826,10800,4244,10700,-66,-40,61,9992,-10236,7840,-58,82,-152,-14784,4496,2712,-991,-21,-20,-14948,-2376,5880,-571,67,-208,0
1555.1105270385742,10988,4548,10668,-18,9,61,10096,-10056,7792,-19,151,-158,-14672,4600,2640,-1041,42,-81,-14668,-2388,5892,-531,80,-180,0
1555.1460371017456,10892,4552,10776,-101,69,50,9848,-10060,7924,-20,74,-162,-14688,4572,2884,-1039,61,-133,-14692,-2488,5636,-515,182,-206,0
1555.182533979416,10868,4356,10780,-101,-43,45,9864,-9976,7936,-38,150,-229,-14676,4776,2664,-998,50,-98,-14756,-2428,5776,-499,168,-206,0
1555.2181961536407,10936,4324,10756,-124,-75,88,9872,-10028,7896,-56,189,-226,-14708,4824,2836,-959,85,-97,-14816,-2524,5860,-418,117,-113,0
1555.2532241344452,10964,4576,10704,-155,-103,79,9816,-10004,8052,-63,224,-245,-14712,4664,2788,-964,92,-131,-14748,-2372,5752,-414,189,-102,0
1555.2896530628204,10956,4436,10680,-239,-176,70,10196,-10064,7700,254,204,-249,-14724,4456,3032,-939,102,-119,-15068,-2332,5884,-452,225,-93,0
1555.3246459960938,10812,4424,10804,-237,-250,113,9808,-10088,8048,-76,116,-217,-14764,4624,3048,-973,127,-131,-15084,-2456,5832,-491,198,-66,0
1555.3596501350403,10852,4352,10676,-168,-230,181,9912,-9792,7996,-102,249,-230,-14596,4684,3228,-1044,176,-126,-14856,-2332,5724,-573,176,-16,0
1555.3957509994507,10960,4312,10704,-148,-510,197,9968,-9760,7812,-61,47,-222,-14880,4568,2844,-770,123,-136,-15076,-2252,5836,-602,215,-70,0
1555.4317409992218,11064,4300,10672,-103,-232,191,9804,-9940,7844,-64,134,-178,-14772,4508,2624,-977,116,-82,-14712,-2372,5736,-542,182,-83,0
1555.4677939414978,10940,4264,10564,-144,-171,151,10052,-10028,7780,-17,207,-209,-14780,4364,2756,-948,164,-104,-14836,-2312,5768,-487,166,-48,0
1555.503557920456,11092,4196,10632,-198,-205,144,10080,-9888,7912,-114,151,-217,-14844,4648,2844,-900,120,-65,-14940,-2180,5712,-466,122,-59,0
1555.5372920036316,11112,4404,10608,-191,-181,145,9756,-9972,8140,-103,132,-169,-14748,4560,3064,-918,141,-56,-14984,-2280,5828,-478,88,-42,0
1555.5707499980929,11156,4268,10532,-216,-147,148,10012,-9944,7916,-27,130,-182,-14764,4732,3008,-978,113,-65,-14836,-2276,6108,-475,160,-123,0
1555.6041650772095,11020,4356,10704,-193,-128,103,9892,-9772,7896,15,178,-208,-14744,4632,3072,-1044,52,-150,-14776,-2444,6120,-476,221,-147,0
1555.6374690532684,10792,4328,10636,-221,-153,74,9804,-10088,7692,42,162,-242,-14756,4660,3032,-982,51,-141,-15052,-2308,5644,-257,232,-126,0
1555.6712710857391,10960,4200,10720,-211,-196,62,9852,-10088,7964,22,150,-233,-15032,4616,3032,-990,20,-104,-15044,-2332,6012,-464,174,-193,0
1555.7045600414276,10952,4336,10616,-161,-195,68,9788,-9952,7892,-35,150,-231,-14724,4612,3004,-989,79,-79,-14788,-2400,5876,-472,159,-147,0
1555.7384259700775,10912,4436,10712,-192,-185,123,9720,-9996,7968,-39,165,-206,-14652,4620,2752,-963,134,-127,-14748,-2460,5756,-473,219,-77,0
1555.7719550132751,11032,4312,10700,-208,-237,174,9912,-9904,7848,-68,178,-240,-14672,4616,2744,-997,161,-172,-14780,-2336,5660,-481,245,-48,0
1555.8054001331327,11088,4120,10444,-153,-288,177,10060,-9948,8000,-51,127,-262,-14784,4608,2668,-1040,209,-156,-14968,-2284,5696,-489,224,-60,0
1555.839026927948,11196,4288,10384,-124,-106,175,10076,-9856,7868,-32,83,-176,-14888,4584,2812,-1032,144,-33,-14904,-2328,5812,-463,96,-110,0
1555.8771040439606,11168,4360,10360,-162,33,163,9740,-9924,7964,-64,107,-125,-14836,4472,2832,-970,150,-17,-14796,-2228,5752,-476,59,-50,0
1555.910408973694,11124,4244,10764,-187,17,156,9980,-9964,7912,-42,138,-148,-14604,4564,2620,-1035,107,-69,-14608,-2408,5728,-489,151,-109,0
1555.9439280033112,11060,4216,10580,-112,-56,131,9728,-10040,7840,-49,117,-166,-14780,4572,2928,-1276,91,-40,-14892,-2316,5800,-484,125,-111,0
1555.9776401519775,11076,4252,10532,-140,23,98,10088,-10236,8164,-23,140,-144,-14784,4684,2776,-1003,109,-35,-14728,-2424,5780,-448,130,-115,0
1556.0111689567566,10976,4284,10916,-511,12,85,9888,-10076,8000,-17,144,-141,-14676,4412,3060,-1001,83,-12,-15024,-2116,5724,-447,111,-123,0
1556.0447371006012,11212,4244,10624,-201,-15,92,9876,-10164,7892,-74,152,-130,-14724,4712,2744,-1005,62,-49,-14808,-2280,5796,-483,94,-88,0
1556.0785269737244,10976,4264,10532,-185,28,133,9808,-10036,7964,6,98,-114,-14656,4656,2664,-1060,144,-69,-14732,-2340,5668,-492,165,-76,0
1556.1119270324707,10944,4284,10940,-186,-15,190,9840,-9924,7960,-52,108,-151,-14672,4780,2880,-1038,194,-80,-14676,-2292,5944,-507,246,-20,0
1556.1453220844269,10912,4244,10556,-146,-124,1,9776,-9772,7992,-78,19,-224,-14652,4476,2908,-773,321,-112,-14744,-2396,5780,-457,214,40,0
1556.1789391040802,11012,4292,10868,-88,-185,248,9936,-10032,7880,-123,13,-220,-15028,4360,2888,-981,255,-146,-14984,-2204,5768,-490,159,-50,0
1556.2122490406036,11136,4320,10336,-4,-155,164,10076,-9996,7848,-52,39,-216,-14936,4564,2828,-990,150,-105,-14968,-2240,5844,-508,132,-99,0
1556.2457721233368,11028,4172,10240,-48,59,117,10116,-9884,7828,-37,121,-136,-14884,4580,2832,-999,50,-65,-14984,-2192,5608,-488,89,-94,0
1556.2793350219729,11176,4224,10628,-180,38,84,10048,-9740,7884,249,129,-93,-14896,4596,2656,-1043,63,4,-14928,-2268,5692,-486,93,-132,0
1556.312782049179,11132,4124,10592,-193,61,71,10120,-9784,7808,-54,156,-102,-14952,4508,2820,-771,60,-242,-14912,-2272,5744,-404,64,-211,0
1556.346223115921,11160,4236,10588,-123,41,44,9904,-9980,8080,255,135,-111,-14772,4624,3068,-1015,36,-243,-14636,-2372,5656,-444,250,-161,0
1556.379830121994,11248,4264,10620,-233,135,61,9780,-9744,7792,-94,144,-67,-14632,4668,2816,-999,114,39,-14748,-2352,5952,-415,5,-137,0
1556.4128811359406,10804,4288,10512,-184,181,112,9856,-10180,8116,-25,93,-111,-14660,4764,2728,-1008,134,246,-14664,-2276,5880,-533,91,-80,0
1556.4468100070953,10856,4336,10732,-83,253,162,9872,-10088,7836,-95,9,-179,-14760,4564,2920,-1064,149,-95,-14740,-2440,5856,-559,181,-125,0
1556.4804079532623,10816,4280,10864,61,-200,117,9916,-10020,7912,-58,57,-297,-14676,4604,3056,-1079,132,-168,-15092,-2280,6076,-533,262,-136,0
1556.5173389911652,11052,4340,10648,-21,-127,49,10028,-10076,7912,-73,139,-254,-14844,4376,2740,-942,77,-152,-14892,-2308,6064,-497,181,-138,0
1556.5527999401093,11036,4256,10748,-152,-8,62,10232,-10000,7984,-41,194,-220,-15084,4676,2604,-1005,47,-75,-14836,-2312,5712,-501,185,-158,0
1556.5880539417267,11104,4312,10632,-124,-113,106,10220,-10228,7824,-56,157,-179,-14700,4576,2668,-1024,71,-109,-15100,-2260,5840,-511,155,-123,0
1556.6235790252686,11020,4276,10656,-110,-50,111,9980,-10192,7788,-46,88,-155,-14896,4580,2908,-992,111,-56,-14888,-2320,5792,-441,99,-144,0
1556.6592669487,10760,4308,10736,-203,60,87,9960,-9928,7900,-10,129,-150,-14692,4584,2744,-1270,94,-12,-14768,-2324,5844,-455,108,-139,0
1556.6960229873655,11092,4288,10864,-171,-55,95,9844,-10072,7896,-24,106,-171,-14776,4768,2852,-1031,73,-25,-14824,-2348,6056,-503,124,-144,0
1556.73233294487,10916,4340,10724,-148,-60,102,9920,-10028,7696,13,63,-164,-14720,4828,2776,-1040,112,-59,-14888,-2264,5912,-504,161,-109,0
1556.7687609195707,10760,4348,10804,-131,-44,124,9848,-9776,8012,-22,133,-210,-14808,4520,2896,-1022,130,-115,-14800,-2336,6096,-528,202,-159,0
1556.803838968277,11000,4360,10600,-107,-139,101,9936,-10004,7804,-58,152,-237,-14652,4584,2744,-1018,91,-120,-14932,-2344,5876,-516,503,-145,0
1556.8393161296844,10776,4600,10632,-74,-172,114,9936,-10044,7720,-67,84,-265,-14736,4816,2728,-1000,97,-131,-15104,-2108,5924,-508,192,-130,0
1556.874398946762,10988,4444,10712,-72,-147,95,9984,-9892,7832,-118,95,-243,-14600,4356,2880,-998,97,-108,-14820,-2072,5700,-506,132,-145,0
1556.909336090088,11044,4328,10564,-81,-67,85,10008,-9956,7904,-98,134,-155,-15084,4584,2616,-982,39,-21,-15024,-2204,5732,-515,63,-175,0
1556.9445400238035,11056,4308,10612,-168,-32,111,10052,-9972,7760,-78,106,-137,-14768,4632,2608,-973,65,-46,-14920,-2316,5716,-516,93,-149,0
1556.9801399707794,11132,4320,10964,-166,-45,116,9976,-10060,7864,-94,115,-96,-14952,4652,2944,-997,18,37,-14948,-2196,5820,-511,34,-175,0
1557.0155100822449,10956,4284,10692,-151,-5,62,9840,-10028,8032,-40,149,-72,-14684,4644,2920,-1035,6,-37,-14760,-2372,5840,-563,87,-193,0
1557.050852060318,10988,4568,10592,-128,-245,105,9916,-10192,7880,-65,85,-146,-14696,4844,2744,-1015,33,-7,-14720,-2452,5856,-528,81,-159,0
1557.087121009827,10932,4396,10660,-74,7,100,9836,-10032,7744,-49,106,-137,-14592,4628,2800,-1011,98,-17,-14636,-2328,5896,-543,99,-142,0
1557.122486114502,10956,4456,10772,-143,19,119,9920,-9944,7780,-55,69,-177,-14700,4576,2988,-1064,128,-65,-14560,-2336,5884,-451,159,-116,0
1557.1595771312714,10880,4280,10792,-152,-89,126,9896,-10064,7856,-39,115,-163,-14756,4408,2812,-1042,62,-14,-14776,-2504,6004,-482,123,-138,0
1557.1931109428406,10964,4376,10756,-173,-41,103,10048,-10044,7852,-33,190,-138,-14676,4856,2816,-940,70,-249,-15020,-2300,6124,-445,68,-99,0
1557.2266309261322,10940,4416,10876,-239,-20,118,9888,-10104,7848,5,193,-168,-14776,4700,2876,-942,103,-100,-14680,-2424,5840,-483,153,-144,0
1557.2602500915527,10924,4296,10876,-227,-172,80,10004,-10132,7872,-9,183,-240,-14776,4716,2984,-936,73,-153,-14768,-2276,5940,-504,194,-89,0
1557.2937879562378,10928,4340,10612,-169,-225,105,9740,-10128,7836,-21,128,-251,-14772,4668,2840,-944,101,-186,-14676,-2280,5944,-258,233,-101,0
1557.3275179862976,10996,4128,10500,-160,-253,64,9984,-10056,7784,-75,198,-278,-14756,4592,2612,-961,59,-147,-14608,-2368,5756,-524,264,-92,0
1557.3609280586245,11220,4272,10568,-152,-229,69,9928,-10004,7704,-60,203,-239,-14848,4664,2808,-967,97,-125,-14892,-2204,5728,-501,205,-76,0
1557.3942079544067,11112,4348,10580,-159,-173,106,9988,-9960,7792,13,137,-217,-14840,4624,3064,-977,114,-135,-14848,-2312,5800,-486,147,-93,0
1557.4276781082153,11136,4352,10560,-249,-135,101,9984,-9892,7768,26,160,-156,-14776,4576,2840,-944,85,-124,-14884,-2344,5960,-466,154,-96,0
1557.4611461162567,10872,4380,10612,-277,-105,85,10004,-10020,7760,56,245,-160,-14756,4572,2924,-925,29,-71,-14808,-2556,5828,-405,141,-104,0
1557.4949021339417,10916,4280,10660,-340,-99,97,9844,-9988,7940,58,165,-163,-14512,4676,2848,-954,154,-26,-14740,-2352,5644,-412,144,-91,0
1557.528270959854,10840,4556,10928,-265,-148,109,9868,-10068,7956,0,175,-217,-14776,4696,2588,-957,125,-124,-14800,-2540,5776,-456,182,-82,0
1557.5616250038147,10908,4416,10656,-236,-159,169,9888,-10020,7976,16,110,-222,-14644,4856,3016,-983,179,-133,-14768,-2436,5852,-454,179,-36,0
1557.5952770709991,10884,4328,10592,-169,-203,187,9804,-10036,7996,-250,98,-229,-14656,4628,2712,-1035,196,-145,-14608,-2328,5840,-485,189,-27,0
1557.6287319660187,10928,4224,10504,-174,-192,213,9732,-9964,7916,9,164,-251,-15068,4560,2824,-1000,192,-104,-15044,-2180,5792,-466,191,-27,0
1557.6620659828186,11108,4316,10616,-203,-203,189,9760,-9964,7868,9,137,-212,-14884,4576,2628,-771,132,-102,-14788,-2272,5796,-490,174,-80,0
1557.6956551074982,11136,4272,10736,-176,-185,172,10160,-10036,7680,43,126,-183,-15044,4664,2812,-962,105,-151,-14980,-2368,5748,-484,128,-122,0
1557.7292051315308,11104,4548,10356,-204,-94,127,10104,-9976,7832,-7,149,-172,-14820,4564,2800,-969,92,-113,-14764,-2148,5804,-444,121,-103,0
1557.762676000595,11084,4228,10500,-210,-142,127,10120,-10032,7788,-39,118,-197,-14716,4600,2832,-935,169,-79,-14844,-2232,5900,-475,143,-55,0
1557.796219110489,11052,4208,10564,-239,-197,209,9980,-10028,8028,-69,55,-214,-14752,4620,2460,-1028,145,-45,-15068,-2264,5884,-489,148,-50,0
1557.8300070762634,10980,4292,10520,-202,-120,180,9944,-10220,7736,8,92,-192,-14772,4580,2740,-1031,105,-38,-14820,-2308,5684,-492,116,-157,0
1557.8633999824524,11220,4336,10532,-179,-51,141,10000,-9940,7844,-15,126,-156,-14728,4852,2664,-997,77,-70,-14812,-2336,6104,-464,99,-124,0
1557.8968839645386,10836,4244,10572,-189,-55,139,9864,-9992,8052,-44,162,-126,-14656,4824,2904,-966,108,-94,-14708,-2160,5852,-485,91,-91,0
1557.9302411079407,11000,4144,10596,-131,-48,155,9920,-9920,7808,-92,101,-177,-14680,4512,2720,-1039,115,-53,-14768,-2364,5792,-521,144,-126,0
1557.963788986206,11020,4268,10780,-122,-58,120,9904,-10192,8004,-70,106,-197,-14696,4672,2736,-1067,138,-78,-14732,-2340,5824,-499,195,-125,0
1557.9973430633545,11132,4228,10736,-142,-76,102,9996,-9924,7864,-49,142,-201,-14768,4576,2812,-1061,112,-109,-14880,-2344,5840,-462,192,-116,0
1558.0308759212494,11116,4324,10604,-169,-33,135,9856,-9996,7956,-76,78,-181,-14764,4608,2860,-1045,144,-76,-14952,-2428,5852,-498,177,-70,0
1558.0643920898438,11124,4232,10560,-157,-83,173,10224,-10240,7872,-76,88,-165,-14728,4664,2604,-1043,140,-90,-14824,-2228,5832,-510,173,-74,0
1558.0979189872742,11048,4188,10520,-133,-90,191,9852,-10020,7844,-82,74,-167,-14676,4660,2920,-1086,181,-48,-14768,-2276,5908,-468,152,-68,0
1558.1311819553375,10932,4252,10576,-120,-37,189,9728,-9900,7820,-37,93,-171,-14772,4676,2580,-1041,199,-72,-14600,-2368,5952,-458,108,-56,0
1558.1644101142883,11016,4292,10528,-145,13,148,10228,-9736,7848,-70,101,-138,-15060,4596,2968,-1003,128,-43,-14784,-2052,5868,-491,96,-108,0
1558.2011511325836,10992,4340,10596,-111,-254,156,10200,-10024,7820,-44,87,-141,-14600,4640,2768,-1049,154,-253,-15040,-2276,5756,-499,125,-91,0
1558.2371110916138,11140,4300,10560,-154,-17,130,10224,-10028,7732,-63,115,-188,-14724,4472,2812,-992,163,-62,-14816,-2284,5884,-443,153,-128,0
1558.2722980976105,11036,4216,10472,-126,-14,83,9912,-10012,7828,-104,156,-219,-14768,4656,2788,-958,97,-122,-14600,-2188,5668,-426,151,-152,0
1558.3081939220428,10784,4160,10692,-107,-31,76,9844,-10172,7804,-90,141,-209,-14744,4764,2808,-978,112,-76,-14784,-2196,5944,-483,182,-125,0
1558.3436441421509,11092,4120,10516,-115,-45,111,10000,-10048,7696,-97,62,-216,-14776,4648,2588,-1015,126,-105,-14852,-2200,6028,-486,204,-121,0
1558.3788199424744,11128,4256,10628,-48,-116,118,10040,-10132,7788,-61,85,-216,-14636,4700,2808,-1039,133,-147,-15076,-2232,5824,-768,159,-153,0
1558.4138970375059,11056,4260,10592,-24,-7,85,10048,-9980,7716,-15,40,-216,-14764,4564,2744,-1061,111,-93,-14784,-2276,5768,-522,136,-165,0
1558.4496140480042,11040,4208,10596,-144,33,61,10132,-9944,7660,-20,120,-225,-14748,4548,2764,-1050,50,-82,-14792,-2220,5780,-484,215,-183,0
1558.4848201274872,11100,4264,10652,-159,-78,35,9752,-10028,7696,-70,208,-171,-14696,4684,2800,-1027,29,-117,-14788,-2356,6076,-260,132,-203,0
1558.520586013794,10980,4308,10556,-107,-17,75,10024,-9948,7916,-58,135,-166,-14644,4596,2744,-981,80,-50,-14816,-2324,5880,-501,80,-166,0
1558.5560579299927,11052,4324,10512,-85,-6,88,10016,-9772,7816,-57,116,-209,-14680,4684,2572,-966,84,-107,-14752,-2300,5684,-511,166,-165,0
1558.591964006424,10848,4344,10752,-123,-73,72,10000,-9912,7860,-38,141,-199,-14716,4740,3064,-1026,93,-95,-14752,-2324,5888,-453,172,-154,0
1558.6277990341189,10976,4392,10756,-183,-110,95,9948,-9972,7884,-34,120,-233,-14888,4664,2948,-1023,100,-106,-14800,-2512,6000,-431,181,-126,0
1558.6627240180967,10980,4448,10836,-125,-127,119,9884,-10052,7688,-29,85,-214,-14844,4588,2724,-1031,115,-109,-14640,-2504,5768,-516,178,-114,0
1558.6986010074615,11048,4328,10652,-101,-125,130,9956,-9824,7856,-70,45,-211,-14752,4856,3020,-772,141,-99,-14824,-2336,5752,-537,201,-97,0
1558.7336931228638,10964,4272,10700,-69,-147,139,10032,-9736,7800,-60,43,-220,-14832,4584,2564,-1048,126,-107,-14804,-2400,5812,-535,190,-113,0
1558.7692170143127,11000,4392,10620,-104,-103,141,10004,-10092,8100,-77,36,-199,-14656,4400,2676,-1280,100,-83,-14716,-2284,5900,-492,135,-130,0
1558.8045370578766,11028,4332,10580,-154,-84,98,9988,-10008,7780,-56,91,-201,-14836,4672,2720,-983,87,-84,-14864,-2248,5864,-493,147,-138,0
1558.8417439460754,11012,4240,10524,-130,-98,95,10080,-10004,7804,-108,140,-128,-14848,4676,2796,-995,45,9,-14880,-2220,5952,-478,47,-146,0
1558.8751780986786,11056,4232,10672,-163,20,101,9908,-10096,7788,-52,129,-83,-14772,4740,2712,-1032,17,28,-14600,-2204,5708,-535,51,-154,0
1558.9085469245913,11012,4320,10656,-208,-10,144,9992,-10028,7864,26,104,-91,-14612,4592,2740,-1111,80,-86,-14744,-2528,5728,-520,165,-86,0
1558.9420890808105,10876,4584,10580,-132,-147,164,9988,-10008,7800,-52,82,-182,-14712,4612,2896,-1055,132,-80,-14712,-2284,5832,-262,177,-109,0
1558.975723028183,10916,4412,10572,-121,-105,207,9840,-10036,7960,-45,61,-177,-14676,4732,2944,-1036,174,-50,-14780,-2396,5812,-500,143,-86,0
1559.009192943573,10776,4588,10316,-164,-40,196,10144,-9936,7884,-56,119,-149,-14760,4612,3068,-974,134,-76,-14880,-2456,5824,-503,77,-102,0
1559.04296708107,10928,4292,10788,-70,-70,172,10044,-10228,7856,-128,129,-131,-14676,4368,3060,-974,144,-110,-14808,-2376,5712,-509,121,-100,0
1559.0766100883484,10884,4252,10424,-111,-73,167,9988,-9860,7804,-109,70,-225,-14696,4668,2792,-1045,146,-122,-14608,-2348,6124,-458,157,-102,0
1559.1100940704346,11060,4232,10604,-169,-55,91,10148,-9968,7708,-100,135,-205,-14828,4712,2584,-963,58,-83,-14612,-2212,5736,-478,149,-131,0
1559.143415927887,11104,4240,10636,-186,-34,80,10116,-10076,7760,-79,177,-156,-14796,4724,2768,-1273,43,-253,-14944,-2132,5932,-503,83,-116,0
1559.1771440505981,11132,4244,10668,-177,-7,160,10036,-9808,7752,-55,127,-79,-14712,4640,2736,-995,111,32,-14692,-2268,5832,-522,29,-86,0
1559.2106080055237,11084,4284,10764,-162,22,165,9956,-10024,7840,-38,132,-94,-14772,4352,2744,-992,154,-58,-14844,-2220,5904,-495,119,-71,0
1559.244037151337,10988,4320,10604,-237,-55,131,9848,-9936,7756,24,111,-128,-14724,4656,3032,-1011,142,-100,-14772,-2432,5896,-476,160,-52,0
1559.2776560783386,10912,4100,10600,-263,-139,140,9940,-10044,7864,-46,152,-156,-14748,4716,2908,-961,111,-94,-14652,-2408,5972,-506,140,-86,0
1559.3113479614258,11208,4428,10552,-243,-143,142,9908,-10048,7896,-97,179,-167,-14596,4672,2864,-886,119,-34,-15004,-2072,5920,-483,139,-58,0
1559.34485912323,10924,4108,10568,-218,-201,136,9904,-10028,7800,-140,180,-187,-14648,4592,2828,-891,87,-48,-14764,-2244,5916,-486,163,-38,0
1559.3784470558169,11200,4196,10540,-218,-187,141,9956,-10004,7780,-106,99,-154,-14752,4728,2968,-956,149,-73,-14824,-2064,5880,-551,168,-32,0
1559.411849975586,11036,4208,10516,-198,-137,195,10088,-10056,7772,-32,89,-141,-14804,4856,2660,-981,189,-95,-15076,-2192,5908,-553,165,27,0
1559.4454510211945,11100,4244,10684,-177,-177,244,10040,-10068,7800,-31,74,-162,-14852,4624,2660,-1034,229,-130,-14912,-2268,5832,-553,183,15,0
1559.4793300628662,11152,4080,10652,-162,-247,216,10168,-10104,7808,254,73,-170,-15088,4628,2668,-1039,161,-107,-14900,-2532,5772,-561,119,-81,0
1559.5128901004791,11104,4072,10552,-168,-93,126,10180,-10032,7700,130,106,-118,-14828,4516,2608,-995,113,-23,-14840,-2560,5824,-459,104,-87,0
1559.5461139678955,11244,4212,10508,-269,249,109,9976,-10048,7852,69,154,-135,-14732,4672,3024,-938,114,-81,-14700,-2408,5780,-376,135,-59,0
1559.5800230503082,10952,4144,10720,-366,-141,95,9884,-10048,8016,50,317,-256,-14684,4824,2748,-921,133,-133,-14808,-2344,5960,-257,181,-117,0
1559.6137700080872,10936,4164,10604,-311,-162,53,9628,-9988,7692,253,261,-268,-14744,4740,2704,-822,41,-88,-14988,-2276,5900,-293,72,-136,0
1559.6469259262085,11104,4204,10600,-267,-67,40,9940,-10064,7912,-82,213,-205,-14736,4844,2640,-835,116,-64,-14812,-2092,5728,-409,153,-39,0
1559.6924741268158,11136,4032,10616,-287,-230,183,9940,-10296,7764,-8,60,-266,-14804,4792,2592,-1058,138,-226,-14784,-2172,5796,-579,357,-96,0
1559.7362430095673,11024,4092,10680,-73,-276,80,10076,-10020,7928,133,69,-276,-14760,4660,2680,-1100,28,-185,-15004,-2304,5664,-581,244,-162,0
1559.7743570804596,11128,4232,10540,-100,-97,50,10020,-9848,7816,57,161,-205,-14812,4372,2692,-988,48,-137,-14924,-2248,5668,-518,192,-130,0
1559.8080871105194,11144,4296,10380,-191,-118,109,10080,-9884,7860,26,191,-195,-14828,4600,2620,-1000,128,-114,-15104,-2260,5788,-755,174,-71,0
1559.8414959907532,11168,4276,10568,-193,-180,173,10004,-9880,7816,-46,163,-171,-14728,4460,2720,-975,153,-134,-14916,-2448,5668,-466,100,-57,0
1559.8775789737701,11104,4280,10596,-181,-110,175,10012,-9936,7804,-58,102,-189,-14768,4452,2840,-983,179,-53,-14784,-2380,5748,-452,102,-86,0
1559.913449048996,11084,4284,10488,-160,-69,109,10040,-9984,7888,-62,119,-214,-14660,4544,2824,-1007,131,-61,-14776,-2312,5844,-491,175,-121,0
1559.9493310451508,11028,4180,10692,-110,-48,83,9764,-10036,7780,-64,148,-202,-14768,4648,2724,-1052,63,-39,-14972,-2192,5988,-515,142,-142,0
1559.9844319820404,11184,4152,10640,-85,16,96,10024,-10052,7704,-75,157,-165,-14772,4776,2796,-1029,68,-52,-14832,-2204,5800,-526,113,-135,0
1560.0204191207886,11036,4156,10760,-129,254,94,9884,-10064,7916,9,155,-147,-14816,4724,2592,-1050,97,-90,-14780,-2188,5656,-501,165,-154,0
1560.0558681488035,11056,4152,10552,-144,-32,112,9836,-10072,7832,-41,170,-146,-14788,4748,2700,-982,120,-54,-14856,-2232,5892,-472,117,-114,0
1560.0912659168243,10776,4160,10788,-106,57,142,9940,-10076,7820,-44,116,-140,-14628,4596,2768,-1031,149,-89,-14608,-2300,5956,-466,177,-97,0
1560.1275861263275,11080,4204,10988,-96,-42,153,9948,-10236,7868,-12,68,-205,-14816,4692,2864,-1079,181,-104,-14888,-2368,5868,-259,209,-61,0
1560.162936925888,11000,4232,10504,-41,-46,153,9936,-9792,7800,-94,62,-231,-14756,4664,2720,-1056,178,-94,-14896,-2060,5684,-531,180,-118,0
1560.1992111206055,10960,4292,10992,-52,-22,130,9948,-9980,7636,-96,94,-235,-14864,4616,2820,-1013,164,-155,-15008,-2276,5772,-475,210,-110,0
1560.2349059581757,11104,4332,10724,-55,-78,90,10080,-10008,7732,-117,112,-228,-14848,4568,2784,-988,91,-75,-14884,-2352,5940,-485,158,-125,0
1560.2703931331635,11024,4132,10704,-106,-65,37,10136,-9968,7916,-69,166,-199,-14640,4432,2704,-988,35,-91,-14824,-2180,6052,-503,138,-199,0
1560.3054990768433,10996,4192,10692,-150,8,61,10032,-10064,7980,-32,141,-142,-14796,4740,2980,-997,47,-41,-15104,-2220,5852,-446,94,-167,0
1560.341737985611,11144,4176,10648,-127,45,59,10076,-10044,7904,-74,120,-135,-15060,4632,2516,-1003,100,-55,-14904,-2248,5780,-492,113,-139,0
1560.3776569366455,11112,4264,10700,-143,-8,114,10016,-10088,7928,-97,47,-192,-14752,4580,2740,-1074,112,-88,-14900,-2192,5796,-499,171,-129,0
1560.4127640724182,10796,4204,10556,-88,-67,113,10008,-10052,7516,-104,27,-203,-14784,4724,2764,-1063,39,-53,-14908,-2204,5776,-604,149,-153,0
1560.4477419853213,10952,4200,10656,-76,-15,154,9932,-9992,7620,-29,62,-110,-14804,4668,2560,-1069,98,-46,-14864,-2200,5696,-556,80,-130,0
1560.4835469722748,11064,4380,10536,-62,43,130,10064,-10004,7636,-78,93,-147,-14696,4612,2640,-1026,134,-77,-14868,-2140,5992,-537,119,-126,0
1560.5197660923004,11080,4192,10700,-33,-58,131,10060,-10028,7736,-100,73,-178,-14620,4840,2844,-998,159,-86,-14628,-2356,5748,-537,141,-82,0
1560.5533590316772,10960,4276,10572,-113,-57,187,9800,-10100,7708,-134,72,-161,-14776,4604,2924,-770,137,-26,-14644,-2340,5728,-267,113,-89,0
1560.5869901180267,11076,4200,10532,-126,-63,166,10112,-9992,7824,-124,110,-132,-14840,4644,2820,-1009,124,-15,-14600,-2268,5776,-506,102,-129,0
1560.620167016983,10988,4240,10596,-103,-256,137,9816,-9992,7832,-45,67,-167,-14676,4640,2636,-1077,126,-98,-14768,-2228,5832,-528,138,-126,0
1560.6534581184387,11004,4280,10832,-39,-65,138,10080,-10156,7428,-47,66,-204,-14816,4596,2852,-1112,108,-100,-14792,-2296,5780,-535,155,-139,0
1560.6872339248655,11064,4260,10724,-53,-57,79,10124,-9764,7884,-25,187,-165,-14796,4796,2796,-1049,85,-63,-14892,-2220,5896,-530,134,-183,0
1560.7205839157104,10948,4252,10772,-135,-251,90,9820,-10160,7776,-13,96,-164,-14700,4696,2664,-1026,82,-37,-14732,-2220,6056,-499,146,-152,0
1560.7539429664612,10920,4344,10848,-159,-39,111,10196,-10136,7680,-52,129,-166,-14776,4620,2812,-983,105,-89,-14760,-2292,5860,-489,166,-118,0
1560.787544965744,10976,4268,10716,-149,-114,125,9932,-10076,7932,-90,113,-171,-14844,4668,2716,-985,129,-108,-14820,-2348,5808,-486,122,-83,0
1560.8207459449768,11212,4296,10552,-137,-71,171,10020,-9956,7732,-111,54,-156,-14736,4632,2568,-996,158,-13,-14856,-2340,5820,-459,124,-85,0
1560.8543541431427,11080,4208,10704,-119,-94,189,10104,-10052,7496,-100,58,-143,-14636,4688,2892,-982,114,-254,-14936,-2288,5744,-763,100,-93,0
1560.890048980713,11116,4272,10496,-158,-93,131,10100,-10096,7656,-67,105,-129,-14812,4644,2616,-968,162,-54,-14652,-2272,5832,-506,85,-102,0
1560.923849105835,10988,4200,10308,-121,-72,148,10132,-10136,7828,54,40,-158,-14808,4552,2852,-1083,146,-152,-14788,-2268,5744,-500,205,-184,0
1560.9575300216675,11004,4232,10644,-58,-62,41,10092,-10240,7816,114,107,-238,-15092,4384,2860,-1097,32,-130,-14984,-2344,5904,-551,168,-234,0
1560.9912171363833,10976,4296,10772,-74,17,-31,10112,-10080,7820,-50,204,-232,-14608,4684,2812,-1274,-43,-57,-14828,-2224,6040,-476,144,-245,0
1561.0244591236115,10988,4104,10816,-135,-67,-12,9944,-10052,7664,-116,172,-232,-14620,4792,2748,-950,46,-56,-14816,-2140,5920,-472,158,-109,0
1561.0582299232483,11092,4268,10656,-187,-105,139,10096,-10076,7552,-135,116,-176,-14672,4832,2608,-982,107,-57,-14656,-2172,6136,-477,101,-66,0
1561.0917761325836,11108,4224,10556,-174,-83,158,10072,-9768,7768,-60,101,-128,-14788,4684,2624,-964,119,244,-14792,-2304,5856,-483,20,-117,0
1561.1252770423887,11068,4268,10544,-141,37,147,9928,-10016,7680,-17,105,-88,-14688,4580,2748,-1023,158,239,-14860,-2344,5712,-467,49,-95,0
1561.1584460735319,11196,4184,10716,-142,103,130,9936,-10168,7484,31,129,-189,-14648,4668,2648,-1044,139,-25,-14776,-2276,5744,-460,122,-115,0
1561.1918029785156,10928,4228,10624,-170,-32,74,9992,-10208,7780,35,170,-146,-14792,4744,2768,-988,91,-97,-14812,-2204,5960,-493,144,-149,0
1561.2250020503998,10816,4128,10548,-203,-152,25,10024,-10008,7824,45,185,-225,-14720,4740,2812,-1001,39,-183,-14764,-2364,5824,-498,508,-149,0
1561.2586460113525,10984,4560,10620,-217,-263,33,9908,-10036,8120,-3,200,-284,-14624,4748,2904,-1013,42,-160,-14812,-2388,5656,-514,269,-130,0
1561.29217004776,10836,4356,10732,-126,-281,43,9892,-10040,7844,-62,116,-232,-14608,4700,2680,-950,99,-114,-14728,-2240,5896,-550,232,-52,0
1561.325690984726,10972,4344,10556,-212,-191,150,9972,-10024,7580,-106,176,-170,-14672,4752,2784,-935,108,-69,-14900,-2488,5784,-483,147,-25,0
1561.35936999321,11012,4296,10700,-268,-160,176,9920,-9988,7816,-79,2,-101,-14736,4692,2656,-847,162,-38,-15104,-2368,6008,-433,66,-16,0
1561.3926811218262,11116,4244,10644,-242,-97,201,9956,-10032,7916,-72,165,-101,-14768,4708,2624,-868,178,242,-15060,-2524,6124,-440,49,14,0
1561.4259300231934,11112,4236,10708,-4,-110,177,10188,-10052,7596,-59,163,-135,-14940,4684,2572,-879,146,-30,-14876,-2256,5744,-443,70,-76,0
1561.459468126297,11148,4128,10572,-267,-123,106,10140,-10076,7836,7,192,-165,-14836,4692,2820,-918,107,-42,-15040,-2152,5744,-473,144,-116,0
1561.4929161071775,11152,4312,10680,-267,-137,106,10008,-10056,7664,36,146,-171,-14728,4716,2588,-1002,71,-96,-14900,-2264,5944,-504,170,-107,0
1561.5259830951693,11044,4180,10688,-287,-150,104,10032,-10128,7744,41,194,-171,-14688,4608,2632,-1065,82,-126,-14856,-2260,5880,-522,174,-99,0
1561.5632989406586,11016,4320,10668,-292,-118,101,9760,-10168,7844,60,154,-182,-14748,4696,2668,-1022,58,-63,-14656,-2540,5912,-500,112,-159,0
1561.5992369651794,11072,4284,10516,-234,-71,111,9948,-10112,7772,4,187,-118,-14684,4740,2740,-970,50,-28,-14808,-2352,5668,-485,19,-112,0
1561.6345031261444,10784,4328,10548,-250,-42,157,9876,-10068,7772,-28,216,-104,-14668,4680,2660,-881,117,-45,-14736,-2200,5932,-479,74,-42,0
1561.6707179546356,11124,4200,10568,-275,-130,179,10144,-10100,7512,-76,75,-186,-14756,4684,2804,-1006,203,-36,-14752,-2160,5776,-469,119,-54,0
1561.7059259414673,11116,4164,10652,-216,-162,172,10052,-10028,7764,-17,102,-169,-14788,4708,2744,-1004,91,-74,-14828,-2160,5824,-524,131,-110,0
1561.741907119751,11140,4144,10608,-237,-132,120,10060,-10088,7696,27,172,-177,-14788,4692,2852,-1012,46,-96,-14820,-2192,5996,-463,106,-127,0
1561.7774851322174,11068,4164,10692,-15,-116,97,9908,-10072,7748,-50,189,-148,-14764,4672,2728,-919,90,-78,-14756,-2196,5824,-468,175,-135,0
1561.8131129741669,10932,4200,10664,-230,-170,124,9888,-10196,7804,-4,91,-213,-14688,4720,2728,-1015,160,-148,-14764,-2184,5864,-522,200,-76,0
1561.848284959793,11260,4108,10612,-217,-192,190,9948,-10028,7752,-48,88,-234,-14636,4732,2680,-993,177,-101,-14704,-2192,5888,-491,209,-51,0
1561.8837609291077,11068,4128,10636,-203,-255,184,9984,-10040,7816,-33,56,-226,-14600,4824,2580,-999,234,-140,-14772,-2248,5972,-540,248,-8,0
1561.9192941188812,11080,4132,10704,-209,-221,224,9992,-10088,7780,-57,28,-509,-14672,4784,2668,-1049,261,-101,-15044,-2164,5840,-554,225,-27,0
1561.9544999599457,11172,4140,10580,-107,-233,223,9744,-10080,7844,-64,37,-204,-14896,4600,2700,-987,223,-124,-14888,-2272,5860,-565,202,-38,0
1561.9907610416412,11476,4228,10612,-156,-160,198,10140,-10084,7932,-28,117,-206,-14808,4692,2652,-963,173,-63,-14768,-2212,5820,-544,214,-78,0
1562.0272891521454,11500,4300,10644,-196,-225,186,10016,-10188,7648,-62,110,-205,-14792,4724,2852,-931,145,-86,-14844,-2160,5820,-479,135,-61,0
1562.0624420642853,11104,4140,10524,-182,-145,167,10156,-10048,7884,-80,26,-168,-14696,4844,2620,-901,170,-74,-14596,-2212,5652,-454,107,-65,0
1562.0976359844208,11200,3928,10672,-245,-99,136,10200,-10120,7760,-47,116,-200,-14832,4684,2708,-932,151,-75,-14804,-2136,5852,-470,184,-62,0
1562.1329820156097,11136,4068,10524,-218,-192,182,9920,-10168,7616,-45,107,-272,-14604,4656,2668,-1279,196,-129,-14880,-2184,5988,-481,511,-59,0
1562.1688380241394,10952,4020,10596,-141,-200,139,9952,-10044,7668,15,94,-269,-14720,4716,2708,-1024,146,-156,-14608,-2176,5980,-369,276,-104,0
1562.205596923828,11108,4032,10476,-78,-92,158,10204,-10060,7536,112,197,-245,-14792,4856,2668,-999,-92,-177,-14784,-2188,5600,-446,602,-113,0
1562.2390921115875,11152,3864,10572,-1,-38,127,10052,-10076,7836,105,293,-228,-14788,4632,2752,-977,-8,-94,-14896,-2144,5836,-565,382,-139,0
1562.2726299762726,11180,4068,10308,-169,47,76,10136,-10084,7672,33,159,-179,-14696,4700,2692,-993,26,-113,-14888,-1796,5740,-351,490,-121,0
1562.306240081787,11244,4072,10560,-171,141,109,10232,-10008,7740,94,226,-146,-14832,4716,2484,-969,-47,-11,-14600,-2292,5748,-478,299,-190,0
1562.3397390842438,11304,4016,10652,-3,91,41,10092,-10048,7772,25,235,-101,-14808,4648,2780,-982,0,-1,-14860,-2276,5848,-467,32,-165,0
1562.373326063156,11048,4220,10772,-91,144,31,9916,-10200,7672,-17,167,-99,-14732,4360,2876,-995,39,-78,-14788,-2220,5728,-490,177,-178,0
1562.4068341255188,11068,4104,10712,-107,43,49,10000,-10104,7852,-78,169,-170,-14660,4624,2712,-1061,59,-86,-14820,-2268,5948,-555,11,-171,0
1562.4402420520785,11116,4160,10668,-7,-25,61,9740,-9996,7792,-63,115,-204,-14728,4696,2768,-1156,185,-21,-14848,-2176,5804,-472,-46,-132,0
1562.4736649990082,11156,4068,10720,-91,-30,73,9764,-10172,7572,-114,127,-180,-14700,4616,2724,-1090,172,-18,-14876,-2244,5876,-504,-70,-128,0
1562.5073521137238,11108,4156,10580,-125,-85,133,9968,-10000,7780,-85,158,-131,-14740,4668,2704,-1051,157,-41,-14948,-2300,5660,-488,-44,-145,0
1562.5407841205597,11200,4184,10748,-150,-9,137,9900,-10040,7832,-93,115,-79,-14696,4712,2792,-1053,165,-38,-14912,-2200,5824,-472,-28,-107,0
1562.574124097824,11092,4196,10616,-139,17,186,9936,-10004,7728,-88,64,-64,-14720,4632,2804,-1081,177,9,-14876,-2204,5812,-537,-41,-44,0
1562.6076591014862,11124,4092,10548,-180,17,211,9980,-10096,7808,-75,60,-26,-14716,4672,2700,-1039,182,70,-14820,-2404,5884,-534,8,-30,0
1562.6410660743713,11052,4116,10756,-184,7,204,10048,-10128,7604,-35,85,-92,-14744,4692,2708,-999,165,-25,-14676,-2276,5968,-567,85,-82,0
1562.6744980812073,11036,4160,10628,-157,19,153,9776,-10188,7736,-101,101,-161,-14840,4840,2956,-927,201,-73,-14896,-2520,6004,-696,81,-128,0
1562.7079961299896,11208,4104,10652,-147,1,133,10044,-10148,7744,-107,108,-96,-14736,4736,2776,-866,146,238,-14852,-2196,5972,-578,65,-127,0
1562.7411489486694,11116,3864,10548,-149,-251,132,9988,-10056,7676,-115,129,-63,-14752,4692,2464,-938,99,52,-14768,-2152,5876,-555,31,-85,0
1562.77450299263,10780,4024,10688,-198,44,146,10024,-10176,7772,-31,157,-115,-14696,4772,2660,-1044,113,-66,-14640,-2084,5716,-577,131,-103,0
1562.8078129291534,10988,4032,10504,-183,-20,147,10068,-10112,7692,17,87,-147,-14856,4720,2660,-1055,120,-91,-14912,-2212,5840,-601,133,-109,0
1562.8413050174713,11128,4068,10508,-83,-256,97,9792,-10044,7564,-26,85,-130,-14848,4788,2636,-1001,85,-27,-14856,-2224,5976,-545,56,-153,0
1562.8748631477356,11056,3852,10976,-108,84,96,9884,-10180,7740,-20,122,-146,-14764,4804,2740,-945,107,-30,-14760,-2220,5884,-604,138,-94,0
1562.9082140922549,10932,3856,10996,-148,73,117,9808,-10092,7668,-34,100,-159,-14756,4740,2800,-933,132,-79,-14700,-2212,5868,-561,143,-115,0
1562.9417791366575,11012,4152,10696,-171,-39,122,9932,-10100,7872,-78,73,-143,-14632,4784,2772,-950,140,-40,-14868,-2284,5984,-559,130,-119,0
1562.9754390716553,10988,4344,10832,-181,28,77,10220,-10476,7904,-84,133,-194,-14856,4800,2796,-956,134,-72,-14680,-2164,5652,-577,149,-145,0
1563.0089581012726,11000,4088,10652,-108,-25,91,9976,-10268,7640,-61,120,-204,-14668,4780,2644,-1009,87,-79,-15068,-2196,5956,-569,179,-131,0
1563.0424420833588,11160,3848,10720,-42,-105,108,9972,-10212,7760,-75,130,-178,-14788,4684,2572,-1046,99,-100,-14692,-2132,5872,-484,182,-101,0
1563.0760581493378,11016,4104,10708,-134,-42,71,10008,-10212,7636,-30,139,-197,-14708,4712,2500,-1280,109,-99,-14772,-2232,5900,-465,171,-157,0
1563.1097919940948,11160,4060,10776,-135,-52,65,10164,-10224,7924,13,136,-219,-14712,4820,2584,-1018,68,-129,-14732,-2192,5836,-424,97,-215,0
1563.143051147461,11016,4108,10504,-68,26,9,10080,-10180,7680,-13,151,-206,-14788,4792,2580,-1016,-15,-114,-14864,-2260,5844,-404,87,-489,0
1563.1766600608826,11116,4228,10656,-97,56,-18,9988,-10032,7768,254,177,-152,-14780,4756,2544,-1011,-246,-11,-14840,-2204,5936,-396,87,-156,0
1563.2102200984955,10916,4172,10616,-185,55,48,9912,-10072,7648,-52,168,-170,-14628,4784,2580,-1056,58,-51,-14652,-2296,5908,-401,164,-128,0
1563.2474970817566,10984,4196,10720,-204,-52,114,9980,-10136,7708,-30,131,-180,-14692,4744,2592,-1073,96,-74,-14616,-2184,5848,-456,174,-116,0
1563.2833240032196,10984,3892,10628,-150,-65,165,9928,-10172,7880,-21,69,-128,-14660,4772,2720,-1090,129,-79,-14800,-2288,5968,-459,105,-108,0
1563.3188500404358,11032,4188,10796,-69,13,147,9924,-10112,7784,254,92,-131,-14676,4756,2820,-1086,81,-65,-14868,-2216,5932,-763,145,-149,0
1563.3543789386747,10996,4208,10572,-74,-26,158,10036,-10080,7772,-35,74,-150,-14620,4712,2656,-1055,97,-98,-14844,-2328,6128,-468,118,-112,0
1563.3897569179535,11216,4176,10584,-76,-100,126,9776,-10088,7484,-88,141,-196,-14672,4684,2792,-1280,52,-58,-14820,-2144,5896,-453,151,-136,0
1563.4250481128693,10988,4176,10740,-91,-56,109,9976,-10124,7732,-101,160,-159,-14724,4684,2732,-984,88,-61,-14820,-2212,5916,-555,54,-112,0
1563.460778951645,11060,4340,10616,-133,-43,129,10208,-10208,7856,-109,102,-83,-14748,4716,2776,-921,98,31,-14836,-2176,5688,-527,17,-114,0
1563.495551109314,11084,3988,10540,-216,-25,144,10020,-10200,7700,-53,185,-75,-14648,4848,2636,-980,71,-17,-14844,-2208,5972,-431,3,-137,0
1563.5314819812775,10964,4200,10632,-148,13,117,9804,-10204,7820,3,95,-126,-14492,4768,2716,-974,154,-256,-14724,-2216,5680,-384,33,-73,0
1563.5675690174103,11016,4136,10732,-185,69,146,9856,-10312,7820,-16,45,-130,-14688,4824,2716,-1028,209,-103,-14668,-2184,5672,-424,135,-72,0
1563.602283000946,10988,4132,10752,-162,-20,142,10004,-10196,7636,-9,81,-191,-14836,4756,3020,-1078,71,-41,-14756,-2208,6108,-475,174,-134,0
1563.6380019187927,10988,4164,10868,-128,-47,98,9944,-10160,7596,-21,200,-187,-14772,4772,2752,-1018,45,-108,-14596,-2288,6032,-464,166,-186,0
1563.6731431484225,11244,4028,10708,-160,-77,51,10224,-10000,7816,-19,194,-163,-14840,4780,2632,-995,32,-61,-14904,-2148,5792,-482,89,-184,0
1563.7089591026306,11068,4000,10704,-125,-19,67,10160,-10108,7528,-23,210,-128,-14748,4820,2756,-964,-16,-46,-14740,-2252,5844,-487,68,-177,0
1563.7442259788513,11224,4324,10680,-150,-30,61,9972,-10192,7928,53,231,-106,-14680,4688,2648,-987,-7,-76,-14880,-2196,5968,-491,99,-196,0
1563.7801439762115,11036,4128,10692,-187,50,62,9880,-10024,7488,72,200,-73,-14728,4728,2580,-935,32,-37,-14732,-2240,5732,-440,91,-157,0
1563.815264940262,10888,4172,10860,-197,15,84,9892,-10400,7720,34,155,-132,-14668,4764,2760,-1012,104,-94,-14820,-2212,5740,-457,152,-117,0
1563.8509089946747,10864,4084,10756,-173,-88,65,9812,-10132,7752,9,142,-211,-14676,4808,2688,-1032,52,-126,-14760,-2164,6140,-470,184,-119,0
1563.8871700763705,10860,4204,10700,-175,-103,123,9908,-10180,7820,-1,184,-205,-14776,4752,2840,-1005,48,-130,-14628,-2328,5916,-440,136,-137,0
1563.9206550121307,10900,4184,10744,-135,-62,83,9956,-10180,7744,254,160,-173,-14764,4864,3068,-976,67,-65,-14692,-2196,6020,-468,155,-148,0
1563.9541461467743,10892,4120,10788,-140,-78,49,9936,-10096,7816,31,225,-189,-14744,4724,2788,-1012,22,-150,-14800,-2240,5964,-469,184,-140,0
1563.9874069690704,10828,4184,10760,-182,-96,74,9832,-10132,7740,91,223,-155,-14740,4868,2640,-1010,39,-110,-14940,-2196,6044,-474,126,-144,0
1564.0209691524506,11004,4144,10832,-215,-83,31,9988,-10060,7784,57,269,-137,-14732,4716,2748,-952,-20,-65,-14840,-2188,6040,-414,106,-186,0
1564.0544829368591,10936,4104,10828,-242,-120,-6,9904,-10200,7936,111,282,-175,-14800,4660,2964,-994,-36,-115,-14908,-2084,6036,-439,149,-203,0
1564.0880479812622,10896,4172,10800,-226,-141,6,9848,-10196,7520,84,318,-180,-14728,4680,2784,-1012,-52,-119,-14736,-2324,6044,-485,125,-200,0
1564.1217069625854,10984,4136,10740,-195,-196,-21,9984,-10060,8012,94,414,-124,-14780,4716,2764,-997,-138,-117,-14740,-2328,5992,-385,94,-247,0
1564.154992103577,11052,4104,10768,-237,-36,-97,9800,-10068,7780,143,500,-95,-14644,4812,2808,-1008,-170,-105,-14696,-2212,5972,-326,61,-508,0
1564.1885781288147,10692,4148,10716,-315,70,-100,9528,-10164,7772,265,538,-115,-14504,4780,2804,-1128,-23,-163,-14652,-2300,5972,-320,193,-211,0
1564.2219769954681,10824,4232,10856,-401,-33,-85,9932,-10052,7732,238,696,-195,-14776,4668,3068,-1244,-17,-170,-14772,-2420,5964,-2,212,-223,0
1564.2553420066833,10988,4048,10652,-395,-14,-155,9896,-10152,7936,178,483,-1,-14728,4788,2832,-1053,-255,-141,-14820,-2212,6024,-296,192,-246,0
1564.2889800071716,10672,4108,10692,-371,15,-117,9700,-10128,7944,309,326,-333,-14652,5028,2752,-1185,36,-203,-14732,-2076,6032,-294,277,-189,0
1564.3224279880524,10840,4296,10728,-301,-26,-74,9600,-10052,8300,270,333,-328,-14684,4764,2840,-1047,118,-225,-14732,-2384,6068,-271,244,-123,0
1564.356017112732,10848,4324,10780,-282,-21,-13,9792,-9932,8132,182,255,-333,-14836,4512,2620,-1010,159,-222,-14592,-2348,5692,-263,310,-116,0
1564.3892891407013,10724,4132,10904,-243,-133,-69,9800,-9952,8028,146,243,-428,-14624,4700,2952,-773,158,-296,-14716,-2320,5944,-270,454,-113,0
1564.422975063324,10800,4280,10780,-327,-160,-26,9568,-9952,7968,182,0,-413,-14652,4800,2804,-1046,201,-264,-14940,-2220,6092,-344,341,-21,0
1564.4566309452057,11192,4252,10680,-275,-200,113,9496,-10068,7936,172,146,-308,-14768,4780,2792,-1006,307,-186,-14936,-2228,6036,-336,211,75,0
1564.4900970458984,10836,4208,10912,-274,-73,161,9748,-9896,8136,165,-25,-271,-14712,4692,2820,-1078,329,-182,-14760,-2320,6004,-235,250,77,0
1564.5237441062927,10816,4344,10556,-357,-44,223,9660,-9804,8128,121,-46,-232,-14644,4472,2980,-775,461,-159,-14680,-2464,5812,-136,278,174,0
1564.5573251247406,10708,4380,10600,-417,-71,270,9560,-9604,8116,-11,-115,-287,-14380,4536,2940,-952,545,-140,-14840,-2336,6100,-89,238,312,0
1564.5911269187927,10976,4304,10516,-401,-126,359,9724,-9768,8152,-87,-13,-211,-14688,4712,3012,-970,563,34,-15012,-2280,5924,-266,94,371,0
1564.62482213974,11080,4228,10708,-261,110,518,9880,-9848,8048,-174,-378,-99,-14744,4576,2568,-961,582,172,-15100,-2172,5864,-329,-35,389,0
1564.6581530570984,10968,3968,10896,-408,-22,497,10136,-10068,7840,-214,-222,-57,-14992,4632,2496,-966,516,114,-14876,-1992,5900,-259,-9,261,0
1564.6916289329529,11008,3768,10852,-503,56,340,10096,-10160,7432,-191,-64,-69,-14940,4768,2492,-937,303,115,-14800,-1772,5848,-222,40,127,0
1564.7252781391144,11028,3372,10992,-450,38,154,10100,-10224,7624,-116,141,-171,-14960,4788,2516,-888,133,17,-14876,-1744,5888,-236,107,250,0
1564.7590310573578,10800,3572,10636,-485,44,48,9912,-10272,7592,14,200,-189,-14828,4904,2484,-919,88,-16,-14628,-1620,5984,-221,209,-34,0
1564.792454957962,11232,3436,10888,-381,69,-4,10040,-10104,7848,120,222,-181,-14852,5028,2152,-1016,111,-81,-14812,-1664,6068,-303,179,-113,0
1564.8258299827576,10896,3668,10952,-216,130,18,9740,-9988,7808,82,17,-219,-14852,5000,2356,-1084,39,-91,-15084,-1744,5996,-392,68,-194,0
1564.8592691421509,10876,3796,10936,-152,280,24,9944,-10036,7940,153,201,11,-14740,4832,2520,-1072,-25,15,-14896,-2000,6072,-438,-19,-202,0
1564.8928570747375,10808,3980,10988,-137,355,246,9996,-10056,8000,192,193,36,-15064,4640,2764,-1114,-70,250,-14604,-2172,5892,-492,22,-284,0
1564.9299521446228,10784,4164,11124,-113,262,-83,9752,-9828,8132,131,298,-48,-14760,4528,2660,-1044,-110,-105,-14844,-2504,5856,-427,82,-332,0
1564.9655771255493,10636,4316,10840,-187,124,-153,9832,-9876,7964,71,350,-202,-14556,4512,2628,-964,-42,-159,-14376,-2296,6140,-301,204,-247,0
1565.0013411045074,10720,4200,10964,-276,4,-110,9788,-9808,7932,-19,281,-226,-14848,4760,2604,-945,86,-124,-14804,-2136,6028,-240,241,-170,0
1565.037605047226,10744,4152,10832,-255,-69,-65,9944,-9772,8064,-167,320,-195,-14444,4820,2964,-877,113,-124,-14760,-2024,6012,-243,160,-82,0
1565.0728130340576,10724,4156,10852,-284,-46,102,9536,-9820,8156,-153,125,-133,-14524,4812,2760,-1005,211,-48,-14636,-2012,6128,-303,162,33,0
1565.108670949936,10572,4044,10880,-208,-253,244,9564,-9732,7972,-167,40,-85,-14752,4796,2752,-1041,269,-6,-15104,-1980,5920,-422,97,61,0
1565.1434030532837,10836,3928,10944,-158,32,275,9884,-10076,8052,-153,17,-5,-14920,4824,2732,-1019,254,27,-15036,-1920,5904,-459,-21,5,0
1565.1793310642245,10828,4072,11216,-82,112,244,10072,-9916,7924,-189,52,-22,-14944,4716,2724,-1272,166,110,-15076,-1948,5856,-427,-54,-38,0
1565.2150220870972,10924,3932,10824,-176,192,171,10104,-10048,7876,-125,204,19,-14872,4788,2452,-1045,86,135,-14912,-1996,6048,-402,-50,-93,0
1565.2517130374908,10740,3804,11200,-264,191,102,9528,-10116,7824,-47,508,39,-14728,4832,2380,-1015,68,54,-14756,-1900,6128,-405,10,-102,0
1565.2877039909363,10820,3784,10788,-278,120,60,9772,-10212,7984,-81,365,-38,-14652,4908,2680,-1061,19,55,-14672,-1900,6192,-447,39,-152,0
1565.3229701519012,10648,3764,11260,-197,47,58,9536,-10316,7740,-51,510,-55,-14688,5148,2540,-1041,4,-246,-14752,-1736,6208,-489,47,-169,0
1565.3589060306547,10716,3796,11052,-157,101,62,9764,-10172,7856,-83,130,-70,-14860,4916,2528,-947,16,10,-14788,-1852,6124,-505,32,-167,0
1565.3939270973206,10716,3900,11124,-159,122,68,9820,-10016,7948,-4,187,3,-14756,4916,2448,-1008,7,31,-14676,-1960,6088,-507,25,-196,0
1565.43022108078,10564,4024,10824,-203,187,62,9492,-10160,7968,-2,255,252,-14664,4788,2764,-1274,53,252,-14728,-2096,6136,-477,90,-113,0
1565.4655759334564,10524,4064,10988,-272,100,116,9752,-9980,7996,-90,245,-19,-14712,4872,2660,-1011,51,238,-14736,-2036,5964,-468,67,-132,0
1565.5017981529236,10628,4072,11044,-208,37,79,9748,-9876,8284,-90,276,-88,-14768,4676,2716,-969,57,-46,-14348,-2072,6108,-433,144,-133,0
1565.5377271175385,10576,4136,11180,-6,-54,139,9724,-9912,8388,-146,-6,-165,-14524,4904,2940,-1002,159,-19,-14720,-2108,6172,-444,187,245,0
1565.5736689567566,10520,4120,11080,-212,-26,239,9660,-9996,7964,-172,-182,-133,-14608,4920,2888,-1025,277,24,-14824,-1980,6016,-521,82,50,0
1565.6073920726776,10624,4060,11232,-132,-22,308,9484,-10144,7908,-208,-1,-116,-14368,4896,2708,-1069,248,67,-14800,-1900,6116,-585,27,65,0
1565.640881061554,10640,3820,10968,-97,24,259,9724,-10220,8024,-84,-56,-1,-14912,4868,2804,-1090,134,248,-14896,-1808,5996,-606,41,-17,0
1565.6743330955505,10832,3656,11080,-41,92,158,10068,-10192,7820,-51,-241,-121,-14972,4852,2464,-1013,114,250,-14968,-1636,6020,-575,27,-130,0
1565.707908153534,10824,3788,11140,-94,25,84,10084,-10152,7780,-17,106,-145,-14980,4888,2500,-980,39,-25,-14752,-1992,6032,-534,58,-190,0
1565.7415299415588,10696,3672,11192,-154,-15,29,9848,-10396,8036,53,168,-238,-14828,5040,2568,-1016,-19,-103,-14752,-1916,6192,-624,155,-249,0
1565.7750871181488,10540,3936,11280,-42,-187,-13,9836,-10340,7932,27,220,-321,-14876,4948,2800,-999,-61,-184,-14772,-1960,6292,-701,227,-312,0
1565.8086791038513,10596,3828,11120,21,-230,-73,9732,-10164,7852,22,259,-359,-14644,4972,2492,-1024,-82,-196,-14796,-1804,5948,-640,246,-295,0
1565.842425107956,10584,3728,11136,-39,-105,-113,9668,-10152,7760,122,259,-270,-14728,5040,2556,-1052,-133,-121,-14940,-1960,6472,-509,153,-290,0
1565.875785112381,10500,3728,11088,-138,77,-142,9740,-10196,7972,132,358,-220,-14644,5044,2816,-980,-151,-91,-14632,-2028,6260,-488,87,-344,0
1565.9135661125183,10456,3972,11208,-135,93,-148,9600,-10004,8172,116,436,-132,-14640,4956,2884,-772,-105,-196,-14572,-1808,6248,-515,210,-293,0
1565.9469439983368,10360,4000,11224,-163,-81,-60,9456,-10176,8108,122,314,-308,-14472,4888,2768,-1011,-12,-19,-14340,-2132,6104,-538,368,-264,0
1565.980581998825,10428,4092,11496,-129,-244,-35,9536,-10036,8068,41,262,-419,-14444,4792,2744,-978,86,-320,-14560,-2196,6148,-497,437,-166,0
1566.0140380859375,10340,4180,11108,-186,-400,32,9516,-9736,8044,62,184,-430,-14484,4684,2916,-985,251,-332,-14724,-2204,5916,-441,508,-59,0
1566.047564983368,10548,4132,11076,-223,-519,136,9704,-9788,8000,38,82,-419,-14812,4816,2860,-976,269,-373,-14772,-2284,6036,-466,484,-34,0
1566.0811171531675,10584,4132,10780,-191,-446,197,9752,-9924,8208,-3,8,-443,-14796,4668,2776,-1004,242,-379,-14852,-2204,5760,-550,520,-70,0
1566.114529132843,10596,4024,10752,-83,-424,164,9920,-9892,8036,71,-58,-471,-14868,4584,2768,-948,215,-342,-14980,-2136,6132,-576,458,-123,0
1566.1475789546969,10912,4176,11000,25,-392,85,10216,-9720,7988,-57,-20,-469,-15000,4592,2720,-914,127,-263,-15096,-1828,5740,-485,329,-160,0
1566.1810960769653,11048,3964,10528,-135,-288,26,10204,-9608,7928,-4,187,-510,-14908,4612,2700,-968,28,-143,-15020,-1872,5832,-390,227,-151,0
1566.2148251533508,11192,3820,10944,-228,-85,1,9944,-9952,7776,19,145,-270,-14636,4840,2532,-1018,-252,-65,-14852,-1872,5980,-310,132,-102,0
1566.2481729984283,10680,3936,11032,-394,-21,105,9648,-10164,7980,12,210,-97,-14424,4920,2728,-1005,150,248,-14648,-2040,5956,-354,118,-20,0
1566.281723022461,10432,3868,11040,-255,-113,258,9484,-10056,8048,-82,-2,-98,-14528,5016,2760,-1054,311,-56,-14716,-2004,6180,-465,163,43,0
1566.3154020309448,10544,3968,10972,-97,-126,363,9548,-9752,7912,-108,-88,-106,-14832,4804,2716,-1066,338,-37,-14832,-2040,6040,-535,134,20,0
1566.3487539291382,10944,3956,10804,-50,-143,313,9864,-9952,8160,-149,-112,-111,-14664,4740,2768,-1045,501,-34,-14932,-2004,5892,-572,40,-41,0
1566.3819649219513,10912,3924,10780,-4,37,267,9896,-9948,7884,-58,-58,-49,-14884,4732,2552,-1041,218,12,-14956,-2052,5772,-585,-22,-75,0
1566.415512084961,10796,3948,10928,24,117,197,10144,-9864,7772,-60,-14,-65,-14948,4568,2624,-1037,130,46,-14976,-1944,5996,-585,-10,-160,0
1566.4490270614624,10940,3992,11208,5,137,74,10012,-9732,8088,-67,103,-83,-14888,4384,2336,-1049,43,42,-14628,-1804,5632,-549,-35,-195,0
1566.4826040267944,10796,4012,11004,-27,171,7,9768,-9960,7952,-14,134,-161,-14840,4852,2508,-1077,31,-254,-14820,-2008,5940,-519,92,-201,0
1566.5160999298096,10596,4008,11212,-98,69,25,9732,-10144,7752,17,186,-158,-14728,4972,2764,-1086,49,-100,-14724,-1988,6176,-764,150,-151,0
1566.5497269630432,10548,3872,11048,-55,-15,66,9944,-10120,7884,-89,106,-224,-14580,4800,2584,-1035,107,-52,-14692,-2040,6164,-507,141,-122,0
1566.5830969810486,10628,3956,11048,-76,-49,65,9708,-10164,7860,-128,115,-170,-14612,5056,2720,-1008,73,-82,-14724,-2168,6292,-519,91,-143,0
1566.6208460330963,10528,4056,11156,-149,-27,126,9624,-10112,7956,-60,133,-68,-14620,4888,2544,-1013,80,27,-14824,-2008,6160,-544,6,-93,0
1566.6561949253082,10348,3976,11084,-53,6,194,9532,-10112,8120,-105,39,-106,-14848,4916,2704,-981,125,-43,-14856,-2108,6008,-577,29,-58,0
1566.6918110847473,10672,4064,10920,-101,-43,190,9964,-10020,8024,-83,18,-154,-14752,4692,2768,-1002,120,-56,-14796,-1852,6068,-504,100,-86,0
1566.7280280590057,10708,4052,11152,-84,-87,168,9936,-10024,7964,-29,-8,-187,-14416,4724,2540,-1001,100,-59,-14832,-2016,5632,-597,134,-77,0
1566.763179063797,10924,3972,10808,-42,-102,147,9896,-9912,8064,-16,57,-203,-14692,4692,2808,-983,52,-115,-14836,-1996,5996,-622,146,-138,0
1566.7988879680634,10768,3952,10876,-28,-97,85,9732,-9940,7952,-21,82,-188,-14820,4720,2584,-1001,37,-60,-14872,-2028,6040,-543,132,-133,0
1566.834137916565,10684,3920,11060,-109,-99,117,9756,-9880,7848,47,116,-143,-14704,4868,2668,-1105,68,-70,-14724,-1968,6344,-555,180,-92,0
1566.8690860271454,10516,4080,11008,-169,-39,179,9812,-10068,8188,-9,30,-120,-14792,4916,2692,-1045,137,-54,-14764,-2132,6160,-567,88,-94,0
1566.9050991535187,10672,4036,10988,24,-102,140,9936,-9960,7972,-149,86,-205,-14828,4760,2680,-958,94,-112,-14856,-1936,6032,-543,100,-163,0
1566.9404530525208,10548,3920,11096,17,-64,71,9872,-10100,7860,-20,113,-177,-14776,4864,2800,-1272,42,-55,-14828,-1988,5948,-554,76,-199,0
1566.9760689735413,10652,4072,11060,10,143,26,9876,-9960,8012,41,267,-90,-14716,4992,2604,-1034,-15,-254,-14816,-2032,6192,-554,39,-213,0
1567.0116069316864,10660,3980,11156,-19,95,31,9812,-10140,8188,13,254,-130,-14672,4952,2876,-1017,-1,-3,-14812,-1952,6292,-605,47,-198,0
1567.04718708992,10532,3992,11236,10,50,24,9792,-10188,7852,-4,235,-149,-14724,4924,2564,-1015,19,-115,-14720,-1924,6008,-560,123,-213,0
1567.0823421478271,10488,4020,11120,-53,-60,59,9740,-10248,7908,0,167,-233,-14580,4884,2768,-1037,56,-168,-14408,-2260,5984,-576,228,-196,0
1567.1187801361084,10524,4040,11004,-55,-166,52,9716,-9996,8040,32,119,-286,-14600,4800,3052,-1052,109,-201,-14616,-2064,5988,-567,272,-180,0
1567.1539349555967,10636,4240,11000,-34,-185,63,9816,-9968,7848,6,108,-336,-14756,4776,2672,-1021,81,-220,-14796,-2128,5852,-502,252,-155,0
1567.1894900798798,10664,4124,10980,-120,-138,25,9892,-10048,7912,32,199,-272,-14804,4780,2740,-1018,94,-117,-14812,-2084,5952,-465,212,-190,0
1567.224648952484,10640,4184,11080,-155,-111,11,9888,-9916,8064,35,245,-242,-14752,4672,2572,-997,77,-134,-14836,-2108,6052,-454,199,-186,0
1567.2608420848849,10648,4200,11080,-133,-127,52,9904,-9996,8064,-6,226,-211,-14712,4780,2848,-1276,60,-133,-14816,-2168,6000,-470,191,-161,0
1567.2944059371948,10664,4172,10936,-145,-166,91,9856,-9956,7944,8,230,-203,-14664,4796,2800,-1004,83,-129,-14840,-2124,5976,-544,161,-154,0
1567.3276691436768,10684,4164,10820,-92,-80,137,9896,-9920,7936,-72,51,-185,-14764,4772,2572,-1044,143,-83,-14824,-2044,5948,-258,124,-96,0
1567.3613109588623,10676,4156,10912,-73,-13,153,9852,-10048,7952,-35,79,-150,-14792,4636,2792,-1061,128,7,-14880,-2092,5864,-535,116,-107,0
1567.3945410251617,10528,4064,10880,-173,-47,138,9784,-9960,8096,-32,127,-116,-14704,4680,2704,-1044,142,-33,-14708,-2056,6008,-514,139,-59,0
1567.4277551174164,10600,4240,11036,-203,-78,204,9792,-10108,8096,-43,136,-166,-14660,4792,2468,-1062,190,-72,-14728,-2168,5992,-544,168,-15,0
1567.4611909389496,10496,4188,11164,-244,-211,249,9668,-10064,8272,-30,148,-231,-14656,4844,2724,-1010,250,-74,-14776,-2232,6044,-535,213,29,0
1567.494889974594,10616,4160,11076,-193,-241,273,9792,-10036,7684,-126,124,-210,-14600,4828,2896,-993,259,-65,-14776,-2128,6224,-502,226,39,0
1567.5281400680542,10572,4280,11020,-177,-234,257,9848,-10076,7992,-120,44,-223,-14732,4860,2672,-983,3,-144,-14624,-1996,6088,-469,220,-255,0
1567.561574935913,10668,3940,11204,-182,-136,215,9900,-10112,7680,-75,79,-195,-14816,4656,2656,-948,174,-131,-14860,-2092,6012,-464,169,-77,0
1567.5950689315796,10688,3972,11260,-234,-155,134,9876,-9976,7860,-53,155,-197,-14744,4828,2788,-933,91,-119,-14636,-1816,6000,-476,119,-133,0
1567.6281011104584,10648,3992,11000,-214,-143,119,9752,-10168,7708,-38,174,-214,-14696,4800,2760,-959,112,-116,-14784,-1900,5980,-496,164,-85,0
1567.6615481376648,10996,4348,11388,-250,-207,144,9944,-10024,7896,-16,221,-235,-14740,4816,2616,-975,159,-164,-14788,-1916,6020,-483,271,-60,0
1567.6953790187836,10520,4096,11044,-249,-259,208,9844,-10016,7916,-38,199,-243,-14724,5112,2644,-1047,201,-162,-14776,-2104,5876,-490,497,-31,0
1567.7287421226501,10672,4024,10796,-255,-288,236,9848,-10020,7900,-36,132,-235,-14752,4708,2600,-1022,225,-158,-14780,-2136,5956,-495,236,-18,0
1567.7624261379242,10616,3956,10896,-253,-269,203,9800,-10204,7868,-18,143,-235,-14752,4740,2596,-993,180,-139,-14888,-2104,5896,-261,205,-49,0
1567.7960381507874,10752,4140,10952,-222,-222,200,9900,-10232,8116,7,130,-229,-14912,4684,2892,-1034,85,-122,-14948,-1848,6136,-509,181,-99,0
1567.829658985138,10784,4036,10976,-254,-221,126,10232,-10224,7984,251,67,-213,-14848,4736,2700,-992,47,-119,-14828,-2068,5924,-490,186,-93,0
1567.8631970882416,10644,4136,11016,-229,-195,123,9800,-9964,8116,-252,190,-201,-14664,4492,2868,-978,91,-149,-14904,-2252,6024,-465,209,-130,0
1567.8967361450195,10756,4048,10900,-231,-201,116,9920,-10060,7916,-2,146,-1,-14700,4728,2644,-1012,104,-193,-14800,-2104,5708,-458,242,-104,0
1567.9301369190216,10744,4040,10880,-281,-224,137,9756,-9920,7936,-14,145,-249,-14728,4808,2724,-987,132,-120,-15056,-2052,6076,-458,229,-85,0
1567.963858127594,11004,3968,10756,-253,-224,157,9912,-9980,7984,-20,75,-252,-14692,4760,2616,-992,164,-92,-14760,-1992,5900,-444,166,-92,0
1567.9974939823153,10756,3980,11176,-219,-159,143,9732,-10108,7936,-48,94,-224,-14800,4780,2320,-959,127,-72,-14848,-1916,5984,-492,163,-70,0
1568.0310680866241,10756,3976,10936,-179,-150,148,9896,-9988,7984,-53,74,-200,-14772,4744,2732,-1000,142,-104,-14928,-1888,5820,-767,141,-87,0
1568.0644719600677,10860,3976,10812,-146,-166,168,9752,-9972,7988,-54,77,-193,-14732,4700,2532,-774,174,-94,-14612,-1976,5808,-497,150,-94,0
1568.0981080532074,10872,3980,10892,-127,-54,147,9960,-9864,7724,-16,109,-144,-14660,4712,2704,-1049,142,-56,-14852,-1940,5768,-506,115,-146,0
1568.1316039562223,10848,4000,10536,-131,27,109,10036,-9928,7940,12,120,-114,-14668,4636,2364,-1029,85,-37,-14740,-2060,5780,-473,101,-144,0
1568.1649870872498,10804,3964,10984,-198,79,104,9920,-9988,7924,6,137,-103,-14808,4684,2572,-1050,74,-36,-14604,-2304,5880,-441,98,-119,0
1568.1986439228058,10504,3948,10840,-136,65,85,9832,-9972,8044,40,99,-141,-14824,4772,2636,-1056,84,-87,-14792,-2040,6104,-459,136,-111,0
1568.2322039604187,10728,4088,11112,-91,87,108,9892,-10000,8156,250,122,-154,-14800,4732,2576,-1066,98,-63,-14748,-2088,6040,-488,105,-138,0
1568.265438079834,10648,4080,10912,-129,0,89,9824,-9888,8052,-61,123,-163,-14736,4764,2772,-1005,70,-75,-15048,-1948,6000,-484,96,-141,0
1568.3033759593964,10788,4036,11104,-138,28,105,9900,-10212,7956,-60,120,-134,-14764,4844,2712,-1003,56,-16,-14720,-1948,5960,-495,87,-120,0
1568.3388669490814,10716,3952,10596,-109,42,101,9904,-10160,8088,-64,121,-129,-14736,4824,2664,-984,108,-54,-14768,-2012,5928,-472,121,-114,0
1568.3744490146637,10928,3948,11180,-141,5,105,9920,-9948,7860,-41,143,-136,-14756,4704,2484,-973,103,-106,-14600,-1828,6332,-437,101,-120,0
1568.4106740951538,10772,3948,11016,-144,3,103,9828,-10180,7896,-22,132,-162,-14808,4944,2668,-1021,101,-20,-14864,-1892,6140,-492,105,-129,0
1568.4470810890198,10728,3916,11120,-151,-46,109,9872,-10172,7928,-24,126,-138,-14708,4752,2556,-1018,95,-75,-14680,-2176,6064,-529,78,-114,0
1568.4828479290009,10544,4008,10964,-92,-251,133,9888,-10096,7980,-59,100,-107,-14776,4792,2708,-1009,120,-38,-14824,-2068,6036,-519,42,-131,0
1568.5176770687103,10824,3940,10860,-131,254,107,9948,-9996,8036,-13,107,-141,-14772,4756,2404,-1274,64,-28,-14600,-1964,6024,-494,81,-158,0
1568.5538449287415,10696,3996,10984,-168,41,59,9828,-10024,7692,7,150,-144,-14632,4772,2572,-1024,35,-66,-14808,-1980,6088,-484,96,-149,0
1568.5893330574036,10692,4060,11096,-113,17,60,9840,-10020,7972,-22,166,-168,-14724,4900,2668,-982,12,242,-14784,-2292,5996,-488,80,-154,0
1568.6246321201324,10748,4080,10888,-140,-5,56,9824,-9968,7712,-40,139,-165,-14820,4740,2736,-953,20,-74,-14904,-1988,5900,-482,86,-157,0
1568.6603441238403,10644,3996,10900,-114,-10,47,9908,-9960,8032,-25,133,-184,-14632,4748,2520,-770,49,-49,-14720,-2048,6064,-498,94,-158,0
1568.6952810287476,10668,4024,10764,-136,-23,67,9820,-9740,7996,-32,120,-183,-14628,4796,2972,-1044,92,-72,-14708,-2136,6000,-481,114,-108,0
1568.7313051223755,10616,4008,11084,-146,-51,96,9832,-9932,7680,-73,124,-161,-14804,4708,2692,-1000,81,-89,-14900,-2084,6028,-511,141,-125,0
1568.7673480510712,10496,3940,11068,-159,-57,138,9880,-10236,7952,-60,130,-166,-14752,4692,2892,-1004,83,-28,-14752,-2064,5988,-490,119,-126,0
1568.8024489879608,10636,4052,11016,-135,-78,118,9804,-10064,7924,-71,109,-172,-14868,4708,2664,-999,77,-41,-14776,-2140,6012,-763,125,-137,0
1568.8381321430206,10704,4056,11208,-117,-59,96,9896,-10008,8160,-50,84,-181,-14724,4820,2708,-1003,79,-79,-14640,-2296,6132,-502,121,-130,0
1568.873633146286,10588,3996,11100,-119,-52,68,9876,-10016,7872,-51,101,-204,-14720,4684,3064,-999,96,-91,-14688,-2024,5916,-514,141,-131,0
1568.9094860553741,10632,3980,10988,-99,-74,97,9920,-10212,7992,-56,150,-189,-14692,4892,2592,-999,59,-89,-14856,-1948,6084,-497,116,-133,0
1568.9453949928284,10672,3936,10876,-144,-61,89,9832,-10048,7744,-15,132,-217,-14740,4824,2784,-1029,52,-126,-14864,-2028,6160,-492,178,-143,0
1568.9790589809418,10644,4072,10816,-141,-128,71,9880,-10220,7976,-25,147,-183,-14652,4796,2652,-1003,70,-110,-14752,-2036,6092,-477,160,-144,0
1569.0126230716703,10672,4032,11024,-128,-82,108,9828,-10008,7800,-51,123,-204,-14796,4840,2632,-1002,122,-61,-15100,-1860,5952,-541,133,-89,0
1569.046096086502,10716,4148,11064,-113,-110,158,9948,-10004,8012,-96,122,-177,-14804,4736,2600,-990,84,-70,-14816,-1996,6200,-528,116,-108,0
1569.0795440673828,10548,4076,10820,-106,-81,103,9816,-9748,8056,-61,120,-190,-14652,4772,2784,-1001,87,-79,-14688,-2004,6168,-487,122,-173,0
1569.1131291389463,10668,4100,11012,-142,-24,67,9884,-10052,7964,-42,128,-171,-14712,4768,2740,-1022,52,-67,-14812,-1976,5888,-519,131,-139,0
1569.1462020874023,10628,3872,10904,-149,-23,61,9952,-9948,7912,-4,144,-184,-14844,4796,2656,-1012,64,-49,-14788,-2272,6008,-513,138,-153,0
1569.1798150539398,10692,4032,11008,-138,-40,69,9876,-10072,7936,-19,137,-173,-14704,4740,2912,-997,79,-61,-14792,-2008,6116,-482,139,-164,0
1569.2134449481964,10552,4084,10964,-138,-43,81,9832,-10012,8168,-30,142,-181,-14356,4812,2696,-1001,101,-72,-14664,-2016,6052,-508,157,-115,0
1569.247190952301,10660,4088,11056,-124,-63,98,9848,-9988,7804,-9,141,-185,-14608,4812,2788,-997,126,-81,-14756,-2108,5916,-760,160,-116,0
1569.2807941436768,10728,4160,11052,-137,-65,115,9804,-9976,7952,-15,114,-163,-14744,4720,2572,-1040,113,-91,-14820,-2292,6068,-495,153,-108,0
1569.3143739700317,10720,4120,10768,-135,238,98,9912,-10068,7964,-10,118,-160,-14828,4660,2752,-1056,106,-57,-14752,-2060,6060,-469,132,-124,0
1569.3479759693146,10540,4316,10788,-174,7,114,9848,-10116,7984,-3,148,-152,-14728,4820,2692,-1033,106,-50,-14696,-2112,6048,-478,153,-104,0
1569.3815290927887,10600,4120,11044,-177,-74,125,9916,-10084,8024,-27,153,-181,-14664,4768,2724,-1014,136,-94,-14844,-2128,5992,-505,208,-77,0
1569.415095090866,10628,4108,11172,-177,-185,154,9884,-10072,7896,-63,151,-221,-14720,4732,2752,-961,128,-98,-14776,-2100,6020,-494,211,-47,0
1569.448606967926,10608,3984,11036,-206,-207,169,9808,-9972,7856,-103,94,-511,-14732,4796,2704,-984,153,-121,-14812,-2024,6012,-486,180,-51,0
1569.4822490215302,10588,4068,11016,-189,-191,189,9772,-9960,7916,-50,156,-194,-14620,4784,2560,-992,156,-140,-14740,-2068,5904,-483,206,-60,0
1569.515685081482,10676,4096,10968,-224,-190,180,9908,-10204,7764,-43,152,-175,-14748,4724,3000,-962,153,-77,-14844,-2032,5964,-766,162,-37,0
1569.5491950511932,10696,3984,10992,-218,-127,185,9892,-9968,8040,-35,148,-182,-14796,4908,2648,-982,169,-66,-14804,-2080,6000,-474,160,-70,0
1569.5828261375427,10752,4012,10980,-215,-191,195,9888,-10020,8052,-36,128,-207,-14824,4776,2656,-1002,189,-112,-14792,-2116,5664,-508,212,-64,0
1569.6162130832672,10704,4068,11120,-196,-183,177,9904,-10172,7844,-24,126,-249,-14760,4772,2584,-993,181,-129,-14804,-2004,5940,-495,226,-52,0
1569.649541139603,10696,3980,11036,-244,-202,156,9956,-10008,7888,-14,128,-235,-14776,4784,2716,-981,157,-135,-15048,-2024,5684,-508,206,-42,0
1569.683126926422,10840,4028,11052,-195,-214,156,9960,-9972,8004,-38,189,-225,-14820,4800,2428,-955,129,-67,-14836,-1920,6048,-480,202,-111,0
1569.7167270183563,10672,3952,10852,-226,-194,133,9896,-9756,8128,24,124,-200,-14800,4748,2704,-991,98,-105,-15064,-2104,6188,-476,150,-93,0
1569.75004696846,10772,4004,11044,-206,-128,116,9896,-10192,8116,-32,162,-182,-14752,4796,2684,-997,91,-133,-14600,-1868,6080,-456,170,-118,0
1569.7836389541626,10724,3916,10920,-210,-188,120,9876,-10048,7984,12,179,-238,-14696,4756,2632,-980,121,-155,-14792,-1996,5968,-455,230,-83,0
1569.8171520233154,10736,3924,10888,-223,-154,122,10188,-9976,7988,-1,139,-236,-14796,4776,2460,-972,121,-120,-14732,-2040,6008,-464,173,-129,0
1569.8505370616913,10812,3980,10852,-169,-164,109,9832,-9924,7960,17,157,-222,-14784,4756,2684,-981,59,-96,-14724,-2040,5964,-484,148,-143,0
1569.8840911388395,10828,4012,10912,-199,-193,123,9864,-9916,8188,-28,163,-220,-14692,4748,2572,-984,92,-112,-14776,-1996,6004,-486,184,-112,0
1569.9176230430603,10708,3952,10992,-180,-193,124,9848,-9968,7924,-11,137,-251,-14748,4792,2736,-1004,135,-136,-14756,-1968,5932,-492,218,-116,0
1569.9542460441587,10804,4000,10956,-170,-214,152,9916,-10064,7988,5,119,-240,-14692,4820,2680,-1010,168,-164,-14692,-1984,5984,-493,200,-60,0
1569.990464925766,10712,4024,10872,-161,-178,183,9844,-10028,8032,-22,73,-252,-14740,4688,2648,-1041,143,-128,-14904,-2020,5892,-496,209,-116,0
1570.0256819725037,10760,3940,10744,-140,-141,115,9872,-9964,7792,-17,108,-211,-14784,4832,2596,-1033,143,-118,-14736,-1972,5868,-480,188,-99,0
1570.0612370967865,10856,3944,10692,-159,-79,137,9908,-9984,7892,-10,104,-162,-14700,4764,2764,-1007,141,-90,-15004,-2000,5964,-487,124,-104,0
1570.095992088318,10748,4032,10920,-120,-31,108,9852,-9868,7948,-29,96,-156,-14716,4676,2556,-1007,118,-99,-15052,-1832,5868,-463,119,-102,0
1570.1317870616913,10876,4028,10512,-133,-26,121,9928,-10024,7852,-46,131,-190,-14596,4684,2648,-998,107,-82,-14796,-1972,5968,-498,111,-145,0
1570.1678349971771,10780,4112,10624,-158,-7,104,9844,-9832,8008,-26,124,-143,-14776,4728,2608,-769,97,-87,-14836,-2224,6088,-480,116,-120,0
1570.2033240795135,10824,4008,10796,-141,12,134,9908,-10072,8000,-22,127,-143,-14580,4816,2724,-1010,105,-21,-14912,-2092,5936,-475,108,-135,0
1570.2387881278992,10680,3940,10940,-123,47,89,9848,-9968,7868,-13,116,-153,-14720,4680,2708,-1025,78,-72,-14744,-2056,5940,-470,116,-141,0
1570.2742199897766,10512,3936,10940,-138,41,90,9848,-10004,8100,-9,120,-139,-14744,4860,2596,-1024,100,-20,-14908,-1960,6072,-479,108,-133,0
1570.3095400333405,10776,3988,11164,-106,43,82,9828,-10068,8148,-10,110,-133,-14824,5084,2780,-1279,67,-65,-14980,-1848,5920,-501,92,-159,0
1570.3449261188507,10676,4072,10984,-140,26,94,9824,-10060,7996,-27,152,-127,-14724,4868,2640,-1008,81,-33,-14828,-1968,6260,-768,54,-127,0
1570.3802020549774,10620,3924,10952,-115,28,110,9876,-10020,7940,-80,174,-124,-14720,4788,2688,-986,90,-35,-14840,-2056,6080,-488,85,-148,0
1570.4154829978943,10536,4016,10936,-140,249,92,9864,-9756,7880,-34,148,-144,-14656,4812,2776,-985,104,-27,-14728,-1928,6104,-475,109,-148,0
1570.4511120319369,10716,4008,10920,-116,55,75,9912,-9884,7900,-46,160,-131,-14708,4768,2800,-1005,46,-45,-14888,-2116,6000,-470,98,-175,0
1570.4870920181274,10540,3992,11200,-108,33,58,9892,-9932,7972,-17,156,-154,-14780,4804,2796,-984,58,-68,-14804,-1860,6068,-466,56,-155,0
1570.5222580432892,10984,4052,11092,-125,38,39,9916,-10012,7880,-40,124,-140,-14672,4716,2776,-1016,44,-89,-14816,-1944,5908,-484,102,-144,0
1570.5582399368286,10788,3956,11024,-106,-14,49,9896,-10216,7972,247,141,-197,-14644,4760,2520,-1031,63,-88,-14800,-1960,6084,-509,159,-163,0
1570.5948479175568,10676,4072,10972,-106,-9,66,9812,-10080,7824,-253,135,-164,-14812,4772,2736,-1043,89,-66,-14820,-2040,5892,-518,116,-179,0
1570.6280550956726,10596,4048,11068,-91,-33,69,9904,-10012,7908,-25,140,-191,-14728,4992,2692,-1010,55,-119,-15044,-2092,6360,-521,125,-165,0
1570.6613681316376,10700,4044,11076,-114,-19,47,9828,-9936,8048,-38,132,-171,-14704,4852,2796,-1016,61,-63,-14776,-2272,6128,-507,130,-147,0
1570.6950070858002,10680,3952,11116,-140,-27,69,9764,-9904,8000,-28,132,-153,-14676,4628,2828,-1014,37,-80,-14836,-2056,6104,-517,113,-133,0
1570.7285740375519,10700,4024,10972,-134,-17,98,9780,-9896,8060,-40,87,-145,-14752,4788,2712,-1018,108,-36,-14708,-2084,5972,-492,124,-130,0
1570.7619760036469,10676,4284,11196,-120,-31,138,9876,-9968,7952,-105,99,-160,-14680,4808,2588,-980,95,-55,-14832,-2160,6004,-493,167,-133,0
1570.7957129478455,10616,4052,11024,-141,-107,118,9980,-9988,7956,-112,116,-188,-14656,4732,2664,-969,102,-90,-14740,-2004,5960,-257,139,-118,0
1570.8291680812836,10796,3992,11020,-140,-108,112,9884,-9984,7936,-84,98,-209,-14840,4772,2736,-1020,106,-132,-14808,-2044,6068,-507,181,-123,0
1570.8627729415894,10732,4008,10904,-123,-80,114,9980,-9988,7732,-67,82,-193,-14656,4740,2636,-997,97,-74,-14832,-2012,6068,-768,155,-122,0
1570.8961040973663,10752,4068,11248,-120,-116,83,9896,-10108,8008,-51,135,-186,-14772,4860,2648,-992,100,-73,-14768,-1948,6116,-514,136,-154,0
1570.9326989650726,10728,3960,11064,-127,-72,92,9908,-10176,7864,-33,107,-187,-14716,4808,2688,-1013,67,-84,-14800,-1796,6040,-525,156,-161,0
1570.966628074646,10828,4336,11200,-145,-94,116,9812,-9948,7892,-9,111,-175,-14784,4820,2704,-1019,70,-76,-14760,-2016,5976,-501,117,-133,0
1571.0000751018524,10668,4052,10844,-96,-60,85,9804,-10108,8084,-51,123,-154,-14832,4704,2656,-1006,103,-97,-14804,-1972,5996,-474,145,-141,0
1571.0335221290588,10960,4000,10928,-180,-68,70,9996,-9796,8076,-17,92,-196,-14612,4704,2880,-1020,99,-94,-14784,-1976,6092,-477,157,-120,0
1571.067134141922,10648,3988,11004,-146,-42,75,9880,-10048,7916,-33,104,-189,-14652,4764,2684,-1272,59,-67,-14796,-2040,6000,-504,168,-158,0
1571.1006209850311,10680,4096,10896,-133,-39,77,9764,-9932,7872,-43,136,-155,-14720,4852,2800,-1016,69,-44,-14872,-2084,6000,-495,116,-148,0
1571.133640050888,10688,4080,10920,-130,-52,84,9816,-10048,7948,-34,176,-161,-14732,4780,2684,-1002,102,-117,-14824,-2200,5960,-507,119,-142,0
1571.16730093956,10536,4052,10760,-131,-69,106,9792,-10008,7904,-20,149,-160,-14684,4776,2768,-1002,97,-99,-14732,-1976,6008,-767,130,-126,0
1571.2006521224976,10576,3968,10972,-129,-68,123,9860,-10192,7680,-24,123,-204,-14728,4676,2756,-1276,112,-85,-14696,-2036,6084,-497,160,-133,0
1571.2342741489413,10604,4060,11012,-136,-13,113,9828,-10092,8128,-13,131,-186,-14716,4828,2548,-1279,127,-57,-14788,-2148,6168,-496,113,-125,0
1571.2679150104525,10528,4072,10960,-154,-42,107,9896,-9876,8172,-4,146,-176,-14900,4768,2736,-1045,108,-61,-14804,-2128,6076,-502,142,-96,0
1571.3016049861908,10732,4032,10984,-160,0,126,9908,-10024,7832,-11,128,-168,-14740,4792,2648,-1033,100,-89,-14844,-2128,6208,-476,127,-137,0
1571.3354461193085,10564,3884,11108,-181,-59,131,9844,-9948,8004,-18,141,-167,-14672,4780,2736,-1023,101,-111,-14800,-2068,6200,-474,165,-94,0
1571.368982076645,10544,3872,11052,-213,-87,116,9704,-9976,7920,-12,169,-182,-14696,4852,2740,-984,105,-112,-14792,-2108,5904,-473,187,-113,0
1571.4022841453552,10692,4128,11200,-191,-175,112,9772,-10056,8032,-71,141,-209,-14712,4816,2620,-983,89,-89,-14812,-2100,6084,-468,192,-82,0
1571.4358160495758,10676,4060,10992,-189,-190,146,9860,-10052,8032,-86,136,-234,-14648,4964,2916,-969,111,-106,-14764,-2036,6064,-490,200,-107,0
1571.4693491458893,10720,4060,11180,-174,-184,131,9792,-9928,7876,-62,130,-225,-14632,4696,2588,-952,148,-131,-14820,-1996,6088,-475,188,-101,0
1571.5030219554899,10676,4004,10984,-232,-184,181,9852,-9968,8032,-16,152,-213,-14720,4732,2664,-988,152,-143,-14768,-2000,6116,-449,182,-55,0
1571.5367810726166,10780,3988,11020,-218,-145,169,9888,-10048,7964,-21,172,-190,-14752,4784,2844,-994,136,-132,-14820,-1996,6016,-482,162,-39,0
1571.5705161094666,10740,3884,10932,-222,-173,168,9848,-10040,7896,-17,154,-186,-14804,4836,2552,-978,152,-132,-14732,-1928,6080,-527,156,-72,0
1571.603945016861,10652,4108,10892,-235,-182,169,9876,-9940,8052,-25,145,-166,-14804,4752,2848,-961,127,-53,-14800,-2084,5924,-497,167,-61,0
1571.6402549743652,10732,4052,10912,-190,-155,170,9980,-10020,7984,-45,164,-168,-14804,4696,2692,-982,157,-130,-14832,-1872,5924,-494,210,-96,0
1571.6756179332733,10732,3868,10816,-280,-191,144,9844,-9952,7956,-14,141,-224,-14756,4768,2700,-1014,183,-85,-14748,-2012,6092,-451,221,-84,0
1571.7113070487976,10824,3928,10856,-232,-136,148,9972,-10064,8044,-17,134,-225,-14784,4764,2652,-994,136,-125,-14872,-2024,6100,-459,156,-80,0
1571.7475790977478,10740,4024,10944,-208,-150,139,9764,-10080,7908,-24,104,-196,-14804,4788,2672,-988,112,-95,-14860,-1840,5944,-494,145,-82,0
1571.782837152481,10608,4072,10964,-196,-140,127,9804,-10032,7988,-24,145,-207,-14840,4720,2804,-970,143,-63,-14888,-1920,6068,-512,148,-87,0
1571.8188071250916,10792,4004,10752,-185,-137,146,9908,-9996,7984,-11,142,-199,-14724,4684,2672,-988,163,-136,-14716,-1960,6052,-768,185,-95,0
1571.8541040420532,10648,3948,10936,-203,-168,154,9864,-9948,8036,247,137,-224,-14760,4692,2716,-1001,133,-132,-14760,-1904,6188,-506,196,-80,0
1571.889722108841,10512,3944,11008,-215,-186,151,9904,-10000,8036,-27,125,-232,-14688,5104,2708,-989,123,-177,-15072,-1816,5988,-476,218,-96,0
1571.9252200126648,10548,3976,10940,-202,-205,128,9784,-10036,7772,-32,121,-237,-14684,4856,2688,-769,130,-170,-14680,-2000,5996,-486,200,-88,0
1571.960953950882,10524,3940,10848,-163,-198,128,9896,-9968,8096,15,146,-213,-14704,4824,2812,-987,121,-133,-14792,-2016,6084,-497,188,-102,0
1571.9960680007935,10792,3964,10860,-155,-146,126,9840,-10196,7964,-12,144,-216,-14676,4572,2600,-990,132,-111,-14948,-2268,6080,-463,164,-88,0
1572.0320739746094,10832,3880,10984,-162,-91,112,9844,-9964,8136,-13,124,-214,-14828,4736,2556,-1019,110,-96,-14792,-1996,6120,-476,170,-136,0
1572.0680861473083,10908,3860,11096,-158,-57,87,10184,-9908,8072,-17,134,-173,-14844,4712,2440,-1013,91,-76,-14844,-1824,6128,-456,159,-161,0
1572.103537082672,10552,3968,10640,-123,255,93,9888,-9860,7824,-18,130,-167,-14788,4768,2660,-1048,103,-91,-14796,-2032,5940,-477,108,-146,0
1572.1398589611053,10616,3960,11036,-125,33,87,9872,-9752,8172,13,126,-156,-14752,4676,2760,-1045,69,-66,-14760,-2224,6108,-466,140,-126,0
1572.1750140190125,10992,4016,10888,-114,12,102,9872,-9868,8040,-6,153,-149,-14764,4744,2772,-1268,78,-114,-14748,-1976,6076,-483,114,-134,0
1572.210701942444,10740,3992,10964,-120,226,98,9924,-10236,8004,-31,111,-123,-14760,4828,2760,-1037,84,-42,-15072,-1824,6108,-477,119,-148,0
1572.2455859184263,10784,3936,11012,-119,14,97,9928,-9864,8036,-29,140,-131,-14760,4624,2592,-1274,69,-65,-14812,-1988,6036,-485,94,-106,0
1572.282958984375,10716,4024,10976,-109,40,92,9840,-10000,7924,-30,145,-101,-14752,4752,2740,-1001,68,-50,-15076,-2072,5800,-501,100,-171,0
1572.3165481090546,10732,4072,10920,-150,254,83,9908,-9984,7928,-26,129,-149,-14692,4788,2696,-1011,67,-20,-14784,-1964,5932,-475,105,-138,0
1572.349632024765,10568,3904,11004,-167,20,98,9916,-9988,7968,-28,141,-155,-14760,4712,2736,-1006,68,-108,-14796,-2020,6024,-483,82,-120,0
1572.3831131458285,10692,3968,11016,-100,-27,85,9916,-10008,8024,-58,112,-163,-14760,4752,2692,-1008,78,-79,-14616,-1812,6004,-513,93,-176,0
1572.4166450500488,10788,4040,11080,-91,-54,76,10016,-9740,7904,-58,134,-169,-14736,4996,2728,-987,44,-60,-14856,-1996,5968,-518,79,-143,0
1572.4497799873352,10644,3940,10812,-81,-19,73,10048,-10008,7988,-66,126,-156,-14672,4744,2700,-998,95,-15,-14812,-2256,5908,-506,96,-153,0
1572.4834461212158,11000,3936,10940,-111,27,93,9932,-9976,7888,-25,119,-144,-14624,4840,2660,-1041,74,-69,-14768,-1844,5992,-507,139,-162,0
1572.517158985138,10752,4016,10940,-95,6,72,9808,-10000,8140,-10,120,-165,-14704,4776,2648,-1061,85,-83,-14888,-2280,6012,-503,154,-153,0
1572.5504150390625,10636,4060,11212,-111,-53,73,9832,-9960,7968,-7,142,-163,-14736,4816,2584,-1038,101,-77,-14772,-2216,5900,-509,148,-150,0
1572.5839231014252,10764,4060,11056,-125,-51,86,9884,-10068,8104,-36,136,-172,-14764,4788,2812,-1034,58,-51,-15008,-2092,5896,-495,154,-146,0
1572.617478132248,10676,4012,10924,-86,-45,77,9772,-9996,7988,-50,102,-189,-14672,4916,2740,-769,69,-64,-14820,-2296,6092,-522,146,-155,0
1572.6505630016327,10748,4012,10904,-107,-42,85,9872,-10100,8108,-39,139,-164,-14672,4744,2820,-1001,60,-97,-14724,-2036,5996,-760,153,-156,0
1572.684031009674,10596,4116,10960,-103,-43,63,9848,-9908,7680,-54,141,-181,-14728,4740,2704,-967,63,-55,-14744,-1868,6048,-509,87,-164,0
1572.7176239490507,10764,3856,11164,-94,-42,54,9912,-9752,8104,-98,139,-186,-14708,4740,2572,-982,46,-13,-14812,-2004,5996,-767,130,-140,0
1572.751049041748,10528,4080,10768,-119,-77,83,9852,-9900,7848,-14,119,-189,-14736,4856,2532,-1022,116,-42,-14776,-2096,6036,-513,117,-154,0
1572.7845940589905,10680,3976,11096,-129,-57,97,9856,-9980,7932,-1,124,-199,-14604,4820,2772,-1017,93,-126,-14772,-1808,6052,-494,191,-126,0
1572.8181290626526,10940,4068,10908,-105,-94,109,9936,-10216,7976,-40,110,-198,-14812,4772,2612,-1025,109,-118,-14984,-2012,6020,-497,154,-106,0
1572.8514530658722,10944,4004,11220,-83,-80,108,10012,-9976,7948,-47,121,-167,-14772,4720,2596,-1009,75,-58,-14888,-2300,6308,-258,111,-131,0
1572.8846900463104,10780,3984,10924,-105,-13,135,9860,-9968,7988,-25,112,-139,-14684,4808,2888,-1016,67,-46,-14740,-2044,5968,-480,105,-158,0
1572.9184560775757,10876,4104,10908,-122,254,92,9944,-10056,8000,-29,147,-150,-14772,4688,2652,-772,26,-73,-14804,-2240,6064,-535,112,-159,0
1572.9516639709473,10736,4068,11004,-135,-36,48,9884,-9972,8044,-24,158,-157,-14664,4844,2624,-1276,56,-97,-14900,-1940,6072,-529,142,-169,0
1572.9853410720823,10632,3996,10812,-135,-41,61,9944,-10028,7808,-13,137,-186,-14612,4792,2620,-999,82,-92,-14752,-2036,6036,-510,132,-107,0
1573.01895403862,10664,4104,11200,-129,-70,104,9888,-9804,8044,-17,139,-175,-14780,4836,2672,-992,80,-86,-14680,-2196,6016,-500,146,-147,0
1573.0523619651794,10684,4068,11052,-102,-72,105,9876,-10240,8004,252,149,-185,-14736,4804,2668,-1036,97,-99,-14896,-2100,5996,-526,164,-145,0
1573.0857751369476,10668,4004,10936,-117,-56,114,9816,-9940,7856,255,162,-173,-14696,4912,2780,-769,76,-100,-14740,-2284,5928,-767,140,-171,0
1573.119518995285,10696,4088,11076,-113,-57,96,9900,-9936,8020,-6,168,-136,-14764,4724,2608,-1052,69,-69,-14744,-2112,6020,-529,139,-115,0
1573.1525239944458,10724,4104,10788,-136,-49,107,9868,-9944,7988,-26,155,-134,-14688,4796,2756,-770,98,-17,-14764,-2016,6048,-525,112,-136,0
1573.1861929893494,10632,4060,11048,-129,-43,116,9880,-10056,7944,-17,134,-133,-14676,4796,2676,-1008,80,-39,-14848,-2100,6096,-259,118,-146,0
1573.2199220657349,10532,4064,10936,-141,-18,100,9948,-9968,8052,14,206,-131,-14712,4852,2876,-1031,81,-100,-14780,-2288,6236,-501,130,-175,0
1573.2533659934998,10616,4132,11080,-137,-19,111,9916,-9904,8136,-2,171,-138,-14768,4840,2936,-1011,85,-95,-14616,-2080,6112,-270,130,-136,0
1573.2871870994568,10676,4032,11072,-130,-56,145,9860,-10012,8168,-30,161,-134,-14716,4732,3068,-1017,91,-53,-14672,-2072,5956,-264,133,-124,0
1573.3238401412964,10940,4092,11140,-120,-64,119,9828,-10024,8020,-9,171,-123,-15088,4920,3024,-1044,84,-76,-14836,-1864,6076,-568,152,-127,0
1573.359337091446,10684,3860,11092,-127,-93,111,9804,-10008,7916,4,216,-110,-14752,4860,2784,-991,54,-112,-14816,-2116,6092,-568,140,-99,0
1573.3945200443268,10656,4064,11096,-96,-75,140,9832,-9988,8028,-254,198,-127,-14764,4852,2740,-1028,89,-46,-14716,-1968,6088,-547,131,-166,0
1573.4296929836273,10640,4092,10880,-105,-83,126,9820,-9992,7680,-23,166,-145,-14692,4848,2908,-1043,106,-85,-14712,-2104,6068,-573,110,-147,0
1573.4647870063782,10676,3884,11068,-100,-44,136,9872,-9944,7956,8,165,-104,-14652,4752,2700,-1078,97,-56,-14712,-2092,6104,-586,112,-152,0
1573.5003011226654,10580,4080,11056,-117,-47,155,9804,-10056,7972,33,186,-105,-14704,4752,2700,-1043,79,-55,-14820,-2128,6020,-568,119,-147,0
1573.5354311466215,10640,4088,10920,-100,-14,140,9824,-10028,7948,12,183,-94,-14816,4808,2752,-1021,57,-94,-14624,-2092,6060,-580,116,-155,0
1573.5711719989777,11004,3984,10800,-93,-55,143,9928,-9956,8004,75,198,-95,-14740,4692,2848,-1111,18,-39,-14712,-2256,6076,-636,107,-204,0
1573.607311964035,10700,4080,11092,-50,-41,156,9820,-10184,8080,83,201,-40,-14696,4788,2564,-1079,10,-19,-14784,-2172,6132,-641,87,-172,0
1573.6424670219421,10604,4144,11084,-51,-40,132,9848,-9996,7972,58,192,-132,-14740,4732,2720,-1074,58,-109,-14800,-2288,5912,-590,153,-154,0
1573.6780729293823,10548,4152,10880,-86,-94,114,9792,-9892,8012,22,134,-194,-14604,4664,2648,-986,112,-140,-14700,-2152,6020,-493,177,-129,0
1573.713504076004,10604,4172,10952,-122,-158,102,9780,-9880,8184,24,185,-172,-14736,4844,2860,-982,67,-126,-14776,-2140,6104,-257,138,-152,0
1573.7491040229795,10704,3884,10912,-170,-149,77,9956,-9732,8032,-19,204,-174,-14712,4648,2884,-999,157,-98,-14700,-2160,6060,-515,132,-148,0
1573.7843680381775,10676,4336,11240,-135,-123,112,9916,-10044,8088,-36,160,-195,-14704,4728,2648,-951,119,-111,-14740,-2212,6048,-501,193,-126,0
1573.8199150562289,10556,4120,11120,-153,-107,130,9568,-9956,7992,-28,93,-208,-14696,4740,2744,-995,148,-81,-14724,-2152,6268,-554,175,-138,0
1573.8551449775696,10600,4140,11032,-85,-111,143,9800,-9924,7976,-87,134,-177,-14672,4824,2672,-982,141,-147,-14744,-2116,6124,-541,113,-129,0
1573.8902781009674,10652,4164,10788,-78,-94,113,9948,-9944,8048,-6,128,-179,-14620,4684,2712,-1050,106,-113,-14740,-2008,6044,-520,159,-132,0
1573.9257719516754,10596,4052,10836,-114,-85,150,9796,-10044,7988,-7,75,-171,-14628,4748,2776,-1053,180,-48,-14880,-2152,6036,-499,139,-117,0
1573.9633159637451,10656,4156,10860,-132,-40,151,9916,-10180,7996,-50,77,-148,-14696,4764,2776,-1054,124,-44,-14692,-2128,6396,-495,97,-72,0
1573.9969141483307,10684,4236,10892,-141,15,141,9908,-9948,7952,-60,81,-129,-14764,4752,2820,-1056,168,4,-14796,-1800,6036,-486,98,-80,0
1574.0304601192474,10760,4080,11096,-143,58,148,9812,-9964,7948,-27,99,-94,-14756,4824,2624,-1068,102,-2,-14840,-2208,6108,-506,74,-105,0
1574.0639529228213,10692,4156,10944,-127,14,109,9864,-9752,8160,-18,156,-113,-14632,4772,2572,-1072,62,-3,-14788,-2224,6016,-490,108,-154,0
1574.0976209640503,10888,4056,10916,-134,65,93,9836,-10036,8052,-14,167,-95,-14752,4612,3056,-1280,73,-35,-14768,-2160,6040,-466,55,-120,0
1574.1311480998993,10672,3848,10756,-165,91,68,9812,-10000,8036,251,499,-81,-14716,4788,2708,-918,-9,251,-14752,-2224,6080,-460,79,-175,0
1574.164479970932,10640,4344,11192,-155,76,30,9860,-10000,8044,-42,210,-120,-14776,4828,2952,-1102,26,36,-14768,-2132,6108,-475,43,-174,0
1574.1979129314425,10680,4180,11012,-105,83,36,9724,-10044,8040,-42,170,-140,-14744,4848,2956,-1046,31,33,-14796,-2120,6320,-768,66,-172,0
1574.2315621376038,10592,4156,10800,-133,110,36,9852,-10040,8064,-44,200,-75,-14584,4888,2988,-1030,11,31,-14760,-1992,6280,-482,13,-165,0
1574.2649631500244,10548,4272,10956,-139,126,88,9868,-10040,7932,-165,153,13,-14788,4820,3000,-990,16,63,-14744,-2256,6236,-478,-27,-188,0
1574.2985339164734,10708,4188,11216,-221,193,39,9760,-10064,8100,-42,277,-255,-14744,4804,2572,-950,-49,93,-14652,-2144,6028,-502,-44,-197,0
1574.331864118576,10524,4104,11196,-151,154,34,9708,-10096,8120,-63,232,-24,-14520,4836,2816,-772,-37,66,-14632,-2164,5964,-506,0,-192,0
1574.3652811050415,10484,4116,11240,-89,74,43,9688,-10048,8080,-50,166,-84,-14628,4892,2704,-1081,252,13,-14716,-2104,6132,-542,60,-213,0
1574.3985819816587,10568,4144,11264,-106,73,51,9884,-10132,8156,-59,138,-98,-14776,4796,2840,-1042,9,-40,-14808,-2256,6196,-486,74,-223,0
1574.4320781230929,10700,4120,11064,-105,75,18,9888,-10136,8176,-40,182,-103,-14816,5092,2800,-983,16,-38,-14616,-2148,6176,-496,86,-213,0
1574.4656529426575,10540,4164,10900,-114,53,27,9676,-10008,8064,-32,210,-118,-14612,5104,3032,-951,-9,251,-14640,-2192,6216,-767,76,-224,0
1574.499230146408,10452,4248,10836,-62,24,26,9708,-10108,8168,-254,243,-133,-14672,4840,2668,-1062,-27,-33,-14752,-2296,6300,-481,114,-216,0
1574.5326719284058,10472,4180,11160,-116,26,-25,9752,-10240,8112,35,306,-163,-14688,4760,2812,-970,-17,-80,-14684,-2536,6304,-432,101,-2,0
1574.5657811164856,10608,4212,11048,-177,54,-38,9820,-10008,7980,-33,308,-188,-14672,4808,2816,-953,-51,-108,-14744,-2348,5928,-399,75,-291,0
1574.5994861125946,10616,4268,11000,-150,66,-108,9804,-9956,8084,-56,311,-225,-14624,4760,3288,-978,-50,-95,-14692,-2056,6024,-400,149,-512,0
1574.6328630447388,10436,4388,11100,-107,17,-74,9708,-9980,8028,-80,247,-223,-14624,4688,2728,-1048,30,-65,-14612,-2116,6096,-496,151,-216,0
1574.6664309501648,10552,4268,11000,-75,-21,-20,9644,-9988,8008,-87,167,-184,-14456,4980,2824,-981,67,-68,-14812,-2100,6208,-506,103,-151,0
1574.6999509334564,10552,4148,11204,-103,56,51,9648,-10036,8188,-62,97,-114,-14564,4868,2764,-1033,117,-34,-14796,-2092,6176,-479,53,-89,0
1574.7336220741272,10484,4116,11244,-160,66,102,9648,-10040,8060,-35,119,-51,-14632,5000,2576,-993,81,52,-14612,-2152,6240,-450,40,-112,0
1574.7669839859009,10416,4264,11096,-206,30,147,9560,-9988,8128,-32,143,-117,-14816,4976,2824,-1007,103,-50,-14628,-2300,6136,-475,80,-86,0
1574.8005120754242,10396,4180,11312,-191,-78,136,9616,-10104,7888,-69,159,-157,-14592,4880,2772,-882,115,-85,-14620,-2344,6176,-472,121,-92,0
1574.8339619636536,10264,4244,11252,-216,-186,114,9628,-9936,7964,-91,170,-291,-14552,4660,3152,-878,99,-164,-14540,-2552,6244,-409,159,-218,0
1574.867350101471,10156,4172,11048,-261,-190,-19,9708,-10036,8048,-42,346,-225,-14364,4720,3080,-951,-21,-206,-14716,-2192,6200,-627,276,-234,0
1574.9009189605713,10520,4184,11232,-73,-103,38,9720,-10032,8164,57,146,-171,-14656,4948,2724,-1134,150,-141,-14880,-2004,6012,-539,163,-83,0
1574.9345009326935,10808,4204,11192,1,-30,201,9760,-10056,7840,-50,13,-109,-14576,4884,2808,-1202,231,127,-14768,-1864,5948,-663,60,55,0
1574.9681279659271,10572,4016,11208,12,18,388,9752,-10172,7844,28,-84,-12,-14620,4884,2588,-1227,358,96,-14684,-2176,6384,-583,-66,22,0
1575.004872083664,10516,4324,11192,-48,38,315,9884,-10168,8044,72,31,-45,-14812,4944,2952,-1156,191,-29,-14748,-2084,6168,-563,147,-103,0
1575.0408711433413,10496,4052,11104,-105,-30,198,9668,-10308,8092,63,185,-30,-14672,5080,2860,-1083,-34,-58,-15016,-2124,6376,-618,107,-135,0
1575.07608294487,10252,4080,11180,0,51,164,9668,-10104,8052,148,246,1,-14644,4992,2856,-1102,37,-81,-14600,-2220,6284,-642,35,-220,0
1575.1119120121002,10356,4104,11120,-29,75,130,9516,-10092,7956,140,340,-4,-14788,4824,2572,-1040,-29,-168,-14728,-2548,6332,-629,102,-261,0
1575.1481750011444,10552,4280,11248,-34,-11,53,9812,-10072,8264,142,323,-65,-14624,4828,2932,-1117,-28,-87,-14772,-2456,5912,-616,146,-290,0
1575.183464050293,10384,4160,10772,-63,28,72,9500,-10164,8180,108,236,-67,-14344,4948,3124,-1074,-27,-86,-14740,-2316,6216,-598,78,-209,0
1575.2192549705505,10452,4376,11172,24,28,84,9272,-10240,8068,64,195,-101,-14552,4868,3064,-1187,16,-31,-14612,-2420,6172,-593,94,-201,0
1575.2546970844269,10292,4472,10948,-69,4,121,9440,-9996,8236,51,237,-124,-14544,4756,2852,-1084,84,-56,-14476,-2448,6140,-552,138,-137,0
1575.290729045868,10356,4300,11192,-72,-89,117,9568,-10076,8108,5,133,-218,-14472,4904,2864,-1076,51,-92,-14732,-2316,6204,-533,170,-93,0
1575.3256230354307,10348,4272,11472,-84,-97,122,9648,-10072,8248,97,164,-172,-14668,4892,3232,-1088,38,-79,-14808,-2344,6368,-496,96,-222,0
1575.36181807518,10432,4364,11024,-66,32,33,9640,-10212,8212,46,287,-95,-14648,4880,2824,-1043,-97,-92,-15080,-2536,6176,-602,142,-184,0
1575.3977379798887,10564,4268,11148,-34,55,64,9596,-10060,8180,0,217,-112,-14696,4868,2972,-1016,-46,-6,-14800,-2380,6328,-595,53,-180,0
1575.4326529502869,10276,4568,11128,1,85,108,9576,-10012,8084,-28,208,-31,-14396,4884,2848,-1014,1,9,-14716,-2256,6000,-630,-25,-162,0
1575.4676630496979,10528,4216,11216,-79,84,180,9524,-10236,8292,-27,40,-41,-14644,5108,2624,-1075,89,52,-14644,-2272,6168,-625,23,-97,0
1575.5034170150757,10500,4308,11012,-53,21,231,9556,-9924,7948,-100,-39,-41,-14456,4760,2712,-1030,161,61,-14544,-2396,6048,-517,16,-37,0
1575.539752960205,10344,4408,11156,-155,-15,203,9448,-9948,8024,-120,21,-150,-14428,4576,2996,-948,251,-55,-14500,-2392,6352,-399,127,18,0
1575.5750451087952,10140,4236,10900,-300,-129,183,9676,-9800,8004,-148,16,-340,-14488,4488,2940,-1035,320,-170,-14480,-2408,5992,-285,356,46,0
1575.6104180812836,10312,4432,11004,-339,-294,92,9536,-9948,8176,-114,54,-499,-14708,4528,3304,-905,214,-289,-14588,-2712,6380,-149,356,-63,0
1575.647138118744,10316,4576,11040,-430,-263,-81,9584,-10052,8328,-76,297,-505,-14788,4732,3272,-787,83,-263,-14852,-2520,6348,-205,357,-200,0
1575.680696964264,10264,4408,11512,-277,-295,-104,9520,-10148,8248,-114,191,-468,-14540,4984,3108,-833,30,-504,-14676,-2308,6240,-358,346,-132,0
1575.714049100876,10412,4392,11212,-194,-222,-15,9376,-10096,8248,-106,53,-378,-14492,5040,2904,-908,138,-148,-14708,-2224,6352,-395,211,-40,0
1575.7474849224093,10364,4232,11040,-139,-114,116,9492,-10492,8028,-119,-41,-313,-14504,5048,3044,-957,312,-108,-14596,-2168,6632,-395,231,38,0
1575.7810609340668,10428,4128,11216,-215,-175,243,9532,-10168,8128,-164,-101,-296,-14552,5092,3056,-932,407,-95,-14604,-2136,6148,-327,228,177,0
1575.81449508667,10404,4160,11252,-305,-209,310,9612,-10120,7952,-127,-93,-308,-14484,4964,2752,-915,469,-183,-14556,-2232,6200,-333,382,193,0
1575.8480701446533,10352,4220,11008,-355,-372,350,9560,-10208,7988,-49,-3,-315,-14704,5008,2924,-984,429,-216,-14676,-2220,6232,-399,433,175,0
1575.8834030628204,10512,4336,11160,-270,-394,321,9792,-10220,7972,-55,65,-393,-14812,4860,2780,-917,406,-501,-14816,-2308,6108,-380,385,56,0
1575.91708111763,10548,4128,11192,-5,-410,194,9856,-10064,7976,-101,38,-435,-14764,4652,2856,-846,291,-295,-14732,-2240,6076,-341,386,-13,0
1575.9574210643768,10716,4220,11136,-307,-384,85,9920,-9916,7936,-24,89,-406,-14636,4808,2972,-925,207,-271,-14912,-2300,5916,-407,324,-98,0
1575.9917030334473,10644,4340,11032,-511,-267,12,9824,-10032,7956,49,85,-347,-14820,4688,2768,-948,172,-245,-15080,-2172,6092,-368,258,-139,0
1576.025057077408,10592,4228,11132,-222,-210,-40,9800,-9996,8016,-40,148,-383,-14656,4752,2916,-919,127,-207,-14696,-2072,6036,-306,280,-111,0
1576.0584211349487,10420,4120,11164,-307,-269,3,9640,-10232,7908,-58,144,-410,-14584,4772,2820,-828,134,-213,-14680,-2296,6016,-331,339,-92,0
1576.091866016388,10556,4132,11112,-327,-510,34,9688,-10116,8056,33,166,-358,-14716,5004,2840,-875,177,-269,-14756,-2072,6116,-333,302,-67,0
1576.1255369186401,10472,4256,11252,-283,-3,92,9640,-10004,8068,-60,83,-323,-14392,4888,2940,-912,145,-251,-14692,-2188,6120,-336,334,-38,0
1576.1588969230652,10472,4124,10816,-324,-356,116,9656,-9948,8124,-85,182,-372,-14580,4792,2768,-786,187,-213,-14696,-2084,5932,-376,350,-14,0
1576.1925251483915,10648,4156,10972,-325,-347,165,9748,-10112,7844,-78,110,-510,-14692,4964,2660,-922,173,-157,-14796,-2096,6036,-454,304,-26,0
1576.2254841327667,10604,4132,10948,-271,-313,182,9756,-9952,8040,252,98,-263,-14748,4764,2656,-919,76,-154,-14824,-2144,6372,-498,243,-53,0
1576.2592630386353,10672,4184,11268,-237,-242,181,9696,-9920,8076,-65,187,-275,-14720,4836,2900,-928,141,-107,-14596,-2116,6048,-479,216,-12,0
1576.2926750183105,10624,4092,10848,-180,-190,162,9524,-9896,8024,-54,171,-269,-14648,4816,2592,-1003,159,-105,-14760,-2040,5888,-507,230,-45,0
1576.326462984085,10520,4312,10752,-198,-224,196,9536,-9764,7728,-34,61,-240,-14700,4808,2644,-998,196,-112,-14804,-2032,6116,-493,218,-7,0
1576.3599300384521,10936,3844,10820,-170,-168,222,9872,-9968,7804,-73,35,-225,-14844,4772,2712,-963,194,-34,-14792,-1952,5948,-480,173,-31,0
1576.3932061195374,10976,4036,11116,-209,-101,166,9844,-9908,7956,-84,84,-193,-14724,5060,2748,-988,197,-83,-14808,-1980,5964,-465,149,-68,0
1576.4268500804899,10716,4080,10920,-228,-50,156,9952,-10088,8008,-54,113,-147,-14692,4892,2592,-1048,160,-62,-15056,-1804,5988,-498,152,-69,0
1576.459839105606,10776,4036,10776,-215,-24,129,9788,-9824,8048,49,62,-179,-14692,4780,2784,-1093,129,-26,-14736,-2300,5944,-485,199,-71,0
1576.493364095688,10696,4120,10828,-209,-16,91,9972,-10036,8112,254,152,-196,-14796,4716,2720,-1271,144,-56,-14740,-2224,6188,-448,156,-130,0
1576.5272660255432,10708,3856,10984,-151,-253,80,9816,-10224,8048,-40,114,-185,-14696,5104,2624,-944,129,-67,-14748,-2024,6160,-448,196,-114,0
1576.5605909824371,10640,3852,11212,-105,-11,82,9708,-10036,8116,-68,145,-138,-14776,4684,2572,-1018,82,-22,-14804,-1952,5996,-543,110,-117,0
1576.594162940979,10672,4304,10920,-146,77,103,9832,-9992,8104,16,186,-52,-14748,4800,2700,-969,63,250,-14720,-1868,5916,-495,45,-93,0
1576.627671957016,10340,4128,10780,-161,102,100,9672,-10232,8032,23,160,-56,-14620,4724,2832,-971,110,-27,-14648,-2208,6048,-435,37,-147,0
1576.6609950065613,10516,4156,11048,-135,30,45,9736,-10096,8056,-76,130,-188,-14644,4720,2864,-945,42,-111,-14828,-2212,6052,-484,177,-152,0
1576.6986620426178,10624,4176,11156,-136,-66,70,9792,-9924,8192,-57,180,-171,-14704,4748,2692,-969,78,-76,-14652,-2024,6044,-480,112,-159,0
1576.7338881492615,10704,4208,11188,-137,-26,69,9760,-9956,8104,-90,-19,-166,-14728,4660,2704,-949,108,-46,-14716,-2120,5644,-520,85,-117,0
1576.76953291893,10524,3968,11080,-116,-68,94,9836,-10108,7952,-63,125,-158,-14768,4868,2772,-950,63,-35,-14828,-2076,6160,-765,101,-154,0
1576.8047020435333,10648,4040,11068,-113,22,27,9896,-10240,7828,-75,178,-105,-14768,4868,2524,-904,5,-43,-14764,-2048,5960,-524,49,-208,0
1576.8406980037687,10592,4068,11112,-93,240,51,9676,-10076,7836,-74,136,-94,-14732,4892,2344,-939,62,-37,-14716,-2296,6320,-521,115,-219,0
1576.8755691051483,10532,4192,11040,-128,-18,41,9852,-9988,7868,37,233,-99,-14632,4932,2676,-975,95,-105,-14744,-2068,6096,-466,128,-176,0
1576.911451101303,10588,4100,11100,-119,-13,48,9640,-10208,7772,-6,84,-114,-14664,4792,2772,-969,114,-80,-14632,-2120,5968,-414,195,-170,0
1576.947186946869,10456,4152,11108,-165,-101,78,9592,-9968,8012,-31,72,-217,-14644,4832,2748,-992,119,-170,-14736,-2280,6024,-455,246,-124,0
1576.982381105423,10568,4192,10920,-114,-104,107,9648,-9900,8128,-41,-256,-229,-14652,4780,2868,-962,181,-97,-14712,-2244,6128,-460,175,-77,0
1577.0174560546875,10712,4244,11096,-92,-53,176,9860,-9904,8044,-127,-18,-222,-14776,4708,2944,-957,180,-95,-14812,-2148,5948,-445,156,-52,0
1577.0534119606018,10676,4132,11024,-166,-28,126,9872,-9928,8156,-71,25,-216,-14768,4724,2672,-1003,125,4,-14756,-2112,6068,-445,99,-52,0
1577.089252948761,10976,4120,11072,-274,15,163,9820,-9768,8048,-35,104,-120,-14668,4776,2588,-993,153,-229,-14804,-2100,6068,-394,66,-28,0
1577.124613046646,10596,4208,11008,-503,44,143,9860,-10056,8120,-93,77,-98,-14800,4868,2600,-971,131,251,-14796,-1980,6124,-459,45,-37,0
1577.1599810123444,10592,4056,10944,-180,59,103,10008,-10048,8072,-12,145,-72,-14828,4772,2728,-1005,95,-6,-14716,-1852,6100,-477,128,-85,0
1577.1954469680786,10620,4336,11016,-149,73,88,9828,-10208,7768,66,178,-98,-14736,4808,2668,-1065,5,244,-14808,-2056,6112,-490,125,-179,0
1577.231013059616,10544,4328,10992,-183,75,25,9844,-10048,8056,20,236,-166,-14664,4740,2568,-953,-26,-25,-14720,-1936,6024,-439,115,-206,0
1577.2662520408633,10480,4044,11132,-204,-23,-34,9780,-10148,8056,-77,494,-269,-14736,4776,2312,-964,-48,-134,-14760,-1976,6148,-450,211,-226,0
1577.302088022232,10728,3952,11072,-253,-71,-68,9840,-10120,8116,11,275,-321,-14760,4688,2832,-967,-4,-195,-14712,-1944,6004,-483,267,-204,0
1577.3376679420471,10252,4148,11168,-158,-146,-256,9780,-10128,7968,53,194,-292,-14668,4904,2868,-996,21,-163,-14736,-2204,6084,-448,233,-218,0
1577.3711619377136,10408,4304,11284,-163,-163,-32,9800,-10008,8040,10,247,-336,-14740,4848,3032,-895,43,-281,-14668,-2284,6348,-384,375,-183,0
1577.4043400287628,10464,4268,11436,-283,-309,-44,9656,-10208,7964,-27,379,-391,-14600,4884,2604,-910,43,-303,-14696,-1944,6080,-405,495,-186,0
1577.4379560947418,10696,4076,10888,-188,-333,-1,9488,-9792,8060,76,418,-396,-14656,5108,2944,-1011,45,-371,-15072,-2032,6112,-451,426,-148,0
1577.471612930298,10600,4076,11156,-124,-304,-2,9812,-9940,8048,95,303,-376,-14780,4852,2872,-955,21,-282,-15044,-2100,6008,-761,412,-198,0
1577.5049560070038,10540,4140,11044,-139,-302,-17,9856,-10072,8104,48,311,-401,-14808,4748,2876,-927,49,-351,-14736,-2028,6076,-523,454,-242,0
1577.5386319160461,10540,4108,11160,-80,-434,-41,9880,-10208,8176,70,209,-554,-14632,4420,2716,-912,121,-759,-14692,-2212,5840,-502,578,-175,0
1577.5718820095062,10592,4148,10848,-48,-573,-19,9808,-9736,8108,22,151,-637,-14684,4568,3032,-917,156,-545,-14760,-2156,5820,-464,598,-180,0
1577.6054849624634,10592,4228,10952,-72,-624,5,9956,-9664,8056,-79,70,-651,-14956,4596,2772,-870,160,-495,-14900,-2136,5916,-379,583,-143,0
1577.6391530036926,10696,4212,11056,-219,-580,19,10140,-9820,8132,-16,-18,-602,-14792,4804,2668,-953,231,-414,-14996,-2024,5720,-410,531,-107,0
1577.6724879741669,10724,4168,10888,-163,-425,115,9752,-9864,8096,167,75,-404,-14736,4716,2848,-1095,243,-308,-14964,-2180,5844,-543,437,-69,0
1577.705687046051,10720,4252,11036,-121,-255,157,9832,-9776,8244,142,85,-296,-14720,4756,2716,-1095,203,-213,-14908,-2244,5964,-530,336,-12,0
1577.7392690181732,10636,4236,11096,-139,-307,199,9500,-9848,8044,255,34,-350,-14700,4708,2828,-1037,253,-208,-14680,-2124,5928,-456,376,39,0
1577.772676944733,10604,4040,11080,-194,-408,193,9864,-10092,8132,-15,-51,-390,-14744,4600,2576,-1042,309,-321,-14696,-2124,5756,-495,520,60,0
1577.8063719272614,10648,4172,10900,-133,-569,286,9912,-9832,8188,11,-46,-517,-14796,4588,2708,-775,346,-395,-14908,-2108,5664,-577,573,66,0
1577.8400239944458,10684,4260,10896,-17,-709,263,9916,-9816,8144,-273,-334,-640,-14700,4404,2572,-832,400,-460,-14956,-1856,5872,-574,601,74,0
1577.8737440109253,10988,4300,10996,-76,-735,320,10096,-9624,8220,-351,-472,-704,-15016,4400,2412,-847,430,-441,-15344,-2132,5504,-264,533,62,0
1577.9071700572968,11176,3912,10320,-49,-606,212,10400,-9588,8020,-187,-208,-532,-15308,4572,2728,-822,318,-357,-15116,-2012,5492,-430,295,-91,0
1577.9408190250397,11152,4236,10584,-78,-373,111,10180,-9632,8108,-99,-266,-634,-14908,4372,2488,-855,124,-149,-15044,-2120,5488,-445,150,-116,0
1577.9742550849915,11100,4500,10576,-192,-146,106,10008,-9596,7964,-164,-41,-335,-14912,4532,2804,-926,150,-31,-15076,-1964,5696,-426,68,-50,0
1578.0079979896545,10932,4220,10772,-335,-138,187,10040,-9796,7936,-123,155,-125,-14716,4724,2652,-931,212,43,-14960,-1936,5844,-463,65,67,0
1578.0416080951693,10960,4056,10828,-314,-203,309,10060,-9808,8048,-104,64,-87,-14776,4756,2484,-1073,289,35,-14924,-1944,5740,-609,90,51,0
1578.0750391483307,10752,4100,10836,-239,-192,386,9920,-10008,8104,-53,21,-40,-14744,4736,2648,-1095,234,253,-14932,-1804,5692,-737,41,70,0
1578.1085860729218,10816,4068,11056,-153,-192,414,9972,-9888,8160,-70,19,-28,-14656,4608,2812,-1104,292,5,-14812,-2020,5728,-723,74,95,0
1578.1416540145874,10532,4264,10872,-49,-316,461,9980,-10232,7960,-56,-177,-152,-14832,4720,2636,-1209,337,-102,-14784,-1872,5824,-793,214,86,0
1578.1752569675446,10812,4048,10780,-69,-373,481,10080,-9888,7992,23,-231,-226,-14840,4596,2740,-1193,363,-164,-14896,-1828,5636,-846,242,44,0
1578.208822965622,10940,3960,10580,15,-437,385,10184,-9680,7932,-106,-158,-296,-14736,4544,2472,-1125,283,-183,-14644,-2260,5704,-753,231,-5,0
1578.2423620224,11056,3992,10732,-98,-481,320,10184,-9556,7832,-48,-131,-323,-14860,4604,2540,-1151,277,-161,-14936,-1996,5668,-683,219,50,0
1578.2755780220032,11112,4088,10596,-173,-401,360,10076,-9864,7828,50,-30,-219,-14804,4584,2632,-1105,271,-134,-14656,-2072,5504,-660,230,14,0
1578.3091180324554,11016,4096,10588,-130,-370,305,10332,-9760,7864,-39,130,-191,-14928,4376,2584,-988,166,-157,-14872,-2012,5688,-609,190,-29,0
1578.34245800972,11120,4204,10496,-209,-379,270,10104,-9680,7688,-122,73,-206,-14776,4440,2720,-976,195,-88,-14912,-2060,5400,-523,147,-8,0
1578.380604982376,11028,4108,10460,-223,-287,235,10140,-9696,7700,-71,-21,-246,-14820,4312,2620,-1012,505,-141,-14812,-2076,5324,-559,214,-42,0
1578.41552901268,11172,4012,10340,-86,-211,509,10088,-9604,7884,-103,-87,-232,-14704,4332,2364,-1082,263,-118,-14968,-2180,5420,-545,180,-39,0
1578.4518189430237,11208,4156,10144,-138,-100,237,10200,-9700,7748,-112,-46,-222,-14764,4400,2428,-1074,262,29,-14860,-1992,5456,-531,83,-14,0
1578.487508058548,11072,3996,10276,-178,103,219,10316,-9604,7740,-105,-23,-103,-14784,4408,2516,-1143,147,88,-14820,-1832,5364,-526,28,-92,0
1578.5227251052856,11116,3876,10448,-184,235,138,10340,-9612,7624,78,35,-26,-14856,4512,2508,-1197,-29,121,-15012,-1888,5724,-487,-62,-191,0
1578.5587339401243,11196,3960,10472,-210,474,30,10472,-9648,7752,-34,284,148,-14820,4596,2792,-1046,-176,273,-15116,-1900,5776,-454,-314,-144,0
1578.5942330360413,11256,4016,10844,-280,502,77,10300,-10036,8036,-130,254,185,-15332,4712,2456,-1053,-147,302,-15116,-1872,5708,-484,-300,-136,0
1578.6297860145569,11112,3972,11208,-249,377,176,10156,-10436,8120,-19,164,204,-15004,5080,2696,-1061,-41,189,-14876,-2124,5968,-506,-236,-171,0
1578.6650450229645,10860,4100,10980,77,508,119,10116,-9984,7856,-154,139,54,-14744,4640,2560,-961,-61,107,-14872,-2096,5900,-523,-178,-227,0
1578.700891971588,10840,3920,10560,19,230,75,9992,-9880,7736,-172,187,31,-14780,4592,2540,-930,-61,83,-14764,-2036,5736,-766,-157,-254,0
1578.7360661029816,10868,3932,10676,3,508,-255,10064,-9884,7852,-117,267,15,-14752,4584,2596,-912,-46,57,-14696,-1864,5752,-470,-87,-504,0
1578.7718460559845,10752,3624,10892,-96,196,-41,10136,-10228,7836,-65,265,-86,-14800,4844,2692,-975,-61,-60,-14796,-1868,5880,-442,117,-259,0
1578.8074841499329,10844,3664,11004,-90,101,-104,10128,-9956,7776,104,335,-160,-14836,4680,2488,-1059,-117,-149,-14932,-1880,5800,-503,139,-320,0
1578.8433320522308,11032,4040,10528,-52,98,-113,10088,-9908,7824,182,291,-156,-14776,4660,2460,-1109,-115,-116,-14892,-1888,5800,-762,156,-273,0
1578.879226922989,10884,4332,10684,-47,135,-56,9988,-9876,7744,182,237,-158,-14872,4796,2736,-1155,-22,-144,-15060,-2060,5808,-486,182,-235,0
1578.914216041565,10880,3932,11160,-38,117,-14,10208,-9788,7952,148,178,-186,-14832,4404,2628,-1153,37,-112,-14900,-2112,5644,-519,162,-202,0
1578.94970703125,10860,4152,10908,22,24,55,10124,-9496,7828,81,120,-165,-14788,4824,2560,-1108,13,-117,-14812,-2116,5824,-544,149,-211,0
1578.9848680496216,10796,4164,10740,6,62,21,10176,-9500,7764,42,166,-165,-14744,4476,2712,-1058,12,-169,-14820,-2136,5732,-492,163,-177,0
1579.0202960968018,10768,4224,10708,-84,20,49,10144,-9876,8044,50,277,-173,-14664,4576,2688,-1000,252,-88,-14928,-2160,5724,-481,129,-199,0
1579.053791999817,10852,4172,10868,-70,32,-4,10172,-9780,7956,53,247,-190,-14856,4484,2520,-944,-18,-113,-15084,-2164,5796,-261,107,-245,0
1579.087471961975,10768,4120,10760,-49,0,-24,10184,-9976,8156,32,229,-179,-14808,4648,2712,-928,-11,-109,-14948,-2148,5736,-482,110,-278,0
1579.121022939682,10792,4216,10640,-14,13,-17,10100,-9792,8036,43,197,-172,-14776,4680,2644,-977,-42,-127,-14972,-1816,5852,-761,74,-280,0
1579.1542620658875,10896,4132,10780,-31,72,-53,10056,-9736,8148,71,204,-165,-14776,4360,2736,-1012,-55,-76,-14796,-2020,5832,-764,93,-269,0
1579.1875860691073,10792,4232,10888,-4,53,-6,9772,-9828,7880,19,139,-165,-14756,4740,2652,-1035,34,-46,-14756,-2232,5844,-527,100,-231,0
1579.2210581302643,10996,4168,10908,249,35,15,9996,-9896,7840,-29,120,-146,-14856,4508,2708,-988,58,-82,-14888,-2096,5732,-535,133,-205,0
1579.2545750141144,10832,4216,10824,-129,51,49,9940,-9856,7984,249,203,-134,-14796,4704,2716,-1008,53,-79,-14812,-1976,5828,-761,95,-156,0
1579.287929058075,10764,4200,10892,-60,49,83,10056,-9784,8020,-19,169,-157,-14752,4596,2708,-1060,125,-77,-14648,-2052,5824,-550,117,-146,0
1579.3215990066528,10704,4248,10856,-100,28,148,9944,-9852,7956,-43,96,-101,-14808,4688,2808,-1065,80,17,-15080,-2200,5928,-549,83,-137,0
1579.3552660942078,10740,4100,10944,-60,59,137,10020,-9800,8000,-56,181,-93,-14800,4676,2696,-1016,75,-24,-14932,-2288,5876,-484,34,-156,0
1579.38853597641,10860,4212,10988,-110,48,100,10224,-9836,7984,-256,124,-91,-14868,4684,2860,-1002,73,-35,-14832,-2120,6116,-767,70,-147,0
1579.4218909740448,10696,4220,10916,-76,38,98,10052,-9824,7704,-254,171,-135,-14636,4388,2560,-1052,114,-89,-14668,-2256,5872,-533,122,-153,0
1579.455626964569,10724,4284,11128,-79,-35,100,9928,-9848,7804,-4,126,-172,-14732,4660,2788,-1072,136,-106,-14780,-2192,5880,-258,166,-103,0
1579.489154100418,10944,4212,10836,-94,-87,121,9928,-9796,8048,-57,114,-190,-14680,4636,2920,-1040,139,-78,-14820,-2100,5880,-479,165,-70,0
1579.5226891040802,10552,4104,10964,-126,-43,147,10220,-9876,7692,-66,36,-172,-14732,4756,2804,-1056,184,-57,-14956,-2140,5860,-257,119,-82,0
1579.5562369823456,10856,4280,10768,-113,-28,188,9988,-9860,7924,-81,254,-131,-14780,4628,2596,-1036,190,-40,-14852,-2060,5644,-495,100,-49,0
1579.5896661281586,10568,4268,10896,-109,-40,203,10044,-9816,8064,-110,-29,-158,-14972,4696,2552,-991,194,-77,-14804,-2064,6112,-501,116,-50,0
1579.623347043991,10524,4212,10872,-115,-51,174,10020,-9924,7860,-90,81,-141,-14712,4576,3000,-980,114,-67,-14940,-2144,6112,-506,133,-104,0
1579.6568191051483,10768,4196,10876,-159,-55,106,10232,-9916,8004,-56,167,-179,-14644,4404,2684,-1005,68,-5,-14904,-1840,5972,-498,117,-148,0
1579.6904969215393,10924,4136,10916,-134,-18,73,10140,-9868,7792,-27,181,-160,-14868,4740,2672,-994,26,-37,-14924,-1816,6104,-479,157,-151,0
1579.7239999771118,10704,4208,10856,-160,-15,49,10128,-9760,7836,-19,211,-177,-14864,4436,2700,-1003,40,-90,-14912,-2176,5916,-487,150,-157,0
1579.7577080726624,10784,4272,10896,-117,-71,45,9908,-9900,8076,-12,211,-189,-14700,4680,2676,-1003,78,-136,-14880,-2016,5912,-257,172,-151,0
1579.7911710739136,10764,4240,11052,-153,-71,77,10172,-9848,8024,-252,72,-187,-14696,4668,2720,-1036,71,-76,-14888,-2100,6008,-504,128,-127,0
1579.824497938156,10632,4320,10896,-127,-38,116,9912,-9908,8032,253,151,-162,-14808,4656,2608,-1030,90,-64,-14956,-2192,5932,-486,104,-167,0
1579.8583250045776,10544,4244,10864,-165,-62,90,9952,-9856,7984,-28,231,-158,-14640,4644,2820,-1001,58,-54,-14720,-2124,5832,-496,136,-125,0
1579.8917191028595,10668,4228,11004,-165,-14,73,10020,-9836,7856,-25,155,-182,-14668,4668,2880,-1063,93,-81,-14784,-2144,5644,-503,145,-149,0
1579.9252030849457,10612,4336,10812,-155,-54,93,10068,-9780,7904,-35,151,-172,-14828,4708,2868,-1052,113,-133,-14828,-2160,5976,-534,172,-115,0
1579.9588830471039,10740,4392,10752,-126,-59,110,10108,-9800,7936,-71,114,-195,-14720,4560,2692,-1007,104,-119,-14608,-2172,5636,-471,113,-106,0
1579.9924290180206,10652,4568,11056,-145,-52,95,10048,-9812,7896,-56,141,-157,-14820,4624,2576,-936,131,-70,-14880,-2132,5776,-482,143,-119,0
1580.025810956955,10708,4256,10860,-153,-86,130,10160,-9840,7892,-61,76,-180,-14780,4404,3024,-1049,117,-69,-14628,-2244,5744,-520,174,-86,0
1580.063596010208,10788,4256,10652,-114,-68,160,10064,-9924,7848,-36,56,-188,-14764,4580,2720,-1029,155,-90,-14876,-2156,5776,-767,151,-123,0
1580.099632024765,10808,4256,11168,-146,-82,133,10084,-9832,7856,-19,69,-172,-14752,4692,3044,-1275,138,-114,-14864,-2124,5840,-473,133,-119,0
1580.1348841190338,10620,4192,10884,-128,-39,75,10016,-9888,8004,-66,77,-165,-14764,4656,2752,-1032,83,-75,-14900,-2200,5916,-498,132,-141,0
1580.1708631515503,10764,4236,10988,-139,-39,83,9804,-9868,8164,-19,167,-168,-14808,4724,2324,-988,101,-93,-14600,-2100,5880,-501,139,-111,0
1580.2060279846191,10720,4212,11252,-149,-34,73,10000,-9932,8172,-15,148,-204,-14780,4672,2672,-1044,122,-71,-14856,-2092,5944,-496,162,-149,0
1580.2423119544983,10676,4220,10896,-171,-78,86,9904,-9900,7904,-26,121,-196,-14704,4816,2760,-943,110,-43,-15056,-2144,5944,-468,126,-136,0
1580.2779791355133,10764,4180,10944,-135,-46,78,10068,-9892,7968,-72,128,-178,-14788,4644,2796,-983,98,-141,-14856,-2060,5940,-487,142,-129,0
1580.3133699893951,10688,4260,10932,-201,-109,86,10024,-9724,7956,23,192,-197,-14804,4700,2612,-1030,57,-110,-14736,-2316,5932,-452,186,-131,0
1580.3494329452515,10576,4304,10772,-164,-93,97,9916,-9884,8084,-45,160,-225,-14744,4836,2760,-947,105,-111,-14984,-2160,5872,-475,196,-100,0
1580.384654045105,10740,4312,10992,-163,-105,113,9992,-9848,7964,-47,103,-207,-14804,4712,2664,-952,105,-116,-14920,-2256,6100,-476,147,-107,0
1580.4204690456393,10744,4332,10876,-133,-61,134,10104,-9744,7876,-51,119,-170,-14656,4640,2684,-966,109,-61,-14880,-2184,6100,-501,125,-104,0
1580.4560611248016,10520,4256,11152,-137,-61,141,9984,-9864,8012,-19,118,-145,-14804,4628,2832,-1031,113,-65,-15008,-2192,5764,-493,118,-114,0
1580.4917891025543,10688,4280,10892,-140,-70,112,10028,-9904,7928,-43,121,-175,-14676,4716,2800,-772,101,-57,-15000,-2156,5860,-483,132,-122,0
1580.528126001358,10524,4296,11036,-173,-50,114,9756,-9920,7912,-48,109,-164,-14700,4676,2684,-1012,123,-53,-14728,-2036,5864,-500,117,-115,0
1580.563498020172,10508,4592,10968,-132,-75,98,10044,-9892,8180,-39,230,-171,-14736,4572,2508,-944,123,-125,-14800,-2128,5988,-483,140,-101,0
1580.599200963974,10668,4144,10728,-129,-75,105,10168,-9820,7804,-30,109,-177,-14720,4584,2636,-1021,123,-69,-14812,-2048,5828,-478,163,-133,0
1580.6341149806976,10680,4184,10988,-128,-53,126,9984,-9928,7988,-26,110,-187,-14788,4684,2968,-1015,114,-99,-15060,-2136,5972,-472,165,-113,0
1580.6701440811155,10744,4144,10904,-126,-50,90,9760,-9888,7796,-21,120,-172,-14756,4680,2600,-1004,-6,-47,-14688,-2160,6140,-490,139,-117,0
1580.7056529521942,10752,4352,10968,-141,-50,88,10228,-9872,7688,-32,158,-145,-14776,4640,2752,-1037,123,-75,-15084,-2252,5704,-508,134,-115,0
1580.7391901016235,10756,4292,10944,-153,-67,83,9992,-9784,8036,-24,150,-154,-14848,4664,2664,-1007,69,-36,-14784,-2140,5956,-482,148,-124,0
1580.7723450660706,10684,4244,10944,-165,-61,103,10056,-9864,8156,-8,168,-167,-14700,4592,2756,-990,107,-102,-14880,-2176,5840,-480,150,-101,0
1580.805592060089,10700,4344,10896,-163,-122,103,9972,-9800,8156,252,168,-207,-14788,4820,2776,-1009,74,-144,-15036,-2104,5924,-476,186,-122,0
1580.8395490646362,10608,4268,10836,-191,-116,118,10000,-9872,7996,-26,124,-192,-14620,4704,2648,-1023,120,-148,-15036,-2444,5940,-501,208,-60,0
1580.8729641437533,10680,4364,11032,-196,-170,145,10040,-9864,8112,-52,92,-224,-14816,4708,2840,-987,136,-120,-14612,-2168,6136,-505,231,-83,0
1580.906014919281,10732,4384,10856,-187,-199,154,10024,-9836,7828,-37,127,-226,-14708,4684,2836,-990,151,-118,-15068,-2204,5988,-475,201,-89,0
1580.9397749900818,10708,4240,10904,-216,-200,152,9956,-9812,7844,-46,96,-212,-14808,4668,2740,-966,158,-145,-14876,-2156,5840,-506,163,-59,0
1580.9758839607239,10800,4260,11116,-180,-192,156,10028,-9892,7872,-53,100,-196,-14756,4420,2664,-951,119,-150,-14916,-2128,5884,-491,179,-62,0
1581.0100121498108,10772,4228,10880,-187,-217,162,10012,-9784,8004,-50,114,-199,-14796,4576,2628,-963,126,-128,-14856,-2032,5784,-497,184,-101,0
1581.0436549186709,10768,4276,10892,-225,-171,135,10112,-9904,7808,-50,110,-231,-14752,4668,2752,-946,121,-129,-14888,-2148,5880,-477,154,-84,0
1581.0770061016083,10520,4196,10604,-214,-184,140,10124,-9888,8040,-67,119,-217,-14808,4632,2656,-964,148,-72,-14860,-2032,5892,-493,158,-90,0
1581.1105890274048,10820,4148,10792,-239,-178,120,10140,-9876,7872,-36,107,-164,-14724,4716,2724,-998,117,-113,-14928,-2060,5908,-492,164,-99,0
1581.1440019607544,10792,4292,10792,-251,-210,175,10068,-9860,8004,7,130,-194,-14776,4388,2676,-999,125,-134,-14888,-2136,5732,-493,192,-103,0
1581.1775119304657,10668,4296,10760,-236,-176,145,10120,-9804,7696,-37,154,-202,-14808,4536,2664,-948,129,-150,-14760,-2076,5796,-507,190,-85,0
1581.2111229896545,10832,4248,10768,-256,-218,109,10028,-9816,7936,-255,121,-205,-14784,4376,2760,-981,143,-112,-14604,-2132,5904,-476,223,-86,0
1581.2447681427002,10844,4184,10924,-230,-188,134,10024,-9860,7968,-7,112,-210,-14864,4584,2740,-1014,148,-108,-14888,-2192,5832,-497,157,-111,0
1581.2778909206393,10984,4184,10620,-193,-146,145,10132,-9884,7760,-17,115,-167,-14808,4592,2660,-1011,114,-69,-14808,-2116,5940,-459,103,-112,0
1581.311504125595,10828,4200,10792,-217,-164,111,10020,-9980,7876,-36,148,-176,-15080,4528,2996,-972,100,-101,-15100,-2148,6044,-483,106,-125,0
1581.3449840545654,10656,4228,10772,-171,-138,116,9816,-9752,7924,-19,159,-164,-14772,4628,2700,-1002,125,-97,-14908,-2204,5748,-487,179,-111,0
1581.378466129303,10852,4184,10552,-164,-143,134,10044,-9796,7904,-12,129,-208,-14792,4480,2504,-965,123,-121,-14856,-2152,5816,-257,205,-82,0
1581.4121611118317,10536,4272,10604,-156,-204,137,10076,-9816,7896,-2,120,-218,-14732,4628,2824,-990,128,-57,-14816,-2072,5920,-465,186,-75,0
1581.4457070827484,10796,4204,10724,-185,-132,151,10076,-9772,7680,-16,118,-200,-14744,4540,2688,-1043,124,-124,-14836,-2220,5924,-491,176,-124,0
1581.4789550304413,10848,4200,10976,-149,-77,112,10120,-9936,7916,10,116,-178,-14748,4600,2656,-1023,108,-115,-14788,-2208,5812,-494,163,-128,0
1581.5123779773712,10804,4192,10980,-120,-33,118,10024,-9884,8144,-12,131,-183,-14852,4592,2732,-1054,114,-41,-14840,-2108,5736,-483,155,-135,0
1581.5458941459656,10840,4160,10756,-124,-1,97,10076,-9788,7988,-12,134,-155,-14672,4600,2692,-1037,115,-58,-14764,-2136,5720,-501,118,-162,0
1581.5793011188507,10844,4232,10948,-116,11,64,10004,-9840,7840,-3,159,-163,-14792,4852,2644,-775,99,-95,-14820,-1996,5844,-496,125,-152,0
1581.612815141678,10824,4260,10972,-107,-9,84,10068,-9868,8148,-20,160,-145,-14788,4588,3068,-1040,104,-53,-14868,-2128,5764,-525,112,-153,0
1581.6461579799652,10524,4248,11004,-103,-4,102,10088,-9872,7700,-25,89,-144,-14824,4612,2644,-1035,99,-40,-14864,-2092,5816,-501,121,-135,0
1581.679624080658,10836,4324,10752,-122,-13,78,10076,-9832,7892,-7,173,-183,-14764,4664,2804,-1039,84,-55,-14848,-2108,5632,-477,153,-141,0
1581.715471982956,10864,4232,10964,-116,7,94,10076,-9768,7996,-2,168,-148,-14776,4756,2752,-977,67,-66,-14844,-2088,6016,-495,106,-123,0
1581.7513029575348,10832,4180,10836,-114,21,67,10060,-9840,7964,249,132,-138,-14868,4700,2796,-1030,69,-86,-14860,-2196,5924,-495,105,-177,0
1581.7871770858765,10872,4180,10804,-104,9,92,10024,-9956,8044,13,139,-105,-14784,4696,2744,-1071,95,-33,-14852,-2144,5632,-482,49,-162,0
1581.8223919868467,10996,4180,10576,-59,20,74,10004,-9860,8032,-26,135,-125,-14652,4640,2856,-1040,52,-252,-14876,-2136,5884,-531,54,-161,0
1581.8580131530762,10756,4200,10984,-136,48,66,10124,-9824,7876,-26,140,-124,-14800,4676,2636,-1006,95,-61,-14732,-2276,5768,-496,74,-138,0
1581.8932521343231,10784,4240,10772,-89,41,96,10092,-9828,7912,-30,157,-128,-14752,4372,2768,-1050,107,-69,-14792,-2152,5636,-510,149,-147,0
1581.9294121265411,10840,4180,10896,-85,27,65,10120,-9800,7760,-37,288,-139,-14788,4684,2736,-1042,80,-61,-14852,-2128,5952,-494,105,-147,0
1581.9649240970612,11000,4212,10984,-110,29,75,9932,-9964,7916,-30,200,-160,-14840,4580,2660,-993,67,-52,-14808,-2180,5856,-499,95,-148,0
1582.0007140636444,10744,4252,11220,-98,-4,71,10008,-9888,7828,-16,170,-169,-14764,4592,2696,-1031,84,-30,-14828,-2060,5884,-511,136,-143,0
1582.0362169742584,10532,4164,10856,-93,24,79,9932,-9820,7888,-255,116,-195,-14776,4692,3036,-1043,94,-100,-14748,-2200,5704,-767,132,-139,0
1582.0722970962524,10544,4240,10784,-92,-250,68,10028,-9780,7904,-17,143,-182,-14680,4848,2584,-1020,79,-84,-14908,-2132,5820,-503,129,-135,0
1582.108022928238,10724,4244,11216,-120,-27,70,9980,-9792,8136,-33,95,-182,-14724,4668,2576,-1279,103,-89,-14828,-2108,5920,-481,150,-141,0
1582.1429481506348,10708,4388,10832,-127,-51,98,9932,-9848,7948,-11,138,-178,-14728,4716,2684,-1040,116,-119,-14752,-2248,5876,-483,153,-122,0
1582.178838014603,10632,4564,10760,-98,-35,121,9920,-9808,8008,-28,127,-173,-14752,4640,2624,-992,121,-90,-14892,-2296,5880,-486,158,-112,0
1582.2143790721893,10748,4292,10968,-144,-70,111,10236,-9844,7936,-49,125,-199,-14772,4684,2616,-991,122,-64,-14856,-2144,5964,-487,159,-125,0
1582.2503309249878,10688,4284,10900,-137,-59,106,10084,-9836,7800,-31,123,-178,-14692,4792,2604,-975,117,-86,-15096,-2140,5888,-498,158,-105,0
1582.285541057587,10852,4244,10764,-127,-51,107,9984,-9884,7844,-25,118,-189,-14904,4636,2636,-1028,117,-95,-14948,-2140,5948,-488,184,-110,0
1582.321408033371,10672,4212,10912,-139,-79,109,9764,-9760,8112,242,133,-193,-14684,4652,2512,-779,118,-71,-14888,-2148,5652,-488,133,-128,0
1582.3561451435087,10664,4324,10896,-124,-67,96,10068,-9760,8020,-43,117,-163,-14764,4616,3044,-968,114,-60,-15084,-2092,5960,-498,95,-119,0
1582.391757965088,10692,4300,10728,-151,-59,113,9972,-9844,8060,-27,137,-173,-14828,4640,2708,-1003,80,-71,-14988,-2060,5952,-528,135,-134,0
1582.4251019954681,10868,4252,10856,-159,-68,122,10020,-9812,7964,-25,153,-145,-14796,4600,2684,-1010,101,-78,-14608,-2528,6124,-493,82,-116,0
1582.4586889743805,10796,4348,10780,-116,-35,120,10068,-9932,7928,-89,136,-155,-14772,4580,2812,-993,88,-62,-14956,-2092,5832,-499,124,-130,0
1582.492269039154,10668,4292,10876,-173,-70,101,9764,-9788,8276,-23,62,-185,-14700,4860,2584,-1007,125,-58,-14744,-2284,5840,-493,137,-139,0
1582.5253529548643,10716,4260,10776,-122,-30,102,9984,-9896,7792,-16,157,-167,-14832,4700,2948,-1030,111,-81,-14716,-2112,5924,-504,142,-125,0
1582.5589220523834,10700,4296,10824,-129,-41,107,9980,-9884,7844,-32,131,-180,-14776,4352,2700,-1017,73,-55,-14892,-2132,6132,-492,114,-150,0
1582.5922179222107,10628,4272,10908,-152,-54,126,10056,-9872,7852,-55,151,-136,-14708,4716,2796,-971,109,-60,-14624,-2132,6116,-474,106,-127,0
1582.6257009506226,10724,4548,10808,-135,-66,114,9964,-9844,7964,-25,136,-189,-14828,4612,2772,-1013,94,-77,-14812,-2060,5900,-471,151,-112,0
1582.6587541103363,10780,4292,10856,-148,-68,130,9940,-9948,7836,11,103,-198,-14684,4836,2484,-989,118,-101,-14828,-2060,5840,-524,178,-87,0
1582.6922569274902,10556,4240,10896,-99,-54,123,10076,-9796,7976,-26,75,-170,-14784,4556,2780,-1043,128,-91,-14816,-2188,6080,-483,161,-111,0
1582.725734949112,10792,4312,10924,-160,-82,119,10184,-9832,8052,-14,134,-162,-14848,4668,2764,-1006,128,-56,-14836,-2272,5888,-763,131,-102,0
1582.7591650485992,10676,4264,10748,-158,-55,112,10012,-9772,7904,-14,148,-186,-14756,4636,2660,-1045,114,-39,-14732,-2144,5864,-496,172,-124,0
1582.7928609848025,10644,4232,10992,-172,-36,114,10080,-9832,7828,-21,130,-150,-14892,4980,3008,-1180,125,-93,-14876,-2124,5900,-498,110,-126,0
1582.8265960216522,10628,4584,10956,-181,-69,105,9736,-9880,7924,-70,140,-171,-14736,4684,2568,-1000,91,-96,-15056,-2156,6112,-469,137,-113,0
1582.8597359657288,10696,4120,11108,-148,-113,89,10020,-9856,7844,-45,155,-195,-14704,4696,2592,-1001,111,-87,-15068,-2164,5648,-501,149,-111,0
1582.893208026886,10548,4124,10892,-175,-93,82,10020,-10168,7872,-33,148,-188,-14784,4748,2768,-967,91,-62,-14752,-2132,5928,-481,145,-117,0
1582.9269790649414,10656,4280,10956,-161,-79,81,10236,-9852,8016,-18,160,-203,-14692,4632,2760,-1042,89,-90,-14748,-2096,5896,-482,213,-88,0
1582.960252046585,10544,4304,10952,-200,-126,81,9928,-9816,8172,-7,138,-207,-15232,4748,2736,-958,114,-153,-14740,-2156,5856,-463,198,-97,0
1582.9938471317291,10676,4280,11000,-198,-157,99,9964,-9880,7944,-20,150,-238,-14692,4620,2564,-1003,105,-149,-14792,-2172,6048,-438,182,-125,0
1583.02738904953,10784,4328,10940,-222,-150,80,10080,-9916,7928,19,155,-218,-15052,4696,2736,-985,31,-151,-14928,-2192,5860,-445,214,-127,0
1583.0607600212095,10592,4252,11204,-261,-170,109,10016,-9928,7688,44,172,-208,-14660,4616,2908,-977,49,-117,-14836,-2208,5820,-452,216,-100,0
1583.0944139957428,10792,4352,10876,-203,-135,70,10036,-9824,7904,-57,186,-225,-14880,4572,2840,-954,73,-140,-14836,-2144,5892,-437,226,-128,0
1583.1279809474943,10804,4156,10876,-197,-215,64,9968,-9836,8032,-33,114,-283,-14752,4652,3044,-875,68,-190,-14856,-2084,5860,-430,248,-132,0
1583.1612420082092,10760,4260,10844,-211,-177,105,10012,-9864,7924,-251,163,-265,-14716,4384,2788,-1007,89,-182,-14720,-2116,5636,-470,279,-123,0
1583.1948819160461,10776,4164,10828,-217,-178,90,10112,-9764,7840,16,176,-225,-14820,4596,2776,-947,66,-157,-14980,-2080,5880,-450,193,-137,0
1583.2284729480743,10828,4176,10876,-201,-145,89,10060,-9764,7932,-28,159,-209,-14808,4616,2480,-933,94,-98,-14948,-2140,5848,-460,155,-122,0
1583.2618880271912,10876,4292,10916,-245,-144,95,10124,-9780,8092,-27,197,-178,-14968,4668,2536,-930,44,-110,-14972,-2096,5908,-513,152,-140,0
1583.29558801651,10800,4272,10884,-234,-157,114,10216,-9824,7992,62,185,-171,-14780,4516,2872,-986,94,-124,-14816,-2232,5764,-494,167,-171,0
1583.3291900157928,10564,4248,11152,-166,-141,110,9744,-9508,8008,28,185,-203,-14840,4572,2968,-1052,89,-159,-14764,-2224,5804,-498,177,-172,0
1583.3623440265656,10704,4264,11096,-212,-164,98,9984,-9788,7864,25,147,-213,-14672,4592,2848,-1002,70,-105,-14716,-2232,5916,-491,179,-107,0
1583.3983819484713,10656,4280,10824,-219,-181,93,9864,-9776,8020,-40,147,-226,-14696,4656,2792,-1005,119,-143,-14748,-2060,5780,-475,189,-120,0
1583.43395113945,10680,4284,10968,-201,-227,116,10140,-9880,7956,6,134,-224,-14740,4812,2588,-1001,125,-120,-14708,-2268,5952,-488,220,-126,0
1583.4694769382477,10728,4272,10816,-207,-233,152,9920,-9816,7972,-34,94,-231,-14748,4660,2660,-1007,146,-152,-14796,-2168,5676,-491,207,-65,0
1583.504958152771,10548,4268,11044,-228,-225,183,10080,-9760,8108,-104,81,-238,-14768,4860,2624,-953,172,-73,-14884,-2188,6140,-473,188,-48,0
1583.5406761169434,10888,4292,10876,-217,-211,173,10148,-9844,7916,-84,46,-212,-14796,4556,2788,-965,179,-119,-14940,-2120,5900,-478,198,-99,0
1583.5759861469269,10820,4184,10772,-216,-199,171,10132,-9736,8160,-57,132,-198,-14740,4664,2616,-978,136,-94,-14872,-2052,5828,-523,180,-78,0
1583.6117680072784,10916,4240,10844,-194,-197,144,10212,-9508,7856,-29,79,-204,-14796,4496,2756,-788,137,-116,-15104,-2172,5696,-466,186,-82,0
1583.6470971107483,10804,4196,10712,-206,-163,166,10060,-9772,7988,-35,124,-220,-14824,4552,2632,-1017,131,-103,-14892,-2152,5864,-480,140,-86,0
1583.6823890209198,10852,4100,10704,-145,-142,128,10152,-9720,7824,7,122,-172,-14784,4836,2568,-1035,107,-98,-14848,-2076,5784,-492,151,-155,0
1583.7187559604645,10756,4124,10788,-143,-68,131,10100,-9760,8144,13,118,-177,-14724,4364,2600,-1040,80,-82,-14868,-2136,5884,-503,93,-148,0
1583.7541739940643,10728,4276,10768,-129,-37,114,10016,-9784,8048,-41,138,-143,-14756,4516,2816,-1001,70,-50,-14624,-2140,5920,-481,127,-121,0
1583.7899370193481,10876,4224,10828,-167,-16,77,10112,-9732,7924,-8,169,-167,-14692,4620,2680,-1044,87,-85,-14780,-2140,6140,-473,121,-165,0
1583.8254299163818,10764,4172,10920,-146,-4,80,10072,-9980,7680,8,186,-166,-14692,4536,2652,-1015,75,-31,-14848,-2208,5932,-478,108,-162,0
1583.8606970310211,10720,4264,10724,-139,25,84,10116,-9784,8172,-255,184,-149,-14688,4564,2496,-1053,80,-69,-15036,-2220,5888,-459,107,-166,0
1583.895956993103,10496,4220,11000,-138,35,85,10084,-9836,8040,-9,153,-138,-14792,4588,3036,-1279,86,-44,-14900,-2124,5796,-481,99,-157,0
1583.9312119483948,10756,4204,10884,-128,-13,91,9992,-9828,7960,-25,156,-131,-14856,4528,3064,-777,62,-88,-14744,-2152,5856,-262,145,-156,0
1583.967139005661,10976,4232,10860,-120,-43,87,10024,-9952,8112,29,147,-182,-14708,4600,2884,-1056,102,-59,-14828,-2132,5880,-501,141,-121,0
1584.0025169849396,10756,4220,10848,-111,-35,61,10064,-9744,8084,4,140,-153,-14848,4696,2728,-1021,79,-69,-14892,-2136,5940,-486,120,-166,0
1584.0379900932312,10772,4272,10540,-149,-27,76,10028,-9796,7996,-22,168,-163,-14708,4552,2760,-775,66,-105,-14936,-2140,5876,-454,142,-149,0
1584.073672056198,10968,4240,10800,-133,-25,61,9988,-9840,7944,8,181,-156,-14752,4564,2808,-1003,56,-103,-14760,-2092,6060,-467,132,-145,0
1584.1073300838473,10684,4156,10552,-120,252,85,10056,-9812,7976,-17,120,-162,-14808,4652,2788,-1033,80,-84,-14648,-2180,6060,-457,132,-148,0
1584.1406581401825,10804,4320,10920,-130,16,103,10020,-9732,7992,-9,122,-166,-14780,4576,2760,-973,55,-46,-15100,-2172,5656,-484,137,-98,0
1584.174376964569,10792,4292,10924,-142,-23,113,10040,-9820,8092,-94,164,-132,-14632,4808,2812,-999,107,-41,-14836,-2064,5768,-480,108,-118,0
1584.2076110839844,10888,4580,10840,-139,-18,102,10080,-9836,8028,-44,115,-142,-14884,4524,2812,-1271,116,-68,-15076,-2184,6080,-491,136,-108,0
1584.2411069869995,10852,4268,10780,-188,-44,109,9760,-9840,7952,55,181,-150,-14784,4544,2756,-1024,120,-74,-14736,-2188,5972,-503,146,-110,0
1584.2744710445404,10996,4272,10548,-125,-249,112,10100,-9836,8092,-41,122,-130,-14720,4608,2896,-1048,87,-21,-15080,-2092,5648,-497,159,-112,0
1584.3080880641935,10948,4348,10988,-143,-34,136,10164,-9772,7968,-41,119,-155,-14696,4556,2756,-989,112,-252,-14796,-2088,5776,-488,84,-103,0
1584.3417370319369,10684,4328,10832,-107,9,135,9952,-9540,7944,-74,129,-138,-14700,4576,2588,-1019,113,-29,-14848,-2180,5964,-482,111,-125,0
1584.3753459453583,10668,4212,10868,-128,-28,121,9836,-9956,7804,11,191,-161,-14776,4524,2776,-1017,112,-64,-14784,-2188,5744,-499,126,-115,0
1584.4085841178894,10696,4224,10848,-133,-39,115,9944,-9752,7880,-105,121,-171,-14756,4840,2868,-998,118,-49,-14648,-2056,5948,-482,119,-142,0
1584.4419610500336,10644,4272,11020,-163,-29,113,10028,-9780,7712,-85,149,-175,-14728,4656,2768,-995,93,-30,-14764,-2072,6020,-508,152,-99,0
1584.475517988205,10720,4256,10884,-158,-65,102,10028,-9892,8008,-61,98,-182,-14740,4628,2592,-1010,133,-87,-14900,-2092,5740,-497,164,-95,0
1584.508826971054,10692,4228,10820,-142,-76,142,9972,-9860,7996,-41,114,-174,-14744,4684,2636,-913,14,-66,-14848,-2144,5940,-504,168,-114,0
1584.5423510074615,10816,4264,10892,-153,-80,140,10052,-9816,8144,-36,103,-197,-14752,4632,3036,-1034,92,-105,-14800,-2084,5868,-503,161,-85,0
1584.5758259296415,10956,4220,10608,-177,-103,104,10092,-9876,7872,20,133,-194,-14756,4700,2596,-1018,71,-87,-14884,-2184,5908,-497,152,-132,0
1584.6091530323029,10560,4568,10860,-186,-81,94,10080,-9876,7876,12,168,-205,-15072,4568,2752,-985,78,-138,-14824,-2216,5836,-458,181,-130,0
1584.6421980857847,10668,4244,11032,-197,-120,86,10028,-9836,8028,-23,164,-208,-14748,4628,2828,-940,57,-125,-14876,-2148,5856,-480,184,-117,0
1584.675733089447,10708,4336,10816,-203,-170,79,10024,-9844,7992,-48,166,-229,-14836,4720,2724,-924,82,-132,-14764,-2196,6012,-478,187,-127,0
1584.7092199325562,10708,4244,10768,-210,-197,93,10204,-9804,8036,-78,163,-239,-14788,4564,2848,-942,106,-93,-14680,-2112,5940,-489,202,-77,0
1584.7429361343384,10708,4244,10904,-185,-212,133,9856,-9772,7952,-73,144,-230,-14728,4620,2792,-936,99,-157,-14724,-2128,5872,-501,198,-98,0
1584.776773929596,10736,4104,10928,-187,-238,150,10068,-9832,7904,-48,138,-222,-14764,4648,2876,-963,107,-105,-14764,-2188,5808,-762,235,-111,0
1584.8102791309357,10736,4252,10936,-223,-236,128,10000,-9776,8068,-51,114,-236,-14760,4632,2764,-966,131,-192,-14956,-2236,5800,-464,214,-55,0
1584.8437759876251,10844,4244,10900,-272,-511,188,10120,-9824,7988,-40,136,-238,-14832,4528,2856,-988,149,-194,-14916,-2156,5640,-486,246,-66,0
1584.877373933792,10764,4280,10888,-241,-297,174,10160,-9732,8036,-21,126,-237,-14608,4612,2564,-1001,124,-161,-14644,-2284,5652,-501,248,-52,0
1584.9107019901276,10736,4244,10744,-249,-308,175,9812,-9848,8108,-47,95,-238,-14836,4588,2712,-1003,167,-159,-14792,-2192,5864,-508,217,-52,0
1584.9441430568695,10752,4152,10824,-205,-344,174,9988,-9768,8032,-91,92,-240,-14772,4656,2636,-960,160,-145,-14772,-2172,5748,-489,218,-76,0
1584.97767496109,10800,4260,10896,-219,-335,150,10060,-9824,8084,-37,104,-230,-14664,4472,2612,-962,169,-185,-14640,-2180,5792,-487,243,-41,0
1585.0112099647522,10864,4196,10748,-243,-317,167,10068,-9796,7724,-50,85,-265,-14784,4616,2660,-947,163,-151,-14780,-2224,5692,-451,228,-32,0
1585.044515132904,10856,4228,10860,-250,-271,200,10048,-9736,7856,-88,125,-226,-14724,4656,2748,-950,159,-104,-14852,-1936,5768,-471,164,-26,0
1585.0807149410248,10804,3848,10700,-232,-190,177,10020,-9828,8020,-69,103,-205,-14864,4576,2644,-984,160,-80,-14756,-1944,5876,-473,177,-71,0
1585.1160869598389,10876,4048,10940,-208,-172,177,10000,-9560,7736,3,78,-161,-14648,4596,2728,-1110,163,-45,-14708,-2196,5792,-498,149,-79,0
1585.1522669792175,10852,4292,10608,-71,0,160,10160,-9616,7888,-81,119,-157,-14848,4360,2468,-1111,161,-57,-14728,-1924,5624,-497,123,-112,0
1585.187467098236,11212,4116,10628,-193,53,143,10176,-9564,7928,61,142,-129,-14728,4504,2708,-1115,179,246,-14760,-2088,5692,-459,139,-48,0
1585.2234981060028,10864,4180,10776,-208,113,137,10060,-9644,7904,67,138,-90,-14792,4500,2616,-1114,162,32,-14836,-2152,5652,-452,155,-254,0
1585.2593080997467,10896,4272,10968,-197,43,189,10028,-9948,8204,-22,84,-131,-15084,4596,2740,-1047,152,-65,-14992,-2168,5716,-477,147,-9,0
1585.295037984848,10848,4316,11068,-144,-94,153,10152,-9912,8144,-84,68,-155,-14836,4680,2684,-989,128,-255,-14824,-1992,5852,-525,107,-47,0
1585.330773115158,10816,4128,10796,-90,-162,162,9924,-9864,7936,-118,114,-149,-14700,4560,2616,-940,96,-75,-14768,-1984,5992,-519,101,-107,0
1585.3660190105438,10984,4132,10760,-63,-89,145,9964,-9804,7868,-104,116,-152,-14644,4648,2712,-958,91,-53,-14780,-2284,5736,-521,84,-132,0
1585.4019610881805,10884,4080,10692,-128,-60,117,10024,-9832,7852,-108,147,-133,-14756,4596,2668,-973,63,-31,-14880,-2304,5892,-484,89,-107,0
1585.437467098236,10932,4316,10932,-216,-5,120,9980,-9908,8056,-52,126,-135,-14660,4820,2632,-971,125,-40,-14736,-1908,5928,-479,144,-84,0
1585.4735379219055,10976,4152,10924,-179,-51,166,10140,-9856,7924,-37,113,-153,-14708,4612,2636,-985,199,-30,-15084,-2112,6032,-479,145,-66,0
1585.5084090232847,10888,4088,10848,-147,-85,171,10048,-9788,7988,-32,73,-177,-14844,4660,2692,-1044,161,-133,-14880,-2148,5980,-508,185,-112,0
1585.5441720485687,10868,4200,10736,-160,-92,135,10000,-9736,7996,-21,117,-185,-14836,4604,2720,-1016,95,-113,-14716,-2096,5720,-488,154,-130,0
1585.580696105957,10532,4184,10800,-168,-99,129,10052,-9728,7708,-34,138,-179,-14692,4576,2764,-1008,89,-65,-14888,-2224,5832,-477,163,-81,0
1585.6161160469055,10868,4260,10592,-169,-81,85,10044,-9664,8104,-41,154,-190,-14660,4592,2648,-984,84,-70,-14940,-2112,5844,-468,142,-124,0
1585.6518220901487,10832,4248,10628,-181,-48,100,10200,-9736,7964,-28,129,-200,-14756,4576,2740,-973,81,-66,-14796,-2056,5632,-490,141,-134,0
1585.6877391338348,10832,4188,10804,-170,-95,86,9928,-9880,7856,-30,134,-170,-14780,4696,2620,-984,99,-63,-14884,-2056,5792,-494,124,-88,0
1585.7243399620056,10904,4252,10880,-101,-88,138,10112,-9812,7892,-102,82,-204,-14696,4676,2520,-979,140,-86,-14904,-1984,5780,-503,146,-76,0
1585.7580621242523,10884,4088,10788,-153,-106,171,10164,-9776,7904,-84,117,-173,-14804,4624,2672,-994,116,-70,-14628,-1960,5692,-492,147,-94,0
1585.7917339801788,10900,4196,10600,-155,-95,183,10232,-9792,7892,-91,115,-137,-14788,4644,2672,-1274,144,-32,-14900,-2068,5884,-532,115,-74,0
1585.8253610134125,10928,4160,10796,-152,-60,176,10112,-9764,7832,-66,109,-140,-14892,4676,2684,-1036,132,-14,-15008,-2040,5920,-505,125,-117,0
1585.8588039875033,10884,4152,10760,-190,-21,121,10144,-9912,8060,-20,178,-133,-14776,4856,2704,-1009,90,-31,-15064,-2100,5836,-490,116,-117,0
1585.8918480873108,10840,4196,10872,-164,-12,122,10040,-9916,7824,-3,127,-152,-14724,4608,2640,-1065,76,-74,-14696,-1868,5900,-491,115,-97,0
1585.925420999527,10808,4196,10848,-156,-23,127,10076,-9864,8020,-29,117,-159,-14808,4576,2584,-1047,112,-33,-14596,-2168,5900,-496,110,-109,0
1585.959016084671,10868,4084,10744,-141,-46,94,9964,-9856,8144,-48,223,-135,-14780,4628,2780,-943,81,-31,-15104,-2060,5880,-499,125,-100,0
1585.9971139431,10776,4092,10844,-135,-52,95,9916,-9864,7888,-68,156,-150,-14872,4732,2664,-981,92,-64,-14768,-2084,5808,-263,141,-126,0
1586.0309009552002,10832,4216,10640,-124,-22,125,9964,-9764,7852,-58,121,-174,-14664,4596,2560,-1008,139,-86,-14880,-2164,5832,-765,167,-83,0
1586.064239025116,10760,4196,10780,-115,-101,119,10068,-9852,7932,-70,103,-183,-14816,4692,2688,-1017,162,-55,-14800,-2156,5976,-488,146,-90,0
1586.0975909233093,10920,4144,10800,-164,-68,102,10112,-9684,8068,-108,166,-168,-14744,4652,2680,-1002,69,-248,-14840,-2012,5924,-503,96,-109,0
1586.131075143814,10908,4056,10920,-179,-39,134,10000,-9856,7964,-20,175,-125,-14856,4640,2768,-988,121,-66,-15092,-2288,5960,-498,147,-85,0
1586.1642589569092,10780,4128,11064,-179,-34,132,10036,-9860,7936,-32,98,-157,-14732,4584,2648,-1026,123,-74,-14784,-2088,5884,-497,153,-104,0
1586.1979429721832,10748,4220,10956,-142,-73,164,10208,-9796,7900,-54,87,-171,-14764,4584,2756,-1012,158,-84,-14880,-2160,5868,-491,160,-96,0
1586.2315981388092,10676,4192,10588,-149,-71,151,10120,-9756,7896,-77,56,-189,-14808,4860,2944,-977,161,-34,-14788,-2184,5788,-524,147,-86,0
1586.2651269435885,10852,4156,10736,-172,-81,141,9728,-9816,7872,-62,119,-178,-14732,4380,2688,-970,91,-38,-14912,-2004,5844,-482,152,-78,0
1586.2986900806427,10844,4240,10928,-185,-84,146,10132,-9832,7984,-62,84,-166,-14820,4692,2728,-989,113,-83,-14840,-1980,5800,-468,125,-114,0
1586.33199095726,10852,4156,10924,-173,-75,153,10000,-9916,7944,-62,149,-155,-14756,4620,2840,-983,115,-33,-14904,-2064,5844,-458,157,-70,0
1586.3653800487518,10524,4284,10752,-190,-90,140,10168,-9884,7976,-66,106,-168,-14784,4768,2776,-985,175,-33,-14812,-2132,5900,-475,141,-45,0
1586.3989119529724,10868,4200,10896,-136,-93,181,10044,-9932,8008,-122,42,-180,-14824,4648,2704,-963,139,-65,-14868,-1860,5860,-537,147,-39,0
1586.4320120811465,10840,4056,10988,-173,-91,173,10188,-9828,8148,-49,87,-170,-14756,4840,2604,-1007,164,-86,-14868,-2036,5836,-514,117,-65,0
1586.465441942215,10964,4300,10888,-107,244,162,10072,-9832,7752,-69,102,-148,-15084,4408,2564,-769,152,-41,-14868,-2060,5816,-497,99,-108,0
1586.4989800453186,10852,4152,10940,-158,-57,103,10128,-9824,7872,-43,166,-155,-14788,4368,2652,-1000,38,-5,-14888,-1972,5728,-503,104,-157,0
1586.532408952713,10960,4044,10568,-134,32,84,10012,-9880,7792,-10,164,-132,-14880,4716,2520,-1280,31,-47,-14800,-2104,5836,-494,89,-158,0
1586.56591296196,10864,4176,10908,-113,6,75,10020,-9820,7956,-9,150,-128,-14784,4680,2792,-1039,68,-58,-14844,-2012,5900,-501,110,-141,0
1586.5995650291443,10772,4156,10772,-116,-24,62,10048,-9852,7736,-43,208,-121,-14720,4724,2608,-993,68,-83,-14856,-1916,5952,-519,78,-159,0
1586.632905960083,10752,4176,10956,-162,-7,101,10040,-9844,7876,-65,131,-128,-14640,4736,2588,-992,76,-250,-14920,-2036,5980,-533,88,-122,0
1586.66606092453,10808,4108,10836,-120,-34,126,10028,-9908,7888,-23,132,-141,-14644,4660,2784,-1038,146,-34,-14716,-2300,5736,-524,134,-125,0
1586.7000529766083,10948,4348,10864,-148,-59,136,10052,-9844,8108,-50,128,-169,-14648,4596,2620,-1031,127,-73,-14828,-2156,5976,-490,165,-122,0
1586.7334759235382,10884,4148,10984,-155,-80,122,9996,-9928,7828,-37,123,-179,-14724,4644,2812,-1011,128,-117,-14940,-2200,5656,-511,148,-136,0
1586.7707679271698,10836,4312,10540,-128,-72,96,9804,-9948,8004,-31,151,-190,-14836,4592,2700,-771,92,-114,-14792,-2072,5936,-758,177,-126,0
1586.8071269989014,10808,4200,10920,-129,-122,88,10056,-9856,7836,1,148,-215,-14728,4580,2668,-1001,79,-103,-14820,-2020,6140,-526,166,-153,0
1586.8422479629517,10868,4108,10920,-106,-56,92,10056,-9972,7688,10,139,-212,-14788,4776,2564,-1015,87,-110,-14836,-2252,6140,-507,157,-127,0
1586.878035068512,10876,4168,11000,-150,-101,79,10024,-9876,7868,-27,127,-183,-14804,4636,2624,-983,79,-80,-14844,-2144,6080,-499,134,-143,0
1586.9133839607239,10808,4336,10860,-142,-99,96,9984,-9856,8168,-38,118,-182,-14736,4472,2796,-980,145,-128,-14928,-2244,5840,-494,168,-137,0
1586.9486639499664,10820,4192,10832,-151,-103,113,10072,-9884,7960,-21,129,-208,-14764,4552,2572,-979,132,-86,-14888,-2056,5852,-470,158,-120,0
1586.983561038971,10944,3936,10792,-164,-66,112,9992,-9916,7896,-3,122,-201,-14836,4776,2672,-1001,83,-111,-14616,-2068,5932,-483,145,-135,0
1587.0191669464111,10792,4132,10948,-185,-77,82,10112,-9832,7936,9,140,-188,-14972,4352,2576,-1023,70,-112,-14824,-2036,5800,-474,176,-125,0
1587.054503917694,10804,4116,10692,-154,-76,51,9996,-9888,7684,-20,149,-170,-14828,4640,2596,-999,86,-119,-14812,-2056,5824,-499,128,-131,0
1587.0895750522614,10808,4180,10620,-107,-55,67,10108,-9864,7876,-36,139,-209,-14796,4700,2748,-1025,59,-87,-15020,-2056,5852,-264,142,-127,0
1587.1247520446775,10876,4204,10816,-164,-71,91,10080,-9828,7720,-24,133,-162,-14792,4436,2780,-1030,106,-82,-14600,-2188,5816,-480,113,-109,0
1587.159968137741,10852,4176,10828,-135,-30,117,10088,-9800,8036,-63,120,-174,-15032,4604,2728,-1019,96,-54,-15028,-2136,5812,-482,148,-101,0
1587.1952440738678,10836,4344,10544,-179,-63,92,9820,-9952,7904,-26,146,-185,-14756,4604,2864,-1164,42,-70,-14840,-2108,5864,-479,148,-115,0
1587.2311141490936,10696,4192,10896,-165,-54,118,10200,-9552,8008,-21,106,-190,-14712,4628,2772,-997,108,-95,-14824,-2112,5840,-485,159,-125,0
1587.2660460472107,10824,4168,10984,-129,-75,133,9992,-9892,7756,-20,141,-162,-14832,4656,2656,-1012,93,-69,-14872,-1968,5956,-523,107,-130,0
1587.3019020557404,10884,4192,10936,-141,-73,101,10020,-9904,7876,-56,115,-143,-14868,4692,2668,-986,76,-19,-15080,-1804,5644,-506,133,-121,0
1587.3378639221191,10876,4204,10956,-121,-57,116,9972,-9908,7824,-50,147,-160,-14744,4664,2564,-1003,122,-96,-14984,-2128,5980,-482,138,-96,0
1587.3734431266785,10808,4340,10776,-139,-31,146,10024,-9732,8132,-17,129,-166,-14680,4848,2724,-1032,129,-31,-14920,-2164,5712,-497,158,-90,0
1587.4100949764252,10760,4108,10992,-163,-103,146,10016,-9792,7904,-45,105,-169,-14716,4680,2724,-1013,138,-110,-14884,-2072,5672,-485,135,-127,0
1587.4432981014252,10792,4200,10856,-196,-82,126,9968,-9900,7996,-76,139,-198,-14728,4740,2752,-979,122,-107,-14692,-2096,6000,-457,181,-90,0
1587.4768159389496,10640,4200,10936,-181,-61,112,10236,-9888,7908,-35,135,-161,-14840,4736,2584,-1013,137,-94,-14888,-2108,5908,-464,168,-87,0
1587.5104620456696,10844,4116,10696,-156,-76,111,10012,-9924,7812,-16,114,-181,-14672,4716,2776,-1010,110,-58,-15044,-2116,5916,-464,158,-106,0
1587.543909072876,10832,4156,10912,-149,-91,109,10036,-9840,8080,-28,148,-200,-14664,4392,2636,-1016,108,-85,-14812,-2136,6108,-461,169,-133,0
1587.5774130821228,10796,4228,10932,-169,-67,126,10184,-9784,7928,-64,126,-196,-14656,4664,2560,-982,128,-111,-14832,-1996,5908,-260,165,-143,0
1587.6110789775848,10804,4136,10760,-153,-81,117,10004,-9828,7824,-28,140,-179,-14768,4600,2552,-996,107,-109,-14988,-2100,5788,-499,166,-125,0
1587.6442370414734,10808,3948,10792,-139,-86,92,10144,-9884,7892,-27,143,-193,-14812,4584,2688,-1269,99,-111,-15060,-1900,5800,-507,191,-124,0
1587.6776881217957,10776,4128,10804,-170,-68,85,10096,-9812,7920,-22,137,-189,-14708,4636,2732,-1011,89,-91,-14868,-2268,5812,-486,151,-128,0
1587.711236000061,10808,4128,10800,-154,-62,70,10128,-9908,7912,-11,121,-208,-14900,4584,2636,-1027,99,-105,-15092,-2004,5800,-502,141,-112,0
1587.7448451519012,10868,4204,10960,-175,-60,112,10072,-9868,7796,-14,149,-151,-14720,4716,2692,-1004,87,-62,-15080,-2188,5792,-469,128,-98,0
1587.7780950069427,10848,3852,10840,-125,-69,112,10060,-9888,7724,-39,130,-162,-14736,4540,2728,-1015,108,-67,-14868,-2068,5836,-501,139,-121,0
1587.8116481304169,10684,4156,10960,-171,-66,84,9980,-9820,8164,-47,152,-192,-14636,4684,2692,-1016,93,-92,-14780,-2144,5856,-757,154,-132,0
1587.8452291488647,10848,4192,10692,-150,-42,111,10036,-9744,7952,-46,6,-114,-14916,4648,2676,-869,118,-94,-14860,-2056,5888,-494,110,-115,0
1587.8788409233093,10768,4148,10860,-145,-45,96,9780,-9888,8064,-89,145,-144,-14768,4612,2652,-984,57,-86,-14804,-1960,5848,-495,140,-134,0
1587.912115097046,10836,4156,10844,-180,-61,95,10036,-9924,7904,-252,131,-189,-14744,4604,2808,-987,120,-77,-14792,-1972,5852,-457,160,-117,0
1587.9454650878906,10716,4188,10904,-143,-70,99,9988,-9844,8028,-9,111,-176,-14796,4724,2740,-1022,127,-58,-14876,-2032,5832,-518,158,-94,0
1587.9789159297943,10780,3888,11168,-128,-50,135,10088,-9848,7984,-44,116,-178,-14752,4684,2680,-1005,135,-71,-14844,-2156,5860,-497,120,-102,0
1588.0123901367188,10836,4088,10848,-139,-60,117,10088,-9884,8124,-51,147,-163,-14760,4672,2624,-989,81,-105,-14852,-2132,5956,-496,122,-115,0
1588.0459640026093,10788,4044,10788,-185,-73,103,10020,-9824,7760,-37,142,-147,-14764,4676,2760,-1012,136,-92,-14616,-2028,5752,-497,157,-97,0
1588.0798280239103,10736,4240,10952,-158,-39,125,10208,-9904,7916,-19,119,-179,-14728,4712,2680,-985,116,-113,-14900,-2048,5848,-510,148,-90,0
1588.113445043564,10820,4176,10852,-144,-78,132,10024,-9812,7812,-49,116,-203,-14712,4676,2704,-1004,131,-63,-15076,-1796,5784,-490,182,-84,0
1588.146723985672,10840,4032,10600,-188,-101,125,10080,-9836,7680,-37,116,-195,-14768,4736,2716,-1000,135,-89,-14768,-2100,5824,-481,180,-106,0
1588.180349111557,10584,4176,10884,-156,-101,112,10080,-9884,7848,-6,120,-190,-15004,4636,2604,-769,122,-120,-14772,-2068,5804,-474,164,-99,0
1588.2137911319733,10888,4320,10764,-173,-103,115,10024,-9904,8032,-8,133,-205,-14728,4680,2800,-1015,109,-132,-14912,-1988,5976,-456,175,-71,0
1588.2474761009216,10848,4104,10992,-139,-58,93,10012,-9900,7916,-75,124,-201,-14804,4604,2928,-1017,98,-82,-14984,-2044,5832,-455,124,-148,0
1588.281012058258,10816,4140,10560,-110,-22,76,10096,-9796,7960,-37,184,-156,-14816,4644,2556,-996,74,-37,-14868,-2108,5844,-475,72,-180,0
1588.3144700527191,10792,4128,10952,-96,29,33,9940,-9856,7840,33,233,-162,-14820,4684,2656,-1013,53,-68,-14788,-2008,5840,-522,109,-169,0
1588.3481030464172,10808,4156,10904,-157,42,65,10000,-9848,7884,50,171,-128,-14752,4380,2792,-1046,72,-71,-14860,-1840,6076,-448,118,-137,0
1588.3814849853516,10888,4200,10932,-126,39,89,9936,-9748,7916,-10,137,-154,-14832,4660,2664,-1062,96,-95,-15072,-1804,5780,-482,150,-110,0
1588.4150381088257,10776,4148,10944,-134,-23,64,10036,-10108,8156,-3,173,-188,-15004,4752,2824,-1054,104,-132,-14676,-2076,5776,-455,172,-164,0
1588.4517660140991,10704,4256,10936,-123,-72,100,9968,-9864,8096,-40,140,-154,-14776,4716,2776,-1006,64,-77,-14864,-2212,5928,-485,123,-114,0
1588.4886190891266,10792,4344,10652,-118,-31,108,10224,-9804,7872,-40,141,-121,-14772,4644,2720,-1015,72,-7,-14920,-2180,5880,-489,69,-141,0
1588.5243611335754,10756,4184,10832,-142,33,100,9996,-9520,8160,-34,142,-134,-14804,4712,2704,-1010,81,-71,-14852,-2268,5788,-496,71,-139,0
1588.5601699352264,10840,4292,10976,-154,4,102,9892,-9888,8020,-44,128,-133,-14688,4660,2776,-991,64,-3,-14740,-2072,5760,-502,72,-135,0
1588.5952980518339,10684,4152,10852,-108,4,105,10040,-9812,7924,-62,106,-160,-14704,4576,2764,-993,139,-88,-14804,-2272,5704,-765,161,-109,0
1588.6309051513672,10752,4132,10876,-124,-71,117,10032,-9896,7944,-46,106,-202,-14712,4692,2760,-1273,138,-100,-14776,-1968,5888,-487,186,-111,0
1588.6675901412964,10568,4164,10984,-148,-69,114,10068,-9904,7860,-14,104,-205,-14668,4792,2644,-1014,114,-79,-14792,-1804,5848,-474,191,-120,0
1588.7025351524353,10732,4136,11008,-136,-62,103,9836,-9900,7884,-5,147,-185,-14844,4852,2764,-1018,119,-82,-14960,-2036,5892,-474,146,-100,0
1588.7380809783936,10840,4168,10912,-142,-57,114,9968,-9888,7964,-28,134,-179,-14684,4708,2752,-1011,99,-41,-14912,-2008,5988,-495,136,-128,0
1588.7738959789276,10692,4200,10964,-150,-17,98,9736,-9784,7972,-24,162,-172,-14820,4616,2692,-1004,82,-75,-14924,-2020,5756,-504,124,-124,0
1588.8102159500122,10748,4156,10960,-174,-33,98,9820,-9896,7700,-64,192,-158,-14820,4680,2700,-991,65,-58,-14860,-1988,5844,-489,157,-103,0
1588.8451290130615,10788,4104,11000,-223,-105,113,10040,-9920,7944,-12,164,-210,-14836,4716,2780,-970,108,-127,-14604,-2256,6064,-494,242,-76,0
1588.8804159164429,10520,4172,11032,-274,-243,126,9916,-10016,7936,-23,150,-252,-14764,4812,2808,-955,111,-190,-14868,-2044,6116,-472,0,-90,0
1588.915903091431,10776,4212,11124,-215,-361,135,10040,-9992,7812,-67,121,-272,-14756,4728,2724,-922,115,-215,-14908,-2152,5932,-265,217,-77,0
1588.9514229297638,10832,4036,10996,-257,-403,160,9972,-9924,7920,-83,113,-286,-14720,4708,2656,-878,108,-175,-14736,-2136,5940,-486,205,-115,0
1588.9877049922943,10696,3952,10872,-511,-420,157,10172,-9884,8028,-2,206,-294,-14700,4572,2728,-923,142,-181,-14816,-2032,5812,-486,239,-92,0
1589.0229320526123,10856,4152,11004,-301,-427,168,9936,-10016,7956,12,141,-306,-14824,4712,2668,-948,148,-209,-14848,-2040,5824,-510,230,-81,0
1589.058802127838,10808,4204,10508,-242,-357,142,9744,-9828,7700,4,120,-280,-14744,4416,2628,-974,140,-186,-15056,-2048,5728,-499,503,-91,0
1589.0954279899595,10860,4116,10572,-213,-303,146,10092,-9952,8180,2,103,-291,-14684,4592,2768,-964,176,-180,-15000,-1796,5680,-480,211,-75,0
1589.1289780139923,10868,4140,10604,-191,-197,144,10088,-9648,7876,-51,75,-269,-14716,4568,2468,-1041,143,-160,-14788,-1816,5704,-257,227,-118,0
1589.162388086319,10980,4068,10688,-192,-148,127,10092,-9752,7876,34,41,-218,-14692,4500,2572,-1114,115,-100,-14888,-2032,5780,-498,175,-144,0
1589.1960859298706,11252,4332,10636,-140,3,81,10232,-9748,7804,61,178,-154,-14748,4576,2628,-1118,28,-34,-14844,-2092,5692,-462,88,-192,0
1589.229779958725,10956,4180,10508,-217,156,27,9992,-9784,7936,155,237,-128,-14692,4616,2620,-1108,56,-17,-14764,-2112,5804,-444,169,-147,0
1589.2632100582123,11000,4252,10852,-164,85,127,9972,-9760,8012,134,91,-199,-14684,4568,3032,-1088,160,-111,-14888,-2192,5980,-446,258,-54,0
1589.2967779636383,10856,4244,11152,-19,21,107,10088,-9916,7976,-70,94,-217,-14600,4560,2928,-989,129,-130,-14964,-2100,6060,-483,193,-111,0
1589.3304870128632,10972,4328,10816,-118,-89,80,10076,-9848,7784,-69,146,-231,-14796,4636,2508,-982,92,-127,-14884,-2244,6080,-515,170,-157,0
1589.3639941215515,10812,3992,10740,-151,-96,99,10128,-9828,7916,-67,190,-117,-14756,4780,2704,-1005,21,-57,-14756,-1936,6124,-558,128,-141,0
1589.3972570896149,10804,4288,10760,-135,-47,128,10012,-9856,7724,-56,157,-112,-14744,4592,2652,-1014,94,-37,-15016,-2056,5896,-494,89,-98,0
1589.4308910369873,10984,4044,11012,-154,-31,106,10108,-9928,7896,-73,127,-135,-14788,4832,2668,-980,136,-59,-14908,-1964,6096,-498,95,-116,0
1589.4641909599304,10936,4036,10980,-127,1,126,10028,-9864,7896,-23,157,-143,-14760,4608,2608,-1013,139,-110,-14616,-1936,5768,-549,121,-125,0
1589.4976260662079,10904,4168,10896,-81,2,117,10144,-9928,7984,44,102,-172,-14808,4552,2632,-1072,116,-95,-14732,-2276,5796,-522,180,-120,0
1589.5311920642853,10840,4080,10644,-81,-73,85,10180,-9840,8072,28,125,-221,-14804,4532,2712,-1040,84,-120,-14868,-2136,5816,-491,210,-149,0
1589.5647161006927,10856,4136,10900,-166,-113,67,10032,-9908,7800,14,185,-229,-14832,4588,2692,-1025,58,-108,-14640,-2212,5904,-448,179,-177,0
1589.5979039669037,10804,4224,10496,-167,-102,48,10020,-9844,7984,2,222,-187,-15064,4676,3012,-986,-19,-130,-14844,-2132,5680,-444,124,-164,0
1589.6314809322355,10800,4232,10776,-163,-74,39,9968,-9828,8112,-21,220,-131,-14764,4556,2732,-963,-243,-80,-14688,-2088,5900,-485,72,-167,0
1589.6646339893339,10728,4188,10868,-194,15,53,10032,-9820,8148,-49,221,-123,-14724,4824,2820,-986,44,-35,-14788,-2184,5808,-487,78,-166,0
1589.698177099228,10756,4200,10948,-131,-79,107,10236,-9804,8068,-87,153,-151,-14708,4708,2672,-1001,77,-59,-15048,-2072,5836,-496,134,-102,0
1589.7317249774933,10752,4164,11028,-150,-138,134,10092,-9852,8068,-81,107,-165,-14660,4684,3024,-940,81,-80,-14736,-2064,5816,-517,114,-100,0
1589.7652869224548,10804,4060,10716,-188,-134,111,10004,-9764,7852,-73,103,-196,-14704,4648,2560,-956,157,-112,-14760,-1968,5896,-496,222,-51,0
1589.7985079288485,10748,4128,10880,-185,-182,160,10072,-9844,8000,-52,101,-211,-14596,4756,2784,-1002,190,-105,-14888,-2080,5864,-479,246,-78,0
1589.831962108612,10924,4092,10788,-160,-167,170,10092,-9936,7960,-35,92,-186,-14796,4656,2968,-1002,202,-102,-15104,-1920,5784,-481,192,-85,0
1589.865464925766,10964,4124,10768,-124,-90,152,10040,-9864,8024,-27,125,-176,-14608,4600,2680,-1006,128,-67,-15016,-1836,5676,-535,141,-139,0
1589.899137020111,10936,4060,10780,-151,-31,121,10120,-9812,8188,2,174,-174,-14772,4856,2640,-1032,72,-15,-14820,-2032,5752,-464,123,-127,0
1589.9466021060944,10888,4140,10940,-154,-4,98,10136,-9824,8020,-73,170,-145,-14636,4572,2936,-991,67,-65,-14640,-2236,6044,-465,121,-128,0
1589.9915130138395,10704,4072,10960,-173,-67,82,10000,-9940,7708,-66,163,-194,-14844,4604,2772,-977,98,-89,-14896,-1968,5844,-508,141,-131,0
1590.0291850566864,10824,4088,10636,-125,-61,97,10100,-9876,7896,-39,160,-167,-14700,4656,2568,-1021,69,-52,-14696,-2072,6136,-476,111,-151,0
1590.062737941742,10812,3856,10504,-152,-35,106,10008,-9764,7940,-53,145,-131,-14764,4696,2492,-1031,90,-27,-14732,-2136,5648,-487,83,-154,0
1590.0958621501925,10884,4148,10780,-169,-16,91,10184,-9944,7936,-254,135,-150,-14764,4780,2812,-1054,99,-33,-14788,-2120,5964,-497,119,-119,0
1590.1327130794523,10992,4120,10556,-142,247,129,9944,-9924,7924,-39,167,-138,-14780,4644,2780,-1008,82,-41,-14892,-2080,5808,-515,161,-124,0
1590.1676180362701,10752,4124,11036,-157,-88,132,9920,-9780,8052,14,135,-182,-14692,4628,2804,-1036,162,-112,-14712,-2116,5852,-518,203,-124,0
1590.2037329673767,10984,4188,10840,-117,-133,125,10032,-9812,8180,-11,161,-214,-14792,4588,2580,-1012,130,-133,-14908,-2076,5736,-487,237,-116,0
1590.239294052124,10932,4184,10808,-131,-143,124,10132,-9752,7932,-14,205,-213,-14792,4736,2616,-1040,126,-115,-14824,-2120,5908,-495,175,-114,0
1590.2745101451874,10876,4160,10928,-121,-103,138,10044,-9808,8068,6,272,-132,-14760,4644,2776,-1015,118,-102,-15020,-1980,5896,-761,138,-93,0
1590.3105010986328,10864,4184,10956,-177,-70,142,10096,-9828,7936,-23,171,-101,-14816,4624,2692,-989,67,-33,-14904,-2072,5880,-489,108,-98,0
1590.3459310531616,10868,4076,10988,-195,-23,114,10072,-9824,8088,15,287,-130,-14816,4536,2696,-966,50,-96,-14836,-1816,5636,-492,177,-123,0
1590.3812069892883,10784,4112,11232,-174,-87,83,10180,-9884,8060,43,200,-190,-14776,4696,2700,-986,139,-128,-14864,-2204,5784,-449,179,-131,0
1590.4173369407654,10848,4112,10520,-100,-131,65,10144,-9792,7988,-11,158,-203,-14800,4600,2596,-939,62,-145,-15064,-2144,5840,-441,107,-168,0
1590.4523379802704,11000,4256,10836,-106,-103,59,9996,-9792,7972,-43,191,-203,-14784,4560,2604,-938,11,-80,-14808,-2108,5744,-429,131,-160,0
1590.4882509708405,10876,4224,10864,-202,-55,57,9992,-9644,8028,-55,197,-169,-14796,4368,3048,-916,37,-74,-14892,-2068,5824,-429,118,-153,0
1590.5231461524963,10820,4060,10668,-203,-44,57,10004,-9716,7924,-75,215,-163,-14692,4672,2720,-950,17,-45,-14844,-2004,5876,-459,108,-148,0
1590.558876991272,10840,4092,10924,-265,-53,69,9920,-9972,7976,-29,162,-126,-14652,4728,2588,-975,95,-70,-14676,-1932,5900,-451,153,-75,0
1590.594113111496,10704,4252,11068,-170,-64,156,9896,-9820,8080,-24,193,-116,-14684,4684,2688,-771,180,-57,-15096,-2236,5936,-492,139,-72,0
1590.6297929286957,10804,4104,10848,-147,-95,170,9780,-9916,7680,-35,158,-139,-14712,4612,2732,-1047,172,-48,-14920,-2024,5808,-492,146,-72,0
1590.66472697258,10908,4136,10716,-207,-87,183,9992,-9876,8084,-8,140,-154,-14724,4376,2764,-1056,115,2,-14804,-2100,5912,-768,112,-51,0
1590.7000579833984,10804,4348,10928,-159,-30,178,9964,-9756,7948,-16,102,-91,-14784,4436,2604,-1050,103,-33,-14768,-1912,5856,-525,81,-99,0
1590.7356259822845,10804,4124,10924,-188,-40,185,9884,-9772,8040,-53,155,-94,-14796,4552,2760,-1000,148,-29,-14916,-1860,5792,-484,116,-92,0
1590.772597074509,10780,4152,10880,-170,-68,132,10104,-9804,7980,-74,110,-177,-14792,4540,2760,-974,164,-94,-14680,-2064,5780,-475,169,-82,0
1590.8060760498047,10776,3856,10864,-189,-134,127,9940,-9784,8096,-37,57,-224,-14644,4600,2628,-1010,157,-122,-14840,-2000,5736,-484,201,-85,0
1590.8400621414185,10860,4040,10804,-108,-114,90,10132,-9832,7964,-88,102,-234,-14656,4404,2648,-986,127,-124,-14976,-2044,5744,-487,204,-152,0
1590.8735599517822,10936,4004,10928,-128,-122,85,10080,-9880,8184,-40,116,-512,-14848,4680,2612,-987,43,-94,-14824,-1952,5828,-494,170,-180,0
1590.907009124756,10924,3980,10808,-157,-53,54,9944,-9948,7944,-47,147,-196,-14712,4632,2692,-1012,35,-85,-14952,-1928,5776,-487,125,-172,0
1590.9404730796814,10916,4044,10932,-142,7,74,10020,-9916,7996,7,148,-143,-14800,4680,2692,-1021,58,-50,-14828,-2012,5664,-510,82,-174,0
1590.9738259315493,10756,4084,10960,-149,23,84,9916,-9816,8048,-10,176,-96,-14744,4816,2764,-1001,50,-64,-14928,-1996,5696,-258,78,-146,0
1591.0095040798187,10868,4224,10836,-175,2,125,9940,-9868,8140,-5,172,-134,-14696,4688,2752,-1030,111,-67,-14768,-2116,5924,-491,110,-109,0
1591.0437350273132,10644,4204,10816,-155,-75,112,9796,-9804,8164,-61,122,-186,-14764,4828,2776,-1023,151,-53,-14836,-2180,5900,-512,132,-92,0
1591.077260017395,10988,4264,10872,-128,-95,105,9904,-9588,8148,-54,101,-176,-14724,4844,2936,-1038,120,-55,-14800,-2168,5664,-477,156,-120,0
1591.1109139919279,10788,4152,10716,-162,-90,109,10200,-9820,8056,-34,168,-192,-14832,4640,2848,-997,61,-57,-14780,-2144,6092,-472,159,-137,0
1591.1444029808044,10756,4228,10884,-211,-74,74,10040,-9828,8088,-4,168,-206,-14784,4704,2768,-1003,63,-110,-14640,-2108,5764,-437,159,-109,0
1591.17773103714,10836,4128,10728,-161,-91,77,9948,-9860,8080,-80,85,-207,-14744,4708,2788,-1054,91,-131,-14888,-2008,5720,-485,164,-133,0
1591.2112810611725,10772,3996,10708,-158,-100,115,9860,-9876,8180,-19,105,-176,-14728,4664,2516,-1280,81,-109,-14868,-1836,5704,-260,150,-119,0
1591.2448661327362,10848,4184,10880,-121,-59,146,10048,-9832,8116,-47,117,-164,-14824,4576,2692,-1274,121,-70,-14948,-2304,5824,-473,143,-106,0
1591.2782869338987,10988,4084,10864,-125,-86,125,10088,-9840,8044,-66,127,-179,-15012,4836,2648,-1046,102,-63,-15044,-2020,5676,-481,128,-109,0
1591.3118660449982,10932,4028,10752,-224,-62,106,10096,-9800,7868,11,159,-156,-14700,4648,2832,-1006,98,-107,-14808,-2048,5880,-456,148,-137,0
1591.3453140258787,10840,4120,10888,-187,-61,132,9924,-9780,7952,9,168,-124,-14716,4560,2668,-1035,103,-77,-14928,-2196,5836,-450,101,-116,0
1591.378623008728,10792,4080,10888,-176,-65,109,10048,-9816,7980,-18,157,-137,-14728,4412,2932,-991,79,-50,-14828,-2152,5896,-457,86,-147,0
1591.4118831157684,10908,4140,10896,-181,-21,101,9972,-9844,8400,-71,124,-156,-14808,4684,2528,-984,93,-51,-14816,-2040,5772,-489,112,-101,0
1591.445559978485,10816,4252,10796,-126,-48,127,9948,-9812,8096,-38,117,-147,-14844,4480,2760,-1015,115,-79,-14872,-2076,5788,-498,172,-103,0
1591.4791860580444,10816,4120,10716,-125,-58,124,9952,-9804,8060,-9,121,-184,-14680,4672,2652,-787,128,-104,-14840,-2132,5840,-522,147,-124,0
1591.5125250816343,10860,4132,10876,-107,-56,106,10012,-9872,7996,-25,123,-201,-14816,4652,2672,-1026,101,-94,-14892,-2048,5644,-516,130,-118,0
1591.5462040901184,10868,4140,10936,-150,-55,98,10028,-9892,7940,-37,114,-198,-14796,4676,2620,-1027,95,-65,-15084,-2024,5860,-478,154,-137,0
1591.57972407341,10744,4040,10768,-143,-32,83,10232,-9932,7720,-19,114,-173,-14828,4748,3052,-1032,104,-74,-14880,-2028,6104,-489,156,-108,0
1591.613198041916,10816,4048,10864,-123,-32,124,9996,-9984,7980,253,110,-160,-14768,4564,2616,-1018,108,-68,-14972,-2128,6028,-493,137,-106,0
1591.646872997284,10816,3896,10944,-163,-69,115,10044,-9900,8004,-41,155,-166,-14696,4680,2724,-992,89,-103,-14864,-1820,5996,-505,114,-101,0
1591.6803801059723,10828,4220,10980,-175,-38,133,9924,-9960,7980,-36,131,-146,-14684,4616,2816,-991,124,-85,-14844,-1816,5920,-473,137,-111,0
1591.7140181064606,10512,4216,10896,-181,-89,132,9876,-9732,8304,-27,136,-166,-14748,4640,2796,-1032,134,-65,-14796,-2072,5948,-471,174,-96,0
1591.747640132904,10496,4144,10928,-185,-72,123,9856,-9856,8076,-38,117,-178,-14808,4624,2576,-1006,146,-82,-14772,-2112,5788,-473,158,-123,0
1591.7807550430298,10756,4120,10892,-183,-103,128,9992,-9864,8028,-13,197,-193,-14756,4700,2568,-952,134,-103,-14844,-2012,5900,-470,189,-127,0
1591.81822514534,10496,4176,10844,-190,-120,100,9968,-9732,8144,-23,99,-204,-14804,4612,2704,-1011,122,-135,-14780,-2036,5948,-490,191,-106,0
1591.8541250228882,10800,4084,10800,-152,-131,89,10220,-9844,7704,-45,143,-211,-14816,4724,2804,-994,82,-99,-14916,-1968,5860,-487,193,-104,0
1591.8897490501404,10804,4100,10928,-206,-101,123,9748,-9904,7900,-20,133,-183,-14652,4700,2704,-1002,127,-74,-14888,-2012,5852,-478,147,-88,0
1591.925055027008,10864,4088,10564,-153,-50,166,10076,-9844,8104,-90,72,-168,-14752,4840,2632,-1021,148,-27,-14940,-2064,5840,-493,124,-96,0
1591.960834026337,10852,4040,10788,-161,-104,139,10040,-9756,8052,-75,78,-170,-14752,4632,2796,-1010,128,-76,-14900,-2020,5744,-766,136,-107,0
1591.9962310791016,10752,4068,10772,-172,-60,124,9808,-9820,7856,-26,106,-167,-14756,4640,2820,-1034,106,-91,-14780,-2076,5808,-512,136,-109,0
1592.0324630737305,10832,4116,10888,-134,-14,133,10060,-9876,8008,-45,144,-146,-14832,4508,2744,-1014,85,-45,-14932,-2148,5820,-517,99,-123,0
1592.0676801204681,10924,4232,10712,-153,-20,100,9972,-9920,8008,-46,121,-155,-14848,4648,2692,-997,61,-41,-14940,-1844,5792,-495,110,-145,0
1592.1036751270294,10904,4156,10944,-127,-41,77,10000,-9812,7680,-43,135,-133,-14776,4716,2828,-1010,46,-21,-14832,-2180,5936,-526,102,-148,0
1592.1391949653625,10692,4176,10884,-123,249,79,9816,-9876,7992,10,213,-153,-14732,4696,2704,-1009,93,-42,-14800,-2272,5916,-540,139,-139,0
1592.1741580963135,10636,4312,10756,-129,0,109,9852,-9832,8052,-38,124,-175,-14732,4672,2776,-990,105,-91,-14888,-2000,5892,-494,156,-98,0
1592.2100350856779,10844,4152,10952,-164,-83,103,9776,-9884,7776,-55,127,-183,-14612,4740,2764,-1006,96,-56,-14700,-2144,5896,-459,129,-121,0
1592.2452421188354,10728,4164,10952,-174,-64,110,9936,-9964,7992,15,140,-173,-14640,4664,2580,-1001,116,-93,-15044,-2040,5880,-461,168,-99,0
1592.2807741165159,10756,4192,10976,-168,-98,118,9972,-9936,7912,-40,135,-204,-14704,4632,2564,-998,106,-112,-14824,-2108,5708,-495,170,-109,0
1592.3161361217499,10648,4096,10836,-129,-82,96,9776,-9936,8088,-40,111,-196,-14804,4736,2832,-1279,112,-145,-15064,-2156,6128,-512,170,-122,0
1592.3522379398346,10788,4260,10768,-126,-73,92,10224,-9960,8132,-77,126,-190,-14780,4616,2836,-961,103,-129,-14800,-2284,5724,-493,139,-161,0
1592.3879220485687,10792,4108,10728,-142,-91,98,9960,-9892,7696,-34,130,-192,-14724,4560,2700,-999,88,-132,-14800,-2144,5848,-754,157,-127,0
1592.4227421283722,10776,4096,10852,-176,-51,120,10056,-9864,7988,-15,167,-173,-14632,4576,2576,-984,137,-89,-14820,-2268,5820,-449,158,-92,0
1592.4581940174103,10844,4344,10840,-126,-59,105,10020,-9812,8000,-14,124,-209,-14832,4756,2632,-1020,138,-73,-14888,-1964,5840,-494,181,-110,0
1592.4917171001434,10916,4140,10884,-143,-113,102,10044,-9972,8056,-31,101,-203,-14824,4704,2716,-999,98,-84,-14940,-2004,5860,-502,134,-125,0
1592.5252630710602,10824,4076,10812,-139,-82,113,10068,-9832,8160,-39,150,-131,-14732,4720,2688,-1009,62,-101,-14628,-2228,5884,-521,99,-126,0
1592.558571100235,10816,4264,10908,-112,-11,99,10020,-9752,7944,-50,146,-127,-14720,4720,2756,-995,118,-28,-15052,-2148,5860,-499,103,-139,0
1592.5920901298523,11004,4320,10800,-149,-46,129,9984,-9852,8032,-32,112,-139,-14788,4812,2760,-1081,74,-13,-14788,-2180,5996,-768,120,-131,0
1592.62548494339,10748,4168,10940,-142,-41,83,9936,-9920,8100,-56,119,-186,-14652,4724,2816,-983,81,-45,-14800,-2144,5936,-509,102,-123,0
1592.6589109897614,10772,4184,10956,-166,-82,106,9924,-9808,8024,-43,163,-177,-14816,4764,2892,-991,98,-114,-14864,-2064,5928,-480,155,-126,0
1592.692479133606,10836,4236,10760,-124,-64,104,9952,-9836,7856,-41,129,-185,-14776,4672,2716,-994,92,-113,-14840,-2072,5952,-493,173,-142,0
1592.7259809970856,10784,4048,10936,-173,-101,79,9732,-9876,8056,-16,155,-188,-14788,4620,2788,-997,100,-124,-14800,-1992,6000,-467,177,-150,0
1592.75971698761,10756,4200,11004,-135,-63,87,9972,-9836,7700,-33,150,-178,-14796,4668,2756,-1000,112,-80,-15000,-2048,5764,-485,170,-154,0
1592.7934210300446,10740,4208,10728,-134,-39,102,9984,-9756,8040,-11,136,-183,-14744,4672,2944,-1002,98,-70,-15084,-2288,5708,-498,111,-125,0
1592.826965093613,10856,4096,10816,-138,-35,91,10060,-9860,7936,-22,126,-174,-14724,4692,2584,-1002,83,-51,-14912,-2152,5816,-482,128,-122,0
1592.860582113266,10784,4092,10968,-149,-37,122,9924,-9744,7932,-28,172,-123,-14744,4664,2624,-1047,100,-68,-15024,-2112,5832,-476,129,-112,0
1592.8937921524048,10716,4184,11052,-162,-57,140,10024,-9852,8056,-89,133,-185,-14788,4392,2776,-1003,148,-61,-15072,-2108,6064,-485,180,-102,0
1592.9272220134735,10804,4204,10932,-161,-101,165,9924,-9924,8044,-112,158,-203,-15100,4616,2712,-1014,122,-60,-14908,-2136,5904,-502,204,-98,0
1592.960746049881,10772,4132,10976,-203,-108,94,10224,-9880,8012,-49,199,-185,-14732,4384,2960,-977,110,-88,-14836,-2044,5860,-476,195,-104,0
1592.994241952896,10728,4132,11044,-292,-154,129,9824,-9836,7968,-37,134,-234,-14600,4736,2912,-973,152,-143,-14768,-2076,5980,-496,250,-42,0
1593.0276370048523,10764,4172,10960,-220,-276,166,9888,-10088,7968,-56,49,-273,-14616,4772,2632,-965,186,-168,-14840,-1812,6016,-487,238,-27,0
1593.0608599185944,10764,4072,11032,-190,-330,193,9900,-10180,8016,-111,73,-260,-14820,4876,2812,-932,182,-134,-15076,-1816,6068,-489,221,-51,0
1593.0944471359253,10948,4016,10984,-216,-320,190,9968,-9924,7828,-75,111,-257,-14804,4780,2768,-945,148,-164,-14752,-2008,5884,-517,223,-58,0
1593.12796998024,10916,4340,11004,-195,-282,164,10188,-9804,8084,-47,116,-506,-14688,4648,2576,-952,159,-180,-14788,-2092,5796,-507,230,-95,0
1593.1613600254059,10892,3852,10816,-204,-228,164,10056,-9832,7708,-32,85,-264,-14824,4652,2776,-978,165,-169,-14964,-1996,5712,-472,208,-41,0
1593.194785118103,10876,3996,10960,-228,-243,164,10048,-9848,8084,-41,123,-256,-15036,4792,2812,-989,192,-168,-14884,-1976,5712,-475,247,-78,0
1593.2283999919891,10824,4068,10692,-279,-6,131,10072,-9772,7752,-20,147,-295,-14628,4568,2676,-972,160,-153,-14892,-2096,5728,-465,255,-86,0
1593.2619140148163,10956,4048,10780,-203,-232,103,10216,-9824,7932,-57,141,-4,-14804,4636,2720,-1012,100,-129,-15012,-2012,5820,-478,209,-109,0
1593.29554104805,10904,4032,10880,-227,-146,107,10200,-9764,7996,14,155,-213,-14796,4584,2636,-1049,61,-144,-14904,-2296,6104,-480,191,-118,0
1593.329178094864,10868,4096,10652,-162,-68,94,9740,-9744,8180,-10,181,-166,-14764,4612,2704,-1038,76,-114,-14820,-1972,5792,-459,158,-157,0
1593.3628120422363,10816,4148,10664,-154,-79,90,9952,-9748,7812,-1,151,-192,-14796,4660,2724,-1032,112,-59,-14756,-2012,5792,-495,142,-146,0
1593.3961610794067,10956,3996,10592,-174,-15,122,10000,-9820,7976,20,108,-145,-14768,4604,2800,-1035,84,-38,-14836,-2060,5756,-500,86,-153,0
1593.429857969284,10944,4168,10900,-141,44,107,9980,-9708,7984,13,166,-101,-14844,4560,2784,-1037,39,-1,-14920,-2132,5840,-528,49,-154,0
1593.4631531238556,10840,4136,10968,-186,49,106,9888,-9808,8024,-36,146,-134,-14732,4860,2804,-1016,103,-220,-14932,-2112,6120,-478,94,-98,0
1593.500615119934,10892,4336,10920,-146,-39,155,10036,-9904,8028,-75,72,-142,-14720,4384,2648,-1269,130,-50,-14844,-2044,5688,-509,159,-74,0
1593.5361571311953,10856,4008,10884,-144,-122,192,9908,-9912,8040,-72,77,-192,-14712,4684,2968,-1032,149,-77,-14836,-2096,5816,-481,200,-49,0
1593.5722601413727,10760,4032,10684,-153,-110,156,9936,-10136,8000,-54,82,-231,-14784,4352,2560,-1021,184,-117,-14820,-2076,5668,-501,207,-93,0
1593.6075079441073,10828,4036,10692,-164,-97,96,9996,-9880,8004,-51,40,-239,-14608,4700,2660,-1029,124,-101,-15076,-1940,5788,-469,183,-103,0
1593.6434271335602,10800,4072,10816,-162,-93,114,9936,-9832,7896,251,161,-191,-14876,4608,2940,-1011,112,-70,-15104,-2080,5656,-495,150,-127,0
1593.679486036301,10828,4160,10920,-123,-66,88,10008,-9868,7980,7,154,-170,-14784,4672,2624,-986,102,-108,-15104,-2008,5764,-498,137,-127,0
1593.7150390148163,10836,4044,10896,-137,-78,78,10032,-9848,8004,-42,153,-207,-14776,4524,2704,-993,91,-73,-14936,-2016,5688,-492,169,-127,0
1593.7501709461212,10980,4056,10864,-144,-65,85,10080,-9888,8076,-20,141,-206,-14816,4408,2724,-988,88,-111,-14876,-1960,5684,-482,181,-108,0
1593.7855701446533,10856,3856,10836,-164,-112,91,10032,-9928,7992,-41,157,-211,-14716,4608,2668,-1007,92,-82,-14940,-2052,5792,-472,164,-124,0
1593.8217420578003,10960,3888,10816,-155,-49,80,10048,-9772,8040,30,185,-184,-14784,4700,2656,-1275,88,-65,-14920,-2028,5824,-498,137,-165,0
1593.8574969768524,10816,4076,10888,-159,-36,71,9972,-9476,8068,-8,144,-188,-14788,4628,2616,-1029,101,-113,-14608,-2284,5632,-481,146,-135,0
1593.8928771018982,10620,4092,10820,-168,-38,94,9916,-9884,7984,18,138,-175,-14748,4724,2756,-1016,98,-95,-15056,-2048,5760,-493,134,-117,0
1593.9287660121918,10820,4040,10772,-123,-49,80,10024,-9796,7720,21,144,-173,-14740,4672,2728,-1050,74,-71,-14740,-2144,6096,-498,132,-147,0
1593.9642341136932,10836,4188,10756,-144,-35,119,9916,-9808,8032,4,143,-129,-14644,4372,2648,-1026,87,-50,-14836,-2092,5880,-497,108,-136,0
1593.9995939731598,10892,4132,10816,-140,-5,115,9960,-9880,8180,-88,89,-124,-14796,4472,3044,-1007,115,-42,-14828,-2196,5656,-494,148,-129,0
1594.0347571372986,10876,4204,10880,-158,-16,100,10008,-9740,8184,-74,141,-173,-14780,4696,2820,-981,103,-15,-14900,-2280,5680,-429,122,-123,0
1594.0700919628143,10884,4132,10728,-206,-245,83,10036,-9736,7952,-60,139,-200,-14848,4572,2776,-988,63,-9,-14884,-2048,5808,-412,83,-180,0
1594.1055309772491,10812,4316,10836,-179,61,64,9984,-9808,8020,-51,143,-146,-14672,4672,2680,-984,10,-24,-14876,-1900,5868,-510,106,-146,0
1594.1418061256409,10860,4196,10928,-117,10,98,10028,-9904,8016,-92,93,-142,-14792,4760,2792,-986,64,-78,-14860,-2248,5704,-479,84,-115,0
1594.175507068634,10888,3980,10868,-66,32,102,10036,-9904,8080,-4,77,-144,-14896,4656,2776,-1063,67,-78,-15096,-2304,5872,-537,70,-160,0
1594.2092170715332,10836,4008,10892,-61,32,56,10132,-9900,8104,250,164,-146,-14724,4744,2644,-1038,-8,-63,-15004,-1808,5780,-555,105,-192,0
1594.2426929473877,10764,3940,10876,-17,62,45,9992,-9828,7988,-13,182,-139,-14728,4400,2708,-1052,34,-38,-14868,-2040,5808,-550,87,-166,0
1594.27623295784,10804,4040,10944,-76,24,55,10028,-9880,7796,8,159,-126,-14732,4672,2664,-1280,15,-50,-14968,-2036,5904,-496,62,-193,0
1594.3097579479218,10908,3864,11176,-96,59,35,10060,-9880,8032,-7,168,-132,-14744,4612,2664,-994,11,-73,-14880,-1920,5704,-493,70,-220,0
1594.343495130539,10752,4036,10900,-91,75,-252,9728,-9872,8020,36,198,-150,-15052,4752,2928,-980,25,-92,-15068,-1832,5936,-495,111,-226,0
1594.3771719932556,10692,4160,11004,-128,19,9,10036,-9828,8008,16,503,-165,-14648,4696,2748,-1000,24,-118,-14708,-2160,5864,-467,156,-243,0
1594.4106111526487,10700,4172,10896,-139,-10,-8,9884,-9800,8136,-252,231,-253,-14624,4692,2832,-969,16,-151,-14824,-2084,5756,-444,190,-224,0
1594.4441850185394,10736,4212,10932,-108,-60,-38,9748,-9892,8188,-256,214,-235,-14712,4612,2912,-970,6,-140,-14692,-2088,5940,-471,207,-240,0
1594.4777381420135,10716,4192,10988,-72,-40,-14,9940,-9828,8120,31,205,-232,-14736,4580,2776,-982,23,-140,-14868,-2256,5948,-492,162,-234,0
1594.5110630989075,10820,4332,10800,-88,-35,17,10024,-9804,8096,21,202,-210,-14732,4632,2920,-996,-254,-141,-15012,-2224,5636,-257,158,-201,0
1594.5445549488068,10652,4284,10920,-90,-91,70,9996,-9680,8268,-20,161,-169,-14844,4708,2760,-1015,63,-125,-14880,-2176,5696,-522,166,-119,0
1594.578068971634,10832,4216,10848,-82,-95,108,9788,-9980,8128,-43,103,-159,-14696,4568,2740,-1020,147,-46,-14880,-2128,5872,-567,164,-69,0
1594.6116390228271,10768,4148,10904,-152,-76,201,9932,-9496,7976,-55,96,-129,-14784,4564,2904,-996,132,-62,-14640,-2164,5772,-558,109,-51,0
1594.64488697052,10792,4348,10940,-73,-56,194,10040,-9772,8152,-104,78,-92,-14764,4808,3040,-1028,135,-19,-14912,-2252,5816,-506,87,-86,0
1594.6786720752716,10828,4296,10892,-148,-52,153,10016,-9776,7940,-81,131,-126,-14828,4688,2844,-1025,119,-1,-14908,-2208,5736,-489,82,-109,0
1594.7118360996246,10704,4132,10944,-164,-17,125,9908,-9852,7984,-74,111,-147,-14848,4656,2680,-1056,91,-35,-14764,-2060,5776,-535,137,-118,0
1594.7454800605774,10684,4176,10952,-104,-67,128,10036,-9816,7980,-50,118,-172,-14792,4572,2644,-1022,115,-68,-14784,-2180,5828,-533,144,-98,0
1594.7791740894318,10612,4236,10864,-132,-111,112,9804,-9748,8180,-74,113,-193,-14716,4720,3012,-974,88,-94,-14852,-2116,6028,-468,110,-118,0
1594.8123741149902,10728,4160,10968,-146,-96,85,9728,-9856,7856,-40,182,-189,-14776,4772,3020,-959,45,-80,-14708,-2120,5960,-498,151,-151,0
1594.8459870815275,10708,4160,10860,-138,-97,90,9728,-9852,7952,-34,227,-177,-14632,4492,2772,-964,96,-135,-14824,-1996,5728,-555,207,-128,0
1594.8799359798431,10720,4324,10820,-90,-135,111,9952,-9948,8072,-33,129,-231,-14748,4724,3056,-958,115,-80,-15100,-2048,5612,-502,241,-103,0
1594.913365125656,10732,4216,10864,-120,-160,147,9928,-9784,8088,-22,96,-200,-14796,4848,2560,-1010,144,-104,-14824,-2228,6012,-489,200,-127,0
1594.946895122528,10760,4240,10908,-150,-101,105,9904,-9808,7984,-23,89,-230,-14740,4716,2756,-1004,123,-108,-14764,-2084,6004,-492,189,-116,0
1594.9803919792175,10996,4208,10816,-116,-76,114,9904,-9804,8048,-35,92,-176,-14756,4644,2824,-994,140,-137,-14780,-2208,5700,-521,164,-95,0
1595.0137660503387,10740,4232,10912,-112,-89,145,10076,-9792,8000,-33,106,-155,-14784,4660,2652,-993,111,-129,-14868,-2176,5808,-528,189,-115,0
1595.047490119934,10704,4108,10808,-82,-112,94,10048,-9804,8044,-18,137,-179,-14780,4740,2700,-990,86,-86,-14896,-2172,5800,-533,214,-147,0
1595.0810010433195,10760,4268,10936,-94,-97,68,9992,-9748,7996,-32,155,-163,-14728,4356,2736,-1001,113,-82,-15072,-1972,6140,-766,153,-121,0
1595.1147100925446,10844,4240,10808,-126,-115,129,9968,-9940,7996,-48,89,-187,-14700,4676,2896,-996,155,-119,-14776,-2192,6040,-548,212,-84,0
1595.1502029895785,10648,4184,10764,-128,-138,126,9980,-9832,8008,-24,70,-194,-14676,4624,2868,-1013,139,-125,-14824,-2088,5876,-765,205,-117,0
1595.1853370666504,10500,4244,10828,-151,-124,119,9952,-9752,8136,-36,89,-190,-14676,4352,2812,-1000,142,-97,-14888,-2112,5680,-503,188,-89,0
1595.2207551002505,10652,4284,10960,-136,-90,161,10184,-9816,8164,-96,50,-146,-14672,4588,2848,-998,157,-60,-14796,-2104,6140,-499,147,-53,0
1595.256187915802,10976,4208,10764,-174,-73,146,10012,-9828,7940,-55,85,-159,-14892,4688,2860,-952,106,-86,-14872,-2068,6112,-518,107,-87,0
1595.2918729782104,10784,4220,10956,-167,-41,131,10012,-9864,8000,-43,187,-176,-14872,4592,2772,-946,91,-109,-14944,-2524,5788,-469,151,-140,0
1595.3277990818024,10784,4280,10856,-186,-110,76,10064,-9760,8096,-82,228,-203,-14712,4668,2568,-925,65,-119,-14744,-2052,5736,-257,178,-173,0
1595.3626689910889,10760,4180,10692,-189,-79,94,9936,-9780,7912,-44,139,-215,-14676,4500,2572,-931,90,-102,-14612,-2048,5768,-458,157,-133,0
1595.3987839221954,10540,4252,10756,-160,-119,95,9752,-9764,7940,-62,175,-223,-14728,4656,2696,-976,72,-96,-14928,-2128,5884,-459,168,-94,0
1595.434422969818,10876,4220,11096,-184,-122,108,10076,-9764,8188,-12,146,-178,-14876,4792,2772,-890,112,-84,-14908,-2112,5804,-456,159,-92,0
1595.4701399803162,10780,4176,10896,-246,-173,125,9928,-9864,8028,-48,136,-230,-14596,4676,2700,-920,95,-132,-14928,-2212,5976,-416,170,-102,0
1595.50510597229,10812,3852,10860,-209,-192,133,10228,-9904,7716,-18,159,-222,-14684,4648,2836,-930,148,-132,-14760,-2136,6096,-453,170,-100,0
1595.540619134903,10708,3848,10792,-196,-183,100,9888,-9752,7896,-77,167,-239,-14656,4716,2800,-971,116,-120,-14792,-1992,5944,-501,184,-65,0
1595.5759799480438,10780,4196,10860,-231,-191,131,9928,-9864,8116,-72,141,-192,-14752,4644,2684,-923,169,-87,-14824,-2120,5864,-501,125,-85,0
1595.6118669509888,10864,4172,10820,-211,-129,118,10064,-9760,7904,-54,138,-178,-14916,4668,2644,-966,91,-41,-14960,-2120,5960,-541,145,-112,0
1595.647794008255,10840,4128,10768,-187,-133,164,10088,-9904,7852,249,136,-101,-14752,4692,2660,-1044,119,-45,-14888,-1816,5892,-560,127,-42,0
1595.6833040714264,10820,4204,10540,-231,-130,224,9988,-9848,7964,-24,123,-113,-14736,4672,2840,-985,183,-9,-15068,-2108,5780,-541,137,-19,0
1595.7183301448822,10888,4192,10840,-253,-147,200,9976,-9476,8068,-38,73,-147,-14808,4504,2644,-986,206,-74,-14912,-2208,5796,-466,131,-71,0
1595.7538249492643,10792,4160,10744,-264,-123,147,10032,-9792,7964,-84,110,-163,-14748,4408,2564,-990,132,240,-14776,-2112,5828,-469,98,-72,0
1595.7897479534147,10808,4072,10872,-240,-70,159,9960,-9848,8004,-38,138,-92,-14708,4664,2820,-1035,61,8,-14864,-2108,5836,-488,88,-84,0
1595.8256659507751,10776,4160,10856,-241,-10,138,10020,-9876,7748,-67,168,-59,-14720,4680,2608,-1027,13,72,-14904,-2224,5728,-484,13,-150,0
1595.8592269420624,10972,4500,10956,-203,66,86,10116,-9780,8040,-85,285,-72,-14736,4492,2844,-923,-21,72,-14884,-2196,5720,-473,-31,-192,0
1595.8928079605105,10704,4316,10824,-172,80,51,9928,-9772,8108,-78,192,-121,-14628,4856,2968,-967,-48,24,-15084,-1856,5656,-462,-8,-196,0
1595.9265489578247,10596,4148,10664,-177,20,63,9888,-9800,7936,232,156,-108,-14632,4656,2648,-1000,72,20,-14716,-2048,6124,-472,47,-136,0
1595.960032939911,10772,4188,10636,-156,69,111,10036,-9784,7896,-33,194,-84,-14584,4648,2888,-967,-20,12,-14728,-2096,5716,-501,99,-134,0
1595.9936969280243,10808,4108,10896,-164,17,80,9968,-9844,7680,-16,151,-148,-14736,4720,2736,-1070,61,-5,-14888,-2040,5876,-481,105,-146,0
1596.0318570137024,10752,4024,10804,-114,64,124,10004,-9908,7956,-33,93,-103,-14676,4800,2748,-1068,129,17,-14600,-2000,5940,-499,53,-90,0
1596.0655329227448,10716,4140,10936,-90,26,148,10020,-9988,7940,-44,78,-109,-15096,4776,2796,-1054,132,13,-14872,-2084,5940,-768,60,-70,0
1596.0991950035095,10780,4068,10944,-98,39,171,10008,-10216,7872,-52,84,-55,-14968,4844,2696,-1060,129,-20,-14876,-1976,6020,-257,17,-81,0
1596.1323039531708,10612,4100,11036,-101,71,135,10116,-9860,7912,-48,119,-39,-14824,4776,2736,-1034,120,67,-14820,-2104,6032,-522,17,-106,0
1596.1657841205597,10496,4196,11048,-153,49,146,9728,-9908,8044,-60,176,-32,-14744,4720,3012,-1103,77,65,-15072,-2212,5684,-537,41,-118,0
1596.199077129364,10816,4152,11200,-141,91,112,9944,-9848,8056,-73,125,-92,-14684,4712,2760,-1049,129,239,-14776,-2096,5884,-508,-29,-162,0
1596.2325279712677,10628,3908,10828,-87,140,46,9956,-9868,7936,-46,239,-77,-14700,4680,2744,-987,-11,250,-14752,-2244,5820,-530,58,-211,0
1596.2661049365995,10544,4176,10792,-161,13,22,9900,-9836,7956,-49,199,-173,-14656,4676,2900,-959,63,-40,-14668,-2216,5936,-478,138,-126,0
1596.2999291419983,10632,4240,10876,-125,-42,60,9856,-9840,7996,-36,213,-175,-14696,4708,2992,-975,97,-81,-14708,-2260,6092,-479,131,-153,0
1596.3336160182953,10620,4272,10836,-87,-21,60,9800,-9952,8032,-21,166,-190,-14744,4776,2888,-1017,71,-72,-14856,-2096,5908,-500,155,-127,0
1596.3674499988556,10904,4176,10916,-75,-25,101,9816,-9888,8108,-42,51,-204,-14832,4824,2624,-1029,100,-48,-14984,-2100,6044,-534,111,-136,0
1596.4010479450226,10560,4124,11104,-53,-26,142,9908,-9832,8100,11,106,-48,-14772,4840,2840,-1016,58,234,-14956,-2160,5920,-643,46,-134,0
1596.434406042099,10700,4264,10784,-8,67,142,9944,-10008,8024,41,138,-6,-14752,4872,3024,-1061,52,26,-14876,-2156,6052,-661,-5,-94,0
1596.467803955078,10680,4060,11136,21,95,186,9836,-10108,8016,37,68,-15,-14660,5108,3044,-1124,149,65,-14696,-1968,6012,-673,-17,-103,0
1596.50132894516,10544,4156,10984,-36,61,184,9824,-9972,7888,-10,107,-37,-14708,4744,2616,-1048,41,17,-14864,-2108,5940,-549,18,-192,0
1596.5349459648132,10532,4152,11084,-64,23,65,10092,-10068,8184,-19,295,-132,-14864,4620,2984,-972,9,-133,-14716,-2216,5872,-541,48,-309,0
1596.5684759616852,10636,4280,11020,-130,-104,-30,10028,-9940,7952,-14,278,-12,-14552,4612,2532,-904,28,-219,-14764,-2192,5860,-427,239,-222,0
1596.6017961502075,10508,4308,10776,-155,-111,-27,9948,-9760,7944,-10,234,-234,-14808,4760,2572,-945,-16,-72,-14608,-2236,5672,-434,207,-235,0
1596.6351480484009,10868,4312,10840,-236,-30,-48,10228,-9920,7996,-95,318,-164,-14668,4788,2888,-1060,-135,-242,-14836,-2128,5912,-543,147,-269,0
1596.6701910495758,10632,4196,10840,-99,56,26,9600,-9992,8048,36,192,-118,-14484,4912,2676,-1063,42,-73,-14688,-2012,6024,-589,73,-117,0
1596.7037160396576,10604,4160,10796,109,98,192,9616,-9904,7740,28,-96,-71,-14140,4740,2660,-797,307,39,-14652,-1964,5892,-569,23,105,0
1596.7372879981995,10320,4304,10888,31,67,324,9756,-9784,7872,-70,-203,-44,-14536,4844,2560,-774,398,-234,-14656,-2060,6204,-533,-29,131,0
1596.770749092102,10556,4304,10852,-93,43,330,9896,-10076,7912,-13,-62,-44,-14744,4828,2764,-1167,215,-18,-14944,-2212,5996,-510,74,34,0
1596.8041179180143,10732,4140,10852,-212,79,241,10052,-10088,8068,33,119,22,-14864,4928,2684,-1090,110,246,-14948,-2148,6120,-564,89,-45,0
1596.840805053711,10784,4280,11236,-168,129,195,9900,-9968,8252,41,113,-8,-14816,4704,2768,-1068,204,-10,-14824,-2260,5948,-570,43,-47,0
1596.876188993454,10632,4236,11028,-14,252,182,9916,-9748,8044,6,60,-154,-14816,4524,2948,-1053,221,-158,-14716,-2212,5908,-557,218,-82,0
1596.912183046341,10600,4156,10892,-55,-198,106,9932,-9928,8120,34,114,-284,-14696,4624,2568,-1077,167,-252,-14732,-2132,5872,-768,377,-170,0
1596.9480590820312,10720,4244,10932,-156,-216,67,9924,-9816,7924,32,158,-316,-14708,4704,2776,-1073,120,-179,-14820,-2116,6088,-441,339,-149,0
1596.9835810661316,10732,4308,10852,-157,-81,46,9772,-9876,7940,35,172,-196,-14652,4868,2716,-1079,16,-100,-15048,-2204,6176,-451,194,-130,0
1597.0193140506744,10576,4312,11056,-156,55,51,9924,-9992,8148,37,235,-72,-14784,4732,2860,-1086,4,-5,-14868,-2304,6052,-260,76,-183,0
1597.0540089607239,10548,4104,11212,-101,81,48,9772,-10064,8100,82,189,-120,-14764,4708,2720,-1004,31,-137,-14824,-2196,6028,-568,77,-244,0
1597.0902481079102,10656,4320,11088,44,-33,74,9776,-9988,8148,-11,128,-144,-14672,4808,3052,-1015,64,-88,-14812,-2124,5860,-623,134,-164,0
1597.1253900527954,10620,4372,10940,-43,-86,143,9924,-9936,7876,-12,166,-115,-14620,4712,3036,-1042,-249,-101,-14812,-2092,5896,-559,169,-166,0
1597.160905122757,10508,4380,10972,-183,-52,95,9904,-9864,8036,9,256,-137,-14660,4804,2980,-1046,39,-60,-14732,-2376,6084,-470,124,-184,0
1597.196249961853,10272,4344,11168,-113,-25,21,9816,-9936,8120,-40,245,-220,-14744,4864,2848,-901,42,-113,-14748,-2232,6052,-455,128,-187,0
1597.232511997223,10548,4212,10976,-130,-84,-11,9820,-10224,7952,-97,240,-248,-14752,4716,2872,-947,37,-205,-14788,-2124,5932,-437,253,-218,0
1597.2680461406708,10656,4336,10944,-215,-140,28,9800,-9784,8088,-92,264,-234,-14660,4448,2756,-902,246,-100,-14752,-2372,6136,-338,183,-157,0
1597.3035809993744,10588,4136,10988,-303,-96,-48,9840,-9812,7984,-107,324,-302,-14828,4752,2752,-914,37,-139,-14624,-2152,5996,-284,193,-215,0
1597.3391261100767,10644,4272,10964,-511,-99,-88,9860,-10024,8108,-43,248,-359,-14824,4728,2944,-922,28,-222,-14708,-2064,5632,-331,246,-214,0
1597.37446308136,10716,4280,11072,-152,-116,-44,9760,-9904,8144,-24,215,-267,-14672,4688,2800,-934,-38,-110,-14876,-2056,6028,-439,219,-206,0
1597.4101431369781,10756,4200,10992,-190,-81,32,9812,-9944,7732,-62,176,-159,-14644,4868,2680,-952,42,-60,-14820,-2012,5980,-563,122,-139,0
1597.445673942566,10656,4304,10908,-109,-43,139,9764,-10020,7928,26,54,-135,-14624,4968,2704,-1012,157,-40,-14800,-2024,6056,-590,85,-54,0
1597.4825179576874,10660,4108,10796,-21,253,509,9720,-10004,8004,12,-77,-99,-14672,4984,2632,-1108,228,254,-14736,-2048,5956,-615,137,14,0
1597.5157821178436,10580,3904,11036,-77,30,334,9724,-10048,7820,26,-43,-10,-14704,4792,2588,-1148,296,37,-14804,-2100,6044,-646,103,52,0
1597.5493280887604,10540,4224,11156,-106,-43,348,9940,-9956,7748,-256,-38,-60,-14848,4708,2952,-1105,294,-10,-14808,-2236,5932,-545,88,42,0
1597.58305311203,10520,4244,10912,-194,-67,253,9852,-9832,8012,-53,36,-139,-14804,4592,3076,-1041,241,-108,-14836,-2428,5900,-436,169,-58,0
1597.6164100170135,10568,4592,11144,-242,-95,134,9932,-9856,8140,-43,198,-176,-14780,4616,2872,-1005,94,-96,-14884,-2340,5900,-428,161,-158,0
1597.6497111320496,10736,4444,11232,-511,-47,8,9768,-9964,8384,254,308,-200,-14896,4852,3160,-992,-10,-79,-14748,-2412,6036,-393,140,-270,0
1597.6834599971771,10572,4372,11004,-174,-46,-95,9732,-9856,8240,-41,317,-277,-14680,4624,2972,-916,-90,-146,-14704,-2340,5896,-392,170,-307,0
1597.7169690132139,10728,4396,11052,-164,-41,-119,9472,-9836,8188,-96,270,-298,-14360,4740,2612,-875,-53,-139,-14764,-2268,6092,-348,203,-227,0
1597.7506580352783,10532,4396,10988,-268,-121,-41,9728,-9960,8056,-104,240,-309,-14344,4624,2756,-885,20,-139,-14656,-2168,5916,-406,230,-166,0
1597.7842259407043,10580,4260,10996,-508,-161,42,9688,-9904,7976,-28,132,-268,-14672,4788,2616,-938,129,-135,-14780,-2120,6108,-388,214,-22,0
1597.81760597229,10648,4208,11124,-223,-191,126,9940,-9760,8064,-47,71,-308,-14772,4868,2864,-974,209,-151,-14880,-2144,6008,-346,230,-52,0
1597.8510670661926,10708,4272,10964,-310,-218,108,9964,-9984,8068,-29,87,-347,-14792,4744,2724,-967,164,-130,-14816,-2156,5988,-344,233,-108,0
1597.88432097435,10672,4228,11096,-294,-191,115,9840,-9928,7952,-136,120,-228,-14704,4888,2820,-933,65,-78,-15100,-2132,5972,-448,96,-89,0
1597.9176080226898,10616,4164,10824,-300,-122,110,9748,-10044,7944,-37,226,-166,-14700,5016,2900,-951,14,-43,-14760,-2148,6000,-498,75,-89,0
1597.9512510299685,10656,4336,11012,-283,-118,163,9768,-9936,8028,-80,133,-120,-14620,4756,2828,-991,100,28,-14724,-2196,6016,-445,58,-42,0
1597.9847729206083,10620,4268,11020,-296,-118,161,9876,-9920,8136,-110,80,-190,-14832,4856,2644,-993,168,-22,-14692,-2108,6088,-446,135,-34,0
1598.01811003685,10600,4020,10920,-263,-154,192,9808,-10204,7968,-106,41,-207,-14488,5108,2660,-933,212,-46,-14656,-1924,6020,-469,146,-8,0
1598.0518620014193,10592,4008,10980,-226,-240,214,9996,-9744,7892,-50,71,-197,-14804,4844,2676,-957,145,-119,-14856,-1852,5996,-432,162,-78,0
1598.0854020118713,10832,4100,11044,-284,-171,148,10012,-9956,8156,252,155,-241,-14876,4624,2744,-958,87,-120,-14904,-2288,6056,-434,160,-131,0
1598.1187629699707,10596,4176,10996,-501,-150,33,9844,-9988,8124,8,230,-274,-14748,4740,2844,-957,66,-178,-14828,-2092,5796,-439,268,-203,0
1598.1519799232483,10656,4108,11000,-195,-228,55,9916,-9848,8044,-1,236,-297,-14652,4668,2636,-968,34,-483,-14844,-2172,5820,-433,325,-177,0
1598.1855340003967,10612,4164,10744,-211,-265,28,9860,-9688,7944,34,161,-347,-14656,4652,2588,-1016,103,-308,-14716,-2148,5808,-374,335,-167,0
1598.2190070152285,10628,4144,10940,-205,-182,12,9844,-9852,8076,11,219,-359,-14716,4828,2908,-982,49,-197,-14868,-2176,5904,-411,218,-161,0
1598.2525849342346,10816,4244,11164,-218,-119,18,9852,-9920,7996,36,171,-250,-14756,4840,3044,-1017,71,-106,-14904,-2136,6036,-394,169,-188,0
1598.2858791351318,10524,4204,10800,-182,-28,55,9752,-9916,7872,25,220,-205,-14652,4668,3004,-1274,72,-110,-14744,-2192,5972,-475,190,-150,0
1598.3193359375,10704,4284,11044,-155,-21,107,10120,-9904,7988,21,146,-204,-14644,4708,2808,-1003,89,-132,-14756,-2208,5872,-423,178,-120,0
1598.352921962738,10548,4264,10892,-167,-42,82,9752,-9756,8108,-3,150,-214,-14520,4656,2788,-781,113,-106,-14816,-2288,5828,-403,196,-127,0
1598.3861999511719,10508,4212,10920,-181,-43,111,9788,-10000,8164,-28,121,-233,-14596,4808,2848,-991,101,-89,-14836,-2264,6004,-430,161,-131,0
1598.4196209907532,10676,4260,10916,-129,-47,53,9912,-9952,7908,-64,158,-201,-14684,4720,2920,-981,86,-78,-14864,-2144,5936,-485,167,-151,0
1598.45316696167,10724,4236,10916,-152,-101,109,9900,-9736,8044,-29,155,-174,-14620,4632,2832,-949,128,-149,-14732,-2196,5972,-421,196,-74,0
1598.487048149109,10680,4288,11004,-130,-79,98,9824,-9864,7976,-52,118,-246,-14716,4716,3000,-1004,148,-209,-15084,-2148,6028,-391,286,-84,0
1598.5233631134033,10648,4224,10864,-179,-181,96,10000,-9788,8024,-30,71,-312,-14744,4724,2840,-1004,141,-182,-14936,-2168,5992,-404,257,-98,0
1598.5582201480865,10840,4196,10792,-154,-152,78,9992,-9828,8056,-63,132,-1,-14784,4748,2664,-989,75,-144,-14904,-2112,6124,-417,148,-122,0
1598.593759059906,10744,4332,11108,-140,-39,65,9852,-9808,8108,-23,137,-191,-14832,4668,2804,-995,72,-95,-14892,-2200,6024,-430,151,-140,0
1598.629648923874,10668,4128,10912,-147,-8,55,9732,-9964,7928,-34,173,-185,-14824,4744,3024,-996,31,-64,-15036,-2140,5940,-478,154,-182,0
1598.665020942688,10692,4268,11224,-143,17,42,9924,-9968,8016,-26,186,-160,-14808,4692,2896,-1272,18,-49,-14824,-2000,5952,-501,107,-189,0
1598.700359106064,10608,4324,11048,-109,2,28,9840,-9948,8040,-11,197,-146,-14684,4756,2968,-772,66,-93,-14840,-2072,5884,-494,135,-169,0
1598.7359919548035,10624,4104,10972,-119,255,75,9816,-9960,8076,-25,151,-142,-14620,4668,3044,-1044,94,-93,-14756,-2216,6072,-505,135,-133,0
1598.7720279693604,10612,4184,11192,-134,-3,105,9864,-9796,8140,-25,117,-153,-14712,4748,3016,-1029,98,-81,-14704,-2116,5868,-489,136,-106,0
1598.8076860904694,10636,4296,10976,-104,-38,110,9852,-9932,8000,-3,172,-157,-14628,4828,3036,-1051,85,-94,-14800,-2072,5988,-509,144,-140,0
1598.8427600860596,10564,4212,10924,-119,-250,118,9896,-9900,8076,-13,118,-170,-14664,4692,2924,-1074,99,-47,-14840,-2292,5640,-260,123,-143,0
1598.8779211044312,10572,4180,10976,-125,-12,115,9780,-9804,8216,-13,148,-152,-14616,4748,2864,-978,82,-64,-14832,-2116,5864,-534,121,-117,0
1598.91353392601,10584,4216,10940,-150,-253,112,9892,-10180,8036,-16,112,-146,-14764,4700,2968,-1040,139,-57,-14828,-2256,5972,-516,150,-133,0
1598.9483010768893,10632,4488,10828,-136,-44,150,9832,-9848,8088,-253,124,-188,-14792,4844,2732,-1048,153,-75,-14732,-2080,5960,-261,198,-74,0
1598.9839169979095,10468,4160,11200,-179,-139,133,9952,-9912,8028,6,66,-211,-14724,4780,3056,-1034,172,-98,-14836,-2160,5944,-514,235,-72,0
1599.019530057907,10784,4248,10940,-153,-141,146,9896,-9792,7976,-38,68,-184,-14796,4712,2820,-994,125,-104,-14800,-2236,5988,-485,150,-95,0
1599.054759979248,10640,4212,11024,-163,-98,121,9936,-9888,8156,-47,139,-167,-14776,4640,2788,-974,110,-43,-14752,-2092,5920,-471,146,-115,0
1599.090537071228,10600,4204,10968,-156,-67,132,9856,-9892,8036,-49,128,-206,-14676,4696,2888,-953,131,-92,-14764,-2172,5872,-460,174,-106,0
1599.1260509490967,10680,4172,11072,-186,-81,77,9832,-9912,8036,-68,133,-215,-14740,4652,2564,-982,122,-88,-14600,-2160,5984,-436,165,-98,0
1599.1633360385895,10544,4208,10900,-179,-94,81,9880,-9836,7752,-31,195,-245,-14624,4860,3012,-954,90,-135,-14896,-2152,5700,-474,221,-121,0
1599.1968159675598,10672,4180,11004,-184,-79,43,9940,-9992,8072,-18,140,-220,-14700,4696,2892,-980,98,-132,-14768,-2124,5872,-456,204,-168,0
1599.2306931018827,10724,4252,11212,-151,-101,59,9900,-9896,8056,-40,163,-6,-14632,4772,2796,-989,85,-133,-14780,-2152,5856,-447,265,-154,0
1599.2641880512238,10640,4272,10844,-159,-119,46,9840,-9784,8068,-56,146,-509,-14660,4696,2920,-969,125,-106,-14840,-2240,6036,-422,161,-111,0
1599.297532081604,10632,4132,11136,-163,-93,75,9872,-9960,7952,-61,169,-213,-14780,4680,2820,-951,53,-68,-15000,-2116,6080,-507,156,-133,0
1599.33074593544,10624,4248,10972,-185,-37,82,9860,-9848,8160,-14,149,-134,-14756,4716,3024,-1049,78,-67,-14884,-2180,6028,-481,104,-101,0
1599.36429810524,10648,4380,11040,-138,38,103,9820,-9892,8096,-83,143,-134,-14732,4672,2732,-1004,86,-83,-14800,-2132,5892,-480,110,-120,0
1599.397572040558,10628,4188,10828,-214,-49,118,9840,-9768,8108,-30,141,-174,-14376,4728,2712,-1015,119,-10,-14724,-2064,5972,-517,142,-106,0
1599.4312090873718,10428,4272,10740,-113,-23,155,9880,-9820,8152,-19,84,-166,-14644,4708,2848,-1065,137,-70,-14792,-2152,5956,-540,182,-60,0
1599.4647369384766,10592,4244,11036,-94,-38,171,9912,-9800,7920,-71,89,-124,-14756,4424,3060,-1002,110,-71,-14600,-2196,5708,-527,111,-91,0
1599.4981949329376,10780,4204,11060,-126,-69,155,9728,-9840,8076,-78,131,-133,-14612,4660,2716,-982,114,-45,-14600,-2148,5768,-767,66,-104,0
1599.5316820144653,10624,4176,11016,-168,-44,125,9940,-9940,8044,-87,124,-148,-14608,4612,2636,-1018,101,-39,-14748,-2112,5840,-504,116,-113,0
1599.5650520324707,10692,4168,10956,-167,-12,118,9936,-9928,7956,5,154,-167,-14724,4860,2912,-774,104,-23,-14836,-2276,5932,-476,152,-142,0
1599.5986700057983,10556,4188,11120,-179,3,80,9952,-9848,8152,22,210,-204,-14676,4740,2780,-1036,81,-99,-14820,-2168,6076,-453,195,-149,0
1599.6322660446167,10564,4284,10840,-160,-31,52,9916,-9896,8084,-3,212,-208,-14724,4696,2868,-1022,92,-132,-14880,-2120,6000,-439,220,-147,0
1599.6657140254974,10668,4236,11004,-186,-69,72,9664,-9904,8092,-9,144,-230,-14644,4752,2784,-1002,101,-113,-14828,-2200,6124,-445,229,-113,0
1599.6990470886233,10644,4244,11216,-181,-115,102,9796,-9884,8040,-47,125,-230,-14736,4720,3208,-983,109,-76,-14768,-2264,5980,-467,191,-99,0
1599.7325880527496,10512,4232,11132,-182,-111,115,9760,-9864,8116,-52,116,-187,-14828,4752,2820,-957,91,-129,-14604,-2100,6004,-462,139,-119,0
1599.7657959461212,10648,4164,11136,-221,-108,156,9748,-9936,8216,-83,113,-219,-14672,4676,2760,-946,108,-113,-14924,-2120,6000,-468,132,-64,0
1599.7992401123047,10768,4232,11124,-252,-145,158,9944,-9928,8084,-79,100,-214,-14736,4772,2880,-977,135,-106,-14788,-2300,5956,-462,138,-56,0
1599.832904100418,10580,4216,10988,-188,-196,171,9804,-9892,7952,-91,93,-202,-14676,4732,2896,-978,135,-131,-14616,-2044,5836,-502,166,-83,0
1599.8664970397947,10556,4212,10948,-207,-173,154,9948,-9828,8180,-27,100,-205,-14704,4652,2808,-983,147,-111,-14948,-2168,5928,-492,164,-110,0
1599.9000589847565,10680,4128,11004,-218,-209,141,9908,-9896,8016,-15,152,-246,-14692,4412,2868,-987,133,-134,-14844,-2160,6072,-478,215,-99,0
1599.933706998825,10668,4280,10976,-229,-192,132,9840,-9884,8224,-53,129,-211,-14748,4772,2936,-979,99,-136,-14904,-2140,5792,-481,194,-72,0
1599.967448949814,10692,4208,11064,-8,-222,125,9896,-9876,7980,-41,140,-228,-14712,4724,2784,-968,128,-155,-15036,-2160,5920,-493,219,-98,0
1600.000930070877,10664,4216,10900,-276,-251,129,9940,-9848,8160,-256,132,-198,-14712,4672,3020,-987,103,-154,-14724,-2260,6008,-489,183,-93,0
1600.03444314003,10644,4200,11056,-239,-253,123,9880,-9824,8044,-62,154,-237,-14716,4656,2884,-997,77,-110,-14772,-2232,5860,-462,188,-122,0
1600.0679409503937,10656,4168,10992,-283,-508,101,9796,-9968,8088,-15,185,-252,-14668,4740,2784,-989,81,-151,-14864,-2068,5828,-481,197,-85,0
1600.1013021469116,10732,4196,10844,-258,-248,160,9888,-9900,8068,-20,135,-213,-14764,4692,3016,-1027,113,-130,-14708,-2084,5832,-498,157,-126,0
1600.1347670555115,11000,4072,10892,-221,-206,185,9832,-9932,8028,12,134,-170,-14672,4784,3060,-1008,111,-95,-14848,-2104,5928,-503,116,-110,0
1600.1681849956512,10720,4200,10868,-249,-190,173,9936,-9896,8136,-25,130,-191,-14656,4736,2748,-1017,144,-72,-14648,-2136,6000,-515,136,-96,0
1600.2045209407809,10684,4144,10916,-149,-167,172,9940,-9808,8124,-38,110,-166,-14700,4400,2776,-1009,151,-104,-14816,-2136,5840,-515,180,-135,0
1600.2402839660645,10708,4184,10928,-181,-194,167,9860,-9792,8056,-27,105,-214,-14676,4608,2792,-1043,157,-115,-14768,-2224,5652,-480,158,-113,0
1600.2755870819092,10832,3904,10920,-124,-98,123,9976,-9688,8000,-40,118,-193,-14728,4640,3032,-1037,120,-73,-14804,-2040,5948,-473,176,-147,0
1600.311770915985,10676,4140,10760,-151,-7,96,9888,-9868,8092,-34,179,-173,-14756,4656,2708,-1056,100,-79,-15068,-2232,5824,-468,137,-140,0
1600.3477411270142,10848,4072,10700,-119,70,78,9496,-9740,8064,42,257,-184,-14848,4620,2616,-1042,80,-16,-14864,-2176,5804,-477,122,-183,0
1600.3829560279846,10688,4200,11024,-105,134,86,9872,-9768,7984,36,167,-136,-14768,4640,3044,-1090,83,-49,-14972,-2164,5924,-460,126,-146,0
1600.418820142746,10676,4188,10912,-124,109,90,9812,-9864,8124,28,161,-131,-14736,4696,2876,-1066,124,-2,-14796,-2104,6004,-459,119,-133,0
1600.4539160728455,10604,4116,10876,-111,37,101,10132,-9836,8148,-13,113,-144,-14792,4748,2680,-1047,94,-67,-14912,-2188,6020,-530,131,-106,0
1600.4899470806122,10944,4240,11044,-65,3,89,9796,-9772,8200,-26,148,-144,-14732,4808,2776,-1035,99,-60,-14668,-1896,5932,-511,106,-134,0
1600.5255551338196,10592,4124,11132,-67,18,85,9728,-9884,7952,-38,156,-135,-14688,4640,2836,-1036,76,242,-14792,-2208,5952,-493,81,-143,0
1600.5617389678955,10660,4148,11228,-132,44,81,9904,-9904,7952,-37,148,-121,-14776,4740,2868,-987,43,-55,-14804,-2140,5916,-479,82,-140,0
1600.5962400436401,10688,4148,11248,-110,57,78,9924,-9896,8060,-36,153,-134,-14908,4728,2728,-1002,56,2,-14856,-2028,5828,-506,82,-147,0
1600.6318440437317,10992,4156,10900,-137,23,118,9916,-9972,7952,-20,136,-165,-14656,4712,2920,-1042,85,-82,-14800,-2168,5996,-506,121,-129,0
1600.6675670146942,10768,4148,10892,-120,24,90,9948,-9924,7980,-54,112,-127,-15036,4616,2880,-1024,72,-30,-14824,-2064,5744,-522,148,-140,0
1600.7030711174011,10760,4164,11020,-133,-17,89,10200,-9896,8344,-10,150,-174,-14764,4620,2980,-1035,94,-74,-14612,-2076,5964,-471,144,-182,0
1600.738109111786,10632,4176,10900,-130,6,86,9780,-9812,8160,-22,155,-175,-14768,4400,2824,-1040,92,-32,-14760,-2152,5912,-519,101,-150,0
1600.773796081543,10600,4096,11216,-61,63,93,9852,-9900,8188,-256,122,-141,-14716,4668,2844,-1029,70,-40,-14932,-2184,5908,-498,90,-156,0
1600.809473991394,10680,4296,11056,-128,46,85,9824,-9784,8140,-33,155,-135,-14676,4708,2664,-983,43,-62,-14880,-2212,5936,-482,99,-115,0
1600.8457400798798,10580,4220,10892,-140,9,85,9880,-9852,7940,-42,178,-167,-14712,4660,3000,-972,61,-62,-14748,-2124,5852,-488,113,-165,0
1600.879390001297,10556,4252,10920,-137,-37,72,9504,-9932,8116,-20,128,-186,-14844,4764,3004,-997,107,-88,-14848,-2116,6068,-471,151,-119,0
1600.9130411148071,10520,4240,10972,-127,-55,122,9848,-9800,8012,-59,129,-201,-14624,4656,2996,-1001,106,-143,-14776,-2192,5976,-503,158,-105,0
1600.9466869831083,10496,4160,10776,-158,-54,121,9772,-9888,8068,-29,94,-196,-14764,4812,2848,-1005,151,-58,-14796,-2192,5968,-465,144,-83,0
1600.9802780151367,10572,4132,11248,-167,-63,112,9864,-10196,8168,-52,120,-197,-14660,4800,2768,-1007,152,-87,-14784,-2200,5836,-464,165,-79,0
1601.0138731002808,10640,4260,11088,-151,-49,117,9852,-9836,8068,-31,112,-215,-14804,4700,2820,-999,132,-63,-14764,-2256,5904,-453,198,-83,0
1601.0502719879153,10540,4200,11044,-182,-79,122,9892,-9920,8252,-49,118,-195,-14672,4732,2688,-982,137,-73,-14820,-2140,5884,-477,181,-85,0
1601.083948135376,10576,4172,11064,-186,-103,139,9888,-9720,8044,-95,119,-197,-14796,4676,2896,-1022,146,-81,-14912,-2200,5900,-259,160,-63,0
1601.117597103119,10696,4168,10920,-168,-99,150,9896,-9956,8108,-83,100,-166,-14816,4744,2952,-978,135,-77,-14840,-2084,5892,-514,127,-92,0
1601.1509239673615,10708,4072,10896,-167,-43,157,9884,-9932,7988,-38,86,-129,-14736,4652,2776,-1045,115,-44,-14756,-2232,6040,-514,118,-59,0
1601.1844079494476,10608,4224,11056,-119,-40,161,10004,-9948,7900,-16,98,-162,-14780,4788,2776,-779,116,-46,-14808,-2036,5988,-538,108,-121,0
1601.217581987381,10596,4228,11148,-105,-43,134,9832,-9744,8112,-22,67,-148,-14732,4684,2824,-1014,115,-64,-14888,-2112,5856,-546,123,-132,0
1601.2512791156769,10596,4076,11056,-106,-35,108,9992,-9908,8176,19,103,-176,-14776,4852,2764,-1033,94,-140,-14612,-2068,5996,-537,152,-154,0
1601.2848789691923,10584,4232,11100,-174,-60,107,9920,-9928,7944,36,164,-177,-14612,4840,2776,-997,86,-112,-14596,-2232,6024,-456,157,-164,0
1601.3185639381409,10272,4196,11008,-161,-83,44,9876,-9916,8168,-41,188,-219,-14652,4648,2888,-992,63,-128,-14788,-2208,5992,-461,214,-172,0
1601.3520970344543,10612,4156,11016,-182,-128,25,9748,-9848,8132,-40,241,-263,-14732,4716,3176,-975,36,-128,-14692,-2136,5868,-444,209,-217,0
1601.3854401111603,10532,4228,10844,-160,-114,-5,9844,-9788,8024,-2,197,-257,-14652,4684,2776,-969,33,-177,-14768,-2124,5992,-443,162,-206,0
1601.4191479682922,10620,4220,10772,-139,-78,25,9868,-9892,8160,-254,207,-203,-14808,4732,2864,-1035,17,-104,-14836,-2108,5936,-473,154,-138,0
1601.4524230957031,10640,4264,10816,-123,-36,67,9820,-9828,8176,19,169,-168,-14712,4724,2904,-1010,93,-65,-14932,-2064,5908,-475,122,-143,0
1601.4860050678253,10600,4328,11020,-160,-67,92,9808,-9864,7944,255,126,-165,-14696,4796,2944,-1012,92,-64,-14624,-2080,5916,-507,129,-125,0
1601.519765138626,10600,4152,10976,-219,-71,148,9828,-9964,8176,44,178,-160,-14672,4776,2612,-1036,153,-90,-15064,-1912,5812,-763,187,-79,0
1601.5535271167755,10556,4184,11116,-194,-146,195,9812,-10136,8040,7,123,-188,-14612,4688,2892,-1011,188,-140,-14928,-2196,5940,-506,225,-84,0
1601.5871999263763,10508,4176,11036,-191,-303,193,9880,-9928,8004,-16,116,-230,-14756,4724,2912,-1001,147,-132,-14796,-2232,6088,-539,185,-82,0
1601.6209099292755,10568,4168,11036,-178,-242,157,9880,-9844,8096,-78,142,-222,-14716,4700,2880,-942,115,-171,-14700,-2248,5964,-457,203,-100,0
1601.6544709205627,10584,4200,11240,-226,-239,158,9908,-9820,8128,-55,151,-234,-14732,4692,2740,-931,110,-136,-15036,-2268,5836,-448,169,-89,0
1601.6881639957428,10712,4148,10900,-263,-242,143,9868,-9812,8084,-77,157,-248,-14672,4564,3000,-933,141,-113,-15008,-2252,6088,-417,186,-100,0
1601.7217500209808,10648,4156,10940,-292,-235,141,9848,-9824,8280,-78,133,-249,-14704,4736,2832,-902,126,-113,-14940,-2128,5916,-435,173,-60,0
1601.7553689479828,10616,4176,11088,-285,-237,115,9860,-9924,8004,-103,129,-226,-14684,4720,2756,-947,111,-120,-14908,-2080,5872,-484,179,-85,0
1601.789034128189,10940,4320,11080,-255,-254,151,9832,-9928,7964,-14,99,-201,-14744,4632,2780,-993,151,-159,-14732,-2064,5988,-484,229,-65,0
1601.8226909637451,10648,4180,10892,-212,-253,151,9836,-9904,8172,-34,107,-240,-14732,4648,2892,-1036,165,-176,-14808,-2116,5888,-495,231,-54,0
1601.8564140796661,10680,4124,10912,-210,-254,171,9916,-9876,7956,-13,133,-229,-14748,4672,2856,-957,126,-109,-14888,-2044,5940,-503,167,-89,0
1601.8928890228271,10796,4216,10728,-218,-184,177,9740,-9528,8036,39,137,-201,-14716,4712,2752,-1010,150,-118,-14848,-2144,5840,-494,127,-75,0
1601.927649974823,10788,4156,10876,-190,-142,169,9936,-9840,7968,31,101,-159,-14832,4704,2888,-1045,124,-71,-14968,-2200,5732,-491,151,-85,0
1601.9634239673615,10936,4312,10880,-191,-136,131,9856,-9844,8168,-28,143,-180,-14724,4664,2908,-1022,99,-104,-14608,-2200,5856,-493,147,-142,0
1601.9993491172793,10664,4140,10984,-208,-135,84,9924,-9960,8016,-49,161,-225,-14700,4692,3056,-966,75,-99,-14828,-2128,5900,-497,143,-158,0
1602.0344500541687,10716,4276,11232,-186,-151,73,9864,-9740,8004,-60,146,-216,-14700,4792,2868,-991,57,-81,-15016,-2300,6040,-467,170,-137,0
1602.0699219703674,10728,4112,10928,-143,-103,86,9828,-9960,8072,-34,168,-210,-14640,4656,2580,-978,96,-121,-14756,-2116,5916,-480,165,-142,0
1602.1050601005554,10700,3848,10928,-138,-61,69,9828,-9888,7972,-1,153,-198,-14796,4692,2788,-1028,100,-103,-14804,-2076,5880,-481,161,-147,0
1602.1402070522308,10780,4156,10832,-150,-2,92,9928,-9800,8180,1,140,-157,-14624,4816,2756,-774,101,-38,-14920,-2168,5916,-451,161,-130,0
1602.1755270957947,10732,4264,10820,-158,25,95,9844,-9700,8144,-3,136,-159,-14684,4620,2992,-1049,107,-44,-15068,-2092,5696,-488,125,-106,0
1602.2114200592039,10648,4088,10980,-125,27,122,9908,-9792,8200,-55,117,-173,-14712,4612,2636,-1018,90,-75,-14776,-2144,5972,-479,138,-138,0
1602.2476179599762,10792,4168,11116,-99,-7,107,9904,-9868,8112,-31,141,-153,-14800,4832,2948,-1022,91,-58,-14924,-2148,5816,-488,146,-153,0
1602.2825441360474,10708,4180,10960,-74,-18,102,9896,-9800,7968,-49,153,-167,-14772,4664,2876,-985,95,-43,-14876,-2208,6024,-490,107,-164,0
1602.3181300163267,10512,4184,11112,-109,39,110,9792,-9840,7960,-23,135,-156,-14696,4632,2716,-993,91,-8,-14844,-2148,5784,-467,97,-170,0
1602.353672027588,10952,4104,10940,-113,62,78,9760,-9920,8064,-44,142,-144,-14652,4396,3020,-1004,94,-78,-14868,-2092,6096,-509,112,-170,0
1602.3892049789429,10772,4176,11088,-118,5,64,9924,-9900,7980,11,157,-143,-14704,4676,2724,-1275,81,-43,-14784,-2144,6040,-483,109,-150,0
1602.4241421222687,10564,4196,11152,-109,20,74,9816,-9892,8096,-25,134,-180,-14640,4772,2692,-1059,105,-108,-14872,-2132,5860,-472,139,-143,0
1602.4598989486694,10708,4224,10932,-95,-11,92,9956,-9812,8076,-33,145,-184,-14656,4700,2828,-778,125,-46,-15084,-2116,6104,-510,130,-125,0
1602.4950859546661,10604,4128,10976,-97,7,77,9924,-9776,7956,-24,141,-166,-14712,4836,2612,-1040,86,-73,-14800,-2092,6120,-516,139,-125,0
1602.5318291187289,10604,4108,10976,-101,-48,67,9888,-9792,7844,-43,111,-164,-14680,4648,3000,-1038,86,-64,-14832,-2148,5748,-507,140,-140,0
1602.5656020641327,10656,4092,10928,-76,-8,97,9784,-9880,8112,-63,138,-159,-14628,4764,2820,-773,36,-27,-14868,-2140,6004,-502,71,-162,0
1602.5994279384613,10524,4112,11128,-134,26,57,9800,-9948,7968,-9,488,-113,-14552,4648,2728,-770,49,-26,-14768,-2080,5692,-522,89,-135,0
1602.6329970359802,10608,4228,10784,-111,-1,112,9780,-9856,8168,-35,164,-110,-14712,4856,3004,-1057,63,-32,-14832,-2240,5668,-508,99,-127,0
1602.6667020320892,10728,4252,11032,-73,244,95,9932,-9924,8084,-81,191,-143,-14736,4720,2844,-995,70,-68,-14952,-2244,5704,-550,113,-161,0
1602.7000761032104,10512,4188,10900,-151,19,101,9848,-9824,8060,-28,110,-148,-14580,4720,2784,-1061,95,-70,-14740,-2136,5940,-484,135,-122,0
1602.733551979065,10568,4168,11020,-83,54,121,9872,-9876,8100,251,118,-124,-14580,4644,2948,-1061,84,-242,-14832,-2132,5812,-549,127,-119,0
1602.7671749591827,10572,4148,11120,-80,10,129,9748,-9932,8116,-34,94,-120,-14688,4656,2816,-1028,109,-4,-14776,-2200,5944,-490,67,-117,0
1602.800673007965,10568,4244,11156,-88,-8,134,9940,-9796,8080,-44,149,-184,-14768,4640,2848,-1001,124,-102,-14776,-2172,5864,-484,154,-152,0
1602.834223985672,10568,4288,11008,-157,-83,78,9864,-9836,8088,-28,181,-197,-14772,4640,2904,-993,67,-105,-14792,-2276,5644,-510,174,-156,0
1602.8677439689636,10592,4272,11072,-136,-40,61,9840,-9820,7952,-15,171,-200,-14772,4388,2864,-1021,94,-94,-14792,-2180,6000,-490,183,-169,0
1602.9007411003113,10568,4196,11016,-113,-73,58,9952,-9836,7800,-62,130,-213,-14568,4492,2828,-1084,98,-96,-14844,-2192,5956,-460,157,-140,0
1602.9343550205233,10564,4200,10872,-132,-86,45,9824,-9928,7984,-2,147,-218,-14584,4784,2860,-1009,87,-80,-15064,-2220,6008,-459,143,-102,0
1602.9679179191587,10652,4232,10924,-161,-16,112,9856,-9828,8008,-22,127,-197,-14712,4748,2704,-999,114,-70,-14880,-2200,5968,-759,115,-94,0
1603.0015110969543,10564,4228,11072,-128,-13,127,9824,-9964,8068,-13,120,-133,-14804,4764,2668,-1041,105,-42,-15104,-2096,6028,-520,104,-81,0
1603.0350739955902,10588,4272,11020,-123,-63,148,9840,-9892,8096,-39,115,-149,-14644,4620,2968,-1277,113,-59,-14824,-2284,5928,-533,146,-104,0
1603.0687310695648,10632,4112,11072,-133,-40,149,9904,-9896,7936,-30,121,-153,-14604,4644,2820,-1017,134,-42,-14780,-2188,5868,-513,140,-112,0
1603.102194070816,10624,4244,11032,-131,-45,144,9820,-9784,8144,-22,135,-182,-14720,4408,2876,-1004,98,-108,-14864,-2164,5884,-510,137,-116,0
1603.1355669498444,10592,4216,10952,-140,-59,101,9956,-9844,8088,-21,146,-175,-14636,4428,2844,-1020,87,-128,-14780,-2208,5952,-511,190,-137,0
1603.1691739559174,10592,4176,10908,-129,-79,90,9876,-9868,7980,-31,149,-192,-14688,4676,2996,-985,92,-65,-14728,-2256,5956,-484,182,-137,0
1603.2025120258331,10640,4208,11152,-164,-70,74,9828,-9836,8088,-51,154,-194,-14836,4624,2660,-957,104,-55,-14904,-2168,6108,-464,160,-132,0
1603.2363870143893,10608,4104,10936,-111,-79,78,9968,-9784,8128,-50,147,-195,-14752,4416,2952,-994,100,-87,-14844,-2212,6068,-506,184,-97,0
1603.2696299552917,10616,4168,11124,-161,-80,116,9772,-9992,7952,-17,113,-173,-14836,4772,2616,-1025,89,-108,-15084,-1920,5760,-542,125,-94,0
1603.3033080101013,10932,4236,11200,-114,-66,152,9840,-9908,8004,-36,133,-161,-14652,4676,2968,-1028,96,-54,-15076,-2180,6064,-499,124,-112,0
1603.3368000984192,10644,4264,11244,-116,-74,136,9736,-9956,8136,-33,162,-150,-14676,4640,2760,-1019,104,-71,-14808,-1800,5912,-532,122,-144,0
1603.3703730106354,10248,4128,11184,-146,-24,121,9868,-9848,8172,-32,87,-138,-14596,4740,2888,-1039,136,-21,-14720,-2244,6136,-263,100,-79,0
1603.4036009311676,10648,4280,10952,-128,-45,99,9872,-9908,8020,252,137,-137,-14672,4620,2816,-1040,102,-64,-14596,-2188,5832,-493,131,-82,0
1603.437330007553,10644,4272,11040,-192,-72,108,9920,-9884,8120,-14,155,-181,-14672,4688,2744,-968,105,-101,-14876,-2292,5968,-447,133,-108,0
1603.4709341526031,10556,4252,10820,-236,-110,118,9844,-9884,8136,-39,176,-197,-14816,4760,2876,-960,113,-119,-14880,-2272,5984,-457,184,-119,0
1603.5042641162872,10336,4328,11232,-234,-203,99,9788,-9904,8140,-54,196,-227,-14720,4752,2968,-966,105,-101,-14732,-2232,5920,-473,220,-107,0
1603.5378620624542,10608,4216,10968,-183,-224,126,9572,-9900,7952,-78,127,-260,-14676,4660,2928,-972,119,-109,-14824,-2204,5968,-475,233,-95,0
1603.5747499465945,10548,4240,11040,-216,-4,122,9752,-9876,8012,-72,140,-510,-14748,4700,2792,-932,126,-114,-14844,-2172,6040,-486,210,-76,0
1603.6104071140287,10688,4188,10760,-233,-229,134,9832,-9908,8056,-61,129,-227,-14600,4700,2632,-961,128,-118,-14744,-2152,6028,-455,208,-54,0
1603.6455280780792,10576,4128,10860,-247,-227,157,9888,-9900,8032,-34,116,-188,-14732,4776,2872,-963,129,-127,-14828,-2184,5820,-498,184,-78,0
1603.6815180778503,10716,4232,11152,-221,-247,165,9792,-9808,8132,-60,136,-207,-14720,4632,2928,-963,163,-116,-14836,-2160,5824,-489,199,-32,0
1603.7176239490507,10604,4120,11048,-244,-235,175,9876,-9848,8124,-48,103,-221,-14732,4836,2920,-973,159,-127,-14644,-2060,5908,-487,218,-66,0
1603.7532329559326,10648,4176,11228,-231,-255,159,9880,-9880,7988,-82,116,-239,-14744,4704,3048,-974,156,-155,-14828,-2188,6140,-509,179,-65,0
1603.7894809246063,10764,4156,11256,-195,-234,160,9876,-9804,7952,-41,119,-206,-15040,4732,2988,-996,146,-122,-14828,-2180,5920,-519,201,-52,0
1603.82421708107,10760,4216,10812,-222,-204,159,9908,-9816,8104,-29,127,-201,-14796,4612,2928,-990,130,-101,-14800,-2284,5832,-502,189,-71,0
1603.8601999282837,10748,4164,10920,-233,-197,165,9832,-9848,8012,-36,95,-212,-14640,4652,3040,-989,123,-132,-14888,-2112,5876,-466,150,-70,0
1603.895520925522,10716,4344,10768,-191,-174,150,9916,-9940,8024,-21,139,-203,-14764,4640,2904,-1011,120,-77,-14764,-2108,5800,-760,191,-82,0
1603.931123971939,10712,4096,10776,-207,-215,181,9976,-9844,8164,17,111,-160,-14648,4668,2712,-1017,138,-119,-14812,-2084,5868,-507,154,-75,0
1603.9662160873413,10724,4348,10824,-170,-173,143,9808,-9856,8092,-39,120,-191,-14712,4620,2888,-785,145,-95,-14976,-2116,5900,-491,192,-92,0
1604.0017521381378,10756,4036,11008,-196,-208,168,9884,-9876,8104,-9,133,-205,-14792,4752,2680,-1048,157,-110,-14880,-2260,5936,-520,197,-64,0
1604.037761926651,10800,4120,10860,-146,-171,192,9828,-9800,8348,-10,102,-163,-14640,4656,2764,-1036,142,-84,-14644,-2188,5940,-758,160,-95,0
1604.0726730823517,10728,4176,10804,-103,-80,161,9876,-9856,7984,-43,148,-154,-14776,4676,2696,-1016,94,-110,-14916,-2164,5884,-500,114,-136,0
1604.1081919670105,10808,4088,10836,-126,-46,104,9900,-9804,7816,-23,113,-134,-14828,4724,2900,-969,131,-44,-15096,-2060,5864,-489,121,-127,0
1604.1434590816498,10524,4104,10956,-111,-14,95,9912,-9836,8052,255,177,-197,-14836,4652,2776,-1020,119,-138,-14944,-2140,5796,-481,178,-142,0
1604.1794531345367,10788,4144,11172,-130,-32,78,10204,-9984,7960,-7,180,-205,-14760,4672,2744,-1035,114,-136,-14748,-2052,5644,-468,210,-148,0
1604.2156670093536,10808,4212,10804,-107,-47,45,9940,-9776,7992,-22,165,-219,-14724,4400,2864,-1010,79,-104,-14896,-2120,5904,-465,175,-130,0
1604.2492311000824,10656,4168,10788,-134,-22,55,9912,-9876,8084,-42,159,-183,-14644,4716,2836,-1280,81,-99,-14800,-2076,5992,-457,128,-168,0
1604.282706975937,10684,4204,10944,-103,-20,98,9888,-9856,8132,-15,132,-156,-14644,4692,2768,-1011,74,-32,-14772,-2116,5892,-493,104,-152,0
1604.3161590099335,10732,4148,10896,-91,-7,106,9868,-9744,8128,-44,155,-111,-14740,4700,2908,-1008,56,-42,-14848,-2212,5952,-509,113,-128,0
1604.3499820232391,10732,4044,11112,-115,54,102,9824,-9948,8152,-22,131,-119,-14768,4860,2872,-1030,62,-9,-14940,-2240,6056,-492,102,-115,0
1604.3835051059723,10708,4148,11196,-96,18,108,9888,-9924,8064,-60,135,-130,-14636,4656,2920,-1003,83,-43,-14828,-2212,5872,-509,91,-124,0
1604.4168739318848,10716,3864,10900,-62,4,115,9904,-9908,8116,-44,158,-118,-14728,4712,3012,-1031,106,-40,-14728,-2068,5948,-535,89,-123,0
1604.4504759311676,10652,4080,11220,-91,25,83,9976,-9880,7988,-18,106,-140,-14832,4812,2832,-1047,87,-62,-14740,-2164,5704,-517,145,-145,0
1604.4840290546415,10680,4136,11000,-105,27,103,9844,-9924,8124,10,94,-159,-14748,4732,2760,-1032,92,-94,-14636,-2232,5936,-483,153,-124,0
1604.5174119472504,10712,4196,11244,-73,-28,93,9972,-9880,8376,-34,97,-171,-14732,4716,2736,-1013,76,-54,-14824,-2132,5860,-490,141,-162,0
1604.5512120723724,10760,4152,10896,-118,10,60,9936,-9856,8172,-18,131,-150,-14744,4644,2768,-1047,40,-97,-14688,-2152,5644,-762,106,-167,0
1604.584706068039,10764,4176,11016,-96,14,55,9920,-9860,8200,-16,172,-136,-14844,4584,2936,-1032,32,-74,-14984,-2212,5868,-511,64,-168,0
1604.6182789802551,10768,4248,10784,-84,35,46,10096,-9836,8172,-77,155,-111,-14616,4664,2812,-1019,37,-26,-14808,-2240,5744,-495,104,-189,0
1604.65163397789,10664,4180,11008,-156,35,29,9992,-9680,8140,-45,182,-156,-14652,4700,2928,-774,31,-4,-14772,-2160,5832,-479,100,-185,0
1604.6852509975433,10616,4208,10884,-118,45,43,9804,-9880,8088,-23,153,-139,-14704,4672,2896,-1008,38,-44,-14812,-2288,5876,-509,85,-159,0
1604.7185730934143,10632,4200,10876,-105,33,50,9844,-9796,8128,-39,145,-148,-14696,4604,2784,-1027,50,-69,-14692,-2188,5836,-259,85,-166,0
1604.7521469593048,10508,4128,11140,-133,-11,66,9856,-9952,8296,-39,100,-141,-14592,4648,2988,-1011,85,-72,-14812,-2156,5976,-484,123,-160,0
1604.7854580879211,10672,4212,10968,-107,-40,98,9816,-9864,8060,-29,133,-162,-14692,4628,3064,-1019,96,-65,-14784,-2200,5988,-506,148,-129,0
1604.8187820911407,10252,4252,10780,-135,-54,115,9792,-9948,8160,10,110,-186,-14564,4796,2860,-1040,118,-101,-14784,-2280,5976,-534,159,-144,0
1604.8523111343384,10548,4268,11152,-96,-35,112,9896,-9972,8044,-32,67,-169,-14644,4736,2792,-1027,114,-108,-14820,-2120,5948,-259,158,-112,0
1604.8856620788574,10708,4188,10968,-129,-62,140,9788,-9940,8108,-18,89,-172,-14640,4612,3008,-1033,134,-76,-14748,-2264,5816,-490,139,-94,0
1604.9193780422213,10660,4232,10900,-127,-35,132,9684,-9864,7768,-23,130,-168,-14716,4684,2596,-1270,132,-56,-14716,-2052,5652,-502,146,-103,0
1604.9530000686646,10704,4164,10996,-118,-62,138,9864,-9936,8024,-39,108,-157,-14680,4620,3024,-1017,89,-46,-14616,-2192,6108,-522,130,-139,0
1604.986652135849,10644,4164,10884,-130,-88,119,9824,-9856,8032,-44,97,-174,-14732,4720,3060,-1011,91,-99,-14768,-2172,5980,-501,185,-110,0
1605.0199749469755,10600,4248,11000,-147,-94,101,9768,-9900,8052,-39,134,-197,-14788,4684,2876,-989,98,-94,-14916,-2204,5960,-763,145,-135,0
1605.053691148758,10624,4212,11100,-123,-53,96,9936,-9908,7976,-55,141,-197,-14760,4608,2752,-998,79,-131,-14772,-2168,5924,-484,151,-141,0
1605.087476015091,10708,4272,11000,-134,-24,93,9904,-9856,7944,-5,131,-166,-14720,4632,2736,-1042,77,-68,-14824,-2200,5924,-502,156,-159,0
1605.120852947235,10648,4216,11176,-147,-39,81,9956,-9864,8320,-1,155,-185,-14740,4768,2812,-1007,80,-94,-14764,-2276,5736,-494,174,-137,0
1605.1542489528656,10572,4284,11256,-144,-24,63,9772,-9768,8096,-20,157,-210,-14684,4388,2988,-1003,94,-121,-14780,-2212,5676,-483,132,-118,0
1605.1879260540009,10680,4232,10992,-140,-63,46,9800,-9928,8132,-48,170,-173,-14676,4692,3000,-1018,57,-104,-14872,-2136,5988,-492,125,-160,0
1605.2214670181274,10612,4324,10968,-225,-61,90,9856,-9892,7956,17,169,-157,-14700,4688,2572,-991,72,-112,-14720,-2508,5988,-495,133,-95,0
1605.2591531276703,10584,4276,11044,-189,-47,110,9860,-9964,8036,-82,167,-155,-14756,4612,2888,-1005,93,-60,-14852,-2188,5816,-488,148,-93,0
1605.2939701080322,10716,4264,11060,-238,-149,145,9840,-10024,8148,-73,132,-179,-14616,4712,2956,-958,130,-69,-14876,-2144,6016,-470,183,-79,0
1605.3296930789948,10516,4216,11124,-229,-169,159,9884,-9948,8004,-50,113,-204,-14612,4660,3064,-973,147,-94,-14720,-2532,5968,-488,160,-55,0
1605.3650269508362,10524,4228,10852,-187,-189,158,9704,-9904,7976,-48,110,-217,-14736,4672,2836,-952,148,-83,-14680,-2208,5692,-467,192,-57,0
1605.4009339809418,10624,4356,11100,-218,-206,149,9816,-9924,8180,-70,152,-227,-14776,4680,2864,-919,139,-157,-14816,-2056,5960,-498,188,-101,0
1605.4362211227417,10560,4168,10968,-230,-213,147,9984,-9964,7960,-25,126,-242,-14748,4648,2876,-954,146,-108,-14740,-2188,5940,-484,218,-100,0
1605.4722919464111,10632,3844,11076,-227,-212,150,9836,-9936,8052,246,159,-231,-14740,4856,2796,-973,144,-162,-14816,-2232,5936,-480,215,-109,0
1605.5081601142883,10736,4252,10964,-220,-202,145,9924,-9800,8120,-17,103,-210,-14720,4644,2904,-1001,146,-143,-14832,-2004,5840,-463,191,-61,0
1605.543664932251,10728,4132,11040,-251,-217,171,9780,-9776,8064,-28,128,-232,-14704,4608,2816,-979,153,-114,-14744,-2108,5912,-488,186,-65,0
1605.5792639255524,10516,4204,11028,-257,-214,188,9908,-9844,8152,-40,131,-232,-14688,4616,2984,-997,117,-138,-14812,-2164,6012,-464,191,-86,0
1605.6150679588318,10704,4188,10964,-256,-193,172,9928,-9860,8148,236,139,-192,-14680,4640,3012,-979,146,-79,-14800,-2184,5756,-452,180,-89,0
1605.6504030227659,10704,4124,11120,-238,-220,143,9816,-9920,8056,-44,140,-198,-14744,4692,2844,-960,131,-152,-14796,-2160,5852,-460,178,-84,0
1605.6858820915222,10792,4140,11168,-225,-203,129,9880,-9852,8068,-57,131,-243,-14668,4700,2944,-989,130,-131,-14804,-2156,5680,-492,186,-112,0
1605.7215299606323,10768,4140,10944,-175,-213,141,9848,-9784,8056,-30,105,-227,-14668,4592,2908,-992,101,-113,-14896,-2136,5892,-500,185,-107,0
1605.7575941085815,10688,4120,10924,-180,-171,131,9892,-9816,8248,-26,125,-218,-14636,4652,2768,-990,140,-149,-14796,-2064,5768,-460,185,-106,0
1605.792729139328,10680,4128,10920,-213,-167,134,9888,-9836,7956,-54,133,-229,-14656,4592,2896,-1004,136,-90,-14800,-2052,5660,-477,174,-95,0
1605.8288910388949,10816,4172,10968,-157,-130,151,9876,-9828,8052,-62,118,-180,-14684,4680,2796,-1004,123,-106,-15056,-2128,5832,-493,160,-103,0
1605.8640880584717,10496,4336,10952,-160,-67,114,9996,-9864,8008,-15,141,-175,-14712,4644,2964,-1050,113,-91,-14696,-2144,5936,-487,126,-125,0
1605.8998110294342,10788,4152,10800,-104,-253,133,9876,-9728,8024,-39,146,-146,-14792,4356,2588,-1031,104,-40,-14928,-2188,5824,-496,107,-123,0
1605.9331459999084,10696,4196,11004,-95,0,112,10000,-9836,8040,1,149,-138,-14724,4676,2952,-1044,117,-24,-14848,-2304,5680,-505,137,-132,0
1605.9669089317322,10748,4200,10836,-142,41,106,9808,-9848,8068,12,146,-133,-14644,4628,2728,-1039,100,-45,-15084,-2224,5924,-464,147,-138,0
1606.0005040168762,10796,4156,10772,-90,53,119,9852,-9688,8168,-5,130,-129,-14692,4524,2920,-1035,66,-55,-14788,-2232,5988,-487,117,-125,0
1606.0340180397034,10736,4148,11220,-93,47,88,9732,-9836,8112,-52,132,-119,-14728,4608,2920,-1018,75,-56,-14916,-2140,5892,-483,95,-178,0
1606.0721609592438,10740,4196,10768,-100,33,95,9788,-9824,8088,-35,155,-151,-14776,4772,3004,-999,68,-57,-14636,-2084,5696,-492,117,-138,0
1606.1060860157013,10760,4136,10952,-114,7,68,9844,-9876,8076,-30,155,-163,-14776,4708,2812,-999,74,-16,-14780,-2204,5968,-501,110,-143,0
1606.141804933548,10664,4112,10892,-99,50,83,9852,-9916,7972,-54,158,-161,-14712,4716,2756,-1011,71,-64,-14740,-2160,5872,-501,92,-169,0
1606.175567150116,10700,4100,11220,-100,67,61,9884,-9924,8044,-11,159,-130,-14744,4624,2800,-1032,67,-56,-14808,-2064,5992,-482,84,-148,0
1606.2091779708862,10684,4188,11000,-108,73,53,9940,-9852,8072,-39,146,-130,-14732,4736,2944,-1006,88,-77,-14772,-1976,5920,-490,91,-137,0
1606.242723941803,10696,4272,10836,-72,23,83,9964,-9872,7960,-23,116,-131,-14684,4616,2860,-770,94,-24,-14792,-2192,5956,-497,113,-150,0
1606.27605509758,10700,4196,11020,-83,31,109,9884,-9808,8076,-25,118,-147,-14664,4396,2932,-1278,88,-69,-14768,-2196,6032,-500,137,-128,0
1606.3096561431885,10636,4244,10780,-114,-39,101,9916,-9944,8028,-8,133,-183,-14772,4668,2624,-1006,113,-75,-14976,-2160,5908,-476,113,-150,0
1606.343435049057,10640,4224,11240,-94,245,77,9880,-9852,7988,-12,146,-173,-14780,4660,2888,-1011,86,-110,-14784,-2212,5948,-488,147,-151,0
1606.3769869804382,10644,4188,10908,-103,-41,74,10140,-9956,7912,-9,137,-178,-14692,4744,2836,-1016,61,-124,-14844,-2120,5904,-505,140,-146,0
1606.4103000164032,10648,4180,10820,-101,-17,67,9868,-9836,7948,-254,136,-187,-14740,4680,2900,-1262,61,-44,-15084,-2144,5860,-494,136,-175,0
1606.4439260959623,10632,4320,10992,-129,-34,55,9904,-9860,8096,-7,158,-178,-14648,4608,3036,-1011,78,-85,-14804,-2100,6116,-476,116,-120,0
1606.477375984192,10680,4176,11008,-112,-45,65,9820,-9904,7988,-34,174,-179,-14764,4760,2892,-990,70,-107,-14752,-2124,5992,-506,117,-162,0
1606.511181116104,10592,4212,10956,-153,-49,100,9888,-9836,8004,-21,144,-190,-14664,4808,3004,-949,19,-87,-14820,-2168,5948,-532,129,-131,0
1606.5448169708252,10724,4328,10868,-119,-17,107,9812,-9960,8044,-48,144,-139,-14728,4580,2800,-1034,100,-61,-14868,-2204,5920,-257,122,-115,0
1606.5785501003265,10628,4284,11220,-119,-64,113,9824,-9816,8132,-66,99,-171,-14808,4668,2784,-934,88,238,-14928,-2220,5984,-479,116,-142,0
1606.6119620800018,10648,4252,10952,-141,-256,104,9760,-9844,8132,-15,121,-150,-14656,4604,2744,-1049,90,-64,-14732,-2248,6092,-488,103,-104,0
1606.6453759670258,10592,4252,10800,-132,-24,130,9808,-9844,8060,-20,122,-164,-14640,4708,2612,-1029,103,-44,-14784,-2220,6124,-516,114,-126,0
1606.678838968277,10556,4228,11204,-135,-38,147,9832,-9828,8068,-18,130,-147,-14652,4748,2996,-1016,97,-63,-14700,-2288,5952,-487,109,-121,0
1606.7123119831083,10604,4280,11084,-126,-84,93,9884,-9868,8084,-56,140,-197,-14688,4728,2968,-991,89,-47,-14836,-2240,5876,-478,109,-108,0
1606.745849132538,10668,4248,11020,-120,-68,91,9776,-9892,8008,-50,144,-162,-14672,4704,2968,-994,119,-53,-14732,-2248,5852,-501,150,-134,0
1606.7794849872587,10524,4224,11036,-111,-63,106,9800,-9832,8076,-24,142,-182,-14616,4680,2872,-1006,112,-80,-14724,-2140,5940,-766,162,-127,0
1606.812804937363,10560,4144,11088,-117,-62,105,9876,-9804,8048,-1,127,-184,-14692,4768,2876,-1031,147,-108,-14812,-2200,6028,-486,150,-94,0
1606.8464670181274,10660,4100,10964,-150,-32,105,9856,-9964,8032,-18,146,-209,-14716,4672,2948,-1277,138,-88,-14804,-2152,6096,-486,130,-98,0
1606.8799779415133,10656,4172,10984,-147,-52,108,9888,-9844,8000,-4,135,-163,-14776,4748,2832,-1017,122,-74,-14712,-2080,5876,-486,161,-113,0
1606.9160931110382,10580,4216,11000,-140,-45,95,9896,-9980,8112,-21,143,-183,-14644,4664,2976,-991,111,-120,-14828,-2152,6020,-510,165,-119,0
1606.9522800445557,10668,4184,11056,-179,-67,109,9952,-9804,7968,-37,143,-186,-14736,4704,2948,-966,80,-110,-14824,-2136,5924,-467,177,-104,0
1606.9874629974363,10644,4212,10976,-208,-118,85,9928,-9972,8104,-62,138,-215,-14760,4652,2688,-959,82,-74,-14868,-2220,5932,-484,183,-95,0
1607.0232651233673,10732,4272,11096,-195,-194,141,9792,-9908,8088,-40,123,-212,-14712,4756,2920,-957,130,-127,-14684,-2248,6012,-472,184,-59,0
1607.058671951294,10520,4224,10812,-191,-180,130,9796,-9912,8172,-71,139,-228,-14376,4576,2864,-944,125,-145,-14668,-2248,5952,-477,234,-101,0
1607.0935699939728,10544,4252,11224,-210,-236,136,9700,-9944,8096,-59,146,-252,-14760,4804,2852,-928,140,-138,-14640,-2152,5784,-490,193,-117,0
1607.1295299530027,10728,4196,10924,-206,-199,153,9956,-9836,8128,-58,127,-187,-14736,4608,2716,-938,124,-68,-14764,-2232,5864,-488,166,-79,0
1607.1650841236115,10648,4252,10928,-212,-151,185,9860,-9780,8084,-16,151,-180,-14740,4568,2884,-983,156,-137,-14604,-2276,5864,-468,207,-50,0
1607.2008049488068,10728,4552,10772,-230,-165,157,9900,-9804,8128,-26,141,-197,-14748,4672,2816,-1009,131,-94,-14784,-2152,5956,-496,176,-71,0
1607.2371599674225,10716,4116,11228,-220,-211,150,9736,-9928,8020,-42,98,-237,-14708,4660,2712,-979,130,-96,-14884,-2236,5892,-492,209,-82,0
1607.2722489833832,10640,4132,11032,-188,-225,161,9888,-9868,8036,-65,108,-207,-14740,4632,2748,-976,147,-138,-14844,-2100,5880,-506,202,-92,0
1607.3082361221313,10728,4100,10920,-215,-219,160,9584,-9956,8032,-40,182,-231,-14620,4704,2952,-949,159,-131,-14800,-2076,5860,-458,206,-92,0
1607.3435609340668,10692,4212,10964,-235,-233,139,9844,-9820,8000,-31,61,-256,-14772,4744,2892,-1010,100,-126,-14720,-2096,6020,-482,207,-88,0
1607.3791511058807,10644,4176,11000,-242,-231,163,9752,-9880,8096,-19,162,-211,-14732,4736,2756,-984,111,-117,-14932,-2144,5932,-481,151,-100,0
1607.4146120548248,10768,4236,11008,-211,-190,145,9748,-9800,8224,-47,180,-212,-14720,4648,2908,-940,98,-114,-15044,-2144,5868,-500,156,-91,0
1607.4497561454773,10676,4168,11008,-172,-227,134,9840,-9752,8184,-75,111,-235,-14656,4700,2780,-982,126,-114,-14596,-2260,5932,-492,182,-68,0
1607.484955072403,10800,4148,10988,-206,-192,160,9900,-9840,8132,-39,131,-205,-14680,4648,2920,-988,133,-93,-14816,-2304,5868,-490,152,-63,0
1607.520900964737,10968,4120,10868,-215,-191,159,9844,-9884,7988,-17,128,-218,-14840,4668,2892,-966,145,-122,-14596,-2160,5880,-477,158,-105,0
1607.5559740066528,10700,4160,10872,-191,-157,145,9924,-9912,8088,-3,132,-201,-14740,4520,2772,-1000,159,-66,-14780,-2160,5880,-497,170,-119,0
1607.5918560028076,10708,4116,10832,-167,-131,114,9984,-9748,8164,-27,129,-194,-14764,4360,2692,-1009,123,-50,-14740,-2084,5800,-479,157,-136,0
1607.6255390644073,10720,4152,10880,-103,-71,105,9820,-9736,8112,-12,153,-200,-14680,4676,2820,-1000,102,-100,-14800,-2144,5864,-495,166,-148,0
1607.6589770317078,10708,4256,10872,-114,-11,90,9972,-9868,8016,-19,133,-180,-14744,4552,2804,-1037,113,-77,-14912,-2196,5864,-487,123,-156,0
1607.6926629543304,10772,4144,10948,-126,10,95,9904,-9896,8128,249,134,-172,-14876,4376,2596,-1059,76,-69,-14884,-2064,5744,-488,131,-164,0
1607.7261009216309,10772,4104,10960,-132,255,93,10180,-9936,7712,-13,136,-169,-14772,4676,2860,-1078,100,-63,-14812,-2156,6128,-495,132,-132,0
1607.7600650787354,10728,4320,10884,-124,7,105,9840,-9856,7964,253,125,-133,-14764,4696,2744,-1038,105,-31,-14800,-2184,6096,-493,129,-100,0
1607.7936451435087,10832,4188,10996,-126,-25,97,9956,-9844,8028,-32,137,-169,-14760,4692,2880,-1015,81,-18,-15088,-2212,5708,-483,97,-116,0
1607.827311038971,10768,4164,10912,-122,2,78,9888,-9876,8084,-42,128,-152,-14732,4772,2728,-1038,57,-67,-14796,-1872,5948,-507,123,-149,0
1607.8605909347534,10660,4196,11016,-107,-11,115,9928,-9796,8120,2,175,-98,-14656,4700,2924,-1040,60,-51,-14868,-2220,6128,-499,71,-151,0
1607.893891096115,10604,4176,10876,-49,66,70,9872,-9868,8164,-66,145,-133,-14732,4672,2968,-999,77,-13,-14852,-2216,5836,-510,100,-161,0
1607.9274549484253,10796,4084,10972,-161,-23,75,9884,-9912,8056,-27,178,-137,-14808,4616,2824,-1019,63,-45,-14800,-2056,5944,-438,103,-155,0
1607.9608750343323,10752,4196,10828,-93,61,91,9872,-9892,7956,-15,178,-126,-14684,4732,2888,-1034,64,-62,-14756,-2172,5692,-490,111,-149,0
1607.9944710731506,10604,4208,10916,-69,48,86,9904,-9928,7972,-18,152,-125,-14676,4652,2856,-772,33,-51,-14856,-2116,5660,-483,67,-161,0
1608.027781009674,10664,4300,10996,-113,30,63,9860,-9852,8148,-29,187,-153,-14732,4744,2868,-982,82,-45,-14940,-2108,5888,-496,100,-179,0
1608.0613119602203,10780,4168,10888,-102,6,51,9840,-9888,8032,-21,160,-160,-14728,4704,2716,-1009,76,-7,-14812,-2144,5896,-489,89,-166,0
1608.0950210094452,10632,4220,10972,-79,40,55,9856,-9872,8056,-252,135,-179,-14736,4648,2876,-1030,78,-91,-14800,-2148,5768,-521,127,-188,0
1608.1282200813293,10656,4224,10964,-59,34,48,9900,-9928,8140,-7,125,-168,-14668,4732,2908,-1034,78,-79,-14760,-2208,5932,-519,124,-140,0
1608.1615171432495,10688,4336,11148,-119,12,68,9804,-9852,8036,-18,164,-166,-14704,4620,2932,-1012,70,-68,-14824,-2216,5912,-502,123,-137,0
1608.19504904747,10648,4252,10936,-116,13,70,9824,-9896,8152,255,159,-159,-14744,4672,2984,-1021,66,-51,-14804,-2232,6104,-492,113,-174,0
1608.2283020019531,10616,4196,11096,-106,-7,88,9800,-9872,8196,-12,116,-156,-14836,4648,2948,-1016,82,-34,-14876,-2272,5996,-509,112,-163,0
1608.2618799209595,10688,4288,11216,-86,-29,82,9852,-9844,7992,-38,126,-153,-14680,4664,2964,-1009,83,-103,-14820,-2164,5900,-766,117,-131,0
1608.2956070899963,10644,4184,11064,-95,-38,89,9936,-9864,8160,-49,114,-173,-14744,4692,2692,-986,113,-58,-14780,-2164,5912,-478,119,-140,0
1608.3289959430695,10672,4176,10992,-110,-38,84,9836,-9880,8136,-42,122,-189,-14712,4680,2896,-1015,104,-56,-14640,-2156,5996,-500,126,-134,0
1608.3624999523163,10536,4236,10908,-112,-40,93,9896,-9884,8204,-46,141,-197,-14824,4668,2732,-1048,117,-60,-14808,-2332,5876,-259,132,-118,0
1608.3957560062408,10676,4244,10936,-161,-40,94,9932,-9804,8116,-52,104,-196,-14708,4744,2888,-1009,98,-108,-14844,-2236,5984,-492,127,-140,0
1608.4287741184235,10580,4136,10928,-156,-52,77,9584,-9752,8112,-54,140,-201,-14628,4564,2832,-975,102,-84,-14788,-2180,5708,-505,133,-130,0
1608.4624729156494,10580,4220,11168,-117,-77,86,9840,-9920,8032,-36,108,-180,-14664,4724,2880,-1003,108,-46,-14828,-2304,5956,-537,145,-154,0
1608.4958651065829,10556,4196,11240,-132,-65,112,9924,-9868,8136,-36,105,-167,-14708,4772,2908,-996,65,-57,-14800,-2196,5812,-517,112,-111,0
1608.5293049812317,10564,4376,10960,-128,-33,139,9824,-9852,8072,-29,105,-141,-14792,4644,2840,-1041,97,-96,-14876,-2284,5888,-470,95,-121,0
1608.5629410743713,10640,4268,10964,-135,-87,118,9936,-9888,8056,-71,134,-158,-14540,4632,2656,-772,130,-60,-14740,-2212,5956,-490,135,-132,0
1608.5996329784393,10560,4244,10852,-159,-40,86,9844,-9860,7896,-34,147,-144,-14732,4736,2780,-984,99,-67,-14776,-2108,5756,-490,146,-109,0
1608.6344571113589,10624,4228,10928,-118,-47,115,9788,-9816,8036,-5,124,-139,-14784,4648,2588,-1040,85,-96,-14800,-2256,5948,-495,147,-121,0
1608.6701891422272,10524,4260,11044,-163,-51,91,9864,-9960,8172,-30,140,-173,-14608,4856,2780,-996,115,-45,-14840,-2168,5952,-463,135,-97,0
1608.705677986145,10608,4272,11064,-169,-42,104,9784,-9876,8092,-40,152,-176,-14752,4616,3044,-983,120,-99,-14864,-2144,5860,-500,142,-134,0
1608.7417039871216,10600,4196,11020,-186,-76,128,9836,-9824,7976,11,170,-185,-14776,4644,2764,-775,92,-86,-14712,-2208,6140,-765,186,-86,0
1608.7775700092316,10580,4336,11204,-161,-88,94,9868,-9768,8036,-25,170,-178,-14652,4576,2968,-1007,131,-111,-14764,-2152,5880,-487,220,-78,0
1608.8122870922089,10604,4272,10880,-254,-170,131,9876,-9912,8064,-16,136,-211,-14796,4680,2572,-1013,165,-94,-14888,-2100,6040,-462,186,-45,0
1608.8474791049955,10652,4228,10956,-182,-178,139,9784,-9956,8056,-59,111,-233,-14680,4656,3056,-966,133,-127,-14616,-2220,5896,-468,200,-50,0
1608.882576942444,10632,4228,10920,-180,-189,153,9816,-10008,8032,-67,136,-198,-14720,4740,2844,-950,103,-111,-14788,-2188,6128,-505,178,-95,0
1608.9181439876556,10604,4156,10800,-196,-186,128,9792,-9900,8064,-63,140,-227,-14684,4740,3032,-980,127,-173,-14776,-2152,6128,-500,153,-91,0
1608.9536719322205,10568,4224,11208,-236,-193,121,9852,-9896,8160,-62,154,-222,-14716,4608,2824,-928,134,-101,-15068,-2256,5700,-451,203,-93,0
1608.9888079166412,10636,4176,10992,-211,-211,139,9876,-9948,8136,-43,148,-224,-15040,4748,2772,-950,121,-147,-14788,-2188,5864,-472,219,-62,0
1609.0240061283112,10612,4216,11004,-195,-213,148,9928,-9952,8088,-255,138,-227,-14708,4648,2872,-1001,136,-135,-14832,-2136,5788,-500,228,-85,0
1609.0589361190796,10684,4224,11012,-246,-222,132,9880,-9832,8052,15,94,-231,-14664,4684,3024,-979,159,-180,-14840,-2204,5800,-457,211,-72,0
1609.095111131668,10740,4296,10820,-202,-205,165,9952,-9832,8088,-51,91,-211,-14716,4680,2852,-970,123,-92,-14928,-2164,5832,-498,174,-56,0
1609.1303899288177,10748,4180,10940,-205,-201,154,9912,-9900,8168,-42,124,-206,-14784,4452,3068,-983,94,-101,-14604,-2188,5956,-515,144,-76,0
1609.1655750274658,10716,4308,10908,-234,-186,142,9888,-9816,8136,-14,119,-173,-14700,4672,2656,-1269,94,-69,-14632,-2172,5688,-479,136,-117,0
1609.201327085495,10644,4224,10996,-225,-181,138,9748,-9876,8132,-89,155,-211,-14748,4660,2904,-970,102,-105,-14816,-2100,5776,-483,182,-90,0
1609.2390871047974,10628,4132,10976,-247,-228,162,9872,-9924,8028,-67,122,-249,-14720,4732,2788,-996,113,-111,-14616,-2116,5864,-480,157,-64,0
1609.2726550102234,10716,4068,10932,-168,-198,163,9872,-9848,8036,-10,147,-186,-14736,4600,2900,-924,69,-97,-14900,-2264,5920,-504,143,-92,0
1609.306349992752,10716,4172,11052,-207,-147,154,9804,-9804,8124,-27,205,-162,-14756,4724,2852,-901,113,-101,-14856,-2212,5864,-470,160,-95,0
1609.3397960662842,10508,4124,10996,-198,-191,143,9944,-9880,8032,-34,162,-177,-14764,4676,2908,-913,122,-126,-14948,-2128,6004,-489,167,-99,0
1609.3732919692993,10724,4096,10884,-145,-204,139,9900,-9780,7976,-24,146,-160,-14652,4708,3032,-958,116,-146,-14856,-2120,5912,-519,195,-90,0
1609.4066569805143,10640,4188,10756,-113,-92,108,9840,-9904,8028,-22,122,-186,-14620,4684,2916,-772,130,-128,-14724,-2204,5948,-518,177,-123,0
1609.4400880336761,10764,3852,10960,-112,-99,107,9880,-9776,7984,-18,128,-160,-14816,4564,2816,-773,106,-102,-14700,-2112,5844,-503,168,-134,0
1609.473529100418,10948,4160,10792,-144,-37,100,9960,-9952,7896,-23,136,-188,-14800,4716,3036,-1053,107,-67,-14904,-2108,5844,-486,146,-143,0
1609.507157087326,10936,4204,10716,-138,2,93,9896,-9780,7892,6,150,-161,-14744,4612,2952,-1270,117,-60,-14820,-2100,5752,-493,141,-126,0
1609.5405449867249,10996,4280,10964,-135,12,115,9820,-9928,8168,26,142,-151,-14672,4828,2960,-777,104,-65,-14800,-2200,5904,-496,156,-108,0
1609.5742099285126,10700,4264,10860,-107,11,103,9828,-9856,7852,-15,108,-138,-14644,4716,2856,-1044,127,-72,-14816,-2276,5848,-484,130,-130,0
1609.6077890396118,10736,4236,10880,-87,-11,88,9876,-9872,8072,-53,135,-156,-14720,4596,3052,-1008,112,-21,-14864,-2156,5868,-489,130,-147,0
1609.641133069992,10740,4228,10944,-85,-8,64,9884,-9856,8116,-27,146,-142,-14652,4800,2972,-769,85,-55,-14628,-2248,5872,-511,121,-172,0
1609.6747391223907,10560,4276,10904,-94,9,91,9816,-9860,8076,0,146,-157,-14680,4704,2604,-1003,89,-86,-14756,-2208,6044,-464,120,-137,0
1609.7082560062408,10764,4136,10924,-152,-11,113,9856,-9848,8440,-27,132,-172,-14688,4688,2804,-975,76,-82,-14844,-2244,5776,-471,108,-143,0
1609.74183011055,10752,4196,10808,-88,-17,96,9848,-9836,8036,-73,130,-163,-14752,4764,2640,-771,66,-61,-14956,-2196,6088,-259,92,-145,0
1609.775573015213,10764,4156,11176,-104,31,76,9932,-9872,8088,-25,129,-136,-14740,4692,3012,-995,44,-45,-14804,-2184,5692,-529,113,-158,0
1609.809198141098,10772,4248,10960,-77,28,105,9788,-9980,8044,-16,167,-115,-14752,4696,2940,-1040,72,-15,-14884,-2200,5940,-482,68,-145,0
1609.84245800972,10652,4228,10900,-69,36,88,9860,-9872,8156,-36,149,-139,-14764,4588,2812,-1029,103,-57,-14872,-2184,5916,-490,122,-137,0
1609.8758170604706,10692,4300,10816,-123,16,77,9804,-9744,8072,9,167,-159,-14672,4680,2800,-1014,103,-55,-14780,-2108,5896,-493,114,-153,0
1609.9090099334717,10652,4188,10952,-91,22,69,9824,-9816,8136,-14,134,-152,-14732,4664,2948,-1004,63,-41,-14924,-2276,5896,-526,101,-169,0
1609.9425201416016,10644,4184,10848,-69,29,77,9876,-9896,8092,-32,154,-140,-14760,4700,2904,-1280,49,-32,-14688,-2224,5832,-536,89,-184,0
1609.9761171340945,10696,4192,11196,-115,31,68,9972,-9844,8052,-31,147,-173,-14768,4712,2824,-981,41,-65,-15048,-2268,5880,-505,71,-176,0
1610.0098400115967,10644,4168,10988,-103,14,63,9872,-9828,8124,-37,166,-159,-14680,4716,2888,-1003,71,-94,-14684,-2248,5892,-498,109,-167,0
1610.0429389476776,10652,4300,10948,-130,-12,72,9972,-9884,8028,1,133,-175,-14648,4716,2796,-1033,101,-97,-15064,-2160,5740,-521,114,-156,0
1610.0766689777374,10572,4312,10756,-84,-8,70,9776,-9764,8128,-40,119,-192,-14728,4656,3200,-1270,92,-86,-14700,-2208,5972,-512,169,-126,0
1610.1100590229034,10676,4280,11232,-123,-77,95,9844,-9872,8236,-14,122,-170,-14616,4660,2796,-1002,118,-79,-14812,-2176,5952,-529,151,-124,0
1610.1434841156006,10660,4240,10996,-106,-19,99,9824,-9764,8068,-33,131,-185,-14680,4696,2720,-998,125,-103,-14728,-2212,5908,-529,148,-87,0
1610.1771140098572,10680,4280,11012,-117,-49,137,9764,-9816,8016,-38,102,-156,-14776,4612,2948,-1015,116,-92,-14832,-2264,6032,-497,131,-113,0
1610.2106349468231,10680,4572,10976,-123,-37,119,9940,-9824,8136,-38,104,-163,-14712,4660,2916,-988,132,-71,-14760,-2204,5924,-263,145,-134,0
1610.2438180446625,10576,4248,10964,-127,-49,141,9856,-9844,8160,-87,88,-173,-14620,4644,2740,-981,100,-79,-14864,-2152,5924,-488,145,-102,0
1610.2802109718323,10584,4204,10944,-114,-55,98,9924,-9840,8184,-49,154,-171,-14636,4568,2932,-976,105,-55,-14816,-2156,5808,-508,153,-140,0
1610.3153710365295,10644,4244,10988,-140,-40,111,9828,-9856,8204,-29,124,-175,-14724,4636,2744,-774,97,-82,-14776,-2208,5860,-468,164,-118,0
1610.3512661457062,10652,4316,10836,-165,-65,89,9932,-9824,8000,-30,119,-221,-14688,4536,2896,-998,87,-87,-14764,-2152,5980,-464,163,-110,0
1610.386059999466,10752,4360,11048,-128,-101,114,9872,-9908,7976,-50,123,-189,-14712,4684,2852,-997,89,-69,-14792,-2172,6072,-526,124,-138,0
1610.4218521118164,10628,4232,11088,-133,-73,100,9904,-9928,8124,18,140,-169,-14648,4692,2832,-1001,97,-85,-14768,-2176,6032,-263,137,-146,0
1610.4576439857483,10576,4264,10972,-114,-41,112,9976,-9828,8176,-29,131,-151,-14692,4612,2568,-1018,101,-72,-14792,-2348,5900,-466,113,-130,0
1610.4925179481506,10676,4244,11260,-158,-94,96,9888,-9844,8032,-60,159,-148,-14876,4624,2772,-985,72,-100,-14844,-2116,5952,-492,133,-134,0
1610.528762102127,10588,4204,11076,-153,-22,112,9872,-9816,8200,-25,129,-172,-14724,4760,2628,-772,72,-71,-14740,-2256,5760,-498,142,-138,0
1610.5639021396637,10264,4232,10916,-118,-55,110,9756,-9816,8092,238,107,-168,-14712,4656,2640,-1020,73,-105,-14796,-2240,6084,-768,131,-141,0
1610.5992801189425,10632,4204,10760,-136,-57,104,9884,-9840,8116,-26,121,-186,-14644,4692,3072,-986,90,-64,-14756,-2196,6028,-443,145,-139,0
1610.6344621181488,10692,4096,10948,-163,-54,99,9944,-9916,8420,-26,158,-178,-14808,4800,2928,-946,115,-115,-14752,-2236,5912,-502,160,-127,0
1610.670345067978,10696,4288,10920,-158,-104,106,9844,-9964,8100,-13,141,-204,-14764,4724,2724,-1011,106,-69,-14796,-2148,6020,-768,182,-95,0
1610.7055330276487,10720,4212,10880,-157,-61,107,9892,-9860,8168,-6,123,-191,-14752,4712,2560,-1029,132,-96,-14780,-2248,5848,-496,165,-103,0
1610.7416920661926,10612,4308,11048,-207,-149,136,9952,-9876,8088,-11,209,-169,-14632,4740,2840,-977,126,-85,-14840,-2220,5956,-482,156,-59,0
1610.7776789665222,10692,4252,11172,-209,-105,145,9828,-9948,8188,-38,127,-201,-14760,4764,2860,-996,128,-85,-14852,-2208,6080,-458,171,-70,0
1610.8128480911255,10660,4184,11064,-196,-147,150,9792,-9904,8164,-43,120,-227,-14624,4728,3064,-971,153,-108,-14616,-2172,5940,-496,187,-76,0
1610.8476829528809,10524,4248,11004,-207,-195,159,9868,-9900,8148,-76,129,-234,-14600,4708,2976,-949,125,-85,-14784,-2224,6008,-472,177,-101,0
1610.8833839893339,10612,4256,11016,-216,-199,136,9752,-9820,8096,-72,146,-223,-14832,4676,2768,-941,133,-144,-14760,-1804,5908,-479,166,-63,0
1610.920238018036,10668,4328,10796,-205,-195,146,9848,-9840,7780,-56,144,-239,-14672,4688,2824,-966,137,-109,-14624,-2164,6104,-467,206,-47,0
1610.9536900520325,10972,4252,10864,-188,-150,122,9836,-9904,8068,-51,146,-211,-14816,4676,2744,-984,142,-154,-15024,-2292,5940,-506,215,-102,0
1610.9874050617218,10680,4204,10880,-207,-166,142,9912,-9740,8112,2,148,-206,-14784,4648,2744,-981,113,-161,-14776,-2212,6004,-492,176,-80,0
1611.0210859775543,10808,4160,11156,-224,-180,154,9884,-9776,7944,3,147,-230,-14732,4656,2948,-1000,140,-143,-14680,-2196,5892,-483,212,-84,0
1611.0548739433289,10772,4324,10872,-242,-201,147,9816,-9888,8148,-29,117,-220,-14812,4624,2864,-970,146,-95,-14808,-2208,5900,-473,175,-88,0
1611.092535018921,10684,4296,11044,-170,-188,150,9844,-9876,8056,-66,102,-190,-14800,4716,2832,-977,139,-59,-15080,-2196,5988,-499,151,-87,0
1611.1268739700317,10632,4128,11204,-240,-166,157,9832,-9824,8044,-28,99,-186,-14804,4692,2812,-1008,118,-108,-14804,-2200,5964,-502,142,-79,0
1611.1600189208984,10616,4320,10880,-230,-193,161,9844,-9880,8408,-44,130,-184,-14656,4720,2712,-986,133,-109,-14768,-2080,6100,-468,162,-86,0
1611.1936831474304,10712,4216,10872,-212,-195,125,9780,-9908,8056,-59,92,-256,-14716,4552,3004,-986,104,-116,-14772,-2160,5896,-493,229,-90,0
1611.2273120880127,10708,4216,10816,-235,-192,147,9840,-10152,8128,-38,108,-228,-14736,4672,2768,-998,133,-107,-14792,-2040,5932,-465,189,-95,0
1611.2609329223633,10656,4212,11020,-204,-187,140,9876,-9732,8376,-14,129,-202,-14700,4692,3004,-982,105,-63,-14776,-2144,5932,-481,150,-96,0
1611.2943780422213,10644,4240,10848,-226,-157,160,9772,-9896,8036,-28,136,-217,-14656,4456,2768,-976,134,-101,-14800,-2276,5984,-496,161,-114,0
1611.3279340267181,10584,4204,10968,-204,-182,157,9868,-9880,8048,-46,122,-221,-14676,4772,2592,-977,131,-110,-14832,-2176,5892,-500,160,-95,0
1611.3616089820862,10864,4136,10968,-147,-146,164,9896,-9808,8092,-22,112,-223,-14660,4640,2788,-999,115,-108,-14832,-2180,6032,-512,169,-97,0
1611.39484500885,10656,4188,10936,-168,-168,155,9812,-9800,8032,-21,96,-203,-14700,4628,2668,-1021,146,-69,-14828,-2096,5780,-495,146,-103,0
1611.4282219409945,10696,4144,10964,-135,-132,140,9896,-9824,8036,-31,108,-199,-14808,4612,2732,-1033,132,-122,-14804,-2112,5808,-507,171,-133,0
1611.4618570804596,10752,4212,10800,-171,-103,98,9844,-9884,8172,-15,126,-174,-14648,4860,2708,-1026,97,-83,-14808,-2184,5800,-481,161,-115,0
1611.4955620765686,10816,4032,10952,-105,-36,112,9820,-9852,8160,-3,137,-169,-14684,4600,3040,-1035,128,-120,-14780,-2172,5984,-487,146,-111,0
1611.5291950702667,10752,4140,10928,-127,-24,109,9812,-9868,8036,-256,113,-164,-14812,4600,2800,-1016,88,-73,-14884,-2164,5760,-473,111,-132,0
1611.5626969337463,10760,4272,11152,-133,7,96,9960,-9772,8012,-254,141,-171,-14736,4664,3036,-1031,93,-18,-14864,-2240,5624,-493,152,-118,0
1611.5964250564575,10704,4220,10848,-120,-37,105,9912,-9868,7936,-32,115,-175,-14772,4656,2584,-988,103,-45,-14788,-2160,5808,-491,130,-124,0
1611.6297030448914,10736,4172,10760,-89,-47,101,9900,-9796,8432,-34,113,-179,-14748,4652,2744,-1022,127,-96,-14780,-2180,5988,-528,145,-141,0
1611.663108110428,10704,4168,10608,-77,-34,127,9900,-9848,7880,-34,118,-163,-14748,4768,3012,-1025,109,-106,-14824,-2096,5896,-518,136,-116,0
1611.696783065796,10660,4252,10828,-106,-57,101,9836,-9828,8132,-13,136,-185,-14624,4700,2744,-1002,87,-65,-14844,-2216,5908,-488,146,-125,0
1611.7301449775696,10744,4212,10788,-157,-2,101,9860,-9896,8292,-24,145,-166,-14764,4684,2836,-985,107,-41,-14624,-2164,6124,-476,125,-117,0
1611.7636830806732,10760,4340,10868,-131,-4,98,9928,-9884,8092,-39,150,-167,-14676,4652,2928,-990,97,-30,-14892,-2196,5780,-523,91,-143,0
1611.7974021434784,10684,4148,10896,-138,0,96,9968,-9880,8108,-40,143,-139,-14704,4704,2852,-1020,90,-79,-14792,-2240,5940,-485,89,-149,0
1611.8311159610748,10828,4240,10952,-100,22,104,9896,-9796,7968,-40,161,-146,-14776,4660,2828,-1014,88,-52,-14804,-2200,5696,-486,98,-143,0
1611.8647589683533,10636,4108,11064,-103,-15,82,9852,-9744,8100,-53,153,-165,-14684,4672,2856,-990,82,-84,-14848,-2108,5788,-483,124,-169,0
1611.8982710838318,10688,4216,10900,-156,30,73,9860,-9868,7980,-27,152,-167,-14792,4856,3032,-1019,58,-26,-14796,-2220,5840,-489,127,-182,0
1611.9313480854034,10740,4220,10964,-101,21,42,9860,-9904,8180,-9,171,-159,-14644,4688,2868,-1036,38,-39,-14928,-2180,5844,-767,132,-145,0
1611.9682109355929,10668,4288,10868,-107,27,46,9884,-9860,8132,-11,147,-151,-14764,4668,2792,-991,30,-82,-14876,-2152,6008,-471,106,-165,0
1612.003679037094,10676,4240,10892,-120,6,58,9844,-9888,8120,-31,172,-158,-14792,4728,2864,-994,54,-31,-14884,-2256,5868,-496,79,-162,0
1612.0393221378329,10708,4296,10864,-105,-8,78,9740,-9760,8036,-12,165,-161,-14756,4692,3048,-1013,70,-86,-14780,-2184,5920,-258,128,-172,0
1612.0748319625854,10600,4320,10944,-95,23,85,9768,-9784,7980,-17,123,-158,-14768,4744,2940,-1038,75,-60,-14716,-2120,6132,-517,116,-141,0
1612.1101789474487,10656,4280,10844,-95,-17,87,9848,-9800,8124,-24,111,-166,-14620,4768,2984,-1029,87,-77,-14792,-2280,5880,-522,126,-153,0
1612.145618915558,10692,4308,10896,-126,-255,85,9844,-9952,8032,-29,131,-154,-14664,4744,2824,-771,116,-42,-14812,-2304,5908,-481,128,-137,0
1612.181263923645,10604,4296,11008,-97,-13,114,9924,-9948,7980,-42,121,-145,-14744,4660,3024,-1032,96,-78,-14684,-2260,5936,-513,127,-114,0
1612.2170860767365,10600,4260,11064,-112,-1,115,9920,-9972,8204,-51,110,-169,-14632,4848,2888,-1003,108,-90,-14812,-2204,5968,-515,134,-91,0
1612.2524309158323,10608,4296,11020,-126,-37,113,9884,-9732,7960,-82,124,-197,-14768,4620,2876,-981,98,-35,-14836,-2196,5864,-505,119,-125,0
1612.2888650894163,10740,4236,11084,-113,-72,80,9860,-9952,8244,-85,163,-178,-14804,4724,2672,-968,83,-99,-14932,-2148,5924,-514,114,-151,0
1612.3239710330963,10676,4288,10976,-150,-58,110,9880,-9904,8056,12,90,-173,-14652,4728,2864,-1013,103,-69,-14644,-2204,5880,-453,136,-128,0
1612.3596980571747,10540,4176,10904,-117,-40,107,9760,-9836,8168,-28,126,-172,-14636,4692,2940,-1051,114,-123,-14796,-2108,6036,-497,172,-103,0
1612.394462108612,10644,4224,11076,-129,-86,97,9912,-9940,8088,-21,99,-181,-14820,4716,2840,-977,102,-63,-14916,-2168,5980,-513,115,-117,0
1612.4304320812223,10600,4292,10980,-114,-62,101,9904,-9804,8180,-38,118,-159,-14620,4640,2844,-1008,107,-62,-14824,-2208,5736,-259,106,-140,0
1612.4655530452728,10624,4300,10928,-100,-6,125,9908,-9800,8092,-21,112,-151,-14652,4600,2772,-1016,109,-55,-14824,-2204,5900,-519,125,-123,0
1612.5009191036224,10648,4336,10828,-211,-49,124,9912,-9792,8088,-23,155,-139,-14756,4664,2964,-986,53,-83,-14796,-2148,6092,-465,127,-110,0
1612.537150144577,10608,4272,10976,-308,-78,116,9852,-9884,7964,-17,201,-189,-14764,4772,2788,-980,73,-93,-14860,-2196,5940,-449,171,-67,0
1612.5723979473114,10552,4268,10980,-238,-225,133,9752,-9924,8160,-61,129,-255,-14808,4812,2876,-945,180,-160,-14616,-2240,6208,-465,238,-77,0
1612.6095609664917,10644,4244,10856,-169,-263,138,9788,-9840,8052,-98,76,-247,-14688,4888,2920,-924,126,-165,-14820,-2188,6012,-494,168,-99,0
1612.6426861286163,10588,4192,10988,-162,-254,149,9884,-9792,7948,-102,126,-231,-14844,4720,2864,-950,111,-79,-14720,-2144,5932,-261,210,-94,0
1612.6761801242828,10640,4244,10792,-229,-242,148,9856,-9928,7980,-30,130,-226,-14736,4628,2680,-1004,111,-120,-14768,-2160,5960,-485,216,-63,0
1612.7098259925842,10680,4140,10944,-250,-177,147,9892,-9800,8172,17,130,-220,-14752,4708,2776,-1002,150,-145,-14868,-2196,5756,-456,197,-53,0
1612.7431750297549,10952,4312,11056,-508,-175,127,9968,-9812,8272,-8,129,-198,-14796,4684,2836,-988,159,-136,-14916,-2156,5980,-460,189,-61,0
1612.776885986328,10708,4300,10984,-223,-173,158,9884,-9892,8092,-12,120,-229,-14708,4564,2784,-998,176,-150,-14844,-2188,5840,-497,191,-76,0
1612.8105211257935,10756,4224,10856,-209,-229,168,9872,-9828,8168,-16,86,-243,-14780,4604,2752,-999,127,-135,-14760,-2240,5784,-516,207,-85,0
1612.8438460826874,10688,4204,10912,-211,-217,158,9820,-9900,8060,-43,140,-227,-14752,4696,2784,-991,152,-94,-14956,-2176,5884,-476,161,-47,0
1612.8774070739746,10704,4292,10828,-2,-177,120,9952,-9908,8156,-32,145,-233,-14800,4688,2884,-994,97,-129,-14844,-2200,5828,-474,177,-94,0
1612.9108979701996,10708,4216,10860,-247,-186,124,9920,-9792,8092,-30,159,-199,-14764,4636,2848,-960,69,-105,-14860,-2220,6020,-481,157,-102,0
1612.9442420005798,10592,4244,10940,-242,-178,129,9852,-9828,8160,-60,144,-219,-14712,4676,2860,-976,118,-93,-14864,-2072,6100,-485,151,-101,0
1612.9775910377505,10728,4200,10904,-210,-175,151,9876,-9908,8128,-48,96,-207,-14704,4796,2756,-968,139,-56,-14788,-2232,5912,-508,152,-90,0
1613.0111949443815,10524,4204,10772,-222,-198,149,9764,-9928,8104,-41,76,-250,-14696,4732,2768,-981,157,-113,-14796,-2200,5772,-492,186,-85,0
1613.0444431304932,10672,4116,10576,-194,-202,173,9868,-9904,8040,-53,79,-247,-14760,4736,2940,-999,149,-133,-14668,-2192,5980,-507,205,-72,0
1613.078143119812,10732,4108,11032,-197,-178,167,9812,-9900,7912,-43,106,-216,-14756,4724,2540,-1012,136,-158,-14840,-2164,6108,-495,189,-90,0
1613.111904144287,10784,4136,10868,-152,-170,144,9884,-9808,8048,-17,100,-194,-14736,4748,2744,-1004,142,-105,-15072,-2256,5884,-493,180,-118,0
1613.1452269554138,10756,4204,10828,-185,-102,127,9832,-9796,8100,-18,124,-187,-14684,4768,2596,-1280,123,-100,-14748,-2116,5808,-481,139,-135,0
1613.1787230968475,10840,4176,10792,-121,-65,106,9932,-9824,7960,-36,156,-170,-14812,4684,2884,-996,81,-83,-14952,-2124,5716,-261,112,-139,0
1613.2121710777285,10876,4184,10800,-144,250,60,9912,-9888,8224,8,144,-173,-14796,4848,2600,-1038,62,-79,-14596,-2196,5752,-494,125,-185,0
1613.2454450130465,10712,4296,10956,-169,253,105,9924,-9716,8104,34,192,-144,-14732,4596,2872,-1045,75,-39,-14808,-2204,5760,-458,126,-88,0
1613.279060125351,10828,4276,10736,-98,-21,83,9952,-9740,8176,-54,130,-175,-14680,4720,3068,-1012,86,-70,-14804,-2076,5836,-491,170,-109,0
1613.3126621246338,10736,4196,10800,-167,-58,98,9912,-9868,8004,7,107,-183,-14700,4708,2840,-1028,95,-76,-14780,-2228,5924,-494,140,-143,0
1613.3460509777067,10780,4152,10932,-89,-12,122,9940,-9820,8172,-24,136,-138,-14784,4624,2820,-1020,55,-41,-14752,-2184,5704,-533,104,-126,0
1613.379734992981,10684,4152,10920,-138,-21,72,9796,-9784,8088,-19,158,-163,-14676,4736,2820,-1022,77,-62,-14808,-2236,5904,-468,73,-124,0
1613.41304397583,10704,4248,10904,-131,-12,96,9860,-9808,7968,-71,139,-143,-14692,4648,2672,-997,114,-48,-14828,-2116,6004,-503,121,-146,0
1613.4461591243744,10736,4172,10960,-119,16,103,9880,-9876,8064,-35,147,-156,-14808,4684,2888,-1037,128,-54,-14728,-2140,5832,-499,136,-129,0
1613.4800069332123,10644,4144,10972,-104,-250,103,9916,-9892,7968,-15,94,-138,-14668,4728,2708,-1004,151,-75,-14800,-2128,5652,-765,134,-128,0
1613.5137181282043,10580,4168,11024,-106,-14,114,9848,-9844,7912,-63,106,-172,-14360,4656,2708,-1041,110,-102,-14828,-2216,5936,-492,192,-112,0
1613.5471849441528,10708,4096,11040,-135,-33,116,9904,-9812,8124,-16,108,-199,-14720,4640,2760,-1028,123,-76,-14856,-2128,6000,-467,172,-129,0
1613.5807659626007,10536,4188,10840,-137,-43,116,9928,-9848,8056,-27,154,-167,-15032,4748,2664,-1008,112,-68,-14776,-2168,5916,-476,151,-123,0
1613.6145360469818,10820,4240,10920,-105,14,109,9836,-9868,8136,8,161,-175,-14720,4668,2844,-1011,101,-74,-14696,-2244,5896,-483,118,-123,0
1613.651890039444,10760,4184,10812,-117,5,67,9828,-9884,8060,-20,137,-150,-14752,4832,2872,-1010,69,-82,-15060,-2168,5856,-508,125,-155,0
1613.6876709461212,10736,4132,10956,-99,251,54,9900,-9808,8092,-70,161,-171,-14832,4656,2796,-994,34,-73,-14832,-2168,5868,-496,116,-163,0
1613.723377943039,10624,4284,10860,-90,25,43,9876,-9884,8076,-58,146,-160,-14784,4636,2768,-1020,71,-61,-14880,-2172,6116,-489,107,-167,0
1613.7587690353394,10632,4220,11036,-106,26,45,9780,-9812,8112,-256,153,-179,-14708,4376,2560,-1019,65,-75,-14728,-2204,6076,-484,126,-140,0
1613.7942039966583,10768,4116,10976,-131,38,30,9876,-9876,8220,-18,195,-168,-14684,4616,2876,-1029,88,-72,-14800,-2116,5868,-472,154,-130,0
1613.830229997635,10704,4604,10956,-190,-33,101,9832,-9892,8208,-67,140,-162,-14840,4696,2904,-1015,128,-73,-14796,-2244,5980,-458,156,-126,0
1613.8654639720917,10688,4200,10864,-121,252,118,9840,-9912,8132,-11,141,-156,-14716,4796,2964,-1009,66,-81,-15028,-2224,6008,-538,109,-137,0
1613.9017350673676,10688,4212,10892,-92,10,119,9844,-9732,8272,-247,157,-113,-14612,4744,2920,-1041,101,-47,-14768,-2236,5940,-564,53,-144,0
1613.9377191066742,10556,4228,11056,-73,87,97,10148,-9848,8068,-76,149,-122,-14752,4688,2616,-1035,90,-80,-14620,-2168,5896,-483,87,-152,0
1613.9728441238403,10724,4276,10904,-155,4,85,9872,-9872,8040,-66,159,-165,-14652,4628,2900,-988,97,-33,-14776,-2212,6140,-462,143,-156,0
1614.008183002472,10568,4224,10956,-138,9,90,9824,-9836,8068,-29,133,-181,-14844,4772,2800,-1278,125,-60,-14760,-2260,5788,-503,132,-115,0
1614.0437140464785,10532,4220,10944,-114,0,99,9944,-9884,8116,-35,108,-164,-14660,4752,2968,-969,131,-75,-15072,-2220,5736,-491,137,-124,0
1614.079334974289,10504,4264,10920,-149,-18,110,9856,-9884,8044,-41,152,-167,-14644,4836,2716,-953,118,-42,-14736,-2216,6048,-480,116,-121,0
1614.1148309707642,10568,4232,10992,-108,-47,86,9868,-9976,8120,-66,119,-190,-14768,4724,2856,-1009,134,-72,-14792,-2148,5972,-498,145,-123,0
1614.1502101421356,10664,4168,10852,-142,-70,115,9860,-9876,8048,7,124,-178,-14748,4704,2756,-1033,119,-102,-14704,-2172,5984,-267,170,-109,0
1614.1855430603027,10668,4196,11248,-98,-27,123,9896,-9908,8028,-10,166,-141,-14796,4592,2900,-1013,102,-124,-14840,-2248,6080,-522,135,-121,0
1614.2209160327911,10680,4272,10932,-127,-30,109,9860,-9864,8104,-37,135,-166,-14668,4756,2972,-1035,137,-59,-14620,-2188,6004,-500,119,-110,0
1614.2561950683594,10600,4176,11200,-150,-17,127,9792,-9980,7996,-30,137,-157,-14700,4772,2956,-1002,130,-40,-14776,-2256,5916,-489,148,-108,0
1614.2928409576416,10376,4312,11232,-159,-45,120,9848,-9908,8060,-39,115,-142,-14624,4628,2792,-1275,128,-68,-14716,-2136,5840,-504,143,-122,0
1614.326611995697,10700,4256,10940,-142,-42,120,9852,-9888,8104,-28,121,-192,-14656,4692,2888,-991,108,-91,-14804,-2540,5996,-497,140,-127,0
1614.3602030277252,10644,4168,10964,-177,-89,106,9908,-9896,8404,-50,157,-204,-14736,4660,2732,-966,110,-148,-14684,-2240,5884,-480,148,-113,0
1614.3935570716858,10608,4292,10816,-165,-76,91,9932,-9960,8148,-21,150,-202,-14716,4772,3064,-958,74,-104,-14676,-2220,5936,-511,184,-137,0
1614.4272480010986,10576,4196,11048,-180,-71,116,9908,-9784,8072,-9,154,-194,-14672,4708,3012,-993,94,-86,-14832,-2260,5900,-462,170,-115,0
1614.460431098938,10612,4192,11120,-217,-111,123,9952,-9920,8164,1,145,-226,-14840,4720,2908,-997,98,-134,-14808,-2300,5996,-456,243,-117,0
1614.4940600395205,10624,4308,11180,-268,-230,117,9784,-10224,8380,-30,123,-222,-14660,4656,3036,-977,124,-133,-14832,-2300,6004,-463,179,-73,0
1614.5276799201963,10628,4224,11124,-195,-213,157,9844,-9836,8064,-92,147,-198,-14724,4780,2804,-949,100,-138,-14868,-2240,5988,-509,130,-89,0
1614.5612280368805,10596,4192,10896,-220,-190,152,9956,-9872,8196,-59,120,-205,-14544,4740,2604,-979,79,-108,-14728,-2176,6020,-257,161,-59,0
1614.5947840213776,10568,4112,10920,-199,-164,174,9844,-9860,8144,-30,127,-193,-14728,4624,2636,-1003,122,-80,-14780,-2188,5956,-481,155,-78,0
1614.628576040268,10556,4280,11200,-234,-181,145,9924,-9828,8032,-69,151,-204,-14668,4364,2628,-950,127,-75,-14844,-2220,6000,-455,172,-80,0
1614.6616671085358,10624,4232,10944,-509,-174,141,9824,-9736,8028,-14,127,-216,-14744,4716,2724,-987,136,-153,-14776,-2224,5896,-454,206,-73,0
1614.6953611373901,10624,4132,11116,-231,-195,157,9812,-9864,8108,-239,108,-220,-14644,4656,2772,-989,128,-164,-14660,-2100,5884,-493,184,-54,0
1614.7288029193878,10732,4132,10976,-219,-214,150,9856,-9888,7996,-31,139,-215,-14764,4656,2876,-992,126,-111,-15056,-2304,5708,-470,160,-102,0
1614.7622849941254,10652,4260,10876,-211,-223,142,9932,-9900,8436,-36,145,-210,-14712,4744,2904,-967,108,-66,-14884,-2100,5888,-489,175,-100,0
1614.7957770824432,10688,4248,10992,-199,-195,137,9952,-9860,8156,-42,137,-234,-14704,4700,2792,-968,98,-119,-14816,-2228,5892,-494,172,-96,0
1614.8292689323423,10640,4164,10768,-218,-210,157,9836,-9840,8080,-47,128,-220,-14656,4680,2968,-1005,97,-168,-14800,-2204,5824,-501,177,-94,0
1614.862909078598,10628,4192,10928,-204,-182,154,9896,-9800,8048,-40,104,-227,-14680,4756,2844,-1013,82,-71,-14800,-2208,5888,-508,179,-114,0
1614.896166086197,10652,4148,10996,-218,-185,142,9912,-9896,7948,-18,146,-207,-14700,4672,2836,-1011,146,-68,-14916,-2136,5928,-477,162,-106,0
1614.929759979248,10524,4080,11040,-220,-195,145,9864,-9868,7960,-21,137,-204,-14780,4628,3064,-998,106,-78,-14696,-2264,5940,-485,194,-103,0
1614.9633769989014,10684,4164,10928,-194,-174,149,9856,-9808,7900,-18,103,-223,-14752,4744,2892,-988,106,-149,-14820,-2336,5960,-479,177,-63,0
1614.9966959953308,10680,4220,11084,-176,-126,151,9956,-9848,7976,-28,126,-203,-14672,4716,2784,-1018,155,-104,-14764,-2232,5852,-475,173,-98,0
1615.0301721096039,10744,4232,10884,-161,-155,132,9820,-9776,7708,-49,122,-216,-14812,4628,2812,-1002,124,-101,-14804,-2184,5952,-499,161,-144,0
1615.0637800693512,10672,4128,10792,-118,-66,113,9932,-9852,8064,-57,128,-187,-14648,4660,3044,-998,91,-63,-14836,-2316,5776,-766,106,-143,0
1615.097239971161,10812,4128,10928,-111,-34,83,10212,-9896,8040,-12,129,-150,-14768,4652,2696,-1039,65,-81,-14836,-2128,6024,-490,139,-155,0
1615.1306221485138,10824,4088,11000,-125,-15,72,9912,-9864,8140,20,158,-176,-14756,4640,2636,-1032,83,-74,-14748,-2208,5848,-469,160,-164,0
1615.1639461517334,10516,4216,10868,-157,16,89,9888,-9896,8068,-22,140,-156,-14688,4616,2792,-770,106,-83,-15096,-2232,5836,-490,132,-135,0
1615.1975791454315,10756,4224,11024,-100,-35,112,10228,-9736,8128,-11,139,-154,-14764,4620,2772,-1025,122,-27,-14640,-2088,5988,-502,108,-138,0
1615.2312939167025,10740,4216,10912,-145,-18,92,9872,-9948,8012,-5,133,-162,-14676,4672,2812,-1055,78,-35,-14616,-2164,5976,-505,123,-152,0
1615.2648289203644,10664,4168,10800,-80,17,88,9928,-9756,7976,-24,160,-141,-14708,4672,2652,-1017,87,-43,-14856,-2176,5824,-503,85,-139,0
1615.2983009815216,10644,4284,11088,-102,4,88,9900,-9952,8200,-57,137,-148,-14680,4664,2816,-1008,86,-57,-14820,-2116,5944,-481,141,-143,0
1615.3360359668732,10724,4136,10804,-140,33,76,9776,-9884,7992,-25,123,-154,-14648,4760,2992,-1007,65,-91,-14836,-2188,5892,-485,101,-167,0
1615.3718440532684,10636,4200,10920,-94,17,71,9880,-9784,8064,-12,167,-132,-14672,4724,2684,-1014,53,-38,-14812,-2180,6020,-480,109,-172,0
1615.4076139926913,10672,4196,10828,-106,18,76,9952,-9928,8140,-54,145,-142,-14752,4708,2664,-1003,69,-40,-14768,-2232,6096,-493,111,-138,0
1615.4433369636536,10944,4196,11012,-92,-13,113,9916,-9852,8004,-48,171,-148,-14788,4700,2724,-1010,124,-50,-14908,-2136,5800,-495,115,-131,0
1615.4785220623016,10644,4084,10880,-100,-33,87,9784,-9884,8108,-11,134,-172,-14816,4680,2524,-769,112,-76,-14776,-2196,5968,-519,157,-134,0
1615.514104127884,10588,4212,10944,-90,29,91,10016,-9884,8056,-15,88,-152,-14772,4644,2784,-1071,118,-113,-14800,-2216,5884,-490,133,-144,0
1615.5496201515198,10680,4236,11020,-117,-17,70,9916,-9844,8128,5,160,-179,-14904,4756,2640,-1061,81,-32,-15028,-2216,5908,-474,118,-124,0
1615.5850579738617,10712,4292,10992,-103,26,65,9792,-9852,8032,-23,145,-145,-14692,4764,2896,-1004,84,-74,-14864,-2272,5984,-500,99,-149,0
1615.6209099292755,10600,4328,10852,-121,-9,75,9884,-9792,8020,-20,179,-142,-14600,4692,2964,-1032,89,-42,-14800,-2128,6108,-490,118,-172,0
1615.6562390327454,10520,4308,11216,-107,-21,99,9800,-9744,7948,-46,121,-161,-14624,4844,2684,-1018,103,-109,-14708,-2240,5940,-491,142,-116,0
1615.6917841434479,10564,4240,11016,-124,-38,97,9840,-9864,8168,-81,133,-181,-14752,4392,3044,-984,93,-108,-14668,-2180,5708,-472,136,-143,0
1615.728238105774,10728,4240,11040,-97,-33,67,9868,-9928,8028,-48,115,-198,-14776,4772,2728,-1000,71,-45,-14852,-2172,5912,-268,144,-152,0
1615.763689994812,10584,4264,10992,-154,-49,126,9920,-9960,8100,-17,128,-189,-14724,4684,2584,-1059,112,-159,-14768,-2116,5948,-487,179,-125,0
1615.7989461421969,10584,4368,10956,-104,-8,105,9868,-9832,8000,-41,95,-181,-14700,4616,2820,-1024,121,-101,-14840,-2204,5952,-768,177,-115,0
1615.8339669704435,10720,4292,11008,-144,-120,102,9944,-9796,8088,-50,123,-193,-14736,4724,2992,-985,113,-102,-14792,-2136,5932,-509,141,-120,0
1615.8695719242096,10624,4116,10796,-86,-57,115,9924,-9812,8144,-46,110,-152,-14684,4604,2864,-1000,99,-30,-14984,-2196,5884,-270,106,-117,0
1615.9051129817965,10608,4216,10888,-124,-17,102,9956,-9848,8076,-39,144,-133,-14616,4712,2868,-1028,82,-33,-14804,-2196,5940,-515,123,-112,0
1615.9409639835358,10604,4264,11096,-130,-29,93,9944,-9952,8080,-51,136,-166,-14780,4592,2920,-1020,72,-17,-14796,-2272,5932,-500,129,-103,0
1615.9770419597626,10596,4272,11084,-164,-71,107,9844,-9892,8048,-59,154,-159,-14668,4656,2972,-962,70,-84,-14780,-2124,5900,-763,157,-123,0
1616.0103380680084,10540,4252,10760,-124,-71,108,9908,-9828,8024,-27,130,-182,-14760,4744,2732,-1011,122,-86,-14720,-2276,6004,-488,180,-120,0
1616.0438580513,10516,4288,10940,-130,-90,122,9828,-9884,8096,-13,109,-203,-14620,4636,2728,-1018,140,-88,-14716,-2200,5764,-473,174,-125,0
1616.0774190425873,10688,4264,11088,-146,-66,101,9848,-9844,8148,-25,133,-186,-14752,4692,2768,-1015,111,-99,-14832,-2248,5900,-502,169,-130,0
1616.1178150177002,10660,4324,11016,-143,-33,83,9868,-9884,8444,-20,154,-170,-14748,4632,2824,-1008,92,-75,-14648,-2096,5844,-505,136,-130,0
1616.151598930359,10688,4204,11056,-147,-45,117,9928,-9844,8232,-34,156,-161,-14664,4728,3020,-1019,65,-93,-14860,-2240,5972,-494,156,-127,0
1616.1850199699402,10616,4340,11012,-187,-73,105,9868,-9932,8048,-35,158,-185,-14728,4824,2920,-994,96,-77,-14792,-2288,6076,-479,188,-94,0
1616.2187750339508,10588,4260,10972,-226,-101,134,9844,-9940,8108,-40,140,-187,-14804,4700,2976,-980,114,-122,-14824,-2216,6020,-470,199,-64,0
1616.2524139881134,10656,4348,11056,-176,-153,133,9800,-9884,8300,-63,122,-212,-14704,4712,2908,-1002,127,-116,-14964,-2080,5956,-469,188,-80,0
1616.2860131263733,10540,4240,10984,-188,-163,150,9900,-9936,8120,-71,145,-217,-14756,4700,2892,-927,96,-160,-14748,-2160,5908,-485,182,-119,0
1616.319764137268,10456,4200,11108,-194,-188,109,9892,-9904,8060,-82,155,-216,-14692,4656,2852,-963,91,-141,-14812,-2180,5892,-476,199,-84,0
1616.3534779548643,10692,4288,10940,-201,-190,124,9924,-9752,8332,-41,150,-225,-14644,4676,2776,-957,116,-117,-14856,-2164,5944,-470,185,-84,0
1616.3869159221647,10632,4252,10972,-212,-190,141,9836,-9744,8140,-35,126,-227,-14780,4676,2888,-972,152,-121,-14824,-2204,5892,-479,204,-91,0
1616.420529127121,10648,4272,11080,-211,-189,160,9896,-9884,7928,-42,156,-211,-14736,4652,2592,-968,122,-105,-14744,-2264,5904,-462,178,-65,0
1616.4542500972748,10700,4224,10992,-212,-197,142,9860,-9808,7988,-42,122,-203,-14732,4664,2708,-999,139,-173,-15068,-2144,5920,-485,194,-85,0
1616.4880831241608,10668,4312,10904,-218,-220,176,9832,-9900,8096,-16,113,-211,-14756,4600,2672,-1001,135,-156,-14672,-2156,5940,-498,215,-72,0
1616.5214009284973,10756,4160,10912,-217,-223,154,9780,-9912,8076,-33,135,-216,-14664,4572,2784,-991,136,-144,-14780,-2208,5944,-472,220,-66,0
1616.5549991130829,10708,4200,11016,-232,-205,161,9928,-9876,7948,-29,146,-194,-14764,4656,2840,-988,134,-78,-14752,-2308,5792,-448,153,-72,0
1616.5887179374695,10792,4280,11084,-216,-170,125,9940,-9868,8128,-63,150,-183,-14760,4720,2764,-1009,76,-71,-15012,-2116,6108,-485,137,-126,0
1616.6224820613859,10748,4264,10948,-247,-179,143,9740,-9828,8172,16,117,-189,-14712,4640,2940,-1019,151,-76,-14744,-2252,6136,-475,150,-49,0
1616.6557829380035,10648,4236,10872,-190,-98,150,9828,-9804,8040,-74,127,-192,-14784,4572,2892,-986,118,-77,-14724,-2272,5772,-468,154,-89,0
1616.6907439231873,10608,4196,10868,-205,-230,138,9808,-9892,8140,-30,129,-224,-14752,4848,2736,-775,169,-86,-14768,-2200,5944,-487,222,-84,0
1616.724337100983,10700,4184,10824,-190,-166,150,9984,-9956,8000,-12,109,-218,-14712,4768,2992,-1033,136,-118,-14744,-2304,5968,-483,169,-120,0
1616.7576589584353,10680,4216,10908,-140,-107,142,9948,-9824,8024,-49,145,-168,-14732,4708,2712,-1006,97,-89,-14840,-2196,6104,-498,98,-133,0
1616.7912399768827,10636,4152,10888,-177,-109,113,9836,-9940,8040,-37,122,-164,-14692,4664,2820,-993,91,-36,-14844,-2224,5960,-494,95,-113,0
1616.824767112732,10688,4084,10948,-154,-81,137,9856,-9944,8232,-67,143,-162,-14752,4728,2880,-961,73,-78,-14832,-2052,5992,-487,146,-108,0
1616.8583059310913,10684,4184,10876,-145,-88,115,9888,-9876,8040,-47,120,-183,-14732,4612,2756,-1020,148,-98,-14768,-2244,5812,-748,131,-101,0
1616.8917260169983,10664,4204,10816,-119,-37,110,9800,-9744,8016,-26,108,-176,-14800,4692,2620,-1034,130,-102,-15060,-2168,5632,-480,154,-154,0
1616.9252860546112,10672,4172,10788,-137,-40,91,9908,-9864,8144,18,163,-176,-14752,4824,2816,-771,106,-91,-14820,-2056,5896,-469,164,-110,0
1616.9589941501617,10580,4184,11232,-167,-16,107,9812,-9852,8048,27,148,-179,-14736,4744,3048,-1064,102,-70,-15044,-2168,6128,-469,150,-103,0
1616.9948880672455,10652,4200,10948,-123,-22,111,9824,-9888,8184,0,149,-141,-14712,4712,2792,-1053,119,-99,-14828,-2212,5916,-484,116,-104,0
1617.0303580760956,10728,4196,10928,-119,-12,76,9868,-9932,8052,-48,108,-173,-14764,4732,2924,-1005,82,-52,-14876,-2184,5940,-482,126,-139,0
1617.0655541419983,10712,4208,10904,-110,-26,77,9944,-9804,8116,-26,148,-168,-14712,4756,2784,-1000,95,-72,-14832,-2204,5924,-483,126,-175,0
1617.1009349822998,10496,4292,10760,-105,12,91,9820,-9968,8048,-49,133,-202,-14712,4656,2984,-1011,92,-78,-14784,-1948,5972,-478,136,-130,0
1617.1360399723053,10676,4160,11064,-123,-32,71,9956,-9896,8112,-254,144,-180,-14804,4772,2756,-1002,75,-80,-14752,-2136,6008,-476,119,-167,0
1617.1717920303345,10544,4248,10960,-130,-49,79,9924,-9836,8032,-14,180,-166,-14816,4616,2572,-1014,79,-83,-14700,-2208,5896,-467,157,-150,0
1617.207680940628,10716,4224,10832,-145,-64,87,9728,-9792,7936,-31,147,-196,-14664,4636,2572,-994,68,-97,-14848,-2100,6132,-452,147,-146,0
1617.2429430484772,10792,4228,10784,-96,-24,110,9964,-9960,8120,-4,143,-157,-14824,4644,2960,-1020,71,-94,-14772,-2264,5860,-510,124,-139,0
1617.279263973236,10600,4176,11056,-140,-17,72,9768,-9912,8136,253,157,-156,-14716,4756,2668,-781,67,-55,-14900,-2164,5888,-503,115,-140,0
1617.3150379657743,10660,4256,11052,-93,57,71,9932,-9908,8220,-56,147,-157,-14824,4724,2996,-1034,52,-51,-14860,-2060,5956,-499,103,-173,0
1617.3505260944369,10620,4256,10956,-102,-253,79,9844,-9884,8096,-22,177,-165,-14652,4372,2768,-1018,70,-36,-14856,-2224,5936,-479,111,-178,0
1617.3857200145721,10648,4112,10720,-113,36,62,9812,-9880,8108,-20,144,-147,-14720,4628,3036,-1045,83,-63,-14832,-2216,5920,-496,100,-161,0
1617.4217541217804,10684,4344,11256,-95,60,63,9816,-9980,8036,-6,169,-144,-14828,4684,3072,-1003,76,-34,-14972,-2208,6140,-496,110,-176,0
1617.45761013031,10720,4224,10972,-109,19,83,9836,-9860,8088,-63,170,-165,-14740,4668,2696,-1006,48,-30,-14796,-2152,5988,-480,87,-134,0
1617.4928579330444,10692,4252,11068,-134,-31,84,9832,-9904,8116,-63,138,-164,-14616,4684,2864,-771,97,-46,-14840,-2296,5920,-491,141,-151,0
1617.5282299518583,10620,4284,11132,-112,-42,99,9728,-9868,8124,-30,134,-186,-14632,4728,2836,-1014,110,-67,-14828,-2256,5884,-535,151,-128,0
1617.563287973404,10620,4272,11012,-106,-31,113,9932,-9836,8012,-27,135,-145,-14572,4632,2796,-1004,123,-78,-14808,-2224,6060,-496,143,-126,0
1617.598923921585,10692,4120,10992,-150,-44,93,9952,-9824,8108,7,113,-178,-14736,4684,2952,-1011,98,-50,-14868,-2192,6008,-491,120,-136,0
1617.6342480182648,10580,4180,11104,-156,-40,124,9876,-9928,7948,8,151,-172,-14768,4756,2928,-1017,81,-100,-14800,-2108,5956,-500,154,-112,0
1617.6700310707092,10584,4396,11056,-217,-57,115,9876,-9888,8108,-26,188,-174,-14744,4668,2740,-1008,139,-120,-14628,-2248,5848,-495,132,-88,0
1617.703714132309,10592,4244,11020,-226,-119,142,9868,-9892,8096,-53,165,-207,-14704,4748,2816,-968,134,-118,-14728,-2196,5724,-502,191,-75,0
1617.7372760772703,10420,4224,11096,-184,-183,140,9880,-9740,8164,-98,106,-243,-14792,4784,2832,-966,142,-123,-14812,-2184,6016,-502,194,-91,0
1617.7707710266113,10628,4096,11132,-195,-232,135,9804,-9852,8104,-108,118,-221,-14712,4776,2612,-928,136,-107,-14716,-2184,5964,-499,209,-136,0
1617.804214000702,10608,4172,10804,-245,-243,164,9792,-9916,8044,-66,144,-240,-14608,4772,2856,-972,112,-129,-14776,-2180,5984,-478,223,-94,0
1617.8376851081848,10508,4136,10892,-274,-5,143,9832,-9716,7988,-21,137,-223,-14760,4712,2864,-980,145,-160,-14848,-2168,5904,-458,251,-79,0
1617.8714060783386,10652,4164,10992,-284,-182,134,9908,-9856,8144,-14,151,-216,-14772,4784,2808,-956,95,-151,-14844,-2140,5992,-464,208,-57,0
1617.9047961235049,10704,4264,11096,-270,-226,168,9924,-9940,8012,-29,155,-223,-14792,4668,3068,-1006,126,-89,-14800,-2200,5868,-504,214,-84,0
1617.9382281303406,10720,4224,11168,-258,-4,154,9876,-9924,8084,0,109,-216,-14632,4640,3024,-1034,102,-136,-14848,-2188,5920,-501,201,-56,0
1617.971785068512,10660,4324,10868,-224,-232,170,9924,-9820,8128,-74,126,-231,-14652,4580,2852,-950,153,-141,-14816,-2180,5972,-496,195,-74,0
1618.0054581165314,10728,4232,10968,-250,-300,168,9904,-9848,7984,-59,121,-257,-14768,4740,2864,-976,127,-188,-14876,-2108,5908,-480,195,-84,0
1618.0387210845947,10740,4196,10628,-223,-257,157,9868,-9812,8076,-23,121,-216,-14672,4700,2788,-1003,138,-118,-15104,-2228,5940,-486,157,-85,0
1618.0723190307615,10704,4176,10844,-202,-229,163,9848,-9780,8080,-28,143,-204,-14628,4636,2684,-957,109,-67,-14616,-2284,5948,-445,128,-111,0
1618.1058559417725,10580,4268,10880,-262,-169,146,9724,-9828,8200,-37,134,-195,-14804,4656,2876,-987,118,-70,-15032,-1876,5792,-446,128,-84,0
1618.1392171382904,10572,4172,10864,-215,-155,165,9940,-9872,8052,-40,106,-219,-14748,4624,2764,-1001,107,-133,-14708,-2200,5644,-499,176,-111,0
1618.1729199886322,10720,4156,10744,-154,-143,150,9916,-9872,7936,-53,14,-228,-14804,4712,2880,-1030,166,-136,-14812,-2116,5736,-768,176,-70,0
1618.2067360877993,10788,4104,10708,-120,-119,158,9896,-9820,8180,-19,80,-192,-14776,4628,2780,-1043,163,-72,-14848,-2164,5884,-507,152,-133,0
1618.240114927292,10664,4168,11056,-118,-93,149,9932,-9800,8068,-17,103,-161,-14740,4660,2704,-1040,105,-65,-14784,-2128,5912,-500,161,-101,0
1618.2736730575562,10808,4116,10760,-166,-253,111,9924,-9848,8116,10,137,-155,-14728,4736,2720,-1055,105,-65,-14836,-2148,5752,-467,144,-125,0
1618.3073689937592,10840,4088,10780,-124,50,100,9748,-9832,7996,19,178,-159,-14672,4648,2876,-1033,107,-63,-14860,-2288,5764,-762,116,-146,0
1618.3407230377195,10740,4220,11180,-131,42,91,9972,-9868,8096,-5,130,-160,-14768,4620,2792,-1055,95,-79,-14816,-2248,5976,-489,100,-128,0
1618.3742499351501,10688,4116,10948,-80,0,93,9896,-9848,8096,-42,158,-181,-14648,4592,2776,-770,106,-51,-14812,-2084,5688,-475,136,-160,0
1618.4076290130615,10784,4164,10920,-104,-245,92,9812,-9872,8156,-24,177,-179,-14712,4724,2844,-1279,103,-30,-14676,-2196,5716,-499,127,-155,0
1618.440957069397,10748,4124,11016,-95,-40,68,9980,-9908,8016,-16,166,-163,-14672,4384,2944,-1039,93,-89,-15084,-2484,5636,-504,122,-145,0
1618.4743571281433,10816,4176,10996,-101,36,83,10200,-9896,8052,-33,155,-153,-14704,4724,2732,-1035,63,-74,-14828,-2156,6024,-473,102,-149,0
1618.507926940918,10728,4196,10808,-138,58,58,9872,-9904,8084,-37,171,-157,-14672,4620,2772,-979,88,-83,-14600,-2132,5852,-465,112,-180,0
1618.5411579608915,10760,4228,10840,-138,57,56,9824,-9788,8192,-41,155,-123,-14696,4420,3064,-996,80,-32,-14844,-2148,5932,-475,106,-177,0
1618.574579000473,10720,4252,10876,-116,18,41,9780,-9900,7944,-24,190,-150,-14752,4648,2888,-1000,39,-80,-14744,-2168,5784,-496,117,-182,0
1618.6081309318545,10692,4280,10960,-109,10,57,9860,-9768,8160,-24,160,-181,-14744,4640,2800,-1005,70,-66,-14888,-2264,6000,-451,82,-182,0
1618.6416010856628,10668,4156,10896,-90,28,97,9868,-9940,8028,-61,169,-174,-14788,4708,2920,-1016,67,-37,-14852,-2152,5848,-482,102,-160,0
1618.6776010990143,10636,4164,10996,-149,29,27,9776,-9836,8016,-27,192,-146,-14692,4732,2924,-1013,64,-87,-14840,-2116,5852,-498,100,-177,0
1618.713210105896,10616,4208,10896,-110,49,68,9848,-9864,8196,-1,140,-143,-14728,4664,2812,-998,43,-47,-14768,-2224,5884,-493,129,-147,0
1618.7491841316223,10644,4264,11044,-85,40,83,9904,-9920,8128,1,166,-141,-14696,4768,2744,-1015,66,-86,-14852,-2180,5696,-484,115,-155,0
1618.7842209339142,10664,4244,11012,-133,32,88,9932,-9780,8412,-27,151,-168,-14724,4680,2916,-994,45,-79,-14796,-2176,6000,-479,131,-176,0
1618.82017493248,10544,4224,10936,-118,26,69,9948,-9912,8420,-22,188,-178,-14732,4652,2836,-1055,75,-69,-14808,-2168,6052,-505,152,-153,0
1618.8554880619047,10556,4168,11056,-98,-54,71,9856,-9896,8112,5,120,-172,-14648,4748,2832,-997,78,-111,-14772,-2116,5852,-528,164,-143,0
1618.8913040161133,10640,4224,10980,-107,-44,130,9868,-9772,8096,-7,67,-181,-14820,4680,2736,-1084,113,-20,-14896,-2200,5908,-519,133,-108,0
1618.9276180267334,10592,4304,11232,-109,-22,106,9736,-9916,7992,8,158,-146,-14744,4700,2924,-1030,109,-36,-14844,-2212,6116,-502,102,-119,0
1618.9626851081848,10552,4208,11140,-138,58,122,9752,-9768,8032,-7,98,-132,-14684,4644,2920,-1038,100,246,-14792,-2236,6020,-501,130,-97,0
1618.9979691505432,10572,4284,11020,-139,-27,119,9776,-9876,8172,-21,141,-159,-14760,4600,3000,-1013,83,-63,-14760,-2052,5992,-485,162,-103,0
1619.0336999893188,10548,4292,10952,-167,-47,116,9912,-9840,8144,-40,165,-175,-14672,4668,2980,-999,131,-101,-14792,-2260,5928,-475,165,-119,0
1619.0693190097809,10556,4288,10772,-141,-73,96,9948,-9912,8056,-69,128,-210,-14772,4820,2852,-1002,72,-121,-14932,-2464,5868,-468,129,-159,0
1619.1041181087494,10644,4224,10948,-173,-59,84,9928,-9928,8340,15,152,-185,-14716,4412,3232,-989,105,-102,-14672,-2220,5924,-468,173,-120,0
1619.1398029327393,10504,4124,10968,-129,-82,87,9768,-9916,8088,-30,123,-217,-14696,4648,2776,-1012,81,-74,-14776,-2200,5972,-475,176,-128,0
1619.1755359172819,10556,4268,11036,-116,-88,110,9944,-9944,8056,-31,159,-159,-14768,4820,2792,-988,69,-92,-14872,-2240,5940,-517,117,-168,0
1619.2114870548248,10524,4312,10988,-131,-67,121,9800,-9848,8068,-54,158,-100,-14732,4696,2800,-1009,86,251,-14780,-2152,5776,-521,74,-174,0
1619.2477481365204,10628,4228,11152,-113,12,121,9844,-9888,8044,-33,125,-100,-14648,4700,2844,-1048,78,-20,-14712,-2104,5948,-535,102,-104,0
1619.2829971313477,10568,4224,10836,-137,3,158,9844,-9872,8028,-40,133,-124,-14708,4764,2732,-1048,97,-42,-14796,-2220,5928,-497,107,-83,0
1619.3202059268951,10592,4216,11196,-173,-40,128,9828,-9880,8044,-40,132,-154,-14724,4700,3036,-1016,111,-61,-14784,-2232,5896,-487,147,-148,0
1619.3536880016327,10604,4312,11260,-158,-98,94,9876,-9908,8136,-27,139,-171,-14740,4700,2644,-1006,110,-66,-14724,-2252,6060,-487,180,-114,0
1619.3872320652008,10712,4284,10960,-153,-94,77,9908,-9844,8080,-19,189,-210,-14664,4700,2916,-1000,89,-118,-14620,-2256,5684,-481,155,-130,0
1619.4208209514618,10688,4252,10944,-206,-86,82,9884,-9932,8112,35,195,-174,-14680,4600,2908,-993,28,-162,-14776,-2492,5916,-489,201,-91,0
1619.4546530246735,10520,4256,11032,-202,-134,94,9896,-9908,8036,-4,198,-208,-14672,4696,3004,-999,75,-156,-14732,-2212,5948,-476,180,-115,0
1619.4881939888,10580,4236,11064,-170,-150,124,9756,-9824,8096,-40,128,-197,-14732,4708,2904,-976,113,-114,-14784,-2276,6092,-491,173,-104,0
1619.5217809677124,10480,4208,11132,-192,-181,149,9788,-9836,8104,-63,139,-196,-14648,4716,2624,-950,123,-81,-14988,-2224,5888,-492,171,-97,0
1619.555377960205,10560,4228,10916,-227,-216,147,9788,-9856,8200,-59,178,-208,-14704,4764,2848,-986,157,-111,-14760,-2076,5836,-493,195,-35,0
1619.5886559486387,10564,4244,10940,-218,-205,172,9852,-9860,8016,-37,101,-198,-14636,4672,2852,-1002,119,-129,-14768,-2212,5632,-487,182,-86,0
1619.6222140789032,10696,4276,10896,-179,-211,176,9868,-9968,8120,-17,142,-233,-14804,4628,2852,-994,128,-160,-14696,-2216,5836,-481,206,-89,0
1619.6557710170746,10668,4384,10928,-185,-216,150,9864,-9824,8136,-25,139,-234,-14696,4616,2932,-986,138,-113,-14788,-2184,5952,-474,203,-76,0
1619.6892659664154,10632,4228,10796,-204,-208,133,9852,-9828,8108,-35,132,-214,-14676,4700,2932,-1278,134,-138,-14828,-2200,5968,-499,186,-97,0
1619.7226679325104,10664,4304,10912,-192,-184,127,9808,-9860,8124,-29,113,-229,-14744,4672,2940,-987,112,-138,-14796,-2056,5844,-500,178,-81,0
1619.756012916565,10680,4248,10980,-205,-208,154,9944,-9920,8020,-49,104,-223,-14668,4684,2808,-1014,133,-111,-14844,-2088,5964,-482,172,-96,0
1619.789771080017,10504,4276,10812,-216,-179,145,9808,-9860,8172,-35,138,-177,-14632,4692,2948,-1014,107,-88,-14672,-2248,5892,-481,146,-94,0
1619.8235039711,10660,4212,10772,-223,-181,133,9840,-9808,8096,-46,135,-201,-14680,4660,2820,-973,112,-75,-14716,-2136,5948,-467,158,-112,0
1619.8569619655607,10600,4280,11012,-225,-173,141,9748,-9884,8100,-50,141,-207,-14676,4708,2884,-1013,122,-109,-14820,-2220,6028,-474,169,-80,0
1619.8901391029358,10508,4188,10884,-194,-174,122,9840,-9848,8180,-33,135,-240,-14756,4844,2636,-978,114,-119,-14816,-2192,5932,-468,188,-114,0
1619.9238131046295,10676,4220,10864,-225,-171,136,9688,-9800,8128,-69,141,-238,-14696,4664,2548,-951,145,-137,-14828,-2252,5860,-451,143,-78,0
1619.957134962082,10664,4164,10804,-145,-122,97,9876,-9884,7976,-92,93,-196,-14756,4680,2940,-998,112,-75,-14880,-2104,5880,-491,158,-158,0
1619.990842103958,10684,4140,10920,-178,-116,134,9792,-9844,8072,11,136,-158,-14752,4708,2972,-1031,105,-49,-15048,-2248,5924,-504,138,-98,0
1620.024342060089,10700,4248,10908,-121,-12,96,9840,-9724,8036,-67,141,-168,-14708,4816,2956,-1015,104,-38,-14808,-2204,5972,-490,96,-127,0
1620.0580201148987,10812,4144,11032,-155,-42,75,9940,-9844,7992,-38,161,-179,-14664,4420,2676,-1015,149,-106,-14800,-2204,5924,-454,142,-125,0
1620.0913410186768,11000,4156,10796,-157,9,92,9944,-9984,8188,255,145,-168,-14744,4648,2916,-1025,72,-57,-14788,-2208,5912,-442,121,-155,0
1620.124913930893,10516,4240,10832,-151,243,51,9876,-9800,8104,5,205,-125,-14676,4524,2788,-1061,254,-13,-14628,-2084,6028,-468,118,-180,0
1620.1581270694733,10660,4244,10760,-154,3,73,9752,-9828,8204,-59,183,-134,-14600,4600,2768,-938,67,-68,-14712,-2132,6108,-522,137,-104,0
1620.2068960666656,10668,4196,11008,-84,-64,90,9772,-9884,8120,-32,92,-174,-14636,4772,2568,-1022,118,-80,-14840,-2124,5912,-528,200,-75,0
1620.252144098282,10720,4188,10780,-95,20,139,9824,-9860,7996,0,96,-135,-14732,4784,2740,-1034,106,-45,-14828,-2152,6076,-490,151,-80,0
1620.2870650291443,10704,4216,11076,-127,8,124,9868,-9856,7936,-25,102,-160,-14708,4728,2812,-1000,133,-14,-14736,-2172,5728,-544,136,-107,0
1620.3205020427704,10700,4308,10792,-93,-7,136,9916,-9776,8128,13,45,-112,-14700,4700,2804,-1100,129,-58,-14612,-2080,5980,-550,146,-68,0
1620.3572731018069,10660,4148,10972,-75,253,164,10100,-9816,8000,32,111,-117,-14856,4580,2708,-1074,133,-51,-14836,-2192,5964,-263,138,-73,0
1620.3923540115356,10704,4212,10856,-97,12,150,9864,-9880,8088,17,113,-137,-14744,4568,2808,-773,147,-60,-14840,-2200,5892,-494,91,-131,0
1620.427978038788,10696,4532,10852,-147,9,83,9920,-9816,8132,-6,195,-150,-14796,4632,2972,-1039,39,-65,-14776,-2308,5948,-490,102,-201,0
1620.463485956192,10540,4228,11076,-126,14,23,9916,-9924,8176,-47,240,-165,-14784,4704,3048,-1013,-11,-96,-14796,-2204,5640,-528,143,-261,0
1620.4982430934906,10680,4380,11008,-105,-8,-12,9832,-9844,8116,5,241,-174,-14732,4700,2896,-996,-29,-79,-14832,-2304,5892,-498,73,-230,0
1620.5339260101318,10728,4348,10820,-77,52,29,9764,-9904,8028,4,202,-115,-14676,4744,2788,-974,-19,-44,-15060,-2212,5964,-267,96,-192,0
1620.5692610740662,10636,4164,11040,-108,16,80,9772,-9940,8052,-11,119,-128,-14564,4668,2836,-1012,91,-104,-14788,-2072,5972,-503,121,-134,0
1620.6046309471133,10580,4256,10760,-48,-49,136,9800,-9896,8160,-26,85,-139,-14684,4880,3128,-1079,142,-43,-14832,-2292,5940,-569,97,-104,0
1620.6403110027313,10512,4136,11144,-59,243,196,9700,-9932,8116,-252,34,-94,-14776,4904,2756,-1099,134,248,-14832,-2128,5896,-623,107,-55,0
1620.6755781173706,10604,4132,11116,-66,-9,195,9780,-9892,8020,-9,69,-56,-14648,4640,3064,-1108,156,33,-14744,-2276,5912,-597,55,-105,0
1620.711313009262,10596,4296,10604,-76,254,157,9840,-9912,8180,-62,94,-79,-14712,4676,3056,-1079,132,-32,-14832,-2404,5936,-576,67,-158,0
1620.74751496315,10712,4328,11196,-127,3,123,9748,-9908,8076,-16,153,-89,-14644,4620,2992,-1052,120,-20,-14856,-2228,5860,-566,78,-146,0
1620.7823610305786,10568,4272,11100,-79,10,123,9724,-9888,8152,3,133,-90,-14712,4648,2992,-1060,78,-38,-14840,-2296,5964,-560,109,-165,0
1620.8180561065674,10644,4264,11028,-91,3,105,9832,-9916,8088,-22,180,-57,-14796,4644,2920,-779,42,-19,-14784,-2228,5956,-559,66,-161,0
1620.8533120155334,10592,4216,10928,-98,-27,68,9756,-9956,8092,10,204,-107,-14716,4740,2752,-995,23,-63,-14688,-2280,5988,-549,86,-205,0
1620.8887600898745,10524,4240,11100,-57,-250,47,9772,-9860,8064,7,191,-112,-14600,4804,2864,-1039,15,-115,-14688,-2204,6000,-594,133,-191,0
1620.925502061844,10548,4208,10988,-76,27,79,9716,-9868,8196,-19,129,-138,-14368,4696,2820,-769,12,-55,-14768,-2280,6012,-575,137,-156,0
1620.961077928543,10536,4240,11116,-75,-54,115,9792,-9952,8100,-21,124,-161,-14748,4760,2660,-1008,117,-112,-14780,-2360,6052,-546,146,-90,0
1620.9962351322174,10724,4400,10832,-112,-86,119,9800,-9888,8092,-20,107,-163,-14716,4724,2560,-1045,118,-110,-14780,-2280,5980,-552,167,-133,0
1621.0321390628815,10556,4112,10784,-108,-44,134,9708,-9904,8240,8,103,-147,-14768,4724,2908,-1049,152,-55,-14756,-2388,5748,-529,127,-109,0
1621.0656111240387,10632,4600,10796,-109,-16,151,9780,-9968,8020,-39,84,-155,-14704,4692,2940,-983,112,-78,-14820,-2416,6096,-506,150,-112,0
1621.0991230010986,10676,4368,10824,-120,-40,79,9752,-9896,8096,-55,162,-164,-14692,4624,2976,-982,63,-74,-14780,-2296,5928,-486,151,-128,0
1621.1351289749146,10532,4328,11012,-146,-67,63,9804,-9908,8268,-53,203,-211,-14844,4680,2840,-948,40,-64,-14732,-2332,5840,-480,147,-163,0
1621.1692430973053,10604,4264,11100,-168,-46,38,9732,-9936,8080,-32,172,-210,-14696,4672,2968,-966,43,-113,-14848,-2196,5764,-463,143,-136,0
1621.20281791687,10332,4236,11008,-182,-63,72,9832,-9924,7952,-42,192,-199,-14616,4712,2880,-899,19,-149,-14688,-2276,5856,-446,199,-103,0
1621.2361550331116,10512,4372,11124,-224,-175,104,9956,-9916,8148,-72,186,-255,-14568,4700,2768,-966,119,-168,-14720,-2264,5896,-468,191,-73,0
1621.2699890136719,10624,4304,10964,-145,-215,131,9944,-9744,7956,-121,121,-245,-14748,4688,3040,-916,53,-125,-14828,-2184,6124,-450,246,-135,0
1621.3036589622498,10584,4244,10876,-201,-247,146,9652,-9976,7952,-68,116,-272,-14644,4836,2896,-929,255,-104,-14796,-2332,6012,-565,261,-110,0
1621.3373169898987,10604,4232,11120,-158,-255,128,9748,-9916,8012,-119,174,-205,-14580,4776,2836,-833,-19,-119,-14812,-2340,6028,-524,231,-101,0
1621.3709409236908,10596,4328,10856,-151,-242,133,9768,-9896,8104,-160,157,-221,-14756,4796,2672,-837,-3,-124,-14792,-2264,6060,-263,217,-92,0
1621.4042530059814,10620,4120,10772,-174,-277,127,9844,-9848,8096,-97,172,-229,-14712,4756,3056,-905,40,-131,-14644,-2180,5972,-482,270,-108,0
1621.4376349449158,10708,4268,10816,-112,-250,131,9804,-9940,8028,-69,121,-4,-14608,4708,2968,-944,2,-148,-14844,-2308,5940,-552,259,-123,0
1621.4714050292969,10532,4272,10904,-105,-207,114,9700,-9864,7996,-105,138,-237,-14724,4680,2768,-903,-256,-87,-14776,-2240,5832,-534,189,-116,0
1621.5049319267273,10612,4312,11032,-168,-255,146,9736,-9932,8068,-105,167,-226,-14512,4684,2720,-917,35,-147,-14724,-2296,5820,-586,213,-100,0
1621.5385010242462,10700,4256,10932,-121,-256,162,9908,-10012,8128,-124,125,-247,-14576,4792,2960,-956,61,-158,-14768,-2216,6116,-572,226,-107,0
1621.5721349716189,10660,4300,10976,-142,-298,154,9864,-9932,8028,-12,136,-508,-14744,4784,2900,-1048,52,-178,-14828,-2280,5864,-541,244,-98,0
1621.6052341461182,10656,4260,10852,-128,-208,128,9896,-9976,8064,-42,118,-222,-14808,4764,3056,-992,30,-110,-14920,-2336,5960,-529,143,-135,0
1621.6386771202087,10620,4272,10980,-138,-169,104,9472,-9880,8144,-31,191,-175,-14732,4664,3064,-1006,3,-106,-15096,-2476,5832,-529,185,-128,0
1621.6721920967102,10572,4348,10832,-88,-112,95,9512,-9960,8192,-46,204,-193,-14664,4648,2852,-1052,-5,-99,-14924,-2176,6012,-614,132,-169,0
1621.7057149410248,10636,4340,11136,-43,-135,83,9592,-9840,8216,-21,204,-189,-14540,4756,2580,-1025,31,-86,-14780,-2340,5840,-599,119,-131,0
1621.739233970642,10640,4364,10908,-60,-108,108,9884,-9828,7980,-80,123,-162,-14532,4696,2952,-1016,60,-83,-14788,-2244,5852,-550,94,-113,0
1621.7729060649872,10668,4272,10912,-69,-57,136,9652,-9872,8032,-80,112,-125,-14788,4684,2908,-772,78,-40,-14900,-2264,5936,-534,102,-101,0
1621.8065190315249,10592,4264,10868,-60,-33,137,9868,-9852,7948,-72,131,-173,-14644,4732,2912,-1057,115,-43,-14772,-2256,5800,-530,111,-118,0
1621.8401250839233,10704,4240,11000,-90,245,109,9896,-9924,8024,-20,148,-142,-14716,4736,2864,-1053,106,-62,-14784,-2060,6096,-528,105,-141,0
1621.8736779689789,10684,4264,10756,-94,65,119,9856,-9900,8016,10,114,-112,-14672,4780,2856,-1101,127,-100,-14916,-2284,5924,-766,138,-116,0
1621.9069550037384,10768,4336,10832,-133,-4,96,9812,-9904,8056,3,174,-129,-14756,4648,2964,-1056,131,-61,-15096,-2232,5884,-470,124,-117,0
1621.9405019283295,10716,4392,10880,-91,47,107,9868,-9996,8192,-11,168,-125,-14772,4688,2640,-1038,107,14,-15104,-2172,5896,-520,96,-151,0
1621.9742619991305,10600,4292,11240,-106,66,75,9808,-9940,8020,3,148,-124,-14672,4720,2916,-1067,81,-44,-14788,-2348,5808,-767,92,-173,0
1622.0076670646667,10532,4104,10896,-124,57,108,9764,-9948,8068,52,184,-105,-14732,4684,3060,-1053,69,-52,-15064,-2380,6120,-442,37,-116,0
1622.0444650650024,10544,4340,11136,-125,57,85,9724,-9916,8240,40,172,-140,-14660,4788,3272,-1042,95,-67,-14816,-2284,6020,-491,105,-145,0
1622.0801680088043,10676,4484,10920,-132,41,56,9692,-10204,8444,30,133,-156,-14600,4684,2908,-1056,155,-75,-14644,-2052,6124,-454,79,-83,0
1622.114758014679,10528,4364,11044,-87,91,89,9656,-9984,7800,13,87,-125,-14620,4844,2956,-1048,119,7,-14800,-2256,5916,-259,48,-95,0
1622.1505351066587,10724,4592,10856,-117,87,134,9972,-10152,8340,35,149,-90,-14796,4792,2960,-1044,97,-23,-14800,-2288,6064,-526,43,-101,0
1622.185956954956,10616,4220,10928,-170,34,123,9836,-9952,7960,-16,140,-123,-14768,4680,2968,-997,126,-34,-14640,-2484,5924,-505,66,-138,0
1622.2213621139526,10700,4356,11044,-133,-5,63,9756,-9824,7984,-21,160,-167,-14824,4724,3084,-990,127,-68,-14780,-2364,5908,-471,111,-97,0
1622.2575359344485,10500,4356,10880,-155,4,75,9980,-9948,8148,-7,157,-131,-14420,4780,3024,-1080,163,-38,-14752,-2372,5964,-494,79,-125,0
1622.2923040390015,10728,4572,10992,-113,10,60,9804,-9944,8136,-31,162,-123,-14712,4648,3268,-788,97,-32,-14844,-2448,5724,-455,94,-147,0
1622.3286180496216,10556,4376,11052,-150,-21,55,9820,-9956,8212,-17,233,-178,-14628,4732,3076,-1014,93,-91,-14604,-2448,5892,-490,138,-168,0
1622.3637499809263,10632,4464,10972,-167,5,80,9640,-9804,8096,-17,89,-155,-14608,4684,2956,-1063,103,-27,-14776,-2172,5944,-552,98,-67,0
1622.3987519741058,10624,4392,11040,-118,-21,157,9700,-9948,7944,-48,-4,-123,-14376,4872,2756,-1199,212,245,-14820,-2248,6008,-557,107,11,0
1622.4340679645538,10260,4260,11028,-75,-19,206,9940,-10236,8048,16,-8,-104,-14724,4944,2928,-1165,236,-233,-14872,-2228,6004,-566,101,-9,0
1622.469733953476,10660,4336,10976,-45,58,199,9760,-10056,8028,-31,35,-68,-14776,4996,3016,-1093,196,75,-14956,-2072,6120,-551,-5,-40,0
1622.5053589344025,10320,4268,11080,-135,111,244,9620,-10028,8112,13,129,56,-14660,4988,2928,-1134,74,137,-14816,-2488,6024,-558,11,-86,0
1622.5407450199127,10448,4336,11036,-217,133,204,9704,-9840,7768,-26,208,23,-14636,4660,2820,-1048,82,57,-14696,-2400,6092,-476,19,-110,0
1622.57559299469,10480,4360,11060,-202,31,80,9524,-9820,8176,251,283,-152,-14680,4644,3128,-1038,8,-59,-14652,-2460,6136,-492,161,-187,0
1622.6115181446075,10504,4424,10944,-198,-29,34,9716,-9828,8280,-63,209,-195,-14556,4652,2984,-1013,33,-41,-14768,-2340,5856,-264,98,-179,0
1622.6461310386658,10588,4520,10976,-209,16,60,9748,-9836,8364,-108,180,-165,-14548,4724,3120,-1014,45,92,-14844,-2288,6132,-500,91,-75,3
1622.6838319301603,10440,4392,10972,-199,26,139,9700,-9972,8024,-57,197,-107,-14540,4664,3044,-1057,120,-36,-14688,-2136,5924,-403,115,-142,3
1622.717383146286,10448,4100,11236,-220,10,84,9648,-9732,8096,23,190,-192,-14512,4800,3072,-975,133,-119,-14700,-2304,5976,-387,201,-95,3
1622.7508881092072,10432,4564,11152,-211,-16,121,9616,-9936,7892,-58,64,-220,-14568,4868,2576,-993,213,-99,-14664,-2156,5972,-436,224,14,3
1622.784420967102,10656,4408,11028,-222,-151,218,9612,-9832,8076,-71,-51,-2,-14384,4736,2900,-927,285,-72,-14736,-2380,6012,-354,260,47,3
1622.81800198555,10452,4288,10824,-273,-159,196,9720,-9988,8124,-113,23,-241,-14656,5076,3308,-999,5,-126,-14844,-2316,5872,-404,320,25,3
1622.8513519763949,10684,4296,11020,-325,-131,204,9868,-10052,8420,-30,84,-199,-14784,4836,3032,-1015,189,-82,-14896,-2224,6064,-445,248,-37,3
1622.8847100734713,10608,4124,10948,-288,-56,208,9712,-9996,7968,-8,41,-129,-14624,4636,3032,-1030,129,19,-14804,-2200,6108,-764,158,-56,3
1622.9179320335388,10456,4348,11124,-287,2,180,9640,-10036,8152,-61,60,-132,-14592,4668,2936,-915,167,-10,-14692,-2284,6080,-435,108,-20,3
1622.951506137848,10396,4224,11252,-205,-50,169,9744,-10168,8140,-82,15,-8,-14672,4768,2940,-913,181,-504,-14580,-2224,5800,-403,301,-56,0
1622.9847841262817,10308,4248,11064,-118,-393,138,9648,-9924,7964,-88,9,-521,-14444,4492,2884,-819,289,-485,-14524,-2296,5744,-310,497,-86,0
1623.01842212677,10368,4188,10804,-277,-592,14,9860,-9760,8052,-116,89,-765,-14400,4388,2904,-722,277,-565,-14600,-2456,5752,-107,641,-97,0
1623.0516650676727,10452,4380,11068,-422,-651,-130,9936,-9848,8040,-118,234,-852,-14824,4396,3008,-740,156,-651,-14948,-2456,5632,-91,797,-160,0
1623.0852241516113,10860,4496,10864,-489,-648,-240,10144,-9788,8360,-50,349,-805,-15092,4732,2996,-885,-61,-528,-15352,-2140,5840,-190,681,-252,0
1623.1187880039215,11072,4472,11056,-372,-386,-183,9948,-9964,8328,58,313,-437,-14928,5300,2820,-1067,-142,-157,-15608,-1828,6108,-506,235,-236,0
1623.152027130127,11012,4324,10968,-165,-54,61,9788,-10256,8144,22,-42,-130,-14676,5168,2692,-942,28,148,-14968,-1852,6240,-698,-151,-68,0
1623.185569047928,10516,4084,11024,52,112,330,9612,-10112,7952,23,-201,59,-14416,4840,2864,-890,322,134,-14480,-2036,6160,-554,-170,34,0
1623.2192001342773,10072,4004,11084,2,50,363,9524,-10016,7920,33,28,-30,-14396,4516,3008,-968,249,-169,-14380,-2344,5840,-388,158,15,0
1623.252366065979,10192,4288,11024,-260,-276,200,9780,-9808,8144,-23,340,-287,-14556,4440,2996,-769,167,-304,-14836,-2372,5740,-418,397,-55,0
1623.2859580516815,10804,4468,10836,-374,-394,106,9976,-9812,8168,-97,227,-347,-14864,4376,2948,-1014,39,-234,-14860,-2220,5720,-543,370,-138,0
1623.3196759223938,10908,4120,11028,-267,-375,103,9964,-9816,8392,251,249,-288,-14884,4692,2936,-1076,113,-143,-14912,-2108,5712,-558,500,-161,0
1623.3528261184692,10792,4368,10808,-104,-234,163,9848,-9800,8008,-26,-10,-235,-14688,4608,2900,-1054,143,-71,-14924,-2060,5916,-479,144,-71,0
1623.386172056198,10684,4204,10920,-87,-53,195,9880,-9912,8036,-15,40,-149,-14604,4684,2992,-978,166,-59,-14800,-2196,5952,-408,90,-69,0
1623.4197959899902,10548,4112,11196,-166,-97,162,9648,-9780,8076,30,115,-198,-14352,4388,2928,-1006,144,-154,-14616,-2388,5780,-358,190,-143,0
1623.4534330368042,10688,4236,10788,-201,-125,64,9780,-9816,7988,-46,249,-278,-14680,4608,2924,-1014,-244,-168,-14808,-2212,5704,-481,233,-224,0
1623.4870579242706,10780,4276,10816,-187,-159,25,9884,-9936,7968,45,233,-242,-14748,4616,2932,-1083,-38,-99,-14904,-2292,5840,-564,208,-227,0
1623.5204710960388,10908,4308,10872,-90,-32,59,9912,-9740,8228,4,121,-161,-14788,4708,2812,-1106,18,-30,-14948,-2228,5960,-572,77,-176,0
1623.5537810325625,10684,4348,10812,-60,69,107,9876,-9920,8384,-4,132,-31,-15024,4844,2708,-1088,39,17,-14636,-2148,6048,-568,-27,-172,0
1623.587392091751,10676,4244,10924,-52,122,152,9788,-9836,8068,16,86,-42,-14612,4568,2972,-1037,147,232,-14964,-2284,5716,-462,38,-106,0
1623.6208040714264,10572,4328,10956,-73,46,158,9784,-9892,8160,-52,115,-78,-14704,4632,2960,-1072,101,-18,-14796,-2220,5696,-258,109,-122,0
1623.6539161205292,10688,4268,10880,-140,-19,152,9752,-9852,8080,-36,127,-111,-14632,4852,2884,-1053,111,-41,-14772,-2240,6032,-478,150,-126,0
1623.687660932541,10604,4396,10892,-157,-34,107,9884,-9836,8412,-24,155,-209,-14780,4644,2940,-1046,80,-112,-14752,-2428,6048,-453,164,-143,0
1623.723886013031,10676,4344,10892,-153,-43,70,9768,-9868,8356,-32,168,-164,-14720,4800,3068,-1094,-34,57,-14976,-2284,6064,-584,55,-148,0
1623.759635925293,10596,4260,10784,-129,63,85,9724,-9828,8024,-74,136,-103,-14844,4704,2872,-829,64,32,-14684,-2228,5848,-500,-60,-145,0
1623.7948660850525,10484,4368,10992,-107,51,150,9692,-9880,8116,-90,83,-138,-14544,4660,2876,-971,87,-37,-14696,-2228,5744,-257,142,-43,0
1623.8307540416718,10544,4284,10752,-132,-56,169,9888,-9756,8052,-108,28,-183,-14528,4712,2452,-994,200,-72,-14608,-2200,5848,-420,163,22,0
1623.8656039237976,10508,4128,10976,-229,-110,168,9856,-9776,7936,-167,-6,-277,-14620,4708,2792,-939,285,-61,-14684,-2092,5696,-409,270,48,0
1623.9013321399689,10632,4168,10788,-318,-171,217,9912,-9796,8016,-91,-244,-243,-14828,4748,2864,-1048,215,-38,-14912,-2144,5824,-412,245,27,0
1623.9376599788666,10792,4132,10884,-269,-69,161,10196,-9972,8144,-17,75,-195,-14828,4812,2892,-1006,154,-48,-14876,-2144,5928,-461,172,-61,0
1623.9729580879211,10728,4184,10972,-226,-32,150,9840,-10048,7984,-14,131,-196,-14664,4748,3008,-993,87,-46,-14860,-2160,5736,-483,146,-104,0
1624.0087671279907,10692,4308,10908,-199,-14,93,9828,-9820,8052,-36,124,-150,-14632,4772,2956,-960,33,-27,-15088,-2512,6032,-489,68,-137,0
1624.0443930625916,10680,4568,11016,-197,8,79,9928,-9956,8096,-73,161,-109,-14768,5076,3152,-987,9,21,-14900,-2232,5980,-567,26,-100,0
1624.0803780555723,10616,4268,11160,-248,14,99,9732,-9872,8340,-40,153,-85,-14644,4724,3040,-1020,61,64,-14704,-2196,5872,-545,26,-112,0
1624.11576294899,10560,4244,10912,-107,48,152,9832,-9980,8132,-44,93,-100,-14692,4776,2916,-972,102,-17,-14840,-2204,6108,-542,54,-114,0
1624.1512820720673,10668,4192,11048,-101,-69,144,9788,-9932,8008,-24,49,-154,-14524,4820,2608,-1017,151,-28,-14796,-2116,5636,-534,129,-96,0
1624.1862411499023,10620,4172,10984,-117,-29,163,9916,-9824,8240,-32,-15,-104,-14632,4720,3040,-1063,109,-43,-14816,-2136,5836,-577,160,-109,0
1624.2222440242767,10696,4284,11224,-106,-41,150,9924,-9904,8076,-43,79,-140,-14716,4636,2884,-1044,146,-58,-14784,-2216,5932,-581,135,-98,0
1624.2581601142883,10744,4308,11096,-95,-64,127,9944,-10232,8100,-19,123,-170,-14604,4860,2936,-1049,99,-37,-14972,-2232,5956,-428,123,-118,0
1624.2938809394836,10628,4308,11048,-126,-49,91,9884,-9912,8024,-47,183,-128,-14744,4780,2924,-1010,66,-75,-14864,-2144,5844,-468,82,-123,0
1624.3294279575348,10560,4304,11244,-240,-40,100,9760,-9852,8048,-11,210,-140,-14692,4724,2752,-985,71,-29,-14792,-2168,6036,-445,92,-115,0
1624.3667211532593,10528,4300,11028,-232,-124,133,9728,-9904,8080,-8,149,-194,-14724,4776,3092,-784,97,-99,-14892,-2092,5808,-505,134,-113,0
1624.4000129699707,10524,4224,11096,-173,-247,148,9732,-10016,8004,-37,101,-239,-14644,4932,3060,-982,114,-146,-14780,-2104,6112,-557,144,-91,0
1624.433515071869,10548,4160,11000,-189,-292,194,9752,-9752,7696,-87,91,-245,-14636,4824,2944,-950,122,-134,-14764,-2236,5980,-565,183,-76,0
1624.4670510292053,10568,4120,11156,-210,-361,160,9832,-9848,8032,-18,138,-8,-14724,4732,2908,-997,136,-159,-15068,-2268,5948,-525,183,-103,0
1624.5005559921265,10564,4168,11096,-275,-293,169,9716,-9852,8128,-255,190,-237,-14644,4688,3012,-1010,122,-149,-14864,-2248,6136,-490,237,-69,0
1624.5338959693909,10568,4340,10896,-281,-282,180,9796,-9896,8120,-22,157,-234,-14660,4804,3008,-950,149,-129,-14884,-2204,5776,-506,189,-47,0
1624.5675010681152,10704,4248,10964,-233,-213,192,9808,-9876,7964,-68,123,-173,-14644,4684,2656,-971,144,-101,-15104,-2092,5796,-534,131,-94,0
1624.6010990142822,10744,4152,10888,-134,-110,171,9884,-9776,8148,-48,77,-176,-14708,4592,2712,-1022,128,-54,-14632,-2164,5752,-533,123,-91,0
1624.6342639923096,10564,4216,10872,-109,-106,130,9844,-9792,8028,-41,111,-166,-14776,4700,3016,-1040,81,-40,-14768,-2280,5760,-553,157,-150,0
1624.6674029827118,10928,4248,10892,-150,-75,108,9892,-9704,8008,-23,167,-134,-14660,4852,2860,-1001,36,-94,-14828,-2248,5708,-261,114,-139,0
1624.7009789943695,10564,4532,10940,-126,-15,34,9736,-9776,8000,1,255,-143,-14700,4444,2920,-1004,30,-87,-14764,-2088,5712,-497,137,-179,0
1624.7342219352722,10520,4188,10788,-210,38,49,9836,-9796,8092,10,193,-169,-14680,4668,3020,-1265,6,-86,-14848,-2168,5872,-450,197,-124,0
1624.7676739692688,10500,4264,10836,-237,-9,94,9664,-9780,8196,11,129,-156,-14600,4724,3048,-1033,141,-62,-14728,-2344,6012,-384,168,15,0
1624.8012239933014,10524,4204,11016,-166,-43,161,9824,-9896,8100,-101,73,-156,-14352,4856,3016,-977,166,-63,-14796,-2544,5920,-413,162,-38,0
1624.8347780704498,10748,4160,11180,-190,-98,187,9724,-9972,7960,-77,67,-184,-14360,4724,2944,-917,132,-43,-14732,-2216,5932,-407,144,-26,0
1624.8681359291077,10520,4212,10864,-178,-63,213,9748,-9816,7980,-123,167,-158,-14564,4796,3144,-853,181,-32,-14660,-2308,5832,-403,111,-34,0
1624.9014301300049,10660,4236,11156,-185,-102,210,9692,-10172,8096,-181,75,-140,-14660,4796,2940,-958,168,-47,-14800,-2148,5884,-442,153,254,0
1624.935012102127,10748,4152,11112,-188,-52,210,9828,-9848,8044,-180,78,-135,-14692,4700,2832,-948,159,-61,-14816,-2076,5776,-431,91,-48,0
1624.9686269760132,10848,4340,11164,-181,-30,153,9868,-9900,8048,-104,131,-204,-14736,4640,2864,-920,109,-120,-14900,-2064,6028,-381,148,-59,0
1625.0021960735319,10784,4208,11064,-231,-39,116,9908,-10016,7940,-56,134,-178,-14716,4756,2848,-947,138,-51,-14648,-2120,5828,-410,182,-1,0
1625.0357329845428,10664,4176,11080,-226,-48,172,9816,-9988,8304,-84,66,-188,-14636,4820,2804,-957,224,-75,-14768,-1984,5864,-431,215,-12,0
1625.0692300796509,10620,4012,11088,-142,-136,177,9868,-10000,8028,-53,52,-248,-14708,4724,2924,-775,232,-120,-14784,-2080,6004,-454,221,-7,0
1625.1030459403992,10652,4124,11224,-155,-80,159,9828,-10088,8188,-17,59,-200,-14692,4848,2748,-1054,197,-96,-14712,-1940,6044,-445,170,-50,0
1625.1364440917969,10716,4148,10980,-180,-50,166,9852,-10068,8072,-20,62,-146,-14836,4944,2844,-1051,142,-112,-14900,-1976,5888,-529,150,-73,0
1625.169914007187,10720,4024,10956,-120,-54,152,9888,-10080,7940,-35,97,-158,-14732,4892,2780,-1083,101,-78,-14932,-1868,6076,-257,94,-143,0
1625.203474998474,10652,3948,11240,-94,-58,113,10056,-10032,7804,25,142,-172,-14704,5052,3068,-1035,111,-120,-14992,-1984,5688,-524,101,-176,0
1625.2371051311493,10692,3992,10752,-107,-85,92,9980,-9936,8112,9,178,-221,-14768,4740,2716,-1007,64,-113,-14792,-1984,5852,-257,118,-207,0
1625.2706120014193,10720,3972,10932,-122,-94,34,10024,-9820,7936,34,239,-197,-14728,4748,2756,-1045,32,-116,-14856,-1800,5956,-514,117,-228,0
1625.304188966751,10664,4132,10824,-169,-51,1,9888,-9916,7904,60,204,-191,-14684,4732,2812,-1033,61,-146,-14612,-2116,5932,-471,153,-204,0
1625.3376770019531,10548,4112,10996,-184,-68,-7,9532,-9904,8068,82,231,-236,-14636,4780,2956,-1000,66,-122,-14772,-2196,5956,-417,138,-213,0
1625.3708760738373,10504,4280,11224,-127,-41,17,9764,-9832,8160,33,256,-200,-14684,4772,3156,-994,17,-77,-14784,-2200,6028,-476,133,-206,0
1625.4084680080414,10628,4260,11132,-187,-90,54,9800,-9776,8000,34,240,-170,-14352,4768,2976,-1036,30,-136,-14808,-2232,5944,-515,152,-168,0
1625.4435081481934,10576,4320,10972,-169,-75,89,9744,-9816,8116,-13,199,-105,-14576,4628,3024,-1063,62,-25,-15040,-2060,5936,-523,70,-139,0
1625.4796400070193,10640,4388,11020,-183,-106,129,9816,-9844,8224,-39,157,-115,-14788,4808,2908,-1054,119,36,-14808,-2128,6024,-576,67,-89,0
1625.5148661136627,10596,4196,10856,-119,-28,167,9740,-9956,8132,-24,60,-80,-14600,4612,2880,-1050,155,33,-14824,-1852,6140,-633,18,-71,0
1625.5508160591125,10724,4128,10908,-20,-17,186,9872,-9960,8028,-30,17,-81,-14668,4652,2816,-1032,200,25,-14792,-2228,5916,-619,252,-83,0
1625.5861511230469,10656,4116,10848,-35,11,199,9812,-9876,8124,-90,101,-94,-14712,4632,2796,-1001,222,-253,-14800,-2216,5868,-524,36,-123,0
1625.6225960254667,10640,4276,10976,-117,-38,154,9860,-9848,8144,-73,112,-173,-14564,4620,2948,-994,186,-126,-14748,-2120,5760,-468,142,-115,0
1625.6581101417542,10656,4168,10900,-129,-101,100,9884,-9900,8124,-75,94,-235,-14740,4688,2960,-994,144,-83,-14920,-2192,6120,-509,187,-110,0
1625.6929831504822,10936,4204,10796,-179,-110,80,9816,-9984,7952,-81,91,-201,-14768,4792,2804,-966,110,-71,-14648,-2044,5956,-495,131,-110,0
1625.7284851074219,10700,4180,11072,-179,-140,119,9780,-10032,8084,-38,56,-193,-14720,4808,2796,-963,175,-77,-14744,-2200,5816,-472,167,-101,0
1625.7638330459595,10564,3876,11032,-152,-125,117,9780,-10132,8072,-14,57,-254,-14704,4924,2784,-990,169,-129,-14824,-2068,6036,-491,229,-105,0
1625.799458026886,10500,3884,11148,-137,-113,116,9532,-10036,8044,-6,124,-214,-14760,4844,2868,-982,108,-75,-14820,-2168,6336,-487,154,-123,0
1625.8349759578705,10644,4196,11224,-158,-70,107,9720,-10024,8048,-63,107,-207,-14676,5112,2936,-953,121,-123,-14892,-2160,5716,-761,146,-149,0
1625.8707389831543,10560,4252,11072,-140,-47,100,9888,-9780,7944,-74,96,-201,-14700,4716,2972,-942,112,-72,-14792,-2108,5896,-513,147,-132,0
1625.9056539535525,10716,4248,10972,-94,-95,97,9920,-9876,7852,-111,125,-199,-14668,4664,2588,-968,163,-126,-14768,-2056,5844,-507,177,-105,0
1625.941654920578,10724,4352,10948,-144,-129,138,9904,-9788,8116,-59,67,-183,-14684,4644,2724,-973,201,-113,-14872,-2212,5764,-470,179,-84,0
1625.9777369499209,10688,4260,10836,-91,-52,146,9728,-9568,8040,-56,68,-176,-14720,4640,2976,-964,167,-77,-15080,-2488,5736,-473,172,-74,0
1626.0125679969788,10636,4244,10920,-166,-132,101,10060,-9936,7964,-23,94,-233,-14808,4716,2896,-965,127,-117,-14900,-2156,5888,-466,180,-142,0
1626.048653125763,10816,4240,10668,-188,-87,105,9876,-9944,8068,3,113,-213,-14696,4708,2944,-1004,133,-146,-14872,-2080,5944,-381,186,-97,0
1626.0821409225464,10744,4268,10952,-118,-112,98,9832,-10060,8236,-34,107,-239,-14780,4848,3004,-961,113,-100,-14900,-2236,5940,-485,142,-138,0
1626.1158010959623,10608,4172,10920,-103,-134,57,9836,-9888,7912,-54,137,-224,-14796,4796,2716,-970,67,-91,-14928,-2032,5948,-458,142,-161,0
1626.1533839702606,10656,4216,11220,-215,-95,59,9884,-10004,8020,-68,188,-215,-14660,4660,2928,-895,68,-112,-14776,-2272,5908,-442,72,-132,0
1626.1871540546415,10672,4204,11016,-208,-104,95,9812,-10080,7972,-58,150,-202,-14604,4892,2728,-964,85,-117,-14744,-1988,5708,-485,151,-126,0
1626.220505952835,10640,3856,10964,-159,-168,86,9836,-10196,8052,-7,137,-216,-14628,4876,2788,-1011,123,-95,-14808,-1924,6056,-490,164,-62,0
1626.253986120224,10648,4332,11056,-150,-100,137,9876,-10052,7988,-34,116,-216,-14712,4816,2808,-996,139,-90,-14740,-2148,5820,-496,173,-84,0
1626.2876160144806,10516,4160,10960,-140,-133,121,9768,-9936,8036,-25,102,-202,-14432,4704,2824,-990,147,-140,-14728,-2156,5868,-532,195,-133,0
1626.3211529254913,10696,4220,11176,-116,-95,126,9880,-9860,8088,-253,121,-176,-14772,4680,2648,-769,130,-160,-14780,-2168,5788,-499,176,-105,0
1626.354777097702,10716,4276,11000,-129,-63,107,9964,-9784,8068,-54,138,-197,-14672,4760,2748,-1031,111,-90,-14824,-2300,5744,-482,153,-128,0
1626.3881559371948,10972,4360,10760,-151,-44,124,10008,-9776,8008,-44,135,-168,-14696,4760,2580,-968,80,-37,-14820,-2088,5796,-766,129,-125,0
1626.4217529296875,10636,4284,10904,-87,-17,116,9924,-9944,8120,-66,131,-131,-14632,4684,2876,-1009,117,-61,-14880,-2208,6012,-467,78,-128,0
1626.4556419849396,10520,4284,10824,-104,-23,104,9984,-9880,7996,-63,151,-122,-14788,4672,2792,-967,78,-23,-14928,-2176,5940,-491,110,-133,0
1626.4892370700836,10692,4232,11092,-165,-17,71,9876,-10076,8088,-59,189,-148,-14844,4716,2996,-989,36,-110,-14916,-2084,5928,-477,161,-119,0
1626.522859096527,10640,4308,11436,-283,-109,84,9888,-9964,8164,57,226,-217,-14636,4832,2720,-1002,59,-152,-14724,-2172,5888,-483,511,-81,0
1626.556393146515,10560,4100,11220,-508,-333,156,9752,-10084,8092,-81,162,-284,-14600,4800,2724,-907,116,-188,-14820,-2084,6212,-457,172,-68,0
1626.5899930000303,10576,4120,11156,-155,-362,165,9708,-9756,8188,-157,116,-293,-14496,4800,2892,-917,163,-168,-14692,-2272,5964,-479,218,-76,0
1626.6235890388489,10520,4128,10972,-208,-375,193,9668,-9920,8032,-119,121,-287,-14848,4744,2816,-946,143,-179,-14720,-1968,5968,-512,258,-52,0
1626.6569030284882,10652,4048,10832,-216,-339,194,9736,-9784,7896,-50,138,-307,-14412,4780,2664,-953,183,-203,-14788,-2112,6064,-473,258,-53,0
1626.6905181407928,10716,4160,10876,-238,-2,187,9948,-9812,8048,-6,221,-232,-14640,4672,2920,-962,168,-196,-14620,-1876,5812,-394,266,-66,0
1626.7238850593567,10984,4216,10684,-240,-107,167,10080,-9924,8088,29,178,-195,-14888,4668,2812,-1008,148,-155,-14984,-2204,5712,-426,228,-81,0
1626.7574100494385,10828,4292,10684,-224,-79,138,10064,-9832,8004,253,130,-206,-14800,4612,2860,-1041,89,-109,-14840,-2128,5820,-455,211,-114,0
1626.7911520004272,10908,4204,10888,-158,-86,95,9952,-9780,7904,6,163,-190,-14780,4596,2716,-1275,42,-92,-14788,-2116,5768,-446,188,-174,0
1626.8247740268707,10800,4272,10940,-227,-73,91,9832,-9928,7832,11,210,-177,-14812,4632,2860,-1010,28,-98,-14972,-2196,6052,-420,122,-152,0
1626.8579981327057,10912,4308,10896,-162,52,80,10188,-9824,8080,-39,202,-134,-14756,4708,2896,-989,13,236,-14860,-1988,5784,-467,53,-183,0
1626.8913071155548,10820,4168,10896,-165,70,71,9848,-9828,8084,18,142,-101,-14800,4872,2888,-1058,-27,40,-14724,-2188,5956,-526,27,-165,0
1626.9248700141907,10648,4240,11016,-155,57,121,9964,-9860,8036,10,143,-58,-14692,4824,2992,-1022,54,59,-14792,-2200,5964,-482,-6,-124,0
1626.9582860469818,10572,4244,10960,-131,50,132,9780,-9780,7984,-45,176,-117,-14568,4808,3056,-980,79,-12,-14828,-1976,5936,-456,103,-111,0
1626.9918010234833,10608,4080,11008,-196,-61,133,9792,-10000,8084,-46,92,-151,-14628,4852,2656,-988,111,-45,-14680,-2068,6028,-449,133,-77,0
1627.0254621505735,10604,4176,10872,-118,7,147,9724,-10028,7940,-72,77,-133,-14700,4788,3008,-774,89,218,-14756,-2124,5940,-493,107,-104,0
1627.0589079856873,10672,4192,11024,-135,26,141,9820,-9984,8048,-51,85,-107,-14676,4888,2896,-1032,88,16,-14756,-2112,6036,-494,91,-115,0
1627.09619307518,10604,4204,11032,-116,30,123,9808,-9952,7700,-47,107,-115,-14648,4760,3048,-954,112,-40,-14784,-2068,5816,-484,90,-76,0
1627.1318209171295,11004,4140,11024,-148,12,157,9756,-9984,7984,-34,122,-151,-14680,4792,2620,-991,99,-55,-14816,-2204,6020,-432,175,-99,0
1627.1677269935608,10740,4144,10980,-193,-21,135,10124,-9976,8112,4,134,-164,-14776,4836,3032,-1034,75,-53,-14896,-2116,5940,-449,144,-119,0
1627.202821969986,10784,4188,10956,-194,-57,112,9840,-9980,7960,-31,108,-161,-14824,4736,2900,-995,75,-25,-14992,-2188,5856,-480,46,-134,0
1627.2381300926208,10992,4208,10852,-136,35,100,9904,-9908,8088,-47,132,-128,-14752,4748,2756,-989,60,25,-14848,-2068,5940,-505,-18,-176,0
1627.2735760211945,10700,4188,10996,-69,54,61,9856,-9876,7936,-47,164,-90,-14628,4712,2752,-1279,22,-254,-15060,-1996,5968,-524,20,-148,0
1627.3093309402466,10708,4244,10856,-135,96,71,9844,-9880,7712,-43,137,-78,-14692,4808,2884,-1031,32,26,-14772,-2292,5996,-511,32,-135,0
1627.3446049690249,10652,4148,10884,-121,81,72,9864,-9984,7796,-55,117,-123,-14672,4608,2896,-1006,77,-15,-14688,-2068,5972,-470,74,-136,0
1627.3806390762327,10588,4236,11004,-116,80,82,9992,-9952,8076,-6,138,-146,-14692,4816,2904,-1008,103,-26,-14768,-1988,5960,-425,163,-98,0
1627.4155941009521,10696,4184,11092,-138,44,93,9752,-9884,8048,-10,118,-145,-14636,4744,2992,-1040,99,-25,-14740,-2136,5940,-495,139,-130,0
1627.4520361423492,10604,4216,10780,-108,20,137,9832,-10008,8012,-32,63,-137,-14632,4824,2808,-777,135,-26,-14828,-2152,6136,-520,121,-104,0
1627.4884650707245,10596,3924,11192,-85,-42,155,9568,-9904,8008,-45,99,-158,-14624,4788,2964,-998,129,-91,-14736,-2064,6024,-498,134,-92,0
1627.523355960846,10516,4168,11004,-115,-40,151,9792,-9972,8176,-44,76,-164,-14344,4828,3052,-984,125,-23,-14768,-1996,6052,-508,113,-122,0
1627.5588171482086,10572,4044,10952,-119,-24,131,9812,-10012,8004,-36,100,-170,-14600,4728,2804,-982,112,-121,-14828,-2004,5884,-505,142,-142,0
1627.5938379764557,10564,3984,10872,-120,-60,78,9880,-9928,8004,18,177,-210,-14652,4696,2692,-1045,108,-104,-14852,-2180,5876,-433,175,-152,0
1627.6298050880432,10776,4244,10896,-137,-30,49,9928,-9868,8012,-43,214,-231,-14804,4708,2852,-961,37,-97,-14820,-2160,5896,-427,167,-217,0
1627.6651360988617,10700,4160,10904,-217,-78,5,9876,-9972,7948,8,217,-200,-14700,4692,2980,-998,59,-94,-14804,-2008,5660,-420,154,-180,0
1627.7005379199982,10592,4248,10836,-220,-43,49,9888,-9964,8116,25,224,-229,-14576,4804,2876,-1030,99,-151,-14800,-2112,5996,-442,208,-166,0
1627.7357060909271,10548,4380,11180,-196,-87,47,9696,-9968,8120,-3,196,-231,-14648,5092,2980,-1000,111,-131,-14768,-2120,5980,-458,196,-138,0
1627.7691760063171,10472,4216,11260,-208,-187,90,9752,-9996,8032,-21,206,-245,-14628,4940,2944,-925,139,-171,-14784,-2300,6056,-476,156,-121,0
1627.8026189804075,10464,4280,11048,-187,-198,119,9648,-9920,8044,-50,160,-248,-14560,4868,2852,-971,149,-150,-14724,-2108,5984,-467,227,-107,0
1627.8361840248108,10544,4188,11104,-204,-239,165,9772,-9944,8048,-67,138,-237,-14540,4800,2836,-950,219,-155,-14680,-2040,5936,-511,198,-34,0
1627.8697681427002,10656,4240,11096,-164,-197,199,9848,-9928,7984,-52,83,-210,-14628,4828,2624,-990,235,-136,-14840,-2064,6016,-523,173,-68,0
1627.903265953064,10624,4112,11000,-198,-208,203,9768,-9976,8044,-47,139,-183,-14764,4768,3032,-961,212,-146,-14864,-2060,5908,-502,192,-54,0
1627.9368669986725,10692,4196,10896,-217,-183,199,9864,-10016,8096,-44,137,-173,-14752,4716,2640,-1004,178,-103,-14760,-2128,6040,-484,206,-74,0
1627.9702999591827,10700,4168,10872,-243,-229,189,9860,-9800,7960,-38,97,-238,-14752,4712,2864,-990,190,-156,-14732,-2212,5636,-458,249,-36,0
1628.0037829875946,10676,4140,11028,-269,-259,163,9852,-9888,8036,-56,128,-292,-14808,4656,2896,-985,174,-188,-14900,-2116,6040,-414,508,-66,0
1628.0373840332031,10664,4112,10884,-292,-271,162,9924,-9756,8064,-29,267,-285,-14764,4720,2896,-966,156,-180,-14940,-2172,5636,-438,275,-99,0
1628.0710289478302,10988,4132,11212,-294,-246,122,9856,-9732,8040,-33,204,-243,-14696,4636,2704,-983,88,-142,-15028,-1984,5896,-482,190,-121,0
1628.1043150424955,10668,4088,11088,-206,-214,119,9840,-10064,7988,-63,162,-217,-14708,4828,2836,-953,72,-54,-14904,-2224,6108,-493,151,-119,0
1628.1376130580902,10656,4012,10888,-205,-151,155,9796,-9896,8024,-46,162,-194,-14600,4856,2764,-970,132,-97,-14800,-2284,5716,-477,159,-79,0
1628.171056985855,10640,4132,10892,-220,-165,155,9892,-9976,8072,-33,125,-183,-14636,4828,2632,-960,138,-132,-14844,-2304,5932,-489,176,-76,0
1628.2044310569763,10680,4084,10952,-204,-204,170,9856,-9952,7956,-73,144,-207,-14848,4824,2856,-983,150,-93,-15040,-1980,5872,-536,181,-60,0
1628.2378849983215,10704,4084,10960,-187,-190,174,9912,-9944,8104,-34,129,-190,-14708,4764,2776,-1007,144,-107,-14692,-1808,5700,-260,186,-78,0
1628.2714149951935,10652,4080,11052,-202,-157,180,9824,-9892,8092,-30,99,-170,-14660,4652,2940,-1004,150,-118,-14876,-2116,5736,-491,176,-85,0
1628.3046650886536,10716,4184,10788,-113,-97,130,9848,-9868,8144,-62,119,-204,-14772,4756,2848,-1015,135,-122,-14900,-2016,5760,-496,183,-139,0
1628.338268995285,10804,4132,10724,-127,-65,68,9868,-9928,8168,-30,153,-170,-14764,4772,2904,-987,62,-48,-14888,-2012,5868,-536,125,-165,0
1628.3713960647583,10572,3844,10788,-125,21,62,9760,-9832,8168,-18,151,-151,-14676,4560,2856,-971,40,-53,-14752,-1964,5724,-496,114,-147,0
1628.4048900604248,10812,4076,10820,-126,33,102,9780,-9924,8072,10,184,-163,-14808,4708,3068,-999,4,-72,-14820,-2032,5808,-483,157,-151,0
1628.4385471343994,10700,4204,10988,-141,15,84,9940,-10196,8008,-29,179,-176,-14636,4752,2604,-951,65,-69,-14856,-2276,5968,-469,158,-115,0
1628.4719071388245,10736,4184,11144,-141,-68,122,9812,-10012,8088,-72,159,-186,-14636,4848,2864,-950,44,-99,-14820,-2288,5932,-538,187,-111,0
1628.505532026291,10668,4100,10972,-103,-107,119,9756,-9848,8044,-78,109,-165,-14640,4784,2768,-974,86,-85,-14736,-2084,5892,-530,212,-127,0
1628.539202928543,10684,4076,10768,-83,-70,144,9844,-9992,8048,-48,99,-191,-14664,4812,2788,-951,110,-122,-14796,-1804,5980,-482,236,-69,0
1628.5724430084229,10688,4068,11016,-144,-123,146,9812,-9924,7728,-38,134,-174,-14664,4804,2876,-957,94,-111,-14848,-2084,5980,-488,201,-72,0
1628.605996131897,10620,4076,11000,-193,-99,127,9964,-9940,8048,-54,187,-193,-14660,4852,2848,-928,133,-113,-14856,-2120,5996,-495,159,-80,0
1628.6395981311798,10664,4164,10880,-126,-71,153,9808,-9944,8220,-55,120,-157,-14612,4832,2920,-964,153,-58,-14676,-1988,5848,-541,167,-69,0
1628.6730580329895,10604,4172,10768,-78,-65,154,9792,-9912,8080,-99,55,-155,-14632,4748,2660,-975,189,-61,-14900,-1968,5792,-764,172,-103,0
1628.7066941261292,10956,4292,10888,-78,-7,91,9940,-9808,8172,-75,119,-155,-14800,4624,2712,-999,167,-82,-14828,-2000,5756,-533,116,-113,0
1628.739933013916,10832,4116,11040,-115,3,60,10112,-9928,8016,-47,165,-170,-14692,4740,2856,-983,108,-54,-14652,-1916,5804,-490,156,-130,0
1628.7780160903933,10536,4024,10928,-138,79,80,9984,-9864,7936,19,168,-194,-14764,4800,2768,-1076,114,-94,-14896,-2100,5928,-457,157,-129,0
1628.8131310939789,10768,4324,10972,-186,59,68,9948,-10000,7972,44,174,-162,-14704,4812,2804,-1048,104,-49,-14940,-2136,6128,-458,120,-153,0
1628.8492829799652,10680,4140,10992,-193,111,49,9744,-9972,8088,80,117,-146,-14728,4796,2888,-1122,109,-107,-14636,-1816,5948,-415,72,-157,0
1628.8841729164124,10744,4152,11004,-88,185,69,9808,-10240,8156,33,-1,-138,-14516,5000,2868,-1141,66,-39,-14844,-2100,5976,-527,-10,-152,0
1628.9204239845276,10620,4092,11060,-120,188,61,9764,-10060,8100,58,68,-101,-14796,4652,2852,-1107,67,-29,-14780,-2292,5964,-525,-7,-151,0
1628.9554779529572,10612,4156,11140,-95,180,84,9832,-9996,8064,-61,140,-84,-14712,4804,3028,-1067,56,-46,-14668,-2160,6100,-520,38,-144,0
1628.9916729927063,10700,4228,11116,-120,71,100,9764,-10000,7948,-72,115,-127,-14728,4768,2752,-1032,81,-1,-14776,-2032,5996,-526,56,-156,0
1629.0277111530304,10588,4168,10852,-132,69,94,9776,-9940,7920,-50,78,-141,-14788,4836,2836,-1022,164,-16,-14740,-2228,5976,-514,92,-122,0
1629.0630040168762,10592,4204,10932,-99,19,128,9768,-9944,8056,-56,54,-157,-14720,4772,2560,-1052,126,-24,-14636,-2012,6028,-527,96,-125,0
1629.0981140136719,10680,4148,11148,-90,-253,114,9888,-9972,8124,-31,110,-164,-14700,4772,3044,-1030,82,-43,-14908,-2028,5932,-532,90,-131,0
1629.133530139923,10572,4208,11060,-106,11,110,9824,-9784,8140,-41,112,-180,-14656,4728,2912,-1035,75,-50,-14880,-2044,5948,-766,109,-136,0
1629.169764995575,10640,4148,10796,-101,15,107,9844,-9968,8024,1,120,-157,-14664,4844,2588,-1061,42,-251,-14852,-2024,5944,-529,100,-148,0
1629.2050099372864,10644,4180,10756,-90,24,72,9860,-9880,7932,-25,81,-137,-14648,4716,2828,-1074,77,-31,-14804,-2044,5932,-503,111,-131,0
1629.2414021492004,10692,4248,11148,-105,10,102,9748,-10044,8152,-16,76,-167,-14720,4772,2784,-1017,79,-68,-14720,-2108,6160,-473,110,-120,0
1629.277594089508,10272,3848,11256,-115,22,94,9764,-9924,8084,-22,111,-170,-14596,5056,2768,-1020,108,-39,-14716,-2108,6012,-516,83,-162,0
1629.3128061294556,10528,4320,10984,-188,-15,89,9820,-9944,8032,-18,108,-172,-14656,4852,2784,-996,84,-105,-14776,-2108,6124,-437,138,-168,0
1629.3479809761047,10492,4160,11244,-43,-59,98,9760,-9968,7984,-22,139,-183,-14584,4632,2988,-1015,90,-110,-14892,-2080,6000,-484,130,-117,0
1629.3836541175842,10508,4268,11000,-119,-51,87,9888,-9732,8004,-39,159,-201,-14664,4732,2924,-993,73,-96,-14804,-2152,5924,-471,135,-178,0
1629.4201350212095,10484,4048,11064,-126,-28,55,9812,-9932,8076,-32,131,-201,-14612,4732,2824,-1017,46,-104,-14732,-2044,5932,-498,194,-202,0
1629.4537100791931,10728,4296,10904,-169,-91,109,9756,-9912,8004,77,158,-184,-14340,4788,3056,-1021,90,-106,-14880,-2180,6112,-444,178,-126,0
1629.48743891716,10532,4176,11052,-136,-64,101,9868,-9948,8004,-17,151,-227,-14640,4744,2908,-1005,121,-146,-14652,-2072,5964,-471,223,-125,0
1629.521070957184,10560,4296,11008,-212,-176,110,9952,-9988,8060,-29,140,-220,-14668,4848,2880,-959,118,-162,-14864,-2068,6028,-456,190,-101,0
1629.554503917694,10596,4224,11048,-192,-211,135,9816,-9988,8124,-57,141,-237,-14424,5052,2972,-964,127,-133,-14800,-2112,5928,-464,201,-116,0
1629.5881099700928,10536,4160,10936,-201,-223,145,9848,-10036,8120,-55,149,-229,-14728,4712,2872,-961,93,-123,-14716,-2224,5940,-473,180,-100,0
1629.6216740608215,10588,4264,11020,-205,-228,142,9936,-10032,8016,-71,153,-239,-14712,4920,2868,-1016,74,-83,-14740,-2152,6124,-448,163,-118,0
1629.6550080776215,10592,4144,11200,-232,-227,126,9816,-9960,8056,-53,165,-230,-14640,5096,2800,-1005,97,-156,-14824,-1976,5968,-479,174,-136,0
1629.6886279582975,10580,4116,10884,-199,-220,138,9768,-9976,8012,-32,125,-243,-14628,4656,2928,-980,144,-194,-14764,-2052,5988,-443,216,-87,0
1629.7221500873566,10584,4056,11052,-196,-242,156,9836,-10016,7964,-19,157,-270,-14676,4872,3000,-1010,123,-197,-14904,-1988,6116,-466,228,-90,0
1629.7556381225586,10604,4088,11040,-204,-231,131,9884,-9880,8000,-11,158,-241,-14776,4764,2872,-1050,121,-118,-14864,-2084,5792,-497,193,-102,0
1629.7888970375059,10732,4132,11000,-211,-203,142,9912,-9900,8108,14,149,-212,-14664,4788,2756,-1001,147,-105,-14780,-2072,5920,-501,167,-89,0
1629.8225021362305,10616,4216,10960,-205,-186,155,9852,-9756,8140,-1,125,-201,-14636,4744,3128,-1001,133,-136,-14828,-2064,5668,-477,173,-91,0
1629.8560209274292,10652,4152,10912,-198,-187,155,9856,-9876,8348,-68,108,-225,-14744,4748,2988,-1010,133,-135,-14748,-1904,5916,-469,138,-101,0
1629.8895781040192,10656,4160,11044,-215,-219,130,9872,-9908,8004,-24,172,-227,-14812,4696,2836,-1014,122,-75,-14844,-2020,6132,-482,145,-108,0
1629.9231400489807,10644,4176,10968,-222,-174,130,9900,-9916,7984,-39,175,-196,-14652,4816,2908,-1267,112,-102,-14892,-2080,5784,-477,146,-139,0
1629.9569900035858,10720,4280,10852,-166,-142,123,9816,-9936,8048,-37,121,-201,-14604,5024,2940,-1019,96,-102,-14768,-2112,5944,-491,128,-137,0
1629.990287065506,10628,4328,10856,-178,-122,134,9840,-9908,8092,-28,123,-192,-14636,4780,2656,-1043,149,-112,-14788,-2116,6028,-497,173,-130,0
1630.0238420963287,10748,4132,10932,-153,-144,130,9932,-9888,7980,-16,118,-209,-14692,4764,2756,-1047,134,-156,-14720,-2076,5840,-461,158,-97,0
1630.0574331283567,10604,4200,10816,-140,-122,132,9876,-9836,7996,-18,105,-181,-14664,4848,2712,-1037,124,-111,-14844,-2068,5904,-493,193,-112,0
1630.0910820961,10624,4192,10856,-120,-26,139,9800,-9964,7988,-27,104,-161,-14744,5072,2964,-1028,136,-38,-15040,-2040,5920,-488,133,-119,0
1630.1247210502625,10668,4128,10944,-120,-16,124,9920,-9972,8088,-17,114,-160,-14808,4792,2700,-1053,118,-36,-14768,-2108,5924,-477,111,-131,0
1630.158035993576,10640,4200,11108,-120,25,112,9808,-9944,8132,247,96,-157,-14704,4664,2768,-1067,94,-41,-14656,-1980,5868,-504,108,-122,0
1630.1916270256045,10612,4108,10868,-75,83,98,9804,-9896,8024,-14,118,-125,-14712,4900,2928,-1030,86,-72,-15024,-1828,5948,-522,98,-128,0
1630.2250370979307,10572,4200,11080,-79,45,78,9900,-9896,7944,-11,130,-167,-14624,4800,2880,-1028,81,-39,-14728,-2216,5992,-518,122,-162,0
1630.2585361003876,10620,4068,11124,-123,-14,103,9852,-9752,7836,-16,141,-168,-14660,4828,3024,-1007,63,-54,-14768,-2104,5964,-460,159,-105,0
1630.291867017746,10708,4200,10888,-115,-5,93,9884,-9924,8132,-67,151,-167,-14768,4760,2596,-980,66,-68,-14928,-1840,5896,-455,98,-175,0
1630.3254709243774,10660,4172,11004,-139,28,48,9912,-9952,8048,0,191,-152,-14692,4836,2736,-1001,-11,-58,-14656,-2008,5972,-513,89,-157,0
1630.358962059021,10680,4200,11084,-134,27,93,9828,-9948,8120,252,190,-111,-14728,4760,2696,-1278,38,-41,-15096,-2168,6060,-511,17,-191,0
1630.3922791481018,10684,4088,10924,-26,73,47,9920,-9864,8004,-68,136,-136,-14744,4768,2604,-989,39,-248,-14600,-2304,5940,-521,60,-190,0
1630.4253010749817,10668,4188,10920,-122,52,70,9844,-9932,8012,-30,109,-138,-14600,4828,2792,-1060,79,-10,-14768,-2088,5948,-469,63,-162,0
1630.463084936142,10476,4152,10920,-70,38,68,9852,-9896,7848,-20,129,-121,-14688,4772,2656,-1069,63,-47,-14752,-2128,5948,-526,97,-154,0
1630.4981939792633,10632,4244,11032,-114,39,91,9896,-9968,8140,-48,136,-131,-14672,4832,2772,-1033,64,-11,-14820,-2064,5960,-263,80,-159,0
1630.5337009429932,10588,4228,10848,-111,15,103,9752,-9988,8052,-55,113,-145,-14636,4856,2888,-1004,71,-50,-14860,-2112,5872,-520,138,-115,0
1630.569256067276,10540,4168,11000,-83,-23,120,9844,-9956,8052,-41,106,-156,-14732,4852,3068,-1035,105,-67,-14740,-2148,5884,-510,137,-102,0
1630.6049630641935,10544,4196,10924,-64,-36,109,9840,-9940,8068,-13,134,-165,-14596,4812,2856,-1266,84,-113,-14660,-2220,5928,-529,166,-144,0
1630.6406891345978,10556,4312,11200,-105,-64,96,9856,-9928,8072,-46,156,-192,-14724,4780,2960,-1049,81,-82,-15056,-2116,6140,-474,145,-148,0
1630.6762099266052,10652,4244,10976,-118,-51,79,9852,-9764,8044,-31,136,-187,-14736,5056,3040,-1016,96,-65,-14892,-2128,5988,-259,128,-102,0
1630.7122440338135,10504,4176,10908,-99,-35,88,9836,-9972,8108,-43,127,-161,-14840,4768,2996,-1036,108,-29,-14760,-2140,5940,-495,126,-94,0
1630.7481269836426,10588,4260,11116,-131,-26,94,9800,-9984,8096,-18,113,-137,-14612,4912,2788,-980,96,-87,-14828,-2024,6060,-498,145,-138,0
1630.7837209701538,10608,4188,10876,-144,-35,123,9844,-9968,8024,-54,117,-163,-14788,4832,2880,-957,95,-49,-15048,-2108,5892,-497,122,-121,0
1630.8194661140442,10556,4252,10976,-153,-21,106,9888,-9972,8200,-65,123,-164,-14676,4812,2816,-983,121,-93,-14784,-2112,5912,-508,128,-96,0
1630.854798078537,10568,4148,10972,-154,-19,131,9900,-9972,8056,-17,143,-147,-14644,4692,2872,-1000,118,-61,-15080,-2176,6044,-498,156,-94,0
1630.8902490139008,10628,4228,11160,-145,-55,111,9912,-9960,7732,-256,156,-166,-14724,4804,2800,-1034,104,-118,-14820,-2164,5976,-465,189,-94,0
1630.9254560470579,10320,4184,11116,-209,-101,101,9824,-10240,8068,-15,169,-218,-14700,4780,2860,-982,87,-85,-14800,-2128,5988,-464,162,-99,0
1630.9607689380646,10472,4276,10936,-275,-122,131,10200,-9956,8152,-24,114,-220,-14712,4804,2756,-949,116,-131,-14892,-2220,6020,-490,186,-79,0
1630.9961490631104,10608,4220,11136,-188,-216,138,9764,-10080,8004,-43,166,-206,-14672,4880,2968,-995,118,-107,-14788,-2244,6276,-502,190,-71,0
1631.031758069992,10616,4252,11048,-233,-218,141,9844,-9964,8048,-30,133,-208,-14432,4836,2888,-977,147,-142,-14716,-1856,6040,-510,136,-74,0
1631.067619085312,10536,4172,11064,-184,-177,161,9804,-10200,8052,-93,158,-167,-14580,4848,2820,-969,124,-90,-14772,-2040,6004,-519,153,-96,0
1631.1035540103912,10608,4172,11032,-242,-176,148,9532,-9936,7972,-35,149,-224,-14608,4900,2864,-961,157,-144,-14812,-2040,5956,-498,163,-93,0
1631.1370389461515,10588,4212,11200,-269,-172,170,9852,-9888,8188,-2,112,-204,-14632,4808,2724,-771,140,-85,-14828,-2056,5956,-452,224,-81,0
1631.173182964325,10624,4148,10992,-240,-189,151,9900,-9888,8084,-33,173,-169,-14768,4820,3060,-991,117,-104,-15060,-2272,5996,-482,136,-74,0
1631.2074010372162,10584,4208,11228,-234,-191,183,9832,-9940,8112,-34,155,-172,-14716,4748,2904,-990,113,-114,-14852,-2064,5988,-498,170,-91,0
1631.2410111427307,10592,4044,10952,-215,-506,175,9776,-9892,8092,-69,122,-1,-14748,4740,2604,-943,136,-145,-14824,-2148,5884,-515,211,-119,0
1631.2745730876925,10696,3852,10800,-214,-323,165,9812,-9864,8028,-30,155,-252,-14784,4780,2936,-991,157,-179,-14820,-1980,5980,-490,219,-86,0
1631.3077850341797,10676,4200,11048,-209,-256,142,9924,-9864,7920,-37,129,-235,-14760,4756,2908,-999,145,-170,-14932,-2172,5892,-485,184,-112,0
1631.3413200378418,10704,4236,11032,-245,-241,117,9804,-9936,8056,-11,145,-230,-14728,4668,2580,-951,144,-118,-14872,-2064,5972,-450,178,-82,0
1631.374941110611,10648,4120,11220,-264,-198,141,9976,-9876,8128,-38,149,-228,-14724,4756,2900,-978,136,-105,-14880,-2064,5972,-451,193,-67,0
1631.408429145813,11004,4208,10884,-169,-174,137,9772,-9908,8100,-19,102,-232,-14376,4792,2736,-996,190,-157,-14756,-2068,6076,-476,203,-68,0
1631.4419620037079,10628,3884,11004,-160,-187,169,9888,-10028,7964,-13,121,-229,-14636,4812,2820,-976,172,-144,-14776,-1884,5760,-476,225,-83,0
1631.475425004959,10668,4120,10860,-170,-104,115,9844,-9980,7924,-39,100,-238,-14796,4736,2912,-960,179,-125,-14644,-2228,5884,-428,215,-116,0
1631.5089790821075,10676,4316,10908,-170,-57,70,10204,-9876,8072,-43,144,-229,-14800,4736,2640,-961,120,-118,-14672,-2172,5816,-441,171,-131,0
1631.5425770282743,10916,4204,10760,-194,-51,58,9752,-9932,8132,22,184,-156,-14740,4824,2808,-1060,78,-33,-14928,-2020,5928,-504,191,-144,0
1631.5760819911957,10840,4140,10916,-137,20,117,9804,-9808,8060,11,85,-164,-14600,4952,2776,-1050,122,-248,-14928,-2076,6152,-529,88,-80,0
1631.6097309589386,10676,4156,10908,-159,41,164,9768,-9952,8108,-16,251,-128,-14368,4780,2892,-1047,171,248,-14792,-1992,6008,-484,72,-54,0
1631.6432490348816,10696,4120,11024,-114,254,186,9944,-9968,8096,-58,57,-123,-14640,4768,2912,-978,168,-68,-14756,-2140,5908,-547,152,-83,0
1631.6768319606779,10532,4084,11052,-117,-87,142,9824,-9948,7984,-28,100,-178,-14772,4812,2900,-1056,101,-94,-14732,-2168,5980,-512,199,-107,0
1631.7102930545807,10576,4064,10880,-121,-61,95,9904,-9788,8072,-38,167,-156,-14680,4732,2908,-772,77,-27,-14664,-2152,6112,-473,98,-163,0
1631.7438490390778,10812,4220,11192,-101,60,50,9904,-9888,7948,-63,175,-143,-14764,4684,2648,-1007,56,-10,-14676,-2056,5844,-478,104,-155,0
1631.7774150371552,10752,3848,10888,-188,75,38,9804,-9904,8036,-252,157,-150,-14672,5032,2700,-1009,90,-67,-15084,-1932,6124,-450,93,-137,0
1631.8107199668884,10628,4160,10932,-126,96,72,9836,-9768,7736,-5,113,-133,-14776,4760,2876,-1002,113,-39,-14832,-1860,5968,-473,89,-166,0
1631.8442859649658,10612,4212,11024,-96,31,85,9944,-9976,8116,-8,132,-167,-14772,4748,2792,-983,68,-48,-14656,-2252,5948,-475,116,-170,0
1631.8776891231537,10580,4088,11176,-133,-33,45,9800,-9972,8008,-17,169,-198,-14728,4804,2844,-993,37,-76,-14660,-2104,6140,-499,140,-175,0
1631.9111671447754,10672,4116,11132,-154,-55,84,9780,-9864,8108,-45,180,-185,-14704,5104,2984,-1003,42,-68,-14636,-2284,5952,-530,155,-162,0
1631.9447889328003,10576,3920,11076,-144,-74,102,9980,-9948,8148,250,138,-199,-14736,4664,3000,-1002,97,-143,-14800,-2080,6108,-534,157,-110,0
1631.9784169197085,10580,4344,10852,-125,-54,106,9892,-9900,8064,-28,164,-177,-14720,4856,2756,-974,70,-132,-14820,-2132,6020,-502,178,-151,0
1632.0119190216064,10628,4116,11076,-209,-127,104,9912,-9948,8020,-9,181,-223,-14644,4776,2872,-1010,110,-82,-14828,-2020,6012,-517,198,-73,0
1632.045485019684,10576,4168,11020,-146,-153,138,9824,-10004,8032,-45,117,-204,-14732,4708,2740,-1006,126,-92,-14860,-2108,5992,-544,238,-92,0
1632.0792400836945,10688,4236,11056,-224,-188,123,9772,-10160,8032,-37,138,-179,-14704,4784,2840,-957,163,-122,-14756,-2072,6116,-566,226,-30,0
1632.1148359775543,10664,4160,11096,-194,-232,153,9760,-9960,8176,-146,98,-229,-14676,4784,2948,-978,144,-139,-14876,-2172,6008,-385,341,-15,0
1632.1507890224457,10628,4172,11136,-271,-249,178,9848,-9848,8140,-77,180,-245,-14768,4672,3044,-969,67,-193,-14816,-2068,6044,-393,353,-45,0
1632.1861560344696,10920,4064,10952,-380,-222,151,9880,-10172,8024,-54,233,-228,-14884,4856,2872,-983,51,-172,-14868,-2088,5900,-438,329,-91,0
1632.2217669487,10920,4096,10896,-258,-116,116,9856,-9888,8016,-27,190,-209,-14648,4792,2916,-898,-35,-146,-14956,-2168,5872,-503,209,-102,0
1632.2580959796906,10616,4168,11172,-156,-219,89,9856,-9828,8104,-99,142,-239,-14604,4616,2700,-920,-3,-168,-14744,-2248,5708,-441,177,-101,0
1632.2930541038513,10632,4132,10840,-44,-206,124,9892,-9908,8084,-139,58,-232,-14776,4752,2892,-929,62,-112,-14856,-1932,5836,-440,180,-97,0
1632.3287301063538,10708,4172,11112,-95,-171,100,9944,-9856,8060,-78,80,-1,-14796,4696,2764,-966,-19,-175,-14892,-2052,6100,-461,190,-137,0
1632.3645260334015,10888,4036,10996,-106,-134,74,9852,-9904,8092,-54,160,-209,-14600,4764,2932,-1071,-35,-76,-14880,-2040,5968,-447,94,-165,0
1632.4001500606537,10712,4072,11020,-84,-20,49,9856,-9764,7940,-59,150,-170,-14652,4752,2704,-983,-24,-92,-14936,-1988,5908,-258,94,-176,0
1632.4357130527496,10800,4144,10796,-132,-43,34,9872,-9940,8160,-64,133,-163,-14700,4860,2808,-990,28,-65,-14936,-2016,5808,-528,21,-190,0
1632.471743106842,10788,4328,10912,-52,89,36,10196,-9948,8028,-40,140,-125,-14692,4732,2948,-1044,2,31,-14844,-2232,5904,-553,-10,-168,0
1632.5077130794523,10636,4120,11044,-59,44,57,9972,-9924,7984,19,145,-134,-14648,4708,2844,-1078,54,-66,-14792,-1888,6072,-525,45,-169,0
1632.5429079532623,10528,4176,10964,-65,-9,74,9792,-10052,7992,15,119,-172,-14656,4912,2832,-1065,94,-102,-14764,-2064,6088,-571,73,-129,0
1632.5790960788727,10656,4112,10916,-64,-76,89,9776,-9972,7956,-18,148,-188,-14820,4780,3040,-998,108,-69,-14744,-2048,6052,-549,136,-139,0
1632.6143720149994,10360,4188,11088,-133,-118,101,9776,-10040,7760,76,136,-187,-14560,4724,2948,-999,134,-166,-14596,-2056,6020,-510,152,-128,0
1632.6503820419312,10616,4044,11120,-97,-79,87,9772,-9944,8016,60,160,-176,-14756,4768,3032,-989,157,-108,-15092,-2064,5904,-518,136,-122,0
1632.685539007187,10692,4216,11060,-142,-133,105,9896,-9932,8152,9,154,-188,-14772,4740,3012,-958,84,-116,-14884,-2156,5972,-538,142,-158,0
1632.721354007721,10984,4168,11048,-100,-138,78,9848,-9936,7860,-8,155,-195,-14676,4800,2612,-937,118,-105,-14876,-2096,5932,-578,125,-170,0
1632.759211063385,10660,4188,10856,-110,-78,100,9828,-9876,8012,-49,157,-234,-14612,4720,3040,-966,160,-73,-14664,-2208,5992,-496,170,-164,0
1632.7924709320068,10584,4136,11260,-130,-186,143,9812,-9756,8132,-62,78,-234,-14616,4724,3008,-980,191,-79,-14884,-2056,6024,-493,155,-74,0
1632.8257191181183,10820,4140,11004,-116,-144,150,9960,-10164,7940,-118,95,-225,-14824,4884,2908,-984,171,-101,-14852,-2032,5924,-479,176,-132,0
1632.8592720031738,10644,4172,11208,-153,-112,110,9872,-9936,8004,53,123,-220,-14736,4684,2876,-987,171,-133,-14756,-2172,5668,-474,176,-157,0
1632.89227104187,10600,4300,10820,-92,-62,104,9780,-9904,8100,-25,178,-173,-14804,4756,2820,-980,116,-103,-14860,-2252,6112,-503,170,-148,0
1632.9255890846252,10724,4188,10944,-112,-83,80,9884,-9848,8120,-33,159,-217,-14684,4752,2764,-1035,62,-64,-14724,-2152,5852,-484,133,-140,0
1632.9594841003418,10740,4224,11024,-129,-75,101,9804,-9868,8044,-55,127,-175,-14744,4804,2736,-1038,126,-67,-14860,-1976,5880,-508,110,-92,0
1632.9930310249329,10580,4216,11132,-115,-27,143,9800,-9960,7740,-77,131,-123,-14340,4788,2812,-1032,135,-49,-14848,-2048,5800,-489,109,-92,0
1633.0266830921173,10680,4220,10884,-164,-16,166,9836,-9736,8396,-78,156,-148,-14732,4796,2876,-1003,144,-100,-14596,-2076,5920,-471,149,-74,0
1633.0602390766144,10660,4164,11004,-182,-80,122,9916,-10040,7948,-38,143,-211,-14708,4748,2932,-1037,133,-74,-14768,-2092,5896,-461,178,-92,0
1633.0936629772186,10496,4288,10888,-179,-139,121,9752,-9992,7964,-4,123,-207,-14748,4784,2972,-1080,157,-139,-14728,-2280,5992,-443,208,-101,0
1633.1274831295013,10568,4152,11072,-97,-132,112,9864,-9912,7968,-23,96,-260,-14672,4780,2988,-1035,154,-173,-14832,-2172,5652,-484,229,-110,0
1633.1607670783997,10708,4176,10908,-128,-113,79,9956,-10192,7952,-25,128,-296,-14824,4752,2672,-968,142,-182,-14760,-2052,5916,-481,194,-182,0
1633.1941890716553,10640,4104,10896,-134,-105,43,9908,-9964,8000,1,156,-254,-14736,4736,2592,-1002,58,-117,-15064,-2268,5924,-484,192,-168,0
1633.2277231216433,10656,4200,10996,-165,-84,82,9904,-9920,8008,-17,187,-207,-14744,4852,2732,-981,65,-93,-14776,-2108,5952,-503,167,-139,0
1633.2612581253052,10704,4184,10912,-151,-76,94,9824,-9840,8048,254,133,-199,-14764,4844,3040,-1007,118,-95,-14904,-2188,6012,-475,154,-97,0
1633.294883966446,10636,4244,10832,-168,-63,119,9728,-9740,8160,-62,106,-177,-14652,4728,3056,-1001,127,-101,-14836,-2104,5892,-500,144,-94,0
1633.3284509181976,10692,4184,10920,-125,-85,129,9816,-9892,8052,-74,128,-234,-14796,4684,2928,-983,136,-88,-14884,-1980,5904,-520,148,-129,0
1633.3617849349976,10716,4212,10924,-146,-75,126,9952,-9788,7900,-10,100,-168,-14612,4668,2984,-1055,122,-40,-14808,-2004,5852,-494,123,-110,0
1633.3951461315155,10632,4212,10904,-136,-95,93,9900,-9988,8068,-3,94,-185,-14764,4720,2852,-1045,94,-75,-14936,-2092,5896,-510,135,-123,0
1633.4286179542542,10684,4212,10864,-137,-56,81,9936,-9860,8048,-9,147,-191,-14676,4720,2856,-995,65,-130,-14780,-2064,5856,-522,150,-158,0
1633.4619870185852,10664,4316,10932,-113,-72,78,9924,-9804,8056,-41,101,-192,-14728,4696,2876,-1005,85,-107,-14892,-2084,5932,-492,167,-126,0
1633.4956030845642,10544,4256,10896,-136,-84,110,9956,-9976,8168,-56,104,-210,-14700,4760,3068,-982,108,-50,-14756,-2284,6044,-500,137,-75,0
1633.5293290615082,10532,4156,11260,-142,-100,125,9780,-9996,7916,-63,114,-197,-14720,4708,2840,-958,149,-80,-14788,-2288,5696,-493,185,-86,0
1633.5626859664917,10724,4244,10924,-125,-90,113,10016,-9888,8060,-66,127,-180,-14768,4672,3040,-967,103,-87,-14796,-1852,5912,-517,146,-118,0
1633.5962390899658,10940,4252,10752,-129,-106,114,9876,-9908,7764,-26,140,-176,-14720,4728,2588,-992,78,-62,-15056,-2092,5844,-512,138,-110,0
1633.6298861503599,10648,4156,11056,-160,-37,103,9936,-9740,8036,-11,97,-182,-14732,4696,2872,-1000,90,-51,-14616,-2096,5888,-498,119,-112,0
1633.6631960868835,10676,4292,10876,-194,-44,138,9900,-9932,8008,-32,116,-157,-14716,4640,2640,-942,78,-47,-14860,-1832,5876,-473,121,-113,0
1633.6967151165009,10788,4136,10888,-157,-61,100,9964,-9984,8084,-28,140,-166,-15092,4844,2940,-999,37,-60,-14948,-2292,6000,-759,104,-122,0
1633.7301890850067,10736,4224,10780,-199,-91,111,9804,-10020,8032,0,99,-161,-14732,4616,2760,-1019,74,-98,-14824,-2072,5944,-531,121,-95,0
1633.7635259628296,10640,4316,11024,-96,-90,134,9960,-9868,7984,-84,59,-163,-14796,4748,2804,-1052,80,-62,-14860,-1888,5872,-502,85,-160,0
1633.800509929657,10496,4168,11004,-104,-101,63,9776,-9872,7876,-86,146,-222,-14620,4760,2596,-1039,69,-54,-14744,-2036,5896,-516,138,-165,0
1633.8354759216309,10644,4160,10908,-96,-36,88,9856,-9832,8036,-10,175,-158,-14692,4692,2864,-780,74,-133,-14660,-2284,6116,-487,158,-135,0
1633.8713591098785,10600,4236,10828,-131,232,89,9896,-9876,8020,-4,169,-162,-14708,4872,3032,-1026,43,-79,-15096,-2084,5984,-498,128,-166,0
1633.9061789512634,10636,4136,11168,-137,-30,57,9900,-10172,7964,-37,154,-182,-14812,4816,2792,-1001,35,-103,-14848,-1824,5988,-497,95,-183,0
1633.9417390823364,10656,4268,11024,-147,-32,67,9880,-9744,8108,-43,183,-142,-14716,4784,2872,-1017,50,-64,-14748,-2076,5784,-498,109,-165,0
1633.9776329994202,10748,4204,11056,-162,-90,79,9508,-9948,7996,-19,138,-195,-14680,4708,2876,-1052,80,-152,-14668,-2152,5900,-476,165,-170,0
1634.0128030776978,10516,4176,11176,-118,-80,58,9932,-9884,7940,-46,199,-213,-14680,4804,2984,-1270,99,-125,-15092,-2168,5916,-456,191,-128,0
1634.0487530231476,10684,4296,11032,-155,-140,88,9744,-9988,8112,-41,117,-222,-14564,4736,2996,-1034,104,-131,-14820,-2124,6000,-455,200,-98,0
1634.0843269824982,10624,4204,11096,-137,-101,90,9940,-9924,8080,-68,133,-216,-14780,4828,2756,-1011,101,-161,-14808,-2096,6012,-451,192,-103,0
1634.1197321414948,10620,4348,10920,-128,-152,123,9840,-9892,7984,-63,113,-194,-14688,4648,2600,-1010,117,-97,-14756,-2132,5732,-486,134,-92,0
1634.1548800468445,10676,4304,10856,-137,-119,164,10208,-9892,7932,-63,32,-169,-14608,4688,2788,-1041,134,-112,-14836,-2104,5904,-482,147,-85,0
1634.190936088562,10968,4252,10976,-154,-87,134,9940,-10016,8032,-31,82,-223,-14736,4700,2872,-989,127,-78,-14832,-2012,5892,-494,146,-90,0
1634.226154088974,10720,4172,10952,-137,-105,131,10000,-9904,8188,-43,82,-200,-14780,4652,2896,-1004,125,-146,-14836,-1952,5976,-480,160,-98,0
1634.2617650032043,10516,4196,10844,-140,-95,117,9872,-9904,7852,-23,129,-186,-14756,4664,2624,-1012,127,-59,-14904,-1952,5876,-474,128,-132,0
1634.2976789474487,10636,4292,10924,-164,-96,110,9880,-9844,8004,-1,147,-184,-14772,4648,3000,-1041,81,-92,-14816,-2080,5940,-460,152,-144,0
1634.3328001499176,10716,4268,11248,-152,-112,100,9900,-9824,8184,-27,175,-208,-14776,4680,2944,-1016,100,-89,-15016,-2120,5972,-489,128,-141,0
1634.3683760166168,10648,4296,10936,-108,-83,131,9904,-10036,8000,-88,140,-168,-14688,5092,2876,-1007,141,-100,-14864,-2156,6004,-498,102,-120,0
1634.4034850597382,10636,4156,10932,-152,-68,116,9976,-10032,8000,-26,139,-149,-14716,4680,2836,-989,70,-39,-14780,-2076,6008,-474,136,-126,0
1634.4407589435577,10636,4228,11104,-173,-69,128,9932,-9876,8168,-22,168,-108,-14756,4744,3020,-1029,90,-61,-14828,-2112,5916,-455,119,-136,0
1634.4742629528046,10672,4236,10824,-133,-65,92,9848,-9900,8060,-54,203,-164,-14688,4696,2820,-1010,76,-110,-14812,-2104,5920,-493,130,-167,0
1634.5076739788055,10728,4256,10760,-170,-87,73,9916,-10172,8076,-10,184,-195,-14612,4732,2692,-1271,101,-133,-14796,-2012,5980,-745,161,-133,0
1634.541144132614,10568,4132,11124,-114,-74,94,9852,-9896,8088,-14,123,-179,-14672,4680,2828,-1064,117,-76,-14612,-2220,6036,-480,141,-109,0
1634.57457113266,10616,4292,10912,-121,-71,112,9940,-9952,8160,-36,127,-191,-14712,4680,2964,-1007,125,-46,-14880,-2124,6068,-477,109,-119,0
1634.6081490516665,10692,4276,11184,-165,-91,86,9900,-9836,8028,-20,140,-180,-14724,4744,2996,-997,89,-97,-14828,-2192,6060,-493,98,-139,0
1634.6416449546814,10928,4300,10996,-134,-58,97,9876,-9912,7948,-255,131,-166,-14700,4684,2796,-1031,93,-125,-14812,-2148,5864,-484,114,-133,0
1634.6750800609589,10656,4292,10948,-160,-108,107,9800,-9976,8068,252,104,-188,-14664,4788,2572,-1040,139,-92,-14848,-2156,6020,-760,114,-97,0
1634.7086050510409,10600,4212,10948,-130,-22,133,9868,-10032,7912,-36,69,-200,-14692,4704,2852,-1051,115,-52,-14788,-2096,5816,-513,169,-131,0
1634.7420630455015,10648,4188,11212,-181,-146,128,9852,-10212,8016,-248,124,-196,-14740,4852,2940,-1029,140,-116,-14800,-2152,5896,-504,149,-99,0
1634.7756769657135,10632,4276,10760,-172,-86,122,9832,-9896,8096,-10,142,-183,-14736,4768,2988,-1047,174,-139,-14852,-2108,6052,-508,135,-124,0
1634.809119939804,10596,4240,10808,-157,-114,120,9888,-10044,8028,246,126,-171,-14596,4724,2780,-1073,150,-92,-14836,-2128,5984,-444,162,-131,0
1634.8424739837649,10680,4512,10776,-150,-103,143,9880,-9868,8152,-42,86,-193,-14648,4740,2912,-1031,159,-91,-14728,-2132,5864,-469,159,-108,0
1634.8757820129395,10576,4272,10908,-140,-118,143,9968,-9948,8060,-24,145,-184,-14708,4764,2920,-1036,114,-90,-14836,-2176,5928,-480,143,-138,0
1634.9090521335602,10704,4200,10904,-144,-71,105,9872,-9932,7944,-51,128,-193,-14832,4760,2768,-1018,108,-110,-14796,-2056,5828,-477,177,-130,0
1634.94255900383,10660,4260,11012,-174,-97,124,9924,-10144,8052,-52,103,-217,-14652,4816,2892,-1018,117,-125,-14748,-2168,5860,-499,178,-118,0
1634.9758100509644,10784,4152,11028,-128,-110,115,9992,-9912,7964,-83,57,-202,-14752,4672,2764,-1014,59,-47,-14920,-1996,5912,-486,133,-157,0
1635.0093250274658,10788,4240,10768,-138,-93,105,9732,-9908,7992,-75,152,-188,-14708,4684,2576,-979,15,-74,-15072,-2272,6112,-511,113,-187,0
1635.0425140857697,10688,4124,10976,-202,-83,88,9808,-9884,7872,-22,175,-165,-14712,4640,2948,-978,27,-98,-14816,-2120,5716,-496,142,-145,0
1635.0758929252625,10648,4252,10896,-144,-83,117,9832,-9960,7968,-51,148,-181,-14632,4756,2800,-1016,56,-98,-14836,-2168,5900,-506,146,-110,0
1635.109444141388,10604,4296,11016,-153,-99,105,9840,-9972,8164,-63,159,-184,-14744,4720,2868,-1015,70,-76,-14756,-2188,6028,-506,158,-124,0
1635.1429059505465,10644,4504,10948,-123,-82,123,9960,-9884,8040,-99,98,-171,-14680,4740,3304,-1018,45,-68,-15032,-2144,5884,-503,129,-127,0
1635.1762449741364,10680,4096,10968,-73,-123,107,9940,-9988,7964,-139,162,-204,-14740,4708,2576,-1018,37,-99,-15016,-2064,6020,-503,115,-188,0
1635.2099521160126,10704,4240,10880,-135,-97,107,9812,-9940,7692,-68,171,-201,-14696,4796,3056,-1053,69,-93,-14712,-2108,5896,-446,143,-128,0
1635.243291139603,10684,4260,10896,-93,-73,119,9776,-9888,7944,-69,126,-162,-14604,4684,2920,-1026,23,-38,-14628,-2124,5972,-496,155,-115,0
1635.2768530845642,10664,4132,10884,-81,-64,121,10012,-9900,7920,-89,146,-159,-14676,4724,2868,-1028,31,-23,-14876,-2020,6004,-485,82,-148,0
1635.3105430603027,10740,4220,10960,-81,-119,99,9956,-10020,8080,-117,180,-168,-14784,4748,2928,-1009,-1,-90,-14860,-2060,5668,-531,145,-131,0
1635.344162940979,10616,4376,10944,-33,-145,87,9844,-9968,8032,-100,149,-157,-14712,4756,2860,-901,-11,-78,-14788,-2152,6044,-579,134,-144,0
1635.3773770332336,10624,4260,10772,-85,-123,94,9688,-10016,8020,-122,141,-170,-14616,4684,2796,-918,-1,-87,-14700,-2080,6016,-565,179,-151,0
1635.4106349945068,10644,4596,10720,18,-122,61,9896,-10020,8028,-142,129,-234,-14600,4708,2900,-905,-10,-98,-14740,-2204,5980,-579,138,-116,0
1635.4440169334412,10688,4300,10944,-52,-144,71,10108,-9792,8068,-110,111,-175,-14596,4760,2864,-884,-46,-71,-14788,-2248,5900,-533,150,-162,0
1635.4813539981842,10596,4164,10888,-77,-100,2,9892,-9900,8168,-100,218,-178,-14724,4728,3028,-876,-12,-92,-14928,-2120,5692,-614,125,-130,0
1635.5162479877472,10668,4252,10916,0,-130,68,9748,-10104,7936,-139,75,-178,-14604,4760,2944,-975,83,-80,-14740,-2100,6112,-530,118,-73,0
1635.5522611141205,10624,4276,10876,-49,-123,94,9744,-9928,7956,-150,216,-195,-14644,4740,3020,-1272,124,-85,-14724,-2204,6008,-533,103,-84,0
1635.5878109931946,10624,4364,11000,-109,-161,107,9848,-10216,7692,-129,167,-204,-14716,4692,3028,-930,-4,-62,-14796,-2244,5988,-414,18,-138,0
1635.6229360103607,10612,4300,10920,-144,-155,165,9892,-10036,7968,34,142,-197,-14584,4756,2988,-1120,15,-83,-14820,-2160,6044,-299,1,-137,0
1635.6582620143893,10832,4300,10832,-197,-207,142,9852,-10224,8424,-89,73,-185,-14676,4628,2856,-1205,186,-50,-14912,-2164,6092,-138,-103,-96,0
1635.6936869621277,10732,4292,11152,-155,155,154,9988,-9988,7672,134,28,-154,-14760,4752,2916,-1191,172,-118,-14824,-2152,5992,-413,-188,-85,0
1635.7292959690094,10792,4384,10720,-260,-90,138,10040,-9904,7972,-24,110,-184,-15008,4736,2984,-1180,107,-50,-14716,-2144,6156,-299,-215,-129,0
1635.7644290924072,10744,4104,11228,-132,16,130,9908,-10204,7724,15,67,-189,-14456,4708,3244,-1106,157,-122,-14792,-2132,6104,-385,-225,-120,0
1635.7997159957886,10728,4408,10588,-199,-109,112,9908,-10208,8008,24,130,-205,-14724,4688,2884,-1071,174,-56,-14772,-1832,6320,-142,-98,-143,0
1635.835008144379,10944,4212,10636,-80,-27,76,9888,-10000,8164,53,118,-144,-14648,4732,3108,-1024,217,-73,-14696,-2108,5936,-382,-2,-99,0
1635.87043094635,10848,4392,10948,-11,-69,100,9824,-9964,7988,-91,154,-174,-14692,4356,2824,-1006,149,-46,-14780,-1820,6128,-496,-3,-144,0
1635.9056730270386,10520,4324,10860,-67,-86,71,9912,-10020,7936,10,134,-182,-14664,4772,2812,-1011,194,-68,-14652,-2104,6360,-557,185,-159,0
1635.9416520595553,10500,4344,10808,-50,-42,108,9812,-9888,7876,56,109,-163,-14792,4692,2576,-1075,180,-42,-14760,-2072,6012,-446,264,-148,0
1635.9776899814606,10728,4568,10780,-98,-43,118,9872,-9968,8024,43,150,-171,-14680,4732,2876,-1094,225,-82,-14828,-2132,6188,-461,177,-120,0
1636.0127410888672,10684,4392,10928,-118,-55,112,9808,-9744,7808,11,145,-139,-14636,4732,2952,-1002,171,-108,-14768,-2160,6044,-496,120,-149,0
1636.048768043518,10724,4296,10936,-110,-83,117,9976,-9936,7988,246,130,-183,-14764,4616,2872,-996,146,-59,-14684,-2116,6088,-513,118,-142,0
1636.0839960575104,10700,4592,10800,-81,-114,124,9840,-9984,7800,-24,48,-210,-14672,4648,3056,-991,155,-94,-14816,-2144,6032,-542,170,-154,0
1636.1203620433807,10896,4560,10988,-90,-108,107,9832,-9900,8076,-40,133,-207,-14684,4652,3024,-1007,85,-127,-14780,-2064,6180,-491,201,-158,0
1636.1536750793455,10680,4348,10936,-187,-143,105,9876,-9784,8060,-13,178,-166,-14656,4740,2928,-1045,126,-75,-14768,-2156,6376,-463,183,-123,0
1636.1917400360107,10664,4396,10952,-171,-78,94,9868,-9996,8060,4,163,-183,-14676,4716,3016,-1020,153,-70,-14736,-2200,6108,-495,193,-94,0
1636.2255289554596,10532,4388,10920,-158,-65,102,9888,-9920,8040,14,162,-185,-14828,4804,2916,-1027,118,-94,-14840,-2076,6072,-499,156,-120,0
1636.2590279579165,10700,4592,11008,-194,-83,98,9812,-9940,8068,-23,152,-200,-14628,4672,2940,-966,134,-96,-14808,-2284,5992,-492,167,-134,0
1636.2923700809479,10760,4396,10936,-109,-63,84,9932,-9888,8000,-76,167,-217,-14712,4812,3116,-970,85,-114,-14772,-2072,6080,-502,168,-165,0
1636.3259880542755,10680,4136,10540,-168,-68,80,9760,-10232,8016,15,131,-188,-14624,4700,2952,-1031,133,-108,-14772,-2112,5956,-486,233,-99,0
1636.3617520332336,10696,4424,10928,-193,-21,135,9848,-9844,8088,-31,121,-193,-14660,4588,3072,-1003,179,-62,-14856,-2076,5924,-446,137,-84,0
1636.3946850299835,10748,4396,10936,-202,-55,109,9916,-9876,7964,-71,162,-191,-14680,4740,2900,-997,120,-125,-14812,-2168,6072,-498,194,-127,0
1636.4281771183014,10692,4376,10868,-258,-86,106,9968,-9948,8004,-34,204,-165,-14844,4716,2956,-989,88,-102,-14696,-2060,6092,-506,171,-123,0
1636.461807012558,10752,4128,10836,-216,-20,81,9896,-9916,8008,-66,300,-130,-14796,4748,2984,-998,108,-34,-14724,-2064,5992,-765,107,-119,0
1636.4952111244202,10724,4104,10936,-219,42,97,9832,-9912,7996,-6,259,-91,-14840,4696,2932,-1007,82,-21,-14680,-2056,6104,-475,148,-102,0
1636.5286769866943,10584,4500,10780,-243,52,83,9856,-10036,7988,20,195,-144,-14640,4764,2968,-1173,176,-60,-14648,-2136,6248,-494,194,-167,3
1636.562108039856,10636,4568,10856,-180,-255,87,9764,-10152,8084,-251,120,-209,-14672,4764,2812,-1051,157,-119,-14688,-2152,6096,-559,214,-145,3
1636.5957400798798,10604,4440,11008,-171,-103,88,9760,-9992,8024,-13,99,-243,-14656,4712,2868,-1001,156,-91,-14840,-1868,6080,-484,2,-106,3
1636.6291599273682,10840,4564,10988,-169,-72,98,9972,-9924,7924,-3,151,-197,-14824,4688,2692,-991,115,-79,-14916,-2044,6072,-768,226,-126,3
1636.6625590324402,10508,4308,10896,-159,-60,77,9824,-9860,8060,29,192,-191,-14776,4764,2876,-994,83,-86,-15024,-2092,5984,-257,192,-130,3
1636.6960959434507,10752,4252,10656,-161,-12,81,9856,-9968,7952,27,153,-173,-14728,4648,3008,-1041,105,-51,-14664,-2148,6016,-479,143,-147,3
1636.7296071052551,10672,4448,10888,-169,24,86,9832,-9992,7964,26,165,-148,-14788,4668,2812,-1037,95,-44,-14800,-2304,6072,-466,146,-123,3
1636.76309299469,10632,4144,10788,-215,20,136,9916,-9928,8032,20,191,-128,-14772,4816,2888,-1065,99,-20,-14832,-2056,6020,-489,164,-97,3
1636.7968821525574,10716,4340,11020,-506,-5,145,9868,-10088,8096,4,164,-184,-14612,4720,2984,-1070,172,-85,-14800,-2200,6088,-438,212,-54,3
1636.8305730819702,10596,4356,11152,-308,-161,178,9844,-10056,8140,-8,154,-231,-14808,4852,2840,-1021,182,-149,-14784,-2116,6160,-500,283,-82,3
1636.864058971405,10636,4364,11088,-206,-270,181,9784,-10004,8012,-62,50,-286,-14668,4800,2876,-981,197,-175,-14760,-2072,5964,-530,247,-72,3
1636.89741396904,10588,4312,11052,-196,-342,193,9784,-9984,7868,-112,58,-277,-14668,4816,2848,-994,120,-172,-14672,-2108,5952,-519,296,-69,0
1636.9305250644684,10560,4244,10996,-244,-339,192,9840,-9940,7972,-84,117,-288,-14712,4784,2848,-969,169,-146,-14784,-2100,6184,-468,332,-24,0
1636.9642181396484,10668,4364,10816,-281,-313,176,9824,-9924,7932,-33,169,-295,-14756,4808,2896,-939,177,-209,-14832,-1828,6052,-467,349,-39,0
1636.9977679252625,10780,4236,10932,-348,-337,194,9948,-9984,8048,-17,186,-310,-14680,4792,2940,-964,160,-234,-14816,-2304,5948,-462,319,-35,0
1637.0314321517944,10828,4328,10888,-334,-336,195,9868,-9968,8048,14,141,-280,-14668,4764,2952,-992,158,-226,-14784,-2304,5920,-501,324,-36,0
1637.0648729801178,10740,4376,10844,-304,-359,211,9948,-9896,8084,10,94,-289,-14684,4804,2756,-943,246,-217,-14736,-2152,5856,-484,316,-34,0
1637.0984561443329,10496,4320,10760,-1,-358,212,9832,-9780,8024,-8,82,-305,-14764,4564,2852,-990,249,-201,-14608,-1880,5692,-469,292,-50,0
1637.1317620277405,10736,4344,10796,-206,-308,211,9856,-9744,7956,-56,84,-280,-14676,4464,2924,-978,232,-147,-15104,-2104,5816,-474,249,-92,0
1637.1688010692596,10936,4316,10540,-181,-180,157,10024,-9948,7840,-37,117,-228,-14684,4352,2648,-1006,199,-88,-14884,-1920,5884,-482,107,-97,0
1637.2039749622345,10796,4224,10564,-109,60,101,10080,-9764,7912,38,162,-73,-14820,4560,2940,-1050,37,70,-14956,-2056,5748,-491,13,-190,0
1637.240168094635,10844,4208,10668,-184,163,59,10016,-9764,7996,138,256,-14,-14744,4556,2732,-1061,50,42,-14860,-2124,5840,-486,36,-105,0
1637.275540113449,10780,4384,10872,-181,198,118,9964,-9872,8220,66,207,-45,-14764,4704,2936,-1066,136,8,-14892,-2144,5848,-457,104,245,0
1637.3117940425873,10760,4268,11056,-174,-56,155,9912,-10048,8064,8,193,-127,-14812,4816,2924,-1092,131,-45,-14604,-2088,6012,-499,174,-70,0
1637.3476719856262,10664,4336,10932,-121,-121,171,9844,-10028,8124,-36,127,-162,-14832,4716,2928,-990,101,-76,-14724,-1980,6072,-540,137,-121,0
1637.3831050395966,10512,4172,10920,-96,-88,142,9816,-10028,7896,-85,170,-122,-14656,4876,2892,-991,66,-57,-14768,-2060,6160,-534,125,-137,0
1637.4187660217283,10520,4172,10844,-97,-107,131,9716,-10012,7968,-99,174,-115,-14832,4892,2840,-953,116,-58,-14896,-2020,6004,-499,66,-102,0
1637.4544889926913,10808,4240,10896,-156,-16,130,9848,-9980,7804,-71,150,-103,-14736,4684,2720,-988,168,-78,-14804,-1984,5984,-450,122,-86,0
1637.490119934082,10864,4156,10840,-173,-34,136,9960,-9960,8188,-38,136,-157,-14848,4692,2720,-1010,110,-27,-14684,-1808,5920,-472,186,-132,0
1637.5253109931946,10792,4144,10936,-183,-76,124,9888,-9860,7996,-6,213,-161,-14744,4680,2756,-1011,90,-141,-14812,-2040,6072,-469,227,-137,0
1637.5609531402588,10744,4256,10920,-227,-147,129,9816,-10196,8144,47,138,-509,-14628,4776,2872,-1037,136,-177,-14684,-2108,5920,-477,287,-104,0
1637.5962090492249,10796,4304,10884,-141,-137,138,9820,-9800,8048,39,79,-254,-14616,4672,2996,-1063,197,-188,-14812,-2076,5924,-453,511,-60,0
1637.6322090625763,10720,4272,10808,-152,-133,108,9864,-9852,7968,3,141,-223,-14768,4664,2872,-1003,134,-81,-14692,-2104,6004,-478,187,-130,0
1637.6681151390076,10808,4356,10716,-174,-85,112,9988,-9824,8104,-37,140,-199,-14844,4700,2904,-986,48,-53,-14912,-2292,6024,-493,65,-154,0
1637.7033619880676,10796,4232,10904,-162,-27,130,9896,-9832,8180,-85,121,-149,-14704,4700,2608,-1003,40,-57,-14844,-2296,5896,-508,90,-156,0
1637.73867893219,10832,4212,10808,-151,-5,118,9860,-9620,8172,-96,52,-132,-14684,4560,2724,-975,113,-59,-14704,-1984,5720,-476,91,-92,0
1637.7734351158142,10740,4280,10884,-134,-46,163,9820,-9916,7732,-60,63,-167,-14688,4624,2896,-977,159,-43,-14784,-2032,5936,-456,158,-71,0
1637.8098599910736,10720,4112,10980,-169,-114,168,9936,-9932,8044,-49,91,-175,-14784,4768,3012,-1055,162,-101,-14760,-2004,5972,-475,171,-73,0
1637.843414068222,10760,4124,10808,-174,-99,138,9848,-9880,7952,-4,140,-171,-14736,4748,2832,-772,115,-93,-14848,-1988,6160,-506,162,-96,0
1637.8770051002505,10868,4148,10904,-132,-94,114,9880,-9984,7964,8,179,-191,-14812,4764,2828,-1014,42,-27,-14740,-2116,6116,-543,128,-155,0
1637.910404920578,10568,4240,10876,-194,-56,106,9840,-9920,8044,16,153,-128,-14660,4676,3068,-1014,61,-64,-14876,-2296,6128,-503,141,-161,0
1637.9437820911407,10752,4240,10972,-90,-7,112,9740,-9944,7776,-45,119,-151,-14784,4736,2828,-977,56,-80,-14804,-2092,5916,-261,109,-153,0
1637.977296113968,10716,4312,10888,-133,-86,64,9840,-9884,8012,-20,166,-194,-14716,4692,2740,-973,90,-125,-14812,-2012,6000,-510,147,-158,0
1638.0107769966125,10736,4196,10912,-159,-79,112,9904,-9896,7988,255,126,-192,-14764,4728,2660,-994,102,-98,-14732,-2032,5828,-454,174,-97,0
1638.0443480014799,10496,4248,10596,-163,-85,103,9808,-9876,7872,-25,134,-194,-14736,4832,3048,-984,134,-67,-14780,-2100,6084,-468,133,-113,0
1638.0776879787443,10764,4228,10928,-176,-62,104,9880,-9792,8088,-2,138,-203,-14740,4396,2924,-972,94,-123,-14900,-1956,6032,-456,161,-133,0
1638.1113209724426,10980,4324,10808,-158,-44,98,9796,-9940,8048,22,138,-187,-14704,4684,2708,-982,47,-139,-14836,-2108,5928,-485,186,-149,0
1638.144737958908,10536,4304,10992,-199,-70,93,9872,-9844,8208,32,210,-215,-14680,4708,2772,-953,116,-102,-14764,-2060,5992,-516,184,-159,0
1638.1781480312347,10828,4168,10992,-146,-79,118,9896,-9924,8028,41,64,-213,-14684,4736,2916,-770,163,-63,-14764,-2068,5892,-535,190,-97,0
1638.2117550373077,10800,4472,10904,-166,-88,138,10004,-9888,8128,42,111,-185,-14780,4676,2816,-951,143,-38,-14820,-1804,6052,-513,117,-86,0
1638.2452480793,10684,4212,10916,-197,-57,132,9908,-9912,7980,1,126,-199,-14708,4736,2936,-962,172,-106,-14752,-2024,6024,-498,158,-78,0
1638.2786331176758,10700,4188,10940,-132,-74,139,9860,-9948,8068,50,110,-176,-14700,4716,2844,-956,158,-85,-14804,-2164,6020,-529,188,-94,0
1638.3122880458832,10572,4280,10988,-186,-73,142,9932,-9892,8012,-8,121,-185,-14680,4676,2592,-952,194,-53,-14652,-1816,5884,-524,160,-127,0
1638.3457770347595,10732,4260,10940,-156,-82,135,9948,-9880,8092,-25,110,-188,-14692,4744,2720,-1063,121,-68,-14688,-1812,5984,-524,149,-87,0
1638.3791201114655,10496,4228,10648,-167,-73,118,9860,-9808,7948,33,102,-175,-14832,4728,2648,-1017,106,-121,-14848,-1980,6052,-481,139,-97,0
1638.4124290943146,10768,4132,10868,-170,-119,117,9808,-9740,7944,44,153,-209,-14640,4628,2960,-1083,32,-108,-14820,-2028,5948,-459,211,-97,0
1638.4457550048828,10728,4152,10912,-171,-87,103,9904,-9856,8108,52,140,-197,-14760,4648,2872,-1138,87,-107,-14804,-2020,5972,-410,190,-131,0
1638.4791390895844,10780,4164,10964,-221,-64,104,9800,-9940,8112,56,194,-197,-14740,4668,2852,-1036,42,-72,-14832,-2044,5920,-402,183,-108,0
1638.5124659538267,10760,4140,10816,-155,-85,139,9832,-10000,8104,50,158,-205,-14736,4788,2896,-1280,-18,-117,-14836,-2052,5896,-390,136,-106,0
1638.5458679199219,10876,4228,11048,-209,-40,140,9924,-9888,8416,54,152,-183,-14736,4724,2480,-995,188,-85,-14828,-2104,5940,-428,78,-73,0
1638.5791850090027,10692,4256,10816,-214,-25,148,9992,-9884,8016,-20,153,-163,-14724,4624,2904,-1013,151,-52,-14796,-2100,6056,-405,115,-115,0
1638.6124169826508,10768,4268,10776,-194,-48,130,9920,-9776,8076,-55,142,-144,-14796,4420,2936,-1056,46,-45,-14976,-1988,5996,-375,92,-130,0
1638.6457769870758,10800,4200,10844,-267,-79,103,9880,-9836,8160,35,171,-180,-14756,4656,2796,-1156,102,-72,-14784,-1952,5924,-372,142,-105,0
1638.67941904068,10824,4184,10832,-226,-243,87,9820,-9868,8000,73,233,-162,-14644,4724,2840,-1123,-31,-85,-14760,-2076,5900,-278,181,-135,0
1638.7129790782928,10680,4220,10856,-251,66,140,9792,-9868,8120,39,125,-146,-14724,4716,2728,-1159,249,-47,-14652,-1996,6056,-331,115,-86,0
1638.7467041015625,10728,4240,10960,-270,77,151,9772,-9924,8020,52,109,-170,-14708,4668,2784,-1185,141,-98,-14812,-2092,5928,-151,246,-23,0
1638.7800779342651,10604,4328,10928,-259,94,176,9776,-9768,8308,-60,127,-175,-14700,4556,2892,-1225,99,-142,-14748,-1980,5932,-81,219,-9,0
1638.8133900165558,10516,4176,10956,-370,99,147,9888,-9812,7984,-21,162,-164,-14736,4680,3228,-1157,13,-111,-14844,-2100,5896,-276,263,-86,0
1638.8498439788818,10728,4148,11024,-242,11,101,9912,-9856,8040,-83,217,-156,-14712,4748,2700,-1017,-51,-56,-14656,-2000,5976,-436,193,-113,0
1638.8847680091858,10688,4208,10976,-268,-79,91,9832,-9912,8060,23,135,-183,-14620,4768,2892,-953,106,-38,-14724,-1972,5960,-528,97,-110,0
1638.92027592659,10532,4100,10872,-168,-57,154,9848,-9888,8340,-95,73,-162,-14784,4740,2940,-928,127,-154,-14804,-2256,5800,-476,308,-78,0
1638.955446958542,10952,4232,10980,-106,-40,114,9844,-9856,8120,-158,116,-169,-14832,4380,3104,-966,96,-143,-14676,-2032,5892,-479,409,-62,0
1638.9910531044006,10728,4172,10932,-152,174,72,9896,-9876,7896,-136,218,-165,-14696,4780,3048,-958,-50,-165,-14692,-2084,5940,-595,412,-63,0
1639.027142047882,10644,4144,11012,-282,125,22,9964,-9900,8060,-44,247,-175,-14756,4736,2772,-849,-13,-99,-14936,-2028,6124,-705,211,-110,0
1639.0622401237488,10692,4060,11080,-225,46,38,9892,-9996,8004,-60,219,-212,-14744,4660,2720,-718,51,-112,-14888,-1924,5808,-535,257,-180,0
1639.0980169773102,10680,4044,10932,-228,-50,130,9860,-9980,8008,-32,202,-193,-14716,4648,2820,-773,12,-101,-14808,-1952,5752,-563,388,-178,0
1639.1330630779266,10600,3912,10904,-208,-25,118,9884,-9936,7728,9,181,-215,-14676,4672,2972,-855,67,-97,-14760,-1932,6020,-495,208,-137,0
1639.1687080860138,10640,4184,10904,-122,-41,135,9864,-9952,8100,0,159,-206,-14652,4572,2964,-885,63,-118,-14896,-2028,5728,-611,174,-184,0
1639.2037780284882,10560,4344,11040,-72,-50,48,9952,-9944,8004,-24,220,-193,-14804,4708,3060,-965,-55,-35,-15012,-2292,6136,-599,149,-237,0
1639.238979101181,10752,4148,10948,-116,-22,52,9924,-9792,8048,-29,266,-110,-14696,4708,2860,-962,-32,-26,-14916,-1912,5796,-585,160,-232,0
1639.2743120193481,10664,4232,10964,-59,-20,12,9916,-9820,8128,-86,308,-121,-14748,4684,3028,-988,-31,-8,-14920,-1952,6108,-551,170,-231,0
1639.3108789920807,10660,4216,10984,-137,-30,-1,9828,-9912,8116,-16,304,-142,-14688,4708,2920,-971,57,-45,-14636,-1924,5784,-544,199,-213,0
1639.3458881378174,10628,4164,10772,-176,4,29,9608,-9788,8200,-40,208,-127,-14588,4764,2864,-1020,-253,-51,-14652,-2092,5756,-582,197,-177,0
1639.3816940784454,10700,4148,10936,-139,15,42,9836,-9860,7944,248,232,-141,-14708,4676,2920,-994,-254,-62,-14820,-2080,6140,-578,133,-179,0
1639.4177119731903,10672,4156,11064,-131,26,66,9908,-9928,8228,-8,190,-113,-14376,4672,3076,-1009,6,-37,-14856,-2124,5844,-496,97,-170,0
1639.452418088913,10512,4308,10984,-119,35,113,9784,-9872,8160,14,120,-109,-14660,4840,3156,-1070,44,-17,-14804,-2068,5688,-481,149,-92,0
1639.4888110160828,10488,4136,11160,-141,42,128,9728,-9856,8248,-7,114,-124,-14760,4648,2976,-1048,92,12,-14832,-2288,5800,-520,101,-75,0
1639.52232503891,10680,4160,11020,-106,22,128,9816,-9884,8384,-33,121,-141,-14700,4724,2948,-1016,91,-6,-14748,-1892,5980,-543,176,-103,0
1639.5558080673218,10524,4196,11052,-147,-12,150,9808,-9936,8028,-21,138,-129,-14684,4740,2848,-1012,81,-72,-14792,-2020,5788,-505,213,-120,0
1639.5893359184263,10656,4108,11152,-124,15,103,9800,-9924,8140,-5,129,-200,-14724,4756,2856,-959,62,-116,-14676,-2004,5684,-470,202,-129,0
1639.6229360103607,10536,4172,10900,-139,-3,129,9844,-9940,7984,-35,124,-166,-14720,4736,2748,-987,57,-61,-14908,-2012,6084,-430,176,-106,0
1639.6563889980316,10604,4152,11056,-153,-28,119,9732,-10196,7960,-40,121,-168,-14732,4708,3136,-992,86,-23,-14776,-2016,5796,-467,196,-160,0
1639.6900219917295,10628,4104,11060,-179,11,62,9856,-9884,8124,-5,138,-187,-14736,4644,3096,-984,65,-65,-14916,-1944,5912,-501,195,-151,0
1639.7237260341644,10604,3848,11228,-195,47,61,9844,-9968,7992,30,197,-154,-14620,4880,3016,-1000,53,-64,-14848,-2036,5968,-487,202,-157,0
1639.7572989463806,10732,4104,10988,-220,30,97,9636,-9900,8152,84,188,-153,-14760,4716,2916,-983,115,-94,-14864,-2028,5944,-438,193,-154,0
1639.7906699180603,10364,4108,10988,-176,33,93,9932,-9764,8404,76,178,-201,-14580,4672,3044,-972,124,-117,-14748,-1816,5856,-480,0,-178,0
1639.8242239952087,10740,4240,11236,-193,-52,59,9952,-9964,8196,62,191,-235,-14704,4768,2960,-978,135,-137,-14936,-2116,5944,-488,243,-173,0
1639.8575849533079,10604,4148,11064,-123,-35,50,9848,-9988,8248,7,160,-204,-14748,4700,2992,-952,98,-157,-14884,-2140,5784,-541,225,-168,0
1639.8906619548798,10556,4240,10872,-116,-35,24,9804,-9864,8328,20,203,-219,-14572,4648,3028,-946,73,-171,-14732,-1920,5744,-547,242,-179,0
1639.9241700172424,10576,4248,10776,-145,22,-9,9760,-9828,8048,-33,185,-251,-14524,4660,2928,-908,95,-177,-14932,-2096,6028,-514,271,-174,0
1639.957937002182,10700,4196,11144,-175,-12,16,9864,-9864,8180,-20,207,-245,-14724,4776,2856,-915,137,-131,-14940,-2020,5708,-505,281,-143,0
1639.9911580085754,10292,4184,10808,-171,-33,56,9740,-10184,8120,-10,173,-218,-14636,4700,2900,-965,127,-155,-14712,-2300,5764,-460,292,-124,0
1640.0247919559479,10644,4192,11200,-229,-84,113,9828,-9864,8124,-3,164,-227,-14772,4788,2960,-984,120,-157,-14940,-2128,5840,-423,249,-81,0
1640.0583081245422,10596,4168,10968,-276,-121,152,9732,-9900,8264,3,122,-230,-14784,4692,3052,-996,107,-114,-15008,-2040,5780,-438,244,-76,0
1640.091877937317,10608,4284,11012,-234,-117,148,9844,-9884,8320,-10,131,-211,-14672,4752,3012,-976,95,-116,-14860,-2072,5844,-457,140,-130,0
1640.1255099773407,10568,4292,11148,-217,-129,160,9972,-9900,8044,-9,85,-183,-14676,4720,3184,-1010,98,-96,-14836,-2084,5688,-480,142,-96,0
1640.1590640544891,10460,4184,11108,-221,-132,156,9796,-9892,8432,-13,102,-197,-14592,4740,3040,-982,134,-42,-14832,-2008,5884,-506,136,-101,0
1640.1924431324003,10556,4260,11216,-208,-152,126,9916,-9772,8140,-11,103,-226,-14708,4668,2964,-913,96,-164,-14852,-1968,5852,-428,135,-116,0
1640.226112127304,10576,4168,11088,-203,-220,152,9812,-9936,8140,25,101,-244,-14664,4720,3056,-1272,98,-181,-14888,-1936,5780,-474,172,-104,0
1640.259782075882,10512,4216,11156,-227,-275,152,9752,-9908,8264,-11,115,-272,-14756,4680,3060,-982,114,-139,-14888,-1824,5672,-486,193,-125,0
1640.2935299873352,10552,4292,11108,-217,-289,162,9832,-9860,8180,-252,132,-287,-14704,4668,2892,-996,77,-172,-14924,-2016,5796,-494,236,-136,0
1640.3274140357971,10552,4180,11152,-195,-358,145,9868,-9844,8272,33,202,-237,-14692,4664,2908,-948,29,-177,-15100,-2092,5816,-571,241,-177,0
1640.3610820770264,10684,4132,10976,-174,-324,119,9732,-9748,8096,22,166,-259,-14708,4740,2608,-975,107,-134,-14924,-2064,5844,-480,170,-112,0
1640.394248008728,10704,4016,11000,-172,-238,152,9824,-9868,8132,-59,81,-193,-14652,4664,2880,-951,94,-139,-14880,-1872,5664,-490,200,-141,0
1640.4279260635376,10692,4148,10980,-257,-244,97,9880,-9516,8300,-34,166,-247,-14732,4616,2940,-962,45,-136,-14616,-2048,5260,-662,48,-183,3
1640.46160197258,10672,4228,11868,233,-320,156,9840,-9752,8236,-66,116,-283,-14692,4696,3028,-802,241,-92,-14932,-2056,5808,-433,47,-181,3
1640.4951360225677,10468,4168,11012,-123,-409,197,9708,-9760,8356,-122,26,-243,-14436,4404,2892,-1023,48,-129,-14888,-2064,5656,-340,205,-98,3
1640.532436132431,10588,4076,11164,-56,-174,224,9832,-9848,8096,-141,52,-227,-14764,4660,2804,-933,107,-84,-14976,-1968,5672,-632,75,-136,3
1640.5682101249695,10792,4148,10984,-141,-181,206,9804,-9760,8264,-3,-18,-203,-14732,4724,2960,-951,135,-77,-14932,-2040,5924,-486,23,-111,3
1640.603760957718,10628,4204,10744,-65,-91,221,9852,-9844,8164,-59,-44,-188,-14672,4660,2924,-916,280,-68,-14760,-2168,5684,-765,-100,-120,3
1640.6393029689789,10620,4064,10984,7,-92,184,9876,-9856,8020,-8,5,-180,-14716,4680,2572,-1052,262,-115,-15092,-2024,5600,-532,52,-141,3
1640.6751611232758,10508,4088,10820,103,5,121,9972,-9660,8240,-31,46,-122,-14804,4616,2972,-943,263,-53,-14928,-2152,5752,-719,-130,-176,3
1640.7114679813383,10660,4216,10740,97,152,36,9804,-9780,8316,14,163,-67,-14736,4556,3252,-1274,205,21,-14780,-2116,5428,-702,77,-171,3
1640.747584104538,10612,4244,11024,-160,78,44,9824,-9824,8164,32,180,-171,-14620,4592,3040,-1020,214,-19,-14812,-2104,6120,-602,131,-123,3
1640.7829639911652,10656,4344,10864,-171,-12,74,9948,-9844,8180,-31,59,-197,-14776,4732,2820,-921,229,-42,-14884,-2004,5940,-484,115,-135,3
1640.8191890716553,10680,4156,10768,-117,12,109,9816,-9736,8176,-70,89,-198,-14668,4712,2848,-963,235,-38,-15020,-1816,5960,-605,121,-112,3
1640.8542370796204,10508,4124,11188,-23,-85,108,9856,-9940,8028,-70,82,-212,-14680,4836,2588,-1091,244,-102,-14976,-2068,5828,-582,143,-127,3
1640.889776945114,10752,4160,11168,-11,-22,90,9800,-9936,8176,-58,54,-200,-14724,4764,2928,-1061,184,-23,-14900,-2100,5812,-654,152,-152,0
1640.925143957138,10604,4176,11140,-25,95,102,9844,-9760,7972,-91,151,-95,-14664,4692,3044,-1013,98,-11,-14852,-2076,5864,-639,128,-135,0
1640.9607770442965,10548,4104,11024,-80,131,121,9952,-9764,8368,-55,138,-86,-14756,4624,2896,-984,163,11,-14820,-2212,6120,-616,22,-109,0
1640.996115922928,10556,4176,11072,-61,87,129,9868,-9808,8412,-111,120,-122,-15028,4684,2800,-1012,181,-22,-14652,-2084,5844,-642,63,-157,0
1641.0317800045013,10716,4300,10932,-45,30,92,9924,-9844,8112,-140,83,-165,-14740,4684,2880,-1008,143,225,-14852,-2120,5808,-642,101,-144,0
1641.066211938858,10692,4276,11064,-55,-23,110,9792,-9848,8228,-134,77,-163,-14608,4760,2952,-1001,117,-86,-14960,-2076,5816,-641,112,-124,0
1641.1022670269012,10564,4188,10608,-61,-26,115,9792,-9844,8188,-85,66,-171,-14676,4684,2564,-955,83,-88,-14784,-2124,5812,-565,123,-169,0
1641.1381180286407,10604,4296,11200,-59,0,83,9816,-9904,8064,-110,98,-181,-14628,4812,2860,-993,31,-115,-14860,-2104,5880,-569,131,-166,0
1641.1747920513153,10600,4256,11180,-21,115,64,9848,-9980,8136,-125,87,-152,-14668,4740,2892,-994,14,-87,-14868,-1820,5764,-508,152,-171,0
1641.212993144989,10636,4340,10836,-77,163,74,9768,-9896,8092,-180,67,-176,-14612,4772,2744,-1276,29,-46,-14876,-2108,5796,-487,81,-158,0
1641.247225046158,10240,4268,11096,-163,248,134,9832,-9908,8240,-85,74,-127,-14680,4660,3064,-976,-5,-33,-14888,-2236,5944,-523,163,-154,0
1641.2806611061096,10552,4392,10776,-146,202,131,9796,-9864,8436,-144,56,-142,-14604,4632,2944,-949,-55,-22,-14728,-2204,5832,-436,147,-130,0
1641.3143451213837,10308,4248,10856,-246,292,173,9788,-9892,8084,-37,58,-179,-14672,4764,2924,-945,-71,-104,-14072,-2040,5620,-598,248,-146,0
1641.3476359844208,10388,4152,11472,-320,427,202,9868,-9848,7868,14,117,-159,-14732,4672,3116,-940,-104,-113,-14740,-2164,5964,-490,264,-179,0
1641.381066083908,10536,4224,10932,-339,96,121,9968,-9884,8176,-241,242,-180,-14776,4728,2952,-1047,-5,-127,-14760,-2176,6136,-408,218,-96,0
1641.4157650470734,10352,4232,11320,-265,-189,85,9928,-9976,8304,252,177,-224,-14764,4756,2584,-1109,106,-199,-14856,-2204,5636,-325,346,-77,0
1641.4492321014404,10432,4228,11496,27,-476,131,9848,-10060,8200,-110,117,-248,-14792,4864,2760,-1196,318,-185,-14892,-2304,6000,-361,187,-121,0
1641.4827020168304,10400,4132,11140,214,-497,135,9776,-9880,8064,-159,20,-236,-14716,4800,3192,-1360,341,-194,-14768,-2232,5476,-162,287,-48,0
1641.5160081386566,10504,4144,11116,-236,-181,139,9880,-9936,7688,-45,130,-185,-14572,4764,2840,-1138,80,-120,-14660,-2184,6068,-570,144,-116,0
1641.549411058426,10312,4268,11260,-155,-184,134,9808,-9908,8064,-85,114,-154,-14780,4696,2756,-1082,217,-162,-15100,-1892,5624,-57,307,27,0
1641.5830359458923,10544,4100,11188,-363,76,214,9924,-9912,8028,55,182,-221,-14776,4412,2820,-1086,143,-170,-14888,-2152,5792,-259,487,-18,0
1641.6166851520538,10644,4244,11124,-498,255,198,9740,-9912,8084,84,260,-248,-14756,4632,2840,-1049,138,-181,-14980,-2108,6048,-520,358,248,0
1641.6498010158539,10536,4240,11228,-512,-164,133,9868,-9900,8188,9,213,-238,-14624,4636,2840,-1005,189,-183,-14840,-2016,5788,-464,214,-49,0
1641.6833670139313,10468,4104,10968,-120,-379,137,9896,-9840,7996,-72,141,-312,-14736,4708,3020,-1056,183,-217,-14616,-2112,5676,-334,191,-47,0
1641.716964006424,10524,4156,11036,-65,-449,131,9912,-9872,8088,-70,131,-292,-14680,4692,2848,-1117,204,-211,-15020,-2084,5808,-484,84,-63,0
1641.7502660751343,10524,4276,10888,-76,-400,115,9832,-9608,8056,-42,133,-218,-14664,4544,2764,-1071,255,-131,-14648,-2112,5680,-498,46,-93,0
1641.7837250232697,10664,4296,11064,-141,-276,113,9816,-9852,8088,-16,159,-191,-14816,4548,2712,-1033,216,-63,-14964,-2056,5764,-382,114,-77,0
1641.8173320293429,10528,4108,10780,-151,-173,137,10192,-9848,8092,-36,112,-170,-14700,4608,2672,-1048,219,-72,-14900,-2084,5504,-506,54,-106,0
1641.8507750034332,10544,4336,10952,-76,-111,136,9948,-9772,7916,-52,90,-145,-14604,4624,2848,-1120,173,-88,-14812,-2032,5496,-481,72,-102,0
1641.884130001068,10684,4288,10948,-84,23,141,9840,-9732,8096,-55,72,-133,-14756,4528,2776,-1068,157,-14,-14844,-2052,5596,-481,40,-90,0
1641.9175610542295,10616,4212,11096,-14,61,95,9984,-9836,8128,-60,117,-129,-14724,4588,2820,-1047,164,-6,-14872,-2032,5712,-496,116,-154,0
1641.9510970115662,10956,4228,10884,-118,79,82,9900,-9808,7968,-256,103,-98,-14724,4620,3068,-1075,111,-71,-14820,-2060,5692,-475,152,-125,0
1641.9844491481779,10528,4300,11236,-67,97,60,9856,-9808,8184,-11,175,-103,-14640,4364,2796,-1060,103,-24,-14976,-2144,5816,-434,58,-115,0
1642.0177459716797,10492,4320,11112,-93,99,35,9868,-9848,8148,-27,208,-94,-14708,4648,2996,-1035,67,19,-14864,-2188,5872,-427,59,-123,0
1642.0512709617615,10320,4232,11052,-69,13,72,9836,-9948,8180,-88,162,-123,-14844,4692,2816,-1043,70,-8,-14892,-2100,5760,-764,4,-160,0
1642.0848400592804,10564,4304,11180,-28,-71,48,9876,-9900,8036,-112,139,-141,-14688,4732,3068,-1033,132,-25,-14832,-2084,5860,-514,-20,-157,0
1642.11851811409,10612,4192,11204,-1,-153,97,9848,-9876,8016,-97,119,-99,-14680,4756,2848,-1036,159,-42,-14840,-2132,5760,-573,-41,-142,0
1642.1517870426178,10672,4284,11024,40,-115,50,9820,-9972,8100,-116,112,-105,-14724,4732,2804,-1091,147,-37,-14936,-2216,6012,-548,0,-130,0
1642.1853001117706,10496,4204,11076,-81,-129,66,9992,-9804,7836,-67,141,-142,-14664,4800,2772,-1109,149,218,-14824,-2032,6088,-577,49,-189,0
1642.2229170799255,10608,4156,10820,-71,-133,72,9924,-9804,8024,-39,154,-172,-14736,4640,2724,-1122,183,-80,-14840,-2072,5656,-580,79,-164,0
1642.2588379383087,10512,4332,10760,-78,-153,85,9884,-9848,7984,252,158,-167,-14756,4616,2916,-1130,153,-105,-14824,-2224,5800,-563,96,-117,0
1642.2942740917206,10584,4304,11004,-90,-118,80,9832,-9864,7988,-16,152,-180,-14736,4628,2752,-1062,74,-80,-15100,-2108,5768,-261,106,-167,0
1642.3299870491028,10656,4316,10984,-111,-62,45,9860,-9864,8064,4,195,-174,-14772,4632,2624,-1086,82,-110,-14764,-2072,5724,-487,106,-156,0
1642.3648409843445,10612,4392,10932,-113,-26,39,9812,-9912,8208,5,215,-147,-14768,4700,3008,-1077,243,-49,-14664,-2092,5788,-417,115,-150,0
1642.4006950855255,10544,4320,10912,-146,37,45,9856,-9916,8100,22,202,-189,-14628,4684,2612,-1077,67,-99,-14656,-2172,5884,-431,105,-170,0
1642.4362440109253,10596,4564,10908,-196,-26,77,9784,-9824,8096,250,160,-156,-14736,4632,2912,-1018,100,-39,-14932,-2132,5832,-504,107,-137,0
1642.4722390174866,10668,4224,11012,-87,20,79,9928,-9924,8068,-4,130,-140,-14720,4628,2824,-1076,75,-62,-14792,-1988,5764,-481,120,-108,0
1642.507411956787,10744,4360,11108,-133,9,134,9964,-9860,8092,-16,91,-145,-14728,4436,2948,-1064,121,-63,-14828,-2188,6136,-488,95,-86,0
1642.5434110164642,10516,4388,10852,-67,-51,117,9900,-9788,7976,-63,122,-157,-14756,4640,2924,-1061,103,-84,-14832,-2196,5748,-471,140,-99,0
1642.5792009830475,10532,4168,11092,-183,-74,101,9892,-9884,8048,-13,160,-157,-14712,4608,2820,-1081,77,-64,-14944,-1900,6124,-446,166,-110,0
1642.6144211292267,10264,4400,11068,-154,-38,107,9760,-9836,8180,1,160,-149,-14684,4628,2860,-980,45,-68,-14840,-2040,5844,-482,173,-139,0
1642.6497309207916,10736,4268,11052,-137,-35,86,9732,-9900,8136,20,176,-190,-14740,4708,2692,-1042,84,-97,-15032,-2140,5668,-445,131,-113,0
1642.6849319934845,10424,4312,11112,-161,-39,96,9812,-10176,7940,-15,137,-157,-14676,4684,2824,-996,98,-106,-14844,-2116,5856,-496,173,-104,0
1642.7207081317902,10460,4296,11088,-159,-44,106,9740,-9948,7956,-24,128,-168,-14704,4676,2988,-1020,141,-90,-14856,-2064,5860,-460,186,-128,0
1642.7572119235992,10596,4292,10936,-180,-80,112,9844,-9936,8116,18,91,-187,-14660,4388,2980,-1276,98,-110,-15084,-2196,5868,-483,181,-137,0
1642.7927150726318,10748,4256,11252,-139,-37,100,9916,-9900,8032,26,144,-183,-14640,4676,2956,-1001,68,-100,-14872,-2164,6040,-476,185,-101,0
1642.8289279937744,10508,4556,10784,-193,-38,106,9876,-9872,7964,-254,205,-176,-14840,4672,3012,-991,83,-102,-15028,-2140,5792,-476,197,-155,0
1642.8647451400757,10476,4276,10828,-196,-41,95,9792,-9848,7964,-5,172,-182,-14740,4628,2920,-1278,101,-66,-14812,-2148,5956,-476,194,-116,0
1642.8979370594025,10260,4568,11036,-214,-104,99,9836,-9940,8224,-3,193,-189,-14800,4596,3036,-996,77,-89,-14848,-2200,5852,-453,236,-80,0
1642.931627035141,10424,4356,11140,-301,-167,143,9832,-9944,8272,-26,149,-233,-14700,4728,2904,-977,133,-127,-14876,-2172,6132,-427,252,-50,0
1642.9652709960938,10440,4372,11100,-210,-215,147,9928,-9736,7944,-90,114,-244,-14692,4672,2844,-979,119,-138,-14984,-2128,5832,-447,151,-73,0
1642.9988610744476,10600,4228,11148,-225,-205,168,9640,-9956,8168,-24,69,-228,-14840,4752,2560,-928,101,-113,-14732,-2152,5940,-534,198,-80,0
1643.0322549343107,10572,4256,11116,-236,-253,179,9824,-9844,8052,-37,111,-251,-14684,4688,2884,-990,134,-111,-14804,-2072,5768,-459,213,-81,0
1643.0657370090485,10480,4268,11148,-203,-175,166,9856,-10080,8112,-25,90,-220,-14768,4696,2980,-999,143,-95,-14932,-2080,5792,-519,191,-32,0
1643.0993020534515,10600,4204,11056,-238,-180,189,9908,-9808,8004,-35,115,-213,-14844,4764,2820,-953,153,-115,-14924,-2140,5736,-508,186,-53,0
1643.1327550411224,10672,4324,10892,-271,-173,145,9848,-9844,8036,-12,110,-214,-14700,4528,2952,-980,102,-157,-14848,-2116,5688,-500,228,-81,0
1643.166214942932,10604,4324,11256,-224,-182,144,9840,-9948,7936,-19,193,-196,-14736,4860,2628,-966,86,-115,-14812,-2004,5796,-469,191,-112,0
1643.1997931003573,10704,4580,10876,-232,-174,104,9904,-9748,8180,-53,185,-210,-14744,4644,2984,-950,47,-90,-14864,-2092,5908,-462,210,-108,0
1643.2331831455233,10552,4260,10940,-281,-189,128,9840,-9816,8220,-39,172,-223,-14732,4700,2864,-951,51,-109,-14704,-2032,5792,-477,217,-128,0
1643.2666511535645,10580,4308,10900,-217,-247,110,9820,-9944,8104,-46,197,-252,-14616,4672,2912,-927,79,-120,-14916,-2072,5832,-512,202,-122,3
1643.3000349998474,10548,4196,11088,-188,-184,123,9824,-9888,8064,-47,124,-220,-14716,4856,2940,-993,97,-142,-14908,-1976,5824,-486,165,-72,3
1643.3334610462189,10676,4180,11000,-203,-160,145,9812,-9916,7988,-33,102,-223,-14752,4764,3052,-960,149,-93,-14860,-2144,5728,-493,204,-67,3
1643.3671340942383,10500,4260,10772,-222,-167,156,9720,-9868,8176,-5,110,-192,-14776,4680,2760,-967,138,-84,-14920,-2044,5864,-483,160,-73,3
1643.4003570079803,10628,4168,10956,-196,-158,169,9848,-9872,8048,-29,144,-215,-14760,4576,2880,-961,124,-117,-14880,-2132,5796,-500,185,-94,3
1643.4338319301603,10612,4224,10964,-153,-179,152,9808,-9828,7996,-32,97,-216,-14672,4600,3032,-978,109,-130,-14836,-2200,5816,-485,185,-96,3
1643.4674079418185,10572,4264,10936,-156,-140,142,9820,-9804,8056,-32,104,-205,-14816,4604,2924,-994,113,-107,-15100,-2076,5760,-485,178,-122,3
1643.5009789466858,10712,4280,10880,-108,-57,105,9804,-9844,8032,-51,143,-189,-14796,4576,2868,-993,61,-91,-14600,-2128,5748,-475,162,-190,3
1643.534292936325,10620,4144,10812,-100,-6,90,9948,-9836,8056,-3,187,-157,-14732,4544,2744,-991,37,-46,-14960,-1828,5844,-476,157,-131,3
1643.567978143692,10592,4220,11056,-130,34,83,9876,-9872,8344,13,164,-159,-14768,4720,2604,-1271,87,-90,-14916,-2028,5760,-500,132,-136,0
1643.6013340950012,10644,4240,10868,-101,58,102,9816,-9896,8084,-15,94,-148,-14656,4408,2680,-1060,114,-52,-14808,-2176,5716,-484,154,-121,0
1643.6347341537476,10636,4176,11016,-129,50,88,9868,-9904,7988,-4,155,-134,-14692,4752,2756,-1042,83,-38,-14924,-2136,5668,-470,128,-115,0
1643.668242931366,10640,4188,11136,-113,-4,88,9868,-9892,8056,-1,115,-147,-14788,4676,2832,-1002,117,-57,-14620,-2180,5764,-510,120,-109,0
1643.7015120983124,10660,4272,11044,-107,-17,112,9832,-9880,8176,-35,77,-157,-14792,4768,2876,-1027,88,-67,-15056,-2072,6128,-510,126,-129,0
1643.7350981235504,10744,4280,11088,-86,4,100,9848,-9828,8136,-43,113,-151,-14692,4648,2652,-951,21,-46,-14940,-2172,5900,-500,93,-156,0
1643.768618106842,10584,4288,10900,-117,40,95,9884,-9872,8116,-101,130,-136,-14752,4848,2876,-877,24,-25,-14916,-2152,5752,-487,66,-132,0
1643.8021841049194,10532,4196,10976,-79,60,58,9844,-9936,8072,-111,98,-126,-14776,4732,2744,-904,27,-13,-14944,-1968,5816,-541,59,-166,0
1643.8356530666351,10512,4148,11040,-119,48,73,9828,-9952,8044,-83,99,-110,-14684,4640,2808,-939,18,-22,-14812,-2104,5896,-549,93,-131,0
1643.87166595459,10556,4296,10988,-91,34,135,9824,-9876,8020,-43,60,-154,-14756,4672,2840,-985,102,-48,-14896,-2104,5864,-507,141,-132,0
1643.9075829982758,10280,4216,11048,-59,-17,101,9872,-9960,7960,-66,102,-146,-14684,4800,3028,-975,91,-63,-15048,-2068,5840,-537,152,-122,0
1643.9428839683533,10480,4248,11124,-113,16,105,9744,-9908,8016,-64,77,-171,-14616,4796,2980,-939,105,-21,-14600,-2184,5768,-569,140,-161,0
1643.977688074112,10392,4340,10760,-58,34,118,9832,-9856,8024,-61,99,-134,-14732,4796,2944,-924,66,-19,-15024,-2128,5852,-599,100,-167,0
1644.0137150287628,10568,4324,11096,-78,27,111,9836,-9960,8104,-56,72,-166,-14648,4708,3032,-899,77,-55,-14880,-2128,5796,-575,82,-141,0
1644.0492730140686,10600,4192,11068,-115,252,85,9820,-9856,8096,-104,106,-148,-14772,4656,2616,-906,120,-71,-14792,-2168,5800,-564,133,-147,0
1644.0842080116272,10508,4280,10928,-145,-68,103,9828,-10204,8052,-39,95,-167,-14640,4692,2864,-905,136,-106,-15088,-2108,5744,-534,155,-130,0
1644.120131969452,10524,4324,11044,-88,-51,111,9836,-9900,8044,-74,74,-212,-14652,4692,2724,-931,153,-95,-14836,-2132,5832,-545,182,-141,0
1644.1551239490507,10580,4316,11024,-124,-64,84,9868,-9972,8048,-72,89,-192,-14784,4788,2828,-903,183,-75,-14976,-2296,6060,-618,134,-132,0
1644.1902890205383,10532,4364,11052,-150,-8,103,9916,-9896,8376,-74,94,-189,-14632,4740,2696,-941,152,-87,-14868,-2080,5756,-556,147,-132,0
1644.2254221439362,10596,4256,10984,-123,-26,125,9884,-9904,8008,-65,97,-155,-14792,4724,2676,-884,130,-63,-14828,-2176,5808,-583,148,-127,0
1644.260952949524,10272,4160,11232,-116,-29,117,9788,-9856,8304,-98,94,-187,-14760,4696,2864,-815,170,-83,-14916,-2172,5836,-566,128,-110,0
1644.297285079956,10732,4368,11164,-140,-105,106,9788,-9904,8088,-121,121,-167,-14704,4696,2752,-876,149,-88,-14908,-2096,5856,-564,184,-86,0
1644.331843137741,10496,4408,11132,-202,-100,100,9844,-9928,8148,-108,128,-211,-14720,4716,2768,-901,151,-109,-14792,-2096,5840,-542,204,-67,0
1644.3682329654694,10744,4264,11068,-228,-165,140,9884,-9964,8328,-89,100,-229,-14664,4824,3036,-870,133,-139,-14716,-2168,5896,-557,234,-109,0
1644.4038100242615,10492,4568,11020,-209,-1,138,9856,-10056,8092,-89,125,-1,-14732,4724,2800,-878,128,-129,-15032,-2224,5640,-533,225,-87,0
1644.439644098282,10452,4324,11020,-204,-281,174,9748,-9960,8092,-113,147,-267,-14612,4708,3044,-873,117,-123,-14876,-2112,5796,-565,175,-96,0
1644.4746911525726,10604,4276,11260,-176,-245,175,9840,-9992,8140,-49,94,-219,-14672,4792,2724,-937,114,-106,-14796,-2064,6012,-536,189,-84,0
1644.5101399421692,10744,4292,11020,-252,-244,195,9880,-9856,8096,-31,92,-186,-14672,4680,2668,-939,153,-84,-14872,-2132,5816,-504,170,-94,0
1644.5461311340332,10628,4324,11176,-240,-180,186,9976,-9996,8008,-91,135,-221,-14836,4768,2776,-922,113,-113,-14864,-2064,5728,-486,185,-113,0
1644.5795090198517,10592,4160,11012,-272,-238,150,10196,-9960,7920,-38,152,-510,-14716,4804,2792,-956,152,-138,-15004,-2000,5776,-520,216,-81,0
1644.612937927246,10668,4288,10972,-508,-221,174,10232,-9832,8016,-22,83,-236,-14684,4764,2592,-978,130,-137,-15092,-2188,5868,-270,220,-101,0
1644.646567106247,10664,4356,10940,-217,-215,131,9904,-9868,7976,-30,145,-244,-14728,4688,2704,-939,87,-105,-14676,-2260,5760,-513,162,-113,0
1644.679986000061,10660,4240,11012,-239,-198,139,9844,-9904,7996,-30,133,-215,-14748,4580,2748,-949,114,-68,-14812,-2168,5812,-513,158,-93,0
1644.71369099617,10604,4152,11188,-225,-182,140,9864,-9888,7996,-20,132,-204,-14708,4720,3088,-963,80,-110,-14940,-2080,5860,-768,193,-123,0
1644.7473959922793,10644,4296,10764,-224,-190,139,9864,-9764,7952,-19,130,-199,-14768,4836,2508,-985,124,-132,-15076,-2132,5840,-521,196,-81,0
1644.7810020446775,10612,4212,11016,-188,-167,139,9736,-9984,8024,-49,123,-191,-14920,4652,2804,-969,148,-165,-14944,-2128,5852,-516,177,-78,0
1644.8145570755005,10716,4248,11004,-213,-196,167,9860,-9936,7980,-27,135,-195,-14724,4716,2724,-996,107,-135,-14880,-2056,5676,-526,183,-52,0
1644.848228931427,10644,4232,11048,-234,-181,160,9848,-9928,7960,-55,125,-192,-14676,4656,2684,-980,130,-81,-14872,-2180,5852,-520,187,-76,0
1644.8816630840302,10600,4216,10972,-199,-167,168,9876,-9932,7988,-11,82,-209,-14724,4688,2804,-1023,144,-101,-15084,-2100,5732,-525,185,-106,0
1644.914988040924,10552,4228,10808,-159,-173,161,9864,-9888,8068,-50,113,-207,-14688,4700,2772,-979,148,-147,-14864,-2180,5848,-500,167,-94,0
1644.948611021042,10632,4252,10848,-103,-126,110,9888,-9864,8116,-54,96,-193,-14840,4664,2748,-987,130,-98,-14800,-2124,5680,-495,115,-139,0
1644.9823069572449,11000,4172,10872,-60,-15,85,9944,-9760,8004,-58,126,-177,-14764,4632,2752,-995,102,-57,-14944,-2064,5492,-493,118,-129,0
1645.0157909393313,10936,4248,10808,-59,34,73,10020,-9796,7996,-16,155,-152,-14760,4660,2672,-1040,64,-13,-14852,-2080,5652,-469,112,-176,0
1645.0493199825287,10512,4292,10864,-110,62,67,9924,-9952,7728,13,172,-158,-14744,4656,2728,-1012,88,-72,-14888,-2156,5800,-472,151,-102,0
1645.0825099945068,10624,4256,11056,-134,26,82,9780,-9960,8068,-21,154,-182,-14828,4744,2920,-996,96,-103,-14684,-2156,5824,-438,143,-126,0
1645.1161830425265,10640,4320,10776,-132,-44,100,9780,-9984,8104,-51,114,-151,-14624,4764,2872,-777,102,-72,-14916,-2056,5792,-535,148,-135,0
1645.1494989395142,10604,4336,11140,-107,-5,99,9920,-10168,8116,-17,127,-149,-14668,4844,2748,-1018,65,-27,-14760,-2188,5844,-555,152,-125,0
1645.183037996292,10536,4272,11064,-91,31,88,9768,-9804,8080,-38,127,-107,-14740,4732,3040,-1010,112,-243,-14940,-2120,5784,-524,81,-107,0
1645.2167360782623,10672,4232,10968,-42,26,102,9916,-9868,8000,-125,111,-133,-14776,4636,2940,-1005,59,-8,-14968,-2212,5640,-511,88,-141,0
1645.2503910064695,10692,4168,10980,-107,38,93,9932,-9932,7988,-81,144,-118,-14816,4720,2728,-769,89,-37,-14840,-2044,5656,-491,84,-149,0
1645.2837979793549,10596,4228,10844,-75,54,107,9824,-9912,7972,-56,140,-133,-14748,4736,2664,-1029,84,-54,-14864,-2124,5748,-510,111,-118,0
1645.3174650669098,10668,4316,10984,-80,38,80,10040,-9972,7712,-57,144,-136,-14772,4712,2740,-1010,84,-4,-14892,-2136,5960,-766,104,-145,0
1645.351156949997,10544,4272,11076,-110,21,100,9968,-10128,7796,-33,123,-123,-14828,4704,2784,-1021,99,-5,-15048,-1800,5816,-524,101,-143,0
1645.3845989704132,10640,4140,10996,-97,18,62,9752,-9984,7916,-16,189,-149,-14756,4964,2704,-1060,79,-44,-14632,-2244,5756,-511,105,-153,0
1645.4182329177856,10632,4244,11104,-136,-6,73,9780,-9864,8004,9,203,-134,-14756,4656,2656,-1068,55,-80,-14820,-2284,5828,-518,102,-137,0
1645.451856136322,10496,4244,11064,-77,241,28,9800,-9964,7916,-2,128,-134,-14684,4780,2780,-1037,50,-98,-14836,-2240,5916,-515,120,-159,0
1645.4852919578552,10248,4280,11152,-112,16,85,9812,-9888,7752,-30,155,-161,-14676,4788,2808,-1006,39,-71,-14800,-2212,5868,-493,105,-178,0
1645.5190160274506,10456,4312,10960,-112,32,89,9564,-9936,8140,246,224,-188,-14604,4852,2648,-960,97,-49,-14784,-2272,5864,-513,143,-98,0
1645.5549139976501,10424,4576,10928,-149,-37,121,9828,-9896,8012,-48,121,-174,-14676,4780,2956,-1004,140,-71,-14736,-2220,5788,-491,158,-86,0
1645.5897600650787,10632,4140,11212,-111,-85,131,9760,-9876,8036,-63,94,-214,-14716,4784,2764,-988,145,-141,-14616,-2152,5852,-497,171,-91,0
1645.6249220371246,10528,4280,11056,-133,-93,133,9892,-9908,8052,-72,113,-202,-14676,4672,2868,-979,133,-44,-14932,-2196,5828,-473,150,-83,0
1645.660670042038,10660,4096,11172,-137,-95,108,9860,-9848,7924,-39,105,-192,-14728,4656,2796,-1037,133,-116,-15088,-2092,5844,-498,164,-120,0
1645.6955981254578,10532,4284,11128,-148,-34,120,9804,-9956,8128,-256,119,-165,-14768,4764,2724,-1014,111,-65,-14632,-2112,5724,-495,160,-89,0
1645.7316370010376,10604,4592,10952,-165,-68,95,9896,-9972,7952,-22,114,-171,-14644,4768,2440,-1011,122,-109,-14628,-2168,6136,-485,131,-74,0
1645.76775598526,10632,4324,11236,-166,-27,111,10104,-9760,7984,-42,131,-179,-14724,4716,2516,-985,91,-90,-14984,-2132,5836,-481,105,-84,0
1645.8032870292664,10552,4280,11132,-212,-59,128,9888,-10076,7900,-23,158,-179,-14780,4716,2804,-1000,89,-57,-14900,-2160,5788,-481,131,-77,0
1645.8387279510498,10252,4588,11308,-283,-131,175,9812,-9940,8112,-35,160,-154,-14668,4716,2848,-1018,94,-118,-14828,-2256,5848,-476,129,-76,0
1645.8746049404144,10516,4256,11232,-190,-190,152,9796,-9900,8020,-108,116,-223,-14708,4788,2776,-985,125,-86,-14932,-2108,5928,-465,142,-89,0
1645.9096329212189,10532,4252,11064,-264,-195,143,9756,-9944,7984,-78,107,-227,-14692,4728,2760,-976,143,-146,-14732,-2124,5804,-453,187,-95,0
1645.9448471069336,10404,4276,11128,-210,-177,150,9820,-9872,7724,-9,135,-211,-14644,4800,2944,-1012,115,-124,-14728,-2092,5764,-473,183,-74,0
1645.9802839756012,10604,4304,10944,-219,-188,141,9844,-9972,7892,-37,144,-206,-14788,4608,2724,-982,126,-182,-14900,-2280,5844,-450,143,-88,0
1646.015573978424,10688,4248,11100,-512,-173,159,9900,-10224,8100,-1,163,-213,-14800,4756,2700,-989,122,-164,-14932,-2192,5692,-477,150,-105,0
1646.0519831180573,10708,4272,10996,-212,-202,140,9928,-10220,8092,5,148,-206,-14712,4812,2728,-999,149,-150,-14812,-2156,5612,-470,197,-86,0
1646.0876741409302,10716,4128,10880,-215,-202,169,9856,-9836,7852,-250,155,-215,-14792,4672,2884,-1019,135,-164,-14924,-2224,5672,-500,186,-91,0
1646.12233710289,10516,4336,11176,-197,-183,145,9872,-9836,7884,-17,138,-215,-14800,4784,2700,-1277,120,-139,-14896,-2088,5776,-456,159,-137,0
1646.157655954361,10936,4256,10772,-233,-172,125,9852,-9900,8024,-23,160,-200,-14772,4804,2636,-1033,97,-73,-14912,-2136,5748,-492,134,-102,0
1646.1928889751434,10648,4240,11036,-218,-171,102,9904,-9960,8116,-3,173,-195,-14776,4796,2788,-1278,95,-77,-15040,-2176,5868,-466,129,-93,0
1646.2332420349119,10596,4280,10760,-207,-157,134,9856,-9972,7844,-26,150,-227,-14684,4736,2740,-1052,139,-127,-14880,-2160,5948,-445,146,-90,0
1646.2671239376068,10656,4296,10776,-224,-190,133,9800,-9868,8048,-38,151,-208,-14676,4800,2732,-1007,143,-152,-14992,-2108,5736,-446,155,-78,0
1646.3005211353302,10696,4168,11248,-181,-172,160,9808,-10040,7868,-72,176,-193,-14772,4956,2640,-1014,136,-114,-14660,-1848,5752,-496,127,-118,0
1646.334203004837,10616,4140,11024,-188,-133,151,9828,-10032,8024,23,139,-188,-14612,4676,2816,-1018,134,-89,-14612,-2200,5884,-486,149,-89,0
1646.36767411232,10620,4292,11016,-128,-94,142,9820,-9920,7792,-66,127,-187,-14692,4676,2592,-1047,149,-72,-14848,-2300,5808,-451,193,-71,0
1646.4008870124817,10640,4192,10752,-153,-73,112,9900,-9892,8024,-43,105,-196,-14724,4776,2668,-1045,155,-126,-14628,-2076,5828,-460,127,-104,0
1646.4343240261078,10952,4228,10964,-147,-21,109,9908,-9864,7936,-252,103,-157,-14716,4704,2788,-1072,107,-98,-14896,-2176,5444,-448,88,-87,0
1646.467926979065,10948,4320,10600,-124,44,115,9864,-9848,8156,15,126,-126,-14840,4640,2872,-1108,138,-25,-14836,-2108,5884,-484,122,-112,0
1646.501394033432,10636,4312,10936,-118,66,118,10188,-9956,8136,-11,128,-143,-14704,4684,2652,-1092,104,-32,-14872,-2168,5848,-465,125,-93,0
1646.5350260734558,10656,4148,11100,-117,44,51,9820,-9916,7924,-40,156,-197,-14820,4748,2888,-1074,56,-65,-14928,-2076,5924,-464,135,-148,0
1646.568650007248,10672,4264,10968,-129,-4,43,9764,-9980,8060,-37,170,-182,-14668,4876,2872,-1057,74,-88,-14872,-1888,5824,-457,132,-158,0
1646.6017451286316,10724,4304,11020,-106,3,56,9868,-9776,8068,-6,160,-185,-14664,4772,2676,-1035,96,-53,-14864,-2120,5828,-454,141,-135,0
1646.6351511478424,10676,4148,10804,-118,10,91,9920,-9896,8136,-26,112,-185,-14736,4804,2700,-777,100,-28,-15036,-2144,5748,-472,115,-148,0
1646.6686000823975,10656,3892,10852,-120,27,91,9792,-9940,7916,-14,153,-153,-14800,4864,2816,-1265,78,-87,-14920,-2048,5700,-479,92,-128,0
1646.7019939422607,10608,4212,11256,-107,52,105,9904,-9736,7932,-30,120,-142,-14792,4780,2760,-1051,145,-84,-14756,-2128,5940,-499,93,-121,0
1646.7356350421906,10692,4180,10760,-122,-5,110,10056,-9920,7984,-46,78,-158,-14680,4708,2764,-1073,112,-68,-14864,-2188,5848,-494,112,-99,0
1646.7692420482635,10588,4532,11236,-86,21,111,9864,-9956,7924,-71,123,-147,-14740,4704,2784,-1081,101,-46,-14876,-2024,5768,-767,139,-122,0
1646.8025240898132,10756,4196,10960,-115,3,106,9844,-9772,7812,-51,138,-118,-14684,4700,2724,-1027,112,-25,-14920,-2204,5812,-508,112,-108,0
1646.836156129837,10604,4252,11056,-121,-3,114,9936,-9776,7724,-33,136,-142,-14888,4724,2772,-1059,102,-19,-14908,-2140,5844,-263,99,-138,0
1646.8699841499329,10620,4256,10804,-99,18,102,9856,-9752,8008,252,142,-159,-14744,4764,2552,-1099,67,-64,-14808,-1928,6124,-532,114,-169,0
1646.9030611515043,10512,4216,11084,-66,40,79,9848,-9896,8148,23,106,-170,-14692,4640,2664,-1034,57,-36,-14876,-2124,5632,-537,90,-149,0
1646.9368720054629,10480,4256,11096,-69,-14,101,9920,-9948,7948,6,157,-180,-14876,4696,2732,-1014,77,-45,-15040,-2088,5808,-504,128,-166,0
1646.9705169200895,10616,4220,11040,-91,9,58,9852,-9980,7940,-23,152,-191,-14784,4700,2564,-1012,87,-74,-14772,-2040,5972,-488,141,-148,0
1647.003811120987,10540,4276,10864,-118,-20,64,9860,-9960,8000,-36,161,-193,-14716,4804,2700,-996,82,-83,-14600,-2060,5940,-493,150,-161,0
1647.0373549461365,10484,4304,10932,-147,-12,66,9832,-10036,7956,-41,188,-193,-14736,4884,2680,-983,91,-131,-14836,-2072,5800,-477,148,-151,0
1647.0709409713743,10484,4248,11048,-146,-27,94,9792,-10240,8012,-12,195,-187,-14668,4676,2680,-989,55,-96,-14824,-2176,5760,-483,157,-155,0
1647.1041419506073,10448,4308,11156,-150,-41,71,9884,-9948,8052,-3,208,-166,-14748,4664,3048,-1003,83,-106,-14800,-2108,5948,-468,178,-142,0
1647.1374311447144,10260,4296,10892,-165,-93,102,9792,-10060,8016,-15,176,-198,-14680,4652,2776,-990,76,-125,-14824,-2180,5888,-468,175,-100,0
1647.1711370944977,10524,4400,10952,-207,-123,92,9844,-9960,8036,-38,157,-187,-14712,4728,2820,-965,69,-91,-14884,-2180,5784,-471,142,-87,0
1647.204290151596,10632,4524,11032,-225,-105,129,9900,-9876,8108,-10,176,-189,-14756,4780,3048,-1280,52,-62,-14900,-2276,6016,-521,179,-74,0
1647.2409081459045,10592,4344,11060,-506,-149,178,9968,-9932,8076,47,117,-195,-14696,4836,3028,-1029,143,-109,-14876,-2268,6028,-470,171,-44,0
1647.2771151065829,10444,4280,11020,-146,-172,159,9812,-9912,8088,-97,116,-216,-14724,4700,2852,-981,126,-123,-14796,-2208,5784,-519,190,-69,0
1647.3122401237488,10516,4176,10848,-218,-269,146,9832,-9948,7892,-33,130,-240,-14700,4680,2716,-978,114,-139,-14752,-1936,5872,-496,202,-70,0
1647.3481299877167,10496,4244,11068,-205,-219,171,9896,-9860,7740,26,177,-234,-14756,4436,2620,-999,76,-154,-14852,-2072,6104,-464,186,-94,0
1647.3835899829865,10696,4256,11048,-233,-137,122,9868,-10016,8100,-9,200,-206,-14736,4644,2820,-926,70,-112,-14928,-2092,5636,-439,160,-115,0
1647.4198200702667,10624,4228,11156,-259,-146,107,9796,-9920,8188,-27,172,-237,-14752,4776,2612,-954,99,-145,-14836,-2012,5820,-489,195,-128,0
1647.4550120830536,10716,4156,10932,-207,-185,135,9796,-9940,8124,-23,178,-201,-14752,4712,2800,-987,108,-172,-14844,-2180,6084,-510,200,-98,0
1647.4907541275024,10668,4236,11236,-240,-225,159,9852,-9840,7956,-10,161,-216,-14700,4736,2860,-1014,141,-140,-14800,-2160,5816,-476,180,-109,0
1647.5262110233307,10516,4280,10876,-221,-200,145,9760,-9756,8000,-26,135,-252,-14656,4708,2964,-1039,129,-109,-14856,-2180,5716,-489,195,-98,0
1647.561865091324,10644,4328,10984,-258,-172,127,9828,-9784,7976,254,141,-183,-14672,4780,2840,-1035,126,-124,-14616,-2156,5844,-499,152,-99,0
1647.5981159210203,10624,4356,11064,-240,-143,134,9832,-9872,7936,-33,144,-214,-14776,4732,2620,-1009,150,-78,-14828,-2188,5864,-482,144,-134,0
1647.633397102356,10656,4328,11224,-191,-112,145,9804,-9864,8056,-29,134,-184,-14744,4644,2692,-989,132,-107,-14868,-2168,5780,-476,150,-110,0
1647.6691811084747,10644,4232,11008,-186,-153,133,9868,-9892,8036,-37,106,-221,-14684,4448,2700,-980,128,-104,-14852,-2116,5728,-471,151,-72,0
1647.704183101654,10632,4328,11248,-202,-170,138,9812,-9964,8084,-52,105,-215,-14712,4716,2624,-963,140,-121,-14868,-2036,5852,-479,142,-93,0
1647.7397060394287,10748,4196,10772,-149,-160,113,9900,-9896,7992,-28,132,-177,-14732,4756,2604,-996,107,-90,-14656,-2304,5712,-473,160,-96,0
1647.7751450538635,10644,4148,10824,-112,-38,115,9896,-9904,7944,-9,90,-190,-14748,4696,2744,-1021,121,-96,-15004,-1968,5736,-489,129,-138,0
1647.8111860752106,10648,4080,11120,-150,-22,116,9744,-9892,7968,252,145,-174,-14736,4648,2792,-1004,112,-75,-14828,-2108,5724,-476,136,-73,0
1647.8472459316254,10708,4240,11012,-116,12,117,9868,-9880,8008,-28,151,-152,-14692,4780,2780,-1039,99,-34,-14976,-2036,5704,-511,133,-124,0
1647.8839390277865,10712,4132,11060,-132,24,106,9916,-9996,8024,15,131,-151,-14776,4732,2668,-1049,84,-63,-14748,-2148,5848,-504,134,-136,0
1647.9173910617828,10548,4216,10912,-133,-5,108,9884,-9916,8004,-13,146,-148,-14644,4604,2720,-1035,110,-51,-14872,-2132,5680,-462,119,-106,0
1647.9509911537173,10680,4272,10928,-70,-30,76,9912,-9936,8072,-70,111,-173,-14824,4672,2712,-999,79,-55,-14668,-2180,5684,-500,153,-146,0
1647.9843990802765,10668,4336,11028,-141,-60,91,9912,-9956,8036,-14,154,-189,-14704,4656,2980,-984,91,-75,-14836,-2096,5808,-490,130,-136,0
1648.0179219245913,10568,4128,10840,-142,-6,75,9840,-9844,8148,13,162,-197,-15020,4856,2768,-999,53,-61,-14992,-1832,5700,-482,100,-160,0
1648.0513350963593,10720,4272,10872,-99,6,58,9924,-9964,8000,-27,148,-144,-14876,4680,2576,-1007,50,-67,-14940,-2172,5700,-482,42,-149,0
1648.084892988205,10632,4256,10876,-121,23,41,9820,-10020,7772,-27,94,-153,-14684,4804,2816,-1005,86,-6,-14792,-2152,5692,-502,67,-171,0
1648.1185460090635,10572,4220,10884,-60,61,75,9900,-9916,7980,-36,144,-140,-14808,4812,2852,-1031,77,-35,-15068,-1824,5920,-523,86,-170,0
1648.1517760753632,10632,4184,11160,-94,22,94,9900,-9864,7992,-249,116,-144,-14720,4764,2992,-1038,81,-86,-14828,-2140,5764,-528,117,-117,0
1648.185387134552,10572,4244,11228,-82,19,84,9772,-9996,7984,-47,133,-170,-14828,4756,2776,-1034,88,-89,-14908,-2072,5744,-513,139,-148,0
1648.2189149856567,10620,4204,10896,-115,6,82,9760,-9956,8004,-43,142,-150,-14764,4772,3048,-770,77,-42,-14836,-2200,5784,-498,136,-145,0
1648.2523851394653,10576,4296,11000,-116,37,86,9820,-9840,8056,-19,168,-147,-14688,4728,2904,-1007,67,-51,-14800,-2152,5852,-508,126,-133,0
1648.285875082016,10580,4300,10956,-90,20,76,9804,-9932,8140,-20,139,-152,-14676,4800,3076,-1012,75,-44,-14884,-2172,5932,-485,106,-113,0
1648.3195700645447,10640,4252,10852,-107,14,101,9800,-9920,8124,-51,119,-146,-14740,4784,2836,-1021,93,-53,-14780,-2136,5644,-508,127,-139,0
1648.3530919551847,10536,4208,10928,-114,-15,70,9792,-9760,8040,-71,134,-191,-14744,4744,2984,-969,100,-96,-15076,-2296,5836,-516,151,-115,0
1648.3864591121674,10484,4264,10780,-147,-40,95,9764,-9976,8164,-64,137,-194,-14692,4612,2832,-994,89,-60,-14800,-2176,5964,-496,142,-118,0
1648.4197959899902,10540,4260,10868,-122,-28,107,9784,-9888,8164,-19,110,-176,-14672,4732,2724,-1000,99,-51,-14600,-2000,5832,-529,159,-125,0
1648.453372001648,10544,4280,10956,-127,-38,107,9872,-9948,8008,-28,117,-177,-14696,4612,2632,-1031,105,-62,-14860,-2204,5904,-496,213,-139,0
1648.486701965332,10528,4248,11076,-154,-61,121,9816,-9896,7988,-55,129,-190,-14744,4656,2824,-1003,118,-90,-14904,-2160,5744,-496,161,-105,0
1648.520012140274,10648,4240,11104,-132,-64,87,9780,-9740,8172,-70,119,-190,-14784,4772,2624,-983,67,-74,-14784,-2180,5772,-532,169,-127,0
1648.5535230636597,10696,4248,11036,-182,-75,110,9960,-9880,8128,12,129,-195,-14600,4728,2776,-1003,43,-59,-15100,-2144,5724,-510,174,-99,0
1648.5871679782867,10536,4328,11036,-210,-53,115,9856,-9948,8068,-49,169,-169,-14744,4860,2908,-1010,59,-92,-14660,-2200,5784,-459,178,-115,0
1648.6205289363859,10616,4340,11036,-214,-132,96,9868,-10012,8104,-68,190,-199,-14768,4708,3068,-969,42,-110,-14616,-2140,6008,-510,172,-102,0
1648.6538910865784,10740,4228,11156,-4,-206,153,9824,-9956,8096,-49,170,-247,-14588,4864,2772,-906,81,-130,-14788,-2300,6104,-519,228,-67,0
1648.6875030994415,10312,4120,10972,-198,-223,191,9804,-9860,8064,-56,86,-231,-14460,4664,2604,-1001,122,-94,-14772,-2160,5800,-494,207,-97,0
1648.7207820415497,10736,4268,10764,-202,-173,151,9872,-9964,8004,-52,170,-191,-14708,4744,2836,-932,79,-86,-14764,-2060,5660,-500,153,-114,0
1648.7543580532074,10572,4216,11036,-212,-154,117,9836,-9948,8136,-48,196,-189,-14752,4692,2996,-962,39,-143,-14848,-2136,5860,-507,265,-115,0
1648.7879209518433,10660,4184,10952,-214,-181,119,9884,-9980,8044,-254,167,-236,-14696,4628,2692,-963,69,-143,-15076,-2076,5744,-522,231,-92,0
1648.821128129959,10328,4224,10916,-228,-164,143,9852,-9804,8100,-14,129,-232,-14688,4664,2528,-947,115,-104,-14612,-1800,5736,-501,253,-70,0
1648.854856967926,10580,4224,11024,-199,-180,144,9800,-9880,8024,-13,121,-217,-14672,4784,2756,-946,91,-108,-14904,-2144,5696,-477,270,-73,0
1648.8882329463959,10708,4268,11124,-223,-226,144,9948,-9880,8104,-1,180,-223,-14740,4680,2712,-920,54,-128,-14932,-2100,5876,-494,235,-120,0
1648.924437046051,10620,4256,10964,-218,-192,150,9828,-9844,8096,8,160,-183,-14692,4624,2760,-991,69,-115,-14900,-2104,5756,-545,208,-125,0
1648.9602069854736,10660,4272,10816,-193,-165,132,9928,-9920,8160,-13,136,-181,-14696,4660,2916,-949,57,-124,-14884,-2196,5728,-536,218,-119,0
1648.9956200122833,10596,4312,11224,-193,-166,129,9876,-9960,8120,-33,110,-213,-14696,4660,2980,-1012,88,-113,-14840,-2292,5864,-539,189,-107,0
1649.031404018402,10624,4172,11068,-199,-156,118,9892,-10056,7996,-56,119,-228,-14700,4828,2696,-980,92,-96,-14908,-2144,5884,-532,164,-136,0
1649.0676109790802,10644,4208,10932,-135,-126,112,9828,-9960,7960,-50,104,-193,-14748,4760,2792,-1020,114,-111,-14884,-2100,5816,-538,170,-108,0
1649.1030809879303,10668,4240,10808,-93,-52,118,9908,-9900,8128,-44,100,-192,-14640,4800,2784,-1046,118,-47,-14868,-2160,5808,-526,122,-146,0
1649.13813996315,10652,4172,10880,-143,-41,108,9924,-9876,8028,-25,130,-176,-14688,4836,2800,-1272,107,-79,-14860,-2112,5696,-507,148,-133,0
1649.1731741428375,10796,4268,10904,-90,248,104,9924,-9868,8008,-33,148,-182,-14776,4692,2904,-1041,91,-56,-14932,-2108,5880,-553,126,-160,0
1649.2092700004578,10716,4204,10864,-110,34,83,9864,-9888,8048,-254,136,-141,-14712,4744,2808,-1047,48,-88,-14812,-2168,5760,-522,140,-172,0
1649.2450499534607,10596,4196,11104,-128,4,100,9924,-9864,8116,7,141,-144,-14676,4692,2912,-1040,70,-81,-14876,-2200,5796,-497,121,-111,0
1649.2804460525513,10640,4252,11100,-44,35,76,9812,-9928,8432,-55,125,-155,-14788,4660,2680,-779,31,-102,-14888,-2192,5860,-762,120,-156,0
1649.3156349658966,10676,4224,11012,-141,-12,87,9824,-9888,8240,-39,133,-175,-14748,4796,2844,-1024,50,-84,-14756,-2104,5840,-505,102,-162,0
1649.35085606575,10596,4308,11148,-61,13,63,9884,-9892,8036,-55,133,-139,-14664,4744,2884,-1020,52,-56,-15060,-2172,5712,-538,109,-191,0
1649.3858110904694,10552,4296,10768,-63,43,70,9920,-9940,8112,-69,130,-142,-14716,4796,2588,-1019,38,-252,-15076,-2148,5640,-528,84,-155,0
1649.4211230278015,10576,4296,11104,-89,44,85,9868,-9976,8104,-46,101,-154,-14704,4716,2948,-1001,75,-45,-14920,-2012,5876,-513,111,-161,0
1649.4571039676666,10668,4288,11016,-73,23,106,9864,-9860,8076,-33,110,-153,-14720,4748,2572,-1044,98,-59,-14820,-2148,5824,-508,190,-134,0
1649.492192029953,10528,4260,11152,-126,-14,93,9844,-9912,8052,-49,91,-176,-14820,4788,2680,-1012,144,-98,-14812,-2124,5840,-540,149,-106,0
1649.5277891159058,10536,4272,10984,-56,5,103,9852,-10200,8124,-28,74,-193,-14820,4732,3044,-1019,104,-57,-14836,-2240,5776,-511,152,-123,0
1649.5641801357267,10572,4336,10956,-119,-17,87,9852,-9916,8076,1,148,-183,-14736,4784,2992,-1031,84,-112,-14860,-2188,5660,-509,164,-139,0
1649.5975711345673,10504,4172,11196,-126,12,72,9748,-9884,8032,-19,155,-173,-14684,4700,2912,-1027,85,-93,-14792,-2168,5756,-501,141,-134,0
1649.6311631202698,10504,4340,10864,-91,-22,90,9820,-9948,8112,-36,140,-164,-14672,4716,2948,-1005,91,-39,-14844,-2180,5660,-490,160,-135,0
1649.6642880439758,10524,4352,11136,-134,-45,97,9828,-9836,8044,-53,118,-164,-14736,4816,3044,-1026,138,-86,-14608,-2224,5824,-492,135,-86,0
1649.697715997696,10624,4376,10928,-111,-43,100,9892,-9924,8100,-103,113,-200,-14692,4732,2692,-1000,124,-95,-14844,-2092,5752,-490,94,-118,0
1649.7308580875397,10640,4108,10836,-130,-33,93,9816,-10212,8108,-9,103,-151,-14728,4796,2884,-1051,105,-86,-14892,-2180,5792,-496,133,-118,0
1649.7643630504608,10700,4328,10952,-142,-36,121,9868,-9912,8064,19,147,-168,-14696,4664,2888,-1040,148,-51,-14860,-2188,5788,-470,125,-90,0
1649.7977600097656,10572,4308,10864,-122,-60,122,9776,-9968,8020,-37,103,-218,-14708,4808,2796,-1271,147,-131,-14932,-2192,5956,-488,134,-116,0
1649.8313920497894,10652,4284,11220,-127,-85,93,9872,-9956,8040,-18,95,-196,-14740,4788,2940,-1010,167,-142,-14976,-2180,5832,-456,255,-111,0
1649.864844083786,10660,4256,10828,-104,-10,101,9888,-9952,7988,-68,75,-162,-14740,4548,3064,-1073,232,-93,-14896,-2144,5728,-400,-52,-63,0
1649.8981530666351,10596,4104,10956,-126,38,105,9788,-9804,8144,-81,108,-144,-14756,4612,2908,-1065,157,-256,-15076,-2248,5736,-431,50,-107,0
1649.9317469596863,10712,4580,11148,-174,0,77,9792,-9828,8052,-81,117,-161,-14636,4696,2876,-1004,105,-17,-14812,-2092,5852,-443,69,-121,0
1649.9652090072632,10724,4292,10996,-185,-17,104,9884,-10240,7932,-88,106,-165,-14728,4764,2820,-773,178,-102,-14788,-2160,5816,-428,83,-84,0
1649.9986650943756,10276,4544,11080,-104,-22,132,9784,-9904,8036,-60,41,-134,-14984,4640,2908,-928,159,-95,-14860,-2200,5944,-462,99,-100,0
1650.0319781303406,10748,4316,11248,-127,-43,113,9876,-9880,7888,-58,139,-185,-14752,4784,2600,-977,110,-81,-14812,-2028,6136,-492,153,-88,0
1650.0654420852659,10540,4256,10800,-129,-16,118,9784,-9972,8064,-73,100,-186,-14800,4844,2868,-1063,131,-56,-14608,-2232,5840,-541,123,-85,0
1650.0990369319916,10520,4324,10964,-158,-22,140,9956,-9944,7912,-37,113,-164,-14780,4748,2676,-984,108,-84,-14896,-2160,5660,-499,130,-106,0
1650.1323640346527,10524,4320,11140,-209,-72,122,9864,-9900,8172,-74,147,-160,-14696,4740,2720,-992,75,-117,-14784,-2256,5792,-482,130,-68,0
1650.1652760505676,10440,4324,11148,-239,-105,124,9920,-10048,7972,-129,115,-193,-14716,4728,2752,-963,101,-70,-14836,-2128,5808,-502,140,-69,0
1650.1990880966189,10516,4360,11228,-199,-166,153,9896,-10132,8064,-123,128,-221,-14712,4764,2832,-924,130,-103,-14848,-2176,5824,-758,160,-71,0
1650.232528924942,10616,4280,11020,-194,-179,116,9900,-10028,8060,-107,141,-235,-14712,4752,2728,-948,112,-157,-14852,-2088,5908,-460,169,-66,0
1650.266119003296,10516,4172,10888,-207,-129,129,9900,-9964,8068,-59,137,-214,-14624,4760,2720,-949,128,-150,-14796,-1828,5680,-451,177,-56,0
1650.2997779846191,10528,4280,11072,-228,-174,141,9884,-10212,7964,-46,130,-210,-14712,4784,2676,-1022,93,-156,-14612,-2104,5848,-464,230,-69,0
1650.3333840370178,10332,4192,10976,-235,-159,145,9884,-10004,8000,-45,162,-211,-14792,4764,2968,-984,104,-104,-14656,-2288,5768,-456,204,-106,0
1650.3669350147247,10472,4352,11076,-204,-186,155,9816,-10004,7964,-85,184,-218,-14644,4692,2700,-960,117,-124,-14780,-2008,5864,-466,204,-98,0
1650.4001760482788,10556,4328,11176,-211,-200,143,9904,-9936,8004,-30,127,-207,-14708,4640,2572,-1008,124,-111,-14860,-2128,5764,-468,193,-81,0
1650.447632074356,10588,4232,11104,-216,-209,141,9844,-9972,7968,-46,131,-209,-14728,4696,2724,-998,114,-87,-15012,-2084,5896,-487,191,-79,0
1650.4931349754333,10556,4184,11128,-223,-216,123,9840,-9996,8236,-77,164,-218,-14756,4708,2752,-991,117,-140,-15060,-2076,5836,-473,198,-107,0
1650.530560016632,10568,4328,11004,-213,-202,125,9868,-10000,8016,-71,171,-193,-14696,4724,2680,-998,93,-127,-14820,-2096,5808,-507,176,-102,0
1650.5640511512756,10608,4228,11128,-198,-193,150,9864,-9996,7892,-55,162,-223,-14736,4692,2744,-995,101,-126,-14784,-2092,6024,-456,200,-91,0
1650.600811004639,10728,4260,10784,-231,-208,140,9884,-10044,7932,-69,128,-202,-14668,4640,2628,-985,113,-134,-14900,-2284,5872,-488,166,-102,0
1650.6359369754791,10572,4348,10952,-161,-158,117,9932,-10044,7944,-54,153,-181,-14816,4832,2716,-1016,76,-68,-14944,-2060,5988,-534,155,-126,0
1650.6712651252749,10624,4228,11100,-220,-169,156,9500,-9752,7960,14,167,-153,-14736,4604,2772,-1011,108,-140,-14856,-2196,5868,-266,175,-113,0
1650.7071330547333,10484,4272,11248,-154,-131,128,9812,-9944,8076,-109,162,-213,-14724,4384,2916,-976,43,-124,-14844,-2020,5704,-524,213,-91,0
1650.7422399520874,10780,4220,11060,-200,-195,114,9788,-9968,8128,-62,104,-217,-14672,4788,2724,-1018,83,-136,-14884,-1880,5896,-761,179,-126,0
1650.7780640125275,10664,4172,10896,-149,-123,116,9848,-9924,8160,-55,151,-179,-14800,4404,2720,-1057,26,-78,-14788,-2100,5656,-532,131,-145,0
1650.813852071762,10600,4264,10912,-80,-81,110,9800,-9956,8076,-77,176,-178,-14676,4700,2728,-994,43,-46,-14884,-2188,5632,-547,86,-146,0
1650.849816083908,10716,4320,11200,-75,-256,70,9820,-9936,7984,-67,144,-150,-14716,4720,2612,-1024,30,-65,-14768,-2092,5732,-539,109,-165,0
1650.8848719596863,10668,4272,10868,-67,6,83,9864,-9792,8052,-65,141,-146,-14672,4860,2684,-975,55,-80,-14796,-2120,5748,-531,201,-134,0
1650.9202110767365,10584,4268,10896,-126,-9,88,9780,-9744,7872,-45,150,-197,-14804,4688,2844,-1045,46,-129,-14920,-2196,5664,-540,240,-133,0
1650.9553921222687,10592,4268,10772,-107,-72,99,9876,-10000,8068,-61,173,-184,-14600,4740,2808,-974,53,-82,-14888,-2208,5920,-576,241,-138,0
1650.9909989833832,10584,4308,10976,-110,-61,94,9756,-10016,8100,-73,119,-200,-14644,4732,2860,-922,52,-124,-14840,-2160,6012,-557,269,-119,0
1651.026209115982,10612,4220,11068,-84,-55,112,9876,-10208,7968,-84,116,-182,-14764,4672,2876,-902,33,-70,-14764,-2208,5644,-530,220,-111,0
1651.0617060661316,10560,4224,10952,-89,-35,100,9860,-10048,7904,-90,122,-168,-14776,4700,2932,-929,14,-92,-14804,-2160,5760,-523,218,-113,0
1651.098160982132,10656,4252,10816,-122,-4,66,9920,-9920,7992,-113,107,-169,-14712,4668,2832,-932,-40,-81,-14992,-2064,5880,-529,225,-93,0
1651.1335759162903,10552,4336,10800,-119,-36,95,9760,-10044,8044,-102,136,-184,-14784,4772,2880,-908,-12,-101,-14800,-2032,5776,-497,265,-78,0
1651.1695139408112,10696,4236,11080,-132,-79,97,9880,-9740,7908,-75,112,-195,-14760,4652,2664,-899,19,-105,-14744,-2048,5464,-528,237,-106,0
1651.2051260471344,10636,4284,10944,-86,-50,99,9912,-9772,7848,-71,134,-203,-14728,4716,2716,-928,29,-108,-15008,-2244,5404,-475,260,-116,0
1651.2453660964966,10660,4308,10888,-187,-42,116,9836,-9904,7760,-79,118,-186,-14644,4652,2860,-891,40,-90,-14960,-2140,5772,-484,3,-122,0
1651.2792761325836,10572,4268,10992,-152,-16,96,9944,-10048,7748,-79,130,-172,-14648,4760,2716,-911,43,-53,-15072,-2304,5692,-481,167,-116,0
1651.3130230903625,10644,4232,10824,-153,39,112,9872,-10024,8176,-23,111,-144,-14744,4692,2772,-911,123,-57,-14836,-2168,5736,-438,142,-118,0
1651.3466749191284,10528,4352,10960,-240,13,190,9920,-9804,8064,47,86,-142,-14680,4700,2600,-958,286,-98,-15036,-2156,5680,-421,129,-107,0
1651.3801691532135,10584,4284,11076,-195,24,143,9792,-9996,7956,5,101,-179,-14632,4672,2836,-978,300,-98,-14684,-2104,5776,-458,181,-127,0
1651.413411140442,10592,4204,10996,-271,-6,163,9832,-9960,7848,99,97,-175,-14768,4828,2624,-1272,309,-132,-14772,-2164,5644,-489,203,-85,0
1651.447242021561,10580,4332,10888,-229,-19,151,9896,-9744,8164,52,129,-164,-14712,4828,2752,-1015,330,-94,-14608,-2144,5712,-492,192,-130,0
1651.4805490970612,10616,4280,10940,-172,40,117,9952,-9988,7872,1,169,-135,-14776,4700,2672,-975,276,-45,-14888,-2040,5784,-477,132,-145,0
1651.513960123062,10600,4252,11080,-202,19,123,9792,-10008,8028,-7,176,-150,-14744,4708,3016,-952,252,-75,-14880,-2128,5632,-468,168,-124,0
1651.5475599765778,10632,4244,10760,-194,33,110,9848,-9772,8180,252,196,-135,-14740,4700,2744,-993,182,-122,-14820,-2088,5728,-457,238,-147,0
1651.5810499191284,10556,4292,11156,-181,29,101,9876,-10004,7924,18,168,-168,-14668,4796,2828,-1029,176,-83,-14976,-2160,5720,-408,206,-145,0
1651.6143350601196,10472,4184,10752,-190,3,83,9780,-9992,8052,36,162,-174,-14708,4712,2760,-1051,65,-93,-14924,-2176,5716,-415,190,-155,0
1651.6477370262146,10612,4160,11012,-147,10,71,9824,-9780,8036,18,147,-166,-14796,4796,2724,-1014,69,-74,-14976,-2188,5904,-411,140,-145,0
1651.6812980175018,10544,4356,11120,-162,39,83,9864,-9976,7928,37,152,-144,-14612,4712,2608,-1063,90,-106,-14780,-2120,5752,-353,53,-102,0
1651.7148530483246,10468,4312,10856,-148,29,105,9872,-9952,7980,50,97,-172,-14620,4784,2588,-1113,67,-58,-14900,-2196,5460,-353,73,-112,0
1651.7484331130981,10552,4260,11204,-143,61,116,9792,-10044,7984,15,90,-160,-14692,4712,2864,-1183,19,-57,-14796,-2120,5764,-294,71,-104,0
1651.7819321155548,10444,4228,11052,-144,10,110,9788,-10012,8160,26,98,-155,-14732,4788,2812,-1217,75,-51,-14856,-2148,5676,-278,38,-58,0
1651.8155770301819,10644,4196,10944,-170,18,147,9844,-9952,7968,29,107,-163,-14704,4700,2824,-1255,49,-92,-14884,-2084,5752,-245,78,-76,0
1651.849172115326,10616,4264,11144,-164,13,118,9972,-9968,8036,54,87,-162,-14740,4760,2708,-1258,96,-88,-15080,-1936,5732,-315,108,-82,0
1651.882555961609,10552,4176,11244,-221,-21,122,9840,-10044,7872,78,161,-163,-14636,4700,2572,-1145,83,-60,-14664,-2076,5864,-389,90,-136,0
1651.9160571098328,10420,4268,11120,-260,-27,106,9756,-9744,8020,1,132,-175,-14844,4792,2584,-959,194,-43,-14848,-2012,5812,-470,122,-117,0
1651.9497411251068,10500,4268,11172,-170,-87,144,9940,-10068,8008,20,100,-166,-14756,4800,2920,-1028,87,-48,-14884,-2072,5724,-483,160,-166,0
1651.9836521148682,10704,4164,11164,-196,-80,142,9876,-10228,8080,62,135,-173,-14780,4708,2908,-1139,32,-64,-14948,-2100,5816,-500,154,-137,0
1652.0172290802002,10520,4584,11112,-214,-12,136,9884,-9900,8076,14,142,-131,-14720,4724,2736,-1107,64,-65,-15088,-2056,5636,-454,144,-123,0
1652.0505659580233,10260,4248,10752,-173,-37,107,9848,-9932,8052,-22,146,-155,-14756,4676,2840,-1088,12,-76,-14896,-2000,5896,-415,93,-175,0
1652.0841989517212,10740,4180,11240,-241,-8,95,9824,-10028,8096,48,126,-162,-14644,4788,2844,-1152,89,-10,-14808,-1840,5812,-458,92,-167,0
1652.1174430847168,10416,4584,11104,-170,-10,120,9744,-10240,7836,60,63,-192,-14656,4720,2776,-1184,16,-47,-14844,-2096,5776,-478,170,-138,0
1652.1509320735931,10524,4172,11036,-158,-74,121,9820,-10020,8132,2,143,-200,-14656,4780,2896,-1096,19,-88,-15040,-1796,5872,-403,133,-137,0
1652.1843349933624,10512,4208,11144,-203,-89,124,9792,-10004,7948,-254,145,-192,-14764,4700,2796,-1104,23,-108,-14940,-1984,5832,-420,202,-117,0
1652.2179210186005,10440,4176,11012,-191,-123,133,9888,-9732,7936,14,153,-208,-14712,4752,2876,-1117,16,-70,-14940,-2096,5740,-431,176,-153,0
1652.2513570785525,10552,4200,11212,-203,-158,99,9836,-10024,8080,4,160,-221,-14728,4696,2848,-1067,25,-88,-14904,-2120,5876,-461,191,-115,0
1652.2881710529327,10716,4192,11012,-139,-110,110,9832,-9976,8036,-12,128,-210,-14700,4720,3124,-1116,84,-127,-14896,-2132,5836,-437,160,-115,0
1652.3238060474396,10492,4212,11276,-199,-107,139,9836,-9908,8012,16,161,-188,-14840,4848,2896,-1072,60,-97,-14852,-2224,5764,-460,106,-153,0
1652.3592619895935,10504,4252,11072,-174,-69,85,9788,-10000,8080,-7,189,-200,-14788,4660,2920,-1278,57,-124,-14880,-2064,5540,-457,169,-124,0
1652.3943219184875,10464,4224,11084,-152,-120,110,9800,-9872,8056,-27,144,-184,-14700,4620,2840,-1055,30,-72,-14948,-2148,5812,-445,170,-126,0
1652.4300451278689,10540,4216,11080,-163,-112,133,9800,-10036,8020,-32,172,-192,-14804,4724,2628,-1001,-14,-157,-14612,-2024,5768,-353,308,-81,0
1652.4650609493256,10604,4240,11028,-215,-177,141,9872,-9960,7732,-14,205,-238,-14640,4752,2820,-1042,40,-87,-14640,-2136,5828,-438,213,-100,0
1652.5007300376892,10388,4312,11004,-198,-136,98,9836,-10060,7964,-12,204,-184,-14724,4824,2884,-977,41,-73,-14824,-2108,5736,-573,179,-141,0
1652.537456035614,10516,4160,11104,-112,-134,104,9884,-9904,8068,-22,157,-206,-14716,4716,2828,-1051,107,-120,-14888,-2088,5776,-524,152,-153,0
1652.5723149776459,10572,4248,11132,-158,-85,78,9848,-10232,8116,-30,166,-177,-14448,4652,2836,-965,111,-98,-14896,-2140,5660,-261,123,-140,0
1652.6083450317383,10620,4292,11120,-94,-84,90,9848,-9976,8100,-110,160,-130,-14728,4684,2904,-956,73,-95,-14880,-2100,5744,-551,111,-141,0
1652.6433651447296,10568,4308,11164,-168,-84,82,9800,-9956,8024,-55,184,-176,-14720,4720,2868,-987,55,-83,-15080,-2080,5736,-534,155,-131,0
1652.678913116455,10256,4564,10988,-160,-51,103,9832,-9780,7928,-72,167,-154,-14744,4704,2932,-994,87,-85,-14864,-2064,5800,-516,150,-130,0
1652.714012145996,10548,4200,11196,-108,-96,103,9868,-9964,8060,-102,155,-170,-14712,4748,2928,-995,72,-98,-14900,-2064,5660,-540,162,-132,0
1652.7502081394196,10512,4284,11028,-151,-61,110,9804,-9976,8028,-29,140,-169,-14768,4688,2844,-1017,107,-66,-14852,-2116,5672,-527,158,-147,0
1652.7856991291046,10472,4136,11016,-89,-30,115,9840,-9984,8048,-41,145,-144,-14712,4652,2872,-999,78,-81,-14984,-2188,5732,-526,150,-153,0
1652.8217170238495,10452,4264,11064,-126,-62,76,9852,-9856,8024,-70,167,-168,-14744,4812,2920,-883,87,-32,-14896,-2140,5888,-538,124,-158,0
1652.8577280044556,10484,4232,11032,-126,-50,89,9740,-9976,7996,-62,191,-169,-14832,4652,3012,-934,60,-112,-15012,-2172,5776,-534,154,-113,0
1652.8924000263214,10660,4324,11116,-77,-91,85,9796,-10096,8060,-60,165,-207,-14748,4672,3016,-976,132,-89,-14864,-2060,5708,-527,177,-99,0
1652.929013967514,10548,4256,10952,-130,-111,121,9784,-9992,8084,-57,128,-202,-14664,4664,2980,-963,148,-102,-14896,-2212,5812,-539,200,-91,0
1652.9624330997467,10448,4240,11144,-121,-123,119,9824,-9912,8032,-84,125,-183,-14804,4752,2848,-924,68,-120,-15020,-2020,5764,-520,164,-106,0
1652.9958310127258,10524,4240,11004,-132,-59,112,9880,-9912,8188,-46,161,-169,-14712,4652,3000,-933,68,-86,-15092,-2152,5668,-555,137,-136,0
1653.0294539928436,10476,4176,10968,-101,-21,95,9764,-9972,8028,-63,156,-148,-14724,4400,2936,-943,53,-50,-14868,-2168,5840,-525,148,-149,0
1653.0631999969485,10564,4348,10984,-166,-50,111,9836,-9896,8012,-36,148,-170,-14640,4784,2932,-916,40,-75,-14864,-2028,5684,-508,169,-147,0
1653.0968821048737,10720,4336,11100,-205,-113,119,9748,-10016,8116,-41,146,-192,-14716,4704,3056,-928,90,-116,-14956,-2116,5768,-500,195,-93,0
1653.130196094513,10552,4248,11012,-224,-151,119,9792,-10016,8040,-36,137,-222,-14780,4784,3000,-941,105,-140,-14912,-2036,5800,-496,217,-48,0
1653.1637980937958,10320,4188,11216,-218,-233,138,9772,-9996,7964,-39,125,-202,-14676,4756,3016,-908,81,-92,-14896,-2116,5892,-541,210,-88,0
1653.1973791122437,10744,4232,11088,-188,-215,151,9832,-10000,8080,-68,164,-223,-14744,4744,2876,-911,87,-112,-14844,-2048,5680,-515,204,-128,0
1653.23104596138,10252,4216,11212,-213,-227,143,9744,-9864,7816,-60,155,-232,-14644,4732,2896,-882,96,-129,-14624,-2092,5788,-525,210,-113,0
1653.2645280361176,10716,4300,11208,-202,-187,161,9832,-9868,8024,-74,162,-206,-14712,4680,3004,-883,90,-136,-14896,-2044,5468,-519,154,-80,0
1653.2977869510653,10444,4224,10828,-252,-196,155,9900,-9860,8144,-7,157,-185,-14724,4716,2820,-930,86,-74,-14928,-2100,5544,-530,188,-77,0
1653.3312139511108,10500,4260,10976,-230,-226,162,9816,-9916,8004,251,159,-212,-14720,4840,3032,-925,93,-69,-14908,-2124,5660,-510,210,-111,0
1653.364797115326,10628,4196,10880,-195,-250,139,9896,-9964,8056,-63,146,-244,-14696,4692,2688,-912,100,-150,-14964,-2080,5656,-533,247,-114,0
1653.3981330394745,10640,4272,10792,-237,-253,151,9800,-9944,8048,-9,124,-222,-14672,4676,2952,-901,86,-170,-14848,-2092,5764,-545,244,-115,0
1653.4318029880524,10680,4284,10816,-202,-228,158,9812,-9904,8064,16,189,-206,-14704,4760,2992,-890,20,-133,-14964,-2152,5744,-544,226,-124,0
1653.4655079841614,10680,4184,11008,-218,-192,125,9856,-9960,7964,251,181,-186,-14724,4692,2896,-884,-3,-105,-14836,-2204,5660,-568,163,-150,0
1653.4992260932922,10596,4172,11184,-240,-201,129,9876,-10036,8072,-12,159,-195,-14688,4684,2896,-873,35,-62,-14928,-2092,5664,-556,189,-112,0
1653.532576084137,10596,4168,10908,-193,-193,146,9800,-9932,7948,-24,141,-170,-14704,4628,2872,-902,54,-85,-14856,-2256,5808,-549,204,-148,0
1653.5660560131073,10544,4200,11100,-223,-509,158,9800,-9944,8092,6,139,-206,-14640,4700,2800,-922,110,-137,-14748,-2128,5736,-573,245,-99,0
1653.5998301506045,10668,4216,10816,-167,-227,151,9720,-9884,8156,-24,154,-220,-14812,4756,2980,-939,127,-190,-14608,-2148,5696,-559,242,-94,0
1653.6330959796906,10648,4228,11080,-146,-167,144,9888,-9944,8080,246,138,-210,-14700,4692,3008,-935,91,-93,-15096,-2184,5836,-555,290,-109,0
1653.66663813591,10644,4140,10888,-152,-93,132,9864,-9904,8136,19,140,-209,-14728,4772,3040,-938,115,-121,-15008,-2212,5732,-523,282,-131,0
1653.700117111206,10544,4188,10984,-104,-45,125,9776,-10012,8020,-37,135,-185,-14692,4752,2952,-973,94,-93,-14908,-2060,5568,-530,286,-162,0
1653.7333369255066,10668,4204,10872,-115,-12,94,9844,-9904,8092,-21,178,-188,-14672,4720,2688,-944,79,-86,-15008,-2092,5640,-547,212,-143,0
1653.7669651508331,10500,4188,10852,-99,-24,93,9840,-9984,8064,-19,127,-184,-14740,4716,2620,-924,41,-90,-14936,-2156,5552,-500,241,-137,0
1653.8005640506744,10784,4260,10984,-107,33,75,9868,-10156,7988,-250,144,-162,-14740,4828,2804,-981,38,-67,-14916,-2164,5448,-525,234,-142,0
1653.8340380191803,10676,4192,11136,-96,68,75,9948,-9948,8112,4,173,-159,-14784,4612,2980,-967,14,-74,-14876,-2164,5564,-520,3,-153,0
1653.8675351142883,10368,4240,11036,-141,53,81,9772,-9888,8076,252,203,-179,-14644,4688,2888,-940,30,-96,-14904,-2256,5696,-491,271,-164,0
1653.9009540081024,10604,4232,11080,-120,67,88,9760,-10224,8132,-13,186,-146,-14688,4804,2996,-974,37,-89,-15060,-2140,5728,-498,225,-160,0
1653.9344840049744,10556,4200,10832,-146,130,75,9716,-10060,8192,40,191,-133,-14684,4672,3056,-987,249,-102,-14844,-2168,5560,-529,205,-167,0
1653.9717500209808,10580,4320,11196,-121,92,87,9708,-9884,7972,5,166,-100,-14680,4728,2972,-974,50,-41,-14876,-2264,5660,-536,162,-164,0
1654.0076761245728,10584,4272,11108,-83,65,76,9964,-9892,8172,-74,153,-135,-14644,4692,2840,-922,94,-86,-14944,-2196,5628,-517,140,-140,0
1654.0429120063782,10284,4192,10800,-141,22,83,9884,-9992,8008,-43,123,-168,-14688,4732,2832,-941,125,-70,-14900,-2140,5516,-512,174,-151,0
1654.0776829719543,10524,4180,10900,-105,23,81,9860,-9936,8052,-19,151,-143,-14652,4736,2920,-996,102,-103,-14860,-2120,5616,-555,184,-169,0
1654.1134309768677,10640,4224,11056,-72,11,92,9516,-9868,8056,-31,144,-161,-14656,4664,3144,-955,122,-50,-15056,-2092,5388,-526,106,-151,0
1654.1488521099093,10520,4116,11116,-111,39,87,9828,-9980,8028,-41,155,-145,-14772,4776,2928,-978,125,-98,-14980,-2192,5396,-273,139,-115,0
1654.184005022049,10648,4244,11008,-110,23,77,9852,-9888,8156,-26,152,-177,-14660,4764,2628,-1001,150,-68,-14940,-2164,5592,-525,168,-164,0
1654.2206139564514,10620,4200,11200,-136,41,92,9944,-9880,8036,-27,124,-166,-14600,4760,3016,-961,132,-73,-14924,-2100,5572,-541,161,-133,0
1654.2560091018677,10436,4256,11124,-72,14,88,9776,-9900,8156,-38,139,-167,-14672,4740,2936,-955,114,-112,-14888,-2216,5688,-558,156,-140,0
1654.291883945465,10240,4324,11060,-145,3,97,9732,-9984,8092,-40,149,-152,-14632,4768,2896,-962,112,-72,-15052,-2112,5392,-522,158,-126,0
1654.3282370567322,10432,4268,10840,-114,251,101,9800,-9960,8048,-26,124,-178,-14632,4812,2904,-962,134,-64,-14916,-2196,5584,-514,214,-122,0
1654.3635001182556,10484,4256,11104,-108,-27,114,9764,-9876,8172,-33,150,-187,-14620,4724,2880,-970,138,-84,-14952,-2196,5632,-532,188,-103,0
1654.3991920948029,10492,4232,11072,-125,-55,104,9520,-9864,8168,-57,127,-189,-14660,4772,3068,-950,125,-112,-14888,-2064,5500,-507,201,-121,0
1654.4341409206393,10596,4220,11112,-119,-65,96,9752,-9996,8120,-45,144,-224,-14440,4828,2720,-936,147,-122,-15020,-2112,5596,-493,195,-88,0
1654.4697110652924,10620,4196,11012,-136,-42,113,9724,-9916,7876,-34,122,-179,-14752,4736,2632,-970,135,-54,-14640,-2176,5852,-541,172,-125,0
1654.5050880908966,10448,4328,11016,-113,-59,112,9828,-9916,8072,-51,133,-213,-14748,4740,3276,-987,137,-101,-14916,-2224,5400,-515,190,-144,0
1654.5409009456635,10528,4352,11108,-128,-66,119,9836,-9772,8108,-49,136,-177,-14656,4720,2840,-937,131,-62,-14940,-2244,5640,-526,130,-112,0
1654.5762059688568,10484,4312,11124,-94,-44,92,9804,-9984,8088,-27,137,-184,-14728,4740,2980,-1017,123,-92,-14964,-2196,5504,-553,146,-128,0
1654.6128220558169,10568,4596,11048,-171,-30,101,9764,-9824,7816,-10,144,-167,-14620,4716,2956,-977,123,-63,-15056,-2256,5552,-543,121,-128,0
1654.6460599899292,10696,4604,11012,-126,-61,113,9748,-10052,8136,-123,135,-179,-14728,4696,2976,-957,121,-56,-14924,-2196,5484,-550,107,-124,0
1654.6798229217527,10588,4284,11112,-134,-91,105,9868,-9952,8044,-95,135,-160,-14712,4656,2868,-983,110,-80,-14900,-2192,5440,-572,135,-116,0
1654.7132971286774,10524,4220,11196,-143,-41,101,9796,-9840,8012,-43,87,-170,-14632,4776,2888,-982,121,-76,-15088,-2184,5508,-583,134,-125,0
1654.7469220161438,10440,4100,11260,-144,-52,127,9728,-10020,8204,-68,126,-158,-14752,4780,3036,-981,111,-39,-15036,-2216,5592,-561,132,-119,0
1654.7799949645996,10412,4304,11176,-202,-114,119,9828,-10088,8084,-68,125,-180,-14700,4828,3036,-913,150,-62,-14984,-2088,5572,-544,160,-80,0
1654.8133850097656,10464,4236,11144,-224,-179,184,9792,-10088,8092,-94,112,-195,-14712,4844,2820,-859,184,-141,-14912,-2264,5396,-575,181,-68,0
1654.8471140861511,10704,4200,11088,-175,-226,190,9748,-9976,8120,-85,128,-211,-14728,4784,2896,-884,204,-132,-15020,-2080,5880,-569,187,-115,0
1654.8804950714111,10436,4232,10928,-199,-238,181,9784,-9936,7696,-78,121,-230,-14680,4744,2912,-905,169,-68,-14888,-2192,5484,-555,184,-66,0
1654.9138050079346,10260,4256,11244,-214,-210,191,9864,-9948,8092,-74,117,-211,-14692,4764,2816,-901,186,-90,-15016,-2208,5600,-571,188,-75,0
1654.9473810195923,10264,4264,11116,-5,-168,158,9924,-9936,7940,-45,143,-172,-14816,4740,2748,-910,180,-143,-14952,-2232,5624,-567,175,-73,0
1654.9807770252228,10564,4168,11240,-255,-158,167,9852,-9956,8140,-20,158,-205,-14808,4708,2892,-971,195,-127,-14948,-2152,5592,-544,200,-82,0
1655.0143389701843,10728,4268,11172,-4,-213,164,9732,-9840,8420,-36,129,-267,-14712,4684,2772,-973,249,-172,-14972,-2192,5448,-540,192,-76,0
1655.04812002182,10356,4216,11100,-1,-223,155,9788,-9752,8044,-74,117,-255,-14752,4692,2896,-991,227,-117,-15016,-2276,5456,-766,205,-80,0
1655.0816609859469,10664,4196,11140,-206,-203,144,9832,-10068,8052,-80,148,-227,-14980,4752,2676,-1009,177,-83,-15016,-2252,5572,-526,125,-99,0
1655.1152729988098,10664,4204,10952,-261,-162,145,9904,-10008,8072,-17,115,-196,-14672,4616,2712,-1066,177,-101,-14888,-2292,5548,-544,142,-117,0
1655.148668050766,10552,4324,10848,-254,-173,141,9832,-9868,8152,-55,104,-182,-14740,4700,2592,-1032,148,-123,-14924,-2136,5556,-540,155,-117,0
1655.1824369430542,10592,4144,10992,-165,-153,150,9860,-9960,8084,-36,111,-195,-14676,4740,2604,-1045,225,-126,-14920,-2172,5580,-564,126,-86,0
1655.2162280082705,10540,4236,11048,-208,-167,163,9860,-9924,7952,-9,61,-156,-14664,4788,2720,-1056,238,-91,-14828,-2132,5492,-544,154,-101,0
1655.2497301101685,10624,4176,11140,-195,-89,202,9856,-9912,8088,248,39,-173,-14632,4680,2780,-1090,240,-80,-14824,-2268,5552,-543,160,-73,0
1655.282949924469,10548,4156,10904,-154,-73,169,9836,-9892,8028,-67,76,-170,-14776,4664,2892,-1066,128,-76,-14912,-2232,5564,-562,172,-99,0
1655.3164880275726,10592,4156,11144,-158,-65,122,9900,-9900,8180,-63,121,-203,-14636,4620,2736,-1039,65,-84,-14908,-2172,5608,-563,244,-99,0
1655.3500790596008,10600,4140,11044,-175,-75,117,9692,-9888,8056,-32,142,-183,-14660,4800,2724,-1078,93,-142,-14924,-2292,5508,-545,223,-158,0
1655.3836109638214,10568,4188,11080,-89,-27,96,9876,-9968,8092,-29,131,-210,-14748,4760,2752,-1048,44,-57,-14928,-2156,5392,-536,187,-148,3
1655.416923046112,10576,4196,11208,-129,-19,84,9868,-9928,8108,-17,157,-176,-14680,4700,2800,-1058,110,-78,-14964,-2136,5496,-533,179,-160,3
1655.450474023819,10640,4144,11072,-117,-26,119,9888,-9752,8040,26,153,-163,-14656,4752,2728,-1043,125,-68,-14928,-2136,5568,-577,182,-140,3
1655.483950138092,10532,4212,11256,-76,-28,102,9796,-10136,8008,25,150,-154,-14844,4756,2588,-1014,164,-93,-14976,-2284,5476,-609,150,-161,3
1655.5174810886383,10564,4276,10796,-84,-59,84,9800,-9948,7940,-11,168,-173,-14700,4728,2992,-941,154,-78,-15056,-2376,5308,-653,128,-160,3
1655.5512311458588,10596,4252,11248,-105,-50,70,9796,-9940,7936,-52,201,-160,-14668,4660,2772,-911,84,-34,-14968,-2240,5684,-681,148,-222,3
1655.5847570896149,10504,4316,11024,-89,-88,45,9896,-9936,7960,-51,201,-166,-14772,4680,2768,-947,67,-25,-14872,-2500,5512,-651,89,-163,3
1655.6179709434507,10568,4096,11120,-80,-101,42,9816,-9912,8028,-33,197,-167,-14848,4700,2724,-1004,61,-94,-15004,-2336,5584,-573,112,-150,3
1655.6551089286804,10660,4216,10788,-106,-35,53,9832,-9908,7936,-11,212,-168,-14656,4776,2676,-984,76,-69,-14968,-2140,5512,-262,97,-121,0
1655.6907539367676,10496,4284,11124,-107,-2,75,9908,-9984,8140,-23,144,-134,-14652,4776,2696,-1056,155,-46,-14612,-2304,5528,-542,108,-117,0
1655.7272169589996,10512,4244,10776,-101,-88,96,9848,-10216,8028,-14,168,-179,-14808,4736,2584,-1022,186,-85,-14984,-2188,5500,-588,68,-127,0
1655.7623660564425,10556,4312,11016,-47,-139,107,9932,-9736,7968,-62,161,-183,-14816,4712,2860,-1059,217,-66,-14980,-2324,5588,-591,-50,-129,0
1655.798033952713,10584,4236,11212,-46,-178,87,9864,-9948,8032,-57,126,-182,-14732,4640,2744,-1140,248,-86,-14940,-2240,5516,-583,-71,-104,0
1655.8331470489502,10424,4248,11168,-104,-208,105,9800,-10036,8152,-66,119,-205,-14656,4872,2916,-1128,233,-91,-14976,-2276,5464,-528,-15,-78,0
1655.8686699867249,10592,4580,11032,-131,-264,115,9768,-10092,7972,-52,145,-230,-14752,4840,2980,-1124,231,-108,-14944,-2336,5700,-556,44,-90,0
1655.9041559696198,10380,4372,11060,-146,-329,115,9792,-9884,8100,-75,117,-272,-14768,4664,2792,-1075,0,-161,-14840,-2356,5608,-762,50,-100,0
1655.940190076828,10584,4364,10944,-90,-280,107,9788,-9968,7968,-72,139,-511,-14740,4812,2660,-1079,192,-101,-15000,-2192,5384,-552,248,-87,0
1655.9755909442902,10704,4176,10836,-161,-302,119,9544,-10072,8140,-1,109,-217,-14804,4672,2620,-1142,192,-104,-14864,-2276,5796,-582,66,-97,0
1656.0119049549103,10604,4348,11076,-251,-343,197,9800,-9928,7964,-7,128,-205,-14624,4664,2944,-1094,228,-110,-14772,-2292,5608,-449,130,-24,0
1656.0477800369265,10548,4372,10816,-165,-311,154,9840,-9948,8100,-30,136,-243,-14644,4640,2744,-1095,181,-107,-14916,-2196,5612,-486,187,-37,0
1656.08282995224,10648,4212,10912,-191,-229,160,9868,-9872,7996,8,76,-238,-14828,4672,2800,-1098,200,-122,-15076,-2304,5548,-476,185,-45,0
1656.1187999248505,10620,4260,10948,-159,-119,168,9872,-9928,8056,-252,139,-176,-14720,4612,2760,-1058,99,-57,-14940,-2416,5512,-258,191,-132,0
1656.1541471481323,10636,4256,10856,-184,253,105,9860,-9792,7972,3,162,-167,-14776,4628,2712,-1036,129,-51,-14916,-2300,5492,-556,83,-118,0
1656.189837932587,10740,4348,10976,-112,47,117,9780,-9852,7916,-36,139,-168,-14664,4636,2972,-1091,52,-63,-14956,-2120,5456,-510,78,-112,0
1656.225163936615,10736,4284,10956,-125,59,64,9908,-9836,7744,29,158,-141,-14760,4740,2804,-1120,56,-20,-14836,-2216,5448,-475,190,-102,0
1656.2654600143433,10572,4252,11088,-173,50,96,9856,-9916,7884,38,129,-182,-14736,4752,2740,-1070,109,-78,-15016,-2524,5700,-506,213,-103,0
1656.3020720481873,10568,4268,11104,-210,198,116,9760,-9884,8156,38,127,-214,-14692,4820,2952,-1279,129,-104,-14888,-2248,5740,-521,161,-79,0
1656.335734128952,10560,4356,11028,-184,211,87,9764,-9756,8028,5,104,-180,-14732,4716,2668,-1022,115,-132,-15100,-2528,5896,-434,119,-50,0
1656.3692190647123,10448,4232,11008,-131,109,108,9648,-9856,7976,-13,114,-185,-14764,4720,2888,-1117,107,-125,-14624,-2252,5676,-487,170,-94,0
1656.4024519920347,10416,4600,11096,-140,7,132,9768,-9948,8060,-20,170,-168,-14780,4708,3008,-1158,103,-94,-14932,-2300,5796,-396,121,-87,0
1656.436205148697,10616,4312,10956,-138,-120,154,9836,-9860,8092,-76,138,-175,-14732,4764,2720,-1141,221,-100,-14820,-2360,5700,-307,18,-75,0
1656.4696960449219,10796,4224,11072,-111,-224,119,9896,-9924,7780,-117,150,-182,-14724,4856,2664,-1066,199,-98,-14944,-2180,5540,-387,-191,-55,0
1656.5034410953522,10692,4224,10988,55,-347,100,9952,-9868,8096,-92,103,-154,-14824,4664,2692,-1062,164,-95,-14872,-2268,5456,-509,175,-54,0
1656.5369930267334,10692,4176,11020,-104,-1,97,9868,-9984,7820,-57,169,-200,-14824,4620,2720,-1118,177,-108,-14964,-2352,5380,-648,574,-99,0
1656.5705499649048,10728,4268,10992,-233,-298,105,9872,-9848,8028,-11,201,-196,-14724,4648,2756,-1059,142,-98,-15104,-2232,5624,-422,321,-115,0
1656.6042339801788,10780,4220,10916,-139,-65,57,9876,-9960,8216,-52,141,-158,-14740,4772,2836,-1064,71,-85,-15036,-2040,5744,-524,232,-179,0
1656.6376979351044,10592,4220,10788,-117,-50,49,9820,-10236,8044,-13,162,-155,-14660,4740,2392,-1053,70,-95,-14940,-2052,5696,-477,54,-156,0
1656.6712059974673,10652,4280,10952,-118,-56,79,9752,-9920,8032,-62,178,-135,-14720,4708,2676,-1027,108,-73,-14884,-2292,5572,-490,66,-142,0
1656.7047970294952,10616,4100,11052,-79,-60,63,9780,-9912,8084,-118,161,-160,-14680,4740,2712,-1009,101,-56,-15016,-2300,5664,-469,194,-135,0
1656.7383229732513,10692,4264,10944,-75,-242,83,9740,-9960,7964,-34,121,-204,-14756,4712,2908,-770,139,-70,-14844,-2180,5584,-459,307,-101,0
1656.771844148636,10548,4368,10952,-162,-62,142,9768,-9896,8000,-9,87,-144,-14704,4656,2788,-1040,138,-92,-14784,-2248,5704,-463,295,-93,0
1656.8050649166107,10668,4300,10936,-193,-80,149,9852,-9952,8180,-41,150,-182,-15100,4708,2700,-960,198,-73,-14888,-2212,5640,-471,192,-100,0
1656.8388891220093,10584,4220,10920,-163,-70,122,9716,-9888,7964,-29,126,-172,-14720,4684,2668,-996,196,-82,-14972,-2200,5556,-493,168,-127,0
1656.8722920417786,10716,4296,10844,-121,-38,100,9908,-9912,8092,-41,169,-157,-14800,4700,2792,-994,159,-62,-14888,-2232,5848,-467,234,-177,0
1656.905550956726,10568,4288,11140,-174,-4,85,9776,-9996,8028,-249,136,-141,-14660,4640,2624,-952,206,-76,-14880,-2240,5548,-420,323,-108,0
1656.9393141269684,10684,4376,10976,-173,52,113,9732,-9952,8120,-26,163,-147,-14740,4604,2592,-935,234,-109,-14976,-2060,5692,-508,233,-87,0
1656.972885131836,10632,4240,10836,-177,-29,102,9816,-10176,8144,-17,131,-172,-14760,4676,2604,-919,264,-108,-14952,-2260,5736,-479,152,-115,0
1657.006588935852,10668,4248,11096,-106,1,99,9716,-10176,8084,-51,169,-151,-14820,4680,2788,-906,286,-83,-14916,-2272,5712,-454,127,-92,0
1657.04003405571,10544,4364,11020,-125,17,130,9492,-9992,8064,-68,162,-135,-14680,4620,2996,-947,246,-95,-14912,-2216,5644,-488,105,-84,0
1657.0733590126038,10564,4260,10928,-106,8,89,9804,-9876,8052,-77,174,-136,-14808,4724,2828,-905,221,-50,-14880,-2396,5580,-463,106,-152,0
1657.1069390773773,10532,4284,10920,-129,-8,90,9736,-9908,8148,-86,173,-161,-14840,4708,2700,-893,202,-93,-14952,-2052,5388,-444,61,-74,0
1657.139848947525,10612,4248,10956,-108,250,104,9852,-9956,7988,-110,171,-171,-14772,4828,2476,-894,181,-96,-15004,-2232,5652,-452,40,-125,0
1657.17352104187,10644,4236,10976,-98,-16,91,9808,-10084,8164,-102,164,-134,-14692,4688,2528,-975,167,-65,-15012,-2160,5604,-412,56,-107,0
1657.207237958908,10592,4268,10964,-80,243,82,9856,-10100,8004,-81,154,-191,-14680,4728,2696,-992,169,-72,-14968,-2232,5496,-399,68,-122,0
1657.24063205719,10556,4180,11072,-114,-61,72,9836,-10000,8004,-143,168,-192,-14840,4720,2560,-1015,174,-119,-15108,-2300,5828,-413,-10,-112,0
1657.2742381095886,10604,4352,10896,-14,-18,75,9860,-10028,7876,-115,159,-156,-15036,4736,2708,-1049,97,-105,-14932,-2152,5608,-422,24,-120,0
1657.310487985611,10600,4352,10980,-101,-12,87,9844,-9976,8016,-31,159,-128,-14716,4748,2504,-1082,84,-53,-15020,-2456,5608,-473,54,-136,0
1657.3461680412292,10668,4356,11036,-46,36,77,9748,-9920,8024,-125,169,-130,-14776,4636,2652,-1055,118,-88,-14944,-2280,5648,-508,32,-154,0
1657.3817391395569,10604,4600,10788,-59,9,9,9792,-10032,7932,-120,197,-174,-15080,4676,2364,-1063,65,-55,-14940,-2148,5632,-550,46,-189,0
1657.418015956879,10520,4332,11200,-72,-27,62,9796,-9952,8180,-91,190,-138,-15040,4672,2520,-1096,87,-52,-14596,-2240,5668,-569,118,-173,0
1657.4531321525574,10488,4424,10908,-30,-59,58,9716,-9968,8096,-75,153,-142,-14600,4644,2712,-1109,64,-115,-14944,-2320,5724,-569,99,-164,0
1657.4891641139984,10512,4108,10964,-79,-78,75,9624,-9880,7996,-58,137,-176,-14764,4748,2508,-1036,116,-25,-14852,-2228,5664,-562,90,-124,0
1657.5243599414825,10548,4136,11084,-102,-151,102,9816,-10144,8088,-39,161,-192,-14684,4672,2480,-1074,117,-90,-14788,-2196,5504,-524,89,-112,0
1657.5597200393677,10672,4300,10980,-86,-155,86,9940,-10120,8152,-10,157,-196,-14832,4668,2564,-1102,108,-48,-14624,-2316,5856,-530,133,-135,0
1657.5950100421906,10520,4436,11076,-102,-179,118,9516,-9968,7964,-255,144,-201,-14816,4696,2592,-1063,86,-80,-14832,-2332,5664,-547,78,-111,0
1657.630744934082,10508,4604,11132,-134,-126,108,9424,-10008,8012,10,211,-184,-14736,4752,2360,-1026,101,-34,-14916,-2280,5668,-506,75,-97,0
1657.6661601066587,10520,4292,11092,-130,-71,133,9616,-9844,8008,-32,116,-169,-14700,4696,2792,-1009,124,-45,-14608,-2240,5600,-476,83,-120,0
1657.7017190456393,10520,4360,10936,-138,-87,104,9752,-9908,8012,-29,110,-180,-14832,4632,2700,-1057,109,-56,-15064,-2268,5588,-456,131,-124,0
1657.7376120090485,10592,4340,10996,-160,-108,97,9628,-10012,8120,-45,175,-218,-14788,4608,2320,-1044,112,-83,-14876,-2272,5704,-467,129,-104,0
1657.7727689743042,10336,4352,11008,-144,-124,101,9800,-10068,8068,-53,141,-211,-14784,4748,2576,-992,140,-106,-14600,-2196,5752,-458,151,-114,0
1657.8087649345398,10556,4304,10996,-147,-128,98,9796,-10012,7928,-19,167,-187,-14792,4652,2520,-996,135,-84,-14944,-2220,5612,-452,128,-97,0
1657.843852043152,10676,4368,11116,-187,-98,117,9820,-10012,7984,-10,151,-191,-14752,4684,2808,-791,102,-111,-14892,-2224,5692,-450,147,-97,0
1657.8796739578247,10580,4316,10972,-241,-123,123,9652,-10056,8020,13,127,-228,-14804,4396,2624,-1269,119,-79,-14952,-2284,5768,-458,145,-71,0
1657.914869070053,10532,4364,11056,-280,-185,119,9744,-10236,8148,-27,147,-238,-14756,4860,2560,-950,161,-144,-14896,-2052,5776,-416,134,-31,0
1657.9507250785828,10320,4372,10996,-220,-165,163,9748,-10048,8140,-22,117,-192,-14776,4676,2732,-953,143,-119,-14888,-2080,5764,-481,121,-71,0
1657.9862070083618,10740,4576,10812,-315,-202,195,9724,-10064,8116,9,137,-247,-14704,4756,2332,-991,155,-186,-14908,-2260,5404,-484,181,-95,0
1658.0197689533234,10628,4440,10844,-289,-186,172,9748,-9764,8044,-18,110,-212,-14760,4700,2588,-955,132,-82,-14884,-2204,5648,-454,160,-72,0
1658.0534241199493,10644,4244,10944,-262,-167,161,9816,-10024,8012,-12,153,-239,-14844,4756,2592,-925,130,-72,-14996,-2180,5648,-476,166,-90,0
1658.0872120857239,10728,4340,10848,-299,-205,154,9780,-9940,8008,15,143,-216,-14824,4672,2572,-974,240,-191,-14852,-2216,5672,-484,210,-83,0
1658.1202099323273,10616,4344,10504,-267,-185,172,9824,-9880,8180,43,140,-200,-14748,4608,2628,-968,158,-104,-14688,-2292,5776,-537,174,-71,0
1658.1536021232605,10704,4436,10816,-293,-163,145,9792,-9984,7984,-5,125,-218,-14832,4632,2640,-861,234,-28,-14964,-2116,5748,-258,25,-56,0
1658.1872420310974,10712,4344,10884,-288,-154,168,9840,-10036,8048,-9,156,-189,-14844,4752,2572,-882,151,-84,-14892,-2300,5568,-482,167,-60,0
1658.220703125,10616,4280,10920,-275,-196,163,9816,-9972,8008,-22,178,-180,-14788,4692,2600,-946,97,-118,-14872,-2144,5768,-493,172,-119,0
1658.2543389797213,10600,4180,11036,-268,-210,143,9788,-9884,7996,9,127,-195,-14784,4740,2480,-1022,84,-134,-15096,-2176,5528,-494,137,-71,0
1658.2879800796509,10712,4376,10896,-252,-196,147,9792,-9924,8352,7,102,-224,-14824,4488,2440,-1078,66,-102,-14660,-2180,5664,-409,108,-63,0
1658.3212869167328,10552,4288,11024,-1,-190,152,9788,-9976,8116,10,106,-211,-14780,4724,2448,-1104,75,-61,-14908,-2192,5636,-428,122,-67,0
1658.3544969558716,10636,4320,10888,-189,-177,139,9756,-10228,7944,-6,105,-192,-14804,4760,2588,-1096,142,-91,-14880,-2176,5704,-419,162,-66,0
1658.387948036194,10644,4496,11244,-239,-176,164,9716,-10028,8136,-16,79,-204,-14648,4840,2532,-1121,147,-151,-14832,-2232,5688,-434,180,-43,0
1658.421354055405,10648,4308,10784,-215,-166,140,9780,-9968,8132,-53,104,-205,-14688,4676,2616,-1099,125,-91,-14744,-2188,5808,-400,175,-72,0
1658.4549670219421,10640,4252,10924,-193,-95,120,9788,-9960,8008,-53,90,-204,-14752,4780,2592,-1043,87,-55,-14920,-2288,5560,-380,195,-110,0
1658.488561153412,10744,4236,10840,-156,-105,124,9788,-9948,7992,-55,95,-173,-14916,4788,2496,-1083,250,-51,-15060,-2276,5456,-397,166,-124,0
1658.5219049453735,10780,4156,10764,-123,-39,88,9812,-9960,7948,-31,80,-147,-15040,4712,2592,-1051,78,-58,-15028,-2172,5860,-415,85,-117,0
1658.5557000637054,10616,4256,10820,-102,32,82,9848,-9960,8092,14,114,-161,-14724,4400,2556,-1101,89,-55,-14928,-2220,5760,-389,107,-114,0
1658.5891411304474,10620,4312,10880,-141,0,88,9752,-9944,8056,-8,97,-151,-14824,4688,2684,-1077,41,-75,-14916,-2260,5648,-386,139,-120,0
1658.6228160858154,10748,4216,10876,-31,26,106,9732,-9980,8104,-35,93,-146,-14908,4788,2680,-1170,75,-249,-14900,-2096,5656,-443,53,-111,0
1658.6561379432678,10588,4196,11084,-57,54,88,9800,-9996,8052,41,78,-168,-14744,4640,2628,-1191,-4,27,-14872,-2248,5640,-414,129,-115,0
1658.6897361278534,10644,4304,10812,-95,23,107,9800,-9936,8016,6,84,-142,-14824,4672,2732,-1185,-4,-19,-14860,-2268,5772,-374,74,-111,0
1658.7232830524445,10652,4588,11008,-59,33,83,9780,-9764,8116,-24,67,-187,-14796,4728,2804,-1148,-75,-36,-14920,-2044,5684,-366,31,-151,0
1658.7568440437317,10616,4332,10872,-149,-17,97,9800,-10216,8116,35,90,-187,-14816,4636,2572,-1228,-85,-32,-15104,-2160,5672,-332,29,-129,0
1658.7902989387512,10628,4300,11180,-69,40,94,9668,-9900,8016,51,117,-174,-14744,4732,2800,-1173,-45,15,-14948,-2172,5776,-373,4,-151,0
1658.823755979538,10792,4576,10964,-98,91,99,9800,-9960,7992,251,77,-125,-14888,4784,2516,-1116,69,-21,-14844,-2268,5712,-405,-56,-134,0
1658.857034921646,10644,4216,10860,-133,86,128,9804,-9968,8160,23,87,-116,-14676,4612,2444,-1110,82,-48,-14936,-2056,5760,-407,50,-148,0
1658.890280008316,10724,4300,10948,-113,71,124,9812,-10052,8004,24,103,-143,-14624,4708,2688,-1032,128,-81,-14844,-2084,5588,-421,162,-102,0
1658.9237859249115,10480,4144,10888,-165,-4,126,10196,-9936,7988,50,57,-159,-14656,4700,2588,-1069,161,-86,-14868,-2228,5756,-399,190,-140,0
1658.9574251174927,10620,4296,10796,-137,20,86,9744,-9864,8124,10,138,-179,-14820,4676,2828,-977,136,-147,-15004,-2264,5704,-410,222,-153,0
1658.9932689666748,10620,4348,11240,-178,-14,81,9808,-10000,8156,-20,103,-178,-14768,4408,2644,-967,138,-61,-14976,-2192,5848,-427,112,-182,0
1659.029149055481,10540,4356,10872,-91,106,76,9792,-10028,8128,-106,68,-145,-14776,4640,2804,-973,162,-72,-14784,-2204,5944,-402,-53,-178,0
1659.0642540454865,10584,4292,11188,15,72,108,9760,-10224,8156,-101,84,-122,-14760,4804,3068,-1125,-20,-76,-14780,-2260,5716,-288,405,-169,0
1659.0997021198273,10420,4356,10756,-242,-73,170,9928,-10008,7888,21,196,-172,-14600,4628,2880,-1144,-339,-136,-14780,-2128,5792,-529,866,-261,0
1659.134467124939,10588,4280,11124,-163,-127,154,9772,-9876,8096,57,198,-150,-14816,4808,2612,-1202,-202,-52,-14968,-2176,5776,-541,636,-214,0
1659.1702449321747,10588,4580,10832,-253,-56,102,9844,-9956,8240,43,82,-157,-14796,4676,2636,-1170,90,-125,-14884,-2268,5800,-630,578,-204,0
1659.2053301334379,10444,4360,11232,50,-21,65,9620,-9792,7944,83,185,-199,-14800,4608,2700,-1199,144,-88,-14896,-2192,5704,-686,308,-178,0
1659.2406640052795,10852,4352,10824,-491,43,90,9788,-9936,8104,39,121,-174,-14768,4716,2948,-1146,509,-119,-14972,-2240,5428,-731,689,-190,0
1659.27610206604,10680,4396,11000,-61,-89,74,9760,-9924,8440,-67,117,-167,-14840,4516,2792,-1039,199,-73,-14924,-2276,5812,-825,681,-189,0
1659.3118031024933,10596,4328,10964,-28,-27,97,9840,-9908,8092,-41,186,-149,-14732,4736,2680,-1072,124,-110,-14856,-2268,5420,-864,630,-217,0
1659.3475170135498,10624,4364,11136,-191,-254,118,9828,-9864,8096,-16,173,-149,-14696,4644,2668,-935,84,-65,-14988,-2352,5508,-863,486,-213,0
1659.3828070163727,10628,4428,10924,-131,-10,103,9940,-9868,8144,-91,167,-151,-14836,4644,2864,-997,28,-72,-14960,-2552,5436,-769,372,-179,0
1659.4181530475616,10588,4324,10988,-171,17,93,9792,-9960,7924,253,185,-161,-15008,4744,2668,-1004,-27,-50,-14916,-2060,5368,-749,275,-212,0
1659.4536230564117,10688,4124,11232,-100,40,82,9728,-9808,8036,32,174,-150,-15072,4632,2632,-1271,-22,-86,-14984,-2276,5480,-705,239,-175,0
1659.4895429611206,10516,4368,11032,-105,13,84,9960,-9888,8096,32,167,-163,-14736,4724,2660,-1021,7,-65,-14928,-2116,5456,-701,177,-153,0
1659.5248999595642,10616,4400,11056,-135,27,69,9760,-10008,7940,50,211,-145,-14736,4612,2852,-959,-40,-105,-14996,-2292,5396,-694,275,-155,0
1659.5602400302887,10564,4364,11056,-184,-7,102,9736,-9740,8064,5,215,-172,-14804,4648,2908,-954,13,-100,-15064,-2432,5516,-735,366,-160,0
1659.5953829288485,10288,4372,11044,-134,-33,99,9804,-9888,8020,-248,199,-180,-14708,4628,2892,-975,5,-103,-15008,-2352,5460,-745,353,-162,0
1659.631235122681,10748,4532,11104,-123,-10,104,9508,-9784,8116,-20,185,-153,-14736,4632,2568,-934,22,-147,-14904,-2396,5404,-721,297,-148,0
1659.666918039322,10420,4340,11048,-189,-22,97,9728,-10168,8060,-27,237,-174,-14836,4596,2876,-914,-249,-142,-15000,-2300,5328,-674,279,-113,0
1659.7004470825195,10580,4376,11164,-206,-45,80,9688,-10008,8116,-17,199,-214,-14692,4672,2900,-936,38,-113,-14992,-2420,5300,-638,273,-72,0
1659.7338831424713,10540,4388,10992,-214,-123,103,9740,-9968,8148,-37,164,-230,-14808,4716,2784,-949,93,-101,-15060,-2380,5284,-617,253,-55,0
1659.7675571441653,10492,4340,10836,-223,-185,133,9688,-10024,8136,-97,150,-222,-14676,4624,2920,-871,108,-124,-15012,-2416,5396,-609,243,-71,0
1659.8010170459747,10456,4328,11108,-198,-184,138,9976,-9888,8188,-98,149,-240,-14788,4736,2744,-891,77,-142,-14952,-2140,5304,-554,214,-80,0
1659.8344719409945,10564,4356,10760,-213,-217,119,9704,-9904,8076,-60,126,-230,-14604,4744,2660,-892,92,-186,-15004,-2352,5316,-568,139,-59,0
1659.86789894104,10488,4224,10912,-231,-165,139,9764,-10020,8120,-255,120,-234,-14796,4600,2848,-906,137,-86,-15128,-2252,5064,-568,137,-88,0
1659.9011371135712,10668,4324,10968,-188,-147,118,9764,-10040,8040,16,147,-243,-14824,4672,2756,-946,78,-120,-14992,-2328,5344,-560,188,-104,0
1659.9348170757294,10576,4328,11008,-223,-165,142,9812,-9984,8056,11,145,-251,-14868,4528,2844,-957,114,-168,-15036,-2072,5136,-581,153,-106,0
1659.9684989452362,10592,4168,10768,-239,-201,126,9944,-9960,7964,9,174,-203,-14632,4596,2788,-780,119,-141,-15060,-2380,5260,-583,187,-77,0
1660.0019381046295,10624,4308,11000,-217,-152,120,9872,-9916,8020,-20,129,-222,-14808,4768,2792,-938,89,-127,-14948,-2344,5284,-557,114,-88,0
1660.0354290008545,10704,4172,11012,-236,-171,112,9736,-9964,8376,8,128,-215,-14768,4616,2724,-953,105,-60,-14904,-2340,5336,-484,143,-108,0
1660.0689649581907,10520,4440,10840,-252,-114,113,9828,-9948,8164,-48,179,-209,-14764,4560,2624,-930,67,-34,-15076,-2344,5356,-466,116,-103,0
1660.1025581359863,10592,4136,11016,-192,-107,103,9812,-9988,8296,-50,150,-187,-14744,4692,2708,-948,86,-75,-14992,-2368,5268,-532,117,-109,0
1660.1358921527865,10592,4300,11216,-259,-154,108,9832,-9900,8076,-8,135,-187,-14748,4652,2808,-941,91,-99,-14936,-2320,5108,-526,103,-97,3
1660.1694509983063,10584,4280,11016,-186,-119,132,9748,-9844,8092,-1,199,-143,-14684,4724,2980,-909,29,-33,-15044,-2404,5384,-502,98,-102,3
1660.202898979187,10616,4288,10792,-187,-109,95,9696,-9988,8216,-51,135,-181,-14624,4780,2800,-925,82,-41,-14888,-2392,5340,-506,79,-106,3
1660.2363810539246,10588,4224,11020,-185,-115,126,9524,-9880,7980,-34,107,-149,-14672,4680,2696,-947,125,-64,-14928,-2288,5476,-491,89,-90,3
1660.2699949741364,10592,4280,11116,-134,-117,128,9784,-9888,8100,-22,124,-194,-14748,4676,2684,-951,121,-101,-14916,-2528,5208,-486,178,-78,3
1660.3036699295044,10448,4324,10772,-162,-139,138,9680,-9740,8056,-19,121,-221,-14716,4568,2604,-1012,101,-131,-14976,-2112,5308,-498,184,-107,3
1660.3372299671173,10660,4244,10856,-103,-48,118,9884,-9976,8136,-29,89,-181,-14768,4628,2680,-979,119,-69,-15020,-2360,5324,-470,144,-102,3
1660.3706669807434,10652,4288,11040,-106,-24,90,9896,-9732,8124,0,121,-162,-14800,4420,2588,-966,86,-44,-14884,-2384,5152,-420,130,-102,3
1660.403923034668,10588,4340,10860,-86,52,102,9712,-9892,8184,8,96,-155,-14824,4640,2648,-1001,151,-67,-15052,-2396,5336,-395,170,-66,0
1660.4374129772186,10616,4300,10956,-75,29,136,9700,-9868,7896,4,69,-177,-14664,4552,2636,-966,109,-62,-15020,-2344,5280,-448,142,-98,0
1660.4711439609528,10540,4336,11080,-69,-26,105,9740,-10004,8056,-33,146,-174,-14752,4608,2796,-977,82,-107,-15056,-2456,5340,-451,184,-149,0
1660.5047130584717,10560,4264,11072,-119,-43,93,9480,-10200,8124,-18,163,-179,-14636,4740,2752,-1009,56,-58,-15000,-2336,5340,-445,128,-83,0
1660.5382030010223,10688,4340,11012,-135,-17,83,9756,-10024,8172,-3,119,-197,-14804,4700,3012,-997,52,-77,-15004,-2316,5332,-471,127,-156,0
1660.571851015091,10608,4536,11100,-121,8,86,9792,-9844,8140,16,132,-158,-14784,4812,2776,-1015,53,-52,-14960,-2548,5264,-470,80,-142,0
1660.6054530143738,10608,4296,11160,-126,33,98,9812,-9916,8124,-14,131,-174,-14600,4376,2784,-1047,53,-62,-14928,-2352,5284,-429,101,-136,0
1660.6390480995178,10524,4376,10932,-168,-31,84,9656,-9868,8108,-8,99,-203,-14840,4700,2680,-993,109,-59,-14992,-2096,5248,-431,78,-77,0
1660.6749379634855,10472,4280,10900,-86,-32,104,9800,-10120,8076,-73,104,-167,-14708,4784,2860,-979,14,-77,-15264,-2352,5196,-461,99,-136,0
1660.7101900577543,10556,4328,11140,-147,-2,95,9800,-9740,8108,13,108,-183,-14740,4756,2684,-1006,18,-30,-14976,-2312,5368,-447,95,-111,0
1660.7456619739532,10616,4316,11156,-132,12,105,9852,-9892,7956,-51,111,-141,-14752,4636,2760,-1021,31,-52,-15020,-2368,5372,-441,63,-113,0
1660.7814209461212,10520,4332,10984,-100,-250,73,9804,-9924,8028,-49,107,-172,-14732,4848,2740,-1031,38,252,-14956,-2280,5364,-451,75,-121,0
1660.8171989917755,10512,4232,10956,-160,-249,76,9832,-10004,8196,-35,112,-173,-14660,4680,2844,-1045,59,-30,-14952,-2216,5292,-430,98,-126,0
1660.8522760868073,10576,4440,11112,-115,8,103,9732,-9868,8172,11,126,-160,-14756,4744,2728,-1093,59,-22,-14892,-2388,5456,-479,85,-139,0
1660.8876011371613,10540,4448,11152,-61,17,92,9768,-9884,8060,-40,102,-141,-14688,4644,3060,-1052,88,-33,-14860,-2372,5600,-476,20,-110,0
1660.9223971366882,10736,4348,11032,-138,-14,118,9816,-9808,8096,-24,132,-170,-14648,4424,3004,-1055,56,-71,-15024,-2292,5552,-447,71,-100,0
1660.9587020874023,10280,4300,11048,-134,-21,125,9824,-9960,8088,-24,147,-168,-14732,4612,2736,-1071,52,-41,-14888,-2560,5148,-455,125,-100,0
1660.9942269325256,10412,4540,10784,-137,-90,133,9756,-9924,8116,-10,87,-187,-14716,4688,2932,-1084,79,-121,-15016,-2388,5384,-473,132,-72,0
1661.0301570892334,10508,4432,10992,-132,-65,101,9884,-9904,8032,-11,30,-187,-14748,4780,2804,-1114,77,-62,-14948,-2336,5364,-467,94,-106,0
1661.0653600692747,10248,4124,11048,-167,-39,141,9728,-10032,8068,8,125,-172,-14740,4696,2984,-1075,73,-74,-14996,-2336,5440,-473,76,-92,0
1661.1008160114288,10264,4112,11048,-147,-24,119,9772,-10192,8012,-11,112,-172,-14744,4656,3004,-1069,50,-58,-15012,-2412,5360,-443,133,-117,0
1661.136223077774,10664,4404,11128,-166,-67,102,9856,-9980,8160,-51,133,-182,-14688,4652,2760,-1049,23,-77,-15076,-2560,5184,-426,110,-93,0
1661.1718540191653,10612,4324,11000,-205,-104,101,9784,-9924,8236,-46,175,-209,-14764,4732,2884,-1047,12,-131,-15012,-2352,5292,-405,177,-85,0
1661.2081110477448,10568,4544,11028,-282,-160,137,9560,-9760,8392,-56,162,-243,-14812,4616,3020,-1016,48,-111,-15092,-2124,5464,-435,166,-44,0
1661.243803024292,10556,4360,11116,-230,-196,156,9720,-9992,8024,-33,116,-234,-14692,4744,3020,-772,56,-158,-14980,-2068,5448,-444,132,-61,0
1661.282114028931,10508,4100,11216,-254,-185,175,9684,-10016,7948,-26,136,-219,-14660,4704,2848,-1035,49,-156,-14980,-2320,5424,-443,117,-49,0
1661.31960606575,10444,4348,10972,-256,-216,179,9752,-9900,7976,-34,112,-224,-14712,4700,2732,-1017,80,-124,-14968,-2228,5332,-428,130,-27,0
1661.3530011177063,10532,4344,10920,-279,-203,150,9744,-9984,8100,-5,205,-256,-14748,4640,2612,-981,65,-133,-14960,-2272,5364,-418,92,-35,0
1661.3865010738373,10644,4252,11068,-264,-182,162,9664,-9976,7956,-256,208,-196,-14724,4728,3016,-1019,91,-134,-15036,-2332,5296,-438,112,-68,0
1661.4200501441956,10656,4320,10872,-332,-162,168,9764,-9996,8092,50,156,-228,-14732,4748,2796,-1278,101,-166,-14932,-2376,5356,-422,136,-46,0
1661.4536740779877,10644,4432,11176,-283,-198,165,9776,-9880,8172,-35,129,-217,-14716,4624,2920,-998,100,-139,-14980,-2072,5340,-423,157,-81,0
1661.48716711998,10636,4328,11132,-3,-200,143,9800,-9920,8156,-58,136,-238,-14624,4736,2976,-996,92,-83,-14900,-2240,5488,-446,135,-65,0
1661.520643949509,10544,4204,10880,-289,-212,163,9716,-9892,8128,7,121,-227,-14600,4708,2896,-773,107,-110,-14940,-2080,5196,-440,140,-76,0
1661.5540590286255,10616,4196,11024,-254,-177,147,9844,-9820,8196,251,183,-197,-14716,4704,2940,-1017,41,-87,-14940,-2384,5396,-449,65,-119,0
1661.5876469612122,10680,4348,11008,-236,-115,129,9764,-9836,8216,-42,181,-181,-14716,4736,2936,-974,42,-89,-14964,-2240,5512,-468,57,-81,0
1661.621248960495,10272,4152,10812,-228,-121,151,9732,-9908,8000,-35,118,-163,-14788,4664,2928,-959,98,-58,-14988,-2304,5364,-456,114,-95,0
1661.6545951366425,10536,4156,11236,-199,-144,159,9832,-9984,8196,-41,-214,-202,-14704,4424,2884,-941,82,-90,-14996,-2240,5256,-450,170,-58,0
1661.6881270408633,10592,4204,11248,-196,-210,148,9796,-9868,8216,-45,87,-220,-14804,4728,2864,-977,135,-131,-14956,-2232,5196,-470,216,-67,0
1661.7218091487885,10588,4220,10996,-141,-144,129,9824,-9952,8096,-65,47,-198,-14724,4628,2940,-996,132,-105,-15020,-2260,5360,-495,171,-88,0
1661.75546002388,10700,4176,11108,-134,-78,127,9500,-9992,8180,-51,114,-166,-14656,4656,2564,-990,96,-88,-15056,-2320,5224,-483,126,-145,0
1661.7892780303955,10644,4248,11144,-112,-1,100,9784,-9844,8096,-11,141,-160,-14660,4612,3012,-968,94,-116,-15012,-2316,5504,-264,153,-119,0
1661.8230431079865,10960,4216,10884,-72,41,63,9912,-9844,7944,-46,110,-162,-14744,4608,2600,-992,110,-71,-15028,-2228,5504,-519,148,-115,0
1661.856656074524,10612,4328,11116,-62,20,94,9892,-9836,8012,-53,101,-163,-14744,4656,3028,-986,91,-42,-15032,-2316,5320,-472,151,-126,0
1661.889752149582,10572,4300,10952,-87,0,82,9864,-9864,8092,-73,156,-178,-14696,4656,2724,-969,71,-134,-14968,-2276,5436,-514,193,-136,0
1661.922956943512,10536,4244,10960,-90,-32,70,9848,-9960,8028,-64,124,-188,-14828,4632,2924,-966,80,-108,-14888,-2340,5380,-508,130,-137,0
1661.956598997116,10580,4292,11012,-94,-26,82,9744,-9936,8152,-45,151,-168,-14748,4640,3056,-962,87,-58,-15004,-2140,5416,-521,123,-111,0
1661.9900059700012,10596,4232,11204,-90,7,70,9960,-10224,8104,-63,142,-171,-14732,4748,2744,-951,69,-24,-15072,-2376,5604,-510,77,-139,0
1662.0236830711365,10612,4288,11180,-115,3,86,9928,-9936,8048,-58,139,-159,-14628,4656,2936,-941,68,-72,-14916,-2476,5404,-521,74,-169,0
1662.0571250915527,10476,4296,11092,-92,21,72,9816,-9924,8312,-101,106,-158,-14692,4784,2892,-949,100,-71,-14904,-2128,5252,-497,48,-157,0
1662.0904879570007,10688,4260,11056,-73,48,100,9780,-9992,8024,-77,103,-135,-14796,4748,2680,-1009,94,-32,-14888,-2204,5136,-540,73,-141,0
1662.1239960193634,10612,4260,11028,-98,20,84,9736,-9928,8132,-57,110,-167,-14672,4644,2560,-1009,136,-16,-15044,-2360,5132,-519,44,-130,0
1662.1574230194092,10660,4404,10928,-60,11,100,9820,-9904,7940,-118,99,-165,-14764,4632,2816,-1004,99,-41,-15000,-2304,5392,-522,62,-157,0
1662.1911511421204,10568,4260,11180,-118,-10,72,9772,-9932,8024,-71,131,-189,-14712,4700,3116,-999,108,-61,-14856,-2284,5328,-529,59,-155,0
1662.2248220443726,10528,4564,11148,-99,253,88,9816,-9816,8176,-63,89,-159,-14672,4652,2812,-1042,125,-78,-14932,-2284,5436,-540,66,-160,0
1662.2584221363068,10444,4296,11108,-53,29,93,9732,-9956,8180,-43,95,-161,-14692,4684,2800,-1012,81,-36,-14884,-2328,5388,-548,53,-140,0
1662.2919189929962,10456,4356,11108,-52,22,91,9968,-9840,7908,-69,122,-161,-14672,4696,2816,-979,90,-14,-14652,-2224,5452,-523,54,-111,0
1662.3253650665283,10296,4312,10984,-69,-4,108,9704,-10052,8240,-59,139,-139,-14668,4684,2828,-958,77,-60,-14876,-2240,5560,-525,101,-146,0
1662.361846923828,10624,4264,10872,-71,-26,125,9804,-10200,8108,-54,97,-180,-14432,4844,2720,-1001,153,-102,-14596,-2468,5120,-507,162,-107,0
1662.3980679512024,10524,4304,10796,-109,-50,138,9932,-9968,8084,-48,93,-187,-14720,4664,2768,-1007,175,-78,-14948,-2244,5536,-257,154,-83,0
1662.4328939914703,10504,4276,11072,-106,-25,128,9768,-9960,8016,-54,103,-169,-14740,4780,2780,-1006,122,-51,-15016,-2288,5508,-531,144,-70,0
1662.467677116394,10492,4252,11116,-130,-25,126,9728,-10016,8156,-33,126,-177,-14768,4700,2820,-1001,127,-94,-14896,-2292,5516,-518,134,-103,0
1662.5033071041107,10476,4260,11124,-98,-9,115,9884,-9864,8084,-14,92,-168,-14700,4692,3104,-988,130,-90,-14936,-2272,5532,-499,144,-124,0
1662.538763999939,10300,4128,11192,-119,-64,114,9812,-9920,8048,-60,113,-197,-14648,4624,2700,-989,101,-93,-15012,-2316,5488,-509,166,-142,0
1662.5741651058195,10736,4132,11000,-113,-89,100,9732,-9948,8036,-74,155,-186,-14760,4656,2824,-978,86,-110,-14928,-2528,5532,-491,140,-131,0
1662.6095049381256,10528,4348,11108,-138,-48,80,9916,-9940,8092,-59,149,-206,-14744,4736,2632,-1002,83,-79,-14960,-2264,5548,-514,147,-111,0
1662.644926071167,10412,4352,11064,-210,-77,126,9748,-9956,8124,-16,138,-145,-14616,4460,2716,-1020,108,-126,-15080,-2312,5408,-502,162,-90,0
1662.680244922638,10740,4300,11048,-117,-85,125,9952,-9768,8096,-68,144,-192,-14644,4776,2892,-1002,92,-124,-15004,-2352,5560,-521,189,-93,0
1662.7155220508575,10576,4392,11132,-157,-85,108,9792,-10000,8040,-17,131,-207,-14840,4724,2892,-1009,36,-101,-14892,-2208,5524,-528,147,-103,0
1662.7514309883118,10548,4372,11124,-167,-92,144,9812,-9928,7952,-55,133,-189,-14664,4644,2676,-981,54,-93,-14920,-2308,5428,-503,154,-129,0
1662.7872891426089,10600,4428,11112,-186,-98,143,9824,-9824,8168,-75,132,-167,-14800,4712,2948,-992,73,-125,-15012,-2288,5476,-489,140,-91,0
1662.8221719264984,10560,4576,11204,-225,-157,124,9832,-9972,8076,-114,162,-209,-14656,4620,2660,-977,63,-65,-15100,-2324,5456,-496,157,-74,0
1662.8574681282043,10268,4304,11072,-300,-191,172,9720,-9944,7980,-62,149,-204,-14652,4712,2852,-954,56,-125,-14836,-2308,5416,-478,213,-53,0
1662.8928761482239,10396,4564,11000,-219,-222,183,9644,-9996,8180,-70,135,-219,-14616,4652,2784,-997,54,-129,-14932,-2320,5536,-495,241,-41,0
1662.928265094757,10716,4332,10852,-247,-218,159,9832,-9932,7948,-29,131,-228,-14736,4636,2928,-987,70,-193,-14884,-2516,5392,-478,230,-64,0
1662.963495016098,10584,4292,11032,-231,-238,143,9844,-10000,8020,-3,153,-217,-14836,4732,2920,-998,68,-134,-14988,-2312,5400,-490,239,-135,0
1663.00071310997,10552,4328,11148,-252,-245,136,9808,-10052,8108,-12,186,-223,-14724,4664,2744,-972,55,-176,-14988,-2140,5432,-488,193,-79,0
1663.0339190959933,10584,4272,11108,-294,-269,141,9784,-9956,8116,-28,187,-234,-14632,4680,2912,-964,52,-143,-14976,-2412,5384,-437,202,-69,0
1663.0675530433655,10596,4280,10868,-284,-267,148,9804,-9856,8104,-47,182,-268,-14772,4752,2988,-964,37,-144,-14964,-2368,5612,-479,219,-108,0
1663.101079940796,10588,4376,11012,-302,-272,127,9828,-9916,8000,-33,176,-249,-14760,4668,2884,-978,63,-100,-15004,-2244,5348,-470,168,-105,0
1663.1343760490417,10596,4276,10792,-263,-244,124,9904,-9888,8112,-25,174,-222,-14620,4504,3032,-955,87,-142,-15032,-2224,5488,-458,205,-89,0
1663.1681320667267,10668,4320,10988,-510,-202,159,9868,-9916,8016,-1,195,-216,-14704,4700,2940,-976,32,-139,-15016,-2228,5324,-462,206,-117,0
1663.2018079757693,10620,4252,10980,-239,-159,127,9760,-9956,7992,2,128,-205,-14664,4832,2656,-964,80,-139,-14896,-2292,5476,-460,220,-80,0
1663.235433101654,10600,4284,11012,-244,-210,150,9976,-9840,8120,-13,160,-199,-14720,4692,2844,-968,98,-119,-15024,-2320,5348,-463,202,-82,0
1663.2689380645752,10656,4280,10788,-201,-202,161,9800,-10028,8176,-24,149,-186,-14648,4696,2696,-979,119,-101,-15040,-2220,5348,-470,178,-58,0
1663.3025600910187,10540,4236,11160,-182,-141,147,9788,-9944,8008,-43,124,-207,-14784,4656,2972,-961,124,-106,-14872,-2308,5524,-490,204,-60,0
1663.335818052292,10500,4240,11236,-177,-128,145,9724,-9928,8084,-41,136,-197,-14744,4648,2740,-972,127,-109,-14936,-2256,5264,-493,172,-80,0
1663.369260072708,10732,4240,11028,-122,-53,140,9800,-9976,7988,-63,113,-185,-14776,4580,2788,-968,105,-27,-15036,-2220,5384,-498,149,-106,0
1663.4024069309235,10644,4140,10956,-115,-45,117,9812,-9824,8168,-53,148,-172,-14580,4712,2972,-999,76,-93,-14960,-2200,5588,-505,144,-125,0
1663.4358100891113,10684,4276,10980,-86,-7,100,9900,-10012,8008,-46,157,-152,-14704,4680,2952,-773,114,-103,-15020,-2348,5400,-526,166,-100,0
1663.4693279266357,10592,4200,10804,-88,-8,87,9868,-9944,7980,-27,144,-178,-14680,4380,2572,-1046,129,-100,-14996,-2324,5488,-536,199,-116,0
1663.5030901432035,10716,4244,11224,-62,-25,106,9788,-9852,8016,-49,147,-196,-14656,4648,3000,-1026,115,-80,-14992,-2224,5448,-532,198,-129,0
1663.536467075348,10496,4336,11084,-93,-28,93,9744,-9920,7940,-70,155,-170,-14756,4704,2832,-1007,105,-99,-14960,-2232,5384,-526,153,-95,0
1663.5698461532593,10624,4356,10908,-34,25,58,9828,-10060,8004,-48,135,-162,-14736,4716,2864,-1049,68,-93,-15012,-2192,5348,-532,123,-166,0
1663.603196144104,10516,4244,11044,-134,-250,54,9784,-10164,8348,16,160,-147,-14744,4632,2568,-1037,44,-75,-15076,-2316,5476,-516,98,-125,0
1663.6362171173096,10532,4416,11212,-103,74,50,9760,-9972,8132,-104,144,-137,-14680,4720,2972,-978,52,-57,-15028,-2364,5436,-501,69,-146,0
1663.6700100898745,10696,4300,10984,-81,21,74,9780,-9876,7980,-91,151,-168,-14684,4696,2864,-990,66,-37,-14980,-2232,5460,-491,105,-140,0
1663.703693151474,10604,4184,10888,-128,-251,91,9780,-10220,7984,-50,80,-153,-14684,4696,3000,-1278,98,-40,-14944,-2064,5504,-514,106,-153,0
1663.7372930049896,10720,4292,11012,-64,32,77,9924,-9912,8068,-71,113,-127,-14664,4596,2848,-1052,37,-41,-14904,-2548,5384,-534,107,-162,0
1663.7707600593567,10520,4304,11052,-79,46,65,9872,-10060,8092,-45,114,-140,-14660,4656,2824,-773,65,-87,-14920,-2504,5368,-516,86,-137,0
1663.8040571212769,10672,4344,11104,-122,21,82,9684,-9932,8088,-71,137,-146,-14732,4644,2920,-1002,64,-47,-15000,-2240,5240,-531,133,-147,0
1663.8374280929565,10624,4304,10964,-129,-8,76,9752,-9952,7988,-17,126,-155,-14632,4820,2872,-774,71,-64,-15068,-2344,5432,-537,128,-175,0
1663.8711450099943,10580,4256,11036,-49,-11,87,9768,-10048,8120,-19,126,-171,-14692,4708,3244,-1074,86,-118,-14956,-2284,5532,-532,170,-140,0
1663.9043691158295,10556,4384,10996,-80,-25,81,9792,-9904,8128,-55,122,-163,-14732,4780,3048,-1042,89,-89,-15100,-2324,5456,-510,137,-129,0
1663.9375760555267,10712,4224,11040,-64,247,64,9924,-10008,8140,-64,93,-151,-14672,4740,2920,-1045,122,-48,-14860,-2328,5356,-503,125,-129,0
1663.971097946167,10508,4336,11032,-122,247,83,9692,-9936,8016,-12,174,-170,-14664,4648,2904,-1014,95,-61,-14764,-2240,5468,-478,149,-131,0
1664.004550933838,10524,4288,10964,-120,-32,90,9672,-10016,8120,-76,145,-156,-14608,4688,2916,-1015,76,-117,-14880,-2328,5412,-510,162,-125,0
1664.0412600040436,10624,4364,11096,-116,-76,94,9700,-9988,8088,-82,133,-182,-14800,4744,2940,-1030,123,-89,-14980,-2308,5416,-482,175,-101,0
1664.077120065689,10732,4132,11084,-102,-77,91,9476,-9896,8036,-78,150,-207,-14756,4732,2916,-1002,90,-97,-14968,-2076,5276,-517,184,-127,0
1664.1124119758606,10676,4568,10764,-123,-90,96,9788,-9876,8024,-64,169,-203,-14692,4676,3280,-1014,116,-106,-15004,-2248,5556,-514,187,-133,0
1664.148103952408,10412,4188,11240,-103,-79,113,9752,-9992,8028,-50,145,-168,-14592,4712,3000,-1038,100,-95,-15000,-2380,5308,-521,158,-92,0
1664.183839082718,10572,4352,10760,-100,-63,93,9756,-10020,8160,-72,126,-189,-14652,4684,2700,-1039,111,-123,-14920,-2444,5444,-534,164,-114,0
1664.2193160057068,10592,4428,11208,-93,-63,102,9808,-9928,7896,-73,146,-169,-14704,4712,2908,-1022,84,-84,-14896,-2368,5524,-519,151,-159,0
1664.2543530464172,10456,4388,10760,-148,-73,99,9780,-10000,8168,-92,138,-173,-14672,4700,3072,-997,71,-88,-14896,-2320,5332,-504,131,-89,0
1664.290120124817,10464,4404,11032,-140,-47,91,9772,-10032,7916,-64,148,-155,-14624,4632,2960,-1021,64,-61,-14972,-2220,5448,-550,158,-103,0
1664.3251569271088,10560,4408,11004,-205,-81,122,9824,-9972,8048,-33,183,-169,-14696,4616,2884,-997,78,-102,-15020,-2376,5468,-491,145,-65,0
1664.3608701229095,10620,4488,11140,-192,-75,154,9748,-10052,8056,-78,152,-208,-14424,4684,2840,-958,113,-67,-14944,-2336,5460,-502,146,-80,0
1664.3971619606018,10528,4128,11108,-254,-165,139,9800,-10048,8112,-58,127,-246,-14676,4776,2964,-1005,109,-137,-14908,-2300,5388,-523,196,-66,0
1664.4325771331787,10664,4568,11032,-246,-220,180,9652,-10172,7760,-41,110,-227,-14660,4492,2912,-970,113,-153,-14928,-2084,5488,-519,168,-97,0
1664.4681420326233,10724,4308,11064,-214,-165,150,9728,-10000,7960,-69,147,-195,-14644,4660,2984,-944,99,-72,-14956,-2244,5568,-506,133,-106,0
1664.5036909580233,10612,4288,11164,-252,-151,129,9828,-10024,8060,-49,179,-183,-14628,4692,3044,-922,123,-117,-14960,-2216,5172,-487,100,-91,0
1664.5388760566711,10616,4452,11060,-261,-178,147,9872,-9924,7952,-30,188,-184,-14740,4636,2960,-992,93,-88,-14980,-2324,5404,-483,173,-66,0
1664.574371099472,10700,4272,11184,-266,-193,144,9900,-9944,8024,-8,167,-221,-14588,4692,2932,-992,150,-153,-14884,-2292,5348,-473,207,-64,0
1664.610584974289,10544,4296,11032,-246,-227,155,9728,-9904,8120,-24,148,-255,-14780,4740,2896,-988,139,-125,-14984,-2060,5628,-498,207,-68,0
1664.6455841064453,10712,4340,10940,-246,-257,134,9840,-9944,8120,-16,159,-227,-14764,4660,2896,-977,106,-118,-15020,-2316,5424,-456,176,-80,0
1664.682855129242,10504,4312,11000,-261,-228,127,9764,-10044,8176,-12,212,-235,-14792,4576,2872,-985,102,-174,-15044,-2328,5368,-491,175,-103,0
1664.7164890766144,10620,4324,11164,-268,-218,106,9768,-9952,8000,-10,134,-210,-14440,4628,2748,-980,103,-120,-14936,-2180,5600,-483,159,-92,0
1664.7500281333923,10784,4344,11132,-254,-4,146,9840,-9896,8084,-41,138,-225,-14688,4636,2772,-949,133,-108,-14928,-2240,5372,-484,166,-86,0
1664.7837150096893,10560,4288,10876,-207,-226,139,9848,-9888,7988,-67,143,-223,-14768,4372,2864,-970,152,-93,-14912,-2360,5328,-465,155,-80,0
1664.8174290657043,10644,4188,10900,-209,-236,163,9800,-10232,7964,-71,129,-224,-14724,4748,2828,-979,138,-116,-14860,-2196,5220,-494,150,-70,0
1664.8507649898527,10612,4324,10884,-164,-180,169,9736,-9952,8100,-36,107,-204,-14684,4720,2952,-1002,136,-138,-14960,-2240,5320,-503,187,-97,0
1664.8841960430143,10612,4248,10812,-149,-149,121,9772,-9948,8140,-38,109,-202,-14624,4564,2692,-770,117,-108,-14936,-2312,5364,-767,147,-95,0
1664.9177839756012,10644,4576,10980,-143,-117,147,9840,-9888,7996,-61,116,-171,-14632,4768,2920,-998,137,-59,-15060,-2328,5292,-501,128,-100,0
1664.9512069225311,10636,4096,11004,-75,-35,92,9816,-9956,8028,-78,132,-144,-14752,4744,2976,-1026,92,-58,-14996,-2264,5248,-568,106,-158,0
1664.9845790863035,10668,4188,10964,-70,50,96,9740,-9948,8156,-13,160,-134,-14820,4588,2900,-1093,87,-60,-14920,-2204,5356,-525,112,-137,0
1665.0181379318235,10592,4428,10872,-142,-255,119,9812,-9884,8112,-60,105,-124,-14644,4624,3028,-1042,98,-70,-14888,-2424,5264,-493,121,-93,0
1665.0517699718475,10644,4408,11000,-55,13,112,9780,-9920,8120,-131,128,-156,-14684,4692,2952,-1024,89,-32,-14960,-2288,5456,-530,143,-149,0
1665.0852749347687,10652,4244,11228,-136,-52,101,9872,-10008,7968,-71,133,-181,-14644,4600,2964,-1047,112,-55,-15072,-2196,5404,-521,168,-130,0
1665.1192390918732,10480,4272,10748,-79,-6,130,9708,-9972,8024,-53,125,-182,-14704,4644,2916,-1026,98,-55,-15012,-2332,5576,-757,156,-110,0
1665.1523039340973,10604,4268,11036,-76,-28,72,9952,-10036,8096,-86,149,-149,-14780,4780,3008,-1009,73,-84,-14876,-2280,5372,-530,121,-130,0
1665.185771942139,10700,4356,10972,-97,-15,74,9964,-10060,8100,-62,142,-166,-14656,4768,2860,-1013,85,-72,-14932,-2176,5412,-763,111,-139,0
1665.219290971756,10604,4228,10988,-103,-29,113,9780,-9952,8028,-81,169,-162,-14744,4728,2844,-1001,106,-71,-14892,-2256,5364,-537,128,-155,0
1665.252622127533,10624,4292,10904,-121,-69,104,9720,-9984,8172,-49,119,-198,-14696,4676,2940,-1022,116,-72,-14908,-2272,5296,-507,192,-99,0
1665.2860231399536,10640,4280,11212,-79,-97,127,9732,-10020,8088,-42,105,-229,-14724,4656,2944,-1041,132,-139,-14872,-2280,5308,-527,177,-99,0
1665.3198070526123,10568,4256,11100,-73,-67,97,9952,-9936,8184,-61,97,-200,-14676,4628,2812,-1037,118,-111,-15068,-2300,5324,-504,151,-126,0
1665.3531670570374,10700,4376,11032,-101,-76,96,9800,-10044,7976,-46,136,-178,-14692,4664,2920,-1005,76,-46,-14980,-2308,5372,-519,157,-120,0
1665.3864879608154,10652,4108,11000,-96,0,84,9520,-10232,7772,-45,133,-160,-14748,4600,2956,-1039,115,-42,-14896,-2216,5252,-507,139,-135,0
1665.4200260639193,10608,4420,10872,-95,-32,92,9784,-9956,7952,-95,141,-182,-14704,4396,3316,-1049,124,-115,-14968,-2404,5292,-525,165,-85,0
1665.453495979309,10572,4108,10908,-93,-35,108,9768,-10020,8084,-113,109,-172,-14760,4720,2904,-1024,130,-107,-15004,-2308,5352,-500,152,-88,0
1665.4869780540466,10664,4400,10904,-95,-27,109,9752,-9848,7984,-102,133,-177,-14688,4720,2856,-1037,119,-107,-15036,-2228,5264,-503,115,-129,0
1665.5205581188202,10644,4348,11032,-79,-38,91,9768,-9736,7980,-47,102,-159,-14796,4652,2788,-1030,118,-47,-14908,-2244,5276,-525,117,-107,0
1665.5542039871216,10612,4312,11012,-75,-1,106,9840,-10088,7960,-42,105,-175,-14688,4688,2880,-1054,123,-60,-14972,-2508,5388,-490,136,-94,0
1665.587620973587,10600,4324,11148,-146,-46,119,9796,-9968,8020,-54,102,-172,-14640,4548,2896,-995,136,-92,-15028,-2284,5452,-502,148,-83,0
1665.6211540699003,10588,4428,10860,-83,-76,125,9820,-10072,8328,-101,119,-176,-14768,4704,2952,-983,143,-94,-14964,-2248,5592,-525,64,-131,0
1665.6545140743256,10676,4304,10892,-57,-68,105,9760,-10088,8108,-33,114,-154,-14920,4760,2832,-1009,96,-39,-14904,-2348,5156,-527,56,-195,0
1665.6878280639648,10344,4464,10976,-133,-83,114,9960,-10204,8020,-25,123,-144,-14732,4608,2928,-1009,98,-77,-14844,-2392,5336,-466,80,-118,0
1665.7244551181793,10572,4444,10780,-107,-43,86,9852,-10060,7988,-74,133,-176,-14772,4384,2852,-1000,60,-106,-15144,-2380,5152,-456,65,-169,0
1665.7601821422577,10720,4348,11216,-202,-34,67,9816,-10036,7884,5,147,-178,-14704,4628,2792,-994,77,-25,-14892,-2248,5288,-496,16,-174,0
1665.7955360412598,10580,4372,11064,-125,8,67,9760,-10020,8052,19,150,-166,-14744,4576,2980,-1091,-19,-61,-15064,-2372,5416,-532,34,-181,0
1665.83176612854,10528,4384,10944,-80,16,51,9796,-10080,7944,-38,316,-98,-14600,4636,3060,-1084,65,2,-14960,-2052,5492,-530,-245,-192,0
1665.867558002472,10348,4392,10772,-112,57,71,9804,-9980,7932,-46,126,-145,-14608,4652,2752,-1031,72,-66,-14920,-2052,5528,-503,50,-184,0
1665.90194606781,10464,4452,11052,-167,-1,104,9820,-10076,7992,-16,90,-144,-14624,4628,2964,-1032,116,-28,-14804,-2376,5340,-516,97,-141,0
1665.9376940727234,10716,4448,11116,-128,-66,95,9804,-10008,8028,-55,123,-179,-14644,4640,2976,-1034,92,-87,-14944,-2408,5536,-543,140,-120,0
1665.9726691246033,10492,4408,10968,-71,-23,102,9796,-9896,8132,-49,147,-167,-14664,4756,3000,-1040,90,-38,-14924,-2464,5452,-525,122,-139,0
1666.007730960846,10508,4564,11184,-113,-21,95,9964,-10008,8080,-255,78,-170,-14648,4700,2984,-1025,74,-77,-14924,-2316,5644,-524,90,-129,0
1666.0438659191132,10512,4360,11136,-120,-25,106,9652,-10100,7696,-21,146,-173,-14632,4784,2872,-970,135,-124,-14972,-2400,5616,-514,114,-118,0
1666.079971075058,10508,4384,10952,-93,-44,85,9692,-10092,8072,-66,140,-176,-14672,4612,2620,-943,168,-77,-14940,-2316,5580,-574,98,-153,0
1666.1150150299072,10604,4408,10936,-86,-90,115,9660,-10008,7936,-77,146,-205,-14836,4680,3068,-889,188,-95,-14916,-2408,5492,-555,128,-139,0
1666.1508240699768,10476,4364,10860,-121,-129,110,9704,-10060,7960,-79,131,-220,-14756,4708,2848,-863,239,-58,-14916,-2316,5468,-536,113,-94,0
1666.1861939430237,10644,4408,10880,-127,-101,105,9828,-10064,8144,-43,138,-191,-14812,4768,3020,-917,188,-99,-14908,-2316,5548,-557,144,-117,0
1666.221799135208,10672,4416,11032,-111,-64,82,9972,-10012,8056,-57,160,-178,-14752,4616,3036,-951,213,-84,-15000,-2388,5480,-559,112,-112,0
1666.2577209472656,10720,4372,11108,-107,-69,88,9776,-10044,7952,-42,152,-219,-14732,4640,2792,-977,147,-81,-15012,-2532,5444,-767,135,-128,0
1666.2972810268402,10604,4460,11048,-120,-86,75,9900,-9896,7696,-89,202,-188,-14940,4716,2912,-861,134,-102,-15044,-2316,5392,-546,109,-137,0
1666.3335230350494,10508,4456,10976,-82,-254,77,9716,-10020,7968,-61,193,-155,-14736,4688,2888,-970,102,-74,-14936,-2428,5516,-544,80,-136,0
1666.3700671195984,10416,4456,11064,-169,-15,104,10048,-10072,8268,-36,121,-164,-14588,4632,2680,-1038,144,-65,-15084,-2500,5572,-508,100,-106,0
1666.4034979343414,10572,4564,10936,-127,-34,79,9772,-10120,8104,-121,130,-192,-14628,4780,2908,-951,142,-46,-14884,-2324,5472,-523,86,-136,0
1666.4372389316559,10620,4436,10984,-172,-59,123,9736,-10080,7976,-36,127,-143,-14692,4740,2816,-991,124,-74,-14804,-2260,5516,-529,120,-120,0
1666.4708261489868,10552,4448,10912,-82,-66,112,9884,-10136,8048,21,153,-199,-14612,4740,2564,-1270,119,-88,-14892,-2392,5456,-551,116,-100,0
1666.5042951107023,10432,4448,10976,-92,-10,117,9800,-10076,8024,-46,141,-162,-14680,4756,3064,-1001,70,-73,-14964,-2412,5444,-525,83,-128,0
1666.5379481315613,10736,4376,11044,-126,-37,100,9796,-10096,8060,-58,146,-146,-14720,4708,2720,-966,92,-69,-15024,-2552,5516,-528,112,-102,0
1666.5715880393982,10436,4520,10992,-153,-49,119,9708,-10116,8092,-54,130,-156,-14764,4740,3052,-965,112,-92,-15092,-2120,5620,-510,150,-119,0
1666.6072869300842,10680,4572,10948,-131,-65,121,9788,-10040,7968,-38,130,-189,-14704,4652,3004,-981,115,-48,-14888,-2396,5640,-524,194,-111,0
1666.6406610012054,10480,4456,11184,-181,-89,125,9712,-10068,8008,-25,130,-191,-14660,4712,2836,-982,139,-100,-15088,-2380,5500,-494,164,-92,0
1666.6739859580994,10288,4352,10952,-151,-76,125,9964,-10036,7980,-45,152,-167,-14736,4752,2744,-965,119,-63,-15028,-2320,5412,-507,134,-99,0
1666.7075140476227,10472,4424,10872,-209,-67,134,9724,-10064,8168,-37,149,-179,-14756,4840,2892,-938,142,-63,-14644,-2340,5552,-469,137,-103,0
1666.740818977356,10508,4472,11204,-240,-100,130,9760,-10092,7940,-28,134,-191,-14692,4684,2752,-919,118,-127,-14916,-2476,5460,-482,162,-58,0
1666.7743859291077,10316,4504,11128,-257,-156,143,9980,-10028,7988,-49,145,-193,-14636,4740,2828,-894,141,-142,-14940,-2416,5568,-511,154,-91,0
1666.8079841136932,10312,4380,11044,-257,-171,159,9648,-10024,8048,-49,157,-225,-14620,4636,2912,-908,151,-138,-14956,-2424,5464,-479,169,-57,0
1666.84166097641,10456,4448,11020,-275,-179,153,9688,-10080,7920,-37,138,-252,-14652,4640,2936,-911,158,-118,-14924,-2556,5452,-449,180,-67,0
1666.8752479553225,10504,4452,11028,-302,-184,180,9728,-10024,8016,14,133,-241,-14728,4784,3064,-910,129,-120,-14912,-2112,5464,-428,186,-71,0
1666.9085350036619,10592,4360,11056,-276,-195,173,9828,-10204,8036,25,121,-214,-14636,4820,2988,-920,138,-117,-15016,-2376,5444,-468,172,-69,0
1666.9419689178467,10568,4116,11256,-261,-167,176,9680,-9996,8012,21,122,-198,-14756,4676,2876,-914,148,-154,-15044,-2372,5500,-463,162,-91,0
1666.9757261276243,10548,4368,10880,-290,-202,164,9756,-9964,7984,13,153,-232,-14768,4680,2808,-893,137,-129,-15044,-2376,5376,-461,147,-89,0
1667.0090320110319,10628,4304,10756,-237,-178,144,9508,-9996,8160,-28,156,-211,-14772,4752,2952,-904,93,-80,-14948,-2312,5460,-485,122,-74,0
1667.0424950122833,10648,4392,10924,-306,-204,152,9928,-10236,8088,22,144,-207,-14744,4728,2572,-921,97,-77,-14888,-2424,5468,-465,145,-97,0
1667.076157093048,10520,4404,11088,-281,-168,165,9824,-10048,8140,-26,141,-198,-14656,4680,2572,-917,85,-120,-14880,-2436,5536,-479,118,-83,0
1667.1097359657288,10524,4380,10912,-251,-163,119,9780,-10092,8056,-59,150,-204,-14796,4856,2896,-902,47,-132,-14844,-2388,5424,-478,166,-119,0
1667.1433610916138,10704,4356,10988,-277,-190,147,9796,-10056,7808,-11,128,-203,-14748,4720,2876,-946,56,-100,-14912,-2284,5516,-491,200,-76,0
1667.1766741275787,10584,4284,10876,-227,-178,136,9788,-9756,8048,250,128,-191,-14676,4616,3064,-903,11,-74,-14972,-2380,5572,-495,169,-98,0
1667.2101399898527,10652,4364,10940,-224,-150,140,9816,-10052,8004,-42,131,-178,-14676,4780,2744,-887,25,-72,-14968,-2100,5556,-492,127,-117,0
1667.243756055832,10520,4104,11044,-243,-177,147,9696,-10136,8128,-42,149,-210,-14636,4692,2832,-886,92,-138,-14940,-2368,5452,-504,160,-88,0
1667.277377128601,10536,4108,10964,-218,-196,139,9780,-10044,7984,-44,185,-222,-14664,4672,2916,-924,117,-137,-14940,-2436,5468,-534,201,-114,0
1667.311154127121,10672,4356,10960,-187,-216,128,9752,-10112,7984,-18,162,-210,-14400,4752,2612,-967,131,-173,-14892,-2252,5420,-490,197,-103,0
1667.3447909355164,10592,4336,10932,-108,-137,112,9760,-10008,7944,-48,140,-221,-14708,4724,2720,-920,96,-120,-14980,-2388,5524,-539,187,-147,0
1667.3784120082855,10608,4204,10892,-106,-122,124,9804,-9976,7972,-34,121,-185,-14676,4716,2772,-993,60,-90,-14952,-2380,5460,-548,173,-137,0
1667.416181087494,10860,4604,10980,-98,-34,110,9876,-9992,8096,-1,165,-181,-14692,4860,2696,-1260,92,-95,-14988,-2364,5344,-566,177,-147,0
1667.4524459838867,10616,4388,10856,-73,-37,82,9752,-9896,7980,-58,158,-181,-14664,4644,2872,-973,69,-41,-15012,-2148,5400,-603,127,-150,0
1667.488165140152,10672,4116,10912,-46,-46,73,9764,-9764,8140,-70,111,-172,-14644,4816,2708,-941,69,-65,-14996,-2396,5484,-604,166,-160,0
1667.523253917694,10612,4380,11148,-55,-7,69,9760,-10028,8064,-94,81,-188,-14752,4704,2976,-932,50,-98,-14940,-2324,5404,-554,176,-174,0
1667.5582571029663,10520,4332,10948,-80,-13,79,9544,-9988,8020,-64,128,-180,-14760,4708,2964,-911,96,-118,-14908,-2260,5460,-542,151,-137,0
1667.5944440364838,10328,4408,10952,-20,21,80,9720,-10096,8096,-55,131,-169,-14620,4676,2844,-914,108,-31,-14936,-2416,5504,-531,146,-140,0
1667.630234003067,10616,4392,10964,-80,6,73,9744,-10044,8020,-47,148,-172,-14664,4696,2808,-867,106,-119,-14968,-2336,5572,-258,156,-152,0
1667.6655521392822,10736,4392,10960,-73,253,87,9724,-10236,7716,-71,143,-143,-14744,4732,2796,-836,90,-48,-14984,-2336,5596,-547,75,-166,0
1667.7008619308472,10680,4292,11108,-50,54,75,9708,-10176,8044,-43,140,-150,-14696,4816,2852,-921,47,-70,-14872,-2384,5336,-556,105,-172,0
1667.7371249198914,10704,4496,10856,-117,4,87,9772,-10024,8004,-49,105,-157,-14676,4684,2892,-965,126,-96,-14968,-2396,5624,-556,107,-130,0
1667.7722721099854,10680,4396,11196,-44,71,64,9920,-10008,8100,-89,148,-172,-14720,4624,2716,-938,73,-40,-14948,-2144,5360,-513,143,-157,0
1667.808876991272,10636,4404,10796,-117,-252,53,9752,-10076,7968,-44,146,-151,-14688,4736,2880,-983,64,-79,-14848,-2324,5508,-533,177,-154,0
1667.8444249629974,10372,4448,10752,-69,33,68,9760,-10176,8048,-27,121,-163,-14656,4744,3012,-962,110,-74,-14992,-2528,5468,-582,122,-154,0
1667.880175113678,10516,4372,10760,-60,33,80,9816,-10148,8004,-49,110,-140,-14760,4704,2760,-930,133,-20,-15000,-2408,5552,-565,115,-163,0
1667.9154961109161,10556,4372,11248,-111,19,134,9808,-9756,7980,-73,116,-160,-14732,4776,2576,-956,140,-94,-14944,-2440,5416,-547,124,-129,0
1667.9517281055453,10736,4428,10760,-90,-21,104,9832,-10148,8080,-72,113,-181,-14436,4724,2840,-992,140,-53,-15060,-2404,5476,-539,126,-111,0
1667.987550020218,10580,4464,10860,-107,-73,126,9744,-10056,8128,-51,101,-184,-14620,4812,2812,-1063,168,-102,-14992,-2432,5428,-566,159,-118,0
1668.021949052811,10536,4448,10940,-65,-48,143,9752,-10120,7864,-56,89,-199,-14644,4872,2684,-1065,193,-93,-14992,-2412,5440,-572,140,-111,0
1668.0584399700165,10680,4476,11064,-93,-77,100,9816,-10168,7956,-56,99,-178,-14884,5092,2828,-1052,171,-99,-14884,-2524,5504,-566,122,-115,0
1668.0920441150663,10536,4436,11116,-110,-34,90,9776,-10156,8060,-32,123,-173,-14760,4704,2712,-1010,176,-85,-15004,-2460,5460,-546,119,-128,0
1668.1256000995636,10532,4376,10972,-94,-79,107,9752,-10052,8168,-45,104,-173,-14740,4716,2892,-1068,167,-42,-14864,-2492,5476,-560,145,-105,0
1668.1592381000519,10492,4456,10784,-88,-108,102,9484,-9916,7864,-64,112,-195,-14784,4732,2712,-1063,134,-40,-14956,-2412,5472,-549,123,-117,0
1668.192696094513,10252,4548,10852,-111,-89,92,9752,-10060,8056,-83,138,-217,-14772,4752,2812,-1077,146,-122,-14940,-2376,5540,-515,123,-125,0
1668.2258639335632,10596,4380,10976,-129,-99,88,9792,-10028,8032,-50,157,-206,-14676,4744,2712,-1078,111,-73,-14988,-2520,5508,-601,77,-144,0
1668.2592680454254,10528,4408,10860,-102,-56,82,9752,-10060,8056,-55,157,-200,-14648,4844,2808,-1098,119,-81,-14892,-2404,5548,-581,113,-140,0
1668.2927949428558,10480,4432,10964,-62,-32,82,9792,-10088,8100,-43,151,-166,-14712,4736,2784,-1115,163,-80,-14916,-2536,5440,-562,111,-104,0
1668.3261239528656,10572,4604,10952,-78,-75,85,9812,-10032,7904,-68,146,-196,-14704,4772,2568,-1113,131,-96,-14880,-2456,5468,-521,114,-144,0
1668.359755039215,10548,4424,10864,-62,-111,72,9508,-9988,8080,-105,159,-202,-14652,4736,2896,-1086,87,-85,-15036,-2400,5384,-530,66,-123,0
1668.39324593544,10612,4324,10864,-56,-45,82,9720,-10216,7896,-67,150,-140,-14764,4836,2772,-1089,72,-63,-14948,-2360,5412,-576,106,-107,0
1668.4265360832214,10596,4480,10988,-157,-94,114,9764,-9988,8036,-41,153,-154,-14812,4844,3000,-791,41,-74,-14992,-2456,5484,-525,84,-83,0
1668.459715127945,10736,4576,10888,-108,-63,122,9760,-10024,8048,-168,132,-156,-14820,4744,2568,-1005,102,-81,-14896,-2556,5476,-527,85,-133,0
1668.4933519363403,10568,4404,10988,-139,-42,85,9808,-10168,7832,-65,152,-187,-14804,4724,2600,-1041,85,-83,-14868,-2132,5496,-524,134,-146,0
1668.526806116104,10528,4428,11184,-172,-87,106,9704,-10028,8016,7,136,-203,-14704,4776,2600,-1049,97,-72,-14796,-2504,5408,-532,162,-112,0
1668.55992102623,10452,4528,10860,-176,-88,135,9844,-10060,7836,-49,138,-185,-14636,4772,2776,-993,119,-55,-14892,-2444,5560,-767,144,-85,0
1668.5935649871826,10588,4520,10820,-213,-110,109,9700,-10184,8188,-37,123,-216,-14736,4848,2792,-973,142,-120,-15084,-2468,5500,-765,151,-90,0
1668.627093076706,10528,4500,10852,-231,-107,158,9716,-10104,8092,-17,139,-219,-14636,4796,2824,-967,109,-135,-14952,-2428,5436,-504,189,-61,0
1668.6603090763092,10284,4420,10944,-258,-131,134,9696,-10108,7896,-29,139,-247,-14672,4680,2668,-947,134,-113,-14932,-2516,5484,-428,193,-56,0
1668.6938140392303,10260,4552,10992,-319,-174,112,9528,-10072,7680,-1,174,-5,-14768,4656,2768,-1004,128,-132,-14952,-2356,5448,-475,186,-99,0
1668.727541923523,10588,4452,11184,-270,-215,51,9928,-10004,7884,-25,199,-238,-14820,4772,2676,-962,90,-136,-14944,-2372,5432,-485,142,-161,0
1668.7605860233307,10664,4572,10976,-511,-166,30,9836,-10092,7996,4,511,-231,-14800,4740,2584,-983,41,-159,-14912,-2312,5492,-497,180,-148,0
1668.7940211296082,10404,4392,10816,-234,-151,22,9728,-10100,8008,29,225,-249,-14716,4784,2612,-1006,65,-130,-14864,-2424,5476,-480,191,-128,0
1668.827537059784,10588,4572,10764,-253,-185,79,9728,-9968,8032,15,180,-223,-14692,4744,2760,-1009,129,-90,-15020,-2352,5500,-484,168,-116,0
1668.8609340190887,10640,4488,11232,-243,-172,122,9820,-10160,7932,-32,176,-230,-14724,4752,2648,-986,112,-144,-14924,-2448,5564,-485,200,-107,0
1668.894182920456,10608,4492,10952,-220,-193,108,9828,-10092,8044,9,182,-239,-14684,4652,2708,-988,108,-172,-14596,-2524,5400,-466,171,-100,0
1668.9279100894928,10540,4504,10780,-235,-211,131,9808,-10084,8064,52,168,-231,-14740,4700,2828,-1008,138,-129,-14936,-2536,5452,-497,193,-102,0
1668.9611859321594,10556,4436,10892,-238,-204,120,9972,-9916,8080,16,150,-205,-14736,4700,2740,-996,96,-90,-14916,-2460,5584,-482,162,-100,0
1668.9947259426117,10608,4524,10828,-203,-192,108,9532,-9752,7980,18,159,-224,-14744,4692,2720,-1017,118,-107,-14832,-2472,5508,-475,178,-70,0
1669.028319120407,10572,4376,10904,-231,-225,166,9744,-10220,7816,28,153,-246,-14628,4768,2752,-1023,138,-158,-14628,-2456,5592,-454,203,-77,0
1669.0614991188047,10620,4464,10988,-149,-204,154,9492,-9976,8020,-39,108,-210,-14672,4680,2956,-988,139,-102,-14932,-2348,5328,-485,136,-78,0
1669.0987939834595,10632,4576,11000,-109,-114,142,9852,-10040,8060,-48,103,-167,-14752,4712,2952,-1081,102,-94,-14956,-2392,5400,-517,129,-128,0
1669.1342821121216,10576,4412,10892,-110,-90,143,9764,-9936,7868,-38,118,-162,-14816,4608,2812,-1087,94,-74,-15028,-2460,5340,-484,102,-114,0
1669.170042037964,10720,4432,10804,7,5,82,9916,-10240,8080,-97,133,-155,-14728,4764,2772,-1046,106,-56,-14924,-2360,5436,-502,108,-137,0
1669.2054960727692,10772,4404,10876,-62,46,94,9816,-10072,7948,-51,153,-147,-14720,4592,2784,-1076,93,-24,-14868,-2420,5380,-519,121,-136,0
1669.2417960166931,10592,4552,10844,-48,96,73,9776,-10036,7880,-5,107,-138,-14748,4684,2712,-1076,42,-40,-14784,-2464,5480,-765,84,-170,0
1669.2777199745178,10300,4508,11136,-101,80,44,9700,-10088,8220,253,177,-153,-14644,4832,2788,-1046,1,-11,-14904,-2800,5484,-501,12,-162,0
1669.3126749992373,10568,4528,11032,-144,247,60,9692,-10076,8164,-22,169,-151,-14752,4804,3048,-972,9,-71,-14940,-2500,5512,-511,27,-159,0
1669.3486430644987,10628,4540,10988,-118,29,71,9480,-10068,8092,-71,207,-137,-14848,4700,2712,-917,10,231,-14940,-2444,5444,-516,-251,-208,0
1669.3841280937195,10604,4404,10764,-115,42,36,9696,-10012,7816,-55,251,-103,-14752,4628,2852,-973,-13,-16,-14892,-2392,5316,-540,46,-173,0
1669.4195010662079,10660,4392,10948,-105,89,43,9772,-10016,8000,-64,183,-138,-14700,4684,2852,-1057,34,248,-14884,-2396,5440,-498,59,-158,0
1669.4551949501038,10580,4476,11096,-131,91,36,9756,-10060,8044,-18,249,-132,-14756,4668,2740,-782,44,-36,-14964,-2384,5380,-493,101,-151,0
1669.490581035614,10472,4424,11032,-197,-22,34,9700,-10112,8028,17,195,-239,-14400,4820,2864,-1017,145,-165,-14868,-2444,5636,-486,201,-65,0
1669.5260989665983,10508,4480,11100,-211,-125,68,9572,-10176,8140,9,173,-2,-14772,4768,2664,-1038,161,-160,-14976,-2456,5508,-260,242,-85,0
1669.5622861385345,10436,4548,11108,-191,-186,116,9596,-10104,8164,-27,190,-288,-14728,4816,2852,-968,118,-150,-14600,-2572,5400,-474,224,-109,0
1669.5974781513214,10392,4508,11208,-233,-263,39,9640,-10004,8060,-12,233,-325,-14632,4800,3028,-921,118,-198,-15072,-2740,5608,-420,243,-122,0
1669.6327619552612,10516,4440,11148,-278,-242,53,9656,-10116,7972,-3,196,-285,-14728,4760,2904,-979,93,-174,-14872,-2556,5444,-427,213,-105,0
1669.6677310466766,10604,4460,11172,-290,-506,101,9584,-9952,8368,66,178,-277,-14688,4796,2924,-998,139,-144,-15032,-2512,5480,-432,211,-90,0
1669.7038400173187,10572,4536,10936,-266,-234,131,9716,-9868,7876,-21,125,-262,-14704,4676,2608,-925,160,-152,-14608,-2508,5488,-433,206,-71,0
1669.7398250102997,10556,4560,10752,-244,-229,130,9708,-9876,8104,-84,109,-247,-14684,4388,2584,-938,186,-134,-14908,-2520,5348,-430,151,-94,0
1669.7734241485596,10896,4488,10544,-113,-122,134,9824,-9968,7964,-95,80,-229,-14800,4856,2896,-773,167,-42,-15092,-2432,5324,-485,132,-116,0
1669.807230949402,10652,4440,10540,-140,26,38,9644,-9936,8060,-19,140,-170,-15048,4856,2588,-1041,30,-33,-15064,-2632,5276,-489,81,-205,0
1669.84072804451,10612,4580,10900,-110,118,11,9896,-9852,8128,-76,230,-126,-14820,4572,2664,-1017,-18,240,-14936,-2556,5272,-456,34,-202,0
1669.8739569187164,10616,4600,10996,-113,72,-56,9804,-10040,8100,-73,402,-181,-14660,4608,2704,-1019,-12,-94,-14872,-2444,5396,-485,199,-208,0
1669.9075441360474,10500,4420,10960,-179,-42,-47,9596,-10024,8188,-38,205,-276,-14712,4804,3056,-1006,22,-62,-15004,-2288,5540,-502,209,-140,0
1669.941057920456,10688,4464,10988,-113,-37,63,9724,-10044,8064,-95,131,-186,-14624,4820,2980,-961,75,-4,-14940,-2380,5604,-505,90,-123,0
1669.9746260643005,10544,4408,11088,-142,-56,101,9664,-10180,8164,-65,146,-127,-14848,4648,2776,-946,104,-62,-14700,-2360,5648,-507,64,-125,0
1670.0081751346588,10412,4368,11096,-93,-35,79,9684,-10128,7872,-36,166,-164,-14632,4860,2872,-921,109,-108,-15056,-2480,5880,-494,99,-145,0
1670.041902065277,10548,4456,11000,-82,254,110,9548,-10216,7992,-65,150,-137,-14644,4880,2908,-976,134,-113,-14848,-2520,5508,-481,109,-92,0
1670.075436115265,10432,4412,11036,-136,-72,82,9784,-10148,7748,-49,222,-175,-14828,4828,3096,-891,66,-129,-14876,-2492,5476,-479,173,-149,0
1670.1089129447935,10500,4580,10876,-184,-81,53,9784,-9988,7976,-78,464,-214,-14696,4744,2788,-1000,121,-127,-14868,-2504,5444,-471,184,-146,0
1670.1422951221466,10312,4652,10684,-127,-91,26,9700,-9984,8096,-105,206,-241,-14648,4636,2992,-893,91,-138,-14940,-2464,5552,-433,154,-143,0
1670.1760580539703,10744,4464,10900,-153,-89,31,9732,-10068,8120,-67,197,-5,-14788,4736,2884,-932,115,-179,-14944,-2516,5416,-455,208,-184,0
1670.2097680568695,10728,4408,10576,-100,-103,21,9808,-10128,8096,-62,186,-1,-14748,4624,2956,-1022,90,-196,-14984,-2436,5284,-517,223,-141,0
1670.2433700561523,10576,4376,10916,-103,-133,54,9740,-9964,8416,-54,149,-232,-14700,4800,2736,-1008,148,-58,-14964,-2472,5524,-538,176,-75,0
1670.2769000530243,10536,4656,10984,-92,-81,122,9728,-10176,7972,-10,79,-217,-14744,4776,2648,-1005,157,-61,-14924,-2464,5496,-514,148,-84,0
1670.310212135315,10584,4480,11092,-87,-60,133,9720,-10076,8004,22,101,-209,-14784,4800,2768,-1001,136,-144,-14916,-2464,5444,-536,154,-138,0
1670.3437991142273,10716,4444,11044,-54,-114,132,9948,-10128,8024,39,167,-184,-14748,4812,2860,-1011,70,-172,-14916,-2416,5428,-572,170,-170,0
1670.3773889541626,10592,4580,11036,-67,-113,120,9652,-10000,7996,-3,182,-134,-14716,4732,2560,-1023,82,-88,-14844,-2664,5560,-531,99,-122,0
1670.4106111526487,10536,4356,11012,-199,-110,108,9644,-9916,8008,-83,195,-220,-14732,4564,2808,-876,136,-70,-14848,-2636,5664,-348,101,-148,0
1670.4439840316772,10332,4684,11020,-159,-124,28,9784,-10108,8128,-102,216,-291,-14852,4668,2956,-787,84,-216,-14852,-2504,5308,-334,176,-186,0
1670.4775381088257,10608,4460,11024,-130,-182,-13,9972,-10144,8068,-114,279,-284,-14716,5076,2972,-927,-47,-224,-14972,-2404,5392,-522,199,-232,0
1670.5110869407654,10588,4540,10844,-196,-257,48,9748,-10008,8140,-25,263,-238,-14820,4556,2624,-987,253,-181,-14820,-2548,5380,-539,199,-180,0
1670.5443749427795,10560,4584,10900,-57,-166,45,9792,-9892,8120,-6,148,-252,-14724,4692,2692,-1278,79,-130,-15048,-2432,5432,-508,188,-140,0
1670.5777339935303,10944,4508,11016,-81,-113,97,9704,-10012,8040,-7,111,-209,-14728,4728,2792,-1060,122,-107,-14968,-2232,5348,-553,187,-111,0
1670.611119031906,10684,4468,10840,-48,-13,186,9800,-10112,7956,32,67,-91,-14704,4856,2812,-1087,147,-111,-15088,-2448,5856,-609,100,-81,0
1670.6444180011747,10640,4540,11020,-23,12,177,9760,-10068,8100,31,112,-66,-14808,4720,2748,-1076,88,-65,-14964,-2596,5536,-628,73,-143,0
1670.6780619621277,10592,4816,10936,-84,-3,131,9756,-10044,8100,-25,180,-89,-14732,4636,2840,-1036,100,12,-14960,-2484,5412,-526,66,-108,0
1670.7117369174955,10588,4728,10908,-153,21,123,9744,-9956,8160,-101,199,-119,-14764,4592,2828,-955,98,-11,-14944,-2704,5500,-487,37,-146,0
1670.744688987732,10440,4756,10860,-141,7,19,10080,-10076,8308,-187,132,-182,-14784,4568,2756,-908,45,-62,-14768,-2792,5624,-396,101,-221,0
1670.782516002655,10440,4720,10940,-213,-57,-40,9752,-9996,8088,-177,461,-220,-14660,4556,2572,-944,-38,-115,-14888,-2640,5372,-418,167,-227,0
1670.8185160160065,10444,4644,10856,-205,-110,-43,9600,-9864,8288,-81,275,-235,-14552,4656,3068,-914,29,-15,-14840,-2532,5432,-431,137,-168,0
1670.8538300991058,10404,4540,10852,-168,-153,20,9484,-9752,8120,-114,127,-253,-14540,4740,2636,-926,192,-106,-14880,-2504,5584,-383,130,-34,0
1670.8892381191254,10544,4720,10872,-172,-69,113,9676,-9968,7944,-154,74,-261,-14712,4696,3016,-885,188,-36,-14888,-2524,5512,-374,104,-48,0
1670.9245109558105,10452,4844,10824,-177,-111,156,9248,-10036,8176,-133,275,-209,-14536,4820,2800,-932,116,-36,-14936,-2440,5584,-467,137,16,0
1670.9602160453796,10584,4568,10920,-9,-147,320,9568,-10036,8180,-189,19,-110,-14552,4744,2744,-1046,334,3,-14820,-2400,5664,-490,180,146,0
1670.9953629970553,10528,4556,11016,-193,-156,397,9596,-10140,7992,-135,-117,-117,-14740,4740,2740,-1019,423,-57,-14868,-2396,5492,-516,155,142,0
1671.03076004982,10488,4436,10936,-83,-97,383,9808,-10148,7984,-104,-103,-118,-14736,4860,2736,-1072,337,-28,-14944,-2560,5556,-556,126,72,0
1671.0662281513214,10596,4532,11248,-96,-53,342,9744,-10184,8020,-124,9,-61,-14900,4712,2988,-994,252,-10,-15036,-2764,5472,-529,38,255,0
1671.1017639636993,10648,4556,10992,-155,-39,213,9844,-10116,7952,-111,145,-118,-14960,4708,2756,-983,152,-15,-14944,-2752,5200,-480,114,-101,0
1671.1375720500946,10616,4564,10956,-196,-58,60,9852,-10112,7992,-123,217,-176,-14916,4652,2760,-916,16,-111,-15048,-2800,5604,-451,107,-190,0
1671.1726410388949,10756,4532,10896,-214,-17,-252,9972,-10132,7920,-116,258,-164,-14784,4812,2656,-912,-20,-27,-14944,-2324,5468,-501,48,-197,0
1671.20818400383,10600,4488,10964,-228,10,10,9692,-10020,7952,-38,196,-182,-14812,4752,2876,-971,5,-22,-14944,-2428,5508,-472,102,-204,0
1671.243443965912,10604,4504,10868,-146,53,-22,9776,-10088,8112,-58,19,-166,-14616,4788,2580,-929,-255,-48,-14932,-2428,5612,-493,60,-213,0
1671.2792360782623,10692,4480,10992,-159,72,-52,9844,-9996,8008,-33,260,-129,-14756,4852,2752,-1009,-101,-256,-14748,-2404,5396,-540,66,-281,0
1671.3196160793304,10308,4536,11248,-166,26,-12,9716,-10208,7948,49,301,-103,-14612,4856,2692,-1279,7,-40,-14816,-2432,5648,-574,97,-219,0
1671.3554389476776,10672,4600,10908,-94,56,85,9552,-10164,8132,34,189,-81,-14600,4856,2828,-1090,56,-16,-14868,-2332,5468,-610,73,-150,0
1671.3908331394196,10412,4556,11040,-49,28,144,9600,-10104,8212,18,102,-100,-14784,4804,2892,-1102,145,-53,-14884,-2412,5548,-633,148,-107,0
1671.4266250133514,10416,4548,10784,-104,-83,222,9624,-10016,8156,36,101,-105,-14612,4732,2760,-1087,161,-64,-14884,-2548,5496,-632,130,-61,0
1671.460098028183,10420,4624,10808,-85,-38,227,9492,-10064,7736,255,118,-62,-14744,4680,2672,-1118,166,-70,-14904,-2660,5788,-606,139,-122,0
1671.4936339855194,10496,4656,10892,-153,-44,147,9600,-10072,8076,22,181,-153,-14796,4684,2888,-1069,88,-116,-14780,-2788,5496,-557,165,-172,0
1671.5274391174316,10384,4688,10928,-76,-28,51,9592,-10108,8104,-15,207,-240,-14700,4616,3000,-1000,25,-173,-14816,-2760,5584,-509,228,-219,0
1671.5610449314117,10384,4740,10944,-151,-144,4,9576,-10028,8020,-38,238,-296,-14668,4728,2912,-973,1,-153,-14948,-2568,5428,-487,239,-206,0
1671.5943639278412,10484,4748,11168,-205,-184,47,9604,-10212,7940,-85,209,-249,-14704,4764,2752,-948,33,-88,-14968,-2564,5592,-467,227,-122,0
1671.6277599334717,10560,4636,10908,-265,-144,107,9556,-10040,8160,-133,148,-193,-14580,4740,2772,-997,119,-38,-14952,-2424,5464,-487,183,-50,0
1671.6611399650574,10420,4492,11112,-202,-91,232,9572,-10036,7972,-129,60,-153,-14620,4788,2712,-995,201,-14,-14872,-2496,5600,-510,126,-244,0
1671.6948709487915,10516,4356,10800,-135,-97,289,9668,-10232,7968,-90,-24,-118,-14756,4900,2876,-774,222,-29,-15040,-2384,5548,-546,101,-12,0
1671.72833609581,10608,4528,10988,-136,-61,294,9928,-10112,8060,-36,49,-55,-15028,4756,2740,-1000,160,-41,-15004,-2532,5484,-568,127,-48,0
1671.7618911266327,10688,4376,10968,-150,-74,272,9652,-10040,7888,-54,73,-77,-14696,4804,2780,-1069,190,-73,-15068,-2540,5484,-612,127,-48,0
1671.7954399585724,10520,4460,10812,-166,-162,275,9580,-10088,7988,3,95,-55,-14604,4888,2664,-1109,218,-124,-14724,-2056,5120,-627,215,17,0
1671.8289539813995,10420,4396,10912,-120,-240,386,9584,-10072,8068,72,61,-179,-14460,4688,2632,-1199,457,-146,-14844,-2552,5564,-532,262,200,0
1671.8623061180115,10464,4652,10860,-92,-180,358,9580,-10048,8216,-36,-227,-305,-14808,4756,3080,-1132,439,-126,-14980,-2816,5848,-492,240,88,0
1671.8956830501556,10612,4508,10856,-114,-186,296,9784,-10236,7872,-105,-12,-175,-14808,5008,2928,-1035,174,-57,-14944,-2400,5884,-597,149,-253,0
1671.9292211532593,10568,4416,11108,-119,-81,236,9476,-10272,8056,-35,157,-70,-14744,4908,2680,-776,114,-111,-14988,-2428,5756,-535,56,-54,0
1671.9626960754395,10612,4344,11136,-97,-44,218,9752,-10280,7788,14,133,-101,-14788,4844,2628,-1043,126,-54,-15052,-2340,5468,-571,83,-149,0
1671.995903968811,10648,4364,10876,-200,-61,117,9772,-10116,8048,61,139,-174,-15096,4720,2640,-1053,74,-87,-14956,-2492,5780,-511,148,-161,0
1672.0295779705048,10708,4572,10784,-69,-40,73,9748,-10164,8012,35,190,-185,-14780,4672,3004,-1044,62,-153,-14860,-2544,5424,-257,224,-225,0
1672.0631711483002,10544,4536,10760,-101,-136,1,9956,-10140,8076,80,275,-276,-14668,4688,3028,-1073,15,-254,-14776,-2536,5560,-522,323,-246,0
1672.0967149734495,10240,4668,10884,-82,-158,-22,9524,-10216,8128,66,228,-325,-14652,4592,2688,-1050,36,-15,-14904,-2448,5420,-524,321,-220,0
1672.130173921585,10512,4860,10868,-17,-152,3,9632,-9996,7976,16,149,-265,-14816,4764,2812,-1060,44,-177,-15028,-2588,5452,-533,218,-203,0
1672.1636719703674,10604,4600,10984,-102,-66,51,9584,-10124,8068,-30,140,-178,-14896,4696,2724,-1102,70,-85,-14952,-2568,5428,-535,124,-158,0
1672.197226047516,10508,4528,10824,-118,-25,85,9688,-9996,8124,31,116,-118,-14804,4684,2748,-1101,92,-88,-14876,-2472,5440,-577,101,-127,0
1672.230891942978,10604,4604,10904,-109,-34,159,9584,-10092,8124,-250,90,-138,-14636,4724,2684,-1078,167,-68,-14960,-2548,5628,-530,134,-69,0
1672.264449119568,10612,4588,10912,-140,-64,181,9608,-10036,8184,35,49,-196,-14752,4708,2800,-1072,189,-130,-14800,-2580,5408,-490,216,-56,0
1672.2980921268463,10420,4556,10752,-163,-169,174,9648,-10100,8100,-19,91,-216,-14708,4700,2720,-1072,170,-165,-14820,-2620,5424,-531,235,-92,0
1672.3317739963531,10476,4416,10912,-113,-184,156,9768,-10068,7976,-48,77,-197,-14756,4692,2836,-1059,149,-116,-15048,-2568,5596,-516,172,-117,0
1672.365492105484,10580,4652,10896,-152,-75,156,9684,-9960,8092,-53,110,-184,-14716,4656,3024,-977,106,-27,-14824,-2496,5148,-475,158,-97,0
1672.399057149887,10748,4840,10896,-81,-109,174,9620,-9952,7872,-41,128,-166,-14672,4728,2740,-979,141,-97,-14948,-2460,5516,-498,176,-40,0
1672.4348721504211,10604,4488,11128,-47,-45,188,9688,-10192,8108,-57,40,-171,-14816,4844,2688,-1013,204,-52,-15008,-2104,5252,-764,144,-47,0
1672.4707970619202,10636,4528,10956,-4,-55,255,9732,-10252,8116,-97,-32,-160,-14760,4820,2564,-1023,217,-101,-15068,-2412,5484,-545,92,-45,0
1672.5062201023102,10696,4392,10792,-46,-49,221,9756,-10496,7992,-33,16,-116,-14696,4764,2560,-1013,164,-80,-14868,-2392,5476,-607,120,-106,0
1672.5418639183044,10560,4532,11024,-125,-84,226,9772,-10052,8100,19,100,-93,-14656,4688,2788,-1060,154,-89,-15000,-2544,5404,-550,122,-89,0
1672.5776109695435,10568,4620,10784,-33,8,146,9664,-10080,7960,-56,71,-147,-14724,4668,2828,-1051,129,-80,-14948,-2344,5464,-556,161,-99,0
1672.6127910614014,10600,4592,10732,-115,-34,112,9660,-10080,7944,-6,117,-155,-15092,4744,2804,-1012,123,-91,-14960,-2600,5492,-527,145,-146,0
1672.648586988449,10460,4592,10912,-108,-20,67,9960,-10100,8044,-30,206,-166,-14616,4716,2836,-1014,92,-130,-14912,-2552,5416,-523,169,-155,0
1672.6843609809875,10468,4376,11096,-101,-15,59,9640,-10064,8284,-33,181,-215,-14832,4740,2728,-995,86,-124,-14896,-2324,5380,-485,181,-161,0
1672.720181941986,10476,4544,10972,-99,-44,55,9676,-10176,8120,-91,188,-188,-14688,4664,2588,-955,90,-133,-14908,-2804,5592,-488,135,-152,0
1672.755587100983,10304,4620,10972,-96,-35,87,9656,-9996,8116,-79,199,-156,-14796,4732,2620,-1001,113,-116,-14896,-2520,5556,-509,120,-122,0
1672.791718006134,10592,4612,10824,-117,-51,138,9660,-10144,8044,-57,119,-149,-14684,4736,2588,-1051,130,-63,-14912,-2492,5348,-532,190,-66,0
1672.8277690410614,10628,4852,10584,-92,5,158,9576,-10012,8024,-94,77,-172,-14628,4624,2692,-1063,201,-92,-14988,-2516,5248,-759,185,-36,0
1672.8627519607544,10540,4588,10652,-100,17,145,9824,-10084,7920,-64,62,-170,-14876,4640,2836,-1070,185,-101,-14996,-2516,5432,-559,207,-83,0
1672.8985340595243,10636,4560,10764,-143,39,104,9496,-10172,8040,-256,167,-172,-14752,4740,2856,-1036,107,-82,-15076,-2552,5396,-529,187,-107,0
1672.9337949752808,10480,4592,10964,-285,-47,111,9624,-10176,8024,-21,203,-193,-14816,4616,2912,-991,76,-107,-14872,-2668,5492,-475,194,-103,0
1672.969516992569,10384,4792,10856,-320,-108,90,9608,-10144,8108,-46,222,-224,-14800,4852,2584,-980,68,-121,-14976,-2488,5600,-452,171,-136,0
1673.0046100616455,10412,4544,11200,-331,-132,76,9628,-10180,8096,-20,241,-223,-14720,4792,2616,-924,68,-125,-14920,-2476,5676,-442,137,-98,0
1673.040374994278,10712,4532,10992,-347,-135,75,9712,-10216,8000,30,266,-210,-14684,4988,2700,-958,80,-107,-14864,-2532,5528,-433,180,-112,0
1673.0755119323733,10544,4464,10992,-321,-190,129,9548,-10188,8008,96,274,-253,-14660,4780,2668,-990,118,-140,-14848,-2344,5468,-449,223,-103,0
1673.11132311821,10528,4356,11256,-342,-223,135,9604,-10140,8160,114,202,-285,-14732,4840,2684,-1005,154,-220,-14888,-2460,5528,-484,244,-99,0
1673.1444449424744,10544,4544,11084,-310,-258,169,9520,-10172,7964,101,166,-265,-14712,4788,2712,-991,139,-173,-14916,-2556,5448,-502,255,-104,0
1673.178134918213,10616,4564,10760,-284,-273,186,9556,-10032,8132,76,226,-217,-14632,4776,2596,-1013,171,-197,-14928,-2516,5416,-514,237,-94,0
1673.211846113205,10624,4652,10876,-298,-275,169,9656,-9968,8220,68,188,-272,-14880,4548,2732,-982,157,-143,-14980,-2792,5296,-479,185,-81,0
1673.2453980445862,10656,4568,10676,-283,-226,168,9612,-9876,8104,35,3,-222,-14924,4488,2856,-941,109,-135,-14960,-2776,5364,-483,130,-114,0
1673.2791161537173,10708,4600,10832,-223,-123,122,9708,-9916,8180,5,160,-166,-14776,4560,2696,-1009,69,-107,-14952,-2552,5452,-462,114,-114,0
1673.3126850128174,10604,4464,10636,-191,-123,108,9744,-9760,8148,0,92,-158,-14752,4584,2804,-999,91,-101,-15036,-2520,5428,-495,140,-130,0
1673.346008062363,10628,4580,10660,-156,-84,104,9504,-10028,8012,-60,149,-139,-14680,4796,2424,-980,61,-67,-14960,-2408,5340,-496,152,-130,0
1673.3797249794006,10644,4552,10728,-149,-83,120,9732,-10056,8004,-70,112,-171,-14772,4608,2700,-1021,80,-37,-14928,-2456,5336,-507,133,-110,0
1673.4131169319153,10544,4480,10872,-178,-58,152,9664,-10212,8112,-55,99,-159,-14476,4680,2632,-1278,123,-60,-14892,-2444,5388,-762,151,-40,0
1673.4466891288755,10552,4496,10880,-122,-61,200,9692,-10124,8056,-86,32,-186,-14828,4888,2764,-1052,194,-110,-14860,-2500,5500,-514,162,-26,0
1673.4801540374756,10544,4516,10992,-166,-124,238,9664,-10100,8144,-96,-252,-169,-14848,4676,2792,-1015,202,-79,-14972,-2500,5476,-472,114,-44,0
1673.5136590003967,10616,4428,11008,-131,-68,180,9680,-10112,8216,-78,103,-125,-14780,4808,2660,-1014,95,-47,-14904,-2404,5404,-513,28,-94,0
1673.5469930171969,10616,4408,10740,-221,-15,102,9556,-10104,8020,-16,121,-141,-14776,4716,2744,-1014,49,-56,-14972,-2448,5500,-476,84,-113,0
1673.580647945404,10560,4552,10940,-188,246,90,9580,-10004,8132,-5,171,-139,-14676,4376,2552,-968,57,-75,-14872,-2308,5500,-429,91,-146,0
1673.6141531467438,10560,4544,11124,-121,-13,33,9704,-10204,8152,-10,178,-205,-14816,4736,2712,-947,31,-120,-14912,-2392,5432,-451,234,-165,0
1673.6471979618073,10308,4372,10888,-175,-145,42,9556,-10092,8008,31,204,-266,-14688,4776,2740,-950,49,-166,-14872,-2352,5456,-449,290,-158,0
1673.6804649829865,10604,4508,11056,-65,-111,67,9960,-10104,7912,82,659,-512,-14868,4664,2752,-1268,77,-143,-14980,-2500,5552,-484,200,-141,0
1673.7139201164246,10628,4488,10860,-97,-64,53,9508,-10124,8092,-42,198,-209,-14808,4652,2708,-982,62,-137,-15052,-2416,5396,-468,135,-162,0
1673.7473950386047,10668,4564,10804,-184,-23,61,9680,-10036,8120,-39,163,-161,-14648,4664,2568,-1005,113,-79,-14980,-2496,5268,-505,88,-138,0
1673.7810389995575,10608,4556,10676,-130,-20,100,9672,-9988,8244,-36,166,-168,-14864,4588,2340,-1015,96,-24,-14908,-2804,5320,-493,166,-126,0
1673.8145189285278,10636,4556,10732,-177,-42,110,9692,-10040,8140,-20,143,-204,-14792,4584,2692,-1075,169,-77,-14928,-2332,5292,-504,142,-102,0
1673.8480031490326,10588,4532,11056,-157,-83,158,9568,-9972,8140,-63,72,-188,-14860,4656,2860,-1027,178,-132,-14912,-2312,5592,-497,143,-60,0
1673.8812611103058,10512,4828,10956,-157,-71,161,9660,-10012,8108,-66,117,-185,-14784,4748,2620,-970,156,-70,-14896,-2544,5452,-503,130,-86,0
1673.914696931839,10536,4600,10944,-135,-83,178,9532,-9996,8148,-53,67,-175,-14788,4608,2692,-1073,181,-40,-14924,-2576,5508,-476,124,-60,0
1673.9482629299164,10660,4560,10912,-141,-47,160,9620,-9980,8040,-84,42,-168,-14852,4716,2680,-1007,146,-14,-14908,-2624,5508,-488,60,-93,0
1673.9819910526276,10632,4608,10996,-150,-44,158,9472,-10144,8156,-101,60,-179,-14812,4852,3016,-995,104,-43,-14864,-2472,5372,-489,60,-103,0
1674.0156240463257,10612,4480,10900,-154,250,88,9764,-10092,8056,-40,154,-149,-14812,4648,2776,-999,51,-25,-14984,-2440,5572,-481,53,-142,0
1674.0491089820862,10636,4340,10912,-198,-32,104,9700,-10148,7996,255,152,-127,-14736,4796,2668,-1002,30,-67,-14816,-2440,5476,-454,145,-110,0
1674.0825231075287,10356,4408,10960,-209,-52,112,9220,-10156,8200,36,97,-177,-14688,4744,2584,-1060,161,-120,-14760,-2500,5604,-434,274,-59,0
1674.1192660331726,10372,4420,11228,-155,-188,152,9520,-10188,8272,41,28,-288,-14692,4716,2768,-1032,217,-224,-14932,-2492,5492,-455,318,-45,0
1674.1544511318207,10416,4452,11064,-143,-214,178,9664,-10144,8180,1,55,-307,-14812,4728,2592,-1024,183,-233,-15024,-2436,5436,-458,268,-90,0
1674.190768957138,10748,4588,10936,-136,-211,126,9488,-10076,8092,-11,80,-297,-14780,4696,2696,-936,122,-153,-15036,-2460,5300,-449,188,-93,0
1674.2262070178986,10780,4564,10808,-140,-100,92,9764,-9768,8036,-39,123,-185,-14736,4396,2692,-931,95,-101,-15316,-2484,5132,-446,84,-135,0
1674.2615580558777,10668,4496,10912,-185,35,61,9816,-10008,8048,15,176,-137,-14892,4540,2624,-953,41,-52,-15024,-2468,5224,-486,109,-168,0
1674.297632932663,10716,4672,10700,-165,20,119,9472,-9844,8052,-17,144,-107,-14708,4388,2584,-1273,41,-56,-14948,-2492,5120,-477,60,-144,0
1674.332780122757,10748,4532,10768,-136,41,63,9796,-9936,7940,-27,149,-151,-14760,4424,2572,-946,40,-27,-14964,-2428,5292,-513,120,-159,0
1674.368868112564,10680,4460,10792,-194,-19,80,9676,-10000,7944,-8,133,-145,-14760,4584,2640,-1022,58,-89,-14852,-2548,5352,-480,164,-111,0
1674.4038379192352,10504,4440,10860,-128,11,119,9600,-10044,8212,-25,119,-153,-14740,4692,2860,-985,74,-19,-14928,-2668,5480,-499,152,-143,0
1674.4392890930176,10252,4492,10984,-131,54,124,9696,-10148,8116,-55,115,-130,-14768,4680,2816,-925,53,-34,-14888,-2448,5404,-466,82,-129,0
1674.4743490219116,10384,4592,11060,-204,27,115,9716,-10040,8048,-57,147,-134,-14668,4764,2636,-905,63,-12,-15040,-2344,5476,-482,155,-93,0
1674.5098450183868,10352,4516,10648,-183,-47,172,9536,-10244,8116,-73,89,-153,-14612,4816,2620,-888,84,-78,-14800,-2472,5508,-459,174,-78,0
1674.5448529720309,10384,4484,11052,-220,-133,168,9612,-10060,8148,-69,44,-224,-14664,4756,2792,-920,153,-125,-14916,-2492,5396,-451,7,-31,0
1674.5804080963135,10600,4504,10868,-179,-147,199,9748,-10036,7684,-61,-253,-223,-14784,4776,2632,-914,168,-172,-14968,-2464,5436,-453,228,-62,0
1674.6155910491943,10584,4388,11016,-211,-152,198,9784,-10064,8160,-12,9,-240,-14932,4736,2632,-914,145,-146,-15008,-2468,5364,-455,502,-69,0
1674.651377916336,10556,4504,10840,-172,-126,153,9648,-10108,8132,14,57,-209,-14948,4604,2616,-877,124,-174,-14952,-2360,5384,-472,265,-85,0
1674.6871509552002,10668,4480,11040,-95,-85,127,9792,-10084,7984,-23,55,-231,-14808,4752,2800,-927,48,-93,-14940,-2504,5292,-464,210,-160,0
1674.7224550247192,10672,4492,10916,-128,-10,70,9724,-10048,7928,-39,140,-198,-14716,4672,2680,-885,-22,-110,-14864,-2428,5168,-444,213,-190,0
1674.7597689628599,10588,4448,10816,-123,-17,37,9492,-10060,7968,-16,221,-198,-14776,4396,2668,-952,-42,-133,-15044,-2468,5328,-457,201,-164,0
1674.7933869361877,10612,4532,11120,-142,-12,60,9704,-10076,7700,0,182,-169,-14672,4648,2688,-974,-18,-91,-15080,-2468,5180,-444,155,-157,0
1674.8269970417025,10644,4524,11220,-166,0,72,9700,-10120,8252,-20,124,-187,-14800,4692,2676,-949,-5,-23,-14908,-2448,5220,-467,141,-157,0
1674.8604481220243,10572,4540,10916,-110,-8,97,9684,-10032,7976,-38,133,-164,-14680,4756,2816,-1021,45,-61,-14956,-2560,5136,-508,149,-147,0
1674.8937790393827,10588,4412,11216,-97,-47,85,9680,-10048,8096,-71,98,-197,-14648,4736,2724,-980,-5,-97,-14872,-2512,5172,-497,144,-118,0
1674.9274151325226,10532,4480,10920,-65,-19,94,9664,-9980,8064,-115,124,-160,-14816,4696,2796,-988,47,-59,-15000,-2524,5576,-485,76,-119,0
1674.9608600139618,10712,4536,10636,-9,44,50,9660,-10108,8056,-69,157,-114,-14720,4764,2692,-1037,35,20,-14684,-2504,5540,-540,65,-178,0
1674.9945940971375,10700,4540,10800,-99,50,84,9752,-10128,8040,-33,141,-152,-14788,4704,2756,-1042,43,-16,-15020,-2532,5396,-531,103,-131,0
1675.028057098389,10612,4680,10844,-53,96,95,9628,-10108,7952,-128,166,-116,-14764,4680,2792,-1007,99,-254,-14916,-2408,5340,-497,66,-152,0
1675.0613729953766,10564,4468,11196,-104,72,64,9420,-10044,7832,-58,344,-110,-14708,4676,2788,-1044,38,-60,-14920,-2532,5348,-503,104,-163,0
1675.094929933548,10252,4472,10860,-144,25,55,9620,-10032,7964,-31,150,-157,-14752,4672,2696,-1037,66,-67,-14884,-2496,5436,-486,119,-138,0
1675.1284370422363,10496,4576,10980,-71,72,56,9476,-10236,7808,-44,169,-145,-14776,4672,2896,-1089,33,-31,-14952,-2584,5468,-508,114,-161,0
1675.161766052246,10344,4572,11224,-143,78,-254,9612,-10180,7980,-37,230,-148,-14744,4740,2628,-1056,15,-47,-14980,-2436,5424,-766,93,-165,0
1675.1953499317167,10476,4548,11224,-200,59,36,9584,-10180,8060,-16,215,-185,-14704,4788,2636,-1056,68,-80,-14928,-2576,5408,-494,112,-150,0
1675.2289590835571,10528,4616,10928,-171,38,47,10200,-10056,8460,-25,125,-161,-14672,4812,2660,-1119,108,-119,-14828,-2328,5620,-476,146,-150,0
1675.2624950408936,10404,4636,10956,-214,-34,71,9612,-10128,8180,-23,182,-191,-14652,4840,2776,-1039,116,-139,-14932,-2512,5492,-494,146,-99,0
1675.296145915985,10456,4592,10952,-172,-46,87,9668,-10072,8040,-66,188,-228,-14672,4736,2696,-1013,103,-99,-14936,-2584,5408,-495,156,-105,0
1675.3297951221466,10480,4604,11092,-260,-77,124,9632,-10048,7888,-39,165,-183,-14788,4700,2856,-1018,97,-61,-14960,-2524,5336,-476,172,-85,0
1675.3632309436798,10448,4544,11040,-292,-85,123,9580,-10104,8284,-6,169,-214,-14732,4872,2976,-1006,105,-124,-14996,-2500,5452,-466,194,-74,0
1675.3966779708862,10580,4660,10944,-298,-94,147,9656,-10124,8084,19,171,-250,-14704,4692,2776,-1280,120,-142,-14944,-2508,5476,-480,167,-68,0
1675.4301991462708,10388,4532,11092,-297,-158,119,9648,-10108,7968,252,164,-511,-14784,4772,2728,-1002,105,-175,-14740,-2548,5524,-479,191,-107,0
1675.463807106018,10460,4524,11184,-272,-150,84,9664,-10152,8028,250,151,-283,-14716,4772,2884,-1038,123,-152,-14988,-2388,5476,-457,206,-135,0
1675.4974370002749,10492,4464,11016,-304,-181,118,9556,-10044,7992,24,175,-215,-14652,4708,2736,-963,85,-149,-14944,-2524,5420,-467,176,-112,0
1675.5310220718384,10508,4472,10888,-328,-171,110,9696,-10108,8076,29,209,-237,-14800,4696,2732,-1031,114,-142,-15000,-2484,5552,-480,152,-138,0
1675.5640270709991,10492,4540,10928,-320,-167,116,9696,-10104,8184,18,169,-219,-14824,4660,2604,-994,146,-125,-15012,-2488,5140,-491,143,-99,0
1675.597573041916,10484,4480,10956,-299,-177,119,9744,-9848,7984,36,219,-172,-15016,4776,2592,-994,133,-134,-14964,-2552,5196,-513,185,-73,0
1675.6310920715332,10524,4504,10928,-323,-233,146,9920,-10228,8048,50,239,-217,-14652,4652,2880,-1264,183,-125,-15020,-2724,5492,-493,213,-70,0
1675.6642110347748,10656,4536,11016,-285,-203,126,9608,-10040,8084,37,187,-241,-15044,4768,2584,-1046,166,-121,-15020,-2544,5524,-511,97,-150,0
1675.6977400779724,10576,4416,11088,-281,-123,103,9684,-9840,8076,70,125,-200,-14648,4696,2572,-1102,174,-122,-14924,-2696,5464,-538,134,-128,0
1675.7313230037687,10460,4588,11008,-323,-231,139,9292,-9732,8132,70,190,-216,-14704,4656,2640,-1005,151,-122,-14932,-2316,5420,-464,118,-132,0
1675.764622926712,10432,4564,11032,-231,-186,113,9676,-9988,8196,-6,182,-218,-14740,4700,2812,-1274,162,-115,-14904,-2540,5376,-498,175,-99,0
1675.8012409210203,10528,4352,10820,-258,-248,153,9612,-10020,8084,26,164,-244,-14744,4668,2736,-1066,158,-182,-15004,-2508,5612,-506,168,-100,0
1675.8372299671173,10580,4436,11040,-219,-204,163,9752,-9784,8084,16,129,-237,-14816,4668,2660,-770,181,-92,-14976,-2500,5468,-524,140,-103,0
1675.8721959590912,10544,4436,10884,-207,-122,106,9688,-10060,8092,-2,188,-173,-14700,4704,2788,-1035,98,-68,-14964,-2504,5292,-498,105,-116,3
1675.908024072647,10748,4460,11004,-223,-140,115,9628,-10000,8160,-14,163,-189,-14688,4768,2632,-1029,147,-87,-14924,-2580,5568,-520,137,-110,3
1675.9430339336395,10528,4456,11020,-160,-164,139,9608,-10012,7980,-36,169,-201,-14756,4640,2592,-1040,139,-92,-14960,-2500,5308,-499,170,-91,3
1675.9793019294739,10584,4320,10804,-153,-125,110,9820,-9976,7944,-1,177,-175,-14800,4608,2716,-1113,140,-74,-14984,-2480,5352,-500,161,-95,3
1676.014342069626,10644,4436,10996,-93,-30,98,9664,-9904,8156,-23,152,-193,-14832,4656,2644,-1119,138,-45,-14944,-2548,5428,-515,105,-146,3
1676.0507531166077,10608,4476,10752,-81,-28,70,9512,-10068,8236,-50,141,-175,-14916,4684,2708,-1115,135,-45,-15036,-2528,5520,-557,68,-142,3
1676.086096048355,10252,4424,10752,-126,-247,101,9600,-9968,8016,-11,162,-168,-14636,4732,2764,-1160,137,-98,-14956,-2588,5444,-537,113,-112,3
1676.122439146042,10368,4476,11236,-105,-34,81,9568,-10132,8100,3,164,-177,-14776,4652,2780,-1074,88,-69,-14900,-2584,5600,-461,155,-121,3
1676.1581110954285,10472,4380,11060,-122,-86,68,9700,-10036,8020,-35,161,-180,-14780,4740,2744,-991,53,-103,-14984,-2352,5496,-464,104,-142,0
1676.192971944809,10572,4504,11056,-79,254,65,9708,-10012,8160,-70,200,-139,-14744,4776,2772,-1038,60,-34,-15080,-2392,5468,-496,7,-172,0
1676.2280941009521,10520,4484,10836,-101,56,72,9656,-10080,8348,-256,168,-110,-14784,4880,2764,-1080,48,-49,-15028,-2544,5508,-482,26,-149,0
1676.2638559341433,10464,4456,11192,-67,111,74,9592,-9928,8236,-71,185,-67,-14796,4680,2732,-1055,105,-32,-14600,-2560,5120,-459,14,-124,0
1676.2991859912872,10476,4468,10956,-13,85,54,9656,-10068,8104,-100,131,-173,-14796,4668,2600,-1083,122,-123,-14804,-2736,5436,-540,86,-123,0
1676.339448928833,10548,4516,11032,-58,-5,59,9972,-10016,8088,-123,168,-158,-14824,4616,2652,-1045,93,-43,-14864,-2560,5324,-543,65,-128,0
1676.375081062317,10492,4596,10916,-13,33,61,9704,-10004,7996,-112,202,-103,-14608,4756,2792,-1064,51,-47,-14972,-2656,5392,-538,55,-160,0
1676.4103939533234,10568,4572,10900,-49,61,61,9960,-9944,8284,-129,221,-107,-14820,4652,2884,-1045,27,222,-14940,-2608,5524,-506,0,-138,0
1676.4467461109161,10568,4568,11172,-159,86,17,9608,-10136,8108,-70,315,-111,-14752,4764,2660,-1039,16,254,-14852,-2416,5636,-487,67,-151,0
1676.4802839756012,10384,4556,11008,-1,-37,76,9516,-10108,8352,-10,271,-153,-14656,4744,2776,-960,47,-94,-14784,-2516,5688,-463,158,-97,0
1676.5138599872587,10356,4584,11324,-233,-187,128,9496,-10200,8128,-3,222,-217,-14744,4888,2700,-979,80,-143,-14836,-2816,5580,-491,188,-93,0
1676.5474779605865,10448,4548,11192,-234,-294,135,9448,-10120,8172,27,167,-300,-14824,4796,2668,-1006,160,-199,-14780,-2456,5856,-515,239,-44,0
1676.5810580253599,10240,4368,10912,-212,-350,175,9508,-10080,8052,61,186,-345,-14680,4724,2692,-991,189,-1,-14784,-2508,5504,-527,255,-43,0
1676.6145100593567,10404,4456,10876,-216,-352,202,9616,-10224,8028,40,176,-319,-14588,4612,2780,-900,181,-185,-14888,-2308,5440,-258,508,-30,0
1676.6477060317993,10528,4584,11040,-217,-287,202,9632,-10052,8276,248,150,-248,-14840,4680,2804,-995,215,-132,-15076,-2476,5376,-479,184,-53,0
1676.6842210292816,10668,4584,10852,-238,-231,198,9540,-9976,8240,-36,91,-237,-14712,4824,2760,-996,193,-78,-15012,-2484,5420,-490,91,-72,0
1676.7179100513458,10580,4476,10888,-182,-139,149,9660,-9968,8332,-38,88,-209,-14920,4612,2788,-1015,173,-58,-14956,-2572,5348,-518,105,-139,0
1676.751708984375,10676,4476,10820,-150,-106,126,9704,-9904,8236,-26,96,-193,-14800,4624,2632,-1026,118,-73,-15076,-2644,5188,-522,117,-163,0
1676.7852499485016,10656,4576,10916,-125,-64,82,9696,-10236,8140,-26,173,-203,-14696,4556,2632,-1049,83,-79,-14964,-2528,5196,-520,149,-137,0
1676.8187041282654,10572,4444,11008,-127,-30,52,9608,-9928,8168,-35,154,-191,-14724,4688,2600,-1047,86,-63,-15004,-2544,5364,-511,150,-139,0
1676.852245092392,10644,4396,10912,-149,-59,98,9604,-9988,8296,-42,143,-143,-14792,4712,2664,-1067,113,-20,-14964,-2476,5504,-514,87,-98,0
1676.8854820728302,10356,4560,11076,-178,-47,117,9624,-10012,8228,-63,126,-145,-14824,4740,2836,-1046,145,-69,-14900,-2612,5428,-521,104,-61,0
1676.9191799163818,10572,4536,11116,-158,-88,178,9424,-10076,8256,-60,52,-150,-14696,4788,2580,-1018,207,-77,-14884,-2596,5604,-516,112,-15,0
1676.95263504982,10492,4500,10984,-142,-97,209,9440,-10156,8340,-82,57,-169,-14784,4760,2780,-1275,209,-46,-14876,-2536,5492,-485,135,-44,0
1676.986230134964,10396,4388,11200,-142,-109,204,9592,-10136,8028,-64,44,-195,-14836,4700,2768,-973,182,-68,-14980,-2564,5584,-497,102,-65,0
1677.0198860168455,10528,4416,11080,-159,-128,177,9648,-10120,8164,-89,116,-209,-14840,4748,2948,-972,146,-62,-14972,-2348,5524,-516,128,-66,0
1677.0535209178925,10640,4408,10856,-153,-132,138,9680,-10044,8000,-48,76,-206,-14824,4760,2680,-986,114,-98,-15024,-2552,5420,-484,121,-118,0
1677.0872421264648,10736,4472,10916,-163,-59,107,9712,-10236,8080,-113,108,-177,-14836,4668,2620,-946,71,-80,-15004,-2396,5496,-463,28,-150,0
1677.1207830905914,10516,4356,10864,-126,-14,76,9756,-10112,8120,-33,176,-153,-14748,4592,2584,-986,15,-60,-14604,-2444,5176,-537,67,-144,0
1677.1538820266724,10672,4520,10772,-147,-83,103,9600,-10072,8344,2,161,-146,-14696,4692,2732,-1006,80,-62,-14936,-2624,5464,-490,120,-136,0
1677.1874051094055,10332,4536,10932,-50,-13,74,9540,-9948,7972,-63,152,-195,-14864,4612,2740,-993,72,-67,-14720,-2528,5160,-509,127,-133,0
1677.2207610607147,10692,4500,10788,-147,-97,75,9684,-10056,8240,-28,179,-209,-14764,4652,2612,-1053,104,-129,-14844,-2536,5476,-519,154,-145,0
1677.2543170452118,10516,4436,10856,-76,-79,96,9568,-9988,8128,-15,150,-192,-14820,4724,2624,-1020,62,-102,-14944,-2692,5552,-535,110,-151,0
1677.288146018982,10620,4588,11024,-96,-15,116,9592,-9980,8148,-69,165,-110,-14788,4644,2700,-982,72,-44,-15012,-2616,5416,-491,15,-144,0
1677.3218441009521,10532,4504,10952,-186,12,128,9604,-10068,8004,-59,135,-123,-14736,4664,2800,-988,79,-22,-14832,-2800,5156,-490,58,-128,0
1677.3555400371552,10432,4508,10972,-153,-26,145,9580,-10036,8108,-68,144,-157,-14672,4592,2712,-1016,127,-40,-14788,-2324,5536,-518,120,-94,0
1677.3889989852903,10504,4552,10844,-132,-47,138,9576,-9748,8196,-42,107,-157,-14624,4584,2680,-1011,137,-79,-14844,-2484,5432,-504,170,-78,0
1677.42271900177,10596,4536,11196,-154,-123,168,9572,-10084,8172,-29,74,-222,-14796,4808,2700,-1015,183,-154,-14860,-2576,5600,-497,196,-53,0
1677.4563529491425,10584,4472,10928,-113,-145,147,9540,-10104,8088,-33,69,-208,-14824,4716,2992,-990,164,-134,-14888,-2616,5504,-509,140,-82,0
1677.4933149814606,10552,4416,11024,-164,-85,142,9656,-10104,8248,-3,104,-155,-14792,4732,2672,-1006,131,-140,-14852,-2388,5580,-501,148,-120,0
1677.5293419361115,10288,4564,11020,-134,-63,149,9876,-10120,8332,1,69,-168,-14756,4724,2636,-1080,136,-105,-14920,-2360,5860,-491,126,-92,0
1677.5651550292969,10492,4500,10776,-139,-51,118,9656,-10216,8040,-17,84,-177,-14756,4660,2612,-1271,138,-129,-14860,-2428,5468,-486,119,-130,0
1677.600723028183,10476,4736,10936,-162,-133,95,9668,-10148,8080,-37,116,-233,-14712,4648,2692,-973,124,-108,-14972,-2536,5576,-465,188,-106,0
1677.6359369754791,10504,4436,10988,-161,-134,91,9684,-10056,7988,-53,173,-225,-14804,4732,2680,-973,117,-146,-15020,-2528,5320,-469,171,-126,0
1677.6715199947355,10636,4452,11124,-167,-96,99,9612,-10188,8340,-17,157,-199,-14776,4708,2508,-997,119,-91,-14932,-2536,5496,-477,150,-131,0
1677.7074239253998,10644,4492,10920,-174,-82,117,9548,-10040,7968,-16,143,-182,-14764,4768,2768,-1035,113,-75,-14900,-2484,5532,-473,132,-122,0
1677.742947101593,10684,4396,10968,-163,-71,82,9600,-9996,8188,23,150,-196,-14776,4708,2620,-1040,121,-111,-15032,-2640,5560,-455,146,-128,0
1677.7777650356293,10472,4476,10940,-136,-68,110,9624,-10036,8212,-11,149,-188,-14748,4680,2744,-1272,115,-111,-14868,-2564,5492,-462,125,-142,0
1677.8134589195251,10320,4512,10992,-103,-72,94,9476,-10236,8048,-1,139,-176,-15104,4728,2640,-1045,116,-135,-14844,-2808,5624,-496,137,-130,0
1677.8492801189425,10404,4476,11036,-183,-123,101,9696,-9952,8352,-7,140,-222,-15064,4424,2716,-1060,115,-70,-14952,-2672,5400,-436,106,-103,0
1677.8844740390778,10588,4564,10992,-89,-62,78,9608,-10040,8264,-75,118,-203,-14756,4772,2724,-1027,121,-111,-14968,-2516,5568,-468,129,-106,0
1677.920686006546,10668,4508,11152,-160,-59,76,9636,-10072,8096,-27,140,-192,-14644,4720,2532,-1047,123,-45,-14908,-2368,5452,-435,125,-99,0
1677.9572200775149,10592,4504,10924,-159,-28,125,9576,-9952,8124,-20,100,-181,-14708,4708,2660,-1119,178,-55,-15088,-2500,5564,-431,123,-94,0
1677.992460012436,10508,4588,10856,-117,-5,127,9388,-10020,8208,-63,190,-116,-14812,4748,2588,-1051,135,-9,-14908,-2464,5464,-429,111,-72,0
1678.028680086136,10540,4472,10912,-142,-34,151,9648,-9948,8148,-73,102,-162,-14732,4664,2660,-1019,176,-88,-14840,-2604,5144,-485,117,-82,0
1678.0642049312592,10588,4500,10880,-114,-100,156,9692,-9812,8124,-21,89,-169,-14784,4680,2604,-1028,129,-87,-14976,-2420,5428,-541,131,-94,0
1678.1000530719755,10636,4424,10864,-79,-94,135,9620,-10028,8056,-48,101,-189,-14820,4620,2584,-1049,134,-89,-15004,-2624,5504,-504,137,-95,0
1678.1364369392395,10568,4556,10756,-153,-56,126,9732,-10060,8160,-43,104,-176,-14704,4624,2744,-1054,114,-89,-14860,-2640,5532,-262,74,-133,0
1678.1700019836426,10496,4556,11080,-127,-56,87,9620,-9964,8180,-32,161,-169,-14708,4644,2560,-1034,79,-47,-14888,-2588,5496,-507,78,-145,0
1678.2037601470947,10556,4524,11068,-131,-77,78,9516,-10172,8080,-48,142,-149,-14624,4660,2744,-1020,95,-52,-14924,-2548,5580,-514,125,-92,0
1678.2371220588684,10484,4508,10936,-115,-84,131,9664,-10076,8108,-53,94,-173,-14708,4676,2700,-1274,121,-111,-14852,-2544,5432,-515,105,-107,0
1678.2707719802856,10540,4520,10844,-139,-109,130,9552,-10068,8128,-57,128,-184,-14800,4736,2792,-994,110,-74,-14704,-2512,5604,-520,102,-104,0
1678.304239988327,10572,4488,10964,-132,-115,149,9540,-10052,7996,-52,150,-161,-14732,4708,2744,-1015,105,-65,-14640,-2792,5564,-541,106,-106,0
1678.3377630710602,10484,4476,10668,-126,-104,140,9512,-10096,8112,-37,119,-169,-14704,4384,2652,-1032,158,-61,-14868,-2488,5508,-533,138,-74,0
1678.3713459968567,10552,4424,10908,-131,-144,163,9696,-9932,8100,-19,70,-199,-14688,4740,2660,-1077,196,-112,-14824,-2484,5628,-518,154,-78,0
1678.4047620296478,10520,4544,10900,-92,-115,149,9688,-10156,8160,-72,48,-210,-14712,4660,2668,-1019,205,-145,-14980,-2588,5564,-535,101,-110,0
1678.4383850097656,10652,4500,10852,-109,-105,121,9672,-10068,8108,-62,110,-174,-14844,4672,2616,-1004,124,-47,-15004,-2436,5672,-522,97,-152,0
1678.4720120429993,10644,4796,10992,-169,-115,122,9496,-9980,8188,-65,150,-152,-14836,4628,2528,-979,51,-254,-14916,-2552,5140,-486,54,-139,0
1678.5055220127106,10600,4544,10884,-131,-5,116,9692,-10016,7936,-91,167,-111,-14860,4668,2604,-1037,100,-251,-14892,-2484,5520,-257,35,-145,0
1678.539036989212,10640,4508,11052,-170,253,97,9608,-10172,8272,-27,108,-145,-14736,4688,2680,-1037,114,-91,-14664,-2348,5716,-521,132,-132,0
1678.5726161003113,10448,4560,10872,-121,-62,145,9504,-10056,8088,-52,122,-179,-14916,4628,2800,-974,122,-145,-14804,-2640,5836,-492,141,-130,0
1678.6061871051788,10548,4536,10912,-104,-101,93,9664,-10092,8188,-108,222,-167,-14892,4700,2656,-967,94,-115,-14908,-2612,5576,-532,173,-155,0
1678.639718055725,10560,4476,11004,-156,-123,91,9576,-10084,8412,-255,111,-212,-14776,4672,2688,-1016,134,-114,-14800,-2504,5656,-519,208,-140,0
1678.673236131668,10516,4508,10784,-89,-94,118,9600,-10056,8124,-26,140,-156,-14696,4688,2808,-995,60,-94,-15028,-2676,5720,-520,136,-165,0
1678.7068419456482,10416,4516,10936,-114,-61,86,9616,-10028,8196,-35,160,-149,-14744,4660,2780,-981,69,-86,-14888,-2552,5668,-502,101,-164,0
1678.740091085434,10520,4528,10988,-128,-48,101,9592,-10164,7980,-22,178,-159,-14768,4760,2708,-1022,102,-87,-14864,-2544,5496,-547,131,-165,0
1678.7736721038818,10584,4580,10952,-5,-43,58,9640,-10012,8000,-25,185,-168,-14764,4616,2668,-1015,56,-70,-14828,-2576,5624,-520,158,-173,0
1678.8075129985807,10596,4604,10992,-40,-66,56,9920,-9784,7824,-254,198,-206,-14764,4716,2688,-1033,91,-80,-14832,-2756,5460,-522,198,-172,0
1678.8411319255829,10492,4528,10832,1,-98,58,9660,-10052,8416,-35,130,-228,-14616,4688,2756,-1109,118,-110,-14956,-2548,5452,-524,215,-163,0
1678.8747990131378,10668,4544,11004,14,-114,63,9552,-10092,8128,-45,167,-219,-14804,4708,2608,-1090,93,-95,-14972,-2368,5628,-523,135,-162,0
1678.9082479476929,10596,4416,10952,-51,-66,99,9572,-9948,8028,-112,152,-247,-14912,4612,2672,-1082,113,-108,-14888,-2520,5556,-759,108,-192,0
1678.9419219493866,10600,4572,10864,-26,-49,97,9648,-10008,8052,-85,183,-156,-14772,4692,2684,-769,87,-82,-14940,-2348,5440,-571,68,-145,0
1678.9757080078125,10596,4636,10648,-79,41,102,9704,-10036,8036,-85,190,-60,-14684,4832,2352,-1274,117,2,-14840,-2352,5680,-768,52,-136,0
1679.0092959403992,10484,4832,11004,-82,11,127,9616,-10036,8140,-135,128,-129,-14772,4824,2964,-1046,107,-243,-14844,-2696,5596,-518,90,-94,0
1679.0428340435028,10384,4600,10888,-143,252,121,9588,-10112,7940,-123,162,-146,-14772,4664,2368,-1041,144,-23,-14812,-2604,5588,-502,120,-79,0
1679.0764670372007,10248,4688,11152,-115,-39,147,9612,-10156,8132,-106,123,-167,-14796,4800,2728,-1002,134,-50,-14844,-2612,5556,-549,137,-82,0
1679.1100471019745,10428,4684,10912,-98,-43,136,9564,-10160,8200,-72,496,-114,-14576,4700,2644,-1049,164,-105,-14880,-2572,5628,-551,176,-105,0
1679.143322944641,10508,4544,10756,-82,-28,140,9556,-10176,8008,-68,133,-161,-14640,4648,2560,-1055,184,-95,-14832,-2620,5464,-544,145,-98,0
1679.181512117386,10528,4424,10796,-97,-64,122,9572,-10156,8036,-99,122,-189,-14728,4368,2596,-1279,126,-68,-14796,-2580,5580,-515,164,-101,0
1679.2170860767365,10512,4684,11216,-144,-60,103,9588,-10072,7988,-109,146,-172,-14772,4748,2644,-988,100,-85,-14960,-2584,5644,-501,105,-99,0
1679.2523591518402,10616,4540,10872,-131,-8,89,9616,-10156,8048,-71,172,-154,-14840,4732,2392,-1016,80,-29,-14900,-2784,5544,-551,124,-148,0
1679.2880511283875,10720,4736,10756,-208,-27,96,9696,-10104,8236,-23,179,-172,-14752,4716,2848,-993,96,-68,-14864,-2664,5700,-519,136,-133,0
1679.323676109314,10536,4624,11016,-108,-21,50,9672,-10088,8136,-92,190,-170,-14836,4632,2744,-1019,81,-100,-14876,-2536,5564,-487,131,-123,0
1679.3588960170746,10248,4608,10872,-226,-67,39,9152,-10080,8164,13,332,-235,-14700,4752,2728,-1013,92,-83,-15052,-2492,5588,-257,156,-120,0
1679.3938670158386,10544,4680,11064,-209,-34,73,9572,-10072,8108,3,189,-201,-14784,4748,2676,-1028,84,-100,-14944,-2552,5472,-487,136,-123,0
1679.4292600154877,10460,4628,11048,-195,-30,64,9652,-10120,8128,-16,205,-164,-14772,4744,2604,-980,47,-118,-14936,-2596,5660,-533,113,-126,0
1679.4644989967346,10588,4548,10816,-271,-69,70,9520,-10236,8220,20,249,-201,-14828,4748,2584,-933,60,-129,-15060,-2640,5784,-501,121,-106,0
1679.500643014908,10416,4852,10912,-297,-134,98,9572,-10124,7956,-7,230,-227,-14732,4712,2756,-921,67,-138,-14772,-2608,5564,-493,211,-120,0
1679.5371069908142,10440,4852,11068,-289,-206,99,9500,-10052,8096,20,188,-248,-15040,4716,2776,-926,95,-186,-15104,-2800,5612,-473,237,-88,0
1679.5723011493683,10272,4576,11256,-303,-216,113,9616,-10060,8140,1,176,-237,-14652,4716,2732,-955,110,-144,-14852,-2556,5616,-451,213,-85,0
1679.6081039905548,10576,4372,11200,-319,-176,142,9608,-10236,7936,-29,162,-205,-14844,4688,2852,-971,119,-79,-14616,-2596,5640,-463,166,-21,0
1679.6433830261233,10604,4600,11216,-364,-173,190,9600,-10020,7992,-26,127,-178,-14764,4408,2804,-991,148,-128,-14824,-2548,5592,-463,201,-6,0
1679.6788680553436,10300,4356,10804,-348,-205,203,9556,-10084,8232,-28,97,-217,-14716,4648,2672,-980,213,-135,-14820,-2588,5552,-477,211,-6,0
1679.7143731117249,10516,4576,10848,-273,-214,0,9620,-10016,8128,-45,61,-206,-14760,4596,2720,-1008,224,-113,-14908,-2568,5632,-458,204,9,0
1679.7501969337463,10568,4544,10932,-233,-214,237,9680,-10112,8128,-75,68,-207,-14808,4752,2616,-952,185,-82,-14916,-2508,5448,-456,131,-5,0
1679.785367012024,10668,4512,10836,-278,-137,218,9924,-10076,7964,-47,87,-174,-14812,4624,2488,-990,135,-44,-14952,-2576,5556,-479,137,-45,0
1679.8212771415713,10888,4596,10960,-349,-161,205,9668,-10120,8008,-41,122,-166,-14844,4428,2808,-972,127,-38,-14820,-2596,5648,-468,123,-76,0
1679.854730129242,10680,4540,10604,-203,-102,155,9628,-10192,8168,-90,128,-157,-14872,4644,2720,-993,139,-81,-14888,-2412,5552,-461,114,-68,0
1679.8881170749664,10672,4468,11036,-280,-133,150,9608,-10220,8004,-20,35,-198,-14736,4848,2576,-1015,191,-123,-14892,-2560,5624,-494,161,-49,0
1679.9219250679016,10524,4512,10836,-221,-161,213,9568,-10104,7940,-7,46,-214,-14780,4700,2484,-1020,182,-107,-14892,-2608,5480,-767,155,-55,0
1679.9553420543673,10532,4432,10844,-123,-111,183,9652,-10080,8088,-49,49,-186,-14732,4724,2604,-1040,147,-84,-14828,-2540,5596,-529,114,-88,0
1679.988893032074,10668,4364,10888,-128,-92,139,9708,-10176,8076,-88,68,-171,-14996,4660,2624,-987,109,-78,-14904,-2768,5500,-258,94,-122,0
1680.0223939418793,10628,4556,10776,-146,-51,107,9672,-10012,8120,-65,144,-136,-15024,4392,2600,-986,41,-78,-14656,-2624,5528,-524,60,-150,0
1680.0557720661163,10688,4440,10952,-97,-31,87,9680,-10108,8384,-61,137,-150,-14724,4604,2696,-1026,43,-62,-14656,-2528,5476,-525,107,-175,0
1680.0892639160156,10748,4436,10860,-85,-29,56,9580,-10064,8072,-84,190,-157,-14688,4664,2792,-996,30,-78,-14844,-2640,5536,-490,132,-136,0
1680.1228539943695,10568,4484,10840,-93,-6,69,9596,-10124,8128,-59,177,-185,-14844,4744,2644,-1012,34,-83,-14832,-2560,5692,-501,172,-136,0
1680.1559541225433,10648,4508,10972,-108,-79,105,9624,-10184,8216,-40,175,-154,-14828,4772,2684,-1021,53,-100,-14900,-2520,5656,-502,168,-106,0
1680.1892280578613,10616,4656,10920,-114,-63,118,9628,-10124,8104,-47,118,-175,-14720,4728,2632,-1026,68,-91,-14896,-2544,5644,-503,154,-118,0
1680.222974061966,10564,4560,10996,-117,-20,107,9580,-10048,8044,-87,108,-162,-14688,4804,2576,-1007,119,-7,-15028,-2500,5544,-509,89,-152,0
1680.256546974182,10324,4508,10888,-96,28,128,9568,-10068,8032,-95,130,-131,-14768,4680,2608,-1002,85,-8,-14776,-2544,5520,-257,62,-113,0
1680.2901220321655,10728,4596,10948,-100,39,133,9724,-10160,8160,-85,85,-122,-14752,4660,2700,-1001,99,-38,-14864,-2632,5456,-261,104,-116,0
1680.3237199783323,10744,4604,11116,-72,25,148,9700,-10156,8116,-68,27,-159,-14656,4712,2632,-1038,120,-88,-14872,-2560,5492,-496,128,-104,0
1680.357253074646,10772,4484,10984,-75,-17,136,9404,-10196,8044,-89,114,-180,-14796,4592,2652,-1019,128,-67,-14840,-2540,5492,-515,165,-91,0
1680.390764951706,10580,4616,10968,-93,-59,142,9616,-10160,8108,-101,93,-174,-14756,4740,2652,-1036,152,-72,-14816,-2468,5544,-505,154,-124,0
1680.4243779182434,10612,4480,11040,-83,-41,147,9720,-10124,8016,-83,93,-172,-14852,4688,2816,-1018,115,-25,-14952,-2532,5808,-534,160,-117,0
1680.45769906044,10704,4424,10852,-75,-20,113,9660,-10208,8160,-54,111,-136,-14788,4660,2668,-1019,77,-52,-15088,-2552,5592,-505,126,-178,0
1680.4913339614868,10604,4540,10964,-114,13,114,9556,-10152,8100,-43,157,-152,-14740,4716,2580,-1274,65,-110,-14836,-2588,5696,-490,124,-124,0
1680.5249359607697,10584,4568,10996,-118,-239,82,9672,-10116,7964,-51,138,-149,-14764,4704,2720,-1036,55,-82,-14908,-2616,5740,-767,107,-150,0
1680.558640956879,10532,4352,10768,-115,-247,95,9644,-10132,7988,-51,177,-161,-14712,4824,2700,-1019,58,-67,-14780,-2676,5540,-521,115,-161,0
1680.592129945755,10484,4504,10996,-140,-12,77,9652,-10188,8188,-48,159,-163,-14728,4724,2620,-1012,46,-66,-14872,-2552,5616,-505,151,-122,0
1680.62571310997,10552,4496,10936,-162,-62,103,9588,-10164,7788,-38,169,-196,-14788,4700,2696,-998,102,-110,-14928,-2556,5468,-469,157,-76,0
1680.6587431430817,10516,4616,11068,-1,-144,113,9704,-10476,8032,-24,164,-250,-14776,4788,2792,-947,130,-174,-14924,-2600,5424,-425,188,-74,0
1680.7096281051636,10568,4596,11076,-207,-178,119,9612,-10024,8164,-34,173,-196,-14744,4736,2656,-934,77,-113,-15092,-2448,5552,-481,114,-114,0
1680.754203081131,10452,4504,10940,-251,-165,162,9588,-10160,8024,32,149,-167,-14712,4360,2716,-1002,74,-146,-14896,-2568,5536,-459,184,-75,0
1680.7875120639799,10552,4704,10796,-237,-166,147,9600,-10008,8120,-34,156,-174,-14840,4600,2656,-991,99,-161,-14796,-2460,5404,-455,173,-70,0
1680.82097697258,10520,4540,10904,-239,-177,124,9524,-10056,8040,-252,163,-234,-14844,4616,2628,-1014,125,-136,-14964,-2456,5552,-456,237,-69,0
1680.8581781387327,10660,4612,10892,-293,-190,191,9700,-10056,8100,25,157,-194,-14624,4616,2688,-1007,104,-94,-14912,-2604,5608,-464,198,-73,0
1680.8935260772703,10660,4544,10936,-249,-144,139,9692,-10176,8072,-23,167,-170,-14876,4748,2616,-985,90,-99,-14980,-2368,5452,-483,158,-102,0
1680.9293739795685,10532,4640,10920,-241,-106,117,9520,-10148,8136,-11,146,-187,-14736,4688,2808,-938,90,-79,-14792,-2688,5640,-486,158,-80,0
1680.9643959999084,10328,4556,11140,-285,-165,148,9644,-10120,8096,-1,167,-189,-14696,4672,2796,-956,90,-91,-14832,-2572,5608,-486,182,-92,0
1681.000256061554,10540,4412,11072,-233,-180,127,9516,-10080,7792,-10,170,-221,-14756,4708,2728,-972,85,-80,-14716,-2516,5392,-469,207,-113,0
1681.035161972046,10456,4516,10964,-262,-215,149,9524,-10128,8116,-23,109,-232,-14776,4764,2584,-957,145,-174,-14860,-2524,5560,-478,187,-60,0
1681.0704309940338,10656,4548,10828,-210,-154,183,9604,-10152,7980,-19,130,-199,-14832,4716,2608,-977,108,-95,-15100,-2524,5564,-476,145,-63,0
1681.1058220863342,10592,4424,10876,-183,-130,153,9564,-10164,7916,-31,118,-171,-14692,4772,2564,-1012,119,-116,-14908,-2396,5492,-484,175,-79,0
1681.1412291526794,10548,4420,10940,-144,-108,164,9568,-10220,8000,-44,86,-185,-14752,4656,2708,-1019,129,-70,-14924,-2612,5576,-491,190,-81,0
1681.1775779724119,10632,4516,10876,-96,-94,152,9556,-9772,8084,-91,123,-204,-14840,4724,2632,-998,120,-47,-14896,-2644,5448,-501,171,-88,0
1681.2127990722656,10664,4460,10836,-91,-86,64,9656,-10088,7684,-80,130,-217,-14744,4608,2608,-775,87,-106,-14952,-2552,5676,-492,182,-135,0
1681.2492489814758,10632,4484,10888,-96,-59,60,9592,-10156,8176,-77,135,-190,-14880,4588,2676,-1048,85,-63,-14828,-2524,5656,-257,182,-155,0
1681.2839469909668,10692,4544,10984,-48,-36,101,9612,-10096,8048,-57,136,-197,-14744,4744,2620,-1023,84,-99,-14928,-2476,5552,-507,165,-136,0
1681.3197391033173,10740,4432,10848,-66,-35,98,9772,-10116,7892,-54,37,-193,-14776,4744,2588,-1087,100,-80,-14864,-2652,5700,-500,202,-129,0
1681.3580191135409,10720,4400,10960,-113,-75,110,9572,-10164,8112,-64,120,-193,-14760,4772,2604,-995,115,-96,-14940,-2812,5844,-477,164,-115,0
1681.393886089325,10572,4496,10596,-25,243,114,9504,-10112,8148,-119,135,-146,-14812,4720,2644,-970,94,-74,-14856,-2580,5448,-536,86,-135,0
1681.4296810626984,10596,4468,11240,-70,20,71,9652,-10152,7964,-49,152,-121,-14736,4764,2784,-1014,42,-54,-14948,-2524,5548,-530,127,-126,0
1681.4649319648745,10520,4676,10884,-113,12,134,9640,-10088,8304,-93,119,-127,-14848,4592,2564,-1003,97,-30,-14904,-2636,5488,-467,88,-116,0
1681.5006940364838,10612,4600,11004,-59,27,88,9348,-10220,8120,-122,306,-119,-15092,4688,2592,-976,75,-59,-14916,-2536,5384,-475,117,-115,0
1681.534222126007,10692,4480,10856,-138,-14,122,9532,-10120,8048,-64,129,-150,-14760,4680,2348,-1006,92,-98,-15104,-2400,5528,-473,122,-94,0
1681.5677590370178,10716,4564,10628,-104,-25,113,9592,-9988,8084,-43,153,-145,-14816,4636,2648,-1050,98,-74,-14892,-2464,5812,-484,136,-93,0
1681.6012980937958,10560,4480,11036,-176,-46,97,9504,-10088,7864,250,145,-151,-14792,4740,2632,-995,131,-89,-14864,-2516,5712,-452,114,-79,0
1681.6347360610962,10588,4596,11100,-252,-85,124,9580,-10188,8072,-7,149,-172,-14644,4868,2628,-946,165,-103,-14896,-2800,5692,-467,195,-68,0
1681.6680269241333,10240,4432,10776,-239,-201,169,9540,-10136,7944,4,150,-191,-14704,5028,2660,-940,146,-171,-14804,-2700,5384,-459,182,-60,0
1681.7014870643616,10572,4464,10932,-308,-246,187,9524,-10264,7748,55,135,-255,-14676,4752,2620,-956,176,-200,-14712,-2552,5644,-465,242,-30,0
1681.7353010177612,10556,4504,10892,-238,-258,182,9500,-10168,8008,5,94,-263,-14700,4740,2752,-927,153,-129,-14856,-2580,5560,-444,246,-61,0
1681.768816947937,10680,4552,10912,-171,-226,153,9636,-10200,7972,-37,139,-241,-14844,4656,2720,-932,154,-113,-14928,-2508,5444,-439,170,-99,0
1681.8019840717316,10672,4472,10960,-148,-131,126,9712,-10404,8008,-9,135,-229,-14876,4640,2524,-1001,92,-136,-14912,-2552,5444,-463,179,-128,0
1681.8355441093445,10564,4548,10808,-94,-81,95,9764,-10052,8056,-7,146,-200,-14968,4372,2648,-1033,82,-102,-14952,-2564,5412,-512,191,-133,0
1681.8689680099487,10584,4532,10764,-79,-66,72,9652,-9836,7988,-34,137,-202,-14848,4528,2704,-1032,89,-63,-15100,-2476,5468,-477,218,-126,0
1681.9023699760435,10532,4592,10912,-107,-45,80,9624,-10236,7992,-26,161,-204,-14720,4552,2636,-1014,99,-89,-14748,-2604,5540,-452,227,-114,0
1681.9360830783844,10632,4576,10864,-162,-110,120,9496,-10076,8364,-35,116,-206,-14792,4772,2628,-1024,71,-91,-14808,-2372,5404,-469,196,-79,0
1681.9696221351624,10556,4664,11052,-184,-75,114,9564,-10196,8056,-46,117,-175,-14828,4812,2920,-1004,86,-110,-14920,-2532,5600,-486,160,-115,0
1682.0031819343567,10528,4544,10840,-141,-88,129,9484,-10248,8076,-22,144,-165,-14828,4668,2792,-996,119,-85,-14748,-2540,5532,-496,155,-125,0
1682.0368890762327,10728,4552,10920,-131,-101,118,9496,-10116,8028,-70,111,-168,-14648,4748,2920,-1013,108,-78,-14872,-2552,5592,-457,136,-66,0
1682.070151090622,10492,4508,10928,-123,-51,134,9576,-10208,8184,-108,125,-160,-14660,4708,2616,-971,129,-64,-14908,-2456,5640,-471,117,-98,0
1682.1038229465485,10572,4356,10976,-132,-43,163,9688,-10200,7716,-39,130,-143,-14632,4736,2632,-1034,118,-80,-14880,-2488,5472,-489,159,-92,0
1682.1373081207275,10552,4532,10912,-169,-104,164,9616,-10116,8032,-53,110,-162,-14892,4732,2660,-980,134,-98,-14936,-2636,5348,-448,150,-90,0
1682.1706609725952,10720,4564,10864,-100,-36,118,9680,-10128,8076,-97,141,-200,-14860,4724,2628,-967,116,-96,-14960,-2540,5476,-461,140,-134,0
1682.2042689323423,10728,4472,10840,-168,-82,93,9564,-10124,7960,-33,168,-194,-14776,4364,2652,-1019,74,-63,-14788,-2452,5304,-451,153,-127,0
1682.2379050254822,10528,4400,10816,-149,-35,97,9584,-10112,8180,-28,141,-155,-14652,4688,2576,-1037,31,-41,-14744,-2500,5576,-459,131,-113,0
1682.2714030742643,10580,4360,11216,-122,3,102,9612,-10156,8136,-42,171,-139,-14744,4632,2636,-984,4,-64,-14892,-2584,5592,-459,111,-162,0
1682.3045139312744,10584,4528,10944,-169,-18,55,9520,-10116,8076,-31,194,-181,-14752,4736,2700,-993,78,-104,-14864,-2564,5632,-460,150,-128,0
1682.3381669521332,10552,4576,10768,-193,-87,96,9564,-10076,7944,-61,188,-186,-14764,4656,2700,-973,93,-116,-14808,-2756,5496,-470,145,-156,0
1682.3719460964203,10488,4504,11040,-129,-64,120,9540,-10084,8240,-67,128,-196,-14824,4700,2808,-1018,103,-25,-14936,-2816,5460,-487,168,-111,0
1682.405324935913,10572,4488,10996,-201,-72,158,9532,-10188,7976,-42,117,-176,-14708,4764,2388,-1052,156,-105,-14596,-2468,5472,-495,172,-108,0
1682.439054965973,10612,4460,10808,-146,-92,179,9544,-10172,8144,-50,101,-182,-14804,4684,2608,-1020,172,-88,-14760,-2560,5524,-502,189,240,0
1682.4723601341248,10564,4524,10880,-161,-101,192,9680,-10244,8040,-16,56,-175,-14772,4692,2580,-997,165,-115,-14884,-2696,5588,-476,179,-80,0
1682.5053441524506,10740,4520,11092,-152,-81,166,9600,-10132,8076,-56,111,-196,-14848,4664,2596,-1010,168,-172,-15028,-2512,5436,-480,190,-85,0
1682.543287038803,10680,4496,11068,-113,-94,104,9716,-10160,7964,-37,155,-206,-14872,4636,2560,-998,53,-87,-14960,-2776,5436,-483,167,-132,0
1682.5788049697876,10692,4512,10764,-166,-81,54,9592,-10076,8056,-25,187,-187,-14788,4672,2812,-980,52,-103,-15092,-2428,5332,-467,153,-167,0
1682.6138501167295,10588,4476,10972,-186,-35,44,9584,-10292,7972,-63,190,-203,-14800,4704,2372,-968,88,-62,-14956,-2400,5592,-447,189,-156,0
1682.6496629714966,10656,4436,11112,-161,-92,92,9532,-10268,7972,-53,133,-208,-14696,4732,2560,-991,103,-98,-14840,-2384,5648,-497,171,-117,0
1682.6850850582123,10664,4500,11120,-133,-57,133,9576,-10120,8048,-43,114,-198,-14768,4684,2920,-1017,102,-95,-14880,-2428,5492,-260,132,-111,0
1682.7212121486664,10588,4368,10848,-129,-74,119,9584,-10108,8028,-22,130,-166,-14780,4704,2632,-1018,73,-86,-14976,-2784,5532,-492,157,-71,0
1682.7572009563446,10508,4856,10812,-173,-103,119,9520,-10100,8008,-26,125,-179,-14776,4704,2584,-994,98,-81,-14912,-2536,5484,-475,124,-106,0
1682.7922661304474,10568,4552,10764,-144,-60,145,9652,-10284,8064,-55,116,-155,-14752,4664,2788,-771,99,-74,-14892,-2560,5532,-479,93,-112,0
1682.8279991149902,10596,4544,10988,-177,-64,141,9584,-10140,7848,-6,127,-175,-14796,4640,2724,-1004,123,-89,-14780,-2672,5452,-480,139,-120,0
1682.8634901046753,10524,4704,10740,-123,-46,128,9596,-10076,8052,-44,98,-167,-14740,4668,2604,-1019,99,-111,-14876,-2568,5432,-480,129,-116,0
1682.8988010883331,10564,4568,10804,-161,-100,104,9872,-10160,8144,-34,133,-189,-14788,4624,2556,-1039,106,-82,-14708,-2432,5432,-462,161,-121,0
1682.9333760738373,10632,4532,10852,-188,-73,103,9516,-10152,7944,-28,133,-182,-14732,4700,2592,-1023,87,-64,-14708,-2328,5520,-469,196,-107,0
1682.9691569805143,10540,4472,10812,-99,-72,125,9560,-10128,8028,-30,116,-166,-14824,4768,2704,-775,111,-87,-14664,-2416,5472,-499,104,-138,0
1683.0042290687559,10564,4484,10980,-130,-46,112,9532,-10244,8088,-36,140,-141,-14712,4724,2784,-997,84,-27,-14884,-2516,5552,-764,140,-119,0
1683.0397310256958,10436,4468,11136,-165,-71,113,9564,-10144,8132,-39,173,-167,-14740,4676,2556,-992,114,-103,-14900,-2452,5352,-512,132,-111,0
1683.0749099254608,10532,4500,11256,-133,-45,145,9568,-10160,8008,-40,103,-184,-14744,4696,2580,-1011,139,-58,-14916,-2540,5208,-504,143,-87,0
1683.1106159687042,10580,4568,11152,-137,-72,130,9592,-10156,7920,-52,121,-185,-14696,4668,2676,-997,113,-106,-14936,-2484,5496,-505,173,-114,0
1683.146098136902,10648,4568,10768,-142,-56,109,9540,-10224,8020,-23,136,-210,-14780,4712,2692,-1006,57,-80,-14604,-2616,5460,-469,180,-109,0
1683.182708978653,10656,4568,10984,-180,-71,85,9588,-10184,8044,-6,148,-176,-14772,4688,2636,-1002,111,-130,-14900,-2608,5504,-449,160,-106,0
1683.2163760662079,10268,4480,11004,-177,-101,112,9536,-10180,8048,-13,131,-226,-14732,4848,2380,-1006,136,-101,-14900,-2588,5484,-484,183,-111,0
1683.2499871253967,10596,4572,10892,-185,-120,114,9484,-10180,8096,-30,139,-192,-14736,4732,2628,-994,88,-103,-14944,-2564,5520,-496,156,-118,0
1683.283597946167,10520,4472,11092,-180,-84,105,9684,-10296,8104,-4,180,-171,-14688,4860,2420,-994,50,-45,-14896,-2336,5608,-483,193,-97,0
1683.3172399997711,10544,4452,10872,-193,-94,120,9640,-10228,8056,-9,156,-208,-14748,4700,2668,-997,111,-104,-14916,-2520,5620,-471,190,-84,0
1683.3508269786835,10620,4508,11244,-195,-121,130,9420,-10228,7976,-33,104,-220,-14784,4652,2792,-971,148,-147,-14960,-2364,5496,-479,194,-101,0
1683.3842339515686,10696,4480,10592,-153,-127,136,9588,-10132,8260,-24,76,-217,-14896,4820,2684,-1023,129,-114,-14904,-2516,5548,-490,171,-70,0
1683.417639017105,10560,4520,10996,-148,-81,133,9596,-10136,8160,-50,129,-168,-14784,4652,2544,-1009,91,-80,-14856,-2464,5476,-516,148,-128,0
1683.4511840343475,10680,4556,10772,-154,-71,110,9604,-10104,8080,-20,123,-181,-14840,4364,2644,-999,58,-82,-15020,-2456,5364,-500,110,-142,0
1683.4847500324247,10668,4492,10960,-173,-41,109,9612,-10196,8044,-19,153,-153,-14764,4636,2540,-1029,58,-40,-15044,-2516,5408,-490,121,-110,0
1683.5182790756226,10480,4572,10940,-172,-58,117,9644,-10076,8048,-58,122,-150,-14768,4600,2744,-1005,92,-94,-14920,-2544,5532,-482,154,-113,0
1683.5519459247587,10504,4540,10872,-138,-100,119,9968,-10264,8104,-184,246,-179,-14712,4684,2728,-983,115,-51,-14916,-2484,5592,-488,174,-116,0
1683.5854921340945,10632,4476,10764,-117,-66,137,9496,-10144,8036,-88,107,-165,-14812,4784,2564,-975,112,-32,-15008,-2556,5464,-504,101,-112,0
1683.6191380023956,10596,4424,10824,-105,-252,113,9632,-10384,8008,-13,154,-162,-14700,4704,2580,-1042,43,-26,-14804,-2500,5424,-549,120,-140,0
1683.6524860858915,10540,4528,10816,-163,-50,143,9680,-10176,8056,-12,144,-154,-14736,4692,2772,-1042,69,-88,-14632,-2592,5556,-482,147,-121,0
1683.6861050128937,10608,4532,10976,-91,-57,113,9520,-10432,8148,-81,140,-196,-14848,4592,2644,-1000,83,-116,-14924,-2532,5548,-500,172,-126,0
1683.7201790809631,10724,4436,10928,-157,-100,76,9616,-10232,7952,-19,171,-210,-14756,4748,2616,-1043,88,-138,-14848,-2396,5428,-487,187,-160,0
1683.753410100937,10548,4480,10852,-73,-52,67,9376,-10084,7936,38,171,-164,-14756,4720,2588,-776,102,-112,-14868,-2588,5668,-503,166,-155,0
1683.7869539260864,10744,4468,10724,-106,-55,90,9512,-10236,8064,-29,147,-184,-14756,4708,2508,-1038,59,-60,-14908,-2600,5504,-516,167,-115,0
1683.820405960083,10564,4544,11176,-159,-82,99,9560,-10168,7972,-44,134,-192,-14788,4876,2988,-974,55,-91,-15020,-2572,5524,-457,156,-115,0
1683.853965997696,10276,4580,10988,-171,-106,117,9496,-10188,8084,-35,137,-206,-14720,4608,2552,-998,103,-146,-14856,-2476,5516,-490,199,-118,0
1683.887694120407,10692,4536,10916,-130,-121,121,9640,-10172,7992,-17,132,-207,-14800,4536,2612,-1006,109,-151,-14900,-2456,5480,-500,208,-112,0
1683.921185016632,10580,4688,10772,-165,-141,121,9488,-10148,8000,-33,133,-213,-14728,4408,2328,-1280,143,-176,-14924,-2568,5472,-499,199,-91,0
1683.9545860290527,10744,4568,10980,-155,-146,161,9572,-10192,7928,-29,77,-222,-14716,4732,2592,-991,162,-104,-14848,-2480,5568,-498,211,-66,0
1683.9884381294253,10636,4620,10820,-145,-151,171,9552,-10292,8176,-87,72,-201,-14852,4692,2604,-951,191,-81,-15004,-2584,5464,-499,162,-87,0
1684.0219111442566,10628,4468,10756,-138,-52,150,9892,-10056,7988,-83,130,-169,-14868,4644,2720,-970,116,-57,-14996,-2544,5580,-494,132,-104,0
1684.0556430816653,10760,4456,10992,-133,-3,126,9572,-10080,8144,-122,161,-117,-14836,4628,2652,-1018,91,-36,-14960,-2440,5464,-534,66,-125,0
1684.0892391204834,10808,4520,10776,-86,32,110,9800,-10268,8068,-88,159,-121,-14848,4696,2536,-1046,83,-51,-14952,-2744,5512,-521,83,-119,0
1684.1226561069489,10612,4560,10976,-130,36,103,9648,-10304,7920,-72,148,-150,-15008,4720,2592,-979,121,-27,-14916,-2444,5504,-522,156,-112,0
1684.156084060669,10260,4500,10784,-146,-28,88,9612,-10332,8104,-46,172,-182,-14720,4704,2600,-1015,128,-80,-14884,-2460,5436,-524,158,-139,0
1684.1922459602356,10504,4492,10792,-99,-50,90,9552,-10180,8036,-40,134,-167,-14744,4656,2776,-1003,77,-84,-14916,-2572,5592,-558,132,-139,0
1684.2280571460724,10488,4548,10860,-120,-12,88,9512,-10224,7956,-256,162,-165,-14784,4736,2564,-1008,82,-58,-14908,-2384,5552,-552,103,-159,0
1684.2636821269987,10564,4572,10836,-108,11,62,9696,-10284,8116,21,183,-125,-14768,4676,2904,-937,-18,-111,-14924,-2308,5384,-499,130,-139,0
1684.2997000217438,10444,4624,10868,-123,-19,66,9496,-10160,8120,-110,100,-165,-14720,4660,2788,-1013,125,-64,-14924,-2568,5584,-494,150,-110,0
1684.33495593071,10552,4588,10892,-111,-57,89,9640,-10224,8052,-67,126,-210,-14664,4740,2724,-1009,122,-138,-14856,-2560,5528,-479,215,-126,0
1684.3702650070193,10508,4520,10892,-108,-117,104,9568,-10128,7992,-29,145,-234,-14812,4696,2608,-991,108,-125,-14904,-2456,5548,-485,217,-118,0
1684.4050660133362,10520,4356,10968,-106,-105,118,9580,-10200,8068,-54,125,-215,-14812,4748,2412,-1002,115,-139,-15088,-2460,5596,-488,191,-139,0
1684.4408569335938,10636,4644,10840,-141,-58,86,9592,-10128,8108,-60,146,-188,-14624,4412,2624,-784,101,-53,-14892,-2424,5140,-493,182,-131,0
1684.4771590232847,10564,4580,10856,-125,-5,94,9692,-10476,8000,-60,174,-160,-14704,4668,2488,-1065,98,-51,-14964,-2416,5604,-521,132,-132,0
1684.5122740268707,10616,4624,11004,-116,25,97,9616,-10140,7936,-66,159,-169,-14872,4684,2712,-1061,112,-92,-14932,-2588,5524,-528,119,-104,0
1684.5484640598295,10548,4680,10976,-139,15,100,9660,-10076,8072,-75,204,-152,-15016,4656,2652,-937,92,-58,-14928,-2368,5508,-493,133,-96,0
1684.5836980342865,10456,4596,10972,-221,-35,104,9508,-10172,8028,-69,188,-165,-14728,4724,2640,-980,112,-109,-14864,-2500,5668,-457,134,-86,0
1684.6197030544279,10504,4604,11256,-264,-78,174,9520,-10280,8004,-32,183,-154,-14768,5028,2668,-953,129,-89,-14860,-2364,5576,-466,95,-45,0
1684.6551749706268,10244,4464,11028,-275,-76,170,9408,-10336,8068,1,145,-168,-14756,4816,2728,-978,148,-105,-14828,-2536,5468,-497,160,-81,0
1684.6907489299774,10384,4480,11204,-309,-144,165,9440,-10048,8016,6,181,-196,-14736,4748,2640,-964,131,-143,-14856,-2544,5596,-447,167,-55,0
1684.7273230552673,10452,4564,10968,-286,-135,143,9448,-10220,8032,4,130,-246,-14744,4740,2528,-967,143,-85,-14852,-2440,5460,-443,230,-57,0
1684.7621910572052,10508,4428,10872,-361,-228,136,9616,-9996,8004,35,178,-239,-14732,4612,2672,-968,147,-169,-14868,-2460,5356,-444,229,-40,0
1684.7981250286102,10564,4516,10828,-317,-226,159,9616,-10192,7964,40,138,-230,-14788,4692,2400,-963,136,-178,-14980,-2604,5448,-454,215,-52,0
1684.833253145218,10660,4604,10812,-302,-206,148,9612,-10156,8084,25,197,-254,-14880,4400,2608,-950,168,-100,-14920,-2500,5616,-431,182,-73,0
1684.868684053421,10656,4568,10888,-328,-245,162,9560,-10228,8008,25,151,-238,-14672,4540,2448,-913,150,-136,-14896,-2444,5336,-468,211,-51,0
1684.902065038681,10536,4468,10780,-265,-237,174,9524,-10160,8108,-8,167,-237,-14744,4668,2648,-969,182,-131,-14892,-2464,5412,-465,184,-57,0
1684.9357039928436,10624,4488,10996,-197,-163,167,9520,-10112,8428,-26,120,-222,-14776,4716,2440,-985,203,-135,-14936,-2324,5360,-484,181,-71,0
1684.969139099121,10636,4416,10908,-147,-143,136,9508,-10052,8036,-66,165,-214,-14868,4768,2548,-1011,141,-48,-14932,-2516,5524,-523,122,-122,0
1685.0025379657743,10668,4484,10920,-97,18,123,9620,-10168,7972,-71,100,-123,-14872,4652,2528,-1040,82,-254,-14948,-2424,5336,-545,88,-141,0
1685.0361161231995,10600,4504,10740,-146,6,95,9600,-10140,8044,-36,146,-101,-14752,4672,2512,-1072,107,-45,-14820,-2404,5288,-530,124,-126,0
1685.0695660114288,10584,4416,10928,-71,33,98,9524,-10232,7960,-3,95,-134,-14744,4640,2732,-1055,130,-91,-14924,-2572,5536,-766,195,-105,0
1685.1030790805817,10456,4484,10892,-119,-100,100,9444,-10172,8208,-21,110,-229,-14804,4588,2592,-1002,107,-139,-14912,-2560,5476,-502,207,-116,0
1685.1364150047302,10492,4424,10836,-129,-128,88,9460,-10268,8076,-34,138,-246,-14768,4692,2612,-971,89,-100,-14916,-2600,5472,-489,173,-137,0
1685.16978597641,10572,4368,10840,-136,-98,32,9568,-10168,7976,-41,185,-231,-14616,4648,2324,-935,21,-114,-14996,-2492,5388,-501,145,-197,0
1685.2033431529999,10584,4384,11000,-186,-66,26,9536,-10168,8088,-15,222,-201,-14744,4732,2484,-971,22,-114,-14872,-2472,5516,-450,155,-166,0
1685.2366709709167,10300,4512,11048,-186,-30,65,9512,-10040,7944,-14,218,-195,-14664,4672,2660,-972,85,-131,-14784,-2428,5412,-442,170,-96,0
1685.270092010498,10268,4468,11256,-170,-67,99,9476,-10224,8136,-9,152,-221,-14808,4664,2696,-974,124,-104,-14936,-2500,5408,-469,201,-61,0
1685.3037519454956,10628,4532,10764,-191,-109,140,9500,-10104,8148,-9,116,-224,-14740,4624,2416,-997,162,-98,-14916,-2484,5352,-483,205,-102,0
1685.337389945984,10672,4552,10980,-163,-134,187,9544,-10072,8104,-54,130,-217,-14796,4420,2316,-1007,185,-106,-15024,-2584,5400,-465,195,-77,0
1685.3707571029663,10720,4800,10996,-181,-96,168,9552,-10048,8108,-87,100,-155,-14916,4748,2468,-977,149,-70,-14968,-2508,5340,-470,104,-46,0
1685.4044489860535,10692,4572,10856,-164,-44,162,9584,-10108,8148,-93,92,-120,-14876,4696,2656,-1013,134,-42,-14940,-2368,5324,-487,49,-91,0
1685.437761068344,10584,4600,10844,-248,-14,160,9568,-10056,8020,-62,76,-96,-14808,4596,2496,-1036,139,-241,-15024,-2540,5328,-473,79,-43,0
1685.47127699852,10636,4500,10856,-146,20,187,9508,-10140,7944,-99,78,-108,-14864,4732,2508,-1038,145,-33,-14976,-2556,5276,-480,74,-83,0
1685.5048229694369,10688,4476,11000,-175,251,181,9612,-9988,8000,-80,101,-126,-14652,4752,2524,-1049,148,-25,-14916,-2316,5468,-504,112,-81,0
1685.5384471416473,10648,4312,10856,-149,-33,160,9528,-10164,8112,-65,79,-148,-14712,4812,2304,-1046,168,-69,-14944,-2336,5520,-536,146,-62,0
1685.571851015091,10568,4420,10964,-63,-16,190,9532,-10212,7952,-74,79,-131,-14760,4736,2584,-1073,125,248,-14960,-2552,5636,-546,111,-135,0
1685.60546708107,10516,4404,11092,-107,39,100,9592,-10200,7980,-73,132,-128,-14724,4708,2512,-989,90,-38,-14916,-2412,5540,-531,91,-143,0
1685.6392290592194,10540,4172,11088,-171,5,43,9600,-10280,7964,-44,202,-137,-14888,4804,2624,-996,66,-81,-14860,-2404,5400,-491,107,-207,0
1685.6724960803986,10528,4452,11008,-122,-12,45,9288,-10248,8040,-15,216,-209,-14772,4656,2624,-1014,67,-143,-14872,-2416,5324,-482,177,-169,0
1685.705992937088,10296,4448,11236,-168,-34,5,9504,-10220,7984,8,194,-231,-14672,4768,2428,-1019,85,-147,-14780,-2392,5568,-460,217,-156,0
1685.73974108696,10436,4776,10912,-145,-98,37,9492,-10176,7960,-37,186,-253,-14764,4696,2688,-1013,88,-148,-14828,-2472,5512,-474,253,-130,0
1685.7732961177826,10456,4508,10932,-149,-87,63,9460,-10176,8176,-24,155,-265,-14796,4716,2748,-1034,112,-124,-14956,-2476,5488,-459,223,-122,0
1685.8070371150973,10544,4536,10784,-151,-102,128,9496,-10028,8004,-21,129,-247,-14820,4688,2492,-979,128,-108,-14936,-2436,5476,-475,200,-62,0
1685.8405530452728,10624,4572,10960,-146,-87,129,9488,-10056,8024,-42,123,-187,-14872,4548,2528,-999,133,-100,-14964,-2392,5316,-483,166,-49,0
1685.8773419857023,10600,4568,10900,-198,-64,190,9636,-10072,8080,-67,99,-162,-14840,4684,2384,-1013,135,-30,-15032,-2480,5128,-762,113,-31,0
1685.9124479293823,10556,4500,10868,-177,-63,209,9652,-10092,7960,-90,76,-143,-14916,4640,2592,-1005,155,-3,-14936,-2436,5344,-497,104,-48,0
1685.948626995087,10704,4428,10828,-153,-23,218,9544,-10140,8008,-109,64,-113,-14928,4628,2508,-1276,173,8,-14940,-2496,5316,-495,83,-59,0
1685.9836571216583,10584,4504,10880,-168,3,171,9596,-10252,8044,-74,75,-125,-14908,4676,2648,-1043,123,-30,-14948,-2456,5204,-502,118,-58,0
1686.0196299552917,10504,4460,10992,-170,-27,186,9536,-10016,8088,-42,96,-139,-14748,4728,2664,-1045,138,-66,-14984,-2368,5512,-510,135,-73,0
1686.0547940731049,10468,4500,11036,-139,-48,142,9568,-10336,8160,-52,294,-115,-14676,4844,2588,-769,133,-31,-14864,-2448,5344,-484,168,-98,0
1686.0906760692596,10488,4480,10988,-126,-36,102,9400,-10432,7944,-39,113,-190,-14704,4792,2756,-1010,108,-124,-14916,-2504,5420,-461,182,-107,0
1686.1260571479795,10464,4420,11096,-156,-87,72,9488,-10264,8112,-46,165,-209,-14736,4768,2396,-967,101,-94,-14924,-2484,5476,-465,184,-135,0
1686.161700963974,10560,4424,10836,-143,-87,85,9472,-10404,8012,-34,161,-194,-14920,4768,2420,-987,108,-112,-14992,-2360,5396,-461,131,-157,0
1686.197683095932,10508,4368,11004,-127,-16,92,9568,-10304,7980,26,164,-179,-14768,4804,2452,-998,57,-133,-14888,-2484,5408,-477,161,-155,0
1686.2327859401703,10732,4592,10884,-141,-48,71,9400,-10236,8020,5,141,-184,-14796,4624,2616,-1003,68,-119,-14960,-2536,5588,-455,150,-119,0
1686.2682931423187,10700,4380,10976,-96,-92,92,9576,-10028,8148,-49,124,-216,-14840,4672,2444,-1017,87,-108,-14924,-2516,5312,-471,165,-139,0
1686.3034739494324,10552,4508,10984,-155,-105,87,9320,-10160,7888,11,195,-236,-14672,4540,2612,-1279,91,-76,-14984,-2292,5332,-529,170,-150,0
1686.3392009735107,10596,4384,10944,-80,-21,124,9284,-10040,8172,-31,113,-159,-14668,4684,2776,-1072,99,-65,-14944,-2544,5376,-501,147,-126,0
1686.3794660568235,10612,4376,10792,-87,247,99,9636,-10212,8020,-54,94,-132,-14712,4664,2540,-779,47,-24,-14996,-2584,5416,-764,83,-124,0
1686.4148120880127,10744,4448,10876,-153,-7,132,9504,-10172,8348,-45,145,-139,-14736,4720,2512,-1028,84,-65,-14872,-2576,5336,-500,121,-130,0
1686.450525045395,10336,4436,10896,-170,-49,135,9540,-10236,8168,-32,117,-147,-14764,4696,2792,-1018,101,-82,-14908,-2468,5476,-477,141,-92,0
1686.4855620861053,10508,4464,10896,-127,-86,128,9512,-10224,8112,-29,102,-176,-14820,4796,2528,-1013,105,-122,-14992,-2520,5612,-490,136,-111,0
1686.523010969162,10380,4444,11200,-154,-102,122,9524,-10428,7956,-5,105,-192,-14824,4764,2620,-1056,101,-96,-14716,-2388,5500,-527,165,-155,0
1686.556615114212,10692,4428,11184,-120,-72,100,9608,-10376,8096,10,146,-191,-14876,4732,2756,-1022,107,-101,-14900,-2444,5580,-494,163,-119,0
1686.5900781154633,10556,4396,10852,-159,-60,80,9520,-10008,8000,22,154,-194,-14800,4856,2608,-986,78,-120,-14932,-2480,5508,-463,186,-146,0
1686.6237330436709,10528,4472,10964,-196,-84,83,9464,-10160,8028,19,133,-204,-14828,4692,2712,-982,93,-149,-14928,-2552,5380,-480,183,-136,0
1686.6570301055908,10508,4584,10960,-145,-91,111,9572,-10148,8004,-36,145,-193,-14924,4700,2472,-1004,120,-98,-14876,-2732,5440,-491,165,-164,0
1686.690371990204,10616,4540,11188,-142,-121,102,9556,-10472,8160,-29,142,-183,-14608,4628,2540,-990,88,-92,-14624,-2380,5384,-467,185,-105,0
1686.723878145218,10528,4568,10848,-144,-90,122,9556,-10232,8260,-39,148,-215,-14868,4684,2508,-983,107,-137,-14984,-2484,5580,-471,136,-129,0
1686.7573490142822,10612,4504,10932,-148,-70,86,9604,-10036,8160,-3,160,-203,-14892,4652,2512,-981,74,-128,-14960,-2532,5276,-475,151,-146,0
1686.7909741401672,10552,4540,10792,-132,-59,109,9336,-10228,8424,-253,117,-155,-14836,4620,2364,-1037,87,-106,-14920,-2496,5352,-503,149,-129,0
1686.8246021270752,10268,4592,10816,-167,-87,124,9504,-10220,8116,-27,133,-177,-14808,4576,2832,-1039,126,-79,-14948,-2488,5468,-761,174,-91,0
1686.8581409454346,10480,4552,10892,-116,-41,152,9232,-10456,8308,-25,112,-166,-14824,4592,2516,-1032,148,-78,-15068,-2572,5524,-486,179,-84,0
1686.8916280269623,10496,4412,10960,-136,-80,171,9544,-10220,7964,-50,88,-186,-14596,4616,2768,-1011,144,-99,-14984,-2508,5476,-257,162,-100,0
1686.9252650737765,10444,4528,11052,-109,-91,140,9476,-10296,8088,-74,116,-199,-15032,4680,2724,-1027,100,-75,-14876,-2512,5392,-492,143,-106,0
1686.9590229988098,10564,4504,10992,-117,-1,130,9572,-10448,8132,-98,157,-155,-15100,4708,2504,-997,81,-45,-15032,-2424,5428,-482,61,-125,0
1686.9924731254578,10524,4424,10964,-91,42,91,9612,-10220,8140,-79,130,-132,-15048,4712,2336,-1045,55,220,-14904,-2456,5472,-522,75,-162,0
1687.0260479450226,10580,4384,10832,-117,72,62,9520,-10232,7984,-23,132,-171,-14608,4644,2444,-1055,52,-19,-14928,-2508,5628,-494,141,-150,0
1687.0597829818726,10276,4536,10796,-61,61,6,9320,-10304,7864,-40,246,-150,-14888,4676,2452,-1051,44,-54,-14952,-2536,5420,-483,136,-147,0
1687.0933010578156,10748,4572,10976,-80,32,54,9656,-10212,8084,-44,160,-169,-14772,4740,2656,-1057,80,-42,-14948,-2720,5436,-479,163,-118,0
1687.1268100738525,10476,4528,10888,-88,-30,91,9724,-9988,8012,-38,138,-157,-14684,4780,2556,-1077,87,-59,-14964,-2472,5484,-520,146,-146,0
1687.1599791049955,10732,4400,10852,8,40,132,9540,-10140,8104,-62,115,-101,-14828,4704,2316,-1038,81,19,-14928,-2656,5512,-536,79,-168,0
1687.1936650276184,10440,4600,11056,-25,61,99,9544,-10200,8168,-75,130,-127,-14872,4708,2600,-1010,45,8,-15004,-2508,5448,-524,60,-167,0
1687.2272551059723,10408,4528,10836,-124,78,63,9504,-10108,8028,-49,246,-83,-14868,4640,2632,-1015,54,-32,-14868,-2568,5536,-513,85,-136,0
1687.2606880664825,10484,4644,11064,-139,-5,85,9516,-10148,8064,-83,141,-172,-14788,4548,2584,-1039,96,-65,-14844,-2524,5448,-509,137,-106,0
1687.2941880226135,10396,4660,11104,-99,-29,73,9580,-10024,8080,-46,122,-235,-14752,4608,2564,-1016,135,-145,-14960,-2412,5476,-496,218,-100,0
1687.3277721405027,10336,4456,11128,-120,-94,119,9528,-10244,7944,-47,135,-232,-14768,4712,2340,-1034,141,-103,-14940,-2512,5548,-524,196,-100,0
1687.3613109588623,10484,4548,11064,-98,-60,114,9576,-9996,8000,-59,123,-212,-14808,4736,2624,-1025,147,-95,-14948,-2544,5604,-535,160,-116,0
1687.3942461013794,10420,4376,10976,-129,-1,102,9536,-10240,8096,-45,154,-172,-14716,4756,2624,-771,124,-106,-14892,-2316,5840,-761,142,-93,0
1687.4277100563047,10420,4544,11240,-140,26,103,9716,-9996,8096,-87,153,-154,-14708,4788,2328,-1016,129,-73,-14684,-2500,5452,-522,144,-124,0
1687.4611809253693,10536,4364,11180,-120,14,105,9504,-10432,7892,-89,153,-168,-14684,4708,2496,-772,129,-51,-14932,-2456,5492,-521,122,-119,0
1687.4948060512545,10436,4724,10920,-134,250,106,9956,-10176,7852,-94,63,-170,-14744,4620,2460,-1033,149,-76,-14896,-2500,5380,-513,161,-85,0
1687.528203010559,10396,4556,11048,-169,244,100,9528,-10272,8008,-52,168,-193,-14804,4488,2640,-982,119,-132,-14884,-2484,5340,-495,162,-90,0
1687.5643620491028,10428,4584,11000,-183,-32,104,9620,-10220,8056,-59,185,-198,-14844,4652,2664,-981,113,-97,-14952,-2560,5440,-470,171,-97,0
1687.600093126297,10456,4632,11260,-240,-73,97,9568,-10260,8036,-33,146,-201,-14744,4760,2604,-997,94,-138,-14960,-2476,5488,-512,177,-85,0
1687.6348860263824,10404,4604,11176,-275,-73,130,9476,-10176,7968,-19,186,-215,-14788,4700,2676,-970,124,-86,-14820,-2516,5404,-482,175,-65,0
1687.6708481311798,10276,4356,11100,-237,-120,113,9496,-10260,8036,26,176,-217,-14736,4724,2568,-955,139,-159,-14876,-2552,5544,-480,166,-82,0
1687.7061419487,10332,4536,11136,-280,-150,141,9532,-10340,7960,9,167,-221,-14784,4768,2440,-955,121,-148,-14828,-2544,5460,-471,208,-63,0
1687.7419130802155,10392,4568,11024,-5,-172,138,9244,-10308,7936,7,179,-235,-14644,4708,2780,-928,140,-167,-14904,-2504,5616,-463,180,-59,0
1687.7776770591736,10552,4556,10988,-251,-139,158,9568,-10244,8044,-29,166,-216,-14764,4664,2068,-961,153,-124,-14916,-2448,5396,-469,160,-97,0
1687.8129451274872,10412,4520,11236,-292,-142,161,9472,-10012,7968,32,129,-214,-14940,4632,2552,-974,132,-119,-14952,-2424,5156,-479,218,-77,0
1687.8486709594729,10276,4360,10936,-251,-165,174,9544,-10168,8048,-29,130,-199,-14736,4552,2600,-977,158,-118,-14916,-2360,5628,-440,202,-61,0
1687.8837680816653,10516,4576,10908,-241,-137,135,9276,-10236,8012,-19,165,-219,-14876,4372,2604,-964,113,-127,-15068,-2500,5456,-481,208,-103,0
1687.9197330474854,10744,4588,11116,-291,-196,139,9592,-10120,8008,-17,114,-225,-14856,4660,2624,-998,137,-125,-14972,-2528,5416,-477,218,-67,0
1687.954504966736,10532,4840,10996,-221,-138,157,9580,-10212,8108,-16,130,-202,-14872,4684,2496,-985,113,-67,-14904,-2500,5424,-475,157,-77,0
1687.9901540279388,10488,4396,10980,-277,-135,166,9476,-10160,8096,-7,133,-196,-14604,4732,2548,-962,122,-34,-15052,-2456,5172,-478,147,-45,0
1688.025151014328,10400,4508,11080,-278,-201,185,9576,-10216,8112,35,97,-208,-14836,4640,2484,-958,132,-110,-14896,-2632,5392,-476,173,-57,0
1688.0608661174774,10348,4556,10992,-512,-226,190,9460,-10188,8072,35,69,-231,-14640,4684,2464,-951,194,-139,-14836,-2400,5420,-477,224,-39,0
1688.0970859527588,10252,4436,10900,-511,-508,171,9680,-10212,7812,37,104,-256,-14824,4840,2504,-969,189,-157,-14864,-2456,5444,-456,238,-59,0
1688.132178068161,10676,4456,11000,-194,-233,192,9592,-10164,8016,4,122,-241,-14876,4672,2488,-958,160,-138,-14852,-2560,5612,-469,184,-55,0
1688.1678500175476,10616,4408,10784,-199,-190,163,9624,-10020,8392,27,139,-208,-15068,4756,2568,-969,152,-88,-14940,-2404,5628,-477,198,-98,0
1688.2042200565338,10532,4476,10968,-131,-142,152,9504,-10180,8112,4,130,-206,-14804,4648,2612,-1025,125,-122,-15056,-2412,5128,-767,187,-137,0
1688.2377939224243,10620,4488,10944,-83,-71,83,9560,-10044,7972,-30,160,-189,-14816,4572,2548,-1008,109,-109,-14956,-2520,5376,-500,145,-119,0
1688.2714290618896,10656,4412,11040,-88,-96,79,9576,-10068,8080,-67,147,-171,-14836,4604,2396,-1023,88,-70,-14952,-2492,5400,-494,143,-142,0
1688.3049070835114,10732,4504,10908,-99,13,97,9588,-10188,7980,-69,187,-163,-14644,4640,2620,-1037,63,-11,-15036,-2356,5428,-554,148,-131,0
1688.3384289741516,10508,4504,11112,-126,26,67,9612,-10240,7976,-22,159,-139,-14812,4700,2536,-1029,81,-58,-14984,-2552,5512,-760,170,-117,0
1688.3719141483307,10444,4524,11112,-174,-66,119,9428,-10492,8060,0,175,-137,-14852,4656,2472,-988,105,-137,-14832,-2488,5404,-499,154,-92,0
1688.4053299427032,10396,4508,11104,-56,-70,118,9412,-10328,8196,-17,176,-232,-14844,4812,2600,-783,158,-88,-14960,-2480,5500,-527,204,-73,0
1688.4387049674988,10352,4412,10984,-95,-93,138,9504,-10272,8032,-35,108,-199,-14836,4668,2520,-971,92,-62,-14988,-2560,5364,-517,84,-139,0
1688.47221493721,10628,4404,10996,-133,-29,124,9604,-10108,8144,-63,181,-128,-14776,4652,2508,-941,69,-20,-15060,-2528,5416,-462,47,-135,0
1688.5055460929873,10524,4528,11036,-203,8,109,9484,-10156,8136,-83,182,-112,-14812,4592,2516,-940,44,-44,-14892,-2528,5488,-431,48,-110,0
1688.5394489765167,10480,4520,10980,-187,-6,71,9568,-10100,8160,-80,167,-153,-14744,4676,2572,-967,101,-51,-14888,-2464,5308,-453,120,-120,0
1688.5729150772095,10456,4560,11084,-180,-96,102,9548,-10196,8272,-56,134,-206,-14776,4616,2508,-1010,136,-117,-14868,-2532,5304,-478,213,-114,0
1688.6067650318146,10440,4744,10792,-147,-157,118,9456,-10176,7952,-49,138,-226,-14700,4700,2492,-989,124,-139,-14968,-2452,5276,-503,245,-137,0
1688.6401660442352,10612,4420,11052,-120,-127,81,9600,-10028,8012,-12,155,-256,-14876,4820,2460,-1012,111,-124,-14996,-2372,5220,-760,194,-128,0
1688.673551082611,10728,4428,11072,-100,-99,98,9524,-10248,8120,-22,143,-213,-14940,4704,2508,-1014,96,-132,-15092,-2496,5428,-527,159,-132,0
1688.707149028778,10556,4568,10796,-96,-46,102,9624,-10172,8128,-11,145,-165,-14924,4656,2532,-1040,93,-85,-14968,-2544,5412,-522,106,-135,0
1688.7406921386719,10604,4480,10904,-145,7,77,9636,-10232,8108,-20,170,-164,-14808,4788,2456,-1040,69,-77,-14932,-2440,5180,-508,99,-168,0
1688.7743380069733,10464,4464,10924,-111,32,69,9432,-10180,8124,-8,186,-175,-14728,4628,2484,-1023,53,-89,-15040,-2524,5628,-515,157,-153,0
1688.8082220554352,10492,4568,11224,-116,-65,53,9232,-10260,8080,31,168,-222,-14732,4780,2504,-986,71,-150,-14904,-2480,5420,-497,231,-164,0
1688.8417899608612,10424,4368,11056,-50,-83,13,9584,-10320,8088,34,178,-271,-14860,4748,2580,-994,96,-203,-14960,-2692,5432,-479,3,-173,0
1688.875473022461,10240,4528,11204,-72,-123,-252,9632,-10224,7852,-250,256,-326,-14812,4652,2428,-979,60,-179,-14960,-2460,5316,-490,266,-192,0
1688.9089279174805,10708,4628,10952,-142,-110,16,9444,-10064,8136,-41,207,-238,-14868,4668,2732,-990,54,-122,-15012,-2596,5552,-447,154,-109,0
1688.9420900344849,10544,4436,10804,-259,-111,142,9424,-10012,7952,-126,168,-115,-14704,4636,2612,-955,119,14,-15004,-2572,5396,-426,60,-24,0
1688.9757580757139,10364,4680,10928,-298,-44,255,9260,-10072,8348,-179,80,-82,-14664,4644,2460,-953,239,-241,-14780,-2636,5332,-406,55,38,0
1689.0089781284332,10452,4588,10988,-258,-71,352,9388,-10088,8072,-132,10,-79,-14816,4552,2652,-958,251,-24,-14884,-2604,5264,-463,91,67,0
1689.0424389839172,10588,4568,10900,-146,-103,310,9584,-10212,8240,-89,30,-65,-15040,4536,2592,-941,225,-78,-15104,-2548,5128,-530,103,6,0
1689.0761239528656,10600,4544,11196,-120,-99,268,9668,-10196,8008,-21,30,-175,-14976,4656,2528,-1048,120,-84,-14960,-2496,5324,-551,99,-76,0
1689.109972000122,10696,4368,11032,-182,-98,140,9708,-10228,8048,255,132,-173,-14864,4744,2324,-1052,51,-61,-14904,-2352,5476,-542,161,-145,0
1689.143473148346,10392,4280,10980,-111,-125,117,9564,-10368,8188,59,133,-200,-14772,4812,2492,-773,128,-105,-14820,-2364,5520,-516,205,-114,0
1689.1773190498352,10500,4460,11032,-69,-117,76,9612,-10488,8168,-25,144,-225,-15092,4680,2348,-956,102,-129,-14920,-2344,5536,-436,186,-127,0
1689.210778951645,10528,4400,10880,-107,-97,58,9480,-10196,7980,-35,175,-233,-14776,4820,2504,-935,101,-158,-14964,-2460,5412,-444,198,-138,0
1689.2476150989532,10240,4408,11064,-165,-109,42,9560,-10464,8032,-54,247,-248,-14764,4744,2396,-881,7,-109,-15036,-2408,5436,-416,142,-156,0
1689.2838470935822,10636,4500,10928,-202,-43,25,9532,-10252,7868,-121,511,-177,-14924,4744,2460,-927,-7,-28,-14988,-2132,5444,-453,69,-191,0
1689.3198411464691,10604,4436,10876,-2,-246,43,9392,-10328,8128,33,239,-118,-14820,4748,2508,-1279,-7,-57,-14660,-2464,5368,-522,108,-149,0
1689.3554799556732,10500,4632,10796,-180,-29,128,9488,-10132,8168,57,145,-125,-14732,4768,2512,-1043,69,-130,-14920,-2632,5296,-764,129,-135,0
1689.3913681507113,10328,4712,10968,-132,-72,119,9412,-10140,8188,85,176,-153,-14796,4456,2664,-1013,105,-113,-14668,-2488,5276,-554,166,-139,0
1689.4271731376648,10492,4580,10884,-92,-139,153,9680,-10036,7940,113,122,-192,-14812,4400,2496,-1126,131,-152,-14892,-2676,5232,-564,236,-137,0
1689.4624469280243,10432,4684,10948,7,-55,142,9488,-10124,8112,38,76,-180,-14916,4464,2472,-1059,110,-116,-15040,-2656,5268,-498,143,-158,0
1689.4981229305267,10464,4592,10968,-66,-56,69,9676,-10080,8156,-34,208,-204,-14892,4536,2484,-958,58,-31,-14924,-2428,5368,-430,133,-165,0
1689.5338249206543,10312,4468,10896,-199,-77,19,9564,-10132,8036,-71,226,-206,-14840,4700,2576,-1001,44,-53,-15048,-2376,5156,-445,145,-125,0
1689.5699999332428,10580,4516,10900,-177,-74,82,9436,-10276,8024,-98,205,-166,-15080,4716,2492,-998,78,-69,-14992,-2344,5476,-478,152,-59,0
1689.6055059432983,10476,4496,10968,-169,-109,154,9452,-10304,8200,-155,120,-193,-14660,4764,2500,-1010,206,-55,-14896,-2472,5436,-494,196,-26,0
1689.6413171291351,10360,4460,10796,-113,-122,209,9376,-10160,8120,-147,4,-218,-14768,4656,2516,-1017,267,-101,-14880,-2432,5352,-522,179,-31,0
1689.677400112152,10536,4460,10972,-10,-74,243,9492,-10108,8060,-106,-8,-156,-14856,4692,2500,-1048,198,-60,-15036,-2440,5524,-572,98,-45,0
1689.7129850387573,10496,4852,11224,-59,-12,212,9620,-10160,8400,-43,70,-96,-14824,4600,2460,-1000,172,-20,-14928,-2644,5332,-489,95,-24,0
1689.7492821216583,10412,4632,11132,-180,-61,189,9588,-10144,8248,-31,65,-151,-14916,4584,2696,-991,169,-80,-14968,-2672,5284,-445,158,-103,0
1689.7844350337982,10472,4724,10844,-191,-131,148,9720,-10228,8232,-50,166,-210,-14612,4832,2348,-990,105,-88,-14900,-2592,5360,-443,146,-116,0
1689.8202719688416,10512,4548,10912,-217,-141,97,9436,-10212,8156,-27,165,-233,-14752,4656,2560,-996,50,-107,-14828,-2388,5440,-438,203,-100,0
1689.8555979728699,10396,4368,10832,-201,-101,64,9568,-10452,8068,254,161,-221,-14848,4696,2424,-1108,62,-94,-14884,-2320,5408,-486,1,-112,0
1689.8923969268799,10564,4328,11168,-38,-42,73,9572,-10280,8008,2,162,-264,-14828,4812,2532,-1051,89,-155,-15264,-2384,5500,-259,258,-170,0
1689.9259190559387,10692,4436,10848,-20,-51,61,9696,-10304,7812,-22,138,-245,-15032,4804,2572,-1034,61,-157,-14852,-2456,5464,-489,183,-177,0
1689.9593980312347,10524,4392,11016,-32,18,53,9580,-10048,8168,-46,149,-150,-15096,4740,2324,-1015,45,-71,-15064,-2352,5288,-475,123,-204,0
1689.9927289485931,10264,4600,10976,-144,18,18,9556,-10188,7988,-14,219,-187,-14848,4812,2420,-948,41,-62,-14956,-2444,5092,-450,123,-207,0
1690.026251077652,10496,4536,10880,-167,26,-7,9584,-10132,8148,-38,239,-163,-14892,4676,2500,-964,-43,-89,-15008,-2476,5468,-421,65,-198,0
1690.059979915619,10564,4556,11088,-220,47,13,9408,-10256,8036,4,246,-149,-14916,4696,2588,-974,-50,-86,-15080,-2492,5396,-488,84,-203,0
1690.0931971073153,10252,4656,11116,-504,-33,14,9652,-10168,8288,44,236,-158,-14788,4680,2484,-1036,-33,-106,-14940,-2640,5300,-461,123,-158,0
1690.1269130706787,10416,4660,11192,-198,-62,92,9388,-10136,8276,-60,191,-177,-14744,4600,2636,-995,51,-22,-14956,-2684,5188,-441,69,-143,0
1690.160185098648,10484,4724,10836,-273,-66,134,9432,-10172,8252,-47,176,-111,-14668,4616,2568,-971,79,-10,-14828,-2596,5276,-446,63,-62,0
1690.1937429904938,10408,4648,10956,-234,-83,197,9320,-10136,8392,-25,120,-108,-14704,4564,2744,-996,127,-58,-14664,-2572,5296,-432,79,-42,0
1690.2274069786072,10380,4616,10760,-116,-44,177,9240,-10492,8332,-32,107,-130,-14832,4584,2360,-992,140,-97,-15044,-2312,5284,-458,112,-89,0
1690.2607820034027,10520,4620,11024,-113,-47,170,9644,-10156,8124,-47,155,-151,-14928,4680,2512,-776,90,-60,-15024,-2496,5612,-497,111,-104,0
1690.294240951538,10472,4524,11008,-157,-106,99,9468,-10208,8012,-78,197,-181,-14828,4812,2300,-1045,68,-65,-14904,-2392,5516,-497,199,-107,0
1690.32794713974,10224,4452,10880,-126,-133,155,9716,-10280,7948,-72,55,-217,-14784,4672,2520,-1054,198,-75,-14888,-2360,5376,-530,273,-61,0
1690.3614430427551,10660,4136,11040,-38,-148,130,9496,-10312,7932,-145,51,-509,-14912,4812,2440,-1029,192,-128,-15032,-2344,5416,-492,225,-109,0
1690.3944871425629,10604,4420,10976,-28,-22,79,9504,-10160,7876,-161,130,-167,-14852,4764,2300,-984,81,-62,-15328,-2484,5424,-493,55,-162,0
1690.4280979633331,10556,4412,10884,-25,115,49,9648,-10072,7980,-114,254,-55,-14844,4708,2508,-990,-255,19,-15040,-2408,5292,-521,-5,-190,0
1690.4612939357758,10552,4540,10976,-73,223,13,9532,-10216,8184,-56,252,-12,-14752,4632,2368,-1055,2,-248,-15036,-2520,5388,-508,-21,-204,0
1690.4945781230929,10424,4652,11144,-119,179,31,9652,-10468,8268,-35,223,-85,-14728,4648,2624,-1042,49,-14,-14868,-2588,5240,-518,56,-175,0
1690.5281879901886,10264,4728,10892,-140,66,48,9356,-10240,8196,-81,159,-184,-14688,4436,2496,-1053,94,-118,-14752,-2584,5760,-518,168,-216,0
1690.5618090629578,10388,4572,11116,-141,-40,63,9260,-10212,8208,-81,144,-246,-14616,4708,2716,-1003,86,-94,-14976,-2732,5388,-501,175,-156,0
1690.5951681137085,10212,4748,11052,-95,-103,102,9224,-10268,8084,-34,83,-238,-14748,4680,2524,-1275,204,-110,-14784,-2556,5440,-492,223,-119,0
1690.6286361217499,10260,4648,10960,-75,-107,130,9388,-10168,8088,-10,121,-234,-14888,4636,2608,-974,105,-159,-14896,-2796,5444,-504,209,-139,0
1690.6618361473083,10388,4844,11044,-59,-95,87,9384,-10272,8064,-60,221,-201,-14936,4668,2676,-1030,107,-126,-14956,-2484,5416,-467,192,-142,0
1690.695671081543,10440,4528,10992,-116,-43,105,9588,-10284,8052,-87,165,-186,-14808,4644,2388,-773,113,-96,-14976,-2512,5412,-481,214,-116,0
1690.7292771339417,10412,4616,11068,-102,-71,132,9488,-10256,8156,-96,156,-175,-14844,4740,2460,-1048,168,-92,-14896,-2532,5472,-483,232,-42,0
1690.7629511356354,10440,4564,11172,-126,-130,153,9436,-10484,8128,-84,106,-199,-14776,4684,2352,-995,175,-140,-15096,-2392,5336,-477,213,-20,0
1690.796471118927,10464,4772,11140,-138,-130,190,9688,-10240,8000,-108,91,-181,-14908,4684,2784,-1008,170,-110,-14856,-2444,5416,-524,131,-85,0
1690.830018043518,10248,4516,10988,-104,-44,150,9568,-10232,8160,-72,124,-122,-14888,4860,2648,-1071,116,-78,-15072,-2492,5336,-538,96,-110,0
1690.8637030124664,10568,4740,11144,-144,5,129,9516,-10180,8192,-103,143,-130,-14912,4496,2572,-1055,92,-38,-14944,-2472,5344,-517,65,-116,0
1690.8969249725342,10480,4392,11132,-85,57,89,9628,-10172,8056,-134,168,-99,-14876,4616,2496,-1007,81,-7,-15020,-2464,5364,-537,63,-173,0
1690.9338381290436,10484,4376,10980,-90,61,68,9724,-10488,7984,-110,173,-110,-14820,4684,2548,-1108,100,-7,-14888,-2508,5400,-528,68,-159,0
1690.9697740077972,10336,4616,10996,-118,65,76,9448,-10148,8324,-3,320,-80,-15072,4712,2584,-1026,30,-38,-14616,-2552,5596,-552,105,-186,0
1691.0048010349274,10332,4596,11116,-158,-3,66,9316,-10360,8036,1,216,-169,-14840,4824,2816,-1014,61,-86,-14840,-2668,5456,-762,171,-139,0
1691.0407190322876,10488,4648,11200,-245,-123,67,8972,-10320,8388,52,168,-262,-14684,4732,2612,-994,130,-176,-14836,-2792,5488,-460,248,-99,0
1691.075436115265,10260,4568,11164,-278,-256,118,9288,-10292,8096,18,149,-290,-14704,4848,2584,-941,108,-178,-14800,-2544,5484,-462,260,-83,0
1691.1110019683838,10184,4500,10968,-271,-247,136,9368,-10348,8412,31,131,-286,-14684,4768,2576,-951,136,-170,-14724,-2500,5452,-455,249,-74,0
1691.146364927292,10312,4600,11124,-278,-279,190,9372,-10388,8128,30,99,-288,-14796,4772,2424,-974,179,-185,-14972,-2428,5508,-456,248,-44,0
1691.1823511123655,10476,4352,11248,-240,-267,189,9452,-10252,8036,47,118,-274,-14968,4644,2552,-922,157,-180,-15064,-2448,5296,-446,214,-57,0
1691.2181379795074,10556,4516,11032,-265,-216,162,9608,-10208,8020,82,158,-265,-14908,4860,2380,-953,161,-166,-14908,-2492,5284,-469,211,-63,0
1691.2531249523163,10512,4628,10920,-240,-222,165,9544,-10080,8016,72,148,-266,-14596,4532,2528,-1024,155,-191,-15260,-2388,5300,-474,238,-66,0
1691.2891631126404,10556,4644,11048,-240,-236,157,9572,-10152,8016,12,100,-14,-14844,4520,2564,-1012,156,-149,-15008,-2484,5352,-468,210,-39,0
1691.3240809440613,10524,4396,10856,-248,-215,146,9536,-10172,8160,-254,155,-249,-14912,4640,2540,-979,143,-134,-15000,-2572,5180,-468,179,-73,0
1691.3598430156708,10520,4652,10968,-285,-175,141,9496,-10132,8104,-44,117,-231,-14872,4532,2556,-1007,154,-69,-14924,-2560,5428,-479,160,-87,0
1691.3984389305115,10432,4812,10908,-239,-155,149,9232,-10264,8096,-25,112,-191,-14900,4712,2372,-996,150,-59,-15020,-2492,5212,-472,132,-71,0
1691.4343221187592,10432,4860,11020,-204,-132,154,9456,-10184,8196,-27,96,-167,-14788,4660,2488,-955,160,-72,-14992,-2384,5504,-480,146,-57,0
1691.4696459770205,10728,4588,10944,-244,-157,197,9440,-10232,8148,-15,84,-173,-14648,4652,2448,-1013,164,-39,-14960,-2480,5200,-465,174,-45,0
1691.5048260688782,10464,4484,11032,-245,-193,247,9440,-10272,8044,-16,46,-234,-14808,4648,2648,-995,232,-124,-14944,-2412,5392,-481,154,252,0
1691.5400660037994,10500,4488,10988,-211,-191,225,9492,-10252,8028,-33,46,-183,-14868,4668,2440,-982,198,-98,-15012,-2436,5528,-497,130,-39,0
1691.5756900310516,10420,4388,10848,-216,-136,222,9464,-10392,8004,14,35,-200,-15104,4720,2524,-1026,186,-92,-14936,-2448,5308,-496,187,-45,0
1691.6092629432678,10528,4460,10968,-257,-179,213,9312,-10124,8056,-19,62,-202,-14628,4852,2508,-773,160,-84,-15060,-2460,5424,-431,139,-38,0
1691.6423270702362,10740,4484,10976,-211,-138,145,9520,-10224,8232,-27,119,-205,-14808,4560,2564,-1005,92,-135,-14928,-2408,5196,-468,142,-99,0
1691.675770998001,10724,4432,11100,-296,-190,123,8996,-10016,7816,53,448,-265,-15044,4660,2420,-993,111,-109,-14952,-2456,5308,-440,176,-87,0
1691.709216117859,10316,4548,10896,-178,-129,131,9568,-10088,8148,9,65,-208,-14644,4680,2664,-991,115,-75,-15008,-2492,5368,-474,149,-129,0
1691.742722988129,10604,4504,11016,-125,-90,84,9500,-10228,8068,-55,129,-181,-14884,4612,2560,-999,69,-61,-14932,-2540,5384,-488,127,-152,0
1691.7765140533447,10464,4424,10880,-103,-60,95,9588,-10172,8192,-43,133,-191,-14768,4616,2396,-1026,79,-84,-14968,-2408,5388,-500,130,-139,0
1691.809823036194,10604,4568,10964,-121,250,93,9544,-10212,8056,-56,163,-149,-14804,4520,2364,-1032,108,-101,-15004,-2376,5284,-507,141,-125,0
1691.8433990478516,10564,4504,10848,-41,-26,89,9812,-10224,8100,-83,26,-210,-14888,4664,2540,-1062,86,-81,-14920,-2504,5380,-507,183,-130,0
1691.877102136612,10444,4548,10780,-80,18,108,9476,-10204,8172,-10,82,-182,-14888,4640,2568,-1060,144,-68,-14944,-2464,5584,-532,123,-139,0
1691.910630941391,10460,4588,10868,-32,37,101,9472,-10188,8068,-28,56,-150,-14604,4812,2380,-1044,98,-103,-14968,-2508,5404,-534,149,-113,0
1691.9438531398773,10456,4568,10888,-51,-17,93,9436,-10212,8084,-35,148,-205,-14736,4580,2452,-780,83,-111,-14916,-2528,5560,-552,176,-148,0
1691.9774129390717,10456,4524,11060,-90,-26,90,9444,-10200,8128,-43,122,-216,-14600,4640,2576,-1050,109,-107,-14916,-2468,5180,-761,173,-140,0
1692.0108230113983,10436,4580,10996,-73,1,67,9428,-10052,8056,-80,129,-194,-15016,4708,2400,-1035,93,-51,-14988,-2496,5336,-503,182,-109,0
1692.044275045395,10544,4492,10624,-102,-3,80,9552,-10200,7940,-61,137,-193,-14908,4748,2416,-1014,114,-48,-14956,-2416,5308,-453,166,-125,0
1692.0777320861816,10444,4536,11196,-117,-31,88,9500,-10468,8036,-40,149,-203,-14932,4648,2464,-996,89,-111,-15084,-2412,5324,-526,157,-120,0
1692.111377954483,10480,4472,11228,-126,-49,86,9412,-10264,8028,-1,88,-214,-14788,4632,2436,-985,102,-151,-14908,-2420,5324,-499,179,-154,0
1692.1444010734558,10492,4568,10940,-93,-85,124,9544,-10184,8072,-53,110,-215,-14956,4384,2284,-998,141,-103,-14948,-2468,5256,-486,140,-115,0
1692.177740097046,10604,4388,10972,-99,-28,82,9544,-10144,8008,-43,141,-185,-14936,4676,2296,-998,69,-85,-14924,-2452,5524,-529,129,-148,0
1692.2113831043243,10520,4548,10988,-184,-27,103,9476,-10188,8088,-22,122,-158,-14784,4612,2344,-1009,85,-87,-15024,-2464,5384,-481,124,-103,0
1692.244882106781,10616,4600,10952,-112,255,102,9396,-10288,7840,4,228,-128,-14816,4592,2376,-985,82,-106,-15012,-2540,5180,-494,119,-131,0
1692.278203010559,10436,4536,10888,-84,-34,95,9476,-10384,8064,-29,157,-156,-14812,4588,2384,-1002,77,-67,-14968,-2504,5332,-492,107,-161,0
1692.3119039535525,10400,4612,10968,-133,-39,93,9504,-10204,7944,-16,129,-185,-14848,4528,2784,-994,76,-40,-14816,-2500,5276,-473,126,-148,0
1692.3454909324646,10460,4560,10984,-190,-99,97,9268,-10148,8144,8,174,-184,-14736,4576,2228,-989,71,-104,-14916,-2464,5420,-470,132,-141,0
1692.3789701461792,10540,4604,11100,-139,-118,96,9440,-10408,8108,246,143,-217,-14816,4648,2484,-968,117,-129,-14944,-2500,5304,-459,165,-131,0
1692.4124119281769,10568,4588,11004,-167,-98,116,9216,-10152,8064,-15,136,-209,-14860,4504,2552,-987,82,-104,-14936,-2384,5312,-474,126,-129,0
1692.4460530281067,10512,4516,10992,-214,-86,104,9576,-10240,8008,7,135,-167,-14880,4664,2448,-1009,49,-68,-14896,-2452,5316,-504,118,-135,0
1692.4797549247742,10252,4492,11068,-206,-94,94,9444,-10152,8076,33,169,-137,-14620,4656,2332,-1036,62,-77,-14856,-2372,5360,-507,173,-110,0
1692.5130150318146,10428,4692,10920,-174,-114,156,9368,-10160,8012,20,93,-168,-14860,4680,2708,-1012,129,-114,-14976,-2712,5616,-478,170,-61,0
1692.5466520786285,10472,4584,11192,-170,-110,148,9636,-10052,7980,-18,107,-183,-14876,4572,2340,-1001,134,-92,-14968,-2508,5484,-475,130,-100,0
1692.5800080299377,10724,4520,10860,-196,-105,169,9480,-10136,8092,-27,132,-183,-14788,4632,2372,-993,105,-95,-14896,-2496,5260,-482,121,-84,0
1692.6177020072935,10548,4492,10972,-201,-98,149,9496,-10436,8088,-38,115,-165,-14640,4848,2352,-993,108,-60,-14932,-2488,5616,-477,113,-102,0
1692.652766942978,10280,4552,11220,-178,-109,149,9580,-10204,8160,-8,108,-153,-14900,4664,2332,-983,115,-50,-15008,-2560,5312,-488,126,-109,0
1692.6891610622406,10580,4492,10796,-194,-106,146,9556,-10236,8028,-45,115,-164,-14620,4640,2372,-997,107,-58,-15008,-2500,5152,-489,131,-80,0
1692.724151134491,10520,4608,11020,-171,-105,163,9564,-10080,8048,-53,100,-175,-14808,4788,2352,-1033,130,-69,-14968,-2496,5216,-763,133,-110,0
1692.75963306427,10496,4452,10880,-176,-105,130,9596,-10200,8104,-52,110,-189,-15080,4804,2308,-1007,101,-58,-14984,-2436,5332,-494,157,-117,0
1692.795184135437,10460,4544,10760,-123,-100,122,9540,-10296,8036,-38,117,-186,-14824,4608,2276,-1013,111,-58,-14916,-2556,5480,-483,119,-113,0
1692.8312921524048,10644,4732,10996,-135,-52,116,9488,-10220,8100,-38,164,-180,-14880,4664,2444,-1014,70,-70,-14832,-2508,5524,-497,149,-134,0
1692.8674359321594,10476,4504,11116,-115,-76,80,9424,-10180,8212,-46,148,-173,-14768,4552,2420,-1001,121,-109,-14936,-2512,5444,-489,167,-136,0
1692.9022071361542,10444,4492,10884,-136,-80,110,9092,-10140,8228,-236,132,-193,-14884,4680,2640,-1030,120,-118,-14924,-2528,5388,-472,163,-114,0
1692.937509059906,10576,4616,10968,-89,-83,102,9496,-10188,8160,-51,129,-180,-14756,4660,2328,-981,75,-147,-14880,-2464,5620,-491,161,-157,0
1692.9734489917755,10536,4612,11240,-116,-80,111,9528,-10108,8080,-30,156,-209,-14848,4592,2508,-971,43,-53,-14680,-2516,5364,-481,179,-134,0
1693.009276151657,10268,4664,11184,-138,-145,107,9360,-10168,8148,-6,163,-234,-14756,4616,2464,-998,113,-133,-15040,-2424,5268,-438,140,-112,0
1693.0443589687347,10560,4512,10816,-122,-64,102,9592,-10196,7996,-30,140,-155,-14784,4768,2504,-989,85,-29,-14980,-2396,5364,-765,115,-154,0
1693.080304145813,10268,4512,11012,-209,-96,115,9340,-10236,8128,53,144,-147,-14752,4600,2492,-1039,83,-91,-14868,-2472,5440,-488,163,-101,0
1693.11554312706,10364,4564,10760,-147,-98,142,9560,-10160,8188,-4,107,-178,-14724,4584,2464,-1003,131,-114,-14960,-2456,5308,-447,165,-134,0
1693.1509909629822,10552,4536,11168,-165,-153,118,9904,-10224,8352,-4,78,-198,-14612,4668,2332,-1014,96,-125,-14924,-2456,5492,-471,137,-162,0
1693.1871359348295,10560,4548,10908,-154,-101,111,9476,-10168,7924,22,142,-186,-14816,4656,2496,-1027,80,-88,-14996,-2560,5488,-509,107,-138,0
1693.2228920459747,10584,4576,10796,-115,-12,123,9540,-10160,8168,229,144,-128,-14680,4824,2484,-1043,50,-57,-14892,-2504,5324,-495,96,-150,0
1693.2589540481567,10436,4588,10912,-185,-35,99,9240,-10236,7936,-28,105,-184,-14832,4648,2448,-1015,93,-76,-14844,-2500,5428,-464,144,-100,0
1693.2924361228943,10364,4500,10940,-179,-116,115,9520,-10188,8268,-34,130,-187,-14752,4604,2308,-1024,89,-79,-14856,-2536,5300,-480,140,-116,0
1693.326005935669,10536,4552,10912,-124,-105,131,9484,-10196,7988,-39,87,-216,-14764,4628,2436,-1004,125,-80,-14964,-2448,5340,-502,180,-124,0
1693.359768152237,10452,4520,10888,-173,-153,111,9356,-10300,8172,-4,91,-239,-14908,4616,2488,-1031,131,-103,-14888,-2548,5136,-487,192,-85,0
1693.3932530879974,10436,4560,10932,-126,-76,144,9756,-10116,8224,-82,-88,-215,-14632,4572,2488,-1016,111,-135,-14956,-2516,5384,-482,148,-137,0
1693.4266679286957,10700,4520,11224,-118,-61,105,9588,-10416,8120,-9,92,-196,-15072,4384,2484,-1012,112,-82,-14932,-2436,5380,-491,129,-162,0
1693.4601850509644,10372,4584,10960,-194,-40,93,9524,-10096,8064,11,128,-179,-14780,4372,2460,-978,77,-67,-15024,-2528,5324,-480,117,-143,0
1693.493674993515,10380,4568,10928,-181,-55,115,9476,-10192,8092,-256,157,-172,-14772,4460,2476,-1027,87,-73,-14940,-2564,5284,-478,126,-67,0
1693.5273060798643,10300,4524,11072,-195,-66,120,9508,-10112,8012,-4,125,-171,-14868,4632,2500,-916,-20,-67,-15116,-2396,5284,-466,117,-140,0
1693.5607590675354,10732,4524,11068,-193,-96,122,9420,-10224,8156,-29,145,-182,-14868,4724,2324,-943,97,-83,-15012,-2484,5384,-472,123,-124,0
1693.5942990779877,10588,4456,10956,-172,-92,120,9616,-10156,8232,-12,142,-176,-14608,4352,2312,-960,92,-73,-14964,-2480,5428,-460,126,-117,0
1693.6278049945831,10496,4548,10968,-176,-96,126,9524,-9996,8100,-26,129,-191,-14804,4484,2460,-997,116,-82,-14892,-2480,5404,-464,131,-121,0
1693.661103963852,10512,4576,10888,-155,-81,102,9548,-10172,7972,-7,110,-208,-14760,4660,2356,-1276,102,-91,-15072,-2464,5404,-501,144,-133,0
1693.6949031352997,10556,4688,11044,-192,-81,108,9472,-10080,7988,32,502,-243,-14712,4672,2544,-1002,115,-129,-15056,-2492,5576,-462,161,-113,0
1693.7283771038055,10500,4612,10884,-175,-81,117,9544,-10012,8060,-18,142,-204,-14656,4612,2480,-781,100,-121,-14952,-2520,5140,-471,155,-110,0
1693.7618451118467,10632,4604,10964,-157,-92,102,9528,-10160,8112,-58,165,-164,-14772,4380,2456,-987,103,-61,-15000,-2444,5436,-465,95,-126,0
1693.7954270839691,10512,4556,10824,-147,-16,103,9416,-10352,7960,-14,169,-141,-14820,4724,2388,-1026,89,-46,-14984,-2720,5372,-504,120,-128,0
1693.8286170959473,10552,4544,10940,-179,-13,138,9460,-10112,8108,-27,135,-140,-14816,4496,2376,-1008,93,-93,-15008,-2380,5420,-460,113,-104,0
1693.8620920181274,10552,4572,10944,-105,-44,123,9488,-10200,8228,-86,138,-164,-14816,4644,2388,-1014,116,-71,-15104,-2772,5304,-474,140,-145,0
1693.8956370353699,10532,4552,11004,-200,-74,137,9476,-10472,8112,-47,470,-156,-15104,4612,2352,-1060,133,-69,-14840,-2420,5480,-502,189,-127,0
1693.9292850494385,10496,4532,10944,-143,-79,107,9244,-9988,8096,-15,121,-162,-14884,4656,2388,-1267,86,-51,-14928,-2576,5508,-478,162,-138,0
1693.9628939628599,10284,4520,11236,-106,-53,83,9508,-10152,8244,-24,173,-143,-14608,4752,2572,-1017,46,-50,-14944,-2520,5448,-478,122,-155,0
1693.9965090751648,10528,4556,11220,-174,-27,97,9480,-10144,8132,-59,211,-156,-15032,4632,2728,-896,-241,-88,-15000,-2560,5336,-453,132,-166,0
1694.0298011302948,10468,4604,10844,-215,-67,104,9432,-10148,8172,-58,181,-178,-14764,4648,2612,-1007,87,-137,-14892,-2416,5436,-461,188,-116,0
1694.0633671283722,10748,4400,11076,-105,-60,116,9548,-10224,8096,-76,124,-207,-14816,4564,2472,-983,96,-111,-15008,-2544,5596,-479,157,-105,0
1694.0969741344452,10452,4468,10768,-173,-122,71,9516,-10152,8092,-26,201,-205,-14748,4684,2592,-996,87,-93,-15004,-2412,5600,-478,164,-102,0
1694.130443096161,10328,4552,10852,-180,-95,121,9056,-10108,8056,56,330,-193,-14804,4752,2348,-996,86,-62,-14992,-2556,5604,-467,147,-90,0
1694.1638979911804,10716,4664,11192,-228,-86,144,9480,-9996,7940,31,118,-230,-14828,4608,2480,-980,98,-148,-14940,-2736,5420,-470,159,-99,0
1694.197232961655,10484,4604,10988,-222,-98,114,9440,-10144,8120,25,138,-195,-14884,4584,2248,-1017,132,-100,-14924,-2464,5332,-487,147,-106,0
1694.2308650016785,10520,4508,11000,-181,-100,127,9480,-10168,8036,250,107,-180,-14836,4572,2452,-1013,85,-86,-14980,-2504,5452,-489,127,-109,0
1694.264209985733,10352,4760,11108,-177,-99,104,9664,-10496,8004,-68,45,-229,-14764,4496,2548,-948,24,-39,-14980,-2496,5360,-492,117,-122,0
1694.3017411231995,10608,4376,10892,-124,-37,57,9396,-10096,8076,-119,116,-200,-14780,4572,2356,-1008,126,-76,-14896,-2768,5140,-487,109,-123,0
1694.337604045868,10496,4616,10928,-64,9,93,9500,-10100,8060,-147,65,-174,-14888,4524,2516,-969,106,240,-14964,-2660,5452,-517,95,-138,0
1694.3727459907532,10240,4572,10920,-83,42,107,9404,-10124,8188,-61,146,-119,-14764,4716,2524,-1278,158,-41,-14832,-2332,5380,-530,124,-57,0
1694.4076709747314,10412,4500,10772,-133,40,172,9660,-10208,8056,-84,102,-98,-14796,4656,2488,-1044,180,-96,-14864,-2524,5520,-268,169,253,0
1694.443526983261,10280,4572,11044,-147,40,145,9284,-10252,8060,-63,120,-167,-14880,4576,2644,-1019,168,-63,-15004,-2308,5520,-504,168,-45,0
1694.4793100357056,10444,4552,11060,-197,-48,102,9488,-10020,7984,-29,158,-211,-14868,4692,2368,-977,103,-110,-14704,-2472,5152,-499,175,-106,0
1694.5142979621887,10448,4480,11076,-498,-103,102,9300,-10220,8076,-42,157,-231,-14772,4688,2344,-966,76,-66,-14992,-2428,5480,-457,179,-69,0
1694.5501909255981,10312,4540,11076,-236,-118,113,9380,-10268,8156,-74,139,-234,-14852,4780,2588,-944,106,-126,-14992,-2424,5500,-475,154,-44,0
1694.585324048996,10456,4400,10948,-3,-80,112,9384,-10012,8100,-12,144,-503,-14864,4748,2456,-975,100,-127,-14884,-2536,5488,-464,204,-47,0
1694.6209969520569,10456,4556,11004,-253,-144,132,9564,-10228,8080,-15,140,-220,-14900,4840,2404,-960,115,-147,-14924,-2544,5412,-433,217,-71,0
1694.6562330722809,10748,4468,11048,-227,-98,103,9604,-10324,8080,-14,146,-265,-14880,4496,2432,-972,157,-194,-14860,-2452,5340,-446,197,-45,0
1694.6924090385435,10580,4520,11000,-1,-174,118,9560,-10168,7944,-11,105,-258,-14880,4684,2104,-975,158,-115,-15156,-2352,5428,-479,211,-73,0
1694.7282979488373,10528,4572,10916,-192,-126,110,9532,-10084,8136,-22,110,-218,-14644,4632,2448,-999,99,-121,-14960,-2608,5376,-501,135,-99,0
1694.7639579772947,10492,4764,10968,-182,-60,73,9552,-10088,8200,4,167,-171,-14832,4700,2496,-1012,73,-81,-14984,-2324,5276,-471,136,-135,0
1694.7997319698334,10256,4852,10880,-254,-114,110,9420,-10152,8196,4,174,-193,-14844,4484,2516,-984,65,-107,-14968,-2492,5272,-483,140,-77,0
1694.8346581459045,10544,4600,10992,-251,-137,142,9440,-10156,8232,-13,144,-215,-14716,4552,2544,-984,129,-69,-14864,-2436,5304,-464,193,-78,0
1694.8700909614563,10512,4516,11104,-267,-222,152,9440,-10156,8116,19,76,-243,-14800,4636,2440,-972,149,-107,-14972,-2472,5456,-472,213,-28,0
1694.9051339626312,10556,4548,11088,-211,-221,191,9532,-10180,8216,-37,65,-222,-14848,4660,2544,-972,188,-131,-14960,-2476,5392,-491,176,-51,0
1694.9411189556122,10556,4400,10980,-224,-215,203,9408,-10208,8188,-22,50,-217,-15080,4660,2360,-999,219,-103,-14956,-2104,5580,-506,179,-4,0
1694.9748179912567,10744,4524,11032,-205,-207,220,9420,-10408,8168,-250,38,-218,-14804,4848,2404,-997,191,-141,-14916,-2472,5228,-517,223,-36,0
1695.0081050395966,10540,4420,10844,-132,-153,189,9556,-10120,8192,-79,-84,-213,-14812,4536,2320,-973,115,-86,-15020,-2472,5180,-489,200,-84,0
1695.0416100025177,10604,4596,10912,-124,-106,138,9572,-10136,8076,-65,135,-170,-14952,4600,2444,-967,111,-117,-15044,-2528,5328,-459,181,-127,0
1695.0749809741974,10592,4500,10936,-82,-72,101,9604,-10132,8340,-70,140,-180,-14828,4472,2384,-1057,105,-133,-14952,-2440,5124,-485,189,-142,0
1695.10857796669,10548,4572,10832,-81,-48,104,9524,-10192,8028,-114,128,-198,-15044,4560,2492,-1050,135,-24,-15028,-2504,5264,-501,164,-126,0
1695.1419019699097,10684,4476,10936,-94,-18,112,9664,-10228,8136,-107,110,-181,-14640,4608,2488,-989,131,-41,-14908,-2352,5236,-496,147,-93,0
1695.1756110191343,10448,4488,10772,-87,-33,150,9364,-10172,8076,-104,82,-180,-14736,4588,2552,-1041,186,-95,-14940,-2444,5220,-266,176,-60,0
1695.2089710235596,10476,4480,10796,-107,-72,165,9564,-10264,8160,-60,49,-216,-14936,4704,2464,-1080,184,-177,-14888,-2496,5352,-554,195,-81,0
1695.2426640987396,10624,4532,10864,-71,-84,161,9512,-10424,8208,-75,70,-190,-14900,4720,2468,-1014,122,-124,-15056,-2476,5496,-536,108,-136,0
1695.2761750221252,10648,4452,11108,-90,-255,83,9616,-10116,8164,-19,201,-100,-14664,4644,2364,-1008,25,-47,-14908,-2396,5388,-545,61,-188,0
1695.3094730377195,10508,4360,11060,-147,-22,42,9564,-10144,8016,25,235,-109,-14828,4644,2304,-997,-13,-80,-14852,-2392,5360,-767,91,-170,0
1695.34321308136,10416,4556,11136,-111,38,77,9504,-10132,7944,-68,201,-125,-15036,4856,2524,-962,34,-85,-14864,-2512,5252,-478,100,-167,0
1695.376881122589,10452,4456,10840,-84,13,38,9540,-10132,8012,-71,177,-181,-14956,4620,2420,-1020,34,-94,-14932,-2404,5248,-497,153,-188,0
1695.4100689888,10528,4452,10984,-144,-17,35,9608,-10168,8060,-56,197,-181,-14752,4516,2376,-1021,-248,-58,-14884,-2092,5368,-493,123,-228,0
1695.4436819553375,10544,4444,10856,-73,59,-23,9320,-10092,8116,-8,312,-108,-14960,4612,2556,-989,-25,-55,-14976,-2500,5292,-507,64,-240,0
1695.4773459434507,10596,4496,10876,-115,89,-19,9540,-10152,8212,-43,232,-129,-14908,4716,2424,-1040,-16,-68,-14976,-2456,5268,-270,95,-248,0
1695.5107460021973,10524,4600,10960,-140,74,-22,9720,-10092,7980,-46,255,-142,-14632,4516,2480,-1042,-28,-73,-14908,-2556,5584,-534,68,-266,0
1695.5442490577698,10540,4624,10940,-118,71,1,9504,-10132,8112,-45,297,-123,-14848,4556,2600,-1047,251,-45,-14956,-2464,5284,-539,73,-230,0
1695.5775589942932,10700,4520,10908,-108,89,8,9376,-10196,7940,-13,510,-150,-14740,4764,2312,-1053,14,-6,-14824,-2520,5328,-540,133,-190,0
1695.6108050346375,10304,4592,10848,-92,30,77,9332,-10220,8212,-45,151,-180,-14748,4856,2356,-1054,109,-79,-14816,-2624,5412,-265,191,-146,0
1695.6440310478213,10360,4824,10996,-56,-31,77,9312,-10144,8008,-41,147,-173,-14880,4668,2584,-1275,109,-99,-14920,-2536,5428,-526,157,-133,0
1695.6776640415192,10428,4860,11072,-123,-21,111,9504,-10152,8140,-73,120,-185,-14832,4692,2428,-1023,99,-92,-14856,-2472,5344,-527,141,-124,0
1695.71120595932,10376,4684,10888,-88,-243,126,9496,-10148,8100,-36,125,-161,-14756,4680,2548,-1016,117,-25,-14896,-2320,5524,-498,131,-105,0
1695.7447941303253,10516,4556,11248,-88,8,116,9512,-10140,8168,-78,120,-132,-15088,4664,2692,-1015,93,-30,-14924,-2524,5628,-257,108,-156,0
1695.7782759666443,10744,4600,11116,-109,12,105,9456,-10156,8032,-91,140,-167,-15056,4684,2116,-1017,90,-23,-14972,-2484,5396,-489,122,-116,0
1695.8120610713959,10392,4588,10944,-76,-11,123,9232,-10172,8252,-81,119,-168,-14804,4692,2428,-1035,113,-88,-14984,-2460,5364,-269,142,-84,0
1695.8455440998077,10468,4540,11128,-81,-39,104,9492,-10196,8292,-44,114,-162,-14596,4624,2304,-1019,111,-56,-14916,-2444,5332,-500,160,-118,0
1695.8791871070862,10476,4548,10960,-87,-23,93,9324,-10020,8220,-46,134,-166,-14856,4700,2524,-1034,123,-54,-14888,-2484,5512,-510,136,-135,0
1695.9125001430511,10344,4656,11168,-109,-11,113,9568,-10280,8312,-79,62,-189,-14600,4848,2592,-1024,76,-61,-14900,-2540,5360,-512,190,-142,0
1695.9457890987396,10392,4360,11020,-147,-79,97,9372,-10080,7948,-60,168,-184,-14872,4856,2700,-980,71,-90,-14996,-2544,5336,-488,165,-126,0
1695.983314037323,10308,4672,11132,-131,-253,80,9564,-10188,8052,-86,184,-158,-14796,4772,2644,-1277,68,-81,-14964,-2488,5400,-525,121,-169,0
1696.019170045853,10384,4372,10984,-164,16,109,9460,-10484,8152,-32,149,-177,-14756,4640,2552,-1280,97,-43,-14852,-2620,5156,-490,199,-84,0
1696.0541360378265,10368,4696,10976,-113,-37,109,9300,-10132,8136,-45,167,-214,-14712,4600,2812,-983,114,-130,-15028,-2580,5408,-503,165,-112,0
1696.0897779464722,10408,4596,11024,-129,-43,92,9596,-10284,8124,-75,118,-194,-14860,4592,2320,-1015,81,-74,-14996,-2612,5472,-500,186,-172,0
1696.125482082367,10372,4588,11000,-150,-60,87,9584,-10180,8036,-30,166,-212,-14796,4728,2420,-1020,94,-79,-14968,-2548,5432,-506,152,-153,0
1696.1611490249634,10356,4856,10988,-76,-26,81,9452,-10248,8136,-36,157,-187,-14824,4568,2444,-1025,86,-47,-14992,-2628,5472,-508,138,-136,0
1696.1971011161804,10304,4696,11108,-101,-8,84,9620,-10100,8208,-44,16,-122,-14892,4704,2468,-1030,97,-82,-14956,-2508,5460,-500,131,-119,0
1696.2322909832,10308,4556,11128,-179,-5,79,9444,-10160,8036,254,211,-187,-14716,4700,2604,-1001,80,-84,-14900,-2756,5288,-768,134,-132,0
1696.2681410312653,10492,4620,11056,-160,-34,108,9380,-9988,7984,-98,171,-187,-14764,4416,2372,-1016,93,-82,-14880,-2540,5372,-512,162,-77,0
1696.3033509254456,10348,4688,11064,-170,-80,131,9396,-10240,8032,-33,164,-220,-14776,4648,2552,-998,109,-131,-14884,-2560,5324,-530,197,-69,0
1696.3386061191559,10476,4688,11064,-213,-111,118,9444,-10432,8328,-36,148,-210,-14768,4716,2432,-946,111,-82,-14976,-2528,5476,-521,158,-89,0
1696.3737199306488,10248,4860,11136,-275,-143,152,9704,-10104,8372,-19,153,-212,-14764,4504,2440,-933,98,-146,-15040,-2800,5416,-483,139,-72,0
1696.4136800765991,10028,4632,11100,-301,-123,133,9364,-10216,8084,-252,169,-227,-14764,4680,2516,-934,122,-107,-14884,-2548,5316,-458,183,-68,0
1696.4497470855713,10272,4632,11124,-299,-198,161,9444,-10228,8116,5,134,-221,-14856,4592,2616,-943,147,-156,-15028,-2640,5332,-473,209,-45,0
1696.4849500656128,10244,4576,11084,-324,-1,161,9544,-10448,8036,22,164,-249,-15032,4692,2556,-926,120,-116,-15000,-2332,5332,-452,196,-55,0
1696.5212080478668,10428,4852,11184,-294,-243,153,9456,-10244,8184,5,172,-270,-14856,4636,2344,-945,105,-177,-14968,-2484,5568,-457,229,-64,0
1696.5561950206757,10500,4532,11084,-303,-268,184,9480,-10224,8124,29,167,-246,-14832,4376,2424,-915,144,-149,-14980,-2472,5160,-450,224,-57,0
1696.5923991203308,10476,4600,10936,-283,-232,176,9440,-10408,8164,36,107,-245,-14868,4616,2388,-969,131,-146,-14884,-2728,5140,-455,196,-56,0
1696.6280879974363,10384,4536,10872,-512,-244,143,9432,-10136,8140,35,142,-1,-14788,4436,2376,-973,128,-94,-14960,-2472,5284,-467,183,-68,0
1696.6615629196167,10336,4580,11040,-249,-235,156,9484,-10140,8128,22,129,-225,-14788,4684,2624,-951,147,-121,-14912,-2340,5276,-460,200,-76,0
1696.6952941417694,10356,4612,11212,-285,-238,151,9580,-10120,8240,11,106,-253,-14848,4624,2348,-966,127,-134,-14996,-2568,5324,-458,173,-44,0
1696.72882604599,10308,4356,10892,-251,-175,136,9704,-10132,8160,23,157,-198,-14996,4656,2432,-984,129,-81,-14960,-2464,5140,-520,128,-92,0
1696.7622411251068,10552,4520,10824,-508,-156,150,9456,-10180,8140,44,124,-201,-14892,4636,2552,-995,112,-113,-15080,-2772,5320,-501,189,-77,0
1696.7955660820007,10660,4656,11188,-251,-229,165,9496,-10144,8168,-37,113,-214,-14832,4516,2496,-964,129,-85,-14852,-2320,5364,-461,176,-80,0
1696.8307919502258,10464,4628,11020,-210,-212,148,9484,-10172,8020,-34,108,-232,-14796,4624,2544,-977,117,-134,-14912,-2488,5216,-471,193,-90,0
1696.8649380207062,10276,4540,11088,-227,-233,165,9504,-10152,8172,-11,88,-234,-14596,4544,2384,-1004,155,-124,-14908,-2476,5256,-465,203,-73,0
1696.8984270095823,10536,4528,10828,-83,-132,154,9500,-10128,8212,-31,72,-189,-14872,4676,2612,-1013,132,-72,-15064,-2544,5424,-501,131,-130,0
1696.9321410655975,10556,4548,11020,-78,-11,103,9724,-10044,8136,-66,121,-140,-14916,4860,2488,-1015,89,-19,-15016,-2468,5116,-519,75,-118,0
1696.9657111167908,10552,4512,10888,-101,3,88,9592,-10120,8116,-48,184,-118,-14920,4684,2180,-1269,50,-35,-14916,-2500,5152,-517,94,-150,0
1696.999186038971,10536,4500,10872,-116,36,119,9468,-10116,8228,-49,125,-148,-14804,4564,2412,-1032,109,-64,-14972,-2560,5300,-536,135,-142,0
1697.0326850414276,10520,4512,10976,-68,-18,97,9504,-10208,8144,-40,97,-165,-14776,4700,2508,-1051,127,-107,-14932,-2452,5428,-509,192,-83,0
1697.0664429664612,10368,4560,11052,-94,-58,121,9220,-10224,8324,-81,89,-215,-14932,4692,2268,-1079,146,-90,-14964,-2440,5392,-528,186,-92,0
1697.1000080108645,10660,4576,11064,-33,-7,105,9440,-10184,8136,-83,114,-172,-14884,4584,2548,-1031,104,-96,-14912,-2492,5328,-499,157,-129,0
1697.1333510875702,10348,4812,10844,-94,-8,90,9424,-10208,8136,-49,147,-168,-14868,4764,2412,-1017,75,-62,-15048,-2488,5324,-511,115,-161,0
1697.1669900417328,10428,4556,11244,-62,50,93,9416,-10092,8172,-46,143,-151,-14624,4624,2344,-1040,76,-71,-15092,-2340,5260,-525,112,-131,0
1697.2004880905151,10432,4356,11004,-106,58,89,9660,-10068,8076,-47,155,-154,-14812,4620,2504,-989,40,-66,-15016,-2632,5376,-257,88,-117,0
1697.2340331077576,10440,4768,11032,-128,23,89,9532,-10156,8108,-49,190,-169,-14824,4576,2524,-955,75,-58,-15020,-2512,5316,-475,81,-150,0
1697.267601966858,10636,4524,10972,-136,0,84,9504,-10192,8192,-56,163,-169,-14840,4664,2472,-997,70,-55,-15072,-2460,5240,-503,120,-157,0
1697.3010931015015,10388,4520,10980,-140,-44,96,9456,-10332,8244,248,142,-188,-14736,4584,2372,-990,73,-99,-14892,-2572,5336,-496,128,-153,0
1697.3347780704498,10380,4624,10976,-76,-6,82,9268,-10156,8264,-74,166,-186,-14876,4516,2468,-998,72,-81,-15052,-2428,5280,-495,108,-178,0
1697.3683209419253,10592,4596,10944,-52,50,41,9488,-10236,8168,-96,161,-177,-14676,4380,2504,-1033,73,-27,-15068,-2436,5208,-504,95,-188,0
1697.4013421535492,10588,4612,10832,-101,59,21,9464,-10096,8096,-117,171,-137,-14948,4564,2472,-1041,53,-27,-14996,-2564,5136,-511,90,-171,0
1697.4348299503329,10456,4564,10808,-42,97,26,9460,-10132,8052,-83,177,-116,-14780,4664,2420,-1081,75,-38,-14844,-2548,5308,-539,160,-158,0
1697.4684789180756,10324,4604,11196,-55,48,86,9240,-10188,8188,-31,141,-165,-14712,4724,2584,-1043,158,-136,-14796,-2804,5172,-517,205,-65,0
1697.5019669532776,10152,4692,11212,-136,-74,147,9500,-10240,8156,-27,108,-192,-14856,4756,2528,-989,148,-124,-14984,-2644,5560,-484,184,-55,0
1697.5356481075287,10332,4572,11012,-239,-129,172,9444,-10244,8176,-57,132,-198,-14788,4796,2432,-978,118,-135,-14892,-2560,5548,-472,128,-120,0
1697.569251060486,10320,4376,11260,-176,-99,124,9428,-10068,8128,-48,165,-164,-14828,4400,2720,-953,69,-58,-14660,-2340,5316,-468,121,-107,0
1697.6022861003876,10404,4600,10848,-147,-42,120,9480,-10200,8056,-42,159,-153,-14888,4588,2596,-1014,81,-84,-14896,-2580,5244,-496,122,-66,0
1697.6387901306152,10400,4500,10996,-178,-39,153,9420,-10140,8252,-5,117,-201,-14872,4648,2380,-982,124,-88,-14980,-2520,5300,-479,207,-68,0
1697.6743731498718,10556,4660,11008,-154,-136,151,9472,-10180,8100,-7,121,-228,-15100,4828,2348,-992,122,-138,-15052,-2508,5292,-498,219,-96,0
1697.7095811367035,10428,4540,11068,-150,-123,137,9392,-10132,8132,-43,104,-235,-14852,4616,2396,-1019,127,-115,-14956,-2520,5284,-500,201,-120,0
1697.7448019981384,10384,4692,11032,-136,-94,151,9504,-10180,8228,-26,104,-188,-14752,4616,2536,-1035,117,-97,-14976,-2616,5144,-484,150,-145,0
1697.7804250717163,10516,4560,11056,-141,-18,114,9472,-10212,8120,-30,152,-146,-14836,4680,2612,-1275,75,-44,-15012,-2572,5532,-491,114,-120,0
1697.8157320022583,10372,4404,11088,-164,-7,118,9464,-10252,8164,-17,183,-128,-14784,4700,2532,-780,54,-53,-14916,-2552,5368,-487,77,-107,0
1697.8512749671936,10376,4528,11148,-197,-42,115,9260,-10036,8108,-4,158,-170,-14816,4628,2376,-992,106,-67,-14920,-2520,5240,-473,124,-105,0
1697.8876600265503,10248,4544,11028,-187,-75,138,9648,-10204,8120,-48,108,-191,-14844,4612,2532,-980,145,-86,-15104,-2604,5276,-477,207,-73,0
1697.9223251342773,10432,4584,11100,-144,-120,156,9540,-10220,8152,-75,107,-216,-14756,4664,2484,-967,140,-122,-15020,-2508,5316,-466,196,-66,0
1697.9575130939484,10336,4584,10956,-159,-122,160,9380,-10212,8072,-82,59,-227,-14888,4680,2508,-994,128,-107,-15032,-2492,5240,-485,180,-136,0
1697.9934289455414,10520,4608,11100,-93,-48,107,9544,-10208,8052,-56,141,-168,-14936,4688,2476,-1009,71,-72,-15096,-2488,5252,-506,110,-147,0
1698.0292599201205,10444,4604,10864,-121,23,89,9536,-10136,8132,-66,163,-169,-14968,4632,2404,-1060,67,-12,-14908,-2528,5316,-492,132,-180,0
1698.0645711421969,10456,4404,11036,-66,41,52,9476,-10244,8160,-52,156,-148,-14804,4596,2504,-1040,40,-124,-14964,-2476,5392,-506,165,-160,0
1698.1001489162443,10328,4588,11108,-87,17,93,9456,-10228,8096,-44,112,-170,-14824,4632,2656,-1034,79,-84,-14868,-2320,5488,-482,156,-117,0
1698.1351640224457,10492,4664,11112,-102,-18,100,9544,-10284,8036,-22,129,-191,-14896,4592,2476,-1271,97,-116,-15012,-2592,5292,-502,187,-118,0
1698.1712009906769,10364,4708,11076,-145,-45,116,9392,-10136,8248,-67,167,-170,-15084,4376,2684,-1009,57,-53,-14980,-2576,5304,-462,93,-132,0
1698.2061431407928,10396,4628,11096,-126,69,82,9484,-10052,7948,-59,186,-118,-14940,4664,2680,-1276,60,-17,-14968,-2528,5236,-521,22,-195,0
1698.2419109344485,10376,4552,11004,-176,54,73,9468,-10252,8160,-4,159,-94,-14604,4728,2616,-1054,52,-28,-14872,-2472,5324,-511,91,-153,0
1698.2774260044098,10260,4648,11068,-128,65,115,9472,-10128,8288,-71,195,-43,-14880,4772,2276,-1130,143,-40,-14984,-2780,5424,-462,103,-109,0
1698.3129529953003,10288,4592,11104,-155,-42,130,9444,-10220,8416,-45,139,-160,-14860,4588,2680,-1002,102,-62,-14904,-2492,5200,-450,169,-108,0
1698.3466241359713,10372,4504,10772,-123,-113,412,9424,-10000,7984,-89,53,-161,-14856,4576,2380,-1066,161,-81,-14932,-2576,5224,-434,184,-117,0
1698.3801579475403,10368,4372,11236,-55,-24,148,9456,-10212,8044,-45,105,-158,-14640,4756,2456,-1059,82,-72,-15044,-2632,5604,-481,108,-144,0
1698.413488149643,10384,4660,11012,-143,-250,105,9436,-10192,8040,-30,108,-125,-14832,4620,2404,-1012,81,-39,-14996,-2800,5136,-493,106,-148,0
1698.4471759796145,10420,4380,11084,-180,9,94,9264,-10112,8224,-41,174,-142,-14724,4688,2660,-1027,89,-52,-14892,-2536,5268,-495,112,-131,0
1698.4805390834808,10360,4696,11028,-122,-16,86,9420,-10176,8072,-48,143,-166,-14748,4668,2440,-1036,112,-73,-14928,-2576,5372,-492,159,-126,0
1698.5138311386108,10300,4584,11060,-149,-44,130,9444,-10184,8108,-26,133,-212,-14664,4616,2340,-1025,132,-100,-14920,-2512,5452,-468,215,-68,0
1698.5472660064695,10288,4604,11208,-180,-98,131,9396,-10260,8088,-33,118,-226,-14808,4672,2668,-993,161,-153,-15000,-2476,5476,-457,236,-31,0
1698.5806620121002,10328,4604,11060,-210,-166,183,9404,-10216,8140,-1,117,-225,-14764,4748,2508,-989,146,-118,-15028,-2620,5452,-446,212,-42,0
1698.6140630245209,10388,4640,11060,-230,-184,157,9420,-10232,8100,-11,129,-217,-14744,4808,2380,-924,160,-156,-14852,-2564,5352,-469,215,-48,0
1698.647833108902,10376,4628,11040,-211,-201,195,9308,-10208,8140,-15,116,-221,-14636,4708,2332,-952,133,-146,-14800,-2484,5436,-453,213,-65,0
1698.6812999248505,10268,4544,11200,-271,-195,189,9404,-10160,8096,16,142,-221,-14600,4416,2320,-953,132,-157,-15048,-2552,5308,-443,207,-55,0
1698.7147970199585,10448,4544,11128,-268,-222,158,9408,-10232,8132,255,100,-262,-14816,4816,2392,-939,136,-139,-15036,-2500,5140,-438,221,-80,0
1698.74840092659,10248,4360,10876,-312,-274,165,9560,-10224,8084,37,128,-249,-15104,4632,2500,-922,140,-114,-15036,-2476,5324,-432,223,-61,0
1698.7819499969485,10412,4600,11244,-300,-272,162,9420,-10196,8140,49,136,-233,-14888,4656,2244,-987,128,-137,-15064,-2572,5224,-447,205,-59,0
1698.8157269954681,10460,4648,10972,-273,-296,204,9588,-10048,8056,66,101,-237,-14904,4644,2524,-988,149,-145,-14968,-2448,5380,-425,227,-106,0
1698.8492870330813,10392,4544,10972,-307,-282,174,9456,-10204,8068,39,130,-242,-14832,4636,2308,-943,136,-179,-14924,-2512,5180,-419,199,-70,0
1698.8823659420013,10448,4604,10880,-276,-246,167,9456,-10124,8168,8,141,-218,-14764,4704,2468,-950,97,-79,-15000,-2496,5212,-449,115,-74,0
1698.9158840179443,10608,4500,11064,-268,-193,159,9504,-10152,8036,46,133,-182,-15084,4668,2492,-1007,75,-59,-15004,-2580,5280,-475,146,-90,0
1698.9494380950928,10436,4536,11156,-326,-245,181,9576,-10192,8200,42,135,-188,-14788,4540,2436,-1014,126,-124,-14984,-2500,5388,-458,174,-58,0
1698.9828760623932,10444,4700,11252,-221,-189,178,9528,-10020,8136,-19,115,-226,-14876,4612,2496,-957,119,-124,-14952,-2424,5320,-412,160,-34,0
1699.0164499282837,10444,4536,10908,-268,-196,169,9464,-10212,8128,26,125,-237,-14824,4608,2404,-964,140,-132,-14896,-2404,5348,-452,196,-67,0
1699.0499770641327,10428,4524,10992,-289,-265,223,9424,-9996,8020,17,65,-216,-14792,4620,2412,-991,145,-83,-14976,-2508,5284,-455,160,-61,0
1699.082957983017,10636,4392,10812,-221,-214,187,9304,-10128,8412,-15,66,-164,-14924,4608,2676,-1003,135,-82,-15036,-2488,5464,-451,123,-81,0
1699.1164860725403,10416,4484,10768,-211,-158,160,9716,-10224,8172,13,94,-196,-14756,4860,2496,-991,130,-103,-14960,-2412,5316,-468,152,-104,0
1699.1495270729065,10476,4496,10936,-184,-165,162,9496,-10136,8096,-16,119,-191,-14832,4672,2496,-988,120,-71,-14936,-2456,5580,-493,166,-121,0
1699.183233976364,10460,4508,11000,-111,-106,135,9720,-10144,8064,-39,79,-197,-14756,4656,2376,-1035,144,-83,-15064,-2464,5068,-471,159,-129,0
1699.2168600559235,10608,4440,10868,-124,-105,107,9512,-10080,8036,-13,163,-189,-14884,4584,2568,-1019,99,-73,-14932,-2448,5248,-509,136,-134,0
1699.2503371238708,10268,4364,10940,-95,-19,85,9460,-10200,7964,-5,155,-168,-14896,4584,2596,-1020,94,-104,-15040,-2464,5280,-490,135,-106,0
1699.2836680412292,10404,4484,11204,-134,-41,113,9460,-10176,8244,2,148,-171,-14732,4360,2516,-1028,124,-70,-14952,-2448,5412,-487,136,-131,0
1699.3202819824219,10252,4500,11068,-128,-70,100,9700,-10192,8412,-6,147,-186,-14788,4648,2492,-1026,96,-85,-14628,-2428,5364,-482,192,-124,0
1699.3555569648745,10380,4556,10768,-80,-68,116,9504,-10152,8196,-24,121,-199,-14776,4644,2488,-998,114,-131,-14928,-2492,5412,-495,165,-126,0
1699.391382932663,10400,4624,10976,-113,-93,89,9688,-10080,8072,-53,135,-201,-14736,4600,2552,-1010,114,-97,-14920,-2488,5348,-492,175,-117,0
1699.4262390136719,10404,4532,11052,-134,-73,94,9412,-10464,8048,-61,151,-218,-14856,4828,2480,-1001,86,-107,-14960,-2452,5216,-467,151,-126,0
1699.461753129959,10568,4516,10876,-136,-66,120,9416,-10216,8316,-70,128,-193,-14824,4832,2372,-1002,127,-112,-14988,-2452,5356,-474,151,-114,0
1699.4976799488068,10580,4460,10932,-82,-25,135,9524,-10192,8032,-65,93,-163,-14908,4576,2312,-1025,93,-82,-15028,-2536,5300,-490,149,-115,0
1699.5328299999235,10588,4488,11152,-113,-36,130,9468,-10008,8036,-73,117,-151,-14856,4588,2400,-1040,112,-54,-14984,-2580,5224,-474,149,-94,0
1699.5677371025085,10628,4844,10944,-59,12,134,9460,-10112,8184,-85,105,-131,-14872,4640,2552,-1010,137,-71,-15024,-2464,5304,-262,93,-85,0
1699.6034240722656,10508,4468,10908,-59,52,116,9608,-10444,8440,-41,95,-131,-14988,4688,2576,-1062,102,-45,-15008,-2544,5260,-524,133,-147,0
1699.6394710540771,10428,4500,11064,-88,26,107,9568,-10100,8216,-60,135,-143,-14812,4580,2528,-1040,62,-58,-15120,-2564,5304,-508,107,-141,0
1699.67440199852,10508,4528,10956,-22,96,65,9484,-10196,7936,-104,155,-113,-14800,4760,2536,-1036,63,-254,-14956,-2448,5216,-481,111,-174,0
1699.709762096405,10464,4536,10964,-115,40,81,9640,-10224,8140,-88,157,-140,-14820,4700,2380,-1049,66,236,-14924,-2500,5240,-486,121,-140,0
1699.7448909282684,10440,4524,11064,-67,65,88,9436,-10188,8040,-79,126,-144,-14804,4708,2720,-1038,73,-8,-14976,-2436,5392,-488,129,-178,0
1699.780673980713,10420,4544,11136,-29,58,71,9672,-10300,8020,-85,149,-123,-14804,4672,2468,-1008,28,-49,-14912,-2396,5336,-260,94,-169,0
1699.8158490657809,10412,4592,11120,-61,47,53,9468,-10168,8100,-18,151,-149,-14808,4544,2476,-770,56,-17,-14928,-2528,5352,-512,75,-146,0
1699.8517191410065,10468,4580,11088,-82,36,81,9220,-10204,8148,-38,124,-159,-14824,4636,2532,-1008,66,-128,-14972,-2464,5364,-518,132,-155,0
1699.8881001472473,10456,4824,10884,-65,470,37,9512,-10292,8228,8,132,-211,-14752,4596,2444,-1051,51,-111,-14960,-2320,5360,-510,194,-162,0
1699.9234840869904,10360,4556,11208,-68,-35,76,9468,-10144,8016,-32,141,-200,-14740,4624,2696,-1077,64,-107,-15076,-2484,5364,-515,147,-163,0
1699.9613399505615,10452,4596,10912,-48,-33,79,9464,-10212,8028,-6,121,-176,-14960,4400,2532,-1269,109,-57,-14960,-2796,5124,-508,141,-133,0
1699.9950411319733,10436,4608,10808,-105,-49,78,9564,-10192,8064,-22,124,-204,-15064,4840,2516,-769,101,-97,-14956,-2412,5356,-497,138,-149,0
1700.0285980701449,10424,4600,11200,-93,-9,89,9536,-10124,8056,-28,124,-171,-14844,4720,2448,-1010,21,-39,-14984,-2612,5296,-257,118,-132,0
1700.062089920044,10392,4704,11148,-145,250,108,9268,-10088,8176,-30,18,-82,-14900,4632,2452,-983,83,-43,-14988,-2620,5236,-258,116,-141,0
1700.0958240032196,10240,4428,11068,-149,-9,116,9376,-10240,8064,-68,138,-149,-14864,4732,2692,-1037,88,227,-14984,-2488,5248,-477,112,-109,0
1700.1291580200195,10472,4616,10836,-124,-24,146,9416,-10112,7988,-66,138,-145,-14804,4660,2048,-1010,110,-46,-14892,-2360,5316,-531,128,-102,0
1700.1623840332031,10408,4548,10960,-110,-23,156,9260,-10496,7980,-74,106,-149,-14820,4680,2752,-1041,118,-96,-14956,-2468,5356,-259,132,-95,0
1700.1961181163788,10420,4540,10888,-75,-29,134,9408,-10220,7984,-31,177,-150,-14824,4720,2404,-1053,108,-77,-15020,-2436,5240,-527,146,-89,0
1700.2299671173096,10312,4528,11112,-94,-44,111,9512,-10252,8100,-53,127,-179,-14820,4856,2344,-777,96,-85,-14960,-2524,5276,-486,154,-126,0
1700.2636971473694,10300,4624,10968,-128,-53,96,9468,-10164,8160,-57,135,-199,-14856,4728,2800,-989,57,-92,-15084,-2500,5352,-507,108,-145,0
1700.2973990440369,10296,4624,11224,-84,-22,78,9704,-10308,8108,-53,156,-157,-14888,4672,2588,-1026,71,-21,-14932,-2340,5604,-521,147,-144,0
1700.330915927887,10020,4548,11252,-130,-255,83,9480,-10220,8156,10,136,-175,-14896,4808,2668,-1038,59,-101,-14832,-2544,5316,-499,174,-137,0
1700.364695072174,10336,4644,10912,-125,-44,89,9352,-10192,7948,-79,159,-198,-15084,4672,2576,-985,68,-78,-14968,-2604,5292,-481,149,-121,0
1700.3982260227203,10404,4684,11072,-140,-41,61,9416,-10284,8172,-68,154,-195,-14936,4676,2464,-1001,103,-114,-14932,-2444,5296,-490,169,-121,0
1700.4318721294403,10344,4516,10984,-134,-62,112,9532,-10192,7976,-45,161,-180,-14600,4664,2408,-882,-26,-121,-14992,-2552,5324,-499,160,-151,0
1700.4654579162598,10480,4676,10976,-126,-43,97,9396,-10144,8044,-40,202,-168,-14724,4644,2496,-774,61,-97,-14968,-2384,5356,-258,159,-105,0
1700.499454021454,10260,4668,11180,-218,-64,109,9496,-10276,8224,-27,175,-196,-14720,4648,2800,-951,107,-96,-14848,-2636,5432,-461,170,-71,0
1700.5329270362854,10052,4680,11168,-275,-132,141,9352,-9992,8148,-10,172,-510,-14804,4624,2496,-957,93,-102,-14980,-2636,5340,-475,173,-69,0
1700.5664329528809,10324,4572,10988,-285,-203,137,9240,-10432,8148,3,158,-237,-14808,4648,2564,-953,107,-132,-14932,-2548,5312,-490,182,-87,0
1700.6000001430511,10380,4600,11056,-248,-205,147,9412,-10244,8168,23,161,-215,-14860,4736,2376,-936,118,-135,-14916,-2468,5328,-471,186,-68,0
1700.6336071491241,10380,4584,11072,-297,-236,160,9428,-10220,8136,17,139,-201,-14704,4672,2312,-952,88,-128,-15000,-2508,5284,-467,139,-50,0
1700.6669750213623,10384,4632,11048,-278,-180,162,9436,-10156,8096,24,108,-206,-14672,4464,2392,-948,155,-110,-15024,-2420,5248,-460,185,-88,0
1700.7005219459534,10420,4512,11044,-289,-201,151,9224,-10168,8056,26,140,-218,-14928,4620,2304,-946,120,-115,-14968,-2440,5196,-469,212,-61,0
1700.7340040206907,10348,4584,11100,-270,-204,186,9460,-10224,8268,30,124,-237,-14764,4640,2396,-943,149,-153,-15004,-2428,5272,-487,226,-64,0
1700.7673950195312,10360,4536,10936,-274,-258,207,9392,-10168,8196,-9,143,-244,-14752,4644,2376,-960,160,-189,-14944,-2768,5272,-447,190,-26,0
1700.8010210990906,10484,4592,10888,-222,-250,167,9248,-10112,8116,-15,136,-4,-14876,4672,2552,-944,98,-100,-15052,-2448,5256,-444,160,-70,0
1700.8344540596008,10548,4568,10960,-246,-178,122,9456,-10476,8432,22,154,-219,-14872,4728,2488,-983,85,-98,-14992,-2448,5240,-473,160,-121,0
1700.8680801391602,10520,4572,11056,-277,-209,128,9440,-10156,8216,53,143,-216,-14784,4612,2468,-961,76,-120,-15012,-2464,5128,-461,176,-106,0
1700.901204109192,10388,4520,11020,-186,-159,112,9420,-10204,8324,-8,169,-207,-14804,4600,2540,-955,99,-153,-15020,-2676,5160,-462,124,-114,0
1700.9349570274353,10396,4464,11100,-225,-164,140,9724,-10144,8044,27,107,-229,-14904,4628,2480,-991,127,-151,-14976,-2512,5228,-480,151,-88,0
1700.968575000763,10496,4496,11188,-239,-263,200,9316,-10148,7984,33,81,-201,-15044,4352,2324,-979,151,-82,-14992,-2512,5292,-481,166,-84,0
1701.0054709911349,10468,4536,10752,-196,-186,174,9468,-10264,8240,4,91,-194,-14900,4556,2488,-991,156,-80,-14976,-2520,5320,-474,138,-78,0
1701.0415019989014,10448,4504,10872,-173,-167,143,9536,-10196,8072,-36,111,-202,-14936,4860,2624,-1024,120,-110,-14932,-2428,5332,-487,160,-115,0
1701.0777699947355,10424,4512,11140,-155,-113,135,9500,-10108,8224,-58,106,-162,-14736,4376,2548,-980,85,-60,-14964,-2392,5368,-454,116,-141,0
1701.1128289699554,10500,4504,11008,-49,-42,87,9500,-10140,8096,-96,125,-171,-14836,4612,2396,-1003,90,-58,-15052,-2392,5304,-472,158,-132,0
1701.1486630439758,10584,4480,11188,-74,-6,86,9524,-10124,7864,-50,110,-195,-14612,4804,2336,-1043,91,-52,-14988,-2404,5316,-487,152,-113,0
1701.1835989952087,10340,4460,10924,-43,-251,99,9476,-10064,8092,-11,90,-157,-14680,4664,2504,-1058,96,-36,-14996,-2536,5352,-506,151,-135,0
1701.219181060791,10516,4556,11024,-53,10,99,9500,-10164,8128,-46,127,-167,-14868,4648,2356,-1095,125,-43,-14948,-2484,5252,-522,152,-127,0
1701.2541811466215,10416,4544,11240,-61,-9,92,9716,-10092,8008,-72,110,-164,-14788,4664,2496,-1079,105,-120,-14868,-2464,5124,-485,141,-155,0
1701.2901711463928,10380,4572,10880,-52,-13,106,9684,-10212,8444,-63,143,-181,-14788,4612,2732,-1021,97,-102,-14988,-2544,5252,-520,132,-142,0
1701.3255379199982,10408,4584,10924,-45,26,101,9576,-10248,8076,-59,148,-157,-14824,4592,2480,-1000,77,-42,-14852,-2480,5280,-495,95,-157,0
1701.361256122589,10532,4580,10884,-74,29,79,9412,-10152,8160,-49,175,-129,-14876,4624,2508,-1010,72,-60,-15036,-2568,5272,-260,119,-155,0
1701.3961751461027,10476,4580,10936,-62,47,72,9472,-10168,8128,-43,167,-150,-14752,4632,2528,-1004,65,-53,-14884,-2476,5268,-502,103,-178,0
1701.4354951381683,10388,4532,11120,-89,30,75,9420,-10212,8204,-21,167,-187,-14868,4628,2448,-1007,58,-85,-14852,-2416,5268,-492,148,-157,0
1701.4713311195374,10320,4608,11140,-84,-36,84,9220,-10148,8388,-20,121,-197,-14696,4616,2528,-1004,87,-145,-14936,-2468,5340,-258,157,-137,0
1701.5076789855955,10472,4600,10992,-80,-48,84,9716,-10152,8220,-45,157,-178,-14736,4708,2560,-975,79,-92,-14992,-2400,5364,-508,136,-128,0
1701.5428590774536,10440,4548,11104,-100,23,99,9428,-10176,8196,-69,154,-146,-14864,4536,2536,-1014,42,-66,-15016,-2808,5232,-492,70,-145,0
1701.577644109726,10464,4564,11008,-87,47,77,9504,-10200,8060,-44,183,-146,-14812,4624,2636,-1034,32,-34,-14892,-2452,5176,-496,84,-142,0
1701.6131510734558,10472,4744,11072,-115,60,123,9476,-10068,8156,-55,111,-152,-15076,4724,2440,-1061,95,-79,-14908,-2468,5356,-489,109,-104,0
1701.6500029563904,10356,4656,10968,-116,17,118,9228,-9996,8096,-72,128,-118,-15068,4716,2492,-999,89,-47,-14856,-2560,5276,-498,125,-117,0
1701.683426141739,10348,4812,10952,-82,32,110,9436,-10252,8100,-70,140,-174,-14888,4636,2648,-1056,95,-26,-14896,-2552,5220,-503,137,-124,0
1701.716952085495,10308,4712,11044,-75,-8,103,9432,-10108,8284,-67,113,-176,-14876,4564,2528,-1045,95,-100,-14948,-2496,5532,-518,169,-116,0
1701.7504670619965,10424,4688,11008,-117,-28,100,9416,-10104,8152,-78,139,-207,-14884,4628,2420,-1025,88,-94,-14936,-2552,5496,-482,130,-123,0
1701.7840991020205,10432,4636,11076,-63,24,108,9464,-10192,8168,-112,157,-140,-14744,4380,2808,-1021,74,-30,-15012,-2468,5440,-473,76,-152,0
1701.8174250125883,10396,4568,11176,-129,37,91,9456,-10272,7996,-32,162,-114,-14836,4724,2500,-1055,61,-27,-14972,-2744,5428,-543,119,-161,0
1701.8510069847107,10420,4660,11068,-90,0,96,9412,-10160,8196,-31,154,-127,-15016,4520,2360,-1048,93,-50,-14968,-2804,5396,-470,117,-119,0
1701.8851289749146,10284,4604,11136,-65,7,100,9468,-10244,7940,-84,117,-190,-14856,4352,2620,-1034,91,-57,-14952,-2560,5308,-449,125,-148,0
1701.9185800552368,10372,4372,11240,-124,-50,78,9400,-10264,8096,-40,145,-168,-14748,4760,2340,-1044,89,-72,-14880,-2480,5388,-520,164,-117,0
1701.9521470069883,10300,4636,10880,-77,-19,97,9444,-10268,8180,-28,96,-166,-14640,4748,2604,-1082,71,-83,-14952,-2584,5600,-503,129,-165,0
1701.985780954361,10364,4740,11036,-88,19,81,9484,-10212,8096,-53,157,-159,-14796,4656,2524,-1043,47,-49,-15012,-2548,5548,-506,119,-137,0
1702.0188400745392,10252,4740,10752,-113,19,76,9416,-10244,8124,-48,130,-159,-14656,4592,2648,-1027,92,-37,-14964,-2432,5360,-487,151,-156,0
1702.0526039600372,10336,4684,11024,-125,-25,84,9412,-10252,8176,-43,158,-181,-14616,4796,2768,-1006,104,-77,-14884,-2508,5356,-480,195,-141,0
1702.086126089096,10420,4704,11080,-117,-83,108,9680,-10156,7972,-61,144,-204,-14808,4688,2324,-1007,92,-107,-15012,-2544,5424,-481,188,-122,0
1702.1197791099548,10276,4660,11060,-157,-127,106,9364,-10176,8164,-33,122,-207,-14736,4640,2700,-1024,107,-126,-14920,-2552,5276,-506,165,-100,0
1702.1529791355133,10252,4656,11024,-142,-76,143,9492,-10184,8088,-53,156,-190,-14876,4624,2560,-1006,106,-85,-14956,-2512,5416,-501,143,-101,0
1702.1865570545197,10376,4600,11040,-184,-76,136,9556,-10344,7980,-28,149,-160,-14600,4648,2528,-1011,124,-80,-15032,-2484,5296,-503,144,-55,0
1702.2199640274048,10216,4628,11100,-224,-64,150,9696,-10280,8124,-17,122,-188,-14732,4648,2668,-1013,111,-109,-14988,-2460,5384,-488,159,-63,0
1702.2535269260409,10400,4656,11104,-246,-131,158,9396,-10180,8060,-12,141,-194,-14780,4444,2652,-975,111,-126,-14956,-2516,5316,-451,152,-50,0
1702.2872760295868,10008,4848,11192,-510,-171,162,9320,-10232,8028,-28,154,-224,-14740,4568,2400,-938,128,-153,-14852,-2520,5256,-457,164,-49,0
1702.3205659389496,10288,4760,11112,-512,-219,176,9340,-10340,8100,18,131,-510,-14688,4664,2668,-934,114,-131,-14928,-2548,5380,-448,188,-80,0
1702.3542850017548,10304,4380,11200,-319,-233,172,9428,-10172,8156,28,149,-247,-14824,4688,2492,-926,146,-107,-14964,-2512,5452,-438,191,-78,0
1702.387706041336,10320,4360,11212,-308,-201,147,9700,-9996,8092,38,182,-215,-14872,4664,2732,-940,94,-156,-15036,-2500,5124,-444,184,-79,0
1702.4212081432345,10444,4588,11016,-309,-218,185,9532,-10132,8188,62,134,-219,-14788,4632,2568,-959,127,-172,-14876,-2796,5244,-450,182,-51,0
1702.4546020030975,10344,4676,10780,-321,-281,153,9436,-10148,7968,22,149,-217,-14832,4776,2372,-968,121,-138,-14876,-2316,5280,-442,222,-59,0
1702.4882099628448,10392,4660,10788,-304,-246,168,9704,-10120,8160,-6,145,-227,-14748,4580,2412,-930,76,-102,-15104,-2452,5256,-465,138,-83,0
1702.5218369960785,10572,4388,10960,-296,-176,142,9528,-9988,8040,25,179,-191,-14928,4616,2564,-968,72,-57,-14976,-2332,5228,-478,145,-102,0
1702.5554461479187,10704,4508,11040,-345,-213,141,9404,-10188,8172,58,150,-199,-14980,4532,2464,-954,102,-102,-15008,-2464,5356,-466,142,-105,0
1702.5890889167786,10376,4720,10920,-6,-120,106,9544,-10132,8212,-31,158,-225,-14920,4696,2624,-986,79,-132,-15068,-2428,5356,-433,132,-144,0
1702.6225590705872,10400,4468,11056,-235,-161,113,9544,-10132,8028,0,169,-209,-14792,4752,2480,-973,71,-74,-14848,-2452,5220,-432,163,-110,0
1702.6558101177216,10392,4516,10896,-283,-197,140,9472,-10164,8084,43,154,-185,-14596,4764,2544,-987,106,-60,-14904,-2552,5624,-464,132,-104,0
1702.6928639411926,10248,4360,10824,-223,-132,143,9340,-10204,8092,8,147,-158,-14828,4644,2604,-978,44,-91,-14956,-2328,5348,-469,103,-110,0
1702.7277600765228,10404,4560,11220,-240,-128,130,9428,-10440,8272,39,156,-166,-14644,4624,2444,-996,81,-68,-14916,-2436,5416,-462,143,-81,0
1702.7633941173553,10396,4508,10992,-211,-178,172,9396,-10248,8108,8,97,-194,-14764,4656,2464,-965,169,-85,-14944,-2412,5364,-480,187,-86,0
1702.7993409633636,10388,4544,10952,-125,-153,152,9484,-10096,8228,-53,76,-230,-14776,4576,2420,-988,139,-41,-14916,-2480,5208,-483,189,-119,0
1702.8343710899353,10468,4540,11104,-85,-128,112,9480,-10072,7936,-59,74,-237,-14840,4560,2388,-1042,120,-124,-14988,-2612,5316,-495,141,-142,0
1702.8694081306458,10556,4516,10972,-49,-49,76,9504,-10088,8188,-53,134,-190,-14844,4536,2756,-1027,73,-66,-14892,-2448,5152,-502,149,-129,0
1702.9043400287628,10460,4824,10944,-99,-19,86,9512,-10184,8148,-42,114,-195,-14776,4604,2556,-1112,125,-76,-14708,-2504,5564,-487,162,-99,0
1702.940150976181,10488,4564,11016,-73,20,86,9500,-10060,8056,-49,55,-200,-14964,4564,2600,-1045,130,-46,-15032,-2616,5292,-529,199,-101,0
1702.9754600524902,10432,4584,10820,-59,-28,116,9512,-10140,7952,-67,87,-187,-14784,4580,2436,-1069,130,-74,-14912,-2424,5340,-514,185,-69,0
1703.010941028595,10368,4556,10864,-60,-25,111,9516,-10068,8060,-84,92,-198,-14772,4576,2336,-1054,145,-38,-15012,-2452,5564,-515,167,-104,0
1703.0460860729218,10480,4596,11020,-99,-78,146,9516,-10204,8036,-82,81,-165,-14808,4536,2424,-999,90,-63,-14932,-2528,5292,-484,118,-115,0
1703.0825209617615,10464,4592,10992,-91,5,121,9516,-10204,8420,-66,157,-146,-14892,4668,2528,-1009,57,-37,-15024,-2524,5236,-263,94,-146,0
1703.1175029277802,10432,4600,11192,-58,84,108,9432,-10136,7952,-39,134,-118,-14952,4672,2736,-1040,52,-26,-14964,-2496,5344,-511,105,-135,0
1703.153146982193,10460,4600,11132,-125,29,118,9568,-10128,8076,-77,140,-141,-14776,4604,2640,-1012,95,-59,-14924,-2576,5380,-490,112,-137,0
1703.188707113266,10532,4388,11012,-87,-5,98,9448,-10188,7932,-98,123,-173,-14828,4708,2476,-991,104,-72,-14968,-2444,5328,-498,66,-122,0
1703.223654985428,10288,4516,11052,-102,53,87,9296,-10456,8008,-38,140,-138,-14828,4604,2540,-1066,39,-80,-14996,-2468,5308,-531,162,-161,0
1703.2596261501312,10376,4616,11092,-121,-19,91,9420,-10040,8164,-48,190,-148,-14932,4568,2520,-1031,45,-129,-14896,-2584,5228,-512,151,-171,0
1703.2950530052183,10372,4592,11012,-55,-246,76,9588,-10112,7540,-16,19,-160,-14832,4668,2420,-1062,55,-84,-14876,-2432,5340,-498,151,-157,0
1703.3319120407104,10436,4464,11136,-154,-22,78,9504,-10180,8216,-25,224,-148,-14656,4720,2588,-985,43,-29,-14924,-2468,5224,-509,175,-166,0
1703.3654711246493,10352,4528,11008,-119,-15,86,9452,-10132,8212,-256,136,-139,-14768,4628,2632,-1055,60,-71,-15048,-2544,5420,-503,128,-185,0
1703.398733139038,10284,4408,10832,-40,47,97,9508,-10148,8100,-51,138,-113,-14856,4740,2624,-1021,48,-72,-15008,-2556,5348,-512,50,-186,0
1703.4323990345,10388,4724,11180,-92,62,86,9420,-10112,7980,-65,169,-115,-14704,4684,2552,-1021,16,-52,-14948,-2572,5300,-503,120,-151,0
1703.466001033783,10344,4700,10912,-133,-21,101,9528,-10168,8036,-55,195,-133,-14780,4584,2364,-1037,88,-35,-14960,-2500,5192,-502,176,-86,0
1703.499545097351,10292,4676,11048,-62,-57,113,9364,-10100,8180,-55,95,-171,-14744,4664,2728,-1044,123,-25,-14940,-2508,5284,-479,199,-94,0
1703.5329620838163,10196,4544,11064,-89,-74,150,9436,-10392,8088,-37,234,-106,-14912,4852,2744,-961,112,-97,-14928,-2456,5444,-476,176,-91,0
1703.5664341449738,10292,4556,11064,-66,-37,148,9572,-10220,8172,-54,78,-149,-14812,4700,2708,-1056,119,-103,-15008,-2648,5476,-504,132,-108,0
1703.599985122681,10340,4632,11008,-112,-34,151,9324,-10180,8120,-39,130,-152,-14892,4588,2692,-779,104,-78,-14952,-2628,5480,-495,103,-154,0
1703.6334481239319,10320,4724,11076,-119,-21,136,9408,-10164,8164,-37,118,-134,-14756,4712,2304,-1039,80,-55,-14876,-2588,5360,-499,167,-103,0
1703.666974067688,10336,4680,10976,-102,-63,128,9416,-10436,8048,-44,112,-211,-14796,4648,2356,-1267,130,-79,-14892,-2524,5288,-497,202,-126,0
1703.7003509998322,10264,4656,11152,-92,-96,120,9440,-10144,8156,-65,105,-225,-14816,4684,2528,-916,78,-108,-14988,-2584,5348,-491,162,-140,0
1703.7336699962616,10312,4648,11148,-131,-137,109,9432,-10140,8104,-37,157,-212,-14788,4560,2564,-986,94,-121,-14972,-2464,5372,-468,206,-125,0
1703.76740193367,10384,4612,11056,-147,-105,111,9224,-10028,8156,-45,133,-201,-14808,4652,2416,-985,84,-90,-14924,-2456,5428,-486,170,-130,0
1703.8008501529694,10340,4596,11092,-103,-43,103,9588,-10204,8088,-18,114,-197,-14828,4408,2488,-1038,74,-98,-14984,-2556,5348,-505,193,-149,0
1703.8343751430511,10328,4704,11168,-105,-69,86,9272,-10088,7996,-22,120,-194,-15080,4688,2804,-1040,106,-108,-14976,-2592,5252,-507,170,-139,0
1703.8678910732267,10256,4724,11072,-167,-86,108,9644,-10100,8112,-43,162,-181,-14736,4576,2696,-1000,63,-136,-14976,-2464,5288,-490,132,-133,0
1703.9010961055756,10344,4696,11036,-141,-67,100,9500,-10112,8032,-91,140,-160,-15056,4768,2660,-1014,76,-39,-14888,-2536,5324,-476,92,-114,0
1703.9346539974213,10388,4660,11108,-142,-250,104,9244,-10132,8200,-29,125,-124,-14616,4624,2648,-1013,92,-13,-14932,-2604,5340,-524,130,-128,0
1703.9681310653689,10308,4772,11072,-204,-66,107,9440,-10176,8196,-11,198,-145,-14776,4420,2336,-1018,109,-62,-14804,-2700,5588,-466,142,-96,0
1704.0017280578613,10284,4684,11012,-186,-48,137,9364,-10308,8288,-78,148,-182,-15052,4840,2584,-998,113,-123,-15016,-2552,5232,-485,158,-54,0
1704.0352990627289,10376,4684,11204,-255,-136,141,9460,-10204,8192,-19,150,-226,-14888,4832,2368,-1003,122,-110,-14844,-2588,5216,-480,209,-68,0
1704.0689220428467,9996,4428,11116,-247,-174,161,9336,-10168,8068,4,139,-210,-14748,4676,2524,-973,130,-86,-14992,-2312,5372,-458,215,-54,0
1704.102126121521,10336,4700,11028,-228,-162,154,9396,-10004,8096,245,171,-176,-14620,4636,2344,-961,75,-98,-14924,-2312,5380,-472,146,-88,0
1704.1356000900269,10280,4832,11036,-242,-155,155,9488,-10264,8024,2,152,-183,-14752,4708,2352,-916,87,-118,-14916,-2536,5372,-456,149,-59,0
1704.1691751480105,10248,4760,11084,-291,-144,151,9472,-10304,8108,25,197,-210,-14836,4640,2668,-937,81,-168,-14932,-2520,5316,-447,177,-126,0
1704.202537059784,10360,4452,11092,-266,-186,147,9520,-10188,8012,31,178,-212,-14784,4568,2492,-912,131,-137,-14984,-2448,5300,-454,212,-72,0
1704.2358729839325,10400,4696,11160,-309,-265,169,9496,-10268,8148,46,97,-510,-14756,4740,2332,-999,148,-123,-15000,-2492,5140,-464,202,-60,0
1704.2694370746613,10340,4356,10820,-504,-189,182,9704,-10220,8056,20,112,-209,-14772,4856,2608,-971,121,-155,-15008,-2524,5272,-482,185,-51,0
1704.3028540611267,10392,4852,11032,-308,-254,174,9672,-10132,8016,36,164,-229,-14892,4584,2548,-978,144,-128,-14888,-2484,5312,-447,246,-64,0
1704.3363790512085,10396,4824,11104,-261,-240,123,9504,-10180,8068,25,117,-233,-14836,4428,2680,-968,117,-123,-14948,-2364,5408,-460,183,-95,0
1704.3728549480438,10396,4848,11000,-288,-235,157,9540,-10160,7940,28,158,-232,-14876,4564,2584,-992,142,-145,-14908,-2616,5252,-471,200,-79,0
1704.4087009429932,10448,4556,11072,-263,-252,152,9688,-10144,8188,-19,140,-219,-14848,4648,2788,-964,129,-121,-15040,-2576,5140,-415,141,-97,0
1704.4441530704498,10360,4616,11044,-282,-187,135,9512,-10212,8160,11,149,-196,-14828,4628,2516,-950,69,-58,-14984,-2476,5236,-479,138,-112,0
1704.4795351028445,10688,4488,11192,-314,-268,176,9596,-10140,8048,81,109,-191,-14732,4648,2504,-968,129,-133,-14956,-2476,5256,-409,209,-57,0
1704.5150821208954,10464,4604,10916,-223,-241,202,9624,-10132,8148,-251,108,-212,-14792,4672,2492,-940,168,-100,-15088,-2504,5204,-438,148,-68,0
1704.5504019260409,10520,4532,11136,-230,-207,180,9456,-10184,8148,61,79,-230,-14876,4748,2576,-973,148,-136,-15016,-2448,5232,-480,177,-51,0
1704.585636138916,10432,4524,10916,-208,-234,201,9248,-10136,8388,47,75,-235,-14840,4636,2332,-988,121,-107,-15020,-2500,5264,-486,203,-87,0
1704.6217350959778,10608,4592,11040,-95,-151,181,9536,-10100,8168,-13,69,-178,-14840,4528,2652,-980,131,-65,-15000,-2440,5272,-258,76,-138,0
1704.6580381393433,10548,4572,10864,-78,-82,120,9584,-10084,8112,-90,116,-168,-14872,4508,2528,-1040,56,-47,-14960,-2536,5276,-487,100,-163,0
1704.693167924881,10556,4508,10760,-157,-6,69,9500,-10056,8056,-77,179,-144,-14736,4584,2632,-770,27,-64,-14872,-2472,5272,-503,142,-154,0
1704.7282540798187,10452,4568,10984,-104,-249,79,9464,-10172,8312,-56,123,-154,-14768,4836,2680,-1066,138,-66,-15028,-2476,5384,-485,178,-119,0
1704.7640590667725,10480,4460,10916,-92,-13,105,9396,-10132,7952,-80,86,-190,-14824,4656,2688,-1038,93,-61,-14972,-2516,5344,-504,135,-104,0
1704.799781084061,10432,4520,10988,-87,-29,92,9460,-10088,8004,-39,115,-189,-14816,4764,2612,-1063,105,-85,-14908,-2532,5524,-538,171,-170,0
1704.8355140686035,10504,4440,10956,-33,249,92,9688,-10084,7976,-57,99,-153,-14680,4612,2480,-1069,85,-73,-14876,-2588,5348,-518,153,-151,0
1704.8710129261017,10452,4624,11036,-54,13,87,9360,-10124,8184,-96,142,-179,-14736,4604,2552,-1276,93,-105,-14996,-2424,5212,-762,120,-136,0
1704.9062130451205,10440,4540,10984,-43,45,74,9276,-10204,8180,-83,133,-124,-14860,4696,2572,-1031,73,-55,-14992,-2580,5348,-524,108,-117,0
1704.9418189525604,10508,4556,11096,-73,41,59,9344,-10076,8244,-63,162,-142,-14892,4668,2484,-988,63,-33,-14976,-2536,5324,-519,107,-136,0
1704.9777791500092,10452,4592,11016,-74,34,103,9272,-10196,8084,-48,134,-141,-14820,4592,2676,-1004,54,-16,-14984,-2572,5572,-499,134,-135,0
1705.0141451358795,10480,4628,10956,-108,12,73,9224,-10184,8188,-83,138,-196,-14808,4656,2628,-998,71,-65,-14972,-2436,5332,-496,148,-141,0
1705.0477550029755,10312,4488,10964,-94,0,77,9556,-10044,8148,-80,160,-161,-14884,4360,2588,-1033,107,-97,-14880,-2540,5276,-497,135,-154,0
1705.0812859535215,10480,4624,10784,-47,-17,67,9504,-10156,8072,-72,156,-171,-14844,4844,2596,-1005,74,-127,-14968,-2468,5320,-763,136,-148,0
1705.1148099899292,10420,4636,11044,-63,35,67,9696,-10016,8044,-49,154,-162,-14828,4572,2572,-1030,44,-36,-15000,-2512,5368,-502,145,-169,0
1705.1482169628143,10460,4604,11072,-79,15,52,9480,-10208,8036,-60,146,-163,-14848,4632,2720,-1044,68,-72,-15056,-2484,5596,-498,129,-152,0
1705.181540966034,10440,4584,11100,-67,17,81,9456,-10208,8228,-57,168,-149,-14808,4556,2472,-1022,63,-99,-15080,-2540,5180,-768,147,-143,0
1705.2150211334229,10308,4628,11156,-58,-1,73,9440,-10176,8288,-64,125,-158,-14756,4620,2624,-776,76,-90,-15004,-2520,5428,-486,155,-111,0
1705.2485089302063,10268,4600,11132,-74,-30,92,9400,-10188,8144,-50,114,-153,-15056,4692,2320,-1032,90,-71,-14988,-2456,5356,-262,157,-147,0
1705.2820611000059,10304,4640,11104,-69,-16,120,9352,-10156,8116,-73,136,-164,-14836,4644,2644,-1035,108,-45,-14956,-2608,5396,-516,127,-146,0
1705.3155601024628,10340,4688,11256,-79,-31,107,9416,-10184,8036,-34,113,-174,-14804,4740,2600,-1280,76,-64,-14908,-2528,5292,-503,162,-131,0
1705.349144935608,10344,4408,10904,-112,-55,91,9608,-10036,7980,-39,126,-184,-14820,4516,2388,-1009,96,-98,-15036,-2604,5316,-477,144,-144,0
1705.382323026657,10404,4728,11028,-97,-9,97,9508,-10160,8088,-64,138,-154,-14836,4700,2644,-994,70,-66,-15072,-2380,5452,-489,77,-146,0
1705.4158821105955,10312,4624,11032,-151,38,101,9524,-10224,8080,-10,125,-128,-14784,4616,2576,-1052,71,-14,-14972,-2464,5252,-527,107,-126,0
1705.4494459629059,10364,4708,11148,-122,8,125,9452,-10216,7956,-46,117,-114,-14892,4536,2636,-1039,67,-32,-14976,-2556,5152,-460,118,-112,0
1705.4830119609833,10388,4612,11004,-76,-18,109,9420,-10220,8428,-91,115,-154,-14804,4640,2632,-1002,82,-81,-14996,-2560,5240,-501,187,-115,0
1705.5165741443634,10388,4712,11236,-162,-54,120,9452,-10124,8300,-33,137,-163,-14896,4720,2652,-1006,50,-33,-14908,-2516,5136,-509,135,-164,0
1705.5501849651337,10272,4700,10780,-96,-31,106,9312,-10196,8036,-244,136,-137,-14684,4640,2804,-1064,62,-61,-14948,-2512,5316,-520,144,-152,0
1705.5837061405182,10428,4684,11184,-89,-16,71,9508,-10184,8188,-71,140,-158,-14692,4796,2468,-1017,79,-41,-14916,-2808,5460,-475,113,-144,0
1705.6172590255735,10312,4668,11236,-138,-15,90,9376,-10268,8116,-35,143,-158,-14748,4684,2524,-991,51,-71,-14684,-2536,5256,-495,139,-136,0
1705.6504640579224,10396,4724,11096,-135,-71,105,9504,-10188,8256,-42,162,-175,-14844,4620,2732,-991,110,-96,-14888,-2572,5280,-474,175,-102,0
1705.6839671134949,10272,4692,11120,-116,-89,98,9720,-10152,8120,-23,116,-211,-14768,4692,2616,-1019,95,-120,-14976,-2624,5264,-463,192,-105,0
1705.7174661159515,10416,4708,10768,-193,-122,123,9220,-10284,8308,248,133,-205,-14808,4652,2488,-1034,119,-119,-15000,-2508,5396,-495,188,-105,0
1705.751105070114,10320,4752,11156,-180,-88,124,9500,-10168,8024,-29,149,-199,-15104,4684,2572,-986,77,-80,-14992,-2528,5376,-486,167,-56,0
1705.7845060825348,10280,4708,11236,-233,-65,122,9248,-9988,8088,-1,158,-186,-14752,4560,2540,-959,101,-90,-14928,-2504,5388,-469,155,-76,0
1705.818076133728,10372,4692,11072,-207,-123,154,9364,-10208,8232,-32,116,-202,-14864,4716,2636,-977,120,-113,-14908,-2496,5360,-461,183,-91,0
1705.8515961170197,10312,4696,11012,-252,-173,165,9420,-10168,8164,-20,126,-209,-14848,4692,2516,-941,146,-152,-14896,-2548,5372,-465,179,-80,0
1705.8850071430206,10060,4604,11068,-245,-189,142,9496,-10264,8068,-18,153,-220,-14596,4684,2684,-958,139,-109,-14956,-2752,5392,-444,187,-49,0
1705.9186811447144,10256,4696,11008,-274,-201,167,9424,-10180,8216,18,144,-235,-14712,4724,2688,-923,107,-129,-15012,-2812,5512,-436,191,-79,0
1705.9521300792694,10448,4736,11132,-299,-220,155,9724,-10256,8152,21,173,-213,-14844,4628,2648,-959,117,-127,-15024,-2388,5336,-447,196,-82,0
1705.9857001304629,10420,4552,11112,-263,-203,145,9536,-10456,8380,55,159,-206,-14792,4700,2480,-983,109,-166,-14976,-2564,5288,-439,194,-96,0
1706.018944978714,10344,4732,11172,-257,-197,141,9344,-10240,8104,53,142,-279,-14700,4584,2320,-969,154,-201,-14964,-2576,5500,-456,247,-37,0
1706.0570769309998,10420,4828,10964,-292,-509,149,9488,-10208,8016,17,120,-253,-14796,4700,2580,-979,164,-184,-15012,-2448,5232,-416,229,-26,0
1706.0922651290894,10496,4660,11000,-255,-229,165,9472,-10148,8224,8,147,-237,-14844,4456,2412,-940,151,-141,-15244,-2624,5252,-450,159,-70,0
1706.1275479793549,10436,4516,10772,-287,-204,161,9496,-10240,8132,60,145,-218,-14856,4440,2452,-1003,113,-127,-14956,-2384,5296,-475,195,-69,0
1706.1628739833832,10444,4520,11048,-269,-512,195,9388,-10056,8212,11,109,-218,-14848,4592,2560,-986,126,-117,-15088,-2552,5240,-431,143,-72,0
1706.198143005371,10536,4656,11100,-238,-187,148,9540,-10208,8176,-256,132,-221,-14880,4596,2780,-958,110,-73,-14948,-2444,5192,-435,179,-96,0
1706.2330539226532,10464,4552,10872,-306,-244,154,9472,-10208,8152,36,136,-217,-14784,4724,2520,-984,131,-136,-14916,-2488,5316,-451,194,-65,0
1706.2687361240387,10460,4828,11080,-235,-182,168,9564,-10072,8100,29,122,-209,-14596,4572,2616,-986,127,-47,-15044,-2528,5460,-452,142,-76,0
1706.3044500350952,10536,4572,10800,-194,-154,148,9496,-10084,8068,25,118,-190,-14880,4564,2576,-989,104,-76,-14916,-2528,5180,-479,137,-112,0
1706.3401701450348,10404,4488,11092,-199,-151,158,9464,-10172,8420,9,102,-212,-14812,4676,2540,-950,110,-117,-15028,-2488,5124,-461,158,-106,0
1706.375589132309,10420,4484,10904,-127,-156,149,9700,-10052,8128,-54,89,-239,-14664,4600,2432,-968,154,-85,-14984,-2488,5276,-477,190,-95,0
1706.41091299057,10504,4544,11000,-114,-101,118,9460,-10092,8032,-40,101,-216,-14772,4504,2540,-1042,100,-118,-14972,-2396,5208,-483,151,-137,0
1706.4513690471647,10604,4548,10884,-59,-26,82,9492,-10092,8144,-40,136,-162,-14916,4564,2352,-1042,111,-68,-15088,-2468,5272,-508,98,-155,0
1706.487638950348,10520,4604,11048,-95,29,78,9620,-10152,8188,-41,145,-148,-14788,4632,2524,-1053,96,-74,-14888,-2536,5156,-262,153,-88,0
1706.5227160453796,10448,4596,11256,-61,-228,99,9512,-10148,8412,-43,89,-184,-14784,4616,2584,-1082,98,-44,-15036,-2528,5248,-761,158,-107,0
1706.558874130249,10440,4860,11228,-49,-20,99,9400,-10152,8328,-100,111,-182,-14836,4616,2684,-1063,109,-46,-15000,-2516,5324,-523,152,-102,0
1706.5943369865417,10452,4492,11144,-79,-17,92,9548,-10156,8020,-97,175,-166,-14620,4556,2720,-999,97,-102,-14928,-2480,5260,-499,162,-120,0
1706.6306910514832,10388,4504,11044,-108,-13,90,9400,-10208,8200,-94,174,-180,-14904,4660,2640,-984,72,-40,-14984,-2496,5388,-475,97,-151,0
1706.665470123291,10472,4512,10912,-74,8,87,9404,-10180,8156,-75,159,-132,-14836,4384,2340,-993,55,-43,-15040,-2500,5332,-480,85,-148,0
1706.701689004898,10676,4580,11172,-61,79,71,9456,-10184,8020,-60,143,-141,-14856,4544,2540,-1014,58,-52,-14940,-2396,5268,-484,107,-156,0
1706.7354309558868,10248,4600,10960,-100,41,64,9440,-10168,8168,-44,131,-145,-14892,4400,2592,-1031,84,-75,-14720,-2492,5216,-470,131,-141,0
1706.768903017044,10312,4440,10964,-75,-245,97,9420,-10248,8148,-64,145,-158,-14748,4400,2588,-982,65,-79,-15004,-2420,5284,-461,108,-139,0
1706.8023779392245,10444,4532,10992,-63,22,60,9568,-10232,8184,-28,125,-161,-14848,4552,2484,-1052,44,-79,-15012,-2404,5260,-522,141,-160,0
1706.8358020782473,10392,4860,10936,-110,-18,73,9488,-10156,8264,-18,145,-166,-14788,4364,2716,-1036,44,-46,-15036,-2524,5364,-479,134,-147,0
1706.8691351413727,10444,4736,10968,-49,32,71,9596,-10128,8132,-71,147,-152,-14848,4568,2616,-1273,79,-76,-15020,-2476,5204,-493,82,-144,0
1706.9023060798643,10740,4384,11096,-109,15,57,9516,-10256,8124,-61,153,-145,-14748,4636,2612,-1041,61,-68,-14908,-2496,5292,-478,106,-147,0
1706.9358940124512,10372,4632,10956,-98,35,100,9468,-10152,8032,-49,134,-128,-14760,4548,2560,-1050,60,-39,-14976,-2512,5248,-478,108,-141,0
1706.9693570137024,10336,4780,10952,-61,40,100,9480,-10152,8064,-46,124,-109,-14748,4540,2636,-1036,42,-16,-14912,-2744,5292,-510,55,-170,0
1707.0028669834137,10424,4860,11180,-72,31,92,9452,-10428,8240,-48,128,-146,-14732,4584,2628,-1048,51,-34,-15012,-2460,5576,-497,102,-151,0
1707.0365960597992,10312,4672,11016,-118,-16,115,9368,-10116,8108,-54,116,-161,-14816,4668,2716,-1030,114,-79,-14960,-2500,5200,-513,151,-126,0
1707.0699751377106,10332,4676,11240,-102,-43,130,9636,-10164,8068,-79,100,-158,-14796,4560,2804,-1052,138,-62,-14924,-2480,5276,-501,160,-111,0
1707.1037890911102,10328,4724,11008,-103,-68,120,9704,-10212,8172,-52,99,-179,-14732,4680,2436,-1039,107,-69,-14972,-2564,5404,-490,154,-106,0
1707.1373369693756,10356,4608,11168,-61,-25,117,9712,-10400,8388,-133,-57,-161,-14656,4648,2604,-791,72,-32,-14964,-2568,5384,-507,112,-125,0
1707.1708159446716,10368,4656,11088,-108,-49,141,9416,-10272,8080,-43,127,-176,-14820,4688,2604,-1006,97,-39,-14924,-2532,5216,-510,124,-137,0
1707.204332113266,10296,4636,10808,-135,-24,118,9472,-10216,8264,-31,124,-145,-14788,4696,2564,-780,92,-69,-15096,-2428,5168,-484,125,-146,0
1707.2379610538485,10424,4736,11144,-120,-54,103,9532,-10272,8176,-37,112,-170,-15028,4360,2748,-1008,78,-57,-14904,-2328,5348,-506,146,-131,0
1707.2714190483093,10352,4760,10876,-136,-64,106,9704,-10148,8068,-47,172,-184,-14704,4448,2700,-998,64,-71,-14936,-2420,5340,-486,154,-107,0
1707.3047120571136,10508,4672,10944,-167,-64,90,9552,-10212,8108,-52,172,-199,-14764,4612,2660,-994,92,-84,-14952,-2460,5248,-476,162,-89,0
1707.3384630680084,10404,4608,10944,-215,-99,108,9436,-10192,8088,-5,159,-190,-14804,4740,2576,-977,121,-99,-14880,-2520,5224,-467,208,-66,0
1707.3719069957733,10272,4656,11160,-237,-199,154,9376,-10284,8140,23,163,-250,-14640,4712,2700,-978,125,-146,-15000,-2504,5328,-464,213,-83,0
1707.4050500392914,10276,4512,11124,-227,-204,147,9320,-10256,8032,18,156,-259,-14796,4644,2784,-960,120,-163,-14908,-2504,5256,-475,197,-69,0
1707.4388060569763,10240,4640,11256,-261,-222,153,9500,-10160,8160,14,128,-240,-14728,4392,2592,-939,125,-139,-14908,-2388,5288,-457,197,-82,0
1707.4722571372986,10464,4856,11168,-239,-217,137,9720,-10148,8104,3,162,-231,-15004,4704,2676,-952,127,-86,-15012,-2424,5240,-466,140,-49,0
1707.5054321289065,10372,4552,10984,-269,-150,157,9576,-10108,8112,35,168,-179,-14596,4600,2312,-959,118,-143,-15004,-2416,5120,-475,145,-74,0
1707.5390729904175,10388,4708,10828,-334,-199,170,9436,-10236,8144,70,133,-207,-14900,4516,2808,-983,108,-115,-14956,-2508,5428,-480,186,-29,0
1707.572634935379,10440,4700,10980,-244,-179,155,9568,-10228,8128,-8,128,-239,-14692,4832,2556,-979,129,-79,-15000,-2536,5336,-431,196,-91,0
1707.6059629917145,10412,4728,10968,-295,-242,172,9464,-10176,8140,11,133,-228,-14812,4664,2440,-985,117,-140,-14964,-2536,5240,-450,225,-64,0
1707.6395859718323,10280,4844,10792,-281,-508,181,9516,-10284,8236,18,108,-223,-14840,4628,2496,-997,123,-129,-15000,-2504,5236,-455,171,-44,0
1707.6729910373688,10452,4376,10752,-206,-141,133,9476,-10096,7980,19,179,-183,-14788,4568,2768,-986,84,-100,-14996,-2680,5396,-453,113,-96,0
1707.709165096283,10500,4588,11172,-253,-130,145,9496,-10168,7964,16,128,-181,-14824,4704,2440,-985,93,-71,-14972,-2576,5244,-448,110,-79,0
1707.744570016861,10416,4624,10912,-261,-149,159,9476,-10160,8180,20,153,-179,-14756,4596,2596,-974,88,-132,-14856,-2488,5120,-460,149,-82,0
1707.7806761264799,10348,4564,11068,-252,-195,161,9516,-10040,8412,-252,108,-227,-14792,4568,2508,-942,165,-123,-14864,-2488,5184,-437,225,-43,0
1707.8156359195707,10272,4560,10956,-263,-236,189,9380,-10472,8068,14,98,-251,-14780,4508,2748,-971,163,-134,-14988,-2500,5484,-465,217,-32,0
1707.8510129451752,10396,4528,10788,-165,-204,182,9232,-10172,8180,-26,84,-212,-14780,4664,2556,-997,172,-116,-14960,-2404,5016,-458,201,-60,0
1707.8861000537872,10532,4512,10960,-151,-175,169,9404,-10436,8440,-16,86,-211,-14880,4844,2732,-1013,144,-111,-15180,-2472,5252,-474,168,-118,0
1707.9218220710754,10504,4528,10784,-139,-108,125,9596,-10028,8180,-31,108,-205,-14916,4608,2792,-1014,131,-80,-15012,-2536,5328,-482,142,-131,0
1707.958074092865,10580,4648,10948,-120,-84,126,9504,-10132,8212,-30,173,-199,-14764,4576,2508,-1022,126,-94,-15104,-2552,5244,-487,148,-125,0
1707.993291139603,10492,4644,10956,-150,-43,113,9496,-10120,7996,-55,132,-171,-14616,4400,2648,-984,68,-54,-15120,-2460,5304,-464,141,-158,0
1708.0289051532743,10644,4488,10960,-123,-40,75,9612,-10004,8188,-30,155,-196,-14852,4612,2632,-1013,71,-59,-14984,-2508,5240,-526,124,-150,0
1708.064029932022,10524,4592,11152,-158,-55,93,9452,-10060,8164,-9,153,-152,-14792,4616,2560,-997,85,-38,-14980,-2568,5240,-480,106,-161,0
1708.099573135376,10468,4592,10776,-45,-255,59,9352,-10208,8236,-65,148,-175,-14768,4732,2752,-772,108,-63,-15044,-2312,5248,-762,142,-114,0
1708.1347980499268,10352,4608,10844,-145,-69,124,9572,-10168,8136,-23,95,-184,-14816,4680,2628,-1054,154,-80,-15012,-2520,5256,-765,160,-91,0
1708.1707050800323,10564,4644,10848,-71,-28,148,9572,-10032,8416,-68,65,-171,-14856,4496,2568,-770,105,-67,-14912,-2544,5372,-521,168,-125,0
1708.2072939872742,10524,4572,10984,-105,-25,101,9484,-10164,8140,-58,143,-184,-14848,4632,2352,-1047,83,-108,-14964,-2520,5260,-499,153,-153,0
1708.2418670654297,10372,4804,10800,-174,-53,93,9400,-10140,8124,-69,132,-171,-14752,4656,2628,-1037,78,-61,-15008,-2500,5332,-474,190,-96,0
1708.2783210277557,10692,4572,10796,-196,-107,127,9232,-10488,8148,-85,119,-199,-14796,4592,2504,-1015,157,-89,-14924,-2504,5304,-486,196,-94,0
1708.3133800029755,10452,4528,11168,-104,-53,154,9448,-10184,7968,-73,122,-214,-14804,4520,2764,-1000,113,-43,-15092,-2376,5356,-264,150,-96,0
1708.3481950759888,10544,4860,10968,-161,-87,129,9592,-10100,8008,-83,136,-153,-14784,4584,2324,-1015,105,-61,-14980,-2328,5292,-499,98,-105,0
1708.3838109970093,10744,4596,10996,-166,-83,177,9596,-10036,8052,-38,129,-159,-15096,4508,2376,-1013,111,-56,-15052,-2508,5312,-498,127,-123,0
1708.4172389507294,10568,4528,10956,-163,-64,138,9544,-10208,8048,-29,122,-141,-14908,4728,2744,-1008,119,-65,-14800,-2424,5324,-504,151,-74,0
1708.450777053833,10484,4808,10968,-171,-45,147,9700,-10140,8136,-37,156,-163,-14808,4592,2660,-770,99,-42,-14948,-2504,5256,-483,134,-113,0
1708.4842541217804,10388,4536,10844,-164,-52,132,9636,-10128,8008,-24,132,-173,-14856,4676,2708,-1034,100,-59,-15040,-2468,5180,-497,145,-124,0
1708.517785072327,10476,4548,10936,-190,-97,118,9420,-10212,8112,254,140,-180,-14704,4588,2540,-996,87,-55,-14932,-2752,5556,-502,119,-118,0
1708.5513219833374,10348,4500,11044,-182,-104,105,9432,-10224,8136,-17,159,-184,-14608,4668,2652,-983,65,-105,-15032,-2308,5152,-464,135,-143,0
1708.5847449302673,10716,4644,10928,-181,-84,126,9440,-10124,8376,-2,136,-184,-14876,4700,2744,-988,61,-79,-15112,-2492,5316,-497,123,-131,0
1708.6182539463043,10584,4848,11024,-187,-82,89,9452,-10152,8044,-32,160,-187,-14824,4552,2468,-1000,95,-34,-15012,-2388,5304,-481,169,-115,0
1708.6515879631045,10400,4560,11000,-182,-109,115,9408,-10112,8092,-24,136,-213,-14632,4612,2564,-1011,130,-85,-14980,-2424,5224,-481,192,-82,0
1708.6851699352264,10400,4588,10920,-136,-140,141,9696,-10212,8136,-24,92,-227,-14844,4652,2392,-992,136,-132,-14956,-2344,5288,-494,206,-73,0
1708.7187640666962,10552,4620,10932,-137,-151,129,9652,-10092,8084,-16,89,-225,-15096,4612,2616,-1010,160,-120,-14892,-2460,5188,-494,198,-86,0
1708.752169132233,10664,4576,10980,-135,-140,134,9544,-10072,8088,-46,122,-214,-14932,4660,2600,-989,107,-83,-15072,-2440,4948,-500,122,-126,0
1708.7856900691986,10604,4676,10980,-122,-76,130,9616,-10136,8176,-38,137,-163,-14904,4604,2572,-1035,59,-48,-14964,-2428,5352,-505,78,-155,0
1708.818789958954,10580,4832,10960,-160,-5,111,9652,-10060,8116,-38,189,-130,-14596,4592,2404,-998,59,-29,-15000,-2792,5248,-482,82,-160,0
1708.852303981781,10432,4488,10820,-201,-18,108,9460,-10132,8048,-19,156,-148,-14744,4624,2568,-1043,74,-41,-15096,-2772,5180,-500,160,-129,0
1708.8855249881744,10380,4368,10948,-163,-97,122,9432,-10192,8428,-49,132,-213,-14736,4660,2640,-1006,92,-119,-14844,-2324,5280,-464,218,-112,0
1708.9193179607391,10396,4688,10768,-174,-143,120,9724,-10148,8088,-92,122,-224,-14812,4696,2660,-992,134,-83,-15032,-2444,5216,-480,133,-101,0
1708.952821969986,10240,4516,11016,-101,-51,79,9500,-10208,8100,-40,154,-165,-14820,4728,2508,-775,49,-49,-14852,-2420,5376,-531,102,-145,0
1708.9864599704745,10392,4516,10952,-160,-55,138,9492,-10080,8168,-36,115,-140,-14752,4680,2640,-1059,85,-72,-15060,-2460,5260,-526,121,-87,0
1709.0198550224304,10740,4388,10940,-105,-15,137,9468,-10180,8312,-81,119,-116,-15100,4852,2684,-1030,106,-59,-15028,-2516,5116,-482,122,-104,0
1709.0535950660706,10460,4580,10972,-156,-53,162,9524,-10240,8156,-61,135,-186,-15080,4476,2488,-1040,103,-62,-14948,-2428,5252,-498,191,-80,0
1709.0873601436615,10260,4616,10940,-172,-109,151,9316,-10200,8108,4,86,-184,-14752,4796,2608,-1051,148,-97,-14936,-2512,5288,-499,197,-87,0
1709.1209559440613,10248,4600,10920,-75,-76,144,9536,-10200,8188,-35,94,-183,-15100,4596,2488,-773,119,-76,-15004,-2368,5288,-513,173,-129,0
1709.1541421413422,10556,4576,11244,-113,-32,116,9620,-10148,8200,-12,153,-190,-14808,4552,2536,-984,65,-87,-15088,-2392,5236,-492,145,-166,0
1709.1878859996796,10472,4572,10940,-111,-49,70,9640,-10140,7920,-17,192,-182,-14816,4564,2588,-991,55,-84,-15080,-2528,5180,-477,150,-177,0
1709.2213871479034,10428,4640,11144,-145,-44,63,9492,-10240,8376,-39,191,-180,-14780,4604,2632,-1005,52,-66,-14916,-2440,5212,-493,139,-165,0
1709.2550511360168,10464,4564,10896,-189,-93,60,9436,-10132,8064,-20,192,-218,-14700,4712,2776,-1021,36,-105,-14940,-2464,5284,-479,208,-134,0
1709.288582086563,10404,4612,11012,-156,-94,77,9340,-10204,8168,-23,124,-215,-14728,4352,2540,-991,71,-70,-14936,-2536,5536,-465,171,-112,0
1709.3220000267029,10372,4644,11200,-164,-114,133,9404,-10184,8200,-253,119,-189,-14816,4700,2752,-1008,82,-140,-15064,-2484,5244,-494,189,-84,0
1709.3556931018827,10496,4532,10980,-180,-112,155,9524,-10124,8072,-10,100,-184,-15080,4856,2620,-999,122,-117,-14988,-2596,5312,-487,167,-99,0
1709.3919699192047,10276,4548,11072,-175,-98,163,9484,-10144,8176,-1,62,-159,-14900,4516,2624,-769,131,-67,-14896,-2612,5184,-493,116,-126,0
1709.4277720451355,10520,4616,11028,-149,-118,122,9520,-10204,8196,-21,94,-209,-14808,4844,2712,-1000,119,-104,-15032,-2592,5300,-480,181,-124,0
1709.4627420902252,10676,4372,11040,-158,-123,161,9428,-10172,8272,-20,127,-243,-14764,4792,2408,-994,134,-122,-14948,-2512,5212,-487,221,-106,0
1709.4987530708313,10460,4576,11032,-129,-160,126,9540,-10052,8276,-42,130,-243,-14872,4444,2560,-995,121,-141,-15144,-2400,5104,-456,169,-85,0
1709.5337181091309,10620,4488,10932,-148,-106,107,9520,-10124,7968,-17,144,-196,-15072,4636,2704,-1011,81,-35,-15016,-2352,5200,-473,105,-151,0
1709.5701279640198,10632,4816,10908,-200,-49,97,9572,-10160,8136,1,176,-158,-14800,4544,2504,-1044,36,-53,-14912,-2452,5300,-470,140,-137,0
1709.6055750846863,10408,4836,11232,-168,-78,70,9448,-10128,8140,7,141,-201,-14804,4612,2696,-998,91,-140,-14636,-2476,5252,-481,190,-126,0
1709.6412999629974,10424,4628,10940,-110,-90,113,9500,-10176,8168,-38,130,-211,-14744,4632,2616,-997,120,-107,-14948,-2516,5308,-764,163,-136,0
1709.6775670051575,10428,4480,10860,-113,-47,86,9308,-10220,8152,8,147,-197,-14800,4844,2792,-1026,47,-129,-14928,-2584,5308,-523,194,-152,0
1709.7124199867249,10420,4676,10772,-142,-128,111,9476,-10080,8144,24,145,-188,-14868,4564,2864,-996,80,-130,-15012,-2576,5268,-471,156,-115,0
1709.7487010955813,10520,4716,10976,-108,-48,88,9444,-10148,8212,-87,176,-197,-14784,4572,2632,-978,86,-60,-15004,-2504,5192,-468,153,-150,0
1709.784012079239,10540,4672,10968,-202,-46,94,9520,-10088,8248,-29,163,-162,-14768,4472,2648,-1012,79,-73,-15056,-2440,5176,-458,160,-149,0
1709.819899082184,10584,4668,10952,-144,-29,121,9536,-10008,8260,-31,138,-146,-14772,4556,2652,-1021,81,-47,-14924,-2688,5240,-476,134,-115,0
1709.8550291061401,10588,4416,10992,-145,-66,157,9524,-10228,8208,-17,108,-168,-14616,4652,2704,-1035,83,-97,-15008,-2452,5368,-472,125,-90,0
1709.8902730941772,10464,4532,11040,-193,-91,150,9528,-10140,8212,-12,135,-195,-14792,4600,2640,-1000,44,-74,-14988,-2616,5248,-502,115,-128,0
1709.9255781173706,10436,4632,10952,-103,-101,122,9540,-10100,8412,-31,126,-174,-14764,4604,2592,-1009,100,-122,-14984,-2440,5172,-494,169,-107,0
1709.9612920284271,10380,4608,11244,-96,-92,124,9512,-10180,8120,-51,75,-207,-14740,4624,2468,-1019,124,-78,-14972,-2476,4888,-477,165,-73,0
1709.9978611469269,10712,4644,10844,-131,-81,170,9540,-10104,8112,-125,85,-157,-14940,4652,2700,-975,103,-9,-14976,-2676,5216,-480,50,-108,0
1710.032774925232,10692,4544,11116,-190,255,146,9552,-10064,8188,-79,139,-85,-14952,4616,2684,-973,41,-8,-15076,-2536,5056,-491,14,-124,0
1710.0684261322021,10544,4624,10932,-206,13,127,9456,-10180,8140,-47,192,-101,-14748,4564,2644,-999,69,-47,-14872,-2520,5248,-472,103,-117,0
1710.1020860671995,10512,4628,11032,-162,-32,148,9420,-10216,8244,254,117,-176,-14696,4360,2612,-1067,131,-80,-14760,-2536,5276,-500,223,-87,0
1710.1354579925535,10388,4624,11028,-130,-121,142,9552,-10428,8188,-35,68,-213,-14752,4780,2764,-1032,160,-83,-14976,-2340,5572,-488,229,-99,0
1710.1689281463623,10384,4584,10860,-148,-166,124,9464,-10172,8008,-15,118,-232,-14776,4652,2560,-994,108,-137,-14964,-2528,5260,-480,198,-102,0
1710.2021970748901,10504,4656,10956,-157,-150,115,9456,-10140,8152,-34,159,-217,-14724,4680,2656,-961,100,-102,-15124,-2428,5308,-451,160,-128,0
1710.2356460094452,10492,4640,10796,-161,-116,101,9568,-10092,8096,-34,172,-157,-14856,4832,2624,-1001,68,-63,-15000,-2508,5244,-447,91,-121,0
1710.2691340446472,10688,4624,10976,-209,-27,101,9524,-10112,8132,-255,171,-151,-14800,4612,2508,-998,64,-57,-15044,-2772,5220,-439,104,-127,0
1710.302715063095,10512,4576,10904,-186,-31,83,9540,-10140,8168,-42,117,-185,-14712,4664,2620,-1031,138,-75,-15012,-2424,5192,-464,153,-117,0
1710.3362181186676,10496,4632,11028,-181,-80,91,9528,-10220,8056,8,131,-201,-14724,4600,2488,-1014,82,-139,-15008,-2368,5128,-465,167,-131,0
1710.3697519302368,10488,4628,11060,-246,-120,82,9488,-10200,8148,14,158,-225,-14772,4636,2812,-955,103,-116,-15012,-2508,5408,-441,191,-55,0
1710.4029409885409,10492,4364,11144,-235,-174,137,9712,-10128,8288,25,131,-238,-14800,4700,2464,-991,122,-110,-14988,-2536,5272,-476,173,-62,0
1710.436448097229,10536,4764,11044,-315,-229,152,9220,-10152,8196,14,113,-270,-14768,4580,2696,-976,133,-143,-15020,-2564,5212,-479,187,-83,0
1710.4700801372528,10564,4720,11036,-213,-206,144,9412,-10048,8168,-42,167,-213,-14828,4552,2608,-971,140,-106,-15024,-2468,5144,-435,131,-65,0
1710.503786087036,10520,4516,10964,-7,-179,134,9496,-10136,8136,-5,146,-203,-14736,4584,2396,-981,98,-125,-14984,-2416,5168,-437,173,-49,0
1710.5373589992523,10444,4536,10868,-300,-214,179,9452,-10120,8020,-4,116,-205,-14848,4712,2744,-952,147,-83,-15072,-2448,5372,-409,159,-76,0
1710.5710110664368,10524,4764,10868,-277,-178,173,9504,-10128,8088,18,136,-180,-15084,4640,2516,-961,131,-50,-15088,-2472,5352,-434,105,-135,0
1710.6046919822693,10504,4596,11000,-263,-140,147,9520,-10232,8136,23,126,-181,-14756,4808,2324,-1012,146,-59,-14960,-2528,5248,-432,163,-75,0
1710.6380109786987,10676,4488,10848,-182,-166,140,9496,-10016,8144,-3,66,-223,-14736,4360,2612,-1010,177,-105,-15004,-2436,5128,-448,191,-60,0
1710.671797990799,10496,4544,10944,-130,-176,163,9612,-10136,8024,-16,86,-4,-14756,4528,2484,-1016,149,-113,-15004,-2420,5256,-483,176,-104,0
1710.7054419517515,10548,4512,10928,-93,-129,121,9580,-10140,8168,-49,115,-216,-14804,4476,2664,-1032,98,-134,-15028,-2456,5136,-488,156,-155,0
1710.7389650344849,10616,4596,10812,-42,-21,86,9568,-10104,8028,-59,179,-128,-14928,4448,2784,-1049,57,-17,-14852,-2316,5232,-518,76,-153,0
1710.7724859714508,10616,4432,10876,-105,53,59,9592,-10156,8044,-39,184,-111,-14832,4584,2424,-1030,61,-13,-14972,-2404,5152,-479,122,-157,0
1710.806014060974,10496,4568,11080,-85,32,96,9244,-10108,8224,-7,122,-155,-14756,4580,2660,-1066,124,-69,-14960,-2332,5372,-468,203,-109,0
1710.839395046234,10436,4548,10892,-123,-93,127,9360,-10432,8172,-17,66,-228,-14836,4792,2688,-1048,141,-118,-14944,-2552,5344,-491,195,-97,0
1710.8726620674133,10508,4516,10940,-115,-119,136,9448,-10116,7992,-57,112,-220,-14652,4796,2552,-1006,96,-65,-14952,-2812,5264,-479,188,-116,0
1710.905827999115,10480,4488,10960,-142,-91,118,9508,-10080,8040,-78,135,-153,-14792,4560,2660,-990,95,-81,-14980,-2488,5340,-442,104,-88,0
1710.9558601379395,10352,4856,10944,-142,-47,129,9216,-10100,7984,-51,115,-145,-14812,4664,2324,-998,120,-61,-14948,-2384,5364,-460,97,-93,0
1711.0011990070343,10736,4836,10860,-129,-35,141,9720,-10164,8140,-39,81,-184,-14888,4600,2596,-1018,144,-60,-14972,-2528,5276,-474,159,-92,0
1711.035805940628,10696,4568,11244,-151,-119,157,9476,-10120,8188,-35,109,-194,-14848,4540,2380,-1014,116,-112,-14996,-2464,5276,-469,185,-71,0
1711.0717630386353,10508,4596,10908,-145,-91,156,9508,-10024,8184,-60,94,-181,-14916,4664,2580,-1001,133,-87,-15060,-2460,5184,-479,158,-103,0
1711.1076810359955,10644,4572,10940,-100,-97,124,9556,-10068,8084,-35,103,-197,-14840,4552,2508,-1031,105,-73,-15044,-2440,5128,-505,120,-130,0
1711.142359972,10536,4496,11024,-161,-97,127,9496,-10136,8236,-22,114,-175,-14816,4536,2544,-1049,72,-96,-14988,-2476,5300,-473,118,-100,0
1711.1775600910187,10576,4576,10928,-103,-35,90,9572,-10040,8056,-47,140,-157,-14824,4848,2556,-1049,88,-33,-15028,-2392,5280,-467,114,-147,0
1711.2132871150973,10496,4424,10816,-178,-85,97,9692,-10128,8028,-25,118,-200,-14644,4632,2416,-1010,115,-108,-14912,-2464,5364,-453,184,-95,0
1711.2482869625092,10448,4584,11076,-164,-102,147,9508,-10112,8076,-28,100,-188,-14776,4596,2656,-1051,97,-80,-15020,-2552,5200,-467,149,-134,0
1711.2844140529633,10504,4600,10756,-104,-62,114,9244,-10144,8012,253,115,-180,-14776,4412,2360,-1280,58,-33,-14972,-2496,5188,-483,151,-168,0
1711.320286989212,10624,4532,10760,-151,-106,87,9712,-10096,7996,255,111,-202,-14772,4632,2680,-997,116,-150,-14948,-2464,5200,-465,163,-110,0
1711.3555560112,10516,4360,10912,-181,-109,124,9312,-10164,8168,-26,114,-211,-15044,4616,2780,-963,103,-106,-14972,-2528,5160,-441,208,-115,0
1711.3915889263153,10476,4548,10856,-122,-142,84,9444,-10096,8120,-34,108,-504,-14864,4612,2512,-1038,129,-136,-15012,-2332,5224,-452,248,-81,0
1711.4276459217072,10516,4540,10960,-138,-166,131,9612,-10136,8064,-12,89,-257,-14780,4568,2492,-991,164,-156,-15276,-2376,5256,-462,202,-68,0
1711.4652650356293,10724,4572,10952,-113,-121,135,9600,-10016,8148,-30,119,-199,-14908,4564,2596,-1001,120,-77,-15068,-2376,5292,-455,138,-104,0
1711.5014159679413,10620,4788,10880,-166,-79,100,9512,-10104,8148,-15,128,-188,-14600,4524,2464,-1011,92,-69,-15036,-2448,5224,-487,106,-147,0
1711.5375790596008,10252,4536,11200,-100,-44,128,9512,-10124,8048,-44,133,-154,-14844,4544,2688,-1038,88,-81,-14988,-2492,5236,-513,126,-99,0
1711.5727369785309,10504,4492,11112,-138,-43,133,9620,-10056,7960,-77,135,-136,-14908,4560,2444,-1038,101,-25,-14960,-2412,5272,-486,75,-113,0
1711.608719110489,10520,4368,10948,-103,-20,122,9596,-10164,8020,-78,179,-140,-14808,4644,2596,-1032,74,-41,-14932,-2440,5308,-497,81,-121,0
1711.6434209346771,10588,4520,10888,-139,250,130,9404,-10196,7952,-7,113,-139,-14760,4592,2400,-1037,115,-45,-14916,-2508,5272,-511,136,-111,0
1711.6793620586395,10408,4572,10820,-134,-38,141,9716,-10180,8160,-49,121,-137,-14728,4580,2704,-976,109,-47,-14948,-2428,5332,-464,111,-115,0
1711.714259147644,10520,4560,11148,-100,-24,92,9508,-10184,8124,-69,128,-195,-14936,4788,2760,-1007,84,-70,-14952,-2492,5356,-503,134,-149,0
1711.7499420642853,10456,4472,11168,-135,-65,102,9476,-10260,8208,-13,111,-207,-14752,4648,2572,-1005,80,-119,-14916,-2424,5588,-492,193,-108,0
1711.783730983734,10592,4584,10920,-65,-74,99,9656,-10164,8032,-41,86,-247,-14784,4520,2804,-1001,117,-120,-14944,-2528,5296,-497,181,-119,0
1711.8172929286957,10320,4448,11000,-90,-56,103,9512,-10088,7988,-42,131,-198,-14772,4556,2500,-959,58,-106,-14992,-2368,5320,-479,138,-146,0
1711.8507280349731,10316,4488,11064,-147,-27,67,9580,-10132,7952,-60,123,-148,-14840,4604,2604,-1003,56,-82,-14892,-2464,5180,-498,130,-138,0
1711.884093999863,10468,4360,10972,-178,-55,116,9460,-10048,8352,-19,157,-168,-14716,4620,2676,-1034,88,-70,-14980,-2536,5256,-486,181,-131,0
1711.9175789356232,10472,4588,11060,-105,-84,119,9216,-10092,8132,251,95,-190,-14764,4376,2320,-775,161,-131,-14980,-2404,5180,-466,4,-81,0
1711.9509630203247,10272,4532,11140,-120,-103,131,9700,-10196,8180,-23,98,-268,-14888,4584,2536,-992,116,-151,-15296,-2480,5084,-486,188,-110,0
1711.9844920635223,10688,4412,10804,-126,-80,80,9652,-9988,7972,-43,171,-194,-14908,4700,2560,-996,78,-71,-15088,-2452,5192,-501,135,-138,0
1712.0180339813232,10620,4544,10896,-142,-54,100,9644,-10124,8068,-12,146,-151,-14828,4568,2556,-1013,77,-36,-14992,-2420,5192,-466,85,-125,0
1712.0516221523285,10604,4612,10808,-157,-38,135,9564,-10080,8196,-61,186,-120,-14848,4852,2340,-1002,87,-8,-15088,-2452,5176,-470,83,-116,0
1712.0852010250092,10564,4640,10920,-170,253,144,9304,-10184,8348,-68,139,-96,-14736,4516,2656,-1038,77,-248,-14984,-2456,5188,-533,70,-78,0
1712.1186089515686,10444,4576,10928,-173,-41,190,9436,-10104,8140,-46,125,-121,-14708,4556,2604,-1046,153,-55,-14948,-2548,5312,-490,145,-73,0
1712.151929140091,10404,4380,11004,-148,-67,157,9500,-10212,8072,-17,84,-176,-14840,4652,2612,-1035,126,-83,-14940,-2572,5260,-491,188,-79,0
1712.1855010986328,10444,4516,10836,-149,-99,135,9312,-9992,8176,-17,88,-200,-14808,4692,2508,-1030,120,-72,-15024,-2508,5280,-488,199,-104,0
1712.2190539836884,10292,4532,10848,-112,-129,101,9704,-10192,8296,10,95,-195,-14784,4652,2664,-1004,135,-89,-15036,-2496,5560,-470,151,-104,0
1712.2525761127472,10524,4596,11092,-165,-89,144,9508,-10240,8088,-24,98,-187,-14788,4696,2784,-996,104,-81,-15024,-2388,5232,-494,160,-94,0
1712.2860441207886,10436,4472,11088,-187,-81,141,9528,-10136,8056,-34,155,-168,-14764,4704,2784,-957,129,-63,-14988,-2456,5188,-466,150,-113,0
1712.319757938385,10548,4492,10876,-184,-109,134,9548,-10124,7872,-11,79,-191,-14736,4356,2596,-955,133,-122,-15056,-2376,5228,-454,149,-92,0
1712.35337805748,10456,4416,10960,-175,-84,143,9560,-10176,8100,2,98,-220,-14756,4608,2536,-944,102,-152,-15044,-2440,5360,-475,149,-125,0
1712.386850118637,10636,4620,10976,-191,-135,107,9608,-10112,7936,14,137,-180,-14864,4672,2716,-972,74,-116,-14988,-2364,5276,-474,127,-160,0
1712.4200870990753,10528,4632,10800,-222,-94,79,9640,-10060,8092,59,196,-172,-15092,4364,2752,-999,46,-97,-15028,-2524,5252,-442,100,-144,0
1712.4536089897156,10524,4572,10892,-209,-74,80,9504,-10116,7968,11,146,-162,-14736,4536,2632,-984,63,-111,-15076,-2488,5216,-459,115,-146,0
1712.4873950481415,10580,4588,10800,-145,-44,118,9568,-10128,8424,-8,129,-202,-14760,4600,2488,-1014,126,-106,-15004,-2564,4996,-495,134,-123,0
1712.5207619667053,10520,4640,11064,-127,-8,92,9500,-10120,8124,-14,136,-195,-14744,4516,2768,-1032,101,-48,-14972,-2568,5336,-481,138,-120,0
1712.554162979126,10456,4464,10948,-136,-44,98,9584,-10140,8144,-13,143,-192,-14764,4576,2604,-1005,108,-55,-14924,-2528,5332,-458,179,-119,0
1712.5877039432526,10392,4508,10944,-133,-133,114,9712,-10140,8148,-49,100,-217,-14828,4376,2368,-984,146,-155,-15172,-2416,5192,-472,161,-82,0
1712.6211590766907,10704,4520,10952,-81,-76,132,9740,-10064,8000,-85,143,-155,-14876,4636,2496,-967,77,-69,-15060,-2404,5292,-503,36,-135,0
1712.6544909477234,10564,4412,10896,-136,21,98,9544,-10160,8056,-21,162,-103,-14816,4588,2420,-1076,66,-25,-14856,-2364,5284,-547,72,-126,0
1712.6880350112915,10636,4596,10860,-114,23,119,9668,-10056,8416,-29,130,-96,-14800,4456,2724,-1060,88,26,-15108,-2516,5240,-466,19,-142,0
1712.7212569713593,10620,4564,11032,-113,54,50,9560,-10220,8252,-33,161,-126,-14872,4636,2588,-967,20,-46,-15024,-2440,5232,-510,130,-164,0
1712.7577891349792,10472,4652,10816,-166,-55,93,9728,-10160,8032,-251,-23,-150,-14616,4748,2556,-1198,149,-62,-14936,-2556,5248,-516,214,-131,0
1712.792850971222,10484,4764,10784,-250,-6,67,9572,-9996,8244,-59,63,-163,-14828,4552,2724,-1096,75,-42,-14972,-2596,5384,-507,143,-169,0
1712.8282279968262,10740,4592,10892,-76,69,48,9612,-10144,8112,-100,120,-164,-14936,4944,2372,-544,-42,-14,-15068,-2452,5296,-476,59,-201,0
1712.8634240627289,10440,4668,10848,-131,91,41,9628,-10076,8212,-35,202,-117,-14784,4656,2688,-772,-253,-46,-14948,-2404,5248,-514,101,-157,0
1712.8987939357758,10524,4740,10912,-98,54,94,9500,-10180,8108,12,182,-144,-14824,4608,2556,-1024,52,-40,-14960,-2376,5176,-502,101,-120,0
1712.9342710971832,10468,4624,11052,-161,-52,97,9488,-10144,8200,-23,112,-184,-14800,4652,2636,-1009,130,-75,-14948,-2464,5292,-512,135,-111,0
1712.9700479507446,10460,4764,10940,-109,-30,128,9244,-10160,8188,-14,108,-172,-14796,4376,2416,-1019,95,-52,-15044,-2568,5240,-539,125,-131,0
1713.0048599243164,10632,4592,11004,-41,-8,91,9596,-10184,8200,-34,136,-138,-14804,4600,2548,-1020,65,-99,-14972,-2480,5264,-529,106,-131,0
1713.0412230491638,10496,4616,11060,-71,73,72,9556,-10136,8108,-41,129,-177,-14840,4568,2608,-1274,115,-42,-15004,-2308,5348,-505,128,-141,0
1713.077299118042,10472,4792,10800,20,22,39,9576,-10080,8044,-87,109,-171,-14792,4660,2688,-1035,93,-9,-15028,-2424,5472,-528,91,-148,0
1713.1121699810028,10536,4632,11068,-34,35,97,9480,-10128,8184,-91,143,-115,-14608,4404,2656,-1279,79,-59,-14976,-2448,5276,-529,114,-129,0
1713.1479799747467,10436,4724,10860,-75,44,92,9312,-10188,8040,-58,212,-140,-14732,4360,2628,-1013,140,-28,-14940,-2412,5388,-518,131,-124,0
1713.1838750839233,10496,4736,10920,-92,14,112,9420,-10136,8036,-69,112,-156,-14732,4652,2804,-1000,132,-60,-14960,-2508,5224,-531,151,-106,0
1713.219752073288,10248,4704,10940,-82,15,81,9568,-10088,8108,-80,84,-176,-14844,4812,2780,-976,113,-68,-15012,-2424,5268,-503,121,-129,0
1713.2550721168518,10408,4652,10952,-122,18,51,9616,-10216,8024,-14,241,-170,-14848,4644,2656,-1009,41,-72,-14948,-2524,5364,-500,112,-132,0
1713.2907271385193,10412,4680,11028,-195,-79,68,9508,-10264,8148,2,166,-186,-14792,4836,2600,-984,119,-85,-14948,-2560,5468,-471,173,-72,0
1713.3259880542755,10364,4728,11168,-247,-154,139,9604,-10192,8000,-37,162,-212,-14744,4772,2560,-948,165,-93,-14964,-2512,5492,-480,105,-60,0
1713.3619689941406,10328,4616,11040,-222,-168,184,9376,-10184,8128,-16,141,-184,-14752,4676,2656,-928,141,-163,-14896,-2496,5136,-496,165,-63,0
1713.399162054062,10016,4548,10848,-338,-214,189,9488,-10124,8096,14,143,-189,-14844,4696,2580,-956,135,-101,-14984,-2476,5288,-471,175,-30,0
1713.4324650764463,10440,4800,10976,-272,-170,181,9476,-10108,8200,-8,104,-223,-14848,4492,2640,-944,169,-91,-14972,-2560,5208,-443,170,-28,0
1713.465831041336,10392,4612,11172,-340,-217,141,9668,-10144,8048,60,163,-229,-14920,4620,2352,-951,110,-156,-14956,-2332,5216,-416,219,-49,0
1713.49964594841,10720,4360,11056,-360,-219,174,9588,-10156,8240,84,148,-233,-15068,4516,2360,-929,126,-198,-15044,-2424,5204,-456,210,-76,0
1713.5330550670624,10564,4612,10960,-322,-228,165,9616,-10112,8020,126,144,-240,-14828,4780,2504,-975,104,-148,-14896,-2424,5388,-480,154,-86,0
1713.5667049884796,10400,4600,11108,-325,-260,160,9476,-10200,8092,61,150,-242,-14700,4668,2732,-958,145,-123,-14896,-2456,5372,-450,181,-71,0
1713.600170135498,10448,4524,11024,-315,-306,187,9488,-10064,8152,45,134,-241,-14928,4568,2504,-944,144,-146,-14940,-2512,5244,-447,185,-33,0
1713.6335320472715,10564,4444,10940,-242,-267,172,9428,-10156,8160,7,138,-238,-14808,4808,2472,-969,132,-106,-15060,-2480,5184,-452,148,-64,0
1713.6671500205994,10400,4512,10968,-262,-228,188,9536,-10004,8140,-25,96,-204,-14768,4676,2488,-1003,138,-98,-14980,-2388,5236,-478,132,-99,0
1713.7007110118866,10716,4564,10856,-152,-104,133,9616,-10068,8060,-37,97,-188,-15000,4696,2368,-1011,122,-42,-15012,-2444,5308,-509,116,-110,0
1713.734220981598,10652,4592,10928,-125,-66,121,9688,-10048,8140,-36,108,-128,-15104,4560,2804,-1043,107,-34,-14984,-2520,5276,-497,109,-137,0
1713.767962932587,10568,4644,10816,-121,-36,112,9240,-10032,8180,-41,124,-148,-14776,4536,2736,-1043,83,-42,-14988,-2576,5152,-260,156,-95,0
1713.8013451099396,10728,4600,10900,-77,-69,136,9524,-10100,7940,-54,83,-178,-14860,4652,2624,-1071,124,-112,-15040,-2520,5168,-514,171,-81,0
1713.834834098816,10400,4492,10952,-99,-91,120,9624,-10212,8228,-38,85,-212,-14612,4684,2648,-1027,124,-84,-14984,-2484,5368,-525,184,-98,0
1713.86833691597,10512,4572,10972,-127,-134,117,9548,-10064,8188,-58,118,-228,-14780,4680,2304,-989,124,-55,-14968,-2460,5248,-521,172,-104,0
1713.9016349315643,10400,4540,11020,-140,-86,115,9544,-10156,8056,-58,122,-204,-14892,4692,2496,-994,100,-47,-15032,-2456,5252,-476,134,-157,0
1713.9350380897522,10412,4472,10964,-116,-40,109,9560,-10176,8124,-41,131,-133,-14848,4664,2432,-1001,110,-76,-14976,-2428,5244,-478,114,-126,0
1713.9685881137848,10396,4556,10948,-139,-64,111,9484,-10240,8092,-22,131,-173,-14824,4676,2632,-966,113,-123,-14836,-2440,5204,-464,187,-104,0
1714.001955986023,10424,4556,10936,-170,-127,90,9692,-10092,8004,-69,118,-227,-15072,4540,2364,-958,144,-99,-14900,-2444,5288,-470,197,-108,0
1714.0354111194613,10604,4504,10972,-123,-115,78,9508,-10128,8140,-72,128,-242,-14804,4632,2580,-973,105,-66,-15048,-2264,5276,-507,114,-159,0
1714.0689160823822,10644,4544,10960,-160,-62,83,9568,-10140,8148,6,125,-204,-14868,4604,2592,-998,51,-107,-14944,-2576,5124,-765,170,-157,0
1714.102458000183,10740,4404,10780,-185,-112,105,9948,-10040,7996,-12,145,-163,-14820,4632,2572,-1033,101,-95,-14980,-2552,5200,-471,153,-127,0
1714.1357889175415,10500,4736,10856,-111,-77,97,9492,-10116,8124,-54,132,-193,-14848,4376,2724,-1053,123,-66,-15064,-2492,5236,-486,146,-128,0
1714.1692831516266,10428,4576,10936,-199,-91,101,9504,-10136,8208,-16,104,-208,-14832,4444,2588,-1046,93,-59,-14952,-2404,5272,-477,147,-157,0
1714.2028460502625,10456,4352,10976,-97,-61,111,9524,-10112,8196,-49,118,-184,-14792,4596,2548,-1008,111,-56,-14924,-2512,5380,-501,111,-163,0
1714.2364439964294,10700,4548,10756,-105,-27,90,9476,-10076,8124,-49,155,-162,-14772,4532,2380,-999,63,-43,-14976,-2436,5200,-468,93,-164,0
1714.2699739933014,10600,4480,10796,-206,-44,94,9552,-10240,8072,-45,167,-156,-14772,4560,2568,-952,79,-97,-14932,-2452,5312,-477,107,-155,0
1714.303729057312,10524,4508,10928,-173,-115,96,9400,-9956,8128,-44,153,-190,-14704,4544,2608,-1009,82,-74,-14932,-2364,5316,-495,166,-90,0
1714.3371379375458,10524,4580,11256,-134,-115,100,9516,-10252,8196,-48,132,-246,-15020,4744,2720,-988,112,-69,-14840,-2412,5352,-486,199,-125,0
1714.3707211017609,10528,4560,11056,-184,-123,134,9276,-10140,8180,-12,108,-220,-14752,4732,2372,-999,127,-66,-14904,-2432,5300,-492,168,-90,0
1714.4040031433105,10672,4500,11040,-105,-112,168,9700,-10120,8108,-33,108,-191,-14840,4696,2636,-1001,124,-96,-15044,-2408,5388,-496,124,-117,0
1714.4408371448517,10508,4568,11048,-152,-80,155,9524,-10212,8136,2,117,-160,-14892,4744,2420,-1007,127,-74,-15080,-2312,5404,-486,96,-96,0
1714.4773349761963,10568,4572,10796,-126,-42,126,9512,-10120,8280,-9,114,-162,-14864,4652,2524,-1010,91,-60,-14952,-2320,5404,-494,142,-156,0
1714.51260304451,10476,4656,11084,-147,-71,118,9560,-10076,8136,-16,133,-178,-14808,4544,2624,-1011,86,-138,-15020,-2552,5216,-480,190,-113,0
1714.5476019382477,10448,4828,10908,-193,-148,123,9552,-10092,8140,-47,128,-218,-14804,4508,2560,-987,120,-127,-14908,-2516,5224,-435,180,-111,0
1714.583456993103,10472,4520,10892,-194,-160,113,9552,-10168,8048,-36,155,-236,-14748,4672,2628,-965,110,-117,-14944,-2236,5320,-459,191,-133,0
1714.6193521022797,10616,4748,10936,-148,-148,104,9248,-10080,7972,-49,136,-217,-14808,4648,2548,-982,80,-92,-15020,-2440,4864,-473,136,-106,0
1714.6540820598602,10572,4500,10936,-148,-90,120,9624,-10112,8044,-17,123,-187,-15100,4556,2800,-1035,82,-108,-15048,-2412,5268,-478,153,-101,0
1714.6896979808807,10552,4572,10768,-142,-72,114,9492,-10204,8064,-34,142,-169,-14604,4736,2776,-1009,125,-34,-15000,-2432,5324,-490,126,-81,0
1714.7249569892883,10316,4544,10804,-106,-44,137,9592,-10096,8060,-44,84,-181,-15080,4384,2628,-1020,126,-46,-14988,-2404,5248,-530,93,-100,0
1714.7607939243317,10592,4528,10924,-93,-46,110,9548,-10048,8092,-39,109,-169,-14832,4400,2528,-1038,114,-94,-14876,-2560,5176,-548,123,-117,0
1714.7973849773407,10572,4696,10888,-145,-86,154,9500,-9956,8060,-23,112,-159,-14784,4808,2564,-1054,98,-46,-15036,-2508,5256,-471,123,-103,0
1714.8324840068815,10672,4624,11000,-75,-48,106,9636,-10100,8096,-63,127,-164,-14696,4672,2520,-1026,75,-53,-15296,-2444,5220,-500,128,-148,0
1714.8675780296326,10528,4564,10888,-201,-56,83,9560,-10212,8168,-15,152,-179,-14716,4364,2368,-772,96,-48,-14900,-2392,5320,-474,162,-139,0
1714.9034349918365,10588,4568,10856,-135,-27,119,9504,-10140,8056,-21,135,-149,-14596,4804,2544,-1027,82,-51,-15024,-2812,5200,-492,119,-172,0
1714.9387221336365,10504,4612,10968,-125,-29,97,9516,-10140,8016,-23,163,-151,-14784,4848,2572,-1280,75,-26,-14924,-2380,5288,-498,122,-138,0
1714.9737961292267,10260,4532,11052,-185,-34,96,9456,-10084,8328,-11,132,-194,-14744,4704,2632,-999,106,-108,-14964,-2512,5568,-497,146,-126,0
1715.0090010166168,10468,4832,10924,-106,-76,120,9596,-10060,8344,-23,114,-179,-14808,4644,2612,-965,95,-47,-15016,-2476,5260,-494,145,-126,0
1715.0450060367584,10668,4400,11216,-162,-92,120,9612,-10180,8256,11,104,-204,-14600,4584,2584,-1012,120,-56,-14948,-2492,5264,-497,185,-99,0
1715.082638978958,10448,4592,10968,-173,-112,147,9296,-10140,8128,-18,88,-216,-14816,4648,2540,-1050,153,-139,-15000,-2588,5124,-487,208,-128,0
1715.1161510944369,10456,4372,11148,-145,-149,145,9556,-10188,8440,-5,104,-229,-14612,4588,2676,-995,150,-139,-15096,-2508,5284,-473,197,-94,0
1715.1497249603271,10576,4824,10948,-126,-129,136,9496,-10220,8352,-43,120,-241,-14808,4596,2588,-967,131,-127,-15100,-2456,5368,-472,175,-121,0
1715.1834220886233,10528,4448,10908,-154,-96,113,9668,-9948,8016,-22,121,-209,-14812,4620,2572,-988,106,-42,-15076,-2416,5196,-494,123,-127,0
1715.2172269821167,10612,4608,10824,-151,-64,115,9676,-10116,7952,-51,124,-197,-14816,4592,2644,-996,64,-26,-15068,-2368,5204,-452,134,-127,0
1715.2507219314575,10616,4636,10956,-167,-49,95,9544,-10080,8148,-56,170,-170,-15100,4804,2392,-988,97,-36,-15060,-2352,5204,-486,73,-120,0
1715.2843351364136,10576,4484,10992,-167,-29,92,9560,-10084,8164,-21,118,-192,-14608,4628,2692,-1018,94,-68,-15104,-2472,5312,-508,163,-97,0
1715.3180339336395,10416,4696,10872,-196,-122,162,9532,-10092,8220,18,102,-172,-14800,4564,2632,-1005,152,-132,-14860,-2488,5372,-481,169,-81,0
1715.351809978485,10500,4544,11248,-44,-66,97,9560,-10060,8116,-67,108,-204,-14752,4704,2916,-1011,118,-96,-15020,-2476,5364,-499,132,-118,0
1715.3853039741516,10472,4516,11132,-176,-44,126,9588,-10160,8076,-7,117,-171,-15080,4744,2672,-978,122,-60,-15080,-2404,5192,-495,93,-128,0
1715.4190340042114,10548,4568,10936,-118,-59,105,9588,-10176,8032,-70,134,-153,-15040,4560,2804,-990,118,-42,-15024,-2488,5308,-486,83,-122,0
1715.4523510932922,10616,4600,10840,-128,26,110,9552,-10124,8016,-40,134,-115,-14816,4684,2812,-1028,106,-17,-14960,-2496,5324,-497,35,-126,0
1715.4860920906067,10532,4612,10844,-150,-6,107,9488,-10048,8040,-61,144,-136,-14808,4668,2660,-1029,123,-44,-14912,-2544,5156,-478,121,-118,0
1715.520131111145,10360,4792,10892,-146,-23,123,9420,-10188,8016,-62,125,-165,-14684,4568,2348,-1003,128,-78,-14884,-2452,5292,-500,197,-108,0
1715.5534570217133,10532,4384,11000,-67,-58,92,9592,-10124,8132,-47,121,-214,-14776,4576,2344,-1009,107,-102,-14992,-2436,5220,-491,180,-150,0
1715.587139129639,10548,4584,10852,-101,-56,77,9528,-10100,7972,-73,114,-179,-14860,4684,2608,-1047,73,-107,-14936,-2336,5256,-493,155,-147,0
1715.620619058609,10536,4516,10968,-114,4,68,9476,-10152,8104,-21,135,-149,-15072,4380,2316,-1050,56,-70,-15064,-2392,5356,-493,138,-159,0
1715.6538579463959,10576,4860,10824,-109,57,62,9580,-10076,8072,-20,150,-136,-14840,4376,2540,-1044,61,-58,-15312,-2388,5232,-522,123,-156,0
1715.687747001648,10532,4588,10936,-97,34,92,9640,-10056,8076,-47,144,-127,-14840,4856,2624,-1038,45,-74,-15032,-2528,5316,-481,103,-135,0
1715.7213470935822,10396,4560,10952,-111,56,37,9576,-10184,8172,-35,149,-127,-15028,4652,2776,-769,61,-47,-14952,-2516,5372,-764,97,-178,0
1715.7548940181732,10484,4584,10972,-93,19,79,9656,-10176,8064,-65,153,-147,-14764,4536,2364,-1047,59,-27,-14908,-2448,5200,-493,133,-175,0
1715.7884459495544,10456,4692,11000,-120,19,70,9524,-10200,8092,-44,172,-161,-14636,4532,2756,-1031,44,-60,-14852,-2580,5364,-504,149,-152,0
1715.8221559524536,10396,4720,10752,-105,0,52,9488,-10156,8072,-76,173,-184,-14724,4560,2312,-1277,70,-58,-14920,-2448,5308,-499,143,-121,0
1715.8557951450348,10748,4712,11032,-107,-252,97,9500,-10188,8228,-48,159,-193,-14872,4648,2668,-1002,80,-106,-14996,-2428,5296,-498,147,-130,0
1715.888797044754,10444,4680,10920,-53,11,82,9436,-10176,8124,-59,104,-183,-14760,4640,2700,-1038,109,-69,-14928,-2496,5604,-506,160,-108,0
1715.9222609996796,10600,4612,11036,-48,31,119,9524,-10048,8220,-48,89,-170,-14796,4716,2648,-1017,121,-58,-14908,-2564,5260,-509,143,-135,0
1715.9554600715635,10428,4544,10972,-122,27,119,9492,-9992,8076,-43,120,-149,-14596,4544,2316,-1006,93,-64,-15036,-2500,5300,-499,101,-141,0
1715.9889390468597,10440,4588,11048,-13,6,111,9620,-10132,8016,-22,133,-155,-14936,4516,3008,-1280,129,-61,-14948,-2432,5292,-516,144,-99,0
1716.0223281383514,10332,4632,11092,49,12,84,9584,-10128,8044,-41,107,-165,-14828,4636,2808,-1001,106,-7,-15032,-2480,5248,-512,130,-147,0
1716.0558919906616,10468,4740,10992,67,30,97,9580,-10184,8132,-70,117,-166,-14804,4624,2476,-1016,83,-45,-14980,-2648,5248,-524,120,-128,0
1716.0893239974976,10348,4648,10928,-10,16,73,9536,-10148,8048,-63,119,-158,-14604,4656,2776,-996,68,-79,-14964,-2496,5232,-496,141,-172,0
1716.1253390312195,10408,4636,10896,-55,17,70,9500,-10192,8088,-49,116,-174,-14824,4628,2580,-993,103,-74,-15048,-2484,5120,-759,169,-121,0
1716.1612651348114,10440,4672,10876,-97,11,72,9460,-10220,8140,-27,141,-173,-14676,4856,2680,-1051,56,-99,-14976,-2464,5216,-520,176,-142,0
1716.1973659992218,10296,4772,11040,-102,-16,75,9520,-10164,8044,-26,127,-194,-14744,4612,2684,-774,87,-83,-14996,-2568,5320,-503,183,-135,0
1716.23290514946,10288,4736,11104,-169,-71,83,9620,-10496,8028,-31,185,-188,-14804,4680,2600,-1009,78,-62,-15092,-2456,5320,-464,106,-102,0
1716.2686870098114,10444,4644,11092,-202,-41,87,9612,-10328,8144,-47,189,-168,-14880,4756,2796,-997,84,-84,-15076,-2500,5404,-509,123,-108,0
1716.303589105606,10484,4636,11064,-281,-115,184,9468,-10196,8064,11,146,-186,-14796,4708,2544,-1018,116,-81,-14720,-2600,5556,-768,145,-58,0
1716.338896036148,10320,4844,11128,-240,-114,181,9540,-10120,8016,-34,152,-191,-14796,4620,2552,-963,106,-89,-14940,-2812,5384,-468,113,-55,0
1716.3740320205688,10344,4628,11000,-312,-169,172,9508,-10124,8140,13,190,-194,-14760,4696,2632,-940,103,-99,-14872,-2440,5132,-470,174,-86,0
1716.4096410274506,10416,4716,10984,-357,-157,184,9564,-10152,8108,31,170,-193,-14788,4656,2612,-972,119,-110,-15004,-2472,5236,-462,151,-49,0
1716.445095062256,10372,4760,11056,-366,-148,168,9616,-10120,8048,21,174,-172,-14760,4660,2752,-945,74,-85,-15080,-2524,5160,-433,116,-85,0
1716.4852979183195,10372,4692,11100,-438,-176,167,9568,-10060,8124,14,190,-188,-14608,4748,2632,-929,108,-145,-14972,-2484,5240,-452,159,-46,0
1716.520945072174,10456,4844,11008,-426,-256,196,9288,-10180,8104,22,188,-202,-14728,4548,2620,-943,146,-93,-14956,-2484,5256,-441,195,-17,0
1716.5562150478363,10464,4612,11008,-371,-289,229,9564,-10196,8120,25,104,-242,-14800,4700,2668,-971,162,-195,-15000,-2448,5184,-450,215,-34,0
1716.5920281410215,10424,4596,11016,-326,-270,241,9468,-10200,8196,34,86,-260,-14792,4732,2568,-989,159,-115,-15060,-2368,5348,-473,186,-53,0
1716.6280989646912,10588,4668,10956,-302,-4,194,9532,-10088,8024,36,152,-183,-14888,4688,2304,-977,112,-121,-15044,-2464,5336,-464,127,-81,0
1716.6633701324463,10496,4588,10752,-300,-221,201,9560,-10152,8056,48,125,-194,-14740,4628,2544,-970,147,-90,-14936,-2436,5340,-446,165,-46,0
1716.698667049408,10520,4592,10976,-278,-218,168,9504,-10140,8316,52,130,-194,-14752,4356,2672,-950,169,-142,-14896,-2480,5288,-453,174,-28,0
1716.7335801124573,10708,4836,11136,-281,-221,189,9356,-9940,8028,36,156,-240,-14724,4820,2528,-960,148,-160,-15040,-2460,4972,-414,213,-43,0
1716.7698330879211,10528,4784,10920,-286,-502,194,9584,-10004,8080,-37,81,-245,-14880,4392,2400,-961,170,-184,-15012,-2516,5384,-427,228,-60,0
1716.8034839630127,10580,4508,11032,-289,-276,194,9528,-10048,8104,-36,121,-251,-14840,4616,2564,-934,140,-131,-15052,-2400,5208,-440,172,-54,0
1716.836848974228,10648,4504,10756,-288,-235,180,9524,-10108,8028,20,99,-207,-14776,4608,2540,-1045,177,-114,-14944,-2444,5288,-450,148,-84,0
1716.870492935181,10312,4504,11000,-210,-201,165,9572,-10124,8056,23,94,-167,-14840,4592,2648,-976,116,-121,-15004,-2400,5308,-484,153,-87,0
1716.9039571285248,10596,4460,10916,-181,-176,165,9680,-10040,7972,6,109,-208,-14756,4448,2388,-1015,141,-123,-14932,-2424,5144,-483,124,-100,0
1716.9374649524689,10600,4420,10824,-131,-128,179,9644,-9948,8016,-34,111,-159,-14896,4848,2740,-995,134,-61,-15064,-2348,5224,-498,104,-152,0
1716.9709730148315,10708,4416,10864,-33,0,94,9580,-10092,8444,-48,140,-149,-14764,4552,2596,-1057,50,-35,-15004,-2416,5240,-565,109,-192,0
1717.0044219493866,10652,4600,11000,-105,8,61,9512,-10064,8112,30,153,-102,-14820,4600,2516,-1054,40,-44,-15052,-2464,5312,-522,152,-149,0
1717.037691116333,10592,4684,10964,-83,5,92,9644,-10088,8152,-70,210,-150,-14736,4616,2648,-1025,51,-58,-15052,-2584,5288,-501,132,-122,0
1717.071349143982,10720,4364,11192,-124,-47,97,9700,-10212,8104,-67,138,-152,-14700,4776,2808,-1278,62,-55,-14988,-2424,5148,-768,145,-133,0
1717.104876995087,10288,4416,10984,-152,-74,99,9576,-10108,7944,-53,128,-152,-15056,4368,2400,-1016,79,-30,-15028,-2364,5280,-493,105,-147,0
1717.1381380558014,10508,4552,10992,-93,20,85,9528,-10100,8164,-94,186,-99,-14876,4748,2648,-1005,12,37,-15044,-2464,5368,-473,250,-182,0
1717.1718139648438,10536,4560,10968,-93,89,42,9612,-10192,8172,-67,225,-72,-14804,4604,2716,-1014,-25,-254,-15100,-2408,5452,-497,31,-235,0
1717.2055089473724,10572,4512,11096,-114,87,10,9528,-10168,8048,6,245,-122,-14656,4688,2408,-983,14,-76,-14980,-2412,5236,-528,118,-181,0
1717.2389271259308,10412,4504,10880,-93,19,77,9516,-10128,8168,6,135,-170,-14740,4468,2744,-1034,75,-87,-14916,-2364,5312,-511,163,-170,0
1717.2723820209503,10520,4512,11032,-124,-72,70,9564,-10096,8100,16,137,-224,-14800,4728,2436,-1054,90,-101,-14992,-2760,5160,-541,227,-199,0
1717.3060131072998,10504,4560,10780,-96,-86,91,9484,-10108,8164,1,144,-267,-14752,4400,2748,-1061,130,-93,-15108,-2468,5472,-507,147,-159,0
1717.3394930362701,10556,4648,11124,-143,-51,78,9480,-9844,8292,-43,129,-203,-14840,4664,2736,-1036,95,-60,-15068,-2436,5336,-471,80,-124,0
1717.3730399608612,10556,4644,10972,-6,-39,105,9556,-10068,8428,-27,213,-196,-14812,4588,2592,-898,79,-78,-14916,-2612,5316,-491,80,-112,0
1717.4065010547638,10376,4408,11132,-2,-113,107,9476,-10216,8268,-10,203,-196,-14788,4656,2808,-950,17,-87,-15020,-2440,5468,-501,114,-107,0
1717.4399869441986,10480,4592,10980,-251,-157,119,9472,-10244,8188,-255,151,-203,-14744,4760,2752,-905,49,-75,-14948,-2396,5340,-474,139,-123,0
1717.4736630916595,10536,4516,11064,-199,-188,154,9444,-10060,8076,-27,77,-218,-14628,4692,2648,-909,80,-95,-14852,-2416,5252,-499,141,-163,0
1717.5071740150452,10516,4476,10808,-161,-228,150,9536,-10076,8160,26,158,-223,-14804,4476,2796,-990,39,-169,-14992,-2420,5216,-533,198,-176,0
1717.5405559539795,10556,4460,10840,-102,-153,107,9572,-10096,8300,70,147,-160,-14876,4608,2692,-1027,15,-138,-15080,-2476,5260,-519,188,-145,0
1717.5738270282743,10672,4524,11260,-115,-65,71,9544,-10060,8076,123,153,-213,-14736,4604,2496,-1060,83,-134,-14884,-2464,5232,-500,224,-144,0
1717.6075060367584,10252,4508,10816,-151,-110,70,9552,-10040,7956,99,142,-231,-14656,4512,2616,-1068,79,-154,-14940,-2640,5196,-497,287,-187,0
1717.640841960907,10536,4628,11016,-143,-166,59,9632,-10092,8144,89,186,-216,-14768,4684,2628,-1043,57,-241,-15116,-2316,5120,-492,233,-146,0
1717.6743350028992,10744,4536,10948,-172,-177,251,9572,-10228,8284,216,307,-42,-14916,4656,2888,-1053,9,-228,-14896,-2620,5312,-533,253,-248,0
1717.7078399658203,10276,4528,10972,-165,-195,1,9424,-10056,8320,281,-141,-370,-14676,4524,2572,-1039,40,-198,-14936,-2512,5132,-523,199,-260,0
1717.7413580417633,10588,4596,10860,-45,-79,-36,9496,-9916,7964,6,127,-330,-14800,4440,2668,-1027,8,-99,-15000,-2596,5288,-512,165,-512,0
1717.7749149799347,10748,4420,10852,-132,-60,-56,9476,-10020,8248,116,191,-231,-14804,4504,2600,-1083,20,-100,-14804,-2644,5308,-426,175,-188,0
1717.811810016632,10544,4568,10716,-169,-69,7,9428,-9904,8064,101,177,-210,-14792,4464,2696,-958,50,-129,-14848,-2572,5256,-376,155,-179,0
1717.8478329181671,10604,4672,10908,-130,-81,0,9604,-10028,8264,249,79,-2,-15040,4588,2956,-985,31,-69,-15032,-2572,5368,-459,146,-185,0
1717.8827610015867,10576,4728,10980,-124,-43,45,9448,-10036,8144,74,99,-176,-14892,4600,2712,-1271,80,-100,-14996,-2516,5080,-471,142,-118,0
1717.9176881313324,10576,4716,10948,-104,-48,117,9548,-9896,8304,8,33,-195,-14736,4512,2872,-1275,159,-74,-14920,-2492,5324,-449,126,-94,0
1717.953819990158,10556,4788,10948,-61,-11,133,9576,-9924,8020,-41,32,-183,-14872,4504,2780,-971,140,-104,-14960,-2604,5096,-457,107,-102,0
1717.9888920783997,10496,4644,10920,-106,-23,163,9576,-9940,8280,-43,-86,-143,-14660,4644,2644,-1049,160,-245,-15052,-2560,5232,-428,40,-93,0
1718.0242359638214,10620,4732,10856,-88,54,159,9600,-9740,8264,-39,30,-68,-14676,4488,2792,-1039,147,-244,-15052,-2352,5220,-471,-4,-118,0
1718.0606620311735,10692,4684,10956,-156,100,173,9532,-10076,8424,-249,-13,-51,-14724,4840,2564,-1044,109,33,-14968,-2576,5224,-489,15,-82,0
1718.095920085907,10304,4648,11100,-128,53,211,9260,-10064,8156,-10,-57,-138,-14752,4676,2608,-1072,157,-10,-14768,-2568,5264,-463,148,-30,0
1718.131245136261,10312,4560,11260,-118,-121,219,9428,-10112,8096,-67,28,-204,-14688,4820,2584,-1069,206,-68,-14596,-2504,5576,-477,238,-11,0
1718.1671299934387,10428,4556,11140,-85,-123,233,9468,-10180,8072,-61,-34,-174,-14636,4832,2740,-1078,4,-74,-14876,-2444,5468,-512,249,27,0
1718.2019760608673,10444,4500,11072,-103,-108,227,9520,-10180,8020,-94,-25,-225,-14620,4732,2792,-1279,212,-73,-14940,-2452,5544,-493,208,15,0
1718.2376821041107,10512,4492,11140,-192,-131,213,9676,-10032,8044,-15,122,-210,-14776,4788,2552,-1012,174,-99,-14956,-2328,5428,-490,187,6,0
1718.2728230953217,10520,4416,11240,-302,-187,276,9476,-10140,8020,-1,82,-217,-14788,4676,2352,-998,0,-84,-14996,-2424,5360,-504,165,67,0
1718.3080229759216,10748,4356,10816,-247,-224,363,9664,-10048,8360,-88,-43,-223,-14860,4492,2600,-945,326,-144,-14972,-2552,5136,-457,186,59,0
1718.34361410141,10680,4656,10828,-271,-240,322,9788,-9868,8180,-105,-69,-244,-14900,4256,2616,-895,311,-158,-15032,-2632,4872,-345,143,14,0
1718.37956905365,10772,4580,10620,-267,-204,227,9836,-9776,8092,-106,248,-248,-14864,4300,2584,-889,187,-58,-14956,-2412,4976,-361,158,-80,0
1718.4148609638214,10652,4608,10708,-282,-194,107,9648,-9920,8224,-18,105,-245,-14640,4420,2560,-1037,77,-52,-15024,-2516,5188,-412,127,-106,0
1718.4519591331482,10628,4380,10740,-214,-13,35,9600,-9976,8380,-69,216,-145,-14976,4672,2644,-776,-26,65,-15092,-2436,5240,-487,26,-156,0
1718.485463142395,10624,4432,10944,-286,-20,61,9512,-10144,8084,-5,236,-139,-14760,4804,2732,-1053,-40,30,-14960,-2332,5612,-557,97,-117,0
1718.5188739299774,10424,4392,10844,-236,-4,164,9448,-10180,7936,8,134,-73,-14604,4756,2488,-1086,92,-19,-14596,-2376,5504,-585,105,-46,0
1718.552391052246,10364,4400,10800,-148,-9,256,9400,-10132,8088,-48,59,-48,-14668,4772,2564,-1054,184,25,-14944,-2376,5440,-563,35,-27,0
1718.5859789848328,10544,4472,10776,-7,16,271,9580,-10028,8232,-53,-55,-65,-14752,4608,2540,-1045,9,-19,-14924,-2488,5140,-556,62,-24,0
1718.61958694458,10456,4500,10996,44,252,256,9564,-10060,8136,-110,-64,-110,-14616,4604,2420,-1009,511,-11,-14972,-2440,5232,-504,96,-46,0
1718.6526279449463,10572,4508,10900,12,27,179,9624,-10080,7988,-131,-4,-154,-14904,4400,2624,-985,206,-50,-15040,-2468,5248,-458,130,-90,0
1718.6860671043396,10616,4516,10904,-78,2,85,9664,-10072,8040,-73,88,-180,-14824,4572,2584,-978,98,-74,-14912,-2476,5148,-446,162,-133,0
1718.7199890613556,10536,4524,10760,-157,-18,30,9920,-10048,8372,-54,159,-203,-14840,4860,2564,-1014,39,-105,-15036,-2488,5064,-445,136,-172,0
1718.7534489631653,10532,4572,11088,-152,-22,37,9696,-10056,8140,-20,181,-207,-14864,4648,2560,-1031,55,-98,-15020,-2456,5300,-450,161,-153,0
1718.7871310710907,10524,4564,10912,-122,-9,35,9584,-10164,8216,-45,136,-199,-14944,4652,2668,-1040,91,-95,-14948,-2496,5320,-491,150,-138,0
1718.820543050766,10568,4536,10888,-47,-28,86,9660,-10164,8220,-75,50,-194,-14744,4688,2584,-1006,135,-76,-14964,-2520,5272,-533,131,-129,0
1718.853996038437,10464,4548,10780,-16,-15,168,9580,-10024,8116,-154,39,-107,-14704,4624,2336,-775,158,-14,-14960,-2416,5292,-520,59,-47,0
1718.88756108284,10600,4596,10556,-50,57,181,9608,-10020,7960,-175,62,-73,-14756,4668,2516,-776,116,242,-15020,-2444,5288,-556,30,-126,0
1718.9211061000824,10692,4448,10804,-110,116,168,9772,-10104,8200,-103,76,-52,-14896,4596,2420,-1042,100,5,-14940,-2492,5364,-547,73,-89,0
1718.9544730186465,10528,4592,11112,-135,53,188,9624,-10172,8112,-51,128,-68,-14788,4672,2552,-1016,130,-255,-14924,-2500,5352,-513,46,-67,0
1718.9880731105804,10616,4492,11148,-84,92,118,9484,-10176,7996,-82,152,-132,-15048,4640,2448,-1004,84,-53,-14956,-2480,5216,-531,87,-155,0
1719.021367073059,10508,4516,10776,-170,35,78,9644,-10056,8048,-29,186,-144,-14652,4668,2772,-983,29,-91,-14880,-2360,5336,-534,98,-214,0
1719.0552020072935,10692,4532,10792,-90,253,50,9592,-10112,7948,-9,185,-166,-14696,4620,2504,-991,13,-62,-14896,-2432,5392,-495,118,-244,0
1719.0887169837952,10416,4572,10988,-34,-9,-14,9572,-10056,8008,41,172,-201,-14744,4352,2760,-999,8,-61,-14908,-2476,5496,-475,158,-240,0
1719.1223621368408,10372,4544,10916,-54,-10,-16,9536,-10016,8156,17,195,-225,-14724,4708,2732,-1003,-18,-59,-14880,-2528,5336,-458,179,-231,0
1719.1556520462036,10456,4688,10956,-177,-30,4,9536,-10056,8176,-20,248,-199,-14760,4660,2688,-994,49,-109,-14972,-2420,5264,-462,180,-83,0
1719.1891860961914,10340,4640,10776,-222,-57,92,9488,-10080,8280,17,169,-214,-14844,4612,2704,-1009,156,-187,-15032,-2580,5412,-445,250,-28,0
1719.22279214859,10324,4624,11080,-268,-217,193,9592,-10156,8444,1,108,-271,-14828,4760,2784,-964,241,-184,-14992,-2492,5392,-455,244,27,0
1719.2559671401978,10520,4588,11052,-217,-280,230,9540,-10204,8216,-18,46,-306,-14832,4724,2648,-1002,239,-145,-15112,-2536,5324,-496,243,20,0
1719.2895250320435,10564,4712,10884,-282,-310,262,9736,-9920,7964,-60,87,-186,-14744,4660,2520,-985,233,-105,-14940,-2388,5324,-462,134,80,0
1719.3230249881744,10552,4600,10808,-310,-236,298,9628,-10232,8036,-110,101,-143,-14840,4608,2612,-977,240,-26,-14936,-2384,5248,-472,81,40,0
1719.356693983078,10744,4544,10688,-294,-101,263,9840,-9748,7900,-63,66,-113,-14868,4540,2696,-1003,192,3,-15028,-2428,5304,-452,10,-50,0
1719.3901669979095,10692,4504,10884,-505,-64,194,9808,-10232,8108,-15,152,-114,-15000,4520,2252,-987,87,3,-14944,-2448,5176,-450,46,-86,0
1719.4238460063934,10548,4480,10832,-285,-105,127,9688,-10056,8096,31,163,-162,-14880,4836,2812,-968,69,-25,-14968,-2344,5172,-442,118,-122,0
1719.4573740959167,10608,4500,10772,-294,-188,85,9660,-10128,8088,32,168,-253,-14768,4624,2768,-978,63,-84,-14912,-2392,5340,-439,192,-151,0
1719.4945120811465,10264,4452,11216,-304,-193,53,9664,-10120,8028,28,198,-275,-14768,4776,2556,-1000,68,-142,-14872,-2380,5456,-452,234,-132,0
1719.5298590660095,10432,4460,11000,-258,-238,110,9216,-10228,8156,58,179,-266,-14788,4808,2604,-1010,70,-136,-14948,-2352,5516,-462,210,-103,0
1719.5649740695953,10700,4436,11084,-206,-226,125,9520,-10108,8136,-25,102,-299,-14712,4732,2732,-993,177,-171,-14880,-2404,5216,-489,213,-38,0
1719.6010460853577,10564,4416,10892,-198,-213,189,9520,-10076,8092,-8,87,-228,-14808,4376,2792,-987,212,-89,-14980,-2492,5424,-477,161,-5,0
1719.6360960006714,10612,4496,10828,-204,-190,225,9928,-10064,8168,-66,80,-175,-14812,4672,2456,-980,199,-117,-15016,-2444,5188,-452,129,-18,0
1719.6723930835724,10624,4588,10860,-249,-122,239,9656,-9888,8084,-80,76,-157,-14836,4476,2568,-1006,158,-62,-15044,-2420,5168,-444,122,-35,0
1719.7088949680328,10568,4504,10716,-206,-147,213,9736,-10088,8108,-43,65,-167,-14936,4508,2420,-1045,144,-83,-15020,-2400,5152,-467,142,-101,0
1719.744234085083,10724,4552,10800,-126,-107,112,9656,-9956,8072,253,123,-183,-15036,4408,2812,-1274,85,-119,-14984,-2380,5252,-503,169,-142,0
1719.7794580459595,10772,4396,10964,-120,-41,67,9776,-10032,7952,2,207,-197,-14940,4680,2764,-1018,250,-54,-14984,-2368,5356,-503,152,-169,0
1719.8152849674225,10656,4412,10960,-151,-40,33,9652,-10028,8140,-19,186,-172,-14612,4736,2492,-1012,34,-10,-14988,-2340,5348,-489,89,-157,0
1719.8512060642245,10740,4432,10804,-39,14,28,9548,-10152,8040,-42,170,-89,-14936,4856,2792,-1000,33,251,-15080,-2404,5352,-552,5,-174,0
1719.8859989643097,10596,4436,11056,-148,47,89,9692,-10080,7936,-22,176,-99,-14796,4688,2448,-770,51,44,-14932,-2436,5356,-518,63,-185,0
1719.9219369888306,10372,4532,10912,-93,97,93,9620,-10068,7984,-85,146,-114,-14740,4640,2588,-995,64,-31,-14932,-2416,5328,-487,64,-145,0
1719.957435131073,10616,4452,10608,-64,24,106,9696,-10028,8004,-34,144,-138,-14812,4608,2624,-1280,59,-33,-14792,-2412,5012,-498,111,-147,0
1719.9928691387177,10740,4440,10776,-75,19,71,9976,-10056,8056,-19,133,-138,-14840,4632,2580,-1056,45,-82,-14980,-2516,5308,-481,82,-217,0
1720.0287261009216,10484,4492,11016,-28,35,21,9696,-10116,8164,-7,187,-149,-14724,4608,2824,-1020,-33,-57,-14936,-2320,5396,-261,150,-497,0
1720.0638279914856,10736,4596,10972,-30,23,-12,9592,-10112,8172,15,169,-219,-14652,4600,2756,-1016,249,-130,-14964,-2408,5384,-492,164,-238,0
1720.099242925644,10540,4560,10968,-67,-30,44,9476,-10012,8116,-10,108,-239,-14756,4588,2552,-1053,88,-116,-15072,-2492,5408,-763,184,-147,0
1720.1348481178284,10540,4640,11096,-82,-55,66,9556,-9968,8024,-28,141,-200,-14752,4644,2620,-1009,69,-112,-14952,-2484,5448,-502,156,-168,0
1720.1684319972992,10480,4580,11072,-82,-13,95,9612,-10068,8064,-37,96,-154,-14772,4700,2516,-1078,116,-14,-15000,-2456,5436,-496,168,-84,0
1720.20192694664,10496,4660,10864,-121,-29,162,9632,-10052,8112,-64,85,-125,-14628,4760,2680,-1008,147,-14,-15056,-2452,5628,-513,91,-85,0
1720.2356181144714,10532,4532,11164,-132,-27,181,9720,-10100,8008,-93,25,-126,-15096,4688,2684,-1040,157,19,-15028,-2428,5424,-539,66,-73,0
1720.2692110538485,10340,4508,10868,-119,15,198,9620,-10104,7972,-99,25,-86,-14804,4660,2672,-1049,117,243,-15008,-2352,5120,-564,29,-66,0
1720.3026411533356,10744,4496,11120,-83,9,191,9672,-10160,8024,-70,84,-114,-14804,4676,2580,-1050,124,228,-14896,-2464,5380,-544,42,-101,0
1720.3364169597626,10512,4516,10940,-90,26,163,9704,-10024,8180,-40,106,-98,-14804,4720,2552,-1022,111,8,-14936,-2440,5504,-511,84,-73,0
1720.3699729442596,10492,4524,11032,-158,-15,146,9660,-10116,8196,-65,136,-139,-14756,4540,2628,-969,110,-14,-14988,-2420,5276,-458,105,-90,0
1720.4032571315765,10308,4516,11008,-230,-110,103,9604,-10156,8024,-32,163,-200,-14712,4708,2540,-967,134,-76,-14844,-2448,5484,-424,152,-60,0
1720.4369740486143,10372,4532,10984,-269,-157,130,9552,-10264,8068,18,152,-251,-14776,4660,2712,-968,137,-169,-14808,-2456,5408,-446,3,-62,0
1720.4704821109772,10408,4556,11020,-508,-297,137,9500,-10312,7968,44,109,-324,-14744,4796,2636,-968,126,-188,-14916,-2440,5424,-430,248,-80,0
1720.5038731098175,10368,4488,11084,-234,-338,148,9708,-10188,7736,39,108,-341,-14724,4736,2584,-925,114,-167,-14812,-2328,5580,-433,248,-91,0
1720.5374400615692,10464,4440,10908,-271,-323,145,9640,-10020,7948,2,198,-275,-14752,4728,2580,-928,121,-189,-14960,-2440,5400,-427,175,-82,0
1720.5707499980929,10632,4364,10888,-294,-229,116,9688,-10044,7948,53,205,-239,-14772,4732,2416,-967,69,-153,-14884,-2548,5508,-442,122,-123,0
1720.6042590141296,10632,4508,10856,-388,-214,111,9956,-10108,8032,137,228,-225,-14964,4488,2608,-992,93,-197,-15080,-2424,5276,-430,156,-82,0
1720.63760304451,10668,4584,10904,-319,-217,142,9632,-9972,8196,56,196,-203,-14892,4504,2616,-987,112,-120,-15348,-2516,5188,-407,157,-111,0
1720.6712441444397,10648,4528,11040,-353,-512,133,9744,-10004,8240,62,182,-247,-14836,4448,2676,-982,105,-93,-14940,-2436,5308,-437,224,-108,0
1720.704519033432,10592,4348,10816,-324,-279,140,9632,-9980,8100,85,150,-235,-14816,4560,2528,-1010,127,-178,-14912,-2456,5308,-468,169,-115,0
1720.7380299568176,10456,4504,10920,-246,-225,125,9620,-9900,8168,53,152,-177,-14896,4580,2680,-1026,59,-96,-15024,-2788,5512,-469,110,-121,0
1720.7714340686798,10560,4524,11084,-235,-160,129,9572,-9988,8228,-12,139,-161,-14704,4456,2752,-1012,82,-38,-14852,-2432,5308,-462,121,-133,0
1720.8048520088196,10592,4516,10808,-126,-101,98,9596,-10028,8156,-38,87,-199,-14824,4668,2504,-997,119,-77,-14860,-2468,5284,-479,118,-120,0
1720.8381271362305,10588,4476,10928,-31,-18,112,9656,-10024,8128,-101,56,-169,-14680,4664,2460,-1000,102,-49,-14976,-2528,5152,-500,89,-146,0
1720.8718209266665,10768,4444,10872,-78,-16,125,9736,-9976,8016,-52,92,-123,-14744,4536,2788,-774,89,223,-14896,-2388,5460,-444,128,-109,0
1720.9050400257113,10672,4512,10876,-168,14,138,9596,-9980,8020,-44,107,-136,-14788,4700,2440,-1045,151,-32,-14944,-2484,5408,-451,167,-66,0
1720.938076019287,10680,4528,10944,-156,-99,160,9596,-10140,8160,-29,85,-189,-14888,4676,2572,-1050,152,-118,-14964,-2484,5544,-484,176,-73,0
1720.9716799259186,10608,4384,11040,-155,-90,133,9640,-10168,8152,-38,79,-181,-14864,4744,2656,-1052,154,-79,-14624,-2388,5588,-530,177,-112,0
1721.0052089691162,10552,4428,10780,-68,-59,135,9512,-10008,8024,-58,94,-179,-14780,4680,2636,-1037,137,-82,-14896,-2456,5396,-542,131,-127,0
1721.0386469364166,10608,4764,10956,-46,-25,142,9556,-9900,8044,-74,97,-168,-14748,4640,2660,-1005,111,-38,-15036,-2388,5228,-509,106,-133,0
1721.0719211101532,10700,4480,10900,-85,29,108,9596,-10072,8020,-76,120,-138,-14812,4624,2540,-1016,73,-48,-14984,-2412,5184,-509,81,-123,0
1721.1054780483246,10656,4500,10916,-104,40,99,9660,-10064,8008,-56,121,-148,-14908,4640,2456,-1019,69,-84,-15012,-2344,5560,-487,69,-168,0
1721.1386909484863,10620,4380,10844,-93,66,67,9584,-10088,8076,-13,152,-149,-14924,4732,2660,-1010,39,-85,-15128,-2400,5332,-487,149,-168,0
1721.1759290695193,10664,4424,11220,-89,-33,32,9952,-10104,8088,51,148,-225,-14680,4696,2588,-1005,53,-102,-14912,-2396,5352,-451,235,-171,0
1721.2112350463867,10452,4548,10992,-159,-124,60,9720,-10088,8140,13,147,-276,-14676,4632,2596,-951,92,-153,-14924,-2316,5444,-457,223,-132,0
1721.2471101284027,10720,4464,11152,-80,-163,106,9480,-9980,8244,-39,79,-237,-14752,4724,2472,-991,115,-72,-15000,-2440,5344,-488,132,-134,0
1721.2823181152344,10564,4496,11052,-206,-158,135,9660,-10088,8036,251,113,-177,-14804,4676,2808,-958,65,-93,-14960,-2516,5456,-454,59,-109,0
1721.3174040317535,10544,4528,11012,-175,-58,127,9676,-9956,8208,-103,113,-168,-14848,4616,2508,-952,118,-12,-15100,-2476,5408,-428,72,-119,0
1721.3532059192657,10668,4452,10780,-177,-71,128,9684,-10088,8348,-11,123,-155,-14912,4672,2464,-1002,77,-78,-15060,-2316,5300,-457,93,-144,0
1721.388741016388,10900,4540,10816,-199,-83,143,9692,-10036,8128,27,100,-168,-15080,4584,2332,-1057,86,-51,-14928,-2324,5288,-495,120,-91,0
1721.423840045929,10608,4396,10760,-120,-66,150,9548,-9944,8108,58,107,-115,-14708,4668,2668,-1101,86,-66,-14992,-2444,5584,-537,124,-112,0
1721.4592809677124,10560,4560,10988,-92,-63,173,9620,-10092,7968,48,134,-139,-14820,4368,2512,-1040,111,-29,-14928,-2456,5604,-513,125,-107,0
1721.4983730316162,10600,4564,11024,-164,-84,151,9656,-10040,8044,-34,122,-160,-14768,4356,2620,-1014,122,-59,-14932,-2532,5396,-465,106,-120,0
1721.5339000225067,10720,4480,11036,-141,-90,142,9696,-10028,8044,-35,128,-181,-14916,4568,2452,-992,125,-98,-14984,-2412,5328,-465,133,-90,0
1721.5693080425265,10488,4440,10816,-172,-124,116,9536,-10064,8172,-57,93,-185,-14796,4708,2516,-1028,119,-49,-15032,-2476,5620,-436,124,-124,0
1721.6040780544279,10716,4388,10904,-161,-59,116,9684,-10080,8072,-108,143,-179,-14756,4696,2476,-970,79,-29,-15076,-2496,5428,-444,72,-110,0
1721.6398520469666,10512,4420,10968,-242,-46,96,9588,-10148,8216,-80,130,-169,-14944,4824,2376,-950,57,-255,-14940,-2380,5528,-462,49,-160,0
1721.674957036972,10592,4528,11000,-177,-30,100,9620,-10064,8132,-2,168,-122,-14864,4656,2544,-985,61,-63,-15076,-2368,5424,-500,97,-174,0
1721.7108211517334,10632,4408,10944,-140,-55,109,9528,-10016,8148,19,154,-147,-14660,4668,2592,-1074,91,-45,-14676,-2380,5584,-490,149,-113,0
1721.7471299171448,10468,4476,10956,-106,-90,162,9552,-10072,8024,253,68,-191,-14744,4624,2560,-775,160,-86,-14884,-2476,5428,-485,176,-99,0
1721.7820010185242,10580,4488,10992,-105,-115,152,9592,-10216,8124,-27,80,-238,-14768,4648,2712,-1016,131,-83,-14892,-2396,5524,-474,169,-119,0
1721.8186631202698,10592,4420,10944,-112,-109,126,9584,-10140,8076,-15,101,-187,-14836,4796,2608,-1066,99,-90,-14908,-2456,5496,-502,154,-163,0
1721.8521120548248,10560,4492,10764,-111,-104,119,9576,-10016,8172,-4,89,-178,-14812,4668,2308,-1021,80,-77,-15008,-2476,5580,-457,151,-105,0
1721.8853161334991,10472,4536,10780,-161,-117,145,9572,-10004,8420,-57,95,-178,-14784,4628,2508,-1018,155,-73,-14868,-2520,5428,-423,152,-88,0
1721.9190621376038,10444,4480,11000,-158,-88,127,9620,-10032,8180,-93,94,-186,-14864,4636,2580,-978,106,-72,-14976,-2436,5492,-439,153,-134,0
1721.9524610042572,10584,4516,10764,-173,-75,139,9552,-10012,8152,-66,78,-211,-14644,4712,2600,-966,123,-50,-14988,-2396,5380,-456,99,-104,0
1721.98597407341,10612,4560,10928,-108,-70,134,9664,-10076,8088,-47,104,-133,-14860,4684,2516,-1027,62,-48,-15008,-2332,5584,-766,100,-142,0
1722.0196380615234,10968,4432,11048,-192,-29,105,9664,-10080,8156,37,146,-181,-14896,4696,2520,-1036,67,-60,-15068,-2296,5364,-493,130,-142,0
1722.0526931285858,10616,4404,10992,-102,-27,82,9680,-10064,8140,11,155,-163,-14836,4652,2712,-1046,27,-56,-14968,-2424,5480,-495,126,-181,0
1722.0861420631409,10604,4480,10940,-161,-80,60,9544,-10040,8036,37,183,-159,-14788,4732,2600,-1002,65,-37,-14928,-2452,5444,-478,157,-154,0
1722.1199569702148,10700,4440,11132,-183,-76,101,9500,-10040,8080,32,163,-159,-14668,4648,2664,-1012,94,-122,-14848,-2508,5552,-457,140,-130,0
1722.1531839370728,10428,4556,10868,-175,-80,123,9412,-9956,8196,-31,156,-158,-14812,4616,2796,-1007,106,-70,-14936,-2320,5568,-440,87,-95,0
1722.1868340969086,10716,4372,10792,-175,-83,151,9504,-10004,8180,-60,116,-127,-14744,4404,2560,-964,175,-46,-14884,-2332,5524,-441,124,-99,0
1722.2203631401062,10748,4444,10904,-215,-83,186,9540,-9928,8128,-90,60,-180,-14812,4576,2648,-980,174,-27,-15004,-2464,5620,-436,135,-63,0
1722.25373005867,10604,4428,10880,-193,-118,190,9568,-10056,8140,-88,81,-198,-14852,4620,2628,-1007,183,-94,-14940,-2416,5472,-453,135,-56,0
1722.2874550819397,10684,4444,10824,-171,-122,170,9980,-9812,8096,-53,62,-223,-14764,4660,2600,-1021,148,-124,-14980,-2408,5472,-467,134,-95,0
1722.3210639953613,10652,4368,10852,-147,-119,151,9744,-10052,8180,-15,96,-224,-14932,4768,2328,-1008,90,-127,-15060,-2368,5492,-495,134,-131,0
1722.3546061515808,10648,4308,11072,-169,-87,150,9584,-10092,7932,22,124,-148,-14972,4836,2376,-1018,104,-40,-14996,-2260,5372,-466,116,-95,0
1722.3881299495695,10632,4436,10952,-203,-32,135,9664,-10048,7976,-20,94,-134,-14804,4696,2492,-998,96,-19,-14884,-2364,5140,-450,107,-105,0
1722.4215919971466,10608,4344,11080,-207,-43,150,9616,-10112,7996,-14,142,-133,-14772,4736,2608,-1031,131,-62,-14932,-2492,5580,-476,89,-64,0
1722.4549589157104,10556,4436,10940,-244,-92,189,9520,-10028,8140,-78,125,-144,-14784,4656,2632,-969,132,-37,-14904,-2500,5388,-412,107,-65,0
1722.4886069297793,10468,4532,11172,-228,-105,183,9484,-10072,8056,-146,80,-188,-14612,4796,2744,-960,196,-49,-15068,-2412,5592,-441,117,-47,0
1722.5222339630127,10632,4416,10992,-200,-118,175,9472,-10172,8128,-67,44,-218,-14756,4692,2568,-1010,209,-75,-14608,-2468,5528,-463,198,-29,0
1722.5558569431305,10524,4428,10852,-215,-194,214,9608,-10020,8120,-39,71,-3,-14796,4644,2640,-1033,206,-73,-14996,-2416,5540,-431,171,-20,0
1722.5890240669253,10628,4416,10944,-132,-150,157,9696,-10120,8088,-83,78,-224,-14788,4644,2524,-949,168,-127,-14964,-2412,5476,-424,192,-49,0
1722.6224520206451,10748,4496,10568,-206,-139,169,9972,-9736,8380,-83,89,-206,-14756,4584,2484,-968,172,-90,-14968,-2408,5432,-401,125,-58,0
1722.6560220718384,10520,4436,10728,-242,-99,166,9692,-9744,7916,-118,75,-158,-14700,4620,2672,-985,174,-29,-14984,-2416,5328,-437,136,-62,0
1722.6897311210632,10496,4436,10752,-172,-56,162,9504,-10036,8020,-100,42,-161,-14784,4664,2584,-1008,158,-243,-14996,-2400,5220,-431,96,-42,0
1722.7234160900116,10680,4392,10832,-195,-28,145,9728,-10188,8008,-163,24,-171,-14808,4860,2580,-987,158,-250,-14928,-2056,5548,-417,92,-72,0
1722.7569930553436,10748,4320,10824,-191,-43,146,9712,-10060,8000,-140,110,-145,-14792,4764,2544,-1007,110,-17,-15020,-2244,5456,-474,105,-78,0
1722.7904789447784,10684,4300,10976,-182,-51,155,9672,-10200,7856,-86,119,-124,-14632,4836,2652,-1021,62,-34,-14908,-2116,5856,-496,69,-123,0
1722.823812007904,10824,4136,10960,-162,-27,142,9700,-10132,8028,-106,181,-114,-14784,4608,2304,-1028,78,-241,-15104,-2336,5568,-507,92,-93,0
1722.862272024155,10604,4280,10952,-193,-21,149,9540,-10240,8024,-77,149,-152,-14692,4724,2548,-1031,119,-59,-14880,-2244,5692,-500,159,-75,0
1722.8980340957642,10596,4344,10816,-191,-79,143,9684,-10200,7860,-68,153,-183,-14768,4748,2596,-1039,122,-57,-14844,-2076,5512,-481,217,-65,0
1722.9333629608154,10580,4252,10920,-202,-168,176,9556,-10144,8080,-73,137,-250,-14600,4812,2484,-1020,199,-137,-14924,-2444,5536,-487,283,-58,0
1722.968317985535,10552,4404,11180,-164,-146,186,9600,-10172,7988,-106,119,-238,-14836,4792,2636,-1051,179,-123,-14876,-2348,5488,-527,217,-93,0
1723.0042231082916,10680,4256,10988,-158,-141,105,9504,-10160,8168,-20,241,-232,-14848,4692,2836,-1062,70,-184,-14960,-2068,5464,-538,215,-138,0
1723.039771080017,10696,4388,10940,-110,-105,90,9832,-9924,8084,-18,251,-209,-14916,4764,2528,-1036,66,-110,-15116,-2408,5148,-518,161,-153,0
1723.0755240917206,10716,4416,10904,-156,-252,15,9872,-10084,7992,251,289,-183,-15028,4552,2428,-933,-16,-60,-14852,-2376,5208,-405,99,-245,0
1723.1118431091309,10708,4464,10912,-256,-2,-83,9836,-9992,7716,39,365,-181,-14904,4572,2328,-950,-127,-34,-14988,-2460,5160,-395,128,-235,0
1723.1482329368591,10668,4440,10884,-324,-20,-70,9560,-10068,7944,12,375,-177,-14716,4792,2632,-977,-72,-60,-14936,-2400,5632,-380,158,-146,0
1723.1830959320068,10396,4420,11148,-416,-57,29,9312,-9996,8144,-9,293,-231,-14540,4844,2648,-978,59,-106,-14828,-2476,5852,-393,226,-50,0
1723.2182590961456,10456,4416,11276,-419,-229,95,9420,-10240,8032,-58,277,-342,-14444,4932,2636,-950,144,-149,-14784,-2440,5568,-417,362,42,0
1723.2540810108185,10344,4288,10968,-376,-345,153,9292,-10392,8200,-59,190,-357,-14580,4892,2644,-1280,209,-503,-14668,-2096,5872,-479,395,40,0
1723.2890141010284,10484,4256,11096,-294,-442,217,9292,-10160,8068,-79,209,-409,-14836,4608,2716,-1058,322,-5,-14964,-2276,5588,-504,384,100,0
1723.3247170448303,10668,4308,11012,-264,-419,325,9628,-10076,8004,-23,24,-380,-14768,4796,2448,-1042,377,-508,-15052,-2252,5536,-535,270,103,0
1723.3602521419523,10848,4304,10936,-208,-509,400,9884,-9924,8124,-127,-43,-128,-14844,4564,2308,-1059,380,-108,-15088,-2264,5188,-521,92,134,0
1723.3955750465393,10884,4420,10568,-148,-101,408,10108,-9860,8132,-52,-161,-143,-14988,4164,2384,-974,355,-92,-14868,-2356,5100,-504,56,15,0
1723.4317219257355,11020,4132,10288,-92,-94,507,10164,-9888,8068,-78,-123,-174,-14864,4272,2712,-948,176,-100,-15204,-2096,5000,-492,51,-151,0
1723.46772813797,11176,4244,10696,-113,-51,83,10044,-9976,8080,62,131,-148,-15040,4508,2616,-1038,-48,-61,-15136,-2276,5180,-555,45,-254,0
1723.5034070014954,10956,4320,10716,-147,74,-50,9904,-9940,8108,104,300,-90,-15036,4564,2596,-1019,-252,0,-15076,-2264,5524,-761,-49,-362,0
1723.5370950698853,10992,4324,10808,-225,102,-117,9724,-10056,7952,107,424,-58,-14740,4596,2636,-961,-273,48,-15080,-2228,5468,-450,-45,-322,0
1723.5707399845123,10620,4188,11072,-243,125,-73,9576,-10028,8180,73,380,-46,-14728,4828,2556,-991,-177,77,-14828,-2380,5600,-489,-12,-293,0
1723.6040680408478,10448,4268,11096,-220,35,-10,9396,-10272,8084,71,227,-134,-14600,5060,2620,-982,-58,23,-14780,-2352,5716,-530,63,-208,0
1723.6375300884247,10420,4348,11188,-131,-63,71,9364,-10320,8100,-19,168,-145,-14584,4812,2580,-979,82,-93,-14724,-2392,5688,-506,112,-126,0
1723.6709189414978,10528,4340,11248,-127,-101,123,9444,-10348,7956,16,98,-221,-14508,4864,2668,-1006,137,-135,-14760,-2088,5604,-523,173,-86,0
1723.7044320106506,10332,4232,11236,-238,-222,209,9428,-10176,8160,90,65,-228,-14700,4840,2320,-1034,172,-118,-14904,-2412,5728,-489,157,-57,0
1723.7380430698395,10568,4560,10796,-202,-195,220,9648,-10072,8256,64,74,-187,-14720,4672,2612,-996,143,-101,-14844,-2464,5376,-501,136,-93,0
1723.7716000080109,10676,4420,10872,-214,-199,198,9580,-9912,8012,59,48,-217,-14764,4624,2716,-1006,160,-134,-14968,-2456,5392,-495,116,-135,0
1723.8052051067352,10692,4444,10784,-131,-190,169,9664,-9940,8360,15,61,-223,-14672,4740,2320,-1024,186,-149,-14832,-2380,5240,-511,171,-131,0
1723.8387651443481,10692,4276,10840,-75,-245,149,9740,-9908,8096,19,13,-261,-14780,4496,2296,-1052,195,-170,-14928,-2520,5240,-517,238,-122,0
1723.8719279766083,10788,4100,10504,-50,-141,115,9848,-9720,8044,38,54,-259,-14972,4464,2692,-1105,153,-163,-15028,-2540,5348,-465,186,-154,0
1723.9053809642792,10788,4360,10748,-88,-28,60,9720,-9900,7940,39,114,-226,-14844,4380,2392,-1076,156,-120,-14992,-2276,5352,-436,1,-90,0
1723.938777923584,10768,4424,10856,-148,-29,101,9684,-9968,8360,81,85,-232,-15060,4656,2744,-1067,195,-157,-14856,-2328,5436,-430,262,-54,0
1723.972228050232,10696,4464,10836,-154,-51,104,9676,-10060,8244,-37,23,-207,-14932,4688,2672,-1044,162,-114,-15076,-2368,5500,-387,121,-88,0
1724.0057339668274,10780,4372,10912,-133,-46,96,9724,-10000,8044,-103,54,-192,-14700,4860,2588,-937,89,-28,-14992,-2432,5284,-421,54,-167,0
1724.039272069931,10984,4532,10748,-118,-12,73,9620,-9968,8188,-119,126,-149,-14812,4764,2356,-958,61,46,-14868,-2280,5540,-475,65,-149,0
1724.0728199481964,10656,4252,10924,-152,-37,134,9600,-10092,8128,-125,29,-151,-14704,4792,2592,-967,117,-6,-14920,-2296,5432,-464,107,-64,0
1724.1064660549164,10564,4192,10896,-172,-92,186,9572,-10148,8044,-48,29,-151,-14772,4772,2432,-1274,180,-57,-14876,-2140,5548,-519,171,-56,0
1724.1396000385284,10572,4196,10976,-137,-79,192,9636,-10128,8056,57,96,-175,-14708,4732,2596,-1075,230,-121,-14840,-2308,5456,-739,221,-38,0
1724.1731650829315,10652,4188,10908,-70,-143,178,9704,-10128,8000,80,111,-214,-14776,4676,2452,-1115,209,-138,-14956,-2212,5488,-548,262,-25,0
1724.2068901062012,10780,4236,11184,-123,-197,201,9644,-10084,8128,82,131,-236,-14752,4724,2580,-1088,202,-160,-14996,-2504,5876,-523,273,-13,0
1724.240343093872,10728,4324,10944,-130,-172,215,9640,-9932,8092,-38,120,-234,-14764,4576,2796,-1015,231,-155,-15000,-2532,5516,-508,170,-12,0
1724.2737510204315,10800,4316,10944,-177,-158,239,9788,-9996,8240,-94,106,-190,-14776,4600,2572,-1000,223,-114,-15016,-2464,5296,-456,117,2,0
1724.3073000907898,10784,4392,10760,-226,-108,228,9820,-9984,8132,-139,71,-153,-14852,4520,2384,-955,205,-22,-15012,-2472,5232,-399,55,-47,0
1724.3407881259918,10840,4324,10552,-176,-30,113,9884,-9940,8140,-123,157,-126,-14640,4596,2548,-944,87,-233,-14904,-2284,5224,-425,106,-129,0
1724.3743090629578,10876,4256,10772,-280,-60,85,9816,-10028,8112,25,201,-159,-14672,4576,2412,-778,71,-79,-14992,-2196,5300,-440,167,-140,0
1724.4079620838163,10800,4324,10812,-187,-42,77,9660,-10000,7740,-246,142,-141,-14960,4708,2388,-1069,79,-97,-14912,-2240,5360,-478,143,-116,0
1724.441439151764,10780,4252,10988,-123,-26,105,9688,-9936,8136,-4,95,-135,-14792,4748,2532,-1079,101,-75,-14972,-2336,5452,-518,158,-121,0
1724.474951028824,10608,4296,10984,-114,-11,127,9600,-9740,8016,249,67,-130,-14692,4636,2464,-1041,126,-30,-14924,-2336,5448,-531,140,-118,0
1724.5108270645142,10608,4292,10808,-54,-19,172,9708,-9956,8056,-64,77,-125,-14732,4528,2440,-1003,132,-93,-14900,-2380,5352,-495,144,-126,0
1724.5471749305723,10716,4232,10900,-107,-48,119,9612,-10088,8064,-132,92,-214,-14844,4808,2392,-998,180,-79,-14964,-2340,5364,-394,169,-97,0
1724.5822350978851,10712,4176,10948,-78,-5,81,9980,-10148,8036,-160,24,-206,-14964,4772,2540,-946,127,-79,-15128,-2160,5588,-451,81,-170,0
1724.61807513237,10944,4084,10808,-49,123,38,9904,-9988,8140,-61,67,-94,-14844,4808,2668,-977,-8,85,-15036,-2216,5420,-505,-50,-255,0
1724.6530740261078,10852,4300,10852,-81,282,255,9652,-10060,8040,-40,141,255,-14884,4832,2584,-772,-70,66,-14856,-2272,5440,-529,-90,-217,0
1724.6886990070343,10652,4268,10824,-52,344,39,9476,-10116,8004,-3,205,50,-14748,4528,2688,-1074,-27,75,-14804,-2496,5504,-543,14,-160,0
1724.7234370708466,10508,4320,11032,-46,198,52,9540,-10112,7952,-253,148,-90,-14724,4660,2524,-1078,87,-63,-14656,-2356,5456,-547,168,-141,0
1724.7593851089478,10540,4352,11140,-21,2,116,9652,-10084,8172,-66,84,-209,-14696,4732,2672,-1036,167,-119,-15072,-2204,5624,-556,223,-84,0
1724.7945721149445,10844,4268,10944,6,-69,108,9684,-10044,8012,-56,30,-266,-14736,4664,2752,-1277,132,-123,-14872,-2260,5492,-542,208,-124,0
1724.8302030563354,10628,4208,10996,-89,-104,144,9684,-9988,7896,-44,65,-202,-14828,4800,2564,-1033,113,-82,-14944,-2376,5496,-470,111,-135,0
1724.8653371334076,10672,4196,10960,-21,46,44,9840,-10156,8056,-72,152,-177,-14936,4736,2684,-772,55,-76,-15036,-2328,5576,-493,85,-210,0
1724.9008219242096,10640,4412,11020,-98,85,11,9512,-10452,8088,-21,185,-141,-14708,4744,2332,-1002,2,-84,-15036,-2292,5508,-480,72,-188,0
1724.9376320838928,10696,4356,10760,-82,75,37,9652,-10060,8168,-3,167,-106,-14720,4716,2488,-992,42,-18,-14904,-2292,5472,-501,88,-183,0
1724.972846031189,10668,4368,10792,-54,23,81,9664,-10044,8012,-74,94,-128,-14596,4540,2456,-1008,72,-72,-14860,-2308,5408,-507,96,-154,0
1725.0086319446564,10636,4432,10928,-33,-256,107,9688,-9908,7964,-88,76,-164,-14804,4564,2448,-955,134,-67,-14924,-2412,5260,-475,123,-161,0
1725.0439591407776,10664,4596,10848,-88,-25,94,9692,-9784,8056,-39,105,-174,-15088,4572,2636,-992,74,-36,-14868,-2064,5416,-483,124,-111,0
1725.0807020664215,10704,4348,10808,-70,-8,90,9780,-9996,8044,-29,85,-137,-14808,4740,2560,-1052,67,-17,-14944,-2548,5508,-511,94,-124,0
1725.1159870624542,10668,4416,11012,-149,27,118,9712,-10060,8096,-18,109,-158,-14868,4700,2624,-1009,67,-24,-14872,-2264,5512,-474,84,-161,0
1725.1519799232483,10576,4196,11064,-110,9,113,9476,-10156,8064,-27,120,-164,-14724,4740,2548,-1042,59,-59,-14860,-2356,5592,-489,108,-112,0
1725.1876339912415,10260,4412,11080,-143,-22,125,9688,-10064,8064,-30,108,-140,-14824,4648,2600,-1001,79,-34,-14900,-2440,5552,-484,114,-111,0
1725.2211580276487,10420,4152,10772,-175,-32,156,9612,-10104,7984,-91,89,-171,-14756,4740,2660,-1003,105,-17,-14956,-2356,5656,-491,107,-57,0
1725.2548730373385,10524,4380,11204,-172,-55,150,9548,-10048,8136,-112,86,-148,-14804,4784,2464,-998,135,-41,-14916,-2392,5448,-460,111,-100,0
1725.2884800434113,10564,4364,11064,-212,-37,172,9748,-10000,7976,-100,119,-173,-14736,4720,2504,-1011,143,-51,-14992,-2304,5504,-418,152,-26,0
1725.3218801021576,10612,4332,11100,-261,-83,151,9640,-10204,7716,-45,110,-210,-15052,4748,3032,-996,158,-90,-14936,-2308,5576,-432,171,-69,0
1725.355515956879,10596,4284,11116,-234,-127,162,9628,-10456,8052,5,121,-229,-14792,4760,2628,-1022,128,-129,-14948,-2400,5584,-452,213,-71,0
1725.38903093338,10572,4268,11092,-227,-186,145,9664,-10104,8032,10,165,-508,-14736,4764,2568,-984,124,-153,-14924,-2216,5596,-462,204,-98,0
1725.422632932663,10604,4264,11072,-235,-224,139,9616,-10148,8068,18,158,-253,-14680,4764,2488,-983,160,-156,-14948,-2232,5800,-475,220,-86,0
1725.4561440944672,10636,4296,10536,-275,-203,130,9704,-10100,8080,13,187,-234,-14792,4648,2584,-983,134,-157,-14896,-2312,5584,-439,185,-67,0
1725.4897570610049,10528,4420,11020,-4,-215,164,9572,-10076,8076,-5,185,-228,-14708,4632,2424,-962,179,-132,-15076,-2388,5532,-418,200,-47,0
1725.523430109024,10728,4440,10968,-336,-210,197,9660,-10032,8148,15,147,-201,-14748,4684,2440,-982,183,-123,-15020,-2216,5356,-419,159,-14,0
1725.5571360588074,10632,4280,10868,-309,-212,175,9648,-10072,8112,-13,114,-225,-14808,4632,2524,-990,181,-80,-14944,-2252,5464,-399,155,-46,0
1725.5908250808716,10816,4328,10908,-315,-214,207,9732,-9904,7992,-52,119,-225,-14868,4628,2500,-993,152,-95,-14976,-2184,5436,-454,144,-33,0
1725.624408006668,10656,4276,10912,-301,-209,178,9752,-10052,7948,19,181,-212,-14596,4776,2532,-1026,111,-126,-14968,-2292,5400,-450,158,-114,0
1725.6574590206146,10692,4228,10880,-287,-239,162,9844,-10104,7728,60,188,-216,-14848,4736,2324,-1005,88,-142,-14884,-2332,5644,-457,179,-112,0
1725.6910729408264,10668,4328,10968,-286,-257,151,9728,-10068,7944,70,170,-238,-14724,4640,2656,-1005,95,-140,-14968,-2316,5468,-455,224,-82,0
1725.7245450019836,10580,4252,10956,-289,-290,151,9724,-10124,8056,99,137,-299,-14820,4760,2584,-967,133,-175,-15000,-2212,5648,-417,204,-88,0
1725.7577531337738,10668,4164,10920,-228,-265,110,9744,-10100,8112,44,104,-286,-14796,4716,2464,-962,150,-162,-14964,-2232,5480,-481,157,-145,0
1725.7914159297943,10676,4232,11000,-241,-226,124,9692,-10048,7956,28,100,-239,-14752,4804,2516,-1005,81,-146,-14976,-2212,5484,-462,159,-140,0
1725.8248829841614,10720,4316,10884,-198,-232,147,9632,-9860,8000,-9,93,-224,-14704,4660,2316,-967,145,-118,-14892,-2560,5508,-381,109,-111,0
1725.8585679531097,10704,4352,10544,-161,-85,102,9492,-9768,7936,-76,102,-198,-14764,4616,2600,-1005,151,-63,-14888,-2304,5152,-449,177,-145,0
1725.8919439315796,10764,4104,10700,-131,-58,117,9808,-9844,7736,-4,91,-156,-14608,4628,2468,-1061,87,-51,-14924,-2300,5392,-464,102,-120,0
1725.9254829883575,10524,4268,10936,-117,55,97,9788,-9876,8136,-255,170,-81,-14632,4372,2456,-793,41,-42,-14964,-2284,5560,-463,57,-137,0
1725.958837032318,10672,4332,10972,-167,63,88,9676,-10240,7980,5,140,-89,-14768,4660,2504,-1063,101,228,-15080,-2556,5376,-483,130,-88,0
1725.9923150539398,10648,4364,10964,-169,9,141,9572,-10012,8184,-22,73,-119,-14776,4744,2608,-1049,162,-251,-14892,-2384,5460,-510,126,-47,0
1726.0255041122437,10608,4316,10992,-99,-82,202,9736,-9924,8268,-82,31,-176,-14760,4636,2772,-1012,182,-74,-14916,-2088,5524,-505,154,-50,0
1726.059184074402,10704,4232,10860,-118,-131,155,9700,-9820,7980,-78,60,-192,-14620,4636,2492,-1039,173,-83,-14968,-2220,5440,-477,122,-40,0
1726.0927760601044,10744,4220,10876,-115,-105,149,9716,-10216,7836,-63,99,-190,-15040,4760,2604,-998,112,-87,-14956,-2252,5588,-458,130,-91,0
1726.1264109611511,10656,4176,10756,-141,-42,96,9732,-10176,8088,-85,123,-180,-15076,4804,2724,-995,108,-36,-14956,-2144,5620,-463,122,-107,0
1726.1597521305084,10728,4136,10904,-197,-77,138,9668,-10088,8080,-41,123,-232,-14864,4776,2500,-978,121,-55,-14984,-2136,5484,-456,156,-105,0
1726.19549202919,10712,4212,10992,-148,-48,94,9480,-10092,7940,-58,119,-194,-14824,4736,2372,-967,100,-101,-14956,-2132,5568,-476,179,-112,0
1726.2318530082705,10764,4228,11232,-178,-76,78,9684,-10124,8000,-32,166,-180,-14776,4744,2476,-998,102,-115,-15068,-2228,5620,-483,187,-130,0
1726.2684650421145,10772,4212,10752,-159,-127,95,9800,-10068,8120,247,163,-222,-14784,4724,2416,-982,102,-109,-15088,-2220,5512,-452,173,-131,0
1726.303964138031,10652,4244,10872,-133,-69,77,9764,-9944,8036,-7,169,-182,-14832,4460,2464,-993,91,-138,-15164,-2312,5604,-469,148,-138,0
1726.339744091034,10756,4308,10844,-150,-29,68,9720,-10012,7952,50,203,-185,-14872,4544,2444,-1016,81,-84,-14940,-2264,5352,-461,166,-138,0
1726.3749959468842,10708,4284,10708,-152,-63,91,9544,-9976,8168,20,135,-179,-14844,4672,2484,-1005,104,-95,-14872,-2356,5596,-449,171,-128,0
1726.4112179279327,10900,4320,10740,-140,-101,83,9744,-9964,8108,-59,120,-207,-14664,4676,2496,-989,111,-55,-14996,-2284,5460,-453,139,-113,0
1726.4461929798126,10764,4308,10888,-148,-60,106,9720,-9788,7956,-75,104,-172,-14912,4632,2440,-995,61,-32,-14940,-2268,5384,-459,103,-112,0
1726.4818580150604,10904,4128,10756,-167,-34,113,9676,-10028,8088,-51,144,-167,-14740,4772,2452,-1012,95,-47,-14876,-2228,5440,-486,96,-86,0
1726.521914958954,10632,4228,10896,-145,-12,149,9780,-10004,8064,-56,75,-121,-14716,4692,2528,-783,119,-21,-14944,-2316,5592,-453,113,-94,0
1726.558109998703,10676,4256,11068,-85,1,101,9552,-10080,8004,-32,116,-159,-14804,4732,2536,-770,85,-38,-14920,-2128,5568,-481,129,-128,0
1726.5929970741272,10756,4204,10936,-135,-19,108,9488,-10120,8016,25,144,-167,-14776,4768,2404,-1068,119,-70,-14896,-2216,5512,-478,135,-130,0
1726.6280879974363,10624,4268,10836,-118,-14,103,9764,-10072,8064,-15,112,-157,-14764,4716,2548,-1280,123,-19,-14944,-2312,5800,-474,124,-105,0
1726.6635539531708,10612,4240,10888,-125,-13,123,9684,-10160,8140,-29,117,-171,-14600,4796,2512,-770,86,-56,-14996,-2264,5460,-451,93,-110,0
1726.7001559734344,10616,4300,11084,-167,-37,117,9604,-10120,8172,22,205,-149,-14776,4692,2788,-993,109,-76,-14988,-2284,5124,-594,151,-147,0
1726.735394001007,10920,4216,10996,-187,-91,103,9652,-9996,8164,-111,146,-170,-14744,4708,2652,-996,71,-72,-14880,-2240,5452,-340,163,-70,0
1726.7712090015411,10704,4096,10820,-89,-55,107,9652,-9968,8052,-27,84,-237,-14736,4704,2720,-987,147,-121,-14936,-2304,5584,-404,184,-70,0
1726.8071830272675,10652,4276,11032,-207,-42,109,9488,-10224,7720,-43,139,-178,-14848,4728,2624,-1017,90,-118,-14900,-2244,5448,-506,110,-157,0
1726.8437650203705,10728,4244,10752,-199,-81,127,9976,-10084,7940,3,166,-183,-14892,4780,2616,-1014,86,-56,-15032,-2188,5620,-497,118,-144,0
1726.8773291110992,10616,4216,10496,-102,2,107,9668,-10232,8076,9,97,-158,-14836,4712,2448,-1057,100,-82,-14940,-2316,5464,-518,170,-138,0
1726.9108560085297,10996,4272,11224,-59,22,56,9820,-9964,7772,119,132,-149,-14884,4856,2368,-624,328,-83,-15020,-2244,5676,-933,94,-272,0
1726.944277048111,10764,4340,10984,-379,208,107,9904,-9812,8324,-80,42,-80,-14808,4356,2688,-860,153,0,-14832,-2212,5504,-359,104,-187,0
1726.9779019355774,10648,4268,11008,161,175,49,9884,-10004,8012,-68,140,-171,-14664,4588,2728,-1486,-107,-66,-14940,-2368,5388,-225,229,-92,0
1727.0112850666046,10568,4368,10844,-97,-189,75,9668,-9752,8440,-75,191,-208,-14780,4628,2464,-1164,42,-57,-15048,-2292,5392,-354,163,-68,0
1727.044606924057,10512,4308,10796,-206,0,99,9892,-10148,8064,-20,200,-116,-14892,5092,2392,-1003,108,-1,-15000,-2180,5604,-579,-12,-167,0
1727.080001115799,10516,4144,10908,-105,18,77,9832,-10188,8032,-39,152,-106,-14840,4832,2724,-1005,62,27,-14828,-2112,5616,-521,15,-219,0
1727.1136350631714,10524,4232,10824,-16,48,61,9572,-10056,8052,-28,127,-145,-14752,4748,2608,-770,26,-95,-14872,-2204,5588,-508,104,-189,0
1727.1470811367035,10632,4300,10988,-57,23,61,9624,-9988,8100,-35,138,-135,-14796,4708,2592,-1051,-8,-60,-14916,-2196,5452,-502,125,-173,0
1727.18039894104,10908,4228,10972,-81,62,55,9700,-10084,8032,-10,171,-141,-14840,4812,2548,-1054,10,-83,-14908,-2280,5588,-516,133,-143,0
1727.213781118393,10580,4344,10832,-116,245,69,9804,-10084,8004,-19,195,-148,-14764,4416,2380,-773,63,-78,-14956,-2532,5768,-501,136,-131,0
1727.2473740577698,10600,4400,10900,-54,23,65,9728,-10024,8180,-58,150,-163,-14872,4684,2600,-998,89,-75,-14872,-2388,5560,-514,179,-157,0
1727.2808589935303,10628,4452,11024,-122,-60,68,9480,-10092,8380,-256,208,-152,-14872,4668,2548,-946,40,-87,-14924,-2544,5192,-442,230,-134,0
1727.3145380020142,10504,4272,10880,-158,-54,49,9604,-10012,7956,-4,255,-134,-14696,4664,2712,-881,254,-117,-14880,-2232,5500,-384,276,-128,0
1727.3480310440063,10604,4588,10860,-288,-44,93,9652,-10080,8360,-35,217,-147,-14792,4696,2596,-863,-40,-122,-14852,-2324,5620,-363,330,-169,0
1727.3814890384674,10564,4112,10868,-335,-42,56,9664,-10004,8084,47,279,-137,-14768,4700,2376,-867,-65,-59,-14980,-2236,5440,-473,222,-140,0
1727.4150259494781,10640,4380,10936,-242,-55,91,9632,-10116,8072,32,215,-159,-14752,4768,2560,-882,36,-75,-14844,-2484,5420,-259,235,-81,0
1727.448077917099,10548,4328,10836,-245,-47,140,9676,-10080,8164,3,166,-165,-14748,4740,2700,-903,40,-117,-14920,-2300,5380,-417,2,-64,0
1727.481605052948,10560,4280,11092,-261,-86,145,9676,-10088,8064,31,158,-197,-14664,4716,2548,-938,126,-147,-14960,-2240,5484,-416,217,-37,0
1727.5152630805967,10520,4580,11068,-269,-167,166,9616,-10160,8084,-7,166,-216,-14776,4764,2576,-919,136,-99,-14920,-2236,5544,-451,213,-28,0
1727.5486240386963,10576,4228,11172,-306,-226,199,9596,-10164,7960,-20,184,-196,-14668,4808,2548,-937,141,-101,-14972,-2336,5680,-465,169,-63,0
1727.582118988037,10556,4196,10804,-245,-200,181,9592,-10048,8200,-47,137,-232,-14776,4660,2600,-892,147,-161,-14944,-2244,5560,-443,207,-23,0
1727.6157701015472,10556,4180,11024,-311,-218,166,9584,-10088,8044,-6,173,-242,-14756,4716,2440,-906,174,-145,-14928,-2224,5468,-399,212,-44,0
1727.6488449573517,10568,4272,10916,-314,-262,185,9696,-10028,8252,-51,108,-262,-14800,4656,2356,-955,218,-150,-14888,-2216,5496,-373,506,-18,0
1727.682186126709,10588,4264,10852,-333,-328,181,9620,-10092,8044,-48,168,-269,-14996,4652,2616,-883,157,-186,-15044,-2216,5488,-369,292,-15,0
1727.7156701087952,10716,4332,11036,-422,-300,181,9720,-10036,8192,-20,143,-276,-14792,4676,2384,-881,193,-196,-15032,-2168,5452,-333,283,-14,0
1727.749093055725,10732,4188,10928,-377,-317,187,9836,-10036,8004,30,115,-273,-14596,4700,2784,-905,147,-198,-15012,-2268,5472,-425,249,-63,0
1727.782674074173,10532,4228,10788,-370,-323,197,9696,-9972,8156,52,155,-264,-14748,4704,2544,-911,155,-150,-14908,-2152,5452,-455,237,-80,0
1727.8162109851835,10544,4172,10960,-369,-298,182,9544,-9908,7996,34,142,-9,-14696,4612,2684,-920,173,-147,-14976,-2248,5456,-405,214,-29,0
1727.849671125412,10768,4188,10904,-342,-243,165,9608,-9748,8040,27,119,-230,-14804,4364,2596,-891,202,-136,-15020,-2168,5428,-410,158,-27,0
1727.8858859539032,10804,4104,10808,-192,-186,192,9928,-10088,8016,-13,86,-184,-14776,4792,2540,-977,145,-76,-14952,-2076,5532,-513,146,-77,0
1727.9213011264799,10804,4132,10876,-219,-123,151,9600,-9980,8084,46,140,-163,-14820,4672,2552,-1012,103,-79,-15084,-2268,5492,-473,165,-111,0
1727.957710981369,10644,4184,10856,-123,-30,94,9512,-9852,8012,-83,171,-170,-14740,4716,2624,-973,127,-56,-14928,-2124,5604,-438,107,-126,0
1727.9928719997406,10728,4128,10980,-220,-61,69,9800,-10044,7904,35,254,-126,-14784,4660,2352,-1032,72,-61,-15016,-2148,5432,-483,161,-167,0
1728.0283780097961,10676,4144,10832,-199,255,89,9924,-9980,8256,51,168,-162,-14812,4812,2648,-1055,106,-81,-14904,-2264,5448,-419,196,-133,0
1728.0635719299316,10616,4184,11080,-90,1,97,9552,-9980,8300,46,75,-192,-14844,4756,2580,-1034,116,-123,-15040,-2300,5684,-454,231,-71,0
1728.0991570949554,10664,4208,10932,-89,-59,122,9552,-10060,8268,253,86,-197,-14716,4792,2632,-1002,183,-128,-15040,-2280,5468,-551,190,-92,0
1728.1348090171814,10656,4176,10908,-92,-109,97,9772,-10228,8176,-74,156,-227,-15104,4672,2456,-991,84,-93,-15096,-2224,5316,-530,187,-143,3
1728.1707129478455,10836,4092,10752,-110,-66,52,9720,-10072,8056,-42,212,-170,-14616,4756,2464,-981,54,-79,-15012,-2148,5468,-468,147,-158,3
1728.2062289714813,10672,4144,10908,-188,-73,94,9708,-10108,8156,-28,224,-161,-14692,4636,2404,-1055,148,-81,-14916,-2136,5468,-414,144,-77,3
1728.2422530651093,10684,4176,11024,-158,-51,132,9592,-10004,8204,-44,132,-180,-14784,4700,2488,-1008,145,-109,-15040,-2240,5560,-473,167,-89,3
1728.2782440185547,10664,4196,10652,-155,-68,121,9664,-10228,8264,24,52,-204,-14608,4404,2576,-1279,171,-121,-14980,-2268,5356,-524,172,-105,3
1728.3135359287262,10628,4232,11044,-86,-51,100,9744,-9984,7992,76,137,-241,-14864,4664,2588,-1058,147,-120,-15036,-2180,5476,-493,147,-116,3
1728.3487710952759,10652,4128,10920,-118,-49,76,9636,-9880,8008,38,153,-191,-14884,4660,2396,-1017,121,-116,-14944,-2240,5312,-465,100,-109,3
1728.3838651180267,10700,4308,10976,-165,-53,112,9656,-10012,8296,-38,107,-177,-14796,4668,2372,-1006,147,-93,-14984,-2228,5404,-491,91,-120,3
1728.4201231002808,10904,4108,10980,-152,-38,79,9652,-10032,8152,-72,132,-164,-14796,4708,2444,-1007,113,-62,-14984,-2200,5484,-543,91,-158,3
1728.45565700531,10704,4152,10964,-179,-50,113,9620,-9888,8084,-41,38,-176,-14772,4792,2748,-973,156,-92,-14856,-2188,5452,-445,123,-51,3
1728.4909060001373,10648,4168,10908,-95,-43,96,9584,-10044,7968,-64,94,-203,-14820,4692,2472,-1048,207,-98,-14952,-2136,5548,-480,146,-64,3
1728.5273470878599,10792,4200,11164,-94,-82,147,9880,-10108,7940,-20,32,-209,-14900,4712,2404,-1004,193,-95,-15096,-2136,5256,-562,114,-106,0
1728.560487985611,10528,4160,10936,-91,-65,122,9716,-9860,8072,-69,46,-194,-14884,4628,2316,-973,108,-43,-15092,-2136,5388,-525,109,-158,0
1728.5939140319824,10588,4220,10796,-95,42,72,9524,-9740,8136,-59,142,-130,-14788,4780,2416,-1024,104,-41,-14908,-2168,5400,-491,68,-134,0
1728.627445936203,10540,4156,11248,-140,72,72,9664,-10028,7988,-60,71,-118,-14856,4752,2764,-983,55,-38,-15000,-2320,5472,-471,62,-152,0
1728.6605639457705,10628,4180,10900,-196,15,93,9908,-10084,8216,-62,110,-130,-14768,4788,2400,-991,79,-24,-14856,-2204,5492,-471,150,-119,0
1728.6939120292664,10480,4108,11128,-85,-66,105,9592,-10100,8048,20,138,-203,-14728,4708,2512,-773,164,-129,-14984,-2120,5548,-510,178,-117,0
1728.7275221347809,10576,4172,11232,-104,-96,122,9544,-10076,8120,-33,65,-216,-14784,4740,2428,-1009,167,-156,-14932,-2200,5424,-504,200,-113,0
1728.7610080242157,10580,4284,11092,-172,-118,111,9724,-9860,7956,-50,124,-229,-14844,4724,2564,-980,187,-165,-14968,-2172,5512,-471,245,-98,0
1728.7945399284363,10664,4252,11060,-123,-107,91,9692,-9996,7964,-10,89,-262,-14764,4736,2384,-966,132,-141,-14944,-2148,5432,-484,184,-113,0
1728.8280670642853,10496,4152,10968,-165,-130,108,9756,-9940,7984,253,121,-221,-14680,4664,2436,-986,116,-111,-15056,-2264,5452,-470,204,-119,0
1728.8614320755005,10948,4164,11112,-174,-109,108,9632,-10068,8196,-52,104,-231,-14820,4660,2496,-981,86,-121,-15032,-2328,5492,-484,168,-130,0
1728.8945260047913,10696,4224,10984,-134,-73,98,9696,-10008,8100,246,173,-214,-14840,4660,2508,-1007,118,-93,-14904,-2244,5448,-459,132,-136,0
1728.928200006485,10728,4140,10880,-156,-43,84,9676,-9864,8128,13,127,-195,-14780,4672,2516,-1014,128,-58,-15016,-2100,5416,-507,134,-152,0
1728.9615919589996,10780,4240,10904,-134,-79,114,9712,-9976,8116,-21,136,-186,-14900,4584,2384,-1278,110,-64,-15024,-2148,5628,-501,178,-147,0
1728.9953169822693,10772,4288,11064,-173,-85,123,9900,-9788,8284,-45,148,-173,-14908,4652,2624,-986,121,-64,-14896,-2160,5428,-483,150,-123,0
1729.0289270877838,10668,4196,10964,-154,-108,132,9536,-9756,8116,-47,89,-183,-14836,4680,2500,-981,138,-95,-14984,-2116,5400,-489,142,-82,0
1729.0622379779816,10556,4300,10804,-130,-75,152,9696,-9820,8176,-43,84,-182,-14892,4680,2488,-1012,111,-37,-14496,-1796,5456,-752,148,-88,0
1729.0958740711212,10468,4284,10852,-214,-48,110,9640,-10136,8064,-83,120,-112,-15104,4688,2388,-992,82,1,-14968,-2108,5516,-478,70,-115,0
1729.129158973694,10948,4180,10896,-179,-17,104,9676,-10040,8288,-48,134,-129,-14916,4772,2484,-1011,73,-19,-14972,-2200,5428,-477,104,-130,0
1729.1624519824982,10712,4232,11056,-182,-55,137,9600,-9992,8132,-31,169,-131,-14784,4672,2420,-999,93,-44,-14872,-2288,5548,-486,139,-63,0
1729.1960480213163,10492,4288,10988,-211,-101,175,9420,-10004,8264,-18,58,-183,-14696,4668,2396,-994,174,-122,-14916,-2204,5444,-450,208,-54,0
1729.2296030521393,10656,4200,11196,-152,-130,185,9600,-10012,8176,-32,22,-227,-14808,4748,2520,-1003,224,-124,-14960,-2100,5340,-509,206,-48,0
1729.2632670402527,10636,4132,10972,-77,-160,178,9772,-9980,8156,-53,32,-512,-14768,4704,2352,-1016,149,-93,-14968,-2188,5500,-510,188,-103,0
1729.296982049942,10756,4192,10788,-135,-170,156,9540,-9992,8108,-80,73,-274,-14904,4696,2496,-979,111,-113,-15016,-2284,5392,-452,153,-102,0
1729.3305189609528,10808,4240,10788,-105,-120,108,9848,-10056,8048,-132,114,-204,-14972,4636,2512,-954,60,-93,-14912,-2072,5380,-469,81,-152,0
1729.3638701438904,10752,4108,11000,-166,-43,81,9800,-10132,7980,251,167,-155,-14844,4716,2284,-999,36,-53,-14976,-2104,5584,-508,70,-167,0
1729.3971610069275,10780,4132,10924,-112,-17,108,9728,-10212,8116,-25,97,-144,-14772,4584,2456,-974,99,-68,-14992,-2192,5328,-479,81,-150,0
1729.4308140277865,10776,4188,11060,-91,-13,79,9724,-10028,8116,-45,139,-147,-14600,4392,2360,-989,58,-40,-14948,-2184,5556,-500,146,-170,0
1729.46435713768,10716,4144,10856,-131,-44,54,9716,-9940,8028,-3,133,-170,-14696,4644,2304,-1037,69,-92,-14924,-2208,5488,-473,163,-175,0
1729.4979400634766,10668,4196,10824,-101,-9,85,9496,-10008,8032,25,153,-133,-14784,4708,2704,-1015,48,-74,-14988,-2380,5516,-766,76,-164,0
1729.5314531326294,10712,4328,11108,-118,22,81,9476,-9996,8100,-34,181,-110,-14868,4700,2560,-1018,45,-22,-15048,-2216,5616,-484,62,-97,0
1729.568719148636,10640,4284,10968,-183,0,124,9692,-10156,8112,-63,136,-129,-14808,4420,2516,-985,95,-10,-14824,-2228,5476,-504,121,-157,0
1729.6044249534607,10532,4284,11100,-104,-43,151,9628,-9876,8176,-68,80,-185,-14828,4844,2396,-1005,114,-61,-14804,-2248,5556,-490,144,-111,0
1729.6403000354767,10516,4300,10896,-104,-76,138,9672,-10236,7964,-30,65,-217,-14772,4672,2552,-1012,139,-94,-14936,-2148,5352,-491,197,-85,0
1729.6754019260409,10656,4140,10868,-127,-114,116,9676,-10180,7996,-31,109,-227,-14704,4656,2496,-1006,104,-86,-14920,-2228,5496,-470,229,-84,0
1729.7117879390717,10540,4128,10496,-168,-171,83,9752,-10028,8060,24,109,-235,-14940,4736,2468,-996,112,-139,-14944,-2164,5496,-470,195,-119,0
1729.7471759319305,10596,4280,11072,-160,-120,106,9516,-10080,8120,16,112,-236,-15020,4728,2380,-1014,127,-97,-15008,-2200,5548,-471,205,-114,0
1729.7823419570923,10648,4224,10972,-170,-92,124,9676,-9900,8100,2,104,-209,-15084,4620,2420,-972,112,-121,-14896,-2280,5516,-439,136,-130,0
1729.817645072937,10708,4148,10992,-191,-140,124,9704,-9784,8048,-6,141,-187,-14760,4648,2348,-990,86,-86,-15008,-2152,5508,-456,120,-84,0
1729.8534231185913,10708,4256,10880,-159,-134,161,9820,-10196,8188,-11,106,-186,-14880,4716,2432,-988,114,-52,-15012,-2164,5388,-472,70,-96,0
1729.8897070884705,10704,4288,11008,-127,-104,149,9864,-10032,8012,-60,80,-180,-14964,4836,2496,-970,69,-73,-15080,-2100,5368,-494,77,-112,0
1729.9255270957947,10712,4140,10812,-142,-78,133,9820,-9948,8032,-18,132,-92,-14832,4600,2312,-1014,87,-38,-14976,-2056,5592,-490,100,-95,0
1729.9610481262207,10508,4328,10940,-123,-15,118,9836,-9848,8040,-69,114,-106,-14796,4588,2464,-1010,96,-46,-14924,-2140,5388,-480,49,-107,0
1729.997365951538,10748,4560,10764,-147,-27,131,9740,-9924,8148,-71,115,-168,-15064,4644,2580,-998,134,-61,-14888,-2168,5444,-760,139,-98,0
1730.0332601070404,10672,4324,11000,-106,-88,161,9584,-9972,8220,-67,37,-198,-15104,4792,2536,-1036,148,212,-15084,-2188,5664,-537,91,-45,0
1730.068843126297,10644,4284,11248,-119,-77,183,9476,-10144,8024,-24,66,-118,-14716,4800,2416,-1048,118,-246,-14912,-2188,5552,-569,99,-37,0
1730.1039299964905,10556,4192,10768,-182,-116,213,9756,-10208,8160,-57,59,-187,-14724,4720,2424,-990,152,-98,-14924,-2256,5516,-760,161,-72,0
1730.1396429538727,10720,4172,10744,-153,-163,129,9732,-9980,7928,-113,178,-202,-14788,4664,2448,-1002,58,-83,-14932,-2160,5640,-434,162,-139,0
1730.174516916275,10624,4148,10768,-209,-131,31,9952,-10028,7952,17,255,-215,-14772,4832,2440,-775,37,-65,-15104,-2048,5524,-433,217,-170,0
1730.211611032486,10716,4124,10848,-229,-123,63,9620,-10060,8044,-24,218,-234,-14728,4792,2472,-1039,56,-103,-14924,-2208,5516,-449,221,-112,0
1730.2449359893799,10616,4244,11088,-192,-181,107,9660,-10076,8036,-85,186,-235,-14856,4828,2440,-983,92,-128,-14988,-2088,5492,-477,210,-73,0
1730.2784349918365,10528,3860,10996,-232,-135,138,9952,-10124,8056,-66,128,-212,-14828,4784,2384,-990,159,-131,-14968,-2068,5528,-488,203,-100,0
1730.3123049736023,10740,4348,10900,-200,-162,179,9784,-10140,8092,-65,128,-242,-14896,4720,2444,-1023,155,-147,-14932,-2244,5260,-529,204,-104,0
1730.3457050323486,10748,4172,10944,-148,-211,108,9780,-9960,7940,-51,152,-233,-14972,4576,2404,-1049,55,-118,-15072,-2220,5376,-768,208,-154,0
1730.3789949417114,10796,4180,10812,-197,-141,95,9860,-10192,8184,9,217,-196,-14872,4784,2524,-773,48,-168,-15056,-2156,5512,-485,181,-171,0
1730.412358045578,10868,4096,10920,-160,-54,24,9800,-10188,7972,-255,258,-193,-14940,4420,2316,-995,-9,-90,-15032,-2196,5132,-529,92,-215,0
1730.4459490776062,10904,4280,10864,-157,-9,8,9776,-9924,8180,20,213,-166,-14832,4664,2436,-1030,-40,-41,-14944,-2200,5224,-524,43,-232,0
1730.4796080589294,10816,4272,10884,-82,40,34,9792,-9916,8072,24,155,-94,-14800,4616,2648,-1033,-40,5,-15028,-2536,5344,-548,22,-229,0
1730.5131289958954,10720,4124,10976,-43,80,14,9820,-9800,8068,-3,70,-130,-14836,4480,2536,-954,-63,-18,-14956,-2136,5492,-501,12,-314,0
1730.5467829704285,10744,4328,10928,-23,103,-41,9772,-9964,7992,40,156,-175,-14792,4616,2536,-919,-83,-54,-14992,-2268,5504,-464,-255,-323,0
1730.5801689624789,10728,4232,10708,-21,78,-84,9828,-9928,7992,48,311,-49,-14936,4656,2328,-936,-164,-18,-15028,-2176,5468,-451,-58,-363,0
1730.6137030124664,10776,4212,11004,-134,79,-102,9772,-10020,8144,37,335,-130,-14636,4772,2516,-942,-156,252,-14988,-2236,5576,-389,45,-315,0
1730.6473181247711,10428,4160,11036,-234,22,-56,9512,-10016,7976,89,303,-155,-14628,4916,2352,-982,-80,-49,-14848,-2200,5624,-397,162,-189,0
1730.6807510852814,10508,4252,11152,-241,-134,73,9000,-10132,8136,-29,140,-190,-14516,4908,2768,-1053,134,-69,-14780,-2212,5708,-475,280,-39,0
1730.7142751216888,10184,4300,11316,-119,-230,231,9280,-10456,8000,-79,-47,-252,-14588,4976,2720,-1084,332,-214,-14664,-2260,5836,-552,363,63,0
1730.7475869655607,10392,4188,11000,-43,-390,327,9540,-10072,8016,-72,-89,-335,-14684,5100,2724,-1078,344,-249,-14872,-2308,5548,-614,305,20,0
1730.7810080051422,10652,4264,10904,-34,-290,273,9808,-9808,8088,-19,-36,-226,-14880,4856,2436,-1032,177,-113,-15152,-2376,5588,-561,95,-57,0
1730.8146481513975,10908,4296,11048,-164,-132,191,10016,-9740,8092,34,200,-115,-15052,4644,2304,-1036,50,-43,-15080,-2232,5124,-465,48,-159,0
1730.8480710983276,10852,4248,10660,-279,-28,98,9884,-9928,8180,96,318,-100,-14880,4628,2436,-1040,13,-48,-15068,-2556,5228,-378,47,-171,0
1730.8815159797668,10696,4468,11000,-244,255,72,9928,-9908,8076,22,176,-182,-14936,4456,2604,-988,110,-154,-15076,-2064,5160,-371,202,-158,0
1730.9149651527405,10660,4268,10888,-209,-180,44,9948,-9804,8024,-17,40,-371,-14732,4544,2308,-977,149,-246,-14860,-2108,5336,-374,345,-162,0
1730.9485490322113,10648,4176,10796,-130,-211,22,9808,-9872,8056,25,38,-372,-14732,4852,2520,-1006,99,-229,-15020,-2252,5568,-388,0,-181,0
1730.9820981025696,10780,4300,10860,-126,-147,252,9936,-9988,8148,8,188,-276,-14912,4876,2560,-1045,247,-94,-14852,-2216,5580,-452,133,-193,0
1731.015557050705,10788,4368,11100,-188,-23,-247,9968,-10016,8092,10,237,-147,-14968,4836,2476,-1014,-39,-2,-15224,-2208,5648,-514,-16,-172,0
1731.049154996872,10820,4340,10884,-183,150,75,9976,-9940,8020,-48,195,-3,-14804,4824,2508,-988,-21,82,-14964,-2184,5440,-573,-108,-148,0
1731.0826671123505,10756,4292,10596,-121,225,163,9792,-9988,8156,-27,170,53,-14720,4712,2396,-1053,108,111,-14860,-2284,5504,-559,-80,-87,0
1731.1162099838257,10632,4416,11004,-128,115,274,9628,-10060,8196,-70,43,23,-14676,4584,2712,-1056,202,81,-14724,-2280,5548,-574,-17,3,0
1731.149824142456,10264,4408,11108,-74,-16,284,9788,-9952,8140,-128,-19,-76,-14636,4600,2604,-1009,228,-25,-14788,-2324,5348,-547,115,-30,0
1731.1834650039673,10580,4600,10968,-100,-125,231,9976,-9988,8120,-133,29,-165,-14848,4856,2684,-1000,143,-93,-15096,-2396,5588,-487,125,-86,0
1731.21693110466,10580,4348,10920,-130,-64,132,9860,-10160,8192,-94,102,-214,-14736,4808,2800,-1007,46,-74,-14912,-2052,5720,-482,138,-144,0
1731.2538049221039,10624,4224,11232,-145,-45,40,9652,-10176,8224,-101,130,-187,-14744,4824,2620,-1006,-24,-14,-14968,-2184,5676,-492,118,-190,0
1731.2896370887756,10636,4140,11096,-144,-66,56,9472,-10100,8160,-81,180,-195,-14784,4884,2784,-1005,-4,-106,-14664,-2272,5436,-484,144,-200,0
1731.325138092041,10276,4172,11084,-158,-85,76,9596,-10128,8100,-24,155,-232,-14712,4824,2544,-990,41,-118,-14860,-2168,5580,-534,184,-182,0
1731.3607540130615,10636,4284,11056,-138,-141,78,9572,-10060,8044,-15,136,-6,-14644,4704,2540,-1008,121,-151,-15092,-2144,5608,-501,223,-151,0
1731.3959679603577,10592,4300,10956,-64,-177,99,9792,-9992,7956,24,128,-272,-14840,4704,2540,-1069,88,-196,-14988,-2288,5528,-478,228,-143,0
1731.431528091431,10788,4216,10968,-118,-118,50,9840,-9924,8020,77,203,-242,-14668,4704,2580,-1027,-8,-164,-14972,-2184,5436,-466,171,-221,0
1731.4675769805908,10952,4200,10780,-192,-78,18,9736,-9996,8036,125,290,-203,-14820,4664,2404,-1040,-27,-153,-14684,-2080,5404,-474,223,-206,0
1731.5022630691528,10596,4552,10880,-174,-101,35,9660,-10000,7984,61,189,-237,-14716,4652,2588,-1277,42,-134,-14964,-2412,5504,-448,232,-154,0
1731.5417940616608,10736,4432,10984,-136,-136,109,9628,-9856,8212,-39,147,-206,-14704,4552,2592,-957,107,-83,-14960,-2352,5560,-439,142,-119,0
1731.5774331092834,10616,4452,10952,-140,-157,146,9632,-9856,8316,-88,106,-206,-14752,4576,2700,-1008,142,-102,-14944,-2388,5552,-469,166,-90,0
1731.6134650707245,10748,4464,10872,-109,-151,177,9688,-9944,8160,-80,26,-213,-14600,4528,2764,-977,123,-58,-15320,-2344,5388,-507,106,-71,0
1731.6487820148468,10844,4420,10796,63,-6,117,9868,-9920,8172,-163,20,-185,-14916,4844,2520,-770,124,-238,-14996,-2556,5340,-506,135,-129,0
1731.6838800907135,10820,4224,11084,-48,15,72,9896,-10048,7992,-71,92,-186,-14776,4680,2528,-1043,52,226,-14964,-2052,5496,-536,118,-157,0
1731.7198770046234,10824,4224,10904,-23,14,76,9756,-9988,7956,9,124,-136,-14896,4776,2204,-1053,-31,-251,-14968,-2252,5548,-563,30,-199,0
1731.7549719810486,10608,4264,10940,-74,71,53,9684,-10100,8112,41,157,-103,-14776,4748,2756,-1067,-9,29,-14840,-2240,5584,-495,80,-153,0
1731.790934085846,10616,4304,11180,-112,18,91,9612,-10028,8148,58,156,-109,-14604,4844,2540,-1054,70,-27,-15092,-2220,5452,-763,136,-106,0
1731.8260850906372,10680,4568,11072,-127,-83,157,9512,-9992,8088,9,88,-189,-14500,4856,2592,-1056,155,-89,-14748,-2180,5484,-765,191,-70,0
1731.8622550964355,10696,4100,10984,-109,-129,199,9532,-9988,7952,-10,42,-225,-14624,4796,2516,-984,204,-116,-14892,-2412,5636,-488,203,-52,0
1731.8981590270996,10624,4444,11096,-82,-130,192,9656,-9732,7976,-88,40,-229,-14820,4844,2616,-985,193,-80,-14992,-2420,5552,-463,152,-80,0
1731.931874036789,10704,4404,10676,-183,-120,201,9816,-9900,7996,-110,67,-204,-14600,4372,2716,-953,168,-53,-14928,-2284,5544,-443,118,-106,0
1731.965422153473,10728,4136,10808,-175,-86,105,9840,-10004,8052,-58,166,-205,-14924,4536,2784,-977,54,-68,-14936,-2224,5472,-442,132,-147,0
1731.9990360736847,10748,4364,10920,-175,-106,74,9776,-9892,8164,251,118,-226,-14880,4664,2668,-1016,101,-129,-14924,-2180,5524,-458,220,-87,0
1732.0326170921326,10740,4344,10860,-162,-151,116,9820,-10228,8024,247,74,-243,-14752,4708,2484,-1058,120,-147,-15036,-2204,5556,-484,216,-80,0
1732.0659940242767,10852,4444,11072,-135,-145,127,9840,-9964,7936,-43,119,-224,-14800,4700,2548,-999,92,-144,-15044,-2140,5568,-511,148,-140,0
1732.0996749401093,10784,4224,10944,-163,-139,96,9796,-9992,8024,-61,131,-180,-14828,4684,2516,-1046,46,-41,-14992,-2180,5608,-544,137,-147,0
1732.1329729557035,10508,4296,10908,-189,-60,151,9664,-10196,8088,-4,144,-108,-14732,4720,2812,-1072,78,-256,-14968,-2060,5532,-480,52,-82,0
1732.16668009758,10544,4296,10892,-129,-31,178,9648,-9964,8168,-39,81,-93,-14696,4724,2656,-1037,159,-254,-14968,-2344,5620,-487,81,-52,0
1732.2000250816343,10612,4528,10932,-136,-65,189,9724,-10028,8052,-54,110,-166,-14816,4752,2720,-987,116,-49,-14928,-2308,5600,-488,115,-114,0
1732.233645915985,10616,4368,10992,-131,-56,123,9688,-10016,8188,-46,146,-158,-14740,4776,2564,-951,77,-67,-14932,-2328,5524,-466,97,-126,0
1732.2674131393433,10552,4360,10944,-144,-103,105,9484,-10020,8164,-51,137,-229,-14764,4724,2768,-983,62,-114,-14828,-2228,5632,-483,189,-166,0
1732.3007140159607,10608,4348,10996,-65,-78,43,9760,-9764,8192,-16,105,-240,-14804,4652,2592,-1003,34,-71,-14960,-2396,5516,-494,146,-193,0
1732.3343160152435,10700,4288,10784,-93,-106,34,9584,-9936,7968,-64,158,-210,-14700,4792,2588,-973,27,-109,-15004,-2172,5792,-495,116,-191,0
1732.3680529594421,10540,4356,10976,-123,-64,64,9680,-9984,8340,-13,151,-173,-14788,4844,2776,-1276,89,-132,-14936,-2548,5532,-463,164,-138,0
1732.4014310836792,10580,4356,10940,-100,-106,125,9672,-10020,8132,7,104,-221,-14756,4756,2524,-1015,158,-121,-15068,-2544,5452,-485,163,-95,0
1732.4349400997162,10632,4336,10964,-74,-123,150,9504,-10224,8156,-24,63,-252,-14760,4596,2748,-1041,144,-129,-14900,-2252,5508,-494,173,-105,0
1732.4682490825653,10676,4552,10804,-124,-129,113,9824,-9924,7948,12,106,-217,-14932,4692,2456,-1020,90,-98,-14932,-2276,5496,-511,158,-133,0
1732.501757144928,10800,4112,10756,-216,-81,134,9908,-9976,8140,13,148,-206,-14616,4648,2572,-995,71,-77,-15084,-2264,5532,-455,110,-132,0
1732.5353989601135,10508,4376,10632,-207,-52,131,9680,-9952,8100,-2,138,-130,-14844,4688,2320,-1003,76,-59,-14908,-2384,5652,-473,92,-123,0
1732.5690081119535,10696,4420,10860,-142,253,153,9760,-9848,8016,-74,123,-128,-14788,4652,2800,-1008,75,-51,-15056,-2276,5476,-495,79,-110,0
1732.6024930477142,10684,4584,10808,-166,254,138,9844,-9948,8144,-118,128,-129,-14884,4624,2476,-1005,88,-10,-14912,-2336,5356,-486,31,-123,0
1732.6358699798584,10728,4292,10772,-153,-35,98,9756,-10012,8164,-85,104,-145,-14788,4608,2592,-1049,103,-1,-15136,-2228,5500,-260,97,-110,0
1732.6694829463959,10644,4380,10980,-134,-58,88,9768,-10044,8044,-49,93,-169,-14700,4732,2628,-1064,78,-68,-14916,-2168,5604,-528,146,-118,0
1732.7030501365662,10692,4316,11008,-128,-89,98,9816,-10140,7976,-26,169,-159,-14788,4816,2412,-1041,64,-103,-14908,-2464,5836,-536,142,-162,0
1732.73672413826,10728,4276,10820,-115,-42,71,9668,-10000,7964,-32,169,-173,-14652,4696,2912,-1037,58,-50,-14868,-2072,5828,-488,111,-134,0
1732.7702550888062,10676,4360,10980,-170,-23,97,9760,-9984,8088,16,189,-164,-14680,4756,2644,-993,95,-49,-14776,-2264,5632,-487,126,-100,0
1732.8036849498749,10572,4416,10952,-145,-41,156,9712,-9976,8128,-37,111,-172,-14636,4620,2308,-1058,129,-98,-14872,-2344,5428,-503,146,-109,0
1732.8373639583588,10524,4600,10832,-135,-70,143,9684,-9952,8196,-67,107,-188,-14776,4728,2692,-1003,107,-45,-14884,-2240,5528,-497,108,-124,0
1732.8712379932404,10672,4352,10904,-142,-20,92,9768,-10044,8052,-45,146,-162,-14780,4532,2496,-1000,50,-78,-15100,-2080,5432,-469,125,-133,0
1732.9043769836426,10824,4336,10920,-197,-23,85,9688,-10084,7996,-25,155,-227,-14736,4680,2620,-1010,103,-103,-14880,-2224,5384,-474,177,-119,0
1732.9420449733734,10544,4392,10900,-146,-74,129,9764,-10056,8176,27,133,-230,-14816,4744,2688,-1039,104,-97,-14940,-2064,5516,-488,198,-105,0
1732.978068113327,10728,4416,11208,-138,-67,118,9828,-9980,7944,-34,109,-222,-14784,4724,2784,-1010,142,-70,-15048,-2224,5544,-764,147,-140,0
1733.0134539604187,10820,4308,10896,-123,-29,71,9868,-9752,8004,-17,180,-144,-14764,4556,2772,-1019,46,-71,-14900,-2360,5428,-522,117,-129,0
1733.0492749214172,10720,4376,10848,-163,58,79,9680,-9872,8128,-38,200,-124,-14840,4720,2388,-1270,74,23,-14908,-2196,5568,-530,72,-98,0
1733.0845510959623,10692,4136,10832,-185,108,102,9744,-9980,8120,-50,175,-70,-14776,4672,2564,-1032,112,14,-14976,-2076,5440,-507,86,-54,0
1733.1207749843597,10624,4524,10864,-298,73,98,9844,-9944,8108,-84,220,-83,-14620,4684,2916,-967,59,21,-15076,-2544,5816,-466,89,-98,0
1733.1562509536743,10564,4340,10912,-427,-15,128,9484,-10112,8088,-14,251,-144,-14644,4684,2620,-1004,73,-41,-14896,-2272,5872,-462,139,-67,0
1733.1917791366575,10548,4380,10784,-378,-54,142,9616,-9984,8188,-247,181,-193,-14700,4800,2920,-770,102,-125,-14596,-2088,5840,-493,197,-43,0
1733.2280750274658,10700,4364,10812,-338,-231,169,9584,-10116,8004,27,163,-279,-14668,4740,2548,-1019,150,-163,-14880,-2272,5576,-472,281,-31,0
1733.2631061077118,10516,4260,11048,-325,-284,149,9676,-10004,8156,21,177,-313,-14672,4796,2588,-1033,181,-161,-15024,-2364,5736,-424,269,-49,0
1733.2992160320282,10556,4604,11224,-294,-227,125,9588,-9992,8188,-23,145,-281,-14692,4852,2732,-977,152,-142,-14940,-2200,5388,-433,206,-17,0
1733.334242105484,10644,4532,10844,-305,-235,183,9784,-10064,7956,-54,136,-9,-14752,4700,2612,-992,227,-178,-14920,-2112,5648,-435,239,-6,0
1733.369709968567,10684,4320,10540,-275,-218,187,9956,-10008,8188,-56,116,-512,-14620,4740,2472,-1006,214,-167,-14948,-2172,5508,-458,232,-26,0
1733.405071973801,10780,4272,10936,-271,-245,213,9864,-9916,7932,-63,85,-272,-14900,4584,2528,-972,207,-144,-15036,-2128,5464,-437,216,-19,0
1733.4407651424408,10604,4236,10820,-238,-238,175,9788,-9940,8000,-90,138,-263,-14916,4604,2340,-970,205,-160,-14944,-2192,5460,-440,215,-39,0
1733.4761519432068,10836,4228,10756,-220,-236,147,10184,-9980,8120,29,130,-222,-14904,4752,2560,-1008,84,-84,-14976,-2112,5512,-460,211,-97,0
1733.5117800235748,10748,4272,10768,-258,-206,105,9796,-10108,8184,48,189,-217,-14792,4684,2304,-1017,101,-136,-14988,-2204,5680,-487,173,-96,0
1733.5476889610293,10588,4260,10968,-233,-164,125,9612,-9912,8100,70,167,-216,-14792,4752,2548,-1045,104,-121,-14984,-2292,5600,-525,142,-90,0
1733.5833690166473,10772,4248,10992,-216,-138,150,9496,-10044,8080,2,161,-204,-14892,4772,2496,-997,88,-80,-14792,-2232,5528,-487,141,-100,0
1733.6169109344485,10680,4216,10904,-209,-148,137,9608,-9936,8044,15,135,-202,-14680,4656,2516,-1049,127,-61,-14776,-2232,5616,-492,181,-71,0
1733.6503911018372,10688,4300,10764,-155,-153,166,9556,-9948,8416,-38,64,-211,-14704,4640,2492,-997,190,-86,-14884,-2284,5516,-471,137,-106,0
1733.683881998062,10656,4220,10744,-117,-105,151,9744,-9856,8160,-93,13,-226,-14840,4632,2576,-1010,151,-108,-14960,-2272,5556,-476,112,-131,0
1733.7173700332642,10972,4268,10848,-80,-51,94,9888,-9768,8088,-31,82,-217,-14852,4616,2484,-1011,92,-73,-15024,-2204,5388,-511,138,-184,0
1733.7507939338684,10896,4288,10520,-70,-54,39,9840,-9872,7972,-256,75,-236,-14804,4616,2484,-1047,91,-75,-14936,-2228,5524,-452,192,-128,0
1733.7841970920563,10520,4188,10796,-120,-90,86,9816,-10036,8176,55,78,-214,-14808,4404,2316,-1061,124,-108,-14904,-2100,5604,-434,192,-102,0
1733.8174600601196,10516,4260,11148,-64,-73,78,9800,-9964,8184,11,85,-222,-14896,4728,2612,-1047,102,-88,-14976,-2304,5664,-503,210,-138,0
1733.8510110378265,10672,4236,11164,-121,-104,74,9748,-9988,8064,58,126,-233,-14792,4720,2588,-1057,88,-100,-14940,-2308,5656,-548,218,-121,0
1733.8842611312866,10624,4160,10980,-48,-56,143,9492,-9880,7988,-40,104,-164,-14736,4636,2752,-1013,145,-45,-14944,-2296,5488,-495,114,-77,0
1733.917771100998,10740,4316,10876,-77,-39,138,9696,-9932,8032,-104,107,-187,-14840,4648,2528,-966,142,-32,-14932,-2220,5576,-485,102,-95,0
1733.9513919353483,10740,4244,10880,-210,-81,152,9884,-9928,8120,-76,112,-154,-14772,4676,2568,-973,118,-74,-14936,-2236,5592,-420,69,-112,0
1733.9848160743713,10656,4140,10740,-166,0,117,9816,-9908,8104,-40,107,-95,-14804,4732,2552,-1012,109,-20,-14944,-2284,5484,-470,21,-98,0
1734.0184400081635,10984,4260,10804,-172,41,120,9772,-10028,8192,-245,148,-96,-14844,4688,2576,-1027,72,-43,-14672,-2228,5548,-521,101,-123,0
1734.0519120693207,10660,4212,11252,-152,-59,130,9732,-10044,8096,246,133,-171,-14784,4748,2636,-1039,120,-91,-14860,-2276,5624,-545,186,-119,0
1734.0855140686035,10580,4152,11064,-115,-90,132,9652,-10236,8052,-252,104,-197,-14684,4744,2628,-1021,179,-135,-14812,-2152,5476,-520,220,-105,0
1734.1192989349363,10608,4292,10884,-66,-159,129,9964,-9848,8092,-21,68,-243,-14824,4604,2788,-1278,212,-171,-14832,-2292,5528,-491,226,-94,0
1734.1523480415344,10636,4248,10988,-110,-171,156,9952,-9904,8092,-50,55,-248,-14880,4648,2620,-995,161,-157,-15088,-2260,5552,-469,183,-104,0
1734.185749053955,10772,4312,10756,-147,-101,102,9908,-9888,8220,-12,110,-200,-15000,4744,2644,-990,104,-65,-15064,-2216,5472,-436,104,-123,0
1734.219269990921,10924,4200,10876,-177,-44,113,9872,-9840,8168,-47,105,-181,-14856,4612,2712,-961,77,-45,-14956,-2188,5532,-437,111,-143,0
1734.25292801857,10756,4180,10820,-165,-85,91,9784,-9936,8256,-52,109,-193,-14860,4672,2516,-1000,99,-67,-15056,-2152,5632,-449,125,-173,0
1734.286828994751,11000,4132,10912,-144,-71,65,9764,-9948,7920,14,150,-252,-14768,4764,2420,-1279,57,-127,-14948,-2072,5564,-498,179,-147,0
1734.320111036301,10632,4172,10976,-141,-82,113,9488,-10020,8012,31,135,-214,-14680,4796,2404,-1031,87,-143,-14916,-2208,5744,-528,175,-131,0
1734.3533580303192,10708,4196,10928,-72,-76,109,9656,-10024,8084,38,113,-211,-14756,4728,2360,-769,116,-95,-14940,-2184,5580,-535,137,-113,0
1734.3866441249847,10680,4268,10836,-99,-55,122,9772,-9968,8176,14,83,-187,-14856,4556,2504,-1010,145,-64,-15096,-2176,5484,-519,98,-141,0
1734.4203159809113,10712,4296,10928,-100,-89,118,9796,-9804,8060,-15,147,-166,-14604,4572,2776,-1003,73,-77,-14924,-2268,5616,-483,88,-139,0
1734.4537611007693,10700,4376,10772,-186,-22,117,9772,-9860,8304,-8,181,-164,-14740,4860,2764,-998,92,-40,-14944,-2336,5404,-440,111,-83,0
1734.4874250888824,10628,4368,10976,-174,-37,122,9672,-9816,8140,-53,113,-172,-15096,4680,2608,-995,124,-93,-14904,-2244,5636,-465,82,-114,0
1734.52108502388,10768,4248,10800,-162,-78,144,9700,-9928,8108,-40,106,-159,-14716,4704,2796,-1003,101,-35,-14860,-2160,5616,-476,157,-62,0
1734.5545361042025,10616,4364,10992,-186,-88,178,9700,-9872,8132,-90,94,-181,-14760,4476,2524,-1007,160,-48,-14944,-2212,5672,-465,119,-43,0
1734.5907940864563,10704,4264,11180,-106,-84,165,9920,-9980,8192,-106,79,-155,-14948,4848,2528,-1003,145,-45,-14952,-2092,5516,-515,135,-76,0
1734.6262209415436,10792,4176,10736,-179,-80,149,9828,-9868,7868,-73,88,-156,-14596,4532,2364,-1024,108,-30,-14880,-2064,5504,-468,107,-112,0
1734.6618609428406,10864,4244,10948,-149,-7,139,9832,-9896,8128,-30,129,-122,-14600,4696,2424,-1019,80,32,-15076,-2216,5876,-465,45,-112,0
1734.6978130340576,10764,4192,10916,-165,18,109,9916,-9956,7944,-49,120,-131,-14820,4716,2568,-1005,42,-16,-14968,-2136,5676,-467,48,-129,0
1734.7326109409332,10696,4124,10848,-206,-27,114,9780,-9748,8132,-254,154,-127,-14620,4752,2596,-1013,22,-90,-14600,-2124,5632,-493,77,-183,0
1734.7686641216278,10628,4264,10940,-101,-51,116,9704,-9960,8144,-34,142,-157,-14712,4780,2532,-1019,59,-45,-15104,-2196,5660,-508,117,-151,0
1734.8037469387054,10652,4208,11248,-138,-23,113,9664,-9812,8044,15,158,-160,-14784,4624,2684,-1024,90,-67,-14856,-2184,5804,-471,163,-122,0
1734.8392391204834,10660,4268,10860,-144,-62,99,9800,-9952,8124,-27,143,-195,-14660,4676,2584,-982,117,-52,-14944,-2332,5724,-464,172,-101,0
1734.874881029129,10692,4304,11112,-208,-130,119,9496,-9876,8396,-6,147,-189,-14744,4684,2548,-979,114,-116,-14820,-2212,5560,-452,138,-114,0
1734.9108109474182,10748,4356,10796,-147,-51,131,9744,-9896,8224,-42,115,-171,-14764,4660,2812,-994,104,-61,-14936,-2232,5672,-452,145,-89,0
1734.9462549686432,10708,4252,10952,-193,-77,141,9776,-9856,8076,-53,96,-157,-14824,4356,2688,-954,124,-51,-14924,-2300,5552,-470,100,-81,0
1734.9827721118927,10688,4344,10900,-163,-82,140,9776,-9908,8144,-56,119,-174,-14820,4592,2464,-978,98,-88,-15100,-2228,5440,-454,110,-104,0
1735.0176210403445,10824,4236,10952,-209,-43,130,9740,-9836,8128,-87,142,-161,-14864,4740,2384,-972,116,-36,-14964,-2112,5584,-466,79,-106,0
1735.0532920360563,10764,4276,10516,-187,-39,155,9820,-9956,7956,-65,132,-139,-14828,4660,2564,-1020,100,-43,-14952,-2148,5808,-527,74,-133,0
1735.0882279872894,10536,4272,10988,-160,-30,132,9740,-9944,8132,0,142,-111,-14828,4652,2568,-1066,77,-23,-15032,-2156,5720,-257,98,-123,0
1735.124295949936,10640,4148,11032,-172,-72,125,9500,-9968,8200,16,115,-139,-14696,4720,2576,-1052,100,-96,-14620,-2212,5424,-498,161,-107,0
1735.1597769260409,10548,4144,10844,-88,-42,125,9976,-10076,8068,10,134,-165,-14732,4812,2432,-1056,105,-112,-14944,-2136,5524,-537,158,-150,0
1735.1953449249268,10500,4232,10988,-136,-70,94,9728,-10096,8028,41,183,-202,-14820,4692,2472,-1044,32,-82,-14904,-2128,5664,-532,170,-158,0
1735.2323760986328,10752,4204,10888,-144,-26,42,9744,-10072,8112,15,247,-203,-14756,4668,2596,-1033,31,-162,-14948,-2060,5552,-483,199,-203,0
1735.2659800052643,10496,4248,11096,-157,-69,-11,9808,-10036,8116,2,278,-262,-14844,4748,2584,-1007,241,-152,-14920,-2180,5780,-477,214,-238,0
1735.299646139145,10664,4108,11060,-178,-88,-50,9772,-9956,8092,80,304,-276,-14860,4700,2512,-1041,-5,-173,-14844,-2264,5572,-465,276,-244,0
1735.3329610824585,10740,4220,10996,-120,-91,-67,9800,-9872,8052,112,264,-313,-14736,4752,2308,-997,10,-225,-14892,-2280,5504,-475,269,-277,0
1735.3665330410004,10692,4296,10836,-110,-113,-55,9796,-9928,8024,116,507,-338,-14828,4716,2736,-1071,-44,-288,-14948,-2220,5476,-484,305,-327,0
1735.3998999595642,10772,4280,10972,-47,-96,-129,9912,-9816,8228,176,327,-297,-14832,4568,2640,-1060,-77,-235,-14912,-2332,5500,-523,2,-334,0
1735.4336171150208,10996,4308,10808,-47,7,-138,9764,-9792,8160,174,346,-234,-14744,4464,2548,-1061,-94,-156,-14788,-2344,5468,-491,218,-346,0
1735.4672601222992,10720,4380,10976,-73,-3,-108,9716,-9804,8312,99,317,-232,-14724,4512,2624,-1040,-52,-158,-14908,-2136,5432,-459,210,-271,0
1735.5007870197296,10704,4436,10984,-89,56,-72,9632,-9720,8444,38,250,-209,-14736,4656,2696,-1280,-18,-107,-14936,-2420,5468,-473,174,-274,0
1735.534281015396,10796,4512,11084,-79,-23,-49,9764,-9720,8268,39,222,-243,-14824,4476,2636,-1005,-38,-138,-14916,-2432,5412,-491,152,-234,0
1735.5679559707642,10692,4376,10824,-105,-256,-28,9644,-9796,8196,27,198,-212,-14816,4564,2672,-1031,-45,-94,-14888,-2360,5536,-264,128,-254,0
1735.6016030311584,10668,4436,11140,-107,44,-3,9708,-9860,8168,47,214,-163,-14784,4836,2776,-1051,-39,-34,-14984,-2336,5588,-510,97,-193,0
1735.6347301006315,10516,4412,10984,-161,32,43,9660,-9876,8264,5,235,-150,-14652,4484,2492,-930,227,70,-14860,-2436,5492,-467,134,-120,0
1735.6682031154633,10440,4392,11000,-200,58,202,9160,-10128,8100,-3605,-2795,-112,-14484,4736,2808,-865,171,-231,-14700,-2296,5524,-488,203,25,0
1735.701812028885,10596,4180,10856,-260,-58,269,9372,-10868,8200,-7238,-3874,-1345,-14924,4592,2732,-1004,219,-254,-14876,-2272,5700,-505,242,-59,0
1735.7355670928955,10748,4296,11144,-277,-21,340,10944,-10216,6628,-9914,-3896,-2570,-14856,4732,2736,-1012,206,-182,-15068,-2112,5516,-505,207,-63,0
1735.769268035889,10504,4544,11120,-321,-77,195,11024,-10844,6164,-6473,-1454,-2358,-14980,4560,2432,-919,158,-69,-15192,-2296,5128,-492,218,-200,0
1735.8028869628906,10816,4208,10936,-161,-139,-47,10852,-10452,6444,-264,313,-436,-15104,4800,2628,-974,-143,-75,-15052,-2068,5472,-479,163,-357,0
1735.8362109661102,10840,4144,10800,-44,-105,-209,11840,-10860,4596,15151,6635,1099,-15712,4236,2600,-1405,-832,-104,-15140,-2420,5444,-395,84,-497,0
1735.869544029236,10788,5100,10728,-172,33,-193,8524,-11344,8180,295,31,-309,-14416,4712,2644,-1020,-301,-119,-14836,-2204,5792,-518,76,-356,0
1735.902892112732,10276,4304,11148,-57,39,-115,10120,-10056,7572,364,544,51,-14804,4820,2592,-951,12,-114,-14768,-2388,5464,-469,99,-258,0
1735.9365680217743,10548,4548,10564,-118,35,-2,9996,-9988,7656,170,321,-161,-14740,4568,2872,-985,60,-95,-15080,-2460,5620,-450,165,-227,0
1735.9700031280518,10588,4536,10912,-102,-81,31,9900,-10092,7736,62,190,-235,-14704,4364,3032,-982,24,-52,-14992,-2448,5540,-441,123,-166,0
1736.003633975983,10640,4428,11088,-150,-22,75,9876,-10232,7704,61,212,-154,-14756,4736,2744,-1015,80,-40,-14912,-2440,5536,-491,117,-136,0
1736.0372080802917,10632,4496,10872,-137,20,112,9912,-10044,7776,51,162,-128,-14784,4640,2704,-1033,102,-32,-14968,-2464,5476,-527,73,-107,0
1736.0708739757538,10464,4508,10788,-111,31,166,9752,-10040,7888,13,164,-85,-14792,4612,2972,-1041,88,6,-14968,-2384,5472,-546,18,-89,0
1736.1043379306793,10516,4508,10932,-122,38,160,10000,-10088,7800,16,152,-91,-14764,4532,2804,-1013,95,3,-14648,-2468,5412,-525,70,-55,0
1736.1375980377195,10576,4520,10944,-207,-2,183,9772,-10152,7792,13,184,-92,-14716,4840,3056,-1027,175,-26,-14928,-2416,5496,-459,103,-18,0
1736.1710970401764,10544,4532,11144,-6,-98,248,10008,-10068,7876,18,136,-149,-14696,4416,2676,-1021,248,-94,-14692,-2400,5504,-469,184,52,0
1736.2048299312592,10508,4500,11056,-178,-162,268,9924,-10160,7824,-18,76,-182,-14828,4648,2900,-984,227,-111,-14960,-2360,5592,-490,185,11,0
1736.2383000850677,10640,4400,11212,-179,-183,228,10036,-10136,7664,-21,145,-196,-14708,4628,2764,-946,186,-47,-14896,-2388,5572,-505,160,18,0
1736.2744240760803,10608,4316,11084,-253,-153,186,9956,-10172,7580,11,193,-222,-14752,4620,2628,-946,168,-81,-14900,-2276,5676,-471,162,-34,0
1736.3101170063019,10564,4208,10760,-306,-171,185,9984,-10224,7688,70,248,-197,-14776,4724,2624,-959,162,-73,-14820,-2504,5588,-423,187,-39,0
1736.345263004303,10608,4228,10968,-291,-220,153,10052,-10092,7688,69,289,-236,-14836,4656,2788,-992,154,-156,-15100,-2284,5852,-450,242,-33,0
1736.3810970783234,10592,4580,11196,-280,-286,189,9956,-10236,7584,69,272,-266,-14732,4592,2528,-968,189,-140,-14924,-2312,5592,-468,229,-33,0
1736.4162220954895,10736,4324,10972,-264,-272,161,10040,-10004,7768,124,196,-269,-14772,4624,2804,-1012,179,-192,-14988,-2212,5600,-460,233,-68,0
1736.4520299434662,10568,4116,10924,-282,-367,175,9940,-10004,7840,117,190,-287,-14852,4576,2692,-985,181,-199,-14856,-2324,5508,-456,255,-63,0
1736.4875891208649,10928,4404,10932,-179,-326,129,9956,-10092,7860,94,157,-273,-14628,4500,2788,-983,136,-161,-14940,-2532,5524,-481,239,-86,0
1736.523402929306,10732,4324,10912,-256,-308,150,10016,-10060,7728,110,140,-286,-14896,4608,2772,-981,123,-134,-15092,-2312,5532,-465,225,-76,0
1736.5638730525973,10744,4364,10536,-242,-297,139,9940,-9976,7812,138,212,-3,-14712,4556,2348,-1015,158,-141,-14924,-2340,5444,-480,212,-70,0
1736.5997869968414,10700,4360,10956,-194,-238,172,9976,-9968,8080,56,58,-247,-15052,4512,2792,-1276,148,-137,-15004,-2316,5544,-517,208,-51,0
1736.6353869438171,10764,4364,10920,-201,-269,143,10200,-10048,7924,31,125,-508,-14820,4580,2604,-988,87,-121,-15108,-2256,5564,-488,207,-107,0
1736.672991991043,10736,4344,10804,-212,-295,136,9960,-10000,7804,39,121,-245,-14824,4444,2664,-969,116,-140,-15060,-2360,5476,-492,224,-68,0
1736.7080941200256,10688,4300,11152,-186,-285,145,9732,-9776,7684,-255,44,-302,-14688,4496,2684,-1018,173,-118,-14944,-2324,5328,-482,244,-64,0
1736.743623971939,10532,4244,10928,-202,-286,148,10068,-9828,8048,-253,70,-261,-14620,4620,2748,-1013,154,-168,-14956,-2272,5884,-765,255,-82,0
1736.7794909477234,10796,4372,10864,-181,-318,168,10020,-10016,7680,58,56,-282,-14900,4608,2592,-1002,175,-190,-14960,-2232,5588,-496,246,-43,0
1736.8146970272064,10748,4364,10784,-198,-306,183,9812,-9892,7868,41,102,-288,-15076,4572,2704,-957,224,-149,-15088,-2528,5444,-494,229,-51,0
1736.8503320217133,10776,4216,10760,-169,-363,237,10064,-9876,7748,10,78,-245,-14764,4536,2600,-1015,205,-108,-14976,-2252,5412,-263,225,20,0
1736.8854291439056,10788,4204,10808,-195,-275,248,10092,-9924,7836,40,186,-179,-14860,4588,2668,-1064,204,-97,-15004,-2520,5160,-259,172,-4,0
1736.9223611354828,10940,4240,10712,-198,-14,508,10020,-9872,7828,-37,240,-109,-14820,4520,2704,-975,286,-90,-14892,-2324,5272,-449,197,28,0
1736.9558160305023,10840,4196,10840,-230,-282,281,10080,-9924,7876,-42,-38,-267,-14848,4516,2576,-1035,289,-95,-14956,-2260,5444,-447,241,35,0
1736.9894680976868,10824,4264,10768,-232,-6,249,10064,-9884,7804,-27,-35,-293,-14872,4512,2536,-975,218,-119,-15000,-2276,5556,-469,231,-19,0
1737.0230720043185,10848,4192,10756,-157,-502,186,10072,-9972,7916,-40,39,-261,-14824,4616,2456,-1031,197,-167,-14916,-2272,5372,-479,265,-23,0
1737.0567409992218,10784,4216,10788,-187,-505,199,10056,-10000,7680,26,100,-228,-14812,4492,2676,-1043,231,-163,-14924,-2220,5500,-454,273,9,0
1737.090178012848,10836,4248,10740,-212,-310,203,10068,-9948,7776,-62,122,-302,-15104,4476,2688,-981,235,-139,-14940,-2232,5476,-440,258,-23,0
1737.1237480640411,10948,4092,10596,-153,-265,180,10144,-9840,7728,-6,150,-244,-14840,4484,2452,-1005,213,-119,-15064,-2144,5496,-449,199,-68,0
1737.156939983368,10888,4248,10600,-139,-208,160,10208,-9976,7776,40,67,-271,-14940,4500,2612,-964,184,-128,-15044,-2292,5344,-449,172,-75,0
1737.190495967865,10920,4116,10708,-170,-193,166,10096,-9932,7516,5,98,-259,-14848,4444,2660,-1035,214,-109,-15080,-2216,5208,-414,142,-56,0
1737.2243621349335,11032,4244,10592,-176,-106,151,10144,-9916,7764,35,43,-275,-14944,4400,2416,-1103,13,-88,-14984,-2252,5276,-385,152,-48,0
1737.2579879760742,10932,4264,10588,-275,-174,153,10184,-9860,8040,-72,-10,-330,-14756,4572,2860,-1216,263,-94,-14924,-2180,5540,-388,224,50,0
1737.2915101051333,10900,4292,10504,-245,-268,239,9920,-9984,7864,-25,37,-356,-14872,4524,2460,-1302,495,-109,-15108,-2204,5476,-462,169,42,0
1737.3250539302826,10940,4160,10780,-201,-198,277,10032,-9836,7864,55,-147,-291,-15288,3396,2300,-634,323,-41,-14944,-2072,5428,-476,119,8,0
1737.3586559295654,10968,4260,10940,-285,-273,299,9852,-9860,8028,-24,400,-198,-15064,3864,2984,-1434,196,-138,-14936,-2316,5484,-444,145,13,0
1737.391881942749,10804,4296,10648,-243,-194,331,9728,-10036,7932,-27,41,-170,-14700,5040,2572,-913,332,-189,-14932,-2264,5620,-430,223,118,0
1737.4254989624023,10864,4380,10672,-188,-342,380,9992,-9804,7876,-7,-157,-250,-14904,4128,2644,-1267,395,-184,-14908,-2500,5316,-434,271,120,0
1737.4590680599213,10812,4272,10512,-135,-507,329,10152,-9792,7744,-43,186,-226,-14772,4284,2516,-954,200,-102,-14940,-2320,5292,-424,213,-17,0
1737.492751121521,11088,4148,10412,-166,-172,500,10168,-9728,7732,-164,122,-4,-14796,4368,2380,-774,97,-72,-15024,-2132,5368,-468,123,-72,0
1737.5261199474335,11220,4060,10444,-127,74,155,10336,-9808,7492,-140,92,6,-14900,4536,2304,-963,87,92,-15088,-1864,5316,-533,0,-101,0
1737.559979915619,11500,3876,10556,-110,237,124,10372,-9940,7496,-65,134,95,-15040,4512,2288,-1013,20,147,-15184,-2028,5608,-476,-124,-112,0
1737.5936279296875,11260,4060,10860,-252,357,83,10456,-10076,7548,8,245,134,-15052,4800,2400,-1054,-2,155,-15128,-1944,5544,-455,-112,-135,0
1737.6272101402285,11252,4060,10812,-201,304,90,10220,-10132,7808,31,273,105,-15004,4408,2424,-1080,-83,124,-15184,-2112,5548,-499,-108,-199,0
1737.6606030464172,10816,3840,10888,-156,269,23,10184,-10004,7784,41,317,64,-14976,4856,2328,-1279,-129,123,-15004,-2188,5496,-529,-103,-242,0
1737.69420003891,10916,4200,10976,-166,174,39,9916,-10128,7864,35,231,-64,-14748,4700,2488,-1035,-54,18,-14824,-2140,5508,-562,44,-187,0
1737.7276079654694,10728,4168,10964,-38,25,92,9756,-10088,7796,-44,50,-160,-14648,4660,2396,-1107,102,-83,-14720,-2488,5840,-560,72,-157,0
1737.7611861228943,10680,4104,10904,39,15,139,9964,-9908,7708,-111,61,-213,-14740,4656,2552,-1100,150,-25,-14928,-2208,5728,-570,43,-143,0
1737.7947909832,10824,4156,11004,-53,-16,101,9984,-9996,7688,-188,65,-187,-14820,4784,2408,-946,54,9,-15008,-2300,5532,-262,41,-117,0
1737.8282899856567,10936,4204,10660,-190,-254,115,10140,-9912,7820,-205,123,-186,-15100,4512,2376,-804,73,-252,-15024,-2240,5468,-424,67,-128,0
1737.8617269992828,10944,4084,10760,-186,-42,131,10100,-9924,7780,-121,112,-151,-15088,4584,2500,-903,84,-81,-14952,-1996,5472,-532,108,-104,0
1737.89519405365,10856,4124,10700,-42,-66,140,10048,-10064,7840,-16,65,-188,-14836,4664,2588,-1044,177,-128,-14928,-2180,5432,-592,157,-98,0
1737.928589105606,10928,4048,10848,-18,-96,159,9988,-9996,7616,-33,66,-219,-14980,4548,2344,-1045,123,-80,-15012,-2188,5424,-554,155,-125,0
1737.96501994133,10968,4128,10668,-42,-86,84,10432,-9752,7448,-20,120,-193,-14956,4648,2468,-1075,70,-72,-15036,-2096,5396,-555,130,-152,0
1738.0011429786682,10980,4084,10912,-41,-35,71,10184,-9940,7692,53,173,-162,-14948,4536,2552,-1068,41,-82,-14932,-2192,5492,-531,149,-189,0
1738.037220954895,10980,4240,10996,-71,35,74,9808,-9976,7740,14,213,-116,-14808,4416,2516,-879,-26,-62,-14988,-2224,5464,-478,92,-154,0
1738.072415113449,10940,4168,10784,-77,43,72,10016,-9976,7740,-39,284,-113,-14776,4372,2500,-863,104,-113,-14888,-2232,5448,-762,163,-175,0
1738.1088039875033,10864,4112,10672,-85,-12,63,10092,-10228,7444,-39,196,-112,-14744,4640,2628,-1013,116,-66,-14884,-2068,5508,-464,174,-150,0
1738.143991947174,10888,4124,10520,-47,77,43,10072,-9884,7620,-70,205,-116,-14688,4508,2340,-982,15,-4,-14908,-2232,5532,-456,90,-186,0
1738.1794900894163,10832,4140,10632,-120,134,249,10136,-9784,7652,-125,192,-73,-14596,4496,2528,-986,-37,243,-14884,-2124,5428,-490,49,-238,0
1738.2148621082306,10972,4200,10596,-137,196,-29,10068,-10108,7792,-29,183,-78,-14916,4600,2744,-1087,251,-5,-15024,-2116,5512,-471,58,-187,0
1738.2506790161133,10868,4248,10780,-88,221,42,10236,-10016,7760,-6,179,-56,-14864,4624,2556,-1075,6,253,-14912,-2092,5520,-761,-5,-170,0
1738.2861261367798,10924,4288,10984,-117,183,41,10108,-9740,7568,-54,198,-20,-14792,4776,2628,-1010,15,38,-15056,-2248,5536,-517,45,-177,0
1738.3218491077423,10736,4256,10628,-140,153,83,9988,-10100,7612,-30,178,-30,-14756,4580,2520,-987,48,-216,-14932,-2320,5624,-489,48,-165,0
1738.3581709861755,10528,4272,10852,-56,143,52,9892,-10092,7812,-251,247,-31,-14808,4652,2632,-1024,54,246,-14968,-2272,5500,-506,42,-158,0
1738.3933250904083,10736,4316,10772,-46,220,33,10056,-10060,7920,-49,157,4,-14816,4580,2576,-996,46,-9,-14936,-2528,5416,-259,90,-192,0
1738.4293971061709,10756,4224,10964,-67,186,32,9860,-10024,7832,-15,245,-67,-14832,4656,2764,-1026,39,-34,-14924,-2172,5496,-485,133,-149,0
1738.4649379253387,10632,4224,10988,-90,150,20,9928,-10000,7724,-30,121,-157,-14840,4624,2656,-1011,41,-47,-14932,-2212,5376,-257,188,-171,0
1738.5003690719604,10732,4224,10872,-95,90,37,9956,-10168,7764,-49,161,-170,-14864,4848,2784,-1269,52,-66,-15016,-2312,5600,-522,164,-141,0
1738.536248922348,10704,4292,11012,-105,34,35,9972,-10028,7692,-78,196,-187,-14764,4764,2668,-967,-249,-106,-14932,-2208,5524,-507,85,-201,0
1738.5720610618591,10800,4220,10968,-90,89,7,10120,-10076,7876,-47,192,-165,-14820,4652,2336,-991,-1,-71,-14984,-2048,5596,-506,56,-216,0
1738.60804605484,10656,4288,11020,-112,166,-36,10056,-10076,7704,29,253,-147,-14844,4660,2372,-1035,-43,-103,-14952,-2244,5564,-463,127,-222,0
1738.6414079666138,10772,4300,11000,-185,112,-22,10036,-10068,7868,93,333,-112,-14832,4748,2468,-775,-28,-31,-14924,-2188,5628,-437,117,-188,0
1738.674966096878,10632,4604,11040,-192,74,8,10024,-10148,7820,94,211,-145,-14744,4680,2668,-772,13,-50,-14876,-2272,5556,-528,160,-168,0
1738.708624124527,10628,4308,11228,-222,-59,52,9820,-10000,7872,17,169,-201,-14848,4604,2536,-1013,63,-130,-15016,-2320,5536,-474,139,-138,0
1738.742152929306,10552,4508,10864,-187,-82,126,9968,-9844,7852,-77,114,-182,-14804,4576,2652,-943,151,-91,-14892,-2336,5500,-433,123,-72,0
1738.7758679389954,10728,4468,10948,-338,-181,158,9852,-9904,7792,-127,97,-153,-14732,4504,2752,-947,130,-45,-14900,-2380,5428,-346,143,-39,0
1738.8094680309296,10692,4304,10780,-358,-80,186,9844,-9896,7804,-153,38,-137,-14628,4456,2652,-913,201,-5,-14972,-2320,5392,-321,22,-39,0
1738.8429770469666,10756,4404,10900,-385,-14,131,10164,-9940,7924,-164,58,-139,-14932,4488,3032,-914,73,99,-14924,-2328,5252,-316,-38,-91,0
1738.8762481212616,10668,4312,11052,-355,32,111,10056,-9996,7920,-155,148,-79,-14804,4708,2564,-912,70,40,-14932,-2200,5600,-308,15,-88,0
1738.909583091736,10620,4348,10924,-368,6,119,9972,-10220,7836,-79,118,-74,-14788,4612,2360,-986,174,33,-14860,-2104,5576,-327,100,-23,0
1738.943109035492,10588,4236,10880,-279,-76,165,9948,-9800,7852,-181,-40,-174,-14708,4696,2544,-914,199,4,-14844,-2164,5572,-345,162,35,0
1738.9766280651093,10604,4164,10880,-343,-140,6,9848,-10152,7632,-205,-17,-152,-14616,5040,2668,-937,266,-2,-14884,-2008,5764,-367,187,99,0
1739.0102479457855,10604,4128,10940,-508,-144,328,9776,-10128,7772,-218,-99,-158,-14728,4788,2412,-1016,351,-34,-14932,-2132,5840,-486,164,125,0
1739.0437700748444,10612,4068,11168,-150,-182,384,9944,-10204,7660,-153,-123,-188,-14836,4924,2736,-1036,330,-68,-15032,-2068,5708,-541,142,81,0
1739.0772800445557,10816,4052,11096,-147,-130,328,10180,-10196,7556,-98,-55,-172,-14872,4812,2512,-1006,316,-102,-15056,-2040,5612,-602,191,17,0
1739.1108980178833,10976,4044,10864,-95,-173,218,10428,-10228,7644,-90,184,-223,-14904,4820,2524,-1067,151,-91,-15032,-2028,5624,-593,324,-58,0
1739.1442439556122,10660,3776,11092,-158,-343,105,10076,-10428,7600,-63,293,-349,-14700,5012,2364,-1055,46,-187,-15056,-1876,5640,-643,455,-121,0
1739.177773952484,10680,3724,11072,-145,-438,6,10208,-10604,7440,69,351,-431,-14904,5148,2496,-1139,67,-334,-14928,-1688,5720,-660,562,-158,0
1739.2114119529724,10976,3972,11220,-96,-385,56,9964,-10340,7468,185,317,-322,-14744,5016,2456,-1131,137,-331,-15028,-1888,5752,-660,388,-138,0
1739.244929075241,10912,4340,10524,-6,-127,192,10104,-9612,7720,-16,216,-52,-14700,4284,2568,-915,151,-83,-15128,-2484,5296,-424,-46,-153,0
1739.2783031463623,10980,4380,10632,12,79,164,10256,-9788,7796,-214,116,-84,-15108,4184,2616,-777,182,-61,-15032,-2424,4984,-388,-49,-257,0
1739.3119750022888,11136,4444,10424,82,161,68,10316,-9688,7992,-4,-133,-119,-15100,4156,3056,-973,47,-55,-15104,-2312,5304,-532,-158,-416,0
1739.3455090522766,10912,4696,10492,178,350,-69,10232,-9668,8020,128,91,-12,-14968,4240,2864,-1064,-231,29,-15140,-2564,5288,-545,-194,-420,0
1739.3789520263672,10908,4528,11028,-84,313,-135,10016,-9832,7884,227,338,-13,-14828,4440,2752,-1119,-353,76,-14784,-2452,5700,-511,-35,-341,0
1739.41206908226,10456,4528,10860,-143,127,-127,9872,-10128,8172,160,373,-132,-14820,4720,2664,-1133,-155,-25,-14792,-2332,5800,-545,216,-232,0
1739.4456000328064,10272,4596,11400,-73,-128,-6,9636,-10456,7544,64,82,-314,-14432,4888,2696,-1070,78,-146,-14732,-2088,5740,-564,347,-111,0
1739.4791331291199,10352,4168,11204,-42,-287,180,9576,-10476,7612,-76,-92,-331,-14380,5020,2664,-1046,285,-154,-14688,-2016,5772,-573,294,13,0
1739.5126149654388,10472,4308,11184,52,-288,359,9660,-10284,7576,-105,-239,-237,-14528,5096,2532,-1040,390,-130,-14952,-2000,6028,-556,86,107,0
1739.5460600852966,10624,4160,11060,-63,-131,478,9948,-10140,7484,-107,-186,-62,-14776,4860,2480,-1001,439,21,-15056,-2164,5744,-463,-54,130,0
1739.5796201229095,10668,4100,11148,-175,-73,425,10132,-10160,7636,-155,-49,-20,-14860,4800,2632,-976,334,33,-14908,-2084,5568,-469,-27,73,0
1739.6130340099335,10928,4148,10936,-178,-30,344,10352,-10168,7600,-162,47,-59,-15196,4608,2316,-967,167,-241,-15116,-2140,5480,-451,-55,-99,0
1739.650190114975,10764,4288,10956,-292,-39,114,10448,-10084,7576,-64,244,-62,-15112,4584,2448,-950,-71,-16,-14916,-2140,5356,-458,-6,-309,0
1739.6851170063019,10820,4140,10868,-195,-10,-61,10188,-10072,7664,112,368,-182,-14896,4488,2620,-1038,-146,-174,-14864,-2184,5436,-514,267,-354,0
1739.72078704834,10640,4292,10808,-114,-109,-138,10124,-10032,7904,265,328,-323,-14720,4476,2664,-1091,-54,-349,-15044,-2252,5504,-491,462,-314,0
1739.7573981285095,10532,4344,10752,-40,-193,-146,9852,-10008,7768,245,263,-430,-14636,4716,2780,-1106,39,-328,-14832,-2224,5580,-476,763,-237,0
1739.7922561168673,10520,4416,10924,9,-262,-75,9872,-10112,7676,106,150,-482,-14820,4760,2680,-1069,115,-326,-14652,-2292,5704,-518,446,-196,0
1739.828271150589,10688,4300,11252,52,-259,2,10180,-9896,7732,-96,79,-410,-14616,4664,2664,-970,91,-225,-15152,-2112,5524,-512,184,-168,0
1739.8633680343628,10948,4384,10700,-61,-84,82,10220,-9900,7480,-180,216,-110,-15000,4656,2596,-903,-44,68,-15360,-2072,5396,-532,-165,-261,0
1739.8988299369812,10968,4444,10864,-201,126,51,10212,-10036,7892,-67,251,72,-14884,4616,2568,-986,-79,159,-14972,-2176,5328,-519,-156,-193,0
1739.9339470863342,10808,4412,10540,-191,187,165,9944,-9740,7692,-57,190,89,-14704,4504,2556,-1038,113,85,-14760,-2528,5156,-485,-48,-50,0
1739.9692730903625,10712,4520,11204,-109,15,224,10004,-10060,7912,-114,23,-80,-14724,4536,2756,-773,229,-29,-14704,-2524,5424,-499,138,-52,0
1740.0045521259308,10552,4420,10792,-118,-147,216,9908,-10004,7812,-65,-7,-188,-14728,4608,2700,-1043,224,-118,-14820,-2388,5540,-566,227,-53,0
1740.0404829978943,10656,4420,10896,-48,-196,195,9936,-9976,7928,-89,28,-214,-14704,4676,2584,-1060,193,-85,-14964,-2332,5576,-550,198,-41,0
1740.0755620002749,10660,4512,10848,-35,-187,202,10124,-10020,7612,-77,54,-157,-14896,4484,2812,-1052,97,-29,-15072,-2344,5700,-525,61,-117,0
1740.1113030910492,10764,4268,10944,-134,-249,123,10144,-10016,7748,-94,119,-94,-14772,4668,2604,-964,34,66,-14956,-2196,5596,-259,-30,-104,0
1740.1471281051636,10744,4580,10820,-189,83,130,9916,-10128,7756,-106,103,-69,-14644,4724,2580,-996,135,66,-14780,-2156,5692,-476,-10,-63,0
1740.1821169853213,10656,4292,10840,-185,-250,169,9748,-10280,7540,-98,17,-117,-14800,4776,2484,-1007,178,-256,-14856,-2096,5616,-466,109,-50,0
1740.2177040576935,10616,4128,11084,-181,-68,168,10052,-10016,7672,-102,64,-208,-14748,4664,2412,-980,182,-56,-14904,-2068,5564,-493,190,-75,0
1740.2524981498718,10716,4132,11244,-168,-153,167,10124,-10128,7488,-17,145,-208,-14800,4684,2540,-770,153,-94,-14920,-2164,5560,-486,233,-117,0
1740.2893929481506,10656,4144,10816,-189,-117,113,10076,-10124,7720,39,188,-206,-14944,4668,2748,-1053,122,-131,-14872,-2072,5580,-482,197,-112,0
1740.322953939438,10804,4332,10960,-162,-33,82,10072,-10108,7724,103,210,-181,-14872,4624,2552,-1060,70,-157,-14728,-2052,5604,-488,161,-166,0
1740.3565261363983,10692,4368,10952,-155,-31,58,10056,-10080,7744,54,246,-169,-14824,4796,3040,-1013,72,-125,-14932,-2060,5672,-510,128,-182,0
1740.3896980285645,10680,4380,10780,-190,-3,12,9984,-10016,7828,44,234,-221,-14740,4544,2588,-1019,-20,-123,-14864,-2284,5604,-467,158,-183,0
1740.4234290122986,10704,4276,10872,-7,-47,1,10000,-10016,7772,30,250,-256,-14632,4584,2756,-997,46,-108,-15052,-2316,5656,-451,154,-137,0
1740.4568600654602,10776,4360,11120,-249,-98,255,10008,-10116,7780,18,204,-282,-14704,4632,2568,-996,102,-162,-14936,-2300,5520,-430,212,-124,0
1740.4902880191803,10728,4384,10780,-249,-115,39,10052,-10112,7788,7,188,-268,-14860,4820,2788,-966,54,-173,-14900,-2240,5636,-403,232,-137,0
1740.523992061615,10760,4312,10868,-322,-122,33,9976,-10020,7808,31,260,-278,-14788,4648,2712,-955,90,-158,-14792,-2232,5472,-374,300,-41,0
1740.5574820041656,10616,4408,11148,-383,-303,126,9772,-10240,7760,39,169,-349,-14636,4740,2572,-965,201,-239,-14752,-2212,5572,-414,394,52,0
1740.5908739566803,10584,4324,11224,-268,-476,246,9956,-10108,7816,-16,84,-418,-14700,4644,2596,-960,349,-474,-15240,-2200,5552,-465,360,62,0
1740.6244299411774,10668,4308,11068,-296,-504,281,10028,-10012,7760,-72,-1,-338,-14808,4712,2580,-949,289,-254,-14964,-2164,5520,-258,295,48,0
1740.6575710773468,10840,4252,10864,-242,-471,312,10216,-10000,7804,-65,-17,-310,-14804,4584,2720,-982,329,-191,-14884,-2216,5548,-511,243,23,0
1740.6911029815674,10884,4332,10536,-183,-312,285,10192,-9900,7800,-37,-73,-511,-14860,4532,2768,-1012,306,-71,-15004,-2248,5436,-508,194,66,0
1740.7246780395508,10980,4344,10748,-194,-231,308,10156,-9812,7884,-144,-52,-156,-15084,4456,2424,-995,310,-9,-15020,-2164,5592,-476,119,107,0
1740.758192062378,11012,4272,10620,-265,-188,332,10232,-10036,7668,-140,-41,-136,-14872,4420,2480,-977,281,-9,-14932,-2096,5556,-422,108,66,0
1740.7918829917908,10828,4292,10576,-296,-156,262,10132,-9844,7816,-145,-13,-145,-14780,4444,2328,-970,1,-29,-14836,-2216,5208,-415,100,-18,0
1740.8254699707031,10900,4256,10568,-166,-25,206,10080,-10008,7708,-119,-51,-138,-14740,4536,2560,-1015,188,3,-15004,-2284,5476,-473,57,-58,0
1740.8590710163116,10884,4168,10816,-186,98,135,10132,-9772,7700,-64,-34,-118,-14880,4648,2616,-776,88,97,-15048,-2284,5568,-435,24,-95,0
1740.8921971321106,10804,4172,10560,-197,181,155,10080,-9992,7732,-92,255,-36,-14664,4392,2364,-1007,135,123,-14900,-2232,5588,-361,-25,26,0
1740.925822019577,10580,4292,10912,-213,102,232,9828,-10140,7688,-114,-52,-66,-14668,4828,2352,-1047,286,40,-14748,-2132,5648,-459,139,117,0
1740.9593720436096,10584,4128,11056,-151,-54,328,9868,-10028,7488,-155,-179,-173,-14824,4844,2584,-1034,353,-103,-14816,-2056,5752,-485,199,54,0
1740.9928431510923,10748,3976,11244,-36,-243,296,10128,-10288,7448,-178,-102,-303,-14948,4852,2480,-977,246,-93,-14976,-1932,5676,-585,138,-90,0
1741.0264661312103,10976,3940,10828,44,-242,202,10272,-10124,7360,-163,-22,-507,-15016,4816,2172,-946,123,-79,-14856,-1632,5600,-623,56,-154,0
1741.0600900650024,11204,3956,10888,39,-76,125,10424,-10184,7324,-123,111,-111,-15080,4708,2192,-1280,-56,-216,-15212,-1836,5604,-560,6,-230,0
1741.093241930008,11112,3880,10856,-128,112,29,10364,-10128,7384,19,328,-30,-14868,4780,2364,-1029,-121,34,-15024,-1936,5884,-520,20,-271,0
1741.1269299983978,10876,3948,10816,-188,141,-32,10220,-10332,7572,140,379,-38,-14752,4820,2360,-1087,-108,-83,-14928,-2276,5672,-520,118,-288,0
1741.160145998001,10948,3908,10908,-117,27,-5,10108,-10188,7604,152,370,-80,-14788,4656,2556,-1057,-56,-173,-14800,-2192,5808,-564,198,-293,0
1741.211410999298,10692,4324,10932,-136,-48,-14,9844,-10012,7456,94,371,-172,-14364,4568,2796,-1039,-59,-174,-14908,-2456,5388,-496,195,-263,0
1741.2556960582733,10272,4420,10728,-157,-93,-48,9972,-9936,7904,8,415,-211,-14720,4564,2744,-990,-93,-158,-14852,-2412,5692,-437,244,-266,0
1741.2891471385956,10588,4372,10976,-170,-88,-80,9860,-10052,7884,-253,346,-268,-14632,4668,2756,-981,-41,-161,-14932,-2380,5548,-452,267,-296,0
1741.3259000778198,10704,4416,10792,-157,-109,-91,9792,-9908,7684,34,6,-307,-14816,4500,2592,-965,20,-192,-14908,-2364,5388,-401,247,-231,0
1741.36137008667,10632,4360,10720,-212,-105,-46,9848,-9952,7904,5,191,-317,-14592,4556,2660,-983,90,-203,-14712,-2256,5468,-371,351,-120,0
1741.3962440490725,10512,4568,10884,-108,-217,80,10024,-9976,7916,72,98,-352,-14924,4644,2696,-1086,262,-504,-14984,-2232,5308,-456,348,-72,0
1741.4323129653933,10876,4360,10760,-77,-190,141,10224,-10060,7724,3,16,-330,-14940,4388,2548,-1026,227,-213,-15104,-2180,5420,-529,242,-57,0
1741.46812415123,10752,4252,10652,-44,-220,163,10476,-10000,7476,-91,39,-278,-14676,4356,2276,-1000,174,-113,-15336,-2060,5456,-600,191,-114,0
1741.5035121440887,10972,4224,10720,-15,-84,139,10304,-9904,7644,-6,73,-154,-14972,4700,2408,-1070,115,-90,-15196,-2036,5452,-611,53,-128,0
1741.5391459465027,11104,4340,10628,-96,58,141,10204,-9792,7552,-56,170,-250,-15096,4488,2392,-1050,251,113,-15136,-2136,5632,-500,-129,-102,0
1741.5778341293335,10792,4396,10764,-169,255,154,10208,-9928,7744,-192,208,108,-14924,4548,2604,-924,244,220,-14980,-2152,5364,-461,-196,-149,0
1741.6134190559387,10668,4196,10780,-190,183,91,10084,-10216,7600,-168,148,-8,-14992,4528,2464,-915,-26,106,-14916,-2104,5376,-501,-18,-178,0
1741.6493649482727,10712,4172,10952,-123,63,63,9972,-10088,7908,-118,122,-166,-14748,4628,2444,-998,26,10,-14760,-2228,5832,-500,122,-184,0
1741.6850209236143,10620,4120,10896,-56,0,25,9904,-10032,7760,-62,68,-154,-14700,4844,2688,-1026,43,-29,-14856,-2304,5888,-551,140,-190,0
1741.7204329967499,10576,4240,11048,-134,-253,26,9848,-10116,7800,54,242,-139,-14788,5080,2592,-1082,-7,-93,-14896,-2504,5640,-559,183,-162,0
1741.7558879852295,10696,4100,11128,-179,-56,82,9740,-10260,7736,111,255,-171,-14644,4840,2620,-1102,84,-123,-14760,-2212,5836,-596,248,-130,0
1741.79186296463,10352,4348,11044,-70,-182,145,9820,-10112,7624,86,244,-225,-14620,4748,2592,-1117,185,-213,-14600,-2292,5656,-579,304,-93,0
1741.8281359672549,10524,4328,11164,-72,-262,176,10012,-10088,7804,-2,125,-302,-14736,4588,2404,-1016,243,-228,-14924,-2092,5576,-475,308,-79,0
1741.863753080368,10684,4116,10792,-105,-331,146,10168,-9960,7684,-53,138,-386,-14820,4576,2696,-931,209,-225,-15028,-2232,5496,-399,383,-72,0
1741.8994269371033,10816,4376,11004,-180,-361,120,10068,-9928,7772,-50,45,-386,-15100,4584,2808,-964,510,-238,-15116,-1808,5560,-376,302,-6,0
1741.935112953186,10988,4356,10564,-133,-225,172,10288,-9848,7704,-138,-26,-303,-15028,4432,2480,-891,206,-113,-14916,-2296,5296,-340,115,-29,0
1741.97132396698,11100,4436,10572,-218,-86,146,10380,-9824,7464,-195,44,-177,-15028,4360,2720,-823,120,-46,-14872,-2140,5292,-322,-252,-146,0
1742.004930973053,11016,4436,10728,-301,-79,98,10448,-9876,7688,-159,45,-115,-14892,4472,2708,-888,-38,7,-15048,-2180,5396,-419,-40,-6,0
1742.038505077362,11048,4204,10604,-198,-63,247,10176,-10220,7440,-111,204,-125,-14960,4668,2532,-1058,-158,13,-14904,-2144,5552,-548,26,-283,0
1742.0722451210022,10520,4320,10932,-130,-73,35,9920,-10228,7684,176,235,-78,-14348,4760,2788,-1189,-56,-10,-14764,-2100,5760,-650,165,-166,0
1742.1058769226074,10592,4128,10816,-36,-9,169,9800,-10160,7636,237,128,-68,-14468,4736,2608,-1224,180,-75,-14800,-2248,5940,-619,181,-34,0
1742.139081954956,10484,4332,10984,53,-31,234,9968,-10168,7732,43,59,-92,-14532,5096,2684,-1146,264,-69,-14772,-2248,5812,-556,213,83,0
1742.1726450920105,10476,4600,11240,-8,-119,353,9784,-10096,7528,-70,-38,-103,-14760,4712,2760,-1036,401,-55,-14924,-2344,5668,-522,119,74,0
1742.2059481143951,10660,4212,11228,-99,-169,364,10092,-10100,7620,-210,-74,-136,-14936,4592,2712,-901,312,-27,-15004,-2296,5396,-484,62,-27,0
1742.2396581172943,10844,4380,10768,-123,-178,262,10328,-9732,7912,-283,-19,-167,-15032,4552,2756,-850,165,-29,-14988,-2228,5480,-470,37,-93,0
1742.2732839584353,11080,4156,10508,-184,-120,101,10440,-9764,7912,-166,31,-189,-15092,4480,2552,-937,27,-55,-14964,-2284,5188,-419,68,-227,0
1742.3069479465485,11036,4088,10568,-277,-33,-57,10432,-10092,7496,93,304,-207,-14960,4472,2504,-1025,-149,-97,-14868,-1900,5420,-399,180,-302,0
1742.340173959732,10824,3976,10784,-198,-9,-166,10128,-10356,7556,209,396,-255,-14812,4780,2348,-1109,-163,-169,-14876,-2000,5636,-765,320,-332,0
1742.3737790584564,10636,3872,10964,-136,-90,-113,9744,-10244,7476,303,345,-320,-14660,4608,2460,-1087,-51,-240,-15060,-2184,5664,-766,389,-292,0
1742.407331943512,10632,4340,10852,-20,-157,-37,9924,-10056,7780,195,236,-303,-14848,4784,2316,-1069,72,-492,-14964,-2268,5792,-563,294,-226,0
1742.4408640861511,10732,4336,10604,63,-93,42,9972,-9996,7756,103,110,-248,-14672,4664,2756,-1054,97,-172,-14920,-2364,5660,-526,162,-200,0
1742.4740970134735,10616,4508,10716,-137,253,94,9848,-9788,7936,57,202,-150,-14612,4372,2680,-989,158,-145,-14904,-2480,5584,-442,107,-77,0
1742.5077481269836,10712,4740,10628,-117,-254,162,9976,-9756,7996,-121,65,-163,-14848,4472,2956,-993,246,-105,-14964,-2400,5456,-421,151,2,0
1742.5411190986633,10808,4556,10992,-149,-152,180,10208,-9960,7904,-219,20,-247,-14996,4436,2768,-894,163,-52,-15172,-2292,5568,-482,107,-63,0
1742.5744159221647,10884,4380,10708,-132,-107,116,9988,-9896,7800,-164,63,-206,-14844,4588,2480,-900,68,-14,-15032,-2152,5412,-558,61,-138,0
1742.6082530021667,11012,4292,10764,-156,-58,144,10420,-9916,7656,-172,107,-110,-14820,4628,2340,-988,5,66,-15140,-2092,5440,-493,-15,-99,0
1742.6416199207306,10936,4216,10720,-255,37,162,10204,-9980,7636,-232,145,-32,-14828,4640,2680,-960,45,129,-15036,-2136,5260,-450,-97,-114,0
1742.675040960312,10792,4220,10796,-208,63,123,10132,-10116,7692,-136,111,-36,-14608,4388,2304,-987,-256,60,-14784,-2088,5508,-500,-246,-174,0
1742.7086210250854,10876,4136,11040,-98,8,106,10124,-10200,7708,-56,144,-108,-14756,4772,2344,-773,38,-40,-14992,-2036,5532,-592,59,-202,0
1742.7421021461487,10752,4284,10696,-6,-36,135,10072,-10156,7828,49,102,-143,-14704,4732,2560,-1092,66,-65,-14812,-2192,5716,-598,140,-127,0
1742.7755510807035,10700,4284,11000,-46,-40,107,9940,-9996,7912,45,114,-155,-14892,4796,2692,-1087,126,-102,-14856,-2220,5900,-542,204,-118,0
1742.8092610836027,10640,4272,10944,-60,-12,81,9980,-10216,7676,-14,86,-210,-14708,4768,2548,-1003,109,-81,-14908,-2272,5904,-520,138,-160,0
1742.8428881168365,10500,4308,10876,-27,14,48,10080,-10016,7692,-68,147,-161,-14816,4636,2752,-926,54,-48,-14908,-2300,5640,-477,38,-244,0
1742.8764340877533,10500,4272,10912,-101,26,32,10064,-10092,7804,-24,194,-124,-14756,4684,2612,-958,-15,-78,-14740,-2248,5652,-504,61,-247,0
1742.909795999527,10588,4392,10804,-214,-8,43,9780,-9772,7752,-255,185,-123,-14744,4744,2612,-980,48,-125,-14940,-2060,5624,-465,78,-164,0
1742.943489074707,10672,4488,10812,-78,-31,47,10028,-9968,7700,-35,113,-189,-14720,4572,2808,-1009,146,-114,-14892,-2416,5428,-473,207,-125,0
1742.976891040802,10500,4576,10944,-74,-118,142,10228,-9888,7688,254,56,-234,-14640,4564,2568,-1067,218,-185,-14840,-2232,5300,-511,266,-131,0
1743.0143830776215,10816,4568,10744,8,11,71,10448,-9928,7696,30,58,-230,-14772,4440,2512,-1097,140,-93,-14888,-2068,5356,-489,190,-203,0
1743.050663948059,10884,4284,10768,21,82,0,10088,-10052,7580,81,189,-142,-14912,4648,2772,-1138,246,-81,-14952,-2192,5600,-482,123,-246,0
1743.0860810279846,10804,4448,10992,-48,141,-44,10192,-10012,7728,161,290,-107,-14620,4720,2716,-1116,-49,-60,-14860,-2532,5540,-487,115,-232,0
1743.1222701072693,10780,4380,11208,-118,132,-37,10116,-10036,7772,52,259,-105,-14600,4828,2764,-1068,-40,-47,-14868,-2276,5412,-529,109,-3,0
1743.1579461097715,10672,4408,11256,-88,27,3,9976,-10136,7696,44,228,-143,-14716,4780,2580,-1065,17,-103,-14860,-2144,5796,-567,199,-203,0
1743.1930599212649,10520,4352,11096,-241,13,12,9936,-10180,7572,18,182,-207,-14772,4676,2736,-1043,17,-110,-14836,-2256,5864,-519,250,-230,0
1743.22873711586,10564,4172,10956,-34,-93,-35,10096,-10148,7440,-28,316,-1,-14884,4720,2792,-983,-67,-175,-14852,-2232,5836,-472,234,-296,0
1743.2641310691833,10660,4360,10840,-41,-71,-118,10064,-10084,7740,26,313,-510,-14716,4708,2736,-955,-48,-185,-14980,-2236,5444,-452,230,-283,0
1743.3006570339203,10888,4488,10884,-151,-34,-121,10048,-9976,7824,47,368,-232,-14816,4528,2768,-950,-74,-164,-14928,-2212,5560,-439,252,-284,0
1743.3371081352234,10768,4412,10984,-193,18,-177,10064,-9940,7792,90,412,-5,-14748,4596,2652,-990,-82,-120,-14952,-2288,5516,-421,184,-275,0
1743.3723959922793,10656,4592,10836,-291,29,-133,10052,-10028,7908,158,494,-196,-14820,4632,2776,-1044,-94,-196,-14920,-2412,5588,-429,226,-191,0
1743.4085130691528,10704,4604,11076,-280,-182,25,9956,-10196,7864,73,290,-312,-14792,4568,2928,-991,40,-231,-14824,-2456,5640,-534,280,-145,0
1743.4443061351776,10548,4844,10932,-197,-270,90,9876,-9868,7876,17,200,-299,-14796,4644,2700,-981,114,-215,-14836,-2448,5704,-598,210,-137,0
1743.4798021316528,10620,4576,10576,-145,-220,136,10016,-9720,7816,12,241,-199,-14680,4436,2712,-933,137,-177,-14884,-2436,5436,-496,130,-7,0
1743.5151269435885,10712,4828,10764,-367,-117,198,9784,-9656,7968,-81,170,-181,-14672,4380,2916,-904,205,10,-14868,-2460,5532,-392,74,39,0
1743.5507950782776,10668,4656,10600,-471,-140,235,10016,-9908,8044,-117,84,-181,-14892,4396,2628,-926,232,-37,-14916,-2372,5560,-387,81,81,0
1743.5861620903015,10992,4400,10820,-461,-179,259,10108,-9752,7796,-87,60,-176,-14900,4604,2772,-985,186,-28,-14992,-2232,5452,-487,90,30,0
1743.6215291023254,10804,4396,10848,-468,-278,249,10120,-10068,7816,37,43,-196,-14740,4688,2724,-1026,176,-49,-14832,-2288,5432,-471,192,24,0
1743.6581370830536,10712,4352,10868,-381,-320,273,10104,-10128,7768,18,43,-248,-14676,4612,2664,-1003,242,-109,-15100,-2520,5384,-455,255,72,0
1743.6917319297793,10624,4312,10956,-393,-413,294,9904,-10024,7636,5,75,-294,-14620,4640,2932,-770,291,-176,-14844,-2236,5544,-433,346,60,0
1743.7253949642181,10688,4292,11112,-359,-431,312,9748,-9932,7864,12,82,-262,-14748,4364,2692,-1053,315,-189,-14800,-2236,5632,-435,347,84,0
1743.7590479850767,10652,4600,10860,-367,-379,331,9900,-10064,7808,-5,-250,-278,-14668,4684,2680,-994,378,-170,-14816,-2432,5588,-423,273,124,0
1743.7925910949707,10668,4292,10800,-326,-358,334,9856,-10096,7844,-59,-15,-271,-14732,4636,2688,-1038,398,-148,-15004,-2168,5632,-470,281,178,0
1743.82603597641,10764,4272,10876,-267,-333,379,10104,-10036,7796,-140,-69,-275,-14892,4744,2812,-962,373,-103,-14976,-2092,5480,-474,273,115,0
1743.859768152237,10932,3916,10748,-236,-318,264,10276,-10060,7556,-152,74,-507,-14884,4580,2356,-941,296,-110,-14992,-2128,5432,-464,225,-32,0
1743.8932130336761,10916,4200,10748,-252,-301,222,10308,-10008,7616,-35,-57,-284,-14852,4456,2336,-981,210,-132,-14936,-1824,5408,-480,248,-24,0
1743.9269449710846,10944,4060,10684,-226,-265,170,10304,-10152,7432,-8,72,-302,-14840,4468,2484,-1026,186,-193,-14916,-2196,5368,-450,298,-73,0
1743.9604959487915,11004,4188,10732,-211,-298,116,10148,-9884,7768,94,305,-259,-14972,4464,2512,-1036,134,-220,-15040,-2152,5580,-463,284,-158,0
1743.9940071105955,10932,4212,10588,-181,-191,54,10116,-9864,7732,137,310,-512,-15080,4448,2620,-1030,54,-176,-14960,-2128,5420,-483,208,-205,0
1744.0273671150208,10848,4224,10688,-118,-101,52,10048,-9800,7756,100,165,-198,-14828,4548,2620,-1060,36,-64,-14940,-2368,5436,-485,137,-208,0
1744.0608479976654,10780,4288,10776,-48,-90,57,10092,-9820,7932,65,137,-201,-14880,4448,2684,-1052,-8,-106,-14972,-2268,5412,-495,89,-208,0
1744.0944421291351,10864,4604,10828,-111,-55,66,10116,-9848,7820,250,546,-358,-14792,4496,2552,-977,234,-102,-15040,-2328,5212,-453,23,-219,0
1744.1281719207764,10928,4268,10928,-192,-38,44,10152,-9932,7860,-21,-256,-243,-14968,4488,2404,-990,-6,-61,-14872,-2228,5372,-445,5,-166,0
1744.1617360115051,10884,4204,10756,-114,-73,56,10232,-10032,7724,-43,167,-225,-14940,4576,2444,-962,-79,250,-14692,-2020,5452,-503,53,-205,0
1744.1952991485596,10896,4156,10588,-166,-96,63,10220,-9820,7732,-119,92,-329,-14856,4640,2484,-969,-80,-256,-14932,-2236,5548,-451,41,-198,0
1744.2286360263824,10824,4232,10668,-198,-16,52,10172,-9856,7668,93,193,-215,-14884,4540,2772,-1273,255,-56,-15088,-2144,5484,-434,56,-206,0
1744.2621121406555,10844,4232,10736,-204,31,89,9916,-9928,7656,102,236,-231,-14700,4568,2648,-1041,55,-58,-14892,-2188,5544,-453,85,-159,0
1744.2957561016083,10828,4216,10668,-110,43,100,10008,-9900,7808,98,158,-57,-14836,4596,2492,-1041,117,-36,-15024,-2264,5568,-487,41,-206,0
1744.3293359279633,10900,4308,10744,-119,92,68,10200,-9852,7772,100,217,71,-14912,4356,2780,-1003,62,52,-15012,-2236,5428,-476,12,-231,0
1744.3628799915314,10844,4252,10920,-70,0,-40,10212,-9980,8112,37,330,65,-14828,4496,2616,-1074,-61,79,-14980,-2152,5452,-519,-256,-253,0
1744.3961129188538,10772,4368,10960,-82,252,0,10076,-9788,7972,174,373,99,-14632,4472,2584,-1078,-256,43,-15028,-2212,5388,-535,-256,-181,0
1744.4298679828644,10856,4416,11052,-125,223,23,10040,-9912,7920,85,293,59,-14928,4536,2516,-1060,19,41,-14984,-2160,5496,-491,-255,-199,0
1744.4637529850006,10956,4280,11208,-88,157,26,9900,-9908,7896,-44,211,-38,-15072,4680,2620,-1038,-42,11,-14900,-2268,5488,-575,19,-233,0
1744.497120141983,10632,4228,11004,25,150,34,9952,-9960,7900,-46,287,-250,-14684,4668,2860,-1026,-51,59,-14884,-2272,5676,-635,-32,-307,0
1744.5304989814758,10684,4312,10936,75,193,245,9952,-9952,7820,-95,175,-152,-14864,4604,2888,-1274,-64,35,-14948,-2208,5544,-590,-1,-252,0
1744.5640060901642,10740,4324,10872,76,215,-14,10100,-9732,8168,-239,312,-249,-14884,4472,2624,-1112,-91,-58,-14920,-2408,5656,-516,55,-291,0
1744.5974631309507,10896,4336,10892,22,226,-67,10216,-9508,8152,-147,182,-345,-14752,4800,2516,-773,-124,-74,-14956,-2272,5436,-765,45,-299,0
1744.6311221122742,10724,4240,10856,36,203,-109,10440,-10112,7840,-279,170,-390,-14884,4732,2752,-1035,-192,-91,-14788,-2196,5672,-533,87,-363,0
1744.6642401218414,10720,4604,11120,41,124,-71,10128,-10004,7832,17,271,-187,-14776,4660,2744,-1049,-74,-56,-14852,-2284,5728,-610,58,-312,0
1744.7015991210938,10644,4348,11084,-254,158,-35,10064,-9912,7736,59,317,47,-14800,4792,2756,-1079,-40,-41,-15064,-2396,5528,-582,92,-317,0
1744.73766207695,10468,4428,11124,59,50,-50,9956,-10068,7756,138,554,1,-14692,4740,2924,-972,-61,-105,-14864,-2416,5736,-608,133,-306,0
1744.7725529670715,10568,4464,10976,75,25,-14,9756,-9772,7936,-8,281,-119,-14736,4672,2964,-1092,-19,-81,-14932,-2444,5736,-622,58,-299,0
1744.8077919483185,10520,4456,11068,156,113,-4,9852,-9976,8008,-55,202,-132,-14756,4656,3016,-1108,-50,-75,-14868,-2320,5548,-618,57,-275,0
1744.8433260917664,10668,4512,10788,142,74,-5,9952,-9844,8092,-104,192,-164,-14828,4484,2892,-1101,-71,-7,-14900,-2516,5500,-613,23,-311,0
1744.8793389797213,10588,4684,10856,83,144,-14,9956,-9876,7964,16,206,-134,-14840,4604,2868,-1135,-58,-29,-14928,-2560,5516,-626,-16,-312,0
1744.9144110679629,10588,4656,10756,79,170,13,10004,-9932,7984,-9,201,-76,-14824,4484,2860,-1156,-97,55,-14832,-2596,5796,-686,17,-284,0
1744.9501609802246,10568,4776,10892,134,172,10,9932,-9848,7680,-76,139,-101,-14612,4564,2900,-1150,32,23,-14980,-2368,5672,-636,-18,-170,0
1744.9855210781097,10244,4364,10872,120,114,128,9792,-9900,7964,-86,51,-93,-14636,4632,2636,-1125,73,38,-14832,-2440,5732,-653,10,-188,0
1745.0214450359344,10600,4476,10952,-42,108,151,9908,-9920,7724,-42,119,-85,-14640,4504,2800,-1002,25,-9,-14600,-2564,5660,-563,36,-140,0
1745.0576870441437,10392,4680,10972,-27,116,104,9756,-9864,8124,-129,161,-56,-14744,4692,2908,-1001,64,53,-14888,-2588,5608,-540,15,-107,0
1745.092535018921,10680,4652,10800,-138,122,129,10092,-9944,7924,-172,146,-251,-14676,4632,2968,-901,72,81,-15068,-2708,5620,-505,25,-52,0
1745.1278150081635,10496,4648,10896,-187,111,148,9828,-10044,8144,-147,50,-60,-14668,4748,2704,-1004,129,43,-14776,-2376,5692,-556,50,-38,0
1745.1637771129608,10424,4576,10936,-26,66,221,9940,-10092,7756,-104,23,33,-14720,5092,2608,-1069,84,95,-14932,-2440,5828,-682,77,-21,0
1745.1996660232544,10492,4420,11268,21,54,255,9732,-10188,7996,-68,20,44,-14816,4860,2776,-1105,129,89,-14904,-2376,5768,-672,-38,-88,0
1745.2347419261932,10448,4588,11152,69,173,181,9920,-10052,7832,-29,19,-21,-14704,4716,2948,-1090,164,38,-14812,-2488,5696,-627,71,-104,0
1745.270026922226,10404,4852,11164,39,31,163,9760,-9988,7812,-52,160,-92,-14804,4636,2728,-1147,106,-38,-14732,-2664,5672,-606,108,-190,0
1745.305375099182,10744,4708,11008,-19,21,83,10176,-10232,7920,11,247,-64,-14764,4664,2964,-1098,-45,-77,-14848,-2508,5580,-665,139,-236,0
1745.341637134552,10348,4616,10832,75,-31,81,9872,-10048,7848,6,170,-149,-14620,4584,2724,-1067,65,-155,-14720,-2604,5604,-550,152,-201,0
1745.375190973282,10436,4652,10840,2,-57,30,9736,-9940,7712,9,165,-1,-14652,4424,2872,-1005,77,-140,-14908,-2696,5592,-500,243,-204,0
1745.4085109233856,10520,4804,10844,-157,-81,4,9980,-9848,8036,-57,256,-222,-14700,4564,2880,-997,-10,-83,-14828,-2524,5460,-498,204,-235,0
1745.4421179294586,10420,4724,10816,-48,-29,-32,9868,-10084,7940,17,317,-131,-14756,4688,2984,-965,-66,-159,-14856,-2576,5716,-531,124,-247,0
1745.4755771160126,10332,4828,11180,-49,19,-21,9880,-10044,7996,-8,308,-141,-14732,4652,2840,-909,-45,-135,-14800,-2776,5664,-431,129,-214,0
1745.5092029571533,10440,4756,11124,-126,-83,8,9924,-10008,7928,-52,260,-244,-14828,4604,2732,-919,70,-189,-14840,-2500,5796,-368,225,-197,0
1745.5428049564362,10448,4712,11016,-188,-192,-5,9856,-10084,8156,-50,511,-294,-14736,4736,2832,-949,77,-189,-14888,-2616,5760,-423,2,-197,0
1745.5762159824371,10424,4720,11072,-187,-175,-1,9896,-10068,7892,-40,298,-309,-14812,4376,3220,-733,-41,-206,-14872,-2536,5700,-393,246,-203,0
1745.609962940216,10408,4668,10936,-206,-201,255,9764,-10040,7928,-45,305,-273,-14428,4676,3044,-899,44,-247,-14772,-2468,5460,-431,251,-164,0
1745.6433489322662,10312,4616,10940,-281,-192,42,9820,-10036,7816,20,286,-250,-14744,4752,2736,-1005,66,-226,-14868,-2508,5776,-417,266,-183,0
1745.6769061088562,10396,4656,10852,-318,-193,42,9792,-10176,8028,94,369,-181,-14784,4668,2940,-771,58,-138,-14924,-2504,5892,-424,217,-162,0
1745.710310935974,10432,4724,10892,-321,-106,97,9788,-10124,7896,91,415,-47,-14664,4800,2812,-999,5,-45,-14968,-2428,5876,-565,99,-132,0
1745.7439911365507,10576,4616,11200,-309,-38,169,9672,-10112,8040,48,241,-46,-14620,4856,2840,-1074,105,24,-14688,-2616,5784,-257,17,-86,0
1745.7775020599363,10420,4612,10988,-323,-38,213,9696,-10024,8104,53,113,-104,-14628,4648,3060,-1116,153,-50,-14880,-2644,5712,-457,58,-78,0
1745.8110661506653,10348,4660,11116,-283,-90,181,9780,-10072,7976,-12,165,-122,-14732,4656,2908,-777,127,-58,-14888,-2608,5720,-453,72,-137,0
1745.8445460796356,10464,4628,10788,-362,-105,155,9904,-10112,8160,10,208,-120,-15000,4616,3148,-884,13,-52,-14608,-2580,5604,-480,45,-235,0
1745.8780541419983,10304,4612,10848,-261,-124,76,10052,-9976,7888,40,294,-168,-14800,4584,2796,-1002,-31,-99,-14772,-2572,5524,-500,141,-512,0
1745.9113640785215,10408,4668,10920,-204,-213,31,9780,-9840,7860,-1,277,-219,-14800,4432,2828,-921,42,-107,-14740,-2600,5428,-436,104,-227,0
1745.9449310302734,10532,4776,10632,-278,-183,18,9880,-9920,7872,2,322,-243,-14676,4252,2852,-940,22,-201,-14816,-2640,5568,-352,183,-221,0
1745.9785439968107,10504,4852,10772,-314,-223,33,9744,-9896,7936,-39,288,-290,-14364,4532,3036,-919,75,-161,-14880,-2488,5436,-355,4,-109,0
1746.0120770931244,10508,4656,10924,-399,-205,81,9848,-9832,7892,-77,126,-288,-14592,4632,3012,-1041,187,-64,-14784,-2496,5728,-451,192,-48,0
1746.0454161167145,10728,4540,10864,-176,-40,122,9968,-9740,8068,-81,254,-213,-14776,4552,2792,-1130,200,-56,-14836,-2448,5604,-476,149,-78,0
1746.0788941383362,10532,4588,10816,-123,8,129,9912,-10040,7948,255,100,-138,-14732,4860,3000,-1149,98,40,-14972,-2484,5880,-539,63,-109,0
1746.1123070716858,10736,4808,11036,-120,128,173,9680,-10052,8036,-42,140,13,-14820,4836,2612,-1168,126,113,-14808,-2592,5964,-568,-49,-49,0
1746.1456899642944,10472,4592,10760,-74,184,219,9608,-10180,7980,-252,87,51,-14556,4724,3036,-1047,135,126,-14704,-2728,5964,-520,-80,-20,0
1746.1790981292725,10368,4652,11080,-116,131,240,9640,-10028,8048,-118,67,14,-14628,4708,3204,-1012,113,88,-14860,-2732,5868,-538,-87,-28,0
1746.2125821113589,10404,4412,11108,-73,107,242,9840,-10048,8108,-203,-38,27,-14744,4788,3012,-917,132,65,-14784,-2796,5884,-576,-81,-78,0
1746.2461180686953,10368,4620,11136,-34,74,205,9820,-10120,8032,-144,146,16,-14712,4576,3188,-904,40,48,-15052,-2648,6084,-263,-36,-116,0
1746.2798869609833,10244,4688,11096,-84,132,118,9820,-10140,8044,-157,113,-19,-14596,4688,2952,-833,107,51,-14924,-2624,5764,-372,-121,-175,0
1746.313460111618,10356,4652,11128,-97,133,22,9808,-10112,8004,-85,220,-78,-15044,4572,2856,-867,35,-8,-14784,-2648,5728,-394,29,-17,0
1746.3496980667114,10452,4664,11084,-176,-55,-58,9744,-10156,8032,-76,378,-178,-14804,4500,3220,-904,-79,-116,-14756,-2740,5676,-405,207,-356,0
1746.384868144989,10356,4748,11060,-87,-108,-144,9904,-9792,8252,-110,255,-268,-14732,4568,3060,-913,-82,-144,-14892,-2712,5680,-462,165,-334,0
1746.4204239845276,10284,4744,10952,-14,-100,-158,9776,-10044,8148,-88,335,-246,-14712,4704,3040,-851,-54,-192,-14600,-2556,5744,-466,61,-392,0
1746.4558839797974,10372,4508,10888,95,-40,-126,9680,-10132,7852,162,261,-280,-14568,4600,3028,-1048,-79,-273,-14764,-2524,5632,-494,254,-357,0
1746.491800069809,10484,4856,10804,78,-75,-114,9736,-9856,7720,-27,230,-269,-14704,4512,3260,-1044,-73,-139,-14948,-2580,5748,-496,257,-208,0
1746.5276260375977,10640,4824,10840,-141,-71,45,9592,-10232,8000,-26,289,-24,-14572,5104,2948,-1001,-12,131,-14680,-2100,5924,-629,52,-112,0
1746.5624721050265,10316,4356,11036,38,61,227,9344,-10416,7924,126,63,154,-14392,4868,2756,-1211,209,-245,-14544,-2380,6024,-654,38,-9,0
1746.6030600070953,10168,4640,11068,117,54,377,9600,-10156,7812,122,-138,37,-14588,4812,3036,-1154,354,-53,-14704,-2616,5680,-625,236,90,0
1746.6392459869385,10372,4732,11096,-77,-132,424,9924,-10052,8144,-87,-142,-42,-14656,5096,3016,-1198,265,96,-14920,-2712,5952,-663,123,127,0
1746.6742401123047,10256,5064,10928,-182,16,405,9700,-10152,8104,-69,-84,-63,-14708,4368,3096,-1084,362,4,-14740,-2592,5792,-454,9,29,0
1746.709941148758,10056,4796,11064,-119,70,214,9964,-10260,8060,-49,-108,-256,-14784,4656,3296,-1088,307,-144,-14724,-2876,5696,-416,266,-63,0
1746.744755983353,10496,4860,11204,-182,-142,170,9928,-10120,8180,-107,-14,-298,-14804,4692,3048,-1097,179,-123,-14648,-2716,5864,-573,325,-5,0
1746.7807791233063,10252,4844,10960,-167,-248,243,9856,-10204,8132,-63,24,-233,-14792,4456,3036,-1006,233,-99,-14788,-2752,5768,-454,243,-32,0
1746.8171560764313,10240,4824,10820,-120,-155,178,9832,-9964,7932,-39,245,-361,-14728,4464,3040,-945,286,-262,-14696,-2720,5596,-308,378,-52,0
1746.8525519371033,10472,4620,10828,-275,-250,86,9508,-9932,8148,-85,115,-390,-14660,4664,3304,-931,128,-204,-14780,-2696,5784,-361,393,-21,0
1746.8881540298462,10448,4656,10892,-387,-233,79,9952,-9832,8072,-147,139,-324,-14364,4684,3008,-929,198,-71,-14832,-2620,5612,-340,262,23,0
1746.9236240386963,10336,4812,10712,-297,-131,134,9732,-10056,7988,-175,-64,-336,-14580,4692,2796,-938,294,-88,-14680,-2488,5708,-343,183,107,0
1746.9593861103058,10532,4528,10900,-274,-94,1,9800,-10320,7928,-162,-177,-246,-14732,4908,2696,-1027,357,-7,-14612,-2336,5688,-476,205,142,0
1746.994094133377,10628,4532,11076,-271,-68,366,9904,-10200,7804,-64,-143,-138,-14776,4760,2660,-993,379,-38,-14812,-2376,5768,-466,148,159,0
1747.0297241210938,10420,4460,11108,-244,-125,348,9964,-10268,7848,-107,-11,-202,-14792,4716,2652,-1002,410,-156,-14660,-2528,5772,-362,258,159,0
1747.063306093216,10448,4476,11040,-309,-222,267,9888,-10132,7972,-77,-15,-314,-14824,4756,3040,-989,312,-191,-14968,-2548,5848,-342,280,63,0
1747.0967330932615,10520,4500,10916,-408,-216,166,9972,-10088,8076,-61,122,-288,-14928,4700,3068,-996,87,-101,-14992,-2488,5724,-430,208,-76,0
1747.1301250457764,10340,4372,10908,-302,-106,71,9972,-10076,7728,-78,233,-227,-14752,4836,2992,-981,19,-111,-14604,-2396,5804,-436,156,-139,0
1747.1636171340945,10472,4672,10796,-290,-88,61,9984,-10060,7924,-87,507,-238,-14668,4660,2892,-931,17,-122,-14844,-2456,5680,-368,202,-133,0
1747.1972601413727,10312,4720,10904,-387,-121,53,9772,-10068,7824,-79,176,-249,-14384,4680,3004,-1013,68,-110,-14864,-2396,5768,-388,211,-66,0
1747.230721950531,10384,4516,11072,-307,-105,145,9804,-10072,7916,-52,152,-230,-14616,4720,2840,-1006,169,-82,-14876,-2344,5680,-404,239,-16,0
1747.264356136322,10532,4528,10992,-280,-111,205,9828,-10100,7876,-58,-3,-271,-14808,4816,2928,-1015,191,-85,-14900,-2464,5692,-464,229,-24,0
1747.2976920604706,10560,4520,11120,-260,-151,228,9876,-10036,7952,-58,-248,-252,-14712,4720,2700,-1081,205,-130,-14872,-2424,5772,-258,205,-22,0
1747.3311989307404,10624,4444,10908,-190,-133,234,9888,-10024,7924,-6,-10,-218,-14800,4760,2936,-1058,246,-99,-14712,-2452,5660,-492,168,-30,0
1747.3647339344025,10472,4552,11064,-180,-89,216,10176,-10056,7684,-38,3,-230,-14728,4612,2940,-1078,212,-95,-14860,-2432,5852,-469,180,-29,0
1747.3977749347687,10536,4600,11004,-187,-74,158,9752,-10124,7904,-46,75,-226,-14680,4628,2944,-1008,172,-119,-14920,-2524,5720,-442,171,-26,0
1747.4313881397247,10400,4584,10956,-187,-94,159,9948,-10100,7976,-49,87,-208,-14836,4796,2888,-928,187,-127,-14748,-2408,5868,-435,189,-50,0
1747.4649500846863,10468,4536,10960,-196,-111,149,9980,-10160,7920,-92,68,-272,-14632,4812,2568,-1035,184,-136,-15048,-2388,5840,-433,209,-56,0
1747.4985201358795,10520,4456,10976,-200,-157,159,10024,-10040,7892,-64,158,-182,-14732,4628,2892,-964,144,-107,-15012,-2368,5720,-452,181,-112,0
1747.5320119857788,10552,4544,11112,-180,-92,100,9928,-10084,7844,-65,104,-222,-14832,4416,2748,-1012,130,-71,-14940,-2356,5676,-474,189,-106,0
1747.5655541419983,10704,4448,11068,-223,-58,105,9776,-10008,7576,-43,483,-172,-14784,4820,2596,-948,137,-111,-14700,-2276,5404,-441,202,-83,0
1747.5988759994507,10412,4600,11140,-510,-111,125,9888,-10116,7788,42,147,-239,-14764,4720,2880,-1013,154,-180,-14796,-2316,5680,-447,279,-31,0
1747.6323149204254,10456,4488,11144,-268,-213,164,9992,-10108,7852,23,82,-281,-14760,4764,2704,-1021,201,-212,-14784,-2368,5612,-514,310,-21,0
1747.6657531261444,10492,4508,11100,-244,-288,193,10136,-10068,7852,27,127,-268,-14768,4660,2584,-1004,184,-194,-14900,-2428,5864,-497,282,-75,0
1747.6991930007935,10484,4456,10940,-505,-303,202,9888,-9756,7840,17,182,-241,-14740,4652,2832,-1002,179,-140,-14948,-2396,5852,-473,228,-33,0
1747.7327721118927,10540,4548,11008,-280,-282,185,9876,-9772,7872,29,116,-223,-14728,4656,2848,-991,163,-188,-14832,-2480,5652,-472,244,-88,0
1747.766389131546,10536,4556,10844,-309,-257,176,9972,-10064,7920,22,118,-280,-14692,4632,2684,-993,168,-184,-14900,-2440,5720,-425,228,-35,0
1747.7998819351196,10580,4560,10908,-300,-9,161,10232,-10080,7788,-30,146,-252,-14652,4388,2576,-972,154,-138,-15004,-2372,5608,-460,177,-65,0
1747.8333971500397,10728,4440,10972,-347,-272,174,10196,-9964,8160,38,168,-506,-14728,4656,2788,-1009,145,-139,-14872,-2316,5628,-464,244,-55,0
1747.8670790195463,10568,4556,11228,-366,-342,238,9916,-9760,7704,55,65,-260,-14728,4656,2756,-1016,228,-166,-14792,-2388,5672,-429,1,-63,0
1747.9002571105955,10564,4564,11176,-282,-336,200,10004,-10000,7788,4,154,-283,-14684,4608,2820,-998,248,-207,-14960,-2256,5524,-459,296,-13,0
1747.9337611198423,10616,4444,10948,-346,-437,229,10028,-9740,7948,36,105,-304,-14760,4636,2604,-771,205,-191,-14980,-2560,5668,-419,301,-16,0
1747.9674911499023,10680,4600,10788,-313,-347,214,9752,-10032,7732,48,99,-251,-14868,4616,2832,-1012,167,-113,-14948,-2420,5744,-462,181,-62,0
1748.0009639263153,10896,4536,10872,-321,-284,193,10040,-9960,7820,63,108,-178,-14872,4852,2584,-1037,103,-86,-14948,-2352,5548,-444,116,-106,0
1748.0378019809723,10852,4440,10932,-304,-9,186,9960,-9944,7856,6,72,-198,-14744,4376,2776,-1036,114,-100,-14604,-2256,5484,-477,142,-102,0
1748.0732679367065,10724,4444,10768,-228,-233,178,9956,-9804,7736,249,71,-205,-14840,4496,2632,-996,138,-90,-14948,-2284,5548,-486,179,-63,0
1748.1089811325073,10692,4328,10688,-202,-288,202,9900,-9924,7896,-17,14,-232,-14692,4452,2656,-1021,196,-133,-14628,-2336,5452,-466,179,-66,0
1748.1439349651337,10652,4548,10628,-186,-177,171,9912,-9964,7800,-60,60,-221,-14756,4396,2868,-1043,155,-50,-14660,-2264,5532,-482,154,-110,0
1748.1797530651093,10736,4096,10832,-159,-70,115,10060,-9784,7864,-22,98,-185,-14808,4588,2732,-1093,100,-72,-14968,-2340,5520,-491,149,-110,0
1748.2149319648745,10708,4372,10860,-189,48,101,10096,-9964,8000,-22,114,-149,-14856,4388,2560,-1070,84,-4,-14912,-2272,5576,-469,132,-127,0
1748.2502491474152,10840,4412,10884,-189,7,98,9960,-9988,7928,-19,155,-148,-14884,4504,2872,-1044,110,-73,-14940,-2312,5712,-468,129,-95,0
1748.285598039627,10688,4448,11036,-148,-91,128,10012,-10032,7840,-49,51,-185,-14824,4648,2876,-1278,113,-49,-14872,-2356,5584,-524,164,-138,0
1748.3213369846344,10580,4284,10940,-86,-64,83,9964,-9760,7692,-73,122,-191,-14796,4576,2780,-982,77,-73,-15080,-2316,5400,-537,118,-124,0
1748.3576200008392,10728,4312,10712,-47,-40,71,9988,-9896,7760,-66,144,-154,-14696,4616,2716,-1002,42,-55,-14880,-2056,5624,-765,86,-167,0
1748.3928990364075,10728,4372,10840,-38,17,43,9776,-10028,7736,-19,163,-182,-14796,4392,2700,-1052,34,-14,-14900,-2252,5596,-486,163,-118,0
1748.4288029670715,10640,4308,11040,-138,47,66,9912,-9988,7624,30,161,-193,-14668,4632,2824,-1046,119,-109,-14800,-2384,5392,-438,244,-95,0
1748.4643969535828,10580,4248,11080,-89,-51,132,9944,-10072,7812,-25,91,-224,-14772,4748,2532,-1001,185,-133,-14624,-2060,5532,-766,233,-47,0
1748.5000970363617,10732,4348,10808,-54,-135,161,10132,-9932,8040,-58,39,-252,-14760,4692,2792,-984,185,-108,-14940,-2312,5832,-546,158,-72,0
1748.5353989601135,10784,4396,10828,-57,-57,172,10128,-9864,8132,-115,76,-139,-14900,4592,2788,-987,159,-23,-14888,-2068,5808,-536,43,-103,0
1748.5716950893402,10844,4152,10872,-131,-17,130,10204,-9928,8088,-105,97,-106,-14644,4576,2804,-989,75,-231,-15028,-2268,5556,-479,82,-121,0
1748.6071219444275,10792,4396,10980,-141,69,68,9872,-9924,7740,-27,203,-123,-14688,4464,2624,-1276,55,-5,-15092,-2308,5480,-489,117,-127,0
1748.64262509346,10712,4388,10868,-98,71,67,9940,-9948,7952,-40,129,-153,-14788,4388,2680,-1056,51,-35,-14764,-2224,5644,-500,149,-149,0
1748.6796541213987,10620,4448,10860,-116,246,58,9888,-10020,7832,-13,153,-200,-14788,4588,2668,-1015,65,-92,-14744,-2392,5616,-518,199,-152,0
1748.7129850387573,10580,4436,10924,-104,-72,74,9932,-10020,7792,-50,122,-209,-14668,4584,2768,-1013,84,-130,-14852,-2368,5748,-482,232,-122,0
1748.746691942215,10652,4364,10760,-83,-79,78,9856,-10036,7832,-61,126,-197,-14704,4860,2692,-993,124,-108,-14840,-2080,5708,-474,184,-91,0
1748.7802140712738,10600,4588,10908,-125,-54,131,9956,-10072,7784,-64,109,-185,-14804,4660,2684,-989,127,-48,-14944,-2328,5732,-503,122,-110,0
1748.8136689662933,10640,4364,11228,-104,-43,140,9996,-10004,7820,-72,335,-61,-14712,4696,2664,-959,121,26,-14860,-2300,5640,-257,101,-83,0
1748.8472340106964,10716,4404,10972,-160,-8,146,9944,-10040,7856,-88,139,-117,-14660,4608,2752,-973,159,-15,-14868,-2056,5448,-496,68,-54,0
1748.8806140422819,10708,4380,10992,-146,-34,171,10184,-9952,7952,-66,59,-132,-14756,4572,2544,-958,162,225,-14940,-2524,5608,-502,86,-56,0
1748.9139721393583,10640,4548,10784,-171,-47,199,10136,-9740,7920,-59,87,-138,-14892,4496,2776,-992,155,-61,-14972,-2072,5636,-496,107,-111,0
1748.947592973709,10580,4144,10800,-159,-81,121,10052,-9972,7880,-64,87,-164,-14740,4560,2876,-995,93,-42,-14924,-2296,5496,-478,187,-133,0
1748.98108792305,10556,4556,10972,-133,-102,109,9936,-10076,7904,-2,106,-224,-14644,4624,3060,-1038,119,-133,-14680,-2504,5672,-463,228,-141,0
1749.0144550800323,10620,4252,10868,-125,-178,98,9904,-10020,7888,14,102,-276,-14716,4744,2864,-1003,121,-172,-14856,-2324,5788,-502,211,-171,0
1749.0480780601501,10692,4352,10952,-46,-221,86,9832,-10236,7840,-39,143,-248,-14812,4352,2808,-982,62,-187,-14904,-2356,5680,-486,214,-178,0
1749.08154296875,10552,4412,10984,-98,-161,55,9976,-10048,7732,-52,158,-242,-14824,4716,2692,-956,48,-79,-14992,-2392,5852,-503,109,-178,0
1749.1150231361387,10828,4356,10884,-100,-45,64,10008,-9948,7756,-47,131,-180,-14896,4676,2844,-996,74,-40,-14896,-2168,5768,-519,67,-173,0
1749.1482479572296,10820,4304,10880,-176,15,106,10044,-10204,7668,-1,134,-136,-14808,4832,2448,-1014,60,-50,-14960,-2248,5384,-521,50,-130,0
1749.181671142578,10956,4532,10648,-165,48,96,10044,-9956,7944,-38,129,-98,-14808,4536,2640,-1036,64,240,-14944,-2160,5484,-474,64,-126,0
1749.2151310443878,10768,4508,10812,-222,-18,67,9772,-10232,7704,250,262,-153,-14640,4528,2788,-1073,89,-82,-15072,-2292,5472,-463,199,-138,0
1749.2487289905548,10748,4436,10852,-248,-52,94,9864,-10100,7696,72,132,-229,-14584,4700,3064,-1091,171,-167,-14692,-2308,5624,-425,324,-114,0
1749.2820460796356,10700,4592,10568,-76,-115,110,9916,-10024,7968,30,60,-288,-14836,4640,2708,-1046,175,-178,-14912,-2464,5716,-767,274,-101,0
1749.3155930042267,10740,4412,10916,-73,-90,102,10040,-9960,7984,-17,144,-217,-14824,4712,2776,-982,74,-99,-15076,-2424,5760,-538,84,-130,0
1749.349151134491,10988,4476,10916,-131,-9,53,10080,-9980,7872,-42,215,-159,-15096,4560,2904,-935,-19,-40,-14872,-2244,5512,-489,47,-212,0
1749.3825359344485,10704,4096,10868,-144,-256,41,10156,-9980,8088,253,271,-134,-14808,4600,2692,-962,-2,-48,-14900,-2232,5596,-468,78,-224,0
1749.4162471294403,10632,4404,10716,-190,13,16,9936,-9944,7836,254,240,-175,-14708,4504,2808,-979,52,-59,-14736,-2296,5564,-463,164,-172,0
1749.449968099594,10624,4376,10920,-199,-13,69,9876,-10020,7836,-13,153,-221,-14636,4696,2756,-1011,151,-102,-14908,-2312,5836,-446,250,-65,0
1749.4832990169523,10572,4416,10984,-180,-139,122,10156,-10048,7824,247,104,-266,-14748,4696,2628,-1016,185,-146,-14912,-2056,5772,-465,257,-64,0
1749.516860961914,10584,4428,10956,-166,-154,170,9740,-10048,7848,-18,83,-222,-14724,4644,2572,-1276,189,-97,-14916,-2372,5880,-258,185,-87,0
1749.5503380298615,10652,4396,11120,-152,-116,187,9952,-9912,8176,-59,120,-123,-14752,4616,2756,-1018,143,-27,-14972,-2364,5716,-550,101,-63,0
1749.5839099884033,10788,4488,10704,-136,-49,193,9972,-9912,7876,-90,91,-100,-14728,4616,2912,-1006,123,-1,-14880,-2524,5444,-556,21,-103,0
1749.6172699928284,10644,4536,10716,-45,63,160,10072,-9864,7752,-147,71,-70,-14828,4528,2672,-1054,83,18,-14932,-2348,5620,-554,10,-130,0
1749.6504900455475,10708,4424,10928,-16,148,94,9932,-9748,8152,-97,114,-66,-14760,4416,2716,-1021,12,76,-14832,-2388,5444,-525,15,-177,0
1749.683876991272,10568,4472,10740,-93,156,74,10008,-9984,7792,-53,122,-108,-14644,4496,2716,-1032,48,31,-14776,-2276,5644,-449,97,-101,0
1749.7202651500702,10664,4384,10944,-115,62,72,10024,-10084,7920,-17,138,-136,-14736,4748,2700,-1007,74,225,-14596,-2376,5456,-430,138,-113,0
1749.7555720806122,10620,4504,10916,-114,-9,121,9908,-10128,7812,-95,139,-143,-14764,4648,2448,-951,112,-31,-14976,-2244,5800,-493,115,-127,0
1749.791358947754,10668,4384,10948,-94,-22,114,10028,-10028,7776,-44,130,-152,-14836,4796,2948,-973,53,-41,-15096,-2312,5732,-525,89,-163,0
1749.8272881507874,10496,4476,10884,-69,-252,111,9840,-10100,7884,-40,117,-124,-14836,4840,2656,-1024,60,237,-15004,-2072,5760,-514,24,-149,0
1749.8622310161593,10600,4460,11056,-256,37,76,9912,-10088,7916,-72,125,-105,-14804,4680,2592,-1033,30,-8,-14916,-2292,5404,-526,2,-176,0
1749.898131132126,10532,4408,10888,-114,97,36,9904,-10036,7820,-45,79,-99,-14664,4644,2624,-1017,52,-1,-14840,-2504,5848,-494,42,-160,0
1749.9331481456757,10676,4484,10808,-65,72,54,9588,-9944,7872,9,10,-148,-14816,4708,2592,-1025,63,-46,-14824,-2056,5524,-493,121,-186,0
1749.9687881469729,10276,4488,10924,-55,8,72,10108,-10048,7768,-44,145,-163,-14788,4848,2804,-1272,40,-44,-14864,-2340,5708,-515,95,-169,0
1750.0038819313047,10580,4468,10888,-76,-31,67,10048,-9892,7756,17,123,-167,-14672,4580,2668,-1093,63,-97,-14908,-2408,5476,-506,116,-177,0
1750.0394690036774,10656,4544,10928,-49,14,75,9932,-10096,7900,-10,165,-130,-14792,4568,2764,-1095,123,-20,-14916,-2556,5652,-522,116,-142,0
1750.0744659900663,10660,4492,11136,-61,244,99,9868,-9780,7836,-12,128,-151,-14680,4532,2592,-1035,94,-84,-14892,-2068,5860,-541,106,-170,0
1750.1103799343107,10648,4584,10932,-25,11,97,9960,-10012,8152,-5,163,-133,-14672,4724,2956,-1055,64,-254,-14828,-2336,5624,-543,62,-134,0
1750.1454739570618,10564,4392,10808,-114,28,88,9900,-9904,7960,-43,151,-90,-14700,4376,2872,-1004,65,-226,-14908,-2464,5700,-502,39,-152,0
1750.1815040111542,10444,4528,10908,-117,53,112,9928,-10116,8076,-65,147,-106,-14716,4592,2800,-972,84,11,-14768,-2404,6012,-768,106,-71,0
1750.21750497818,10444,4500,11080,-142,-34,123,9904,-10112,8064,-50,71,-153,-14740,4608,2888,-1010,140,-56,-14876,-2360,5672,-510,111,-150,0
1750.2529621124268,10492,4636,10992,-134,-35,149,9848,-9980,7668,-54,101,-175,-14732,4384,2860,-988,128,-108,-14892,-2336,5800,-489,162,-113,0
1750.2887580394745,10664,4532,11004,-179,-64,122,9940,-10236,7896,-92,121,-202,-14744,4420,2576,-986,121,-60,-14884,-2328,5648,-474,174,-97,0
1750.3239920139313,10316,4516,10988,-195,-76,109,10204,-10032,7904,-25,100,-174,-14804,4680,2800,-1017,140,-114,-14916,-2240,5628,-486,184,-93,0
1750.3615391254423,10504,4532,10816,-185,-59,123,9972,-9996,7816,8,157,-167,-14736,4648,2692,-976,117,-97,-14948,-2308,5720,-461,207,-105,0
1750.39492893219,10284,4536,11108,-295,-110,146,9912,-10028,7744,-17,154,-208,-14764,4656,2780,-946,148,-94,-15104,-2404,5760,-429,158,-47,0
1750.4282839298248,10592,4524,11160,-271,-156,167,10024,-10008,7984,-81,125,-211,-14876,4716,2772,-961,140,-113,-15092,-2344,5860,-461,162,-72,0
1750.4617080688477,10592,4400,10924,-283,-174,162,10016,-10076,7680,-43,186,-203,-14752,4596,2716,-950,85,-104,-14936,-2268,5608,-464,184,-104,0
1750.495413064957,10564,4548,11080,-383,-156,142,9924,-10008,7848,6,186,-214,-14632,4624,2788,-973,121,-137,-14880,-2308,5584,-436,151,-114,0
1750.5286431312559,10652,4568,10960,-334,-149,142,9984,-10092,7872,-28,180,-220,-14764,4364,2676,-975,102,-120,-14860,-2292,5700,-424,204,-65,0
1750.56214594841,10628,4392,10812,-446,-195,138,10056,-10044,7896,43,190,-226,-14776,4828,2804,-965,115,-138,-14824,-2336,5848,-409,244,-98,0
1750.5955951213837,10556,4428,11116,-385,-217,152,10024,-9976,7844,76,191,-246,-14708,4624,2600,-983,92,-153,-14860,-2348,5712,-435,272,-64,0
1750.6291360855105,10548,4520,10776,-358,-249,164,10016,-9948,7932,79,157,-227,-14712,4596,2708,-981,141,-177,-15076,-2300,5660,-459,230,-67,0
1750.6623420715332,10632,4460,11164,-332,-281,167,10004,-10024,7924,23,147,-232,-14764,4612,2784,-971,141,-171,-14876,-2384,5540,-442,186,-90,0
1750.6959030628204,10672,4572,11020,-355,-282,175,9892,-10236,7824,24,126,-230,-14800,4368,2804,-967,123,-77,-14944,-2300,5632,-439,184,-58,0
1750.729411125183,10508,4500,10972,-325,-276,175,9896,-9952,7784,15,147,-214,-14728,4596,2720,-986,116,-137,-14760,-2340,5540,-455,214,-112,0
1750.7629411220553,10552,4288,10912,-309,-289,180,10028,-9980,7772,38,133,-211,-14676,4600,2724,-977,159,-158,-14756,-2324,5764,-471,196,-85,0
1750.796394109726,10720,4348,10964,-282,-273,175,9796,-10060,7684,-8,138,-230,-14812,4592,2776,-957,128,-172,-14908,-2428,5684,-441,189,-82,0
1750.8298499584198,10688,4356,10892,-295,-222,166,10036,-9924,7792,40,129,-240,-14672,4516,2672,-999,132,-150,-14824,-2260,5624,-467,205,-64,0
1750.8635590076449,10676,4356,10824,-231,-239,147,9760,-9940,7724,23,109,-3,-14740,4572,2860,-985,162,-100,-14860,-2508,5776,-460,220,-45,0
1750.8970510959623,10632,4576,11000,-235,-236,179,10028,-9956,7924,-30,106,-213,-14696,4680,2548,-986,145,-121,-14928,-2080,5692,-455,207,-83,0
1750.930321931839,10724,4568,10904,-208,-191,168,10080,-9916,7700,-50,138,-198,-14884,4556,2508,-1042,124,-96,-14856,-2412,5880,-471,170,-80,0
1750.9637560844421,10692,4276,10884,-240,-145,160,9948,-10032,7768,-33,116,-175,-14772,4684,2652,-999,125,-86,-15076,-2312,5536,-472,136,-89,0
1750.9974081516266,10628,4252,10892,-223,-81,162,9996,-9948,7928,-38,91,-182,-14736,4616,2636,-1023,143,-74,-14824,-2292,5592,-479,108,-109,0
1751.0310850143433,10656,4316,10836,-102,-59,131,10008,-9988,7816,-53,106,-168,-14796,4712,2700,-1026,107,-29,-14908,-2240,5500,-481,97,-134,0
1751.0646829605105,10752,4344,10820,-126,11,82,10052,-9832,7836,-28,145,-159,-14732,4844,2684,-1021,98,-34,-14992,-2248,5668,-464,97,-107,0
1751.0983459949493,10660,4464,10924,-146,17,74,10056,-9888,8144,-59,161,-155,-14768,4676,2664,-1059,85,-61,-14880,-2284,5644,-477,118,-101,0
1751.1317551136017,10680,4320,10932,-135,-246,100,9976,-10140,7824,-19,79,-185,-14800,4676,2856,-1084,109,-24,-14968,-2224,5712,-479,175,-87,0
1751.164605140686,10596,4472,11128,-112,-38,118,10220,-10236,8012,-23,56,-174,-14708,4632,3024,-1009,117,-21,-14960,-2312,5768,-503,119,-76,0
1751.198177099228,10924,4436,11020,-27,-54,123,9976,-10064,7780,-91,64,-208,-14744,4576,2916,-982,128,-94,-14860,-2344,5640,-541,151,-120,0
1751.2318739891052,10636,4344,10984,-39,-107,105,9992,-9988,7928,-46,93,-235,-14764,4844,2660,-1279,133,-162,-14952,-2236,5636,-475,181,-127,0
1751.265450000763,10652,4372,10900,-40,-41,92,10088,-9980,7620,-14,129,-186,-14844,4608,2760,-1012,71,-89,-15016,-2420,5596,-474,113,-124,0
1751.298926115036,10728,4344,10892,-90,8,73,10088,-9896,7804,-78,135,-174,-14812,4692,2632,-1012,74,-32,-14960,-2368,5436,-507,106,-142,0
1751.3324029445648,10704,4356,11032,-139,9,95,10096,-10076,7836,-72,139,-155,-14840,4632,2680,-995,112,-10,-14988,-2228,5704,-505,89,-90,0
1751.3656589984894,10712,4384,10808,-127,-51,132,10020,-10072,7760,-124,54,-161,-14632,4740,2752,-1019,134,-44,-14788,-2320,5624,-257,141,-80,0
1751.4024090766907,10640,4396,10852,-120,-90,155,9920,-10040,7912,-57,78,-208,-14712,4608,2724,-1002,201,-138,-14772,-2320,5560,-500,216,-67,0
1751.4387860298157,10468,4400,11008,-95,-116,145,10144,-9920,7888,-102,23,-225,-14816,4604,3004,-1002,164,-68,-14916,-2384,5640,-502,204,-100,0
1751.4743139743805,10664,4460,10720,-67,-104,96,10068,-9732,7868,-59,97,-189,-14940,4432,2688,-996,130,-80,-14912,-2336,5664,-766,121,-140,0
1751.5095479488373,10756,4360,10972,-65,-11,83,10072,-10004,7884,-57,125,-142,-14784,4584,3064,-1042,108,-7,-14932,-2240,5728,-534,93,-167,0
1751.5443949699402,10500,4432,10808,-63,44,106,9948,-10000,7600,-29,116,-139,-14692,4732,2648,-930,43,246,-14896,-2380,5600,-500,90,-132,0
1751.580295085907,10608,4460,10936,-169,-23,136,9880,-9984,7780,-84,124,-178,-14712,4720,2572,-974,140,-57,-14652,-2056,5716,-473,157,-76,0
1751.619028091431,10548,4596,11148,-137,-115,112,9952,-10152,7836,-105,149,-188,-14848,4664,2736,-980,58,-60,-14912,-2180,5504,-508,123,-142,0
1751.6549339294434,10672,4252,11000,-176,-90,74,9732,-10088,7888,37,147,-203,-15020,4784,2992,-775,-56,-95,-14764,-2236,5680,-491,178,-184,0
1751.6908209323883,10544,4324,10864,-104,-114,91,9908,-10068,7712,251,135,-246,-14652,4744,2732,-1037,139,-124,-14876,-2536,5744,-488,215,-115,0
1751.7260191440582,10560,4388,10856,-87,-96,65,10344,-10008,7884,2,117,-225,-14912,4700,2724,-1046,80,-133,-15004,-2064,5832,-509,158,-169,0
1751.7617671489716,10680,4596,11200,-104,-24,82,10004,-10020,7852,5,182,-166,-14728,4576,2572,-1004,52,-70,-15100,-2404,5484,-505,133,-177,0
1751.7976970672607,10648,4448,11028,-89,-72,111,9864,-9848,7704,-17,178,-169,-14800,4536,2712,-1036,89,-63,-14916,-2376,5568,-491,124,-128,0
1751.8328330516815,10664,4452,10952,-153,-68,130,10084,-9920,7812,-92,121,-170,-14828,4472,2908,-1019,59,237,-15100,-2408,5760,-505,48,-146,0
1751.868057012558,10704,4360,10808,-166,-47,75,10108,-9920,7912,-17,245,-143,-14728,4700,2864,-1267,37,-39,-14912,-2340,5396,-487,113,-181,0
1751.9037201404572,10516,4596,10904,-112,16,102,9936,-10008,7876,40,124,-167,-14852,4624,2896,-1052,120,-120,-14860,-2380,5644,-499,169,-126,0
1751.9391901493073,10616,4464,11100,-91,-75,71,10064,-9976,7832,27,120,-226,-14788,4596,2780,-1023,51,-93,-14840,-2328,5568,-469,178,-168,0
1751.9744400978088,10624,4388,11080,-123,-81,54,10036,-10012,7880,19,196,-241,-14744,4660,2776,-1031,46,-156,-14844,-2248,5640,-474,213,-152,0
1752.009889125824,10500,4488,10972,-120,-133,66,9924,-9948,7844,-2,114,-225,-14640,4676,2692,-1026,154,-158,-14892,-2276,5768,-482,215,-133,0
1752.0461280345917,10748,4436,10796,-120,-141,126,9824,-9944,7808,-47,49,-292,-14708,4648,2796,-1006,161,-93,-14908,-2284,5648,-484,194,-96,0
1752.0801301002505,10712,4500,10968,-155,-75,160,9912,-10048,7820,-64,73,-170,-14864,4848,2820,-1012,129,245,-14968,-2300,5656,-492,57,-109,0
1752.113676071167,10688,4572,10976,-195,-50,176,10096,-9908,7836,-82,104,-108,-14892,4572,2652,-987,103,-13,-14824,-2264,5552,-492,33,-131,0
1752.1471631526947,10636,4304,10888,-212,0,173,10084,-9752,7700,-36,133,-125,-14612,4540,2672,-1019,127,-30,-14908,-2328,5460,-492,108,-83,0
1752.1803419589996,10660,4420,11084,-199,-47,143,10040,-9988,8000,-20,152,-143,-14764,4420,2396,-1044,137,-77,-14820,-2384,5512,-508,142,-88,0
1752.2137961387634,10672,4424,10892,-141,-60,130,10060,-9996,7828,-17,160,-157,-14808,4600,2588,-992,90,-37,-14900,-2280,5576,-494,116,-141,0
1752.2475049495695,10592,4508,10924,-139,-57,119,10064,-9824,7800,-255,158,-184,-14768,4640,2764,-987,99,-29,-14844,-2304,5492,-495,148,-148,0
1752.2810530662537,10656,4440,10988,-161,-75,123,10232,-10020,8044,8,152,-171,-14828,4604,2692,-1022,89,-50,-14808,-2284,5640,-501,136,-167,0
1752.314525127411,10580,4500,10912,-111,-50,82,9976,-9916,7880,-51,162,-170,-14764,4740,2660,-1019,48,-77,-14752,-2308,5684,-487,96,-151,0
1752.3481221199036,10452,4456,10868,-121,-8,62,9904,-9940,7888,-54,156,-173,-14708,4684,2772,-990,64,-28,-14772,-2248,5692,-491,102,-145,0
1752.3815870285034,10516,4420,11068,-121,19,100,10012,-10120,7792,-50,120,-173,-14660,4752,2732,-1006,101,-22,-14904,-2136,5732,-453,126,-114,0
1752.4149000644684,10600,4388,10864,-91,26,101,9992,-10104,7788,-24,111,-176,-14796,4632,2692,-979,107,-32,-14876,-2088,5728,-482,157,-155,0
1752.4484651088715,10528,4472,10964,-109,-55,99,9984,-10068,7828,-19,89,-201,-14756,4636,2672,-1014,89,-92,-14828,-2384,5728,-492,166,-128,0
1752.4819741249084,10712,4516,10952,-117,-73,102,10000,-9944,7908,-77,130,-197,-14784,4728,2720,-856,28,-57,-14960,-2352,5620,-487,118,-134,0
1752.515587091446,10672,4828,10780,-37,-28,70,9992,-10044,7720,-90,163,-196,-14720,4704,2884,-991,51,-60,-14948,-2368,5680,-262,89,-200,0
1752.5491631031036,10512,4144,10816,-102,-25,72,10084,-10008,7864,-11,172,-116,-14812,4712,2680,-1044,23,-39,-14868,-2340,5624,-502,86,-183,0
1752.5827851295471,10604,4576,10796,-47,68,68,9972,-9900,7824,-54,157,-140,-14788,4648,2712,-1010,19,-8,-15012,-2428,5804,-485,48,-203,0
1752.6162459850311,10600,4440,11100,-46,28,31,10044,-9848,7884,-52,199,-144,-14684,4528,2852,-1279,60,-15,-14980,-2300,5664,-505,101,-155,0
1752.6494870185852,10724,4472,10764,-63,53,38,9912,-9908,7776,-31,164,-121,-14664,4856,2896,-1065,63,-41,-14808,-2432,5684,-485,127,-149,0
1752.6828079223633,10488,4556,10860,13,28,85,10036,-9988,7740,-50,98,-133,-14748,4812,2760,-1041,52,15,-14796,-2404,5680,-531,98,-157,0
1752.7162420749664,10556,4512,10888,-255,75,65,10080,-9948,7848,-72,119,-129,-14732,4772,2656,-770,63,-248,-15076,-2436,5744,-505,70,-160,0
1752.749843120575,10536,4436,10788,-103,44,62,10112,-10016,7732,-91,125,-108,-14684,4720,2664,-912,37,-255,-14596,-2344,5732,-515,76,-169,0
1752.783586025238,10504,4444,10952,-88,42,100,9860,-10000,8132,-22,132,-126,-14676,4656,2904,-1007,71,-84,-15048,-2524,5636,-515,134,-127,0
1752.817151069641,10460,4468,10860,-104,22,129,9860,-9980,7932,-38,100,-162,-14404,4684,2576,-1004,118,-37,-15104,-2316,5664,-257,122,-88,0
1752.850587129593,10396,4548,11000,-93,-3,114,9804,-10000,7852,-44,53,-167,-14828,4696,2664,-1021,139,-45,-14884,-2396,5752,-486,158,-101,0
1752.8839221000671,10740,4496,11112,-180,-43,155,9932,-10116,8100,-46,166,-126,-14992,4908,2964,-960,148,-58,-14888,-2348,5708,-760,168,-73,0
1752.9173901081083,10500,4376,10936,-150,-65,133,10120,-10036,7812,-35,106,-169,-14756,4624,2896,-1015,134,-92,-14824,-2428,5644,-471,196,-69,0
1752.9511859416962,10532,4592,11064,-247,-61,108,9984,-10016,7804,1,140,-170,-14824,4732,2936,-972,129,-124,-14920,-2320,5716,-455,180,-55,0
1752.9845471382139,10492,4572,11024,-263,-135,129,9980,-10060,7972,-22,151,-187,-14744,4664,2768,-987,137,-125,-14816,-2384,5796,-454,155,-53,0
1753.0183091163635,10500,4496,11044,-207,-187,144,10004,-10124,7872,-67,103,-236,-14792,4688,2656,-944,150,-112,-14888,-2156,5444,-455,212,-98,0
1753.0518929958344,10560,4460,11044,-278,-197,129,10040,-9744,7776,-52,151,-263,-14752,4744,2712,-931,104,-144,-14788,-2272,5664,-472,198,-102,0
1753.0897870063782,10476,4468,11032,-311,-200,147,9924,-10004,7820,-49,166,-219,-14608,4716,2748,-947,114,-129,-14816,-2252,5680,-440,222,-82,0
1753.1249849796295,10744,4584,10868,-337,-170,143,9912,-10080,7816,-8,170,-225,-14788,4392,3024,-996,125,-181,-14828,-2464,5624,-424,234,-79,0
1753.1607530117035,10492,4412,10948,-390,-210,154,9956,-9968,7768,25,117,-262,-14788,4756,2572,-976,153,-161,-14888,-2308,5772,-441,233,-32,0
1753.195582151413,10564,4372,10964,-330,-242,162,9900,-9824,7828,-256,123,-223,-14832,4748,2668,-997,170,-136,-14892,-2324,5624,-491,205,-67,0
1753.231605052948,10700,4372,11004,-362,-246,183,10104,-10108,7952,46,86,-246,-14664,4592,2784,-992,154,-99,-14628,-2368,5736,-459,174,-74,0
1753.267718076706,10620,4548,10852,-321,-5,191,9992,-9940,7840,-5,107,-220,-14820,4468,2844,-965,140,-137,-14824,-2420,5884,-420,174,-46,0
1753.3031859397888,10580,4456,10852,-320,-317,154,10144,-10072,7984,-17,174,-263,-14864,4604,2776,-953,132,-179,-14992,-2260,5580,-463,254,-77,0
1753.3386640548706,10632,4460,10780,-344,-264,142,9864,-9772,7800,11,116,-241,-14872,4700,2612,-975,143,-93,-14940,-2240,5876,-433,184,-80,0
1753.373656988144,10636,4416,10760,-285,-236,170,10016,-9864,7800,249,128,-191,-14804,4624,2692,-981,113,-97,-14924,-2512,5876,-476,135,-94,0
1753.4093129634855,10892,4136,10956,-274,-218,173,9904,-9976,7896,-11,118,-194,-15044,4600,2688,-988,145,-82,-14884,-2272,5632,-472,146,-99,0
1753.4445099830627,10556,4404,11020,-273,-211,168,9940,-10096,7852,-25,78,-213,-14828,4624,2700,-968,132,-105,-14764,-2232,5636,-490,181,-97,0
1753.4804379940033,10672,4308,11048,-262,-263,210,9928,-10240,7824,28,96,-232,-14744,4664,2584,-994,177,-139,-14844,-2248,5788,-460,222,-60,0
1753.5158741474152,10720,4176,10904,-218,-225,175,9940,-9936,7824,9,79,-233,-14752,4548,2716,-1023,175,-148,-14876,-2272,5520,-460,181,-79,0
1753.5513710975647,10732,4316,10888,-234,-239,151,10000,-9884,7820,26,102,-219,-14760,4400,2844,-1279,123,-116,-14872,-2076,5824,-482,183,-146,0
1753.5874519348145,10652,4288,10848,-252,-179,136,9992,-9996,7908,25,91,-214,-14796,4636,2812,-1044,107,-118,-14868,-2348,5516,-496,161,-102,0
1753.6221611499789,10784,4360,10880,-151,-138,151,10044,-9860,8000,-13,131,-171,-14708,4672,2680,-1039,144,-76,-14856,-2312,5616,-487,141,-99,0
1753.6582169532776,10964,4396,10840,-151,-69,132,9976,-9840,7792,-28,94,-185,-14788,4580,2652,-1032,130,-53,-14628,-2060,5540,-489,141,-117,0
1753.6929490566254,10576,4376,10996,-145,-13,131,10008,-9936,7884,-60,166,-162,-14772,4516,2704,-769,98,-246,-14880,-2256,5852,-490,122,-140,0
1753.7298491001127,10960,4396,10920,-119,12,95,10128,-9952,7832,-2,122,-166,-14864,4560,2912,-1043,85,-49,-14952,-2556,5800,-501,124,-131,0
1753.7634630203247,10552,4376,10768,-99,-7,117,10100,-9924,7864,-28,156,-148,-14652,4624,2908,-1050,84,-54,-14904,-2216,5440,-532,71,-146,0
1753.7970039844513,10516,4368,10868,-75,-23,77,10052,-9976,7760,-25,116,-163,-14744,4612,2728,-1016,94,-34,-14844,-2268,5688,-766,141,-136,0
1753.8304810523987,10628,4436,10936,-42,-51,108,9772,-10016,7892,-67,126,-142,-14752,4824,3008,-1015,98,-36,-14916,-2340,5628,-528,67,-121,0
1753.8641340732574,10700,4208,10872,-19,-13,99,9896,-10112,7852,-44,128,-111,-14820,4692,2588,-1264,77,-12,-14724,-2292,5736,-539,89,-142,0
1753.8974840641022,10676,4304,11188,-67,-36,106,9972,-9996,7812,-27,144,-119,-14736,4504,2856,-1035,48,249,-14952,-2256,5720,-494,90,-115,0
1753.9310400485992,10688,4580,10872,-74,44,83,9752,-9964,7876,-54,123,-137,-14764,4608,2900,-1008,84,-42,-14900,-2284,5696,-484,83,-113,0
1753.9645240306854,10656,4288,11068,-83,-15,87,9944,-9752,8072,-38,162,-188,-15040,4772,2700,-1007,45,-61,-14860,-2276,5636,-497,161,-161,0
1753.9979720115662,10640,4260,10824,-117,243,78,10024,-10008,7844,-59,163,-158,-15032,4604,2612,-1010,94,-60,-14808,-2388,5620,-485,122,-136,0
1754.0315260887146,10656,4432,10920,-20,-248,79,10064,-9968,7720,-55,152,-177,-14868,4660,2688,-1270,76,-48,-14632,-2380,5412,-260,100,-169,0
1754.0650939941406,10788,4272,10764,-58,-26,59,10020,-10016,7728,-39,142,-156,-14812,4748,2828,-1013,30,-70,-14936,-2460,5508,-500,75,-192,0
1754.0986361503599,10716,4332,10832,-73,67,63,10168,-9852,7904,-59,109,-154,-14828,4636,2712,-1061,47,-25,-14868,-2272,5708,-261,87,-188,0
1754.1319839954376,10684,4348,10892,2,97,56,10000,-9852,7760,-42,141,-85,-14628,4856,2588,-1052,53,16,-14944,-2300,5616,-546,73,-199,0
1754.165521144867,10768,4476,10796,-22,124,57,10024,-9900,7872,-28,112,-121,-14660,4380,2776,-1050,59,-249,-14828,-2384,5432,-512,67,-173,0
1754.1988451480865,10672,4448,10820,3,80,67,9980,-9936,7932,-54,114,-131,-14768,4552,2920,-1010,42,-32,-14948,-2508,5400,-258,94,-169,0
1754.23210811615,10532,4528,11108,-35,241,61,9952,-9992,7832,-80,116,-127,-14848,4644,2804,-1030,41,233,-15072,-2464,5820,-527,117,-184,0
1754.2656631469729,10572,4404,11008,-16,1,65,9972,-10068,7920,-51,124,-152,-14724,4704,2716,-1274,75,-44,-14604,-2364,5816,-763,129,-161,0
1754.2990279197693,10624,4492,10796,-13,-11,82,9864,-10020,7884,-51,142,-154,-14776,4608,2924,-1003,68,-61,-14888,-2548,6012,-258,163,-144,0
1754.3324570655823,10508,4444,10992,-27,0,92,9908,-10128,7800,-112,77,-157,-14776,4700,2912,-995,84,-50,-14776,-2400,5832,-257,111,-124,0
1754.3660490512848,10540,4452,10900,-70,13,95,9944,-10068,7784,-99,143,-155,-14620,4580,2708,-976,77,-32,-15040,-2240,5724,-498,114,-139,0
1754.399346113205,10588,4460,11260,-51,19,90,10044,-10028,7868,-66,112,-155,-14732,4656,2604,-1004,103,-34,-14900,-2304,5880,-521,107,-114,0
1754.4328961372375,10916,4380,11120,-32,244,118,9988,-9988,7824,-38,123,-156,-14612,4652,3024,-1010,118,-47,-15092,-2100,5756,-553,117,-116,0
1754.4665460586548,10612,4436,10968,-49,-48,130,10080,-9992,7920,-51,120,-176,-14956,4672,2788,-1261,102,-78,-15088,-2320,5540,-469,146,-107,0
1754.4998829364777,10608,4476,10860,-88,-53,101,9888,-10196,7700,-71,74,-188,-14788,4700,2840,-984,141,-35,-14836,-2204,5812,-502,119,-136,0
1754.5333111286163,10576,4416,10840,-100,-69,104,9964,-9988,7744,-20,322,-96,-14732,4608,2972,-773,87,-76,-14796,-2424,5704,-517,175,-164,0
1754.5669870376587,10508,4500,10920,-156,-51,95,9924,-9948,7804,-21,144,-169,-14764,4772,2900,-983,42,-12,-14904,-2540,5812,-510,116,-149,0
1754.600389957428,10400,4540,11024,-73,-251,64,10236,-10204,7688,-74,113,-161,-14768,4604,2608,-1273,68,-59,-14936,-2448,5656,-506,103,-134,0
1754.6337621212006,10684,4428,10948,-147,-46,58,9968,-10124,7852,-42,150,-166,-14704,4640,2880,-976,39,-94,-14884,-2340,5688,-500,128,-166,0
1754.6673901081083,10560,4484,10856,-96,1,31,9956,-10024,7804,-45,147,-165,-14696,4636,2836,-1024,62,-49,-14740,-2324,5660,-481,139,-127,0
1754.7008471488953,10592,4584,10876,-122,-253,90,9768,-9744,7828,-60,154,-164,-14684,4652,2560,-1008,53,-49,-14612,-2304,5808,-506,111,-125,0
1754.7340941429138,10588,4556,10952,-144,-53,112,10016,-10092,7812,-36,130,-147,-14776,4676,2776,-1014,95,-30,-14828,-2344,5728,-477,118,-100,0
1754.7708921432495,10636,4448,10996,-198,-62,135,9952,-10192,7936,-42,118,-175,-14764,4856,2708,-1012,143,-64,-14888,-2132,5740,-479,166,-85,0
1754.806252002716,10620,4540,10920,-210,-59,131,10152,-10192,8112,-19,145,-190,-14640,4604,2720,-987,114,-88,-15004,-2524,5596,-487,206,-91,0
1754.8423249721527,10376,4444,10972,-247,-124,156,9920,-9984,7932,5,120,-202,-14692,4780,2608,-982,142,-123,-14844,-2428,5640,-450,205,-30,0
1754.8774869441986,10640,4560,11008,-258,-192,180,9940,-10092,7940,-72,124,-201,-14832,4712,2692,-960,159,-74,-14912,-2560,5648,-479,158,-77,0
1754.9133689403534,10556,4444,10976,-247,-140,141,9984,-10028,7880,-61,136,-216,-14736,4600,2716,-938,121,-113,-14912,-2432,5764,-499,174,-83,0
1754.9488310813904,10568,4468,11004,-282,-120,103,10028,-9904,7764,-49,186,-211,-14396,4856,2696,-931,101,-102,-14748,-2336,5676,-434,226,-57,0
1754.9843900203705,10548,4384,10776,-344,-164,162,9748,-10024,7896,-10,179,-217,-14720,4860,3012,-964,119,-142,-14724,-2444,5608,-415,271,-89,0
1755.0195400714874,10508,4356,10924,-396,-203,142,9916,-10200,7844,-9,194,-238,-14720,4696,2908,-906,140,-113,-14924,-2284,5700,-414,241,-77,0
1755.0549249649048,10536,4452,10800,-384,-263,142,9936,-10084,7868,8,179,-278,-14896,4776,2672,-955,149,-197,-14960,-2288,5644,-453,245,-59,0
1755.090567111969,10652,4328,11096,-357,-286,191,9972,-9904,7716,16,148,-226,-14772,4684,2664,-987,173,-163,-14932,-2264,5416,-472,213,-32,0
1755.1259701251984,10704,4432,10816,-315,-510,243,10040,-9904,7844,13,94,-222,-14684,4544,2780,-990,184,-127,-14596,-2112,5872,-455,218,-64,0
1755.1619629859924,10688,4380,10944,-322,-16,179,10000,-9944,7716,26,164,-215,-14760,4712,2800,-971,142,-167,-14892,-2284,5612,-423,194,-75,0
1755.197790145874,10736,4560,10992,-307,-253,192,9972,-9948,7904,-37,192,-188,-14596,4584,2680,-982,114,-91,-14960,-2284,5744,-498,189,-98,0
1755.2324459552765,10496,4288,11000,-328,-14,163,10096,-10052,7788,40,121,-213,-14760,4388,2980,-774,99,-94,-15000,-2560,5816,-494,200,-87,0
1755.2675850391388,10668,4384,10944,-306,-256,188,10028,-10016,7760,31,126,-217,-14704,4536,2600,-780,149,-131,-14800,-2376,5552,-435,192,-57,0
1755.3035039901733,10624,4248,10964,-268,-506,158,9996,-9936,7928,-18,148,-230,-14756,4352,2808,-976,152,-138,-14856,-2248,5800,-459,247,-64,0
1755.3386600017548,10740,4416,10888,-328,-304,196,10040,-10020,7772,39,84,-242,-14784,4648,2636,-998,175,-173,-14960,-2304,5832,-468,181,-84,0
1755.3735570907593,10712,4560,10768,-223,-251,158,9964,-10236,7696,16,137,-173,-14760,4608,2700,-1020,120,-94,-15000,-2288,5676,-472,135,-117,0
1755.4100041389463,10704,4352,10836,-262,-206,156,10156,-9956,7888,-253,163,-203,-14808,4660,2940,-967,92,-76,-14944,-2224,5804,-479,137,-106,0
1755.443608045578,10692,4356,10968,-249,-215,146,9772,-9756,7916,-10,142,-167,-14768,4584,2780,-986,107,-122,-14876,-2244,5632,-490,139,-104,0
1755.4772429466248,10680,4336,10796,-200,-166,131,10192,-9972,7856,-15,123,-204,-14672,4596,2572,-769,158,-83,-14832,-2504,5584,-491,187,-130,0
1755.5107419490814,10692,4292,10796,-156,-169,151,9936,-9868,7864,-24,98,-199,-14636,4568,2932,-1019,159,-68,-14848,-2192,5592,-492,174,-108,0
1755.54434299469,10720,4308,10896,-96,-73,151,10084,-9904,7836,-55,107,-159,-14736,4800,2960,-1064,131,-46,-14896,-2308,5616,-257,120,-133,0
1755.5778861045837,10792,4296,10848,-155,-48,101,9980,-9828,7988,4,153,-144,-14808,4616,2776,-1085,122,-69,-14968,-2360,5636,-466,126,-135,0
1755.611428976059,10516,4376,10868,-203,24,118,9836,-10060,7848,8,117,-133,-14760,4544,2928,-1050,103,-47,-14808,-2312,5592,-489,134,-117,0
1755.644849061966,10692,4112,10856,-149,10,125,10204,-9740,8168,-14,131,-147,-14800,4600,2732,-1034,114,-23,-14996,-2308,5492,-510,127,-141,0
1755.6784689426422,10716,4384,10864,-99,-16,85,9744,-9972,7740,-60,134,-174,-14704,4664,3024,-1006,88,-38,-14800,-2316,5712,-495,129,-142,0
1755.7120969295502,10652,4436,10852,-123,-45,93,9908,-9908,7760,-67,155,-182,-14656,4648,2752,-984,54,-9,-14628,-2212,5732,-504,96,-168,0
1755.7455830574036,10720,4284,10912,-88,-20,75,10024,-10080,7988,-96,149,-151,-14764,4600,2732,-1001,60,-63,-14624,-2276,5568,-477,87,-144,0
1755.7791221141815,10964,4308,10792,-94,8,80,9984,-9784,7880,-43,161,-144,-14600,4772,2756,-955,37,-61,-14904,-2556,5768,-474,96,-177,0
1755.8124680519104,10576,4336,11108,-82,7,14,10020,-10048,7936,-48,169,-152,-14752,4652,2580,-955,40,251,-14852,-2300,5620,-485,84,-190,0
1755.846018075943,10672,4396,10904,-110,35,40,10060,-9868,7828,-77,157,-134,-14600,4384,3024,-979,51,-31,-14956,-2340,5820,-474,70,-158,0
1755.879753112793,10628,4260,11024,-39,39,43,9748,-9996,8064,-88,164,-141,-14776,4756,2604,-1007,28,-34,-14892,-2264,5548,-520,93,-202,0
1755.9131491184235,10688,4300,10760,-38,42,63,9768,-9760,7876,-3,96,-157,-14856,4680,2688,-1056,51,-92,-14900,-2488,5636,-508,110,-129,0
1755.9467890262604,10692,4356,10812,-47,69,68,9944,-9904,7772,-66,116,-109,-14752,4716,2800,-1052,63,-51,-14800,-2344,5772,-486,58,-147,0
1755.9802031517029,10632,4380,10852,-39,68,66,10060,-9968,7824,-93,122,-149,-14628,4824,2784,-1280,52,16,-14920,-2536,5788,-765,71,-168,0
1756.0135650634766,10712,4416,10952,-117,98,64,9988,-9988,7720,-25,164,-147,-14732,4860,2776,-1054,55,-32,-14616,-2328,5704,-474,109,-163,0
1756.0474169254303,10736,4400,11064,-64,82,80,9956,-9896,7792,-38,144,-111,-14808,4620,2756,-1280,47,-19,-14864,-2336,5648,-759,73,-168,0
1756.0810279846191,10740,4496,10940,-62,85,89,10216,-10008,7688,-59,112,-125,-14744,4568,2724,-774,65,227,-14908,-2248,5724,-520,76,-158,0
1756.1144819259644,10520,4592,11108,-53,34,76,9844,-10012,7792,-52,138,-148,-14808,4648,2808,-985,65,242,-14660,-2248,5672,-267,93,-170,0
1756.147670030594,10672,4128,10852,-90,24,104,9772,-9768,8184,-43,125,-136,-14772,4392,2616,-774,71,-21,-14840,-2052,5620,-502,91,-131,0
1756.1811230182648,10516,4428,11260,-47,36,108,9900,-9956,7924,-41,140,-146,-14652,4672,2844,-1014,95,-73,-14896,-2356,5868,-514,137,-119,0
1756.2143261432648,10636,4432,11052,-100,14,99,9888,-10028,8068,-19,110,-155,-14636,4636,2688,-1026,128,-74,-14608,-2388,5728,-487,156,-140,0
1756.2477750778198,10588,4528,10992,-96,-47,134,9984,-9760,7920,-58,121,-172,-14788,4656,2696,-1042,100,-57,-14940,-2332,5716,-521,146,-105,0
1756.2812440395355,10664,4436,11132,-165,13,113,9956,-9972,7808,-43,139,-151,-14840,4848,2780,-1022,110,-2,-14900,-2104,5720,-479,112,-113,0
1756.3148200511932,10576,4488,11000,-190,-6,121,10120,-9976,8000,-34,137,-165,-14812,4748,3024,-985,102,-63,-14836,-2316,5680,-497,150,-107,0
1756.3482921123505,10620,4460,11148,-193,-60,123,10204,-10232,7768,-26,148,-167,-14768,4700,2812,-983,99,-112,-14904,-2360,5764,-497,127,-119,0
1756.381684064865,10560,4440,11032,-196,-64,98,9944,-10056,7896,-47,150,-193,-14708,4672,3048,-944,82,-63,-14904,-2400,5632,-474,160,-109,0
1756.4150109291077,10536,4500,11032,-200,-113,104,10040,-10052,8144,-60,192,-195,-14752,4636,2952,-922,107,-70,-14944,-2228,5620,-483,156,-127,0
1756.452311038971,10712,4324,10848,-202,-93,106,9960,-9992,7836,-38,134,-190,-14788,4804,2632,-957,76,-116,-14904,-2308,5692,-482,194,-126,0
1756.488067150116,10668,4404,10968,-228,-142,129,9960,-10096,7796,35,146,-219,-14816,4708,2736,-991,112,-158,-15056,-2532,5840,-475,237,-79,0
1756.523477077484,10580,4476,10932,-287,-193,143,9956,-10136,8048,254,133,-239,-14752,4772,2784,-987,140,-137,-15052,-2364,5800,-470,258,-52,0
1756.5582780838013,10580,4460,10904,-280,-237,188,9908,-10160,7904,-64,126,-251,-14716,4672,2668,-944,169,-154,-14932,-2272,5884,-468,195,-80,0
1756.5939159393313,10560,4344,10884,-234,-224,182,9736,-9948,7728,-12,121,-205,-14784,4636,2788,-981,146,-116,-14872,-2208,5664,-510,186,-72,0
1756.6338279247284,10604,4344,10912,-355,-227,176,9784,-9976,8184,46,159,-2,-14672,4636,2728,-1011,129,-114,-15084,-2352,5808,-433,199,-64,0
1756.6695411205292,10660,4408,10768,-296,-190,145,10076,-9736,8120,-14,159,-229,-14812,4824,2796,-941,90,-163,-14944,-2164,5756,-444,221,-91,0
1756.7049219608307,10664,4296,10912,-325,-290,142,9956,-10060,7776,16,129,-510,-14596,4652,2636,-943,131,-196,-14752,-2204,5408,-451,234,-79,0
1756.7407479286194,10632,4364,10880,-297,-274,166,9868,-9788,7888,44,148,-244,-15084,4352,2668,-967,138,-174,-14916,-2320,5616,-459,201,-83,0
1756.7762389183044,10664,4376,10816,-259,-4,149,9992,-9972,7924,18,133,-219,-14724,4588,2844,-1002,82,-123,-14904,-2416,5656,-485,138,-108,0
1756.812320947647,10980,4356,10800,-245,-172,171,9768,-9988,7696,-21,95,-192,-14732,4576,2792,-1022,133,-60,-14784,-2384,5692,-477,146,-82,0
1756.8476099967957,10720,4156,10896,-214,-99,148,9936,-9956,7756,-255,146,-163,-15100,4536,2604,-1021,127,-46,-14864,-2320,5524,-476,125,-119,0
1756.8833799362185,10712,4312,10964,-157,-37,121,10112,-9916,7820,-10,120,-127,-14792,4560,2744,-1040,107,-60,-14888,-2276,5672,-492,140,-134,0
1756.919450044632,10532,4324,10984,-161,-17,93,9968,-9828,7780,21,146,-166,-14736,4636,2804,-1070,140,-33,-14880,-2336,5768,-476,144,-98,0
1756.9546639919279,10536,4420,10792,-182,-49,158,9736,-9992,7776,-36,133,-152,-14952,4636,2768,-1044,100,-68,-14932,-2200,5772,-464,157,-75,0
1756.9901659488678,10712,4424,11156,-183,-33,119,9952,-10240,8148,-43,137,-175,-14768,4692,2872,-975,95,-50,-14920,-2276,5672,-480,179,-87,0
1757.0254349708555,10648,4604,10788,-156,-77,127,9900,-10240,7920,-35,119,-197,-14756,4672,2928,-1002,78,-74,-14916,-2344,5784,-514,140,-104,0
1757.0611650943756,10632,4540,10976,-147,-82,120,10156,-9932,7880,-47,109,-200,-14668,4692,2732,-1009,67,-78,-14824,-2328,5716,-489,148,-132,0
1757.0968239307404,10936,4304,10912,-149,-72,114,10088,-9976,7996,-66,140,-166,-14760,4772,2572,-1001,98,-33,-14824,-2248,5780,-456,105,-141,0
1757.1303379535675,10664,4264,11068,-152,-36,105,9972,-10044,7888,-27,137,-178,-14704,4848,2676,-986,105,-88,-14816,-2216,5704,-468,140,-131,0
1757.1637959480286,10656,4240,10868,-143,-44,88,10024,-9956,7884,-47,140,-182,-14868,4860,2436,-968,118,-109,-15008,-2196,5652,-496,157,-142,0
1757.1973829269407,10720,4392,10880,-102,-78,118,10024,-9760,7972,-30,118,-186,-14748,4612,2664,-1062,112,-175,-14880,-2260,5740,-520,169,-124,0
1757.2308609485626,10704,4280,10816,-115,-83,102,10016,-9916,7828,-35,144,-207,-14748,4652,2708,-1025,118,-121,-14992,-2060,5696,-490,188,-136,0
1757.2640759944916,10552,4256,10968,-181,-92,95,10004,-9860,7936,-41,151,-188,-14716,4560,2772,-964,76,-57,-14976,-2072,5764,-464,125,-152,0
1757.2975571155548,10504,4352,10840,-163,-56,115,10008,-9976,7960,-30,172,-158,-14788,4592,2796,-974,36,-96,-14964,-2296,5640,-509,88,-113,0
1757.3327720165253,10676,4332,10912,-187,-49,98,9956,-10008,7944,19,150,-164,-14848,4644,2728,-1003,73,-94,-14920,-2292,5616,-503,114,-164,0
1757.3662440776825,10656,4416,10776,-142,-254,72,10048,-9908,7992,-57,127,-146,-14756,4608,2912,-992,83,-19,-14804,-2368,5632,-510,85,-143,0
1757.3998401165009,10644,4336,10940,-65,-48,69,9820,-9824,7820,-102,158,-178,-14844,4700,2648,-1030,82,-25,-15048,-2356,5672,-512,148,-156,0
1757.4334330558777,10588,4232,10792,-118,-62,68,10236,-9972,7860,-8,145,-208,-14740,4600,2592,-1005,115,-83,-14836,-2276,5624,-483,179,-136,0
1757.4668979644775,10672,4284,10880,-87,-54,125,10044,-9956,7804,-37,118,-173,-14740,4592,2716,-1023,128,-72,-14664,-2336,5380,-453,158,-110,0
1757.5002620220184,10668,4428,10808,-135,-49,119,9752,-9984,7808,-38,131,-157,-14700,4632,2808,-1011,94,-15,-14916,-2196,5700,-486,128,-118,0
1757.5337510108948,10740,4324,10932,-124,-42,108,10220,-10008,7988,-51,155,-160,-14736,4648,2712,-1000,112,-51,-14864,-2148,5656,-513,147,-116,0
1757.5674679279327,10672,4376,10896,-117,-74,140,10112,-9964,7844,-62,123,-133,-14804,4616,2688,-1021,125,-88,-14904,-2364,5624,-541,152,-137,0
1757.601124048233,10592,4284,10892,-101,-68,118,10028,-10016,7644,255,132,-186,-14776,4704,2684,-1016,133,-104,-14848,-2304,5548,-512,167,-145,0
1757.6345751285553,10612,4552,10564,-66,-38,109,9964,-9940,7832,-42,124,-190,-14744,4700,2712,-1035,106,-56,-14872,-2344,5692,-497,131,-130,0
1757.6680629253387,10748,4572,10832,-102,-82,108,10212,-9760,8072,-49,146,-185,-14800,4600,2664,-1041,69,-48,-14984,-2356,5744,-493,164,-142,0
1757.7017059326172,10724,4392,11124,-129,-63,95,9904,-10000,7876,-57,146,-201,-14776,4632,2756,-992,106,-82,-15068,-2520,5676,-474,151,-143,0
1757.7354350090027,10928,4424,10924,-129,-86,86,10040,-10212,7720,-15,143,-178,-14772,4744,2568,-1024,97,-106,-15060,-2248,5684,-502,171,-133,0
1757.768944978714,10708,4412,10824,-125,-115,108,9996,-9996,7900,-34,95,-184,-14628,4512,2632,-998,113,-116,-14604,-2544,5668,-499,159,-133,0
1757.8024089336395,10684,4432,10984,-69,-67,120,9956,-9920,7880,-66,107,-217,-14768,4624,2480,-984,104,-98,-14896,-2212,5548,-766,163,-104,0
1757.8360509872437,10692,4336,10852,-109,-88,85,10052,-9928,7808,-35,136,-196,-14752,4692,2708,-994,75,-99,-14800,-2336,5664,-494,155,-138,0
1757.8697221279144,10800,4408,10824,-117,-58,105,10012,-10228,7924,-43,133,-174,-14764,4808,2736,-1280,95,-67,-14880,-2364,5784,-503,143,-124,0
1757.902943134308,10512,4328,10892,-115,-74,95,9912,-9944,7832,-16,146,-189,-14784,4352,2928,-991,59,-76,-14868,-2368,5704,-475,146,-150,0
1757.9366669654846,10660,4596,10952,-111,-81,100,10028,-9976,7868,-27,118,-182,-14820,4384,2996,-1024,123,-124,-15052,-2100,5416,-513,158,-157,0
1757.9702911376953,10680,4488,10836,-116,-71,96,9980,-9896,7948,-28,124,-179,-14800,4600,2836,-1000,81,-81,-15096,-2316,5700,-506,151,-129,0
1758.003886938095,10988,4460,10876,-128,-91,118,9728,-10228,7876,-55,130,-186,-14704,4600,2840,-987,100,-70,-14920,-2128,5576,-491,129,-144,0
1758.0374670028689,10632,4480,10876,-125,-56,128,9992,-10216,7848,-51,113,-145,-14788,4608,2772,-991,134,-48,-14912,-2288,5560,-508,124,-130,0
1758.071193933487,10724,4440,11024,-100,-86,118,9968,-10064,7728,-56,106,-156,-14808,4560,2808,-1280,82,-24,-14932,-2312,5712,-479,117,-119,0
1758.1043729782104,10700,4380,10796,-143,-31,119,9736,-9924,7848,-43,126,-169,-14780,4548,2808,-1024,81,-43,-14608,-2532,5468,-505,107,-98,0
1758.1418149471283,10628,4432,10876,-66,-22,102,10020,-9908,7776,-68,106,-176,-14696,4704,2764,-1017,52,-54,-14924,-2372,5648,-515,135,-157,0
1758.1776280403135,10652,4416,10928,-180,-54,89,10044,-9764,7940,15,119,-179,-14756,4648,2768,-1045,102,-54,-14844,-2252,5632,-457,175,-126,0
1758.2130539417267,10796,4456,10956,-104,-64,93,10048,-9932,7888,252,109,-174,-14832,4656,2908,-1000,77,-119,-15104,-2388,5768,-485,150,-165,0
1758.2486021518707,10744,4420,10940,-130,-61,96,10052,-10220,7884,-30,152,-157,-14748,4616,2588,-980,66,-41,-14868,-2272,5872,-529,91,-176,0
1758.2839269638062,10552,4488,10980,-113,17,60,9976,-10012,7880,-32,163,-159,-14724,4700,2688,-1000,69,-64,-15072,-2316,5552,-509,149,-136,0
1758.3194210529327,10756,4424,10888,-131,-39,108,10008,-10016,7932,-38,146,-149,-14768,4608,2616,-1027,111,-65,-14844,-2336,5768,-482,140,-104,0
1758.3545279502869,10668,4404,10856,-130,-109,110,10072,-10236,7744,-41,105,-182,-14812,4712,2864,-1021,146,-65,-15064,-2264,5712,-517,176,-99,0
1758.3897199630735,10680,4600,10844,-87,-64,113,10092,-9744,7904,-56,100,-216,-14704,4640,2776,-998,108,-77,-14860,-2480,5636,-261,171,-111,0
1758.4249889850616,10956,4464,10844,-148,-119,145,10024,-9952,7872,-29,147,-165,-14596,4676,2780,-972,96,-116,-14844,-2336,5624,-460,140,-116,0
1758.461149930954,10784,4380,10844,-161,-78,107,10104,-10212,7892,-57,139,-149,-14716,4636,2652,-984,70,-42,-14896,-2324,5760,-482,131,-131,0
1758.4961221218107,10612,4384,10788,-165,-36,110,9980,-9940,8144,-27,123,-168,-14852,4600,2748,-1021,93,-88,-14916,-2484,5708,-466,130,-132,0
1758.531594991684,10668,4428,10964,-188,-71,119,9920,-9912,7924,-17,137,-192,-14616,4636,2840,-1004,114,-63,-14740,-2316,5712,-503,166,-111,0
1758.567703962326,10616,4376,10812,-146,-86,94,9888,-10040,7784,-57,100,-209,-14688,4676,2696,-1015,118,-104,-14652,-2160,5448,-491,164,-87,0
1758.6029570102692,10632,4400,10684,-115,-69,113,9732,-9808,8112,-42,134,-219,-14748,4708,3036,-1007,127,-89,-15096,-2356,5728,-487,163,-152,0
1758.6387939453125,10808,4460,10876,-95,-15,82,10000,-9884,7696,-66,169,-153,-14804,4652,2724,-1011,104,-18,-14888,-2344,5392,-498,92,-140,0
1758.6743500232697,10696,4424,10992,-115,54,65,9952,-10216,8140,-25,169,-132,-14656,4668,2588,-1040,44,-68,-14836,-2260,5696,-498,97,-148,0
1758.7096800804138,10548,4336,10864,-70,91,76,9984,-9964,7816,-21,127,-121,-14780,4688,2848,-1045,55,-243,-14972,-2336,5680,-488,117,-146,0
1758.7448871135712,10568,4452,10972,-88,77,72,10052,-10000,7812,-42,130,-146,-14852,4612,2656,-1036,58,-76,-14968,-2360,5764,-489,105,-161,0
1758.7803490161896,10616,4392,10888,-94,41,91,9788,-10220,7904,-17,100,-170,-14816,4652,2668,-1031,63,-53,-14876,-2544,5832,-262,162,-160,0
1758.8137769699097,10692,4376,11004,-110,3,84,9936,-10016,7960,-18,130,-169,-14804,4608,2740,-1037,97,-42,-14824,-2468,5756,-493,151,-151,0
1758.8474960327148,10532,4472,10972,-122,3,81,10044,-9876,7764,-55,112,-198,-14684,4700,2720,-934,52,-50,-14904,-2404,5856,-479,105,-128,0
1758.880972146988,10560,4556,10804,-91,40,73,10200,-10020,7888,-79,121,-148,-14696,4696,2936,-971,59,-247,-14896,-2276,5712,-490,77,-164,0
1758.9144279956818,10600,4428,10892,-136,42,82,9920,-10060,7836,-33,123,-124,-15016,4748,2792,-1059,68,-47,-14804,-2376,5696,-495,71,-139,0
1758.9477701187134,10716,4464,10904,-160,7,128,9932,-10072,7864,-91,152,-112,-14792,4852,2776,-771,128,234,-14940,-2320,5620,-488,110,-84,0
1758.9813029766083,10640,4476,10944,-128,-41,118,9900,-10024,7812,-108,128,-177,-14672,4668,2560,-962,83,-31,-14900,-2328,5680,-511,140,-121,0
1759.0150170326233,10612,4348,10800,-190,-2,100,10212,-9940,7776,-26,120,-152,-14756,4640,2636,-773,102,-33,-14912,-2220,5820,-479,130,-110,0
1759.048614025116,10552,4520,10988,-116,-3,104,10028,-9936,7932,252,105,-142,-14820,4860,2588,-1040,104,-41,-14636,-2128,5700,-496,148,-107,0
1759.0821220874789,10648,4472,10928,-154,2,112,10108,-9744,7868,-21,95,-141,-14720,4692,3044,-1044,94,-73,-14644,-2392,5668,-480,110,-150,0
1759.1157140731812,10608,4416,11024,-170,35,83,10064,-9932,7840,-27,149,-152,-14760,4704,2900,-976,82,-34,-14856,-2252,5808,-481,131,-114,0
1759.1490669250488,10592,4392,10904,-205,6,82,10028,-10000,7900,-46,159,-173,-14764,4616,2788,-998,96,-17,-14896,-2060,5500,-455,141,-95,0
1759.1825730800629,10592,4488,10864,-242,-71,127,9972,-9792,7736,-30,165,-177,-14748,4748,2660,-984,102,-103,-14868,-2300,5656,-453,150,-65,0
1759.2164640426636,10492,4512,11048,-510,-121,153,9936,-10000,7820,-27,102,-232,-14656,4688,2792,-1001,142,-113,-14892,-2372,5792,-478,183,-76,0
1759.2497971057892,10276,4436,11148,-266,-186,135,9888,-10228,7848,-34,130,-231,-14620,4728,2608,-947,131,-144,-14836,-2408,5788,-471,183,-67,0
1759.2833359241486,10496,4336,10872,-289,-161,137,9928,-10064,7852,-50,131,-214,-14664,4740,2608,-950,112,-130,-14788,-2308,5732,-464,214,-67,0
1759.3170120716095,10524,4276,10844,-345,-191,164,9972,-9976,7612,-14,133,-223,-14684,4640,2820,-954,127,-129,-14932,-2328,5784,-449,195,-52,0
1759.3502421379087,10672,4452,10860,-311,-214,181,10040,-10040,7948,-24,144,-3,-14760,4644,2864,-948,156,-140,-15004,-2352,5376,-436,214,-73,0
1759.3837759494781,10588,4440,11052,-365,-250,166,10040,-10056,8080,9,189,-232,-14760,4712,2700,-953,136,-146,-14904,-2108,5720,-460,208,-46,0
1759.4174029827118,10708,4400,11016,-336,-267,158,10008,-10036,7904,-17,146,-235,-14868,4592,2708,-944,147,-168,-14624,-2240,5700,-453,225,-78,0
1759.451024055481,10684,4388,10836,-310,-274,158,10036,-10068,7932,14,137,-256,-14868,4600,3064,-957,137,-150,-14648,-2228,5852,-440,223,-81,0
1759.4845190048218,10632,4100,10924,-303,-279,178,9856,-10232,8144,21,153,-229,-14824,4616,2692,-988,122,-156,-14900,-2324,5568,-467,204,-90,0
1759.5181510448456,10656,4416,10920,-303,-246,154,10228,-10000,8096,35,157,-502,-14736,4672,2588,-987,151,-132,-14892,-2284,5616,-449,223,-86,0
1759.5518200397491,10596,4240,10948,-303,-263,140,10228,-9936,7808,16,124,-240,-14760,4524,2788,-988,142,-172,-14900,-2328,5672,-464,218,-69,0
1759.5852570533752,10740,4256,10872,-505,-250,168,10032,-9992,7872,6,147,-251,-14816,4736,2704,-991,117,-172,-14924,-2396,5668,-490,197,-67,0
1759.6189420223236,10660,4348,10880,-247,-251,182,10028,-9944,7824,13,147,-229,-14748,4576,2708,-970,155,-163,-14928,-2252,5792,-484,214,-73,0
1759.6522629261017,10604,4280,10996,-252,-287,162,9940,-10224,7880,16,124,-232,-14672,4804,2696,-982,157,-97,-14852,-2288,5676,-454,206,-60,0
1759.6857421398163,10680,4444,10684,-500,-231,192,9956,-9932,7812,-55,103,-218,-14848,4564,2992,-984,180,-118,-14944,-2196,5752,-446,149,-38,0
1759.7190520763395,10976,4244,10548,-221,-231,172,10020,-10004,7912,-21,106,-206,-14812,4724,2884,-997,151,-145,-15104,-2208,5664,-494,195,-65,0
1759.7525889873505,10716,4252,10928,-266,-275,161,10208,-9756,7856,63,117,-246,-14808,4640,2700,-1025,142,-168,-14892,-2352,5656,-479,241,-75,0
1759.7855999469755,10728,4340,10940,-187,-211,170,9784,-9960,7860,-25,126,-245,-14776,4804,2820,-996,169,-170,-14916,-2272,5540,-483,236,-60,0
1759.8229620456696,10796,4264,10928,-230,-260,144,10116,-10052,7808,-26,123,-255,-14728,4620,2400,-990,177,-126,-14876,-2116,5656,-466,250,-46,0
1759.8593411445618,10728,4284,10856,-229,-509,161,9992,-9900,7720,17,173,-232,-14848,4656,2612,-1275,165,-116,-14920,-2072,5424,-475,219,-62,0
1759.8944609165192,10828,4308,10820,-208,-207,155,10088,-9932,7796,-32,177,-194,-14724,4684,2704,-1033,84,-86,-14676,-2188,5596,-498,186,-87,0
1759.92954993248,10996,4288,10900,-206,-175,143,10004,-10236,8180,-43,126,-245,-14848,4600,2780,-1035,118,-123,-14924,-2232,5536,-497,192,-84,0
1759.9648039340973,10764,4256,10948,-201,-206,150,10104,-10028,7876,-74,75,-248,-14836,4556,2596,-1276,155,-121,-14840,-2188,5500,-260,251,-34,0
1760.0004770755768,10900,4260,10744,-175,-234,158,10016,-9896,7708,-67,62,-1,-14780,4456,2668,-1013,218,-169,-15088,-2116,5476,-507,298,-19,0
1760.036101102829,10960,4268,10824,-210,-509,164,9948,-9764,7776,-69,71,-284,-14684,4516,2760,-1044,225,-143,-15008,-2212,5568,-486,294,-37,0
1760.0719020366669,10692,4300,10620,-197,-283,179,10040,-9848,7956,-59,96,-262,-14828,4636,3032,-995,214,-139,-14996,-2316,5564,-480,285,-25,0
1760.1079099178314,10736,4324,10984,-212,-247,156,10388,-9976,7924,-74,13,-282,-14736,4588,2616,-999,198,-203,-15000,-2304,5608,-760,303,-41,0
1760.143487930298,10864,4320,11048,-193,-280,167,9968,-10028,8012,-7,72,-307,-14800,4576,2712,-1023,222,-162,-14908,-2236,5596,-768,310,-43,0
1760.178682088852,10800,4280,10864,-211,-315,187,10044,-9920,8024,-14,120,-296,-14716,4468,2632,-988,228,-208,-14872,-2300,5552,-473,333,11,0
1760.2134871482847,10848,4324,10868,-253,-313,225,10136,-9796,7904,-40,496,-335,-14688,4432,2732,-1005,228,-200,-14664,-2228,5612,-464,318,14,0
1760.2491679191587,10856,4204,10716,-298,-389,222,10044,-9932,7820,-106,33,-329,-14908,4488,2604,-937,203,-165,-14960,-2188,5436,-475,209,16,0
1760.2845170497894,10768,4196,10612,-266,-361,220,10132,-9908,7884,-87,95,-279,-14884,4540,2636,-921,148,-84,-15092,-2212,5492,-464,152,-41,0
1760.3200790882113,10924,4160,10660,-272,-502,195,10356,-9896,8160,-60,141,-173,-14844,4460,2812,-949,146,-95,-15024,-2228,5512,-421,155,-31,0
1760.3553349971771,10916,4224,10896,-284,-229,214,10080,-9756,7856,-71,55,-206,-14764,4552,2712,-919,166,-90,-14968,-2260,5528,-394,162,-46,0
1760.3908009529114,10896,4212,10552,-334,-234,182,10036,-9940,7836,-125,40,-214,-15008,4488,2660,-881,150,-61,-14932,-2164,5592,-405,127,-27,0
1760.42595911026,10836,4052,10788,-299,-220,163,10036,-9912,8020,-70,33,-169,-14856,4556,2748,-928,167,-62,-14616,-2116,5460,-420,111,-64,0
1760.4619500637054,10808,4080,10848,-273,-212,175,10148,-9916,7872,-34,2,-1,-14784,4396,2744,-971,143,-106,-14792,-2180,5636,-417,167,-73,0
1760.495630979538,10876,4168,10880,-259,-274,182,10112,-10028,7900,-48,44,-257,-14612,4844,2772,-948,181,-114,-14940,-2184,5680,-405,151,-92,0
1760.5291740894318,10852,4080,10744,-149,-277,150,10124,-9936,7804,-70,-238,-1,-14628,4388,2632,-970,161,-127,-14608,-1800,5508,-509,143,-135,0
1760.5629489421844,10940,4028,10356,73,-134,176,10048,-9568,7824,-86,-35,-199,-14732,4476,2464,-1007,258,-52,-15068,-2076,5336,-554,131,-135,0
1760.5966701507568,10964,4008,10456,100,10,134,10180,-9688,7220,-41,85,-119,-15044,4488,2556,-1058,143,32,-14992,-2004,5372,-475,54,-154,0
1760.6301181316376,11132,4336,10468,-135,321,70,10280,-9640,7660,17,241,49,-14840,4440,2492,-1075,-4,190,-15084,-2112,5324,-435,-67,-171,0
1760.6637170314789,11108,4224,10720,-164,401,66,10256,-9840,7804,-97,203,54,-14836,4524,2572,-1271,-27,209,-15040,-2216,5568,-347,-52,-118,0
1760.6973779201508,10948,4224,10920,-136,322,54,10228,-10080,7840,-43,139,23,-15020,4676,2528,-769,36,137,-15128,-2020,5548,-440,-56,-93,0
1760.730749130249,11012,4200,10908,22,291,122,10252,-10164,8032,-72,116,27,-15012,4620,2756,-1013,52,44,-14940,-2136,5668,-571,-33,-201,0
1760.7643070220947,10944,4296,10812,212,214,89,10004,-10064,7788,-8,95,-63,-14616,4552,2980,-1012,-47,65,-14892,-2208,5788,-628,-3,-268,0
1760.797877073288,10804,4184,10800,114,222,-28,9988,-9920,7736,-86,209,-66,-14624,4572,2760,-956,-46,97,-14864,-2204,5676,-532,36,-247,0
1760.830996990204,10980,4312,10996,-60,508,-87,9952,-10004,7784,-117,225,-88,-14588,4672,2744,-981,-33,-244,-14712,-2140,5556,-472,88,-216,0
1760.8645260334015,10840,4224,10776,-40,191,-89,9972,-10036,7772,-28,191,-107,-14752,4792,2808,-1007,-43,-43,-14840,-2120,5836,-438,88,-235,0
1760.8977301120758,10736,4160,10952,-42,216,-50,9892,-10152,7728,21,271,-113,-14728,4788,2524,-897,-57,239,-15008,-2132,5708,-441,81,-206,0
1760.9312109947205,10504,4208,11084,-49,166,-35,9936,-10152,7692,17,273,-126,-14912,4768,2712,-886,-12,-24,-15000,-2232,5784,-488,126,-184,0
1760.9649300575256,10780,4256,10904,42,79,18,10044,-10236,7752,-48,89,-118,-14832,4704,2468,-879,42,-42,-15004,-2204,5732,-553,99,-173,0
1760.9984560012817,10784,4192,10864,107,-20,77,10112,-10000,7884,-100,99,-176,-14804,4652,2756,-923,46,-101,-15044,-2064,5836,-564,129,-227,0
1761.0319011211395,10876,4348,10748,110,42,-9,10304,-9888,7828,-30,118,-162,-15080,4496,2736,-968,250,-60,-14880,-2236,5492,-470,100,-250,0
1761.0654871463776,10872,4244,10908,-26,95,-63,10172,-10236,7172,-5,328,-172,-15088,4860,2564,-836,-79,-95,-14984,-2164,5516,-492,69,-305,0
1761.09912109375,10880,4356,10672,29,112,-94,10144,-10104,7952,68,238,-182,-14928,4612,3064,-776,-150,-66,-14948,-2188,5552,-534,175,-341,0
1761.132318019867,10876,4228,10828,66,108,-136,10468,-9944,8180,114,279,-131,-14852,4552,2760,-896,-96,-59,-14956,-2328,5712,-470,107,-318,0
1761.1657271385193,10532,4352,10856,-68,48,-81,10100,-9756,7720,-51,274,-193,-14764,4712,2484,-793,-95,-142,-14856,-2276,5652,-460,164,-266,0
1761.1993520259855,10864,4436,10796,32,34,-79,9996,-9888,7772,-60,303,-127,-14800,4696,2744,-842,-88,-108,-14880,-2212,5600,-481,159,-272,0
1761.2325320243835,10680,4424,10960,4,8,-53,10004,-10000,7836,23,231,-190,-14716,4780,2616,-854,-45,-78,-14844,-2296,5744,-482,130,-299,0
1761.2661950588226,10680,4328,10796,61,62,-64,9884,-9984,7860,10,202,-193,-14724,4700,2760,-943,14,-57,-14856,-2264,5880,-515,176,-9,0
1761.2998969554899,10544,4480,11164,42,-2,252,10016,-9968,7816,-41,131,-218,-14712,4812,2640,-887,-4,-91,-15036,-2404,5712,-512,110,-236,0
1761.3336551189425,10680,4484,10964,56,47,-7,10072,-10016,7988,-10,128,-240,-14764,4684,2812,-927,57,-172,-14956,-2492,5864,-434,113,-238,0
1761.3670301437378,10536,4544,11200,4,38,-51,10028,-9752,7916,-97,187,-254,-14716,4364,2852,-824,34,-77,-14952,-2432,5716,-379,119,-209,0
1761.4005420207975,10640,4836,10944,-109,34,-69,10036,-9832,7784,-213,235,-245,-15104,4524,3032,-748,252,-34,-14916,-2492,5516,-406,67,-279,0
1761.4340081214905,10496,4520,10884,-150,-22,-68,9740,-9544,7872,-225,307,-155,-14728,4616,2908,-890,-1,-244,-14816,-2388,5716,-449,83,-508,0
1761.470144033432,10496,4572,10876,-148,91,-63,9852,-9936,7888,-210,195,-111,-14604,4408,2812,-975,-13,60,-14928,-2364,5728,-431,52,-164,0
1761.5052659511566,10692,4616,11000,-193,148,19,9996,-9956,7876,-170,178,-41,-14648,4736,2952,-995,71,61,-15068,-2276,5616,-439,-41,-130,0
1761.5407929420471,10692,4488,11092,-172,184,79,10016,-10068,7700,-162,141,-48,-14876,4716,3024,-1004,66,105,-14624,-2248,5712,-481,-8,-132,0
1761.5771050453186,10516,4404,10828,-104,185,36,10012,-10044,7844,-117,130,-54,-14816,4772,2808,-1089,255,92,-14920,-2248,5648,-592,40,-246,0
1761.6124470233915,10612,4444,10740,-62,172,23,10156,-10088,7856,-31,154,-115,-14764,4844,2632,-1180,-5,250,-14836,-2280,5744,-611,91,-252,0
1761.6526191234589,10416,4392,11028,66,168,-20,10056,-10112,7784,-48,86,-197,-14796,4848,2852,-1141,-99,-30,-14656,-2284,5756,-663,121,-352,0
1761.6894540786743,10548,4384,10824,120,152,-62,10056,-10196,7516,94,306,-139,-14644,5080,2724,-1289,-106,-82,-14736,-2216,5680,-725,164,-407,0
1761.7246530056,10520,4324,11096,174,114,-148,9828,-10268,7872,242,440,-120,-14828,5004,2760,-1391,-512,-170,-14988,-2292,5884,-1005,188,-488,0
1761.7604291439056,10588,4152,11048,126,119,-201,10028,-10004,7816,281,600,-67,-14608,4880,2908,-1243,-423,-93,-14876,-2348,6128,-753,63,-579,0
1761.7955861091614,10632,4512,11056,72,208,-298,10068,-10104,7864,202,692,-33,-14988,4672,2736,-1042,-414,-82,-14924,-2544,5760,-603,255,-636,0
1761.8312520980835,10428,4760,10980,8,218,-310,9956,-9912,7972,115,707,11,-14728,4604,2792,-1004,-399,-65,-14884,-2552,5796,-588,-65,-624,0
1761.8658990859983,10604,4784,10856,34,273,-304,9792,-9816,7952,106,652,53,-14732,4528,2852,-1271,-433,12,-15064,-2712,5720,-579,-107,-607,0
1761.9014339447021,10708,4652,10860,29,312,-246,9776,-9768,8168,97,667,64,-14584,4444,3132,-1068,-365,25,-14680,-2684,5648,-516,-121,-604,0
1761.9374940395355,10460,4880,10820,-43,322,-2,9748,-9884,8136,97,512,199,-14664,4756,3152,-1079,-391,51,-14896,-2796,5736,-568,-88,-559,0
1761.9727039337158,10328,4964,11088,-112,375,-286,9908,-10016,7936,193,745,146,-14688,4732,3276,-1140,-416,73,-14768,-2656,5724,-621,-93,-615,0
1762.0080420970917,10348,4792,10916,-14,407,-284,9800,-9976,8404,238,718,156,-14536,4636,3172,-1244,-411,35,-14704,-2628,5672,-648,-107,-632,0
1762.0434260368347,10172,4916,11012,83,460,-300,9560,-9880,8212,254,746,83,-14552,4860,3292,-1176,-437,-38,-14684,-2944,5764,-668,-118,-672,0
1762.07892203331,10104,5000,11120,85,492,-348,9576,-9820,8156,175,774,86,-14592,4412,3088,-1088,-488,16,-14632,-3004,5776,-613,-156,-677,0
1762.1144981384275,9996,4868,11240,21,461,-357,9488,-9992,8316,117,518,78,-14392,4428,3080,-1014,-461,25,-14600,-2904,5812,-521,-147,-622,0
1762.1502749919891,10208,5016,11080,-33,483,-420,9564,-9936,8240,77,815,-248,-14664,4724,3428,-988,-479,31,-14760,-2948,6120,-434,-124,-686,0
1762.183974981308,10084,4892,11212,-77,487,-477,9580,-10040,8320,91,879,255,-14600,4816,3328,-1019,-258,-244,-14828,-2900,5636,-447,-104,-700,0
1762.217395067215,10060,5020,11360,-158,409,-452,9412,-10208,8356,156,906,-246,-14568,4836,3492,-1010,-563,-240,-14636,-3016,6076,-453,-107,-686,0
1762.2510499954224,10060,4992,11304,-161,417,-460,9464,-10184,8392,134,1013,250,-14540,4976,3480,-861,-560,17,-14872,-3056,6120,-441,-253,-692,0
1762.2843539714813,10056,4948,11292,-148,457,-495,9704,-10156,8216,193,891,30,-14636,4888,3360,-809,-627,65,-14748,-3000,6188,-420,-358,-808,0
1762.3179259300232,9880,4968,11252,-111,483,-523,9376,-10148,8408,236,1014,117,-14428,4608,3712,-963,-724,26,-14620,-3056,5932,-488,-257,-908,0
1762.3528411388395,9732,5084,11220,-52,436,-571,9368,-9936,8696,256,1067,56,-14556,4612,3756,-973,-837,-19,-14428,-3180,6088,-486,-265,-899,0
1762.3859951496124,9628,5212,11280,-30,404,-571,9196,-9976,8952,269,1052,32,-14136,4740,3792,-970,-772,12,-14636,-3240,6196,-480,-270,-885,0
1762.4197490215302,9696,5152,11024,-93,418,-513,9112,-10068,8668,238,991,49,-14360,4868,3888,-949,-655,-21,-14680,-3172,6132,-466,-250,-856,0
1762.4533090591433,9812,5252,11300,-14,403,-490,9148,-9992,8612,310,866,61,-14560,4772,3728,-1076,-611,-17,-14712,-3088,6080,-496,-261,-855,0
1762.4869859218597,9780,5232,11300,-35,374,-454,9128,-10060,8836,292,966,50,-14444,4836,3716,-996,-678,-31,-14544,-3352,6124,-553,-266,-909,0
1762.5201251506805,9480,5208,11252,245,332,-497,9076,-10128,8740,379,976,39,-14496,4648,3932,-1166,-713,-60,-14544,-3108,6336,-584,-5,-968,0
1762.553631067276,9976,5228,11368,107,413,-522,9336,-10020,8812,396,990,211,-14780,4940,3776,-1207,-520,-23,-14764,-3472,6160,-624,-405,-1092,0
1762.5872709751127,9784,5372,11396,178,516,-619,8996,-9748,8816,412,1241,500,-14512,4684,4224,-1051,-1068,88,-14532,-3636,6252,-606,-465,-1213,0
1762.6207990646362,9608,5424,11288,99,570,-716,8884,-9880,8940,396,1446,300,-14268,5000,4060,-1102,-1243,86,-14440,-3668,6388,-656,-489,-1253,0
1762.6541669368744,9232,5528,11236,173,714,-722,8472,-9872,9040,369,1395,445,-13984,5048,4276,-1145,-1237,256,-14472,-3728,6532,-650,-688,-1196,0
1762.6878099441528,9328,5480,11492,168,840,-677,8444,-9992,8964,396,1326,487,-13852,4940,4228,-1122,-1139,292,-14236,-3692,6424,-670,-661,-1131,0
1762.7210700511932,9116,5440,11504,241,869,-598,8340,-10068,9140,371,1237,417,-14064,5088,4156,-1175,-1044,255,-14336,-3856,6440,-717,-618,-1126,0
1762.7546651363373,9160,5484,11416,333,854,-558,8416,-10004,9088,344,1126,465,-14012,4860,4284,-1043,-1257,241,-14104,-3756,6284,-790,-554,-1134,0
1762.788232088089,9052,5448,11532,374,824,-566,8328,-10016,9308,287,1039,414,-14044,5004,4760,-1348,-776,244,-14220,-4076,6556,-784,-640,-1135,0
1762.821946144104,8716,5512,11716,463,947,-652,8296,-10148,9164,370,1083,316,-14260,4692,4628,-1191,-947,34,-14176,-4112,6320,-660,-763,-1258,0
1762.8556189537048,8728,5680,11840,518,806,-807,8424,-10112,9232,396,1204,178,-14128,5120,4544,-1506,-1115,-60,-14288,-4084,6488,-807,-387,-1437,0
1762.8889610767365,8748,5756,11584,610,796,-910,8636,-10240,9208,439,1397,511,-14136,4968,4440,-1029,-1535,-95,-13964,-4312,6528,-795,-399,-1558,0
1762.9224350452423,8764,5780,11360,710,730,-1013,8104,-9816,9256,550,1388,118,-13668,4636,4648,-1208,-1397,-212,-13652,-4428,6456,-514,-206,-1583,0
1762.9560370445251,8396,5952,11368,678,619,-1038,7788,-9632,9356,574,1441,141,-13420,4904,5348,-1246,-1388,-207,-13648,-4520,6720,-749,-231,-1486,0
1762.9897191524506,8344,6232,11420,582,629,-890,7304,-9736,9584,557,1225,171,-13476,5104,5156,-1534,-1144,-162,-13884,-4436,6800,-814,-304,-1309,0
1763.0232920646667,8484,6476,11584,635,655,-691,7628,-9912,9536,566,1103,256,-13712,4996,5300,-1289,-1012,-40,-13956,-4388,6832,-949,-270,-1168,0
1763.0568101406097,8596,6360,11792,625,610,-504,7712,-9824,9796,536,989,353,-13752,4916,5328,-1398,-877,-8,-13860,-4700,7140,-981,-319,-1038,0
1763.09029006958,8428,6480,11608,683,567,-313,7684,-10024,9624,535,925,411,-13608,5320,5372,-1570,-747,-50,-13836,-4768,6688,-1142,-271,-1045,0
1763.123564004898,8500,6356,11672,844,542,-191,7848,-10068,9656,624,686,761,-13812,4968,5356,-1635,-737,-77,-13764,-4644,6792,-1243,-269,-1043,0
1763.1597890853882,8300,6156,11772,1035,560,-166,7328,-9996,9804,895,646,526,-13560,4760,5164,-1855,-772,-229,-13396,-4776,6784,-1263,-226,-1130,0
1763.1955449581146,8052,6364,11492,1160,548,-502,7548,-9620,9660,872,652,286,-13048,4464,5364,-1613,-777,-352,-13256,-5148,6636,-1088,-12,-1016,0
1763.2312829494476,7796,6628,11172,776,198,-270,7164,-8988,9328,679,636,8,-12804,4336,5608,-1333,-540,-396,-13040,-5232,6448,-836,316,-690,0
1763.2661859989166,7912,6824,11136,319,-234,-69,6720,-9120,9748,441,376,-327,-12620,4172,5552,-1308,-45,-455,-13008,-5268,6516,-674,710,-96,0
1763.3017880916595,7724,7128,11272,-164,-680,332,6856,-9076,9908,110,-134,-627,-12604,4348,5596,-1157,571,-328,-13264,-5404,6476,-353,876,590,0
1763.337520122528,7932,7496,11084,-637,-922,678,6728,-8764,10160,-365,-734,-867,-12824,3828,5880,-532,1272,-141,-13412,-5652,6172,15,880,1244,0
1763.3725590705872,7872,7424,11116,-1322,-1318,870,7008,-8708,10316,-860,-1267,-1318,-13200,4148,5856,-666,1914,-6,-13596,-5600,6716,354,866,1555,0
1763.408772945404,8036,6976,11356,-1513,-1241,977,8084,-9956,10556,-891,-1390,-1221,-14636,5016,5712,-665,1828,-179,-14672,-4972,6820,117,867,1223,0
1763.4438109397888,9492,6532,11532,-832,-861,881,8740,-10284,10064,-558,-822,-690,-15276,4900,5472,-707,978,-126,-14924,-4704,6624,-343,499,456,0
1763.4799001216888,9484,6216,11324,-217,-458,532,8892,-9836,9488,-184,-33,-230,-14476,4764,5284,-709,142,-3,-14212,-4744,6204,-552,273,69,0
1763.5150051116943,8948,6144,11152,-163,-157,233,8060,-9704,9456,12,125,-97,-13864,4852,4940,-844,-69,243,-14016,-4632,6532,-569,209,21,0
1763.550332069397,8868,6296,11480,-178,-107,130,8132,-9716,9596,-7,248,-267,-13996,4616,4816,-1047,152,-11,-14312,-4428,6540,-428,151,34,0
1763.5855679512024,8992,6212,11552,-236,-56,181,8400,-9916,9608,-36,-25,-202,-14248,4892,4996,-973,98,103,-14348,-4360,6836,-459,113,52,0
1763.621465921402,9140,6156,11492,-215,77,224,8296,-10148,9580,-55,246,19,-14236,5136,5140,-977,64,18,-14436,-4252,6852,-567,-112,-36,0
1763.658030986786,9604,6772,11900,-40,156,321,8436,-10180,9460,-72,102,230,-14096,5272,5188,-960,-55,206,-14264,-4384,7068,-585,-286,-177,0
1763.6931591033936,8732,6032,11808,64,310,122,8320,-10200,9388,16,239,124,-14004,4968,5312,-991,-243,155,-13928,-4628,6920,-571,-171,-355,0
1763.7288060188293,8520,6052,11748,25,143,-40,7884,-10016,9724,-18,455,37,-13660,5116,5400,-1005,-492,57,-13576,-4864,6620,-652,-15,-360,0
1763.7640559673307,8672,6380,11432,16,-109,-105,7452,-9972,9876,42,766,-78,-13352,4752,5416,-1011,-472,-179,-13636,-4880,6636,-706,94,-466,0
1763.8004219532013,8012,6632,11416,120,-205,-266,7632,-9836,9824,226,335,-499,-13640,4412,5388,-950,-3,-621,-13828,-5244,6500,-564,398,-504,0
1763.8339729309082,8648,6796,11528,62,-292,-367,8116,-9508,10004,105,262,-620,-13968,4480,5160,-960,-148,-669,-14572,-4624,6100,-668,691,-388,0
1763.8676660060885,9204,6644,11148,123,-467,-152,8188,-9208,9592,90,274,-483,-13632,4480,4952,-1029,20,-296,-13772,-4344,6000,-848,505,-233,0
1763.9006149768827,8944,6288,10592,120,-534,251,7564,-9144,9336,188,21,-213,-12928,4572,4736,-1271,467,-68,-13512,-4440,6460,-631,278,184,0
1763.9343209266665,8376,6348,10848,-201,-153,526,7356,-9268,9224,13,-432,-203,-13128,4756,4948,-1330,881,21,-13820,-4468,6420,-294,160,572,0
1763.9678580760956,8680,6420,11204,-452,254,715,7744,-9500,9620,-130,-542,-167,-13684,4944,5108,-1196,910,50,-13912,-4748,6884,-107,41,678,0
1764.0013160705569,8740,6324,11676,-679,57,706,8120,-9936,9564,-285,-477,-194,-14084,4580,5320,-898,870,78,-14048,-4868,6564,-252,13,519,0
1764.0347530841827,8664,6432,11480,-853,-192,592,8084,-9876,9704,-429,-296,-404,-14312,4392,5364,-838,749,-63,-13988,-4772,6336,-512,320,454,0
1764.0684280395508,8644,6432,11636,-941,-606,764,8280,-9872,9860,-336,-232,-534,-14108,4724,4872,-860,820,-324,-14052,-4368,6216,-304,774,465,0
1764.1020650863647,8952,6072,11464,-669,-874,688,7944,-9932,9676,-80,-488,-566,-13676,4676,5116,-1125,943,-446,-13948,-4136,6644,-390,889,563,0
1764.1355619430542,8812,6048,11432,-412,-786,855,8120,-9856,9516,96,-711,-489,-13820,4804,4892,-1214,1179,-427,-13912,-4488,6752,-388,687,624,0
1764.1692020893097,8660,6188,11280,-357,-603,849,7932,-9460,9508,21,-691,-482,-13832,4528,5108,-1044,1275,-354,-14112,-4712,6568,-172,654,727,0
1764.202616930008,8800,6356,11272,-625,-596,798,8120,-9500,9584,-245,-683,-257,-13912,4672,5088,-1280,1212,-201,-14276,-4596,6840,-132,497,740,0
1764.2361080646515,8988,6168,11404,-796,-477,717,8032,-9780,9632,-281,-545,-330,-14420,4796,5036,-967,903,-80,-14336,-4408,6592,-264,269,577,0
1764.2698140144348,9096,6056,11420,-590,-405,674,8316,-9952,9584,-221,-423,-236,-14312,4700,4880,-1051,519,-88,-14160,-4340,6452,-398,210,396,0
1764.30348610878,9148,6064,11216,-383,-342,564,8604,-9816,9492,-160,-306,-209,-14484,4696,4708,-1024,538,-92,-14496,-4212,6476,-405,243,503,0
1764.3372600078583,9448,6108,11312,-413,-300,448,8788,-9860,9296,-109,-121,-135,-14456,4588,4736,-920,278,-46,-14528,-4280,6420,-519,191,122,0
1764.3708460330963,9328,5772,11332,-285,-208,398,8608,-9820,9296,252,-53,-120,-14136,4656,4544,-1086,307,-81,-14268,-3868,6264,-575,202,21,0
1764.4041409492493,9200,5828,11500,-165,-294,347,8344,-9648,9216,134,-96,-271,-13980,4584,4400,-1117,327,-215,-14140,-4136,6148,-555,375,-255,0
1764.4374859333038,8992,5764,11264,-133,-365,276,8336,-9548,9384,56,-58,-351,-14060,4492,4504,-1110,321,-308,-14076,-4180,6276,-498,415,-32,0
1764.471123933792,9144,5772,11100,-96,-344,246,8664,-9588,9300,72,-45,-382,-14176,4552,4732,-1121,312,-277,-14176,-3944,6368,-500,317,-51,0
1764.5046820640564,9260,5868,11140,-73,-237,150,8664,-9764,9140,23,27,-297,-14448,4740,4612,-1082,140,-196,-14420,-4036,6624,-558,201,-138,0
1764.538183927536,9424,5880,11364,-60,-135,126,8732,-9672,9160,51,4,-92,-14388,4592,4672,-871,-104,-102,-14396,-4260,6276,-551,132,-242,0
1764.5717630386353,9392,5672,11160,41,60,29,8688,-9776,9348,254,439,-23,-14268,4552,4676,-850,-139,-4,-14412,-4172,6344,-538,51,-228,0
1764.6051981449127,9204,5712,11392,-25,83,44,8440,-9740,9236,-45,132,-146,-14100,4480,4672,-1090,74,-17,-14160,-4316,6240,-536,103,-151,0
1764.6384899616241,9104,6100,11028,16,22,139,8364,-9668,9308,-27,113,-134,-13972,4544,4772,-785,99,-82,-14164,-4236,6224,-520,108,-93,0
1764.672080039978,9144,5900,11288,20,12,126,8392,-9612,9448,-36,154,-89,-14164,4476,4768,-930,35,-48,-14236,-4308,6176,-569,105,-121,0
1764.70561003685,9164,6040,11364,21,18,123,8332,-9604,9400,-41,232,-83,-14100,4496,4932,-923,24,-35,-14216,-4352,6332,-553,102,-112,0
1764.739243030548,9108,6056,11240,-54,254,72,8392,-9620,9352,-81,207,-167,-14304,4568,4884,-1081,98,-62,-14200,-4292,6156,-493,124,-126,0
1764.772786140442,9188,5960,11300,-153,-250,106,8488,-9688,9420,-93,132,-173,-14108,4576,4840,-935,68,-37,-14264,-4336,6644,-510,48,-133,0
1764.8060851097107,9296,5916,11460,-107,-4,106,8520,-9676,9404,-79,117,-127,-14052,4616,4700,-981,69,38,-14224,-4196,6156,-502,-254,-123,0
1764.8428440093994,9144,5936,11232,-70,62,109,8520,-9644,9512,-100,117,-61,-14212,4700,4568,-960,80,67,-14208,-4316,6368,-499,19,-98,0
1764.8782410621643,9180,5952,11264,-62,70,140,8524,-9688,9288,-123,65,-102,-14212,4568,4660,-987,112,1,-14236,-4168,6220,-500,27,-126,0
1764.914057970047,9180,5924,11352,-71,49,105,8432,-9672,9312,-124,143,-139,-14108,4476,4460,-951,46,11,-14220,-4172,6416,-445,60,-175,0
1764.9500179290771,9128,5932,11364,-103,16,63,8212,-9780,9472,-113,153,-175,-14128,4648,4832,-962,90,-38,-14272,-4188,6404,-436,88,-135,0
1764.9849970340729,9112,5972,11416,-118,-8,74,8228,-9764,9300,-116,115,-181,-14156,4704,4588,-955,100,243,-14100,-4092,6240,-427,130,-135,0
1765.0208849906921,9224,5952,11252,-155,-2,62,8624,-9676,9304,-79,221,-159,-14100,4704,4508,-895,43,-69,-14084,-4200,6584,-465,116,-120,0
1765.0559930801392,9204,5916,11432,-77,-45,87,8280,-9976,9268,-37,183,-174,-14048,4728,4596,-973,68,-97,-14228,-4176,6352,-458,151,-151,0
1765.0917780399325,9088,6052,11280,-104,-40,44,8324,-9936,9372,-52,167,-194,-14060,4716,4640,-951,72,-124,-14316,-4144,6292,-440,135,-132,0
1765.1272270679474,9280,6052,11216,-116,-53,69,8320,-9756,9692,-74,170,-165,-14076,4640,4672,-985,57,-61,-14240,-4280,6396,-490,161,-120,0
1765.1623461246493,9172,6004,11400,-113,-46,102,8408,-9816,9380,-50,120,-159,-13836,4676,4720,-995,89,-66,-14100,-4164,6388,-502,118,-84,0
1765.1974289417267,9164,6008,11360,-92,-41,128,8628,-9480,9404,-81,84,-149,-14092,4636,4696,-952,141,-33,-14152,-4264,6264,-508,100,-85,0
1765.2330150604248,9112,5980,11340,-119,-28,137,8436,-9684,9444,-55,114,-149,-14096,4732,4700,-958,133,-70,-14196,-4188,6404,-489,123,-83,0
1765.2681159973145,9084,5976,11396,-136,-24,143,8464,-9724,9340,251,100,-146,-13992,4632,4736,-975,151,-56,-14160,-4116,6256,-484,132,-98,0
1765.3038721084595,9096,6008,11400,-148,-61,119,8416,-9800,9256,-59,143,-169,-14220,4640,4716,-949,135,-116,-14176,-4356,6356,-443,129,-74,0
1765.3392910957336,9324,5956,11424,-136,-60,85,8432,-9688,9344,-87,193,-207,-14268,4732,4476,-947,70,-62,-14332,-4076,6316,-451,170,-121,0
1765.3750629425049,9080,5984,11308,-313,-83,118,8440,-9848,9388,81,251,-184,-13992,4756,4520,-953,69,-105,-14160,-4208,6480,-440,234,-70,0
1765.4111521244047,9036,6020,11448,-202,-169,176,8308,-9784,9392,11,121,-217,-14028,4848,4848,-1278,167,-160,-14180,-4276,6488,-421,192,-64,0
1765.4461469650269,9028,5980,11400,-205,-208,152,8288,-9844,9396,13,169,-241,-13972,4684,4592,-974,135,-181,-14132,-4140,6256,-485,288,-74,0
1765.4839689731598,9120,5656,11112,-507,-231,148,8316,-9756,9352,31,172,-258,-14144,4692,4528,-1032,139,-170,-14224,-4080,6512,-482,283,-71,0
1765.5173699855804,9236,6100,11408,-294,-224,161,8424,-9580,9296,72,94,-251,-14008,4568,4968,-1042,179,-163,-14224,-4076,6476,-428,231,-50,0
1765.5508871078491,9104,6012,11324,-311,-231,169,8460,-9724,9432,48,174,-215,-14180,4664,4840,-1012,117,-189,-14296,-4264,6368,-436,219,-89,0
1765.5844309329989,9052,5992,11388,-371,-241,138,8476,-9788,9484,26,209,-245,-14164,4468,4820,-1040,102,-223,-14308,-4232,6216,-451,210,-133,0
1765.6180510520935,9100,5988,11316,-296,-267,124,8432,-9656,9512,25,119,-306,-14060,4628,4656,-1080,209,-162,-14144,-4160,6200,-482,272,-78,0
1765.6512560844421,9092,5924,11320,-310,-325,186,8348,-9696,9360,16,7,-332,-14016,4704,4508,-1132,251,-196,-14156,-4068,6332,-477,265,-60,0
1765.6848440170288,9424,5940,11176,-246,-317,212,8444,-9612,9424,-35,2,-273,-14112,4684,4600,-1113,232,-196,-14324,-4240,6264,-487,8,-55,0
1765.7182140350342,9260,5640,11472,-285,-307,200,8408,-9664,9376,9,51,-284,-14128,4560,4952,-1081,188,-206,-14320,-4112,6268,-434,216,-81,0
1765.7519381046295,9296,6004,11236,-307,-232,165,8552,-9712,9452,37,75,-504,-14336,4600,4644,-1093,179,-136,-14312,-4248,6364,-462,200,-98,0
1765.7855350971222,9264,5912,11236,-274,-251,181,8216,-9704,9268,14,23,-3,-14052,4452,4788,-1087,200,-109,-14268,-4132,6304,-463,220,-75,0
1765.819086074829,9100,5832,11332,-235,-240,182,8696,-9624,9540,-16,43,-270,-14132,4484,4860,-1076,205,-97,-14184,-4080,6492,-457,210,-66,0
1765.8524949550629,9260,5952,11272,-210,-187,176,8472,-9672,9456,-49,0,-282,-14148,4588,4564,-1032,201,-84,-14296,-4108,6308,-455,178,-104,0
1765.8860449790955,9416,5828,11220,-220,-122,134,8492,-9568,9260,-42,57,-238,-14128,4580,4612,-774,141,-81,-14312,-4108,6196,-469,129,-120,0
1765.9198620319369,9348,5804,11164,-169,-32,133,8488,-9604,9236,-53,136,-170,-14284,4444,4560,-1027,140,-11,-14240,-4120,6156,-477,121,-122,0
1765.9531559944153,9304,5812,11292,-205,2,94,8696,-9536,9348,-45,119,-201,-14160,4388,4636,-1041,179,16,-14188,-4224,6288,-432,106,-129,0
1765.9868681430817,9360,5888,11460,-195,6,92,8220,-9536,9180,-119,86,-166,-14084,4528,4848,-958,145,-246,-14588,-4200,6232,-402,76,-91,0
1766.0202000141144,9400,6128,11464,-182,6,109,8620,-9616,9336,-124,121,-128,-14056,4600,4388,-979,97,-256,-14332,-4328,6532,-464,57,-109,0
1766.0536720752716,9440,5840,11160,-170,60,112,8516,-9672,9304,-58,97,-110,-14184,4784,4724,-1002,101,248,-14256,-4336,6172,-479,115,-77,0
1766.0871059894562,9440,5968,11048,-130,31,148,8408,-9620,9364,-90,75,-135,-14184,4632,4664,-996,78,24,-14200,-4232,6236,-484,38,-116,0
1766.1206080913544,9020,5964,11464,-103,21,105,8448,-9724,9356,-128,141,-128,-14248,4400,4832,-926,255,-248,-14388,-4172,6276,-477,43,-153,0
1766.1539170742035,9336,5872,11124,-187,44,64,8480,-9664,9376,-84,203,-101,-14032,4728,4468,-967,12,60,-14168,-4324,6324,-469,20,-160,0
1766.1875071525574,9224,5632,11060,-113,112,59,8500,-9592,9220,-85,144,-109,-14132,4676,4620,-967,49,9,-14224,-4296,6144,-476,-1,-165,0
1766.2208659648895,9160,5808,11368,-149,106,96,8460,-9600,9452,-111,140,-91,-14332,4568,4640,-1269,87,36,-14192,-4136,6576,-453,18,-131,0
1766.2543649673462,9140,5800,11312,-185,54,70,8452,-9692,9348,-72,150,-137,-14312,4628,4680,-952,51,28,-14220,-4260,6392,-443,67,-126,0
1766.2879750728607,9140,5656,11392,-139,34,78,8324,-9768,9352,-81,117,-175,-14328,4528,4696,-963,146,-48,-14148,-4012,6504,-500,107,-108,0
1766.321429014206,9116,5784,11368,-159,-33,109,8468,-9664,9192,-26,119,-150,-14052,4640,4452,-1004,115,-64,-14052,-4168,6348,-525,166,-108,0
1766.3548550605774,9216,6044,11320,-65,-71,107,8572,-9732,9396,-43,102,-165,-14184,4568,4836,-1016,84,-81,-14248,-4128,6436,-534,183,-118,0
1766.3881590366364,9292,5812,11268,-101,-52,103,8608,-9744,9432,-33,177,-140,-14224,4376,4524,-946,76,-28,-14388,-4148,6240,-480,108,-145,0
1766.4217009544373,9204,5900,11276,-115,-24,100,8496,-9756,9408,-75,163,-149,-14184,4624,4632,-961,82,-48,-14160,-4164,6308,-266,124,-149,0
1766.4550371170044,9116,6116,11332,-108,-56,76,8680,-9604,9344,-28,174,-165,-14188,4588,4772,-1276,83,-98,-14140,-4188,6308,-502,131,-137,0
1766.4886260032654,9156,6040,11092,-140,-52,99,8200,-9876,9364,-21,172,-143,-14148,4640,4672,-994,71,-16,-14272,-4204,6352,-509,101,-144,0
1766.525444984436,9112,6040,11456,-147,-11,64,8544,-9676,9384,-98,138,-153,-14148,4596,4652,-968,76,-22,-14236,-4112,6424,-465,82,-161,0
1766.56081700325,9200,5852,11300,-183,-10,92,8528,-9720,9248,-42,127,-132,-14084,4656,4564,-977,85,-44,-14288,-4092,6580,-484,107,-147,0
1766.596142053604,9288,5744,11648,-147,-2,129,8476,-9708,9408,-34,118,-139,-14320,4728,4388,-1025,120,-54,-14148,-4136,6376,-485,132,-119,0
1766.6323189735413,9144,5832,11272,-201,-81,117,8328,-9772,9204,3,70,-220,-13876,4616,4640,-876,100,-112,-14228,-4140,6464,-448,187,-105,0
1766.672457933426,9072,5984,11460,-159,-121,155,8464,-9984,9388,-67,84,-242,-14168,4676,4932,-992,121,-107,-14176,-4132,6264,-515,181,-111,0
1766.7086989879608,9152,5868,11396,-172,-146,160,8456,-9836,9272,2,103,-210,-14308,4556,4672,-1051,84,-163,-14220,-4096,6512,-767,201,-120,0
1766.7437961101532,9092,5960,11416,-194,-155,139,8384,-9600,9376,36,139,-201,-14048,4692,4672,-1007,140,-156,-14228,-4232,6408,-481,156,-99,0
1766.77983212471,9052,5920,11448,-213,-216,131,8684,-9480,9676,14,134,-249,-14108,4568,4636,-998,134,-140,-14264,-4084,6348,-490,233,-107,0
1766.814947128296,9148,5684,11360,-242,-213,151,8200,-9756,9252,53,113,-257,-13988,4640,4712,-1011,126,-196,-14292,-4036,6368,-472,241,-83,0
1766.85076713562,9004,5656,11436,-251,-218,165,8508,-9664,9396,33,94,-219,-13848,4616,4704,-999,157,-138,-14316,-4328,6260,-478,212,-98,0
1766.8860199451449,9260,5848,11032,-245,-226,165,8468,-9724,9292,30,97,-246,-14168,4584,4740,-1005,137,-171,-14228,-3852,6352,-487,202,-104,0
1766.9225020408633,9448,5832,11096,-286,-269,151,8480,-9716,9312,11,113,-237,-14148,4624,4716,-1015,133,-138,-14288,-4132,6444,-495,226,-127,0
1766.958127975464,9028,5636,11276,-233,-510,159,8524,-9700,9380,36,121,-510,-14260,4532,4652,-1011,117,-155,-14276,-4192,6260,-496,248,-116,0
1766.9932100772858,9276,5660,11280,-245,-266,163,8464,-9688,9292,60,118,-242,-14320,4808,4816,-1030,132,-178,-14224,-4108,6176,-505,230,-85,0
1767.0286979675293,9268,5796,11164,-208,-250,149,8480,-9660,9500,41,103,-238,-14188,4596,4528,-772,126,-142,-14376,-4108,6644,-469,214,-107,0
1767.0641231536863,9236,5832,11224,-236,-218,163,8504,-9620,9372,66,74,-225,-14116,4520,4368,-774,132,-101,-14176,-4212,6296,-484,172,-69,0
1767.1001679897308,9332,5856,11316,-214,-175,163,8524,-9616,9316,12,87,-201,-14160,4520,4516,-1039,151,-61,-14304,-4088,6296,-517,206,-92,0
1767.1351161003113,9364,5856,11344,-188,-149,181,8560,-9624,9388,-10,92,-191,-14268,4536,4684,-1005,130,-52,-14276,-4144,6292,-487,140,-85,0
1767.1720759868622,9240,5844,11208,-157,-109,129,8564,-9616,9284,-38,134,-160,-14108,4528,4528,-1008,113,-253,-14236,-4340,6344,-764,112,-100,0
1767.205591917038,9240,5832,11192,-176,-31,110,8680,-9624,9140,-52,121,-182,-14156,4380,4776,-1018,94,-22,-14272,-4324,6300,-493,71,-151,0
1767.2390580177307,9276,5756,11276,-190,-252,107,8616,-9640,9244,1,141,-141,-14160,4492,4576,-1049,79,-52,-14316,-4148,6336,-498,125,-110,0
1767.2726020812988,9280,5852,11316,-167,-1,109,8548,-9632,9264,-24,135,-138,-14184,4480,4624,-1020,83,-86,-14220,-4208,6336,-484,145,-117,0
1767.306163072586,9264,5876,11152,-163,-12,96,8508,-9672,9512,-61,160,-180,-14132,4408,4448,-1003,107,6,-14328,-4132,6432,-471,65,-138,0
1767.3396360874176,9348,5912,11060,-120,16,116,8516,-9672,9416,-89,130,-139,-13880,4408,4672,-1007,71,-230,-14268,-4112,6468,-499,90,-108,0
1767.3731770515442,9312,5824,11128,-161,49,86,8448,-9736,9396,-40,121,-123,-14048,4632,4460,-1046,66,-37,-14132,-4092,6468,-510,104,-129,0
1767.4064910411835,9252,6100,11480,-164,49,128,8480,-9600,9352,-53,109,-82,-14176,4512,4740,-1033,98,240,-14328,-4196,6456,-485,55,-126,0
1767.4400639533997,9272,5828,11432,-90,64,115,8560,-9676,9256,-91,147,-107,-14168,4576,4552,-972,64,11,-14168,-4108,6372,-513,54,-138,0
1767.473477125168,9284,5852,11368,-169,27,75,8764,-9624,9460,-62,207,-122,-14052,4572,4388,-1032,65,12,-14260,-4204,6608,-480,82,-157,0
1767.5072059631348,9200,5648,11152,-100,104,55,8444,-9516,9400,-63,189,-114,-14132,4808,4700,-977,25,-12,-14252,-4128,6296,-480,61,-131,0
1767.5402219295502,9176,5840,11284,-82,55,54,8528,-9592,9344,-65,194,-82,-14220,4556,4612,-948,27,242,-14228,-4104,6360,-477,31,-161,0
1767.5736749172213,9136,5940,11396,-71,51,74,8432,-9752,9288,-114,151,-94,-14124,4712,4704,-978,40,18,-14168,-4016,6416,-510,45,-156,0
1767.6074290275574,9424,5820,11380,-49,52,89,8484,-9764,9508,-80,176,-123,-14152,4620,4616,-1011,88,29,-14176,-4216,6496,-756,99,-120,0
1767.6404371261597,9244,5900,11324,-35,11,78,8676,-9676,9368,-28,160,-136,-14168,4652,4708,-1270,107,-60,-14148,-4140,6448,-518,133,-115,0
1767.6739220619202,9188,5904,11388,-66,5,96,8520,-9848,9244,-37,136,-154,-14132,4788,4528,-1050,109,-81,-14208,-4140,6144,-533,135,-119,0
1767.707601070404,9204,5956,11416,-41,-48,100,8528,-9656,9356,-39,119,-145,-14160,4668,4580,-1052,85,-51,-14280,-4200,6396,-518,120,-129,0
1767.7410089969635,9288,5876,11488,-96,1,113,8560,-9684,9416,-47,143,-147,-14196,4848,4500,-1008,89,-23,-14232,-4240,6480,-261,93,-147,0
1767.774486064911,9164,5948,11468,-79,38,105,8408,-9744,9348,-18,117,-141,-14244,4700,4684,-1008,93,-54,-14196,-4264,6404,-522,148,-122,0
1767.8081390857697,9196,5828,11468,-97,-26,120,8408,-9492,9220,-45,113,-146,-14144,4716,4600,-1023,86,-57,-14324,-4212,6452,-490,153,-122,0
1767.8416659832,9092,6012,11136,-111,-62,121,8372,-9676,9176,-115,144,-173,-14088,4696,4656,-984,112,-70,-14268,-4132,6252,-262,105,-112,0
1767.875206947327,9168,5864,11024,-96,-57,84,8520,-9960,9364,-87,107,-169,-14124,4716,4724,-1013,47,-12,-14260,-3848,6500,-514,129,-149,0
1767.9085690975187,9200,5872,11508,-138,-31,107,8460,-9816,9224,28,155,-118,-14216,4580,4732,-1037,85,-24,-14324,-4208,6420,-494,109,-113,0
1767.942023038864,9132,5940,11012,-103,21,108,8452,-9744,9260,-9,109,-175,-14116,4588,4816,-1055,100,-76,-14232,-4224,6400,-767,160,-121,0
1767.9752941131592,9120,5696,11432,-82,-88,102,8548,-9680,9364,-50,126,-197,-14136,4640,4712,-992,85,-109,-14092,-4264,6620,-505,143,-152,0
1768.0088329315186,9164,5924,11300,-149,-59,90,8476,-9692,9344,-40,145,-152,-14076,4596,4668,-984,80,-63,-14168,-4144,6360,-541,91,-136,0
1768.0424330234528,9240,6088,11028,-88,242,100,8504,-9552,9284,0,165,-134,-14108,4632,4636,-1049,75,-54,-14320,-4172,6444,-506,181,-96,0
1768.0760281085968,9108,5948,11300,-267,-67,141,8436,-9788,9412,40,161,-171,-14004,4600,4824,-773,131,-87,-14136,-4348,6152,-435,203,-77,0
1768.1097009181976,9032,5992,11364,-234,-210,134,8332,-9832,9356,-247,107,-252,-14156,4712,4868,-977,174,-196,-14168,-4224,6500,-485,204,-102,0
1768.142827987671,9104,5980,11388,-188,-234,143,8336,-9776,9448,-36,74,-278,-14080,4728,4692,-954,123,-163,-14144,-3984,6540,-561,231,-115,0
1768.1761651039124,9108,5924,11284,-134,-294,145,8288,-9508,9256,-6,109,-511,-13976,4688,4520,-999,134,-200,-14260,-4236,6348,-510,509,-75,0
1768.2131431102753,9212,5900,11212,-234,-275,166,8696,-9544,9404,49,136,-265,-14080,4372,4420,-1003,189,-225,-14168,-4056,6288,-453,271,-54,0
1768.2481870651243,9184,5952,11432,-315,-267,168,8544,-9672,9316,51,125,-512,-14208,4576,4704,-1023,130,-203,-14244,-4340,6332,-488,278,-59,0
1768.283854007721,9240,5840,11312,-295,-272,174,8552,-9704,9384,67,114,-247,-14156,4352,4856,-1024,161,-219,-14296,-4104,6372,-490,240,-68,0
1768.319356918335,9196,5944,11168,-276,-302,165,8700,-9728,9704,42,126,-263,-14096,4432,4668,-1046,179,-204,-14192,-4116,6264,-473,260,-88,0
1768.354572057724,9300,5968,11220,-251,-321,192,8432,-9744,9496,49,95,-265,-14184,4560,4512,-993,174,-182,-14296,-4144,6352,-467,237,-63,0
1768.3897280693054,9312,5840,11080,-242,-304,182,8468,-9632,9312,27,75,-266,-14156,4624,4860,-1016,164,-100,-14152,-4212,6364,-487,195,-91,0
1768.4249711036682,9424,5816,11308,-274,-213,160,8608,-9676,9672,47,118,-225,-14092,4536,4408,-997,111,-138,-14180,-4172,6328,-457,177,-135,0
1768.4610240459442,9284,5900,11256,-280,-192,131,8544,-9704,9416,24,131,-214,-14032,4492,4588,-1021,103,-98,-14280,-4172,6268,-460,154,-117,0
1768.4959819316864,9352,6120,11016,-237,-155,102,8444,-9632,9452,10,147,-219,-14136,4504,4592,-995,107,-109,-14316,-4052,6436,-472,208,-126,0
1768.5319530963898,9344,5832,11272,-221,-157,122,8672,-9572,9376,-26,146,-201,-14184,4544,4528,-1014,111,-105,-14308,-4140,6360,-497,147,-99,0
1768.5680191516876,9304,5760,11420,-168,-64,123,8560,-9640,9464,-47,85,-173,-14092,4356,4492,-1034,154,-42,-14284,-4092,6308,-483,125,-84,0
1768.603616952896,9312,5804,11404,-158,12,133,8508,-9668,9692,-56,104,-141,-14160,4844,4488,-1053,127,-6,-14260,-4120,6384,-470,114,-80,0
1768.6387751102448,9336,5796,11508,-133,15,110,8576,-9616,9232,-41,113,-114,-14244,4548,4680,-1038,102,-10,-14252,-4084,6532,-474,109,-93,0
1768.674222946167,9336,5756,11380,-108,30,110,8608,-9732,9412,-59,107,-123,-14216,4484,4628,-1004,129,-8,-14248,-4208,6456,-481,107,-62,0
1768.7101399898527,9240,5844,11272,-105,-8,108,8492,-9576,9380,-68,137,-159,-14196,4452,4636,-782,138,-43,-14240,-4192,6356,-474,113,-93,0
1768.7452840805054,9316,5856,11356,-108,-43,114,8576,-9612,9272,-113,133,-130,-14212,4592,4652,-962,89,-12,-14268,-3872,6588,-482,87,-144,0
1768.780215024948,9316,5776,11288,-116,51,69,8492,-9476,9324,-78,160,-121,-14104,4600,4576,-1001,58,246,-14176,-4124,6384,-507,86,-148,0
1768.8160560131073,8964,5832,11184,-118,50,103,8544,-9684,9508,-11,153,-146,-14048,4480,4564,-1043,62,-54,-14204,-4248,6148,-449,60,-131,0
1768.8530189990995,8968,5788,11504,-76,49,49,8492,-9616,9260,-74,181,-122,-14104,4520,4680,-973,35,246,-14188,-4204,6280,-270,82,-181,0
1768.8864150047302,9276,5808,11420,-155,16,55,8468,-9724,9316,-44,191,-193,-14052,4524,4656,-1003,82,-44,-14220,-3992,6404,-460,151,-135,0
1768.9202330112455,9224,5792,11288,-93,-1,86,8532,-9696,9376,-44,135,-146,-14148,4684,4688,-1280,102,-3,-14220,-4180,6368,-503,136,-117,0
1768.9538440704346,9468,5880,11364,-135,-15,119,8460,-9652,9296,-35,157,-152,-14020,4560,4648,-1006,74,-3,-14172,-4192,6508,-485,116,-119,0
1768.9875750541687,9080,5868,11272,-149,-66,130,8476,-9696,9308,-75,146,-147,-14144,4680,4764,-951,133,-50,-14272,-4200,6408,-482,104,-100,0
1769.0208349227903,9340,5880,11308,-140,-71,106,8512,-9480,9340,-57,137,-179,-14220,4624,4732,-989,99,-94,-14220,-4084,6376,-259,134,-130,0
1769.0543699264526,9260,5844,11300,-160,-53,110,8700,-9700,9280,-26,134,-183,-13988,4560,4536,-1011,117,-96,-14112,-4312,6184,-536,161,-102,0
1769.0881011486053,9276,5848,11332,-76,-77,118,8468,-9696,9384,-30,107,-194,-14048,4568,4728,-1280,136,-84,-14272,-4216,6440,-768,182,-115,0
1769.1217250823975,9016,5872,11480,-138,-84,124,8488,-9764,9340,-27,137,-203,-14196,4604,4692,-997,144,-94,-14252,-4168,6452,-462,140,-122,0
1769.1550569534302,9008,5636,11452,-128,-88,129,8556,-9836,9372,-38,131,-198,-14172,4816,4708,-1022,78,-100,-14172,-4208,6460,-486,175,-123,0
1769.188588142395,9408,6124,11428,-157,-113,87,8556,-9624,9324,-17,112,-189,-14168,4564,4528,-1003,91,-119,-14148,-4116,6464,-483,145,-100,0
1769.2219009399414,9360,5832,11356,-132,-139,103,8524,-9712,9412,-34,141,-183,-14240,4376,4592,-998,77,-75,-14228,-4092,6316,-496,121,-133,0
1769.2556390762327,9432,5640,11372,-138,-100,89,8532,-9684,9196,-61,154,-199,-14132,4680,4504,-990,93,-52,-14236,-3872,6296,-488,161,-123,0
1769.2891809940338,9244,6100,11232,-193,-60,108,8576,-9716,9264,-70,147,-183,-14220,4856,4656,-988,100,-60,-14304,-4120,6652,-440,149,-148,0
1769.3227710723877,9304,6136,11412,-168,-89,60,8528,-9704,9332,-52,163,-187,-14124,4684,4644,-1004,74,-103,-14256,-4324,6600,-506,163,-137,0
1769.3564310073853,9264,5976,11268,-149,-88,111,8488,-9636,9292,-23,151,-196,-14136,4460,4524,-1024,147,-106,-14504,-4188,6232,-482,167,-121,0
1769.3896970748901,9220,5860,11288,-191,-91,121,8480,-9656,9268,-33,122,-232,-14124,4528,4740,-974,117,-90,-14264,-4072,6440,-467,172,-83,0
1769.423218011856,9308,5956,11368,-163,-97,111,8524,-9676,9468,-82,108,-214,-14164,4556,4844,-967,122,-40,-14256,-4072,6344,-485,126,-103,0
1769.4568400382996,9260,5752,11324,-136,-130,101,8608,-9728,9284,-59,117,-197,-14160,4620,4696,-1010,87,-85,-14192,-4124,6384,-499,139,-126,0
1769.4905400276184,9340,5896,11048,-205,-88,113,8520,-9632,9416,21,133,-197,-14004,4632,4648,-1277,57,-123,-14244,-4180,6328,-479,125,-126,0
1769.5237579345703,9268,5944,11248,-138,-37,94,8496,-9580,9284,-93,183,-150,-14168,4508,4692,-984,67,-50,-14252,-4036,6336,-466,101,-155,0
1769.5573589801788,9364,5800,11324,-191,-52,53,8460,-9740,9544,-63,194,-156,-14124,4596,4596,-990,54,-50,-14184,-4028,6268,-476,165,-170,0
1769.5910739898682,9008,5824,11228,-175,-48,67,8332,-9728,9280,-34,180,-192,-14016,4552,4368,-1029,103,-47,-14192,-4064,6236,-460,188,-120,0
1769.624423980713,9188,5880,11212,-107,-65,125,8368,-9660,9280,-57,130,-191,-14100,4760,4480,-1019,80,-73,-14356,-4116,6444,-480,143,-126,0
1769.6577029228213,9260,5984,11492,-162,-94,123,8532,-9764,9376,-69,152,-188,-14136,4528,4748,-983,97,-53,-14300,-4352,6504,-463,101,-141,0
1769.6912701129913,9192,5860,11312,-181,-37,105,8560,-9952,9460,-72,161,-160,-14104,4708,4436,-965,96,-37,-14204,-4120,6320,-470,110,-117,0
1769.7245891094208,9176,5820,11036,-122,-45,93,8504,-9700,9380,-33,139,-164,-14240,4416,4380,-1007,83,-88,-14188,-3908,6216,-493,134,-121,0
1769.7582330703735,9432,6136,11464,-140,-55,97,8416,-9716,9404,-19,137,-195,-14032,4780,4760,-1038,105,-81,-14196,-4224,6356,-503,182,-123,0
1769.7919480800629,9436,5744,11032,-84,-40,106,8336,-9672,9384,-81,136,-187,-14332,4520,4752,-1003,83,-68,-14264,-4128,6432,-498,131,-134,0
1769.8255820274353,9276,5920,11088,-133,9,57,8416,-9636,9432,-68,205,-154,-14176,4540,4652,-969,41,231,-14284,-4096,6380,-475,75,-162,0
1769.8589661121368,9420,5668,11252,-112,10,47,8548,-9676,9256,-66,164,-159,-14064,4532,4628,-1011,97,-36,-14204,-4156,6232,-460,143,-119,0
1769.8960571289065,9268,5904,11284,-92,-54,101,8192,-9612,9312,-20,177,-153,-14104,4632,4712,-1035,104,-45,-14276,-4144,6356,-485,153,-123,0
1769.9319379329681,9264,5968,11400,-85,-56,102,8588,-9704,9348,-60,147,-150,-14200,4652,4728,-984,92,-50,-14188,-4076,6420,-480,95,-147,0
1769.9680259227753,8964,5860,11392,-83,-54,68,8512,-9792,9284,-117,144,-158,-14092,4732,4372,-964,82,5,-14240,-4220,6416,-506,101,-147,0
1770.0031769275663,9128,5820,11428,-84,-6,88,8556,-9668,9284,-61,183,-136,-14224,4640,4528,-977,65,-16,-14232,-4080,6152,-487,91,-170,0
1770.039083957672,9440,5652,11236,-94,29,78,8532,-9632,9336,-40,162,-129,-14332,4368,4472,-1005,53,-10,-14200,-4108,6428,-508,90,-137,0
1770.0736529827118,9204,5836,11472,-100,71,67,8548,-9704,9408,-9,163,-125,-13836,4364,4588,-1039,51,-60,-14092,-4200,6340,-488,110,-163,0
1770.109622001648,9088,5644,11356,-160,14,58,8376,-9752,9448,-12,162,-165,-14328,4600,4668,-1036,81,-58,-14356,-4060,6160,-441,193,-97,0
1770.144434928894,9044,6024,11304,-245,-129,139,8504,-9760,9368,13,97,-3,-14068,4636,4532,-974,157,-165,-14244,-4092,6560,-434,2,-11,0
1770.1801331043243,9132,5892,11384,-151,-214,162,8416,-9760,9428,-253,85,-267,-14148,4880,5100,-990,111,-165,-14196,-4164,6576,-519,273,-94,0
1770.215443134308,9180,5908,11340,-201,-264,176,8400,-9676,9320,-3,94,-1,-13856,4664,4772,-1000,139,-190,-14240,-4168,6468,-260,189,-88,0
1770.250834941864,9224,5844,11312,-157,-195,131,8480,-9612,9268,242,168,-4,-14108,4496,4688,-982,130,-140,-14208,-4104,6352,-478,245,-108,0
1770.28617811203,9084,5928,11400,-310,-231,125,8420,-9728,9272,18,159,-274,-14104,4824,4504,-969,155,-203,-14252,-3996,6192,-455,325,-66,0
1770.321949005127,9104,5892,11096,-314,-240,138,8468,-9584,9284,64,142,-276,-14152,4632,4720,-1010,106,-189,-14164,-4188,6476,-434,291,-70,0
1770.3578059673307,9304,5976,11284,-304,-246,178,8432,-9660,9468,58,141,-255,-14076,4552,4764,-978,175,-182,-14256,-4172,6336,-480,228,-97,0
1770.3924260139463,9316,5852,11236,-324,-230,188,8432,-9664,9312,46,111,-252,-14084,4568,4680,-993,143,-195,-14256,-4300,6176,-476,215,-81,0
1770.4285941123965,9336,5844,11492,-268,-316,199,8592,-9696,9316,45,65,-294,-14068,4512,4816,-986,191,-165,-14200,-4232,6344,-487,258,-54,0
1770.4643931388855,9316,5812,11472,-271,-313,190,8512,-9616,9392,44,88,-273,-14164,4496,4504,-1027,153,-226,-14148,-4172,6292,-497,257,-81,0
1770.4995260238647,9404,5704,11512,-278,-259,184,8532,-9600,9220,21,113,-238,-14236,4492,4616,-1015,106,-185,-14212,-4160,6224,-474,209,-133,0
1770.535362958908,9388,5952,11272,-253,-236,139,8480,-9572,9264,34,136,-230,-14096,4596,4468,-770,119,-142,-14172,-4124,6336,-467,189,-104,0
1770.5688650608063,9276,5804,11232,-171,-154,121,8512,-9612,9460,-15,98,-209,-14168,4464,4768,-770,144,-81,-14276,-4148,6168,-499,184,-128,0
1770.6023740768433,9228,5884,11124,-110,-126,98,8516,-9508,9252,-24,87,-220,-14180,4520,4608,-1018,114,-108,-14340,-4072,6328,-500,168,-114,0
1770.6354911327362,9420,5796,11220,-133,-39,108,8588,-9544,9288,-46,136,-176,-14196,4496,4724,-1266,130,-56,-14236,-4120,6176,-467,80,-119,0
1770.6692900657654,9368,5880,11172,-211,15,98,8476,-9616,9320,-17,156,-144,-13864,4396,4716,-997,115,-24,-14292,-4076,6224,-453,131,-81,0
1770.7026460170746,9264,5792,11360,-199,-14,110,8492,-9736,9324,-33,144,-171,-14100,4628,4664,-995,116,-17,-14264,-4108,6644,-438,195,-89,0
1770.736109972,9240,5812,11464,-173,-78,164,8496,-9692,9236,-37,84,-203,-14168,4576,4708,-1015,175,-77,-14324,-4172,6492,-489,131,-101,0
1770.769649028778,9340,5940,11296,-77,-90,141,8540,-9560,9496,-54,96,-212,-14168,4568,4720,-986,99,-95,-14252,-3876,6320,-551,134,-140,0
1770.8031380176544,9424,5760,11224,-93,-61,81,8556,-9568,9356,-50,157,-175,-14096,4560,4552,-977,62,-52,-14256,-4036,6336,-482,112,-104,0
1770.836774110794,9268,5812,11208,-125,-4,124,8480,-9628,9448,-32,127,-157,-14316,4560,4648,-967,70,-23,-14104,-4140,6368,-481,69,-99,0
1770.8702459335327,9356,5828,11392,-135,-3,129,8596,-9968,9680,-50,117,-131,-14324,4624,4668,-1003,73,-32,-14180,-3880,6260,-481,110,-113,0
1770.9037220478058,9276,5852,11480,-201,-73,121,8564,-9336,9352,-40,129,-167,-14080,4476,4688,-963,112,-71,-14156,-4208,6388,-484,118,-109,0
1770.9372699260712,9268,5632,11440,-100,-55,134,8472,-9644,9436,-86,86,-192,-14116,4568,4712,-1274,141,-82,-14196,-4148,6172,-520,172,-115,0
1770.9707760810852,9324,5824,11044,-145,-117,133,8704,-9688,9316,-45,130,-199,-14184,4600,4512,-1029,137,-119,-14232,-4112,6328,-494,190,-112,0
1771.004292011261,9268,5812,11248,-161,-36,111,8624,-9600,9348,-9,97,-173,-14224,4588,4548,-1277,89,-71,-14332,-4136,6448,-468,121,-122,0
1771.0375170707705,9284,5732,11492,-123,-55,109,8656,-9708,9440,-15,132,-170,-14204,4564,4748,-1276,84,-53,-14284,-4048,6260,-478,101,-137,0
1771.0711200237274,9372,5856,11308,-160,-15,93,8512,-9684,9392,-47,146,-145,-14164,4400,4412,-1004,8,-50,-14200,-4236,6376,-768,60,-161,0
1771.1045279502869,9256,5852,11396,-140,-54,90,8452,-9604,9236,-41,188,-140,-14112,4556,4548,-997,59,-72,-14132,-4192,6248,-502,93,-138,0
1771.1380200386047,9216,6096,11336,-141,-52,114,8488,-9620,9248,-36,164,-146,-14052,4584,4524,-1009,96,-53,-14224,-4084,6364,-505,197,-131,0
1771.1716430187223,9292,6132,11168,-173,-124,151,8496,-9664,9336,-33,121,-206,-14052,4372,4608,-1003,160,-87,-14160,-4112,6612,-500,186,-82,0
1771.2052681446075,9296,5868,11124,-95,-72,131,8504,-9620,9288,-74,84,-216,-14144,4536,4680,-1011,118,-96,-14304,-4144,6264,-497,172,-113,0
1771.2388451099396,9288,5892,11388,-151,-95,128,8484,-9728,9468,-24,96,-196,-14176,4508,4708,-995,154,-123,-14228,-4152,6468,-491,172,-121,0
1771.2723150253296,9340,5812,11284,-118,-73,100,8640,-9664,9348,-14,135,-166,-14124,4488,4828,-1026,118,-125,-14248,-4352,6148,-481,172,-102,0
1771.3058400154114,9384,5776,11296,-144,-97,126,8588,-9608,9328,5,145,-193,-14128,4484,4748,-1005,99,-63,-14280,-4216,6376,-520,156,-146,0
1771.3390009403229,9208,5856,11296,-113,-65,122,8588,-9576,9400,-47,126,-186,-14096,4544,4584,-1019,97,-74,-14136,-4120,6288,-491,160,-131,0
1771.3724751472473,9320,5896,11216,-98,-28,118,8520,-9784,9176,-59,141,-209,-14128,4568,4592,-1003,109,-101,-14348,-4144,6208,-259,132,-133,0
1771.4056870937347,9416,5796,11428,-112,-16,73,8608,-9612,9420,18,158,-160,-14236,4536,4492,-1013,60,-136,-14232,-4128,6396,-469,133,-149,0
1771.4555139541626,9276,5936,11032,-89,12,79,8556,-9644,9348,-50,183,-206,-14148,4568,4460,-1012,77,-76,-14500,-4236,6328,-491,150,-136,0
1771.5009350776672,9240,5884,11476,-180,-88,107,8536,-9624,9380,-13,165,-183,-14116,4796,4592,-995,75,-107,-14264,-4168,6296,-469,146,-136,0
1771.5358860492706,9288,5920,11116,-152,-60,112,8496,-9556,9416,-26,120,-178,-14056,4656,4692,-1018,133,-26,-14252,-4344,6452,-505,184,-85,0
1771.5726699829102,9268,5812,11020,-130,-51,117,8300,-9620,9436,-21,60,-177,-14228,4836,4752,-1059,145,-88,-14292,-4060,6368,-525,124,-51,0
1771.608766078949,9348,5992,11344,-155,-22,143,8508,-9532,9464,-82,122,-126,-14176,4576,4840,-998,88,32,-14296,-4080,6384,-496,39,-86,0
1771.643466949463,9284,5764,11308,-221,-45,131,8516,-9624,9600,-48,191,-120,-14168,4632,4500,-1005,102,-39,-14156,-4172,6376,-488,87,-99,0
1771.6818280220032,9240,5660,11012,-137,-64,142,8656,-9652,9340,-48,136,-170,-14300,4576,4548,-981,142,-82,-14144,-4100,6388,-506,175,-88,0
1771.7178699970243,9236,5712,11308,-155,-95,133,8528,-9696,9692,-44,78,-233,-14068,4452,4668,-967,160,-107,-14216,-4156,6292,-506,201,-71,0
1771.75337100029,9240,5840,11020,-143,-133,114,8412,-9552,9244,-33,97,-233,-14100,4472,4588,-1029,165,-147,-14240,-4128,6388,-469,216,-81,0
1771.7894270420074,9288,5684,11196,-152,-97,150,8580,-9616,9412,-23,74,-232,-14212,4616,4568,-1037,136,-58,-14308,-4152,6380,-501,168,-99,0
1771.8247780799866,9392,5860,11316,-147,-76,123,8600,-9584,9220,-51,105,-168,-14304,4624,4600,-1013,83,-63,-14248,-4100,6360,-482,82,-127,0
1771.8602530956268,9388,5720,11768,-154,-23,140,8524,-9732,9384,-79,149,-152,-14184,4568,4624,-1018,95,-21,-14092,-4068,6264,-767,78,-126,0
1771.895003080368,9336,5776,11240,-171,-29,104,8696,-9836,9332,-47,144,-151,-14128,4536,4500,-1003,90,-77,-14260,-4144,6284,-501,79,-124,0
1771.9309720993042,9036,5840,11412,-164,-59,91,8512,-9632,9340,-47,166,-174,-14112,4616,4556,-1002,53,-56,-14116,-4128,6196,-469,129,-145,0
1771.9661920070648,9336,5868,11204,-173,-76,82,8508,-9664,9536,-20,135,-187,-14020,4580,4404,-1022,103,-101,-14284,-4340,6336,-491,184,-124,0
1772.0018680095673,9008,5832,11320,-124,-106,111,8508,-9664,9420,254,125,-211,-13848,4536,4824,-1015,125,-97,-14196,-4128,6376,-483,207,-92,0
1772.0376510620115,9020,6068,11292,-117,-111,138,8468,-9688,9364,-23,85,-206,-14092,4624,4792,-1014,137,-153,-14180,-4076,6152,-496,182,-119,0
1772.0728199481964,9244,5820,11440,-110,-66,92,8524,-9648,9388,9,98,-190,-14180,4640,4676,-982,106,-71,-14516,-4060,6276,-524,152,-142,0
1772.1079609394073,9276,5660,11240,-146,-79,94,8628,-9624,9336,-17,116,-171,-14168,4640,4608,-1038,65,-72,-14216,-4040,6388,-496,106,-122,0
1772.1434860229492,9360,5648,11204,-191,-46,94,8588,-9576,9436,-28,159,-170,-14308,4352,4612,-999,86,-58,-14140,-4112,6160,-477,83,-130,0
1772.1792650222778,9264,5836,11064,-169,-34,95,8648,-9636,9308,-31,113,-154,-14040,4596,4624,-1270,115,-69,-14176,-4220,6268,-493,153,-134,0
1772.2158081531525,9008,5968,11228,-153,-72,103,8480,-9692,9224,18,102,-217,-14076,4536,4664,-1073,136,-160,-14104,-4348,6564,-503,192,-175,0
1772.249212026596,9304,5812,11460,-101,-99,113,8580,-9628,9420,43,125,-245,-14096,4472,4720,-1060,90,-169,-14248,-4188,6456,-266,245,-175,0
1772.2828469276428,9232,5868,11324,-129,-149,77,8516,-9620,9340,69,113,-277,-14088,4520,4600,-989,115,-143,-14316,-3892,6444,-475,238,-135,0
1772.3165760040283,9300,5816,11252,-77,-107,77,8648,-9704,9204,-27,124,-512,-14160,4648,4860,-980,70,-120,-14384,-4064,6336,-476,132,-182,0
1772.3501169681547,9312,5716,11272,-177,-77,50,8612,-9696,9284,20,224,-180,-14160,4556,4548,-1029,2,-69,-14308,-4140,6296,-489,86,-199,0
1772.3836419582367,9184,5948,11016,-158,20,72,8560,-9536,9324,-253,173,-112,-14136,4508,4708,-1034,39,-51,-14308,-4184,6244,-501,41,-173,0
1772.4171631336212,9308,5976,11308,-132,10,76,8500,-9704,9380,-32,181,-133,-14332,4544,4960,-1028,59,-52,-14268,-4156,6356,-257,143,-110,0
1772.4507369995115,9228,5780,11340,-193,-34,97,8508,-9664,9312,-13,116,-187,-14096,4612,4772,-1001,72,-91,-14216,-4180,6164,-486,165,-122,0
1772.4841840267181,9240,5940,11260,-107,-77,125,8544,-9540,9280,-33,132,-155,-14288,4544,4564,-1043,69,-74,-14304,-4184,6312,-542,144,-155,0
1772.5177021026611,9004,5944,11240,-120,-94,128,8644,-9504,9372,-44,143,-142,-14236,4612,4680,-999,22,-51,-14276,-4204,6288,-525,91,-134,0
1772.5513679981232,9392,6004,11296,-139,-31,105,8280,-9616,9240,-48,147,-104,-14060,4508,4572,-1006,98,241,-14296,-4192,6452,-482,97,-117,0
1772.5845510959623,9420,5948,11504,-147,11,139,8588,-9676,9312,-61,134,-136,-14152,4520,4860,-1016,132,-16,-14332,-4256,6216,-492,134,-92,0
1772.6181180477142,9156,5916,11388,-151,-72,174,8648,-9684,9384,-43,63,-152,-14036,4600,4612,-988,132,-29,-14260,-4120,6316,-519,150,-43,0
1772.6514580249789,9288,5888,11516,-112,-71,168,8452,-9664,9388,-76,82,-128,-14248,4480,4756,-1046,160,-59,-14216,-4120,6352,-504,94,-80,0
1772.6849789619446,9216,5976,11360,-181,-67,168,8572,-9724,9476,-26,64,-127,-14144,4640,4580,-999,79,241,-14188,-4248,6476,-497,108,-76,0
1772.7186269760132,9224,5936,11236,-128,-59,168,8480,-9672,9368,-61,94,-155,-14336,4616,4552,-1008,165,-41,-14140,-4132,6372,-523,175,-81,0
1772.751974105835,9212,5892,11448,-128,-95,174,8608,-9736,9436,-12,81,-167,-14176,4392,4600,-994,129,-70,-14112,-4028,6384,-525,191,-76,0
1772.7853679656985,9224,6136,11204,-135,-101,172,8488,-9616,9292,-27,95,-156,-14100,4520,4568,-995,120,-67,-14264,-4296,6432,-763,143,-88,0
1772.818953037262,9468,6136,11184,-148,-58,139,8408,-9696,9184,-33,103,-177,-14144,4564,4464,-1002,149,-63,-14132,-4096,6388,-462,111,-93,0
1772.8523790836334,9380,6076,11396,-166,-83,130,8512,-9680,9408,-33,91,-183,-14284,4676,4484,-1007,137,-65,-14232,-4228,6392,-479,141,-102,0
1772.8858151435852,9300,5816,11156,-161,-99,150,8588,-9660,9396,-53,149,-180,-14176,4816,4588,-997,92,-16,-14192,-4160,6236,-504,109,-138,0
1772.919604063034,9296,5840,11268,-151,-68,142,8572,-9676,9224,-10,93,-173,-14144,4468,4704,-1047,115,-74,-14256,-4112,6376,-517,124,-138,0
1772.9529941082,9180,5916,11264,-146,-60,114,8452,-9640,9280,29,106,-171,-14240,4492,4424,-1053,119,-99,-14260,-4120,6248,-499,136,-162,0
1772.9866409301758,9272,5872,11220,-190,-46,111,8652,-9672,9268,40,148,-164,-14132,4556,4528,-1017,67,-84,-14288,-4172,6352,-521,129,-162,0
1773.0201089382172,9224,5932,11384,-133,-103,93,8568,-9700,9348,-10,159,-156,-14164,4608,4424,-996,36,-65,-14300,-4160,6288,-520,110,-118,0
1773.0537769794464,9416,5640,11388,-167,-122,118,8536,-9568,9416,-6,162,-167,-14072,4556,4432,-1099,101,-51,-14228,-4156,6420,-500,130,-150,0
1773.087408065796,9320,5648,11208,-160,-63,139,8520,-9544,9184,254,102,-145,-13996,4560,4628,-1037,105,-1,-14232,-4232,6360,-486,70,-82,0
1773.1210050582886,9236,5692,11192,-145,-45,134,8476,-9660,9364,-74,119,-163,-14332,4404,4784,-1034,79,-54,-14212,-4128,6388,-481,97,-161,0
1773.154258966446,9240,5836,11468,-207,-12,100,8500,-9576,9052,-15,141,-182,-13828,4384,4620,-1050,99,-65,-14144,-4164,6244,-460,177,-105,0
1773.1877851486206,9272,5644,11096,-216,-67,96,8376,-9716,9472,-250,165,-189,-13984,4516,4644,-1038,67,-66,-14224,-4212,6184,-478,177,-105,0
1773.2210280895233,9276,5652,11276,-171,-57,109,8552,-9656,9444,-69,155,-174,-14036,4496,4484,-1013,67,-78,-14308,-4200,6344,-481,114,-127,0
1773.2586629390717,9208,5980,11256,-148,-94,94,8460,-9616,9452,-77,177,-188,-14100,4396,4548,-971,90,-106,-14288,-4076,6360,-444,144,-164,0
1773.2936749458313,9288,5944,11388,-123,-98,67,8548,-9656,9384,-71,174,-197,-14156,4656,4684,-979,36,-50,-14308,-4176,6260,-483,162,-164,0
1773.3292450904846,9232,5844,11228,-96,-14,46,8588,-9580,9396,-55,159,-177,-13852,4352,4692,-1047,36,-42,-14320,-4028,6428,-536,104,-191,0
1773.3649649620056,9380,6096,11108,-37,69,49,8644,-9596,9104,-58,216,-100,-14112,4856,4372,-1280,38,230,-14316,-4068,6368,-503,96,-173,0
1773.4009160995483,9240,5884,11288,-106,254,73,8516,-9936,9296,-8,167,-123,-14036,4544,4844,-1008,59,-33,-14244,-4292,6276,-492,129,-147,0
1773.436252117157,9148,5944,11356,-124,-28,92,8648,-9540,9248,-32,154,-151,-13868,4408,4720,-1013,85,-77,-14144,-4208,6436,-495,156,-120,0
1773.4723100662231,9184,5928,11468,-136,-85,114,8368,-9672,9476,-27,140,-167,-14088,4624,4684,-1015,119,-79,-14280,-4268,6380,-471,169,-130,0
1773.5084400177002,8968,5932,11272,-155,-128,128,8564,-9932,9716,-22,128,-180,-14128,4576,4700,-1012,120,-83,-14192,-4128,6392,-496,143,-117,0
1773.5439059734344,9156,5896,11160,-151,-160,110,8444,-9640,9400,-60,128,-196,-14080,4380,4648,-952,85,-114,-14288,-4188,6412,-486,135,-90,0
1773.5794479846954,9012,5912,11116,-125,-119,126,8564,-9580,9520,-53,100,-203,-14200,4640,4628,-953,98,-57,-14244,-4192,6456,-501,99,-145,0
1773.615035057068,9232,5900,11124,-115,-61,77,8420,-9748,9324,-28,159,-163,-14108,4548,4440,-954,19,-71,-14228,-4216,6476,-515,91,-170,0
1773.6503970623016,9460,5640,11192,-162,-36,77,8236,-9584,9448,-19,177,-167,-14036,4640,4720,-999,80,-84,-14252,-3948,6288,-455,123,-146,0
1773.6874790191653,9212,6004,11192,-240,-68,120,8420,-9684,9408,-45,175,-171,-14108,4492,4652,-1000,119,-95,-14220,-4148,6264,-427,183,-79,0
1773.7228710651398,9208,5944,11292,-243,-94,168,8448,-9572,9720,-77,90,-181,-14052,4496,4708,-989,203,-109,-14168,-4216,6376,-472,180,-45,0
1773.7577271461487,9328,6140,11276,-184,-146,212,8448,-9656,9388,-85,9,-177,-14116,4360,4528,-781,222,-41,-14276,-4344,6440,-527,160,-5,0
1773.7936360836027,9244,5900,11492,-183,-110,230,8468,-9576,9432,-40,15,-139,-14140,4416,4720,-1023,185,-13,-14280,-4152,6344,-542,110,-53,0
1773.8292279243467,9388,5992,11240,-100,-21,182,8620,-9600,9312,-76,69,-108,-14196,4556,4656,-1011,132,229,-14380,-4188,6404,-490,17,-98,0
1773.8642699718475,9500,5636,11200,-166,26,97,8640,-9632,9368,-9,198,-117,-14492,4828,4812,-939,-253,-25,-14256,-4212,6316,-470,66,-178,0
1773.900573015213,9208,5800,11180,-169,19,23,8616,-9740,9416,-39,191,-145,-14136,4860,4508,-1028,14,-29,-14272,-4020,6312,-465,146,-173,0
1773.9342489242554,9092,5880,11252,-142,-37,76,8316,-9716,9500,-11,158,-174,-14136,4636,4508,-1021,72,-70,-14140,-4152,6604,-462,171,-144,0
1773.9679839611053,9040,5868,11424,-84,-101,99,8436,-9856,9308,-90,67,-220,-14136,4640,4796,-1001,134,-124,-14144,-4044,6468,-498,216,-94,0
1774.0016040802002,9216,5796,11388,-69,-124,152,8680,-9716,9296,-81,76,-211,-14108,4824,4712,-1003,166,-129,-14204,-4084,6368,-259,186,-89,0
1774.0352771282196,9396,5788,11280,-60,-88,158,8592,-9620,9320,-59,104,-180,-14116,4688,4484,-998,104,-86,-14360,-4116,6348,-760,115,-118,0
1774.0686349868774,9396,5880,11212,-120,-12,104,8700,-9740,9296,-40,184,-98,-14316,4608,4660,-1012,25,-2,-14236,-4088,6472,-493,48,-168,0
1774.102194070816,9268,5908,11496,-141,17,98,8520,-9632,9356,-253,212,-113,-14128,4560,4628,-1030,25,-46,-14128,-4144,6428,-499,83,-168,0
1774.135579109192,9180,5952,11284,-176,43,78,8412,-9712,9444,-23,127,-169,-13844,4492,4604,-1005,129,-84,-13840,-4128,6164,-479,154,-118,0
1774.169232130051,9196,5996,11364,-92,-84,67,8224,-9600,9252,-6,141,-221,-14012,4460,4700,-960,104,-159,-13888,-4192,6320,-527,245,-124,0
1774.202891111374,9120,6000,11184,-93,-172,86,8516,-9516,9436,-27,140,-247,-14064,4800,4624,-1016,95,-141,-14236,-4256,6424,-476,251,-128,0
1774.2364399433136,9104,6000,11040,-53,-157,70,8408,-9608,9400,-53,110,-231,-14156,4536,4652,-991,94,-117,-14204,-4248,6396,-460,150,-160,0
1774.2699649333954,8968,5924,11468,-120,-103,33,8532,-9552,9436,-63,161,-204,-14100,4352,4636,-1005,74,-30,-14344,-4212,6412,-490,94,-164,0
1774.3037910461426,9288,6140,11180,-176,-77,82,8448,-9756,9436,-66,145,-171,-13872,4608,4960,-995,67,-40,-14228,-4100,6300,-492,117,-143,0
1774.3372910022736,9244,5948,11116,-142,-63,105,8392,-9780,9344,-19,141,-154,-14068,4584,4556,-1008,61,-41,-14224,-4152,6548,-493,123,-127,0
1774.371052980423,9096,5860,11380,-95,-64,107,8452,-9532,9320,-6,99,-162,-14076,4676,4700,-1097,134,-79,-14104,-4136,6416,-521,169,-101,0
1774.4042420387268,9156,5892,11292,-106,-118,151,8296,-9700,9404,2,74,-201,-14116,4612,4652,-1051,168,-91,-14136,-4140,6372,-504,198,-80,0
1774.4377450942993,9012,5924,11280,-125,-170,155,8420,-9712,9324,-39,82,-241,-13852,4512,4736,-989,163,-102,-14196,-4212,6348,-497,178,-96,0
1774.4713561534882,9364,6044,11220,-124,-132,116,8604,-9636,9396,-56,135,-211,-14108,4352,4532,-965,111,-86,-14372,-4232,6368,-502,145,-115,0
1774.5048730373385,9312,5848,11332,-154,-75,94,8672,-9660,9416,-38,174,-192,-14208,4848,4768,-1024,64,-102,-14272,-4120,6392,-481,112,-171,0
1774.5384299755096,9252,5892,11268,-188,8,39,8240,-9552,9428,-254,218,-155,-14176,4392,4792,-781,59,-73,-14244,-4224,6260,-475,80,-170,0
1774.571988105774,9248,5976,11288,-147,247,-1,8612,-9632,9288,-37,196,-214,-14188,4500,4688,-955,27,-60,-14252,-4148,6316,-485,168,-193,0
1774.605369091034,9320,5908,11284,-217,-23,-4,8548,-9632,9292,6,235,-232,-14044,4636,4564,-978,78,-74,-14192,-4092,6368,-466,232,-152,0
1774.6385951042175,9188,6016,11188,-160,-102,59,8436,-9532,9232,-20,168,-203,-13856,4824,4692,-1005,76,-107,-14368,-4128,6400,-472,198,-112,0
1774.6721510887146,9236,5996,11196,-130,-35,101,8536,-9696,9168,-35,177,-159,-14120,4608,4620,-980,77,-64,-14256,-4184,6508,-455,99,-123,0
1774.705721139908,9276,5900,11204,-189,2,111,8524,-9504,9352,-58,170,-113,-13996,4680,4840,-983,68,-53,-14220,-4208,6356,-454,88,-103,0
1774.7392649650574,9160,5996,11332,-190,2,144,8396,-9660,9376,-38,156,-106,-14096,4608,4604,-980,131,-29,-14216,-4168,6288,-496,109,-96,0
1774.7728760242462,9184,5944,11300,-141,-26,174,8472,-9680,9432,-13,113,-127,-13984,4596,4576,-1013,147,-24,-14200,-4208,6336,-500,130,-96,0
1774.8066351413727,9136,5900,11056,-85,-25,113,8684,-9624,9172,-81,104,-140,-14084,4560,4712,-1003,98,-56,-14232,-4212,6336,-496,106,-140,0
1774.8400590419767,9432,5984,11508,-146,253,79,8472,-9660,9272,-30,154,-131,-13860,4604,4652,-971,65,-50,-14204,-4172,6312,-487,135,-138,0
1774.8736739158633,9168,5964,11044,-165,46,58,8496,-9600,9440,-17,171,-145,-14016,4616,4784,-994,58,-60,-14252,-4276,6396,-443,143,-107,0
1774.90953707695,9200,5972,11344,-163,-24,77,8424,-9736,9500,-25,175,-169,-14228,4596,4720,-960,81,-125,-14240,-4184,6384,-471,182,-116,0
1774.9447691440582,9252,6064,11512,-177,-21,106,8532,-9736,9236,-70,190,-149,-14184,4652,4660,-958,86,-22,-14224,-4176,6336,-485,127,-134,0
1774.9806480407715,8968,5876,11184,-175,-46,124,8432,-9720,9304,-54,191,-149,-14040,4648,4748,-950,62,-67,-14216,-4144,6452,-472,119,-154,0
1775.0161380767822,9164,5644,11300,-212,-4,82,8692,-9692,9288,-30,167,-176,-13888,4640,4828,-1008,98,-76,-14212,-4148,6336,-471,103,-131,0
1775.0524771213531,9104,5952,11460,-194,-16,114,8380,-9972,9292,-25,167,-176,-14128,4712,4620,-1094,118,-85,-14304,-4292,6640,-486,120,-124,0
1775.0881700515747,9176,5980,11372,-205,-27,90,8688,-9636,9364,-256,154,-182,-14140,4612,4856,-1039,83,-112,-14156,-4216,6440,-467,137,-125,0
1775.1234259605408,9148,5980,11360,-1,-82,119,8408,-9704,9420,9,172,-206,-14320,4360,4632,-994,144,-151,-14124,-4176,6508,-485,214,-82,0
1775.15931391716,9080,5964,11396,-244,-169,160,8488,-9752,9304,-50,173,-231,-14060,4372,5040,-974,150,-191,-14176,-4252,6364,-465,2,-62,0
1775.1944501399994,9124,5900,11352,-317,-182,145,8696,-9928,9404,-28,116,-252,-14048,4608,4808,-926,136,-161,-14156,-4168,6308,-448,202,-56,0
1775.2302479743958,9212,5968,11268,-343,-166,175,8464,-9652,9412,-6,141,-226,-14312,4676,4516,-961,120,-128,-14124,-4164,6552,-437,219,-84,0
1775.2655930519104,9168,5972,11320,-408,-203,185,8496,-9516,9236,58,132,-227,-14072,4636,4784,-1015,136,-206,-14172,-4264,6168,-433,210,-68,0
1775.3011150360107,9204,5888,11492,-349,-168,148,8484,-9760,9420,-249,156,-194,-14156,4548,4668,-998,113,-145,-14316,-4144,6352,-463,224,-82,0
1775.3371589183807,9344,5980,11332,-372,-247,178,8572,-9656,9356,40,150,-253,-14064,4548,4680,-1006,177,-191,-14232,-4104,6312,-423,276,-52,0
1775.372267961502,9252,6140,11360,-339,-236,176,8540,-9716,9424,37,101,-222,-14128,4500,4592,-1005,131,-164,-14296,-4084,6272,-444,206,-84,0
1775.4081609249115,9348,5844,11228,-280,-509,189,8544,-9716,9388,34,114,-238,-14120,4560,4420,-1053,111,-143,-14200,-4304,6376,-449,164,-106,0
1775.443843126297,9284,5820,11384,-275,-229,156,8688,-9604,9340,248,114,-230,-14140,4548,4724,-1037,111,-146,-14108,-4240,6376,-481,186,-107,0
1775.4792900085447,9240,5776,11272,-279,-237,149,8364,-9600,9416,12,117,-244,-14176,4628,4644,-1277,143,-126,-14144,-3884,6424,-469,207,-68,0
1775.5144281387327,8964,5804,11296,-512,-253,153,8192,-9604,9376,30,106,-267,-13980,4400,4552,-1049,168,-213,-14224,-4080,6244,-459,229,-50,0
1775.5506041049955,9108,5800,11460,-221,-253,172,8492,-9532,9320,13,81,-270,-14048,4576,4872,-1008,161,-147,-14276,-4200,6288,-466,245,-89,0
1775.5862500667572,9224,5820,11248,-231,-511,167,8528,-9612,9372,36,91,-508,-14084,4592,4660,-1012,172,-143,-14308,-4112,6468,-456,200,-72,0
1775.6198930740356,9276,5804,11256,-241,-230,150,8452,-9624,9440,-10,78,-227,-14140,4476,4828,-987,141,-93,-14192,-4040,6448,-478,172,-69,0
1775.6533229351044,9328,5704,11220,-247,-205,185,8528,-9604,9396,25,76,-212,-14236,4584,4452,-998,151,-141,-14272,-4316,6344,-470,182,-72,0
1775.687058925629,9312,5772,11444,-224,-191,155,8484,-9448,9444,18,114,-224,-14056,4388,4644,-995,163,-158,-14192,-3864,6288,-481,149,-97,0
1775.7204859256744,9336,5796,11188,-204,-179,154,8520,-9556,9464,-7,106,-230,-14052,4480,4596,-1278,135,-132,-14188,-4204,6304,-476,183,-73,0
1775.75417304039,9432,5716,11484,-180,-142,141,8644,-9544,9300,-32,122,-219,-14236,4500,4636,-1008,130,-131,-14192,-3868,6288,-463,155,-137,0
1775.787806034088,9712,5756,11024,-184,-117,122,8524,-9552,9236,-21,149,-194,-14076,4500,4640,-1017,111,-82,-14300,-4284,6320,-488,158,-111,0
1775.8212900161743,9220,5668,11104,-135,-50,106,8536,-9528,9372,-41,120,-192,-14180,4496,4400,-1008,88,-58,-14284,-4124,6152,-475,140,-113,0
1775.8545520305634,9320,5824,11112,-183,-254,91,8520,-9528,9304,-3,190,-169,-13880,4536,4644,-978,111,-67,-14256,-4084,6384,-446,173,-110,0
1775.8880231380465,9348,5928,11260,-171,-15,126,8508,-9528,9452,-49,113,-155,-14164,4480,4680,-1013,129,-47,-14220,-3936,6348,-470,116,-106,0
1775.9217071533203,9216,5880,11236,-97,-20,96,8616,-9592,9408,-58,106,-159,-14116,4548,4660,-1044,79,-6,-14100,-4148,6244,-540,87,-162,0
1775.955029964447,9328,5800,11132,-88,253,82,8568,-9572,9424,-47,139,-150,-14032,4452,4564,-1040,80,-250,-14200,-4168,6436,-542,48,-161,0
1775.9886100292206,8964,5844,11164,-66,74,83,8580,-9528,9260,-96,134,-104,-14100,4484,4696,-772,74,-57,-14204,-4080,6544,-485,105,-137,0
1776.0221121311188,9336,5852,11196,-144,-255,96,8540,-9692,9444,-5,171,-174,-14176,4448,4620,-996,59,-104,-14236,-4128,6384,-461,158,-157,0
1776.0555260181427,9364,5836,11276,-150,-7,72,8592,-9604,9356,-12,121,-179,-14168,4608,4636,-1004,92,-32,-14292,-4048,6200,-478,132,-151,0
1776.0892310142515,9248,5828,11368,-111,-75,119,8468,-9604,9568,-18,143,-174,-14056,4796,4352,-958,57,-41,-14176,-3984,6592,-496,113,-156,0
1776.1228461265564,9260,5904,11340,-179,-82,108,8516,-9656,9440,-43,127,-155,-14116,4592,4816,-972,125,-75,-13916,-3868,6492,-462,121,-95,0
1776.1561920642853,9164,5856,11372,-166,-96,129,8480,-9628,9316,-21,139,-181,-14116,4556,4604,-957,104,-107,-14136,-4176,6360,-456,165,-67,0
1776.18985414505,9300,5776,11020,-184,-135,155,8480,-9700,9448,4,91,-193,-14136,4556,4548,-984,130,-148,-14236,-4084,6384,-491,184,-88,0
1776.2235269546509,9436,5808,11272,-145,-143,115,8472,-9688,9404,255,100,-204,-14100,4664,4388,-1018,93,-98,-14136,-3856,6396,-517,148,-128,0
1776.2570090293884,9348,5796,11168,-67,-94,94,8556,-9716,9268,-87,106,-175,-14204,4412,4604,-779,89,-44,-14368,-4180,6488,-763,100,-180,0
1776.2905750274658,9428,5708,11116,-175,49,31,8584,-9320,9424,-60,4,-102,-14432,4604,4844,-889,33,-1,-14272,-4164,6304,-461,47,-128,0
1776.3241090774536,9396,5784,11380,-205,104,44,8512,-9520,9484,16,195,-135,-14024,4476,4680,-1012,133,-115,-14216,-4064,6356,-446,198,-66,0
1776.3573789596558,8980,5852,11496,-159,-117,155,8524,-9620,9556,-14,61,-233,-14284,4592,4724,-1088,140,-131,-14372,-4216,6388,-489,213,-77,0
1776.3908450603483,9368,6140,11068,-94,-155,139,8636,-9636,9404,-110,75,-216,-14268,4516,4732,-1004,136,-55,-14184,-4220,6376,-543,99,-139,0
1776.4241590499878,9248,5756,11180,-76,-83,95,8460,-9500,9304,-110,154,-223,-13984,4580,4692,-946,104,-56,-14080,-4128,6288,-469,138,-149,0
1776.4574699401855,9252,5676,11260,-208,-69,108,8232,-9560,9268,24,145,-179,-13988,4636,4604,-1040,110,-123,-14240,-4092,6420,-442,175,-93,0
1776.491035938263,9268,5636,11324,-177,-21,129,8556,-9624,9440,38,148,-140,-14212,4540,4816,-1040,94,-78,-14276,-4264,6516,-463,105,-109,0
1776.5245110988617,9260,5864,11440,-154,-68,99,8464,-9744,9488,-43,148,-153,-14100,4536,4804,-974,63,-43,-14104,-4220,6460,-493,93,-123,0
1776.557914018631,9252,5860,11332,-110,-43,106,8416,-9564,9220,-98,124,-183,-14056,4560,4840,-935,101,-40,-14180,-4092,6328,-508,123,-104,0
1776.593894958496,9340,5772,11040,-85,-68,100,8592,-9628,9356,-121,142,-186,-14204,4616,4560,-984,83,-40,-14312,-4076,6640,-501,109,-117,0
1776.6294960975647,9332,5716,11040,-143,13,61,8588,-9604,9276,-6,179,-109,-14196,4608,4608,-1033,39,-9,-14156,-4148,6292,-434,63,-164,0
1776.6671290397644,9528,6076,11292,-159,93,77,8916,-9592,9660,-33,240,-74,-14208,4500,4752,-1001,47,-8,-14192,-3928,6384,-427,134,-105,0
1776.7075660228727,9260,5824,11376,-193,-94,98,8604,-9940,9512,4,161,-177,-14192,4720,4640,-1000,83,-134,-14272,-4164,6536,-448,226,-126,0
1776.743490934372,9288,5776,11204,-114,-122,88,8540,-9576,9372,-41,162,-208,-14124,4660,4620,-942,51,-71,-14184,-4132,6388,-488,170,-148,0
1776.7787981033323,9180,5752,11204,-95,-58,104,8320,-9476,9292,-16,170,-165,-14008,4368,4680,-1009,80,-95,-14164,-4200,6388,-492,112,-131,0
1776.8138580322266,9404,5800,11252,-123,-4,80,8448,-9632,9376,-83,153,-145,-14336,4600,4840,-1004,71,-29,-14184,-4236,6420,-472,76,-146,0
1776.8491840362549,9212,5684,11420,-158,12,90,8380,-9632,9248,-76,202,-148,-14136,4588,4660,-993,66,-42,-14260,-4148,6336,-474,53,-150,0
1776.8844120502472,9272,5836,11324,-109,14,96,8340,-9596,9432,-26,157,-135,-13992,4356,4424,-978,60,-17,-14208,-4088,6392,-765,130,-125,0
1776.920338153839,9236,5876,11280,-133,-42,128,8480,-9708,9388,-46,136,-178,-14040,4788,4844,-1034,142,-123,-14072,-4160,6620,-501,212,-67,0
1776.9557359218597,9172,5648,11308,-103,-133,176,8688,-9696,9368,-44,91,-224,-14048,4584,4356,-776,189,-121,-14228,-4140,6364,-479,220,-55,0
1776.9914469718933,9228,5796,11124,-114,-139,151,8448,-9672,9304,-53,106,-198,-14228,4500,4480,-975,188,-122,-14248,-4144,6452,-492,158,-109,0
1777.0272791385653,9208,5932,11316,-100,-89,111,8524,-9632,9360,-42,112,-187,-14188,4840,4592,-987,111,-90,-14276,-4348,6648,-493,153,-152,0
1777.0624740123749,9228,5876,11280,-84,-83,95,8556,-9660,9336,-25,162,-152,-14076,4588,4720,-1036,55,-24,-14364,-4188,6412,-490,120,-161,0
1777.0981299877167,9184,5908,11516,-68,-251,41,8496,-9612,9292,-110,170,-177,-14216,4532,4748,-1021,26,-53,-14360,-3908,6624,-505,59,-188,0
1777.1330411434174,9224,5776,11440,-155,0,57,8576,-9560,9384,-11,183,-188,-14072,4656,4676,-1006,81,-31,-14088,-4012,6448,-461,147,-145,0
1777.1691489219666,9168,5764,11160,-143,-78,92,8280,-9564,9500,-14,146,-198,-13844,4632,5056,-1053,105,-129,-14156,-4348,6428,-477,225,-82,0
1777.2040569782255,9236,5956,11376,-139,-106,144,8384,-9700,9548,-21,60,-218,-14172,4844,4840,-1008,143,-102,-14252,-4304,6344,-535,180,-84,0
1777.2403280735016,9408,6100,11256,-115,-125,138,8428,-9680,9452,-42,92,-187,-14036,4504,4788,-769,114,-101,-14172,-4152,6496,-529,155,-118,0
1777.2738950252533,9276,5812,11296,-110,-108,136,8468,-9624,9356,12,79,-187,-14136,4636,4820,-960,103,-33,-14348,-4256,6200,-519,136,-112,0
1777.307438135147,9212,5928,11200,-117,-93,140,8456,-9520,9248,-19,128,-192,-14164,4504,4640,-1032,116,-70,-14272,-4204,6488,-483,124,-95,0
1777.3407349586487,9260,5656,11308,-142,-59,135,8552,-9548,9456,-51,148,-155,-14188,4540,4636,-993,115,-83,-14292,-4152,6460,-477,84,-112,0
1777.3742461204529,9308,5868,11328,-181,-46,89,8548,-9896,9428,-57,162,-154,-14276,4608,4888,-994,61,-41,-14164,-4076,6400,-490,130,-126,0
1777.4075260162354,8968,5656,11044,-211,-60,68,8496,-9476,9416,33,157,-159,-14068,4664,4608,-1037,20,-46,-14196,-4192,6456,-500,99,-162,0
1777.4408371448517,9256,5688,11252,-135,-19,72,8568,-9588,9348,-11,131,-158,-13864,4528,4632,-1059,63,-30,-14224,-4168,6440,-470,100,-164,0
1777.474291086197,9228,5788,11456,-141,-83,86,8492,-9664,9384,-18,133,-175,-14012,4496,4836,-993,89,-93,-14236,-4044,6396,-481,169,-83,0
1777.5079140663147,9208,5768,11492,-199,-59,85,8676,-9740,9384,6,98,-222,-13896,4624,4788,-1006,133,-90,-14156,-3972,6488,-483,235,-107,0
1777.541258096695,9208,5868,11196,-144,-160,158,8692,-9740,9384,-6,117,-200,-14212,4660,4712,-1008,112,-77,-14128,-4180,6480,-481,177,-115,0
1777.5748820304873,9444,5684,11448,-123,-116,123,8488,-9564,9400,-41,133,-186,-14112,4564,4784,-992,68,-85,-14168,-4296,6476,-482,124,-168,0
1777.6083221435547,9144,6128,11380,-147,-93,75,8240,-9636,9356,-43,154,-178,-13844,4552,4744,-978,66,-92,-14204,-4192,6340,-767,140,-136,0
1777.6417469978333,9236,5928,11272,-149,-97,101,8528,-9516,9216,-42,185,-172,-14172,4836,4472,-1014,89,-121,-14504,-4184,6436,-495,136,-123,0
1777.6752660274506,9228,5828,11008,-130,-104,125,8476,-9492,9440,-28,162,-165,-14148,4516,4396,-1029,92,-97,-14244,-4132,6208,-504,144,-150,0
1777.7088251113892,9464,5836,11244,-106,-108,109,8456,-9564,9644,-3,129,-190,-14164,4552,4936,-1026,104,-102,-14208,-4256,6552,-503,152,-129,0
1777.742192029953,9304,6136,11128,-147,-108,97,8508,-9524,9356,-31,117,-180,-14108,4384,4740,-1273,96,-73,-14536,-4212,6328,-478,169,-127,0
1777.7758660316467,9240,5848,11364,-176,-84,133,8536,-9516,9332,-30,136,-186,-14048,4852,4928,-1010,103,-84,-14268,-4280,6384,-490,173,-100,0
1777.8093359470367,9180,5916,11388,-149,-85,133,8408,-9980,9464,-15,108,-206,-14044,4860,4620,-1030,154,-114,-14176,-4136,6188,-528,180,-85,0
1777.8425171375275,9348,5864,11352,-85,-105,149,8488,-9616,9444,-45,73,-214,-14072,4592,4632,-1054,163,-67,-14280,-4208,6460,-523,161,-78,0
1777.8760969638824,9336,5864,11148,-94,-91,116,8564,-9756,9512,-87,61,-192,-14104,4640,4732,-1007,137,-25,-14296,-3900,6528,-479,122,-81,0
1777.9094369411469,8960,5812,11248,-117,-41,122,8560,-9688,9316,-49,122,-153,-14160,4636,4848,-969,98,-85,-14304,-4176,6380,-477,126,-132,0
1777.9428560733795,9240,5680,11456,-120,-61,99,8604,-9668,9388,-27,140,-159,-14204,4664,4676,-992,108,-86,-14312,-4172,6176,-467,162,-121,0
1777.9764559268951,9284,5912,11224,-121,-39,114,8396,-9728,9244,-32,121,-168,-14148,4624,4540,-1008,122,-64,-14288,-4312,6420,-516,131,-142,0
1778.0099730491638,9256,5860,11472,-112,-52,109,8556,-9624,9260,-27,97,-163,-14084,4632,4760,-1009,131,-50,-14204,-4140,6440,-258,157,-126,0
1778.0433099269867,8976,5952,11048,-129,-91,127,8504,-9640,9272,-13,98,-200,-13900,4552,4752,-1049,158,-88,-14200,-4188,6424,-483,193,-103,0
1778.076945066452,9168,5888,11340,-131,-139,132,8488,-9676,9248,-32,97,-220,-14232,4600,4716,-1277,156,-149,-14264,-4144,6424,-490,190,-137,0
1778.1104891300201,9208,5912,11300,-125,-95,103,8520,-9572,9496,-30,145,-222,-14224,4548,4620,-950,70,-85,-14340,-4204,6452,-499,135,-155,0
1778.1439740657809,9408,5940,11312,-113,-59,111,8620,-9592,9380,-67,182,-147,-14268,4584,4528,-982,19,-18,-14332,-4096,6376,-535,66,-185,0
1778.1774129867554,9300,5848,11268,-189,-51,78,8560,-9692,9220,23,183,-135,-14096,4576,4616,-1053,44,-43,-14068,-4112,6652,-490,86,-167,0
1778.211040019989,9096,5884,11264,-151,-5,71,8360,-9704,9312,13,155,-192,-13992,4496,4900,-1050,85,-92,-14188,-4188,6360,-497,166,-145,0
1778.2441430091858,9228,6124,11428,-106,-100,91,8700,-9636,9516,-12,126,-199,-14060,4584,4744,-1022,121,-82,-14224,-4124,6420,-768,199,-118,0
1778.2806911468506,9176,5912,11200,-150,-90,123,8504,-9592,9280,-1,80,-208,-14104,4544,4832,-1001,140,-106,-14136,-4096,6616,-466,199,-60,0
1778.3161709308624,9312,5852,11184,-135,-70,167,8584,-9624,9308,-31,106,-198,-14000,4596,4824,-1018,118,-71,-14272,-4164,6396,-489,108,-120,0
1778.3518631458285,9348,5912,11376,-165,-84,121,8592,-9588,9420,-75,131,-128,-14196,4568,4680,-1016,76,-19,-14292,-4236,6444,-488,36,-142,0
1778.3879251480105,9224,5956,11268,-154,255,110,8464,-9652,9384,-63,160,-122,-14088,4532,4904,-982,67,-64,-14172,-4104,6268,-531,53,-139,0
1778.423614025116,9212,5896,11248,-113,-2,101,8196,-9632,9456,-44,154,-142,-14140,4548,4844,-1043,57,-39,-14172,-4120,6320,-500,152,-129,0
1778.4588179588318,9228,5832,11140,-103,-57,132,8456,-9492,9416,-255,95,-170,-14308,4592,4648,-1074,127,-103,-13832,-4224,6344,-506,174,-93,0
1778.4938731193545,9212,5928,11396,-82,-117,144,8192,-9604,9372,-14,86,-241,-14104,4592,4636,-1046,151,-67,-14240,-3848,6480,-519,215,-99,0
1778.5292410850525,8968,5908,11176,-122,-81,115,8484,-9536,9496,-32,115,-210,-14104,4616,4628,-973,144,-121,-14244,-4264,6628,-502,160,-102,0
1778.564234972,9220,5964,11244,-161,-65,117,8484,-9564,9356,9,153,-152,-14092,4740,4752,-1019,90,-114,-14084,-4100,6624,-495,155,-144,0
1778.599545955658,9348,5856,11300,-123,-50,104,8468,-9668,9360,-9,155,-147,-14164,4552,4736,-770,71,-23,-14264,-4288,6480,-501,122,-120,0
1778.6348700523376,9156,5916,11376,-156,-12,86,8520,-9624,9388,-60,112,-159,-14048,4820,4612,-991,94,-40,-14136,-4256,6480,-528,127,-90,0
1778.670418024063,9236,5980,11184,-114,-82,109,8480,-9596,9360,-50,135,-187,-13868,4848,4812,-943,130,-80,-14096,-4140,6552,-489,165,-89,0
1778.7055809497833,9216,5632,11248,-151,-108,108,8516,-9676,9364,-24,125,-207,-14336,4860,4568,-976,131,-88,-14184,-4148,6324,-500,185,-101,0
1778.7412481307983,9324,5900,11248,-131,-101,132,8604,-9608,9248,-17,124,-199,-14136,4580,4652,-990,91,-95,-14240,-4124,6376,-501,180,-101,0
1778.7762010097504,9312,5928,11056,-143,-125,142,8504,-9636,9380,-22,150,-154,-14092,4520,4828,-998,101,-87,-14232,-4172,6380,-494,140,-102,0
1778.8117780685425,9448,5984,11200,-152,-58,129,8536,-9572,9348,-26,151,-150,-14204,4860,4692,-1038,67,-60,-14228,-4144,6352,-510,115,-153,0
1778.847659111023,9412,5900,11260,-126,-31,132,8204,-9612,9448,10,173,-129,-14188,4580,4364,-771,69,-34,-14312,-4184,6488,-259,101,-138,0
1778.8829290866852,9340,5900,11312,-143,-46,120,8504,-9672,9528,253,118,-145,-13992,4516,4724,-1008,111,-51,-14148,-4116,6524,-483,116,-101,0
1778.9177191257477,9292,5992,11268,-165,-65,145,8296,-9608,9532,-58,98,-170,-14024,4468,4812,-979,133,-7,-14140,-4232,6444,-481,125,-81,0
1778.9535889625547,9184,5940,11344,-157,-81,160,8508,-9696,9332,-46,85,-155,-14196,4644,4728,-1015,158,-58,-14252,-4264,6308,-488,139,-94,0
1778.9873170852659,9188,5904,11284,-160,-65,129,8468,-9716,9500,-5,99,-147,-14316,4564,4680,-1039,113,-87,-14124,-4288,6308,-511,120,-121,0
1779.0207760334015,9228,5924,11228,-133,-43,125,8564,-9480,9284,-23,117,-186,-14164,4848,4744,-1038,79,-105,-14268,-4188,6472,-488,141,-132,0
1779.054211139679,9320,5972,11380,-130,-74,84,8612,-9676,9504,-24,160,-190,-14228,4576,4784,-996,93,-53,-14156,-4124,6352,-505,165,-132,0
1779.0876779556274,9156,5884,11228,-140,-44,97,8420,-9640,9332,-4,116,-211,-14124,4648,4660,-1033,104,-92,-14148,-4208,6380,-488,190,-118,0
1779.1211850643158,9228,5940,11264,-147,-85,148,8512,-9632,9376,7,112,-137,-14300,4376,4712,-1062,129,-39,-14316,-4184,6464,-501,140,-115,0
1779.1544709205627,9248,6028,11188,-102,-66,109,8468,-9696,9416,-64,149,-151,-14072,4584,4596,-1280,120,-46,-14224,-4276,6348,-261,61,-92,0
1779.188017129898,9152,5996,11300,-124,-49,167,8412,-9672,9524,-106,136,-143,-14200,4540,4628,-1027,120,-72,-14192,-4208,6344,-499,137,-112,0
1779.22154712677,9352,5920,11240,-97,-125,139,8568,-9824,9292,-178,125,-167,-14224,4504,4716,-1032,59,-77,-14344,-4116,6316,-555,158,-154,0
1779.2549240589142,9240,5964,11236,82,-194,130,8560,-9624,9368,-161,14,-198,-14008,4836,4560,-775,71,-90,-14200,-4172,6268,-572,167,-182,0
1779.2884550094604,9280,5904,11064,52,-127,34,8372,-9568,9540,-120,159,-218,-14028,4444,4736,-1278,-27,-111,-14188,-4332,6220,-537,150,-208,0
1779.3219220638275,9144,5984,11184,-105,-68,25,8444,-9524,9304,15,246,-148,-14088,4452,4776,-1066,48,-66,-14204,-4156,6376,-441,150,-210,0
1779.3553409576416,9132,5956,11260,-175,-16,16,8612,-9680,9668,-9,223,-159,-14084,4532,4680,-1006,19,-44,-14140,-4188,6456,-461,162,-189,0
1779.3886251449585,9452,5940,11128,-216,25,35,8436,-9652,9368,-6,230,-151,-14120,4544,4728,-1008,55,-41,-14232,-4216,6176,-458,153,-157,0
1779.4220719337463,9232,5980,11352,-205,32,69,8456,-9644,9364,-14,194,-160,-14112,4400,4652,-944,71,-79,-14184,-4192,6312,-460,128,-93,0
1779.455596923828,9200,6052,11280,-185,27,114,8664,-9608,9400,-72,130,-129,-14076,4504,4676,-989,131,-37,-14340,-4268,6492,-479,59,-116,0
1779.4891641139984,9192,5968,11252,-178,39,110,8492,-9656,9312,-69,153,-140,-14120,4668,4556,-894,84,34,-14180,-4052,6568,-531,70,-98,0
1779.5224490165713,9444,6092,11132,-219,53,146,8260,-9912,9468,-40,153,-119,-13972,4576,4688,-982,88,-245,-14128,-4272,6392,-486,107,-94,0
1779.555685043335,9188,6136,11292,-229,96,147,8472,-9548,9376,-40,122,-134,-14072,4608,4756,-1006,151,-25,-14116,-4220,6400,-493,130,-46,0
1779.5891261100767,8996,6120,11268,-153,74,127,8492,-9732,9448,-52,117,-131,-14100,4580,4660,-1013,130,-25,-14232,-4304,6392,-515,172,-119,0
1779.6224069595337,9176,6052,11752,-195,64,139,8536,-9664,9408,11,203,-103,-14176,4576,4812,-958,135,-54,-14256,-4292,6436,-484,114,-87,0
1779.6559500694275,9104,5980,11212,-193,45,114,8464,-9628,9292,7,141,-148,-13852,4504,4832,-956,110,-36,-14208,-4196,6500,-478,134,-90,0
1779.6894800662994,9256,5980,11324,-212,65,88,8520,-9680,9396,-31,155,-147,-13948,4604,4508,-946,101,-79,-14188,-4188,6372,-417,112,-83,0
1779.7228319644928,9052,6000,11496,-296,22,120,8476,-9628,9240,-53,152,-147,-14084,4640,4496,-949,126,-61,-14220,-4208,6376,-426,72,-69,0
1779.7564101219175,8992,5976,11276,-344,-37,153,8260,-9756,9448,-45,132,-144,-14132,4756,4752,-984,103,-35,-14224,-4336,6468,-475,127,-62,0
1779.7899961471558,9120,5932,11432,-350,-131,199,8364,-9804,9228,-4,119,-187,-14132,4624,4556,-1004,112,-70,-14244,-4208,6536,-485,181,-47,0
1779.823800086975,9188,5884,11348,-296,-180,193,8412,-9744,9448,52,95,-223,-14016,4604,4744,-1021,152,-128,-14212,-4164,6588,-507,198,-36,0
1779.8574249744415,9052,5880,11280,-293,-232,194,8400,-9648,9384,40,97,-242,-14212,4672,4492,-772,168,-197,-14132,-4128,6568,-496,249,-47,0
1779.8907129764557,9160,5816,11240,-241,-237,192,8468,-9640,9464,63,85,-229,-14120,4512,4632,-1011,196,-207,-14240,-4092,6440,-469,224,-27,0
1779.924267053604,9236,5824,11248,-509,-1,189,8680,-9476,9336,44,114,-510,-14200,4572,4628,-1008,138,-156,-14228,-4200,6624,-500,243,-62,0
1779.9606800079346,9136,5804,11356,-314,-283,189,8500,-9672,9432,35,148,-507,-14052,4616,4748,-994,165,-207,-14192,-4104,6540,-454,232,-83,0
1779.9961550235748,9276,5796,11348,-274,-304,168,8460,-9640,9424,34,122,-10,-14088,4528,4740,-1035,162,-176,-14368,-4076,6408,-465,263,-91,0
1780.0320761203766,9384,5680,11124,-300,-278,171,8476,-9644,9304,9,79,-264,-14196,4588,4704,-1010,134,-188,-14192,-4320,6360,-462,205,-76,0
1780.0676081180573,9252,5740,11380,-268,-253,160,8592,-9636,9232,18,119,-239,-14148,4568,4444,-995,154,-149,-14136,-4108,6348,-478,208,-93,0
1780.1036009788513,9280,5760,11284,-225,-228,166,8452,-9740,9376,48,133,-234,-14128,4612,4732,-946,132,-158,-14208,-4112,6620,-481,219,-82,0
1780.1398251056671,9312,5780,11236,-249,-214,163,8484,-9628,9476,38,116,-242,-14336,4560,4624,-1022,118,-155,-14236,-4328,6584,-517,243,-106,0
1780.1750819683075,9240,5820,11348,-221,-228,154,8508,-9644,9540,34,73,-250,-14216,4536,4636,-992,92,-126,-14292,-4156,6360,-523,210,-99,0
1780.2102191448212,9348,5860,11368,-200,-251,126,8348,-9592,9356,25,122,-232,-14200,4512,4860,-1033,151,-132,-14184,-4136,6604,-497,223,-93,0
1780.246115922928,9364,5824,11220,-213,-205,148,8496,-9716,9344,43,98,-247,-14264,4836,4584,-1061,180,-137,-14208,-4140,6348,-494,206,-86,0
1780.281898021698,9328,5808,11484,-189,-174,155,8680,-9524,9384,21,70,-229,-14236,4564,4704,-773,112,-115,-14184,-4136,6280,-482,179,-117,0
1780.3181059360504,9384,5804,11500,-184,-133,122,8456,-9504,9312,-1,154,-187,-14132,4540,4624,-1003,73,-63,-14148,-4068,6376,-502,155,-137,0
1780.3535289764404,9332,5816,11144,-148,-101,120,8616,-9492,9416,1,193,-170,-14328,4500,4444,-1061,104,-61,-14228,-4108,6292,-493,149,-124,0
1780.3886590003967,9468,5716,11148,-158,-29,85,8556,-9564,9384,-36,202,-151,-14224,4580,4772,-1044,72,-35,-14228,-4236,6256,-453,114,-139,0
1780.4237549304962,9352,5756,11216,-224,79,41,8588,-9672,9452,38,259,-102,-14236,4508,4840,-1044,-6,-11,-14220,-3864,6300,-264,137,-147,0
1780.459312915802,9360,5780,11072,-155,46,14,8608,-9580,9208,27,510,-132,-14260,4632,4516,-1091,-15,-68,-14372,-4092,6208,-520,149,-155,0
1780.4943919181824,9412,5696,11388,-94,137,-33,8616,-9576,9424,53,251,-60,-14236,4536,4680,-1153,-82,2,-14472,-4212,6436,-462,59,-508,0
1780.530520915985,9332,5688,11292,-147,190,-7,8448,-9544,9544,78,284,-66,-14120,4480,4696,-1112,-35,-256,-14188,-4216,6648,-455,-13,-346,0
1780.5655541419983,9124,5828,11496,-76,190,-108,8488,-9620,9444,28,350,-107,-14088,4500,4636,-1044,-122,-44,-14116,-4152,6416,-511,160,-315,0
1780.6034090518951,9228,5812,11340,-96,84,-104,8628,-9576,9464,-8,308,-188,-13880,4520,4664,-1072,-109,-121,-14204,-4280,6416,-432,142,-286,0
1780.6369230747223,9124,5652,11424,-42,43,-80,8452,-9520,9452,11,340,-119,-14008,4456,4856,-1011,-46,-49,-14248,-4268,6392,-431,56,-313,0
1780.6704559326172,9244,5952,11124,-126,103,-80,8444,-9452,9500,-102,326,-133,-14124,4424,5028,-932,-94,55,-14272,-4336,6220,-395,246,-5,0
1780.7041800022123,9212,5836,11388,-189,96,-95,8468,-9560,9332,-69,368,-109,-14168,4544,4976,-902,-123,-2,-14328,-4104,6456,-341,-9,-268,0
1780.737566947937,9076,5832,11500,-128,155,-87,8304,-9636,9580,-1,369,-86,-14020,4536,4772,-956,-121,-65,-14108,-4216,6420,-431,95,-274,0
1780.7708070278168,9104,6044,11472,-19,100,-45,8304,-9620,9708,25,265,-137,-14060,4560,4784,-995,-42,-81,-14200,-4160,6460,-504,126,-237,0
1780.8043529987335,9168,5948,11400,73,22,33,8416,-9532,9512,6,190,-154,-13976,4488,4972,-1278,36,-100,-14264,-4172,6388,-508,156,-198,0
1780.8377771377563,9208,5968,11424,25,-25,67,8196,-9512,9616,-19,134,-223,-14108,4452,4784,-1277,74,-112,-14264,-4440,6168,-485,168,-180,0
1780.871372938156,8996,5964,11156,-32,-17,51,8360,-9504,9504,13,159,-176,-14068,4600,4820,-771,66,-147,-14200,-4280,6420,-527,157,-166,0
1780.9048011302948,9160,6084,11308,-28,-29,49,8312,-9596,9552,253,169,-171,-14124,4664,4848,-1002,58,-89,-14292,-4232,6636,-521,104,-203,0
1780.9383370876312,9156,5980,11456,-77,49,64,8432,-9540,9556,-26,176,-133,-14092,4432,4668,-1012,36,-239,-14216,-4348,6432,-505,62,-177,0
1780.9717020988464,9196,5984,11424,-159,67,66,8384,-9508,9536,-52,167,-118,-14096,4600,4800,-769,35,-58,-14224,-4228,6472,-464,53,-150,0
1781.0048360824585,9088,5892,11316,-191,29,68,8372,-9616,9540,-7,183,-149,-14052,4556,4840,-1058,56,-65,-14168,-4200,6408,-463,69,-154,0
1781.0383059978483,9172,5900,11308,-161,26,60,8332,-9652,9468,55,194,-178,-14004,4504,4952,-998,-242,-43,-14048,-4236,6392,-517,123,-209,0
1781.0719330310822,9176,5980,11320,-142,-256,55,8332,-9632,9576,44,212,-172,-14036,4596,4784,-1063,76,-123,-14156,-4196,6544,-535,169,-162,0
1781.1055181026459,9212,6032,11516,-85,-67,75,8192,-9620,9444,-5,177,-208,-13992,4576,5004,-1017,111,-122,-14272,-4368,6644,-487,221,-135,0
1781.1390719413755,9192,6064,11416,-93,-83,87,8284,-9376,9520,-40,136,-231,-14080,4456,4812,-949,119,-118,-14112,-4584,6532,-476,167,-112,0
1781.1725120544434,9132,6008,11120,-122,-105,109,8392,-9584,9524,-99,136,-207,-14096,4568,4832,-966,92,-99,-14224,-4352,6144,-524,153,-117,0
1781.2058351039889,9216,5908,11416,-147,-12,80,8352,-9640,9464,-29,140,-150,-14084,4548,4940,-1006,246,-42,-14252,-4252,6368,-516,109,-139,0
1781.239284992218,9116,6048,11280,-107,29,112,8348,-9580,9544,253,150,-90,-14236,4432,4772,-1045,63,-22,-14220,-4268,6352,-494,44,-131,0
1781.272910118103,9116,6024,11464,-64,63,83,8212,-9632,9292,22,188,-120,-14020,4500,4668,-1044,65,-70,-14220,-4204,6216,-554,132,-171,0
1781.3065719604492,9004,5976,11504,-85,85,38,8420,-9564,9668,92,179,-148,-13896,4560,5088,-1070,51,-111,-14104,-4308,6368,-525,207,-187,0
1781.3400840759275,8956,6128,11348,-145,57,32,8232,-9656,9528,177,178,-210,-13876,4616,4624,-1119,58,-204,-14036,-4576,6536,-462,307,-131,0
1781.3736469745636,8836,6056,11424,-108,-113,93,8208,-9616,9616,101,139,-278,-13932,4504,4952,-1065,165,-195,-14100,-4408,6640,-427,295,-86,0
1781.406944990158,8812,5916,11416,-138,-219,153,8228,-9480,9520,-89,93,-292,-13996,4572,4988,-906,178,-177,-14168,-4364,6516,-492,287,-31,0
1781.4404211044312,8972,6000,11392,-193,-311,211,8076,-9572,9612,-122,52,-512,-13916,4496,4924,-942,230,-152,-14104,-4344,6584,-538,241,34,0
1781.4738719463348,9068,5660,11156,-277,-284,297,8212,-9492,9656,-45,-19,-248,-13956,4460,5064,-773,347,-132,-14188,-4228,6412,-540,223,15,0
1781.5073580741882,9208,5956,11272,-247,-216,294,8328,-9536,9540,29,-37,-231,-14112,4384,4736,-778,328,-131,-14188,-4248,6224,-607,222,3,0
1781.5409779548643,9188,6040,11364,-201,-271,297,8692,-9284,9500,17,-47,-267,-14064,4476,4792,-1277,286,-138,-14272,-4588,6520,-619,273,34,0
1781.5744149684906,8960,5940,11428,-216,-295,252,8480,-9564,9500,-5,-35,-319,-14184,4472,4772,-1080,311,-190,-14496,-4216,6376,-519,316,27,0
1781.6080670356753,9200,5968,11340,-188,-300,216,8556,-9544,9508,48,-25,-308,-14216,4436,4832,-1016,274,-8,-14168,-4232,6280,-514,328,-21,0
1781.6445059776306,9212,6092,11360,-191,-381,223,8452,-9444,9632,28,55,-327,-14296,4496,4848,-999,214,-208,-14216,-4224,6332,-467,323,-38,0
1781.6801760196686,9148,5976,11300,-245,-331,202,8420,-9488,9512,-70,46,-312,-14064,4492,4604,-886,250,-203,-14536,-4296,6324,-393,243,-254,0
1781.7181730270386,9244,5988,11488,-288,-323,211,8412,-9508,9544,-100,-49,-324,-14192,4548,4760,-949,289,-158,-14208,-4172,6336,-403,226,39,0
1781.7539870738983,9224,5988,11324,-232,-292,245,8440,-9632,9476,-54,-59,-299,-14312,4792,4676,-985,300,-149,-14164,-4260,6236,-457,505,28,0
1781.7895250320435,9436,5868,11416,-269,-335,287,8416,-9600,9664,-62,-38,-292,-14184,4444,4692,-996,301,-155,-14100,-4180,6304,-488,297,83,0
1781.8249940872192,9368,5776,11204,-219,-345,277,8640,-9544,9428,-94,-12,-285,-14196,4396,4848,-1006,272,-139,-14280,-4148,6332,-523,301,65,0
1781.8609170913696,9304,5760,11184,-206,-323,283,8540,-9584,9400,16,-58,-262,-14256,4400,4792,-1146,281,-206,-14208,-4132,6240,-562,367,10,0
1781.8962180614471,9268,5800,11464,-211,-334,238,8520,-9476,9700,60,-255,-324,-14076,4452,4656,-1172,281,-200,-14084,-4332,6288,-561,329,-34,0
1781.9319260120392,9220,5944,11300,-78,-292,209,8488,-9480,9228,58,29,-353,-14112,4356,4764,-1114,290,-292,-14264,-4192,6312,-764,352,-53,0
1781.9676010608673,9308,5964,11028,-164,-352,201,8460,-9440,9628,87,-28,-334,-14192,4164,4852,-1010,503,-235,-14412,-4156,6232,-464,357,2,0
1782.002788066864,9220,5872,11200,-204,-337,199,8464,-9424,9404,53,23,-335,-14208,4436,4800,-1065,0,-229,-14400,-4188,6184,-478,288,-48,0
1782.0386760234833,9404,5916,11008,-152,-315,146,8576,-9368,9432,57,124,-309,-14140,4412,4768,-998,163,-186,-14216,-4164,6164,-495,264,-136,0
1782.0738611221313,9236,5844,11172,-161,-508,117,8528,-9440,9540,62,116,-275,-14208,4292,4612,-1011,84,-252,-14220,-4152,6156,-490,285,-163,0
1782.1094360351565,9384,5908,11176,-136,-208,91,8564,-9412,9356,35,178,-279,-14228,4344,4808,-1012,104,-217,-14108,-4060,6136,-483,228,-138,0
1782.1447179317474,9408,5912,11140,-146,-207,105,8668,-9476,9392,33,132,-292,-14292,4312,4792,-985,123,-168,-14296,-4180,6184,-432,208,-111,0
1782.1802251338959,9444,5812,11188,-138,-182,112,8660,-9372,9372,-10,65,-246,-14240,4144,4468,-997,146,-154,-14324,-4104,6060,-442,163,-112,0
1782.215620994568,9496,5732,11084,-151,-69,93,8572,-9444,9444,-40,209,-159,-14308,4524,4636,-769,113,-30,-14160,-4144,5996,-479,75,-183,0
1782.2513020038605,9584,5776,10940,-160,76,51,8648,-9360,9424,-14,204,-89,-14248,4500,4828,-1080,59,10,-14576,-3912,5924,-470,36,-176,0
1782.2882249355316,9488,5880,11060,-166,144,88,8556,-9228,9560,-26,261,-66,-14224,4300,4664,-1032,82,116,-14380,-4256,6136,-451,24,-131,0
1782.3217680454254,9364,6008,11296,-259,124,99,8580,-9436,9492,-86,202,-100,-14172,4280,4716,-1031,157,72,-14336,-4268,6308,-443,59,-89,0
1782.3550629615784,9280,6004,11312,-158,68,112,8672,-9448,9780,-112,123,-114,-14208,4392,4764,-959,118,16,-14100,-4236,6200,-464,66,-95,0
1782.3883199691772,9316,6044,11496,-102,30,132,8532,-9440,9672,-121,146,-109,-14208,4360,4764,-941,97,44,-14160,-3888,6264,-498,55,-113,0
1782.4218649864197,9272,5892,11208,-58,46,120,8496,-9464,9652,-130,98,-119,-14156,4136,4788,-981,125,30,-14236,-4092,6192,-506,69,-122,0
1782.4555311203003,9364,5884,11196,-101,61,101,8500,-9420,9372,-105,133,-154,-14104,4384,4708,-969,133,55,-14280,-4200,6232,-448,64,-101,0
1782.489119052887,9344,5824,11272,-144,110,89,8596,-9540,9480,-110,148,-112,-14264,4500,4696,-970,121,6,-14356,-4040,6152,-477,2,-99,0
1782.522526025772,9404,5860,11364,-136,102,76,8632,-9628,9316,-70,139,-102,-14212,4452,4568,-1007,53,20,-14256,-4120,6360,-500,48,-154,0
1782.5557401180267,9296,5804,11404,-133,60,84,8572,-9532,9472,-34,146,-141,-14192,4472,4420,-769,46,-8,-14332,-4112,6236,-529,73,-165,0
1782.5892510414124,9276,5864,11280,-113,80,71,8620,-9444,9488,-51,183,-125,-13896,4400,4708,-980,56,-15,-14292,-4212,6212,-485,107,-183,0
1782.6229281425476,9280,5888,11240,-80,-9,58,8492,-9556,9344,-25,202,-174,-14148,4300,4656,-978,97,-144,-14272,-4168,6196,-481,152,-160,0
1782.6559529304504,9304,5832,11484,-140,-23,53,8612,-9464,9416,-29,188,-170,-14160,4464,4612,-1029,39,-66,-14336,-4120,6224,-500,155,-196,0
1782.6893270015717,9240,5840,11484,-85,50,22,8484,-9416,9496,-32,275,-126,-14260,4324,4788,-1022,4,-42,-14244,-4248,6292,-493,58,-211,0
1782.722778081894,8988,6000,11184,-103,44,12,8512,-9396,9532,-30,234,-117,-14176,4400,4792,-991,-20,-31,-14340,-4312,6252,-494,84,-200,0
1782.7561531066895,9316,6032,11404,-128,35,53,8552,-9692,9604,-70,238,-130,-14088,4204,4628,-969,51,-63,-14300,-4280,6192,-493,91,-158,0
1782.7894599437714,9224,5888,11300,-108,27,52,8668,-9428,9224,-75,158,-149,-14160,4396,4820,-983,85,-49,-14176,-4280,6152,-503,137,-138,0
1782.823054075241,9220,5724,11116,-103,-61,85,8512,-9420,9576,-35,164,-162,-14136,4452,4712,-981,95,-38,-14252,-4284,6244,-503,167,-117,0
1782.8564829826355,9240,5956,11208,-75,-250,89,8508,-9420,9540,-52,123,-164,-14188,4428,4852,-1000,141,-72,-14244,-4208,6132,-532,126,-82,0
1782.8895390033722,9240,5964,11264,-119,-17,102,8472,-9460,9352,-42,115,-160,-14236,4408,4632,-1002,104,-76,-14236,-4212,6608,-505,107,-105,0
1782.9231071472168,9248,5952,11224,-123,8,93,8556,-9464,9448,-49,134,-136,-14232,4440,4832,-1007,94,-36,-14332,-4204,6168,-498,94,-142,0
1782.9565169811249,9204,5984,11412,-88,36,105,8452,-9448,9612,-34,121,-134,-14168,4324,4780,-1036,44,-255,-14208,-4208,6336,-515,120,-124,0
1782.9900081157684,9168,6024,11280,-122,-10,109,8480,-9240,9564,-47,142,-117,-14324,4396,4524,-1007,87,-29,-14268,-4192,6376,-454,69,-146,0
1783.0237851142883,9204,5908,11284,-126,19,71,8528,-9224,9608,-82,168,-144,-14208,4432,4836,-957,36,-39,-14296,-4120,6300,-459,77,-139,0
1783.057235956192,9312,5992,11312,-120,-2,35,8588,-9580,9548,-49,200,-158,-14192,4520,4588,-987,25,-76,-14288,-4172,6364,-491,93,-182,0
1783.0905740261078,9148,5896,11324,-134,16,49,8664,-9508,9652,-20,180,-147,-14116,4436,4632,-989,48,-65,-14248,-4304,6388,-502,86,-191,0
1783.1240870952606,9188,5976,11368,-116,5,82,8456,-9484,9572,-65,165,-160,-14092,4464,4784,-993,64,-63,-14232,-4204,6360,-465,120,-143,0
1783.1574161052704,9208,6032,11396,-147,10,118,8508,-9596,9496,-37,136,-152,-14200,4468,4764,-994,91,-57,-14176,-4172,6224,-472,109,-112,0
1783.1910870075226,9224,5988,11364,-116,-8,94,8588,-9404,9532,-9,183,-150,-14056,4456,4772,-1015,104,-66,-14240,-4228,6200,-766,124,-106,0
1783.2245519161224,9228,5924,11276,-137,-17,110,8296,-9488,9608,-9,174,-159,-14208,4400,4844,-1277,48,-25,-14212,-4368,6356,-493,135,-129,0
1783.2578949928284,9200,6064,11336,-156,-10,86,8428,-9408,9328,-37,157,-169,-14172,4428,4764,-986,68,-61,-14124,-4296,6508,-472,114,-115,0
1783.2911570072174,9088,6024,11508,-261,-107,94,8416,-9564,9504,-7,160,-187,-14032,4420,4868,-947,77,-113,-14220,-4172,6300,-453,106,-76,0
1783.3276579380035,9068,5968,11488,-256,-130,142,8400,-9528,9616,-32,92,-216,-14104,4452,4768,-946,116,-86,-14216,-4296,6264,-463,151,-71,0
1783.3633041381836,9204,5944,11336,-227,-224,169,8504,-9452,9456,-79,54,-213,-14224,4532,4668,-955,121,-118,-14132,-4196,6272,-459,112,-94,0
1783.3989341259005,9316,5700,11148,-211,-187,157,8540,-9504,9428,-68,91,-197,-14120,4428,4444,-940,89,-74,-14124,-3864,6320,-497,86,-135,0
1783.4343531131744,9360,5660,11184,-211,-92,122,8612,-9428,9716,-5,110,-146,-14160,4420,4472,-1000,54,-30,-14196,-4244,6308,-487,79,-151,0
1783.4701840877533,9444,5920,11352,-221,-76,104,8488,-9684,9472,19,156,-143,-14208,4392,4552,-769,92,-76,-14196,-4260,6360,-457,133,-120,0
1783.5055639743805,9156,5960,11024,-223,-44,119,8488,-9460,9296,-60,145,-189,-14200,4460,4448,-1000,146,-89,-14324,-4156,6244,-462,154,-83,0
1783.5414381027222,9152,5976,11360,-227,-86,155,8496,-9568,9524,-35,82,-222,-14036,4492,4700,-1006,147,-78,-14204,-4148,6372,-480,160,-95,0
1783.5773890018463,8968,5892,11328,-187,-68,142,8508,-9588,9580,-24,82,-173,-14136,4444,4688,-1007,134,-121,-14344,-4160,6264,-505,141,-77,0
1783.6131410598755,9356,5860,11232,-136,-68,146,8572,-9548,9520,-21,91,-166,-14208,4484,4776,-1277,118,-51,-14304,-4200,6632,-505,121,-120,0
1783.6482141017914,9000,5920,11508,-132,-49,98,8588,-9504,9456,-51,141,-162,-14196,4456,4668,-1029,48,-81,-14304,-4184,6292,-260,69,-158,0
1783.6836879253387,9164,5944,11120,-162,-22,77,8592,-9684,9444,-27,194,-142,-14148,4392,4728,-1015,51,-21,-14224,-4240,6640,-496,83,-136,0
1783.7192721366882,9148,5916,11304,-160,-26,72,8440,-9452,9264,-22,325,-106,-13968,4444,4560,-1036,100,-83,-14164,-4236,6260,-482,130,-123,0
1783.7549929618835,9108,5904,11212,-153,-5,126,8468,-9552,9440,-46,143,-174,-14088,4484,4740,-998,142,-49,-14208,-4232,6356,-456,142,-104,0
1783.790857076645,9072,5996,11448,-163,-88,134,8436,-9708,9432,-47,110,-206,-14088,4496,4748,-997,147,-97,-14148,-4180,6412,-489,171,-85,0
1783.8261089324951,9076,5924,11368,-179,-111,135,8500,-9524,9444,-34,102,-191,-14140,4524,4756,-976,124,-134,-14228,-4260,6392,-491,176,-60,0
1783.8622491359713,9208,5956,11224,-189,-112,142,8476,-9604,9548,-69,136,-184,-14128,4440,4596,-998,123,-59,-14232,-4164,6164,-480,167,-113,0
1783.89803314209,9244,5956,11488,-137,-118,104,8500,-9688,9360,-50,95,-217,-13864,4540,5012,-1003,122,-155,-14272,-4232,6312,-507,146,-140,0
1783.9330539703367,9260,5856,11300,-145,-86,94,8604,-9508,9520,-30,159,-190,-14196,4124,4696,-1002,61,-111,-14200,-4188,6192,-508,131,-165,0
1783.9694271087649,9252,5896,11260,-159,-87,86,8668,-9508,9348,3,142,-201,-14140,4516,4536,-1018,42,-114,-14224,-4124,6260,-490,153,-141,0
1784.0029821395874,9408,6052,11172,-180,-105,106,8476,-9460,9228,-56,118,-165,-14156,4560,4776,-987,108,-69,-14384,-4260,6348,-478,79,-118,0
1784.0367240905762,9244,5840,11408,-167,-93,114,8512,-9636,9508,-40,108,-162,-14212,4456,4772,-1013,67,-14,-14304,-4124,6416,-506,122,-119,0
1784.070058107376,9300,6124,11316,-208,-64,131,8548,-9496,9520,-30,142,-136,-14192,4424,4812,-1058,22,-18,-14336,-4160,6152,-478,56,-141,0
1784.1038250923157,9292,5980,11212,-177,-11,100,8508,-9500,9456,-44,188,-109,-14300,4372,4772,-999,47,-12,-14268,-4268,6256,-481,-15,-195,0
1784.1371331214905,9420,5920,11516,-239,54,58,8596,-9508,9580,11,230,-80,-14128,4420,4464,-1076,20,-24,-14276,-4208,6156,-461,143,-171,0
1784.1705811023712,9168,6140,11492,-182,32,44,8396,-9504,9472,37,181,-148,-13980,4452,4796,-1039,74,-31,-13828,-4116,6192,-486,170,-150,0
1784.203901052475,9064,6028,11324,-80,-35,67,8352,-9344,9712,-32,142,-184,-14152,4472,4876,-1042,133,-94,-14140,-4312,6500,-469,180,-155,0
1784.237478017807,9052,5676,11448,-99,-72,67,8396,-9716,9708,-78,117,-225,-14196,4432,4800,-981,51,-99,-14284,-4316,6528,-487,88,-177,0
1784.2708721160889,9284,5924,11232,-106,6,18,8536,-9512,9388,-97,196,-155,-14180,4556,4732,-982,12,228,-14184,-4120,6300,-258,46,-177,0
1784.3040809631348,9224,6036,11232,-144,109,33,8252,-9288,9424,-41,287,-92,-14052,4532,4788,-990,-16,51,-14228,-4172,6156,-493,29,-153,0
1784.3375840187073,9136,5964,11424,-195,55,82,8472,-9472,9456,-20,212,-81,-14136,4464,4820,-1058,59,-42,-14176,-4268,6628,-467,127,-145,0
1784.3710670471191,9172,6012,11260,-128,52,99,8448,-9548,9580,-14,135,-166,-14300,4512,4844,-1034,113,-64,-14212,-4224,6328,-519,162,-126,0
1784.4042921066284,9444,5980,11384,-101,-38,113,8516,-9604,9580,-30,140,-178,-13972,4424,4752,-772,105,-79,-14212,-4288,6264,-513,140,-140,0
1784.4379200935364,9044,5916,11396,-90,-23,80,8344,-9392,9528,-41,160,-172,-14188,4484,4784,-982,76,-44,-14176,-4260,6332,-523,127,-146,0
1784.4714851379395,9184,5912,11316,-140,-246,91,8344,-9440,9472,5,150,-147,-14076,4404,4828,-949,68,-39,-14192,-4256,6608,-469,157,-116,0
1784.504998922348,9088,6120,11376,-170,2,89,8436,-9712,9548,-24,167,-158,-14280,4412,4864,-1277,82,-88,-14248,-4240,6408,-485,122,-76,0
1784.538547039032,8976,6040,11304,-204,-91,108,8412,-9532,9612,18,135,-222,-14120,4448,4736,-955,134,-141,-14168,-4268,6380,-438,153,-82,0
1784.571984052658,9076,6016,11416,-214,-150,141,8420,-9628,9628,-18,96,-253,-14244,4556,5008,-965,121,-117,-14144,-4232,6500,-511,190,-76,0
1784.6055810451508,9096,5940,11760,-105,-189,165,8392,-9652,9448,-44,72,-212,-14036,4544,4780,-1030,159,-72,-14100,-4188,6368,-581,212,-66,0
1784.6391310691833,9104,5924,11372,-110,-179,218,8224,-9516,9420,-8,-10,-238,-13916,4508,4712,-1043,222,-122,-14204,-4120,6372,-596,248,6,0
1784.6724350452423,9172,5840,11268,-116,-206,233,8696,-9544,9348,21,-2,-233,-13872,4480,4660,-1276,196,-191,-14228,-4212,6280,-584,227,-63,0
1784.7060430049896,9412,5848,11224,-155,-182,207,8616,-9468,9396,67,100,-224,-14264,4416,4716,-1026,151,-171,-14288,-4264,6440,-529,211,-93,0
1784.7397830486298,9276,6124,11328,-213,-167,141,8600,-9440,9668,23,168,-203,-14236,4428,4388,-999,118,-154,-14192,-4268,6256,-494,200,-116,0
1784.7730231285095,9240,5924,11284,-196,-200,156,8524,-9560,9324,8,140,-216,-14256,4480,4368,-1002,143,-137,-14240,-4216,6240,-444,255,-70,0
1784.8065481185913,9004,6044,11492,-233,-234,112,8592,-9420,9228,5,139,-293,-14164,4396,4624,-1014,142,-170,-14284,-4108,6204,-433,252,-116,0
1784.8403370380402,9156,6032,11264,-192,-186,81,8372,-9472,9604,-39,120,-300,-14076,4412,4852,-997,106,-175,-14188,-4252,6216,-437,238,-123,0
1784.8737001419067,9208,5904,11388,-221,-218,56,8528,-9524,9504,-27,163,-268,-14336,4480,4716,-945,112,-173,-14228,-4216,6288,-453,279,-123,0
1784.9070279598236,9424,5956,11360,-248,-179,90,8552,-9552,9220,41,173,-278,-14164,4560,4380,-1007,54,-109,-14260,-4104,6216,-467,215,-140,0
1784.9406881332397,9232,5840,11316,-171,-164,88,8524,-9280,9452,37,180,-193,-14188,4532,4488,-1036,35,-93,-14296,-4228,6284,-528,148,-134,0
1784.9738380908966,9308,5932,11204,-147,-117,138,8532,-9368,9452,51,145,-168,-14076,4436,4792,-1021,102,-100,-14260,-4128,6144,-257,113,-95,0
1785.0107231140137,9188,5996,11284,-181,-96,175,8392,-9468,9324,-17,116,-153,-14024,4456,4584,-1031,165,-72,-14156,-4240,6308,-503,158,-58,0
1785.0454950332642,9140,5964,11284,-144,-146,198,8476,-9456,9224,-23,51,-194,-14092,4504,4744,-1039,229,-96,-14180,-4232,6252,-501,203,-44,0
1785.081386089325,8988,5924,11132,-161,-180,220,8560,-9392,9508,-29,49,-208,-14132,4500,4712,-1001,205,-70,-14240,-4240,6304,-476,191,238,0
1785.1173930168152,9248,5840,11496,-183,-175,184,8536,-9500,9692,-55,57,-204,-14220,4396,4592,-1001,180,-81,-14552,-4308,6344,-467,198,-77,0
1785.152466058731,9324,5868,11404,-219,-139,124,8548,-9512,9464,-38,123,-210,-14324,4428,4740,-1004,148,-97,-14200,-4308,6392,-451,152,-102,0
1785.188220024109,9272,5864,11400,-184,-127,99,8608,-9532,9304,-10,136,-208,-14220,4448,4776,-996,67,-86,-14272,-4148,6252,-493,183,-156,0
1785.2235910892489,9288,5796,11264,-149,-138,100,8544,-9464,9544,-2,153,-227,-14056,4376,4516,-1011,112,-112,-14216,-4172,6456,-476,164,-113,0
1785.2601521015167,9184,5876,11472,-162,-131,110,8212,-9460,9488,-9,118,-220,-14140,4472,4776,-978,107,-142,-14152,-4208,6292,-475,203,-104,0
1785.2954399585724,9292,5828,11024,-193,-150,126,8504,-9600,9428,-16,114,-225,-14208,4420,4820,-1018,118,-61,-14308,-4188,6312,-493,164,-103,0
1785.3308639526367,9308,5828,11340,-184,-159,149,8480,-9552,9324,-14,23,-230,-14228,4436,4788,-995,124,-94,-14228,-4100,6272,-498,140,-125,0
1785.3661570549011,9260,5936,11368,-144,-118,145,8560,-9656,9528,253,128,-187,-14184,4404,4772,-779,135,-70,-14212,-4340,5888,-490,166,-110,0
1785.40238904953,9340,5964,11336,-179,-117,132,8516,-9496,9552,8,123,-216,-14120,4496,4752,-978,126,-77,-14196,-4236,6356,-477,165,-129,0
1785.4387850761414,9400,5892,11164,-196,-110,113,8472,-9388,9604,-20,105,-204,-14252,4320,4672,-965,127,-125,-14376,-4200,6272,-499,151,-110,0
1785.47385597229,9400,6124,11184,-138,-155,108,8684,-9512,9228,-12,158,-200,-14216,4452,4736,-1011,36,-95,-14232,-4160,6460,-512,154,-179,0
1785.5091569423676,9428,5824,11228,-174,-100,92,8460,-9396,9492,62,179,-191,-14160,4376,4660,-1057,38,-102,-14148,-4256,6244,-488,101,-165,0
1785.544340133667,9364,5884,11108,-133,-17,80,8488,-9340,9352,-35,203,-173,-14068,4240,4644,-975,89,-47,-14244,-4188,6296,-459,105,-104,0
1785.5799810886383,9264,5940,11332,-223,-67,112,8540,-9368,9712,-59,206,-175,-14280,4496,4636,-942,123,-37,-14200,-4160,6308,-427,133,-112,0
1785.6151831150055,9276,5872,11100,-272,-23,129,8516,-9336,9524,-68,183,-123,-14224,4336,4688,-987,95,18,-14376,-4224,6160,-461,49,-152,0
1785.6508960723877,9316,5948,11236,-141,-9,118,8496,-9256,9668,-80,151,-84,-14224,4488,4756,-1009,79,53,-14264,-4548,6556,-463,13,-122,0
1785.68434715271,9212,5864,11188,-204,53,108,8392,-9464,9600,-75,200,-132,-14088,4464,4820,-990,74,-26,-14216,-4212,6344,-479,53,-129,0
1785.7179090976715,9136,5896,11232,-169,-12,113,8496,-9424,9556,-92,156,-140,-14124,4432,4660,-958,84,-22,-14232,-4168,6296,-476,61,-121,0
1785.7516059875488,9268,5796,11204,-132,-16,90,8596,-9500,9444,-78,172,-131,-14188,4488,4712,-982,53,240,-14288,-4152,6272,-455,56,-159,0
1785.7851319313047,9232,5860,11040,-180,49,92,8504,-9220,9696,-33,181,-122,-14092,4400,5028,-1007,78,11,-14156,-4208,6328,-471,99,-136,0
1785.818293094635,9256,5848,11220,-151,12,98,8460,-9504,9360,-65,128,-152,-14120,4536,4756,-984,103,-15,-14184,-4180,6648,-442,102,-104,0
1785.851725101471,9252,5908,11496,-139,-5,110,8464,-9540,9652,-105,123,-120,-14156,4452,4708,-952,120,-22,-14120,-4184,6304,-441,76,-97,0
1785.8850700855255,9172,5832,11380,-182,45,122,8396,-9516,9580,-103,152,-103,-14108,4536,4616,-962,110,251,-14208,-4188,6516,-495,99,-83,0
1785.9185979366305,9244,5896,11324,-169,1,150,8396,-9468,9608,-71,133,-130,-14320,4520,4624,-1044,133,68,-14100,-4152,6368,-532,76,-101,0
1785.9523620605469,9408,5668,11460,-130,29,148,8492,-9528,9424,-107,127,-105,-14044,4480,4684,-1031,109,46,-14164,-4208,6296,-513,57,-95,0
1785.9858729839325,8972,5828,11424,-164,-7,148,8212,-9476,9528,-122,100,-128,-14308,4436,5048,-1007,140,-29,-14260,-4120,6344,-504,62,-94,0
1786.019150018692,9256,5928,11296,-116,34,106,8488,-9576,9432,-81,142,-127,-14264,4444,4756,-989,87,-74,-14148,-4156,6316,-507,69,-152,0
1786.0527119636536,9240,6112,11336,-85,-253,70,8516,-9420,9420,-45,159,-117,-14156,4452,4820,-1024,9,-4,-14260,-4220,6200,-518,77,-201,0
1786.086224079132,9412,6108,11360,-99,52,62,8468,-9568,9448,-61,187,-129,-14124,4396,4784,-990,47,-22,-14200,-4272,6280,-495,87,-166,0
1786.120036125183,9388,5964,11192,-139,29,19,8380,-9716,9248,-93,162,-164,-13828,4456,4740,-976,69,-22,-14260,-4252,6576,-434,96,-174,0
1786.1533710956573,9208,5888,11500,-129,-25,71,8672,-9228,9280,-115,173,-161,-13872,4496,4640,-963,32,-44,-14172,-4264,6508,-474,87,-165,0
1786.1869161128998,9288,5812,11316,-134,253,49,8496,-9524,9488,-87,195,-118,-14144,4836,4688,-1012,23,-41,-14196,-3848,6528,-483,118,-176,0
1786.220417022705,9224,5632,11360,-147,39,95,8388,-9520,9568,-54,171,-115,-14072,4548,4636,-987,26,235,-14252,-4180,6212,-516,34,-159,0
1786.2538709640503,9124,6016,11052,-98,11,100,8432,-9592,9496,-107,201,-121,-14148,4464,4820,-1019,65,28,-14168,-4288,6312,-508,77,-161,0
1786.2872381210327,9120,5908,11192,-146,25,76,8392,-9560,9548,-84,172,-126,-14048,4528,4740,-993,59,-20,-14132,-4144,6404,-487,74,-130,0
1786.3207211494446,9168,5880,11380,-129,22,86,8372,-9528,9648,-62,128,-131,-14108,4476,4732,-976,78,243,-14072,-4260,6356,-520,96,-132,0
1786.3539950847626,9064,5972,11044,-76,22,118,8400,-9508,9680,-61,116,-148,-14128,4544,4848,-769,80,-29,-14164,-4148,6540,-263,117,-138,0
1786.387433052063,9104,6032,11644,-93,-10,116,8392,-9452,9432,-54,107,-150,-14120,4472,4884,-980,85,-13,-14200,-4256,6508,-478,108,-155,0
1786.4210391044617,9128,5932,11488,-161,-4,97,8416,-9520,9540,-63,148,-155,-14276,4500,4716,-979,98,-70,-14232,-4304,6424,-471,148,-122,0
1786.4542949199677,9112,5956,11348,-157,-25,75,8400,-9672,9652,-51,160,-175,-14148,4648,4952,-989,63,-110,-14336,-4212,6448,-476,177,-130,0
1786.4879660606384,9124,5872,11360,-228,-67,94,8396,-9540,9440,251,161,-172,-14012,4532,4752,-1005,84,-98,-14288,-4208,6360,-448,161,-107,0
1786.5214619636536,9076,5936,11420,-205,-123,132,8448,-9508,9616,249,122,-220,-14148,4756,4988,-999,143,-108,-14100,-4236,6548,-426,194,-39,0
1786.5549430847168,9052,6052,11472,-223,-202,168,8380,-9592,9620,-20,111,-216,-14124,4596,4888,-983,166,-153,-14180,-4136,6512,-488,181,-84,0
1786.5884730815887,9180,5800,11296,-159,-218,170,8376,-9576,9436,-81,101,-203,-14112,4544,4812,-943,114,-136,-14208,-4272,6376,-523,180,-73,0
1786.621994972229,9140,6100,11160,-183,-198,163,8420,-9504,9516,-87,117,-203,-14048,4568,4672,-1002,132,-134,-14156,-4200,6600,-502,199,-81,0
1786.6555480957031,9212,5956,11488,-242,-181,197,8344,-9444,9480,-27,99,-182,-14100,4404,4788,-988,207,-158,-14276,-4212,6396,-472,169,-44,0
1786.6929569244385,8984,5900,11164,-195,-176,196,8432,-9616,9624,-64,61,-237,-14228,4552,4604,-982,173,-110,-14316,-4104,6288,-488,193,-47,0
1786.7326109409332,9384,5812,11408,-242,-206,204,8444,-9488,9444,7,94,-231,-14332,4492,4668,-1003,199,-168,-14152,-4184,6320,-482,243,-51,0
1786.7687849998474,9140,5924,11224,-210,-184,170,8228,-9520,9572,13,70,-238,-14084,4492,4688,-1015,197,-150,-14280,-4176,6284,-476,254,-24,0
1786.8038611412048,8980,5636,11368,-175,-207,173,8460,-9592,9620,-10,39,-267,-14144,4512,4712,-1013,172,-162,-14260,-4200,6464,-480,241,-42,0
1786.8394119739532,9296,5788,11188,-228,-184,166,8532,-9508,9440,-16,70,-229,-14128,4492,4380,-959,202,-119,-14148,-4120,6404,-431,174,-86,0
1786.8750820159912,9292,5648,11168,-205,-149,186,8492,-9476,9300,-15,104,-203,-14068,4368,4576,-992,139,-156,-14184,-4164,6184,-456,188,-84,0
1786.9106860160828,9132,5824,11188,-210,-141,169,8428,-9464,9456,254,109,-178,-14108,4412,4880,-1011,137,-111,-14128,-4304,6352,-485,194,-80,0
1786.9471919536593,9228,5960,11212,-191,-160,149,8388,-9716,9712,-26,71,-199,-14068,4524,4740,-772,146,-57,-14288,-4316,6244,-518,212,-32,0
1786.982276916504,9264,5920,11416,-200,-182,205,8396,-9476,9244,-53,9,-213,-14068,4556,4648,-1040,219,-122,-14260,-4156,6560,-502,192,-16,0
1787.0184581279755,9192,5832,11316,-177,-174,212,8260,-9556,9484,-75,48,-242,-14068,4408,4828,-974,275,-97,-14188,-4148,6392,-495,257,-6,0
1787.0534620285034,9400,5712,11408,-190,-225,209,8472,-9540,9444,-38,11,-238,-14216,4560,4516,-982,229,-171,-14300,-4036,6344,-474,285,-22,0
1787.089273929596,9260,5792,11048,-194,-206,206,8576,-9572,9384,-40,54,-6,-14220,4440,4788,-992,176,-114,-14304,-4080,6544,-482,214,-47,0
1787.124608039856,9328,5836,11344,-212,-233,169,8504,-9224,9216,-72,103,-223,-14236,4116,4404,-985,156,-104,-14316,-4236,6544,-463,180,-54,0
1787.1606991291046,9268,5884,11284,-215,-142,160,8512,-9524,9428,-55,95,-196,-14176,4544,4532,-981,160,-94,-14304,-4164,6280,-455,141,-60,0
1787.1961390972137,9240,5852,11304,-213,-142,182,8516,-9536,9416,-56,44,-199,-14020,4392,4632,-771,188,-54,-14316,-4124,6308,-504,126,-77,0
1787.2318811416626,9324,5764,11204,-157,-99,171,8520,-9580,9428,-40,98,-182,-14132,4512,4728,-994,156,-132,-14284,-3884,5936,-258,168,-96,0
1787.2678110599518,9292,5780,11352,-121,-86,168,8548,-9488,9544,-13,76,-196,-14216,4412,4572,-1015,136,-63,-14240,-4336,6280,-490,159,-105,0
1787.302551031113,9392,5832,11204,-147,-71,98,8600,-9556,9676,-52,153,-168,-14228,4448,4676,-985,114,-80,-14224,-4096,6336,-478,137,-114,0
1787.3391890525818,9312,5880,11248,-175,-45,97,8540,-9684,9416,-39,164,-122,-14204,4388,4528,-1013,81,-21,-14304,-4320,6364,-471,101,-67,0
1787.3723499774933,9320,5916,11272,-176,19,125,8464,-9572,9680,-60,159,-128,-14036,4508,4860,-1009,85,-40,-14272,-4036,6376,-460,102,-120,0
1787.405503988266,9280,6140,11464,-164,-1,120,8540,-9480,9568,-80,128,-148,-14260,4460,4596,-994,100,253,-14216,-3932,6280,-491,88,-117,0
1787.4392161369324,9388,5804,11360,-146,-30,124,8540,-9592,9460,-83,158,-132,-14108,4496,4404,-1018,80,10,-14376,-4164,6268,-259,83,-126,0
1787.4729020595553,9268,5880,11120,-88,24,72,8540,-9560,9376,-41,157,-150,-14156,4564,4576,-1016,71,-23,-14268,-4116,6384,-516,116,-140,0
1787.5064949989319,9196,5860,11324,-106,249,77,8468,-9596,9332,-66,180,-149,-14188,4636,4568,-770,60,-29,-14248,-4156,6336,-470,105,-147,0
1787.5399479866028,9168,5704,11380,-143,8,72,8472,-9580,9332,253,182,-154,-14076,4616,4816,-1007,42,-66,-14204,-4028,6328,-476,101,-178,0
1787.575928926468,9320,5812,11476,-157,4,61,8452,-9532,9464,-39,173,-132,-14124,4660,4576,-1000,52,-48,-14284,-4236,6488,-496,110,-153,0
1787.6094999313354,9124,5848,11372,-145,-3,82,8452,-9556,9324,-25,190,-130,-14208,4468,4684,-983,72,-13,-14252,-4152,6476,-420,127,-133,0
1787.6427159309387,9252,5856,11340,-196,252,112,8372,-9508,9404,-91,176,-120,-14140,4552,4748,-972,109,-30,-14212,-4228,6432,-435,112,-81,0
1787.6763710975647,9304,5868,11192,-179,20,128,8492,-9556,9336,-141,127,-99,-14172,4556,4848,-936,111,-7,-14316,-4124,6352,-479,27,-141,0
1787.709953069687,9424,5852,11332,-140,0,89,8532,-9576,9532,-45,165,-86,-14156,4496,4564,-1030,8,-34,-14260,-3848,6452,-529,36,-178,0
1787.743602991104,9344,5764,11292,-76,80,88,8536,-9500,9524,-37,169,-79,-14156,4412,4600,-1080,10,9,-14372,-4104,6360,-511,25,-186,0
1787.7769680023193,9388,5800,11264,-29,66,75,8620,-9592,9452,-14,160,-82,-14232,4476,4576,-1094,4,35,-14296,-4076,6232,-573,73,-240,0
1787.810478925705,9376,5740,11332,-152,79,70,8524,-9628,9472,38,192,-101,-14224,4520,4600,-1131,-9,-17,-14148,-4080,6388,-257,66,-195,0
1787.8439729213715,9188,5720,11240,-130,99,38,8384,-9668,9284,48,177,-89,-14060,4596,4824,-1101,-2,-53,-14288,-4192,6460,-261,111,-226,0
1787.877303123474,9068,5844,11416,-82,83,19,8332,-9584,9448,43,230,-122,-14068,4624,4712,-1069,18,-61,-14112,-4080,6540,-516,96,-197,0
1787.91032910347,9004,6140,11264,-46,23,19,8336,-9696,9540,43,177,-218,-14044,4640,4796,-1041,70,-91,-14324,-4224,6248,-532,191,-166,0
1787.9441480636597,9008,5860,11376,-35,-44,23,8372,-9536,9572,-10,180,-219,-14112,4540,4716,-1008,28,-139,-14148,-4212,6624,-767,178,-177,0
1787.9775199890137,9132,5864,11284,-90,-62,27,8384,-9564,9440,-8,205,-207,-14152,4520,4696,-777,12,-130,-14272,-4164,6192,-514,193,-206,0
1788.0110671520233,9068,5832,11188,-95,-7,29,8504,-9496,9444,11,183,-196,-14136,4520,4692,-1031,20,-113,-14220,-4204,6452,-525,144,-236,0
1788.044487953186,9440,5880,11320,-95,-19,48,8192,-9244,9268,253,210,-181,-14208,4528,4776,-1051,3,-80,-14192,-4240,6584,-511,140,-212,0
1788.0779490470886,9224,5936,11216,-117,-18,57,8492,-9524,9576,5,196,-144,-14092,4456,4744,-1050,9,-72,-14288,-4184,6344,-561,151,-182,0
1788.1115319728851,9272,5932,11296,-67,-1,87,8452,-9556,9552,13,181,-156,-14176,4400,4620,-1091,42,-120,-14204,-4312,6320,-552,166,-165,0
1788.14484500885,9052,5948,11388,-48,-256,91,8500,-9664,9576,-1,170,-158,-14200,4460,4828,-1087,56,-64,-14200,-4256,6392,-549,143,-121,0
1788.178197145462,8960,6008,11080,-72,-24,75,8408,-9492,9636,-56,149,-131,-14144,4428,4740,-1023,82,-24,-14272,-4288,6320,-484,141,-146,0
1788.2117280960083,9184,6064,11504,-129,-22,94,8236,-9524,9536,-80,159,-127,-14128,4544,4736,-977,97,-247,-14184,-4240,6440,-483,70,-145,0
1788.245262145996,9180,5916,11408,-127,23,93,8484,-9480,9552,-83,160,-110,-14312,4532,4660,-997,70,-16,-14208,-4284,6340,-501,46,-96,0
1788.2785890102389,9396,5868,11384,-129,70,99,8360,-9600,9264,-67,173,-92,-14116,4520,4648,-1032,95,-18,-14176,-4256,6320,-492,88,-120,0
1788.3122100830078,9076,5868,11440,-174,6,124,8348,-9640,9572,-23,152,-134,-14072,4636,4736,-1007,89,-13,-14204,-4240,6464,-473,128,-104,0
1788.3452179431915,9068,5924,11504,-176,-32,112,8424,-9540,9380,-34,143,-163,-14080,4588,5048,-987,110,-88,-14172,-4196,6408,-489,133,-125,0
1788.383357048035,9140,5948,11020,-173,-96,116,8448,-9652,9556,-34,112,-208,-14084,4704,4684,-1013,115,-77,-14196,-4192,6496,-521,168,-117,0
1788.4193589687347,9124,5820,11328,-210,-122,137,8412,-9704,9264,18,104,-193,-13996,4376,4852,-1051,112,-173,-14208,-4256,6456,-498,212,-87,0
1788.4547700881958,9052,6008,11400,-153,-182,162,8504,-9676,9488,19,82,-223,-14076,4552,4640,-1063,178,-113,-14188,-4228,6420,-524,197,-51,0
1788.4903120994568,9036,5988,11496,-193,-205,149,8368,-9672,9472,-9,92,-249,-14088,4564,4504,-994,144,-203,-14276,-4268,6492,-528,239,-57,0
1788.5255260467527,9116,5640,11472,-280,-226,191,8512,-9508,9480,-256,111,-250,-14124,4504,4532,-992,134,-175,-14216,-4328,6448,-463,259,-60,0
1788.561362028122,9168,5860,11272,-7,-214,185,8496,-9420,9436,32,85,-233,-14120,4492,4640,-1010,140,-179,-14296,-4252,6592,-464,217,-84,0
1788.5974020957947,9152,5868,11152,-243,-9,155,8428,-9512,9496,40,80,-262,-14240,4440,4784,-1003,124,-169,-14304,-4196,6448,-480,198,-132,0
1788.6325359344485,9260,5932,11496,-246,-206,114,8472,-9472,9628,-22,124,-268,-14132,4472,4488,-985,95,-121,-14116,-4196,6176,-498,190,-78,0
1788.6681900024414,9300,5652,11040,-214,-192,123,8496,-9704,9536,-24,131,-239,-14148,4444,4792,-989,116,-150,-14184,-4280,6308,-471,206,-95,0
1788.7039079666138,9172,6128,11036,-204,-172,110,8472,-9592,9416,-8,126,-240,-14152,4480,4760,-1020,108,-124,-14236,-4204,6368,-468,197,-115,0
1788.7398581504822,9232,5832,11420,-235,-131,92,8480,-9596,9440,23,149,-194,-14136,4516,4804,-1043,73,-79,-14244,-4160,6376,-487,196,-139,0
1788.7751560211182,9180,5844,11388,-265,-92,100,8224,-9588,9588,48,130,-222,-14108,4520,4600,-1051,60,-153,-14084,-4208,6500,-496,248,-94,0
1788.810821056366,8980,5640,11304,-146,-185,136,8492,-9604,9524,24,71,-231,-14116,4396,4616,-1029,79,-118,-14260,-4308,6364,-507,143,-126,0
1788.845999956131,9336,5860,11388,-108,-170,129,8440,-9652,9324,-95,91,-199,-14128,4440,4760,-993,59,-89,-14188,-4344,6296,-541,95,-177,0
1788.8815541267395,9272,5800,11248,-115,-138,99,8400,-9464,9324,-58,139,-198,-13932,4496,4824,-966,28,-8,-14132,-4316,6620,-459,123,-153,0
1788.9177000522614,9272,5820,11296,-82,-74,107,8444,-9484,9504,-63,130,-181,-14124,4568,4620,-991,68,-56,-14280,-4284,6312,-537,156,-174,0
1788.9526970386503,9236,5972,11476,-121,-91,82,8692,-9532,9256,-42,148,-196,-14164,4464,4628,-1035,55,-29,-14168,-4228,6552,-483,152,-154,0
1788.9878921508787,9152,5636,11408,-123,-110,102,8460,-9576,9696,14,139,-224,-14116,4544,4796,-979,79,-104,-14232,-4176,6484,-479,225,-119,0
1789.0237510204315,9304,5980,11388,-130,-157,106,8492,-9580,9416,-20,108,-511,-14132,4484,4848,-1052,85,-170,-14272,-4260,6344,-494,211,-157,0
1789.0572979450226,9212,5944,11316,-92,-195,88,8540,-9512,9440,-62,103,-512,-14060,4448,4620,-982,95,-157,-14220,-4300,6380,-501,144,-151,0
1789.0909140110016,9360,5904,11160,-128,-113,77,8476,-9500,9416,-36,173,-195,-14076,4472,4620,-1048,68,-108,-14168,-4156,6160,-257,126,-149,0
1789.1244311332705,9212,5884,11196,-188,-48,116,8432,-9492,9516,35,180,-148,-14092,4412,4724,-1039,51,-36,-14284,-4224,6296,-506,133,-147,0
1789.1576759815216,9388,5944,11380,-147,-42,101,8568,-9620,9540,-79,123,-139,-14164,4424,4816,-1061,80,-27,-14160,-4284,6304,-504,89,-117,0
1789.1913919448853,9224,5928,11356,-157,12,82,8484,-9536,9492,-32,162,-124,-14116,4440,4792,-1010,72,-36,-13908,-4164,6264,-491,100,-133,0
1789.224914073944,9268,5876,11360,-150,-19,113,8428,-9556,9404,-18,137,-163,-14128,4444,4692,-1027,95,-89,-14152,-4252,6288,-483,186,-117,0
1789.2582399845123,9200,5852,11124,-89,-63,146,8536,-9544,9700,-37,112,-133,-14140,4504,4848,-1003,126,-43,-14236,-4316,6516,-468,133,-128,0
1789.291829109192,9228,5936,11504,-111,-32,118,8348,-9708,9416,-100,120,-125,-13980,4460,4720,-990,111,13,-14272,-4296,6416,-500,86,-143,0
1789.3254160881045,9172,5864,11344,-126,-25,92,8436,-9460,9476,-85,186,-148,-13896,4520,4788,-962,74,-22,-14208,-4260,6252,-466,87,-119,0
1789.3588011264799,8968,6140,11060,-114,27,90,8616,-9512,9488,-38,183,-145,-14244,4480,4616,-1021,94,-81,-14184,-4196,6644,-485,157,-116,0
1789.3919110298157,9080,5948,11268,-125,-27,63,8436,-9508,9484,-18,145,-169,-14076,4432,4896,-1016,132,-55,-14188,-4296,6472,-519,199,-147,0
1789.425495147705,9144,5812,11380,-72,-71,105,8504,-9536,9372,-68,106,-223,-13860,4440,4652,-993,150,-100,-14232,-4248,6616,-468,192,-116,0
1789.4590549468994,9320,5952,11296,-125,-92,95,8312,-9544,9864,-68,148,-224,-14252,4588,4692,-984,116,-72,-14296,-4156,6452,-475,168,-73,0
1789.4925379753113,9280,5936,11364,-164,-34,113,8244,-9548,9700,-54,156,-179,-14336,4516,4672,-980,117,-68,-14236,-4172,6436,-767,169,-105,0
1789.5261480808258,9336,5932,11436,-169,-71,117,8248,-9256,9440,-32,98,-200,-13924,4432,4828,-1007,138,-85,-14276,-4304,6392,-460,127,-93,0
1789.5597541332245,8992,5928,11164,-145,-10,132,8476,-9628,9552,-30,154,-134,-14160,4488,4832,-1039,72,247,-14276,-4260,6224,-501,126,-120,0
1789.5933439731598,9224,6004,11384,-156,23,123,8420,-9448,9472,-14,132,-158,-14100,4408,4704,-997,107,-26,-14240,-4192,6648,-488,79,-130,0
1789.626935005188,9124,6116,11344,-162,-19,106,8632,-9720,9476,-14,161,-173,-14160,4424,4824,-987,93,-87,-14156,-4200,6308,-486,136,-142,0
1789.6601650714874,9200,5992,11412,-167,-73,79,8520,-9580,9504,-28,188,-167,-14104,4432,4752,-978,72,-125,-14100,-4200,6356,-484,163,-110,0
1789.69379901886,9044,5976,11220,-152,-38,105,8276,-9560,9592,-29,150,-179,-14100,4456,4796,-1036,96,-90,-14216,-4284,6416,-489,155,-99,0
1789.7274889945984,9120,5940,11348,-151,-52,87,8488,-9620,9476,1,136,-166,-13840,4492,4744,-1270,82,-90,-14132,-4200,6312,-503,151,-141,0
1789.760905981064,9164,5956,11292,-131,-80,103,8676,-9508,9684,-38,131,-172,-14036,4424,4860,-1038,138,-53,-14164,-4248,6388,-481,158,-112,0
1789.7942991256714,9164,5688,11160,-145,-97,107,8432,-9584,9404,-42,168,-202,-14112,4532,4632,-978,126,-82,-14224,-4216,6476,-459,143,-146,0
1789.8279039859772,9208,5908,11360,-158,-31,109,8472,-9508,9300,-60,130,-180,-14124,4448,4908,-1002,108,-58,-14240,-4228,6264,-463,74,-101,0
1789.8613150119781,9184,5808,11176,-118,-253,71,8488,-9572,9400,-75,168,-155,-14164,4512,4664,-1004,38,-38,-14208,-4232,6276,-485,88,-193,0
1789.8948340415955,9112,5908,11040,-150,-10,75,8636,-9420,9480,-32,220,-140,-13864,4496,4684,-1275,53,-232,-14140,-4308,6372,-491,81,-167,0
1789.9282059669495,9172,6004,11212,-114,46,49,8468,-9572,9576,-120,95,-181,-14080,4452,4904,-1079,144,-33,-14264,-4208,6188,-477,131,-115,0
1789.9618561267853,9236,5928,11260,-134,246,77,8512,-9620,9544,-63,174,-151,-14100,4440,4620,-1020,106,-55,-14220,-4208,6164,-473,125,-141,0
1789.995551109314,9140,6012,11324,-156,19,68,8412,-9476,9368,-36,211,-190,-14088,4460,4756,-1010,81,-46,-14124,-4288,6556,-530,142,-184,0
1790.0313169956207,9144,5952,11252,-110,-16,63,8524,-9548,9712,-53,153,-150,-14080,4472,4744,-954,77,-36,-14176,-4304,6400,-513,90,-153,0
1790.0676219463348,9148,5964,11308,-101,45,65,8544,-9560,9516,-131,162,-139,-14252,4476,4812,-974,80,7,-14204,-4320,6344,-497,99,-135,0
1790.1028130054474,8980,6040,11156,-132,47,97,8320,-9544,9396,-86,132,-130,-14108,4576,4776,-992,72,-11,-14200,-4244,6440,-469,74,-132,0
1790.13813495636,9076,5876,11408,-107,30,81,8448,-9540,9532,-50,173,-116,-13840,4448,5024,-996,90,-55,-14128,-4240,6416,-471,121,-143,0
1790.1734340190887,9116,5976,11412,-172,-46,102,8236,-9632,9636,1,193,-166,-14016,4356,4760,-1031,83,-95,-14124,-4164,6572,-484,190,-93,0
1790.2091879844666,9088,5980,11344,-188,-104,148,8280,-9716,9484,26,112,-212,-14100,4384,4896,-948,152,-191,-14184,-4284,6492,-445,216,-43,0
1790.2441411018372,9104,5920,11544,-128,-136,160,8412,-9652,9228,-35,134,-233,-14160,4644,5044,-948,108,-162,-14092,-4216,6480,-460,202,-95,0
1790.2796609401703,8992,5824,11616,-141,-211,137,8404,-9632,9272,-35,180,-241,-13980,4504,4528,-940,86,-151,-14192,-4272,6444,-504,243,-136,0
1790.31467795372,9188,5964,11020,-215,-218,131,8432,-9624,9388,-6,158,-228,-14064,4508,4728,-974,133,-107,-14140,-4224,6484,-431,226,-86,0
1790.3505971431732,9108,5892,11280,-219,-172,126,8300,-9596,9496,-41,141,-11,-14184,4572,4852,-975,137,-163,-14136,-4264,6272,-448,209,-83,0
1790.385999917984,9216,5932,11316,-275,-174,125,8228,-9608,9268,-6,118,-239,-13996,4544,4624,-999,177,-117,-14144,-4196,6404,-471,245,-47,0
1790.42178606987,8996,5992,11480,-300,-261,190,8432,-9496,9572,24,82,-241,-14096,4476,4720,-986,186,-193,-14244,-4308,6592,-478,252,-19,0
1790.4580731391907,9120,5964,11196,-213,-251,185,8664,-9632,9616,-13,62,-225,-14144,4448,4676,-1019,209,-193,-14244,-4248,6336,-491,279,-55,0
1790.493623971939,9424,5940,11508,-232,-307,205,8544,-9456,9232,10,77,-266,-14188,4444,4908,-1024,200,-114,-14336,-4168,6304,-504,209,-58,0
1790.52947807312,9292,5740,11216,-268,-237,190,8524,-9536,9592,15,86,-218,-14212,4456,4740,-985,162,-131,-14232,-4284,6416,-444,137,-70,0
1790.5649309158323,9348,5992,11308,-225,-155,151,8500,-9716,9560,4,115,-186,-14160,4544,4608,-956,132,-85,-14220,-4132,6280,-459,172,-96,0
1790.6002280712128,9400,6124,11036,-230,-184,139,8436,-9540,9440,-16,108,-216,-14108,4464,4856,-1039,141,-99,-14280,-4136,6500,-461,140,-96,0
1790.6354429721832,9196,5964,11308,-244,-171,132,8420,-9376,9500,-27,104,-225,-14320,4448,4756,-1003,195,-77,-14196,-4172,6384,-497,147,-46,0
1790.6710200309753,9216,5936,11328,-212,-197,205,8376,-9604,9524,-13,96,-196,-14164,4400,4624,-964,192,-64,-14244,-4228,6404,-462,212,-63,0
1790.7066040039065,9348,6100,11460,-207,-214,193,8212,-9596,9372,-40,60,-218,-14132,4520,4676,-973,182,-133,-14292,-4136,6464,-488,225,-35,0
1790.740035057068,9308,5860,11496,-254,-242,198,8500,-9532,9716,-31,84,-272,-14208,4500,4652,-996,183,-155,-14212,-4132,6404,-467,239,-38,0
1790.7736611366272,9236,5832,11280,-237,-256,205,8592,-9276,9304,8,101,-259,-14084,4388,4700,-1027,163,-181,-14140,-4268,6356,-484,236,-115,0
1790.8074820041656,9224,5876,11444,-203,-206,173,8512,-9724,9496,-13,67,-3,-14088,4552,4848,-1043,125,-159,-14328,-4196,6352,-492,203,-118,0
1790.8409991264343,9312,5900,11292,-139,-203,144,8560,-9464,9376,-11,91,-223,-14220,4444,4636,-1025,106,-104,-14292,-4176,6288,-529,166,-159,0
1790.8744010925293,9548,5872,11124,-168,-163,95,8568,-9716,9488,-9,175,-187,-14116,4408,4640,-983,46,-118,-14236,-4352,6272,-495,136,-170,0
1790.9079060554504,9168,6128,10864,-189,-73,112,8672,-9304,9356,-11,170,-149,-14140,4592,4524,-994,44,-72,-14184,-4180,6192,-478,121,-132,0
1790.9413270950317,9372,5932,11388,-114,-74,78,8384,-9504,9696,-76,143,-165,-14168,4404,4756,-1011,101,-88,-14536,-4108,6272,-450,160,-118,0
1790.9751110076904,9264,5828,11248,-193,-39,106,8540,-9480,9432,-9,177,-162,-14324,4448,4684,-1274,117,-37,-14200,-4200,6316,-488,127,-170,0
1791.0086600780487,9336,6044,11280,-175,-19,105,8552,-9540,9584,-255,187,-153,-13832,4416,4752,-1008,115,-55,-14212,-4292,6388,-495,149,-133,0
1791.0421271324158,9348,5936,11008,-151,-23,119,8488,-9272,9588,-40,158,-127,-14224,4440,4660,-1022,110,-65,-14320,-4232,6404,-456,126,-117,0
1791.0754871368408,9312,5636,11376,-146,-28,94,8508,-9724,9568,-82,178,-153,-14152,4416,4844,-950,51,-74,-14168,-4240,6376,-491,103,-147,0
1791.1091721057892,9244,5860,11332,-105,-35,64,8508,-9540,9332,-76,188,-134,-14216,4424,4720,-990,66,-39,-14208,-4260,6348,-503,91,-134,0
1791.1423070430756,9240,5820,11452,-56,-40,78,8556,-9276,9720,-58,194,-166,-14332,4380,4572,-1007,83,-56,-14216,-4228,6328,-500,107,-153,0
1791.1759550571442,9164,5932,11184,-155,-64,105,8352,-9576,9680,-67,186,-145,-14228,4368,4836,-1012,118,-44,-14264,-4240,6284,-498,145,-103,0
1791.2095730304718,9368,5832,11336,-140,-73,113,8512,-9472,9448,-69,125,-168,-14140,4540,4640,-1029,118,-60,-14244,-4168,6332,-497,164,-117,0
1791.243266105652,9324,5800,11280,-116,-33,88,8532,-9588,9532,-75,173,-140,-14208,4520,4772,-1008,74,-51,-14220,-4228,6388,-481,109,-162,0
1791.2768149375916,9348,5872,11332,-111,-65,80,8488,-9436,9484,-83,244,-226,-14052,4480,4772,-1058,86,-49,-14064,-4132,6420,-507,103,-164,0
1791.310459136963,9248,5760,11048,-94,-7,62,8508,-9612,9312,-31,192,-182,-14240,4604,4812,-971,39,-68,-14224,-4208,6236,-488,112,-162,0
1791.3441541194916,9272,5812,11408,-118,-9,30,8584,-9728,9260,-60,188,-182,-14144,4348,4680,-920,251,-34,-14268,-4260,6232,-446,77,-187,0
1791.3776440620422,9352,5928,11040,-147,68,9,8520,-9488,9580,-97,197,-168,-14176,4544,5068,-953,4,-38,-14280,-4208,6264,-436,70,-171,0
1791.4110929965973,9456,6096,11440,-180,16,6,8464,-9436,9616,-69,206,-137,-13896,4404,4672,-975,9,-34,-14188,-4268,6380,-479,90,-211,0
1791.4442870616913,9176,5916,11332,-140,63,67,8324,-9560,9544,-53,118,-113,-14052,4432,4852,-1007,67,43,-14156,-4208,6260,-517,58,-155,0
1791.4774260520935,9188,6044,11116,-80,11,118,8352,-9468,9432,-114,126,-132,-13880,4476,4740,-1035,97,-253,-14376,-4140,6652,-262,80,-95,0
1791.5111100673676,9236,5840,11408,-131,18,124,8268,-9576,9508,-88,111,-114,-13868,4600,4664,-1034,149,-37,-14128,-4212,6364,-481,85,-68,0
1791.5447070598602,9388,5884,11348,-114,34,150,8456,-9544,9468,-78,61,-133,-14168,4536,4840,-1060,144,13,-14284,-4280,6260,-536,76,-101,0
1791.5781779289246,9296,5912,11336,-62,53,137,8420,-9516,9256,-106,132,-58,-14140,4476,5032,-1019,92,42,-14300,-4296,6276,-522,12,-133,0
1791.61177611351,9128,5888,11488,-32,41,123,8476,-9588,9332,-96,130,-97,-14184,4484,4784,-979,96,42,-14256,-4184,6640,-257,62,-113,0
1791.6449401378632,9096,5832,11316,-99,38,91,8416,-9588,9652,-117,131,-132,-14164,4500,4876,-980,101,-33,-14100,-4172,6360,-509,91,-143,0
1791.6784150600433,9128,5900,11436,-108,251,58,8496,-9576,9468,-55,157,-156,-14008,4396,4708,-1002,50,-82,-14124,-4276,6212,-766,153,-174,0
1791.7145080566406,9152,5788,11104,-57,-25,23,8376,-9604,9420,-21,222,-201,-14104,4600,4684,-1025,25,-66,-14188,-4144,6368,-504,198,-194,0
1791.7553539276123,9196,5832,11356,-88,-41,55,8668,-9928,9236,-19,193,-219,-14052,4564,4796,-1277,52,-139,-14200,-4212,6412,-490,154,-201,0
1791.7919719219208,9140,6140,11312,-57,-16,7,8444,-9660,9412,16,498,-204,-14096,4572,4640,-774,20,-102,-14192,-4204,6424,-531,215,-229,0
1791.827868938446,9088,6008,11268,-73,-54,18,8352,-9836,9724,47,218,-218,-14012,4520,4896,-1017,92,-123,-14204,-4388,6400,-511,224,-172,0
1791.86350107193,9140,6068,11380,-71,-96,63,8412,-9496,9744,-44,118,-243,-13940,4444,4700,-978,178,-155,-14312,-4584,6352,-445,222,-86,0
1791.8987879753113,9228,6128,11464,-136,-110,109,8376,-9388,9612,-126,104,-271,-14088,4364,4932,-858,226,-83,-14328,-4360,6540,-382,198,-26,0
1791.9341020584109,9192,6184,11280,-234,-142,147,8416,-9472,9496,-148,88,-261,-14148,4480,4764,-815,269,-109,-14240,-4260,6280,-376,503,-30,0
1791.9702651500702,8972,6144,11224,-180,-205,189,8516,-9568,9484,-133,67,-506,-14136,4524,4664,-877,266,-140,-14592,-4196,6336,-452,254,36,0
1792.005394935608,9260,5972,11276,-133,-212,215,8516,-9524,9712,-131,23,-268,-14328,4508,4716,-966,207,-66,-14284,-4172,6380,-509,198,-17,0
1792.0409791469574,9432,5964,11272,-171,-153,218,8192,-9436,9332,-119,56,-174,-14008,4544,4632,-997,209,16,-14220,-4120,6452,-543,150,65,0
1792.0761201381683,9140,5872,11380,-226,-117,320,8308,-9664,9392,-124,9,-72,-14028,4660,4548,-1070,244,-230,-14120,-4132,6596,-564,126,120,0
1792.1119401454926,9160,5884,11372,-276,-47,395,8448,-9568,9348,-40,-46,-12,-13840,4552,4664,-1092,318,38,-14336,-4304,6380,-528,66,140,0
1792.147588968277,9220,6100,11364,-248,-36,387,8408,-9596,9432,-137,-46,-48,-14116,4176,4656,-1011,364,28,-14140,-4368,6428,-477,71,123,0
1792.1826181411743,9420,6120,11304,-314,-140,353,8372,-9496,9312,-121,-16,-139,-14120,4608,4644,-935,337,-54,-14292,-4184,6368,-421,182,75,0
1792.2180860042572,9328,5820,11472,-287,-174,286,8484,-9512,9236,-124,-2,-210,-14184,4512,4700,-920,287,-105,-14156,-4100,6512,-458,219,20,0
1792.2532329559326,9228,5776,11336,-242,-233,169,8644,-9624,9428,-83,98,-263,-14208,4648,4800,-911,141,-171,-14224,-3844,6392,-417,208,-83,0
1792.2893431186676,9348,5772,11468,-267,-240,91,8608,-9656,9332,-74,182,-309,-14192,4544,4804,-862,64,-129,-14516,-3848,6260,-413,239,-122,0
1792.3249349594116,9364,5676,11116,-283,-219,43,8580,-9488,9228,-74,243,-267,-14168,4712,4560,-880,44,-182,-14384,-3940,6396,-437,215,-155,0
1792.361788034439,9428,5748,11500,-269,-219,89,8648,-9536,9644,19,185,-235,-14056,4560,4440,-984,72,-157,-14084,-4012,6248,-464,204,-139,0
1792.3952069282532,9308,5832,11316,-211,-160,129,8464,-9600,9228,-249,148,-198,-14152,4512,4484,-1038,100,-121,-14228,-4020,6348,-502,191,-79,0
1792.428758144379,9392,5936,11332,-218,-143,151,8460,-9544,9436,11,122,-163,-14144,4508,4444,-1045,96,-106,-14324,-4204,6324,-493,144,-89,0
1792.4622781276703,9296,6080,11096,-244,-90,176,8448,-9552,9512,19,120,-132,-13844,4468,5016,-1041,123,-85,-14280,-4216,6240,-508,134,-57,0
1792.4959371089935,9256,5864,11208,-211,-82,193,8492,-9496,9556,-4,116,-131,-14084,4480,4636,-1054,155,-68,-14268,-4260,6232,-474,128,-62,0
1792.529145002365,9432,6012,11356,-232,-119,203,8492,-9468,9564,-42,116,-157,-14000,4412,4916,-1000,149,-16,-14228,-4168,6484,-465,114,-51,0
1792.562737941742,9296,6000,11372,-238,-132,169,8436,-9240,9456,-84,92,-159,-14164,4444,4744,-904,212,-21,-14252,-4248,6500,-438,86,-34,0
1792.596538066864,9248,5880,11276,-177,-64,170,8448,-9716,9460,-142,97,-162,-14204,4516,4600,-921,147,-6,-14268,-4336,6244,-461,89,-66,0
1792.6299121379852,9388,5788,11276,-151,-40,162,8624,-9584,9320,-112,109,-105,-14184,4456,4716,-979,97,218,-14292,-3864,6312,-488,44,-142,0
1792.66348195076,9408,5784,11032,-152,50,104,8508,-9564,9348,-37,125,-149,-14140,4572,4576,-780,114,-32,-14220,-4012,6304,-491,123,-135,0
1792.697118997574,9188,5848,11508,-166,-27,66,8520,-9704,9320,40,131,-195,-14180,4620,4724,-1064,114,-54,-14268,-3920,6424,-461,146,-165,0
1792.730565071106,9256,5640,11340,-156,37,51,8620,-9644,9396,27,142,-194,-14276,4684,4680,-1033,87,-89,-14264,-4064,6532,-471,115,-143,0
1792.763906955719,9316,5692,11560,-120,-38,55,8460,-9796,9220,10,186,-158,-14212,4660,4600,-1026,15,-106,-14232,-4100,6496,-481,166,-203,0
1792.7974450588226,9288,5656,11292,-122,-56,43,8476,-9732,9464,31,214,-193,-13992,4624,4676,-1033,13,-155,-14236,-4144,6380,-506,139,-206,0
1792.8311171531675,9152,5772,11084,-74,31,19,8684,-9568,9424,-24,177,-156,-13832,4512,4740,-1031,-17,-79,-14220,-4168,6276,-519,56,-512,0
1792.8648841381073,9308,5776,11384,-111,23,6,8572,-9656,9340,-25,234,-148,-14204,4544,4684,-1013,-55,-20,-14316,-4108,6528,-493,81,-256,0
1792.8982470035553,9344,5760,11416,-158,55,-12,8468,-9704,9352,3,223,-151,-14180,4540,4724,-1048,-32,-36,-14144,-4176,6244,-493,63,-265,0
1792.931792974472,9264,5860,11344,-57,77,249,8448,-9548,9664,39,199,-157,-14032,4436,4680,-1046,-40,-69,-14136,-4220,6368,-510,115,-9,0
1792.9650211334229,8972,5964,11452,-28,23,16,8436,-9556,9540,27,173,-158,-14208,4416,4692,-1027,11,-81,-14256,-4120,6336,-501,90,-232,0
1792.998696088791,9240,5892,11288,-56,-29,14,8460,-9712,9508,-26,177,-196,-14156,4508,4784,-960,31,-79,-14348,-4136,6360,-496,102,-189,0
1793.0322380065918,9228,5960,11208,-71,-58,32,8476,-9552,9536,-76,143,-208,-14108,4576,4800,-997,34,-249,-14340,-4176,6244,-496,109,-207,0
1793.0655369758606,9372,5880,11252,-98,-15,51,8332,-9496,9592,3,137,-161,-14128,4496,4708,-1027,31,-24,-14208,-4240,6420,-765,76,-206,0
1793.0992591381073,9216,6000,11380,-62,4,47,8400,-9576,9512,-27,104,-126,-13996,4444,4636,-1003,73,-34,-14228,-4256,6360,-468,68,-172,0
1793.1326849460602,9096,5968,11284,-115,254,81,8408,-9708,9388,-65,188,-114,-13984,4596,4644,-1030,32,255,-14240,-4136,6384,-546,45,-174,0
1793.1656849384308,9100,5632,11364,-82,16,65,8496,-9712,9504,-50,145,-151,-14304,4552,4832,-977,71,-251,-14164,-4068,6452,-257,100,-162,0
1793.1994280815125,9168,5896,11352,-58,-42,73,8628,-9612,9620,-49,80,-185,-14060,4428,4856,-1012,94,-36,-14160,-4172,6592,-518,138,-122,0
1793.2329580783844,9148,5800,11324,-96,-20,130,8380,-9568,9392,-41,100,-123,-14100,4504,4580,-981,129,-76,-14276,-4196,6492,-766,115,-119,0
1793.2665500640867,9244,6036,11440,-45,-36,93,8408,-9664,9488,-129,127,-159,-14072,4636,4752,-975,127,-71,-14092,-4164,6612,-502,111,-122,0
1793.3000869750977,9064,5908,11432,-134,-49,106,8648,-9616,9356,-76,142,-161,-14112,4620,4744,-972,83,-31,-14172,-4208,6408,-493,134,-151,0
1793.333683013916,9228,5852,11036,-111,-24,94,8440,-9628,9376,-57,165,-164,-14168,4592,4656,-1028,73,-23,-14244,-4132,6152,-470,127,-84,0
1793.3674149513245,9196,5820,11116,-121,-33,89,8700,-9716,9356,6,154,-159,-14392,4536,4740,-1029,54,-88,-14144,-4140,6352,-499,169,-104,0
1793.4042959213257,9112,5936,11336,-190,-89,111,8404,-9636,9528,27,126,-218,-14084,4608,4664,-972,114,-164,-14200,-4212,6472,-463,222,-44,0
1793.4397790431976,9152,6088,11380,-122,-145,136,8456,-9600,9540,-62,114,-200,-14088,4596,4636,-978,80,-139,-14316,-4160,6456,-460,150,-97,0
1793.4747519493103,9296,5948,11296,-155,-160,126,8696,-9588,9508,-72,149,-167,-14124,4532,4700,-967,46,-97,-14200,-4256,6440,-260,84,-160,0
1793.5105400085447,9180,5872,11088,-156,-59,112,8644,-9584,9396,-20,175,-93,-14024,4532,4400,-1037,57,-256,-14152,-4184,6200,-498,26,-139,0
1793.5458290576935,9216,5984,11180,-195,57,112,8420,-9544,9468,-63,191,-80,-13848,4384,4640,-1279,78,234,-14312,-4188,6368,-462,90,-115,0
1793.5813760757446,9260,5928,11172,-252,38,85,8364,-9648,9480,-46,214,-115,-14136,4536,4680,-1015,96,-29,-14100,-4060,6408,-446,161,-115,0
1793.6173350811005,9196,5668,11372,-222,6,113,8208,-9928,9420,-7,125,-172,-14140,4688,4708,-1034,121,-115,-14128,-4112,6428,-499,213,-109,0
1793.6522510051727,9192,5836,11276,-145,-41,112,8436,-9684,9480,-18,115,-200,-14064,4624,4612,-1018,124,-86,-14196,-4272,6652,-472,179,-132,0
1793.6881279945374,9160,5796,11456,-175,-64,91,8412,-9892,9716,-27,153,-199,-13864,4608,4788,-971,85,-120,-14168,-4172,6500,-490,154,-122,0
1793.7231421470642,9100,5912,11444,-178,-54,86,8652,-9644,9524,-45,175,-161,-14084,4700,4684,-983,110,-75,-14188,-4132,6452,-487,138,-143,0
1793.758679151535,9168,5876,11316,-158,-51,77,8436,-9704,9356,-20,153,-154,-14108,4608,4832,-987,77,-101,-14140,-3896,6424,-507,155,-141,0
1793.7935781478882,9172,5984,11444,-179,-10,132,8336,-9608,9496,4,154,-168,-13952,4540,4664,-1000,90,-105,-14116,-4304,6412,-475,163,-128,0
1793.8286819458008,9112,5916,11332,-178,-67,132,8476,-9632,9332,-25,111,-184,-14096,4516,4652,-979,124,-90,-14276,-4376,6408,-473,189,-106,0
1793.8636400699615,9116,5908,11408,-209,-70,129,8356,-9564,9384,-38,85,-215,-14124,4400,4788,-974,149,-93,-14188,-4148,6388,-476,199,-87,0
1793.899649143219,9340,5764,11328,-184,-94,132,8396,-9688,9396,-23,130,-218,-14160,4800,4760,-990,125,-126,-14240,-4232,6216,-480,194,-104,0
1793.9348990917206,9076,5928,11296,-169,-104,110,8640,-9584,9628,-22,135,-182,-14144,4528,4716,-1001,79,-56,-14284,-4232,6380,-493,126,-150,0
1793.9708981513975,9160,5904,11488,-195,-56,87,8412,-9656,9448,-15,176,-142,-13892,4760,4768,-1005,88,-50,-14240,-4180,6480,-460,124,-128,0
1794.0056710243223,9152,5860,11408,-250,-44,118,8396,-9676,9460,255,168,-184,-14304,4508,4820,-979,69,-110,-14140,-4188,6208,-476,140,-97,0
1794.0425140857697,9428,5676,11364,-222,-93,130,8472,-9632,9516,2,157,-157,-14100,4536,4836,-1021,102,-86,-14268,-4208,6364,-496,139,-117,0
1794.075756072998,9032,5904,11420,-184,-118,167,8384,-9704,9408,17,112,-198,-13840,4516,4636,-1020,84,-81,-14148,-4208,6380,-515,179,-75,0
1794.1093130111694,8960,6108,11388,-221,-207,175,8380,-9700,9252,5,119,-218,-14336,4576,4800,-1022,125,-107,-14168,-4228,6144,-494,190,-111,0
1794.1426939964294,9176,5660,11656,-172,-185,155,8504,-9664,9324,-7,96,-210,-14136,4844,4752,-1007,133,-154,-14208,-4152,6600,-508,157,-79,0
1794.1761300563812,9172,5860,11280,-211,-168,163,8532,-9596,9404,31,108,-201,-14096,4556,4776,-1033,127,-155,-14192,-4212,6516,-261,233,-121,0
1794.2096691131592,9024,5904,11340,-250,-189,141,8368,-9588,9488,98,167,-256,-14044,4468,4764,-1059,109,-187,-14264,-4240,6296,-493,258,-129,0
1794.2431111335754,9116,5680,11020,-184,-206,113,8416,-9616,9476,52,160,-277,-14208,4548,4680,-1020,107,-213,-14156,-4196,6360,-459,276,-122,0
1794.2764351367953,9176,5892,11416,-232,-296,118,8468,-9624,9368,38,145,-313,-14192,4364,4800,-990,126,-233,-14272,-4188,6464,-426,311,-120,0
1794.310091972351,9352,5856,11036,-511,-510,126,8412,-9564,9388,51,145,-2,-14140,4384,4748,-998,109,-237,-14192,-4168,6364,-480,508,-108,0
1794.343740940094,9004,6112,11356,-190,-256,128,8384,-9600,9396,50,118,-283,-14136,4528,4452,-983,123,-190,-14248,-4176,6368,-473,189,-146,0
1794.3772540092468,9164,5648,11324,-211,-220,143,8368,-9600,9460,22,132,-225,-14128,4580,4844,-1027,95,-111,-14156,-4224,6328,-530,213,-138,0
1794.4104750156405,9160,5960,11312,-225,-194,165,8500,-9568,9508,15,115,-216,-13828,4460,4700,-1019,156,-137,-14136,-4144,6332,-503,190,-76,0
1794.4438850879667,9256,6116,11204,-168,-224,161,8496,-9500,9612,-2,95,-225,-14140,4480,4720,-1019,182,-192,-14212,-4216,6348,-527,215,-55,0
1794.4773030281067,9384,5872,11012,-183,-219,216,8456,-9472,9484,-12,53,-194,-14088,4436,4720,-1036,175,-94,-14244,-4144,6240,-524,164,-62,0
1794.5105109214785,9316,5820,11276,-100,-113,174,8544,-9364,9528,-45,28,-191,-14168,4400,4684,-1030,157,-61,-14272,-4272,6284,-485,141,-120,0
1794.544137954712,9312,5800,11360,-145,-41,125,8504,-9688,9476,-47,143,-158,-14200,4116,4464,-1009,107,-11,-14308,-4192,6308,-481,56,-174,0
1794.5776751041412,9440,5804,11388,-151,23,60,8564,-9508,9468,-50,181,-125,-14256,4464,4684,-1002,48,-28,-14140,-4160,6312,-478,96,-194,0
1794.61132311821,9296,5640,11268,-173,56,60,8388,-9560,9444,20,183,-123,-14144,4544,4784,-1027,71,4,-14128,-4208,6248,-454,134,-123,0
1794.6442461013794,9132,5776,11448,-170,16,86,8344,-9520,9500,-25,134,-150,-14036,4852,4680,-770,116,-20,-14112,-4216,6536,-451,158,-97,0
1794.677927017212,9280,5876,11468,-158,-30,97,8340,-9640,9464,-51,75,-184,-14288,4620,4852,-994,135,-36,-14412,-4168,6504,-472,118,-122,0
1794.7116730213163,9020,5784,11112,-144,-15,104,8496,-9664,9488,-73,112,-165,-14200,4520,4648,-986,89,-58,-14272,-4272,6156,-502,63,-125,0
1794.745234966278,8960,5848,11024,-99,-7,80,8432,-9584,9472,-55,126,-144,-14136,4508,4692,-1024,98,-91,-14196,-4352,6528,-506,112,-140,0
1794.7787001132963,9212,5864,11056,-123,-1,65,8516,-9532,9320,-34,148,-140,-14140,4464,4860,-1280,71,-75,-14224,-4304,6268,-469,119,-176,0
1794.8123199939728,9276,5936,11380,-132,36,66,8480,-9572,9708,-78,178,-142,-14152,4520,4744,-974,64,7,-14084,-4136,6240,-474,67,-127,0
1794.845696926117,9380,5820,11348,-109,41,54,8488,-9608,9424,-58,200,-107,-14220,4552,4712,-1054,34,-10,-14212,-4152,6620,-265,76,-137,0
1794.8790171146393,9456,5632,11220,-95,56,107,8484,-9728,9712,-7,135,-101,-14284,4488,4580,-1051,56,-47,-14284,-4252,6528,-520,34,-137,0
1794.912367105484,9200,5644,11168,-61,53,93,8524,-9480,9388,-60,176,-122,-14112,4452,4672,-1271,58,4,-14184,-4224,6340,-764,105,-163,0
1794.946012020111,9264,5772,11412,-71,8,55,8544,-9576,9428,-54,218,-137,-14096,4560,4700,-985,47,-16,-14172,-4200,6264,-486,137,-210,0
1794.9794261455536,9232,5816,11328,-143,44,43,8204,-9548,9560,-57,220,-171,-14064,4556,4776,-1012,32,-58,-14244,-4172,6240,-488,80,-192,0
1795.0127849578857,9200,6120,11036,-91,67,50,8448,-9628,9460,-36,172,-134,-14140,4568,4892,-1007,5,-66,-13912,-4256,6512,-509,110,-158,0
1795.0460619926453,9424,5960,11288,-84,50,43,8476,-9656,9788,-62,178,-119,-14156,4576,4712,-1014,51,-34,-14256,-4248,6500,-507,55,-180,0
1795.082920074463,9108,5632,11392,-79,46,84,8412,-9544,9600,-87,154,-124,-14108,4540,4772,-974,65,-25,-14080,-4236,6372,-503,83,-114,0
1795.1192829608915,9160,5864,11420,-90,-255,125,8392,-9664,9388,-41,129,-148,-13840,4528,4756,-1032,128,-31,-14136,-4268,6508,-260,104,-102,0
1795.1548869609833,9160,6000,11388,-101,6,141,8372,-9596,9544,-22,60,-151,-14076,4556,4828,-1041,129,-90,-14164,-4252,6444,-487,114,-99,0
1795.1901519298553,9152,5908,11448,-87,-55,116,8428,-9708,9332,-80,121,-154,-14164,4528,4844,-1014,79,-82,-14196,-4228,6520,-520,145,-123,0
1795.2255749702454,9096,6064,11368,-119,3,90,8452,-9652,9572,-27,155,-154,-14076,4552,4784,-1016,85,-72,-14104,-4192,6456,-516,108,-140,0
1795.2613639831543,9144,5884,11524,-103,-19,104,8656,-9604,9556,253,132,-162,-13892,4364,4636,-1052,74,-86,-14240,-4232,6472,-523,179,-152,0
1795.2975690364838,9156,5956,11344,-154,-20,118,8380,-9600,9556,13,161,-141,-14176,4536,4740,-1034,89,-103,-14172,-4220,6616,-514,151,-125,0
1795.33229804039,9148,5916,11524,-152,-17,106,8344,-9648,9304,-32,147,-188,-14100,4476,4416,-980,118,-103,-14220,-4304,6496,-474,138,-81,0
1795.3682160377505,9088,5956,11336,-215,-90,118,8496,-9548,9364,-39,122,-202,-14132,4496,4688,-1273,112,-120,-14164,-4212,6464,-476,172,-72,0
1795.4030771255493,9100,5900,11304,-204,-165,140,8436,-9608,9292,-26,122,-193,-14116,4552,4820,-982,114,-120,-14084,-4260,6412,-483,177,-90,0
1795.4388060569763,9132,5952,11432,-161,-164,135,8460,-9568,9460,9,131,-207,-14152,4548,4616,-1009,114,-157,-14256,-4168,6460,-530,223,-98,0
1795.4740409851074,9160,5944,11276,-164,-186,152,8308,-9544,9572,4,106,-186,-13956,4484,4592,-1030,124,-105,-14092,-4252,6376,-543,208,-62,0
1795.5089089870453,9088,5976,11484,-184,-187,200,8396,-9504,9372,-246,105,-238,-13940,4548,4808,-1023,154,-152,-14236,-4156,6352,-502,229,-57,0
1795.544978141785,9428,5916,11292,-217,-193,198,8408,-9556,9428,20,121,-198,-14320,4444,4644,-977,164,-128,-14228,-4248,6400,-509,217,-45,0
1795.580446958542,9120,5756,11344,-194,-193,195,8424,-9636,9660,28,99,-190,-14104,4516,4824,-1014,152,-147,-14164,-4260,6384,-501,219,-70,0
1795.615967988968,9180,5920,11364,-244,-219,182,8392,-9504,9568,85,51,-226,-14168,4400,4688,-1046,146,-169,-14156,-4288,6384,-510,166,-71,0
1795.6518790721893,9164,5908,11372,-212,-186,154,8320,-9548,9300,-19,111,-210,-14156,4380,4704,-1013,141,-126,-14264,-4304,6324,-449,204,-56,0
1795.6876881122587,9192,5952,11232,-282,-264,159,8416,-9596,9312,21,74,-240,-14240,4520,4808,-977,129,-154,-14224,-4348,6320,-449,200,-52,0
1795.7242960929873,8968,5860,11128,-244,-175,143,8384,-9520,9712,-9,96,-210,-14136,4552,4600,-990,139,-114,-14316,-3924,6380,-468,176,-75,0
1795.7579510211945,9204,5648,11436,-209,-154,170,8460,-9572,9384,22,101,-204,-14132,4800,4692,-1058,112,-83,-14140,-4188,6392,-508,123,-99,0
1795.7916049957275,8960,5896,11308,-217,-168,164,8316,-9716,9416,253,82,-184,-14052,4484,4732,-1014,135,-97,-14272,-4276,6312,-457,156,-82,0
1795.8251819610596,9208,5924,11300,-187,-159,154,8368,-9524,9536,-36,98,-193,-14300,4524,5056,-1000,139,-126,-14220,-4336,6384,-524,159,-113,0
1795.858721971512,9132,5868,11412,-191,-179,166,8500,-9540,9512,-3,144,-200,-14280,4492,4560,-992,154,-99,-14144,-4136,6368,-504,218,-69,0
1795.8917961120605,9300,5880,11044,-173,-194,201,8616,-9528,9448,2,19,-226,-14092,4504,4472,-1059,209,-93,-14204,-4156,6320,-514,212,-49,0
1795.9254269599915,9424,5812,11324,-151,-189,189,8396,-9548,9236,-14,30,-196,-14180,4500,4848,-993,210,-97,-14260,-4208,6336,-503,180,-61,0
1795.9590809345243,9312,5824,11096,-115,-96,173,8504,-9560,9352,-47,76,-175,-14088,4456,4668,-1008,174,-66,-14224,-4176,6368,-444,119,-76,0
1795.992609024048,9180,5772,11256,-140,-37,115,8520,-9508,9676,-39,124,-167,-14216,4444,4936,-1274,96,-66,-14272,-4056,6240,-487,121,-141,0
1796.0259499549866,9368,5912,11312,-136,252,92,8700,-9524,9724,-30,138,-143,-14164,4412,4600,-1016,68,-40,-14196,-4176,6352,-493,105,-148,0
1796.0596520900726,9288,5860,11420,-137,-2,68,8456,-9476,9496,-44,162,-157,-14052,4404,4704,-1006,88,-36,-14288,-4152,6376,-493,147,-164,0
1796.0929191112518,9244,5948,11388,-157,-9,80,8396,-9516,9268,-37,182,-176,-14160,4460,4412,-972,75,-44,-14136,-4232,6572,-460,126,-136,0
1796.126487016678,9256,5924,11292,-178,250,53,8420,-9568,9408,-63,165,-176,-14088,4448,4788,-1021,76,-65,-14192,-4296,6244,-459,113,-121,0
1796.1599040031433,9140,5828,11268,-129,252,57,8480,-9440,9392,-60,177,-192,-14180,4416,4644,-1015,55,-82,-14140,-4176,6188,-480,150,-170,0
1796.1934859752655,9224,5940,11392,-121,-17,69,8476,-9532,9472,-58,153,-166,-14028,4448,4648,-1022,69,-24,-14256,-4240,6308,-480,113,-128,0
1796.2270469665527,9204,5912,11280,-151,-13,89,8700,-9560,9420,-74,194,-163,-14220,4396,4640,-1006,69,-32,-14224,-4240,6468,-463,106,-145,0
1796.2605581283567,9216,6140,11420,-163,46,110,8636,-9556,9348,-77,171,-167,-14016,4496,4732,-972,82,-43,-14332,-4212,6368,-465,83,-89,0
1796.2939109802246,9236,5852,11440,-135,-8,118,8364,-9624,9576,-101,136,-139,-14124,4508,4704,-1006,80,10,-14220,-4076,6436,-510,78,-121,0
1796.3273770809174,9304,5788,11448,-113,32,101,8376,-9640,9488,-46,153,-120,-14176,4500,4828,-1022,78,-33,-14184,-4180,6348,-510,106,-121,0
1796.3609161376953,9152,5856,11292,-107,10,108,8504,-9548,9220,-39,113,-139,-13996,4520,4760,-1276,103,-1,-14208,-4292,6340,-485,100,-133,0
1796.3942310810087,9236,5912,11292,-91,-8,99,8520,-9488,9464,-78,142,-131,-14188,4456,4700,-980,83,-50,-14504,-4240,6552,-489,107,-143,0
1796.4279129505157,9252,5800,11476,-169,24,60,8676,-9500,9440,-52,165,-168,-14128,4444,4764,-775,67,-48,-14252,-3844,6176,-472,115,-138,0
1796.4614491462708,9232,5648,11456,-98,40,71,8696,-9576,9576,-35,161,-134,-14328,4496,4776,-1028,37,-18,-14252,-4180,6440,-478,85,-164,0
1796.4950051307678,9084,5828,11356,-93,55,62,8440,-9676,9420,-59,166,-142,-14116,4552,4888,-998,31,-235,-14304,-4200,6396,-764,54,-139,0
1796.5283360481262,9196,5904,11284,-129,63,66,8472,-9628,9396,-88,207,-120,-14068,4480,4764,-988,24,-22,-14152,-4256,6296,-470,88,-161,0
1796.5617020130157,9192,5952,11428,-132,45,57,8280,-9724,9716,-77,191,-142,-14020,4616,4740,-1010,35,-79,-14168,-4216,6576,-505,111,-176,0
1796.5950410366058,9092,5848,11372,-119,-10,76,8384,-9532,9256,-35,150,-182,-14072,4552,4652,-991,95,-47,-14180,-4324,6156,-767,155,-131,0
1796.6286389827728,9028,5828,11276,-60,26,126,8300,-9556,9448,-37,124,-169,-14064,4576,4868,-1041,108,-39,-14168,-4196,6156,-506,150,-140,0
1796.6617710590365,9108,5924,11472,-96,-43,93,8388,-9560,9500,-15,161,-161,-13988,4508,4848,-1020,83,-92,-14252,-4284,6160,-500,127,-144,0
1796.6973829269407,9136,5912,11408,-123,-1,75,8396,-9568,9656,-62,144,-158,-14128,4524,4840,-1013,104,239,-14260,-4316,6636,-510,131,-86,0
1796.730705022812,9180,5864,11272,-128,-23,102,8432,-9540,9408,-25,132,-158,-14132,4536,4800,-998,107,-54,-14192,-4276,6300,-508,158,-119,0
1796.7724161148071,9108,5908,11352,-93,-21,100,8212,-9604,9448,-50,119,-191,-14044,4504,4632,-1034,94,-75,-14268,-4280,6404,-484,141,-127,0
1796.8080840110779,9184,5960,11436,-120,-32,114,8504,-9572,9300,-70,203,-147,-13856,4472,4756,-987,104,-72,-14248,-4168,6348,-473,142,-110,0
1796.8433449268339,9428,5668,11372,-149,-34,68,8420,-9564,9292,-33,175,-188,-14072,4604,4872,-1001,69,-69,-14164,-4284,6432,-487,126,-115,0
1796.8792650699615,9040,5856,11344,-154,-58,108,8676,-9516,9380,4,146,-166,-14144,4504,4712,-1015,105,-58,-14176,-4132,6496,-485,183,-61,0
1796.9142370224,9172,5992,11288,-202,-78,122,8400,-9564,9704,18,136,-211,-14080,4824,4356,-1006,108,-122,-14144,-4228,6492,-485,187,-91,0
1796.950217962265,9180,5864,11460,-171,-160,145,8424,-9568,9648,-9,120,-227,-13856,4544,4652,-1273,124,-95,-14220,-4264,6468,-528,183,-96,0
1796.9852731227875,9072,6056,11308,-155,-180,148,8636,-9588,9636,-1,111,-236,-14064,4536,4948,-979,111,-129,-14208,-4284,6496,-475,203,-108,0
1797.0211589336395,9064,5984,11412,-177,-167,129,8576,-9576,9416,-17,129,-231,-14040,4484,4424,-987,95,-93,-14140,-4216,6432,-490,209,-74,0
1797.0571539402008,9060,5884,11328,-174,-190,147,8380,-9540,9396,-26,149,-214,-14172,4612,5000,-1002,122,-96,-14272,-4188,6476,-480,222,-85,0
1797.0921320915222,9072,5880,11492,-512,-192,158,8256,-9684,9364,54,139,-203,-14096,4424,4616,-775,114,-166,-14188,-4268,6428,-465,238,-99,0
1797.1275119781494,9052,5976,11416,-193,-177,145,8356,-9704,9484,13,131,-231,-14052,4452,4656,-1031,149,-154,-14232,-4268,6444,-474,235,-104,0
1797.1631231307983,9120,5908,11472,-196,-226,161,8508,-9604,9452,1,107,-253,-14292,4536,4600,-989,133,-198,-14260,-4196,6520,-500,238,-85,0
1797.1982390880585,9276,5868,11304,-244,-236,162,8416,-9600,9512,25,90,-269,-14280,4528,4652,-980,166,-149,-14216,-4144,6520,-466,242,-65,0
1797.234447002411,9280,5840,11468,-185,-209,166,8432,-9524,9536,48,88,-232,-14272,4476,4688,-983,128,-109,-14252,-4188,6428,-478,182,-80,0
1797.2702569961548,9264,5932,11248,-213,-173,157,8520,-9520,9368,-12,98,-205,-14088,4424,4736,-981,123,-96,-14160,-4292,6376,-510,159,-88,0
1797.3054950237274,9208,5964,11324,-207,-167,154,8456,-9584,9724,-34,115,-216,-14144,4500,4648,-989,130,-94,-14256,-4268,6476,-484,202,-100,0
1797.340908050537,9216,5892,11268,-193,-194,153,8208,-9560,9716,-28,95,-203,-14164,4520,4724,-1012,154,-89,-14188,-3928,6304,-489,185,-52,0
1797.3771741390228,9224,5876,11232,-190,-175,173,8268,-9444,9352,-1,63,-219,-14016,4536,4484,-987,142,-119,-14104,-4244,6408,-482,194,-47,0
1797.413465976715,9148,5900,11452,-164,-169,168,8460,-9628,9664,252,58,-208,-14312,4460,4648,-1016,156,-136,-14192,-4144,6360,-472,184,-76,0
1797.4473159313202,9176,5860,11308,-187,-163,139,8672,-9628,9396,-21,106,-215,-14124,4568,4840,-983,141,-107,-14228,-4292,6448,-450,196,-118,0
1797.4808859825134,9156,5764,11276,-176,-143,141,8440,-9556,9488,-17,103,-209,-14336,4432,4716,-1003,137,-105,-14304,-4152,6600,-482,206,-119,0
1797.51429605484,9252,5868,11256,-175,-128,133,8292,-9516,9268,-10,153,-198,-14216,4468,4696,-978,105,-44,-14192,-4200,6308,-494,154,-116,0
1797.5479259490967,9388,5864,11504,-134,-71,92,8652,-9480,9432,-64,154,-172,-14132,4444,4680,-984,70,-66,-14172,-4160,6548,-484,99,-131,0
1797.5810041427612,9288,5876,11372,-145,-38,78,8520,-9564,9540,-56,176,-194,-14112,4380,4420,-993,84,-74,-14108,-4208,6620,-473,121,-131,0
1797.6144721508026,9284,5884,11228,-143,-7,89,8544,-9564,9380,-55,168,-165,-14088,4380,4728,-1014,77,-41,-14304,-4180,6296,-475,128,-154,0
1797.6480059623718,9260,5800,11264,-148,-19,70,8480,-9512,9424,-59,161,-159,-14080,4456,4656,-1028,55,-39,-14260,-4256,6372,-474,124,-162,0
1797.6815891265867,9256,5920,11280,-155,-15,93,8436,-9552,9432,-48,183,-163,-14336,4448,4752,-1002,84,-85,-14152,-4192,6284,-457,118,-180,0
1797.7150959968567,9176,5840,11380,-112,-47,76,8532,-9520,9476,-38,155,-201,-14172,4480,4816,-1008,85,-110,-14172,-4316,6332,-454,150,-120,0
1797.7486739158633,9272,5680,11068,-151,-31,78,8456,-9580,9264,-35,127,-194,-14076,4504,4696,-991,63,-48,-14272,-4164,6480,-456,130,-141,0
1797.7817831039429,9248,5880,11180,-131,-9,95,8524,-9520,9508,-94,147,-149,-14228,4480,4720,-959,58,12,-14208,-4196,6488,-481,86,-158,0
1797.8154940605164,9436,5844,11400,-147,6,94,8452,-9564,9444,-43,192,-145,-14104,4476,4692,-1000,31,-9,-14132,-4172,6348,-471,96,-146,0
1797.8491129875183,9008,5940,11408,-130,30,90,8420,-9412,9528,-31,147,-128,-14184,4592,4668,-1015,76,-23,-14300,-4236,6384,-490,65,-161,0
1797.882504940033,9180,5864,11376,-104,35,101,8420,-9580,9504,-88,131,-117,-14132,4584,4860,-1002,44,-28,-14228,-4276,6384,-506,97,-146,0
1797.9160530567167,9152,5652,11272,-136,20,65,8412,-9492,9280,-36,155,-158,-13848,4588,4688,-1027,90,-51,-14172,-4172,6348,-469,119,-141,0
1797.9497950077057,9140,5816,11164,-136,-3,79,8484,-9564,9448,-38,148,-148,-14112,4456,4696,-1002,88,-24,-14228,-4236,6584,-464,110,-152,0
1797.9835720062256,9236,5936,11344,-108,250,97,8468,-9564,9656,-53,130,-171,-14172,4496,4788,-969,58,-31,-14316,-4260,6640,-466,75,-158,0
1798.017322063446,9208,5940,11508,-135,-22,63,8428,-9608,9396,-64,193,-149,-14176,4516,4860,-983,35,-51,-14168,-4208,6148,-490,82,-178,0
1798.0510470867157,9172,5892,11316,-117,-7,110,8408,-9516,9396,-59,172,-132,-13828,4384,4852,-1017,49,-55,-14108,-4232,6360,-464,90,-175,0
1798.0843329429629,9432,5932,11288,-93,3,100,8664,-9572,9512,-39,173,-148,-13828,4572,4664,-1027,92,-81,-14160,-4256,6464,-760,92,-157,0
1798.117921113968,9140,5884,11368,-114,29,98,8492,-9544,9608,-39,125,-162,-14016,4440,4676,-1061,69,-38,-14240,-4276,6516,-500,141,-115,0
1798.151507139206,9268,5916,11280,-114,-14,86,8468,-9568,9344,-62,153,-162,-14060,4536,4700,-1031,87,-23,-14220,-4272,6356,-499,127,-165,0
1798.184991121292,9124,6128,11280,-117,-5,78,8396,-9656,9516,-31,130,-139,-14048,4580,4712,-1023,85,-47,-14188,-4252,6376,-495,118,-147,0
1798.2185370922089,9164,5696,11144,-108,-4,89,8412,-9572,9288,-47,113,-167,-14152,4480,5076,-1030,88,-87,-14140,-4256,6548,-493,147,-132,0
1798.2519159317017,9128,5820,11480,-107,-48,89,8380,-9508,9352,-52,125,-184,-14320,4504,4464,-1002,109,-60,-14196,-4288,6596,-499,134,-177,0
1798.2853960990906,9132,5956,11376,-134,-55,100,8392,-9632,9464,-76,138,-168,-14104,4548,4788,-981,99,-18,-14112,-4280,6496,-484,141,-127,0
1798.3188960552216,8964,5924,11336,-84,-32,72,8560,-9628,9600,-73,150,-167,-14124,4504,4760,-1000,57,-34,-14172,-4200,6392,-492,105,-178,0
1798.352458000183,9104,5824,11464,-155,-21,75,8228,-9516,9576,12,190,-175,-14016,4520,4844,-1007,45,-77,-14148,-4320,6492,-466,126,-139,0
1798.3856830596924,9032,6108,11308,-162,10,76,8408,-9592,9324,-12,145,-160,-14036,4568,4796,-982,97,-83,-14196,-4172,6500,-473,162,-125,0
1798.4190270900726,9088,5868,11348,-126,-69,83,8468,-9652,9528,-89,133,-192,-14096,4576,4756,-1010,82,-79,-14204,-4280,6276,-483,180,-108,0
1798.456169128418,9212,5932,11308,-168,-90,127,8456,-9496,9540,-36,97,-199,-14096,4488,4716,-1003,132,-50,-14168,-4224,6416,-489,152,-109,0
1798.492133140564,9052,5900,11356,-118,-41,124,8460,-9556,9364,-19,108,-158,-14028,4492,4740,-984,80,-107,-14136,-4200,6336,-527,157,-118,0
1798.5280530452728,9136,5868,11128,-132,-65,122,8428,-9548,9480,-2,119,-181,-14156,4588,4672,-1017,106,-40,-14288,-4244,6168,-477,118,-130,0
1798.5631749629974,9136,5992,11428,-178,-40,120,8560,-9612,9424,-45,140,-156,-14316,4492,4660,-989,116,-59,-14172,-4228,6328,-469,87,-92,0
1798.5988941192627,9104,5932,11324,-171,-54,123,8688,-9584,9652,-50,129,-141,-14248,4528,4848,-998,84,-35,-14148,-4284,6376,-492,114,-97,0
1798.6339781284332,9116,5964,11108,-180,-78,126,8424,-9612,9632,-43,128,-196,-14032,4496,4860,-994,133,-100,-14140,-4340,6432,-484,186,-83,0
1798.6697580814362,9068,5980,11320,-189,-151,133,8492,-9660,9536,-8,107,-245,-13884,4544,4836,-1041,134,-146,-14140,-4356,6380,-471,260,-72,0
1798.705619096756,8984,5908,11376,-216,-209,134,8424,-9596,9508,-7,96,-255,-14100,4604,5060,-1009,119,-114,-14168,-4184,6212,-461,239,-90,0
1798.7411861419678,9044,5972,11488,-209,-228,159,8264,-9556,9400,-22,107,-3,-14116,4548,4744,-955,149,-188,-14176,-4144,6652,-475,218,-72,0
1798.7777171134949,9172,5900,11304,-181,-238,141,8368,-9608,9528,-61,128,-270,-13844,4620,4656,-947,114,-146,-14096,-4128,6640,-498,197,-98,0
1798.8127801418304,9140,5892,11316,-229,-190,136,8692,-9596,9436,255,146,-243,-14176,4392,4624,-998,144,-156,-14184,-4196,6420,-461,225,-103,0
1798.848869085312,9156,5828,11060,-226,-179,144,8480,-9608,9408,3,143,-200,-14120,4568,4740,-1008,131,-141,-14244,-4252,6344,-486,195,-93,0
1798.8840439319613,9228,5676,11488,-230,-228,164,8692,-9564,9236,-5,142,-208,-14192,4492,4712,-1002,152,-129,-14124,-4260,6384,-486,235,-47,0
1798.920048952103,9420,5732,11424,-274,-228,174,8472,-9256,9712,10,112,-240,-14052,4444,4680,-1019,178,-153,-14188,-4244,6176,-485,240,-72,0
1798.9549231529236,9252,5680,11036,-198,-213,171,8508,-9440,9724,20,104,-210,-14112,4500,4800,-1009,150,-127,-14184,-4288,6184,-489,191,-83,0
1798.990967988968,9444,5928,11316,-197,-210,187,8528,-9476,9568,19,127,-233,-14148,4468,4712,-997,130,-134,-14168,-4120,6644,-477,176,-96,0
1799.0259771347046,9156,6004,11252,-244,-197,148,8352,-9556,9480,11,83,-216,-14104,4552,4768,-1039,118,-116,-14092,-4200,6172,-484,198,-103,0
1799.0616290569305,9000,5840,11296,-172,-190,151,8544,-9700,9468,12,129,-219,-14120,4432,4848,-994,134,-76,-14116,-4192,6368,-490,197,-88,0
1799.0968279838562,9196,5792,11152,-226,-187,119,8428,-9580,9560,15,151,-225,-14140,4476,4732,-1021,141,-113,-14204,-4204,6328,-464,197,-64,0
1799.1303391456604,9240,5868,11488,-227,-203,158,8276,-9556,9476,-10,70,-213,-13972,4460,4524,-1014,129,-151,-14188,-4244,6392,-481,249,-23,0
1799.163784980774,9320,5884,11328,-212,-232,172,8348,-9492,9228,254,51,-235,-14184,4484,4660,-991,192,-111,-14228,-4208,6284,-475,226,-62,0
1799.1971790790558,9140,5868,11268,-194,-232,199,8436,-9652,9440,-59,60,-228,-14064,4488,4704,-968,170,-93,-14288,-4148,6476,-482,203,-51,0
1799.2307291030884,9404,5816,11104,-179,-219,160,8388,-9536,9456,-30,63,-240,-14116,4504,4652,-1002,140,-119,-14292,-4224,6244,-513,205,-98,0
1799.2643599510193,9288,5648,11516,-153,-171,155,8484,-9500,9500,-13,129,-194,-14152,4508,4752,-1009,123,-133,-14228,-4092,6208,-513,156,-104,0
1799.2977039813995,9332,5868,11212,-150,-146,127,8568,-9488,9260,-4,149,-206,-14200,4408,4732,-1034,100,-79,-14316,-4224,6368,-462,127,-142,0
1799.3312480449677,9324,6084,11196,-193,-97,103,8572,-9392,9400,-55,142,-186,-14132,4108,4720,-991,97,-49,-14304,-4164,6324,-469,85,-148,0
1799.364753961563,9308,6124,11376,-157,-29,92,8696,-9228,9588,-61,153,-140,-14188,4400,4724,-1024,47,-26,-14336,-4064,6292,-499,118,-159,0
1799.3977460861206,9400,5840,11312,-163,249,92,8488,-9528,9424,-38,182,-170,-14228,4468,4764,-1040,49,-83,-14260,-4276,6456,-491,138,-153,0
1799.4313969612122,9168,5964,11220,-167,3,89,8492,-9432,9540,-31,128,-122,-14124,4328,4748,-1047,106,255,-14192,-4232,6388,-457,98,-132,0
1799.4649200439453,9304,5916,11256,-133,-6,89,8404,-9260,9572,-55,152,-174,-14156,4368,4676,-1000,89,-255,-14280,-4176,6400,-479,131,-117,0
1799.4982459545135,9180,5848,11276,-189,7,86,8360,-9540,9500,-32,153,-156,-14160,4496,4700,-1032,52,-256,-14260,-4140,6360,-456,125,-111,0
1799.531841993332,9220,5828,11396,-94,31,110,8608,-9544,9416,-36,144,-111,-14104,4512,4676,-1008,66,-41,-14248,-4152,6304,-472,58,-147,0
1799.5654909610748,9232,5636,11320,-86,20,73,8436,-9596,9372,-75,158,-114,-14108,4392,4720,-1271,53,-34,-14208,-4184,6364,-471,12,-175,0
1799.5986819267273,9104,5960,11356,-156,45,67,8404,-9508,9644,-91,182,-130,-13884,4464,4964,-956,58,7,-14200,-4172,6304,-492,66,-126,0
1799.632097005844,9192,5808,11288,-150,16,94,8488,-9612,9560,-77,147,-142,-14076,4508,4752,-962,86,-54,-14248,-4192,6404,-488,139,-117,0
1799.6654510498047,9136,5800,11156,-109,-24,99,8412,-9512,9484,-50,113,-169,-14080,4556,4680,-982,79,-88,-14160,-4256,6180,-491,162,-140,0
1799.698812007904,9124,5752,11208,-115,-50,88,8476,-9424,9292,-45,157,-179,-13848,4456,4652,-990,85,-77,-14308,-4120,6284,-485,148,-148,0
1799.7323291301727,9200,5824,11352,-139,-36,86,8476,-9608,9436,-27,132,-188,-14160,4792,4440,-997,97,-51,-14200,-4316,6172,-501,142,-153,0
1799.7657721042633,9200,5844,11300,-140,-17,79,8508,-9628,9636,-33,128,-160,-14220,4484,4684,-994,84,-107,-14176,-4240,6460,-491,117,-138,0
1799.7990889549255,9452,5860,11324,-109,-44,115,8408,-9584,9460,-36,159,-169,-14072,4508,4712,-1009,71,-110,-14260,-4284,6436,-486,111,-128,0
1799.8326420783997,9280,5888,11380,-111,-255,89,8564,-9572,9544,-60,131,-165,-14284,4404,4680,-1279,72,-76,-14228,-4272,6408,-480,95,-134,0
1799.8662171363833,9216,5976,11260,-147,24,79,8412,-9224,9712,-60,159,-126,-14100,4424,4680,-962,70,-14,-14260,-4252,6308,-487,93,-111,0
1799.8992300033567,9196,6116,11396,-165,19,94,8420,-9616,9468,-85,153,-168,-14308,4480,4856,-1015,94,-31,-14280,-4256,6336,-496,129,-128,0
1799.932527065277,9308,5880,11092,-119,-248,98,8500,-9704,9432,-68,135,-161,-14164,4480,4672,-983,94,-32,-14292,-4248,6368,-489,110,-138,0
1799.9661660194397,9252,5872,11420,-132,-244,105,8368,-9564,9380,-20,123,-157,-14056,4496,4808,-1019,93,-63,-14232,-4108,6436,-500,109,-111,0
1799.9995491504667,9172,6108,11316,-136,-18,106,8304,-9536,9504,-26,156,-158,-14064,4512,4724,-1007,110,-42,-14216,-4156,6500,-476,109,-114,0
1800.0329079627993,9152,5856,11172,-135,-39,99,8364,-9524,9508,-42,142,-171,-14252,4460,4444,-982,118,-53,-14180,-4256,6444,-466,109,-121,0
1800.0666289329529,9184,5988,11304,-125,2,104,8516,-9524,9636,-49,89,-141,-14188,4476,4684,-992,91,-39,-14192,-4340,6428,-538,95,-146,0
1800.099858045578,8980,5852,11356,-128,0,84,8372,-9696,9312,-18,158,-124,-14076,4568,4888,-1062,24,-59,-14176,-4284,6376,-501,103,-151,0
1800.1375539302826,9152,5980,11568,-126,-9,107,8328,-9512,9516,-18,133,-147,-14132,4556,4988,-1002,69,-21,-14204,-4264,6392,-486,79,-172,0
1800.1722750663755,9224,5852,11488,-146,-28,51,8468,-9564,9240,-57,209,-151,-14104,4492,4860,-1022,50,-40,-14144,-4284,6368,-487,144,-175,0
1800.2075209617615,9204,5844,11380,-186,-12,71,8196,-9624,9416,255,166,-183,-14024,4528,4688,-1272,70,-40,-14268,-4200,6472,-454,151,-121,0
1800.2432410717013,9132,5828,11444,-101,-19,95,8484,-9524,9520,-12,187,-136,-14176,4520,4848,-781,70,-81,-14180,-4260,6396,-257,126,-152,0
1800.2787210941315,9168,5956,11396,-119,-25,89,8464,-9548,9364,-53,133,-157,-14064,4508,4896,-982,71,-251,-14200,-4324,6432,-496,110,-151,0
1800.3140821456907,9204,5972,11456,-151,-44,79,8400,-9604,9588,-69,173,-183,-14044,4484,4760,-979,58,-87,-14136,-4176,6244,-469,144,-128,0
1800.3491981029513,8960,5884,11428,-138,-29,93,8204,-9552,9576,-39,159,-201,-14332,4532,4632,-1006,58,-66,-14236,-4260,6392,-768,158,-128,0
1800.3838660717013,9132,5980,11356,-112,-50,122,8408,-9640,9432,-12,117,-172,-13992,4568,4776,-1042,100,-44,-14152,-4224,6648,-765,137,-148,0
1800.4194531440735,9076,5920,11372,-119,-66,100,8420,-9544,9568,-31,113,-162,-14068,4516,4880,-1014,113,-74,-14260,-4100,6484,-505,140,-110,0
1800.455101966858,9368,5856,11240,-201,-23,101,8452,-9564,9344,-20,210,-113,-14268,4544,4812,-907,118,-87,-14224,-4212,6340,-477,124,-88,0
1800.490394115448,9156,6028,11388,-231,-81,157,8416,-9576,9604,-20,154,-181,-14312,4768,4824,-976,100,-77,-14280,-4308,6532,-459,177,-73,0
1800.5256419181824,9040,6040,11356,-233,-156,162,8532,-9584,9568,-23,116,-181,-14176,4528,4944,-994,121,-147,-14144,-4284,6584,-486,165,-55,0
1800.5617089271545,9124,5948,11388,-188,-199,163,8660,-9652,9544,-41,134,-228,-14132,4616,4800,-956,114,-99,-14192,-4248,6348,-492,186,-89,0
1800.5975420475006,9212,5916,11456,-187,-190,126,8368,-9540,9460,-68,137,-221,-14280,4504,4844,-957,129,-139,-14324,-4136,6504,-504,188,-82,0
1800.632138967514,9132,5884,11388,-209,-184,140,8692,-9584,9416,-27,140,-214,-14108,4496,4796,-979,128,-140,-14148,-4268,6448,-473,211,-76,0
1800.66756606102,9164,5960,11148,-199,-206,159,8384,-9584,9484,-247,106,-233,-14188,4488,4808,-993,148,-177,-14136,-4220,6208,-477,239,-66,0
1800.7037830352783,9180,5780,11416,-225,-191,155,8452,-9532,9388,14,96,-233,-14332,4552,4808,-771,167,-152,-14244,-4188,6384,-519,246,-73,0
1800.7393169403076,9312,5844,11272,-220,-210,158,8404,-9544,9264,9,135,-242,-14184,4452,4856,-1013,166,-143,-14196,-4180,6464,-502,224,-67,0
1800.7746579647064,9100,5920,11292,-204,-230,182,8496,-9524,9488,-14,115,-232,-14144,4468,4712,-993,167,-157,-14252,-4272,6288,-513,206,-62,0
1800.8083400726318,9228,5812,11284,-205,-244,175,8552,-9532,9412,251,80,-501,-14096,4496,4828,-1016,141,-183,-14172,-4364,6304,-470,206,-84,0
1800.8416831493378,9176,5896,11344,-225,-196,148,8268,-9600,9724,29,113,-221,-13892,4520,4636,-1013,165,-193,-14332,-4324,6284,-473,182,-82,0
1800.8751089572909,9152,5896,11308,-234,-177,156,8468,-9440,9560,-39,98,-220,-14168,4484,4820,-1000,118,-97,-14268,-4132,6468,-462,161,-84,0
1800.908205986023,9316,5740,11296,-211,-130,125,8508,-9640,9488,18,110,-206,-14156,4448,4668,-1280,74,-82,-14204,-4292,6432,-482,169,-104,0
1800.9419040679932,9244,5948,11384,-199,-151,137,8464,-9240,9512,48,112,-200,-14080,4392,4852,-1016,136,-122,-14216,-4240,6272,-483,172,-85,0
1800.9755520820618,9140,5916,11300,-198,-158,127,8544,-9620,9264,-31,103,-229,-14136,4408,4732,-959,146,-166,-14124,-4224,6328,-484,239,-46,0
1801.0091950893402,9300,5836,11272,-512,-187,139,8692,-9624,9548,16,104,-230,-14088,4504,4676,-1008,188,-154,-14208,-4104,6304,-448,222,-46,0
1801.0426399707794,9228,5784,11420,-201,-203,162,8496,-9468,9508,17,96,-182,-14220,4404,4620,-770,116,-68,-14200,-4244,6400,-498,162,-94,0
1801.0760791301727,9404,5800,11476,-177,-139,177,8524,-9464,9516,2,122,-167,-14144,4480,4764,-1277,117,-49,-14156,-4260,6468,-485,103,-114,0
1801.1099169254303,8992,5908,11508,-215,-124,137,8192,-9540,9456,-46,110,-184,-14140,4420,4908,-970,115,-118,-14200,-4112,6272,-489,167,-94,0
1801.142951965332,9312,5820,11472,-211,-128,114,8608,-9448,9448,-48,122,-177,-14176,4372,4644,-1004,115,-119,-14196,-4196,6224,-263,157,-102,0
1801.1766901016235,9356,6088,11192,-145,-127,119,8520,-9524,9448,-16,21,-233,-13832,4520,4608,-1046,140,-72,-14184,-4044,6188,-479,176,-141,0
1801.2101910114288,9360,5736,11132,-130,-94,125,8480,-9728,9432,-42,108,-191,-14288,4408,4744,-1015,127,-64,-14212,-4216,6164,-489,161,-131,0
1801.2437319755554,9404,5840,11164,-151,-26,92,8524,-9404,9236,-34,139,-190,-14156,4404,4700,-1013,96,-71,-14296,-4180,6320,-449,126,-149,0
1801.2773380279539,9300,5796,11176,-170,7,101,8576,-9508,9472,-32,163,-147,-14104,4508,4512,-1009,101,-73,-14220,-4128,6180,-463,110,-139,0
1801.31090092659,9280,5804,11484,-139,37,88,8424,-9492,9672,-16,157,-143,-14172,4456,4628,-770,96,-43,-14244,-4160,6396,-497,139,-121,0
1801.3441359996796,9416,5912,11492,-119,8,108,8520,-9624,9528,-69,129,-147,-13860,4500,4784,-1022,80,-54,-14184,-4280,6348,-509,98,-155,0
1801.3775420188904,9180,5668,11184,-131,-10,74,8460,-9476,9496,-83,142,-165,-14292,4332,4852,-970,89,-252,-14352,-4184,6336,-499,56,-158,0
1801.410686969757,9264,5880,11296,-129,23,81,8472,-9572,9476,-80,177,-136,-14156,4620,4776,-1010,50,-36,-14252,-4108,6380,-520,41,-169,0
1801.4441459178925,9212,5844,11392,-140,36,83,8528,-9564,9464,0,132,-116,-14052,4404,4728,-1020,70,9,-14028,-4188,6428,-471,108,-132,0
1801.4773840904236,9136,5844,11364,-117,50,117,8432,-9508,9476,-33,131,-133,-14108,4460,4756,-1002,79,-10,-14224,-4240,6324,-480,79,-153,0
1801.511071920395,9240,5916,11160,-73,32,59,8240,-9540,9432,-90,151,-153,-14148,4464,4820,-992,68,-22,-14304,-4160,6472,-517,131,-170,0
1801.5444960594175,9256,5844,11300,-167,-27,94,8492,-9512,9400,-43,145,-158,-14132,4628,4696,-991,95,-52,-14296,-4148,6348,-468,92,-138,0
1801.5780379772189,9260,5668,11504,-113,30,110,8468,-9472,9396,-43,129,-110,-14028,4568,4848,-1025,75,-50,-14260,-4188,6376,-485,62,-142,0
1801.6116049289703,9192,5672,11476,-73,112,106,8476,-9416,9516,-32,211,-65,-14040,4444,4696,-973,85,7,-14216,-4196,6344,-766,50,-154,0
1801.6448309421535,9236,5908,11472,-55,46,64,8292,-9484,9544,-48,168,-109,-14180,4492,4680,-1017,24,-251,-14236,-4304,6400,-508,67,-212,0
1801.691132068634,9228,6120,11364,-126,80,57,8472,-9608,9704,-61,185,-129,-14056,4572,4616,-1003,42,-27,-14276,-4224,6600,-496,111,-136,0
1801.735857963562,9044,6036,11344,-130,-5,85,8348,-9600,9540,-16,168,-186,-14116,4464,4904,-1017,90,-84,-14192,-4260,6356,-492,165,-153,0
1801.7769391536713,9008,5940,11388,-98,8,69,8648,-9552,9468,-55,122,-169,-14332,4828,4744,-1016,93,-75,-14200,-4176,6428,-488,130,-123,0
1801.814309120178,9108,6032,11488,-111,-6,100,8452,-9708,9680,-15,159,-144,-14092,4600,4856,-998,100,-54,-14268,-4340,6464,-503,127,-147,0
1801.850086927414,9108,5660,11392,-106,-9,131,8492,-9552,9404,-25,153,-148,-14096,4552,4668,-1029,95,-89,-14208,-4240,6492,-487,117,-144,0
1801.8847920894623,9220,5864,11336,-120,13,98,8408,-9564,9492,-48,142,-174,-14092,4464,4544,-1030,77,-58,-14228,-4212,6408,-504,100,-148,0
1801.919799089432,9080,6132,11396,-137,-5,105,8376,-9552,9320,-43,245,-92,-14124,4492,4792,-986,64,-19,-14264,-4244,6340,-512,122,-129,0
1801.955462932587,9152,5632,11304,-124,7,95,8456,-9572,9488,-8,131,-125,-14308,4440,4736,-1019,95,-76,-14200,-4248,6448,-480,115,-118,0
1801.9912250041964,9108,5896,11368,-185,-59,83,8248,-9552,9460,-11,168,-173,-14088,4484,4608,-976,115,-114,-14108,-4172,6416,-483,184,-72,0
1802.0261831283567,9168,6048,11308,-215,-110,123,8408,-9584,9536,-2,173,-215,-14056,4508,4796,-1004,70,-136,-14156,-4272,6404,-461,220,-84,0
1802.0617151260371,9092,5936,11440,-195,-183,120,8356,-9568,9556,-19,133,-243,-14288,4520,4616,-970,139,-104,-14216,-4312,6484,-481,199,-64,0
1802.0975959300995,9104,5908,11344,-147,-170,143,8400,-9572,9544,-38,101,-202,-14088,4532,4752,-963,135,-93,-14152,-4228,6440,-516,143,-77,0
1802.1326961517334,9156,5872,11380,-155,-175,165,8424,-9592,9288,-32,108,-171,-14056,4460,4524,-964,142,-106,-14056,-4268,6364,-511,161,-63,0
1802.1681940555573,9060,5912,11460,-197,-151,167,8408,-9580,9456,-13,111,-200,-13956,4516,4908,-967,204,-144,-14080,-4180,6596,-487,224,-36,0
1802.2031080722809,9024,5820,11356,-236,-201,171,8472,-9548,9628,22,122,-5,-14120,4524,4632,-1037,153,-189,-14204,-4272,6328,-483,274,-69,0
1802.2388401031494,9164,5796,11400,-216,-238,143,8464,-9576,9644,-10,111,-300,-14068,4372,5104,-1009,147,-198,-14204,-4212,6428,-487,279,-60,0
1802.273863077164,9296,5896,11316,-197,-259,146,8440,-9544,9488,15,114,-244,-14188,4484,4832,-1020,118,-177,-14236,-4180,6264,-512,228,-90,0
1802.3098120689392,9348,5772,11400,-177,-244,151,8560,-9520,9508,8,96,-504,-14056,4444,4684,-1278,162,-133,-14168,-4188,6312,-484,218,-68,0
1802.3450260162354,9380,5844,11368,-196,-209,173,8468,-9516,9396,2,63,-231,-14140,4464,4608,-997,153,-137,-14472,-4180,6220,-480,156,-94,0
1802.380192041397,9348,5784,11312,-210,-170,145,8520,-9572,9500,-35,101,-190,-14160,4468,4676,-994,157,-117,-14276,-4116,6220,-493,139,-108,0
1802.4151549339294,9256,5888,11376,-246,-177,166,8668,-9236,9472,54,79,-210,-14144,4464,4988,-1073,136,-126,-14236,-4268,6476,-455,147,-69,0
1802.451143980026,9440,5916,11180,-208,-96,128,8504,-9524,9492,-1,93,-199,-14096,4448,4732,-1274,144,-123,-14184,-4252,6360,-508,161,-94,0
1802.4844400882723,9320,5768,11452,-219,-222,152,8364,-9560,9412,245,66,-242,-14052,4484,4608,-1278,213,-140,-14116,-3992,6460,-507,274,-28,0
1802.5181400775907,9268,5832,11424,-194,-180,207,8680,-9508,9224,43,51,-211,-14312,4544,4712,-1061,141,-96,-14232,-4156,6228,-515,172,-82,0
1802.5519130229948,9320,5832,11092,-133,-142,169,8476,-9676,9216,14,93,-180,-14012,4532,4744,-1030,118,-60,-14148,-4180,6320,-512,60,-135,0
1802.585529088974,9240,5724,11164,-174,-90,150,8400,-9440,9416,-47,120,-157,-14060,4408,4788,-987,109,-96,-14180,-4224,6208,-476,110,-125,0
1802.6188039779663,9008,6112,11296,-136,-45,119,8528,-9492,9500,-46,135,-174,-14240,4428,4844,-1023,76,-62,-14320,-4192,6256,-546,150,-129,0
1802.6518080234528,9312,5792,11280,-143,-68,99,8548,-9472,9600,-18,149,-131,-14028,4396,4580,-981,119,-68,-14244,-4032,6312,-264,141,-131,0
1802.6848580837252,9240,5748,11160,-109,-45,120,8508,-9476,9268,-36,156,-122,-14116,4448,4756,-1072,83,-58,-14300,-4144,6312,-516,174,-104,0
1802.7184331417084,9312,5912,11340,-135,-8,104,8488,-9724,9532,-19,163,-135,-14196,4424,4656,-773,73,-83,-14136,-4252,6368,-264,122,-142,0
1802.7520930767055,9252,5840,11316,-128,-6,111,8516,-9532,9436,-34,112,-162,-14148,4524,4848,-1026,118,-57,-14180,-4228,6352,-494,118,-121,0
1802.7855920791628,9200,5888,11248,-114,31,117,8480,-9516,9524,-10,161,-149,-14144,4396,4792,-1072,104,-10,-14276,-4184,6336,-541,130,-145,0
1802.8191411495209,9204,5800,11228,-92,18,130,8392,-9524,9644,-13,140,-138,-14100,4428,4752,-1046,111,-40,-14172,-4252,6284,-509,91,-112,0
1802.8525390625005,9200,5828,11248,-90,0,113,8516,-9536,9416,-51,162,-112,-13836,4440,4716,-990,61,-48,-14224,-4296,6452,-495,85,-159,0
1802.8859279155731,9140,5880,11312,-137,50,99,8440,-9540,9572,-60,186,-131,-14288,4412,4700,-998,60,-37,-14256,-4196,6412,-479,84,-142,0
1802.9195549488068,9208,5780,11488,-112,33,87,8432,-9500,9508,-50,147,-139,-14120,4412,4852,-997,88,-6,-14188,-4192,6256,-478,88,-131,0
1802.953012943268,9168,5904,11508,-96,6,85,8380,-9596,9596,-55,156,-140,-14016,4584,4732,-1008,93,-12,-14132,-4224,6384,-765,136,-141,0
1802.986640930176,9348,5840,11140,-106,33,88,8360,-9544,9500,-57,101,-162,-14052,4488,4732,-992,121,-58,-14260,-4236,6296,-499,121,-103,0
1803.0201239585879,9112,6132,11420,-118,-16,108,8404,-9588,9540,-50,100,-188,-14196,4480,4692,-1004,137,-66,-14128,-4264,6364,-482,130,-132,0
1803.0534889698029,9268,5844,11472,-99,-6,103,8432,-9544,9404,-65,106,-170,-14324,4736,4400,-1004,130,251,-14544,-4136,6340,-509,66,-123,0
1803.0873510837555,9232,5724,11448,-89,16,114,8584,-9524,9424,-40,136,-115,-14304,4536,4748,-993,44,-14,-14208,-4300,6616,-529,81,-140,0
1803.1208851337433,9232,6080,11180,-113,66,120,8208,-9544,9532,-10,136,-97,-14164,4380,4772,-1065,80,-244,-14212,-4308,6364,-521,55,-168,0
1803.1541831493375,9192,5896,11352,-102,67,81,8536,-9508,9568,-97,152,-105,-14188,4492,4740,-1029,52,-49,-14220,-4296,6272,-514,55,-143,0
1803.1874129772189,9100,5676,11492,-175,64,68,8536,-9256,9344,-29,170,-128,-14100,4512,4772,-1028,73,-42,-14176,-4168,6576,-452,78,-153,0
1803.2210180759428,9420,5836,11280,-105,67,70,8492,-9500,9540,-58,177,-128,-14060,4468,4828,-1033,58,-5,-14104,-4280,6300,-483,112,-150,0
1803.2543561458588,9336,5868,11368,-105,-20,94,8396,-9612,9488,-50,249,-112,-14128,4512,4648,-967,20,-48,-14084,-4268,6180,-496,142,-160,0
1803.28804397583,9088,5920,11200,-117,0,45,8416,-9552,9532,-67,172,-153,-14088,4448,4728,-976,33,-33,-14148,-4268,6404,-538,121,-174,0
1803.3216309547424,9100,5884,11368,-98,-11,58,8204,-9544,9540,-63,179,-177,-14068,4560,4700,-997,49,-90,-14276,-4252,6376,-487,120,-160,0
1803.3552129268644,9240,5912,11400,-101,-29,88,8680,-9512,9340,-30,126,-174,-14140,4576,4768,-1027,88,-83,-14172,-4232,6468,-460,125,-142,0
1803.3885850906372,9140,5936,11424,-85,-11,110,8440,-9600,9416,-47,123,-182,-13860,4364,4672,-1268,120,-52,-14188,-4216,6364,-456,154,-119,0
1803.4220831394196,9096,5940,11360,-105,-73,110,8672,-9540,9268,-63,136,-193,-14196,4460,4732,-977,104,-77,-14236,-4196,6456,-467,140,-85,0
1803.4557390213013,9032,5892,11368,-126,-39,112,8204,-9488,9408,-26,135,-169,-14148,4572,4664,-1015,107,-52,-14180,-4220,6636,-500,156,-131,0
1803.4930169582367,9096,5816,11348,-157,-52,118,8568,-9516,9340,-30,182,-173,-14128,4512,4804,-1012,64,-63,-14236,-4336,6612,-488,152,-101,0
1803.5286459922793,9252,5940,11300,-143,-33,110,8212,-9572,9560,-35,112,-148,-14116,4476,4712,-1012,65,-26,-14192,-4312,6408,-505,167,-120,0
1803.5642781257627,9152,5860,11420,-146,-53,102,8676,-9700,9564,-28,147,-177,-14132,4456,4796,-1002,107,-75,-14180,-4216,6452,-477,182,-78,0
1803.6002221107483,9092,5696,11456,-182,-112,125,8428,-9544,9432,8,144,-206,-14072,4496,4628,-1016,99,-102,-14172,-4200,6336,-459,185,-99,0
1803.6349580287933,9084,5984,11480,-198,-149,111,8392,-9612,9488,-19,136,-234,-14324,4532,4652,-1012,145,-153,-14240,-4252,6436,-479,211,-98,0
1803.6703679561615,9052,5976,11384,-207,-223,148,8312,-9644,9536,-28,110,-243,-14084,4548,4752,-1012,114,-152,-14288,-4292,6412,-475,198,-94,0
1803.7058260440829,9016,6108,11640,-169,-193,148,8428,-9460,9692,-51,141,-242,-14092,4596,4864,-966,121,-148,-14244,-4136,6404,-484,192,-76,0
1803.7412319183347,9068,5940,11420,-195,-186,143,8408,-9552,9288,-53,135,-216,-14084,4376,5100,-964,129,-92,-14380,-4120,6588,-482,205,-78,0
1803.776157140732,8972,5760,11352,-232,-209,194,8452,-9640,9216,8,101,-208,-14140,4480,4760,-1008,113,-162,-14304,-4260,6480,-495,226,-41,0
1803.8118600845337,9120,5964,11336,-240,-198,202,8692,-9248,9596,13,78,-215,-13848,4452,4764,-1017,182,-110,-14248,-4256,6240,-450,210,-63,0
1803.8477330207825,9132,5956,11512,-216,-202,152,8536,-9556,9324,-3,114,-259,-13836,4520,4764,-944,127,-180,-14268,-4200,6336,-466,259,-53,0
1803.8833460807805,9216,5820,11312,-249,-246,158,8504,-9492,9704,13,104,-236,-14128,4456,4768,-1010,171,-174,-14204,-4156,6448,-485,249,-92,0
1803.9189100265503,9284,6116,11276,-206,-228,147,8672,-9228,9428,14,133,-218,-14156,4488,4560,-1034,92,-125,-14284,-4132,6372,-474,185,-83,0
1803.9541020393372,9244,5816,11340,-221,-194,156,8460,-9488,9592,254,99,-175,-14096,4516,4652,-1016,108,-90,-14296,-4208,6316,-481,134,-124,0
1803.9897339344025,9236,5956,11548,-211,-174,160,8464,-9720,9424,-13,76,-200,-14140,4500,4892,-1001,77,-128,-14176,-4228,6160,-469,156,-104,0
1804.0250000953674,9312,5952,11392,-212,-142,131,8396,-9516,9616,-32,75,-212,-14060,4508,4748,-1056,71,-140,-14292,-4276,6244,-489,210,-105,0
1804.0607349872587,9260,5856,11196,-218,-194,164,8336,-9580,9420,-10,104,-233,-14012,4484,4632,-1017,152,-136,-14184,-4256,6588,-484,227,-86,0
1804.0956161022189,9204,5836,11348,-161,-216,184,8700,-9520,9532,3,80,-501,-14144,4496,4808,-1014,182,-93,-14232,-4204,6328,-467,229,-70,0
1804.1321640014648,9228,5744,11340,-207,-180,147,8448,-9460,9448,-10,98,-224,-14144,4480,4836,-1017,147,-121,-14260,-4220,6392,-499,207,-98,0
1804.165472984314,9196,5696,11284,-153,-142,152,8496,-9524,9364,-28,99,-192,-14096,4460,4608,-988,139,-97,-14288,-4240,6172,-522,166,-85,0
1804.1988599300385,9384,5716,11344,-154,-91,140,8504,-9236,9432,-16,122,-180,-14168,4352,4576,-1024,122,-35,-14236,-4228,6268,-494,133,-114,0
1804.232351064682,9256,5876,11016,-132,-33,104,8488,-9368,9220,-68,150,-150,-14076,4524,4896,-771,126,-47,-14252,-4252,6292,-465,129,-131,0
1804.2658159732816,9276,5816,11276,-190,11,102,8528,-9480,9500,-51,160,-158,-14316,4424,4668,-770,104,-45,-14324,-4124,6244,-474,122,-136,0
1804.299420118332,9288,5820,11308,-164,-35,96,8592,-9432,9476,-43,119,-124,-14140,4396,4476,-983,102,-61,-13996,-4180,6496,-478,86,-130,0
1804.3329129219053,9224,5832,11292,-129,-20,83,8584,-9352,9636,-43,146,-150,-14104,4436,4356,-1009,104,-43,-14148,-4256,6396,-483,102,-141,0
1804.3664910793304,9324,5644,11172,-116,-45,72,8480,-9724,9600,-51,113,-162,-14088,4452,4784,-1276,89,-61,-14164,-4152,6320,-468,141,-140,0
1804.399990081787,9160,5940,11176,-153,-13,98,8436,-9528,9408,-58,149,-161,-14104,4564,4696,-970,83,-10,-14192,-4216,6412,-454,99,-155,0
1804.4335970878603,9032,6032,11336,-104,-27,89,8488,-9616,9608,-57,125,-140,-14116,4600,4716,-1021,60,-42,-14204,-4028,6356,-505,97,-180,0
1804.4671931266785,9132,5844,11488,-150,29,82,8416,-9464,9532,-15,131,-111,-14064,4556,4736,-1049,75,-60,-14208,-4196,6324,-491,85,-122,0
1804.5003640651703,9180,5952,11284,-113,75,102,8400,-9572,9572,-73,152,-112,-14188,4488,4800,-1004,67,-10,-14200,-4240,6328,-486,74,-122,0
1804.5337729454043,9200,5920,11428,-132,18,74,8472,-9464,9616,-79,168,-156,-14152,4480,4700,-972,67,-24,-14208,-4132,6312,-493,102,-149,0
1804.5674679279327,8964,5676,11464,-163,31,82,8392,-9464,9524,-42,154,-142,-14148,4468,4672,-1009,96,-45,-14224,-4224,6460,-461,108,-127,0
1804.6011080741885,9200,5884,11492,-83,22,104,8460,-9552,9572,-37,155,-173,-14228,4452,4732,-1007,64,-63,-14224,-4260,6384,-494,94,-150,0
1804.634531021118,9124,6136,11684,-89,253,76,8540,-9592,9556,-62,143,-151,-14152,4480,4700,-984,39,233,-14316,-4144,6520,-500,55,-141,0
1804.6681599617004,9108,5824,11564,-173,35,66,8460,-9524,9476,-38,189,-143,-14096,4520,4844,-985,43,-19,-14148,-4040,6232,-470,87,-181,0
1804.7015850543971,9224,5844,11224,-101,18,63,8228,-9536,9636,-50,175,-137,-14132,4440,4656,-1023,37,-8,-14156,-4248,6256,-489,125,-202,0
1804.735065937042,9392,5872,11280,-117,2,69,8372,-9592,9720,-24,274,-149,-13916,4440,4756,-1004,71,-73,-14108,-4280,6432,-496,153,-176,0
1804.7685930728912,9052,5892,11440,-88,-2,50,8508,-9720,9504,-74,191,-167,-14064,4552,4784,-1015,91,-62,-14256,-4224,6360,-768,116,-137,0
1804.8021681308749,9108,5928,11428,-182,-25,72,8404,-9636,9512,26,144,-161,-14044,4528,4808,-1028,90,-79,-14220,-4172,6240,-267,163,-154,0
1804.8357081413267,9216,5956,11252,-90,1,67,8372,-9640,9608,-62,161,-189,-14100,4520,4880,-1001,69,-40,-14204,-4192,6632,-433,161,-156,0
1804.869198083877,9168,5868,11500,-127,-2,92,8412,-9492,9524,0,119,-174,-13984,4524,4712,-994,72,-80,-14260,-4332,6428,-495,139,-128,0
1804.9024119377132,9156,6136,11408,-122,-44,116,8360,-9436,9596,-78,100,-181,-14076,4448,4644,-946,69,-68,-14148,-4280,6492,-509,94,-102,0
1804.936043024063,9136,5976,11408,-95,-50,120,8472,-9420,9408,-80,117,-182,-14188,4548,4872,-988,125,-75,-14204,-4196,6620,-503,97,-131,0
1804.9697229862213,9236,5884,11476,-110,-32,82,8492,-9592,9468,-88,162,-170,-14120,4616,4752,-971,43,-28,-14208,-4196,6432,-265,120,-143,0
1805.0033559799194,9120,5788,11368,-159,-31,113,8580,-9512,9384,21,157,-164,-14084,4504,4760,-1010,97,-56,-14084,-4172,6452,-473,137,-155,0
1805.0369279384613,9008,5876,11436,-116,-34,83,8332,-9620,9244,-56,143,-187,-13992,4548,4696,-989,67,-67,-14236,-4240,6500,-493,196,-150,0
1805.070266008377,9184,5880,11332,-147,-102,118,8624,-9552,9472,-5,128,-212,-14112,4580,4696,-980,109,-97,-14296,-4204,6276,-474,153,-138,0
1805.1040439605713,8984,5760,11100,-146,-41,117,8536,-9452,9252,-28,125,-173,-14020,4588,4804,-1021,110,-53,-14240,-4228,6268,-500,109,-130,0
1805.1371440887451,9160,5888,11152,-122,-21,117,8608,-9508,9456,-29,150,-147,-13844,4556,4728,-1047,100,0,-14136,-4212,6380,-495,130,-122,0
1805.1743121147156,9076,5668,11400,-155,-44,126,8192,-9552,9676,-50,155,-142,-14128,4472,4712,-1007,103,-37,-14228,-4308,6412,-473,117,-115,0
1805.2098040580747,9140,5844,11456,-195,-59,63,8500,-9540,9552,-47,188,-185,-14248,4520,4840,-996,98,-94,-14156,-4192,6428,-488,166,-144,0
1805.2449841499329,9108,6100,11464,-205,-100,121,8428,-9596,9264,253,120,-217,-14076,4516,4960,-1008,139,-102,-14204,-4316,6428,-485,234,-69,0
1805.280761003494,9076,5928,11412,-192,-185,131,8396,-9256,9612,-6,89,-247,-14248,4640,4740,-973,155,-134,-14336,-4208,6368,-494,217,-72,0
1805.3158650398254,9076,5972,11188,-163,-212,145,8360,-9532,9692,-41,67,-274,-14052,4552,4720,-977,122,-165,-14224,-4176,6448,-501,275,-77,0
1805.3509979248047,9092,6108,11456,-175,-202,147,8364,-9580,9332,-17,107,-233,-14096,4452,4752,-1016,131,-120,-14176,-4332,6400,-503,240,-91,0
1805.386071920395,9196,5908,11400,-228,-195,169,8428,-9268,9532,-2,108,-234,-14120,4472,4732,-1014,161,-134,-14220,-4168,6476,-452,197,-40,0
1805.421847105026,9076,5864,11188,-222,-237,151,8408,-9524,9416,-27,137,-218,-14108,4468,4868,-971,176,-149,-14268,-4240,6428,-463,231,-75,0
1805.457447052002,9276,5680,11308,-244,-205,176,8496,-9600,9580,-13,102,-242,-14188,4452,4808,-959,173,-89,-14236,-4180,6336,-468,216,-51,0
1805.493380069733,9152,5820,11108,-215,-226,168,8512,-9548,9660,-2,98,-250,-14152,4488,4656,-974,141,-172,-14248,-4272,6200,-481,244,-69,0
1805.5287890434263,9224,5864,11248,-228,-244,158,8196,-9448,9596,6,115,-228,-14100,4396,4648,-1023,130,-151,-14188,-4188,6156,-484,216,-67,0
1805.5641241073608,9256,5776,11432,-225,-224,172,8492,-9568,9576,37,94,-227,-13932,4464,4636,-987,129,-154,-14184,-4252,6320,-437,210,-88,0
1805.5996220111847,9252,5816,11232,-229,-207,148,8496,-9456,9436,252,119,-221,-14100,4388,4796,-1039,123,-108,-14124,-4252,6380,-503,199,-80,0
1805.634608983993,8976,5912,11220,-215,-197,164,8408,-9460,9500,6,130,-223,-14276,4488,4808,-1012,116,-152,-14164,-4188,6444,-476,181,-94,0
1805.6705291271212,9188,5828,11324,-208,-207,146,8448,-9440,9588,16,155,-217,-14128,4412,4760,-997,142,-74,-14208,-4312,6464,-498,207,-141,0
1805.7056069374084,9212,5884,11020,-214,-187,168,8224,-9476,9440,7,116,-210,-13948,4516,4788,-995,148,-141,-14164,-4216,6312,-489,165,-67,0
1805.7411811351772,9276,5816,11240,-207,-204,149,8488,-9452,9412,-40,83,-230,-14172,4448,4608,-1001,139,-94,-14108,-4252,6376,-480,187,-95,0
1805.7761590480804,9256,5888,11444,-172,-192,157,8464,-9500,9488,-18,79,-239,-14132,4444,4608,-978,154,-100,-14228,-4196,6300,-480,215,-65,0
1805.812686920166,9216,6084,11040,-170,-168,146,8504,-9488,9440,11,93,-211,-13856,4512,4592,-998,143,-125,-14188,-4200,6252,-485,178,-91,0
1805.8462190628052,9044,5852,11472,-170,-129,144,8504,-9456,9492,-11,109,-235,-14124,4408,4696,-1001,134,-123,-14252,-4200,6356,-464,180,-128,0
1805.8798210620885,9316,5768,11232,-144,-95,105,8624,-9360,9460,-69,129,-176,-14164,4432,4700,-988,120,-72,-14216,-4104,6336,-474,67,-125,0
1805.9131600856779,9608,5764,11316,-129,-4,67,8592,-9468,9580,-83,178,-141,-14168,4396,4776,-1034,27,-29,-14244,-4316,6232,-517,105,-153,0
1805.9467711448667,9460,5788,11508,-193,33,97,8696,-9472,9488,46,183,-126,-13848,4384,4360,-1061,83,-34,-14172,-4376,6484,-469,95,-145,0
1805.9799001216888,9304,5840,11308,-131,61,78,8528,-9420,9428,-84,160,-139,-14200,4432,4668,-1045,65,-49,-14208,-4200,6352,-491,101,-145,0
1806.0133690834043,9252,5772,11404,-164,-30,91,8504,-9656,9500,-59,145,-162,-14240,4376,4596,-993,80,-56,-14204,-4152,6548,-488,141,-154,0
1806.0467000007627,9172,5928,11300,-117,2,106,8460,-9428,9308,4,139,-139,-14164,4468,4768,-1017,72,-8,-14116,-4200,6200,-480,84,-170,0
1806.0801689624789,9200,5924,11296,-69,50,78,8660,-9516,9556,-53,177,-102,-14208,4416,4620,-996,66,31,-14296,-4232,6640,-489,42,-139,0
1806.1134989261627,9160,5864,11420,-148,60,64,8696,-9288,9528,-68,184,-117,-14124,4528,4928,-989,43,250,-14252,-4188,6404,-490,32,-171,0
1806.1467549800873,9164,5948,11472,-171,27,47,8424,-9544,9520,-98,182,-107,-13904,4488,4724,-972,71,233,-14288,-4172,6384,-500,84,-135,0
1806.1800870895388,9100,5776,11364,-151,15,86,8500,-9708,9644,-46,151,-142,-14064,4536,4724,-1003,92,-256,-14212,-4176,6352,-508,103,-135,0
1806.2135429382324,9440,5880,11208,-109,-255,116,8432,-9452,9440,-41,109,-174,-14032,4508,4704,-1000,114,-85,-14144,-4116,6392,-507,149,-121,0
1806.2470171451569,9164,6084,11104,-107,-46,109,8352,-9508,9476,-56,106,-197,-14152,4516,4904,-1004,138,-85,-14200,-4200,6528,-495,146,-114,0
1806.2804539203644,9044,6136,11272,-118,-38,99,8464,-9600,9488,-26,174,-130,-14228,4480,4680,-988,98,-63,-14296,-4224,6376,-497,124,-145,0
1806.3139410018923,9444,5852,11328,-126,-9,84,8328,-9528,9500,-50,158,-165,-14296,4532,4708,-1000,52,-23,-14252,-4208,6568,-505,88,-171,0
1806.3475470542908,8964,5908,11400,-119,-4,84,8464,-9552,9588,-20,171,-139,-13880,4520,4840,-1023,47,-252,-14168,-4284,6336,-500,91,-151,0
1806.3809320926669,9140,5632,11272,-108,22,92,8448,-9432,9368,-46,169,-136,-14124,4468,4684,-989,25,-72,-14220,-4296,6300,-474,98,-172,0
1806.4144909381869,9152,5892,11312,-106,-254,73,8396,-9480,9724,-86,175,-174,-14156,4480,4692,-970,61,-30,-14156,-4176,6460,-471,89,-162,0
1806.4481050968172,9204,5824,11332,-109,-32,70,8452,-9228,9496,-90,160,-157,-14004,4516,4752,-986,67,-71,-14244,-4212,6396,-496,118,-143,0
1806.4815571308131,9180,5792,11396,-126,-31,94,8440,-9512,9532,-53,158,-152,-14044,4440,4752,-771,77,-83,-14196,-4168,6356,-531,136,-151,0
1806.5150251388548,9188,5848,11448,-80,-24,87,8560,-9604,9436,-36,138,-166,-14004,4548,4756,-1034,69,-54,-14232,-4252,6492,-486,121,-131,0
1806.548618078232,9104,5960,11508,-140,-55,89,8672,-9668,9648,-34,149,-169,-14056,4564,4828,-965,90,-101,-14232,-4228,6428,-484,109,-129,0
1806.5820069313047,9116,5856,11356,-105,-33,88,8456,-9560,9536,-97,167,-171,-14108,4548,4648,-1007,95,-34,-14184,-4228,6252,-502,94,-137,0
1806.6155679225924,9160,5816,11280,-108,-46,90,8492,-9612,9468,-28,146,-159,-14036,4808,4784,-1046,59,-23,-14116,-4276,6336,-533,124,-110,0
1806.6487820148468,9428,5980,11300,-133,-30,102,8416,-9540,9436,252,153,-148,-13860,4432,5096,-1039,87,-53,-14208,-4276,6496,-491,91,-121,0
1806.6821689605713,9176,5932,11104,-132,-28,86,8436,-9484,9396,-91,152,-165,-14044,4544,4932,-1007,68,-72,-14228,-4180,6452,-488,106,-151,0
1806.7156100273132,9184,5932,11176,-164,-53,53,8448,-9620,9556,-41,161,-179,-13972,4500,4788,-1007,90,-49,-14088,-4240,6180,-454,135,-139,0
1806.7489240169523,9468,5844,11180,-139,-22,89,8440,-9508,9232,-7,153,-162,-13856,4584,4820,-1041,69,-48,-14156,-4276,6548,-499,163,-151,0
1806.7869880199432,9140,5924,11324,-121,-26,109,8356,-9544,9596,-20,143,-161,-14172,4476,5020,-1010,78,-85,-14188,-4272,6360,-486,120,-141,0
1806.8209080696108,8984,5928,11300,-151,-29,84,8224,-9656,9252,-63,166,-147,-14120,4600,4620,-953,84,-45,-14192,-4248,6376,-465,126,-161,0
1806.858272075653,9428,6104,11324,-164,-26,92,8404,-9584,9600,-39,145,-153,-13864,4576,4968,-770,66,-87,-14228,-4184,6428,-483,164,-104,0
1806.8939599990845,9176,5904,11280,-198,-83,121,8380,-9540,9636,13,148,-181,-13860,4568,4916,-1032,114,-108,-14292,-4260,6360,-496,162,-54,0
1806.9290211200714,9068,5864,11292,-184,-86,140,8616,-9712,9484,18,128,-209,-14152,4592,4916,-996,110,-129,-14196,-4288,6440,-476,194,-59,0
1806.9647250175476,9136,5992,11284,-228,-194,161,8324,-9628,9484,15,106,-211,-13980,4812,5068,-1004,152,-124,-14284,-4272,6488,-476,187,-92,0
1807.0006010532377,9184,5956,11340,-169,-190,127,8460,-9532,9544,-71,114,-233,-14140,4432,5032,-974,130,-173,-14332,-4312,6432,-516,212,-86,0
1807.035809993744,9124,5852,11212,-195,-203,140,8328,-9448,9592,-39,121,-224,-13996,4480,4924,-974,101,-118,-14224,-4200,6424,-499,209,-57,0
1807.0715670585632,9180,5812,11456,-226,-184,171,8428,-9544,9616,-16,155,-220,-13936,4572,4744,-1002,166,-131,-14136,-4136,6468,-458,190,-42,0
1807.1076171398163,9228,5796,11316,-239,-145,139,8424,-9556,9404,-20,92,-236,-14116,4424,4724,-951,204,-150,-14192,-4216,6360,-455,200,-31,0
1807.142746925354,9112,5844,11460,-261,-196,164,8528,-9612,9524,-19,113,-247,-14148,4580,4612,-989,151,-120,-14216,-4176,6148,-498,224,-44,0
1807.1781461238859,9456,5984,11424,-228,-203,177,8496,-9500,9476,21,121,-230,-13964,4484,4908,-1019,163,-176,-14232,-4232,6268,-513,221,-59,0
1807.2141489982605,9328,5876,11472,-173,-238,153,8472,-9492,9580,31,117,-238,-14168,4524,4872,-1020,146,-134,-14196,-4240,6516,-499,236,-72,0
1807.249696016312,9276,5892,11296,-217,-202,166,8252,-9668,9388,11,146,-234,-14128,4484,4796,-1000,119,-149,-14144,-4200,6600,-471,195,-53,0
1807.2848420143127,9260,6132,11296,-234,-179,173,8600,-9424,9396,246,107,-203,-14164,4460,4700,-960,108,-127,-14280,-4164,6324,-491,167,-90,0
1807.320212125778,9252,5880,11268,-223,-165,168,8560,-9544,9500,20,107,-196,-14164,4412,4864,-1038,113,-117,-14072,-4224,6288,-472,183,-71,0
1807.3553421497345,8964,6112,11328,-510,-193,175,8192,-9668,9508,53,110,-196,-13880,4424,4688,-1041,119,-113,-14208,-4324,6416,-452,181,-62,0
1807.3908691406252,9256,6112,11284,-174,-193,131,8504,-9500,9560,-38,99,-240,-14088,4396,4640,-985,132,-136,-14172,-4192,6336,-500,242,-58,0
1807.426028966904,9392,5792,11312,-260,-510,138,8528,-9476,9264,251,99,-268,-13976,4580,4640,-1009,156,-135,-14124,-3900,6344,-465,504,-48,0
1807.4616000652313,9360,5652,11496,-207,-190,170,8584,-9432,9292,21,99,-200,-14140,4448,4716,-1273,132,-143,-14312,-4092,6292,-488,161,-96,0
1807.4971010684967,9372,5824,11512,-208,-164,134,8520,-9504,9544,6,112,-202,-14184,4416,4628,-1001,143,-105,-14264,-4236,6452,-463,111,-108,0
1807.5306429862972,9268,5808,11100,-196,-133,141,8508,-9708,9592,-12,114,-199,-14068,4520,4748,-1021,110,-69,-14184,-4124,6288,-485,158,-99,0
1807.5641751289368,9360,5776,11324,-162,-115,130,8520,-9420,9564,-31,125,-178,-14096,4452,4724,-992,114,-65,-14224,-4128,6180,-469,160,-116,0
1807.5974550247192,9340,5632,11464,-127,-98,126,8552,-9388,9376,-48,123,-208,-13876,4428,4796,-1052,143,-54,-14192,-4100,6160,-496,147,-130,0
1807.6310880184174,9300,5828,11116,-142,-51,110,8592,-9460,9348,-15,132,-188,-14144,4432,4468,-1026,105,-63,-14256,-4268,6400,-474,134,-136,0
1807.6642470359805,9404,5864,11056,-166,1,76,8452,-9420,9348,-19,137,-164,-14164,4412,4800,-1027,119,-63,-14188,-4188,6340,-479,103,-134,0
1807.6977300643923,9348,5832,11268,-173,34,91,8604,-9256,9224,-38,126,-138,-14124,4676,4864,-1026,111,-18,-14272,-4172,6424,-491,108,-158,0
1807.7312300205233,9252,5824,11304,-132,-19,119,8508,-9532,9628,-27,173,-167,-14164,4436,4796,-1021,84,-49,-14212,-4208,6504,-498,116,-161,0
1807.764389038086,9204,5848,11204,-103,30,96,8680,-9484,9452,-53,142,-144,-14068,4468,4796,-1017,102,220,-14120,-4180,6388,-512,118,-109,0
1807.7977590560913,9244,5912,11300,-100,247,83,8524,-9464,9516,-52,142,-151,-14148,4484,4764,-996,82,-53,-14184,-4260,6312,-466,116,-134,0
1807.8314011096954,9248,5788,11456,-137,-254,78,8552,-9492,9524,-65,179,-181,-14184,4508,4820,-982,74,-41,-14228,-4240,6448,-462,90,-144,0
1807.86488699913,9192,5816,11348,-151,6,74,8476,-9528,9516,-64,150,-137,-14100,4528,4676,-986,64,-55,-14200,-4084,6308,-477,103,-160,0
1807.8982589244845,9240,5864,11348,-101,7,69,8504,-9276,9576,-49,149,-153,-14076,4452,4740,-1006,82,-48,-14128,-4204,6148,-509,71,-149,0
1807.931797027588,9240,5864,11336,-96,-16,90,8472,-9500,9248,-32,149,-169,-14096,4516,4708,-1034,85,-54,-14200,-4300,6304,-491,133,-143,0
1807.9653899669647,9304,5700,11280,-139,9,99,8448,-9480,9472,-55,154,-144,-14092,4516,4672,-985,99,-25,-14284,-4124,6644,-478,107,-122,0
1807.9989819526672,9408,5824,11140,-116,16,107,8504,-9572,9456,-49,145,-141,-14232,4484,4656,-1015,60,-23,-14264,-4068,6420,-533,106,-153,0
1808.0324881076813,9416,5848,11344,-131,3,86,8552,-9516,9368,-22,175,-126,-14220,4508,4608,-1269,52,-40,-14224,-4232,6268,-502,71,-146,0
1808.065649986267,9244,6080,11508,-81,46,80,8476,-9500,9556,-27,149,-125,-14056,4520,4860,-1015,59,253,-14212,-4316,6432,-499,88,-149,0
1808.0992319583893,9276,5800,11372,-137,23,54,8536,-9484,9724,-44,280,-112,-14216,4428,4752,-954,47,-16,-14236,-4172,6616,-463,82,-156,0
1808.1324679851532,9220,5900,11172,-159,59,44,8504,-9588,9496,-13,178,-153,-14044,4584,5104,-1279,67,-41,-13892,-4208,6540,-458,112,-153,0
1808.1657769680023,9240,5844,11332,-114,29,67,8652,-9520,9536,-33,190,-130,-14088,4460,4884,-999,53,-43,-14184,-4312,6356,-495,110,-163,0
1808.1990749835968,9156,6128,11372,-94,-255,61,8680,-9464,9456,-56,194,-142,-14068,4492,5056,-989,46,18,-14192,-4236,6576,-479,54,-153,0
1808.23259305954,9040,5820,11432,-123,11,59,8452,-9508,9556,-98,172,-142,-14052,4792,4844,-981,54,-32,-14220,-4188,6632,-475,103,-149,0
1808.2658431529999,9108,6088,11332,-110,254,82,8380,-9620,9488,-55,167,-160,-13944,4584,4768,-987,92,-75,-14148,-4212,6416,-517,132,-160,0
1808.298898935318,9172,5852,11572,-97,-32,104,8504,-9512,9416,-19,125,-174,-13852,4604,4624,-1020,96,-88,-14080,-4224,6344,-490,139,-121,0
1808.3323860168455,9200,5828,11332,-90,-28,112,8420,-9224,9416,-17,106,-164,-14188,4476,4820,-771,106,-62,-14216,-4216,6304,-263,145,-110,0
1808.3658609390257,9156,5980,11364,-80,-79,105,8492,-9364,9240,-19,126,-199,-13856,4548,4776,-1024,105,-48,-14080,-4232,6484,-261,134,-118,0
1808.3994331359863,9132,5860,11468,-118,-28,98,8512,-9468,9516,-37,152,-159,-13828,4580,4840,-1014,87,-32,-14216,-4232,6368,-492,126,-119,0
1808.4329049587252,9280,5892,11388,-108,-19,115,8536,-9516,9480,-37,162,-152,-14116,4504,4980,-998,74,-68,-14264,-4296,6640,-511,128,-140,0
1808.4664349555967,9056,5928,11400,-144,-38,110,8396,-9256,9520,-19,134,-149,-14088,4468,4764,-992,96,-71,-14196,-4248,6488,-499,123,-154,0
1808.49991106987,9036,5840,11468,-119,-12,92,8368,-9592,9444,-70,124,-176,-14172,4408,4928,-984,78,-65,-14260,-4336,6632,-481,124,-124,0
1808.537456035614,9092,5996,11120,-169,-39,109,8444,-9560,9632,-54,151,-170,-14128,4428,4908,-973,83,-43,-14200,-4244,6464,-494,134,-136,0
1808.5728299617767,9140,6096,11336,-124,-59,96,8528,-9544,9432,-25,159,-198,-14124,4536,4776,-971,94,-82,-14224,-4284,6464,-480,144,-109,0
1808.60880613327,9124,5868,11536,-147,-38,126,8692,-9552,9480,-23,131,-160,-14112,4536,4628,-770,132,-54,-14208,-4200,6348,-510,141,-101,0
1808.6439390182493,9152,6136,11380,-134,-47,120,8416,-9600,9484,-7,117,-172,-14332,4440,4744,-1025,105,-137,-14252,-4268,6400,-768,162,-132,0
1808.6799161434174,9188,5908,11432,-171,-80,122,8336,-9568,9496,-13,138,-204,-14044,4496,4984,-987,115,-41,-14200,-4288,6632,-489,168,-92,0
1808.715143918991,9284,6020,11428,-211,-96,158,8224,-9536,9484,-45,128,-176,-14036,4544,4932,-977,96,-120,-14192,-4264,6492,-455,123,-94,0
1808.7508759498596,9140,5984,11388,-196,-124,127,8488,-9556,9432,-43,125,-187,-14184,4592,4880,-967,107,-86,-14204,-4252,6224,-504,174,-47,0
1808.785964012146,9012,5840,11416,-231,-144,177,8420,-9580,9572,-6,137,-218,-14060,4564,4860,-993,88,-114,-14148,-4264,6440,-498,152,-82,0
1808.8216819763184,9188,5924,11220,-158,-124,141,8476,-9604,9548,-53,138,-229,-14104,4436,4800,-979,103,-116,-14116,-4160,6516,-495,194,-90,0
1808.8577289581297,9444,5916,11404,-8,-200,141,8464,-9520,9524,-2,147,-227,-14056,4556,4760,-1006,133,-133,-14156,-4132,6240,-462,236,-79,0
1808.8930420875547,9160,6140,11128,-4,-131,152,8428,-9556,9476,30,129,-229,-14000,4440,4896,-980,137,-173,-14224,-4216,6576,-453,232,-93,0
1808.9286971092224,9116,5960,11352,-214,-138,158,8388,-9692,9648,3,131,-226,-14056,4532,4824,-977,134,-105,-14200,-4236,6172,-438,188,-72,0
1808.9636950492857,9296,5868,11516,-203,-159,149,8448,-9512,9560,-18,123,-219,-14016,4516,4764,-968,133,-147,-14224,-4180,6392,-497,181,-73,0
1808.9994161129,9228,5996,11492,-234,-197,171,8316,-9496,9588,-30,122,-209,-14136,4468,4712,-1009,144,-128,-14180,-4164,6284,-490,196,-79,0
1809.034798145294,8968,6120,11272,-221,-164,154,8268,-9520,9532,32,93,-210,-14208,4456,4728,-1014,158,-148,-14108,-4268,6520,-489,198,-73,0
1809.0706169605253,9160,5996,11408,-240,-190,156,8320,-9544,9540,29,139,-222,-14108,4464,4964,-1021,128,-117,-14212,-4296,6540,-520,509,-96,0
1809.1056239604948,9000,5804,11420,-218,-214,166,8692,-9456,9684,23,103,-229,-14280,4480,4664,-770,152,-158,-14280,-4248,6452,-469,214,-83,0
1809.1406829357147,9176,5824,11280,-231,-214,143,8508,-9580,9508,20,100,-237,-14060,4460,4604,-1040,123,-152,-14228,-4232,6572,-470,229,-110,0
1809.1771879196167,9040,5864,11076,-211,-205,132,8464,-9560,9560,28,137,-229,-14132,4472,4836,-1052,102,-164,-14172,-4144,6416,-496,246,-95,0
1809.2105741500854,9176,5800,11428,-208,-228,162,8420,-9420,9688,19,101,-230,-14076,4488,4588,-1000,176,-102,-14156,-4284,6152,-465,188,-54,0
1809.2438609600067,9200,5932,11332,-185,-194,167,8680,-9520,9540,-27,91,-231,-14084,4464,4796,-1008,145,-108,-14220,-4168,6344,-472,196,-54,0
1809.2773950099943,9232,5808,11152,-208,-191,161,8532,-9504,9496,-36,91,-231,-13832,4464,4712,-1003,168,-147,-14176,-4164,6348,-474,212,-81,0
1809.3105490207672,9268,5796,11132,-161,-201,157,8480,-9224,9636,-21,81,-217,-13988,4500,4640,-995,130,-112,-14104,-4128,6344,-528,194,-100,0
1809.3441600799563,9268,5812,11256,-172,-160,143,8684,-9544,9548,-37,110,-206,-14068,4388,4656,-1007,138,-80,-14160,-4228,6208,-498,159,-66,0
1809.3776559829712,9276,5776,11360,-138,-81,100,8480,-9440,9452,-33,120,-204,-14116,4332,4748,-997,94,-82,-14296,-4192,6376,-766,129,-108,0
1809.4112350940704,9316,5820,11356,-111,-81,91,8496,-9492,9412,-35,144,-184,-14088,4496,4764,-1016,89,-52,-14240,-4188,6340,-518,142,-145,0
1809.4447469711304,9308,5772,11276,-136,-44,79,8496,-9424,9292,-44,159,-163,-13852,4116,4684,-771,89,-111,-14128,-4212,6384,-467,112,-134,0
1809.478268146515,9312,5812,11236,-163,-14,80,8480,-9420,9500,-27,150,-170,-13892,4200,4516,-997,95,-43,-14356,-4184,6320,-483,114,-125,0
1809.5119581222534,9268,6120,11080,-186,-15,116,8284,-9500,9480,-56,146,-152,-14228,4428,4916,-993,78,-7,-14276,-4092,6436,-498,75,-141,0
1809.5455229282377,8976,5736,11448,-133,1,80,8408,-9480,9584,-47,143,-137,-14156,4448,4724,-1049,61,-5,-14092,-4312,6364,-519,104,-146,0
1809.5790741443634,9268,5820,11056,-117,-18,66,8372,-9484,9572,-25,170,-146,-14036,4512,4732,-1010,77,-10,-14212,-4320,6184,-470,82,-143,0
1809.612461090088,8988,5816,11440,-100,-253,96,8700,-9488,9352,-83,147,-156,-14032,4532,4808,-1019,64,229,-14204,-4212,6480,-477,118,-170,0
1809.6457710266113,9440,5788,11152,-168,-2,86,8484,-9512,9528,-35,172,-151,-14292,4516,4680,-1009,62,-50,-14248,-4228,6412,-457,76,-149,0
1809.6795251369476,9232,5840,11104,-144,57,73,8440,-9448,9560,-45,172,-121,-13832,4420,4724,-1006,62,23,-14156,-4248,6376,-495,57,-156,0
1809.7129471302032,9456,5652,11292,-131,42,93,8204,-9648,9588,-62,156,-120,-14164,4500,5064,-772,90,-28,-14140,-4216,6348,-501,68,-149,0
1809.746212959289,9168,5832,11320,-116,36,76,8676,-9544,9600,-80,184,-95,-14156,4420,4640,-962,88,-60,-14248,-4224,6536,-512,96,-153,0
1809.7799730300903,9288,5840,11368,-137,3,74,8464,-9504,9480,-72,153,-120,-13848,4516,4784,-1007,83,-51,-14256,-4108,6364,-262,125,-131,0
1809.813373088837,9168,5676,11028,-81,-4,75,8528,-9552,9428,-43,112,-169,-13956,4464,4712,-1002,113,-26,-14144,-4144,6452,-491,138,-138,0
1809.8471081256869,9208,5768,11468,-109,-13,85,8648,-9448,9376,-40,129,-167,-14224,4448,5064,-1059,72,-40,-14232,-4272,6296,-481,131,-141,0
1809.880562067032,9140,5900,11412,-86,-4,86,8692,-9412,9488,-37,170,-144,-14188,4572,4784,-997,64,-65,-14328,-4256,6412,-493,107,-168,0
1809.914021968841,9080,5800,11300,-107,-10,62,8328,-9548,9384,-55,186,-130,-14048,4476,4916,-986,53,-70,-14136,-4320,6504,-499,105,-171,0
1809.9476721286774,9192,5732,11184,-125,-11,55,8452,-9500,9720,-66,135,-170,-14104,4576,4696,-1006,69,-52,-14288,-4304,6320,-492,125,-170,0
1809.9812660217283,9140,5888,11400,-118,-21,89,8388,-9452,9680,-62,186,-154,-14008,4504,4792,-1012,50,-20,-14232,-4280,6180,-497,122,-120,0
1810.014699935913,9048,5852,11332,-94,-25,71,8348,-9564,9576,-54,135,-167,-14040,4484,4868,-978,83,-51,-14220,-4256,6452,-495,112,-125,0
1810.0482640266416,9116,5940,11316,-109,-60,67,8196,-9520,9704,-67,141,-186,-14052,4468,4856,-966,98,-49,-14148,-4108,6524,-484,116,-147,0
1810.0818281173708,9164,5904,11280,-124,-45,121,8452,-9496,9588,-51,125,-158,-14088,4820,4804,-1014,90,-81,-14116,-4252,6396,-485,126,-112,0
1810.1153030395508,9128,5648,11364,-122,-43,106,8416,-9488,9536,-33,145,-180,-14160,4416,4864,-995,95,-74,-14244,-4128,6440,-503,136,-147,0
1810.1487510204315,9120,5996,11440,-103,-39,100,8476,-9728,9684,-56,156,-148,-14112,4376,4744,-1026,79,-38,-14128,-4196,6516,-503,124,-143,0
1810.1820459365845,9076,5884,11432,-117,-61,104,8396,-9516,9476,-50,138,-162,-13972,4400,4884,-1000,77,-101,-14140,-4208,6504,-532,148,-142,0
1810.2201600074768,9076,5800,11276,-112,-48,106,8440,-9500,9472,-46,128,-174,-13900,4364,4788,-998,96,-53,-14084,-4296,6312,-471,146,-102,0
1810.255483150482,9068,5908,11072,-125,-73,116,8228,-9256,9716,-54,156,-173,-14060,4580,4688,-987,129,-98,-14204,-4216,6576,-482,141,-135,0
1810.2918820381165,9460,5908,11264,-146,-67,131,8380,-9504,9448,-70,137,-182,-14112,4624,5052,-977,57,-73,-14096,-4248,6348,-534,133,-116,0
1810.3280739784243,9112,5852,11472,-192,-31,109,8640,-9500,9520,17,167,-150,-14140,4452,4864,-769,88,-22,-14148,-4284,6508,-480,119,-121,0
1810.36319899559,9068,5964,11304,-192,-12,124,8468,-9592,9624,-29,138,-192,-14040,4492,4884,-1006,82,-104,-14292,-4276,6416,-488,127,-101,0
1810.3986649513245,9140,5944,11512,-196,-136,111,8312,-9620,9596,-29,144,-208,-14140,4484,4728,-982,120,-115,-14220,-4176,6168,-480,197,-92,0
1810.434226036072,9152,5888,11288,-197,-171,129,8332,-9524,9564,2,112,-217,-14132,4468,4872,-1014,114,-143,-14252,-4304,6432,-497,189,-104,0
1810.4695010185244,9040,5828,11352,-158,-141,150,8480,-9468,9440,-34,126,-209,-14064,4500,4764,-982,105,-84,-14160,-4252,6344,-469,162,-82,0
1810.5050570964813,9092,5980,11476,-186,-154,125,8344,-9520,9420,-63,153,-189,-14316,4492,4948,-960,92,-117,-14216,-4312,6444,-449,216,-77,0
1810.5409159660335,9200,5916,11292,-247,-133,157,8396,-9568,9560,-46,140,-194,-14084,4520,4684,-988,158,-112,-14172,-4196,6600,-452,210,-32,0
1810.5760650634763,9096,5888,11332,-214,-177,171,8512,-9552,9600,-255,99,-229,-14064,4412,4720,-992,176,-152,-14156,-4180,6328,-482,223,-62,0
1810.6116809844973,9204,5804,11024,-238,-215,188,8428,-9528,9504,-9,111,-245,-14016,4464,4756,-1009,172,-111,-14172,-4244,6144,-477,239,-51,0
1810.6476421356203,9180,5876,11280,-239,-242,190,8488,-9420,9532,8,99,-228,-14180,4544,4776,-1003,157,-135,-14240,-4208,6304,-507,235,-65,0
1810.6828269958492,9240,5912,11288,-192,-196,171,8496,-9440,9636,-7,95,-225,-13828,4532,4896,-1002,161,-141,-14192,-4220,6272,-257,234,-73,0
1810.7177259922028,9116,5884,11344,-203,-202,144,8372,-9456,9456,-7,141,-234,-14132,4396,4624,-1019,124,-141,-14248,-4288,6332,-767,203,-92,0
1810.7534110546112,9268,5652,11300,-195,-181,142,8500,-9584,9616,5,135,-214,-14072,4472,4660,-773,172,-124,-14180,-4180,6368,-454,199,-84,0
1810.7892069816587,9096,5868,11356,-227,-165,159,8436,-9452,9400,-26,123,-217,-14076,4480,5112,-979,164,-114,-14216,-4232,6344,-464,194,-102,0
1810.8239850997925,9192,6028,11304,-184,-208,144,8396,-9436,9604,-50,126,-238,-14300,4372,4612,-995,147,-130,-14272,-4208,6652,-473,204,-79,0
1810.8599281311035,9296,5868,11488,-208,-239,152,8372,-9696,9544,-24,80,-235,-14040,4496,4704,-989,166,-104,-14212,-4188,6220,-499,191,-55,0
1810.8932890892029,9192,5756,11188,-184,-186,147,8508,-9492,9492,-14,56,-233,-14124,4624,4828,-996,147,-104,-14164,-4232,6300,-484,212,-98,0
1810.926975011825,9232,5852,11228,-169,-172,151,8436,-9536,9504,-3,105,-231,-14092,4408,4684,-1016,142,-91,-14240,-4140,6260,-489,231,-104,0
1810.960412025452,9272,5812,11160,-161,-177,150,8504,-9496,9572,13,108,-196,-14208,4432,4812,-770,168,-143,-14232,-4156,6380,-259,198,-103,0
1810.9939639568329,9232,5824,11136,-129,-168,134,8448,-9716,9288,-22,97,-207,-14300,4444,4768,-1010,150,-117,-14244,-4160,6272,-481,154,-109,0
1811.0274090766907,9260,5852,11080,-178,-130,132,8472,-9412,9284,-71,119,-153,-14336,4492,4704,-990,134,-81,-14136,-4180,6320,-461,114,-122,0
1811.0610289573667,9392,5804,11188,-136,-28,116,8572,-9472,9488,-82,122,-139,-14136,4448,4672,-1008,87,13,-14244,-4100,6328,-494,77,-137,0
1811.0944809913635,9392,5680,11312,-153,7,102,8532,-9596,9600,-11,158,-149,-14156,4504,4676,-1044,50,-1,-14328,-4204,6304,-482,132,-153,0
1811.1280920505524,9332,5852,11264,-169,35,97,8604,-9396,9240,4,181,-125,-14068,4452,4776,-1040,104,-70,-14300,-4244,6388,-466,125,-155,0
1811.1615419387815,9300,5872,11208,-137,-12,67,8440,-9476,9500,-67,171,-158,-14208,4428,4796,-1016,80,-78,-14236,-4216,6232,-501,144,-149,0
1811.1948609352112,9192,5728,11364,-169,-1,92,8524,-9488,9500,-12,151,-172,-14032,4536,4748,-770,81,-41,-14160,-4088,6548,-475,109,-144,0
1811.2282409667969,9256,5820,11184,-116,14,93,8248,-9396,9228,-31,135,-114,-14224,4452,4728,-1033,85,-254,-14296,-4200,6404,-508,73,-152,0
1811.2618060112004,9324,5812,11228,-113,23,93,8448,-9232,9524,-55,174,-102,-14096,4536,4656,-1016,78,25,-14196,-4232,6496,-470,31,-151,0
1811.295555114746,9420,5648,11248,-134,66,74,8384,-9520,9432,-79,146,-128,-14108,4456,4740,-988,49,-25,-14164,-4344,6360,-482,112,-137,0
1811.329118013382,8992,5860,11028,-143,19,108,8364,-9600,9524,-74,148,-126,-14064,4440,4712,-989,92,-36,-14124,-4216,6244,-501,95,-145,0
1811.3626480102537,9220,5676,11380,-123,248,80,8460,-9516,9516,-65,148,-174,-13844,4516,4648,-1008,111,-51,-13832,-4228,6444,-494,144,-108,0
1811.395795106888,9120,5840,11104,-125,-19,89,8416,-9480,9336,-49,90,-187,-14044,4552,4684,-987,113,-43,-14088,-4160,6144,-491,146,-135,0
1811.4291501045227,9284,5840,11372,-105,-36,87,8524,-9436,9484,-44,113,-192,-14000,4404,4856,-980,73,-74,-14232,-4188,6548,-495,107,-153,0
1811.462702989578,9340,5956,11348,-101,-17,88,8256,-9548,9496,-52,155,-165,-14220,4540,4752,-989,51,-18,-14204,-4168,6180,-466,77,-156,0
1811.4963760375977,9452,5856,11240,-112,13,92,8240,-9680,9584,-12,180,-139,-14104,4596,4828,-1042,64,-22,-14272,-4208,6376,-497,91,-153,0
1811.5298180580137,9304,5632,11328,-110,-11,99,8496,-9536,9688,-41,151,-122,-13832,4424,4824,-1045,52,-256,-14160,-4132,6488,-506,80,-196,0
1811.563436031341,9264,5812,11284,-103,252,108,8376,-9464,9624,-81,176,-134,-14300,4432,4608,-1014,52,-20,-14264,-4144,6360,-497,102,-161,0
1811.5972681045532,9200,5840,11316,-113,22,77,8424,-9532,9488,-70,160,-173,-14100,4576,4724,-997,88,-69,-14180,-4236,6512,-466,133,-175,0
1811.630712032318,9216,5828,11488,-120,-7,79,8420,-9544,9616,-52,221,-123,-14276,4540,4688,-990,56,-94,-14164,-4200,6556,-495,135,-162,0
1811.6642320156095,9176,5852,11332,-104,-15,84,8476,-9492,9520,-67,126,-171,-13956,4576,4716,-1051,64,-48,-14224,-4200,6568,-498,133,-169,0
1811.697870016098,9168,5912,11220,-110,-20,88,8316,-9548,9568,-28,150,-173,-14016,4504,4784,-1042,88,-46,-14192,-4208,6484,-501,141,-140,0
1811.7315189838412,9096,6000,11320,-107,-46,108,8248,-9672,9360,-25,282,-146,-14072,4344,4796,-995,83,-56,-14216,-4248,6472,-484,176,-112,0
1811.76499414444,9172,5920,11276,-128,-50,83,8356,-9496,9452,-62,150,-172,-14036,4448,4844,-997,90,-63,-14252,-4144,6616,-498,129,-138,0
1811.8015770912173,8996,5872,11432,-90,-71,114,8408,-9260,9256,-75,119,-166,-14184,4608,4928,-969,95,-39,-14324,-4248,6548,-766,93,-119,0
1811.8352789878843,9432,5692,11352,-127,-35,104,8452,-9580,9496,-41,146,-176,-14076,4576,5084,-1034,64,-56,-14328,-4192,6600,-504,159,-151,0
1811.8707070350647,9176,6124,11288,-139,-40,133,8480,-9480,9312,-15,178,-132,-13904,4464,4684,-1065,104,-56,-14140,-4324,6476,-485,134,-137,0
1811.9060289859772,9108,5920,11020,-106,-70,108,8236,-9492,9496,-76,134,-181,-14140,4396,4868,-973,81,-25,-14156,-4168,6324,-497,157,-151,0
1811.941555976868,9188,5800,11408,-177,-51,78,8576,-9524,9620,8,152,-185,-13964,4516,4744,-1016,78,-75,-14176,-4180,6188,-462,171,-147,0
1811.9776580333707,9144,5992,11512,-128,-30,88,8416,-9472,9648,17,145,-160,-13868,4488,4732,-1018,75,-46,-14180,-4288,6256,-491,150,-125,0
1812.0123670101163,9144,5960,11464,-145,-45,100,8432,-9544,9568,-43,142,-165,-14244,4536,4976,-1014,76,-74,-14288,-4268,6624,-484,97,-137,0
1812.0476779937744,9196,5984,11428,-163,-56,94,8212,-9524,9488,-84,137,-159,-13848,4540,4804,-967,82,-88,-14208,-4252,6432,-486,97,-127,0
1812.0837810039525,9244,5896,11332,-138,-52,105,8192,-9256,9500,-65,138,-145,-14088,4496,4856,-1026,105,-68,-14160,-4260,6392,-502,142,-108,0
1812.1192700862885,9160,5772,11320,-171,-75,116,8392,-9556,9684,-27,120,-154,-14012,4496,4816,-1009,118,-94,-14152,-4228,6144,-505,152,-119,0
1812.1546001434324,9156,5992,11144,-170,-71,131,8432,-9540,9564,-9,117,-201,-14308,4480,4776,-1012,108,-84,-14224,-4272,6424,-487,173,-96,0
1812.1896250247955,9188,5948,11752,-216,-114,123,8520,-9552,9540,11,139,-184,-14088,4520,5020,-1000,105,-102,-14184,-4248,6544,-480,152,-85,0
1812.2250430583954,9464,5888,11444,-206,-121,155,8464,-9580,9612,-6,129,-198,-14044,4560,4968,-1003,112,-124,-14320,-4496,6448,-500,182,-107,0
1812.2606930732727,9104,5912,11416,-191,-169,154,8476,-9592,9452,-22,124,-222,-13884,4520,4776,-1011,119,-118,-14208,-4288,6492,-764,181,-89,0
1812.2960579395294,9060,5888,11420,-199,-157,139,8452,-9540,9596,-41,119,-230,-14000,4500,4744,-966,112,-79,-14160,-4164,6432,-489,191,-72,0
1812.3318750858307,9108,5836,11164,-235,-119,128,8444,-9272,9324,-39,154,-213,-14076,4600,4736,-980,110,-117,-14188,-4220,6376,-475,229,-75,0
1812.36762714386,9200,5908,11636,-512,-128,144,8652,-9584,9576,-38,142,-221,-14160,4484,4764,-972,118,-104,-14244,-4140,6492,-451,234,-95,0
1812.4024281501772,9216,5856,11448,-248,-135,161,8528,-9512,9416,6,131,-222,-14144,4564,4796,-982,108,-145,-14136,-4224,6624,-487,221,-81,0
1812.4374129772189,9240,5884,11372,-248,-173,160,8196,-9520,9512,34,118,-249,-14144,4536,4716,-997,159,-140,-13864,-4240,6180,-473,252,-56,0
1812.4735689163208,9288,5868,11288,-193,-193,158,8532,-9508,9720,14,65,-211,-14148,4560,4860,-1003,170,-155,-14308,-4244,6436,-502,231,-38,0
1812.5096349716189,9180,5904,11376,-227,-197,156,8448,-9488,9496,8,122,-218,-14240,4524,4748,-1019,119,-170,-14260,-4172,6184,-499,198,-61,0
1812.5450530052183,9456,5816,11308,-200,-179,166,8508,-9508,9620,-17,119,-195,-14148,4448,4868,-985,144,-89,-14156,-4260,6348,-474,167,-76,0
1812.5786459445953,9252,5764,11316,-212,-200,160,8396,-9428,9560,-252,94,-211,-14116,4480,4808,-1004,119,-98,-14332,-4164,6320,-469,207,-81,0
1812.6118509769444,9032,5872,11272,-211,-190,151,8520,-9528,9384,-15,126,-230,-14056,4408,4796,-1014,143,-155,-14212,-4272,6176,-455,202,-67,0
1812.64528298378,9156,5668,11352,-231,-169,146,8476,-9484,9568,-55,79,-248,-14180,4512,4812,-978,170,-131,-14204,-4176,6392,-451,172,-36,0
1812.6788530349731,9292,5656,11392,-198,-187,147,8508,-9508,9468,-58,100,-213,-14104,4480,4536,-1000,127,-99,-14276,-4236,6360,-510,203,-41,0
1812.712147951126,9072,5780,11444,-212,-214,148,8476,-9504,9372,22,93,-226,-14176,4404,4788,-1009,137,-106,-14148,-4196,6392,-464,193,-108,0
1812.7455410957336,9132,5860,11052,-167,-143,150,8524,-9256,9716,-36,118,-219,-13844,4448,4884,-991,129,-83,-14176,-4220,6364,-490,195,-103,0
1812.7792470455172,9008,5832,11264,-189,-199,116,8472,-9520,9488,254,140,-239,-14112,4556,4596,-985,130,-139,-14264,-4200,6216,-491,200,-75,0
1812.8124320507052,9344,5752,11108,-226,-153,158,8640,-9644,9540,-11,113,-205,-14144,4432,4608,-1047,123,-140,-14260,-4204,6464,-469,175,-96,0
1812.845937013626,8988,5860,11076,-153,-149,142,8524,-9360,9608,21,121,-190,-14132,4464,4700,-1047,102,-28,-14236,-4292,6484,-483,87,-139,0
1812.8792791366575,9324,5880,11236,-144,-76,114,8476,-9436,9588,-52,122,-173,-13992,4484,4648,-1008,110,-74,-14124,-4348,6280,-492,109,-139,0
1812.9125361442564,9292,5852,11328,-169,-43,109,8476,-9688,9252,-73,130,-187,-14032,4404,4888,-989,88,-67,-14232,-3956,6344,-494,123,-120,0
1812.9460489749908,9252,5816,11216,-131,-24,122,8588,-9452,9220,-38,134,-167,-14100,4436,4868,-1280,91,-66,-14256,-4280,6296,-506,135,-126,0
1812.979871034622,9412,5732,11248,-156,-13,105,8556,-9256,9244,-255,149,-160,-13836,4564,4788,-770,121,-62,-14128,-4136,6332,-475,150,-134,0
1813.0131919384005,9300,5760,11456,-137,-3,122,8488,-9456,9480,-46,126,-189,-14180,4496,4792,-1003,112,-42,-14240,-4260,6396,-476,123,-119,0
1813.0469620227814,9060,5856,11388,-134,-36,110,8480,-9544,9456,-26,130,-168,-14064,4524,4760,-998,105,-59,-14164,-4256,6316,-503,85,-124,0
1813.0803871154783,9368,5820,11328,-130,-33,115,8528,-9556,9472,-68,148,-154,-14120,4500,5040,-1006,66,-64,-14176,-4212,6408,-530,107,-171,0
1813.1135981082916,9420,6052,11236,-128,-1,94,8504,-9456,9580,-31,149,-161,-14016,4384,5060,-1267,98,-15,-14236,-4304,6392,-499,87,-102,0
1813.1468329429629,9308,5900,11264,-122,40,112,8412,-9508,9448,-43,117,-112,-14088,4504,4720,-1023,83,-249,-14196,-4276,6368,-479,50,-163,0
1813.1803030967712,9240,5840,11348,-153,8,91,8456,-9516,9580,-70,151,-151,-14220,4472,4796,-977,77,-33,-14144,-4172,6372,-474,106,-145,0
1813.2137629985807,9292,5868,11348,-173,-17,94,8516,-9520,9644,-68,155,-154,-14100,4468,4732,-983,88,-68,-14256,-4272,6392,-459,128,-119,0
1813.2474970817564,9216,5872,11332,-134,-35,77,8556,-9480,9388,-24,138,-165,-14108,4444,4764,-980,94,-61,-14220,-4232,6312,-501,139,-119,0
1813.2810950279236,9308,5860,11308,-105,-24,88,8244,-9224,9428,-49,116,-179,-14108,4560,4752,-993,98,-72,-14192,-4216,6400,-487,140,-124,0
1813.314265012741,9284,5856,11312,-89,-34,96,8588,-9492,9504,-23,134,-157,-14096,4456,4728,-1279,93,-81,-14196,-4240,6340,-517,121,-168,0
1813.3477480411532,9216,5832,11396,-94,-28,90,8364,-9480,9524,-22,151,-147,-14268,4544,5108,-1030,61,-70,-14228,-4276,6380,-764,116,-153,0
1813.3809130191803,9132,5892,11284,-109,-22,52,8484,-9520,9500,-44,154,-155,-13832,4528,4824,-995,67,-25,-14248,-4264,6344,-497,112,-144,0
1813.4144110679629,9276,5824,11300,-118,-17,87,8472,-9480,9548,-56,121,-157,-14236,4500,4808,-1024,79,-12,-14296,-4200,6640,-461,69,-131,0
1813.4480950832367,9328,5764,11484,-120,28,66,8540,-9600,9304,-28,147,-141,-14180,4380,4792,-1025,55,-46,-14144,-4260,6548,-523,121,-188,0
1813.4816961288452,9152,5892,11356,-164,-56,93,8480,-9368,9616,-38,178,-131,-13996,4496,4756,-1042,91,-54,-14144,-4232,6276,-483,89,-126,0
1813.5149750709534,9144,5928,11292,-78,246,78,8496,-9548,9592,-93,139,-144,-14060,4504,4772,-1006,77,-65,-14168,-4124,6172,-519,127,-168,0
1813.5507240295412,9464,6104,11488,-123,-38,83,8416,-9620,9500,-35,157,-199,-14064,4528,4700,-1021,67,-60,-14212,-4136,6452,-499,146,-156,0
1813.5861089229584,9176,5820,11448,-129,-25,78,8492,-9388,9588,-12,164,-168,-14016,4428,4824,-1033,46,-82,-14176,-4300,6336,-491,121,-155,0
1813.6217939853668,9136,6140,11464,-97,-11,75,8404,-9472,9588,-56,144,-141,-14100,4496,4760,-773,82,232,-14152,-4344,6312,-501,96,-151,0
1813.6575119495392,9164,5936,11328,-117,-31,73,8408,-9488,9504,-70,164,-166,-14136,4508,4760,-991,48,-10,-14156,-4248,6604,-493,102,-133,0
1813.6922209262848,9184,6020,11212,-136,-35,100,8556,-9560,9544,-37,196,-140,-14156,4520,4728,-1012,84,-77,-14232,-4192,6440,-260,129,-143,0
1813.727611064911,9172,5860,11404,-99,-35,107,8448,-9468,9524,-38,133,-164,-14148,4520,4820,-1027,115,-35,-14096,-4280,6448,-523,125,-122,0
1813.7626891136172,9156,5880,11416,-134,-44,109,8468,-9448,9640,-33,116,-166,-14084,4476,4776,-1034,117,-117,-14196,-4256,6360,-257,132,-117,0
1813.7981979846954,9084,5860,11388,-108,-64,98,8516,-9612,9496,-34,113,-178,-14124,4456,4828,-1011,113,-69,-14196,-4292,6336,-511,143,-154,0
1813.833657026291,9180,5832,11260,-134,-49,102,8204,-9484,9576,-23,182,-181,-14092,4544,4660,-998,92,-54,-14212,-4188,6160,-261,120,-126,0
1813.8695819377897,9204,5936,11504,-98,-52,82,8532,-9484,9528,-12,161,-187,-13948,4428,4760,-994,105,-53,-14168,-4296,6460,-500,161,-124,0
1813.9045050144196,9228,5872,11288,-151,-34,122,8408,-9524,9272,-21,118,-151,-14120,4576,4912,-1011,118,-59,-14132,-4292,6512,-493,122,-102,0
1813.9402909278867,9080,5856,11340,-144,-35,106,8340,-9508,9428,-71,134,-176,-14052,4488,4828,-987,108,-47,-14232,-4100,6464,-480,150,-124,0
1813.9754769802094,9188,5896,11400,-188,-55,107,8480,-9528,9488,-52,145,-176,-14308,4588,4608,-969,97,-47,-14108,-4300,6436,-505,134,-126,0
1814.0109450817108,9200,5940,11252,-190,-57,94,8412,-9584,9536,-38,132,-171,-14288,4720,4852,-985,112,-58,-14216,-4292,6496,-502,148,-120,0
1814.0460889339447,9136,5992,11400,-175,-70,125,8432,-9588,9644,-10,147,-188,-14000,4500,4724,-1009,107,-104,-14156,-4252,6524,-478,140,-87,0
1814.081913948059,9108,5864,11336,-196,-78,111,8468,-9504,9348,-23,117,-196,-14108,4528,4948,-1017,83,-72,-14164,-4328,6396,-489,180,-73,0
1814.1176121234894,9456,5852,11028,-193,-155,131,8472,-9580,9580,-25,132,-207,-14040,4484,4904,-1000,104,-107,-14228,-4328,6640,-487,174,-107,0
1814.1527130603788,9036,5880,11264,-215,-167,144,8400,-9464,9588,-35,129,-227,-13872,4496,4684,-997,138,-106,-14248,-4360,6580,-504,198,-96,0
1814.1881780624387,9052,6124,11120,-229,-168,148,8580,-9700,9532,-29,112,-201,-14036,4492,4824,-941,135,-96,-14264,-4248,6548,-472,188,-72,0
1814.2241101264954,9140,5840,11392,-235,-131,146,8196,-9604,9724,-25,120,-201,-14012,4516,4612,-957,124,-107,-14152,-4232,6400,-471,194,-95,0
1814.2576401233673,8964,5956,11260,-209,-145,144,8412,-9564,9540,-9,174,-218,-14060,4632,4788,-959,126,-130,-14216,-4152,6616,-467,201,-95,0
1814.2911620140076,9120,5928,11316,-230,-164,147,8464,-9492,9452,-1,122,-227,-14020,4488,4768,-990,131,-183,-14176,-4240,6448,-471,248,-98,0
1814.3244690895083,9128,5880,11332,-239,-161,155,8684,-9692,9496,-5,110,-238,-13832,4456,5008,-984,143,-128,-14288,-4228,6368,-476,216,-49,0
1814.357919931412,8972,6004,11240,-224,-156,153,8552,-9496,9664,-25,134,-219,-14124,4484,4856,-967,121,-135,-14276,-4164,6320,-463,181,-66,0
1814.391188144684,9200,5656,11020,-222,-166,143,8564,-9544,9640,26,134,-198,-14228,4464,4708,-1037,118,-142,-14224,-4268,6320,-462,201,-74,0
1814.4245209693909,9184,5896,11476,-234,-174,156,8364,-9536,9560,50,108,-179,-14148,4472,5064,-1038,153,-132,-14116,-4268,6444,-495,169,-98,0
1814.457983970642,9224,5904,11456,-207,-132,123,8468,-9476,9536,-31,143,-220,-14092,4400,4968,-999,86,-103,-14180,-4200,6408,-475,204,-107,0
1814.4916350841524,9272,5804,11456,-242,-193,136,8404,-9540,9536,-10,148,-226,-13988,4448,4676,-991,135,-126,-14148,-4200,6384,-458,228,-70,0
1814.5250780582428,9020,5760,11324,-232,-184,151,8532,-9668,9568,42,121,-216,-14080,4448,4796,-1038,109,-116,-14172,-4232,6624,-484,159,-109,0
1814.5586309432983,9396,6092,11504,-194,-204,132,8196,-9412,9576,7,144,-192,-14068,4472,4764,-983,105,-99,-14264,-4184,6504,-456,145,-95,0
1814.592164993286,9404,5884,11760,-192,-149,124,8480,-9448,9532,-32,103,-215,-13952,4504,4536,-992,123,-124,-14196,-4116,6632,-470,187,-73,0
1814.6255910396571,9344,5764,11372,-177,-158,129,8496,-9340,9508,-34,112,-208,-14152,4440,4700,-988,140,-94,-14132,-4216,6416,-488,210,-68,0
1814.6589329242709,9460,5800,11348,-153,-153,164,8532,-9572,9520,-22,54,-241,-14108,4432,4728,-1278,163,-138,-14104,-4248,6188,-476,202,-78,0
1814.6924879550934,9148,5836,11436,-186,-211,141,8348,-9452,9436,3,107,-237,-13912,4352,4716,-1012,156,-111,-14212,-4140,6616,-483,201,-63,0
1814.7259781360628,9308,5776,11488,-153,-150,148,8536,-9376,9404,-36,104,-207,-14140,4464,4824,-996,129,-89,-14268,-4176,6540,-499,142,-127,0
1814.7598829269407,9308,5844,11164,-127,-118,119,8556,-9612,9400,-28,82,-186,-14096,4380,4800,-1012,118,-83,-14248,-4276,6360,-494,100,-132,0
1814.7933011054993,9364,5804,11236,-128,-10,115,8488,-9436,9592,-24,141,-185,-14128,4484,4852,-1033,110,-30,-14208,-4128,6192,-506,119,-146,0
1814.8268940448763,9348,5824,11324,-156,23,97,8528,-9416,9540,-17,148,-136,-13880,4448,4740,-1038,72,-20,-14208,-4168,6268,-467,121,-137,0
1814.8603489398956,9288,5808,11112,-163,21,80,8508,-9484,9560,-13,153,-139,-13860,4468,4988,-771,94,-39,-14220,-4288,6312,-454,107,-109,0
1814.8935899734495,9272,5764,11452,-148,-41,92,8468,-9728,9228,-55,139,-170,-14296,4464,4800,-1012,101,-37,-14176,-4284,6324,-488,118,-123,0
1814.9274301528933,9212,5828,11388,-149,-57,99,8448,-9532,9468,-33,109,-184,-14164,4508,4916,-1003,82,-31,-14172,-4136,6212,-488,131,-140,0
1814.9611580371857,8972,5692,11368,-104,-22,112,8448,-9680,9712,-61,158,-164,-14060,4512,4760,-1008,77,-51,-14312,-4144,6324,-488,126,-131,0
1814.9946050643923,9172,5792,11196,-128,14,98,8332,-9332,9436,-36,126,-155,-14268,4592,4684,-1008,87,-34,-14128,-4148,6436,-474,96,-170,0
1815.0282649993896,9008,5788,11280,-113,5,68,8504,-9552,9596,-32,144,-159,-14012,4456,4912,-1022,73,-61,-14276,-4216,6504,-472,97,-140,0
1815.0618040561676,9288,5908,11316,-112,16,100,8400,-9472,9528,-36,120,-122,-14076,4488,4776,-991,90,-51,-14316,-4332,6212,-474,110,-110,0
1815.0955610275269,9236,5828,11428,-135,-29,100,8520,-9512,9564,-56,120,-178,-14056,4448,4736,-983,145,-55,-14252,-4244,6384,-463,123,-135,0
1815.1291940212252,9244,5900,11376,-111,-22,115,8456,-9220,9564,-79,112,-128,-14260,4416,4648,-987,134,-251,-14304,-4164,6288,-487,87,-134,0
1815.1624541282654,9280,5804,11240,-98,-8,104,8556,-9500,9484,-58,128,-132,-14104,4468,4784,-1038,72,-10,-14200,-4164,6432,-510,114,-153,0
1815.1960749626164,9404,5812,11440,-110,-13,83,8492,-9436,9628,-29,163,-160,-14196,4468,4752,-1280,57,-43,-14132,-4208,6420,-487,81,-164,0
1815.2318489551544,9192,5832,11324,-79,30,70,8436,-9568,9584,-103,143,-136,-14180,4372,5032,-1013,59,-32,-14080,-4236,6428,-767,106,-152,0
1815.2677159309387,9300,5824,11244,-145,-21,56,8212,-9500,9496,-20,167,-151,-14148,4508,5092,-990,34,-53,-14168,-4116,6348,-481,131,-198,0
1815.302711963653,9244,5644,11460,-118,43,80,8532,-9520,9448,-4,158,-148,-14296,4496,4748,-1027,71,-44,-14140,-4268,6408,-482,93,-167,0
1815.3376860618591,9112,5848,11312,-99,9,95,8588,-9252,9544,-58,160,-137,-14068,4508,5116,-970,53,228,-14288,-4304,6564,-468,96,-152,0
1815.3733251094816,9124,5680,11048,-131,10,67,8536,-9432,9528,-62,153,-154,-14092,4504,5088,-976,64,-19,-14136,-4164,6280,-486,96,-151,0
1815.4092979431152,9168,5860,11268,-123,-17,91,8488,-9508,9604,-58,131,-152,-14100,4536,4824,-1013,100,-90,-14228,-4172,6416,-503,119,-158,0
1815.4440870285034,9292,5944,11020,-87,-19,89,8440,-9604,9712,-36,129,-180,-14052,4428,4704,-1010,93,-55,-14052,-4192,6352,-767,165,-131,0
1815.4799649715424,9128,5948,11392,-103,-45,125,8420,-9500,9236,-6,97,-194,-14044,4472,4736,-1012,83,-89,-14192,-4128,6496,-490,174,-141,0
1815.514958143234,9180,5888,11436,-95,-84,102,8432,-9520,9428,-42,125,-165,-14120,4620,4668,-1008,77,-51,-14236,-4276,6416,-505,156,-123,0
1815.5507249832153,9184,5876,11416,-123,3,110,8396,-9520,9676,-74,137,-170,-14040,4424,4840,-1011,78,-72,-14164,-4176,6488,-488,108,-149,0
1815.5861930847168,9188,6140,11400,-102,-45,89,8676,-9548,9512,-7,147,-164,-14056,4500,4960,-1012,93,-13,-14100,-4292,6412,-495,119,-149,0
1815.6216681003573,9120,6128,11032,-105,-19,117,8464,-9440,9464,-45,116,-134,-14044,4472,4644,-1002,101,-48,-14252,-4224,6604,-495,117,-113,0
1815.657518148422,9168,5924,11444,-119,-79,99,8192,-9520,9400,-86,130,-186,-14048,4484,4900,-974,77,-34,-14124,-4312,6460,-486,126,-130,0
1815.6922340393069,9176,5864,11264,-152,-55,116,8428,-9492,9476,-62,132,-182,-14156,4524,4760,-1003,88,-74,-14156,-4256,6352,-469,136,-146,0
1815.7280931472776,9108,5644,11364,-142,-47,125,8688,-9516,9548,-35,165,-176,-13860,4368,4864,-1008,90,-46,-14204,-4224,6652,-503,139,-122,0
1815.7631769180296,9176,5872,11460,-138,-24,117,8192,-9436,9536,-17,133,-188,-13876,4472,4772,-1278,113,-106,-14208,-4220,6480,-500,145,-107,0
1815.7992639541628,9096,5832,11380,-149,-39,143,8452,-9476,9536,-28,118,-154,-14332,4456,4740,-974,80,-24,-14104,-4208,6208,-504,157,-118,0
1815.8341541290283,9088,5840,11348,-165,-50,132,8440,-9396,9228,-32,109,-167,-13836,4800,4808,-989,147,-82,-14224,-4320,6276,-498,140,-110,0
1815.8703169822693,9172,5840,11368,-162,-103,126,8572,-9508,9620,-24,119,-178,-14036,4496,5084,-1002,150,-112,-14208,-4316,6508,-472,165,-76,0
1815.905569076538,9216,5952,11388,-207,-115,118,8240,-9716,9480,-24,138,-182,-14012,4564,4796,-982,107,-95,-14304,-4240,6452,-466,156,-58,0
1815.9390189647675,9280,5904,11412,-205,-103,139,8512,-9492,9716,-71,122,-190,-14028,4560,4580,-970,92,-52,-14296,-4188,6424,-480,180,-58,0
1815.9727571010587,9264,5876,11288,-206,-120,105,8568,-9544,9452,-2,139,-199,-14176,4536,4788,-1018,86,-88,-14272,-4260,6464,-500,222,-114,0
1816.0060729980469,9196,5988,11460,-205,-104,127,8388,-9404,9512,-14,142,-199,-14040,4588,4872,-997,114,-124,-14212,-4284,6360,-478,168,-84,0
1816.0399520397189,9144,6072,11440,-197,-129,126,8428,-9480,9468,-62,150,-200,-13864,4488,4760,-983,99,-113,-14248,-4272,6536,-478,205,-112,0
1816.0736260414124,9192,5980,11444,-255,-120,127,8428,-9572,9708,5,159,-235,-13972,4560,4644,-962,117,-150,-14164,-4152,6624,-448,224,-87,0
1816.1070699691772,9232,5820,11324,-203,-121,153,8480,-9240,9584,15,123,-197,-14140,4516,4684,-993,143,-86,-14164,-4256,6592,-476,217,-95,0
1816.1402490139008,9116,5872,11372,-210,-147,138,8536,-9508,9620,-3,142,-181,-14060,4472,4804,-993,110,-107,-14236,-4520,6548,-459,158,-85,0
1816.1737780570984,9440,5840,11332,-223,-150,131,8392,-9436,9536,-49,139,-194,-13836,4544,4608,-970,128,-115,-14188,-4280,6192,-487,180,-85,0
1816.207414150238,9128,5872,11156,-201,-151,160,8504,-9500,9808,-43,104,-191,-14180,4528,4672,-769,130,-149,-14256,-4192,6424,-493,214,-96,0
1816.2409031391144,9444,5908,11452,-155,-158,139,8376,-9496,9508,-1,113,-226,-13832,4480,4644,-1279,133,-137,-14168,-4168,6336,-478,215,-72,0
1816.2743051052094,9140,5852,11152,-191,-181,147,8464,-9472,9660,-6,91,-219,-14036,4548,4796,-1005,151,-105,-14172,-4192,6452,-466,213,-62,0
1816.3076279163363,9460,5652,11264,-182,-180,164,8492,-9520,9388,251,111,-218,-14112,4512,4824,-988,135,-145,-14220,-4176,6496,-468,213,-82,0
1816.3410999774933,9188,5912,11456,-200,-193,143,8428,-9516,9560,-22,139,-217,-14160,4456,4820,-983,121,-173,-14216,-4216,6448,-483,172,-91,0
1816.3747351169588,9272,5948,11348,-177,-155,140,8372,-9440,9540,3,107,-217,-14168,4424,4448,-1008,153,-139,-14276,-4264,6568,-487,217,-47,0
1816.4080541133883,9244,5840,11124,-190,-169,155,8552,-9512,9264,-21,103,-215,-14188,4464,4732,-1050,159,-137,-14344,-4228,6464,-491,182,-72,0
1816.4416429996493,9312,5804,11252,-194,-179,152,8468,-9340,9564,-22,99,-209,-14132,4552,4852,-977,146,-82,-14140,-4208,6280,-471,191,-72,0
1816.4749600887296,9196,5760,11300,-190,-176,151,8420,-9604,9476,-32,115,-241,-14124,4512,4668,-976,141,-184,-14160,-4188,6396,-499,207,-76,0
1816.50851392746,9008,5852,11372,-203,-207,157,8368,-9512,9720,-20,64,-258,-13904,4552,4800,-986,75,-124,-14140,-4268,6488,-476,203,-91,0
1816.5419409275055,9264,5788,11044,-178,-206,139,8264,-9220,9560,-10,113,-216,-14124,4364,4740,-1001,137,-125,-14208,-4200,6328,-492,177,-98,0
1816.5756170749664,9276,5868,11180,-183,-152,143,8588,-9380,9400,-20,93,-235,-14132,4460,4808,-769,126,-100,-14148,-4120,6548,-497,178,-89,0
1816.6090791225433,9256,5828,11296,-161,-173,139,8508,-9456,9432,-6,136,-224,-14040,4432,4668,-1033,108,-82,-14240,-4192,6440,-504,166,-134,0
1816.642216920853,9244,5808,11396,-137,-118,130,8508,-9376,9416,-55,113,-193,-14312,4604,4724,-999,115,-107,-14224,-4292,6368,-488,100,-125,0
1816.675580978393,9388,5856,11460,-162,-33,124,8504,-9388,9448,-67,136,-193,-14084,4360,4684,-980,103,-13,-14256,-4140,6184,-498,83,-139,0
1816.709196090698,9436,5784,11444,-126,-26,100,8532,-9720,9456,-46,169,-151,-14180,4504,4652,-1055,67,-38,-14232,-4200,6168,-495,117,-168,0
1816.7426049709325,9312,5832,11364,-181,-33,82,8508,-9308,9596,18,142,-138,-14288,4404,4676,-1051,68,-42,-14216,-4188,6192,-458,101,-133,0
1816.7761321067812,9048,5860,11220,-127,29,87,8512,-9456,9584,-56,129,-125,-14100,4452,5072,-1029,96,-56,-14184,-4264,6380,-481,73,-159,0
1816.814074993133,9248,5720,11296,-152,-24,75,8488,-9580,9456,-25,126,-151,-14112,4468,4620,-984,123,-56,-14248,-4084,6496,-487,149,-165,0
1816.8482611179352,9328,5800,11344,-158,254,105,8580,-9248,9320,-20,146,-137,-14088,4488,4700,-773,64,-51,-14256,-4192,6232,-462,88,-121,0
1816.8816740512848,9212,5856,11328,-99,12,68,8472,-9432,9704,-16,153,-111,-14224,4528,4740,-1022,43,-18,-14312,-4240,6484,-492,48,-135,0
1816.9175081253052,9152,5832,11268,-147,16,80,8524,-9432,9580,-76,192,-101,-14128,4408,4624,-996,46,25,-14204,-4288,6416,-475,41,-143,0
1816.95344209671,9216,5900,11656,-130,16,62,8404,-9500,9568,-82,163,-126,-14072,4492,4744,-975,34,-19,-14232,-4248,6476,-497,96,-136,0
1816.9895150661469,9164,5832,11324,-92,-242,105,8444,-9668,9648,-49,132,-137,-14124,4536,4788,-1021,82,-33,-14128,-4128,6144,-488,129,-163,0
1817.024127960205,9160,5884,11476,-118,-11,97,8664,-9532,9456,-16,120,-156,-14212,4488,4992,-1006,104,-86,-14148,-4128,6148,-490,149,-114,0
1817.059147119522,9088,5880,11292,-76,-35,106,8364,-9488,9688,-43,103,-206,-14044,4548,4760,-1024,83,-58,-14184,-4280,6400,-502,150,-165,0
1817.0948450565336,9464,5832,11372,-115,-42,88,8192,-9728,9592,-55,170,-166,-14168,4352,4804,-983,78,-29,-14208,-4236,6644,-489,124,-159,0
1817.1307001113892,9252,5824,11340,-106,32,64,8692,-9512,9472,-40,203,-145,-14096,4456,4664,-1020,36,-40,-14176,-4176,6416,-498,109,-153,0
1817.1655781269073,9160,5864,11280,-97,246,77,8456,-9236,9588,-11,186,-132,-14008,4460,4724,-1029,65,-13,-14212,-4312,6324,-496,123,-150,0
1817.2015590667725,9164,5936,11340,-103,3,74,8452,-9424,9412,-46,143,-133,-14120,4472,5012,-1042,72,-20,-14212,-4364,6460,-498,137,-134,0
1817.237712144852,9208,5684,11400,-101,-36,81,8440,-9560,9588,-76,165,-174,-14168,4464,4620,-771,73,-40,-14124,-4204,6416,-488,121,-140,0
1817.2727670669556,9164,5776,11084,-105,-37,68,8480,-9448,9536,-48,138,-154,-14072,4460,4916,-981,87,-89,-14252,-4212,6404,-502,128,-144,0
1817.3087999820707,9252,5900,11428,-82,-35,97,8532,-9700,9520,-38,146,-154,-14016,4528,4664,-1015,68,-42,-13884,-4260,6632,-468,132,-105,0
1817.3440539836884,9144,6004,11292,-113,-55,114,8528,-9508,9496,-49,146,-180,-14156,4520,4852,-1020,87,-99,-14128,-4336,6172,-499,139,-135,0
1817.3790969848633,9060,5876,11264,-106,-48,94,8396,-9532,9696,-30,129,-160,-13852,4444,4808,-1030,81,-39,-14268,-4272,6376,-491,153,-164,0
1817.4150590896609,9260,5964,11388,-138,-53,104,8368,-9536,9388,-31,162,-175,-14036,4556,4856,-999,72,-30,-14264,-4216,6612,-496,131,-145,0
1817.4502890110011,9140,5960,11472,-119,-40,116,8484,-9592,9400,-65,122,-160,-14000,4552,4788,-1008,74,-53,-14104,-4196,6160,-505,124,-129,0
1817.4859459400177,9408,5856,11220,-141,-67,120,8460,-9672,9584,-14,130,-143,-14320,4528,4800,-1027,93,-56,-14236,-4328,6404,-503,136,-128,0
1817.5213780403135,9144,6008,11376,-134,-19,119,8508,-9472,9436,-40,121,-144,-13900,4492,4992,-1010,71,-51,-14264,-4208,6400,-489,123,-122,0
1817.5587630271912,9220,5924,11404,-137,-89,97,8236,-9580,9488,-249,189,-195,-14076,4576,4812,-995,98,-46,-14132,-4208,6468,-455,157,-138,0
1817.5922601222992,9076,5896,11224,-184,-18,105,8452,-9516,9320,9,145,-172,-13992,4544,4872,-1011,86,-84,-14120,-4160,6476,-478,150,-105,0
1817.625643014908,9116,5920,11472,-169,-39,119,8504,-9240,9264,3,163,-158,-14024,4492,4712,-996,88,-96,-14168,-4260,6640,-507,141,-105,0
1817.6589031219485,9348,6012,11652,-206,-50,108,8432,-9544,9544,-20,131,-166,-14040,4504,4880,-989,85,-93,-14224,-4336,6628,-466,113,-90,0
1817.69242310524,9128,6088,11264,-224,-112,117,8492,-9600,9640,-38,148,-205,-14084,4456,4828,-949,96,-75,-14112,-4260,6456,-477,153,-76,0
1817.7256059646609,9104,6028,11160,-187,-148,115,8404,-9312,9700,-28,124,-204,-14084,4640,4880,-999,143,-125,-13848,-4304,6304,-535,210,-89,0
1817.7595419883728,9060,5916,11408,-186,-195,144,8392,-9452,9488,-26,120,-238,-13956,4608,4788,-981,137,-130,-14124,-4304,6620,-501,201,-58,0
1817.7941460609436,9164,6056,11428,-202,-160,142,8464,-9508,9576,-30,127,-230,-13888,4520,4860,-992,129,-119,-14232,-4156,6488,-498,217,-78,0
1817.8282909393313,9196,5864,11264,-229,-183,154,8420,-9716,9472,-8,142,-212,-14164,4528,4700,-967,152,-116,-14136,-4176,6588,-467,203,-78,0
1817.8619101047516,9208,5932,11428,-239,-154,128,8200,-9688,9648,254,123,-216,-14040,4492,4880,-968,148,-153,-14316,-4188,6460,-473,190,-73,0
1817.8955221176147,9308,5852,11444,-238,-183,170,8684,-9256,9520,13,134,-223,-14108,4428,4708,-1009,163,-144,-14168,-4144,6416,-498,225,-82,0
1817.9289519786835,9164,5856,11272,-202,-201,186,8512,-9480,9472,-23,125,-228,-14116,4468,4692,-1002,150,-114,-14228,-4304,6416,-478,200,-79,0
1817.9623520374296,9220,5932,11292,-224,-199,167,8416,-9484,9564,-37,113,-235,-14124,4580,4628,-1008,136,-123,-14224,-4252,6380,-476,221,-65,0
1817.9960730075836,9248,5652,11364,-196,-198,158,8584,-9500,9576,-35,115,-225,-14004,4360,4860,-995,128,-120,-14252,-4184,6632,-491,204,-81,0
1818.029597043991,9056,5856,11168,-195,-175,152,8508,-9724,9368,-254,145,-242,-14152,4428,4820,-1008,107,-166,-14244,-4308,6636,-482,200,-68,0
1818.0631830692291,9040,6108,11356,-242,-182,147,8368,-9492,9532,17,121,-211,-14068,4432,4804,-1001,127,-175,-14236,-4180,6156,-478,196,-95,0
1818.0968620777132,9244,5812,11352,-213,-167,150,8372,-9516,9356,7,114,-235,-14100,4380,4852,-1004,119,-139,-14324,-4220,6408,-491,206,-65,0
1818.1302261352537,9192,5760,11380,-196,-178,172,8484,-9472,9684,-22,79,-207,-13880,4508,4592,-1013,157,-85,-14340,-4232,6356,-501,207,-86,0
1818.163584947586,9240,5876,11512,-187,-193,161,8548,-9396,9724,-6,95,-212,-14076,4380,4748,-1011,151,-122,-14112,-4148,6416,-496,200,-75,0
1818.1972000598907,9316,5840,11336,-184,-207,191,8544,-9492,9528,-18,39,-231,-13836,4568,5020,-1001,157,-143,-14228,-4208,6368,-479,190,-62,0
1818.2305171489716,8960,5876,11304,-203,-183,161,8524,-9456,9488,-43,113,-210,-14144,4448,4796,-988,141,-152,-14308,-4092,6392,-478,158,-86,0
1818.2641761302948,9320,5776,11220,-173,-146,127,8576,-9596,9280,-54,113,-204,-14236,4468,4712,-999,130,-78,-14284,-4224,6328,-502,136,-99,0
1818.2977440357208,9360,5752,11300,-154,-159,118,8492,-9440,9580,-33,107,-205,-14148,4508,4796,-1022,90,-71,-14232,-4200,6360,-475,138,-138,0
1818.3311710357668,9236,5856,11168,-138,-103,112,8420,-9404,9520,-27,132,-183,-14164,4452,4624,-993,115,-71,-14232,-4272,6396,-471,107,-114,0
1818.3643529415133,9284,5852,11456,-115,-84,90,8692,-9724,9228,-63,119,-183,-14124,4480,4724,-1018,109,-90,-14228,-4160,6248,-484,158,-131,0
1818.397742986679,9344,5800,11284,-163,-37,93,8524,-9436,9604,26,143,-171,-13860,4504,4848,-1029,84,-9,-14280,-4180,6372,-492,118,-149,0
1818.4311690330508,9336,5816,11460,-111,253,88,8540,-9228,9512,-254,157,-111,-14220,4420,4836,-1017,49,-251,-14196,-4172,6472,-467,46,-176,0
1818.464590072632,9096,5632,11096,-165,15,77,8452,-9552,9680,-36,175,-128,-14088,4508,4936,-1279,80,-48,-14132,-4228,6332,-486,72,-162,0
1818.4982089996336,9176,5904,11404,-122,-26,96,8620,-9540,9556,-65,150,-141,-13836,4496,4980,-1279,70,-56,-14144,-4176,6180,-502,104,-146,0
1818.531878948212,9140,5868,11292,-84,254,113,8452,-9540,9556,-34,140,-145,-14084,4500,4808,-1012,101,-49,-13896,-4288,6168,-520,79,-116,0
1818.565241098404,9240,5916,11292,-75,-38,89,8452,-9232,9432,-67,144,-171,-14044,4504,4664,-982,118,-19,-14096,-4312,6284,-473,94,-150,0
1818.60125207901,9152,5828,11172,-151,-2,102,8464,-9232,9588,-51,127,-143,-14040,4548,4720,-1001,87,249,-14256,-4208,6532,-491,107,-140,0
1818.6360940933228,9252,6112,11356,-116,-10,88,8392,-9516,9584,-58,136,-151,-13896,4372,4824,-1001,68,-34,-14184,-4284,6484,-493,95,-148,0
1818.6719510555267,9228,5808,11304,-124,-248,90,8484,-9568,9368,-61,127,-140,-13932,4484,4760,-997,94,-34,-14080,-4204,6144,-258,99,-141,0
1818.7079610824585,9456,5856,11328,-105,244,67,8552,-9420,9568,-28,147,-153,-13964,4452,5088,-1037,83,-28,-14220,-4240,6480,-503,136,-137,0
1818.7435579299927,9168,5812,11280,-85,253,86,8548,-9484,9508,-39,117,-152,-14036,4512,4704,-1042,58,-27,-14200,-4100,6524,-509,88,-152,0
1818.7792599201205,9236,5708,11428,-103,8,86,8532,-9420,9568,-49,168,-159,-14300,4476,4840,-1016,63,-47,-14216,-4216,6620,-493,135,-129,0
1818.8150861263275,9440,5852,11452,-112,-20,55,8516,-9540,9508,-70,159,-173,-14152,4424,4740,-1005,30,-40,-14224,-4160,6372,-488,131,-137,0
1818.8507289886475,9232,5960,11300,-137,-27,68,8464,-9480,9600,-43,140,-166,-14108,4512,4812,-1011,51,-53,-14156,-4212,6304,-496,129,-167,0
1818.8853409290314,9424,5852,11476,-99,-8,81,8536,-9704,9636,-25,164,-160,-14100,4464,4748,-1272,89,-73,-14248,-4252,6492,-488,116,-142,0
1818.9210541248324,9256,5964,11448,-108,-63,80,8460,-9716,9624,-22,144,-194,-14108,4456,4716,-1044,108,-41,-13872,-4260,6436,-509,132,-164,0
1818.9571781158447,9188,5896,11448,-98,-42,88,8492,-9620,9600,-65,133,-164,-14296,4500,4760,-773,60,-49,-14264,-4232,6412,-500,142,-156,0
1818.9920129776003,9252,5688,11252,-105,-29,106,8444,-9560,9524,-56,117,-165,-14188,4488,4856,-999,103,-83,-14156,-4192,6452,-501,116,-145,0
1819.0284581184387,8988,6080,11168,-113,-51,109,8696,-9576,9384,-38,117,-169,-14076,4576,4732,-772,58,-32,-14236,-4300,6604,-526,118,-139,0
1819.0635011196136,9180,5960,11284,-159,-43,116,8452,-9400,9468,26,146,-153,-14028,4500,4796,-770,102,-62,-14304,-4332,6452,-495,104,-133,0
1819.0986850261688,9156,5920,11252,-129,-15,92,8900,-9220,9688,-77,94,-136,-14144,4576,4996,-1052,77,-32,-14176,-4248,6504,-511,122,-127,0
1819.134093999863,9204,6012,11476,-150,-15,81,8548,-9500,9588,-40,160,-148,-14280,4580,4744,-1039,87,-21,-14028,-4188,6476,-494,114,-153,0
1819.1703300476074,9356,6140,11504,-142,-10,86,8680,-9484,9504,-16,164,-169,-14080,4436,4700,-1002,84,-42,-14184,-4184,6324,-507,136,-144,0
1819.2056729793549,9172,5972,11356,-115,-30,93,8380,-9560,9496,-26,128,-151,-13880,4548,4692,-779,96,-18,-14236,-4272,6460,-497,109,-136,0
1819.2428951263428,9136,5952,11352,-148,-20,69,8424,-9536,9468,-55,125,-158,-14308,4580,4924,-988,64,-74,-14244,-4312,6632,-492,125,-136,0
1819.2764410972595,9464,6140,11060,-139,-29,99,8372,-9464,9616,-66,145,-160,-14032,4516,4844,-1007,103,-102,-14220,-4212,6416,-497,120,-113,0
1819.3100080490112,9188,6116,11504,-145,-34,121,8216,-9444,9484,-36,138,-174,-14024,4504,4616,-1015,105,-70,-14160,-4320,6388,-512,159,-114,0
1819.3436939716337,9016,5936,11336,-194,-48,118,8404,-9700,9504,18,126,-186,-13832,4524,4876,-1014,133,-79,-14200,-4216,6432,-465,174,-91,0
1819.3772790431972,9192,6016,11332,-171,-79,129,8396,-9524,9516,-19,124,-163,-14080,4540,4864,-1005,121,-86,-14104,-4280,6480,-488,141,-89,0
1819.4102981090548,9072,6104,11440,-183,-79,127,8504,-9560,9500,3,135,-212,-14052,4508,4892,-987,117,-129,-14376,-4180,6424,-485,185,-114,0
1819.4438431262972,9396,5860,11416,-218,-117,137,8696,-9656,9240,-21,129,-192,-14308,4548,4776,-990,95,-99,-14232,-4308,6472,-500,173,-79,0
1819.4773881435394,9200,6012,11364,-210,-121,146,8400,-9648,9600,-30,129,-209,-14104,4536,4776,-996,110,-120,-14188,-4268,6396,-490,171,-82,0
1819.5105700492857,9180,5908,11336,-193,-151,132,8696,-9488,9408,-66,124,-214,-14092,4500,4768,-963,113,-140,-14272,-4276,6364,-483,189,-82,0
1819.5440311431885,9116,5848,11044,-233,-127,111,8432,-9432,9704,-44,154,-203,-14084,4396,4816,-949,104,-127,-14244,-4304,6464,-482,201,-92,0
1819.5778651237488,9144,5840,11340,-7,-135,125,8556,-9556,9532,-26,168,-215,-13956,4540,4740,-967,128,-159,-14208,-4224,6208,-472,215,-79,0
1819.6112229824068,8960,5828,11320,-237,-130,127,8392,-9520,9528,-13,115,-221,-14032,4448,4868,-970,145,-112,-14216,-4196,6436,-477,217,-55,0
1819.6442539691923,9120,5720,11028,-228,-145,152,8692,-9724,9300,252,146,-219,-14124,4784,4704,-1276,142,-129,-14276,-4328,6416,-486,217,-81,0
1819.6778900623324,9224,5652,11016,-235,-170,172,8508,-9552,9724,-11,117,-214,-14156,4480,4944,-1000,175,-148,-14200,-4216,6412,-492,208,-62,0
1819.7115440368652,9220,5872,11108,-225,-161,159,8356,-9552,9704,-15,132,-196,-14012,4484,4752,-982,182,-133,-14184,-4248,6568,-505,181,-53,0
1819.7449970245364,8984,5764,11328,-208,-183,176,8464,-9496,9420,-37,117,-209,-13836,4488,4708,-1004,155,-91,-14200,-4192,6452,-486,208,-90,0
1819.7785739898684,9116,5864,11364,-220,-179,173,8260,-9468,9252,3,131,-211,-14168,4480,4928,-1271,131,-72,-14176,-4244,6320,-496,177,-69,0
1819.812065124512,9332,5648,11408,-207,-145,142,8480,-9408,9460,-15,108,-198,-14096,4540,4836,-1000,116,-125,-14244,-4252,6408,-469,172,-76,0
1819.8454549312592,8964,5924,11392,-222,-177,165,8460,-9416,9480,15,128,-227,-14076,4496,4688,-1006,144,-173,-14176,-4216,6320,-434,207,-62,0
1819.8789989948273,9064,5928,11156,-224,-133,142,8488,-9508,9564,-49,84,-217,-13832,4576,4796,-1260,168,-107,-14284,-4164,6460,-477,156,-62,0
1819.9123089313507,9268,5780,11284,-217,-160,140,8500,-9424,9392,11,100,-218,-14084,4500,4912,-1278,132,-56,-14220,-4124,6360,-484,204,-79,0
1819.945902109146,9248,5776,11340,-226,-192,141,8372,-9420,9648,40,124,-229,-14180,4424,4712,-1045,147,-149,-14188,-4268,6400,-485,166,-122,0
1819.9794239997864,9140,6036,11264,-168,-119,132,8544,-9684,9564,-56,126,-207,-14112,4452,4804,-1018,127,-139,-14264,-4196,6284,-498,200,-75,0
1820.0127561092377,8984,5712,11628,-215,-189,146,8508,-9556,9236,-8,126,-227,-13836,4476,4660,-973,135,-137,-14256,-4076,6396,-481,230,-69,0
1820.0461800098417,9328,5800,11160,-209,-140,157,8468,-9408,9472,8,141,-198,-14192,4384,4616,-1027,109,-59,-14220,-4224,6492,-489,150,-128,0
1820.0798020362854,9216,5896,11300,-156,-101,111,8432,-9380,9416,-32,133,-168,-14044,4480,5048,-1005,97,-62,-14060,-4236,6400,-483,111,-122,0
1820.113450050354,9260,5896,11244,-184,-119,116,8536,-9508,9492,-64,111,-178,-14148,4468,4740,-1002,72,-59,-14128,-4260,6240,-499,108,-139,0
1820.1468279361725,9272,5824,11384,-138,-74,97,8508,-9412,9476,-71,113,-187,-14120,4344,4808,-996,106,-83,-14236,-4176,6348,-522,131,-131,0
1820.1803140640257,9248,5812,11116,-99,-59,96,8540,-9388,9532,-50,105,-177,-13840,4372,4732,-1014,102,-42,-14252,-4120,6272,-475,156,-137,0
1820.2138149738312,9276,5788,11112,-168,-65,126,8592,-9432,9444,254,140,-179,-14032,4416,4836,-1039,132,-30,-13856,-4164,6304,-469,157,-151,0
1820.2474770545964,9256,5836,11320,-146,-55,122,8208,-9444,9432,-18,118,-190,-14000,4504,4812,-1054,106,-64,-14208,-4312,6200,-497,132,-145,0
1820.2838561534884,9260,5816,11440,-149,-46,92,8472,-9440,9608,-36,118,-150,-14136,4468,4732,-1011,93,-43,-14260,-4216,6484,-510,87,-153,0
1820.3197579383852,9308,5940,11512,-116,250,92,8532,-9448,9716,-40,143,-144,-13840,4392,4644,-1014,53,-29,-14204,-4240,6292,-519,97,-121,0
1820.3551099300385,9276,5864,11252,-118,-8,90,8252,-9512,9692,-17,148,-134,-14064,4500,4768,-1010,102,-11,-14192,-4252,6356,-482,65,-143,0
1820.3902521133423,9296,5944,11300,-115,17,105,8416,-9544,9476,-77,155,-158,-13996,4460,4692,-1275,87,-21,-14532,-4268,6536,-484,76,-160,0
1820.425651073456,9296,5864,11264,-143,-19,83,8308,-9244,9452,-66,162,-166,-14160,4440,4972,-999,73,-74,-14244,-4236,6168,-479,82,-170,0
1820.4613339900973,9240,5844,11300,-133,3,83,8436,-9552,9544,-54,147,-142,-14144,4532,4736,-1020,80,-23,-14228,-4148,6264,-497,136,-148,0
1820.4976649284363,9240,5816,11064,-99,-38,76,8536,-9564,9572,-38,113,-166,-13868,4376,4808,-1037,87,-58,-14184,-4228,6572,-503,150,-165,0
1820.5326900482175,9160,5932,11360,-59,-20,75,8532,-9460,9604,-21,109,-177,-14044,4552,4784,-1027,79,-33,-14144,-4176,6156,-512,128,-168,0
1820.5686280727389,9220,5828,11376,-95,-26,93,8448,-9496,9404,-28,165,-145,-14128,4476,4804,-1060,85,-77,-14208,-4240,6452,-534,131,-146,0
1820.603672981262,9168,5816,11396,-80,-14,91,8452,-9408,9540,-43,165,-171,-14140,4524,4932,-1002,74,-56,-14264,-4256,6436,-478,124,-123,0
1820.6393349170685,9076,5944,11436,-92,-14,82,8496,-9468,9628,-63,175,-142,-14148,4488,4896,-1004,76,-44,-14204,-4204,6368,-493,105,-163,0
1820.6745779514313,9208,5872,11548,-117,-26,78,8508,-9460,9552,-28,168,-146,-14128,4540,4824,-1041,42,-43,-14200,-4336,6460,-505,134,-168,0
1820.7097971439364,9288,5828,11384,-141,-51,101,8400,-9448,9672,-12,159,-146,-13944,4556,4744,-997,77,-47,-14164,-4252,6492,-501,95,-122,0
1820.7455630302427,9216,5912,11240,-82,3,60,8472,-9728,9688,-78,123,-140,-14008,4292,4624,-1028,76,-66,-14248,-4224,6176,-480,160,-152,0
1820.7808740139008,9268,5840,11400,-127,-8,93,8648,-9700,9568,-23,139,-153,-14036,4504,4764,-1038,92,-28,-14184,-4192,6464,-470,154,-122,0
1820.8171720504763,9216,5940,11344,-103,-11,103,8428,-9556,9472,-14,114,-153,-13960,4448,5024,-1008,67,-70,-14060,-4204,6528,-516,118,-156,0
1820.852252960205,9416,6120,11064,-90,-25,102,8480,-9448,9616,-20,148,-157,-14068,4496,5052,-1015,104,-45,-14192,-4252,6416,-492,98,-134,0
1820.8875920772552,8988,5912,11380,-113,-24,84,8344,-9720,9276,-21,179,-144,-14040,4436,4908,-968,91,-81,-14200,-4208,6496,-480,113,-118,0
1820.9243800640108,9204,5884,11372,-134,-18,101,8404,-9556,9484,-50,137,-142,-14332,4448,4784,-1018,127,-31,-14184,-4268,6468,-504,120,-139,0
1820.95805311203,9168,5824,11228,-127,-54,107,8668,-9600,9420,-39,134,-183,-14140,4452,4856,-1044,103,-34,-13912,-4212,6572,-495,162,-145,0
1820.9918849468231,9092,5864,11256,-112,-49,118,8400,-9544,9492,-26,96,-193,-14028,4580,4820,-1051,126,-100,-13884,-4292,6308,-505,163,-133,0
1821.0253710746763,8984,5884,11508,-138,-77,120,8524,-9480,9456,-30,110,-194,-13852,4448,4816,-1055,112,-82,-14220,-4284,6516,-508,154,-126,0
1821.058928012848,9072,5988,11232,-118,-30,105,8392,-9524,9504,-22,90,-174,-14336,4476,5108,-1008,112,-99,-14220,-4204,6344,-489,128,-114,0
1821.0923020839691,9164,5888,11340,-124,-46,98,8204,-9408,9508,-17,156,-174,-14132,4564,5020,-983,102,-38,-14152,-4268,6352,-489,150,-99,0
1821.1258771419523,8980,5960,11456,-136,-46,138,8480,-9568,9432,-27,132,-162,-14112,4588,4776,-1011,112,-40,-14160,-4268,6432,-479,166,-119,0
1821.1591820716856,9176,6140,11308,-160,-37,104,8492,-9480,9388,-28,156,-193,-14096,4780,4780,-984,104,-75,-14180,-4292,6380,-487,169,-109,0
1821.1927049160004,9288,5900,11340,-192,-49,126,8504,-9716,9524,-32,158,-179,-13840,4364,4612,-976,101,-130,-14148,-4260,6648,-476,175,-120,0
1821.2264740467072,9136,5868,11400,-200,-107,133,8404,-9552,9644,-15,144,-209,-14308,4544,4624,-985,98,-130,-14184,-4168,6476,-472,164,-84,0
1821.2599909305573,9068,5936,11504,-185,-152,101,8212,-9536,9564,-16,122,-183,-14000,4580,4736,-1006,102,-86,-14240,-4324,6596,-501,187,-73,0
1821.2934830188751,9176,5936,11416,-226,-156,152,8492,-9512,9508,-27,133,-219,-13976,4472,4824,-990,113,-109,-14312,-4192,6364,-505,174,-89,0
1821.3272490501404,9188,6020,11456,-220,-141,158,8404,-9532,9476,-57,156,-211,-14332,4504,4876,-998,83,-97,-14264,-4260,6512,-476,177,-96,0
1821.360772132873,9144,5812,11108,-264,-129,177,8432,-9412,9656,11,139,-199,-14064,4496,4748,-994,146,-136,-14156,-4248,6396,-456,205,-44,0
1821.3942170143127,9204,5884,11452,-262,-123,153,8224,-9524,9696,-25,136,-199,-14052,4544,4668,-995,142,-108,-14164,-4196,6360,-469,185,-50,0
1821.4275569915771,9124,5980,11308,-240,-141,157,8440,-9488,9372,13,129,-200,-14304,4472,5080,-976,147,-114,-14288,-4204,6320,-480,229,-66,0
1821.4610481262207,9268,5912,11472,-242,-157,152,8448,-9412,9672,-22,136,-205,-14148,4416,4704,-985,146,-131,-14236,-4328,6476,-492,223,-87,0
1821.4947340488434,9468,5668,11340,-250,-135,176,8208,-9440,9604,-6,130,-201,-14116,4460,5028,-984,131,-141,-14248,-4256,6476,-442,189,-44,0
1821.5278890132904,9380,5892,11288,-229,-138,168,8528,-9260,9448,-45,136,-215,-14148,4552,4888,-990,135,-145,-14160,-4220,6392,-478,202,-64,0
1821.561455011368,9304,5832,11276,-222,-125,142,8472,-9544,9644,2,109,-203,-14168,4488,4828,-1020,92,-130,-14328,-4228,6448,-261,181,-99,0
1821.5948700904844,9168,5936,11128,-215,-163,149,8492,-9224,9492,41,117,-214,-14056,4416,4732,-772,109,-85,-14188,-4364,6460,-475,150,-63,0
1821.6282410621643,9156,5904,11216,-195,-129,127,8484,-9572,9448,-43,134,-205,-14112,4488,4832,-1002,81,-117,-14220,-4260,6308,-473,203,-78,0
1821.6615540981293,9208,5868,11412,-250,-188,144,8396,-9544,9568,11,132,-235,-14088,4596,4620,-979,137,-129,-14092,-4204,6436,-449,209,-65,0
1821.6953051090243,9312,5760,11380,-175,-159,144,8520,-9524,9420,14,89,-205,-14300,4408,4640,-1004,136,-96,-14180,-4252,6416,-489,156,-86,0
1821.7283921241765,9440,5872,11312,-187,-139,156,8512,-9520,9568,-20,138,-183,-13988,4408,4828,-985,103,-74,-14180,-4232,6424,-482,112,-85,0
1821.7618689537048,9272,5852,11476,-212,-134,135,8516,-9524,9472,-40,105,-165,-14096,4356,4816,-985,103,-127,-14204,-4260,6520,-496,163,-86,0
1821.7955050468445,9224,5824,11208,-192,-163,150,8668,-9404,9572,-26,110,-231,-14184,4472,4796,-1046,168,-165,-14172,-4208,6480,-497,197,-80,0
1821.8334350585935,9228,5784,11292,-172,-193,149,8608,-9552,9460,-28,91,-237,-14332,4228,4672,-990,124,-124,-14156,-4140,6332,-494,233,-60,0
1821.8676040172577,9276,5788,11420,-169,-170,147,8536,-9452,9724,-11,75,-235,-14052,4460,4800,-1034,163,-120,-14220,-4224,6372,-485,190,-73,0
1821.9009470939636,9316,5772,11300,-151,-127,148,8508,-9452,9504,-35,77,-197,-14140,4456,4696,-1042,128,-128,-14236,-4264,6496,-510,131,-128,0
1821.9344611167908,9332,5824,11256,-134,-102,120,8660,-9728,9500,-43,113,-195,-14160,4448,4792,-990,117,-72,-14232,-4256,6352,-497,121,-156,0
1821.9719920158389,9284,5832,11376,-123,-55,103,8548,-9440,9456,-4,128,-129,-14092,4392,4720,-1040,81,-44,-14288,-4232,6308,-477,90,-143,0
1822.0079360008244,9328,5812,11276,-144,-29,114,8432,-9360,9356,-21,150,-159,-13840,4440,4732,-1041,71,-57,-14208,-4192,6212,-487,104,-141,0
1822.0428879261017,9332,5684,11272,-141,-29,93,8440,-9576,9592,-32,148,-171,-14080,4448,4648,-1019,93,-33,-14188,-4284,6556,-472,123,-139,0
1822.0777361392975,9328,6128,11052,-145,-53,72,8448,-9528,9508,-63,130,-188,-14092,4552,4876,-1006,84,-46,-14180,-4172,6492,-511,123,-150,0
1822.1133439540863,9328,5928,11396,-126,-60,107,8464,-9684,9476,-49,126,-155,-14328,4592,4640,-1010,65,-47,-14208,-4200,6360,-504,99,-134,0
1822.1486780643463,9452,5652,11292,-108,-58,81,8476,-9376,9508,-30,143,-163,-14112,4528,5056,-1007,64,-78,-14236,-4296,6352,-486,100,-158,0
1822.1843340396883,9324,5904,11504,-119,-16,95,8468,-9464,9464,-67,171,-148,-14072,4512,4680,-1008,80,-34,-14148,-4216,6336,-501,88,-147,0
1822.2197730541227,9224,5836,11240,-117,-254,97,8696,-9224,9532,-68,124,-147,-14052,4480,4768,-983,76,-34,-14192,-4152,6384,-468,93,-124,0
1822.2551469802856,9264,5788,11028,-130,-13,98,8372,-9424,9552,-45,140,-155,-13900,4456,5084,-1010,106,244,-14200,-4168,6384,-484,99,-142,0
1822.2907819747925,9268,5832,11312,-86,-56,129,8532,-9484,9372,-57,115,-143,-14180,4436,4732,-1274,77,-16,-14176,-4244,6376,-500,98,-143,0
1822.3261709213257,9200,5804,11400,-88,-28,104,8524,-9512,9692,-21,132,-152,-14180,4396,4812,-1051,46,-86,-14148,-4184,6240,-527,136,-173,0
1822.362349033356,9204,5888,11240,-111,-18,80,8416,-9492,9492,-18,145,-146,-14128,4540,4780,-1039,71,-22,-14252,-4312,6632,-486,86,-168,0
1822.398010015488,9348,5908,11268,-69,-6,86,8496,-9572,9512,-25,173,-146,-14124,4416,4724,-1018,30,-68,-14224,-4264,6352,-531,147,-178,0
1822.4331219196324,9352,5840,11016,-137,-27,51,8416,-9604,9588,5,171,-167,-14108,4544,4876,-1035,73,-25,-14184,-4248,6168,-468,127,-195,0
1822.4682829380035,9224,5880,11144,-80,8,37,8484,-9528,9524,-23,167,-146,-14020,4500,4616,-1279,69,-30,-14176,-4312,6552,-483,91,-177,0
1822.50413608551,9124,5900,11436,-113,8,81,8472,-9524,9564,-64,162,-155,-13988,4476,4948,-948,49,-20,-14132,-4080,6424,-507,92,-159,0
1822.540024995804,9380,5676,11732,-98,-61,83,8440,-9568,9572,-65,165,-173,-14108,4468,4788,-993,41,-44,-14164,-4212,6332,-493,123,-131,0
1822.57519197464,9212,5936,11276,-99,-67,104,8508,-9540,9548,-46,125,-162,-14148,4488,4712,-1012,127,-56,-14124,-4332,6408,-540,145,-148,0
1822.6110970973969,8992,5948,11504,-88,-88,85,8556,-9460,9448,-256,91,-185,-14108,4468,4796,-777,107,-69,-14292,-4268,6376,-489,188,-123,0
1822.6442689895628,9148,6116,11332,-84,-81,105,8536,-9500,9252,-34,73,-182,-14216,4544,4852,-770,117,-98,-14300,-4340,6468,-262,155,-133,0
1822.6779711246493,9184,6000,11308,-84,-79,101,8340,-9428,9560,-18,135,-168,-14096,4464,4992,-1269,72,-55,-14296,-4236,6372,-466,120,-154,0
1822.7116169929504,9048,6016,11452,-101,-30,111,8492,-9564,9552,-73,138,-133,-14176,4508,4776,-1278,88,-77,-14100,-4340,6344,-495,140,-149,0
1822.7450261116028,8996,5944,11388,-108,-52,119,8512,-9684,9560,-37,133,-168,-14068,4512,4796,-1005,84,-76,-14208,-4232,6428,-509,132,-155,0
1822.7783091068268,8980,6040,11268,-108,-58,125,8456,-9460,9492,-74,132,-170,-14288,4488,4812,-1037,95,-70,-14036,-4260,6464,-498,136,-142,0
1822.811753034592,9148,5988,11500,-126,-53,119,8664,-9492,9696,-47,129,-154,-14056,4448,4792,-976,92,-53,-14112,-4200,6348,-763,151,-141,0
1822.8456521034243,9184,5988,11372,-127,-84,108,8532,-9548,9580,-39,139,-195,-14072,4488,4812,-1017,84,-50,-14332,-4304,6624,-480,154,-129,0
1822.879291057587,9240,5940,11176,-130,-55,107,8508,-9576,9692,-8,129,-176,-14096,4480,4784,-998,97,-67,-14188,-4580,6428,-492,128,-110,0
1822.9125690460203,9112,5884,11200,-155,-57,117,8676,-9728,9500,-29,160,-180,-14064,4424,4768,-1009,103,-102,-14152,-4536,6476,-493,159,-147,0
1822.946377038956,9228,5988,11280,-163,-60,89,8644,-9704,9724,-7,143,-178,-14068,4568,4956,-1279,79,-113,-14088,-4276,6372,-499,149,-144,0
1822.979730129242,9300,5956,11368,-172,-66,86,8376,-9560,9468,4,145,-162,-14068,4524,4808,-1019,89,-56,-14100,-4232,6468,-505,168,-98,0
1823.013231992721,9192,5988,11308,-167,-39,126,8508,-9392,9252,-13,145,-177,-14104,4504,4880,-1006,91,-54,-14084,-4292,6500,-504,149,-114,0
1823.0469601154327,9184,5924,11060,-153,-58,118,8388,-9728,9476,-41,143,-171,-14052,4468,4900,-1000,135,-95,-14168,-4252,6492,-481,172,-104,0
1823.0802330970764,9060,5980,11404,-198,-72,138,8392,-9424,9476,-16,158,-202,-14328,4516,4756,-989,100,-127,-14196,-4328,6492,-483,165,-94,0
1823.1135840415955,9244,5932,11456,-229,-103,112,8540,-9440,9572,-41,140,-223,-14096,4448,4868,-983,114,-107,-14196,-4340,6468,-461,163,-51,0
1823.1468949317932,9264,6032,11492,-242,-100,105,8516,-9508,9508,-58,137,-182,-14088,4444,4636,-950,144,-80,-14224,-4208,6496,-481,156,-69,0
1823.1803770065308,9280,5852,11244,-233,-91,137,8424,-9576,9504,-17,156,-183,-14092,4400,4912,-972,100,-110,-14156,-4212,6496,-477,163,-95,0
1823.213603973389,9392,5996,11196,-248,-97,124,8296,-9432,9548,-10,137,-184,-14064,4580,4620,-1003,106,-98,-14252,-4288,6424,-472,162,-78,0
1823.2470610141754,9428,5940,11092,-221,-71,100,8524,-9436,9436,-71,166,-197,-14324,4408,5104,-996,124,-107,-14332,-4348,6496,-468,183,-65,0
1823.280303001404,9148,5916,11516,-266,-126,126,8524,-9276,9604,-14,150,-214,-14040,4440,4800,-989,158,-135,-14176,-4200,6632,-454,207,-61,0
1823.3136661052704,9164,5984,11052,-265,-123,166,8428,-9568,9568,25,99,-218,-13976,4424,4812,-1017,126,-137,-14280,-4252,6600,-473,217,-40,0
1823.3472709655764,9440,5960,11572,-213,-127,138,8496,-9572,9484,-12,140,-166,-14108,4332,4928,-995,113,-116,-13944,-4340,6428,-479,173,-80,0
1823.3807060718536,8996,5680,11216,-227,-118,144,8196,-9560,9420,-7,116,-193,-13912,4544,4984,-975,146,-76,-14088,-4124,6380,-471,158,-82,0
1823.4137279987333,9264,5876,11244,-231,-131,125,8496,-9452,9660,-22,156,-184,-14068,4384,4832,-1008,119,-96,-14192,-4180,6444,-481,163,-89,0
1823.4474289417267,9316,5828,11244,-187,-155,151,8480,-9456,9644,-5,131,-197,-14108,4424,4852,-1034,126,-112,-14236,-4172,6356,-487,155,-118,0
1823.4810271263125,8968,5856,11320,-192,-163,141,8464,-9484,9488,19,92,-233,-14068,4468,4820,-1026,149,-157,-14164,-4208,6416,-487,187,-108,0
1823.514601945877,9176,5888,11052,-204,-127,141,8440,-9448,9420,-13,95,-200,-14120,4508,4744,-1004,132,-128,-14112,-4200,6396,-498,217,-68,0
1823.54820895195,8980,5780,11084,-164,-293,171,8624,-9472,9628,-24,123,-202,-14320,4544,4640,-958,152,-111,-14164,-4264,6276,-380,181,-56,0
1823.5813961029053,9404,5828,11304,-208,-111,136,8492,-9448,9612,13,141,-243,-14064,4372,4740,-983,122,-129,-14292,-4148,6476,-546,200,-103,0
1823.6147329807284,9172,5884,11460,-174,-209,154,8468,-9436,9628,-37,79,-206,-14004,4440,4768,-993,155,-151,-14260,-4256,6420,-517,175,-85,0
1823.6517629623413,9308,5908,11324,-233,-176,156,8452,-9384,9512,-39,102,-185,-14104,4500,4768,-964,158,-69,-14140,-4280,6340,-495,173,-84,0
1823.6876759529114,9268,5884,11016,-184,-131,139,8692,-9536,9568,-52,125,-214,-14044,4404,4720,-1000,103,-90,-14268,-4224,6392,-457,198,-96,0
1823.72340798378,9224,5916,11432,-168,-149,124,8680,-9644,9448,-30,146,-232,-13980,4468,4840,-1016,117,-130,-14104,-4164,6508,-463,183,-59,0
1823.759530067444,9344,5800,11272,-183,-172,121,8572,-9484,9524,-2,121,-210,-14112,4504,4568,-995,114,-86,-14296,-4184,6280,-489,198,-114,0
1823.7946739196775,9328,5792,11300,-185,-163,128,8588,-9476,9644,-15,118,-216,-14300,4604,4844,-1008,127,-105,-14212,-4164,6244,-495,187,-101,0
1823.8305010795593,9364,5824,11148,-150,-122,112,8460,-9360,9576,-30,93,-199,-14104,4520,4644,-1276,131,-75,-14168,-4212,6396,-521,131,-145,0
1823.8655509948733,9312,5816,11220,-105,-80,128,8528,-9424,9280,-17,113,-167,-14188,4472,4720,-1018,133,-65,-14256,-4224,6428,-502,144,-130,0
1823.901744127273,9336,5896,11268,-127,-48,102,8532,-9400,9240,-34,110,-189,-14064,4548,4776,-1277,106,-57,-14104,-4200,6232,-458,121,-163,0
1823.9378089904783,9300,5884,11400,-181,-33,104,8504,-9448,9528,-40,172,-163,-14176,4516,4832,-1003,96,-36,-14236,-4296,6416,-506,77,-142,0
1823.973184108734,9288,6120,11428,-143,-35,93,8556,-9592,9508,-52,133,-159,-14160,4424,4636,-1009,41,-21,-14296,-4300,6464,-511,95,-188,0
1824.008821964264,9008,5852,11280,-117,-59,70,8452,-9388,9612,-20,147,-154,-14188,4372,5116,-1054,40,-18,-14116,-4352,6476,-486,88,-168,0
1824.043663978577,9260,5860,11268,-72,5,90,8456,-9712,9560,-64,128,-169,-13828,4388,4624,-998,79,-33,-14272,-4192,6356,-498,103,-145,0
1824.0793659687045,9440,5656,11464,-134,-49,95,8564,-9360,9424,-40,173,-143,-14240,4432,4956,-996,66,-65,-14160,-4224,6280,-476,128,-134,0
1824.1147170066833,9424,5868,11196,-159,-13,110,8524,-9448,9484,-41,130,-121,-14144,4448,4676,-776,62,-16,-14312,-4148,6556,-481,67,-163,0
1824.1506760120392,9240,5844,11188,-114,10,113,8540,-9440,9428,-60,125,-124,-14052,4604,4700,-1263,65,-32,-14176,-4172,6380,-494,66,-178,0
1824.1861310005188,9452,5868,11480,-126,20,89,8240,-9412,9544,-73,152,-132,-13856,4500,4836,-1005,73,9,-14204,-4228,6404,-499,56,-149,0
1824.2218379974363,9276,5776,11248,-108,-31,85,8208,-9508,9528,-53,150,-169,-14168,4584,4776,-1009,103,-89,-14196,-4268,6344,-490,138,-160,0
1824.2577760219574,9020,5636,11320,-59,-22,82,8488,-9556,9240,-55,132,-196,-14088,4476,4740,-996,114,-101,-14116,-4160,6500,-506,165,-142,0
1824.293846130371,9192,5856,11316,-92,-59,94,8500,-9512,9384,-7,133,-190,-14104,4480,4652,-1040,105,-107,-14168,-4232,6164,-504,157,-140,0
1824.3274099826813,9276,5704,11516,-51,-30,83,8436,-9480,9284,-26,152,-178,-14072,4500,4400,-1013,80,-85,-14232,-4332,6432,-500,118,-144,0
1824.3610589504244,9000,5872,11356,-90,-58,81,8348,-9604,9572,-52,151,-161,-14116,4436,4888,-995,41,-30,-14192,-4244,6368,-501,115,-152,0
1824.3942470550535,9400,5668,11112,-101,-26,61,8392,-9516,9532,-15,156,-158,-14192,4508,4664,-1011,90,-36,-14236,-4204,6280,-498,139,-134,0
1824.4277539253235,9308,5932,11452,-119,-68,105,8464,-9408,9504,-54,145,-148,-14136,4500,4752,-1054,91,-66,-14100,-4212,6432,-499,125,-126,0
1824.4610450267792,9220,5948,11420,-71,-59,71,8504,-9440,9640,-65,107,-178,-14104,4496,4816,-996,110,-103,-14148,-4300,6360,-512,150,-163,0
1824.4947640895844,9100,5632,11456,-67,-65,77,8512,-9424,9480,-50,157,-184,-14076,4500,5012,-1000,91,-54,-14232,-4232,6520,-472,147,-160,0
1824.52823805809,8964,5684,11328,-109,-75,79,8472,-9400,9508,-42,141,-193,-14052,4588,4984,-989,80,-32,-14152,-4232,6620,-512,144,-150,0
1824.5618050098417,9260,5768,11664,-89,-40,103,8488,-9484,9476,-34,134,-163,-14280,4520,5108,-977,81,-64,-14212,-4112,6372,-510,129,-153,0
1824.59530210495,9120,5948,11420,-117,-54,109,8696,-9512,9724,-33,123,-182,-14304,4480,4976,-1022,108,-88,-14144,-4308,6500,-511,154,-146,0
1824.6287701129913,9004,6140,11264,-101,-61,119,8500,-9508,9656,-41,114,-171,-14136,4456,4644,-1046,112,-52,-14088,-4164,6492,-512,140,-149,0
1824.6618509292605,9456,5900,11492,-117,-62,120,8232,-9524,9532,-28,132,-144,-14140,4520,4888,-1036,96,-62,-14256,-4300,6440,-520,143,-136,0
1824.6955940723417,9176,5948,11240,-128,-54,104,8520,-9392,9440,-45,149,-168,-14136,4464,4608,-999,105,-51,-14184,-4272,6424,-492,150,-138,0
1824.7290430068972,9436,5996,11320,-158,-42,116,8456,-9496,9524,-52,149,-188,-14212,4372,4924,-1000,100,-93,-14148,-4264,6424,-446,125,-137,0
1824.762685060501,9132,5968,11332,-144,-33,110,8596,-9512,9500,-88,118,-152,-13996,4540,4644,-990,114,-59,-14148,-4204,6368,-488,136,-102,0
1824.7962319850924,9124,5796,11288,-135,-47,105,8444,-9396,9516,-32,139,-155,-14068,4360,4648,-982,59,-80,-14180,-4320,6448,-507,157,-144,0
1824.8298130035405,9152,5920,11300,-201,-37,128,8408,-9452,9532,9,157,-130,-14100,4388,4744,-1044,113,-57,-14192,-4360,6400,-471,134,-93,0
1824.8634381294253,9152,5868,11392,-147,-69,115,8464,-9436,9616,-48,182,-170,-14232,4492,4812,-988,105,-100,-14296,-4276,6444,-483,167,-111,0
1824.8967950344083,9200,5912,11260,-228,-103,135,8516,-9524,9596,-29,113,-183,-14040,4748,4852,-997,112,-115,-14164,-4292,6412,-475,160,-71,0
1824.9304599761963,9324,5872,11432,-212,-86,109,8568,-9476,9508,7,140,-188,-14064,4492,4812,-1010,93,-99,-14176,-4320,6460,-481,171,-94,0
1824.9639639854431,9080,6116,11420,-203,-62,133,8500,-9496,9440,-36,164,-172,-14104,4528,4632,-988,112,-95,-14260,-4340,6244,-483,146,-102,0
1824.9975450038908,9424,6108,11392,-283,-45,125,8192,-9648,9464,-43,191,-185,-14092,4452,4864,-953,98,-105,-14184,-4308,6448,-445,164,-65,0
1825.0311179161072,9144,6104,11288,-279,-103,131,8272,-9524,9588,-43,160,-181,-14312,4356,4616,-960,117,-111,-14100,-4360,6520,-465,186,-55,0
1825.0647721290588,8984,5800,11416,-231,-145,156,8372,-9580,9396,-26,143,-220,-14068,4504,4800,-985,140,-179,-13872,-4248,6424,-492,210,-71,0
1825.0980310440063,9188,5900,11336,-241,-156,167,8480,-9348,9456,253,127,-221,-14076,4516,4824,-771,197,-146,-14200,-4168,6464,-470,261,-30,0
1825.131314992905,9128,5848,11228,-212,-174,165,8492,-9552,9540,-4,96,-223,-14136,4472,4784,-982,159,-121,-14288,-4240,6620,-485,216,-70,0
1825.164762020111,9252,6128,11292,-238,-167,155,8504,-9500,9556,255,116,-233,-14176,4368,4712,-989,159,-139,-14200,-4236,6424,-465,183,-56,0
1825.1982040405273,8968,5868,11472,-219,-149,163,8424,-9508,9588,-14,137,-219,-14136,4488,4780,-989,144,-146,-14264,-4224,6640,-459,223,-57,0
1825.2316870689392,9284,6116,11264,-223,-169,162,8420,-9456,9476,1,145,-212,-14048,4452,4816,-995,107,-137,-14276,-4344,6468,-462,204,-61,0
1825.2652900218964,9292,5648,11296,-187,-144,161,8508,-9464,9404,-35,109,-212,-13912,4372,4800,-1002,119,-86,-14184,-4304,6324,-470,193,-64,0
1825.2987599372864,9252,5860,11488,-232,-182,148,8472,-9488,9576,-17,126,-228,-14148,4488,4712,-981,142,-100,-14212,-4140,6568,-449,175,-84,0
1825.3356580734253,9224,5796,11184,-205,-168,158,8600,-9464,9476,-14,128,-235,-14100,4600,4824,-996,148,-146,-14328,-4120,6368,-474,206,-48,0
1825.3712489604948,9292,5800,11348,-200,-204,154,8444,-9488,9680,10,117,-237,-14124,4480,4700,-986,116,-97,-14116,-4260,6176,-462,196,-73,0
1825.406222105026,9432,5784,11448,-200,-164,156,8312,-9236,9476,5,122,-234,-14336,4484,4776,-997,126,-113,-14168,-4180,6396,-477,165,-97,0
1825.4425001144407,9252,5656,11188,-216,-144,147,8564,-9404,9540,10,104,-224,-14104,4480,4700,-1044,93,-135,-14232,-4284,6636,-493,199,-79,0
1825.478037118912,9304,5744,11352,-162,-148,151,8520,-9448,9452,-28,107,-225,-14100,4420,4852,-1030,129,-117,-14300,-4212,6328,-482,201,-80,0
1825.5131471157074,9360,5808,11188,-172,-144,166,8544,-9412,9536,-24,88,-225,-13948,4392,4868,-993,131,-127,-14208,-4288,6336,-464,168,-77,0
1825.5491859912872,9288,5928,11364,-209,-135,146,8492,-9412,9520,-45,121,-206,-14084,4444,4688,-981,136,-69,-14228,-4196,6180,-475,148,-71,0
1825.5841460227964,9436,5756,11044,-162,-139,123,8540,-9500,9440,-91,126,-203,-14160,4520,4724,-1016,103,-80,-14224,-4180,6368,-506,129,-138,0
1825.6192440986633,9240,5820,11292,-147,-101,129,8488,-9712,9704,-6,141,-199,-14036,4356,4528,-1034,56,-94,-14200,-4192,6364,-522,115,-161,0
1825.6549210548403,9192,5880,11208,-109,-15,82,8548,-9320,9424,-56,142,-153,-14076,4472,4692,-999,97,-79,-14228,-4180,6620,-480,117,-138,0
1825.690689086914,9344,5760,11356,-163,-39,73,8536,-9432,9412,-249,160,-172,-14144,4504,4628,-1009,81,-58,-14236,-4216,6288,-462,172,-179,0
1825.7255549430847,9352,5760,11300,-164,-13,115,8652,-9500,9500,4,145,-161,-14172,4456,5088,-1052,106,-44,-14200,-4264,6356,-493,112,-168,0
1825.7616119384763,9336,5836,11320,-119,-2,120,8564,-9388,9640,-31,141,-126,-14224,4600,4780,-1031,81,-18,-14296,-4224,6508,-513,73,-150,0
1825.797369003296,9224,5884,11332,-137,11,90,8544,-9608,9516,-72,163,-125,-14064,4376,4888,-1005,53,-30,-14044,-4216,6492,-485,71,-142,0
1825.8327851295471,9252,5780,11372,-158,12,91,8236,-9236,9500,-79,177,-141,-14108,4512,4812,-997,99,-12,-14176,-4188,6352,-463,60,-135,0
1825.8687639236452,9356,5836,11192,-112,28,92,8228,-9536,9608,-51,108,-141,-14104,4460,4664,-1012,88,-16,-14216,-4284,6256,-503,132,-149,0
1825.9043221473694,9148,5748,11364,-135,-15,100,8472,-9360,9404,-43,135,-163,-14104,4216,4800,-1036,98,-77,-14220,-3960,6364,-497,151,-145,0
1825.9397470951085,9288,5804,11368,-124,-253,91,8552,-9480,9320,-46,119,-177,-14068,4464,5012,-1016,85,-67,-14224,-4240,6468,-513,125,-123,0
1825.9760999679563,9164,5800,11396,-113,-33,85,8508,-9464,9540,-54,149,-175,-14148,4488,4816,-1001,95,-63,-14272,-4212,6292,-472,121,-137,0
1826.0097930431364,9260,5916,11312,-125,253,109,8508,-9492,9592,-46,107,-169,-14128,4568,4888,-994,74,-53,-14184,-4176,6392,-512,128,-111,0
1826.043406009674,9288,5844,11500,-80,243,90,8516,-9420,9604,-8,100,-145,-14016,4420,4824,-1045,72,-24,-14168,-4344,6344,-523,112,-130,0
1826.0771100521088,9264,5864,11276,-56,-3,100,8508,-9464,9360,-29,105,-149,-14120,4440,4764,-1029,95,-3,-14208,-4300,6348,-480,95,-154,0
1826.1104600429535,9172,5868,11308,-100,-6,63,8204,-9552,9668,-73,162,-173,-14336,4528,4720,-769,94,-81,-14204,-4312,6212,-499,116,-186,0
1826.1438260078428,9180,5780,11276,-114,-24,59,8520,-9540,9552,-67,143,-177,-14052,4572,5052,-982,68,-75,-14192,-4204,6384,-481,115,-152,0
1826.177390098572,9088,5856,11056,-97,245,89,8516,-9508,9624,-35,221,-128,-14144,4452,4744,-984,78,-56,-14188,-4232,6428,-497,121,-152,0
1826.2110419273376,9208,5668,11060,-73,-10,84,8224,-9276,9612,-20,136,-164,-14024,4484,4676,-1012,90,-39,-14116,-4220,6408,-534,106,-176,0
1826.244467973709,9260,5844,11392,-92,-24,83,8392,-9536,9336,-21,119,-164,-14112,4488,4816,-1276,71,-79,-14192,-4228,6180,-263,151,-152,0
1826.2781541347504,9464,5832,11292,-86,-42,101,8236,-9232,9720,-31,181,-146,-14032,4464,4616,-1042,59,-98,-14224,-4324,6520,-485,164,-188,0
1826.3119370937347,9172,5888,11428,-103,-20,83,8444,-9700,9268,-45,131,-158,-14100,4428,4780,-1007,97,-96,-14220,-4296,6400,-486,112,-124,0
1826.3455760478973,9304,6120,11316,-110,-54,108,8424,-9488,9588,-82,134,-144,-14084,4512,4704,-1014,90,-48,-14204,-4200,6476,-265,121,-141,0
1826.3791739940643,9188,6044,11412,-135,-31,117,8504,-9504,9408,-22,142,-152,-14104,4400,4792,-1032,65,-24,-14184,-4372,6472,-511,94,-125,0
1826.412451982498,9196,5924,11108,-135,-252,102,8372,-9404,9464,-67,146,-157,-13832,4464,5064,-954,42,13,-14160,-4380,6348,-261,101,-120,0
1826.4460110664368,9156,5892,11404,-86,-72,97,8636,-9308,9588,-54,157,-183,-14100,4484,4644,-973,80,-74,-14140,-4188,6444,-501,132,-166,0
1826.4798791408537,9104,5888,11296,-159,3,68,8488,-9544,9488,-26,155,-164,-14000,4516,4744,-1280,82,-72,-14192,-4180,6416,-477,140,-140,0
1826.5134820938108,9120,5896,11200,-129,-34,107,8428,-9492,9232,-9,140,-161,-13844,4480,4836,-771,86,-62,-14108,-4292,6432,-479,121,-122,0
1826.5471019744873,9132,5884,11348,-121,-24,113,8468,-9512,9420,-49,155,-172,-14292,4444,5116,-1006,67,-40,-14308,-4220,6220,-488,86,-158,0
1826.5804800987244,9168,5888,11484,-121,-20,99,8476,-9428,9664,-70,161,-152,-14076,4540,5080,-977,83,-8,-14284,-4208,6368,-510,122,-136,0
1826.613953113556,9184,5824,11256,-150,-16,97,8544,-9616,9708,-46,170,-146,-13864,4384,4832,-999,115,-94,-14068,-4340,6480,-496,144,-107,0
1826.6474099159243,9212,5948,11172,-121,-60,105,8500,-9520,9476,-28,127,-183,-14316,4496,4824,-1015,112,-120,-14060,-4320,6448,-485,184,-75,0
1826.6810579299927,9156,5868,11276,-165,-40,128,8540,-9544,9516,31,125,-169,-13868,4440,4940,-781,112,-62,-14100,-4244,6400,-483,168,-118,0
1826.7145099639893,9116,5936,11500,-193,-89,121,8196,-9600,9536,254,135,-188,-14296,4496,4668,-993,95,-76,-14248,-4236,6628,-474,168,-105,0
1826.7481179237363,9204,5960,11196,-201,-92,114,8416,-9544,9504,-11,152,-188,-14012,4452,5080,-961,134,-90,-14336,-4308,6424,-505,168,-97,0
1826.781799077988,9152,5952,11380,-227,-157,148,8548,-9508,9556,-12,122,-224,-14080,4456,4780,-965,104,-117,-14180,-4260,6564,-516,171,-73,0
1826.8155601024628,9124,5948,11236,-199,-125,139,8544,-9448,9504,-44,132,-194,-14064,4504,4916,-974,112,-96,-14136,-4168,6444,-498,161,-85,0
1826.8542201519012,9424,5852,11456,-234,-131,130,8492,-9500,9604,-49,182,-225,-14092,4452,4884,-979,93,-100,-14192,-4216,6456,-453,174,-90,0
1826.8881189823153,9180,5872,11344,-258,-96,114,8360,-9656,9696,-34,176,-210,-14084,4448,4792,-978,130,-127,-14156,-4172,6372,-461,207,-71,0
1826.92183303833,9040,5872,11408,-262,-112,130,8696,-9572,9304,9,138,-196,-14264,4500,4752,-976,156,-153,-14196,-4156,6288,-452,209,-56,0
1826.9554641246796,9292,5816,11376,-220,-149,153,8564,-9588,9624,9,128,-233,-14116,4400,4664,-1014,160,-101,-14304,-4192,6632,-476,228,-63,0
1826.9913539886475,9396,5856,11416,-211,-167,177,8520,-9428,9408,-255,102,-223,-14092,4468,4592,-999,151,-111,-14224,-4192,6368,-484,224,-98,0
1827.0276291370392,9204,5868,11352,-194,-178,185,8496,-9492,9604,-10,107,-202,-14148,4536,4652,-1001,160,-109,-14184,-4216,6484,-492,187,-79,0
1827.0627810955048,9252,5880,11168,-235,-177,148,8660,-9452,9552,-13,123,-205,-14108,4472,4700,-1009,112,-149,-14216,-4204,6556,-470,185,-83,0
1827.0987050533295,9244,5856,11276,-236,-173,144,8540,-9456,9648,0,136,-185,-14096,4500,4844,-1015,139,-121,-14116,-4300,6456,-495,187,-55,0
1827.1338169574735,9176,5896,11328,-213,-184,125,8488,-9288,9384,-17,127,-225,-14144,4444,4780,-997,145,-137,-14244,-4100,6436,-456,201,-71,0
1827.1696469783783,8996,6108,11416,-230,-181,143,8472,-9344,9412,-27,137,-211,-13840,4416,4936,-960,164,-128,-14212,-4160,6420,-465,195,-55,0
1827.2047901153564,9280,5888,11096,-199,-205,155,8580,-9608,9712,-35,-241,-238,-14248,4624,4776,-975,144,-110,-14236,-4200,6428,-485,192,-81,0
1827.2404849529269,9172,5796,11072,-195,-213,143,8524,-9468,9580,-5,112,-211,-14280,4372,4748,-1040,134,-110,-14184,-4200,6416,-498,178,-74,0
1827.2758951187134,9296,5892,11180,-183,-186,148,8208,-9388,9568,-31,125,-224,-14116,4536,4872,-1003,133,-114,-14160,-4168,6412,-468,172,-87,0
1827.311423063278,9328,5816,11072,-223,-178,152,8540,-9460,9580,-4,139,-510,-14164,4472,5048,-988,157,-140,-14332,-4144,6360,-479,204,-69,0
1827.3475251197815,9272,5696,11040,-192,-170,150,8476,-9584,9504,6,249,-248,-14000,4540,4824,-1082,130,-90,-14288,-4148,6636,-481,159,-73,0
1827.3826880455015,9272,5868,11160,-161,-114,127,8556,-9468,9476,-6,157,-170,-14076,4408,4660,-1009,97,-116,-14336,-4204,6360,-462,121,-141,0
1827.418170928955,9368,5928,11244,-199,-94,92,8480,-9412,9568,-28,145,-207,-14116,4480,4700,-1280,89,-68,-14156,-4244,6336,-258,130,-116,0
1827.4541890621183,9284,5716,11436,-107,-140,108,8464,-9512,9508,-91,111,-197,-14124,4436,4764,-1002,111,-95,-14280,-4228,6612,-545,127,-127,0
1827.4895050525663,9316,5880,11308,-80,-60,111,8560,-9396,9380,-52,121,-205,-14076,4380,4688,-1278,145,-53,-14164,-4164,6348,-518,202,-142,0
1827.52486205101,9252,5812,11144,-151,-18,101,8528,-9420,9360,7,151,-174,-13972,4468,4752,-769,156,-59,-14236,-4156,6256,-511,213,-164,0
1827.5602180957794,9228,5832,11388,-158,252,99,8584,-9436,9536,-18,133,-169,-14196,4372,4672,-1014,148,-29,-14248,-4260,6176,-522,140,-146,0
1827.5953409671783,9264,5852,11400,-125,-64,112,8536,-9500,9520,-45,142,-173,-14104,4524,4856,-979,97,-53,-14204,-4224,6612,-556,110,-152,0
1827.630716085434,9264,5852,11312,-121,-5,98,8520,-9504,9584,-78,145,-149,-14288,4428,4676,-996,103,-59,-14248,-4224,6372,-590,111,-168,0
1827.6658720970154,9288,5796,11364,-120,-15,77,8240,-9428,9264,-33,143,-153,-14036,4476,4652,-1043,111,-3,-14216,-4156,6336,-530,73,-144,0
1827.6994249820707,9172,5860,11244,-100,9,87,8236,-9348,9596,-67,158,-147,-14120,4544,4752,-1000,90,-22,-14136,-4228,6372,-500,71,-165,0
1827.7327840328217,9328,5868,11468,-142,-24,70,8496,-9472,9512,-70,158,-148,-14160,4388,4800,-963,91,-67,-14380,-4340,6408,-502,87,-142,0
1827.7664411067965,9252,5820,11420,-138,-26,82,8560,-9588,9564,-75,169,-149,-14120,4544,4744,-990,125,-30,-14188,-4112,6344,-510,135,-152,0
1827.8000531196594,9252,5824,11224,-89,-24,85,8668,-9708,9484,-54,115,-140,-14056,4484,4812,-1020,107,-16,-14220,-4524,6316,-503,127,-148,0
1827.8333230018611,9232,5912,11248,-93,-250,104,8488,-9488,9628,-59,134,-160,-14052,4512,4892,-1019,107,-39,-14192,-4244,6604,-520,115,-164,0
1827.8671751022337,9180,6100,11680,-90,255,91,8356,-9432,9464,-23,122,-169,-14116,4508,4796,-1040,85,-56,-14228,-4196,6568,-484,145,-140,0
1827.900454044342,9248,5848,11348,-81,-24,99,8196,-9476,9528,-21,136,-176,-14044,4420,4696,-1014,82,-82,-14280,-4284,6420,-490,132,-155,0
1827.9339201450348,9240,5808,11456,-77,-24,76,8600,-9460,9312,-51,165,-142,-13960,4556,4796,-1018,70,-33,-14244,-4188,6444,-496,125,-143,0
1827.9676511287687,9284,5848,11248,-113,-13,83,8512,-9508,9544,-54,145,-134,-14024,4488,4624,-1037,22,-39,-14196,-4364,6444,-521,133,-155,0
1828.001116991043,9200,6080,11356,-109,-16,87,8468,-9436,9588,-13,172,-139,-14268,4448,4764,-1028,44,-65,-14196,-4276,6320,-496,112,-166,0
1828.034271001816,9168,5912,11208,-76,11,88,8648,-9468,9272,-81,152,-167,-14072,4428,4748,-1043,51,-68,-14204,-4260,6304,-507,142,-160,0
1828.0679240226748,9288,5924,11408,-126,-29,47,8448,-9520,9280,-35,175,-178,-14168,4452,4644,-998,100,-73,-14216,-4164,6348,-468,152,-172,0
1828.1015100479124,8984,5860,11424,-102,-252,69,8340,-9512,9568,-40,172,-139,-14176,4544,4696,-1034,79,-26,-14276,-4200,6236,-489,121,-164,0
1828.134679079056,9152,5888,11372,-78,7,61,8560,-9388,9460,-22,155,-149,-14104,4504,4608,-1014,50,-26,-14188,-4316,6424,-484,111,-195,0
1828.1682350635529,9240,5832,11428,-93,-246,82,8536,-9508,9524,-61,156,-164,-14152,4440,4896,-993,43,-34,-14212,-4328,6416,-491,81,-169,0
1828.2017660140991,9284,5980,11496,-134,-19,115,8456,-9552,9572,-45,149,-180,-14120,4464,4772,-1011,73,-46,-14228,-4304,6416,-502,121,-148,0
1828.2350919246674,9204,5940,11316,-88,-23,101,8568,-9420,9588,-46,176,-152,-14016,4528,4772,-1028,103,-25,-14172,-4380,6536,-499,162,-140,0
1828.2686381340027,9032,5968,11204,-113,-83,112,8528,-9716,9264,-42,115,-183,-14096,4520,4752,-1021,80,-40,-14224,-4276,6320,-513,155,-139,0
1828.3020560741425,9112,6004,11232,-111,-38,133,8340,-9480,9508,-25,88,-168,-13904,4504,5064,-1021,137,-85,-14000,-4220,6652,-490,146,-118,0
1828.3356311321256,9176,5824,11300,-113,-69,123,8484,-9460,9596,-21,143,-173,-14076,4552,5056,-1001,60,-80,-14284,-4272,6460,-489,105,-148,0
1828.3691909313204,9152,5992,11392,-144,-58,108,8688,-9416,9272,-32,137,-172,-13836,4368,4908,-1004,82,-60,-14172,-4300,6400,-767,139,-144,0
1828.4023151397703,9228,5916,11272,-150,-29,97,8500,-9456,9680,-42,157,-184,-14024,4568,4640,-1022,65,-32,-14096,-4272,6348,-472,128,-105,0
1828.4355411529539,9212,5924,11420,-143,-45,118,8280,-9692,9520,-37,152,-166,-14104,4456,4956,-998,68,-69,-14232,-4308,6492,-476,144,-124,0
1828.4692690372467,9164,5916,11176,-160,-72,123,8204,-9704,9276,-55,182,-184,-14012,4504,4812,-1001,111,-111,-14244,-4304,6468,-458,180,-108,0
1828.5029239654539,9076,5896,11360,-177,-67,102,8508,-9592,9588,-15,154,-185,-13980,4500,4744,-992,65,-77,-14124,-4256,6512,-464,160,-119,0
1828.5361869335175,9184,5912,11444,-187,-61,113,8464,-9560,9544,-4,124,-192,-14176,4536,4848,-1002,102,-63,-14172,-4600,6488,-469,137,-73,0
1828.5698270797732,9208,5992,11408,-196,-120,127,8480,-9280,9504,-34,129,-193,-14144,4464,4660,-992,96,-122,-14132,-4280,6428,-477,153,-76,0
1828.6033220291135,9092,5904,11312,-211,-108,123,8208,-9500,9532,-28,144,-195,-14108,4456,4984,-974,113,-149,-14224,-4300,6264,-499,162,-101,0
1828.6366231441496,9124,6028,11316,-217,-138,143,8420,-9444,9576,-50,143,-234,-14304,4512,4912,-984,97,-122,-14228,-4252,6264,-494,161,-73,0
1828.6723449230194,9064,5880,11072,-239,-131,162,8504,-9476,9652,-45,132,-175,-14088,4576,4768,-976,123,-126,-14232,-4228,6164,-486,197,-81,0
1828.708009004593,9020,5996,11008,-245,-100,155,8228,-9500,9428,-27,154,-204,-13980,4552,4808,-977,120,-74,-14128,-4304,6372,-464,198,-64,0
1828.7433841228483,9000,6100,11276,-245,-101,138,8468,-9412,9512,-44,131,-200,-14332,4360,4936,-992,123,-119,-14104,-4348,6420,-454,181,-69,0
1828.779268980026,9208,5884,11416,-275,-106,148,8536,-9432,9316,6,150,-218,-13880,4388,4772,-950,171,-183,-14236,-4188,6400,-442,191,-71,0
1828.8151040077212,9008,6072,11260,-214,-122,164,8468,-9480,9512,-37,115,-230,-14168,4472,4808,-994,151,-78,-14192,-4216,6472,-490,190,-72,0
1828.8511519432068,9164,5812,11248,-1,-145,133,8688,-9528,9552,23,135,-219,-14068,4544,4856,-1029,101,-160,-14156,-4316,6168,-468,180,-62,0
1828.8861370086668,9224,5728,11332,-204,-120,148,8340,-9308,9684,5,141,-181,-14152,4432,5032,-1016,97,-142,-14188,-4240,6516,-479,172,-71,0
1828.922569036484,9204,5696,11300,-188,-161,157,8492,-9492,9548,-34,157,-199,-14072,4464,4732,-991,111,-75,-14152,-4176,6412,-474,223,-99,0
1828.9577009677887,9176,5800,11124,-232,-144,129,8492,-9532,9604,12,136,-191,-14204,4512,4728,-1019,123,-137,-14176,-4128,6448,-476,210,-77,0
1828.9934389591215,9180,5644,11048,-202,-148,155,8492,-9472,9536,-13,153,-181,-14156,4432,4692,-1024,106,-53,-14300,-4276,6428,-482,145,-112,0
1829.0292301177976,9204,5916,11440,-222,-140,143,8460,-9480,9656,-35,101,-209,-13960,4468,4908,-983,131,-65,-14116,-4280,6360,-470,124,-62,0
1829.0644631385803,9180,6080,11356,-224,-144,123,8388,-9524,9220,-31,101,-188,-14024,4452,4712,-976,130,-116,-13880,-4204,6212,-474,178,-68,0
1829.1002089977264,9188,5800,11280,-179,-164,138,8584,-9480,9392,-29,98,-209,-14252,4404,4768,-1009,137,-155,-14168,-4176,6416,-485,222,-47,0
1829.1354939937592,9224,5792,11228,-177,-217,157,8536,-9692,9652,-1,103,-245,-14088,4200,4748,-997,150,-111,-14044,-4196,6348,-464,200,-85,0
1829.1710059642792,9308,5792,11232,-167,-144,163,8516,-9460,9328,251,70,-224,-14140,4464,4864,-776,119,-142,-14256,-4224,6292,-450,175,-80,0
1829.2062511444092,9336,5780,11396,-197,-144,148,8492,-9456,9432,-21,123,-212,-14148,4436,4892,-1015,118,-127,-14284,-4252,6652,-469,143,-95,0
1829.2428140640257,9364,5880,11152,-149,-144,107,8500,-9460,9404,-44,134,-192,-14128,4504,4712,-1043,97,-93,-14264,-4168,6332,-506,153,-74,0
1829.278784990311,9240,5916,11296,-167,-149,141,8488,-9476,9308,-47,125,-185,-14112,4380,4724,-1033,93,-58,-14280,-4188,6308,-459,97,-112,0
1829.3143069744108,9220,5668,11476,-121,-104,134,8520,-9376,9640,-59,121,-174,-14092,4448,4860,-1023,128,-92,-14192,-4148,6100,-471,106,-131,0
1829.3495500087736,9324,5816,11100,-145,-80,90,8468,-9716,9576,-86,164,-178,-14208,4576,5004,-985,62,-64,-14176,-4176,6276,-528,121,-171,0
1829.383140087128,9260,5768,11308,-156,-40,71,8528,-9676,9572,23,148,-153,-14032,4352,4720,-1035,50,-54,-14260,-4268,6396,-477,124,-145,0
1829.4167399406433,9212,5912,11356,-125,3,90,8376,-9516,9540,-17,145,-168,-13928,4428,4844,-1002,109,-50,-14168,-4276,6392,-484,94,-149,0
1829.4500761032104,9300,6068,11028,-98,-65,101,8548,-9448,9516,-94,129,-189,-14124,4440,4824,-1014,60,-61,-14236,-4228,6544,-494,137,-142,0
1829.4835820198057,9224,6088,11284,-132,-95,99,8256,-9444,9488,-55,169,-142,-13860,4444,4684,-1001,76,-74,-14220,-4168,6460,-485,86,-162,0
1829.517238140106,9296,5788,11256,-107,-21,110,8236,-9284,9512,-46,146,-128,-13992,4520,4820,-769,89,-21,-14276,-4268,6540,-486,69,-132,0
1829.5505490303044,9188,5960,11272,-140,20,100,8536,-9384,9548,-37,135,-114,-14100,4432,4820,-1005,96,32,-14168,-4240,6152,-476,57,-129,0
1829.5842199325564,9216,5832,11348,-121,22,110,8448,-9388,9576,-41,126,-111,-14104,4428,4800,-771,50,-240,-14224,-4252,6468,-500,89,-126,0
1829.6177561283112,9248,5980,11472,-96,-15,85,8464,-9436,9568,-65,139,-129,-14136,4428,4972,-1015,56,-58,-14100,-4212,6388,-517,96,-147,0
1829.651024103165,8996,5912,11252,-84,-32,84,8676,-9504,9648,-62,135,-165,-14096,4492,4812,-1017,108,-76,-14160,-4216,6556,-493,130,-138,0
1829.6845319271088,9156,5828,11444,-95,-31,89,8404,-9384,9512,-39,131,-212,-14064,4396,4668,-976,131,-70,-14200,-4248,6472,-257,137,-136,0
1829.7180950641632,9204,5796,11376,-72,-47,73,8528,-9556,9456,-49,137,-195,-14092,4464,4620,-1028,83,-29,-14156,-4188,6392,-481,145,-149,0
1829.7519080638883,9292,5872,11324,-77,-45,95,8488,-9440,9348,-2,127,-165,-14072,4516,4624,-1010,93,-36,-14232,-4112,6480,-489,127,-158,0
1829.7855961322784,9248,5740,11036,-93,-23,79,8212,-9524,9484,-47,171,-165,-14060,4452,4804,-1027,68,-71,-14196,-4328,6464,-479,113,-177,0
1829.8192379474644,8968,6104,11260,-107,-35,87,8508,-9452,9484,-43,180,-179,-14120,4568,4908,-777,66,-73,-13932,-4176,6632,-494,105,-162,0
1829.8526670932772,9172,5936,11228,-107,-26,63,8512,-9528,9424,-64,142,-170,-14156,4436,4692,-1000,73,-55,-14056,-4216,6360,-504,126,-134,0
1829.8861439228056,9188,5904,11316,-110,-52,94,8464,-9464,9532,-32,149,-180,-14112,4480,4764,-997,108,-64,-14132,-4304,6648,-483,130,-149,0
1829.9197180271149,9364,5928,11272,-94,-51,76,8508,-9692,9232,-37,134,-164,-13852,4480,4908,-1006,73,-99,-14180,-4328,6264,-490,171,-154,0
1829.9530119895933,9292,5996,11388,-102,-83,102,8624,-9248,9520,-28,117,-186,-14004,4472,4752,-773,84,-102,-14132,-4272,6556,-761,159,-139,0
1829.9867119789124,9228,5880,11232,-132,-53,112,8520,-9564,9724,-9,132,-168,-14120,4468,4868,-1038,49,-84,-14164,-4212,6436,-480,127,-142,0
1830.0202000141144,9252,5920,11360,-121,-49,90,8508,-9408,9672,-39,127,-174,-14136,4468,4912,-990,102,-48,-14244,-4232,6544,-492,128,-126,0
1830.053487062454,9072,5956,11400,-102,-52,114,8508,-9424,9572,-33,119,-162,-14124,4460,4716,-1021,89,-19,-14144,-4328,6328,-497,138,-140,0
1830.0872869491575,9252,5992,11352,-140,-42,95,8464,-9728,9472,-49,119,-155,-14000,4548,4912,-1015,101,-43,-14124,-4328,6432,-484,118,-121,0
1830.1206729412079,9200,5904,11384,-135,-31,135,8504,-9468,9624,-55,125,-158,-14148,4492,4828,-1010,126,-57,-14212,-4316,6496,-490,132,-134,0
1830.1538231372833,9088,5632,11476,-128,-24,106,8480,-9576,9632,-51,131,-161,-14128,4488,4952,-1032,83,-45,-14164,-4228,6392,-494,133,-137,0
1830.1873829364777,9260,5784,11220,-129,-69,114,8424,-9492,9568,-60,128,-173,-14016,4484,4840,-1003,89,-41,-14096,-4200,6336,-504,141,-128,0
1830.220544099808,9320,5888,11448,-137,-83,109,8564,-9472,9520,-26,143,-174,-14040,4456,4876,-1007,80,-112,-14244,-4236,6416,-499,150,-139,0
1830.2539100646973,9004,5880,11444,-135,-40,123,8444,-9448,9496,-37,125,-192,-13964,4508,4792,-995,107,-80,-14144,-4304,6348,-476,147,-111,0
1830.2875659465788,9460,5956,11020,-157,-52,101,8452,-9556,9580,-28,137,-161,-13836,4544,4908,-1009,120,-80,-14164,-4224,6464,-476,160,-104,0
1830.3209440708165,9184,5940,11132,-170,-69,110,8476,-9548,9508,-36,130,-200,-14064,4480,4876,-1007,96,-56,-14228,-4304,6204,-473,160,-128,0
1830.3577270507812,9188,5888,11248,-182,-65,111,8200,-9536,9300,-33,158,-203,-14064,4528,4968,-984,132,-85,-14568,-4492,6532,-464,116,-77,0
1830.3928670883176,9288,5796,11436,-182,-113,119,8480,-9596,9496,-29,156,-164,-14188,4456,4712,-1011,53,-81,-14232,-4264,6424,-506,182,-69,0
1830.4282290935516,9076,5992,11380,-210,-110,138,8456,-9700,9552,3,119,-169,-13832,4524,5012,-1012,109,-105,-14140,-4360,6420,-479,142,-74,0
1830.4637269973755,9208,6012,11400,-186,-52,113,8496,-9516,9692,-84,140,-203,-14140,4324,5068,-973,105,-116,-14128,-4232,6416,-524,177,-73,0
1830.4996080398564,9208,5928,11452,-262,-127,124,8508,-9580,9484,-20,124,-214,-14336,4428,4888,-995,115,-127,-14160,-4268,6376,-460,214,-52,0
1830.534876108169,9224,5880,11468,-242,-106,154,8420,-9420,9520,4,160,-176,-14128,4488,4940,-1020,122,-45,-14136,-4236,6456,-464,159,-69,0
1830.5702590942383,9176,6004,11300,-235,-53,127,8480,-9412,9528,-28,148,-175,-14092,4436,4740,-980,127,-92,-14132,-4308,6548,-440,160,-91,0
1830.605502128601,9468,5828,11472,-266,-101,139,8380,-9620,9536,-56,160,-178,-14140,4468,4928,-969,118,-81,-14156,-4180,6376,-457,166,-67,0
1830.6407361030576,9252,6140,11328,-222,-127,182,8492,-9524,9560,-27,131,-200,-14308,4528,4784,-999,146,-153,-14204,-4172,6240,-499,204,-77,0
1830.676109075546,9188,5820,11140,-203,-171,155,8456,-9412,9536,252,122,-244,-14016,4476,4524,-1006,178,-123,-14232,-4204,6384,-497,218,-92,0
1830.7119331359863,9220,5892,11284,-204,-147,161,8472,-9460,9488,-14,81,-226,-14156,4436,4964,-774,137,-132,-14144,-4272,6444,-484,217,-66,0
1830.7479670047765,9208,5792,11456,-209,-159,150,8688,-9224,9220,16,116,-194,-14108,4580,4864,-1017,124,-111,-14236,-4244,6584,-489,187,-85,0
1830.7836530208588,9032,5660,11308,-191,-152,123,8544,-9500,9516,-12,170,-201,-14336,4448,4768,-1002,133,-127,-14160,-4248,6360,-476,194,-90,0
1830.8192119598389,9400,5908,11352,-213,-168,141,8492,-9456,9536,-29,134,-205,-13888,4548,4820,-996,125,-91,-14188,-4216,6544,-490,181,-89,0
1830.8542520999908,9204,5872,11312,-224,-149,134,8240,-9472,9608,-40,129,-195,-13840,4420,4788,-1008,95,-113,-14128,-4208,6156,-483,150,-67,0
1830.8897380828855,9224,5708,11012,-197,-186,162,8512,-9504,9680,-68,125,-209,-14004,4504,4820,-970,134,-131,-14184,-4244,6432,-457,208,-63,0
1830.925141096115,9308,5764,11312,-195,-190,142,8260,-9552,9584,-26,117,-245,-14028,4492,4680,-986,131,-109,-14244,-4188,6488,-494,188,-78,0
1830.9608650207524,9232,5844,11248,-208,-166,157,8496,-9508,9364,-16,133,-227,-14064,4476,4784,-997,125,-176,-14156,-4104,6228,-487,190,-115,0
1830.9986879825592,9236,5824,11424,-185,-167,136,8544,-9636,9668,17,118,-227,-14336,4484,4632,-1039,126,-140,-14096,-4248,6184,-500,182,-125,0
1831.0322649478912,9268,5820,11372,-186,-122,128,8452,-9416,9576,245,101,-217,-13904,4468,4812,-1032,127,-146,-14236,-4208,6504,-504,198,-120,0
1831.0657429695132,9380,6124,11240,-176,-143,122,8664,-9692,9528,-4,113,-208,-14032,4324,4800,-975,144,-97,-14104,-4228,6248,-481,152,-83,0
1831.0992951393127,9320,5844,11492,-169,-141,150,8500,-9712,9576,-52,90,-194,-14088,4316,4624,-974,137,-71,-14308,-4168,6364,-489,123,-104,0
1831.13267493248,9304,5812,11340,-128,-101,113,8532,-9508,9612,-58,134,-195,-14316,4520,4764,-1029,75,-64,-14240,-4216,6348,-763,123,-172,0
1831.165962934494,9400,5664,11360,-154,-84,93,8520,-9416,9468,-18,112,-144,-14296,4464,4992,-1061,74,-63,-14196,-4268,6328,-476,79,-147,0
1831.199898958206,9252,5800,11200,-125,-27,94,8500,-9252,9224,-93,151,-156,-14208,4476,4856,-1022,53,-57,-14240,-4164,6332,-492,135,-142,0
1831.2332420349123,9364,5884,11328,-181,-57,64,8588,-9260,9224,7,173,-196,-14032,4416,4884,-1016,95,-47,-14336,-4144,6376,-477,156,-127,0
1831.2668530941012,9312,5792,11140,-127,-49,100,8532,-9380,9608,-15,134,-151,-14100,4488,4784,-1029,104,-47,-14180,-4268,6468,-466,114,-144,0
1831.300364971161,9232,5852,11080,-117,-41,98,8500,-9392,9552,-44,126,-128,-13988,4452,4820,-773,50,-29,-14116,-4300,6488,-529,70,-144,0
1831.3338711261747,9236,5824,11320,-151,7,92,8524,-9396,9472,-55,165,-140,-14016,4404,5044,-771,56,-40,-14140,-4224,6652,-492,80,-168,0
1831.3675220012665,9200,5884,11276,-132,-10,68,8652,-9484,9520,-46,158,-135,-14020,4452,4808,-1026,40,-29,-14164,-4244,6632,-531,109,-150,0
1831.4008619785309,9288,5748,11328,-78,-31,117,8504,-9600,9432,-74,143,-171,-14328,4440,4800,-1006,91,-16,-14172,-4156,6396,-485,125,-135,0
1831.4343810081484,9216,5840,11268,-130,-35,103,8380,-9384,9344,-24,123,-181,-13936,4568,4924,-1009,92,-44,-14176,-4304,6400,-500,127,-123,0
1831.4679150581364,9204,5760,11320,-95,-28,107,8532,-9492,9456,-51,123,-191,-14272,4484,4740,-1009,100,-88,-14196,-4308,6588,-500,125,-143,0
1831.5015690326693,9216,5884,11372,-120,-38,91,8524,-9324,9688,-27,107,-167,-14120,4504,4872,-1002,92,-87,-14244,-4284,6376,-511,121,-138,0
1831.5351171493533,9412,5892,11056,-126,-23,90,8564,-9532,9568,-30,148,-150,-14084,4488,4832,-1023,61,-59,-14268,-4232,6436,-497,118,-141,0
1831.5686719417572,9452,5840,11516,-87,-21,84,8512,-9452,9672,-6,129,-148,-14052,4424,4824,-770,82,-43,-14288,-4204,6348,-523,102,-177,0
1831.6020450592043,9172,5636,11472,-104,-47,93,8448,-9368,9488,-49,152,-155,-14084,4448,4956,-1022,77,-45,-13992,-4244,6188,-506,102,-164,0
1831.6352491378784,9216,5784,11476,-119,-26,59,8468,-9484,9548,-65,161,-179,-14008,4408,4784,-994,90,-91,-14252,-4188,6516,-500,128,-154,0
1831.668751001358,9300,5812,11280,-106,-62,81,8492,-9528,9476,-49,148,-175,-13888,4596,4880,-1000,75,-38,-14172,-4256,6392,-500,121,-162,0
1831.7024300098417,9160,6124,11072,-103,-36,66,8468,-9508,9524,-27,142,-139,-14284,4576,4932,-989,46,-39,-14228,-4228,6452,-491,142,-145,0
1831.7357821464536,9128,5924,11196,-89,-34,89,8588,-9472,9492,-51,142,-172,-14092,4416,4836,-1026,91,-53,-14176,-4200,6440,-767,148,-140,0
1831.7692761421204,9204,5984,11324,-95,-50,94,8468,-9388,9532,-16,135,-200,-14096,4400,4944,-1010,94,-103,-14184,-4244,6652,-495,149,-139,0
1831.802829027176,9160,5720,11416,-103,-37,77,8512,-9424,9468,-46,140,-151,-14052,4440,4800,-1013,72,-63,-14200,-4260,6356,-505,111,-153,0
1831.8361370563507,9260,5908,11356,-84,-35,110,8528,-9540,9540,-42,157,-149,-14084,4652,4916,-1038,64,-41,-14236,-4156,6428,-521,142,-140,0
1831.8723919391632,9240,5632,11324,-112,-41,104,8344,-9428,9456,-12,148,-151,-14016,4472,4864,-1032,74,-53,-14236,-4312,6328,-513,97,-158,0
1831.9064741134644,9296,5952,11016,-92,-23,81,8460,-9448,9620,-86,128,-175,-14336,4604,4784,-1000,64,-57,-14136,-4124,6360,-501,137,-176,0
1831.9570260047913,9184,5800,11028,-162,-29,80,8452,-9448,9564,-28,112,-182,-14120,4404,4528,-1259,90,-68,-14208,-4304,6632,-507,123,-122,0
1832.0025260448451,9312,5672,11496,-112,-32,76,8412,-9544,9372,-31,133,-150,-14308,4460,4692,-1024,99,-40,-14172,-4324,6564,-485,112,-192,0
1832.0407710075376,9176,5864,11308,-145,-42,82,8504,-9504,9620,-73,166,-138,-14076,4552,5068,-974,77,-49,-14124,-4232,6484,-486,114,-137,0
1832.0762429237363,9128,5960,11252,-166,-48,90,8476,-9532,9364,-69,153,-175,-14036,4516,5100,-991,98,-109,-14092,-4208,6440,-499,121,-148,0
1832.1125879287724,9224,5956,11180,-112,-81,98,8512,-9576,9620,-38,124,-197,-14036,4520,4688,-996,106,-64,-14168,-4184,6348,-493,176,-121,0
1832.1486461162567,9172,5916,11124,-127,-61,103,8340,-9440,9508,-38,120,-197,-14052,4300,4664,-1127,123,-130,-13860,-4172,6432,-271,178,-118,0
1832.1837451457975,9252,5632,11156,-141,-57,127,8436,-9484,9692,-18,188,-202,-13984,4556,4992,-1001,71,-49,-14212,-4192,6444,-259,184,-109,0
1832.219300031662,9428,5888,11460,-147,-27,114,8504,-9540,9568,-35,97,-164,-14024,4544,4936,-1013,104,-33,-14156,-4308,6316,-496,136,-117,0
1832.2546911239624,9276,6016,11100,-135,-73,120,8492,-9684,9596,-32,97,-171,-14012,4496,5052,-1013,113,-93,-14120,-4332,6568,-500,130,-112,0
1832.2905099391935,9160,5980,11384,-144,-56,114,8504,-9420,9696,-34,116,-176,-14072,4532,4872,-1002,95,-53,-14216,-4276,6424,-500,125,-104,0
1832.3255069255829,9040,5948,11216,-167,-40,106,8404,-9564,9444,-36,145,-164,-14108,4488,4956,-985,79,-85,-14052,-4292,6504,-490,141,-164,0
1832.3611559867857,9144,5944,11364,-200,-57,96,8532,-9220,9568,-28,165,-174,-13828,4488,5080,-986,80,-94,-14208,-4312,6512,-501,171,-101,0
1832.3970849514008,9208,5860,11044,-199,-77,111,8472,-9568,9452,-13,146,-179,-14008,4552,4672,-989,102,-145,-14224,-4272,6180,-483,186,-62,0
1832.4325249195097,9092,5960,11480,-202,-107,133,8208,-9516,9500,-19,131,-195,-14256,4588,4904,-989,129,-86,-14128,-4328,6420,-508,177,-76,0
1832.4677290916443,9176,5952,11456,-201,-133,133,8436,-9512,9580,-55,136,-209,-14124,4432,4872,-990,117,-143,-14216,-4288,6580,-541,184,-62,0
1832.5034680366516,9408,5884,11464,-197,-129,142,8456,-9544,9460,-43,121,-210,-13936,4508,4920,-989,124,-113,-14172,-4276,6496,-481,189,-71,0
1832.5392489433289,9200,5904,11444,-250,-98,142,8464,-9608,9612,-35,153,-208,-14024,4532,4896,-969,94,-139,-14168,-4260,6408,-456,197,-65,0
1832.5741829872131,8996,5892,11096,-297,-127,136,8516,-9472,9416,-33,158,-195,-13868,4412,4932,-940,124,-136,-14196,-4260,6436,-454,150,-78,0
1832.6103479862213,9184,5900,11496,-243,-115,149,8500,-9712,9240,-61,147,-176,-14040,4528,4876,-979,116,-119,-14176,-4212,6392,-486,183,-72,0
1832.6456611156464,9252,5804,11432,-510,-140,144,8584,-9468,9556,10,117,-204,-14100,4476,5052,-1020,123,-132,-14228,-4280,6652,-464,202,-91,0
1832.6827161312103,9136,6112,11208,-206,-110,153,8372,-9440,9532,-32,145,-213,-13880,4456,5036,-994,134,-104,-14112,-4316,6432,-491,204,-52,0
1832.7162449359894,9428,5728,11344,-1,-176,142,8584,-9544,9412,-26,102,-233,-13912,4424,4752,-959,142,-126,-14272,-4268,6376,-453,212,-66,0
1832.7496371269228,9424,5820,11316,-253,-141,155,8596,-9420,9460,0,153,-216,-14296,4540,4700,-998,144,-132,-14208,-4252,6388,-452,176,-75,0
1832.7832050323484,9404,5824,11332,-204,-133,137,8588,-9396,9424,17,143,-177,-14116,4376,4768,-777,96,-81,-14272,-4168,6348,-478,140,-95,0
1832.816882133484,9252,5784,11164,-214,-90,140,8532,-9464,9540,-41,158,-189,-14124,4432,4712,-992,86,-59,-14132,-4224,6340,-478,107,-88,0
1832.8501880168915,9084,5856,11368,-229,-117,140,8656,-9508,9612,-33,154,-204,-13860,4456,4976,-989,103,-81,-14172,-4224,6628,-477,169,-89,0
1832.8836209774015,9196,5812,11340,-201,-143,183,8492,-9440,9492,-37,116,-199,-14124,4432,4800,-1005,156,-166,-14092,-4260,6452,-496,212,-95,0
1832.9169471263883,9180,5816,11268,-196,-206,203,8456,-9704,9660,-30,87,-235,-14156,4464,4872,-1012,160,-133,-14148,-4144,6344,-474,229,-27,0
1832.9505980014803,9280,5844,11284,-188,-184,167,8492,-9460,9268,-2,66,-2,-13860,4512,4956,-1015,176,-135,-14180,-4256,6468,-502,230,-69,0
1832.9842469692228,9376,5940,11364,-216,-224,171,8460,-9504,9296,7,110,-226,-14112,4452,4776,-1006,147,-104,-14180,-4200,6596,-484,193,-111,0
1833.0177669525149,9340,5808,11268,-194,-149,157,8500,-9436,9436,-24,129,-228,-14224,4584,4648,-1275,139,-151,-14276,-4244,6320,-258,184,-83,0
1833.0510830879211,9352,5828,11248,-162,-148,131,8556,-9676,9516,-12,121,-200,-14084,4460,4848,-1015,106,-126,-14256,-4136,6388,-491,180,-77,0
1833.0844221115112,9256,5800,11256,-157,-133,146,8472,-9348,9680,-11,99,-214,-14176,4380,4628,-1003,96,-133,-14124,-4324,6328,-453,155,-89,0
1833.1180579662323,9352,5864,11176,-154,-127,126,8472,-9484,9520,-70,116,-202,-14100,4432,4876,-977,126,-80,-14140,-4332,6304,-486,172,-128,0
1833.1515519618988,9240,5744,11196,-157,-128,118,8604,-9528,9580,-50,129,-191,-14104,4444,4760,-1014,72,-90,-14200,-4116,6344,-502,175,-140,0
1833.1849720478056,9308,5848,11336,-152,-141,132,8452,-9332,9240,254,133,-196,-13944,4340,4740,-999,109,-90,-14176,-4252,6228,-480,125,-135,0
1833.2187290191653,9316,5876,11164,-107,-21,91,8544,-9220,9568,-69,121,-175,-14104,4108,4828,-1020,119,-76,-14224,-4128,6148,-494,145,-140,0
1833.252023935318,9432,5832,11220,-172,-76,67,8632,-9476,9392,-23,166,-196,-14176,4452,4872,-1036,84,-64,-14124,-4196,6528,-482,121,-132,0
1833.2854499816895,9252,5892,11228,-165,-37,105,8500,-9264,9676,-12,145,-155,-14108,4468,4748,-1004,88,-14,-14192,-4220,6316,-503,52,-115,0
1833.31911110878,9340,5840,11060,-151,15,110,8580,-9408,9536,-7,130,-128,-14120,4396,4836,-1031,78,-243,-14208,-4180,6372,-521,81,-139,0
1833.3524301052094,9244,5900,11276,-104,10,113,8508,-9540,9416,-41,126,-148,-14272,4372,4872,-1035,84,-24,-14208,-4248,6432,-519,112,-146,0
1833.3857650756836,9168,5868,11260,-102,-41,95,8548,-9408,9696,-54,128,-156,-13976,4468,4972,-772,70,-26,-14188,-4164,6380,-508,92,-178,0
1833.4193150997164,9364,5848,11356,-126,6,95,8252,-9520,9700,-67,153,-148,-14164,4484,4668,-1005,74,-47,-14168,-4228,6320,-497,79,-153,0
1833.4527111053467,9280,5956,11280,-114,-40,74,8528,-9468,9556,-50,157,-163,-14064,4504,4796,-984,83,-88,-14288,-4200,6304,-485,101,-120,0
1833.4858140945435,9200,5864,11220,-126,255,90,8300,-9728,9416,-62,115,-181,-14176,4392,4904,-1000,97,-47,-14244,-4180,6456,-495,148,-130,0
1833.5194160938263,9300,5768,11228,-116,-37,104,8564,-9380,9696,-49,93,-180,-14100,4624,4860,-997,71,-68,-14208,-4144,6428,-519,127,-145,0
1833.5529999732971,8960,5852,11436,-105,-24,112,8492,-9488,9500,-67,133,-159,-14148,4596,4848,-1014,87,-44,-14224,-4208,6624,-760,129,-165,0
1833.5866749286652,9196,5860,11464,-87,-25,93,8472,-9520,9504,-22,144,-187,-14020,4396,4832,-1000,75,-42,-14120,-4304,6536,-515,109,-151,0
1833.6201679706573,9224,5940,11340,-87,-29,95,8548,-9480,9320,-35,137,-165,-14116,4492,4620,-1000,37,-71,-14224,-4212,6540,-517,121,-183,0
1833.6536891460416,9284,5840,11332,-103,-27,71,8580,-9520,9384,-38,170,-162,-14016,4588,4608,-1000,69,-70,-14228,-4168,6416,-489,143,-201,0
1833.6873910427094,9308,5640,11220,-91,-34,75,8520,-9232,9572,-21,134,-180,-14108,4544,4804,-1005,28,-83,-14140,-4316,6236,-500,133,-152,0
1833.7242720127108,9256,5840,11500,-105,-43,74,8464,-9452,9596,-52,151,-176,-13828,4460,4664,-1021,86,-61,-14228,-4256,6452,-472,128,-164,0
1833.759607076645,9300,6120,11236,-114,-62,82,8520,-9464,9616,-56,134,-189,-13936,4432,4628,-1035,100,-80,-14132,-4224,6244,-501,137,-157,0
1833.7950050830843,9340,5896,11308,-102,-53,93,8224,-9500,9408,-47,139,-160,-14196,4452,4612,-1001,92,-44,-14236,-4256,6308,-518,90,-139,0
1833.830726146698,9368,5796,11244,-81,-31,91,8476,-9568,9528,-54,102,-155,-14028,4416,4816,-1016,80,-53,-14176,-4168,6376,-259,105,-133,0
1833.866135120392,9272,5880,11412,-93,-2,106,8476,-9412,9708,-19,138,-138,-14048,4436,4792,-1022,79,-23,-14228,-4276,6252,-512,105,-144,0
1833.9019291400907,8980,5640,11260,-99,-33,105,8492,-9564,9552,-47,122,-150,-14032,4480,4840,-1016,85,-97,-14328,-4284,6376,-508,138,-137,0
1833.937951087952,9184,5932,11340,-106,-40,129,8444,-9716,9548,-47,148,-150,-13900,4412,4896,-965,101,-52,-14200,-4492,6636,-514,140,-110,0
1833.9734990596771,9268,5884,11292,-99,-19,111,8444,-9548,9516,-46,117,-170,-14100,4488,4712,-1005,103,-56,-14056,-4236,6376,-483,128,-131,0
1834.0092999935148,9468,5976,11280,-104,-51,114,8856,-9500,9512,-49,101,-186,-14128,4600,4636,-1028,104,-70,-14176,-4256,6476,-511,142,-131,0
1834.044949054718,9040,5932,11280,-113,-55,100,8484,-9272,9520,-29,116,-167,-13860,4436,5060,-1000,109,-116,-14224,-4232,6388,-491,162,-146,0
1834.080819129944,9108,5904,11396,-149,-65,97,8612,-9716,9536,-62,131,-188,-14116,4528,4696,-982,91,-74,-14288,-4356,6456,-458,119,-125,0
1834.1171820163727,9256,5980,11340,-141,-61,94,8504,-9572,9444,-71,167,-165,-14116,4540,4852,-1010,75,-83,-14196,-4240,6372,-522,132,-173,0
1834.1523170471191,9448,5964,11188,-184,-73,93,8548,-9612,9628,-14,152,-154,-14008,4600,4836,-1036,85,-52,-14116,-4124,6216,-533,130,-118,0
1834.1881041526794,9140,5968,11292,-117,-15,100,8284,-9236,9564,-97,158,-146,-14284,4480,4716,-1016,93,-52,-14236,-4352,6284,-507,145,-123,0
1834.2237319946287,9176,5644,11508,-152,-81,83,8460,-9472,9556,-24,134,-181,-13988,4468,4812,-1005,106,-85,-14168,-4248,6416,-473,189,-127,0
1834.2593691349027,9152,5876,11244,-201,-59,118,8628,-9540,9508,10,144,-139,-14292,4540,4608,-1037,91,-38,-14180,-4308,6548,-486,150,-108,0
1834.294387102127,9188,5952,11356,-143,-29,108,8416,-9436,9416,12,154,-137,-14096,4456,4968,-1008,69,-32,-14152,-4408,6588,-474,121,-118,0
1834.3298771381376,9208,6096,11472,-232,-70,109,8480,-9640,9448,-33,182,-175,-13864,4448,4628,-954,79,-84,-14152,-4216,6532,-464,118,-81,0
1834.367244958877,9220,5996,11404,-240,-130,122,8408,-9540,9596,-54,168,-199,-14008,4512,4716,-980,88,-145,-14164,-4312,6548,-491,189,-84,0
1834.4004399776456,9252,5956,11256,-195,-145,124,8448,-9428,9492,-34,129,-208,-13940,4456,4748,-987,126,-98,-14020,-4284,6424,-485,209,-90,0
1834.4339251518252,9104,5908,11252,-209,-102,134,8488,-9404,9516,-39,129,-210,-13944,4516,4760,-984,120,-73,-14112,-4168,6556,-479,208,-48,0
1834.4674141407013,9208,5944,11356,-254,-131,137,8468,-9528,9616,-40,150,-220,-14032,4476,4824,-953,129,-56,-14204,-4196,6572,-456,199,-45,0
1834.501019001007,9172,5884,11252,-282,-105,150,8556,-9552,9552,-14,171,-186,-13888,4508,5080,-976,151,-159,-14120,-4308,6276,-465,184,-60,0
1834.5343849658964,9284,5896,11384,-244,-124,145,8532,-9600,9236,-20,158,-204,-14020,4496,4832,-993,146,-155,-14248,-4268,6416,-454,220,-74,0
1834.568041086197,9208,5936,11256,-224,-151,169,8492,-9664,9484,-4,129,-207,-14048,4504,4728,-970,147,-102,-14180,-4304,6436,-458,189,-56,0
1834.6016600131989,9188,5900,11120,-209,-166,162,8336,-9472,9488,-41,107,-202,-14172,4348,4820,-982,136,-93,-14116,-4228,6460,-477,202,-48,0
1834.635092973709,9276,5940,11324,-234,-194,152,8508,-9448,9536,-47,129,-228,-14116,4500,4840,-992,115,-93,-14216,-4232,6472,-472,203,-84,0
1834.6687121391296,9312,5864,11036,-233,-199,159,8588,-9496,9408,-11,161,-225,-14320,4448,4720,-971,116,-138,-14248,-4252,6492,-454,205,-36,0
1834.702327013016,9016,5836,11428,-235,-174,133,8624,-9400,9624,-17,138,-219,-13832,4436,4880,-1012,88,-144,-14208,-4272,6364,-477,213,-96,0
1834.7359380722044,9260,5948,11324,-195,-160,136,8540,-9476,9408,28,149,-213,-14032,4532,4732,-1002,120,-110,-14164,-4192,6188,-476,190,-103,0
1834.7691631317136,9164,5832,11468,-211,-154,133,8192,-9520,9628,-7,116,-237,-14072,4500,4780,-1002,148,-106,-14176,-4180,6344,-485,197,-95,0
1834.8023769855497,9236,5960,11452,-217,-196,163,8544,-9404,9264,1,101,-219,-14332,4408,5048,-1009,168,-139,-14240,-4236,6340,-464,190,-63,0
1834.8360300064087,9248,5780,11056,-201,-148,168,8468,-9512,9392,-35,103,-186,-14108,4440,4912,-1017,148,-102,-14292,-4144,6596,-494,168,-52,0
1834.869512081146,9280,5756,11500,-186,-167,179,8556,-9540,9488,-256,103,-208,-14052,4484,4676,-1025,143,-108,-14212,-4196,6532,-474,191,-70,0
1834.9030029773712,9264,5924,11368,-199,-162,147,8196,-9344,9628,1,130,-193,-13972,4356,4916,-1024,130,-77,-14164,-4244,6444,-474,171,-120,0
1834.9367060661316,9172,5872,11304,-158,-152,111,8508,-9224,9664,-49,159,-219,-14048,4548,4828,-991,106,-101,-14204,-4208,6384,-482,212,-108,0
1834.9701640605929,9360,5784,11356,-234,-181,127,8560,-9560,9444,-252,125,-234,-14132,4520,4716,-991,137,-120,-14268,-4224,6484,-472,212,-70,0
1835.0037329196932,9348,5896,11280,-194,-149,124,8552,-9452,9592,-32,160,-186,-14020,4372,4796,-1014,111,-81,-14192,-4240,6212,-504,129,-130,0
1835.037430047989,9148,5900,11244,-166,-107,166,8556,-9452,9332,-8,113,-186,-14056,4316,4712,-986,95,-66,-14192,-4172,6336,-488,125,-139,0
1835.0705990791323,9312,5916,11256,-188,-132,86,8524,-9516,9428,-72,120,-187,-13868,4464,4812,-996,91,-69,-14168,-4192,6288,-501,120,-149,0
1835.1042020320892,9236,5824,11168,-131,-56,106,8572,-9312,9436,-64,136,-165,-14112,4408,4684,-1003,65,-35,-14148,-4240,6160,-521,112,-129,0
1835.13756608963,9320,5784,11104,-133,-64,91,8484,-9516,9400,1,158,-185,-14048,4404,4848,-1033,136,-106,-14196,-4224,6328,-472,117,-148,0
1835.1711521148684,9288,5860,11260,-145,-8,90,8472,-9476,9520,-9,123,-172,-14036,4432,4624,-1006,120,-54,-14200,-4216,6452,-490,146,-135,0
1835.204738140106,9352,5884,11352,-105,-50,102,8488,-9684,9528,-27,147,-168,-14176,4524,4964,-998,101,-23,-14304,-4232,6492,-503,95,-146,0
1835.2381939888003,9280,5800,11376,-150,-50,96,8516,-9508,9428,-56,146,-162,-14076,4480,4992,-994,93,-57,-14200,-4132,6432,-507,104,-136,0
1835.2719140052795,9468,5800,11108,-91,-19,102,8480,-9396,9568,-15,148,-170,-14084,4456,4616,-1033,81,-55,-14192,-4276,6356,-505,124,-149,0
1835.3053669929504,9360,5892,11228,-133,3,89,8476,-9412,9460,-48,152,-164,-14108,4368,4944,-1279,68,-57,-14212,-4232,6320,-486,93,-159,0
1835.3389320373533,9244,5948,11048,-113,0,84,8340,-9316,9700,-64,162,-153,-14104,4420,4836,-996,86,241,-14232,-4200,6460,-479,101,-171,0
1835.3723130226133,9232,5912,11500,-143,-15,80,8536,-9500,9512,-48,138,-144,-14052,4556,4764,-981,111,-35,-14268,-4252,6428,-460,94,-131,0
1835.4091949462893,9308,5864,11348,-111,-8,103,8532,-9540,9580,-42,114,-144,-14320,4540,4828,-1006,84,-51,-14412,-4172,6648,-488,134,-136,0
1835.4441311359403,9452,5864,11044,-115,-22,117,8448,-9500,9548,-22,134,-178,-14076,4564,4872,-1019,115,-41,-14128,-4320,6344,-760,136,-120,0
1835.4797921180723,9068,6116,11300,-109,-42,99,8516,-9468,9384,-44,126,-172,-14180,4416,4776,-1009,80,-86,-14260,-4292,6532,-475,137,-132,0
1835.5151090621948,9248,6096,11360,-108,-34,108,8672,-9304,9408,-59,121,-153,-14024,4476,5028,-989,89,-9,-14300,-4220,6412,-500,90,-157,0
1835.5502729415894,9228,5852,11408,-100,-30,54,8516,-9612,9376,-47,134,-143,-14304,4532,4960,-1020,51,-58,-14180,-4284,6476,-517,114,-188,0
1835.5856161117554,9320,5952,11440,-93,-10,62,8404,-9496,9224,247,162,-139,-13984,4384,4664,-1024,39,-38,-14104,-4216,6416,-494,82,-171,0
1835.621726989746,9236,6060,11300,-74,-252,91,8540,-9484,9516,-82,177,-152,-14168,4468,4844,-995,77,-62,-14524,-4300,6224,-498,118,-178,0
1835.657676935196,9316,5928,11348,-108,-49,38,8540,-9480,9540,-42,137,-169,-13928,4464,4796,-1007,60,-53,-14124,-4252,6372,-499,107,-200,0
1835.6927471160889,9244,5900,11376,-118,14,80,8480,-9500,9252,-21,152,-144,-13996,4392,5000,-984,61,-20,-14196,-4200,6392,-488,122,-163,0
1835.7287580966947,9276,5964,11352,-99,12,85,8224,-9440,9516,-41,140,-138,-14168,4456,4848,-986,60,-62,-14200,-4324,6444,-479,105,-176,0
1835.7643730640411,9168,5984,11340,-142,-20,59,8408,-9720,9508,-47,168,-166,-14092,4320,4716,-886,41,-67,-13896,-4268,6364,-435,115,-194,0
1835.7999341487885,9208,5940,11240,-168,-57,49,8576,-9720,9312,-70,205,-203,-14016,4208,4900,-943,59,-88,-14092,-4308,6192,-462,167,-185,0
1835.8353660106657,9428,5856,11280,-147,-126,41,8688,-9688,9616,-13,200,-229,-13932,4516,4932,-781,41,-94,-14156,-4280,6396,-499,196,-169,0
1835.8707520961764,9264,5924,11320,-95,-51,69,8640,-9716,9584,-62,71,-190,-13948,4664,4856,-1060,81,-47,-14308,-4200,6612,-544,111,-101,0
1835.9056420326233,9284,5872,11344,-82,20,141,8492,-9644,9576,-62,6,-92,-14060,4608,4704,-1017,157,69,-14084,-4144,6584,-527,47,-35,0
1835.9417769908903,9156,5892,11376,-127,63,208,8532,-9544,9460,-76,21,-75,-14144,4520,4356,-988,197,-248,-14332,-4180,6648,-489,59,-85,0
1835.9777419567108,9032,5644,11504,-153,-49,195,8380,-9600,9424,-32,100,-148,-14084,4520,4752,-997,140,-94,-14060,-4248,6496,-487,180,-120,0
1836.0124900341034,9044,5916,11380,-130,-130,129,8536,-9560,9480,-11,205,-180,-13996,4416,4672,-1273,78,-190,-14136,-4356,6348,-258,216,-180,0
1836.04860496521,9444,5720,11052,-148,-146,46,8496,-9356,9488,-36,217,-508,-14104,4412,5024,-1014,34,-128,-14208,-4344,6392,-460,206,-193,0
1836.0820629596708,9280,5980,11468,-155,-110,20,8588,-9472,9596,-29,176,-223,-14100,4496,4964,-970,41,-106,-14272,-4232,6248,-477,196,-160,0
1836.1155610084534,9316,5872,11228,-133,-22,29,8548,-9388,9720,-18,157,-203,-14052,4552,4988,-993,75,-77,-14208,-4332,6488,-488,131,-161,0
1836.1487240791323,9220,5676,11444,-137,-13,93,8508,-9544,9484,-254,128,-147,-14128,4408,4992,-995,77,-92,-14132,-4128,6464,-468,140,-123,0
1836.182274103165,8964,5892,11252,-151,-16,119,8412,-9696,9408,-39,107,-155,-14016,4532,4924,-1015,138,-10,-14160,-4348,6540,-460,139,-80,0
1836.2157621383667,9064,5928,11476,-213,-39,164,8440,-9520,9564,-60,141,-158,-14016,4504,4896,-978,137,-15,-14160,-4196,6436,-480,142,-57,0
1836.24915099144,9116,5916,11316,-191,-68,156,8332,-9608,9540,-65,160,-156,-14332,4552,4876,-1000,145,-67,-14180,-4260,6232,-516,129,-66,0
1836.2826669216156,9200,5828,11404,-149,-71,134,8500,-9548,9664,26,170,-133,-13852,4504,4796,-1020,38,-139,-14200,-4232,6496,-534,171,-106,0
1836.3161110877993,9164,6012,11396,-169,-101,146,8212,-9488,9568,46,148,-169,-14068,4452,4800,-1037,94,-150,-14228,-4344,6508,-506,130,-81,0
1836.3497900962827,9016,6052,11280,-151,-82,127,8524,-9524,9524,-27,134,-186,-14208,4408,4964,-1008,104,-76,-14232,-4288,6408,-512,181,-102,0
1836.3834071159363,9280,5900,11208,-231,-95,105,8516,-9472,9308,-24,151,-170,-14112,4492,4940,-993,93,-87,-14096,-4148,6460,-470,179,-80,0
1836.4169471263883,9220,5892,11368,-212,-88,112,8500,-9520,9448,4,211,-173,-14088,4420,4696,-990,91,-120,-14140,-4308,6512,-481,202,-118,0
1836.4502861499789,9128,5984,11276,-235,-47,118,8664,-9228,9496,-6,198,-174,-14032,4500,5024,-971,62,-120,-14232,-4308,6408,-472,160,-70,0
1836.4838700294495,9208,5932,11348,-232,-94,128,8420,-9472,9540,-25,146,-172,-14156,4560,5116,-964,126,-121,-14116,-4296,6360,-498,180,-80,0
1836.517395973205,9200,5916,11312,-205,-121,147,8440,-9544,9488,-21,141,-173,-14116,4504,4712,-1019,140,-115,-14232,-4284,6404,-513,191,-103,0
1836.550814151764,9132,5912,11376,-163,-151,170,8380,-9464,9436,20,100,-186,-14076,4412,4720,-770,147,-180,-14136,-4224,6372,-265,234,-63,0
1836.5843460559845,9260,5908,11280,-163,-193,159,8208,-9484,9444,35,91,-221,-14072,4464,5016,-1035,170,-180,-14128,-4256,6356,-525,231,-95,0
1836.6179320812223,9200,5876,11424,-147,-234,167,8440,-9616,9500,45,135,-199,-14048,4436,4940,-1276,135,-176,-14216,-4412,6296,-509,235,-79,0
1836.6507899761204,9248,6056,11056,-184,-165,137,8488,-9436,9564,-8,128,-230,-14124,4508,4888,-993,149,-119,-14284,-4240,6320,-491,212,-73,0
1836.6843879222868,9448,5908,11372,-221,-174,147,8512,-9380,9588,-7,164,-232,-13852,4484,5048,-1029,127,-118,-14216,-4272,6448,-472,209,-68,0
1836.7179090976715,9312,5892,11360,-210,-159,151,8460,-9428,9564,-29,91,-207,-14068,4388,4836,-1019,165,-111,-14112,-4272,6360,-470,197,-46,0
1836.7515110969543,9176,5972,11048,-239,-185,167,8196,-9392,9552,-48,75,-219,-14040,4128,4760,-957,162,-87,-14188,-4328,6148,-463,135,-37,0
1836.7849879264832,9284,5848,11148,-191,-200,121,8588,-9696,9256,-90,139,-241,-14160,4428,4904,-950,117,-105,-14232,-4168,6368,-509,177,-80,0
1836.8186421394348,9220,5788,11300,-240,-178,137,8556,-9476,9460,3,140,-212,-14124,4464,4712,-1024,119,-92,-14116,-4260,6320,-456,183,-78,0
1836.85178899765,9292,5900,11320,-219,-134,152,8380,-9368,9596,-2,108,-220,-13976,4188,4824,-1019,160,-110,-14244,-4236,6632,-463,143,-72,0
1836.8897199630735,9020,5916,11348,-136,-135,135,8432,-9468,9484,-27,95,-242,-14080,4432,4744,-960,143,-98,-14224,-4312,6624,-495,195,-77,0
1836.923551082611,9252,5884,11088,-223,-167,139,8548,-9516,9352,-22,155,-209,-14104,4528,4896,-998,120,-82,-14192,-4332,6524,-509,163,-96,0
1836.9569981098173,9292,5976,11192,-199,-112,139,8488,-9372,9696,-12,70,-170,-14108,4116,4788,-991,173,-63,-14268,-4252,6244,-455,107,-70,0
1836.9904990196228,9288,5652,11372,-225,-90,145,8548,-9500,9496,-18,141,-151,-14068,4380,4780,-976,127,-55,-14316,-4304,6360,-493,125,-65,0
1837.024157047272,9164,5860,11328,-148,-94,151,8456,-9500,9264,-75,132,-203,-14044,4252,4812,-976,96,-64,-14160,-4268,6348,-457,193,-104,0
1837.0574970245364,9260,5664,11020,-174,-120,79,8524,-9436,9604,-65,183,-229,-14132,4472,4824,-1000,83,-94,-14180,-4252,6296,-496,191,-120,0
1837.0945210456848,9440,5836,11200,-189,-65,76,8592,-9220,9676,-76,122,-218,-14096,4496,5048,-981,105,-83,-14280,-4100,6320,-469,173,-120,0
1837.129658937454,9324,5832,11200,-165,-11,103,8528,-9588,9560,-12,116,-207,-14204,4504,4772,-1002,110,-74,-14316,-3876,6336,-476,155,-125,0
1837.1646039485931,9436,6120,11160,-153,-18,93,8560,-9416,9548,-27,104,-176,-14152,4484,4792,-988,123,-52,-14228,-4192,6424,-492,124,-121,0
1837.2001581192017,9276,5876,11256,-144,-47,116,8528,-9520,9508,-64,113,-181,-14080,4472,4680,-981,104,-23,-14444,-4228,6392,-485,99,-109,0
1837.2357621192932,9456,5976,11328,-161,-41,130,8460,-9428,9580,-65,171,-158,-14044,4524,4752,-990,74,-48,-14204,-4524,6356,-498,77,-122,0
1837.2710340023043,9284,5884,11172,-133,0,109,8548,-9528,9724,-72,147,-143,-14244,4456,4832,-992,66,-239,-14240,-4304,6312,-515,101,-147,0
1837.3061530590055,9208,5772,11152,-100,-15,74,8548,-9460,9532,-68,161,-163,-14324,4444,5056,-983,18,-36,-14144,-4260,6320,-487,103,-150,0
1837.34245800972,9020,5864,11316,-127,-14,62,8476,-9484,9448,-41,155,-166,-14056,4536,4952,-987,76,-25,-14228,-4272,6336,-484,116,-142,0
1837.3775439262388,9352,6120,11220,-137,-56,85,8464,-9460,9704,-60,150,-195,-14096,4324,5036,-988,106,-88,-14136,-4296,6592,-438,121,-146,0
1837.4126131534576,9248,6132,11508,-103,-57,72,8424,-9520,9396,-45,141,-206,-14032,4512,4916,-998,115,-45,-14232,-4132,6284,-504,151,-147,0
1837.4487440586092,9312,5652,11152,-104,-56,85,8508,-9428,9412,-80,141,-186,-14120,4444,4688,-989,108,-51,-14176,-4252,6444,-508,142,-146,0
1837.4840891361239,9288,5828,11416,-107,-47,87,8624,-9504,9648,-35,133,-165,-13856,4516,4932,-996,102,-38,-14152,-4212,6340,-508,133,-155,0
1837.5197360515594,9320,5872,11484,-100,-246,101,8556,-9536,9340,-21,103,-170,-13868,4576,4668,-1023,77,-25,-14272,-4220,6288,-507,78,-147,0
1837.5549530982971,9264,5896,11480,-112,-9,88,8516,-9360,9528,-44,114,-150,-14140,4460,4828,-1005,61,-41,-14220,-4224,6532,-509,75,-153,0
1837.5907189846039,9316,5948,11500,-72,-18,72,8200,-9544,9516,-43,159,-155,-13868,4544,4676,-995,26,-29,-14228,-4232,6424,-527,125,-174,0
1837.6261651515963,9460,5664,11352,-54,-25,92,8512,-9588,9628,-27,155,-161,-14064,4468,4748,-1274,72,-55,-14252,-4204,6348,-525,122,-176,0
1837.6617450714111,8992,5916,11220,-64,-50,106,8200,-9256,9636,4,113,-202,-14036,4492,4868,-1010,83,-72,-14020,-4288,6636,-465,197,-157,0
1837.6976389884949,9136,6016,11268,-79,-82,68,8544,-9564,9320,-55,173,-245,-14040,4456,5040,-1001,77,-100,-14220,-4412,6444,-452,173,-169,0
1837.733854055405,9164,5968,11312,-154,-55,41,8648,-9440,9516,-48,210,-211,-14184,4440,4940,-937,49,-59,-14208,-4340,6456,-430,104,-197,0
1837.7675261497495,9208,5920,11360,-136,-69,5,8500,-9528,9408,-64,216,-206,-14040,4804,5032,-1006,-10,-37,-14128,-4292,6416,-259,154,-208,0
1837.801101922989,9100,5928,11132,-148,-71,67,8288,-9480,9584,-11,215,-149,-13976,4480,4852,-1069,65,-37,-14212,-4380,6596,-515,73,-131,0
1837.8346979618073,9460,6024,11268,-110,62,100,8456,-9540,9500,-116,89,-116,-13920,4368,4752,-978,102,243,-14184,-4244,6412,-470,28,-99,0
1837.868150949478,9348,5932,11340,-170,28,127,8556,-9596,9412,-93,144,-124,-14048,4400,4764,-950,150,254,-14168,-4128,6584,-461,104,-67,0
1837.9014680385587,9236,5840,11232,-171,-251,154,8596,-9620,9712,-52,131,-159,-13880,4416,4664,-942,121,-57,-14116,-4272,6236,-508,162,-130,0
1837.9351811408999,9264,5820,11316,-103,-117,128,8400,-9572,9268,-23,156,-215,-13840,4500,4720,-1047,132,-108,-14292,-4112,6384,-514,238,-144,0
1837.9686660766604,9052,5976,11468,-120,-184,105,8492,-9528,9492,-33,133,-202,-14024,4520,4972,-1043,85,-96,-14212,-4360,6464,-562,189,-167,0
1838.0021770000455,9220,5992,11072,-97,-34,78,8396,-9484,9452,-28,151,-195,-13852,4584,4912,-953,-12,-102,-14232,-4232,6472,-529,126,-173,0
1838.0357730388644,9140,5896,11392,-105,15,91,8428,-9580,9332,-26,175,-122,-14020,4588,5044,-975,84,-29,-14124,-4152,6540,-518,113,-117,0
1838.0692751407623,9136,5880,11392,-137,244,135,8380,-9500,9716,6,151,-167,-13880,4552,5060,-772,90,-68,-14020,-4380,6160,-582,156,-103,0
1838.102788925171,9088,5860,11276,-162,-125,142,8420,-9508,9480,-16,98,-199,-13952,4488,4948,-1030,107,-53,-14208,-4320,6592,-553,205,-52,0
1838.1361320018768,9176,5816,11284,-201,-118,180,8448,-9668,9424,10,57,-201,-14136,4672,4784,-977,165,-147,-14236,-3936,6204,-541,270,10,0
1838.1697139739988,9356,5892,11488,-181,-205,216,8544,-9648,9680,4,-35,-225,-14108,4452,4952,-1036,259,-185,-14228,-4192,6388,-557,268,40,0
1838.2033219337463,9308,5888,11348,-121,-507,289,8640,-9556,9528,9,-28,-236,-14184,4524,4896,-1092,234,-126,-14292,-4252,6536,-634,198,-55,0
1838.2369229793549,9324,5880,11460,-82,-205,198,8568,-9496,9396,7,110,-182,-14180,4404,4780,-1066,106,-76,-14332,-4336,6148,-597,164,-122,0
1838.2703149318693,9216,5904,11184,-134,-96,103,8500,-9524,9448,15,221,-143,-14044,4412,4852,-997,-11,-149,-14140,-4248,6356,-504,192,-117,0
1838.3037860393524,9168,6032,11180,-231,-93,75,8240,-9412,9228,-42,264,-213,-13996,4368,4632,-955,41,-181,-14204,-4448,6284,-459,197,-136,0
1838.337383031845,9092,6016,11344,-283,-156,40,8420,-9380,9604,-31,5,-269,-14176,4388,4924,-926,52,-185,-14224,-4140,6244,-453,8,-112,0
1838.37061214447,9168,6116,11480,-12,-253,100,8608,-9384,9780,-35,274,-221,-14324,4368,4868,-1024,129,-154,-14332,-4264,6252,-526,267,-75,0
1838.4038870334623,9264,6032,11176,-174,-209,144,8456,-9492,9652,33,62,-285,-14012,4380,4796,-978,249,-199,-14216,-4320,5968,-574,332,-20,0
1838.4374170303345,9264,5920,11364,-66,-273,236,8408,-9512,9544,-34,-63,-311,-13952,4480,4680,-1020,361,-1,-14240,-4236,6312,-553,311,64,0
1838.4709291458132,9348,5888,11224,-73,-301,293,8588,-9484,9172,-28,-13,-285,-14084,4372,4864,-1138,388,-183,-14244,-4080,6316,-576,302,40,0
1838.5043640136719,9268,5736,11156,-114,-12,276,8604,-9620,9376,28,-13,-224,-14148,4428,4996,-1072,273,-144,-14252,-3896,6508,-509,290,14,0
1838.537698984146,9368,5860,11376,-176,-205,272,8344,-9464,9416,44,150,-167,-14284,4456,5108,-1059,306,-150,-14360,-4320,6408,-429,195,6,0
1838.571177959442,9444,5912,11396,-316,-130,208,8644,-9524,9648,-94,120,-213,-14308,4384,4620,-958,224,-120,-14380,-4312,6232,-392,212,31,0
1838.6047539711,9380,5972,11400,-370,-171,105,8576,-9660,9772,-87,260,-251,-14260,4352,4908,-943,132,-114,-14348,-4264,6208,-344,184,-68,0
1838.63800907135,9240,6080,11324,-373,-177,45,8640,-9436,9772,-177,238,-274,-14248,4324,5008,-864,101,-53,-14228,-4308,6192,-279,132,-86,0
1838.6716790199284,9296,6024,11240,-443,-148,29,8440,-9420,9780,-188,299,-304,-14120,4308,4988,-761,85,-3,-14264,-4280,6332,-246,115,-40,0
1838.7052011489868,9300,5888,11096,-461,-158,56,8348,-9456,9452,-290,227,-263,-14052,4468,4692,-776,163,-51,-14004,-4020,6292,-420,168,-3,0
1838.7384190559387,9300,5628,11136,-270,-275,205,8216,-9712,9376,-99,113,-193,-13676,4360,4784,-840,215,-131,-14036,-3612,6160,-597,323,56,0
1838.775645017624,8980,5612,11232,-106,-301,352,8452,-9528,9276,95,-145,-11,-13904,4580,4460,-1222,450,-218,-14244,-3880,6388,-657,406,229,0
1838.8112480640411,9480,5676,11292,-92,-265,476,8704,-9616,9400,90,-326,-214,-14120,4684,4516,-1224,536,-204,-14756,-3640,6156,-634,306,271,0
1838.8462200164795,9856,5632,11320,-170,-153,586,8940,-9504,9404,109,-175,-40,-14660,4584,4700,-1506,571,8,-14692,-4252,6336,-483,80,186,0
1838.8818130493164,9908,6064,11372,-374,40,370,9044,-9320,9464,-76,32,-93,-14340,4028,4800,-1098,276,239,-14236,-4440,6340,-349,123,15,0
1838.917798995972,9384,5872,11076,-452,-181,188,8516,-9288,9668,-141,203,-160,-14192,4276,5024,-1128,74,-40,-14220,-4204,5928,-493,244,-58,0
1838.9529170989988,9380,5900,10808,-284,-157,131,8524,-9364,9808,-56,189,-117,-14124,4148,4972,-1029,10,-26,-14192,-4296,6244,-429,141,-76,0
1838.9886810779572,9276,5900,11148,-249,-57,37,8616,-9296,9556,-62,141,-217,-14176,4388,4764,-1015,83,-44,-14140,-4204,6288,-304,133,-103,0
1839.0243561267853,9328,5668,11308,-286,-253,-253,8440,-9544,9408,-102,107,-243,-14052,4536,4664,-935,111,-35,-14124,-3972,6404,-371,147,-114,0
1839.0601699352264,9276,5636,11344,-183,-171,93,8212,-9664,9400,24,59,-251,-14140,4592,4812,-967,122,-151,-14320,-4024,6444,-437,180,-52,0
1839.0956180095673,9220,5580,11356,-182,-127,118,8512,-9688,9304,59,92,-224,-14172,4372,4652,-977,114,-128,-14336,-4104,6368,-400,193,-68,0
1839.1311841011047,9460,5624,11508,-275,-154,129,8660,-9540,9404,-88,118,-264,-14276,4488,4636,-911,136,-160,-14380,-4060,6624,-358,209,-40,0
1839.1671159267428,9520,5672,11216,-398,-156,139,8696,-9720,9668,-133,166,-211,-14296,4360,4416,-845,139,-66,-14336,-4292,6176,-357,115,11,0
1839.2023630142212,9496,5776,11200,-509,-129,110,8620,-9268,9588,-126,183,-225,-14120,4344,4672,-989,157,-26,-14224,-4288,6204,-297,76,-3,0
1839.2374041080475,9340,5824,11152,-386,-111,112,8512,-9360,9524,-173,34,-224,-14092,4292,4612,-773,209,2,-14456,-4008,6188,-359,143,71,0
1839.2732601165771,9516,5860,11188,-437,-112,175,8648,-9288,9440,-115,19,-220,-14240,4296,4572,-923,265,54,-14296,-4012,6096,-294,69,98,0
1839.3094279766083,9516,5704,11216,-388,-97,190,8920,-9280,9352,-122,-20,-184,-14048,4348,4756,-1023,248,1,-14300,-3900,6132,-357,76,61,0
1839.3443620204923,9428,5600,11184,-289,-63,203,8580,-9400,9308,-94,251,-90,-14080,4460,4772,-1007,177,89,-14276,-3972,6332,-420,13,-12,0
1839.379730939865,9512,5584,11176,-264,91,207,8604,-9408,9680,-35,97,-74,-14092,4376,4592,-1018,176,71,-14160,-3932,6108,-462,64,-79,0
1839.415956974029,9332,5484,11256,-116,69,139,8656,-9224,9132,-69,87,-80,-14032,4512,4412,-1144,160,-227,-14152,-3692,6184,-551,131,-88,0
1839.4495959281924,9320,5408,10856,-80,141,140,8548,-9448,9064,66,79,-74,-13976,4552,4516,-1186,211,39,-14180,-3868,6380,-552,98,-94,0
1839.4831221103668,9340,5164,11052,-15,309,147,8484,-9472,9304,152,20,-46,-13928,4560,4440,-1189,235,241,-14284,-3724,6384,-543,87,-120,0
1839.516849040985,9336,5480,11528,43,220,130,8516,-9744,9364,92,128,-47,-14332,4676,4724,-1073,103,221,-14248,-3952,6708,-693,39,-194,0
1839.550554037094,9276,5640,11600,63,91,149,8456,-9780,9444,54,184,-34,-14212,4856,4640,-1089,15,6,-14540,-4120,6788,-543,58,-184,0
1839.5841379165652,9292,5884,11700,-114,207,32,8932,-9616,9556,-125,224,-115,-14472,4232,5076,-933,-13,57,-14492,-4576,6508,-381,255,-219,0
1839.6177160739896,9424,5920,11460,-275,103,-52,8676,-9300,9644,-311,350,-159,-14268,4392,4848,-765,-82,80,-14236,-4200,6204,-405,-29,-267,0
1839.6508810520172,9136,5840,11116,-236,68,-102,8344,-9348,9388,-301,377,-147,-13936,4388,4764,-742,-104,48,-14036,-4084,6464,-395,-15,-306,0
1839.684473991394,9112,5680,11016,-170,112,-97,8420,-9452,9440,-174,343,-143,-13836,4540,4696,-748,-72,-46,-14132,-4068,6216,-429,44,-299,0
1839.7180790901184,8992,5644,11124,-154,53,-97,8612,-9544,9364,-48,322,-209,-13872,4528,4676,-838,-81,-132,-14040,-3880,6156,-531,153,-334,0
1839.7518270015719,9428,5632,11276,32,-150,-65,8544,-9580,9244,252,303,-314,-14272,4540,4632,-889,-62,-494,-14240,-3912,6428,-544,193,-348,0
1839.7854080200195,9464,5620,11364,27,-145,-25,8576,-9476,9352,111,290,-251,-14240,4828,4384,-834,-107,-170,-14688,-4128,6512,-463,184,-283,0
1839.8189649581907,9704,5864,11408,-132,97,-11,8764,-9420,9792,-18,505,-165,-14460,4424,4780,-911,-30,-67,-14652,-4172,6252,-487,93,-232,0
1839.8524770736694,9584,5852,11324,-133,-2,29,8668,-9460,9436,-93,220,-162,-14052,4600,4560,-1013,11,250,-13844,-3888,6348,-595,-4,-227,0
1839.8858890533447,9188,5572,11196,52,-65,127,7980,-9564,9560,-29,178,-91,-13840,4520,4628,-958,0,25,-14252,-3900,6384,-678,-30,-163,0
1839.919553041458,9092,5728,11340,106,11,181,8436,-9592,9288,34,-244,-84,-14088,4504,4744,-1105,116,-77,-14296,-4144,6300,-644,129,-133,0
1839.9532070159912,9264,5736,11464,-17,-33,219,8500,-9676,9620,73,22,-166,-14104,4604,4636,-1067,157,-97,-14344,-4020,6528,-575,116,-144,0
1839.9868490695953,9336,5756,11292,31,-30,173,8604,-9676,9360,-254,44,-132,-14052,4500,4836,-1067,189,-58,-14280,-4100,6580,-566,-5,-154,0
1840.0202529430387,9356,5724,11756,-15,97,119,8628,-9544,9300,-69,132,-99,-14088,4540,4740,-929,-8,-17,-14220,-4284,6436,-598,25,-234,0
1840.0537409782412,9396,5756,11676,-99,-21,81,8612,-9628,9508,-6,276,-134,-14136,4428,4740,-977,-77,-109,-13960,-4344,6580,-644,77,-321,0
1840.0874190330508,9096,5812,11304,72,-117,6,8284,-9528,9564,84,279,-235,-13948,4484,4780,-978,-55,-229,-13880,-4240,6324,-589,191,-340,0
1840.1212170124054,9128,5944,11452,94,-173,-91,8688,-9480,9624,58,282,-359,-14092,4460,4756,-939,-25,-328,-13884,-4148,6348,-767,371,-287,0
1840.1543951034548,9180,5896,11448,30,-309,-23,8452,-9476,9620,100,104,-475,-14152,4408,4652,-999,140,-407,-14428,-4200,6264,-529,474,-187,0
1840.1879079341888,9508,5996,11020,8,-337,29,8640,-9260,9236,2,94,-351,-14172,4480,4792,-984,46,-179,-14532,-4220,6448,-605,201,-216,0
1840.2212829589844,9252,5688,11044,60,-46,32,8536,-9472,9436,11,116,-166,-14248,4816,4708,-973,17,-45,-14440,-4152,6344,-577,31,-220,0
1840.2550001144407,9388,5824,11244,-50,163,72,8680,-9432,9460,58,152,-51,-14308,4568,4560,-1082,-255,68,-14440,-4032,6324,-546,-40,-139,0
1840.288681983948,9528,5824,11276,-160,171,139,8580,-9348,9344,-65,156,96,-14016,4420,4816,-1092,-57,245,-14364,-4232,6396,-516,-1,-152,0
1840.3221559524532,9120,5724,11480,-110,379,144,8372,-9580,9376,-91,1,162,-14196,4876,5032,-968,-512,486,-14276,-4284,6516,-583,-261,-216,0
1840.3558061122894,8916,5752,11632,-20,323,93,8372,-9508,9652,-165,162,42,-14036,4548,4628,-998,70,7,-14220,-4152,6536,-562,-47,-144,0
1840.3889980316164,9484,5828,11364,-85,97,177,8680,-9548,9356,-127,87,-44,-14172,4572,4504,-997,128,-6,-14196,-3916,6232,-646,171,-38,0
1840.422002077103,9424,5708,11096,-10,-102,335,8692,-9552,9332,105,56,52,-14120,4392,4748,-1316,81,13,-14064,-4176,6464,-742,40,-140,0
1840.460277080536,9016,5780,11216,113,150,188,8644,-9540,9484,239,144,36,-14096,4536,4988,-1299,29,-1,-14256,-4512,6808,-606,-61,-251,0
1840.4956560134888,9004,6108,11624,-32,292,18,8448,-9532,9592,-38,227,-3,-14200,4628,5088,-1069,-38,93,-14392,-4340,6692,-561,-123,-161,0
1840.5312161445615,9288,5936,11768,-143,283,96,8488,-9656,9508,-119,304,162,-14156,4680,4832,-1027,-201,200,-14144,-4448,6800,-598,-267,-296,0
1840.566010951996,8752,5856,11400,-94,247,88,8348,-9684,9604,-254,564,124,-13792,4520,5028,-1023,-219,91,-13796,-4464,6632,-666,-199,-378,0
1840.6021239757536,8928,6020,11448,35,141,-17,8348,-9628,9496,3,424,10,-14000,4128,4976,-1046,-199,-64,-13872,-4596,6144,-689,31,-375,0
1840.6376070976255,8980,6044,11476,-18,48,-26,8224,-9472,9556,52,371,2,-14016,4428,4828,-980,-81,-36,-14136,-4288,6188,-554,7,-337,0
1840.67262005806,9088,6004,11500,-15,143,-2,8180,-9524,9572,82,366,5,-14064,4556,4748,-1016,-40,-242,-14052,-4320,6476,-614,0,-334,0
1840.7081389427183,8944,6036,11008,-5,87,35,8304,-9500,9496,71,295,-60,-13936,4568,4880,-1039,-40,-35,-14036,-4168,6480,-615,16,-335,0
1840.7437210083008,9164,6108,11252,34,9,59,8264,-9528,9712,58,252,-33,-14044,4552,4888,-1081,-40,-237,-14144,-4400,6712,-630,-77,-327,0
1840.7793841362004,8984,6056,11276,74,107,25,8372,-9604,9616,79,305,6,-13852,4564,4624,-1046,-26,5,-14084,-4428,6644,-630,-114,-339,0
1840.8144159317017,8988,6016,11508,106,128,33,8336,-9552,9344,32,309,-4,-13936,4664,4872,-1034,-60,69,-14332,-4560,6628,-602,-68,-355,0
1840.8499820232391,8940,5912,11412,26,138,72,8072,-9628,9572,17,262,8,-13908,4608,4920,-1024,-52,-29,-13952,-4440,6632,-602,-45,-509,0
1840.8853430747988,8812,5984,11352,-38,47,97,8156,-9496,9528,-59,207,-84,-13796,4400,4684,-996,53,-26,-13924,-4580,6492,-478,25,-194,0
1840.9204421043396,8808,6116,11372,-154,-47,69,8132,-9528,9552,-90,171,-230,-13932,4540,4972,-1021,127,-76,-13988,-4380,6632,-454,127,-103,0
1840.955462932587,8996,6052,11372,-247,-126,82,8188,-9616,9636,-10,161,-239,-14048,4628,4928,-1002,152,-77,-14064,-4468,6612,-419,157,-71,0
1840.9907259941099,9064,6356,11444,-288,-127,145,8616,-9608,9608,-58,123,-236,-14140,4636,5072,-988,164,-59,-14160,-4588,6868,-393,145,-68,0
1841.0271070003507,8944,6048,11548,-355,-119,97,8436,-9496,9724,-98,191,-208,-14128,4588,5164,-817,52,-28,-14188,-4560,6412,-355,54,-102,0
1841.0618770122528,8736,6212,11276,-312,-65,48,8284,-9652,9908,-131,188,-231,-14004,4368,5228,-897,22,-59,-14020,-4532,6604,-350,92,-157,0
1841.0981690883639,8756,5916,11360,-268,-109,-253,8328,-9616,9720,-131,226,-274,-13952,4548,5076,-878,33,-110,-13928,-4404,6612,-349,106,-151,0
1841.1316249370575,8896,6080,11364,-312,-98,32,8056,-9584,9620,-155,193,-250,-13796,4596,4892,-843,65,-90,-14020,-4268,6508,-345,186,-59,0
1841.1648530960083,9000,6120,11292,-332,-177,116,8240,-9468,9556,-121,144,-246,-13872,4568,4864,-817,177,-80,-13932,-4584,6596,-335,202,-9,0
1841.1984400749209,8820,6052,11188,-326,-1,104,8268,-9592,9400,-139,77,-357,-13844,4628,4656,-872,270,-183,-14144,-4348,6580,-329,322,2,0
1841.2320890426636,9192,5972,11288,-334,-243,133,8352,-9268,9532,-97,86,-369,-14024,4644,4912,-868,1,-172,-14092,-4408,6640,-321,290,250,0
1841.2653279304504,9016,5988,11460,-339,-239,154,8220,-9664,9424,-153,94,-265,-14032,4656,4860,-852,227,-168,-14052,-4352,6480,-384,209,-8,0
1841.2989361286163,9212,5936,11320,-281,-243,156,8240,-9744,9580,-8,-2,-285,-14036,4740,5132,-1052,172,-168,-14124,-4312,6660,-446,303,-26,0
1841.3324010372164,9440,5964,11280,-510,-167,173,8200,-9432,9596,29,-4,-216,-13844,4800,5096,-1073,246,-72,-14076,-4476,6676,-447,162,15,0
1841.3657610416412,8732,5980,11720,-187,-80,197,8328,-9612,9464,-88,-131,-316,-14144,4552,4732,-876,395,-221,-14012,-4272,6424,-359,193,17,0
1841.3990681171415,9068,5788,11408,-217,-318,194,8412,-9640,9556,-43,83,-377,-14292,4716,5016,-884,203,-283,-14288,-4204,6516,-341,465,-22,0
1841.4324059486387,9148,5776,11380,-312,-394,172,8228,-9648,9400,-43,189,-316,-14036,4660,4872,-993,78,-245,-14176,-4112,6460,-397,408,-63,0
1841.465672016144,9152,5936,11364,-318,-236,86,8444,-9544,9436,-37,207,-238,-13924,4708,4804,-952,69,-55,-14160,-4220,6640,-448,134,-90,0
1841.4992370605469,9056,5916,11416,-269,-131,140,8172,-9724,9544,-52,77,-197,-13936,4812,4800,-902,213,-93,-13940,-4056,6680,-459,156,253,0
1841.5328090190887,9064,5772,11676,-142,-200,275,8200,-9768,9340,-49,-30,-191,-13824,4728,4692,-1066,208,-181,-14036,-4032,6444,-539,331,70,0
1841.5661690235136,9104,5800,11280,-172,-249,336,8432,-9640,9440,47,-49,-209,-13984,4592,4720,-1147,326,-178,-14004,-4240,6628,-546,382,76,0
1841.6000289916992,9188,5740,11352,-137,-311,346,8300,-9504,9352,97,-90,-274,-14036,4556,4788,-1217,389,-176,-13836,-4144,6592,-581,338,74,0
1841.6333010196684,9024,5812,11280,-114,-321,377,8248,-9640,9448,83,-114,-222,-13936,4660,5004,-1199,365,-165,-14148,-4160,6640,-616,372,110,0
1841.666728973389,9212,5908,11552,-74,-319,376,8408,-9488,9240,74,-173,-235,-14128,4524,4812,-1222,362,-260,-14232,-4284,6580,-592,344,95,0
1841.7002520561216,9260,5968,11304,-92,-270,367,8488,-9588,9556,80,-137,-244,-14316,4412,4956,-1235,369,-248,-14208,-4472,6492,-589,361,28,0
1841.7337949275973,9336,6060,11152,-82,-1,267,8600,-9376,9576,18,-59,-312,-14180,4320,4632,-1102,320,-168,-14184,-4436,6268,-472,333,53,0
1841.7673609256744,9316,6064,11192,-132,-209,212,8628,-9292,9600,-96,-12,-283,-14276,4316,4688,-1011,246,-94,-14164,-4528,6344,-409,213,251,0
1841.8010580539703,9316,6012,11128,-166,-101,122,8524,-9380,9432,-106,137,-206,-14264,4436,4648,-988,107,-34,-14120,-4284,6480,-430,118,-134,0
1841.834475040436,9352,5840,11216,-230,-30,47,8564,-9588,9516,21,209,-172,-14084,4440,4928,-1031,-6,-96,-14008,-4376,6492,-396,151,-219,0
1841.867887020111,9064,6060,11080,-193,67,-20,8372,-9456,9576,-33,266,-188,-14004,4488,4840,-955,-16,-52,-14088,-4136,6516,-382,104,-208,0
1841.9038031101227,9216,5848,11476,-180,-19,-54,8356,-9940,9628,-83,247,-256,-14012,4352,5040,-898,31,-80,-14196,-4132,6616,-451,243,-132,0
1841.9378440380096,9044,5812,11328,-165,-155,44,8368,-9616,9380,-56,138,-272,-13912,4584,4872,-863,105,-154,-14052,-4152,6448,-435,203,-72,0
1841.9710440635683,9152,5856,11292,-138,-193,134,8376,-9540,9576,-56,69,-281,-13952,4556,4884,-918,169,-142,-14260,-4172,6452,-450,265,-43,0
1842.0044379234314,9316,5844,11516,-144,-92,154,8516,-9496,9504,-83,61,-230,-14188,4560,4924,-1007,150,-84,-14228,-4164,6604,-481,195,-60,0
1842.0380690097809,9404,6088,11412,-135,-61,120,8640,-9644,9408,-77,134,-177,-14300,4520,4820,-1011,97,-29,-14288,-4260,6524,-489,122,-84,0
1842.0716681480408,9036,5780,11304,-159,-20,109,8492,-9600,9436,-83,138,-144,-14176,4568,4636,-968,89,16,-14264,-4216,6312,-487,71,-50,0
1842.1047630310056,9156,5848,11320,-126,42,106,8472,-9664,9680,-74,128,-137,-14308,4584,4780,-954,72,14,-14184,-4116,6472,-480,65,-108,0
1842.1423380374908,8996,5788,11184,-159,-6,94,8504,-9636,9336,-54,150,-140,-14104,4516,4692,-998,75,-61,-14268,-4104,6172,-444,100,-133,0
1842.1786429882052,9280,5704,11244,-136,-252,46,8228,-9496,9264,-36,156,-175,-14328,4568,4700,-988,51,-71,-14176,-4152,6484,-475,117,-180,0
1842.213709115982,9176,5816,11308,-109,-4,71,8412,-9500,9348,-38,195,-169,-14104,4460,4668,-1002,28,-72,-14180,-4300,6512,-495,124,-169,0
1842.249300003052,9224,5908,11304,-127,-40,76,8696,-9312,9248,-25,187,-154,-13980,4520,5096,-993,17,-68,-14272,-4280,6588,-485,115,-158,0
1842.284290075302,9116,5644,11176,-106,-50,81,8208,-9572,9252,-53,204,-165,-14068,4536,4728,-986,45,-95,-14244,-4300,6416,-475,152,-187,0
1842.3196210861204,9236,5952,11332,-116,-53,74,8532,-9224,9652,-45,186,-161,-14108,4492,4804,-975,41,-41,-14204,-4284,6580,-506,121,-151,0
1842.3546481132507,9188,5952,11344,-126,-9,60,8324,-9600,9608,-46,164,-158,-14012,4580,4892,-991,61,-76,-14160,-4352,6576,-471,86,-135,0
1842.3902449607847,9064,5984,11388,-126,-256,86,8400,-9540,9536,-44,147,-150,-14036,4596,4868,-1002,97,-24,-14120,-4268,6416,-477,98,-125,0
1842.4253020286565,9104,6140,11612,-134,-64,132,8380,-9300,9220,-74,120,-169,-14056,4536,4776,-987,114,-52,-14160,-4264,6412,-480,83,-103,0
1842.4613051414492,8996,5904,11124,-95,-77,117,8244,-9588,9636,-67,120,-158,-14088,4536,4816,-993,113,-26,-14216,-4192,6432,-501,107,-127,0
1842.4977331161497,8996,6140,11372,-114,-48,112,8488,-9624,9592,-49,112,-168,-14080,4528,4952,-1017,103,-59,-14188,-4296,6480,-496,127,-119,0
1842.5331671237948,9224,5692,11456,-125,-34,123,8692,-9576,9676,-49,102,-161,-14264,4412,4792,-1046,119,-70,-13912,-4596,6408,-767,123,-128,0
1842.5691339969635,9204,5824,11432,-142,-29,122,8452,-9580,9528,-29,143,-163,-14080,4500,4728,-780,106,-48,-14120,-4332,6484,-502,111,-148,0
1842.6043419837952,9204,5792,11372,-148,-54,100,8460,-9568,9404,-20,118,-193,-14048,4472,4908,-771,95,-65,-14260,-4216,6568,-496,146,-120,0
1842.6402349472044,9116,6132,11300,-131,-52,103,8428,-9584,9340,-41,115,-184,-13972,4576,4692,-1057,130,-72,-14132,-4268,6548,-493,152,-159,0
1842.6751520633695,9092,5908,11244,-126,-62,85,8444,-9532,9284,-27,164,-194,-14052,4448,4788,-1061,131,-62,-14244,-4316,6492,-484,137,-108,0
1842.7106280326843,9144,5880,11440,-188,-64,129,8360,-9636,9456,-29,100,-203,-14056,4544,4836,-1047,186,-59,-14140,-4276,6376,-480,164,-81,0
1842.745527982712,9140,6020,11328,-199,-83,132,8400,-9604,9320,-45,104,-213,-14164,4488,4928,-977,137,-110,-14288,-4200,6472,-489,130,-98,0
1842.7818379402163,9216,5888,11388,-209,-85,106,8404,-9660,9688,27,186,-146,-14080,4664,4748,-1027,7,-78,-14192,-4236,6524,-473,156,-136,0
1842.8155560493467,9272,6008,11332,-237,-47,135,8412,-9560,9576,42,177,-183,-14032,4448,4912,-1051,120,-43,-13840,-4576,6408,-497,93,-110,0
1842.849195957184,9144,5948,11440,-163,-136,103,8444,-9580,9648,-78,87,-210,-14044,4500,4828,-989,143,-120,-14032,-4284,6436,-521,180,-111,0
1842.8823690414429,9184,5836,11420,-169,-195,147,8208,-9700,9456,-17,105,-246,-14048,4520,4800,-1027,125,-135,-14128,-4396,6444,-502,249,-81,0
1842.9158511161804,9192,5816,11376,-197,-170,140,8564,-9508,9376,27,147,-233,-14088,4476,4808,-1041,95,-82,-14120,-4276,6556,-468,198,-125,0
1842.9491510391235,9144,5928,11392,-188,-88,122,8436,-9708,9424,-11,128,-191,-14096,4528,4876,-987,118,-80,-14184,-4320,6540,-441,146,-105,0
1842.9825160503387,9212,5992,11372,-237,-124,118,8208,-9516,9572,-51,109,-212,-14156,4488,4916,-962,135,-104,-14184,-4312,6428,-471,141,-91,0
1843.0162310600283,9168,5912,11304,-231,-135,148,8236,-9608,9252,-49,156,-206,-14320,4528,4904,-972,137,-119,-14244,-4184,6444,-458,207,-68,0
1843.0499970912933,9164,5780,11140,-210,-170,165,8448,-9540,9488,-250,161,-203,-14076,4440,5112,-1000,145,-134,-14104,-4216,6508,-499,232,-67,0
1843.0835261344907,9112,5940,11284,-202,-180,150,8320,-9468,9452,-3,98,-230,-14016,4496,4796,-1007,167,-152,-14116,-4256,6392,-478,213,-78,0
1843.117100954056,9176,5792,11180,-199,-176,156,8460,-9532,9416,1,100,-217,-14096,4600,4860,-1016,156,-140,-14220,-4216,6476,-484,211,-81,0
1843.1504230499268,8960,5860,11076,-227,-181,167,8528,-9500,9600,6,119,-234,-14084,4572,4840,-1019,154,-152,-14192,-4164,6476,-479,220,-92,0
1843.184049129486,9360,5812,11364,-195,-137,156,8564,-9596,9416,27,123,-204,-14044,4436,4776,-1022,141,-168,-14200,-4224,6476,-477,198,-100,0
1843.2176499366765,9240,5952,11332,-185,-186,150,8432,-9468,9496,-21,117,-218,-14292,4440,4976,-1012,116,-79,-14228,-4272,6460,-495,191,-87,0
1843.2511241436005,9212,5900,11312,-188,-165,155,8488,-9224,9452,-11,127,-204,-14024,4464,5104,-1017,146,-80,-14148,-4272,6436,-443,187,-70,0
1843.2845480442047,9244,5908,11388,-216,-201,135,8452,-9548,9620,-22,116,-241,-14036,4508,4812,-1001,166,-119,-14156,-4148,6504,-469,207,-67,0
1843.31809091568,9344,5860,11336,-224,-208,138,8436,-9552,9520,-8,112,-238,-14140,4496,4748,-1009,104,-130,-14268,-4276,6612,-496,215,-87,0
1843.3517961502075,9160,5788,11264,-193,-174,129,8496,-9656,9364,255,143,-231,-14136,4532,4744,-1045,123,-111,-14292,-4340,6548,-504,198,-76,0
1843.385118961334,9324,5828,11344,-165,-133,125,8696,-9452,9592,13,132,-219,-14068,4536,4828,-1032,141,-98,-14096,-4216,6412,-484,191,-94,0
1843.4186780452728,9208,5880,11384,-198,-159,122,8436,-9668,9336,-16,126,-222,-13988,4468,5000,-1036,128,-83,-14180,-4196,6428,-463,185,-100,0
1843.4521670341492,9332,5984,11248,-155,-138,143,8512,-9444,9460,-32,98,-203,-13856,4512,4852,-999,125,-125,-14216,-4204,6348,-508,141,-83,0
1843.4855170249937,9340,5752,11420,-156,-112,140,8444,-9476,9448,-13,119,-172,-14128,4456,4768,-1050,88,-102,-14180,-4208,6368,-520,172,-104,0
1843.5192310810087,9448,5640,11320,-157,-100,130,8240,-9452,9492,0,129,-167,-14076,4448,4760,-1053,85,-57,-14108,-4228,6352,-490,111,-119,0
1843.552521944046,9284,5852,11272,-134,-39,87,8488,-9516,9264,-74,154,-166,-14164,4396,4796,-983,84,-34,-14192,-4204,6616,-488,112,-126,0
1843.586228132248,9240,5756,11124,-194,-37,81,8524,-9516,9696,-22,169,-166,-14072,4500,4692,-993,59,-32,-14148,-4120,6640,-464,130,-128,0
1843.6199569702148,9332,5692,11136,-203,14,82,8552,-9444,9332,-11,134,-172,-13852,4416,4788,-1006,74,-25,-14240,-4336,6540,-464,78,-140,0
1843.65336894989,9256,5804,11128,-146,28,87,8488,-9600,9220,-31,152,-130,-13900,4432,4716,-1014,92,4,-14208,-4312,6432,-477,53,-134,0
1843.6869430541992,9236,5896,11292,-144,14,81,8220,-9572,9580,-67,143,-142,-14188,4552,4764,-989,50,233,-14156,-4240,6468,-494,89,-149,0
1843.7202870845795,9452,5800,11372,-135,-27,106,8224,-9536,9724,-70,144,-134,-14052,4508,4780,-969,73,9,-14124,-4232,6344,-526,111,-136,0
1843.7538981437683,9260,5860,11296,-129,-3,102,8544,-9276,9408,-53,166,-165,-13840,4384,4816,-1004,94,-41,-14176,-4164,6428,-473,115,-149,0
1843.7896931171415,9152,5824,11388,-153,-250,97,8396,-9572,9532,-57,123,-155,-13840,4536,4856,-981,96,-26,-14192,-4184,6652,-482,72,-133,0
1843.825536966324,9412,5868,11304,-122,-11,92,8492,-9528,9460,-53,140,-172,-14024,4600,4740,-1011,90,-24,-14164,-4248,6392,-490,107,-139,0
1843.8612730503085,9188,5836,11276,-147,-9,84,8508,-9604,9556,-59,131,-163,-14092,4536,4612,-1009,91,5,-14152,-4228,6652,-503,95,-126,0
1843.8971500396729,9236,5868,11508,-125,-10,107,8404,-9596,9536,-16,159,-139,-13872,4416,5004,-1013,95,-2,-14140,-4236,6452,-488,108,-145,0
1843.9324021339417,9148,5872,11292,-80,-15,81,8688,-9512,9532,-34,115,-165,-14060,4468,4604,-1028,85,-22,-14176,-4176,6176,-494,123,-129,0
1843.9682080745695,9136,5868,11200,-126,20,68,8192,-9488,9464,-58,131,-195,-14100,4388,4728,-996,69,-31,-14064,-4296,6520,-505,142,-152,0
1844.003221035004,9212,5856,11300,-113,-29,75,8480,-9516,9336,-42,167,-167,-14064,4584,4940,-993,87,-73,-14308,-4240,6520,-496,120,-171,0
1844.0392990112305,9192,5852,11344,-110,-41,79,8644,-9552,9632,-16,154,-148,-14056,4572,5004,-795,27,-26,-14140,-4328,6652,-499,136,-175,0
1844.0741629600525,9192,5848,11376,-120,-42,71,8548,-9500,9508,-39,147,-166,-14116,4540,4952,-773,77,-85,-14028,-4204,6604,-500,115,-182,0
1844.1090569496155,9264,5852,11240,-127,-68,79,8320,-9584,9568,-13,141,-175,-13912,4464,4884,-1016,76,-30,-14232,-4336,6428,-475,118,-139,0
1844.1454100608828,9440,5888,11356,-125,-48,97,8264,-9520,9472,-62,143,-166,-14044,4540,4932,-1005,83,-76,-14196,-4136,6144,-508,114,-167,0
1844.1805870532987,9300,5784,11340,-98,-50,86,8464,-9616,9348,-30,151,-173,-13932,4552,4716,-1030,33,-37,-14096,-4332,6584,-520,137,-159,0
1844.215640068054,9152,5892,11320,-103,-36,117,8384,-9508,9308,16,180,-163,-14040,4428,4852,-1039,92,-64,-14084,-4356,6244,-514,113,-135,0
1844.2509839534764,9200,5932,11444,-109,-53,100,8416,-9584,9568,-81,144,-164,-13996,4524,4972,-1013,51,-24,-14160,-4220,6388,-508,147,-143,0
1844.2871320247652,9288,5664,11300,-157,-50,93,8376,-9644,9576,12,123,-161,-13908,4580,4820,-1035,93,-53,-14260,-4172,6384,-465,121,-152,0
1844.3223540782928,9100,5884,11044,-125,-23,101,8456,-9504,9468,252,119,-167,-14056,4420,4656,-771,85,-28,-14180,-4516,6488,-498,149,-143,0
1844.3581550121307,9164,5872,11428,-111,-64,107,8368,-9564,9420,-30,129,-183,-14268,4476,5108,-999,76,-37,-14220,-4228,6616,-486,80,-122,0
1844.3932909965515,9180,5632,11504,-145,-37,110,8528,-9512,9440,-61,116,-141,-14092,4560,4820,-998,97,-75,-14216,-4204,6556,-480,116,-119,0
1844.4310400485992,9132,5928,11340,-141,-23,75,8648,-9560,9528,-43,152,-168,-14052,4584,4696,-997,82,-54,-14164,-4284,6432,-768,155,-127,0
1844.4643959999084,9044,5840,11236,-150,-74,99,8432,-9544,9524,-256,129,-176,-14028,4464,4828,-1009,73,-65,-13860,-4232,6596,-520,176,-141,0
1844.4977319240572,9116,6012,11424,-121,-73,112,8400,-9660,9452,-32,113,-172,-14064,4480,4732,-995,112,-103,-14112,-4264,6540,-523,168,-120,0
1844.5313460826874,9188,5904,11440,-156,-71,114,8220,-9556,9536,-28,125,-172,-14060,4548,4932,-993,102,-94,-14188,-4312,6484,-504,136,-121,0
1844.5648679733276,9328,5956,11376,-173,-20,111,8604,-9616,9568,-25,167,-177,-14096,4632,4760,-1015,110,-56,-14260,-4260,6444,-503,143,-106,0
1844.5984210968015,9088,5956,11360,-138,-71,128,8464,-9532,9608,-43,127,-178,-14104,4544,5068,-995,97,-31,-14152,-4240,6352,-487,142,-150,0
1844.632053136825,9100,5900,11456,-141,-65,120,8508,-9520,9416,-46,129,-178,-14008,4480,5036,-1009,92,-68,-14128,-4332,6512,-490,141,-139,0
1844.665272951126,9124,5936,11184,-139,-49,105,8440,-9624,9508,-61,113,-187,-13928,4368,4640,-1009,113,-89,-14228,-4340,6552,-477,136,-141,0
1844.6988010406494,9264,5916,11324,-163,-35,101,8496,-9584,9332,-8,151,-189,-14136,4544,4692,-976,116,-80,-14176,-4232,6436,-454,136,-119,0
1844.7323410511017,9172,5936,11316,-198,-81,118,8464,-9624,9656,-5,155,-182,-14156,4576,4764,-994,106,-59,-14112,-4320,6652,-484,171,-97,0
1844.7657680511475,9120,5884,11504,-212,-120,115,8444,-9576,9508,-25,154,-190,-14044,4504,4872,-985,94,-86,-14192,-4316,6516,-485,200,-87,0
1844.7993240356443,8976,5916,11472,-199,-108,145,8340,-9628,9548,-3,81,-190,-13832,4528,4796,-770,97,-116,-14156,-4236,6628,-490,155,-83,0
1844.8326439857483,9164,5992,11420,-162,-138,169,8456,-9576,9552,-10,115,-220,-14284,4464,4732,-1009,80,-99,-14140,-4280,6388,-498,185,-87,0
1844.8659920692444,9100,5884,11396,-185,-144,155,8536,-9540,9404,-1,145,-223,-13940,4464,4848,-993,101,-73,-13980,-4284,6660,-523,198,-126,0
1844.8994450569153,9160,5852,11356,-234,-139,119,8400,-9564,9396,-34,131,-215,-14060,4552,4912,-989,120,-104,-14244,-4228,6556,-473,178,-82,0
1844.9330580234528,9228,5928,11376,-228,-77,155,8236,-9240,9384,-65,132,-161,-14092,4540,4820,-953,128,-95,-14236,-4152,6308,-496,197,-58,0
1844.96662402153,9188,5660,11324,-237,-121,148,8544,-9628,9488,-15,140,-204,-14088,4604,4832,-1030,118,-132,-14216,-4268,6232,-475,193,-81,0
1845.0002119541168,9200,5996,11500,-242,-101,133,8504,-9488,9444,-3,117,-192,-14048,4496,4992,-1020,137,-89,-14224,-4288,6484,-492,162,-84,0
1845.03360414505,9212,5896,11372,-224,-100,146,8508,-9496,9304,-42,122,-215,-14064,4572,4832,-970,120,-87,-14300,-4288,6480,-474,237,-88,0
1845.0670061111452,9360,5928,11328,-262,-155,145,8384,-9528,9444,-15,123,-228,-14052,4616,4772,-991,131,-128,-14100,-4124,6580,-456,199,-80,0
1845.1005330085754,9188,5660,11316,-201,-140,152,8464,-9436,9384,9,120,-192,-14116,4456,4884,-1017,119,-132,-14204,-4196,6400,-483,169,-103,0
1845.1340329647064,9276,5800,11332,-197,-124,157,8520,-9608,9560,-20,137,-184,-14004,4492,4896,-1004,103,-104,-14084,-4232,6640,-468,125,-109,0
1845.1676120758057,8980,5920,11484,-223,-111,134,8376,-9688,9628,-26,155,-185,-14140,4508,4868,-1034,122,-50,-14148,-4296,6424,-465,141,-86,0
1845.2011680603027,9108,5804,11384,-205,-103,164,8460,-9564,9444,-11,141,-169,-13836,4472,4760,-1017,145,-70,-14216,-4280,6504,-491,163,-77,0
1845.234581947327,9088,5844,11468,-222,-124,148,8480,-9492,9452,-21,75,-216,-13968,4508,4848,-1008,138,-118,-14024,-4216,6268,-489,217,-80,0
1845.2680580616,9076,5792,11388,-180,-150,150,8620,-9584,9584,-20,123,-225,-13980,4476,4688,-1013,130,-148,-14096,-4248,6524,-505,220,-62,0
1845.3016390800476,9176,5936,11048,-205,-198,163,8492,-9676,9432,2,103,-225,-14136,4580,4840,-1016,149,-128,-14140,-4264,6620,-476,197,-66,0
1845.335359096527,9236,5816,11284,-180,-155,145,8476,-9580,9388,-256,97,-225,-14036,4468,4976,-1009,168,-99,-14172,-4292,6504,-487,184,-77,0
1845.3686549663544,9332,5876,11428,-192,-174,119,8536,-9548,9516,-255,137,-224,-14232,4440,4852,-1012,119,-141,-14176,-4116,6432,-497,207,-93,0
1845.4018559455872,9340,5660,11292,-190,-171,126,8688,-9264,9572,-34,136,-213,-14124,4436,4512,-994,131,-131,-14088,-4284,6400,-494,170,-81,0
1845.4355249404907,9284,5816,11296,-189,-152,142,8380,-9448,9572,-50,105,-222,-14064,4480,4676,-992,120,-92,-13848,-4156,6424,-471,160,-83,0
1845.4717791080475,9456,5852,11404,-168,-85,115,8520,-9500,9440,-60,111,-196,-14180,4596,5112,-1016,75,-78,-14244,-4172,6372,-766,176,-125,0
1845.5076849460604,9220,5872,11508,-193,-120,111,8404,-9368,9672,20,118,-182,-14312,4588,4796,-1033,115,-81,-14060,-4328,6396,-464,106,-127,0
1845.5427210330963,9012,5896,11452,-111,-10,112,8440,-9432,9468,-90,127,-202,-14100,4140,4640,-1011,117,-54,-14124,-4204,6332,-505,135,-124,0
1845.5786271095276,9200,5776,11300,-117,-91,88,8548,-9560,9540,3,173,-174,-14092,4548,4740,-1027,103,-87,-14192,-4196,6368,-494,174,-152,0
1845.6136739254,9284,5824,11180,-227,-37,107,8476,-9504,9500,-11,195,-130,-14032,4492,4732,-1015,91,-14,-14144,-4268,6340,-498,127,-145,0
1845.6488361358645,9256,5984,11364,-135,49,90,8364,-9504,9576,-21,130,-148,-14088,4536,4800,-1046,106,-244,-14120,-4324,6468,-450,93,-123,0
1845.683810949325,9188,5860,11424,-93,255,119,8404,-9540,9468,-54,98,-138,-13912,4404,4868,-1277,107,-24,-14192,-4312,6580,-520,70,-106,0
1845.7197360992432,9296,5676,11220,-121,252,106,8428,-9564,9432,-94,135,-148,-14032,4444,4704,-995,91,243,-14036,-4292,6420,-565,119,-137,0
1845.7550349235535,9268,5716,11320,-100,-23,81,8336,-9472,9504,-90,143,-164,-13872,4472,4812,-1001,113,-2,-14152,-4232,6412,-489,99,-123,0
1845.7912509441371,9112,5800,11124,-98,-43,81,8408,-9636,9520,-80,136,-187,-13828,4500,4700,-981,90,-96,-14208,-4224,6496,-498,118,-128,0
1845.8262369632723,9184,5784,11196,-151,-36,94,8204,-9612,9624,-37,123,-169,-14056,4652,4788,-999,144,-60,-14200,-4200,6556,-490,136,-109,0
1845.8621990680695,9188,5768,11324,-123,-45,89,8360,-9560,9456,-43,124,-153,-14048,4644,4876,-771,101,-40,-14252,-4312,6528,-485,125,-135,0
1845.8980479240415,9208,5668,11440,-120,-57,101,8272,-9504,9708,-11,149,-167,-14196,4468,4656,-1011,67,-75,-14140,-4268,6652,-516,137,-160,0
1845.9339921474457,9264,5880,11048,-125,-57,108,8480,-9560,9692,-26,154,-174,-14072,4632,4916,-1269,53,-69,-14100,-4276,6416,-545,119,-154,0
1845.969267129898,9160,5888,11328,-99,-65,103,8496,-9580,9320,-70,159,-163,-13992,4472,5056,-1003,68,-89,-14196,-4292,6528,-483,134,-201,0
1846.0047969818115,9232,5908,11144,-115,-61,90,8444,-9472,9512,-18,155,-154,-14316,4528,4836,-770,82,-54,-14140,-4308,6460,-483,95,-155,0
1846.0402750968933,9232,5840,11372,-116,-44,91,8464,-9452,9516,-28,139,-156,-14100,4524,4768,-1002,81,-62,-14192,-4188,6552,-758,121,-170,0
1846.0753481388092,9448,6124,11380,-112,-74,90,8560,-9484,9428,-25,142,-188,-14064,4472,4936,-1277,98,-18,-14136,-4244,6428,-493,127,-114,0
1846.1123340129852,9368,5904,11316,-134,-53,95,8504,-9488,9704,-44,144,-175,-13992,4604,4776,-1008,105,-70,-14092,-4240,6544,-487,155,-141,0
1846.1456770896912,9136,5824,11232,-134,-77,89,8388,-9632,9536,-48,161,-174,-14012,4500,4896,-1004,96,-62,-14156,-4240,6404,-766,125,-131,0
1846.1789400577543,9152,5856,11180,-130,-36,100,8692,-9540,9536,-31,131,-178,-14024,4480,4844,-1006,84,-29,-14136,-4276,6500,-512,158,-133,0
1846.2124769687653,9104,5916,11232,-94,-45,101,8532,-9488,9504,-48,152,-183,-14256,4392,4848,-1012,86,-78,-14168,-4316,6496,-518,107,-116,0
1846.246021986008,9176,5868,11416,-116,-71,107,8484,-9528,9544,-10,132,-181,-14060,4568,4796,-1011,92,-80,-14200,-4304,6408,-497,146,-138,0
1846.279578924179,9132,6136,11308,-109,-45,78,8480,-9484,9544,-45,140,-190,-13992,4524,4932,-1013,121,-58,-14124,-4132,6368,-508,138,-137,0
1846.3130230903628,9208,5652,11176,-139,-53,99,8496,-9624,9400,-35,130,-195,-14012,4456,4852,-1015,76,-85,-14184,-4336,6448,-519,156,-121,0
1846.3467550277708,9392,6120,11392,-130,-90,121,8408,-9312,9432,-19,128,-194,-14132,4556,4672,-1022,107,-48,-14160,-4272,6516,-502,148,-134,0
1846.37992811203,9188,5704,11348,-123,-55,97,8340,-9476,9396,21,158,-189,-13828,4444,4936,-997,80,-89,-14208,-4312,6488,-519,144,-136,0
1846.413388967514,9060,5904,11364,-142,-56,101,8448,-9520,9468,-29,134,-184,-14028,4520,4860,-998,96,-94,-14204,-4108,6404,-471,134,-135,0
1846.4471991062164,9168,5844,11264,-182,-65,79,8484,-9448,9620,-56,162,-193,-14104,4552,4904,-979,93,-51,-14220,-4316,6476,-478,124,-110,0
1846.4805610179899,9116,5832,11076,-156,-84,55,8512,-9572,9248,-81,159,-146,-14148,4724,4876,-990,39,-58,-14156,-4248,6480,-497,137,-126,0
1846.5137040615084,9188,6088,11328,-174,-57,109,8536,-9568,9392,-22,152,-132,-13996,4504,5116,-1019,62,-48,-14308,-4424,6588,-486,122,-120,0
1846.5473351478577,9320,5956,11032,-130,-20,115,8476,-9336,9544,-33,123,-144,-14036,4468,4944,-1016,113,-62,-14172,-4376,6516,-500,99,-155,0
1846.5805089473724,9200,5836,11440,-145,-79,103,8480,-9520,9496,-39,140,-159,-14056,4472,4744,-1013,112,-88,-14148,-4312,6636,-487,175,-117,0
1846.6142470836644,9168,5864,11408,-188,-27,112,8528,-9628,9412,3,90,-172,-14080,4484,4824,-1054,50,-61,-13836,-4248,6424,-471,160,-103,0
1846.6476969718933,9124,5660,11324,-165,-7,95,8480,-9236,9416,12,141,-153,-14076,4356,4856,-1008,123,-54,-14200,-4336,6596,-493,114,-111,0
1846.6811289787292,8980,5732,11468,-200,-54,126,8552,-9564,9268,-32,159,-172,-14160,4528,5100,-995,89,-57,-14116,-4104,6408,-459,131,-101,0
1846.7143700122833,9076,5920,11352,-245,-87,114,8356,-9600,9496,-50,141,-193,-14056,4536,4816,-966,104,-103,-14088,-4212,6500,-482,157,-76,0
1846.7479500770569,9164,5668,11492,-198,-109,142,8668,-9576,9624,-18,133,-184,-13996,4592,4732,-1015,128,-60,-14100,-4220,6592,-502,196,-101,0
1846.7815151214604,9080,5648,11452,-203,-164,118,8296,-9544,9516,10,129,-212,-14320,4460,4724,-996,131,-95,-13896,-4132,6540,-492,203,-57,0
1846.815144062042,9128,5764,11312,-223,-136,135,8456,-9664,9464,-60,117,-231,-14000,4636,4812,-982,122,-143,-14156,-4268,6484,-477,223,-73,0
1846.8486621379852,9140,5844,11756,-233,-154,160,8472,-9576,9508,-1,135,-212,-14020,4620,4824,-984,142,-128,-14200,-4352,6500,-469,187,-86,0
1846.88179397583,9168,5652,11348,-226,-111,158,8444,-9580,9468,-25,144,-201,-13892,4764,4724,-1002,119,-95,-14232,-4568,6608,-502,172,-58,0
1846.9199531078336,9132,5652,11092,-250,-137,151,8420,-9540,9464,15,117,-208,-14008,4540,4776,-981,127,-81,-14200,-4300,6468,-488,205,-100,0
1846.9539010524747,9036,6020,11316,-220,-189,174,8392,-9516,9608,-36,126,-204,-13992,4504,4888,-1001,148,-116,-14228,-4236,6532,-482,170,-67,0
1846.9873809814453,9228,5652,11364,-210,-157,149,8516,-9524,9724,-51,148,-231,-13848,4480,4928,-965,138,-132,-14200,-4264,6392,-454,200,-79,0
1847.0207741260529,9032,5684,11144,-227,-189,135,8504,-9492,9584,-18,142,-210,-14152,4468,4844,-963,126,-116,-14128,-4276,6300,-461,202,-70,0
1847.0543229579923,8996,5832,11356,-250,-173,139,8428,-9488,9524,-24,127,-227,-14184,4536,4840,-990,139,-98,-14164,-4180,6444,-483,195,-67,0
1847.0876989364624,9416,5836,11348,-216,-150,128,8428,-9708,9612,2,107,-217,-14140,4456,4648,-1007,128,-103,-14276,-4268,6532,-481,172,-102,0
1847.1210970878603,9332,5796,11068,-210,-155,180,8452,-9540,9396,-8,133,-197,-14092,4528,4832,-1021,150,-121,-14188,-4252,6504,-497,168,-90,0
1847.1576831340788,9404,5824,11332,-179,-158,141,8504,-9532,9488,-256,121,-193,-14020,4512,4804,-993,127,-123,-14236,-4320,6524,-460,170,-75,0
1847.1926929950714,9004,6132,11188,-205,-135,172,8360,-9492,9504,-69,108,-193,-14004,4436,4616,-992,149,-85,-14080,-4144,6324,-484,151,-67,0
1847.2279369831083,9276,5844,11432,-184,-126,136,8440,-9500,9488,-53,138,-158,-14084,4500,4688,-1040,134,-93,-14232,-4164,6552,-497,161,-89,0
1847.263713121414,9240,5728,11436,-215,-146,141,8456,-9492,9612,30,126,-173,-13848,4528,4700,-773,130,-83,-14220,-4200,6444,-457,147,-104,0
1847.3001370429993,9284,6060,11292,-155,-111,142,8532,-9472,9512,-42,110,-197,-14324,4444,4920,-1006,113,-93,-14160,-4224,6416,-497,167,-107,0
1847.33536195755,9244,5840,11488,-200,-158,130,8208,-9600,9488,-9,130,-225,-13844,4484,4720,-998,101,-146,-14208,-4164,6576,-476,225,-96,0
1847.3708019256592,9244,5884,11068,-196,-136,147,8536,-9268,9664,17,113,-197,-14076,4472,4728,-1034,106,-61,-14240,-4128,6564,-455,135,-108,0
1847.4061820507052,9252,5836,11132,-173,-104,125,8508,-9728,9620,-31,130,-156,-14052,4508,5088,-1021,119,-33,-14248,-4228,6468,-465,93,-110,0
1847.4418251514435,9432,6136,11296,-165,-86,115,8540,-9544,9440,-67,145,-175,-14088,4588,4756,-993,74,-71,-14116,-4260,6492,-470,65,-123,0
1847.4776301383972,9436,5736,11272,-134,-46,90,8532,-9520,9480,-60,118,-155,-14124,4484,4828,-1022,87,-54,-14168,-4152,6316,-532,127,-129,0
1847.512794971466,9312,5648,11132,-142,-57,114,8492,-9584,9428,-16,141,-181,-14016,4424,4868,-1008,116,-90,-14116,-4108,6428,-485,146,-100,0
1847.5482630729675,9244,5872,11012,-166,-35,116,8516,-9460,9388,-22,124,-174,-13996,4520,5056,-1275,112,-74,-14240,-4200,6464,-487,152,-105,0
1847.5839369297028,9468,5744,11088,-170,-45,114,8556,-9512,9416,-28,134,-186,-14084,4520,4784,-1007,102,-79,-14220,-4284,6432,-509,100,-124,0
1847.6199431419373,9256,5808,11044,-139,-26,104,8460,-9580,9244,-41,162,-170,-14176,4564,4752,-982,84,-98,-14172,-4248,6404,-489,123,-170,0
1847.655620098114,9284,5880,11200,-116,-50,101,8496,-9508,9688,-33,138,-150,-14064,4500,4704,-1035,98,-39,-14160,-4216,6632,-502,104,-138,0
1847.6917049884796,9204,5784,11460,-125,2,104,8532,-9596,9472,-62,148,-139,-14008,4456,4908,-1264,83,-55,-14184,-4180,6528,-519,76,-141,0
1847.7276101112363,9252,5832,11332,-117,4,81,8476,-9524,9536,-79,149,-143,-14028,4440,4768,-998,54,-31,-14228,-4228,6596,-484,83,-140,0
1847.7624530792236,9188,5940,11260,-143,-17,96,8480,-9492,9576,-63,142,-138,-14100,4480,4820,-974,80,-42,-14128,-4260,6480,-478,111,-135,0
1847.799751996994,9236,5820,11444,-135,-24,101,8692,-9516,9592,-44,149,-153,-13848,4580,4704,-1007,116,-74,-14196,-4328,6584,-766,148,-140,0
1847.8333990573883,9184,5824,11260,-111,-64,101,8452,-9524,9360,-23,113,-160,-14092,4520,4912,-1004,108,-39,-14100,-4264,6376,-522,145,-132,0
1847.867151975632,9164,5884,11296,-110,-59,94,8452,-9464,9304,-35,134,-182,-14068,4520,4884,-1020,111,-51,-14096,-4272,6620,-474,145,-127,0
1847.900448083877,9432,5768,11368,-118,-70,111,8496,-9440,9376,-50,149,-192,-14052,4476,4804,-996,117,-64,-14216,-4256,6412,-500,125,-135,0
1847.9341409206393,9260,5840,11248,-95,-46,106,8440,-9488,9460,-36,131,-164,-14112,4584,4756,-1028,62,-75,-14252,-4224,6556,-539,105,-159,0
1847.9677040576935,9244,5824,11328,-128,-51,74,8576,-9656,9252,-37,173,-146,-14108,4512,4872,-1033,43,-78,-14176,-4256,6508,-483,106,-163,0
1848.0012619495392,9188,5800,11184,-102,8,82,8468,-9468,9472,-22,151,-136,-14100,4440,5072,-1043,72,248,-14116,-4244,6248,-504,95,-134,0
1848.0357830524445,9284,5832,11536,-73,-43,45,8472,-9488,9436,-69,175,-162,-13828,4596,4632,-1005,48,-121,-14152,-4228,6240,-506,162,-141,0
1848.0691270828247,9300,5884,11412,-173,-33,88,8412,-9524,9612,-20,140,-180,-14032,4528,4816,-1017,81,-105,-14116,-4276,6552,-477,129,-156,0
1848.1036369800568,9112,5960,11368,-118,-39,106,8440,-9512,9488,-24,154,-167,-14092,4428,4896,-1280,66,-68,-14084,-4280,6452,-482,155,-165,0
1848.137046098709,9104,5836,11308,-112,-32,118,8480,-9496,9388,-49,152,-168,-14124,4548,4900,-981,99,-53,-14184,-4304,6496,-491,115,-143,0
1848.1703391075134,9216,5856,11368,-137,-27,93,8432,-9572,9484,-55,150,-166,-14176,4480,4668,-991,97,-75,-14168,-4320,6560,-506,125,-145,0
1848.2037611007693,9032,5920,11348,-126,-65,86,8456,-9648,9256,-50,148,-146,-14036,4436,4928,-1011,116,-76,-14308,-4580,6440,-522,134,-122,0
1848.2373909950252,9212,5844,11228,-128,-35,103,8448,-9620,9632,-16,132,-165,-14064,4548,4852,-1012,89,-111,-14320,-4204,6624,-490,153,-114,0
1848.2709510326388,9196,5728,11144,-115,-43,136,8496,-9600,9508,-30,101,-187,-14012,4464,4756,-1039,133,-52,-14324,-4248,6500,-510,165,-134,0
1848.3044791221616,9236,5916,11332,-125,-76,92,8352,-9472,9560,-23,129,-187,-14136,4520,4920,-997,82,-30,-14188,-4340,6512,-502,153,-122,0
1848.3382229804993,9164,5888,11312,-140,-46,108,8492,-9692,9700,-59,115,-166,-14124,4560,4704,-1005,117,-36,-14100,-4132,6488,-484,151,-141,0
1848.3717999458313,9456,6088,11292,-115,-46,110,8396,-9492,9632,-19,121,-180,-13852,4552,4884,-1016,73,-91,-14132,-4128,6492,-491,166,-141,0
1848.4054341316223,8984,5868,11244,-123,-38,109,8448,-9720,9640,-41,124,-168,-13880,4452,5096,-1034,113,-83,-14196,-4248,6580,-766,142,-128,0
1848.4390511512756,9200,5848,11340,-134,-44,109,8404,-9584,9572,-34,116,-188,-13832,4440,4680,-1014,110,-51,-14136,-4184,6496,-495,139,-130,0
1848.4723439216614,9200,6080,11384,-151,-65,86,8492,-9528,9488,-63,137,-205,-14004,4672,4668,-984,99,-16,-14208,-4236,6460,-497,158,-154,0
1848.50580906868,9148,5932,11348,-160,-35,83,8524,-9624,9484,-37,151,-168,-14008,4524,4684,-1001,61,-64,-14136,-4252,6484,-478,147,-156,0
1848.5393090248108,9164,6052,11408,-140,-40,116,8436,-9524,9572,-38,129,-165,-14300,4548,4872,-999,84,-80,-14124,-4556,6472,-482,162,-112,0
1848.5723891258244,9084,5972,11404,-145,-60,115,8248,-9532,9380,-36,138,-174,-14028,4500,4620,-1004,107,-64,-14320,-4152,6560,-496,147,-98,0
1848.6058390140533,9140,5864,11196,-124,-47,106,8396,-9500,9496,-18,130,-180,-13988,4460,4916,-1024,126,-49,-14232,-4108,6508,-507,154,-117,0
1848.6393311023712,9156,5856,11008,-146,-55,106,8496,-9528,9576,-25,144,-178,-14300,4488,4812,-1011,129,-94,-14184,-4564,6472,-482,169,-98,0
1848.673001050949,9416,5868,11304,-190,-67,103,8436,-9264,9416,-42,138,-186,-13864,4416,4692,-972,131,-84,-14256,-4240,6612,-480,143,-97,0
1848.7064490318296,9208,5872,11516,-180,-58,111,8436,-9588,9260,-56,129,-180,-14184,4852,4716,-978,88,-79,-14096,-4224,6384,-502,164,-110,0
1848.7399890422819,9180,5848,11028,-208,-69,131,8428,-9584,9496,-7,148,-163,-13996,4516,4616,-1056,87,-81,-14200,-4336,6468,-473,135,-108,0
1848.7734820842743,9092,5904,11264,-188,-66,131,8404,-9560,9536,-4,168,-176,-14120,4484,4780,-985,113,-59,-14080,-4376,6320,-507,131,-83,0
1848.8071579933169,9144,5840,11428,-196,-131,126,8480,-9476,9596,-46,147,-215,-14132,4536,4988,-963,100,-117,-14224,-4252,6480,-503,179,-113,0
1848.8438241481779,9100,5772,11312,-205,-79,124,8432,-9496,9716,-15,140,-200,-14128,4632,4788,-999,146,-77,-14068,-4276,6432,-478,184,-57,0
1848.8797330856323,9180,5884,11380,-177,-55,134,8460,-9540,9436,-19,125,-181,-14048,4816,4732,-1002,106,-66,-14164,-4332,6596,-465,164,-52,0
1848.9151010513308,9124,5912,11268,-7,-64,140,8488,-9576,9528,-21,123,-179,-14112,4552,4900,-969,119,-75,-14160,-4264,6504,-445,142,-50,0
1848.950685977936,9044,5924,11292,-254,-113,143,8424,-9540,9544,-48,151,-197,-13972,4368,4752,-969,109,-114,-14176,-4248,6632,-455,166,-90,0
1848.9862070083616,9200,5660,11020,-225,-146,181,8404,-9556,9716,-24,142,-208,-14004,4380,4776,-994,140,-108,-13884,-4260,6440,-504,219,-76,0
1849.022436141968,9176,5828,11328,-236,-173,163,8456,-9512,9368,-7,111,-209,-14064,4512,4988,-1011,162,-150,-14064,-4140,6292,-485,210,-51,0
1849.0586941242216,9112,5840,11436,-204,-136,139,8640,-9480,9528,-24,110,-221,-14064,4580,4784,-1008,160,-100,-14136,-4292,6524,-494,212,-82,0
1849.093759059906,9156,5888,11312,-214,-146,159,8420,-9516,9644,-250,117,-210,-14332,4464,4736,-1001,155,-169,-14148,-4276,6584,-475,182,-82,0
1849.1294760704043,9084,5916,11320,-215,-142,113,8528,-9512,9504,4,107,-203,-13864,4416,4748,-1003,125,-133,-14120,-4216,6344,-488,187,-54,0
1849.165024995804,9444,5932,11336,-219,-176,143,8488,-9716,9496,-22,137,-194,-14024,4444,4904,-1006,148,-96,-14236,-4228,6344,-480,182,-61,0
1849.2012219429012,9288,5832,11268,-222,-143,157,8480,-9472,9468,-27,108,-213,-14048,4440,4820,-974,141,-140,-14132,-4332,6488,-489,171,-81,0
1849.2371859550476,9264,5880,11380,-178,-180,141,8288,-9576,9444,-57,111,-198,-14324,4520,4724,-971,112,-93,-14200,-4144,6476,-487,154,-92,0
1849.2724010944369,9452,5748,11416,-209,-137,134,8504,-9724,9448,-1,117,-196,-14052,4492,4828,-1008,77,-113,-14168,-4260,6488,-480,194,-131,0
1849.307385921478,9104,6108,11296,-181,-166,126,8380,-9512,9580,16,146,-208,-14008,4412,4808,-1014,145,-112,-14124,-4240,6412,-453,158,-65,0
1849.343297958374,9240,5820,11404,-138,-140,119,8412,-9576,9464,-38,100,-216,-14084,4508,4692,-1007,132,-101,-14192,-4208,6556,-503,198,-118,0
1849.379117965698,9304,5764,11308,-184,-194,158,8520,-9492,9452,-29,132,-208,-14184,4544,5060,-989,103,-133,-14208,-4172,6204,-468,192,-106,0
1849.414209127426,9360,5804,11252,-177,-149,152,8260,-9548,9292,24,104,-191,-14124,4532,4928,-1276,117,-73,-14132,-4252,6152,-462,139,-121,0
1849.449903011322,9240,5728,11332,-191,-88,137,8484,-9532,9552,10,85,-175,-14016,4520,4912,-1040,146,-55,-14208,-4296,6548,-481,117,-105,0
1849.4867529869084,9252,6120,11244,-168,-85,129,8472,-9548,9608,-67,117,-161,-14140,4464,4692,-1019,129,-59,-14160,-4240,6492,-261,155,-109,0
1849.5203709602356,9352,5724,11088,-161,-91,124,8416,-9432,9472,-62,116,-173,-14048,4560,4860,-1035,111,-18,-14176,-4272,6480,-512,134,-127,0
1849.553936004639,9256,5868,11040,-156,-100,86,8700,-9524,9228,-62,138,-185,-14144,4496,4736,-1018,85,-77,-14216,-4280,6608,-499,156,-133,0
1849.5873229503632,9224,5768,11468,-145,-91,77,8472,-9516,9544,-26,139,-198,-14032,4536,5096,-1002,104,-92,-14160,-4144,6340,-457,150,-135,0
1849.6208469867709,9248,5808,11168,-158,-36,96,8400,-9540,9376,-14,94,-182,-14072,4524,4800,-1015,113,-42,-14272,-4240,6452,-495,148,-153,0
1849.6539039611816,9312,5720,11404,-153,-29,105,8436,-9512,9572,-29,130,-157,-14032,4592,4804,-1028,99,-57,-14204,-4240,6596,-469,121,-134,0
1849.6876001358032,9312,5860,11428,-150,-49,97,8460,-9472,9548,-49,161,-177,-14216,4476,4632,-1010,87,-62,-14200,-4344,6548,-468,96,-128,0
1849.721118927002,9276,6136,11076,-140,-3,65,8416,-9500,9608,-54,155,-155,-13832,4564,4780,-1008,74,-56,-14208,-4268,6260,-499,83,-161,0
1849.754730939865,9444,5864,11044,-122,5,89,8192,-9288,9252,-28,160,-128,-14196,4572,4848,-1264,75,241,-14120,-4236,6444,-535,89,-137,0
1849.788157939911,9360,5636,11356,-102,-45,98,8680,-9244,9236,-51,153,-140,-14072,4456,4696,-989,95,-13,-14116,-4224,6544,-497,100,-158,0
1849.8218121528628,9468,5800,11364,-137,-44,94,8192,-9500,9660,-41,145,-162,-14140,4508,4612,-994,105,-49,-14272,-4312,6368,-505,123,-139,0
1849.8554079532623,9184,5876,11432,-140,255,96,8456,-9456,9260,-54,142,-150,-14088,4496,4760,-1019,101,-93,-14116,-4300,6540,-506,135,-132,0
1849.8887240886688,9112,5924,11164,-127,-42,95,8492,-9232,9300,-32,155,-177,-14188,4512,4824,-992,112,-91,-14168,-4300,6520,-263,128,-145,0
1849.922424077988,9216,5820,11388,-95,-39,107,8460,-9276,9504,-28,155,-164,-14332,4528,4644,-1001,85,-65,-14244,-4224,6516,-519,137,-137,0
1849.9560451507568,9240,5828,11052,-120,-34,101,8500,-9584,9484,-34,122,-163,-14048,4520,4752,-1022,99,-36,-14036,-4192,6496,-482,93,-143,0
1849.989742040634,9004,5856,11472,-105,-41,88,8656,-9520,9316,-29,131,-166,-14056,4568,5112,-1029,83,-24,-13876,-4164,6588,-490,127,-133,0
1850.0235569477084,8988,5844,11344,-120,248,77,8532,-9512,9468,-42,146,-167,-14140,4460,4676,-1008,66,-37,-14100,-4244,6412,-517,117,-151,0
1850.0572469234469,9200,5848,11440,-110,-6,82,8444,-9528,9724,-16,159,-159,-14032,4520,4648,-1027,86,-98,-14084,-4564,6504,-506,111,-145,0
1850.0903360843656,9184,5800,11388,-91,-28,99,8528,-9556,9512,-16,152,-188,-14120,4444,4660,-992,100,-95,-14092,-4252,6444,-491,151,-141,0
1850.123986005783,9188,5876,11280,-118,-57,93,8420,-9560,9440,-54,156,-173,-14116,4568,4812,-769,111,-35,-14068,-4228,6524,-486,157,-134,0
1850.157382965088,9164,5860,11236,-99,-49,85,8444,-9564,9460,-35,146,-188,-14004,4408,4816,-992,76,-73,-14148,-4324,6496,-499,140,-167,0
1850.1908130645752,9196,5776,11432,-118,-59,104,8448,-9524,9508,-38,133,-185,-14152,4448,4828,-1010,92,-80,-14248,-4268,6516,-517,147,-164,0
1850.2243349552155,8964,5828,11432,-113,-60,97,8468,-9496,9584,-19,170,-203,-14068,4520,4728,-1004,100,-111,-14124,-4284,6420,-468,135,-133,0
1850.257921934128,9264,5924,11328,-146,-14,82,8436,-9692,9592,-52,178,-161,-14032,4524,4900,-967,97,-50,-14096,-4288,6428,-483,103,-142,0
1850.2913999557493,9296,5848,11304,-149,-35,88,8504,-9572,9408,-47,137,-162,-14052,4532,4824,-1023,71,-14,-14072,-4240,6592,-763,125,-121,0
1850.3248870372772,9292,5908,11252,-157,-54,126,8336,-9476,9612,-10,140,-136,-14016,4532,4744,-1023,125,-68,-14176,-4324,6628,-487,95,-96,0
1850.3584210872652,9220,5920,11072,-101,6,117,8488,-9720,9464,-88,116,-151,-14292,4500,4964,-1009,104,-60,-14244,-4148,6516,-264,117,-141,0
1850.3919069767,9232,5856,11208,-123,-55,81,8476,-9432,9264,-22,121,-164,-14272,4440,4768,-1034,128,-48,-14256,-4100,6488,-484,164,-130,0
1850.4254570007324,9160,5816,11300,-156,-16,119,8552,-9532,9568,-13,120,-175,-14024,4536,4848,-1044,83,-35,-14336,-4304,6516,-258,140,-132,0
1850.4589519500732,9068,5784,11108,-122,-20,106,8364,-9508,9720,-21,125,-120,-14016,4456,4916,-1057,103,-40,-14140,-4100,6548,-479,89,-143,0
1850.4922940731049,9100,5812,11204,-147,-38,90,8356,-9496,9480,-56,157,-165,-14020,4520,4928,-969,77,-44,-14112,-4192,6408,-478,102,-145,0
1850.5293481349943,9212,5804,11404,-164,-67,92,8396,-9608,9260,-68,152,-168,-14184,4544,4972,-978,75,-62,-14144,-4272,6532,-503,119,-128,0
1850.5649199485777,9156,5872,11444,-135,-72,105,8436,-9596,9672,-40,135,-194,-14068,4620,4880,-1033,119,-49,-14096,-4232,6548,-502,157,-120,0
1850.6002790927887,9188,5720,11284,-134,-70,120,8392,-9608,9592,-24,123,-191,-14016,4584,4700,-1002,147,-85,-14316,-4176,6424,-258,171,-117,0
1850.635462999344,8980,5848,11512,-139,-91,117,8680,-9592,9724,-33,125,-184,-14332,4564,4720,-1023,108,-53,-14148,-4264,6560,-520,173,-155,0
1850.6714379787443,9120,6036,11348,-151,-57,111,8520,-9504,9468,-20,88,-61,-14444,4444,4792,-843,117,-106,-14168,-4308,6580,-483,155,-124,0
1850.7071590423584,9396,5948,11376,-171,-49,92,8508,-9536,9556,-12,142,-175,-14064,4544,4972,-980,83,-29,-14148,-4284,6608,-504,179,-113,0
1850.7421901226044,9132,6016,11200,-145,-39,109,8500,-9496,9536,-39,133,-174,-14108,4508,4804,-1013,121,-55,-14220,-4240,6532,-768,141,-97,0
1850.7785949707031,9160,5876,11412,-163,-72,107,8452,-9520,9472,-24,150,-172,-13980,4444,4636,-987,126,-66,-14184,-4292,6400,-482,151,-147,0
1850.8136310577393,9200,5912,11284,-155,-59,103,8416,-9536,9284,-17,121,-193,-14104,4544,4796,-980,88,-62,-14120,-4268,6492,-497,141,-134,0
1850.8495240211487,9112,5876,11272,-162,-73,107,8428,-9520,9432,-17,158,-171,-13988,4600,5076,-995,99,-67,-14140,-4292,6436,-502,145,-139,0
1850.8848979473114,9212,5656,11068,-167,-43,107,8344,-9680,9548,-7,176,-157,-13976,4524,4816,-984,131,-73,-14144,-4340,6604,-483,180,-95,0
1850.9205570220947,8960,5868,11360,-179,-82,116,8392,-9564,9728,-27,136,-196,-14120,4440,4968,-1012,104,-83,-14084,-4276,6536,-484,169,-85,0
1850.9558451175692,9148,5916,11480,-200,-82,118,8436,-9500,9512,3,126,-171,-13960,4584,4948,-1008,118,-90,-14112,-4304,6492,-489,172,-116,0
1850.9918689727783,9328,5940,11344,-170,-110,147,8376,-9416,9512,-16,109,-207,-14056,4508,5092,-979,131,-126,-14232,-4252,6540,-431,146,-102,0
1851.0274119377132,9408,6076,11392,-212,-129,159,8424,-9464,9552,-32,125,-197,-14100,4524,4928,-963,120,-111,-14164,-4292,6580,-480,123,-85,0
1851.0637300014491,9212,5840,11396,-228,-118,125,8380,-9504,9472,-51,157,-182,-14092,4560,4708,-976,104,-61,-14108,-4196,6552,-498,152,-95,0
1851.0991470813751,9188,5900,11332,-233,-132,136,8216,-9464,9644,22,158,-186,-14096,4616,4840,-994,91,-137,-14176,-4324,6596,-478,172,-82,0
1851.1340301036835,9152,5880,11072,-197,-63,137,8528,-9476,9340,-73,139,-188,-14128,4528,4736,-1000,105,-84,-14112,-4344,6440,-457,211,-61,0
1851.171245098114,9252,5788,11296,-226,-146,105,8452,-9628,9424,-10,118,-220,-13848,4352,4700,-957,93,-120,-14112,-4172,6300,-445,202,-74,0
1851.2047309875488,9252,5780,11476,-509,-123,125,8700,-9660,9712,-6,112,-221,-14316,4568,4848,-983,118,-114,-14128,-4280,6572,-443,186,-56,0
1851.2382199764252,9144,5752,11396,-231,-82,151,8524,-9488,9424,-8,125,-195,-14084,4596,4980,-1004,135,-96,-14092,-4104,6508,-476,154,-119,0
1851.2718400955205,9188,5632,11032,-249,-106,139,8460,-9484,9504,-52,138,-196,-14016,4380,4884,-983,108,-78,-14148,-4304,6508,-455,142,-76,0
1851.305311918259,9128,5860,11344,-209,-154,127,8392,-9568,9656,-61,165,-202,-14096,4424,4740,-980,80,-77,-14096,-4228,6452,-489,177,-101,0
1851.3388340473173,9116,5812,11344,-212,-149,135,8504,-9556,9628,-10,133,-204,-14108,4496,4804,-1012,116,-155,-14140,-4176,6468,-483,199,-79,0
1851.3722801208492,9456,5808,11296,-205,-118,148,8364,-9544,9516,232,133,-223,-14096,4448,4780,-1030,152,-143,-14308,-4308,6572,-484,199,-73,0
1851.4055049419403,9172,5800,11348,-184,-172,164,8532,-9568,9572,-18,116,-204,-14132,4404,4780,-1016,147,-100,-14260,-4120,6400,-474,197,-65,0
1851.4392499923708,9252,5772,11280,-214,-145,167,8484,-9520,9608,-28,125,-226,-14328,4420,4616,-1007,109,-76,-14160,-4336,6560,-497,197,-76,0
1851.4727599620817,9200,5852,11260,-212,-141,138,8628,-9512,9284,-3,131,-196,-14160,4528,4928,-1001,128,-102,-14232,-4208,6512,-457,198,-82,0
1851.5063760280607,9176,5804,11356,-189,-152,165,8496,-9232,9596,-27,107,-193,-14140,4440,4800,-1003,137,-152,-14268,-4196,6416,-476,184,-68,0
1851.5397980213163,9452,5732,11316,-185,-141,150,8460,-9460,9588,-52,103,-184,-14024,4640,4664,-1019,126,-85,-14248,-4184,6600,-491,159,-80,0
1851.573261022568,9004,5772,11476,-173,-130,149,8512,-9500,9384,-26,110,-209,-13844,4440,4736,-987,104,-78,-14148,-4252,6408,-498,153,-108,0
1851.6069419384005,9184,5860,11356,-180,-119,129,8640,-9552,9556,-14,150,-174,-14016,4544,4872,-1030,91,-124,-14136,-4204,6580,-466,189,-98,0
1851.640139102936,9244,5748,11392,-203,-121,140,8504,-9436,9584,-20,114,-196,-13960,4568,4752,-1024,126,-129,-14208,-4168,6460,-477,193,-95,0
1851.6735880374908,9248,5760,11180,-161,-115,151,8476,-9288,9636,-24,116,-202,-14044,4532,4872,-1028,118,-162,-14208,-4304,6572,-498,185,-122,0
1851.7072379589083,9168,5792,11132,-161,-147,139,8684,-9248,9532,-3,113,-222,-14084,4544,4784,-1015,119,-71,-14232,-4216,6612,-492,175,-79,0
1851.7407240867615,9224,5892,11456,-165,-135,143,8496,-9448,9424,-55,95,-210,-14116,4488,5092,-1006,143,-88,-14212,-4236,6452,-462,168,-122,0
1851.774054050445,9300,5772,11356,-177,-117,125,8448,-9452,9364,-60,112,-174,-14044,4436,4816,-971,123,-77,-14164,-4268,6636,-463,115,-97,0
1851.8077330589294,9280,5720,11244,-106,-96,107,8580,-9492,9608,-77,115,-154,-14072,4384,4820,-1001,89,-34,-14308,-4128,6648,-516,87,-135,0
1851.8411691188812,9340,5840,11184,-158,-42,94,8612,-9444,9312,-26,153,-154,-14172,4504,4628,-1025,81,-50,-14220,-4292,6444,-466,108,-146,0
1851.8745899200444,9296,5772,11332,-140,-7,86,8456,-9448,9460,249,169,-150,-14308,4440,5068,-1021,101,-21,-14204,-4244,6572,-476,91,-117,0
1852.5939419269564,9196,5796,11232,-142,-33,128,8384,-9420,9496,-12,144,-157,-14016,4548,4744,-772,100,-56,-14332,-4312,6480,-527,99,-134,0
1852.6292290687563,9068,5952,11456,-117,5,105,8468,-9280,9572,-75,156,-152,-14204,4496,5116,-1055,48,-67,-13964,-4276,6580,-507,132,-130,0
1852.6651649475095,9456,5688,11240,-142,-54,84,8688,-9604,9504,-23,169,-184,-14156,4536,4700,-983,89,-54,-14280,-4212,6508,-476,159,-138,0
1852.7004489898684,9192,5936,11060,-147,255,111,8532,-9532,9424,-12,105,-156,-13992,4496,4776,-1012,89,-64,-14060,-4240,6600,-506,138,-139,0
1852.7359580993652,9028,5956,11332,-136,-37,82,8524,-9424,9484,-45,120,-153,-14060,4600,4880,-782,114,-68,-14228,-4288,6544,-474,89,-145,0
1852.7719140052795,9184,5812,11236,-130,-32,88,8500,-9616,9588,-76,151,-160,-14064,4512,4832,-988,71,-23,-13868,-4284,6580,-475,125,-138,0
1852.808294057846,9104,5992,11416,-146,-35,112,8400,-9600,9636,-56,151,-169,-14004,4464,4964,-988,106,-94,-14140,-4332,6404,-259,124,-131,0
1852.8449699878693,9116,5924,11412,-133,-37,132,8516,-9544,9472,-33,130,-158,-14000,4520,4912,-997,112,-84,-14132,-4300,6544,-491,161,-135,0
1852.8785130977633,9028,5928,11300,-117,-38,115,8356,-9488,9568,-7,138,-193,-14020,4476,4712,-1011,129,-87,-14264,-4272,6608,-506,168,-117,0
1852.9119319915771,9060,5980,11400,-111,-73,121,8520,-9524,9576,-27,140,-166,-13852,4520,4684,-1000,89,-81,-14060,-4216,6604,-509,170,-114,0
1852.9454669952393,9044,5968,11552,-162,-33,115,8660,-9668,9628,-12,115,-194,-14000,4492,5096,-977,111,-110,-14076,-4160,6532,-489,154,-109,0
1852.9789631366732,9188,5812,11480,-124,-19,82,8368,-9472,9448,-27,227,-186,-14096,4476,4824,-1004,66,-61,-14112,-4204,6536,-767,166,-128,0
1853.0123169422147,9192,5844,11480,-165,-25,119,8204,-9252,9480,-28,125,-163,-14084,4480,4956,-1276,122,-51,-14120,-4240,6512,-495,127,-144,0
1853.0457191467283,9192,5912,11512,-144,-63,126,8460,-9584,9532,-33,154,-185,-14028,4548,4944,-770,118,-72,-14180,-4228,6492,-482,136,-146,0
1853.0793950557709,9096,5832,11516,-171,-53,113,8412,-9528,9504,-50,147,-167,-13832,4596,4788,-991,82,-62,-14220,-4260,6480,-487,142,-138,0
1853.1128809452057,9064,5880,11424,-192,-67,120,8456,-9628,9444,-34,147,-161,-14136,4440,4732,-992,91,-77,-14120,-4216,6456,-505,154,-132,0
1853.1460449695587,9188,5808,11360,-157,-38,120,8560,-9708,9496,-13,155,-175,-14044,4572,4808,-1014,102,-81,-14096,-4100,6484,-487,147,-116,0
1853.1799340248108,9072,5656,11328,-180,-61,114,8416,-9492,9572,-252,153,-181,-14080,4440,4784,-1012,110,-50,-14128,-4320,6600,-495,163,-96,0
1853.213298082352,9092,5844,11356,-175,-81,130,8400,-9464,9492,-36,135,-195,-14012,4564,4628,-995,101,-95,-14140,-4124,6620,-493,168,-95,0
1853.24694108963,9156,6108,11264,-205,-105,156,8408,-9444,9704,-33,117,-180,-13868,4592,4944,-995,134,-119,-14140,-4356,6592,-474,156,-69,0
1853.2805099487305,9156,5636,11272,-184,-88,132,8384,-9608,9724,-26,117,-206,-14180,4532,4860,-986,137,-101,-14252,-4224,6512,-480,187,-96,0
1853.3137550354004,9136,6104,11284,-180,-129,136,8460,-9560,9604,-6,92,-192,-14140,4440,4668,-992,129,-86,-14092,-4332,6524,-494,178,-79,0
1853.3474121093748,9084,6000,11268,-233,-126,137,8416,-9504,9408,-6,169,-194,-14072,4556,4836,-969,96,-77,-14148,-4268,6496,-449,163,-100,0
1853.38095498085,9192,5904,11360,-244,-129,134,8240,-9292,9508,-28,131,-205,-14068,4648,4740,-981,125,-130,-14128,-4260,6500,-455,165,-62,0
1853.4144029617307,9440,5668,11500,-223,-125,135,8452,-9536,9520,-33,142,-192,-14332,4508,4424,-1014,70,-68,-14164,-4316,6564,-481,186,-82,0
1853.4480991363523,9140,5784,11460,-300,-133,112,8436,-9724,9504,-2,128,-202,-14044,4580,4836,-1024,128,-97,-14200,-4324,6484,-474,179,-59,0
1853.4817259311676,9260,5912,11340,-199,-97,135,8480,-9480,9564,-61,130,-210,-14304,4504,4960,-987,116,-88,-14132,-4196,6352,-476,213,-90,0
1853.5152609348295,9212,5916,11576,-248,-170,170,8484,-9556,9392,-4,125,-201,-14040,4856,4828,-997,143,-87,-14160,-4128,6516,-436,204,-64,0
1853.548799991608,9236,5856,11272,-239,-128,138,8488,-9472,9492,6,113,-196,-14316,4552,4736,-1012,136,-109,-14160,-4252,6452,-431,156,-75,0
1853.5824639797213,9156,5668,11192,-202,-149,145,8392,-9688,9528,1,160,-181,-14092,4480,4972,-999,92,-100,-14096,-4284,6420,-458,121,-124,0
1853.6161370277405,9208,5860,11360,-221,-118,150,8600,-9296,9724,-25,137,-172,-14160,4568,4924,-995,86,-127,-14240,-4264,6216,-478,124,-108,0
1853.6496040821075,9132,5676,11288,-223,-100,146,8460,-9512,9532,-64,175,-170,-14016,4544,4872,-988,81,-107,-14320,-4208,6148,-481,175,-94,0
1853.6829690933228,9248,5844,11508,-185,-156,147,8380,-9612,9508,-36,133,-213,-14024,4580,4840,-1002,142,-74,-14104,-4196,6444,-475,185,-39,0
1853.7165751457214,9196,5792,11352,-226,-166,167,8400,-9612,9292,-5,117,-222,-13984,4524,4904,-1008,156,-89,-14188,-4200,6436,-494,199,-77,0
1853.750106096268,9092,5732,11296,-177,-188,167,8376,-9436,9700,-25,97,-191,-14068,4584,4708,-1017,134,-136,-14192,-4224,6400,-476,211,-65,0
1853.783846139908,9328,5832,11272,-194,-138,143,8516,-9616,9668,254,138,-203,-14176,4352,4788,-986,134,-110,-14048,-4216,6524,-476,167,-84,0
1853.8174259662628,9148,5808,11388,-198,-133,147,8552,-9532,9404,-24,127,-175,-14132,4524,4840,-1009,118,-83,-14096,-4136,6528,-478,174,-123,0
1853.850744009018,9260,5916,11464,-201,-154,162,8488,-9264,9648,-18,99,-194,-13872,4536,4692,-1016,122,-68,-14112,-4192,6468,-494,180,-98,0
1853.8878190517428,9452,5784,11424,-195,-145,153,8444,-9484,9488,-36,139,-186,-14096,4468,4828,-1009,143,-108,-14120,-4276,6320,-459,144,-104,0
1853.9226710796356,9248,5780,11292,-199,-150,143,8248,-9576,9240,-45,120,-220,-14168,4468,4804,-1007,110,-83,-14108,-4236,6608,-493,162,-117,0
1853.9582121372223,9212,5824,11388,-185,-146,140,8308,-9428,9628,-16,141,-211,-14024,4504,4612,-1012,106,-130,-14228,-4192,6424,-466,169,-84,0
1853.993371009827,9384,5800,11396,-176,-132,115,8404,-9688,9384,-256,137,-195,-14140,4488,4632,-979,121,-85,-14080,-4136,6528,-484,178,-89,0
1854.0291550159454,9332,5772,11396,-200,-143,137,8656,-9480,9548,-36,125,-185,-14120,4472,4752,-1003,139,-111,-13868,-4252,6612,-478,157,-90,0
1854.0640771389008,9220,5868,11304,-147,-130,125,8544,-9404,9496,-24,97,-218,-14292,4480,4700,-773,96,-95,-14124,-4312,6440,-504,155,-126,0
1854.0989811420443,9152,5888,11388,-130,-103,111,8496,-9412,9504,-41,122,-172,-14108,4476,4736,-1047,95,-109,-14220,-4140,6364,-517,134,-125,0
1854.135448932648,9304,5760,11084,-181,-57,103,8548,-9440,9504,-40,118,-171,-14016,4456,4968,-973,115,-64,-14268,-4248,6472,-484,88,-134,0
1854.1713781356812,9280,5824,11228,-152,-28,120,8556,-9564,9412,-55,155,-149,-14128,4512,4684,-1028,101,-26,-14140,-4204,6332,-486,119,-130,0
1854.2074229717255,9264,5692,11484,-140,-18,96,8536,-9268,9568,-32,141,-145,-14164,4448,4844,-1020,68,-75,-14140,-4212,6516,-485,102,-172,0
1854.242665052414,9180,5880,11400,-157,-40,98,8440,-9572,9408,-32,158,-150,-14064,4488,4880,-1022,75,3,-14184,-4296,6560,-484,97,-158,0
1854.2786369323733,9404,5756,11340,-93,-55,105,8432,-9488,9404,-63,156,-157,-14120,4464,4948,-1001,63,-70,-14148,-4212,6540,-766,142,-160,0
1854.3136949539185,9376,5824,11272,-170,-39,102,8396,-9572,9692,-17,134,-175,-14068,4584,4716,-1001,76,-21,-14100,-4128,6436,-467,100,-142,0
1854.3492360115051,9212,5832,11300,-126,248,92,8232,-9728,9504,-20,145,-109,-14032,4504,4808,-1020,60,-16,-14108,-4264,6564,-483,72,-153,0
1854.3848550319672,8996,5716,11328,-130,24,75,8484,-9472,9440,-69,150,-129,-14084,4540,4948,-980,42,244,-14196,-4240,6544,-500,89,-146,0
1854.4201829433443,9112,5840,11392,-124,-28,106,8436,-9548,9484,-67,133,-152,-13996,4492,4804,-1015,64,-82,-14308,-4212,6548,-525,108,-152,0
1854.4556610584257,9408,5856,11336,-97,-34,100,8396,-9600,9648,-35,135,-165,-13832,4488,4824,-1280,116,-80,-14024,-4284,6532,-510,178,-148,0
1854.4913771152492,9240,5724,11272,-91,-80,95,8432,-9576,9452,-25,129,-182,-13960,4528,4748,-996,105,-56,-14156,-4116,6488,-501,160,-171,0
1854.5281641483307,9052,5920,11452,-93,-31,99,8432,-9560,9284,-33,87,-198,-13924,4584,4828,-1022,112,-76,-14216,-4348,6592,-497,166,-133,0
1854.56165099144,9104,5864,11380,-102,-75,100,8440,-9712,9584,18,157,-185,-14088,4488,4656,-1277,100,-52,-14236,-4196,6852,-477,125,-135,0
1854.5952920913692,9416,5880,11072,-116,-47,75,8452,-9616,9360,-36,157,-196,-14068,4572,4852,-998,60,-39,-14180,-4164,6592,-525,138,-194,0
1854.628842115402,9164,5848,11348,-109,-39,92,8488,-9508,9528,-14,145,-160,-14140,4596,4688,-1049,83,-45,-14156,-4272,6408,-513,142,-171,0
1854.6620750427244,9216,5852,11476,-88,-40,96,8412,-9308,9620,-37,142,-175,-13984,4492,4708,-1037,74,-62,-14120,-4172,6432,-493,130,-120,0
1854.6951229572292,9132,5816,11284,-113,-29,77,8688,-9412,9508,-69,134,-168,-13996,4564,4892,-989,89,-41,-14204,-4328,6580,-487,155,-161,0
1854.728709936142,9224,5952,11284,-110,-44,80,8628,-9496,9300,-40,148,-179,-13964,4496,4728,-1020,86,-14,-14096,-4212,6196,-498,154,-138,0
1854.7623200416565,9224,5920,11456,-119,-58,109,8200,-9444,9556,-27,144,-185,-14044,4512,4860,-1003,69,-64,-14144,-4284,6444,-766,114,-132,0
1854.79585313797,9220,5972,11300,-100,-51,100,8512,-9568,9676,-38,154,-150,-13972,4600,4784,-1010,101,-113,-14312,-4336,6452,-504,132,-135,0
1854.8294050693512,9168,5804,11400,-104,-77,130,8440,-9516,9436,-35,145,-181,-13980,4636,4728,-1009,107,-83,-14176,-4204,6428,-508,135,-145,0
1854.8630740642548,9196,6124,11148,-98,-38,104,8420,-9432,9484,-12,124,-177,-14284,4504,4692,-1028,90,-46,-13876,-4292,6564,-519,137,-116,0
1854.8960640430453,9152,6116,11388,-110,-68,98,8460,-9604,9564,-35,133,-168,-13996,4592,4736,-1278,117,-27,-14120,-4372,6652,-487,145,-124,0
1854.9297530651093,9044,5980,11320,-140,-46,106,8504,-9600,9484,-58,127,-160,-14048,4480,4700,-978,114,-80,-14196,-4272,6396,-473,112,-103,0
1854.9633769989014,9256,5868,11356,-116,-54,125,8512,-9560,9508,-47,148,-154,-14164,4652,5028,-994,66,-64,-14088,-4216,6644,-491,136,-156,0
1854.99694108963,9212,5672,11340,-160,-55,95,8420,-9716,9664,4,149,-148,-14100,4552,4840,-1037,102,-70,-14160,-4272,6540,-492,110,-110,0
1855.030467033386,9400,5976,11488,-129,-41,101,8196,-9508,9480,-43,112,-139,-14064,4488,4860,-1054,103,-30,-14192,-4300,6176,-509,109,-152,0
1855.0641279220579,9140,6112,11324,-141,-98,86,8700,-9712,9512,-41,136,-172,-13856,4588,4652,-1006,57,-65,-14176,-4272,6492,-490,168,-125,0
1855.097655057907,9376,5848,11252,-147,-34,108,8436,-9480,9560,-16,135,-179,-13924,4596,4636,-1023,81,-70,-14128,-4192,6480,-483,143,-135,0
1855.131089925766,9164,5632,11336,-114,-54,122,8640,-9496,9724,3,150,-160,-14152,4600,4572,-997,87,-78,-14216,-4324,6556,-470,114,-123,0
1855.1644461154935,9068,5984,11356,-147,-30,91,8436,-9496,9516,-50,206,-156,-14280,4600,4948,-1222,62,-62,-14084,-4296,6616,-464,107,-127,0
1855.1979241371155,9116,5940,11344,-172,-85,86,8456,-9528,9376,-104,156,-164,-14040,4492,4864,-989,98,-46,-14172,-4224,6516,-475,141,-122,0
1855.2317030429845,9116,5888,11336,-152,-74,107,8448,-9468,9536,-63,143,-140,-14032,4568,4868,-997,121,-67,-13848,-4588,6220,-529,148,-129,0
1855.265375137329,9044,5924,11232,-164,-98,123,8504,-9460,9500,-18,127,-158,-13984,4512,4740,-1011,124,-76,-14124,-4196,6628,-499,160,-101,0
1855.2989339828491,9196,5828,11512,-116,-49,126,8412,-9560,9704,-20,119,-202,-13984,4596,4764,-1029,135,-60,-14184,-4276,6596,-482,158,-137,0
1855.3321781158447,9140,5948,11348,-164,-95,118,8472,-9464,9428,-255,139,-172,-14096,4844,4728,-960,115,-73,-14184,-4280,6868,-463,145,-119,0
1855.3657960891724,9152,5672,11384,-180,-60,112,8412,-9524,9540,-10,138,-200,-14120,4508,4668,-962,113,-75,-14188,-4320,6408,-483,146,-95,0
1855.3992569446564,9144,6028,11372,-196,-95,125,8208,-9572,9608,-254,146,-196,-14188,4568,4856,-994,105,-100,-14160,-4236,6496,-460,152,-76,0
1855.4328711032867,9156,5912,11324,-194,-84,155,8496,-9476,9400,-16,120,-198,-13988,4472,4868,-999,133,-109,-14332,-4276,6672,-488,159,-87,0
1855.4664809703827,8996,6136,11500,-195,-114,121,8192,-9548,9516,-35,132,-224,-13832,4568,4772,-968,131,-74,-14084,-4348,6668,-442,169,-82,0
1855.5000131130216,9060,5860,11376,-236,-107,141,8448,-9524,9344,-42,157,-237,-14116,4568,4756,-980,121,-55,-14116,-4208,6516,-485,180,-98,0
1855.533390045166,9468,5872,11268,-210,-109,124,8432,-9504,9516,-10,128,-219,-14104,4532,4764,-983,104,-93,-14264,-4264,6452,-468,188,-77,0
1855.570932149887,9160,6096,11356,-204,-122,135,8692,-9440,9600,-19,138,-205,-13832,4544,4764,-972,135,-125,-14208,-4284,6668,-486,186,-93,0
1855.6059629917145,9280,5832,11272,-266,-126,152,8676,-9704,9424,-17,144,-199,-14084,4432,4648,-993,145,-98,-14140,-4292,6368,-461,200,-35,0
1855.6418659687045,9188,5816,11332,-211,-120,154,8664,-9720,9560,-26,119,-218,-14188,4592,4932,-992,162,-80,-14144,-4176,6540,-480,198,-68,0
1855.6780381202695,9104,5880,11280,-227,-167,155,8344,-9584,9360,-16,92,-198,-14124,4540,4836,-997,153,-118,-14120,-4304,6424,-496,204,-67,0
1855.7131130695343,9220,5900,11376,-197,-151,172,8480,-9480,9520,-61,120,-199,-14024,4592,4812,-1002,135,-74,-14272,-4180,6360,-487,167,-68,0
1855.7486491203308,9092,5868,11320,-209,-153,163,8476,-9484,9628,-25,113,-199,-14056,4500,4732,-1006,122,-107,-14184,-4196,6456,-474,162,-87,0
1855.7838690280914,9192,5840,11428,-225,-148,148,8520,-9676,9344,-12,133,-206,-14024,4428,5052,-982,115,-102,-14116,-4296,6472,-440,176,-121,0
1855.819165945053,9212,5868,11356,-236,-152,123,8388,-9552,9580,-37,130,-194,-14128,4468,5008,-981,128,-98,-14140,-4104,6424,-452,159,-42,0
1855.8540410995483,9284,6084,11476,-184,-145,136,8624,-9640,9688,-34,136,-197,-14192,4600,4836,-1009,98,-90,-14088,-4228,6440,-498,192,-120,0
1855.889841079712,9240,5796,11348,-223,-164,154,8428,-9632,9448,19,118,-193,-14064,4624,4916,-1032,118,-122,-14228,-4308,6580,-470,139,-86,0
1855.9249589443207,9184,5852,11152,-170,-124,136,8192,-9256,9644,-67,109,-196,-14256,4496,4664,-1072,132,-75,-14208,-4268,6484,-462,185,-91,0
1855.9608011245728,9248,5708,11380,-216,-168,141,8496,-9520,9624,-251,125,-220,-14144,4604,4728,-1005,152,-129,-14108,-4144,6528,-450,205,-87,0
1855.9961659908295,9300,6048,11328,-190,-120,160,8268,-9508,9468,13,105,-192,-14140,4476,4876,-1035,104,-53,-14216,-4212,6632,-473,135,-89,0
1856.0318801403043,9264,5764,11204,-185,-113,122,8464,-9512,9704,-1,143,-161,-13972,4520,4620,-1007,91,-69,-14164,-4260,6600,-468,114,-114,0
1856.0680749416351,9200,5880,11320,-193,-108,110,8488,-9536,9480,-51,142,-156,-14324,4604,5032,-996,91,-100,-14132,-4296,6512,-466,135,-108,0
1856.103755950928,9280,5804,11260,-154,-141,140,8436,-9468,9368,-42,143,-180,-13844,4508,4808,-987,107,-72,-14244,-4156,6420,-496,160,-90,0
1856.139203071594,9260,5788,11312,-153,-133,141,8524,-9220,9512,-41,127,-229,-14036,4524,4756,-986,136,-123,-14112,-4164,6568,-501,196,-69,0
1856.174205064773,9440,5844,11156,-180,-121,158,8696,-9244,9224,-12,89,-216,-13996,4424,4892,-1027,142,-98,-14140,-4264,6532,-481,174,-69,0
1856.2101700305936,9192,5788,11236,-153,-130,123,8552,-9560,9516,-59,91,-222,-14156,4576,4764,-980,123,-87,-14220,-4212,6192,-485,150,-140,0
1856.2434720993044,9224,5796,11316,-151,-73,110,8464,-9544,9620,-36,130,-182,-14100,4544,4828,-993,88,-57,-14256,-4236,6156,-470,120,-123,0
1856.2769100666044,9324,5688,11308,-135,-69,102,8676,-9520,9668,-18,141,-151,-14332,4524,4656,-1029,108,-79,-13892,-4100,6220,-503,111,-147,0
1856.3104660511017,9320,5852,11276,-157,-44,107,8516,-9500,9536,-47,137,-161,-14080,4384,4620,-1280,78,-87,-14192,-4196,6456,-493,127,-121,0
1856.3439769744873,9232,5812,11276,-122,-73,111,8300,-9672,9528,-49,142,-208,-14060,4500,4808,-994,110,-31,-14176,-4284,6628,-476,110,-147,0
1856.3773479461668,9200,5816,11356,-132,-53,101,8556,-9572,9352,-54,137,-186,-14208,4560,4756,-987,82,-27,-14276,-4144,6456,-759,102,-148,0
1856.4106450080872,9256,5688,11224,-138,-46,83,8524,-9532,9636,-30,177,-146,-14332,4396,5020,-1029,43,-76,-13832,-4312,6588,-491,117,-150,0
1856.4442441463473,9128,5804,11244,-148,-1,107,8200,-9220,9548,253,116,-156,-14156,4540,4836,-1004,120,-62,-14148,-4236,6740,-474,115,-127,0
1856.4775450229645,9220,5776,11376,-107,-251,84,8616,-9256,9220,-55,105,-178,-14096,4460,4892,-1019,125,-45,-14180,-4196,6620,-498,139,-163,0
1856.5112321376803,9316,5812,11380,-102,-59,84,8572,-9484,9460,-59,176,-157,-14160,4460,4800,-992,75,-58,-14192,-4296,6488,-486,120,-157,0
1856.5448830127716,9340,5812,11040,-117,-12,99,8504,-9452,9504,-61,156,-154,-14116,4472,4716,-992,86,-51,-14120,-4136,6520,-488,92,-150,0
1856.5781259536743,9160,5876,11328,-86,49,129,8248,-9580,9456,-25,131,-141,-14004,4396,4676,-1009,65,-42,-14084,-4252,6436,-487,84,-166,0
1856.6118350028992,9276,5876,11240,-67,21,112,8268,-9492,9644,-62,116,-175,-14320,4412,4616,-1018,99,-30,-14152,-4216,6488,-501,122,-150,0
1856.6450099945068,9152,5936,11400,-82,-249,103,8436,-9512,9488,-68,140,-143,-14016,4484,4768,-1006,80,13,-14200,-4292,6528,-261,120,-161,0
1856.6816971302032,9276,5640,11408,-100,-18,69,8396,-9544,9420,-42,139,-160,-14100,4464,4660,-1016,91,-44,-14188,-4284,6460,-501,136,-150,0
1856.715136051178,9296,5968,11316,-82,-46,82,8408,-9604,9616,-45,128,-206,-14084,4464,4948,-1002,92,-97,-14024,-4144,6484,-261,173,-122,0
1856.7486810684204,9172,5800,11316,-111,-58,52,8520,-9540,9532,-59,127,-200,-14064,4592,4800,-986,96,-110,-14180,-4244,6444,-490,170,-154,0
1856.781976938248,9152,5820,11368,-108,-64,90,8512,-9492,9452,-22,131,-181,-14016,4596,4812,-995,93,-80,-14244,-4336,6548,-490,151,-177,0
1856.8157269954684,9468,5876,11420,-121,-23,105,8480,-9500,9504,-36,156,-170,-14036,4504,4724,-1011,74,-69,-13828,-4172,6636,-477,151,-126,0
1856.849265098572,8984,5832,11516,-142,-11,62,8688,-9460,9720,-44,150,-160,-14132,4708,4776,-1001,67,-20,-14220,-4312,6500,-520,151,-160,0
1856.8824710845947,9172,5924,11480,-121,-66,97,8404,-9552,9408,-48,132,-163,-14164,4396,4764,-983,71,-81,-14180,-4280,6440,-513,133,-125,0
1856.9233379364014,9200,6008,11428,-129,-62,96,8340,-9448,9720,-24,139,-171,-14028,4408,4780,-998,95,-67,-14176,-4192,6580,-490,128,-130,0
1856.9570889472964,9200,5888,11184,-125,-31,113,8508,-9524,9516,-17,148,-165,-14052,4480,4940,-1000,99,-66,-14144,-4308,6524,-506,156,-133,0
1856.9907360076904,9312,5900,11320,-117,-49,79,8384,-9532,9496,-31,109,-164,-14024,4464,4828,-1023,100,-62,-14156,-4256,6540,-492,171,-135,0
1857.0242791175845,9212,5640,11512,-125,-64,117,8412,-9484,9416,-49,142,-187,-14024,4496,4916,-999,88,-78,-14136,-4240,6628,-502,138,-131,0
1857.0576999187467,9096,5952,11280,-140,-72,100,8440,-9672,9468,-38,127,-171,-13844,4568,5108,-1005,93,-104,-14152,-4180,6372,-495,143,-145,0
1857.0913169384005,9040,5912,11288,-107,-56,111,8448,-9492,9596,-30,135,-168,-14084,4588,4772,-1003,108,-63,-14196,-4180,6476,-768,123,-112,0
1857.1248400211334,9164,6132,11260,-141,-34,108,8428,-9568,9612,-43,153,-173,-14028,4528,4864,-989,113,-16,-14200,-4252,6516,-498,119,-121,0
1857.1580579280853,9140,5632,11464,-142,-49,111,8680,-9468,9512,-14,154,-176,-14108,4492,4752,-1025,112,-69,-14180,-4276,6448,-512,129,-127,0
1857.1918020248413,8964,5832,11380,-129,-42,110,8632,-9676,9536,-29,114,-166,-14072,4512,4700,-1012,88,-81,-14096,-4248,6724,-463,144,-115,0
1857.2252321243284,9212,5856,11500,-125,-47,108,8468,-9568,9520,-17,133,-162,-13960,4588,4768,-1019,78,-79,-14060,-4304,6644,-481,148,-140,0
1857.2629749774933,9180,5888,11276,-150,-79,108,8380,-9516,9628,-19,137,-207,-13960,4644,4640,-1013,121,-16,-14068,-4296,6468,-487,159,-112,0
1857.2981870174408,9420,5980,11212,-138,-49,101,8536,-9500,9420,-23,147,-189,-14152,4488,4624,-1003,129,-95,-14192,-4328,6444,-484,151,-105,0
1857.3336560726163,9064,5944,11392,-113,-77,93,8440,-9468,9504,-25,146,-177,-14120,4392,4928,-1032,120,-82,-14120,-4284,6452,-484,167,-121,0
1857.3689229488373,9020,5904,11460,-145,-54,105,8508,-9500,9484,-27,132,-179,-14136,4500,4764,-1008,102,-102,-14040,-4288,6460,-490,164,-129,0
1857.4040420055387,9160,6004,11252,-166,-49,94,8636,-9332,9704,-35,124,-183,-14164,4560,4912,-991,103,-29,-14196,-4316,6644,-468,132,-101,0
1857.4396491050725,9088,5652,11412,-149,-64,101,8440,-9588,9536,-65,157,-180,-14168,4480,4916,-1004,94,-101,-14156,-4260,6568,-481,133,-125,0
1857.475146055221,9252,6124,11348,-157,-64,100,8308,-9604,9552,25,150,-165,-14112,4520,4612,-1039,85,-36,-14208,-4180,6516,-467,137,-111,0
1857.5106971263883,9088,6008,11240,-115,-252,135,8668,-9720,9532,-55,151,-176,-14084,4444,4908,-990,78,-85,-14216,-4584,6624,-492,124,-110,0
1857.5471730232239,9136,5844,11392,-157,-39,109,8360,-9584,9396,-256,133,-180,-14076,4356,4760,-1020,115,-112,-14180,-4224,6496,-470,141,-135,0
1857.5823090076449,9076,5840,11340,-164,-23,124,8432,-9524,9464,13,146,-145,-14100,4556,4924,-1045,89,-55,-14132,-4328,6512,-487,151,-107,0
1857.618092060089,9120,5992,11168,-189,-31,129,8628,-9568,9476,-254,447,-47,-14508,4424,4976,-912,98,-76,-14120,-4152,6512,-459,124,-86,0
1857.6533031463623,9388,5924,11288,-238,-66,124,8392,-9524,9564,-50,152,-190,-13968,4560,5088,-947,98,-65,-14192,-4304,6636,-442,124,-80,0
1857.6882209777832,9140,5884,11396,-227,-136,125,8468,-9724,9488,-48,152,-179,-14044,4600,4920,-984,85,-130,-14100,-4236,6584,-497,156,-73,0
1857.7239360809324,9456,5648,11544,-212,-133,112,8264,-9620,9364,-19,154,-206,-14032,4540,4808,-980,120,-116,-13956,-4264,6540,-503,199,-46,0
1857.7593989372253,9148,5640,11288,-186,-140,157,8448,-9540,9704,-14,84,-240,-14104,4572,4884,-988,153,-147,-14144,-4132,6500,-488,207,-69,0
1857.7945871353147,9196,5752,11432,-234,-147,141,8512,-9488,9532,-40,104,-210,-14100,4584,4696,-976,119,-104,-14132,-4284,6620,-477,201,-81,0
1857.8300909996033,9156,5832,11448,-243,-97,123,8532,-9656,9576,-24,115,-213,-14304,4724,5016,-980,113,-132,-14196,-4328,6504,-464,198,-65,0
1857.8655679225924,9284,5876,11280,-242,-137,136,8396,-9504,9584,-17,120,-193,-14080,4544,4720,-989,157,-132,-14148,-4236,6416,-258,184,-79,0
1857.9019830226896,9212,5684,11248,-234,-151,162,8508,-9236,9424,-5,119,-229,-14264,4452,5088,-1009,124,-109,-14124,-4128,6432,-496,208,-67,0
1857.9356560707092,9172,5868,11368,-221,-138,172,8556,-9392,9604,-25,144,-221,-14108,4416,4988,-990,144,-108,-14120,-4172,6332,-439,180,-86,0
1857.9692780971527,9356,5652,11436,-242,-159,144,8236,-9708,9596,-48,135,-228,-14336,4464,4804,-977,149,-108,-14160,-4232,6504,-473,190,-70,0
1858.0028989315033,9276,5884,11340,-217,-195,154,8524,-9272,9252,-3,144,-196,-13848,4524,5108,-1009,117,-57,-14208,-4220,6408,-486,180,-98,0
1858.0365531444547,9252,5900,11156,-206,-146,130,8504,-9480,9608,-24,144,-199,-14152,4532,4776,-992,114,-92,-14200,-4276,6588,-486,180,-86,0
1858.0699539184573,9268,5976,11404,-199,-138,150,8352,-9588,9704,-15,135,-189,-14104,4440,5032,-1029,96,-137,-14132,-4192,6628,-494,167,-69,0
1858.103579044342,9168,5832,11208,-159,-114,142,8436,-9456,9480,-10,116,-181,-13976,4588,4956,-1015,152,-127,-14192,-4240,6520,-488,186,-74,0
1858.1371841430664,9240,5976,11392,-211,-133,146,8548,-9472,9540,-3,94,-210,-14040,4440,4892,-980,157,-109,-14220,-4340,6476,-466,170,-68,0
1858.1705899238589,9264,5916,11492,-168,-115,171,8400,-9496,9484,-46,97,-194,-14324,4544,4828,-982,104,-65,-14236,-4260,6508,-502,139,-49,0
1858.2042911052704,9180,5816,11308,-184,-137,159,8532,-9472,9424,-12,118,-179,-14144,4532,4820,-1029,113,-78,-14104,-4296,6576,-466,168,-69,0
1858.2379529476163,8972,5728,11460,-216,-145,168,8496,-9244,9492,55,104,-196,-14056,4480,4728,-1033,103,-123,-13840,-4208,6492,-480,147,-95,0
1858.2711291313171,9196,5768,11372,-165,-107,122,8692,-9508,9680,-34,136,-203,-14056,4444,4788,-991,94,-133,-14268,-4272,6452,-768,199,-59,0
1858.3047800064087,9224,5804,11292,-195,-182,120,8472,-9276,9268,-20,147,-239,-14152,4552,4720,-986,118,-137,-14188,-4164,6220,-472,192,-104,0
1858.3384320735931,9024,5768,11356,-185,-123,148,8536,-9516,9568,11,115,-188,-14132,4420,4808,-1264,95,-59,-14232,-4196,6624,-490,147,-114,0
1858.3719129562376,9236,5800,11304,-173,-91,126,8536,-9488,9532,-34,129,-169,-14096,4408,4912,-770,117,-51,-14180,-4252,6464,-486,100,-129,0
1858.4054150581364,9052,5876,11340,-203,-128,101,8412,-9444,9540,-51,159,-199,-14112,4504,4852,-1275,88,-82,-14316,-4304,6416,-496,110,-123,0
1858.4391059875488,9240,5828,11336,-144,-118,118,8192,-9516,9656,-41,122,-184,-14056,4468,4780,-1006,120,-66,-14132,-4208,6472,-522,102,-123,0
1858.4722890853884,9044,5880,11268,-114,-87,118,8468,-9492,9472,-33,101,-195,-14136,4536,4884,-1021,144,-89,-13996,-4188,6268,-494,154,-141,0
1858.5058779716492,9264,5844,11244,-144,-62,94,8384,-9452,9436,-10,99,-166,-14028,4484,4640,-1054,116,-54,-14112,-4152,6440,-483,181,-158,0
1858.5395889282229,9132,5852,11392,-149,-57,101,8548,-9484,9344,-28,123,-180,-14132,4548,4780,-1016,98,-29,-14284,-4212,6512,-475,128,-123,0
1858.5730309486387,9364,5788,11328,-172,-26,101,8548,-9716,9240,-45,99,-182,-14108,4520,4828,-1020,67,-101,-14136,-4280,6488,-502,125,-141,0
1858.6067240238187,9332,5672,11508,-98,-37,82,8232,-9704,9528,-27,143,-152,-14116,4496,4860,-985,68,-66,-14176,-4296,6408,-495,113,-159,0
1858.6401889324188,9300,6140,11508,-134,-29,84,8404,-9512,9520,-47,157,-147,-14144,4512,4628,-1011,69,-24,-14140,-4292,6620,-489,90,-136,0
1858.6736440658567,9260,5804,11056,-98,-15,103,8524,-9480,9356,-70,148,-158,-13976,4424,5108,-1276,83,-4,-13992,-4172,6492,-488,77,-166,0
1858.7071981430054,9268,5788,11268,-113,-12,65,8440,-9524,9604,-54,159,-175,-14212,4424,4784,-988,80,-44,-14280,-4208,6476,-469,111,-155,0
1858.7404999732971,9236,5660,11516,-131,251,93,8496,-9536,9428,-50,140,-162,-14124,4512,5056,-778,114,-62,-14092,-4280,6432,-499,137,-129,0
1858.7739610672,9244,5824,11320,-110,-33,101,8492,-9512,9668,-7,118,-163,-14296,4480,4960,-1024,95,-76,-14152,-4252,6524,-258,143,-140,0
1858.8077089786532,9412,5784,11048,-70,-34,114,8516,-9512,9596,-31,105,-155,-13840,4500,4796,-1020,119,-63,-14176,-4252,6476,-496,146,-126,0
1858.8412780761719,9140,6032,11472,-132,-33,99,8200,-9480,9724,-33,127,-202,-13840,4476,4756,-772,103,-42,-14132,-4208,6584,-486,165,-130,0
1858.8747920989988,8964,5816,11380,-77,-38,85,8476,-9492,9400,-55,134,-166,-14104,4588,4920,-1006,89,-81,-14112,-4228,6444,-498,122,-146,0
1858.9106781482697,9232,5844,11120,-110,-33,72,8520,-9448,9480,-25,121,-151,-14152,4456,4644,-1031,21,-69,-14140,-4328,6528,-261,117,-149,0
1858.9456710815427,9176,5940,11240,-114,-20,84,8508,-9232,9564,-12,129,-143,-14084,4580,4792,-1027,109,-44,-14160,-4180,6444,-468,71,-113,0
1858.9811980724335,9256,5868,11340,-92,250,90,8496,-9528,9408,-71,162,-175,-14108,4468,4772,-1004,71,-68,-14252,-4268,6528,-493,119,-159,0
1859.0174729824068,9452,5852,11016,-146,-26,76,8460,-9460,9664,-28,154,-179,-13832,4464,4800,-1042,78,-93,-14080,-4220,6588,-472,93,-167,0
1859.0522320270536,9172,5832,11352,-111,6,84,8400,-9500,9316,-5,136,-170,-14052,4560,4752,-1029,78,-28,-14144,-4236,6528,-482,133,-142,0
1859.087562084198,9116,5996,11464,-85,-10,100,8320,-9564,9556,-49,128,-162,-14084,4848,4676,-1016,58,-20,-14200,-4348,6636,-503,121,-148,0
1859.1237931251524,9140,5672,11264,-119,-49,100,8352,-9568,9588,-43,153,-172,-14040,4436,5012,-1016,73,-22,-14168,-4288,6508,-506,140,-132,0
1859.1593530178068,9140,5924,11396,-97,-49,106,8412,-9564,9716,-27,125,-173,-14100,4460,4808,-1018,111,-111,-14104,-4240,6528,-762,120,-112,0
1859.1943960189815,9272,5976,11256,-137,-39,123,8464,-9476,9704,-25,136,-175,-14004,4588,4832,-1000,118,-31,-14060,-4184,6520,-512,133,-116,0
1859.2295451164243,9076,5884,11220,-85,-43,114,8496,-9492,9672,-51,111,-176,-14128,4504,4756,-998,94,-78,-14144,-4236,6460,-501,147,-120,0
1859.2647869586945,9188,5968,11344,-135,-83,94,8412,-9404,9224,-40,118,-169,-14052,4604,4876,-993,113,-57,-14160,-4248,6500,-476,134,-149,0
1859.3006210327148,9216,5916,11304,-126,-50,117,8488,-9560,9544,-28,155,-153,-14104,4560,4776,-1001,99,-91,-14192,-4224,6556,-768,143,-130,0
1859.335610151291,9140,5960,11380,-130,-53,99,8444,-9476,9516,-47,132,-159,-13984,4592,4880,-771,82,-58,-14164,-4308,6432,-495,131,-135,0
1859.3717899322507,9188,5900,11052,-118,-78,105,8436,-9580,9648,-48,127,-181,-13956,4476,4928,-1005,93,-38,-14096,-4260,6512,-469,130,-141,0
1859.4080719947815,8996,5976,11208,-130,-34,78,8556,-9520,9652,-53,147,-200,-13828,4536,5012,-969,103,-83,-14056,-4308,6476,-481,139,-104,0
1859.4438481330872,9432,5848,11244,-147,-56,92,8472,-9460,9608,-23,154,-186,-14012,4456,4768,-979,101,-104,-13888,-4204,6428,-455,137,-138,0
1859.4795999526975,9108,5832,11224,-128,-35,87,8456,-9576,9684,-40,141,-185,-14056,4476,4780,-989,95,-68,-14324,-4220,6628,-496,140,-142,0
1859.5146210193634,9376,5728,11032,-133,-61,111,8356,-9552,9412,-20,149,-185,-14044,4364,4680,-1016,104,-80,-14100,-4284,6516,-505,137,-128,0
1859.550833940506,9096,5960,11376,-127,-54,116,8536,-9564,9588,-55,131,-208,-14184,3984,5024,-1260,102,-143,-14140,-4232,6560,-499,151,-115,0
1859.5869579315188,9136,5992,11304,-144,-47,115,8696,-9224,9344,-19,148,-187,-14100,4552,4744,-973,86,-98,-14144,-4124,6600,-468,132,-122,0
1859.6205151081083,9156,5908,11476,-150,-73,107,8432,-9432,9488,-37,142,-152,-14292,4840,4820,-987,71,-53,-14220,-4116,6484,-527,160,-135,0
1859.6537210941315,9252,5856,11296,-185,-33,109,8260,-9716,9312,255,150,-153,-14092,4452,4816,-1029,63,-46,-14140,-4304,6616,-482,130,-93,0
1859.6874170303345,9152,5992,11408,-189,-2,139,8424,-9472,9564,-20,131,-165,-14096,4524,5040,-1007,109,-79,-14236,-4424,6520,-492,141,-57,0
1859.7210490703583,8960,5932,11280,-204,-126,119,8556,-9512,9256,-25,155,-179,-14092,4564,4888,-973,84,-117,-14216,-4220,6540,-482,165,-109,0
1859.754565000534,9424,6032,11360,-224,-99,124,8420,-9512,9592,-3,105,-212,-14136,4412,4812,-988,110,-141,-14336,-4248,6608,-447,173,-98,0
1859.7879581451411,9156,6116,11580,-197,-124,121,8372,-9456,9480,-43,125,-191,-14096,4492,4804,-995,105,-72,-14092,-4348,6532,-501,155,-88,0
1859.8215670585632,9188,6040,11516,-220,-55,130,8516,-9568,9520,-25,151,-195,-14108,4604,4992,-953,117,-69,-14196,-4276,6532,-459,128,-90,0
1859.8553581237793,9176,5936,11400,-252,-105,133,8340,-9516,9568,-52,148,-164,-14008,4564,4912,-933,89,-90,-14188,-4248,6416,-486,180,-79,0
1859.8887069225311,8968,5976,11300,-250,-94,122,8196,-9540,9484,-48,163,-174,-13836,4472,5092,-979,154,-135,-14108,-4260,6492,-478,188,-64,0
1859.9223520755768,9152,5864,11484,-247,-127,137,8364,-9468,9480,-22,102,-198,-14028,4448,4992,-974,115,-105,-14064,-4164,6564,-498,237,-40,0
1859.9556031227112,9172,5860,11344,-237,-133,158,8416,-9260,9380,-42,97,-229,-14024,4444,4716,-987,172,-108,-14184,-4348,6432,-458,213,-50,0
1859.9893069267273,9180,5864,11452,-261,-179,174,8572,-9492,9672,-3,107,-229,-14132,4504,4908,-1010,134,-99,-14188,-4276,6552,-468,195,-56,0
1860.0230040550232,9260,5980,11416,-227,-143,134,8492,-9252,9396,-23,122,-215,-14128,4480,4776,-1001,126,-82,-14140,-4168,6408,-465,214,-70,0
1860.0567650794983,9428,5636,11388,-226,-136,145,8528,-9540,9508,-6,117,-183,-14160,4508,4856,-992,112,-148,-14124,-4228,6420,-494,176,-82,0
1860.0900740623474,9444,5948,11216,-227,-149,156,8576,-9492,9532,-20,144,-183,-14064,4476,4920,-992,103,-111,-13908,-4296,6540,-468,168,-75,0
1860.124074935913,9204,5876,11320,-240,-140,151,8460,-9516,9564,-38,128,-209,-14288,4508,5080,-1006,115,-79,-14120,-4232,6616,-471,168,-83,0
1860.157382965088,9184,5856,11356,-211,-133,142,8696,-9592,9696,-46,117,-186,-14076,4496,4824,-972,134,-103,-14156,-4304,6424,-468,203,-65,0
1860.1906719207764,9140,6104,11492,-205,-159,141,8656,-9252,9488,-38,125,-223,-14112,4508,4812,-984,123,-117,-14124,-4188,6520,-476,184,-71,0
1860.2243640422819,9376,5796,11424,-180,-142,132,8432,-9484,9548,-20,103,-210,-14084,4556,4688,-1010,106,-110,-14188,-4136,6488,-487,198,-58,0
1860.2579600811005,9336,5852,11404,-189,-127,162,8544,-9540,9568,255,114,-215,-14208,4488,4848,-994,150,-128,-14260,-4344,6612,-491,206,-80,0
1860.2912089824679,9264,5856,11300,-184,-142,145,8236,-9516,9480,-8,105,-203,-14120,4472,4916,-1000,102,-83,-14096,-4168,6556,-470,170,-90,0
1860.3247959613805,9416,5884,11264,-208,-134,153,8640,-9436,9536,-23,113,-183,-14036,4464,4768,-986,137,-57,-14192,-4216,6464,-479,176,-87,0
1860.3582241535187,9272,5848,11424,-196,-134,163,8564,-9460,9360,-38,107,-173,-14180,4544,4856,-995,122,-82,-14212,-4236,6460,-512,166,-91,0
1860.3916950225828,8988,5772,11444,-177,-128,135,8532,-9472,9484,-22,116,-195,-14212,4404,4636,-1018,90,-93,-14148,-4216,6400,-461,141,-115,0
1860.4253549575803,9156,5880,11292,-184,-114,145,8268,-9352,9268,4,133,-157,-13904,4492,4792,-990,81,-111,-14096,-4236,6452,-465,157,-98,0
1860.4589540958405,9252,5872,11236,-178,-129,110,8468,-9492,9532,-43,134,-201,-14092,4488,4908,-1016,116,-87,-14252,-4144,6448,-462,189,-89,0
1860.492418050766,9300,5688,11220,-235,-142,135,8520,-9428,9456,-2,119,-232,-13916,4488,4860,-1049,120,-76,-14212,-4164,6480,-463,155,-109,0
1860.5261931419373,9352,5832,11440,-142,-110,119,8200,-9504,9396,-14,120,-189,-14084,4420,4744,-1015,88,-66,-14156,-4264,6496,-493,92,-140,0
1860.5600299835203,9240,6140,11172,-156,-85,114,8204,-9264,9628,-62,149,-167,-14052,4464,4744,-1029,103,-75,-14176,-4180,6244,-480,86,-146,0
1860.595919132233,9272,5780,11292,-151,-85,89,8484,-9500,9656,-65,137,-196,-14020,4560,4992,-1026,106,-68,-14152,-4172,6484,-519,133,-161,0
1860.6312561035156,9272,5928,11320,-122,-27,78,8448,-9436,9712,-31,137,-160,-14048,4380,4856,-1009,89,-90,-14160,-4224,6416,-496,131,-157,0
1860.6673979759212,9220,5776,11368,-127,-57,89,8532,-9552,9564,10,138,-186,-14072,4432,4680,-780,111,-77,-14136,-4264,6400,-468,125,-129,0
1860.7026190757751,9224,5872,11296,-120,-65,95,8476,-9572,9556,-53,114,-177,-14020,4504,4808,-1015,104,-53,-14168,-4176,6440,-491,128,-101,0
1860.7387130260468,9348,5644,11356,-128,-81,81,8496,-9488,9372,-38,152,-186,-13880,4776,4668,-976,86,-68,-14160,-4164,6600,-498,120,-142,0
1860.7738389968872,9280,5892,11424,-129,-40,91,8588,-9480,9468,-49,142,-151,-14032,4360,4824,-1007,84,-34,-14092,-4200,6408,-480,82,-147,0
1860.8096771240234,8992,6124,11312,-109,-7,98,8468,-9368,9512,-32,161,-142,-14296,4472,4944,-1276,83,-47,-14100,-4536,6448,-492,94,-146,0
1860.8449261188507,9284,5804,11288,-122,8,95,8220,-9440,9480,-62,126,-145,-14064,4520,4816,-985,80,-235,-14128,-4208,6560,-508,102,-127,0
1860.8804030418396,9176,5896,11200,-132,-32,78,8492,-9704,9240,-51,157,-180,-14072,4536,4776,-989,113,-14,-14124,-4224,6544,-493,125,-132,0
1860.9165880680084,9176,5780,11396,-114,-67,83,8456,-9572,9516,-61,140,-183,-13968,4592,4852,-991,81,-66,-14132,-4252,6552,-503,139,-118,0
1860.9517691135409,9264,5864,11284,-79,-47,99,8488,-9492,9648,-30,132,-163,-14128,4408,4780,-1018,110,-113,-14100,-4216,6512,-498,136,-148,0
1860.9875299930573,9284,5900,11456,-78,-44,79,8484,-9440,9540,-14,118,-179,-14140,4576,4676,-1046,88,-34,-14172,-4276,6552,-495,140,-145,0
1861.0223240852356,8972,5876,11032,-112,-34,92,8468,-9488,9408,-22,147,-170,-14068,4540,4964,-1020,68,-37,-14128,-4180,6624,-507,140,-133,0
1861.0587060451508,9244,5920,11276,-108,-19,88,8416,-9396,9540,-47,144,-173,-14156,4588,4808,-989,111,-42,-14236,-4276,6460,-258,125,-160,0
1861.0937781333923,9272,5848,11388,-103,-53,91,8556,-9552,9452,-26,159,-164,-13836,4552,4800,-1013,32,-19,-14312,-4208,6672,-498,141,-158,0
1861.1296751499171,9052,6012,11248,-120,-54,89,8360,-9448,9324,-10,183,-151,-14044,4480,4840,-1029,70,-66,-14072,-4276,6584,-508,106,-141,0
1861.1650691032412,9212,5952,11396,-116,-2,56,8432,-9716,9600,-73,157,-172,-14196,4464,5032,-998,89,-73,-14244,-4260,6416,-499,126,-175,0
1861.201370954513,9264,5656,11336,-137,-74,66,8492,-9548,9480,-34,182,-171,-14088,4412,4816,-983,77,-88,-14040,-4248,6516,-487,117,-160,0
1861.2387990951536,8984,6048,11152,-119,-42,98,8564,-9500,9500,-22,153,-180,-14092,4508,4864,-1009,98,-79,-14096,-4344,6568,-475,132,-140,0
1861.27228808403,9292,5740,11336,-81,-30,85,8676,-9480,9488,-21,136,-146,-14256,4520,4812,-769,82,-57,-14164,-4240,6464,-493,88,-161,0
1861.305673122406,9244,5812,11312,-114,-18,86,8480,-9452,9436,-61,172,-150,-14268,4504,4824,-972,77,-35,-13884,-4300,6496,-486,95,-161,0
1861.3393421173091,9396,6128,11284,-138,-59,110,8408,-9512,9540,-60,138,-150,-14072,4600,4768,-1002,94,-24,-14112,-4408,6512,-502,120,-131,0
1861.3728489875793,9148,5852,11296,-93,-51,90,8428,-9676,9220,-34,124,-178,-14088,4460,4852,-1007,120,-58,-14156,-4236,6496,-501,145,-152,0
1861.406063079834,9016,6124,11208,-129,-57,123,8676,-9712,9232,-24,121,-180,-14088,4596,5016,-1043,132,-87,-14108,-4276,6548,-506,155,-133,0
1861.4401469230652,9224,5900,11332,-125,-45,121,8404,-9504,9556,-27,99,-189,-13856,4384,4768,-770,131,-97,-14116,-4372,6444,-500,172,-140,0
1861.473545074463,9160,5984,11296,-150,-79,123,8404,-9520,9648,-27,154,-170,-14084,4516,4772,-1005,122,-57,-14188,-4348,6592,-487,151,-125,0
1861.5071320533752,9164,5832,11364,-135,-87,109,8452,-9580,9132,-58,457,-177,-13840,4120,4652,-1011,144,-73,-14104,-4212,6648,-494,172,-146,0
1861.5409550666807,9132,5812,11508,-156,-64,104,8464,-9632,9504,-37,115,-152,-14312,4472,4904,-996,108,-72,-14152,-4368,6528,-518,111,-118,0
1861.574413061142,9168,5920,11276,-145,-46,97,8664,-9448,9500,-42,124,-154,-14028,4640,4932,-996,105,-83,-14144,-4404,6512,-487,124,-134,0
1861.6081750392914,8992,6132,11432,-139,-64,95,8488,-9484,9496,-52,148,-196,-14044,4456,5052,-987,100,-83,-14168,-4256,6508,-480,146,-151,0
1861.6417241096497,9228,5880,11448,-151,-88,89,8452,-9540,9516,-26,127,-181,-14004,4580,4620,-975,96,-73,-14140,-4260,6452,-492,154,-146,0
1861.6752769947052,9192,5932,11228,-127,-48,99,8352,-9468,9492,-37,148,-178,-14276,4504,4676,-999,89,-58,-13868,-4284,6616,-506,152,-131,0
1861.7089359760284,9148,5852,11304,-150,-53,101,8388,-9500,9568,-39,101,-168,-13992,4524,4664,-1014,121,-38,-13868,-4172,6484,-510,128,-130,0
1861.7424759864807,9200,5892,11288,-152,-39,132,8492,-9456,9556,-15,125,-163,-13944,4524,4788,-1001,99,-82,-14176,-4344,6616,-492,156,-120,0
1861.7761859893799,9168,5972,11464,-151,-37,118,8444,-9392,9556,-44,150,-138,-14052,4472,4720,-1007,131,-58,-14328,-4292,6556,-505,159,-83,0
1861.8097879886627,9160,5924,11008,-171,-69,108,8384,-9716,9660,-24,139,-178,-14044,4504,4692,-1001,104,-75,-14252,-4252,6668,-502,153,-114,0
1861.843199968338,9140,5732,11356,-174,-35,127,8452,-9236,9484,-38,164,-171,-14324,4516,4784,-1006,133,-44,-14112,-4248,6580,-473,170,-96,0
1861.8768069744108,9376,6112,11292,-218,-88,120,8424,-9532,9528,-19,136,-172,-13972,4832,5084,-984,87,-69,-13872,-4332,6612,-484,146,-79,0
1861.9102380275724,9144,6128,11392,-196,-120,110,8436,-9384,9416,-37,163,-208,-14032,4604,4836,-963,110,-87,-14140,-4272,6244,-482,148,-66,0
1861.9465839862823,9160,5888,11452,-205,-118,128,8392,-9520,9584,-50,120,-192,-13828,4788,4980,-955,73,-107,-14096,-4076,6588,-505,182,-88,0
1861.98051404953,9160,5856,11440,-206,-115,138,8424,-9516,9700,254,118,-188,-13880,4600,5092,-1280,79,-123,-14128,-4328,6464,-493,177,-83,0
1862.0141401290894,9176,5928,11156,-201,-118,131,8680,-9296,9576,17,148,-184,-14068,4284,4916,-991,136,-126,-14336,-4320,6444,-478,167,-71,0
1862.0478749275208,8976,5680,11360,-234,-123,136,8196,-9480,9708,-69,170,-201,-14320,4496,4804,-985,90,-93,-14112,-4220,6460,-479,206,-97,0
1862.0814189910889,8968,5840,11388,-278,-79,108,8504,-9512,9256,-254,151,-187,-14044,4492,4644,-1002,108,-108,-13920,-4228,6420,-450,180,-94,0
1862.1148829460144,9128,5708,11476,-219,-97,139,8516,-9508,9548,-13,137,-184,-14092,4460,4736,-1003,80,-76,-14168,-4332,6500,-467,163,-57,0
1862.1481461524963,9396,5972,11320,-241,-119,129,8452,-9664,9476,-47,145,-193,-13940,4424,4820,-990,130,-120,-14328,-4272,6504,-458,149,-84,0
1862.194946050644,9160,5792,11384,-239,-137,125,8476,-9524,9524,-41,142,-192,-14132,4504,4732,-965,108,-84,-14336,-4100,6452,-476,176,-58,0
1862.2401089668274,9000,5804,11276,-217,-119,151,8700,-9708,9532,-22,126,-196,-14144,4500,4820,-1024,145,-107,-14260,-4256,6188,-486,190,-50,0
1862.2807409763332,9200,5936,11396,-241,-122,154,8436,-9444,9496,-32,112,-207,-14072,4568,4828,-1033,147,-127,-14328,-4284,6520,-461,190,-86,0
1862.3156089782715,9180,5868,11744,-228,-166,176,8672,-9260,9668,-14,111,-211,-13828,4476,5096,-976,145,-83,-14192,-4204,6652,-484,179,-82,0
1862.3512039184573,9468,5816,11496,-194,-116,151,8688,-9548,9472,-31,127,-214,-14088,4544,4628,-968,144,-105,-14108,-4180,6596,-494,211,-64,0
1862.3860690593724,9308,5852,11364,-187,-156,129,8584,-9540,9292,-5,112,-206,-14152,4532,4816,-986,143,-87,-14164,-4192,6456,-487,177,-68,0
1862.4217789173124,9240,5860,11336,-200,-131,144,8452,-9416,9572,-13,120,-202,-13852,4500,4616,-1019,152,-101,-14124,-4300,6404,-484,166,-86,0
1862.458047151565,9200,5844,11216,-208,-141,144,8504,-9232,9604,-38,128,-231,-14080,4572,4732,-955,129,-81,-14208,-4228,6476,-459,168,-63,0
1862.4932250976565,9260,5856,11292,-214,-124,133,8480,-9496,9548,-21,122,-212,-14164,4456,4764,-1012,139,-99,-14176,-4188,6356,-454,171,-90,0
1862.5293390750883,9016,5852,11292,-177,-148,123,8460,-9368,9556,0,153,-185,-13892,4424,4612,-1016,101,-115,-14228,-4208,6488,-485,210,-115,0
1862.5651230812073,9252,5764,11204,-189,-149,136,8376,-9452,9484,-23,148,-203,-13992,4480,4868,-1004,94,-123,-14140,-4228,6452,-462,185,-76,0
1862.6012439727783,9236,5744,11496,-188,-135,127,8452,-9556,9572,-28,142,-231,-14120,4384,4832,-1007,101,-60,-14104,-4184,6404,-485,195,-81,0
1862.6371419429777,9260,5784,11088,-157,-163,151,8468,-9696,9644,0,101,-218,-13956,4536,4824,-1012,133,-137,-14032,-4352,6456,-496,175,-98,0
1862.6725101470947,9204,5856,11304,-198,-125,156,8580,-9412,9644,-19,97,-210,-14332,4412,4820,-993,126,-69,-14200,-4164,6500,-496,182,-102,0
1862.7076621055603,9268,5784,11340,-189,-139,143,8440,-9472,9516,-60,138,-202,-14336,4568,4716,-1006,141,-79,-14160,-4172,6460,-474,138,-92,0
1862.7439110279083,9328,6080,11176,-125,-90,134,8524,-9232,9528,-88,114,-183,-14236,4444,4816,-773,99,-44,-14228,-4128,6500,-516,119,-151,0
1862.779128074646,9284,5820,11480,-138,-61,71,8448,-9484,9516,-23,130,-148,-14172,4356,4912,-772,82,-72,-14252,-4204,6484,-519,141,-159,0
1862.8142011165617,9280,5860,11328,-143,-26,95,8548,-9488,9396,-14,132,-157,-14084,4416,4696,-1024,98,-83,-14168,-4168,6500,-490,88,-134,0
1862.8501589298248,9284,5884,11504,-90,-37,91,8512,-9476,9572,-48,151,-192,-14148,4456,4696,-1031,80,-86,-14176,-4176,6536,-473,143,-159,0
1862.885431051254,9292,5732,11436,-169,-40,104,8544,-9712,9540,-19,141,-169,-14112,4552,4992,-1020,94,-75,-14236,-4220,6476,-512,97,-158,0
1862.9227240085604,9324,5776,11372,-115,-25,86,8472,-9504,9672,0,133,-146,-14044,4452,4804,-1279,41,-20,-14180,-4276,6496,-494,83,-162,0
1862.9561820030212,9336,5844,11036,-144,-1,63,8504,-9436,9540,-46,168,-140,-14048,4460,4880,-1042,80,-12,-14320,-4272,6456,-475,48,-149,0
1862.9897029399872,9204,5868,11284,-145,-2,107,8440,-9488,9524,-49,157,-158,-14108,4484,4936,-1020,73,-36,-14212,-4264,6480,-499,92,-126,0
1863.0234749317167,9008,5652,11172,-137,-20,103,8440,-9460,9632,-65,145,-147,-14116,4492,4948,-1003,81,-69,-14176,-4180,6576,-465,93,-127,0
1863.057176113129,9340,5788,11268,-125,-21,81,8432,-9564,9460,-37,146,-196,-13844,4584,4832,-998,107,-68,-13832,-4192,6588,-493,147,-137,0
1863.0903329849243,9112,5784,11468,-94,-14,98,8424,-9572,9460,-22,119,-194,-14080,4560,4988,-1274,105,-36,-14176,-4268,6564,-513,160,-150,0
1863.1238579750059,9352,6084,11376,-102,-59,127,8452,-9496,9580,-29,130,-178,-14300,4524,4796,-990,99,-89,-14156,-4244,6640,-482,136,-120,0
1863.1569740772247,9200,5852,11404,-101,-34,83,8592,-9552,9348,-53,111,-170,-14100,4464,4700,-1002,91,-79,-14152,-4212,6524,-492,132,-137,0
1863.190540075302,9336,5652,11336,-92,-47,121,8464,-9640,9640,-10,144,-158,-14096,4464,4624,-1009,105,-33,-14144,-4148,6620,-496,92,-139,0
1863.224050998688,9276,5884,11400,-104,-28,125,8484,-9468,9548,-17,131,-158,-14072,4384,5024,-1005,91,-1,-14108,-4284,6384,-518,104,-143,0
1863.2579369544983,9164,5820,11388,-119,-16,62,8484,-9608,9600,-41,167,-173,-14336,4504,4848,-996,91,-49,-14144,-4328,6460,-502,131,-158,0
1863.291516065597,9244,5848,11384,-115,-60,55,8696,-9484,9696,-46,165,-171,-14284,4564,4616,-1004,82,-70,-13920,-4204,6432,-480,130,-143,0
1863.3249430656433,9220,5788,11292,-120,-52,89,8500,-9228,9644,-44,154,-195,-14056,4560,5056,-1004,85,-92,-14196,-4232,6540,-472,163,-126,0
1863.3584361076355,9160,5860,11368,-108,-50,91,8536,-9468,9536,-10,159,-187,-14140,4576,4812,-1008,96,-77,-14192,-4232,6556,-516,138,-153,0
1863.3917949199679,9120,5896,11420,-93,-49,87,8536,-9468,9596,-24,138,-183,-14108,4504,4852,-1000,85,-56,-14156,-4184,6612,-519,145,-147,0
1863.425423145294,9220,5880,11416,-116,-89,101,8684,-9408,9556,-7,129,-173,-14068,4512,5052,-1002,85,-55,-14144,-4288,6496,-489,141,-151,0
1863.4589641094208,9140,5968,11360,-108,-36,105,8476,-9500,9444,-53,156,-171,-14020,4584,4980,-1010,98,-91,-14096,-4228,6444,-479,136,-137,0
1863.4924290180204,9248,5968,11452,-106,-53,110,8388,-9500,9680,-35,133,-159,-14188,4564,4936,-1018,115,-52,-14256,-4240,6572,-487,111,-109,0
1863.5259680747988,9280,6108,11492,-112,-38,114,8420,-9508,9508,-11,121,-141,-14040,4492,4888,-1021,43,-26,-14152,-4272,6476,-498,136,-136,0
1863.5598211288452,9164,6104,11400,-142,-36,114,8404,-9432,9540,-18,143,-127,-14140,4472,4664,-1274,110,-53,-13896,-4336,6248,-487,100,-133,0
1863.5935320854187,9224,6024,11336,-94,-80,106,8500,-9428,9472,-97,151,-162,-14132,4480,4992,-1017,39,-24,-14192,-4328,6260,-493,150,-155,0
1863.6272230148315,9228,5900,11284,-139,-44,78,8240,-9540,9680,-7,153,-182,-14164,4536,4588,-1011,77,-60,-14120,-4296,6524,-472,172,-135,0
1863.6605899333954,9232,5896,11260,-145,-24,92,8512,-9584,9228,-17,127,-165,-13992,4500,4908,-997,99,-71,-14088,-4400,6556,-501,134,-120,0
1863.6942579746244,8972,5940,11372,-131,-30,119,8440,-9276,9596,-43,169,-148,-14168,4596,4912,-1001,108,-55,-14156,-4336,6492,-480,116,-119,0
1863.7278399467468,9188,6108,11016,-140,-56,96,8488,-9488,9548,-52,145,-169,-14072,4860,4756,-979,86,-51,-14072,-4312,6636,-499,119,-140,0
1863.7614419460297,9224,5636,11384,-129,-46,110,8412,-9476,9556,-65,161,-154,-14068,4568,4796,-986,112,-58,-14132,-4560,6412,-525,162,-131,0
1863.794976949692,8968,5860,11468,-113,-63,112,8280,-9432,9548,-54,134,-171,-13832,4572,4824,-1008,91,-49,-14312,-4256,6460,-487,137,-102,0
1863.8285789489748,9108,5872,11228,-136,-78,131,8200,-9680,9724,-6,108,-179,-14076,4496,4684,-1043,107,-91,-14296,-4112,6352,-261,166,-150,0
1863.8618910312653,9440,5832,11336,-134,-101,131,8492,-9432,9540,-18,142,-207,-14096,4504,4960,-1021,115,-99,-14188,-4352,6844,-506,192,-126,0
1863.8955669403076,9228,5896,11356,-146,-51,92,9244,-9504,9840,-48,104,-142,-13960,4520,4692,-1063,127,-60,-14084,-4244,6524,-471,161,-129,0
1863.9288580417633,9440,6112,11016,-144,-64,70,8208,-9544,9576,1,132,-180,-14004,4572,4832,-1009,101,-52,-14188,-4584,6436,-487,144,-105,0
1863.9649429321287,9088,5912,11476,-164,-52,108,8500,-9476,9492,-15,106,-157,-14080,4528,4956,-1036,126,-96,-14268,-4248,6616,-488,123,-132,0
1864.0008630752563,8960,6120,11432,-143,-44,113,8432,-9516,9516,-44,155,-176,-14072,4504,4836,-1004,75,-41,-14140,-4304,6512,-486,151,-152,0
1864.0360510349274,9180,5916,11084,-140,-50,99,8408,-9572,9564,-47,156,-183,-14032,4564,5036,-990,87,-128,-14176,-4284,6492,-487,167,-134,0
1864.0721540451052,9196,5816,11336,-155,-86,109,8612,-9572,9588,-36,161,-168,-14064,4648,4836,-1021,96,-50,-14068,-4208,6472,-496,168,-138,0
1864.1080119609833,9408,6116,11348,-149,-17,105,8672,-9488,9576,-22,131,-168,-13988,4528,5048,-1017,108,-88,-14160,-4336,6564,-486,133,-98,0
1864.143012046814,9160,5944,11384,-136,-51,126,8688,-9268,9608,-14,112,-178,-14332,4452,4736,-995,126,-64,-14156,-4296,6636,-498,168,-92,0
1864.1787180900574,9372,5924,11320,-192,-70,122,8352,-9512,9468,-30,142,-167,-13892,4564,4980,-1012,131,-92,-14116,-4280,6476,-476,168,-100,0
1864.214151144028,8984,5888,11416,-189,-51,104,8496,-9576,9628,-23,149,-168,-14056,4552,4808,-969,144,-113,-13884,-4264,6484,-474,163,-80,0
1864.2498509883883,9212,5928,11388,-196,-89,151,8452,-9472,9576,-24,109,-210,-14012,4480,4980,-975,145,-101,-14156,-4252,6620,-490,185,-42,0
1864.2849600315094,9120,5976,11196,-190,-128,139,8200,-9552,9552,-39,123,-203,-14092,4432,4840,-988,128,-115,-14204,-4320,6496,-488,176,-85,0
1864.3207700252533,8960,5688,11340,-203,-113,126,8416,-9244,9660,-30,141,-207,-14184,4576,4888,-985,91,-111,-14164,-4296,6516,-494,165,-65,0
1864.3559761047363,9156,6124,11076,-237,-109,133,8448,-9528,9492,-15,132,-209,-14068,4380,4764,-968,98,-148,-14164,-4252,6628,-477,205,-66,0
1864.3913369178772,9188,5896,11272,-279,-124,124,8472,-9488,9496,-40,155,-214,-14044,4452,4812,-965,115,-104,-14176,-4188,6468,-437,154,-93,0
1864.4262340068815,9236,5932,11424,-267,-120,139,8384,-9552,9608,-54,134,-176,-13976,4560,4764,-978,111,-107,-14144,-4156,6500,-460,176,-78,0
1864.4622669219973,8968,5956,11324,-510,-130,143,8548,-9520,9448,-1,110,-188,-14084,4500,4712,-770,113,-97,-14120,-4308,6452,-461,173,-88,0
1864.4981210231779,9272,5876,11332,-234,-80,133,8508,-9424,9716,-15,142,-158,-13952,4540,4820,-999,132,-130,-13928,-4260,6220,-491,190,-100,0
1864.533373117447,9280,5840,11424,-250,-138,137,8532,-9728,9724,-31,129,-202,-13932,4512,4832,-973,124,-116,-14132,-4264,6464,-486,222,-107,0
1864.569307088852,9312,5756,11356,-236,-112,135,8472,-9420,9480,23,119,-195,-14180,4752,4940,-1276,128,-131,-14192,-4188,6644,-461,174,-95,0
1864.6057929992676,9004,5856,11396,-216,-105,135,8428,-9412,9472,-1,163,-168,-14068,4424,4904,-1012,104,-44,-14252,-4360,6548,-443,126,-67,0
1864.639109134674,9320,5976,11512,-231,-97,130,8616,-9488,9580,-32,147,-176,-14028,4480,4956,-961,105,-84,-14168,-4336,6536,-474,122,-59,0
1864.672569990158,9196,5816,11412,-215,-141,140,8400,-9460,9568,-51,131,-167,-14032,4412,4880,-1001,105,-99,-14144,-4204,6440,-501,193,-63,0
1864.7060871124268,9076,6084,11268,-185,-136,136,8440,-9544,9648,-22,113,-210,-14068,4476,4752,-1017,123,-120,-14096,-4272,6176,-468,186,-79,0
1864.7397639751434,9224,5784,11492,-190,-182,153,8500,-9400,9576,7,121,-218,-13944,4508,4600,-1004,161,-114,-14184,-3876,6160,-489,204,-16,0
1864.7731959819794,9444,5712,11168,-184,-148,168,8432,-9540,9492,-23,110,-192,-13980,4536,4852,-997,158,-74,-14216,-4228,6404,-485,197,-84,0
1864.8066871166227,9244,5768,11516,-206,-180,165,8492,-9536,9244,-14,109,-213,-14144,4496,4892,-773,133,-93,-14220,-4328,6444,-474,176,-89,0
1864.8403561115265,9308,6092,11068,-187,-143,141,8504,-9592,9656,-33,128,-222,-14152,4556,5064,-990,112,-126,-14148,-4220,6416,-518,199,-90,0
1864.8736820220947,9120,5680,11224,-189,-150,146,8520,-9264,9476,0,122,-201,-14004,4480,4656,-1036,121,-118,-14232,-4280,6444,-486,163,-83,0
1864.906991004944,9412,5668,11340,-193,-119,153,8360,-9432,9304,-28,107,-215,-14120,4480,5072,-1002,142,-99,-14132,-4308,6400,-441,140,-68,0
1864.9404990673063,9396,5776,11040,-203,-150,129,8568,-9440,9428,-41,115,-225,-14268,4424,4940,-976,93,-51,-14268,-4304,6556,-465,168,-94,0
1864.973951101303,9276,5684,11456,-164,-156,111,8484,-9592,9512,-38,144,-184,-14136,4420,4852,-1029,74,-107,-14124,-4192,6604,-512,163,-124,0
1865.0075850486755,9276,5856,11264,-195,-170,140,8696,-9268,9680,43,138,-195,-14040,4436,4944,-1042,113,-133,-14076,-4228,6420,-465,174,-84,0
1865.0411279201508,9196,5896,11192,-132,-124,145,8376,-9392,9504,-40,112,-225,-14008,4520,4736,-1002,133,-152,-14192,-4184,6224,-500,173,-105,0
1865.0746021270752,9032,5828,11336,-161,-171,138,8476,-9452,9636,-48,100,-212,-14120,4500,4668,-983,107,-78,-14204,-4256,6472,-507,173,-116,0
1865.1081590652468,9268,5776,11280,-100,-160,130,8556,-9480,9448,-44,130,-183,-14268,4480,5036,-989,109,-64,-14168,-4212,6420,-258,95,-160,0
1865.1415700912476,9340,5880,11456,-128,-60,114,8544,-9452,9516,-7,124,-157,-14012,4412,4720,-1033,110,-52,-14220,-4100,6416,-486,55,-164,0
1865.1751661300657,9304,5852,11264,-167,31,117,8416,-9444,9428,-18,126,-141,-14124,4548,4704,-1036,64,230,-14240,-4236,6456,-483,72,-172,0
1865.2085230350494,9264,5808,11300,-148,1,84,8524,-9464,9460,3,166,-142,-14048,4504,4916,-1015,72,246,-14148,-4200,6468,-496,89,-152,0
1865.2421300411224,9268,5908,11252,-157,252,95,8488,-9220,9724,-45,134,-169,-14264,4576,4796,-1052,83,-6,-13868,-4164,6500,-259,136,-142,0
1865.275599002838,9288,5872,11316,-115,-60,91,8484,-9432,9500,-34,132,-186,-14040,4512,4796,-1020,96,-60,-14128,-4240,6468,-495,136,-139,0
1865.3092610836027,9172,5816,11360,-103,-48,95,8416,-9552,9556,-39,136,-170,-13860,4576,5052,-968,88,-90,-14148,-4312,6472,-495,144,-113,0
1865.342756986618,9272,5808,11284,-121,-68,105,8472,-9488,9516,-60,138,-186,-13848,4544,5084,-990,103,-67,-14240,-4280,6660,-466,109,-129,0
1865.3762049674988,9296,5780,11316,-142,18,95,8480,-9412,9536,-41,156,-130,-14116,4524,4928,-993,86,-20,-14188,-4288,6500,-478,84,-144,0
1865.4095339775083,9236,5708,11336,-140,9,101,8472,-9516,9620,-38,164,-155,-14312,4528,4636,-984,79,-23,-14104,-4228,6508,-502,114,-143,0
1865.4430000782013,9192,5840,11508,-125,-3,107,8536,-9428,9384,-43,140,-148,-14288,4376,4684,-999,81,-70,-14156,-4072,6464,-262,110,-150,0
1865.4766039848328,9204,5796,11380,-124,-14,102,8204,-9280,9404,-50,149,-157,-13992,4392,4916,-1006,102,-82,-14236,-4196,6476,-499,112,-148,0
1865.5102219581604,9456,5792,11460,-75,-48,109,8200,-9488,9680,-41,132,-166,-14224,4468,5112,-1276,111,-53,-13876,-4236,6544,-490,148,-129,0
1865.5440080165863,9432,5632,11372,-109,-34,85,8544,-9676,9500,-20,140,-177,-14088,4428,5028,-1004,88,-86,-14156,-4232,6568,-505,144,-146,0
1865.5774860382085,8988,5796,11492,-114,-27,94,8532,-9488,9292,-12,141,-181,-14100,4464,4864,-1270,86,-41,-14124,-4276,6400,-513,137,-155,0
1865.6108050346375,9176,5836,11372,-117,-53,94,8476,-9432,9608,-31,161,-184,-14124,4440,4816,-1030,85,-38,-14176,-4232,6528,-503,150,-179,0
1865.6481370925903,9240,5920,11504,-126,-34,65,8516,-9556,9476,-33,171,-175,-14052,4544,4904,-1014,62,-64,-14200,-4328,6556,-492,125,-148,0
1865.6834650039673,9012,5636,11304,-104,-24,88,8684,-9416,9652,-27,149,-159,-14280,4552,4732,-1037,80,-8,-14104,-4320,6884,-501,115,-169,0
1865.7197201251984,9180,5912,11348,-112,-1,91,8196,-9412,9692,-36,146,-143,-14036,4500,4896,-1011,114,-66,-14156,-4276,6576,-500,108,-136,0
1865.7549719810484,9136,5944,11368,-128,-17,90,8504,-9276,9236,-45,132,-146,-14044,4584,4624,-1004,86,-68,-14096,-4300,6620,-495,146,-106,0
1865.7904081344604,9296,5948,11388,-142,-31,94,8416,-9540,9476,-33,154,-168,-14028,4528,4912,-986,94,-47,-14096,-4284,6436,-509,151,-171,0
1865.8256869316099,9164,5832,11476,-110,-45,98,8396,-9540,9528,-30,133,-173,-14332,4484,4632,-975,104,-41,-14228,-4252,6476,-487,158,-152,0
1865.861001968384,9228,5676,11116,-107,-51,107,8616,-9516,9568,-41,138,-161,-14076,4476,4820,-995,74,-67,-14108,-4272,6456,-471,145,-127,0
1865.8959629535675,9152,5884,11408,-119,-49,113,8668,-9496,9664,-22,144,-180,-14328,4548,4984,-1276,87,-52,-14184,-4292,6332,-503,147,-132,0
1865.9313480854034,9176,5872,11316,-122,-85,100,8612,-9536,9728,-47,163,-161,-14060,4500,4740,-1006,98,-90,-14324,-4324,6516,-487,147,-126,0
1865.967571973801,9204,5848,11108,-144,-35,99,8508,-9456,9676,-63,123,-177,-13860,4544,4904,-969,86,-27,-14232,-4148,6468,-481,112,-146,0
1866.0027439594269,9172,5824,11408,-129,-30,91,8548,-9600,9464,-41,151,-169,-14280,4560,4816,-1041,75,-48,-14236,-4300,6460,-500,151,-130,0
1866.0386800765991,9116,5940,11392,-145,-42,123,8324,-9448,9520,12,153,-156,-14028,4512,4952,-1008,107,-103,-13972,-4292,6584,-486,100,-154,0
1866.0740990638733,9300,5900,11468,-95,-28,100,8500,-9496,9368,-74,141,-153,-14192,4412,4608,-1018,91,-53,-14084,-4196,6432,-519,148,-155,0
1866.1101779937744,9176,5852,11224,-146,-34,90,8444,-9568,9584,-25,150,-175,-14040,4520,4892,-1021,94,-68,-14100,-4228,6620,-444,166,-115,0
1866.145451068878,9100,5908,11356,-108,-2,112,8524,-9284,9464,14,135,-133,-13988,4512,4808,-1050,77,-4,-13852,-4260,6476,-526,136,-139,0
1866.18026304245,9140,5944,11504,-138,-20,124,8380,-9580,9528,-56,134,-155,-14036,4528,4752,-985,105,-52,-14156,-4320,6488,-456,94,-136,0
1866.216133117676,9128,5948,11452,-160,-35,95,8496,-9488,9688,-57,147,-146,-14064,4536,4624,-1004,81,-85,-14116,-4232,6524,-479,134,-131,0
1866.2523550987244,9104,5636,11336,-174,-51,97,8408,-9552,9524,-33,153,-157,-13908,4472,4744,-1009,125,-81,-13844,-4264,6524,-480,153,-119,0
1866.2889280319214,9040,6084,11328,-183,-49,119,8372,-9520,9272,18,142,-198,-14020,4528,4892,-1006,114,-107,-14084,-4260,6564,-470,171,-115,0
1866.322380065918,9160,5648,11388,-209,-106,142,8404,-9548,9512,-22,84,-218,-13996,4536,4672,-1007,127,-61,-14168,-4556,6548,-460,178,-62,0
1866.3558490276337,9232,5832,11476,-207,-100,134,8436,-9500,9528,19,99,-218,-13868,4544,4956,-989,122,-105,-14152,-4328,6512,-488,181,-79,0
1866.3890240192413,9212,5828,11324,-194,-103,102,8488,-9556,9568,-26,136,-209,-14088,4568,4884,-1007,84,-137,-14184,-4280,6632,-491,179,-107,0
1866.422362089157,9208,5976,11456,-201,-113,132,8548,-9468,9536,-24,162,-184,-14088,4668,4692,-1004,87,-103,-14088,-4276,6556,-499,156,-88,0
1866.455754041672,9112,5876,11532,-237,-87,122,8488,-9532,9312,-37,134,-208,-13876,4584,4912,-965,112,-78,-14084,-4304,6532,-480,163,-69,0
1866.4892950057983,9136,5956,11440,-256,-78,127,8432,-9480,9428,-45,169,-185,-14272,4420,4896,-967,115,-71,-14084,-4244,6592,-443,173,-80,0
1866.5228729248047,9256,5844,11284,-263,-96,137,8416,-9552,9556,-29,144,-220,-14016,4548,4852,-965,146,-120,-14236,-4200,6452,-465,217,-39,0
1866.5565891265867,9392,5824,11288,-235,-162,138,8532,-9572,9540,-12,128,-204,-14108,4544,4640,-1003,143,-172,-14204,-4284,6556,-476,228,-57,0
1866.5900130271912,9312,6100,11420,-217,-140,170,8680,-9484,9536,-23,103,-238,-14024,4452,5012,-1006,139,-120,-14136,-4276,6528,-481,188,-93,0
1866.6237299442291,9408,6092,11324,-204,-163,157,8392,-9236,9684,-12,128,-199,-13872,4568,4852,-1003,142,-132,-14220,-4208,6424,-478,190,-81,0
1866.656979084015,9188,6128,11508,-184,-137,111,8556,-9468,9444,-20,146,-222,-13880,4460,4764,-993,118,-140,-14132,-4236,6548,-498,179,-79,0
1866.6903700828552,9428,5672,11088,-231,-129,127,8508,-9244,9700,-9,136,-193,-14132,4384,4804,-998,129,-133,-14200,-4212,6428,-463,156,-72,0
1866.7238950729372,9236,6140,11412,-220,-129,151,8372,-9232,9612,-47,130,-182,-14088,4492,4652,-988,122,-94,-14188,-4168,6444,-495,132,-73,0
1866.7574341297147,9260,5804,11444,-210,-82,157,8232,-9504,9724,-26,124,-179,-14124,4528,4808,-1010,104,-78,-14108,-4288,6504,-480,160,-94,0
1866.7910280227659,9076,5752,11468,-200,-125,137,8384,-9428,9572,-252,117,-173,-14044,4436,4864,-984,132,-85,-14096,-4288,6356,-454,165,-95,0
1866.8244221210484,9196,5788,11492,-158,-96,122,8672,-9500,9400,-63,113,-210,-14048,4464,5036,-976,121,-123,-14112,-4248,6540,-485,213,-88,0
1866.8579931259155,9272,5728,11332,-217,-187,141,8516,-9588,9220,16,142,-239,-14100,4644,4764,-988,140,-121,-14208,-4132,6520,-475,246,-94,0
1866.8908350467684,9284,5764,11292,-206,-131,150,8240,-9460,9716,1,119,-187,-14204,4456,5088,-1022,120,-64,-14288,-4264,6448,-480,157,-80,0
1866.9240541458132,9108,5896,11300,-188,-103,152,8468,-9532,9424,-5,160,-161,-14136,4476,4872,-1006,107,-85,-14184,-4220,6500,-470,110,-107,0
1866.9620740413668,9152,5852,11308,-210,-109,147,8396,-9600,9480,-33,138,-170,-14100,4600,5072,-997,102,-116,-14164,-4268,6748,-489,158,-85,0
1866.9958491325376,9248,5840,11412,-166,-114,143,8480,-9240,9648,-28,126,-206,-13892,4460,5100,-1016,110,-75,-14156,-4200,6436,-492,171,-86,0
1867.0294349193573,9176,5756,11488,-162,-141,141,8476,-9480,9476,-6,123,-213,-14044,4536,4808,-773,140,-89,-14140,-4228,6388,-494,189,-110,0
1867.0629920959473,9228,5792,11180,-146,-135,153,8420,-9576,9524,-33,104,-229,-13912,4464,4728,-1008,145,-134,-14120,-4232,6444,-466,178,-107,0
1867.096512079239,9308,5832,11420,-164,-205,133,8616,-9532,9312,-48,117,-221,-14216,4580,4776,-989,129,-109,-14192,-4356,6480,-472,155,-135,0
1867.1299619674685,9204,5784,11324,-164,-143,119,8516,-9436,9400,-26,85,-221,-14084,4548,4800,-996,96,-84,-14216,-4268,6416,-503,137,-159,0
1867.1633801460268,9268,5796,11156,-140,-82,95,8488,-9388,9484,-13,130,-179,-14312,4468,4776,-1276,102,-35,-14156,-4200,6320,-522,153,-136,0
1867.1969721317291,9304,5788,11260,-92,-23,104,8476,-9448,9424,-15,126,-162,-14328,4520,4824,-1020,92,-77,-14196,-4280,6444,-490,120,-147,0
1867.2305121421814,9296,5856,11408,-128,-44,86,8532,-9392,9468,-28,176,-177,-14228,4464,4684,-998,105,-70,-14104,-4244,6144,-480,108,-142,0
1867.2641870975494,9348,5812,11332,-149,-87,98,8256,-9500,9564,-51,133,-182,-14192,4504,4720,-1014,83,-59,-14188,-4284,6504,-484,126,-166,0
1867.2974150180817,9260,5764,11232,-121,-73,103,8484,-9432,9552,-39,130,-187,-14140,4476,4764,-1005,92,-60,-14220,-4244,6368,-496,100,-147,0
1867.334294080734,9456,5756,11204,-105,-65,97,8692,-9444,9724,-27,130,-154,-14100,4512,4768,-1033,94,-68,-14168,-4160,6424,-501,130,-150,0
1867.3698649406433,9188,5848,11300,-109,-29,83,8664,-9480,9576,-22,142,-159,-14032,4528,4768,-1005,85,-26,-14152,-4276,6448,-486,101,-138,0
1867.404907941818,9152,5816,11300,-125,-7,76,8508,-9460,9496,-51,163,-130,-13996,4532,4820,-991,109,-54,-14140,-4164,6584,-492,96,-134,0
1867.4399781227112,9324,5792,11372,-100,-32,116,8556,-9548,9488,-63,145,-145,-14040,4488,4820,-1022,89,-15,-14120,-4200,6560,-533,122,-126,0
1867.4751629829407,9156,5792,11512,-117,-34,83,8692,-9452,9388,-20,144,-134,-14080,4536,4760,-1047,96,-84,-14116,-4316,6588,-501,96,-145,0
1867.5103719234469,9264,5896,11340,-111,0,96,8524,-9400,9408,-51,139,-169,-14264,4480,4816,-1011,81,-51,-14084,-4344,6556,-494,128,-135,0
1867.5459740161891,9252,5852,11464,-107,-78,102,8548,-9480,9340,-52,160,-178,-14084,4516,4972,-987,91,-67,-14336,-4200,6476,-467,148,-157,0
1867.5817871093748,9244,5804,11332,-121,6,70,8484,-9412,9472,-7,147,-178,-13996,4544,4788,-998,84,-62,-14160,-4292,6476,-496,117,-166,0
1867.6176919937134,9204,5836,11160,-76,0,52,8588,-9580,9484,-14,159,-165,-14044,4372,4904,-1034,46,-62,-14216,-4252,6448,-496,113,-173,0
1867.6523489952087,9260,5860,11384,-123,-21,43,8688,-9568,9260,-51,150,-154,-14096,4416,4732,-996,66,-41,-14108,-4228,6560,-490,79,-185,0
1867.6882669925692,9144,5784,11384,-118,-28,72,8384,-9484,9520,-53,154,-151,-13852,4492,4968,-996,93,-40,-13980,-4220,6564,-499,140,-142,0
1867.7236011028292,9200,5872,11132,-82,-70,80,8224,-9476,9532,-35,154,-200,-14108,4460,4828,-1032,124,-96,-14104,-4212,6516,-506,152,-146,0
1867.7592530250547,9184,5864,11020,-106,-46,110,8356,-9464,9252,-21,117,-163,-13956,4520,4780,-1033,112,-60,-13900,-4600,6528,-488,195,-140,0
1867.7950091362004,9164,5800,11060,-112,-72,105,8504,-9224,9632,-20,137,-181,-13964,4492,4796,-1024,97,-75,-14080,-4396,6468,-517,159,-118,0
1867.8306779861452,9128,5896,11308,-119,-47,103,8224,-9224,9564,-30,111,-180,-13840,4516,5072,-1012,138,-2,-14100,-4380,6584,-500,155,-129,0
1867.866238117218,9224,5820,11392,-102,-67,111,8428,-9456,9396,-19,123,-160,-14096,4552,4836,-963,103,-73,-14196,-4488,6592,-514,129,-163,0
1867.9022550582883,9196,5920,11312,-109,-74,99,8524,-9376,9564,-52,122,-157,-14040,4504,4900,-1270,78,-41,-14144,-4296,6652,-506,133,-92,0
1867.9376590251925,9164,5908,11324,-143,-54,97,8460,-9496,9524,-58,112,-182,-13840,4552,4788,-1012,82,-94,-14148,-4300,6424,-475,131,-149,0
1867.973844051361,9024,5920,11496,-117,-53,97,8504,-9604,9608,-47,123,-178,-14288,4544,4808,-996,110,-42,-14180,-4320,6556,-485,156,-134,0
1868.007404088974,9436,5784,11392,-141,-54,114,8404,-9600,9456,-16,129,-181,-13956,4352,4908,-1007,103,-48,-14164,-4236,6564,-500,149,-118,0
1868.041177034378,8964,5932,11376,-117,-75,112,8204,-9720,9504,-42,121,-158,-14116,4528,4812,-1040,105,-71,-14140,-4264,6312,-509,116,-109,0
1868.0746979713444,9196,5992,11464,-145,-60,102,8644,-9224,9488,-32,112,-201,-14112,4548,4988,-1271,114,-99,-14080,-4324,6604,-489,162,-136,0
1868.1082310676575,9244,5980,11348,-133,-69,112,8512,-9452,9404,-49,133,-168,-14012,4520,4928,-973,97,-57,-14152,-4292,6536,-493,124,-139,0
1868.1413321495052,9184,5916,11472,-150,-70,123,8664,-9516,9420,-83,132,-188,-14336,4592,4680,-993,94,-31,-14144,-4200,6420,-509,148,-114,0
1868.1748089790344,9196,6104,11264,-136,-63,120,8528,-9584,9484,-27,152,-158,-14028,4520,4688,-1044,77,-67,-14052,-4244,6508,-512,160,-135,0
1868.2082860469816,9092,6004,11356,-139,-28,94,8196,-9412,9632,10,143,-141,-14052,4392,4856,-1025,106,-88,-14068,-4384,6460,-482,133,-115,0
1868.2417881488805,9292,5972,11104,-141,-41,104,8468,-9560,9692,-67,149,-175,-14076,4600,4860,-1017,73,-91,-14208,-4304,6504,-510,147,-106,0
1868.2752749919891,8988,5864,11028,-184,-38,87,8448,-9392,9316,3,145,-183,-14092,4352,4852,-1015,107,-62,-14216,-4240,6660,-435,147,-129,0
1868.3089399337769,9084,5908,11400,-157,-32,106,8424,-9492,9464,-15,154,-165,-14060,4408,5008,-1049,111,-35,-14160,-4336,6408,-461,154,-97,0
1868.342248916626,9120,5908,11356,-192,-13,122,8528,-9708,9456,-13,154,-168,-14300,4516,4836,-1035,122,-45,-14124,-4348,6724,-474,135,-121,0
1868.3758671283724,9132,5932,11452,-227,-37,119,8404,-9612,9488,-16,167,-165,-13916,4656,4668,-978,78,-74,-14144,-4232,6684,-489,128,-77,0
1868.4091820716856,9132,5672,11616,-205,-81,126,8436,-9532,9460,-33,146,-188,-14308,4496,4808,-973,115,-114,-14120,-4324,6564,-257,159,-75,0
1868.442525148392,9164,6112,11360,-176,-137,136,8700,-9692,9520,-32,121,-200,-13868,4620,5116,-991,123,-77,-14128,-4312,6556,-257,201,-88,0
1868.4761631488805,9124,5864,11268,-211,-106,153,8524,-9400,9300,-17,86,-204,-14032,4580,4832,-1004,121,-136,-14068,-4292,6628,-502,191,-62,0
1868.5095551013949,9104,6132,11256,-212,-120,124,8396,-9524,9592,255,157,-207,-14040,4532,4924,-985,107,-143,-14132,-4280,6540,-449,175,-77,0
1868.5430340766907,9152,5992,11456,-235,-90,132,8440,-9420,9504,-44,142,-205,-14064,4428,4808,-970,127,-118,-14188,-4220,6608,-447,172,-69,0
1868.5768470764165,9140,5956,11280,-214,-119,130,8492,-9464,9520,248,154,-193,-13828,4412,4924,-974,143,-113,-14160,-4308,6420,-482,193,-82,0
1868.6100571155548,9008,5932,11240,-243,-141,150,8440,-9244,9532,-43,107,-219,-14020,4476,4780,-963,152,-127,-14232,-4312,6460,-473,216,-63,0
1868.6432819366453,9188,5916,11328,-9,-155,150,8584,-9460,9540,-53,89,-225,-14068,4496,4932,-965,144,-121,-14200,-4112,6508,-457,187,-40,0
1868.6767821311953,9344,5872,11096,-220,-153,119,8532,-9544,9544,-67,144,-227,-14124,4548,5092,-972,109,-82,-14172,-4236,6428,-501,161,-93,0
1868.7100019454956,9304,5840,11368,-236,-161,117,8532,-9500,9504,17,138,-214,-14304,4456,4608,-1001,118,-76,-14160,-4244,6556,-480,205,-92,0
1868.7435529232023,9148,5664,11092,-211,-124,138,8384,-9336,9480,-253,107,-199,-14084,4480,5104,-991,115,-100,-14168,-4316,6568,-486,171,-55,0
1868.7771329879763,9240,6092,11344,-199,-131,147,8488,-9716,9536,-49,103,-216,-14176,4528,4784,-1010,138,-137,-14268,-4264,6480,-464,193,-75,0
1868.810548067093,9228,5640,11512,-250,-173,152,8496,-9460,9584,-14,150,-206,-14164,4600,4844,-972,129,-123,-14128,-4328,6580,-470,153,-88,0
1868.8441729545593,9252,5752,11232,-206,-147,143,8568,-9440,9596,8,122,-202,-14020,4504,4948,-997,124,-119,-14116,-4280,6336,-478,159,-55,0
1868.8778610229492,9188,5864,11204,-226,-106,165,8492,-9516,9700,3,123,-190,-13860,4404,5028,-1280,156,-48,-14140,-4248,6596,-489,139,-87,0
1868.911275148392,9108,5852,11336,-207,-109,170,8668,-9452,9368,-56,103,-195,-14076,4420,4672,-1279,125,-90,-14132,-4324,6492,-522,162,-66,0
1868.9447419643404,9236,5852,11324,-176,-155,156,8504,-9500,9668,-40,101,-197,-14052,4348,4892,-998,106,-114,-14172,-4224,6204,-508,184,-53,0
1868.9778671264648,9212,5856,11116,-181,-186,147,8432,-9488,9388,-39,131,-232,-14028,4484,4712,-1005,162,-97,-14336,-4252,6484,-487,195,-88,0
1869.0146520137787,9276,5816,11396,-201,-182,140,8488,-9440,9556,-25,117,-251,-14176,4556,4768,-987,145,-130,-14156,-4108,6472,-487,227,-69,0
1869.0506930351255,9468,5840,11444,-209,-176,143,8548,-9520,9280,-34,109,-237,-14124,4472,4620,-996,138,-153,-14108,-4200,6536,-469,206,-66,0
1869.0859870910645,9200,5652,11468,-176,-171,148,8560,-9308,9544,255,126,-203,-14116,4536,4796,-990,118,-104,-14088,-4232,6444,-486,157,-84,0
1869.1219301223755,9260,5816,11228,-220,-146,127,8364,-9448,9484,-17,141,-209,-14096,4520,4760,-1008,110,-108,-14176,-4188,6408,-492,126,-111,0
1869.1576290130613,9272,5792,11444,-169,-133,117,8656,-9428,9252,-41,106,-199,-14032,4544,4812,-1008,94,-83,-14308,-4256,6408,-475,169,-118,0
1869.19242811203,9224,5804,11372,-158,-179,124,8484,-9472,9572,-27,96,-216,-13848,4496,4764,-1001,111,-87,-14116,-4248,6416,-496,168,-181,0
1869.2281010150907,9284,5820,11344,-128,-161,127,8516,-9436,9292,-46,92,-230,-14008,4576,4708,-1012,90,-45,-14112,-4280,6512,-508,142,-121,0
1869.2632639408112,9468,5876,11156,-98,-77,124,8232,-9228,9520,-40,122,-189,-14116,4452,4928,-1011,112,-49,-14236,-4232,6520,-509,142,-133,0
1869.2991440296173,9384,5896,11100,-126,-49,69,8588,-9380,9548,-7,131,-175,-14064,4464,4724,-1280,102,-42,-14168,-4192,6452,-466,106,-135,0
1869.3341600894928,9388,5796,11224,-162,-47,102,8504,-9384,9496,-37,148,-153,-14116,4520,4800,-1011,78,-11,-14044,-4264,6488,-481,129,-154,0
1869.3698740005493,9284,5892,11252,-147,-37,100,8488,-9380,9616,-25,154,-156,-14076,4400,4832,-782,84,-32,-14140,-4208,6372,-479,85,-121,0
1869.4049019813535,9456,5824,11456,-127,-71,108,8452,-9512,9396,-56,151,-151,-14076,4420,4864,-1034,80,-39,-14232,-4280,6432,-486,89,-158,0
1869.4407510757444,9192,5828,11332,-125,-44,89,8476,-9504,9488,-26,119,-153,-14000,4508,4852,-1021,117,-2,-14028,-4304,6588,-481,107,-153,0
1869.477105140686,9032,5852,11296,-148,-247,89,8256,-9456,9576,-21,121,-148,-14064,4376,4820,-1002,91,-32,-14040,-4336,6464,-763,105,-153,0
1869.5121870040894,9224,5788,11312,-137,3,86,8468,-9524,9548,-40,161,-168,-14080,4516,4756,-1277,96,-79,-14148,-4100,6440,-481,133,-151,0
1869.5483970642092,9356,5852,11456,-105,-59,109,8544,-9512,9548,-39,106,-197,-14088,4476,4848,-1013,92,-44,-14200,-4176,6436,-499,127,-160,0
1869.583343029022,9464,5632,11252,-101,-45,126,8452,-9452,9576,-43,110,-176,-14284,4484,4764,-984,87,-114,-14100,-4180,6476,-259,126,-134,0
1869.6187810897827,9252,5784,11284,-102,-57,107,8208,-9480,9428,-23,154,-168,-14332,4496,4944,-1031,99,-67,-14132,-4236,6576,-468,149,-136,0
1869.6541390419004,9320,6136,11304,-157,-31,97,8232,-9432,9660,-52,122,-171,-14120,4456,5040,-959,94,-68,-14232,-4292,6532,-469,103,-161,0
1869.6877219676971,9304,5652,11360,-119,-30,60,8500,-9588,9436,-79,164,-156,-14104,4492,4844,-1008,42,-20,-14168,-4152,6432,-765,123,-157,0
1869.7212750911713,9312,5812,11452,-141,-56,80,8508,-9456,9584,15,182,-152,-13956,4592,4992,-1026,55,-30,-14272,-4232,6608,-474,96,-179,0
1869.7547960281372,9208,5976,11276,-90,34,94,8192,-9228,9496,-49,137,-126,-14068,4508,4768,-1028,65,-59,-14152,-4252,6380,-503,66,-173,0
1869.7882480621336,9280,5868,11444,-69,-52,87,8472,-9232,9584,-19,177,-193,-13836,4496,4736,-1027,100,-50,-14104,-4148,6528,-502,175,-145,0
1869.8216950893404,9288,5772,11180,-166,11,98,8596,-9520,9500,-23,148,-164,-13832,4636,4808,-1043,88,-49,-14248,-4252,6512,-474,138,-145,0
1869.8555150032043,9412,5856,11324,-105,-1,68,8440,-9480,9676,-3,167,-139,-14084,4524,4792,-1040,98,-22,-14144,-4348,6548,-504,107,-164,0
1869.8891921043396,9184,5932,11384,-104,12,95,8504,-9460,9520,-75,140,-141,-13988,4464,5112,-1008,71,-15,-14204,-4284,6712,-478,81,-129,0
1869.9227070808413,9192,5644,11156,-137,-33,66,8372,-9276,9560,-68,141,-158,-13828,4536,4684,-964,57,-61,-14068,-4308,6432,-494,128,-150,0
1869.9561760425568,9144,6136,11224,-72,-37,106,8436,-9516,9716,-51,128,-167,-14076,4476,4772,-772,118,-95,-14028,-4324,6596,-488,144,-139,0
1869.9893651008604,9260,5928,11444,-111,-33,124,8412,-9404,9468,-39,119,-168,-14048,4472,4976,-1032,115,-33,-14064,-4224,6656,-490,165,-108,0
1870.0228059291844,9228,5856,11344,-106,-88,122,8412,-9456,9688,-39,81,-186,-14068,4568,5100,-1020,127,-56,-14204,-4292,6512,-496,153,-128,0
1870.0564761161804,9388,5856,11308,-93,-80,94,8536,-9708,9720,-22,108,-178,-14072,4788,4828,-995,70,-67,-14080,-4300,6568,-499,105,-147,0
1870.0898230075836,9152,6000,11452,-102,-39,101,8456,-9656,9488,-38,144,-172,-14000,4424,4828,-1018,77,-84,-14252,-4256,6440,-490,153,-115,0
1870.1233520507812,9464,5916,11396,-107,-31,105,8460,-9252,9548,-20,127,-192,-14064,4428,5096,-1016,84,-66,-14092,-4340,6500,-515,124,-145,0
1870.1566889286044,9128,5852,11308,-112,-63,101,8660,-9260,9252,-48,131,-181,-14268,4504,4856,-771,56,-53,-14128,-4376,6500,-505,132,-126,0
1870.1900990009308,9136,5936,11400,-128,-48,75,8464,-9460,9456,-40,147,-184,-14300,4520,4944,-982,88,-56,-14112,-4328,6508,-457,136,-115,0
1870.2235980033875,9276,5924,11336,-136,-63,92,8424,-9568,9596,-53,173,-180,-14008,4504,5024,-998,71,-63,-14136,-4268,6576,-467,145,-118,0
1870.2573411464691,9176,5904,11332,-142,-63,88,8408,-9708,9280,-28,156,-187,-14056,4492,4844,-1278,86,-111,-14116,-4324,6460,-500,133,-120,0
1870.2907469272614,9164,5936,11456,-129,-67,82,8404,-9408,9616,-29,158,-183,-14104,4516,4928,-1016,84,-54,-14200,-4252,6588,-502,150,-108,0
1870.3243350982668,8960,5672,11312,-135,-53,115,8360,-9536,9576,-23,139,-157,-13828,4532,4764,-1033,106,-66,-14104,-4604,6492,-526,144,-153,0
1870.3579540252683,9440,5936,11356,-114,-48,111,8416,-9568,9572,-24,135,-173,-14036,4412,4616,-1035,84,-102,-14084,-4500,6240,-497,160,-122,0
1870.3914389610293,9136,5972,11468,-130,-50,144,8504,-9500,9588,-33,129,-198,-14304,4488,4852,-972,123,-113,-14164,-4300,6332,-495,146,-118,0
1870.4249560832975,9268,5956,11328,-141,-40,97,8496,-9424,9508,-45,117,-163,-14048,4464,5072,-988,111,-49,-14148,-4132,6460,-500,120,-131,0
1870.4584970474243,9216,5864,11268,-132,-13,121,8580,-9556,9452,-48,157,-164,-14128,4472,4812,-1000,70,-31,-14148,-4192,6572,-766,147,-140,0
1870.4918370246887,9448,5928,11052,-179,-31,112,8496,-9472,9516,1,181,-145,-13988,4340,5012,-1037,74,-52,-14188,-4320,6352,-477,128,-95,0
1870.525645017624,9216,5956,11452,-149,-14,105,8692,-9468,9540,-70,158,-165,-14132,4468,4884,-998,80,-81,-13840,-4280,6524,-475,157,-107,0
1870.5592761039734,9104,5984,11256,-197,-45,105,8472,-9316,9712,-18,150,-168,-13984,4492,4764,-984,97,-116,-14092,-4272,6620,-467,182,-92,0
1870.5927951335907,9132,5880,11372,-205,-69,99,8456,-9572,9504,6,130,-191,-14328,4524,4668,-993,110,-107,-14132,-4576,6564,-476,167,-74,0
1870.626431941986,9032,5756,11308,-165,-87,125,8516,-9372,9448,-55,127,-164,-14116,4572,4896,-989,106,-42,-14132,-4104,6880,-507,133,-95,0
1870.6594099998474,9148,6044,11408,-213,-71,122,8424,-9508,9504,-50,142,-186,-14076,4500,4928,-969,111,-87,-14108,-4236,6544,-460,142,-86,0
1870.697701931,9064,5900,11328,-249,-66,136,8448,-9520,9536,-58,149,-175,-14100,4400,5000,-948,95,-80,-14284,-4252,6496,-496,175,-84,0
1870.7327599525452,9164,5644,11340,-5,-76,142,8464,-9480,9472,3,155,-178,-13936,4544,4788,-977,119,-104,-14088,-4276,6472,-465,181,-74,0
1870.7680699825287,9064,5880,11392,-258,-106,154,8680,-9220,9528,-15,116,-233,-13840,4520,4852,-997,153,-98,-14136,-4260,6500,-473,218,-32,0
1870.8038721084595,9108,5968,11260,-251,-133,159,8420,-9584,9612,-41,116,-245,-14116,4540,4892,-977,158,-148,-14024,-4320,6508,-460,237,-49,0
1870.8397569656372,9252,5792,11420,-231,-127,140,8692,-9244,9448,-23,122,-219,-14200,4432,4824,-976,152,-114,-14216,-4148,6556,-471,174,-66,0
1870.8751339912415,9152,5844,11216,-217,-146,136,8468,-9472,9528,255,155,-180,-14116,4484,4696,-996,132,-154,-14208,-4244,6408,-261,208,-69,0
1870.9106531143188,9380,5968,11284,-226,-137,158,8476,-9520,9680,-42,123,-195,-13964,4492,4776,-1007,120,-72,-14180,-4220,6460,-493,158,-80,0
1870.9455809593203,9408,5864,11276,-223,-105,124,8228,-9384,9720,-39,139,-199,-14120,4420,4900,-971,127,-108,-14212,-4328,6380,-469,195,-74,0
1870.9808311462405,9064,6092,11396,-237,-135,118,8484,-9512,9292,-24,147,-196,-14124,4544,4840,-958,133,-140,-14136,-4204,6580,-458,186,-74,0
1871.0156419277191,9220,5652,11464,-221,-137,137,8452,-9552,9568,-18,133,-190,-14092,4612,4684,-1018,128,-118,-14188,-4260,6468,-465,217,-73,0
1871.0511980056765,9264,5896,11312,-201,-152,150,8692,-9496,9528,254,113,-216,-14072,4452,4864,-990,133,-121,-14140,-4272,6516,-493,192,-81,0
1871.0861480236053,9464,5780,11300,-200,-164,162,8436,-9248,9228,-9,112,-226,-14220,4588,4796,-1010,149,-114,-14052,-4184,6404,-494,199,-70,0
1871.121940135956,9212,5820,11260,-195,-176,177,8652,-9448,9628,7,130,-210,-13916,4388,4608,-991,163,-150,-14184,-4112,6456,-491,190,-85,0
1871.1576581001284,9292,5772,11376,-236,-176,190,8688,-9468,9584,-15,138,-202,-14148,4532,4688,-989,148,-114,-14200,-4220,6468,-455,162,-42,0
1871.1929249763489,9264,5852,11428,-171,-186,158,8556,-9700,9580,-30,134,-201,-14084,4448,4676,-1018,137,-86,-14216,-4168,6348,-510,152,-63,0
1871.2291860580444,9236,5772,11412,-198,-160,140,8540,-9412,9520,-20,151,-181,-14332,4488,4640,-993,98,-113,-14208,-4272,6436,-494,149,-67,0
1871.2649669647217,9436,5776,11188,-185,-124,117,8468,-9416,9628,-32,134,-181,-14096,4376,4848,-996,91,-163,-14088,-4548,6520,-475,176,-82,0
1871.3009409904485,9316,5844,11456,-173,-167,135,8504,-9520,9524,-16,104,-243,-14068,4488,4744,-1006,105,-148,-14112,-4172,6460,-481,227,-107,0
1871.3373360633852,9352,5752,11412,-226,-131,142,8516,-9448,9516,2,117,-176,-14084,4516,4820,-1009,108,-114,-14196,-4332,6460,-440,173,-97,0
1871.3708000183108,9360,5804,11364,-147,-161,138,8504,-9424,9604,9,132,-190,-14112,4400,4732,-985,116,-64,-14088,-4144,6580,-481,123,-117,0
1871.404037952423,9268,5796,11276,-188,-130,112,8488,-9392,9680,-37,129,-188,-14108,4444,4804,-769,105,-41,-14160,-4232,6508,-490,127,-100,0
1871.4375870227814,9320,5840,11264,-155,-153,123,8504,-9496,9528,-66,105,-181,-14076,4524,4732,-996,71,-90,-14156,-4236,6424,-517,140,-140,0
1871.4711430072784,9260,5836,11196,-105,-97,107,8556,-9460,9444,-51,107,-205,-13848,4404,4776,-1008,125,-84,-14076,-4192,6292,-497,140,-128,0
1871.5042569637296,9292,5792,11328,-144,-87,102,8412,-9328,9580,-30,130,-171,-13964,4544,4716,-1044,134,-53,-14136,-4152,6344,-477,162,-125,0
1871.5378849506376,9288,5788,11120,-138,-38,88,8484,-9452,9380,-24,121,-197,-14132,4528,4744,-1272,111,-84,-14264,-4264,6560,-473,131,-141,0
1871.5713579654694,9276,5772,11052,-176,-54,91,8460,-9520,9572,6,166,-169,-14052,4428,4888,-1011,64,-93,-14108,-4264,6584,-480,122,-128,0
1871.604854106903,9300,5800,11076,-151,-45,77,8204,-9344,9628,-43,132,-179,-14132,4528,4908,-988,98,-50,-14184,-4284,6508,-493,107,-129,0
1871.6381630897524,9280,5856,11196,-125,-30,103,8472,-9476,9536,-30,152,-143,-14088,4384,4920,-1017,85,240,-14168,-4216,6524,-495,74,-146,0
1871.6717870235443,9284,5816,11504,-95,-32,124,8492,-9432,9576,-50,136,-148,-13992,4528,4724,-772,84,-245,-13836,-4176,6588,-488,85,-134,0
1871.705362081528,9248,5648,11508,-138,-25,89,8384,-9424,9560,-37,135,-181,-14308,4472,5032,-999,76,-24,-14156,-4312,6540,-496,81,-135,0
1871.7389791011813,9212,5856,11104,-158,26,87,8536,-9724,9608,-69,156,-173,-14184,4812,5080,-980,81,-35,-14136,-4300,6444,-478,122,-143,0
1871.772464036941,9304,5804,11200,-106,-250,83,8344,-9700,9624,-34,113,-145,-14132,4464,4732,-1009,81,-78,-14236,-4240,6412,-506,110,-142,0
1871.805912017822,9300,5832,11416,-108,10,105,8496,-9476,9528,-35,131,-146,-14064,4456,4852,-1021,100,-43,-14168,-4228,6548,-487,125,-122,0
1871.8394660949707,9292,5832,11392,-98,-44,82,8488,-9520,9468,-24,140,-190,-14056,4796,4788,-997,113,-24,-14328,-4228,6580,-473,134,-135,0
1871.8729600906372,9320,5916,11384,-109,-47,88,8532,-9472,9640,-51,151,-192,-13836,4432,4720,-995,96,-42,-14276,-4212,6552,-498,91,-153,0
1871.9062280654907,9336,5884,11332,-90,-47,83,8632,-9552,9592,-61,144,-141,-14060,4572,4624,-770,72,-36,-14120,-4164,6524,-530,125,-143,0
1871.9400329589844,9224,5856,11148,-110,-33,81,8548,-9504,9464,-5,163,-136,-14044,4548,4752,-1045,52,-87,-14116,-4320,6432,-500,86,-152,0
1871.9764680862427,9244,5700,11340,-96,16,70,8480,-9408,9540,-53,146,-149,-14216,4452,4948,-1035,29,-31,-14148,-4352,6544,-501,108,-156,0
1872.0102300643923,9272,5708,11428,-106,-62,75,8464,-9524,9812,-50,192,-162,-14088,4484,4908,-996,53,-20,-14144,-4520,6524,-476,141,-152,0
1872.0437359809875,8984,5948,11176,-141,6,52,8556,-9716,9680,-8,152,-160,-14016,4556,4804,-1053,36,-24,-14104,-4160,6576,-467,116,-164,0
1872.0774121284485,9176,5932,11136,-62,-19,88,8336,-9456,9532,-19,150,-156,-13992,4516,4912,-1014,74,-54,-14104,-4236,6544,-462,122,-162,0
1872.1107790470123,9436,5648,11212,-96,-1,58,8432,-9484,9596,-33,139,-172,-13848,4488,4736,-988,70,-71,-14216,-4212,6608,-476,93,-143,0
1872.1442060470579,9264,6140,11408,-110,-9,105,8384,-9428,9628,-54,172,-163,-14180,4464,4916,-974,59,-32,-14116,-4336,6588,-492,134,-147,0
1872.177535057068,9312,5660,11392,-92,-34,66,8516,-9512,9596,-48,134,-173,-13996,4596,4684,-1026,93,-6,-14100,-4244,6484,-542,110,-149,0
1872.2111279964447,9288,6108,11064,-95,-63,89,8396,-9484,9484,-18,117,-159,-13968,4488,4852,-1038,92,-79,-14056,-4212,6592,-510,128,-150,0
1872.244725942612,9168,5812,11360,-47,-15,94,8380,-9428,9516,-36,116,-184,-14048,4540,4700,-772,97,-65,-14132,-4364,6608,-479,141,-135,0
1872.2784171104431,9100,5928,11396,-114,-68,107,8344,-9444,9600,-39,140,-171,-14044,4552,4720,-1037,127,-78,-14148,-4108,6652,-506,123,-145,0
1872.3119549751284,9168,5876,11160,-119,-16,81,8232,-9708,9444,-51,143,-152,-14036,4448,5080,-998,107,-29,-14108,-4348,6560,-526,143,-133,0
1872.3452439308169,9220,5828,11200,-117,-33,103,8508,-9516,9548,-21,126,-195,-14076,4600,4940,-1029,92,-54,-14104,-4252,6496,-507,128,-152,0
1872.3827350139616,9224,5936,11288,-102,-38,95,8508,-9488,9488,-42,104,-185,-14044,4512,4968,-1002,66,-65,-14140,-4268,6512,-522,140,-132,0
1872.4177269935608,9144,6068,11420,-128,-33,104,8484,-9508,9556,-53,123,-181,-14012,4380,4972,-1004,84,-65,-14100,-4112,6616,-501,161,-142,0
1872.4533560276031,9192,5992,11184,-142,-27,102,8488,-9492,9460,-43,151,-167,-14120,4508,4900,-987,106,-64,-14032,-4292,6608,-480,129,-119,0
1872.489297151565,9420,6088,11400,-134,-28,133,8384,-9572,9596,-24,136,-160,-14112,4560,4740,-978,99,-26,-14128,-4300,6500,-506,148,-135,0
1872.5241270065308,9240,6116,11316,-111,-253,98,8440,-9484,9548,-36,122,-183,-14312,4480,4920,-1013,110,-65,-14132,-4220,6428,-530,160,-135,0
1872.5596470832825,9268,5884,11444,-124,-27,112,8440,-9484,9548,-10,152,-171,-14048,4492,4956,-1047,94,-40,-14188,-4236,6524,-484,168,-126,0
1872.5947139263153,9120,5652,11360,-147,-35,110,8476,-9448,9568,-8,153,-187,-14032,4540,5060,-1002,140,-71,-14296,-4580,6564,-475,163,-99,0
1872.6301090717316,9164,5728,11388,-185,-51,110,8436,-9244,9444,-14,169,-176,-14036,4444,4908,-985,126,-50,-14144,-4288,6496,-476,151,-84,0
1872.6652300357816,9252,5776,11344,-201,-58,107,8464,-9640,9564,-16,137,-167,-14116,4504,4816,-978,81,-84,-14224,-4232,6436,-492,166,-100,0
1872.7004759311676,9136,5908,11464,-236,-148,143,8408,-9424,9608,11,153,-181,-13968,4464,4932,-1005,98,-78,-14148,-4156,6512,-473,163,-58,0
1872.7356650829315,8960,6060,11316,-188,-97,120,8340,-9564,9620,-76,128,-205,-14196,4592,4796,-992,116,-120,-14148,-4352,6540,-511,184,-98,0
1872.7712800502775,9268,5912,11408,-224,-154,120,8452,-9536,9556,-30,153,-207,-14040,4544,4708,-987,95,-119,-14124,-4172,6564,-485,191,-61,0
1872.8075370788574,9080,5916,11372,-1,-89,133,8376,-9472,9444,-7,190,-192,-14076,4552,4796,-963,97,-98,-14144,-4272,6436,-463,189,-78,0
1872.8423299789429,9208,5924,11340,-250,-63,134,8508,-9436,9540,4,150,-181,-14080,4572,4992,-997,129,-103,-14068,-4352,6476,-454,132,-71,0
1872.8781449794767,8980,5968,11344,-285,-95,136,8400,-9488,9256,-53,165,-197,-14060,4544,4936,-947,137,-88,-14200,-4300,6524,-453,154,-86,0
1872.9133300781252,9108,5816,11304,-265,-156,140,8660,-9564,9524,-35,135,-204,-14044,4476,4784,-982,125,-86,-14188,-4184,6476,-486,204,-71,0
1872.9484510421753,9144,5820,11488,-211,-171,161,8500,-9484,9524,-255,101,-196,-13996,4488,4784,-995,159,-135,-14304,-4228,6548,-480,228,-58,0
1872.9842150211334,9112,5784,11356,-223,-146,152,8436,-9460,9424,-256,97,-236,-13952,4548,5116,-1017,140,-120,-13880,-4272,6604,-519,204,-49,0
1873.0205709934235,9184,5872,11180,-241,-165,148,8508,-9360,9560,-1,126,-203,-14172,4484,4640,-992,147,-130,-14192,-4312,6424,-471,169,-76,0
1873.053817987442,9264,5852,11264,-231,-118,133,8524,-9404,9512,-10,132,-199,-14136,4476,4756,-997,124,-101,-14208,-4340,6416,-473,148,-105,0
1873.0875740051267,9264,5800,11136,-220,-153,117,8508,-9496,9516,1,164,-204,-14064,4480,4936,-995,129,-104,-14176,-4236,6616,-495,212,-78,0
1873.1211769580843,9260,5916,11388,-180,-152,162,8500,-9412,9372,-34,104,-193,-13976,4512,4748,-1278,126,-89,-14168,-4292,6444,-489,182,-65,0
1873.1544020175934,9340,5880,11408,-232,-136,154,8460,-9516,9528,-13,115,-206,-13868,4412,4820,-984,122,-115,-14200,-4264,6548,-476,176,-81,0
1873.1876559257507,9196,5788,11212,-192,-162,151,8496,-9508,9236,-249,130,-234,-14076,4480,4732,-962,111,-139,-14172,-4180,6400,-474,188,-65,0
1873.2211740016935,9264,5816,11144,-203,-151,135,8484,-9488,9224,-22,123,-210,-14112,4484,4788,-998,118,-89,-14240,-4248,6484,-493,190,-73,0
1873.2546830177307,9332,5820,11336,-187,-158,125,8468,-9500,9628,-17,104,-224,-14148,4520,4752,-972,136,-77,-14148,-4188,6348,-499,161,-85,0
1873.2885711193085,9252,5804,11052,-190,-131,135,8536,-9508,9576,-34,111,-242,-14116,4456,4744,-1007,134,-119,-14204,-4200,6492,-487,179,-87,0
1873.322194099426,9448,5772,11280,-183,-171,154,8480,-9508,9524,-4,117,-195,-14076,4512,4676,-1004,104,-118,-14180,-4232,6424,-503,169,-85,0
1873.3557250499723,9264,5880,11496,-135,-144,128,8476,-9356,9560,-18,114,-193,-14164,4472,4908,-1006,161,-118,-14176,-4272,6620,-479,185,-108,0
1873.3888139724731,9232,6124,11328,-190,-153,149,8512,-9348,9616,-16,117,-221,-14020,4452,5088,-1001,137,-82,-14124,-4204,6528,-459,197,-73,0
1873.422471046448,9264,5772,11504,-212,-140,145,8512,-9492,9396,-38,126,-210,-13996,4420,4804,-975,97,-89,-14160,-4172,6524,-480,169,-77,0
1873.4561369419096,9284,5856,11228,-182,-150,134,8564,-9500,9464,-37,129,-183,-14196,4496,4784,-986,68,-79,-14108,-4256,6412,-508,183,-104,0
1873.4897320270536,9004,5800,11512,-158,-143,99,8504,-9540,9428,2,113,-204,-14312,4488,4816,-1026,100,-134,-14172,-4236,6528,-469,138,-91,0
1873.523154973984,9300,5792,11420,-115,-118,132,8472,-9400,9512,-92,141,-190,-14264,4364,4664,-995,102,-56,-14172,-4228,6396,-490,124,-126,0
1873.5565271377563,9288,5792,11316,-105,-159,107,8572,-9436,9512,-42,138,-213,-14168,4552,4800,-985,123,-37,-14104,-4124,6368,-510,140,-157,0
1873.589787006378,9372,5760,11280,-115,-72,100,8544,-9396,9376,-9,144,-164,-14076,4476,4888,-1044,97,-49,-14188,-4116,6528,-498,65,-181,0
1873.6231081485748,9284,5776,11156,-137,-7,89,8524,-9400,9496,26,166,-140,-14128,4396,5056,-1018,39,223,-14152,-4228,6560,-460,71,-169,0
1873.6566340923307,9388,6132,11284,-196,-246,97,8432,-9392,9504,-29,169,-128,-14084,4528,4744,-1026,59,-46,-14216,-4244,6448,-486,91,-146,0
1873.6901919841764,9244,5768,11424,-138,-59,96,8464,-9460,9556,-60,160,-164,-14064,4484,5084,-1011,74,-18,-14248,-4256,6500,-507,125,-138,0
1873.7237489223485,9328,5796,11092,-104,-43,88,8452,-9404,9544,-51,151,-163,-14064,4496,4768,-1004,87,-53,-14228,-4240,6408,-491,112,-138,0
1873.75746512413,9276,5888,11256,-130,-42,112,8680,-9420,9580,-18,134,-169,-14004,4432,4812,-1042,87,-51,-14152,-4144,6592,-485,130,-150,0
1873.7907409667969,9336,6084,11352,-111,-31,106,8400,-9456,9556,-39,117,-173,-14084,4460,4916,-999,103,-59,-14212,-4188,6552,-484,112,-158,0
1873.824331998825,9200,5888,11284,-127,-44,96,8484,-9724,9552,-51,162,-142,-14184,4356,4776,-986,92,13,-14216,-4324,6624,-467,74,-146,0
1873.8579130172732,9372,5796,11336,-119,17,81,8404,-9504,9540,-74,152,-176,-13832,4536,4832,-1001,93,-17,-14136,-4248,6644,-490,143,-154,0
1873.8911631107333,9300,5796,11448,-94,13,81,8496,-9592,9540,-36,138,-129,-14108,4416,4808,-1044,89,-56,-14068,-4192,6496,-542,126,-135,0
1873.9247601032255,9196,5772,11392,-67,-247,95,8348,-9412,9456,-28,115,-159,-14076,4552,4772,-1280,73,-70,-14292,-4312,6240,-259,111,-149,0
1873.9584169387815,9276,5872,11260,-85,-33,73,8440,-9604,9560,-84,128,-144,-14068,4440,4720,-991,117,-68,-14108,-4304,6620,-474,119,-164,0
1873.99197101593,9240,5852,11356,-133,253,88,8536,-9724,9720,-49,144,-175,-14068,4452,4820,-1005,78,-48,-14168,-4224,6560,-497,128,-157,0
1874.0252630710604,9312,5832,11336,-102,-50,62,8468,-9512,9604,-35,151,-177,-14088,4564,4712,-991,84,-39,-14080,-4232,6544,-501,152,-171,0
1874.0628991127014,9288,5816,11396,-89,-27,57,8284,-9492,9676,-33,164,-177,-14100,4568,4732,-1025,33,-94,-14084,-4180,6400,-503,127,-195,0
1874.0986630916595,9288,5828,11356,-94,-23,62,8504,-9720,9616,-34,137,-176,-14304,4512,4808,-775,66,-105,-14180,-4292,6880,-523,149,-157,0
1874.1339819431305,9300,5876,11188,-108,-21,93,8192,-9464,9292,-38,140,-186,-14312,4480,4860,-999,100,-62,-14140,-4380,6580,-490,112,-189,0
1874.169748067856,9260,5968,11116,-94,-29,98,8644,-9340,9596,-54,124,-191,-14040,4496,5096,-993,89,-51,-14208,-4232,6568,-759,117,-158,0
1874.2049131393433,9324,5928,11268,-99,-41,83,8432,-9540,9680,-47,139,-126,-14328,4560,5056,-1025,58,-56,-14108,-4108,6444,-493,103,-150,0
1874.2401549816132,9232,5980,11368,-110,-254,80,8468,-9444,9476,-254,167,-143,-14024,4540,4992,-1016,103,-46,-14212,-4332,6508,-765,90,-125,0
1874.2752809524532,9228,5848,11364,-78,-28,85,8540,-9540,9464,-64,139,-150,-13840,4456,5084,-1006,61,-55,-14292,-4268,6436,-518,135,-139,0
1874.3104670047765,9180,5992,11364,-142,-44,72,8492,-9516,9648,-8,148,-155,-14284,4452,4740,-1002,90,-14,-14088,-4276,6492,-460,120,-135,0
1874.34591794014,9240,5860,11340,-96,-3,106,8344,-9528,9432,-25,121,-163,-13976,4608,4720,-1017,85,-46,-14180,-4284,6612,-496,137,-160,0
1874.381154060364,9076,6124,11468,-103,-10,99,8380,-9500,9584,-38,133,-172,-14012,4372,4828,-1258,64,-21,-14160,-4144,6480,-473,110,-140,0
1874.4161820411684,9240,5976,11392,-163,-34,101,8224,-9508,9552,-84,140,-159,-14052,4504,4900,-967,95,-59,-14000,-4272,6564,-477,120,-124,0
1874.4515841007233,9204,5924,11288,-152,-27,98,8524,-9528,9608,-65,133,-167,-13972,4508,4980,-1018,107,-52,-13848,-4240,6508,-501,129,-103,0
1874.4876589775083,9028,6136,11508,-114,-66,112,8356,-9492,9568,-22,111,-156,-13936,4456,4748,-1035,81,-74,-13984,-4276,6584,-508,151,-121,0
1874.5228559970851,9168,5924,11236,-112,-26,129,8504,-9500,9420,-40,114,-174,-13832,4816,4936,-1026,98,-46,-14060,-4244,6412,-765,166,-116,0
1874.5576231479645,9200,5916,11364,-147,-80,106,8512,-9612,9508,-33,118,-178,-14540,5432,4460,-820,36,-56,-14112,-4316,6500,-490,150,-128,0
1874.5936510562897,9128,5816,11224,-133,-25,96,8312,-9432,9744,-13,192,-165,-13984,4576,5020,-993,81,-54,-14068,-4260,6448,-499,139,-142,0
1874.6296970844269,9116,5864,11224,-131,-17,94,8700,-9700,9332,-56,109,-164,-14072,4532,4972,-1005,74,-30,-14152,-4264,6504,-475,160,-147,0
1874.6647181510923,8964,6136,11496,-162,-62,102,8496,-9448,9716,-50,121,-182,-13984,4536,4764,-977,109,-17,-14064,-4332,6524,-487,151,-114,0
1874.7011570930483,9132,5888,11424,-177,-44,74,8200,-9512,9512,-46,142,-163,-13828,4556,4916,-975,132,-81,-14096,-4192,6488,-451,165,-126,0
1874.7346971035004,9188,5956,11364,-196,-62,102,8624,-9500,9228,-12,160,-204,-14108,4496,4608,-959,98,-74,-14168,-4284,6548,-476,180,-76,0
1874.7682900428772,9136,5888,11276,-186,-55,126,8608,-9472,9600,253,187,-186,-14148,4776,4740,-981,113,-101,-13876,-4320,6556,-488,162,-98,0
1874.8017349243164,8960,6120,11312,-185,-70,114,8424,-9560,9564,-4,156,-195,-13976,4528,4984,-970,116,-72,-13840,-4584,6540,-484,180,-71,0
1874.8352560997007,9116,5828,11472,-208,-111,132,8512,-9572,9516,-17,125,-187,-13884,4552,4896,-980,118,-89,-14100,-4320,6652,-496,175,-52,0
1874.8685550689695,9208,5876,11364,-204,-123,143,8196,-9576,9584,-22,144,-182,-13832,4520,4704,-951,113,-142,-14160,-4352,6508,-495,160,-65,0
1874.901726961136,9116,6116,11608,-232,-99,132,8484,-9372,9600,-24,133,-201,-14040,4460,4884,-1008,121,-99,-14100,-4332,6468,-479,159,-54,0
1874.9355599880216,9196,5904,11288,-216,-96,129,8504,-9532,9556,-15,141,-187,-14108,4476,4828,-1016,104,-107,-14144,-4276,6444,-474,181,-61,0
1874.9692509174347,9104,5804,11380,-241,-100,137,8376,-9500,9540,-14,137,-196,-14124,4640,4636,-983,116,-128,-14104,-4260,6416,-487,201,-89,0
1875.0027639865875,9160,5892,11348,-277,-144,141,8532,-9248,9480,-31,143,-203,-14036,4416,4840,-970,154,-136,-14064,-4332,6532,-432,212,-55,0
1875.0364320278168,9308,5980,11220,-269,-135,139,8496,-9256,9544,-52,164,-245,-13848,4512,4856,-960,142,-133,-14104,-4228,6504,-440,205,-43,0
1875.0698721408844,9212,5848,11400,-247,-162,158,8492,-9544,9464,-37,126,-222,-14300,4448,4828,-992,134,-128,-14208,-4220,6576,-478,199,-69,0
1875.1033990383148,9276,5848,11152,-242,-168,170,8464,-9628,9616,24,137,-216,-14324,4488,4864,-1010,110,-125,-14192,-4236,6556,-472,189,-63,0
1875.1369309425354,9228,5924,11208,-227,-141,137,8220,-9432,9704,7,95,-213,-14332,4448,4612,-1027,143,-102,-14212,-4260,6516,-468,166,-93,0
1875.1704759597776,9344,5860,11504,-214,-165,131,8504,-9236,9640,-34,145,-209,-14036,4516,4860,-969,117,-145,-14164,-4216,6428,-450,223,-59,0
1875.203917980194,9172,5780,11464,-264,-144,155,8424,-9480,9552,1,142,-202,-14076,4568,4684,-992,87,-101,-14088,-4312,6492,-449,176,-75,0
1875.2375829219816,9304,5764,11248,-217,-155,156,8364,-9444,9476,13,115,-197,-14076,4488,4968,-771,80,-45,-14148,-4200,6492,-463,127,-112,0
1875.2708699703217,9180,6088,11328,-224,-124,130,8700,-9444,9628,-16,139,-164,-14056,4560,4852,-999,121,-83,-13848,-4160,6528,-454,136,-86,0
1875.3042521476748,9180,5732,11296,-228,-150,112,8380,-9528,9608,-54,102,-206,-14020,4592,4808,-989,136,-103,-14072,-4244,6564,-507,171,-55,0
1875.3379390239716,9276,5828,11268,-205,-160,164,8480,-9452,9556,-20,122,-205,-14024,4432,4608,-977,148,-132,-14172,-4196,6456,-502,181,-57,0
1875.3715319633484,9380,5840,11016,-199,-186,165,8648,-9480,9516,-253,114,-239,-14064,4508,4980,-1041,179,-143,-14300,-3896,6472,-453,206,-34,0
1875.4045541286469,9260,5732,11196,-175,-195,173,8364,-9452,9596,14,94,-217,-14028,4488,4828,-773,148,-115,-14116,-4256,6524,-506,199,-49,0
1875.4381129741669,9188,5816,11324,-193,-192,163,8500,-9420,9604,-9,122,-213,-13836,4464,4688,-997,121,-89,-14120,-4180,6540,-479,172,-63,0
1875.4717919826508,9304,6120,11260,-196,-143,153,8496,-9268,9592,-12,141,-213,-14152,4412,4776,-995,135,-114,-14240,-4216,6376,-488,170,-89,0
1875.5050759315493,9252,5772,11372,-160,-147,136,8548,-9492,9716,-26,65,-220,-14232,4504,4868,-985,83,-159,-14248,-4220,6408,-501,186,-79,0
1875.5386919975283,9296,5788,11380,-174,-143,148,8456,-9324,9608,-20,109,-210,-14056,4384,4896,-1001,120,-113,-14224,-4260,6404,-497,186,-74,0
1875.5723321437836,9464,5844,11408,-197,-136,139,8432,-9408,9536,-54,88,-211,-14148,4600,4812,-992,109,-59,-14128,-4196,6364,-480,183,-86,0
1875.6055350303652,9364,5876,11048,-173,-152,117,8528,-9292,9580,-39,103,-221,-14240,4460,4800,-961,114,-77,-14224,-4240,6508,-509,162,-129,0
1875.639122962952,9368,5716,11476,-113,-121,89,8580,-9500,9216,-75,104,-188,-14016,4496,4904,-997,97,-96,-14096,-4212,6452,-495,123,-136,0
1875.6726589202883,9272,5744,11196,-104,-98,74,8520,-9432,9580,-16,118,-209,-14092,4460,4864,-1010,88,-70,-14264,-4220,6548,-510,160,-141,0
1875.7056429386137,9324,5804,11020,-128,-43,76,8464,-9444,9524,-5,171,-190,-14016,4400,4824,-1031,89,-64,-14240,-4260,6476,-486,107,-174,0
1875.7443621158604,9104,5860,11336,-130,-38,121,8464,-9456,9428,-11,125,-158,-14084,4520,4680,-1004,91,-73,-14176,-4160,6516,-497,111,-143,0
1875.7800860404968,9312,5872,11124,-133,-69,100,8520,-9428,9540,-46,137,-156,-14120,4380,4748,-1018,63,-35,-14236,-4228,6468,-506,110,-156,0
1875.8157060146332,9348,5684,11444,-114,-44,109,8660,-9388,9492,-52,141,-146,-14056,4360,4932,-990,103,-62,-14124,-4184,6376,-493,94,-133,0
1875.8508739471436,9216,5820,11348,-96,-6,112,8620,-9520,9472,-48,146,-157,-14096,4440,4968,-1030,60,-17,-14152,-4288,6520,-491,82,-171,0
1875.8859391212463,9312,5820,11244,-101,-35,90,8496,-9424,9548,-9,157,-145,-13832,4476,4740,-769,84,-30,-13936,-4288,6404,-489,70,-174,0
1875.9218909740448,8968,5884,11572,-113,3,75,8500,-9488,9576,-87,180,-159,-14048,4564,4812,-1000,71,-55,-14160,-4196,6572,-763,116,-167,0
1875.9584879875183,9224,5828,11404,-187,-20,90,8484,-9572,9580,-16,163,-161,-14024,4612,5112,-1017,97,-21,-14332,-4208,6400,-439,120,-137,0
1875.9933431148527,9104,5796,11356,-91,237,117,8700,-9220,9608,-32,144,-135,-13904,4400,4776,-1012,85,-35,-14168,-4268,6564,-759,93,-161,0
1876.029305934906,9212,5844,11124,-116,28,90,8436,-9528,9572,-25,152,-154,-14128,4424,4804,-1012,80,-256,-14088,-4208,6544,-478,64,-153,0
1876.0650069713593,9268,5864,11468,-113,9,109,8528,-9504,9476,-66,141,-144,-14068,4480,4992,-998,85,-31,-14200,-4208,6628,-508,96,-178,0
1876.1007721424103,9328,5848,11220,-103,-17,102,8484,-9700,9304,-60,107,-145,-14228,4444,4728,-1057,99,-45,-13920,-4264,6452,-520,118,-177,0
1876.135462045669,9452,5884,11324,-114,-60,82,8492,-9692,9568,-20,139,-176,-14000,4568,4924,-1005,69,-83,-14140,-4252,6556,-502,131,-162,0
1876.1707971096039,9236,5776,11316,-84,-11,88,8520,-9700,9220,-24,115,-173,-14168,4488,4812,-1019,99,-55,-14160,-4272,6500,-500,145,-140,0
1876.2061469554899,9444,5824,11320,-108,-46,91,8396,-9724,9712,-29,148,-191,-14132,4476,4848,-1003,98,-119,-14132,-4276,6540,-259,137,-157,0
1876.2419669628143,9276,5884,11308,-118,6,85,8424,-9540,9644,-26,131,-190,-14124,4468,4716,-1004,68,-32,-14200,-4224,6476,-488,145,-156,0
1876.2779319286349,9408,5920,11308,-109,-1,84,8472,-9544,9612,-41,144,-162,-13968,4488,4960,-1029,72,-54,-14108,-4300,6536,-258,140,-153,0
1876.3132040500643,9180,5928,11376,-77,-34,108,8504,-9704,9600,-35,114,-161,-14056,4552,4740,-1038,85,-34,-13872,-4324,6536,-487,104,-137,0
1876.348268032074,9292,5868,11384,-115,-65,93,8680,-9476,9724,-49,158,-182,-14064,4464,5000,-1014,89,-29,-14092,-4296,6500,-486,155,-154,0
1876.3841090202332,9044,5700,11340,-121,-48,83,8492,-9628,9484,-48,148,-185,-14156,4520,4948,-1020,107,-40,-14132,-4252,6432,-486,140,-136,0
1876.4174001216888,9180,5916,11400,-122,-56,96,8476,-9344,9432,-57,130,-172,-14068,4500,4756,-1019,78,-73,-14084,-4268,6452,-494,122,-148,0
1876.4510149955747,9136,5820,11468,-98,-39,118,8516,-9480,9468,-50,130,-172,-14216,4576,4820,-1015,84,-89,-14200,-4516,6464,-500,133,-151,0
1876.4844970703125,9280,5824,11172,-99,-29,109,8564,-9504,9496,-31,135,-166,-14056,4528,4620,-1280,90,-54,-14120,-4192,6584,-505,161,-169,0
1876.5181140899656,9148,5844,11068,-111,-28,114,8480,-9524,9536,-34,130,-171,-14312,4540,4896,-772,69,-11,-14192,-4228,6548,-260,161,-123,0
1876.5518240928652,9224,5848,11324,-151,-56,111,8380,-9556,9360,-42,127,-185,-14060,4500,4668,-1002,109,-54,-14072,-4320,6612,-476,137,-121,0
1876.5853900909424,9236,6020,11312,-143,-28,101,8424,-9512,9500,-40,107,-160,-13848,4592,5032,-976,137,-55,-14176,-4552,6432,-486,107,-141,0
1876.6184339523315,9440,5660,11208,-141,-50,100,8512,-9496,9620,-43,146,-178,-14120,4560,4916,-1015,64,-49,-14292,-4264,6856,-505,142,-133,0
1876.6516389846804,9056,5872,11332,-172,-51,127,8472,-9500,9536,-21,152,-156,-14040,4488,4848,-1011,91,-51,-14184,-4292,6448,-481,114,-138,0
1876.6852159500124,9068,5908,11280,-124,-28,105,8464,-9372,9596,-21,118,-170,-14068,4624,4780,-1017,93,-92,-14196,-4252,6484,-767,143,-120,0
1876.7186269760132,9172,6092,11304,-135,-84,119,8408,-9256,9604,-68,153,-172,-14064,4496,4928,-1001,99,-91,-13944,-4248,6512,-259,153,-131,0
1876.75200510025,9216,5852,11260,-152,-37,99,8448,-9504,9140,-19,180,-170,-13924,4480,5012,-778,96,-58,-14028,-4284,6580,-482,175,-98,0
1876.7854330539703,9188,5940,11372,-124,-28,103,8452,-9228,9660,-6,152,-163,-13996,4500,4824,-1024,107,-38,-14140,-4104,6424,-474,124,-140,0
1876.8189380168915,9216,5888,11364,-142,-14,106,8552,-9432,9604,-56,148,-149,-13836,4512,4848,-1006,101,-46,-14228,-4212,6452,-482,120,-155,0
1876.8524260520933,9224,5876,11336,-151,-45,99,8444,-9464,9568,-78,177,-154,-14292,4792,5072,-971,99,-81,-14228,-4292,6416,-492,122,-149,0
1876.885761976242,9152,5884,11264,-147,-21,117,8544,-9604,9548,-42,163,-170,-13988,4508,4880,-979,100,-55,-14192,-4248,6532,-516,133,-127,0
1876.9192280769348,9136,5788,11528,-157,-53,105,8428,-9560,9556,-2,160,-187,-13848,4528,4896,-1031,135,-44,-13904,-4112,6492,-760,204,-84,0
1876.952393054962,9084,5960,11292,-171,-56,132,8392,-9552,9636,-21,134,-177,-14036,4496,4832,-1010,136,-70,-14156,-4292,6600,-472,189,-86,0
1876.990576982498,9128,5912,11308,-195,-71,117,8700,-9552,9464,18,156,-169,-14164,4532,4632,-986,112,-107,-14088,-4360,6660,-504,145,-78,0
1877.0245461463928,9188,6008,11364,-209,-103,143,8420,-9288,9532,-16,134,-191,-14004,4360,4952,-986,115,-139,-14156,-4280,6556,-521,171,-60,0
1877.0582270622253,9168,5896,11472,-203,-164,142,8352,-9612,9516,-23,136,-170,-14108,4556,4944,-1005,115,-95,-14328,-4260,6456,-499,170,-89,0
1877.0918660163884,9268,5952,11332,-217,-123,144,8352,-9480,9396,-42,147,-186,-14016,4532,4796,-971,114,-84,-14272,-4248,6580,-483,152,-74,0
1877.125349998474,9164,6132,11236,-233,-105,121,8668,-9380,9540,-59,157,-199,-14332,4540,4892,-959,134,-108,-14128,-4280,6540,-453,163,-80,0
1877.1586060523987,9120,5864,11428,-304,-114,112,8636,-9544,9588,-19,179,-194,-14052,4488,4736,-960,136,-147,-14120,-4248,6500,-470,215,-73,0
1877.1922631263733,9260,5632,11444,-266,-106,141,8428,-9508,9496,-26,126,-186,-14120,4668,4700,-975,141,-116,-14104,-4324,6464,-495,217,-90,0
1877.2257411479948,9000,6132,11508,-253,-116,153,8456,-9448,9484,-8,155,-205,-13972,4484,4756,-981,123,-108,-14200,-4208,6484,-482,197,-51,0
1877.2593059539795,9292,5860,11480,-243,-152,173,8560,-9244,9444,-7,142,-230,-13960,4372,4632,-1013,156,-103,-14176,-4328,6412,-457,180,-68,0
1877.2928409576411,9148,6128,11296,-218,-161,181,8488,-9656,9504,2,117,-209,-14140,4568,4804,-970,150,-155,-14092,-4176,6544,-475,204,-49,0
1877.3261699676514,9296,5924,11200,-212,-151,144,8536,-9440,9368,-14,127,-206,-14076,4640,4996,-991,124,-123,-14048,-4280,6448,-489,194,-70,0
1877.3599879741669,9220,5820,11312,-226,-120,121,8476,-9420,9520,-13,108,-184,-14064,4564,4948,-995,141,-120,-14116,-4176,6460,-484,173,-83,0
1877.3958830833435,9224,5808,11248,-228,-143,147,8496,-9452,9500,23,142,-163,-14116,4488,4756,-995,133,-107,-14136,-4256,6556,-473,191,-87,0
1877.4313180446625,8984,5832,11368,-216,-144,151,8480,-9684,9604,-256,135,-199,-14056,4512,4796,-989,135,-101,-14132,-4224,6432,-458,180,-93,0
1877.4676170349123,9160,5708,11192,-225,-133,138,8488,-9488,9540,-38,107,-195,-14116,4520,4656,-969,124,-80,-14236,-4252,6516,-471,185,-79,0
1877.5030951499937,8984,5904,11416,-212,-156,136,8284,-9260,9508,-3,127,-203,-14124,4516,4732,-1017,123,-93,-14216,-4252,6544,-479,199,-71,0
1877.5381040573125,9404,5812,11376,-240,-192,171,8508,-9464,9496,18,118,-204,-14260,4488,4704,-1015,119,-113,-14160,-4428,6540,-487,186,-85,0
1877.5742509365084,9028,5784,11400,-189,-137,147,8204,-9224,9484,-41,116,-213,-14096,4600,4820,-1007,99,-145,-14112,-4124,6592,-490,181,-71,0
1877.6101970672607,9332,5824,11348,-228,-175,145,8508,-9720,9336,17,144,-206,-14104,4560,4828,-988,126,-133,-14256,-4104,6524,-453,188,-92,0
1877.6449170112612,9312,5832,11324,-207,-182,166,8528,-9236,9372,19,133,-184,-14112,4496,5080,-1038,119,-122,-14112,-4248,6412,-481,158,-106,0
1877.6804239749908,9464,5648,11328,-174,-147,151,8388,-9372,9412,-245,164,-174,-14172,4560,4840,-997,121,-90,-14196,-4276,6424,-486,131,-130,0
1877.715640068054,9196,5856,11284,-216,-160,131,8492,-9572,9640,-42,132,-198,-14104,4488,5060,-990,110,-130,-14160,-4336,6544,-470,142,-94,0
1877.7512919902804,9256,5776,11364,-166,-161,147,8696,-9532,9556,-31,118,-212,-14080,4464,4916,-1054,149,-133,-14072,-4068,6188,-504,181,-70,0
1877.7860310077667,9364,5740,11276,-143,-207,119,8572,-9432,9628,-14,98,-236,-13856,4456,4788,-997,140,-135,-14148,-4260,6508,-472,183,-79,0
1877.82231092453,9004,5728,11136,-180,-160,123,8220,-9480,9504,-26,83,-245,-14044,4516,4740,-772,134,-100,-14092,-4216,6272,-503,197,-79,0
1877.8580789566045,9284,5648,11332,-139,-145,153,8436,-9444,9480,-60,96,-242,-14304,4508,4824,-985,128,-112,-14148,-4176,6528,-481,159,-137,0
1877.8928859233852,9356,5816,11360,-144,-91,120,8528,-9448,9544,-54,125,-168,-14156,4388,4752,-987,115,-51,-14208,-4116,6408,-497,125,-126,0
1877.92773604393,9424,6072,11220,-124,-33,114,8528,-9392,9480,-32,142,-149,-14208,4428,4836,-1026,89,-54,-14160,-4248,6428,-501,111,-118,0
1877.9633510112765,9324,5772,11268,-168,4,96,8480,-9356,9496,-23,132,-149,-14208,4428,4856,-1043,85,-243,-14160,-4216,6484,-472,100,-139,0
1877.9994399547577,9264,5744,11112,-141,-24,89,8616,-9432,9524,-23,173,-181,-14144,4472,4908,-771,74,-60,-14192,-4236,6560,-479,125,-159,0
1878.0346000194547,9468,5672,11444,-133,-57,98,8452,-9660,9484,-60,166,-183,-14016,4568,4768,-1001,77,-62,-14180,-4200,6492,-490,136,-151,0
1878.0701911449432,9312,5796,11392,-120,-27,106,8236,-9424,9660,-65,166,-179,-14160,4488,4740,-1009,75,-26,-14156,-4188,6408,-453,111,-138,0
1878.1038479804993,9164,5856,11016,-118,-28,112,8468,-9288,9476,-21,133,-172,-13828,4404,5016,-991,95,-20,-14168,-4220,6460,-477,98,-145,0
1878.1373500823975,9308,5880,11496,-127,-26,97,8444,-9508,9540,-42,132,-165,-14152,4476,4628,-1029,90,-41,-14140,-4276,6588,-474,106,-139,0
1878.1708059310913,9228,5824,11448,-124,-33,100,8456,-9640,9516,-37,130,-152,-14032,4496,4896,-1007,93,-81,-14140,-4284,6392,-477,97,-159,0
1878.2041380405428,9440,5864,11356,-121,-16,123,8504,-9432,9588,-71,121,-158,-14012,4464,4772,-987,134,238,-14312,-4268,6564,-471,83,-132,0
1878.2378511428833,9328,5792,11384,-115,-47,133,8584,-9492,9640,-50,129,-133,-13848,4552,4840,-769,79,-250,-14180,-4288,6440,-494,114,-148,0
1878.272614002228,9268,5752,11264,-110,-4,106,8548,-9392,9544,-63,150,-160,-13884,4388,4876,-1017,70,-40,-14116,-4328,6560,-496,56,-133,0
1878.3073329925535,9324,5680,11364,-111,7,77,8604,-9492,9504,-72,140,-131,-14180,4496,4760,-1030,74,-60,-14200,-4164,6384,-507,107,-165,0
1878.3407599925995,9268,5804,11076,-76,-10,48,8556,-9524,9396,-44,170,-157,-13860,4404,4904,-1021,50,-88,-14128,-4152,6480,-490,134,-166,0
1878.374398946762,9308,5788,11276,-118,38,51,8420,-9684,9720,-10,156,-136,-14052,4488,4780,-1031,53,-23,-14184,-4240,6484,-475,129,-195,0
1878.40797996521,9176,5816,11152,-68,7,64,8432,-9420,9496,-6,162,-149,-14020,4464,4820,-1029,44,-21,-14116,-4192,6536,-259,118,-173,0
1878.4412801265719,9408,5660,11348,-95,18,54,8564,-9512,9488,-53,169,-158,-13972,4532,4796,-1016,75,-31,-14116,-4324,6560,-483,94,-159,0
1878.4748821258545,9216,5820,11460,-102,-12,70,8212,-9488,9572,-67,166,-154,-14032,4572,4976,-983,43,-54,-14100,-4316,6424,-496,86,-122,0
1878.5085449218748,9100,5972,11236,-80,-14,77,8700,-9600,9544,-66,168,-140,-14008,4464,4832,-1275,79,-86,-14092,-4304,6584,-768,106,-159,0
1878.5421380996704,9156,5920,11252,-100,2,99,8380,-9460,9468,-19,106,-190,-14144,4624,4824,-1023,101,-61,-14052,-4332,6444,-508,144,-157,0
1878.5757761001587,9188,5968,11468,-77,-16,82,8448,-9248,9508,-34,135,-179,-14268,4588,4924,-1042,120,-60,-14236,-4196,6484,-507,167,-179,0
1878.60933303833,9280,6108,11188,-91,-80,84,8500,-9452,9628,-30,135,-180,-13888,4520,4812,-1005,80,-59,-14184,-4348,6524,-493,143,-142,0
1878.6421830654144,9216,5900,11240,-105,-28,113,8448,-9472,9476,-64,128,-190,-14132,4528,4508,-1013,109,-78,-14220,-4324,6564,-500,154,-140,0
1878.6754989624023,9308,5892,11280,-112,-59,109,8428,-9444,9580,-35,102,-152,-14044,4768,4940,-1002,89,-76,-14180,-4228,6452,-502,148,-142,0
1878.709181070328,9316,5996,11404,-95,-45,115,8512,-9480,9580,-46,140,-135,-13984,4448,4660,-998,112,-34,-14160,-4264,6576,-478,146,-159,0
1878.7427840232847,9172,5824,11316,-124,-19,96,8584,-9496,9520,-40,166,-157,-14144,4572,4852,-994,86,-18,-14180,-4144,6528,-493,122,-139,0
1878.776648044586,9120,5960,11256,-124,-40,87,8412,-9584,9444,-65,167,-150,-13828,4556,4968,-988,62,-69,-14156,-4232,6476,-483,127,-166,0
1878.8103380203247,9064,5636,11368,-140,-3,83,8464,-9544,9552,-23,134,-161,-13856,4468,4868,-1003,103,-74,-14140,-4312,6592,-493,138,-111,0
1878.8438489437103,9080,5692,11296,-120,-13,106,8516,-9560,9620,-38,124,-160,-14088,4560,4848,-1032,71,-83,-14144,-4288,6380,-516,137,-155,0
1878.8773839473724,9212,6072,11480,-106,-40,100,8452,-9436,9484,-30,104,-134,-14092,4576,4716,-1041,108,-24,-14172,-4344,6476,-532,141,-124,0
1878.9108180999756,9008,5888,11388,-134,-17,102,8676,-9540,9356,-52,85,-184,-13984,4572,4796,-1059,110,-49,-14252,-4256,6432,-493,165,-97,0
1878.9443500041964,8980,5892,11300,-144,-8,111,8496,-9596,9516,-48,145,-179,-14092,4584,4936,-970,119,-57,-14096,-4388,6556,-449,148,-105,0
1878.9779250621796,9436,5928,11296,-160,-39,108,8396,-9460,9504,-37,123,-151,-13848,4588,4936,-955,110,-88,-14080,-4212,6480,-481,143,-91,0
1879.0114459991453,9348,5912,11384,-171,-23,108,8464,-9492,9536,-19,136,-156,-14316,4592,5048,-1008,87,-74,-14192,-4304,6652,-487,144,-111,0
1879.0447750091553,9444,5976,11428,-229,-87,152,8448,-9464,9464,23,145,-164,-14080,4552,4980,-990,119,-69,-14164,-4260,6600,-481,141,-69,0
1879.0812771320343,9112,6004,11272,-188,-121,137,8224,-9560,9624,-75,129,-211,-14108,4496,5004,-977,111,-128,-13916,-4140,6428,-766,205,-103,0
1879.117576122284,9208,5640,11484,-225,-122,104,8504,-9520,9536,10,129,-214,-14008,4572,4952,-1001,104,-108,-14140,-4184,6540,-481,184,-73,0
1879.1527040004732,8960,5928,11268,-205,-85,110,8500,-9464,9360,12,129,-177,-14112,4548,4956,-1039,95,-98,-14108,-4304,6540,-485,177,-86,0
1879.1881201267245,9276,5876,11380,-2,-62,139,8212,-9408,9416,17,170,-185,-14032,4488,4728,-973,91,-102,-13868,-4256,6460,-452,139,-92,0
1879.2237379550934,9092,5880,11336,-294,-90,135,8248,-9488,9656,-48,165,-200,-14096,4500,4764,-955,110,-86,-14124,-4484,6496,-483,170,-40,0
1879.2593140602112,9184,5632,11076,-1,-110,137,8464,-9540,9652,-40,142,-190,-13848,4532,4724,-962,137,-126,-14080,-4208,6456,-478,184,-60,0
1879.2941551208492,9204,5800,11408,-232,-169,167,8412,-9464,9540,-34,118,-197,-13856,4448,4876,-978,179,-129,-14052,-4252,6620,-502,252,-49,0
1879.329551935196,9192,5888,11252,-187,-164,170,8492,-9432,9532,245,117,-240,-14140,4560,4488,-1017,140,-87,-14080,-4288,6472,-257,238,-46,0
1879.3647041320803,9264,5736,11580,-218,-204,164,8520,-9696,9528,-14,114,-216,-13832,4832,4808,-986,126,-135,-14112,-4276,6584,-481,192,-76,0
1879.400188922882,9260,5932,11424,-224,-119,149,8504,-9488,9560,-24,145,-208,-14076,4392,4832,-972,125,-112,-14204,-4200,6524,-480,177,-84,0
1879.4353430271149,9300,5844,11244,-204,-130,126,8460,-9304,9480,-6,128,-211,-14132,4444,4876,-1018,107,-147,-14112,-4296,6496,-492,185,-90,0
1879.4708309173584,9012,6132,11192,-213,-127,149,8452,-9400,9424,-39,127,-206,-14028,4500,4880,-1004,116,-95,-14188,-4292,6584,-459,164,-77,0
1879.5058879852295,9156,5892,11340,-233,-142,144,8476,-9436,9480,-36,136,-217,-13880,4560,5008,-988,117,-149,-14196,-4160,6576,-477,175,-70,0
1879.5412020683289,9128,5792,11360,-212,-153,144,8652,-9400,9544,-23,105,-231,-14008,4596,4840,-993,146,-101,-14176,-3932,6520,-493,183,-46,0
1879.577737092972,9240,5740,11384,-189,-154,166,8204,-9572,9628,-16,124,-212,-14032,4408,4968,-1003,111,-145,-14100,-4176,6564,-488,183,-115,0
1879.6129350662231,9276,5832,11348,-200,-157,139,8504,-9240,9540,-12,104,-231,-14116,4472,4824,-1023,137,-114,-14148,-4320,6400,-470,162,-97,0
1879.6488480567932,9364,5816,11360,-196,-160,143,8212,-9512,9580,1,118,-210,-14156,4412,4844,-1019,129,-103,-14192,-4256,6500,-489,176,-85,0
1879.6840109825134,9412,5824,11264,-205,-144,157,8500,-9408,9532,-23,117,-201,-14152,4420,4704,-1024,127,-109,-14156,-4196,6536,-496,181,-91,0
1879.7209310531612,9300,5820,11512,-194,-139,149,8468,-9276,9604,-11,115,-205,-14108,4468,4640,-1017,152,-101,-14284,-4228,6444,-497,146,-77,0
1879.7543890476227,9284,5812,11116,-189,-154,164,8444,-9552,9612,-24,104,-193,-14244,4444,4836,-1021,122,-104,-14132,-4248,6568,-488,190,-120,0
1879.7880339622495,9300,5760,11308,-190,-158,138,8368,-9360,9580,8,107,-186,-14004,4356,4892,-994,84,-119,-14188,-4280,6272,-488,149,-93,0
1879.8215260505676,9156,5760,11228,-119,-131,122,8476,-9496,9476,-81,132,-224,-14092,4484,5008,-972,87,-107,-13868,-4248,6152,-499,181,-135,0
1879.8552069664004,9288,5784,11184,-164,-196,125,8324,-9512,9380,-36,102,-212,-14060,4544,4668,-1269,112,-86,-14232,-4140,6440,-487,124,-160,0
1879.888699054718,9384,5736,11328,-61,-70,129,8596,-9396,9372,-46,111,-179,-14136,4304,4716,-998,99,-28,-14108,-4192,6308,-507,80,-163,0
1879.9218969345093,9300,5876,11088,-112,-51,83,8576,-9420,9580,-18,157,-161,-14004,4432,4884,-1054,80,-39,-14120,-4304,6532,-476,81,-156,0
1879.9556350708008,9300,5864,11268,-151,-251,70,8468,-9448,9512,-19,176,-154,-14204,4512,4608,-1021,68,-45,-14232,-4228,6388,-483,89,-160,0
1879.9892389774325,9264,5784,11448,-127,-40,73,8676,-9728,9512,-41,178,-138,-14084,4448,4820,-1007,80,-39,-14084,-4252,6556,-496,137,-175,0
1880.0225689411163,9260,5828,11256,-105,-37,100,8512,-9400,9612,-45,130,-193,-14028,4492,4736,-1028,90,-25,-14112,-4324,6404,-483,144,-145,0
1880.0562210083008,9036,5856,11200,-118,-38,90,8460,-9248,9240,-4,156,-177,-14000,4472,4808,-1027,100,-250,-14060,-4232,6232,-491,135,-165,0
1880.0899119377132,9224,5768,11140,-73,-37,79,8488,-9460,9580,-38,130,-173,-14292,4592,4904,-992,127,-30,-14180,-4312,6172,-483,103,-146,0
1880.123435974121,9364,5868,11380,-104,39,75,8464,-9708,9864,-56,146,-177,-14040,4556,5044,-996,101,-95,-14184,-4260,6464,-469,94,-111,0
1880.157089948654,9248,5844,11440,-123,11,75,8240,-9492,9588,-60,164,-148,-13996,4464,4972,-1034,69,-84,-14108,-4300,6504,-496,110,-163,0
1880.1904730796814,9276,5940,11456,-105,-5,89,8460,-9520,9680,-49,143,-147,-14012,4592,4648,-1006,100,-9,-13884,-4112,6432,-529,90,-141,0
1880.223776102066,8984,5912,11268,-87,13,89,8496,-9432,9536,-62,125,-152,-14056,4532,4880,-1014,99,-21,-14124,-4352,6588,-494,108,-137,0
1880.2573750019073,9224,6140,11400,-65,-24,99,8472,-9408,9224,-82,134,-187,-13864,4492,4804,-970,109,-83,-14140,-4292,6388,-478,130,-147,0
1880.2910070419312,9264,5832,11252,-92,-61,86,8268,-9256,9272,-47,146,-181,-14328,4528,4948,-981,115,-93,-14176,-4156,6528,-498,159,-146,0
1880.3244709968567,9200,5780,11392,-71,-34,89,8580,-9728,9520,-43,132,-185,-14192,4504,4960,-989,64,-65,-14228,-4268,6580,-259,140,-162,0
1880.3580760955813,9276,5888,11300,-65,-13,71,8504,-9552,9496,-25,145,-162,-14060,4568,4636,-1009,68,-39,-14168,-4244,6676,-492,132,-153,0
1880.3916909694672,9320,5936,11484,-82,-8,82,8448,-9504,9516,-29,145,-153,-13932,4456,4852,-1001,51,-44,-14220,-4300,6584,-474,147,-177,0
1880.4249930381775,9208,5872,11240,-108,-9,48,8452,-9360,9524,-55,147,-168,-14096,4516,5076,-926,34,-102,-14168,-4308,6476,-480,116,-124,0
1880.4586429595947,9160,5864,11416,-83,-49,108,8464,-9584,9528,-79,146,-159,-14036,4520,4736,-997,56,-47,-14108,-4232,6428,-528,135,-175,0
1880.4924769401548,9244,5928,11364,-134,-57,100,8436,-9388,9296,-40,139,-174,-14180,4476,4640,-1071,56,-45,-14068,-4260,6480,-480,131,-140,0
1880.5256280899048,9428,5924,11516,-105,-8,80,8380,-9456,9536,-32,144,-155,-14040,4596,4828,-1011,82,-20,-14200,-4296,6424,-497,124,-141,0
1880.5594611167908,9132,5900,11028,-116,-82,83,8500,-9464,9528,-73,157,-170,-14084,4616,4744,-990,76,-14,-14136,-4260,6524,-511,163,-173,0
1880.5932159423828,9152,5880,11340,-146,-9,62,8444,-9484,9540,6,119,-164,-14308,4468,4956,-1022,81,-58,-14160,-4244,6452,-449,100,-157,0
1880.6266040802004,9232,5856,11260,-84,-13,96,8436,-9580,9464,-28,89,-148,-14096,4452,4972,-1034,59,-71,-14156,-4320,6440,-476,119,-165,0
1880.6600010395052,9384,5988,11416,-97,-30,122,8504,-9568,9580,-54,156,-165,-14088,4568,4756,-999,78,-49,-14192,-4224,6492,-462,120,-153,0
1880.6933679580688,8960,5940,11456,-147,-36,80,8416,-9716,9424,-84,179,-164,-14216,4524,4728,-955,88,-35,-14176,-4248,6492,-509,126,-150,0
1880.7268180847168,8984,5852,11304,-121,-35,106,8328,-9504,9500,-64,168,-141,-14144,4488,4672,-1003,101,-51,-14040,-4316,6496,-496,132,-143,0
1880.7634649276733,9156,5832,11400,-125,-42,109,8432,-9488,9456,-255,127,-170,-13896,4432,5068,-1279,118,-96,-14056,-4132,6436,-500,171,-108,0
1880.799917936325,9140,5988,11332,-115,-23,112,8588,-9684,9124,-66,91,-214,-13968,4536,4764,-1089,159,-53,-14132,-4344,6448,-499,173,-109,0
1880.8355391025543,9136,5856,11248,-124,-49,95,8196,-9572,9564,255,151,-168,-14076,4796,4876,-996,102,-37,-13840,-4252,6476,-479,133,-103,0
1880.8717930316923,9148,5984,11304,-165,-45,94,8500,-9504,9524,-21,153,-156,-14064,4532,4640,-992,97,-25,-14140,-4600,6588,-484,135,-144,0
1880.9080650806427,9136,5896,11284,-146,-30,98,8488,-9424,9608,-21,148,-147,-14024,4548,4668,-1276,78,-44,-14136,-4272,6536,-493,147,-128,0
1880.9429390430453,9468,6136,11460,-171,-46,110,8212,-9296,9484,-40,156,-166,-13972,4560,4852,-998,84,-86,-14196,-4292,6452,-486,153,-118,0
1880.9781570434573,9136,5980,11480,-190,-33,83,8484,-9576,9604,-4,178,-221,-14076,4520,4864,-972,99,-50,-14184,-4272,6588,-469,172,-122,0
1881.013451099396,9128,5940,11584,-211,-81,129,8204,-9540,9544,-2,138,-172,-14080,4560,5100,-986,95,-95,-13828,-4320,6512,-471,180,-87,0
1881.0492360591888,9180,5884,11420,-198,-134,139,8192,-9624,9600,-29,119,-200,-14056,4508,4916,-957,125,-104,-14204,-4564,6532,-510,177,-101,0
1881.0845370292664,9176,5880,11428,-168,-162,149,8532,-9412,9476,-25,106,-223,-13872,4492,4644,-974,132,-144,-14120,-4300,6524,-536,184,-94,0
1881.1200129985807,9200,5880,11388,-194,-136,135,8288,-9252,9268,-34,144,-217,-14084,4552,4748,-989,139,-76,-14096,-4288,6520,-497,182,-67,0
1881.1550250053403,9148,5968,11332,-245,-88,136,8476,-9416,9560,-29,148,-188,-14008,4432,4648,-981,112,-126,-14060,-4204,6480,-454,192,-69,0
1881.1906170845032,9208,5896,11384,-283,-87,140,8480,-9532,9696,-19,148,-194,-14312,4528,4908,-986,129,-81,-14104,-4296,6564,-457,184,-62,0
1881.2257089614868,9228,6084,11324,-302,-68,135,8476,-9564,9488,-42,123,-170,-14076,4484,4636,-972,128,-106,-14200,-4180,6484,-469,193,-52,0
1881.2617180347445,9112,5868,11400,-292,-124,137,8560,-9520,9596,-2,125,-204,-14072,4536,5116,-1021,115,-171,-14152,-4608,6512,-474,201,-82,0
1881.2980239391327,9240,5924,11448,-216,-130,143,8416,-9468,9588,-17,106,-203,-13828,4540,4872,-1000,137,-111,-14172,-4328,6424,-477,197,-68,0
1881.33354306221,9260,5864,11332,-232,-155,144,8488,-9540,9728,-39,125,-236,-14000,4520,4764,-978,151,-132,-14200,-4256,6532,-466,237,-71,0
1881.3688631057737,9156,5836,11344,-279,-149,164,8500,-9244,9612,17,131,-189,-13956,4584,4800,-1022,120,-91,-14084,-4232,6508,-465,157,-102,0
1881.405797958374,9436,5632,11368,-209,-112,144,8556,-9420,9508,10,167,-158,-14228,4404,4856,-1005,109,-67,-14084,-4124,6416,-465,131,-94,0
1881.439248085022,9408,5888,11400,-231,-92,151,8384,-9400,9564,-47,150,-155,-14296,4444,4852,-994,101,-58,-14160,-4336,6592,-455,157,-58,0
1881.4728300571444,9456,5880,11504,-232,-136,168,8352,-9484,9556,-43,107,-178,-14108,4448,5032,-991,131,-110,-14148,-4204,6280,-489,199,-52,0
1881.5065701007843,9236,5756,11388,-176,-157,151,8480,-9720,9564,-19,68,-207,-14100,4556,4616,-975,130,-152,-14300,-4328,6512,-492,221,-89,0
1881.5400741100311,9216,5780,11260,-188,-195,167,8428,-9376,9424,-8,101,-246,-14028,4500,4672,-1277,169,-102,-14184,-4220,6428,-472,204,-72,0
1881.5733859539032,9216,5888,11352,-169,-178,166,8488,-9412,9540,-8,79,-241,-14336,4508,4780,-1011,146,-130,-14168,-4184,6452,-478,196,-70,0
1881.607038974762,9256,5856,11384,-207,-177,145,8540,-9408,9664,-11,102,-213,-13864,4532,5028,-1006,145,-125,-14260,-4320,6504,-457,191,-101,0
1881.6402759552004,9356,5760,11432,-183,-132,143,8516,-9460,9540,-19,130,-210,-14096,4512,4672,-986,102,-115,-14160,-4320,6480,-495,195,-86,0
1881.673800945282,9464,5840,11420,-182,-131,158,8476,-9480,9668,-15,147,-197,-14016,4408,4756,-1056,126,-95,-14316,-4276,6188,-464,149,-100,0
1881.707416057587,9296,5908,11160,-172,-153,145,8228,-9452,9488,245,106,-226,-14128,4568,4876,-1008,127,-85,-14160,-4192,6368,-492,159,-95,0
1881.7410321235657,9236,5840,11200,-169,-158,102,8572,-9556,9528,-37,113,-225,-14176,4424,4952,-978,114,-83,-14132,-4224,6488,-486,150,-98,0
1881.7743511199951,9328,5792,11340,-171,-179,145,8520,-9368,9376,-48,104,-222,-14032,4552,4892,-1004,120,-126,-14228,-4096,6392,-494,132,-133,0
1881.8080909252167,9388,5712,11288,-109,-112,115,8560,-9476,9480,-60,97,-203,-13972,4520,4820,-1012,102,-91,-14096,-4164,6424,-507,122,-150,0
1881.8416130542755,9356,5792,11220,-113,-113,70,8476,-9456,9440,-8,121,-197,-13880,4440,4804,-1035,80,-65,-14256,-4212,6236,-498,144,-135,0
1881.875200986862,9224,5764,11272,-144,-25,99,8536,-9352,9600,8,151,-183,-14068,4456,4844,-1008,71,-48,-14256,-4204,6432,-259,110,-152,0
1881.9085230827332,9352,5632,11296,-177,-24,82,8468,-9412,9484,-24,145,-171,-14080,4460,4800,-1015,105,-38,-14140,-4232,6220,-467,90,-136,0
1881.9419879913332,9312,6080,11328,-156,-33,105,8428,-9480,9584,-59,126,-157,-14104,4496,4892,-1014,117,-53,-14276,-4296,6496,-490,111,-154,0
1881.9757640361788,9408,5828,11328,-123,-60,97,8476,-9440,9488,-19,120,-143,-14120,4560,4956,-1037,54,-32,-14204,-4320,6428,-488,104,-176,0
1882.0136270523071,9244,5856,11196,-89,-29,97,8424,-9408,9500,-53,152,-122,-14024,4460,4704,-1018,58,-250,-14092,-4308,6500,-512,79,-147,0
1882.0477669239044,9012,5840,11404,-88,-45,114,8496,-9552,9632,-59,148,-159,-14056,4520,4844,-1010,48,-16,-14228,-4228,6508,-495,104,-178,0
1882.0813031196594,9240,5660,11196,-170,-18,72,8448,-9512,9368,-22,170,-176,-14028,4592,4616,-1006,60,-48,-14108,-4188,6648,-464,118,-122,0
1882.1149029731753,9244,5884,11088,-112,20,99,8448,-9420,9444,-34,141,-134,-14048,4424,4808,-1004,73,238,-14088,-4244,6404,-760,90,-155,0
1882.148141145706,8992,5836,11320,-106,9,85,8520,-9252,9640,-25,151,-136,-14128,4568,4920,-1003,65,-4,-14156,-4232,6560,-490,93,-168,0
1882.1817109584808,9300,5860,11364,-141,7,67,8464,-9508,9552,-62,116,-167,-14104,4544,4788,-1005,89,-11,-14164,-4216,6516,-502,103,-155,0
1882.2152731418612,9244,5920,11296,-114,-56,111,8484,-9560,9468,-69,153,-165,-14260,4456,4676,-1033,125,-97,-14152,-4224,6468,-496,126,-143,0
1882.2487471103668,9300,5816,11348,-107,-79,84,8460,-9492,9520,-28,159,-181,-14208,4568,5028,-1045,83,-56,-14048,-4264,6548,-488,122,-165,0
1882.2823050022123,9188,5828,11252,-158,-255,95,8456,-9232,9432,49,181,-179,-14096,4520,4852,-1003,76,-75,-14184,-4196,6420,-563,202,-147,0
1882.315763950348,9276,5920,11332,-103,-42,98,8412,-9524,9528,-53,171,-191,-14164,4496,4800,-1001,62,-59,-14172,-4240,6508,-474,153,-152,0
1882.34921503067,9260,5808,11224,-107,-38,77,8464,-9412,9380,-25,135,-166,-14164,4480,4904,-1008,62,-70,-14176,-4112,6512,-467,125,-173,0
1882.3827140331268,9140,5868,11220,-77,-75,62,8192,-9448,9516,-56,147,-183,-13988,4500,4876,-1000,88,-88,-14172,-4452,6524,-512,100,-143,0
1882.416352033615,8968,5948,11468,-88,-48,88,8376,-9452,9584,-57,118,-172,-14172,4472,4804,-1005,60,-53,-14112,-4600,6624,-514,128,-125,0
1882.4528770446775,9368,5856,11332,-73,-75,104,8428,-9656,9296,-56,126,-173,-13988,4456,4896,-1009,118,-86,-14044,-4328,6596,-496,142,-172,0
1882.4878671169283,8996,5648,11040,-97,-83,92,8444,-9540,9516,-48,144,-188,-13864,4568,4608,-989,109,-84,-14196,-4340,6556,-492,143,-143,0
1882.523388147354,9248,5848,11512,-114,-66,94,8208,-9524,9568,-24,146,-149,-13832,4396,4852,-1034,88,-7,-13892,-4288,6540,-506,143,-140,0
1882.559242963791,9452,5868,11220,-116,-27,94,8440,-9412,9596,-7,107,-154,-14116,4496,4788,-1038,113,-108,-13928,-4268,6376,-501,137,-156,0
1882.5950169563293,9184,5844,11364,-155,-39,108,8520,-9480,9596,32,127,-157,-13868,4444,4880,-1031,108,-34,-14016,-4252,6572,-515,184,-131,0
1882.6307880878448,9196,5836,11284,-113,-56,112,8424,-9496,9544,-63,129,-178,-14004,4392,4932,-1015,119,-76,-14184,-4296,6604,-469,157,-127,0
1882.6662180423737,9224,5976,11432,-115,-53,107,8464,-9248,9556,-56,102,-181,-14096,4568,4864,-1004,92,-54,-14116,-4212,6520,-480,127,-141,0
1882.7018251419067,9008,5824,11392,-148,-60,96,8508,-9548,9620,-27,117,-146,-14136,4364,4624,-1042,93,-86,-14236,-4228,6528,-477,97,-147,0
1882.737689971924,9148,5928,11300,-156,-36,126,8404,-9468,9536,4,141,-179,-14028,4596,4608,-1012,129,-72,-14156,-4288,6516,-495,106,-107,0
1882.7727589607239,9256,5952,11280,-136,-77,93,8472,-9536,9548,-56,164,-201,-14088,4556,4640,-1007,70,-57,-14196,-4232,6692,-514,146,-158,0
1882.8087079524994,9172,5748,11276,-166,-17,71,8292,-9372,9488,-7,164,-180,-14044,4544,5080,-1009,92,-71,-14140,-4364,6552,-442,136,-150,0
1882.8435189723969,9252,5664,11472,-113,-16,97,8444,-9520,9480,1,144,-156,-14064,4540,5112,-1011,101,-38,-14136,-4336,6492,-504,137,-127,0
1882.8794701099396,9176,5900,11300,-145,-36,97,8444,-9652,9480,-27,161,-180,-14088,4496,5032,-1006,89,-57,-14304,-4328,6428,-472,132,-147,0
1882.9149539470673,9144,5848,11396,-152,-93,101,8560,-9488,9700,-57,153,-165,-14080,4544,4868,-1001,86,-83,-14128,-4308,6564,-473,164,-142,0
1882.9513130187988,9180,5936,11388,-160,-41,92,8420,-9408,9576,-39,148,-161,-14040,4468,4824,-1002,82,-74,-14148,-4308,6420,-502,154,-122,0
1882.9876010417936,9108,5936,11356,-152,-28,122,8416,-9420,9512,-11,138,-171,-14008,4504,4916,-1002,123,-69,-14108,-4284,6524,-482,154,-115,0
1883.0228121280668,9144,5900,11300,-134,-38,106,8416,-9560,9464,-32,139,-184,-14024,4572,4900,-987,112,-59,-14176,-4276,6424,-489,166,-111,0
1883.0575230121613,8972,5960,11312,-164,-32,117,8524,-9532,9536,-8,141,-179,-14020,4460,5052,-1014,97,-54,-14232,-4264,6628,-480,143,-85,0
1883.0937969684603,9164,5976,11372,-169,-56,106,8448,-9520,9252,18,166,-177,-14212,4504,5088,-983,94,-108,-14208,-4332,6560,-489,188,-57,0
1883.1275260448451,9224,5892,11536,-213,-70,141,8424,-9468,9560,10,137,-156,-14056,4464,4880,-1002,88,-106,-14156,-4368,6560,-480,188,-87,0
1883.1608040332794,9200,5828,11416,-210,-124,139,8404,-9516,9584,-17,124,-220,-14088,4480,4876,-934,108,-95,-14172,-4480,6188,-492,159,-87,0
1883.194391012192,9168,5920,11516,-175,-130,147,8212,-9248,9548,-64,164,-204,-14012,4484,4920,-947,85,-81,-14156,-4264,6516,-500,166,-64,0
1883.2280299663544,9264,5788,11420,-191,-102,106,8468,-9608,9560,-28,154,-212,-14064,4576,4984,-1032,67,-73,-14180,-4340,6580,-494,158,-75,0
1883.261027097702,8968,5968,11480,-249,-89,136,8372,-9460,9648,27,144,-192,-13976,4368,4740,-1000,116,-111,-14104,-4364,6408,-478,194,-64,0
1883.2945361137388,9192,5868,11148,-220,-67,167,8692,-9460,9508,-53,113,-202,-14028,4560,4740,-982,113,-103,-14156,-4208,6572,-491,216,-63,0
1883.3291389942167,9256,5888,11340,-296,-140,151,8508,-9532,9600,-36,140,-208,-14136,4540,5088,-986,151,-124,-14160,-4568,6428,-458,192,-45,0
1883.3627240657809,9212,5888,11476,-261,-147,152,8428,-9496,9492,-36,109,-189,-14284,4436,4796,-997,155,-86,-14136,-4312,6172,-455,191,-70,0
1883.396243095398,9236,5936,11168,-226,-119,183,8536,-9500,9540,-13,130,-182,-14068,4500,4896,-769,156,-127,-14116,-4204,6464,-467,222,-74,0
1883.429718017578,9168,5760,11360,-240,-121,141,8500,-9472,9572,254,143,-185,-13948,4552,4808,-977,122,-97,-14196,-4316,6500,-466,204,-85,0
1883.4633629322052,9184,5868,11384,-5,-124,134,8600,-9692,9588,-21,168,-198,-14088,4500,4852,-1011,101,-109,-14296,-4256,6484,-478,136,-85,0
1883.4971420764923,9256,5856,11420,-203,-111,152,8200,-9644,9596,-34,112,-169,-14180,4500,4996,-990,127,-120,-14112,-4128,6496,-472,167,-100,0
1883.530601978302,9188,5632,11400,-196,-120,145,8428,-9480,9580,-17,125,-178,-14044,4508,4796,-996,140,-133,-14328,-4252,6168,-472,184,-30,0
1883.5642039775848,9236,5836,11452,-229,-165,165,8408,-9460,9632,9,147,-222,-13996,4432,4980,-1021,151,-130,-14156,-4156,6632,-469,262,-42,0
1883.5977151393893,9052,5780,11364,-208,-209,170,8516,-9396,9540,8,139,-196,-14312,4500,4848,-976,145,-123,-14280,-4268,6548,-467,211,-55,0
1883.6312699317932,9252,5776,11460,-219,-213,157,8356,-9512,9720,-7,94,-229,-13860,4812,5064,-954,139,-165,-14232,-4212,6568,-480,204,-25,0
1883.664582014084,9040,5780,11380,-212,-183,166,8492,-9420,9536,-23,127,-229,-14076,4492,5000,-976,85,-137,-14228,-4240,6556,-499,195,-89,0
1883.6982810497284,9240,5848,11316,-202,-198,161,8480,-9432,9396,-35,151,-210,-14128,4480,4788,-977,129,-140,-14112,-4220,6400,-466,171,-111,0
1883.731884002685,9272,5876,11520,-204,-175,132,8692,-9580,9528,-41,105,-206,-14124,4456,4756,-1006,125,-114,-14256,-4308,6420,-454,166,-87,0
1883.7652919292452,9324,5800,11336,-200,-164,132,8224,-9448,9712,-35,115,-219,-13992,4524,4684,-1003,135,-72,-14252,-4224,6160,-491,185,-104,0
1883.799112081528,9380,5816,11236,-211,-145,143,8496,-9396,9608,-15,98,-233,-14044,4440,4724,-1011,142,-84,-14112,-4212,6436,-488,180,-100,0
1883.8326771259308,8968,5760,11516,-188,-167,153,8536,-9468,9416,-10,108,-228,-14064,4552,4840,-1027,111,-128,-14168,-4244,6420,-765,223,-59,0
1883.866379022598,9272,5832,11028,-155,-198,129,8392,-9432,9620,7,116,-208,-14268,4476,4728,-1277,127,-136,-14208,-4296,6236,-487,206,-95,0
1883.8994610309603,9368,5888,11468,-190,-161,148,8412,-9496,9592,-28,112,-213,-14064,4420,4836,-1025,104,-96,-14132,-4284,6548,-504,165,-94,0
1883.9329540729525,9280,5784,11504,-139,-124,146,8528,-9428,9516,-36,93,-198,-14088,4420,4672,-999,131,-85,-14140,-4260,6344,-484,118,-91,0
1883.9666149616244,9324,5788,11504,-145,-127,129,8420,-9352,9532,-27,104,-174,-13976,4444,4664,-988,106,-35,-14120,-4164,6416,-496,121,-116,0
1884.000282049179,9388,5848,11300,-125,-73,117,8528,-9400,9412,-81,106,-194,-14164,4496,4820,-999,111,-58,-14220,-4320,6380,-488,119,-140,0
1884.033443927765,9300,5744,11080,-138,-50,108,8476,-9232,9444,-36,165,-152,-14124,4476,4852,-1014,76,-14,-14168,-4224,6416,-495,123,-147,0
1884.067111968994,9428,5744,11328,-152,-48,91,8516,-9536,9720,-26,163,-167,-14092,4520,4788,-996,87,-40,-14196,-4216,6404,-465,149,-128,0
1884.1004350185394,9324,5840,11456,-144,-41,81,8572,-9468,9444,-32,145,-180,-14164,4408,4780,-997,102,-62,-14196,-4204,6352,-472,134,-140,0
1884.1387069225311,9240,5852,11220,-127,-24,97,8528,-9412,9496,-29,138,-189,-14036,4440,4852,-987,96,-54,-14112,-4252,6420,-492,122,-130,0
1884.1742329597473,9360,5832,11288,-96,-40,86,8420,-9328,9620,-13,146,-160,-14308,4388,4612,-1006,76,-71,-14128,-4312,6376,-482,128,-145,0
1884.2102680206297,9292,5868,11232,-131,-12,89,8476,-9392,9516,-38,134,-136,-14088,4440,4892,-1012,95,-20,-14260,-4324,6480,-480,71,-122,0
1884.245568037033,9324,5908,11268,-103,-29,86,8496,-9404,9500,-91,163,-131,-14152,4460,4768,-1027,31,-10,-14248,-4260,6628,-523,81,-188,0
1884.2812120914457,9228,5888,11384,-111,-31,74,8480,-9532,9408,-44,162,-131,-14012,4488,5008,-1024,76,-27,-14212,-4304,6464,-479,85,-169,0
1884.3172149658203,9292,5852,11316,-66,85,93,8464,-9264,9280,-66,112,-136,-14084,4472,4832,-1016,101,-10,-14084,-4276,6484,-526,65,-172,0
1884.352375984192,9300,5748,11188,-82,-59,75,8288,-9480,9640,-42,185,-193,-14080,4424,4708,-971,87,-55,-14168,-4168,6460,-498,176,-155,0
1884.3881559371948,9328,5856,11392,-112,-6,88,8456,-9444,9228,-11,164,-123,-14204,4536,4936,-1000,66,-50,-14128,-4316,6492,-509,123,-172,0
1884.4239590168,9248,5800,11200,-31,-13,80,8456,-9452,9468,-49,178,-144,-14300,4500,4796,-987,45,-47,-14092,-4408,6676,-257,77,-188,0
1884.459962129593,9312,5920,11516,-101,10,53,8564,-9476,9428,-96,158,-160,-14028,4476,4844,-905,69,219,-14140,-4308,6520,-522,76,-169,0
1884.4948840141296,8968,5868,11272,-33,254,32,8460,-9488,9548,-93,180,-136,-14008,4448,4880,-931,53,-256,-14192,-4236,6404,-529,115,-183,0
1884.5307190418243,9312,5948,11340,-79,-16,72,8384,-9564,9424,-23,170,-163,-13880,4480,4960,-979,43,-76,-14060,-4272,6424,-766,199,-158,0
1884.56613111496,9320,5656,11376,-148,-39,85,8440,-9524,9680,-26,211,-193,-14084,4400,4988,-954,37,-92,-14172,-4312,6464,-508,338,-148,0
1884.6018660068512,9208,5916,11324,-282,-28,84,8524,-9464,9600,0,212,-183,-14000,4564,4956,-971,84,-117,-14176,-4300,6544,-384,355,-153,0
1884.6381499767303,9252,5812,11240,-309,8,63,8452,-9468,9528,71,245,-150,-14052,4532,4996,-896,48,-148,-14192,-4296,6496,-390,336,-127,0
1884.6737921237948,9264,6000,11324,-333,45,90,8656,-9284,9640,58,242,-150,-14052,4532,4916,-917,114,-104,-14156,-4232,6400,-389,397,-111,0
1884.7096979618073,9152,5916,11208,-406,106,74,8412,-9500,9560,50,224,-137,-14056,4464,4816,-907,165,-118,-14056,-4232,6576,-365,378,-116,0
1884.74476313591,9204,5880,11384,-401,70,93,8492,-9504,9536,32,243,-160,-13944,4568,4696,-917,150,-133,-13852,-4256,6380,-344,261,-102,0
1884.7800519466405,9264,5912,11484,-293,1,79,8472,-9520,9544,-46,206,-174,-13948,4540,4744,-855,178,-48,-14104,-4312,6344,-511,78,-122,0
1884.8138389587405,9412,6128,11440,-150,4,71,8476,-9260,9520,-67,269,-74,-14120,4428,4704,-844,87,-37,-14196,-4164,6604,-763,139,-98,0
1884.8475019931793,9124,5884,11312,-170,-78,143,8456,-9440,9572,-46,130,-179,-14116,4580,4784,-1058,115,-27,-14132,-4220,6516,-422,66,-100,0
1884.880947113037,9192,5732,11304,-56,-101,108,8312,-9472,9592,-67,125,-178,-14128,4384,5216,-1035,126,-91,-14252,-4216,6440,-534,139,-131,0
1884.914391040802,9144,5864,11264,-111,-60,122,8512,-9520,9476,-40,166,-182,-14048,4504,5100,-1018,108,-73,-14244,-4348,6488,-503,159,-102,0
1884.9477190971375,9428,5968,11264,-107,-36,77,8400,-9540,9544,-55,153,-188,-14076,4504,4964,-977,89,-42,-14208,-4232,6400,-529,175,-117,0
1884.981261968613,9176,6060,11408,-180,-44,107,8464,-9452,9392,-67,136,-176,-13992,4500,4728,-982,71,-47,-14220,-4312,6428,-503,174,-91,0
1885.0149450302124,9160,5920,11336,-150,-63,130,8380,-9472,9544,-38,155,-158,-14032,4516,4764,-953,142,-41,-14132,-4592,6328,-468,138,-116,0
1885.0486149787903,9196,5908,11592,-176,-35,129,8500,-9236,9576,-87,135,-183,-14088,4484,4920,-965,84,-102,-14244,-4292,6360,-468,165,-128,0
1885.0821290016174,9120,5796,11448,-167,-57,97,8520,-9244,9660,-50,173,-198,-13912,4568,5032,-1001,83,-96,-14152,-4136,6300,-475,163,-111,0
1885.1157541275024,9148,5840,11400,-125,-18,107,8336,-9468,9452,-39,231,-156,-13952,4352,4780,-1054,71,229,-14100,-4208,6500,-471,131,-162,0
1885.1492609977724,9196,6112,11292,-136,-17,120,8480,-9476,9456,-253,157,-151,-14004,4552,4768,-974,108,-21,-14132,-4292,6444,-468,147,-116,0
1885.18283200264,9140,5880,11496,-177,-1,90,8852,-9564,9636,-36,160,-167,-14036,4656,4708,-1014,106,-39,-14256,-4248,6636,-447,133,-115,0
1885.2168450355532,9152,5888,11372,-183,-42,103,8400,-9540,9580,-15,189,-159,-14188,4588,4848,-981,129,-103,-14180,-4344,6508,-501,137,-125,0
1885.2503299713135,9132,5880,11504,-219,-98,122,8308,-9696,9568,41,160,-194,-14024,4360,4828,-1006,118,-105,-14284,-4316,6440,-484,149,-94,0
1885.283483028412,9048,5872,11396,-213,-130,137,8312,-9512,9564,14,121,-206,-14152,4600,4764,-984,95,-121,-14104,-4244,6444,-467,206,-53,0
1885.3170230388644,9104,5884,11428,-169,-167,146,8364,-9500,9628,10,97,-220,-14040,4800,4656,-967,112,-87,-14120,-4188,6344,-477,151,-95,0
1885.3503730297089,9188,5864,11320,-226,-105,135,8396,-9480,9556,-248,130,-191,-14112,4468,4908,-975,101,-101,-14148,-4244,6512,-490,173,-69,0
1885.3839211463928,9436,5796,11296,-225,-107,145,8412,-9392,9560,-6,187,-193,-14160,4572,4800,-982,100,-137,-14228,-4208,6484,-485,175,-52,0
1885.4173829555511,9084,5640,11348,-254,-90,138,8456,-9440,9708,-22,129,-196,-14036,4604,4812,-1040,143,-116,-14156,-4216,6432,-437,148,-45,0
1885.4510550498965,9184,5812,11348,-304,-95,172,8664,-9452,9608,-3,104,-220,-13988,4488,4720,-1023,208,-114,-14224,-4172,6388,-402,137,-30,0
1885.4848899841309,8984,5828,11660,-326,-136,159,8344,-9504,9644,12,85,-224,-14096,4608,4808,-1076,178,-94,-14304,-4224,6636,-435,185,-53,0
1885.5180840492249,9148,5832,11492,-290,-151,157,8384,-9240,9232,25,141,-224,-14084,4512,5024,-1057,145,-133,-14280,-4156,6164,-497,208,-88,0
1885.551705121994,9236,5832,11496,-281,-146,145,8408,-9496,9632,13,135,-208,-14300,4528,4728,-1032,106,-144,-14272,-4312,6428,-527,192,-64,0
1885.58526301384,9460,5708,11484,-275,-169,134,8480,-9428,9540,-3,112,-192,-14124,4480,5096,-771,40,-122,-14172,-4248,6428,-488,257,-86,0
1885.6185700893404,9112,5740,11424,-249,-128,123,8460,-9676,9616,19,148,-229,-14060,4660,4852,-1052,124,-111,-14144,-4200,6236,-473,198,-64,0
1885.6519210338593,9192,5696,11400,-239,-123,142,8496,-9468,9552,-7,118,-205,-13832,4544,4748,-771,106,-101,-14172,-4180,6636,-538,226,-82,0
1885.6854100227356,9260,5668,11432,-233,-192,174,8696,-9468,9568,26,161,-215,-14324,4516,5044,-1033,41,-171,-14100,-4188,6364,-766,259,-94,0
1885.7185671329496,9160,5840,11368,-223,-193,148,8236,-9460,9648,23,207,-210,-14064,4452,4976,-952,29,-99,-14100,-4172,6632,-477,261,-75,0
1885.7520499229431,9120,5736,11472,-201,-203,130,8360,-9596,9596,-32,170,-240,-14076,4536,4724,-924,23,-117,-14208,-4136,6388,-474,323,-60,0
1885.7852621078491,9040,5720,11332,-231,-273,166,8468,-9460,9516,-5,82,-298,-14156,4488,4788,-945,12,-120,-14300,-4248,6184,-454,281,-68,0
1885.8229150772095,9296,5660,11212,-202,-202,169,8440,-9344,9544,13,152,-211,-14048,4408,4836,-956,38,-144,-14172,-4284,6288,-482,224,-86,0
1885.858149051666,9012,5744,11276,-228,-224,176,8440,-9436,9504,-44,136,-238,-14008,4484,4972,-985,7,-98,-14192,-4208,6360,-474,228,-78,0
1885.8934259414673,9276,5760,11456,-159,-262,166,8452,-9464,9572,-54,100,-251,-13836,4524,5052,-997,-38,-150,-14096,-4196,6300,-479,254,-69,0
1885.9296579360964,9252,5728,11268,-113,-326,186,8508,-9420,9600,-42,86,-274,-14220,4496,5004,-1048,-171,-159,-14232,-4204,6328,-378,314,-61,0
1885.9650211334229,9304,5660,11324,-99,-317,183,8448,-9428,9496,-38,100,-2,-14016,4540,4468,-1262,-205,-141,-14188,-4348,6288,-341,283,-51,0
1886.00070810318,9348,5764,11364,-78,-328,190,8496,-9528,9576,-61,81,-280,-14016,4568,5108,-1148,-316,-132,-14224,-4132,6284,-177,325,-55,0
1886.035665035248,9252,5780,11344,-136,-276,180,8464,-9412,9648,-15,74,-277,-14016,4532,4892,-1205,-255,-154,-14228,-4156,6416,-318,322,-22,0
1886.0718121528628,9340,5760,11152,-106,-253,192,8480,-9664,9712,-256,66,-265,-13968,4352,4768,-1213,-201,-182,-14200,-4052,6388,-396,240,-81,0
1886.1076891422272,9412,5792,11188,-25,-272,163,8304,-9456,9704,-103,94,-508,-14000,4436,4984,-1149,23,-96,-14192,-4140,6288,-589,173,-75,0
1886.1423840522764,9384,5756,11076,-40,-217,192,8376,-9256,9500,-40,64,-235,-14068,4432,4972,-1177,284,-171,-14240,-4204,6636,-671,223,-81,0
1886.1787431240084,9280,5816,11204,-127,-193,157,8536,-9396,9608,-55,95,-505,-14080,4396,5148,-878,129,-183,-14324,-3856,6216,-559,356,-69,0
1886.2142090797424,9448,5712,11372,-154,-173,148,8588,-9480,9540,-10,129,-499,-14080,4356,5040,-894,103,-173,-14320,-4052,6512,-496,370,-37,0
1886.2500600814815,9288,5688,11252,-138,-114,146,8576,-9400,9524,-49,99,-247,-13968,4536,5172,-966,124,-164,-14268,-4240,6252,-403,342,-16,0
1886.2854621410372,9380,5776,11232,-201,-84,185,8632,-9412,9692,-10,84,-232,-14024,4384,4888,-942,163,-142,-14208,-4024,6236,-506,359,-9,0
1886.3208620548248,9540,5820,11312,-180,-67,165,8516,-9352,9656,-25,68,-226,-13984,4392,4880,-930,156,-174,-14396,-3876,6364,-495,391,-12,0
1886.3560099601748,9448,5704,11460,-227,-45,179,8436,-9724,9440,31,109,-217,-14220,4436,4964,-946,82,-83,-14320,-4120,6280,-467,373,-20,0
1886.391808986664,9400,5732,11268,-207,14,152,8588,-9408,9524,19,123,-195,-14080,4332,4984,-952,100,-129,-14416,-4320,6288,-411,308,-22,0
1886.427144050598,9412,5620,11248,-252,83,184,8584,-9376,9648,-10,95,-203,-14032,4440,4764,-909,91,-143,-14388,-4288,6180,-376,329,-10,0
1886.4629521369934,9440,5884,11404,-318,78,201,8508,-9468,9496,-16,107,-202,-14168,4344,4844,-898,138,-130,-14424,-4092,6264,-291,296,38,0
1886.4967789649963,9372,5724,11028,-274,145,201,8480,-9452,9592,-22,28,-176,-14092,4472,4956,-879,143,-102,-14356,-4036,6168,-329,318,-15,0
1886.530025959015,9448,5644,11044,-295,170,212,8564,-9432,9664,-21,86,-164,-14212,4400,4880,-888,99,-130,-12784,-3780,6040,-644,85,-85,0
1886.5636570453644,9076,5716,12248,-173,284,196,8520,-9376,9576,-4,165,-198,-13848,4396,4940,-912,10,-140,-14380,-4028,6040,-366,416,-91,0
1886.5973179340365,9332,5664,11416,-295,247,129,8572,-9408,9612,53,136,-229,-14128,4424,4968,-877,237,-165,-14292,-4024,6136,-510,443,-122,0
1886.630450963974,9452,5740,11396,-262,161,134,8524,-9400,9576,28,154,-227,-13988,4404,4940,-937,84,-145,-14372,-4000,6108,-501,364,-133,0
1886.6639389991765,9256,5568,11348,-243,128,158,8540,-9260,9696,19,176,-188,-13960,4492,4924,-953,60,-114,-14360,-4044,6216,-572,281,-211,0
1886.6975400447843,9444,5436,11404,-203,35,151,8552,-9436,9516,52,173,-186,-13992,4500,5080,-998,45,-74,-14336,-4036,6060,-541,302,-180,0
1886.731147050857,9368,5552,11460,-172,74,176,8488,-9336,9668,69,170,-106,-13976,4372,4988,-1023,254,-115,-14424,-4060,6016,-624,291,-207,0
1886.764678001404,9256,5652,11296,-171,39,196,8564,-9492,9612,72,166,-75,-14040,4416,5176,-1001,-5,-81,-14516,-4168,6292,-571,0,-133,0
1886.798306941986,9188,5704,11644,-187,162,224,8656,-9448,9680,101,85,-67,-14004,4536,4924,-1010,56,-43,-14384,-4060,6188,-651,209,-144,0
1886.8317430019376,9320,5476,11400,-209,230,289,8460,-9380,9636,138,135,-49,-14124,4492,5024,-1008,-19,-18,-14444,-4068,6060,-663,241,-175,0
1886.8652839660645,9164,5576,11524,-180,96,232,8512,-9376,9444,75,168,-45,-13984,4428,4928,-983,-18,-70,-14520,-3924,6092,-629,160,-122,0
1886.8986721038816,9348,5580,11440,-214,281,267,8652,-9324,9476,137,151,37,-14312,4456,4972,-1057,-94,-41,-14564,-4316,6036,-746,175,-211,3
1886.932114124298,9188,5576,11428,-164,218,210,8480,-9328,9680,198,198,10,-14236,4388,4812,-1074,-117,-65,-14312,-4184,5988,-671,218,-271,3
1886.9656519889832,9136,5624,11336,-162,266,184,8432,-9388,9408,205,510,-33,-13836,4192,5368,-1098,-128,-112,-14428,-4212,5776,-601,181,-511,3
1886.9992871284485,9212,5712,11432,-153,242,161,8560,-9408,9684,226,165,-62,-14004,4260,5056,-1139,-176,-143,-14256,-4152,5880,-628,286,-239,3
1887.0373151302335,9056,5524,11268,-93,187,125,8612,-9456,9676,218,171,-151,-13808,4168,4912,-1211,-102,-176,-14200,-4204,5724,-589,336,-266,3
1887.071224927902,9012,5856,11088,10,167,69,8420,-9088,9520,106,224,-122,-13860,4184,5088,-1049,-83,-108,-14104,-4268,5828,-385,256,-264,3
1887.104777097702,8960,5568,11416,-153,282,17,8520,-9036,9580,124,271,-102,-13984,4256,5056,-1063,-22,17,-14416,-4160,6052,-405,115,-233,3
1887.137938976288,9324,5576,11476,-242,365,17,8528,-9456,9504,128,279,16,-14052,4352,5072,-1088,-76,83,-14432,-4092,6092,-343,-252,-152,3
1887.1713590621948,9216,5628,11568,-202,319,58,8500,-9392,9724,126,272,25,-13936,4376,5100,-1203,-93,103,-14572,-4240,6132,-367,-118,-181,3
1887.2048830986023,9088,5772,11616,-75,309,112,8368,-9348,9748,80,232,75,-14024,4468,5544,-1160,-93,93,-14380,-4256,6000,-426,-106,-185,0
1887.2381579875948,9044,5796,11732,-47,326,58,8212,-9396,9972,18,238,52,-13832,4416,5120,-1211,-87,115,-14272,-4344,5936,-423,-121,-185,0
1887.2717959880829,8756,5680,11672,-20,264,79,8288,-9216,9800,15,144,-38,-13692,4392,5320,-1117,35,63,-14156,-4272,6036,-411,-62,-97,0
1887.3053820133207,8836,5728,11716,-48,144,173,8136,-9272,9600,-104,94,-47,-13784,4440,5356,-1087,127,87,-14236,-4288,6056,-390,-175,-39,0
1887.3385670185087,9028,5568,11492,-46,227,193,8192,-9316,9528,-77,52,-252,-13840,4576,5264,-1121,97,138,-14264,-4172,6036,-533,-151,-56,0
1887.37211894989,9072,5592,11584,-74,224,210,8292,-9480,9628,-22,124,73,-14000,4436,5076,-1136,18,189,-14424,-3900,5984,-666,-82,-123,0
1887.4054470062251,8976,5556,11600,-28,207,195,8316,-9412,9652,133,89,16,-13984,4296,5160,-1254,248,129,-14180,-4196,5984,-631,-116,-153,0
1887.4390621185303,8812,5756,11544,48,141,156,8356,-9296,9812,-7,67,-53,-13900,4400,5244,-1071,137,47,-14244,-4296,6136,-594,255,-131,0
1887.47501707077,8892,5828,11664,-67,112,167,8284,-9236,9956,-128,253,-145,-13692,4364,5296,-982,2,80,-14272,-4224,6056,-476,1,-247,0
1887.5099990367892,8744,5860,11484,-176,-36,182,8188,-9348,9788,-233,-108,-244,-14076,4404,5320,-918,324,-76,-13880,-4260,6388,-412,112,31,0
1887.546193122864,8736,5644,11756,-159,-48,161,8312,-9332,9496,-257,-71,-345,-13864,4308,5360,-773,342,-110,-14216,-4280,6096,-394,165,-11,0
1887.5817859172819,8972,5676,11368,-82,-204,129,8396,-9236,9836,-238,-72,-349,-14004,4472,5364,-841,264,-96,-14352,-4200,6060,-484,77,-111,0
1887.6180789470673,8980,5676,11568,-144,-124,68,8380,-9316,9700,-203,-6,-367,-13952,4412,5152,-792,140,-155,-14120,-4200,5944,-600,142,-171,0
1887.6532020568848,9056,5748,11592,-192,-161,50,8524,-9420,9832,-177,110,-329,-14028,4336,5196,-800,69,-138,-14308,-4212,5964,-558,247,-165,0
1887.688259124756,8932,5736,11612,-242,-289,18,8216,-9336,9784,-186,98,-390,-14024,4416,5360,-842,99,-214,-14592,-4196,6356,-441,295,-94,0
1887.7239301204684,9000,5780,11476,-267,-198,28,8420,-9364,9844,-160,50,-344,-14004,4648,5068,-819,80,-82,-14444,-4256,6236,-403,149,-73,0
1887.759613990784,9020,5760,11640,-288,-91,54,8408,-9376,9696,-179,94,-251,-13924,4656,5176,-821,83,-57,-14376,-4128,6264,-400,121,-65,0
1887.7947170734403,9212,5864,11680,-372,-37,64,8396,-9452,9700,-150,167,-159,-13888,4736,5080,-532,151,-6,-14352,-4016,6224,-457,99,-129,0
1887.8302540779114,8936,5428,11792,-185,-5,32,8588,-9544,9604,-85,244,-171,-14024,4752,5264,-841,10,-91,-14336,-4128,6244,-541,137,-288,0
1887.865301132202,9124,5608,11840,-152,-249,-31,8380,-9424,9532,-144,377,-161,-13964,4760,5120,-692,-8,-255,-14576,-4172,6172,-634,119,-304,0
1887.9011640548708,8812,5556,11608,-236,132,-68,8292,-9368,9500,-178,383,-139,-13604,4572,5148,-736,90,242,-14196,-4188,6336,-465,112,-198,0
1887.9370949268339,8908,5884,11676,-230,-20,-43,8276,-9544,9556,-188,189,-246,-13896,4360,4940,-820,99,-48,-14308,-4028,6060,-354,225,-129,0
1887.9722540378573,8924,5584,11652,-271,-84,49,8420,-9444,9576,-179,77,-243,-13904,4640,4992,-889,207,-4,-14288,-4020,6192,-459,172,-33,0
1888.0086181163788,8896,5644,11656,-251,-32,109,8496,-9380,9524,-158,33,-224,-13916,4528,5108,-853,264,-95,-14200,-4240,6088,-433,182,-29,0
1888.0438499450684,9200,5720,11620,-296,-6,107,8616,-9320,9600,-172,104,-238,-14160,4512,5216,-942,237,-37,-14480,-4124,6012,-386,134,-110,0
1888.079880952835,9172,5764,11636,-274,-9,55,8584,-9408,9708,-153,229,-146,-14076,4512,5336,-961,30,33,-14456,-4252,5896,-415,253,-201,0
1888.1165859699247,8896,5748,11740,-226,53,249,8460,-9328,9528,-176,225,-178,-13992,4392,4992,-961,-1,91,-14204,-4424,6248,-500,-103,-268,0
1888.1499519348145,8864,5792,11756,-153,38,-65,8396,-9388,9748,-204,237,-238,-13928,4416,5324,-833,64,20,-14192,-4340,6108,-387,-76,-189,0
1888.1835520267489,8804,5796,11624,-206,74,-71,8392,-9320,9688,-209,138,-338,-14036,4564,5216,-802,38,-247,-14416,-4240,6352,-395,80,-249,0
1888.2174210548403,8828,5704,11492,-240,-63,-49,8372,-9428,9704,-264,160,-266,-13944,4716,5248,-826,-75,60,-14260,-4160,6248,-438,-40,-164,0
1888.2510700225828,8844,5644,11700,-186,59,26,8440,-9556,9628,-248,156,-129,-13908,4792,4988,-836,48,50,-14272,-4072,6256,-563,-48,-162,0
1888.2843239307404,9004,5508,11680,-140,108,92,8580,-9704,9640,-157,118,-125,-13964,4936,4880,-925,52,66,-14560,-3968,6316,-526,-24,-133,0
1888.3177149295807,8936,5436,11652,-73,36,123,8544,-9620,9392,-85,77,-88,-13836,5060,4972,-953,114,44,-14204,-4076,6320,-499,-8,-123,0
1888.3508911132812,8812,5480,11892,-18,-79,158,8356,-9512,9480,-165,101,-119,-13956,4608,5108,-1072,155,-8,-14304,-4168,6192,-467,-25,-106,0
1888.3842930793764,8868,5452,11736,-70,-48,114,8456,-9616,9720,-172,91,-121,-13908,4788,4892,-983,165,8,-14096,-4064,6364,-560,-62,-126,0
1888.4178030490875,8904,5336,11844,-64,3,97,8380,-9704,9488,-120,73,-143,-13928,4848,5124,-1072,141,-75,-14160,-4160,6292,-763,21,-238,0
1888.4513149261475,8812,5576,11760,255,-70,50,8472,-9476,9572,15,176,-162,-13936,4640,5176,-1013,54,-143,-14268,-4384,5900,-527,133,-307,0
1888.484853029251,8820,5760,11740,-69,-100,-41,8548,-9388,9584,-61,287,-241,-13956,4596,5188,-965,-24,-499,-14248,-4316,5888,-467,214,-376,0
1888.518249988556,8896,5740,11448,-103,-106,-154,8676,-9468,9840,35,402,-302,-13956,4500,5064,-912,-85,-285,-14144,-4316,5992,-455,305,-464,0
1888.5519919395447,8812,5800,11656,-126,-147,-173,8360,-9320,9628,3,417,-290,-13820,4576,5232,-860,-123,-212,-14228,-4108,6180,-458,237,-423,0
1888.5855319499972,8808,5884,11560,-137,-123,-164,8188,-9404,9680,-92,350,-268,-13724,4832,5068,-911,-90,-142,-14096,-4064,6232,-558,220,-243,0
1888.6191470623012,8880,5664,11560,-60,-188,95,8268,-9552,9520,-75,183,-98,-13732,5108,4984,-1072,29,-8,-14336,-3836,6492,-658,165,-62,0
1888.6526141166687,8904,5444,11680,57,-19,268,8288,-9752,9308,96,-80,68,-13900,5164,4892,-1270,243,55,-14412,-3888,6556,-745,-11,37,0
1888.686128139496,8892,5552,11524,220,109,450,8308,-9972,9360,200,-281,104,-13996,4992,4800,-1322,472,41,-14296,-4160,6316,-692,-90,104,0
1888.7198390960693,8920,5828,11592,94,115,766,8480,-9592,9284,68,-260,26,-13616,4512,5024,-1164,434,-35,-14020,-4472,6212,-549,-6,20,0
1888.75331902504,8628,5820,11872,-10,-188,373,8588,-9564,9604,-10,14,-138,-13996,4516,5204,-1096,281,-174,-14164,-4492,5932,-561,221,-123,0
1888.786992073059,8816,5844,11716,-99,-306,211,8364,-9396,9616,244,144,-211,-14056,4476,5312,-1091,159,-215,-14252,-4520,6308,-603,302,-173,0
1888.8205840587611,8880,5892,11416,-59,-309,144,8480,-9400,9768,-2,197,-182,-13940,4676,5288,-1052,40,-140,-14116,-4432,6456,-608,253,-197,0
1888.8539330959325,8944,5932,11492,22,-184,127,8368,-9540,9792,54,209,-88,-13884,4388,5236,-1070,2,-80,-14216,-4440,6248,-625,119,-244,0
1888.8874909877775,8764,5824,11528,57,-54,84,8220,-9492,9684,-250,150,-131,-13916,4544,5260,-1125,5,-89,-14292,-4496,6304,-539,60,-194,0
1888.9208009243011,8876,5924,11532,-42,8,37,8368,-9448,9600,-4,134,-127,-13916,4728,5272,-1058,54,17,-14264,-4248,6340,-508,-17,-141,0
1888.9543330669403,8952,5796,11604,-141,42,113,8368,-9588,9628,-72,132,-59,-13872,4796,5228,-1009,88,95,-14272,-4260,6192,-549,-51,-117,0
1888.9880371093748,8884,5756,11628,-79,41,191,8452,-9584,9584,-39,101,-23,-13952,4512,4956,-1076,168,-30,-14172,-4300,6180,-629,57,-65,0
1889.0217549800873,8764,5760,11632,-42,-123,234,8440,-9624,9220,-5,64,-100,-13924,4596,4964,-1155,169,-116,-14168,-4388,6208,-633,163,-92,0
1889.0555970668793,8868,5708,11576,2,-194,222,8548,-9464,9668,2,101,-164,-13780,4556,5148,-1163,195,-129,-14288,-4492,6336,-609,108,-122,0
1889.0892570018768,8680,5812,11548,-12,-101,168,8360,-9532,9756,-36,62,-141,-13872,4544,5232,-1091,192,-86,-14348,-4444,6248,-551,20,-86,0
1889.1226971149445,8892,5920,11616,-30,-97,132,8424,-9584,9496,-40,107,-169,-13936,4492,5220,-1070,193,-52,-14168,-4584,6372,-520,64,-114,0
1889.1582479476929,8788,5852,11448,-88,-117,84,8396,-9596,9788,31,131,-224,-13872,4600,5136,-1105,142,-135,-14228,-4356,6168,-767,87,-131,0
1889.1939871311188,8896,5964,11344,-70,-169,48,8344,-9416,9656,-43,100,-271,-13840,4508,4992,-979,162,-108,-14192,-4468,5980,-446,69,-116,0
1889.2299399375916,8852,5892,11688,-115,-305,8,8452,-9464,9608,-85,136,-330,-13900,4688,5128,-973,146,-165,-14188,-4200,6300,-425,211,-75,0
1889.2649040222168,9084,5796,11564,-278,-215,71,8328,-9532,9372,-40,56,-293,-13860,4748,4892,-1017,210,-136,-14196,-4188,6152,-455,194,-41,0
1889.300064086914,8748,5816,11484,-197,-206,83,8340,-9584,9404,-8,104,-240,-13864,4628,5264,-947,211,-153,-14176,-4284,6388,-349,75,-41,0
1889.3355300426483,9408,6428,11540,-273,-9,128,8408,-9488,9512,-77,145,-267,-13636,4672,5072,-982,218,-152,-14192,-4112,6180,-338,195,-38,0
1889.3709330558777,8920,5684,11756,-305,-252,100,8324,-9584,9712,-50,75,-291,-13832,4640,5264,-980,210,-189,-14288,-4340,6288,-387,226,-253,0
1889.4061551094053,8980,5964,11392,-293,-280,136,8476,-9496,9724,-58,67,-299,-13992,4584,4912,-1043,188,-134,-14124,-4108,6224,-452,219,35,0
1889.4422540664673,9124,5900,11504,-321,-281,197,8476,-9404,9644,-72,-36,-220,-13900,4372,4964,-1126,289,-11,-14400,-4288,6596,-483,120,114,0
1889.4781329631803,9016,5856,11576,-2,-222,286,8428,-9688,9504,-81,-62,-212,-13972,4564,5092,-1082,413,-67,-14296,-4292,6592,-454,60,111,0
1889.5138311386108,9144,5800,11512,-201,-306,221,8448,-9528,9504,-120,-81,-246,-13948,4536,5040,-943,432,-107,-14044,-4228,6336,-421,33,90,0
1889.5497269630432,8932,5700,11416,-143,-376,205,8516,-9544,9604,-69,-63,-297,-14080,4612,5140,-1048,366,-202,-14236,-4272,6604,-384,116,43,0
1889.58486700058,9020,5776,11344,-191,-423,170,8564,-9596,9704,-34,79,-285,-14176,4464,5016,-1054,1,-156,-14260,-4328,6328,-410,124,-43,0
1889.6207480430603,9056,5828,11680,-227,-379,97,8592,-9568,9476,-38,157,-277,-14316,4756,5128,-976,185,-170,-14204,-4196,6356,-462,127,-97,0
1889.6563661098485,9008,5756,11568,-197,-340,70,8512,-9488,9448,-24,159,-294,-14052,4516,4972,-988,168,-192,-14288,-3848,6280,-508,147,-119,0
1889.692312002182,9072,5624,11580,-208,-359,90,8500,-9516,9432,-23,198,-264,-14052,4532,4948,-1058,110,-125,-14228,-4152,6264,-496,180,-101,0
1889.7282581329348,9052,5832,11332,-233,-370,91,8660,-9236,9484,19,132,-303,-13952,4576,4744,-1034,169,-165,-14232,-4192,6360,-561,231,-64,0
1889.7635149955747,9076,5704,11452,-247,-437,99,8200,-9416,9500,-43,127,-311,-13864,4484,4864,-968,154,-100,-14160,-4092,6412,-438,208,-18,0
1889.800091981888,9076,5752,11752,-245,-412,188,8424,-9480,9432,-103,0,-282,-13892,4732,5044,-1061,228,-89,-14084,-3864,6184,-384,116,27,0
1889.8337481021883,8972,5672,11572,-140,-268,237,8516,-9556,9372,-96,18,-207,-13844,4640,5064,-1119,199,-146,-14244,-4348,6156,-352,167,46,0
1889.8673770427704,9088,5760,11712,-136,-215,161,8512,-9496,9520,-51,126,-216,-14100,4552,4968,-1122,125,-113,-14296,-4320,6168,-374,178,-31,0
1889.9007840156555,9060,5756,11272,-223,-92,166,8568,-9440,9472,255,102,-200,-14096,4556,5016,-1112,61,-55,-14296,-4264,6328,-450,105,-74,0
1889.9343020915983,9108,5748,11396,-166,-97,96,8676,-9520,9480,-76,130,-198,-14116,4468,4740,-1088,44,-58,-14292,-4236,6140,-378,84,-152,0
1889.9677779674532,9428,5772,11312,-168,-35,79,8552,-9428,9464,-68,122,-188,-13952,4480,5048,-1124,42,-66,-14148,-4108,6240,-333,62,-123,0
1890.0013580322268,9104,5732,11268,-158,2,57,8628,-9380,9524,-36,176,-185,-13944,4576,4884,-1131,-32,-64,-14192,-4212,6352,-286,129,-134,0
1890.034893035889,9144,5800,11452,-220,21,45,8508,-9296,9392,-52,509,-146,-13984,4452,4788,-1157,-243,-36,-14248,-4144,6268,-330,96,-117,0
1890.0684361457825,9164,5836,11676,-219,-19,75,8432,-9432,9680,-108,133,-190,-13980,4544,4980,-1075,254,-26,-14280,-3868,6364,-386,106,-60,0
1890.1020569801333,9060,5752,11288,-146,-10,109,8404,-9492,9584,-99,87,-177,-14008,4580,5112,-1044,24,-240,-14240,-4264,6352,-426,85,-79,0
1890.1355121135712,9068,5880,11276,-157,-17,139,8220,-9456,9300,-115,18,-159,-13956,4592,4964,-1031,85,-44,-14300,-4068,6420,-432,76,-74,0
1890.1693029403689,9164,5852,11620,-108,-10,126,8504,-9512,9364,-134,54,-161,-13952,4664,4996,-1043,37,-48,-14260,-4008,6496,-442,80,-121,0
1890.2026529312134,9168,5432,11704,-128,-16,83,8548,-9500,9544,-118,82,-181,-14224,4540,4952,-980,18,-41,-14292,-3992,6368,-479,38,-156,0
1890.2364709377289,9056,5700,11432,-92,40,70,8544,-9520,9428,-66,216,-137,-13904,4664,4932,-1003,-28,241,-14216,-4104,6360,-481,74,-180,0
1890.2698581218724,9100,5824,11324,-118,34,49,8528,-9456,9464,-71,158,-135,-14012,4520,5056,-999,43,-35,-14148,-4236,6448,-482,88,-183,0
1890.3035180568693,9136,5728,11456,-115,18,79,8504,-9452,9400,-66,108,-180,-13900,4480,5112,-912,81,-57,-14224,-4140,6384,-464,107,-153,0
1890.3371820449827,9016,5776,11488,-116,-11,87,8700,-9516,9472,-98,67,-211,-13948,4556,4960,-930,97,-84,-14192,-4144,6352,-453,126,-132,0
1890.3707690238953,9016,5732,11496,-130,-117,64,8452,-9516,9692,-108,27,-213,-13992,4668,4964,-870,89,-61,-14216,-4352,6372,-526,105,-103,0
1890.4039919376373,9060,5796,11528,-90,-63,94,8620,-9440,9564,-88,66,-225,-14012,4664,4988,-953,53,-34,-14236,-4040,6516,-531,127,-134,0
1890.4375491142273,9044,5692,11412,-87,-55,86,8560,-9516,9476,-65,129,-176,-13968,4632,5028,-970,64,-40,-14248,-4128,6460,-546,68,-141,0
1890.4711921215055,8932,5776,11500,-74,-39,68,8640,-9476,9572,-60,110,-157,-13892,4584,4672,-1019,87,-33,-14316,-4132,6432,-473,-12,-142,0
1890.5048940181732,9044,5864,11472,39,-25,76,8544,-9696,9356,-39,85,-163,-13956,4384,4920,-1010,167,-56,-14152,-3920,6424,-521,-23,-133,0
1890.5384490489964,9080,5856,11552,138,29,58,8480,-9616,9320,-72,109,-167,-13936,4780,5180,-985,33,-132,-14212,-4180,6440,-599,66,-149,0
1890.5720920562744,9120,5872,11380,4,0,38,8620,-9536,9532,-81,180,-179,-14008,4440,5056,-1043,94,-63,-14184,-4156,6372,-689,88,-178,0
1890.6056330204012,8936,5888,11260,245,86,70,8760,-9448,9604,-48,150,-131,-13876,4436,4892,-1016,85,-26,-14184,-4224,6540,-621,134,-142,0
1890.639086008072,9020,5812,11764,-154,-20,75,8592,-9548,9472,-253,206,-165,-13888,4564,4944,-940,93,-49,-14260,-4124,6384,-468,182,-159,0
1890.67271399498,9064,5720,11428,-225,19,61,8544,-9724,9488,2,164,-179,-13900,4592,4960,-991,110,-55,-14204,-4044,6296,-451,149,-137,0
1890.7062430381775,9016,5824,11544,-160,34,63,8476,-9580,9560,15,132,-154,-14032,4676,5060,-1040,125,-92,-14148,-4276,6500,-413,193,-140,0
1890.7400379180908,9036,5736,11724,-98,44,65,8368,-9568,9696,-246,510,-160,-13788,4648,4940,-1021,46,-57,-14192,-4080,6516,-369,271,-169,0
1890.7736439704893,9168,5884,11476,-136,44,73,8692,-9496,9404,-26,174,-171,-13832,4556,4856,-1033,48,-74,-14104,-4184,6644,-386,227,-99,0
1890.8073439598083,8992,5732,11596,-129,11,105,8524,-9512,9416,-51,131,-191,-13992,4388,5280,-1043,90,-109,-14072,-4108,6356,-424,169,-122,0
1890.8433699607847,9200,5644,11400,-127,-42,102,8476,-9584,9488,-27,139,-160,-13920,4576,5072,-920,118,-34,-14196,-4112,6468,-414,165,-113,0
1890.8782229423523,8956,6080,11308,-120,-36,101,8500,-9532,9440,-30,201,-160,-13976,4368,4968,-1038,90,-133,-14236,-4192,6484,-427,196,-112,0
1890.9143660068512,8792,5848,11476,-175,15,111,8680,-9488,9516,-8,185,-155,-13916,4444,5020,-1103,123,-87,-14288,-4156,6444,-329,132,-90,0
1890.949525117874,8976,5760,11308,-208,-14,107,8500,-9448,9504,10,163,-170,-13956,4696,5104,-1085,161,-104,-14288,-4224,6468,-291,153,-63,0
1890.9847850799563,8916,5824,11636,-260,6,138,8248,-9564,9508,12,147,-157,-13976,4672,4992,-1098,130,-86,-14192,-4208,6428,-377,114,-97,0
1891.020257949829,8868,5756,11424,-227,-57,110,8448,-9396,9540,-45,169,-160,-14016,4656,5160,-1073,131,-114,-14204,-4116,6452,-341,184,-91,0
1891.0554239749908,9164,5884,11560,-231,29,112,8456,-9300,9240,-19,162,-146,-13948,4572,5304,-1128,110,-75,-14260,-4044,6600,-297,141,-56,0
1891.0917119979856,8960,5812,11416,-291,64,111,8344,-9500,9472,-6,178,-176,-13976,4508,5092,-1113,86,-122,-14104,-4128,6376,-307,170,-65,0
1891.1274740695953,9072,5836,11504,-270,38,133,8540,-9512,9500,19,185,-167,-13916,4520,5228,-1099,88,-112,-14200,-4100,6460,-310,204,-84,0
1891.16224193573,9004,5800,12028,-305,-24,127,8504,-9552,9568,49,160,-192,-13912,4528,4876,-1126,101,-119,-14236,-4172,6532,-355,222,-65,0
1891.198065042496,8980,5896,11408,-276,-106,166,8544,-9500,9616,38,149,-207,-13924,4784,5040,-1123,145,-139,-14300,-4124,6384,-348,211,-32,0
1891.232990026474,9160,5760,11592,-238,-170,162,8460,-9576,9608,-25,143,-216,-14020,4604,5188,-1082,197,-112,-14264,-4140,6560,-340,142,-66,0
1891.268697977066,9188,5772,11416,-209,-151,151,8204,-9472,9652,-67,128,-184,-13888,4552,5068,-1063,187,-119,-14192,-4068,6648,-403,105,-90,0
1891.3041639328003,9020,5756,11648,-205,-119,144,8496,-9608,9592,-20,145,-193,-14008,4528,4920,-1042,230,-115,-14196,-4088,6568,-424,98,-60,0
1891.3406641483307,8988,5800,11412,-8,-104,145,8504,-9308,9684,57,106,-191,-13932,4536,4984,-1084,276,-161,-14252,-4160,6508,-401,101,-52,0
1891.3756830692291,9048,5792,11556,-232,-91,133,8432,-9424,9536,-8,157,-219,-14044,4512,4980,-1034,307,-171,-14284,-4260,6428,-416,152,-60,0
1891.4109339714053,9072,5776,11592,-286,-136,124,8628,-9552,9464,-251,188,-218,-14148,4532,5128,-1035,393,-204,-14220,-4056,6228,-472,188,-60,0
1891.4461669921875,8952,5708,11496,-172,-119,77,8576,-9556,9304,-4,204,-171,-14032,4548,5032,-1129,318,-175,-14244,-4048,6368,-491,94,-101,0
1891.4837479591372,9044,5692,11768,-174,-102,94,8512,-9464,9652,-23,214,-146,-13992,4520,5048,-1058,143,-82,-14276,-4128,6344,-458,137,-113,0
1891.517499923706,9072,5840,11464,-131,-256,87,8484,-9420,9280,-123,236,-68,-13916,4428,4896,-1050,140,-85,-14160,-4064,6648,-367,161,-93,0
1891.5507099628448,8896,5784,11612,-172,-28,135,8384,-9472,9620,-74,151,-172,-13912,4468,5336,-934,116,-161,-14140,-3888,6524,-455,265,-29,0
1891.5843899250033,8904,5776,11592,-179,-108,134,8396,-9504,9488,-134,171,-195,-14004,4456,5184,-1020,-252,-155,-14288,-4088,6604,-424,338,-54,0
1891.617921113968,8772,5824,11280,-143,-82,121,8564,-9488,9496,-159,115,-226,-13944,4456,5008,-992,-94,-128,-14244,-3936,6360,-456,415,-100,0
1891.6507680416107,11480,5796,12272,-471,-157,90,8488,-9376,9720,-155,123,-193,-13952,4468,4800,-963,-5,-123,-14324,-3944,6368,-380,394,-7,0
1891.6843690872192,9008,5768,11520,-239,-44,120,8440,-9596,9672,-74,116,-199,-14016,4484,5008,-934,34,-154,-14280,-3988,6384,-356,504,-46,0
1891.7178959846497,8964,5680,11512,-279,112,173,8440,-9400,9576,-24,113,-204,-14036,4496,5328,-1022,-78,-127,-14340,-4060,6368,-363,574,-39,0
1891.7513201236725,8976,5824,11568,-312,74,194,8468,-9432,9468,254,119,-201,-13960,4456,5160,-1002,-329,-108,-14268,-4344,6248,-333,667,-93,0
1891.7848949432373,8944,5724,11672,-416,169,195,8416,-9452,9540,-23,134,-177,-13828,4464,4924,-948,-644,-37,-14200,-4096,6260,-321,828,-100,0
1891.8184051513672,8944,5684,11404,-500,12,219,8572,-9484,9472,-6,103,-215,-13988,4396,4868,-842,-189,-113,-14384,-4048,6652,-550,521,-97,0
1891.851737976074,9080,5668,11640,-443,174,233,8576,-9416,9476,52,128,-201,-14016,4520,5232,-867,-108,-84,-14096,-4044,6228,-628,466,-156,0
1891.88502407074,9024,5656,11460,-463,183,186,8532,-9228,9724,0,187,-168,-14028,4520,5360,-829,-264,-36,-14428,-3964,6240,-693,416,-215,0
1891.9184670448303,8980,5592,11548,-444,250,141,8536,-9452,9392,56,218,-157,-13824,4528,4840,-623,-278,-57,-14496,-3924,6160,-980,616,-287,0
1891.9518940448763,8784,5584,11500,-169,63,69,8440,-9484,9544,51,274,-144,-13848,4480,5048,-375,-29,-82,-14176,-4040,6388,-894,746,-240,0
1891.9854750633244,8912,5692,11756,-85,-110,35,8492,-9672,9432,-59,225,-221,-13968,4532,5036,-373,172,-151,-14348,-4092,5956,-715,529,-210,0
1892.0192091464996,8928,5628,11660,-13,-320,71,8568,-9536,9644,-131,213,-214,-14052,4360,5188,-362,192,-74,-14536,-4148,6196,-681,238,-202,0
1892.0552101135254,8968,5616,11528,69,-344,40,8544,-9472,9476,-206,150,-175,-14064,4396,4876,-600,403,253,-14464,-4100,6208,-542,-655,-199,0
1892.089147090912,9132,5580,11984,191,-353,47,8476,-9500,9524,-237,136,-155,-13900,4588,5372,-583,458,253,-14252,-4176,6044,-872,-51,-195,0
1892.1228320598605,8924,5852,11512,107,-381,16,8536,-9712,9676,-200,135,-142,-13920,4472,5060,-772,580,-243,-14368,-4112,6216,-635,-235,-128,0
1892.1560440063479,9012,5740,11576,176,-399,-15,8512,-9276,9348,-116,97,-170,-13968,4560,4996,-956,575,-15,-14268,-4076,6060,-691,-343,-103,0
1892.1899769306183,8832,5740,11540,94,-191,82,8224,-9268,9700,-68,25,-159,-13904,4608,4932,-1092,593,1,-14216,-4032,6344,-608,-517,-95,0
1892.2236759662628,9024,5804,11460,164,-142,108,8440,-9632,9616,-64,27,-111,-14012,4604,5188,-1243,503,22,-14296,-4148,6028,-637,-412,-134,0
1892.2572131156924,9064,5772,11736,58,-88,54,8592,-9560,9556,-30,67,-144,-13856,4544,5100,-1034,382,16,-14288,-4264,6168,-573,-170,-146,0
1892.2904949188232,9088,5808,11476,-54,-109,49,8420,-9544,9296,-86,70,-170,-14060,4640,4948,-1189,308,-243,-14292,-4200,6148,-561,-141,-121,0
1892.3240840435028,8996,5852,11308,-60,-134,42,8468,-9676,9252,-16,87,-137,-14056,4804,5024,-1108,252,-57,-14324,-4108,6296,-549,-101,-156,0
1892.3575861454012,9024,5904,11496,-87,-201,83,8456,-9524,9448,-12,152,-154,-13880,4408,4892,-1146,186,-84,-14252,-4144,6324,-583,46,-160,0
1892.3908600807188,8940,5772,11480,-130,-144,81,8208,-9592,9328,26,124,-164,-13976,4592,4956,-1207,135,-81,-14128,-4252,6364,-562,-50,-137,0
1892.436380147934,9016,5844,11304,-163,-42,86,8560,-9524,9384,-6,122,-154,-13984,4580,4940,-1199,90,-34,-14088,-4196,6332,-579,-56,-155,0
1892.4820499420164,8992,6084,11548,-104,-100,89,8424,-9432,9276,-9,88,-184,-14020,4608,4920,-1212,149,16,-14300,-4212,6372,-596,-35,-157,0
1892.5246901512148,8976,5812,11584,-119,-54,98,8408,-9500,9580,-27,111,-153,-14120,4684,5128,-1138,101,-20,-14364,-4356,6364,-552,-11,-119,0
1892.5603010654452,8984,5676,11444,-155,-79,65,8472,-9444,9324,-84,152,-170,-14024,4568,4896,-1086,123,-34,-14296,-4232,6324,-622,63,-163,3
1892.5955679416656,8788,5724,11508,-196,-65,76,8484,-9576,9652,-24,141,-162,-14048,4596,5080,-1054,158,-34,-14172,-4128,6304,-589,69,-157,3
1892.6318750381467,9180,5832,11444,-78,-54,112,8520,-9548,9396,-23,107,-142,-14024,4544,4812,-1084,181,-55,-14200,-4300,6144,-679,100,-151,3
1892.6676349639893,9064,5684,11524,-174,-74,110,8692,-9500,9452,-25,193,-163,-14080,4632,4940,-988,139,-21,-14268,-4176,6648,-685,108,-183,3
1892.7029249668124,8996,5824,11528,-138,-95,82,8468,-9644,9568,-10,180,-144,-13976,4708,4804,-1018,128,-55,-14248,-4172,6384,-619,142,-180,3
1892.7386620044708,9204,5780,11424,-139,-148,121,8696,-9576,9360,45,128,-175,-13924,4380,5096,-964,248,-98,-14296,-4188,6444,-678,189,-187,3
1892.7741529941559,8884,5852,11280,-180,-189,148,8316,-9476,9456,-8,79,-183,-13952,4816,4880,-925,376,-54,-14592,-4208,6484,-615,171,-101,3
1892.8094899654388,9008,5900,11608,-181,-83,145,8504,-9612,9564,-95,63,-151,-14100,4664,4888,-936,369,-63,-14208,-4092,6116,-662,151,-140,3
1892.84507894516,9008,5796,11692,-188,-4,166,8528,-9580,9508,-20,93,-140,-14016,4388,4892,-945,271,-50,-14192,-4300,6312,-474,195,-121,3
1892.8807380199432,9048,5688,11272,-154,13,136,8500,-9404,9508,-49,159,-130,-13916,4480,4820,-953,214,-62,-14124,-4184,6288,-418,226,-91,0
1892.9156630039213,8900,5856,11644,-136,-3,126,8476,-9564,9384,-46,100,-182,-14036,4700,4988,-982,206,-115,-14180,-4080,6276,-329,269,-109,0
1892.9506039619444,8948,5732,11328,-186,-80,160,8356,-9632,9500,24,77,-188,-13980,4680,4660,-1064,155,-109,-14192,-4176,6352,-531,363,-129,0
1892.9861631393433,8724,6100,11580,-92,-72,150,8524,-9504,9296,10,132,-194,-14228,4592,4664,-1095,111,-121,-14356,-4272,6152,-580,349,-169,0
1893.0217771530151,9080,5920,11608,-143,-66,89,8544,-9224,9324,8,193,-196,-14000,4548,4980,-1075,-15,-75,-14424,-4296,6324,-434,207,-128,0
1893.0577399730685,9052,5936,11536,-186,-50,89,8200,-9496,9696,-15,193,-151,-14008,4376,4912,-1077,-14,-44,-14204,-4168,6360,-357,159,-91,0
1893.0927720069883,9068,5752,11400,-171,-55,126,8564,-9496,9560,22,202,-126,-14000,4440,4908,-1093,5,-101,-14224,-4260,6320,-389,234,-103,0
1893.1287600994108,8820,6088,11552,-231,-72,137,8380,-9452,9484,-24,7,-259,-13828,4360,5060,-1183,16,-79,-14080,-4224,6332,-391,231,-28,0
1893.1652851104732,8896,5972,11512,-227,-217,142,8656,-9636,9688,-34,158,-202,-14116,4516,5000,-1112,-21,-162,-14248,-4264,6364,-375,491,-20,0
1893.198969125748,9044,5892,11548,-6,-171,132,8548,-9688,9664,-7,152,-246,-14260,4572,5088,-1079,14,-118,-14252,-4268,6316,-437,204,-73,0
1893.232424974441,8908,5864,11396,-239,-154,120,8472,-9508,9372,5,184,-192,-14044,4604,4908,-1021,16,-73,-14208,-4232,6328,-476,148,-106,0
1893.26602101326,9096,5768,11532,-224,-119,122,8480,-9604,9508,-12,189,-163,-13988,4492,4884,-983,11,-77,-14236,-4184,6360,-500,164,-111,0
1893.2999119758604,9204,5716,11336,-204,-121,140,8412,-9560,9480,21,188,-173,-13912,4528,4748,-1014,63,-68,-14168,-4216,6212,-449,199,-55,0
1893.3334140777588,8744,5752,11476,-295,-132,159,8516,-9628,9416,9,174,-209,-14068,4592,4784,-1032,112,-112,-14304,-4092,6324,-257,163,-69,0
1893.3671920299532,9024,5708,11552,-276,-201,153,8476,-9564,9484,37,208,-224,-14188,4648,4864,-1070,138,-146,-14324,-4076,6176,-474,198,-74,0
1893.4007091522217,9128,5716,11512,-219,-171,164,8468,-9556,9364,16,236,-198,-13984,4448,4980,-1037,90,-146,-14252,-4236,6228,-368,209,-79,0
1893.4338181018827,8972,5720,11496,-208,-166,154,8208,-9548,9512,40,198,-214,-14056,4544,5008,-1092,73,-119,-14212,-4184,6256,-355,215,-29,0
1893.4673550128937,9000,5724,11544,-195,-172,162,8388,-9236,9468,54,183,-201,-14016,4392,5052,-1117,5,-148,-14264,-4124,5936,-307,268,-41,0
1893.5009851455688,9012,5792,11452,-216,-146,135,8504,-9688,9576,92,248,-201,-14004,4640,4932,-1104,45,-187,-14268,-4220,6168,-310,222,-17,0
1893.5343859195707,8992,5844,11572,-262,-177,157,8340,-9240,9428,11,135,-204,-14036,4380,5076,-1095,80,-143,-14212,-4136,6312,-330,187,-44,0
1893.5682730674744,9012,5796,11312,-504,-171,163,8476,-9348,9700,19,121,-195,-14020,4492,5040,-1092,58,-131,-14324,-4128,6200,-291,141,-41,0
1893.6018440723417,8712,5800,11560,-240,-136,166,8520,-9448,9460,-19,153,-182,-13972,4408,4860,-1079,36,-92,-14208,-4192,6280,-322,167,-12,0
1893.6353280544283,9048,5748,11492,-252,-144,151,8460,-9724,9504,69,76,-208,-14036,4552,4924,-1150,44,-57,-14200,-4128,6372,-266,119,-51,0
1893.6689479351044,9052,5812,11504,-205,-74,157,8464,-9380,9256,17,91,-224,-14276,4472,4916,-1142,31,-125,-14276,-4160,6264,-278,138,-14,0
1893.7024700641632,9044,5796,11576,-215,-79,138,8508,-9452,9268,-17,88,-221,-14024,4560,4916,-1116,55,-157,-14252,-4040,6384,-302,208,-56,0
1893.736169099808,9076,5708,11348,-232,-51,139,8556,-9484,9352,-4,112,-204,-13924,4516,5108,-1111,71,-110,-14316,-3872,6248,-311,132,-75,0
1893.769428968429,9160,5716,11392,-165,-33,150,8472,-9568,9560,-33,101,-154,-14052,4444,4916,-1098,54,-39,-14572,-4340,6300,-345,86,-97,0
1893.8029761314392,9060,5712,11272,-173,35,119,8428,-9536,9344,-62,127,-157,-14064,4448,5048,-1141,66,-240,-14100,-3864,6308,-294,96,-109,0
1893.8366360664368,9012,5700,11492,-159,-59,105,8552,-9440,9616,-36,164,-134,-13992,4384,5164,-1135,5,-36,-14272,-4044,6164,-352,321,-138,0
1893.8701670169828,9052,5716,11552,-217,96,115,8540,-9540,9476,-14,139,-170,-13860,4360,4876,-1243,33,-75,-14316,-4128,6296,-418,381,-102,0
1893.90371799469,9116,5732,11540,-203,3,104,8436,-9508,9336,19,221,-130,-13932,4492,5028,-1151,-60,-100,-14304,-4060,6224,-305,582,-102,0
1893.937313079834,8916,5648,11536,-193,62,114,8504,-9496,9508,53,270,-112,-13976,4492,5224,-1206,-132,-86,-14304,-4160,6336,-361,914,-136,0
1893.9704730510712,9084,5704,11456,-287,-60,127,8348,-9640,9512,41,293,-156,-14088,4588,4964,-1263,-171,-148,-14304,-4152,6112,-495,1012,-143,0
1894.003977060318,9132,5704,11592,-318,27,89,8408,-9468,9532,72,266,-137,-14084,4456,4968,-1210,-111,-124,-14364,-4048,5908,-564,625,-174,0
1894.0376679897308,9040,5708,11460,-263,56,77,8420,-9540,9608,22,231,-116,-13980,4444,5212,-1110,-49,-67,-14560,-4352,5964,-588,284,-148,0
1894.0713429450989,9004,5648,11664,-341,128,108,8328,-9488,9648,28,6,-115,-13936,4384,5104,-1033,-41,-35,-14304,-4092,6064,-558,289,-152,0
1894.1049020290375,8724,5716,11356,-456,57,79,8300,-9584,9540,3,506,-164,-13960,4484,4892,-983,76,-35,-14328,-4112,6392,-494,339,-128,0
1894.1382119655607,9032,5748,11440,-405,25,94,8404,-9508,9696,-43,182,-191,-13976,4448,4972,-946,165,-64,-14372,-4052,6276,-478,286,-74,0
1894.17186498642,8988,5436,11596,-178,38,81,8492,-9484,9456,9,96,-178,-13960,4432,5028,-774,340,-61,-14396,-4024,6264,-299,-112,-67,0
1894.208753108978,9008,5588,11620,-24,53,122,8348,-9624,9492,29,11,-164,-14040,4480,5148,-1092,262,-86,-14420,-3940,5952,-307,302,-132,0
1894.2440929412844,9088,5580,11528,107,127,134,8500,-9592,9412,-16,68,-172,-14080,4500,5432,-1252,76,-128,-14508,-3964,5972,-479,511,-140,0
1894.2791380882263,9128,5720,11572,56,133,50,8204,-9404,9692,7,190,-119,-14008,4416,5264,-1134,42,-34,-14372,-4232,5636,-719,92,-176,0
1894.3147130012512,8904,5800,11632,-274,107,27,8656,-9464,9536,-2,229,-128,-13960,4116,5204,-1059,108,-55,-14228,-3868,6028,-340,102,-58,0
1894.3501131534576,8836,5708,11748,-455,19,116,8396,-9444,9564,15,122,-169,-13888,4424,4780,-1051,277,-9,-14344,-4092,6068,-262,87,-70,0
1894.3854219913485,8720,5656,11548,-510,13,122,8620,-9556,9480,-49,70,-178,-13992,4416,5044,-1006,360,-81,-14580,-4132,6112,-377,-27,-89,0
1894.420834064484,9184,5688,11624,27,43,62,8624,-9592,9656,-150,52,-194,-14156,4460,5128,-952,297,-68,-14432,-4324,6292,-464,-13,-154,0
1894.4571659564972,8964,5632,11324,-36,-21,57,8412,-9460,9476,-74,153,-150,-14020,4556,4996,-1044,505,-50,-14200,-3944,6124,-497,30,-107,0
1894.4923961162567,8744,5612,11444,-133,46,73,8372,-9296,9476,-2,110,-155,-13952,4520,5080,-1093,315,-69,-14204,-4056,6144,-457,-108,-122,0
1894.5283620357513,8836,5720,11564,-77,65,103,8428,-9480,9596,-29,77,-158,-13940,4432,4692,-1090,331,-14,-14276,-3956,6236,-425,-198,-120,0
1894.5633969306948,8880,5684,11760,-33,24,112,8416,-9588,9504,-99,84,-147,-14084,4428,5060,-1056,238,-90,-14336,-4072,6176,-451,-44,-153,0
1894.598853111267,8784,5376,11612,-58,49,72,8416,-9488,9580,-29,123,-156,-13944,4444,5100,-1081,209,-50,-14108,-3900,5896,-474,-248,-130,0
1894.6342771053314,8820,5664,11492,-118,-17,92,8368,-9384,9548,-23,132,-166,-14100,4436,4940,-1002,155,-39,-14224,-4020,6396,-479,-22,-109,0
1894.6706459522247,8820,5752,11616,-106,-15,104,8292,-9540,9480,-52,87,-161,-13904,4432,4908,-930,179,-114,-14084,-4164,6016,-541,70,-133,0
1894.7062380313873,8864,5784,11720,-126,-57,87,8444,-9420,9388,-34,110,-196,-14032,4580,5000,-953,196,-57,-14300,-4340,6160,-505,-29,-151,0
1894.7419450283053,8788,5720,11664,-131,20,39,8252,-9264,9220,-61,114,-207,-14208,4364,5064,-949,211,-67,-14536,-4028,6132,-515,63,-152,0
1894.7780590057373,8752,5708,11704,-140,-34,67,8340,-9432,9608,5,134,-172,-14316,4548,4940,-949,156,-84,-14400,-4336,6396,-527,54,-151,0
1894.813077926636,8760,5788,11496,-146,-11,86,8328,-9488,9492,-55,152,-141,-13904,4376,5052,-898,120,-55,-14392,-4036,5964,-467,38,-134,0
1894.8495299816132,8836,5752,11672,-145,12,76,8212,-9528,9532,-94,162,-156,-13980,4556,4800,-889,100,-10,-14188,-4104,6228,-525,9,-122,0
1894.8828489780428,8812,5756,11608,-185,255,88,8416,-9464,9548,-40,182,-145,-14004,4400,4924,-909,103,-41,-14280,-4032,6180,-499,33,-130,0
1894.916489124298,8812,5776,11568,-184,-44,100,8392,-9244,9536,-27,182,-142,-14076,4488,5104,-983,80,-59,-14340,-4348,6280,-507,63,-132,0
1894.9499509334564,8692,5792,11660,-114,-56,105,8400,-9284,9704,-25,143,-163,-14040,4492,5100,-962,75,-59,-14264,-4108,6224,-266,113,-117,0
1894.9832160472868,8776,5760,11736,-148,-85,102,8476,-9600,9540,-51,169,-182,-13980,4492,5024,-986,73,-31,-14332,-4132,6264,-481,106,-133,0
1895.0165190696716,8884,5720,11748,-113,-57,96,8316,-9520,9540,-39,179,-204,-14044,4580,5020,-998,127,-86,-14264,-4060,6264,-563,55,-130,3
1895.0498261451723,8888,5764,11564,-104,-99,122,8452,-9484,9476,-53,143,-171,-14028,4424,4884,-953,136,-78,-14312,-4108,6204,-555,81,-132,3
1895.08339715004,8856,5796,11828,-102,-104,114,8364,-9456,9612,-64,152,-196,-14036,4476,5080,-986,142,-68,-14292,-4208,6208,-490,47,-109,3
1895.1171350479124,8828,5808,11628,-134,-49,74,8480,-9396,9672,-94,142,-173,-13980,4416,5144,-934,149,-49,-14260,-4324,6296,-459,43,-84,3
1895.1504750251772,8884,5736,11696,-155,-73,115,8244,-9508,9576,-80,159,-150,-13972,4632,4772,-1034,106,-59,-14256,-4332,6248,-591,38,-142,3
1895.1842010021212,8760,5728,11784,-158,-94,126,8312,-9604,9564,-5,140,-153,-14076,4456,5048,-986,103,-44,-14544,-4200,6356,-557,64,-110,3
1895.2175779342651,8752,5836,11712,-110,-59,110,8244,-9520,9648,-70,172,-139,-14112,4456,4908,-1012,133,-91,-14116,-4328,6368,-558,86,-89,3
1895.2509901523588,8812,5752,11816,-235,-162,113,8328,-9680,9480,-17,114,-217,-13952,4524,4956,-992,171,-99,-14180,-4016,6268,-551,129,-83,3
1895.2845010757444,8860,5704,11608,-179,-147,151,8364,-9556,9656,249,88,-214,-14136,4544,4952,-967,127,-95,-14272,-4024,6312,-548,30,-94,3
1895.3181331157684,8776,5804,11560,-184,-120,134,8420,-9500,9520,-4,147,-174,-13996,4480,4824,-965,123,-66,-14272,-4084,6320,-549,14,-55,3
1895.3517129421234,8488,5700,12000,-209,-95,156,8364,-9508,9616,-23,155,-186,-14048,4408,4996,-924,170,-76,-14204,-4124,6428,-546,2,-81,3
1895.385013103485,8764,5744,11616,-244,-146,160,8372,-9532,9452,-24,171,-199,-14284,4580,4648,-944,137,-110,-14308,-4196,6416,-530,25,-81,3
1895.418568134308,8796,5676,11560,-196,-107,166,8444,-9564,9588,17,263,-176,-14124,4460,4916,-984,140,-103,-14240,-4080,6248,-548,124,-79,0
1895.4517009258268,8852,5680,11584,-194,-162,149,8388,-9552,9604,18,124,-224,-13992,4488,4732,-996,149,-126,-14188,-4052,6252,-562,119,-55,0
1895.4849259853363,8796,5772,11620,-172,-220,175,8336,-9528,9732,-3,87,-272,-14004,4496,5096,-1277,187,-183,-14308,-4000,6328,-538,177,-79,0
1895.5185401439667,8964,5640,11748,-180,-220,165,8428,-9484,9604,12,117,-241,-14104,4488,4892,-946,106,-147,-14520,-4092,6296,-564,137,-104,0
1895.5520179271696,8852,5764,11464,-202,-172,161,8460,-9236,9292,19,153,-194,-14044,4552,4828,-961,116,-118,-14284,-4132,6332,-515,137,-100,0
1895.5854699611664,8952,5776,11588,-179,-168,140,8328,-9424,9688,8,83,-212,-14068,4492,5036,-998,114,-84,-14296,-4004,6180,-527,182,-80,0
1895.6192169189453,8872,5716,11600,-163,-203,171,8364,-9248,9492,-37,122,-180,-14024,4588,4860,-939,131,-98,-14344,-4148,6296,-545,162,-61,0
1895.6525900363924,8852,5736,11560,-184,-180,173,8448,-9544,9564,-33,152,-217,-14052,4444,4852,-982,110,-146,-14236,-4168,6248,-498,225,-79,0
1895.6862020492554,8928,5652,11528,-196,-225,155,8380,-9532,9636,22,215,-187,-14216,4480,4992,-964,70,-118,-14336,-4348,6328,-257,227,-117,0
1895.7200260162354,8716,5860,11480,-170,-221,127,8372,-9440,9452,-19,219,-197,-14064,4364,4788,-998,73,-138,-14156,-4144,6236,-526,169,-115,0
1895.7534940242767,8916,5640,11584,-140,-207,162,8288,-9668,9724,-4,103,-189,-13832,4548,4816,-1006,73,-111,-14324,-4036,6376,-550,233,-103,0
1895.7871370315552,8944,5580,11740,-181,-176,141,8392,-9464,9704,7,94,-206,-14140,4476,4612,-995,68,-119,-14296,-4304,6284,-526,196,-110,0
1895.820683002472,8880,5640,11508,-121,-193,153,8396,-9460,9684,-12,148,-185,-14036,4440,4880,-984,89,-126,-14324,-4120,6256,-500,180,-142,0
1895.853971004486,8936,5648,11656,-139,-106,131,8412,-9228,9544,-41,131,-203,-14056,4424,4932,-988,156,-111,-14308,-4068,6272,-536,164,-111,0
1895.8907999992373,9040,5684,11580,-126,-138,156,8420,-9436,9620,-92,88,-180,-14048,4496,4944,-988,123,-66,-14340,-4120,6392,-509,101,-125,0
1895.9260001182556,9028,5860,11380,-114,-92,131,8420,-9512,9588,-50,165,-182,-14140,4528,4976,-1032,56,-70,-14240,-4100,6236,-549,144,-178,0
1895.9619300365448,9000,5700,11336,-164,-85,88,8428,-9352,9660,-11,163,-177,-13992,4172,5092,-999,38,-238,-14300,-4056,6268,-766,114,-169,0
1895.9977400302887,8876,5740,11436,-108,-36,60,8340,-9480,9560,-85,165,-168,-13976,4416,4956,-965,47,-97,-14284,-4064,6184,-476,193,-131,0
1896.032627105713,8952,5748,11420,-158,-90,76,8368,-9528,9552,-14,149,-203,-13980,4568,4864,-1038,77,-49,-14532,-4344,5960,-492,159,-113,0
1896.068242073059,9116,5756,11624,-103,-39,103,8204,-9424,9316,-49,140,-147,-13952,4460,5072,-777,57,-23,-14388,-4112,6264,-529,79,-132,0
1896.103397130966,8912,5844,11536,-128,-15,67,8468,-9448,9504,-81,172,-129,-14064,4464,4968,-993,13,11,-14212,-4116,6216,-485,80,-146,0
1896.1392259597776,8864,5720,11364,-135,-10,77,8336,-9544,9596,-107,161,-136,-13976,4440,4736,-994,46,-24,-14288,-4040,6232,-501,80,-123,0
1896.1743500232697,8816,5832,11428,-136,-31,73,8452,-9552,9620,-85,151,-144,-14128,4476,5028,-991,92,-64,-14216,-4132,6336,-514,118,-121,0
1896.210161924362,9192,5708,11288,-125,-43,104,8452,-9596,9488,-78,130,-181,-14028,4500,4956,-955,68,-38,-14564,-4032,6336,-520,103,-149,0
1896.2454519271853,8916,5688,11292,-60,-19,82,8332,-9248,9520,-107,111,-169,-14044,4504,5044,-926,77,-79,-14224,-3900,6360,-522,109,-172,0
1896.281449079513,8908,5740,11640,-87,-70,76,8376,-9504,9252,-87,127,-198,-14060,4456,4900,-930,77,-46,-14264,-4084,6292,-524,82,-137,0
1896.3176219463348,8972,5732,11668,-91,-22,60,8436,-9552,9488,-44,194,-202,-14012,4496,4936,-952,96,-81,-14344,-4060,6312,-500,83,-137,0
1896.3528709411619,9184,5692,11272,-113,-84,72,8296,-9228,9652,-76,101,-169,-14068,4504,5032,-973,101,-11,-14372,-4192,6156,-498,81,-127,0
1896.3880951404572,8880,5812,11524,-92,-48,89,8432,-9500,9568,-90,131,-171,-13988,4468,4988,-948,98,-42,-14256,-4116,6340,-508,50,-144,0
1896.4233100414276,8980,5752,11708,-91,-58,80,8448,-9608,9648,-103,123,-176,-14056,4460,5016,-974,77,-42,-14176,-4092,6144,-491,77,-156,0
1896.4586961269376,8988,5788,11512,-89,-44,83,8400,-9716,9504,-64,140,-189,-14000,4536,4740,-968,98,-62,-14280,-4088,6384,-477,67,-126,0
1896.4939770698547,8960,5800,11636,-93,-46,90,8636,-9512,9520,-53,159,-184,-13976,4576,4812,-957,83,-27,-14252,-4120,6256,-487,89,-123,0
1896.5310809612274,8916,5804,11576,-104,-32,78,8456,-9600,9252,-49,121,-175,-13992,4452,4940,-1005,113,-76,-14348,-4032,6284,-493,83,-162,0
1896.564584970474,8896,5756,11708,-114,-43,76,8300,-9536,9672,-54,141,-191,-14052,4576,5116,-983,82,-71,-14316,-4152,6256,-492,115,-155,0
1896.5979750156405,8868,5776,11572,-107,-29,118,8328,-9524,9624,-68,127,-200,-14024,4588,4888,-950,99,-63,-14276,-4124,6384,-502,102,-132,0
1896.6315829753876,8716,5668,11764,-120,-67,109,8312,-9428,9496,-75,126,-182,-14004,4652,4896,-931,157,-47,-14352,-4092,6308,-483,77,-141,0
1896.6650030612948,8924,5760,11548,-119,-47,117,8372,-9672,9640,-72,121,-173,-14044,4572,4924,-993,107,-11,-14356,-4092,6296,-524,91,-124,0
1896.6984391212463,8876,5740,11272,-124,-43,114,8172,-9612,9528,-40,125,-162,-14068,4520,4872,-996,84,-64,-14204,-4140,6636,-518,89,-137,0
1896.7319519519804,8828,6084,11508,-105,-30,100,8324,-9688,9560,-18,160,-142,-14316,4480,4916,-1000,89,-67,-14096,-4188,6216,-504,92,-146,0
1896.7655229568484,8992,5740,11460,-94,-84,87,8208,-9540,9652,-82,148,-173,-14048,4452,5004,-1000,73,-72,-14216,-4092,6324,-489,132,-145,0
1896.7992930412292,8900,5764,11628,-136,-58,68,8364,-9532,9672,-34,125,-170,-13988,4396,5072,-772,91,-22,-14200,-4204,6272,-472,125,-154,0
1896.8328409194949,8884,5780,11644,-78,-41,102,8348,-9584,9532,-29,118,-193,-13956,4568,5020,-975,94,-253,-14208,-4096,6328,-515,115,-141,0
1896.8664081096647,8908,5716,11768,-93,-17,102,8356,-9520,9584,-61,176,-173,-14048,4528,4896,-980,86,-52,-14280,-4184,6372,-473,97,-136,0
1896.899665117264,8888,5888,11512,-149,-78,98,8216,-9568,9572,-82,147,-183,-13992,4488,4880,-1002,99,-94,-14208,-4144,6428,-475,96,-140,0
1896.9332721233368,8888,5700,11724,-132,-60,105,8344,-9724,9548,-60,137,-154,-14068,4468,5060,-995,81,-76,-14292,-4188,6280,-518,136,-131,0
1896.9669690132139,8704,5828,11480,-108,-67,101,8352,-9488,9608,-35,119,-189,-13924,4448,4820,-1029,88,-66,-14228,-4348,6360,-515,126,-127,0
1897.0004699230194,8852,5832,11304,-89,-78,103,8328,-9444,9624,-37,96,-171,-13988,4568,5084,-770,123,-72,-14280,-4100,6312,-499,126,-102,0
1897.0339131355283,8844,5660,11540,-101,-92,102,8400,-9584,9624,-28,104,-207,-14108,4604,4924,-771,77,-85,-14144,-4160,6352,-261,129,-140,0
1897.0720241069794,8832,5808,11476,-115,-64,104,8384,-9500,9532,-38,131,-178,-14116,4532,4912,-1010,77,-90,-14204,-4200,6432,-519,137,-127,0
1897.1054549217224,8900,5852,11456,-128,-101,136,8308,-9548,9472,-85,134,-183,-13988,4496,4956,-1269,93,-21,-14272,-4164,6440,-767,128,-130,0
1897.1387441158295,8876,5876,11620,-124,-85,144,8356,-9548,9520,-34,111,-194,-14068,4556,4660,-1009,122,-54,-14308,-4120,6584,-494,114,-125,0
1897.1723301410675,8872,5840,11612,-96,-100,113,8384,-9412,9476,-52,141,-176,-14036,4544,4928,-1009,94,-68,-14092,-4252,6376,-480,112,-154,0
1897.2059991359713,8888,5868,11760,-116,-67,77,8480,-9564,9384,-24,125,-207,-13992,4392,5248,-1047,105,-71,-14200,-4144,6372,-491,132,-130,0
1897.2396550178528,8836,5632,11496,-124,-86,116,8232,-9488,9504,-40,121,-175,-13860,4432,4828,-1048,86,-66,-14132,-4156,6312,-482,153,-123,0
1897.2731380462649,8888,5844,11692,-133,-48,92,8360,-9576,9588,-30,108,-186,-14084,4412,4808,-1052,86,-78,-14212,-4204,6440,-463,90,-105,0
1897.3068461418152,8844,5716,11296,-133,-48,111,8380,-9484,9420,-42,192,-152,-13908,4464,4920,-1003,107,-83,-14272,-4076,6360,-454,115,-111,0
1897.340084075928,8820,5868,11752,-125,-39,128,8336,-9580,9512,-43,109,-186,-14012,4580,5080,-1014,98,-127,-14208,-4044,6428,-470,122,-108,0
1897.3736040592194,8808,5764,11756,-144,-53,148,8252,-9316,9592,-35,109,-195,-14016,4540,5016,-772,119,-50,-14176,-4184,6344,-525,143,-102,0
1897.40691113472,8764,5912,11748,-127,-34,124,8340,-9604,9560,-25,118,-167,-14024,4484,5012,-1005,93,-45,-14160,-4256,6424,-491,163,-99,0
1897.440320968628,8860,6096,11476,-124,-54,109,8448,-9552,9580,-18,134,-172,-13988,4844,4980,-999,114,-67,-14252,-4192,6436,-487,136,-118,0
1897.4738709926603,8872,5636,11608,-142,-35,111,8352,-9528,9560,-26,231,-193,-13880,4476,5076,-1002,80,-119,-14304,-4228,6332,-444,139,-146,0
1897.5073869228363,8872,6060,11676,-163,-56,77,8424,-9564,9444,-57,145,-170,-13968,4500,4856,-966,103,-46,-14216,-4180,6476,-458,131,-100,0
1897.5405910015108,8896,5800,11644,-177,-59,88,8196,-9576,9664,-32,128,-170,-14068,4616,4888,-1015,63,-102,-14160,-4172,6560,-479,125,-111,0
1897.5782971382139,8760,5664,11596,-205,-77,133,8344,-9524,9656,24,141,-159,-14048,4516,5312,-1035,67,-77,-14208,-4312,6276,-489,142,-76,0
1897.6143200397491,8952,5912,11672,-191,-95,127,8308,-9552,9540,-71,171,-192,-14012,4508,4884,-973,69,-70,-14236,-4112,6464,-500,156,-94,0
1897.650006055832,9144,5852,11764,-237,-89,124,8388,-9504,9600,-8,138,-206,-13968,4508,4936,-1276,94,-95,-14228,-3880,6316,-480,185,-91,0
1897.6854960918429,8712,5784,11520,-209,-98,126,8416,-9224,9524,-5,162,-176,-13916,4480,5052,-1042,84,-80,-14296,-4132,6412,-483,185,-84,0
1897.7215089797974,8868,5824,11652,-221,-80,132,8368,-9500,9512,-23,171,-166,-14004,4484,5064,-979,52,-107,-14244,-4144,6432,-479,129,-101,0
1897.7576069831848,8848,5828,11648,-262,-70,110,8296,-9540,9460,-51,188,-201,-14000,4492,5068,-958,68,-95,-14160,-4172,6496,-473,142,-88,0
1897.792814016342,8864,5848,11556,-256,-148,123,8352,-9500,9576,-39,161,-203,-13904,4512,4716,-979,96,-139,-14264,-4116,6360,-496,185,-82,0
1897.8280601501465,8956,5792,11628,-212,-156,128,8356,-9540,9560,-37,158,-231,-14040,4524,5004,-987,110,-129,-14232,-4104,6416,-270,193,-74,0
1897.8638610839844,8948,5880,11596,-221,-206,137,8608,-9616,9472,-17,113,-231,-14264,4536,4980,-1002,129,-157,-14284,-4168,6512,-538,216,-84,0
1897.899146080017,8912,5788,11596,-214,-210,177,8368,-9552,9220,-35,119,-229,-13956,4540,4984,-772,112,-112,-14272,-4132,6576,-505,192,-86,0
1897.9344100952148,8952,5828,11712,-199,-138,135,8384,-9544,9648,-36,162,-193,-14304,4432,4896,-983,83,-91,-14572,-3952,6196,-513,155,-106,0
1897.9700779914851,8908,5764,11648,-217,-158,146,8364,-9464,9608,-25,140,-189,-13996,4516,4912,-769,103,-115,-14212,-4096,6276,-500,150,-107,0
1898.0054619312289,9184,5640,11752,-203,-154,172,8356,-9728,9248,-26,111,-170,-13844,4548,4896,-1002,119,-61,-14188,-4228,6344,-488,154,-85,0
1898.04176902771,8928,5868,11316,-216,-172,149,8396,-9588,9516,-42,123,-213,-13960,4564,5076,-1009,130,-148,-14240,-4144,6364,-494,162,-101,0
1898.0777080059052,8796,5776,11580,-206,-203,121,8364,-9480,9596,-26,127,-225,-13912,4480,4900,-1007,78,-105,-14272,-4324,6528,-487,166,-122,0
1898.1127490997314,8740,5744,11584,-191,-160,124,8436,-9608,9268,-23,124,-195,-14020,4564,4896,-988,135,-112,-14348,-3884,6492,-490,178,-96,0
1898.148668050766,8864,5692,11644,-211,-176,161,8332,-9540,9700,-26,114,-186,-13956,4496,5072,-1002,101,-99,-14280,-3864,6280,-498,170,-76,0
1898.1839599609375,8944,5820,11568,-185,-144,146,8340,-9552,9672,-46,105,-183,-13948,4464,5084,-986,107,-122,-14428,-4320,6268,-500,172,-73,0
1898.2203199863434,9040,5688,11424,-163,-150,152,8420,-9536,9488,-23,103,-195,-13960,4428,4808,-992,131,-123,-14252,-4040,6648,-499,165,-81,0
1898.2537410259247,9068,5756,11524,-157,-168,159,8336,-9540,9544,-44,88,-203,-13896,4500,5044,-996,110,-47,-14244,-3876,6288,-509,137,-108,0
1898.287436962128,9004,5780,11516,-159,-164,128,8580,-9476,9552,-49,134,-208,-13944,4476,5032,-974,112,-89,-14200,-4124,6304,-494,134,-95,0
1898.3211629390719,9060,5652,11708,-207,-134,149,8416,-9692,9584,-68,126,-175,-14044,4508,4948,-949,104,-93,-14228,-4016,6300,-485,90,-103,0
1898.3547930717468,9204,5724,11496,-129,-132,105,8520,-9548,9396,-64,128,-180,-14148,4468,5024,-1000,61,-89,-14284,-4020,6388,-768,122,-123,0
1898.3879590034485,8924,5840,11272,-159,-145,100,8436,-9568,9632,255,127,-187,-14004,4464,4840,-1002,78,-102,-14288,-4032,6412,-510,93,-147,0
1898.4214990139008,8980,5828,11488,-95,-101,101,8356,-9576,9652,-61,121,-177,-14020,4520,5088,-951,107,-78,-14220,-4136,6512,-487,104,-118,0
1898.4549500942228,8760,5704,11552,-90,-109,94,8480,-9520,9452,-92,125,-202,-14028,4476,5088,-1001,116,-37,-14240,-4076,6360,-481,101,-120,0
1898.4886879920964,9040,5772,11408,-133,-105,107,8428,-9476,9384,-71,124,-173,-13856,4548,4952,-994,90,-47,-14164,-4100,6320,-497,69,-141,0
1898.5224490165713,9128,5816,11352,-92,-37,109,8444,-9520,9508,-45,145,-127,-14068,4520,5008,-982,82,-31,-14228,-4112,6308,-485,60,-125,0
1898.5559370517733,9024,5864,11460,-143,26,91,8364,-9480,9620,-96,170,-130,-14016,4504,5208,-962,65,-28,-14136,-4128,6368,-517,67,-162,0
1898.5892419815063,8712,5848,11560,-96,-45,75,8360,-9728,9484,-98,157,-168,-13988,4536,5028,-952,78,-42,-14284,-4120,6444,-530,105,-129,0
1898.6228389739988,8972,5800,11368,-54,-40,98,8352,-9564,9276,-80,107,-147,-14016,4516,4880,-977,121,-52,-14240,-4128,6396,-504,89,-149,0
1898.6564791202543,8936,5776,11624,-127,-84,91,8376,-9512,9452,-62,128,-185,-13928,4604,5088,-1001,151,-61,-14228,-4128,6320,-508,110,-109,0
1898.6897649765015,8936,5800,11580,-102,-33,94,8376,-9600,9444,-70,125,-190,-13992,4800,4976,-967,107,-72,-14208,-4168,6152,-510,146,-119,0
1898.7233369350433,8928,5844,11652,-126,-79,100,8340,-9560,9540,-51,127,-178,-14032,4516,4980,-989,91,-58,-14232,-4204,6400,-500,126,-157,0
1898.7569580078125,9044,5820,11756,-100,-14,82,8428,-9696,9696,-79,124,-149,-14016,4544,4872,-986,89,-49,-14252,-3984,6412,-534,142,-130,0
1898.7901520729065,9004,5812,11640,-114,-24,109,8352,-9524,9408,-11,131,-171,-14020,4496,5080,-985,54,-32,-14184,-4148,6648,-561,139,-156,0
1898.823801994324,8976,5768,11552,-128,-51,99,8676,-9560,9292,-57,154,-174,-13960,4492,4956,-938,38,-53,-14148,-4160,6368,-543,148,-133,0
1898.857423067093,8908,5772,11580,-115,-65,84,8608,-9660,9532,-110,123,-174,-13956,4848,4960,-967,36,-108,-14248,-4140,6388,-507,170,-130,0
1898.8907909393313,8920,5808,11656,-122,-76,86,8316,-9536,9524,-62,135,-198,-13932,4520,4792,-974,77,-67,-14280,-4152,6420,-505,187,-132,0
1898.9244189262388,9204,5648,11636,-118,-83,78,8372,-9440,9488,-37,129,-202,-14004,4540,5016,-968,45,-57,-14256,-4076,6468,-529,138,-163,0
1898.9579391479492,8748,5804,11264,-103,-82,87,8412,-9632,9504,-44,129,-189,-14008,4544,5028,-951,55,-52,-14176,-4140,6356,-519,175,-183,0
1898.9915480613708,8960,5828,11516,-111,-58,94,8580,-9532,9264,-27,140,-166,-14044,4504,4916,-961,60,-100,-14328,-4112,6448,-547,153,-164,0
1899.0252311229708,9000,5848,11640,-124,-86,84,8300,-9672,9568,-55,105,-186,-14004,4576,5068,-970,18,-66,-14280,-4228,6360,-549,164,-131,0
1899.0584120750427,8916,5968,11584,-119,-106,115,8364,-9576,9540,-38,151,-184,-13992,4552,5036,-962,70,-68,-14200,-4076,6424,-472,185,-131,0
1899.0919399261475,8916,5896,11472,-143,-82,108,8308,-9596,9540,-23,123,-178,-14004,4556,5036,-948,32,-21,-14196,-4216,6236,-537,148,-156,0
1899.1254999637604,8968,5780,11408,-141,-59,104,8332,-9640,9448,-51,121,-188,-14080,4600,5136,-944,80,-91,-14260,-4112,6608,-527,164,-115,0
1899.1591701507568,8964,5776,11528,-176,-77,143,8676,-9604,9288,-9,112,-163,-13964,4624,4888,-1009,79,-110,-14320,-4132,6424,-551,143,-139,0
1899.192692041397,9004,5844,11388,-134,-72,131,8408,-9488,9448,-43,123,-165,-14028,4596,4868,-951,107,-57,-14256,-4284,6420,-552,125,-154,0
1899.2258341312408,8704,5908,11476,-117,-79,98,8664,-9584,9556,-62,174,-176,-14136,4412,4836,-876,129,-59,-14256,-4160,6588,-577,141,-172,0
1899.263908147812,8976,5824,11440,-133,-60,90,8260,-9440,9412,-37,134,-195,-13900,4684,4780,-1004,152,-67,-14272,-4248,6444,-547,117,-154,0
1899.3001480102537,9012,5804,11744,-115,-86,100,8256,-9504,9320,-1,210,-153,-14052,4844,4984,-1049,186,-25,-14204,-4224,6484,-557,113,-161,0
1899.3356299400332,8952,5960,11552,-165,-93,89,8348,-9584,9712,-56,197,-170,-13884,4544,4992,-907,200,-64,-14228,-4120,6332,-576,92,-147,0
1899.3712930679324,9132,5872,11276,-134,-47,121,8216,-9592,9704,-49,174,-171,-13960,4620,4916,-966,149,-39,-14204,-4292,6588,-552,134,-139,0
1899.407536029816,9036,5832,11344,-116,-84,129,8316,-9664,9648,5,123,-187,-13964,4512,4836,-1001,157,-87,-14268,-4240,6464,-536,141,-137,0
1899.442390918732,8992,5868,11460,-163,-116,128,8360,-9556,9620,-7,110,-210,-13952,4520,4976,-1009,164,-24,-14148,-4204,6216,-535,161,-124,0
1899.477590084076,8736,5848,11660,-141,-126,92,8296,-9648,9712,-44,100,-212,-14036,4360,4744,-1014,151,-108,-14252,-4124,6416,-523,146,-150,0
1899.5133719444275,8860,5788,11580,-151,-78,102,8204,-9564,9724,-13,146,-175,-14000,4736,4728,-975,162,-53,-14148,-4136,6424,-764,126,-130,0
1899.5489871501925,8980,5908,11656,-156,-96,78,8324,-9628,9548,-8,173,-161,-13996,4836,4880,-1278,124,-39,-14192,-4180,6464,-528,143,-153,0
1899.58429813385,8956,5912,11468,-152,-102,115,8336,-9480,9412,-18,146,-155,-14064,4376,5060,-1008,96,-96,-14204,-4228,6452,-523,130,-146,0
1899.6206209659576,8932,5908,11512,-172,-105,105,8588,-9512,9584,-40,178,-160,-14024,4680,4944,-1278,105,-58,-14192,-4204,6520,-498,147,-120,0
1899.6562440395355,8992,5800,11524,-184,-76,88,8444,-9728,9632,-12,135,-203,-14056,4612,4884,-1011,131,-78,-14188,-4188,6296,-475,122,-129,0
1899.6922371387484,8940,5836,11480,-168,-62,107,8420,-9528,9492,-14,132,-178,-13912,4588,5112,-1015,163,-98,-14276,-4180,6532,-497,172,-147,0
1899.7284300327299,8936,5848,11288,-168,-67,112,8428,-9568,9576,7,144,-174,-14056,4580,4900,-1016,158,-96,-14208,-4264,6324,-508,142,-111,0
1899.7637860774994,8848,5916,11188,-170,-90,105,8220,-9496,9600,10,141,-176,-14332,4824,4948,-979,139,-74,-14144,-4140,6408,-258,135,-132,0
1899.7999551296234,8872,5864,11556,-154,-87,122,8232,-9560,9464,-19,94,-196,-13940,4600,4876,-1024,136,-97,-14192,-4308,6356,-493,126,-121,0
1899.8347980976105,9176,5852,11456,-171,-107,131,8368,-9532,9452,-50,93,-173,-14032,4568,4908,-987,144,-54,-14124,-4268,6152,-482,147,-101,0
1899.8701951503754,9200,5868,11720,-162,-87,111,8468,-9580,9456,-20,115,-193,-14048,4516,5000,-981,127,-47,-14272,-4200,6368,-475,117,-129,0
1899.9055130481725,9168,5840,11536,-153,-44,133,8412,-9576,9340,-19,163,-166,-14044,4544,4924,-979,87,-93,-14136,-4268,6424,-494,141,-107,0
1899.9393079280853,8892,6132,11496,-153,-73,136,8364,-9556,9392,-22,131,-176,-13872,4532,5080,-979,94,-82,-14260,-4252,6332,-478,153,-115,0
1899.9729149341583,8960,5924,11592,-174,-70,117,8444,-9600,9500,-23,118,-184,-14036,4568,4896,-975,103,-48,-14296,-4120,6648,-469,134,-123,0
1900.006612062454,8844,5840,11612,-179,-90,121,8216,-9500,9296,-26,138,-172,-14044,4748,4832,-976,64,-62,-14272,-4140,6404,-508,117,-81,0
1900.0402691364288,9104,5880,11432,-215,-39,151,8236,-9552,9232,6,114,-158,-14012,4536,4960,-973,80,-62,-14164,-4240,6520,-486,93,-85,0
1900.0733630657196,8916,5924,11384,-177,-41,156,8368,-9484,9536,251,109,-166,-14052,4488,4872,-950,74,-57,-14236,-4264,6284,-500,128,-85,0
1900.1069920063017,9052,6000,11492,-147,-104,139,8276,-9620,9424,-35,113,-210,-14040,4360,4820,-935,59,-44,-14160,-4220,6312,-499,108,-95,0
1900.1403939723969,8964,5764,11548,-221,-26,148,8372,-9508,9428,-1,102,-174,-13960,4492,4860,-940,105,-44,-14088,-4128,6376,-507,107,-96,0
1900.174113035202,8964,5656,11572,-207,-48,132,8436,-9552,9648,-13,105,-159,-14048,4536,4884,-914,39,-60,-14288,-4224,6336,-481,113,-97,0
1900.2077479362488,8996,5916,11348,-229,-53,134,8344,-9544,9548,-37,86,-192,-14032,4580,4940,-862,33,-81,-14200,-4232,6448,-487,93,-139,0
1900.2413079738617,8944,5896,11356,-244,-88,158,8384,-9580,9536,-57,95,-212,-14024,4524,4916,-800,51,-126,-14172,-4156,6608,-506,164,-86,0
1900.2748041152954,8956,5840,11300,-219,-79,186,8208,-9656,9716,-20,64,-221,-14000,4656,4764,-814,132,-58,-14240,-4196,6616,-525,189,-81,0
1900.3084149360657,9164,5724,11504,-222,-148,185,8412,-9284,9292,-15,44,-225,-13984,4832,4776,-776,138,-53,-14136,-4264,6496,-581,201,-96,0
1900.341933012009,8912,5892,11588,-225,-79,189,8312,-9536,9228,-19,-28,-226,-14060,4716,5044,-566,364,-116,-14128,-4224,6376,-622,205,-106,0
1900.375592947006,8924,5832,11424,-297,-23,211,8380,-9660,9584,14,-79,-247,-14068,4616,4636,-536,418,-77,-14200,-4252,6424,-695,42,-78,0
1900.4089200496674,9044,5828,11408,-209,-28,203,8484,-9704,9492,-79,-106,-208,-14048,4736,4624,-650,317,-54,-14288,-4180,6412,-700,89,-89,0
1900.442439079285,8996,5868,11576,-197,-40,209,8488,-9496,9696,-46,-59,-222,-14012,4676,4976,-687,316,-50,-14228,-4180,6384,-697,57,-96,0
1900.4758570194244,8900,5856,11424,-211,-1,205,8432,-9576,9616,-131,-35,-204,-14296,4700,4628,-732,294,-53,-14212,-4284,6400,-676,-10,-77,0
1900.5094559192655,8980,5808,11464,-138,-10,179,8472,-9632,9408,-215,-50,-204,-14304,4848,4892,-1017,284,-58,-14184,-4304,6240,-684,-27,-105,0
1900.5432190895083,8744,5764,11264,-124,255,171,8520,-9584,9500,-274,-96,-211,-14040,4716,5056,-753,227,-78,-14144,-4200,6300,-687,-13,-114,0
1900.5766911506653,9048,5732,11368,-141,-45,162,8528,-9600,9608,-186,-52,-207,-14064,4712,5024,-796,189,-114,-13864,-4268,6496,-636,21,-97,0
1900.6103029251096,8984,5792,11544,-215,-42,161,8676,-9564,9356,-141,-255,-183,-14112,4684,4852,-749,238,-36,-14152,-4192,6520,-675,29,-66,0
1900.6433150768285,8956,5756,11528,-242,-64,186,8492,-9624,9460,-144,-22,-189,-13936,4724,4748,-770,218,-68,-14108,-4264,6416,-673,-63,-88,0
1900.676849126816,8904,5816,11632,-250,-35,189,8572,-9652,9396,-223,-42,-194,-14324,4684,4852,-828,144,-99,-14156,-4180,6400,-631,56,-116,0
1900.7104690074923,9008,5740,11540,-282,-116,174,8592,-9588,9336,-155,31,-205,-14144,4720,4848,-873,116,-92,-14192,-4332,6448,-598,113,-105,0
1900.7439501285553,8748,5772,11536,-281,-139,178,8556,-9636,9328,-137,116,-202,-14072,4680,4536,-917,83,-116,-14176,-4224,6484,-523,142,-110,0
1900.7774291038513,9036,5728,11312,-3,-126,173,8572,-9620,9256,-119,70,-176,-14156,4776,4756,-891,9,-112,-14172,-4320,6416,-539,171,-112,0
1900.8110661506653,8996,5748,11556,-242,-110,162,8572,-9672,9224,-99,101,-191,-14108,4632,4516,-878,59,-83,-14192,-4212,6172,-526,143,-115,0
1900.8445339202883,8996,5744,11592,-248,-115,167,8496,-9488,9700,-32,41,-187,-14208,4684,4672,-923,62,-131,-14168,-4312,6544,-475,167,-94,0
1900.8781340122223,9008,5684,11276,-282,-117,133,8560,-9584,9420,2,105,-212,-13956,4744,4712,-982,105,-150,-14220,-4276,6580,-443,155,-74,0
1900.9143221378329,8980,5728,11608,-240,-124,120,8496,-9664,9284,-51,101,-183,-14056,4760,5008,-950,253,-80,-14256,-4124,6624,-261,128,-128,0
1900.950264930725,8976,5700,11396,-285,-93,135,8508,-9568,9364,24,90,-165,-13992,4816,4788,-1066,34,-87,-14172,-4252,6524,-505,161,-92,0
1900.985466003418,9004,5772,11744,-200,-103,139,8552,-9732,9316,250,124,-173,-14004,4568,4856,-1071,36,-60,-14272,-4312,6416,-479,198,-113,0
1901.0208721160889,9204,5820,11536,-219,-165,122,8620,-9628,9356,-53,126,-218,-14044,4688,4788,-1005,64,-128,-14448,-3936,6584,-499,187,-121,0
1901.0571439266205,9148,5572,11580,-165,-101,124,8616,-9696,9324,-85,114,-158,-14124,4784,4624,-1141,12,-74,-14176,-4240,6492,-541,67,-150,0
1901.0923349857333,9100,5736,11404,-89,-61,91,8612,-9632,9132,-71,144,-114,-14080,4640,4420,-1125,-24,-58,-14240,-4200,6456,-542,43,-193,0
1901.1274900436404,9012,5876,11528,-119,-30,78,8524,-9504,9212,-116,218,-131,-14296,4700,4688,-1110,-12,-54,-14144,-4252,6560,-507,89,-142,0
1901.1627929210663,8980,5640,11576,-122,-65,59,8480,-9732,9364,-85,215,-149,-13988,4792,4660,-1148,48,-107,-14184,-4208,6432,-535,99,-148,0
1901.1980280876164,8980,5664,11512,-73,-38,62,8532,-9688,9240,-119,166,-173,-13976,4740,4668,-1159,58,-77,-14172,-4204,6460,-542,123,-156,0
1901.2333719730375,9188,5672,11692,-140,-109,87,8456,-9672,9352,-66,154,-194,-13968,4780,4768,-1172,79,-126,-14236,-4240,6396,-505,112,-147,0
1901.2688181400297,8956,5692,11400,-86,-61,93,8560,-9728,9276,-101,108,-167,-14124,4704,4828,-1143,88,-69,-14176,-4264,6460,-544,104,-188,0
1901.3042409420013,8988,5884,11436,-112,-61,84,8500,-9684,9336,-93,133,-173,-14048,4740,4700,-1159,51,-80,-14336,-4260,6488,-531,85,-152,0
1901.339674949646,9032,5712,11620,-119,-2,67,8584,-9700,9428,-119,151,-160,-14112,4792,5104,-1168,12,-48,-14200,-4244,6556,-260,65,-152,0
1901.3747251033783,9032,5656,11620,-52,-12,91,8536,-9628,9288,-82,134,-132,-13984,4568,4928,-1301,66,-108,-14072,-4516,6236,-494,110,-144,0
1901.4101951122284,8716,5880,11692,-81,-60,55,8260,-9584,9304,-130,138,-170,-13960,4616,4968,-1171,67,-69,-14100,-4332,6588,-490,121,-135,0
1901.4453439712524,8712,5704,11496,-101,-67,56,8464,-9604,9448,-113,138,-207,-14040,4708,4752,-1110,118,-140,-14124,-4284,6544,-460,141,-125,0
1901.4808740615845,8996,5744,11512,-56,-69,70,8676,-9736,9304,-93,114,-199,-14084,4628,4744,-1134,142,-129,-14088,-4196,6524,-444,94,-110,0
1901.5159289836884,8992,5736,11308,-65,-98,93,8648,-9592,9540,-52,111,-234,-14108,4604,4960,-1183,123,-89,-14164,-4252,6472,-460,141,-107,0
1901.5515100955963,8980,5756,11572,-49,-25,76,8688,-9724,9344,-37,124,-172,-13976,4664,4928,-1205,78,-68,-14212,-4200,6572,-450,69,-151,0
1901.58696603775,8968,5788,11520,-35,-20,73,8484,-9660,9364,-47,174,-154,-13992,4668,4780,-1129,111,-80,-14104,-4268,6184,-451,108,-83,0
1901.6202940940857,8940,5764,11492,-64,-66,77,8628,-9632,9024,-43,141,-179,-14040,4700,4536,-1093,128,-114,-14228,-4268,6460,-452,123,-119,0
1901.6534559726715,8912,5872,11616,-90,-38,90,8484,-9644,9236,-71,129,-193,-14044,4732,4764,-1120,112,-65,-14208,-4340,6532,-380,68,-86,0
1901.6872370243073,8880,5820,11572,-66,-23,86,8520,-9592,9324,-80,172,-147,-13984,4592,4956,-1034,113,-35,-13864,-4312,6800,-402,67,-98,0
1901.7204489707947,9000,5784,11556,-90,-13,103,8492,-9492,9308,-77,122,-152,-14060,4776,4740,-1043,121,-53,-14164,-4180,6532,-419,40,-101,0
1901.7539010047913,8724,5772,11756,-58,3,106,8532,-9748,9200,-44,114,-144,-14072,4524,4840,-1075,46,-69,-14148,-4248,6564,-379,65,-114,0
1901.7873830795288,9200,5644,11652,-67,-21,100,8516,-9704,9280,-87,260,-120,-13924,4596,5028,-772,51,-38,-14156,-4248,6576,-433,74,-92,0
1901.8209869861603,8856,5856,11580,-68,-50,89,8512,-9748,9368,-127,141,-155,-14028,4616,4924,-1277,54,-62,-14232,-4312,6400,-467,78,-144,0
1901.854483127594,8952,5768,11516,-157,-63,53,8796,-9756,9336,-96,144,-147,-14016,4668,4744,-1029,98,-46,-14084,-4188,6624,-427,105,-129,0
1901.8878910541534,9148,5848,11440,-72,-35,85,8588,-9720,9324,-108,116,-117,-13944,4852,4724,-1280,33,-54,-14088,-4328,6524,-446,107,-155,0
1901.9215369224548,9008,5856,11576,-64,-5,87,8576,-9644,9404,-101,127,-150,-14008,4656,4948,-970,27,-60,-14196,-4256,6548,-436,111,-121,0
1901.9548671245575,8980,5948,11576,-105,-21,90,8576,-9832,9348,-91,132,-167,-14056,4728,4988,-950,62,-65,-14040,-4400,6480,-438,137,-134,0
1901.9884531497955,8940,5872,11560,-111,-33,93,8504,-9684,9396,-87,149,-163,-14028,4580,4924,-983,99,-20,-14136,-4244,6388,-470,103,-107,0
1902.0219440460203,9060,5832,11600,-54,-50,71,8452,-9712,9304,-83,137,-172,-14032,4372,4692,-1038,100,-73,-14048,-4360,6556,-477,145,-98,0
1902.0555131435394,8920,5808,11464,-101,-67,110,8544,-9708,9232,-38,113,-198,-14028,4500,4904,-1131,101,-115,-14084,-4292,6512,-492,121,-92,0
1902.0919139385223,8832,5892,11712,-93,-109,100,8488,-9652,9384,-60,121,-192,-14052,4700,4800,-1007,83,-107,-14136,-4320,6644,-462,159,-139,0
1902.1257541179657,8980,5796,11292,-122,-56,72,8460,-9808,9032,-104,146,-113,-14060,4692,4780,-1001,64,-102,-14200,-4228,6604,-490,121,-150,0
1902.158930063248,8836,5888,11284,-101,-40,83,8548,-9800,9228,-68,90,-175,-13964,4620,4756,-995,80,-85,-14124,-4196,6592,-484,171,-142,0
1902.1924850940704,8916,5924,11744,-93,-85,117,8544,-9608,9292,-29,137,-170,-14060,4728,4872,-988,62,-45,-14280,-4592,6548,-504,150,-149,0
1902.2259831428528,8916,5684,11444,-148,-92,105,8584,-9928,9316,-70,135,-181,-13992,4852,5060,-993,104,-65,-14008,-4200,6564,-478,157,-134,0
1902.2594919204712,8896,5636,11744,-131,-68,86,8832,-9716,9420,-71,147,-175,-13980,4640,4660,-995,112,-105,-13840,-4240,6416,-456,137,-109,0
1902.2929549217224,8916,5808,11312,-128,-86,92,8200,-9708,9352,-56,176,-198,-13972,4628,4644,-1007,128,-70,-14036,-4268,6400,-481,124,-133,0
1902.3266150951388,8748,5880,11440,-97,-64,104,8512,-9972,9008,-70,181,-173,-14104,4664,4944,-1047,120,-70,-14044,-4284,6676,-467,147,-120,0
1902.3601720333095,8908,6124,11700,-92,-79,88,8472,-9692,9300,-85,163,-167,-13936,4692,4800,-1044,157,-115,-14092,-4264,6556,-412,126,-115,0
1902.3933610916135,8880,5816,11756,-88,-32,119,8468,-9812,9184,-51,181,-167,-14052,4632,4612,-978,203,-136,-13884,-4164,6636,-405,189,-119,0
1902.4268760681152,8836,5660,11448,-195,-56,143,8592,-9504,9396,-20,163,-177,-13948,4792,4840,-946,191,-102,-14008,-4260,6584,-389,198,-92,0
1902.460430145264,8784,5908,11692,-92,-60,124,8464,-9696,9224,54,167,-163,-14032,4580,5108,-940,76,-132,-14132,-4296,6528,-410,285,-79,0
1902.4938960075376,9144,5864,11524,-206,-92,110,8392,-9640,9356,76,208,-199,-13908,4624,4836,-959,64,-102,-14164,-4276,6484,-320,332,-87,0
1902.5276939868927,8892,5844,11532,-270,-177,114,8568,-9708,9436,25,223,-202,-14084,4740,4628,-931,83,-127,-14200,-4176,6556,-423,224,-90,0
1902.5609440803528,8776,5644,11488,-228,-142,121,8268,-9884,9272,29,188,-198,-13956,4672,4736,-1044,146,-136,-14112,-4260,6672,-453,138,-100,0
1902.5977830886843,8940,5916,11560,-219,-128,119,8476,-9688,9268,49,217,-152,-13964,4600,4752,-1059,134,-111,-13844,-4292,6588,-466,146,-76,0
1902.6323919296265,8836,5852,11584,-235,-44,113,8696,-9928,9376,-16,201,-186,-14332,4660,5080,-1054,156,-76,-14128,-4320,6564,-448,169,-107,0
1902.667766094208,8880,5804,11496,-278,-138,112,8396,-9984,9420,35,198,-215,-14000,4712,4940,-1033,148,-137,-14008,-4176,6544,-448,207,-100,0
1902.7028200626373,8884,5876,11524,-227,-92,112,8440,-9648,9388,56,199,-186,-14012,4684,4936,-1039,132,-135,-14164,-4580,6580,-434,218,-62,0
1902.738744020462,8900,5892,11696,-261,-100,130,8368,-9716,9220,6,170,-179,-14076,4600,4728,-917,140,-143,-13840,-4268,6440,-385,226,-57,0
1902.7737510204315,8920,5800,11604,-317,-150,151,8464,-9776,9416,-15,171,-196,-14104,4640,4628,-971,147,-96,-14188,-4240,6580,-418,186,-82,0
1902.8095519542694,8912,6012,11396,-510,-170,157,8680,-9728,9180,29,183,-180,-14308,4740,4884,-1041,123,-151,-14104,-4156,6524,-459,193,-75,0
1902.8444321155548,8908,5812,11592,-507,-148,144,8476,-9648,9408,34,161,-216,-14056,4636,4804,-1063,123,-145,-14152,-4308,6484,-401,207,-93,0
1902.8802590370176,9000,5856,11568,-232,-174,156,8516,-9620,9300,67,151,-202,-13940,4660,4992,-1073,128,-143,-14092,-4304,6468,-437,222,-72,0
1902.9155211448667,8928,5808,11740,-219,-211,144,8492,-9656,9216,50,158,-221,-14040,4856,4776,-1017,135,-147,-14216,-4176,6528,-413,235,-70,0
1902.9508221149445,8976,5796,11464,-247,-159,125,8616,-9536,9264,35,172,-196,-13880,4840,5000,-1029,104,-141,-14180,-4256,6452,-415,225,-88,0
1902.985824108124,8856,5828,11680,-206,-172,149,8500,-9668,9448,70,151,-186,-14332,4528,4692,-1054,89,-104,-14192,-4252,6664,-431,218,-86,0
1903.021271944046,8964,5776,11276,-222,-178,147,8432,-9700,9276,37,169,-185,-14000,4612,5088,-1035,68,-125,-14272,-4132,6580,-417,200,-67,0
1903.057176113129,8892,5836,11372,-218,-189,130,8440,-9684,9464,35,159,-225,-13932,4596,4880,-1026,15,-104,-14128,-4128,6436,-363,251,-59,0
1903.0922710895536,8932,5732,11396,-232,-195,126,8476,-9696,9284,8,156,-218,-13896,4428,4896,-1037,-68,-128,-13900,-4252,6488,-366,277,-82,0
1903.1280779838564,9008,5760,11568,-197,-219,133,8480,-9540,9372,41,183,-201,-14064,4616,4888,-1002,-69,-100,-14204,-4292,6464,-348,293,-61,0
1903.1633501052856,9040,5792,11484,-186,-171,128,8572,-9584,9252,72,188,-206,-13984,4568,4860,-1042,-65,-98,-14132,-4172,6540,-356,303,-97,0
1903.1994230747223,9004,5780,11616,-164,-190,116,8476,-9636,9356,83,190,-195,-13992,4568,4892,-1061,-152,-153,-14212,-4140,6608,-326,319,-92,0
1903.2345631122587,9080,5812,11708,-173,-168,149,8480,-9620,9352,69,221,-213,-14068,4384,5080,-1084,-221,-107,-14156,-4160,6192,-275,374,-83,0
1903.270089149475,8976,5764,11700,-212,-174,159,8564,-9708,9428,83,238,-200,-13976,4620,4900,-1043,-311,-85,-14240,-4064,6316,-172,458,-93,0
1903.3037741184235,9176,5848,11476,-402,-97,141,8488,-9620,9376,106,233,-195,-14028,4572,5092,-1029,-391,-122,-14324,-4080,6552,-160,616,-66,0
1903.337394952774,9100,5760,11460,-259,-1,128,8488,-9704,9296,189,259,-160,-14044,4568,5152,-1070,-416,-147,-14224,-4172,6540,-252,686,-109,0
1903.3708510398865,9136,5800,11288,-274,99,490,8412,-9712,9424,96,291,-204,-13920,4552,5056,-1082,-304,-153,-14132,-4168,6396,-334,813,-139,0
1903.4040129184723,8872,5748,11460,-169,217,102,8424,-9624,9408,154,241,-177,-13984,4816,5000,-1079,-182,-102,-14272,-4008,6444,-484,639,-167,0
1903.4377291202543,9020,5884,11496,-291,232,117,8376,-9596,9264,145,279,-153,-13984,4696,5016,-1069,-113,-80,-14124,-4056,6280,-563,593,-227,0
1903.4713349342348,8724,5728,11300,-139,245,93,8424,-9584,9476,144,268,-143,-13916,4508,4960,-1100,-83,-61,-14084,-3932,6184,-455,608,-212,0
1903.5048871040344,9008,5804,11620,-108,259,90,8372,-9644,9652,107,291,-118,-13928,4528,5364,-1043,251,-70,-14284,-4156,5964,-357,487,-186,0
1903.5385689735413,8932,5800,11468,-143,122,84,8664,-9516,9624,19,338,-198,-13968,4476,5232,-941,24,-128,-14212,-4296,6256,-365,454,-182,0
1903.572031021118,9028,5788,11484,-140,-38,61,8372,-9560,9572,-19,358,-211,-13892,4584,5200,-924,59,-95,-14528,-4124,6220,-414,509,-180,0
1903.605513095856,8916,5720,11632,-159,-126,47,8420,-9500,9512,123,441,-196,-13908,4568,5052,-906,93,-61,-14124,-4140,6312,-573,467,-144,0
1903.639168024063,8880,5728,11760,-289,-261,37,8304,-9524,9508,277,447,-214,-13932,4576,4968,-1051,152,-68,-14364,-4012,6284,-559,377,-182,0
1903.6726460456848,8888,5636,11600,-111,-218,45,8268,-9540,9540,247,373,-215,-14004,4668,4908,-1162,205,-131,-14400,-4060,6160,-491,444,-194,0
1903.7062180042267,8964,5736,11484,-117,-17,57,8304,-9672,9708,334,232,-156,-13964,4596,4932,-1192,240,-52,-14352,-4304,6016,-317,286,-208,0
1903.7399830818172,9200,5708,11676,-126,99,74,8432,-9584,9932,176,77,-99,-13944,4484,4900,-1204,265,-61,-14112,-4196,6088,-474,170,-170,0
1903.7735280990603,9024,5884,11608,-143,47,83,8260,-9388,9612,133,109,-139,-14004,4544,5336,-1168,283,-5,-14364,-4232,6152,-510,104,-184,0
1903.807340145111,8932,5888,11460,-140,-93,81,8436,-9492,9724,6,78,-196,-13908,4408,5012,-1121,354,-6,-14252,-4152,6216,-417,-121,-154,0
1903.8404841423035,8872,5828,11260,-82,-204,127,8404,-9268,9556,-111,-9,-240,-14000,4580,4872,-1324,326,-48,-14384,-4348,6260,-355,-108,-111,0
1903.8739421367643,8984,5816,11636,227,-95,74,8488,-9568,9700,-182,27,-198,-14024,4372,5140,-1150,308,-60,-14552,-4200,6164,-740,-404,-181,0
1903.9073569774628,9016,5828,11356,-25,18,41,8440,-9488,9540,-100,67,-164,-13980,4532,5112,-1043,336,240,-14280,-4228,6124,-854,-410,-192,0
1903.9410200119016,8820,5796,11588,-33,-70,61,8284,-9508,9596,-185,78,-181,-13888,4444,5076,-895,261,10,-14184,-4220,6184,-718,-225,-175,0
1903.9745619297028,8856,5812,11472,-88,-184,98,8352,-9492,9312,-183,42,-198,-13860,4488,4900,-943,318,-45,-14136,-4112,6292,-642,-119,-117,0
1904.0082259178164,8880,6124,11340,-50,-179,152,8336,-9596,9620,-125,37,-197,-13960,4408,4932,-866,308,-16,-14268,-4168,6280,-620,-117,-117,0
1904.041810035705,8976,5812,11656,-52,-162,118,8484,-9644,9492,-160,24,-170,-14128,4500,5028,-1008,179,-52,-14348,-4204,6264,-449,-185,-115,0
1904.0753059387207,9004,5776,11592,110,-146,93,8492,-9544,9380,-196,11,-163,-14028,4584,5072,-1128,101,247,-14328,-4120,6256,-607,-128,-147,0
1904.108987092972,8868,5776,11640,-21,-149,85,8400,-9592,9572,-180,86,-176,-14004,4584,4808,-1038,58,-14,-14172,-4276,6356,-635,-37,-171,0
1904.142212152481,8872,5944,11484,-122,-111,97,8420,-9336,9528,-53,158,-171,-14000,4604,5072,-1001,72,-48,-14200,-4272,6068,-606,-63,-157,0
1904.1758091449735,9092,5892,11536,-118,-175,60,8360,-9544,9464,-149,145,-207,-13960,4552,5092,-905,72,-60,-14312,-4296,6252,-539,254,-185,0
1904.2093279361725,8796,5760,11440,-185,-166,38,8344,-9560,9480,-98,122,-221,-13916,4640,4888,-933,126,-59,-14200,-4104,6516,-495,47,-146,0
1904.242790937424,8708,5716,11740,-136,-75,78,8452,-9600,9560,-57,86,-189,-13956,4820,4708,-935,121,-25,-14292,-4248,6436,-535,59,-146,0
1904.2797179222107,8992,6004,11480,-99,-108,119,8388,-9552,9508,-124,112,-174,-13976,4776,5264,-893,64,-20,-14272,-4268,6632,-487,8,-138,0
1904.31502699852,8872,5888,11328,-96,-110,73,8304,-9612,9456,-71,127,-175,-13880,4644,5016,-934,43,-52,-14316,-4284,6340,-766,68,-137,0
1904.3506939411163,8844,5924,11340,-165,-106,79,8368,-9512,9504,-78,147,-139,-13908,4708,5092,-887,81,-41,-14272,-4208,6376,-486,39,-154,0
1904.3859670162203,8916,5796,11444,-158,-171,80,8328,-9584,9508,-74,139,-183,-13896,4664,4908,-914,111,-50,-14156,-4188,6356,-586,43,-128,3
1904.4217529296875,8948,5920,11396,-126,-107,97,8388,-9592,9488,-30,118,-196,-13924,4512,5020,-915,107,-63,-14232,-4328,6380,-473,71,-123,3
1904.4581179618835,8948,6076,11424,-176,-129,84,8428,-9616,9552,-33,149,-219,-14052,4676,4936,-924,130,-37,-14236,-4244,6616,-430,50,-145,3
1904.4939401149747,8952,5892,11768,-117,-112,83,8348,-9516,9600,-56,127,-192,-13932,4656,5000,-899,70,-67,-14356,-4260,6512,-486,67,-145,3
1904.5304169654844,8976,5852,11488,-171,-137,99,8660,-9604,9488,-65,146,-159,-13920,4536,4948,-872,-7,-48,-14156,-4284,6552,-531,86,-178,3
1904.565618991852,8888,6000,11464,-195,-156,99,8288,-9592,9256,-50,153,-187,-13876,4824,4956,-927,93,-42,-14228,-4276,6484,-479,66,-114,3
1904.6012821197507,8920,6020,11424,-225,-112,128,8344,-9576,9540,-62,86,-194,-14000,4704,5016,-976,145,-53,-14192,-4152,6472,-537,75,-123,3
1904.6376509666443,8960,5800,11556,-172,-75,154,8516,-9688,9380,38,127,-144,-13984,4612,4892,-892,38,-81,-14304,-4216,6556,-538,137,-133,3
1904.6730070114131,8872,5884,11344,-245,-131,174,8304,-9664,9408,-53,213,-154,-13976,4500,4964,-1273,16,-131,-14272,-4188,6508,-495,0,-112,3
1904.7081260681152,9156,5840,11560,-245,-132,144,8408,-9612,9692,119,92,-192,-13916,4680,4980,-1015,135,-156,-14128,-4236,6576,-562,226,-70,3
1904.7434699535372,8944,5912,11584,-292,-100,167,8316,-9576,9680,106,93,-215,-13912,4784,5104,-992,173,-135,-14192,-4284,6356,-660,219,-82,3
1904.7800979614256,9012,5840,11348,-172,-222,154,8332,-9488,9636,32,136,-219,-13840,4536,5368,-950,158,-157,-14208,-4220,6228,-611,213,-84,0
1904.8154170513153,8772,5860,11428,-164,-156,139,8608,-9552,9484,44,151,-215,-14020,4592,4908,-948,193,-154,-14088,-4280,6640,-560,200,-103,0
1904.8513040542605,8960,5868,11308,-235,-123,125,8360,-9720,9464,13,136,-201,-14016,4516,5112,-952,205,-117,-14276,-4228,6220,-479,130,-82,0
1904.8862011432648,8984,6136,11432,-223,-104,149,8400,-9560,9552,-62,140,-164,-13928,4648,4956,-877,179,-135,-14104,-4324,6164,-454,170,-60,0
1904.9240081310272,8964,5752,11540,-235,-122,137,8668,-9628,9520,-28,189,-171,-13960,4544,4724,-976,157,-94,-14136,-4220,6568,-446,207,-79,0
1904.957684993744,8932,5844,11556,-199,-167,141,8648,-9604,9584,-9,188,-192,-13944,4508,5036,-949,167,-99,-14192,-4244,6308,-511,167,-65,0
1904.9913420677183,9000,6140,11512,-200,-167,138,8432,-9620,9624,-9,112,-221,-14068,4540,4956,-957,201,-146,-14184,-4228,6376,-492,188,-19,0
1905.0248680114748,9036,5772,11704,-267,-215,160,8388,-9588,9512,67,108,-225,-13944,4564,4952,-1014,166,-149,-14212,-4268,6336,-530,263,-75,0
1905.0584499835968,9068,5724,11460,-218,-165,145,8480,-9608,9556,40,175,-166,-14056,4668,4884,-1015,155,-105,-14084,-4208,6220,-766,119,-100,0
1905.0918951034548,9196,5756,11748,-199,-87,137,8688,-9508,9560,12,138,-145,-13828,4584,5052,-943,127,-61,-14228,-4236,6368,-517,69,-58,0
1905.1254911422732,9044,5816,11444,-258,-101,149,8340,-9460,9380,-42,120,-185,-13864,4364,4884,-984,152,-64,-14060,-4316,6284,-535,160,-57,0
1905.1589379310608,8976,5836,11496,-199,-157,172,8460,-9428,9488,-27,123,-225,-14020,4580,4916,-994,175,-107,-14300,-4188,6316,-550,180,-50,0
1905.1924510002132,9072,5832,11492,-213,-149,159,8452,-9512,9520,20,108,-232,-13968,4680,4968,-984,166,-148,-14040,-4192,6444,-538,223,-75,0
1905.2260279655457,8944,5784,11528,-235,-166,148,8428,-9576,9428,28,180,-209,-13980,4596,4916,-991,122,-173,-14096,-4268,6168,-611,202,-77,0
1905.2599649429324,9056,5752,11276,-237,-511,141,8428,-9564,9504,39,171,-225,-14044,4384,4908,-963,84,-123,-14208,-4144,6376,-534,221,-113,0
1905.293386936188,9056,5716,11416,-171,-122,90,8208,-9512,9712,17,145,-198,-14024,4572,4768,-1020,149,-110,-14312,-4352,6144,-493,182,-88,0
1905.326911926269,9124,5840,11332,-212,-109,142,8432,-9412,9616,67,152,-183,-13944,4656,4972,-1007,124,-123,-14184,-4328,6352,-508,147,-99,0
1905.3604879379272,9080,5732,11440,-217,-50,135,8392,-9544,9548,30,132,-177,-13956,4568,4860,-1014,92,-121,-14260,-4204,6304,-767,179,-88,0
1905.393893957138,9148,5780,11348,-236,-103,109,8436,-9404,9540,-2,165,-214,-13976,4800,4936,-969,133,-98,-14024,-4384,6184,-519,155,-78,0
1905.427397966385,9076,6088,11264,-188,-106,96,8460,-9720,9528,-80,156,-205,-13996,4408,4896,-987,175,-77,-14196,-4288,6444,-453,136,-114,0
1905.46103310585,9112,5836,11728,-153,-96,130,8416,-9448,9536,-10,144,-175,-14044,4804,5100,-1038,165,-53,-14228,-4240,6152,-468,140,-105,0
1905.4945659637451,9188,5684,11344,-129,-37,77,8396,-9304,9664,-46,152,-147,-13972,4560,4880,-1076,150,-68,-14192,-4304,6216,-450,105,-113,0
1905.5283739566803,9140,5784,11356,-137,-29,81,8420,-9560,9600,-4,172,-155,-13972,4600,4796,-1083,126,-84,-14132,-4076,6400,-476,131,-72,0
1905.561923980713,9056,5788,11536,-133,-34,87,8616,-9460,9684,-42,177,-159,-14044,4500,4876,-1066,144,-116,-14220,-4268,6324,-510,111,-102,0
1905.5954971313479,9052,5856,11316,-97,-80,50,8596,-9728,9568,-81,151,-170,-14052,4504,4840,-1051,128,-28,-14264,-4200,6436,-766,59,-138,0
1905.629075050354,9128,5852,11508,-23,-76,76,8424,-9560,9600,-163,122,-124,-14004,4676,5072,-1047,27,16,-14348,-4132,6508,-525,15,-109,0
1905.6624341011047,9236,5776,11480,-22,-70,40,8452,-9476,9588,-116,139,-139,-14316,4544,4724,-1078,-72,-11,-14192,-4196,6456,-524,11,-155,0
1905.6958279609685,9048,5900,11332,-14,-37,45,8196,-9504,9636,-104,137,-145,-14008,4612,4976,-1020,-41,-12,-14048,-4272,6384,-766,23,-167,0
1905.729431152344,8992,5880,11364,-2,-64,35,8240,-9560,9276,-211,146,-152,-13968,4588,4916,-890,-133,5,-14224,-4252,6384,-580,34,-116,0
1905.7629461288452,8960,5860,11488,10,-117,13,8420,-9644,9496,-167,119,-184,-14068,4632,4992,-879,-112,0,-14148,-4164,6452,-561,10,-108,0
1905.7966101169588,8996,5800,11476,3,-140,64,8344,-9572,9520,-212,114,-157,-13980,4536,5136,-916,14,-1,-14156,-4212,6492,-527,-13,-95,0
1905.8301699161532,9056,5940,11384,52,-100,31,8428,-9564,9456,-214,108,-191,-13920,4676,5124,-956,27,7,-14244,-4224,6632,-470,11,-106,0
1905.8634381294253,9036,5936,11564,-52,-70,72,8588,-9544,9384,-228,124,-161,-13980,4620,4916,-837,78,-45,-14120,-4132,6448,-540,84,-135,0
1905.8967390060425,9068,5952,11468,-31,-98,43,8380,-9652,9684,-222,200,-167,-13888,4672,4908,-758,241,252,-14124,-4188,6468,-552,42,-138,0
1905.9301941394804,9012,5868,11472,47,-21,27,8356,-9608,9688,-184,130,-188,-13896,4580,4732,-877,184,-37,-13880,-4140,6188,-539,20,-119,0
1905.9677259922028,8976,5964,11336,-41,-24,69,8364,-9516,9472,-138,218,-132,-13872,4660,4880,-958,104,-68,-14324,-4240,6452,-444,111,-101,0
1906.0028319358828,8932,5896,11368,-16,-87,93,8336,-9652,9648,-160,74,-211,-13992,4700,4964,-1000,118,-49,-14248,-4208,6576,-389,117,-109,0
1906.03803896904,9088,5852,11480,-129,-64,104,8316,-9580,9508,-101,86,-214,-13960,4656,4860,-993,54,-42,-13980,-4280,6556,-363,168,-123,0
1906.0738639831543,9004,5872,11424,-107,-111,81,8232,-9652,9376,-51,191,-184,-14280,4740,4732,-985,83,-68,-14216,-4348,6500,-459,121,-109,0
1906.1097071170807,9164,5952,11500,-116,-88,110,8392,-9584,9424,-65,147,-177,-13992,4772,4916,-955,146,-70,-14064,-4252,6460,-470,134,-144,0
1906.1450481414795,9004,5676,11388,-93,-82,90,8328,-9736,9388,-103,114,-175,-13868,4640,5108,-907,110,-100,-14096,-4152,6596,-761,78,-127,0
1906.1803300380707,9040,5944,11496,-80,-48,83,8232,-9532,9368,-73,66,-204,-14004,4616,4948,-949,170,-86,-14084,-3860,6520,-532,51,-108,0
1906.2156541347504,9084,6140,11440,-95,-59,101,8440,-9636,9272,-12,79,-209,-14032,4700,5008,-952,216,-93,-14088,-4212,6408,-562,49,-120,0
1906.250993013382,9032,5980,11668,-72,-48,119,8432,-9672,9372,-7,109,-152,-14084,4708,4888,-917,220,-65,-14216,-4196,6312,-573,45,-118,0
1906.2862470149994,9032,5992,11344,-71,-15,123,8340,-9544,9692,-33,72,-177,-13952,4364,4984,-945,220,-92,-14176,-4252,6496,-554,80,-125,0
1906.3223271369934,8996,5984,11496,-91,-16,130,8412,-9564,9280,-60,84,-186,-14048,4636,4908,-969,195,-76,-14220,-4232,6456,-546,99,-121,0
1906.3580660820007,8964,6120,11352,-99,-37,132,8400,-9664,9496,-54,85,-190,-13840,4576,4896,-981,194,-66,-14160,-4280,6428,-476,105,-91,0
1906.393418073654,9088,5992,11248,-110,-20,106,8360,-9644,9248,-26,110,-136,-14320,4692,4828,-996,223,-80,-14184,-4140,6184,-455,17,-105,0
1906.4294819831848,8980,5688,11380,-133,-255,124,8456,-9644,9664,36,88,-165,-14108,4696,4820,-1091,173,-44,-14200,-4204,6536,-462,86,-153,0
1906.464916944504,9024,5932,11396,-175,-46,144,8336,-9600,9328,30,117,-138,-13964,4636,4792,-1051,141,-78,-14148,-4292,6588,-470,74,-133,0
1906.5005769729614,9004,5976,11416,-192,-31,113,8456,-9680,9484,-36,133,-166,-14052,4752,4884,-1068,170,-63,-13852,-4280,6428,-419,123,-120,0
1906.5371930599213,9092,5904,11376,-218,-17,118,8208,-9484,9440,87,118,-199,-13900,4768,4888,-1096,179,-39,-13840,-4228,6528,-458,120,-134,0
1906.5720710754395,9212,5972,11364,-175,-36,111,8460,-9588,9540,50,120,-185,-13992,4828,5016,-803,148,-59,-14148,-4240,6488,-452,107,-112,0
1906.6090109348295,8948,6028,11472,-195,-20,106,8324,-9592,9432,34,115,-133,-13848,4676,4712,-1048,198,-79,-14204,-4172,6732,-463,98,-97,0
1906.6423289775848,8900,5944,11496,-251,-46,122,8400,-9688,9548,16,109,-172,-14036,4656,4972,-1039,168,-98,-13876,-4156,6400,-468,139,-81,0
1906.6758091449735,8992,6076,11600,-260,-93,163,8432,-9660,9492,8,108,-209,-14088,4640,4864,-1058,182,-172,-14148,-4236,6416,-487,158,-60,0
1906.7093341350555,9052,5944,11504,-196,-126,144,8448,-9604,9272,47,86,-225,-13904,4664,4736,-1077,196,-144,-14064,-4300,6404,-519,168,-32,0
1906.7429120540617,8916,5916,11408,-233,-109,168,8304,-9620,9500,31,96,-219,-13944,4628,4632,-1015,212,-109,-14112,-4136,6556,-490,182,-80,0
1906.776432991028,8948,5944,11404,-250,-109,169,8412,-9428,9236,120,112,-202,-13848,4680,4484,-912,308,-110,-14176,-4192,6628,-614,79,-108,0
1906.8099911212923,9016,5976,11352,-205,-23,199,8424,-9600,9552,-80,252,-186,-14008,4676,5012,-833,405,-165,-14112,-4316,6444,-543,-15,-98,0
1906.8435101509094,8948,5992,11424,-96,-35,245,8344,-9580,9604,-21,-96,-193,-14076,4708,4780,-791,345,-136,-14068,-4252,6444,-657,25,-92,0
1906.877004146576,8744,5972,11264,-276,-135,244,8364,-9524,9708,-57,-103,-223,-14100,4600,4700,-783,294,-62,-14152,-4208,6408,-822,44,-85,0
1906.910305976868,9084,6088,11300,-99,-277,192,8548,-9568,9288,-310,-41,-289,-14104,4404,4732,-855,265,-128,-14132,-4148,6848,-589,-45,-37,0
1906.9440040588377,9004,5836,11288,3,-124,208,8476,-9624,9576,-209,-202,-303,-13888,4752,4640,-991,309,-119,-14292,-4260,6456,-556,-45,-72,0
1906.9774761199951,9232,5928,11280,-193,254,212,8560,-9668,9252,-214,-99,-216,-14244,4824,4688,-1139,138,-92,-14200,-4224,6552,-598,-86,-96,0
1907.0108859539032,9076,5856,11104,-190,51,196,8620,-9492,9696,-173,-128,-152,-13984,4620,4624,-1173,149,-47,-14032,-4220,6624,-517,-355,-32,0
1907.0444090366364,9048,5684,11476,-231,68,234,8472,-9640,9164,-53,-132,-193,-14064,4624,4860,-1259,99,-76,-14176,-4280,6720,-384,207,-49,0
1907.0779581069949,9204,5640,11268,-222,-104,213,8600,-9704,9368,-30,30,-187,-14044,4644,4724,-1242,71,-72,-14168,-4224,6532,-531,35,-112,0
1907.1162059307096,9016,5808,11380,-142,-111,182,8480,-9656,9404,-119,-253,-186,-14144,4612,4888,-1181,148,-88,-14072,-4276,6420,-594,26,-84,0
1907.1502261161804,8948,5932,11376,-224,-83,160,8208,-9592,9200,-5,78,-184,-13904,4580,4744,-1067,91,-113,-14100,-4184,6452,-574,216,-69,0
1907.1836650371552,9020,5868,11404,-198,-125,175,8232,-9672,9224,-55,89,-214,-14124,4592,4700,-1003,57,-96,-14140,-4188,6588,-535,325,-101,0
1907.2172410488129,9060,5876,11512,-298,-267,163,8544,-9680,9428,-3,67,-269,-13868,4600,4644,-993,93,-154,-14196,-4244,6504,-476,299,-81,0
1907.2507851123812,8992,5832,11284,-228,-172,145,8480,-9664,9436,-17,276,-198,-14144,4592,4808,-1012,42,-132,-14092,-4320,6468,-507,298,-154,0
1907.2841761112213,9104,5844,11336,-203,-193,98,8600,-9660,9400,-20,124,-246,-14036,4684,4688,-977,116,-178,-14096,-4140,6496,-413,254,-81,0
1907.3177430629732,9128,5844,11444,-205,-156,149,8612,-9616,9444,24,212,-196,-14132,4632,4760,-1280,85,-85,-14216,-4152,6644,-544,202,-121,0
1907.3513231277468,9088,5784,11368,-121,-98,141,8532,-9532,9264,-11,107,-178,-13976,4544,4652,-994,66,-65,-14076,-4200,6644,-497,115,-112,0
1907.3846399784088,9092,5816,11516,-121,-90,132,8272,-9488,9296,-62,136,-168,-14016,4632,4700,-776,81,-55,-14120,-4296,6564,-518,163,-105,0
1907.4180049896245,9164,5860,11340,-148,-92,96,8540,-9596,9376,-113,134,-193,-14112,4692,4712,-935,80,-79,-14336,-4160,6568,-525,151,-128,0
1907.4514129161835,9020,5828,11432,-52,-69,127,8552,-9588,9268,-134,149,-170,-13896,4588,4728,-1017,64,-82,-14184,-4284,6228,-477,132,-148,0
1907.484841108322,9192,5760,11340,-100,-66,70,8588,-9620,9272,-61,134,-175,-14032,4540,5108,-1079,43,-57,-14076,-4108,6608,-398,119,-153,0
1907.5183351039889,9076,5820,11444,-41,-62,72,8528,-9636,9376,-38,163,-178,-14024,4792,4788,-1068,-11,-91,-14136,-4180,6560,-440,150,-132,0
1907.5519919395447,9140,5964,11488,-88,-14,49,8644,-9700,9344,-84,136,-166,-14176,4360,4808,-952,10,-41,-14112,-4276,6488,-449,133,-150,0
1907.5855729579923,9344,5876,11328,-84,51,50,8532,-9720,9240,-46,129,-159,-14052,4648,4752,-906,24,-93,-14128,-4156,6596,-464,76,-142,0
1907.6189601421356,9124,5996,11348,-75,22,56,8652,-9560,9404,-8,134,-134,-14064,4532,4720,-1073,-14,-40,-14060,-4200,6668,-379,36,-120,0
1907.6561970710754,9068,5944,11316,-69,77,30,8572,-9636,9328,3,154,-105,-14320,4684,4796,-1098,11,-25,-14148,-4300,6856,-359,-74,-105,0
1907.6918621063232,9024,5912,11400,-128,66,36,8508,-9584,9392,70,184,-113,-14004,4600,4972,-1156,-50,-240,-14048,-4068,6620,-413,16,-116,0
1907.72811794281,9116,5856,11680,-198,102,44,8420,-9624,9440,42,187,-123,-14012,4616,4748,-1114,45,-54,-14108,-4184,6604,-530,73,-116,0
1907.7634501457214,9052,5892,11500,-175,154,49,8232,-9640,9500,28,106,-131,-14036,4644,4660,-1075,69,-11,-14292,-4128,6436,-505,90,-158,0
1907.7993459701536,9056,5876,11468,-185,130,82,8476,-9540,9240,57,102,-121,-13984,4576,4756,-1040,114,-80,-14160,-4344,6584,-455,82,-144,0
1907.8340349197388,8952,5888,11524,-189,128,95,8460,-9632,9292,88,106,-127,-14020,4588,4828,-1066,126,-51,-14132,-4204,6804,-429,74,-127,0
1907.8694341182709,8940,6016,11472,-225,145,81,8220,-9576,9460,52,78,-155,-14012,4624,4808,-1067,139,-34,-14252,-4196,6636,-439,72,-124,0
1907.9050619602203,9116,5976,11412,-195,150,77,8524,-9720,9316,52,122,-121,-14180,4564,4828,-1046,99,-9,-14332,-3896,6480,-483,49,-129,0
1907.9403560161593,9040,5900,11408,-167,104,73,8472,-9684,9392,109,140,-137,-14044,4588,4764,-1110,3,-68,-13916,-4148,6604,-484,71,-154,0
1907.9762370586395,8972,5936,11328,-168,126,51,8480,-9592,9312,86,202,-93,-13960,4520,4792,-1069,54,-13,-14036,-4212,6416,-438,80,-149,0
1908.0122370719907,8852,5888,11572,-175,75,41,8844,-9632,9304,63,216,-117,-13996,4808,4628,-1090,49,-29,-13996,-4244,6556,-442,127,-139,0
1908.0478429794312,8896,5788,11508,-203,106,58,8352,-9544,9300,93,243,-117,-14004,4600,4844,-1042,43,-29,-14044,-4296,6888,-437,99,-142,0
1908.0826990604403,8892,5680,11640,-73,120,64,8344,-9572,9324,52,204,-125,-14048,4716,4768,-1062,-248,-47,-14300,-4348,6452,-398,120,-139,0
1908.1178929805756,8868,5936,11592,-87,43,78,8368,-9608,9444,-30,207,-132,-13964,4600,4960,-938,6,-89,-14132,-4252,6656,-482,146,-139,0
1908.153373003006,8784,6024,11748,-92,36,106,8476,-9668,9352,-51,186,-132,-14048,4632,4844,-952,4,-82,-14064,-4152,6512,-499,161,-145,0
1908.188318014145,8892,5932,11432,-96,254,93,8476,-9612,9372,-57,248,-128,-14140,4796,5004,-902,-32,-28,-14124,-4188,6576,-514,192,-153,0
1908.2242319583893,8912,6056,11428,-77,-29,104,8440,-9668,9364,-31,111,-183,-14000,4844,5008,-903,-60,-63,-14128,-4228,6756,-516,199,-137,0
1908.2597439289093,8868,6024,11296,-92,31,98,8476,-9640,9408,-68,139,-199,-13964,4636,4912,-878,-64,-72,-14080,-4228,6680,-515,211,-143,0
1908.2961950302124,8856,5940,11560,-107,11,87,8692,-9604,9672,-55,137,-166,-14052,4672,4916,-836,-96,-85,-14120,-4232,6756,-474,196,-109,0
1908.3297910690308,8796,6032,11556,-127,58,76,8588,-9620,9368,-108,140,-190,-14068,4728,5052,-802,-144,-82,-14076,-4232,6908,-481,220,-179,0
1908.3634030818937,8808,5896,11520,-150,26,67,8584,-9572,9392,-53,174,-175,-13916,4592,4916,-822,-166,-69,-14036,-4252,6556,-436,223,-113,0
1908.3967311382294,8876,6020,11428,-159,-5,102,8664,-9616,9236,11,172,-157,-13952,4676,5072,-831,-129,-58,-14068,-4212,6584,-452,216,-128,0
1908.430239915848,8796,6004,11484,-178,13,88,8540,-9608,9456,-96,195,-189,-14180,4368,4800,-816,-88,-60,-14112,-4292,6560,-436,210,-127,0
1908.4638609886172,8756,5868,11516,-201,-56,97,8508,-9712,9316,-24,202,-185,-14020,4780,4904,-814,-118,-100,-14004,-4260,6892,-440,501,-98,0
1908.4974360466003,8720,5944,11700,-244,-122,155,8540,-9604,9484,-23,207,-182,-13980,4740,4956,-773,-72,-71,-14100,-4144,6700,-511,269,-85,0
1908.5320551395412,8880,5916,11580,-220,-136,158,8408,-9672,9592,-49,142,-175,-13900,4772,4924,-743,-68,-110,-13840,-4192,6684,-761,315,-87,0
1908.5665290355685,8736,5968,11536,-215,-155,183,8612,-9552,9384,-84,161,-216,-13876,4684,4904,-752,-53,-100,-14124,-4160,6600,-566,310,-84,0
1908.6001670360563,8792,6032,11432,-210,-146,171,8556,-9500,9272,-77,145,-187,-13916,4660,4880,-824,-34,-139,-14016,-4236,6580,-499,339,-84,0
1908.6334481239319,8732,5988,11352,-294,-115,196,8408,-9652,9376,-65,146,-196,-13868,4684,4960,-810,-32,-131,-14088,-4236,6544,-259,391,-79,0
1908.666881084442,8844,5888,11528,-345,-144,187,8468,-9572,9220,-87,188,-229,-13924,4704,4912,-880,-42,-154,-14208,-4256,6704,-523,393,-84,0
1908.7004461288452,8784,5676,11540,-356,-149,186,8492,-9608,9404,-35,159,-210,-13996,4676,5104,-908,-6,-133,-14132,-4172,6556,-535,396,-105,0
1908.733819007873,8952,5900,11752,-378,-214,193,8484,-9656,9276,24,140,-224,-13996,4720,5116,-942,-8,-214,-14088,-4184,6504,-571,474,-98,0
1908.7673299312592,8756,6132,11528,-383,-147,232,8412,-9576,9300,16,150,-232,-13936,4648,4872,-977,33,-207,-14192,-4224,6624,-525,439,-83,0
1908.8007791042328,8916,5900,11668,-326,-212,187,8536,-9616,9268,-16,156,-240,-14036,4744,4896,-988,122,-211,-14152,-4156,6164,-533,437,-95,0
1908.8343701362612,9032,5948,11520,-353,-297,198,8496,-9616,9328,45,180,-264,-14032,4756,4924,-1272,130,-173,-14216,-4076,6504,-602,399,-107,0
1908.8676159381869,8992,5784,11596,-305,-206,171,8652,-9584,9352,25,178,-188,-13992,4744,4996,-1049,69,-157,-14204,-4244,6444,-646,342,-165,0
1908.9009499549868,8980,5932,11448,-250,-202,143,8472,-9492,9328,45,201,-174,-13876,4624,5000,-1011,150,-151,-14184,-4324,6352,-597,216,-106,0
1908.9344210624695,8928,5908,11772,-300,-196,159,8520,-9560,9652,-6,99,-216,-14036,4656,5132,-1063,203,-161,-14208,-4248,6632,-543,258,-107,0
1908.9682819843292,8956,5700,11592,-257,-502,155,8432,-9604,9560,13,103,-240,-14076,4580,4980,-1138,215,-115,-14232,-4136,6544,-625,288,-107,0
1909.0016529560087,8968,5740,11584,-180,-288,163,8464,-9580,9360,34,126,-229,-13936,4612,4908,-1142,260,-129,-14336,-4200,6624,-638,269,-125,0
1909.035269021988,8884,5708,11424,-203,-309,156,8472,-9492,9700,10,149,-208,-13908,4584,4800,-1166,1,-174,-14204,-4196,6388,-620,205,-139,0
1909.068680047989,8900,6096,11708,-156,-279,154,8528,-9504,9416,5,124,-214,-13928,4664,5100,-1187,257,-152,-14216,-4288,6600,-582,169,-98,0
1909.1021101474764,8960,5816,11272,-152,-250,135,8472,-9512,9456,8,44,-255,-13936,4364,4960,-1185,9,-143,-14192,-4220,6428,-563,128,-133,0
1909.1355719566343,9044,5824,11460,-190,-222,119,8568,-9576,9680,11,149,-172,-13984,4716,4908,-1131,235,-86,-14200,-4236,6424,-581,79,-157,0
1909.1693229675293,9040,5856,11548,-188,-186,149,8520,-9600,9588,-23,107,-165,-13972,4656,4912,-1105,169,-86,-14132,-4280,6416,-538,119,-155,0
1909.2028949260712,8936,5820,11352,-203,-146,124,8576,-9572,9224,-74,89,-174,-13924,4516,5016,-1052,118,-107,-14092,-4320,6512,-763,54,-182,0
1909.2364931106567,8900,5836,11464,-199,-72,95,8560,-9564,9468,-52,99,-171,-13940,4644,5004,-1060,189,-124,-14196,-4188,6556,-495,89,-169,0
1909.2700331211092,9196,5852,11500,-201,-66,137,8676,-9524,9484,-17,86,-179,-13956,4500,5016,-1160,195,-107,-14232,-4284,6520,-474,124,-158,0
1909.3036150932312,9096,6044,11544,-201,-48,96,8540,-9600,9440,-24,107,-180,-14004,4368,4988,-1133,163,-95,-14244,-4292,6468,-513,143,-174,0
1909.3408949375153,9008,5832,11376,-212,-63,114,8460,-9552,9408,-38,116,-160,-13972,4548,5004,-1162,195,-89,-14108,-4312,6184,-609,103,-198,0
1909.3762469291687,9008,5792,11564,-146,-25,103,8664,-9556,9460,-45,110,-174,-14032,4448,4940,-1138,198,-89,-14148,-4320,6412,-613,63,-198,0
1909.4122569561005,8920,5844,11536,-193,-3,119,8524,-9548,9508,-66,101,-141,-14020,4592,5036,-1136,280,-40,-14124,-4320,6484,-586,-15,-141,0
1909.4481699466703,8992,5780,11584,-235,-33,144,8476,-9672,9504,-60,63,-137,-14016,4576,5032,-1173,311,-29,-14184,-4292,6464,-607,-70,-178,0
1909.4837250709534,8964,5748,11560,-222,-29,133,8544,-9488,9376,-39,75,-131,-14328,4564,5100,-1170,283,-56,-14184,-4312,6368,-601,-76,-186,0
1909.519683122635,9056,5720,11380,-196,16,131,8264,-9568,9240,-71,59,-113,-14092,4568,4616,-1224,310,-23,-14116,-4296,6484,-583,-83,-174,0
1909.554978132248,8980,5720,11548,-244,-50,125,8496,-9516,9648,-4,20,-146,-14232,4592,4648,-1254,415,-61,-14160,-4140,6544,-614,-37,-154,0
1909.5908751487732,8868,5772,11288,-291,1,132,8528,-9604,9356,-20,-29,-161,-14080,4608,4880,-1236,411,-26,-14104,-4268,6620,-621,-24,-165,0
1909.6261160373688,9120,5724,11532,-211,-22,128,8632,-9552,9320,-27,27,-101,-14000,4620,4716,-1270,360,-243,-14208,-4596,6520,-691,-64,-205,0
1909.6617550849915,9004,5824,11324,-220,-21,106,8548,-9648,9572,-97,89,-115,-14120,4628,5072,-1214,243,244,-14336,-4564,6560,-661,-34,-186,0
1909.6977000236511,9180,5864,11640,-235,-27,105,8396,-9600,9284,-105,112,-111,-14048,4612,4632,-1244,280,-2,-13968,-4260,6464,-677,-256,-161,0
1909.7326600551603,9028,5732,11640,-173,-28,113,8600,-9600,9252,-97,112,-142,-14012,4812,5096,-1290,257,-59,-14108,-4276,6396,-708,1,-153,0
1909.7682280540469,8952,5736,11584,-143,-6,124,8432,-9508,9492,-104,83,-139,-14084,4532,5024,-1260,247,-15,-14116,-4352,6508,-703,-46,-156,0
1909.80370092392,8876,5772,11672,-183,-27,86,8480,-9600,9236,-63,116,-131,-14068,4544,4956,-1231,276,-24,-14136,-4452,6572,-709,56,-141,0
1909.8387739658356,9032,5800,11724,-236,-36,125,8524,-9664,9412,-69,162,-148,-14060,4840,5020,-1196,285,-19,-14160,-4192,6408,-660,-253,-152,0
1909.8744299411774,8708,5648,11608,-204,-71,101,8504,-9612,9364,-47,135,-159,-14200,4600,4752,-1226,238,-30,-14088,-4124,6580,-671,-15,-181,0
1909.9103310108185,8864,5732,11552,-175,-64,131,8240,-9604,9256,-32,141,-136,-14044,4592,4856,-1120,304,-10,-13664,-4112,6436,-631,33,-111,0
1909.9455311298373,8948,5856,11620,-150,-31,131,8232,-9580,9440,-35,150,-134,-14300,4456,4896,-1146,228,-1,-14068,-4572,6440,-567,19,-130,0
1909.9816040992737,8904,5800,11640,-187,-86,95,8680,-9648,9312,-70,161,-172,-14284,4476,4636,-1073,210,-45,-14060,-4396,6640,-577,66,-142,0
1910.0153789520264,8948,5772,11336,-199,-45,109,8556,-9692,9392,-56,150,-147,-13864,4368,4696,-1062,182,-90,-14176,-4452,6632,-604,87,-139,0
1910.0486741065977,8724,5756,11704,-159,-73,115,8528,-9680,9420,-44,202,-171,-14084,4568,4744,-1049,204,-62,-14248,-4400,6408,-599,61,-157,0
1910.0819499492643,8928,5808,11612,-176,-60,104,8208,-9564,9292,-48,160,-180,-14040,4508,4772,-1089,207,-85,-14056,-4596,6620,-649,85,-108,0
1910.1154949665067,8720,5688,11600,-173,-82,124,8572,-9592,9364,-54,164,-166,-14024,4480,4844,-1003,238,-107,-14064,-4608,6600,-598,91,-124,0
1910.1487059593203,8932,5720,11696,-165,-121,121,8608,-9652,9084,-50,184,-192,-14048,4592,4728,-1008,209,-100,-14192,-4484,6476,-571,92,-125,0
1910.1820881366732,8992,5756,11596,-123,-115,125,8424,-9660,9412,-94,184,-181,-14088,4624,4836,-949,164,-68,-14108,-4608,6520,-613,67,-128,0
1910.2157571315763,8936,5724,11732,-171,-110,100,8524,-9732,9336,-47,163,-184,-13868,4516,4752,-954,161,-37,-14056,-4456,6528,-563,65,-133,0
1910.2492730617523,8904,5772,11304,-177,-104,141,8696,-9652,9220,-15,193,-159,-13968,4468,4916,-935,156,-46,-14036,-4568,6580,-550,67,-111,0
1910.2826700210571,8928,5828,11444,-162,-117,126,8208,-9588,9584,-24,237,-175,-14084,4472,4704,-916,121,-76,-14076,-4452,6644,-564,86,-105,0
1910.3162150382996,8968,5744,11400,-203,-250,121,8532,-9664,9632,0,237,-220,-13928,4512,4852,-962,226,-128,-14016,-4408,6648,-549,109,-84,0
1910.3499679565427,8712,5688,11356,-176,-155,146,8524,-9744,9384,11,201,-206,-14152,4552,4664,-894,176,-71,-14104,-4496,6620,-600,65,-69,0
1910.3830111026764,8892,5848,11280,-153,-153,128,8192,-9580,9692,-54,177,-204,-14332,4520,4972,-879,174,-60,-14112,-4528,6616,-612,251,-85,0
1910.4167239665983,8920,5768,11560,-169,-121,143,8468,-9596,9256,-115,185,-175,-14036,4780,4752,-842,155,-54,-13968,-4476,6524,-597,248,-81,0
1910.4502840042114,8932,5748,11764,-189,-128,152,8376,-9772,9364,-140,117,-188,-14088,4448,4616,-810,183,-112,-13972,-4460,6768,-633,11,-67,0
1910.4837460517883,8736,5716,11588,-159,-70,154,8404,-9720,9364,-208,108,-159,-14064,4572,4676,-807,277,-116,-13956,-4504,6608,-722,-14,-75,0
1910.5175240039828,9084,5816,11596,-144,-112,145,8540,-9656,9492,-282,64,-167,-13984,4692,4820,-564,222,-121,-14328,-4468,6820,-783,0,-106,0
1910.5508749485011,9032,5644,11580,-80,-101,144,8380,-9508,9252,-292,21,-169,-14216,4548,4588,-633,245,-111,-14320,-4508,6524,-746,103,-100,0
1910.5843520164492,8944,5736,11548,-113,-151,188,8552,-9616,9472,-243,15,-192,-14296,4512,4660,-543,179,-133,-14128,-4440,6832,-751,87,-84,0
1910.617908000946,8984,5732,11480,-111,-111,159,8492,-9732,9428,-302,53,-183,-14072,4596,4512,-805,240,-122,-14064,-4604,6628,-786,58,-114,0
1910.6511230468748,9160,5812,11628,-105,-114,166,8448,-9644,9380,-185,282,-187,-14000,4576,4660,-755,143,-84,-13940,-4368,6628,-692,139,-71,0
1910.684422016144,9144,5880,11516,-180,-137,175,8588,-9664,9292,-211,89,-172,-14120,4492,4832,-737,77,-89,-14052,-4572,6616,-665,237,-83,0
1910.7179579734805,8932,5800,11488,-165,-189,143,8556,-9632,9480,-2,82,-210,-14280,4528,4836,-834,175,-112,-14064,-4488,6652,-554,220,-78,0
1910.7515609264374,9064,5656,11692,-148,-215,132,8652,-9836,9040,-190,144,-225,-14196,4492,4512,-932,202,-178,-13856,-4476,6656,-669,220,-94,0
1910.7848479747772,9044,5676,11400,-135,-159,134,8488,-9788,9312,-150,85,-199,-14108,4624,4636,-786,197,-113,-14036,-4444,6624,-585,267,-83,0
1910.8182730674744,9064,5724,11548,-136,-165,162,8560,-9508,9296,-111,75,-193,-14208,4408,4736,-932,159,-112,-13864,-4504,6604,-591,299,-77,0
1910.8517999649048,8992,5800,11340,-152,-152,166,8508,-9788,9344,-86,87,-218,-14156,4860,4776,-938,243,-81,-14052,-4432,6460,-584,246,-74,0
1910.8850679397583,8992,5680,11384,-131,-154,137,8436,-9764,9380,-74,98,-198,-14104,4584,4524,-980,182,-143,-13876,-4596,6460,-603,287,-72,0
1910.9186680316923,9012,5816,11376,-191,-153,168,8496,-9760,9324,-55,144,-201,-14116,4696,4628,-989,205,-128,-13876,-4492,6476,-567,280,-105,0
1910.9522900581364,9192,5716,11276,-136,-162,167,8580,-9712,9364,-132,108,-220,-14164,4584,4428,-1045,276,-93,-14244,-4444,6572,-578,226,-107,0
1910.985316038132,9100,5636,11456,-140,-154,136,8528,-9780,9364,-137,127,-210,-14168,4644,4484,-976,196,-84,-14064,-4496,6652,-600,185,-143,0
1911.0232949256897,9028,5732,11400,-148,-90,137,8220,-9700,9376,-179,131,-147,-14144,4516,4336,-931,208,-75,-14112,-4452,6436,-582,196,-155,0
1911.059154033661,9192,5676,11480,-104,-4,78,8616,-9704,9276,-141,135,-149,-14184,4620,4516,-1031,119,-45,-14092,-4488,6484,-554,216,-153,0
1911.0944099426267,9000,5620,11376,-144,-14,82,8524,-9568,9456,-199,116,-174,-14176,4700,4528,-1005,125,-38,-14048,-4472,6492,-560,246,-189,0
1911.1300959587095,9096,5692,11712,-85,32,68,8540,-9640,9188,-188,127,-136,-14204,4464,4352,-1006,147,-26,-14096,-4624,6476,-542,211,-163,0
1911.1648919582367,9140,5776,11508,-146,29,51,8560,-9768,9360,-188,135,-122,-14216,4600,4640,-962,135,-10,-14116,-4796,6616,-520,168,-166,0
1911.2001769542694,9044,5796,11764,-129,-30,79,8516,-9788,9192,-176,155,-174,-14124,4620,4500,-987,85,-56,-14000,-4668,6392,-562,247,-169,0
1911.235929965973,9028,5696,11368,-69,-12,48,8480,-9716,9384,-250,145,-169,-14148,4640,4596,-921,74,-38,-14092,-4608,6496,-623,238,-205,0
1911.2713661193848,8928,5788,11488,-87,-38,34,8472,-9808,9464,-256,114,-185,-13992,4592,4404,-919,149,-37,-14004,-4832,6624,-578,216,-177,0
1911.307636022568,9020,5708,11564,-74,13,38,8540,-9880,9280,-298,72,-192,-14172,4644,4528,-908,114,-29,-14096,-4776,6616,-617,238,-186,0
1911.3427970409393,9040,5800,11536,-83,-39,29,8576,-9836,9060,-236,135,-188,-14188,4612,4816,-884,99,-86,-14144,-4812,6524,-541,209,-197,0
1911.378607988357,8968,5748,11664,-77,-19,51,8564,-9860,9144,-286,110,-149,-14172,4644,4536,-900,66,-33,-14080,-4784,6416,-537,206,-184,3
1911.4138519763949,9032,5752,11700,-65,-7,56,8624,-9896,9052,-298,127,-125,-14060,4604,4484,-916,85,-52,-13972,-4528,6504,-536,163,-159,3
1911.4497420787811,8976,5676,11436,-7,-39,81,8692,-9884,9120,-3,109,-155,-14208,4720,4560,-943,74,-51,-14212,-4828,6332,-504,200,-194,3
1911.4850959777832,9064,5788,11420,-43,-104,36,8560,-9832,9272,-242,114,-156,-14100,4456,4424,-1015,40,-62,-14028,-4528,6364,-463,211,-190,3
1911.5204911231995,9012,5812,11512,-36,-40,40,8516,-9996,9220,-246,97,-183,-14192,4656,4536,-968,59,-62,-13852,-4564,6520,-476,159,-192,3
1911.5555000305171,8800,5648,11344,-7,-23,40,8500,-9864,9160,-219,112,-160,-14216,4700,4484,-1009,76,-87,-13924,-4424,6456,-481,172,-184,3
1911.591208934784,9044,5768,11480,38,-83,66,8520,-9740,8768,-138,75,-167,-14144,4768,4460,-1053,31,-82,-14248,-4372,6256,-504,206,-191,3
1911.6272311210632,9060,5844,11716,47,-123,77,8416,-10088,8972,-178,139,-147,-14088,4708,4516,-1021,43,-147,-14024,-4828,6444,-498,222,-133,3
1911.6626369953156,9028,5632,11728,91,-54,84,8300,-9872,9140,-179,102,-145,-13908,4732,4756,-1021,51,-81,-14332,-4848,6180,-393,130,-94,3
1911.6962339878085,8928,5856,11464,48,-66,109,8392,-9948,9136,-127,73,-120,-14096,4696,4588,-1088,57,-84,-13880,-4616,6536,-470,153,-157,0
1911.7299940586092,9056,5844,11576,0,-53,101,8560,-9916,9060,-60,96,-133,-14068,4520,4512,-1126,52,-71,-14048,-4592,6464,-274,108,-174,0
1911.7635679244995,8916,5880,11396,50,-37,88,8620,-9928,9100,-153,134,-123,-14312,4640,4356,-1079,60,-80,-14288,-4700,6604,-469,68,-143,0
1911.7971110343933,8932,5900,11532,1,-54,60,8484,-9968,8964,-69,135,-141,-14304,4676,4604,-1048,136,-152,-14124,-4716,6584,-478,88,-152,0
1911.8307321071625,8920,6128,11444,-76,-68,105,8456,-9952,9076,-100,123,-146,-13836,4612,4356,-1067,95,-114,-14020,-4648,6404,-435,113,-129,0
1911.8643670082092,9152,5948,11352,5,-122,102,8520,-9960,9180,-34,132,-155,-14036,4656,4716,-1057,41,-45,-14080,-4640,6156,-431,107,-141,0
1911.8976759910583,8932,6136,11616,-30,-85,81,8512,-9976,9144,-89,115,-152,-14172,4844,4616,-1025,49,-81,-14028,-4728,6152,-435,71,-130,0
1911.9313161373136,8932,6000,11388,-77,-45,91,8232,-9972,9184,-33,122,-162,-14084,4836,4432,-1108,88,-108,-14076,-4692,6472,-378,62,-100,0
1911.9647810459137,9116,5820,11388,-95,-51,116,8480,-9916,9100,6,91,-142,-14164,4708,4496,-1061,82,-83,-14208,-4656,6464,-424,85,-94,0
1911.9982810020447,8992,5884,11544,-124,-23,125,8500,-9976,9172,42,122,-178,-14172,4660,4820,-1116,103,-61,-13984,-4684,6480,-403,119,-84,0
1912.0318200588229,8868,6000,11376,-94,-41,119,8496,-9896,9252,22,132,-192,-14188,4644,4684,-1073,137,-100,-14112,-4696,6500,-440,135,-93,0
1912.0653810501096,8936,5980,11444,-98,-66,111,8600,-9756,8716,93,62,-214,-14272,4648,4612,-1081,160,-120,-14012,-4696,6576,-380,100,-64,0
1912.0988969802856,9032,5964,11340,-147,-35,127,8540,-10028,9016,55,93,-220,-14180,4672,4560,-1043,154,-135,-13848,-4844,6380,-404,118,-55,0
1912.1367211341856,9004,5940,11480,-205,-139,151,8516,-9920,9120,148,145,-229,-14200,4636,4600,-1059,202,-128,-13960,-4676,6492,-363,119,-24,0
1912.170602083206,8976,6032,11396,-275,-160,160,8236,-10144,9088,93,143,-236,-14208,4676,4512,-1010,140,-121,-14044,-4688,6552,-420,158,-47,0
1912.2041339874268,8948,5988,11448,-220,-183,130,8540,-10036,9276,84,173,-263,-14136,4656,4600,-1064,176,-156,-14068,-4536,6476,-410,80,-33,0
1912.2374739646912,8908,5928,11488,-247,-170,143,8592,-9976,9020,88,160,-234,-14244,4672,4468,-1120,67,-140,-14028,-4436,6492,-404,141,-6,0
1912.2711150646212,9000,5852,11360,-4,-164,158,8500,-9832,9144,125,136,-209,-13832,4644,4592,-1045,171,-157,-13844,-4460,6540,-362,181,-32,0
1912.3044590950012,8924,5840,11432,-277,-173,169,8592,-9964,9072,169,152,-220,-14152,4544,4756,-1098,131,-126,-14020,-4556,6452,-347,176,-23,0
1912.3380730152132,9092,5824,11476,-306,-186,179,8612,-9868,9244,178,177,-241,-14132,4532,4472,-1138,134,-158,-14080,-4456,6536,-339,150,-39,0
1912.3716299533844,8992,5856,11596,-306,-190,172,8540,-9924,9036,234,192,-232,-14116,4588,4624,-1160,82,-205,-14024,-4752,6548,-372,162,-12,0
1912.4048430919647,9100,5848,11476,-245,-215,170,8544,-9896,9172,114,180,-239,-14268,4780,4492,-1106,114,-159,-14136,-4576,6420,-355,164,-33,0
1912.438097000122,9020,5952,11452,-271,-205,166,8524,-9796,9196,136,185,-207,-14248,4544,4592,-1066,138,-125,-14192,-4852,6528,-360,84,-41,0
1912.4717810153963,9144,5900,11508,-247,-181,152,8544,-9928,9044,92,206,-195,-14244,4560,4404,-1088,98,-103,-14148,-4552,6512,-344,85,-73,0
1912.5054409503937,8996,5852,11248,-267,-174,120,8608,-9868,9140,112,184,-181,-14184,4488,4544,-1141,77,-133,-14240,-4480,6512,-359,136,-58,0
1912.5389311313627,9032,5868,11412,-245,-178,139,8524,-9868,9140,181,149,-187,-14332,4384,4368,-1121,71,-125,-14140,-4472,6516,-419,123,-56,0
1912.5721881389616,8912,5868,11452,-246,-147,127,8600,-9964,9256,110,200,-232,-14168,4576,4600,-1136,101,-110,-13832,-4528,6624,-346,204,-47,0
1912.6056540012364,9092,5896,11516,-289,-198,152,8576,-9844,9220,124,155,-235,-14136,4588,4584,-1042,104,-123,-13988,-4576,6544,-376,213,-55,0
1912.6389701366425,9172,5732,11412,-221,-161,170,8468,-9816,9120,98,118,-220,-14172,4548,4512,-1104,37,-127,-14220,-4372,6544,-354,161,-76,0
1912.6749119758604,9120,5952,11400,-234,-160,152,8516,-9768,9124,97,149,-211,-14232,4536,4548,-1046,76,-112,-14304,-4460,6476,-409,156,-93,0
1912.710376024246,9028,5832,11272,-210,-175,106,8536,-9788,9064,-7,129,-199,-14084,4520,4596,-1038,44,-155,-14196,-4416,6612,-374,218,-74,0
1912.7454750537872,9296,5776,11448,-122,-153,94,8568,-9768,9232,11,142,-215,-14160,4528,4416,-1069,249,-131,-14320,-4568,6620,-430,239,-89,0
1912.7809741497044,9136,5776,11332,-146,-89,107,8564,-9804,8960,49,107,-203,-14072,4496,4576,-1089,-98,-144,-14056,-4456,6392,-465,234,-146,0
1912.816120147705,9196,5828,11356,-62,-38,76,8500,-9684,9156,44,107,-188,-14320,4404,4596,-1088,-143,-93,-14072,-4548,6400,-356,259,-113,0
1912.851792097092,9204,5928,11344,-122,-19,46,8548,-9688,8964,-254,140,-212,-14144,4472,4376,-1077,-62,-117,-14212,-4544,6524,-235,186,-124,0
1912.8878519535065,9072,5940,11316,-139,49,23,8700,-9692,9216,-14,153,-204,-14120,4520,4600,-1048,1,-32,-13828,-4468,6456,-309,138,-132,0
1912.9228389263153,9204,5848,11100,-140,45,36,8536,-9804,9188,71,160,-192,-14024,4608,4496,-976,143,-42,-14072,-4452,6460,-463,147,-118,0
1912.9576239585879,9004,5924,11412,-180,88,54,8456,-9776,9220,-26,119,-161,-14108,4528,4688,-946,105,-67,-14080,-4532,6496,-395,155,-126,0
1912.9937989711764,9412,5896,11460,-136,18,28,8588,-9852,9280,-127,125,-199,-14236,4596,4620,-1028,67,-92,-14200,-4380,6580,-499,137,-158,0
1913.0292911529539,9072,5764,11288,-111,46,65,8544,-9796,8976,-47,113,-133,-14088,4588,4528,-1031,25,-50,-14096,-4472,6572,-505,202,-159,0
1913.064294099808,9096,5908,11328,-43,118,95,8300,-9704,9244,-102,86,-103,-14108,4516,4672,-927,81,-75,-14112,-4480,6556,-493,164,-123,0
1913.1001341342924,9048,5896,11424,25,149,74,8496,-9796,9040,-77,41,-110,-14200,4564,4768,-987,58,-28,-14108,-4416,6600,-469,151,-143,0
1913.1353089809415,8960,5808,11640,-69,95,57,8548,-9864,8964,-68,76,-107,-14332,4556,4748,-971,59,-77,-14324,-4484,6560,-392,151,-150,0
1913.171324968338,8972,5908,11492,-256,101,61,8428,-9748,9252,-127,19,-136,-14184,4472,4704,-958,135,-11,-14104,-4440,6460,-441,158,-137,0
1913.207391023636,8736,5968,11272,76,123,63,8508,-9852,9196,-98,22,-111,-14188,4492,4680,-1006,20,-34,-14200,-4596,6620,-383,234,-151,0
1913.2429950237274,9028,6008,11528,99,104,8,8564,-9776,9020,-90,48,-140,-14124,4484,4668,-930,-51,-86,-14240,-4472,6300,-433,355,-151,0
1913.278255939484,9060,5864,11696,95,56,14,8464,-9784,9004,-85,133,-126,-14128,4464,4688,-906,-115,-47,-14084,-4460,6460,-413,453,-193,0
1913.3148939609528,9076,5920,11340,-31,24,-21,8488,-9756,9072,-8,144,-121,-14200,4536,4816,-898,-76,-127,-14072,-4420,6392,-385,565,-174,0
1913.3481950759888,8704,5916,11576,-43,78,51,8444,-9792,9120,13,57,-177,-13952,4584,4844,-969,-47,-103,-14144,-4448,6508,-423,586,-112,0
1913.3815381526947,8824,5932,11432,-67,67,98,8564,-9800,9192,124,98,-152,-14308,4508,4712,-769,30,-87,-13880,-4568,6424,-438,517,-81,0
1913.4147920608523,9212,5976,11376,-51,121,72,8600,-9792,9252,40,66,-171,-14080,4600,4696,-1038,48,-70,-14188,-4496,6524,-384,496,-120,0
1913.4484629631045,8904,6004,11444,-96,140,91,8612,-9760,9252,135,119,-149,-14032,4500,4728,-980,20,-58,-13852,-4484,6300,-350,461,-99,0
1913.4817810058594,8868,5984,11280,-158,85,123,8572,-9608,9420,104,156,-138,-14144,4476,4712,-986,9,58,-14192,-4508,6276,-389,381,-100,0
1913.5153539180756,8872,6304,11452,-125,95,123,8468,-9988,9232,48,137,-70,-14176,4648,4700,-994,35,-249,-14224,-4356,6256,-423,335,-94,0
1913.5487260818484,8984,5964,11544,-54,58,136,8576,-9836,9108,35,91,-58,-14124,4568,4840,-1004,29,-251,-14216,-4444,6436,-258,283,-129,0
1913.5822660923004,8896,5964,11572,-19,81,166,8524,-9828,8988,-7,82,-57,-13992,4640,4628,-1010,90,-24,-14188,-4468,6280,-545,220,-102,0
1913.6159579753876,8904,5968,11492,-61,49,165,8232,-9740,9100,-63,35,-93,-14108,4360,5116,-970,103,-44,-14184,-4588,6276,-497,300,-83,0
1913.6494669914243,8768,6044,11576,-68,-1,162,8544,-9844,9124,9,56,-123,-14092,4584,4768,-1034,118,-91,-14204,-4472,6280,-257,339,-92,0
1913.6829969882963,8816,6092,11552,-63,10,147,8560,-9764,9196,-4,163,-116,-14116,4540,4916,-992,73,-78,-14136,-4508,6320,-549,312,-126,0
1913.7165191173553,8820,6132,11388,-119,70,81,8528,-9976,9276,17,146,-178,-14084,4496,4848,-1037,74,-87,-14208,-4840,6292,-261,235,-172,0
1913.7499470710754,8796,6124,11448,-87,89,30,8524,-9476,9152,-40,212,-143,-13860,4508,5116,-955,-23,-90,-14204,-4360,6276,-536,189,-190,0
1913.783565044403,8808,6196,11540,-100,70,31,8480,-9824,9336,253,222,-153,-14036,4456,4772,-943,25,-74,-14172,-4592,6336,-576,15,-159,0
1913.8171751499171,8820,6124,11700,-85,63,52,8472,-9740,9408,-48,197,-149,-14060,4620,4728,-906,115,-25,-14324,-4504,6340,-550,222,-111,0
1913.8505220413208,8832,6068,11512,-162,39,56,8628,-9488,9176,-56,107,-167,-14076,4620,4816,-934,129,-4,-14068,-4484,6452,-435,153,-103,0
1913.8838651180267,8852,5964,11496,-134,46,89,8596,-9720,9188,-77,158,-165,-13832,4588,4788,-951,56,-51,-14180,-4556,6292,-440,202,-126,0
1913.9173309803007,8748,6116,11432,-235,-17,67,8584,-9752,9296,-104,212,-171,-14024,4560,4736,-937,74,-90,-14164,-4464,6224,-463,255,-116,0
1913.9511330127716,8776,5980,11456,-217,-71,78,8536,-9784,9316,-45,189,-235,-13844,4444,4852,-916,112,-107,-14136,-4504,6172,-451,247,-94,0
1913.9847869873047,8872,6124,11380,-191,-74,92,8580,-9732,9220,-59,162,-222,-14196,4524,4620,-929,60,-52,-14084,-4512,6368,-481,156,-102,0
1914.018450021744,8756,6260,11620,-508,-111,83,8552,-9832,9116,-19,213,-159,-14020,4636,4764,-985,36,-64,-14192,-4452,6256,-470,167,-103,0
1914.052097082138,8796,6092,11648,-225,-122,133,8464,-9828,9320,30,187,-181,-14008,4352,5064,-952,111,-157,-14236,-4460,6200,-452,190,-78,0
1914.085576057434,8848,6100,11512,-155,-151,131,8696,-9832,9460,-21,160,-212,-13864,4360,4700,-964,101,-186,-14284,-4400,6212,-257,304,-96,0
1914.1192619800568,9344,6088,11772,-197,-89,137,8500,-9808,9024,7,124,-196,-14104,4600,4760,-981,114,-93,-14244,-4304,6388,-477,233,-32,0
1914.1526701450348,8752,6044,11576,-199,-66,169,8444,-9928,9064,45,160,-121,-13964,4548,4844,-1063,134,-82,-14336,-4480,6236,-438,155,-71,0
1914.1860070228577,8640,6008,11748,-228,-256,118,8432,-9828,9164,36,194,-124,-14036,4592,4588,-999,96,-96,-14176,-4424,6196,-476,116,-105,0
1914.2200150489807,8676,6020,11676,-275,-69,81,8684,-9872,9284,254,211,-222,-13992,4612,4872,-950,154,-193,-14108,-4512,6148,-450,235,-86,0
1914.253627061844,8892,5912,11640,-279,-109,109,8424,-9804,9292,23,150,-305,-14060,4552,4756,-912,205,-285,-14136,-4400,6036,-398,289,-74,0
1914.287325143814,8772,5976,11564,-512,-283,132,8492,-9984,8964,11,178,-299,-14032,4552,4664,-970,218,-265,-14244,-4348,6232,-470,361,-83,0
1914.3207581043243,8880,6008,11492,-178,-276,149,8520,-9848,9220,-41,52,-345,-14156,4532,4728,-954,241,-216,-14244,-4424,6284,-453,319,-67,0
1914.3573009967804,8820,5948,11508,-228,-282,93,8644,-9832,9212,16,58,-370,-14128,4552,4744,-991,260,-319,-14168,-4488,5952,-412,352,-67,0
1914.3923311233523,8868,5980,11500,-245,-249,79,8608,-9948,8964,9,132,-368,-14192,4592,4992,-1006,188,-263,-14284,-4424,6156,-385,313,-151,0
1914.4280581474304,8912,5996,11408,-237,-246,55,8540,-9796,9200,67,161,-319,-13932,4552,4840,-1089,83,-274,-14236,-4532,6196,-432,203,-187,0
1914.4635009765625,8844,6012,11480,-181,-216,-21,8480,-9756,9208,96,302,-316,-14084,4404,4896,-795,29,-312,-14220,-4576,6152,-440,279,-214,0
1914.4998259544373,8820,6012,11424,-203,-259,-8,8460,-9696,9276,42,314,-326,-13840,4508,4732,-1009,44,-199,-14564,-4424,5928,-472,271,-154,0
1914.5347709655764,8732,6156,11556,-234,-201,37,8516,-9680,9368,-18,268,-261,-14020,4512,4660,-927,104,-147,-14280,-4500,5964,-482,178,-104,0
1914.5703270435333,8928,6044,11640,-223,-167,124,8524,-9744,9204,8,130,-232,-14176,4520,4824,-965,225,-119,-14172,-4316,5980,-459,219,-50,0
1914.6055800914764,9004,5892,11524,-177,-207,193,8520,-9936,9144,47,84,-218,-13828,4524,4764,-1017,229,-115,-13912,-4384,6252,-465,161,-40,0
1914.6413271427155,8824,5816,11264,-198,-144,180,8540,-9924,8980,16,97,-156,-14132,4500,4620,-1023,173,-40,-14184,-4456,6084,-424,139,-53,0
1914.6771590709684,8892,5956,11528,-270,27,184,8624,-9656,9468,-6,218,-101,-14148,4472,4788,-987,57,-30,-14308,-4280,6176,-437,53,-106,0
1914.7123310565948,9004,5932,11468,-242,31,102,8556,-9940,9372,7,216,-107,-14260,4404,4692,-1051,29,-41,-14228,-4504,6108,-495,69,-202,0
1914.7482531070707,8936,5988,11744,-182,33,43,8492,-9584,9344,62,503,-99,-14092,4468,4784,-1047,-41,-244,-14264,-4540,6192,-458,251,-171,0
1914.7836689949036,8932,6164,11448,-210,163,44,8480,-9644,9080,-84,244,-54,-14200,4384,5024,-929,12,24,-14500,-4368,6120,-430,-49,-138,0
1914.819162130356,8804,5928,11356,-240,141,18,8424,-9832,9332,-75,269,-42,-14204,4488,4640,-913,22,68,-14176,-4408,6100,-437,-18,-183,0
1914.8542599678044,8908,5948,11340,-200,126,46,8420,-9644,9332,-94,253,-77,-13976,4524,4808,-924,19,37,-14112,-4476,6164,-447,-22,-193,0
1914.8902461528776,8812,5956,11616,-160,200,19,8484,-9720,9364,-116,257,-18,-14336,4508,5084,-878,-32,150,-14256,-4572,6204,-434,-98,-192,0
1914.9254801273348,8756,6052,11648,-274,254,254,8348,-9496,9708,-149,320,-3,-14096,4528,4752,-897,-21,126,-14252,-4548,6244,-374,-164,-202,0
1914.9613709449768,8932,5916,11604,-249,231,-46,8500,-9788,9216,-162,284,-70,-14280,4840,4692,-870,-45,65,-14088,-4504,6068,-437,-67,-250,0
1914.9991240501404,8580,5872,11412,-132,132,-25,8288,-9912,9204,-71,229,-104,-13956,4640,4700,-931,-53,47,-14016,-4172,6236,-565,59,-235,0
1915.032634019852,8784,5756,11464,65,131,71,8372,-9912,9104,45,176,-90,-13928,4708,4516,-1189,-52,-56,-14316,-4320,5892,-723,113,-192,0
1915.066395998001,8944,5844,11748,91,27,134,8548,-9832,9212,170,108,-140,-14032,4408,4536,-1229,74,-154,-14200,-4200,5896,-604,149,-168,0
1915.0996599197388,8768,5992,11636,24,-53,76,8728,-9636,9456,128,70,-297,-14260,4204,4572,-1096,223,-16,-14112,-4528,6184,-377,182,-93,0
1915.1330089569092,8764,6092,11608,-128,-154,31,8860,-9736,9300,-42,89,-398,-14392,4324,4748,-1019,171,-183,-14436,-4580,6088,-239,148,-172,0
1915.166640043259,9080,5992,11444,-274,-127,-55,8772,-9488,9276,-143,335,-274,-14396,4376,4832,-906,-59,-62,-14120,-4612,6044,-259,68,-355,0
1915.200176000595,8952,6004,11496,-275,-60,-204,8488,-9632,9416,-119,538,-190,-14164,4388,5036,-933,-268,-87,-14236,-4644,6252,-301,58,-490,0
1915.2334730625153,8756,6120,11328,-270,73,-344,8632,-9768,9464,-42,632,-223,-14208,4480,4864,-899,-387,-122,-14252,-4696,6204,-328,61,-554,0
1915.2671389579773,8748,6172,11512,-224,123,-428,8356,-9684,9348,33,606,-248,-14068,4824,5000,-925,-359,-68,-14180,-4624,6244,-391,56,-526,0
1915.3004760742188,8472,5912,11632,-166,196,-300,8220,-9944,9296,44,498,-168,-13796,4688,4916,-1022,-252,37,-14012,-4452,6456,-492,25,-419,0
1915.3341579437251,8524,6092,11692,-89,175,-145,8316,-9824,9308,143,407,-97,-13888,4716,4948,-1075,-153,46,-14032,-4480,6508,-510,29,-287,0
1915.3676331043243,8516,6024,11784,22,159,3,8148,-9884,9332,102,287,-45,-13924,5084,4672,-1127,-30,-5,-14112,-4328,6524,-611,-256,-273,0
1915.4010260105133,8576,5952,11704,1,140,84,8280,-9892,9336,184,226,-16,-13944,4628,4828,-1198,-52,-33,-14052,-4548,6420,-652,-4,-272,0
1915.4345071315763,8620,5964,11924,-24,140,130,8200,-9764,9412,151,201,46,-14060,4692,4996,-1206,-48,69,-14248,-4724,6484,-580,-75,-249,0
1915.468097925186,8508,6220,11508,-97,254,89,8440,-9716,9568,33,356,138,-14192,4604,5128,-1076,-230,188,-14420,-4804,6472,-514,-186,-311,0
1915.5016119480133,8792,6360,11624,-297,365,-67,8548,-9808,9584,57,527,162,-14180,4464,5012,-1030,-307,229,-14216,-4696,6348,-507,-226,-365,0
1915.5354540348053,8656,6252,11532,-259,358,-118,8420,-9812,9472,80,539,144,-14176,4528,4980,-1083,-342,220,-14160,-4648,6232,-495,-274,-500,0
1915.5692191123965,8488,6032,11624,-107,394,-160,8260,-9772,9480,126,607,216,-13988,4640,4836,-1063,-473,193,-13968,-4676,6408,-562,-250,-554,0
1915.602473974228,8504,6048,11748,62,397,-200,8000,-9768,9448,138,628,159,-13740,4652,4936,-1085,-444,193,-13960,-4680,6272,-553,-240,-554,0
1915.6358201503754,8128,6040,11656,-13,339,-174,7892,-9796,9400,195,583,71,-13732,4616,4868,-1010,-386,173,-13904,-4696,6460,-491,-164,-489,0
1915.6693511009212,8196,6084,11788,-52,270,-190,7884,-9824,9588,280,571,67,-13692,5020,5132,-1061,-297,43,-13848,-4708,6564,-462,-75,-449,0
1915.702945947647,8016,6052,11760,-55,208,-137,7936,-9684,9692,257,487,-43,-13764,4664,5092,-1193,-230,-73,-13940,-4808,6580,-482,18,-373,0
1915.7366371154783,8348,6184,11840,-72,145,-105,8180,-9664,9592,231,437,-62,-13968,4676,5220,-1181,-202,-45,-14232,-5056,6524,-459,-9,-384,0
1915.7703070640564,8552,6288,11736,-102,135,-99,8384,-9604,9620,194,305,92,-13988,4512,4920,-1233,-129,28,-13968,-4724,6232,-516,16,-376,0
1915.8034000396729,8332,6396,11560,-17,116,-42,7912,-9676,9672,305,392,-13,-13760,4768,5148,-1259,-251,-250,-14064,-4832,6588,-522,62,-341,0
1915.837041139603,7996,6216,11736,33,140,11,7864,-9612,9912,269,318,-41,-13760,4836,5216,-1136,-172,-32,-13912,-4912,6680,-542,39,-296,0
1915.8705041408537,8352,6380,11556,-37,154,13,7952,-9632,9704,203,354,-51,-13880,4464,5280,-1097,-136,-21,-13980,-5060,6492,-387,-30,-276,0
1915.9039189815524,7940,6432,11544,-188,126,-34,7984,-9648,9820,137,433,-55,-14000,4556,5444,-1135,-102,-34,-13952,-5072,6660,-377,-46,-505,0
1915.9375789165497,8144,6152,11788,-171,78,-26,7868,-9676,9800,41,378,-59,-13876,4548,5660,-1085,-189,17,-13864,-4940,6628,-376,-29,-289,0
1915.9711401462555,8288,6364,11672,-182,152,-62,8000,-9620,9960,117,508,15,-13896,4716,5120,-1066,-235,75,-14028,-5052,6596,-424,-63,-322,0
1916.0043849945068,8128,6616,11856,-148,252,-52,7752,-9704,9824,64,444,18,-13784,4596,5344,-1053,-198,16,-13848,-4848,6604,-463,-15,-305,0
1916.0411901474,8064,6284,11988,-54,206,13,8160,-9508,9700,99,438,33,-13796,4844,5576,-1094,-161,25,-13936,-4776,6644,-516,5,-356,0
1916.0772349834444,8120,6324,11920,-67,235,-65,7732,-9832,9712,222,468,-19,-13740,4824,5144,-1045,-220,-42,-13848,-4924,6644,-541,-30,-403,0
1916.1122250556948,8056,6284,11844,-57,242,-91,7688,-9672,9696,174,455,-4,-13620,4740,5180,-1089,-149,-52,-13700,-4984,6736,-585,-15,-392,0
1916.1480820178988,8076,6240,12228,-19,244,-67,7760,-9748,9860,114,375,-23,-13732,4612,5428,-1078,-191,-9,-13788,-4824,6652,-764,23,-368,0
1916.1835319995885,7984,6192,11952,-95,207,-14,7792,-9832,9800,149,435,51,-13824,4848,5332,-1092,-213,-60,-13844,-4688,6436,-539,55,-404,0
1916.2188169956207,8140,6216,11852,-108,205,23,7660,-9808,9892,200,423,255,-13720,4640,5488,-1140,-202,-66,-13796,-4908,6660,-570,64,-378,0
1916.2538919448853,11024,7476,12876,445,43,49,7692,-9708,9712,288,423,52,-13772,5096,5464,-1167,-244,-95,-13852,-4896,6700,-647,99,-395,0
1916.2901771068573,7844,6264,11840,42,231,37,7824,-9748,9780,294,448,35,-13576,4792,5612,-1249,-246,-80,-13856,-4984,6408,-667,59,-436,0
1916.3254020214083,8008,6356,11748,107,261,-256,7440,-9788,10072,358,468,23,-13708,4684,5600,-1279,-275,-121,-13824,-5176,6632,-656,100,-456,0
1916.3610451221468,7892,6484,11816,64,251,-55,7460,-9500,10168,347,541,-23,-13752,4600,5556,-1215,-261,-89,-13612,-5284,6604,-667,103,-511,0
1916.3960731029513,7804,6480,11632,95,288,-102,7508,-9256,10024,269,489,-102,-13780,4484,5396,-1169,-220,-130,-13860,-5224,6532,-672,42,-507,0
1916.4320061206815,7892,6480,11748,24,300,-135,7608,-9532,10216,215,587,-15,-13720,4528,5772,-1150,-333,-37,-13836,-5344,6504,-711,13,-515,0
1916.4674451351163,7896,6560,11676,32,381,-194,7556,-9696,10172,158,539,9,-13728,4544,5920,-1124,-374,45,-13860,-5616,6464,-674,16,-567,0
1916.5034029483795,7868,6544,11548,90,501,-167,7640,-9440,10112,139,538,128,-13736,4732,5828,-1133,-427,90,-13804,-5272,6416,-759,-68,-597,0
1916.5395240783691,7724,6628,11884,197,638,-181,7176,-9576,10176,165,605,210,-13540,4608,5820,-1075,-523,120,-13700,-5324,6500,-790,-114,-676,0
1916.5748541355133,7724,6516,11752,271,720,-246,7324,-9528,10080,227,653,181,-13404,4600,5812,-1049,-477,83,-13724,-5324,6684,-878,-132,-719,0
1916.6104729175568,7596,6552,11844,242,773,-264,7244,-9532,10112,237,567,191,-13448,4620,5720,-1027,-430,82,-13556,-5364,6732,-827,-202,-634,0
1916.6456069946287,7396,6632,11856,236,757,-252,7120,-9516,10116,221,560,188,-13432,4676,6032,-912,-434,41,-13592,-5420,6876,-757,-310,-585,0
1916.6844971179964,7648,6428,12228,201,807,-267,6980,-9620,10044,137,517,207,-13452,4848,6376,-993,-380,77,-13656,-5748,6920,-771,-325,-561,0
1916.7179899215696,7520,6696,11800,145,852,-3,7304,-9760,10456,128,512,197,-13580,4848,5892,-892,-360,182,-13784,-5628,6896,-767,-372,-570,0
1916.7516610622404,7484,6776,12128,84,802,-236,7268,-9500,10040,34,632,279,-13600,4684,5980,-863,-472,142,-13652,-5556,6636,-818,-300,-611,0
1916.7850611209867,7412,6700,11860,200,616,-182,7176,-9528,10056,147,599,229,-13432,4588,6004,-1044,-767,110,-13372,-5444,6676,-756,-388,-683,0
1916.8186230659485,7144,6560,11772,278,534,-9,7020,-9576,10128,261,628,149,-13252,4376,6368,-1106,-588,26,-13164,-5668,6824,-592,-371,-718,0
1916.8519411087036,6904,6688,11880,144,391,-323,6700,-9620,10140,362,638,-19,-13012,4652,6328,-996,-586,-71,-13244,-5788,6724,-341,-243,-626,0
1916.885370016098,6712,6924,11900,8,196,-259,6804,-9556,10536,324,503,-85,-13104,4716,6428,-1109,-561,-128,-13504,-5728,6944,-218,-100,-499,0
1916.9186980724335,7044,6760,12056,-82,89,-150,6992,-9708,10704,298,439,-72,-13484,4876,6304,-1178,-760,-82,-13676,-5756,7004,-323,-141,-507,0
1916.952440023422,7316,6972,12012,54,142,-114,7248,-9732,10340,236,500,16,-13320,4736,6284,-1147,-487,-48,-13664,-5760,7052,-420,-208,-572,0
1916.9862041473389,6976,6660,11928,75,161,-126,7124,-9264,10308,212,574,47,-13528,4640,6236,-1107,-531,252,-13548,-5820,6928,-473,-265,-538,0
1917.0200171470644,7204,6672,12184,54,268,-151,6896,-9428,10356,189,505,38,-13236,4624,6392,-1076,-413,18,-13316,-5892,6888,-414,-305,-549,0
1917.0534760951996,6996,6676,11876,4,285,-220,6836,-9356,10428,160,518,9,-13056,4704,6436,-1053,-366,35,-13124,-5968,6996,-430,-279,-536,0
1917.0873711109164,6984,6988,12096,-103,245,-270,6760,-9568,10516,112,600,-15,-13180,4712,6428,-1124,-343,-6,-13452,-5992,7052,-414,-234,-503,0
1917.1210880279539,6924,7148,11888,-128,235,-226,6840,-9540,10564,63,522,27,-13192,4784,6520,-1133,-451,17,-13452,-5640,7092,-572,-232,-556,0
1917.162996053696,7016,7004,12200,78,275,-172,6928,-9604,10396,86,489,100,-13276,4812,6536,-1137,-437,136,-13332,-5940,7012,-716,-320,-580,0
1917.197113990784,6944,6952,11976,134,258,-138,6800,-9452,10380,88,512,114,-13120,4728,6636,-1165,-387,97,-13144,-5916,6920,-684,-300,-564,0
1917.2306871414185,6832,7060,12088,144,277,-188,6716,-9596,10356,71,520,63,-12848,4804,6828,-1166,-415,46,-13200,-5932,7032,-658,-289,-553,0
1917.2642490863805,6800,7004,11972,201,141,-204,6776,-9684,10376,129,558,107,-13252,4992,6660,-1224,-262,90,-13516,-5860,7144,-819,-230,-636,0
1917.29771900177,6908,6932,11880,369,154,-177,6612,-9520,10376,298,610,241,-13016,4936,6556,-1365,-490,149,-13128,-6056,7400,-801,-347,-591,0
1917.331341981888,6780,6992,12144,158,360,-119,6520,-9664,10364,242,604,249,-13064,4752,6676,-1367,-482,174,-13364,-5928,7484,-672,-384,-507,0
1917.3648829460144,6836,7108,12020,172,338,-119,6552,-9612,10344,132,473,211,-13060,4960,6688,-1187,-322,131,-13188,-6020,7192,-792,-393,-510,0
1917.3984699249268,6904,7160,12268,345,341,-119,6532,-9724,10336,80,519,178,-12828,4732,6624,-1237,-280,109,-13052,-5956,7120,-808,-298,-547,0
1917.4320199489594,6664,7212,11976,244,267,-126,6600,-9492,10540,161,475,89,-12828,4628,6744,-1264,-291,15,-12548,-6304,6948,-660,-144,-442,0
1917.4657311439514,6528,7332,11944,214,87,-79,6352,-9424,10560,66,494,23,-12872,4804,6956,-1249,-288,-12,-12912,-6376,7244,-610,-47,-349,0
1917.4993040561676,6628,7288,11852,41,-4,-77,6284,-9280,10652,82,475,-36,-12556,4560,6772,-1119,-101,-236,-12572,-6596,7188,-585,-7,-311,0
1917.5328929424284,6440,7440,11752,10,-115,-55,6280,-9244,10360,-17,246,-192,-12652,4464,6776,-1006,37,-38,-12648,-6252,7004,-386,64,-197,0
1917.5665590763092,6368,7388,11700,-111,-240,6,6144,-9028,10472,-170,167,-325,-12496,4440,6816,-872,260,-75,-12592,-6252,7156,-417,156,9,0
1917.6001830101013,6428,7508,11532,-344,-345,135,6076,-9208,10496,-270,28,-401,-12480,4636,6840,-722,430,-16,-12796,-6292,7284,-341,228,511,0
1917.6334950923924,6212,7488,12576,249,-876,313,6140,-9136,10568,-304,-142,-411,-12720,4512,6784,-591,706,58,-12996,-6280,7244,-155,206,521,0
1917.6671400070193,6628,7484,11784,-702,-496,481,6360,-9496,10768,-768,-350,-411,-13004,5044,6448,-498,1006,126,-13096,-6172,7548,-155,172,656,0
1917.7004740238187,6744,7340,12072,-706,-453,638,6520,-9804,10964,-558,-761,-332,-13236,4884,7160,-488,920,82,-13408,-6076,7428,-218,232,638,0
1917.73859000206,7076,7300,12084,-497,-379,672,6800,-9840,10556,-482,-484,-265,-13588,5056,6600,-717,836,-227,-13452,-6056,7276,-314,170,417,0
1917.7740659713743,7092,7036,12244,-291,-311,526,7160,-9880,10364,-261,-262,-265,-13404,5036,6576,-932,536,-125,-13256,-5944,7228,-468,232,185,0
1917.8100080490112,6968,6660,12020,-120,-297,356,6864,-9548,10624,-124,-93,-5,-13072,4640,6484,-1107,222,-157,-13540,-6008,7232,-533,307,-30,0
1917.844857931137,6840,6980,12000,-32,-209,162,6476,-9636,10384,-7,92,-280,-13256,4932,6588,-772,-246,-216,-13224,-5884,7344,-534,236,-155,0
1917.881233930588,6936,6968,11908,-97,-184,53,6576,-9596,10308,43,104,-289,-12908,4784,6372,-988,35,-197,-12960,-6132,7288,-437,270,-58,0
1917.9160249233244,6732,7112,11912,-266,-269,127,6316,-9444,10496,-15,-39,-476,-12652,4788,6672,-967,248,-272,-12876,-6164,7372,-250,376,197,0
1917.9519779682164,6428,7652,11912,-523,-443,177,6548,-9804,10996,-139,-79,-552,-13236,5184,6840,-1015,245,-380,-13528,-6136,7700,-204,418,189,0
1917.9881899356844,7400,7224,12316,-409,-430,183,6992,-10084,10848,-198,7,-398,-13680,5240,6548,-977,145,-510,-13852,-5976,7544,-357,341,7,0
1918.0237569808965,7396,7124,12336,-238,-298,165,7000,-9692,10312,-166,6,-331,-13324,4892,6488,-832,97,-175,-13280,-5880,7408,-421,166,-123,0
1918.0596051216123,6888,6936,11732,-251,-310,114,6892,-9408,10276,-234,174,-328,-12752,4684,6388,-784,74,-152,-12820,-5696,7368,-374,175,-66,0
1918.0951170921323,6872,6900,11756,-327,-340,132,6632,-9372,10216,-149,27,-340,-12804,4720,6360,-894,212,-162,-13072,-5668,7088,-1,200,59,0
1918.1305220127108,7016,6988,11712,-396,-248,188,6612,-9472,10344,-55,21,-342,-13048,4748,6144,-942,270,-165,-13088,-5920,7044,-202,220,124,0
1918.1660990715027,6952,7136,11856,-591,-339,189,6672,-9496,10692,-110,34,-384,-13236,4728,6868,-850,274,-149,-13368,-5944,7340,-221,233,123,0
1918.2023811340332,7400,7164,12196,-592,-327,187,6968,-9604,10668,-190,51,-318,-13468,4760,6452,-852,507,-115,-13452,-5640,7120,-384,154,90,0
1918.2375850677493,7184,7012,11992,-318,-368,315,6868,-9632,10348,-117,-54,-244,-13552,4784,6188,-994,275,-132,-13232,-5708,6936,-410,201,103,0
1918.273317098617,7060,6956,11948,-180,-404,337,6764,-9920,10320,-30,-82,-293,-13236,4872,6632,-1071,323,-180,-13568,-6024,7276,-355,322,109,0
1918.3092069625854,7352,6952,12056,-244,-336,240,6936,-9724,10424,-44,-55,-378,-13348,4812,6516,-882,314,-226,-13452,-5832,7360,-336,272,17,0
1918.3442471027374,7204,6976,11924,-186,-284,160,7036,-9660,10424,-114,33,-314,-13196,4936,6132,-882,197,-174,-13308,-5608,7332,-392,188,-75,0
1918.3806569576263,7156,6760,11812,-148,-261,137,6716,-9588,10084,-145,66,-312,-12996,4928,6296,-851,103,-83,-13100,-5720,7288,-412,174,-62,0
1918.414026975632,7120,6876,11964,-311,-207,102,6796,-9572,10428,-114,151,-235,-13104,4900,6436,-850,32,-19,-13432,-5744,7388,-404,140,-90,0
1918.4475409984589,7216,6992,11832,-383,-100,90,6832,-9644,10492,-111,172,-166,-13352,4908,6372,-833,82,26,-13536,-5736,7372,-357,85,-32,0
1918.4812309741974,7484,7152,12036,-297,-43,122,7080,-9500,10324,-140,107,-103,-13396,4908,6192,-868,112,-34,-13352,-5648,7312,-378,23,-98,0
1918.514989137649,7304,6784,12092,-118,12,81,7012,-9796,10228,-116,145,-83,-13344,4996,6144,-871,39,-59,-13304,-5556,7136,-469,71,-225,0
1918.5485730171204,7388,6760,11784,3,43,255,6888,-9580,10096,-32,176,-168,-12904,4664,6068,-898,0,-40,-12944,-5640,7148,-336,3,-4,0
1918.5820779800413,7116,6796,11560,-193,38,-100,6700,-9432,10208,-24,260,-242,-12824,4844,6200,-821,30,-106,-12924,-5628,7348,-394,131,-213,0
1918.6158370971684,7004,6892,11920,-255,-68,-104,6804,-9460,10208,-45,296,-316,-13300,4792,6336,-897,48,-505,-13128,-5748,6960,-405,301,-193,0
1918.6492309570312,7056,7024,11880,-166,-150,-80,6776,-9552,10504,-38,165,-374,-13128,4924,6440,-988,53,-279,-13380,-5788,7360,-333,261,-154,0
1918.6829519271853,7176,6948,12040,-125,-141,-61,6928,-9520,10564,-31,82,-394,-13552,4792,6540,-969,15,-263,-13336,-5892,7324,-394,199,-208,0
1918.716623067856,7248,7180,12124,-167,-135,-68,6984,-9680,10584,-114,194,-320,-13420,4920,6540,-994,-41,-191,-13512,-6044,7312,-486,202,-234,0
1918.7499790191653,7212,7164,11876,-59,-78,1,6860,-9740,10696,-65,134,-234,-13288,4780,6536,-948,-42,-123,-13392,-5804,7260,-500,174,-219,0
1918.7835631370544,7188,7112,11592,-7,13,-13,6892,-9484,10232,-163,147,-157,-13124,4764,6352,-968,-248,-17,-13328,-5860,7132,-639,128,-214,0
1918.817158937454,7008,7052,11768,-43,59,33,6744,-9448,10212,-207,95,-87,-12984,4868,6440,-998,24,36,-12948,-5684,7300,-595,-22,-152,0
1918.85075712204,7116,6920,11824,-254,82,84,6552,-9660,10384,-199,46,-31,-13016,4916,6452,-1110,-31,-19,-13068,-5420,7276,-619,48,-132,0
1918.8841049671173,7136,6836,12020,66,149,166,6728,-9704,10400,-112,69,-10,-13196,5016,6420,-1152,32,-45,-13320,-5704,7224,-776,82,-152,0
1918.9176731109617,7252,6892,11920,95,159,177,6880,-9752,10436,-77,-2,-3,-13224,4828,6372,-1085,19,-41,-13376,-5756,7500,-784,32,-165,0
1918.950690984726,7112,7044,12168,75,179,125,7020,-9900,10636,23,59,-71,-13412,4624,6508,-946,37,-84,-13564,-5944,7448,-739,116,-512,0
1918.9842150211334,6920,7104,12200,-78,97,41,7172,-9824,10440,44,229,-214,-13380,4740,6372,-782,68,-8,-13280,-5944,7340,-629,171,-344,0
1919.0176799297333,7016,6972,11900,3,-176,-43,6912,-9860,10328,-56,242,-389,-13304,4836,6372,-752,181,-254,-13312,-5848,7276,-747,412,-280,0
1919.0512449741364,6936,6980,11880,-121,-239,-16,6760,-9536,10012,-114,257,-303,-13016,5036,6496,-778,84,-126,-13352,-5708,7308,-816,311,-206,0
1919.0845930576324,7200,7076,11548,-230,-24,98,6744,-9616,10316,-109,207,-58,-12824,5016,6248,-777,177,124,-13392,-5560,7260,-890,52,-166,0
1919.118150949478,7128,7008,11588,-164,293,211,6832,-9724,10280,-32,105,74,-13180,4644,6216,-785,290,74,-13204,-5976,7140,-760,-95,-195,0
1919.1514461040497,7020,7012,11824,-42,309,172,7116,-9972,10348,83,92,-17,-13320,4828,6360,-819,154,63,-13412,-5700,7220,-655,-43,-271,0
1919.1848499774933,7340,7284,12184,-107,312,117,6912,-9660,10484,-4,239,75,-13108,5016,6372,-902,98,247,-13380,-6008,7240,-884,-145,-193,0
1919.2184619903564,7412,7396,11800,-116,290,248,6780,-9716,10540,-58,177,219,-13192,4996,6436,-952,174,311,-13196,-5764,7244,-994,-276,-161,0
1919.251991033554,7052,7072,11780,141,368,282,6724,-9740,10404,31,96,212,-13308,4916,6612,-1040,213,220,-13004,-6032,7236,-898,-179,-137,0
1919.285352945328,6776,7144,11916,51,337,275,6748,-9616,10340,40,83,121,-13012,4832,6564,-1056,129,107,-13056,-5920,7168,-784,-23,-61,0
1919.3188140392303,7164,7164,11900,-79,106,299,6632,-9700,10308,39,112,51,-13144,5000,6412,-1179,154,149,-13160,-6352,7332,-782,-19,-74,0
1919.3524601459503,6832,7120,12088,-148,132,305,6768,-9712,10412,144,105,96,-13120,5180,6460,-1185,118,178,-13216,-6088,7420,-660,-131,-150,0
1919.3857970237732,6884,7136,12140,-154,231,188,6680,-9756,10480,178,140,61,-13336,4940,6440,-1003,88,136,-13172,-6388,7372,-659,-82,-209,0
1919.4238049983976,6856,7176,12080,-301,90,90,6836,-9864,10392,105,293,-72,-13284,5012,6372,-1056,124,-6,-12996,-6088,7272,-654,70,-219,0
1919.4589309692383,6792,6952,11944,-104,68,72,6900,-9748,10400,96,309,-134,-13040,5048,6464,-1103,101,-79,-13188,-6028,7384,-494,103,-241,0
1919.4946000576015,6924,7092,11984,-159,85,44,6700,-9564,10384,94,319,-97,-13208,5040,6360,-1049,33,86,-13316,-6168,7360,-543,-35,-248,0
1919.5301749706268,7068,7192,11868,-345,225,-11,6868,-9652,10440,-27,398,-64,-13060,4948,6564,-842,-53,161,-13316,-6156,7404,-764,-217,-361,0
1919.5655031204224,6960,7000,12092,-310,295,-125,6912,-9664,10336,-66,468,-2,-13284,4992,6264,-869,-150,222,-13204,-6068,7344,-430,-236,-455,0
1919.6009700298307,6952,7052,11868,-413,331,-199,6808,-9552,10332,-48,603,23,-13152,5000,6476,-888,-287,204,-13208,-5908,7176,-352,-207,-413,0
1919.6360199451449,6892,7184,11888,-474,329,-220,6776,-9592,10376,-79,569,-27,-12956,4920,6276,-854,-263,183,-13060,-6164,7276,-233,-174,-368,0
1919.6719110012054,6804,7048,12064,-435,501,-228,6660,-9624,10268,-120,259,-118,-12804,5036,6172,-873,-168,72,-13056,-6060,7152,-253,-53,-364,0
1919.70778799057,6796,7056,11980,-480,163,-176,6560,-9672,10440,-73,370,-166,-12932,5068,6564,-911,-90,110,-12988,-6076,7424,-223,44,-263,0
1919.7427041530607,6720,7144,12108,-383,145,-82,6488,-9640,10420,-97,256,-201,-13120,5080,6436,-880,-19,43,-12984,-6104,7408,-298,104,-194,0
1919.7787210941315,6864,6944,11852,-309,-31,97,6480,-9624,10388,26,198,-98,-12912,5196,6280,-1166,77,109,-12760,-6112,7432,-293,118,-118,0
1919.8137941360474,6784,7080,12004,-179,52,152,6568,-9684,10272,120,141,-104,-12976,5276,6500,-1289,106,65,-12976,-6108,7876,-305,79,-118,0
1919.8488371372223,6544,6952,12072,-318,83,128,6316,-9636,10452,118,200,-29,-13000,5296,6456,-1099,-17,203,-13100,-6312,7836,-165,-106,-61,0
1919.8844029903412,6400,7420,12056,-406,126,66,6236,-9704,10368,-139,258,-7,-12948,5356,6700,-753,7,265,-12976,-5936,7488,-229,-242,-66,0
1919.9200389385223,6512,7060,12268,-331,178,87,6288,-9896,10716,-301,216,27,-12820,5252,6644,-722,252,187,-12920,-6128,7740,-355,-130,-118,0
1919.9553041458132,6508,6812,11956,-174,120,108,6304,-9880,10484,-180,148,-10,-12592,5624,6228,-1006,251,88,-12788,-5652,7428,-416,-254,-73,0
1919.9907400608063,6364,6796,12060,-87,45,193,5888,-9892,10432,-84,66,1,-12688,5556,6488,-1176,-39,37,-12736,-5792,7544,-652,71,-14,0
1920.0258829593656,6260,6692,12072,188,-38,318,6168,-10088,10440,11,-127,-47,-12616,5504,6368,-1273,154,-134,-12756,-5872,7800,-860,178,-39,0
1920.0618541240692,6548,6780,12112,300,-222,398,6372,-9988,10348,76,-209,-139,-12580,5588,6376,-1259,232,-310,-13020,-5816,7728,-846,269,-63,0
1920.0954740047455,6576,6856,12304,371,-218,362,6528,-9828,10248,71,-184,-184,-12900,5248,6336,-1194,218,-2,-13112,-6208,7696,-596,182,-47,0
1920.1291680336,6540,7188,12268,250,-113,172,6456,-9372,10356,-214,-82,-361,-12600,4856,6584,-627,248,-183,-12840,-6844,7656,-146,105,10,0
1920.1623971462252,6588,7464,12124,-439,-317,-51,6632,-9344,10520,-650,125,-565,-13248,4740,6804,-362,181,-172,-13124,-6196,7012,-22,312,-9,0
1920.1960749626164,6996,7260,11820,-613,-514,-28,7000,-9520,10420,-571,373,-430,-13384,5216,6612,-759,-104,-73,-13392,-5780,7160,-308,288,-124,0
1920.229679107666,7196,6892,11656,-388,-331,-255,6816,-9640,10460,-170,434,-199,-13236,5188,6376,-1041,-275,-35,-13140,-5844,7236,-500,168,-242,0
1920.2633759975433,6908,6996,11980,-202,-36,-254,6524,-9812,10380,80,327,-118,-12840,5144,6300,-1098,-194,-56,-12984,-5948,7332,-472,177,-141,0
1920.2968771457672,6548,7080,12348,-230,11,32,6504,-10204,10516,88,128,-182,-12856,5352,6652,-1278,16,-132,-12824,-6396,7776,-336,159,-53,0
1920.330441951752,6240,6920,12396,-277,-99,90,6356,-10000,10560,-21,-43,-372,-12880,5424,6440,-838,145,-201,-12820,-6228,7828,-209,217,39,0
1920.3639950752256,6588,7160,12432,-326,-358,127,6484,-9904,10604,-274,-56,-464,-12960,5344,6796,-746,348,-495,-13060,-5972,7536,-241,386,104,0
1920.3972840309143,6700,7072,12332,-413,-549,245,6508,-9840,10384,-284,-61,-488,-13036,5276,6628,-842,363,-274,-13304,-5960,7524,-274,409,128,0
1920.4307501316073,6748,6920,11624,-461,-558,251,6508,-9712,10300,-263,95,-410,-12916,5216,6628,-838,271,-139,-12900,-6032,7540,-225,312,135,0
1920.4642710685732,6756,6916,11996,-554,-393,200,6460,-9776,10216,-218,164,-302,-12924,5540,6716,-868,216,-22,-13092,-5856,7588,-199,138,118,0
1920.4978520870209,6732,6832,12080,-612,-233,180,6516,-9896,10448,-223,101,-224,-12964,5408,6192,-868,206,77,-13164,-6104,7728,-164,85,188,0
1920.5313129425049,6688,6944,12208,-728,-146,209,6544,-9836,10320,-219,111,-181,-12972,5320,6872,-768,184,155,-13140,-6008,7668,-202,-47,178,0
1920.564835071564,6828,6740,12104,-704,-115,202,6604,-10100,10384,-225,225,-125,-13028,5348,6340,-709,131,96,-12904,-5736,7704,-272,-49,62,0
1920.5982649326324,6788,6532,12504,-547,-178,205,6616,-10240,10216,-85,218,-156,-12972,5560,6376,-919,32,10,-13036,-5572,7536,-502,96,-252,0
1920.6317551136017,6796,6552,12184,-327,-262,268,6564,-10008,10420,48,193,-121,-12928,5176,6268,-1022,121,-36,-13060,-5564,7536,-541,155,86,0
1920.6652190685272,6924,6680,12144,-255,-347,338,6468,-9880,10108,-3,-80,-277,-12900,5196,6348,-1064,313,-151,-13108,-5712,7580,-460,274,157,0
1920.6987380981443,7072,6784,12120,-299,-447,393,6748,-9824,10380,-31,-220,-350,-13132,5340,6276,-1073,415,-239,-13220,-5652,7636,-358,289,231,0
1920.7322869300845,7352,6764,12208,-510,-423,428,6940,-9872,10240,-126,-197,-512,-13372,5328,6212,-1143,428,-141,-13520,-5888,7608,-458,260,162,0
1920.7660300731657,7452,6744,12072,-228,-350,386,7144,-9760,10192,-117,-24,-180,-13396,5104,6452,-1112,501,-43,-13356,-5816,7488,-474,76,-28,0
1920.799867153168,7084,6676,11948,-131,-198,223,7152,-9768,10464,-32,197,-154,-13200,5100,6344,-963,124,-84,-13124,-5944,7556,-434,2,-233,0
1920.8333201408389,6944,6728,12184,-76,-124,251,6784,-9708,10192,33,323,-180,-12996,5008,6632,-930,-40,-144,-12900,-5772,7488,-353,119,-330,0
1920.8668630123136,6884,6800,11964,-95,-82,-83,6504,-9724,10312,-38,311,-218,-12820,5576,6372,-1075,-95,-137,-12984,-5664,7580,-371,182,-179,0
1920.9003300666807,6848,6768,12108,-178,8,-11,6380,-9788,10156,-45,137,-173,-12908,5576,6428,-1025,-111,-77,-13020,-5740,7772,-458,60,-174,0
1920.9340410232544,6804,6772,12212,-87,52,30,6524,-9936,10128,28,145,-194,-12984,5252,6580,-1133,-255,-207,-12908,-6100,7752,-477,187,-221,0
1920.9677219390867,6584,6744,12216,42,-93,-19,6232,-9736,10344,70,105,-320,-12892,5252,6668,-1128,58,-333,-12812,-5684,7620,-488,413,-155,0
1921.001054048538,6680,6696,12236,79,-279,67,6600,-9984,10380,74,19,-335,-13164,5300,6572,-1194,112,-284,-13332,-5784,7668,-592,258,-85,0
1921.0347299575803,7084,6848,12004,20,-248,216,6696,-9848,10372,-55,34,-105,-13096,5388,6332,-1195,94,-18,-13284,-5724,7896,-684,247,-45,0
1921.0707099437714,7024,6776,12160,64,37,289,6640,-9964,10380,70,18,92,-13028,5456,6432,-1241,100,75,-13032,-5800,7664,-687,-61,-147,0
1921.1054890155792,6832,6780,12472,155,221,272,6708,-9916,10188,60,112,147,-13104,5244,6408,-1178,73,105,-13184,-5768,7600,-701,-150,-201,0
1921.1412460803988,6980,6752,12148,64,306,219,6772,-9884,10216,49,216,182,-13044,5192,6292,-1155,5,181,-13312,-5688,7488,-686,-178,-184,0
1921.17765212059,7056,6740,12084,4,304,177,6516,-9940,10432,20,188,164,-12992,5188,6184,-1086,7,156,-12996,-5832,7448,-611,-131,-135,0
1921.2126209735868,6928,6792,12160,-85,208,183,6592,-9796,10424,-40,174,52,-12960,5296,6652,-1018,91,33,-13048,-5676,7628,-522,-8,-119,0
1921.24817109108,6852,6700,12060,-71,95,126,6532,-9908,10328,-46,56,-130,-13080,5340,6460,-1148,73,-125,-12976,-5964,7472,-539,175,-158,0
1921.2836849689484,6776,6916,12040,17,-96,106,6508,-9860,10356,-254,125,-217,-12852,5012,6624,-1222,4,-248,-13128,-5864,7664,-578,280,-170,0
1921.3195929527285,7156,7000,11908,68,-112,83,6480,-9732,10460,-7,161,-227,-12980,4932,6568,-1134,-43,-131,-13224,-5988,7640,-542,185,-180,0
1921.3549900054932,6840,6956,12064,6,-89,52,6464,-9648,10020,-80,198,-161,-12880,5184,6640,-982,-28,-97,-13024,-5828,7644,-473,169,-155,0
1921.3908479213715,6820,6888,12036,-104,11,45,6488,-9900,10336,-65,208,-155,-13036,5216,6544,-933,-41,-74,-12960,-5916,7528,-447,145,-175,0
1921.4259951114655,6764,6920,11804,-96,55,24,6440,-9804,10464,-27,217,-159,-13092,5148,6528,-977,-49,-91,-13088,-5884,7608,-455,91,-188,0
1921.4616961479187,7164,6980,12140,-104,9,31,6604,-9936,10368,-68,192,-155,-12984,5316,6600,-956,-60,-67,-13140,-5892,7560,-504,133,-157,0
1921.4978759288788,6972,6964,12280,-89,-94,114,6500,-9908,10408,-37,131,-165,-12984,5236,6368,-1090,37,-102,-12920,-5772,7672,-548,183,-146,0
1921.5334351062775,6836,6740,11836,-14,-108,140,6608,-9840,10248,6,96,-185,-12904,5240,6408,-1085,85,-102,-12856,-5736,7500,-574,235,-60,0
1921.5694460868835,6764,6876,12028,-1,-97,176,6480,-9856,10304,-2,4,-228,-12876,5168,6652,-1040,148,-155,-13040,-5832,7500,-547,210,-58,0
1921.6050541400907,6852,6880,12256,-24,-128,212,6636,-9776,10008,-19,-12,-184,-12972,5260,6584,-1065,182,-85,-13156,-5800,7552,-551,169,-29,0
1921.6402740478516,6808,6856,12080,-79,-92,164,6688,-9912,10292,-53,76,-161,-12976,5268,6572,-971,183,-68,-13088,-5876,7580,-535,146,-62,0
1921.6754109859469,6700,7088,12172,-131,-59,165,6620,-9860,10340,-39,65,-150,-13304,5232,6380,-922,184,-47,-13092,-5828,7676,-510,148,-90,0
1921.7112710475924,6820,6984,11992,-179,-56,142,6640,-9956,10244,-80,135,-170,-13060,5288,6480,-907,157,-27,-13132,-5916,7560,-548,135,-97,0
1921.7468149662016,6656,7128,12044,-95,-69,127,6576,-9844,10288,-76,139,-164,-12944,5244,6532,-900,133,-74,-13112,-5920,7520,-536,143,-126,0
1921.780236005783,6756,6924,12120,-111,-69,117,6576,-9908,10436,-59,138,-177,-13020,5260,6560,-917,54,-93,-13120,-5800,7556,-558,129,-154,0
1921.8136310577393,6904,7108,12036,-135,-9,41,6764,-9892,10316,-3,168,-145,-13076,5268,6300,-971,24,-93,-12840,-5684,7620,-545,159,-214,0
1921.84738111496,6820,6664,11900,-102,-43,77,6612,-9936,10384,97,197,-166,-12904,5252,6488,-1013,26,-102,-12832,-5764,7832,-623,193,-182,0
1921.8809509277344,6756,7044,12128,-127,-115,116,6568,-9984,10324,139,161,-204,-13000,5212,6512,-1010,122,-159,-12928,-5932,7620,-619,4,-132,0
1921.91473197937,6700,7080,12040,-119,-166,177,6536,-9920,10468,80,70,-201,-12996,5400,6460,-1019,119,-184,-13200,-5952,7732,-636,208,-86,0
1921.9483759403229,6848,6980,12168,-108,-224,223,6516,-9956,10384,54,41,-193,-13040,5232,6576,-1048,125,-211,-12948,-5848,7824,-619,221,-61,0
1921.9817709922793,6804,6992,12080,-126,-262,270,6620,-9772,10252,26,22,-211,-12972,5192,6560,-1101,162,-159,-12968,-5916,7572,-582,217,-52,0
1922.0149669647217,6932,6996,11936,-101,-246,248,6648,-9812,10176,63,13,-176,-13040,5248,6360,-1154,181,-156,-13140,-5856,7504,-487,203,-13,0
1922.04865193367,6964,6956,11912,-161,-286,222,6884,-9860,10300,31,92,-233,-13044,5148,6580,-1293,150,-177,-13272,-6124,7552,-460,228,-33,0
1922.0822839736936,6936,6868,11976,-229,-8,215,6444,-9840,10360,59,116,-222,-12928,5200,6576,-1267,126,-193,-13164,-5920,7424,-434,194,-73,0
1922.1155121326449,6992,6932,11924,-166,-282,217,6684,-9896,10384,75,129,-235,-13072,5036,6512,-1230,198,-154,-13036,-5896,7488,-433,150,-64,0
1922.1518599987028,7148,6956,12072,-182,-286,184,6664,-9796,10348,46,160,-220,-12912,5064,6476,-1221,121,-164,-13156,-6144,7480,-418,164,-61,0
1922.1857790946965,6988,7004,12080,-192,-333,217,6404,-9828,10356,50,135,-243,-13052,4884,6580,-1213,104,-185,-13128,-5904,7428,-385,203,-60,0
1922.2194831371307,6984,6976,12252,-184,-277,166,6864,-9780,10360,72,127,-273,-12992,5000,6652,-1175,117,-145,-13008,-5864,7496,-382,205,-85,0
1922.2529799938204,6912,7144,12112,-214,-285,165,6588,-9704,10004,44,119,-257,-13028,5128,6640,-1168,69,-133,-13088,-5896,7596,-382,191,-75,0
1922.2867050170896,6992,6908,11996,-204,-512,151,6528,-9752,10280,40,107,-11,-12920,5088,6504,-1106,114,-162,-13156,-5928,7632,-358,200,-68,0
1922.3202691078188,7000,6988,11996,-216,-228,155,6528,-9876,10396,52,119,-240,-12996,5160,6476,-1032,113,-149,-13156,-5884,7448,-424,180,-65,0
1922.3538570404053,7004,6868,11992,-208,-205,151,6544,-9756,10252,18,139,-202,-13052,5056,6528,-1117,139,-124,-13072,-5680,7448,-413,186,-75,0
1922.387366056442,6976,6920,12184,-204,-171,165,6584,-9792,10344,-47,100,-242,-12928,5032,6688,-1038,173,-49,-13148,-5844,7468,-444,172,-62,0
1922.4210669994354,7100,6896,12280,-181,-180,148,6704,-9976,9992,-68,91,-202,-13036,5084,6616,-1016,140,-67,-13168,-5800,7680,-441,137,-87,0
1922.4545619487765,7096,6840,11872,-155,-106,148,6892,-9868,10240,-69,157,-177,-12996,5176,6632,-1004,81,-84,-13256,-5696,7596,-498,122,-118,0
1922.4883279800413,7172,6852,12000,-156,-32,103,6760,-9836,10328,-40,188,-128,-13004,4868,6472,-1030,31,-43,-13164,-5788,7524,-493,113,-156,0
1922.52140212059,7128,6872,11932,-111,22,103,6436,-9812,10048,-4,183,-125,-12984,4992,6576,-777,65,250,-13088,-5724,7564,-482,117,-148,0
1922.5548400878909,7024,7160,11880,-130,-245,108,6728,-9856,10188,-89,193,-98,-12876,5140,6524,-968,78,-44,-13088,-5724,7396,-491,173,-110,0
1922.5882999897003,6968,7084,11812,-171,-28,94,6660,-9796,10368,-148,185,-178,-13036,5072,6388,-874,117,-97,-13216,-5780,7568,-435,141,-141,0
1922.621876001358,7060,7004,12216,-108,-78,94,6628,-9876,10384,-98,165,-206,-13308,4956,6460,-922,89,-84,-13180,-5736,7480,-459,128,-130,0
1922.6552951335907,6936,6664,12096,-158,-72,87,6452,-9876,10412,-61,183,-195,-13036,5340,6436,-957,15,-111,-13224,-5840,7568,-409,135,-179,0
1922.7043540477753,7028,6920,11808,-134,-26,39,6536,-9716,10356,-92,228,-173,-13044,4880,6520,-933,27,-38,-13136,-6004,7496,-439,130,-201,0
1922.7521090507507,7052,6972,12056,-204,-52,-3,6572,-9852,10388,-69,261,-206,-13032,5156,6524,-949,60,-72,-13100,-5816,7504,-430,125,-176,0
1922.7897369861603,6968,6900,11960,-146,12,47,6560,-9532,10284,-80,209,-201,-12992,5060,6464,-993,79,-55,-12892,-5832,7416,-467,112,-133,0
1922.8251049518583,6964,6940,11992,-98,-18,80,6596,-9796,10268,-109,140,-191,-12924,5124,6504,-1009,137,-76,-13196,-5816,7564,-479,89,-107,0
1922.8604071140287,7044,6932,12072,-101,-20,126,6528,-9900,10248,-126,70,-157,-13000,5156,6408,-945,178,-53,-13104,-5776,7540,-460,80,-119,0
1922.8957669734955,6708,6960,12220,-143,-10,142,6836,-9756,10428,-113,49,-164,-13004,5204,6432,-941,234,-102,-13052,-5816,7620,-396,22,-69,0
1922.9317121505735,6732,7108,11940,-84,-38,167,6496,-9868,10240,-32,24,-172,-13016,5120,6416,-1072,257,-74,-13076,-5732,7496,-299,251,-32,0
1922.96782207489,7004,6868,12112,251,37,179,6704,-9860,10284,-69,24,-153,-13012,5136,6524,-1046,222,-53,-13288,-5828,7460,-432,97,-59,0
1923.0033321380613,7068,6920,12040,-102,15,187,6560,-9824,10112,-22,77,-141,-12816,5120,6468,-1267,105,-53,-13172,-5812,7548,-494,118,-91,0
1923.0393791198733,7012,6924,12016,-81,44,137,6688,-9832,10280,-42,117,-109,-13180,5340,6412,-1059,80,-250,-12864,-5852,7492,-572,109,-124,0
1923.074455022812,6676,6988,11804,-75,24,140,6568,-9784,10356,-51,114,-145,-12824,5284,6460,-989,100,-13,-13224,-5784,7688,-528,77,-120,0
1923.1101541519163,6984,6952,12060,-110,14,122,6600,-9880,10340,-73,114,-134,-12984,4948,6880,-903,132,-49,-13164,-5860,7604,-479,-11,-108,0
1923.1453211307523,6852,7000,11932,-90,-32,88,6576,-9796,10356,-94,110,-148,-13020,5212,6708,-862,129,-42,-13000,-5872,7592,-442,27,-131,0
1923.1807110309603,6980,7028,11792,-153,6,84,6632,-9892,10376,-57,124,-179,-12956,5352,6568,-794,138,-66,-13040,-5768,7504,-444,26,-137,0
1923.215970993042,6912,6952,11916,-101,0,98,6616,-9776,10480,-59,94,-180,-12884,5032,6692,-878,136,-63,-13140,-5808,7528,-438,79,-140,0
1923.2517690658567,6828,7012,12104,-114,-33,88,6576,-9832,10280,-24,100,-197,-12924,5092,6508,-847,87,-91,-13000,-5908,7468,-416,48,-128,0
1923.2881679534912,6992,7056,11908,-100,-48,145,6856,-9932,10372,12,85,-202,-12880,5296,6476,-959,70,-108,-12812,-5908,7564,-279,58,-76,0
1923.3238689899445,6912,7148,11836,-194,-142,138,6672,-9776,10344,25,64,-241,-13036,5152,6544,-1015,82,-70,-13104,-5828,7604,-240,47,-91,0
1923.3599071502683,6732,7104,11600,-238,-156,144,6620,-9888,10468,-245,109,-226,-13020,5088,6552,-1032,46,-43,-13084,-5748,7596,-270,92,-65,0
1923.3949890136719,7076,6724,12072,-258,-181,157,6596,-9876,10408,114,118,-195,-12980,5104,6356,-1160,-41,-63,-12980,-5704,7660,-296,114,-59,0
1923.4307179450989,6936,6992,11960,-273,-154,175,6668,-9836,10204,180,97,-152,-12984,5252,6424,-1210,62,-44,-13132,-5780,7796,-285,76,-39,0
1923.464318037033,6992,7152,12120,-240,-131,188,6708,-9888,10252,90,99,-197,-13272,5212,6548,-1252,27,-29,-13132,-5828,7736,-253,62,-25,0
1923.4979031085968,7008,7008,12064,-305,-213,188,6696,-9928,10388,131,142,-230,-13072,5308,6456,-1178,84,-106,-13128,-5708,7820,-247,85,-66,0
1923.5314469337463,6984,6852,12008,-288,-185,152,6884,-9872,10264,109,153,-237,-12932,5304,6604,-1161,82,-126,-13148,-5684,7828,-240,61,-35,0
1923.564831972122,6992,7116,11984,-241,-189,158,6680,-9784,10344,62,146,-221,-13068,5124,6308,-1119,97,-93,-12956,-5652,7828,-255,17,-55,0
1923.5983901023865,6976,6908,12080,-219,-148,166,6544,-9828,10324,68,120,-214,-12908,5188,6512,-1068,130,-103,-12948,-5740,7760,-277,73,-35,0
1923.631956100464,6948,6940,12032,-258,-179,174,6632,-9812,10336,23,104,-240,-13048,5160,6496,-1102,122,-92,-13116,-5584,7748,-303,125,-48,0
1923.6654801368713,6928,6932,12016,-247,-172,135,6416,-9756,10448,55,141,-508,-12948,5104,6404,-1080,74,-209,-13160,-5680,7836,-378,226,-96,0
1923.6989960670471,7008,6892,12068,-265,-195,172,6556,-9696,10492,19,84,-1,-12960,5152,6500,-1080,141,-212,-13080,-5652,7664,-456,233,-28,0
1923.7324600219729,7048,6944,12120,-231,-229,177,6708,-9764,10444,14,98,-247,-13000,5032,6612,-1119,129,-174,-13076,-5680,7736,-455,258,-77,0
1923.7658720016484,7036,6936,11992,-222,-218,160,6436,-9476,10320,-55,95,-261,-12812,5056,6552,-1115,128,-177,-13080,-5644,7700,-450,288,-87,0
1923.7993519306183,7112,6956,12012,-240,-179,163,6676,-9820,10000,-37,152,-247,-13312,5360,6536,-1174,114,-177,-13220,-5600,7744,-478,275,-65,0
1923.8329019546509,7028,6920,11996,-246,-177,177,6668,-9748,10368,-14,127,-242,-12816,5032,6504,-1121,162,-180,-13176,-5872,7728,-470,226,-67,0
1923.866583108902,7096,6832,11776,-272,-144,156,6572,-9624,10424,-30,92,-228,-13016,5044,6564,-1064,217,-136,-13156,-5648,7644,-448,196,-34,0
1923.9000201225283,7116,7088,11984,-267,-133,161,6608,-9544,10244,-73,128,-209,-13028,5080,6604,-1058,139,-104,-12828,-5868,7728,-459,174,-65,0
1923.933638095856,7068,6808,11988,-233,-148,131,6412,-9792,10316,-67,169,-193,-13100,5140,6504,-1117,194,-135,-13072,-5700,7668,-409,162,-52,0
1923.9673619270325,7152,6808,12024,-206,-109,119,6772,-9836,10312,-51,138,-170,-12808,5088,6400,-1141,146,-143,-13104,-5684,7812,-447,127,-107,0
1924.0005140304563,7076,6836,11900,-206,-90,116,6648,-9780,10440,-44,156,-174,-13012,5068,6468,-1136,149,-140,-13016,-5608,7716,-480,158,-79,0
1924.0339789390564,7028,6764,12024,-192,-89,99,6616,-9736,10352,-51,161,-194,-13016,4924,6512,-1101,162,-140,-13096,-5652,7740,-489,136,-82,0
1924.0676250457764,7388,6824,12028,-172,-76,99,6628,-9860,10484,-47,161,-155,-13000,5096,6560,-1171,148,-99,-13024,-5680,7748,-482,96,-132,0
1924.101131916046,7048,7064,11800,-170,-18,86,6636,-9692,10288,-97,198,-158,-13012,5008,6428,-1103,141,-46,-13156,-5744,7724,-479,99,-115,0
1924.134535074234,6924,6804,11964,-135,50,69,6780,-9488,10248,-127,221,-143,-12968,4932,6440,-1092,171,-94,-13104,-5560,7900,-521,6,-114,0
1924.1682291030884,7096,6884,11932,-173,66,73,6732,-9764,10412,-75,182,-103,-12996,5012,6400,-1109,165,-84,-13004,-5624,7860,-504,8,-131,0
1924.2018160820007,7052,6892,12088,-174,15,87,6660,-9816,10212,-75,196,-120,-12824,4976,6432,-1097,141,-67,-13312,-5784,7908,-530,61,-148,0
1924.2354390621183,6924,6888,12076,-117,0,108,6652,-9796,10344,-128,180,-129,-13040,5024,6864,-1038,128,-62,-12972,-5440,7808,-768,18,-118,0
1924.268991947174,7076,6860,12056,-85,-51,75,6612,-9824,10288,-149,173,-158,-13032,5096,6560,-1024,99,-50,-13032,-5688,7848,-554,16,-164,0
1924.3024251461027,7048,7088,11864,-148,-26,41,6400,-9848,10260,-163,150,-151,-12964,4964,6656,-1059,139,-49,-13140,-5712,7768,-486,-61,-140,0
1924.336194038391,7380,6964,11984,-72,-17,64,6648,-9748,10376,-144,165,-115,-12944,5084,6448,-1040,89,-70,-13028,-5860,7932,-541,-140,-194,0
1924.3698799610136,7088,6972,12028,-59,248,64,6504,-9868,10472,-165,146,-87,-13056,4968,6600,-1090,103,-38,-12984,-5672,7796,-606,-135,-170,0
1924.4029951095579,7032,6960,12088,-94,-32,72,6588,-9976,10368,-215,142,-109,-12988,5044,6592,-1042,109,-249,-13044,-5564,7972,-531,-135,-140,0
1924.4401350021365,7052,6996,12056,-79,-23,71,6572,-9844,10348,-181,99,-124,-13092,5056,6456,-1280,136,-54,-12920,-5652,7816,-632,-127,-148,0
1924.4755001068115,6976,6848,12104,-7,-54,57,6516,-9872,10128,-163,69,-134,-12976,5028,6652,-1034,173,-81,-13004,-5696,7892,-669,-69,-121,0
1924.5111291408537,7008,6660,11980,36,-89,68,6536,-9908,10352,-208,46,-192,-13152,4968,6672,-1043,177,-72,-13060,-5708,7976,-625,-133,-155,0
1924.5474169254303,7088,6912,12084,-251,-40,43,6628,-9920,10284,-191,40,-153,-13052,4980,6508,-1072,216,-14,-13196,-5636,7920,-525,-224,-122,0
1924.5826959609983,7004,6916,11884,-48,29,33,6860,-9848,10204,-164,77,-93,-13036,4928,6700,-1041,158,-62,-12872,-5716,8020,-513,-189,-166,0
1924.6188061237333,7148,6704,12228,-64,18,61,6640,-9924,10268,-137,107,-95,-12808,5004,6560,-1064,169,-8,-12912,-5712,7936,-262,-145,-131,3
1924.6543071269987,7120,6924,12080,-36,-21,66,6528,-9924,10480,-187,119,-121,-12940,5060,6564,-1051,166,-47,-12992,-5672,7960,-549,-134,-128,3
1924.690124988556,6920,6892,12108,-41,-248,61,6532,-9896,10260,-163,110,-125,-12992,4984,6588,-1030,108,-31,-12888,-5648,7908,-487,-53,-108,3
1924.7253530025484,6976,6872,12220,-90,-41,82,6640,-9860,10360,-124,90,-152,-13016,5028,6640,-1106,155,-97,-13052,-5664,8028,-498,-14,-118,3
1924.7603471279144,7004,7052,11956,-61,-46,103,6524,-9868,10184,-96,101,-145,-13064,5048,6672,-1037,149,-57,-13032,-5720,7776,-525,-27,-127,3
1924.7972741127014,7060,6952,12036,-66,-22,80,6576,-9956,10088,-103,121,-142,-13104,5016,6544,-986,148,-37,-12932,-5696,7912,-555,13,-136,3
1924.8324320316315,6940,6696,11992,-61,-42,120,6572,-9928,10136,-102,108,-157,-13072,5048,6424,-1091,140,-93,-12820,-5688,8008,-621,70,-115,3
1924.8687670230868,6952,7052,11980,-35,-68,122,6848,-10008,10196,-106,81,-179,-13032,4924,6436,-938,166,-77,-12888,-5720,7956,-605,66,-119,3
1924.9034900665283,6884,7016,11976,-52,-79,103,6596,-9912,9992,-124,104,-166,-13128,5024,6596,-967,165,-112,-12912,-5608,7980,-535,88,-154,0
1924.939113140106,7132,6944,12044,-95,-98,150,6644,-10020,10164,-91,134,-165,-12828,5084,6536,-1040,120,-56,-12948,-5620,8028,-640,147,-176,0
1924.9743759632113,7036,6888,12012,-130,-48,105,6592,-9912,10144,-52,164,-128,-13100,4976,6732,-948,147,-48,-12996,-5756,8160,-646,144,-163,0
1925.0106620788574,7052,7040,11808,-85,251,114,6636,-9900,10204,-93,101,-167,-13060,4916,6160,-972,161,-80,-12888,-5752,7960,-654,135,-147,0
1925.0460181236267,6720,7040,11808,-113,-24,112,6560,-9948,10024,-88,111,-175,-13168,5104,6404,-940,212,-69,-12944,-5624,7976,-724,179,-150,0
1925.0834019184113,7036,7020,11948,-103,-53,113,6680,-9968,10212,-141,64,-175,-13064,5036,6488,-917,284,-47,-12848,-5680,8060,-804,165,-191,0
1925.1168611049652,6868,7020,12232,-78,-6,126,6412,-10232,10132,-87,90,-140,-12968,5000,6508,-883,373,-113,-12896,-5804,8008,-816,64,-144,0
1925.1502189636233,6836,7044,12188,-79,-21,154,6604,-10012,10228,-130,42,-141,-13240,5016,6240,-947,410,-75,-13016,-5836,8028,-830,53,-121,0
1925.1838030815125,6900,7024,12008,-96,-3,148,6656,-9980,10108,-140,29,-172,-13128,4992,6412,-925,451,-69,-13092,-5784,7976,-861,122,-138,0
1925.2171330451963,7000,7060,11900,-129,-39,134,6608,-10028,10064,-64,55,-205,-13112,4988,6596,-961,447,-149,-12736,-5772,7928,-876,234,-128,0
1925.2507050037384,6840,6960,11868,-166,-188,178,6556,-10016,10144,-41,21,-232,-13052,5048,6252,-971,443,-181,-12892,-5836,7704,-896,185,-117,0
1925.2842869758604,6888,7048,11928,-116,-166,196,6528,-10016,10336,-26,30,-238,-13296,4976,6320,-1048,534,-166,-12896,-5648,8140,-904,163,-109,0
1925.3176839351654,6992,6996,11860,-141,-99,191,6592,-10024,10216,-39,-23,-232,-13088,4964,6356,-1008,552,-119,-12984,-5828,8136,-963,133,-115,0
1925.3512859344485,6932,7020,11948,-144,-55,193,6624,-9960,10040,-3,11,-194,-13204,4896,6352,-973,579,-109,-13016,-5824,7892,-905,141,-123,0
1925.3846600055695,7016,7032,11900,-205,-145,211,6688,-10080,10168,-34,14,-193,-13256,4988,6392,-967,495,-143,-12952,-5864,7792,-965,183,-130,0
1925.4180750846863,6984,7072,11892,-119,-160,197,6744,-9968,10192,-48,34,-195,-13308,5296,6424,-910,457,-168,-12928,-6112,7892,-963,160,-135,0
1925.4516389369965,6944,7072,11892,-111,-194,176,6624,-9908,10092,-59,44,-224,-13228,5008,5888,-891,513,-111,-12984,-5676,7792,-985,117,-172,0
1925.4851491451263,7012,7108,12028,-130,-195,167,6684,-10048,10184,-73,53,-237,-13300,4992,6244,-717,465,-89,-12900,-5904,7804,-924,176,-177,0
1925.5184750556948,7144,7108,11836,-141,-184,171,6672,-10028,10244,-26,48,-267,-13248,4976,6120,-898,517,-134,-12924,-6028,7828,-911,109,-185,0
1925.5521690845492,7060,7028,11948,-75,-215,128,6684,-9776,10196,-104,76,-221,-13292,5052,5996,-906,521,-110,-12948,-6020,7824,-933,58,-168,0
1925.585510969162,7060,7020,11884,-95,-211,146,6760,-10000,10180,-48,81,-219,-13248,5044,6272,-967,436,-104,-12840,-5912,7696,-782,28,-162,0
1925.6190121173856,7100,6992,11940,-83,-236,138,6752,-9996,10020,-250,110,-218,-13384,5168,6056,-833,405,-23,-12852,-6044,7896,-797,2,-196,0
1925.652403116226,7088,6988,11912,-72,-199,93,6904,-9936,10384,-7,130,-226,-13256,5060,5956,-977,461,-43,-12876,-6024,7900,-822,-114,-195,0
1925.6858370304108,7068,7084,12000,-56,-150,90,6696,-10236,10032,-13,82,-191,-13532,5312,5924,-796,445,-53,-12888,-6052,7872,-785,-126,-202,0
1925.7195870876312,7068,7052,12068,-57,-110,102,6816,-9732,9988,-49,132,-137,-13320,5080,6024,-779,523,-24,-12912,-5736,7760,-811,-194,-209,0
1925.7531270980835,7196,6940,11876,-65,-65,107,6736,-10040,10136,-58,136,-120,-13404,5272,6132,-663,324,230,-12840,-5956,7776,-766,-117,-232,0
1925.786868095398,7240,6960,11896,26,-115,84,6640,-9980,10180,-81,154,-113,-13204,5140,6008,-752,395,36,-12900,-6040,7908,-827,-204,-243,0
1925.8202021121976,7076,7016,11604,128,12,49,6668,-10072,9928,-138,98,-105,-13568,5128,5932,-782,344,-26,-12868,-6028,7740,-746,-198,-215,0
1925.8537120819092,6924,6964,11908,53,-66,77,6736,-9988,9968,-84,142,-103,-13348,5144,6036,-883,183,-63,-13012,-5932,8028,-705,-127,-230,0
1925.8872230052948,7172,6980,11944,113,-24,86,6764,-10088,10108,-107,196,-66,-13508,5124,6008,-846,63,24,-12904,-6136,7692,-707,-109,-287,0
1925.92053604126,7192,7156,11828,133,14,59,6812,-10236,10036,-9,264,-19,-13480,5048,6096,-851,248,59,-12888,-6164,7984,-654,-142,-334,0
1925.9542090892792,6980,7112,11880,89,-30,21,6752,-9732,9988,-7,271,-14,-13336,5108,5956,-907,-81,59,-12800,-6172,7840,-630,-68,-352,0
1925.9879281520844,7132,7196,11868,85,-14,-45,6692,-10108,10300,30,310,-73,-13468,5192,6116,-869,-143,-27,-12816,-6268,7964,-530,64,-324,0
1926.0212070941923,6808,7300,11912,-5,-88,-5,6528,-9972,10264,145,282,-156,-13192,5148,5940,-892,-41,-124,-12652,-6212,7728,-508,149,-287,0
1926.0547809600828,6888,7208,11744,40,-41,45,6560,-9924,10224,132,144,-140,-13220,5260,6064,-1077,11,-71,-12644,-6100,7980,-531,103,-317,0
1926.0882251262665,7008,7060,12000,-97,16,108,6548,-9876,10180,451,225,-36,-13160,4868,6124,-1290,-173,-9,-12644,-6140,7796,-477,172,-239,0
1926.1244580745695,6676,7100,11772,-293,63,157,6588,-9940,10156,342,227,-40,-13228,5220,5988,-1134,-102,-43,-12612,-6116,7756,-497,259,-207,0
1926.1607260704043,6676,7200,11860,-153,-28,168,6568,-9768,10448,232,210,-75,-13272,5184,6016,-1125,-163,-50,-12780,-6280,7952,-478,283,-185,0
1926.1959171295164,6964,7216,12132,-48,-78,152,6560,-10112,10320,134,210,-98,-13464,4924,5928,-1059,-166,-109,-13016,-6216,8008,-533,184,-241,0
1926.2313640117643,6956,7232,11980,3,-108,71,6684,-10040,10164,101,254,-145,-13320,5064,6204,-1082,-143,-124,-12636,-6324,7972,-530,177,-268,0
1926.2671849727633,7076,7196,11784,51,-112,24,6676,-9932,10312,92,211,-213,-13316,5060,6056,-1059,-211,-176,-12668,-6320,7728,-541,191,-290,0
1926.3024539947507,6988,7236,11796,98,-110,-16,6576,-9872,10268,65,220,-236,-13344,5136,6048,-1066,-164,-176,-12688,-6312,7880,-540,200,-326,0
1926.3381240367892,7040,7232,11980,111,-59,-40,6712,-9804,10252,94,276,-183,-13396,5312,6136,-1025,-259,-143,-12572,-6332,7812,-563,137,-405,0
1926.3731429576874,7052,7128,11856,160,-22,-103,6576,-9876,10252,125,374,-109,-13212,5124,6056,-1118,-369,-70,-12736,-6268,7976,-556,154,-446,0
1926.4088039398193,7052,7192,11816,63,-255,-74,6464,-10096,10240,132,455,-71,-13092,5284,6152,-1174,-357,-80,-12744,-6204,7968,-535,102,-358,0
1926.4434089660645,6996,7296,11668,129,50,-39,6412,-10184,10320,137,426,18,-13028,5228,6432,-1193,-317,-68,-12764,-6224,8028,-564,-10,-334,0
1926.4795639514923,6952,7228,11984,202,161,-21,6416,-9996,10296,187,262,-36,-13180,5220,6316,-1255,-277,-126,-12636,-6288,7944,-559,30,-357,0
1926.5150060653689,6904,7368,11732,215,63,-8,6496,-10212,10244,236,288,-31,-13120,5276,6360,-1256,-289,-151,-12580,-6376,8116,-595,56,-397,0
1926.5506629943848,6772,7508,11664,252,46,-33,6616,-9864,10448,222,278,-89,-13028,5064,6436,-1237,-293,-161,-12596,-6284,7956,-549,64,-323,0
1926.5853581428528,6888,7200,11828,174,-43,-23,6376,-9844,10484,200,314,-113,-13096,5096,6456,-1264,-9,-194,-12632,-6156,7816,-451,114,-318,0
1926.6208341121674,6892,7416,11660,199,20,-8,6400,-9824,10340,228,267,-117,-13032,5024,6544,-1221,-181,-183,-12580,-6512,7840,-383,80,-291,0
1926.6570990085604,6732,7604,11988,157,17,-15,6500,-9796,10420,194,282,-130,-13192,4948,6464,-1193,-286,-153,-12756,-6504,7872,-367,93,-318,0
1926.6920981407163,6940,7664,11652,103,-35,-26,6488,-9776,10408,119,312,-113,-13084,5004,6500,-1165,-368,-110,-12648,-6196,7892,-427,112,-350,0
1926.7282190322876,6896,7556,11672,111,-4,-34,6416,-9848,10304,135,362,-94,-13124,4992,6552,-1193,-405,-156,-12608,-6656,7964,-417,173,-378,0
1926.7654120922089,6952,7564,11676,138,-12,-48,6404,-9792,10376,203,365,-109,-13128,5024,6412,-1195,-419,-130,-12708,-6440,7992,-459,184,-407,0
1926.7987129688263,6660,7524,11668,123,22,-58,6520,-9956,10508,180,449,-70,-13044,4864,6472,-1198,-482,-59,-12676,-6492,7936,-436,131,-408,0
1926.832406997681,7092,7660,11512,34,5,-73,6272,-9640,10388,210,419,-39,-12920,4908,6684,-1181,-483,-78,-12784,-6216,7916,-342,160,-308,0
1926.866019964218,6720,7676,11580,-23,65,0,6188,-9708,10524,186,379,-40,-12844,5004,6860,-1194,-343,-4,-12600,-6484,7720,-384,167,-287,0
1926.899349927902,6788,7704,11608,-23,107,75,6232,-9688,10492,153,255,-53,-12888,4960,6512,-1172,-186,-80,-12460,-6572,7824,-388,160,-188,0
1926.9328620433807,6672,7732,11624,12,16,108,6232,-9736,10456,31,198,-99,-12776,4804,6612,-1129,-98,-105,-12368,-6416,7864,-369,241,-111,0
1926.9665529727931,6640,7744,11604,-104,-54,137,6068,-9744,10640,15,136,-158,-12788,4940,6600,-1054,-80,-100,-12524,-6628,7880,-292,288,-70,0
1927.0001780986788,6764,7708,11600,-150,-119,128,6324,-9772,10552,-1,164,-237,-12808,4944,6768,-1065,-44,-127,-12596,-6560,7864,-311,264,-114,0
1927.0336689949036,6828,7704,11568,-149,-109,110,6376,-9748,10524,-248,214,-218,-12956,4956,6748,-973,-87,-114,-12696,-6448,7976,-373,290,-158,0
1927.0673689842224,6768,7912,11556,-168,-70,47,6296,-9724,10392,-25,3,-191,-12988,4940,6896,-988,-149,-99,-12624,-6524,8092,-375,210,-151,0
1927.1006801128387,6856,7612,11644,-233,-67,59,6280,-9696,10660,-11,236,-143,-12916,4960,6584,-941,-62,-56,-12316,-6464,8056,-362,181,-114,0
1927.1339831352234,6736,7652,11872,-262,-33,78,6284,-9628,10564,-75,200,-152,-12812,4868,6736,-964,-5,243,-12648,-6420,8160,-257,251,-44,0
1927.1739070415497,6796,7696,11824,-272,-57,118,6260,-9668,10520,-91,153,-210,-12948,5104,6700,-869,-248,-64,-12456,-6428,7928,-290,249,-10,0
1927.2078289985657,6824,7600,11624,-310,-111,131,6224,-9812,10388,-78,129,-239,-12732,4968,6740,-965,104,-52,-12564,-6184,7940,-235,272,24,0
1927.2413661479948,6716,7644,11732,-334,-116,187,6228,-9608,10588,-72,43,-249,-12828,4896,6876,-944,134,-83,-12740,-6516,7772,-191,261,56,0
1927.2749381065369,6756,7652,11664,-367,-175,185,6228,-9776,10536,-111,85,-281,-12848,5008,6704,-919,161,-107,-12608,-6232,8016,-245,297,97,0
1927.3082649707794,6844,7572,12004,-392,-211,162,6284,-9840,10312,-142,87,-323,-12908,4972,6972,-879,186,-139,-12692,-6360,8176,-221,293,62,0
1927.3416910171509,6776,7596,11952,-342,-193,193,6280,-9796,10532,-125,99,-4,-12848,4960,6772,-919,226,-72,-12716,-6328,7936,-201,500,68,0
1927.375056028366,6960,7588,12008,-301,-158,213,6340,-9772,10512,-136,58,-214,-12992,5112,6708,-864,260,-20,-12948,-6268,8184,-229,179,91,0
1927.408419132233,6948,7488,11868,-270,-15,218,6348,-9908,10244,-187,-42,-165,-12900,5080,6420,-870,339,-255,-12952,-6248,7776,-197,65,115,0
1927.4419419765472,6852,7512,11788,-196,253,235,6388,-9844,10560,-152,-113,-142,-12804,5004,6756,-1072,271,-47,-12624,-6240,8180,-170,97,121,0
1927.4756300449371,7120,7552,11928,-125,60,192,6368,-9900,10560,-84,-60,-158,-13276,4888,6544,-1076,1,-79,-12660,-6252,8032,-168,113,80,0
1927.509264945984,6852,7544,11864,-182,-3,193,6344,-9804,10308,-108,34,-165,-12900,5096,6596,-1085,228,-66,-12712,-6220,7964,-182,140,104,0
1927.5428659915924,6828,7460,11716,-217,-55,223,6336,-9720,10392,-106,-4,-163,-12948,4984,6660,-1017,274,-40,-12796,-6244,7836,-233,154,57,0
1927.5766000747683,6880,7432,11796,-371,-101,214,6320,-9788,10356,-42,52,-169,-12996,4996,6720,-927,246,-46,-12636,-6244,7828,-202,195,77,0
1927.6098499298091,6868,7544,11736,-379,-116,240,6392,-9744,10392,-48,66,-180,-12888,4984,6524,-948,208,-70,-12728,-6192,8028,-245,244,73,0
1927.6431500911713,6884,7500,11876,-440,-120,233,6440,-9832,10432,-92,79,-203,-12984,4892,6688,-872,316,-85,-12748,-6176,8084,-203,190,69,0
1927.676784992218,7152,7548,11788,-319,-108,210,6392,-9768,10588,-230,19,-197,-12912,5056,6496,-820,391,-44,-12756,-6388,7984,-197,96,85,0
1927.7103049755096,6896,7496,11856,-248,-39,169,6460,-9832,10436,-123,-236,-198,-13204,5140,6556,-773,371,-21,-13004,-6112,8160,-251,31,7,0
1927.7438981533053,6960,7500,11864,-199,-42,162,6508,-9904,10452,-93,91,-165,-13056,5104,6736,-866,302,-38,-12784,-6052,8060,-302,50,-35,0
1927.7773349285123,7112,7324,11768,-208,-40,163,6352,-9900,10648,-68,80,-141,-13040,5108,6652,-860,230,-77,-12632,-6096,8120,-359,28,-30,0
1927.8148601055143,6812,7328,11560,46,40,114,6604,-10008,10440,-190,63,-154,-13096,5004,6728,-916,179,-124,-12960,-6356,8060,-477,-33,-70,0
1927.850713014603,6912,7520,11840,-56,-39,130,6388,-9960,10248,-153,133,-136,-13096,5136,6388,-927,125,-26,-13036,-5984,8148,-421,28,-109,0
1927.8860330581663,6864,7456,11856,34,54,93,6456,-9888,10252,-154,145,-103,-13100,5056,6536,-922,94,-61,-12748,-6096,8112,-417,87,-111,0
1927.9218389987948,6872,7672,11696,89,46,64,6400,-9860,10260,-87,183,-114,-13120,5036,6620,-942,-7,-66,-12744,-5988,8024,-503,91,-181,0
1927.9574670791628,6852,7228,12004,27,14,47,6376,-9772,10368,-75,184,-122,-12904,5324,6644,-926,-35,-46,-12600,-6008,8096,-586,171,-195,0
1927.9930589199068,6836,7540,11768,29,-19,67,6248,-9840,10400,-97,184,-104,-12924,5080,6596,-996,-54,-107,-12692,-6144,8068,-580,114,-147,0
1928.029226064682,6796,7576,11672,252,-41,102,6488,-9824,10332,-44,206,-83,-13044,5372,6888,-1027,-1,-66,-12860,-6016,8136,-585,130,-191,0
1928.0650510787964,6728,7536,11804,-252,61,86,6424,-9956,10516,-255,176,-101,-13072,5092,6708,-1051,37,-77,-12628,-6156,7964,-614,127,-204,0
1928.1007680892944,7092,7572,11716,-20,-1,61,6388,-9816,10340,20,2,-102,-13284,5092,6600,-1133,-36,-43,-12744,-6096,8120,-587,143,-222,0
1928.1360740661619,6840,7560,11780,-74,29,18,6424,-9800,10512,73,288,-121,-12944,5000,6736,-1116,-44,-50,-12604,-6124,8116,-536,132,-213,0
1928.171782016754,6748,7564,11936,-41,-27,34,6168,-9788,10528,70,267,-124,-12860,5056,6520,-1137,-42,-85,-12672,-6232,8132,-526,142,-217,0
1928.208127975464,6772,7644,11656,-88,12,50,6336,-9744,10240,52,229,-135,-13028,5048,6624,-1101,-15,-86,-12624,-6192,8176,-552,112,-202,0
1928.2431669235227,6724,7668,11616,-82,-11,64,6256,-9816,10284,4,226,-166,-12992,4872,6516,-1109,-7,-106,-12560,-5928,7740,-495,142,-172,0
1928.2785041332245,6620,7572,11632,-112,-46,66,6364,-9860,10360,15,201,-166,-12936,5024,6632,-1127,-17,-63,-12644,-5928,8128,-499,130,-129,0
1928.313390016556,6804,7656,11672,-169,-113,125,6196,-9792,10412,8,125,-166,-12900,5012,6620,-1104,25,-131,-12780,-6168,8064,-481,202,-67,0
1928.3492851257324,6752,7616,11708,-231,-101,145,6292,-9856,10448,35,143,-195,-12992,5076,6796,-1092,86,-105,-12696,-6268,8000,-395,508,-39,0
1928.3840041160583,6724,7672,11776,-298,-140,147,6284,-9896,10536,40,132,-237,-13020,5024,6680,-1084,97,-174,-12556,-6184,8188,-428,250,-83,0
1928.4196560382843,6732,7564,11652,-288,-195,160,6348,-9956,10476,10,146,-238,-12856,5024,6812,-1054,39,-120,-12676,-6284,8100,-453,227,-80,0
1928.454994916916,6424,7436,11556,-246,-151,136,6436,-9888,10524,42,152,-510,-13280,5028,6736,-1028,14,-156,-12828,-6216,8112,-458,201,-134,0
1928.4886770248413,6864,7544,11740,-255,-166,89,6332,-9924,10240,56,158,-237,-13020,5024,6884,-1069,-8,-102,-12792,-5892,8024,-459,144,-165,0
1928.5223701000214,6888,7512,11716,-239,-120,94,6280,-9868,10416,70,219,-195,-12928,5024,6628,-1033,-70,-97,-12740,-6036,8112,-453,193,-171,0
1928.5560169219973,6816,7572,11868,-274,-115,116,6304,-9804,10456,62,189,-207,-13024,5200,6868,-1115,-48,-108,-12692,-6140,8212,-436,151,-84,0
1928.5897030830383,6768,7588,11792,-294,-67,143,6268,-9736,10620,58,111,-204,-12928,5028,6692,-1080,99,-111,-12672,-6000,8036,-391,200,-24,0
1928.6229951381683,6760,7568,11832,-290,-111,194,6252,-9828,10372,39,51,-239,-12912,5056,6716,-1088,142,-95,-12676,-5976,8044,-404,239,-17,0
1928.6566579341888,6792,7572,11648,-309,-145,237,6292,-9816,10656,50,70,-216,-12968,5072,6740,-1088,160,-101,-12700,-6096,8104,-444,255,-245,0
1928.6900529861452,6776,7548,11904,-298,-157,230,6320,-9816,10520,66,37,-512,-12932,4968,6648,-1065,211,-123,-12748,-6104,8228,-441,238,-13,0
1928.7236280441284,6784,7476,11844,-332,-196,185,6404,-9896,10392,17,59,-261,-13024,4948,7136,-1048,177,-185,-12744,-6236,7952,-437,249,-61,0
1928.7574169635773,6828,7496,11820,-339,-185,172,6616,-9760,10512,16,120,-272,-12908,4892,6752,-1270,69,-152,-12704,-6096,8176,-459,177,-122,0
1928.7909641265867,6756,7524,11700,-312,-179,127,6284,-9788,10468,-5,153,-229,-12872,4988,6672,-1039,88,-120,-12736,-6200,7912,-462,239,-71,0
1928.8245019912724,6852,7436,11624,-362,-230,169,6312,-9664,10316,40,161,-252,-12848,4964,6676,-910,156,-108,-12728,-6088,8068,-396,306,-11,0
1928.8581330776215,6888,7496,11708,-432,-165,200,6368,-9744,10544,32,45,-280,-13012,4936,6756,-959,213,-112,-12720,-5976,8008,-391,295,-42,0
1928.8914711475372,7140,7656,11988,-488,-186,269,6412,-9796,10468,29,-12,-269,-12952,5036,6576,-1272,300,-113,-12736,-6084,8248,-457,377,12,0
1928.9250040054324,6856,7432,11708,-519,-246,302,6368,-9716,10724,73,-52,-266,-13048,4928,6796,-982,265,-116,-12740,-6160,8016,-468,306,42,0
1928.9586949348452,6828,7472,11888,-404,-277,264,6196,-9796,10476,-85,57,-274,-13000,5012,6696,-894,151,-113,-12920,-6068,7980,-453,303,21,0
1928.9924049377444,6924,7320,11824,-434,-264,244,6524,-9968,10532,-65,68,-268,-13136,5084,6512,-951,172,-102,-12872,-5896,8064,-405,272,-31,0
1929.0258579254153,7068,7316,11816,-364,-230,232,6492,-9804,10448,-30,50,-198,-12920,4988,6772,-964,175,-86,-12804,-5968,8048,-412,190,-25,0
1929.0594599246976,6860,7280,11976,-362,-154,209,6352,-9540,10372,-61,56,-201,-12952,4952,6660,-943,224,-84,-12684,-5940,8024,-425,107,-34,0
1929.0929751396177,6792,7404,11900,-353,-141,210,6340,-9928,10476,-69,29,-238,-12856,5100,6788,-967,223,-100,-12800,-5984,7988,-388,152,251,0
1929.1266601085663,6896,7312,11916,-275,-156,206,6284,-9760,10260,-73,35,-254,-12992,5024,6676,-954,261,-127,-12576,-6104,8088,-402,174,-44,0
1929.1602311134336,6988,7280,11836,-288,-149,210,6492,-9728,10344,-62,54,-254,-12968,5052,6536,-854,332,-127,-12564,-5700,8100,-546,200,-41,0
1929.1937389373775,6940,7344,11908,-205,-68,164,6368,-9768,10408,-135,46,-253,-12960,4940,6652,-855,341,-83,-12852,-6104,8064,-493,193,-30,0
1929.2273910045624,7028,7276,11656,-228,-114,163,6496,-9692,10240,-139,17,-236,-13052,4972,6652,-888,264,-75,-12864,-6124,7896,-412,196,-68,0
1929.2607090473173,7092,7264,11816,-268,-65,157,6508,-9968,10376,-121,33,-223,-13064,5000,6560,-879,224,-115,-13048,-5984,7988,-441,199,-19,0
1929.2941880226133,6964,7288,11912,-248,7,150,6500,-9852,10376,-101,3,-192,-13108,5072,6468,-851,289,-50,-12852,-6076,7984,-458,134,9,0
1929.3278491497044,6964,7360,11864,-207,29,162,6624,-9928,10312,-102,7,-190,-13092,4936,6652,-835,208,-44,-12740,-5960,7820,-399,129,-51,0
1929.361361026764,6908,7248,11788,-211,-70,157,6488,-9744,10392,-124,45,-222,-13100,4944,6760,-839,130,-88,-12828,-5960,8096,-377,145,-101,0
1929.3945231437683,6968,7224,11800,-231,-60,145,6540,-9788,10516,-91,98,-216,-13084,5040,6812,-812,115,-85,-12732,-6028,8040,-387,111,-117,0
1929.4282319545748,7064,7208,11972,-201,-59,111,6528,-9808,10472,-101,122,-233,-13120,5076,6400,-848,99,-59,-12760,-5856,7904,-326,82,-131,0
1929.4617180824284,7036,7200,11732,-215,-25,91,6412,-9772,10280,-11,112,-194,-13036,5020,6420,-918,-254,-33,-12816,-5752,7960,-249,75,-117,0
1929.4997739791868,7144,7220,11732,-227,-37,114,6528,-9652,10400,40,134,-218,-13104,5032,6472,-984,-47,-1,-12740,-6124,7888,-168,74,-116,0
1929.5350339412687,6972,7212,11752,-222,-29,124,6464,-9764,10464,111,138,-242,-12932,4968,6460,-1039,-3,-8,-12548,-5660,8080,-73,104,-52,0
1929.5707979202273,6920,7248,11888,-288,-40,180,6580,-9748,10360,192,111,-229,-12856,5076,6456,-1079,-34,28,-12824,-5824,8076,6,93,-1,0
1929.60585808754,6976,6924,11856,-356,-104,171,6640,-9760,10356,256,184,-234,-13072,5108,6252,-1105,-53,-33,-12828,-5864,8060,-32,134,-47,0
1929.6412091255188,6664,7372,12248,-409,-33,173,6452,-9788,10208,0,191,-188,-13024,5112,6732,-1088,-59,-240,-12856,-5848,8008,-54,158,-88,0
1929.6762161254883,6920,7244,11772,-344,-21,149,6488,-9796,10384,135,154,-217,-12972,5084,6480,-1042,-59,-18,-12848,-5800,8164,-157,138,-124,0
1929.711951971054,7148,7204,11916,-376,-11,111,6448,-9744,10300,114,218,-216,-13048,5080,6624,-997,-56,-1,-12788,-5716,8048,-208,194,-104,0
1929.7477650642395,6872,7084,11892,-340,10,109,6420,-9796,10364,77,159,-185,-12908,5176,6636,-769,1,-58,-12792,-5772,8172,-282,229,-137,0
1929.7825689315796,6880,7284,11828,-506,-3,97,6424,-9552,10592,86,182,-185,-13292,5088,6776,-1012,4,1,-12596,-5828,7940,-317,190,-100,0
1929.8186810016632,6908,7216,11984,-266,-28,122,6492,-9720,10524,14,168,-172,-12972,5092,6708,-963,27,-16,-12564,-5868,8064,-371,168,-125,0
1929.854367017746,6856,7108,11868,-216,2,114,6432,-9636,10272,-32,111,-180,-12984,5128,6556,-925,44,-19,-12740,-5800,7948,-389,175,-140,0
1929.8902280330656,6896,7344,11804,-288,28,130,6396,-9660,10512,18,72,-184,-12916,5128,6608,-913,154,-26,-12720,-5756,8020,-387,192,-111,0
1929.9255640506744,6952,7176,11852,-312,18,124,6516,-9720,10448,-16,57,-242,-12900,4880,6476,-919,130,-49,-12564,-5656,7960,-378,227,-70,0
1929.9612550735474,6820,7368,11928,-291,-62,135,6456,-9740,10424,-256,36,-234,-12888,5364,6832,-876,126,-69,-12748,-5808,8168,-415,254,-71,0
1929.9961841106415,6960,7180,12116,-310,-43,143,6496,-9736,10484,-61,51,-5,-12912,5324,6904,-915,137,-106,-12552,-5756,8208,-427,244,-58,0
1930.0317361354828,6936,6924,12104,-313,-82,145,6528,-9796,10540,-62,79,-205,-12916,5112,6640,-864,148,-88,-12908,-6136,8008,-488,237,-98,0
1930.0676119327543,7056,7148,11928,-296,-56,146,6492,-9512,10408,-81,67,-247,-13012,5192,6576,-837,130,-105,-12848,-5720,7988,-505,256,-91,0
1930.1025741100311,6920,7124,12008,-254,-82,130,6536,-9684,10448,-92,90,-252,-12944,5340,6604,-845,78,-101,-12892,-5696,7996,-553,278,-148,0
1930.13848400116,6700,7068,12228,-292,-125,111,6660,-9784,10592,-103,134,-243,-12972,5136,6700,-831,79,-111,-12936,-5768,7948,-541,7,-131,0
1930.1719200611115,7048,7112,12008,-240,-108,100,6624,-9968,10340,-90,167,-244,-12996,5148,6572,-880,21,-105,-12932,-5808,8052,-553,505,-136,0
1930.205327987671,6932,7048,12012,-196,-64,102,6444,-9684,10480,-72,150,-213,-12916,4880,6444,-820,74,-83,-12896,-5696,8168,-524,213,-122,0
1930.23885512352,7116,6988,12040,-207,-58,105,6480,-9724,10392,-88,139,-201,-12860,5220,6852,-839,53,-109,-12844,-5764,8080,-531,236,-124,0
1930.2725920677183,6836,7048,12004,-241,-96,115,6504,-9692,10472,-109,137,-197,-12968,5240,6460,-858,91,-102,-12872,-5704,8096,-530,204,-140,0
1930.3058049678805,7140,7108,11916,-204,-88,148,6512,-9724,10420,-125,104,-179,-12928,5124,6596,-897,84,-35,-12840,-5748,8120,-766,167,-88,0
1930.3394589424133,6908,7060,12056,-213,-44,155,6516,-9848,10436,-77,68,-159,-12960,5200,6588,-907,75,-22,-12872,-5704,8004,-533,174,-83,0
1930.3729500770569,6984,7116,12064,-228,-12,176,6588,-9744,10380,-64,65,-163,-12888,5168,6868,-970,96,-56,-12860,-5808,8012,-519,194,-90,0
1930.406026124954,7136,7112,11860,-173,-61,138,6592,-9540,10384,-103,107,-182,-12980,5100,6640,-919,67,-63,-12800,-5816,8040,-561,195,-123,0
1930.4398419857023,6980,7096,12052,-259,-81,52,6636,-9772,10488,-85,141,-211,-12904,5232,6576,-885,107,-109,-13056,-5748,8036,-597,237,-132,0
1930.4735829830172,6848,7060,11924,-218,-36,95,6596,-9732,10424,-34,85,-209,-12908,5168,6600,-900,119,-67,-12948,-5760,8052,-575,190,-158,0
1930.5071620941164,6956,7104,11884,-192,-29,104,6672,-9936,10496,-7,71,-204,-12980,5256,6392,-889,109,-59,-12952,-5780,8100,-572,165,-150,0
1930.5407090187073,6880,7004,12284,-191,-43,75,6660,-9780,10392,-64,139,-190,-13072,5108,6644,-927,109,-40,-12836,-5776,8040,-547,145,-122,0
1930.5742001533508,6848,7080,12032,-269,-10,92,6532,-9784,10536,-27,103,-202,-12940,5160,6900,-952,125,-120,-12876,-5820,7908,-549,171,-141,0
1930.6076979637148,7060,6972,11904,-191,-254,114,6592,-9716,10448,250,71,-186,-12968,5208,6600,-983,113,-88,-12840,-5840,7856,-553,173,-138,0
1930.641025066376,6856,6988,12236,-234,-10,136,6564,-9656,10448,23,96,-206,-12952,5184,6552,-974,150,-82,-13044,-5704,8060,-579,191,-82,0
1930.6744000911713,6796,7080,12020,-184,-47,135,6544,-9924,10372,20,106,-198,-12952,5160,6632,-1070,144,-103,-12900,-5924,8152,-542,161,-118,0
1930.7076740264893,6936,7004,11984,-7,-37,153,6484,-9732,10464,63,65,-217,-12956,5192,6632,-1039,231,-130,-12868,-5804,8048,-579,186,-94,0
1930.7411999702454,6832,7004,11992,-263,-253,166,6592,-9776,10532,179,57,-237,-12932,5116,6492,-1000,326,-96,-12876,-5784,7944,-687,197,-109,0
1930.7747280597687,6888,6992,12184,-235,-68,165,6564,-9556,10444,144,68,-192,-12932,5096,6580,-1080,241,-82,-12872,-5836,7988,-732,226,-102,0
1930.80829000473,6848,7156,11956,-240,-183,152,6412,-9692,10388,63,73,-218,-12916,5224,6504,-1105,179,-143,-12932,-5812,7980,-633,235,-104,0
1930.8416020870209,6732,6952,12080,-271,-185,128,6624,-9776,10292,19,84,-246,-12972,5244,6572,-1154,170,-122,-12960,-5872,7920,-591,196,-102,0
1930.8752770423887,7036,7000,11832,-276,-150,134,6528,-9576,10380,117,97,-227,-12956,5316,6612,-1125,107,-150,-12844,-5828,7980,-655,212,-128,0
1930.908515930176,6964,7096,12096,-285,-164,146,6508,-9976,10272,115,78,-221,-13308,5312,6476,-1147,193,-130,-12896,-5872,7860,-682,179,-115,0
1930.9418959617615,6896,6940,12012,-230,-182,127,6564,-9580,10448,111,58,-217,-12840,5072,6600,-1268,203,-161,-12896,-5904,7924,-580,211,-47,0
1930.975589990616,6920,7044,11876,-261,-245,166,6672,-9676,10520,145,49,-219,-12888,5164,6712,-1297,197,-116,-12840,-5864,8168,-629,223,-69,0
1931.0090811252594,6888,6984,11892,-257,-136,172,6428,-9640,10496,89,88,-209,-12824,5328,6552,-1196,202,-156,-12876,-5876,7800,-715,184,-86,0
1931.0425910949707,7136,6680,12036,-225,-193,191,6628,-9700,10428,50,96,-233,-12968,5060,6548,-1189,201,-147,-12612,-5812,8084,-605,213,-82,0
1931.0762100219729,6744,6996,11844,-250,-153,177,6564,-9584,10736,-16,56,-221,-13032,5128,6644,-1201,245,-94,-12936,-5636,7860,-661,162,-77,0
1931.1096811294556,6924,6680,12216,-215,-9,162,6628,-9740,10376,63,44,-182,-13060,4908,6504,-1121,209,-107,-12876,-5808,7796,-607,170,-82,0
1931.1427741050725,7032,6980,12092,-301,-154,182,6600,-9728,10444,121,116,-191,-13272,4932,6600,-1129,195,-109,-12904,-5860,7892,-506,196,-93,0
1931.1807460784912,7028,6932,12116,-216,-149,137,6608,-9656,10576,88,158,-215,-13032,5192,6568,-1090,82,-153,-12908,-5800,7896,-468,191,-76,0
1931.2171390056612,6900,6940,12064,-311,-130,130,6608,-9676,10504,102,123,-233,-12948,5280,6544,-1074,147,-158,-12976,-5768,7912,-456,233,-68,0
1931.2522470951085,6896,6892,12248,-252,-141,141,6640,-9556,10444,37,119,-186,-12988,5120,6608,-1056,206,-90,-13012,-5828,8152,-456,159,-49,0
1931.2876260280607,6816,6880,11976,-226,-153,164,6552,-9644,10256,33,98,-181,-12988,5148,6460,-1059,141,-110,-12872,-5840,7864,-466,126,-77,0
1931.3233630657196,6964,6876,11944,-218,-133,140,6632,-9664,10256,-12,137,-186,-13028,5132,6752,-1061,65,-89,-12936,-5828,7928,-500,171,-107,0
1931.3588089942932,6764,6860,11804,-183,-163,132,6608,-9584,10508,-251,134,-186,-13004,4992,6892,-1057,35,-118,-12888,-5816,7892,-551,169,-83,0
1931.3939089775083,6896,6688,11972,-120,-146,136,6476,-9536,10520,0,121,-210,-12992,5040,6308,-1075,153,-98,-12864,-5744,7996,-558,175,-77,0
1931.429536104202,6688,6868,12016,-126,-90,115,6740,-9544,10408,-12,109,-205,-13020,5076,6744,-1061,108,-128,-12876,-5852,7772,-595,159,-99,0
1931.4649100303652,6980,6856,12052,-126,-89,124,6652,-9596,10464,-96,112,-206,-13052,5068,6408,-1075,75,-37,-12888,-5828,7832,-544,158,-124,0
1931.5004110336304,7016,6672,11868,-130,-34,110,6688,-9500,10532,-96,111,-161,-13048,5036,6760,-994,120,-94,-12944,-5884,7888,-578,97,-135,0
1931.53600692749,6948,6932,11864,-97,91,84,6428,-9488,10736,-88,108,-117,-12896,5052,6472,-1011,191,-26,-12972,-5860,7952,-539,75,-110,0
1931.5716040134428,7112,6968,12136,-99,137,73,6744,-9556,10440,-96,115,-153,-13068,4956,6444,-1007,139,-69,-12876,-5800,7876,-472,145,-94,0
1931.607703924179,6992,6676,11964,-152,127,43,6688,-9544,10512,-83,172,-150,-13084,4964,6496,-1068,20,-65,-13004,-5764,7888,-457,177,-129,0
1931.6429209709167,6972,6748,12088,-108,75,36,6748,-9712,10520,-43,167,-141,-13048,5072,6648,-1048,35,-52,-12928,-5852,7924,-467,174,-120,0
1931.6788101196287,7008,6880,12068,-113,106,82,6532,-9664,10332,253,172,-142,-13008,5072,6548,-1081,-30,-86,-12892,-6124,7828,-404,244,-114,0
1931.7144291400907,6924,6940,11808,-111,101,65,6508,-9668,10552,-30,168,-163,-13020,5100,6576,-1084,-6,-128,-12812,-5768,7828,-400,280,-78,0
1931.7506029605868,7164,6904,11636,-221,56,84,6524,-9620,10400,-86,140,-187,-12968,4880,6432,-1056,8,-66,-12980,-5640,8032,-408,305,-118,0
1931.785931110382,6876,7004,12004,-192,223,95,6596,-9588,10376,-69,144,-177,-12992,4864,6420,-1054,253,-57,-13060,-5740,7888,-354,341,-85,0
1931.8219051361084,6892,6900,12092,-146,275,121,6652,-9664,10524,-34,137,-144,-13024,4888,6640,-1208,-78,-63,-12972,-5756,7724,-310,540,-142,0
1931.8555700778963,7112,6856,12184,-161,472,117,6884,-9620,10544,63,52,-140,-13004,5028,6608,-1295,-261,-86,-12956,-6072,7788,-293,669,-159,0
1931.8890039920807,6756,6936,12232,-102,319,87,6592,-9584,10520,-6,142,-165,-13096,4988,6736,-1155,-381,-39,-12912,-5796,7712,-306,538,-166,0
1931.9224150180817,6772,6932,12084,-90,61,27,6592,-9596,10516,-97,186,-162,-13028,5300,6900,-972,-472,-86,-12896,-5780,7796,-236,460,-204,0
1931.9558100700376,6824,6900,12164,-134,-14,42,6696,-9552,10240,-161,220,-160,-12912,5328,6632,-1036,-296,-84,-13088,-5744,7844,-508,401,-191,0
1931.9891939163208,6880,6936,12132,-114,21,64,6560,-9564,10668,-175,198,-144,-12916,5120,6836,-898,-281,-42,-12912,-5888,7468,-279,510,-163,0
1932.022630929947,6768,6956,12168,-124,-113,79,6528,-9676,10556,-226,230,-124,-12908,5092,6764,-863,-301,230,-12956,-5868,7800,-289,172,-176,0
1932.0564589500427,6816,6940,12468,-62,-134,40,6512,-9616,10484,-293,242,-138,-12932,4992,6732,-947,-311,-44,-13028,-5792,7684,-278,217,-144,0
1932.09001994133,6812,6964,12224,-36,-192,67,6592,-9680,10488,-332,233,-96,-12836,5108,6868,-976,-216,-16,-13036,-5780,7912,-382,204,-142,0
1932.1234710216524,6640,6968,12216,-68,-126,86,6576,-9732,10428,-163,217,-145,-12984,4884,6832,-936,-116,-92,-12860,-5784,7960,-396,199,-121,0
1932.1568400859833,6816,7156,12244,-58,-135,98,6592,-9744,10488,-199,237,-160,-12856,5056,6784,-953,-88,-114,-12956,-5812,7744,-392,198,-125,0
1932.1937661170964,6864,6908,12140,-118,-176,104,6604,-9640,10736,-134,199,-164,-12904,5292,6936,-979,-86,-111,-13276,-5852,7788,-360,144,-153,0
1932.2273900508883,6936,6972,12088,-115,-111,66,6488,-9800,10696,-168,224,-159,-12820,5028,6840,-967,-18,-73,-13076,-5748,7852,-419,86,-139,0
1932.2610790729525,6756,6940,11928,-119,-107,84,6656,-9712,10384,-100,192,-154,-12848,4876,7092,-987,10,-35,-12988,-5800,7796,-445,90,-120,0
1932.2947030067444,6680,7016,11876,-87,-101,86,6596,-9724,10328,-103,193,-149,-13004,5292,6768,-1013,33,-33,-12912,-5812,7684,-423,76,-127,0
1932.3282880783083,6804,7096,12056,-131,-99,73,6592,-9792,10472,-164,207,-158,-12820,5056,6872,-1030,78,-59,-12952,-5808,7564,-299,-21,-141,0
1932.3618500232697,7020,7340,12204,-91,-202,75,6404,-9820,10708,-117,231,-190,-12820,5080,6732,-1081,93,-99,-12956,-5684,7692,-449,73,-136,0
1932.3953909873965,6832,6928,11932,-130,-144,70,6420,-9636,10440,-94,228,-159,-12776,5156,6776,-1071,83,-108,-12912,-5788,7800,-454,41,-103,0
1932.4290499687195,6844,6996,12092,-120,-144,64,6520,-9664,10244,-86,243,-145,-12832,5056,6672,-1115,196,-124,-12972,-5784,7768,-261,23,-123,0
1932.4624059200287,6720,6996,12084,-112,-164,79,6500,-9724,10432,-64,245,-175,-13056,5340,7044,-1091,232,-85,-13044,-5744,7808,-575,-21,-99,0
1932.4959969520569,6844,7108,12064,-87,-159,94,6488,-9768,10488,-95,179,-151,-12804,5080,6940,-1135,246,-61,-13024,-5760,7748,-641,-19,-103,0
1932.529547929764,6772,7128,12168,-108,-161,103,6448,-9484,10724,-96,180,-147,-13036,5104,6684,-1172,282,-90,-13084,-5760,7804,-702,-40,-102,0
1932.5631029605868,6836,6996,12160,-91,-171,90,6468,-9696,10296,-112,170,-169,-12552,5072,6832,-1081,271,-87,-12924,-5868,7480,-686,-41,-88,0
1932.5967650413513,6716,7012,12092,-65,-135,101,6572,-9728,10524,-77,147,-159,-12896,5080,7080,-1100,231,-64,-13052,-5708,7904,-686,-255,-125,0
1932.6301729679108,6740,6960,12272,-129,-118,98,6536,-9864,10512,-28,152,-145,-12880,5068,6960,-1137,209,-63,-12980,-5792,7968,-729,68,-149,0
1932.6637229919434,6816,7096,12068,-139,-115,111,6576,-9508,10312,-18,170,-179,-12836,4952,7136,-1153,242,-61,-12960,-6136,7812,-673,48,-132,0
1932.6974070072174,6788,7016,12176,-147,-147,77,6512,-9788,10460,-47,175,-200,-12896,5056,6844,-1102,238,-112,-12988,-5868,7844,-679,103,-131,0
1932.7307651042936,6872,7084,12204,-198,-173,91,6424,-9820,10584,-24,129,-203,-12824,4868,6796,-1133,291,-121,-12960,-5832,7804,-614,139,-105,0
1932.7642850875854,6764,6956,12044,-146,-193,127,6504,-9784,10368,-21,131,-195,-12840,5068,6824,-1115,237,-103,-12976,-5860,7844,-609,111,-95,0
1932.7979819774628,6844,6984,12084,-181,-158,119,6492,-9736,10396,-27,149,-196,-12856,5084,6892,-1048,260,-109,-12824,-5880,7880,-617,86,-89,0
1932.833867073059,6804,7028,12076,-235,-179,163,6560,-9760,10448,-54,125,-219,-12852,5048,6888,-1055,261,-112,-12952,-5764,7812,-611,124,-93,0
1932.8692419528963,6844,7144,11868,-234,-163,160,6424,-9836,10392,-38,148,-226,-12924,5320,6908,-1036,267,-105,-13008,-5764,7820,-621,141,-74,0
1932.90447306633,6860,7032,12100,-223,-177,192,6528,-9760,10508,1,80,-213,-12920,5040,6772,-1062,508,-156,-12888,-5860,7876,-632,160,-101,0
1932.9403920173643,6816,7000,11912,-213,-190,171,6444,-9716,10376,1,63,-226,-12920,5032,6848,-1275,274,-102,-13044,-5872,7704,-611,186,-74,0
1932.9760861396787,6852,7072,12092,-203,-226,163,6532,-9708,10312,1,60,-246,-12992,4968,6804,-1048,259,-162,-13128,-5852,7944,-581,153,-59,0
1933.0118341445923,6948,7032,12288,-220,-180,186,6532,-9804,10412,-13,90,-234,-13088,5080,6740,-998,211,-137,-13000,-5800,7732,-588,165,-69,0
1933.0475919246674,6876,7120,12100,-195,-232,164,6576,-9752,10492,2,122,-224,-12972,4876,6828,-979,198,-108,-12992,-5940,7708,-561,151,-100,0
1933.0829160213473,6968,7064,11792,-248,-202,154,6580,-9700,10428,-10,129,-203,-12956,5000,6716,-990,174,-111,-12968,-5760,7780,-545,105,-107,0
1933.1186940670013,6960,7008,11908,-222,-156,130,6624,-9776,10428,18,145,-189,-12920,5052,6688,-975,225,-82,-12956,-5772,7708,-555,116,-111,0
1933.1533999443054,6912,6920,11900,-214,-178,150,6528,-9756,10296,-252,111,-211,-12912,5088,6768,-998,168,-130,-12948,-5824,7684,-540,161,-117,0
1933.1893129348755,7128,6708,11780,-191,-172,124,6524,-9940,10660,28,136,-206,-12928,4940,6892,-1001,121,-104,-12888,-6120,7892,-546,153,-98,0
1933.2247960567474,6664,6876,12040,-194,-170,138,6528,-9724,10324,9,128,-190,-12928,5012,6856,-1033,117,-165,-13000,-5660,7876,-521,140,-76,0
1933.2602119445803,7120,7112,11980,-198,-173,155,6460,-9736,10372,-254,105,-221,-12948,4900,6804,-1006,159,-118,-12940,-5860,7804,-562,134,-88,0
1933.2951500415804,6916,7032,11964,-156,-140,178,6528,-9528,10412,-20,108,-206,-13032,4968,6784,-965,144,-105,-12872,-5820,7816,-576,160,-68,0
1933.3311541080475,7008,7040,12196,-194,-146,148,6536,-9724,10440,-28,117,-203,-13040,4948,6740,-968,149,-54,-13052,-5852,7924,-529,117,-113,0
1933.3672721385956,6892,6972,11896,-177,-110,144,6520,-9664,10716,-66,128,-185,-13032,5008,6788,-957,145,-79,-13000,-5836,7756,-515,53,-81,0
1933.4025120735168,7032,6876,12084,-166,-108,139,6632,-9852,10452,-32,154,-153,-13012,4928,6468,-953,60,-63,-12940,-5888,7788,-554,114,-145,0
1933.4383680820463,7056,7164,12072,-172,-66,98,6568,-9772,10520,-36,187,-140,-12900,4960,6816,-930,54,-59,-12976,-5896,7800,-542,117,-174,0
1933.4748771190643,7148,6940,11896,-123,18,64,6532,-9624,10408,-63,191,-132,-13048,5064,6808,-898,72,-57,-12940,-5896,7764,-510,93,-140,0
1933.5083119869232,6948,7008,12092,-103,-50,70,6620,-9840,10348,-57,192,-195,-13016,5060,6624,-864,103,-78,-12996,-5816,7756,-536,131,-151,0
1933.541813135147,7000,7000,12284,-100,-253,67,6548,-9692,10316,-60,180,-164,-12988,4976,6588,-896,76,-251,-13052,-5868,7904,-536,101,-140,0
1933.5756299495695,6900,7048,12056,-52,41,109,6480,-9664,10360,-92,152,-120,-12956,5056,6656,-927,77,-28,-12876,-6140,7840,-519,54,-181,0
1933.6091139316559,6952,7100,11996,-87,33,94,6460,-9724,10448,-96,174,-107,-12900,5032,6408,-968,58,-31,-12844,-5924,7852,-542,43,-174,0
1933.642270088196,6916,7060,11908,-105,-10,56,6480,-9816,10408,-143,192,-153,-12892,5080,6616,-908,63,-34,-12924,-6016,7856,-546,78,-172,0
1933.6756711006165,7096,7020,11916,-65,2,76,6572,-9964,10376,-134,150,-138,-13004,5040,6756,-883,96,-57,-12904,-5888,7852,-547,115,-141,0
1933.7091679573057,6840,6876,12368,-60,-255,85,6436,-9784,10340,-135,148,-166,-12952,4996,6624,-895,118,-64,-12888,-5836,7744,-534,122,-146,0
1933.7423820495603,7148,6964,12140,-30,17,101,6484,-9976,10368,-128,121,-161,-13004,5044,6680,-876,124,-73,-12924,-5908,7920,-560,127,-171,0
1933.7759749889374,7136,7020,11968,-44,-42,75,6608,-9792,10064,-140,159,-169,-12988,5124,6616,-860,108,-86,-12916,-5912,7852,-546,119,-122,0
1933.80961894989,6656,6940,11932,-84,-7,76,6528,-9808,10488,-109,172,-161,-12884,5024,6732,-883,110,-54,-13052,-6144,7696,-536,115,-135,0
1933.843114137649,6656,7080,11872,-92,-4,97,6588,-9736,10304,-116,154,-170,-12940,5056,6576,-884,45,-24,-12892,-5948,7756,-571,113,-173,0
1933.8765389919283,6800,7028,12072,-52,-31,90,6504,-9688,10472,-113,180,-165,-12868,4956,6488,-891,54,-89,-12888,-5976,7984,-509,114,-146,0
1933.909713983536,7004,7060,12028,-58,-78,75,6596,-9860,10372,-145,151,-177,-12920,4968,6692,-890,68,-95,-12928,-5868,7892,-536,123,-161,0
1933.9430360794067,6848,7060,11912,-69,-73,46,6448,-9748,10528,-105,162,-186,-12980,5068,6712,-860,40,-26,-12936,-5876,7784,-538,107,-176,0
1933.9769430160525,6864,7076,11964,-90,-68,73,6576,-9764,10352,-91,163,-150,-12952,5176,6652,-856,51,-15,-12908,-5984,7804,-524,88,-158,0
1934.0105710029604,6900,7056,12072,-56,-72,94,6192,-9908,10340,-143,142,-142,-12916,5112,6592,-870,78,-58,-13052,-6128,7800,-543,90,-146,0
1934.0439529418943,6864,7084,12184,-32,-72,86,6480,-9876,10368,-122,118,-148,-13012,5128,6588,-801,102,-79,-13040,-5928,7892,-563,77,-128,0
1934.0774030685425,6916,7136,12020,-20,-55,95,6500,-9860,10540,-154,125,-154,-12996,5104,6528,-855,88,-63,-12788,-5896,7892,-525,104,-162,0
1934.1112771034243,6852,7124,12080,-25,-81,88,6528,-9724,10416,-148,144,-183,-12908,5192,6628,-818,116,-59,-12876,-5888,7768,-524,138,-146,0
1934.1444950103764,7016,7124,11944,-19,-64,104,6544,-9780,10488,-148,155,-186,-12868,5136,6668,-805,49,-18,-12928,-5844,7888,-555,101,-121,0
1934.1780989170074,6840,7136,11916,-50,-69,114,6440,-9800,10400,-97,143,-168,-12972,4936,6528,-837,13,-40,-12940,-5732,7820,-527,108,-165,0
1934.2117609977724,6904,7072,11936,-106,-65,110,6508,-9816,10320,-94,127,-162,-12984,5320,6584,-866,63,-76,-12960,-5932,7876,-263,87,-155,0
1934.2451670169828,6772,7196,12156,-87,-35,107,6460,-9756,10396,-115,126,-154,-12900,5168,6528,-862,24,-40,-12900,-6008,7828,-528,109,-157,0
1934.278615951538,6888,7116,12060,-122,-53,86,6484,-9936,10460,-94,164,-185,-12884,5064,6764,-926,16,-56,-12912,-5992,7816,-490,143,-153,0
1934.3123049736023,6864,7112,11940,-122,-79,84,6640,-9912,10300,-100,125,-153,-12840,5200,6720,-922,30,-56,-12904,-6016,8008,-492,151,-139,0
1934.3458371162415,6684,6928,11956,-75,-104,94,6312,-9764,10388,-49,143,-170,-12848,5028,6552,-927,19,-76,-12824,-6016,7828,-460,128,-126,0
1934.3794219493868,6824,7208,12272,-131,-67,114,6500,-9904,10332,-37,130,-180,-12952,5164,6772,-985,61,-58,-12892,-6012,7984,-488,149,-115,0
1934.4129290580747,7120,7140,11992,-144,-65,110,6464,-9976,10316,-22,120,-184,-12620,4884,6672,-1002,2,-82,-12884,-5972,7828,-474,206,-111,0
1934.446537017822,6864,7096,11868,-105,-101,88,6356,-9836,10344,-12,149,-199,-12916,4872,6836,-1276,43,-62,-12936,-6080,7836,-519,175,-129,0
1934.4800951480868,6796,7156,11976,-171,-139,124,6452,-9752,10408,-15,145,-185,-13036,5260,6468,-1014,38,-90,-12968,-6012,7884,-518,195,-157,0
1934.5159821510315,6944,6932,11892,-102,-81,116,6520,-9876,10352,-3,145,-184,-12888,5296,6592,-940,47,-85,-12956,-5956,7864,-511,207,-113,0
1934.5523059368134,6960,7172,12008,-146,-86,117,6456,-9836,10392,252,132,-193,-12744,5192,6624,-1019,65,-99,-12896,-5644,7812,-490,164,-123,0
1934.5874910354614,6840,7068,12200,-150,-116,111,6508,-9872,10372,-4,137,-177,-12948,5104,6816,-1016,59,-93,-12956,-5932,7904,-501,155,-150,0
1934.6239161491394,6864,7128,11832,-165,-109,104,6496,-9848,10344,4,179,-184,-13020,5144,6792,-1039,6,-81,-12884,-5984,7908,-476,183,-152,0
1934.6596210002897,6800,7120,12000,-142,-83,97,6464,-9904,10408,-35,181,-175,-12932,5184,6704,-998,68,-80,-12748,-5948,7920,-486,160,-140,0
1934.6946611404417,6808,7084,11996,-144,-126,91,6440,-9892,10364,12,168,-206,-12864,5232,6716,-1051,40,-143,-12956,-5888,7884,-488,194,-144,0
1934.7311739921572,6860,7124,11956,-171,-69,113,6180,-9796,10320,43,169,-190,-12912,5196,6900,-1111,54,-63,-12848,-6000,8012,-456,200,-134,0
1934.7661309242249,7004,7144,11936,-171,-101,82,6464,-9912,10392,20,141,-209,-12892,5200,6684,-1090,95,-119,-12936,-5984,7876,-454,180,-98,0
1934.8018851280212,6948,7028,12024,-189,-125,118,6492,-9912,10256,40,147,-195,-12900,5220,6864,-1132,140,-79,-12888,-5968,7824,-444,195,-93,0
1934.8374371528628,6896,6976,12220,-180,-175,166,6232,-9784,10336,56,139,-208,-12816,5128,6868,-1189,133,-100,-12928,-6028,7800,-473,181,-79,0
1934.8735070228577,6656,7204,12016,-195,-184,139,6528,-9808,10480,42,137,-222,-12600,5156,6664,-1161,95,-166,-12892,-6080,7816,-458,224,-89,0
1934.9088540077212,6692,7144,12216,-196,-182,127,6504,-9844,10472,26,141,-225,-12980,5188,6688,-1083,94,-126,-12932,-6004,7824,-438,225,-107,0
1934.9439210891724,6968,7068,11788,-203,-191,161,6472,-9844,10444,68,142,-219,-12844,5108,6764,-1076,96,-140,-12848,-5912,7772,-451,208,-85,0
1934.979854106903,6900,6940,11840,-2,-198,132,6436,-9784,10432,44,128,-229,-12824,5192,6820,-1076,130,-110,-12912,-6000,7880,-429,211,-54,0
1935.0157170295715,6664,7076,11960,-264,-157,158,6504,-9800,10696,20,152,-226,-12888,5152,6800,-1046,127,-104,-12912,-5892,7860,-406,186,-80,0
1935.0517029762268,7084,6972,11984,-270,-186,160,6452,-9888,10300,61,140,-233,-12920,5252,6720,-1069,86,-155,-12852,-5916,7904,-481,226,-103,0
1935.087757110596,7044,7136,11836,-335,-190,144,6452,-9804,10432,162,104,-219,-12780,5132,6884,-1162,138,-98,-12900,-5972,7760,-436,228,-46,0
1935.1229929924011,7012,7300,11920,-280,-158,164,6544,-9752,10532,92,122,-219,-12892,5128,6912,-1095,131,-147,-12980,-5888,7880,-444,263,-55,0
1935.1603119373324,6976,7156,11852,-324,-198,160,6476,-9748,10248,82,118,-215,-12940,5256,6724,-1019,107,-122,-12984,-6124,7500,-419,210,-65,0
1935.1937510967255,6992,7064,11976,-310,-161,161,6556,-9760,10420,85,120,-179,-12888,4972,6800,-1060,108,-119,-12972,-5912,7724,-419,171,-47,0
1935.2274241447449,6988,7068,11692,-276,-139,155,6560,-9776,10240,70,123,-162,-12844,5096,6828,-1076,87,-32,-12956,-5964,7776,-397,154,-74,0
1935.260740995407,6856,7092,11948,-307,-145,130,6528,-9828,10480,55,156,-173,-12892,4976,6768,-1021,100,-86,-12960,-5704,7764,-432,161,-86,0
1935.2941880226133,6964,7176,11956,-276,-152,144,6464,-9732,10544,34,135,-192,-12860,5348,6828,-1088,115,-154,-13044,-5800,7676,-428,192,-71,0
1935.3277161121368,6896,7012,12028,-236,-162,167,6496,-9816,10524,35,118,-216,-12964,5104,6824,-1062,91,-110,-12972,-6008,7700,-459,238,-88,0
1935.3613059520724,7000,6996,11800,-231,-163,159,6508,-9640,10688,56,115,-197,-12820,5108,6712,-1067,112,-74,-12872,-5840,7716,-457,227,-59,0
1935.3944880962372,7128,7084,12028,-210,-145,147,6376,-9772,10424,51,109,-235,-12892,5080,6632,-1030,120,-118,-12932,-5996,7752,-465,186,-54,0
1935.4282369613647,6976,7004,11796,-242,-132,164,6548,-9772,10344,6,98,-226,-13056,5100,6704,-1049,125,-112,-13000,-5864,7848,-428,194,-100,0
1935.4617929458616,7008,6944,11984,-223,-139,143,6512,-9736,10372,8,121,-197,-12972,5108,6460,-1003,88,-112,-12976,-5728,7696,-483,197,-88,0
1935.4955251216888,7076,6992,11788,-213,-130,119,6600,-9760,10500,11,144,-205,-12920,5072,6712,-1009,113,-118,-12908,-5896,7832,-450,201,-84,0
1935.5292100906372,7064,6944,11936,-178,-125,134,6272,-9668,10540,-22,152,-205,-12912,4904,6844,-1004,54,-100,-12972,-5716,7724,-469,183,-151,0
1935.5625951290133,7088,7012,11980,-165,-107,91,6452,-9736,10408,-30,156,-208,-12864,5080,6612,-973,57,-66,-12968,-5872,7708,-451,155,-123,0
1935.5961151123047,7056,6956,12044,-175,-52,87,6568,-9948,10368,-8,187,-175,-12856,5048,6660,-1004,36,-36,-13000,-5884,7924,-457,132,-135,0
1935.6299591064453,7028,6976,11860,-170,-23,82,6576,-9704,10428,1,141,-157,-12916,5004,6836,-987,92,-58,-12964,-6140,7716,-476,139,-121,0
1935.663484096527,7000,6988,12064,-156,-20,109,6556,-9796,10508,14,122,-147,-12960,5088,6716,-1276,93,-94,-13008,-5900,7924,-481,139,-129,0
1935.6971549987793,7036,7004,11980,-131,-65,109,6604,-9660,10512,-252,123,-181,-12920,5072,6728,-1007,84,-49,-12812,-5816,7756,-492,136,-103,0
1935.7307829856873,6992,7056,12080,-138,-80,117,6536,-9480,10676,-22,126,-172,-12852,5160,6736,-982,70,-7,-12828,-5984,7792,-471,115,-118,0
1935.7641501426697,6932,7008,12220,-130,-53,115,6480,-9572,10256,-71,167,-182,-12812,5068,6824,-989,85,-40,-12900,-5916,7628,-470,93,-96,0
1935.79763507843,7048,7088,12024,-133,-44,103,6520,-9692,10356,-58,143,-154,-12884,5100,6844,-965,88,-61,-12928,-5704,7732,-456,98,-124,0
1935.8308510780334,6996,6948,12024,-176,-49,117,6424,-9720,10568,-1,130,-181,-12880,5056,6824,-1021,53,-46,-12920,-5884,7804,-460,85,-107,0
1935.8644621372223,6696,7036,11868,-176,-58,127,6436,-9744,10308,252,141,-165,-12928,5096,6804,-1011,60,-13,-13044,-5932,7900,-505,42,-160,0
1935.8979289531708,6968,7120,11936,-130,-28,89,6452,-9688,10480,-86,143,-161,-12812,5300,6752,-876,51,-32,-12892,-5820,7660,-525,44,-155,0
1935.9314310550692,6960,7036,12268,-161,-34,78,6512,-9852,10516,-26,143,-179,-12952,5112,6764,-892,29,-61,-12988,-5796,7748,-434,137,-151,0
1935.9649789333344,7044,7120,11996,-145,-49,89,6540,-9760,10292,-20,165,-173,-12936,5040,6768,-949,30,-42,-12876,-5852,7688,-444,103,-114,0
1935.9986059665684,7064,7004,11868,-142,-56,86,6484,-9724,10520,-16,149,-145,-12592,5064,6968,-909,-252,238,-12956,-5964,7676,-463,98,-171,0
1936.031991004944,6684,7084,12264,-148,-255,70,6444,-9780,10436,-78,135,-137,-12560,5112,6936,-833,-253,-252,-12952,-6140,7696,-461,84,-149,0
1936.0654830932615,7060,6972,11976,-154,0,115,6500,-9980,10380,-76,137,-152,-12764,5324,6832,-882,42,-36,-12844,-5964,7596,-456,115,-149,0
1936.0991301536565,6688,6912,12016,-145,12,87,6536,-9748,10736,-51,147,-170,-12888,5104,6920,-956,47,-65,-12928,-6116,7828,-472,153,-147,0
1936.1322920322416,6740,7032,12132,-182,-30,103,6432,-9696,10508,-49,133,-171,-12852,5060,6712,-995,33,-72,-12888,-5904,7836,-496,163,-132,0
1936.165519952774,6992,6984,11900,-114,-76,111,6452,-9776,10252,-37,119,-181,-12836,5176,6816,-979,16,-42,-12960,-5920,7876,-471,158,-136,0
1936.2024481296535,6952,7092,11864,-150,-83,92,6496,-9752,10484,-23,151,-165,-12728,5168,6824,-971,42,-48,-12896,-6100,7712,-472,119,-152,0
1936.2375349998474,6992,7048,12052,-175,-29,78,6548,-9480,10560,-41,127,-181,-12820,5304,6832,-969,36,-56,-12928,-5984,7836,-464,171,-128,0
1936.2732479572292,6960,7044,11952,-187,-72,107,6440,-9608,10512,-23,139,-189,-12812,5180,6688,-986,64,-109,-12812,-5756,8112,-474,150,-147,0
1936.3082411289213,6956,6952,12024,-165,-77,111,6500,-9488,10464,-29,179,-194,-12828,5064,6848,-1015,87,-57,-12964,-5864,7908,-491,152,-140,0
1936.3442780971527,6924,7060,11996,-168,-91,96,6492,-9736,10720,-39,171,-175,-12796,5184,6788,-1037,74,-72,-12868,-5932,7864,-472,150,-113,0
1936.380221128464,6916,7080,11960,-179,-52,91,6508,-9772,10484,-44,150,-192,-12828,5140,6848,-1034,73,-79,-12880,-5912,7876,-469,144,-136,0
1936.4156329631803,7012,6988,11940,-140,-65,90,6480,-9732,10472,-21,167,-174,-12860,5148,6796,-1055,84,-62,-12896,-5836,7764,-474,124,-131,0
1936.4512829780576,6996,7080,12084,-142,-58,110,6560,-9836,10516,23,153,-171,-12796,5208,6796,-1082,112,-122,-12892,-5816,7892,-487,128,-99,0
1936.4875271320343,6940,6972,11780,-169,-58,124,6528,-9728,10704,-10,140,-191,-12916,5108,6704,-1070,144,-113,-12992,-5912,8132,-485,162,-127,0
1936.5229361057284,7032,7144,12064,-180,-93,137,6412,-9732,10456,14,150,-199,-12848,5128,6808,-1096,133,-96,-12892,-5956,7792,-485,167,-100,0
1936.5593960285187,6984,6992,12200,-193,-155,139,6580,-9668,10600,17,165,-202,-13012,4888,6796,-1077,151,-182,-12956,-5904,7796,-482,186,-97,0
1936.593997955322,7092,7020,11964,-201,-147,108,6420,-9524,10484,11,170,-209,-12796,5164,6732,-1074,170,-128,-12872,-5908,7864,-473,195,-103,0
1936.6298570632935,7052,7004,11952,-193,-178,112,6416,-9808,10516,250,131,-208,-12804,5256,6692,-1060,143,-160,-12880,-5912,8160,-503,199,-119,0
1936.6650309562683,6940,7000,11912,-213,-165,152,6524,-9748,10500,32,123,-217,-12884,5128,6668,-1069,167,-157,-12988,-5916,7984,-469,194,-126,0
1936.7008090019228,6868,6972,12092,-162,-154,135,6496,-9672,10600,21,168,-228,-13044,5084,6988,-1046,135,-193,-12844,-5928,7752,-461,197,-96,0
1936.7370679378507,7060,6968,12136,-200,-207,129,6476,-9548,10520,14,147,-272,-12844,5364,6796,-1064,180,-168,-12880,-5948,7864,-481,237,-84,0
1936.7722890377045,7032,6960,12200,-240,-200,130,6524,-9516,10272,22,122,-272,-12868,5056,6684,-1098,184,-173,-12996,-5792,7844,-443,246,-67,0
1936.8077940940857,7024,7044,11908,-194,-186,169,6528,-9680,10320,11,122,-203,-12616,4864,6824,-1114,149,-123,-13048,-6140,8096,-447,156,-95,0
1936.8441519737244,7128,6952,11924,-247,-151,162,6424,-9532,10596,16,131,-192,-12872,5084,6816,-1051,158,-65,-12876,-5864,7824,-413,124,-85,0
1936.8776419162748,6972,7064,12240,-247,-167,154,6516,-9684,10480,6,125,-205,-12600,5320,7144,-1092,154,-135,-12932,-5952,7756,-460,176,-95,0
1936.9111490249634,7100,7048,11876,-192,-163,144,6516,-9736,10532,2,129,-193,-12816,4988,6800,-1101,137,-130,-12896,-5832,7736,-503,230,-76,0
1936.9447751045227,6972,7016,11992,-202,-198,150,6492,-9652,10524,74,100,-226,-12836,5060,6740,-1109,174,-128,-12864,-5852,7636,-508,218,-90,0
1936.9784250259404,7024,6984,11788,-142,-165,150,6488,-9720,10524,37,95,-247,-12756,5096,6900,-1056,153,-110,-12984,-5916,7744,-516,208,-75,0
1937.011815071106,7060,6976,11896,-183,-183,151,6844,-9708,10552,11,84,-218,-12940,5048,6796,-1015,172,-114,-13020,-5888,7808,-480,189,-69,0
1937.0452461242676,7024,7004,12004,-206,-177,153,6532,-9676,10444,-23,107,-210,-12880,5264,6908,-1055,166,-144,-12804,-5932,7768,-494,175,-94,0
1937.0789461135864,7064,7004,11920,-206,-173,163,6448,-9644,10304,-4,110,-216,-12856,4968,6784,-1018,176,-158,-12912,-6028,7768,-494,181,-105,0
1937.1125309467316,7100,7028,11864,-218,-203,153,6572,-9636,10548,-26,148,-233,-12900,5008,6704,-1030,122,-108,-12936,-5880,7884,-479,179,-92,0
1937.145875930786,6984,7016,11952,-220,-166,145,6540,-9688,10452,-21,113,-214,-12856,5028,6660,-1057,138,-111,-13008,-5888,7804,-469,174,-87,0
1937.1794540882113,7104,7144,12016,-188,-144,135,6640,-9712,10296,-26,117,-212,-12840,5148,6852,-1045,145,-110,-13016,-5892,7776,-479,179,-114,0
1937.2186441421509,7232,6668,11880,-160,-135,134,6532,-9604,10560,-4,129,-196,-12880,5296,6900,-1030,115,-59,-13052,-5800,7768,-485,142,-99,0
1937.2528231143951,7144,6932,11872,-159,-76,102,6552,-9560,10392,-23,133,-152,-12952,5028,6784,-1026,103,-53,-12872,-5736,7696,-768,114,-143,0
1937.2865729331972,7160,6992,12060,-135,-24,99,6528,-9540,10300,-30,116,-159,-12996,4956,6852,-1050,115,-65,-13064,-5808,7748,-496,119,-147,0
1937.3199670314789,7120,6972,11852,-138,-6,104,6532,-9640,10684,-15,155,-146,-12944,5060,6748,-998,93,-69,-12904,-5880,7820,-502,105,-119,0
1937.3534860610964,7068,7060,11784,-129,-17,80,6532,-9628,10724,-14,144,-138,-12932,5020,6796,-996,123,-71,-12984,-5884,7736,-459,107,-114,0
1937.3870739936829,7108,6980,11996,-142,25,107,6440,-9600,10448,-38,163,-151,-12900,4964,6840,-993,84,-251,-13048,-5844,7876,-492,90,-155,0
1937.4205560684204,7196,6976,11928,-121,-35,101,6544,-9736,10360,-31,164,-133,-12788,5100,6924,-1013,65,-52,-12916,-5904,7792,-503,120,-143,0
1937.454033136368,7128,7068,12060,-156,-38,103,6460,-9880,10384,-13,177,-145,-12884,5096,6908,-1012,54,-68,-12936,-5904,7872,-477,94,-145,0
1937.4877231121063,6968,7016,11860,-135,12,59,6484,-9656,10560,-50,188,-132,-12912,5176,6848,-976,21,-39,-12896,-5636,7844,-490,85,-156,0
1937.5212631225588,7076,7016,12240,-137,10,58,6476,-9620,10296,-64,206,-187,-12920,5004,6732,-980,50,-59,-13004,-5784,7756,-468,112,-142,0
1937.5548000335693,7128,6932,11832,-172,18,77,6412,-9668,10512,-37,172,-162,-12900,5128,6676,-998,70,-5,-12960,-5884,7800,-484,88,-144,0
1937.5884540081024,7140,6924,11896,-114,54,93,6488,-9652,10636,-32,150,-120,-12808,5036,7036,-989,86,-237,-12988,-5888,7908,-465,92,-156,0
1937.6217551231384,7052,6688,12072,-130,-22,116,6488,-9500,10580,-41,175,-146,-12880,4888,6792,-982,81,-44,-12944,-5844,7864,-473,87,-150,0
1937.6554729938507,7028,6936,12108,-113,-20,84,6464,-9704,10676,-70,154,-137,-12888,4900,6728,-1005,54,-93,-13096,-5876,7772,-505,89,-119,0
1937.6891169548035,7008,6984,11860,-98,-19,78,6548,-9628,10640,-66,140,-163,-12920,4944,6824,-1003,54,-71,-12860,-5860,7824,-519,101,-169,0
1937.7224459648132,6908,6992,12028,-113,-42,79,6436,-9696,10512,254,177,-166,-12796,5068,6872,-1276,82,-24,-12980,-5896,7900,-517,116,-156,0
1937.7560210227964,7068,7060,12100,-62,-48,88,6468,-9640,10424,-8,148,-185,-12808,5052,6644,-1274,81,-39,-13028,-6100,7868,-496,114,-131,0
1937.789699077606,7068,7060,11896,-108,-69,91,6404,-9488,10292,-39,171,-170,-12856,5196,6780,-1005,67,-70,-12892,-5944,8168,-476,100,-152,0
1937.8228409290314,6912,7124,11944,-153,251,78,6456,-9648,10568,-55,170,-161,-12960,5088,6748,-994,59,-44,-12900,-6144,7788,-454,103,-164,0
1937.8565070629124,7012,7104,12008,-166,-21,92,6556,-9652,10448,-39,183,-175,-12688,5120,6624,-972,78,-64,-12920,-5972,7760,-470,122,-146,0
1937.893399953842,7068,7368,11984,-156,-56,89,6480,-9692,10624,-63,156,-172,-12820,4904,6824,-977,51,-32,-12860,-5968,7968,-457,110,-129,0
1937.9289031028748,6732,7140,11964,-139,-56,85,6496,-9560,10628,-78,154,-206,-12768,5072,6952,-1000,16,-37,-13040,-5880,7808,-461,114,-134,0
1937.964323997497,7040,7096,12236,-145,-43,64,6352,-9684,10664,-45,143,-169,-12876,5300,6728,-955,51,-40,-12892,-5960,7732,-502,139,-139,0
1937.9997649192812,6868,7060,11960,-198,-65,115,6400,-9672,10600,-17,98,-185,-13024,5040,6416,-943,101,-46,-12888,-6136,7892,-488,145,-119,0
1938.035125017166,7004,7060,12272,-164,-69,133,6488,-9476,10420,-66,130,-178,-12836,5128,6744,-985,115,-60,-12860,-5860,7804,-491,114,-99,0
1938.0704290866852,7080,6984,11980,-158,-46,140,6472,-9636,10468,-70,121,-178,-12860,5124,6960,-984,45,-20,-12952,-5904,7716,-518,136,-94,0
1938.1057200431824,6796,7040,12224,-152,-50,120,6512,-9876,10600,-60,137,-159,-12748,5080,6848,-981,62,-39,-12876,-5896,7656,-497,115,-110,0
1938.1417651176453,7028,6936,11948,-189,-35,101,6476,-9672,10304,-69,109,-203,-12572,4948,6696,-952,63,-49,-12868,-5636,8040,-463,129,-93,0
1938.1777329444883,7084,7116,12204,-174,-39,134,6436,-9704,10584,-86,124,-187,-12896,5236,6724,-942,84,-29,-12868,-5772,7840,-469,116,-99,0
1938.2130830287933,7100,6988,11992,-192,-32,140,6500,-9676,10744,-71,126,-153,-12908,5052,6740,-994,36,-67,-12820,-5896,7716,-455,134,-127,0
1938.2482800483704,6948,7028,11936,-208,-23,153,6428,-9492,10600,-50,171,-155,-12892,5044,7000,-938,9,-55,-12868,-6020,7844,-485,148,-141,0
1938.2840809822085,7012,7084,12164,-167,-47,94,6452,-9684,10492,-119,140,-182,-12804,4892,6848,-893,0,-91,-12912,-5912,7888,-464,178,-134,0
1938.3199110031128,7032,7032,12076,-204,-23,105,6540,-9700,10460,-61,146,-196,-12580,4932,6792,-914,63,-86,-12872,-5900,7852,-463,180,-115,0
1938.3549950122833,6972,6880,11980,-183,-44,111,6508,-9708,10528,-72,144,-176,-12776,5224,6804,-890,34,-47,-12920,-5916,7852,-468,168,-104,0
1938.3908751010895,6972,7032,11996,-188,5,122,6536,-9632,10656,-76,111,-154,-12892,5176,7016,-882,30,-81,-12888,-5956,7800,-459,149,-105,0
1938.426160097122,6936,7072,12132,-232,-65,132,6192,-9696,10256,-63,129,-206,-12812,5192,6796,-871,86,-56,-12876,-5856,7852,-488,198,-95,0
1938.4617619514463,7008,6988,12020,-219,-113,166,6428,-9824,10460,-44,57,-230,-12872,5204,7004,-983,76,-161,-12864,-5956,7792,-519,263,-107,0
1938.497612953186,6980,7068,12068,-231,-186,162,6488,-9764,10440,-31,85,-241,-12816,5152,6676,-916,100,-133,-12908,-5676,7784,-499,255,-95,0
1938.533664941788,6936,6980,11940,-204,-137,157,6644,-9736,10464,-56,59,-238,-12756,5220,6720,-898,118,-163,-12892,-5704,7836,-263,223,-87,0
1938.5673899650574,6996,6960,11824,-244,-130,173,6500,-9920,10396,-10,98,-206,-12788,5164,6932,-928,149,-166,-12920,-5956,7764,-494,225,-65,0
1938.601037979126,7000,6996,11836,-254,-136,175,6648,-9708,10484,-253,93,-221,-12872,5204,6860,-926,138,-124,-12920,-5984,7792,-507,223,-93,0
1938.6343219280243,7080,7052,12168,-509,-122,160,6536,-9808,10368,1,122,-229,-12852,5028,7132,-931,173,-107,-13020,-5912,7864,-515,203,-80,0
1938.6679069995885,7120,6964,11988,-243,-138,165,6516,-9704,10456,47,110,-230,-12856,5304,7044,-970,167,-163,-12784,-5872,7836,-518,183,-72,0
1938.7014341354372,7040,6964,12260,-252,-130,152,6492,-9676,10248,73,150,-254,-12884,5080,6684,-975,245,-164,-12968,-5876,7980,-534,200,-102,0
1938.7347400188444,7044,7160,12284,-266,-166,173,6508,-9644,10548,73,111,-235,-12852,5144,6912,-1002,183,-158,-12956,-5836,7740,-543,218,-61,0
1938.7692780494692,7044,7040,12220,-264,-179,143,6376,-9748,10544,74,150,-226,-12904,5228,6784,-1059,185,-171,-13020,-5912,7684,-515,215,-56,0
1938.8028030395508,7024,6884,11936,-235,-200,167,6400,-9652,10748,75,121,-215,-13048,5196,6724,-1051,157,-133,-12932,-5880,7932,-527,218,-84,0
1938.8364090919495,6976,6960,12008,-249,-157,168,6164,-9716,10284,78,103,-226,-12896,5196,6720,-1046,177,-124,-13032,-5816,7964,-530,189,-71,0
1938.8699700832367,7092,6932,12164,-276,-140,181,6500,-9676,10380,111,85,-240,-12856,5116,6680,-1066,0,-127,-12976,-5648,7820,-530,163,-65,0
1938.9033949375153,7060,6912,12084,-267,-159,187,6452,-9680,10576,99,62,-217,-12968,5048,6792,-1069,253,-188,-13000,-5984,7820,-503,191,-70,0
1938.9370329380035,7204,6996,12080,-222,-183,191,6580,-9644,10424,70,67,-234,-12932,5104,6840,-1102,206,-169,-13028,-5984,7860,-530,182,-68,0
1938.9705560207367,7084,6984,11796,-271,-169,184,6480,-9684,10468,78,94,-235,-12948,5080,6676,-1090,217,-111,-12980,-5904,7768,-504,170,-89,0
1939.004147052765,7172,6904,11968,-286,-142,147,6416,-9664,10308,40,96,-198,-13020,5316,6788,-1128,218,-97,-12996,-5852,7756,-498,146,-87,0
1939.0376260280607,7164,6864,12112,-258,-146,148,6640,-9736,10492,85,99,-191,-12908,5136,6992,-1136,196,-101,-13008,-5884,7784,-257,127,-74,0
1939.0712101459503,7048,6812,11972,-276,-106,167,6576,-9488,10640,97,90,-204,-12952,5016,6492,-1163,217,-149,-12980,-5916,7816,-528,133,-119,0
1939.1045420169828,6988,6676,11940,-201,-115,152,6476,-9592,10416,59,150,-177,-12844,5016,6784,-1120,217,-113,-12960,-5884,7732,-528,115,-82,0
1939.1380069255829,7160,6892,12056,-160,-80,96,6624,-9596,10424,9,137,-187,-12920,5172,6576,-1115,202,-71,-13060,-5808,7636,-548,123,-144,0
1939.171292066574,7100,6744,11996,-201,-34,96,6404,-9640,10436,32,144,-163,-12812,5040,6512,-1143,185,-37,-12956,-5816,7748,-508,41,-137,0
1939.204803943634,7156,6800,12024,-150,10,96,6620,-9612,10512,13,150,-126,-12900,4964,6700,-1117,212,-30,-12868,-5880,7788,-490,9,-127,0
1939.2384910583492,7160,6660,11784,-204,24,113,6456,-9584,10660,-6,166,-126,-12924,5220,6836,-1050,183,-57,-12980,-5828,7828,-468,84,-137,0
1939.2720849514008,7044,6884,12100,-241,-9,126,6536,-9680,10592,-84,163,-177,-12820,5092,6840,-997,151,-78,-12812,-6088,7836,-479,141,-150,0
1939.3055620193484,7008,7136,12084,-193,-40,114,6476,-9548,10544,-97,135,-183,-12928,5052,6740,-991,142,-10,-12932,-5916,7912,-548,151,-129,0
1939.3391020298004,7088,6880,11972,-218,-10,93,6496,-9604,10736,-65,184,-169,-12904,4880,6780,-950,117,-57,-12888,-5888,7776,-559,149,-106,0
1939.3727769851685,6996,6844,12196,-167,0,118,6440,-9560,10432,-94,132,-153,-12592,5088,6908,-993,104,-101,-12896,-5932,7888,-538,172,-128,0
1939.4061980247495,7152,6892,12044,-158,-45,115,6628,-9588,10600,-63,150,-188,-12848,5096,6756,-969,70,-72,-13044,-5932,7812,-533,108,-169,0
1939.4401130676267,6948,6876,12052,-161,255,97,6468,-9716,10748,-103,189,-136,-12884,5176,6768,-932,89,-29,-12956,-5856,7728,-597,69,-160,0
1939.4747910499573,7096,6884,12172,-140,-30,116,6604,-9592,10684,-97,160,-131,-12836,5080,6848,-937,62,-82,-12904,-5944,7780,-584,100,-152,0
1939.5082781314852,7020,6988,11988,-108,14,101,6516,-9600,10556,-92,153,-162,-12876,5012,6568,-850,85,-52,-12960,-6012,7836,-641,129,-167,0
1939.5415890216827,7056,6660,11988,-138,9,69,6492,-9636,10572,-124,132,-169,-12976,5128,6880,-811,84,-34,-13296,-5684,8052,-594,81,-184,0
1939.5796630382536,7020,6832,11816,-144,-16,92,6620,-9664,10676,-110,159,-169,-12932,5324,6868,-742,37,39,-12896,-5856,8068,-620,130,-181,0
1939.6147611141205,6936,6904,12208,-107,254,85,6516,-9684,10656,-94,122,-150,-12988,5272,6648,-836,72,-28,-12976,-5844,7764,-586,115,-135,0
1939.650406122208,7112,6852,12024,-119,6,91,6556,-9660,10560,-78,129,-168,-12964,5188,6780,-807,68,-53,-13032,-6000,7868,-584,104,-202,0
1939.6858451366425,6988,6904,12248,-130,-254,86,6600,-9652,10524,-61,144,-139,-12872,5188,6708,-800,65,-33,-12812,-5856,7700,-581,80,-165,0
1939.7213521003723,7020,6904,12036,-130,13,90,6544,-9684,10352,-92,142,-164,-12820,5148,6900,-830,25,-8,-12920,-6000,7772,-257,148,-181,0
1939.757628917694,7052,6940,11972,-163,8,93,6536,-9624,10492,-64,117,-141,-12952,4984,6904,-812,61,-26,-12888,-5976,7788,-508,130,-140,0
1939.7928540706635,6996,6828,11960,-130,-17,108,6428,-9692,10532,-111,140,-146,-13052,5252,6816,-866,14,-74,-12928,-5672,7832,-544,150,-152,0
1939.8288359642029,7076,6804,12004,-118,-98,95,6492,-9628,10420,-117,172,-139,-12852,5100,6864,-859,-6,-60,-12960,-5944,7756,-487,137,-139,0
1939.8641109466553,6980,7012,11912,-82,-10,76,6504,-9656,10500,-178,125,-166,-12884,5184,6728,-886,-15,-73,-13036,-6004,7832,-456,128,-139,0
1939.899333000183,6976,6848,12072,54,-259,28,6424,-9688,10320,-104,164,-172,-12896,5192,6632,-882,-29,-16,-12972,-5904,7668,-435,191,-150,0
1939.9350459575653,7048,6844,11920,-91,-46,64,6436,-9708,10412,-87,175,-178,-12704,5328,6728,-903,-28,-34,-12804,-5944,7816,-461,155,-141,0
1939.9708960056305,6956,7156,12032,-66,-25,71,6448,-9644,10460,-87,132,-141,-12828,5172,6760,-905,-25,-72,-12868,-6120,7804,-457,153,-149,0
1940.006108045578,7060,6844,12008,-99,-25,81,6420,-9772,10592,-109,149,-163,-12800,5264,6688,-908,-17,-61,-12920,-6024,7908,-446,141,-155,0
1940.0424189567564,7004,7032,12060,-103,-57,102,6508,-9668,10388,-122,158,-164,-12864,5312,6456,-924,26,-45,-12992,-5708,7812,-512,128,-144,0
1940.078800916672,6936,6968,11920,-78,-28,93,6436,-9652,10484,-92,174,-168,-12680,5240,6904,-959,22,-109,-12824,-5964,7588,-257,178,-156,0
1940.1143341064453,6888,6832,12024,-100,-69,137,6484,-9608,10484,-74,122,-175,-12756,5160,6752,-990,57,-88,-12956,-5940,7796,-485,138,-117,0
1940.1500689983368,7068,7012,12280,-67,-53,111,6516,-9776,10404,-83,129,-190,-12792,5232,6824,-981,50,-88,-12896,-6060,7788,-508,131,-141,0
1940.1857140064244,7020,6988,11980,-126,-39,100,6464,-9488,10520,-49,141,-187,-12872,5168,6828,-979,79,-65,-12844,-5684,7792,-481,116,-121,0
1940.221817016601,7004,7016,12024,-135,-41,98,6540,-9484,10484,-54,141,-181,-12816,5228,6852,-967,68,-50,-13000,-5920,7740,-489,139,-119,0
1940.2556269168854,6956,7036,11948,-100,-89,108,6476,-9672,10464,-65,131,-173,-12844,5212,6644,-1004,34,-101,-12868,-5940,7736,-471,114,-108,0
1940.2891659736633,6896,7040,12084,-134,-28,89,6556,-9956,10472,-57,155,-169,-12876,5152,6988,-1022,-15,-84,-12876,-6000,7884,-450,86,-123,0
1940.322864055633,7004,6904,12032,-112,-88,61,6508,-9624,10536,-48,141,-179,-12888,5308,6952,-1031,18,-49,-12908,-5952,7844,-453,143,-130,0
1940.3561511039734,6912,7016,12032,-149,-60,98,6172,-9748,10588,-32,137,-174,-12616,5124,6764,-1017,32,-91,-12904,-5976,7904,-450,114,-107,0
1940.3896620273588,6964,7004,11920,-110,-64,107,6536,-9720,10432,-30,112,-185,-12772,5272,6828,-1090,75,-112,-12868,-6016,7792,-467,137,-90,0
1940.4233379364014,6952,6900,12124,-154,-135,134,6196,-9796,10452,254,117,-211,-12752,5308,6832,-1138,87,-189,-12880,-5888,7740,-450,177,-82,0
1940.45698094368,6940,6960,11924,-140,-156,135,6488,-9664,10380,-39,102,-220,-12796,5224,7076,-1126,88,-151,-12940,-6052,7908,-508,156,-84,0
1940.4905390739443,6716,7004,12008,-164,-161,136,6380,-9724,10512,-44,107,-212,-12700,5176,6664,-1115,75,-126,-12920,-5996,7904,-518,134,-51,0
1940.5240020751953,7028,7060,11836,-137,-177,137,6516,-9740,10692,-255,82,-208,-12756,5256,6648,-1090,127,-115,-12988,-6112,7932,-501,135,-77,0
1940.5576429367068,6992,7088,12280,-157,-198,135,6480,-9712,10328,-255,123,-220,-12856,4948,6676,-1157,134,-179,-12920,-6036,7820,-481,178,-88,0
1940.600511074066,7032,6996,12144,-215,-193,128,6572,-9624,10464,21,151,-224,-12856,5172,6872,-1101,185,-132,-12944,-5980,7768,-527,141,-55,0
1940.6335420608523,6912,6920,12184,-175,-252,112,6544,-9760,10540,79,160,-217,-12896,5368,6884,-1163,165,-191,-12964,-5888,7828,-521,156,-82,0
1940.6671581268313,7124,6976,12028,-207,-302,114,6424,-9700,10372,49,205,-198,-12872,5216,6824,-1255,102,-212,-12832,-5824,7864,-478,188,-104,0
1940.7007219791412,6984,6944,12068,-114,-289,98,6468,-9672,10404,-9,208,-194,-12884,5156,6856,-1182,73,-220,-12868,-5988,7816,-499,118,-100,0
1940.73428106308,7040,6924,11948,-105,-301,113,6412,-9812,10708,-48,221,-214,-12856,5208,6792,-1097,65,-161,-12996,-6100,7804,-481,176,-111,0
1940.7679879665375,7084,6684,11908,-105,-492,94,6212,-9500,10580,-87,176,-207,-12752,5076,6808,-1145,39,-150,-12932,-5788,7832,-417,194,-124,0
1940.8014640808108,7108,6716,11796,-19,-10,99,6408,-9688,10504,84,198,-172,-12744,5164,6864,-1214,113,-131,-12836,-5984,7964,-526,231,-125,0
1940.834932088852,6960,6944,12008,-150,-178,137,6480,-9620,10744,174,104,-179,-12788,4876,6904,-1164,431,-136,-12956,-6044,7804,-567,73,-60,0
1940.868197917938,7132,7096,11688,-332,7,214,6492,-9664,10784,21,-136,-199,-12832,5092,6928,-1141,437,-132,-12980,-6100,7772,-461,115,-31,0
1940.9016060829165,7116,7004,12128,-351,-35,200,6468,-9616,10432,88,-89,-206,-12840,5048,6776,-1199,387,-96,-12892,-5692,7752,-482,155,-64,0
1940.9352040290833,7164,6968,11972,-438,-105,200,6456,-9544,10340,204,17,-213,-12756,5052,6900,-1285,356,-124,-12804,-5972,7700,-447,185,-52,0
1940.9688689708707,7024,6932,11920,-447,-40,217,6152,-9532,10288,35,-42,-209,-12796,5004,6728,-1263,213,-152,-12828,-5940,7868,-338,215,-32,0
1941.0023629665375,7116,6960,12156,-186,-212,147,6524,-9732,10364,127,200,-229,-12980,5112,6652,-1081,180,-141,-13012,-6012,7804,-514,231,-75,0
1941.0358729362488,7356,7152,11844,-256,-167,155,6512,-9652,10792,-30,94,-206,-12968,5304,7020,-1034,159,-121,-12948,-5916,7788,-436,169,-78,0
1941.0694770812988,7172,6920,12052,-98,-14,137,6600,-9620,10456,12,101,-201,-12904,5156,6644,-1060,136,-131,-13040,-6100,7736,-465,186,-96,0
1941.1029961109164,7112,6888,11976,-139,-69,143,6508,-9568,10444,-25,122,-185,-12864,5076,6828,-989,98,-72,-12876,-5964,7832,-506,126,-112,0
1941.1367149353027,7028,6908,11776,-175,-62,112,6596,-9640,10716,-54,144,-192,-12964,4992,6816,-965,149,-77,-12832,-5656,7772,-522,99,-143,0
1941.1702680587769,7116,6892,11972,-172,-72,104,6616,-9596,10724,-7,134,-197,-12856,5004,6780,-945,123,-79,-12976,-5920,7740,-523,107,-173,0
1941.2037000656128,7224,6944,12032,-123,-5,99,6616,-9572,10556,-18,163,-162,-12816,5040,6512,-969,82,-48,-12992,-6096,7692,-505,97,-128,0
1941.2402801513672,7176,6904,12084,-131,-4,134,6524,-9696,10440,-84,113,-143,-12832,5024,6684,-1002,150,-74,-12888,-5792,7772,-523,112,-128,0
1941.2754659652708,7412,6804,11848,-119,-31,136,6552,-9732,10468,-16,123,-161,-12604,5064,6744,-1271,149,-64,-12984,-6124,7832,-522,133,-108,0
1941.3113560676575,7376,6836,12220,-108,-51,103,6856,-9488,10640,-90,130,-159,-12908,5056,6896,-1008,78,-78,-12996,-5956,7872,-530,128,-133,0
1941.3477480411532,7012,6904,11988,-109,-46,71,6652,-9704,10484,-95,188,-168,-12928,4868,6752,-970,61,-79,-13004,-6032,7756,-538,103,-158,0
1941.382875919342,7312,6972,11876,-51,-5,68,6608,-9616,10604,-111,182,-143,-12820,5056,6760,-929,-16,-249,-12840,-5928,7780,-561,70,-188,0
1941.4182360172272,7072,6864,12100,-83,-249,62,6520,-9752,10672,-41,178,-147,-12920,5060,6512,-1002,8,-68,-12936,-6028,7808,-506,113,-160,0
1941.4533309936523,7088,6956,12012,-119,17,100,6504,-9584,10552,34,166,-170,-12852,5088,6788,-1054,83,-63,-12864,-5944,7820,-430,155,-134,0
1941.489187002182,6976,7032,12072,-112,-23,81,6640,-9732,10468,-71,161,-213,-12900,5160,6832,-972,90,-56,-12852,-6088,7756,-505,176,-121,0
1941.5245110988617,6912,6956,12012,-148,-91,89,6576,-9952,10612,-66,162,-191,-12996,5148,6692,-993,64,-86,-12920,-5868,7792,-472,156,-88,0
1941.56042098999,6912,7144,11920,-92,-52,115,6544,-9620,10396,-71,136,-151,-12896,5076,6900,-997,89,-54,-12904,-5960,7904,-484,140,-102,0
1941.595515012741,7092,6996,12028,-133,-37,122,6820,-9704,10584,-44,133,-115,-12828,5300,6928,-1004,92,-48,-12880,-6012,7908,-472,58,-134,0
1941.631402015686,6944,6876,12144,-142,-27,104,6584,-9560,10380,-60,167,-174,-12904,5128,6816,-985,29,-41,-12872,-5984,7920,-502,99,-126,0
1941.667179107666,6972,6840,11880,-96,-37,97,6516,-9684,10308,-41,157,-152,-12928,5080,6776,-1039,54,-90,-12996,-6132,7796,-518,120,-115,0
1941.7022199630735,7068,6952,11864,-136,-41,81,6468,-9672,10528,-17,187,-157,-12756,5040,6840,-1034,73,-62,-12800,-5952,7692,-487,159,-150,0
1941.7375900745392,7116,6692,12052,-76,-41,100,6536,-9704,10472,-53,139,-195,-12812,5356,6872,-1049,95,-84,-12892,-5940,7716,-479,142,-152,0
1941.773311138153,6932,6984,12124,-132,-64,80,6488,-9636,10420,-43,132,-175,-12900,5160,6760,-1055,114,-107,-12988,-6068,7752,-455,129,-124,0
1941.8093850612645,7120,6692,12064,-110,-21,84,6600,-9720,10556,-84,157,-167,-12900,5192,6772,-1030,83,-40,-12956,-6108,7684,-489,140,-122,0
1941.8445711135864,7060,6984,12260,-129,-34,78,6596,-9668,10524,-54,151,-154,-12932,5092,6896,-1036,89,-54,-12904,-6044,7864,-495,116,-108,0
1941.8809690475464,6936,6960,11952,-128,-57,114,6480,-9588,10512,-35,150,-186,-12760,5172,6836,-986,110,-79,-12880,-6048,7700,-474,141,-147,0
1941.914516925812,7008,7004,11976,-103,-60,96,6648,-9660,10736,-70,168,-176,-12592,4992,6876,-1045,84,-102,-12940,-6088,7884,-469,111,-131,0
1941.9480209350588,7024,6972,11820,-141,-72,88,6648,-9584,10556,-41,154,-203,-12820,5352,6660,-1025,91,-104,-12984,-6120,7896,-483,124,-143,0
1941.981656074524,7072,6948,12272,-113,-21,108,6520,-9976,10412,-34,167,-147,-12836,5196,6672,-1010,124,-66,-12904,-5976,7688,-493,133,-143,0
1942.0154359340668,7008,7156,11956,-114,-40,101,6452,-9716,10532,-39,131,-148,-12824,4880,6880,-1046,114,-36,-12916,-6060,7792,-499,123,-122,0
1942.0486330986023,7040,6764,12056,-135,-52,115,6480,-9836,10524,-52,125,-165,-12808,5076,6820,-1041,151,-80,-12912,-5692,7780,-257,148,-97,0
1942.0823071002965,6924,6988,11916,-94,-46,114,6400,-9664,10544,-66,120,-152,-12900,5036,6832,-1046,136,-91,-12900,-5964,8024,-498,114,-110,0
1942.115823030472,7032,7044,12156,-108,-64,114,6560,-9672,10448,-51,132,-156,-12892,5104,6856,-1036,139,-36,-12880,-5984,7808,-480,129,-129,0
1942.1487741470337,6996,6992,12028,-122,-82,94,6516,-9960,10408,-57,163,-177,-12840,5084,6792,-1059,137,-79,-12912,-5936,7796,-461,139,-161,0
1942.1823000907896,7096,7044,11964,-140,-42,95,6516,-9488,10472,-64,177,-170,-12884,5124,7000,-1044,113,-102,-12920,-6028,8160,-450,115,-88,0
1942.2201049327853,7000,6920,11828,-148,-63,85,6476,-9784,10392,-36,156,-157,-12876,5116,6816,-1038,86,-79,-12860,-5956,7808,-485,115,-125,0
1942.2539150714874,7028,6916,12252,-169,-67,112,6468,-9680,10444,-45,172,-145,-12576,5036,6844,-1060,104,-76,-12900,-5964,8176,-477,149,-150,0
1942.28786110878,7072,7032,11876,-131,-11,99,6404,-9724,10424,-55,172,-174,-12864,5044,7052,-1036,73,-43,-12840,-5940,7788,-449,127,-125,0
1942.3213541507723,6964,7080,12084,-149,-87,73,6492,-9732,10732,-53,195,-174,-12896,5060,6792,-1060,55,-97,-12900,-6036,7756,-451,188,-107,0
1942.3545379638672,7144,7004,12088,-127,-72,96,6448,-9772,10488,-70,175,-194,-12896,5168,6756,-1045,19,-77,-12828,-6004,7892,-412,194,-110,0
1942.3881080150604,7092,6720,12008,-108,-33,113,6620,-9608,10296,-51,154,-138,-12596,5024,7112,-1021,-252,-71,-12984,-5964,7816,-425,159,-124,0
1942.4215309619904,6940,6708,12072,-150,-68,118,6440,-9676,10704,-68,186,-156,-12872,4996,6904,-995,6,-84,-12892,-6072,7704,-402,153,-104,0
1942.4550161361694,7144,7100,12068,-181,-106,100,6476,-9744,10616,-69,226,-178,-12860,5080,6956,-963,-73,-114,-12908,-6020,7816,-384,231,-85,0
1942.4886000156405,7060,7040,11976,-133,-122,125,6392,-9768,10452,-76,210,-204,-12728,5080,6908,-968,-48,-137,-12980,-5984,7740,-435,4,-108,0
1942.5220501422884,6960,7064,12016,-140,-176,123,6516,-9548,10264,-255,180,-218,-12992,5096,6868,-977,65,-152,-12868,-5992,7936,-406,254,-58,0
1942.5556020736694,7020,7164,11828,-113,-187,150,6468,-9692,10544,24,150,-225,-12576,4932,7124,-963,84,-123,-12972,-5868,7936,-396,242,-70,0
1942.5892801284788,7096,6996,11932,-151,-185,140,6428,-9492,10556,-2,152,-213,-13004,5024,6852,-941,99,-116,-12856,-6012,7724,-402,216,-51,0
1942.6227071285248,6960,7160,12216,-175,-115,135,6440,-9656,10540,3,144,-220,-12924,5156,6968,-996,126,-148,-12916,-5968,7820,-427,196,-84,0
1942.6559340953827,7040,7004,12252,-244,-180,149,6472,-9488,10244,22,158,-209,-12896,4992,6968,-1011,137,-136,-12988,-5872,7860,-433,216,-102,0
1942.6894631385803,7072,7036,11572,-209,-169,137,6504,-9564,10440,0,146,-195,-12860,5100,6688,-1013,129,-86,-12864,-5968,7820,-435,202,-87,0
1942.7228579521177,7088,7040,11888,-222,-170,124,6528,-9936,10552,30,129,-226,-12884,5088,6976,-997,143,-101,-12932,-5920,7800,-426,197,-96,0
1942.7563800811768,7124,7012,11980,-201,-181,145,6468,-9652,10288,-4,146,-247,-12976,5040,6980,-1009,133,-113,-13032,-5948,7844,-423,224,-93,0
1942.7898170948029,7048,6784,11852,-194,-210,146,6388,-9756,10712,8,151,-227,-12612,5068,6856,-1021,133,-139,-12956,-6144,7860,-438,191,-97,0
1942.82332611084,7008,7016,12004,-211,-173,154,6492,-9672,10456,23,131,-228,-12884,4868,6720,-1029,158,-136,-12984,-5908,7744,-468,194,-70,0
1942.8568539619444,7080,7004,11848,-193,-179,169,6464,-9660,10380,-12,107,-219,-12548,5020,6740,-1034,125,-116,-12988,-5720,7720,-471,189,-79,0
1942.8902010917664,7120,6960,11896,-215,-187,179,6504,-9684,10676,11,116,-223,-12584,4996,6848,-1050,168,-103,-12908,-6144,7720,-450,190,-48,0
1942.927528142929,7196,7120,12032,-209,-188,178,6436,-9648,10488,10,103,-228,-12880,5040,6844,-1051,170,-141,-12984,-5976,7760,-485,172,-45,0
1942.9629230499268,7036,6960,12104,-208,-219,153,6608,-9660,10304,-23,135,-230,-12860,5072,6952,-1038,156,-120,-12892,-5704,7856,-495,192,-96,0
1942.9986920356753,6988,6908,12080,-195,-193,162,6328,-9620,10520,22,108,-226,-12828,5080,6836,-1030,159,-135,-12908,-5960,7732,-487,182,-108,0
1943.0334291458132,7120,6960,11908,-184,-203,145,6532,-9724,10516,5,113,-223,-12796,5040,6864,-1278,173,-160,-12936,-5996,7868,-480,196,-101,0
1943.0696620941164,7000,6968,11932,-213,-186,143,6520,-9680,10268,-17,108,-262,-12908,5032,6924,-1037,156,-146,-12992,-5776,7720,-476,175,-61,0
1943.1050109863284,7092,6976,11844,-232,-158,152,6560,-9580,10564,-13,111,-209,-12820,4944,6756,-1018,155,-112,-13000,-5720,7896,-477,166,-86,0
1943.1407020092013,7220,6912,11900,-216,-167,155,6572,-9660,10392,26,104,-205,-12972,4976,6832,-1052,136,-142,-12952,-5804,7780,-483,189,-91,0
1943.1756920814514,7396,6972,11892,-231,-208,144,6528,-9600,10436,45,116,-197,-12788,5008,7016,-1042,115,-125,-12920,-6080,7824,-457,142,-92,0
1943.211802959442,7096,7100,12004,-178,-123,132,6448,-9636,10560,-24,123,-221,-12924,4992,6992,-771,121,-74,-12980,-5880,7708,-473,153,-121,0
1943.2477209568024,7232,6916,11992,-220,-151,127,6484,-9592,10492,-35,142,-188,-12824,5000,6888,-1026,91,-89,-13112,-5664,7780,-477,143,-109,0
1943.2828330993652,7128,7148,11876,-113,-86,124,6472,-9644,10352,-43,138,-133,-12892,4980,7056,-1009,120,-48,-12984,-5980,7796,-491,57,-146,0
1943.3186819553373,7292,7048,11832,-102,12,84,6532,-9580,10564,-47,179,-128,-12888,4912,6964,-977,66,-33,-12940,-5840,7776,-494,74,-141,0
1943.3539769649508,7152,7036,11992,-192,-250,92,6504,-9668,10552,-33,190,-149,-12828,5040,6788,-1009,87,-34,-12972,-5940,7744,-477,119,-169,0
1943.3892149925232,7196,6872,11936,-132,13,83,6436,-9612,10548,-52,197,-169,-12956,5048,6856,-1031,75,-92,-12956,-5900,7888,-492,138,-145,0
1943.4243109226227,7200,6700,11988,-101,-17,78,6492,-9720,10704,-47,161,-159,-12928,4960,6776,-961,88,-71,-12896,-5800,7864,-478,173,-158,0
1943.4606659412384,7092,6876,11896,-121,-23,88,6488,-9532,10576,-52,192,-173,-12796,4996,6888,-982,127,-59,-12912,-5848,7716,-487,127,-145,0
1943.4956939220428,7052,6936,11948,-114,-51,94,6500,-9584,10568,-50,160,-176,-12852,4956,6704,-948,48,-68,-12992,-6116,7992,-491,143,-109,0
1943.5312571525574,7240,6892,12076,-195,-38,56,6196,-9672,10628,-32,208,-156,-12832,5088,6864,-920,64,-34,-12984,-5900,7772,-472,107,-173,0
1943.5684411525724,7068,7036,11812,-133,-22,77,6464,-9688,10708,-36,194,-170,-12976,5072,6976,-993,11,-57,-12988,-5976,7924,-491,127,-155,0
1943.6019060611725,7156,6944,12072,-125,-35,78,6376,-9676,10376,-39,222,-144,-12864,4984,6892,-946,59,-46,-13140,-5828,7768,-474,122,-134,0
1943.6353380680084,7208,7020,11948,-120,-47,67,6444,-9644,10428,-41,189,-150,-12872,5016,6884,-941,55,-29,-12956,-5920,7824,-488,124,-146,0
1943.6689050197604,6912,6944,11944,-123,-3,64,6500,-9620,10604,-39,187,-189,-12860,5080,7072,-1012,89,-54,-12844,-5900,7812,-479,107,-148,0
1943.7024230957031,7164,6932,11976,-130,-43,99,6444,-9764,10460,-15,164,-190,-12856,4996,6752,-1000,135,-66,-12920,-5684,7880,-487,144,-114,0
1943.7358300685885,7164,6936,12004,-92,-15,81,6640,-9664,10552,-14,146,-177,-12952,5068,7060,-989,104,-91,-12996,-5956,7760,-257,128,-165,0
1943.7694420814514,7192,6900,12044,-141,-31,80,6580,-9584,10492,-45,178,-162,-12820,5032,6796,-1006,89,-72,-12948,-5976,7796,-478,111,-144,0
1943.8039610385895,7156,7068,12084,-144,-62,77,6500,-9648,10284,-29,171,-167,-12908,4868,7116,-1004,70,-45,-12948,-5852,7796,-464,109,-143,0
1943.8373451232908,7136,6964,11924,-163,-14,102,6540,-9776,10544,-33,204,-148,-13020,4864,6736,-983,81,-32,-13016,-5888,7804,-478,88,-144,0
1943.8710451126096,7172,6976,11916,-81,-40,94,6460,-9716,10492,-56,184,-147,-12944,5192,6988,-981,86,24,-12904,-5788,7820,-500,82,-154,0
1943.9044830799103,7072,7036,11660,-117,-21,88,6464,-9604,10668,-39,166,-161,-12804,5048,7088,-1024,85,-49,-12928,-5856,7872,-532,104,-149,0
1943.937551021576,7252,7004,12024,-153,-34,112,6368,-9560,10564,-252,141,-163,-12596,5284,6876,-1023,89,-96,-13012,-5992,7820,-482,106,-126,0
1943.9710910320284,7068,7040,11948,-120,-58,89,6184,-9680,10512,-37,142,-168,-12996,5012,7164,-998,67,-82,-13064,-6028,7844,-481,145,-134,0
1944.0046861171725,7056,7040,11916,-150,-73,82,6468,-9924,10344,-39,179,-189,-12752,5188,6984,-1001,87,-30,-12960,-5984,7764,-441,160,-129,0
1944.038187980652,7068,7072,12008,-159,-38,82,6160,-9672,10664,-36,139,-170,-12820,5060,6920,-993,78,-41,-12940,-6132,7868,-461,130,-150,0
1944.071979999542,7396,7104,11872,-123,-8,97,6552,-9624,10748,-36,127,-153,-12768,5004,6948,-966,60,-59,-12932,-5956,7872,-483,105,-136,0
1944.1054990291595,7000,7028,11800,-148,-41,105,6456,-9700,10660,-76,139,-140,-12880,5040,6748,-982,87,-92,-12904,-5920,7868,-520,108,-151,0
1944.1387701034548,7080,6956,11844,-137,-40,107,6492,-9540,10604,-63,150,-164,-12928,4880,6872,-988,61,-54,-12952,-5676,7776,-512,130,-123,0
1944.1721990108492,7072,7020,11924,-129,-55,149,6424,-9672,10588,-50,144,-164,-12892,5008,6688,-1013,80,-21,-12992,-5888,7820,-519,162,-127,0
1944.2057189941404,7084,6964,11976,-166,-100,116,6464,-9656,10488,-28,176,-169,-12804,4992,6856,-1018,101,-125,-12940,-6052,7900,-760,177,-132,0
1944.239393949509,7108,7056,11860,-97,-76,137,6432,-9664,10624,-31,123,-183,-12760,5076,6656,-1005,111,-109,-12904,-5968,7904,-491,164,-137,0
1944.2729711532593,7124,7088,11824,-136,-66,131,6204,-9700,10476,-65,140,-174,-12732,5176,7092,-1008,95,-57,-12868,-5848,7840,-445,128,-106,0
1944.3066160678864,7328,7084,12000,-153,-42,95,6636,-9984,10656,-64,135,-139,-12580,5112,6996,-969,93,-55,-13028,-5896,7760,-504,149,-117,0
1944.3402049541473,7004,7000,11908,-159,-38,91,6500,-9632,10468,-42,149,-168,-13052,5080,6816,-995,58,-44,-12852,-5984,8152,-470,150,-132,0
1944.373687028885,7056,7060,11844,-165,-60,127,6356,-9600,10528,-16,154,-167,-12804,4992,6892,-983,90,-77,-12780,-5900,7884,-457,150,-120,0
1944.4069499969485,6980,6984,11828,-168,-74,84,6148,-9788,10700,-42,150,-198,-12856,5036,6828,-1010,70,-133,-12948,-5964,7780,-452,193,-160,0
1944.440351009369,7016,7032,11944,-195,-101,86,6340,-9692,10516,1,163,-197,-12908,5064,6976,-1037,97,-110,-13036,-5808,7868,-465,177,-104,0
1944.4738819599152,6984,6932,12020,-192,-75,99,6396,-9684,10580,-22,143,-191,-12844,5112,6784,-983,103,-81,-12888,-5880,7860,-488,182,-91,0
1944.507400035858,6976,7056,11972,-183,-115,125,6468,-9708,10476,-10,124,-201,-12788,5208,6868,-985,102,-127,-12936,-5868,7748,-520,166,-74,0
1944.5408220291135,6684,7004,11988,-170,-160,167,6428,-9572,10284,-34,83,-196,-12688,5048,6676,-1010,105,-97,-13056,-5708,7768,-488,178,-93,0
1944.5743920803068,7036,7024,11972,-168,-132,139,6404,-9664,10388,-28,111,-225,-12748,4988,7120,-1014,110,-106,-12888,-5892,7780,-767,168,-106,0
1944.6118059158323,7144,7048,11972,-145,-108,128,6432,-9668,10252,-27,146,-195,-12832,5036,6976,-997,106,-59,-13008,-5972,7904,-518,149,-139,0
1944.6476700305936,7040,6980,11948,-151,-109,97,6508,-9632,10416,-22,141,-208,-12848,4864,7020,-1277,110,-96,-12952,-5984,7780,-453,178,-114,0
1944.6830489635468,7072,7060,11876,-174,-27,105,6480,-9584,10536,-10,131,-199,-12628,5028,6724,-978,130,-52,-13244,-5916,7840,-481,131,-117,0
1944.7182581424713,7200,6932,11880,-164,-91,126,6488,-9700,10440,-30,136,-171,-12868,5076,6804,-1022,78,-49,-12912,-5640,7880,-503,164,-157,0
1944.753842115402,6968,6944,11800,-163,-86,101,6400,-9712,10440,-8,139,-156,-12776,5024,6828,-1064,55,-129,-12844,-5992,7808,-490,140,-147,0
1944.7893850803373,6976,7032,11920,-143,-64,114,6312,-9648,10288,-40,163,-178,-13016,4956,7152,-995,72,-47,-12908,-5924,7968,-460,116,-151,0
1944.8248901367188,7128,7068,11924,-132,-78,84,6460,-9744,10568,-40,159,-186,-12860,5344,6832,-961,107,-81,-12876,-5920,7940,-495,150,-138,0
1944.8602790832524,7052,7040,11980,-169,-30,126,6388,-9656,10400,-17,163,-156,-12736,5056,6868,-1048,110,-26,-12964,-5856,7904,-459,124,-150,0
1944.8956410884855,7112,7020,11816,-155,-19,103,6420,-9660,10684,-48,133,-153,-12592,5096,6968,-1021,74,-58,-12972,-5984,7828,-477,105,-114,0
1944.9308490753174,7004,7076,11924,-142,245,122,6164,-9656,10684,-62,150,-143,-12828,5112,6884,-959,88,-29,-13008,-5888,7976,-476,111,-116,0
1944.9661469459534,7060,7064,11968,-174,-55,121,6552,-9804,10512,-33,168,-171,-12740,5088,6728,-987,95,-119,-12856,-5900,7852,-506,144,-118,0
1945.0019640922549,7096,7052,11996,-138,-64,119,6368,-9704,10616,-12,110,-176,-12844,5064,6868,-1015,106,-78,-12936,-5924,7956,-488,200,-93,0
1945.0377061367035,7056,6984,11856,-195,-143,147,6380,-9828,10300,26,109,-231,-12840,5148,6864,-1011,129,-153,-12960,-5916,7888,-498,204,-67,0
1945.0728530883787,6924,7020,11948,-170,-161,149,6480,-9668,10696,-23,91,-226,-12992,5152,6992,-997,106,-150,-12980,-5876,7924,-492,178,-104,0
1945.1076180934908,7176,6916,12256,-174,-124,170,6516,-9584,10748,-19,125,-204,-12612,5088,6804,-1013,136,-151,-12956,-5872,7704,-473,165,-130,0
1945.143476009369,6996,7012,12016,-168,-92,135,6436,-9676,10452,-18,120,-206,-12840,5120,6940,-1040,116,-91,-12888,-5940,7876,-483,172,-68,0
1945.178426027298,7064,6968,11948,-222,-150,134,6328,-9660,10500,-39,108,-207,-12868,5004,6952,-1003,123,-140,-12772,-5964,7800,-483,190,-95,0
1945.2141349315643,7044,6996,11952,-213,-162,154,6172,-9656,10484,-52,122,-213,-12772,5148,6992,-983,117,-157,-12932,-5956,7880,-464,193,-96,0
1945.2505810260773,7064,6960,11828,-218,-160,127,6488,-9588,10648,-28,131,-204,-12876,5228,7032,-779,93,-124,-13160,-5860,7628,-768,210,-120,0
1945.2841749191284,7056,6984,12272,-203,-132,156,6444,-9572,10612,38,93,-232,-12760,5092,6756,-1056,162,-138,-12900,-5904,7876,-453,223,-58,0
1945.3176870346067,7388,7056,11604,-184,-119,181,6188,-9560,10520,17,111,-226,-12724,5060,6872,-1038,154,-119,-12840,-5836,7816,-463,215,-56,0
1945.351442098617,7372,7012,11880,-164,-164,167,6508,-9660,10680,-19,97,-226,-12840,5164,6788,-994,132,-105,-12860,-5892,7740,-475,191,-65,0
1945.3848540782928,7156,7012,11816,-228,-181,173,6500,-9712,10408,-7,119,-194,-12888,5112,6952,-998,147,-138,-13088,-5908,7780,-489,194,-66,0
1945.4183340072632,7340,7080,11880,-203,-167,179,6472,-9700,10608,22,79,-195,-12916,5084,6936,-1033,162,-134,-12892,-5864,7844,-480,169,-58,0
1945.4517149925232,7120,6944,11872,-217,-129,150,6492,-9576,10248,18,110,-201,-12808,5044,6916,-997,126,-91,-12816,-5896,7816,-506,165,-90,0
1945.4851310253143,7100,6988,11892,-202,-163,154,6456,-9556,10504,-11,103,-207,-12760,4984,6832,-1010,129,-82,-12896,-5880,7764,-459,156,-83,0
1945.5186719894407,7412,6672,11836,-204,-141,133,6436,-9604,10664,-14,125,-209,-12900,5148,6892,-1270,90,-136,-12884,-5876,7836,-500,171,-107,0
1945.552191019058,7124,7000,11884,-178,-144,177,6456,-9612,10512,-18,112,-218,-12848,5328,6812,-1049,134,-145,-13008,-5948,7788,-761,178,-102,0
1945.5856530666351,7420,6740,11856,-162,-154,152,6480,-9652,10536,19,86,-225,-12860,5104,6832,-1029,151,-153,-12892,-5904,7744,-485,238,-80,0
1945.6191270351412,7204,6664,11964,-201,-208,136,6372,-9644,10380,-250,93,-244,-12836,5180,6716,-1017,141,-140,-12936,-5844,7844,-475,240,-114,0
1945.6523630619047,7356,6920,11844,-198,-184,143,6476,-9576,10340,249,107,-237,-12916,5024,6728,-1057,170,-137,-12880,-6060,7904,-443,190,-83,0
1945.6860461235049,7352,6828,11976,-215,-163,137,6452,-9688,10476,-35,142,-224,-12852,5080,6816,-984,125,-150,-13028,-5860,7740,-485,171,-95,0
1945.7196669578552,7264,7040,11852,-185,-154,132,6476,-9564,10612,-3,115,-225,-12952,5028,6884,-1003,83,-138,-13024,-5872,7800,-485,156,-98,0
1945.7531099319456,7152,6804,11908,-160,-116,125,6532,-9688,10572,-11,125,-195,-12968,5056,6720,-1040,72,-83,-13292,-5684,7556,-481,161,-110,0
1945.7868480682373,7268,6976,11832,-168,-123,126,6504,-9552,10524,-20,160,-182,-12760,4976,6724,-1019,90,-83,-12908,-5924,7740,-440,140,-113,0
1945.82039308548,7272,7028,11988,-179,-127,115,6488,-9632,10532,-32,119,-186,-12840,5060,6824,-1009,133,-111,-12920,-5740,7828,-457,186,-106,0
1945.8540949821472,7284,6980,11860,-197,-90,124,6612,-9612,10428,-21,102,-184,-12804,5044,6940,-1038,151,-65,-12928,-5788,7784,-492,152,-115,0
1945.8875579833984,7180,6980,11820,-120,-96,168,6444,-9620,10704,-40,95,-175,-12912,5060,6840,-1012,125,-65,-12980,-5904,7796,-505,111,-112,0
1945.9210419654844,7108,7164,11812,-128,-45,129,6500,-9596,10712,-64,130,-154,-12936,4972,6688,-1012,102,-68,-12968,-6144,7912,-486,110,-134,0
1945.9544789791107,7168,6724,12240,-165,-33,99,6436,-9636,10748,-66,174,-175,-12852,5056,6736,-1012,60,-30,-12968,-5792,7924,-482,113,-162,0
1945.9880120754244,6928,6984,11868,-143,-8,85,6496,-9656,10600,-44,174,-151,-12856,5068,6764,-1015,43,-9,-12952,-5860,7828,-483,142,-153,0
1946.0215680599213,7168,6664,11932,-73,5,77,6496,-9600,10624,-37,171,-170,-12636,5012,6660,-995,50,-84,-13008,-5688,8128,-500,122,-149,0
1946.054782152176,7024,6916,12020,-136,-36,87,6628,-9620,10548,-56,189,-164,-12816,5024,6792,-994,102,-60,-13000,-5860,7828,-500,136,-132,0
1946.0884799957275,7404,6696,12016,-139,-67,86,6152,-9928,10460,-62,119,-165,-12844,5160,6740,-990,127,-94,-12972,-5864,7664,-461,125,-140,0
1946.1219770908356,7104,6940,11920,-143,4,93,6480,-9628,10480,-47,153,-177,-12832,5060,6668,-774,110,-83,-12900,-5668,7856,-488,151,-120,0
1946.1552801132204,6912,6964,12260,-146,-255,105,6392,-9596,10412,-56,162,-188,-12832,5020,6684,-960,67,-79,-13228,-5852,7852,-474,138,-168,0
1946.1888060569763,7372,6968,12060,-146,-27,52,6548,-9644,10436,-33,167,-171,-12968,5068,6804,-938,46,-67,-13028,-5864,7828,-495,103,-160,0
1946.2223010063171,7356,6960,11916,-103,-15,71,6424,-9636,10596,-43,171,-136,-12940,5044,6860,-1000,25,253,-12836,-5868,7864,-498,84,-157,0
1946.2557821273804,6948,6964,11860,-112,-25,54,6492,-9652,10732,-42,170,-129,-12848,4972,6688,-978,70,-20,-12952,-5960,7736,-464,106,-137,0
1946.2927980422974,7196,6940,12164,-151,-22,75,6480,-9576,10476,-72,153,-156,-12848,5044,6768,-982,100,-54,-12948,-5832,7712,-471,74,-144,0
1946.3283820152285,7312,7036,11788,-128,-43,88,6404,-9740,10488,-65,133,-162,-12812,5116,6816,-1025,56,-10,-12956,-5904,7856,-521,109,-173,0
1946.3634281158447,7164,6868,11992,-127,-71,95,6540,-9612,10588,-40,131,-145,-12892,4900,6816,-1035,63,-65,-12936,-5908,7916,-765,115,-158,0
1946.3988361358645,7084,6976,11888,-108,22,97,6436,-9588,10444,-33,130,-151,-13040,4972,6976,-998,54,-10,-12928,-5984,7844,-497,114,-170,0
1946.433965921402,7220,7064,12236,-160,-46,57,6488,-9816,10240,-46,196,-181,-12792,5088,6772,-966,14,-64,-12968,-5840,7844,-456,114,-187,0
1946.4698529243467,7144,6884,11908,-151,14,75,6460,-9476,10344,-45,178,-124,-12748,5180,6736,-1023,59,-8,-12900,-5840,7908,-471,90,-166,0
1946.50492310524,7120,7012,11988,-95,-22,77,6476,-9552,10600,-30,174,-148,-12800,5076,6816,-1010,31,-54,-12928,-5872,7836,-465,103,-141,0
1946.5403850078583,6916,6940,12188,-142,-21,89,6376,-9620,10652,-50,151,-172,-13052,5064,6884,-956,56,-37,-12992,-5652,7856,-482,119,-113,0
1946.575933933258,7036,7048,11956,-150,-57,88,6444,-9644,10344,-93,141,-163,-12740,5040,6844,-965,91,-101,-12916,-5840,7712,-513,108,-122,0
1946.6113209724429,7164,6980,11796,-104,-34,92,6408,-9544,10628,-45,137,-173,-12844,5012,6928,-772,122,-23,-12824,-5888,7808,-526,154,-114,0
1946.646234989166,7000,7020,11916,-122,-50,112,6376,-9652,10508,247,92,-161,-12732,5028,6912,-1061,123,-89,-12880,-5880,7892,-766,158,-109,0
1946.6820290088654,7128,7148,11772,-131,-62,134,6204,-9680,10436,-25,105,-185,-12900,5088,6880,-1004,131,-63,-13016,-5948,7940,-484,142,-141,0
1946.71777009964,7092,7056,11952,-160,-76,90,6444,-9736,10356,-58,136,-184,-12908,5112,6860,-1025,96,-84,-12896,-6144,8044,-486,103,-149,0
1946.7530760765076,7180,6992,11844,-167,-35,106,6636,-9644,10484,-17,127,-157,-12780,5012,6988,-1015,101,-57,-12912,-5904,7884,-480,122,-139,0
1946.7882549762724,7064,6944,12116,-170,-36,108,6536,-9732,10452,-46,151,-176,-13048,5004,6724,-1004,90,-58,-12832,-5968,7860,-483,127,-166,0
1946.824016094208,7180,7028,11912,-162,-74,82,6484,-9592,10500,-45,162,-162,-12808,5108,6992,-981,77,-87,-12960,-5940,7696,-495,127,-138,0
1946.860676050186,7132,7028,12204,-185,-31,91,6648,-9680,10572,-46,169,-175,-12640,5116,6860,-993,94,-46,-12956,-5848,7776,-460,137,-129,0
1946.8956661224363,7016,6988,11964,-169,-44,117,6396,-9576,10308,-6,170,-176,-12732,5128,6964,-1020,85,-99,-12836,-5940,7872,-453,164,-114,0
1946.9324500560763,6988,7052,11892,-164,-80,113,6180,-9556,10328,-23,140,-190,-12828,5148,6844,-1014,109,-78,-12836,-5852,7692,-485,129,-87,0
1946.965898990631,7036,6948,12268,-194,-95,123,6452,-9704,10620,248,131,-216,-12924,4920,7128,-1030,133,-85,-12800,-5928,8012,-494,166,-82,0
1946.9994361400604,7084,7048,11948,-183,-83,159,6408,-9596,10504,-23,113,-185,-12764,5068,6964,-1012,134,-101,-12928,-6128,7880,-503,158,-101,0
1947.0329310894012,7064,7012,12272,-168,-111,152,6196,-9496,10320,13,98,-182,-12892,4984,6964,-1276,149,-145,-12956,-5744,7848,-498,174,-52,0
1947.066640138626,7068,7004,11860,-190,-118,141,6156,-9616,10544,-31,125,-224,-12776,5112,6948,-1007,134,-122,-12948,-5924,7912,-466,170,-102,0
1947.1000399589536,7032,7028,11840,-205,-115,142,6488,-9736,10516,-18,137,-191,-12796,5064,6824,-1040,119,-85,-12964,-5904,7816,-461,137,-84,0
1947.1337051391604,6948,7016,11920,-215,-130,149,6468,-9744,10512,11,148,-206,-12644,5096,7004,-1001,91,-70,-12964,-5940,7916,-486,184,-128,0
1947.167321920395,7000,6948,11956,-4,-144,149,6428,-9616,10472,41,102,-191,-12720,5060,6920,-1017,132,-127,-12940,-5880,7764,-441,179,-85,0
1947.2008559703827,7168,7032,11940,-169,-99,132,6432,-9576,10520,-10,104,-220,-12876,4988,6768,-771,129,-144,-12896,-5924,7916,-451,210,-85,0
1947.2427539825444,7144,6964,11812,-267,-162,130,6432,-9612,10484,14,143,-220,-12788,5092,6684,-1013,146,-146,-12948,-5756,7828,-458,229,-76,0
1947.2766039371493,7176,6884,12020,-227,-136,160,6496,-9688,10632,15,100,-195,-12804,5356,7096,-1050,131,-153,-12940,-5884,7860,-450,171,-99,0
1947.3101351261137,7084,7012,11924,-206,-89,170,6480,-9644,10580,5,80,-167,-12776,5052,7016,-1013,149,-105,-12984,-5648,7776,-466,105,-67,0
1947.3438739776611,7012,7040,11872,-238,-142,154,6624,-9564,10604,-23,99,-184,-12600,5048,6876,-1006,153,-71,-12948,-5864,7956,-483,128,-74,0
1947.3774139881134,7076,6912,11824,-199,-161,159,6492,-9612,10508,-32,107,-209,-12588,5112,6844,-1015,148,-152,-12944,-5940,7760,-503,168,-81,0
1947.4108381271365,7212,7012,11988,-182,-183,155,6452,-9616,10540,11,89,-199,-12560,5076,7132,-1049,174,-157,-12892,-5852,7840,-495,229,-67,0
1947.4443011283875,7104,6900,12224,-143,-151,180,6460,-9632,10468,-2,80,-227,-12816,5016,6756,-1033,158,-146,-12932,-5760,7700,-520,209,-96,0
1947.4779319763184,7112,6924,11964,-177,-176,148,6496,-9660,10380,9,56,-224,-12860,5096,6992,-1273,168,-94,-12876,-6048,7860,-462,210,-102,0
1947.5113630294804,7128,6900,11964,-208,-128,140,6568,-9588,10652,-23,81,-225,-12908,5104,6936,-1021,141,-103,-13008,-5812,7928,-464,187,-71,0
1947.5448160171509,7176,6876,12188,-202,-139,136,6464,-9644,10492,1,132,-196,-12816,5072,6660,-1029,115,-136,-13000,-5880,7816,-471,164,-106,0
1947.5784590244293,7164,7052,11996,-180,-138,133,6552,-9680,10612,-251,103,-209,-12928,4992,6876,-1018,103,-146,-13036,-5700,8164,-469,173,-102,0
1947.6119971275332,7148,6888,11820,-189,-168,125,6528,-9636,10600,-28,106,-240,-12928,4980,6844,-1029,98,-105,-12964,-5916,7788,-482,164,-122,0
1947.6453540325165,7196,6964,11876,-186,-166,131,6452,-9628,10584,-22,106,-214,-12912,5056,6796,-980,98,-108,-12940,-5876,7896,-475,165,-104,0
1947.6789350509644,7124,6960,12032,-175,-167,108,6168,-9680,10560,17,108,-191,-12872,5100,6868,-999,157,-70,-12904,-5884,7804,-487,182,-101,0
1947.7125129699707,7176,6912,11888,-161,-142,170,6592,-9624,10492,-19,120,-207,-12888,5064,6880,-1033,164,-119,-12904,-5868,7892,-489,197,-79,0
1947.7464489936829,7168,6892,11876,-157,-121,141,6524,-9652,10552,-39,106,-204,-12816,5060,6908,-1280,141,-106,-12908,-5824,7796,-501,136,-103,0
1947.7799050807953,7256,6688,11864,-121,-70,141,6608,-9616,10552,-39,125,-166,-12808,4976,6880,-991,114,-83,-13044,-5888,7700,-503,107,-114,0
1947.8136229515076,7244,6932,11852,-135,-57,125,6556,-9560,10424,-45,182,-153,-12876,4972,6828,-1004,109,-94,-13008,-5888,7888,-484,101,-108,0
1947.847335100174,7252,6812,11852,-162,9,77,6520,-9576,10640,-38,175,-171,-12808,4904,7120,-1006,73,-53,-12992,-5896,7808,-470,100,-130,0
1947.8806960582733,7412,6952,12048,-168,27,87,6544,-9652,10684,-58,162,-158,-12916,5112,6780,-1011,77,-26,-13048,-5776,7812,-488,88,-111,0
1947.9141609668732,7164,6944,11996,-133,-15,64,6572,-9656,10496,-32,174,-153,-12868,4936,7104,-1006,7,-45,-12996,-5652,7832,-504,121,-149,0
1947.9498109817505,7184,6924,11888,-199,-36,91,6188,-9580,10268,-14,195,-153,-13008,5076,7076,-1002,40,-40,-12916,-5880,7820,-469,110,-149,0
1947.9849150180817,7080,7032,11980,-113,-12,55,6400,-9948,10552,-58,164,-139,-12596,5040,6684,-1006,62,-41,-12964,-5672,7716,-478,140,-160,0
1948.0208311080933,7132,6664,12024,-163,-25,36,6472,-9604,10488,-43,166,-169,-12880,5276,6840,-988,69,-73,-12888,-6100,7888,-471,98,-142,0
1948.0570940971375,7128,6984,11756,-125,-11,71,6588,-9620,10564,-26,180,-129,-12840,5088,6784,-1279,54,-74,-12904,-5856,7856,-471,81,-155,0
1948.0921931266785,6952,6688,11912,-99,11,72,6512,-9676,10580,-37,151,-114,-12856,5128,6824,-995,50,3,-12912,-5892,7780,-475,64,-120,0
1948.128072023392,7140,6972,12052,-137,-6,88,6412,-9672,10448,-75,173,-138,-12808,5100,6828,-943,64,-55,-12932,-5948,7860,-486,63,-154,0
1948.1634240150452,7140,6976,12000,-145,-28,104,6504,-9624,10464,-34,158,-158,-12888,5072,6820,-1001,83,-76,-12912,-6112,7804,-528,114,-165,0
1948.1994490623474,6920,6992,11976,-112,-54,110,6576,-9616,10536,-31,132,-179,-12816,5036,6872,-1017,118,-22,-12896,-5784,7872,-506,167,-131,0
1948.2345850467684,7156,7008,12028,-89,-63,103,6176,-9668,10704,-33,147,-181,-12648,4904,6660,-1044,88,-103,-13024,-5660,7852,-486,133,-131,0
1948.2702679634094,7120,7144,11892,-135,-42,76,6468,-9648,10476,-34,159,-173,-12780,5108,6784,-1002,73,-71,-13004,-5912,7764,-478,111,-148,0
1948.305655002594,7108,7008,11940,-147,3,69,6456,-9680,10744,-47,180,-137,-12868,5044,6980,-1008,61,-90,-13008,-6116,7888,-496,94,-149,0
1948.3407020568848,7160,6964,12200,-137,250,80,6420,-9604,10708,-25,174,-141,-12808,5096,6828,-1015,59,-60,-12932,-6092,7840,-495,74,-170,0
1948.375954151153,7092,7052,11584,-137,-14,84,6508,-9604,10472,-56,114,-161,-12568,5092,6940,-992,54,-94,-12928,-5700,7836,-491,81,-166,0
1948.411733150482,7084,6972,12024,-126,-37,88,6652,-9604,10680,-84,159,-177,-12900,5000,7060,-978,47,-74,-12832,-5656,7944,-474,118,-152,0
1948.4462370872495,7156,7016,11988,-134,-41,74,6528,-9660,10620,-42,154,-177,-12752,5064,7128,-1004,66,-87,-12932,-5940,7808,-499,145,-145,0
1948.4823191165924,7116,7012,11952,-132,-43,109,6432,-9684,10532,-36,110,-182,-12800,5136,6792,-998,85,-51,-12916,-5932,7868,-495,127,-143,0
1948.51807308197,7064,6988,12216,-133,-37,99,6456,-9656,10544,-25,113,-165,-12592,5056,7024,-1006,103,-107,-12940,-5892,7824,-502,129,-127,0
1948.5532979965212,7120,6988,11972,-136,-58,132,6548,-9692,10488,-30,124,-176,-12800,5084,6792,-1280,110,-66,-12900,-5936,7876,-482,154,-130,0
1948.5893459320068,7088,7028,11860,-124,-74,119,6516,-9580,10560,-45,124,-156,-12880,5064,6936,-1000,101,-46,-12908,-5924,7792,-262,102,-139,0
1948.624808073044,7104,6984,11980,-147,-68,102,6444,-9620,10652,-49,131,-157,-12888,5056,6868,-1016,86,-62,-12876,-5980,7744,-491,155,-135,0
1948.6581060886383,7040,6984,11876,-150,-41,85,6504,-9544,10640,-45,151,-186,-12788,4984,7160,-982,93,-91,-12912,-5884,7940,-470,125,-115,0
1948.6917989254,7208,7024,11848,-151,-10,100,6488,-9600,10684,-47,131,-153,-12640,4932,7064,-1030,110,-85,-12872,-6084,7816,-465,125,-139,0
1948.7255010604856,7092,7140,11832,-141,-67,106,6472,-9668,10520,-9,146,-174,-12916,4896,6892,-1034,81,-110,-12984,-5688,7832,-494,144,-115,0
1948.7589490413668,7084,7016,11924,-185,-49,90,6536,-9664,10648,30,143,-172,-12844,5100,7036,-1041,107,-79,-12616,-5920,7732,-469,131,-110,0
1948.7925720214844,7032,6972,12008,-155,-62,102,6468,-9632,10612,-37,139,-187,-12816,5116,7116,-992,68,-77,-12836,-5964,7880,-485,188,-113,0
1948.825979948044,7188,7056,11996,-214,-90,90,6232,-9664,10620,-30,106,-216,-12788,5108,6844,-1009,136,-101,-12828,-6012,7812,-489,160,-86,0
1948.8597559928894,7060,6972,11936,-183,-103,131,6472,-9616,10612,11,125,-199,-12748,5216,6920,-1006,137,-124,-12896,-5940,7772,-474,166,-89,0
1948.8931629657743,7012,7016,12252,-164,-106,156,6440,-9600,10656,-15,85,-196,-12812,5360,6796,-1020,157,-108,-12928,-5892,7800,-473,148,-79,0
1948.9268889427183,7112,7000,12152,-225,-119,157,6412,-9580,10492,-36,117,-192,-12860,5132,6724,-966,130,-103,-12956,-5876,8176,-477,171,-92,0
1948.960557937622,7252,7040,12012,-225,-118,159,6524,-9664,10556,-21,164,-197,-12868,5040,6756,-1003,126,-139,-13028,-5792,7924,-764,214,-78,0
1948.9938631057737,7180,6988,11924,-198,-132,151,6520,-9524,10584,0,95,-203,-12884,5028,6956,-1036,146,-175,-12808,-5800,7744,-492,229,-82,0
1949.0272879600525,7024,6912,12052,-225,-150,163,6440,-9636,10548,37,109,-238,-13044,5040,7112,-1068,170,-156,-12888,-5948,7820,-471,219,-38,0
1949.060667991638,7144,6968,11820,-171,-142,156,6488,-9596,10304,11,57,-246,-12840,5060,6720,-1017,140,-126,-12808,-5880,7684,-493,226,-91,0
1949.0941619873047,7124,7032,11988,-188,-150,185,6440,-9628,10584,21,86,-224,-12868,5032,6748,-1005,162,-108,-12956,-5940,7860,-468,192,-37,0
1949.1278381347652,7212,6944,11912,-232,-164,138,6484,-9672,10524,-6,129,-218,-12772,5076,6884,-1027,161,-112,-12924,-5824,7776,-485,190,-83,0
1949.1612830162048,7096,7080,11908,-223,-168,171,6536,-9628,10512,34,93,-221,-12840,4984,6960,-1025,144,-177,-12872,-5964,7808,-468,215,-69,0
1949.1945791244507,7108,6992,11916,-203,-182,141,6392,-9560,10520,-17,109,-227,-12896,5008,6892,-1013,109,-114,-13008,-5844,7836,-487,210,-82,0
1949.228214979172,7272,7000,12080,-190,-163,154,6512,-9548,10716,-37,119,-218,-12860,5328,7140,-1008,148,-102,-12920,-5916,7812,-468,202,-67,0
1949.261745929718,7184,6972,11952,-196,-149,150,6492,-9756,10684,255,94,-223,-12568,5056,6772,-1031,154,-108,-12952,-5768,7904,-482,183,-87,0
1949.29555106163,6984,6940,12016,-175,-154,154,6396,-9564,10608,5,85,-228,-12828,5024,6656,-1037,144,-99,-12948,-5896,7764,-491,173,-75,0
1949.3292839527132,6912,6928,11800,-188,-152,167,6576,-9500,10596,-43,105,-186,-12788,5016,6756,-1030,176,-139,-13040,-5976,7796,-496,195,-83,0
1949.3626000881195,7140,6968,12212,-172,-183,163,6492,-9540,10652,-11,73,-217,-12792,5052,6892,-1037,171,-144,-13000,-5864,7772,-502,228,-65,0
1949.395875930786,6964,7164,11964,-193,-168,156,6436,-9572,10444,-8,91,-210,-12860,5048,6996,-1044,137,-130,-12992,-5892,7892,-484,184,-72,0
1949.4294819831848,6992,6896,11788,-182,-178,162,6604,-9568,10652,-5,111,-213,-12884,5016,6656,-1030,136,-105,-13004,-5816,7436,-512,166,-117,0
1949.4628930091856,7264,7140,11948,-169,-152,136,6484,-9648,10472,12,114,-198,-12956,4876,7056,-1032,153,-129,-12988,-5856,7876,-491,152,-76,0
1949.4966399669647,7260,6904,12224,-214,-125,146,6532,-9532,10692,-2,112,-214,-12824,4872,6732,-1026,137,-155,-12948,-5860,7808,-473,155,-86,0
1949.5301439762115,7184,6884,11984,-223,-158,134,6548,-9528,10544,-44,127,-207,-12896,4896,6728,-979,132,-104,-12960,-5748,7772,-482,152,-99,0
1949.5636460781095,7280,6836,11892,-171,-120,107,6544,-9580,10476,-38,134,-185,-12916,5152,6788,-782,85,-75,-12908,-5804,7776,-499,165,-136,0
1949.5972759723663,7148,6904,11832,-185,-108,125,6476,-9564,10508,-8,139,-204,-13020,4916,6772,-1028,95,-71,-12880,-5892,7760,-475,122,-127,0
1949.633234977722,7276,6936,11968,-160,-36,103,6832,-9576,10676,-48,143,-189,-13012,4928,6948,-772,112,-55,-12928,-6084,7788,-476,114,-149,0
1949.6682641506195,7208,6916,11944,-164,-38,93,6612,-9588,10388,-45,177,-184,-13012,4948,6716,-991,95,-65,-13020,-5752,7884,-456,135,-123,0
1949.704393148422,7292,6840,11876,-175,22,100,6544,-9588,10308,-34,171,-103,-12860,5080,6792,-1047,73,-70,-12992,-5836,7952,-467,94,-142,0
1949.7402400970457,7224,6980,11884,-135,77,102,6520,-9548,10604,-14,171,-104,-12852,5028,6848,-1029,79,-42,-12936,-5836,7864,-464,73,-159,0
1949.7750380039213,7076,6868,11780,-158,10,81,6556,-9604,10736,-68,179,-143,-12832,5044,6912,-1015,39,-53,-12956,-5816,7932,-486,109,-148,0
1949.8108010292053,7132,6980,12080,-126,17,60,6468,-9600,10544,-82,190,-172,-12596,5056,7044,-1001,68,-46,-12940,-5892,7868,-506,115,-162,0
1949.8470759391785,7228,6960,12012,-77,-256,85,6524,-9620,10600,-38,147,-161,-12816,4956,6864,-991,72,-57,-13004,-5832,7748,-492,161,-158,0
1949.882399082184,7136,6980,11828,-105,-34,86,6588,-9584,10676,-40,166,-173,-12852,5164,6808,-991,91,-43,-12920,-5992,7876,-473,148,-158,0
1949.9174160957336,7172,6980,11976,-87,-41,97,6428,-9716,10588,-54,169,-165,-13024,5048,6676,-977,88,-68,-12920,-5888,7748,-506,107,-134,0
1949.9533970355988,7188,6940,11820,-131,-23,87,6520,-9660,10648,-59,133,-167,-12916,5088,6948,-980,62,-91,-12844,-5960,7820,-481,89,-139,0
1949.9892899990084,7248,6948,12024,-139,14,87,6476,-9516,10612,-67,152,-142,-12876,5116,6828,-980,68,-46,-12964,-5896,7808,-511,100,-121,0
1950.023957014084,7192,6988,11836,-118,-27,77,6484,-9596,10540,-75,149,-152,-12852,5080,6976,-1002,51,-22,-12888,-5840,7712,-503,116,-157,0
1950.0593600273132,6972,6988,11976,-124,-4,63,6560,-9540,10424,-57,153,-172,-12912,5020,6784,-984,56,-63,-12852,-5764,7828,-490,92,-186,0
1950.09445810318,7148,7076,12068,-124,-26,46,6500,-9656,10580,-26,154,-158,-12888,5048,6884,-1001,78,-27,-12920,-6056,7796,-464,109,-151,0
1950.1302120685575,7108,6944,11912,-128,-33,91,6604,-9544,10604,-40,159,-146,-12832,5044,6920,-994,55,-95,-12904,-5784,7876,-473,98,-166,0
1950.1652650833132,7176,6736,11972,-112,2,77,6440,-9512,10520,-38,161,-149,-13056,5044,6908,-989,62,-21,-12920,-5896,7960,-489,108,-159,0
1950.200340986252,7108,6880,11896,-91,4,90,6504,-9656,10640,-48,127,-153,-12672,5000,6860,-994,89,-3,-12844,-5872,7912,-489,103,-152,0
1950.237344026565,7056,6928,11932,-83,-25,95,6220,-9624,10580,-32,155,-169,-12748,4908,6928,-1003,108,-74,-12940,-5932,7956,-488,122,-123,0
1950.2729949951172,7036,6956,11888,-135,-16,96,6500,-9572,10652,-66,150,-171,-12612,5064,7000,-986,89,-76,-12988,-6100,7860,-491,95,-149,0
1950.3086280822754,7068,6940,11868,-110,-52,89,6428,-9568,10592,-61,137,-167,-12820,5144,7016,-993,89,-47,-12976,-5792,7876,-508,131,-144,0
1950.3421530723572,7156,6880,11972,-139,-46,84,6312,-9640,10612,-25,150,-152,-12776,5124,6968,-1011,48,-21,-12948,-5916,7844,-509,143,-156,0
1950.37580704689,7180,6932,11696,-138,15,125,6500,-9536,10656,-11,142,-146,-12864,5040,6752,-992,56,-34,-12988,-5892,7840,-477,104,-123,0
1950.4091539382935,7108,7060,11976,-113,-43,79,6516,-9640,10520,-44,169,-157,-12548,5052,6904,-992,71,-64,-13024,-5896,7968,-469,128,-135,0
1950.4425570964813,7168,6940,12124,-164,-44,96,6480,-9520,10708,-34,141,-164,-12836,5040,6948,-1011,98,-87,-12920,-5820,7696,-494,126,-159,0
1950.476233959198,7356,6952,11828,-107,-8,93,6500,-9312,10512,-26,134,-159,-13032,4864,6928,-1035,55,-32,-12628,-5716,8100,-465,111,-134,0
1950.5098991394043,7096,7160,11996,-127,-20,106,6448,-9564,10668,-46,146,-177,-12840,4892,7140,-972,67,-23,-12920,-5920,7976,-481,93,-129,0
1950.5434720516205,7036,7024,11940,-182,-46,99,6264,-9620,10580,-48,154,-189,-12756,5128,7072,-986,66,-57,-13000,-5868,7796,-468,108,-120,0
1950.5769441127775,6992,7012,11924,-140,-43,136,6448,-9584,10540,-41,147,-180,-12888,5076,6944,-1039,106,-96,-12908,-5808,7772,-492,152,-110,0
1950.6102631092072,7000,6972,12156,-150,-48,113,6412,-9648,10512,-32,153,-184,-13040,5044,6856,-1016,86,-79,-12900,-6136,7980,-491,181,-131,0
1950.643501996994,7068,7044,11956,-143,-71,118,6400,-9524,10620,247,117,-185,-12676,5036,6948,-1029,101,-55,-13028,-6008,7792,-488,151,-103,0
1950.6769261360168,7116,6980,12096,-171,-108,123,6404,-9692,10620,-17,146,-164,-12920,5140,7008,-1008,153,-116,-12924,-6000,8004,-508,159,-92,0
1950.710431098938,7112,7016,12080,-200,-97,146,6516,-9672,10492,12,100,-196,-12896,4972,6992,-1004,134,-123,-12884,-5908,7868,-489,187,-80,0
1950.743938922882,7056,6912,12056,-189,-136,168,6532,-9596,10684,-1,114,-209,-13024,4880,7156,-1017,139,-120,-12988,-6004,7828,-483,163,-85,0
1950.7775559425354,7108,7084,12020,-185,-152,156,6440,-9616,10740,-24,100,-232,-12860,5036,7156,-1015,135,-98,-12884,-5992,7840,-482,187,-91,0
1950.8110370635989,7132,6972,12072,-208,-130,137,6340,-9636,10664,-44,128,-225,-12792,5096,6864,-987,134,-100,-12896,-5960,7928,-474,179,-106,0
1950.8445019721985,7020,7152,11928,-205,-148,144,6336,-9604,10576,-23,148,-239,-12980,5108,6948,-978,88,-158,-12936,-5832,7928,-461,190,-90,0
1950.8777530193329,7000,7020,11972,-223,-112,157,6408,-9540,10520,19,121,-217,-12812,4996,6980,-1052,148,-162,-12940,-5888,7804,-465,224,-54,0
1950.9107971191404,7048,6956,11952,-207,-113,156,6468,-9552,10572,253,111,-205,-12808,4932,6792,-1009,165,-114,-12996,-5828,7896,-505,210,-78,0
1950.9443881511688,7116,7004,11956,-229,-134,174,6472,-9612,10692,-4,93,-240,-12832,5068,6900,-1001,148,-126,-12948,-5832,7736,-498,223,-34,0
1950.9779820442204,7248,6956,11848,-222,-181,175,6532,-9632,10448,22,92,-228,-12792,4972,6760,-1017,187,-112,-12948,-5848,8000,-487,203,-62,0
1951.0115809440613,7088,6984,11860,-197,-172,174,6524,-9572,10544,0,80,-205,-13044,5000,7152,-770,155,-163,-12948,-6100,7744,-486,207,-54,0
1951.0450949668884,7168,6944,12012,-177,-170,154,6592,-9636,10656,-9,79,-222,-12828,4948,6796,-1034,128,-93,-12964,-5872,7844,-498,202,-91,0
1951.0780980587003,7024,6868,11864,-235,-164,158,6456,-9604,10356,-1,120,-194,-12808,4968,6744,-1023,134,-109,-12900,-5796,7696,-487,182,-71,0
1951.1118190288544,7132,6972,11984,-262,-128,157,6464,-9596,10400,4,134,-222,-12592,5072,6816,-994,144,-144,-12920,-5812,7792,-465,171,-65,0
1951.145353078842,7168,6948,12044,-212,-180,155,6480,-9688,10548,-20,71,-217,-12868,5012,6960,-1044,147,-141,-13016,-5856,7884,-477,173,-94,0
1951.1788940429688,7228,6964,11940,-235,-182,156,6536,-9664,10720,23,108,-209,-12732,4912,7040,-1013,137,-135,-12972,-6000,7876,-467,206,-72,0
1951.2123961448667,7100,6972,11956,-202,-142,156,6540,-9512,10656,10,97,-222,-12836,4944,6892,-998,143,-127,-12904,-5772,7692,-484,212,-63,0
1951.2458350658417,7288,6724,11956,-212,-188,138,6512,-9636,10640,-13,99,-222,-12968,5328,6840,-1008,137,-147,-13204,-5640,7788,-455,207,-107,0
1951.279515981674,7304,7116,11920,-248,-212,156,6592,-9580,10636,-4,91,-199,-12808,4996,6676,-1049,108,-103,-12996,-5764,7772,-482,131,-69,0
1951.3154180049892,7168,7008,11816,-192,-143,160,6604,-9500,10512,-252,112,-186,-12804,5008,6824,-1002,132,-66,-12896,-5860,7828,-478,127,-132,0
1951.3509130477903,7164,6888,11852,-202,-129,140,6488,-9476,10624,-20,120,-171,-12824,5160,6900,-1019,99,-103,-12920,-5824,7880,-487,124,-110,0
1951.3860139846804,6972,6728,11864,-172,-135,110,6648,-9656,10564,-63,136,-184,-12920,4972,7032,-999,85,-78,-12964,-5772,7804,-258,172,-104,0
1951.4221050739288,7228,6888,11592,-115,-83,126,6548,-9432,10528,-48,101,-181,-12904,4984,6824,-1002,107,-89,-13004,-5828,7752,-486,127,-118,0
1951.4580740928652,7284,6920,12000,-144,-53,126,6572,-9268,10452,-251,159,-185,-12852,4960,6740,-1037,140,-67,-13052,-5792,7832,-493,142,-133,0
1951.4930789470673,7240,6904,11848,-131,-11,113,6568,-9516,10504,-3,142,-179,-12796,5064,6852,-1034,127,-93,-13036,-5876,7964,-475,138,-116,0
1951.5283310413363,7296,6944,11896,-179,-43,106,6576,-9624,10668,-44,152,-156,-12900,4996,6748,-1019,100,-57,-13064,-5832,8164,-488,132,-149,0
1951.5642321109772,7356,7160,11992,-156,0,75,6524,-9612,10608,-49,155,-148,-13024,5032,7056,-1280,47,-74,-12948,-5852,7860,-483,135,-159,0
1951.5996410846708,7132,7156,11836,-140,6,88,6604,-9492,10672,-15,172,-144,-12868,5000,6720,-1003,46,-29,-12936,-6104,7772,-491,126,-157,0
1951.6346061229708,7148,6940,11964,-128,-29,58,6652,-9604,10520,-79,192,-137,-12908,4924,6936,-969,81,-55,-12980,-5868,7820,-485,92,-159,0
1951.670294046402,7144,7004,11764,-143,-10,59,6432,-9640,10668,-74,182,-133,-12908,5104,7052,-1008,27,-35,-12984,-5880,7896,-500,92,-159,0
1951.7054231166844,7416,6884,12028,-126,-30,72,6560,-9592,10928,-13,173,-145,-12824,4932,6880,-1023,85,-42,-12968,-5664,7932,-483,119,-157,0
1951.7407870292664,7116,6984,11896,-129,20,85,6456,-9500,10552,-44,116,-155,-12808,4940,6940,-969,128,-33,-13008,-5836,7816,-494,123,-127,0
1951.77707695961,7148,6820,12076,-102,-28,100,6504,-9592,10552,-84,154,-162,-12884,5080,6820,-968,38,-39,-12924,-5840,7752,-535,126,-144,0
1951.8122050762177,7104,6700,12032,-158,-65,111,6548,-9516,10552,-45,167,-161,-12788,5092,6800,-1006,81,-73,-12940,-5832,7828,-482,103,-139,0
1951.8481609821324,7172,6948,11992,-128,-5,110,6504,-9540,10540,-66,142,-116,-12972,5048,6752,-1005,94,-43,-12996,-5824,7684,-493,69,-121,0
1951.8835420608523,7144,6944,11928,-133,56,102,6540,-9560,10552,-66,164,-104,-13040,5056,6788,-1018,68,-31,-12948,-5920,7788,-519,91,-165,0
1951.9199161529539,7188,6992,12092,-101,5,73,6524,-9592,10536,-63,135,-152,-12868,5008,6976,-974,17,-43,-13028,-5920,7724,-261,104,-169,0
1951.9551401138308,7244,6904,12116,-147,-33,75,6560,-9536,10580,-24,181,-140,-12844,4996,6664,-1014,73,-108,-12912,-6124,7820,-490,109,-135,0
1951.9908659458165,7172,7056,11912,-101,-67,80,6196,-9636,10612,-42,200,-194,-12912,5036,7020,-1037,65,-67,-13028,-5872,7876,-484,143,-174,0
1952.0245130062103,6948,7004,11804,-121,-18,58,6408,-9616,10728,-64,138,-178,-12796,5124,6996,-978,69,-21,-12996,-5840,7944,-483,129,-109,0
1952.058093070984,7360,6992,11892,-129,-23,77,6384,-9568,10476,-51,137,-177,-12868,5180,6872,-980,109,-71,-12932,-5860,7820,-464,109,-143,0
1952.091449022293,7080,7080,11892,-141,-17,105,6448,-9596,10588,-53,146,-177,-13028,5044,6664,-998,126,-82,-12836,-5880,7888,-483,107,-142,0
1952.1247129440308,7092,6984,12008,-119,-15,116,6396,-9632,10612,-37,152,-141,-12884,5036,6956,-1000,49,-45,-12896,-5732,7832,-507,142,-150,0
1952.1581029891968,7132,6920,11900,-117,-41,103,6424,-9488,10612,-40,164,-159,-12888,4992,7000,-980,77,-43,-12908,-5900,7896,-510,119,-145,0
1952.1918349266052,7332,7040,11800,-144,-34,94,6584,-9540,10580,-41,154,-173,-12880,4984,6912,-1011,97,-53,-12928,-5808,7772,-503,129,-140,0
1952.2254519462588,7024,7144,11880,-149,-52,103,6496,-9552,10520,-36,157,-177,-13044,5008,6756,-1020,96,-81,-12868,-5984,8156,-512,118,-129,0
1952.2617709636688,7132,7012,12024,-131,-27,100,6532,-9660,10556,-18,135,-162,-12728,5112,6792,-1002,127,-76,-12808,-5900,7780,-501,124,-129,0
1952.2955760955813,7120,7012,11836,-133,-74,101,6440,-9632,10508,-46,129,-162,-12864,5048,6804,-995,106,-61,-12860,-5800,8152,-499,133,-129,0
1952.3290960788727,7148,6948,12060,-130,-31,99,6520,-9604,10508,-46,133,-165,-12856,5040,6796,-1009,96,-38,-12968,-6096,7896,-487,124,-144,0
1952.3625619411469,7156,7036,12100,-135,-66,89,6476,-9684,10600,-42,136,-178,-12732,5028,6900,-1000,74,-36,-12920,-6004,7888,-497,132,-116,0
1952.3960521221163,7168,6884,12052,-140,-37,100,6648,-9576,10588,-23,154,-182,-12816,5032,6928,-1017,126,-72,-12860,-5840,7760,-492,137,-151,0
1952.4297599792483,7104,7016,11956,-168,-34,82,6436,-9640,10348,-15,139,-180,-12764,5056,6872,-1028,119,-94,-12920,-6024,7964,-474,151,-120,0
1952.4635300636292,7036,6964,11628,-133,-99,101,6456,-9560,10544,-6,148,-170,-12880,5088,6852,-1010,87,-72,-12928,-5848,7896,-477,147,-143,0
1952.497137069702,7020,7056,11960,-182,-57,97,6348,-9664,10652,-29,145,-171,-12768,5160,7036,-975,103,-83,-12824,-5924,7876,-471,117,-124,0
1952.530893087387,7044,6940,11920,-179,-55,94,6480,-9624,10620,-6,141,-173,-12608,5080,6776,-981,107,-79,-12864,-5824,8048,-478,161,-85,0
1952.5643150806427,7112,7044,12024,-159,-72,119,6476,-9640,10540,254,125,-194,-12816,4956,7092,-1020,132,-64,-12892,-5880,7940,-489,172,-87,0
1952.5976021289828,7128,6972,11948,-198,-105,118,6476,-9624,10704,-19,105,-212,-12888,5144,6860,-1002,139,-127,-12916,-5964,7904,-482,181,-74,0
1952.631006002426,7120,7040,11952,-172,-110,156,6480,-9560,10660,253,108,-212,-12744,5092,7044,-990,149,-170,-12948,-5956,8036,-494,208,-100,0
1952.6646111011503,7068,6996,11876,-227,-143,110,6416,-9640,10584,-16,122,-217,-12964,5004,7072,-998,141,-125,-12936,-5936,7896,-462,162,-73,0
1952.6981360912323,7092,7004,12048,-176,-96,133,6460,-9572,10728,-23,110,-226,-12636,4912,6848,-986,115,-79,-12840,-5860,7920,-762,173,-100,0
1952.7317149639132,7176,6824,11996,-218,-117,125,6460,-9656,10724,-3,102,-168,-12756,5124,6676,-1064,95,-157,-12904,-5932,7856,-507,186,-75,0
1952.7649221420288,7032,7068,11972,-202,-127,156,6544,-9644,10560,26,129,-200,-12708,4836,6856,-1009,135,-148,-12868,-5916,7864,-466,188,-75,0
1952.7985920906067,7240,7056,11940,-193,-109,139,6404,-9532,10728,-9,134,-213,-12628,5008,6884,-970,157,-149,-12960,-5820,7916,-257,244,-71,0
1952.8321900367737,7184,6972,11852,-227,-137,158,6636,-9596,10552,5,126,-239,-12560,5116,6764,-1021,167,-94,-12888,-5872,7888,-437,209,-69,0
1952.8656530380247,7168,6964,11836,-227,-150,172,6448,-9496,10624,20,91,-218,-12796,5088,7136,-776,166,-94,-12952,-5832,7824,-441,197,-81,0
1952.8990161418915,7168,6956,12064,-210,-149,148,6492,-9656,10704,-30,89,-180,-12588,5064,7024,-1010,137,-107,-12932,-5704,7820,-467,124,-92,0
1952.9469089508057,7156,7032,11868,-242,-120,155,6528,-9632,10576,-23,131,-202,-12868,5032,7096,-1010,94,-72,-12880,-5784,7852,-495,162,-84,0
1952.994955062866,7228,6912,12044,-168,-148,156,6368,-9616,10636,-10,114,-199,-12888,4960,6884,-1038,170,-138,-12940,-5760,7796,-520,236,-71,0
1953.034409046173,7396,6888,11960,-173,-183,156,6576,-9580,10540,7,86,-236,-12612,4900,6844,-1035,174,-110,-12896,-5772,7780,-500,214,-68,0
1953.069996118545,6976,6916,11836,-193,-193,143,6584,-9532,10644,-12,59,-227,-12876,5004,6940,-1006,177,-127,-12892,-5896,7964,-474,210,-61,0
1953.1049380302427,7232,7116,11972,-216,-150,179,6500,-9596,10504,-28,93,-232,-12808,5076,6880,-1032,144,-126,-12972,-5912,7868,-489,198,-75,0
1953.1403341293335,7136,6904,12100,-198,-164,160,6508,-9536,10584,249,109,-240,-12600,4952,7112,-1015,140,-146,-12968,-5948,7756,-470,198,-94,0
1953.1754570007324,7312,6836,11868,-201,-162,134,6520,-9704,10420,-34,108,-206,-12828,4976,6912,-1009,117,-102,-12900,-5860,7804,-486,179,-107,0
1953.2108089923856,7412,6976,11856,-189,-165,135,6476,-9524,10596,-8,123,-208,-12872,5064,6668,-998,106,-91,-13000,-5808,7752,-498,165,-110,0
1953.246138095856,6920,6912,11956,-195,-155,107,6436,-9616,10464,-18,143,-198,-12900,5012,7092,-1019,111,-86,-12924,-6096,7816,-466,170,-117,0
1953.2823560237885,7228,6840,11848,-168,-173,152,6440,-9500,10576,-18,111,-191,-12780,5060,6860,-1038,119,-123,-12928,-5836,7704,-468,182,-77,0
1953.3174290657043,7300,6668,11556,-149,-137,153,6560,-9596,10540,-23,91,-212,-12952,4988,6916,-775,168,-108,-12964,-5860,7760,-486,168,-114,0
1953.3538360595703,7240,6936,12184,-129,-153,158,6452,-9556,10584,-16,91,-193,-12804,4984,6664,-1026,149,-125,-12928,-5844,7752,-482,178,-102,0
1953.3893160820007,7196,6944,11832,-163,-119,103,6588,-9568,10588,-27,103,-189,-12888,4976,7024,-1004,127,-54,-13044,-5640,7688,-477,118,-122,0
1953.4245309829712,7388,6896,11956,-148,-8,101,6536,-9540,10572,-29,142,-162,-12888,4996,6956,-1002,65,-64,-12972,-5688,7908,-470,81,-127,0
1953.4601440429688,7248,6808,11792,-123,-19,71,6652,-9504,10304,-39,189,-137,-12956,4960,6788,-1027,254,-44,-12984,-5912,7828,-491,117,-166,0
1953.4954380989075,6932,6952,12260,-172,-22,59,6452,-9612,10512,-2,193,-135,-12772,5036,6868,-1007,93,-46,-12888,-5676,7840,-464,85,-144,0
1953.530862092972,7204,6960,11864,-117,-20,64,6416,-9536,10672,-65,167,-173,-12956,4984,6724,-1002,58,-56,-13012,-5752,8028,-481,145,-137,0
1953.5671100616453,7244,6904,11932,-182,-60,69,6192,-9432,10536,-46,179,-182,-12876,5012,6892,-1000,93,-33,-13016,-5868,7856,-487,146,-145,0
1953.6024770736694,7208,6888,11808,-126,-14,96,6496,-9600,10592,-45,154,-141,-12648,5024,6840,-1002,80,-22,-12924,-6072,7876,-473,102,-132,0
1953.6398630142212,6912,6732,11880,-123,14,70,6448,-9600,10644,-40,168,-127,-12780,5032,6720,-987,88,231,-12912,-5872,7984,-457,87,-169,0
1953.6734149456024,7116,6844,11944,-137,-9,76,6172,-9520,10712,-55,163,-160,-12824,5088,6732,-968,48,-37,-12888,-5912,7904,-506,79,-146,0
1953.7071070671084,7144,7056,12024,-85,-3,80,6508,-9548,10504,-59,173,-160,-12888,5116,6940,-1007,33,-33,-12892,-5860,7812,-528,125,-146,0
1953.7406589984894,7148,6920,12188,-99,-25,74,6468,-9560,10568,-49,163,-174,-12856,4972,6908,-991,64,-61,-12956,-5792,8044,-502,138,-144,0
1953.7741689682007,7152,6888,11884,-97,-33,102,6464,-9580,10440,-25,104,-185,-13048,5092,6712,-966,115,-110,-12964,-5656,7840,-489,147,-127,0
1953.8076961040497,7216,6932,11848,-84,-57,96,6528,-9628,10536,-46,137,-183,-12932,5024,6972,-976,108,-76,-12916,-5880,7824,-496,139,-140,0
1953.841114997864,7228,6876,11884,-125,-39,88,6548,-9640,10640,-25,154,-154,-12900,5088,6844,-774,91,-43,-12804,-5852,8144,-484,112,-142,0
1953.8744161129,7228,6892,11800,-132,15,65,6508,-9616,10276,-35,158,-142,-12936,5056,7140,-992,70,-64,-12904,-5880,7792,-477,116,-169,0
1953.907696008682,7140,6964,12000,-95,-36,95,6560,-9556,10732,-68,169,-164,-12860,5000,6816,-982,48,-73,-12856,-6000,7876,-494,118,-164,0
1953.941143035889,7124,7056,12028,-131,-39,80,6488,-9636,10804,-60,152,-174,-12840,4984,6932,-964,21,-55,-12836,-5920,7680,-495,123,-156,0
1953.9745540618896,7088,7012,11940,-112,-27,74,6424,-9580,10620,-41,193,-183,-13040,4904,7004,-982,61,-51,-13016,-5912,7816,-468,121,-135,0
1954.0082600116732,7096,7020,11872,-115,-52,81,6412,-9656,10652,-24,159,-175,-13036,5244,6672,-996,91,-31,-12952,-5948,8164,-480,135,-133,0
1954.041536092758,7192,6956,11948,-121,-22,106,6436,-9572,10532,-53,132,-154,-12752,4976,7132,-985,88,-76,-12996,-5656,7840,-502,102,-115,0
1954.07501912117,7112,6912,11864,-114,-80,111,6540,-9676,10592,-49,125,-161,-12960,5040,6944,-987,116,-54,-12956,-5852,7824,-506,135,-128,0
1954.1086189746857,7160,6960,12012,-136,-30,114,6480,-9512,10556,-61,142,-157,-12996,5064,6680,-981,117,-60,-12956,-5640,7852,-489,136,-98,0
1954.141579151153,7248,6948,11988,-123,-33,106,6488,-9640,10628,-67,124,-147,-12860,5092,6892,-996,99,-71,-12920,-5668,7836,-502,114,-123,0
1954.174966096878,7364,6856,11932,-153,-49,98,6508,-9664,10628,-63,135,-160,-12844,5032,6780,-1044,71,-107,-12940,-5860,7876,-496,133,-146,0
1954.2086160182953,7136,7004,12016,-142,-45,127,6516,-9604,10320,-28,145,-154,-12860,5048,6928,-1007,99,-56,-12868,-5664,7932,-507,99,-124,0
1954.2419631481173,7176,6704,11924,-156,-35,104,6492,-9652,10540,-53,147,-171,-12800,4988,6892,-996,46,-29,-12964,-6056,8168,-493,130,-141,0
1954.2757019996643,7096,6988,11928,-186,-39,91,6500,-9724,10532,-26,175,-186,-12756,5064,6856,-982,96,-65,-12996,-5892,7900,-454,137,-149,0
1954.3092660903933,7088,6964,12016,-137,-54,105,6412,-9656,10500,-32,147,-185,-13040,4864,6856,-1024,100,-56,-13028,-5952,7888,-447,174,-125,0
1954.3427290916443,7016,6976,12012,-151,-28,93,6396,-9672,10560,-40,138,-156,-12720,5048,6992,-998,83,-89,-12924,-5932,7980,-465,94,-114,0
1954.3765630722044,7084,6876,11880,-147,-36,95,6344,-9668,10640,-67,163,-171,-12768,5128,6820,-973,76,-93,-12896,-5828,7976,-493,99,-144,0
1954.4098110198975,7116,6936,12024,-162,-52,109,6312,-9604,10680,-65,138,-156,-12896,5020,6892,-982,70,-42,-12920,-5908,7820,-768,123,-107,0
1954.4431560039525,7076,7052,12056,-117,-52,109,6476,-9644,10620,-23,113,-158,-12608,5040,6928,-777,77,-56,-12836,-5956,7860,-534,186,-145,0
1954.47683596611,7032,6976,11848,-142,-62,106,6420,-9664,10704,-24,124,-211,-12752,4924,6668,-1269,122,-111,-12924,-5976,7680,-469,183,-98,0
1954.5103869438171,7372,6944,11780,-130,-58,100,6472,-9592,10676,-68,131,-190,-12888,4968,6852,-987,117,-102,-12884,-5888,8116,-472,140,-73,0
1954.543862104416,7072,6952,11956,-169,-31,113,6532,-9556,10552,-46,132,-182,-12824,5056,6920,-988,119,-83,-13020,-5880,7788,-497,123,-87,0
1954.5774040222168,7044,7076,11800,-161,-81,117,6460,-9576,10636,-39,140,-170,-12756,4984,6976,-992,103,-37,-13236,-5940,7904,-482,160,-130,0
1954.6110191345215,7128,7060,12072,-154,-46,108,6648,-9580,10568,-25,146,-174,-12760,4924,7144,-1272,88,-81,-12916,-6000,7836,-500,136,-120,0
1954.6441109180453,7016,7108,11884,-120,-64,100,6420,-9560,10440,-66,146,-179,-12784,5148,7036,-979,101,-113,-12900,-5940,7916,-469,147,-130,0
1954.6811559200287,7152,7028,11812,-159,-79,82,6460,-9612,10572,-64,150,-187,-12780,5088,7012,-997,66,-53,-13020,-5968,7860,-481,144,-121,0
1954.7173349857333,7136,7004,11948,-163,-45,96,6604,-9608,10812,-42,159,-176,-12868,5072,7036,-1027,98,-42,-12988,-5860,7816,-500,107,-121,0
1954.7529489994047,7060,7016,11864,-163,-36,121,6384,-9564,10548,-24,120,-168,-12780,4960,6996,-1047,134,-80,-13004,-5844,7896,-500,149,-128,0
1954.7880680561068,7092,7012,12020,-155,-87,165,6232,-9544,10592,-24,135,-177,-12932,5032,7052,-1019,104,-63,-12828,-6124,7832,-493,161,-132,0
1954.823801994324,7060,7056,12028,-180,-69,104,6460,-9544,10560,-9,135,-191,-12728,5104,7152,-1003,118,-98,-12884,-5776,8056,-473,145,-110,0
1954.8593499660492,7048,7028,12016,-147,-72,140,6468,-9632,10612,-13,127,-190,-12588,4944,7028,-993,127,-53,-12932,-5808,8076,-509,146,-105,0
1954.894413948059,7068,7032,11744,-174,-94,146,6560,-9580,10704,-10,121,-188,-12812,5060,7000,-1016,100,-116,-12940,-5708,7944,-499,200,-101,0
1954.9301340579989,7056,6944,12036,-189,-102,104,6612,-9624,10628,-26,121,-207,-13044,5028,6860,-1001,138,-110,-12820,-5860,7808,-456,164,-84,0
1954.9651079177856,7164,7016,11840,-191,-107,111,6524,-9648,10516,-11,125,-213,-12760,5024,6780,-1002,119,-145,-12948,-5848,7960,-490,175,-101,0
1955.0009829998012,7136,6940,11896,-198,-135,126,6532,-9476,10672,14,138,-214,-12816,5008,7076,-1027,101,-89,-12836,-5844,8040,-478,204,-82,0
1955.0360629558563,7156,6984,12032,-218,-131,146,6468,-9528,10452,4,122,-226,-12552,5048,6736,-1001,104,-152,-12924,-5992,7904,-475,196,-97,0
1955.072225093841,7096,6996,11904,-198,-107,135,6420,-9648,10644,-19,111,-248,-12824,5044,6936,-1007,100,-133,-13008,-5864,7820,-466,210,-59,0
1955.1075191497803,7108,7032,11900,-229,-156,147,6228,-9548,10576,-9,102,-235,-12792,5020,6676,-994,149,-121,-13012,-5848,8080,-503,223,-81,0
1955.1433410644531,7284,6948,11912,-203,-145,165,6424,-9500,10416,-6,104,-196,-12828,5044,6904,-1072,158,-120,-12912,-5880,7820,-438,155,-85,0
1955.1782429218292,7064,7040,11828,-208,-117,157,6468,-9648,10584,-14,116,-195,-12760,4988,7032,-1019,130,-77,-12836,-5820,7952,-481,150,-76,0
1955.2139101028445,7184,6928,12088,-241,-149,155,6512,-9724,10612,-16,91,-210,-12836,5016,6900,-981,143,-113,-12852,-5644,7824,-483,139,-78,0
1955.2497241497044,6980,7032,11976,-199,-151,156,6504,-9664,10656,-12,115,-199,-12772,5048,6984,-1051,167,-123,-12996,-6144,7872,-501,199,-51,0
1955.2851660251615,7324,6820,12120,-194,-186,166,6460,-9584,10348,14,116,-221,-12912,4976,6872,-1036,170,-141,-12868,-5808,7792,-503,228,-71,0
1955.3219871520996,7188,7000,11872,-147,-170,155,6464,-9564,10708,-3,78,-239,-12632,4972,6828,-1279,165,-102,-12856,-5828,7868,-491,200,-64,0
1955.35546207428,7216,6980,11876,-219,-193,163,6536,-9520,10748,-253,70,-226,-12804,4992,7160,-770,172,-118,-12932,-5896,8116,-470,204,-89,0
1955.3889780044556,7020,6988,11964,-193,-146,155,6552,-9604,10608,-23,120,-232,-12836,5000,6892,-1007,133,-114,-12984,-5820,7836,-464,197,-75,0
1955.4224269390108,7172,6912,11948,-221,-178,139,6500,-9520,10568,-254,147,-207,-12820,5040,6964,-1055,123,-151,-12856,-5852,7940,-465,201,-85,0
1955.4559109210968,7144,6904,11872,-226,-188,132,6528,-9564,10620,-18,102,-216,-12876,4948,7076,-995,131,-128,-12912,-5712,7820,-458,170,-95,0
1955.4892079830172,7184,6892,11972,-219,-189,146,6500,-9580,10556,-33,108,-219,-12800,4956,6996,-949,133,-66,-12976,-5892,7828,-474,161,-103,0
1955.5228381156924,7140,6888,11800,-203,-164,133,6564,-9588,10656,-29,149,-203,-12888,5108,6764,-1014,70,-102,-13020,-5740,7872,-502,163,-116,0
1955.556162118912,7328,6840,12072,-178,-153,137,6400,-9536,10644,43,113,-204,-12844,5004,6876,-1064,149,-141,-12832,-5672,7688,-468,212,-84,0
1955.589820146561,7276,6876,11908,-169,-108,168,6240,-9512,10528,-25,66,-235,-12848,4952,6832,-981,187,-133,-12940,-5832,7716,-473,167,-88,0
1955.6235001087189,7288,7128,11896,-180,-150,134,6544,-9520,10488,-46,135,-213,-12804,5064,6832,-1063,82,-67,-12908,-5884,7884,-509,166,-64,0
1955.6566479206083,7184,6832,11804,-164,-175,171,6448,-9520,10500,-25,114,-192,-12892,4896,6660,-1027,93,-86,-12812,-5788,7872,-261,125,-92,0
1955.690242052078,7236,6856,11908,-173,-67,138,6496,-9492,10604,10,87,-169,-12824,4968,6828,-1004,155,-95,-12832,-5844,7816,-472,107,-94,0
1955.72367310524,7292,6948,11884,-172,-11,136,6608,-9500,10448,-54,136,-157,-12876,4948,6840,-1049,100,231,-13000,-5800,7812,-458,122,-97,0
1955.7572450637815,7240,6872,11620,-154,-57,93,6608,-9588,10616,-42,151,-156,-12864,4820,6856,-997,82,-27,-13000,-5948,7856,-461,122,-159,0
1955.7907750606537,7056,6860,11864,-183,4,83,6488,-9596,10628,-50,176,-150,-12948,5056,6912,-1012,68,-32,-12976,-5816,8068,-469,135,-164,0
1955.8244500160215,7396,6892,11896,-134,246,67,6648,-9584,10680,-44,213,-186,-12804,4988,7144,-987,59,-54,-12940,-5896,7756,-491,154,-180,0
1955.8579509258268,7332,6928,11784,-103,26,56,6532,-9544,10624,-21,160,-179,-12556,4968,6872,-994,90,-55,-13036,-5788,7864,-486,150,-137,0
1955.8912379741669,7284,6804,11892,-150,-13,80,6464,-9560,10516,-52,143,-184,-12820,5060,6796,-971,79,-71,-13244,-5784,8148,-493,126,-158,0
1955.9248080253603,7268,6816,12232,-128,-21,79,6476,-9660,10720,-65,148,-157,-12896,5040,6852,-998,64,-23,-12928,-5736,7864,-464,116,-174,0
1955.9582240581512,7244,6960,11816,-151,-26,88,6644,-9536,10548,-56,174,-143,-12876,4988,6848,-965,53,-44,-12884,-5648,7808,-463,101,-164,0
1955.9919481277468,6920,6900,11860,-137,20,74,6388,-9588,10600,-63,188,-141,-13048,5020,7136,-1008,27,-56,-12920,-5880,7904,-488,93,-191,0
1956.0254800319672,7228,6988,11748,-125,-22,58,6520,-9568,10616,-58,175,-149,-12872,5012,7080,-978,50,-77,-12992,-5836,7844,-516,75,-189,0
1956.0589621067047,7248,6940,11976,-111,-10,85,6548,-9552,10552,-60,176,-168,-12816,5016,6856,-975,60,-73,-12888,-5804,7856,-478,109,-136,0
1956.092560052872,7256,6916,11840,-124,-6,72,6524,-9584,10552,-36,155,-157,-12888,4988,6840,-997,83,-33,-12948,-5828,7828,-502,98,-129,0
1956.1257150173187,6948,6940,11944,-105,-18,84,6492,-9580,10332,-74,157,-144,-12828,5032,7032,-995,79,-79,-12968,-5828,7892,-517,136,-127,0
1956.1587541103363,7184,6956,11964,-126,-61,94,6464,-9604,10408,-44,141,-145,-12824,5088,6692,-982,96,-35,-12912,-5852,7948,-505,104,-144,0
1956.1922039985657,7104,6704,11768,-133,-18,81,6540,-9620,10544,-43,164,-152,-12592,4956,6988,-958,89,-5,-12932,-5852,8084,-477,110,-131,0
1956.2258141040804,7404,6980,11804,-118,-10,96,6620,-9568,10480,-52,145,-151,-12776,4900,6916,-1277,53,-40,-12864,-5816,7956,-490,88,-141,0
1956.2592949867249,7380,7060,11924,-126,-20,101,6480,-9632,10564,-36,161,-137,-12792,5148,6836,-994,73,-46,-12892,-5888,7748,-483,101,-155,0
1956.2928450107574,7096,6944,11940,-123,-15,77,6404,-9600,10740,-31,137,-142,-12780,5100,6924,-1034,56,-75,-12984,-5896,7772,-491,81,-125,0
1956.3261849880216,7068,6944,12060,-128,251,80,6412,-9692,10716,-30,172,-156,-12824,5304,6964,-1020,80,-57,-12860,-5864,7864,-262,94,-136,0
1956.3629720211027,7120,6960,12272,-131,-2,87,6272,-9560,10744,-40,138,-168,-12752,5036,6952,-997,77,-26,-13032,-5920,7744,-505,133,-154,0
1956.3986411094668,7088,7000,11876,-120,-35,108,6464,-9680,10636,-10,160,-187,-12868,4964,6668,-998,117,-91,-12856,-6124,7760,-494,141,-129,0
1956.4336810112004,7132,7000,11836,-142,-71,115,6448,-9600,10252,-43,133,-184,-12800,5040,6976,-1003,110,-60,-12932,-6096,7828,-479,151,-111,0
1956.4693200588229,7204,6988,12068,-119,-48,119,6168,-9224,10668,-86,144,-165,-12796,5096,6688,-972,96,-61,-12984,-5956,7884,-486,103,-126,0
1956.5043959617615,7116,6704,11876,-127,-64,100,6404,-9604,10564,-43,167,-159,-12812,5068,7156,-1002,50,-24,-12940,-5884,7924,-260,118,-144,0
1956.5403330326085,7120,6888,12028,-183,-69,117,6648,-9564,10720,-24,163,-124,-12732,4964,6692,-1009,92,-88,-12828,-5972,7876,-495,105,-129,0
1956.5756440162656,7200,7020,11888,-121,2,101,6504,-9624,10748,-61,133,-134,-12768,5040,7000,-1002,50,-63,-12956,-5912,7832,-263,114,-127,0
1956.6109390258787,7144,7072,12064,-173,-33,87,6480,-9572,10548,-69,152,-168,-12764,5040,7000,-1009,94,-51,-12868,-5844,7712,-488,130,-149,0
1956.6461091041565,7084,7136,11944,-129,-13,123,6436,-9904,10872,-27,140,-122,-12740,5044,6856,-1047,93,-45,-12848,-5692,7860,-472,132,-125,0
1956.6839809417725,7132,6968,11968,-127,10,114,6336,-9608,10600,-23,168,-149,-12832,5068,6864,-1030,86,-25,-12972,-5972,8048,-478,103,-122,0
1956.7194459438324,7100,6960,12112,-167,-23,101,6296,-9608,10572,-60,160,-181,-12808,4964,6964,-1001,113,-65,-12920,-5992,7836,-449,93,-142,0
1956.7545580863953,7068,7032,11940,-151,-61,118,6640,-9872,10612,-28,159,-174,-12768,4868,6936,-1024,83,-97,-13008,-5900,7940,-489,177,-80,0
1956.7898750305171,7076,6880,11920,-209,-102,135,6444,-9620,10580,17,119,-175,-12776,5108,7084,-1046,143,-123,-12880,-5924,7776,-259,211,-92,0
1956.8249659538267,6996,7020,11980,-151,-124,141,6452,-9620,10644,-18,113,-233,-12756,5328,6976,-996,122,-111,-12968,-5980,7812,-506,197,-80,0
1956.8604309558868,7060,6964,11956,-166,-151,151,6632,-9552,10728,-8,112,-234,-12960,5160,7096,-993,132,-119,-12896,-5876,7876,-510,195,-88,0
1956.895645141601,7208,6972,11808,-210,-154,168,6528,-9636,10588,-46,108,-204,-12988,5192,6716,-1008,163,-127,-12948,-5824,7868,-470,191,-60,0
1956.931035041809,7136,6976,11928,-195,-160,166,6404,-9556,10388,-19,102,-214,-12600,5024,7072,-1006,154,-114,-12928,-5692,7936,-475,195,-51,0
1956.9660799503329,7104,6740,11964,-204,-136,156,6568,-9588,10524,-20,113,-198,-12792,5064,6844,-997,133,-119,-12928,-6088,8096,-488,186,-78,0
1957.0033581256869,7064,6960,11972,-239,-141,144,6648,-9512,10652,17,121,-220,-12804,4940,6836,-1032,112,-149,-12952,-5844,7892,-468,204,-85,0
1957.0369341373444,7116,6968,11848,-204,-177,163,6512,-9628,10708,244,110,-237,-12800,4980,6716,-1055,163,-152,-12980,-5820,7984,-505,181,-82,0
1957.0703990459444,7288,6932,12020,-208,-175,155,6464,-9548,10640,18,103,-210,-12932,5060,7020,-1032,161,-146,-12880,-5752,7928,-762,197,-43,0
1957.103989124298,7244,6896,11924,-194,-147,157,6512,-9580,10536,248,109,-201,-12872,4956,6756,-1029,134,-114,-12976,-5788,7808,-499,195,-91,0
1957.1374499797819,7060,6940,11956,-203,-163,150,6564,-9224,10512,-12,106,-229,-12764,5000,7164,-1045,150,-130,-12960,-5852,7856,-481,190,-87,0
1957.1706979274747,7128,7160,11836,-196,-171,138,6468,-9568,10588,-8,142,-208,-12876,5032,7080,-1014,152,-123,-13060,-5836,7900,-478,195,-73,0
1957.2042269706724,7208,6944,11976,-181,-133,161,6396,-9536,10560,11,76,-185,-12760,5028,6904,-1014,159,-111,-12872,-5872,7840,-259,176,-59,0
1957.2380099296572,7172,6880,11924,-181,-167,170,6488,-9564,10648,-255,89,-210,-12812,5004,6916,-1064,149,-124,-12940,-5812,8168,-494,190,-74,0
1957.2776079177856,6924,6960,12008,-198,-182,155,6416,-9532,10552,0,108,-193,-12840,5000,7148,-1011,134,-115,-12968,-5900,7860,-480,159,-90,0
1957.3114910125732,7304,6976,11888,-176,-118,141,6536,-9612,10584,-40,90,-219,-12876,4920,7048,-1002,149,-132,-13032,-5784,7832,-486,177,-85,0
1957.34495306015,7396,6880,12048,-229,-199,119,6476,-9628,10544,-3,134,-202,-12780,5080,6808,-776,143,-118,-13008,-5760,7904,-503,188,-66,0
1957.3782250881195,7228,6796,11896,-169,-152,155,6520,-9528,10492,0,92,-171,-12608,4992,6708,-999,120,-93,-12916,-5844,7756,-469,152,-118,0
1957.4116759300232,7228,6952,11808,-181,-110,151,6508,-9444,10672,6,114,-166,-12864,4924,6656,-1032,113,-83,-12952,-5760,7772,-476,136,-122,0
1957.4451849460604,6940,7076,12020,-206,-119,139,6460,-9648,10556,-20,103,-189,-12772,5008,6980,-1016,77,-105,-12968,-5844,7784,-496,179,-83,0
1957.4787309169767,7272,6860,11916,-194,-152,152,6460,-9584,10568,-34,130,-189,-12932,5016,6876,-1031,89,-83,-13016,-5764,7796,-509,178,-97,0
1957.5124440193172,7272,6800,11976,-147,-113,146,6576,-9260,10664,-22,137,-202,-12828,4940,6748,-771,113,-94,-12904,-5792,7540,-491,198,-114,0
1957.5459709167483,7232,6788,12028,-163,-113,116,6480,-9568,10532,-48,136,-195,-12840,4932,6788,-1036,125,-73,-12916,-5908,7884,-495,163,-134,0
1957.5796599388125,7296,6712,11964,-129,-110,112,6568,-9524,10536,-25,153,-189,-12792,4908,6860,-989,112,-76,-13264,-6132,7804,-483,137,-119,0
1957.6129510402684,7244,6848,11772,-184,-28,92,6504,-9536,10668,-12,150,-178,-12856,4964,6868,-1009,91,-35,-13024,-5804,7792,-465,153,-147,0
1957.6462340354924,7212,6840,11828,-140,-21,61,6500,-9584,10496,-41,179,-176,-12828,4964,6836,-1046,78,-59,-13052,-5900,7884,-475,132,-118,0
1957.680143117905,7200,6660,11832,-145,-27,95,6516,-9616,10660,-34,170,-161,-12916,4968,6892,-770,49,-43,-12824,-5852,7776,-497,126,-125,0
1957.7136139869692,7280,6904,12228,-152,-27,68,6528,-9480,10604,-57,154,-178,-12960,5012,7060,-962,62,-71,-12928,-5852,7804,-464,121,-146,0
1957.7472109794617,7140,7140,11896,-147,-31,82,6428,-9588,10652,-63,172,-159,-12916,5052,7060,-988,75,-85,-13252,-5836,7880,-458,137,-160,0
1957.7807490825653,7216,6944,11952,-141,-41,75,6536,-9672,10632,-74,150,-172,-12848,5136,6664,-1000,44,-84,-12896,-5952,7688,-500,144,-153,0
1957.8142609596252,7000,7160,11904,-126,-21,93,6456,-9508,10656,-55,157,-150,-12588,4916,6692,-1001,67,-47,-12916,-5672,7812,-461,100,-153,0
1957.8478441238403,7204,6920,12192,-107,-18,80,6456,-9636,10628,-55,190,-150,-12880,5008,7028,-978,64,-42,-12880,-6080,7936,-483,121,-127,0
1957.8811810016632,7116,7136,12016,-137,-9,80,6504,-9576,10716,-68,151,-159,-12780,5044,7152,-982,100,-98,-13008,-5816,7752,-501,117,-132,0
1957.914531946182,7240,6668,11788,-108,-62,95,6480,-9648,10592,-70,127,-163,-12792,5052,6984,-1007,96,-76,-13020,-5868,7888,-530,98,-154,0
1957.948032140732,7252,6860,11848,-135,-87,77,6520,-9508,10464,-65,155,-161,-12896,5080,6968,-1008,57,-46,-13028,-6136,7848,-493,148,-130,0
1957.981612920761,7112,6988,11908,-132,-40,75,6536,-9560,10652,-41,164,-160,-12860,4928,6912,-1002,35,-47,-12924,-5916,7756,-483,80,-159,0
1958.0149979591372,7320,6960,12072,-112,-32,70,6568,-9604,10512,-62,200,-157,-12892,5008,6676,-957,48,-49,-12872,-5904,7892,-489,112,-129,0
1958.0519380569456,7140,6912,12128,-157,10,43,6460,-9584,10632,-45,207,-181,-12828,5084,6792,-996,46,-49,-12964,-5776,7908,-441,131,-152,0
1958.087924003601,6984,7008,11864,-127,-20,86,6428,-9556,10252,-47,162,-147,-12872,5048,6784,-1013,58,-50,-12988,-5936,7756,-464,104,-136,0
1958.1232800483704,7280,7160,12284,-142,-22,94,6432,-9656,10528,-59,133,-170,-12768,5008,6920,-976,73,-91,-12916,-5840,8184,-481,82,-133,0
1958.1591200828552,7200,6936,11928,-148,-15,94,6384,-9592,10612,-88,160,-172,-12600,5000,6968,-955,60,-16,-12888,-6104,7936,-492,119,-145,0
1958.1941211223605,7204,7160,11964,-113,-34,85,6472,-9552,10640,-46,153,-168,-12756,5116,6792,-1040,94,-87,-13000,-5856,7884,-493,137,-146,0
1958.2295961380005,7060,6948,11992,-160,-62,112,6448,-9568,10612,-2,160,-161,-12656,4976,6848,-771,141,-49,-12888,-5936,7952,-493,170,-122,0
1958.2649409770963,6952,6956,11832,-64,-54,97,6464,-9680,10528,-48,167,-199,-12812,5056,6964,-1003,73,-108,-12864,-5888,7780,-491,141,-141,0
1958.3003671169283,7128,7004,11952,-121,-51,96,6588,-9536,10504,-29,131,-176,-12844,5048,6908,-975,87,-88,-13020,-5888,7888,-470,97,-124,0
1958.335621118545,7320,6900,12036,-122,-35,110,6500,-9604,10376,-54,190,-162,-12872,5024,6956,-994,74,-97,-12936,-5796,7904,-257,114,-133,0
1958.3717019557953,7100,6992,11852,-159,-11,97,6536,-9652,10568,-44,150,-149,-12804,5076,6964,-1001,117,-34,-12876,-5852,8128,-489,105,-121,0
1958.4076070785525,7180,7028,11880,-144,-62,96,6480,-9668,10540,-62,150,-178,-12820,4984,7068,-963,80,-42,-12900,-5764,7760,-501,137,-88,0
1958.442558050156,7172,6880,12024,-128,-35,93,6492,-9580,10288,-56,154,-182,-12672,5084,7024,-968,72,-62,-12980,-5868,7972,-460,146,-125,0
1958.4776611328125,6928,6964,11868,-143,-20,82,6512,-9616,10552,-45,169,-171,-12812,5028,7152,-1005,58,-56,-12852,-5896,7932,-478,133,-133,0
1958.51336812973,7184,6976,11976,-135,-37,92,6500,-9548,10248,-27,158,-183,-12796,5040,6936,-1020,83,-68,-12876,-5916,7952,-259,148,-142,0
1958.5487320423124,7120,7028,11980,-120,-49,101,6424,-9628,10560,-30,141,-203,-12800,5004,6680,-1017,122,-64,-12876,-5932,8180,-503,153,-108,0
1958.584228992462,7216,7016,11988,-140,-48,90,6460,-9540,10612,-30,130,-198,-12736,5064,7040,-986,97,-117,-12920,-5912,7872,-486,139,-122,0
1958.620348930359,7116,6988,12104,-132,-29,134,6500,-9632,10676,-72,125,-166,-12744,5076,6968,-993,146,-24,-13008,-5872,7804,-495,111,-105,0
1958.6557199954989,6920,6924,11916,-155,-31,120,6492,-9660,10560,-57,151,-167,-12760,5088,7068,-991,80,-62,-12916,-5820,7944,-522,139,-125,0
1958.6925680637364,7120,6936,11928,-166,-58,131,6176,-9544,10584,30,146,-167,-12704,5024,6968,-1279,73,-38,-12852,-5852,7716,-490,122,-113,0
1958.7256679534912,7136,6976,12044,-149,-17,109,6472,-9652,10532,-56,155,-149,-12744,4972,7036,-1005,93,-65,-12900,-6120,7888,-474,132,-107,0
1958.7590041160583,7068,6964,11868,-192,-81,70,6620,-9660,10672,-26,149,-193,-12848,5104,6912,-1014,86,-101,-12828,-5828,7996,-474,177,-137,0
1958.7925729751587,7068,7004,11956,-202,-25,99,6476,-9604,10628,-8,153,-186,-12776,5028,7144,-1014,84,-61,-12896,-5884,7884,-470,144,-118,0
1958.8259730339053,7176,6944,11988,-175,-39,125,6464,-9604,10752,-254,105,-163,-12784,5064,7044,-976,113,-68,-12884,-5848,8032,-451,140,-84,0
1958.8595180511475,7128,7052,12000,-212,-85,126,6644,-9676,10660,-46,105,-199,-12800,5076,7012,-1023,128,-111,-12920,-5860,7788,-458,171,-86,0
1958.8927681446075,7104,7012,11920,-205,-130,148,6548,-9652,10576,-29,120,-215,-12584,5048,6916,-987,118,-166,-12932,-5640,8028,-750,159,-89,0
1958.9260809421535,6924,7020,11824,-144,-126,159,6448,-9624,10660,-25,98,-227,-12872,4976,6980,-988,125,-112,-12808,-5920,7832,-504,228,-90,0
1958.9599089622495,7096,6884,12040,-213,-145,169,6424,-9532,10604,-20,121,-220,-12784,5048,6928,-1007,157,-121,-12912,-5832,7856,-476,226,-72,0
1958.9934499263763,7136,7016,11992,-203,-176,171,6424,-9548,10604,-8,68,-200,-12628,5272,7112,-1009,159,-112,-13032,-5852,8008,-477,234,-54,0
1959.0271301269531,7224,6984,11868,-221,-130,186,6440,-9628,10568,-27,88,-224,-13052,5072,6688,-1007,172,-130,-12948,-5876,7892,-472,185,-72,0
1959.0603489875793,7232,6880,12000,-207,-124,159,6584,-9576,10572,-15,103,-225,-12888,4996,6960,-1030,156,-135,-12892,-5640,7832,-479,179,-77,0
1959.0938799381252,7120,6996,12072,-229,-119,169,6524,-9512,10716,-7,108,-200,-12832,4968,6752,-1056,153,-136,-12916,-5640,7736,-482,186,-67,0
1959.1275329589844,7108,6936,12020,-218,-167,177,6444,-9544,10316,-18,108,-193,-12780,4920,6700,-994,146,-77,-12896,-5940,7932,-469,199,-70,0
1959.1608879566193,7228,6900,11956,-217,-198,134,6516,-9688,10516,-21,95,-235,-12824,4908,7156,-1008,135,-135,-12960,-5840,7876,-489,204,-91,0
1959.1944880485535,7180,6948,12048,-215,-162,135,6444,-9664,10688,25,116,-245,-12840,4952,6808,-1038,114,-115,-12924,-5796,7828,-487,206,-85,0
1959.2284309864044,7228,6936,11968,-196,-150,148,6536,-9572,10472,30,109,-202,-13020,4948,6904,-771,162,-151,-12908,-5828,7832,-464,184,-73,0
1959.2617571353912,7232,6968,12112,-203,-187,148,6432,-9684,10584,254,104,-246,-12856,5012,6752,-1013,115,-135,-12932,-5836,7776,-477,219,-85,0
1959.2954149246211,7188,6932,12072,-213,-174,155,6492,-9624,10420,-2,91,-210,-12872,4992,6908,-1021,116,-128,-12952,-5868,7704,-465,185,-88,0
1959.3289809226987,7176,6972,11820,-187,-200,179,6488,-9728,10624,-32,93,-204,-12784,5084,6892,-992,148,-87,-13188,-5864,7856,-515,167,-69,0
1959.3624739646912,7176,6920,11948,-188,-195,169,6536,-9560,10620,-16,79,-216,-12872,4976,7124,-1031,163,-131,-12936,-5912,7728,-507,182,-63,0
1959.3956739902492,7396,7140,11908,-225,-170,180,6420,-9268,10716,2,103,-246,-12792,4952,6920,-989,170,-131,-12972,-5788,7876,-481,199,-72,0
1959.4292399883268,7288,7016,11836,-226,-160,171,6580,-9608,10596,-28,67,-208,-12860,4736,6960,-1001,142,-113,-12956,-5848,7656,-497,154,-63,0
1959.4629189968107,7312,6800,11860,-218,-184,148,6464,-9516,10700,1,123,-210,-12908,4928,6804,-771,109,-111,-12908,-5924,7812,-475,178,-112,0
1959.4965989589691,7216,6856,11808,-211,-182,156,6416,-9484,10736,46,126,-201,-12732,5008,6916,-1012,122,-104,-12860,-5932,7868,-475,164,-105,0
1959.5301151275635,7324,6944,11804,-169,-177,134,6604,-9560,10592,-27,95,-214,-12908,4884,6892,-999,132,-103,-12984,-5904,7828,-492,194,-83,0
1959.5636680126188,7420,6664,11820,-225,-237,139,6464,-9536,10584,23,106,-231,-12888,4980,6476,-1009,140,-174,-12804,-5752,7860,-463,209,-86,0
1959.5973031520844,7276,6884,11980,-210,-169,154,6504,-9256,10504,-13,109,-195,-12928,5020,6668,-1035,125,-88,-13008,-5800,7808,-453,153,-83,0
1959.6307349205015,7296,7032,11960,-200,-150,163,6580,-9536,10564,-14,113,-207,-12828,4896,6796,-1005,104,-82,-12908,-5796,7832,-489,129,-117,0
1959.6643600463867,7224,6892,11944,-223,-129,115,6476,-9552,10684,-76,130,-184,-12840,5016,6852,-975,88,-59,-13016,-5860,7788,-483,143,-129,0
1959.6979050636292,7256,6812,11932,-157,-104,93,6488,-9480,10708,-61,136,-210,-12828,4940,6784,-1021,94,-73,-13008,-5808,7696,-280,164,-127,0
1959.7345240116124,7356,6800,11960,-137,-37,102,6460,-9524,10600,-44,133,-164,-12836,4968,6868,-1280,131,-104,-13208,-5764,7868,-468,158,-134,0
1959.7707121372223,7372,6880,11908,-167,-16,101,6648,-9532,10592,-44,149,-162,-12840,4932,6868,-1012,96,-36,-12952,-5760,7880,-496,172,-126,0
1959.8062260150907,7448,6920,12008,-165,-249,99,6588,-9584,10644,-40,167,-159,-12840,4964,7040,-1003,86,-58,-12992,-5892,7888,-449,130,-153,0
1959.8423149585724,7352,6672,11896,-160,16,62,6612,-9580,10792,-53,184,-153,-12940,4916,7024,-998,85,-41,-12952,-6084,7804,-492,93,-143,0
1959.8780810832975,7204,6828,11968,-109,30,63,6532,-9500,10576,-52,174,-129,-12792,4996,6636,-991,51,-22,-12952,-5836,7892,-505,132,-170,0
1959.9133980274205,6912,6844,12080,-111,26,90,6444,-9488,10640,-60,171,-161,-13000,4888,7008,-1002,57,-82,-12956,-5888,7888,-476,132,-163,0
1959.9492809772491,7132,6840,11784,-122,-20,67,6520,-9600,10588,-46,180,-173,-12832,4948,6904,-955,6,-64,-13016,-6080,7832,-468,141,-163,0
1959.9842789173124,7164,6812,11920,-153,-25,87,6488,-9520,10832,-89,178,-175,-12804,4992,6976,-969,81,-58,-12936,-5764,7760,-482,121,-168,0
1960.019423007965,7200,6904,11852,-157,14,113,6236,-9656,10648,-75,138,-157,-12820,4984,6908,-960,85,-29,-13052,-5788,7852,-500,137,-122,0
1960.0548861026764,7268,6896,12120,-99,-15,93,6560,-9520,10564,-56,145,-145,-12836,5004,6932,-988,98,-96,-12948,-5888,7680,-502,120,-103,0
1960.0906710624695,7172,6924,11804,-101,5,122,6548,-9580,10504,-46,132,-151,-12784,5000,7044,-997,97,-44,-12872,-5772,7800,-497,111,-123,0
1960.1255531311035,7180,6804,11928,-139,-40,74,6548,-9604,10248,-56,137,-163,-12896,5012,6860,-974,97,-54,-13012,-5824,7684,-466,110,-113,0
1960.1609051227572,7180,7144,12232,-113,-8,91,6524,-9592,10628,-96,137,-142,-12920,5060,6872,-999,77,-10,-12988,-5784,7860,-519,75,-168,0
1960.1962521076205,7212,6792,11924,-117,-21,86,6464,-9612,10736,-47,172,-140,-12816,4960,6812,-1012,10,-64,-13016,-5796,7996,-500,102,-168,0
1960.2323899269104,7140,6932,11860,-140,40,84,6500,-9496,10632,2,183,-125,-12816,4968,6788,-997,32,-14,-12952,-5920,7816,-483,55,-176,0
1960.268154144287,6932,6908,12280,-112,-254,62,6560,-9732,10584,-77,168,-144,-12860,5008,6816,-1005,29,-67,-12904,-5872,7832,-474,81,-158,0
1960.3032479286194,7148,6820,11792,-160,-20,36,6436,-9612,10532,-41,173,-167,-12896,5092,6764,-972,29,-50,-12872,-5856,8004,-454,95,-171,0
1960.338840007782,7148,6864,11876,-92,25,70,6240,-9708,10296,-46,172,-146,-12780,5116,6868,-996,51,-31,-12940,-5836,7896,-481,98,-168,0
1960.3742380142212,7200,6980,11972,-87,-2,87,6492,-9660,10592,-58,134,-137,-12828,4976,6936,-986,29,-73,-12896,-5820,7932,-506,82,-178,0
1960.4075570106509,7084,6916,11852,-96,-25,60,6452,-9616,10632,-75,139,-131,-12628,5012,6980,-963,58,-81,-12888,-5856,7840,-513,60,-148,0
1960.4410500526428,7244,6948,12000,-93,-34,85,6640,-9644,10700,-71,141,-123,-12720,5012,6996,-1003,57,-41,-12888,-5852,7860,-518,94,-163,0
1960.47429895401,7272,6916,11880,-84,-54,103,6512,-9556,10448,-39,148,-146,-12796,5112,7036,-1274,66,-76,-12856,-5812,7732,-534,141,-162,0
1960.5079669952393,7160,6972,11772,-95,-29,110,6396,-9504,10516,-27,144,-158,-12820,4960,6804,-769,91,-34,-12916,-5972,7880,-258,123,-146,0
1960.5415439605713,7280,6888,12012,-94,-77,85,6408,-9628,10464,-12,151,-169,-12552,5032,7036,-1021,64,-47,-12904,-5868,7772,-489,127,-153,0
1960.574779033661,7204,6952,11972,-127,-10,95,6480,-9568,10596,-24,122,-166,-12852,4972,7140,-1003,75,-82,-12904,-5824,8012,-466,99,-152,0
1960.6084830760956,7108,7044,12080,-135,-22,114,6476,-9688,10676,-35,125,-152,-12868,4984,7068,-1033,97,-72,-12884,-5752,7900,-505,134,-138,0
1960.641679048538,7204,6904,11896,-132,-47,133,6436,-9596,10560,-21,128,-132,-12696,5012,7152,-993,86,-57,-13036,-5920,7912,-509,128,-145,0
1960.6750011444092,7164,6980,12012,-135,-23,124,6480,-9604,10492,-50,160,-146,-12744,5076,7040,-1025,86,-60,-12948,-5824,7952,-465,89,-125,0
1960.7086510658264,7088,6884,12108,-141,-28,112,6404,-9640,10560,5,205,-150,-12856,5024,7100,-1010,73,-59,-12948,-5768,7852,-481,122,-137,0
1960.741851091385,7084,7020,11848,-207,-75,101,6476,-9548,10656,41,159,-185,-12752,5048,6932,-1006,96,-86,-12840,-5964,7876,-491,182,-101,0
1960.7754981517792,7060,7028,12032,-204,-104,135,6424,-9804,10564,8,121,-224,-12696,5088,7044,-1025,137,-120,-12920,-5968,7828,-507,219,-75,0
1960.809277057648,7116,7040,11968,-165,-215,161,6400,-9544,10664,-18,83,-223,-12700,5004,6872,-1000,133,-114,-12852,-6076,8108,-260,224,-56,0
1960.842852115631,7004,6980,12040,-161,-159,168,6376,-9552,10492,-27,109,-216,-12796,4972,7004,-1014,166,-145,-12932,-6144,7896,-480,212,-63,0
1960.8763999938965,6936,6952,11852,-185,-182,161,6440,-9584,10556,-26,100,-244,-12736,5044,7044,-991,161,-153,-12884,-5712,7872,-484,220,-74,0
1960.9097559452057,7372,6956,12012,-259,-120,158,6428,-9572,10564,-3,129,-245,-13008,5060,7120,-1007,148,-149,-13176,-5896,7848,-454,236,-83,0
1960.9432680606844,7096,6988,11828,-260,-120,142,6444,-9620,10692,-24,132,-205,-12940,5048,6972,-980,172,-153,-12948,-5852,7816,-459,186,-53,0
1960.976671934128,7276,6996,11916,-271,-181,150,6504,-9568,10520,-15,152,-251,-12968,5060,7112,-981,137,-124,-13004,-5924,8132,-435,221,-68,0
1961.0100810527804,7248,7016,11796,-276,-170,149,6544,-9564,10648,-8,95,-269,-13048,5008,7096,-985,173,-154,-13012,-5872,7884,-459,246,-48,0
1961.0435941219332,7152,7136,11916,-204,-210,118,6544,-9484,10544,-43,96,-250,-12820,4968,6888,-997,150,-176,-12908,-5656,7924,-459,233,-69,0
1961.0769000053403,7272,6876,11980,-211,-230,148,6604,-9696,10468,-39,119,-273,-12892,4972,6828,-966,155,-137,-12948,-6032,7912,-424,209,-103,0
1961.110491991043,7228,6880,11868,-265,-178,109,6508,-9556,10592,-32,130,-245,-12924,5112,6768,-946,90,-163,-13040,-5808,7884,-354,180,-100,0
1961.1438159942627,7188,6880,11924,-252,-114,110,6536,-9568,10528,-55,152,-228,-12884,5028,6868,-892,96,-141,-12928,-6068,7820,-396,148,-77,0
1961.1773200035093,7204,7036,11812,-264,-127,116,6232,-9552,10636,-47,145,-217,-12880,5008,7076,-966,104,-131,-12844,-5844,7968,-428,177,-82,0
1961.2108540534973,7108,7112,12012,-228,-205,113,6404,-9712,10500,-29,179,-264,-12708,5104,6920,-982,141,-152,-12916,-5772,7908,-448,262,-122,0
1961.2444341182709,7156,7156,12192,-183,-222,121,6528,-9632,10560,-19,102,-299,-12996,5060,6896,-980,181,-184,-12960,-5880,7880,-440,288,-72,0
1961.2776980400083,7224,6928,11916,-172,-284,156,6512,-9564,10464,-67,106,-309,-13032,4956,6852,-984,199,-170,-13008,-5808,7872,-412,309,-3,0
1961.3115110397337,7316,6896,11928,-219,-284,146,6620,-9524,10524,-82,73,-276,-12856,4980,7116,-952,194,-176,-12968,-5804,8184,-454,509,-37,0
1961.344983100891,7320,6824,11868,-230,-260,145,6508,-9568,10632,-66,141,-274,-12928,5004,6912,-942,209,-121,-13020,-5856,7888,-425,198,-89,0
1961.3782999515533,7248,6844,11860,-212,-217,144,6572,-9656,10640,-69,118,-235,-12848,5024,6848,-980,172,-123,-12992,-5820,7884,-464,277,-28,0
1961.4156630039213,7344,6908,11932,-193,-507,178,6552,-9604,10592,-13,142,-2,-12820,4984,6780,-990,167,-155,-13024,-5780,7740,-473,239,-29,0
1961.4511699676514,7320,6960,11780,-210,-232,173,6552,-9572,10488,-64,93,-229,-12912,4708,6980,-993,199,-132,-12904,-5820,7796,-424,227,-7,0
1961.4870910644531,7300,6836,11820,-214,-246,148,6556,-9560,10656,-75,232,-222,-12852,5032,6848,-977,169,-106,-12932,-5780,7772,-460,230,-38,0
1961.5222971439364,7348,6896,12032,-275,-292,156,6496,-9492,10564,-256,123,-292,-12800,4976,6712,-1017,153,-174,-12896,-5816,7792,-436,293,-33,0
1961.5581860542295,7228,6888,11984,-219,-278,178,6576,-9472,10532,-68,111,-285,-12832,4904,6880,-985,214,-117,-12820,-5776,7716,-399,242,-6,0
1961.5935349464417,7376,6912,11896,-276,-245,165,6644,-9492,10576,-71,108,-298,-12976,4900,6880,-961,195,-102,-13108,-5904,7892,-385,262,12,0
1961.6287341117857,7332,7124,11992,-387,-276,178,6560,-9576,10668,-71,167,-259,-12940,4912,6784,-896,190,-88,-13068,-5836,7828,-348,235,-10,0
1961.6640169620514,7252,6936,11992,-385,-291,145,6832,-9584,10576,-96,141,-317,-12968,4920,6780,-902,202,-148,-13072,-5688,7464,-303,290,-30,0
1961.6989669799805,7268,6824,11900,-402,-293,155,6580,-9228,10508,-134,128,-307,-12872,4632,6840,-873,191,-94,-13080,-5472,7768,-347,236,-43,0
1961.7355160713196,7476,6840,11900,-374,-313,127,6448,-9540,10524,-84,235,-274,-12964,4948,7012,-930,182,-85,-13228,-5660,7844,-340,2,-48,0
1961.7709159851074,7324,6748,12044,-352,-279,105,6524,-9668,10440,-72,161,-284,-12928,4984,6792,-900,154,-101,-12984,-5712,7680,-288,245,-53,0
1961.8070991039276,7256,6780,11896,-349,-16,119,6608,-9676,10612,-85,170,-276,-12916,5028,6816,-929,132,-139,-12908,-5808,7812,-340,230,-49,0
1961.842211008072,7352,6768,11972,-358,-256,122,6572,-9524,10580,-26,185,-282,-12916,5000,6740,-939,143,-110,-13120,-5692,7884,-368,185,-60,0
1961.87846493721,7504,6720,11888,-373,-229,152,6852,-9520,10488,-44,165,-256,-13052,4916,6712,-962,170,-62,-13092,-5484,7836,-389,163,-98,0
1961.9138250350952,7644,6732,11824,-340,-236,110,6596,-9640,10508,-26,235,-3,-12928,5124,6860,-865,127,-85,-13288,-5644,7920,-295,113,-86,0
1961.9493000507355,7480,6720,11828,-401,-130,114,6528,-9612,10712,-73,191,-208,-12888,5276,6876,-836,131,22,-13148,-5756,7716,-359,126,-73,0
1961.984360933304,7364,6592,11800,-434,-183,113,6560,-9632,10304,-112,260,-200,-12820,5228,6812,-927,110,-27,-12940,-5524,7828,-344,98,-97,0
1962.0200750827787,7180,6540,12000,-385,-161,135,6896,-9544,10500,-43,210,-163,-12844,5108,6468,-1034,59,-33,-13008,-5568,8184,-401,74,-155,0
1962.0557749271393,7520,6612,11956,-350,-152,119,6548,-9560,10664,27,292,-127,-12788,5116,6948,-1032,102,19,-13036,-5712,7836,-376,45,-80,0
1962.0893161296844,7388,6644,12040,-395,-160,130,6444,-9720,10592,-41,186,-165,-13004,5204,6868,-958,88,238,-12804,-5600,7788,-392,55,-101,0
1962.1229310035708,7504,6700,12016,-341,-202,179,6528,-9548,10608,-31,199,-112,-13048,5124,6836,-1010,97,62,-12840,-5860,8024,-495,3,-114,0
1962.156091928482,7452,6716,11920,-231,-93,169,6480,-9592,10628,-58,189,-58,-12896,5044,6720,-1011,65,101,-13016,-5572,7936,-464,-67,-64,0
1962.1900660991669,7672,6520,12256,-250,-79,209,6280,-9500,10264,-15,139,-45,-12600,4924,6792,-974,120,56,-12932,-5852,7856,-468,-43,-43,0
1962.223755121231,7544,6504,12056,-284,-112,215,6548,-9632,10428,38,140,-77,-12876,5096,6648,-1039,95,248,-12848,-5608,7760,-465,24,-76,0
1962.2573180198667,7484,6568,11884,-213,-72,199,6424,-9528,10468,-42,162,-91,-12696,5104,6888,-1096,89,39,-12572,-5524,7476,-751,115,-108,0
1962.2933161258695,7208,6648,11496,-66,123,139,6544,-9284,10308,-104,175,-42,-12616,4944,6576,-1093,128,80,-12820,-5484,7684,-523,35,-181,0
1962.3272111415863,7512,6360,11452,-85,393,38,6668,-9324,10252,23,261,26,-12772,5112,6644,-1066,68,147,-12992,-5436,7792,-474,-76,-284,0
1962.3604409694672,7608,6508,11740,-209,556,-21,6696,-9408,10256,99,421,82,-12972,4980,6816,-1024,-75,164,-13060,-5824,7780,-433,-72,-284,0
1962.393692016601,7500,6872,11844,-248,613,-96,6724,-9348,10696,57,462,88,-13124,5028,6904,-1093,-160,152,-13236,-5700,8188,-385,-10,-307,0
1962.4273221492767,7428,6896,12320,-185,401,-127,6864,-9892,10808,-32,443,-27,-13256,5260,7068,-1029,-301,80,-13216,-5912,8100,-490,-16,-363,0
1962.46076798439,7368,6796,12068,-90,252,-125,6440,-9940,10920,-126,413,253,-12916,5504,7040,-957,-314,97,-12956,-5800,8080,-570,-101,-382,0
1962.4943420886993,7420,6796,11892,-23,289,-74,6196,-9528,10720,-207,392,47,-12788,5216,6732,-949,-159,109,-12716,-5760,7980,-539,-44,-227,0
1962.528048038483,7044,6628,11956,-70,211,-11,6072,-9540,10584,-181,239,-44,-12544,5372,6908,-966,255,49,-12672,-5564,8120,-458,35,-116,0
1962.5614659786224,7008,6408,11936,-145,169,89,5996,-9600,10548,-176,132,-92,-12520,5188,6864,-991,138,16,-12752,-5824,8056,-352,112,-47,0
1962.594938993454,7012,6588,11920,-156,111,85,6276,-9644,10688,-185,124,-112,-12760,5272,7060,-1000,152,31,-12892,-5756,8008,-383,62,-78,0
1962.6281599998474,7392,6696,12196,-130,118,71,6232,-9500,10644,-229,139,-104,-12808,5340,7264,-943,81,-246,-13008,-5704,8136,-515,48,-117,0
1962.661467075348,7236,6888,12148,-34,139,74,6408,-9780,10584,-217,153,-67,-12924,5380,6984,-933,20,-32,-12876,-5720,8176,-541,33,-193,0
1962.6949110031128,7380,6628,12232,0,106,43,6292,-9760,10596,-91,155,-120,-12756,5280,6756,-957,22,-46,-12872,-5520,7904,-541,71,-168,0
1962.7286241054535,7192,6568,12112,2,65,77,6384,-9816,10544,-50,103,-117,-12716,5264,6664,-1274,38,-76,-12888,-5608,8020,-559,120,-134,0
1962.7620170116425,7188,6480,12248,48,35,94,6236,-9680,10472,-26,95,-132,-12916,5320,6684,-1060,19,-60,-12924,-5672,8060,-550,108,-155,0
1962.7953510284424,7396,6872,12172,-16,47,111,6408,-9672,10364,-19,107,-111,-12872,5196,6920,-1055,70,-57,-13140,-5520,7912,-642,66,-176,0
1962.82891702652,7356,6532,11796,76,96,145,6416,-9880,10524,87,142,-33,-12816,5348,7028,-1109,-39,-30,-12948,-5520,8156,-676,19,-195,0
1962.862265110016,7228,6660,12080,121,150,136,6156,-9828,10684,210,115,32,-12748,5528,6972,-1244,12,-247,-12928,-5656,8116,-734,-25,-217,0
1962.8957400321965,7096,6808,12252,124,141,182,6236,-9976,10700,119,117,33,-12796,5240,6876,-1218,48,-29,-12924,-5808,8092,-728,-41,-194,0
1962.9292020797732,7400,6836,12248,102,53,143,6332,-9612,10464,20,132,3,-12776,5188,6992,-1118,65,-6,-12956,-5808,8068,-665,-34,-189,0
1962.9627590179443,7320,6712,11788,22,75,156,6304,-9624,10412,-25,188,15,-12868,5164,6888,-994,17,16,-13052,-5860,8176,-608,-253,-221,0
1962.9963541030884,7088,6848,11996,-64,66,135,6284,-9596,10604,-256,200,-78,-12592,5076,6968,-1072,88,-26,-12812,-5668,7892,-597,80,-189,0
1963.030055046081,7132,6856,11976,-38,5,118,6264,-9580,10496,-23,124,-145,-12692,5312,6920,-1058,100,-69,-13020,-5852,8184,-573,111,-154,0
1963.063318014145,7416,6840,11796,-54,-18,77,6320,-9668,10628,-12,88,-178,-12768,5128,7076,-1067,138,-67,-12636,-5780,8032,-538,118,-156,0
1963.1011941432953,7136,6836,12096,-86,238,58,6188,-9660,10696,-38,179,-177,-12884,5044,7000,-1017,58,-123,-12928,-5792,7968,-551,112,-170,0
1963.1371490955353,7068,6836,11940,-50,3,54,6348,-9788,10644,12,149,-156,-12736,5372,6984,-1065,10,-104,-12888,-5876,7988,-545,115,-209,0
1963.1726520061493,7092,6888,11932,-56,-27,87,6244,-9560,10652,-30,163,-120,-12676,5372,6792,-1043,-25,-39,-12992,-5976,8040,-535,73,-203,0
1963.2085051536565,7084,6932,12144,-100,6,58,6224,-9564,10632,-44,196,-138,-12772,5168,7048,-979,-3,-40,-12852,-5668,7976,-512,75,-181,0
1963.2438349723811,7012,6872,12092,-157,-9,49,6252,-9608,10756,-33,160,-146,-12668,5176,7008,-989,33,-44,-12820,-5792,8188,-494,111,-154,0
1963.2794780731203,7048,6824,12068,-157,41,80,6260,-9536,10516,-38,131,-156,-12656,5124,7008,-989,124,-48,-12784,-5792,8132,-457,124,-116,0
1963.3144810199735,7036,6820,12040,-100,-14,105,6224,-9932,10692,-53,104,-134,-12672,5180,6952,-1276,124,-83,-12756,-5748,8048,-459,126,-54,0
1963.3505311012268,7040,6768,12068,-80,-53,156,6240,-9756,10604,-114,88,-154,-12604,5296,6892,-963,132,-82,-12860,-5932,8128,-446,77,-101,0
1963.3854000568388,6984,6748,12148,-123,-40,121,6312,-9708,10536,-93,95,-175,-12668,5228,7068,-978,97,-96,-13052,-5748,7992,-493,148,-122,0
1963.4208040237427,6968,6796,11992,-110,-76,133,6320,-9960,10600,-84,97,-186,-12704,5348,7032,-965,78,-128,-12908,-5784,7992,-560,176,-109,0
1963.4562139511108,7072,6660,11876,-44,-50,126,6332,-9864,10576,-26,110,-188,-12712,5264,7060,-1032,109,-163,-12868,-5732,8168,-550,160,-120,0
1963.492100954056,7064,6756,12200,-64,-102,108,6256,-9948,10668,-20,61,-214,-12716,5248,7000,-1043,110,-117,-12884,-5736,8088,-514,187,-126,0
1963.5276141166687,7092,6888,11928,-92,-99,129,6280,-9776,10596,-31,63,-233,-12684,5232,7040,-1267,164,-172,-12948,-5784,8184,-539,201,-113,0
1963.5629439353943,7012,6904,12128,-104,-118,119,6356,-9664,10580,-7,65,-210,-12696,5088,6968,-1043,162,-121,-12868,-5800,7696,-756,208,-111,0
1963.5981409549713,7148,6980,12032,-110,-117,118,6380,-9628,10704,-17,58,-230,-12756,5112,7004,-1064,162,-162,-12888,-5796,7864,-486,204,-110,0
1963.6335670948029,7084,6960,11940,-110,-115,90,6416,-9652,10564,-31,144,-190,-12712,5152,6996,-1026,96,-85,-12980,-6036,7704,-259,141,-164,0
1963.6695971488953,7164,6932,12024,-128,-62,77,6324,-9668,10648,-31,175,-171,-12792,5200,7052,-998,49,-94,-13016,-5852,8028,-532,122,-173,0
1963.7048060894012,7000,6836,11904,-123,-27,100,6268,-9808,10520,15,169,-135,-12664,5188,7060,-1029,93,-93,-12760,-5648,8064,-538,142,-111,0
1963.7404739856725,6980,6864,11984,-120,-39,129,6220,-9752,10468,10,129,-176,-12696,5100,7076,-1040,138,-74,-12996,-5872,7956,-498,148,-111,0
1963.7739131450653,6764,6912,12080,-81,-102,112,6264,-9748,10576,-19,93,-195,-12616,5144,6992,-1039,111,-81,-13056,-5692,8036,-489,178,-112,0
1963.807518005371,6928,6756,11964,-89,-84,150,6264,-9656,10572,-49,75,-229,-12676,5188,7052,-997,154,-141,-12828,-5772,8012,-519,184,-91,0
1963.8407671451569,7388,6852,12192,-83,-148,132,6344,-9780,10520,-48,58,-222,-12572,5220,6728,-1055,136,-147,-12868,-5752,8052,-524,197,-98,0
1963.8743920326233,7088,6820,11964,-147,-113,126,6364,-9636,10588,-21,114,-202,-12776,5156,6980,-1083,166,-120,-12988,-5788,7992,-507,188,-72,0
1963.9076669216156,7032,6912,11864,-116,-92,132,6240,-9736,10576,-33,121,-211,-12996,5156,6920,-769,108,-97,-12968,-5856,7976,-481,160,-132,0
1963.9411671161652,7080,6848,12020,-156,-97,57,6316,-9620,10504,-60,141,-225,-12824,5064,7088,-974,105,-92,-12952,-5832,7964,-488,173,-135,0
1963.9743671417236,7096,7156,11948,-160,-56,77,6256,-9756,10320,-30,168,-209,-12788,5224,7000,-999,72,-144,-12888,-5748,7680,-455,201,-131,0
1964.0079810619354,6932,6876,11996,-130,-84,81,6176,-9776,10480,-36,142,-193,-12716,5224,7008,-1032,80,-116,-12968,-5800,8028,-476,146,-176,0
1964.0416259765625,7120,6908,12220,-153,-75,92,6408,-9712,10500,-2,173,-183,-12668,5072,7020,-1017,40,-72,-12952,-5856,7960,-491,147,-119,0
1964.075326919556,6996,6900,12028,-175,-81,75,6320,-9776,10512,-16,170,-173,-12696,5268,7028,-1002,49,-72,-12820,-5804,7960,-511,103,-150,0
1964.108788013458,7048,6936,12048,-162,-77,115,6256,-9704,10464,-256,162,-167,-12640,4872,7028,-1280,111,-86,-12876,-5980,8100,-489,158,-119,0
1964.1421649456024,7048,6908,12032,-193,-122,122,6308,-9680,10688,1,130,-196,-12648,5200,7096,-1013,136,-139,-12772,-5756,7944,-268,186,-114,0
1964.175781965256,7008,7016,11928,-154,-117,163,6220,-9684,10576,20,136,-193,-12748,5188,6936,-1022,124,-135,-12868,-5764,7984,-532,195,-115,0
1964.2094070911407,7184,6868,11964,-199,-171,175,6352,-9644,10772,41,135,-231,-12572,5180,6980,-1014,161,-126,-13004,-5644,8032,-504,184,-121,0
1964.242954015732,7064,6956,12052,-201,-156,141,6312,-9732,10476,-9,101,-220,-12696,5300,6944,-996,153,-128,-12940,-6124,7988,-445,211,-89,0
1964.2765040397644,6948,7156,12076,-223,-197,113,6640,-9716,10504,-9,142,-243,-12776,4868,7008,-992,110,-162,-12892,-5832,7744,-473,236,-87,0
1964.3097591400149,7076,7136,12024,-245,-204,133,6296,-9808,10592,-14,157,-236,-12796,4988,6800,-990,139,-186,-13036,-6096,8184,-464,228,-93,0
1964.3432369232175,7088,6848,11880,-207,-220,113,6328,-9740,10680,-14,103,-294,-12760,5108,7092,-1006,159,-166,-12976,-5792,7820,-499,0,-67,0
1964.3770020008087,6924,6916,12008,-198,-229,125,6340,-9528,10496,42,101,-272,-12740,5112,6904,-1056,163,-153,-13092,-5732,8044,-507,265,-49,0
1964.4102289676669,7216,6656,11880,-195,-221,165,6340,-9632,10584,-1,88,-237,-12808,5108,7012,-982,143,-130,-13060,-5756,7924,-475,158,-86,0
1964.4440350532532,7152,7124,11968,-193,-155,143,6288,-9492,10652,17,124,-197,-12968,5120,6684,-1024,146,-152,-12952,-5876,7900,-484,172,-112,0
1964.4774560928345,7256,6880,12008,-232,-155,131,6312,-9656,10392,9,140,-212,-12704,5320,6692,-988,98,-156,-12912,-5800,8056,-458,167,-111,0
1964.5109789371493,7072,6856,12068,-250,-137,123,6332,-9616,10588,2,110,-218,-12832,5112,7008,-1000,101,-121,-12852,-5780,8136,-463,139,-99,0
1964.5447571277616,7268,6880,12060,-224,-160,152,6368,-9664,10432,11,127,-210,-12748,5212,6676,-1040,113,-66,-12848,-5776,7948,-494,168,-95,0
1964.5784721374512,7004,6896,11964,-244,-181,148,6296,-9616,10644,37,117,-225,-12716,5056,6840,-1012,110,-109,-12828,-5868,7992,-466,215,-81,0
1964.612018108368,6976,7128,11972,-250,-191,149,6336,-9592,10572,-32,130,-232,-12720,5000,6916,-993,164,-207,-12940,-5828,8004,-459,216,-82,0
1964.6453239917755,7136,6856,12020,-217,-238,116,6368,-9564,10552,-252,119,-285,-12976,5196,7100,-1014,142,-217,-12908,-5764,8072,-486,264,-107,0
1964.678961992264,7216,6812,11804,-252,-252,135,6368,-9628,10580,252,121,-273,-12732,5116,6856,-985,184,-169,-12996,-5880,8032,-488,216,-81,0
1964.7125930786133,7068,6808,12264,-201,-214,172,6248,-9576,10584,23,77,-227,-12760,4896,6796,-993,196,-88,-12900,-5884,7884,-437,147,-57,0
1964.7458670139313,7292,6860,12132,-212,-162,149,6396,-9596,10496,-256,95,-211,-12788,5136,6924,-1037,139,-96,-12928,-5812,8104,-474,167,-92,0
1964.7837970256803,7132,6860,11976,-148,-120,129,6460,-9672,10548,-36,116,-198,-12852,5156,6816,-1028,167,-123,-12860,-5716,8036,-504,114,-89,0
1964.8189580440524,7192,6732,11952,-79,-111,133,6612,-9588,10636,-78,131,-212,-12684,5100,6868,-772,156,-120,-12924,-5756,7840,-499,184,-108,0
1964.85457611084,7276,6780,12012,-143,-84,122,6152,-9632,10716,-14,138,-191,-12768,5044,6764,-1099,173,-83,-13000,-5688,7756,-501,154,-115,0
1964.8902289867403,7320,6784,12072,-131,-51,126,6560,-9684,10748,-33,137,-168,-12872,5120,6912,-1072,134,-90,-12888,-5812,7844,-460,152,-138,0
1964.925637960434,7308,6788,11816,-155,-16,89,6172,-9604,10648,-30,189,-198,-13032,5084,6948,-1033,104,-49,-12876,-5856,7960,-449,109,-167,0
1964.9613189697268,7256,7028,12272,-151,-4,77,6424,-9676,10588,-55,179,-173,-12784,5284,6732,-1010,85,-99,-12904,-5796,7948,-477,166,-145,0
1964.9976379871368,7308,6660,12076,-103,16,79,6372,-9648,10304,-70,151,-157,-13036,5040,7088,-997,56,-92,-12816,-5860,7948,-473,147,-153,0
1965.03292798996,7096,6888,11924,-137,-34,43,6412,-9516,10504,-106,164,-186,-12700,4996,7044,-974,24,-73,-12880,-5880,8076,-459,124,-154,0
1965.0691189765932,7200,6844,11868,-155,-251,13,6148,-9488,10460,-82,203,-186,-12548,5052,7012,-952,3,-107,-12924,-5836,7712,-491,137,-191,0
1965.1043779850004,7212,7096,11964,-138,-24,51,6404,-9712,10636,-26,183,-177,-12740,5120,7124,-990,15,-58,-12968,-5800,7696,-528,148,-168,0
1965.1396620273588,6964,6788,11812,-75,-24,85,6276,-9676,10716,-9,139,-151,-12772,5172,6660,-1271,83,-74,-13000,-5772,7956,-514,138,-144,0
1965.1752490997314,7360,6728,11944,-106,-15,114,6376,-9584,10604,-19,114,-161,-12716,5024,7048,-983,137,-7,-12964,-5828,8032,-499,98,-104,0
1965.2103991508484,7412,6780,12240,-141,16,162,6372,-9600,10540,-78,125,-125,-12772,5200,6940,-989,116,-63,-12928,-5704,8188,-504,74,-79,0
1965.2459869384763,6956,6820,11828,-94,-6,123,6404,-9680,10564,-66,148,-149,-13056,4864,6944,-1040,61,-49,-12848,-5820,7992,-520,115,-162,0
1965.2818639278412,7108,6820,11856,-132,-28,110,6400,-9536,10580,-47,159,-120,-12840,5124,6792,-775,40,-9,-12948,-5868,7980,-514,65,-162,0
1965.3174021244047,7156,6964,12224,-54,55,77,6416,-9628,10652,-48,178,-151,-12808,5040,7064,-1007,33,-68,-12904,-5772,7924,-522,114,-190,0
1965.353348016739,6948,6824,11964,-157,29,39,6428,-9552,10652,-8,212,-152,-12716,5092,7064,-979,21,-49,-12940,-5784,7896,-475,120,-182,0
1965.3887081146245,7188,7108,12076,-122,-18,46,6644,-9656,10552,-23,158,-168,-12676,4864,6696,-1012,31,-60,-12944,-5716,7876,-499,115,-138,0
1965.4240159988403,7084,6744,11880,-91,-15,91,6344,-9664,10564,-9,130,-156,-12696,5116,6924,-1026,51,-92,-12836,-5868,7760,-535,79,-142,0
1965.4575600624084,7056,6908,11992,-103,-44,106,6292,-9620,10632,-59,123,-149,-12684,5152,6792,-988,87,-41,-12880,-5756,7976,-520,61,-116,0
1965.4908120632172,7072,6656,12128,-72,-32,132,6364,-9680,10688,-62,153,-128,-12776,5072,6888,-990,80,-32,-12864,-5668,7716,-523,70,-133,0
1965.5242910385132,7156,6892,12164,-60,-1,104,6380,-9564,10576,-28,147,-136,-13004,5148,6984,-1037,91,-16,-12832,-5844,8000,-535,134,-147,0
1965.5578930377965,7060,6880,11932,-85,11,127,6328,-9696,10484,-10,106,-146,-12688,5168,6920,-1045,117,-73,-12808,-5832,7964,-548,122,-135,0
1965.5913720130925,7120,6824,12268,-65,-52,131,6380,-9692,10652,-28,105,-160,-12824,5036,6908,-1034,117,-104,-12888,-5684,8152,-548,113,-136,0
1965.6248490810394,7068,6780,12040,-110,-25,128,6304,-9536,10572,-33,133,-148,-12568,5268,6928,-1029,105,-20,-12912,-5812,8144,-506,116,-125,0
1965.6581959724429,7116,6860,12212,-102,-27,117,6368,-9628,10624,-58,119,-158,-12840,5160,7064,-1007,111,-71,-12868,-5696,7848,-510,97,-140,0
1965.6916301250455,7096,6900,12124,-150,-38,112,6384,-9636,10620,-21,125,-177,-12872,5164,7036,-978,97,-100,-12896,-5868,8000,-479,152,-137,0
1965.7252271175385,7088,6972,11840,-125,-79,78,6348,-9584,10576,-56,173,-182,-12780,5084,6896,-998,86,-110,-12880,-5868,7840,-462,171,-163,0
1965.75879406929,7072,6868,12088,-145,-92,65,6352,-9692,10520,-70,182,-185,-12732,5168,6992,-968,58,-49,-12892,-5880,7952,-470,135,-180,0
1965.7920460700989,7124,6824,11812,-145,-36,68,6280,-9688,10600,-44,150,-202,-12736,5332,6980,-975,55,-78,-12948,-5748,7992,-489,136,-136,0
1965.8255181312563,7164,7020,12232,-108,-40,88,6256,-9652,10608,-52,148,-175,-12664,5184,7016,-990,55,-60,-12776,-5836,8036,-503,125,-114,0
1965.859019994736,7092,7028,12180,-119,-44,113,6356,-9588,10540,253,82,-181,-12648,5160,6732,-987,105,-100,-12832,-5848,8096,-489,173,-142,0
1965.892153978348,7064,7008,12084,-131,-79,127,6272,-9712,10520,-52,103,-192,-12720,5064,7060,-1013,148,-95,-12876,-5936,7940,-493,154,-91,0
1965.9256739616394,7136,6940,11984,-123,-82,138,6204,-9640,10564,-53,117,-190,-12776,5160,6940,-1268,171,-32,-12816,-5872,7884,-526,138,-63,0
1965.9592540264132,7208,6900,12056,-158,-125,128,6328,-9764,10736,-256,97,-152,-12776,5180,6972,-1060,106,-117,-13028,-5748,8012,-546,187,-82,0
1965.992432117462,7020,6924,11980,-170,-114,183,6300,-9644,10612,35,115,-154,-12716,5112,7140,-1039,150,-131,-12840,-5936,7968,-522,179,-49,0
1966.0259680747988,7068,6976,12280,-138,-113,158,6348,-9644,10556,-60,66,-179,-12768,5364,7084,-1012,123,-104,-12928,-6004,7944,-530,167,-78,0
1966.0596909523013,7092,6988,12224,-162,-142,158,6204,-9728,10620,3,88,-193,-12748,5072,6812,-1010,144,-122,-12848,-5804,8080,-506,205,-65,0
1966.0929830074308,7056,6940,12232,-171,-147,156,6408,-9608,10544,21,97,-194,-12744,5128,6812,-1018,142,-109,-12876,-5788,7988,-517,222,-55,0
1966.126678943634,7168,6832,12012,-159,-178,170,6356,-9620,10552,0,88,-233,-12688,5044,6952,-1040,161,-141,-12880,-5888,7952,-763,209,-74,0
1966.1601259708405,7152,7144,12024,-180,-173,176,6332,-9632,10880,-10,76,-230,-12684,5064,7024,-993,165,-156,-12908,-5784,8160,-503,185,-56,0
1966.1934649944308,7072,6892,11856,-200,-164,177,6444,-9712,10612,11,57,-199,-12784,5096,7100,-1020,174,-135,-12868,-5760,7876,-534,217,-42,0
1966.2269971370695,7388,6896,12248,-157,-144,185,6516,-9656,10536,40,94,-196,-12832,5016,7112,-1073,177,-101,-12920,-5832,8088,-508,228,-51,0
1966.2605159282684,7184,6928,11976,-181,-175,213,6328,-9580,10580,35,81,-224,-13000,5360,7008,-1073,214,-157,-12856,-5748,8040,-541,192,-76,0
1966.2938499450684,7172,6716,12024,-154,-173,203,6492,-9588,10328,20,60,-232,-13012,4992,6824,-1039,188,-132,-12996,-5788,7956,-526,192,-43,0
1966.3275051116943,7192,6696,12220,-174,-177,193,6448,-9584,10592,-19,49,-200,-13020,5124,6916,-1013,149,-127,-12992,-5656,8140,-521,147,-68,0
1966.3609800338743,7168,6664,11948,-217,-153,158,6352,-9628,10596,6,90,-239,-12808,4976,7016,-1006,149,-119,-12912,-5676,7788,-491,204,-85,0
1966.394330978393,7168,6668,12000,-226,-168,164,6172,-9608,10572,253,121,-230,-12976,5112,7028,-1020,153,-127,-12960,-5916,8156,-478,225,-97,0
1966.430143117905,7220,6960,11952,-214,-201,148,6524,-9564,10624,-14,100,-247,-12820,4996,7048,-980,135,-162,-12828,-5892,7832,-464,189,-90,0
1966.4653170108795,7292,6920,12056,-221,-203,116,6464,-9652,10596,-40,130,-246,-13044,5072,7104,-977,90,-145,-12960,-5756,7916,-500,188,-122,0
1966.5007810592651,7292,6784,11856,-237,-216,149,6384,-9668,10528,6,117,-214,-12712,4880,7032,-1036,134,-130,-12936,-5776,7884,-463,236,-95,0
1966.5362370014193,7148,6672,11908,-201,-159,137,6312,-9556,10412,255,98,-254,-12628,5076,6980,-987,172,-152,-12856,-5852,7864,-466,188,-92,0
1966.571918964386,7196,6892,12144,-159,-192,151,6460,-9616,10624,-251,81,-221,-12744,5056,6968,-1038,123,-94,-13020,-5656,8072,-506,192,-98,0
1966.6078789234164,7200,6764,11896,-233,-195,165,6436,-9668,10564,-19,157,-165,-12768,4888,6756,-1013,138,-135,-13012,-5688,8028,-478,163,-88,0
1966.6428499221804,7216,6856,11880,-198,-76,185,6440,-9576,10312,-33,117,-171,-12564,5032,7016,-999,139,-60,-12920,-5772,7760,-468,99,-78,0
1966.6786010265348,7172,6776,11800,-150,-40,173,6440,-9580,10700,-41,102,-165,-12696,4996,6968,-1050,135,-12,-12900,-5744,7920,-509,141,-108,0
1966.7143540382383,7284,6840,11848,-131,-54,134,6436,-9644,10448,-50,96,-163,-12836,4996,6832,-1046,116,-85,-12960,-5772,7856,-498,166,-139,0
1966.7500979900365,7336,6860,11908,-147,-90,105,6492,-9576,10536,-36,178,-176,-12888,4656,7036,-1075,75,-80,-12972,-5780,8016,-503,151,-156,0
1966.7849259376524,7344,7160,11964,-151,-9,71,6432,-9588,10732,-30,201,-166,-12844,5020,6728,-1000,75,-94,-12904,-5764,7904,-453,142,-148,0
1966.8205680847168,7304,6900,11864,-132,-12,65,6456,-9612,10660,-24,181,-168,-12904,5080,6916,-1008,54,-81,-12820,-5820,7848,-464,144,-185,0
1966.8556940555573,7200,6932,11796,-148,-39,92,6336,-9652,10304,-30,150,-171,-12788,5100,7164,-1011,75,-30,-13000,-5836,7800,-473,141,-148,0
1966.8902630805967,7276,6868,11908,-142,-26,93,6212,-9524,10636,-44,152,-161,-12680,5064,6684,-769,98,-83,-12920,-5844,7876,-488,104,-104,0
1966.9256460666656,7252,6860,11964,-146,-61,95,6416,-9564,10536,-86,179,-142,-13036,5076,7020,-981,74,-24,-12932,-5904,7868,-461,113,-157,0
1966.9617071151733,7112,6908,11992,-129,-24,73,6416,-9644,10552,-57,176,-161,-12816,5040,7076,-970,68,-63,-12944,-5788,7736,-488,112,-168,0
1966.997663974762,7356,6944,12036,-126,1,110,6368,-9644,10648,-66,151,-140,-12724,5104,7040,-1005,68,-81,-12908,-5756,7904,-754,111,-115,0
1967.0327820777893,7104,6872,12064,-102,9,96,6468,-9688,10540,-45,122,-151,-12752,5084,7016,-1005,104,-50,-13008,-5860,8056,-502,120,-120,0
1967.0682039260864,7168,6860,11896,-102,-18,100,6168,-9700,10640,-51,139,-163,-12824,5120,6960,-1024,100,-57,-12932,-5788,7876,-526,129,-97,0
1967.1040661334991,6940,6884,11960,-99,-16,132,6344,-9612,10572,-60,128,-151,-12788,5080,7112,-1007,92,-56,-12968,-6108,7992,-513,79,-126,0
1967.1374840736387,7264,6896,12260,-88,5,98,6380,-9600,10492,-69,193,-117,-13012,5192,6932,-949,68,-34,-12904,-5800,7804,-495,55,-147,0
1967.1711001396177,7244,6772,12016,-123,-12,93,6640,-9960,10512,-93,146,-111,-12744,5056,6948,-1001,52,-40,-12924,-5820,7832,-496,101,-134,0
1967.20472407341,7296,6828,11972,-136,-8,86,6208,-9676,10508,-34,145,-131,-12748,4980,7148,-1010,84,-40,-12824,-5760,7884,-492,125,-167,0
1967.238249063492,7068,6920,11992,-129,-31,84,6392,-9656,10528,-17,165,-177,-12756,5084,6928,-1025,95,-76,-12872,-5848,7904,-460,135,-161,0
1967.2718379497528,7140,6868,11956,-136,-49,98,6304,-9712,10544,-50,147,-188,-12764,5176,6884,-969,69,-71,-12652,-5804,8140,-487,135,-157,0
1967.3110201358795,6964,6888,12000,-116,-24,84,6380,-9596,10620,-32,148,-174,-12760,5120,6964,-989,67,-37,-12960,-5784,7932,-764,130,-175,0
1967.3452310562134,6916,7144,11868,-100,-78,85,6436,-9636,10724,-47,130,-168,-12768,5028,6884,-984,82,-83,-12836,-5808,8000,-513,111,-184,0
1967.3787031173708,7180,6848,12268,-104,-34,102,6380,-9684,10600,-42,145,-192,-12760,5256,7076,-987,96,-74,-12912,-5828,7988,-461,143,-123,0
1967.412081003189,7416,6988,11876,-147,-35,100,6464,-9624,10608,-79,122,-177,-12784,4992,7148,-968,99,-7,-12892,-5860,7928,-484,76,-93,0
1967.4455609321594,6940,6880,12088,-136,-56,109,6412,-9676,10560,-45,151,-181,-12748,5184,7004,-1041,58,-56,-12976,-5716,7988,-517,123,-159,0
1967.4789221286774,7208,6956,11920,-144,-31,129,6336,-9620,10652,255,161,-117,-12728,5004,6924,-996,72,-89,-12900,-5948,7956,-482,116,-119,0
1967.5126159191132,6976,6988,11524,-93,-4,114,6348,-9528,10540,-55,131,-162,-12784,5012,6980,-1001,77,-92,-12904,-5848,7920,-497,115,-118,0
1967.5459740161891,7220,7068,11928,-142,-42,111,6412,-9660,10732,-69,159,-170,-12716,5100,6956,-978,89,-61,-12824,-5800,7920,-487,136,-130,0
1967.5799319744108,7100,6944,11944,-156,-23,72,6568,-9696,10556,-40,139,-160,-12840,5072,6836,-1051,88,-39,-12828,-5720,7916,-472,161,-125,0
1967.6136701107023,7312,6664,11776,-106,-22,108,6488,-9668,10556,-49,133,-163,-12776,5356,6980,-1022,96,-71,-12900,-5912,8008,-480,96,-111,0
1967.6470119953156,7160,6904,12040,-124,-24,116,6336,-9608,10668,-70,128,-160,-12768,5168,7012,-954,75,-41,-12844,-5752,7916,-500,93,-131,0
1967.6805419921875,7052,6956,11996,-164,-46,91,6392,-9684,10664,-69,155,-165,-12824,5148,6972,-959,94,-58,-12912,-5868,7896,-481,122,-117,0
1967.7140269279485,7208,6828,11796,-163,-41,111,6164,-9716,10592,9,134,-147,-12772,5164,6924,-998,126,-118,-12928,-6124,7924,-478,175,-97,0
1967.7475600242615,6972,7116,11980,-174,-82,138,6448,-9612,10460,0,89,-189,-12756,5140,7004,-1278,148,-105,-12808,-5828,7700,-464,197,-92,0
1967.7808530330656,7040,6932,12036,-207,-104,133,6428,-9508,10620,-22,130,-218,-12788,5316,6992,-999,123,-70,-12928,-5876,7996,-463,203,-73,0
1967.8143339157104,7104,6956,12044,-228,-121,116,6180,-9476,10596,9,129,-237,-12772,5168,7128,-1017,111,-138,-12920,-5772,8024,-472,222,-103,0
1967.8480091094973,7156,7136,12004,-216,-150,139,6556,-9688,10612,-34,139,-228,-12812,5100,7032,-985,94,-153,-12940,-5836,7868,-520,211,-85,0
1967.8812770843508,7088,7024,11976,-184,-156,153,6364,-9648,10708,-28,105,-215,-12644,5076,7044,-981,139,-127,-12908,-5908,7984,-502,204,-99,0
1967.9144420623775,7108,6948,11932,-160,-203,180,6380,-9604,10436,-54,74,-199,-12704,5044,7052,-994,131,-93,-12876,-6096,7904,-485,190,-52,0
1967.948060035705,7120,6912,11852,-173,-126,164,6344,-9664,10612,-38,115,-206,-12820,4980,6876,-964,170,-144,-12980,-5688,8020,-473,188,-57,0
1967.9814620018003,7248,6944,11840,-239,-147,150,6420,-9532,10516,-13,125,-209,-12796,5344,6984,-1002,138,-140,-12904,-5792,7800,-486,193,-45,0
1968.0149800777435,7100,6916,12052,-229,-155,158,6396,-9520,10692,-1,117,-245,-12716,5088,7028,-1020,142,-134,-12896,-5752,7800,-499,211,-72,0
1968.0486419200895,7184,6932,11844,-211,-178,163,6440,-9628,10564,16,91,-228,-12568,5072,7004,-1007,138,-102,-13000,-5944,8000,-261,192,-72,0
1968.0820150375364,7212,6896,11892,-183,-164,149,6352,-9676,10368,-8,101,-222,-12832,5140,6960,-1049,169,-143,-13016,-5764,8032,-483,223,-89,0
1968.1183660030365,7240,6928,11812,-207,-181,187,6356,-9572,10620,-8,98,-228,-12796,4996,6752,-988,147,-90,-12996,-5784,8172,-500,182,-73,0
1968.1544001102448,7380,6772,11828,-218,-170,141,6380,-9648,10540,-22,115,-197,-12760,5128,6968,-1007,103,-85,-12924,-5764,7952,-478,188,-98,0
1968.18953704834,7220,6824,11800,-238,-172,134,6444,-9616,10468,59,133,-214,-12828,5056,7092,-1051,107,-139,-12880,-5640,8180,-456,172,-119,0
1968.2246849536891,7092,7072,11956,-205,-102,116,6412,-9620,10652,252,104,-208,-12836,5088,6952,-774,106,-117,-12892,-5844,7904,-427,152,-132,0
1968.2605350017548,7316,7124,11932,-194,-152,85,6356,-9652,10656,9,160,-2,-12664,5152,7160,-979,102,-138,-12916,-5808,8020,-480,190,-129,0
1968.2960290908813,7348,7124,12024,-203,-137,116,6420,-9712,10696,-13,154,-200,-12768,5144,7100,-974,63,-78,-12956,-5764,7856,-457,127,-132,0
1968.331849098205,7316,6820,12052,-147,-97,151,6356,-9616,10408,34,161,-140,-12856,5140,7020,-1000,68,-91,-12976,-5724,7996,-536,104,-141,0
1968.3676450252533,7400,6772,11996,-171,-63,118,6304,-9604,10528,32,143,-151,-12724,5040,6952,-1031,105,-28,-12820,-6140,8184,-546,108,-126,0
1968.4027171134949,7216,6836,11684,-128,-57,156,6372,-9616,10572,-19,109,-149,-12688,5012,7004,-1020,92,-119,-12896,-5764,7932,-568,106,-99,0
1968.4381570816045,7256,6824,11908,-119,-78,164,6440,-9520,10468,-17,110,-165,-12736,4908,7064,-1066,112,-73,-12824,-5736,7716,-529,177,-70,0
1968.4739840030668,7352,6836,11964,-142,-59,160,6424,-9500,10552,-27,129,-155,-12736,4956,6872,-1060,145,-74,-12944,-5828,7964,-519,141,-119,0
1968.5093009471893,7280,6864,11892,-131,-42,106,6540,-9584,10504,-56,126,-177,-12780,4892,6660,-973,153,-93,-12928,-5836,7788,-459,101,-119,0
1968.5449640750883,7176,6832,11876,-216,-6,73,6488,-9564,10612,-31,199,-169,-12908,5040,6960,-956,75,-32,-12976,-5816,7684,-457,125,-149,0
1968.5803930759428,7228,6656,11800,-174,248,56,6584,-9528,10916,-32,228,-175,-12912,4944,7068,-954,16,-85,-12932,-5652,7776,-437,180,-168,0
1968.6171090602875,7152,6936,11840,-196,-28,29,6160,-9604,10744,-55,225,-220,-12780,5048,6912,-940,4,-83,-12848,-5944,7920,-438,149,-157,0
1968.652291059494,7380,7060,11900,-189,-55,3,6312,-9464,10512,-71,219,-213,-12736,5028,7128,-936,-2,-60,-12928,-5868,7884,-437,144,-170,0
1968.688535928726,7148,6904,11944,-140,-56,28,6572,-9616,10712,-71,244,-172,-12808,5132,6820,-986,75,-101,-12864,-5792,8004,-486,124,-164,0
1968.7235310077667,7152,6848,11948,-116,-43,77,6332,-9712,10628,-51,160,-190,-12724,5136,6828,-773,115,-49,-12916,-5768,8084,-496,143,-118,0
1968.7599520683289,7288,6856,12000,-68,-30,131,6436,-9588,10604,-9,95,-140,-12592,5076,6676,-1034,124,-76,-13028,-5764,8056,-484,114,-99,0
1968.7933340072632,7132,6880,12028,-135,-2,90,6476,-9656,10532,-30,137,-143,-12760,4884,6916,-998,139,-28,-13012,-5888,7848,-464,85,-143,0
1968.8267619609833,7316,6820,11992,-131,21,107,6564,-9640,10564,-77,158,-116,-12868,5116,7084,-956,66,-243,-12932,-5800,8072,-478,33,-143,0
1968.8602271080015,7356,6796,11920,-163,19,81,6288,-9764,10692,-55,193,-112,-12752,5112,7112,-991,240,-28,-12916,-6104,8008,-462,54,-194,0
1968.8935520648956,6996,6976,12040,-163,25,36,6280,-9432,10636,-89,231,-174,-12688,5072,7132,-923,16,-54,-12816,-6040,8068,-442,83,-213,0
1968.9267871379852,7068,6900,11840,-148,34,-256,6352,-9576,10596,-105,212,-206,-12692,5024,7032,-862,-46,-41,-12736,-6076,7856,-431,126,-212,0
1968.9605009555817,7004,6704,12028,-199,-41,-21,6276,-9500,10684,-112,5,-253,-12772,5020,6804,-844,-255,-102,-12944,-5840,7940,-415,185,-182,0
1968.9951610565188,7100,6888,11908,-215,-54,-26,6324,-9632,10548,-98,251,-299,-12800,5008,6924,-927,15,-130,-12828,-5908,7760,-385,212,-183,0
1969.0297191143036,7248,6884,12076,-187,-64,-21,6500,-9600,10676,-115,243,-266,-12648,5032,7180,-924,18,-104,-12920,-5868,7940,-355,165,-195,0
1969.0634751319883,7128,7004,11872,-230,-45,-23,6404,-9572,10564,-141,215,-265,-12756,5136,7104,-851,32,-42,-12964,-5904,7968,-320,93,-178,0
1969.0971980094907,6920,6956,11992,-231,-35,-5,6356,-9596,10664,-184,228,-2,-12752,5100,6916,-845,17,-66,-12876,-5648,7904,-364,109,-189,0
1969.1307649612427,7080,6996,11856,-202,-47,-35,6176,-9644,10704,-135,248,-249,-12768,5096,6808,-900,248,-101,-12616,-5852,7776,-405,156,-194,0
1969.1640200614927,6980,6896,12008,-193,-53,-36,6336,-9560,10568,-78,207,-248,-12716,5100,7068,-940,9,-101,-12896,-5908,7872,-418,197,-195,0
1969.1977081298828,6912,6888,11944,-191,-25,-38,6272,-9640,10664,-82,206,-264,-12708,5248,6996,-916,18,-127,-12920,-5884,8052,-415,161,-202,0
1969.2312860488892,7088,6836,12076,-199,-65,-27,6252,-9752,10472,-82,222,-5,-12728,5216,7036,-936,47,-62,-13008,-5744,8400,-372,183,-171,0
1969.2649679183965,7200,6860,12016,-214,-27,21,6168,-9724,10508,-91,210,-228,-12672,5268,7032,-959,66,-63,-12932,-5780,8020,-398,145,-156,0
1969.2985460758207,7164,6784,12032,-219,-23,11,6304,-9792,10696,-66,166,-212,-12776,5252,6784,-958,78,-28,-12912,-5412,8008,-450,137,-143,0
1969.3321471214294,7100,6848,12064,-160,-35,38,6420,-9716,10708,-95,130,-185,-12680,5240,6872,-928,65,-88,-12888,-5768,7980,-458,154,-154,0
1969.3655841350555,7116,6860,12184,-137,-51,45,6356,-9688,10644,-52,145,-207,-12660,5168,7044,-945,74,-88,-12912,-5800,8048,-448,162,-127,0
1969.3990259170532,7148,6712,11828,-157,-73,36,6280,-9816,10368,-68,111,-203,-12688,5152,6912,-961,22,-92,-12608,-5832,8012,-481,188,-135,0
1969.4324641227724,7016,6880,11872,-137,-67,71,6308,-9684,10256,-34,106,-207,-12640,5236,7044,-769,80,-89,-12684,-5932,8048,-513,182,-109,0
1969.4660401344295,6996,6836,12028,-94,-73,107,6388,-9892,10568,254,68,-178,-12552,5176,7052,-1270,89,-87,-12756,-5868,8072,-544,181,-104,0
1969.4995460510254,6956,6864,11844,-78,-111,182,6280,-9656,10528,27,39,-163,-12604,5228,7108,-1071,117,-130,-12924,-5836,8116,-560,172,-44,0
1969.5331370830531,7044,6924,11948,-47,-37,197,6324,-9716,10508,-11,4,-132,-12548,5212,7068,-1053,166,-104,-12904,-5956,8008,-570,155,-36,0
1969.5664570331573,7160,7164,12160,-83,-98,226,6312,-9796,10540,37,28,-129,-12732,5080,7128,-1090,117,-79,-12872,-5740,7968,-657,221,-84,0
1969.6000881195068,7356,6900,11956,-113,-125,266,6164,-9644,10596,65,39,-83,-12844,5056,7036,-1158,187,-65,-12916,-5812,8000,-622,185,-11,0
1969.6333911418915,7144,6912,11888,-58,-80,270,6348,-9652,10724,57,10,-121,-12892,5092,7092,-1203,205,-130,-12920,-5944,7928,-645,185,-49,0
1969.666960954666,7016,7020,12148,-59,-195,279,6612,-9680,10604,53,19,-155,-12576,4888,7248,-1059,195,-153,-12852,-5824,7720,-669,190,-8,0
1969.7003140449524,7088,6912,11796,-61,-139,268,6420,-9640,10472,116,-1,-150,-12696,5120,7040,-1099,198,-145,-12872,-5888,8180,-623,201,-40,0
1969.7338321208954,7044,6884,11976,-29,-130,230,6280,-9656,10584,71,47,-129,-12736,5000,6996,-1149,153,-138,-12884,-5652,7692,-582,154,-49,0
1969.7674679756165,7168,6972,11940,-61,-142,272,6400,-9604,10656,62,61,-130,-12552,5076,6984,-1162,166,-135,-12852,-5932,8000,-601,168,-41,0
1969.803856134415,7132,6948,12060,-115,-156,258,6360,-9632,10568,45,64,-128,-12564,4992,7164,-1111,192,-110,-12832,-5860,7988,-605,150,-105,0
1969.8391649723053,7136,6708,11900,-31,-95,240,6324,-9668,10544,75,70,-200,-12640,5080,7084,-1112,193,-203,-12836,-5868,7936,-565,222,-74,0
1969.8748009204865,7040,6980,11920,-102,-195,199,6324,-9476,10704,51,68,-7,-12712,4920,7076,-1069,156,-242,-13040,-5960,7844,-610,301,-87,0
1969.9101879596708,7092,7032,11996,-70,-272,197,6336,-9604,10756,21,-249,-323,-12692,5032,6928,-1084,169,-324,-12912,-5932,7920,-607,366,-74,0
1969.9455230236053,7140,6940,11888,-40,-347,195,6472,-9572,10604,-19,-33,-387,-12756,4968,6728,-1065,265,-323,-12920,-5764,7852,-578,409,-27,0
1969.9818780422213,7208,6896,11916,-31,-440,229,6524,-9408,10652,56,-39,-407,-12908,4904,6912,-1080,324,-349,-13280,-5764,7744,-535,449,-23,0
1970.01797413826,7272,6988,11852,-117,-371,4,6580,-9516,10524,63,-49,-368,-12904,4788,7032,-1056,291,-307,-12980,-5940,7700,-533,413,-22,0
1970.053524017334,7452,7064,11732,-181,-355,229,6908,-9520,10700,35,14,-327,-12964,5100,6848,-1090,246,-258,-12980,-5988,7920,-507,339,-55,0
1970.0889310836792,7340,7012,11860,-141,-262,173,6616,-9228,10520,13,63,-292,-12992,5080,6964,-1084,217,-124,-13080,-6088,7712,-526,228,-111,0
1970.1245119571684,7328,6852,11996,-46,-117,161,6412,-9616,10716,60,146,-159,-13028,5108,6792,-1155,37,-45,-13180,-5696,7896,-647,117,-140,0
1970.159682035446,7424,6908,11888,19,26,159,6528,-9688,10360,128,186,6,-12988,5068,6664,-1215,-249,61,-12992,-5712,7920,-731,18,-205,0
1970.1950199604034,7340,6880,12244,59,150,201,6564,-9676,10476,208,158,56,-12860,5108,6784,-1214,38,23,-12988,-5768,8144,-705,-8,-154,0
1970.2304921150208,7084,6912,12032,30,174,236,6432,-9672,10476,129,104,54,-12584,5088,6884,-1216,131,70,-12940,-5692,7904,-607,-33,-107,0
1970.2659981250763,6960,6924,11964,-21,95,244,6640,-9612,10572,23,64,20,-12668,5032,7108,-1133,116,29,-12792,-5920,8032,-601,-14,-139,0
1970.30188202858,6964,6936,11840,-130,40,151,6192,-9504,10644,23,204,-70,-12848,4936,7060,-1109,29,-100,-12780,-6128,7808,-588,65,-220,0
1970.3379809856415,7008,6968,11944,-41,-16,98,6452,-9568,10828,42,276,-125,-13040,5080,7168,-1051,-71,-49,-12948,-6064,7516,-704,61,-349,0
1970.3734369277954,7216,6984,11852,37,-28,9,6176,-9500,10816,40,324,-115,-12876,4908,6824,-1059,-56,-121,-12944,-5936,7592,-672,82,-301,0
1970.4088490009308,7292,7100,11824,-78,43,-256,6432,-9388,10580,-3,245,-162,-12648,4612,6708,-949,53,-34,-13028,-5964,7664,-766,118,-194,0
1970.4456460475924,6952,7004,11676,-143,-11,56,6444,-9320,10684,-2,177,-177,-12672,4740,6768,-905,116,-120,-12740,-6000,7716,-422,151,-87,0
1970.479149103165,7184,7148,11680,-219,-99,138,6428,-9320,10636,-37,118,-216,-12772,4772,6948,-927,155,-160,-12912,-6084,7560,-381,209,-66,0
1970.512939929962,7248,7128,11748,-264,-122,92,6460,-9516,10640,-116,112,-281,-12896,4820,6972,-901,143,-150,-12992,-6024,7716,-440,172,-108,0
1970.5466029644012,7304,7284,11824,-209,-182,71,6480,-9432,10508,-121,158,-278,-12896,4712,7248,-948,79,-127,-13272,-6120,7636,-437,215,-124,0
1970.5800790786743,7276,7116,11920,-240,-191,26,6564,-9424,10640,-89,191,-331,-12572,5040,7028,-867,65,-115,-13040,-5928,7724,-369,219,-86,0
1970.613301038742,7316,7024,11732,-226,-159,16,6476,-9428,10608,-16,105,-342,-12844,4832,7164,-1024,8,-157,-12936,-6080,7928,-356,168,-157,0
1970.6467111110687,7144,7008,12108,-279,-130,-21,6432,-9548,10624,-68,231,-281,-12732,5016,6964,-915,123,-77,-12928,-5900,8000,-339,139,-157,0
1970.6801741123204,7244,7060,11848,-288,-47,-256,6424,-9572,10640,-93,228,-227,-12732,5032,6940,-816,85,55,-12892,-5764,7860,-425,88,-158,0
1970.7136480808256,6936,6976,11916,-282,-56,41,6372,-9700,10492,-167,245,-209,-12692,5080,7008,-841,153,-27,-12868,-5756,7904,-355,112,-122,0
1970.747281074524,7036,6708,12192,-242,-132,60,6536,-9620,10520,-120,142,-333,-12512,5156,6948,-791,160,-160,-12716,-5836,7928,-287,218,-83,0
1970.7806401252749,7068,6872,12112,-288,-226,53,6416,-9580,10508,-153,108,-379,-12560,5012,6884,-820,173,-250,-12860,-5876,7812,-361,350,-94,0
1970.8139910697935,7352,6948,11824,-331,-310,34,6556,-9636,10520,-125,179,-417,-12848,5092,6852,-795,92,-6,-12884,-5676,7868,-354,293,-129,0
1970.8478379249573,7260,6864,11884,-239,-4,243,6508,-9488,10616,-113,203,-343,-12896,5112,7092,-935,87,-209,-13000,-5672,7816,-436,249,-192,0
1970.8812680244444,7280,6932,11784,-192,-172,11,6564,-9548,10260,-54,270,-307,-12812,4984,7080,-926,4,-167,-12956,-6016,7764,-488,184,-203,0
1970.9147050380707,7296,7140,11780,-203,-120,46,6584,-9524,10772,-7,202,-243,-12796,4940,6916,-989,99,-136,-12944,-5916,7632,-463,152,-149,0
1970.9482460021973,7464,7012,11844,-169,-89,69,6628,-9460,10596,-67,151,-243,-12880,4832,6992,-940,124,-112,-13184,-5852,7892,-400,98,-138,0
1970.9817140102389,7540,7004,11924,-141,-74,99,6844,-9524,10984,-91,183,-215,-12828,5060,7036,-887,116,-34,-13040,-5872,7852,-429,135,-150,0
1971.0153889656067,7376,6968,11804,-291,-99,55,6676,-9528,10596,-197,286,-250,-12908,4864,7136,-866,-24,-23,-12844,-6116,7820,-356,157,-158,0
1971.0486619472504,7084,7084,11740,-332,-155,37,6372,-9420,10688,-217,319,-224,-12664,4836,7056,-842,51,-71,-12824,-6072,7836,-371,136,-159,0
1971.0822439193723,7140,7016,11636,-343,-146,2,6320,-9488,10836,-196,222,-318,-12716,4864,6936,-823,42,-73,-12920,-5976,7776,-327,209,-109,0
1971.1158900260923,7284,6728,11828,-360,-85,13,6432,-9448,10600,-91,156,-319,-12584,4900,6964,-832,150,-62,-12920,-5836,7764,-264,211,-71,0
1971.1492581367493,7252,6928,12008,-367,-73,92,6316,-9620,10672,-152,111,-240,-12700,4896,7268,-798,131,30,-12940,-5716,7976,-310,167,-13,0
1971.1827471256252,7212,6720,11932,-346,-16,162,6416,-9740,10572,-61,171,-109,-12736,5564,7104,-798,124,40,-12956,-5776,8052,-426,37,-17,0
1971.216526031494,7420,6888,12088,-249,56,196,6300,-9828,10632,-85,106,-56,-12788,5180,6992,-795,110,15,-12908,-5816,8056,-417,16,12,0
1971.2500169277191,7096,7128,12112,-286,-14,219,6488,-9816,10544,-173,141,-87,-12764,5168,6792,-873,159,10,-12928,-5752,7868,-438,55,21,0
1971.2834799289703,7208,6868,11828,-279,-39,224,6512,-9656,10440,-167,33,-134,-12684,5144,6928,-913,129,88,-12952,-5796,7976,-406,84,44,0
1971.3171529769895,7252,6812,11988,-305,18,214,6388,-9572,10356,-136,81,-77,-13024,5164,6912,-917,108,93,-12940,-5820,7956,-483,20,-37,0
1971.3506989479065,7156,6844,11896,-297,64,188,6384,-9732,10396,-117,117,-56,-12832,5160,6864,-919,113,63,-12872,-5760,7796,-529,23,-104,0
1971.3842101097107,7164,6816,12144,-157,-5,130,6464,-9684,10436,-49,80,-131,-12796,4916,7044,-982,133,-77,-12808,-5840,7732,-489,133,-102,0
1971.4176959991453,7248,6932,11804,-135,-104,114,6492,-9452,10608,-66,100,-222,-12744,5012,7000,-1033,77,-137,-13032,-6060,7892,-513,243,-124,0
1971.4512109756467,7348,6868,11828,-166,-145,113,6504,-9556,10556,-28,96,-239,-12772,5072,6712,-987,94,-128,-13008,-5832,8008,-496,177,-130,0
1971.4887170791628,7300,7152,11972,-119,-74,111,6532,-9508,10464,-53,108,-218,-12940,5304,6952,-968,75,-81,-13284,-5696,7868,-468,162,-137,0
1971.5241320133207,7388,7164,11920,-183,-86,65,6564,-9480,10604,-86,150,-270,-12564,4948,6984,-954,79,-108,-13068,-6076,7820,-439,143,-85,0
1971.5598011016843,7208,6992,12016,-251,-45,83,6464,-9568,10324,-108,103,-193,-12676,4996,6972,-915,89,7,-12996,-5800,7900,-387,85,-25,0
1971.595101118088,7220,6944,11976,-319,-11,165,6408,-9532,10656,-138,56,-193,-12708,5152,6868,-896,153,-58,-12584,-6136,8144,-328,95,-2,0
1971.6307981014252,6916,6900,11928,-315,-83,126,6444,-9592,10692,-165,50,-218,-12672,5184,6848,-968,165,-54,-12624,-5668,7916,-344,182,-31,0
1971.6655859947205,7088,6692,11924,-231,-148,138,6492,-9504,10564,-92,111,-210,-12684,5188,7024,-777,81,-113,-12888,-5668,7712,-525,179,-127,0
1971.701097011566,7212,6716,11964,-81,-43,126,6636,-9672,10576,46,97,-148,-12828,5332,6956,-1048,21,-75,-13044,-5820,8040,-556,83,-168,0
1971.737643003464,7188,6848,12096,-14,21,95,6480,-9976,10692,69,134,-129,-12924,5296,7084,-1031,-4,-65,-12928,-5640,7944,-557,88,-203,0
1971.7727990150452,7060,6912,11748,-57,-22,80,6488,-9684,10600,-47,103,-167,-12688,5340,6900,-977,43,-78,-12980,-5792,7968,-500,68,-128,0
1971.808326005936,7216,6924,12076,-69,10,129,6516,-9592,10452,-116,76,-88,-13056,5136,6892,-960,79,11,-12920,-5404,7852,-615,27,-85,0
1971.8438670635223,7332,6732,11916,-36,-45,167,6404,-9816,10320,15,38,-74,-12992,5048,6936,-1172,99,-122,-12960,-5572,7932,-626,115,-142,0
1971.87926697731,7312,6708,12012,39,-253,190,6480,-9552,10704,101,20,-81,-12868,5036,6752,-1157,127,-91,-13044,-5940,7876,-614,125,-118,0
1971.9143800735474,7376,6952,11924,17,-42,167,6600,-9544,10252,-22,63,-153,-12764,4900,6916,-1086,74,-106,-12868,-6144,7540,-589,154,-125,0
1971.9501011371613,7228,7104,11984,-81,-36,109,6416,-9452,10428,-25,70,-202,-12704,4964,7004,-1004,81,-53,-13056,-5796,7592,-449,143,-66,0
1971.9856169223788,7240,6956,11768,-135,-40,99,6584,-9496,10632,-82,78,-158,-12696,4980,6880,-1053,81,-70,-12908,-5996,7728,-424,112,-93,0
1972.0212359428403,7248,7040,11796,-162,-2,81,6468,-9652,10424,-67,95,-189,-12816,5096,7016,-989,73,-83,-12952,-5896,7764,-441,130,-139,0
1972.0574030876164,7132,7028,11908,-129,-19,50,6488,-9572,10504,-88,128,-180,-12724,5120,6944,-949,60,-67,-13104,-5920,8104,-389,51,-156,0
1972.0926759243011,7176,6952,11956,-211,22,60,6536,-9648,10648,-134,234,-147,-12556,5108,7036,-875,-13,246,-12992,-5884,7784,-337,78,-199,0
1972.128893136978,7124,7028,11864,-344,36,-18,6356,-9660,10692,-124,311,-193,-12632,5116,7308,-865,-46,-11,-12796,-5880,7928,-287,110,-120,0
1972.162353038788,6920,6972,12080,-394,4,-8,6280,-9588,10600,-172,236,-219,-12632,5296,7076,-867,23,-64,-12712,-5860,7956,-369,97,-95,0
1972.1957759857175,7052,7064,12240,-330,-178,83,6340,-9796,10448,-116,147,-296,-12708,5312,7032,-853,125,-165,-12728,-5880,8096,-344,186,-83,0
1972.229287147522,7068,6800,12120,-243,-295,95,6400,-9828,10628,-122,61,-368,-12772,5444,6848,-953,238,-245,-12852,-5544,7808,-524,362,29,0
1972.2628221511843,7348,6908,11972,-191,-444,223,6420,-9704,10288,-86,-16,-349,-12736,5128,6728,-1031,296,-211,-12936,-5692,7952,-487,415,68,0
1972.2964799404144,7232,6888,11916,-222,-354,286,6516,-9584,10524,-254,-99,-331,-12732,5104,6984,-1023,344,-180,-13064,-5868,8164,-450,316,86,0
1972.333706140518,7548,6892,12028,-293,-225,330,6416,-9688,10248,-80,-37,-157,-12860,5144,6800,-1077,255,-40,-13164,-5676,7820,-595,170,58,0
1972.3678700923924,7628,6820,11932,-512,-148,334,6696,-9592,10460,11,14,-79,-12808,4924,6764,-1092,1,35,-12888,-5784,7936,-564,47,-29,0
1972.4011030197144,7408,6792,11868,-200,-70,209,6644,-9564,10412,16,47,-155,-12756,4892,6916,-995,179,-89,-12848,-5916,7740,-434,68,-85,0
1972.4347059726715,7252,6840,11896,-175,-88,148,6640,-9488,10520,-42,58,-237,-12716,5032,6768,-901,141,-128,-12980,-5672,7692,-431,185,-55,0
1972.4683039188383,7392,6820,12024,-327,-180,141,6588,-9672,10500,-91,110,-244,-12876,5076,6660,-972,72,-48,-12956,-5716,7860,-390,184,-66,0
1972.501595020294,7228,6820,12140,-304,-135,27,6780,-9644,10388,-22,225,-294,-12848,5032,6836,-951,45,-105,-12992,-5784,7900,-372,237,-244,0
1972.535026073456,7232,6848,11960,-190,-122,-86,6564,-9732,10424,21,329,-300,-12864,5268,7160,-975,-13,-131,-13228,-5700,7748,-376,243,-267,0
1972.568669080734,7292,6812,12124,-294,-41,-57,6164,-9632,10748,71,251,-507,-12568,5200,6908,-932,-254,-69,-12840,-5816,8164,-377,194,-195,0
1972.6021211147308,6964,6828,12240,-392,-136,-13,6420,-9592,10444,-57,201,-310,-12664,5120,6872,-899,68,-220,-13000,-5708,8144,-398,351,-127,0
1972.6354370117188,7012,6684,11860,-262,-306,88,6372,-9560,10536,-81,76,-365,-12620,5088,6884,-924,190,-197,-13000,-5728,8148,-442,282,-29,0
1972.6689801216123,7236,6816,11824,-164,-227,176,6652,-9648,10748,-116,-82,-272,-12600,5240,6904,-1043,239,-97,-13256,-5420,7908,-768,188,4,0
1972.7023060321808,7340,6776,11868,-115,-145,238,6748,-9696,10432,-41,3,-181,-12904,5124,6976,-1077,214,-105,-12996,-5692,7744,-544,109,-68,0
1972.7358350753784,7328,6736,11864,-34,-62,171,6680,-9692,10468,-31,42,-168,-12888,4960,7012,-1066,136,-132,-13304,-5788,7824,-511,126,-125,0
1972.7691850662231,7476,6760,11876,-97,-80,132,6632,-9600,10240,-255,147,-183,-12812,5096,6916,-1008,49,-97,-12824,-5820,7812,-490,205,-139,0
1972.8026449680328,7640,6980,11868,-177,-91,108,6836,-9632,10624,-24,115,-237,-12820,5000,6740,-1018,127,-121,-13280,-5784,7736,-404,206,-166,0
1972.8362209796908,7256,6800,11932,-119,-156,24,6664,-9652,10508,-24,177,-301,-12868,5012,6808,-1004,52,-192,-12932,-5788,7932,-418,243,-206,0
1972.8699481487274,7212,6836,11896,-147,-168,18,6476,-9612,10464,3,167,-320,-12664,5072,6788,-980,110,-192,-12864,-5712,7872,-468,274,-106,0
1972.9034590721133,7208,6880,11924,-126,-287,133,6384,-9492,10296,-93,47,-311,-12564,5280,6804,-1014,199,-192,-12884,-5572,7968,-464,256,42,0
1972.937080144882,7144,6772,11868,-79,-247,2,6620,-9476,10508,-73,-95,-295,-12752,5252,6672,-1031,370,-117,-12872,-5696,8184,-434,308,135,0
1972.9705350399015,7368,6780,11964,-206,-201,326,6620,-9792,10404,-74,-126,-259,-12820,5300,6704,-772,415,-87,-12896,-5668,7984,-489,230,69,0
1973.0037479400635,7320,6520,11884,-44,-211,306,6424,-9496,10316,-63,-87,-247,-12904,5236,6844,-1031,333,-187,-13116,-5772,8020,-485,184,4,0
1973.0373480319977,7428,6808,12108,-146,-159,193,6720,-9700,10380,-67,1,-231,-13028,4976,7180,-983,225,-167,-13200,-5800,8044,-458,151,-65,0
1973.0709640979767,7540,6900,11980,-191,-160,128,6836,-9708,10256,-48,119,-211,-12996,5100,6680,-993,108,-150,-12992,-5688,7640,-599,223,-155,0
1973.1047830581663,7172,6660,11820,-176,-155,132,6908,-9576,10388,28,174,-163,-12932,5100,6872,-1085,82,-132,-12972,-5732,7812,-551,187,-182,0
1973.138008117676,7380,6812,11740,-33,-83,110,6528,-9548,10304,69,143,-165,-12764,5300,6832,-1103,94,-129,-13024,-5624,7736,-562,167,-155,0
1973.174695968628,7360,6832,11728,-3,-57,99,6688,-9676,10432,33,78,-192,-12856,5048,6760,-1072,137,-129,-13300,-5708,7812,-529,201,-108,0
1973.210736036301,7448,6828,12048,-62,-100,152,6648,-9604,10416,19,54,-243,-12852,5008,6748,-1041,193,-83,-13312,-5648,7844,-522,181,-79,0
1973.2470989227295,7328,6876,11932,-85,-141,190,6696,-9652,10288,12,71,-234,-12912,5008,7096,-1078,203,-129,-13004,-5660,7840,-543,240,-73,0
1973.2824370861053,7456,6912,11884,-71,-229,210,6544,-9616,10384,70,0,-209,-12792,5028,6840,-1091,191,-194,-13172,-5828,8112,-548,240,-48,0
1973.317601919174,7544,7032,11912,-135,-150,189,6660,-9456,10636,-26,64,-192,-12932,4940,7000,-1071,176,-95,-13040,-5840,7692,-564,176,-72,0
1973.3530900478363,7480,7164,11892,-75,-132,206,6684,-9512,10612,-36,46,-179,-12836,4924,6792,-1022,212,-127,-12812,-5688,7740,-534,178,-88,0
1973.3887169361115,7416,6904,11916,-116,-142,137,6796,-9496,10484,14,29,-245,-13004,4924,6756,-1023,145,-136,-12808,-5776,7616,-488,213,-131,0
1973.4242451190948,7456,6808,11716,-137,-139,58,6780,-9284,10664,14,186,-238,-12812,4936,6744,-1279,41,-117,-13072,-5452,7736,-472,154,-176,0
1973.4595339298248,7528,6872,11888,-214,-121,70,6844,-9644,10432,20,187,-208,-12844,5216,6892,-1026,34,-38,-12992,-5652,7800,-495,219,-125,0
1973.4950640201569,7320,6892,11928,-240,-162,147,6528,-9652,10492,16,156,-179,-12608,5188,6420,-1042,213,-118,-12892,-5684,7948,-504,227,252,0
1973.5311510562897,7340,7148,11992,-139,-100,232,6580,-9576,10440,-62,-23,-184,-12676,4972,6740,-1026,298,-144,-13012,-5680,8056,-527,231,51,0
1973.5661890506744,7472,6824,11972,-94,-132,0,6832,-9600,10380,-73,-97,-225,-12940,5100,6708,-1038,305,-62,-13264,-5648,7824,-526,167,-27,0
1973.6023969650269,7492,6712,11692,-79,-101,205,6912,-9580,10104,-12,67,-216,-13028,5004,6740,-1075,144,-133,-13228,-5476,7796,-499,112,-143,0
1973.6378669738772,7596,6760,11744,-115,-80,65,6928,-9580,10460,-48,200,-160,-12984,5028,6648,-1046,-28,-53,-13168,-5436,7820,-492,66,-219,0
1973.6731989383695,7536,6848,11908,-148,-3,-11,6852,-9572,10444,-101,285,-136,-13008,4996,6820,-972,-97,-21,-13092,-5724,7872,-440,5,-286,0
1973.7091901302335,7464,6660,12008,-199,79,-50,6784,-9484,10264,-58,292,-116,-12848,4948,6748,-939,-38,14,-13100,-5620,7740,-424,47,-197,0
1973.7442820072174,7352,6828,11924,-181,90,36,6692,-9592,10468,-30,205,-153,-12640,5076,6808,-1049,117,-65,-12936,-5584,7796,-418,176,-99,0
1973.7797169685364,7200,6800,11796,-135,-38,116,6532,-9648,10328,-251,52,-225,-12768,4944,6696,-1049,178,-137,-12868,-5708,7816,-476,247,-56,0
1973.8159189224243,7360,6864,11924,-90,-129,154,6716,-9560,10420,-11,57,-229,-12976,5096,6852,-770,178,-172,-13132,-5760,7856,-500,235,-94,0
1973.8493521213531,7496,6972,11888,-113,-106,148,6744,-9512,10580,-23,71,-176,-12604,5008,6820,-997,129,-93,-13284,-5648,7756,-494,182,-68,0
1973.882795095444,7384,6868,11828,-131,-48,182,6520,-9636,10528,11,67,-166,-12948,5056,6932,-1046,178,-35,-13268,-5812,7804,-514,132,-42,0
1973.9163970947268,7396,7004,11892,-106,-77,195,6708,-9608,10540,-20,51,-167,-12972,4940,6676,-1047,173,-71,-12920,-5876,7880,-501,131,-57,0
1973.9499311447144,7344,6940,11908,-114,-42,174,6780,-9592,10304,-35,83,-161,-12916,4992,6780,-1277,156,-97,-13184,-5764,7868,-523,105,-92,0
1973.9834630489347,7460,6960,11940,-149,-92,136,6768,-9552,10540,-49,146,-175,-12920,4984,6996,-979,91,-122,-13052,-5748,7844,-482,144,-97,0
1974.0171279907229,7412,6820,11792,-216,-168,105,6756,-9680,10472,-34,147,-229,-12908,5096,6924,-978,98,-160,-13092,-5672,7700,-474,247,-108,0
1974.0506319999695,7420,6872,11972,-177,-204,87,6768,-9600,10480,-60,122,-249,-12972,4984,6720,-972,96,-119,-13060,-5388,7592,-512,239,-73,0
1974.0842490196228,7432,6764,11908,-200,-226,111,6412,-9648,10040,-20,109,-268,-12884,5040,6648,-1280,161,-150,-12984,-5544,7836,-469,505,-54,0
1974.1180250644684,7480,6736,11952,-195,-198,180,6880,-9692,10456,-20,36,-234,-12812,5048,6676,-1045,187,-160,-13048,-5448,7980,-268,508,-41,0
1974.151400089264,7416,6764,11984,-175,-226,221,6716,-9672,10420,18,-1,-212,-12852,5296,6804,-1064,247,-189,-13016,-5600,7812,-516,241,-13,0
1974.18493103981,7576,6764,11956,-162,-216,249,6792,-9588,10364,9,38,-218,-12924,5072,6948,-1074,232,-179,-13104,-5608,7600,-535,225,-61,0
1974.218500137329,7544,6756,11936,-194,-185,237,6876,-9588,10472,39,54,-173,-12964,4932,6880,-1047,207,-138,-13104,-5644,7696,-526,192,-60,0
1974.2521090507507,7540,6880,11784,-163,-218,198,6812,-9644,10736,28,91,-196,-13012,4972,6800,-1112,172,-103,-13080,-5832,7840,-546,173,-74,0
1974.285620927811,7676,6812,11548,-212,-218,179,6684,-9280,10268,57,128,-215,-13088,4900,6972,-1056,138,-132,-13080,-5856,7844,-763,152,-105,0
1974.3193609714508,7460,7148,11972,-164,-146,132,6820,-9252,10516,248,138,-205,-12964,4840,6824,-985,126,-159,-13056,-5764,7668,-479,176,-106,0
1974.3529551029203,7524,6692,11776,-201,-10,111,6744,-9436,10364,-29,139,-243,-12896,4896,6776,-936,154,-199,-13100,-5784,7780,-462,234,-80,0
1974.3867161273956,7536,6892,11732,-258,-255,131,6744,-9680,10324,-32,105,-293,-12804,5032,6756,-989,177,-195,-13268,-5720,7932,-412,258,-63,0
1974.4203269481657,7584,6928,11724,-241,-225,153,6592,-9468,10672,-35,79,-294,-12884,4960,6688,-970,192,-130,-13040,-5388,7852,-391,238,-33,0
1974.45383310318,7564,6836,11848,-282,-226,158,6768,-9600,10348,-43,59,-285,-12904,5004,6804,-1006,230,-150,-13068,-5672,7840,-412,265,-32,0
1974.4875299930573,7260,6728,12008,-265,-278,136,6812,-9640,10248,-28,84,-300,-12940,4948,6788,-1004,167,-191,-12980,-5556,7656,-469,7,-72,0
1974.5209970474243,7476,6740,11836,-150,-239,157,6844,-9676,10360,-50,76,-292,-12992,4948,6736,-997,170,-187,-13084,-5572,7656,-468,213,-72,0
1974.5544829368591,7628,6788,11524,-173,-232,145,6864,-9640,10272,-21,89,-296,-12876,5052,6704,-978,167,-190,-13076,-5616,7508,-445,243,-39,0
1974.5881659984589,7572,6836,11940,-145,-176,105,6832,-9508,10396,-73,80,-282,-12960,4896,6740,-1001,186,-148,-13256,-5840,7572,-426,194,-73,0
1974.621792078018,7584,6800,11936,-212,-183,121,6992,-9520,10220,-62,119,-5,-12916,4948,6572,-980,152,-101,-13192,-5464,7720,-416,166,-128,0
1974.6550691127775,7768,6756,11712,-220,-105,105,6852,-9604,10556,-34,142,-210,-13036,4876,6876,-997,121,-119,-13204,-5544,7592,-470,144,-99,0
1974.6885521411891,7604,6752,12012,-171,-57,106,6840,-9548,10372,-43,132,-184,-12920,4876,6900,-987,94,-101,-13080,-5640,7584,-470,120,-150,0
1974.7221190929413,7588,6680,11896,-186,-38,123,6836,-9364,10360,-4,143,-195,-12980,5024,6780,-974,80,-119,-12956,-5888,7476,-445,167,-121,0
1974.7556340694427,7636,6796,11820,-207,-76,100,7096,-9584,10500,-8,152,-218,-12952,4888,6792,-1012,77,-108,-13028,-5632,7908,-455,174,-113,0
1974.7890870571136,7616,6804,11804,-205,-122,63,6888,-9704,10744,-35,161,-234,-13024,4940,6764,-982,120,-103,-13100,-5652,7812,-443,183,-124,0
1974.8223209381104,7580,6828,11580,-171,-63,86,6804,-9596,10536,-33,114,-251,-12944,4696,6800,-1000,130,-99,-13124,-5696,7812,-453,166,-137,0
1974.8602020740507,7512,6792,11808,-153,-129,105,6880,-9492,10384,-54,102,-238,-12852,4896,6668,-966,72,-111,-13056,-5592,7520,-475,194,-111,0
1974.895653009415,7484,6804,11704,-174,-128,104,6816,-9492,10460,-40,122,-508,-12880,4884,6692,-965,114,-80,-13100,-5420,7568,-469,213,-137,0
1974.930915117264,7556,6864,11784,-198,-87,96,6744,-9544,10704,-52,137,-211,-12940,4824,6728,-986,165,-104,-13116,-5600,7664,-466,170,-129,0
1974.9660899639132,7892,6800,11788,-175,-86,121,6816,-9296,10384,-42,116,-188,-13024,5032,6540,-990,107,-28,-13164,-5532,7808,-499,150,-94,0
1975.0014901161194,7576,6724,11792,-152,-56,108,6776,-9620,10488,-20,128,-172,-13064,5032,6708,-1044,61,-50,-13224,-5612,7620,-538,135,-135,0
1975.037605047226,7424,6768,11960,-92,29,131,6820,-9584,10400,11,128,-118,-12884,4920,6836,-1018,64,-13,-13228,-5564,7716,-538,98,-102,0
1975.072407960892,7860,6776,11996,-101,27,131,6916,-9632,10400,249,154,-89,-13244,4992,6852,-1034,62,-35,-13172,-5560,7684,-579,120,-113,0
1975.1076941490173,7716,6712,11988,-114,26,139,6936,-9556,10320,12,154,-77,-12924,5092,6688,-1021,60,248,-13152,-5540,7756,-525,77,-129,0
1975.1439650058749,7608,6740,11880,-78,13,156,6824,-9528,10432,-12,111,-68,-12992,4956,6600,-1062,77,-14,-13136,-5740,7788,-493,73,-101,0
1975.180298089981,7396,6828,11844,-170,20,174,6756,-9516,10432,-44,119,-117,-13012,4872,6696,-1007,121,-54,-13300,-5680,7584,-497,66,-103,0
1975.2156541347504,7516,6832,11840,-205,-46,139,6748,-9548,10620,-104,139,-159,-12960,4900,6672,-937,119,-44,-13028,-5432,7636,-477,132,-114,0
1975.2510330677032,7504,6820,11792,-106,-86,129,6808,-9560,10436,-71,93,-215,-12908,5048,6896,-999,116,-115,-13096,-5732,7568,-462,211,-111,0
1975.2859580516813,7580,6852,11800,-170,-93,121,6740,-9492,10272,248,137,-228,-12960,4864,6752,-1049,107,-101,-13060,-5668,7696,-443,221,-132,0
1975.3217110633852,7480,6644,11828,-166,-135,98,6952,-9552,10332,-23,131,-270,-12992,5012,6840,-1000,40,-175,-13204,-5580,7708,-485,191,-159,0
1975.3577690124512,7652,6736,11744,-166,-76,76,6824,-9604,10356,26,195,-192,-13044,4968,6632,-1266,77,-83,-13148,-5404,7704,-512,127,-150,0
1975.3929779529572,7624,6752,11672,-138,-9,98,6832,-9580,10464,-8,122,-122,-12916,4916,6820,-1041,84,-65,-13164,-5456,7596,-543,152,-71,0
1975.4281380176544,7544,6772,11824,-136,-27,157,6760,-9528,10676,-6,92,-119,-12968,4920,6584,-772,137,229,-13112,-5540,7656,-504,101,-60,0
1975.4638431072235,7500,6820,11572,-168,-29,207,6832,-9460,10404,-52,86,-132,-12996,4856,6660,-1017,166,-13,-13132,-5668,7780,-475,93,-66,0
1975.4991650581364,7548,6736,11940,-180,-43,160,6788,-9480,10376,-63,107,-167,-13080,4904,6684,-1005,126,-11,-13180,-5672,7512,-469,111,-90,0
1975.5326621532445,7592,6776,12004,-181,-41,111,6852,-9492,10520,-44,130,-143,-12828,4952,6928,-985,67,-56,-13140,-5604,7804,-462,131,-79,0
1975.5658719539645,7572,6756,11756,-197,-25,106,6752,-9628,10396,-27,118,-144,-12880,4952,6888,-1031,64,-45,-12980,-5632,7768,-761,129,-95,0
1975.599403142929,7704,6712,11976,-126,-3,128,6796,-9564,10364,-24,131,-140,-13016,4964,6744,-1017,38,-13,-13236,-5552,7784,-535,80,-89,0
1975.6328160762787,7504,6740,11956,-158,-28,154,6840,-9584,10412,-34,107,-152,-13000,4632,6656,-1000,119,-57,-13048,-5696,7716,-429,110,-61,0
1975.666054964065,7620,6804,11860,-236,-42,165,6748,-9648,10436,-91,70,-151,-12916,4856,6640,-974,172,-42,-13164,-5580,7656,-445,129,-255,0
1975.6995959281924,7612,6744,11832,-512,-99,181,6812,-9604,10476,-129,64,-164,-13036,4964,6808,-968,181,-20,-13092,-5656,7472,-477,115,-46,0
1975.7331581115725,7520,6732,11956,-3,-102,185,6756,-9508,10540,-78,77,-164,-12932,4988,6732,-977,167,-29,-12876,-5556,7860,-478,140,-28,0
1975.7668161392212,7588,6756,11532,-174,-50,161,6884,-9728,10448,-84,50,-163,-13000,4776,6744,-980,162,-36,-13132,-5728,7440,-428,118,-38,0
1975.8000719547272,7596,6888,11960,-198,-103,106,6816,-9456,10472,-96,112,-216,-13276,4780,6720,-958,72,-102,-13172,-5668,7840,-418,180,-81,0
1975.8336470127108,7568,6724,11620,-284,-57,79,6836,-9512,10464,-93,149,-241,-12844,4928,6732,-939,76,-80,-13252,-5552,7744,-403,183,-80,0
1975.867028951645,7696,6864,11892,-252,-64,69,6896,-9620,10388,-105,132,-223,-12984,4964,6760,-920,72,-43,-13208,-5652,7800,-382,169,-53,0
1975.900319099426,7564,6756,11828,-503,-107,87,6776,-9600,10512,-109,98,-219,-12868,4664,6660,-880,64,-29,-13112,-5632,7892,-340,86,-89,0
1975.9338400363924,7416,6700,12092,-302,-33,37,6832,-9620,10560,-166,138,-207,-12944,5344,6768,-883,62,-50,-13140,-5432,7844,-391,100,-61,0
1975.9674789905548,7636,6732,11840,-316,-34,118,6808,-9768,10500,-148,108,-186,-12900,5140,6720,-950,99,-27,-12852,-5476,7864,-423,106,250,0
1976.0009069442747,7548,6648,12152,-222,-76,173,6832,-9476,10376,-119,52,-162,-12784,5060,6680,-1001,210,-46,-13192,-5180,7896,-455,169,6,0
1976.034420013428,7452,6704,11908,-212,-113,220,6864,-9732,10452,-68,9,-172,-12880,5112,6856,-1001,192,-28,-13284,-5460,7840,-485,179,-6,0
1976.0675499439244,7532,6688,11940,-221,-149,182,6876,-9940,10144,-80,74,-175,-12972,5072,6784,-943,105,-55,-13232,-5556,7832,-512,153,-67,0
1976.1009480953217,7656,6684,11892,-196,-28,146,6984,-9596,10288,-62,155,-110,-13016,5108,6736,-977,103,-42,-13224,-5592,7852,-499,66,-129,0
1976.1343369483948,7660,6656,11760,-181,37,111,6920,-9668,10304,-49,187,-74,-12948,5104,6840,-983,11,35,-13184,-5408,7728,-532,55,-172,0
1976.167990922928,7580,6552,11720,-97,60,121,6760,-9600,10328,26,224,-68,-12900,5052,6644,-1043,-23,-17,-13028,-5520,7932,-572,85,-196,0
1976.2014069557188,7560,6684,11924,-57,-11,75,6780,-9680,10276,81,211,-131,-12844,4860,6784,-1043,-30,-127,-12880,-5384,7644,-547,167,-232,0
1976.2348721027374,7452,6728,11900,-92,-43,37,6732,-9512,10544,6,237,-196,-12884,4924,6740,-1003,-6,-180,-12828,-5592,7652,-528,197,-174,0
1976.2683970928192,7736,6848,11780,-160,-120,81,6884,-9544,10540,12,168,-198,-12916,4976,6860,-995,81,-150,-13068,-5552,7732,-518,202,-142,0
1976.3018159866333,7596,6688,11816,-15,-174,112,6840,-9572,10404,4,109,-230,-13000,5044,6696,-1068,172,-185,-13088,-5548,7540,-572,238,-137,0
1976.3355159759524,7628,6596,11824,64,-232,157,6768,-9680,10388,103,41,-230,-13032,4948,6416,-1145,135,-278,-12824,-5420,7568,-680,308,-214,0
1976.3691530227659,7664,6556,11596,172,-220,115,6836,-9636,10332,216,154,-219,-13020,5060,6636,-1187,63,-331,-13320,-5560,7732,-688,298,-288,0
1976.4024651050568,7668,6800,11804,109,-115,60,6976,-9240,10444,175,241,-175,-12988,4796,6784,-1135,-15,-234,-13300,-5792,7664,-602,192,-303,0
1976.435965061188,7456,6968,11876,-45,-60,-12,7120,-9532,10748,72,308,-179,-13028,5080,6736,-981,-31,-126,-13260,-5704,7424,-523,83,-283,0
1976.4695260524747,7620,6896,11596,-153,-92,-41,6816,-9580,10380,3,299,-251,-13040,5104,7136,-981,-44,-116,-13160,-5688,7688,-432,134,-254,0
1976.5028190612793,7556,6892,11764,-172,-108,-20,6712,-9508,10564,-32,219,-264,-12804,4960,6752,-979,47,-104,-12980,-5632,7672,-423,117,-122,0
1976.540682077408,7492,6852,11900,-127,-146,77,6608,-9584,10380,-144,103,-214,-12776,5048,6672,-977,97,-122,-13120,-5584,7700,-451,152,-45,0
1976.576095104217,7244,6848,11792,-165,-74,166,6660,-9592,10292,-85,-256,-196,-12856,5188,6720,-1005,195,-99,-13076,-5292,7760,-526,149,-46,0
1976.6116650104525,7664,6728,12012,-107,255,199,6884,-9628,10276,-248,43,-148,-12940,5108,6740,-1106,190,-92,-13172,-5460,7708,-555,138,-129,0
1976.6476521492004,7664,6728,11796,3,57,176,6928,-9604,10408,80,97,-90,-12828,4916,6408,-1119,67,-92,-13336,-5608,7708,-624,75,-235,0
1976.6849091053007,7596,6840,11792,-17,91,83,6712,-9564,10408,91,237,-70,-13068,4944,7100,-1057,-57,-77,-13300,-5772,7616,-629,12,-302,0
1976.720153093338,7620,7100,11940,-43,117,246,6812,-9452,10608,3,281,-94,-13012,4804,6700,-987,-89,-34,-13212,-5824,7612,-573,74,-284,0
1976.7555050849915,7564,6988,11956,-81,14,-31,6780,-9416,10520,-34,325,-172,-12816,4780,6880,-953,-11,-82,-13112,-5584,7612,-458,73,-229,0
1976.7907760143285,7420,6940,11700,-101,27,-37,6412,-9384,10268,-53,186,-199,-12804,4884,6948,-967,43,-51,-13024,-5872,7912,-416,143,-141,0
1976.8271050453188,7208,6664,11888,-194,-90,33,6700,-9504,10572,-118,150,-227,-12800,4964,6732,-922,88,-29,-13100,-5664,7804,-376,172,-71,0
1976.8622529506683,7420,6808,11820,-286,-49,116,6704,-9488,10480,-140,111,-217,-12880,5068,6864,-901,186,-41,-13176,-5528,7844,-381,158,26,0
1976.8982551097868,7576,6776,11940,-245,-42,147,6808,-9664,10508,-101,37,-201,-12956,5084,6700,-999,185,-10,-13128,-5548,7928,-439,136,-35,0
1976.9333839416504,7552,6768,11756,-200,-27,192,6888,-9576,10300,-60,57,-164,-12952,4884,6860,-1054,197,-52,-13152,-5616,7792,-464,122,-61,0
1976.9691560268404,7484,6988,11836,-155,-24,158,6908,-9764,10364,-73,85,-135,-12932,5020,6880,-993,136,-8,-13088,-5640,7720,-510,81,-114,0
1977.0041151046753,7196,6812,11772,-165,7,134,6824,-9676,10480,-40,131,-141,-13000,4968,6756,-974,105,-54,-13000,-5636,7680,-499,88,-139,0
1977.03995013237,7460,6852,11800,-103,7,92,6900,-9532,10416,5,146,-166,-12928,4896,6720,-1039,62,-57,-13072,-5848,7720,-496,108,-159,0
1977.0747950077057,7408,6900,11920,-159,18,55,6800,-9648,10380,-41,143,-165,-12568,5084,6820,-1007,63,-59,-13292,-5392,7728,-763,132,-152,0
1977.1101939678192,7436,6784,11912,-144,3,100,6720,-9700,10288,-31,125,-173,-12980,4924,6840,-995,68,-66,-13112,-5572,7848,-529,173,-125,0
1977.1455130577087,7592,6844,11760,-130,-86,79,6664,-9664,10464,2,120,-206,-12904,4992,6756,-1000,91,-128,-13272,-5560,7768,-500,232,-124,0
1977.1821689605713,7360,6768,11884,-160,-103,101,6820,-9620,10712,9,146,-239,-12932,5016,6768,-967,114,-103,-13104,-5636,7732,-481,239,-115,0
1977.2156629562376,7504,6856,11960,-151,-74,109,6736,-9508,10488,248,117,-214,-12876,5008,6748,-984,141,-138,-13228,-5520,7764,-482,185,-131,0
1977.2492399215696,7500,6424,11940,-163,-74,126,6892,-9628,10364,11,160,-183,-12960,5020,6820,-1016,51,-164,-13160,-5668,7796,-514,234,-140,0
1977.2828829288485,7256,6660,11700,-211,-96,134,6732,-9636,10468,99,135,-160,-12984,4900,6804,-1089,92,-153,-13132,-5712,7820,-490,206,-87,0
1977.316477060318,7532,6968,12020,-146,-140,147,6828,-9508,10464,-252,117,-219,-12816,4952,6972,-1079,135,-164,-13228,-5744,7556,-462,185,-71,0
1977.3560190200803,7516,6872,11984,-223,-158,163,6780,-9544,10368,25,62,-239,-12952,4948,6836,-1045,161,-142,-13148,-5660,7760,-257,213,-58,0
1977.3901369571684,7296,6832,11540,-186,-172,191,6756,-9408,10572,-4,54,-219,-12844,4864,6796,-1054,163,-97,-13156,-5708,7752,-489,170,-43,0
1977.423717021942,7500,6904,11656,-216,-160,180,6752,-9476,10520,-21,62,-187,-12828,4848,6688,-1018,184,-66,-13040,-5676,7912,-446,126,-64,0
1977.4573991298676,7476,6920,11904,-260,-98,152,6768,-9452,10412,-55,151,-173,-12964,4956,6952,-990,167,-50,-12972,-5432,7928,-459,87,-85,0
1977.4909589290617,7352,6912,11916,-286,-151,146,6716,-9652,10720,-53,144,-183,-12948,4904,6708,-954,117,-107,-13096,-5700,7872,-465,163,-82,0
1977.524465084076,7484,6812,11796,-200,-190,141,6756,-9424,10532,-38,97,-258,-12608,4924,6692,-1038,204,-158,-13008,-5644,7732,-477,244,-67,0
1977.5581409931183,7484,6768,11676,-181,-227,174,6812,-9480,10280,-50,58,-305,-12928,4860,6680,-1039,217,-200,-13180,-5660,7644,-434,270,-28,0
1977.5918760299685,7632,6756,11900,-185,-288,155,6804,-9512,10092,-45,44,-313,-12968,4912,6648,-1024,231,-205,-13188,-5576,7712,-433,284,-42,0
1977.625517129898,7624,6748,11764,-246,-226,150,6956,-9568,10432,-26,69,-301,-12984,4936,6840,-1005,230,-135,-13188,-5556,7668,-463,255,-32,0
1977.659029006958,7680,6716,11952,-246,-223,170,6840,-9680,10320,-3,36,-269,-13040,5020,6788,-1039,200,-144,-13108,-5512,7732,-462,10,-44,0
1977.6923599243164,7672,6500,11740,-229,-240,202,6988,-9584,10620,-24,56,-237,-12928,4916,6748,-1038,148,-121,-13244,-5584,7764,-503,199,-55,0
1977.7260270118713,7580,6720,11960,-223,-172,193,6840,-9580,10336,-41,53,-193,-12828,4940,6828,-1008,160,-113,-13236,-5680,7720,-504,134,-87,0
1977.7595620155334,7616,6724,11776,-201,-127,170,6916,-9528,10484,-56,148,-147,-12812,5040,6624,-1033,52,-77,-13108,-5620,7852,-574,105,-157,0
1977.7930109500883,7632,6760,11908,-137,-84,155,6904,-9640,10332,33,128,-115,-12888,4856,6752,-1055,86,-42,-13076,-5660,7764,-522,137,-115,0
1977.82665514946,7400,6800,11684,-107,-20,127,6740,-9532,10336,19,125,-183,-12912,5068,6820,-1001,128,-108,-13040,-5548,7440,-493,118,-137,0
1977.8602540493011,7648,6800,11960,-113,-62,78,6672,-9520,10500,255,189,-198,-12988,4872,6668,-1034,84,-62,-13136,-5496,7472,-560,121,-207,0
1977.8937640190125,7540,6752,11612,-156,-16,51,6836,-9508,10276,5,185,-167,-12884,4832,6740,-989,-16,-86,-13180,-5632,7848,-429,111,-125,0
1977.9274580478668,7816,6816,11664,-151,7,70,6844,-9556,10424,-27,225,-139,-12992,4872,6784,-1022,81,-22,-13104,-5600,7524,-487,110,-145,0
1977.9609460830688,7692,6792,11904,-166,42,109,6824,-9524,10316,18,154,-145,-12900,4932,6812,-1076,59,-47,-13140,-5452,7644,-491,199,-152,0
1977.9942579269407,7464,6804,12012,-142,8,81,6936,-9408,10324,-32,157,-171,-12952,4828,6752,-1048,51,-110,-13196,-5636,7752,-480,163,-168,0
1978.0279181003573,7588,6668,11540,-173,-27,82,6668,-9580,10376,-36,164,-173,-13124,4640,6824,-1050,45,-101,-13236,-5592,7836,-506,142,-162,0
1978.0615611076355,7600,6844,11928,-130,-53,72,6848,-9556,10492,-41,159,-178,-13008,4884,6860,-1042,61,-143,-13080,-5720,7724,-486,165,-156,0
1978.0948729515076,7464,6796,11792,-113,-46,70,6832,-9612,10264,-31,180,-167,-12968,4924,6888,-1036,46,-72,-13172,-5628,7676,-504,109,-148,0
1978.128497123718,7584,6792,11856,-149,-15,92,6888,-9252,10380,-45,168,-150,-12996,4940,6860,-1061,59,-27,-13100,-5600,7608,-500,88,-169,0
1978.1616981029513,7472,6852,11548,-120,4,95,6752,-9428,10564,-54,172,-147,-12872,4976,6736,-1025,97,-48,-13208,-5624,7896,-448,93,-120,0
1978.1976511478424,7488,6792,12028,-180,31,94,6804,-9520,10384,-80,142,-127,-12996,4904,6772,-971,76,15,-13068,-5864,7808,-465,94,-112,0
1978.2337040901184,7504,6872,11612,-155,17,105,6756,-9648,10524,-95,106,-172,-13012,4952,6852,-989,108,-68,-13156,-5572,7644,-473,107,-127,0
1978.2696180343628,7480,6768,11964,-145,-12,110,6832,-9492,10428,-54,127,-168,-12900,4988,6736,-977,92,-58,-13112,-5600,7844,-493,128,-146,0
1978.3049230575564,7576,6724,11876,-115,-12,102,6752,-9556,10380,-29,128,-182,-12996,4804,6788,-973,93,-49,-12884,-5652,7684,-472,125,-126,0
1978.3403909206393,7564,6768,11916,-103,-8,77,6896,-9612,10268,-31,161,-184,-12960,4880,6776,-1006,56,-56,-13152,-5644,7788,-479,101,-144,0
1978.3757791519163,7496,6772,11800,-138,24,93,6824,-9516,10404,-23,159,-159,-12996,4832,6848,-944,59,-36,-13212,-5828,7784,-485,114,-144,0
1978.411172151565,7452,6896,11832,-147,5,76,6764,-9476,10448,-47,167,-163,-13000,5012,6756,-974,39,-87,-13020,-5856,7748,-463,94,-138,0
1978.44619512558,7508,6744,11868,-143,-20,80,6748,-9468,10380,-74,185,-146,-12900,4692,6796,-1001,70,-73,-13160,-5740,7660,-483,113,-156,0
1978.4823091030123,7432,6888,11856,-145,-255,101,6852,-9496,10428,-39,165,-167,-12956,5040,6872,-1274,78,-84,-13072,-5628,7764,-479,121,-129,0
1978.5175149440763,7456,6872,11928,-141,-32,91,6792,-9572,10240,-49,113,-172,-13020,4948,6756,-970,86,-54,-13084,-5856,7780,-483,121,-120,0
1978.5531370639803,7524,6868,11936,-129,-37,107,6784,-9552,10404,-55,122,-164,-12944,4932,6812,-983,89,-106,-12820,-5880,7544,-510,115,-132,0
1978.5882351398468,7552,6824,11852,-140,253,106,6880,-9524,10480,-28,150,-156,-12888,4976,6680,-997,51,-65,-13068,-5568,7540,-496,134,-179,0
1978.6239910125732,7468,6840,11620,-144,-40,94,6776,-9564,10448,27,138,-166,-13036,4940,6680,-1280,105,-140,-13108,-5396,7748,-569,146,-117,0
1978.6593101024628,7424,6736,11884,-113,-78,130,6788,-9624,10372,39,145,-177,-12952,4888,6796,-1033,110,-95,-13180,-5616,7740,-607,183,-144,0
1978.694442987442,7588,6764,11808,-113,-78,157,6868,-9480,10520,42,159,-165,-13252,5036,6740,-786,42,-137,-13232,-5380,7808,-572,134,-173,0
1978.7297320365908,7548,6824,11976,-188,-40,116,6860,-9632,10624,-7,217,-97,-13048,5076,6784,-1059,39,-44,-13280,-5760,7852,-575,86,-164,0
1978.7651190757751,7476,6720,12056,-152,-11,142,6832,-9596,10628,78,261,0,-13132,4984,7148,-1058,-12,18,-13276,-5636,7868,-680,-55,-213,0
1978.8004240989683,7496,6804,11992,-39,59,126,6728,-9612,10276,30,291,69,-12816,5000,6804,-1059,-73,43,-13100,-5428,7828,-740,-17,-273,0
1978.835525035858,7664,6768,11844,-31,109,95,6724,-9600,10376,116,273,41,-12732,4892,6860,-1101,-80,-9,-12876,-5680,7788,-587,-57,-2,0
1978.8713619709015,7404,6876,11916,-40,52,71,6624,-9500,10400,92,214,-58,-12688,4940,6964,-1047,-44,-101,-13000,-5800,7728,-572,-15,-174,0
1978.9047770500183,7392,7124,11768,-82,-5,99,6540,-9400,10268,48,202,-72,-12928,4684,6968,-1062,-12,241,-13068,-5808,7880,-599,-55,-224,0
1978.938288927078,7456,7076,11924,-103,39,73,6704,-9596,10580,5,272,-67,-12948,4676,6948,-998,-10,-5,-13036,-5772,7600,-577,26,-197,0
1978.971837043762,7204,6972,12020,-119,-29,75,6796,-9560,10648,-36,252,-150,-12992,4868,6868,-1054,35,-68,-12996,-5808,7724,-528,84,-184,0
1979.005347967148,7348,6704,11824,-116,-113,97,6448,-9544,10540,51,222,-171,-12856,4868,6900,-1072,253,-114,-13092,-5828,7640,-548,194,-180,0
1979.0389220714567,7524,6996,11840,-107,-129,47,6808,-9260,10552,11,222,-165,-12928,4864,6816,-1057,-63,-87,-13184,-5696,7644,-626,114,-183,0
1979.0724389553068,7624,6976,11928,-98,-62,104,6736,-9532,10468,22,236,-75,-12872,4952,6896,-1096,-47,38,-12812,-5536,7972,-648,-41,-177,0
1979.1061699390411,7360,6772,11868,-34,65,113,6632,-9576,10476,77,152,-40,-12776,5020,6948,-1037,-113,36,-13024,-5688,7872,-563,-66,-180,0
1979.1394591331484,7312,6848,11844,-53,94,96,6536,-9540,10460,64,155,-76,-12664,4880,7120,-1093,-47,-63,-12876,-5728,7700,-588,94,-76,0
1979.1729750633244,7288,6988,11836,-72,-52,213,6504,-9588,10520,-18,73,-97,-12624,4988,6992,-1093,56,-112,-12916,-5780,7920,-629,89,-27,0
1979.2066459655764,7316,6884,12008,-32,-120,510,6644,-9596,10544,-46,-35,-129,-12732,5052,6776,-1084,160,-83,-12924,-5704,7868,-664,101,5,0
1979.2402040958405,7212,6804,12024,23,-135,261,6740,-9628,10396,-54,-19,-154,-12920,5052,6852,-1126,177,-76,-13036,-5672,7840,-592,98,-50,0
1979.273729085922,7496,6908,11824,67,-152,226,6712,-9600,10328,-4,72,-110,-12712,4988,6856,-1106,103,-39,-13104,-5680,7700,-629,80,-104,0
1979.3074340820312,7492,6768,11656,37,252,189,6692,-9560,10484,38,130,-70,-12968,4916,6840,-1128,79,-256,-13136,-5824,7772,-640,-32,-183,0
1979.3411099910732,7452,6864,11672,8,55,19,6956,-9720,10412,51,274,-142,-13024,4576,6908,-972,253,-110,-13096,-5876,7744,-386,-256,-346,0
1979.3747220039368,7444,7104,11780,-122,45,-170,6656,-9232,10704,-87,394,-225,-12952,4824,7044,-804,-113,-90,-13104,-5772,7464,-408,14,-325,0
1979.4082801342013,7700,7100,11624,-161,-18,-38,6656,-9380,10444,-181,363,-69,-12564,4876,6800,-917,-42,122,-13192,-5552,7736,-720,-62,-235,0
1979.4416189193723,7700,6760,11512,-123,141,109,6900,-9564,10252,-75,383,128,-13024,5044,6696,-1022,75,246,-13140,-5784,7908,-611,-309,-443,0
1979.4752111434937,7444,6740,11656,-42,444,-19,6836,-9588,10480,133,421,112,-12756,4860,7016,-789,-190,156,-12692,-6088,7760,-493,-278,-503,0
1979.5086350440977,7020,7096,11876,-148,258,-141,5944,-9540,10712,66,404,-94,-12536,4732,6936,-866,-318,-193,-12368,-6004,7664,-606,246,-275,0
1979.5420989990234,6840,7164,11564,-41,-236,-27,6224,-9304,10744,-2,32,-460,-12076,4552,7068,-1111,-90,-501,-12440,-6220,7436,-200,540,-18,0
1979.57585310936,6712,7344,11552,-71,-388,26,6272,-9232,10700,17,-27,-586,-12688,4804,7236,-1123,153,-477,-13004,-6252,7936,-288,585,254,0
1979.609496116638,7172,7196,11764,-163,-348,81,6832,-9324,10924,-193,29,-510,-13284,4992,7236,-966,331,-128,-13608,-6080,8004,-405,215,-91,0
1979.6428790092468,7872,7184,12252,-219,-104,31,7052,-9540,10740,-267,231,-144,-13200,5336,7028,-739,119,142,-13344,-5636,8032,-488,-114,-198,0
1979.6767139434814,7588,6852,11916,-218,78,18,6684,-9504,10364,-303,219,-34,-12880,5372,6776,-732,72,120,-13024,-5408,7972,-333,-83,-152,0
1979.7102200984955,7500,6656,11700,-279,196,118,6680,-9524,10128,-198,232,38,-12768,5244,6640,-864,45,225,-13044,-5136,7768,-364,-110,-130,0
1979.7438759803772,7396,6536,12036,-346,331,80,6740,-9976,10328,-27,333,104,-12744,5316,6736,-946,-110,495,-12948,-5484,8168,-438,-225,-289,0
1979.7774620056152,7416,6484,12116,-286,415,-46,6528,-10052,10340,177,317,96,-12836,5504,7056,-1054,-279,181,-12868,-5656,8080,-600,-214,-330,0
1979.810797929764,7088,6912,12120,-151,346,-39,6464,-9852,10408,70,300,7,-12664,5188,7104,-1169,-297,-254,-12964,-5888,7912,-539,68,-301,0
1979.844165086746,7244,7076,12008,-78,241,-20,6696,-9644,10616,78,226,-113,-12948,4808,7024,-1079,-248,-92,-12960,-6092,7744,-642,84,-391,0
1979.8811149597168,7220,7064,11724,-39,-37,-80,6592,-9400,10644,80,408,-224,-12648,4620,6996,-1064,-197,-187,-12704,-6256,7740,-428,67,-435,0
1979.9171669483185,7132,7244,11756,-119,19,-236,6568,-9440,10656,255,362,-330,-12680,4700,7024,-946,-43,-206,-12804,-5696,7628,-472,494,-269,0
1979.9523439407349,7304,7392,11820,-153,-239,-46,6644,-9252,10584,-512,172,-436,-12724,4604,6616,-827,273,-308,-12752,-5792,7432,-369,446,-6,0
1979.9881229400635,7616,6992,11612,-168,-575,147,6832,-9284,10380,-105,-27,-496,-12732,4692,6808,-1018,466,-349,-12632,-5524,7572,-463,586,255,0
1980.0230770111084,7448,6716,11360,-49,-569,510,6432,-9324,10440,89,-220,-483,-12436,4668,6584,-1121,575,-298,-12956,-5764,7968,-214,392,15,0
1980.059296131134,7044,6996,11652,-293,-117,145,6592,-9304,10400,40,-118,-331,-12588,5088,7536,-774,167,246,-12712,-6320,8340,-74,-1,9,0
1980.0950291156769,6764,7032,12048,-404,-79,15,6036,-10044,10812,-81,96,-200,-12652,5728,7560,-942,7,-36,-12704,-5844,8700,-357,58,-27,0
1980.1306500434875,6944,6856,12128,-75,-17,148,6044,-10024,10624,-21,81,-65,-12620,5532,7272,-1124,79,-42,-13080,-5920,8216,-589,-11,-73,0
1980.166157960892,7144,7048,12168,46,84,208,6592,-9644,10612,-12,94,-71,-12720,4896,7148,-769,137,-144,-12676,-5860,7920,-629,120,-123,0
1980.2029020786283,7100,6916,11816,-16,-275,7,6464,-9240,10680,-32,-168,-396,-12764,4828,6940,-1013,436,-364,-12616,-5748,7664,-680,635,193,0
1980.2380940914154,6964,7108,11564,-83,-717,439,6576,-9296,10436,-77,-389,-472,-12548,4736,6840,-1198,737,-395,-13048,-5720,7928,-416,713,333,0
1980.2734911441803,7388,7160,11600,-193,-764,492,6684,-9340,10476,-80,-396,-445,-12804,5056,6764,-1099,820,-213,-13224,-5816,7972,-229,342,325,0
1980.3095469474792,7500,7008,12044,-285,-226,413,6992,-9592,10316,-275,-307,-344,-13136,5312,7076,-814,594,-138,-13080,-5480,7696,-348,219,268,0
1980.3446779251096,7496,6720,11676,-334,-290,275,6932,-9648,10264,-283,-103,-310,-13216,5004,6816,-892,203,-160,-13132,-5720,7812,-295,205,-36,0
1980.380299091339,7516,6740,11956,-327,-183,42,7400,-9660,10244,-22,191,-362,-13180,4800,6904,-919,-38,-1,-13252,-5788,7388,-510,294,-201,0
1980.4156630039213,7788,7112,11624,-362,-163,-132,7184,-9348,10540,-65,366,-354,-12988,4820,6924,-803,-126,-228,-13348,-5808,7588,-270,310,-211,0
1980.4517171382904,7444,6916,11988,-417,-201,-81,6676,-9564,10632,-69,282,-254,-12788,4944,7076,-977,-97,-153,-13080,-5716,7936,-385,233,-164,0
1980.487838983536,7176,7012,11892,-274,-143,14,6524,-9692,10584,107,217,-227,-12760,5076,6984,-1072,113,-500,-12808,-5868,7720,-417,292,-181,0
1980.5243411064148,7240,7000,11980,-60,-245,82,6604,-9492,10580,71,128,-364,-12756,4944,6936,-996,212,-306,-13028,-5784,7740,-444,404,-74,0
1980.5579159259796,7508,7392,11872,-142,-322,168,6496,-9404,10412,-106,74,-312,-12696,5096,6896,-953,264,-146,-12904,-5736,7868,-425,372,66,0
1980.5915601253507,7344,6932,11828,-336,-291,261,6516,-9640,10540,-136,10,-212,-12716,5232,6900,-1035,317,-50,-13000,-5596,7824,-463,313,165,0
1980.62503695488,7256,6684,11812,-273,-164,363,6460,-9760,10456,-19,-98,-118,-12796,5248,6856,-1127,336,-82,-12916,-5632,8016,-537,188,125,0
1980.6582441329956,7416,6752,12020,-141,-129,375,6652,-9716,10456,21,-121,-144,-12844,5004,6776,-1143,329,-111,-13024,-5688,7924,-541,157,52,0
1980.6916530132294,7536,6828,12096,-133,-216,297,6812,-9676,10496,17,-27,-205,-12992,4856,6632,-1133,262,-169,-13120,-5792,7756,-507,240,252,0
1980.725009918213,7508,6828,11940,-215,-260,211,6928,-9248,10476,-6,83,-500,-13264,4884,6904,-1067,154,-166,-13132,-5808,7804,-500,274,-80,0
1980.7587199211123,7592,6872,11752,-206,-334,154,6852,-9548,10356,19,187,-226,-12932,4800,6752,-1099,78,-241,-12860,-5704,7540,-529,280,-150,0
1980.7923989295964,7604,6892,11648,-180,-307,114,6904,-9528,10408,85,166,-288,-12936,4760,6860,-1098,98,-20,-13296,-5728,7596,-501,287,-177,0
1980.8257451057434,7628,6956,11528,-113,-268,33,6960,-9352,10560,61,248,-281,-12920,4728,6728,-1048,103,-239,-13156,-5696,7480,-452,289,-159,0
1980.8593270778651,7588,6672,11660,-196,-270,70,6884,-9424,10392,4,201,-308,-12904,4776,6824,-989,108,-216,-13200,-5548,7664,-418,305,-109,0
1980.8925421237948,7612,6804,11664,-242,-188,64,6812,-9420,10492,-30,151,-271,-12924,4804,6784,-1033,174,-170,-13108,-5560,7684,-399,218,-51,0
1980.9264760017395,7672,6892,11640,-227,-115,133,6888,-9420,10528,-34,102,-197,-12948,4932,6932,-1059,161,-102,-13044,-5592,7672,-422,178,-81,0
1980.960180044174,7524,6876,11788,-157,-97,154,6804,-9460,10532,1,118,-177,-12884,4984,7004,-1077,144,-125,-12964,-5384,7680,-485,123,-81,0
1980.9935541152954,7464,6852,11664,-115,-52,142,7128,-9420,10552,-253,168,-102,-12988,4956,6844,-1132,90,-48,-13120,-5720,7872,-508,82,-120,0
1981.0272481441496,7604,6832,11556,-78,26,95,6760,-9592,10340,249,127,-123,-12900,5112,6756,-1073,42,-12,-13296,-5668,7804,-468,73,-127,0
1981.0608689785004,7528,6692,11788,-115,44,124,6772,-9500,10300,-15,129,-107,-13056,4972,7148,-1061,108,-24,-13060,-5660,7740,-464,110,-132,0
1981.0945351123812,7480,6916,11812,-114,23,104,6764,-9504,10724,-37,162,-142,-12900,5060,7140,-1031,121,-85,-12996,-5676,7836,-496,151,-115,0
1981.1282019615173,7476,6880,11800,-111,-77,73,6728,-9488,10488,-48,143,-187,-12872,4968,6976,-1039,100,-161,-13056,-5692,7836,-463,163,-134,0
1981.161471128464,7384,6816,11728,-113,-70,87,6820,-9516,10384,-69,144,-211,-12976,4876,6768,-998,106,-132,-13124,-5660,7780,-491,220,-141,0
1981.1948070526123,7876,7160,11688,-114,-99,86,6748,-9428,10468,-63,156,-230,-12988,4920,6960,-1017,115,-84,-12996,-5740,7720,-430,181,-131,0
1981.2284181118011,7632,6960,11640,-174,-65,79,6764,-9476,10512,-78,155,-243,-12868,4636,6684,-960,88,-100,-13248,-5748,7708,-426,169,-118,0
1981.2619700431824,7572,6852,11620,-183,-84,56,6848,-9488,10640,-58,189,-218,-13096,4912,6804,-932,20,-89,-13156,-5672,7432,-447,126,-154,0
1981.295310974121,7660,6876,11808,-164,-254,38,6900,-9540,10444,-35,190,-155,-12864,4872,6908,-1009,-2,-54,-13132,-5668,7676,-493,126,-172,0
1981.328814983368,7524,6956,11780,-168,-16,53,6896,-9440,10728,252,215,-165,-12864,5032,7016,-975,97,-45,-13304,-5736,7452,-438,80,-139,0
1981.3623931407928,7572,6988,11772,-160,37,61,6880,-9456,10392,-70,185,-159,-12888,4856,6840,-963,31,-36,-13016,-5640,7776,-433,57,-125,0
1981.3954720497131,7660,7028,11924,-182,-67,91,6724,-9500,10588,-99,147,-153,-12836,4844,6828,-906,101,-41,-13016,-5728,7532,-474,97,-86,0
1981.429207086563,7448,7072,11688,-149,-72,140,6756,-9488,10296,-129,102,-176,-12820,4680,6800,-883,112,-46,-13012,-5688,7764,-457,106,-85,0
1981.4629089832308,7464,6948,11680,-185,-96,121,6788,-9260,10384,-93,51,-184,-12808,4780,6952,-925,101,-69,-12916,-5844,7732,-421,148,-69,0
1981.4966199398043,7440,7000,11932,-208,-120,96,6628,-9420,10380,-142,121,-231,-12868,4904,6892,-925,101,-26,-13068,-5680,7596,-394,158,-110,0
1981.5301630496976,7476,7156,11740,-234,-119,54,6696,-9552,10596,-127,148,-227,-12932,4868,6688,-940,92,-44,-13036,-5620,7928,-425,176,-123,0
1981.5675120353696,7556,6848,11732,-206,-55,82,6776,-9604,10288,-97,134,-219,-12900,5124,6920,-943,89,-67,-13308,-5660,7704,-448,131,-84,0
1981.60298705101,7516,7144,12028,-197,-84,81,6872,-9616,10476,-60,145,-176,-12968,4988,6784,-955,109,-12,-13160,-5636,7692,-499,123,-97,0
1981.6386699676514,7616,6728,11952,-182,-6,109,6804,-9608,10480,-63,111,-136,-12972,4928,6612,-1001,107,-32,-13192,-5468,7848,-257,122,-111,0
1981.6734440326693,7576,6896,11976,-191,-38,172,6900,-9616,10364,-36,83,-157,-13020,4944,6884,-986,104,-55,-13144,-5556,7728,-481,115,-95,0
1981.7096230983734,7556,6884,11956,-145,-17,149,6868,-9604,10388,-43,116,-141,-12972,4824,6936,-1035,118,-59,-13052,-5552,7704,-516,171,-100,0
1981.7450289726255,7480,6808,11808,-136,-55,130,6888,-9468,10528,-17,107,-205,-12928,5112,6904,-1044,93,-120,-13136,-5404,7876,-478,118,-134,0
1981.7806601524353,7568,6904,11792,-132,-77,76,6988,-9420,10384,-4,165,-202,-12932,4864,6752,-1037,67,-102,-13204,-5668,7520,-434,186,-162,0
1981.815721035004,7636,6940,11788,-182,-62,59,6856,-9536,10576,-10,239,-186,-12996,4932,6796,-990,63,-119,-13196,-5652,7880,-432,167,-146,0
1981.8513369560244,7484,6996,12028,-230,-94,67,6852,-9612,10540,36,174,-231,-13040,4916,6924,-1060,99,-106,-13088,-5700,7700,-438,227,-78,0
1981.8876271247864,7512,7164,11592,-230,-189,108,6668,-9580,10616,254,115,-506,-12600,4912,6784,-1004,124,-139,-13296,-5692,7728,-493,214,-94,0
1981.9228711128235,7436,6992,12012,-191,-221,134,6728,-9484,10628,-21,94,-262,-12924,4940,7368,-771,139,-134,-12996,-5764,7904,-493,221,-108,0
1981.9586319923403,7476,6936,11704,-164,-190,155,6484,-9228,10276,-28,114,-198,-12920,4896,6740,-1273,168,-124,-13076,-5696,7824,-472,209,-77,0
1981.9940490722652,7648,7164,11736,-192,-188,179,6772,-9512,10432,-14,90,-234,-12824,4812,6812,-1002,211,-150,-13076,-5696,7756,-493,217,-55,0
1982.0299849510193,7476,6812,11688,-188,-179,201,6804,-9480,10468,-17,84,-235,-12848,4888,7132,-1008,220,-110,-13136,-5792,7468,-257,211,-25,0
1982.0650920867924,7648,6820,11792,-178,-171,213,6796,-9536,10424,23,70,-209,-12992,4872,6844,-777,197,-149,-13168,-5624,7780,-500,211,-41,0
1982.1002190113068,7500,6920,12024,-223,-183,203,7124,-9512,10428,-8,100,-232,-12992,4812,6840,-1011,240,-169,-13208,-5380,7912,-485,195,-60,0
1982.1356489658356,7732,6740,11564,-218,-216,194,7164,-9640,10496,-42,63,-208,-12992,4844,6788,-991,178,-174,-13172,-5504,7584,-501,198,-57,0
1982.1709210872652,7448,6720,11752,-2,-208,176,6904,-9552,10572,-19,94,-215,-12920,4948,6680,-1017,160,-108,-12984,-5884,7704,-488,201,-62,0
1982.208030939102,7576,6968,11868,-227,-238,187,6836,-9488,10440,-5,100,-213,-12932,4804,7048,-1008,155,-142,-13080,-5664,7740,-432,178,-40,0
1982.2415730953217,7788,6900,11944,-246,-210,149,6828,-9580,10244,-7,121,-263,-12912,4732,6708,-936,163,-141,-13168,-5780,7644,-399,220,-72,0
1982.2752420902252,7512,7148,11992,-490,-236,135,6796,-9652,10468,-50,122,-277,-12960,4872,6936,-1054,130,-180,-13088,-5528,7708,-419,283,-72,0
1982.3086960315704,7560,6784,11736,-248,-249,154,6804,-9472,10708,21,137,-241,-12964,4852,6772,-1017,102,-100,-13228,-5856,7468,-483,146,-141,0
1982.342281103134,7496,6828,11680,-164,-97,148,6880,-9492,10348,-21,131,-162,-12904,4856,7096,-1030,114,-75,-12888,-5572,7756,-455,103,-110,0
1982.3782920837405,7596,6828,11632,-193,-75,98,6804,-9716,10668,-57,152,-186,-12912,4736,6992,-1014,108,-111,-13064,-5480,7696,-493,114,-126,0
1982.4119009971616,7728,6748,11716,-135,-24,110,6848,-9460,10440,-32,126,-169,-12880,4812,6680,-1009,99,-107,-13188,-5576,7596,-505,134,-131,0
1982.4455111026764,7704,6784,11576,-138,0,108,6876,-9448,10472,-256,166,-150,-12980,4796,6784,-1017,132,-97,-12892,-5564,7540,-466,114,-137,0
1982.4793210029604,7704,6804,11848,-163,34,105,6916,-9432,10404,255,152,-157,-13028,4796,6872,-782,113,-40,-13140,-5616,7572,-478,138,-153,0
1982.5126349925995,7432,6744,11860,-136,9,94,7148,-9556,10360,-21,176,-189,-13024,4800,6772,-1018,87,-50,-13148,-5608,7744,-497,145,-153,0
1982.5462479591372,7772,6920,11720,-134,17,87,6904,-9492,10380,-38,139,-181,-12816,4796,6692,-998,110,-94,-13168,-5628,7724,-482,151,-136,0
1982.5796620845795,7624,6808,11920,-131,-252,68,6908,-9520,10560,-28,175,-173,-12984,4880,6836,-1038,71,-100,-13124,-5672,7648,-465,122,-153,0
1982.6130189895628,7528,6840,11844,-153,4,81,7120,-9712,10476,-28,180,-175,-12988,4900,7080,-1024,19,-15,-13196,-5664,7576,-477,87,-161,0
1982.6462271213531,7536,7120,11984,-160,-4,43,6852,-9512,10404,-73,145,-161,-12896,5104,7028,-972,71,-246,-13120,-5628,7680,-461,85,-182,0
1982.680015087128,7612,6876,11748,-155,37,54,6872,-9496,10452,-58,197,-161,-12948,4868,6840,-964,23,-67,-13188,-5572,7696,-444,43,-172,0
1982.7133650779724,7588,6948,11636,-139,38,53,6864,-9484,10688,-87,187,-141,-12964,4908,6788,-971,32,-25,-12984,-5672,7620,-460,70,-151,0
1982.7469761371613,7568,6832,11900,-166,17,63,6816,-9236,10452,248,190,-133,-12872,4908,6728,-949,50,-39,-12956,-5420,7824,-450,127,-133,0
1982.7804419994354,7528,6864,11844,-160,19,42,6692,-9444,10488,-62,151,-185,-12880,4936,7088,-972,108,-48,-13200,-5608,7780,-430,112,-115,0
1982.813800096512,7428,6764,11564,-141,-38,60,6860,-9576,10464,-83,149,-208,-12928,4908,6912,-972,79,-73,-13184,-5452,7808,-494,147,-128,0
1982.8474690914154,7512,6716,11924,-175,-27,97,6828,-9516,10440,-32,126,-152,-12828,4884,6716,-1001,91,-112,-13064,-5404,7880,-522,126,-110,0
1982.880990982056,7552,6864,11680,-101,-12,111,6812,-9552,10428,-31,124,-149,-12812,4824,6848,-913,252,-49,-13108,-5652,7796,-511,96,-149,0
1982.914230108261,7656,6932,11892,-94,252,82,6880,-9564,10388,-85,157,-129,-13024,4864,6960,-975,79,-7,-13112,-5692,7916,-508,115,-147,0
1982.9477610588074,7520,6756,11824,-156,22,75,6856,-9652,10440,-56,143,-155,-12904,5064,6876,-998,79,-15,-13088,-5596,7436,-483,87,-147,0
1982.9812819957733,7640,6792,11640,-107,10,112,6844,-9560,10644,-46,113,-136,-12880,4884,6948,-1032,93,-82,-13084,-5512,7836,-507,86,-136,0
1983.014585018158,7512,6780,12000,-115,42,114,6880,-9620,10248,-55,144,-115,-12904,4992,6960,-1008,85,-55,-13096,-5592,7868,-488,64,-125,0
1983.0483820438383,7536,6872,11856,-132,-19,94,6840,-9584,10416,-58,153,-139,-12896,4920,6808,-1003,65,236,-13132,-5524,7720,-473,88,-171,0
1983.0818920135496,7504,6848,11760,-123,-252,71,6824,-9564,10540,-67,139,-177,-12904,4844,6860,-984,81,-80,-13068,-5564,7676,-508,148,-154,0
1983.1153080463412,7412,6880,11676,-135,-36,47,6892,-9524,10416,-24,160,-197,-12816,4820,7048,-1041,112,-112,-13152,-5624,7716,-512,150,-121,0
1983.1487669944763,7536,6920,11896,-119,-29,74,6792,-9540,10360,-10,119,-192,-12860,4804,6852,-1043,103,-143,-13200,-5572,7788,-505,192,-149,0
1983.1943221092224,7456,7160,11956,-154,-72,93,6892,-9520,10388,-32,148,-197,-12888,4948,6860,-1010,89,-40,-13264,-5516,7748,-757,143,-141,0
1983.2433660030365,7560,6936,11716,-144,-40,130,6852,-9244,10428,-39,146,-166,-12824,5108,6740,-1012,135,-89,-13060,-5576,7764,-475,129,-112,0
1983.2827429771423,7476,6912,11796,-150,-55,122,6708,-9316,10416,-25,128,-167,-12880,4796,6840,-769,127,-68,-13104,-5600,7820,-455,162,-98,0
1983.3184709548948,7672,6848,12020,-191,-84,144,6780,-9516,10688,9,152,-190,-12856,4948,6940,-988,109,-101,-13148,-5664,7832,-476,165,-106,0
1983.3538451194763,7460,6904,11908,-238,-119,129,6868,-9584,10340,-250,115,-179,-12940,4852,6908,-1009,119,-132,-13044,-5556,7696,-499,182,-94,0
1983.3892090320587,7548,6952,11688,-156,-185,142,6800,-9572,10528,-5,87,-223,-12900,4644,6876,-1005,116,-159,-13272,-5568,7748,-496,197,-89,0
1983.4244830608368,7532,6812,11956,-170,-180,135,6708,-9516,10268,-2,84,-225,-12948,4704,6924,-1003,122,-139,-12816,-5868,7700,-485,210,-101,0
1983.4603030681612,7520,6836,11772,-164,-198,166,6848,-9256,10548,-56,102,-225,-12920,4944,6764,-968,157,-128,-13132,-5584,7628,-503,166,-44,0
1983.4955480098724,7456,6948,11836,-194,-230,158,6776,-9576,10468,-4,107,-243,-12924,5048,7084,-1005,121,-153,-13308,-5524,7764,-505,226,-49,0
1983.5316910743713,7488,6784,11736,-253,-195,149,6800,-9564,10380,-6,121,-200,-12940,4836,6888,-1026,149,-122,-13156,-5880,7764,-488,188,-77,0
1983.5677869319916,7604,6964,11888,-195,-165,145,6768,-9500,10252,-10,110,-219,-12944,4820,6908,-992,141,-106,-13140,-5648,7640,-506,188,-106,0
1983.60298705101,7620,6868,11908,-206,-195,137,6852,-9484,10448,-37,99,-240,-12972,4904,6824,-965,138,-156,-13068,-5532,7656,-472,220,-80,0
1983.6381750106812,7664,6772,11796,-234,-189,148,6904,-9536,10564,252,122,-234,-12992,4928,6720,-1034,143,-111,-13140,-5752,7512,-459,189,-100,0
1983.6736800670624,7608,6804,11876,-192,-171,147,6828,-9376,10296,18,96,-172,-13024,4616,6772,-1027,150,-112,-12884,-5572,7868,-485,152,-96,0
1983.7092089653013,7628,6808,11772,-206,-136,150,6796,-9528,10412,-29,124,-170,-12944,4808,7104,-1044,141,-98,-13028,-5636,7724,-488,157,-90,0
1983.744432926178,7684,6836,11780,-189,-159,142,6908,-9524,10264,-37,121,-200,-12936,4828,6812,-1016,88,-122,-13200,-5556,7692,-509,184,-133,0
1983.7801830768583,7532,6892,11896,-159,-179,133,6900,-9712,10240,25,108,-210,-12924,4804,6924,-1015,139,-157,-13092,-5536,7472,-488,209,-80,0
1983.8156220912933,7572,6836,11764,-194,-160,141,6828,-9508,10412,30,98,-239,-12984,4612,6692,-1045,162,-192,-13096,-5496,7548,-489,211,-71,0
1983.8509349823,7608,6768,11740,-172,-209,162,6908,-9468,10260,-10,103,-248,-13000,5084,6660,-998,165,-127,-13144,-5564,7852,-479,164,-98,0
1983.8877201080325,7604,6892,11692,-176,-116,140,6812,-9712,10420,-30,112,-210,-12972,5072,6656,-981,152,-99,-13076,-5496,7872,-499,174,-92,0
1983.9212160110474,7628,6824,11944,-136,-105,133,6896,-9424,10436,-28,139,-172,-12956,4916,6908,-979,125,-65,-13140,-5536,7828,-518,141,-120,0
1983.9545691013332,7464,6860,11524,-128,-82,164,6880,-9232,10356,-34,96,-169,-12884,4780,6856,-993,98,-68,-13072,-5604,7612,-481,136,-130,0
1983.9881451129913,7748,6716,11660,-151,-48,100,7136,-9560,10340,-58,151,-194,-13284,4784,6672,-1011,85,-60,-13084,-5552,7660,-492,136,-139,0
1984.021728992462,7748,6848,11696,-165,-62,92,6868,-9580,10592,-8,175,-167,-12952,4848,6592,-1278,72,-75,-13140,-5540,7636,-505,111,-162,0
1984.054965019226,7616,6672,11700,-131,3,91,6916,-9500,10484,-253,168,-139,-12948,4768,6732,-1037,64,-61,-13100,-5572,7652,-493,102,-168,0
1984.0887989997864,7712,6904,11760,-110,33,88,6784,-9556,10484,-11,148,-150,-12912,4764,6776,-999,76,-31,-13156,-5664,7904,-505,127,-120,0
1984.1221611499789,7604,6904,11944,-154,1,80,6672,-9452,10300,-38,157,-171,-12872,4860,6892,-986,83,-73,-13024,-5624,7756,-468,125,-117,0
1984.155424118042,7576,6944,11812,-146,0,84,6848,-9468,10556,-95,172,-148,-12972,4872,6700,-1012,101,-68,-13092,-5540,7700,-475,96,-118,0
1984.188786029816,7648,6748,11824,-122,255,111,7048,-9528,10448,-35,150,-136,-12948,4908,6808,-1027,29,-27,-13116,-5648,7828,-506,114,-138,0
1984.221892118454,7588,6908,11652,-148,-28,75,6792,-9492,10464,-18,168,-134,-12936,5068,6656,-1020,40,-17,-13096,-5688,7760,-502,94,-132,0
1984.255299091339,7524,6868,11948,-105,67,76,6772,-9228,10328,-49,190,-133,-12920,4964,6916,-1008,45,-33,-13112,-5684,7644,-495,73,-141,0
1984.289021968841,7620,6804,11908,-139,-38,77,7144,-9520,10540,-58,160,-159,-12904,4876,6800,-981,54,-93,-13164,-5520,7840,-488,138,-153,0
1984.3224790096283,7532,6808,12004,-151,14,97,6812,-9528,10524,-29,168,-173,-12876,4812,6860,-976,78,-82,-13028,-5588,7672,-462,108,-147,0
1984.355952978134,7564,6896,11724,-85,7,105,6900,-9408,10492,-44,153,-151,-12944,4876,6908,-999,54,-14,-13144,-5508,7804,-482,87,-137,0
1984.389300107956,7636,6876,11940,-121,-10,93,6836,-9484,10336,-55,186,-152,-12924,4876,6928,-934,59,-30,-13052,-5644,7644,-471,75,-141,0
1984.4227530956268,7580,6944,11628,-141,-247,94,6796,-9504,10564,-74,167,-147,-12948,4972,6928,-1013,77,-50,-13128,-5880,7428,-484,98,-166,0
1984.4565510749817,7588,6936,11788,-102,17,92,6796,-9500,10408,-71,161,-155,-12868,4848,7008,-1004,69,-88,-13148,-5380,7668,-508,78,-162,0
1984.4901020526884,7608,6924,11852,-161,-21,78,6744,-9472,10364,-31,132,-178,-12744,4904,6824,-1000,90,-99,-13240,-5608,7648,-264,152,-134,0
1984.5236661434174,7500,6748,11640,-70,-15,95,6872,-9432,10508,-11,124,-170,-12880,4872,6908,-1054,125,-82,-13112,-5616,7744,-538,157,-128,0
1984.55731010437,7496,6888,11972,-125,-53,108,6752,-9724,10448,-27,150,-200,-12944,4852,6864,-1001,94,-43,-13156,-5580,7760,-500,125,-118,0
1984.5908439159393,7652,6832,11920,-153,-15,93,6812,-9480,10456,-72,114,-161,-12992,4612,6732,-1001,99,-40,-13144,-5556,7820,-479,144,-128,0
1984.6244869232175,7544,6848,11932,-145,-47,107,6848,-9468,10480,-40,159,-164,-12948,4848,6720,-998,71,-83,-13032,-5748,7788,-486,141,-117,0
1984.657941102981,7548,7028,11692,-135,-22,106,6796,-9540,10520,-69,143,-172,-12860,4728,6868,-982,102,-88,-13032,-5624,7776,-492,122,-127,0
1984.6914820671084,7480,7116,11520,-107,-45,105,6808,-9472,10352,-69,149,-193,-12976,4892,6900,-987,87,-57,-13152,-5556,7892,-503,106,-158,0
1984.7247390747068,7588,6796,11756,-144,-69,76,6900,-9616,10272,-29,137,-188,-12896,4640,6868,-1013,64,-63,-12848,-5620,7776,-496,132,-142,0
1984.7582359313965,7464,6668,11960,-140,-79,120,6796,-9476,10584,-8,137,-198,-12872,4824,6900,-997,140,-86,-13072,-5704,7792,-476,145,-129,0
1984.7919080257411,7224,6728,11708,-148,-44,119,6840,-9520,10540,-55,114,-191,-12884,4888,6860,-994,96,-137,-13164,-5632,7812,-536,162,-108,0
1984.82550907135,7496,6920,11936,-171,-144,149,6972,-9516,10652,-11,149,-212,-12968,4828,6904,-995,101,-105,-13132,-5652,7680,-509,171,-96,0
1984.8591561317444,7600,6956,11812,-150,-108,137,6804,-9544,10240,-46,132,-180,-12884,4852,6924,-1031,157,-71,-13172,-5592,7620,-464,151,-94,0
1984.8923370838163,7508,6660,11944,-173,-127,148,6812,-9492,10368,8,128,-191,-12896,5068,6728,-994,136,-126,-13132,-5640,7712,-471,161,-102,0
1984.9291479587555,7524,6920,11896,-205,-72,129,6812,-9264,10744,-16,112,-196,-12956,4908,6896,-990,117,-100,-13072,-5616,7800,-468,135,-91,0
1984.964595079422,7396,6848,11804,-178,-165,157,6744,-9592,10256,-50,93,-181,-12684,4888,6908,-998,100,-100,-13300,-5532,7844,-549,176,-102,0
1985.0003449916844,7536,6880,11944,-174,-174,163,6840,-9564,10300,-16,89,-207,-13012,4736,6896,-1027,135,-129,-12876,-5444,7780,-501,197,-106,0
1985.0355110168455,7536,6896,11776,-165,-172,129,6752,-9484,10272,-16,101,-247,-12828,4812,6892,-1009,159,-129,-13312,-5536,7644,-768,244,-74,0
1985.0715091228483,7484,6928,11676,-171,-206,156,6712,-9532,10424,22,75,-252,-12884,5084,6852,-1026,183,-189,-13212,-5800,7692,-486,258,-98,0
1985.1077821254732,7460,6884,11996,-212,-196,165,6872,-9576,10260,-13,105,-242,-12924,5092,6680,-987,169,-152,-13172,-5624,7716,-473,195,-91,0
1985.1428229808807,7636,6892,11916,-239,-192,144,6884,-9512,10356,-31,107,-224,-13020,4948,6644,-988,154,-110,-13204,-5488,7456,-463,195,-61,0
1985.1779839992523,7636,6672,12028,-228,-193,176,6892,-9276,10636,-42,109,-234,-12904,4852,6764,-996,125,-127,-13116,-5628,7740,-469,179,-70,0
1985.2137670516968,7560,6820,12012,-228,-182,165,6964,-9484,10492,-19,98,-220,-12924,4892,6784,-1031,129,-124,-13200,-5584,7664,-478,178,-75,0
1985.249660015106,7856,6832,11740,-192,-193,155,6912,-9484,10428,-1,117,-220,-12804,4812,6760,-998,140,-160,-13104,-5572,7508,-482,179,-111,0
1985.2848620414734,7600,7096,11716,-191,-165,143,6840,-9440,10404,-9,117,-206,-13208,4772,6776,-1042,134,-114,-13100,-5556,7728,-505,198,-100,0
1985.3204610347748,7480,6916,11792,-178,-176,146,6816,-9248,10608,-4,95,-214,-12868,4884,7028,-1014,134,-124,-13100,-5780,7776,-482,205,-77,0
1985.3559031486511,7624,7040,11608,-194,-192,166,6760,-9488,10568,15,112,-241,-12896,4884,6940,-1004,157,-129,-13120,-5596,7796,-466,201,-69,0
1985.3913290500643,7644,6820,11828,-183,-166,136,6872,-9552,10704,-17,105,-209,-12948,4656,6788,-1269,192,-120,-13092,-5648,7804,-477,191,-75,0
1985.4277000427244,7524,6872,11892,-182,-211,139,6700,-9532,10432,-31,115,-216,-13020,4864,6828,-1001,118,-138,-13180,-5496,7840,-490,162,-114,0
1985.4627361297607,7624,6848,11820,-165,-147,152,6816,-9496,10472,-22,132,-203,-12984,4912,6888,-986,117,-85,-13200,-5516,7820,-501,154,-87,0
1985.4982011318207,7636,6828,11740,-160,-126,139,6864,-9432,10412,-44,121,-185,-12988,4892,6748,-1005,108,-111,-13080,-5572,7732,-507,146,-136,0
1985.5336661338804,7644,6868,11524,-159,-109,117,6832,-9668,10284,-26,102,-195,-12872,4876,6940,-1010,111,-100,-13156,-5548,7836,-496,177,-126,0
1985.5696029663084,7724,6816,11616,-142,-62,114,6832,-9456,10412,-30,116,-186,-13008,4680,6708,-1025,90,-50,-13196,-5564,7604,-499,140,-125,0
1985.6031489372253,7712,6772,11820,-156,-5,110,6980,-9404,10448,-22,130,-178,-13024,4776,6764,-999,97,-37,-13208,-5596,7732,-481,138,-140,0
1985.6366810798643,7712,6864,11736,-170,11,104,6992,-9712,10444,-31,164,-148,-12960,4872,6844,-1020,74,-70,-13116,-5596,7620,-477,130,-150,0
1985.6702339649205,7612,6880,11616,-145,10,105,6696,-9496,10692,-27,172,-157,-12980,4864,6828,-1012,105,-99,-13132,-5860,7740,-479,120,-160,0
1985.7038910388949,7876,6664,12020,-144,30,117,6908,-9268,10340,-44,183,-161,-12948,4876,6908,-1003,93,-87,-13092,-5852,7544,-474,132,-118,0
1985.7373011112213,7596,6784,11964,-138,-16,90,6784,-9380,10444,-56,177,-174,-12864,4620,7120,-979,69,-24,-13060,-5604,7880,-464,125,-133,0
1985.7705869674685,7672,6876,11716,-104,251,82,6872,-9504,10504,-82,149,-174,-12936,4916,6964,-973,45,-19,-13208,-5532,7720,-490,84,-159,0
1985.804274082184,7636,6732,12016,-130,7,79,6840,-9272,10312,-58,186,-124,-12828,4620,6760,-1058,14,-17,-13120,-5596,7756,-502,115,-152,0
1985.8378901481628,7544,6928,11748,-112,47,100,6848,-9388,10696,-23,152,-114,-12996,4844,6880,-1007,56,-41,-13112,-5640,7716,-475,51,-143,0
1985.8715069293971,7612,6908,11988,-105,28,47,7068,-9484,10412,-73,170,-146,-12924,4788,6724,-926,63,-41,-13088,-5696,7700,-504,148,-160,0
1985.9049599170685,7616,6812,11780,-203,-254,70,6720,-9556,10536,-36,177,-164,-12912,4844,6768,-979,56,-42,-13160,-5560,7484,-451,131,-131,0
1985.9382760524747,7576,6860,11924,-105,-255,85,6956,-9700,10748,-33,150,-162,-12940,4864,6816,-989,64,-36,-13108,-5560,7728,-486,101,-154,0
1985.9717819690704,7536,6812,11896,-118,-43,73,6788,-9508,10520,-68,169,-175,-12984,4832,6676,-968,59,-56,-13092,-5600,7880,-455,78,-139,0
1986.0055520534515,7620,6816,11848,-164,-46,63,6880,-9472,10380,-78,209,-147,-12908,4752,6972,-964,48,-39,-13164,-5568,8176,-484,60,-132,0
1986.0390470027924,7576,6800,11700,-122,1,56,6780,-9592,10532,-63,173,-135,-12988,4820,6984,-970,56,-68,-13096,-5524,7660,-497,88,-140,0
1986.0725970268252,7688,6860,11752,-113,-31,110,6768,-9536,10400,-20,136,-157,-12992,4888,6696,-1022,93,-13,-13172,-5644,7708,-505,129,-115,0
1986.1061410903933,7436,6896,11796,-106,-40,92,6800,-9440,10388,-61,123,-163,-12896,4828,6988,-1024,110,-65,-13104,-5616,7608,-496,131,-107,0
1986.139465093613,7588,6840,11804,-105,-42,94,6820,-9480,10540,-46,151,-190,-12980,4776,6732,-1002,117,-64,-13104,-5528,7772,-501,116,-147,0
1986.17293214798,7712,6844,11536,-126,-20,120,6792,-9516,10240,-44,131,-151,-13020,4828,6964,-995,59,-64,-13188,-5620,7724,-500,121,-130,0
1986.20680308342,7564,6720,11772,-119,-35,110,6892,-9600,10440,-30,127,-166,-12952,4868,6876,-999,86,-61,-13192,-5604,7812,-482,103,-137,0
1986.2404210567474,7552,6856,11532,-132,-25,100,6780,-9560,10456,-25,150,-159,-12836,4840,6868,-1007,41,-56,-12996,-5688,7704,-496,102,-158,0
1986.2735450267792,7472,6924,11908,-118,-31,93,6740,-9448,10384,-64,142,-165,-12920,5056,7088,-997,46,-66,-13156,-5724,7780,-490,91,-156,0
1986.3072991371155,7560,7148,11636,-129,-21,84,6764,-9412,10536,-58,158,-195,-13048,4864,6708,-987,64,-95,-13152,-5884,7804,-497,103,-124,0
1986.340817928314,7524,7132,11928,-119,-255,82,6888,-9564,10468,-54,165,-167,-12928,4892,6904,-1009,65,-100,-13076,-5524,7828,-507,140,-135,0
1986.3743090629575,7656,6836,11852,-155,-15,111,6740,-9460,10420,-21,118,-177,-12760,4944,6672,-998,89,-64,-13068,-5744,7808,-491,162,-151,0
1986.407629966736,7520,6836,11620,-132,-50,104,6756,-9564,10284,-37,128,-168,-12876,4624,6836,-1017,85,-57,-13008,-5580,7756,-504,161,-111,0
1986.4411361217497,7504,6844,11684,-135,-64,122,7116,-9496,10652,-251,136,-191,-12920,4652,6724,-967,102,-87,-13120,-5604,7712,-462,157,-118,0
1986.4746980667114,7524,6692,11956,-175,-72,131,6792,-9260,10536,13,139,-187,-13016,4856,6804,-1021,117,-99,-13096,-5640,7824,-466,159,-125,0
1986.5083150863647,7636,7124,11672,-193,-68,108,6748,-9472,10556,-28,134,-185,-13000,4884,6688,-954,123,-107,-13140,-5604,7792,-458,144,-103,0
1986.5418541431427,7572,6940,11868,-197,-114,131,6780,-9548,10612,-19,149,-173,-12908,4924,6832,-1036,98,-60,-13156,-5396,7708,-502,176,-81,0
1986.5754930973053,7436,6864,11848,-222,-179,161,6848,-9544,10476,-1,108,-200,-12924,5104,6752,-1019,105,-128,-13012,-5664,7788,-509,168,-87,0
1986.6125659942627,7520,6988,11536,-165,-110,160,6808,-9524,10560,-18,79,-206,-12888,4808,6884,-1012,94,-124,-13016,-5860,7820,-526,165,-116,0
1986.6481289863589,7504,6892,11772,-160,-184,102,6792,-9432,10472,-56,117,-246,-12860,4824,6968,-960,110,-114,-13124,-5652,7888,-476,212,-110,0
1986.6831459999084,7536,6808,11864,-228,-159,145,6852,-9544,10472,-12,114,-232,-12936,4796,6532,-1013,145,-150,-13132,-5560,7440,-452,202,-74,0
1986.7187941074371,7672,6656,11712,-169,-135,145,6972,-9520,10500,-248,117,-188,-13020,4828,6808,-996,125,-91,-13108,-5508,7764,-458,159,-105,0
1986.7543981075287,7484,6884,11596,-230,-127,161,6800,-9660,10380,-18,142,-186,-12888,4876,6840,-1001,144,-137,-12900,-5580,7708,-497,144,-57,0
1986.789682149887,7540,6900,11876,-237,-149,164,6796,-9560,10464,-18,97,-205,-12804,5092,6884,-1006,133,-118,-13204,-5480,7880,-485,173,-78,0
1986.8251190185547,7588,6884,11596,-173,-156,142,6740,-9468,10376,23,110,-230,-12912,4784,6720,-1076,153,-122,-12848,-5656,7708,-517,215,-68,0
1986.8607161045074,7660,6904,11788,-205,-164,157,6904,-9512,10488,16,102,-223,-12940,4788,6800,-1046,138,-110,-13136,-5548,7756,-260,213,-68,0
1986.8960371017452,7928,6840,11660,-162,-172,164,7100,-9584,10492,-45,118,-215,-12960,4768,7092,-1014,126,-99,-13108,-5560,7424,-489,178,-75,0
1986.9317860603333,7620,6856,11824,-206,-139,155,6796,-9536,10372,-12,92,-218,-12876,4716,6868,-998,154,-134,-13136,-5628,7832,-455,177,-88,0
1986.9681000709534,7612,6816,11788,-208,-160,161,6892,-9560,10460,245,117,-224,-12812,4848,6784,-1030,154,-111,-13080,-5660,7652,-477,180,-91,0
1987.0030360221863,7572,6844,11960,-202,-182,152,6784,-9504,10576,-22,118,-208,-12896,4744,6780,-1056,145,-126,-13020,-5556,7880,-462,199,-88,0
1987.038928985596,7508,6788,11732,-193,-202,179,6876,-9724,10452,-18,120,-224,-12928,4868,6860,-1000,123,-108,-13176,-5592,7668,-458,190,-116,0
1987.074409008026,7712,6812,12008,-208,-165,126,7136,-9428,10492,-46,116,-229,-12936,4960,6764,-1002,117,-110,-13196,-5612,7680,-481,181,-124,0
1987.1092641353607,7648,6724,11904,-188,-136,140,6948,-9668,10556,-8,119,-217,-12980,4812,6808,-1027,113,-107,-13156,-5508,7904,-501,155,-95,0
1987.1444220542908,7736,6804,11916,-151,-126,133,6860,-9464,10284,-25,114,-187,-12968,4880,6900,-1047,117,-92,-13048,-5604,7656,-505,172,-101,0
1987.1801509857175,7608,6900,11640,-153,-107,121,6816,-9456,10588,-3,125,-168,-12952,4788,6784,-1046,129,-107,-13288,-5736,7680,-498,172,-102,0
1987.214940071106,7532,6816,11696,-140,-120,134,6864,-9280,10356,-31,109,-218,-12896,4780,6764,-1010,171,-95,-13136,-5584,7632,-482,143,-76,0
1987.2521650791168,7916,6792,11656,-164,-53,125,6928,-9376,10256,-48,134,-171,-12900,4844,6688,-1017,150,-61,-13256,-5568,7812,-494,113,-96,0
1987.2856199741364,7812,6732,11656,-138,-33,110,6900,-9500,10376,-42,163,-149,-12960,4856,6892,-1054,51,-7,-13144,-5556,7612,-509,149,-170,0
1987.318979024887,7484,6792,11556,-193,246,96,6656,-9404,10492,17,168,-163,-12860,4840,6800,-1017,72,-37,-13124,-5672,7672,-462,94,-126,0
1987.3526430130005,7424,6924,12008,-140,48,98,6884,-9492,10688,-66,170,-145,-12944,4796,6992,-1001,77,-48,-13148,-5628,7644,-472,115,-125,0
1987.3920860290527,7856,6836,11960,-168,-62,75,7148,-9528,10380,-41,179,-182,-12940,4916,6896,-997,66,-97,-13160,-5532,7908,-464,145,-175,0
1987.4256310462952,7684,6864,11848,-149,14,101,6868,-9480,10428,-48,153,-173,-13048,4668,6732,-1015,66,-72,-13096,-5628,7612,-465,117,-138,0
1987.4592080116272,7648,6780,11828,-129,17,89,6752,-9480,10512,-20,163,-122,-12916,4844,6752,-1048,90,-17,-13048,-5584,7712,-467,96,-150,0
1987.4927029609685,7552,6804,11688,-167,23,86,6812,-9256,10436,-77,164,-143,-12848,4920,7016,-964,42,-46,-13160,-5568,7688,-519,85,-166,0
1987.5260319709776,7464,6868,11656,-161,-249,96,6804,-9612,10744,-61,191,-145,-12864,4876,6848,-997,41,-56,-12948,-5492,7564,-475,86,-142,0
1987.5598850250244,7596,6868,11824,-100,2,106,6820,-9564,10532,-55,131,-178,-12928,4912,6880,-1028,82,-96,-13104,-5696,7760,-488,153,-155,0
1987.5934810638428,7608,6896,11648,-161,-37,93,6712,-9404,10408,-23,165,-148,-12852,4948,6840,-1021,116,-54,-13160,-5608,7804,-476,147,-137,0
1987.6268360614777,7640,6852,11780,-126,-30,105,6840,-9452,10668,-68,151,-160,-12916,4924,6904,-986,115,-82,-13080,-5564,7760,-489,156,-129,0
1987.6601660251615,7556,6908,11704,-132,-75,89,6868,-9408,10428,-79,138,-160,-13028,4876,6920,-975,80,-65,-13200,-5556,7612,-504,121,-149,0
1987.6936850547793,7656,6808,11788,-123,251,106,6820,-9724,10372,-37,134,-147,-12916,5096,6768,-1011,112,-88,-13120,-5688,7856,-510,116,-112,0
1987.7270231246948,7640,6804,11648,-117,-22,102,6920,-9668,10500,-21,125,-150,-12948,4780,6992,-992,47,-75,-13152,-5608,7728,-481,88,-154,0
1987.7606930732727,7524,6776,11672,-122,4,111,6824,-9444,10744,-64,167,-159,-12944,4840,6712,-1278,46,-43,-13076,-5656,7812,-478,118,-159,0
1987.7940261363983,7488,6888,11816,-138,-18,78,6856,-9564,10436,-31,170,-170,-12808,4888,6996,-983,56,-41,-13064,-5600,7740,-487,133,-170,0
1987.8274369239807,7580,6820,11904,-152,-42,82,6816,-9492,10528,-30,150,-167,-12812,4900,6924,-985,82,-83,-12840,-5560,7816,-488,132,-144,0
1987.8610839843748,7596,6852,11740,-116,-21,80,6764,-9560,10552,-46,145,-169,-12904,4612,7128,-994,82,-108,-12988,-5588,7792,-507,135,-134,0
1987.8943531513214,7508,6952,11800,-94,-47,87,6808,-9476,10452,250,148,-158,-12912,4844,6880,-1021,67,-60,-13056,-5824,7716,-495,116,-124,0
1987.9277579784393,7616,6948,11820,-125,-40,83,6828,-9508,10488,-24,135,-190,-12900,4820,6748,-1019,91,-50,-13300,-5616,7800,-497,151,-106,0
1987.9612510204315,7488,6904,11836,-132,-47,109,6840,-9228,10560,-44,165,-177,-12888,4956,6800,-940,95,-58,-13120,-5860,7900,-464,138,-134,0
1987.9947690963743,7536,6960,11680,-142,-47,104,6764,-9524,10684,-83,129,-171,-12816,5084,7008,-984,123,-98,-13100,-5544,7464,-507,111,-106,0
1988.02836894989,7676,6832,11928,-136,-65,132,6776,-9528,10484,-33,170,-178,-12840,4636,7144,-1002,90,-71,-13080,-5600,7596,-516,126,-142,0
1988.0618491172793,7528,6812,11788,-198,-59,143,6784,-9440,10408,3,150,-154,-12884,5028,6996,-998,90,-71,-13104,-5620,7776,-468,119,-126,0
1988.0955390930171,7568,6916,11680,-108,-14,86,6868,-9624,10708,-48,141,-144,-12896,4752,6740,-1017,62,-34,-13120,-5864,7868,-505,129,-143,0
1988.1291451454165,7588,7124,11700,-156,-59,80,6912,-9508,10416,-53,185,-179,-12872,4840,6604,-962,67,-59,-13092,-5588,7720,-478,120,-135,0
1988.162385940552,7584,6852,11864,-156,-9,60,6792,-9408,10360,-38,160,-166,-12872,4908,6876,-1037,114,-117,-13064,-5636,7760,-468,123,-124,0
1988.1958010196684,7608,7156,11756,-123,-34,110,6748,-9572,10260,-78,123,-142,-12840,4860,6752,-1004,116,-69,-13132,-5600,7856,-456,91,-126,0
1988.2291679382324,7556,6948,11800,-157,-31,87,6664,-9560,10356,-49,136,-182,-12868,4916,6904,-980,83,-66,-13072,-5744,7724,-466,108,-121,0
1988.262305021286,7512,6820,11764,-163,-57,95,6884,-9580,10400,-35,149,-179,-12948,5104,6840,-986,76,-54,-13264,-5656,7696,-474,144,-119,0
1988.29975104332,7492,6788,11720,-172,-77,125,6860,-9256,10304,-47,174,-195,-12840,5100,7092,-1275,111,-120,-13120,-5696,7836,-487,182,-112,0
1988.3350191116333,7528,6936,11844,-198,-136,123,6732,-9576,10320,14,149,-207,-12816,4960,7004,-1272,138,-112,-13016,-5548,7676,-460,209,-67,0
1988.3710379600525,7496,6892,11824,-155,-163,138,6732,-9604,10496,-12,107,-226,-12968,4896,6908,-1011,140,-164,-13052,-5652,7836,-501,200,-102,0
1988.4060380458832,7468,6896,11752,-187,-192,141,6720,-9256,10736,-26,100,-225,-12996,4808,6920,-1007,152,-93,-13148,-5592,7884,-488,186,-98,0
1988.4419300556183,7576,6924,11812,-181,-189,150,6768,-9460,10424,-33,101,-223,-12908,4904,6668,-1008,149,-104,-13036,-5488,7820,-485,207,-74,0
1988.478033065796,7504,6944,11876,-214,-171,156,6852,-9488,10616,-7,88,-207,-12908,4812,6868,-982,174,-147,-13264,-5888,7756,-489,184,-98,0
1988.5133900642395,7572,6844,11772,-208,-157,144,6832,-9484,10404,-18,112,-202,-12888,4836,6904,-1018,117,-104,-12856,-5612,7684,-489,204,-58,0
1988.548767089844,7640,6908,11924,-220,-166,154,6816,-9556,10500,23,105,-234,-12900,4948,6828,-1038,150,-169,-13132,-5628,7900,-482,193,-100,0
1988.5842819213867,7556,6780,11828,-209,-181,134,6924,-9540,10336,9,100,-249,-12968,4888,6940,-1034,135,-109,-13164,-5576,7668,-486,207,-107,0
1988.6199340820312,7464,6964,11916,-222,-175,141,6784,-9496,10612,12,84,-228,-12936,4824,6856,-1025,116,-173,-13104,-5580,7920,-487,211,-87,0
1988.6550030708313,7724,6992,11580,-197,-187,168,6852,-9728,10396,13,108,-223,-12880,4824,6784,-1035,152,-126,-13068,-5576,7836,-468,209,-106,0
1988.6910490989683,7648,7152,11540,-196,-182,145,6872,-9264,10736,-3,122,-206,-12904,4932,6776,-1001,147,-141,-12836,-5548,7708,-497,175,-89,0
1988.72621512413,7576,6820,11860,-189,-124,180,6852,-9252,10436,18,63,-196,-13012,4828,6868,-1005,133,-139,-13176,-5640,7684,-500,186,-92,0
1988.7622611522675,7544,6816,11884,-170,-157,139,6812,-9392,10392,-18,95,-217,-13008,4776,6844,-770,143,-102,-13080,-5420,7500,-504,193,-68,0
1988.7984180450444,7476,6828,11864,-205,-188,136,6828,-9500,10500,-30,91,-235,-12964,4824,6772,-1004,110,-129,-13068,-5620,7480,-492,190,-80,0
1988.8336160182953,7624,7064,11808,-228,-177,138,6824,-9496,10272,-49,119,-210,-12912,4772,6764,-972,127,-120,-13188,-5548,7628,-489,164,-73,0
1988.8687689304352,7788,6880,11788,-213,-192,139,7144,-9532,10472,-47,103,-209,-12988,4804,6760,-1013,102,-83,-13168,-5620,7772,-498,173,-106,0
1988.9045090675354,7564,6764,11564,-220,-177,139,6876,-9472,10392,-256,141,-200,-12840,4836,6844,-1029,121,-123,-13088,-5592,7692,-471,138,-119,0
1988.9411361217497,7656,7128,11748,-170,-90,115,6848,-9460,10408,-42,117,-202,-12896,4772,6772,-1279,140,-113,-13172,-5696,7636,-473,170,-107,0
1988.9744269847868,7668,6792,11984,-165,-132,121,6864,-9696,10424,-61,130,-241,-13004,5100,6752,-997,107,-151,-13124,-5528,7612,-521,205,-96,0
1989.0081291198733,7692,6784,11716,-175,-99,108,7148,-9448,10380,-37,133,-172,-12844,4832,6744,-1042,117,-91,-13184,-5568,7764,-490,141,-105,0
1989.0418970584867,7736,6764,11788,-122,-31,116,6840,-9436,10636,-17,120,-117,-12932,4692,6868,-1019,111,-45,-13140,-5556,7604,-502,88,-114,0
1989.075523138046,7552,6764,11868,-165,18,99,6832,-9492,10444,-32,115,-136,-12968,4796,7160,-1025,109,-15,-13160,-5592,7676,-470,82,-132,0
1989.1090769767764,7552,7156,11684,-170,-9,81,6904,-9620,10368,-75,190,-137,-12976,4776,7084,-1032,73,-105,-13100,-5576,7648,-515,100,-134,0
1989.1422889232635,7656,6912,11704,-122,11,96,6860,-9220,10584,-54,175,-149,-12964,4812,6740,-1032,102,-95,-13128,-5648,7476,-504,146,-136,0
1989.1758770942688,7680,6804,11696,-148,-13,72,6896,-9724,10324,-33,148,-177,-12876,4792,6720,-1029,112,-58,-13204,-5492,7620,-457,141,-116,0
1989.2092480659485,7540,6784,11488,-96,10,125,6804,-9484,10404,-44,104,-177,-12884,4932,6700,-1041,130,-52,-13120,-5540,7820,-491,119,-150,0
1989.2429089546204,7672,6768,12008,-89,-39,90,6816,-9448,10532,-20,159,-151,-12908,4820,6844,-1017,109,-77,-13136,-5644,7704,-476,121,-132,0
1989.2764949798584,7928,6772,11764,-144,11,79,6836,-9492,10516,-48,138,-178,-12952,4816,6824,-968,98,-102,-13088,-5412,7884,-494,140,-158,0
1989.3097090721133,7612,6916,11856,-142,-11,98,6848,-9528,10436,-40,180,-154,-12892,4712,7020,-1007,54,-37,-13112,-5512,7620,-523,121,-156,0
1989.3429911136627,7628,6864,11696,-158,-20,72,6804,-9396,10540,-47,174,-144,-12932,5060,6680,-985,62,-33,-12860,-5688,7492,-264,92,-148,0
1989.3768150806427,7652,6884,11700,-130,-10,79,6692,-9244,10420,-77,177,-158,-12856,4620,6864,-953,67,-53,-12868,-5564,7884,-482,104,-143,0
1989.4101209640503,7560,6872,11748,-151,-1,66,6864,-9232,10412,-36,165,-148,-12856,4900,6812,-941,67,-50,-13108,-5652,7624,-496,113,-131,0
1989.443622112274,7572,6840,11748,-143,-21,60,6888,-9500,10388,-54,149,-170,-12964,4860,6868,-967,87,-95,-13124,-5552,7724,-497,131,-105,0
1989.4771549701693,7724,6836,11788,-128,-13,86,6804,-9528,10472,-18,154,-157,-12888,4800,6816,-989,77,-39,-13104,-5592,7732,-495,124,-141,0
1989.5103681087494,7716,6788,11608,-109,4,77,7128,-9412,10516,-51,153,-139,-12988,4852,6804,-1004,84,-36,-13040,-5604,7696,-519,88,-152,0
1989.5439889431004,7640,6780,11748,-93,-31,112,6780,-9476,10360,-42,146,-181,-12940,4856,6956,-1018,89,-81,-13096,-5464,7788,-505,110,-117,0
1989.577518939972,7488,6876,12020,-121,-30,110,6932,-9456,10492,-20,162,-155,-12952,4796,6852,-995,80,-69,-13072,-5632,7716,-473,128,-119,0
1989.6110980510712,7632,6860,11884,-124,-37,87,7144,-9516,10408,-52,139,-158,-12876,4892,6832,-998,113,-60,-13132,-5648,7700,-457,95,-131,0
1989.6444189548492,7512,6812,11600,-149,-33,101,6780,-9684,10476,-64,130,-149,-12972,5044,6948,-989,53,6,-13140,-5624,7832,-514,103,-144,0
1989.6780591011047,7664,6900,11800,-141,255,110,6820,-9532,10496,-32,153,-140,-12912,4868,6844,-1025,40,-47,-13104,-5404,7860,-497,115,-151,0
1989.7114470005035,7548,6936,11612,-112,6,105,6856,-9440,10500,-34,149,-145,-12808,4868,6872,-981,69,-69,-13044,-5860,7528,-517,93,-157,0
1989.7451491355891,7580,6964,11888,-96,-28,71,6900,-9572,10244,-40,185,-160,-13040,4904,6864,-985,52,-78,-13052,-5600,7800,-518,129,-164,0
1989.7786710262296,7524,6820,11756,-156,-30,87,6840,-9728,10244,-35,169,-177,-12960,4888,6920,-1005,106,-110,-13100,-5600,7908,-486,113,-140,0
1989.8121941089628,7536,6860,11952,-135,-32,85,6824,-9460,10376,-54,144,-173,-12920,4932,6996,-995,72,-4,-13156,-5668,7840,-482,136,-104,0
1989.8455569744108,7472,6924,11988,-156,-251,90,6824,-9368,10464,-57,152,-137,-12896,4844,7104,-1002,82,-47,-13132,-5596,7768,-451,113,-116,0
1989.879167079925,7556,6916,11944,-177,-72,89,6844,-9244,10600,-73,157,-129,-12956,4852,6920,-981,70,-72,-13140,-5676,7696,-485,128,-112,0
1989.9127049446108,7468,6956,11708,-149,-52,96,6812,-9484,10660,-73,150,-147,-12828,5088,6740,-997,106,-84,-13104,-5636,7664,-495,119,-133,0
1989.9458630084991,7600,6884,11752,-118,-22,115,6848,-9232,10532,-15,149,-184,-12892,4896,6800,-1034,93,-110,-13004,-5800,7636,-492,178,-126,0
1989.9835150241852,7608,6872,11740,-129,-17,130,6748,-9484,10340,-31,122,-175,-12832,4696,6700,-1016,139,-39,-13060,-5444,7688,-481,132,-139,0
1990.0186729431152,7576,6704,11796,-156,-72,129,6796,-9544,10456,-30,126,-185,-12824,5020,7028,-1010,108,-79,-13148,-5656,7684,-494,161,-103,0
1990.053638935089,7428,6896,11692,-155,-42,120,6768,-9488,10512,-26,143,-169,-12836,4996,6764,-1004,113,-109,-13076,-5588,7684,-491,148,-135,0
1990.0887749195097,7636,7000,12008,-203,-85,142,6852,-9632,10276,18,127,-155,-12968,5004,6656,-993,114,-102,-12952,-5584,7652,-450,161,-78,0
1990.1248850822449,7464,6956,11992,-205,-122,135,6764,-9492,10444,12,142,-183,-12836,4884,7176,-1020,141,-94,-13052,-5460,7740,-442,178,-95,0
1990.1607000827787,7500,6872,11960,-237,-142,117,6840,-9568,10488,-29,134,-221,-12988,4884,6872,-973,122,-139,-12808,-5812,7864,-454,178,-110,0
1990.1970839500427,7624,6908,11888,-190,-157,113,6772,-9520,10568,-22,120,-217,-12988,5084,6776,-1013,112,-136,-13304,-5612,7740,-505,181,-106,0
1990.2322239875793,7500,6824,11824,-185,-144,140,6804,-9532,10504,-53,147,-234,-12988,4640,7160,-1016,143,-142,-12896,-5560,7780,-486,169,-96,0
1990.2685439586644,7452,6660,11524,-170,-131,133,6768,-9716,10384,-21,103,-215,-12880,4892,6656,-1001,145,-134,-13124,-5584,7488,-462,200,-64,0
1990.3044021129608,7516,6916,11760,-211,-156,175,6828,-9700,10560,-30,120,-211,-12944,4860,6720,-1031,168,-136,-13260,-5652,7740,-511,187,-84,0
1990.339735984802,7664,7076,12000,-186,-191,162,6880,-9424,10368,-20,111,-223,-12972,4796,6804,-1026,145,-135,-13156,-5388,7764,-501,205,-89,0
1990.3747301101685,7524,6832,11796,-216,-176,184,6900,-9504,10436,-28,108,-227,-12956,4844,6856,-1032,168,-126,-13184,-5884,7700,-492,186,-94,0
1990.410269021988,7712,6884,12004,-179,-181,165,6876,-9500,10436,-40,121,-196,-12888,4896,7152,-1028,145,-137,-13096,-5616,7620,-496,192,-94,0
1990.4454510211945,7684,6872,11752,-226,-207,149,7112,-9504,10468,-29,82,-206,-12864,4772,6828,-1034,151,-129,-13136,-5660,7744,-467,182,-76,0
1990.4812419414525,7664,6836,11992,-193,-190,161,6864,-9232,10408,-15,132,-209,-12892,4912,7132,-1026,160,-123,-13140,-5660,7680,-462,177,-66,0
1990.5170619487765,7716,6856,11788,-202,-138,146,6836,-9564,10452,-60,107,-203,-12952,4812,7064,-1001,113,-144,-13108,-5600,7776,-489,175,-77,0
1990.5522980690005,7580,6892,12004,-220,-150,129,6844,-9452,10260,21,147,-210,-13040,4832,6880,-1043,78,-156,-12808,-5640,7692,-483,187,-110,0
1990.5874469280243,7492,6836,11764,-200,-144,163,6852,-9480,10488,18,116,-189,-12820,4828,6832,-997,131,-132,-13124,-5596,7808,-481,175,-109,0
1990.622959136963,7548,6784,11644,-164,-163,143,6808,-9672,10316,-30,80,-208,-12996,4916,7008,-968,127,-155,-13264,-5628,7724,-475,234,-99,0
1990.656639099121,7672,6840,11680,-227,-176,140,6888,-9552,10408,-30,119,-252,-12816,4856,6828,-987,102,-130,-13132,-5568,7800,-480,226,-63,0
1990.6901500225067,7772,6808,11712,-197,-178,160,6876,-9252,10336,251,108,-182,-12888,4836,6864,-961,97,-90,-13120,-5540,7924,-459,134,-98,0
1990.723711013794,7624,6804,11784,-205,-127,149,6884,-9428,10504,-3,105,-185,-12948,4756,6924,-976,97,-84,-13180,-5632,7760,-509,139,-96,0
1990.757329940796,7660,6772,11812,-219,-124,132,6740,-9452,10552,-38,123,-192,-12852,4620,6812,-971,61,-124,-13244,-5392,7696,-481,176,-117,0
1990.790636062622,7568,6848,11604,-156,-126,130,6852,-9716,10696,-61,104,-195,-12940,4816,6768,-969,79,-115,-13148,-5516,7656,-516,167,-115,0
1990.8244400024414,7624,6892,11576,-94,-69,132,6888,-9720,10404,-59,93,-190,-12864,4764,6772,-986,115,-82,-13112,-5612,7844,-500,160,-100,0
1990.857743024826,7712,6772,11716,-156,-89,127,6900,-9460,10384,-42,102,-208,-12892,4856,6680,-1023,114,-68,-13132,-5588,7780,-491,179,-111,0
1990.8911111354828,7672,6832,11840,-113,-45,92,6924,-9380,10664,-85,99,-166,-13052,4704,6860,-975,41,-91,-13144,-5568,7708,-488,141,-145,0
1990.92450094223,7696,6884,11744,-147,-36,108,6660,-9476,10448,-55,136,-146,-13048,4824,6668,-974,81,-87,-13204,-5572,7680,-258,119,-120,0
1990.9581151008604,7724,6748,11704,-130,33,101,6844,-9548,10436,-113,128,-169,-13064,4948,6928,-1001,29,-59,-13100,-5592,7724,-449,183,-157,0
1990.9916369915009,7692,6892,11972,-95,-51,115,6848,-9456,10480,-220,153,-126,-12904,5116,6772,-943,-146,-36,-13076,-5608,7600,-432,277,-174,0
1991.0253591537476,7472,6760,11788,-58,-135,99,6796,-9472,10356,-139,281,-168,-12912,4964,6876,-831,-303,-71,-13100,-5712,7604,-400,296,-156,0
1991.0589730739594,7648,6840,11684,-53,-197,67,6856,-9524,10384,-182,304,-212,-12804,4788,7044,-700,-474,-132,-13084,-5572,7876,-382,400,-186,0
1991.0924839973452,7652,6888,11724,40,-296,28,6732,-9564,10400,-160,315,-193,-12844,4852,6832,-824,-518,-152,-12952,-5744,7492,-377,388,-177,0
1991.1259751319883,7640,6864,11756,40,-244,49,6768,-9464,10428,-28,310,-173,-12548,4836,6804,-845,-473,-102,-13100,-5392,7744,-417,336,-203,0
1991.1595580577853,7520,6944,11676,25,-301,16,6632,-9548,10456,20,407,-200,-12756,4636,7040,-721,-336,-99,-13180,-5452,7512,-492,311,-184,0
1991.1928780078888,7548,6672,11524,1,-269,26,6756,-9516,10516,39,395,-200,-12744,4872,6856,-851,-171,-114,-12860,-5632,7908,-550,243,-153,0
1991.226396083832,7928,6960,11612,-15,-198,60,6812,-9492,10664,94,276,-153,-12820,4872,6868,-940,-25,-99,-13160,-5544,7592,-684,234,-130,0
1991.2598459720612,7776,6904,11604,-121,-158,80,6728,-9520,10464,85,509,-184,-12596,4788,6956,-986,60,-97,-13268,-5564,7624,-702,225,-94,0
1991.2933530807493,7760,7068,11616,-141,-129,68,6872,-9500,10432,30,254,-138,-12844,4912,6952,-1056,66,-35,-13244,-5532,7632,-660,188,-98,0
1991.3269410133364,7816,6896,11784,-146,-26,60,6688,-9584,10284,160,222,-109,-12644,4868,6996,-1178,49,-15,-13288,-5624,7684,-525,123,-137,0
1991.3605289459229,7568,6924,11608,-151,80,70,6880,-9404,10600,119,141,-111,-12792,4800,7012,-1191,235,-57,-13000,-5768,7532,-472,37,-136,0
1991.3935611248012,7452,7020,11324,-52,150,72,6724,-9380,10600,83,42,-143,-12860,4820,7012,-1181,341,-120,-13164,-5800,7752,-435,-85,-117,0
1991.427289009094,7880,6960,11756,-71,60,48,6716,-9504,10676,-240,70,-187,-12840,4836,7156,-1149,392,-89,-13104,-5640,7580,-424,-27,-114,0
1991.4607429504395,7452,6992,11716,-125,124,34,6800,-9428,10492,-8,23,-176,-12864,4928,6972,-1229,485,-34,-13228,-5512,7784,-477,-133,-113,0
1991.4941949844365,7520,6876,11752,-106,188,74,6716,-9520,10632,-50,-18,-153,-12740,4968,7092,-1261,580,-36,-13052,-5628,7688,-547,-221,-131,0
1991.5277581214905,7516,6888,11804,-111,149,108,6748,-9532,10500,-89,-62,-110,-12828,4984,7060,-1165,558,-50,-13092,-5868,7708,-631,-158,-89,0
1991.5614650249483,7548,6996,11660,-195,135,140,6700,-9484,10464,-97,-21,-93,-12812,4932,6868,-1126,763,-57,-13192,-5416,7520,-609,-86,-99,0
1991.5949320793152,7572,6976,11820,-237,126,144,6776,-9436,10664,-28,80,-121,-12872,4796,6984,-1171,452,-43,-13100,-5704,7588,-575,14,-113,0
1991.6307189464567,7496,6956,11648,-281,78,152,6924,-9472,10320,60,105,-168,-12896,4668,6968,-1196,369,-78,-13072,-5740,7776,-508,118,-105,0
1991.6658840179443,7544,6936,11656,-250,46,143,6784,-9408,10516,42,79,-186,-12844,4768,7008,-1113,288,-81,-13116,-5708,7676,-461,111,-105,0
1991.701245069504,7604,6876,11844,-253,-22,98,6856,-9412,10544,23,113,-214,-12940,4884,6904,-1058,214,-48,-13124,-5456,7868,-428,110,-114,0
1991.7372210025787,7452,6720,11728,-267,-249,60,6808,-9372,10380,23,187,-164,-12904,4868,6860,-994,128,-40,-13300,-5596,7924,-380,166,-114,0
1991.7722539901733,7584,6932,11816,-276,-10,60,6836,-9460,10516,-8,205,-187,-12980,4624,6876,-985,28,230,-13144,-5592,7760,-367,153,-141,0
1991.808246135712,7604,7060,11900,-263,-17,101,6796,-9408,10476,-9,158,-180,-12828,4836,7140,-968,254,-70,-13104,-5644,7788,-386,128,-135,0
1991.8437490463257,7496,6992,11788,-209,-59,99,6724,-9540,10584,-7,144,-171,-12916,4796,6964,-924,5,-87,-13064,-5644,7696,-420,125,-119,0
1991.8790950775149,7632,6960,11740,-183,-45,99,6716,-9576,10420,9,131,-182,-12884,4708,7020,-951,34,-24,-13048,-5688,7804,-431,141,-117,0
1991.91450214386,7476,6660,11816,-180,-15,124,6784,-9448,10240,-3,117,-177,-12904,4960,6916,-970,61,-45,-13088,-5548,7828,-452,151,-90,0
1991.9501540660856,7524,6972,11780,-196,-37,128,6888,-9232,10724,30,120,-160,-12920,4816,6796,-981,111,-74,-13132,-5716,7800,-458,161,-89,0
1991.9854860305788,7484,6864,11948,-200,-90,133,6792,-9488,10600,7,107,-197,-12856,4800,7020,-969,109,-77,-13212,-5576,7760,-460,170,-123,0
1992.0208871364594,7484,6944,11732,-216,-91,135,6812,-9380,10440,252,135,-204,-12888,4848,7048,-994,126,-128,-13208,-5660,7748,-478,187,-82,0
1992.0575039386747,7504,6920,11716,-221,-165,154,6628,-9508,10560,-20,139,-222,-12980,4612,6968,-922,146,-122,-13168,-5580,7768,-459,196,-104,0
1992.0930719375613,7464,6936,11664,-247,-146,125,6808,-9344,10744,-43,117,-227,-12952,4860,7048,-834,109,-107,-13260,-5596,7592,-431,190,-91,0
1992.1282150745392,7576,6888,11904,-212,-150,151,6848,-9416,10468,-25,130,-223,-12876,5100,6880,-929,135,-88,-13100,-5380,7752,-476,173,-77,0
1992.1632480621336,7532,6816,11864,-271,-133,177,6776,-9528,10424,23,107,-225,-12940,4824,6888,-964,146,-123,-13140,-5532,7800,-472,197,-91,0
1992.199420928955,7600,6896,12028,-200,-165,182,6904,-9728,10280,-8,104,-206,-12900,4808,6988,-929,131,-103,-13072,-5676,7820,-492,179,-118,0
1992.2339699268339,7520,7088,12024,-195,-189,118,6808,-9708,10476,-51,119,-230,-12832,4636,6656,-903,62,-100,-12892,-5600,7636,-498,227,-99,0
1992.2698979377749,7608,6832,11772,-206,-187,161,6804,-9432,10480,-24,126,-219,-12928,4844,6720,-971,72,-163,-13188,-5588,7768,-440,242,-76,0
1992.305304050445,7668,6876,11712,-205,-189,165,6820,-9436,10460,-22,141,-176,-12900,4908,6984,-853,56,-91,-13100,-5884,7476,-415,190,-83,0
1992.3386509418488,7576,7120,11776,-209,-154,169,6720,-9440,10536,-51,125,-187,-12836,4920,6688,-815,76,-78,-13080,-5484,7900,-439,179,-87,0
1992.3720929622652,7424,6796,11648,-218,-144,156,6868,-9284,10544,-78,152,-194,-12880,5076,6948,-866,87,-117,-13148,-5560,7932,-462,183,-103,0
1992.4081909656525,7556,6832,11792,-162,-186,155,6768,-9540,10640,-73,130,-233,-12912,4896,6852,-909,78,-142,-13060,-5876,7552,-473,210,-111,0
1992.4417171478271,7564,6768,11768,-174,-181,149,6880,-9468,10360,-21,106,-233,-12920,5076,6644,-892,93,-137,-13072,-5508,7616,-495,228,-74,0
1992.4752390384674,7640,6752,11584,-157,-174,151,6868,-9696,10688,-52,112,-215,-12928,4628,6844,-890,129,-135,-13136,-5872,7816,-474,221,-118,0
1992.5087540149689,7592,6796,11884,-159,-187,166,6800,-9512,10408,-61,96,-236,-12820,4988,6816,-855,121,-121,-13084,-5528,7716,-466,193,-91,0
1992.5419359207153,7712,6824,11556,-168,-128,147,6884,-9552,10492,-57,133,-199,-12856,4916,7040,-923,173,-123,-13236,-5520,7908,-491,177,-102,0
1992.5755519866943,7932,6828,12028,-178,-179,167,6836,-9376,10584,-30,127,-198,-13020,4924,6764,-921,122,-129,-13188,-5468,7724,-501,194,-111,0
1992.609137058258,7932,7128,11768,-158,-152,141,6872,-9244,10496,-37,98,-191,-12872,4916,6952,-939,79,-85,-13188,-5556,7596,-446,179,-97,0
1992.6421849727633,7700,6840,11700,-165,-166,125,6792,-9424,10360,-53,131,-203,-12900,4884,7048,-932,73,-115,-13160,-5548,7588,-477,182,-92,0
1992.6755390167236,7608,6824,11676,-161,-134,104,6832,-9380,10400,-75,118,-199,-12952,4920,6836,-964,114,-113,-13140,-5532,7620,-473,145,-107,0
1992.7091751098633,7688,6800,11820,-181,-116,144,6840,-9440,10308,-23,112,-189,-12948,4984,6672,-979,130,-82,-13132,-5556,7456,-258,142,-103,0
1992.7424430847168,7832,6936,11700,-148,-77,135,6912,-9360,10580,-47,126,-191,-12792,4980,6912,-1032,131,-86,-13136,-5836,7568,-260,114,-104,0
1992.7761681079865,7796,6892,11828,-125,-70,114,6764,-9500,10400,-54,104,-204,-13028,4620,6804,-774,127,-87,-13128,-5592,7664,-522,129,-151,0
1992.809833049774,7680,6660,11680,-130,-25,82,6824,-9440,10368,-31,139,-205,-12984,4940,6988,-1026,133,-89,-13220,-5500,7756,-498,119,-129,0
1992.843163013458,7544,6872,12024,-184,-24,76,6964,-9460,10532,-49,150,-169,-12884,4692,6864,-1025,145,-76,-13164,-5572,7824,-474,132,-129,0
1992.8765530586245,7720,6764,11920,-149,247,136,6892,-9488,10524,-47,160,-121,-13008,4824,6516,-1278,150,-25,-13276,-5572,7612,-499,113,-147,0
1992.9099309444427,7704,6832,11684,-127,-16,105,6840,-9236,10564,-22,161,-155,-12924,4956,6904,-1050,74,-19,-13120,-5548,7644,-511,121,-141,0
1992.9435651302335,7568,7148,11524,-157,6,88,6880,-9724,10724,-2,145,-149,-12916,4916,6804,-1062,72,-32,-13076,-5632,7720,-491,73,-164,0
1992.9773650169373,7596,6884,11812,-142,26,84,6760,-9520,10724,-42,176,-144,-12984,4868,6968,-1080,78,-58,-13100,-5808,7776,-470,87,-158,0
1993.0108349323273,7600,6924,11664,-175,-20,54,6788,-9408,10452,-29,169,-170,-12856,5084,6864,-1061,89,-89,-13140,-5548,7744,-499,95,-148,0
1993.0441920757294,7608,6824,11584,-164,13,75,6768,-9428,10448,19,152,-136,-12892,4652,6784,-1158,123,-60,-13020,-5612,7636,-455,26,-146,0
1993.077574968338,7620,6688,11960,-130,23,99,6764,-9480,10520,19,144,-162,-12928,4884,6884,-1140,102,-41,-13128,-5424,7916,-456,70,-140,0
1993.1110460758207,7568,6704,11832,-170,-6,94,6844,-9552,10428,10,155,-157,-13048,4876,7012,-1098,72,-34,-13112,-5624,7680,-491,92,-145,0
1993.1444449424744,7624,7000,11740,-171,252,90,6900,-9276,10500,-40,153,-155,-12956,5104,6832,-1135,139,-73,-13100,-5552,7652,-495,94,-119,0
1993.1780319213867,7560,6776,11668,-108,-1,88,6868,-9412,10432,-3,182,-152,-12788,4812,6908,-1230,152,-64,-13112,-5616,7824,-508,110,-115,0
1993.211548089981,7576,6864,12028,-169,-54,94,6880,-9432,10412,38,139,-194,-12744,4776,6864,-1132,127,-42,-13100,-5808,7624,-506,122,-124,0
1993.2449600696564,7600,6824,11680,-132,2,112,6812,-9532,10408,17,130,-169,-12952,4904,6904,-1084,89,-69,-13140,-5580,7716,-541,131,-118,0
1993.2786090373993,7604,6876,11524,-128,-49,134,6892,-9512,10684,-2,132,-181,-12960,4948,6876,-1278,75,-116,-13180,-5616,7732,-502,105,-157,0
1993.3143329620364,7568,6848,11688,-129,13,85,6860,-9428,10384,-31,147,-152,-13036,4808,6840,-980,72,-23,-13124,-5804,7708,-489,110,-134,0
1993.3498740196228,7600,6944,11708,-159,-1,82,6768,-9448,10376,-9,174,-139,-12840,4948,6948,-769,44,-40,-13120,-5720,7684,-473,74,-149,0
1993.3848330974577,7548,6936,11792,-121,-43,107,6816,-9540,10496,-12,151,-169,-12820,4920,6848,-1003,83,-76,-13304,-5676,7804,-483,130,-147,0
1993.4202201366425,7564,7136,11740,-129,-45,73,6696,-9476,10604,-58,145,-192,-12940,4892,6936,-994,100,-70,-13144,-5520,7724,-465,122,-148,0
1993.4556159973145,7496,7044,11852,-137,-86,93,6688,-9472,10748,-38,148,-200,-12796,4912,6788,-1008,107,-80,-13104,-5648,7716,-510,160,-115,0
1993.491611003876,7528,6876,11660,-135,-59,101,6720,-9464,10460,-41,131,-186,-12988,4932,7084,-991,106,-61,-13088,-5544,7820,-482,142,-127,0
1993.5276610851288,7500,7108,11636,-156,-50,114,6828,-9512,10488,-39,165,-184,-12844,4788,6940,-998,109,-56,-12832,-5384,7876,-483,124,-123,0
1993.5630321502683,7508,6660,11828,-129,-61,107,6760,-9240,10604,-47,136,-195,-12936,5100,6940,-1024,113,-101,-13172,-5396,7684,-259,138,-106,0
1993.5984981060028,7536,6956,11576,-136,-71,119,6768,-9448,10620,-30,115,-180,-12996,4680,6788,-1013,114,-58,-13068,-5620,7796,-487,153,-128,0
1993.6337261199951,7588,6668,11756,-163,-55,99,6808,-9448,10524,-23,137,-158,-12824,5116,7164,-1011,124,-56,-13088,-5628,7816,-494,111,-113,0
1993.6691551208492,7496,6896,11576,-142,-30,129,6884,-9688,10496,-49,134,-170,-12896,4868,6744,-973,125,-47,-13060,-5500,7772,-464,148,-95,0
1993.7043061256409,7492,6832,11888,-173,-94,131,6708,-9660,10528,-14,132,-157,-12884,4828,6720,-1003,73,-93,-13284,-5592,7840,-485,175,-134,0
1993.7401330471039,7488,7140,12020,-207,-105,145,6760,-9472,10452,-253,152,-172,-12844,4936,6680,-1047,134,-74,-13040,-5880,7716,-478,162,-84,0
1993.7754371166227,7508,6976,11764,-158,-98,110,6804,-9472,10480,-43,99,-217,-12948,4864,7000,-1002,87,-84,-13100,-5700,7720,-481,185,-117,0
1993.8109920024872,7552,6820,11892,-185,-162,101,6724,-9540,10344,-16,116,-231,-12756,4936,6984,-992,108,-127,-12836,-5588,7664,-475,214,-85,0
1993.8471500873563,7588,6664,11796,-199,-107,151,6800,-9532,10452,255,112,-224,-12888,4856,6800,-1013,118,-109,-13104,-5496,7716,-465,167,-84,0
1993.8822469711304,7576,6908,11868,-204,-108,172,6848,-9476,10460,-40,98,-187,-13032,4872,6684,-983,116,-87,-13060,-5648,7780,-461,140,-96,0
1993.9176330566404,7604,6960,11760,-229,-125,150,6728,-9452,10732,-65,128,-191,-12844,4888,6792,-974,135,-115,-13132,-5628,7692,-481,159,-110,0
1993.9525310993195,7540,6888,11828,-238,-146,141,6864,-9436,10748,-33,144,-191,-12900,4940,6936,-1006,110,-132,-13164,-5584,7636,-504,190,-103,0
1993.9883420467377,7528,6920,11716,-170,-146,143,6860,-9488,10540,13,129,-234,-12988,4736,7136,-1277,133,-158,-13012,-5524,7740,-503,251,-71,0
1994.0217230319977,7540,6936,11740,-194,-166,133,6844,-9420,10436,255,104,-240,-12880,4740,6784,-1059,165,-176,-13148,-5564,7684,-492,246,-95,0
1994.0552940368652,7604,6796,11928,-188,-176,155,6784,-9716,10460,-1,104,-214,-12912,4912,6788,-993,168,-125,-13144,-5628,7664,-480,197,-64,0
1994.0888800621033,7524,6868,11812,-187,-150,138,6888,-9448,10608,-34,115,-216,-13020,4832,6852,-999,128,-134,-13180,-5520,7480,-481,175,-86,0
1994.1220970153809,7540,6820,11848,-170,-157,133,6828,-9516,10420,6,119,-219,-12948,4864,6876,-1025,129,-139,-13156,-5560,7712,-485,181,-95,0
1994.1554310321808,7600,6668,11752,-213,-167,173,6840,-9460,10684,-19,111,-183,-12924,4836,6836,-1022,130,-95,-13148,-5644,7772,-459,180,-104,0
1994.1887581348417,7560,6880,11924,-181,-145,152,6884,-9492,10360,-25,112,-211,-12964,4840,6844,-998,115,-76,-13172,-5536,7748,-481,184,-95,0
1994.2222061157229,7588,6880,11768,-181,-147,134,6728,-9420,10480,-61,108,-210,-13000,4628,7132,-979,130,-143,-13060,-5452,7836,-468,190,-106,0
1994.2558929920199,7528,6848,11812,-188,-162,152,6844,-9416,10460,-39,79,-216,-12964,4940,6824,-1008,104,-124,-13080,-5596,7516,-504,205,-99,0
1994.2894959449768,7616,6832,11828,-183,-135,138,6880,-9480,10632,-4,102,-229,-12856,4788,7148,-1019,143,-126,-13028,-5660,7712,-490,206,-105,0
1994.3227801322935,7660,6876,11764,-193,-131,158,6828,-9500,10316,-22,104,-219,-12872,4772,7136,-773,138,-95,-13088,-5500,7752,-509,182,-81,0
1994.3558120727537,7676,6824,11744,-166,-138,154,6816,-9412,10312,-34,109,-211,-12940,4624,6828,-1001,134,-130,-13088,-5548,7832,-481,201,-112,0
1994.3891429901123,7652,6832,11812,-133,-142,161,6892,-9416,10420,-20,124,-198,-12924,4832,6880,-1006,123,-105,-13108,-5488,7784,-517,194,-103,0
1994.422322034836,7636,6672,11752,-170,-138,153,6816,-9464,10388,-25,97,-200,-12948,4780,7140,-1015,139,-72,-13156,-5604,7700,-469,158,-72,0
1994.4559690952299,7680,6844,11672,-209,-93,150,6664,-9384,10380,-36,124,-180,-12908,4848,7092,-995,161,-37,-13148,-5592,7664,-485,112,-99,0
1994.4896919727323,7672,6808,11860,-145,-100,116,6896,-9408,10616,-62,108,-146,-12972,4616,6912,-1035,84,-53,-13200,-5472,7716,-499,93,-140,0
1994.5232369899747,7664,6744,11668,-161,-27,108,6824,-9436,10484,-10,170,-171,-12996,4852,7076,-1053,71,-87,-13140,-5652,7648,-492,114,-170,0
1994.5568120479584,7524,6872,11528,-141,21,69,6828,-9312,10492,-1,162,-150,-12836,4880,6968,-1028,141,-59,-13148,-5800,7744,-485,84,-114,0
1994.59029507637,7560,6944,12004,-124,-16,82,6832,-9696,10296,-37,150,-169,-12888,4836,6648,-1020,93,-59,-12812,-5408,7592,-478,159,-126,0
1994.6238920688627,7432,6896,11524,-180,-43,68,6828,-9440,10512,6,158,-185,-12808,4624,6916,-1050,99,-81,-13180,-5548,7740,-467,127,-119,0
1994.6573331356049,7536,7084,11572,-116,-9,102,6876,-9452,10468,-39,154,-133,-12836,4764,6668,-1021,94,-16,-13064,-5572,7560,-441,100,-133,0
1994.6910560131073,7580,6736,11540,-150,5,89,6808,-9368,10460,-55,146,-130,-12868,4724,6864,-996,70,-34,-13068,-5556,7772,-475,80,-129,0
1994.724378108978,7564,6920,11832,-158,11,86,6808,-9488,10556,-39,169,-162,-12956,5012,6924,-964,48,240,-13176,-5536,7784,-491,103,-144,0
1994.757709026337,7488,6912,11732,-144,-14,97,6780,-9504,10540,-41,162,-157,-12972,4836,6728,-1007,53,-25,-13156,-5616,7664,-515,111,-159,0
1994.79132604599,7664,6824,11736,-120,6,84,6812,-9424,10604,-45,149,-162,-12852,4884,7068,-991,85,-47,-13092,-5644,7804,-491,162,-102,0
1994.8248810768127,7648,6688,11756,-131,-19,123,6772,-9388,10508,-24,119,-176,-12956,4984,6792,-975,80,-110,-13088,-5544,7692,-506,144,-119,0
1994.858334064484,7636,6964,11852,-136,-30,85,6776,-9476,10564,-55,114,-182,-12844,4848,6772,-964,91,-97,-13160,-5532,7708,-469,152,-128,0
1994.891660928726,7620,6908,11532,-145,-49,113,6888,-9512,10440,-39,167,-173,-12976,5068,6680,-969,111,-39,-13176,-5584,7804,-477,134,-164,0
1994.9250349998474,7916,6908,11620,-140,-52,89,6852,-9704,10740,-36,168,-177,-12908,5072,6708,-1006,81,-47,-13132,-5632,7828,-493,98,-139,0
1994.9586970806124,7868,6824,11968,-139,-14,85,6848,-9464,10524,-41,157,-139,-12984,4780,6844,-998,84,-84,-13144,-5600,7752,-485,101,-158,0
1994.9943909645083,7568,6920,11748,-132,1,76,6780,-9464,10564,-70,150,-160,-12880,4868,6764,-968,60,-44,-13172,-5660,7672,-480,95,-157,0
1995.0297279357908,7796,6836,11900,-150,9,92,6752,-9492,10488,-55,162,-150,-12900,4924,6752,-998,81,-47,-13172,-5628,7700,-518,135,-127,0
1995.0650689601896,7516,7160,11912,-168,-49,105,6780,-9556,10568,-253,184,-162,-12876,4808,6844,-1001,105,-83,-13076,-5644,7764,-489,135,-148,0
1995.100867986679,7504,6880,11728,-106,-21,116,6704,-9524,10588,-35,134,-187,-12888,4784,6924,-996,108,-86,-13040,-5588,7716,-498,155,-106,0
1995.1360790729525,7516,6856,11536,-141,-98,82,6756,-9692,10628,-85,136,-191,-13012,4876,6748,-982,69,-43,-13128,-5564,7932,-763,128,-137,0
1995.1717751026154,7520,6880,11632,-125,-57,102,6852,-9492,10460,-29,149,-163,-12848,4856,6920,-1000,124,-62,-13120,-5572,7784,-479,117,-121,0
1995.207690000534,7564,7136,11532,-118,-22,95,6816,-9500,10664,-8,117,-154,-12952,4952,6940,-1036,97,-57,-13108,-5584,8060,-479,100,-103,0
1995.2426450252533,7504,6824,11736,-150,-246,97,6732,-9396,10600,-52,138,-170,-12896,4884,6840,-999,111,-77,-13112,-5540,7704,-480,97,-138,0
1995.2787201404572,7632,6848,11604,-118,-21,104,6820,-9224,10464,-51,145,-157,-12968,4808,6532,-967,84,-50,-13024,-5496,7740,-528,139,-144,0
1995.3143041133883,7476,6656,11852,-144,-37,123,6900,-9604,10568,-45,136,-165,-12888,4748,6844,-1016,90,-56,-13080,-5652,7728,-480,149,-137,0
1995.3498520851133,7552,6880,11732,-121,-29,110,6932,-9492,10568,-13,132,-190,-12896,4872,6976,-1031,106,-111,-13148,-5612,7908,-496,146,-91,0
1995.3848271369934,7848,6836,11800,-136,-67,89,6828,-9468,10280,-30,147,-204,-12892,4892,6872,-990,81,-57,-13060,-5624,7796,-479,163,-118,0
1995.4202289581297,7496,6856,11628,-175,-97,96,6772,-9464,10500,-32,160,-196,-12916,4900,6952,-1019,110,-66,-13272,-5832,7712,-449,136,-144,0
1995.4556300640108,7612,6804,11812,-152,-47,94,6860,-9276,10288,-36,138,-173,-12828,4800,7012,-985,117,-43,-12916,-5744,7772,-462,112,-150,0
1995.4916470050812,7616,6968,11712,-181,-69,112,6820,-9592,10644,-40,167,-177,-12980,4932,6860,-975,99,-99,-13060,-5676,7728,-476,167,-145,0
1995.5277080535889,7620,6892,11724,-159,-39,94,6800,-9500,10540,-40,174,-161,-12584,4920,7096,-993,76,-60,-13120,-5828,7888,-491,119,-109,0
1995.562791109085,7576,6960,11976,-161,-72,125,6796,-9448,10564,-36,165,-177,-12880,4868,6536,-1022,118,-64,-13148,-5612,7824,-481,142,-129,0
1995.5982539653776,7516,6904,12008,-133,-49,119,6824,-9452,10548,-20,128,-183,-13036,4632,6740,-1026,105,-96,-13068,-5528,7708,-517,149,-119,0
1995.6335411071775,7508,6904,11820,-141,-67,119,6808,-9496,10500,-18,123,-183,-12852,4892,6940,-1041,118,-64,-13088,-5620,7824,-492,174,-121,0
1995.669310092926,7524,6996,11540,-136,-72,113,6828,-9484,10432,-55,160,-178,-12984,4976,6940,-998,106,-58,-13148,-5620,7468,-499,123,-107,0
1995.7028369903564,7624,7124,11704,-129,-41,136,7152,-9480,10524,-57,124,-164,-12976,4612,6656,-997,114,-110,-13144,-5824,7748,-482,137,-134,0
1995.7365629673004,7556,6924,11660,-161,-47,103,6776,-9460,10672,-26,165,-156,-12808,4684,6796,-1009,101,-91,-13032,-5576,7788,-470,167,-113,0
1995.7700691223145,7580,6916,11756,-167,-46,113,6876,-9220,10704,-33,155,-175,-12864,4980,6892,-999,118,-74,-13268,-5664,7888,-481,136,-105,0
1995.80348610878,7576,6888,11784,-185,-64,111,6784,-9532,10484,-25,152,-184,-13024,4888,6972,-1017,110,-81,-13072,-5548,7704,-470,173,-89,0
1995.8371369838715,7596,6932,11768,-187,-78,134,6816,-9548,10564,-8,158,-196,-12888,4852,6912,-994,104,-89,-13124,-5624,7696,-463,190,-119,0
1995.8706171512604,7476,6844,11852,-199,-112,130,6668,-9572,10380,254,125,-186,-12844,4880,7056,-975,120,-115,-13080,-5604,7832,-483,168,-73,0
1995.9039859771729,7524,6988,11732,-181,-125,135,6712,-9492,10456,-30,126,-211,-12896,4888,6948,-999,128,-160,-13024,-5620,7768,-497,190,-100,0
1995.937602996826,7504,6892,11648,-196,-155,137,6780,-9468,10556,-26,111,-209,-12948,4900,7128,-1005,136,-90,-13124,-5596,7804,-504,207,-99,0
1995.9710969924927,7484,6904,11724,-174,-117,130,6732,-9528,10552,-30,120,-218,-12924,4908,7036,-988,147,-68,-13140,-5636,7688,-487,196,-99,0
1996.0047020912173,7572,6804,11800,-161,-171,152,6828,-9412,10572,249,88,-224,-12940,4864,7068,-1005,121,-134,-12824,-5604,7780,-507,182,-96,0
1996.038156032562,7600,6692,11812,-174,-188,142,6820,-9448,10568,-23,128,-192,-12896,4960,6800,-1006,123,-133,-13092,-5396,7924,-488,205,-106,0
1996.0717720985413,7568,6896,12012,-227,-176,127,6856,-9224,10580,-9,126,-210,-12960,5068,6820,-991,128,-97,-13088,-5524,7636,-482,175,-91,0
1996.1053440570831,7532,6944,11652,-186,-145,127,6768,-9592,10608,-20,111,-182,-12948,5116,6872,-984,82,-113,-13284,-5524,7708,-510,167,-78,0
1996.138698101044,7600,6812,11568,-214,-160,159,6828,-9444,10512,-255,68,-220,-12920,4848,6836,-1054,98,-112,-13164,-5588,7696,-492,184,-115,0
1996.1722080707548,7520,6872,11588,-204,-149,170,6828,-9404,10528,11,112,-197,-12880,4792,6992,-1014,144,-142,-13212,-5644,7684,-483,167,-79,0
1996.2056860923767,7612,6852,11952,-198,-144,139,6796,-9360,10392,-39,126,-224,-12888,5036,6816,-1000,123,-134,-13092,-5860,7660,-504,233,-75,0
1996.2388720512388,7568,6832,11628,-236,-153,138,6888,-9460,10256,-25,113,-220,-13044,4972,6684,-1001,123,-139,-13204,-5456,7772,-479,220,-46,0
1996.2724990844729,7636,6808,11696,-201,-147,183,6860,-9432,10544,23,68,-206,-12984,4816,6780,-1041,127,-64,-13160,-5668,7672,-431,161,-90,0
1996.3060660362244,7492,6860,11736,-195,-129,148,6888,-9396,10440,-19,116,-203,-12868,4736,6916,-1050,120,-80,-13112,-5592,7796,-475,136,-69,0
1996.3397121429443,7608,6872,11676,-208,-148,130,6760,-9540,10592,-38,129,-195,-12868,4900,6872,-1005,100,-154,-13136,-5548,7700,-480,174,-97,0
1996.3733320236204,7516,6900,11848,-186,-130,130,6776,-9476,10504,-36,116,-202,-12828,4864,7048,-1016,104,-126,-13124,-5572,7684,-509,184,-87,0
1996.4066431522372,7892,6860,11960,-173,-167,155,6800,-9540,10276,-1,69,-203,-12924,4868,6768,-1280,146,-117,-13040,-5600,7780,-542,205,-70,0
1996.4398560523987,7428,6880,11672,-156,-165,158,6748,-9340,10524,-28,93,-246,-12868,4968,6776,-769,161,-149,-13192,-5572,7740,-473,229,-80,0
1996.473151922226,7564,6908,11752,-187,-177,159,6688,-9452,10488,-27,105,-237,-12980,4612,6868,-1007,148,-146,-13136,-5564,7700,-472,188,-83,0
1996.5068240165713,7928,6872,11836,-212,-173,132,6892,-9484,10388,-256,133,-226,-12972,4684,6892,-1043,127,-167,-13088,-5604,7444,-489,183,-92,0
1996.540295124054,7684,6824,11568,-163,-100,115,6972,-9392,10544,-21,148,-198,-13024,4860,6916,-769,140,-113,-13136,-5548,7852,-499,181,-130,0
1996.5738730430603,7720,6840,12008,-165,-117,138,6772,-9388,10376,-24,134,-195,-12904,4804,6780,-1015,116,-97,-13148,-5664,7668,-496,155,-118,0
1996.6074929237363,7648,6840,11832,-154,-120,137,7100,-9388,10356,-44,113,-214,-12916,4844,6836,-775,115,-78,-13268,-5544,7456,-494,132,-107,0
1996.640960931778,7612,6780,11616,-157,-124,92,6864,-9364,10604,-38,131,-178,-12752,4856,6768,-1039,110,-100,-13084,-5556,7900,-485,137,-142,0
1996.6780309677124,7428,6780,11624,-167,-67,85,6796,-9420,10404,-41,138,-198,-12888,4796,6748,-1273,103,-90,-13128,-5488,7792,-768,145,-149,0
1996.7138199806213,7924,6852,11732,-123,-42,97,6864,-9452,10468,-29,156,-180,-12840,4764,6900,-1019,109,-44,-13132,-5560,7916,-493,127,-150,0
1996.7495710849764,7652,6768,11684,-149,5,113,6900,-9452,10400,-10,156,-165,-12928,4780,6752,-1018,139,-100,-13096,-5444,7912,-494,150,-105,0
1996.7845640182493,7436,6780,11728,-160,-41,103,6728,-9516,10688,-25,158,-184,-12944,4836,6924,-1005,92,-57,-13224,-5660,7888,-458,134,-116,0
1996.8202321529388,7712,6960,11684,-151,-20,111,6800,-9472,10592,-18,132,-171,-12856,4856,6840,-1020,80,-70,-13128,-5536,7648,-494,94,-142,0
1996.8554091453552,7860,6776,11692,-133,-26,80,6836,-9456,10416,-31,153,-140,-12956,4896,6736,-1015,47,-38,-13096,-5508,7736,-498,94,-147,0
1996.8908820152285,7460,6660,11720,-143,-24,100,6904,-9436,10544,-13,198,-154,-12836,4784,7000,-968,65,-79,-13124,-5620,7716,-473,90,-150,0
1996.9262261390684,7452,7080,12020,-105,39,77,6708,-9328,10588,-77,175,-147,-12832,4836,6900,-958,13,-49,-13104,-5544,7764,-508,102,-148,0
1996.962213039398,7648,6900,11908,-154,45,52,6764,-9576,10308,-41,195,-145,-12896,4804,6856,-937,58,-96,-13160,-5580,7656,-462,135,-148,0
1996.997390985489,7628,6792,11592,-133,26,93,6836,-9456,10520,-14,157,-150,-12996,4780,6620,-973,70,-28,-13120,-5652,7804,-472,93,-120,0
1997.0333030223849,7616,6952,11624,-121,25,94,6796,-9528,10424,-44,130,-147,-12852,4692,6656,-973,73,-63,-13152,-5568,7712,-470,111,-145,0
1997.0688049793243,7640,7124,11756,-132,3,88,6856,-9456,10568,-68,175,-169,-12884,4928,7128,-950,56,-65,-12964,-5684,7480,-487,101,-147,0
1997.104283094406,7516,6868,11680,-113,42,81,6816,-9416,10568,-77,140,-150,-12836,4948,6984,-993,85,-39,-13120,-5540,7720,-507,92,-165,0
1997.1401879787443,7552,6972,11704,-146,-26,89,6732,-9392,10424,-6,145,-174,-12840,4980,7120,-1278,106,-57,-13080,-5560,7500,-494,138,-138,0
1997.175501108169,7636,6888,11832,-111,-23,81,6744,-9412,10500,-42,152,-161,-12948,4620,7012,-979,88,-90,-13072,-5396,7796,-507,132,-153,0
1997.2115330696108,7676,6844,11792,-114,-32,70,6860,-9468,10452,-43,163,-194,-12908,4896,6840,-987,68,-84,-13144,-5616,7792,-510,103,-136,0
1997.2477259635923,7624,6932,11812,-138,-16,99,6800,-9492,10508,-44,168,-157,-12876,4892,6824,-988,71,-84,-13072,-5556,7768,-507,119,-157,0
1997.2830560207367,7596,6952,11544,-131,-24,101,6836,-9512,10564,-35,153,-143,-12928,4736,6800,-1015,60,-50,-13140,-5652,7684,-469,119,-109,0
1997.319829940796,7572,6852,11648,-111,-29,81,6888,-9336,10540,-60,165,-186,-12924,4780,6724,-998,71,-102,-13148,-5688,7900,-498,134,-138,0
1997.3534219264984,7548,6864,11708,-139,-54,89,6788,-9388,10500,-37,166,-170,-12832,5108,6816,-982,74,-108,-13144,-5824,7724,-482,116,-148,0
1997.3868420124054,7572,6728,12092,-156,-51,79,6832,-9236,10428,-58,160,-169,-12900,4788,6788,-982,66,-51,-13188,-5888,7764,-474,127,-133,0
1997.4262170791628,7504,6916,11712,-129,-41,98,6756,-9508,10444,-54,157,-172,-12948,4852,6712,-1003,112,-102,-13080,-5632,7812,-494,133,-131,0
1997.460361003876,7448,6876,11752,-114,-14,95,6840,-9472,10556,-29,158,-166,-12908,4880,6884,-1013,103,-55,-13108,-5600,7804,-767,129,-142,0
1997.493597984314,7596,6976,11756,-148,-43,98,6868,-9472,10500,-34,143,-201,-12924,4748,7024,-960,93,-58,-13096,-5628,7776,-449,151,-134,0
1997.5273470878603,7420,6892,11740,-155,-38,96,6720,-9432,10524,-64,119,-181,-12868,4904,6816,-994,104,-42,-13156,-5584,7812,-479,128,-120,0
1997.5609040260315,7656,6892,11880,-139,-76,108,6708,-9288,10576,-31,158,-143,-12936,4716,6920,-1010,104,-74,-13060,-5496,7824,-500,161,-141,0
1997.5945219993591,7508,6856,11872,-179,-54,140,6844,-9384,10584,-6,142,-150,-12876,4916,6852,-1025,95,-105,-13064,-5640,7776,-257,129,-105,0
1997.6281690597534,7644,6928,11716,-147,-17,123,6764,-9376,10612,-49,143,-163,-12868,4812,7116,-999,68,-28,-13104,-5712,7752,-491,117,-149,0
1997.6616010665894,7472,6912,11996,-155,-100,93,6820,-9516,10408,-38,152,-217,-12868,4908,6900,-993,93,-27,-13172,-5572,7732,-497,162,-139,0
1997.6950590610504,7600,6944,11616,-193,-59,106,6836,-9512,10536,-5,140,-194,-12816,4940,6880,-1040,115,-74,-13164,-5608,7832,-478,174,-105,0
1997.7286980152132,7512,6888,11812,-175,-107,145,6800,-9328,10732,-8,147,-192,-12896,4848,6936,-1004,123,-111,-13164,-5744,7696,-471,161,-98,0
1997.7622759342194,7516,6940,11820,-208,-154,137,6700,-9720,10240,-15,99,-203,-12880,4948,7176,-1000,149,-136,-13220,-5844,7868,-469,147,-73,0
1997.7958259582524,7552,6960,11852,-191,-164,141,6684,-9516,10300,-59,127,-212,-12812,4924,6980,-962,90,-120,-13128,-5664,7832,-506,175,-109,0
1997.8294429779053,7492,6912,11732,-145,-147,153,6772,-9456,10564,-29,109,-202,-12644,4656,6752,-1029,123,-117,-13104,-5592,7800,-483,190,-81,0
1997.8629570007324,7536,6884,12024,-224,-197,193,6812,-9472,10336,-4,103,-219,-12884,4620,6680,-1008,186,-105,-13140,-5628,7732,-488,212,-68,0
1997.8967421054845,7504,6856,11744,-191,-151,169,6836,-9368,10304,-15,105,-209,-12836,4940,6816,-1273,145,-162,-12984,-5576,7860,-480,217,-77,0
1997.9301409721375,7544,6876,11852,-237,-192,174,6836,-9480,10728,254,95,-203,-12904,4960,6976,-1006,158,-155,-13228,-5596,7804,-489,185,-98,0
1997.9636290073395,7572,6844,11664,-210,-184,174,6768,-9440,10544,-254,128,-217,-13052,4896,7148,-1007,132,-79,-13172,-5616,7720,-756,188,-117,0
1997.9969079494476,7620,6880,11796,-193,-180,175,6824,-9364,10540,-13,111,-220,-12912,4848,6908,-1035,155,-90,-13088,-5532,7644,-467,201,-79,0
1998.030503988266,7620,6904,11692,-208,-154,170,6832,-9380,10604,-29,103,-211,-12828,4776,6720,-1010,137,-113,-13120,-5860,7600,-469,189,-64,0
1998.0642471313479,7484,6916,11764,-182,-176,149,6780,-9400,10584,-39,117,-216,-12980,4664,7000,-773,125,-140,-13112,-5392,7812,-474,167,-55,0
1998.0979750156405,7644,6876,11768,-203,-198,115,6788,-9440,10584,-10,99,-226,-12996,4848,6904,-1039,118,-136,-13172,-5564,7664,-486,187,-95,0
1998.1310949325564,7656,6812,11964,-192,-145,124,6808,-9428,10252,-28,124,-211,-12952,5112,6924,-1040,106,-82,-13288,-5792,7728,-472,176,-92,0
1998.1644029617307,7644,6872,12020,-160,-158,122,6724,-9236,10256,-13,139,-191,-12884,5024,7084,-1056,155,-107,-13288,-5404,7740,-493,167,-84,0
1998.1979379653933,7440,6672,11756,-160,-144,146,6812,-9412,10532,-1,90,-207,-12828,4828,6896,-1060,184,-144,-13108,-5576,7768,-481,173,-87,0
1998.2312250137327,7428,6876,11572,-188,-180,137,6824,-9400,10392,-28,126,-209,-13040,4856,6964,-1029,160,-136,-13248,-5532,7692,-467,174,-61,0
1998.264846086502,7652,6856,11852,-199,-165,186,6856,-9728,10436,-49,93,-212,-13004,4808,6764,-1045,162,-107,-13156,-5856,7932,-524,159,-97,0
1998.2984230518339,7676,6908,11564,-168,-157,139,7104,-9368,10496,-44,120,-190,-12924,5076,7032,-1061,139,-106,-13128,-5572,7740,-492,182,-89,0
1998.3317909240725,7724,6664,11976,-172,-144,145,6824,-9300,10500,-7,139,-174,-12856,4796,6972,-1043,135,-83,-13136,-5684,7632,-489,115,-126,0
1998.3691730499268,7684,6892,11880,-149,-103,102,6916,-9376,10532,-50,140,-202,-12940,4876,6848,-997,127,-144,-13144,-5788,7664,-482,170,-97,0
1998.4041321277616,7644,6848,11672,-191,-120,122,6892,-9448,10288,-21,137,-185,-12908,4856,6880,-1038,97,-76,-13184,-5612,7808,-464,146,-144,0
1998.4397530555723,7740,6880,11496,-128,-57,133,6828,-9376,10476,-35,133,-146,-12828,4812,6708,-955,102,-41,-12824,-5564,7652,-469,101,-115,0
1998.4749770164492,7648,6848,11640,-183,-29,99,6904,-9420,10304,-35,134,-141,-12832,4624,6708,-979,46,-21,-13036,-5520,7788,-480,103,-132,0
1998.5104200839996,7616,6856,11700,-178,-29,104,6900,-9496,10560,-51,183,-141,-12972,4828,6724,-928,32,-55,-13040,-5684,7792,-507,141,-120,0
1998.54558801651,7472,7120,11592,-131,2,84,6864,-9492,10488,-13,141,-151,-12972,4868,6796,-940,55,-37,-13164,-5548,7544,-522,149,-133,0
1998.5812010765076,7652,6868,11740,-159,-40,130,6768,-9264,10420,-14,101,-160,-12876,4944,6868,-967,110,-112,-13184,-5544,7780,-489,174,-114,0
1998.6175220012665,7672,6812,11680,-144,-35,107,6772,-9464,10440,-42,130,-205,-12888,4944,7016,-969,104,-38,-13212,-5548,7708,-487,149,-99,0
1998.652272939682,7648,6828,11764,-154,-62,86,6836,-9432,10472,-53,123,-182,-12928,4836,6740,-971,93,-64,-13140,-5568,7836,-473,115,-135,0
1998.6876230239868,7772,6708,11864,-144,19,97,6920,-9592,10484,-41,173,-164,-12964,4896,6804,-973,78,-67,-13312,-5388,7904,-489,122,-150,0
1998.7234539985657,7616,7092,11960,-143,-12,104,6792,-9376,10728,-32,184,-128,-12944,4624,6840,-1007,53,-42,-13080,-5584,7732,-471,114,-125,0
1998.7594540119171,7676,6888,11948,-138,19,86,6724,-9416,10628,-46,142,-172,-12908,4740,6876,-980,58,-44,-13104,-5380,7628,-486,105,-120,0
1998.7950630187988,7468,6944,11844,-138,-28,55,6852,-9492,10516,-86,162,-176,-12908,4792,6928,-990,52,-16,-13116,-5624,7748,-534,117,-181,0
1998.8302710056305,7608,6852,11728,-143,-10,84,6884,-9580,10608,-32,182,-135,-12880,4752,6824,-1279,99,-84,-13028,-5720,7924,-471,123,-163,0
1998.8655581474304,7568,6972,11640,-84,19,90,6736,-9448,10600,-12,120,-189,-12892,4784,7008,-971,119,-54,-13140,-5568,7648,-511,128,-162,0
1998.9010391235352,7680,6936,11960,-129,-52,95,6676,-9684,10296,-45,162,-189,-12932,4956,6916,-995,60,-64,-13076,-5560,7788,-481,139,-100,0
1998.93719291687,7464,7120,11688,-148,-57,108,6804,-9332,10552,-51,164,-164,-12880,4916,6744,-999,98,-25,-13128,-5792,7692,-464,88,-109,0
1998.9723980426788,7904,7164,11792,-142,54,126,6860,-9468,10404,-37,125,-119,-12880,4908,6804,-1024,121,-23,-13040,-5600,7696,-490,100,-136,0
1999.008628129959,7564,6876,11816,-127,-12,126,6740,-9232,10504,-22,131,-142,-12924,4804,6808,-1046,89,-38,-13096,-5632,7696,-492,108,-167,0
1999.041913032532,7408,6928,11748,-127,-25,98,6904,-9448,10528,-41,157,-154,-12908,4820,6932,-983,77,-89,-13224,-5664,7652,-489,123,-146,0
1999.0754959583285,7644,6972,11812,-130,-37,62,6688,-9436,10516,-59,143,-160,-12880,4908,6848,-997,75,-71,-13096,-5564,7800,-538,132,-150,0
1999.1092071533203,7628,6804,11964,-108,-45,88,6824,-9536,10308,-35,154,-204,-12868,4832,6796,-1010,107,-92,-13016,-5660,7752,-502,130,-119,0
1999.1421630382536,7528,6820,11740,-135,-34,94,6744,-9512,10300,-30,106,-179,-12836,4964,7004,-1007,95,-87,-13176,-5572,7788,-483,133,-148,0
1999.1757459640503,7628,6816,11704,-143,-59,92,6820,-9608,10472,-62,143,-181,-12892,4968,6968,-993,90,-85,-13164,-5508,7624,-482,149,-127,0
1999.209480047226,7608,6800,11832,-156,-54,114,6788,-9376,10432,-34,144,-186,-12980,4932,7148,-1010,120,-79,-13180,-5616,7844,-476,122,-139,0
1999.2446920871735,7540,7032,11720,-163,-42,87,6784,-9412,10540,-58,134,-179,-12908,4832,6868,-990,118,-25,-13172,-5804,7540,-471,125,-127,0
1999.2782609462736,7592,6872,11752,-154,-37,87,6936,-9432,10604,-45,139,-174,-12832,4860,6788,-998,88,-68,-13064,-5544,7508,-483,118,-122,0
1999.3119709491732,7648,6804,11956,-146,-62,85,6772,-9276,10420,-17,134,-177,-12844,4860,6892,-1020,101,-89,-13052,-5384,7796,-486,153,-136,0
1999.3454051017764,7588,6884,11716,-162,-60,122,6864,-9684,10364,-28,158,-174,-12956,4612,6768,-771,93,-105,-13112,-5536,7656,-478,132,-140,0
1999.3786721229553,7600,6836,11716,-105,-29,91,6832,-9552,10540,-38,130,-185,-12896,5040,6664,-996,104,-50,-13120,-5656,7668,-500,128,-144,0
1999.4119870662687,7536,6932,11780,-152,-49,108,6732,-9432,10496,-27,138,-188,-12932,5108,6680,-990,104,-59,-12844,-5388,7784,-476,129,-132,0
1999.4453971385956,7616,6860,11728,-170,-50,112,6812,-9364,10480,-34,143,-190,-12844,4892,6776,-1006,106,-81,-13136,-5404,7764,-462,155,-93,0
1999.4789609909055,7580,6860,11668,-157,-96,93,6740,-9408,10536,-17,116,-198,-12828,4872,6828,-1022,89,-101,-13072,-5600,7884,-471,134,-123,0
1999.5125370025635,7496,6868,11804,-169,-45,129,6820,-9312,10512,-49,113,-180,-12824,4876,7072,-989,87,-70,-13104,-5596,7772,-475,117,-118,0
1999.545794963837,7552,6888,11924,-170,-35,117,6888,-9268,10428,-33,157,-167,-12900,5040,6880,-1010,110,-61,-13164,-5828,7948,-499,132,-88,0
1999.5792729854584,7432,6828,11860,-179,-85,113,6692,-9436,10544,-19,145,-165,-12840,4900,6848,-968,91,-104,-13092,-5884,7840,-500,136,-118,0
1999.6126749515533,7532,6912,11868,-159,-82,130,6724,-9552,10748,-15,138,-204,-12844,4860,7108,-986,112,-126,-13184,-5584,7696,-505,172,-114,0
1999.6457531452177,7488,6824,11772,-192,-113,155,6736,-9572,10592,-5,134,-201,-12964,4956,6980,-1005,114,-106,-12952,-5780,7688,-762,197,-96,0
1999.6794130802155,7520,6916,11840,-172,-131,157,6776,-9540,10460,-43,124,-208,-12908,4932,6924,-1030,115,-124,-13192,-5616,7788,-498,181,-93,0
1999.7129790782928,7552,6852,11748,-176,-157,132,6728,-9220,10400,-40,133,-222,-13036,4928,6912,-1007,138,-179,-13032,-5556,7932,-488,203,-67,0
1999.7464361190796,7680,6880,11640,-217,-143,114,6736,-9480,10588,-24,134,-221,-12836,4656,7012,-1000,137,-125,-13120,-5592,7756,-477,157,-96,0
1999.779962062836,7660,6952,11648,-211,-142,119,6816,-9496,10548,-42,99,-194,-12988,4860,6892,-1012,124,-99,-13180,-5564,7592,-500,137,-72,0
1999.8136911392212,7608,6856,11692,-213,-149,142,6804,-9500,10528,-20,118,-185,-12992,4776,6916,-1053,118,-50,-13144,-5528,7824,-489,163,-131,0
1999.8470239639285,7512,6952,11700,-205,-121,138,6900,-9396,10516,5,151,-195,-12856,4780,6668,-1025,134,-98,-13244,-5572,7716,-461,173,-91,0
1999.8808031082153,7624,6896,11804,-184,-135,102,6892,-9448,10476,-32,125,-231,-12856,4876,6960,-1008,131,-146,-13192,-5476,7556,-530,229,-89,0
1999.9142160415652,7644,6840,11800,-219,-181,155,6888,-9444,10508,24,86,-202,-13004,4952,6784,-1057,138,-140,-13164,-5396,7860,-475,201,-76,0
1999.947571992874,7588,6852,11640,-164,-155,152,6880,-9468,10432,-13,132,-190,-12868,4812,6672,-1000,126,-78,-13220,-5408,7900,-454,127,-108,0
1999.9811029434204,7556,6668,11816,-213,-127,137,7100,-9408,10280,-34,89,-186,-12932,4804,6880,-1001,96,-73,-13308,-5672,7460,-453,144,-52,0
2000.014400959015,7640,6868,11664,-2,-157,159,6796,-9408,10604,-15,172,-174,-12844,4864,7108,-992,108,-136,-13052,-5576,7760,-471,189,-83,0
2000.0513031482697,7612,6872,11712,-198,-141,131,6940,-9532,10504,-26,122,-202,-12920,4612,6796,-990,111,-115,-13160,-5496,7852,-502,204,-80,0
2000.0876960754395,7524,6876,11772,-188,-169,134,6756,-9452,10320,-12,99,-216,-12892,5088,6796,-1034,171,-123,-13196,-5508,7668,-495,226,-60,0
2000.1227269172668,7508,6824,11532,-199,-188,160,6788,-9448,10400,-42,83,-218,-12868,4852,6700,-991,141,-165,-13140,-5508,7648,-474,241,-53,0
2000.1580080986023,7668,6784,11772,-192,-184,166,6740,-9364,10596,-15,103,-207,-12956,4632,6832,-985,158,-106,-13196,-5600,7472,-478,237,-104,0
2000.1933650970457,7632,6800,11836,-204,-168,129,6868,-9440,10480,-25,113,-235,-12956,4756,7036,-1004,118,-155,-13220,-5656,7684,-490,173,-93,0
2000.2287399768827,7724,6856,11816,-171,-163,145,6852,-9432,10488,-12,123,-189,-12944,4624,6968,-1022,115,-95,-13336,-5440,7612,-495,190,-75,0
2000.2642841339111,7632,6836,11852,-177,-131,126,6788,-9360,10736,-7,142,-207,-12900,4768,6684,-1005,96,-108,-13244,-5600,7448,-463,155,-91,0
2000.3003749847412,7608,6792,11688,-188,-141,112,6852,-9416,10524,-28,144,-212,-12980,4868,6872,-980,74,-102,-13068,-5476,7728,-487,156,-95,0
2000.3356380462649,7664,6816,11760,-191,-165,136,6800,-9472,10492,-46,117,-212,-12856,4752,6976,-1011,107,-157,-13060,-5536,7788,-482,186,-138,0
2000.3711631298063,7624,6868,11688,-168,-132,136,6816,-9404,10440,-29,106,-199,-12936,4608,6828,-1276,104,-111,-13112,-5680,7544,-484,162,-122,0
2000.4062130451205,7656,6848,11796,-126,-99,99,6868,-9432,10412,-18,130,-204,-12880,4848,6980,-1005,95,-59,-13060,-5564,7676,-491,143,-139,0
2000.4420769214628,7912,6832,11632,-146,-48,117,6824,-9412,10268,-39,113,-180,-12840,4796,6880,-973,144,-100,-13120,-5512,7620,-484,130,-120,0
2000.4775710105891,7768,6904,11688,-150,-26,105,6900,-9688,10288,-35,126,-176,-12940,4888,6940,-997,89,-37,-13216,-5496,7588,-521,105,-152,0
2000.5127890110011,7692,6864,11812,-196,-254,103,6880,-9252,10736,238,142,-154,-12916,4784,6740,-777,57,-76,-13196,-5600,7628,-442,149,-112,0
2000.5486249923708,7652,6972,11716,-158,-18,102,6812,-9336,10308,15,168,-142,-12984,4784,6956,-775,87,-38,-13136,-5660,7820,-479,96,-136,0
2000.5837190151215,7680,7160,12020,-133,-10,87,6888,-9420,10432,-61,134,-168,-12972,4736,6904,-978,78,-74,-13168,-5560,7736,-475,138,-157,0
2000.6199190616608,7440,6724,12020,-166,-22,84,6880,-9424,10464,-18,151,-154,-12892,4836,6728,-1016,97,-48,-13132,-5624,7636,-456,75,-139,0
2000.6548941135409,7684,6872,11756,-108,252,89,6760,-9400,10496,-41,141,-128,-13020,4788,7036,-1017,103,-34,-13104,-5636,7808,-482,66,-154,0
2000.6914319992068,7688,6804,11808,-146,40,74,6772,-9408,10452,-39,169,-145,-12908,4836,7016,-996,81,-255,-13120,-5568,7732,-487,95,-152,0
2000.724825143814,7660,6812,11704,-138,7,95,6768,-9504,10536,-61,170,-154,-12992,4804,6660,-1016,55,-31,-13120,-5408,7792,-767,104,-168,0
2000.7583069801333,7584,6808,11868,-109,-29,72,6844,-9712,10596,-57,172,-140,-12932,4828,6788,-1021,39,-94,-13156,-5580,7680,-507,127,-138,0
2000.7919039726255,7604,6824,11812,-133,-31,85,6780,-9464,10408,-45,148,-172,-12892,4836,6796,-988,118,-112,-13096,-5560,7732,-472,153,-140,0
2000.8252630233765,7644,6836,11932,-108,-19,92,6796,-9256,10444,-35,133,-186,-12900,4776,6780,-999,112,-68,-13188,-5828,7908,-484,124,-139,0
2000.8587560653689,7604,6840,11852,-136,-49,88,6856,-9364,10528,-71,119,-183,-12920,5116,6712,-1027,118,-50,-13152,-5588,7788,-492,127,-145,0
2000.8922970294952,7724,6760,11552,-127,-9,90,6956,-9576,10364,-52,165,-165,-12828,4892,6840,-784,108,-100,-13252,-5868,7808,-505,118,-149,0
2000.9256961345673,7708,7096,11796,-110,-3,101,6872,-9488,10520,-24,162,-172,-12960,4836,6860,-1280,84,-80,-13236,-5500,7880,-469,119,-156,0
2000.9593670368195,7688,6820,11640,-123,17,101,6664,-9416,10416,-37,157,-134,-12872,4916,6832,-1008,89,-53,-13068,-5676,7712,-501,117,-135,0
2000.9928829669952,7564,6888,11556,-136,-21,72,6776,-9400,10244,-42,195,-182,-12936,4648,6736,-929,58,-61,-13180,-5584,7736,-470,99,-176,0
2001.0262320041656,7568,6700,11544,-139,-32,86,6720,-9436,10424,-53,168,-173,-12892,4872,6964,-968,61,-95,-13080,-5508,7772,-483,107,-143,0
2001.0596380233765,7628,6892,11740,-136,-19,97,6752,-9636,10736,-7,141,-181,-12928,4844,6876,-991,76,-104,-13088,-5616,7680,-484,141,-137,0
2001.0931379795074,7632,6876,11584,-117,-50,105,6724,-9724,10620,-32,165,-180,-13032,5112,7068,-972,81,-55,-13016,-5508,7804,-468,148,-164,0
2001.1266939640043,7604,6672,11536,-153,-30,83,6840,-9380,10472,-17,163,-173,-12896,4660,6876,-943,100,-26,-13168,-5584,7676,-478,109,-158,0
2001.1602210998533,7580,6856,11852,-128,-17,112,6756,-9400,10568,-70,154,-144,-12876,4864,6944,-977,65,-23,-13096,-5492,7700,-498,122,-159,0
2001.1937310695648,7660,6736,11640,-119,-63,100,6784,-9544,10508,-33,156,-162,-12880,4844,6820,-1000,82,-85,-13112,-5848,7772,-540,136,-137,0
2001.2273700237274,7576,6892,11884,-136,-45,125,6732,-9480,10556,-15,129,-160,-12920,4860,7056,-998,89,-102,-13296,-5760,7688,-512,87,-130,0
2001.2609000205994,7648,6996,11808,-119,-41,111,6708,-9492,10544,-72,138,-164,-12940,4840,6772,-994,96,-55,-13084,-5388,7732,-479,119,-143,0
2001.2943959236143,7640,6868,11524,-152,-10,59,6864,-9568,10464,-49,158,-178,-12976,4780,6864,-971,100,-50,-13132,-5556,7748,-504,143,-142,0
2001.3280720710754,7568,6984,11828,-133,-18,86,6756,-9444,10488,-44,133,-160,-12576,4900,6812,-1023,94,-56,-13036,-5592,7772,-487,150,-122,0
2001.3616030216215,7500,6796,11716,-133,13,95,6708,-9444,10492,-54,129,-183,-12916,4628,7156,-962,86,-71,-13132,-5748,7832,-478,107,-114,0
2001.3949739933014,7536,6960,11784,-188,-33,92,6872,-9512,10684,-67,158,-160,-12752,4884,6848,-991,73,-93,-12972,-5620,7728,-488,130,-141,0
2001.4283111095428,7580,6988,11636,-165,-30,110,6716,-9500,10604,-53,160,-176,-12832,4916,6824,-1013,112,-88,-13120,-5500,7652,-481,119,-129,0
2001.4617791175845,7608,6828,11668,-122,-52,111,6756,-9244,10672,-253,116,-201,-12904,4808,7004,-1023,89,-67,-13192,-5652,7736,-763,167,-86,0
2001.4953179359436,7564,6888,11772,-154,-82,125,6800,-9464,10480,-253,112,-182,-12876,4896,6816,-1270,142,-94,-13020,-5692,7852,-493,171,-98,0
2001.5287449359894,7608,6868,11836,-169,-58,134,6784,-9500,10524,21,138,-184,-12896,4904,6912,-990,131,-139,-13180,-5628,7848,-485,164,-80,0
2001.5621891021729,7540,6944,11828,-221,-74,139,6740,-9520,10484,-17,140,-215,-12812,4944,6996,-1009,132,-109,-13136,-5640,7812,-456,162,-112,0
2001.5957100391388,7520,6840,11696,-202,-154,149,6780,-9484,10592,-17,156,-222,-12900,5072,7128,-1026,140,-97,-13072,-5632,7776,-469,202,-102,0
2001.6290979385371,7616,6852,11896,-196,-122,138,6800,-9468,10408,-41,113,-202,-12912,4868,6944,-1012,113,-88,-13188,-5668,7724,-478,178,-88,0
2001.6624479293823,7504,6944,11784,-205,-170,154,6716,-9484,10584,-66,142,-216,-12920,4800,6864,-997,117,-125,-13132,-5556,7676,-465,167,-82,0
2001.6959080696108,7536,6928,11640,-214,-178,115,6696,-9552,10500,-35,140,-228,-12900,4624,6932,-989,113,-133,-13044,-5616,7892,-476,178,-90,0
2001.7328939437868,7480,6828,11708,-206,-139,163,7128,-9448,10528,-11,121,-245,-12856,4896,6828,-1014,128,-132,-13020,-5776,7504,-485,201,-72,0
2001.7682380676267,7620,6872,11748,-164,-129,128,6788,-9428,10560,-12,103,-238,-12928,4848,6764,-1036,114,-128,-13132,-5592,7700,-501,186,-97,0
2001.8033061027527,7688,6876,11792,-186,-137,140,6820,-9436,10496,-255,112,-221,-12976,4828,6804,-1005,175,-112,-13204,-5652,7696,-488,184,-96,0
2001.8388299942017,7632,6816,11796,-195,-163,153,6768,-9448,10540,-7,113,-230,-13056,4852,6820,-1023,190,-102,-13236,-5512,7876,-468,159,-65,0
2001.8741159439087,7744,6884,11624,-181,-133,170,6960,-9392,10580,-35,107,-202,-12904,4840,6860,-1058,193,-92,-13164,-5572,7620,-491,165,-78,0
2001.9093840122223,7472,6804,11652,-167,-147,153,6908,-9484,10560,-10,109,-169,-13024,4756,6944,-1113,117,-100,-13064,-5444,7712,-481,159,-73,0
2001.945055961609,7500,6908,11980,-202,-161,159,6796,-9472,10456,-250,144,-180,-12816,4820,6952,-1094,164,-75,-12972,-5660,7616,-479,155,-91,0
2001.9809091091156,7500,6848,11776,-150,-140,132,6824,-9504,10604,-26,132,-197,-12980,5036,6904,-998,113,-133,-13060,-5536,7648,-494,170,-98,0
2002.016077041626,7632,6848,11816,-205,-164,143,7088,-9436,10624,-8,105,-232,-12936,4776,6820,-1008,137,-142,-13100,-5592,7760,-497,184,-104,0
2002.052521944046,7624,6840,11724,-180,-154,155,6736,-9432,10508,-6,82,-192,-12964,5092,6832,-1021,118,-142,-13184,-5580,7640,-446,158,-56,0
2002.0876510143285,7600,6908,11688,-204,-134,135,6824,-9360,10604,-10,98,-192,-12848,4932,6848,-963,118,-107,-13140,-5804,7424,-465,174,-82,0
2002.1231329441073,7676,6852,11876,-232,-160,142,6824,-9432,10372,-30,116,-208,-12868,4760,6980,-943,75,-116,-13176,-5524,7692,-482,190,-86,0
2002.1585919857023,7572,6792,11884,-174,-135,149,6808,-9432,10516,-3,110,-188,-12988,4700,6756,-934,50,-127,-13160,-5620,7892,-503,203,-107,0
2002.1938850879667,7660,6664,11780,-179,-166,178,6780,-9472,10436,13,106,-219,-12848,4776,6928,-954,127,-125,-13272,-5548,7432,-500,211,-105,0
2002.2292101383207,7688,6808,11664,-170,-136,132,6828,-9432,10264,-38,72,-239,-12960,4864,6840,-975,110,-113,-13108,-5528,7764,-504,193,-94,0
2002.2650449275973,7656,6880,11712,-182,-148,116,6844,-9392,10584,-44,121,-214,-12940,4792,6752,-974,133,-94,-13244,-5496,7792,-476,173,-126,0
2002.3008019924164,7924,6828,11632,-151,-67,110,6808,-9448,10416,-49,142,-171,-12976,4828,6688,-1003,79,-72,-13228,-5632,7456,-507,120,-106,0
2002.3372600078583,7736,6864,11616,-154,-18,91,6908,-9468,10396,-27,160,-163,-12960,4776,6712,-1001,72,-20,-13148,-5580,7596,-474,108,-139,0
2002.373465061188,7664,6880,11560,-158,-8,91,7124,-9312,10748,-36,194,-156,-12936,4880,6844,-991,77,-58,-13176,-5544,7932,-495,110,-152,0
2002.4069309234617,7684,6932,11844,-149,10,64,6884,-9412,10320,-26,164,-158,-13028,4772,6740,-1020,76,-66,-13052,-5380,7516,-483,139,-159,0
2002.4451589584353,7632,7056,11780,-169,-42,81,6904,-9460,10540,-38,148,-185,-12912,4956,6796,-769,80,-83,-13128,-5592,7792,-502,141,-154,0
2002.4792470932007,7588,7128,11696,-94,-12,72,6836,-9704,10380,-24,149,-142,-12896,4676,6848,-1031,84,-64,-13188,-5640,7592,-487,136,-138,0
2002.5128979682925,7540,6880,11692,-151,-12,120,6752,-9428,10516,-35,140,-164,-12936,4868,6804,-992,77,-19,-13264,-5380,7708,-501,140,-125,0
2002.5465250015257,7648,6892,11796,-125,-11,89,6812,-9404,10400,-23,142,-157,-12896,4740,7124,-1014,108,-72,-13108,-5640,7748,-445,131,-119,0
2002.5796680450444,7928,6784,11836,-140,-18,110,6796,-9288,10660,-62,152,-156,-12928,4916,6860,-1012,95,-90,-13180,-5576,7916,-260,97,-119,0
2002.613156080246,7620,6804,11860,-131,-43,98,6840,-9444,10448,-48,156,-148,-12940,4908,6712,-993,72,-13,-13172,-5560,7576,-506,145,-139,0
2002.6465110778809,7672,7068,11588,-140,-17,92,6920,-9452,10612,-8,176,-136,-12916,4848,6796,-1005,84,-33,-13248,-5592,7712,-477,71,-165,0
2002.680088043213,7640,6664,11676,-88,-9,99,6868,-9544,10652,-78,157,-162,-12964,4812,6876,-988,33,-45,-13164,-5836,7876,-486,101,-185,0
2002.7136509418488,7664,6972,11760,-132,-6,90,6732,-9592,10360,-56,150,-169,-12980,4836,6860,-982,69,-76,-13164,-5556,7744,-492,123,-138,0
2002.7469351291656,7884,6732,11732,-142,16,82,6764,-9508,10480,-10,155,-161,-12932,4892,6712,-972,96,-42,-13032,-5620,7716,-478,105,-149,0
2002.7804570198057,7580,6848,11864,-107,21,108,6844,-9428,10328,-30,151,-142,-12900,4788,6712,-994,73,-17,-13112,-5624,7724,-472,71,-139,0
2002.8139929771423,7612,6960,11844,-157,-21,85,6824,-9480,10544,-60,154,-159,-12876,4828,7044,-991,72,-32,-13168,-5676,7808,-484,94,-140,0
2002.847867012024,7600,6904,11784,-132,-5,86,6784,-9552,10596,-77,173,-138,-12900,4916,6880,-989,76,-25,-13072,-5512,7740,-509,126,-147,0
2002.8813829422,7544,6856,11904,-124,-18,81,6768,-9512,10504,-21,147,-163,-12988,4788,6988,-1009,73,-96,-13016,-5592,7824,-525,160,-146,0
2002.914597988129,7608,6884,11768,-131,-19,89,6784,-9436,10272,-29,123,-197,-13056,4920,6816,-1031,96,-77,-13156,-5680,7764,-510,133,-142,0
2002.9481239318848,7540,6868,11784,-115,-32,91,6812,-9432,10244,-32,145,-159,-12880,4904,6952,-1001,91,-60,-13120,-5644,7884,-487,135,-138,0
2002.98171210289,7512,6840,11764,-155,-44,80,6828,-9420,10612,-54,138,-164,-12964,4920,6696,-1005,102,-64,-13136,-5552,7784,-493,111,-148,0
2003.0152440071108,7544,7088,11836,-145,-31,81,6804,-9468,10588,-35,157,-176,-12952,4808,6852,-1024,51,-59,-13088,-5380,7916,-499,105,-117,0
2003.0490300655365,7468,6712,11568,-167,-33,103,6880,-9448,10748,-32,162,-173,-12872,4836,6952,-1026,97,-83,-12996,-5584,7700,-486,150,-126,0
2003.0825181007383,7584,6932,12008,-169,-29,82,6792,-9360,10396,-21,145,-175,-12800,4892,6716,-999,71,-79,-13032,-5624,7604,-484,118,-116,0
2003.1161150932312,7512,6904,11788,-152,-14,90,6832,-9464,10292,-61,142,-163,-12940,4916,7040,-808,59,-79,-13224,-5744,8152,-608,200,-138,0
2003.1494400501251,7616,6824,12008,4,131,7,6836,-9600,10296,-447,279,-53,-12968,4660,6188,-1061,362,-150,-13336,-5512,7760,-716,22,-117,0
2003.1829619407654,7856,6800,11584,37,7,95,6916,-9416,10576,149,26,-138,-12976,4796,7276,-1151,-112,-41,-12880,-5644,7504,-551,124,-218,0
2003.2166879177094,7280,6944,11604,-226,-102,101,6552,-9356,10684,-120,166,-224,-12708,4868,6764,-898,244,-113,-12964,-5620,7692,-544,98,-123,0
2003.2502169609068,7448,6916,11576,-63,-207,156,6736,-9336,10648,190,86,-240,-12748,4724,6872,-1186,342,-148,-13064,-5784,7784,-392,292,-26,0
2003.2837009429932,7572,6900,11896,-458,-156,171,6908,-9468,10568,117,129,-232,-13000,4892,7004,-1135,-2,-59,-13252,-5688,8036,-382,262,-78,0
2003.3173420429227,7580,7036,11912,-304,-120,174,6896,-9568,10512,-252,129,-194,-13004,4972,6816,-946,66,-61,-13088,-5644,7844,-412,72,-70,0
2003.350902080536,7544,6920,11944,-162,-198,153,6796,-9604,10436,-21,87,-200,-12956,4916,6860,-991,101,-111,-13188,-5644,7720,-449,127,-64,0
2003.3843550682068,7616,6964,11800,-509,-217,180,6808,-9368,10540,-31,118,-215,-12860,4908,6740,-769,131,-101,-13288,-5876,7696,-435,161,-98,0
2003.4220731258392,7540,7012,11700,-230,-78,142,6708,-9320,10648,-24,102,-209,-12968,4744,6736,-977,145,-80,-13040,-5540,7648,-434,169,-72,0
2003.4575331211092,7540,6868,11832,-260,-157,143,6756,-9488,10476,-20,147,-242,-12840,4868,6876,-968,163,-146,-13132,-5504,7748,-454,243,-64,0
2003.4935340881348,7556,6824,11668,-223,-146,148,6772,-9448,10316,49,129,-215,-12920,4828,6904,-1014,155,-153,-12868,-5524,7856,-446,167,-87,0
2003.5292360782623,7600,6872,12000,-188,-135,179,6752,-9440,10508,-15,101,-183,-12860,5088,6804,-983,137,-96,-13048,-5564,7688,-445,161,-78,0
2003.5642120838163,7516,6868,11652,-213,-166,165,6836,-9420,10484,-49,104,-184,-12980,4764,6744,-1005,131,-92,-13300,-5588,7696,-477,157,-73,0
2003.5998709201813,7580,6836,11752,-228,-159,172,6856,-9512,10668,-41,112,-196,-12868,4892,6660,-1269,138,-98,-13028,-5636,7516,-501,177,-64,0
2003.6348719596863,7520,6860,12020,-148,-157,142,6828,-9716,10316,-7,105,-208,-12876,4788,6776,-1043,128,-139,-13132,-5520,7752,-536,232,-99,0
2003.67019200325,7620,6860,11988,-179,-156,170,6776,-9372,10472,6,81,-224,-12980,4776,6904,-1056,125,-127,-13076,-5596,7892,-516,222,-99,0
2003.7054359912872,7508,6844,11916,-205,-214,157,6824,-9232,10736,-1,98,-227,-12800,4812,6832,-1003,138,-130,-13104,-5752,7924,-498,208,-70,0
2003.74080991745,7644,6896,11752,-187,-169,148,6920,-9420,10440,-31,119,-233,-12960,4960,6720,-998,136,-127,-13148,-5632,7768,-501,238,-104,0
2003.7770740985868,7692,6796,11996,-189,-169,141,6860,-9412,10448,-13,90,-231,-12996,4860,6960,-1051,124,-127,-13088,-5576,7840,-483,218,-71,0
2003.8120729923248,7516,6892,11688,-216,-182,179,6736,-9400,10516,-23,106,-233,-12972,4844,6864,-999,147,-124,-13100,-5584,7740,-481,216,-74,0
2003.8482761383057,7656,6944,11676,-222,-153,147,6828,-9368,10508,-54,71,-227,-13020,4684,6972,-999,156,-54,-13152,-5576,7600,-455,136,-97,0
2003.8832910060885,7648,6824,12024,-175,-158,130,6928,-9704,10468,-63,90,-183,-13008,4824,6916,-1003,90,-70,-13124,-5548,7608,-262,135,-120,0
2003.9186861515043,7572,6748,11768,-164,-153,155,6864,-9464,10488,253,129,-211,-12876,4768,6828,-1280,135,-74,-12804,-5736,7756,-484,183,-66,0
2003.9541211128235,7692,6824,11604,-116,-90,102,6840,-9420,10536,-54,77,-165,-12880,4792,6700,-960,123,-116,-13296,-5504,7720,-524,125,-115,0
2003.9900369644163,7708,6772,11796,-151,-99,114,6784,-9408,10472,-60,144,-211,-12988,4844,7160,-963,47,-72,-13208,-5504,7776,-493,169,-114,0
2004.0252919197085,7640,6784,11528,-150,-16,141,6944,-9432,10372,-42,148,-154,-12856,4960,6868,-999,132,-31,-13084,-5408,7776,-449,81,-111,0
2004.0607919692993,7708,6900,11540,-171,48,96,6932,-9404,10600,-31,147,-133,-12984,4740,6852,-989,131,-11,-13128,-5560,7496,-463,81,-82,0
2004.0942850112915,7856,6844,11544,-200,70,109,6832,-9484,10440,-26,135,-154,-12864,4688,6944,-1056,135,237,-13164,-5660,7768,-479,100,-125,0
2004.1275799274445,7648,6888,11852,-168,-4,83,6824,-9376,10480,-51,172,-177,-12868,4928,7020,-1046,92,-62,-13044,-5620,7732,-499,88,-165,0
2004.161108016968,7592,6792,11556,-130,7,56,6824,-9728,10428,-39,171,-184,-12976,4864,6664,-1043,84,-33,-13156,-5464,7956,-500,146,-159,0
2004.1945669651031,7520,6816,11876,-90,21,65,6840,-9432,10488,-22,158,-199,-12964,4844,6900,-999,70,-81,-13088,-5604,7692,-492,121,-139,0
2004.2281079292295,7664,6824,11732,-128,24,78,6788,-9448,10520,-38,129,-190,-12848,4800,6968,-1027,103,-97,-13164,-5636,7904,-474,123,-117,0
2004.2614810466764,7576,6892,11540,-135,-25,81,6752,-9472,10264,-46,159,-183,-13052,4896,6888,-984,96,-23,-13156,-5660,7744,-470,91,-132,0
2004.2966480255127,7636,6824,11932,-132,-5,77,6828,-9412,10392,-63,153,-175,-12844,4912,6896,-1001,98,-53,-13176,-5580,7708,-488,80,-126,0
2004.330116033554,7668,6812,11804,-145,-20,97,6736,-9396,10492,-69,153,-140,-12832,4852,6880,-977,77,-60,-13156,-5584,7640,-511,127,-134,0
2004.3636069297793,7636,6824,11936,-110,-4,88,6812,-9444,10476,-60,151,-159,-12948,5060,6904,-981,57,-41,-13144,-5588,7704,-496,110,-156,0
2004.396893978119,7572,6800,11772,-146,-24,78,6832,-9412,10564,-54,158,-165,-12880,4948,6860,-952,90,-33,-13168,-5636,7712,-508,79,-158,0
2004.4303109645844,7628,6868,11884,-116,-16,99,6836,-9280,10408,-47,184,-175,-12840,4700,6804,-968,81,-91,-13120,-5624,7680,-492,80,-155,0
2004.4636330604553,7480,6824,11844,-139,16,80,6856,-9528,10428,-62,146,-173,-12900,5068,6824,-980,70,-38,-13136,-5528,7540,-491,136,-110,0
2004.497136116028,7524,6864,11788,-135,-44,91,6812,-9488,10512,-34,142,-156,-12884,4928,7164,-1029,47,-60,-13164,-5424,7848,-488,130,-172,0
2004.5304830074308,7544,6680,11924,-138,-16,63,6792,-9320,10552,-38,179,-159,-12868,4860,6948,-782,102,-55,-13132,-5592,7812,-489,110,-114,0
2004.5637769699097,7564,6892,11660,-113,-31,100,6848,-9460,10440,-31,165,-175,-12988,4828,6876,-1106,119,-77,-13080,-5488,7988,-511,104,-125,0
2004.5973429679873,7564,6836,11876,-118,-43,89,6868,-9420,10484,-58,177,-158,-12916,4872,6824,-1064,159,-46,-13048,-5400,7752,-476,108,-151,0
2004.6301429271696,7568,6916,11976,-113,-11,97,6780,-9504,10520,-55,154,-166,-12808,5080,6976,-1092,144,-12,-13000,-5684,7780,-493,127,-134,0
2004.6636810302734,7612,6964,11784,-119,-27,91,6804,-9472,10480,-23,151,-177,-12820,5076,6752,-1119,178,-48,-13132,-5612,7768,-511,137,-122,0
2004.697281122208,7664,6864,11832,-143,-27,112,6852,-9256,10464,-15,97,-219,-12900,4836,6888,-1137,204,-104,-12824,-5380,7776,-486,120,-119,0
2004.730737924576,7572,6900,11776,-123,-58,100,6800,-9496,10668,-7,70,-219,-12956,4924,6664,-1133,185,-85,-13148,-5400,7444,-516,146,-132,0
2004.7639009952543,7616,6944,11836,-109,-68,113,6784,-9704,10268,-13,72,-214,-12980,4760,7032,-1093,202,-67,-13136,-5572,7780,-501,155,-130,0
2004.7973949909212,7508,6884,11748,-138,-63,95,6688,-9380,10724,-19,96,-223,-12948,4804,6760,-1103,159,-68,-13088,-5856,7788,-461,132,-110,0
2004.8309910297394,7600,6848,11828,-157,-36,97,6660,-9244,10440,-46,103,-191,-12924,4852,6964,-954,109,-94,-13216,-5488,7624,-486,133,-113,0
2004.8647251129153,7584,6848,11868,-174,-63,99,7112,-9468,10240,-38,155,-146,-12820,4900,6644,-1095,98,-69,-13120,-5624,7868,-526,136,-146,0
2004.898141145706,7516,7132,11744,-202,-76,138,6860,-9436,10432,42,224,-129,-12980,4800,7092,-1001,108,-67,-13144,-5688,7728,-462,111,-118,0
2004.9316909313204,7516,6924,11792,-152,-28,143,6796,-9544,10540,-65,127,-196,-12928,4804,6940,-984,76,-72,-13124,-5716,7768,-493,162,-124,0
2004.9652190208435,7552,6840,11904,-201,-98,109,6808,-9508,10608,-29,112,-205,-12836,4820,6820,-984,92,-122,-13084,-5568,7788,-510,219,-104,0
2004.9985139369965,7588,7088,11968,-187,-113,168,6812,-9536,10464,58,134,-191,-12836,4892,6980,-1038,103,-129,-13024,-5644,7772,-472,170,-72,0
2005.0320329666135,7488,6684,11788,-187,-119,143,6772,-9456,10288,-21,114,-190,-12948,4800,6784,-992,124,-62,-13120,-5636,7904,-474,134,-74,0
2005.0651969909668,7520,6932,11852,-220,-156,153,6788,-9524,10748,-39,118,-207,-12784,4864,6952,-990,102,-92,-13072,-5572,7524,-459,167,-88,0
2005.1026430130005,7536,6888,12024,-214,-148,141,6852,-9548,10488,-28,93,-214,-12964,4896,6820,-976,134,-126,-13244,-5548,7916,-523,192,-76,0
2005.1382229328156,7632,6720,11984,-202,-157,156,6784,-9440,10456,6,64,-204,-12924,4880,7116,-990,159,-158,-13140,-5656,7860,-495,254,-72,0
2005.1736550331116,7524,6828,11928,-180,-148,145,6800,-9464,10328,-3,90,-223,-12988,4644,6752,-1026,153,-121,-13128,-5624,7860,-481,216,-90,0
2005.2087929248812,7628,6880,11908,-160,-171,148,6896,-9452,10460,-3,102,-241,-12940,4724,6684,-1013,175,-141,-13148,-5608,7716,-480,219,-56,0
2005.2444889545443,7932,6888,11800,-216,-152,175,6908,-9496,10496,15,111,-232,-12940,4804,6748,-1003,147,-99,-13172,-5480,7620,-472,217,-67,0
2005.280662059784,7608,6900,11832,-181,-150,162,6688,-9368,10680,11,288,-167,-12888,4780,6664,-1011,150,-131,-13132,-5596,7736,-455,223,-105,0
2005.3162319660187,7564,6984,11684,-214,-162,144,6860,-9244,10620,19,136,-193,-12844,4776,6996,-983,102,-129,-13108,-5584,7760,-453,240,-105,0
2005.3520729541776,7556,6840,11612,-242,-146,128,6920,-9664,10576,25,125,-192,-12996,4852,6880,-1004,65,-107,-13164,-5600,7440,-421,207,-90,0
2005.387841939926,7624,6836,11952,-227,-157,138,6812,-9488,10256,22,127,-208,-12868,4772,7152,-1012,67,-163,-13160,-5572,7604,-430,210,-94,0
2005.4230029582975,7632,6816,11740,-231,-164,117,6832,-9364,10240,17,134,-226,-12908,4772,6820,-1006,56,-125,-13312,-5600,7668,-480,203,-100,0
2005.4587929248812,7608,6908,11740,-192,-146,114,6900,-9388,10456,15,112,-205,-12908,4816,6884,-1014,142,-117,-13052,-5504,7760,-472,198,-85,0
2005.4934110641484,7548,6844,11796,-195,-140,163,6800,-9420,10412,26,114,-211,-12848,4756,6864,-1024,161,-88,-13136,-5576,7500,-447,229,-52,0
2005.5291769504547,7612,6664,11736,-202,-127,176,6956,-9472,10308,-15,122,-171,-12956,4780,6840,-985,146,-122,-13196,-5528,7512,-464,172,-73,0
2005.5642399787903,7756,6912,11836,-190,-174,165,6984,-9472,10432,-23,118,-186,-13012,4796,6700,-782,94,-71,-13168,-5528,7732,-492,189,-86,0
2005.5997760295868,7720,6812,11532,-206,-167,136,6868,-9420,10644,12,111,-218,-12924,4712,6764,-1029,82,-102,-13148,-5608,7620,-462,169,-83,0
2005.634906053543,7704,7116,11640,-137,-59,120,6876,-9412,10440,-59,143,-191,-12912,4664,6748,-993,95,-120,-13136,-5552,7664,-482,135,-108,0
2005.6703209877014,7800,6684,11812,-156,-69,73,6868,-9412,10520,-89,167,-190,-12892,4792,6892,-1001,101,-73,-13116,-5492,7704,-477,149,-119,0
2005.705316066742,7792,6796,11528,-154,-15,113,6836,-9364,10460,-31,160,-140,-13000,4772,6832,-1034,112,-7,-13228,-5548,7844,-478,94,-112,0
2005.7408471107483,7448,6708,11724,-139,14,112,6852,-9256,10372,-14,160,-147,-12940,4800,6816,-954,-4,-13,-13100,-5612,7512,-486,77,-170,0
2005.774418115616,7632,6836,11748,-160,-14,91,6748,-9240,10240,-25,177,-149,-12884,4828,6904,-980,79,-62,-13140,-5592,7476,-486,103,-144,0
2005.8081250190735,7580,6748,11848,-155,-13,71,6792,-9464,10652,-57,130,-165,-12960,4828,6668,-1031,90,-95,-13208,-5536,7748,-499,128,-104,0
2005.8418359756467,7620,6664,11784,-103,-42,89,6832,-9460,10616,-49,175,-197,-12916,4740,6988,-776,96,-26,-12856,-5532,7832,-502,159,-142,0
2005.8755550384524,7624,6884,11552,-122,-15,97,6744,-9412,10456,-38,139,-186,-12876,5056,6844,-1028,122,-18,-13304,-5612,7484,-508,115,-122,0
2005.9092030525208,7580,6804,11868,-108,-10,86,6816,-9372,10516,-63,131,-181,-13008,4796,7012,-989,88,-28,-13164,-5540,7820,-501,101,-129,0
2005.9424400329588,7456,6656,11672,-146,-5,89,6780,-9272,10672,-70,128,-156,-12976,4772,6920,-977,104,-51,-13168,-5476,7696,-484,109,-122,0
2005.9761250019073,7624,6808,11800,-113,16,104,6732,-9532,10744,-84,171,-165,-13116,4836,6884,-961,50,-78,-13108,-5544,7752,-261,114,-126,0
2006.0097060203552,7708,6912,11948,-129,3,107,6868,-9384,10428,-67,139,-149,-12884,4796,6916,-983,41,-21,-13064,-5616,7688,-479,115,-124,0
2006.0432269573212,7744,6920,11772,-106,-9,104,6736,-9428,10488,-67,157,-199,-13004,4780,6924,-988,70,-41,-13056,-5548,7676,-504,135,-141,0
2006.0768449306488,7624,6776,11784,-146,-70,81,6880,-9528,10668,-66,147,-180,-12972,4932,7024,-982,79,-96,-13088,-5512,7724,-500,131,-161,0
2006.1100981235504,7724,6860,11700,-114,-59,101,6828,-9480,10704,-31,131,-182,-12948,4812,6872,-777,75,-94,-13132,-5580,7872,-491,99,-144,0
2006.1431720256803,7576,6744,11876,-97,-25,86,6884,-9296,10396,-38,142,-179,-12952,4712,7084,-986,64,-11,-13180,-5516,7856,-523,121,-137,0
2006.1768679618835,7628,6848,11788,-113,-32,84,6776,-9720,10532,-16,157,-178,-12904,4616,6720,-770,70,-36,-13136,-5544,7832,-492,132,-136,0
2006.2103400230408,7628,6856,11740,-159,-9,100,6864,-9548,10460,-51,486,-167,-12756,4836,6884,-953,104,-48,-13096,-5572,7740,-483,115,-120,0
2006.2437789440155,7612,6684,11868,-157,-35,95,6616,-9520,10492,-15,153,-167,-12860,4868,6880,-996,61,-65,-13184,-5588,7780,-490,138,-118,0
2006.2775349617004,7564,6836,11660,-188,-66,107,6828,-9552,10480,-28,134,-180,-13048,4928,7000,-1050,84,-92,-13068,-5420,7728,-475,131,-131,0
2006.3108301162724,7616,6892,11664,-121,-33,113,6884,-9684,10628,-20,130,-168,-12956,4752,6832,-1016,102,-1,-13184,-5628,7852,-509,88,-149,0
2006.344476938248,7620,6916,11880,-120,-42,96,7100,-9472,10260,-105,129,-163,-12940,4712,6744,-1006,64,-35,-12892,-5436,7780,-495,136,-141,0
2006.3781399726868,7596,6920,11788,-149,-250,85,6836,-9392,10504,-30,154,-163,-12888,4832,6804,-965,105,-28,-13216,-5536,7480,-485,128,-126,0
2006.4115440845492,7612,6908,11900,-118,-5,88,6872,-9432,10492,-30,127,-173,-12972,4772,6868,-1051,99,-51,-13112,-5528,7812,-486,131,-125,0
2006.4448969364164,7536,6820,11668,-138,-14,98,6800,-9224,10264,-40,146,-176,-12864,4940,7116,-992,100,-54,-13156,-5604,7852,-487,91,-125,0
2006.4784219264984,7540,6920,11864,-156,-53,105,6464,-9488,10728,-30,147,-165,-12992,4620,6712,-975,88,-57,-13020,-5644,7628,-503,100,-110,0
2006.5119829177856,7568,6848,11820,-114,-76,100,6796,-9560,10544,-67,148,-156,-12944,4804,6980,-1007,94,-48,-13116,-5488,7760,-534,139,-138,0
2006.545630931854,7636,6740,11600,-103,-73,114,6852,-9452,10352,-51,130,-170,-12904,4660,6732,-1029,100,-77,-13036,-5612,7916,-260,118,-130,0
2006.5792229175568,7584,6824,11580,-121,-31,107,6812,-9520,10252,-24,120,-210,-12852,4900,6884,-1280,122,-110,-13028,-5520,7476,-509,129,-123,0
2006.6127021312714,7576,6684,11784,-134,-75,126,6772,-9452,10460,-14,140,-189,-13000,4804,6856,-1003,120,-104,-13128,-5604,7676,-495,129,-105,0
2006.6461930274963,7576,6840,11740,-169,-4,99,6868,-9532,10496,-31,115,-187,-12960,4788,6824,-968,44,-34,-13156,-5548,7884,-525,130,-134,0
2006.6796319484713,7524,6840,12004,-144,-50,112,6860,-9688,10524,-52,150,-170,-12908,4788,6756,-1023,135,-62,-13192,-5396,7452,-477,125,-146,0
2006.7131540775297,7468,6932,11540,-125,-54,127,6804,-9716,10244,-32,110,-193,-12916,4812,6796,-780,83,-68,-13148,-5708,7888,-490,140,-96,0
2006.7460651397703,7576,6916,11788,-146,-69,104,6660,-9372,10560,-44,122,-183,-12864,4804,6700,-972,94,-54,-13112,-5652,7804,-478,126,-124,0
2006.7844040393827,7604,7132,11608,-166,-56,94,6796,-9232,10748,-48,158,-177,-12852,4920,6832,-972,91,-66,-13308,-5540,7892,-482,163,-108,0
2006.820048093796,7596,6884,11796,-140,-38,99,6764,-9588,10508,-41,127,-178,-12912,4912,7096,-993,105,-80,-13152,-5384,7880,-490,154,-99,0
2006.8557400703428,7532,6712,11880,-157,-50,106,6840,-9540,10580,-26,124,-194,-12864,4932,6996,-1016,133,-118,-13096,-5528,7732,-506,189,-127,0
2006.8912580013275,7504,7156,11820,-148,-76,137,6804,-9480,10528,-19,138,-204,-12824,4828,7160,-1021,138,-119,-13108,-5876,7556,-487,179,-111,0
2006.9262020587923,7556,6864,11796,-180,-111,163,6752,-9408,10572,-20,126,-204,-12944,4828,6824,-1036,124,-150,-13108,-5600,7824,-470,197,-78,0
2006.961722135544,7616,6944,12028,-209,-142,165,6852,-9468,10608,-51,106,-210,-12928,4836,6912,-986,158,-110,-13088,-5624,7848,-495,159,-90,0
2006.9975991249084,7568,6860,11784,-165,-174,153,6796,-9724,10612,-49,115,-212,-12940,4940,6852,-1013,108,-115,-12808,-5536,7660,-531,161,-83,0
2007.032830953598,7596,6868,11720,-214,-147,141,6780,-9492,10596,18,132,-188,-12872,4832,7152,-1048,114,-75,-13248,-5404,7852,-494,182,-50,0
2007.0683629512787,7468,6676,11524,-175,-111,136,6792,-9452,10560,-23,115,-193,-12940,4824,6968,-1016,141,-96,-13040,-5660,7708,-478,156,-91,0
2007.1032500267029,7576,6900,11980,-173,-156,120,6964,-9524,10464,-32,144,-221,-13024,4836,6840,-958,83,-94,-13052,-5604,7680,-507,233,-76,0
2007.1387629508972,7520,6796,11772,-231,-165,139,7104,-9256,10536,-8,99,-226,-12940,5028,6692,-1014,138,-143,-13204,-5552,7592,-448,195,-58,0
2007.1738929748533,7744,6808,11612,-189,-186,163,6880,-9576,10484,-22,101,-206,-12940,4708,6740,-1027,141,-102,-13152,-5584,7616,-472,156,-74,0
2007.209378004074,7612,6920,11708,-207,-146,159,6876,-9448,10556,-50,118,-186,-12880,4884,6912,-995,123,-106,-13236,-5616,7668,-458,153,-88,0
2007.2444701194763,7636,6884,11884,-195,-147,135,6848,-9232,10520,-35,138,-185,-12952,4828,7032,-1018,114,-105,-13104,-5568,7764,-483,156,-105,0
2007.2803230285645,7584,6892,11652,-131,-132,143,6852,-9640,10476,-22,103,-211,-12964,4824,6880,-1038,122,-138,-13184,-5500,7808,-519,202,-108,0
2007.3155829906464,7564,6804,11756,-180,-160,143,6748,-9388,10440,7,98,-231,-12956,4844,6904,-1044,157,-126,-13256,-5536,7784,-513,200,-76,0
2007.351774930954,7556,6888,11520,-175,-190,149,6772,-9440,10360,-13,90,-221,-12988,4772,6752,-1018,173,-154,-13192,-5592,7576,-481,212,-107,0
2007.387598991394,7696,6956,11744,-219,-166,158,6852,-9512,10656,-17,99,-221,-12976,4612,7132,-985,163,-122,-13208,-5508,7796,-492,169,-90,0
2007.42347407341,7704,6844,11828,-202,-157,139,6892,-9428,10608,-22,118,-207,-13052,4836,6908,-1010,93,-172,-13116,-5580,7644,-491,184,-84,0
2007.4634549617767,7640,6844,11932,-198,-139,147,6852,-9408,10624,-31,103,-218,-12980,4792,6800,-1008,127,-96,-13192,-5624,7780,-489,171,-108,0
2007.4974560737612,7932,6844,11676,-196,-151,115,6788,-9708,10288,-40,118,-218,-12860,4792,6840,-996,98,-95,-13068,-5616,7440,-509,135,-100,0
2007.5310649871828,7648,6860,11944,-177,-147,105,6824,-9456,10544,-33,127,-180,-12956,4764,6792,-993,105,-119,-13088,-5588,7700,-477,171,-104,0
2007.5643160343172,7924,6872,11792,-200,-165,137,6880,-9460,10264,-10,102,-194,-12868,4832,7144,-1002,101,-126,-13236,-5532,7728,-766,191,-99,0
2007.597872018814,7884,6752,11664,-173,-141,140,6856,-9408,10716,13,120,-206,-12872,4808,7116,-1042,104,-91,-13052,-5616,7644,-488,174,-110,0
2007.6314260959623,7668,6832,11792,-155,-140,155,6848,-9440,10416,-25,120,-185,-12928,4664,6804,-1033,125,-83,-13164,-5576,7524,-488,185,-89,0
2007.6650099754333,7664,6964,11688,-164,-155,156,6848,-9464,10408,-19,129,-201,-12948,4832,6784,-966,143,-75,-13184,-5544,7648,-468,151,-108,0
2007.6984629631045,7760,6828,11540,-196,-93,145,6704,-9328,10472,-71,116,-186,-12956,4804,6800,-998,124,-95,-13136,-5436,7620,-507,145,-106,0
2007.7319519519804,7780,6848,11776,-155,-76,122,6780,-9688,10304,-50,133,-138,-12932,4648,6768,-1014,49,-79,-13176,-5572,7628,-758,123,-173,0
2007.7654819488523,7756,6860,11684,-200,-24,85,6932,-9484,10388,-245,157,-129,-12816,4616,6832,-1020,78,-64,-13148,-5868,7704,-493,90,-129,0
2007.7991719245913,7880,6824,11744,-140,38,119,6908,-9364,10612,-35,170,-150,-12868,4768,6912,-1011,113,-18,-13200,-5668,7580,-489,98,-103,0
2007.832838058472,7872,6808,11984,-141,-19,81,6948,-9424,10424,-41,159,-189,-12960,4860,6808,-977,63,-56,-13100,-5592,7636,-479,139,-163,0
2007.866415977478,7736,6824,11640,-157,-12,106,6860,-9368,10432,-50,161,-131,-13000,4784,6804,-1016,92,-48,-13208,-5532,7652,-466,118,-148,0
2007.8997211456297,7908,6756,11708,-105,4,87,6892,-9356,10492,-38,164,-129,-12868,4720,6832,-991,70,-53,-13312,-5672,7688,-491,105,-152,0
2007.9331381320953,7568,6784,11672,-141,20,92,6776,-9400,10336,-32,191,-136,-12980,4776,7112,-1009,84,-38,-13148,-5580,7708,-432,91,-137,0
2007.9666950702667,7592,6852,11672,-172,7,98,6864,-9436,10412,-39,190,-164,-12968,4792,7136,-1037,64,-53,-12828,-5600,7768,-515,110,-156,0
2008.0000569820404,7596,6788,11944,-92,-7,80,6824,-9224,10512,-51,175,-157,-13040,4772,6728,-1006,53,-71,-13132,-5572,7728,-489,124,-145,0
2008.0335230827332,7668,6968,12004,-143,-24,82,6748,-9440,10688,-17,138,-181,-12848,4784,6796,-987,72,-109,-13064,-5576,7700,-518,146,-134,0
2008.0672960281372,7428,6904,11812,-135,-15,76,6492,-9444,10532,14,160,-203,-12936,4792,7080,-977,67,-78,-13276,-5404,7868,-483,176,-131,0
2008.100705146789,7916,6868,11576,-134,-90,93,6892,-9464,10368,-65,147,-195,-12844,4868,6736,-1002,122,-53,-13184,-5612,7684,-466,152,-122,0
2008.1340351104732,7752,6736,12020,-137,-50,100,7164,-9676,10728,-60,147,-192,-13024,5048,6768,-972,100,-68,-13188,-5508,7804,-491,105,-145,0
2008.1676809787748,7924,6792,11764,-160,-21,69,6860,-9436,10408,-34,153,-144,-12900,4920,7048,-1006,94,-60,-13176,-5492,7740,-512,96,-153,0
2008.2006680965424,7684,6912,11560,-128,-26,101,6728,-9412,10472,-32,210,-136,-12808,4792,6832,-987,60,-48,-13020,-5552,7756,-492,132,-156,0
2008.2341520786283,7588,6908,11728,-109,-18,67,6804,-9520,10368,-29,177,-159,-12840,4696,6764,-1000,52,-31,-12980,-5632,7628,-486,114,-142,0
2008.2676520347595,7564,6892,11984,-134,-12,85,6888,-9448,10584,-43,155,-168,-12896,4796,6856,-983,59,-53,-13212,-5640,7836,-487,133,-164,0
2008.3010871410372,7564,6804,11696,-125,-34,84,6832,-9480,10240,-39,141,-168,-12952,4836,6992,-997,4,-32,-13072,-5588,7908,-512,110,-164,0
2008.3347640037537,7596,6684,11908,-121,-40,78,6756,-9240,10292,-29,125,-162,-12820,4836,6984,-1022,51,-82,-13152,-5856,7504,-499,136,-139,0
2008.3684830665588,7580,6952,11780,-135,-5,82,6792,-9688,10712,-31,153,-167,-12936,4796,6744,-1010,67,-42,-13116,-5460,7676,-497,114,-152,0
2008.4016830921173,7552,7136,11812,-143,-35,91,6808,-9492,10488,-40,131,-161,-12896,4768,6944,-985,128,-18,-13216,-5692,7684,-471,119,-124,0
2008.4381790161133,7660,6940,11700,-131,-55,113,6892,-9480,10588,-78,141,-160,-12972,4892,6732,-1008,82,-61,-13108,-5504,7924,-505,114,-144,0
2008.4736931324003,7568,6908,11816,-152,-57,110,6888,-9540,10472,-37,311,-153,-12576,4852,6788,-984,105,-91,-13304,-5404,7724,-487,142,-125,0
2008.5091829299927,7664,6984,11840,-156,-26,97,6720,-9508,10564,-12,133,-140,-12876,4772,7012,-980,52,-25,-13168,-5584,7904,-504,119,-148,0
2008.5440499782565,7560,6940,11892,-133,-53,95,6892,-9604,10504,-51,172,-163,-12948,4744,6992,-972,22,-71,-13136,-5636,7732,-459,134,-136,0
2008.5800261497495,7432,6828,12020,-163,-42,80,6868,-9424,10496,-51,126,-169,-12836,4864,7136,-1021,136,-75,-13120,-5540,7692,-447,148,-117,0
2008.6147849559784,7552,6836,11768,-149,-41,88,6824,-9488,10720,-46,132,-171,-12800,4828,6904,-999,64,-32,-13140,-5680,7804,-457,134,-125,0
2008.650239944458,7496,6884,11916,-181,-61,106,6668,-9300,10520,-46,132,-160,-12848,4800,6828,-1001,118,-28,-13092,-5584,7744,-487,101,-116,0
2008.6851019859314,7472,6920,11836,-189,-60,107,6788,-9516,10500,-80,164,-155,-12956,4772,7000,-1008,102,-62,-12832,-5548,7844,-473,116,-139,0
2008.721179962158,7624,6780,11872,-177,-63,110,6772,-9468,10396,-30,145,-173,-12952,5116,6980,-1015,133,-100,-12992,-5404,7664,-499,195,-74,0
2008.7562420368195,7540,7148,11824,-180,-152,134,6864,-9696,10456,10,104,-211,-12860,5044,6892,-1046,134,-86,-12916,-5600,7772,-490,218,-93,0
2008.7924921512604,7564,6908,11892,-142,-138,137,6824,-9528,10628,-41,76,-238,-12916,5076,6952,-772,133,-186,-13200,-5496,7760,-498,230,-91,0
2008.8282489776611,7604,6920,11824,-183,-188,160,6664,-9564,10568,-49,120,-190,-13028,5092,7096,-1010,149,-108,-13180,-5568,7792,-472,160,-94,0
2008.8634481430054,7576,6888,11764,-204,-115,157,6848,-9524,10380,-52,131,-217,-12920,4956,6732,-983,140,-145,-13112,-5552,7688,-493,182,-92,0
2008.8986749649048,7844,6924,11728,-206,-152,139,6936,-9420,10540,-2,96,-184,-12976,4956,6848,-1023,118,-94,-13164,-5500,7756,-473,188,-100,0
2008.9333570003507,7648,6852,11972,-224,-154,171,6880,-9412,10632,8,131,-206,-12940,4868,6816,-983,146,-132,-13084,-5540,7784,-494,172,-89,0
2008.9686510562897,7492,6876,11524,-203,-168,124,6676,-9552,10720,-38,132,-209,-12912,4796,6936,-973,152,-100,-13160,-5408,7432,-481,183,-107,0
2009.0036940574644,7624,6884,11860,-201,-177,154,6852,-9440,10444,-28,114,-217,-12932,4948,6756,-996,129,-114,-13212,-5588,7900,-469,194,-100,0
2009.0393490791323,7688,6660,11708,-198,-148,161,6720,-9668,10268,-27,142,-233,-13016,4856,6976,-990,145,-145,-13192,-5540,7676,-463,202,-68,0
2009.0740909576411,7644,6784,11700,-170,-163,135,6876,-9432,10508,-24,109,-243,-12952,4628,6692,-1008,142,-130,-13120,-5612,7768,-506,186,-110,0
2009.1097331047056,7684,6828,11724,-181,-148,159,6800,-9452,10528,-253,110,-193,-12948,4780,7120,-1022,137,-90,-13152,-5592,7844,-477,182,-87,0
2009.1429810523987,7648,6964,11820,-204,-150,152,6864,-9464,10612,0,118,-191,-12956,4796,6816,-1015,120,-91,-13108,-5644,7740,-471,180,-86,0
2009.176880121231,7648,6788,11916,-210,-172,140,6780,-9464,10424,-14,124,-208,-12900,4724,6864,-967,132,-111,-13176,-5604,7620,-477,171,-69,0
2009.21013212204,7660,6800,11796,-195,-128,163,6812,-9432,10652,-39,103,-184,-12880,4620,6812,-993,106,-122,-12984,-5496,7576,-501,143,-82,0
2009.2435390949247,7604,6744,11716,-194,-187,154,6812,-9468,10496,8,125,-210,-12984,4740,6904,-1010,98,-117,-13040,-5704,7424,-505,206,-96,0
2009.277383089065,7660,6828,11668,-194,-144,155,6812,-9416,10508,10,115,-201,-13004,4724,7156,-1009,115,-112,-13120,-5568,7736,-470,187,-130,0
2009.3107161521912,7608,6816,11560,-183,-169,122,6864,-9432,10732,-22,136,-218,-12996,4804,6744,-1000,107,-86,-13144,-5564,7432,-495,205,-111,0
2009.3443589210508,7836,6856,11864,-234,-175,127,6672,-9224,10356,-1,131,-228,-12920,4872,7004,-1003,113,-131,-13180,-5480,7732,-453,186,-79,0
2009.3779051303864,7748,6824,12020,-174,-157,153,6828,-9224,10432,-22,101,-177,-12964,4616,6732,-988,123,-124,-12864,-5384,7708,-416,184,-102,0
2009.4112470149994,7912,6796,11812,-202,-105,142,6744,-9480,10440,98,135,-185,-12940,5052,6680,-1051,109,-73,-13132,-5804,7676,-485,150,-127,0
2009.4446160793304,7700,6836,11536,-287,-135,127,6864,-9488,10540,-90,111,-196,-12952,4732,6904,-959,46,-85,-13084,-5792,7800,-520,163,-92,0
2009.478135108948,7740,6852,11984,-55,-132,113,6828,-9236,10288,-44,121,-193,-12940,4692,6980,-1032,127,-116,-13192,-5624,7596,-520,146,-123,0
2009.5118799209595,7808,6776,11884,-118,-83,129,6860,-9372,10272,-71,129,-183,-12808,4764,6844,-1006,113,-121,-13132,-5464,7656,-479,158,-124,0
2009.545289039612,7752,6696,11592,-159,-71,106,6828,-9392,10532,-43,116,-204,-12888,4800,7076,-770,111,-65,-13116,-5492,7700,-768,131,-133,0
2009.57893204689,7920,6716,11680,-185,-47,101,6764,-9500,10520,-31,136,-168,-12908,4708,6684,-994,127,-49,-13256,-5416,7524,-483,142,-115,0
2009.6124551296234,7688,6872,11832,-184,18,112,6888,-9440,10496,-39,134,-152,-13072,4808,6884,-1013,110,-53,-13160,-5628,7584,-474,98,-144,0
2009.6455879211428,7716,6836,11956,-151,5,87,6824,-9408,10552,6,172,-147,-13036,4732,6796,-769,94,-82,-13096,-5684,7644,-496,137,-160,0
2009.6789760589604,7468,6880,11796,-126,-6,70,6876,-9508,10624,-27,185,-180,-13008,4804,6872,-1011,77,-45,-13036,-5676,7760,-491,125,-147,0
2009.7125360965729,7672,7080,11716,-162,-29,69,6808,-9340,10452,-54,156,-185,-12924,4816,6860,-1274,81,-48,-13116,-5516,7536,-484,131,-147,0
2009.7460010051727,7648,6880,11864,-105,-10,87,6904,-9360,10368,-60,164,-172,-12992,4948,6888,-978,14,-2,-13108,-5476,7768,-520,140,-175,0
2009.7798891067505,7784,6784,11844,-129,-41,70,6932,-9504,10552,-12,179,-147,-12896,4804,6832,-999,56,-39,-13124,-5508,7736,-481,117,-130,0
2009.8134829998012,7612,6916,11740,-107,63,99,6768,-9428,10624,-26,139,-168,-12920,4804,6840,-999,103,-59,-13060,-5560,7700,-464,101,-146,0
2009.8470849990845,7712,6756,11996,-104,-40,60,6820,-9492,10656,-62,139,-188,-13008,4808,7024,-978,58,-71,-13160,-5488,7740,-530,126,-161,0
2009.880618095398,7648,6800,11676,-117,-51,102,6796,-9568,10328,-61,189,-158,-12928,4964,6704,-975,41,-73,-13144,-5548,7724,-471,117,-144,0
2009.9140081405644,7632,6784,11556,-126,11,89,6944,-9520,10440,-48,138,-154,-13004,4888,6836,-960,67,-20,-13080,-5580,7636,-501,85,-141,0
2009.9474010467527,7560,6836,11744,-128,17,124,6932,-9288,10664,-32,119,-111,-12932,4772,6876,-1279,112,-15,-13252,-5580,7456,-478,73,-126,0
2009.981022119522,7608,6672,11644,-101,13,83,6864,-9396,10376,-75,121,-158,-12928,4772,6904,-1011,63,-74,-13124,-5600,7628,-490,114,-124,0
2010.0145080089567,7604,6992,11696,-126,-37,93,6848,-9384,10264,-47,153,-139,-12944,4820,6964,-1007,49,-66,-13120,-5616,7816,-503,117,-149,0
2010.0481350421908,7608,6812,11896,-136,-36,72,7092,-9480,10352,-47,181,-168,-12944,4808,6840,-999,40,-61,-13072,-5668,7660,-501,131,-169,0
2010.0816891193388,7924,6800,11524,-96,-33,63,6832,-9360,10488,-36,161,-177,-12904,4828,6856,-996,83,-60,-13068,-5728,7796,-510,126,-134,0
2010.1174890995028,7576,6824,12024,-130,-32,68,6732,-9384,10500,-21,133,-204,-12948,4968,6832,-1012,71,-31,-13128,-5528,7708,-505,148,-175,0
2010.1529669761655,7712,6856,11860,-102,-24,88,6864,-9244,10668,-44,168,-191,-12912,5112,7136,-1006,103,-64,-13132,-5640,7800,-466,110,-141,0
2010.1889359951015,7424,6856,11856,-167,-39,76,6780,-9448,10464,-58,152,-156,-12920,4856,6940,-986,66,-83,-13120,-5596,7688,-467,125,-152,0
2010.2242579460144,7452,6832,11768,-135,-31,107,6868,-9660,10596,-45,137,-179,-12884,4812,7056,-998,60,-33,-13092,-5556,7712,-472,143,-144,0
2010.2598390579224,7536,6840,11840,-161,-30,88,6748,-9472,10464,-21,141,-185,-12904,4852,6888,-1007,78,-83,-13108,-5520,7792,-499,131,-170,0
2010.2947690486908,7608,6676,11776,-124,-17,93,6768,-9456,10564,-21,134,-186,-12888,4764,7084,-1020,106,-62,-13144,-5584,7812,-519,125,-135,0
2010.33021402359,7516,6892,11812,-122,-33,114,6656,-9372,10252,-17,122,-171,-12896,4844,6888,-1003,115,-82,-13092,-5680,7612,-500,139,-135,0
2010.365134000778,7604,6868,11788,-151,-76,92,6708,-9392,10460,-22,144,-174,-12836,4780,6760,-990,138,-91,-13188,-5456,7908,-487,160,-150,0
2010.4006910324097,7624,7124,11916,-156,-67,92,6900,-9368,10324,-33,134,-171,-12900,4728,6704,-1064,110,-38,-13152,-5832,7732,-496,135,-84,0
2010.436212062836,7648,6840,11692,-152,-47,122,6828,-9404,10616,-28,140,-168,-12884,4804,6968,-1059,132,-54,-13076,-5808,7768,-493,132,-111,0
2010.4724960327148,7688,6680,11672,-149,-40,107,6820,-9444,10600,-61,125,-167,-12896,4820,6900,-979,99,-103,-13108,-5560,7788,-490,109,-98,0
2010.5079860687251,7644,6904,11648,-154,-53,106,6912,-9580,10292,-37,158,-183,-12976,4872,6836,-1008,101,-14,-13104,-5600,7760,-495,141,-97,0
2010.5431790351868,7484,6672,11596,-175,-71,103,6852,-9228,10516,-26,116,-174,-12952,4960,6820,-994,119,-89,-13088,-5536,7740,-484,163,-102,0
2010.578215122223,7560,6876,11732,-189,-92,110,6744,-9712,10660,255,136,-193,-12968,4848,7004,-1022,135,-87,-13292,-5560,7744,-480,206,-84,0
2010.613935947418,7460,6960,11672,-193,-97,129,6840,-9500,10496,-14,128,-207,-12912,4632,6744,-1009,134,-81,-13096,-5616,7680,-480,194,-104,0
2010.6497659683228,7660,6896,11932,-176,-171,137,6816,-9404,10520,-32,120,-208,-12892,4772,6952,-994,109,-115,-13008,-5532,7840,-484,179,-87,0
2010.685229063034,7484,6944,11824,-159,-141,157,6772,-9544,10552,-36,132,-205,-12856,4880,6852,-988,118,-119,-13052,-5620,7748,-485,191,-93,0
2010.7204029560087,7492,6920,11560,-190,-152,150,6752,-9432,10736,-25,118,-214,-12876,4732,6872,-994,152,-106,-13072,-5592,7688,-475,156,-77,0
2010.7557089328764,7520,6912,11748,-180,-109,132,6988,-9412,10544,-60,127,-204,-12816,4820,6920,-974,115,-50,-13104,-5504,7640,-496,161,-110,0
2010.7916669845579,7512,6864,11700,-232,-118,115,6800,-9532,10472,-16,148,-193,-12896,4812,6576,-1015,114,-112,-13148,-5568,7712,-521,179,-96,0
2010.8252880573273,7544,6884,11740,-184,-136,132,6844,-9432,10432,253,131,-175,-12940,4696,6796,-974,141,-127,-13124,-5604,7672,-471,207,-94,0
2010.8587501049044,7636,6972,11548,-184,-137,137,6856,-9396,10600,-16,125,-220,-13012,4832,6804,-978,127,-139,-13088,-5584,7616,-483,203,-82,0
2010.892223119736,7724,6812,11652,-212,-146,163,6944,-9448,10300,-20,92,-236,-13004,4892,6768,-997,132,-123,-13140,-5472,7656,-458,236,-61,0
2010.9255599975588,7636,6788,11848,-194,-161,163,6924,-9416,10592,16,113,-191,-12924,4820,6964,-1013,98,-63,-13220,-5484,7796,-444,144,-81,0
2010.9592449665067,7664,6876,11724,-182,-86,125,6876,-9376,10336,-23,129,-166,-12940,4608,6764,-1009,119,-87,-13096,-5584,7596,-461,113,-125,0
2010.9929509162903,7660,7108,12024,-220,-125,118,6776,-9520,10528,-57,145,-151,-12880,4812,6904,-1008,104,-95,-13128,-5528,7860,-477,124,-93,0
2011.026646137237,7548,6812,11752,-193,-140,136,6860,-9500,10552,-36,139,-185,-12948,4904,6964,-1050,135,-117,-13108,-5488,7636,-509,181,-97,0
2011.060029029846,7896,6800,11880,-188,-163,137,6828,-9400,10436,-11,88,-220,-12916,4796,6824,-1002,159,-121,-13044,-5488,7924,-531,216,-85,0
2011.0936980247495,7572,6760,11804,-157,-199,177,6868,-9572,10392,-14,59,-238,-12920,4772,6992,-1034,157,-119,-13108,-5876,7916,-486,204,-48,0
2011.1274621486664,7616,6792,11844,-193,-182,165,6948,-9324,10332,-15,81,-258,-12936,4768,6812,-1002,167,-89,-13128,-5592,7740,-489,193,-75,0
2011.1607880592348,7636,6960,11680,-208,-159,157,6948,-9560,10500,-6,100,-193,-12932,4872,6692,-1002,149,-134,-13192,-5612,7648,-491,190,-72,0
2011.1942479610443,7600,6756,11760,-175,-143,149,7140,-9672,10568,252,121,-199,-13040,4784,6920,-1016,124,-144,-13196,-5624,7860,-476,177,-92,0
2011.2277190685272,7688,6844,11700,-189,-143,141,6884,-9488,10524,-30,136,-176,-13036,4784,6740,-1277,126,-66,-13112,-5616,7676,-478,171,-102,0
2011.260982990265,7724,6800,11692,-194,-146,99,6836,-9400,10616,-24,114,-226,-13012,4844,6904,-1013,108,-60,-13176,-5620,7568,-478,165,-113,0
2011.2945179939268,7604,6844,11760,-173,-104,106,6852,-9236,10496,-43,110,-212,-12928,4768,7100,-989,94,-130,-13208,-5540,7680,-493,174,-120,0
2011.3282380104065,7712,6840,11672,-189,-118,157,6676,-9484,10676,-18,144,-198,-12912,4788,6892,-1039,121,-137,-13088,-5592,7704,-480,149,-90,0
2011.3616340160372,7632,6848,11684,-178,-105,145,6936,-9560,10480,-49,133,-216,-12892,4772,6900,-1017,139,-97,-13228,-5556,7728,-495,170,-114,0
2011.3949189186092,7600,6780,11668,-146,-119,104,6876,-9408,10388,-25,102,-195,-12840,4880,6852,-774,110,-37,-13044,-5548,7688,-497,162,-140,0
2011.4284651279452,7672,6808,11548,-164,-45,90,6868,-9436,10488,-38,134,-193,-12908,4692,7108,-985,134,-80,-13172,-5576,7720,-493,147,-150,0
2011.4618909358976,7804,6808,11692,-155,-16,96,6860,-9636,10600,-32,147,-162,-12956,4856,7048,-1019,93,-64,-13196,-5504,7736,-521,90,-123,0
2011.4956049919128,7800,6728,11736,-152,-6,93,6948,-9508,10400,-27,150,-129,-12948,4812,6660,-1055,74,-70,-13388,-5500,7700,-494,131,-149,0
2011.5292179584503,7748,6804,11688,-188,-36,94,6880,-9380,10632,-39,198,-152,-12920,4860,6920,-992,67,-44,-13192,-5592,7756,-475,110,-125,0
2011.56231212616,7696,6860,11800,-115,4,69,6864,-9436,10504,-56,153,-160,-12996,4784,6888,-1014,86,-47,-13104,-5636,7668,-479,102,-166,0
2011.5958340168,7736,6836,11896,-141,-39,59,6884,-9316,10404,-57,159,-158,-12932,4840,6804,-991,71,-88,-13032,-5492,7740,-479,151,-145,0
2011.629285097122,7648,6712,11636,-145,-25,83,6940,-9476,10580,-58,162,-144,-12964,4924,6884,-1272,57,-61,-13124,-5540,7716,-481,108,-145,0
2011.6625640392303,7580,6748,11760,-102,22,73,6856,-9684,10248,-36,167,-148,-12884,4832,6736,-1007,77,-19,-13120,-5888,7740,-472,81,-169,0
2011.6964111328125,7728,6792,11740,-158,32,50,6832,-9328,10448,-69,162,-155,-12920,4760,6852,-1018,79,-21,-13072,-5552,7784,-496,89,-158,0
2011.7301540374756,7592,6868,12016,-137,-249,70,6796,-9460,10664,-54,175,-143,-13040,4816,6820,-981,41,-33,-13080,-5624,7884,-545,107,-166,0
2011.7632780075073,7700,6860,11788,-84,255,107,6812,-9484,10532,-49,153,-148,-12832,4928,6748,-1001,77,-91,-13148,-5600,7688,-519,137,-138,0
2011.800143003464,7616,6736,11672,-130,-14,97,6672,-9392,10460,-4,118,-184,-12920,4792,6984,-1047,107,-59,-13128,-5540,7712,-510,139,-113,0
2011.8355150222776,7652,6908,11948,-115,-33,103,6796,-9456,10600,-65,143,-181,-12980,4844,7012,-1001,110,-54,-13116,-5680,7676,-471,144,-123,0
2011.8712489604948,7748,6860,11688,-130,-41,84,6828,-9412,10548,-42,129,-185,-13040,5108,6800,-992,103,-60,-13236,-5536,7692,-484,104,-124,0
2011.9062280654907,7704,6836,11896,-165,-44,87,6944,-9512,10272,-31,165,-192,-13004,4836,7012,-998,61,-45,-13160,-5560,7708,-476,94,-138,0
2011.9422590732574,7676,6892,11752,-97,12,87,6856,-9572,10508,-25,142,-156,-12924,4620,6924,-1036,73,-22,-13092,-5664,7844,-537,120,-139,0
2011.9781119823451,7664,6880,12024,-151,-17,57,6900,-9324,10508,-28,159,-178,-12600,4772,6772,-998,56,-33,-13120,-5884,7804,-491,96,-163,0
2012.0138270854948,7592,6812,11704,-137,-3,66,6772,-9608,10260,-43,153,-172,-12848,4876,6992,-1003,90,-90,-13164,-5532,7588,-485,110,-161,0
2012.0492861270905,7852,6832,11604,-146,-36,104,6820,-9660,10640,-18,128,-182,-12988,4884,6876,-988,79,-43,-13108,-5568,7700,-498,134,-145,0
2012.0849809646609,7552,6868,12012,-102,-21,75,6832,-9420,10532,-22,140,-165,-12848,4908,6964,-991,95,-25,-12836,-5448,7764,-766,135,-119,0
2012.1206719875331,7632,6916,11920,-140,-72,81,6616,-9392,10436,17,162,-196,-12916,4708,6996,-936,95,-61,-13096,-5580,7812,-490,126,-101,0
2012.1561491489413,7524,6664,11804,-123,-61,109,6732,-9492,10252,-45,142,-182,-12900,4828,6708,-998,125,-34,-13120,-5624,7812,-503,91,-141,0
2012.1920080184937,7660,6852,11860,-152,-71,130,6828,-9560,10284,-54,151,-168,-12940,4880,6680,-1030,87,-95,-13096,-5444,7864,-525,117,-111,0
2012.2275509834292,7552,6836,11960,-157,-79,119,6812,-9520,10252,-18,137,-140,-12840,4796,6944,-1032,71,-88,-13208,-5408,7668,-258,114,-146,0
2012.2631790637972,7516,6924,11636,-104,-3,113,6804,-9512,10604,-55,149,-172,-12980,4788,7056,-1029,50,-31,-13168,-5664,7604,-502,116,-120,0
2012.299471139908,7576,6876,11832,-144,-74,85,6876,-9492,10500,-46,165,-182,-12856,4836,6728,-1006,67,-79,-12904,-5504,7456,-469,156,-112,0
2012.3345301151276,7668,6820,11580,-164,-31,105,6884,-9396,10420,-9,141,-183,-12920,4916,6952,-1040,103,-72,-13132,-5500,7804,-435,173,-128,0
2012.3700771331787,7588,7052,11884,-169,-55,95,6824,-9528,10440,-253,147,-154,-13040,5008,6816,-984,96,-98,-13028,-5684,7724,-444,118,-127,0
2012.405564069748,7564,6860,11900,-203,-63,101,6896,-9468,10432,-59,184,-191,-12928,4792,6900,-989,86,-75,-13108,-5572,7924,-483,124,-84,0
2012.4427890777588,7724,6940,11716,-190,-101,135,6660,-9580,10500,-62,149,-191,-12944,4676,7052,-993,124,-130,-13108,-5612,7728,-503,186,-114,0
2012.4788439273834,7576,6864,11704,-157,-102,128,6772,-9436,10724,-3,101,-223,-12924,4836,6872,-1020,118,-145,-13044,-5532,7732,-520,187,-58,0
2012.5128200054169,7576,6808,11736,-164,-129,166,6788,-9268,10612,-8,91,-235,-12860,4844,6728,-998,133,-159,-13104,-5572,7800,-765,200,-84,0
2012.5465030670164,7496,6848,11704,-196,-165,158,6844,-9696,10440,-23,83,-229,-12880,4796,7100,-976,192,-126,-13120,-5584,7752,-498,211,-65,0
2012.5800280570984,7476,6932,11836,-209,-116,160,6860,-9240,10240,-32,116,-219,-13004,4792,6800,-988,165,-112,-13228,-5524,7804,-504,176,-67,0
2012.6133220195773,7748,6892,11800,-205,-145,139,6656,-9508,10552,3,140,-202,-12988,5116,7092,-969,130,-120,-13164,-5624,7632,-486,191,-71,0
2012.6467990875244,7680,6848,11664,-211,-143,171,6948,-9236,10696,-12,85,-221,-12800,4900,6760,-1000,175,-163,-12876,-5588,7864,-487,187,-48,0
2012.6804420948029,7676,6960,11796,-210,-154,142,6836,-9380,10536,-23,100,-215,-12924,4716,7020,-1020,152,-172,-13272,-5856,7880,-472,212,-76,0
2012.7140409946444,7656,6880,11868,-208,-182,168,6860,-9384,10452,-31,112,-230,-12800,4840,6828,-1007,140,-116,-13164,-5576,7808,-490,178,-68,0
2012.7476890087128,7488,6764,11548,-226,-172,152,6736,-9312,10440,-13,122,-215,-12976,4788,6764,-1013,134,-85,-13216,-5592,7828,-478,190,-93,0
2012.7808539867403,7624,6836,11688,-200,-140,164,6852,-9400,10264,5,105,-205,-13032,5088,6668,-1017,124,-125,-12972,-5544,7748,-482,174,-105,0
2012.8142390251164,7660,6840,11720,-206,-141,148,6800,-9320,10572,-4,118,-189,-13020,4848,6668,-1015,122,-149,-13136,-5540,7576,-466,200,-95,0
2012.8476800918577,7576,6832,11700,-202,-154,131,6672,-9380,10336,12,122,-221,-12940,4612,6804,-997,128,-100,-13136,-5548,7756,-459,182,-75,0
2012.881070137024,7592,6852,11876,-168,-129,149,6856,-9372,10500,-44,129,-214,-12828,4844,6776,-989,129,-74,-12920,-5580,7932,-490,165,-84,0
2012.914535999298,7604,6864,11664,-202,-163,170,6852,-9396,10520,-24,101,-185,-12972,4852,6848,-1035,114,-91,-13136,-5636,7768,-491,172,-70,0
2012.9481489658356,7604,6728,11836,-203,-167,161,6840,-9420,10508,12,100,-207,-12828,4856,6884,-1034,126,-109,-13000,-5556,7864,-461,155,-89,0
2012.9818120002749,7680,6840,11636,-135,-145,156,6848,-9368,10384,-53,94,-199,-12976,4824,6772,-984,94,-143,-13048,-5608,7468,-499,199,-90,0
2013.0155670642853,7832,6752,11648,-204,-182,114,6808,-9620,10516,-22,129,-228,-12896,4860,6768,-983,122,-151,-12872,-5500,7828,-483,183,-97,0
2013.0491371154783,7688,6764,11760,-230,-124,168,7148,-9388,10328,-15,96,-179,-13016,4768,6944,-1001,120,-91,-13224,-5596,7620,-451,137,-77,0
2013.0826349258423,7704,6812,11584,-187,-127,162,6888,-9388,10436,252,112,-166,-12860,4836,6664,-998,113,-56,-13132,-5500,7740,-473,133,-98,0
2013.1163909435272,7636,6852,11620,-124,-42,85,6800,-9436,10608,-67,127,-185,-12876,4816,6972,-977,116,-50,-13128,-5584,7648,-602,159,-126,0
2013.1497840881348,7720,6824,11796,-139,-94,117,6932,-9404,10480,-13,122,-184,-12888,4732,6664,-1020,86,-98,-13072,-5540,7716,-544,124,-135,0
2013.1835079193115,7772,6744,11984,-106,-93,117,6860,-9440,10436,-73,141,-180,-13028,4628,6744,-1004,95,-93,-13104,-5524,7524,-476,175,-128,0
2013.2172009944916,7592,6840,11712,-162,-63,86,6888,-9656,10284,-9,127,-179,-12860,4820,6780,-1029,115,-41,-13124,-5472,7720,-466,112,-117,0
2013.2504501342773,7708,6840,11700,-177,-85,137,6928,-9408,10388,-28,169,-161,-12896,4776,6864,-969,79,-67,-13064,-5592,7476,-441,110,-135,0
2013.2837250232697,7744,6832,11536,-205,-32,115,6660,-9436,10452,5,174,-170,-12952,4836,6780,-1053,128,-62,-13144,-5608,7696,-430,94,-159,0
2013.3170549869535,7648,6868,11816,-188,-41,107,6944,-9412,10372,-28,180,-157,-13052,4812,6804,-1042,78,-109,-13112,-5600,7564,-478,122,-103,0
2013.350594997406,7668,6800,11744,-159,-17,90,6884,-9452,10596,-11,141,-157,-12840,4848,6820,-997,68,-49,-13104,-5472,7836,-502,125,-134,0
2013.384084939957,7644,6780,11840,-145,0,80,6836,-9264,10516,-56,132,-184,-12900,4744,6756,-1008,78,-38,-13084,-5844,7884,-460,117,-154,0
2013.4266290664673,7900,6840,11964,-142,-9,80,6780,-9504,10288,-54,172,-169,-12844,4860,6692,-990,80,-45,-13072,-5800,7636,-478,130,-139,0
2013.4746191501615,7736,6804,11724,-148,-19,90,7052,-9232,10600,-28,125,-174,-12980,4812,7120,-769,83,-48,-13060,-5616,7608,-511,143,-142,0
2013.5192480087285,7424,6848,11708,-124,-33,117,6832,-9372,10552,-26,165,-160,-12928,4608,6860,-771,84,-29,-13276,-5596,7852,-502,120,-122,0
2013.5545151233673,7680,6856,11596,-135,7,99,6908,-9408,10276,-70,150,-164,-12940,4792,6696,-1003,102,-87,-13140,-5600,7724,-496,122,-127,0
2013.5901560783389,7428,6832,11652,-128,-26,101,7080,-9436,10292,-60,107,-138,-12956,4820,7176,-992,81,-53,-13044,-5472,7796,-519,114,-130,0
2013.6255400180817,7740,6752,11600,-115,-247,87,6856,-9432,10576,-41,140,-149,-12952,4632,7084,-1027,55,-89,-12860,-5556,7820,-507,128,-141,0
2013.6608541011813,7684,6796,11648,-120,7,95,6832,-9364,10504,-14,145,-152,-12976,4816,6772,-1274,75,5,-13152,-5624,7744,-492,76,-156,0
2013.6970930099487,7636,6940,11780,-127,255,61,6860,-9488,10620,-73,173,-157,-12920,4768,6864,-769,47,-31,-13224,-5644,7752,-486,141,-137,0
2013.7322709560394,7580,6832,11644,-141,17,57,6812,-9488,10496,-46,163,-183,-12944,4908,6852,-979,60,-80,-13148,-5560,7620,-487,119,-160,0
2013.7687201499937,7584,6796,11732,-130,5,86,6904,-9480,10544,-16,157,-159,-12928,4884,6960,-1033,89,-49,-13164,-5620,7748,-443,110,-126,0
2013.8039700984955,7432,7116,11528,-113,0,96,6852,-9712,10692,-50,125,-164,-13040,4784,6916,-1012,106,-41,-13208,-5680,7852,-451,119,-165,0
2013.8400361537933,7604,6812,11960,-142,-39,82,6812,-9404,10340,-58,188,-162,-12952,4796,6936,-964,75,-68,-13180,-5568,7716,-490,90,-138,0
2013.8755950927734,7516,6928,11740,-108,-6,108,6888,-9488,10520,-39,159,-159,-12972,4852,7104,-1014,116,-56,-13092,-5556,7784,-526,114,-139,0
2013.9111349582672,7564,6816,11992,-97,-38,92,6752,-9540,10572,-43,132,-163,-12864,4808,6720,-778,138,-70,-13088,-5848,7916,-515,108,-93,0
2013.9474110603333,7528,6908,11548,-91,-45,109,6804,-9268,10336,-43,109,-176,-12992,4984,6880,-1011,131,-55,-13100,-5540,7752,-516,129,-91,0
2013.9824399948125,7588,6948,11628,-138,-70,121,6864,-9392,10396,-74,123,-152,-12548,4820,7156,-1280,86,-88,-13092,-5600,7916,-499,132,-125,0
2014.0176720619204,7892,6780,11928,-139,-30,95,6860,-9236,10460,-54,171,-161,-12984,4764,6940,-1008,88,-81,-13180,-5624,7756,-508,125,-128,0
2014.0532341003416,7656,6876,11684,-125,-35,101,6920,-9416,10652,-28,147,-180,-13296,4676,6792,-1004,48,-31,-13140,-5644,7644,-519,148,-136,0
2014.0888700485227,7576,6980,11864,-128,-31,95,6800,-9244,10668,-36,178,-156,-12888,4980,6932,-1007,68,-88,-13100,-5612,7816,-484,113,-143,0
2014.1255221366885,7648,6660,11684,-156,-37,71,6660,-9708,10572,-49,155,-195,-12856,4836,6720,-1016,78,-74,-13092,-5488,7800,-473,133,-124,0
2014.1587040424347,7512,6824,11552,-168,-51,97,6732,-9428,10416,-15,154,-167,-12948,4816,7020,-990,100,-154,-13140,-5564,7704,-466,161,-131,0
2014.192471027374,7548,6848,11976,-199,-38,106,6768,-9504,10500,247,153,-199,-12940,4904,6884,-1022,135,-107,-13060,-5552,7920,-475,175,-108,0
2014.2260589599612,7508,6812,11836,-192,-67,107,6756,-9544,10480,10,150,-192,-12892,4868,6808,-991,138,-70,-13036,-5632,7708,-486,180,-89,0
2014.2595920562744,7540,6956,12028,-183,-123,164,6848,-9516,10408,4,101,-200,-12956,4748,7088,-1012,133,-98,-13056,-5640,7756,-469,197,-91,0
2014.2928390502932,7456,6696,11716,-172,-160,144,6792,-9728,10472,-32,90,-227,-13024,4768,6976,-996,123,-126,-13068,-5628,7864,-463,193,-70,0
2014.3261051177976,7520,6716,11800,-202,-158,173,6864,-9384,10580,-58,105,-212,-12852,4624,6836,-978,135,-104,-13132,-5500,7848,-500,148,-60,0
2014.3594460487363,7544,6888,11736,-191,-150,163,6848,-9492,10452,-61,112,-192,-12840,4628,6900,-1001,123,-58,-13156,-5576,7744,-520,154,-121,0
2014.3926789760587,7556,6796,11752,-234,-161,150,6752,-9380,10716,-23,111,-206,-12940,4796,6916,-1003,130,-103,-12860,-5640,7816,-488,188,-100,0
2014.4264121055603,7540,6904,11800,-194,-88,134,6836,-9436,10552,11,126,-191,-12880,4800,7124,-1018,118,-138,-13096,-5876,7792,-448,181,-90,0
2014.4596819877625,7748,6944,11860,-222,-162,128,6856,-9416,10536,-37,128,-250,-12932,4720,6848,-971,130,-163,-13080,-5584,7788,-456,211,-73,0
2014.49315404892,7648,6760,11724,-229,-161,129,6672,-9692,10748,255,107,-243,-12900,4868,6904,-993,138,-110,-13208,-5464,7796,-437,196,-84,0
2014.526829004288,7656,6768,11812,-197,-116,157,7136,-9432,10296,-6,121,-183,-13060,4872,6928,-1018,120,-88,-12992,-5544,7612,-444,160,-92,0
2014.560261964798,7756,6836,11852,-221,-132,167,6844,-9252,10728,-15,126,-181,-12868,4740,6796,-1005,138,-71,-13040,-5712,7792,-454,121,-91,0
2014.5938260555267,7588,6856,11892,-205,-118,162,6836,-9508,10472,-26,115,-193,-12988,4860,6932,-995,108,-113,-13088,-5536,7916,-496,177,-107,0
2014.6273789405823,7636,6796,11836,-148,-139,144,6804,-9604,10276,-252,144,-185,-12932,4844,6892,-1030,113,-83,-13168,-5508,7688,-500,173,-109,0
2014.6603169441223,7516,6772,11724,-169,-146,173,6732,-9532,10576,24,106,-224,-12844,4828,6964,-785,140,-143,-13056,-5532,7616,-766,208,-60,0
2014.6937870979307,7632,6784,11732,-160,-152,167,6720,-9392,10448,-18,74,-216,-12912,4796,6780,-1280,131,-137,-12852,-5648,7684,-476,230,-57,0
2014.7273640632627,7664,6928,11756,-184,-203,157,6812,-9232,10544,-19,117,-241,-12924,4708,6796,-963,148,-150,-13168,-5572,7828,-485,185,-106,0
2014.7608449459076,7744,6840,11656,-184,-136,156,6860,-9460,10448,-21,82,-232,-12900,4964,6988,-999,132,-121,-13176,-5432,7592,-481,201,-36,0
2014.7943630218508,7668,6812,11832,-197,-142,134,6856,-9364,10408,-14,114,-209,-13048,4876,6852,-1037,111,-102,-13208,-5600,7748,-489,198,-103,0
2014.82771897316,7672,6848,11660,-186,-121,149,6904,-9360,10240,-18,121,-199,-12868,4800,6832,-980,135,-103,-13128,-5592,7764,-453,150,-100,0
2014.8610570430756,7744,6812,11736,-206,-145,128,6788,-9408,10572,-43,151,-184,-12888,5104,6848,-995,113,-141,-13132,-5484,7752,-505,160,-69,0
2014.8943281173708,7660,6748,12020,-179,-148,147,6880,-9248,10528,-42,118,-196,-12920,4800,6740,-996,112,-102,-13220,-5572,7680,-504,151,-75,0
2014.9280190467834,7724,6724,11892,-176,-161,163,7080,-9400,10476,-23,124,-195,-12936,4880,6884,-1018,104,-77,-13084,-5568,7692,-508,165,-92,0
2014.9612851142883,7424,6820,11592,-174,-115,143,6900,-9452,10508,-23,114,-205,-12888,4748,6764,-1002,109,-87,-13164,-5528,7708,-512,163,-102,0
2014.9949469566343,7808,6828,11748,-133,-124,99,6788,-9376,10424,-59,126,-188,-12912,4820,6684,-1023,114,-92,-13172,-5444,7480,-767,169,-117,0
2015.0286390781405,7668,6820,11620,-141,-83,88,6824,-9440,10424,-73,156,-190,-12980,4812,6872,-994,110,-79,-13108,-5560,7592,-499,124,-142,0
2015.0618901252749,7864,6768,11724,-128,-18,106,6900,-9384,10376,-42,113,-168,-13040,4784,6920,-1009,91,-37,-13180,-5504,7840,-506,129,-127,0
2015.0956151485443,7744,6828,11720,-161,-24,84,6900,-9472,10740,-24,136,-170,-12984,4852,6788,-1056,58,-41,-13176,-5556,7656,-485,128,-145,0
2015.1291120052335,7688,6744,11732,-192,-22,69,6668,-9288,10432,-13,161,-150,-12820,4856,6672,-1275,73,-51,-13228,-5584,7728,-479,103,-149,0
2015.165584087372,7672,6864,11780,-119,-6,68,6824,-9448,10632,-61,182,-148,-12892,4776,6868,-772,67,-66,-13088,-5592,7732,-474,138,-156,0
2015.2017340660093,7604,6848,11784,-149,-46,82,6868,-9428,10608,-62,171,-174,-12972,4900,6704,-969,50,-100,-13068,-5568,7628,-487,147,-161,0
2015.237102985382,7668,6868,11604,-139,-254,95,6840,-9380,10688,-28,166,-153,-12868,5056,6848,-1271,94,-71,-13108,-5596,7708,-444,97,-134,0
2015.2725110054012,7672,6788,11752,-127,20,90,6816,-9440,10480,-39,151,-136,-12996,4820,7048,-1037,108,-248,-13056,-5684,7704,-465,103,-125,0
2015.307976961136,7724,6860,11816,-165,14,64,6808,-9492,10608,-66,181,-148,-13012,4816,6904,-1001,67,-58,-13096,-5384,7688,-472,79,-154,0
2015.3429970741272,7852,6824,11600,-116,247,49,6800,-9508,10484,-53,170,-152,-12968,4624,6664,-1001,53,-52,-13140,-5484,7748,-514,103,-157,0
2015.3781609535215,7688,6812,11732,-73,-20,58,6840,-9444,10620,-45,131,-178,-12840,4764,7064,-1006,61,-86,-12880,-5480,7748,-527,145,-154,0
2015.4137229919434,7664,6672,11692,-98,-14,92,6820,-9524,10448,-12,121,-175,-12812,4712,7088,-1037,129,-63,-13256,-5536,7676,-511,174,-139,0
2015.4491839408875,7564,7096,11556,-105,-76,79,6780,-9540,10628,-53,143,-201,-12936,4812,6760,-1006,117,-46,-13156,-5584,7500,-512,138,-144,0
2015.4842391014097,7632,6828,11760,-136,-19,80,6948,-9416,10464,-67,147,-169,-12912,5060,6944,-978,88,-67,-13152,-5556,7568,-492,117,-143,0
2015.5198140144348,7544,6840,11804,-110,-28,72,6760,-9400,10584,-43,166,-167,-12896,4812,6804,-770,60,-34,-13136,-5664,7800,-492,98,-139,0
2015.5550029277804,7432,6836,11740,-133,-12,98,6808,-9480,10268,-60,150,-126,-12920,4628,6824,-1006,86,-31,-13040,-5672,7504,-489,93,-128,0
2015.5909991264343,7532,7132,11756,-106,-8,101,6852,-9300,10604,-66,157,-161,-12988,4796,6708,-1012,84,-93,-13056,-5688,7532,-478,133,-136,0
2015.6261119842527,7652,6924,11732,-129,-52,65,6860,-9660,10644,-48,148,-169,-12900,4860,6704,-978,52,-39,-13096,-5576,7652,-473,149,-116,0
2015.661863088608,7652,6672,11872,-88,-33,84,6776,-9688,10616,-47,164,-169,-12880,4932,7092,-994,109,-95,-13136,-5588,7804,-504,127,-125,0
2015.6975691318512,7576,6784,11776,-110,-8,90,6828,-9492,10436,-23,122,-185,-12876,4912,6948,-1017,82,-78,-13184,-5584,7884,-516,119,-153,0
2015.7333400249483,7552,6892,11536,-100,-29,109,6788,-9536,10396,-42,131,-183,-12984,4820,6820,-775,88,-69,-13120,-5620,7812,-487,143,-136,0
2015.7689781188965,7792,6736,11868,-139,-53,104,6840,-9564,10356,-31,152,-181,-12956,4788,6776,-1015,89,-92,-13104,-5568,7852,-481,121,-115,0
2015.8060300350187,7732,6820,11620,-142,-25,105,6784,-9712,10596,-78,119,-149,-12848,4668,6936,-983,95,-12,-13088,-5532,8068,-492,119,-120,0
2015.8394010066988,7700,6836,11648,-124,-58,88,6828,-9668,10400,-51,134,-158,-13004,4856,6928,-1032,78,-34,-13100,-5532,7684,-507,134,-140,0
2015.8729360103607,7580,6852,11748,-157,-61,105,6776,-9524,10524,253,155,-147,-13024,4796,6924,-1022,83,-56,-13092,-5452,7724,-485,110,-110,0
2015.9062449932096,7604,6900,11692,-140,-18,99,6788,-9448,10564,-47,140,-172,-13040,4708,6916,-992,76,-81,-13076,-5692,7788,-758,164,-145,0
2015.939922094345,7508,6876,11728,-169,-52,105,6892,-9416,10632,-56,175,-172,-12992,5028,6840,-1010,107,-46,-13148,-5552,7712,-476,154,-139,0
2015.973290920257,7600,6780,11720,-138,-15,98,6836,-9388,10444,-28,149,-177,-12920,4896,6860,-1016,116,-65,-13152,-5624,7880,-448,145,-130,0
2016.0068759918213,7464,6920,11812,-172,-35,92,6720,-9320,10416,5,184,-159,-12832,4800,6920,-1280,113,-87,-13132,-5604,7768,-461,126,-87,0
2016.0405211448667,7624,6808,11708,-211,-65,109,6792,-9564,10616,-31,153,-170,-12844,4860,7032,-996,102,-102,-12988,-5668,7816,-468,144,-90,0
2016.073781967163,7684,6900,11780,-183,-127,142,6828,-9532,10408,-29,168,-194,-12868,4804,6696,-1011,129,-104,-13116,-5576,7756,-489,164,-89,0
2016.1073539257052,7536,6888,11652,-163,-140,137,6788,-9564,10612,-17,118,-206,-12904,4884,7044,-769,143,-105,-13068,-5544,7812,-507,216,-82,0
2016.1406660079956,7568,6884,11924,-193,-138,143,6688,-9692,10412,-4,124,-206,-12564,4840,6848,-772,139,-115,-13024,-5644,7820,-501,205,-50,0
2016.1737430095673,7552,6884,11532,-199,-161,155,6800,-9512,10520,-32,77,-226,-12760,4896,6932,-989,164,-147,-13044,-5648,7756,-470,209,-68,0
2016.207242965698,7568,6820,11828,-254,-136,138,6764,-9512,10244,-1,108,-231,-12916,4840,6968,-985,154,-117,-13156,-5576,7672,-448,183,-84,0
2016.2410171031952,7552,6852,11932,-210,-142,174,6844,-9440,10420,-6,134,-211,-12896,4940,6896,-1011,141,-98,-13188,-5600,7692,-480,205,-69,0
2016.2743401527405,7556,6892,11764,-216,-116,153,6856,-9420,10532,2,127,-191,-12952,4860,6816,-1015,122,-120,-13092,-5636,7760,-478,212,-81,0
2016.3078749179845,7596,6948,11804,-198,-132,148,6988,-9512,10540,-35,106,-217,-13244,4820,6848,-1000,123,-154,-13144,-5592,7652,-459,177,-95,0
2016.3412411212923,7724,6920,11776,-222,-153,159,6884,-9400,10344,-31,113,-225,-12856,4696,6796,-992,120,-112,-13128,-5592,7712,-477,175,-68,0
2016.3743770122528,7656,6788,11684,-184,-161,142,6844,-9432,10560,2,121,-219,-12924,4840,6860,-1037,129,-78,-13072,-5632,7456,-464,206,-67,0
2016.40763092041,7624,6668,11796,-203,-154,157,6804,-9240,10272,249,106,-210,-12900,4804,6732,-781,113,-151,-13140,-5876,7812,-465,201,-79,0
2016.4411530494692,7672,6768,11768,-198,-163,166,6792,-9484,10340,-4,119,-204,-12952,4824,7136,-1014,135,-135,-13060,-5560,7764,-488,166,-98,0
2016.474442958832,7680,6864,11540,-193,-156,166,6672,-9480,10432,10,120,-202,-13052,4812,6964,-1020,132,-89,-12932,-5380,7888,-482,190,-93,0
2016.5076880455015,7668,6924,11788,-194,-185,172,6932,-9412,10660,7,92,-193,-12968,4756,6756,-1012,140,-102,-13076,-5548,7824,-497,183,-97,0
2016.5412800312045,7696,6796,11692,-199,-164,173,6848,-9428,10456,-15,101,-213,-12804,4748,6968,-995,163,-154,-13192,-5524,7508,-470,167,-60,0
2016.5747549533844,7700,6860,11808,-233,-174,155,6876,-9400,10512,-22,126,-228,-12960,4840,6872,-984,146,-135,-13036,-5552,7724,-460,164,-45,0
2016.6084580421448,7628,6776,11780,-233,-197,176,6836,-9316,10324,-27,110,-191,-13028,4852,6840,-1011,128,-93,-13156,-5612,7852,-511,173,-69,0
2016.6417019367216,7688,6748,11704,-225,-190,162,6960,-9444,10228,16,131,-203,-12832,4820,6988,-1276,67,-123,-13128,-5604,7872,-458,188,-96,0
2016.6750440597534,7624,6824,11516,-191,-162,137,6900,-9428,10492,18,123,-192,-12808,4788,6800,-977,90,-112,-13132,-5856,7768,-487,188,-79,0
2016.7085819244385,7604,6884,11836,-196,-186,138,6804,-9408,10736,-2,143,-232,-12932,4784,6784,-976,136,-146,-13104,-5488,7628,-442,215,-85,0
2016.742105960846,7736,6860,11756,-220,-191,141,6932,-9224,10336,-31,71,-232,-12908,4904,6796,-1037,176,-148,-13280,-5544,7712,-459,177,-74,0
2016.775610923767,7768,6780,11592,-180,-129,141,6924,-9424,10488,-40,104,-192,-12952,4792,6796,-991,127,-60,-13184,-5612,7772,-459,125,-82,0
2016.8091220855713,7916,6884,12004,-179,-95,148,6796,-9720,10724,-44,119,-187,-12872,4804,6916,-972,121,-81,-13208,-5624,7764,-500,122,-123,0
2016.8454871177673,7728,6872,11848,-165,-143,90,6832,-9544,10564,-77,138,-187,-12860,4812,6872,-989,86,-55,-13184,-5564,7700,-536,119,-153,0
2016.881612062454,7784,6784,11548,-89,-34,79,6920,-9412,10344,-42,132,-178,-12960,4748,6828,-1019,125,-55,-13108,-5524,7832,-499,176,-138,0
2016.917668104172,7428,6836,11764,-146,10,105,6660,-9400,10356,-8,155,-167,-12880,4728,6816,-1013,142,-69,-13148,-5540,7656,-498,160,-141,0
2016.9529089927673,7748,6748,11520,-129,-12,99,6984,-9480,10596,-44,162,-183,-12896,4788,6732,-997,92,-37,-13280,-5604,7736,-487,125,-142,0
2016.9877390861511,7712,6828,11960,-149,-19,90,6916,-9572,10656,-21,156,-200,-12952,4844,7024,-786,88,-92,-13124,-5536,7668,-469,102,-161,0
2017.0236511230469,7892,6868,11644,-111,-27,74,6704,-9484,10572,-69,173,-131,-13000,4616,7060,-1009,56,-32,-13108,-5504,7732,-504,135,-150,0
2017.059226036072,7636,6788,12008,-145,13,67,6860,-9456,10508,-52,164,-124,-12856,4760,6992,-1007,73,-76,-13144,-5464,7708,-492,103,-148,0
2017.0941751003268,7696,6932,11804,-110,5,71,6816,-9360,10500,-56,151,-152,-12968,4876,6788,-990,65,-16,-13168,-5696,7864,-501,61,-152,0
2017.12948513031,7712,6836,11716,-116,-254,72,6840,-9448,10424,-88,206,-150,-13008,4868,7120,-978,25,-69,-13304,-5608,7732,-502,96,-177,0
2017.1649250984192,7720,6832,11856,-125,-33,68,6796,-9256,10620,-38,172,-158,-12868,5104,7096,-1034,53,-43,-13136,-5720,7728,-494,132,-133,0
2017.2002921104431,7560,6928,11656,-88,31,72,6816,-9464,10240,-5,139,-165,-12916,4720,6816,-1003,89,-95,-13160,-5544,7592,-499,78,-168,0
2017.235806941986,7684,6824,11984,-66,-44,41,6996,-9496,10692,-52,151,-182,-12972,4724,6968,-983,95,-62,-13180,-5564,7668,-514,144,-166,0
2017.2718629837036,7688,6788,11536,-105,-100,104,7124,-9408,10728,-81,189,-146,-12904,4832,6844,-963,91,-55,-13100,-5568,7856,-477,71,-143,0
2017.3076059818268,7724,6868,11628,-108,40,98,7164,-9384,10720,-39,123,-127,-12884,4680,6788,-1014,118,-37,-13172,-5520,7532,-507,56,-144,0
2017.3427789211273,7736,6844,11708,-82,80,78,6880,-9468,10256,-29,122,-120,-13012,4772,6856,-1012,89,8,-13304,-5748,7668,-517,68,-177,0
2017.3785791397095,7536,6848,11916,-107,25,75,6824,-9448,10120,-48,149,-140,-12956,4624,7136,-1023,29,-53,-13304,-5620,7812,-523,119,-147,0
2017.4136691093445,7652,7140,11804,-104,-22,91,6908,-9504,10580,-44,177,-156,-12940,4752,6728,-997,58,-17,-12816,-5580,7904,-523,113,-180,0
2017.4489240646365,7644,6836,11864,-94,-36,100,6728,-9604,10564,-35,229,-195,-12956,4784,6876,-779,91,-104,-13168,-5424,7908,-495,134,-163,0
2017.4919970035553,7588,6836,11972,-101,-8,62,6864,-9684,10492,-38,138,-204,-12932,4852,6872,-773,57,-81,-13056,-5556,7800,-495,155,-150,0
2017.5256960392,7636,6808,11756,-113,-24,60,6876,-9440,10512,-49,171,-209,-12848,4900,7000,-995,77,-54,-13192,-5888,7800,-460,117,-130,0
2017.5592279434204,7472,6900,11640,-138,-5,86,6832,-9400,10316,-64,156,-156,-12872,4616,6672,-778,73,-20,-13140,-5712,7780,-458,100,-152,0
2017.592849969864,7660,6848,11772,-135,-40,107,6876,-9512,10488,-37,148,-164,-12916,4656,6848,-997,59,-39,-13148,-5548,7784,-475,133,-129,0
2017.6264350414276,7636,6888,11652,-175,-21,95,6700,-9240,10588,-29,193,-173,-12912,5096,6812,-952,75,-83,-13104,-5400,7852,-491,161,-129,0
2017.6595461368563,7552,6904,12004,-202,-44,96,6796,-9452,10432,-1,172,-163,-12928,4768,7056,-979,106,-89,-13072,-5608,7744,-473,147,-102,0
2017.6930179595947,7656,7012,11636,-184,-72,117,6812,-9436,10680,-31,118,-191,-12600,5056,7144,-991,123,-76,-13036,-5408,7532,-486,150,-103,0
2017.7267289161684,7640,6752,11736,-160,-101,110,6748,-9444,10548,-33,118,-213,-12892,4828,6664,-1279,123,-96,-13044,-5632,7732,-502,178,-109,0
2017.7603800296783,7608,6852,11780,-191,-141,138,6892,-9356,10472,-34,150,-208,-12888,4828,7080,-1008,101,-134,-13084,-5620,7700,-484,177,-77,0
2017.7939031124115,7548,6772,11656,-197,-131,119,6780,-9572,10504,-69,137,-191,-12876,4836,6924,-1028,139,-136,-13128,-5588,7760,-454,159,-71,0
2017.8273620605469,7624,6896,11740,-193,-119,140,6912,-9456,10508,-2,132,-208,-12884,4888,6932,-1013,153,-86,-13140,-5612,7568,-445,169,-47,0
2017.8606939315796,7536,6836,11804,-212,-113,149,6820,-9276,10260,-20,99,-197,-12824,4776,6892,-1025,168,-92,-13164,-5604,7716,-502,179,-52,0
2017.8937330245972,7640,6952,12016,-209,-121,157,6804,-9520,10456,-37,115,-212,-12884,4768,7060,-991,117,-144,-13112,-5588,7804,-480,237,-69,0
2017.927453041077,7864,6892,11816,-193,-153,179,6748,-9472,10328,-16,129,-212,-13000,4640,6808,-986,181,-139,-13176,-5612,7668,-485,225,-78,0
2017.9611110687251,7468,6868,11780,-231,-174,180,6808,-9480,10484,-36,102,-219,-12968,4876,6880,-992,167,-137,-13112,-5604,7804,-481,218,-66,0
2017.994689941406,7648,6840,11792,-224,-189,152,6876,-9676,10420,9,102,-225,-12900,4848,7116,-994,116,-142,-13188,-5552,7708,-479,226,-90,0
2018.0282449722292,7704,6864,11748,-197,-170,171,6800,-9532,10492,-12,111,-226,-12952,4856,6944,-985,144,-102,-13192,-5576,7596,-495,208,-75,0
2018.0617089271548,7624,6920,11792,-238,-191,150,6864,-9400,10440,-247,98,-234,-12892,4816,6884,-1006,137,-143,-13152,-5432,7868,-461,181,-70,0
2018.0952360630035,7664,6976,11796,-219,-132,142,6944,-9468,10520,-22,132,-211,-12976,4828,6900,-992,119,-110,-13156,-5552,7528,-500,175,-118,0
2018.128762960434,7732,6876,11852,-230,-167,145,6884,-9624,10720,16,121,-221,-12936,4748,6752,-1037,81,-121,-13284,-5612,7732,-484,207,-112,0
2018.162188053131,7732,6920,11652,-259,-254,190,6840,-9392,10344,40,104,-196,-12828,4692,6712,-1009,155,-105,-13188,-5636,7788,-451,215,-87,0
2018.1956949234009,7624,6828,11700,-165,-114,128,6864,-9496,10496,9,100,-251,-12980,4876,6792,-961,114,-149,-13208,-5496,7728,-521,240,-77,0
2018.22923207283,7816,6864,11948,-259,-204,163,6852,-9452,10444,-37,83,-248,-12888,4876,6824,-1021,121,-137,-13280,-5416,7852,-478,207,-24,0
2018.2628469467163,7788,6844,11972,-199,-150,169,6960,-9460,10548,11,96,-206,-12952,4796,6676,-776,85,-95,-13184,-5624,7872,-485,105,-77,0
2018.2961180210114,7460,6904,11664,-184,-79,134,7120,-9352,10576,-24,130,-169,-12876,4700,6944,-998,123,-97,-13144,-5596,7812,-455,91,-117,0
2018.3298189640043,7624,7100,11264,-197,-97,114,6888,-9356,10468,-47,133,-178,-12900,4736,7040,-1020,104,-65,-13200,-5384,7892,-481,141,-122,0
2018.3633699417114,7668,6844,11624,-147,-79,111,6788,-9428,10480,-72,134,-179,-12916,4760,6844,-1018,91,-87,-13132,-5536,7732,-415,165,-134,0
2018.3968019485474,7612,6660,11764,-504,-80,140,6884,-9460,10396,-29,106,-171,-12836,4768,6840,-1037,114,-117,-13052,-5584,7616,-528,278,-144,0
2018.4302840232847,7732,6836,11624,-123,-19,103,6864,-9340,10332,-32,189,-216,-12988,4724,6864,-998,124,-103,-12908,-5484,7480,-527,197,-116,0
2018.4639959335327,7812,6848,11632,-190,-80,108,6944,-9368,10332,-24,146,-187,-13300,4832,6732,-982,132,-45,-13180,-5520,7660,-493,125,-126,0
2018.4973459243774,7852,6824,11764,-132,-51,82,7156,-9688,10736,-24,172,-138,-13032,4844,6840,-1013,102,-74,-13148,-5556,7592,-500,108,-145,0
2018.534488916397,7436,6840,11780,-116,-250,74,6956,-9424,10492,-32,147,-149,-13012,4764,6804,-1014,67,-75,-13144,-5540,7804,-490,120,-140,0
2018.5702030658724,7548,6840,11884,-110,3,83,7080,-9632,10684,-77,164,-145,-12896,4716,6784,-1013,45,-14,-13008,-5504,7784,-493,92,-154,0
2018.6050779819489,7564,6800,11528,-159,-3,63,6892,-9352,10444,-47,200,-148,-12888,4772,7044,-999,50,-78,-13140,-5428,7732,-457,89,-165,0
2018.6403501033783,7580,6856,11764,-153,-54,44,6780,-9388,10720,-67,199,-163,-12988,4772,6892,-998,93,-9,-13156,-5604,7856,-497,57,-148,0
2018.675637960434,7928,6848,11940,-130,32,79,6904,-9464,10464,-41,154,-160,-12884,4820,6880,-1001,55,-64,-13200,-5568,7692,-531,118,-155,0
2018.7115509510045,7700,6800,11588,-133,-29,84,6820,-9364,10372,-23,155,-166,-12888,4788,7052,-1013,97,-9,-13080,-5596,7916,-490,114,-138,0
2018.7474820613859,7716,6760,11664,-160,28,66,7148,-9388,10720,-55,160,-181,-12892,4736,6844,-991,110,-11,-13104,-5556,7724,-480,191,-166,0
2018.7826931476593,7656,6856,11664,-114,-11,93,6856,-9376,10520,-80,131,-166,-12972,4864,6740,-956,106,-38,-13096,-5688,7724,-533,100,-133,0
2018.8179719448092,7732,6820,11496,-105,-31,117,7088,-9252,10348,-35,158,-156,-12960,4756,6896,-1004,39,-26,-13172,-5668,7812,-503,88,-140,0
2018.8537039756775,7460,7064,11708,-123,-45,103,6680,-9368,10284,-41,160,-150,-12996,4844,7028,-980,58,-35,-13204,-5428,7736,-507,14,-157,0
2018.8896889686584,7700,6860,11884,-85,6,53,6744,-9688,10552,-79,149,-135,-12972,4788,7096,-993,50,-47,-13168,-5444,7892,-505,70,-147,0
2018.9247269630432,7604,6904,11560,-137,21,32,6792,-9392,10300,-39,175,-149,-12892,4776,6776,-977,65,-53,-13160,-5536,7796,-455,111,-181,0
2018.960725069046,7724,7120,11980,-150,28,32,6872,-9432,10512,-16,133,-119,-12924,5064,6740,-1049,87,-256,-13096,-5488,7784,-470,121,-169,0
2018.9955570697784,7616,6792,11648,-99,-24,63,6800,-9560,10508,-60,144,-169,-12912,4620,7128,-990,68,-48,-13132,-5884,7772,-483,88,-153,0
2019.0316050052643,7600,6892,11672,-120,-18,74,6812,-9484,10248,-62,161,-157,-12884,4788,7004,-963,50,-58,-13148,-5676,7704,-512,111,-175,0
2019.0674891471863,7532,6804,11760,-120,-53,86,6828,-9524,10516,-61,170,-166,-12920,4900,6992,-1015,68,-58,-13084,-5388,7792,-537,145,-148,0
2019.1023590564728,7896,6872,11724,-115,-10,104,6792,-9384,10436,-23,160,-173,-12768,4884,6860,-1044,91,-109,-13076,-5632,7764,-506,145,-152,0
2019.1380980014803,7536,6872,11756,-116,-5,93,6804,-9416,10520,-14,124,-197,-13052,4764,6852,-1007,92,-86,-13184,-5392,7764,-490,145,-117,0
2019.1744661331177,7448,6880,12024,-129,-51,124,6764,-9400,10432,-26,143,-186,-12840,4808,6772,-1009,118,-70,-13284,-5548,7876,-480,170,-142,0
2019.2082870006564,7660,6828,11876,-198,21,125,6856,-9456,10476,-16,124,-180,-12848,4644,6716,-1010,81,-74,-13192,-5576,7764,-437,196,-88,0
2019.2417211532593,7544,6772,11756,-205,-32,130,6876,-9348,10248,-17,144,-171,-12956,4876,6708,-1023,111,-73,-13156,-5672,7732,-442,165,-119,0
2019.2750871181488,7660,6904,11932,-188,-29,116,6788,-9516,10508,-18,186,-170,-12936,4872,7044,-976,88,-116,-13060,-5640,7828,-435,141,-91,0
2019.3083579540253,7592,6888,12016,-184,-66,102,6844,-9256,10500,-39,169,-182,-12916,4816,6964,-986,84,-108,-13308,-5568,7708,-440,150,-99,0
2019.3416140079496,7616,6776,11520,-199,-156,119,6744,-9580,10544,-17,158,-202,-12944,4816,6744,-1000,98,-105,-13304,-5588,7824,-477,187,-76,0
2019.3748900890348,7588,6900,11684,-198,-142,159,6764,-9428,10724,-6,112,-229,-12820,4608,6696,-1014,116,-134,-13140,-5672,7924,-470,203,-90,0
2019.4081439971924,7616,6852,11672,-186,-162,123,6808,-9340,10448,-10,129,-217,-12920,4780,6968,-1011,136,-111,-13260,-5688,7652,-471,218,-89,0
2019.4417300224304,7528,6860,11612,-226,-118,150,6848,-9440,10444,-60,136,-213,-12812,4820,6916,-962,145,-103,-12920,-5832,7776,-491,225,-55,0
2019.4750750064852,7592,6884,11844,-232,-122,157,6780,-9460,10584,-26,112,-204,-12852,4860,6772,-987,101,-60,-13156,-5500,7752,-501,206,-64,0
2019.5087299346924,7660,6740,11652,-227,-135,177,6952,-9284,10480,30,139,-212,-12932,5100,6696,-773,124,-89,-13120,-5888,7824,-481,214,-84,0
2019.5421550273893,7712,6924,11944,-222,-127,173,6788,-9304,10480,24,112,-206,-12900,4856,6928,-1013,152,-141,-13232,-5668,7744,-469,170,-99,0
2019.5757009983063,7708,6892,11664,-224,-156,150,6820,-9452,10612,-8,110,-209,-12944,4808,6884,-984,130,-153,-13192,-5608,7556,-467,222,-66,0
2019.609266996384,7768,6888,11524,-245,-185,152,7124,-9508,10516,-18,128,-230,-12916,4872,6776,-995,151,-119,-13228,-5476,7628,-457,215,-57,0
2019.6427190303805,7720,6836,11588,-220,-140,171,6984,-9428,10700,12,121,-187,-12868,5012,6836,-974,102,-80,-13128,-5592,7668,-459,178,-94,0
2019.6762130260468,7684,6808,11832,-223,-146,136,6796,-9388,10612,12,125,-187,-12836,5056,6920,-1025,130,-94,-13108,-5572,7508,-438,156,-70,0
2019.709964036941,7564,6880,11724,-264,-139,154,6752,-9344,10480,-254,114,-219,-12920,4820,7012,-1014,118,-141,-13056,-5592,7692,-430,174,-99,0
2019.7433900833132,7456,6804,11724,-229,-171,161,6896,-9452,10488,-20,130,-219,-12916,4828,7184,-1019,95,-131,-13096,-5396,7812,-473,213,-90,0
2019.776818037033,7452,6832,11588,-190,-191,174,6784,-9368,10680,-56,154,-267,-12912,4860,6752,-1012,123,-141,-13236,-5548,7580,-502,263,-81,0
2019.81032705307,7648,6684,11552,-160,-210,171,6848,-9268,10488,23,88,-246,-12848,4792,6452,-1011,131,-134,-13080,-5536,7748,-482,190,-40,0
2019.8438241481779,7608,6776,11832,-172,-236,176,6848,-9372,10356,11,64,-240,-13004,4844,6688,-1002,173,-127,-13196,-5624,7528,-477,241,-52,0
2019.8772821426392,7716,6760,11712,-202,-156,173,6860,-9364,10524,-19,64,-227,-12920,4756,6896,-974,157,-114,-13200,-5524,7596,-486,202,-81,0
2019.9104211330414,7788,6828,11548,-190,-128,144,6888,-9400,10584,-7,174,-210,-13264,4720,7120,-990,108,-92,-13220,-5560,7644,-520,190,-86,0
2019.9440429210663,7708,6848,11672,-183,-109,144,7144,-9328,10304,-23,122,-215,-12896,4756,6788,-1010,119,-88,-13236,-5592,7608,-510,159,-108,0
2019.9773259162903,7636,6724,11956,-163,-162,154,6880,-9300,10400,-61,101,-213,-12932,4824,6840,-1013,118,-122,-13156,-5692,7596,-494,165,-94,0
2020.0107889175413,7748,6732,11568,-167,-142,99,6928,-9372,10664,-47,123,-201,-12988,4792,6716,-986,105,-134,-13216,-5588,7436,-500,146,-100,0
2020.0443220138548,7772,6740,11576,-145,-104,110,6892,-9388,10516,-44,146,-182,-12868,4832,6848,-1020,100,-86,-13064,-5568,7852,-518,124,-130,0
2020.0777330398564,7616,6788,11684,-99,-31,102,7116,-9328,10680,-36,130,-141,-12948,4808,6876,-1036,86,-31,-13176,-5388,7732,-461,130,-146,0
2020.1113929748533,7656,6716,11684,-196,15,66,6832,-9364,10592,-14,189,-165,-12948,4704,7084,-966,82,-81,-13224,-5604,7664,-470,130,-120,0
2020.1446969509125,7924,6800,11656,-169,18,96,7096,-9240,10496,-32,165,-167,-12944,5100,7120,-1279,97,-78,-13152,-5548,7620,-492,116,-120,0
2020.1779050827029,7728,6728,11808,-152,-49,102,6932,-9308,10268,-46,160,-150,-13000,4772,6896,-1034,76,-60,-13120,-5516,7564,-751,163,-149,0
2020.214688062668,7672,6820,11744,-114,-15,116,6860,-9356,10392,-42,156,-154,-12876,4724,6692,-1022,96,-43,-13140,-5568,7676,-476,65,-145,0
2020.2505550384524,7592,6852,11784,-111,-6,104,6824,-9400,10472,-73,179,-159,-12952,4816,6848,-1005,62,-32,-13212,-5520,7744,-514,125,-142,0
2020.2856490612028,7668,6764,11588,-164,-11,83,6932,-9516,10532,-52,165,-150,-12984,4856,6720,-986,96,-54,-13252,-5564,7656,-480,80,-139,0
2020.321260929108,7752,6820,11848,-134,9,72,6752,-9464,10392,-53,170,-141,-12856,4824,6732,-996,66,-27,-13156,-5628,7724,-491,67,-138,0
2020.3571069240572,7752,6852,11972,-125,35,63,6868,-9424,10456,-56,171,-148,-13036,4796,7088,-984,68,-33,-13148,-5480,7620,-492,80,-146,0
2020.3919420242307,7656,6760,11852,-148,-10,97,6736,-9692,10716,-84,159,-172,-12880,4832,6884,-977,61,-49,-13120,-5528,7760,-526,108,-135,0
2020.4280500411987,7824,7128,11564,-79,-6,78,6856,-9508,10576,-54,167,-165,-12880,4828,6892,-1005,73,-50,-13084,-5452,7428,-531,125,-165,0
2020.4631409645083,7792,6760,11836,-86,-48,91,6780,-9432,10376,-29,140,-168,-12872,4820,6724,-1019,109,-87,-13052,-5456,7428,-767,154,-134,0
2020.4981801509855,7656,6784,11652,-95,-30,78,6656,-9388,10340,-43,155,-170,-12940,4796,6824,-1015,97,-32,-13196,-5616,7696,-496,146,-150,0
2020.533898115158,7628,6780,11936,-123,-27,78,6852,-9504,10620,-54,152,-163,-12924,4892,7028,-992,90,-90,-13176,-5556,7864,-477,105,-148,0
2020.5697851181028,7712,6904,11732,-130,0,73,6908,-9672,10564,-59,168,-142,-12948,4840,6872,-1020,68,-40,-13184,-5620,7668,-513,93,-165,0
2020.6055300235748,7656,6872,12028,-119,255,83,6760,-9540,10676,-26,148,-145,-12944,4804,6876,-1016,52,-17,-13112,-5588,7696,-498,91,-153,0
2020.6407690048215,7624,6848,11528,-112,-12,97,6848,-9460,10648,-60,157,-169,-12860,4756,7044,-1012,89,-42,-13112,-5708,7676,-487,98,-131,0
2020.6756100654604,7504,6936,11752,-108,-30,64,6804,-9496,10596,-61,166,-177,-12808,4844,7064,-974,65,-62,-13284,-5600,7748,-492,119,-178,0
2020.7118639945984,7568,6844,11848,-127,-44,75,6852,-9644,10556,-59,156,-176,-12940,4772,6928,-1278,66,-62,-13116,-5840,7860,-504,113,-136,0
2020.7475399971008,7548,6848,11776,-105,-16,64,6716,-9468,10644,-22,140,-152,-12940,4764,7076,-1273,78,-52,-13156,-5852,7720,-512,110,-141,0
2020.78325510025,7660,7056,11700,-139,1,92,6840,-9448,10408,-17,129,-158,-12828,4772,6960,-984,118,-82,-13304,-5564,7776,-497,118,-126,0
2020.8189060688017,7616,6900,11708,-119,-19,100,6812,-9708,10536,-74,111,-172,-12888,5016,6720,-1011,131,-74,-13280,-5556,7744,-497,126,-107,0
2020.8542799949644,7848,6852,12028,-142,-87,114,6872,-9460,10432,-26,138,-156,-12988,4784,6908,-1016,61,-35,-13204,-5584,7712,-492,146,-134,0
2020.8875551223755,7540,7088,11676,-126,-30,122,6820,-9420,10304,-11,158,-135,-12900,4916,7016,-1051,114,-47,-13160,-5732,7528,-491,127,-119,0
2020.9210939407349,7636,6816,11636,-153,-43,107,6852,-9256,10724,-54,161,-156,-12948,4776,6928,-1012,74,-79,-13284,-5556,7932,-489,134,-105,0
2020.9543061256409,7564,6816,11808,-183,-254,82,6756,-9496,10668,-24,144,-198,-12904,4940,6944,-1008,115,-109,-13004,-5616,7748,-453,131,-139,0
2020.9877440929413,7516,6880,11712,-200,-24,124,6824,-9728,10444,-6,144,-166,-13004,4816,6948,-978,78,-62,-13120,-5572,7808,-447,158,-104,0
2021.0209720134733,7568,6924,11760,-166,-80,146,6788,-9484,10664,-17,142,-182,-12832,4824,7148,-1014,127,-63,-12864,-5632,7748,-461,139,-71,0
2021.0544500350952,7544,6852,11984,-190,-131,130,6808,-9508,10520,-55,158,-220,-12852,5108,7140,-968,97,-138,-12868,-5404,7692,-501,189,-113,0
2021.0881321430204,7512,6868,11876,-206,-127,151,6752,-9300,10596,-29,128,-192,-12916,4792,6860,-991,125,-131,-13092,-5684,7720,-458,215,-76,0
2021.1217141151428,7572,6852,11816,-185,-158,125,6704,-9648,10468,-34,93,-217,-12812,4844,6776,-999,168,-133,-13044,-5532,7688,-463,237,-72,0
2021.1548690795896,7516,6884,11784,-168,-110,165,6796,-9460,10404,-8,85,-498,-12972,4844,7012,-1006,139,-65,-13124,-5532,7908,-466,181,-75,0
2021.1884720325468,7656,6800,11944,-195,-153,139,6692,-9224,10520,253,116,-218,-12924,4812,6832,-1001,148,-127,-13112,-5584,7836,-468,182,-64,0
2021.2218041419983,7640,6752,11796,-218,-114,143,6928,-9432,10440,252,106,-220,-12992,4924,6872,-972,161,-149,-13156,-5540,7652,-481,177,-75,0
2021.255516052246,7920,6848,11884,-189,-128,164,6864,-9476,10600,10,125,-205,-12940,4808,7052,-1009,118,-149,-13200,-5592,7628,-469,203,-39,0
2021.289077997208,7868,6868,11892,-213,-178,158,6968,-9392,10304,-2,104,-222,-12964,4768,7004,-1014,142,-115,-13072,-5648,7684,-462,192,-92,0
2021.32253909111,7608,6664,11520,-188,-167,173,6868,-9404,10284,-28,94,-226,-12980,4728,7008,-1014,133,-103,-13044,-5688,7652,-488,183,-96,0
2021.3560531139374,7604,6852,11708,-202,-154,145,6820,-9512,10348,-28,142,-218,-12996,5080,6816,-999,99,-159,-13116,-5616,7752,-480,211,-82,0
2021.3893539905548,7664,6808,11640,-214,-155,147,6812,-9524,10612,-7,123,-197,-12928,4728,6696,-1034,97,-145,-13124,-5616,7856,-470,200,-88,0
2021.4227631092072,7444,6892,11916,-179,-132,125,6804,-9440,10484,12,112,-185,-12932,4808,6720,-1018,103,-123,-13088,-5604,7644,-472,184,-96,0
2021.456146001816,7628,6876,11984,-200,-160,140,6740,-9384,10448,-11,125,-224,-12916,5028,6816,-1035,126,-98,-13136,-5568,7740,-461,178,-71,0
2021.489671945572,7660,6884,11928,-216,-131,159,6836,-9372,10484,-38,98,-218,-12956,4828,7152,-988,151,-102,-13160,-5580,7748,-469,181,-51,0
2021.5231759548187,7768,6864,11580,-203,-170,192,6864,-9408,10516,-36,116,-193,-12864,4892,6856,-1028,154,-136,-13156,-5504,7748,-522,175,-89,0
2021.556829929352,7612,6752,12028,-205,-211,154,6992,-9336,10552,-25,109,-194,-12956,4780,6932,-1069,101,-113,-13140,-5516,7856,-477,180,-93,0
2021.5902740955353,7676,6784,11676,-148,-111,140,6844,-9392,10640,-34,104,-187,-13000,4800,6932,-995,100,-79,-13120,-5604,7896,-478,167,-65,0
2021.6237940788267,7444,6892,11732,-200,-134,133,6932,-9500,10452,-33,145,-210,-12960,4852,6868,-981,121,-95,-13156,-5420,7724,-464,213,-73,0
2021.6575999259949,7724,6776,11760,-234,-154,156,6888,-9420,10532,-34,108,-226,-12964,4864,6860,-971,92,-99,-13192,-5564,7708,-431,176,-87,0
2021.6911571025848,7796,6824,11600,-201,-122,136,6852,-9440,10556,-31,115,-201,-12820,4764,6676,-1032,140,-108,-13128,-5472,7792,-474,120,-115,0
2021.7247500419617,7456,6864,11912,-163,-124,121,6832,-9340,10436,-14,101,-172,-12936,4732,6968,-1001,105,-95,-13088,-5848,7904,-483,118,-111,0
2021.7584090232847,7716,6836,11684,-174,-114,95,6796,-9484,10420,-61,122,-198,-12920,4628,6856,-1005,102,-101,-13132,-5484,7424,-505,162,-87,0
2021.7920551300049,7680,6772,11608,-127,-107,123,6904,-9372,10252,-42,128,-167,-12840,4872,6932,-770,131,-57,-13028,-5556,7696,-765,124,-99,0
2021.8255641460416,7492,6804,11860,-126,-107,129,7148,-9676,10432,-40,129,-196,-12860,4796,6908,-1015,123,-77,-13064,-5512,7636,-755,136,-109,0
2021.8588809967043,7676,6800,11644,-114,-43,87,6852,-9416,10496,-64,158,-182,-12920,4792,6676,-771,112,-102,-13200,-5512,7732,-465,147,-127,0
2021.8960781097412,7604,6796,11896,-187,-47,102,6844,-9428,10468,-29,154,-182,-12856,4828,6780,-1003,131,-106,-13228,-5380,7444,-475,127,-124,0
2021.931755065918,7752,6712,11924,-178,-5,86,6980,-9660,10340,-56,147,-163,-12856,4748,6972,-1002,115,-113,-13156,-5476,7692,-501,113,-126,0
2021.96618103981,7464,6684,11748,-160,-13,89,6944,-9408,10708,-59,165,-151,-12944,4716,7076,-1018,72,-61,-13164,-5864,7700,-496,135,-137,0
2022.002527952194,7640,6844,11560,-130,-30,77,6860,-9396,10460,-98,147,-181,-12920,4708,6864,-1009,63,-58,-13016,-5400,7676,-487,141,-154,0
2022.0380589962003,7656,6880,11828,-125,-50,92,6812,-9512,10400,-41,153,-180,-13048,4820,6816,-1010,54,-80,-13204,-5612,7720,-500,113,-154,0
2022.0734679698944,7692,6812,11916,-162,-23,87,6788,-9480,10456,-15,159,-162,-12992,4816,6776,-1055,56,-35,-13308,-5608,7828,-481,146,-137,0
2022.1086690425873,7560,6804,11732,-122,-14,106,6756,-9400,10744,-13,134,-177,-12956,4724,6880,-987,79,-97,-12980,-5664,7740,-495,81,-163,0
2022.1440329551697,7624,6752,11868,-109,-26,63,6656,-9420,10600,-58,150,-184,-12868,4924,6976,-999,61,-68,-12964,-5876,7832,-260,121,-148,0
2022.179430961609,7588,6792,11704,-170,-50,106,6880,-9680,10628,-97,145,-162,-12984,4780,6704,-961,98,-47,-13100,-5528,7712,-502,51,-128,0
2022.2143371105194,7836,6832,12016,-131,7,119,6832,-9372,10360,-42,99,-148,-12900,4688,6768,-1031,139,-31,-13160,-5588,7664,-490,95,-94,0
2022.2496619224548,7916,6740,11992,-116,21,140,6752,-9340,10404,-24,95,-151,-12960,4808,6964,-1006,113,-6,-13096,-5608,7668,-502,108,-157,0
2022.2851500511172,7884,6832,12004,-122,-11,70,7028,-9436,10420,-25,122,-173,-12844,4724,6896,-1035,49,-90,-13104,-5580,7764,-502,156,-172,0
2022.3207089900973,7788,6820,11876,-119,-8,53,6860,-9448,10548,-32,157,-158,-12924,4868,6828,-1035,53,-22,-13104,-5556,7756,-524,141,-166,0
2022.3555989265444,7716,6804,11648,-116,-36,69,6904,-9488,10484,-24,159,-194,-12884,4760,6908,-1004,81,-95,-13156,-5624,7800,-482,132,-154,0
2022.391235113144,7544,6824,11592,-125,-29,76,6860,-9504,10592,-48,142,-207,-12928,4776,6916,-1280,104,-62,-12844,-5592,7692,-489,132,-119,0
2022.4276330471039,7716,6808,11708,-162,-66,84,6848,-9236,10252,-80,156,-171,-12796,4800,7084,-1003,100,-26,-13208,-5592,7764,-490,112,-132,0
2022.4626791477203,7656,6852,11832,-148,-41,93,6836,-9384,10548,-40,143,-167,-12920,4776,6844,-1004,101,-101,-13156,-5532,7724,-502,83,-153,0
2022.5015540122988,7520,6756,11832,-140,245,96,6784,-9400,10460,-34,127,-150,-12848,4800,6964,-1021,93,-47,-13176,-5604,7700,-479,141,-116,0
2022.5384490489964,7536,6896,11712,-127,-58,105,6820,-9556,10688,-52,129,-178,-12868,4692,6924,-1012,85,-66,-13188,-5676,7788,-488,141,-112,0
2022.5718259811404,7664,6772,11748,-120,-28,94,6716,-9432,10352,-40,149,-173,-12916,4780,6880,-997,97,-98,-13072,-5624,7864,-507,127,-138,0
2022.6054630279539,7576,6908,12008,-128,-56,64,6856,-9372,10448,-68,146,-163,-13000,4788,6864,-991,90,-92,-13220,-5504,7832,-487,123,-134,0
2022.6389489173887,7664,6876,11532,-120,-44,97,6848,-9444,10264,-45,158,-177,-12848,4680,7052,-1008,102,-65,-13172,-5872,7916,-266,125,-111,0
2022.6726551055908,7600,6788,11772,-102,-33,76,6864,-9516,10428,-57,171,-195,-12820,4824,6720,-969,114,-41,-13252,-5560,7760,-262,146,-107,0
2022.7060101032255,7484,6892,11832,-119,-10,101,6928,-9444,10504,-51,152,-182,-12956,4876,6948,-1005,102,-73,-13120,-5820,7468,-496,153,-128,0
2022.7395589351654,7640,6796,11708,-122,-34,101,6908,-9580,10428,-39,133,-167,-12988,4960,6872,-1015,72,-83,-13112,-5548,7464,-496,136,-103,0
2022.7729330062868,7668,6860,11740,-109,-64,112,6880,-9536,10540,-43,127,-159,-12652,4888,6812,-1021,80,-83,-13148,-5536,7780,-475,147,-92,0
2022.806606054306,7620,6876,11740,-137,-54,98,6844,-9560,10452,-43,117,-153,-12844,4660,6752,-1051,119,-66,-13028,-5592,7596,-492,129,-151,0
2022.8403379917145,7572,6836,11904,-151,-61,114,6840,-9284,10588,-23,158,-164,-12936,4800,6956,-987,100,-54,-13100,-5848,7832,-510,149,-132,0
2022.8737859725952,7532,6892,11872,-139,-65,108,6780,-9524,10244,-59,144,-185,-12880,4832,7036,-996,106,-84,-13036,-5620,7832,-498,155,-148,0
2022.9068861007693,7472,6760,11744,-107,-45,115,6788,-9396,10516,-34,151,-165,-12880,4840,6944,-997,95,-67,-13140,-5532,7764,-537,155,-123,0
2022.94046998024,7560,6856,11884,-131,-37,105,6840,-9428,10452,-35,145,-185,-12896,4820,6808,-1007,101,-61,-13120,-5552,7676,-512,169,-122,0
2022.9736900329588,7612,6932,11672,-144,-51,102,6816,-9248,10596,-32,143,-195,-12840,4776,6760,-992,97,-62,-13100,-5624,7784,-459,143,-103,0
2023.0074131488805,7628,6808,11868,-194,-36,105,6868,-9656,10408,-41,122,-194,-12992,4808,6808,-1014,123,-93,-13220,-5748,7476,-474,136,-92,0
2023.0410420894623,7628,6808,11860,-204,-90,111,6892,-9576,10480,25,155,-161,-12992,4944,6928,-1276,63,-114,-12916,-5384,7844,-483,160,-122,0
2023.0743510723114,7600,6828,12000,-211,-104,175,6804,-9488,10592,0,136,-176,-12996,4812,7112,-1017,111,-121,-13192,-5604,7548,-452,158,-80,0
2023.1076560020447,7628,6672,11900,-140,-101,128,6812,-9392,10744,-72,129,-197,-12976,4756,6972,-1013,95,-62,-13020,-5664,7680,-501,149,-88,0
2023.1408281326294,7568,6816,11688,-192,-118,97,6836,-9424,10544,-29,109,-218,-13040,4856,6708,-1017,131,-145,-13116,-5476,7812,-486,230,-88,0
2023.1742930412292,7568,6816,11976,-201,-144,145,6776,-9580,10488,-1,126,-196,-12788,4652,6904,-1033,139,-147,-13132,-5672,7736,-441,185,-80,0
2023.2076990604403,7600,6920,11884,-197,-109,155,6768,-9352,10504,-32,119,-177,-12868,4840,6928,-980,144,-80,-13076,-5632,7704,-456,127,-88,0
2023.2410929203033,7616,6956,11884,-245,-126,135,6708,-9368,10468,-45,134,-204,-12848,4792,7072,-947,146,-77,-13100,-5508,7700,-467,160,-101,0
2023.2743220329285,7552,6904,11856,-209,-140,143,6804,-9224,10528,-41,133,-220,-13000,5040,6940,-1015,101,-125,-13076,-5660,7628,-481,205,-76,0
2023.3079249858852,7540,6868,11808,-237,-148,143,6792,-9480,10528,0,127,-214,-12876,4812,6996,-773,176,-137,-13132,-5520,7552,-498,222,-49,0
2023.3413150310516,7640,6792,11604,-185,-162,178,6804,-9452,10460,-10,98,-250,-12864,4836,6944,-1026,148,-143,-13132,-5624,7588,-476,201,-75,0
2023.3748519420624,7716,6748,11752,-194,-188,151,6844,-9460,10344,-8,86,-241,-12856,4840,6912,-986,160,-140,-13144,-5588,7804,-499,204,-75,0
2023.4081609249115,7792,6848,11900,-219,-151,177,6884,-9404,10584,17,115,-210,-12984,5100,7032,-1013,122,-139,-13208,-5564,7596,-496,200,-67,0
2023.4417400360107,7672,6860,11672,-189,-156,156,6904,-9492,10372,7,135,-213,-13016,4792,6892,-951,143,-142,-13208,-5620,7800,-478,190,-92,0
2023.475119113922,7692,6840,11756,-211,-142,156,6904,-9392,10340,23,142,-196,-12916,4756,6916,-993,124,-140,-13108,-5740,7760,-447,185,-106,0
2023.5086059570312,7736,6880,11788,-200,-175,159,6848,-9368,10500,-7,114,-210,-12836,4780,7084,-1026,125,-115,-13140,-5648,7804,-441,180,-59,0
2023.5418450832367,7568,6888,11760,-215,-175,147,6844,-9444,10520,-17,114,-214,-12884,4744,6912,-976,119,-103,-13112,-5564,7808,-458,202,-86,0
2023.5796251297,7608,6760,11724,-216,-181,157,6884,-9508,10596,-252,107,-218,-12940,4824,6860,-998,134,-126,-13160,-5588,7512,-477,163,-84,0
2023.6150100231173,7700,6852,11636,-182,-146,153,6816,-9412,10412,-4,97,-217,-12860,4760,6752,-775,143,-117,-13048,-5508,7740,-473,159,-76,0
2023.6507840156555,7680,6888,11592,-194,-177,161,6840,-9432,10476,9,99,-213,-12896,4708,6772,-1003,157,-132,-13168,-5592,7664,-471,218,-41,0
2023.687164068222,7428,6772,11832,-199,-143,183,6816,-9360,10448,-14,67,-211,-12960,4840,7024,-1032,153,-171,-13160,-5564,7664,-485,187,-68,0
2023.7225251197815,7824,6764,11864,-200,-173,164,6916,-9552,10380,-28,87,-194,-12824,4744,6816,-1006,124,-77,-13164,-5560,7760,-526,178,-97,0
2023.7574400901794,7468,6768,11836,-226,-174,115,6924,-9416,10572,-24,141,-205,-13064,4812,6944,-1014,96,-90,-13136,-5456,7824,-460,162,-126,0
2023.7937281131744,7680,6792,11604,-162,-84,119,6752,-9352,10504,-24,119,-202,-12992,4792,6808,-1008,126,-87,-13172,-5520,7568,-486,174,-107,0
2023.8296289443972,7688,6808,11952,-179,-137,103,6840,-9420,10364,-29,119,-214,-12920,4788,6684,-995,97,-101,-13204,-5540,7696,-479,205,-98,0
2023.8650369644163,7496,6760,11616,-196,-81,124,6972,-9224,10296,-43,144,-151,-12900,4764,6876,-1017,100,-77,-13264,-5404,7536,-444,102,-134,0
2023.9009740352633,7764,6804,11632,-132,-16,113,6868,-9488,10412,-48,152,-159,-12892,4844,6716,-1003,91,-10,-13208,-5604,7604,-482,88,-138,0
2023.9362170696256,7900,6756,11624,-195,-3,70,6848,-9396,10276,-55,194,-142,-12940,4776,6856,-991,66,-11,-13064,-5540,7760,-493,129,-157,0
2023.972374916077,7696,6816,11708,-151,6,99,6808,-9392,10612,-21,212,-148,-12976,4724,6820,-1031,69,-83,-13216,-5596,7676,-481,140,-156,0
2024.0081760883331,7696,6788,12004,-133,-26,83,6828,-9520,10508,-36,185,-162,-12872,4816,6944,-1064,100,-38,-13144,-5552,7608,-469,143,-130,0
2024.043846130371,7704,6708,11760,-122,28,87,6852,-9416,10500,-70,142,-142,-12560,4728,6844,-1015,96,-88,-13212,-5580,7732,-496,116,-120,0
2024.0797319412231,7760,6804,11936,-138,-34,120,6856,-9548,10480,-47,156,-151,-12956,4764,7044,-1007,89,-64,-13172,-5556,7692,-478,118,-148,0
2024.1150670051575,7704,6816,11796,-152,15,98,6668,-9416,10552,-39,162,-152,-13008,4836,6864,-990,71,-22,-13180,-5564,7744,-491,110,-150,0
2024.150599002838,7688,6816,11608,-158,9,88,6812,-9524,10624,-24,172,-138,-13000,4820,7004,-1019,82,-73,-13172,-5384,7684,-498,108,-127,0
2024.1860270500183,7580,6876,11800,-132,21,76,6812,-9372,10548,-43,141,-177,-12940,4836,7132,-985,66,-35,-13016,-5588,7920,-502,132,-117,0
2024.2223849296572,7728,6664,11904,-146,-46,94,6740,-9460,10476,-53,153,-172,-12844,5056,6720,-973,69,-65,-13096,-5388,7632,-492,121,-134,0
2024.2561161518097,7668,6684,11644,-149,-47,71,6832,-9432,10516,-72,151,-182,-12884,4824,6912,-985,87,-58,-13156,-5476,7744,-490,151,-145,0
2024.2897081375124,7664,6840,11804,-136,-43,78,6816,-9520,10468,-43,137,-187,-12968,4764,6684,-991,86,-44,-13184,-5564,7744,-500,129,-140,0
2024.3233580589294,7724,6860,11784,-129,-61,84,6764,-9328,10328,-57,181,-184,-12920,4724,6924,-985,62,-21,-13140,-5616,7688,-468,143,-157,0
2024.3569190502167,7736,6848,11716,-149,-27,88,6924,-9384,10284,-60,158,-170,-12960,4744,6848,-986,108,-120,-13236,-5560,7860,-505,125,-144,0
2024.3900449275973,7808,6876,11744,-132,-17,112,6852,-9404,10612,-77,127,-151,-13248,4608,6776,-984,74,-61,-13196,-5584,7676,-764,119,-133,0
2024.4235460758207,7668,6764,11584,-183,-43,90,7080,-9428,10516,15,167,-167,-12968,4756,6768,-1016,82,-94,-13108,-5556,7728,-502,162,-98,0
2024.4573431015015,7592,6964,11772,-145,-80,113,6880,-9432,10528,20,116,-158,-12832,4752,6804,-1031,92,-68,-13160,-5608,7612,-447,153,-85,0
2024.4907829761503,7708,6952,11924,-104,-120,87,6820,-9452,10468,-70,128,-202,-12884,4808,6820,-990,105,-96,-12852,-5596,7716,-481,167,-103,0
2024.524253129959,7580,6824,11804,-193,-69,99,6824,-9372,10424,-44,155,-205,-12900,5000,7116,-988,101,-105,-13172,-5448,7740,-459,134,-99,0
2024.557687997818,7712,6788,11748,-168,-40,121,6836,-9328,10720,-40,155,-141,-12832,4768,6844,-985,61,-49,-13096,-5628,7700,-485,90,-112,0
2024.5909800529485,7620,6888,11748,-181,-35,94,6796,-9564,10648,-42,169,-147,-12992,4820,6832,-995,138,-48,-13180,-5636,7780,-493,110,-124,0
2024.6246690750124,7556,6812,11876,-198,-43,102,6776,-9520,10396,-56,140,-174,-12916,4812,6988,-1005,129,-81,-13180,-5544,7748,-511,134,-106,0
2024.658096075058,7612,6848,11684,-105,-61,110,6764,-9428,10628,-51,122,-180,-12848,4868,6716,-1016,133,-116,-13160,-5552,7616,-516,148,-132,0
2024.6917030811308,7712,6780,11584,-151,-99,137,6816,-9320,10484,-34,105,-175,-12892,4792,6844,-1036,137,-156,-13092,-5528,7744,-503,203,-52,0
2024.7253091335297,7644,6788,11700,-128,-79,122,6784,-9224,10380,-29,109,-214,-12976,4608,6892,-1037,138,-137,-13188,-5572,7736,-476,178,-110,0
2024.7589399814603,7920,6832,12012,-177,-95,136,6828,-9388,10548,-28,121,-199,-12988,4624,6876,-970,138,-71,-13188,-5556,7760,-479,167,-125,0
2024.7924289703367,7640,6728,11716,-175,-51,121,6852,-9380,10420,-16,156,-190,-13000,4812,6692,-1019,79,-67,-13132,-5556,7468,-495,153,-118,0
2024.8260879516604,7584,6748,11904,-177,-30,108,6880,-9480,10628,-13,154,-169,-12980,4704,6712,-1011,93,-92,-13264,-5564,7448,-491,153,-110,0
2024.8597869873047,7616,6852,11656,-157,-55,103,6784,-9472,10524,-42,153,-167,-12864,4632,6944,-1004,89,-111,-13096,-5620,7916,-476,173,-132,0
2024.8932759761813,7564,6836,11748,-161,-104,111,6848,-9228,10528,-65,169,-187,-12848,4756,6868,-967,48,-123,-12868,-5556,7776,-498,169,-125,0
2024.9269361495972,7768,6828,11716,-162,-79,88,6752,-9452,10472,-47,120,-201,-12976,4788,6908,-987,100,-93,-13220,-5540,7692,-466,161,-139,0
2024.9606139659884,7676,6796,11652,-163,-96,114,6752,-9428,10304,-32,152,-176,-12984,4680,6664,-1026,115,-63,-13180,-5396,7696,-463,169,-109,0
2024.9940469264984,7700,6804,11720,-144,-54,110,6908,-9448,10416,-25,164,-194,-12812,4736,6776,-986,110,-102,-13160,-5612,7812,-456,154,-115,0
2025.0274009704588,7644,6680,11716,-183,-48,125,6816,-9396,10488,-29,105,-204,-12896,4776,6760,-1009,103,-82,-13116,-5540,7872,-505,100,-117,0
2025.061031103134,7428,6852,11620,-144,-67,96,6864,-9312,10456,-65,170,-152,-12992,4836,6952,-1007,75,-71,-13092,-5520,7620,-526,88,-147,0
2025.0947310924532,7548,6796,11788,-157,-3,79,6952,-9428,10484,-10,155,-124,-12856,4824,6712,-1037,78,-31,-13284,-5552,7648,-497,97,-155,0
2025.1285309791565,7656,6860,11640,-125,55,68,6812,-9624,10728,-45,146,-135,-12788,4776,6844,-999,32,14,-13236,-5616,7720,-486,100,-167,0
2025.1618270874023,7620,6856,11780,-153,-13,73,6816,-9428,10464,-56,190,-164,-12964,4824,6848,-986,58,-30,-13116,-5532,7716,-478,94,-150,0
2025.1955480575564,7596,6820,11808,-155,24,71,6804,-9540,10624,-68,169,-159,-12924,4824,6684,-997,66,-43,-13040,-5408,7768,-458,110,-134,0
2025.2318251132963,7500,6908,11560,-95,-20,74,6852,-9460,10392,-44,176,-147,-12976,4780,7132,-983,74,-14,-13044,-5652,7708,-472,84,-141,0
2025.2677290439603,7620,6840,11864,-136,-36,64,6816,-9488,10692,-52,148,-151,-12852,4900,7164,-1015,69,-68,-13024,-5600,7724,-491,72,-156,0
2025.3028120994568,7560,6840,11876,-134,-16,92,6776,-9492,10732,-68,181,-146,-12860,4876,6884,-1000,67,-42,-12840,-5584,7684,-507,80,-142,0
2025.337641954422,7676,6848,12028,-85,-11,69,6716,-9504,10260,-4,149,-149,-12884,4716,6980,-1020,43,-103,-13104,-5516,7732,-518,94,-147,0
2025.3733990192413,7588,6912,11568,-85,18,99,6772,-9676,10456,-32,132,-175,-12912,4764,6844,-781,60,-64,-13024,-5656,7772,-522,135,-130,0
2025.4093430042267,7592,6780,11960,-109,-50,137,6808,-9552,10716,-20,88,-200,-12820,4844,6912,-1008,122,-104,-13208,-5676,7932,-490,146,-132,0
2025.4442689418793,7592,6856,11608,-119,-52,109,6868,-9456,10648,-33,107,-180,-12924,4848,7164,-996,123,-76,-13184,-5628,7780,-477,154,-108,0
2025.4802529811857,7568,6792,12024,-160,-50,111,6836,-9560,10472,-17,146,-186,-12964,4800,6752,-998,125,-66,-13172,-5580,7452,-482,130,-141,0
2025.5156030654907,7620,6828,11728,-164,-79,134,6844,-9372,10280,-16,153,-191,-12964,4872,6940,-1008,82,-98,-13128,-5380,7688,-471,112,-131,0
2025.5515301227572,7676,6884,11836,-175,-52,86,6840,-9448,10564,-25,168,-169,-12896,4836,7084,-988,103,-75,-13252,-5588,7768,-483,147,-125,0
2025.5876140594485,7608,6656,12012,-189,-87,87,6760,-9244,10592,-17,165,-191,-12840,4828,6872,-1007,108,-82,-13272,-5408,7764,-468,164,-111,0
2025.6228511333468,7624,6856,11868,-157,-133,99,6764,-9536,10600,-16,115,-191,-12888,5108,7128,-1035,93,-122,-13244,-5552,7916,-483,217,-113,0
2025.6581411361694,7580,6864,11576,-177,-117,122,6780,-9724,10596,3,138,-221,-12876,4820,6884,-1004,151,-140,-12868,-5652,7816,-488,194,-96,0
2025.6933190822604,7540,6908,11680,-172,-115,137,6832,-9724,10496,-49,126,-207,-12852,5100,6960,-988,126,-96,-13152,-5576,7744,-501,199,-87,0
2025.7291419506073,7588,6784,11784,-195,-171,171,6904,-9508,10536,-12,98,-203,-12840,4904,6832,-1024,105,-108,-13096,-5584,7864,-768,197,-84,0
2025.7643251419067,7496,6920,11640,-180,-114,179,6824,-9424,10440,4,108,-190,-12840,4648,6996,-995,170,-96,-13184,-5576,7568,-491,176,-79,0
2025.7999291419983,7880,6788,11700,-191,-175,159,6768,-9544,10544,-36,107,-214,-12884,4836,6836,-971,122,-166,-13104,-5680,7492,-478,220,-52,0
2025.8347339630127,7668,6800,11560,-214,-139,141,6832,-9576,10328,-22,91,-228,-12952,4924,7000,-976,145,-111,-13132,-5440,7644,-476,191,-101,0
2025.8718550205233,7596,6792,12024,-191,-145,126,6868,-9476,10488,253,164,-205,-12924,4716,6796,-1007,110,-101,-13240,-5540,7692,-462,174,-78,0
2025.904981136322,7676,6820,11588,-185,-148,177,6768,-9468,10268,-17,104,-191,-12848,4844,6912,-990,119,-101,-13112,-5800,7868,-453,145,-104,0
2025.9385261535645,7640,6884,11828,-240,-146,168,6836,-9500,10448,-25,117,-199,-12936,4796,6996,-986,111,-113,-13144,-5616,7668,-470,184,-63,0
2025.9719190597534,7656,6776,11752,-162,-134,147,6820,-9540,10464,-31,136,-205,-13032,4612,7148,-1018,115,-92,-13188,-5564,7756,-762,187,-95,0
2026.0055091381073,7672,6832,11788,-191,-156,152,6744,-9520,10372,27,101,-213,-12904,4888,6844,-1033,148,-114,-13100,-5600,7824,-512,218,-72,0
2026.039016008377,7656,6700,11652,-146,-163,141,6848,-9508,10376,4,63,-211,-12992,4832,6792,-1045,190,-135,-13116,-5608,7520,-492,218,-77,0
2026.0725629329684,7588,6864,11704,-181,-161,165,6764,-9524,10500,-11,92,-218,-12876,4724,7008,-992,140,-140,-13120,-5504,7716,-492,189,-42,0
2026.1061360836027,7592,6792,11984,-200,-152,171,6888,-9460,10472,-10,116,-214,-12908,4832,6936,-984,142,-95,-13200,-5608,7780,-485,167,-70,0
2026.1395959854124,7720,6668,12024,-202,-182,149,6884,-9224,10348,-12,121,-191,-12808,4796,6892,-987,131,-109,-13296,-5532,7700,-482,185,-67,0
2026.173059940338,7668,7092,11588,-201,-153,152,7128,-9412,10532,-27,99,-220,-12816,4748,6704,-1018,131,-152,-13140,-5836,7616,-466,182,-68,0
2026.206608057022,7648,6772,11924,-217,-184,122,6724,-9500,10620,-37,115,-218,-12952,4744,6780,-779,180,-130,-13252,-5600,7816,-485,175,-79,0
2026.2403421401975,7428,6760,11808,-196,-155,130,6900,-9524,10464,-254,122,-237,-12896,4688,6924,-978,87,-130,-13172,-5580,7624,-469,194,-96,0
2026.273612976074,7688,6756,11788,-177,-152,122,7408,-9684,10288,-42,76,-205,-13000,4676,6796,-1026,124,-140,-13096,-5568,7692,-503,172,-100,0
2026.3072681427004,7488,6720,11648,-192,-141,130,6856,-9360,10548,-21,143,-220,-12908,4820,6824,-993,130,-108,-13104,-5524,7424,-474,170,-122,0
2026.3408379554749,7784,6736,11780,-226,-126,121,6836,-9440,10556,-42,143,-208,-12936,5060,6792,-1001,139,-81,-13308,-5504,7616,-477,142,-102,0
2026.3741979599,7724,6800,11828,-189,-137,135,6804,-9680,10296,-8,136,-208,-12932,4704,6944,-1047,129,-75,-13200,-5552,7784,-492,158,-112,0
2026.4075570106509,7928,6716,11896,-184,-110,139,6856,-9460,10708,-30,132,-175,-12868,4748,6828,-1045,82,-68,-13052,-5540,7688,-486,147,-123,0
2026.4410679340365,7576,6836,11756,-127,-49,139,6804,-9468,10388,-46,137,-171,-13016,4824,6700,-1270,80,-52,-13192,-5588,7680,-487,99,-139,0
2026.4742040634155,7748,6840,11872,-166,-61,101,6936,-9268,10492,-90,154,-182,-12956,4760,6928,-979,109,-76,-13144,-5556,7712,-444,148,-147,0
2026.5077369213104,7552,6860,11712,-175,-22,83,6856,-9448,10328,-47,184,-138,-12900,4744,6836,-1279,102,-44,-13228,-5528,7604,-490,103,-157,0
2026.5411939620972,7916,6864,11628,-131,41,91,6872,-9376,10496,-36,182,-128,-12924,4752,6808,-1279,83,-251,-13132,-5644,7636,-468,97,-119,0
2026.5743739604948,7724,6792,11744,-142,21,63,6820,-9416,10588,-45,155,-152,-12836,4804,6904,-1005,76,-41,-13156,-5520,7812,-488,102,-129,0
2026.6081700325012,7736,6892,11680,-169,-22,88,6848,-9488,10684,-86,165,-159,-12936,4772,6924,-995,78,-69,-13164,-5508,7688,-516,155,-132,0
2026.6416461467743,7672,6792,11632,-99,-19,97,6928,-9448,10504,-59,162,-162,-12908,4724,6756,-1020,97,-84,-13108,-5480,7448,-494,135,-147,0
2026.6751029491425,7488,6852,11796,-114,-36,107,6780,-9444,10488,-29,131,-205,-12572,4856,6796,-1031,84,-42,-12832,-5472,7824,-761,143,-160,0
2026.7087681293488,7424,6832,11688,-99,1,79,6760,-9404,10448,-67,138,-181,-12968,4824,6956,-1002,85,-57,-13116,-5776,7780,-523,120,-153,0
2026.7422440052032,7648,6832,11896,-135,-42,93,6792,-9412,10344,-47,155,-180,-12900,5020,6932,-966,120,-60,-13136,-5592,7736,-478,111,-145,0
2026.7756330966947,7624,6780,11736,-155,-14,84,6660,-9236,10624,-77,188,-161,-12932,4852,7104,-999,88,-78,-13188,-5496,7708,-504,132,-135,0
2026.809298038483,7684,6912,11872,-135,-17,88,6844,-9368,10660,-49,145,-154,-12880,4860,6848,-1002,81,-72,-13172,-5624,7652,-498,126,-144,0
2026.8426959514616,7572,6808,11716,-98,-17,93,6820,-9456,10560,-51,122,-160,-13044,4836,6916,-1001,69,-32,-13048,-5660,7648,-505,124,-139,0
2026.876071929932,7636,6804,12008,-113,-23,72,6808,-9412,10676,-46,141,-162,-12908,4620,7016,-975,97,-29,-13188,-5588,7568,-471,127,-136,0
2026.9118850231173,7584,6736,11792,-160,-55,79,6820,-9448,10448,-49,150,-186,-12932,4764,6604,-1016,78,-74,-13176,-5592,7824,-475,146,-124,0
2026.9474449157715,7728,6812,11908,-128,-35,84,6836,-9248,10584,-53,149,-156,-12940,4756,6672,-968,77,-28,-13256,-5568,7760,-490,103,-176,0
2026.9835169315336,7604,6844,11940,-112,7,94,6892,-9456,10428,-45,142,-185,-12944,4636,7060,-988,82,-37,-13144,-5540,7880,-515,115,-133,0
2027.019140005112,7592,6848,11632,-142,-22,80,6864,-9472,10360,-49,139,-168,-12940,4852,6920,-997,79,-38,-13152,-5396,7664,-503,132,-159,0
2027.054198026657,7644,6872,11912,-120,-10,103,6764,-9472,10684,-53,142,-167,-12860,4868,6932,-970,102,-87,-13296,-5528,7744,-493,94,-118,0
2027.090143918991,7592,6684,11608,-155,-55,102,6504,-9536,10588,-73,128,-156,-12872,4668,6892,-1278,60,-15,-13020,-5536,7740,-518,122,-169,0
2027.125256061554,7500,6660,12028,-147,-54,85,6776,-9648,10420,-21,163,-174,-12988,4800,6744,-775,74,-91,-12816,-5596,7868,-479,128,-126,0
2027.1607019901276,7624,6964,11772,-106,-244,80,6876,-9488,10512,-34,139,-165,-12964,4812,6824,-1009,89,-82,-13136,-5664,7688,-477,120,-137,0
2027.1956899166107,7688,6872,12012,-145,-72,90,6792,-9492,10452,-71,169,-186,-12872,4796,6664,-994,89,-116,-13140,-5572,7832,-491,134,-130,0
2027.2315089702604,7600,6768,11752,-153,-253,68,6712,-9220,10536,-46,125,-174,-12964,4848,6664,-994,111,-39,-13164,-5592,7560,-472,122,-143,0
2027.2671170234685,7652,6812,11816,-101,-17,100,6872,-9264,10364,-63,171,-171,-12936,4820,6952,-1010,102,-73,-13248,-5412,7796,-495,94,-115,0
2027.3017210960388,7536,6840,11748,-131,-29,80,6668,-9560,10316,-54,162,-175,-12960,4828,6724,-973,72,-117,-13208,-5828,7760,-499,119,-128,0
2027.3376140594485,7568,6916,11740,-123,-33,100,6828,-9448,10492,-61,156,-154,-13044,4868,7088,-985,89,-70,-12828,-5564,7732,-257,103,-113,0
2027.3726840019228,7896,6920,11852,-115,-35,94,6892,-9428,10412,-34,130,-182,-12944,4852,6796,-1003,88,-53,-13260,-5576,7768,-499,160,-123,0
2027.4082159996033,7592,6824,11740,-109,-49,106,6900,-9480,10540,-19,97,-180,-12940,4764,6916,-1050,105,-110,-13176,-5556,7756,-516,144,-145,0
2027.4437119960785,7672,6756,11608,-132,-78,98,6796,-9508,10580,-45,208,-180,-12844,4904,6800,-991,103,-72,-13100,-5704,7800,-475,135,-90,0
2027.4792311191559,7844,6808,11852,-146,-30,114,6812,-9412,10248,-56,173,-165,-12824,4856,7028,-1003,105,-99,-13104,-5624,7636,-492,132,-161,0
2027.5202109813692,7580,6812,11788,-145,-55,79,6824,-9476,10664,-21,179,-194,-12840,4844,6912,-994,68,-58,-13092,-5536,7740,-500,120,-128,0
2027.5555510520933,7572,6868,11580,-149,-49,96,6712,-9488,10256,-30,135,-153,-12960,4612,7028,-986,113,-35,-13036,-5628,7680,-496,136,-128,0
2027.5910100936892,7520,6892,11596,-163,-65,96,6896,-9528,10516,-55,121,-168,-12844,4756,6952,-1004,106,-53,-13144,-5432,7808,-472,160,-146,0
2027.624696969986,7604,6856,12000,-165,-61,72,6852,-9460,10524,-23,138,-202,-12964,4860,6916,-983,66,-95,-12864,-5580,7484,-465,162,-131,0
2027.6581559181213,7572,6840,11548,-176,-69,115,6812,-9476,10484,-13,156,-177,-12828,4856,6948,-1017,120,-101,-13040,-5572,7744,-477,157,-113,0
2027.6915030479431,7584,6816,11912,-170,-103,95,6824,-9688,10564,-10,153,-179,-12860,5032,7024,-1015,98,-82,-13148,-5520,7884,-507,160,-99,0
2027.7248301506045,7588,6896,11764,-178,-123,125,6840,-9504,10368,-2,111,-183,-12876,4904,7012,-1029,120,-85,-13060,-5388,7600,-468,179,-99,0
2027.758453130722,7636,6692,11824,-161,-135,160,6868,-9580,10400,-28,96,-210,-12740,4828,6900,-1006,120,-141,-13124,-5716,7732,-482,203,-77,0
2027.7920351028445,7648,7136,11828,-180,-159,168,6780,-9512,10736,-76,115,-223,-12928,4820,6904,-1000,153,-106,-13140,-5584,7424,-505,183,-112,0
2027.8255920410156,7896,6856,11684,-168,-132,144,6816,-9440,10512,-40,128,-211,-12940,4792,6728,-976,135,-107,-13108,-5524,7728,-257,186,-78,0
2027.8591921329496,7600,6816,11848,-178,-126,131,6904,-9692,10564,-12,108,-206,-12880,4780,6952,-1005,110,-102,-12928,-5660,7548,-439,193,-54,0
2027.892220020294,7516,6892,12012,-187,-141,154,6848,-9328,10580,-22,112,-213,-12924,4788,7008,-770,165,-133,-13196,-5656,7836,-448,198,-109,0
2027.9257740974429,7588,6776,11860,-224,-117,141,6944,-9408,10400,-36,149,-207,-12884,4820,6920,-976,115,-100,-13176,-5416,7724,-455,177,-73,0
2027.959097146988,7644,6796,11536,-188,-128,147,6716,-9476,10564,-56,136,-201,-12892,4836,6864,-1004,117,-83,-13160,-5612,7700,-488,159,-71,0
2027.9926891326904,7612,6752,11996,-206,-171,144,6748,-9284,10432,-3,133,-196,-12560,4816,6920,-1007,108,-89,-13176,-5560,7852,-456,162,-103,0
2028.0264160633087,7576,6848,11728,-168,-143,182,6756,-9372,10468,245,94,-200,-12940,4748,7128,-1033,162,-103,-13144,-5668,7688,-452,170,-88,0
2028.059963941574,7540,6864,11836,-151,-140,113,6872,-9684,10272,-48,118,-223,-12936,4808,6724,-965,108,-150,-13092,-5540,7592,-464,200,-89,0
2028.093465089798,7648,6836,11864,-229,-151,135,6892,-9720,10480,239,103,-203,-12960,4836,6840,-1019,134,-148,-13252,-5520,7636,-439,190,-90,0
2028.1271190643313,7724,6772,11700,-199,-146,165,6820,-9444,10400,-9,125,-178,-12836,4820,6664,-1014,91,-50,-13156,-5772,7560,-473,157,-83,0
2028.1605329513548,7648,6872,11812,-191,-128,165,6884,-9664,10532,-23,125,-193,-12784,4856,6748,-991,85,-47,-13224,-5584,7732,-476,112,-67,0
2028.1938631534576,7588,6776,11832,-217,-121,125,6792,-9672,10580,-34,127,-190,-12892,4784,7128,-995,131,-108,-13132,-5532,7488,-482,172,-74,0
2028.2273890972135,7732,6796,11760,-171,-153,150,6760,-9500,10472,-8,110,-205,-12936,4820,6928,-773,138,-132,-13104,-5548,7740,-521,190,-77,0
2028.2609980106354,7784,6840,11712,-141,-188,152,6832,-9548,10444,21,108,-223,-12836,4868,6992,-1012,156,-161,-13088,-5500,7684,-261,207,-75,0
2028.294455051422,7592,6756,11864,-154,-167,175,7000,-9652,10716,-7,82,-216,-12920,4844,6888,-1033,165,-127,-13120,-5488,7664,-498,177,-72,0
2028.3282289505005,7704,6896,11944,-173,-199,169,6868,-9456,10336,13,117,-210,-12860,4768,6748,-1011,138,-87,-13136,-5440,7728,-464,187,-70,0
2028.3617830276487,7444,6760,11896,-208,-151,155,7136,-9460,10652,-11,97,-205,-12988,5052,7136,-1012,146,-145,-13136,-5472,7616,-462,205,-76,0
2028.3950960636137,7748,6724,11748,-191,-137,138,6880,-9412,10532,21,147,-187,-13004,4772,6928,-1012,90,-111,-13220,-5632,7708,-501,170,-111,0
2028.4286539554596,7760,6748,12004,-200,-120,166,6804,-9340,10420,-13,142,-194,-12960,4784,6644,-980,89,-126,-13196,-5560,7684,-480,130,-87,0
2028.4623019695284,7928,6784,11820,-186,-127,116,6868,-9228,10472,-45,129,-195,-12908,4856,6752,-1000,79,-85,-13136,-5504,7596,-480,141,-93,0
2028.4959750175476,7752,6824,11708,-184,-150,124,7116,-9676,10336,-39,105,-203,-12988,4848,6792,-1009,112,-71,-13212,-5496,7652,-484,149,-112,0
2028.5296609401703,7704,6772,11768,-153,-94,133,6804,-9236,10368,-67,135,-173,-12948,4784,6856,-992,63,-58,-13064,-5548,7768,-496,166,-143,0
2028.5631449222565,7712,6820,11800,-150,-80,131,6852,-9364,10560,-41,122,-173,-12948,4820,6908,-1005,80,-98,-13104,-5608,7880,-480,141,-109,0
2028.5997431278229,7660,6780,11608,-181,-11,109,7136,-9384,10384,-24,106,-168,-12968,4780,7104,-1006,74,-71,-13156,-5512,7532,-509,140,-142,0
2028.6348550319672,7692,6776,11604,-141,-24,105,6956,-9516,10460,-28,151,-180,-12984,4792,6816,-1019,79,-69,-13188,-5540,7784,-257,162,-154,0
2028.670503139496,7696,6820,11780,-166,-71,116,6864,-9424,10464,-33,139,-176,-13032,4828,6940,-1271,86,-52,-13228,-5564,7896,-497,139,-112,0
2028.7058589458468,7708,6772,12004,-177,-26,100,6832,-9452,10508,-46,154,-160,-12848,4796,7136,-1014,106,-96,-13216,-5544,7740,-468,126,-95,0
2028.7412729263308,7688,6768,11800,-129,-35,94,6788,-9512,10304,-65,133,-153,-13252,5004,7064,-1004,78,-19,-13188,-5452,7624,-499,129,-113,0
2028.7775859832764,7712,6756,11752,-158,-33,104,6872,-9668,10244,-40,166,-172,-12952,4800,7000,-998,63,-35,-13008,-5472,7496,-501,147,-154,0
2028.812407016754,7728,6800,11596,-160,-40,118,6868,-9412,10448,235,161,-150,-12984,4784,6732,-1009,98,-72,-13224,-5640,7676,-484,95,-100,0
2028.8488280773163,7552,6808,11676,-147,-52,91,6812,-9440,10656,-62,150,-176,-13004,4708,6916,-985,81,-84,-13096,-5492,7676,-495,170,-132,0
2028.8833141326904,7876,6892,11700,-183,-42,131,6844,-9524,10508,-14,145,-162,-12924,4740,6852,-991,119,-96,-13084,-5564,7744,-467,132,-115,0
2028.9192891120913,7708,6800,11704,-148,-11,104,6980,-9228,10396,-56,127,-146,-12900,4740,6720,-973,89,21,-13224,-5584,7648,-467,86,-141,0
2028.9549860954285,7668,6824,11744,-162,-8,93,6868,-9484,10508,-67,182,-158,-12952,4764,6968,-979,94,-55,-13252,-5536,7708,-491,101,-156,0
2028.9908270835879,7536,6808,11840,-153,-56,87,6864,-9488,10636,-56,157,-153,-12828,4832,6944,-976,69,-84,-13184,-5536,7684,-501,89,-130,0
2029.0259411334991,7760,6848,11772,-89,-22,75,6832,-9544,10356,-25,136,-151,-12896,5088,7120,-985,70,-92,-13160,-5488,7892,-258,146,-154,0
2029.0613429546356,7632,6852,12016,-141,-67,93,6824,-9360,10336,-25,139,-172,-12852,4824,6700,-1013,128,-58,-13088,-5600,7776,-470,154,-174,0
2029.0974600315094,7808,6808,11716,-110,-46,85,6860,-9420,10420,-47,134,-200,-13004,4792,6748,-979,105,-52,-13160,-5828,7736,-477,140,-115,0
2029.1329331398013,7700,6824,11672,-161,-53,110,6824,-9388,10444,-51,154,-162,-12860,4904,6908,-968,84,-72,-13232,-5604,7640,-488,138,-133,0
2029.1677429676051,7740,6888,11772,-165,-42,85,6816,-9452,10540,-34,183,-169,-12980,4792,7164,-967,69,-41,-13208,-5612,7716,-484,120,-130,0
2029.2035491466524,7560,6920,11604,-154,-24,111,6884,-9672,10668,-38,157,-184,-12844,4764,6672,-990,52,-80,-13160,-5588,7628,-498,101,-110,0
2029.2400660514832,7764,6812,11716,-157,-34,141,6688,-9468,10452,-67,149,-164,-12884,4852,7132,-1001,70,-53,-13124,-5652,7664,-500,126,-140,0
2029.2736339569092,7612,6784,11752,-162,-26,78,6708,-9248,10408,-46,144,-193,-12780,4860,6916,-1012,115,-83,-13128,-5600,7752,-498,133,-130,0
2029.3073790073395,7648,6736,11776,-136,-48,106,6752,-9608,10588,-12,136,-188,-12820,4844,6724,-982,96,-107,-13120,-5840,7712,-499,121,-134,0
2029.3410270214083,7528,6864,11540,-115,-39,84,6856,-9492,10740,-38,132,-166,-12976,4912,6912,-991,78,-110,-13160,-5608,7564,-475,152,-140,0
2029.3745090961452,7872,6860,11656,-175,-75,103,6864,-9456,10516,-40,121,-196,-12936,4772,6896,-1015,118,-41,-13152,-5552,7716,-498,145,-114,0
2029.4078469276428,7612,6808,12000,-136,-46,96,6884,-9456,10532,-47,97,-179,-12848,4900,7004,-1005,91,-28,-13104,-5588,7680,-499,128,-156,0
2029.4415850639343,7652,6832,11608,-128,-80,120,6860,-9528,10420,-31,156,-163,-12940,4756,7136,-1023,103,-72,-13172,-5684,7724,-506,130,-128,0
2029.476228952408,7660,6844,12024,-135,-36,94,7048,-9400,10684,-39,136,-178,-12816,4812,6700,-1009,116,-73,-13128,-5556,7780,-475,102,-123,0
2029.5104839801788,7652,6768,11604,-147,-37,106,6796,-9484,10440,-49,122,-181,-12952,4816,6968,-976,125,-47,-13096,-5600,7476,-483,141,-117,0
2029.5441219806671,7436,6844,11724,-142,-71,112,6888,-9436,10424,-31,153,-166,-12836,4888,6908,-1035,74,-23,-13080,-5524,7700,-257,129,-136,0
2029.5777740478516,7580,6804,11816,-163,-46,96,6784,-9520,10336,-6,134,-163,-12880,4800,6768,-1280,70,-65,-12828,-5588,7500,-486,155,-166,0
2029.6111209392548,7660,6832,11832,-142,-40,93,6820,-9256,10256,-254,122,-191,-12952,4764,6960,-1024,96,-93,-13008,-5592,7816,-499,170,-140,0
2029.6443059444427,7860,7108,11528,-115,-71,79,6860,-9500,10464,-43,161,-204,-12880,4788,6896,-988,65,-81,-13140,-5412,7492,-484,150,-144,0
2029.6777930259705,7900,6872,11544,-124,-67,77,6852,-9560,10580,-44,144,-198,-12912,4804,6732,-1005,74,-57,-13132,-5564,7764,-472,150,-120,0
2029.7112810611725,7884,6844,11732,-148,-256,84,6896,-9456,10416,-36,122,-157,-12884,4956,6700,-1274,89,-74,-13044,-5580,7712,-457,126,-111,0
2029.7449240684507,7532,6876,11832,-124,-25,103,6864,-9448,10440,-59,132,-155,-12920,4608,6768,-998,85,-75,-13088,-5384,7784,-483,119,-129,0
2029.778336048126,7656,6844,11780,-145,-66,114,6772,-9480,10736,-64,128,-178,-12880,4820,6960,-980,66,-44,-13120,-5436,7712,-489,101,-120,0
2029.811844110489,7432,6680,11672,-139,-55,117,6860,-9492,10748,-30,162,-175,-12840,4896,6868,-996,117,-86,-13124,-5488,7660,-502,144,-139,0
2029.845435142517,7536,6892,11816,-139,-63,98,6760,-9288,10244,-25,124,-175,-12844,4772,6824,-777,127,-49,-13028,-5620,7736,-506,166,-128,0
2029.8788020610807,7532,6940,11824,-135,-57,104,6760,-9392,10420,-9,118,-182,-12888,4788,6892,-993,127,-119,-13208,-5572,7764,-478,162,-129,0
2029.9122240543363,7644,6856,11836,-158,-111,126,6752,-9424,10472,-19,92,-222,-12896,4868,7128,-1005,115,-84,-13056,-5552,7676,-505,130,-106,0
2029.9456131458285,7580,6908,11764,-154,-54,91,6880,-9220,10296,-4,161,-184,-12848,4920,6692,-988,102,-74,-13180,-5600,7712,-498,147,-127,0
2029.9793491363523,7648,6876,11852,-167,-68,111,6920,-9560,10476,-19,146,-149,-12980,4836,6820,-1011,102,-58,-13200,-5624,7928,-507,115,-99,0
2030.0129051208492,7504,6920,11812,-175,-36,125,6840,-9508,10444,-22,161,-150,-12848,4836,7056,-993,81,-82,-13044,-5852,7804,-463,163,-113,0
2030.0464489459991,7564,6824,11672,-181,-66,118,6752,-9536,10380,-46,158,-186,-12956,4792,7092,-978,84,-126,-13124,-5428,7716,-464,159,-118,0
2030.0802249908447,7620,6900,12028,-172,-90,97,6756,-9728,10560,-25,134,-195,-12920,4804,6824,-1001,97,-127,-13248,-5592,7724,-470,162,-102,0
2030.1136081218724,7628,7116,11796,-196,-156,126,6780,-9600,10632,-5,148,-193,-12896,4896,7032,-1025,110,-96,-13288,-5808,7796,-490,182,-80,0
2030.146924972534,7588,6892,11812,-159,-142,145,6768,-9484,10576,-29,106,-205,-12876,4900,6968,-1002,115,-87,-13016,-5644,7848,-496,174,-83,0
2030.1803810596468,7612,6784,11848,-177,-129,123,6756,-9708,10580,-30,113,-210,-12960,4788,7156,-994,141,-140,-13104,-5572,7772,-487,185,-84,0
2030.2139019966123,7640,6780,11688,-177,-154,153,6788,-9716,10368,-12,131,-196,-12988,4844,6988,-1007,126,-140,-13152,-5624,7856,-474,189,-110,0
2030.2476401329043,7628,6900,11556,-198,-121,170,6768,-9488,10460,-39,111,-194,-12964,4848,6896,-979,165,-117,-13172,-5424,7628,-468,178,-74,0
2030.2844481468203,7612,7120,11648,-205,-130,153,6796,-9464,10404,-36,117,-205,-12916,4664,6824,-985,135,-112,-12832,-5820,7708,-500,175,-84,0
2030.3202569484713,7904,6724,11892,-167,-142,152,6824,-9240,10388,-24,117,-166,-12940,4792,6868,-987,116,-124,-13052,-5608,7860,-471,215,-73,0
2030.3555171489716,7720,6864,11848,-176,-158,147,6972,-9528,10420,0,117,-219,-12928,4800,6892,-1004,127,-78,-13120,-5608,7736,-457,194,-95,0
2030.3907110691073,7636,6820,11792,-217,-123,139,6780,-9408,10468,-19,109,-233,-12916,4768,6728,-980,111,-103,-13220,-5592,7612,-452,152,-69,0
2030.4262270927427,7668,6856,11840,-200,-163,158,6848,-9584,10724,-37,124,-199,-12960,4860,7116,-1278,94,-103,-13220,-5548,7688,-478,177,-114,0
2030.4624290466309,7636,6904,11756,-221,-151,158,6756,-9300,10592,26,127,-210,-12820,4780,6820,-1023,97,-110,-13036,-5860,7696,-485,186,-105,0
2030.4984879493713,7640,6708,11844,-160,-100,139,6780,-9276,10628,-4,110,-221,-12876,4816,7024,-984,126,-134,-13156,-5604,7756,-465,161,-69,0
2030.5334310531612,7616,6920,11728,-199,-163,118,6796,-9440,10480,-19,150,-227,-12892,4900,6876,-980,149,-117,-13156,-5480,7896,-489,215,-100,0
2030.5694649219513,7720,6780,11912,-217,-157,157,6872,-9580,10616,-18,129,-167,-12860,4812,7164,-1026,113,-89,-13204,-5544,7804,-444,132,-79,0
2030.6049740314484,7668,6820,11528,-203,-101,150,6812,-9336,10600,-31,92,-165,-12908,4756,6812,-1011,144,-79,-12812,-5500,7816,-493,125,-93,0
2030.6403269767764,7892,6828,11780,-191,-105,137,6700,-9368,10252,-24,121,-185,-12952,4844,6872,-992,133,-136,-13156,-5564,7728,-484,127,-94,0
2030.6755440235136,7676,6708,11696,-169,-146,131,6896,-9528,10460,-42,119,-195,-13284,4804,7108,-1015,112,-133,-13132,-5580,7696,-521,151,-96,0
2030.7116529941559,7684,6812,11584,-140,-132,144,6872,-9464,10408,16,89,-210,-12844,4800,6676,-1274,138,-102,-13104,-5504,7684,-502,211,-74,0
2030.747610092163,7684,6832,11584,-181,-151,143,6816,-9352,10668,-6,86,-219,-12916,4836,6848,-1007,160,-103,-13196,-5464,7460,-496,197,-85,0
2030.7828660011292,7680,6820,11572,-163,-180,133,6692,-9288,10748,-14,80,-215,-12932,4860,6916,-993,114,-88,-13156,-5564,7668,-467,187,-70,0
2030.8176331520083,7900,6876,11524,-194,-121,136,6836,-9468,10640,-24,143,-217,-13008,4832,6936,-1002,127,-140,-13176,-5556,7640,-491,150,-88,0
2030.853266954422,7740,6844,11888,-151,-99,132,7160,-9524,10520,-20,146,-190,-12996,4796,6736,-1008,108,-69,-13172,-5488,7552,-480,150,-117,0
2030.8887200355532,7752,6824,11624,-154,-104,127,6864,-9348,10424,-25,143,-184,-12968,4772,6864,-1017,125,-119,-13096,-5596,7740,-497,141,-108,0
2030.9252390861511,7664,6860,11632,-182,-95,137,6692,-9672,10564,-24,171,-155,-12896,4708,7004,-978,109,-59,-13164,-5608,7600,-492,161,-130,0
2030.9587991237645,7636,6740,11728,-184,-82,120,6872,-9716,10720,-41,142,-178,-12812,4844,6660,-1017,96,-111,-13188,-5488,7668,-480,165,-137,0
2030.992478132248,7700,6808,11684,-163,-71,108,6848,-9420,10532,-48,133,-160,-12900,4800,6900,-996,110,-118,-13136,-5556,7740,-495,145,-93,0
2031.0258729457853,7828,6844,11628,-129,-50,121,6840,-9472,10416,-33,134,-202,-12872,4856,6864,-1012,94,-91,-13232,-5556,7588,-498,131,-127,0
2031.0594339370728,7680,6744,11676,-146,-42,119,7124,-9360,10380,-31,145,-171,-12916,4744,6868,-1006,113,-56,-13104,-5680,7740,-486,161,-129,0
2031.0928099155428,7728,6784,11520,-147,-43,89,6888,-9408,10416,-21,136,-178,-12900,4880,6944,-1017,63,-94,-13180,-5488,7632,-463,149,-108,0
2031.1264400482175,7744,6828,11820,-145,-10,94,6920,-9464,10544,-44,151,-185,-12976,5040,6732,-1008,83,-87,-13204,-5584,7588,-485,82,-104,0
2031.1599130630493,7780,6828,11768,-129,-32,117,6840,-9428,10456,-61,140,-149,-12932,4844,7104,-1012,66,-55,-13240,-5556,7688,-518,96,-122,0
2031.193517923355,7692,6748,11832,-128,247,80,6872,-9440,10488,-23,158,-144,-12960,4760,6840,-1004,45,-43,-13232,-5412,7768,-509,129,-151,0
2031.2271931171415,7560,6880,11672,-130,-3,93,6796,-9664,10424,-9,178,-159,-13008,4772,7020,-1012,88,-30,-13160,-5664,7720,-466,109,-127,0
2031.2608201503754,7608,6792,11812,-136,-45,59,6768,-9532,10520,-54,147,-180,-12896,4760,7096,-990,64,-53,-13144,-5552,7772,-463,156,-164,0
2031.2941830158234,7728,6728,11912,-161,-36,73,6848,-9440,10544,-23,170,-153,-12992,4796,6796,-981,95,-81,-13192,-5572,7772,-473,133,-127,0
2031.3277029991148,7664,6816,11628,-123,-11,96,6860,-9404,10552,-66,178,-145,-12916,4756,6916,-990,105,-58,-13144,-5464,7756,-481,63,-132,0
2031.3612790107727,7652,6864,11820,-138,-20,114,6660,-9516,10268,-31,145,-162,-12844,4640,6740,-996,103,-42,-13092,-5644,7704,-477,95,-168,0
2031.3947250843048,7560,6784,11736,-140,-39,83,6844,-9392,10568,-63,150,-178,-12920,4756,7152,-1277,101,-39,-13076,-5404,7720,-498,114,-126,0
2031.42827296257,7768,6788,12008,-88,-86,114,6900,-9516,10616,-58,156,-164,-12928,4804,6920,-999,63,-60,-13192,-5584,7724,-523,125,-146,0
2031.4618699550629,7604,6788,11580,-95,-46,81,6792,-9460,10404,-32,163,-201,-12912,4768,6816,-1020,112,-70,-13080,-5616,7812,-495,146,-136,0
2031.4955451488495,7660,6848,11544,-98,-49,75,6784,-9368,10324,-32,91,-219,-12860,4860,6860,-1273,104,-90,-13108,-5488,7628,-507,137,-124,0
2031.5291719436643,7760,6832,11760,-121,-100,95,6840,-9372,10736,-48,127,-183,-12928,4828,6676,-995,79,-74,-13072,-5616,7636,-490,119,-146,0
2031.562804937363,7672,6888,11912,-124,-28,92,7068,-9508,10504,-34,132,-183,-13048,4756,6976,-1003,94,-41,-13124,-5532,7888,-505,102,-125,0
2031.5964529514313,7724,6868,11828,-128,-34,88,6844,-9536,10716,-49,162,-161,-12892,4884,6828,-1051,90,-58,-13100,-5656,7532,-505,116,-142,0
2031.6299550533295,7728,6804,11956,-101,-13,91,6848,-9512,10440,-20,149,-144,-12976,4756,6852,-1277,86,-62,-13152,-5776,7560,-499,117,-161,0
2031.6630959510803,7624,6908,11684,-132,-12,68,6844,-9508,10480,-53,152,-149,-13020,4756,6860,-1002,71,-79,-13292,-5396,7708,-493,94,-164,0
2031.6969220638275,7672,6764,11848,-137,-12,67,6892,-9524,10520,-45,150,-172,-12968,4816,6848,-996,96,-54,-13188,-5512,7744,-476,125,-129,0
2031.7303910255432,7564,6872,11996,-154,-28,111,6824,-9564,10504,-37,140,-190,-12856,4948,7004,-778,63,-19,-13088,-5628,7736,-498,164,-140,0
2031.7640161514285,7576,6820,11824,-130,-29,91,6748,-9348,10540,-19,129,-188,-12892,4832,7136,-1005,73,-60,-13052,-5588,7720,-516,150,-146,0
2031.7974150180817,7840,6848,11756,-131,-38,86,6832,-9428,10588,-43,161,-179,-12888,4612,6848,-1000,95,-44,-13148,-5664,7656,-488,106,-140,0
2031.8310370445251,7632,6692,11996,-122,-83,112,6828,-9468,10644,-40,111,-169,-12812,4828,6888,-1012,118,-119,-13104,-5564,7932,-257,119,-130,0
2031.8647730350494,7604,6868,11764,-135,-46,104,6816,-9424,10524,-51,110,-176,-12992,4812,7160,-1004,140,-80,-13112,-5876,7604,-520,135,-81,0
2031.8982119560244,7464,6952,11652,-115,-49,123,6852,-9460,10432,-47,127,-167,-12952,4884,6772,-985,114,-14,-12860,-5532,7460,-766,118,-131,0
2031.9317610263824,7760,6792,11900,-152,-43,97,7116,-9712,10276,-12,160,-166,-12828,4892,6936,-1048,83,-57,-13160,-5696,7708,-487,143,-149,0
2031.9687881469729,7620,6928,11532,-135,-22,100,6928,-9404,10448,11,143,-159,-12912,4756,6900,-1024,100,-99,-13124,-5712,7748,-489,121,-117,0
2032.0042409896853,7676,6696,11744,-154,-42,89,6664,-9480,10408,-62,141,-188,-12948,4768,6932,-1003,35,-34,-13180,-5564,7728,-488,169,-156,0
2032.0394489765167,7620,6908,11732,-184,-49,78,6732,-9488,10520,255,174,-189,-12884,4664,6980,-1010,98,-99,-13308,-5600,7872,-459,139,-133,0
2032.074818134308,7560,6816,11732,-128,-38,88,6800,-9236,10548,-34,153,-162,-12852,4812,6876,-999,113,-30,-13184,-5604,7848,-478,115,-132,0
2032.1104960441587,7560,6904,12004,-156,-28,112,6908,-9496,10472,-52,131,-173,-12824,4876,7100,-988,109,-46,-13072,-5656,7804,-473,118,-88,0
2032.1455969810484,7696,6880,11644,-162,-47,127,6824,-9500,10432,-48,174,-139,-12972,4912,7144,-969,70,-61,-13072,-5532,7784,-511,120,-132,0
2032.1813189983368,7540,6676,11764,-147,-44,118,6756,-9544,10652,-7,131,-175,-12852,4824,6864,-1023,111,-81,-13164,-5848,7804,-496,166,-107,0
2032.217555999756,7692,6668,11900,-179,-91,130,6808,-9456,10300,-251,127,-210,-12824,4828,7152,-1271,160,-109,-13060,-5600,7920,-498,209,-84,0
2032.2522940635683,7624,6848,11544,-180,-105,158,6836,-9452,10508,-19,105,-219,-12932,4820,6868,-995,132,-119,-13312,-5604,7732,-491,174,-70,0
2032.2881860733032,7588,6852,11804,-200,-153,162,6932,-9536,10300,-17,124,-215,-12880,4812,6728,-1005,139,-154,-13220,-5636,7708,-488,164,-92,0
2032.3236370086668,7636,6900,11784,-150,-144,134,6928,-9480,10404,-39,136,-194,-12904,4856,6776,-969,131,-81,-13120,-5764,7684,-512,165,-101,0
2032.3588330745695,7756,6860,11764,-198,-117,152,6780,-9432,10496,-4,115,-186,-12948,4808,7012,-983,122,-127,-13088,-5596,7700,-482,211,-60,0
2032.394336938858,7616,6804,11712,-206,-118,127,6816,-9700,10412,-45,115,-187,-12888,4876,6940,-994,142,-97,-13036,-5652,7788,-476,172,-71,0
2032.4301209449768,7492,6904,11568,-225,-101,129,6856,-9460,10500,-14,128,-209,-12948,4660,6668,-985,125,-154,-13104,-5576,7676,-470,212,-90,0
2032.4655871391296,7604,6788,11892,-195,-119,137,6868,-9568,10684,9,117,-186,-12960,4856,7128,-1012,99,-133,-13040,-5596,7588,-486,220,-67,0
2032.5012011528013,7624,6876,11700,-191,-177,138,6808,-9300,10656,-14,132,-203,-12932,4760,7056,-995,124,-157,-13108,-5560,7756,-474,191,-81,0
2032.5412499904633,7612,7092,12004,-228,-140,176,6784,-9224,10268,-21,129,-212,-12900,4860,6700,-1018,137,-79,-13072,-5556,7740,-493,202,-72,0
2032.577574014664,7712,6880,11748,-208,-146,158,6764,-9536,10432,-17,104,-212,-12848,4768,6872,-772,112,-128,-13100,-5420,7720,-499,192,-99,0
2032.6139819622044,7672,6848,11776,-190,-143,152,6920,-9472,10380,-13,125,-186,-12892,4760,6924,-1015,100,-72,-13232,-5660,7752,-260,200,-104,0
2032.6474480628967,7596,6792,11940,-202,-147,160,6868,-9396,10732,15,130,-193,-12876,4684,6904,-1032,126,-105,-13080,-5472,7676,-472,177,-88,0
2032.6807579994204,7820,6788,11764,-193,-114,163,6916,-9468,10444,-25,118,-174,-12928,4772,6908,-1008,121,-103,-13204,-5540,7908,-497,155,-105,0
2032.7141840457916,7752,6880,11828,-234,-143,134,6884,-9224,10428,10,94,-206,-13004,4780,7076,-1013,118,-121,-13132,-5500,7704,-482,204,-104,0
2032.747710943222,7692,6848,11828,-210,-166,155,6900,-9468,10580,13,124,-198,-12964,4768,6984,-1018,132,-90,-13140,-5620,7856,-479,166,-117,0
2032.780910015106,7804,6820,11552,-171,-148,136,6764,-9428,10540,-11,140,-194,-12888,4752,7116,-1006,107,-95,-13192,-5552,7528,-498,202,-102,0
2032.8144099712372,7708,6836,11700,-183,-153,120,6876,-9440,10676,-16,106,-238,-12916,4764,6772,-982,137,-127,-13192,-5508,7712,-498,201,-96,0
2032.8481421470644,7684,6776,11732,-190,-112,155,6948,-9452,10316,-42,79,-187,-12880,4760,6780,-1036,151,-118,-13168,-5512,7756,-463,138,-80,0
2032.881667137146,7712,6856,11640,-202,-104,158,6824,-9520,10560,4,102,-171,-12816,4764,6860,-1279,132,-80,-13136,-5608,7680,-459,131,-123,0
2032.915043115616,7708,6860,11892,-222,-122,158,6852,-9436,10464,-35,128,-186,-12828,4672,6992,-773,102,-60,-13216,-5600,7628,-509,137,-106,0
2032.9485580921173,7736,6792,11664,-169,-104,169,6828,-9552,10760,-32,115,-165,-12888,4840,6908,-1005,110,-89,-13160,-5436,7676,-493,149,-100,0
2032.981786966324,7688,6792,11976,-163,-113,120,6844,-9432,10440,14,98,-205,-12860,4756,6708,-1037,165,-161,-13128,-5488,7700,-517,198,-96,0
2033.01527094841,7744,6788,11612,-158,-110,136,6860,-9384,10388,-30,80,-216,-12900,4748,6660,-1025,156,-124,-13220,-5496,7640,-471,180,-97,0
2033.0488369464874,7692,6864,11824,-162,-126,128,7024,-9400,10384,-30,111,-224,-12976,4768,6820,-997,142,-117,-13124,-5520,7824,-484,167,-93,0
2033.0821349620817,7628,6876,11652,-186,-100,118,6860,-9408,10472,-50,147,-182,-12940,4872,7036,-1020,125,-88,-13252,-5584,7824,-507,153,-154,0
2033.1155209541323,7932,6804,11748,-173,-64,105,6868,-9372,10492,-29,157,-185,-12936,4812,6904,-1024,108,-72,-13152,-5612,7672,-473,139,-125,0
2033.1489019393923,7824,6812,11784,-181,-19,106,6924,-9476,10344,-13,182,-166,-12968,4804,6836,-1029,98,-94,-13236,-5576,7376,-468,136,-132,0
2033.1821229457853,7436,6776,11704,-189,-3,92,6852,-9288,10528,-58,163,-167,-12928,4732,6996,-1011,83,-23,-13204,-5600,7696,-466,88,-140,0
2033.2156860828404,7840,6768,11928,-147,-36,98,6972,-9552,10332,-61,167,-149,-12892,5088,7032,-1007,50,-46,-13156,-5400,7764,-262,91,-151,0
2033.2491769790652,7672,6796,12012,-175,-43,83,6660,-9544,10532,-12,155,-152,-12876,4804,6892,-1043,78,-75,-13112,-5692,7648,-480,136,-156,0
2033.2825901508331,7776,6872,12008,-123,26,128,6808,-9412,10500,-11,136,-176,-12884,4688,6748,-997,143,-72,-13088,-5600,7772,-469,105,-134,0
2033.3160531520844,7476,6836,11760,-90,-19,86,6932,-9468,10384,-66,124,-211,-12984,4776,6832,-996,86,-54,-13148,-5548,7920,-493,138,-150,0
2033.3497810363772,7844,6736,11736,-144,-98,103,6872,-9400,10500,-61,175,-189,-12880,4820,6888,-978,75,-58,-13196,-5776,7920,-468,122,-120,0
2033.3832480907445,7524,6780,11592,-109,6,110,6684,-9396,10472,-56,148,-161,-12600,4856,6840,-1008,109,-13,-13224,-5420,7540,-469,71,-102,0
2033.4168109893799,7724,6852,11820,-148,26,99,6840,-9488,10376,-53,148,-126,-12908,4684,7016,-1018,120,-18,-13296,-5380,7840,-477,103,-133,0
2033.4503431320193,7616,6768,11716,-139,23,109,6908,-9456,10384,-52,104,-145,-12976,4760,6896,-774,105,-75,-13124,-5592,7612,-506,114,-153,0
2033.4836590290067,7680,6780,11660,-116,-16,111,6836,-9236,10256,-44,158,-144,-12916,5108,6796,-994,95,-42,-13144,-5548,7908,-528,122,-138,0
2033.5173759460447,7688,6736,11804,-112,-20,80,6828,-9380,10544,-50,169,-173,-13008,4824,6912,-1018,112,-48,-13148,-5508,7724,-765,129,-158,0
2033.5510361194613,7700,6888,11788,-106,-50,73,6920,-9696,10644,-50,155,-182,-12904,4792,6936,-971,74,-59,-13196,-5472,7812,-508,154,-144,0
2033.5846409797668,7644,6804,11528,-123,-69,92,6724,-9460,10540,-35,135,-196,-12964,4608,7092,-1030,84,-74,-13152,-5592,7788,-517,156,-142,0
2033.6179060935974,7700,6816,11680,-162,-79,100,6884,-9488,10412,-43,151,-178,-12972,4872,6944,-995,77,-66,-13140,-5652,7888,-496,172,-147,0
2033.6550281047819,7756,6864,11692,-144,-44,99,7140,-9456,10472,-56,161,-168,-12968,4852,6836,-952,52,-35,-12932,-5392,7732,-563,160,-158,0
2033.6903469562533,7672,6808,11820,-146,-17,96,6820,-9540,10552,-70,143,-175,-12908,4812,6948,-998,55,-76,-13284,-5888,7792,-529,160,-154,0
2033.725463151932,7636,6908,11992,-172,-35,92,6860,-9448,10348,-66,134,-153,-13008,4920,6788,-1009,75,-67,-13240,-5548,7932,-467,100,-113,0
2033.7610750198364,7920,6828,11784,-152,-43,106,6884,-9248,10296,-17,144,-164,-12920,4804,6860,-987,104,-24,-13112,-5860,7576,-440,90,-119,0
2033.7960231304169,7632,6896,11660,-178,-26,112,6820,-9388,10424,-26,150,-158,-12864,4820,6812,-1006,104,-73,-13296,-5568,7640,-444,124,-120,0
2033.832396030426,7608,6840,11860,-182,-43,97,6848,-9460,10584,-21,127,-174,-12888,5080,6880,-1018,133,-62,-13144,-5520,7724,-474,159,-126,0
2033.8683369159696,7924,6840,11528,-153,-54,121,6872,-9472,10452,-31,146,-189,-12952,4760,6828,-1009,121,-96,-13188,-5564,7760,-519,156,-140,0
2033.9039621353147,7524,6848,12012,-133,-56,102,6844,-9472,10460,-57,135,-173,-12896,4748,6976,-998,114,-49,-13120,-5580,7612,-530,152,-146,0
2033.9399409294128,7616,6836,11736,-131,-47,106,6792,-9544,10284,-53,158,-178,-12948,4744,6656,-989,118,-78,-13192,-5596,7684,-501,106,-101,0
2033.9748089313507,7696,6804,11688,-133,-29,106,6772,-9484,10384,-39,115,-167,-12932,4840,6824,-987,83,-26,-13092,-5436,7724,-497,107,-107,0
2034.0106561183932,7584,6768,11920,-122,-38,92,6944,-9480,10488,-32,138,-171,-12856,4756,6944,-967,79,-83,-13136,-5544,7652,-492,110,-124,0
2034.045634031296,7908,6836,11932,-148,-62,121,6824,-9428,10644,-17,156,-164,-12896,4716,6688,-1275,96,-26,-13276,-5600,7700,-494,135,-158,0
2034.0809371471403,7456,6908,11972,-138,-53,98,6888,-9484,10524,-25,124,-195,-12904,4784,6976,-1007,91,-97,-13100,-5808,7560,-480,165,-125,0
2034.117269039154,7724,6780,11776,-133,-33,88,7140,-9376,10264,8,135,-175,-12864,4884,6952,-1265,106,-52,-13120,-5660,7792,-487,146,-143,0
2034.1519300937653,7552,6804,11588,-152,-76,83,6852,-9452,10652,-16,168,-166,-12944,4716,6880,-978,89,-95,-13112,-5604,7700,-474,144,-155,0
2034.1880040168764,7652,6808,11776,-145,-57,103,6820,-9372,10560,-43,166,-180,-12932,4796,6904,-956,121,-75,-13088,-5544,7740,-487,118,-120,0
2034.2226841449735,7716,6844,11852,-143,-48,108,6880,-9252,10288,-36,140,-158,-12968,4816,6988,-976,93,-64,-13164,-5572,7676,-506,119,-123,0
2034.257620096207,7456,6868,11968,-190,-29,91,6928,-9596,10564,-14,147,-176,-12940,4808,6792,-998,78,-69,-13208,-5792,7784,-494,140,-140,0
2034.2937850952148,7760,6868,11600,-142,-49,107,6972,-9664,10344,-14,150,-144,-12868,4792,7156,-1030,94,-65,-13124,-5620,7760,-480,93,-155,0
2034.3274281024933,7680,6888,11976,-128,-53,84,6816,-9480,10416,-93,128,-156,-12916,4812,6760,-980,87,-58,-13204,-5516,7660,-521,159,-127,0
2034.3610501289368,7624,6840,11720,-153,-67,92,6972,-9552,10644,-13,130,-191,-12920,4760,6804,-1012,96,-50,-13052,-5552,7812,-497,153,-135,0
2034.3942930698395,7556,6784,11804,-136,-9,88,7148,-9676,10260,-12,120,-168,-12892,4828,6876,-1056,120,-18,-13036,-5568,7740,-476,112,-126,0
2034.4276010990143,7568,6768,11884,-155,-14,98,6880,-9728,10300,-45,197,-116,-12824,4812,6892,-989,93,-62,-13112,-5688,7932,-472,111,-121,0
2034.460972070694,7524,6876,11848,-196,-63,98,6840,-9512,10432,-47,148,-187,-12864,4868,7088,-983,91,-55,-13100,-5688,7728,-488,116,-119,0
2034.4943039417267,7552,6856,11532,-157,-65,99,6864,-9492,10428,-24,106,-153,-12860,4656,6728,-977,77,-83,-13080,-5544,7732,-489,180,-151,0
2034.52774810791,7624,6820,11848,-188,-68,135,6808,-9416,10468,27,100,-197,-13036,5068,6816,-1026,170,-130,-13036,-5660,7852,-476,204,-89,0
2034.5612390041351,7584,6748,11564,-196,-154,171,6836,-9416,10500,-19,91,-226,-13028,4824,6668,-1027,169,-122,-13168,-5604,7744,-482,228,-108,0
2034.5947711467743,7600,6848,11604,-173,-142,129,6844,-9524,10504,-32,100,-220,-12884,4820,6776,-995,139,-105,-13176,-5556,7720,-505,193,-103,0
2034.6283650398254,7492,6812,11656,-195,-91,131,6836,-9288,10240,-256,177,-177,-12988,4832,6756,-1016,120,-126,-13152,-5528,7740,-485,175,-119,0
2034.6617200374603,7636,6852,11820,-195,-115,134,6868,-9472,10476,246,128,-183,-12804,4780,7040,-769,113,-143,-13084,-5660,7740,-262,176,-105,0
2034.6950290203094,7580,6664,11980,-199,-104,142,6868,-9412,10492,-31,117,-185,-12948,4748,6676,-1008,135,-132,-13132,-5564,7704,-490,157,-122,0
2034.7285621166227,7880,7148,11892,-183,-132,142,6856,-9520,10576,-16,117,-185,-12836,4684,6916,-991,133,-90,-13100,-5660,7776,-480,170,-80,0
2034.7620050907133,7620,6864,11792,-199,-120,135,6960,-9520,10292,246,132,-225,-13028,4856,6980,-997,105,-108,-13080,-5664,7808,-463,188,-100,0
2034.7955451011655,7440,6836,11720,-192,-150,134,6680,-9364,10532,7,111,-216,-13024,5108,6720,-1003,120,-141,-13044,-5612,7532,-484,193,-78,0
2034.8291549682615,7896,6824,11708,-212,-152,150,6748,-9416,10340,-10,114,-215,-12856,4624,6776,-1024,123,-154,-13104,-5568,7752,-470,198,-86,0
2034.8624510765076,7452,6760,11988,-199,-141,170,6852,-9392,10512,1,145,-221,-12908,4660,6688,-1023,152,-105,-13296,-5384,7604,-487,175,-81,0
2034.896157026291,7616,6764,11696,-178,-134,166,6860,-9496,10420,10,128,-197,-12784,4728,6964,-1060,144,-115,-13096,-5584,7488,-490,191,-88,0
2034.92973613739,7552,6808,11872,-165,-131,158,6820,-9444,10496,-8,112,-194,-12832,4772,6832,-972,121,-96,-13228,-5676,7764,-470,178,-67,0
2034.963359117508,7524,6884,11696,-204,-130,148,6828,-9392,10244,-55,143,-198,-12992,4824,6848,-980,126,-112,-13204,-5516,7516,-457,149,-85,0
2034.9969120025635,7664,6840,11796,-213,-137,147,6656,-9488,10468,0,115,-185,-12964,4904,6832,-1012,115,-111,-13112,-5424,7696,-505,146,-71,0
2035.0304470062251,7528,6844,11816,-228,-139,155,6904,-9480,10744,19,106,-199,-12992,4748,6804,-1015,129,-97,-13068,-5388,7932,-459,179,-82,0
2035.0640969276428,7636,6864,11576,-189,-127,149,6856,-9368,10488,21,101,-215,-13012,4656,6856,-995,143,-89,-13088,-5592,7680,-455,185,-89,0
2035.097378015518,7640,6832,12008,-204,-177,151,6968,-9240,10564,-5,124,-232,-13084,4836,6892,-977,103,-113,-12948,-5536,7668,-468,226,-69,0
2035.1309299468994,7528,6796,11732,-238,-192,138,6840,-9460,10504,-39,145,-197,-12928,4904,6792,-1031,120,-141,-13152,-5528,7840,-467,176,-95,0
2035.164418935776,7704,6712,11644,-182,-171,165,6912,-9432,10336,-19,103,-173,-12912,4752,6896,-993,150,-98,-13116,-5476,7660,-462,121,-112,0
2035.1980700492857,7784,6796,11544,-217,-117,147,6816,-9420,10460,-31,99,-191,-12968,4816,6700,-997,121,-36,-13104,-5836,7484,-493,137,-136,0
2035.2315011024475,7772,6868,11940,-211,-147,150,6832,-9468,10616,-21,144,-202,-12568,4788,6860,-1010,99,-102,-13152,-5576,7668,-510,151,-90,0
2035.2649519443512,7756,6836,11680,-158,-129,135,7136,-9476,10728,-20,125,-191,-12992,4808,6872,-1005,114,-138,-13148,-5580,7696,-488,178,-91,0
2035.2982850074768,7736,6740,11956,-161,-133,148,6764,-9428,10320,252,94,-226,-12936,4748,6672,-997,150,-155,-13092,-5564,7636,-490,164,-94,0
2035.3354361057284,7708,6824,11640,-147,-154,135,6900,-9320,10412,-65,99,-213,-12908,4716,6656,-1005,140,-92,-13092,-5548,7700,-489,164,-89,0
2035.3712460994723,7644,6748,11616,-189,-96,115,7028,-9464,10416,-51,133,-195,-13048,4912,6848,-1003,136,-101,-13136,-5540,7912,-488,137,-110,0
2035.407069921493,7708,6748,11616,-180,-46,113,7140,-9436,10560,-45,159,-188,-13040,4684,6840,-769,88,-60,-13140,-5520,7424,-758,111,-141,0
2035.442307949066,7788,6784,11692,-160,-30,98,7144,-9444,10580,-24,169,-152,-12880,4704,6896,-772,85,-18,-13208,-5540,7908,-493,84,-151,0
2035.4782459735868,7640,6864,11748,-141,6,81,6860,-9556,10604,-27,195,-178,-12916,4776,6868,-973,48,-74,-13104,-5484,7852,-499,104,-137,0
2035.5135390758514,7816,6848,11700,-151,-22,95,6872,-9496,10488,-27,105,-174,-12924,4852,6932,-988,71,-32,-13152,-5468,7684,-469,119,-141,0
2035.5488059520724,7708,6832,11688,-137,-46,77,6828,-9356,10380,-20,166,-178,-12912,4808,6764,-1011,102,-90,-13148,-5464,7636,-489,122,-162,0
2035.5843019485474,7752,6840,11844,-113,-19,80,6832,-9224,10704,-34,180,-169,-12948,4824,6896,-1000,86,-90,-13208,-5520,7604,-484,96,-168,0
2035.620355129242,7920,6832,11692,-125,-255,82,6728,-9408,10664,-36,147,-143,-12928,4724,6948,-995,94,-60,-13108,-5652,7768,-476,128,-148,0
2035.6556699275973,7424,6792,11596,-144,-28,93,6832,-9448,10408,-68,183,-161,-12868,4836,6740,-990,120,228,-13068,-5544,7436,-522,106,-153,0
2035.6908099651337,7692,6816,11952,-105,-31,89,6868,-9452,10456,-78,143,-169,-12876,4856,7016,-996,90,-77,-13068,-5668,7592,-526,96,-124,0
2035.7260439395905,7612,6828,11828,-130,-255,73,6864,-9492,10532,-22,135,-161,-12984,4700,7092,-1016,42,-77,-13120,-5500,7708,-494,90,-161,0
2035.7620980739594,7872,6864,11960,-103,25,77,6848,-9448,10740,-51,147,-159,-12972,4808,6940,-1016,87,-44,-13168,-5656,7700,-509,90,-127,0
2035.7976329326627,7732,6792,11804,-116,-23,85,6680,-9512,10744,-70,148,-146,-12916,4852,6764,-978,71,-77,-13192,-5488,7696,-486,141,-153,0
2035.8328070640564,7640,6820,11680,-134,-17,95,6832,-9428,10432,-41,146,-168,-12980,4872,6808,-997,91,-71,-12888,-5520,7820,-492,97,-117,0
2035.8681089878085,7648,6736,11700,-107,19,87,6856,-9408,10492,-29,152,-144,-12884,4712,6820,-1280,101,-53,-13180,-5564,7756,-492,71,-154,0
2035.9039499759674,7708,6880,11716,-131,2,80,6836,-9236,10288,-62,147,-148,-12888,4872,6968,-982,83,-24,-13068,-5804,7808,-500,83,-169,0
2035.9395480155945,7652,6768,11936,-142,1,77,6832,-9540,10512,-58,166,-138,-12852,4640,7084,-973,74,-45,-13056,-5540,7748,-262,96,-171,0
2035.976000070572,7644,6832,11592,-101,-33,65,6808,-9448,10348,-40,153,-146,-13012,4960,6784,-1011,103,-30,-13056,-5732,7668,-259,99,-146,0
2036.0095131397247,7648,6928,11764,-132,-18,87,6820,-9460,10468,-39,125,-178,-12840,4892,6980,-1039,110,-87,-13128,-5644,7520,-484,146,-84,0
2036.0430309772491,7616,6836,11864,-118,-65,91,6824,-9512,10492,1,128,-205,-12860,4908,6912,-772,128,-121,-13188,-5488,7864,-500,126,-120,0
2036.0766079425812,7624,6804,11996,-136,-88,84,7128,-9444,10748,-55,141,-173,-12992,4632,6668,-994,86,-85,-13292,-5568,7840,-477,126,-139,0
2036.1100590229034,7540,6920,11680,-141,-42,103,7148,-9688,10484,-52,155,-170,-12968,4812,6808,-1270,117,-48,-13120,-5588,7812,-491,92,-155,0
2036.1433079242709,7636,6876,11872,-122,-17,96,6844,-9368,10504,-37,174,-167,-12868,4832,6816,-1021,98,-30,-13088,-5888,7596,-501,130,-126,0
2036.1770210266113,7636,6836,11868,-115,-31,99,6840,-9420,10520,-47,126,-165,-12892,4812,6872,-996,70,-96,-13152,-5576,7708,-494,114,-128,0
2036.2104990482333,7632,6680,11764,-122,-41,78,6892,-9388,10692,-29,159,-180,-12884,4764,6900,-996,104,-69,-12832,-5852,7808,-491,134,-114,0
2036.243839979172,7696,6896,11728,-131,-32,81,6804,-9532,10548,-52,144,-195,-13000,4904,6776,-976,105,-87,-13068,-5624,7912,-486,176,-115,0
2036.277377128601,7644,6848,12004,-148,-20,99,6848,-9676,10576,-30,138,-186,-12900,4704,6728,-1278,85,-93,-13112,-5412,7808,-500,106,-128,0
2036.3107860088348,7624,6880,11932,-134,-57,89,6980,-9512,10340,-18,151,-194,-12924,4860,6764,-1015,96,-91,-13312,-5532,7820,-508,145,-108,0
2036.3443961143494,7624,6816,11576,-108,-58,75,6740,-9304,10640,-42,152,-190,-12924,4720,6668,-992,123,-70,-13040,-5616,7828,-455,153,-134,0
2036.3778820037844,7612,6980,11540,-147,-43,94,6864,-9496,10480,-59,121,-188,-12864,4872,6848,-989,123,-60,-13128,-5548,7648,-471,123,-125,0
2036.4111869335175,7720,6840,11816,-150,-98,133,6848,-9460,10468,-49,156,-149,-12872,4896,6672,-1049,109,-41,-13196,-5572,7736,-520,143,-128,0
2036.4447290897372,7652,6876,11780,-182,-71,128,6752,-9220,10428,-35,125,-160,-12892,4792,7056,-995,94,-60,-13032,-5648,7780,-499,128,-119,0
2036.4782960414889,7580,6912,11840,-135,-34,122,6828,-9432,10540,-27,146,-173,-13044,4720,6864,-1014,95,-98,-13244,-5884,7692,-452,136,-107,0
2036.5121531486511,7576,6960,11880,-166,-119,109,6796,-9508,10524,-30,151,-188,-12892,4856,6848,-1012,118,-99,-13100,-5600,7780,-459,192,-105,0
2036.5455379486084,7640,6836,11800,-201,-68,128,6740,-9600,10548,-24,151,-190,-12880,4620,6908,-976,114,-95,-13216,-5552,7884,-473,159,-100,0
2036.579262971878,7596,6896,12000,-182,-98,120,6768,-9520,10480,-26,138,-183,-12876,4844,6896,-1011,128,-80,-13148,-5656,7660,-458,151,-68,0
2036.6127071380613,7660,6888,11716,-184,-120,145,6840,-9444,10472,-61,128,-180,-12960,4964,6980,-965,124,-71,-13160,-5888,7832,-461,152,-88,0
2036.6459720134733,7560,6928,11832,-186,-139,145,6832,-9576,10336,-33,121,-217,-12880,4880,6732,-1006,88,-82,-13060,-5816,7932,-491,180,-59,0
2036.6830079555511,7472,6784,11688,-174,-81,152,6908,-9420,10264,-17,128,-194,-12968,4776,6960,-999,124,-90,-13236,-5580,7496,-491,211,-69,0
2036.7168710231779,7672,6872,11832,-217,-152,173,6708,-9412,10540,-11,96,-225,-12848,4608,6736,-770,165,-137,-13088,-5592,7728,-501,205,-53,0
2036.7501969337463,7684,7148,11608,-173,-137,164,6860,-9488,10564,-47,105,-235,-12968,4812,6732,-1013,143,-154,-13172,-5608,7456,-498,211,-90,0
2036.7836849689484,7636,6848,11724,-211,-155,165,6788,-9552,10376,-5,104,-228,-12852,4824,6904,-994,169,-96,-13088,-5572,7676,-490,185,-120,0
2036.8172490596771,7812,6844,11708,-219,-150,154,6700,-9524,10508,-16,115,-201,-13028,4780,6788,-997,122,-87,-13208,-5552,7668,-483,194,-86,0
2036.8507680892944,7708,6832,11732,-199,-161,156,6884,-9452,10512,-4,115,-200,-12992,4824,6964,-1017,145,-101,-13172,-5636,7788,-497,184,-81,0
2036.8841791152954,7568,6916,11736,-197,-129,162,6860,-9444,10496,-250,133,-195,-12868,4832,6804,-1009,79,-124,-13180,-5592,7508,-458,176,-94,0
2036.9179229736328,7768,6820,11812,-201,-187,137,6908,-9416,10384,-13,142,-213,-12952,4872,6948,-1002,144,-152,-12864,-5496,7592,-478,213,-105,0
2036.9516861438751,7540,6788,11572,-225,-177,159,6716,-9432,10592,-254,136,-201,-13008,4788,6772,-1010,119,-105,-12884,-5568,7756,-474,196,-91,0
2036.9846990108492,7656,6820,11864,-211,-168,159,6880,-9564,10592,14,109,-220,-12836,4828,7104,-1014,149,-154,-13192,-5564,7788,-487,187,-75,0
2037.02258515358,7476,6844,11664,-196,-151,151,6868,-9480,10520,245,118,-217,-12900,4764,6916,-987,106,-94,-13176,-5596,7808,-489,166,-91,0
2037.0588450431824,7780,6892,11864,-203,-161,157,6656,-9452,10640,253,122,-212,-12952,4768,6908,-1008,96,-153,-13116,-5452,7752,-466,209,-98,0
2037.0939519405365,7648,6888,11696,-191,-166,151,6772,-9440,10412,10,151,-215,-12944,4836,6992,-974,159,-101,-13104,-5616,7580,-494,186,-58,0
2037.129905939102,7676,7128,11884,-200,-118,173,6908,-9324,10492,-31,70,-169,-12956,4744,6852,-1006,143,-123,-13148,-5396,7436,-765,172,-31,0
2037.1650459766388,7760,6660,11912,-175,-163,165,6968,-9504,10496,-4,124,-188,-12860,4772,6868,-769,79,-136,-13140,-5628,7792,-497,172,-82,0
2037.2009761333468,7696,6740,11824,-211,-168,146,6932,-9372,10420,-254,82,-185,-13020,4728,7000,-1040,130,-111,-13208,-5832,7780,-474,138,-97,0
2037.2372190952299,7692,6880,11680,-173,-181,139,6880,-9524,10444,-18,140,-216,-12944,4768,6884,-982,107,-125,-13172,-5600,7860,-499,194,-94,0
2037.2723801136017,7688,6800,11628,-209,-166,140,6684,-9504,10420,-14,138,-237,-13000,4812,6744,-996,120,-103,-13288,-5488,7736,-467,179,-51,0
2037.307651042938,7828,6764,11608,-190,-133,155,6864,-9420,10344,-2,136,-163,-12904,4608,6804,-983,127,-104,-13252,-5548,7676,-463,133,-83,0
2037.3432590961452,7508,6800,11656,-187,-124,166,6672,-9408,10720,-31,115,-192,-13008,4764,6740,-1009,134,-43,-13048,-5580,7748,-476,150,-103,0
2037.379281997681,7612,6804,11880,-182,-97,115,6824,-9452,10524,-53,141,-186,-13020,4744,7076,-998,115,-74,-12996,-5468,7636,-473,140,-121,0
2037.4144990444183,7924,6832,11812,-131,-67,129,6832,-9492,10580,-41,113,-177,-13020,4832,6740,-986,97,-90,-13164,-5488,7588,-521,121,-118,0
2037.449687957764,7752,6816,11804,-126,-39,111,6876,-9428,10280,-21,109,-195,-12916,4752,6976,-1009,135,-84,-12828,-5488,7752,-486,180,-97,0
2037.4851279258728,7796,6768,11672,-137,-28,114,6720,-9356,10564,-34,136,-184,-12976,4752,6804,-1275,133,-89,-13248,-5520,7860,-462,160,-131,0
2037.5209040641785,7888,6760,11740,-200,-55,107,6704,-9416,10528,-25,154,-155,-12952,4644,6992,-1001,97,-41,-13244,-5556,7916,-471,115,-130,0
2037.5621080398564,7768,6780,11692,-151,-22,88,7016,-9460,10492,-47,158,-177,-13036,4836,6724,-1023,97,-79,-13204,-5552,7816,-496,123,-142,0
2037.5976510047913,7808,6852,11688,-149,-37,89,7156,-9468,10580,-37,156,-130,-12920,4776,7096,-1032,60,-76,-13128,-5564,7736,-492,109,-129,0
2037.6331570148468,7732,6828,11720,-138,-13,88,6852,-9328,10724,-21,141,-157,-12908,4748,7044,-1004,101,-24,-13128,-5592,7588,-463,139,-148,0
2037.6689710617068,7492,6876,11740,-157,255,68,6820,-9420,10584,-43,152,-169,-12916,4920,6908,-1006,95,-41,-13172,-5544,7732,-476,108,-133,0
2037.7025809288025,7732,6856,11864,-142,-30,97,6868,-9480,10476,-46,136,-174,-12860,4760,7164,-980,100,-73,-13188,-5564,7600,-491,134,-153,0
2037.7364470958707,7760,6740,11648,-128,-24,98,6820,-9404,10396,-44,138,-166,-12816,4704,6836,-1010,101,-88,-13124,-5636,7696,-502,123,-159,0
2037.7697229385371,7764,6816,11708,-109,-6,79,6884,-9456,10400,-44,158,-174,-12956,4800,6752,-994,125,-101,-13152,-5572,7692,-519,141,-127,0
2037.803134918213,7664,6828,11640,-123,-20,78,6952,-9520,10708,-25,135,-173,-12928,4724,6876,-992,118,-72,-13028,-5552,7752,-464,121,-113,0
2037.8368899822235,7668,6880,11700,-117,-25,103,7016,-9728,10580,-79,136,-172,-12992,4864,6840,-1005,133,-253,-13108,-5840,7744,-766,109,-114,0
2037.870500087738,7660,6776,11568,-116,-51,118,6936,-9516,10456,-23,169,-150,-12988,4808,6668,-1019,71,-96,-13060,-5424,7796,-533,129,-158,0
2037.9035229682925,7620,6840,11964,-153,-39,98,7144,-9232,10724,-17,146,-147,-12904,4756,6872,-999,72,-57,-13108,-5540,7720,-518,90,-142,0
2037.9372129440308,7612,6732,11816,-125,18,94,6924,-9428,10720,-19,151,-133,-12916,4772,6876,-1002,81,-68,-13176,-5692,7764,-467,108,-137,0
2037.9707670211792,7684,6868,11780,-139,-36,69,6872,-9464,10688,-66,159,-181,-12912,4816,6844,-987,111,-79,-13096,-5448,7696,-465,134,-148,0
2038.0043179988859,7732,6840,11680,-169,-13,71,6664,-9628,10588,-31,142,-170,-13048,4776,6892,-996,87,-72,-13192,-5540,7700,-457,102,-152,0
2038.037385940552,7716,6788,11648,-118,253,88,6808,-9444,10500,-50,160,-154,-12920,4764,6840,-1006,82,-60,-13144,-5668,7796,-451,98,-130,0
2038.0710051059723,7488,6792,11800,-145,3,71,6920,-9448,10492,-63,120,-176,-12872,4860,6892,-991,108,-42,-13076,-5624,7488,-494,91,-137,0
2038.1044991016388,7476,6868,11828,-145,-42,80,6916,-9416,10592,-68,132,-156,-12968,4612,6760,-1002,71,-44,-13308,-5544,7812,-525,103,-144,0
2038.1379170417788,7672,6836,11720,-100,-4,89,7144,-9460,10264,-32,162,-162,-12904,4784,7152,-1008,104,-48,-13164,-5776,7932,-506,133,-141,0
2038.1716411113737,7664,6764,11756,-108,-37,102,6760,-9692,10336,-28,131,-196,-12648,4852,6812,-1034,122,-84,-13104,-5884,7796,-763,142,-125,0
2038.2049100399015,7644,6852,11868,-101,-35,98,6872,-9428,10464,-33,132,-196,-12944,4804,6864,-1013,98,-95,-12808,-5560,7680,-503,126,-134,0
2038.2382910251615,7644,6656,11600,-138,-72,100,6908,-9244,10536,-53,138,-178,-12804,4804,6700,-975,112,-22,-13176,-5616,7744,-486,114,-132,0
2038.2718501091003,7660,6848,11600,-153,-31,89,6860,-9516,10436,-57,164,-157,-13024,4820,6496,-988,113,-41,-13112,-5460,7664,-478,108,-146,0
2038.3050029277804,7620,6864,11640,-124,-16,104,6680,-9396,10544,-30,161,-156,-12932,4776,6868,-1013,75,-76,-13296,-5492,7728,-488,131,-111,0
2038.338670015335,7576,6852,11780,-140,-15,107,6868,-9472,10548,-44,157,-172,-12948,4748,6884,-1007,101,-66,-13292,-5380,7824,-503,118,-110,0
2038.3722400665283,7576,6924,11748,-126,-43,106,6908,-9432,10488,-88,122,-152,-12924,5100,6708,-986,92,-74,-13136,-5516,7880,-503,108,-163,0
2038.4054419994354,7588,6708,11768,-168,-3,69,6836,-9440,10412,-23,216,-106,-13020,4676,6848,-1002,75,-20,-13060,-5492,7772,-489,127,-155,0
2038.4391210079193,7656,6916,11664,-124,-26,108,6712,-9452,10500,-19,141,-161,-12880,4808,6824,-995,89,-52,-13012,-5600,7676,-465,128,-119,0
2038.4729290008545,7532,6852,11960,-116,-22,116,6736,-9508,10504,-40,111,-178,-12976,4804,6924,-1035,114,-76,-13176,-5540,7784,-505,122,-110,0
2038.5064301490784,7772,6832,11860,-138,-63,99,6824,-9444,10288,-57,140,-177,-12964,4912,6944,-981,69,-106,-13084,-5644,7616,-500,116,-123,0
2038.5399589538574,7652,6864,11820,-145,-50,91,7052,-9512,10396,-53,92,-178,-12940,4816,6888,-977,109,-89,-13092,-5608,7652,-453,94,-169,0
2038.573526144028,7704,6940,11624,-122,-2,88,6820,-9424,10708,-40,141,-135,-13036,4748,6888,-1008,149,-23,-13084,-5600,7716,-492,95,-100,0
2038.6069920063017,7500,6876,11732,-125,4,100,6844,-9484,10544,-35,136,-160,-12960,4700,6712,-1012,128,-39,-13104,-5388,7780,-514,90,-129,0
2038.6404120922089,7716,6860,11632,-136,-9,104,6836,-9436,10408,-69,132,-153,-12972,4836,6680,-991,100,-79,-13168,-5608,7700,-502,109,-135,0
2038.6772861480713,7796,6728,11588,-191,-56,120,6956,-9500,10488,-33,140,-165,-12992,4808,6860,-1027,107,-48,-13124,-5640,7764,-498,140,-124,0
2038.712413072586,7460,6924,11932,-126,-36,90,7164,-9500,10664,-37,146,-155,-12784,4796,7108,-780,103,-102,-13072,-5544,7856,-501,155,-140,0
2038.7486839294434,7660,6884,11752,-131,-34,85,6888,-9260,10600,-20,129,-188,-12916,4944,6780,-1023,121,-129,-13096,-5392,7756,-526,172,-101,0
2038.7841861248012,7528,6820,11676,-144,-43,86,6820,-9696,10520,-41,232,-196,-12820,4768,6892,-1035,120,-59,-13300,-5860,7792,-471,150,-129,0
2038.8195900917053,7644,6876,11588,-171,-37,120,6780,-9384,10276,-23,158,-164,-12904,4784,6948,-983,98,-89,-13224,-5664,7824,-465,130,-116,0
2038.8548920154572,7592,6672,11908,-171,-60,86,6792,-9476,10472,-47,165,-165,-12876,4784,6796,-990,87,-53,-13060,-5584,8040,-472,127,-131,0
2038.8902039527893,7520,6920,11728,-196,-48,93,6716,-9440,10244,-7,155,-185,-13052,4844,6680,-1001,92,-116,-13076,-5392,7808,-492,149,-108,0
2038.9255170822144,7604,7120,11752,-206,-74,142,6896,-9496,10584,-26,128,-185,-12812,4748,7012,-1020,127,-55,-13068,-5556,7812,-488,175,-80,0
2038.9608681201935,7264,6812,11748,-204,-97,135,6796,-9520,10592,-3,111,-216,-12912,4740,6972,-1029,129,-129,-13176,-5552,7660,-474,186,-88,0
2038.9972450733185,7672,7012,11800,-192,-156,169,6884,-9492,10684,-34,97,-194,-12888,5052,6848,-1002,112,-95,-13088,-5608,7424,-478,176,-93,0
2039.0318620204923,7632,6888,11632,-193,-166,125,6800,-9456,10580,-20,136,-210,-12944,4812,6804,-1009,115,-131,-13112,-5580,7896,-496,171,-96,0
2039.0675110816956,7716,6844,11648,-166,-129,127,6792,-9360,10560,-29,134,-205,-12816,4776,7144,-1039,139,-90,-13092,-5588,7696,-481,181,-106,0
2039.1023669242857,7580,6884,12012,-195,-117,151,6852,-9460,10472,-17,120,-187,-12888,4628,6776,-1011,122,-106,-13104,-5572,7776,-487,188,-54,0
2039.1381769180296,7680,6884,11788,-223,-100,162,6828,-9640,10264,-7,111,-203,-12936,5040,6932,-1009,158,-89,-12808,-5776,7724,-467,201,-86,0
2039.1738700866697,7648,6836,11912,-204,-146,163,6824,-9348,10480,-22,109,-206,-12884,4724,6840,-1017,128,-156,-13148,-5452,7660,-502,207,-85,0
2039.2089180946348,7604,6852,11752,-196,-127,146,6872,-9720,10708,-9,110,-194,-12884,5116,6804,-1007,136,-72,-13144,-5572,7724,-475,181,-82,0
2039.2443549633028,7564,6864,11820,-204,-156,146,6844,-9540,10532,-16,143,-214,-12880,4844,6644,-1020,140,-130,-12832,-5568,7752,-469,190,-90,0
2039.2799351215365,7720,6856,11788,-203,-150,155,6844,-9428,10276,251,124,-216,-12980,4812,6856,-1001,122,-107,-13100,-5540,7772,-477,194,-80,0
2039.3151929378507,7788,6800,11748,-191,-130,137,6824,-9692,10564,247,101,-203,-12880,4808,6796,-772,100,-87,-13112,-5564,7928,-481,184,-98,0
2039.3510649204254,7624,6852,11624,-196,-151,150,6864,-9472,10552,-16,113,-216,-12960,4828,6784,-1007,122,-88,-13180,-5544,7728,-504,180,-94,0
2039.3846211433413,7876,6868,11976,-212,-199,147,6996,-9448,10436,22,159,-197,-12896,4772,6820,-1019,120,-153,-13188,-5732,7924,-479,157,-68,0
2039.4180150032043,7796,6768,11920,-190,-110,141,6812,-9388,10580,-37,120,-201,-12900,4828,7164,-969,78,-114,-13224,-5636,7768,-494,182,-108,0
2039.4516429901123,7628,6780,11912,-189,-130,164,6864,-9348,10240,16,118,-186,-12904,4844,6716,-1040,92,-79,-13016,-5564,7792,-500,188,-103,0
2039.4852669239044,7480,6856,11828,-204,-164,162,6852,-9320,10524,11,112,-198,-12836,4796,6924,-999,164,-77,-13156,-5700,7680,-462,140,-69,0
2039.5186040401456,7664,6808,11764,-178,-135,123,6960,-9496,10500,-45,122,-213,-13196,4712,6732,-968,137,-133,-13124,-5484,7644,-499,206,-85,0
2039.5520861148834,7684,6808,11580,-207,-179,151,6656,-9452,10340,2,107,-207,-12908,5052,6748,-1027,109,-135,-13176,-5464,7804,-481,184,-78,0
2039.5855851173403,7696,6816,11532,-133,-134,166,6884,-9400,10540,1,103,-179,-13060,4772,6684,-1038,123,-59,-13252,-5556,7788,-488,146,-105,0
2039.619037151337,7868,6812,11520,-188,-130,146,6824,-9396,10632,1,102,-181,-12872,4740,6848,-988,106,-38,-13060,-5604,7644,-472,122,-95,0
2039.6523821353912,7656,6824,11900,-208,-122,100,6844,-9704,10596,-23,113,-204,-12912,4788,6720,-992,117,-77,-13148,-5552,7784,-505,150,-79,0
2039.6860411167145,7640,6792,11828,-153,-102,123,6780,-9468,10592,-20,121,-173,-13032,4876,6800,-1031,100,-169,-13072,-5576,7784,-527,197,-77,0
2039.719686985016,7640,6824,11740,-125,-130,152,6908,-9348,10396,-15,93,-209,-12896,4788,6928,-1056,180,-122,-13072,-5484,7868,-509,185,-109,0
2039.7531869411469,7912,6792,11820,-164,-153,158,6932,-9444,10380,-28,108,-239,-12892,4740,6820,-1021,148,-112,-13184,-5484,7752,-473,197,-70,0
2039.7868850231173,7796,6704,11680,-154,-137,125,6884,-9460,10604,-66,87,-209,-12968,4732,6712,-973,122,-77,-13072,-5452,7688,-507,167,-129,0
2039.8200089931488,7440,6688,11640,-169,-77,119,6828,-9452,10508,-41,129,-177,-13000,4764,6700,-1271,104,-81,-13140,-5344,7804,-525,142,-147,0
2039.8536939620972,7664,6804,11576,-119,-46,112,6968,-9392,10520,-4,160,-167,-13212,4632,6792,-996,97,-62,-13216,-5600,7748,-482,109,-139,0
2039.887272119522,7796,6880,11740,-135,254,107,7016,-9392,10556,-26,167,-171,-12944,4732,6560,-1008,82,-52,-13132,-5520,7664,-461,136,-128,0
2039.9206550121307,7588,6788,11756,-139,-19,62,7144,-9412,10492,-44,175,-172,-13016,4780,6944,-1002,93,-24,-13124,-5564,7628,-506,126,-138,0
2039.954216003418,7660,6852,11824,-143,255,79,6900,-9688,10344,-63,156,-161,-13048,4748,6988,-964,94,-52,-13076,-5632,7488,-478,117,-162,0
2039.9877650737765,7664,6788,11828,-135,-19,93,6880,-9396,10748,-55,154,-185,-12888,4788,6712,-1022,68,-103,-13212,-5564,7760,-495,150,-142,0
2040.021186113357,7540,6884,11776,-130,-49,89,6796,-9432,10508,-52,180,-155,-12940,4632,6756,-1018,117,-103,-13144,-5500,7736,-501,132,-140,0
2040.0547850131989,7596,6804,11752,-105,-16,100,6772,-9456,10484,-30,133,-170,-12872,4740,7012,-1020,129,-77,-13132,-5544,7612,-505,134,-159,0
2040.0885729789734,7588,6896,11564,-135,-256,99,6872,-9220,10560,-49,156,-197,-12948,4760,7064,-996,128,-4,-13072,-5772,7948,-482,107,-136,0
2040.1218581199644,7472,6764,11688,-104,-5,99,6824,-9472,10744,-55,135,-142,-13032,4820,6880,-1012,93,-28,-13100,-5492,7700,-521,105,-97,0
2040.15527009964,7648,6804,11696,-146,-22,111,6840,-9500,10492,-40,139,-145,-12996,4612,6668,-1008,61,-71,-13152,-5524,7664,-489,113,-139,0
2040.1886570453644,7636,6912,11772,-115,-42,93,7136,-9424,10288,-41,136,-168,-12940,4700,6668,-1001,99,-76,-13164,-5404,7672,-493,89,-122,0
2040.2219700813293,7612,6856,11532,-114,-23,89,6920,-9496,10428,-77,158,-170,-13052,4796,6784,-1000,78,-54,-12872,-5544,7748,-484,133,-130,0
2040.2554590702057,7732,6852,11808,-164,-47,83,6916,-9516,10540,-68,144,-195,-13024,4852,6756,-975,95,-55,-13104,-5580,7724,-491,134,-139,0
2040.289125919342,7624,6792,11544,-164,-32,86,6788,-9520,10612,-49,163,-157,-13220,5008,6812,-985,89,-43,-13140,-5496,7732,-476,104,-132,0
2040.3221690654755,7428,6900,11604,-128,-5,86,6768,-9416,10360,-56,159,-159,-13016,4724,6816,-981,99,-39,-13172,-5592,7780,-483,89,-159,0
2040.3584270477295,7596,6796,11996,-144,-7,84,6880,-9488,10648,-54,141,-175,-12956,4812,6784,-1000,89,-48,-13168,-5488,7696,-462,106,-127,0
2040.3938350677493,7580,6832,11848,-122,-36,78,6880,-9500,10432,-13,140,-170,-13044,4836,6848,-773,112,-86,-13132,-5420,7808,-502,137,-156,0
2040.4299070835114,7552,6880,11692,-135,-21,90,6856,-9508,10380,-21,148,-173,-12976,5064,7136,-1004,93,-82,-12828,-5520,7764,-486,129,-161,0
2040.464877128601,7572,6860,11728,-145,-7,112,6844,-9436,10684,-67,139,-202,-12972,4852,6860,-1029,138,-64,-13080,-5612,7712,-507,154,-127,0
2040.5007050037384,7664,6944,11872,-151,-55,103,6800,-9388,10496,-55,153,-196,-12988,4832,6888,-991,123,-60,-13088,-5568,7736,-502,116,-124,0
2040.5361299514773,7640,6868,11852,-159,-32,107,6804,-9700,10524,-37,124,-178,-13016,4776,6868,-995,98,-104,-13236,-5672,7744,-502,125,-126,0
2040.5718550682068,7896,6860,11680,-132,-37,101,6872,-9280,10444,-45,146,-154,-12976,4804,7072,-1009,105,-73,-13132,-5556,7780,-485,131,-141,0
2040.6082279682164,7436,6836,11828,-139,-51,113,6880,-9480,10368,-66,150,-177,-12964,4808,6720,-1002,100,-63,-13152,-5604,7812,-488,116,-108,0
2040.6434280872345,7660,6824,11832,-152,-53,72,6676,-9464,10472,-48,142,-196,-12908,4788,6768,-996,81,-67,-13088,-5656,7684,-478,119,-145,0
2040.6797289848328,7652,6840,11772,-163,-41,104,6828,-9244,10244,-38,131,-183,-12952,4648,7124,-977,71,-65,-13136,-5460,7668,-504,149,-155,0
2040.714641094208,7536,6892,11820,-126,-38,92,6848,-9452,10484,-42,133,-156,-13004,5076,6888,-1044,81,-68,-13172,-5572,7788,-486,147,-132,0
2040.7503061294556,7660,6876,11776,-113,-31,92,6864,-9480,10372,-31,141,-164,-12996,4808,6948,-985,95,-62,-13060,-5660,7672,-488,153,-121,0
2040.78551697731,7560,6692,11556,-132,-35,89,6804,-9448,10644,-68,149,-197,-12920,4764,6824,-1022,127,-48,-13196,-5604,7732,-505,137,-126,0
2040.8216109275816,7584,6864,11824,-141,-36,116,6868,-9492,10636,-47,141,-151,-12868,4808,6980,-1011,106,-82,-13180,-5504,7712,-489,99,-145,0
2040.8580460548403,7620,6840,11972,-159,-67,114,6808,-9480,10624,-33,149,-140,-12948,4796,6752,-1038,84,-42,-13036,-5536,7812,-518,135,-161,0
2040.8933451175692,7512,6860,11932,-161,-53,132,6876,-9376,10540,-5,149,-161,-12844,4800,6816,-1004,92,-31,-13148,-5644,7892,-479,112,-142,0
2040.9296860694883,7600,6928,11908,-137,-32,73,7144,-9724,10416,-49,145,-161,-13072,4828,7028,-1010,88,-112,-13180,-5656,7780,-475,123,-126,0
2040.964558124542,7520,6860,11852,-185,-51,58,6888,-9220,10516,-49,146,-184,-12880,4864,6844,-968,71,-129,-13132,-5508,7804,-508,132,-140,0
2041.0008330345154,7688,6896,12004,-149,-37,84,7060,-9512,10348,-7,130,-182,-12828,4824,6724,-968,35,-60,-13120,-5404,7828,-451,129,-117,0
2041.034399986267,7468,6880,11740,-145,0,99,6760,-9656,10588,-29,159,-182,-12932,4796,6860,-1000,103,-26,-13060,-5564,7836,-459,102,-150,0
2041.067894935608,7624,6936,11716,-175,-20,81,6740,-9472,10700,-55,149,-182,-12808,4920,6936,-987,92,-44,-13156,-5544,7860,-473,106,-126,0
2041.1013410091405,7612,6948,11588,-161,-60,106,6808,-9496,10392,-30,144,-159,-12884,4924,6936,-983,87,-105,-13084,-5572,7804,-496,142,-110,0
2041.1346650123596,7480,6872,11992,-171,-15,109,6812,-9316,10568,-6,157,-176,-12552,4764,6840,-1021,101,-103,-13080,-5612,7752,-509,162,-126,0
2041.1681830883028,7504,6848,11992,-165,-40,101,6800,-9424,10432,4,121,-193,-12916,4716,7128,-1032,136,-83,-13120,-5548,8124,-493,160,-125,0
2041.2016990184784,7520,7068,11968,-168,-105,134,6820,-9440,10364,-9,145,-209,-12944,4772,6900,-1012,120,-70,-13288,-5600,7924,-493,170,-88,0
2041.23531293869,7544,6912,11836,-179,-34,124,6848,-9528,10356,-40,130,-187,-12988,4828,6792,-1007,120,-74,-13052,-5576,7672,-503,160,-76,0
2041.2689330577853,7508,7096,11732,-172,-89,131,6916,-9524,10668,-18,144,-175,-12932,4800,6856,-1002,105,-109,-13132,-5652,7788,-505,176,-104,0
2041.3023319244385,7536,6856,11876,-186,-89,151,6880,-9492,10504,-7,141,-192,-12860,4828,6668,-769,106,-72,-13104,-5616,7816,-461,165,-74,0
2041.3357610702515,7520,7128,11768,-192,-114,133,6844,-9480,10476,-39,148,-228,-12828,4760,6880,-1012,133,-85,-13068,-5564,7804,-481,180,-100,0
2041.3693089485168,7500,6984,11932,-229,-139,125,6796,-9484,10524,-38,151,-222,-12868,4780,6932,-974,131,-96,-13088,-5596,7812,-455,205,-109,0
2041.4026949405668,7564,6760,12076,-219,-130,132,6884,-9704,10444,-6,112,-199,-12932,4796,6848,-973,119,-125,-13140,-5508,7840,-482,181,-94,0
2041.4365510940552,7556,6808,11800,-203,-137,138,6752,-9524,10480,-12,138,-191,-12928,4840,6916,-1008,110,-127,-13072,-5576,7804,-494,168,-92,0
2041.4700810909271,7616,6872,11788,-198,-112,136,6824,-9428,10504,-12,113,-225,-12900,4772,6892,-1015,125,-130,-13080,-5556,7724,-485,175,-74,0
2041.5035710334776,7492,6884,11764,-184,-110,155,6800,-9480,10484,-31,107,-227,-12896,4628,6752,-1014,130,-108,-13300,-5632,7932,-510,195,-88,0
2041.5372440814972,7520,6896,11772,-195,-146,163,6824,-9360,10432,-20,113,-217,-13016,4808,6476,-981,134,-86,-13068,-5548,7808,-505,209,-76,0
2041.5707781314852,7552,6776,11592,-216,-142,160,7108,-9504,10624,-25,108,-206,-12860,4664,6948,-1014,123,-88,-13236,-5552,7720,-463,175,-74,0
2041.6043231487274,7932,6672,11788,-187,-118,141,6660,-9360,10580,-29,109,-177,-12928,4764,6920,-983,119,-89,-13216,-5548,7804,-500,161,-99,0
2041.637710094452,7628,6856,11524,-222,-136,133,6892,-9500,10392,-10,147,-173,-12992,4788,7080,-1041,77,-118,-13060,-5520,7712,-494,146,-94,0
2041.6713299751284,7636,6828,11872,-222,-119,164,6900,-9336,10536,46,141,-200,-13028,4744,6728,-1013,94,-77,-13156,-5628,7692,-447,159,-96,0
2041.7048559188843,7928,6900,11992,-180,-108,114,6932,-9448,10288,-37,155,-177,-12956,4768,7128,-993,110,-68,-13236,-5560,7740,-490,212,-102,0
2041.7384569644928,7496,6836,11940,-219,-161,126,6844,-9448,10400,-6,135,-211,-13036,4868,6896,-1000,97,-139,-13132,-5500,7776,-479,213,-96,0
2041.7719581127167,7704,6836,11756,-177,-155,159,6856,-9504,10432,-255,141,-178,-12984,4776,6876,-1049,127,-107,-13144,-5584,7816,-458,170,-87,0
2041.8055100440977,7872,6900,11736,-186,-134,137,6804,-9444,10396,-16,116,-169,-12968,4824,6944,-1042,131,-79,-13212,-5552,7820,-446,129,-96,0
2041.8392219543455,7596,6940,11728,-232,-116,162,6888,-9404,10436,-21,113,-201,-12904,4796,6928,-1006,101,-101,-13116,-5508,7724,-487,144,-90,0
2041.8728370666504,7488,6780,11920,-190,-130,136,6880,-9316,10504,-38,139,-194,-13008,4820,6884,-1009,123,-60,-13264,-5544,7676,-515,143,-95,0
2041.9061250686643,7648,6820,11692,-156,-131,111,7080,-9724,10712,12,100,-210,-12904,4828,7044,-1065,149,-108,-13012,-5532,7788,-758,211,-96,0
2041.939811944961,7576,6744,11760,-168,-136,129,6836,-9428,10400,4,98,-238,-12868,4736,7072,-1046,161,-183,-13096,-5556,7428,-492,188,-81,0
2041.9733691215515,7576,6864,11712,-184,-171,140,6968,-9452,10436,-12,117,-239,-13040,4772,6756,-992,142,-138,-13096,-5528,7932,-483,201,-110,0
2042.0068221092224,7620,6820,11812,-207,-142,129,6904,-9564,10568,-15,108,-242,-13000,4772,7104,-1006,138,-69,-13112,-5472,7728,-501,162,-95,0
2042.0433559417725,7912,6860,11816,-191,-148,151,6868,-9528,10612,13,109,-198,-13240,4764,6848,-1020,79,-116,-13172,-5516,7624,-494,187,-119,0
2042.0786781311035,7656,6836,11668,-166,-95,135,6892,-9400,10640,-30,162,-184,-12980,4816,6920,-1009,104,-100,-13024,-5460,7604,-475,152,-93,0
2042.114200115204,7708,6900,11892,-195,-119,142,6892,-9380,10440,-20,104,-189,-12916,4788,6652,-992,107,-119,-13156,-5528,7732,-463,130,-104,0
2042.1496269702911,7648,6728,11708,-189,-140,101,6840,-9492,10604,-31,118,-170,-12928,4796,6748,-1025,72,-78,-13120,-5532,7756,-498,145,-134,0
2042.1848499774933,7528,6864,11752,-173,-128,143,6848,-9424,10688,5,136,-194,-12872,4824,6980,-981,130,-96,-13064,-5392,7536,-481,160,-57,0
2042.2208330631252,7560,7016,11572,-137,-53,122,6864,-9448,10664,-64,129,-203,-12928,4720,6872,-964,115,-70,-13068,-5584,7680,-504,143,-112,0
2042.2560689449308,7832,6908,11732,-146,-131,120,6676,-9268,10476,-68,135,-189,-13056,4720,6832,-994,74,-37,-13076,-5496,7844,-471,170,-140,0
2042.2918059825895,7704,6664,11752,-157,-67,112,6936,-9456,10496,-15,138,-176,-12928,4788,6472,-1017,125,-47,-13152,-5648,7640,-473,84,-132,0
2042.3277220726013,7632,6916,11672,-178,26,85,6872,-9384,10264,-46,141,-146,-12980,4728,6740,-1008,129,-4,-13056,-5520,7600,-453,73,-113,0
2042.362920045853,7616,6876,12028,-163,16,122,6892,-9388,10572,-42,161,-122,-12924,4736,6736,-771,70,-45,-13172,-5492,7728,-510,118,-117,0
2042.3987600803373,7692,6824,11888,-150,-49,79,6792,-9480,10612,-42,166,-164,-12864,4756,6796,-1018,79,-31,-13164,-5492,7724,-514,143,-149,0
2042.4343330860136,7572,6780,11756,-138,-37,76,6932,-9500,10412,-28,156,-174,-12904,4728,6800,-1011,84,-92,-13084,-5564,7760,-480,150,-135,0
2042.4701600074768,7532,6816,11800,-127,-46,71,6896,-9452,10368,-22,143,-201,-12908,4852,6964,-996,110,-122,-13104,-5508,7768,-462,167,-124,0
2042.5056200027468,7672,6856,11856,-158,-53,78,6832,-9504,10440,-53,135,-211,-12896,4736,6700,-1004,76,-56,-13172,-5468,7784,-461,156,-133,0
2042.5412499904633,7604,6812,11884,-171,-50,93,6812,-9516,10424,-42,150,-170,-13060,4868,6900,-977,98,-104,-13132,-5588,7824,-475,117,-135,0
2042.580006122589,7632,6792,11816,-145,-52,97,6680,-9512,10568,-55,160,-170,-13000,4752,6828,-1008,83,-71,-13088,-5564,7604,-489,150,-117,0
2042.6157209873204,7692,6944,11576,-146,-56,98,6824,-9428,10500,-54,142,-177,-12952,4848,7032,-1013,90,-39,-13120,-5548,7788,-530,110,-111,0
2042.651386022568,7612,6824,11832,-144,-60,103,6876,-9268,10704,-49,149,-169,-12928,4784,6872,-968,88,-109,-13140,-5620,7888,-516,116,-145,0
2042.6882491111755,7584,6876,11576,-138,-53,113,6792,-9528,10532,-45,153,-169,-13016,4716,6880,-1273,100,-49,-13164,-5564,7636,-257,121,-140,0
2042.7217719554899,7640,6756,11700,-150,-47,111,6828,-9280,10540,-4,143,-158,-12940,4660,7020,-1000,104,-67,-13200,-5568,7664,-492,138,-146,0
2042.7553980350494,7488,6848,11992,-139,-28,95,6844,-9432,10608,-27,140,-202,-12972,4696,6668,-1019,114,-77,-13068,-5496,7788,-476,167,-129,0
2042.7889609336853,7708,6792,11820,-150,-39,97,6948,-9452,10496,-27,140,-183,-12944,5092,6732,-1013,102,-81,-13124,-5572,7752,-468,132,-120,0
2042.822422027588,7520,6824,11916,-141,-47,92,6736,-9428,10520,-50,144,-202,-13068,4788,6800,-1005,81,-58,-13128,-5496,7720,-466,114,-123,0
2042.8560190200803,7544,6792,11824,-124,-15,101,6792,-9392,10460,-50,155,-149,-12968,4840,6944,-987,80,-53,-13116,-5624,7748,-765,83,-105,0
2042.889235019684,7624,6804,11904,-102,-9,97,6808,-9384,10440,-32,141,-154,-13004,4792,6828,-1020,130,-30,-13116,-5540,7864,-474,117,-117,0
2042.922650098801,7580,7096,11592,-131,-7,109,6924,-9468,10528,-40,140,-179,-12828,4828,6696,-996,118,-51,-13064,-5624,7856,-498,115,-135,0
2042.9564189910889,7648,6856,11708,-118,-37,106,6832,-9484,10544,-38,134,-145,-12860,4784,6680,-771,78,-97,-13104,-5576,7864,-470,115,-132,0
2042.9899840354924,7680,6972,11792,-141,-76,78,6672,-9484,10552,-39,152,-190,-12960,4884,6760,-1005,128,-83,-13112,-5600,7856,-469,149,-150,0
2043.0235800743103,7544,6776,11844,-114,-56,91,6660,-9452,10256,-45,135,-192,-12856,4772,6792,-1004,90,-54,-13156,-5548,7708,-483,116,-121,0
2043.0571510791776,7704,6924,11872,-100,-31,83,6704,-9224,10624,-18,153,-165,-12816,4784,6788,-1012,110,-55,-13148,-5520,7652,-483,141,-133,0
2043.0906789302828,7552,6764,11648,-109,-76,76,6768,-9432,10536,-17,156,-190,-12956,4628,6972,-1037,108,-86,-13148,-5516,7748,-473,146,-125,0
2043.1242389678955,7624,6868,11840,-137,-15,92,6676,-9448,10552,-46,154,-152,-13000,4788,6840,-1008,121,-90,-13128,-5528,7660,-473,98,-104,0
2043.1575560569763,7576,6812,11740,-137,-37,72,6920,-9560,10244,-48,178,-167,-12952,4832,7060,-1013,22,-36,-13144,-5524,7688,-527,117,-123,0
2043.1910691261292,7524,6900,11868,-174,-30,122,7144,-9220,10296,-10,103,-135,-12800,4800,6828,-1038,90,-30,-13312,-5860,7876,-449,114,-111,0
2043.2247710227964,7636,6664,11720,-116,16,101,6776,-9464,10492,-25,154,-164,-13060,4796,6660,-1013,82,-59,-13084,-5652,7752,-476,121,-120,0
2043.2582869529724,7584,6804,11804,-134,-58,95,6880,-9492,10264,-42,145,-171,-12912,4620,6752,-991,112,-59,-13120,-5416,7768,-486,145,-128,0
2043.2918310165403,7636,6844,11756,-143,-22,112,7136,-9392,10464,-14,149,-156,-12948,5028,6876,-1045,85,-81,-13148,-5500,7768,-441,125,-142,0
2043.32542514801,7584,6796,11664,-112,-23,85,6784,-9428,10560,-25,116,-143,-12964,4620,6888,-979,51,-7,-13176,-5596,7888,-480,101,-149,0
2043.3589830398564,7524,6876,11868,-151,-9,78,6768,-9280,10404,-52,146,-162,-12848,4892,6916,-942,90,-19,-12856,-5548,7912,-457,84,-137,0
2043.3922889232635,7460,6840,11548,-166,-33,94,6852,-9520,10468,-86,159,-163,-12956,4832,6972,-952,76,-86,-13088,-5512,7692,-483,137,-114,0
2043.4258790016174,7612,6840,11780,-130,-13,111,6832,-9684,10600,-9,132,-165,-13028,4800,6924,-1280,110,-100,-12976,-5580,7744,-492,159,-125,0
2043.4594061374664,7596,6904,11716,-161,-83,113,6776,-9568,10460,9,113,-177,-12824,4792,6848,-1024,132,-87,-13008,-5508,7764,-472,196,-115,0
2043.4930069446564,7572,6896,11904,-158,-102,111,6720,-9412,10392,-7,97,-189,-12964,5116,7164,-993,116,-78,-13140,-5560,7720,-500,188,-124,0
2043.5266261100767,7648,6900,11588,-170,-50,106,6800,-9360,10496,-28,143,-185,-12920,5100,7148,-990,93,-76,-13096,-5592,7760,-491,139,-105,0
2043.5603010654452,7512,6672,11852,-154,-46,113,6812,-9560,10540,-23,161,-192,-12968,5036,6676,-1006,82,-69,-13076,-5620,7680,-497,127,-112,0
2043.5937740802765,7480,6964,12004,-168,-59,125,6760,-9508,10276,-256,125,-179,-12940,4752,7060,-1006,95,-96,-13096,-5668,7792,-487,158,-130,0
2043.6274111270905,7564,6820,11780,-173,-111,128,6908,-9436,10488,-34,119,-212,-12960,4848,7008,-985,120,-96,-12828,-5616,7780,-488,148,-96,0
2043.6606199741364,7648,6936,11984,-194,-108,133,6904,-9420,10264,-26,125,-210,-12900,4812,6820,-1002,107,-141,-13152,-5568,7836,-461,198,-104,0
2043.7143380641935,7660,6812,11588,-185,-142,141,6868,-9468,10472,-252,154,-193,-12896,4724,6812,-981,128,-101,-13016,-5480,7688,-481,193,-105,0
2043.7615339756012,7556,6776,11884,-220,-155,134,6872,-9452,10416,-16,143,-229,-13036,4940,6904,-1014,106,-106,-13108,-5568,7844,-493,181,-78,0
2043.797909021377,7564,6844,11560,-166,-143,150,6788,-9460,10480,-14,122,-211,-13008,4804,6864,-1009,158,-96,-13164,-5816,7816,-481,191,-97,0
2043.8333649635315,7620,6852,11796,-179,-131,144,6824,-9696,10396,-10,123,-208,-13024,4812,6912,-992,152,-100,-13100,-5544,7892,-492,179,-67,0
2043.8691530227659,7592,6912,11732,-192,-123,158,7160,-9252,10592,-28,97,-192,-12932,4796,7136,-997,138,-86,-13144,-5596,7528,-499,186,-51,0
2043.9041290283203,7696,6824,12016,-223,-150,150,6744,-9248,10512,-19,123,-182,-12932,4824,6908,-1280,98,-104,-13276,-5496,7756,-490,177,-113,0
2043.9401459693909,7612,6904,11768,-227,-176,133,6864,-9336,10484,50,106,-170,-12864,4740,6720,-1020,126,-108,-13272,-5524,7780,-457,137,-109,0
2043.975674152374,7612,6812,11860,-175,-105,131,6764,-9448,10568,-12,124,-223,-12968,4828,6892,-1003,79,-114,-13044,-5456,7492,-483,192,-99,0
2044.01100897789,7632,6904,11868,-217,-157,135,6664,-9420,10668,-1,142,-204,-12904,4832,6776,-1029,92,-126,-13116,-5548,7708,-481,201,-78,0
2044.0462250709534,7600,6704,11728,-182,-157,150,6932,-9360,10516,5,127,-161,-13012,4784,6844,-1023,100,-72,-13128,-5572,7820,-459,141,-97,0
2044.082272052765,7708,6852,11928,-189,-122,167,6776,-9428,10480,-20,128,-186,-12932,4716,7128,-978,105,-112,-13068,-5528,7496,-466,133,-125,0
2044.1182539463043,7628,6904,11788,-205,-129,141,6892,-9540,10456,-7,116,-197,-12980,4860,6912,-1016,99,-75,-13084,-5516,7700,-471,166,-70,0
2044.1533379554749,7620,6804,11800,-169,-115,129,6912,-9336,10412,-23,99,-205,-12948,4728,6828,-1037,129,-160,-13124,-5452,7732,-765,215,-97,0
2044.188637018204,7880,6752,11852,-171,-160,146,6896,-9244,10548,5,97,-220,-12840,4908,6852,-769,149,-115,-13084,-5436,7808,-498,200,-88,0
2044.2239310741425,7512,6672,11968,-170,-145,164,6844,-9452,10468,-9,93,-231,-13024,4836,6780,-771,134,-146,-13228,-5512,7904,-483,178,-85,0
2044.2599070072174,7740,6740,11824,-190,-178,140,7152,-9440,10664,-31,107,-218,-12968,4788,6776,-988,154,-112,-13248,-5504,7768,-516,137,-98,0
2044.2957401275635,7756,6716,11700,-183,-138,149,6892,-9600,10428,-26,115,-221,-12960,4748,6864,-992,94,-87,-13064,-5692,7712,-499,164,-97,0
2044.3314480781555,7744,6804,11788,-175,-131,132,6880,-9520,10340,19,117,-185,-13000,4780,6824,-1014,101,-109,-13208,-5552,7748,-485,170,-101,0
2044.368314027786,7696,6916,11764,-175,-150,131,6980,-9348,10436,-29,120,-188,-12976,4760,7012,-1007,103,-75,-13112,-5536,7804,-472,164,-98,0
2044.4011349678044,7848,6744,11672,-181,-163,125,6832,-9376,10400,-26,111,-203,-12900,4808,6836,-1017,110,-99,-13148,-5572,7740,-491,182,-90,0
2044.4346890449524,7748,6780,11748,-164,-117,121,6932,-9284,10644,-10,152,-185,-12884,4724,6840,-998,110,-122,-12804,-5628,7500,-499,166,-90,0
2044.4682891368868,7688,6740,11880,-119,-92,110,6808,-9464,10336,-23,144,-188,-12880,4752,6856,-770,89,-72,-13092,-5552,7700,-502,148,-120,0
2044.5017571449284,7524,6792,11708,-124,-87,108,6952,-9336,10444,-22,125,-195,-12852,4828,6708,-999,115,-61,-13084,-5576,7760,-499,128,-113,0
2044.5349431037903,7708,6868,11608,-162,-75,111,6832,-9236,10696,-43,132,-180,-12848,4688,6756,-988,120,-46,-13084,-5584,7696,-476,150,-125,0
2044.568575143814,7692,6796,11940,-166,-16,86,6684,-9372,10432,-58,177,-176,-12940,4764,6836,-993,106,-73,-13144,-5464,7728,-503,136,-131,0
2044.6018090248108,7736,6796,12012,-159,-66,99,6936,-9276,10500,-61,152,-158,-12948,4792,6796,-1029,66,231,-13152,-5520,7740,-510,123,-153,0
2044.6351120471954,7720,6772,11956,-176,-22,118,7160,-9432,10288,-256,178,-164,-12968,4788,6904,-770,86,-59,-13092,-5640,7692,-485,115,-122,0
2044.6685700416565,7428,7160,11752,-134,1,94,6780,-9400,10508,-53,146,-154,-12952,4776,6872,-1008,94,-47,-13200,-5624,7764,-471,130,-122,0
2044.7019920349123,7588,6796,11900,-124,-18,69,6676,-9480,10440,-55,150,-181,-12948,4844,6844,-977,77,-90,-13148,-5596,7756,-754,148,-128,0
2044.7352969646454,7740,6840,11780,-146,-29,66,6852,-9412,10356,-45,162,-158,-12996,4756,6800,-1003,93,-26,-13068,-5568,7780,-473,66,-160,0
2044.7690460681915,7684,6836,11960,-106,10,109,6876,-9420,10272,-37,167,-139,-12968,4788,6836,-989,94,-9,-13308,-5828,7688,-486,101,-136,0
2044.8023190498352,7688,6836,11920,-144,-42,87,6668,-9224,10592,-44,159,-179,-13032,4816,6908,-975,84,-91,-13124,-5632,7696,-487,115,-129,0
2044.8357050418854,7488,6772,11756,-158,-27,100,6852,-9708,10312,-87,135,-156,-12948,4840,6740,-1004,104,-67,-13104,-5608,7728,-523,100,-149,0
2044.8692770004272,7528,6696,11716,-85,-17,96,6852,-9372,10568,-65,159,-171,-13004,4892,6856,-1017,81,-44,-13188,-5496,7684,-512,139,-171,0
2044.9023349285123,7608,6828,11540,-139,-48,104,6848,-9408,10484,-40,136,-189,-12960,4788,6848,-1037,125,-62,-13016,-5552,7716,-494,128,-130,0
2044.9358649253843,7648,6744,11632,-108,-37,72,6984,-9368,10524,-27,116,-195,-12852,4808,6896,-1010,124,-94,-13144,-5512,7864,-485,156,-134,0
2044.9692199230194,7856,7120,11832,-148,-98,102,6824,-9428,10456,-47,162,-178,-13008,4848,6808,-1012,77,-74,-13268,-5504,7696,-474,138,-140,0
2045.0025711059573,7604,6792,11952,-154,-43,87,6876,-9716,10632,-34,153,-164,-12956,4820,7112,-979,96,-24,-13044,-5572,7680,-496,129,-142,0
2045.0360810756683,7656,6932,11700,-138,-14,97,6836,-9384,10248,-39,144,-172,-12908,4808,6704,-974,53,-52,-13248,-5412,7700,-503,136,-133,0
2045.069754123688,7680,6864,11856,-139,-38,109,6868,-9440,10508,-32,142,-178,-12908,4732,7140,-1002,67,-36,-13064,-5628,7748,-468,116,-129,0
2045.1032910346985,7500,6916,11804,-154,-75,87,6868,-9448,10512,-44,139,-187,-12920,4784,6820,-1016,83,-95,-13184,-5388,7924,-465,155,-141,0
2045.136739969253,7592,6900,11868,-153,-70,63,6484,-9384,10428,-29,175,-180,-12964,4864,7028,-990,80,-85,-13056,-5496,7652,-471,120,-140,0
2045.1700201034548,7424,6900,11696,-161,-32,90,6792,-9500,10448,-33,163,-176,-12964,4876,6820,-1016,92,-16,-13060,-5592,7928,-465,121,-147,0
2045.203577041626,7452,6868,11584,-130,-36,88,7028,-9444,10544,-47,93,-145,-12924,4844,7040,-985,78,-20,-13144,-5572,7864,-508,107,-139,0
2045.2372610569005,7588,6836,11724,-140,-80,91,6860,-9528,10576,-10,155,-175,-12928,4776,7060,-770,112,-100,-13196,-5652,7888,-503,140,-154,0
2045.270776987076,7564,6884,11840,-155,-43,85,6724,-9432,10744,-40,163,-179,-12992,4816,7024,-927,81,-110,-13304,-5656,7812,-490,111,-128,0
2045.3042111396787,7644,6920,11788,-144,-68,100,6936,-9484,10480,-32,100,-169,-12992,4820,6920,-1001,92,-32,-13160,-5524,7796,-766,112,-112,0
2045.3376650810244,7772,6764,11816,-155,-63,111,6796,-9500,10476,-41,139,-154,-13220,4724,6696,-1011,79,-9,-13132,-5560,7768,-493,156,-110,0
2045.3708641529083,7604,6908,11800,-156,-45,119,6788,-9472,10512,-4,153,-162,-12928,4724,7032,-979,92,-40,-13132,-5624,7516,-502,120,-132,0
2045.408275127411,7884,7156,11836,-141,-78,89,6788,-9708,10592,-33,128,-167,-12924,4836,6888,-1001,42,-98,-13096,-5496,7740,-503,157,-132,0
2045.443687915802,7664,6756,11800,-183,-53,94,6836,-9428,10512,-11,124,-194,-12972,4788,7028,-1017,84,-57,-13164,-5476,7732,-477,131,-148,0
2045.4791829586027,7612,6948,11636,-141,-54,98,6916,-9472,10400,-44,147,-150,-12876,4812,6736,-1017,98,-44,-13136,-5604,7760,-464,126,-107,0
2045.5139999389648,7624,6868,11684,-162,-36,106,6796,-9476,10576,-31,126,-165,-12884,4836,6756,-969,81,-89,-12908,-5516,7456,-487,115,-126,0
2045.5494589805603,7520,6920,11564,-184,-46,108,6884,-9552,10692,-68,127,-191,-13024,4776,6888,-992,89,-71,-13136,-5588,7736,-462,142,-135,0
2045.5850350856779,7652,6912,11940,-147,-52,122,6764,-9492,10536,-16,124,-169,-12896,4796,6956,-1275,107,-59,-13068,-5584,7780,-502,139,-109,0
2045.6204290390015,7500,6880,11836,-131,-58,117,6868,-9388,10488,-8,133,-193,-12924,4796,6688,-994,34,-61,-13124,-5528,7872,-496,163,-97,0
2045.6556510925293,7524,6816,11708,-115,-71,107,6800,-9644,10428,-20,119,-187,-12900,4780,6868,-1009,140,-80,-12908,-5488,7736,-742,144,-113,0
2045.6912231445312,7668,6904,11572,-180,-99,106,6788,-9404,10484,-55,145,-186,-13008,4788,6876,-1016,137,-90,-13220,-5636,7836,-501,111,-132,0
2045.7270951271055,7584,6872,11800,-153,-56,96,6820,-9240,10468,-25,141,-206,-12940,4844,6904,-1001,99,-59,-13200,-5500,7772,-491,160,-137,0
2045.7618520259855,7500,6860,11760,-184,-107,121,6772,-9448,10592,-35,146,-193,-12980,4776,6812,-1003,86,-51,-13096,-5592,7896,-480,137,-127,0
2045.7976980209353,7440,6904,11976,-144,-81,110,6904,-9468,10452,-47,144,-171,-12964,4780,6672,-1014,56,-64,-13096,-5488,7820,-466,109,-110,0
2045.8326671123505,7516,6848,11952,-146,-60,88,6876,-9480,10392,-54,139,-187,-12972,4800,6904,-997,70,-94,-13028,-5588,7596,-455,142,-152,0
2045.8681309223173,7508,6896,11904,-154,-49,121,6808,-9432,10536,-40,134,-178,-12920,4712,6816,-1026,96,-84,-13048,-5512,7796,-467,136,-130,0
2045.9027960300443,7692,6864,11940,-130,-69,68,6728,-9248,10744,-13,132,-202,-12920,4840,6828,-1034,119,-70,-13092,-5572,7792,-449,138,-121,0
2045.9385440349577,7644,6932,11844,-134,-79,132,6792,-9420,10520,-27,128,-198,-12984,4756,6872,-1011,133,-98,-13140,-5556,7864,-465,171,-79,0
2045.9738869667053,7432,7096,11720,-182,-70,134,6856,-9468,10620,-19,148,-201,-12948,4832,6920,-1025,153,-86,-13100,-5648,7832,-481,167,-94,0
2046.0087909698484,7540,6880,11820,-171,-116,152,6796,-9384,10604,-14,111,-179,-12836,4780,6952,-1034,135,-144,-13128,-5576,7920,-471,156,-89,0
2046.0454931259155,7544,6820,11796,-154,-105,186,6820,-9456,10536,-33,78,-199,-12968,4740,6760,-999,113,-112,-13140,-5592,7724,-473,187,-103,0
2046.0791721343994,7540,6920,11844,-181,-107,130,6868,-9568,10492,-18,160,-197,-13208,4820,6656,-1026,116,-71,-13040,-5592,7808,-759,186,-111,0
2046.1127569675443,7600,6784,12008,-201,-138,123,7088,-9656,10372,-28,122,-210,-12916,4788,6780,-1008,124,-89,-13028,-5552,7716,-502,180,-101,0
2046.1461379528043,7624,6828,11528,-199,-125,138,6880,-9492,10508,-21,136,-213,-12900,4784,6920,-1039,128,-140,-13056,-5504,7704,-494,166,-106,0
2046.1797630786891,7576,6660,11844,-197,-125,123,6816,-9472,10468,-26,121,-220,-12948,4732,6888,-1023,155,-141,-13020,-5384,7840,-457,169,-75,0
2046.213359117508,7624,6920,11832,-199,-132,148,6832,-9700,10528,-53,136,-180,-12888,4768,6700,-998,148,-87,-13192,-5516,7620,-473,146,-84,0
2046.246796131134,7660,6908,11812,-206,-131,143,6868,-9672,10532,-34,115,-174,-12936,4692,6740,-771,106,-66,-13100,-5592,7708,-499,171,-107,0
2046.2803931236267,7604,6724,11760,-228,-148,140,6808,-9468,10256,251,126,-204,-12984,4820,6732,-1280,115,-129,-13120,-5556,7864,-472,173,-102,0
2046.3138251304629,7460,6868,11672,-165,-92,141,6844,-9416,10540,-23,128,-197,-13048,4844,6996,-1023,119,-102,-13104,-5624,7784,-481,171,-120,0
2046.3475220203404,7608,6792,11644,-191,-146,131,6892,-9456,10516,-31,146,-206,-12964,4796,6728,-973,133,-108,-13064,-5480,7820,-470,207,-97,0
2046.3809809684753,7588,6764,11812,-221,-146,141,6864,-9380,10288,-252,88,-192,-13032,4632,6824,-994,89,-60,-12908,-5480,7744,-458,175,-82,0
2046.4142839908604,7668,6868,11788,-179,-103,114,6952,-9440,10584,-13,163,-166,-12984,4808,6996,-965,109,-106,-13116,-5548,7648,-445,154,-88,0
2046.4477801322935,7564,6868,11948,-1,-133,166,6836,-9432,10536,-42,112,-189,-12888,4864,6872,-937,117,-110,-13040,-5568,7748,-448,176,-100,0
2046.4813270568848,7620,6880,11692,-212,-148,129,6752,-9728,10676,-35,115,-185,-13012,4776,7044,-918,80,-139,-13168,-5620,7892,-532,206,-71,0
2046.5148861408234,7532,6852,11792,-192,-125,144,6796,-9404,10604,-8,126,-182,-12960,4868,6948,-965,81,-99,-13136,-5484,7708,-504,220,-69,0
2046.5484540462494,7724,6948,11528,-194,-185,145,6912,-9468,10508,23,88,-252,-12652,4752,6800,-987,122,-122,-13156,-5508,7740,-514,259,-103,0
2046.5818419456484,7588,6756,11732,-184,-138,150,6844,-9688,10676,-37,94,-213,-12852,4796,6832,-944,75,-140,-13148,-5600,7796,-492,209,-108,0
2046.6150369644163,7544,6776,11748,-211,-189,156,6960,-9512,10468,3,103,-201,-12960,4828,6932,-964,104,-115,-13268,-5496,7916,-486,208,-83,0
2046.64816904068,7796,6832,12000,-207,-110,162,6888,-9720,10576,-21,134,-201,-13048,4836,7152,-976,65,-70,-13080,-5668,7676,-257,161,-92,0
2046.6817879676817,7592,6740,11880,-223,-98,106,6892,-9452,10340,22,145,-182,-13020,4748,6848,-1006,73,-85,-13148,-5504,7808,-507,203,-105,0
2046.7153959274292,7700,6780,11684,-207,-117,169,6892,-9496,10652,12,115,-191,-12932,4764,6696,-993,84,-91,-13128,-5588,7848,-479,190,-95,0
2046.7489709854124,7680,6800,11776,-232,-127,145,6848,-9436,10484,-20,131,-234,-12868,4772,6852,-1005,120,-130,-13136,-5572,7480,-492,177,-93,0
2046.7825081348417,7732,6888,11624,-182,-131,127,6876,-9472,10512,7,122,-211,-12848,4648,6744,-1008,119,-95,-13060,-5524,7644,-510,201,-144,0
2046.816174983978,7696,6776,11852,-179,-132,128,6860,-9432,10556,253,119,-208,-12920,4784,6756,-1031,122,-108,-13148,-5508,7668,-473,186,-123,0
2046.8495259284973,7668,6712,11796,-156,-105,123,6812,-9404,10724,-9,114,-202,-12956,4752,6832,-1013,139,-95,-13176,-5596,7736,-478,156,-105,0
2046.8830001354215,7656,6832,11692,-159,-108,117,6836,-9340,10472,-22,113,-209,-12996,4708,6820,-1031,120,-129,-13064,-5468,7728,-473,133,-118,0
2046.9165289402008,7700,6732,12020,-172,-69,124,6836,-9304,10412,-49,143,-186,-12980,4812,6864,-1013,150,-101,-13248,-5560,7496,-473,120,-119,0
2046.94980096817,7788,6664,11720,-152,-64,104,6852,-9464,10676,-13,129,-162,-12924,4696,6796,-1035,107,-34,-13296,-5492,7724,-521,119,-139,0
2046.9835600852964,7684,6756,11748,-136,-32,107,7160,-9424,10408,-8,153,-175,-13020,4676,6704,-1036,141,-33,-13136,-5592,7644,-461,106,-155,0
2047.0170030593872,7464,6876,11792,-175,-47,106,6900,-9336,10384,-8,140,-172,-12976,4748,6848,-1013,143,-74,-13216,-5520,7656,-458,129,-109,0
2047.0502519607544,7844,6812,11740,-160,-41,102,7152,-9432,10712,-43,150,-158,-13028,4776,7128,-1024,118,-73,-13116,-5532,7728,-471,115,-116,0
2047.0877161026003,7680,6716,11704,-158,-20,83,6692,-9496,10640,-23,150,-145,-12880,4708,6912,-1037,71,-103,-13164,-5608,7772,-465,115,-142,0
2047.123271942139,7820,6764,11656,-160,-39,60,6688,-9452,10660,14,175,-176,-12832,5096,6656,-1026,85,-49,-13044,-5544,7792,-505,115,-127,0
2047.1591520309448,7656,6836,11708,-112,-20,106,6812,-9520,10456,-83,153,-175,-12864,4752,7092,-995,82,-94,-13188,-5600,7728,-489,156,-117,0
2047.1950149536133,7664,6744,11716,-190,-26,96,6772,-9456,10276,-42,159,-164,-12932,4864,6856,-1002,94,-64,-13212,-5496,7832,-507,109,-124,0
2047.2307679653168,7880,6896,11648,-149,-13,100,6712,-9500,10448,-51,165,-132,-12932,4792,6984,-1022,92,-53,-13128,-5580,7848,-478,87,-125,0
2047.2662310600283,7880,6788,11768,-147,-5,109,7132,-9444,10608,-46,145,-152,-12964,4856,6680,-1004,102,-71,-13096,-5588,8036,-493,91,-145,0
2047.3022489547732,7624,6852,11700,-164,-31,80,6880,-9656,10348,-62,151,-167,-12996,4724,6896,-1019,73,-25,-13144,-5596,7760,-509,118,-138,0
2047.3375449180603,7580,6828,11856,-91,-33,106,6900,-9356,10424,-38,155,-167,-13012,4768,6848,-1031,108,-62,-13244,-5568,7748,-525,122,-127,0
2047.3731510639193,7744,6828,11644,-116,-46,106,6812,-9352,10452,-33,131,-190,-12888,4828,6840,-1044,120,-100,-13104,-5468,7712,-483,157,-128,0
2047.4084079265594,7592,6620,11688,-119,-42,96,6904,-9364,10736,-45,107,-189,-13012,4712,7012,-1037,128,-110,-13068,-5508,7804,-475,161,-138,0
2047.4433619976044,7732,6796,11912,-135,-65,96,6936,-9228,10620,-45,168,-171,-12980,5084,7112,-995,102,-50,-13140,-5584,7780,-500,123,-151,0
2047.4787039756775,7460,6884,11860,-144,-2,113,6832,-9708,10508,-35,177,-164,-12908,4628,6756,-1033,97,-74,-13088,-5516,7708,-485,110,-139,0
2047.5139310359955,7724,6796,11588,-156,-47,86,6872,-9444,10528,-39,156,-156,-12948,4772,7060,-1026,119,-47,-13136,-5572,7436,-493,143,-129,0
2047.5499501228333,7672,6848,11812,-139,-48,99,6812,-9412,10488,-47,139,-161,-12884,4860,6928,-1045,74,-54,-13160,-5528,7732,-477,116,-131,0
2047.5907330513003,7504,6796,11604,-149,-26,86,6784,-9408,10484,-73,124,-160,-12908,4888,6824,-995,104,-88,-13116,-5384,7848,-496,126,-133,0
2047.6260759830475,7512,6840,11772,-140,-69,78,6808,-9416,10380,-35,162,-182,-12900,4732,6708,-1000,128,-61,-12892,-5580,7772,-502,158,-139,0
2047.6618199348452,7632,6844,11924,-120,-46,106,6828,-9420,10660,-45,162,-201,-12840,4780,6868,-1279,125,-87,-13204,-5608,7716,-523,149,-143,0
2047.6978039741516,7540,6692,11828,-126,-33,104,6776,-9420,10540,-33,136,-197,-12976,4784,6848,-1004,110,-79,-13028,-5664,7764,-500,143,-140,0
2047.7338120937347,7484,6840,11644,-129,-43,98,7104,-9444,10664,-48,127,-186,-12876,4716,6788,-1036,111,-78,-13116,-5500,7752,-506,146,-150,0
2047.767478942871,7596,6872,11744,-99,-66,124,6888,-9456,10600,-38,151,-159,-12984,4848,6804,-1023,101,-32,-13116,-5540,7800,-486,118,-143,0
2047.8011260032654,7676,6760,11836,-141,-54,97,6824,-9696,10360,-29,153,-169,-12896,4804,6892,-1022,90,-55,-13140,-5500,7748,-477,131,-101,0
2047.8345570564268,7568,6904,11732,-162,-2,79,6880,-9412,10544,-44,127,-178,-12936,4812,7036,-1009,146,-72,-13160,-5496,7820,-502,105,-134,0
2047.8682041168213,7596,6852,11900,-149,-51,107,6956,-9412,10524,-54,141,-172,-12956,4760,6880,-1280,88,-73,-13080,-5588,7716,-763,120,-141,0
2047.9015750885012,7712,6792,11840,-181,-37,97,6812,-9456,10412,-9,147,-154,-12828,4736,6900,-997,52,-87,-13136,-5700,7728,-498,142,-123,0
2047.9352600574493,7640,6900,11940,-148,-57,91,6784,-9660,10712,1,142,-168,-12900,4852,6836,-1006,42,-43,-13112,-5568,7860,-493,125,-135,0
2047.9686629772186,7652,6660,11964,-130,-62,103,6740,-9468,10556,-61,167,-189,-12948,4800,6928,-962,6,-69,-13120,-5644,7740,-482,170,-124,0
2048.0022830963135,7624,7144,11988,-170,-50,57,6804,-9544,10436,-14,142,-182,-12920,5072,6680,-959,63,-74,-13164,-5496,7676,-476,148,-135,0
2048.035732984543,7684,6876,12004,-174,-16,117,6848,-9232,10392,-44,157,-144,-12896,4796,6772,-943,62,-75,-13112,-5508,7800,-456,117,-120,0
2048.0692949295044,7576,6760,12020,-175,-30,122,6728,-9452,10748,-22,135,-183,-12972,4772,6764,-971,81,-47,-13080,-5604,7792,-467,122,-130,0
2048.102807998657,7528,6852,11580,-175,-58,90,6688,-9712,10532,-58,143,-192,-12940,4888,6876,-955,75,-44,-13272,-5564,7748,-505,120,-119,0
2048.1361811161046,7524,6888,11796,-132,-37,115,6772,-9484,10532,-40,129,-170,-12936,4776,7016,-990,95,-82,-13080,-5516,7828,-761,148,-107,0
2048.1698539257054,7544,6824,11760,-117,-22,104,6776,-9248,10424,-18,104,-166,-12960,4816,6980,-994,106,-88,-13152,-5592,7900,-260,191,-133,0
2048.2034809589386,7576,6812,11788,-177,-75,130,6796,-9408,10488,4,115,-195,-12928,4808,6836,-987,120,-116,-12996,-5516,7728,-497,135,-115,0
2048.2373039722443,7604,6780,11868,-152,-68,136,6680,-9412,10620,-27,134,-182,-13032,4888,7056,-973,81,-81,-13136,-5480,7676,-475,148,-133,0
2048.2709641456604,7604,6860,11672,-141,-40,111,6808,-9248,10240,-38,136,-158,-12920,4892,6860,-955,94,-57,-13112,-5600,7596,-488,123,-144,0
2048.3046150207524,7592,6824,11696,-173,-55,90,6904,-9508,10436,-3,158,-159,-12888,4772,6952,-1018,70,-44,-13160,-5576,7616,-483,137,-145,0
2048.3382959365845,7548,6760,11728,-168,-52,95,6904,-9432,10648,-13,157,-182,-13004,4820,7100,-1014,89,-27,-13040,-5652,7644,-476,118,-113,0
2048.371901035309,7596,6928,11740,-165,-51,107,6624,-9416,10492,-19,138,-171,-12864,4812,7068,-1005,88,-59,-13064,-5632,7788,-470,160,-157,0
2048.4052879810333,7528,6840,11720,-166,-42,95,6772,-9496,10492,-38,148,-194,-12816,4880,7044,-990,77,-79,-13176,-5388,7752,-494,158,-132,0
2048.438956975937,7484,6820,11736,-205,-63,129,6732,-9480,10696,-11,169,-209,-12936,4888,6940,-1037,89,-120,-12860,-5552,7780,-456,180,-105,0
2048.4724340438843,7632,6876,11844,-197,-80,119,6720,-9392,10624,-1,165,-204,-13040,4788,6808,-1276,124,-88,-13180,-5544,7824,-471,166,-90,0
2048.5058410167694,7580,6888,11856,-178,-107,112,6832,-9412,10412,-23,133,-201,-12924,4852,6656,-1020,124,-101,-13036,-5824,7908,-480,150,-109,0
2048.5392129421234,7472,6860,11880,-166,-111,129,6752,-9268,10492,-47,120,-184,-12932,5024,6904,-1015,121,-134,-13128,-5520,7776,-497,164,-79,0
2048.572835922241,7524,6832,11796,-178,-146,131,6664,-9464,10696,-19,139,-207,-12904,4880,7088,-1016,125,-110,-13128,-5536,7756,-509,196,-99,0
2048.606462955475,7592,6812,11592,-174,-140,165,6800,-9388,10600,-36,112,-197,-12932,4804,6700,-996,150,-73,-13132,-5380,7924,-512,183,-97,0
2048.639589071274,7572,6924,11780,-172,-139,137,6660,-9412,10520,-20,104,-202,-12932,4696,6752,-1011,165,-88,-13036,-5604,7780,-474,177,-65,0
2048.6730070114136,7612,6920,11848,-192,-154,123,6772,-9456,10432,-13,137,-203,-12976,4812,7004,-773,157,-107,-13168,-5428,7932,-483,180,-104,0
2048.70671415329,7584,6768,11744,-221,-114,120,6860,-9408,10704,-32,140,-199,-12948,4780,6920,-1004,135,-118,-13140,-5524,7764,-483,179,-83,0
2048.73991894722,7668,6820,11872,-183,-138,137,6796,-9268,10660,-26,133,-196,-12920,4856,6852,-1034,107,-116,-12832,-5516,7932,-494,185,-92,0
2048.7775321006775,7552,6812,11824,-222,-131,144,6812,-9472,10552,-251,116,-179,-12884,4688,7104,-1037,123,-104,-13184,-5572,7824,-484,167,-106,0
2048.8133840560913,7468,7160,11540,-143,-75,126,6852,-9304,10456,-54,134,-200,-12960,4776,6860,-1031,116,-106,-13228,-5392,7744,-509,166,-93,0
2048.849224090576,7612,6828,11904,-201,-153,125,6832,-9392,10532,-45,153,-235,-12932,4848,6860,-991,115,-131,-13172,-5512,7728,-490,193,-49,0
2048.8841800689697,7744,6732,11900,-195,-131,162,6888,-9404,10732,-22,119,-183,-12908,4724,6972,-772,91,-101,-13156,-5476,7852,-488,120,-103,0
2048.9192500114445,7616,6768,11928,-195,-86,155,6876,-9452,10564,255,149,-176,-12952,4780,7040,-1277,136,-80,-13088,-5852,7708,-433,105,-88,0
2048.9551899433136,7572,6820,11972,-222,-122,142,6812,-9356,10600,-26,146,-169,-12892,4768,6964,-982,138,-109,-13100,-5512,7824,-472,163,-93,0
2048.9902651309967,7648,6792,11884,-217,-142,138,6820,-9472,10512,-10,139,-199,-12916,4816,6844,-975,80,-98,-12904,-5488,7468,-526,171,-79,0
2049.0261130332947,7684,6848,11696,-164,-151,148,6848,-9448,10304,13,91,-194,-12904,4712,7108,-977,109,-97,-13072,-5572,7824,-524,228,-101,0
2049.0618081092834,7656,6780,11768,-218,-162,133,6892,-9684,10492,17,98,-229,-12940,4868,6932,-965,131,-133,-13184,-5476,7720,-522,234,-73,0
2049.0975370407104,7576,6760,11644,-145,-182,162,6844,-9388,10584,-2,90,-207,-12952,4764,6880,-939,139,-109,-13228,-5564,7428,-504,194,-69,0
2049.1332399845123,7928,6792,11676,-207,-129,148,6892,-9436,10488,-16,100,-201,-13056,4808,6940,-961,147,-79,-13264,-5640,7872,-465,156,-103,0
2049.168895959854,7736,6832,11788,-201,-127,139,7120,-9396,10348,-252,145,-184,-13044,4820,7100,-990,95,-81,-13192,-5556,7644,-487,195,-88,0
2049.203912019729,7868,6692,11772,-186,-109,157,6768,-9392,10548,255,132,-209,-12972,4812,6796,-990,99,-98,-13144,-5524,7724,-485,160,-105,0
2049.2392790317535,7620,6780,11924,-197,-119,123,6828,-9452,10408,3,111,-210,-12876,4716,6872,-1021,116,-110,-13028,-5568,7712,-468,181,-97,0
2049.2746920585632,7848,6784,11760,-178,-134,127,6800,-9448,10520,-246,125,-227,-12888,4848,6716,-999,86,-113,-13200,-5520,7888,-477,161,-115,0
2049.310595035553,7688,6864,11756,-150,-122,123,6708,-9464,10708,-30,93,-212,-12964,4736,6664,-1008,91,-133,-13160,-5444,7748,-506,174,-84,0
2049.346035003662,7924,6728,11764,-167,-127,122,6824,-9348,10676,-22,131,-170,-12952,4808,6740,-988,122,-91,-13160,-5524,7668,-503,169,-124,0
2049.381847143173,7648,6792,11656,-188,-98,108,6820,-9468,10540,-43,124,-189,-12876,4780,6768,-1010,103,-84,-13068,-5608,7644,-504,128,-129,0
2049.4182341098785,7640,6776,11288,-141,-98,98,6824,-9392,10468,-56,115,-191,-12880,4784,6956,-1276,125,-58,-13208,-5428,7876,-498,172,-95,0
2049.4517459869385,7892,6800,11796,-153,-99,120,6976,-9232,10328,-26,112,-179,-12908,4736,6660,-1046,107,-61,-13268,-5596,7536,-502,143,-109,0
2049.485286951065,7480,6784,11820,-190,-42,96,6956,-9376,10304,-54,151,-154,-13008,4760,6740,-991,103,-74,-13196,-5520,7748,-476,113,-128,0
2049.5185379981995,7772,6724,11636,-152,-66,96,6900,-9548,10564,-55,149,-143,-12996,4732,6804,-1266,75,-44,-13092,-5784,7840,-765,108,-145,0
2049.5521910190582,7712,6780,11720,-153,-34,106,6868,-9404,10620,-37,157,-151,-12932,4844,6692,-1014,93,-30,-13040,-5544,7724,-475,119,-176,0
2049.585525035858,7432,6848,11816,-130,-29,110,6792,-9348,10512,-24,164,-151,-12936,4736,6692,-1013,82,-44,-13124,-5652,7784,-515,139,-144,0
2049.6190519332886,7452,6884,11768,-123,-67,80,6832,-9524,10448,-57,158,-162,-12924,4792,6840,-1006,72,-91,-13104,-5568,7864,-475,133,-124,0
2049.65238404274,7760,6840,11804,-165,-77,93,6660,-9224,10452,-21,172,-188,-13000,4856,6824,-995,106,-58,-13152,-5412,7768,-466,90,-156,0
2049.6860461235046,7456,6800,11672,-122,-6,106,6796,-9444,10500,-29,165,-159,-12960,4804,6864,-1025,117,-1,-13120,-5564,7728,-461,104,-130,0
2049.719316959381,7596,6816,11704,-163,-22,87,6776,-9436,10632,-50,164,-139,-12876,4832,6700,-1000,75,-44,-13160,-5572,7756,-480,92,-138,0
2049.7528779506683,7584,6828,11804,-149,-55,85,6876,-9412,10512,-55,164,-168,-12908,4816,6944,-1009,65,-105,-13036,-5520,7760,-512,111,-146,0
2049.786219120025,7864,6716,11876,-113,-30,119,7060,-9236,10308,-46,177,-161,-12876,4820,6888,-1005,89,-132,-13144,-5520,7740,-548,129,-131,0
2049.8197610378265,7924,6848,11740,-104,-48,74,6896,-9384,10468,-41,159,-212,-12916,4884,6780,-1010,123,-67,-13088,-5512,7920,-494,178,-132,0
2049.8533871173854,7576,6728,11732,-135,-27,110,6816,-9432,10320,-26,133,-212,-12892,4780,6748,-1003,115,-64,-13148,-5532,7740,-503,158,-95,0
2049.8868401050568,7648,6804,11692,-112,-74,100,6812,-9436,10524,-36,143,-206,-12988,4772,7048,-997,112,-81,-13152,-5532,7680,-479,149,-119,0
2049.920464992523,7704,6796,11528,-167,-46,115,6688,-9420,10332,-25,152,-171,-13024,4792,6848,-990,100,-85,-13100,-5580,7716,-477,134,-136,0
2049.954015016556,7680,6744,11796,-163,-45,94,6680,-9428,10588,-57,166,-153,-12984,4772,6932,-1008,72,-89,-13132,-5824,7744,-517,125,-134,0
2049.9875071048737,7516,6860,11704,-149,-29,98,6924,-9424,10532,-26,155,-160,-12876,4756,6832,-998,63,-32,-13300,-5588,7728,-482,124,-155,0
2050.020784139633,7880,6868,11904,-137,-55,117,6640,-9356,10516,-52,140,-159,-12952,4852,6944,-968,76,-36,-13172,-5500,7692,-506,122,-131,0
2050.0544140338898,7704,6948,11848,-135,-50,95,6832,-9564,10340,-40,162,-180,-12804,4848,7088,-972,60,-78,-13132,-5532,7792,-495,127,-144,0
2050.0881609916687,7480,6868,11728,-137,-52,80,6780,-9444,10420,-22,137,-195,-12968,4844,6764,-979,73,-74,-13208,-5680,7780,-258,127,-142,0
2050.1217370033264,7628,6880,11836,-126,-33,110,6812,-9428,10572,-43,142,-200,-12936,4756,6868,-986,84,-76,-13072,-5540,7884,-488,136,-113,0
2050.154937028885,7664,6916,11664,-150,-48,98,6824,-9432,10592,-13,144,-182,-12920,4844,6648,-1000,87,-45,-13156,-5552,7560,-484,122,-154,0
2050.188565969467,7656,6804,11724,-122,-54,87,6740,-9440,10648,-38,145,-180,-12876,4784,6820,-1016,86,-52,-13024,-5512,7652,-520,122,-133,0
2050.2218091487885,7592,6768,11688,-134,-66,121,6872,-9392,10704,-15,119,-173,-12916,4844,6872,-1044,114,-67,-13176,-5552,7872,-468,159,-116,0
2050.2553119659424,7708,6884,11720,-132,-62,110,6844,-9476,10452,-33,145,-193,-13048,4712,6924,-1273,98,-59,-13156,-5576,7700,-481,122,-121,0
2050.2888541221614,7656,6848,11636,-157,-43,94,6780,-9724,10408,-37,150,-157,-12844,4828,6792,-986,72,-56,-13132,-5556,7892,-507,117,-151,0
2050.3223090171814,7784,6736,11724,-149,-64,94,6856,-9308,10548,-23,157,-168,-13052,4612,7140,-1007,52,-66,-13108,-5464,7804,-503,127,-159,0
2050.355952978134,7600,6664,11720,-152,-44,107,6724,-9456,10540,1,147,-195,-12932,4840,7012,-1020,88,-53,-13184,-5880,7452,-474,127,-133,0
2050.389302968979,7676,6856,11732,-109,-32,88,6772,-9444,10536,-24,135,-168,-12816,4836,6964,-1027,62,-89,-13136,-5660,7700,-475,122,-130,0
2050.4222309589386,7668,6864,11956,-142,-66,66,6724,-9424,10620,-47,163,-184,-12880,4764,6940,-973,82,-63,-13072,-5536,7688,-466,148,-133,0
2050.4596540927887,7600,6880,11852,-151,-23,91,6740,-9456,10544,-36,152,-169,-12992,4872,7128,-1016,89,-65,-13240,-5620,7764,-446,130,-122,0
2050.4949350357056,7672,7152,11880,-117,-23,102,6812,-9352,10428,-75,155,-150,-12968,4892,7048,-1039,104,-88,-13076,-5588,7748,-479,100,-118,0
2050.530488014221,7432,6868,11972,-156,-44,119,6848,-9236,10504,-54,134,-156,-12940,4640,6752,-1010,121,-76,-13100,-5508,7928,-500,124,-104,0
2050.565931081772,7780,6836,11832,-140,-51,86,6728,-9428,10604,-45,180,-145,-12928,4640,6916,-1023,102,-69,-13096,-5596,7776,-529,132,-140,0
2050.601305961609,7568,6844,11716,-90,-51,110,6860,-9428,10452,-34,142,-174,-12976,4744,7096,-1037,126,-72,-13052,-5536,7740,-512,165,-131,0
2050.637447118759,7624,6756,11732,-136,-99,102,6828,-9388,10356,-19,100,-204,-12928,4784,6708,-1061,152,-95,-13076,-5528,7756,-494,176,-126,0
2050.6728279590607,7568,6884,11792,-128,-95,108,6876,-9480,10576,-24,140,-185,-12944,4916,6880,-1030,145,-40,-13084,-5620,7780,-475,150,-129,0
2050.7080891132355,7628,6824,11656,-160,-53,94,6824,-9504,10428,-33,134,-171,-12984,4716,7044,-1052,134,-98,-13196,-5620,7820,-486,127,-100,0
2050.7436780929565,7672,6956,11816,-153,-57,76,6796,-9704,10664,-37,165,-162,-12900,4812,6960,-1033,107,-80,-13184,-5632,7700,-482,157,-138,0
2050.779906988144,7656,6908,11704,-147,-22,90,6720,-9432,10412,-47,165,-170,-12816,4840,6668,-1066,83,-38,-13096,-5576,7816,-493,120,-145,0
2050.8147239685054,7528,6908,11828,-152,-62,104,6784,-9476,10496,-48,142,-156,-13012,4828,7000,-1002,87,-37,-13188,-5624,7724,-461,140,-139,0
2050.850067138672,7668,6892,12024,-134,-49,103,6848,-9444,10520,-19,131,-176,-12904,4732,6948,-999,73,-63,-13104,-5392,7716,-480,178,-119,0
2050.8851659297943,7488,6984,11772,-171,-40,141,6780,-9420,10396,-16,137,-169,-12904,4884,6956,-965,93,-60,-13072,-5584,7724,-507,141,-114,0
2050.920367002487,7636,6952,11836,-146,-63,110,6800,-9584,10516,-6,133,-192,-12864,4804,6848,-978,97,-93,-13096,-5596,7860,-498,172,-97,0
2050.955475091934,7640,6892,11808,-180,-113,146,6832,-9356,10740,-24,127,-173,-12840,4732,6932,-965,128,-68,-13176,-5604,7832,-492,200,-99,0
2050.991266965866,7492,6792,11836,-166,-141,151,6860,-9224,10664,-18,124,-196,-12932,4612,6956,-974,123,-104,-13168,-5480,7772,-507,191,-97,0
2051.0260710716248,7568,6984,11816,-180,-115,157,6828,-9440,10520,-51,96,-201,-12920,4856,7000,-986,129,-63,-13160,-5568,7864,-501,155,-112,0
2051.061602115631,7724,6808,11632,-159,-140,159,6768,-9508,10704,-12,140,-221,-13056,4776,6896,-988,94,-95,-13080,-5496,7860,-487,186,-118,0
2051.097393989563,7652,6864,11668,-214,-114,114,6816,-9392,10356,-28,139,-204,-12876,4796,6880,-967,119,-115,-13164,-5552,7788,-465,150,-85,0
2051.1307649612427,7564,6860,11908,-194,-100,136,6764,-9716,10592,-21,147,-182,-12964,4740,6824,-969,123,-109,-13112,-5520,7816,-489,159,-94,0
2051.1642460823055,7668,6820,11640,-212,-140,131,6812,-9508,10612,-17,122,-197,-12924,4784,6952,-1015,73,-128,-13160,-5624,7804,-472,186,-79,0
2051.1978991031647,7572,6872,11808,-231,-139,141,6824,-9500,10316,28,136,-185,-13028,4756,6900,-1022,126,-107,-13308,-5576,7780,-481,206,-88,0
2051.231490135193,7640,6932,11744,-183,-147,151,6804,-9400,10428,-28,111,-196,-12952,4700,6884,-987,61,-121,-13060,-5444,7776,-492,203,-86,0
2051.2648501396175,7608,6800,11708,-214,-180,150,6748,-9428,10616,-19,123,-227,-13056,4756,6840,-983,121,-154,-13100,-5448,7900,-486,216,-71,0
2051.2984669208527,7632,6764,11700,-213,-133,161,6864,-9372,10560,1,145,-201,-12952,4804,6768,-1038,109,-119,-13172,-5504,7736,-463,160,-99,0
2051.3319129943848,7576,6808,11732,-197,-111,118,6868,-9344,10564,247,134,-183,-12932,4884,6936,-979,83,-45,-13144,-5724,7592,-467,125,-101,0
2051.365597963333,7748,6816,11708,-206,-114,137,6904,-9328,10568,-32,124,-167,-13012,4836,7036,-973,91,-75,-13108,-5484,7720,-469,160,-96,0
2051.3989651203156,7808,6800,11788,-192,-124,114,6804,-9260,10504,-17,148,-187,-12908,4616,7072,-999,88,-130,-13148,-5508,7572,-503,193,-120,0
2051.432556152344,7648,6868,11712,-141,-136,159,6768,-9380,10520,13,102,-203,-12852,4804,6808,-1039,120,-142,-13096,-5632,7616,-526,221,-96,0
2051.465804100036,7680,6688,11800,-199,-169,171,6756,-9488,10400,11,74,-216,-12852,4728,6852,-1047,129,-121,-13132,-5540,7752,-510,207,-74,0
2051.4992899894714,7612,6812,11744,-163,-155,147,6872,-9400,10488,-10,68,-213,-12900,4856,6952,-1013,134,-107,-13144,-5620,7764,-494,174,-71,0
2051.5325400829315,7448,6800,11764,-210,-173,165,6808,-9492,10636,-17,124,-205,-12960,4884,6916,-985,128,-113,-13140,-5544,7804,-489,166,-104,0
2051.5660049915314,7720,6840,11624,-205,-129,129,6860,-9496,10500,-10,122,-224,-12904,4660,6748,-990,92,-131,-13204,-5620,7644,-473,159,-95,0
2051.5998990535736,7672,6712,11844,-195,-147,152,6904,-9488,10488,-254,159,-184,-12988,4804,6976,-1003,111,-128,-13140,-5408,7728,-498,174,-85,0
2051.633342027664,7680,6896,11640,-168,-149,150,6888,-9344,10588,-23,69,-197,-12968,4756,6728,-1044,93,-81,-13136,-5580,7724,-501,165,-75,0
2051.666908979416,7696,6856,11700,-191,-162,134,6848,-9404,10724,-13,63,-230,-12892,4684,7112,-979,129,-102,-13236,-5520,7440,-520,166,-86,0
2051.7005310058594,7676,6880,11860,-204,-188,120,6848,-9600,10592,254,133,-224,-12976,4836,6880,-987,126,-125,-13060,-5464,7712,-518,193,-86,0
2051.7339560985565,7456,6908,12004,-176,-183,129,6904,-9468,10400,-6,101,-204,-12948,4708,6728,-990,96,-157,-13308,-5568,7768,-508,180,-107,0
2051.7676219940186,7716,6816,11812,-185,-139,140,6872,-9384,10312,-10,107,-212,-12968,4728,6864,-993,130,-117,-13184,-5536,7544,-477,172,-77,0
2051.8011360168457,7872,6784,11992,-134,-132,136,6840,-9684,10364,-33,101,-237,-13044,4744,6860,-995,132,-102,-13184,-5536,7696,-493,155,-75,0
2051.8344371318817,7696,6808,11436,-165,-149,129,6704,-9384,10560,-64,93,-184,-12836,4788,6784,-1010,121,-46,-13156,-5512,7648,-479,167,-92,0
2051.868129968643,7712,6708,11680,-164,-69,108,6896,-9508,10548,-55,109,-176,-12888,4836,7064,-972,111,-99,-13180,-5540,7780,-494,118,-100,0
2051.9014139175415,7768,6784,11520,-133,-50,126,6848,-9472,10328,-78,137,-174,-12980,4796,6776,-995,86,-76,-13164,-5472,7736,-506,109,-127,0
2051.9349241256714,7684,6768,11548,-131,-7,95,6892,-9404,10560,-5,146,-162,-12960,4760,6768,-1051,53,-73,-13116,-5492,7640,-490,120,-154,0
2051.9686551094055,7760,6832,11804,-163,-248,70,6876,-9328,10244,-19,207,-153,-12892,4748,6844,-1009,86,-26,-13164,-5540,7920,-457,87,-147,0
2052.0021481513977,7652,6816,11832,-124,-6,85,6888,-9464,10520,-95,140,-169,-12940,4680,6712,-1016,57,-65,-13128,-5512,7692,-483,133,-137,0
2052.0354900360107,7660,6724,11824,-148,-51,77,6788,-9428,10604,-59,164,-183,-12976,4824,6740,-997,108,-81,-13156,-5512,7452,-467,177,-139,0
2052.0690829753876,7700,6772,11880,-134,244,108,6904,-9364,10564,-45,134,-134,-12956,4840,6760,-1270,106,-68,-13192,-5596,7492,-476,81,-124,0
2052.1024799346924,7724,6852,11780,-140,-20,115,6784,-9388,10296,-54,153,-156,-12892,4724,6944,-1004,115,-85,-13044,-5812,7832,-492,89,-134,0
2052.140216112137,7656,6844,11740,-167,-1,94,6780,-9684,10692,-58,171,-149,-12952,4900,6704,-1037,71,-34,-13072,-5680,7656,-484,106,-151,0
2052.175658941269,7620,6880,11588,-115,-28,83,6944,-9224,10524,-36,181,-140,-12908,5080,7096,-1006,61,-77,-13180,-5536,7916,-508,99,-125,0
2052.211359977722,7820,6820,11836,-117,-18,81,6820,-9452,10448,-44,153,-169,-12908,4728,6804,-1004,104,-51,-13072,-5512,7776,-500,165,-133,0
2052.2471590042114,7688,6740,11668,-115,-29,94,6848,-9252,10700,-52,90,-193,-12940,4780,6840,-1006,132,-99,-13156,-5548,7700,-499,165,-95,0
2052.281780958176,7772,6820,11888,-114,-89,97,6928,-9456,10464,-39,137,-205,-12960,4792,7044,-997,111,-49,-13232,-5576,7724,-495,142,-138,0
2052.317656040192,7776,6760,11700,-148,-18,95,6948,-9372,10748,-62,134,-167,-12916,5076,6864,-993,101,-43,-13244,-5548,7692,-464,117,-140,0
2052.3530220985413,7700,6756,11596,-162,-7,91,6884,-9440,10420,-39,161,-176,-13000,4728,6956,-1012,79,-57,-13080,-5432,7772,-482,95,-146,0
2052.3887369632725,7712,7084,11708,-151,-14,98,6876,-9364,10608,-28,176,-151,-13036,4860,6936,-1016,95,-28,-13100,-5676,7632,-474,127,-136,0
2052.4244821071625,7524,6892,11556,-153,-256,96,6840,-9424,10424,-76,138,-158,-12908,4832,6784,-1007,95,-80,-13028,-5496,7604,-485,138,-146,0
2052.4601590633392,7756,6816,11776,-149,-21,76,6868,-9376,10516,-56,160,-183,-12976,4700,6904,-1027,105,-46,-13124,-5512,7696,-491,113,-149,0
2052.4955389499664,7544,6920,11760,-141,-61,98,6692,-9676,10492,-47,146,-180,-12920,5092,6856,-1015,109,-42,-13172,-5600,7732,-484,145,-122,0
2052.531764984131,7776,6828,11844,-152,-37,98,6760,-9428,10560,-18,135,-185,-12912,4788,6776,-1022,121,-53,-13444,-5588,7904,-511,134,-137,0
2052.5671169757843,7672,6836,11756,-133,-64,89,6780,-9372,10560,-25,159,-189,-12876,5080,6876,-1021,116,-50,-13104,-5596,7712,-482,144,-141,0
2052.605348110199,7448,6784,11696,-141,-29,124,6852,-9388,10524,-24,155,-165,-12948,4748,6864,-770,85,-29,-12824,-5616,7788,-487,133,-120,0
2052.641832113266,7528,6848,11756,-146,-25,94,6776,-9440,10432,-64,112,-185,-12864,4800,6884,-997,120,-67,-13192,-5500,7636,-476,124,-123,0
2052.6775889396667,7596,6724,11832,-156,-68,120,6876,-9444,10548,-43,167,-165,-12972,4964,6700,-977,74,-26,-13052,-5564,7680,-499,125,-167,0
2052.7127311229706,7496,7128,11544,-150,-27,106,6672,-9408,10368,-10,134,-145,-12952,4704,6668,-1001,73,-52,-13100,-5632,7668,-472,119,-132,0
2052.7481160163884,7640,7152,11704,-136,-254,99,6836,-9344,10436,-38,152,-173,-12812,4672,6724,-964,70,-81,-13104,-5512,7744,-484,135,-132,0
2052.784091949463,7616,6868,11768,-168,-53,84,6840,-9512,10432,-31,165,-168,-12876,4772,6864,-938,84,-49,-13188,-5600,7760,-468,131,-129,0
2052.817650079727,7608,6752,11616,-169,-43,95,7156,-9352,10368,-16,160,-163,-12920,4900,6936,-1004,72,-41,-13112,-5484,7760,-463,114,-131,0
2052.851347923279,7584,6804,11696,-133,-36,96,6768,-9388,10316,-44,147,-174,-12976,4848,6880,-955,86,-62,-13128,-5636,7848,-491,137,-130,0
2052.884710073471,7576,6832,11984,-155,-32,104,6760,-9448,10528,-52,303,-124,-12816,4832,6880,-997,110,-98,-13268,-5580,7852,-496,114,-117,0
2052.9180741310124,7612,6884,11556,-159,-38,100,6900,-9508,10596,-82,154,-165,-12868,4816,7012,-956,76,-91,-13156,-5872,7768,-512,130,-136,0
2052.951714992523,7656,6956,11588,-123,-20,102,6752,-9728,10668,-12,141,-181,-12880,4768,6776,-1008,94,-49,-13064,-5624,7696,-490,138,-130,0
2052.9853029251094,7580,6772,11880,-157,-49,127,6704,-9448,10460,-36,99,-162,-12820,4860,6896,-1007,125,-70,-13164,-5576,7752,-498,146,-108,0
2053.0188550949097,7624,6824,11540,-123,-59,92,6916,-9488,10456,-30,132,-184,-12856,4760,6916,-1022,118,-50,-13136,-5548,7704,-518,160,-108,0
2053.052356004715,7616,6892,11744,-135,-77,135,6812,-9468,10540,-50,114,-200,-12936,4872,6884,-1015,109,-98,-13120,-5652,7708,-466,128,-118,0
2053.0858471393585,7672,6964,11932,-150,-27,86,6880,-9508,10656,-57,194,-165,-13304,4676,6740,-1012,131,-76,-13140,-5628,7768,-503,105,-124,0
2053.119770050049,7620,6808,11768,-150,-41,94,6796,-9556,10504,-42,147,-150,-12892,4824,6836,-1013,97,-60,-13220,-5624,7700,-486,140,-125,0
2053.153198003769,7576,6856,11816,-150,-50,88,6740,-9372,10388,-19,146,-175,-12900,4800,6832,-1001,63,-34,-13304,-5600,7488,-461,154,-133,0
2053.1868300437927,7648,6936,11608,-185,-44,106,6868,-9400,10448,254,144,-211,-12852,4672,6712,-1021,67,-87,-13116,-5544,7816,-426,131,-124,0
2053.2203431129456,7528,6844,11524,-181,-69,113,6788,-9472,10724,-254,141,-217,-12844,4860,6980,-1015,103,-105,-13128,-5548,7912,-454,194,-79,0
2053.253833055496,7564,6908,11908,-204,-89,133,6752,-9284,10748,-7,140,-211,-12936,4836,6780,-994,102,-117,-13052,-5636,7772,-486,198,-129,0
2053.287358045578,7612,6908,11756,-169,-124,113,6756,-9432,10684,-16,153,-187,-12928,4904,6864,-1001,111,-102,-13096,-5668,7836,-487,171,-78,0
2053.321286916733,7588,6876,11804,-172,-151,137,6876,-9220,10672,-26,152,-214,-12920,4716,6952,-1014,135,-110,-13120,-5592,7428,-765,174,-96,0
2053.354665994644,7500,6896,11908,-169,-110,138,6816,-9320,10464,-35,115,-201,-12896,4860,6896,-1004,116,-90,-13108,-5864,7748,-506,175,-83,0
2053.387983083725,7604,6828,11864,-180,-142,151,6740,-9456,10372,-43,107,-210,-12952,4792,6960,-980,130,-109,-13196,-5588,7780,-496,183,-73,0
2053.4214749336243,7640,7164,11704,-190,-109,138,6884,-9388,10676,-11,110,-198,-12976,4776,7020,-1018,154,-128,-13088,-5620,7796,-495,193,-92,0
2053.454982995987,7612,6884,11692,-198,-108,150,6660,-9412,10452,-60,135,-194,-12948,4784,6776,-981,144,-109,-13272,-5512,7732,-485,160,-58,0
2053.4887061119084,7660,6888,11836,-211,-166,164,6820,-9612,10496,-38,129,-195,-12900,4868,6928,-1003,137,-92,-13148,-5652,7804,-500,192,-94,0
2053.5223069190974,7620,6808,11780,-244,-175,165,6784,-9328,10584,14,108,-204,-12948,4668,6832,-1277,117,-102,-13116,-5516,7536,-483,156,-61,0
2053.5556211471558,7664,6784,11760,-187,-124,138,6936,-9344,10532,-26,94,-199,-12932,4792,6676,-1012,90,-111,-13100,-5612,7688,-497,158,-65,0
2053.5892989635468,7640,6900,11880,-183,-131,114,6848,-9568,10372,-26,135,-215,-12900,4752,7140,-980,124,-174,-13148,-5516,7924,-475,201,-65,0
2053.622941017151,7836,6840,11716,-213,-119,164,6864,-9256,10512,-254,121,-198,-12916,4852,6724,-1002,101,-75,-13180,-5508,7708,-464,164,-86,0
2053.656450033188,7576,6776,11636,-163,-104,122,6816,-9256,10276,11,132,-168,-12900,4916,6864,-1038,142,-62,-13236,-5672,7724,-456,113,-84,0
2053.6900689601894,7508,7124,11704,-230,-137,150,6732,-9448,10632,-30,124,-194,-12892,4768,6936,-1043,118,-76,-13136,-5596,7728,-456,157,-71,0
2053.723797082901,7588,6820,11940,-206,-139,133,6804,-9380,10604,-28,132,-193,-12964,4872,6956,-770,99,-88,-13160,-5596,7788,-511,162,-111,0
2053.757425069809,7712,6852,11768,-158,-114,128,6796,-9696,10496,-15,136,-196,-12952,4696,6940,-994,98,-95,-13140,-5560,7728,-257,186,-86,0
2053.7932820320134,7628,6832,11996,-182,-168,143,6832,-9412,10240,-16,86,-238,-12892,4776,6724,-1278,182,-136,-13152,-5560,7904,-513,217,-49,0
2053.829113960266,7576,6728,11616,-158,-146,149,6820,-9368,10300,-18,101,-249,-12932,4704,6928,-1022,158,-150,-13080,-5504,7788,-482,187,-82,0
2053.8642940521245,7780,6804,11560,-198,-151,144,6856,-9532,10532,-38,115,-206,-12916,4648,6868,-980,147,-87,-13148,-5444,7688,-486,168,-81,0
2053.899691104889,7428,6852,11884,-202,-118,135,6812,-9412,10736,-27,122,-216,-13028,4672,6800,-1006,118,-89,-13296,-5488,7696,-488,169,-82,0
2053.935177087784,7700,6816,11604,-175,-128,154,6940,-9236,10668,237,147,-178,-12900,4772,7028,-1052,120,-78,-13100,-5592,7516,-503,136,-96,0
2053.970664024353,7432,6904,11832,-188,-122,127,6880,-9388,10488,-18,93,-189,-12868,4760,6892,-991,125,-97,-13128,-5508,7784,-490,131,-129,0
2054.0054879188538,7564,6768,11680,-153,-113,129,6848,-9492,10536,-77,139,-207,-12972,4852,6848,-1013,92,-52,-13104,-5480,7628,-527,132,-130,0
2054.041212081909,7772,6812,11524,-156,-126,90,6888,-9532,10488,-10,135,-197,-12896,4788,6944,-1042,103,-73,-13212,-5496,7720,-490,186,-115,0
2054.07719707489,7888,6892,11640,-139,-54,128,6756,-9280,10516,-42,117,-234,-12896,4780,6660,-983,136,-69,-13056,-5620,7580,-466,132,-106,0
2054.1123950481415,7736,6800,11592,-134,-107,88,6904,-9444,10408,-67,145,-210,-12992,4700,6900,-956,55,-95,-13104,-5488,7748,-527,160,-158,0
2054.1480350494385,7756,6716,11864,-167,-76,125,6784,-9464,10536,-22,142,-178,-12928,4756,7124,-1005,92,-53,-13244,-5496,7680,-466,110,-95,0
2054.1837389469147,7848,6824,11560,-143,-35,100,6928,-9392,10496,-14,138,-157,-12928,4756,6728,-980,131,-7,-13252,-5480,7684,-463,109,-106,0
2054.2197721004486,7724,6796,11592,-184,23,116,6832,-9460,10268,-57,138,-128,-13048,4716,6764,-986,102,-42,-13308,-5496,7552,-492,90,-116,0
2054.255613088608,7700,6908,11648,-150,4,93,6896,-9388,10616,-58,131,-162,-13004,4704,6740,-1008,79,-65,-13220,-5484,7712,-520,155,-163,0
2054.291123151779,7684,6760,11860,-125,-32,109,6884,-9480,10544,-31,128,-152,-12924,4772,6776,-1007,51,-63,-13228,-5520,7792,-524,195,-154,0
2054.3273770809174,7696,6736,11860,-111,-18,90,6864,-9372,10512,-44,157,-206,-13056,5032,6756,-994,104,-91,-13132,-5492,7740,-478,160,-136,0
2054.3628470897675,7744,6812,11832,-166,-27,88,6768,-9404,10512,-34,153,-202,-12880,4736,6968,-1018,85,-62,-13136,-5504,7716,-471,142,-134,0
2054.398306131363,7676,6764,11784,-138,-77,85,6900,-9424,10436,-41,128,-182,-13000,4860,6952,-999,89,-71,-13196,-5548,7744,-482,137,-129,0
2054.433660030365,7636,6764,11896,-147,-66,115,6848,-9400,10540,-49,136,-171,-12896,4744,6896,-960,67,-78,-13132,-5532,7700,-482,127,-101,0
2054.469218969345,7628,6808,11728,-167,-31,104,6824,-9460,10608,-57,154,-166,-12908,4724,7064,-974,73,-66,-13108,-5572,7792,-496,141,-118,0
2054.5028851032257,7572,6836,11864,-146,-35,118,6760,-9452,10500,-57,173,-178,-12844,4788,6896,-984,70,-77,-13076,-5536,7696,-502,123,-126,0
2054.5367879867554,7700,6800,12024,-138,-42,131,6828,-9456,10524,-30,124,-161,-13036,4824,6812,-771,123,-71,-13092,-5612,7596,-506,122,-167,0
2054.5702970027924,7624,6812,11716,-142,-51,105,6808,-9416,10520,-29,147,-157,-12996,4780,6968,-1035,94,-64,-13128,-5584,7524,-492,157,-133,0
2054.6036100387573,7592,6808,11728,-135,-50,93,6828,-9448,10524,-33,129,-184,-12928,4672,6912,-971,92,-85,-13304,-5508,7896,-498,149,-159,0
2054.637326002121,7660,6916,11648,-156,-47,103,6876,-9428,10508,-14,137,-167,-13288,5036,6932,-771,93,-104,-13116,-5548,7832,-498,154,-126,0
2054.6708550453186,7616,6856,11780,-121,-59,94,6872,-9284,10492,-63,143,-159,-12952,4812,6888,-1006,97,-48,-13296,-5584,7816,-489,126,-122,0
2054.704483985901,7656,6860,11820,-152,-35,107,6884,-9448,10500,-29,152,-184,-12908,4924,6948,-1017,89,-23,-13228,-5436,7708,-498,134,-150,0
2054.737816095352,7576,6784,11772,-174,-41,95,6880,-9508,10580,-54,149,-159,-12896,4612,6964,-991,80,-62,-13292,-5536,7704,-482,109,-116,0
2054.7712810039525,7624,6808,11744,-137,-19,107,6844,-9432,10444,-29,134,-171,-12932,4636,6968,-1012,97,-113,-13088,-5652,7804,-490,114,-169,0
2054.80481505394,7472,6804,11728,-125,-26,88,6900,-9472,10524,-47,152,-173,-12968,4848,7016,-1024,101,-42,-13124,-5512,7832,-494,125,-133,0
2054.8379220962524,7588,6840,11540,-137,-26,100,6808,-9376,10472,-46,138,-175,-12936,4720,6924,-786,117,-54,-13040,-5780,7876,-497,139,-131,0
2054.8715500831604,7668,6832,11872,-132,-44,98,6908,-9412,10412,-45,113,-204,-12936,4792,6832,-1023,126,-113,-13184,-5616,7928,-498,137,-144,0
2054.9046370983124,7648,7148,11868,-138,-64,82,6684,-9712,10728,-39,130,-176,-12904,4820,6884,-1275,83,-91,-13116,-5612,7632,-504,166,-127,0
2054.9382970333095,7676,6852,12000,-143,-45,80,6848,-9520,10524,-30,149,-185,-12896,4736,6832,-1013,122,-65,-13260,-5640,7680,-483,133,-187,0
2054.9717869758606,7584,6668,11876,-148,-42,96,6864,-9456,10508,-14,161,-163,-12968,4700,7108,-1029,102,-65,-12980,-5580,7580,-536,141,-130,0
2055.0053811073303,7620,6888,11892,-132,-60,96,6796,-9640,10388,-37,175,-174,-12932,4836,6796,-1050,128,-101,-13148,-5496,7828,-504,143,-124,0
2055.0389330387115,7652,6864,11652,-167,-38,78,6844,-9444,10536,-45,151,-165,-12940,4768,7160,-997,135,-89,-13124,-5572,7924,-474,102,-127,0
2055.0725560188293,7624,6868,11844,-137,-50,92,7160,-9516,10540,-50,151,-168,-12988,4916,6692,-1017,97,-89,-13144,-5560,7656,-516,140,-105,0
2055.1057810783386,7476,6784,11876,-177,-23,131,6864,-9568,10516,-17,139,-149,-12876,4752,6884,-1044,89,-57,-13076,-5584,7752,-514,126,-128,0
2055.1388001441956,7588,6976,11624,-127,-22,102,6852,-9380,10588,-7,160,-148,-12904,4772,6928,-1011,120,-93,-13108,-5716,7800,-486,101,-133,0
2055.172409057617,7596,6896,11528,-117,-80,89,6840,-9464,10484,-104,143,-187,-12896,4828,6932,-1033,100,-92,-13124,-5568,7764,-766,168,-125,0
2055.206027984619,7428,6812,11656,-180,-45,94,6844,-9492,10584,-255,135,-177,-12872,4828,6856,-1044,88,-73,-13192,-5556,7836,-474,134,-135,0
2055.2392830848694,7512,6812,11704,-159,-34,110,6784,-9704,10724,-25,161,-160,-12980,4632,6696,-1010,110,-13,-13132,-5720,7800,-461,109,-114,0
2055.2728900909424,7620,6840,11736,-166,-58,115,6744,-9552,10740,-28,122,-188,-12904,4796,6992,-989,102,-81,-13192,-5596,7744,-460,116,-125,0
2055.3065960407257,7540,6848,11780,-182,-117,111,6808,-9488,10576,-48,147,-180,-12920,4884,7028,-982,84,-123,-13124,-5524,7708,-488,149,-115,0
2055.3399600982666,7532,6820,12020,-163,-81,110,6788,-9516,10620,-29,136,-189,-13016,4844,6892,-981,115,-167,-13080,-5632,7692,-508,208,-102,0
2055.373471021652,7604,6680,11732,-174,-171,138,6800,-9428,10492,8,110,-227,-12860,4812,7108,-995,135,-97,-13112,-5824,7460,-503,228,-61,0
2055.4068589210506,7584,6808,11836,-190,-167,150,6760,-9444,10500,-14,80,-244,-12872,4684,7132,-986,151,-62,-13304,-5520,7664,-471,209,-77,0
2055.4405319690704,7576,6876,11956,-191,-139,155,6784,-9476,10544,-8,98,-220,-12944,4724,6700,-975,120,-109,-13232,-5544,7680,-494,196,-83,0
2055.4772760868073,7608,6912,11840,-200,-98,139,6776,-9420,10564,18,153,-204,-12952,4748,6912,-995,100,-135,-13176,-5532,7796,-491,208,-106,0
2055.5125091075897,7640,6840,11888,-230,-145,151,6844,-9440,10620,-19,113,-193,-13012,4676,7012,-995,105,-80,-13120,-5620,7732,-459,181,-114,0
2055.5480849742894,7704,6840,11728,-220,-149,142,6876,-9380,10492,-29,143,-192,-12952,4812,6888,-965,109,-116,-13240,-5520,7760,-466,167,-92,0
2055.5831990242004,7512,6836,11872,-206,-137,144,6840,-9452,10484,-10,118,-214,-12968,4656,6720,-985,115,-74,-13108,-5532,7660,-484,201,-117,0
2055.618740081787,7700,6744,11736,-196,-172,114,6904,-9540,10528,5,130,-200,-12924,4824,6884,-1000,86,-97,-13200,-5512,7752,-490,192,-99,0
2055.653259038925,7536,6860,11908,-208,-148,143,6792,-9428,10428,0,86,-214,-12932,4776,6928,-966,83,-122,-13152,-5564,7908,-451,203,-81,0
2055.68824505806,7672,6800,11792,-197,-156,146,6856,-9512,10452,17,116,-210,-12960,4804,6752,-1274,126,-121,-13200,-5576,7712,-498,179,-85,0
2055.7238240242004,7660,6812,11740,-188,-136,162,6820,-9464,10520,-5,97,-188,-13020,4732,6904,-1004,133,-108,-13168,-5556,7756,-495,176,-119,0
2055.7598199844365,7604,6880,11864,-190,-151,160,6812,-9452,10532,249,118,-196,-12912,4764,7132,-988,118,-100,-13120,-5636,7708,-484,158,-73,0
2055.7955729961395,7436,6864,11928,-215,-142,168,6788,-9356,10436,-26,109,-208,-12928,4752,6752,-1004,134,-86,-13112,-5524,7432,-486,155,-77,0
2055.830786943436,7772,6780,11604,-206,-162,152,6868,-9684,10468,-24,140,-181,-12964,4772,6968,-1026,90,-76,-13076,-5548,7796,-532,158,-123,0
2055.865803003311,7892,6792,11576,-228,-185,152,6912,-9468,10304,27,114,-207,-12956,4804,6980,-1012,78,-123,-13060,-5608,7740,-462,172,-82,0
2055.9017231464386,7536,6876,11700,-186,-122,127,6852,-9428,10604,-25,101,-190,-12912,4720,6760,-984,100,-114,-13164,-5608,7856,-480,182,-85,0
2055.9376940727234,7684,6820,11856,-209,-188,129,6660,-9472,10668,4,122,-230,-13004,4808,6880,-992,127,-114,-13124,-5536,7600,-492,226,-87,0
2055.9731590747833,7732,6832,11880,-219,-164,164,6948,-9316,10276,-17,104,-195,-12888,4772,6856,-1008,116,-110,-13104,-5476,7740,-447,138,-75,0
2056.0087130069733,7640,6716,11844,-204,-131,156,6864,-9720,10240,-17,91,-191,-12908,4784,6956,-1004,141,-62,-13060,-5568,7800,-455,141,-101,0
2056.0438549518585,7648,6792,11564,-196,-141,150,6860,-9444,10476,253,140,-214,-13044,4748,6952,-998,103,-128,-13124,-5592,7764,-516,162,-100,0
2056.0793149471283,7632,6844,11764,-159,-122,141,6896,-9268,10440,-42,91,-177,-12908,4740,6784,-1000,101,-66,-13108,-5568,7648,-527,170,-127,0
2056.1145370006566,7688,6896,11800,-114,-137,140,6932,-9400,10696,-21,109,-205,-12812,4760,6788,-770,143,-112,-12852,-5532,7628,-503,170,-97,0
2056.149959087372,7908,6896,11596,-124,-105,124,6744,-9120,10460,-59,62,-216,-12868,4744,6852,-1009,144,-131,-13196,-5548,7620,-478,174,-113,0
2056.183678150177,7872,6672,11820,-163,-129,105,6956,-9336,10288,-49,141,-190,-12952,4728,6644,-1005,130,-106,-13180,-5608,7636,-474,125,-132,0
2056.217339038849,7708,6772,11696,-190,-66,89,6848,-9368,10508,-35,159,-182,-12992,4828,6792,-1014,112,-17,-13236,-5516,7744,-489,118,-130,0
2056.2508039474487,7712,6700,11604,-149,6,68,6972,-9380,10444,-30,184,-140,-12900,4724,6892,-1051,85,-46,-13120,-5528,7728,-501,123,-167,0
2056.2843511104584,7832,6812,11728,-119,0,97,7116,-9220,10428,-38,167,-151,-13024,4756,6788,-770,74,-43,-13164,-5396,7528,-485,113,-140,0
2056.317969083786,7652,6848,11712,-118,-25,68,6676,-9440,10524,-75,148,-185,-12904,4788,6924,-1035,109,-60,-13188,-5880,7736,-491,129,-136,0
2056.3513691425323,7632,6852,11536,-131,-45,68,6836,-9444,10676,-52,171,-189,-12828,4812,6796,-1034,101,-96,-13152,-5552,7616,-497,150,-146,0
2056.384761095047,7712,6812,11776,-104,-48,81,6788,-9420,10384,-58,142,-175,-12920,4924,7120,-1037,85,-77,-13172,-5632,7740,-474,143,-164,0
2056.4182591438293,7636,6752,11772,-122,-39,107,6848,-9428,10604,-33,154,-165,-13044,4820,6780,-1033,112,-37,-13156,-5564,7512,-506,117,-141,0
2056.4519259929657,7460,6860,11524,-123,8,89,6828,-9432,10532,-42,148,-174,-12912,4800,6884,-1035,134,-74,-13068,-5528,7808,-484,134,-139,0
2056.48548412323,7652,6868,11936,-145,-17,80,6744,-9472,10312,-73,149,-165,-12836,4744,6956,-1014,134,-87,-13092,-5536,7784,-485,106,-119,0
2056.5190811157227,7820,6768,11844,-123,-41,80,6952,-9472,10588,-87,134,-169,-13016,4876,6884,-1045,93,-62,-13180,-5604,7712,-527,115,-134,0
2056.5525801181793,7756,6864,11704,-127,-28,86,6852,-9352,10444,-50,149,-164,-12960,4680,7000,-1019,83,-64,-13216,-5592,7684,-513,134,-142,0
2056.586076974869,7720,6848,11644,-114,-28,90,6892,-9480,10472,-34,141,-133,-12968,4684,6916,-975,106,-32,-13132,-5568,7720,-516,74,-143,0
2056.6197950839996,7604,6832,11700,-84,-45,75,6924,-9392,10340,-68,132,-158,-12856,4776,7060,-998,66,-65,-13260,-5508,7768,-477,132,-154,0
2056.6530849933624,7704,6796,11820,-193,-28,84,6888,-9424,10492,-30,190,-199,-12840,4736,6888,-997,106,-100,-13120,-5468,7932,-481,133,-127,0
2056.6866791248326,7756,6836,11656,-138,-29,83,6860,-9368,10336,-39,131,-160,-12948,4736,6948,-994,76,-39,-13152,-5588,7660,-451,82,-124,0
2056.720160007477,7800,6960,11912,-130,25,103,7076,-9364,10548,-30,145,-145,-12908,4776,7136,-969,64,-29,-13156,-5664,7696,-470,108,-140,0
2056.7534050941467,7532,6832,11976,-171,-12,75,6740,-9724,10536,-80,167,-181,-12960,4628,6804,-934,54,-56,-13076,-5648,7696,-488,100,-138,0
2056.7871239185333,7616,6844,11660,-109,-33,95,6764,-9520,10332,-47,107,-165,-12896,5056,6724,-961,79,-95,-13192,-5684,7608,-500,117,-135,0
2056.8207330703735,7676,6836,11804,-108,-50,87,6836,-9364,10684,-24,124,-162,-12936,4748,6904,-978,76,-94,-13008,-5532,7680,-505,154,-125,0
2056.8541350364685,7516,6788,11724,-153,-44,105,6724,-9440,10268,-7,132,-177,-12972,4824,6888,-986,112,-75,-13172,-5556,7720,-468,163,-126,0
2056.8875589370728,7696,6768,11856,-152,-75,119,6840,-9232,10700,-60,141,-202,-12876,4780,6888,-990,117,-65,-13136,-5512,7524,-499,145,-110,0
2056.9207849502563,7588,6876,11736,-148,-36,109,6808,-9680,10500,-73,134,-171,-12996,4812,6892,-955,82,-106,-13188,-5660,7828,-487,124,-153,0
2056.9542310237885,7624,6756,12020,-134,-32,95,7040,-9228,10508,-29,161,-171,-12972,4812,6880,-983,79,-97,-13084,-5588,7564,-499,137,-134,0
2056.9877259731293,7744,6824,11760,-135,-62,111,6900,-9496,10492,255,143,-162,-12920,4800,6960,-1024,89,-45,-13172,-5600,7756,-500,118,-142,0
2057.0212140083313,7912,6848,11824,-130,-58,116,6772,-9448,10444,-47,164,-176,-13056,4728,6940,-979,85,-39,-13096,-5492,7660,-480,117,-141,0
2057.054800987244,7632,6872,11672,-157,-39,78,6792,-9428,10488,-58,177,-199,-13000,4692,6712,-941,65,-59,-13208,-5580,7912,-500,145,-163,0
2057.0885379314423,7672,6868,11704,-160,-31,90,6664,-9380,10656,-24,136,-161,-12864,4844,6944,-770,96,-97,-13096,-5624,7776,-482,144,-129,0
2057.1220359802246,7700,6856,11804,-138,-49,105,6676,-9228,10552,-37,162,-174,-12868,4808,6992,-1008,106,-82,-13116,-5632,7668,-491,147,-112,0
2057.1581339836125,7612,6752,11824,-152,-33,90,6828,-9396,10564,-17,139,-161,-12840,4824,6796,-995,93,-60,-13144,-5468,7668,-496,124,-124,0
2057.1937000751495,7588,6952,11784,-165,-74,93,6836,-9540,10456,-42,156,-199,-12912,4752,6848,-978,82,-34,-13040,-5620,7608,-484,136,-129,0
2057.229243040085,7520,6920,11816,-135,-40,117,6948,-9232,10644,-39,150,-151,-12884,4840,6904,-997,117,-43,-13148,-5588,7724,-507,112,-115,0
2057.2652490139008,7452,6864,11880,-140,-41,93,6956,-9592,10512,-60,133,-159,-12920,4828,6876,-1031,41,-87,-13096,-5540,7804,-512,138,-125,0
2057.3007440567017,7576,6808,11884,-158,-27,99,6880,-9372,10572,-9,138,-166,-12940,4740,7104,-1002,152,-40,-13036,-5568,7732,-762,108,-96,0
2057.3360741138454,7752,6896,11628,-119,-54,103,6936,-9456,10248,-71,133,-176,-12808,4828,6924,-1010,86,-59,-13136,-5584,7660,-486,147,-114,0
2057.3717970848083,7744,6820,11968,-155,-33,83,6940,-9492,10552,-49,149,-181,-12856,4748,7064,-982,83,-132,-13176,-5488,7840,-461,147,-112,0
2057.4081480503082,7908,6804,11780,-143,-19,83,6908,-9448,10344,-26,147,-163,-12772,4796,6888,-1027,76,-31,-13036,-5796,7828,-470,123,-106,0
2057.44380903244,7644,6816,11720,-138,-37,81,6916,-9484,10560,-34,117,-173,-12828,4788,6804,-1009,111,-77,-13080,-5600,7776,-480,127,-101,0
2057.479804992676,7600,6864,11560,-163,-70,93,6808,-9608,10616,-54,170,-171,-12892,4724,7060,-1000,58,-114,-12808,-5584,7768,-490,111,-129,0
2057.515552997589,7708,7088,11660,-132,-46,99,6868,-9532,10440,-52,152,-148,-12980,4720,6892,-1004,91,-56,-13016,-5556,7808,-517,125,-170,0
2057.551356077194,7444,7156,11724,-137,-58,101,6752,-9664,10268,-22,127,-205,-12912,4820,6796,-778,122,-84,-13144,-5588,7768,-502,156,-81,0
2057.5872740745544,7624,6828,11648,-127,-34,112,6808,-9388,10480,-31,125,-208,-13052,4788,7080,-1053,127,-99,-13064,-5608,7820,-495,153,-116,0
2057.628232955932,7600,7060,11756,-169,-82,128,6776,-9524,10600,-33,125,-185,-12848,4840,6816,-1011,88,-58,-13092,-5612,7812,-487,133,-122,0
2057.6640081405644,7624,6944,11732,-155,-71,100,6848,-9480,10444,-28,170,-167,-12908,4864,6804,-1002,91,-85,-13296,-5512,7620,-470,128,-134,0
2057.6995689868927,7520,6944,11684,-181,-54,118,6792,-9484,10568,-30,154,-146,-12948,4756,6872,-1003,84,-71,-13252,-5580,7720,-491,130,-143,0
2057.734920024872,7660,6876,11576,-149,-42,99,6812,-9492,10536,-7,145,-184,-12888,4608,6704,-1001,134,-56,-13240,-5512,7732,-495,144,-125,0
2057.770453929901,7668,6888,11676,-164,-78,95,6824,-9408,10468,-30,152,-222,-12932,4800,6940,-1000,104,-98,-12968,-5556,7728,-483,172,-88,0
2057.8068130016327,7600,6908,11780,-160,-121,109,6780,-9508,10612,-18,142,-226,-12848,4924,6984,-1010,104,-113,-13116,-5572,7668,-482,180,-129,0
2057.840553045273,7596,6828,11704,-157,-106,133,6852,-9456,10612,-28,114,-225,-13024,4784,6924,-1045,144,-153,-13144,-5472,7832,-483,180,-85,0
2057.8741970062256,7572,7056,11680,-190,-116,127,6768,-9504,10456,-14,126,-209,-12920,4676,6672,-1021,144,-109,-13060,-5468,7724,-483,146,-86,0
2057.9074289798737,7624,6792,11644,-180,-140,135,6800,-9464,10668,-16,106,-193,-12916,4764,6924,-1047,166,-86,-13104,-5636,7732,-490,174,-44,0
2057.9410531520844,7736,6892,12016,-186,-125,144,6844,-9224,10380,-31,94,-183,-12896,4748,6876,-1023,148,-69,-13164,-5516,7760,-500,161,-90,0
2057.974420070648,7580,6780,11768,-177,-114,126,6860,-9432,10364,-42,138,-200,-12912,4796,6888,-1008,140,-102,-13280,-5588,7652,-500,184,-109,0
2058.0081911087036,7900,6832,11840,-201,-133,152,6824,-9400,10496,-34,126,-200,-12948,4740,6892,-981,103,-103,-13072,-5644,7796,-488,194,-57,0
2058.0416481494904,7444,6664,11736,-203,-104,128,7112,-9416,10320,-6,137,-196,-12956,4808,6912,-990,148,-60,-13156,-5720,7744,-462,150,-85,0
2058.0752789974213,7712,6848,11864,-205,-122,135,6860,-9560,10408,15,119,-188,-12920,4784,6988,-1020,80,-115,-13096,-5556,7664,-468,188,-85,0
2058.1087789535522,7704,6764,11980,-245,-177,147,6712,-9428,10648,16,128,-215,-12904,4836,6812,-1011,99,-131,-13160,-5724,7808,-472,176,-104,0
2058.1419010162354,7604,7000,11704,-179,-111,128,6688,-9392,10604,-14,157,-213,-12840,4752,7008,-964,108,-131,-13168,-5572,7864,-466,186,-79,0
2058.1752450466156,7680,6912,11764,-213,-131,137,6840,-9476,10532,-18,131,-217,-12912,4692,7132,-957,98,-110,-13124,-5572,7712,-465,189,-96,0
2058.2089879512787,7896,6768,11540,-218,-118,154,6808,-9344,10484,12,117,-178,-12952,4816,7160,-1006,112,-63,-13084,-5544,7884,-466,133,-62,0
2058.242443084717,7648,6860,11728,-160,-114,194,6876,-9348,10376,16,101,-190,-12876,4772,7184,-962,104,-59,-13292,-5544,7600,-453,128,-69,0
2058.276230096817,7696,6860,11848,-225,-114,164,6736,-9380,10416,-32,92,-175,-12924,4764,7164,-983,112,-75,-13120,-5532,7760,-485,119,-76,0
2058.3099920749664,7684,6816,11720,-198,-114,150,6868,-9496,10568,-17,114,-181,-12916,4732,6936,-984,79,-89,-13088,-5504,7708,-496,177,-109,0
2058.3437271118164,7628,6856,11820,-144,-113,144,6852,-9368,10532,26,98,-205,-12944,4684,6872,-979,87,-142,-13132,-5436,7732,-479,202,-63,0
2058.37738609314,7464,6740,11620,-204,-192,155,6792,-9416,10328,5,98,-220,-12756,4736,6924,-1014,120,-114,-13084,-5628,7932,-475,183,-93,0
2058.410670042038,7560,6552,11708,-161,-165,147,6900,-9228,10568,-8,122,-228,-12916,4916,6692,-769,153,-96,-13080,-5424,7724,-478,191,-110,0
2058.4443161487575,7684,6724,11748,-213,-141,123,7056,-9460,10524,25,101,-218,-13004,4868,6800,-991,129,-109,-13188,-5528,7716,-481,165,-93,0
2058.477952003479,7760,6796,11792,-195,-151,134,6680,-9360,10500,-1,113,-209,-12944,4848,7032,-1270,99,-94,-13144,-5484,7744,-501,185,-98,0
2058.5116901397705,7700,6856,11708,-186,-124,135,6784,-9380,10580,10,128,-167,-12952,4812,7008,-1019,118,-87,-13212,-5492,7732,-473,150,-87,0
2058.5454139709473,7704,6872,11788,-196,-113,151,6856,-9360,10612,-23,90,-181,-13012,4788,6904,-1009,85,-132,-13308,-5428,7480,-454,170,-93,0
2058.5789511203766,7676,6672,11544,-180,-137,134,6792,-9408,10460,-9,113,-232,-12864,4688,6772,-997,107,-94,-13148,-5572,7804,-496,153,-90,0
2058.612447023392,7696,6792,11860,-197,-98,148,6800,-9428,10692,-21,130,-194,-12920,4780,6824,-988,100,-73,-13180,-5536,7684,-504,168,-123,0
2058.6458139419556,7684,6804,11808,-186,-107,134,6840,-9372,10528,-20,94,-207,-12904,4756,6888,-1001,97,-99,-13172,-5472,7808,-497,153,-119,0
2058.679079055786,7724,6800,11696,-138,-107,133,6824,-9356,10476,-44,134,-207,-12844,4816,6864,-1034,112,-110,-13196,-5564,7684,-491,163,-104,0
2058.7127079963684,7736,6812,11760,-140,-84,125,7120,-9364,10296,-56,131,-187,-12928,5048,7160,-1003,123,-100,-13024,-5540,7612,-512,145,-123,0
2058.7464709281926,7912,6728,12008,-136,-78,91,7152,-9472,10488,-53,149,-188,-12836,4752,6828,-1002,130,-87,-13064,-5576,7668,-476,170,-158,0
2058.7799999713898,7804,6756,12024,-178,-24,98,6744,-9332,10536,-32,160,-176,-12960,4688,6868,-1017,109,-37,-13156,-5496,7620,-494,117,-121,0
2058.8133530616765,7876,6768,11956,-139,-50,120,7024,-9480,10488,-54,169,-142,-12988,4788,6752,-1005,71,-10,-13168,-5488,7452,-505,108,-143,0
2058.850790977478,7724,6776,12028,-155,-51,82,6936,-9432,10508,-19,175,-163,-12952,4736,6796,-1022,51,-87,-13164,-5636,7716,-463,116,-148,0
2058.885957956314,7876,6860,11964,-113,6,87,6836,-9368,10444,-18,162,-148,-12896,4780,6836,-1007,87,-40,-13140,-5852,7932,-506,115,-153,0
2058.9213449954987,7720,6792,11880,-108,-43,70,6824,-9500,10296,-38,159,-200,-12972,4780,6864,-1006,81,-79,-13108,-5384,7720,-501,164,-139,0
2058.957206964493,7712,6780,11732,-190,-44,72,6876,-9332,10552,-57,147,-166,-12908,4700,6652,-1034,44,-21,-13088,-5544,7776,-475,119,-135,0
2058.99249792099,7444,6828,11752,-107,-2,95,6836,-9460,10464,-43,147,-158,-13004,4820,7112,-1013,97,-56,-12832,-5604,7736,-472,74,-130,0
2059.0281751155853,7468,6856,11724,-179,2,95,6848,-9524,10284,-73,125,-149,-13008,4824,6892,-1012,112,-17,-13168,-5572,7744,-473,116,-134,0
2059.0636861324306,7528,6764,11844,-120,-10,86,6856,-9420,10488,-75,167,-166,-12892,4788,6924,-997,75,-31,-13136,-5452,7712,-518,130,-139,0
2059.0999641418457,7732,6840,11980,-78,-18,77,6916,-9596,10456,-48,163,-180,-12892,4748,6804,-1024,105,-84,-13152,-5548,7720,-492,120,-135,0
2059.1347730159764,7612,6772,11832,-138,-50,91,6840,-9704,10364,-60,148,-203,-12896,4844,6924,-1039,147,-73,-13160,-5576,7776,-758,124,-113,0
2059.1702201366425,7648,6860,11700,-112,-32,87,6840,-9468,10364,-51,134,-166,-12916,4796,6952,-1047,117,-74,-13112,-5648,7732,-506,128,-114,0
2059.2050549983974,7788,6896,11804,-123,-41,95,6904,-9504,10404,-60,159,-165,-13220,4812,6896,-989,127,-51,-13116,-5580,7812,-484,114,-131,0
2059.24059510231,7868,6836,12020,-132,-57,110,6684,-9236,10452,-32,166,-159,-12864,4752,6892,-1030,101,-72,-13104,-5572,7596,-463,99,-134,0
2059.276127099991,7600,6680,11716,-135,-5,95,6884,-9360,10584,-26,133,-161,-12868,4776,6896,-1039,80,-31,-12852,-5600,7792,-496,114,-137,0
2059.3119699954987,7704,6868,11752,-147,-45,100,6788,-9372,10744,-42,155,-174,-12952,4700,6892,-1000,98,225,-13096,-5668,7644,-460,123,-138,0
2059.348005056381,7588,6816,11848,-151,-42,77,6720,-9492,10328,-47,147,-188,-13008,4796,6860,-1016,90,-73,-13128,-5584,7732,-481,127,-108,0
2059.3833351135254,7648,6784,11712,-115,-35,92,6740,-9664,10452,-28,121,-160,-12908,4776,6740,-1268,92,-69,-13184,-5540,7704,-487,138,-121,0
2059.4190850257874,7596,6820,11692,-128,-47,119,6840,-9424,10628,-34,130,-168,-12872,4756,6916,-1003,93,-77,-13280,-5600,7612,-498,141,-143,0
2059.454064130783,7868,6816,12016,-137,-50,121,6852,-9340,10500,-19,121,-164,-12912,4732,6840,-1054,117,-61,-13172,-5560,7736,-494,147,-135,0
2059.490541934967,7704,6804,11656,-118,-68,109,6832,-9384,10548,-55,134,-191,-12880,4804,6936,-1019,100,-85,-13136,-5656,7816,-257,155,-131,0
2059.5242249965668,7648,6792,11600,-133,-61,119,6892,-9376,10532,-24,135,-192,-13096,4784,6848,-995,89,-33,-13220,-5668,7808,-485,132,-116,0
2059.5579061508174,7664,6964,11760,-167,-38,94,6824,-9376,10432,-53,151,-187,-12948,4704,6856,-937,111,-27,-13144,-5560,7628,-486,77,-99,0
2059.5916790962215,7712,6744,11824,-147,-68,104,6980,-9516,10512,-34,146,-146,-13052,4856,7088,-1007,74,-67,-13148,-5532,7716,-504,127,-119,0
2059.6252999305725,7656,6848,11752,-153,-55,116,6784,-9472,10528,-16,151,-190,-13052,4768,6988,-990,83,-107,-13052,-5872,7440,-495,129,-141,0
2059.658322095871,7508,6844,11640,-112,11,105,6784,-9416,10408,-11,150,-152,-12904,4768,7028,-988,84,-51,-13052,-5652,7688,-521,143,-134,0
2059.6917340755463,7628,6896,11892,-137,-67,94,6880,-9244,10436,-52,169,-197,-12928,4772,6936,-937,54,-66,-13104,-5532,7808,-492,131,-126,0
2059.7261860370636,7624,6944,11740,-166,-20,104,6876,-9412,10404,-20,155,-189,-12872,4796,6968,-968,101,-21,-13116,-5504,7688,-482,166,-111,0
2059.7604999542236,7592,7144,11820,-120,-26,102,6848,-9436,10476,-20,134,-180,-12884,4820,6852,-1021,92,-11,-13124,-5664,7944,-439,125,-132,0
2059.794098138809,7608,6824,11688,-163,-28,93,6744,-9468,10552,-44,131,-155,-12936,4900,7016,-979,108,-39,-13052,-5648,7780,-478,118,-112,0
2059.8276591300964,7652,6824,11840,-150,-52,109,6900,-9460,10648,-87,149,-169,-12920,4976,7348,-921,72,-73,-13120,-5572,7672,-489,133,-126,0
2059.8608860969543,7628,6824,11788,-143,-68,108,6824,-9460,10504,-63,139,-158,-13052,4708,7028,-1013,85,-85,-13060,-5572,7724,-525,149,-125,0
2059.8940501213074,7692,6816,11552,-151,-83,102,6668,-9456,10508,-17,112,-191,-13052,4772,6828,-1024,130,-69,-13012,-5556,7856,-503,164,-100,0
2059.9276909828186,7524,6656,11672,-132,-56,111,6784,-9432,10424,-24,110,-209,-12900,4752,6736,-1022,134,-56,-13036,-5388,7784,-495,159,-111,0
2059.961149930954,7660,6784,12008,-165,-70,147,6808,-9472,10572,-16,125,-178,-12936,4820,6904,-1001,88,-110,-13128,-5632,7688,-463,178,-118,0
2059.994756937027,7668,6880,11712,-183,-31,118,6736,-9412,10452,-2,131,-171,-12960,4804,7032,-1016,98,-64,-13180,-5612,7856,-470,162,-117,0
2060.028337955475,7672,6892,11728,-195,-60,119,6900,-9224,10580,-7,173,-154,-12960,4852,7068,-987,94,-92,-13096,-5616,7696,-486,152,-85,0
2060.061779022217,7584,6904,11980,-183,-88,136,6804,-9476,10704,-39,133,-200,-12940,4944,7024,-1003,122,-64,-13020,-5716,7856,-469,142,-91,0
2060.0952820777893,7484,6848,11796,-160,-119,131,6788,-9512,10648,-51,133,-208,-12904,4632,7048,-968,106,-102,-13108,-5596,7828,-490,161,-97,0
2060.1287660598755,7628,6884,11808,-172,-137,119,6888,-9460,10604,-17,98,-218,-12880,4820,6748,-1011,131,-114,-13048,-5668,7804,-490,197,-100,0
2060.1619710922246,7584,6812,11676,-192,-128,140,6800,-9472,10548,-23,100,-229,-12868,4752,6784,-998,130,-130,-13064,-5548,7836,-477,187,-104,0
2060.1955070495605,7588,6872,11812,-176,-110,161,6860,-9432,10424,-38,91,-203,-12844,4692,6960,-985,149,-104,-13244,-5572,7552,-492,206,-74,0
2060.229089975357,7612,6836,11664,-202,-131,125,6876,-9220,10404,-35,104,-205,-12836,4784,6916,-1004,119,-125,-13100,-5584,7708,-467,196,-83,0
2060.2625849246974,7700,6892,11832,-197,-143,153,6840,-9676,10708,-29,113,-220,-12820,4796,6732,-990,151,-114,-13112,-5632,7652,-486,180,-83,0
2060.2960340976715,7748,6824,11632,-204,-131,151,6840,-9392,10564,-35,105,-203,-12984,4812,6740,-1015,129,-145,-13248,-5572,7732,-503,168,-69,0
2060.3299570083614,7684,6892,11892,-194,-139,163,6796,-9444,10276,-11,94,-192,-12996,4784,7064,-1009,113,-143,-13096,-5564,7756,-499,161,-101,0
2060.3634700775146,7828,6816,11796,-224,-149,160,6888,-9380,10260,3,115,-208,-12884,4784,7044,-977,137,-79,-13144,-5548,7684,-475,183,-94,0
2060.3969810009003,7608,6848,11772,-236,-130,134,6920,-9364,10580,-25,137,-194,-12968,4676,6908,-988,125,-86,-13180,-5580,7908,-495,156,-96,0
2060.430485010147,7768,7096,12144,-229,-148,167,6844,-9512,10732,-253,97,-212,-13032,4784,6912,-1014,122,-100,-13196,-5672,7812,-488,154,-94,0
2060.4641160964966,7648,6900,11912,-247,-184,145,6792,-9448,10688,0,104,-193,-12936,4748,6880,-1013,123,-120,-13084,-5532,7960,-463,204,-118,0
2060.4974210262294,7712,6792,11752,-189,-150,142,6700,-9408,10556,18,131,-205,-12924,4728,6836,-1004,138,-94,-13120,-5660,7812,-455,156,-68,0
2060.5343310832977,7668,6868,11648,-206,-138,128,6836,-9428,10660,-36,138,-218,-12900,4760,6800,-1008,131,-105,-13156,-5520,7716,-487,201,-77,0
2060.569694042206,7640,6836,11736,-218,-162,138,6832,-9368,10520,-19,131,-183,-12928,4932,6860,-991,98,-101,-13184,-5520,7692,-472,142,-66,0
2060.604990005493,7760,6856,11868,-170,-129,150,6936,-9408,10528,15,84,-168,-12876,4816,6764,-1018,157,-83,-13240,-5496,7708,-461,131,-82,0
2060.6403851509094,7708,6832,11984,-222,-152,153,6828,-9464,10368,-12,95,-186,-12896,4740,6940,-1003,120,-102,-12888,-5572,7592,-493,145,-75,0
2060.675472021103,7708,6916,11716,-189,-165,136,6896,-9404,10548,-30,93,-186,-12972,4756,7112,-1009,134,-111,-13260,-5468,7716,-498,176,-72,0
2060.710857152939,7700,6728,11640,-152,-155,144,6864,-9348,10504,-6,104,-179,-12876,4776,6840,-769,116,-142,-13112,-5520,7476,-486,191,-71,0
2060.746253967285,7672,6792,11736,-187,-191,135,7124,-9404,10552,253,74,-232,-12928,4736,6848,-1034,173,-116,-13076,-5540,7460,-498,218,-72,0
2060.782254934311,7644,6760,11612,-148,-164,136,6816,-9420,10452,16,99,-231,-12896,4720,6816,-1021,148,-130,-13184,-5648,7692,-483,187,-64,0
2060.8180780410767,7760,6864,11800,-218,-129,133,7120,-9336,10644,9,122,-203,-12932,4800,6728,-995,177,-86,-13192,-5460,7440,-479,167,-97,0
2060.8533630371094,7776,6784,11644,-179,-114,147,6844,-9480,10492,-30,109,-200,-12980,5080,6804,-772,112,-81,-13104,-5484,7444,-261,164,-110,0
2060.8892481327057,7784,6704,11560,-175,-143,163,6860,-9432,10572,-22,139,-194,-12948,4780,6904,-1018,94,-97,-13132,-5548,7432,-494,140,-100,0
2060.9251091480255,7640,6776,11624,-169,-130,127,6884,-9360,10400,-55,99,-186,-12888,4756,6800,-998,112,-64,-13296,-5612,7464,-476,111,-111,0
2060.9612259864807,7720,6812,11748,-127,-109,115,6952,-9368,10420,-72,118,-186,-13004,4808,6692,-1052,82,-106,-13196,-5516,7640,-535,142,-175,0
2060.9971010684967,7704,6748,11804,-151,-108,112,6904,-9432,10508,-24,128,-167,-12840,4776,6848,-1033,82,-60,-13100,-5608,7736,-479,154,-145,0
2061.032422065735,7800,6824,11712,-135,39,119,6816,-9332,10496,-45,140,-169,-12968,4716,6728,-977,160,-52,-13104,-5628,7512,-468,105,-99,0
2061.0674800872803,7720,6808,11756,-135,-56,89,6920,-9540,10528,-72,154,-184,-12868,4760,6968,-1009,74,-121,-13132,-5556,7732,-533,141,-161,0
2061.1032569408417,7756,6860,11532,-139,-90,110,6904,-9308,10288,-47,182,-177,-13052,4744,6812,-968,104,-52,-13088,-5524,7660,-483,95,-138,0
2061.138674020767,7784,6804,11608,-140,-254,119,6804,-9328,10740,-38,160,-137,-12912,4728,7008,-972,110,-11,-13096,-5548,7788,-446,87,-111,0
2061.175050973892,7580,6892,11672,-170,42,105,6756,-9348,10252,-35,166,-116,-12880,4736,7000,-1036,88,-12,-13096,-5460,7796,-481,113,-135,0
2061.208709001541,7748,6792,11792,-131,-253,90,6804,-9488,10424,-44,181,-149,-13004,4792,6928,-1003,72,-56,-13304,-5844,7764,-489,154,-144,0
2061.2420110702515,7676,6780,11784,-126,-36,86,6928,-9492,10308,-22,157,-174,-12992,4812,6964,-990,50,-66,-13116,-5524,7756,-516,133,-195,0
2061.275484085083,7624,6880,11836,-118,-38,70,6808,-9444,10300,-33,179,-183,-12852,4800,6888,-1000,86,-69,-13132,-5592,7820,-480,161,-120,0
2061.3092420101166,7652,6784,11592,-132,-21,56,6892,-9232,10684,-28,135,-210,-12888,4812,6896,-979,95,-71,-13236,-5460,7628,-459,179,-168,0
2061.342493057251,7732,6824,11848,-161,-82,90,6880,-9512,10496,-37,137,-215,-12956,4620,6932,-988,80,-78,-13216,-5564,7820,-497,168,-150,0
2061.376158952713,7724,6768,11840,-138,-60,101,6672,-9412,10552,-58,158,-180,-12844,4808,6760,-990,84,-69,-13132,-5668,7864,-493,148,-137,0
2061.409558057785,7804,6856,11708,-159,-34,83,6668,-9332,10724,-63,193,-182,-12972,4780,6736,-1000,75,-56,-13084,-5628,7664,-484,108,-139,0
2061.442990064621,7732,6860,11824,-168,-42,81,6944,-9460,10492,-50,138,-188,-12972,4680,6800,-1005,90,-33,-13116,-5620,7696,-481,148,-104,0
2061.476639032364,7608,6848,11884,-169,-46,78,6888,-9400,10580,-29,126,-158,-12904,4752,7024,-1004,85,-51,-13176,-5432,7448,-504,101,-130,0
2061.510271072388,7660,6836,11632,-137,-25,85,6740,-9456,10480,-40,181,-155,-12816,4816,7032,-1011,68,-77,-13172,-5560,7584,-485,121,-117,0
2061.5435869693756,7440,6836,11896,-129,-22,90,6844,-9432,10288,-30,125,-172,-12940,4704,6832,-1028,102,-55,-13116,-5524,7744,-492,137,-149,0
2061.5772380828857,7616,6864,11752,-92,-44,111,6808,-9436,10484,-42,142,-189,-12900,4696,6972,-991,81,-76,-13092,-5560,7716,-501,144,-119,0
2061.6107630729675,7928,7144,11660,-120,-35,60,6900,-9356,10584,-19,149,-164,-12908,4868,6880,-769,94,-64,-13080,-5532,7932,-485,117,-150,0
2061.643914937973,7580,6868,11844,-149,-45,103,6944,-9408,10632,-35,149,-174,-12876,5060,7148,-1013,80,-85,-13224,-5600,7932,-266,102,-148,0
2061.6773920059204,7760,6788,11804,-120,-22,114,6856,-9464,10272,-49,149,-148,-12860,4796,6920,-1014,99,-58,-13112,-5600,7708,-485,132,-132,0
2061.7110500335693,7780,6820,11728,-137,-17,99,6736,-9444,10592,-42,155,-163,-12980,4740,6928,-1037,95,-70,-13268,-5652,7848,-488,97,-142,0
2061.7443239688873,7716,6844,11776,-127,-7,99,6736,-9248,10628,-28,134,-167,-12860,4848,6796,-1012,84,-40,-13176,-5576,7800,-483,126,-133,0
2061.777740955353,7708,6708,11692,-128,-26,75,6824,-9244,10720,-16,132,-165,-12976,4820,6840,-1022,106,-73,-13140,-5676,7700,-487,139,-131,0
2061.8112981319427,7656,6876,11936,-127,-36,95,6744,-9392,10484,-31,160,-192,-12912,4800,7164,-1002,87,-75,-13124,-5708,7740,-487,141,-145,0
2061.844903945923,7896,6836,11552,-141,-38,110,6824,-9432,10620,-33,149,-191,-12920,4892,7000,-1008,75,-107,-13248,-5624,7648,-484,133,-116,0
2061.8783869743347,7596,6712,11772,-121,-35,81,6804,-9724,10388,-13,169,-191,-12872,4736,6948,-997,91,-73,-13108,-5644,7740,-504,132,-131,0
2061.911920070648,7564,6880,11700,-141,-20,82,6856,-9400,10736,-9,131,-177,-12860,4828,6976,-1001,108,-63,-13192,-5632,7900,-434,173,-115,0
2061.9455859661102,7888,6820,11548,-172,-24,81,6824,-9340,10424,-55,132,-193,-12844,4740,6940,-992,102,-92,-13180,-5600,7768,-436,129,-121,0
2061.979120016098,7644,6808,11736,-152,-48,104,6864,-9476,10612,-59,146,-164,-13004,4860,6904,-1024,70,-82,-13196,-5580,7780,-494,108,-151,0
2062.012711048126,7612,6860,11748,-154,-38,71,6732,-9488,10552,-39,150,-145,-12972,4840,6796,-1040,67,-97,-13088,-5512,7796,-489,126,-122,0
2062.046128988266,7608,6840,11740,-143,-36,126,6732,-9248,10260,-21,137,-161,-12940,4832,7004,-1016,113,-50,-13188,-5644,7720,-495,102,-128,0
2062.0797901153564,7636,6804,11808,-103,-26,76,6808,-9560,10728,-73,129,-171,-12960,4772,6772,-995,77,-39,-13116,-5548,7472,-756,176,-122,0
2062.113433122635,7628,6904,11684,-156,-14,88,6788,-9468,10528,-9,137,-167,-12740,4740,6832,-769,123,-68,-13088,-5484,7752,-462,158,-118,0
2062.146886110306,7616,6892,11636,-127,-47,122,6988,-9416,10480,-13,127,-160,-12912,4820,6820,-1056,154,-48,-13136,-5616,7692,-476,127,-136,0
2062.180391073227,7632,6892,11724,-147,-21,116,6788,-9404,10500,-71,141,-149,-12936,4864,7028,-993,109,-19,-13044,-5568,7812,-473,102,-122,0
2062.2189190387726,7588,6836,12012,-179,-52,101,6804,-9460,10288,-59,151,-155,-12928,5076,7160,-997,93,-131,-13092,-5592,7732,-485,132,-149,0
2062.2539279460907,7564,6736,11696,-147,-40,112,6844,-9700,10724,-29,153,-171,-12984,4800,6892,-1036,120,-68,-13164,-5656,7852,-496,170,-116,0
2062.2894990444183,7588,6904,12028,-195,-83,125,6808,-9728,10564,255,129,-211,-12864,4688,6668,-1280,117,-138,-13300,-5540,7780,-464,202,-78,0
2062.3246579170227,7576,6836,11692,-188,-145,131,6724,-9460,10552,-46,143,-238,-12840,4856,6960,-995,145,-88,-13096,-5616,7896,-508,202,-93,0
2062.3607180118565,7648,6668,11736,-196,-145,153,6836,-9424,10732,-41,115,-210,-12960,4788,6964,-986,115,-156,-13096,-5752,7740,-527,188,-122,0
2062.3955960273743,7640,6832,11684,-189,-117,116,6808,-9460,10600,-11,136,-220,-12904,4812,7064,-1041,130,-87,-13048,-5840,7744,-472,174,-72,0
2062.4318249225616,7484,6868,11740,-189,-140,144,6876,-9384,10568,-35,114,-195,-13000,4708,6948,-771,143,-83,-13192,-5788,7648,-452,211,-82,0
2062.4676220417023,7680,6892,11748,-199,-125,136,6800,-9444,10464,-44,118,-195,-12884,4728,7052,-987,123,-138,-13132,-5612,7684,-470,154,-79,0
2062.5028071403503,7660,6912,11776,-228,-132,113,6864,-9492,10580,-51,135,-201,-13020,4644,6716,-984,111,-137,-13016,-5640,7612,-483,178,-103,0
2062.538139104843,7720,6768,11816,-209,-134,136,6832,-9484,10544,-42,124,-213,-12972,4628,6876,-990,127,-127,-13136,-5488,7752,-502,212,-88,0
2062.5736191272736,7648,6824,11896,-208,-132,153,6940,-9404,10544,-15,122,-206,-12988,4748,6852,-974,110,-111,-13120,-5544,7712,-474,200,-111,0
2062.609367132187,7784,6824,11860,-206,-138,141,6848,-9428,10512,-21,114,-204,-12948,4812,6676,-1002,121,-152,-13292,-5624,7664,-492,169,-91,0
2062.64888215065,7444,6672,11836,-197,-111,161,6808,-9332,10460,-250,100,-180,-12904,4780,6936,-1004,119,-97,-13172,-5504,7708,-492,194,-84,0
2062.6850049495697,7752,6848,11968,-211,-122,147,6868,-9344,10492,243,116,-206,-12896,4740,6900,-984,134,-126,-13260,-5548,7808,-473,188,-81,0
2062.72083902359,7780,6824,12000,-204,-118,175,6812,-9512,10560,-9,115,-182,-12932,4748,6812,-985,110,-92,-13140,-5496,7696,-502,165,-115,0
2062.7561061382294,7684,6808,11656,-195,-128,156,7148,-9716,10640,-8,88,-196,-12916,5032,6756,-1033,82,-70,-13132,-5648,7828,-483,194,-83,0
2062.7918469905853,7912,6656,11700,-239,-175,166,6872,-9344,10660,10,126,-210,-12900,4756,6964,-994,158,-100,-13124,-5696,7676,-461,172,-73,0
2062.8278069496155,7692,6820,11848,-194,-129,132,6784,-9492,10528,-41,122,-233,-12860,4848,7160,-957,99,-95,-13200,-5556,7468,-495,226,-96,0
2062.8635189533234,7860,6760,11744,-234,-181,128,6800,-9392,10388,-15,110,-237,-12920,4840,6740,-986,113,-94,-13164,-5444,7792,-460,169,-77,0
2062.896908044815,7800,6752,11692,-192,-120,149,6848,-9364,10496,-256,104,-177,-12904,4640,6736,-1002,90,-46,-13208,-5584,7836,-440,158,-87,0
2062.9304740428925,7640,6768,11700,-187,-140,140,6820,-9420,10672,-9,102,-183,-12920,4844,6948,-986,99,-80,-12888,-5536,7520,-485,127,-100,0
2062.9639689922333,7608,6868,11744,-179,-129,149,6816,-9436,10544,-22,129,-198,-12960,4760,6912,-979,95,-79,-13128,-5520,7440,-493,174,-108,0
2062.997452020645,7432,6740,11992,-147,-130,143,6856,-9424,10284,-37,127,-201,-12992,4772,6860,-770,102,-85,-13088,-5592,7652,-527,166,-104,0
2063.03067111969,7836,6740,11708,-187,-177,141,6788,-9372,10516,-6,97,-216,-12908,4812,6868,-1003,160,-113,-12812,-5632,7908,-525,219,-80,0
2063.064247131348,7784,6828,11768,-151,-146,150,6760,-9424,10324,-18,96,-221,-12844,4768,6740,-776,129,-110,-13148,-5452,7448,-479,190,-102,0
2063.0979239940643,7780,6784,11636,-184,-142,134,6904,-9392,10496,-42,114,-217,-12892,4896,6920,-961,139,-121,-13140,-5532,7772,-478,190,-97,0
2063.131506919861,7708,6820,12004,-173,-91,106,6692,-9704,10292,-47,112,-203,-12960,4748,6720,-1009,111,-114,-13188,-5492,7676,-478,153,-110,0
2063.164817094803,7716,6832,11640,-168,-106,105,7056,-9460,10484,-16,133,-174,-12916,4692,6784,-1017,97,-61,-13124,-5556,7700,-483,119,-133,0
2063.1984779834747,7796,6796,11676,-149,-68,110,6880,-9412,10500,-67,144,-176,-13000,4820,6876,-988,100,-78,-13092,-5476,7768,-486,97,-132,0
2063.2321779727936,7656,6756,11704,-152,-32,107,6892,-9384,10368,-47,150,-179,-12840,4820,6840,-1007,76,-86,-13156,-5536,7728,-478,147,-151,0
2063.265238046646,7812,6840,11944,-159,-51,76,6868,-9432,10532,-23,159,-181,-12964,4864,6852,-1019,89,-75,-13100,-5428,7636,-482,148,-132,0
2063.2987771034245,7792,6832,11696,-130,-13,91,6964,-9472,10480,-36,164,-138,-12952,4672,6732,-1009,83,-49,-13132,-5544,7852,-470,143,-145,0
2063.3323600292206,7700,6876,11588,-131,-3,81,6840,-9516,10456,-39,147,-174,-12904,4756,6796,-1012,91,-68,-13140,-5576,7668,-479,152,-149,0
2063.3658289909363,7900,6868,11792,-137,-1,96,6804,-9348,10256,-31,167,-176,-12896,4812,6660,-1032,114,-56,-13172,-5540,7712,-485,136,-136,0
2063.3991861343384,7592,6792,11744,-165,-50,89,7116,-9420,10572,-46,143,-186,-13016,4640,6668,-1030,114,-70,-13180,-5508,7900,-466,141,-116,0
2063.4328150749207,7700,6820,11740,-149,-34,95,6856,-9424,10596,-51,121,-139,-12968,4764,6952,-1279,72,-24,-13204,-5460,7828,-500,83,-134,0
2063.4660780429845,7876,6744,11836,-135,-17,88,6692,-9460,10432,-54,167,-155,-13004,4744,6984,-1010,51,-25,-13156,-5564,7900,-474,101,-173,0
2063.4998309612274,7784,6856,11836,-169,11,104,6800,-9236,10728,-31,144,-144,-12964,4756,6840,-1058,110,-18,-13180,-5664,7712,-522,71,-150,0
2063.5334141254425,7732,6820,11664,-126,-13,73,6804,-9528,10464,-57,176,-152,-12940,4760,7008,-1028,85,-67,-13156,-5416,7724,-495,114,-126,0
2063.5669760704045,7636,6772,11788,-169,-55,97,6844,-9448,10544,-56,165,-181,-12972,5104,6828,-989,115,-107,-13096,-5520,7680,-496,150,-133,0
2063.6006169319153,7900,6736,11664,-140,-33,95,6864,-9340,10380,-18,159,-162,-12924,4768,6964,-1014,108,-46,-13164,-5556,7776,-464,103,-115,0
2063.6341159343724,7440,6672,11744,-119,6,88,6888,-9420,10620,-48,151,-153,-12680,4612,6840,-1002,108,-237,-13180,-5552,7812,-479,86,-122,0
2063.6674699783325,7708,6780,11708,-156,-14,78,6868,-9512,10572,-48,153,-144,-12880,4740,6700,-1023,100,-58,-13264,-5600,7780,-496,107,-133,0
2063.7010810375214,7436,6804,11720,-122,14,102,6920,-9448,10648,-34,168,-164,-12952,4816,6912,-998,78,-96,-13144,-5616,7772,-261,101,-154,0
2063.7346470355988,7916,6864,11672,-97,-31,85,6736,-9400,10624,-37,164,-176,-12868,4780,6848,-1056,103,-95,-13200,-5512,7680,-498,154,-131,0
2063.7681839466095,7844,6756,11584,-116,8,85,6892,-9352,10392,251,117,-179,-12896,4756,7152,-1031,138,-80,-13044,-5832,7784,-496,139,-112,0
2063.8016741275787,7600,6804,11684,-114,-63,77,6756,-9416,10680,-21,139,-183,-12956,4740,6676,-1012,68,-47,-13196,-5648,7788,-500,116,-142,0
2063.83526301384,7844,6796,11560,-130,-25,85,6916,-9384,10596,-56,148,-166,-12868,4772,6880,-988,99,-89,-13156,-5576,7680,-498,133,-166,0
2063.8711919784546,7496,6836,11892,-147,-20,111,6840,-9408,10516,-35,144,-155,-12928,4700,6864,-770,89,-56,-13184,-5580,7780,-475,146,-150,0
2063.9061999320984,7636,7144,11700,-85,-19,89,6864,-9388,10512,-4,112,-152,-12908,4824,6820,-1268,85,-83,-13192,-5644,7692,-502,129,-176,0
2063.941807985306,7744,6908,11884,-120,-24,61,6740,-9376,10512,-53,175,-165,-12920,4792,6668,-979,76,-51,-13060,-5636,7660,-466,93,-125,0
2063.9776690006256,7640,6708,11700,-130,-40,55,6884,-9360,10560,-30,330,-121,-12884,5116,6880,-989,98,-95,-13100,-5572,7808,-485,138,-149,0
2064.012773036957,7564,6824,11796,-137,-31,80,6864,-9496,10500,-30,127,-178,-12880,4692,6992,-1009,89,-82,-13132,-5628,7788,-489,112,-155,0
2064.048735141754,7616,6892,11872,-135,-26,123,6796,-9656,10392,-6,171,-183,-12972,4624,6924,-1034,96,-97,-13096,-5628,7932,-500,150,-137,0
2064.0833780765533,7736,6804,11964,-132,-8,95,6848,-9524,10420,-34,321,-156,-12744,5044,6920,-1002,91,-61,-13072,-5888,7772,-469,152,-119,0
2064.1197271347046,7904,6872,11844,-169,-51,97,6792,-9416,10568,-43,148,-190,-12896,4740,6884,-1000,95,-65,-13160,-5808,7808,-478,127,-108,0
2064.154475927353,7672,6908,11880,-160,-60,101,6844,-9476,10448,-59,130,-158,-12852,4860,6952,-994,71,-63,-13128,-5392,7756,-258,132,-137,0
2064.1906180381775,7644,6856,11744,-169,-49,98,6848,-9568,10440,-17,147,-164,-12980,4812,6936,-1001,54,-44,-13140,-5592,7776,-495,134,-125,0
2064.225975036621,7428,7008,11736,-134,-1,86,6852,-9352,10756,-20,141,-153,-12824,4676,7164,-997,91,-47,-13132,-5556,7608,-488,114,-126,0
2064.261642932892,7692,6948,11720,-151,-23,83,6848,-9492,10620,-64,152,-183,-12908,5068,6968,-937,60,-87,-13088,-5556,7740,-478,160,-142,0
2064.2980420589447,7596,6848,11860,-168,-7,94,6784,-9476,10372,-42,171,-167,-12840,4804,7104,-992,66,-26,-13092,-5464,7736,-448,135,-134,0
2064.3338780403137,7616,6860,11820,-155,-246,111,6784,-9696,10296,-249,153,-157,-12896,4836,6964,-1001,90,-63,-13112,-5560,7764,-466,117,-114,0
2064.369395017624,7572,6864,11956,-194,-35,123,6812,-9264,10368,-46,139,-203,-12940,4824,6648,-975,118,-72,-13192,-5640,7672,-474,162,-111,0
2064.404417991638,7592,7148,11828,-221,-96,145,6820,-9480,10564,-27,146,-174,-12860,4788,6956,-978,102,-137,-13120,-5536,7844,-501,165,-99,0
2064.440192937851,7620,6908,11656,-162,-80,138,6812,-9448,10508,-2,102,-198,-12876,4700,7032,-1013,133,-65,-13000,-5616,7676,-484,165,-97,0
2064.47536611557,7652,6716,11636,-180,-150,167,6808,-9428,10252,-13,106,-209,-12796,5028,7028,-1018,140,-152,-13084,-5592,7756,-508,194,-88,0
2064.5108020305634,7580,6844,11708,-173,-170,155,6792,-9224,10488,240,115,-198,-12888,4812,7004,-1002,125,-152,-13180,-5644,7788,-481,204,-111,0
2064.5461599826813,7648,6824,11708,-220,-103,147,6760,-9452,10376,-20,100,-216,-12960,4808,6912,-1003,119,-97,-13116,-5616,7696,-482,161,-62,0
2064.579952955246,7628,6788,11720,-203,-118,156,6936,-9708,10472,-19,144,-194,-12908,4848,6868,-984,115,-86,-12900,-5544,7716,-460,218,-70,0
2064.6134989261627,7776,7160,11608,-231,-106,155,6740,-9408,10516,-23,127,-205,-12896,4732,6668,-982,121,-108,-13180,-5588,7488,-455,190,-64,0
2064.6469259262085,7844,6852,11744,-232,-164,149,6824,-9404,10568,-55,70,-223,-12944,4740,7032,-999,143,-161,-13168,-5844,7664,-467,207,-107,0
2064.6804919242854,7696,6824,11804,-207,-182,155,6900,-9492,10348,-36,138,-201,-12804,4708,7140,-979,78,-136,-13260,-5600,7564,-487,151,-86,0
2064.713979959488,7900,6852,11532,-220,-168,159,6664,-9440,10392,30,115,-228,-12880,4752,6904,-1026,95,-112,-13096,-5572,7716,-464,188,-90,0
2064.7481350898743,7548,6884,11520,-225,-130,165,6756,-9400,10468,30,124,-205,-12836,4772,6812,-979,127,-127,-13120,-5608,7696,-464,193,-78,0
2064.781891107559,7656,6876,11744,-205,-148,126,6672,-9232,10412,-11,126,-213,-12808,4756,6960,-1003,115,-106,-13076,-5480,7644,-472,211,-110,0
2064.8153810501094,7596,6764,11864,-207,-195,172,6864,-9368,10256,250,123,-193,-12872,4808,6908,-983,103,-103,-13156,-5480,7820,-490,165,-114,0
2064.8488070964813,7724,6780,11276,-187,-147,163,6816,-9356,10388,14,112,-190,-12980,4844,6828,-1004,149,-86,-13152,-5504,7700,-442,135,-69,0
2064.8821971416473,7748,6828,11980,-218,-128,178,6908,-9372,10532,-25,116,-186,-12956,4744,6940,-1039,173,-109,-13160,-5596,7724,-450,144,-74,0
2064.9155139923096,7688,6804,11732,-213,-93,180,6836,-9360,10708,-31,76,-161,-12936,4840,7088,-1000,145,-80,-13120,-5736,7644,-497,153,-64,0
2064.949068069458,7900,6788,11784,-180,-182,182,6888,-9412,10592,-26,115,-204,-12900,4612,6908,-1002,135,-113,-13124,-5576,7664,-764,199,-91,0
2064.982586145401,7672,6776,11728,-178,-198,140,6812,-9404,10508,-6,145,-232,-12892,4756,7028,-1031,131,-165,-13188,-5488,7748,-528,217,-81,0
2065.016188144684,7720,6768,11892,-162,-212,141,7148,-9420,10396,21,107,-244,-12820,4736,6688,-771,136,-190,-13140,-5460,7688,-481,230,-70,0
2065.0496759414673,7684,6752,11996,-174,-212,147,6708,-9672,10436,-27,79,-239,-13024,4892,6984,-1009,150,-166,-13124,-5516,7796,-495,219,-80,0
2065.0832500457764,7732,6744,11492,-167,-180,140,6928,-9400,10380,-1,100,-225,-12864,4816,6800,-987,125,-89,-13132,-5628,7820,-489,169,-67,0
2065.1168410778046,7800,6812,11628,-215,-149,112,6884,-9412,10488,-13,58,-227,-13020,4668,6972,-1015,161,-142,-13120,-5584,7920,-443,165,-78,0
2065.1499850749974,7712,6772,11600,-210,-184,164,6824,-9440,10740,0,101,-223,-13004,4756,6936,-1051,128,-134,-13132,-5444,7700,-257,200,-79,0
2065.1835889816284,7764,6672,11680,-200,-187,149,6824,-9408,10252,-16,97,-203,-12900,4772,7012,-1003,128,-129,-13172,-5520,7648,-516,191,-91,0
2065.2173631191254,7776,6736,11800,-153,-166,130,6892,-9368,10472,-51,91,-205,-12852,4672,6972,-1004,164,-119,-13100,-5516,7668,-259,161,-118,0
2065.250787019729,7784,6812,11768,-116,-160,124,6948,-9336,10424,-64,86,-216,-12888,4728,6788,-1035,134,-57,-13088,-5532,7712,-495,174,-83,0
2065.2843830585484,7724,6724,11564,-141,-119,123,6932,-9320,10376,-85,101,-217,-12932,4780,7096,-985,151,-85,-13144,-5600,7432,-511,166,-133,0
2065.3177819252014,7796,6756,11752,-125,-86,112,7084,-9384,10748,-83,128,-180,-12904,4604,6728,-1010,134,-100,-13172,-5476,7648,-525,150,-131,0
2065.351150035858,7796,6752,11632,-132,-35,85,6956,-9376,10468,-16,159,-165,-12976,4804,6792,-1050,46,-79,-13136,-5464,7820,-468,147,-91,0
2065.3846509456635,7736,6788,11560,-159,-28,96,7120,-9236,10352,-43,187,-148,-13012,4808,6696,-1069,106,-46,-13108,-5420,7876,-489,119,-118,0
2065.4182250499725,7844,6728,11456,-153,14,102,7164,-9404,10592,-47,184,-151,-13000,4684,6692,-1012,96,-21,-13228,-5500,7900,-484,96,-131,0
2065.4517600536346,7800,6820,11652,-120,-22,75,6664,-9256,10652,-45,175,-172,-12592,4732,6900,-1047,90,-74,-13128,-5544,7700,-475,114,-127,0
2065.4853961467743,7788,6780,12008,-114,12,102,6848,-9428,10496,-46,162,-185,-12920,4836,6948,-1022,95,-70,-13280,-5540,7816,-495,135,-147,0
2065.518929004669,7724,6808,11860,-111,-31,77,6800,-9472,10624,-36,164,-177,-13004,4728,6928,-1020,86,-54,-13072,-5588,7928,-506,135,-145,0
2065.5549221038814,7676,6796,11640,-128,-35,89,6840,-9340,10272,-38,148,-187,-12928,4716,6920,-1009,89,-82,-13020,-5544,7756,-503,136,-146,0
2065.590621948242,7872,6760,11532,-129,-41,77,6864,-9456,10472,-49,158,-178,-12932,4776,6940,-971,81,-55,-13308,-5500,7628,-483,150,-113,0
2065.6271021366124,7712,6800,11804,-148,-27,84,6820,-9344,10644,-63,170,-189,-12976,4772,6884,-946,104,-64,-13164,-5532,7556,-489,120,-135,0
2065.6623561382294,7832,6704,11732,-103,-60,85,6900,-9424,10596,-68,154,-140,-13008,4700,6756,-966,41,-65,-13260,-5628,7872,-528,107,-184,0
2065.6974649429326,7708,6800,11548,-145,-47,78,6664,-9460,10416,-26,158,-165,-12960,4676,6852,-995,59,-33,-13064,-5560,7712,-476,100,-167,0
2065.732527971268,7736,6700,11772,-121,73,87,6920,-9408,10512,-46,158,-148,-12992,4812,6860,-961,88,-40,-13264,-5384,7624,-482,96,-129,0
2065.7676241397858,7908,6864,11824,-146,-41,87,6964,-9388,10416,-60,171,-178,-12992,4740,6712,-943,65,-66,-13156,-5500,7676,-508,148,-114,0
2065.8032031059265,7760,6788,11772,-156,-35,69,6860,-9412,10472,-34,147,-168,-12980,4724,6880,-998,78,-55,-13260,-5596,7780,-479,109,-151,0
2065.838865995407,7636,6792,11668,-97,7,76,6948,-9404,10680,-15,132,-135,-12940,4672,6660,-1000,28,-50,-13132,-5620,7672,-458,63,-142,0
2065.873799085617,7672,7116,11892,-173,-17,87,6796,-9448,10384,-51,153,-162,-12904,4684,6892,-999,73,-54,-13088,-5612,7812,-479,84,-146,0
2065.9092469215393,7612,6832,11752,-145,0,74,6796,-9224,10684,-74,190,-146,-12600,4848,7060,-974,77,-66,-13188,-5464,7500,-495,105,-148,0
2065.944307088852,7764,6664,11672,-129,-24,87,6844,-9464,10572,-41,157,-147,-12804,4800,6928,-1038,99,-63,-13104,-5468,7720,-499,160,-118,0
2065.980052947998,7700,6864,11712,-86,-44,74,6808,-9376,10508,-50,146,-187,-12896,4756,6952,-1000,150,-70,-13084,-5576,7736,-520,133,-106,0
2066.015608072281,7672,6736,11880,-127,-87,95,6880,-9724,10284,-43,115,-199,-12868,5032,7120,-980,94,-70,-13224,-5456,7784,-513,116,-138,0
2066.051852941513,7796,6848,12028,-136,-43,91,7040,-9404,10428,-30,137,-174,-13032,4796,6848,-1023,74,-68,-13072,-5524,7840,-500,152,-172,0
2066.0882329940796,7620,6796,11816,-156,-26,76,7032,-9464,10520,-37,174,-150,-12920,5108,7088,-1011,67,-56,-13080,-5396,7476,-475,116,-135,0
2066.1236889362335,7592,6840,11540,-136,-11,94,6832,-9372,10316,-28,153,-138,-12940,4744,6940,-986,66,-68,-12880,-5888,7624,-490,123,-145,0
2066.158761024475,7628,6800,11716,-153,-43,91,6728,-9400,10312,-71,152,-166,-12940,4748,6892,-978,90,-27,-13060,-5472,7676,-473,87,-120,0
2066.1954431533813,7664,6808,11720,-151,-65,76,6788,-9388,10632,-43,152,-165,-12864,4888,6932,-971,55,-87,-13064,-5556,7820,-460,114,-137,0
2066.229103088379,7660,6856,11648,-149,-62,85,6752,-9372,10300,-26,178,-158,-12904,4780,7072,-1008,50,-54,-13292,-5604,7692,-522,149,-150,0
2066.2625710964203,7664,6800,11804,-132,-38,74,6824,-9420,10408,-13,153,-179,-12920,4884,6960,-1031,92,-73,-13068,-5888,7712,-509,128,-124,0
2066.296226024628,7608,6904,11532,-132,-41,123,6824,-9404,10524,-25,141,-192,-12932,4784,6812,-972,102,-22,-13076,-5588,7752,-488,149,-128,0
2066.3297169208527,7648,6824,11828,-155,-36,108,6780,-9228,10240,-16,120,-169,-12872,4772,6784,-1006,137,-74,-13160,-5584,7752,-419,122,-113,0
2066.363186120987,7628,6864,11756,-141,-54,117,6868,-9432,10368,-55,133,-154,-12908,4868,6888,-1013,111,-58,-13132,-5796,7748,-495,109,-101,0
2066.3964769840245,7904,6724,11804,-155,-45,122,6856,-9504,10484,-25,129,-144,-12892,4796,7072,-1015,56,-54,-13080,-5636,7652,-501,134,-150,0
2066.4301619529724,7748,6768,11844,-158,-54,98,6840,-9336,10480,-10,192,-159,-12828,4836,6664,-773,110,-22,-13076,-5624,7712,-483,103,-126,0
2066.4637899398804,7624,6916,11732,-107,-84,93,6836,-9236,10304,-78,143,-140,-12952,4792,6796,-1007,89,-69,-13068,-5564,7796,-481,131,-139,0
2066.497390985489,7716,6896,11848,-170,-29,69,6780,-9468,10668,-25,150,-203,-12892,5056,6992,-970,97,-100,-13104,-5544,7876,-466,152,-132,0
2066.5310089588165,7604,6852,11748,-160,-29,100,6884,-9360,10668,-23,167,-186,-12968,4776,6688,-1050,136,-58,-13092,-5572,7452,-453,142,-126,0
2066.5644841194153,7668,6836,11744,-169,-26,78,6868,-9432,10616,-40,142,-162,-12880,4692,7048,-1279,103,-45,-13280,-5540,7700,-450,124,-126,0
2066.5980451107025,7644,6832,11992,-198,-63,113,6844,-9448,10528,-41,175,-155,-12864,4808,6924,-997,109,-71,-13148,-5580,7768,-473,142,-98,0
2066.631576061249,7528,6892,11780,-193,-52,120,6784,-9248,10736,-25,161,-183,-12956,4792,7088,-1035,113,-120,-13124,-5572,7816,-505,165,-103,0
2066.6648111343384,7504,6932,11880,-168,-88,126,6712,-9528,10488,-256,110,-202,-12900,4804,6976,-1051,117,-142,-13076,-5588,7892,-482,223,-75,0
2066.6984629631042,7460,6716,11808,-174,-92,159,6772,-9368,10636,20,99,-228,-13048,4824,6816,-1033,163,-119,-13008,-5520,7836,-494,213,-77,0
2066.731976032257,7576,6816,12012,-167,-166,148,6808,-9440,10572,-14,93,-228,-12860,4760,6968,-1003,158,-77,-13128,-5640,7876,-486,180,-76,0
2066.7653839588165,7428,6836,11668,-200,-144,125,6780,-9536,10592,-44,105,-202,-13012,4760,6784,-978,153,-117,-13076,-5540,7724,-482,192,-84,0
2066.798802137375,7660,6748,11852,-206,-128,143,6752,-9448,10680,-11,126,-205,-12832,4632,6696,-1027,158,-124,-13216,-5472,7808,-511,168,-52,0
2066.8324050903325,7884,7120,11884,-217,-126,177,6784,-9232,10476,-15,103,-200,-12836,4760,6676,-1013,147,-94,-13100,-5652,7612,-444,195,-44,0
2066.865816116333,7680,7088,11800,-218,-137,151,6836,-9688,10476,250,121,-210,-12968,4804,7044,-1002,152,-117,-13060,-5556,7732,-452,183,-117,0
2066.8989629745483,7684,6912,11596,-250,-201,135,6892,-9400,10480,-40,147,-218,-12952,4796,6832,-981,115,-114,-13200,-5572,7668,-493,172,-77,0
2066.9326000213623,7808,6804,11596,-231,-157,135,6868,-9484,10508,-10,130,-203,-12956,4636,6828,-1008,109,-133,-13188,-5572,7788,-476,205,-120,0
2066.9663541316986,7564,6800,11692,-189,-148,135,6772,-9508,10552,2,132,-208,-12920,4796,6904,-1013,112,-167,-13232,-5692,7700,-494,186,-93,0
2066.9998459815974,7888,6728,11960,-200,-174,150,6868,-9452,10544,11,116,-209,-12956,4776,6848,-1009,101,-128,-13292,-5512,7736,-490,185,-103,0
2067.033463001251,7932,6876,11740,-202,-106,160,6844,-9656,10552,-3,127,-180,-12884,4748,7164,-1002,119,-99,-13144,-5424,7684,-466,204,-83,0
2067.066992998123,7568,6772,11712,-217,-118,142,6800,-9464,10500,-12,110,-216,-12940,4752,6876,-998,101,-78,-13216,-5552,7684,-475,187,-66,0
2067.100522994995,7668,6836,11792,-207,-191,171,6820,-9240,10640,2,85,-188,-12904,4764,6808,-1014,122,-110,-13160,-5512,7804,-487,199,-57,0
2067.1338689327245,7928,6764,11680,-217,-175,158,6820,-9408,10580,24,103,-214,-12840,4644,6996,-1015,135,-123,-13100,-5532,7740,-473,175,-110,0
2067.1672739982605,7432,6792,11664,-185,-152,156,6780,-9400,10608,7,97,-218,-12956,4788,7040,-1000,152,-104,-13160,-5552,7876,-467,185,-103,0
2067.2009420394897,7516,6844,11832,-190,-161,160,6756,-9552,10496,-251,133,-210,-13024,4852,6932,-949,122,-92,-13116,-5464,7736,-490,238,-97,0
2067.2377440929413,7748,6780,11648,-227,-179,166,7088,-9380,10644,-13,85,-215,-12948,4812,6768,-1275,114,-148,-13144,-5488,7652,-467,161,-83,0
2067.2727110385895,7832,6876,11572,-193,-151,167,6692,-9416,10692,-249,111,-188,-12928,4740,7076,-987,139,-85,-13160,-5496,7724,-465,157,-73,0
2067.3079359531403,7804,6760,11680,-225,-136,135,6836,-9348,10500,13,111,-192,-12860,4812,6852,-1020,138,-134,-13184,-5380,7740,-470,186,-67,0
2067.343649148941,7428,6832,11940,-206,-210,173,6832,-9444,10616,-16,69,-229,-12888,4776,6776,-1005,120,-147,-13164,-5500,7692,-512,244,-70,0
2067.3799929618835,7808,6776,11676,-133,-199,153,6944,-9420,10360,24,72,-222,-12884,4780,6724,-996,183,-142,-13060,-5596,7904,-502,240,-46,0
2067.4152929782867,7428,6680,11716,-173,-200,183,7096,-9316,10448,-21,46,-232,-12840,4816,6808,-1002,185,-165,-13228,-5504,7716,-483,230,-32,0
2067.450809955597,7896,6764,11632,-154,-233,180,6888,-9344,10448,-41,63,-264,-13020,4772,6700,-971,183,-88,-13084,-5604,7492,-484,198,-80,0
2067.4861381053925,7736,6844,11880,-184,-178,163,6868,-9356,10548,-67,73,-220,-12932,4852,6808,-981,157,-147,-13192,-5492,7524,-506,199,-113,0
2067.5218510627747,7844,6724,11576,-149,-103,134,7056,-9372,10484,-37,92,-179,-12848,4832,6900,-999,119,-99,-13092,-5512,7684,-545,150,-126,0
2067.5581109523773,7804,6780,11584,-128,-131,142,6820,-9408,10480,9,105,-172,-12960,4676,6792,-1072,192,-97,-13180,-5508,7716,-519,206,-102,0
2067.5931770801544,7872,6808,11544,-136,-164,136,6968,-9396,10432,-2,138,-197,-12948,4768,7084,-991,111,-142,-13228,-5624,7712,-767,178,-119,0
2067.6287961006165,8160,6796,11876,-150,-124,108,6980,-9300,10548,-8,159,-205,-13004,4804,7072,-981,106,-145,-13208,-5508,7772,-258,169,-145,0
2067.6723339557648,7856,6680,11692,-159,-93,94,6932,-9424,10748,5,120,-218,-13016,4816,6752,-1018,75,-139,-13220,-5468,7632,-764,182,-137,0
2067.7084829807286,7872,6800,11668,-112,-139,109,6868,-9360,10512,15,134,-240,-12836,4644,6768,-1012,139,-164,-13224,-5600,7560,-758,202,-88,0
2067.7433109283447,7844,6796,11456,-149,-139,142,6696,-9260,10496,31,151,-1,-12864,4752,6940,-1038,199,-161,-13188,-5512,7576,-472,241,-97,0
2067.778268098831,7856,6836,11740,-155,-175,155,6972,-9300,10712,-14,103,-234,-13276,4828,6816,-992,138,-123,-13228,-5380,7708,-520,229,-78,0
2067.8138940334325,7892,6744,11756,-155,-182,165,6832,-9444,10720,6,96,-223,-12904,4676,6832,-1041,178,-182,-13228,-5540,7488,-474,255,-93,0
2067.849740982056,7844,6772,11744,-146,-200,161,6852,-9412,10720,-256,36,-271,-12920,4648,6760,-776,171,-150,-13116,-5784,7532,-489,244,-61,0
2067.886517047882,8084,6848,11684,-157,-207,171,6936,-9404,10616,-252,79,-251,-12988,4612,6820,-990,157,-156,-13204,-5556,7680,-473,239,-69,0
2067.920140981674,7920,6884,11600,-216,-209,177,7000,-9276,10496,-5,78,-2,-12956,4772,6716,-1004,178,-156,-13140,-5452,7556,-467,202,-26,0
2067.9536049366,7820,6688,11620,-174,-201,191,7156,-9264,10608,-250,46,-235,-13004,4668,6800,-775,226,-113,-13320,-5476,7772,-442,209,-42,0
2067.9873530864716,7848,6752,11632,-185,-122,150,6956,-9276,10684,-19,56,-226,-13028,4668,7024,-1067,203,-96,-13240,-5524,7656,-507,173,-80,0
2068.020828962326,7864,6796,11780,-157,-140,151,6720,-9432,10280,15,110,-229,-13044,4720,6760,-1059,160,-120,-13284,-5544,7644,-517,217,-75,0
2068.0543861389165,7880,6672,11588,-156,-161,135,7036,-9488,10408,-8,78,-241,-12952,4692,6764,-1279,200,-170,-13072,-5500,7480,-504,499,-78,0
2068.088032960892,7884,6688,11704,-175,-197,177,6896,-9348,10476,5,80,-263,-13220,4724,6744,-1054,213,-203,-13144,-5528,7612,-484,240,-44,0
2068.1216740608215,7904,6708,11660,-177,-163,147,6892,-9300,10404,-8,98,-511,-13016,4360,6888,-1008,193,-127,-13132,-5564,7544,-434,175,-68,0
2068.154883146286,7788,6724,11628,-237,-203,131,6964,-9352,10512,-37,125,-267,-12932,4720,6760,-986,177,-116,-13204,-5440,7612,-474,220,-47,0
2068.1885499954224,7988,6784,11616,-242,-131,141,7048,-9332,10256,-30,103,-224,-12968,4788,6728,-1023,214,-77,-13328,-5572,7660,-492,185,-66,0
2068.222185134888,8024,6784,11936,-219,-107,157,6992,-9308,10464,-37,96,-205,-13076,4704,6812,-967,161,-70,-13288,-5504,7572,-463,128,-78,0
2068.255597114563,7888,6716,11836,-247,-88,138,6936,-9416,10632,-16,165,-168,-13092,4736,6808,-961,143,-113,-13160,-5592,7572,-498,158,-103,0
2068.289456129074,7920,6720,11696,-196,-163,149,6900,-9324,10516,8,145,-213,-13088,4664,6840,-1001,137,-126,-13248,-5432,7660,-504,133,-130,0
2068.322979927063,8180,6476,11556,-179,-175,145,6900,-9324,10512,-12,152,-190,-13068,4572,6708,-1010,104,-98,-13260,-5488,7596,-500,154,-136,0
2068.356724023819,7936,6708,11716,-171,-140,113,6936,-9336,10428,-7,205,-172,-13036,4676,6788,-971,44,-57,-13304,-5536,7624,-523,112,-167,0
2068.3898479938507,8016,6672,11672,-176,-136,111,6912,-9296,10444,10,185,-165,-13168,4700,6740,-978,20,-100,-13244,-5456,7548,-500,102,-174,0
2068.4232709407806,7724,6716,11604,-207,-126,109,7052,-9392,10716,30,221,-171,-13036,4644,6756,-988,54,-111,-13208,-5428,7488,-454,105,-142,0
2068.457015037536,7920,6764,11592,-189,-87,119,7164,-9248,10676,14,191,-156,-13080,4808,6512,-980,103,-79,-13276,-5468,7636,-493,81,-181,0
2068.4903440475464,8064,6776,11712,-210,-100,109,6912,-9280,10532,49,209,-143,-13268,4672,7148,-894,15,-14,-13236,-5516,7440,-530,73,-201,0
2068.5238881111145,7920,6728,11468,-198,-7,61,6932,-9332,10520,7,293,-124,-12920,4612,6684,-921,-36,-11,-13156,-5464,7900,-529,69,-501,0
2068.5574350357056,7776,6688,11528,-128,53,27,6904,-9192,10460,19,302,-90,-12856,4696,6680,-932,7,10,-13292,-5416,7436,-560,56,-511,0
2068.5910549163814,7880,6584,11448,-161,188,8,6836,-9144,10320,-14,331,-99,-12812,4656,6624,-923,44,59,-13088,-5384,7476,-477,35,-279,0
2068.6247019767766,7940,6512,11344,-256,349,-24,6964,-9224,10376,82,441,18,-13020,4648,6728,-970,-61,138,-12932,-5560,7184,-474,-4,-288,0
2068.6579740047455,7896,6644,11704,-264,435,-51,6968,-9276,10528,133,447,19,-12964,4664,6700,-1024,-75,154,-13096,-5516,7628,-428,9,-287,0
2068.6914169788365,7836,6784,11864,-251,359,-28,6916,-9384,10608,18,370,-14,-13056,4728,6976,-1000,-77,79,-13284,-5584,7516,-476,-252,-267,0
2068.724936962128,7980,6800,11836,-120,276,-35,6808,-9424,10548,-46,344,-58,-13024,4752,6924,-958,-133,32,-13084,-5596,7548,-572,29,-294,0
2068.7584681510925,7764,6728,11752,-48,253,-26,6824,-9412,10660,-60,297,-63,-12968,4696,6840,-959,-87,33,-13092,-5548,7752,-464,73,-221,0
2068.792158126831,7844,6768,11992,-109,168,41,6796,-9460,10676,-89,254,-63,-12836,4784,6904,-897,-57,27,-13308,-5592,7756,-525,41,-150,0
2068.8257000446324,7532,6800,11824,-65,103,68,6700,-9312,10572,-119,177,-66,-12888,4784,6692,-931,-35,51,-12852,-5380,7856,-518,47,-142,0
2068.859442949295,7428,6808,11728,-133,75,102,6784,-9380,10684,-137,161,-64,-12892,4624,6704,-879,252,-246,-13120,-5688,7804,-511,-3,-126,0
2068.892394065857,7604,6820,11804,-171,160,75,6740,-9384,10640,-131,157,-70,-12892,4800,6672,-524,26,50,-13108,-5584,7720,-449,-48,-112,0
2068.929826974869,7584,6808,11968,-129,144,78,6768,-9384,10488,-157,162,-80,-12976,4668,6720,-835,7,25,-13024,-5580,7688,-521,-10,-161,0
2068.965600013733,7764,6696,11780,-117,122,64,7088,-9384,10636,-121,215,-68,-12928,4884,6920,-862,32,-25,-13204,-5672,7652,-526,30,-175,0
2069.000647068024,7656,6744,11824,-154,193,35,6784,-9376,10636,-110,212,-72,-12868,4756,6932,-832,-15,38,-13128,-5412,7752,-500,28,-144,0
2069.036152124405,7652,6824,11796,-223,104,37,6792,-9456,10596,-136,226,-76,-12928,4648,7044,-834,6,23,-13028,-5508,7724,-459,-240,-129,0
2069.0727820396423,7452,6688,12020,-177,92,61,6704,-9460,10560,-130,170,-93,-12896,5080,6676,-917,63,-240,-13196,-5540,7716,-499,10,-170,0
2069.1086649894714,7808,6768,11772,-186,117,54,6872,-9632,10720,-115,182,-81,-12944,4644,6844,-916,47,31,-13076,-5600,7788,-467,-12,-153,0
2069.1440060138702,7616,6796,11724,-181,127,56,6736,-9400,10608,-134,166,-77,-13012,4944,7036,-907,56,32,-13168,-5864,7624,-463,-23,-149,0
2069.179481983185,7648,6808,12016,-153,97,88,6776,-9256,10552,-112,189,-54,-12880,4896,6752,-968,21,9,-13104,-5652,7796,-475,-11,-164,0
2069.2144310474396,7492,6664,11788,-189,77,53,6732,-9552,10632,-76,237,-76,-12848,5036,7072,-989,-51,43,-13044,-5608,7632,-524,19,-215,0
2069.2505009174347,7556,6808,11836,-130,71,18,6712,-9264,10640,-82,263,-79,-12828,5024,7008,-958,-72,-16,-13144,-5644,7896,-509,11,-227,0
2069.2861239910126,7512,6744,11788,-178,59,27,6632,-9372,10612,-63,225,-100,-12772,4924,6896,-891,38,5,-13024,-5628,7840,-486,9,-148,0
2069.3219311237335,7560,6696,11868,-184,90,86,6596,-9248,10544,-99,151,-119,-12748,5052,6752,-968,147,44,-12996,-5540,7932,-473,29,-119,0
2069.357985973358,7480,6700,11868,-136,25,103,6684,-9708,10284,-97,85,-117,-12972,5012,7016,-1278,125,-20,-13008,-5832,7816,-485,75,-139,0
2069.3934609889984,7636,6712,11864,-155,22,103,6796,-9680,10636,-80,141,-119,-12836,4984,6796,-1032,93,-27,-13028,-5668,7896,-522,42,-151,0
2069.4291501045227,7440,6800,11860,-123,37,98,6732,-9612,10572,-108,172,-115,-12564,4940,7004,-982,91,-36,-13096,-5464,7856,-486,40,-165,0
2069.4639110565186,7524,6804,11708,-136,12,65,6792,-9392,10488,-76,210,-124,-12912,4960,7048,-936,49,254,-13312,-5452,7728,-494,81,-163,0
2069.499974966049,7444,6824,11788,-125,119,69,6644,-9288,10484,-41,197,-112,-12800,4944,7112,-1007,70,-54,-12940,-5656,7868,-492,90,-145,0
2069.5350930690765,7580,6808,11964,-156,18,61,6644,-9520,10472,-56,177,-147,-12852,5028,6908,-958,59,-60,-12836,-5448,7892,-469,92,-127,0
2069.570981025696,7508,6808,12124,-171,51,65,6820,-9668,10328,-69,173,-141,-12812,4956,6788,-950,69,-34,-12920,-5680,7856,-464,97,-122,0
2069.604490041733,7456,6836,11964,-198,21,71,6660,-9444,10508,-77,159,-155,-12852,4900,6852,-1019,82,-57,-12936,-5632,7840,-465,132,-129,0
2069.63796210289,7444,6840,11916,-180,19,96,6692,-9552,10580,-78,121,-160,-12748,5032,6704,-1011,142,-40,-13024,-5752,7892,-425,83,-75,0
2069.671406984329,7376,6828,11704,-178,4,124,6580,-9428,10620,-128,114,-181,-12792,5028,7000,-930,110,-53,-13004,-5664,7728,-435,53,-79,0
2069.7050161361694,7564,6756,12040,-160,0,122,6728,-9372,10544,-145,122,-130,-12840,5080,6900,-982,89,-39,-13048,-5632,7852,-446,68,-93,0
2069.7384281158447,7456,6828,11728,-197,18,116,6652,-9428,10696,-91,140,-121,-12628,4944,6984,-952,105,234,-13012,-5652,7892,-407,112,-69,0
2069.771956920624,7476,6796,11832,-154,95,102,6412,-9540,10720,-87,135,-130,-12844,4984,6768,-962,106,-252,-13208,-5612,7880,-454,42,-86,0
2069.8054509162903,7384,6768,11804,-179,92,73,6908,-9688,10584,-100,168,-126,-12900,5004,6812,-916,61,36,-12916,-5452,7928,-476,75,-109,0
2069.8390040397644,7496,6748,11860,-216,33,101,6664,-9564,10472,-85,186,-114,-12984,4960,6772,-928,84,253,-13000,-5424,7876,-417,74,-103,0
2069.872555971145,7388,6668,12024,-232,95,129,6600,-9576,10444,-62,192,-106,-12832,5204,6844,-929,92,14,-13208,-5520,7944,-438,90,-83,0
2069.905692100525,7428,6696,12056,-208,82,109,6616,-9500,10408,-70,163,-103,-12728,5092,6800,-908,42,41,-13008,-5584,8044,-449,70,-120,0
2069.9391410350804,7196,6800,11924,-230,125,116,6600,-9568,10516,-97,190,-118,-12780,5316,6680,-883,63,37,-13044,-5548,7944,-464,33,-99,0
2069.97248005867,7444,6812,11976,-226,53,97,6860,-9504,10596,-108,205,-107,-12792,5104,6964,-978,36,-28,-12912,-5652,7808,-477,89,-116,0
2070.0060191154485,7404,6792,11964,-188,18,108,6528,-9520,10720,-76,161,-131,-12816,5056,6840,-973,70,251,-13020,-5556,7872,-493,80,-93,0
2070.0398211479187,7320,6728,11832,-163,-36,128,6572,-9324,10472,-74,127,-133,-12728,5308,7056,-984,78,-33,-13004,-5388,7868,-558,172,-101,0
2070.073189973831,7288,6792,11892,-138,-86,148,6500,-9592,10412,-55,67,-177,-13016,4924,7076,-1016,129,-87,-12928,-5604,7864,-513,186,-94,0
2070.1068761348724,7384,6812,11840,-117,-125,145,6624,-9504,10500,-25,122,-208,-12796,5080,6936,-1050,102,-87,-13040,-5584,7768,-523,191,-113,0
2070.1402180194855,7424,6764,12052,-107,-111,112,6624,-9600,10512,247,120,-236,-12784,5064,6888,-1058,75,-154,-13016,-5520,7852,-581,238,-124,0
2070.1735949516296,7336,6708,11964,-83,-190,106,6484,-9568,10500,62,101,-1,-12836,5060,6988,-1089,59,-187,-12924,-5660,7904,-633,274,-148,0
2070.207277059555,7416,6728,12068,-38,-279,135,6688,-9660,10680,54,104,-278,-12708,5076,6864,-1171,59,-201,-12960,-5568,7684,-649,315,-127,0
2070.240862131119,7408,6772,12000,-52,-250,126,6600,-9580,10520,72,88,-277,-13052,5064,6948,-1139,53,-228,-13124,-5720,7896,-576,286,-155,0
2070.2743079662323,7512,7036,11864,-39,-213,114,6704,-9680,10300,43,108,-260,-12860,5084,7044,-1135,72,-220,-12992,-5416,7920,-540,247,-129,0
2070.3081290721893,7424,6712,11872,-73,-245,142,6700,-9508,10708,-10,70,-263,-12756,5072,6880,-1043,111,-228,-12932,-5556,7764,-507,228,-92,0
2070.3417880535126,7204,6684,11844,-49,-230,134,6680,-9532,10512,33,60,-242,-12884,4876,7004,-1081,113,-246,-12980,-5592,7728,-543,506,-107,0
2070.375533103943,7476,6792,11832,-4,-242,148,6700,-9664,10684,49,63,-266,-12688,4984,6864,-1120,117,-194,-13000,-5752,7860,-499,214,-130,0
2070.408719062805,7184,6848,11848,-57,-189,118,6696,-9464,10600,9,85,-509,-12840,5028,7156,-1080,136,-149,-13064,-5720,7920,-476,158,-143,0
2070.4423401355743,7532,6864,11896,-89,-154,79,6752,-9496,10656,-40,115,-245,-12932,4904,6932,-1015,87,-124,-13036,-5700,7724,-444,179,-162,0
2070.4758040905,7404,6896,11932,-100,-155,112,6416,-9552,10712,251,140,-210,-12612,4904,7032,-1098,114,-170,-13020,-5728,7884,-480,186,-122,0
2070.5092849731445,7432,6828,11896,-73,-160,110,6596,-9436,10544,-22,123,-228,-12784,5076,7016,-1079,114,-197,-12840,-5692,7860,-489,207,-106,0
2070.5429611206055,7504,6808,11860,-85,-133,127,6712,-9432,10796,2,72,-216,-12924,5052,7024,-1273,155,-140,-13044,-5456,7800,-469,212,-96,0
2070.576439142227,7524,6892,11876,-118,-134,113,6780,-9480,10488,251,103,-227,-12640,4932,7044,-1035,101,-102,-13068,-5680,7756,-477,161,-120,0
2070.6132590770726,7544,6656,11792,-139,-126,121,6796,-9524,10288,-26,85,-219,-12892,4940,6908,-1048,121,-131,-13036,-5716,7816,-466,167,-115,0
2070.6491999626164,7524,6860,11936,-113,-114,110,6692,-9228,10516,-31,102,-207,-12860,4980,6976,-1052,106,-91,-13100,-5592,7828,-488,183,-99,0
2070.684303045273,7668,6876,11880,-152,-97,114,6776,-9488,10536,-24,164,-189,-12812,4868,6868,-1046,107,-100,-13036,-5560,7876,-474,165,-132,0
2070.720461130142,7488,6852,11776,-137,-90,130,6712,-9284,10252,-16,166,-185,-12804,5112,6972,-1026,91,-129,-13268,-5560,7904,-498,148,-153,0
2070.755394935608,7512,6872,11824,-117,-93,96,6840,-9724,10748,10,128,-193,-12932,4972,6852,-1061,96,-123,-13000,-5568,7860,-479,180,-125,0
2070.7913749217987,7516,6852,11780,-143,-101,131,6824,-9372,10476,-16,150,-205,-12764,4932,7036,-1073,119,-170,-12812,-5828,7788,-454,205,-116,0
2070.8274919986725,7364,6888,11760,-181,-90,123,6424,-9236,10680,-2,150,-235,-12856,4896,7144,-1020,126,-126,-13156,-5724,7848,-474,193,-92,0
2070.862398147583,7632,6900,11884,-187,-128,133,6772,-9708,10540,-18,124,-192,-12840,5000,6932,-1008,111,-124,-13048,-5836,7936,-510,178,-105,0
2070.8985710144043,7436,6656,12016,-229,-200,155,6664,-9560,10536,-12,139,-215,-12780,4796,7192,-1070,144,-176,-13068,-5692,7680,-466,208,-68,0
2070.9338579177856,7620,6736,11888,-144,-162,140,6660,-9444,10684,-13,113,-230,-12884,5088,7024,-1016,101,-83,-13064,-5748,7628,-482,212,-111,0
2070.9697229862213,7632,6880,11924,-200,-166,98,6664,-9492,10428,-65,135,-234,-12560,5008,6900,-966,91,-166,-13032,-5556,7896,-489,190,-93,0
2071.0050201416016,7840,6824,11836,-199,-148,126,6764,-9468,10408,15,138,-204,-12712,4952,6840,-1018,104,-104,-13088,-5856,7924,-504,201,-123,0
2071.040918111801,7552,6840,11852,-185,-148,138,6720,-9700,10524,-255,137,-221,-12756,4684,6904,-1016,132,-142,-13168,-5580,7780,-458,162,-99,0
2071.0762441158295,7544,6932,11720,-216,-140,150,6680,-9252,10592,-27,115,-201,-12932,4892,6956,-961,106,-133,-13204,-5884,7760,-501,164,-87,0
2071.112405061722,7552,6908,11924,-200,-188,109,6712,-9676,10604,-29,120,-198,-12916,4772,7076,-957,107,-105,-13200,-5388,7724,-488,218,-76,0
2071.148005962372,7508,6860,11784,-180,-196,161,6660,-9440,10536,19,114,-218,-12784,5092,7072,-1043,153,-171,-13248,-5548,7748,-517,206,-64,0
2071.1834011077885,7580,6808,11880,-190,-212,180,6812,-9728,10348,242,98,-221,-12848,4928,6944,-993,138,-121,-13164,-5848,7752,-515,217,-96,0
2071.2188930511475,7540,6800,11940,-213,-202,151,6788,-9220,10352,-13,117,-219,-12852,4796,7068,-985,125,-101,-13200,-5564,7532,-450,218,-115,0
2071.2541639804845,7892,6764,11716,-219,-160,163,6712,-9688,10544,31,118,-210,-12804,4960,7088,-1025,106,-140,-13092,-5652,7832,-493,227,-108,0
2071.2877769470215,7664,6832,11728,-251,-205,177,6788,-9392,10636,40,121,-232,-12824,4792,6996,-1036,100,-151,-13068,-5608,7808,-475,200,-101,0
2071.3211510181427,7568,6752,11756,-216,-194,157,6744,-9384,10584,254,122,-223,-12776,4780,6944,-998,120,-127,-13276,-5828,7868,-468,214,-92,0
2071.354681968689,7552,6952,11972,-220,-213,127,6748,-9692,10496,5,122,-232,-12896,4880,6976,-971,108,-125,-12976,-5888,7736,-486,167,-108,0
2071.3879950046535,7720,6800,12028,-225,-205,151,6848,-9428,10524,1,99,-242,-12960,4884,6828,-987,120,-138,-13280,-5840,7716,-427,213,-74,0
2071.4213440418243,7560,6796,12004,-207,-228,147,6792,-9256,10260,22,109,-238,-12748,4876,7040,-1053,147,-135,-13092,-5824,7756,-483,243,-61,0
2071.454658985138,7620,6772,11928,-194,-187,163,6680,-9392,10492,0,115,-232,-12852,4828,6772,-1057,131,-147,-13300,-5500,7724,-498,202,-82,0
2071.4884300231934,7716,6880,11880,-217,-194,152,6744,-9444,10568,17,78,-243,-12864,4844,6964,-1057,165,-123,-13124,-5628,7664,-509,208,-74,0
2071.521944999695,7636,6748,11684,-176,-176,147,6660,-9348,10500,255,64,-207,-12884,4840,7000,-1033,191,-148,-13052,-5628,7696,-504,204,-43,0
2071.5556421279907,7684,6784,11648,-204,-141,156,6784,-9476,10716,19,88,-209,-12808,4804,6980,-1035,171,-136,-13120,-5612,7652,-484,170,-83,0
2071.589250087738,7624,6804,11692,-163,-108,149,6828,-9452,10580,-42,101,-217,-12868,4832,6980,-1279,186,-112,-13104,-5564,7784,-498,134,-82,0
2071.622761011124,7740,6724,11652,-140,-87,123,6800,-9720,10732,-11,107,-189,-12936,4796,7068,-1003,110,-85,-13088,-5736,7716,-496,135,-148,0
2071.656136035919,7828,6720,12000,-160,-102,124,6848,-9356,10400,-7,127,-160,-12804,5072,6796,-1277,174,-32,-13308,-5400,7784,-494,85,-128,0
2071.6899819374084,7928,6892,11756,-101,-22,110,6764,-9348,10500,-79,176,-143,-12868,4724,6720,-998,118,-35,-12868,-5592,7668,-497,121,-110,0
2071.7236490249634,7444,6780,11588,-204,-28,84,6864,-9412,10500,-43,145,-187,-12828,4944,6848,-1077,107,-58,-13148,-5552,7572,-469,129,-138,0
2071.757339954376,7808,6824,11748,-146,255,100,6852,-9384,10684,3,158,-130,-12796,4880,7100,-1071,59,-55,-13176,-5588,7528,-459,81,-133,0
2071.79106092453,7784,6636,11756,-162,63,96,6772,-9400,10612,-18,181,-120,-12896,4876,6948,-1012,89,-56,-13308,-5432,7784,-456,89,-138,0
2071.824634075165,7528,6916,11588,-196,18,87,6744,-9436,10628,-60,174,-152,-12848,4996,6912,-1000,71,-48,-13084,-5640,7856,-489,108,-140,0
2071.8581941127777,7656,6836,11692,-103,4,68,6472,-9432,10628,-41,164,-146,-12848,4848,6836,-1006,99,-54,-13096,-5632,7756,-492,115,-160,0
2071.891736984253,7656,6752,11840,-147,-26,123,6780,-9372,10492,-11,134,-188,-12564,5088,7144,-1010,85,-70,-13056,-5656,7692,-463,155,-132,0
2071.925409078598,7668,6840,11700,-135,-8,101,6676,-9464,10492,-71,151,-201,-12860,4748,6700,-1003,80,-114,-13104,-5616,7804,-479,144,-130,0
2071.9585649967194,7500,6872,11996,-134,-63,106,6688,-9472,10540,-54,144,-198,-12888,4916,7148,-922,65,-78,-13200,-5620,7744,-471,110,-137,0
2071.9922380447388,7660,6800,12004,-162,-16,99,6748,-9228,10700,-45,169,-178,-12812,4916,6744,-978,77,-56,-13096,-5636,7428,-476,112,-132,0
2072.025773048401,7724,6696,11788,-125,-16,93,6740,-9476,10632,-28,128,-154,-12848,4872,7032,-956,61,-46,-13044,-5652,7688,-493,76,-154,0
2072.0591349601746,7624,6824,11892,-130,15,94,6664,-9400,10560,-48,165,-158,-13048,4720,6696,-963,68,-32,-13120,-5728,7924,-473,107,-120,0
2072.092898130417,7604,6852,11724,-154,253,72,6688,-9480,10572,-78,179,-158,-12848,4612,7080,-952,56,-68,-13016,-5576,7700,-490,126,-118,0
2072.1266391277313,7620,6840,11824,-177,-33,77,6748,-9464,10436,-66,163,-183,-12828,4844,6696,-976,44,-76,-13056,-5492,7748,-468,131,-128,0
2072.1602840423584,7704,6804,11572,-142,-9,96,6740,-9488,10532,-29,155,-176,-12980,4724,6668,-987,68,-80,-13060,-5660,7748,-475,147,-122,0
2072.1939101219177,7568,6860,11952,-150,-51,89,6416,-9444,10512,-20,161,-172,-12912,4988,7160,-990,46,-58,-13148,-5436,7740,-500,139,-132,0
2072.227447986603,7496,6824,11896,-135,-19,85,6724,-9228,10632,-38,140,-161,-12904,4920,6772,-974,49,-36,-13144,-5636,7804,-474,128,-139,0
2072.2607979774475,7648,6836,11768,-131,-18,67,6684,-9368,10544,-41,156,-172,-12576,4632,6948,-1005,68,-59,-13132,-5632,7912,-477,115,-116,0
2072.298548936844,7608,6844,11860,-142,10,77,6764,-9416,10552,-49,177,-181,-12944,4896,6804,-983,100,-103,-13308,-5632,7748,-493,96,-105,0
2072.3342990875244,7624,6912,11796,-129,-21,135,6676,-9492,10508,-57,126,-152,-12876,4888,6864,-960,79,-49,-13052,-5604,7836,-490,93,-140,0
2072.3702261447906,7464,6792,11836,-156,-13,96,6884,-9356,10560,-38,117,-160,-12860,4936,7080,-985,44,-78,-13112,-5728,7768,-485,133,-147,0
2072.4050891399384,7604,6844,11820,-156,-56,123,6696,-9388,10596,-26,190,-164,-12920,4820,7000,-775,80,-66,-13124,-5864,7924,-495,121,-140,0
2072.4408390522003,7588,6888,11784,-131,-39,57,6724,-9520,10608,-84,166,-172,-12812,4804,6904,-974,47,-118,-13052,-5600,7892,-479,160,-163,0
2072.4754829406734,7564,6724,11832,-175,-32,74,6672,-9264,10524,-41,181,-179,-12788,5108,7068,-1278,96,-73,-13128,-5660,7824,-467,121,-162,0
2072.511796951294,7480,6696,11896,-97,-29,89,6756,-9404,10640,-58,141,-154,-12928,4884,7040,-785,92,-80,-13044,-5508,7820,-478,103,-139,0
2072.5475790500645,7528,6788,11532,-128,-53,83,6884,-9668,10420,-59,153,-161,-12808,4948,7024,-771,85,-85,-13068,-5436,7768,-468,102,-131,0
2072.5825939178467,7552,6856,11844,-171,-69,99,6692,-9520,10608,-49,153,-171,-12848,4920,6948,-983,95,-44,-13048,-5744,7800,-488,93,-137,0
2072.6182010173798,7568,6768,11828,-148,-39,108,6900,-9496,10656,-69,139,-176,-12980,4620,6980,-778,82,-135,-13072,-5580,7696,-482,156,-149,0
2072.653864145279,7616,6880,11736,-127,-46,98,6652,-9472,10484,-28,129,-153,-12744,4920,6992,-1019,119,-66,-13004,-5540,7748,-523,148,-124,0
2072.6918630599976,7560,6816,11920,-92,-95,99,6724,-9528,10548,-62,110,-184,-12784,4920,6920,-1007,110,-88,-13112,-5652,7740,-514,163,-136,0
2072.7275509834294,7672,7036,11964,-162,-49,100,6704,-9444,10632,-22,132,-172,-12880,4848,6816,-1267,126,-76,-12976,-5448,7872,-471,131,-124,0
2072.7629039287567,7612,6700,11552,-142,-60,99,6784,-9492,10612,-15,156,-178,-12884,4936,7028,-1010,93,-94,-12824,-5844,7708,-492,131,-113,0
2072.7976360321045,7628,6864,11768,-141,-50,105,6760,-9444,10628,-19,135,-165,-12664,4944,6972,-1017,52,-68,-12972,-5652,7428,-512,121,-140,0
2072.833249092102,7660,6940,11852,-159,-39,109,6708,-9420,10560,-50,150,-182,-12820,4792,7132,-1011,113,-82,-13272,-5416,7748,-462,100,-117,0
2072.8691301345825,7616,6808,11928,-139,-54,82,6684,-9460,10600,-43,129,-179,-12924,4872,6668,-1267,121,-70,-13104,-5448,7756,-461,160,-112,0
2072.9041309356694,7584,6852,11932,-160,-78,115,6416,-9512,10532,12,158,-202,-12880,4900,6924,-1006,105,-54,-12832,-5420,7812,-261,151,-106,0
2072.940082073212,7564,6772,11924,-182,-82,129,6684,-9508,10604,-16,149,-194,-12912,4928,6924,-1011,103,-66,-13100,-5636,7920,-488,188,-127,0
2072.9736630916595,7528,6880,11916,-174,-126,137,6624,-9416,10644,-28,130,-202,-12852,4908,7032,-1008,121,-84,-13044,-5776,7828,-476,171,-78,0
2073.0073890686035,7684,6888,11784,-168,-105,143,6636,-9552,10632,-19,96,-219,-12804,4912,7192,-999,122,-139,-12996,-5556,7828,-495,185,-97,0
2073.041078090668,7468,6860,11912,-178,-180,129,6784,-9532,10688,-39,107,-213,-12856,5064,6836,-1014,131,-142,-13108,-5556,7884,-258,184,-88,0
2073.0745091438293,7628,6788,11772,-155,-140,129,6756,-9372,10520,-10,112,-200,-13056,4924,6940,-994,112,-110,-13124,-5828,7756,-493,176,-86,0
2073.108139038086,7428,7128,11828,-181,-128,166,6700,-9252,10516,254,134,-197,-12924,4880,6928,-1009,118,-105,-12916,-5820,7720,-511,211,-78,0
2073.141618013382,7572,6852,11876,-206,-137,140,6688,-9524,10712,32,123,-226,-12824,4764,6860,-962,130,-131,-13056,-5744,7704,-480,185,-89,0
2073.1755959987645,7428,6748,11892,-180,-138,148,6424,-9668,10712,-27,126,-200,-12876,5116,7004,-996,102,-131,-12820,-5856,7560,-260,177,-94,0
2073.209296941757,7672,6668,11732,-218,-171,141,6724,-9420,10484,34,137,-198,-12828,5096,6736,-773,94,-137,-13048,-5536,7928,-476,220,-114,0
2073.242879152298,7572,6816,12012,-256,-141,157,6748,-9344,10508,37,86,-199,-12796,4852,6896,-770,111,-113,-13068,-5732,7768,-480,188,-70,0
2073.276529073715,7512,6704,11532,-185,-153,133,6736,-9388,10720,-10,121,-209,-12936,4788,6880,-994,89,-107,-13088,-5624,7748,-483,197,-73,0
2073.309988975525,7480,6800,11616,-226,-184,140,6720,-9712,10552,3,140,-247,-12776,4836,6836,-1003,161,-144,-13072,-5580,7580,-482,199,-58,0
2073.3436760902405,7904,6732,11668,-230,-143,177,6804,-9400,10728,21,139,-175,-12892,5092,6920,-1046,140,-94,-13128,-5592,7748,-472,166,-93,0
2073.3772740364075,7628,6708,11760,-191,-117,139,6700,-9400,10396,67,140,-163,-12628,5080,7092,-1019,95,-92,-13304,-5608,8060,-398,141,-97,0
2073.4108340740204,7508,6748,11732,-401,-136,156,6628,-9488,10720,159,149,-182,-12944,4888,6968,-995,108,-123,-13084,-5596,7768,-524,173,-96,0
2073.4444229602814,7680,6804,11760,-161,-169,141,6732,-9388,10736,-141,58,-222,-12892,4860,6940,-970,108,-120,-13104,-5392,7924,-521,222,-83,0
2073.477766990661,7656,6840,11888,-18,-172,142,6724,-9392,10560,-12,59,-240,-12820,4808,6916,-1027,136,-138,-13212,-5872,7876,-472,196,-80,0
2073.511219024658,7628,6756,11992,-157,-138,148,6784,-9348,10324,-19,96,-228,-12712,4864,6868,-777,129,-103,-12960,-5596,7700,-516,170,-92,0
2073.544906139374,7608,6780,11828,-173,-179,165,6704,-9388,10340,-83,109,-211,-12796,4904,6896,-985,160,-126,-13120,-5556,7744,-514,160,-63,0
2073.578486919403,7560,6740,11696,-159,-133,152,6792,-9472,10344,-79,97,-194,-12868,4924,6904,-992,170,-112,-13108,-5488,7808,-486,160,-78,0
2073.6121549606323,7444,6540,11812,-154,-95,130,6860,-9380,10504,-77,105,-173,-12980,4772,6844,-1013,139,-28,-13068,-5540,7616,-481,134,-107,0
2073.6454191207886,7776,6744,11748,-142,-22,121,6840,-9456,10556,-57,163,-175,-12928,4924,6868,-1028,133,-43,-13148,-5424,7600,-498,88,-136,0
2073.679037094116,7912,6836,11616,-155,-6,77,6832,-9460,10688,-49,168,-178,-12856,4740,6772,-1031,46,-71,-13312,-5524,7624,-488,130,-173,0
2073.7126359939575,7588,6716,11608,-177,-11,48,6868,-9420,10664,-18,151,-161,-12888,4908,7020,-1018,41,-106,-13120,-5404,7676,-483,117,-183,0
2073.7462410926814,7652,6776,11768,-128,253,74,6768,-9492,10564,-74,171,-169,-13024,4852,6916,-999,32,-76,-13140,-5588,7576,-505,130,-140,0
2073.779930114746,7612,6812,11800,-108,-32,90,6716,-9472,10612,-38,166,-168,-12868,4872,6976,-1024,79,-85,-13124,-5628,7816,-484,121,-130,0
2073.8134939670563,7668,6904,11852,-117,2,89,6772,-9412,10432,-46,121,-157,-12932,4652,6740,-1004,99,-30,-12892,-5596,7528,-455,113,-134,0
2073.8471031188965,7624,6884,11912,-133,-4,112,6768,-9728,10584,-54,129,-165,-12904,5096,7104,-1030,72,-30,-13132,-5700,7708,-465,101,-157,0
2073.8807210922246,7460,6840,11836,-123,-39,95,6796,-9404,10316,-105,131,-147,-12836,4924,7028,-1002,112,-45,-13264,-5756,7872,-487,139,-118,0
2073.920846939087,7664,6708,11788,-157,-21,96,6772,-9488,10624,-98,131,-152,-12904,4940,6768,-980,127,-92,-13012,-5620,7700,-469,91,-138,0
2073.9693520069122,7668,6812,11792,-107,-33,85,6684,-9552,10508,-81,140,-152,-12868,4948,6936,-1005,52,-53,-13060,-5396,7828,-536,113,-149,0
2074.0157921314244,7536,6888,11732,-138,-15,83,6804,-9444,10584,-33,132,-143,-13056,4844,7016,-995,71,-36,-13272,-5748,7732,-523,110,-132,0
2074.0512421131134,7668,6908,11876,-122,-29,85,6756,-9284,10736,-118,124,-169,-12932,4820,6936,-990,85,-28,-13100,-5620,7764,-478,138,-128,0
2074.0872011184692,7628,6708,11704,-157,-13,59,6852,-9716,10620,-63,158,-171,-12844,5000,6660,-1013,106,-69,-13088,-5496,7812,-462,122,-131,0
2074.12234210968,7460,6716,11872,-108,4,126,6812,-9408,10544,-35,158,-159,-12832,4840,6884,-1014,97,-31,-13248,-5868,7720,-453,116,-136,0
2074.157781124115,7656,6756,11860,-128,-31,97,6660,-9464,10568,-45,148,-161,-12908,4912,7140,-988,73,-14,-12996,-5648,7756,-480,80,-135,0
2074.1934790611267,7612,6760,11836,-142,-26,92,6892,-9496,10596,-66,169,-164,-12784,5056,6996,-1007,104,-88,-13008,-5624,7808,-475,121,-143,0
2074.2291059494014,7568,6864,11940,-139,-29,87,6800,-9456,10508,-40,173,-144,-12976,4904,6956,-1002,102,-29,-13020,-5584,7692,-767,117,-157,0
2074.264491081238,7408,6764,11700,-117,-28,78,6884,-9224,10312,-41,164,-178,-12992,4908,6944,-1066,115,-67,-12996,-5652,7728,-495,135,-130,0
2074.3001639842987,7544,6668,11624,-108,-55,105,6680,-9372,10696,-38,113,-176,-12840,4948,6932,-771,107,-112,-13092,-5644,7800,-462,181,-119,0
2074.33562207222,7436,6732,11636,-146,-92,89,6796,-9556,10588,-37,153,-192,-12736,4888,7052,-1019,98,-74,-13112,-5608,7864,-495,126,-117,0
2074.3717970848083,7508,6912,11824,-167,-31,74,6716,-9220,10688,-46,114,-179,-12856,4816,6860,-990,126,-63,-13264,-5444,7924,-476,118,-117,0
2074.408095121384,7712,6856,11768,-163,-37,101,6744,-9648,10352,-27,131,-181,-12744,4876,6972,-993,142,-117,-13252,-5624,7612,-483,108,-127,0
2074.443742990494,7556,6860,11696,-145,-61,81,6660,-9264,10360,-45,113,-159,-12840,4852,6996,-989,129,-64,-12972,-5604,7832,-487,111,-122,0
2074.4792699813843,7468,6808,11892,-194,-54,113,6740,-9348,10408,-24,171,-172,-12948,4948,7088,-1004,121,-87,-13176,-5404,7868,-468,136,-105,0
2074.5142850875854,7520,6748,11924,-217,-60,119,6660,-9492,10692,27,152,-183,-12944,5036,6952,-1012,123,-71,-13084,-5408,7808,-456,170,-101,0
2074.5505599975586,7536,6820,11924,-215,-138,144,6684,-9724,10684,-7,110,-199,-12816,4860,6992,-1015,100,-141,-13056,-5620,7688,-497,200,-126,0
2074.5860970020294,7620,6948,11932,-163,-149,133,6716,-9436,10748,-32,114,-230,-12584,4660,6960,-1004,125,-104,-13080,-5704,7884,-768,196,-113,0
2074.62251996994,7524,6936,11764,-168,-154,116,6736,-9408,10456,-21,114,-219,-12832,4948,7092,-984,149,-130,-13068,-5668,7788,-521,193,-77,0
2074.6558921337128,7452,6752,11680,-170,-159,174,6672,-9488,10512,-10,81,-210,-12728,4912,6804,-1005,146,-137,-13048,-5700,7728,-506,186,-81,0
2074.6893079280853,7536,6800,11780,-218,-158,152,6752,-9420,10716,-17,79,-193,-12828,4976,6964,-958,148,-126,-13184,-5492,7816,-485,169,-70,0
2074.722846031189,7700,6860,11708,-174,-120,177,6764,-9576,10664,-12,96,-193,-12952,5084,6700,-943,133,-82,-13128,-5632,7804,-518,149,-78,0
2074.756530046463,7600,6832,11836,-211,-114,178,6788,-9460,10604,30,72,-192,-12900,4780,6708,-1006,146,-122,-12816,-5460,7436,-480,188,-78,0
2074.789817094803,7632,6812,11712,-222,-141,172,6844,-9444,10512,34,74,-191,-12916,4908,6816,-1004,138,-142,-13092,-5668,7684,-469,199,-66,0
2074.8233411312103,7576,6908,11764,-192,-170,159,6828,-9484,10440,5,113,-223,-12848,4836,6904,-952,137,-139,-13084,-5528,7724,-472,207,-68,0
2074.856994152069,7724,6828,11964,-239,-157,118,6728,-9724,10568,-12,113,-238,-12856,4812,6820,-988,107,-122,-12828,-5492,7540,-474,216,-88,0
2074.8901319503784,7436,6868,11796,-216,-159,146,6820,-9488,10648,25,137,-191,-12820,4956,6944,-1011,81,-87,-13100,-5880,7684,-477,147,-104,0
2074.9237270355225,7604,6764,11760,-224,-111,126,6728,-9368,10492,19,95,-194,-12880,5008,6896,-997,122,-79,-13064,-5692,7684,-469,127,-91,0
2074.9574110507965,7676,6876,11916,-234,-106,148,6780,-9724,10548,-51,107,-181,-12968,4948,7120,-974,95,-92,-13148,-5648,7736,-491,161,-64,0
2074.9904050827026,7592,6744,11976,-171,-129,147,6768,-9564,10568,-22,151,-197,-12852,5096,6764,-975,89,-101,-13132,-5636,7748,-524,138,-126,0
2075.0241029262543,7648,6764,11824,-162,-137,137,6688,-9408,10484,-26,87,-201,-12740,4912,6804,-1013,146,-134,-13040,-5560,7732,-497,214,-104,0
2075.0576519966125,7636,6740,11796,-161,-137,149,6716,-9240,10344,-29,89,-211,-12744,4872,6872,-985,161,-98,-13040,-5628,7804,-505,176,-79,0
2075.091145992279,7560,6720,11652,-178,-149,179,6844,-9436,10284,-19,95,-208,-12808,4820,6940,-981,143,-121,-13048,-5648,7752,-485,170,-96,0
2075.1248281002045,7632,6708,11804,-171,-74,138,6780,-9484,10532,-77,103,-193,-13040,5076,6684,-984,149,-112,-13060,-5424,7740,-474,143,-130,0
2075.1581881046295,7692,6728,11788,-131,-65,111,6808,-9420,10492,-61,136,-196,-12948,4808,6720,-1005,82,-46,-13196,-5772,7724,-508,152,-132,0
2075.191750049591,7624,6716,11856,-161,-77,129,6816,-9448,10516,-26,132,-181,-13024,4756,6736,-988,73,-64,-13112,-5660,7768,-489,96,-150,0
2075.2252509593964,7628,6748,11756,-185,-45,91,6776,-9228,10620,-13,191,-187,-12896,4792,7052,-1041,82,-101,-13208,-5524,7772,-457,132,-146,0
2075.2586240768433,7684,6764,11972,-194,-82,94,6812,-9532,10568,-43,183,-185,-12828,4904,7056,-1017,59,-100,-13148,-5800,7728,-492,158,-152,0
2075.291918992996,7660,6848,11796,-174,-59,77,7116,-9536,10528,-31,155,-177,-12868,4908,6896,-1037,78,-84,-13064,-5648,7492,-497,163,-138,0
2075.325488090515,7564,6756,11984,-128,-35,124,6800,-9480,10516,248,133,-216,-12884,4908,6912,-1016,28,-62,-13188,-5580,7892,-514,180,-173,0
2075.3591351509094,7620,6716,11828,-93,-127,87,6696,-9476,10516,-17,137,-219,-12908,4804,6984,-999,26,-124,-12812,-5608,7808,-523,167,-190,0
2075.39240694046,7664,6668,11968,-130,-140,82,6716,-9348,10552,10,203,-194,-12820,4628,6852,-1026,81,-172,-12824,-5692,7832,-482,218,-144,0
2075.425822019577,7536,6840,11892,-216,-128,54,6408,-9436,10620,31,168,-512,-12908,4912,6924,-972,151,-188,-13136,-5800,7636,-449,243,-114,0
2075.4592850208282,7600,6892,11716,-190,-172,116,6732,-9344,10468,-77,155,-242,-13008,4872,6940,-928,98,-114,-13192,-5848,7716,-764,121,-121,0
2075.492653131485,7712,6864,11812,-195,-180,97,6840,-9408,10540,-99,176,-180,-12976,4908,7088,-940,22,-9,-13236,-5668,7808,-462,53,-128,0
2075.526072025299,7608,6968,11664,-177,-6,82,6816,-9276,10524,-38,200,-103,-12824,4652,6684,-947,112,-33,-13056,-5640,7620,-469,22,-105,0
2075.5598170757294,7612,6804,11760,-205,10,136,6736,-9552,10564,-104,157,-112,-12584,4772,6828,-956,159,-6,-13276,-5564,7532,-480,71,-31,0
2075.593197107315,7760,6840,11876,-177,-50,212,6844,-9348,10656,-138,85,-101,-13012,4804,6788,-1016,236,38,-13220,-5540,7740,-482,52,-252,0
2075.6291630268097,7784,6712,11760,-169,0,221,6796,-9460,10604,-131,67,-79,-12864,5068,7092,-1002,235,82,-13268,-5596,7664,-482,11,-254,0
2075.6643409729004,7600,6872,11740,-169,49,269,6672,-9480,10492,-96,38,-58,-12860,4824,6908,-1038,4,119,-13120,-5512,7888,-474,-10,-21,0
2075.7005729675293,7520,6704,11788,-142,47,228,6684,-9584,10548,-98,23,-75,-12960,5000,6940,-1059,176,-250,-12828,-5640,7856,-466,82,-52,0
2075.737062931061,7544,6716,11868,-140,50,182,6732,-9592,10488,-25,74,-125,-12908,4944,7080,-1064,141,-100,-13252,-5564,8136,-502,169,-122,0
2075.772397994995,7500,6444,11948,-100,-44,98,6768,-9644,10320,7,162,-187,-12868,5060,7088,-1009,78,-170,-12972,-5536,7780,-474,218,-165,0
2075.8087141513824,7592,6668,11712,-120,-87,-14,6832,-9532,10396,-15,258,-510,-12760,4972,6876,-985,-20,-190,-13100,-5540,7868,-448,220,-246,0
2075.843775987625,7512,6676,12036,-174,-168,-40,6776,-9564,10448,-22,257,-279,-12560,4984,6768,-911,240,-152,-13088,-5532,7944,-398,193,-186,0
2075.8791229724884,7468,6776,11844,-176,-111,26,6752,-9532,10240,-58,226,-240,-12776,5000,6836,-952,84,-136,-13272,-5420,7832,-440,210,-145,0
2075.914288043976,7672,6736,12000,-182,-86,71,6816,-9388,10584,-24,204,-179,-12816,4944,6688,-938,45,-134,-13152,-5592,7712,-503,119,-147,0
2075.950639009476,7556,6776,11632,-162,-47,104,6756,-9344,10576,-19,158,-134,-12876,4828,6896,-947,83,-62,-12832,-5604,7736,-493,132,-132,0
2075.986184120178,7556,6880,11848,-159,-32,107,6696,-9300,10252,-35,126,-158,-12920,4812,6968,-986,96,-76,-13116,-5664,7820,-536,142,-100,0
2076.022266149521,7660,6912,11652,-146,-90,139,6792,-9372,10612,-10,121,-167,-12912,4844,6916,-1030,122,-93,-13032,-5704,7508,-534,139,-88,0
2076.0575239658356,7572,6908,11768,-116,-62,128,6536,-9400,10288,16,122,-157,-12776,4740,7056,-1051,143,-65,-13008,-5800,7740,-540,116,-94,0
2076.092638015747,7620,7004,11616,-132,-24,137,6756,-9324,10540,-12,113,-150,-12916,4832,6924,-983,128,-24,-13108,-5640,7684,-481,99,-65,0
2076.128217935562,7516,6776,11816,-147,-67,132,6888,-9448,10548,-45,130,-133,-12864,4920,6844,-971,119,-32,-13088,-5636,7896,-493,77,-62,0
2076.1632330417633,7812,6760,11900,-152,-58,132,6660,-9364,10520,-77,140,-148,-12748,4936,6924,-999,128,-30,-13000,-5832,7828,-441,143,-54,0
2076.1983740329742,7432,6800,11828,-225,-63,121,6596,-9488,10416,-45,91,-183,-12784,4932,7024,-992,148,-50,-13212,-5480,7808,-442,153,-73,0
2076.2348179817204,7820,6620,12044,-183,-76,153,6760,-9688,10388,-61,91,-191,-12836,4876,6888,-1015,102,-84,-13312,-5500,7876,-504,127,-103,0
2076.2702190876007,7588,6676,11944,-146,-73,106,6744,-9512,10472,-44,91,-192,-12768,4880,7136,-1024,64,-82,-13104,-5568,7820,-530,107,-160,0
2076.3060889244084,7736,6884,11680,-55,-15,68,6844,-9516,10504,-36,137,-158,-12852,5000,6964,-993,54,-38,-13260,-5532,7684,-480,100,-172,0
2076.339797973633,7904,6844,11716,-99,10,40,6876,-9432,10424,-54,185,-166,-12916,4932,6752,-975,38,-16,-13188,-5552,7608,-477,94,-161,0
2076.3733530044556,7660,6752,11544,-209,44,78,6824,-9408,10484,-25,172,-124,-13044,4900,6892,-1003,111,-29,-12860,-5796,7716,-451,73,-173,0
2076.4067230224614,7564,6880,11780,-192,2,92,6800,-9428,10668,-37,195,-146,-12880,4996,6916,-769,73,-86,-13108,-5680,7772,-447,100,-159,0
2076.440374135971,7588,6756,11916,-153,-7,54,6692,-9540,10560,-73,164,-172,-13048,4616,7036,-1003,80,-54,-13304,-5664,7652,-462,121,-172,0
2076.4737861156464,7540,6924,11864,-175,-59,62,6748,-9396,10756,-85,194,-169,-12820,4928,6656,-976,73,-93,-13040,-5612,7836,-503,127,-159,0
2076.5073981285095,7564,6944,11760,-105,-80,55,6688,-9420,10616,-22,172,-214,-12900,4944,6908,-1012,104,-95,-13116,-5532,7764,-480,183,-152,0
2076.5408420562744,7604,6848,11976,-127,-53,73,6768,-9508,10284,-6,139,-212,-12784,4960,6952,-1052,74,-91,-13056,-5704,7876,-257,145,-157,0
2076.5743560791016,7572,6856,11828,-78,-7,95,6708,-9520,10600,15,151,-171,-12852,4980,6700,-1043,33,-110,-13100,-5856,7928,-542,118,-162,0
2076.6080429553986,7580,6772,11780,-118,-34,85,6708,-9584,10632,51,169,-168,-12896,4960,7124,-1042,54,-113,-13056,-5536,7912,-515,124,-148,0
2076.6413249969482,7536,6740,12036,-118,-253,79,6420,-9532,10480,13,147,-185,-12908,4972,6884,-1265,66,-52,-13036,-5592,7720,-512,173,-144,0
2076.674484014511,7552,6760,11808,-172,-67,81,6804,-9556,10492,-33,184,-210,-13032,5100,6796,-1018,77,-113,-13036,-5812,7776,-498,178,-168,0
2076.7082059383392,7584,6800,11820,-134,-60,108,6704,-9496,10388,-6,140,-212,-12880,4820,6904,-988,99,-168,-13064,-5820,7788,-492,155,-148,0
2076.7416639328003,7628,6796,11788,-110,-66,62,6676,-9500,10484,-43,149,-208,-12812,4864,7124,-988,88,-123,-13116,-5876,7732,-482,168,-180,0
2076.775032043457,7584,6768,11748,-170,-77,49,6724,-9260,10260,-20,192,-229,-12968,4948,7000,-1007,64,-112,-13080,-5572,7780,-479,187,-145,0
2076.8087410926814,7628,6856,12016,-190,-81,72,6852,-9340,10592,-6,225,-210,-12864,4844,6672,-955,78,-97,-13064,-5696,7760,-462,161,-167,0
2076.842344045639,7664,6888,11832,-215,-67,60,6768,-9436,10560,-24,213,-159,-12820,4968,6936,-1036,65,-121,-12808,-5692,7788,-471,162,-126,0
2076.87574505806,7492,6908,11560,-228,-86,120,6648,-9232,10640,13,138,-202,-12768,4860,6968,-979,72,-105,-12804,-5780,7884,-486,205,-108,0
2076.9091689586644,7472,7004,12272,-193,-146,169,6508,-9720,10368,-2,110,-230,-12740,4636,6704,-983,132,-158,-12992,-5712,7812,-533,217,-52,0
2076.9429380893707,7276,6952,11780,-148,-194,171,6592,-9400,10656,-35,76,-215,-13028,4928,6752,-1280,203,-109,-13052,-5672,7756,-522,203,-51,0
2076.9766161441803,7488,6784,11772,-154,-187,189,6716,-9468,10596,-6,45,-218,-12724,4880,6980,-998,204,-105,-13092,-5636,7852,-500,188,-33,0
2077.01011800766,7620,6804,11828,-151,-176,190,6776,-9440,10492,-19,48,-205,-12936,4992,7012,-976,186,-121,-13068,-5576,7784,-524,181,-43,0
2077.043303966522,7472,6808,11588,-213,-173,196,6808,-9628,10324,14,86,-193,-12844,4940,6772,-972,155,-114,-13064,-5732,7928,-498,164,-72,0
2077.076719045639,7564,6796,11984,-192,-135,167,6844,-9424,10424,-5,111,-197,-12820,4856,6844,-978,112,-94,-13200,-5560,7716,-466,162,-76,0
2077.11021399498,7620,6832,11916,-218,-209,144,6768,-9572,10524,-15,117,-227,-12808,4900,6932,-961,88,-139,-13088,-5552,7728,-479,252,-73,0
2077.14360499382,7592,6720,11852,-243,-207,138,6844,-9464,10392,-32,125,-240,-12840,4976,6780,-962,113,-125,-13112,-5576,7808,-426,217,-98,0
2077.177379131317,7624,6772,11848,-246,-202,162,6816,-9420,10620,-14,124,-184,-12940,4988,6896,-962,96,-117,-13108,-5572,7820,-432,165,-77,0
2077.2110271453857,7624,6768,11816,-211,-148,170,6484,-9368,10540,28,119,-173,-12812,4872,7056,-988,113,-113,-13012,-5572,7732,-482,161,-85,0
2077.244740009308,7536,6816,11596,-194,-162,150,6680,-9424,10648,-33,97,-223,-12832,4764,7100,-997,120,-142,-12984,-5432,7780,-518,182,-126,0
2077.2782790660854,7636,6856,11840,-173,-148,167,6724,-9432,10564,-15,136,-202,-12840,4872,7056,-995,77,-113,-13024,-5400,7684,-499,217,-115,0
2077.314371109009,7600,6812,11848,-164,-191,156,6744,-9380,10576,5,112,-226,-12860,5108,7096,-987,110,-183,-13024,-5444,7692,-522,219,-94,0
2077.3494811058044,7636,6848,11808,-147,-156,151,6712,-9372,10520,-3,77,-213,-12792,4800,6912,-996,104,-115,-13160,-5668,7696,-511,196,-109,0
2077.3848810195923,7516,6852,11716,-188,-170,144,6772,-9408,10728,-42,107,-233,-12788,4864,6724,-932,111,-136,-12836,-5572,7836,-492,185,-108,0
2077.420508146286,7636,6796,11700,-126,-58,94,6828,-9372,10508,-40,134,-200,-12844,4868,6896,-933,101,-93,-13072,-5584,7744,-498,157,-90,0
2077.4556601047516,7676,6736,11688,-154,-46,125,6808,-9436,10732,-58,100,-171,-12924,5108,6684,-952,69,-57,-13168,-5480,7700,-482,167,-110,0
2077.491186141968,7740,6700,11688,-136,-16,104,6844,-9336,10512,-77,206,-129,-12992,4852,6800,-987,73,-56,-13088,-5604,7752,-504,116,-131,0
2077.5271520614624,7664,6924,11904,-129,20,78,6680,-9512,10548,-66,214,-134,-12852,5108,6712,-953,25,-71,-13148,-5624,7728,-264,105,-164,0
2077.562502145767,7720,6784,11712,-174,10,85,6740,-9528,10392,-254,200,-155,-12816,4992,6724,-1034,48,-22,-13036,-5504,7852,-469,110,-144,0
2077.597741127014,7856,6764,12008,-126,19,79,6764,-9356,10636,5,131,-139,-12788,4824,6852,-1010,97,-90,-13108,-5712,7732,-460,117,-138,0
2077.633364915848,7544,6804,12008,-100,28,70,6820,-9568,10456,-68,159,-193,-12896,4900,6676,-969,34,-59,-13036,-5604,7704,-489,129,-172,0
2077.6687231063843,7684,6908,11960,-164,-89,54,6768,-9524,10644,-53,204,-149,-13052,4936,6896,-976,37,-86,-13156,-5596,7720,-455,104,-212,0
2077.7100229263306,7700,6892,11704,-108,24,68,6688,-9344,10572,-128,159,-120,-12800,4960,6912,-892,-24,245,-13000,-5676,7632,-260,84,-152,0
2077.7455019950867,7572,6780,11880,-108,75,72,6764,-9428,10540,-98,160,-102,-12840,4828,7084,-894,29,33,-13048,-5620,7728,-514,41,-149,0
2077.781685113907,7892,6884,11768,-90,60,71,6696,-9236,10268,-91,162,-142,-12832,4880,7000,-945,9,-38,-13184,-5656,7704,-495,122,-154,0
2077.8174190521245,7600,7144,11880,-126,-18,64,6700,-9516,10628,-52,150,-184,-12932,4964,6888,-984,18,-64,-12820,-5664,7772,-503,143,-154,0
2077.852952003479,7568,6776,11708,-117,-33,59,6500,-9496,10528,-48,144,-194,-12880,4924,7128,-918,-73,-64,-13028,-5884,7748,-492,186,-164,0
2077.8892309665684,7528,6844,11804,-128,-39,42,6788,-9588,10412,-81,173,-188,-12796,4908,7000,-894,-71,-67,-13116,-5488,7768,-479,182,-152,0
2077.9244990348816,7688,6852,11860,-110,-53,60,6700,-9560,10612,-84,123,-177,-12780,5092,6884,-909,-16,-61,-13136,-5568,7848,-482,145,-136,0
2077.9622659683228,7624,6840,11852,-145,-18,99,6748,-9476,10496,-82,147,-138,-12804,5036,6924,-920,-45,-9,-13100,-5616,7804,-435,147,-124,0
2077.9956879615784,7564,6932,11752,-164,-7,76,6752,-9604,10468,-76,177,-142,-12820,5004,7112,-895,-81,-26,-13176,-5384,7864,-496,138,-167,0
2078.029289007187,7532,6828,11868,-164,-39,53,6784,-9524,10496,-33,241,-161,-12704,4924,6916,-908,-149,-59,-13008,-5640,7752,-480,143,-191,0
2078.0627200603485,7552,6856,11820,-133,-251,52,6720,-9428,10636,-81,172,-188,-13032,4916,7016,-899,-103,-103,-13036,-5672,7752,-436,150,-182,0
2078.096419095993,7796,6800,11772,-132,-33,59,6696,-9532,10604,-76,170,-190,-13020,4992,7296,-895,-96,-84,-13176,-5584,7696,-488,162,-165,0
2078.1297340393066,7604,6668,11960,-97,-253,53,6868,-9704,10544,-68,194,-176,-12624,5000,7188,-912,-9,-37,-13124,-5720,7712,-495,148,-125,0
2078.1632759571075,7556,6836,11680,-101,-13,110,6700,-9468,10428,-81,129,-173,-12740,5028,7144,-945,29,-37,-13052,-5704,7816,-492,163,-119,0
2078.19681596756,7216,6852,11792,-91,-65,105,6672,-9484,10420,-69,121,-182,-12760,4996,6768,-936,52,-69,-13060,-5884,7764,-519,167,-116,0
2078.2305040359497,7508,7116,11728,-80,-26,136,6732,-9532,10596,-48,101,-166,-12700,5052,7108,-986,-250,-73,-13088,-5660,7780,-552,164,-96,0
2078.2641460895534,7648,6836,11776,-56,15,130,6756,-9564,10552,-60,84,-130,-12784,4976,7092,-963,-5,243,-13188,-5556,7796,-547,97,-114,0
2078.297636985779,7544,6760,11948,-32,42,119,6788,-9328,10636,-87,80,-113,-12756,4984,7328,-986,-15,-240,-12908,-5436,7808,-524,83,-130,0
2078.3310770988464,7524,6860,11876,-33,24,111,6840,-9528,10512,-45,140,-129,-12716,4960,7000,-1011,33,-31,-13068,-5656,7820,-474,169,-97,0
2078.3647100925446,7508,6840,11896,-136,-16,115,6728,-9512,10528,4,146,-188,-12688,4972,7156,-977,109,-158,-13016,-5732,7732,-403,217,-96,0
2078.3979640007014,7584,6952,11740,-197,-155,112,6848,-9592,10628,-34,132,-270,-12708,4968,7092,-990,134,-231,-12984,-5816,7752,-400,249,-120,0
2078.4317071437836,7432,6960,11932,-168,-264,94,6776,-9412,10552,-28,156,-325,-12688,4984,7140,-964,101,-196,-13040,-5836,7704,-417,249,-142,0
2078.4653220176697,7196,7120,11912,-209,-262,42,6704,-9408,10460,-83,146,-329,-12660,4900,7320,-895,37,-164,-13096,-5420,7920,-447,208,-109,0
2078.498955011368,7436,6868,11852,-251,-228,71,6628,-9584,10612,-74,179,-512,-12720,4888,7052,-934,85,-104,-13156,-5512,7876,-398,219,-95,0
2078.532482147217,7476,7064,11996,-320,-185,91,6672,-9460,10476,-38,160,-234,-12716,4884,7028,-1023,177,-119,-13024,-5664,7904,-360,168,-66,0
2078.565732955932,7220,6936,11924,-237,-153,131,6648,-9512,10536,-45,128,-236,-12592,4924,6936,-1016,217,-158,-12852,-5504,7820,-377,165,-39,0
2078.599437952041,7508,7076,11772,-271,-186,145,6864,-9656,10400,-60,68,-263,-12672,5032,7048,-1032,283,-148,-13132,-5492,7772,-489,188,-7,0
2078.632877111435,7460,6792,11848,-1,-179,207,6772,-9604,10480,8,58,-229,-12792,5080,7000,-1145,257,-106,-13176,-5500,7780,-522,195,-11,0
2078.6663761138916,7648,7132,12020,-171,-192,246,6748,-9512,10448,14,8,-211,-12744,4828,7152,-1079,313,-125,-12924,-5792,7728,-468,102,9,0
2078.6995239257812,7732,6840,11944,-212,-185,216,6824,-9308,10444,-62,10,-200,-12656,5004,6900,-1058,326,-118,-13024,-5512,7652,-468,90,-7,0
2078.7331380844116,7608,6716,11932,-269,-170,197,6788,-9500,10356,-31,71,-204,-12848,4940,6716,-1071,281,-88,-12808,-5604,7836,-442,129,-60,0
2078.7665820121765,7700,6804,11640,-270,-141,140,6904,-9268,10304,8,139,-218,-12848,4992,6932,-1104,216,-123,-13208,-5388,7892,-487,185,-161,0
2078.7998340129852,7480,6976,11684,-243,-162,123,6756,-9236,10716,-43,132,-258,-12724,4912,7076,-1031,205,-156,-13300,-5564,7836,-440,192,-89,0
2078.8334641456604,7628,6768,11692,-243,-205,128,6760,-9584,10432,-71,151,-261,-12744,5056,7076,-1041,231,-189,-13080,-5548,7724,-440,195,-121,0
2078.8671751022334,7580,6696,11912,-218,-200,94,6696,-9528,10540,254,149,-259,-12844,4988,6964,-1087,171,-167,-13108,-5568,7784,-501,238,-131,0
2078.9004549980164,7556,6792,11684,-138,-180,118,6724,-9504,10608,2,98,-1,-12772,4988,7012,-1080,178,-91,-13140,-5632,7796,-543,147,-79,0
2078.9338829517365,7644,6880,11716,-116,-97,157,6724,-9468,10648,-39,30,-168,-12724,4968,7000,-1044,153,-71,-13192,-5468,7832,-580,93,-73,0
2078.9672720432286,7800,6780,11876,-84,-61,159,6848,-9464,10548,-44,88,-129,-12608,4976,6796,-1074,156,-38,-13148,-5564,7924,-558,59,-122,0
2079.0038001537323,7648,6768,11880,-110,-2,186,6860,-9552,10384,-14,102,-88,-12596,4884,7132,-1081,208,39,-13068,-5576,7828,-538,54,-58,0
2079.03976392746,7556,6832,11716,-170,-22,199,6716,-9708,10596,-22,88,-52,-12748,4948,6860,-1070,182,-46,-13088,-5612,7724,-539,91,-63,0
2079.074949979782,7604,6772,11724,-105,-38,217,6872,-9408,10576,-44,60,-98,-12692,4964,6684,-1046,193,-47,-13060,-5640,7692,-592,74,-82,0
2079.110655069351,7636,6828,11920,-41,-47,190,6792,-9508,10516,-44,73,-116,-12860,4908,6936,-1033,155,-59,-12812,-5648,7424,-547,137,-32,0
2079.1456110477448,7604,6832,11896,-135,-44,187,6652,-9396,10440,-53,60,-123,-12840,4972,6964,-1095,0,-56,-13092,-5500,7796,-514,134,-56,0
2079.181402921676,7676,6840,11808,-118,-60,165,6924,-9404,10512,-89,108,-135,-12908,4932,7036,-1276,153,-78,-13184,-5616,7756,-534,81,-151,0
2079.217164039612,7680,6640,11880,-98,12,106,6892,-9592,10428,-7,162,-130,-12816,5056,6944,-1100,23,-62,-13160,-5520,7876,-554,85,-148,0
2079.252121925354,7588,6876,11592,-93,63,101,6820,-9724,10748,22,143,-97,-12828,4900,6872,-1078,27,-34,-13200,-5588,7680,-576,86,-170,0
2079.2882249355316,7872,6776,11776,-62,-254,71,6932,-9552,10288,-50,181,-145,-12904,4904,6912,-773,-14,-48,-13208,-5560,7756,-492,61,-200,0
2079.3237450122833,7608,6768,11800,-148,55,17,6688,-9420,10388,-247,181,-146,-12760,4940,6908,-1032,68,-52,-12992,-5500,7684,-534,95,-161,0
2079.3597469329834,7640,6820,11784,-83,-10,67,6812,-9532,10488,32,123,-170,-12700,5064,7004,-1041,50,-111,-13016,-5380,7804,-529,189,-195,0
2079.394994020462,7436,6900,12008,-68,-67,86,6680,-9400,10492,2,158,-215,-12732,5068,7032,-1001,84,-159,-13264,-5776,7864,-498,110,-197,0
2079.431230068207,7652,6824,11896,-88,-58,62,6752,-9424,10520,-48,167,-180,-12744,4956,6936,-1009,57,-73,-12988,-5664,7732,-528,100,-182,0
2079.4675879478455,7520,6820,11680,-124,-34,44,6672,-9464,10592,-36,173,-146,-12748,4964,7100,-1037,121,-8,-12860,-5396,7740,-525,112,-139,0
2079.5028529167175,7468,6912,11620,-117,5,97,6668,-9532,10476,254,120,-140,-12708,5116,6668,-990,141,-82,-13124,-5652,7888,-525,137,-134,0
2079.5391061306004,7720,6760,11904,-66,-50,139,6672,-9600,10492,-5,60,-180,-12900,5016,7084,-1087,150,-86,-13156,-5592,7840,-516,136,-135,0
2079.5740540027614,7556,6808,11716,-55,-11,111,6836,-9484,10340,20,92,-159,-12892,4948,6756,-774,104,-130,-13168,-5604,7700,-557,149,-189,0
2079.6094501018524,7676,6880,11932,-45,-41,88,6872,-9672,10524,103,189,-179,-12880,4952,7072,-1051,69,-171,-12988,-5660,7856,-595,188,-249,0
2079.646537065506,7668,7152,11752,11,-90,22,6888,-9460,10460,91,216,-298,-12584,4624,7148,-1058,8,-282,-13020,-5672,7652,-557,274,-330,0
2079.6799740791325,7544,6936,11968,49,-164,-42,6780,-9256,10736,62,225,-368,-12728,4812,6916,-1011,34,-325,-13192,-5396,7736,-551,343,-283,0
2079.7135031223297,7628,6928,11576,-37,-194,-256,6732,-9436,10304,28,6,-296,-12720,5028,6844,-1075,45,-216,-13100,-5380,7704,-564,267,-253,0
2079.747115135193,7476,6692,11928,-74,-155,55,6452,-9228,10616,94,166,-220,-12688,5044,7000,-1054,109,-156,-12832,-5612,7888,-565,211,-181,0
2079.7806110382085,7676,6688,11936,-75,-127,139,6552,-9568,10428,113,89,-201,-12804,5032,7000,-1092,178,-137,-12968,-5588,7748,-530,255,-87,0
2079.813952922821,7560,6888,11964,-92,-179,177,6432,-9728,10700,93,20,-199,-12676,5104,6960,-1086,203,-225,-13152,-5588,7924,-568,302,-6,0
2079.8476350307465,7648,6976,11920,-103,-190,268,6716,-9512,10596,-3,-17,-219,-12572,4924,7112,-1047,283,-186,-13284,-5568,7772,-618,319,18,0
2079.8810629844666,7624,6908,11940,-138,-299,334,6844,-9428,10560,-12,-49,-225,-12948,4852,6744,-1113,261,-142,-13220,-5636,7756,-655,304,-16,0
2079.9144361019135,7632,6704,11580,-104,-293,336,6896,-9344,10392,-5,-55,-182,-12928,4764,7124,-1053,241,-109,-13164,-5740,7652,-608,213,-102,0
2079.9481730461125,7600,6916,11716,-106,-223,223,6828,-9380,10588,69,36,-168,-12856,4720,7252,-1113,142,-154,-13056,-5768,7716,-606,214,-158,0
2079.9817209243774,7564,7004,11660,-122,-142,111,6880,-9716,10692,22,110,-223,-12812,4872,7104,-1007,123,-196,-13088,-5752,7680,-555,223,-122,0
2080.0152990818024,7576,7004,11788,-117,-137,106,6804,-9320,10580,26,123,-249,-12916,4848,7024,-1032,169,-242,-13208,-5680,7600,-542,237,-124,0
2080.0489771366124,7468,7116,11876,-115,-251,150,6876,-9360,10684,-11,92,-263,-12924,4808,6840,-998,203,-162,-13156,-5388,7556,-536,510,-86,0
2080.082349061966,7648,6932,11768,-180,-277,196,6880,-9296,10376,-96,61,-7,-12796,4712,6968,-939,239,-100,-13156,-5764,7512,-486,250,-250,0
2080.115525007248,7640,6844,11632,-248,-230,224,6728,-9336,10472,-108,38,-266,-12816,4800,6904,-895,271,-80,-12812,-5700,7680,-470,215,-36,0
2080.149234056473,7556,6972,12016,-237,-208,201,6676,-9376,10348,-109,250,-258,-12708,4840,7144,-945,279,-119,-13168,-5572,7632,-505,278,31,0
2080.18275308609,7832,6800,11696,-209,-164,249,6892,-9388,10556,-127,-28,-207,-12916,5096,6968,-961,260,-98,-13236,-5608,7624,-544,242,61,0
2080.2165610790253,7888,6804,11736,-220,-180,284,7084,-9372,10392,-97,11,-181,-13288,4748,6768,-928,264,-42,-13224,-5596,7564,-570,177,-6,0
2080.2499821186066,7928,6856,11676,-140,-110,237,7032,-9456,10436,-27,16,-149,-12908,4636,6952,-980,288,-17,-13208,-5548,7660,-615,162,-83,0
2080.283327102661,7816,6752,11888,-91,-133,0,6964,-9496,10440,19,9,-162,-12948,4780,6912,-900,205,-79,-13156,-5624,7620,-642,207,-73,0
2080.3169169425964,7748,6896,11596,-86,-129,232,6888,-9404,10500,-19,25,-154,-12868,4840,6820,-1032,254,-55,-13156,-5832,7764,-569,158,-118,0
2080.350515127182,7712,6768,11728,-157,-22,191,6868,-9404,10504,-256,126,-167,-12980,4792,6832,-916,187,-32,-12812,-5640,7648,-529,103,-150,0
2080.383877038956,7696,6880,11524,-173,-39,145,6976,-9420,10592,-23,92,-166,-12856,4772,6660,-899,160,-28,-13164,-5760,7508,-534,138,-151,0
2080.4174411296844,7836,6836,11560,-158,-4,91,6948,-9420,10456,12,120,-188,-12988,4756,6864,-931,192,-35,-13160,-5872,7576,-493,142,-166,0
2080.450987100601,7528,6868,11680,-199,15,62,7000,-9336,10456,7,190,-190,-12880,4836,6828,-910,154,-6,-13180,-5712,7576,-411,112,-138,0
2080.4843869209294,7724,6972,11744,-300,12,74,6776,-9328,10704,-81,219,-140,-12928,4956,7136,-877,113,3,-13168,-5680,7624,-412,55,-129,0
2080.5179920196533,7664,6828,11744,-512,6,94,6764,-9532,10268,-59,197,-133,-12856,4984,6784,-984,106,5,-13104,-5756,7820,-507,82,-161,0
2080.5517389774323,7736,6780,11744,-248,6,69,6852,-9504,10620,-30,233,-121,-12928,4864,7024,-999,255,51,-13168,-5776,7780,-521,102,-212,0
2080.5849771499634,7572,7012,11756,-209,28,80,6672,-9356,10500,-65,268,-98,-12864,4744,6956,-1010,93,24,-12996,-5824,7724,-497,75,-133,0
2080.6184270381927,7648,6988,11760,-205,-27,94,6876,-9320,10716,-126,205,-202,-12848,4732,6708,-877,124,-107,-13116,-5784,7632,-437,133,-120,0
2080.651418924332,7784,6692,11716,-202,-120,94,6808,-9392,10492,-70,164,-6,-12880,4964,6652,-920,237,-101,-13120,-5432,7472,-432,181,-78,0
2080.6887011528015,7720,6912,11520,49,-92,142,7164,-9316,10340,-95,108,-235,-12788,4724,6868,-927,237,-48,-13220,-5644,7324,-348,215,-20,0
2080.723706960678,7768,6916,11676,-307,-161,163,6968,-9344,10648,-141,118,-220,-12880,4784,6788,-887,261,-80,-13140,-5692,7500,-305,143,-7,0
2080.7591581344604,7760,6900,11528,-344,-135,148,6660,-9528,10532,-156,155,-226,-12964,4948,6900,-875,260,-27,-13260,-5624,7704,-330,106,-77,0
2080.7949979305267,7776,6780,11732,-285,-10,78,6708,-9368,10404,-92,228,-171,-13080,4652,7020,-941,119,-55,-13212,-5596,7628,-323,115,-167,0
2080.830780029297,7812,6788,11752,-306,255,28,6864,-9540,10332,-19,332,-157,-12928,4944,6676,-937,15,-252,-13212,-5644,7732,-334,63,-237,0
2080.8662531375885,7640,6788,11884,-286,39,-28,6776,-9488,10328,-34,340,-139,-12812,4964,6912,-952,-89,-244,-13044,-5668,7848,-341,31,-507,0
2080.9021649360657,7536,6792,11572,-244,92,-106,6724,-9600,10528,-64,390,-146,-12792,4872,6712,-914,-113,238,-13120,-5704,7772,-387,-16,-290,0
2080.937721967697,7632,6856,11876,-237,74,-76,6556,-9472,10620,-39,412,-97,-12720,5192,7100,-927,-159,70,-13096,-5736,7872,-492,-16,-331,0
2080.973209142685,7472,6876,11824,-197,155,-53,6588,-9552,10620,11,366,-94,-12764,5088,7196,-929,-147,-229,-12944,-5384,7908,-507,-17,-297,0
2081.0093529224396,7364,6864,11960,-155,138,-38,6596,-9540,10540,-32,1,-100,-12716,5156,6852,-1001,-51,-34,-13020,-5696,7752,-517,54,-212,0
2081.0450160503387,7552,6848,11864,-135,35,25,6604,-9436,10676,-49,243,-99,-12816,4916,6912,-998,-32,-243,-13184,-5676,7696,-640,22,-199,0
2081.0807621479034,7636,6880,11936,-115,17,78,6736,-9488,10680,-23,142,-136,-12884,4880,6784,-984,91,-71,-12932,-5620,7592,-555,133,-72,0
2081.1153750419617,7640,6892,11676,-115,-48,181,6900,-9388,10356,-10,45,-198,-13000,5104,6792,-993,245,-115,-13120,-5600,7552,-465,185,-6,0
2081.150922060013,7884,6832,11848,-159,-208,221,6888,-9364,10296,-112,-40,-2,-12840,4836,6424,-1270,368,-111,-13188,-5652,7436,-460,259,96,0
2081.187222957611,8152,6884,11688,-271,-225,308,7056,-9436,10276,-116,-137,-234,-13116,4828,6560,-959,437,-101,-13244,-5400,7520,-387,255,120,0
2081.2221989631653,7948,6736,11352,-316,-162,284,6960,-9708,10400,-92,10,-224,-13048,4880,6576,-1012,349,-86,-13044,-5704,7688,-317,184,47,0
2081.2574479579926,7780,6864,12012,-359,-111,169,7144,-9448,10304,-7,125,-193,-13252,5072,6848,-1072,125,-58,-13128,-5856,7904,-317,72,-93,0
2081.29314494133,7572,6832,11900,-312,-14,33,6700,-9220,10560,15,270,-163,-12848,5080,7024,-774,-13,-41,-13128,-5804,8068,-370,69,-205,0
2081.329970121384,7460,6904,11936,-276,27,-12,6876,-9628,10596,-8,342,-148,-12576,5064,6988,-983,-70,-71,-12912,-5720,7896,-416,102,-236,0
2081.3636839389806,7356,6780,12084,-228,11,-24,6644,-9580,10736,-7,322,-173,-12696,5116,7016,-996,-23,-57,-12928,-5668,7716,-400,86,-211,0
2081.397027015686,7348,6896,11824,-239,-2,7,6196,-9416,10736,9,216,-152,-12612,5100,6992,-1035,57,-89,-12556,-5876,8060,-455,127,-128,0
2081.4305279254913,7344,6780,11876,-233,-64,111,6468,-9700,10576,8,98,-159,-12784,5024,6920,-1043,196,-138,-12896,-5628,7692,-483,187,-52,0
2081.4642770290375,7496,6808,11948,-167,-122,198,6712,-9488,10304,-24,26,-201,-12868,4976,6852,-1063,290,-122,-12852,-5600,7884,-493,201,245,0
2081.4974081516266,7624,6824,11840,-189,-132,198,6704,-9480,10392,15,1,-216,-12924,4924,6856,-1053,228,-103,-13140,-5428,7620,-462,191,-12,0
2081.530964136124,7652,6728,11812,-231,-166,221,6848,-9428,10484,-47,104,-182,-12916,4948,6904,-987,231,-119,-13184,-5664,7672,-462,199,-13,0
2081.564718961716,7764,6868,11796,-264,-145,162,6728,-9248,10536,-35,143,-182,-13204,4964,6816,-989,108,-99,-13348,-5644,7664,-445,99,-78,0
2081.598135948181,7804,6832,11776,-253,-82,79,6968,-9276,10488,-37,211,-132,-13104,4988,6920,-915,-34,236,-13100,-5620,7620,-422,-29,-138,0
2081.631338119507,7696,6768,11884,-283,-12,27,6836,-9344,10448,-82,292,-121,-12928,4940,6824,-958,-1,48,-13160,-5664,7540,-373,-16,-131,0
2081.6649339199066,7656,6716,11864,-352,-249,-4,6788,-9516,10724,-114,273,-139,-12944,4980,6724,-923,-37,47,-13172,-5572,7732,-294,-11,-150,0
2081.6983180046086,7584,6716,11904,-343,17,-26,6680,-9628,10392,-152,305,-127,-12880,5084,6956,-801,-75,-251,-12976,-5552,7824,-330,-17,-159,0
2081.7319819927216,7488,6708,11796,-291,-15,-10,6556,-9484,10408,-135,244,-163,-12848,5136,6896,-894,-17,-67,-12824,-5556,7688,-343,67,-157,0
2081.7655329704285,7520,6864,11928,-236,-76,-3,6668,-9564,10492,-100,222,-179,-12632,5156,6824,-960,-45,-80,-12936,-5420,8124,-442,106,-158,0
2081.799175977707,7248,6624,11812,-162,-11,80,6468,-9620,10520,11,165,-95,-12764,5148,6720,-1091,-41,-73,-12952,-5512,7728,-553,119,-182,0
2081.8328590393066,7524,6516,11580,-63,15,116,6428,-9668,10552,112,94,-101,-12848,5208,6792,-1168,70,-75,-13028,-5608,7840,-604,107,-179,0
2081.866441965103,7664,6728,11752,42,109,135,6784,-9600,10496,102,121,3,-12860,5184,6932,-1324,65,-76,-13184,-5212,7716,-759,31,-227,0
2081.8994150161743,7428,6756,11884,126,141,150,6776,-9568,10520,138,167,44,-12912,4924,6824,-1305,-76,243,-12960,-5584,7772,-1013,5,-229,0
2081.932948112488,7432,6656,11888,14,158,166,6572,-9012,10540,154,165,20,-12536,4772,6908,-1206,13,-6,-12864,-5872,7748,-637,-9,-144,0
2081.966611146927,7536,7020,12024,-10,117,152,6728,-9276,10576,-29,86,-87,-12796,4768,6800,-1015,185,-17,-13104,-5772,7452,-545,137,-17,0
2082.0001671314244,7464,6660,11720,-156,-91,175,6864,-9256,10452,-144,36,-260,-12984,4644,6476,-908,318,-87,-13044,-5680,7568,-352,200,64,0
2082.033709049225,7772,6788,11616,-319,-178,162,6976,-9252,10420,-171,40,-322,-12896,4892,6784,-869,267,-169,-13216,-5732,7668,-235,344,35,0
2082.067390918732,7812,6896,11660,-380,-262,119,6724,-9468,10668,-143,192,-317,-13040,4928,6968,-974,183,-129,-13156,-5720,7872,-243,250,-86,0
2082.100755929947,7800,6756,11852,-397,-129,14,6884,-9624,10672,-96,223,-243,-12988,5072,7140,-873,11,-78,-13128,-5888,7972,-296,100,-157,0
2082.1341450214386,7576,6820,12044,-308,-42,-33,6660,-9712,10676,-90,320,-182,-12928,5284,6956,-1005,-21,-5,-12840,-5648,7708,-362,127,-154,0
2082.1678590774536,7412,6688,11968,-201,-13,10,6460,-9676,10516,-51,292,-145,-12792,5584,7036,-1043,-91,-30,-12868,-5544,7996,-528,67,-182,0
2082.2012951374054,7336,6616,11836,-74,33,64,6424,-9696,10524,58,312,-67,-12700,5224,6932,-1075,-159,-76,-12880,-5740,8000,-567,84,-289,0
2082.23482298851,7360,6876,12068,-19,-12,15,6464,-9712,10292,95,422,-106,-12732,5052,7152,-1021,-179,-88,-13012,-5704,7972,-671,135,-316,0
2082.268445968628,7396,6804,11760,-57,-2,-14,6556,-9532,10624,29,367,-138,-12772,5072,7136,-949,-156,-22,-13128,-5632,7776,-749,113,-281,0
2082.30202794075,7612,6808,11880,-255,13,57,6784,-9500,10604,-36,279,-54,-12884,4988,6644,-950,8,28,-13148,-5416,7732,-749,74,-144,0
2082.3355700969696,7804,6688,11848,-24,-34,180,6932,-9468,10388,-42,135,-82,-12648,4948,6664,-1015,183,-251,-13248,-5132,7716,-636,117,-81,0
2082.3725080490112,7856,6584,11656,-35,-68,220,6920,-9532,10452,29,136,-75,-12980,4904,6532,-1050,186,-75,-13388,-5476,7696,-566,133,-138,0
2082.4084739685054,7824,6608,11744,-117,-19,169,6932,-9540,10452,17,264,-55,-13008,4908,6968,-1207,97,4,-13112,-5556,7788,-492,101,-221,0
2082.4434790611267,7756,6720,11780,-163,52,70,7080,-9612,10744,61,406,-4,-13032,5200,6788,-1130,-140,-17,-13228,-5600,7808,-609,18,-302,0
2082.4792490005493,7436,6612,11668,-97,122,10,6680,-9612,10432,111,454,11,-12884,5052,7056,-1222,-194,66,-13020,-5696,7940,-577,-53,-398,0
2082.5143399238586,7516,6848,11776,-35,169,-78,6544,-9496,10640,138,530,8,-12640,5040,7080,-1175,-273,1,-12892,-5704,7824,-565,-34,-434,0
2082.5498859882355,7324,6996,11868,-33,132,-103,6288,-9436,10528,68,765,-86,-12536,5064,7176,-1083,-221,-249,-12836,-6028,7920,-544,54,-372,0
2082.5849421024323,7176,7052,11924,-116,31,-39,6204,-9296,10908,-34,357,-156,-12324,4964,7168,-1271,-96,-111,-12836,-6032,7780,-480,178,-222,0
2082.6207010746,7120,7084,11812,-164,-49,39,6164,-9292,10784,-105,187,-269,-12312,4872,7204,-963,119,-102,-12680,-6052,7468,-369,3,-97,0
2082.6561820507054,7148,7032,11720,-249,-165,60,6336,-9388,10748,-149,111,-360,-12488,4608,7220,-956,163,-162,-12584,-6108,7720,-325,336,-16,0
2082.6923270225525,7412,7012,11868,-340,-158,131,6304,-9428,10744,-126,74,-307,-12616,5052,7140,-899,175,-117,-12984,-5756,7880,-409,290,45,0
2082.7308909893036,7576,6668,12012,-239,-108,178,6484,-9508,10652,-94,-11,-197,-12872,5064,7152,-982,266,-29,-13480,-5652,7920,-423,181,78,0
2082.7661781311035,7700,6804,12032,-1,-61,252,6640,-9564,10652,-43,-108,-163,-12908,5228,6976,-1001,323,-14,-13216,-5488,7812,-474,115,136,0
2082.8024730682373,7708,6608,11948,-189,-92,328,6636,-9768,10552,-48,-173,-85,-12860,5216,6688,-1032,272,-51,-13172,-5480,7804,-567,74,48,0
2082.838483095169,7584,6520,11800,-160,-78,315,6900,-9664,10540,46,-86,-106,-12724,5152,7008,-1045,207,-34,-12896,-5604,7696,-530,109,9,0
2082.8733959198,7616,6644,11772,-146,-20,229,6656,-9584,10476,-20,41,-112,-12680,5000,6820,-1049,175,-80,-12956,-5580,7928,-538,101,-44,0
2082.9085400104523,7300,6576,11892,-188,-61,194,6684,-9616,10708,36,54,-125,-12756,5156,6920,-1029,165,-70,-13016,-5664,7792,-529,93,-76,0
2082.9431989192963,7504,6664,12044,-145,-66,161,6420,-9604,10464,76,76,-120,-12832,5216,6828,-1127,147,-104,-13004,-5692,7856,-569,145,-102,0
2082.9787149429326,7516,6756,11964,-121,-100,190,6552,-9604,10664,138,151,-132,-12776,5352,7060,-1112,77,-98,-13300,-5812,7796,-589,173,-129,0
2083.015119075775,7476,6860,11864,-143,-58,182,6548,-9472,10612,26,61,-105,-12760,5128,6960,-798,103,-40,-13076,-5828,7832,-605,85,-96,0
2083.048793077469,7468,6788,11932,-142,-72,207,6460,-9480,10664,57,92,-114,-12740,4928,7040,-1080,112,-71,-13032,-5704,7712,-630,99,-125,0
2083.0823979377747,7492,6696,11756,-95,-109,180,6616,-9472,10604,114,85,-137,-12836,5088,7180,-1117,71,-167,-13052,-5796,7772,-609,139,-141,0
2083.115984916687,7516,6660,11664,-87,-116,205,6408,-9280,10596,107,28,-129,-12652,4896,7196,-1055,61,-119,-13080,-5832,7856,-648,143,-68,0
2083.1494541168213,7524,7000,11892,-125,-127,507,6572,-9372,10572,40,-59,-125,-12684,4948,7060,-1074,243,-110,-13000,-5708,7560,-632,169,68,0
2083.1828179359436,7636,6868,12136,-81,-158,334,6612,-9516,10556,45,-189,-90,-12576,5008,6828,-1112,330,-154,-13280,-5680,7912,-620,179,98,0
2083.216752052307,7676,6904,11804,-96,-148,336,6840,-9504,10636,25,-231,-143,-13004,5016,7152,-1158,380,-123,-12964,-5704,7696,-592,196,105,0
2083.2503521442413,7576,6800,11664,-95,-142,397,6744,-9396,10520,-47,-152,-98,-12908,4984,6812,-1132,373,-33,-13088,-5680,7688,-597,110,81,0
2083.2838139534,7600,6768,11568,-126,-138,341,6756,-9440,10500,-82,12,-138,-12856,4912,6788,-1008,313,-12,-12976,-5700,7644,-506,89,-43,0
2083.3173480033875,7652,6516,11632,-199,-77,145,6828,-9268,10276,-60,213,-199,-12824,4820,6780,-966,155,-29,-12992,-5676,7460,-395,88,-151,0
2083.3510921001434,7684,6684,11764,-271,-19,17,6568,-9004,10488,-31,305,-182,-12624,4780,6956,-981,10,-56,-13268,-5880,7880,-266,92,-156,0
2083.3844799995422,7460,7016,11780,-432,40,-36,6468,-9360,10540,-63,184,-275,-12584,5092,7088,-908,63,-66,-13036,-5764,7912,-271,197,-70,0
2083.418123960495,7460,6800,11960,-436,9,-246,6464,-9664,10808,-17,30,-281,-12668,5188,7156,-1040,113,-127,-13044,-5648,7796,-452,301,-17,0
2083.451786994934,7620,6868,11888,-138,-50,194,6528,-9632,10792,13,-183,-241,-12612,5152,7064,-1075,304,-109,-13152,-5684,7988,-549,228,50,0
2083.4854819774628,7460,6664,11884,-15,-137,228,6732,-9480,10440,-37,-158,-255,-12636,5328,6892,-1047,463,-187,-13044,-5416,7680,-481,170,2,0
2083.519138097763,7448,6624,12016,-6,-163,245,6600,-9568,10400,-36,-45,-301,-12812,5032,6844,-1167,416,-205,-12852,-5600,7628,-539,344,10,0
2083.552881002426,7648,6888,11868,-197,-232,248,6780,-9380,10540,6,47,-177,-12876,5188,7032,-1140,267,4,-13272,-5540,7836,-572,144,-253,0
2083.5866651535034,7704,6592,11944,-2,61,264,6612,-9560,10616,77,75,1,-12876,5168,6908,-1214,287,114,-13168,-5540,7888,-672,-253,-56,0
2083.6202280521393,7576,6500,12124,-100,192,229,6760,-9640,10556,126,69,-5,-12880,4952,6896,-1140,209,21,-13072,-5436,7480,-572,-32,-153,0
2083.653669118881,7420,6740,11808,25,122,96,6808,-9388,10708,64,93,-216,-12928,4684,6792,-1015,170,-197,-13008,-5660,7896,-423,27,-246,0
2083.6871869564056,7392,6928,11764,-110,-81,-54,6744,-9320,10648,-64,245,-368,-12840,4792,7040,-923,28,-248,-13028,-5756,7632,-440,12,-277,0
2083.720847129822,7708,6880,11816,-209,-253,-50,6776,-9416,10580,-38,349,-317,-12988,4932,6904,-1051,-40,-158,-13288,-5524,7620,-526,249,-222,0
2083.7544379234314,7856,6824,11964,-186,-100,16,6684,-9356,10716,37,251,-151,-12908,4996,6808,-1102,38,238,-13208,-5540,7896,-534,82,-133,0
2083.7881989479065,7740,6724,11848,-100,63,94,6600,-9516,10716,45,168,-101,-12760,5064,6756,-1066,228,60,-13056,-5788,7800,-451,-26,-125,0
2083.8218359947205,7348,6680,11900,-52,136,113,6708,-9512,10548,254,93,-104,-12548,5044,7136,-771,223,22,-12884,-5668,7792,-473,-25,-163,0
2083.855618953705,7432,6616,11928,-104,36,75,6520,-9540,10504,5,225,-116,-12772,4872,6924,-1079,70,-21,-13096,-5600,7816,-529,7,-175,0
2083.8890619277954,7436,6800,11812,-161,252,113,6560,-9344,10712,-50,173,-83,-12792,5008,7024,-1065,70,249,-13036,-5676,7844,-577,17,-127,0
2083.9225010871887,7564,6840,11852,-108,14,158,6640,-9476,10596,-22,193,-77,-12944,4904,7084,-1078,80,235,-13228,-5800,7920,-607,-23,-208,0
2083.9560329914093,7692,6728,11812,-54,16,118,6704,-9728,10632,42,236,-94,-13008,4848,6932,-1068,111,-47,-13144,-5840,7844,-546,-38,-229,0
2083.9899840354924,7496,6856,11848,-48,81,78,6612,-9452,10544,37,249,-136,-12840,4912,7040,-1089,116,-45,-12924,-5696,7876,-428,53,-218,0
2084.023339033127,7528,6812,12008,-89,27,42,6636,-9312,10512,1,239,-172,-12796,4820,7008,-1054,59,-72,-13040,-5712,7812,-405,101,-215,0
2084.0608339309692,7188,6908,11756,-135,-37,20,6620,-9448,10640,-32,297,-193,-12664,5012,7132,-983,-22,-109,-12820,-5692,7852,-388,110,-229,0
2084.0971269607544,7608,6824,11872,-138,-63,25,6636,-9388,10600,-52,294,-186,-12700,4960,6908,-948,17,-113,-12940,-5700,7812,-378,131,-205,0
2084.1321840286255,7452,6832,11892,-182,-73,25,6500,-9320,10592,-43,215,-222,-12552,4892,6956,-1028,76,-103,-13032,-5696,7796,-361,186,-139,0
2084.168580055237,7444,6868,11808,-195,-43,87,6448,-9468,10588,-27,166,-214,-12752,4964,7056,-1033,134,-106,-12980,-5640,7900,-350,175,-121,0
2084.2038049697876,7392,6904,11868,-232,-102,92,6580,-9444,10608,-38,171,-227,-13056,5016,7128,-1036,82,-81,-13276,-5636,7732,-404,220,-123,0
2084.2392449378967,7404,6784,11992,-181,-67,84,6588,-9476,10548,-41,166,-208,-13044,4952,6960,-1044,97,-106,-13292,-5884,7872,-445,173,-129,0
2084.27454996109,7508,6672,12024,-144,-56,102,6428,-9580,10656,-28,121,-180,-12912,4916,6792,-1016,108,-87,-13092,-5668,7860,-476,191,-122,0
2084.3104140758514,7508,6836,11904,-104,-66,108,6580,-9676,10620,-40,138,-167,-12976,5044,7140,-990,80,-74,-12804,-5692,7900,-491,159,-129,0
2084.3458321094513,7544,6816,11812,-107,-52,102,6556,-9512,10724,-69,203,-164,-12948,4984,6772,-985,60,-84,-12984,-5652,7836,-514,100,-177,0
2084.3817000389095,7512,6856,11984,-81,-39,86,6672,-9516,10540,-24,211,-145,-12880,5004,6848,-1000,8,-34,-13128,-5548,7872,-545,77,-193,0
2084.417606115341,7600,6756,11964,-120,25,54,6804,-9600,10624,56,233,-141,-12840,4936,6948,-1010,35,-74,-12872,-5672,7852,-475,161,-188,0
2084.4526510238647,7580,6864,11956,-207,3,83,6452,-9384,10620,21,191,-233,-12724,4888,6956,-1024,106,-155,-12844,-5676,7916,-466,235,-101,0
2084.488682985306,7316,6916,11972,-207,-163,113,6520,-9524,10668,-87,130,-300,-12640,4968,7108,-916,82,-153,-13056,-5768,7864,-526,247,-111,0
2084.5237700939174,7472,6832,11740,-140,-231,90,6656,-9492,10592,-151,97,-286,-12796,4856,6976,-874,118,-165,-12980,-5756,7872,-487,503,-127,0
2084.559172153473,7404,6656,11900,-195,-219,128,6632,-9308,10564,-82,126,-296,-12736,4948,6928,-954,125,-182,-12952,-5768,7772,-443,274,-111,0
2084.5941100120544,7452,6860,11932,-212,-204,100,6720,-9444,10672,-60,159,-317,-12836,4944,7056,-926,81,-215,-13116,-5704,7828,-474,260,-121,0
2084.6297509670258,7472,6904,12004,-198,-185,67,6568,-9576,10688,-13,169,-289,-12788,4960,7312,-921,58,-162,-13012,-5680,7708,-480,220,-137,0
2084.664868116379,7432,6856,11928,-215,-163,95,6500,-9492,10660,-64,121,-278,-12396,5036,6796,-896,128,-157,-13028,-5640,7864,-467,217,-68,0
2084.7005000114445,7492,6736,11932,-240,-243,151,6580,-9352,10540,-78,43,-281,-12780,5044,6884,-938,166,-136,-12860,-5884,7836,-386,214,-7,0
2084.7339789867406,7380,6784,12148,-261,-260,210,6660,-9268,10568,-59,36,-259,-12868,5040,6736,-925,179,-126,-12956,-5820,7688,-464,210,-50,0
2084.767663002014,7472,6844,11948,-244,-248,183,6832,-9292,10572,-35,67,-225,-12800,4952,7084,-950,176,-150,-13104,-5624,7812,-554,174,-97,0
2084.8010771274567,7620,6764,11832,-180,-199,211,6688,-9420,10628,-3,41,-200,-12872,4836,6724,-944,144,-118,-13036,-5876,7924,-517,154,-43,0
2084.8344650268555,7504,6736,12012,-199,-138,194,6684,-9704,10564,12,71,-159,-12900,4932,7084,-931,137,-93,-13128,-5660,7804,-569,91,-59,0
2084.8680651187897,7604,6812,11868,-203,-159,184,6448,-9540,10676,8,109,-171,-12812,5040,6716,-889,64,-69,-13028,-5608,7712,-514,122,-106,0
2084.901354074478,7628,6728,11892,-160,-156,121,6652,-9432,10612,-19,144,-205,-12860,4628,6692,-944,82,-124,-12964,-5664,7948,-472,159,-125,0
2084.9349999427795,7656,6876,11656,-161,-185,87,6688,-9404,10600,-38,164,-246,-12816,4932,6872,-886,20,-185,-13028,-5600,7880,-507,217,-138,0
2084.9686551094055,7512,6804,11936,-194,-244,102,6596,-9328,10536,-68,148,-240,-12856,4956,6908,-877,112,-173,-13256,-5536,7816,-500,201,-122,0
2085.0023219585414,7536,6736,11928,-195,-217,131,6896,-9472,10652,-33,142,-228,-12884,4956,6896,-873,96,-202,-12852,-5588,7840,-518,225,-101,0
2085.0358340740204,7620,6764,11784,-187,-199,134,6416,-9472,10600,-11,141,-239,-13052,4868,6784,-903,139,-100,-13248,-5696,7900,-258,212,-87,0
2085.0692870616913,7648,6808,11652,-175,-190,136,6548,-9444,10568,247,89,-197,-12892,4892,6944,-907,114,-106,-13176,-5736,7924,-533,184,-97,0
2085.102474927902,7592,6728,11888,-156,-95,136,6576,-9408,10660,13,103,-174,-12788,5004,6892,-940,139,-140,-13104,-5768,7788,-563,136,-79,0
2085.1359429359436,7472,6772,11828,-58,-60,135,6680,-9376,10640,13,46,-181,-12808,4980,7120,-1017,152,-130,-12824,-5852,7812,-551,143,-107,0
2085.1696081161494,7556,6796,11836,-98,-49,89,6680,-9384,10588,28,126,-190,-13048,4928,6764,-981,69,-106,-12812,-5708,7708,-497,162,-143,0
2085.202785015106,7556,6696,11872,-125,252,84,6704,-9288,10624,21,134,-206,-12756,5036,6816,-951,51,-114,-13052,-5680,7760,-508,119,-178,0
2085.2364499568935,7468,6688,11848,-129,-11,11,6780,-9276,10596,26,200,-220,-12888,5028,6752,-966,0,-148,-13060,-5840,7816,-455,186,-200,0
2085.269777059555,7636,6712,11964,-183,-20,-5,6732,-9532,10724,80,195,-234,-12804,5016,6896,-1052,12,-166,-12920,-5856,7752,-384,242,-207,0
2085.30309510231,7532,6776,11892,-125,-27,-45,6452,-9712,10704,115,182,-300,-12940,4968,6924,-1039,-250,-189,-12860,-5636,7508,-421,272,-261,0
2085.336841106415,7648,6704,11752,-108,-92,-81,6728,-9496,10572,80,2,-349,-12916,5100,6864,-992,-148,-216,-12972,-5496,7860,-457,304,-311,0
2085.3703470230103,7708,6704,11940,-84,-90,-100,6732,-9480,10608,130,322,-325,-12944,5016,6708,-1050,-164,-268,-13088,-5672,7860,-443,259,-342,0
2085.4038100242615,7612,6740,11868,-79,-60,-120,6776,-9444,10596,136,322,-268,-12916,4944,6808,-1073,-134,-237,-13044,-5752,7760,-414,184,-322,0
2085.4373891353607,7532,6972,11744,-110,-40,-88,6576,-9284,10760,50,304,-237,-13016,4864,7028,-970,-164,-150,-13036,-5824,7780,-415,180,-269,0
2085.4710371494293,7564,6916,11772,-105,-55,-30,6624,-9316,10784,-12,238,-200,-12736,4880,7116,-771,-20,-93,-13068,-5820,7636,-390,142,-171,0
2085.5043129920964,7520,6940,11828,-121,-36,60,6536,-9272,10512,-71,169,-157,-12692,4896,7004,-1007,29,-68,-13048,-5864,7692,-380,149,-118,0
2085.537924051285,7480,6940,11824,-82,-6,158,6532,-8980,10704,-77,92,-128,-12736,4932,7152,-1055,65,-63,-12952,-5768,7580,-403,109,-42,0
2085.571489095688,7464,7016,11788,-100,-35,183,6680,-9312,10776,-114,39,-107,-12720,4844,7044,-997,132,231,-13036,-5824,7596,-478,100,-24,0
2085.604882001877,7496,6976,11836,-114,-73,217,6576,-9308,11004,-138,7,-118,-12584,5088,6996,-1029,154,-43,-13020,-5804,7820,-496,105,-52,0
2085.6380960941315,7544,6952,11740,-109,-73,202,6664,-9340,10788,-112,14,-129,-12796,4864,7072,-1061,172,-235,-13088,-5684,7812,-540,101,-96,0
2085.671859025955,7660,6840,11812,-64,-51,162,6632,-9444,10724,-110,8,-145,-12876,4712,6976,-948,149,-29,-13008,-5680,7756,-518,137,-83,0
2085.7052850723267,7468,6796,11684,-46,9,127,6668,-9420,10500,-110,80,-165,-12828,4632,7056,-986,108,-22,-13208,-5656,7828,-484,150,-140,0
2085.7428460121155,7596,6812,11524,-79,-23,87,6756,-9416,10636,-100,132,-174,-12900,5008,6848,-770,63,-102,-13196,-5664,7836,-449,151,-131,0
2085.7785799503326,7876,6760,11992,-81,-42,42,6688,-9592,10560,-58,184,-210,-12848,5072,6932,-974,54,-46,-13172,-5616,7864,-357,123,-145,0
2085.8137249946594,7208,6760,11936,-146,-39,39,6672,-9372,10648,-81,162,-193,-12716,5056,7004,-967,92,-97,-13032,-5656,7888,-353,170,-112,0
2085.8493659496307,7536,6788,11828,-203,-58,87,6624,-9316,10532,-119,160,-192,-12716,5000,7072,-875,87,-19,-13136,-5736,7756,-404,144,-109,0
2085.884777069092,7448,6928,11860,-171,-42,151,6612,-9400,10836,-210,103,-132,-12760,4880,7160,-841,14,247,-13032,-5740,7780,-479,72,-87,0
2085.9201879501343,7508,6880,11972,-121,-22,145,6508,-9508,10768,-134,62,-88,-12776,4968,7136,-874,48,42,-13024,-5844,7776,-457,88,-78,0
2085.9554469585414,7236,7000,11860,-117,22,178,6540,-9372,10860,-110,45,-99,-12808,4892,6976,-884,86,-9,-13020,-5816,7780,-476,109,-40,0
2085.9907960891724,7232,7016,11800,-124,-25,182,6692,-9340,10780,-189,97,-109,-12752,4820,7016,-842,11,-256,-13080,-5808,7644,-259,160,-92,0
2086.0259511470795,7548,7156,11764,-130,-13,126,6588,-9396,10528,-151,112,-144,-12708,4968,7068,-911,36,226,-12820,-5636,7436,-486,89,-46,0
2086.0612750053406,7508,6888,11808,-126,-15,160,6612,-9380,10708,-144,119,-110,-12828,4988,6904,-917,-40,-248,-12964,-5700,7784,-444,172,-59,0
2086.0976181030273,7532,7044,11976,-155,-6,148,6668,-9396,10624,-138,92,-144,-12780,4916,7104,-876,-11,-4,-13132,-5820,7776,-447,110,-42,0
2086.133059978485,7552,6840,11788,-160,-32,161,6720,-9512,10664,-144,111,-160,-13012,5012,7084,-878,-66,-46,-13060,-5500,7680,-481,173,-88,0
2086.1695301532745,7572,6832,11868,-131,-56,82,6740,-9588,10472,-90,126,-177,-12808,5072,6896,-874,-94,-66,-12984,-5520,7892,-258,217,-119,0
2086.205102920532,7480,6852,11648,-121,-16,72,6672,-9620,10400,-252,117,-227,-13056,5076,7144,-986,-127,-85,-13104,-5460,7908,-459,173,-154,0
2086.241234064102,7552,7072,12004,-194,94,164,6736,-9356,10588,-117,100,-116,-12824,4948,7048,-944,-25,-107,-13040,-5720,7568,-766,212,-49,0
2086.277277946472,7480,6756,11796,-81,-148,45,6900,-9516,10944,129,174,-213,-12840,5308,6944,-1111,-75,-112,-13184,-5596,8048,-494,500,-166,0
2086.312686920166,7404,7112,12160,-237,-59,172,6584,-9400,10432,0,139,-114,-12640,4964,6840,-936,69,-75,-12992,-6076,7968,-461,140,-254,0
2086.347760915756,7340,6912,11900,-161,-191,210,6604,-9552,10716,-185,18,-256,-12728,5180,7296,-860,178,-149,-12992,-5652,7864,-382,175,-26,0
2086.383544921875,7424,6900,11544,-174,-131,163,6600,-9396,10540,-135,98,-218,-12640,4984,7124,-889,125,-123,-12904,-5744,7684,-432,205,-60,0
2086.4172151088715,7348,6832,11944,-290,-149,149,6612,-9584,10620,-157,116,-286,-12768,5076,6668,-918,149,-152,-13012,-5556,7800,-349,282,-70,0
2086.4507999420166,7460,6896,11812,-210,-163,108,6416,-9484,10676,-55,85,-301,-12832,5160,7056,-773,144,-136,-13300,-5580,7816,-409,245,-71,0
2086.4843060970306,7616,6656,11572,-207,-126,102,6712,-9516,10464,50,84,-258,-12788,4972,7092,-1050,100,-179,-13260,-5880,7684,-503,254,-102,0
2086.5179369449615,7584,6960,11872,-230,-208,132,6804,-9448,10696,-20,89,-283,-12780,4984,7004,-772,128,-209,-13152,-5652,7684,-486,231,-84,0
2086.5512120723724,7448,6992,11528,-181,-163,169,6716,-9408,10580,10,28,-253,-12868,4976,7152,-1080,188,-113,-13236,-5392,7892,-504,156,-45,0
2086.584754943848,7732,6660,11980,-187,-187,206,6792,-9428,10256,26,10,-198,-12748,4936,7164,-1225,149,-71,-13304,-5852,7696,-473,183,-53,0
2086.618266105652,7476,7012,11812,-174,-183,193,6652,-9344,10516,-3,72,-168,-12760,4936,7036,-1073,209,-45,-13252,-5756,7908,-497,104,-45,0
2086.651426076889,7560,6848,11812,-207,-70,178,6780,-9380,10736,19,123,-162,-12788,4964,7044,-1041,265,-99,-13104,-5608,7916,-428,85,-28,0
2086.6848199367523,7488,6792,12020,-321,-97,145,6696,-9256,10684,27,56,-202,-12748,5004,6884,-1102,381,-94,-12840,-5384,7836,-430,121,9,0
2086.718419075012,7880,6804,11848,-295,-96,193,6708,-9452,10536,26,39,-215,-12768,5012,6816,-1244,532,-83,-13064,-5528,7792,-374,244,-30,0
2086.751652956009,7616,6736,12008,-256,-45,135,6756,-9548,10696,79,13,-228,-12572,5184,7024,-1295,596,-86,-13024,-5804,7896,-415,41,-65,0
2086.7851979732513,7432,6792,11924,-292,-93,168,6672,-9564,10540,70,55,-221,-12684,5076,6892,-1309,498,-147,-13228,-5564,7888,-499,133,-71,3
2086.8186640739445,7392,6672,11972,-264,-109,139,6568,-9420,10456,-61,66,-6,-12704,4980,6988,-1144,425,-151,-12808,-5556,7740,-547,131,-100,3
2086.852350950241,7584,6696,11832,-215,-166,167,6636,-9516,10384,-89,132,-511,-12988,4952,6804,-1275,393,-155,-13116,-5508,7824,-534,192,-81,3
2086.885787963867,7600,6780,11856,-191,-109,192,6732,-9400,10476,-63,66,-224,-12868,4968,6844,-903,382,-82,-13196,-5608,7748,-536,124,-108,3
2086.9194400310516,7640,6880,11760,-221,-87,155,6780,-9408,10568,-38,139,-192,-12944,4860,6956,-932,369,-82,-13156,-5484,7716,-525,81,-139,3
2086.952805995941,7644,6812,11760,-245,-7,101,6780,-9492,10560,29,211,-166,-12956,4976,6924,-978,1,-66,-13164,-5556,7848,-537,145,-156,3
2086.9862139225006,7564,6904,11924,-213,-69,105,6768,-9328,10512,9,285,-135,-12980,4956,6900,-968,144,-107,-13072,-5636,7644,-569,175,-167,3
2087.0200140476227,7644,6752,11684,-213,-87,98,6700,-9364,10468,39,325,-154,-12572,4876,6756,-950,70,-76,-12988,-5820,7604,-566,222,-168,3
2087.0535831451416,7412,6772,11840,-159,-107,93,6736,-9356,10600,73,320,-162,-12860,4948,7144,-946,66,-119,-13264,-5436,7820,-586,282,-196,0
2087.087124109268,7524,6820,11844,-155,-129,50,6544,-9448,10716,105,280,-181,-12836,5092,6968,-961,73,-162,-13084,-5576,7936,-532,262,-161,0
2087.1207530498505,7528,6764,11968,-187,-69,96,6652,-9464,10736,118,210,-206,-12588,5280,7108,-854,166,-150,-13200,-5688,8132,-607,154,-175,0
2087.1539361476894,7628,6824,11876,-136,-17,94,6676,-9252,10656,38,190,-179,-12932,4928,7088,-865,164,-58,-13136,-5868,7868,-602,90,-168,0
2087.187422037124,7464,6816,12048,-180,23,48,6548,-9356,10900,37,183,-159,-12848,5104,6720,-818,248,-84,-13312,-5400,7808,-489,109,-99,0
2087.221032142639,7500,6820,11876,-186,77,134,6696,-9424,10708,-89,80,-126,-12864,5168,6948,-778,191,-74,-13200,-5528,7764,-588,166,-106,0
2087.2542679309845,7576,6644,11820,-174,-256,143,6608,-9460,10584,-51,71,-135,-12820,4864,6820,-812,188,-112,-12856,-5604,7808,-645,83,-90,0
2087.2878079414368,7440,6728,11976,-169,20,156,6856,-9344,10592,-80,53,-128,-12868,4972,6752,-873,243,-101,-13068,-5388,7860,-450,160,-59,0
2087.321290969848,7472,6684,11900,-141,27,167,6708,-9388,10656,-71,85,-177,-12812,4964,6892,-937,151,-65,-13148,-5576,7668,-632,240,-94,0
2087.3548250198364,7644,6720,11684,-242,-84,148,6724,-9468,10572,32,40,-180,-12748,5072,6908,-1120,222,-65,-12876,-5724,7704,-592,176,-89,0
2087.3907001018524,7376,6656,11792,-180,-111,235,6364,-9524,10720,48,-76,-211,-12740,5348,6964,-1018,445,-194,-12904,-5388,7500,-651,388,35,0
2087.4271500110626,7564,6852,11896,-47,-56,240,6944,-9336,10400,-90,-147,-293,-13152,4768,6688,-949,258,-132,-13224,-5572,7520,-744,137,-125,0
2087.4622840881348,7760,6676,11320,-22,-93,104,7136,-9168,10256,-294,158,-140,-12944,4912,6532,-1024,-28,248,-13156,-5516,7628,-648,-22,-283,0
2087.4980630874634,7796,6784,11672,-156,121,18,6852,-9392,10696,-18,217,-107,-13140,4820,6788,-1080,-24,-29,-13336,-5772,7668,-631,24,-233,0
2087.533896923065,7884,6964,12052,-215,228,10,7108,-9484,10724,18,207,-108,-13172,4976,6684,-1166,94,-255,-13544,-5728,7884,-663,-123,-509,0
2087.56963801384,7504,6788,11880,-158,86,-29,6804,-9540,10492,-78,243,-124,-12764,5080,6740,-1207,65,-61,-12936,-5456,7704,-654,-8,-243,0
2087.6051311492924,7644,6776,11788,-43,-55,87,6364,-9328,10656,61,124,-142,-12660,4780,7136,-1364,199,-62,-12588,-5812,7812,-581,85,-109,0
2087.640316963196,7264,6836,11680,-66,-67,82,6492,-9716,10612,12,63,-235,-12828,5016,6788,-1347,311,-137,-13192,-5744,7816,-561,99,-114,0
2087.6755630970006,7600,6776,11884,-125,-66,133,6740,-9236,10484,-42,41,-185,-12632,5052,7048,-1175,197,-22,-13080,-5788,7876,-605,38,-117,0
2087.7111089229584,7408,6744,11780,-86,41,105,6684,-9476,10600,-28,34,-160,-12900,5040,6732,-1062,501,-100,-13092,-5676,7844,-513,-36,-135,0
2087.7521481513977,7388,6884,12128,-80,42,126,6628,-9396,10520,-54,68,-103,-12964,4988,7008,-1063,154,-62,-13028,-5784,7700,-599,37,-147,0
2087.7883000373845,7532,6676,11948,-158,10,102,6744,-9368,10536,-84,110,-162,-12832,4980,6820,-1054,33,-57,-13120,-5640,7776,-617,103,-168,0
2087.8233699798584,7484,6832,11736,-78,-56,83,6480,-9448,10696,-61,110,-169,-13004,4944,6612,-1068,101,-107,-12888,-5456,7828,-538,72,-130,0
2087.8591899871826,7516,6780,11832,-161,249,128,6772,-9420,10540,-62,114,-193,-12992,4976,6804,-1105,155,-102,-12956,-5720,7560,-543,200,-107,0
2087.8945491313934,7660,6848,11688,-129,-58,140,6872,-9372,10452,-17,73,-203,-12940,4920,6884,-1092,140,-111,-13108,-5692,7696,-552,185,-106,0
2087.930135011673,7280,6832,11872,-133,-91,143,6736,-9272,10552,253,109,-162,-12892,4980,6696,-1117,99,-74,-13172,-5868,7708,-566,153,-90,0
2087.9649369716644,7488,6920,12020,-197,-84,154,6728,-9508,10744,-22,103,-161,-13276,4876,6804,-1075,89,-70,-13104,-5824,7748,-486,90,-98,0
2088.000445127487,7584,6876,11916,-155,-44,172,6668,-9500,10628,-17,114,-139,-12968,4912,6944,-1115,88,-110,-13276,-5736,7772,-468,96,-51,0
2088.035485982895,7440,6808,11916,-191,-182,129,6808,-9516,10592,-100,119,-204,-12956,4924,6824,-1036,54,-143,-12972,-5848,7792,-478,163,-65,0
2088.0712130069733,7456,6808,11864,-188,-150,124,6436,-9440,10440,-22,104,-218,-12824,4948,6756,-1053,67,-115,-13008,-5748,7704,-479,183,-69,0
2088.1048500537872,7464,6840,12012,-178,-144,148,6840,-9648,10588,-17,111,-211,-12792,5020,6764,-1063,71,-103,-13004,-5776,7812,-485,156,-58,0
2088.138356924057,7360,6860,11832,-167,-182,180,6640,-9456,10600,-5,135,-219,-12984,5004,6768,-1052,96,-122,-13044,-5688,7952,-423,180,-63,0
2088.1718170642853,7304,6864,11728,-194,-171,166,6528,-9448,10324,-13,87,-219,-12876,4972,6856,-1047,89,-156,-13104,-5776,7716,-442,231,-40,0
2088.2053480148315,7612,7084,11764,-152,-199,168,6780,-9240,10608,-8,109,-230,-12972,4904,6692,-1041,82,-181,-13092,-5600,7728,-437,0,-30,0
2088.2388999462128,7504,6868,11952,-179,-224,181,6752,-9276,10428,-28,69,-239,-12956,5000,6680,-1058,76,-118,-13040,-5696,7628,-435,231,-23,0
2088.272222995758,7588,6832,12028,-131,-257,176,6904,-9536,10588,-33,87,-250,-13000,4916,6812,-1044,93,-161,-13036,-5732,7732,-436,218,-53,0
2088.3055291175842,7568,6736,11800,-174,-229,151,7156,-9336,10636,-21,113,-208,-12896,4908,6760,-985,49,-128,-13044,-5700,7852,-406,189,-78,0
2088.339174985885,7612,6768,11796,-200,-188,146,6888,-9396,10564,-6,136,-200,-13008,4816,6796,-997,13,-147,-13096,-5728,7628,-377,193,-91,0
2088.3728280067444,7496,6884,11740,-209,-214,144,6856,-9504,10624,-33,172,-220,-12912,4680,6852,-955,35,-144,-13196,-5720,7832,-349,216,-93,0
2088.4062070846558,7224,6864,11704,-210,-218,135,6712,-9452,10620,24,134,-205,-12944,4952,6772,-935,25,-122,-13064,-5732,7932,-380,189,-99,0
2088.439803123474,7508,6736,12000,-209,-194,142,6700,-9448,10536,-4,150,-224,-12892,4924,6768,-990,14,-103,-13140,-5648,7636,-392,235,-85,0
2088.473372936249,7636,6820,11696,-156,-500,141,6752,-9460,10668,-46,135,-240,-12948,4932,6912,-986,30,-146,-13156,-5688,7772,-428,241,-91,0
2088.5070099830627,7508,6720,11660,-142,-222,142,6644,-9464,10636,-29,78,-240,-12804,4992,6852,-976,62,-143,-12988,-5664,7756,-495,203,-107,0
2088.5405399799347,7580,6740,11864,-95,-180,156,6672,-9452,10480,-56,105,-234,-12888,4928,6980,-965,93,-122,-13024,-5700,7808,-760,199,-113,0
2088.574126958847,7552,6832,11852,-133,-187,155,6688,-9312,10512,-46,92,-227,-12800,4692,6716,-948,122,-79,-13148,-5700,7780,-506,181,-73,0
2088.6076810359955,7588,6784,11684,-120,-106,145,6764,-9392,10376,-86,86,-198,-12960,4916,6808,-953,92,-46,-13068,-5676,7680,-500,121,-127,0
2088.640743970871,7484,6744,11672,-111,-75,136,6856,-9492,10576,-25,163,-171,-13120,5108,6880,-991,29,-79,-13212,-5660,7656,-510,126,-141,0
2088.6742529869084,7792,6828,11788,-158,-24,114,6940,-9336,10644,-10,157,-146,-12948,4756,6852,-998,53,-30,-13228,-5768,7740,-516,118,-132,0
2088.707715988159,7576,6800,11672,-118,-37,108,6760,-9484,10744,-37,161,-164,-13000,4836,6900,-1004,64,-37,-12868,-5656,7788,-510,127,-147,0
2088.7412950992584,7612,6780,11732,-158,-120,77,6780,-9684,10668,-63,167,-220,-12940,4836,6948,-945,75,-43,-13108,-5608,7724,-511,149,-141,0
2088.774538040161,7516,6784,11796,-159,-74,98,6824,-9224,10504,-16,166,-217,-12948,4836,6940,-990,81,-95,-13200,-5636,7684,-494,107,-159,0
2088.8082299232483,7620,6804,11720,-105,-49,82,6776,-9656,10624,-90,171,-155,-12804,4700,6708,-1006,66,-87,-12960,-5768,7736,-512,78,-165,0
2088.8417689800262,7568,6904,11844,-136,-49,92,6708,-9352,10576,-75,169,-141,-12600,5000,6824,-991,76,-50,-13296,-5680,7784,-505,90,-144,0
2088.875268936157,7544,6804,11744,-181,-44,95,6720,-9468,10532,-51,170,-169,-12924,4924,6788,-1019,91,-35,-13200,-5712,7900,-498,118,-95,0
2088.9085581302643,7636,6876,11744,-171,-10,107,6724,-9428,10580,-30,138,-162,-12920,4888,6860,-1023,123,-61,-13052,-5388,7880,-261,144,-125,0
2088.9419519901276,7608,6764,11740,-157,-37,120,6748,-9460,10496,-25,116,-198,-12932,4916,6728,-1009,118,-106,-13244,-5644,7900,-488,197,-83,0
2088.9755749702454,7648,6756,11828,-156,-115,103,6752,-9416,10500,-23,142,-224,-12960,4856,7104,-993,108,-120,-13188,-5696,7628,-452,227,-101,0
2089.0092139244084,7600,6840,11660,-244,-86,100,6796,-9504,10496,21,157,-193,-12928,4980,7052,-967,93,-81,-13184,-5636,7664,-419,225,-81,0
2089.042573928833,7708,6736,11936,-233,-97,97,6852,-9316,10448,-246,218,-179,-12992,5036,6888,-976,31,-105,-13244,-5724,7844,-358,214,-111,0
2089.0787439346313,7680,6736,11572,-247,-28,72,6852,-9404,10500,-4,227,-129,-12988,4860,6692,-1016,-43,-108,-13136,-5616,7780,-352,207,-119,0
2089.1148819923405,7608,6820,11876,-267,-20,60,6676,-9388,10552,20,197,-155,-12948,4916,6696,-970,-10,-64,-13084,-5760,7668,-380,156,-131,0
2089.150372982025,7532,6792,11988,-226,-4,47,6720,-9452,10608,-21,202,-153,-12988,4940,6984,-976,-18,-85,-13072,-5888,7764,-418,162,-102,0
2089.185455083847,7652,6776,11980,-195,-23,64,6676,-9440,10552,13,175,-161,-12844,4908,6948,-953,7,-52,-12892,-5592,7904,-425,116,-154,0
2089.221091032028,7464,7100,11564,-148,-3,58,6792,-9304,10608,21,152,-155,-13000,5080,6916,-1004,-6,-112,-13068,-5668,7732,-437,155,-126,0
2089.257646083832,7916,6836,11868,-122,-7,77,6672,-9308,10556,4,142,-177,-12848,5108,7096,-959,3,-48,-13300,-5652,7724,-479,140,-122,0
2089.292459964752,7596,6824,11932,-149,-20,91,6744,-9408,10512,-24,139,-153,-12880,4916,6896,-954,46,-91,-13088,-5660,7580,-470,133,-134,0
2089.327661037445,7636,6896,11824,-111,-37,80,6708,-9512,10592,-68,144,-190,-12856,4980,7092,-983,41,-95,-13160,-5664,7824,-473,129,-111,0
2089.363867998123,7892,6768,11948,-152,-34,88,6740,-9492,10460,-44,146,-147,-12932,4868,7064,-1019,16,-46,-13056,-5716,7864,-456,142,-139,0
2089.3993990421295,7600,7124,12020,-99,18,107,6628,-9380,10632,-50,126,-159,-12860,4820,6852,-995,35,-86,-13308,-5772,7768,-469,110,-117,0
2089.4348089694977,7524,6896,11892,-131,-61,77,6776,-9440,10748,-96,159,-199,-12904,4872,6936,-935,9,-41,-12812,-5664,7680,-443,134,-150,0
2089.4704809188843,7648,6840,11804,-197,-16,49,6896,-9412,10512,-28,168,-175,-12876,5016,6932,-995,13,-58,-13060,-5612,7880,-433,133,-97,0
2089.507086992264,7592,6752,11764,-140,-13,47,6772,-9468,10568,-32,170,-168,-12908,4968,6856,-978,58,-79,-13244,-5648,7876,-437,142,-144,0
2089.5422830581665,7656,6788,11904,-123,-28,94,6744,-9372,10592,-46,148,-189,-12884,4968,6960,-993,78,-49,-13124,-5744,7896,-421,139,-133,0
2089.5775170326233,7560,6764,11732,-172,-51,31,6724,-9404,10568,-92,196,-198,-12836,4956,6876,-938,3,-91,-13060,-5424,7700,-380,163,-140,0
2089.613101005554,7464,6820,11948,-177,-36,61,6780,-9428,10644,-32,182,-215,-12864,5104,6784,-978,32,-111,-13004,-5572,7684,-363,181,-111,0
2089.6491820812225,7196,6836,11816,-201,-69,57,6732,-9464,10580,-28,122,-512,-12724,4964,6856,-1005,97,-139,-12940,-5600,7676,-395,218,-83,0
2089.6839940547943,7472,6900,11804,-170,-128,49,6708,-9396,10568,-51,114,-511,-12880,4872,6980,-1006,101,-144,-13088,-5696,7824,-392,203,-104,0
2089.7222690582275,7592,7076,11876,-181,-124,18,6672,-9344,10616,-103,97,-275,-12876,4964,6936,-969,91,-123,-12876,-5696,7932,-395,180,-86,0
2089.7558081150055,7484,7096,11904,-199,-162,57,6788,-9408,10448,-108,133,-296,-12828,4976,6828,-979,131,-91,-13084,-5512,7692,-436,150,-101,0
2089.7891521453857,7520,6744,11624,-183,-151,98,6832,-9320,10500,-94,76,-261,-12944,5000,6948,-950,135,-139,-12868,-5888,7732,-403,167,-112,0
2089.822870016098,7556,6820,11784,-183,-156,75,6728,-9348,10292,-104,134,-304,-12864,4716,7024,-916,120,-172,-13100,-5740,7816,-360,233,-108,0
2089.856787919998,7596,6900,12016,-237,-163,58,7156,-9692,10612,-158,154,-333,-12912,4844,6904,-863,46,-227,-13232,-5760,7696,-425,186,-153,0
2089.890272140503,7452,6792,11908,-240,-219,53,6792,-9232,10724,-197,197,-279,-12920,5024,6920,-894,-8,-137,-13304,-5576,7828,-420,187,-110,0
2089.9238770008087,7424,6828,11956,-232,-244,111,6588,-9440,10664,-88,190,-268,-12984,5024,7024,-927,27,-160,-13212,-5704,7784,-401,227,-100,0
2089.9595561027527,7456,6868,11784,-195,-167,152,6540,-9424,10640,-133,141,-229,-12564,4924,6952,-924,84,-109,-13236,-5792,7860,-474,189,-63,0
2089.9930880069733,7584,6852,11900,-254,-166,131,6708,-9444,10588,-150,113,-174,-12816,4884,7020,-893,17,-55,-13116,-5624,7744,-490,111,-46,0
2090.0268321037292,7516,6708,11800,-195,-73,188,6736,-9512,10648,-62,67,-149,-12576,5020,6820,-915,119,-39,-13096,-5592,7872,-506,89,-33,0
2090.060482978821,7600,6776,11520,-175,-83,509,6612,-9624,10480,-6,32,-108,-12808,5084,7108,-1013,72,-43,-13312,-5400,7868,-519,152,10,0
2090.0937991142273,7760,6892,11720,-168,-56,511,6796,-9488,10676,-32,32,-126,-12944,4760,6752,-968,144,-71,-13220,-5400,7684,-544,199,-248,0
2090.127706050873,7468,6788,11948,-174,-160,239,6708,-9544,10360,255,17,-181,-12920,4996,7144,-1014,73,-126,-13184,-5556,7648,-531,280,-36,0
2090.16117811203,7908,6696,11672,-145,-222,203,6884,-9520,10428,-11,101,-195,-12920,5044,6804,-984,-48,-137,-13068,-5540,7844,-624,281,-101,0
2090.19456410408,7436,6744,11828,-122,-189,160,6812,-9468,10396,1,88,-144,-12860,5096,6784,-1274,-256,-102,-13160,-5524,7872,-532,190,-92,0
2090.2282059192657,7600,6716,12000,-144,-80,193,6848,-9572,10436,44,116,-85,-12808,5056,6996,-1090,-28,-38,-13260,-5524,7840,-549,151,-107,0
2090.261719942093,7716,6732,11704,-139,-27,214,6776,-9576,10596,44,202,-37,-13032,4972,6940,-1046,-98,9,-13232,-5532,7812,-594,106,-78,0
2090.294984102249,7672,6740,11940,-158,33,194,6744,-9424,10580,47,175,20,-12816,5068,6872,-1045,-42,-225,-13228,-5564,7788,-610,59,-65,0
2090.3288469314575,7676,6872,11836,-171,44,242,6768,-9528,10544,43,153,50,-12812,5064,7004,-1075,36,58,-13080,-5624,7748,-645,51,-47,0
2090.3623859882355,7664,6756,11900,-144,4,251,6704,-9508,10628,22,93,-3,-12796,5112,6924,-1070,62,35,-13292,-5656,7836,-606,63,-47,0
2090.395776987076,7612,6824,11908,-90,251,243,6700,-9656,10636,40,124,-25,-12640,4932,7032,-1072,61,-38,-12944,-5852,7692,-678,79,-137,0
2090.4294340610504,7548,6708,11772,-7,-9,219,6588,-9708,10460,59,107,-55,-12796,4916,6800,-1040,-255,-32,-13144,-5676,7592,-723,136,-153,0
2090.462968111038,7616,6776,11544,-256,-5,176,6804,-9356,10512,65,153,-48,-12744,4852,7016,-1096,-3,-49,-13068,-5740,7596,-642,91,-195,0
2090.4966950416565,7588,6940,11612,-74,252,135,6772,-9344,10488,37,189,-84,-12688,4788,7048,-1058,-33,-112,-13140,-5684,7496,-579,134,-185,0
2090.529997110367,7584,6900,11540,-108,-19,76,6488,-9348,10552,21,224,-136,-12784,4876,7068,-991,-65,-132,-13056,-5756,7536,-517,138,-228,0
2090.5636680126186,7428,6872,11936,-96,-12,5,6864,-9420,10504,-13,235,-193,-12780,4848,7108,-936,-98,-157,-13184,-5716,7696,-478,162,-191,0
2090.5973529815674,7616,6900,11748,-137,-47,7,6800,-9520,10652,-51,239,-171,-13044,4980,6948,-934,-125,-60,-13216,-5668,7676,-768,164,-167,0
2090.6309731006622,7640,6876,11720,-129,16,65,6780,-9412,10704,-57,260,-94,-12680,5048,7020,-950,-91,-255,-13200,-5608,7808,-523,139,-130,0
2090.664514064789,7756,6780,11816,-118,63,126,6584,-9408,10600,-27,176,-26,-12752,5104,7104,-979,-59,63,-13068,-5556,7676,-505,59,-91,0
2090.698228120804,7568,6708,11860,-123,117,179,6632,-9532,10488,-44,192,-8,-12560,5140,7064,-980,-77,65,-13124,-5604,7812,-523,43,-125,0
2090.731789112091,7548,6456,11960,-62,142,163,6888,-9636,10464,-14,217,23,-12700,5136,7084,-984,-153,54,-12952,-5772,7916,-604,58,-194,0
2090.769253015518,7452,6776,11828,-73,110,97,6560,-9668,10544,-13,281,-255,-12740,4960,7112,-964,-149,246,-13052,-5716,7716,-590,60,-177,0
2090.804934978485,7488,6832,11868,-54,95,67,6636,-9636,10648,-35,270,-18,-12748,5060,7160,-961,-196,-246,-12984,-5660,7760,-573,63,-238,0
2090.8403351306915,7596,6656,11524,-82,34,41,6528,-9728,10756,-13,259,-116,-12580,5004,7372,-899,-168,-65,-12904,-5720,7740,-531,133,-228,0
2090.8753919601445,7464,7156,11880,-57,28,-4,6572,-9408,10656,-45,240,-188,-12620,4860,7228,-850,-91,-142,-12892,-5896,7512,-423,177,-169,0
2090.910651922226,7564,7120,11896,-153,-79,4,6564,-9248,10680,-182,229,-268,-12676,4964,6940,-773,68,-122,-12900,-5568,7604,-496,238,-108,0
2090.9461729526524,7708,6884,11660,-250,-80,107,6628,-9504,10524,-94,134,-168,-12736,5080,7312,-961,177,-2,-13144,-5464,7440,-499,151,-78,0
2090.9817681312566,7436,6732,11572,-89,-7,141,6412,-9252,10500,-27,148,-119,-12704,5152,7124,-979,91,235,-13004,-5796,7888,-462,32,-126,0
2091.0180780887604,7480,6972,11956,-83,58,93,6652,-9592,10448,-43,159,-104,-12728,5184,7372,-902,62,-49,-13040,-5676,7824,-765,29,-183,0
2091.0536201000214,7548,6688,12040,-45,4,46,6676,-9620,10708,-68,155,-178,-12744,5032,7120,-855,64,-126,-12820,-5668,7892,-549,97,-240,0
2091.0892879962926,7580,6876,11892,-66,3,51,6508,-9344,10620,-1,153,-182,-12676,5200,6924,-941,122,-159,-12836,-5780,7824,-667,154,-184,0
2091.1250131130214,7556,6892,11772,-83,28,67,6528,-9260,10416,19,77,-187,-12756,5048,7028,-992,159,-34,-13064,-5756,7748,-624,136,-170,0
2091.1606500148773,7488,6928,11760,-79,-26,78,6600,-9228,10920,32,139,-181,-12664,4984,6980,-989,186,-99,-12876,-5844,7812,-538,59,-183,0
2091.1971909999847,7352,6900,11864,-84,253,61,6508,-9588,10492,-28,115,-245,-12704,5120,7068,-927,127,-137,-12980,-5776,7928,-496,97,-155,0
2091.232404947281,7408,6980,11852,-34,-39,51,6424,-9540,10504,-92,128,-281,-12608,5024,7104,-926,84,-170,-13024,-5688,7776,-491,189,-139,0
2091.268748044968,7480,6908,11716,-163,-156,85,6492,-9500,10604,-96,115,-281,-12644,5012,6988,-929,113,-151,-13040,-5724,7700,-483,189,-90,0
2091.30406498909,7472,7020,11812,-187,-127,86,6648,-9472,10496,-48,59,-510,-12748,5132,6928,-990,221,-106,-13096,-5724,7816,-537,123,-106,0
2091.3406620025635,7600,6916,11872,-199,-42,98,6688,-9580,10456,13,83,-218,-12864,5168,7032,-983,277,-80,-13112,-5740,7816,-515,56,-148,0
2091.3756000995636,7500,6748,11896,-142,54,73,6860,-9456,10596,123,148,-175,-12812,5076,7060,-1120,220,-44,-13140,-5736,7716,-475,-252,-160,0
2091.4116821289062,7496,6908,11888,-247,-76,90,6652,-9412,10636,144,186,-197,-12584,5196,6956,-1114,198,-96,-13044,-5796,7992,-474,144,-140,0
2091.4453999996185,7476,7032,11840,-272,-162,121,6492,-9700,10500,65,104,-12,-12472,5336,7148,-1156,267,-167,-12892,-5896,7904,-410,196,-35,0
2091.478919029236,7340,7032,11932,-192,-227,146,6480,-9292,10904,-31,-44,-328,-12720,4972,7132,-943,457,-226,-12992,-5652,7604,-480,136,43,0
2091.5125551223755,7184,6952,11868,-234,-190,169,6672,-9556,10644,-241,-141,-381,-12776,5028,6976,-960,527,-282,-13188,-5656,7968,-425,140,-16,0
2091.546350955963,7648,6800,11988,-127,-395,175,6756,-9484,10512,130,-23,-367,-12876,5216,7328,-1169,402,-235,-13124,-5652,7740,-414,169,-76,0
2091.579987049103,7468,6996,11632,-220,-218,112,6788,-9488,10612,88,57,-339,-12776,5040,6932,-1070,213,-237,-13032,-5836,7924,-461,212,-130,0
2091.613527059555,7444,6944,11792,-206,-319,40,6588,-9484,10524,-114,153,-403,-12772,5028,6980,-919,129,-279,-13072,-5400,7716,-397,314,-148,0
2091.647006034851,7612,6904,11632,-254,-497,51,6704,-9428,10428,-73,119,-346,-12888,5008,7036,-950,108,-242,-13064,-5656,7684,-480,295,-156,0
2091.6806979179382,7648,6824,12008,-159,-160,74,6824,-9544,10588,-36,139,-264,-12816,5032,6944,-933,-14,-187,-13136,-5720,7684,-517,207,-140,0
2091.7142820358276,7620,6860,11896,-105,-151,93,6624,-9308,10444,-83,104,-197,-12676,5072,6972,-897,29,-112,-12952,-5764,7808,-430,99,-125,0
2091.747972011566,7464,6988,11836,-214,-161,113,6640,-9404,10488,-158,93,-248,-12736,4984,6724,-856,86,-148,-13028,-5712,7892,-324,209,-46,0
2091.7814531326294,7516,6884,11772,-211,-226,114,6780,-9428,10696,-108,112,-303,-12808,5108,6912,-883,171,-131,-13160,-5652,7468,-391,174,-28,0
2091.8150429725647,7512,6684,11684,-166,-253,130,6708,-9540,10680,-113,97,-261,-12884,5144,6800,-954,235,-152,-13152,-5520,7680,-539,173,-59,0
2091.848634004593,7584,6748,12020,-81,-295,132,6736,-9232,10448,34,256,-264,-12776,4992,7140,-922,-256,-175,-13012,-5456,7640,-583,468,-118,0
2091.881987094879,7636,6840,11724,-216,-297,64,6688,-9452,10620,-89,258,-221,-12652,4980,6808,-1064,-111,-130,-13184,-5592,7780,-402,281,-109,0
2091.9157791137695,7540,6776,11972,-413,2,79,6696,-9372,10396,196,299,-145,-12764,5112,6912,-987,82,-73,-13088,-5688,7664,-507,94,-106,0
2091.9494490623474,7624,6824,11544,-246,66,118,6744,-9404,10652,73,275,-59,-12792,4964,7168,-982,-34,-54,-13136,-5644,7428,-568,244,-148,0
2091.9828159809113,7648,6972,11748,-194,80,57,6840,-9344,10684,225,375,-83,-12944,4908,7304,-1073,-104,19,-13088,-5824,7700,-463,178,-165,0
2092.016564130783,7644,7156,11676,-361,160,48,6736,-9416,10984,145,375,-73,-12792,5040,7000,-1039,-57,-248,-13080,-5412,7440,-458,146,-184,0
2092.0501170158386,7612,6916,11764,-512,55,103,6592,-9400,10624,68,245,-65,-12728,5076,7044,-1051,-6,23,-13212,-5640,7604,-442,15,-146,0
2092.0837349891663,7564,7024,11716,-153,27,133,6524,-9348,10784,-85,157,-81,-12576,4924,7036,-1002,173,25,-12860,-5764,7456,-462,-10,-50,0
2092.1169991493225,7268,6840,11836,-184,88,101,6492,-9292,10592,-68,75,-154,-12556,5012,7072,-979,192,-3,-12984,-5740,7584,-420,93,-38,0
2092.1504261493683,7440,6728,11888,-310,9,105,6880,-9404,10592,-100,109,-219,-12764,4888,6768,-754,152,-81,-13152,-5772,7720,-371,31,-8,0
2092.1839640140533,7468,6868,11840,-266,-71,127,6696,-9376,10676,-216,-1,-286,-12556,4984,6768,-908,348,2,-13236,-5612,7732,-283,-244,-38,0
2092.217545032501,7608,6860,11680,-163,-122,168,6620,-9544,10620,-322,-118,-243,-12728,5208,7020,-832,494,-56,-13048,-5692,7688,-473,-134,-51,0
2092.2511219978333,7576,6728,11884,-69,-247,181,6700,-9376,10628,-165,-117,-171,-12796,5072,7116,-908,489,-35,-13056,-5440,7764,-538,-38,-44,0
2092.2847430706024,7468,6724,11912,-140,70,129,6692,-9728,10736,-139,-86,-194,-12828,4976,6824,-1033,380,-45,-13028,-5668,7740,-407,-24,-73,0
2092.318078994751,7380,6816,11812,-183,31,143,6624,-9452,10516,-107,-90,-207,-12672,5176,6988,-1003,437,-73,-12932,-5760,7880,-472,-124,-72,0
2092.3513810634613,7432,6812,11804,-184,121,135,6676,-9408,10516,-193,-15,-175,-12872,5156,6784,-1001,462,-45,-12816,-5664,7680,-620,-121,-91,0
2092.3847689628606,7592,6684,11844,-71,88,135,6804,-9560,10532,-80,52,-92,-12896,5228,6668,-1122,355,-248,-13112,-5724,7992,-658,-129,-185,0
2092.417892932892,7532,6772,11912,-32,71,119,6744,-9648,10520,-6,76,-47,-13032,5132,7044,-1187,279,-20,-13144,-5676,7896,-704,-129,-194,0
2092.45467710495,7456,6856,11892,17,124,113,6412,-9452,10580,-103,65,-83,-12720,4936,6936,-1175,265,-93,-12908,-5652,7872,-654,-54,-170,0
2092.490482091904,7352,6908,11864,-74,52,131,6548,-9436,10432,-133,-35,-143,-12792,5080,6708,-1155,366,-33,-12856,-5844,7852,-731,-74,-107,0
2092.526139974594,7292,6932,11836,-20,110,120,6720,-9412,10456,-186,-79,-189,-12652,4840,6872,-1122,411,-75,-12960,-5712,7732,-605,-98,-109,0
2092.561826944351,7572,6688,11860,-65,3,128,6844,-9540,10612,-202,-61,-192,-12832,5060,6916,-1152,265,-109,-13072,-5664,7720,-532,114,-96,0
2092.598114013672,7676,6820,11812,-156,-65,133,6840,-9644,10320,-79,64,-198,-12808,5036,6824,-1247,196,-55,-12848,-5724,7956,-534,93,-75,0
2092.6329579353333,7488,6948,11828,-264,35,142,6728,-9704,10428,-135,32,-144,-12860,5172,6752,-1261,384,-19,-13044,-5588,7916,-503,-41,-32,0
2092.668072938919,7280,6908,12024,-210,23,212,6708,-9584,10548,-143,-18,-118,-12860,5128,6888,-1236,350,-16,-12864,-5664,8152,-469,-4,-74,0
2092.7033960819244,7420,6832,11952,-160,9,154,6736,-9664,10424,-37,63,-145,-12868,5052,7044,-1233,170,-71,-12860,-5720,7692,-412,118,-142,0
2092.739123106003,7320,6828,11864,-161,-81,87,6724,-9484,10332,9,145,-222,-12600,5032,6868,-1258,136,-120,-12972,-5608,7844,-400,150,-155,0
2092.7779190540314,7436,6936,11808,-185,-53,74,6764,-9592,10508,91,134,-212,-13056,4968,6740,-1369,243,-178,-12892,-5740,7984,-367,182,-142,0
2092.8136529922485,7204,7148,11844,-250,-77,99,6720,-9720,10700,138,155,-215,-12908,4972,6892,-1362,268,-139,-13048,-5708,7980,-469,168,-156,0
2092.8492569923405,7392,6984,11864,-285,-56,136,6680,-9588,10572,62,120,-178,-12884,5044,7044,-1233,260,-86,-12956,-5848,8008,-506,141,-106,0
2092.8843529224396,7420,6780,12080,-291,-41,198,6788,-9632,10608,101,70,-160,-12940,4996,6800,-1320,275,-149,-13132,-5660,7952,-436,185,-74,0
2092.919573068619,7328,6892,12188,-277,-61,263,6660,-9720,10464,152,152,-156,-12848,4880,6764,-1041,293,-97,-12984,-5792,8044,-570,146,-8,0
2092.9546661376953,7400,6972,12016,-334,-57,234,6788,-9604,10624,39,112,-172,-12912,5024,6956,-981,401,-68,-12912,-5688,8128,-614,65,-42,0
2092.9906771183014,7632,6660,12016,-436,41,261,6924,-9620,10568,83,32,-192,-12876,4904,6976,-878,156,-79,-12848,-5864,7828,-405,322,-75,0
2093.0258390903473,7328,6868,11916,-303,-77,218,6688,-9652,10348,28,109,-203,-12772,4900,6804,-888,-59,-152,-12872,-5724,7872,-558,370,-123,0
2093.061138153076,7176,6780,11864,-302,-92,178,6908,-9728,10484,89,181,-213,-12836,4952,6668,-674,306,-146,-12992,-5380,8056,-681,197,-71,0
2093.096903085708,7348,6824,12048,-345,-21,232,6816,-9540,10516,47,120,-225,-12928,4812,7088,-687,3,-128,-13056,-5632,7516,-510,306,-79,0
2093.1304230690002,7516,6804,11668,-310,-124,240,6780,-9428,10704,86,64,-281,-12984,4960,6744,-800,145,-141,-12920,-5744,7924,-592,361,-121,0
2093.163947105408,7404,6780,11604,-288,-81,191,6776,-9424,10540,144,88,-246,-12812,4924,6536,-690,198,-147,-12920,-5576,7688,-601,300,-61,0
2093.197505950928,7540,6768,11872,-204,-125,209,6780,-9320,10480,70,60,-247,-12932,4936,6776,-1021,169,-117,-13016,-5680,7740,-422,268,-65,0
2093.2311289310455,7484,6724,12052,-279,-158,206,6824,-9328,10492,29,86,-206,-12968,5016,6408,-858,137,-45,-13140,-5652,7888,-322,149,-43,0
2093.264585018158,7564,6684,12012,-227,-99,163,6936,-9720,10584,57,130,-180,-13100,5092,6732,-1033,126,-58,-13120,-5628,7728,-322,105,-66,0
2093.298058986664,7664,6724,12024,-171,-83,166,6824,-9508,10576,19,185,-128,-12992,5096,6724,-1017,124,-74,-13264,-5704,7868,-322,47,-82,0
2093.331869125366,7416,6708,11812,-142,-249,159,6788,-9460,10356,31,128,-107,-12848,5132,6500,-1074,210,-79,-12936,-5684,7812,-361,-40,-15,0
2093.365396022796,7348,6784,11976,-129,-19,170,6740,-9460,10592,-30,37,-173,-13012,4948,6864,-1028,335,-97,-12944,-5624,7772,-304,-76,-253,0
2093.398819923401,7428,6656,12040,-178,-18,151,6860,-9344,10268,-49,66,-220,-12952,4960,6464,-1082,288,-84,-12900,-5648,7924,-423,-28,-42,0
2093.4324929714203,7596,6708,11964,-170,-64,112,6776,-9364,10648,-43,108,-247,-13272,5012,6408,-1046,197,-120,-12952,-5656,7732,-461,-33,-74,0
2093.4658410549164,7448,6728,11908,-156,-121,72,6848,-9380,10500,-88,145,-227,-12968,4848,6696,-773,183,-125,-12900,-5668,7796,-552,-17,-103,0
2093.4992990493774,7420,6756,11816,-144,-112,41,6784,-9296,10628,-108,180,-216,-12908,5040,6712,-1103,178,-114,-13040,-5620,7852,-646,36,-108,0
2093.5329389572144,7536,6708,11860,-151,-47,61,6672,-9432,10580,-80,158,-200,-13028,5028,6852,-1222,86,-95,-13028,-5872,7844,-600,142,-131,0
2093.5667049884796,7536,6452,12156,-206,-51,95,6804,-9540,10244,-22,178,-142,-13048,5032,6764,-1226,-100,-88,-12972,-5620,7904,-619,231,-159,0
2093.600214958191,7612,6832,11920,-187,46,91,6924,-9520,10472,13,150,-82,-12932,5012,6652,-1177,-83,-13,-12956,-5744,7984,-690,213,-210,0
2093.6335010528564,7640,6824,11788,-180,35,64,6744,-9348,10528,-11,235,-127,-13012,5116,6728,-1091,-111,-88,-12984,-5596,7800,-527,230,-174,0
2093.667135000229,7188,6740,11908,-202,-2,19,6688,-9676,10600,-29,213,-131,-12884,4956,6620,-1062,25,-114,-12956,-5608,7828,-563,216,-153,0
2093.700609922409,7676,6472,11876,-169,80,68,6788,-9452,10652,-50,196,-141,-12952,4816,7068,-1113,-83,-84,-12928,-5652,7908,-418,240,-129,0
2093.734199047088,7316,6848,11852,-219,39,64,6660,-9340,10740,-97,223,-131,-12876,4852,6688,-1135,-110,-33,-13016,-5724,7936,-265,163,-81,0
2093.7678451538086,7452,6784,11848,-209,10,32,6844,-9440,10592,-138,193,-134,-12924,4968,6700,-1052,-76,-39,-12936,-5672,7868,-160,45,-49,0
2093.8012220859528,7304,6764,11944,-254,20,49,6732,-9308,10336,-177,192,-161,-12956,5088,6860,-1200,-94,-73,-12824,-5652,8132,-290,161,-86,0
2093.8347649574284,7408,6688,11956,-498,14,88,6904,-9508,10472,-269,198,-205,-13140,5044,6748,-1196,-184,-76,-12952,-5584,8008,-390,509,-102,0
2093.8680140972137,7420,6408,11972,-195,66,55,6740,-9516,10488,-237,176,-160,-12908,5000,6812,-1193,-170,-75,-12996,-5640,8048,-361,263,-138,0
2093.9010379314423,7632,6592,12120,-119,35,72,6728,-9648,10492,-231,144,-143,-12892,5008,6832,-1251,-251,-121,-12924,-5636,8048,-362,258,-153,0
2093.9344561100006,7312,6712,12032,-78,30,45,6672,-9556,10420,-294,154,-112,-12580,5040,6684,-1228,-217,-143,-13028,-5600,7948,-423,253,-131,0
2093.968052148819,7420,6496,11976,-20,90,50,6792,-9512,10500,-409,99,-110,-12960,4912,6728,-1258,-230,-120,-13080,-5576,7980,-432,223,-149,0
2094.0014140605927,7340,6760,12280,-21,48,83,6768,-9544,10356,-414,101,-109,-12860,4880,6952,-1231,-177,-100,-13020,-5788,7896,-423,231,-131,0
2094.034912109375,7364,6804,11904,-67,85,79,6716,-9476,10376,-467,119,-61,-12872,4780,6720,-1178,34,-108,-12948,-5688,7864,-483,131,-148,0
2094.0684249401093,7400,6764,12072,-51,74,104,6724,-9568,10428,-387,109,-105,-12804,4716,7076,-1135,24,-82,-13068,-5704,7888,-462,144,-138,0
2094.1014671325684,7256,6848,12080,-81,159,62,6744,-9592,10448,-368,88,-112,-12608,4892,6860,-1031,164,-113,-13224,-5440,7816,-522,100,-145,0
2094.1391820907593,7300,6876,11948,-106,110,56,6856,-9680,10360,-433,26,-119,-12584,4864,6984,-1038,264,-89,-12856,-5652,7900,-562,42,-162,0
2094.1749970912933,7404,6812,12232,8,146,28,6708,-9656,10376,-412,47,-179,-12836,5000,6856,-969,316,-147,-13028,-5688,7704,-606,44,-156,0
2094.2109389305115,7256,6812,12172,65,191,45,6452,-9480,10224,-417,-17,-139,-12988,4912,6984,-1019,338,-190,-13016,-5500,7920,-646,86,-143,0
2094.246169090271,7192,6808,12004,-40,110,41,6808,-9780,10328,-376,23,-118,-12948,4964,6708,-1048,336,-92,-12804,-5708,7912,-672,20,-191,0
2094.2818229198456,7312,6812,11884,251,207,60,6700,-9972,10444,-305,-3,-64,-12820,4932,7052,-1057,272,-114,-13008,-5696,7840,-545,-26,-112,0
2094.317852020264,7164,6836,11860,21,110,67,6760,-9556,10304,-325,44,-93,-12824,4924,6840,-1038,252,-107,-12904,-5728,7904,-763,56,-117,0
2094.3526589870453,7128,6780,11944,-13,143,72,6716,-9792,10092,-305,31,-104,-13040,5088,7160,-1017,256,-117,-12972,-5620,7764,-490,27,-113,0
2094.3881199359894,7228,6860,11808,-46,129,105,6812,-9852,10236,-284,46,-92,-12900,4908,6808,-1056,203,-61,-12976,-5744,7908,-399,-35,-80,0
2094.4237909317017,7180,6788,12188,-22,103,106,6820,-9816,10284,-258,-28,-83,-12892,4832,6676,-1029,85,-58,-12900,-5672,7704,-357,29,-89,0
2094.4599299430847,7084,6664,11856,-254,92,114,6800,-9832,10420,-267,27,-116,-12900,4884,6864,-1017,136,-107,-12924,-5404,7976,-241,-27,-55,0
2094.4947769641876,7376,6944,12072,-32,74,92,6744,-9512,10372,-189,-62,-139,-12860,4740,6880,-1067,160,-98,-13012,-5652,7836,-135,-15,-41,0
2094.5300631523132,7048,6988,11912,-32,70,102,6884,-9780,9988,-172,48,-117,-13056,4748,6688,-1129,-15,-43,-13040,-5588,8000,-76,-100,-44,0
2094.5654680728912,7200,6820,12132,-45,107,89,6808,-9736,10276,-137,101,-108,-12880,4756,6964,-1088,106,-76,-12948,-5716,7996,-8,-59,-46,0
2094.601315975189,7152,6928,12016,-100,128,84,6836,-9828,10176,-216,92,-103,-12932,4884,6892,-1088,108,-142,-13012,-5664,7784,-25,35,-39,0
2094.6376190185547,7180,7060,12080,-116,116,88,6732,-9864,10328,-172,-127,-130,-12884,4776,6812,-1104,117,-110,-12936,-5564,7968,-116,86,-58,0
2094.672788143158,7000,6892,11948,-95,76,69,6824,-9928,10100,-58,99,-153,-12876,4620,7144,-1039,158,-89,-12920,-5440,8036,-273,103,-122,0
2094.708629131317,6960,6916,12032,-57,54,77,6712,-10016,10176,-40,8,-128,-12812,4756,7108,-1044,35,-91,-12936,-5568,7972,-205,108,-120,0
2094.7439529895782,7128,7136,12144,-16,61,87,6432,-9868,10432,-48,-7,-110,-12844,4892,6936,-1037,75,-180,-12948,-5580,7980,-285,131,-96,0
2094.7803621292114,7068,6940,11940,-53,103,92,6700,-10036,10156,-84,6,-138,-12972,5076,7144,-1060,131,-119,-12860,-5568,7968,-380,92,-161,0
2094.8136670589447,7072,7052,12052,-2,19,100,6936,-9860,10044,-74,85,-180,-12936,5096,6756,-1068,7,-118,-12920,-5504,8396,-393,65,-119,0
2094.847378015518,6964,6892,12200,-23,-32,144,6828,-9968,10264,-68,105,-179,-13124,4804,7148,-1011,226,-180,-12884,-5588,8108,-412,152,-95,0
2094.8809599876404,7072,7040,12088,-29,-117,140,6880,-9980,10196,-25,102,-184,-13016,4820,6664,-1040,336,-234,-12908,-5472,8116,-415,125,-107,0
2094.9144110679626,7116,6932,11940,-4,-66,133,6824,-9900,10152,-90,107,-253,-12868,4832,7000,-974,219,-215,-12980,-5480,8220,-354,113,-121,0
2094.94788813591,7040,6928,12008,-7,-51,83,6804,-9936,10072,-166,63,-212,-12948,4612,6836,-1027,68,-227,-12860,-5556,8020,-374,241,-161,0
2094.9814550876617,7052,7056,11984,-74,-94,60,6880,-9792,10156,-17,142,-213,-12972,4756,6744,-968,54,-212,-12984,-5576,8008,-418,216,-161,0
2095.0148000717163,7128,7136,11980,-81,15,47,6860,-9868,10216,28,177,-203,-12932,4816,6852,-977,58,-190,-12872,-5580,8044,-435,240,-156,0
2095.0485301017766,7116,6960,12272,-102,-57,37,6804,-9908,10272,-19,180,-247,-12944,4664,6776,-936,46,-170,-12820,-5384,7980,-420,198,-111,0
2095.0821261405945,7084,7032,11984,-96,-103,77,6860,-9796,10188,50,99,-214,-12888,4808,6816,-972,138,-146,-12876,-5488,8100,-427,140,-99,0
2095.11558008194,6996,7040,12072,-68,-104,131,6668,-10152,9996,-14,66,-173,-12996,4828,6816,-998,116,-80,-12936,-5452,8128,-431,100,-83,3
2095.149204015732,6996,7048,12112,-59,-72,148,6860,-9936,10300,-64,76,-156,-13000,4820,6924,-975,67,-77,-12984,-5480,8136,-442,92,-93,3
2095.1828820705414,7052,6984,11932,-92,-61,135,6776,-9832,10260,-35,114,-130,-13008,4764,6660,-1001,59,-87,-13040,-5544,8104,-422,18,-108,3
2095.2164649963374,6888,6932,11828,-57,243,113,6692,-9916,10216,-7,122,-131,-12920,4796,6760,-975,131,-67,-12988,-5364,8400,-440,46,-104,3
2095.2500281333923,6980,6984,12032,-47,7,135,6916,-9804,10144,-36,69,-111,-12828,4692,6848,-1002,76,-130,-12844,-5520,8132,-503,140,-152,3
2095.2837800979614,7044,6984,11868,-64,-90,123,6864,-9808,10120,-13,80,-182,-12992,4684,6784,-1001,86,-132,-12980,-5456,8040,-556,179,-168,3
2095.317430973053,7008,6976,11912,-80,-43,93,6808,-9864,10028,-15,64,-192,-12996,4764,7060,-973,26,-112,-12972,-5396,8144,-764,225,-196,3
2095.3508570194244,7004,7024,11788,-121,-167,86,6832,-9912,10192,15,182,-214,-12916,4772,6548,-954,-21,-114,-13004,-5456,8080,-538,264,-171,0
2095.3846271038055,6988,6960,11872,-138,-177,124,6848,-9980,10104,30,182,-218,-12916,4796,6928,-966,9,-182,-13036,-5592,7980,-511,222,-173,0
2095.4181571006775,7076,7196,11972,-135,-90,97,6756,-9868,10168,255,145,-237,-12988,4664,6936,-951,25,-123,-12940,-5580,8164,-431,155,-124,0
2095.4518749713898,6928,7096,12020,-162,-77,75,6784,-9860,10168,-13,73,-204,-13052,4844,7140,-902,50,-118,-12920,-5460,8064,-437,181,-116,0
2095.485530138016,6968,7092,11820,-188,-106,107,6832,-9780,10136,-47,56,-205,-13048,4880,6752,-899,-252,-93,-12944,-5628,8048,-474,225,-137,0
2095.5191280841827,7020,7076,11868,-175,-81,110,6656,-9912,10092,37,123,-185,-12912,4796,6848,-910,34,-67,-12952,-5480,8100,-497,218,-139,0
2095.5526981353764,7008,7012,11844,-112,-46,90,6848,-9832,10080,48,96,-151,-12820,4672,6788,-945,-90,-17,-12832,-5532,7972,-542,221,-159,0
2095.5863831043243,7100,7060,11836,-153,-97,106,6888,-9764,10072,60,62,-171,-12888,4740,6948,-946,-108,-28,-12936,-5556,8020,-448,192,-166,0
2095.6197829246526,6996,7128,11892,-208,-55,105,6804,-9892,10100,62,121,-204,-12936,4728,6964,-878,-54,-45,-12948,-5500,8096,-418,218,-127,0
2095.6531369686127,6992,7036,11984,-219,-136,109,7136,-9900,10024,108,144,-234,-12924,4836,6852,-875,-59,-21,-12880,-5444,8044,-390,206,-136,0
2095.686789035797,7000,7072,11872,-249,-144,90,7012,-9888,10152,116,149,-225,-12900,4664,7040,-902,-84,-22,-12932,-5440,8096,-376,202,-182,0
2095.72034907341,6992,7160,11748,-203,-133,92,6880,-9828,10176,98,166,-235,-13044,4724,6960,-893,-85,-38,-13020,-5532,8096,-367,168,-213,0
2095.7538831233974,7044,7096,12020,-220,-177,42,6880,-9864,10204,91,221,-263,-12892,4816,7040,-805,-87,-56,-12944,-5476,8204,-339,157,-215,0
2095.7896440029144,7128,6968,12024,-271,-97,40,6812,-9828,10152,72,252,-248,-12912,4876,6720,-819,-49,-12,-12884,-5468,7996,-357,135,-182,0
2095.8247740268707,7096,6976,11972,-180,-67,71,6856,-9868,10332,151,211,-207,-12884,4836,6824,-837,-91,13,-12932,-5496,8132,-388,135,-198,0
2095.860705137253,7052,7052,11980,-279,-149,91,7080,-9852,10292,162,193,-177,-12856,4912,7036,-838,-73,-253,-12940,-5488,8228,-496,127,-194,0
2095.8960061073303,7056,7068,12180,-186,-101,126,6760,-9796,10224,191,153,-172,-12820,4964,7164,-899,18,9,-12860,-5476,8128,-523,147,-167,0
2095.931837081909,7016,7016,11936,-213,-122,142,6832,-9884,10228,166,84,-201,-13032,4936,6808,-898,64,13,-12888,-5416,8392,-532,167,-120,0
2095.9681119918823,7032,7132,11988,-189,-129,204,6888,-9824,10292,118,59,-203,-12896,5096,6936,-976,136,-248,-12928,-5352,8000,-542,176,-87,0
2096.0034160614014,7080,6976,11924,-198,-164,189,6840,-9772,10196,105,103,-259,-12956,4888,7044,-851,156,-48,-12940,-5548,8104,-473,198,-73,0
2096.039155960083,7256,6996,11972,-512,-174,163,7048,-9864,10348,-47,126,-511,-12904,4792,6872,-829,69,-233,-12812,-5572,8048,-482,214,-117,0
2096.074331998825,6968,7024,11944,-275,-182,113,6868,-9980,10312,45,183,-237,-12896,5072,6976,-941,81,-53,-13044,-5516,8084,-477,239,-157,0
2096.1101770401006,7092,7004,11688,-311,-506,96,6932,-9952,10276,38,257,-274,-12828,4920,6860,-866,168,-33,-12928,-5484,8112,-450,192,-163,0
2096.1455841064453,7044,6956,11900,-181,-211,71,6680,-9704,10244,24,174,-264,-12748,4980,6768,-941,92,-34,-12852,-5424,8140,-432,199,-144,0
2096.1816720962524,7120,6952,11820,-241,-157,60,6884,-9764,10052,26,198,-261,-12768,4952,6956,-962,-6,201,-13244,-5480,8160,-479,207,-187,0
2096.218034029007,6964,7044,11852,-247,-165,61,6852,-9848,10280,66,218,-213,-12764,4936,7100,-936,83,-13,-12932,-5504,8080,-479,232,-154,0
2096.2531690597534,7052,7004,12020,-271,-175,103,6832,-9940,10272,152,284,-236,-12732,4820,6996,-909,215,-45,-12932,-5420,8052,-437,254,-69,0
2096.288903951645,6984,6992,11780,-285,-183,122,6824,-9764,10372,97,222,-255,-12788,4900,7012,-987,310,6,-12932,-5524,8416,-472,228,-78,0
2096.3242819309235,7120,7020,11880,-313,-139,158,6852,-9692,10448,75,2,-202,-12888,5064,6952,-952,334,31,-12816,-5456,8072,-496,167,-66,0
2096.360284090042,7200,6952,12056,-319,-147,174,6924,-9776,10348,68,219,-176,-12884,5108,6964,-1085,235,250,-13064,-5464,8092,-507,166,-28,0
2096.39531993866,6924,6692,11956,-299,-129,168,6792,-9608,10376,67,228,-172,-12736,4940,6856,-1016,197,11,-12832,-5604,8040,-470,168,-95,0
2096.430972099304,7144,6940,11980,-224,-32,149,6924,-9728,10348,11,193,-175,-12856,4992,7020,-960,154,-24,-13028,-5448,8040,-469,121,-92,0
2096.4666609764095,7324,6864,11784,-341,-114,93,6896,-9704,10288,19,235,-191,-12920,5052,6848,-979,128,-37,-13032,-5548,8052,-494,179,-116,0
2096.5000579357147,7192,6832,12184,-309,-13,78,6900,-9732,10300,-8,181,-158,-12888,5028,6732,-955,94,16,-13076,-5396,8240,-505,94,-95,0
2096.53363609314,7136,7136,12224,-259,17,150,6732,-9680,10420,41,155,-73,-12928,4972,6860,-1038,123,30,-12980,-5400,8432,-487,68,-68,0
2096.567306995392,7200,7108,12004,-220,71,182,6752,-9540,10472,17,147,-80,-12756,5048,6792,-999,137,65,-12896,-5512,8192,-505,59,-99,0
2096.600986003876,7080,6856,12024,-273,35,199,6788,-9840,10344,21,104,-84,-13056,4996,6936,-1084,155,33,-12896,-5444,8160,-495,152,-50,0
2096.634510040283,7128,7032,12020,-343,51,226,6680,-9644,10368,14,120,-88,-12612,5048,7024,-1054,214,48,-12888,-5520,8064,-549,86,49,0
2096.6695210933685,7004,6668,12164,-322,-48,301,6728,-9952,10380,40,124,-58,-12852,4876,6880,-1013,278,58,-12888,-5492,8144,-524,99,-3,0
2096.7030270099644,7056,6768,12068,-232,-67,274,6884,-9708,10268,76,117,-117,-12992,4936,6924,-1063,215,-35,-13000,-5516,8044,-529,142,3,0
2096.73682308197,7052,6796,11840,-507,-49,236,6708,-9600,10360,34,151,-110,-12852,4976,6972,-1078,240,13,-12968,-5420,8224,-270,118,11,0
2096.770334005356,7132,6988,11792,-416,-17,243,6808,-9732,10376,-14,166,-71,-12832,4944,6700,-1005,264,27,-13008,-5432,8384,-448,56,-252,0
2096.8038220405574,7032,6856,12144,-350,14,2,6784,-9716,10376,54,22,-128,-12840,5060,6808,-1031,196,-21,-12848,-5508,8112,-457,97,7,0
2096.837408065796,7000,6804,12048,-285,-44,252,6840,-9632,10328,78,55,-124,-13024,5064,7116,-1060,221,-24,-12968,-5404,8164,-509,101,-51,0
2096.8710701465607,7148,6748,12020,-201,-56,196,7016,-9980,10308,77,173,-105,-13300,4948,6708,-1103,124,-54,-12984,-5336,7988,-624,100,-190,0
2096.9043509960175,7268,6640,11988,-11,-106,154,6892,-9628,10052,210,211,-132,-12868,4904,6748,-1151,53,-171,-12952,-5344,8080,-623,138,-204,0
2096.937731027603,7220,6748,11980,-66,-102,169,6748,-9560,10032,185,151,-222,-12736,4900,6704,-1096,76,-108,-12988,-5580,8064,-537,148,-107,0
2096.971344947815,7108,6808,11924,-226,-77,116,6864,-9564,10380,48,124,-247,-12736,4724,6652,-1035,201,-171,-12868,-5452,7868,-396,239,-54,0
2097.0049009323125,7064,6816,12020,-289,-199,125,6736,-9620,10388,30,145,-361,-12880,4868,7164,-1072,257,-223,-13052,-5432,7960,-333,322,-28,0
2097.0382990837097,7240,6860,11876,-328,-288,107,6892,-9572,10348,-68,142,-354,-12980,4696,6832,-995,172,-169,-12960,-5312,8104,-357,299,-83,0
2097.071984052658,7344,6736,11972,-295,-318,85,6836,-9492,10308,24,183,-321,-12932,5288,6696,-1000,183,-228,-13308,-5436,8040,-349,292,-63,0
2097.105598926544,7296,6876,11824,-327,-321,91,6736,-9600,10336,-14,199,-318,-12960,5068,6856,-943,158,-175,-13024,-5628,8112,-424,247,-119,0
2097.1391150951385,6976,6820,11944,-171,-319,89,6836,-9700,10352,-18,1,-267,-12856,5016,6880,-917,75,-150,-12932,-5456,8064,-767,176,-166,0
2097.1727931499486,7316,6772,12100,-135,-212,79,6788,-9484,10368,44,223,-247,-12864,5104,7004,-1038,78,-125,-13028,-5364,8196,-547,223,-156,0
2097.206213951111,7100,6704,12084,-119,-190,108,6756,-9672,10428,30,225,-215,-12848,5000,6956,-1011,33,-98,-12956,-5324,8144,-639,226,-143,0
2097.2397329807286,7084,6792,11948,-23,-161,141,6452,-9684,10412,-48,112,-198,-12704,5048,6936,-1071,143,-157,-12928,-5344,8204,-624,184,-64,0
2097.2733609676366,7076,6828,11932,124,-196,205,6812,-9496,10344,-47,73,-217,-12848,4964,6812,-773,190,-191,-12992,-5356,8048,-635,225,-171,0
2097.3068771362305,7228,6696,11928,68,-273,152,6804,-9636,10380,23,105,-271,-12920,4796,6708,-1050,124,-237,-13048,-5452,7896,-640,300,-200,0
2097.3404390811925,7332,6788,11912,-132,-172,71,7028,-9428,10348,-9,172,-291,-12944,4836,6720,-1009,38,-159,-13160,-5404,7968,-584,255,-144,0
2097.373960018158,7328,6924,11984,-217,-105,53,7164,-9564,10492,-84,200,-220,-12824,4824,6620,-951,141,-96,-13184,-5432,8168,-464,127,-152,0
2097.407321929932,7400,6660,12020,-88,11,78,6660,-9656,10404,-18,121,-165,-12980,4884,6812,-972,122,-67,-13072,-5460,8140,-399,85,-184,0
2097.440694093704,7400,6712,12064,-101,-27,49,6872,-9648,10320,37,173,-188,-12880,5000,6840,-1008,25,-57,-13084,-5484,8080,-427,131,-189,0
2097.477306127548,7244,6904,11948,-196,6,17,6728,-9624,10332,-41,180,-169,-13000,4648,6856,-974,56,-89,-12896,-5416,8112,-464,134,-174,0
2097.512594938278,7140,6808,12004,-203,-36,45,6764,-9560,10420,-38,150,-150,-12900,5060,6592,-981,47,249,-13032,-5392,8140,-481,104,-154,0
2097.5483660697937,7248,6756,12060,-153,10,96,6740,-9676,10288,-45,115,-157,-12900,4948,6824,-1010,116,-59,-12916,-5420,8144,-457,64,-181,0
2097.5833189487457,7100,6848,11928,-138,7,105,6660,-9652,10436,-24,103,-172,-12548,4904,6672,-982,90,-90,-12944,-5532,8040,-474,132,-143,0
2097.6193079948425,6924,6700,11892,-149,-15,82,6832,-9480,10660,-41,103,-188,-12820,5008,6856,-941,107,-78,-12940,-5488,8132,-485,122,-149,0
2097.6542389392853,7096,6828,11900,-173,-28,81,6776,-9624,10296,-76,113,-195,-12952,4960,6756,-922,102,-91,-12876,-5532,8028,-469,111,-133,0
2097.6900041103363,7160,6868,11992,-186,-37,89,6784,-9532,10304,-51,144,-242,-12876,5048,6872,-896,145,-121,-13008,-5456,8036,-459,123,-131,0
2097.72504901886,7168,6904,11900,-187,-53,50,6940,-9612,10420,-75,121,-224,-12892,4976,6776,-875,109,-67,-13036,-5412,7936,-390,151,-149,0
2097.7609519958496,7212,6872,12228,-205,-42,41,6680,-9560,10296,-67,156,-206,-12928,5048,6892,-862,98,-11,-13028,-5184,8032,-449,95,-154,0
2097.8021659851074,7232,6788,11892,-198,-4,68,6844,-9480,10244,-55,154,-171,-12920,5060,6644,-901,21,-79,-12992,-5352,8096,-763,59,-168,0
2097.8374171257014,7164,6856,11776,-163,-22,83,6796,-9636,10388,-46,112,-159,-12872,5072,6868,-919,43,228,-12988,-5460,8084,-497,43,-142,0
2097.873498916626,6912,6836,11984,-104,40,99,6812,-9664,10416,-46,105,-124,-12860,5064,6880,-921,63,46,-12848,-5400,7964,-550,24,-157,0
2097.9092290401454,7204,6944,12008,-160,251,101,6876,-9700,10264,-94,127,-149,-12860,5044,7020,-827,72,-53,-12964,-5416,8084,-552,102,-151,0
2097.9447059631348,7128,6820,12260,-111,-35,59,6836,-9568,10328,-114,133,-172,-12780,5044,6776,-886,66,-44,-13000,-5520,8192,-546,129,-156,0
2097.980409145355,7124,6828,11972,-106,-13,74,6880,-9612,10288,-74,145,-167,-12828,5112,6812,-913,47,-82,-12932,-5668,8116,-505,131,-170,0
2098.015617132187,7172,6844,12068,-144,-21,59,6824,-9652,10404,-75,164,-170,-12872,5052,6756,-920,44,-86,-12924,-5520,8400,-538,148,-194,0
2098.0512189865112,7116,6932,11992,-126,-55,37,6796,-9612,10420,-87,151,-206,-12824,5072,6848,-875,40,-113,-12928,-5532,8052,-552,141,-194,0
2098.0872831344604,7116,6908,12032,-136,-100,51,6732,-9592,10512,-96,161,-217,-12772,5052,6956,-917,67,-125,-12940,-5444,8008,-581,184,-183,0
2098.1243410110474,7228,6888,12196,-53,-48,64,6824,-9600,10680,-82,117,-227,-12928,4984,6808,-941,79,-118,-13000,-5408,8116,-550,217,-165,0
2098.1576669216156,7420,6920,12184,-100,-116,75,6808,-9592,10376,-66,131,-240,-12896,5096,6756,-930,67,-90,-12860,-5476,8024,-531,192,-155,0
2098.191213130951,7136,7096,11936,-143,-72,59,6776,-9624,10328,-97,134,-186,-12852,5140,6828,-938,89,-92,-13052,-5504,8068,-571,147,-141,0
2098.2248489856725,7176,6888,11988,-117,-53,97,6756,-9740,10280,-55,132,-152,-12912,5188,7004,-960,71,-91,-12948,-5412,8100,-565,152,-164,0
2098.2583861351013,7072,6672,12068,-46,-46,99,6760,-9668,10264,-37,172,-145,-12848,5080,6656,-1029,107,-91,-12964,-5504,8036,-556,169,-159,0
2098.2918000221252,7184,6844,12284,-90,-86,116,6832,-9628,10320,-51,140,-191,-12852,5056,6788,-991,68,-111,-12968,-5612,7988,-544,160,-177,0
2098.3253180980682,7208,6816,12144,-132,-93,70,6876,-9664,10360,0,186,-187,-12892,5088,6764,-988,72,-110,-12872,-5416,7984,-517,176,-178,0
2098.3589589595795,7192,6852,12048,-143,-89,84,6736,-9636,10436,6,182,-192,-12820,4948,6692,-999,79,-156,-12856,-5604,8056,-480,232,-122,0
2098.3923189640045,7044,6984,11940,-154,-101,77,6660,-9588,10440,9,140,-231,-12872,5296,6664,-1279,109,-165,-12872,-5524,8100,-530,267,-121,0
2098.4254930019374,6928,7148,12128,-148,-171,83,6792,-9684,10636,24,168,-256,-12884,5284,6704,-1004,99,-184,-13016,-5516,8064,-260,286,-147,0
2098.459044933319,7236,6848,11836,-189,-200,128,6660,-9632,10368,-34,179,-245,-12880,5048,6848,-965,130,-108,-13000,-5452,8060,-495,248,-81,0
2098.4924619197845,7148,6696,11776,-193,-144,154,6752,-9600,10344,-49,80,-195,-12760,4960,6820,-969,111,-95,-13088,-5528,8116,-547,165,-96,0
2098.525897026062,7076,6668,11856,-188,-80,189,6768,-9704,10440,8,87,-132,-12876,5056,6856,-1042,119,-124,-12884,-5500,8036,-528,208,-98,0
2098.5594501495366,7176,6868,11952,-150,-114,172,6788,-9584,10580,54,98,-169,-12916,5056,7052,-1078,96,-145,-12972,-5568,7968,-575,233,-127,0
2098.592924118042,7400,6888,11980,-112,-167,185,6848,-9612,10420,29,107,-232,-12808,4924,6708,-1063,74,-133,-12992,-5560,7760,-593,278,-109,0
2098.6264679431915,7200,6932,12028,-121,-191,151,6888,-9580,10460,36,134,-235,-12824,5056,6828,-1067,124,-199,-12992,-5768,7924,-546,289,-124,0
2098.6597759723663,7244,6936,11988,-165,-208,142,6868,-9612,10328,52,160,-243,-12896,5048,6892,-1037,155,-205,-13044,-5596,8160,-509,272,-112,0
2098.6934900283813,7216,6980,11908,-226,-206,138,6852,-9580,10276,15,121,-246,-12892,4928,6712,-988,120,-180,-12968,-5532,7980,-457,3,-97,0
2098.7270500659943,7292,6860,11928,-252,-223,136,6692,-9608,10428,2,139,-240,-12880,4960,6732,-968,107,-145,-13084,-5528,7912,-463,245,-104,0
2098.760682106018,7204,6860,11876,-5,-226,135,6912,-9548,10372,253,159,-228,-12896,5000,6948,-985,93,-104,-13136,-5588,7896,-483,248,-105,0
2098.794247150421,7156,6908,11848,-2,-214,133,6928,-9636,10524,7,198,-248,-12960,4968,6852,-990,73,-147,-13076,-5488,7960,-489,247,-87,0
2098.8275599479675,7292,6984,12008,-218,-225,120,6788,-9612,10476,37,190,-214,-12852,5004,6684,-981,70,-120,-13072,-5508,7980,-498,222,-99,0
2098.8610579967494,7224,6864,11964,-206,-200,149,6828,-9608,10412,10,145,-187,-13036,4956,6820,-1013,88,-82,-12984,-5456,7972,-526,201,-80,0
2098.8944380283356,7180,6792,12036,-172,-131,166,6736,-9636,10360,55,120,-188,-12712,5084,6752,-1046,118,-107,-12988,-5536,7932,-544,199,-82,0
2098.9278559684753,7236,6888,12008,-181,-165,165,6828,-9524,10388,37,121,-193,-12852,5000,6800,-1026,132,-117,-12992,-5588,7856,-536,237,-83,0
2098.961359024048,7232,6908,11752,-201,-162,169,6796,-9604,10408,18,113,-187,-12908,4948,6864,-1022,129,-125,-13020,-5532,7844,-535,242,-79,0
2098.9949431419373,7228,6916,11948,-167,-161,168,6888,-9572,10504,-18,112,-192,-12824,4948,6632,-973,123,-84,-13092,-5472,7792,-532,203,-82,0
2099.028204917908,7340,6868,11884,-178,-158,174,6876,-9468,10488,-4,118,-213,-12848,4884,6908,-971,95,-68,-13120,-5484,7992,-529,194,-77,0
2099.061800956726,7256,6840,11868,-152,-123,120,6832,-9504,10328,-32,186,-185,-12596,4968,6684,-983,72,-52,-13088,-5552,7924,-499,217,-125,0
2099.0958869457245,7344,7116,11840,-159,-110,92,6920,-9536,10408,-57,130,-195,-12996,5044,6724,-945,33,-77,-12820,-5624,7852,-501,174,-133,0
2099.1292641162872,7216,6836,11896,-154,-32,74,6704,-9576,10508,-58,163,-167,-12900,5020,6696,-959,74,-80,-13132,-5472,7884,-483,141,-148,0
2099.165913105011,7172,6784,11828,-135,14,57,6868,-9596,10340,-51,171,-147,-12968,5108,6884,-968,38,-21,-13088,-5600,7936,-493,136,-160,0
2099.2013239860535,7300,6668,12160,-148,9,56,6864,-9588,10356,-53,175,-133,-12952,5060,6768,-967,52,-38,-13024,-5460,7936,-495,114,-110,0
2099.2372069358826,7176,7080,11948,-124,18,90,6812,-9604,10412,-106,167,-117,-12908,5040,6860,-945,29,34,-13084,-5496,8044,-502,80,-115,0
2099.2723579406734,7220,6872,11976,-163,-256,112,6760,-9644,10360,-70,158,-92,-12588,4900,6840,-995,34,-16,-12852,-5600,7684,-497,112,-109,0
2099.308130979538,7168,6900,12040,-138,-45,140,6760,-9616,10452,-60,118,-119,-12928,4972,6880,-989,90,-54,-12980,-5608,8132,-485,121,-119,0
2099.3429729938507,7268,6880,11764,-99,34,97,6696,-9348,10372,-113,152,-166,-12908,4976,6656,-913,84,-35,-13016,-5684,7768,-484,157,-108,0
2099.378158092499,7168,6892,11916,-234,-14,81,6816,-9612,10516,-122,156,-154,-12908,5356,6456,-950,75,-256,-12972,-5524,7888,-482,93,-102,0
2099.413474082947,7280,6756,11852,-133,12,82,6888,-9676,10320,-116,155,-120,-12836,5100,6840,-974,92,6,-12972,-5596,7952,-494,47,-134,0
2099.4485180377965,7228,7096,11952,-133,255,95,6788,-9680,10300,-87,134,-142,-12948,5060,7040,-964,69,-12,-13064,-5468,7976,-764,69,-129,0
2099.483962059021,7108,6984,12104,-130,-6,80,6784,-9580,10444,-79,132,-147,-12824,5080,6952,-957,72,-115,-12968,-5476,7828,-500,134,-159,0
2099.520030975342,7176,6972,11816,-120,-52,83,6804,-9656,10296,-46,171,-185,-12932,4976,6904,-958,96,-69,-12844,-5592,7980,-493,161,-146,0
2099.5550489425655,7300,6676,11852,-158,-43,101,6792,-9628,10256,-61,112,-173,-12740,5148,6856,-985,126,-82,-12992,-5512,7992,-533,140,-105,0
2099.5903630256653,7192,6820,12160,-145,-85,120,6776,-9680,10464,-74,114,-156,-12864,5064,6888,-949,112,-70,-12820,-5504,7940,-532,126,-143,0
2099.6254119873047,7264,7060,11860,-78,-30,100,6812,-9580,10276,-15,160,-181,-12928,5088,6796,-980,90,-112,-13068,-5624,8000,-516,121,-144,0
2099.6608440876007,7184,6920,12104,-118,254,85,6832,-9632,10304,-49,148,-172,-12888,5144,7020,-982,108,-35,-13096,-5564,7680,-518,106,-145,0
2099.696146965027,6912,7152,11948,-151,-15,102,6816,-9968,10412,-87,152,-143,-12896,5104,6876,-980,106,-61,-13008,-5536,8056,-549,101,-123,0
2099.7318761348724,7304,6840,11924,-101,-19,91,6792,-9648,10372,-85,122,-169,-12856,5304,6840,-974,92,-61,-12972,-5476,7932,-561,142,-191,0
2099.7678489685054,7152,6660,12008,-94,-11,76,6848,-9624,10528,-81,146,-178,-12744,5064,6704,-928,78,-114,-12812,-5768,7864,-560,172,-143,0
2099.804126024246,7188,6956,12052,-103,-44,99,6736,-9644,10288,-96,116,-168,-12804,5088,6768,-969,108,-59,-13044,-5528,7992,-550,153,-157,0
2099.8376569747925,7156,6952,11984,-116,3,85,6820,-9688,10344,-91,136,-174,-12692,4884,6768,-965,138,-58,-13048,-5476,7964,-576,124,-142,0
2099.871273994446,7216,7020,11836,-85,5,119,6800,-9664,10236,-83,87,-159,-12836,5080,6820,-914,171,-88,-13080,-5548,7940,-547,106,-127,0
2099.9047679901123,7192,7136,12108,-121,-22,104,6816,-9688,10304,-91,100,-169,-12744,5052,6740,-913,125,-112,-13012,-5572,7956,-507,127,-121,0
2099.938271045685,7048,6904,11936,-131,1,105,6784,-9600,10388,-102,126,-156,-12856,5356,6808,-924,154,-47,-12988,-5536,8020,-495,107,-92,0
2099.9717860221863,6928,7152,12136,-176,-9,98,6784,-9804,10468,-55,128,-149,-12780,4864,6568,-992,121,-34,-13028,-5632,7808,-493,100,-100,0
2100.0052950382233,7380,6672,12104,-202,21,136,6804,-9656,10288,-18,143,-151,-12864,5088,6772,-985,115,-54,-12932,-5556,8188,-449,61,-133,0
2100.0387859344482,7116,6964,11992,-147,45,86,6816,-9900,10284,-45,145,-163,-12932,5096,6948,-948,33,-70,-12804,-5656,7968,-426,73,-146,0
2100.072394132614,7096,6844,11956,-186,58,58,6868,-9664,10404,-23,164,-152,-12888,5208,6856,-895,78,-75,-12976,-5552,8140,-442,100,-123,0
2100.105912923813,7140,6832,11900,-204,23,84,6652,-9724,10372,-30,149,-138,-12864,5148,6672,-982,89,-30,-12936,-5608,7976,-450,76,-106,0
2100.139447927475,7112,6864,11964,-186,-12,117,6756,-9708,10376,3,165,-153,-12720,5056,7072,-998,66,-61,-12928,-5604,8048,-405,113,-85,0
2100.1728489398956,7048,7012,12120,-186,-68,145,6836,-9976,10416,-6,143,-182,-12856,5196,6904,-966,103,-122,-12992,-5604,8016,-453,129,-83,0
2100.2061870098114,7000,7056,11980,-223,-131,133,6716,-9516,10440,-5,116,-199,-12876,5044,6972,-986,90,-131,-12992,-5548,7912,-475,172,-93,0
2100.240145921707,6956,6880,12000,-177,-150,164,6860,-9676,10444,-18,149,-219,-12808,5088,6948,-960,56,-136,-12880,-5432,8012,-477,201,-66,0
2100.2736699581146,7088,6892,11996,-172,-135,152,6756,-9604,10376,10,127,-231,-12740,5072,6824,-970,122,-152,-12900,-5504,7952,-459,205,-65,0
2100.3071949481964,7112,6972,11984,-196,-227,162,6848,-9612,10440,30,158,-221,-12896,4868,6744,-953,101,-136,-12824,-5820,7904,-464,208,-99,0
2100.3407170772552,7104,6696,12092,-216,-165,132,6848,-9720,10276,24,121,-209,-12912,5112,6808,-987,97,-129,-13036,-5576,7956,-463,173,-74,0
2100.374391078949,6964,6820,12120,-217,-147,150,6800,-9676,10484,40,125,-210,-12968,5368,6988,-1266,95,-133,-13024,-5548,7804,-461,197,-78,0
2100.408142089844,7080,6856,11964,-230,-161,168,6660,-9644,10348,24,152,-203,-12828,5064,6712,-997,137,-155,-12976,-5544,7932,-481,200,-65,0
2100.441628932953,7232,6804,11880,-192,-161,152,6860,-9648,10400,11,143,-220,-12852,5080,6844,-975,95,-145,-12960,-5608,8036,-455,172,-75,0
2100.475275993347,7220,7104,12092,-179,-153,144,6848,-9692,10628,3,141,-223,-12812,5088,6764,-1007,76,-138,-13088,-5564,7932,-468,201,-104,0
2100.5085420608525,7156,6780,12004,-197,-149,128,6780,-9648,10364,6,155,-199,-13056,5060,6840,-986,51,-144,-13092,-5540,7992,-469,210,-118,0
2100.5420989990234,7136,6808,12144,-182,-159,114,6792,-9640,10404,32,161,-192,-12828,5064,6880,-1016,88,-164,-12988,-5536,7972,-453,202,-147,0
2100.575736999512,6952,6716,11932,-162,-163,149,6824,-9644,10460,-4,167,-223,-12816,5044,6648,-989,74,-122,-12924,-5584,7996,-480,195,-102,0
2100.6088120937347,7116,6952,11996,-170,-149,126,6796,-9632,10244,9,127,-226,-12832,5092,6808,-1009,84,-114,-13024,-5528,7828,-466,176,-58,0
2100.6419970989227,7184,6864,11832,-164,-160,159,6932,-9716,10340,252,138,-216,-12852,5104,6820,-1044,72,-134,-13060,-5600,8040,-761,172,-126,0
2100.6757719516754,7208,6860,11972,-154,-175,133,6832,-9488,10380,17,136,-192,-12960,5272,6752,-1061,71,-140,-13056,-5476,7860,-459,183,-128,0
2100.709247112274,7220,6948,11900,-123,-144,131,6800,-9580,10480,-39,133,-195,-12796,5088,6796,-1024,76,-146,-13064,-5440,7912,-761,156,-108,0
2100.742943048477,6924,6900,11772,-95,-97,85,7160,-9648,10336,-59,167,-211,-12856,4996,6740,-1007,152,-114,-13104,-5456,7860,-503,168,-119,0
2100.7767980098724,7252,6888,11916,-144,-108,103,6852,-9624,10296,-66,150,-182,-12872,5184,6816,-1050,87,-83,-13060,-5432,7932,-526,147,-93,0
2100.8102691173553,7284,6904,11780,-74,-74,94,7080,-9596,10336,-107,129,-149,-12884,5336,6764,-1030,91,-48,-12880,-5548,8088,-518,76,-127,0
2100.8479509353638,7240,6900,11808,-100,-14,77,6856,-9572,10416,-104,133,-132,-12832,5032,6660,-1030,76,-41,-12972,-5548,8128,-767,86,-159,0
2100.883372068405,7108,6936,11912,-73,29,66,6740,-9696,10376,-131,160,-154,-12892,5024,6720,-1056,98,-100,-13092,-5556,7852,-549,78,-172,0
2100.9191999435425,7268,6916,11876,-17,50,46,6700,-9568,10296,-100,130,-159,-12772,5000,6676,-1065,102,-51,-12932,-5468,7772,-261,106,-147,0
2100.9542729854584,7184,6868,11876,-23,47,69,6832,-9504,10336,-138,84,-172,-12888,5080,6852,-999,108,-116,-12964,-5572,8080,-477,99,-146,0
2100.9894931316376,7144,6964,11960,-14,-249,61,6876,-9676,10332,-133,106,-174,-12848,5036,6816,-1002,138,-70,-12988,-5540,7804,-494,100,-171,0
2101.025006055832,7276,7160,12024,-20,37,35,6752,-9500,10468,-173,130,-154,-12848,5072,7140,-1023,74,-113,-12992,-5576,8052,-518,102,-164,0
2101.0603680610657,7256,6936,11980,-41,14,29,6872,-9704,10500,-119,187,-172,-12812,4932,6788,-1002,92,-108,-12960,-5608,7980,-501,113,-155,0
2101.0955979824066,7140,6984,12004,-17,30,67,6776,-9672,10380,-120,125,-165,-13016,4880,6752,-1012,102,-115,-12984,-5536,7972,-500,85,-139,0
2101.131740093231,7120,7016,12040,-55,6,45,6676,-9568,10380,-139,138,-167,-12848,5188,6844,-993,124,-83,-13012,-5564,7972,-261,91,-139,0
2101.1677780151367,7084,7052,11944,-54,-49,45,6768,-9748,10312,-134,122,-202,-12736,5120,6884,-1002,108,-116,-12964,-5580,7972,-493,110,-161,0
2101.2028460502625,6916,6956,11844,-34,-40,51,6824,-9644,10352,-114,100,-203,-12984,5060,6848,-772,110,-86,-12992,-5604,7972,-495,114,-157,0
2101.2387330532074,7156,6980,12040,-33,-5,62,6912,-9700,10272,-100,117,-181,-12920,5032,6748,-1275,104,-74,-13024,-5520,8060,-484,122,-125,0
2101.2738831043243,7140,7020,11908,-73,-4,69,7096,-9692,10220,-101,128,-192,-12852,5032,6764,-770,150,-116,-12848,-5404,7856,-456,109,-156,0
2101.309709072113,7200,6960,11964,-52,-16,100,6696,-9712,10292,-113,151,-182,-12916,5012,6784,-1277,102,-57,-13304,-5536,7972,-479,100,-151,0
2101.3449621200566,6936,7004,11792,-96,-3,45,6812,-9804,10404,-42,148,-136,-13044,5068,6772,-1123,115,-89,-12992,-5608,7900,-486,63,-143,0
2101.3806891441345,7136,7028,11920,-67,12,80,6776,-9664,10348,-251,187,-123,-12816,5160,6668,-1192,138,-32,-12984,-5624,8048,-453,54,-130,0
2101.4156210422516,7068,6976,11932,-119,-19,98,6788,-9612,10112,-22,231,-150,-12776,4980,6828,-1065,93,-89,-13300,-5592,7868,-477,153,-164,0
2101.450916051864,7080,7012,11868,-111,-39,79,6876,-9748,10308,-26,175,-185,-12760,5076,6816,-1027,110,-81,-12956,-5544,7756,-433,134,-146,0
2101.487240076065,6920,7140,11900,-109,-25,88,6692,-9544,10480,-58,161,-199,-12640,5024,6908,-1103,82,-81,-12992,-5548,7976,-445,112,-143,0
2101.5207390785217,6912,7056,11872,-110,-43,102,6840,-9716,10288,-44,175,-178,-12772,5008,6968,-1050,58,-27,-12904,-5644,8268,-428,110,-140,0
2101.5540659427643,7288,7092,12020,-172,-48,79,6844,-9716,10256,-53,169,-192,-12940,5100,6816,-1047,103,-79,-12992,-5572,8000,-409,142,-134,0
2101.587579011917,7072,7072,12028,-185,-82,90,6676,-9644,10352,-20,174,-197,-12928,5028,7128,-1084,141,-93,-12988,-5592,7968,-441,149,-161,0
2101.621146917343,7096,7020,11996,-162,-83,100,6776,-9644,10252,255,151,-194,-12876,5184,6772,-1055,192,-67,-12928,-5468,7940,-453,171,-124,0
2101.654093027115,7048,7088,11940,-139,-85,142,6760,-9704,10468,14,135,-189,-12548,5056,6848,-1030,157,-75,-12916,-5556,8024,-477,149,-114,0
2101.68776011467,7064,7028,11992,-171,-129,112,6872,-9728,10340,38,147,-198,-12848,4864,7024,-1267,126,-72,-13220,-5628,7976,-468,165,-113,0
2101.7211470603943,7096,7028,11872,-186,-26,93,6820,-9724,10384,19,171,-176,-12804,5028,6800,-993,154,-70,-12992,-5548,8120,-451,125,-75,0
2101.7547709941864,7200,7004,11904,-203,-24,128,6776,-9744,10400,46,164,-169,-12816,4996,7092,-1007,121,-59,-13024,-5576,8096,-458,150,-105,0
2101.7884719371796,6932,7100,11976,-217,-26,131,6836,-9960,10248,28,142,-145,-12896,5016,6952,-1009,90,-86,-12920,-5584,8008,-450,128,-138,0
2101.8219730854034,7120,6964,12092,-176,-33,116,6728,-9580,10356,252,152,-187,-12768,4984,6916,-783,126,-48,-12984,-5832,8064,-442,105,-92,0
2101.8553240299225,7068,7096,11992,-215,-34,123,6908,-9684,10260,43,90,-184,-12780,5060,6948,-957,126,-112,-12956,-5552,8112,-445,126,-137,0
2101.8887650966644,7092,7012,12024,-235,-60,130,6756,-9744,10384,255,153,-204,-12604,5116,7116,-990,103,-129,-12988,-5584,7940,-421,194,-118,0
2101.9224030971527,7044,7044,12096,-236,-143,167,6696,-9960,10368,22,128,-202,-12948,5124,6668,-956,134,-137,-12980,-5576,8176,-426,189,-86,0
2101.956045150757,7040,6964,11976,-232,-172,152,6480,-9896,10432,-16,121,-229,-12564,4868,6936,-938,86,-138,-12948,-5544,8108,-425,212,-86,0
2101.989800930023,6980,6972,11636,-228,-175,186,6716,-9656,10352,-26,59,-228,-12844,5064,6980,-906,52,-81,-12904,-5476,8060,-416,147,-70,0
2102.0234649181366,7044,7048,11916,-245,-157,204,6796,-9568,10288,-28,64,-211,-13056,5088,6756,-1008,71,-124,-12980,-5452,8080,-406,136,-55,0
2102.0572459697723,7132,7004,11976,-310,-132,195,6784,-9648,10308,6,109,-210,-12900,5056,6752,-1007,87,-127,-12984,-5584,8000,-418,126,-101,0
2102.090600967407,7104,6988,12000,-508,-88,186,6832,-9768,10360,0,124,-186,-12872,4988,6828,-991,69,-128,-13028,-5540,8036,-395,97,-68,0
2102.1245069503784,7092,7060,11900,-249,-125,156,6804,-9756,10360,-25,139,-223,-12812,5016,6784,-991,58,-169,-12964,-5484,8108,-313,124,-75,0
2102.1579380035405,11628,6872,12668,-341,-446,52,6852,-9596,10404,-255,95,-210,-12860,5040,6776,-1050,129,-141,-12908,-5628,8156,-263,118,-96,0
2102.1917290687566,7120,7008,12160,-3,159,192,6824,-9616,10476,36,116,-184,-12960,5036,6880,-1048,84,-112,-12868,-5624,7952,-294,162,-118,0
2102.2254481315613,7216,6960,12120,-240,41,173,6800,-9556,10324,26,162,-168,-12860,4960,6852,-984,108,-97,-13060,-5484,8048,-336,90,-114,0
2102.2590119838715,6960,6944,12036,-201,2,150,6828,-9624,10364,11,122,-191,-12560,4880,6728,-1035,137,-157,-13024,-5480,7888,-351,144,-121,0
2102.2922859191895,7000,7000,12216,-167,-11,149,6852,-9552,10480,32,132,-202,-12804,4932,6704,-1041,106,-169,-13008,-5572,7972,-410,173,-114,0
2102.325823068619,7076,6948,12000,-172,-53,159,6776,-9676,10360,60,112,-194,-12776,4956,6760,-1032,91,-139,-13032,-5460,8028,-502,169,-116,0
2102.3594329357147,7224,6900,11872,-124,12,150,6824,-9728,10396,41,77,-199,-12880,5052,6796,-1103,119,-89,-12868,-5596,8056,-539,243,-123,0
2102.3927850723267,7100,6868,11876,-156,-45,166,6836,-9528,10460,29,95,-215,-12868,5104,7120,-1031,146,-130,-12968,-5460,7896,-642,221,-138,0
2102.4264919757843,7012,6920,12012,-186,41,116,6716,-9680,10344,43,72,-219,-13028,5136,6772,-939,155,-100,-12904,-5504,8120,-790,251,-178,0
2102.4599590301514,6984,6980,11924,-114,93,178,6904,-9640,10356,37,50,-216,-12848,4896,6660,-918,164,-117,-13000,-5672,7928,-813,268,-162,0
2102.4933400154114,7048,6904,12028,-64,138,156,6872,-9576,10304,18,50,-222,-12816,4980,6980,-860,156,-149,-13108,-5592,7836,-837,278,-197,0
2102.5308089256287,7156,7052,12116,-84,138,133,6656,-9692,10448,-17,68,-234,-12856,5048,6904,-859,87,-75,-13032,-5552,7948,-819,314,-161,0
2102.565931081772,7176,7044,12272,-63,221,118,6888,-9604,10404,-9,80,-204,-12876,4976,6752,-882,83,-98,-12808,-5596,7956,-749,295,-190,0
2102.6013610363007,6924,7148,12100,-26,313,119,6796,-9544,10352,29,82,-157,-12884,5352,6904,-895,-6,-59,-13020,-5580,7716,-891,311,-219,0
2102.6378090381622,7036,7016,12040,-4,540,107,6944,-9700,10356,28,40,-120,-12924,4972,6800,-891,30,-49,-13008,-5388,7872,-1193,455,-1,0
2102.672690153122,6972,7024,12060,52,602,84,6672,-9600,10388,-3,52,-132,-12788,4996,6896,-901,85,-96,-13020,-5612,7856,-1029,601,-221,0
2102.7087399959564,7036,7012,11824,92,355,96,6912,-9568,10460,2,96,-150,-12896,5088,6788,-1037,7,-111,-13096,-5840,7744,-843,545,-216,0
2102.7438330650334,6856,6980,12088,60,376,86,6848,-9608,10268,104,40,-119,-12816,5024,6860,-1078,-9,-60,-13044,-5776,7712,-947,500,-224,0
2102.779899120331,7092,7100,12076,0,519,92,6804,-9556,10348,-56,111,-115,-12796,5084,6916,-760,-235,-38,-12948,-5768,7684,-723,595,-234,0
2102.8182361125946,6780,7164,12400,-38,128,60,6776,-9640,10012,-140,252,-179,-12816,5040,6940,-662,-595,-93,-13036,-5724,7424,-618,705,-227,0
2102.854396104812,6700,7004,11908,-118,-21,14,6812,-9684,10388,-100,395,-203,-12640,5064,6680,-756,-524,-125,-12884,-5672,7916,-470,600,-200,0
2102.890291929245,6800,6792,11776,-17,-71,38,6856,-9632,10408,-48,376,-165,-12980,5352,6976,-905,-383,-72,-13184,-5696,7720,-348,481,-188,0
2102.9255199432373,6808,7084,11992,-20,-168,43,6840,-9564,10464,-10,421,-159,-12900,4996,7412,-916,-447,-92,-13168,-5704,7604,-279,425,-180,0
2102.961743116379,6856,7172,12200,-67,-156,17,6764,-9560,10608,48,420,-217,-12704,4912,7136,-945,-311,-138,-13072,-5828,7648,-234,543,-164,0
2102.997668027878,6848,7136,12192,-66,-166,25,6832,-9684,10480,63,392,-215,-12652,5040,7100,-1053,-235,-111,-13184,-5712,7500,-221,530,-145,0
2103.0327310562134,6848,7000,11888,-160,-142,52,6796,-9656,10484,132,348,-201,-12680,5108,6976,-1171,-126,-129,-13072,-5856,7588,-101,392,-91,0
2103.0674800872803,6800,7120,11788,4,-101,45,6688,-9568,10560,0,3,-168,-12748,5176,7060,-1073,-45,-95,-13188,-5720,7544,-134,300,-71,0
2103.10390496254,6684,7384,11816,-90,-95,49,6824,-9532,10392,34,223,-189,-12744,5140,7000,-991,47,-111,-13164,-5452,7652,-200,240,-72,0
2103.1398289203644,6736,7156,12024,-19,-29,35,6756,-9564,10708,-25,205,-158,-12748,5208,7144,-959,56,-68,-13172,-5700,7612,-225,213,-102,0
2103.1760840415955,6932,7224,11952,-24,-28,35,6732,-9700,10320,253,193,-166,-12732,5040,6916,-974,41,-105,-13128,-5396,7564,-341,211,-140,0
2103.2098021507263,6836,7168,12048,-41,-36,42,6640,-9536,10472,-24,169,-182,-12736,5048,7184,-961,11,-102,-13112,-5648,7528,-367,276,-144,0
2103.2431950569153,6848,7244,11952,-60,-33,33,6724,-9512,10264,-254,201,-158,-12692,5044,7188,-851,52,-81,-13188,-5688,7824,-412,244,-134,0
2103.276869058609,6768,7240,12016,-60,-51,58,6500,-9648,10728,-15,180,-168,-12660,5196,7132,-909,25,-66,-13096,-5564,7612,-446,205,-121,0
2103.3104491233826,6876,6948,12052,-72,-71,65,6712,-9560,10344,19,140,-142,-12676,5136,7092,-913,136,-74,-13180,-5636,7884,-509,199,-132,0
2103.343850135803,6760,7168,11780,-75,-60,62,6720,-9508,10528,-33,116,-163,-12680,4920,7016,-879,121,-47,-13116,-5636,7624,-586,165,-123,0
2103.377408027649,6752,7232,11908,-102,-80,131,6720,-9500,10748,-29,127,-179,-12644,5124,7028,-886,122,-61,-13116,-5716,7472,-535,200,-96,0
2103.4106409549713,6700,7300,12096,-142,-120,112,6756,-9520,10564,-41,141,-185,-12748,5080,6880,-842,185,-76,-13212,-5676,7624,-556,147,-96,0
2103.4440600872044,6768,7244,11864,-176,-111,112,6708,-9580,10440,-46,95,-177,-12700,5160,7120,-909,163,-40,-13256,-5592,7436,-553,114,-114,0
2103.477571964264,6676,7196,11856,-171,-58,86,6780,-9628,10456,-14,134,-177,-12776,4932,7088,-972,165,-66,-13160,-5636,7484,-584,168,-127,0
2103.511004924774,6772,7172,12084,-155,-24,116,6672,-9504,10416,247,150,-165,-12704,5104,6936,-1014,154,-86,-13116,-5420,7648,-588,130,-133,0
2103.544407129288,6736,7248,12184,-180,-86,76,6648,-9508,10500,-41,72,-193,-12776,5220,7340,-1064,200,-63,-13108,-5700,7636,-565,106,-95,0
2103.5775871276855,6684,7192,12176,-234,-32,89,6772,-9588,10348,-5,143,-189,-12688,5244,7024,-960,194,-46,-13144,-5708,7528,-564,119,-81,0
2103.6110849380493,6812,7256,12100,-196,-46,85,6720,-9712,10336,-39,76,-177,-12680,5200,7056,-771,227,-75,-13200,-5640,7724,-586,88,-101,0
2103.6443791389465,6824,6944,11912,-193,-13,92,6836,-9548,10520,-56,118,-162,-12688,5184,7132,-998,180,-66,-12888,-5400,7544,-562,53,-108,0
2103.6779170036316,6840,7208,12044,-211,-38,93,6720,-9596,10588,-47,173,-162,-12708,5148,7140,-984,152,-62,-13264,-5736,7540,-584,73,-93,3
2103.7115070819855,6764,7164,11964,-208,-2,99,6700,-9556,10580,-2,152,-154,-12740,4924,7100,-989,175,-59,-13148,-5680,7568,-586,48,-147,3
2103.744781970978,6756,7264,11836,-165,-15,105,6904,-9552,10348,-10,129,-184,-12652,5104,6964,-989,216,-88,-13100,-5556,7520,-546,117,-118,3
2103.778260946274,6708,7172,11784,-163,-46,99,6676,-9532,10336,-13,109,-194,-12684,5064,7092,-1280,188,-123,-13156,-5632,7664,-555,94,-66,3
2103.811995983124,6100,7212,12648,430,-146,126,6800,-9528,10368,28,112,-217,-12788,4876,7044,-1005,247,-69,-13200,-5600,7620,-501,49,-63,3
2103.845525979996,6788,7180,11956,-205,249,96,6748,-9676,10348,16,136,-174,-12612,5188,7136,-1062,234,-91,-13176,-5420,7524,-584,119,-108,3
2103.879110097885,6828,7140,12092,-218,-81,114,6784,-9704,10444,42,189,-177,-12812,5100,6968,-1033,182,-108,-13096,-5656,7564,-657,106,-73,3
2103.9123940467834,6676,7156,11980,-251,-122,115,6752,-9664,10548,97,224,-203,-12736,5124,6940,-1059,209,-146,-13168,-5728,7624,-737,141,-143,3
2103.9457669258118,6656,7172,12072,-241,-212,147,6792,-9544,10492,49,115,-240,-12708,5304,7088,-1140,209,-173,-13132,-5580,7616,-739,195,-111,3
2103.9790670871735,6836,7152,11960,-228,-225,163,6908,-9352,10292,68,160,-203,-12648,5120,7044,-1155,200,-150,-13176,-5704,7692,-720,183,-127,3
2104.012489080429,6792,7196,11960,-224,-182,180,6720,-9640,10496,88,178,-217,-12748,5248,6952,-1171,167,-140,-13176,-5776,7472,-681,148,-126,0
2104.0460550785065,6788,7100,11848,-217,-168,146,6696,-9540,10468,47,185,-200,-12728,5104,7124,-1178,217,-217,-13184,-5700,7708,-638,161,-131,0
2104.0795979499817,6768,7120,12012,-220,-148,166,6716,-9476,10260,78,188,-212,-12740,5092,7032,-1168,207,-173,-13144,-5792,7472,-602,139,-109,0
2104.1130990982056,6876,7144,12028,-253,-134,160,6680,-9512,10452,57,136,-198,-12828,4864,7008,-1194,186,-158,-13176,-5752,7532,-600,163,-83,0
2104.1464760303497,6796,7196,11912,-222,-143,180,6796,-9476,10616,33,120,-230,-13000,4988,7080,-1185,207,-106,-13160,-5852,7488,-588,174,-82,0
2104.193701982498,7008,7144,11840,-247,-130,164,6624,-9508,10324,13,138,-199,-12696,5088,6952,-1139,240,-136,-13308,-5732,7436,-766,118,-100,0
2104.2406101226807,6736,7148,11944,-227,-150,171,6696,-9524,10584,16,140,-175,-12848,5064,6948,-1163,185,-109,-13120,-5744,7592,-529,139,-79,0
2104.2827191352844,6828,7112,12028,-281,-161,133,6820,-9556,10724,58,168,-190,-12692,5372,6992,-1132,193,-123,-13140,-5748,7572,-468,117,-94,0
2104.318712949753,6732,7136,12020,-211,-96,128,6632,-9488,10732,46,147,-162,-12620,5016,6916,-1199,347,-111,-13228,-5788,7448,-517,86,-83,0
2104.354287147522,6792,7212,12144,-186,-59,90,6700,-9612,10472,32,158,-181,-12820,5072,6912,-1159,445,-189,-13248,-5604,7580,-569,96,-85,0
2104.3892340660095,6804,6728,12168,-201,-68,152,6636,-9640,10508,31,95,-194,-12756,4988,7088,-1163,240,-89,-13180,-5680,7496,-532,64,-38,0
2104.424947977066,6852,7108,11868,-160,-139,174,6704,-9452,10508,34,84,-161,-12920,5028,6900,-1113,308,-93,-13204,-5740,7548,-569,20,-100,0
2104.460736989975,6776,7108,12256,-131,-37,156,6740,-9728,10436,42,100,-148,-12816,5052,6992,-1102,294,-145,-13148,-5732,7440,-555,-47,-83,0
2104.497498035431,6876,7080,11860,-142,-72,140,6724,-9520,10464,15,116,-185,-12812,4968,6884,-1099,511,-145,-13204,-5428,7664,-561,-11,-51,0
2104.532899141312,6904,7004,11956,-109,-118,147,6812,-9452,10492,34,130,-173,-12856,4908,6920,-1096,241,-143,-13080,-5884,7524,-584,47,-80,0
2104.5693030357365,6852,6928,11800,-86,-140,152,6704,-9680,10656,16,92,-179,-12768,4868,6912,-1086,144,-87,-13104,-5660,7588,-535,7,-87,0
2104.605513095856,6856,7116,11868,-91,-155,140,6732,-9720,10500,8,108,-186,-12892,5036,7056,-1039,168,-143,-13240,-5756,7528,-766,-36,-102,0
2104.6413021087646,6924,6916,11968,-112,-42,124,6764,-9480,10640,-93,128,-174,-12812,4936,7032,-1037,131,-49,-13132,-5820,7676,-487,33,-128,0
2104.6775200366974,6684,7068,11956,-137,-71,81,7088,-9636,10264,-61,165,-159,-12880,4860,6844,-1049,109,-26,-13176,-5704,7656,-762,-48,-148,0
2104.7132210731506,6896,7252,11908,-70,17,60,6776,-9528,10552,-64,150,-127,-12840,5016,6816,-1061,129,-58,-13120,-5688,7528,-533,-48,-147,0
2104.749591112137,6716,6956,12100,-80,-8,46,6708,-9416,10484,-91,153,-169,-12888,4920,6804,-1080,123,-83,-13072,-5720,7860,-768,-20,-180,0
2104.784814119339,6668,7408,12220,-97,-45,54,6680,-9484,10628,-88,163,-179,-12828,4952,6704,-1065,108,-33,-13056,-5788,7644,-488,-53,-113,0
2104.820248126984,6728,7064,11872,-53,-30,92,6772,-9544,10368,-110,173,-151,-12580,4964,7036,-1060,58,-71,-13284,-5712,7748,-506,34,-154,0
2104.8568480014806,6792,7180,12016,-42,-35,80,6616,-9548,10344,-81,153,-166,-12924,4912,6772,-1039,113,-67,-13088,-5824,7436,-488,12,-152,0
2104.890063047409,6820,6936,12056,-81,-40,69,6764,-9612,10552,-85,169,-166,-12764,5064,6976,-1034,170,-82,-13124,-5684,7752,-523,10,-148,0
2104.9234490394592,6744,7156,11992,-74,-31,60,6668,-9724,10376,-87,176,-184,-12876,4956,7116,-1045,67,-113,-13096,-5788,7560,-522,65,-148,0
2104.9571039676666,6856,7264,11976,-117,-33,83,6748,-9536,10516,-123,159,-163,-12908,5064,6880,-1034,63,-43,-13044,-5628,7652,-575,20,-153,0
2104.9906730651855,6664,7132,12100,-79,-1,67,6784,-9600,10468,-71,139,-154,-12800,5000,6948,-1041,15,-50,-13256,-5744,7716,-524,58,-154,0
2105.023946046829,6748,7340,11588,-124,-63,100,6740,-9544,10604,-53,171,-145,-12812,4916,6900,-1041,35,-26,-13132,-5780,7576,-563,119,-136,0
2105.0576050281525,6884,7204,11992,-84,-27,95,6728,-9488,10264,-55,176,-151,-12844,4836,6864,-1013,12,-50,-13120,-5748,7640,-621,285,-138,0
2105.09109210968,6784,7184,11844,-163,-37,73,6792,-9552,10596,-58,166,-151,-12852,4940,6772,-982,-12,-36,-13116,-5756,7496,-626,326,-175,0
2105.1244740486145,6820,7240,11976,-187,-43,79,6736,-9512,10348,-30,164,-132,-12744,4952,7068,-1276,-32,-13,-13144,-5800,7524,-644,353,-179,0
2105.1580359935765,6812,7144,12072,-158,-95,78,6780,-9584,10744,-1,154,-173,-12732,4992,6840,-1015,-2,-40,-12388,-5884,7612,-640,300,-162,0
2105.1917159557343,6744,7240,12304,-158,-42,93,6680,-9488,10540,-68,155,-154,-12768,4956,6868,-996,-47,-64,-13288,-5796,7596,-607,273,-139,0
2105.2250039577484,6784,7108,11996,-191,-89,80,6604,-9500,10576,-74,161,-189,-13040,4980,6824,-955,7,-95,-12840,-5716,7672,-555,276,-145,0
2105.258698940277,6716,7236,11932,-169,-109,98,6684,-9532,10652,-66,178,-184,-12584,4720,6904,-975,-17,-62,-13092,-5828,7676,-525,235,-162,0
2105.2923989295964,6792,6928,12008,-165,-119,126,6592,-9480,10472,-41,138,-180,-12740,4944,6948,-984,21,-55,-13092,-5864,7604,-530,225,-111,0
2105.3257470130925,6760,7400,11956,-145,-155,114,6868,-9596,10532,-16,136,-191,-12876,4912,7140,-1021,28,-47,-13116,-5860,7720,-528,193,-125,0
2105.3595910072327,6832,7116,11916,-157,-126,125,6744,-9592,10340,-25,128,-191,-13056,5084,6880,-970,74,-94,-13104,-5796,7664,-486,195,-110,0
2105.392830133438,6832,7200,12104,-167,-56,121,6664,-9612,10464,-12,152,-173,-12916,5056,6924,-993,50,-101,-13156,-5796,7672,-433,142,-130,0
2105.425976037979,6776,7240,12064,-171,-81,130,6680,-9592,10500,-43,142,-182,-12564,4896,6928,-1043,84,-65,-13124,-5784,7628,-422,118,-125,0
2105.4597511291504,6792,7420,11856,-197,-67,118,6440,-9544,10448,-19,147,-167,-12648,5040,6936,-1025,38,-74,-13040,-5804,7576,-394,140,-148,0
2105.4933419227605,6704,7212,11928,-178,-98,84,6724,-9564,10436,-23,141,-197,-12800,4932,7080,-1008,116,-57,-13264,-5784,7624,-418,205,-169,0
2105.526778936386,6824,7064,11804,-198,-107,87,6776,-9532,10596,-16,165,-193,-12804,4948,6996,-980,132,-98,-13068,-5936,7548,-458,154,-124,0
2105.5605759620667,6756,7168,11960,-186,-108,89,6672,-9584,10496,-12,134,-190,-12704,4976,7056,-990,134,-101,-13084,-5880,7632,-448,188,-146,0
2105.59401011467,6756,7192,11892,-196,-112,106,6620,-9540,10360,-11,125,-189,-12820,5096,7036,-985,154,-129,-13016,-5816,7664,-479,221,-96,0
2105.627741098404,6680,7252,11996,-184,-124,155,6424,-9428,10504,-15,93,-189,-12768,4952,7152,-913,170,-65,-13152,-5792,7436,-516,205,-97,0
2105.6612000465393,6760,7244,12040,-169,-187,158,6644,-9612,10728,-38,97,-178,-12736,5048,7388,-907,135,-78,-13064,-5852,7536,-525,190,-115,0
2105.694724082947,6796,7248,11832,-155,-157,147,6608,-9452,10520,-61,117,-205,-13040,5096,7024,-935,108,-54,-13080,-5800,7656,-528,206,-97,0
2105.7283680438995,6728,7188,11940,-196,-141,137,6820,-9508,10580,-43,128,-181,-12804,4984,7080,-907,139,-91,-13092,-5692,7632,-538,197,-148,0
2105.7618551254272,7128,7160,11876,-248,-132,132,6816,-9664,10592,-20,135,-174,-12760,5108,7032,-946,82,-64,-13100,-5812,7592,-549,211,-155,0
2105.795490026474,6840,7224,11964,-247,-191,146,6432,-9468,10588,-254,172,-166,-12792,5112,7020,-963,84,-45,-13044,-5916,7588,-576,210,-155,0
2105.829144001007,6720,7160,12152,-158,-168,153,6604,-9544,10640,-68,111,-207,-12724,5004,7072,-979,38,-80,-12992,-5888,7540,-531,221,-114,0
2105.862492084503,6796,7088,11856,-240,-243,136,6684,-9524,10364,-66,158,-231,-12808,5028,6836,-911,63,-96,-12860,-5704,7644,-535,260,-110,0
2105.9003670215607,6888,7176,11916,-176,-185,149,6672,-9488,10740,-37,121,-202,-12668,5164,7008,-925,77,-124,-13112,-5744,7652,-535,213,-122,0
2105.9356031417847,6752,7116,11820,-212,-178,177,6816,-9472,10528,-56,108,-178,-12784,4984,7020,-925,59,-81,-13092,-5816,7508,-540,192,-113,0
2105.9712259769444,6936,7080,12128,-201,-158,165,6708,-9576,10452,-56,145,-204,-12644,4972,6948,-960,76,-74,-13128,-5824,7504,-534,224,-124,0
2106.007812023163,6912,7080,12200,-233,-150,173,6668,-9620,10464,-43,124,-199,-12748,5060,6968,-934,76,-161,-13132,-5912,7508,-575,297,-125,0
2106.0427470207214,6892,7152,11860,-223,-176,170,6756,-9540,10576,-25,129,-225,-12728,4924,6764,-960,74,-145,-12964,-5824,7464,-565,322,-97,0
2106.07758808136,6960,7108,11924,-214,-195,184,6440,-9524,10344,-35,155,-205,-12620,5052,6712,-970,87,-142,-13140,-5892,7488,-530,327,-109,0
2106.113611936569,6868,7216,11916,-232,-284,171,6700,-9696,10736,-53,153,-236,-12836,4900,6904,-975,82,-132,-13200,-5820,7632,-534,266,-139,0
2106.14936709404,6940,7336,11860,-251,-210,148,6804,-9580,10472,-34,156,-205,-12912,4992,7048,-940,17,-155,-13244,-5860,7420,-556,322,-115,0
2106.184867143631,6980,7052,11892,-244,-216,165,6684,-9492,10552,-31,171,-218,-12864,5048,7144,-957,14,-170,-13124,-5888,7408,-551,283,-99,0
2106.220267057419,6944,6936,11996,-252,-192,164,6740,-9520,10572,-54,162,-239,-13016,5032,7152,-955,40,-176,-13152,-5756,7384,-522,235,-134,0
2106.2555069923405,7008,7116,11856,-2,-211,139,6908,-9580,10436,-69,189,-219,-12744,5064,6980,-956,-12,-154,-13120,-5880,7496,-435,340,-111,0
2106.2911200523376,6944,7204,11896,-254,-225,116,6588,-9516,10508,-66,153,-224,-13028,5056,6992,-1059,-9,-189,-13192,-5796,7448,-468,321,-113,0
2106.3262479305267,6916,7064,12032,-238,-170,134,6748,-9576,10488,-34,148,-215,-12800,4900,7108,-1114,58,-145,-13120,-5812,7656,-457,266,-109,0
2106.3623099327087,7028,7100,12252,-191,-139,122,6404,-9500,10680,-52,144,-202,-12788,5048,6968,-1142,68,-166,-13256,-5824,7520,-458,310,-87,0
2106.3976809978485,6944,7012,12060,-167,-97,127,6896,-9596,10324,-55,152,-198,-12768,4988,7128,-1126,77,-131,-13216,-5880,7664,-479,225,-99,0
2106.4330401420593,6924,7088,11948,-134,-82,146,6708,-9496,10444,-63,162,-160,-12744,4996,7012,-1036,69,-73,-13008,-5852,7192,-468,165,-83,0
2106.4687690734863,6716,7024,11972,-155,-53,124,6852,-9504,10544,-91,133,-165,-12740,5028,7044,-996,22,-125,-13244,-5836,7416,-465,163,-106,0
2106.503921031952,7052,7032,12204,-131,-48,90,6740,-9728,10360,-68,150,-151,-12748,5084,7096,-993,11,-112,-13188,-5856,7436,-448,138,-147,0
2106.540244102478,7056,6992,11556,-125,11,68,6736,-9560,10428,-48,122,-126,-12828,4912,7068,-1020,0,-108,-13184,-5928,7324,-470,115,-149,0
2106.573758125305,7020,7396,11908,-61,48,32,6784,-9500,10636,-24,118,-140,-12780,4908,6944,-1115,6,-57,-13276,-5808,7356,-482,129,-134,0
2106.6073610782623,7072,7420,12024,-249,60,21,6668,-9540,10496,-43,74,-149,-12828,4988,7084,-1204,-41,-57,-13204,-5688,7460,-464,127,-185,0
2106.6407420635223,7012,7020,12008,-99,41,20,6448,-9656,10500,5,171,-128,-12704,4988,7156,-1240,-86,-73,-13232,-5712,7536,-429,76,-139,0
2106.6739490032196,6932,7144,11900,-48,93,41,6712,-9584,10356,-51,137,-84,-12780,5088,6860,-1142,-49,-54,-13260,-5824,7432,-420,82,-134,0
2106.7075541019444,6744,7380,11956,1,105,67,6656,-9544,10524,-81,51,-109,-12736,5088,7052,-1101,37,-58,-13188,-5848,7488,-414,29,-115,0
2106.7411589622498,6836,6924,11924,-61,82,46,6736,-9600,10524,-67,160,-124,-12728,4920,7280,-988,21,-68,-13104,-5776,7500,-401,32,-141,0
2106.7747011184692,6860,7192,12208,-69,26,46,6744,-9608,10256,-84,167,-139,-12736,4876,7080,-888,-17,-87,-13164,-5872,7176,-316,150,-156,0
2106.808310031891,6684,7200,12000,-107,-62,51,6472,-9548,10548,-117,183,-189,-12656,4964,6988,-834,3,-136,-13096,-5776,7284,-260,174,-122,0
2106.8419280052185,6860,7088,11940,-178,-90,88,6644,-9616,10248,-110,166,-173,-12756,4968,7240,-865,-65,-162,-13208,-5772,7452,-27,355,-98,0
2106.875466108322,6876,7180,12132,-422,-124,84,6672,-9616,10408,-68,297,-186,-12764,5104,6948,-826,-103,-118,-13204,-5748,7532,51,485,-87,0
2106.908777952194,6884,7144,11916,-423,-66,89,6868,-9500,10264,-53,511,-174,-12568,5016,6948,-850,-123,-61,-13280,-5776,7452,-103,510,-124,0
2106.9423649311066,6888,7228,12032,-276,-140,103,6600,-9580,10612,-60,2,-146,-12652,5024,7088,-841,-82,-90,-13152,-5672,7424,-144,221,-99,0
2106.97603392601,6828,7308,11956,-273,-84,148,6612,-9580,10532,14,177,-142,-12704,5076,7420,-1011,29,-80,-13180,-5816,7492,10,203,-51,0
2107.0097749233246,6904,7184,12040,-300,-24,149,6624,-9568,10620,-18,148,-176,-12688,4972,6920,-1107,111,-74,-13184,-5880,7536,40,183,-55,0
2107.043441057205,7156,7036,12032,-303,-238,143,6764,-9548,10368,15,167,-209,-12612,4880,7400,-1090,122,-52,-13148,-5656,7536,44,236,-68,0
2107.077129125595,6912,7060,11916,-286,-27,142,6532,-9552,10656,5,122,-162,-12768,5024,7340,-1045,128,-54,-13232,-5692,7528,28,218,-67,0
2107.1108109951015,6832,7156,11964,-214,56,153,6640,-9544,10480,53,106,-184,-12752,4968,7064,-1137,169,-27,-13192,-5672,7512,-23,111,-55,0
2107.1442790031433,6892,7176,12192,-205,36,98,6660,-9528,10496,40,92,-177,-12684,5000,6864,-995,167,-52,-13204,-5700,7524,-309,51,-72,0
2107.1779119968414,6788,7084,11944,-211,92,82,6652,-9568,10600,22,5,-195,-12660,4920,7252,-784,263,-40,-13236,-5652,7560,-358,-73,-65,0
2107.211442947388,6844,7188,12252,-174,43,95,6896,-9496,10340,99,-58,-176,-12752,4908,7056,-1097,297,-86,-13172,-5780,7516,-283,1,-41,0
2107.24497795105,6908,7088,11872,-206,30,118,6720,-9608,10656,165,-118,-185,-12720,4992,7064,-1207,265,-52,-13284,-5624,7468,-325,49,-50,0
2107.2785599231725,6808,7088,12144,-510,21,116,6768,-9636,10468,2,-102,-167,-12708,5020,6912,-1161,203,-9,-13164,-5584,7580,-431,-90,-99,0
2107.3121111392975,6836,7172,12136,-101,30,108,6668,-9496,10456,230,26,-156,-12756,4960,7008,-1132,139,-57,-13164,-5640,7612,-314,-28,-129,0
2107.345771074295,6732,7024,12064,-110,253,79,6720,-9492,10500,225,40,-181,-12768,4872,6968,-1129,183,-70,-13172,-5492,7616,-359,34,-94,0
2107.3791959285736,6920,7048,11928,-147,6,98,6720,-9456,10448,312,59,-197,-12688,5064,7124,-1131,126,-74,-13176,-5564,7676,-291,96,-86,0
2107.4126250743866,6748,6984,12016,-172,34,69,6664,-9528,10384,300,155,-188,-12752,5016,7304,-1149,147,-9,-13088,-5412,7600,-347,55,-132,0
2107.4461641311646,6780,7124,11900,-140,-38,86,6688,-9376,10508,270,189,-163,-12768,4976,7356,-1037,93,-36,-13308,-5620,7732,-408,105,-139,0
2107.4800570011134,6736,7120,12024,-191,-54,102,6696,-9536,10508,166,228,-206,-12732,4892,7052,-1056,117,-61,-13148,-5568,7508,-452,50,-92,0
2107.5136709213257,6788,7112,12156,-131,-55,104,6880,-9276,10296,163,209,-188,-12632,4976,6992,-1044,128,-77,-13052,-5708,7724,-497,107,-115,0
2107.5496010780334,6772,7100,11928,-150,-140,97,6908,-9408,10604,102,179,-217,-12668,5048,7208,-1038,185,-65,-13060,-5644,7604,-485,76,-85,0
2107.5848031044,6760,7040,12016,-116,-135,111,6632,-9432,10620,129,190,-188,-12736,4952,6984,-1014,127,-81,-13160,-5572,7716,-504,86,-92,0
2107.6212389469147,6736,7096,12052,-122,-123,118,6656,-9392,10552,11,142,-211,-12680,4908,6976,-976,132,-67,-13164,-5612,7636,-533,48,-106,0
2107.657634973526,6844,7124,12000,-128,-79,119,6712,-9440,10624,19,204,-161,-12720,4924,7172,-922,119,-52,-13208,-5616,7664,-495,112,-112,0
2107.6927919387817,6908,7056,12252,-175,-115,118,6896,-9380,10736,-44,211,-157,-12696,5040,7184,-914,105,-133,-13188,-5660,7712,-499,89,-110,0
2107.7286570072174,6832,7216,12072,-161,-118,118,6688,-9416,10648,-50,208,-211,-12716,5000,7140,-914,117,-54,-13176,-5592,7452,-479,112,-103,0
2107.7635250091553,6712,7128,12128,-202,-137,116,6780,-9460,10604,-17,202,-213,-12680,4996,7024,-938,84,-91,-13148,-5660,7656,-525,80,-113,0
2107.7991549968724,6808,7388,12180,-205,-175,116,6616,-9696,10808,-97,204,-210,-12668,5000,7120,-916,116,-73,-13036,-5688,7600,-536,79,-133,0
2107.840131044388,6900,7380,11928,-183,-188,143,6696,-9532,10684,-103,166,-194,-12724,4976,6984,-921,159,-119,-13148,-5572,7660,-548,65,-105,0
2107.8755819797516,6852,7108,11956,-210,-229,126,6400,-9412,10620,-59,190,-212,-12700,4952,7028,-902,125,-140,-13124,-5600,7796,-549,71,-62,0
2107.9118590354924,6828,7096,12076,-200,-201,135,6704,-9456,10480,-62,125,-208,-12728,4932,7232,-925,169,-124,-12936,-5460,7624,-561,115,-96,0
2107.948475122452,6848,7004,11856,-174,-206,153,6696,-9396,10612,-72,144,-207,-12728,5036,7124,-925,147,-77,-13060,-5888,7704,-599,110,-100,0
2107.983279943466,6680,7136,12032,-205,-185,154,6680,-9416,10760,-87,137,-211,-12832,5048,6996,-936,113,-145,-13124,-5592,7788,-554,144,-103,0
2108.0192239284515,6884,7068,11852,-198,-162,145,6804,-9380,10724,-97,164,-184,-12768,5072,7044,-873,106,-84,-13228,-5576,7592,-576,116,-78,0
2108.054083108902,6968,6964,11952,-213,-163,157,6660,-9512,10336,-49,161,-176,-12564,4976,7072,-956,119,-82,-13040,-5608,7792,-548,160,-97,0
2108.089129924774,6956,7052,12088,-259,-203,165,6684,-9488,10560,-49,181,-198,-12784,5012,7176,-935,39,-74,-13136,-5644,7628,-538,200,-122,0
2108.125090122223,6832,7144,12232,-203,-171,133,6648,-9460,10632,-93,172,-214,-12808,5056,7156,-938,41,-180,-13216,-5624,7424,-505,502,-102,0
2108.1604809761047,6876,7040,12056,-266,-209,148,6744,-9420,10540,-83,192,-215,-12724,5020,7108,-934,39,-105,-13148,-5408,7768,-399,321,-69,0
2108.1971011161804,6872,6944,11992,-251,-195,160,6620,-9500,10584,-95,153,-196,-12648,5084,6940,-988,-17,-160,-13132,-5568,7648,-336,399,-104,0
2108.2305660247803,7020,7104,11964,-272,-210,173,6672,-9396,10636,-64,141,-160,-12600,5000,7040,-953,-13,-82,-13248,-5688,7708,-411,307,-97,0
2108.2642900943756,6732,7048,12016,-272,-202,172,6476,-9448,10760,-113,174,-196,-12612,5032,7052,-936,21,-97,-13220,-5592,7680,-476,508,-101,0
2108.2979259490967,6856,6916,11804,-220,-218,151,6596,-9240,10744,-98,118,-230,-12940,5012,7008,-935,32,-139,-13216,-5608,7556,-529,266,-106,0
2108.3315510749817,6912,7124,11996,-179,-237,157,6696,-9500,10500,-82,136,-241,-12672,5036,6948,-959,83,-117,-13180,-5548,7504,-538,241,-105,0
2108.3649940490723,6984,7056,11952,-195,-238,180,6692,-9416,10720,-37,136,-228,-12808,5004,7032,-976,80,-127,-13204,-5508,7568,-567,198,-104,0
2108.398540019989,6992,7012,12032,-190,-227,156,6856,-9328,10656,-52,141,-246,-12676,4976,7156,-967,102,-111,-13156,-5572,7596,-534,210,-88,0
2108.4321999549866,6920,7088,11856,-197,-208,166,6896,-9688,10592,-63,116,-187,-13020,5024,6980,-978,96,-75,-13248,-5576,7500,-600,144,-117,0
2108.465749979019,7140,6988,11996,-163,-124,131,6732,-9460,10588,-78,143,-183,-12592,4952,7100,-997,64,-81,-13244,-5384,7532,-574,197,-135,0
2108.4991841316223,7056,7072,11820,-141,-110,134,6692,-9440,10444,-71,136,-194,-12604,5020,7160,-993,91,-58,-13160,-5616,7456,-540,140,-132,0
2108.532902956009,7036,7048,11976,-113,-104,108,6700,-9468,10628,-100,96,-198,-12660,5004,6996,-1004,100,-76,-13044,-5552,7564,-584,92,-134,0
2108.566617012024,6984,6956,11928,-147,-62,84,6728,-9444,10476,-79,142,-180,-12740,5000,6992,-1040,114,-73,-13216,-5540,7516,-583,80,-165,0
2108.6002049446106,7032,7008,11832,-126,-60,88,6752,-9568,10460,-81,165,-142,-12792,5060,7164,-1074,150,-74,-13160,-5828,7536,-574,71,-162,0
2108.6334960460663,6924,7036,11924,-121,-54,94,6660,-9488,10500,-78,150,-172,-12720,5100,7160,-1043,124,-41,-13072,-5592,7456,-656,39,-165,0
2108.666975975036,7052,7068,11960,-91,-52,77,6752,-9400,10652,-38,164,-166,-12756,5016,6772,-1023,163,-70,-13204,-5576,7520,-614,35,-163,0
2108.70050406456,6936,7080,11804,-86,-20,73,6744,-9468,10620,-50,131,-184,-12744,4940,7164,-1061,145,-92,-13248,-5836,7536,-590,28,-143,0
2108.7339890003204,7036,7016,12076,-124,-4,72,6704,-9424,10608,-80,171,-155,-12700,5008,7144,-1010,173,-68,-13212,-5632,7560,-591,35,-151,0
2108.767746925354,7060,7000,11900,-112,-237,79,6448,-9660,10744,-64,143,-154,-12684,5116,7012,-1054,91,-28,-13228,-5592,7544,-528,28,-124,0
2108.801031112671,7124,7016,11908,-173,10,69,6580,-9556,10572,-60,197,-142,-12752,5044,7032,-1086,76,-10,-13216,-5780,7668,-447,35,-108,0
2108.834769010544,6940,6980,11956,-163,9,70,6636,-9424,10516,-12,148,-150,-12752,5108,6968,-1086,128,-61,-13200,-5596,7560,-454,50,-136,0
2108.86825299263,6900,7124,11912,-126,42,45,6548,-9536,10708,-68,200,-145,-12664,4920,7196,-1279,13,-80,-13192,-5608,7596,-461,94,-121,0
2108.9015181064606,7080,7056,11916,-132,23,31,6704,-9516,10604,-69,216,-177,-12696,5084,6868,-1011,13,-49,-13180,-5548,7668,-475,42,-130,0
2108.934888124466,6972,7104,11968,-77,70,36,6624,-9512,10472,-20,196,-134,-12732,4952,6940,-1129,52,-28,-13256,-5680,7804,-398,63,-127,0
2108.9684960842133,6952,7084,12000,-90,27,69,6860,-9552,10584,5,169,-110,-12644,4992,7244,-1036,62,-41,-13136,-5604,7660,-453,10,-124,0
2109.0018310546875,6832,7124,11968,-84,57,62,6520,-9700,10560,-89,143,-129,-12800,4916,7196,-1015,29,-51,-13056,-5660,7732,-460,-20,-127,0
2109.0350201129913,7020,7136,11992,-74,-253,60,6776,-9512,10568,-69,162,-145,-12720,4956,7132,-1056,15,-60,-13132,-5592,7596,-406,10,-124,0
2109.068603038788,6996,7104,11976,-47,18,83,6892,-9508,10288,-66,81,-178,-12580,5000,7228,-1073,86,-43,-13060,-5592,7872,-446,87,-121,0
2109.1022181510925,6848,7044,11932,-52,-24,107,6404,-9300,10556,-54,115,-194,-12736,5028,7224,-1279,104,-79,-13148,-5672,7756,-436,124,-126,0
2109.135365962982,6796,7084,11964,-72,-43,86,6656,-9520,10628,-48,107,-183,-12748,4964,7200,-1002,74,-71,-13140,-5620,7608,-451,69,-126,0
2109.1688101291656,7136,7072,12016,-100,-30,63,6428,-9240,10248,-62,129,-173,-12684,5020,7056,-1006,38,-58,-13164,-5556,7804,-468,57,-154,0
2109.2022590637207,6940,7076,12204,-92,-16,83,6636,-9512,10564,-45,125,-157,-12676,5008,7280,-994,-252,-39,-13136,-5672,7716,-455,110,-127,0
2109.238237142563,6920,7080,11992,-86,-20,104,6556,-9480,10640,-63,147,-145,-12640,5008,6988,-989,53,-48,-12916,-5600,7676,-449,157,-125,0
2109.2740499973297,7020,7112,11848,-96,-90,99,6632,-9484,10604,-54,170,-193,-12736,5016,7124,-970,104,-69,-13172,-5612,7664,-470,177,-141,0
2109.309252977371,6684,6932,11964,-61,-129,81,6576,-9496,10412,-129,-14,-206,-12700,5108,7124,-885,50,-80,-13280,-5652,7740,-481,153,-139,0
2109.3444869518285,6808,7048,12204,-125,-92,93,6616,-9536,10592,-78,138,-206,-12668,5112,7416,-943,54,-48,-13080,-5600,7612,-406,170,-139,0
2109.3801419734955,6748,7080,11788,-127,-150,97,6716,-9548,10452,-86,127,-194,-12592,5088,7140,-941,39,-86,-13156,-5596,7780,-423,198,-87,0
2109.4150960445404,6960,7412,12248,-105,-146,119,6732,-9500,10528,-81,151,-179,-12592,5068,6996,-964,64,-77,-13148,-5648,7856,-454,189,-133,0
2109.450904130936,6924,6920,11924,-159,-145,133,6628,-9504,10520,-61,152,-187,-12644,4980,7360,-952,17,-109,-13168,-5644,7724,-430,231,-116,0
2109.4860949516296,6848,7108,12052,-205,-87,132,6404,-9476,10740,-63,169,-185,-12704,5068,7324,-958,28,-64,-13124,-5500,7768,-423,182,-88,0
2109.5217440128326,6832,7100,11984,-225,-125,132,6700,-9528,10560,-48,184,-170,-12688,5068,7060,-944,-25,-95,-13084,-5544,7792,-491,202,-119,0
2109.5577549934387,6872,7104,11896,-265,-120,148,6528,-9604,10456,-8,156,-178,-12604,5100,7136,-1006,-16,-101,-13044,-5700,7824,-472,227,-100,0
2109.592710018158,6904,6984,11796,-117,-112,169,6580,-9532,10632,-91,118,-205,-12616,5100,7144,-971,39,-131,-13060,-5420,7776,-508,203,-112,0
2109.6288189888005,6948,7220,11984,-201,-179,147,6560,-9564,10520,-83,162,-234,-12800,4996,7228,-948,97,-165,-13096,-5624,7632,-262,264,-110,0
2109.664356946945,6908,7076,11844,-216,-174,168,6584,-9488,10276,-50,132,-243,-12552,5156,7036,-922,60,-129,-13304,-5504,7428,-494,210,-81,0
2109.6995351314545,6904,7088,11992,-223,-185,181,6440,-9500,10704,-38,129,-205,-12604,5064,7228,-941,85,-112,-13184,-5648,7636,-497,213,-95,0
2109.734488964081,7040,7100,12160,-270,-130,161,6668,-9528,10260,-56,167,-197,-12688,5000,7268,-945,37,-71,-13260,-5528,7536,-494,221,-126,0
2109.77073597908,6904,7164,11940,-255,-171,170,6872,-9232,10588,-20,142,-199,-12612,5172,7268,-962,54,-172,-13160,-5596,7616,-517,240,-120,0
2109.8061990737915,7032,7144,11948,-216,-156,181,6716,-9496,10580,-12,101,-218,-12644,5044,7136,-977,82,-97,-13160,-5592,7564,-530,258,-86,0
2109.841933965683,6672,7164,11884,-228,-209,187,6712,-9460,10580,-253,74,-217,-12696,5092,7204,-960,49,-152,-13132,-5592,7452,-525,258,-112,0
2109.8774199485774,7024,7112,12236,-7,-224,174,6776,-9452,10604,-6,104,-206,-12664,5028,6928,-971,97,-167,-13100,-5632,7628,-493,257,-85,0
2109.9129631519318,7036,7152,12176,-252,-206,171,6868,-9572,10696,-19,124,-223,-12700,4988,6996,-990,74,-131,-13108,-5696,7660,-488,291,-120,0
2109.9464869499207,7012,7068,11900,-224,-210,165,6624,-9576,10452,-4,147,-220,-12732,5056,7296,-993,47,-115,-13136,-5508,7680,-511,235,-91,0
2109.980052947998,7060,7072,12052,-246,-136,166,6716,-9240,10524,1,122,-205,-12708,5048,6992,-1032,123,-102,-13284,-5736,7512,-500,199,-129,0
2110.0136210918427,6920,7064,11844,-251,-184,167,6676,-9596,10504,-21,126,-209,-12636,4964,7232,-1002,99,-155,-13152,-5864,7536,-461,233,-121,0
2110.0471401214604,7096,7088,11968,-235,-156,148,6904,-9492,10520,-24,154,-226,-12644,4988,7240,-1031,89,-137,-13108,-5464,7676,-458,189,-90,0
2110.0808141231537,6952,6912,12028,-235,-202,184,6652,-9508,10504,-9,139,-187,-12572,4972,6928,-1034,143,-92,-13160,-5692,7584,-491,162,-85,0
2110.1144831180573,7036,6988,11820,-223,-146,161,6628,-9680,10528,3,120,-207,-12748,4964,7120,-1075,128,-81,-13176,-5720,7660,-544,168,-96,0
2110.147763967514,7088,7044,12156,-187,-144,167,6640,-9536,10524,-24,115,-208,-12564,4920,6988,-1026,112,-96,-13152,-5684,7528,-517,178,-111,0
2110.1812469959254,7060,7380,11992,-172,-124,150,6644,-9404,10544,-15,116,-202,-12756,5068,7356,-1034,140,-118,-13200,-5384,7548,-486,151,-119,0
2110.214793920517,7044,7036,11804,-176,-84,133,6772,-9524,10408,-72,140,-189,-12684,5008,7216,-1010,162,-72,-13160,-5548,7572,-511,119,-122,0
2110.2483279705048,7016,6976,11944,-157,-53,111,6688,-9540,10568,-69,119,-173,-12756,5004,7220,-1050,144,-37,-13104,-5632,7552,-550,103,-137,0
2110.2818801403046,7104,6992,12024,-196,-44,74,6732,-9564,10464,21,123,-162,-12668,4988,7192,-1091,116,-43,-13120,-5592,7612,-526,113,-156,0
2110.315395116806,6952,7112,11876,-170,-36,86,6640,-9408,10560,3,132,-152,-12396,4980,7164,-1077,144,-85,-13132,-5652,7648,-500,140,-143,0
2110.3486371040344,7056,6996,11928,-149,-54,99,6668,-9584,10564,-47,139,-191,-12660,5008,7184,-1033,92,-117,-13148,-5592,7636,-487,134,-146,0
2110.3820509910583,7020,7060,11800,-160,-30,69,6668,-9408,10472,-36,174,-178,-12732,5132,7224,-1050,121,-75,-13224,-5848,7544,-469,136,-135,0
2110.4155910015106,7104,6984,12204,-130,-250,83,6744,-9540,10504,-43,149,-145,-12716,5024,7176,-1077,178,-14,-13112,-5644,7552,-468,127,-138,0
2110.449065923691,7052,7160,11984,-132,253,88,6648,-9488,10540,-16,157,-182,-12640,5048,6996,-1055,126,-64,-13200,-5412,7832,-464,87,-156,0
2110.4824879169464,6972,7120,12072,-170,-29,62,6572,-9488,10592,-70,167,-145,-12632,5024,7144,-1059,120,-92,-13124,-5668,7692,-487,135,-141,0
2110.515993118286,7060,6996,12240,-142,-33,78,6704,-9512,10632,-44,163,-180,-12632,5016,7068,-1099,134,-60,-13184,-5584,7632,-501,114,-119,0
2110.549572944641,7040,7012,12020,-110,-37,101,6644,-9540,10564,-43,158,-155,-12636,5096,7040,-1125,99,-77,-13264,-5596,7544,-478,132,-152,0
2110.583128929138,7044,7056,12072,-129,-48,115,6644,-9588,10488,-39,142,-170,-12552,5048,7280,-1123,77,-59,-13144,-5388,7656,-461,139,-95,0
2110.6169159412384,6968,7000,12016,-110,-61,115,6448,-9228,10472,-57,140,-187,-12632,4988,7204,-1087,74,-75,-13224,-5708,7672,-427,162,-142,0
2110.650006055832,7056,7004,11920,-131,-43,95,6764,-9492,10620,-73,189,-172,-12648,4952,7248,-1102,50,-54,-13356,-5644,7500,-482,106,-109,0
2110.683408021927,7020,7036,11848,-143,-44,84,6712,-9724,10608,-94,158,-131,-12680,4948,7260,-1081,132,-16,-13192,-5688,7680,-472,126,-140,0
2110.71696805954,6932,6956,11944,-139,-37,105,6612,-9520,10680,-71,143,-177,-12644,4976,7168,-1001,139,-30,-13132,-5556,7548,-453,122,-117,0
2110.75026011467,6704,7108,12008,-129,-54,68,6624,-9520,10524,-118,128,-180,-12588,4916,7200,-1075,86,-56,-13120,-5412,7464,-444,66,-115,0
2110.783926010132,6956,7100,12032,-119,-74,54,6656,-9608,10644,-79,154,-179,-12688,5104,7164,-1269,117,-45,-13312,-5532,7612,-448,157,-172,0
2110.8175921440125,6988,6988,12012,-158,-83,99,6696,-9704,10604,-59,138,-174,-12628,4992,7352,-1055,209,-43,-13076,-5868,7740,-505,99,-145,0
2110.8508801460266,6988,7016,12056,-123,-68,110,6628,-9484,10560,-73,90,-196,-12656,5024,7192,-1272,222,-26,-13092,-5708,7676,-512,77,-132,0
2110.8842799663544,7016,7076,11776,-111,-128,86,6672,-9636,10356,-103,144,-238,-12780,4992,6956,-977,75,-89,-13228,-5592,7676,-442,167,-138,0
2110.920835018158,7056,7100,12068,-170,-159,137,6716,-9580,10448,-36,153,-177,-12688,4980,7112,-1012,189,-37,-13284,-5468,7644,-444,162,-106,0
2110.955496072769,7128,7104,12052,-128,-23,132,6592,-9448,10556,-49,138,-148,-12680,4992,7000,-1041,168,-25,-13116,-5424,7544,-543,94,-150,0
2110.992334127426,6940,7060,12156,-80,-33,125,6632,-9568,10680,-66,121,-127,-12712,4988,7172,-1046,128,-83,-13060,-5380,7532,-521,97,-100,0
2111.028198003769,6960,7112,12204,-96,-57,118,6656,-9264,10428,-96,124,-184,-12604,5032,7164,-968,123,-33,-13156,-5548,7568,-515,103,-116,0
2111.06321310997,7084,7024,11984,-124,-99,109,6592,-9608,10492,-82,121,-176,-12756,5016,7248,-1037,54,-56,-12900,-5720,7840,-501,151,-119,0
2111.099452018738,6692,7088,11548,-114,-80,53,6616,-9556,10276,-51,172,-193,-12556,4932,7192,-1054,46,-97,-13112,-5712,7584,-437,163,-113,0
2111.134855031967,6676,7148,11960,-146,-16,51,6648,-9636,10252,-57,132,-211,-12660,5024,7272,-1031,29,-58,-13152,-5612,7596,-424,145,-111,0
2111.170180082321,7028,7168,11888,-176,-39,72,6644,-9624,10600,-90,168,-160,-12632,5308,7320,-983,63,-86,-13184,-5624,7624,-436,124,-109,0
2111.2053430080414,7128,7132,11860,-139,33,96,6804,-9548,10620,-10,146,-181,-12700,5012,7208,-994,83,-49,-13224,-5644,7520,-393,128,-92,0
2111.2409060001373,7020,7148,12000,-173,14,60,6848,-9548,10528,13,158,-164,-12632,4968,7148,-1017,47,-72,-13192,-5564,7564,-453,111,-143,0
2111.276099920273,6968,7080,11952,-190,-22,77,6588,-9600,10652,21,127,-135,-12612,4964,7132,-999,95,-28,-13132,-5572,7648,-496,100,-98,0
2111.3121180534363,7140,7096,11832,-144,-25,98,6504,-9588,10500,-7,161,-156,-12628,4936,7116,-1008,41,-82,-13168,-5592,7608,-538,156,-113,0
2111.3481299877167,6972,7112,12200,-132,-56,101,6896,-9492,10296,-4,137,-186,-12608,4904,7180,-963,56,-103,-13180,-5424,7848,-528,193,-115,0
2111.3831040859222,6992,7120,11788,-152,-87,116,6408,-9624,10624,0,149,-203,-12624,5016,7204,-917,90,-108,-13196,-5592,7584,-478,166,-102,0
2111.419112920761,7012,7068,12008,-163,-111,141,6632,-9524,10512,-10,111,-202,-12636,5000,7160,-954,90,-119,-13140,-5816,7452,-489,186,-82,0
2111.4543831348415,6960,7100,11808,-152,-145,144,6520,-9572,10692,-47,121,-203,-12620,4940,7424,-914,91,-72,-13140,-5632,7720,-471,153,-102,0
2111.4900159835815,6956,7064,11928,-117,-134,135,6588,-9596,10552,-63,129,-181,-12564,4976,7372,-860,52,-102,-13128,-5620,7876,-531,195,-106,0
2111.5249741077423,7008,7044,11856,-130,-171,149,6536,-9604,10532,-28,123,-166,-12564,5100,7336,-813,62,-101,-13120,-5660,7748,-533,188,-80,0
2111.562439918518,6680,6984,12052,-182,-86,131,6624,-9612,10432,-48,135,-200,-12708,4996,7192,-910,67,-112,-13308,-5552,7472,-522,109,-86,0
2111.5960030555725,6984,6944,11912,-158,-209,152,6436,-9616,10592,1,128,-195,-12556,4968,7092,-904,74,-128,-13148,-5684,7708,-548,213,-116,0
2111.6295120716095,6864,7028,11876,-204,-201,139,6600,-9548,10568,-7,117,-255,-12660,5104,7240,-871,54,-122,-13096,-5604,7632,-492,248,-68,0
2111.662863969803,7080,7084,12028,-147,-204,150,6680,-9460,10580,-253,138,-214,-12616,5048,7180,-856,23,-133,-13088,-5608,7652,-472,263,-90,0
2111.696820020676,7008,7068,11828,-158,-210,164,6616,-9576,10580,-24,129,-214,-12636,4988,7280,-850,31,-168,-13196,-5648,7556,-501,235,-133,0
2111.7298130989075,6976,7108,12040,-155,-222,150,6724,-9512,10468,-22,145,-221,-12704,4984,7104,-857,67,-103,-13236,-5716,7540,-491,175,-90,0
2111.7633459568024,7036,6996,11892,-186,-135,135,6648,-9508,10724,-45,146,-204,-12652,5028,7400,-866,35,-78,-13288,-5576,7632,-483,135,-109,0
2111.797019004822,7064,7072,11936,-170,-150,142,6736,-9624,10572,-43,127,-185,-12592,4956,7184,-969,31,-69,-13180,-5560,7612,-515,177,-108,0
2111.830559015274,7044,7100,11848,-196,-184,161,6600,-9712,10512,30,162,-168,-12612,4924,7392,-953,49,-88,-13116,-5732,7652,-491,119,-83,0
2111.8642110824585,7028,7088,11972,-123,-136,105,6608,-9480,10300,-59,145,-217,-12636,5016,7156,-925,70,-103,-13088,-5656,7636,-766,161,-94,0
2111.89741897583,7020,7052,11924,-158,-216,138,6536,-9544,10392,-36,106,-223,-12588,5248,7064,-977,96,-158,-13184,-5548,7556,-481,203,-81,0
2111.930822134018,7100,7084,11968,-115,-240,151,6728,-9296,10488,-32,122,-194,-12740,5056,7088,-960,49,-99,-13124,-5620,7628,-438,105,-132,0
2111.9642210006714,7120,7160,11940,-120,-209,133,6712,-9412,10292,-40,118,-164,-12568,5060,7188,-944,89,-36,-13236,-5848,7628,-437,56,-122,0
2111.998022079468,6960,7048,11948,-180,-196,150,6640,-9580,10460,-77,158,-191,-12588,4968,7232,-944,120,-100,-13188,-5836,7584,-374,139,-85,0
2112.0314750671387,7024,7100,11852,-141,-135,124,6756,-9600,10640,-75,109,-208,-12620,5068,7324,-953,143,-131,-13204,-5592,7564,-408,202,-107,0
2112.0652611255646,7168,7092,11960,-137,-188,152,6680,-9520,10692,-22,112,-203,-12652,5092,7184,-1054,154,-135,-13152,-5556,7756,-472,239,-91,0
2112.0990381240845,7088,7080,11964,-159,-139,170,6660,-9636,10364,-45,105,-228,-12568,5008,7228,-1023,188,-122,-13228,-5620,7616,-461,160,-103,0
2112.1325380802155,7088,7144,11744,-163,-120,120,6696,-9584,10268,-66,139,-193,-12732,5072,7268,-992,170,-66,-13260,-5616,7496,-504,144,-99,0
2112.165918111801,7080,7060,11892,-178,-93,127,6696,-9492,10728,-44,157,-192,-12696,5024,7176,-1016,125,-59,-13204,-5600,7632,-525,135,-137,0
2112.1994531154633,7128,7116,11944,-152,-49,101,6428,-9724,10384,-48,166,-183,-12716,5064,7196,-1019,93,-75,-13268,-5844,7612,-502,106,-155,0
2112.232823133468,7140,7088,11692,-97,-26,91,6640,-9476,10444,-69,157,-179,-12660,4908,7048,-1002,87,-64,-13132,-5568,7644,-507,97,-173,0
2112.266440153122,7132,7176,12004,-96,-51,57,6900,-9612,10440,-91,159,-182,-12676,5008,7176,-1009,136,-64,-13212,-5880,7576,-499,117,-128,0
2112.2999811172485,7064,7128,11808,-107,-64,88,6876,-9552,10328,-96,154,-169,-12620,4992,7160,-1042,138,-66,-13172,-5564,7548,-488,133,-146,0
2112.3335020542145,7096,7044,12184,-131,-49,102,6736,-9556,10600,-72,136,-188,-12688,5012,7320,-1058,126,-70,-13104,-5600,7920,-471,93,-149,0
2112.366837978363,7096,7132,12264,-120,-28,94,6612,-9492,10572,-53,129,-181,-12676,5052,7228,-1072,160,-106,-13268,-5692,7584,-483,107,-118,0
2112.4003829956055,7120,6920,12248,-127,-47,103,6564,-9484,10536,-69,114,-162,-12388,5020,7120,-1094,167,-85,-13184,-5684,7628,-521,116,-127,0
2112.4338259696965,7100,7124,11896,-151,-57,103,6600,-9488,10504,-69,133,-183,-12620,5008,7192,-1065,129,-29,-13140,-5660,7568,-453,109,-168,0
2112.467383146286,7068,7392,11804,-113,-29,108,6640,-9468,10456,-89,121,-157,-12672,5148,7056,-1050,148,-30,-13176,-5524,7660,-487,68,-123,0
2112.501032114029,7376,7080,11600,-147,-59,99,6680,-9524,10400,-59,136,-149,-12688,5100,6952,-1088,105,-34,-13180,-5776,7660,-496,112,-136,0
2112.5345220565796,7100,7144,11828,-165,-39,108,6584,-9628,10348,-61,164,-173,-12676,4972,7188,-1066,140,-102,-13188,-5620,7608,-454,57,-112,0
2112.568200111389,7084,7152,11876,-115,-26,94,6708,-9632,10576,-86,148,-146,-12672,4980,7180,-1080,126,-41,-13268,-5640,7716,-491,50,-163,0
2112.6044981479645,7128,7176,12008,-131,-17,81,6676,-9540,10436,-68,153,-194,-12608,5048,7256,-1050,125,-39,-13168,-5608,7656,-486,97,-146,0
2112.64031791687,7068,7116,11912,-113,-20,73,6636,-9540,10508,-57,122,-174,-12580,4976,7140,-1066,135,-99,-13120,-5496,7432,-459,108,-126,0
2112.676132917404,6940,6924,11932,-107,-50,116,6716,-9712,10544,-65,129,-163,-12756,5152,7232,-1081,157,-60,-13080,-5756,7656,-456,91,-106,0
2112.7119269371033,7032,7132,11924,-142,-48,100,6644,-9560,10532,-82,143,-175,-12712,5108,7296,-1065,139,-46,-13220,-5572,7636,-464,58,-140,0
2112.7480981349945,7124,6920,11952,-93,-63,119,6908,-9620,10592,-47,134,-189,-12596,5048,7036,-1057,109,-99,-13256,-5856,7928,-500,92,-150,0
2112.783023118973,6984,7156,11740,-129,-87,125,6892,-9564,10708,-40,111,-182,-12636,4952,7076,-1082,157,-69,-13016,-5668,7620,-496,104,-88,0
2112.8181970119476,7108,7084,11636,-87,-80,120,6600,-9324,10748,-32,85,-195,-12556,5028,7240,-1074,183,-67,-13180,-5676,7556,-502,130,-119,0
2112.8572320938106,7156,7196,11976,-98,-78,102,6860,-9624,10356,-64,88,-208,-12648,4996,7368,-1053,158,-101,-13216,-5616,7580,-497,106,-118,0
2112.8929591178894,7096,7168,11980,-113,-41,74,6688,-9612,10524,-66,133,-158,-12648,5056,7212,-1050,152,-55,-13140,-5636,7644,-494,114,-139,0
2112.9293119907375,6940,7236,11864,-118,-77,109,6796,-9568,10500,-62,125,-195,-12668,4956,7192,-1062,130,-72,-13100,-5384,7448,-513,101,-148,0
2112.964422941208,7052,6964,11884,-79,-64,109,6468,-9716,10668,-97,124,-185,-12668,4928,7348,-1046,121,-66,-13096,-5628,7484,-488,79,-162,0
2113.000015974045,7080,7232,11792,-110,-67,81,6760,-9528,10552,-85,136,-187,-12652,4976,7116,-1045,131,-116,-12856,-5632,7716,-506,81,-138,0
2113.035038948059,7100,6952,11824,-129,-57,105,6600,-9496,10372,-79,155,-172,-12700,4948,7260,-771,107,-57,-13172,-5660,7748,-487,113,-128,0
2113.0704810619354,6956,7204,11868,-104,-43,101,6652,-9624,10468,-82,141,-149,-12604,5016,7036,-1068,115,-107,-13100,-5648,7716,-497,108,-157,0
2113.105463027954,7024,7132,11768,-99,-58,120,6636,-9604,10500,-84,108,-181,-12392,4972,7392,-1042,151,-43,-13084,-5704,7664,-487,109,-91,0
2113.1411161422734,6936,7312,11872,-134,-74,121,6908,-9592,10252,-94,119,-198,-12756,4932,7296,-1008,172,-124,-13144,-5704,7736,-262,120,-91,0
2113.177645921707,7028,7184,11944,-120,-71,123,6588,-9624,10380,-86,148,-190,-12612,4984,7184,-1277,140,-119,-13144,-5608,7788,-523,121,-116,0
2113.2125720977783,7084,7420,11932,-164,-56,126,6680,-9640,10492,-47,146,-155,-12624,5032,7468,-1065,110,-116,-13096,-5636,7616,-766,126,-109,0
2113.248836040497,7020,7244,11860,-178,-41,137,6600,-9504,10532,-25,150,-142,-12656,4964,7360,-1046,123,-67,-13112,-5764,7744,-494,97,-96,0
2113.2824361324306,7044,6972,11820,-171,-60,129,6700,-9704,10492,-94,152,-200,-12732,4900,7152,-983,125,-60,-13144,-5720,7460,-476,139,-103,0
2113.316015005112,7120,7144,11904,-200,-93,137,6672,-9908,10540,-28,130,-201,-12636,4968,7056,-1277,143,-90,-12932,-5652,7816,-476,160,-106,0
2113.349661111832,6984,7212,12000,-177,-109,131,6904,-9664,10292,-9,168,-198,-12620,4972,7092,-1059,120,-124,-13296,-5392,7728,-466,139,-97,0
2113.3830370903015,7012,7212,11940,-217,-102,133,6588,-9612,10376,-57,171,-179,-12656,4936,7144,-996,136,-91,-13136,-5664,7764,-462,133,-102,0
2113.416463136673,7036,7112,11920,-230,-144,165,6612,-9696,10440,-35,144,-201,-12716,5020,7408,-970,116,-110,-13088,-5584,7588,-487,160,-89,0
2113.4500501155853,6956,7204,11916,-242,-127,163,6892,-9604,10512,-19,152,-197,-12784,4992,7072,-1035,179,-119,-13120,-5580,7600,-502,157,-107,0
2113.483740091324,7072,7068,11948,-233,-152,175,6668,-9556,10420,2,136,-174,-12620,5028,7072,-773,193,-140,-13104,-5600,7668,-481,199,-58,0
2113.5173070430756,7020,7140,11944,-221,-111,169,6444,-9520,10296,11,100,-221,-12716,4928,7168,-1037,178,-189,-13052,-5688,7704,-529,182,-114,0
2113.550966978073,6960,7404,12264,-243,-166,193,6636,-9276,10472,-6,144,-226,-12684,4892,7128,-996,180,-150,-13124,-5608,7692,-488,169,-76,0
2113.584645986557,7068,6912,11760,-225,-111,168,6728,-9600,10472,242,124,-207,-12788,4988,7212,-976,146,-140,-13144,-5584,7704,-504,199,-94,0
2113.618129014969,7084,7176,11868,-228,-120,142,6760,-9552,10460,252,170,-169,-13036,4688,6976,-772,125,-90,-13188,-5672,7688,-493,169,-127,0
2113.6516029834747,7132,7064,11800,-228,-133,157,6572,-9528,10428,5,126,-197,-12696,4964,7036,-1004,125,-103,-13124,-5616,7756,-492,178,-63,0
2113.685209989548,6960,7004,11908,-221,-130,154,6768,-9560,10496,254,100,-226,-12712,4972,7136,-988,125,-151,-13096,-5580,7628,-505,143,-93,0
2113.718794107437,7008,7040,11964,-235,-130,147,6628,-9624,10476,-5,131,-194,-12756,4992,7204,-976,150,-138,-13140,-5384,7876,-489,168,-108,0
2113.7523779869084,6988,7016,11880,-205,-150,138,6764,-9564,10552,-10,138,-199,-12704,5048,7164,-996,132,-76,-13164,-5660,7440,-496,149,-103,0
2113.7858080863953,7068,7108,11992,-190,-135,147,6656,-9724,10420,27,143,-194,-12756,5000,7064,-1084,166,-65,-13224,-5448,7700,-487,135,-97,0
2113.8194749355316,7068,7184,11820,-204,-155,152,6424,-9584,10608,34,149,-211,-12720,5112,7236,-1003,179,-87,-13012,-5856,7636,-476,175,-76,0
2113.8531100749974,6964,7096,11688,-218,-110,181,6664,-9512,10392,12,122,-209,-12704,5096,7204,-987,177,-83,-13068,-5532,7568,-498,100,-82,0
2113.886614084244,7204,7040,11884,-186,-160,156,6588,-9572,10376,-248,122,-194,-12780,4968,7180,-1025,132,-121,-13244,-5624,7720,-551,121,-103,0
2113.920161962509,7152,7112,11840,-210,-177,152,6728,-9560,10492,21,143,-191,-12732,4824,7228,-1003,145,-106,-13132,-5660,7568,-463,143,-108,0
2113.953558921814,7060,7064,11968,-173,-121,146,6648,-9580,10448,-23,130,-196,-12744,4676,7184,-951,167,-80,-13108,-5640,7632,-498,131,-107,0
2113.987247943878,7080,7120,11992,-186,-129,102,6656,-9600,10424,-65,147,-203,-12712,4884,7104,-952,164,-64,-13120,-5396,7600,-516,143,-137,0
2114.0207710266113,7372,7044,11908,-208,-80,110,6888,-9248,10548,-27,149,-157,-12724,5104,7000,-988,143,-75,-13224,-5480,7524,-495,89,-135,0
2114.0545711517334,7180,7120,11888,-95,-31,107,6752,-9472,10364,-62,146,-152,-12720,4624,7032,-972,92,-70,-13192,-5608,7624,-463,83,-128,0
2114.088263988495,7420,7060,11996,-164,-33,74,6572,-9528,10576,-41,179,-158,-12688,5004,7072,-1004,108,233,-13096,-5608,7728,-482,94,-141,0
2114.1217870712285,6928,6944,12216,-122,-33,119,6636,-9604,10520,-58,163,-159,-12664,5016,7028,-996,103,-16,-13124,-5556,7644,-507,111,-151,0
2114.154969930649,7208,7068,12016,-89,-32,70,6896,-9672,10660,-42,156,-187,-12728,4968,6912,-1267,127,-70,-13040,-5608,7660,-525,128,-117,0
2114.1887369155884,7088,7060,12160,-103,-34,100,6576,-9580,10728,-29,121,-189,-12664,4856,7020,-994,172,-96,-13076,-5612,7908,-764,168,-117,0
2114.2222521305084,7036,7368,11872,-76,-47,74,6636,-9484,10472,-54,114,-212,-12648,5076,7324,-1277,184,-65,-13140,-5488,7732,-501,134,-117,0
2114.2555000782013,7044,6916,11792,-160,-64,75,6680,-9584,10640,-37,149,-182,-12772,5056,7100,-976,112,-85,-13156,-5652,7716,-486,130,-140,0
2114.2933371067047,7144,7100,11916,-155,9,91,6756,-9652,10460,-45,132,-169,-12572,4988,6988,-998,97,-112,-13152,-5396,7868,-499,101,-139,0
2114.3292009830475,7164,7192,11868,-134,-22,96,6904,-9648,10260,-16,152,-167,-12724,4948,7076,-1007,127,-42,-13156,-5708,7700,-524,92,-119,0
2114.364333152771,7056,7160,11848,-105,-12,95,6600,-9572,10240,-53,144,-168,-12708,5072,7184,-972,114,-44,-13312,-5588,7844,-539,128,-126,0
2114.4003109931946,6988,7132,11940,-142,-42,79,6756,-9528,10496,-66,150,-183,-12672,5032,6956,-990,127,-91,-13096,-5416,7424,-496,119,-102,0
2114.4357600212097,7112,6932,11908,-143,-41,96,6648,-9568,10732,-44,148,-165,-12696,5100,7184,-1005,118,-80,-13156,-5688,7732,-501,133,-144,0
2114.4713940620422,7104,7100,11868,-125,-250,79,6644,-9564,10576,-32,144,-158,-12812,5064,7152,-985,132,-46,-13092,-5668,7716,-514,99,-146,0
2114.5074310302734,7072,6912,11812,-136,-21,95,6632,-9564,10432,-58,135,-178,-12812,5032,7160,-995,133,-56,-13272,-5404,7652,-524,108,-120,0
2114.5423719882965,7072,7172,11908,-141,-41,80,6444,-9556,10264,-72,153,-162,-12668,4968,7312,-978,130,-51,-13156,-5604,7756,-482,84,-111,0
2114.578681945801,7112,7032,11828,-150,-34,85,6620,-9556,10456,-37,142,-147,-12692,5076,7184,-1035,112,-17,-13252,-5636,7772,-502,117,-145,0
2114.614166021347,7052,7156,11800,-189,-25,119,6680,-9636,10376,-21,156,-138,-12724,4988,7104,-1051,134,-75,-13136,-5884,7844,-543,105,-158,0
2114.6497581005096,7068,7144,11952,-105,254,94,6576,-9564,10336,-29,141,-140,-12712,4948,7024,-1031,98,-58,-13156,-5668,7692,-516,114,-123,0
2114.684951066971,6936,7408,12196,-166,-35,71,6672,-9592,10516,-46,156,-166,-12804,5084,7000,-979,123,-26,-13136,-5604,7884,-478,129,-131,0
2114.721302986145,7052,7404,11804,-119,1,66,6844,-9644,10684,-44,160,-167,-12664,4920,7084,-980,93,-93,-13060,-5644,7704,-759,123,-141,0
2114.7575390338898,6984,7136,12244,-106,-4,109,6692,-9600,10744,-43,120,-145,-12668,5000,7048,-983,106,-63,-13132,-5768,7776,-768,133,-148,0
2114.792552947998,7004,7176,12008,-133,-2,77,6632,-9544,10552,-71,164,-160,-12704,4988,6996,-975,126,-91,-13140,-5656,7656,-509,119,-145,0
2114.827647924423,6992,7192,11996,-185,-27,96,6696,-9588,10500,-50,147,-187,-12560,5040,7392,-992,81,-63,-13120,-5540,7680,-530,134,-130,0
2114.8631970882416,7100,7088,11736,-135,-28,101,6664,-9628,10476,253,130,-166,-12688,5004,7160,-1012,136,-108,-13012,-5564,7900,-536,147,-126,0
2114.8986921310425,6972,7132,12016,-130,-7,109,6660,-9540,10476,-25,100,-191,-12784,4964,7120,-1010,137,-100,-13312,-5712,7456,-531,132,-142,0
2114.935060977936,7108,7056,11948,-150,-75,117,6680,-9528,10368,-31,154,-170,-12560,5024,7128,-980,116,-107,-12860,-5736,7800,-519,172,-137,0
2114.9688091278076,7048,7128,11816,-159,-25,117,6684,-9596,10492,-30,140,-187,-12760,5044,7080,-997,115,-84,-13184,-5580,7692,-258,135,-154,0
2115.0020990371704,7004,7160,12032,-203,-52,102,6700,-9728,10612,-40,151,-173,-12744,4988,6984,-1001,109,-54,-13040,-5696,7632,-544,132,-111,0
2115.035474061966,6924,7124,11908,-154,-44,115,6576,-9596,10384,-28,164,-189,-12684,4992,7408,-1003,81,-56,-13080,-5728,7664,-501,171,-125,0
2115.0692570209503,6960,7232,11784,-179,-22,98,6588,-9608,10696,-49,146,-182,-12644,5020,7120,-967,97,-114,-13156,-5648,7776,-536,131,-144,0
2115.1026401519775,7120,7132,11804,-198,-46,115,6624,-9628,10508,-25,139,-181,-12764,4984,6996,-982,83,-111,-13120,-5572,7884,-520,155,-117,0
2115.136076927185,7020,6916,11776,-194,-73,114,6616,-9632,10692,-33,144,-180,-12728,5124,7024,-1018,90,-73,-13116,-5664,7664,-566,176,-125,0
2115.1697390079494,6984,7072,11784,-193,-100,140,6420,-9716,10272,-20,123,-171,-12696,5048,7004,-992,115,-85,-13096,-5644,7828,-555,186,-108,0
2115.2034010887146,7008,6936,11976,-198,-107,148,6580,-9656,10536,-19,111,-202,-12676,5016,7124,-1001,134,-101,-13088,-5720,7696,-541,202,-117,0
2115.2369599342346,6708,7380,11872,-228,-142,149,6632,-9540,10576,-27,110,-230,-12712,5048,7324,-986,135,-124,-13280,-5568,7620,-536,182,-103,0
2115.270471096039,7032,7176,11900,-237,-107,188,6636,-9600,10428,-16,144,-168,-12668,5100,7188,-950,116,-112,-13108,-5676,7888,-560,168,-104,0
2115.3036439418793,7044,7224,11920,-253,-100,156,6716,-9884,10452,-18,143,-172,-12736,5088,7064,-1002,61,-108,-13176,-5680,7924,-552,160,-89,0
2115.3372321128845,7156,7124,11964,-295,-131,159,6548,-9624,10408,-5,130,-189,-12660,4992,7084,-984,120,-97,-13108,-5564,7464,-521,174,-100,0
2115.3707981109615,7060,7164,11840,-223,-71,130,6672,-9560,10436,26,121,-195,-12764,4992,7036,-965,115,-138,-13096,-5668,7856,-261,147,-87,0
2115.4042451381683,7164,6924,11948,-1,-131,137,6884,-9644,10536,-24,128,-219,-12792,5056,6952,-965,146,-158,-13148,-5616,7676,-538,197,-77,0
2115.437632083893,7352,7112,11804,-232,-121,165,6748,-9640,10392,15,101,-238,-12844,5004,6976,-1015,106,-148,-13124,-5616,7780,-516,223,-99,0
2115.4711949825287,7060,6916,11816,-220,-122,147,6632,-9476,10468,15,141,-193,-12760,5068,7092,-1017,110,-69,-13232,-5656,7584,-506,144,-112,0
2115.5047330856323,7020,7140,11888,-247,-121,174,6668,-9588,10488,6,139,-183,-12776,5188,6956,-1007,110,-58,-13116,-5720,7572,-506,116,-122,0
2115.538062095642,7076,7132,12100,-235,-80,157,6656,-9520,10572,-21,122,-201,-12756,5024,6980,-1010,107,-133,-13100,-5648,7680,-529,172,-91,0
2115.5716440677643,7044,7112,11924,-191,-92,154,6688,-9588,10504,6,100,-180,-12776,5092,7124,-1000,131,-163,-13064,-5608,7640,-533,203,-94,0
2115.605283021927,7128,6956,11920,-228,-153,178,6604,-9580,10672,31,109,-200,-12728,5060,7076,-997,168,-141,-13032,-5628,7780,-515,205,-76,0
2115.638598918915,6964,7116,11844,-213,-144,158,6612,-9604,10364,-8,75,-212,-12696,5056,7068,-1017,143,-96,-13196,-5716,7612,-525,199,-76,0
2115.6722490787506,7004,7064,11820,-237,-171,176,6884,-9592,10380,-22,95,-223,-12588,4876,7048,-1000,148,-117,-13188,-5672,7720,-761,187,-110,0
2115.705799102783,7044,7104,12016,-240,-139,148,6720,-9536,10612,-19,110,-213,-12776,5072,7112,-1003,113,-149,-13104,-5644,7612,-519,191,-115,0
2115.7390711307526,7076,7028,11932,-232,-163,145,6608,-9632,10580,14,112,-212,-12756,4980,7084,-1009,110,-126,-12864,-5392,7568,-528,163,-105,0
2115.772627115249,7072,7088,11972,-201,-106,152,6680,-9532,10396,-12,118,-194,-12832,5016,6988,-977,90,-72,-12824,-5684,7732,-502,162,-94,0
2115.8061490058894,7020,7080,11944,-209,-150,130,6652,-9544,10596,-252,134,-223,-12764,4952,7000,-964,135,-78,-13224,-5672,7664,-538,157,-83,0
2115.839818954468,7168,7024,11820,-213,-134,128,6708,-9256,10392,-4,143,-214,-12768,4916,6916,-1023,128,-84,-13104,-5588,7624,-487,171,-92,0
2115.8733959198,7060,7000,11892,-205,-118,130,6652,-9540,10584,-22,125,-196,-12876,4944,7108,-1012,135,-107,-13060,-5644,7664,-494,134,-103,0
2115.9067089557648,7056,7164,11900,-197,-102,143,6848,-9556,10264,-30,130,-198,-12712,4940,7096,-998,137,-100,-13188,-5704,7572,-516,128,-130,0
2115.9398000240326,7128,7100,11708,-151,-53,104,6716,-9504,10480,-55,132,-182,-12712,4624,7088,-997,102,-81,-12984,-5624,7544,-764,137,-129,0
2115.9776740074158,7148,7084,11840,-168,-32,100,6716,-9520,10596,-53,170,-183,-12668,4992,7000,-958,120,-80,-13204,-5856,7576,-477,108,-145,0
2116.0129020214085,7236,7088,11932,-171,-13,102,6728,-9620,10512,-53,147,-151,-12828,5032,6984,-1009,72,-58,-13220,-5688,7616,-520,103,-131,0
2116.049211025238,7080,7064,12180,-189,-39,84,6808,-9592,10520,-11,127,-163,-12752,5116,7012,-1025,95,-45,-13264,-5744,7568,-506,114,-147,0
2116.0845510959625,7148,7068,11708,-133,-8,79,6664,-9596,10300,-14,172,-138,-12712,4976,7332,-983,79,-53,-13200,-5668,7684,-502,103,-157,0
2116.1203389167786,7116,7052,11968,-87,-25,76,6664,-9696,10620,-74,155,-158,-12976,4864,7072,-982,58,-105,-13076,-5704,7676,-512,124,-135,0
2116.155498981476,7120,7056,11832,-143,-18,64,6728,-9560,10400,-52,157,-182,-12756,5004,7340,-998,86,-51,-13160,-5628,7708,-257,92,-140,0
2116.1918370723724,7196,7076,11776,-126,-7,74,6636,-9364,10512,-54,169,-159,-12696,4968,7264,-969,87,-47,-13104,-5884,7456,-481,112,-140,0
2116.2285029888153,6956,7084,11724,-137,-8,81,6876,-9640,10724,-71,166,-153,-12808,4892,6928,-998,121,-58,-13148,-5732,7476,-765,64,-147,0
2116.2637259960175,7176,7124,12140,-160,-46,104,6612,-9624,10560,-58,136,-142,-12696,4988,7348,-968,100,-54,-13116,-5692,7596,-518,105,-121,0
2116.299884080887,7144,7024,11892,-108,-57,107,6680,-9576,10704,-61,112,-164,-12796,4928,7084,-1006,114,-64,-13132,-5660,7804,-517,107,-126,0
2116.335473060608,7024,7020,11964,-146,-45,87,6656,-9532,10600,-14,127,-186,-12624,5004,7248,-985,127,-92,-13136,-5692,7668,-538,132,-118,0
2116.3711121082306,7020,7028,11988,-126,-47,110,6688,-9600,10472,-44,131,-183,-12760,5032,7040,-969,121,-75,-13152,-5760,7660,-489,133,-157,0
2116.4061949253082,7392,7164,11932,-152,-33,94,6884,-9632,10548,-58,147,-180,-12732,4924,6992,-958,99,-71,-13164,-5676,7424,-494,114,-138,0
2116.441852092743,7128,7072,11768,-157,5,92,6744,-9652,10288,-54,159,-175,-12664,5060,7128,-976,94,-29,-13060,-5748,7852,-261,112,-104,0
2116.477462053299,7080,7032,11868,-120,-34,111,6728,-9604,10424,-28,138,-148,-12728,4944,6980,-1010,85,-48,-13100,-5724,7688,-485,86,-147,0
2116.5134890079494,7020,7040,11912,-137,-41,80,6556,-9552,10568,-69,150,-162,-12680,4996,6940,-983,95,-104,-13144,-5720,7920,-499,128,-160,0
2116.5488669872284,7068,7100,12124,-111,-41,60,6616,-9584,10496,-55,155,-182,-12580,5096,7024,-1019,104,-54,-13108,-5692,7784,-491,110,-159,0
2116.5844299793243,6932,7076,11848,-108,-36,85,6552,-9600,10440,-39,140,-177,-12692,5036,6976,-1024,80,-64,-13032,-5624,7616,-507,131,-137,0
2116.6207690238953,7048,7068,11980,-121,-34,80,6628,-9572,10444,-31,108,-171,-12696,5024,7152,-1014,117,-83,-13068,-5752,7760,-488,127,-97,0
2116.6542789936066,7056,7060,12012,-109,-35,94,6888,-9568,10272,-24,151,-165,-12772,5016,7048,-990,137,-107,-13280,-5676,7788,-509,134,-156,0
2116.6878919601445,6936,7120,11908,-95,-37,96,6720,-9512,10544,-45,114,-181,-12720,5056,7100,-1011,143,-79,-13264,-5772,7612,-486,165,-128,0
2116.7215790748596,7008,7052,11952,-144,-34,102,6676,-9604,10632,-52,165,-168,-12672,5016,6672,-986,141,-43,-13084,-5788,7644,-505,122,-113,0
2116.754969120025,7188,7276,11964,-119,-35,107,6588,-9624,10636,-70,152,-159,-12736,5168,7088,-1007,114,-52,-13168,-5408,7792,-528,92,-124,0
2116.7883031368256,7040,7044,12036,-141,-13,109,6780,-9668,10464,-17,149,-150,-12816,4996,7208,-1045,90,-68,-13256,-5796,7524,-531,117,-121,0
2116.821711063385,6980,7112,11912,-142,-31,126,6600,-9644,10620,-6,144,-146,-12776,4920,7104,-1002,137,-78,-13084,-5728,7620,-501,133,-139,0
2116.855313062668,7032,7152,11860,-147,-48,107,6696,-9656,10464,-89,120,-168,-12816,4980,6936,-987,92,-96,-13004,-5764,7660,-486,127,-123,0
2116.888761997223,7036,7124,11836,-170,-64,79,6680,-9576,10732,-67,113,-182,-12764,5076,7088,-980,118,-63,-13188,-5788,7808,-492,141,-114,0
2116.9223830699925,7004,7152,11776,-130,-34,103,6864,-9656,10672,-47,159,-160,-12664,5120,6920,-992,130,-37,-13128,-5720,7656,-493,133,-118,0
2116.955831050873,6960,7392,11932,-143,-25,90,6712,-9640,10528,-71,124,-177,-12732,5360,6996,-989,148,-69,-13136,-5680,7740,-493,129,-138,0
2116.9894790649414,7044,7212,11916,-160,-57,98,6604,-9628,10544,-57,151,-178,-12768,5160,7012,-972,115,-82,-13116,-5740,7704,-492,113,-130,0
2117.0232219696045,6948,7140,11916,-145,-72,115,6580,-9616,10540,-51,123,-177,-12784,5096,6936,-1010,122,-114,-13064,-5700,7712,-268,131,-124,0
2117.0570011138916,7016,7148,11956,-132,-41,112,6588,-9520,10444,-6,124,-194,-12680,5048,7036,-1275,114,-59,-13112,-5768,7692,-499,158,-107,0
2117.09033703804,7076,7108,11848,-140,-29,141,6664,-9532,10468,-31,112,-183,-12748,4956,6700,-998,160,-63,-13144,-5700,7700,-519,167,-93,0
2117.1239619255066,7068,7232,12060,-152,-58,138,6808,-9680,10708,-19,114,-171,-12776,5036,7272,-1027,130,-81,-13128,-5724,7724,-463,158,-124,0
2117.1574621200566,6964,7132,11948,-189,-33,149,6652,-9644,10612,-22,142,-198,-12740,5364,7076,-960,123,-151,-13144,-5616,7632,-491,158,-124,0
2117.190896987915,7028,7396,12256,-228,-61,106,6712,-9620,10452,1,163,-199,-12784,4956,7128,-1013,111,-102,-13032,-5748,7812,-491,210,-115,0
2117.2245330810547,7044,7408,11840,-214,-112,140,6864,-9592,10484,-33,154,-212,-12556,5052,7008,-983,90,-89,-13056,-5780,7688,-492,175,-126,0
2117.2580010890965,6988,7112,11804,-214,-128,138,6572,-9500,10320,-72,149,-221,-12724,5048,7032,-976,112,-95,-13176,-5680,7660,-478,178,-133,0
2117.291585922241,6940,7080,12004,-231,-142,135,6532,-9588,10424,-18,150,-201,-12684,5040,6964,-1004,111,-146,-12856,-5876,7680,-484,191,-81,0
2117.324868917465,6916,7072,11832,-244,-128,134,6644,-9624,10748,-34,152,-205,-12768,5064,7084,-1010,117,-138,-12892,-5848,7708,-506,184,-95,0
2117.358479976654,7152,7064,11984,-220,-115,162,6860,-9572,10472,-4,145,-194,-12724,4992,6996,-769,119,-94,-13280,-5668,7660,-504,181,-55,0
2117.3916490077972,7016,7172,11968,-222,-114,174,6676,-9556,10472,7,124,-220,-12960,5028,6704,-988,122,-115,-13112,-5468,7740,-499,195,-94,0
2117.425286054611,6752,7056,11944,-200,-152,161,6620,-9584,10340,13,30,-231,-12852,5084,7172,-1087,219,-127,-13140,-5720,7828,-513,204,-54,0
2117.4585981369014,7124,6988,11996,-169,-128,172,6584,-9512,10260,-26,117,-224,-12772,5040,7056,-1004,116,-145,-13096,-5708,7436,-483,167,-99,0
2117.492094039917,7080,7024,11824,-202,-117,147,6600,-9532,10484,-253,131,-205,-12988,4984,7092,-981,124,-118,-13140,-5736,7604,-491,185,-107,0
2117.525638103485,7040,7108,11996,-257,-127,134,6628,-9640,10500,-30,160,-178,-12796,4984,7000,-972,91,-87,-13108,-5696,7700,-484,140,-78,0
2117.5590860843654,6912,7156,11968,-201,-93,172,6420,-9680,10316,-27,117,-193,-12768,5128,7184,-1027,129,-79,-13180,-5692,7756,-468,147,-77,0
2117.5926620960236,7072,7056,11956,-236,-131,154,6420,-9588,10468,41,125,-193,-12756,5064,7020,-1048,96,-156,-13112,-5736,7724,-501,172,-99,0
2117.625813961029,7004,7084,11884,-217,-144,123,6632,-9540,10372,-255,147,-218,-12772,5016,7000,-1023,121,-142,-13104,-5692,7500,-484,188,-81,0
2117.663838148117,6964,7140,11964,-192,-155,115,6900,-9596,10520,-20,129,-238,-13012,5108,7148,-1005,118,-178,-13096,-5688,7584,-492,246,-91,0
2117.6996791362762,7168,6972,11884,-219,-164,130,6712,-9616,10736,-16,113,-215,-12724,5040,7052,-1010,153,-117,-13124,-5572,7448,-495,154,-92,0
2117.7349281311035,7136,7024,11988,-209,-120,165,6412,-9500,10516,251,157,-188,-12696,5000,7124,-994,99,-103,-13084,-5708,7612,-475,135,-94,0
2117.771217107773,6980,7164,12000,-208,-109,165,6556,-9540,10548,-49,122,-183,-12824,5016,7000,-999,117,-67,-13148,-5600,7644,-502,141,-104,0
2117.807713031769,6984,7044,12140,-191,-136,164,6680,-9476,10520,-48,133,-194,-12748,5012,6656,-1009,113,-53,-13108,-5624,7488,-552,159,-99,0
2117.8429839611053,6932,6960,11936,-144,-106,141,6692,-9560,10492,-25,114,-189,-13020,4872,6916,-1018,130,-125,-13072,-5380,7608,-536,191,-88,0
2117.8839299678802,7040,6984,11956,-141,-138,164,6608,-9540,10448,-30,98,-209,-12672,4956,6912,-1001,166,-155,-13092,-5756,7616,-475,172,-89,0
2117.9200739860535,7100,7052,11948,-155,-133,118,6652,-9244,10540,-46,106,-190,-12752,4900,7060,-963,158,-87,-13144,-5724,7700,-491,147,-102,0
2117.9551141262054,7096,7060,11892,-140,-61,118,6708,-9672,10580,-72,131,-180,-12792,5008,6988,-973,111,-104,-13172,-5660,7604,-497,140,-132,0
2117.9904160499573,7096,7036,11900,-155,-73,108,6720,-9592,10568,-42,135,-186,-12836,4956,7140,-992,116,-52,-13160,-5764,7648,-530,92,-126,0
2118.025479078293,7004,7044,11972,-137,-46,74,6600,-9564,10472,-56,178,-160,-12828,4968,6908,-1000,64,-34,-13096,-5664,7620,-484,168,-137,0
2118.062214136124,7340,6920,11912,-130,-43,85,6696,-9536,10508,-70,131,-162,-13056,4940,7032,-987,106,-65,-13208,-5888,7800,-489,70,-137,0
2118.0974991321564,7060,7024,11892,-127,-20,77,6552,-9668,10508,-61,125,-151,-12824,5056,7052,-1012,74,-40,-13132,-5732,7584,-530,96,-144,0
2118.1336529254913,7032,7136,11944,-122,-28,88,6604,-9628,10380,-19,161,-187,-12764,4988,6984,-1026,100,-97,-12972,-5716,7596,-471,168,-125,0
2118.169631958008,7144,7108,11836,-56,-10,59,6628,-9580,10300,-80,158,-161,-12756,5016,7080,-975,104,-71,-12980,-5732,7572,-511,146,-117,0
2118.2050321102142,7032,7000,11948,-113,-44,78,6408,-9672,10408,-65,167,-179,-12864,5096,7036,-971,25,-105,-13168,-5744,7580,-506,137,-146,0
2118.2404561042786,7068,7128,11880,-129,-50,87,6584,-9692,10460,-57,173,-156,-12608,4976,7008,-987,120,-32,-13236,-5724,7616,-502,58,-96,0
2118.275861978531,7120,7124,11956,-108,36,104,6868,-9624,10600,-73,116,-128,-12736,5024,6928,-986,98,-246,-13036,-5724,7612,-522,69,-126,0
2118.311408042908,7072,7100,12112,-96,44,113,6872,-9652,10580,-73,102,-113,-12652,4968,7052,-985,134,-11,-13136,-5712,7696,-259,85,-131,0
2118.3447661399846,7056,7064,11944,-125,-21,75,6608,-9608,10388,-61,152,-174,-13028,5072,6912,-1019,93,-72,-13108,-5760,7460,-495,122,-156,0
2118.3783960342407,7016,7104,11864,-93,-41,83,6676,-9572,10624,-44,126,-182,-12800,5104,6972,-1024,128,-74,-13088,-5720,7628,-518,137,-128,0
2118.411814928055,6928,7144,11916,-111,-57,65,6784,-9700,10384,-29,155,-194,-12784,5056,7024,-1002,104,-75,-13116,-5816,7788,-497,145,-126,0
2118.445343017578,7012,7116,11972,-115,-48,72,6720,-9628,10372,-53,134,-183,-12616,5072,7020,-1023,119,-47,-13184,-5752,7668,-757,134,-125,0
2118.478917121887,6980,7108,11984,-121,-53,94,6736,-9692,10500,-42,143,-182,-12584,5008,6736,-995,117,-81,-13104,-5676,7696,-466,164,-129,0
2118.5126650333405,7056,7312,11776,-158,-30,85,6656,-9632,10468,-43,139,-180,-12684,5000,6668,-996,79,-81,-13104,-5692,7648,-475,110,-136,0
2118.5461909770966,7012,7192,12004,-151,-42,80,6736,-9708,10544,-50,181,-147,-12996,5016,7084,-995,86,-122,-13100,-5772,7564,-507,105,-134,0
2118.579931974411,7044,7192,11992,-121,-56,79,6668,-9572,10244,-30,170,-180,-12744,5040,6964,-1275,67,-74,-13268,-5748,7732,-508,135,-157,0
2118.6135120391846,7108,7192,11868,-128,-50,93,6832,-9656,10384,-38,139,-190,-12688,5096,6848,-1002,99,-69,-13164,-5760,7904,-498,107,-152,0
2118.6468789577484,7164,7108,12004,-139,-11,99,6624,-9572,10468,-25,130,-181,-12728,5016,6856,-994,124,-92,-13104,-5648,7576,-500,135,-114,0
2118.6803989410405,7072,7236,11956,-142,-43,110,6620,-9616,10452,-65,162,-203,-12684,4996,6984,-978,119,-117,-13104,-5696,7660,-261,126,-119,0
2118.7138791084294,7144,7388,11992,-149,-28,100,6428,-9576,10504,-25,155,-180,-12556,5064,6964,-995,102,-107,-13128,-5756,7608,-497,137,-132,0
2118.747430086136,6996,7160,11884,-140,-36,116,6660,-9628,10624,-39,137,-173,-12868,5096,7012,-984,119,-61,-13156,-5732,7676,-518,150,-121,0
2118.78106212616,7016,7032,11672,-133,-68,95,6596,-9692,10500,-51,155,-158,-12820,4928,7144,-979,106,-55,-13060,-5652,7720,-495,147,-135,0
2118.814563035965,7036,7164,11968,-152,-59,98,6604,-9644,10492,-36,173,-154,-12780,5144,7024,-993,137,-35,-13152,-5760,7716,-486,122,-115,0
2118.848315000534,6992,7160,11944,-132,-52,97,6632,-9600,10448,-50,135,-175,-12708,5188,7000,-769,113,-72,-13116,-5732,7732,-505,163,-106,0
2118.881487131119,6916,7084,11920,-130,-60,123,6680,-9496,10736,-52,154,-178,-12780,5360,7028,-1013,156,-28,-13140,-5732,7800,-768,116,-87,0
2118.9148719310765,7024,7060,11940,-132,-74,116,6688,-9700,10488,-34,151,-193,-12892,5164,6904,-989,139,-62,-13184,-5760,7660,-482,140,-101,0
2118.948287963867,6944,7144,11828,-158,-76,118,6680,-9520,10424,-28,133,-185,-12728,5072,7064,-1008,106,-85,-13188,-5748,7612,-500,132,-144,0
2118.9817230701447,6944,7096,11800,-102,-62,91,6852,-9640,10512,-20,133,-182,-12688,5056,6744,-1000,124,-106,-13216,-5756,7500,-510,148,-109,0
2119.0154471397404,6760,7136,12020,-140,-76,99,6592,-9652,10624,-29,157,-200,-12668,5028,7060,-979,115,-132,-13200,-5772,7700,-762,180,-114,0
2119.0493509769444,6936,7376,11828,-156,-59,100,6608,-9620,10572,-37,158,-178,-12800,5080,6868,-987,141,-69,-13312,-5732,7572,-491,123,-91,0
2119.0828289985657,6932,7140,11912,-155,-57,76,6652,-9716,10300,-52,157,-182,-12744,5372,7076,-984,95,-92,-13116,-5764,7644,-522,144,-136,0
2119.1164579391484,6920,7084,12040,-228,-44,90,6708,-9736,10564,2,145,-175,-12808,5112,6896,-1280,99,-38,-13148,-5796,7752,-764,130,-96,0
2119.149764060974,6948,7208,11900,-144,-38,128,6680,-9508,10508,-76,135,-169,-12820,4988,6928,-977,110,-67,-13132,-5836,7632,-489,99,-126,0
2119.1833319664006,6988,7216,11880,-133,-52,99,6656,-9600,10440,-62,147,-200,-12768,5080,6948,-973,114,-78,-12992,-5728,7424,-530,147,-117,0
2119.2171120643616,7072,7112,11944,-140,-63,110,6892,-9612,10328,-30,153,-173,-12736,4976,6904,-1036,118,-87,-13080,-5756,7688,-490,131,-117,0
2119.2506339550014,6976,7208,11780,-128,-20,103,6724,-9612,10448,-23,135,-149,-12860,5120,6956,-1002,107,-46,-12964,-5860,7620,-486,101,-126,0
2119.2839760780334,6892,7136,12056,-125,-24,117,6656,-9700,10436,-54,187,-155,-12676,5104,7036,-774,85,-66,-13048,-5756,7684,-472,148,-114,0
2119.3203229904175,6964,7208,11992,-176,-37,83,6540,-9652,10496,-65,157,-185,-12764,5012,6992,-978,107,-77,-12904,-5748,7708,-768,122,-75,0
2119.355633020401,6964,7252,11908,-130,-89,116,6532,-9608,10472,-15,134,-207,-12756,5120,6948,-1014,117,-114,-12996,-5736,7612,-514,186,-112,0
2119.3914539813995,7016,7148,11856,-146,-89,117,6588,-9636,10404,241,138,-204,-12740,5040,6984,-1004,132,-120,-13008,-5764,7724,-483,200,-103,0
2119.427761077881,7040,7196,12268,-169,-89,145,6632,-9660,10544,-25,124,-213,-12832,5120,7148,-1010,113,-83,-13148,-5776,7788,-496,156,-82,0
2119.4627430438995,6960,7156,12032,-210,-103,137,6576,-9612,10604,-19,123,-192,-13024,5096,6916,-1009,126,-144,-13116,-5680,7584,-503,186,-116,0
2119.4987530708313,6992,6916,12096,-190,-86,124,6520,-9584,10524,-22,143,-172,-12688,4876,6976,-990,113,-108,-13100,-5800,7772,-497,163,-99,0
2119.534168004989,6984,7356,11964,-193,-52,134,6532,-9548,10416,-62,175,-177,-12824,4992,7004,-978,93,-79,-13032,-5696,7700,-498,147,-140,0
2119.570057153702,7072,7176,11908,-188,-62,84,6676,-9652,10456,-65,170,-182,-12928,5128,6920,-998,97,-90,-12936,-5708,7712,-482,139,-123,0
2119.6048650741577,7084,7200,11876,-163,-69,104,6592,-9592,10684,-52,149,-182,-12744,5096,7080,-1007,120,-70,-12908,-5704,7512,-493,181,-93,0
2119.640394926071,6980,7096,11840,-170,-74,120,6588,-9604,10504,-48,132,-181,-12864,5016,7052,-1003,113,-82,-13132,-5672,7616,-464,14,-113,0
2119.6754751205444,7116,7192,11748,-143,-98,115,6668,-9680,10524,-18,145,-155,-12732,5020,7056,-1019,122,-66,-13104,-5764,7676,-263,138,-104,0
2119.7113239765167,6988,7316,11700,-165,-46,125,6852,-9580,10396,-14,125,-194,-12740,5112,6880,-1003,104,-62,-13048,-5892,7780,-479,165,-113,0
2119.7471129894257,6664,7248,11868,-189,-81,109,6616,-9652,10452,-73,173,-189,-12680,5076,6944,-994,165,-35,-13128,-5648,7716,-257,106,-118,0
2119.7822499275208,6756,7412,11964,-158,-60,125,6516,-9688,10444,-62,157,-160,-12748,5120,6860,-983,100,-70,-13120,-5872,7548,-766,138,-97,0
2119.81742310524,6964,7092,11848,-181,-65,132,6484,-9572,10496,-24,114,-174,-12748,5088,6916,-1008,102,-58,-13068,-5808,7736,-506,137,-122,0
2119.853310108185,6860,7164,11944,-175,-63,116,6476,-9640,10692,-37,135,-176,-12672,5096,7000,-1002,109,-102,-13124,-5808,7612,-500,109,-91,0
2119.8887751102448,7032,7184,11880,-132,-82,105,6560,-9724,10272,-72,132,-205,-12800,4932,6976,-969,96,-61,-13064,-5700,7500,-517,148,-134,0
2119.9240231513977,6756,7368,11912,-169,-71,101,6648,-9560,10420,-52,154,-197,-12872,5036,6952,-983,110,-111,-13092,-5724,7524,-469,141,-91,0
2119.961035013199,7012,7172,12032,-112,-45,143,6640,-9596,10336,-33,130,-184,-12776,5072,6812,-1032,102,-52,-13100,-5820,7768,-488,133,-102,0
2119.994477033615,6908,7144,11956,-172,-53,124,6608,-9684,10724,-59,122,-162,-12776,5008,7020,-995,82,-43,-12884,-5660,7632,-485,84,-124,0
2120.0282001495366,6972,7408,12080,-144,-28,115,6576,-9620,10412,-47,156,-160,-12828,5072,6956,-981,74,-66,-13132,-5708,7668,-516,124,-134,0
2120.0617821216583,6668,7132,11932,-142,-52,111,6644,-9660,10592,-25,156,-169,-12808,5116,6956,-995,87,-83,-12912,-5748,7564,-494,147,-110,0
2120.09544301033,6892,7192,12012,-186,-101,120,6568,-9644,10448,-3,150,-200,-12724,5048,6932,-1001,104,-121,-12996,-5796,7640,-485,199,-92,0
2120.1290550231934,6980,7236,11936,-210,-137,125,6592,-9616,10252,10,161,-227,-12684,5140,6932,-996,115,-122,-13108,-5756,7772,-491,179,-84,0
2120.1624159812927,6936,7220,11916,-244,-177,152,6628,-9664,10484,-21,143,-227,-12752,5136,6800,-963,126,-121,-12832,-5644,7696,-486,177,-88,0
2120.1981060504913,7040,7164,11880,-199,-185,146,6552,-9628,10400,-30,146,-211,-12784,5044,7132,-996,95,-141,-13072,-5800,7628,-492,205,-95,0
2120.2318210601807,7148,6928,11528,-220,-182,157,6644,-9620,10528,-253,111,-209,-12732,4876,6836,-1001,93,-105,-13072,-5780,7780,-507,201,-110,0
2120.2655940055847,6984,6996,12064,-243,-160,140,6504,-9652,10468,-34,133,-181,-12964,4984,6916,-984,118,-141,-12944,-5740,7876,-495,175,-87,0
2120.2991549968724,6956,7032,11884,-230,-157,172,6648,-9704,10268,-9,149,-205,-12748,5092,7032,-1004,95,-120,-13096,-5668,7724,-486,163,-97,0
2120.332638025284,6996,7092,12116,-242,-166,142,6888,-9676,10324,255,151,-220,-12592,4960,6952,-1019,116,-96,-13080,-5772,7592,-259,211,-104,0
2120.3660690784454,7112,7204,11720,-209,-162,180,6560,-9640,10412,21,106,-205,-12748,4972,6888,-1037,112,-114,-13176,-5768,7828,-507,194,-69,0
2120.3998870849614,7048,7068,12104,-207,-200,168,6588,-9640,10520,12,136,-221,-12628,5084,7108,-1028,145,-175,-12808,-5700,7640,-490,208,-65,0
2120.433440923691,7092,7056,11788,-268,-207,167,6708,-9476,10560,-33,147,-222,-12980,5032,6972,-993,112,-145,-13136,-5752,7680,-463,189,-90,0
2120.46697306633,6992,7100,11852,-220,-182,155,6688,-9680,10424,-15,139,-175,-12768,5120,6928,-1001,88,-93,-13168,-5780,7544,-260,156,-99,0
2120.5004911422734,7000,7064,11864,-267,-145,170,6612,-9632,10468,19,140,-203,-12852,4992,7020,-1036,112,-99,-13212,-5748,7436,-500,144,-109,0
2120.5339710712433,6968,7108,11968,-223,-177,158,6828,-9632,10544,16,158,-180,-12692,5028,6996,-990,104,-83,-13172,-5792,7716,-478,126,-100,0
2120.5676510334015,7056,6972,11872,-216,-170,141,6556,-9652,10344,-12,143,-241,-12804,5108,6936,-1027,104,-121,-13304,-5720,7596,-477,229,-109,0
2120.6011600494385,7096,6976,12136,-243,-194,135,6584,-9640,10728,9,138,-243,-12796,5040,6700,-1046,163,-165,-13132,-5880,7452,-486,174,-53,0
2120.6345040798187,7028,7004,11796,-214,-173,177,6704,-9528,10440,-8,139,-202,-12744,4980,6980,-1026,141,-120,-13200,-5848,7636,-492,156,-57,0
2120.668095111847,7012,7108,11932,-210,-136,167,6620,-9616,10464,-1,116,-190,-12752,4996,6676,-1002,95,-122,-13228,-5640,7656,-517,148,-105,0
2120.7018809318542,6908,7088,11852,-199,-133,158,6620,-9584,10596,-37,147,-190,-12760,4984,7116,-983,123,-139,-13148,-5756,7596,-519,146,-91,0
2120.735438108444,7144,7052,11660,-122,-131,133,6804,-9612,10740,-45,112,-211,-12768,5040,6888,-989,116,-124,-13036,-5712,7588,-547,182,-120,0
2120.768929004669,6988,7128,11820,-164,-146,148,6536,-9576,10588,-6,119,-215,-12764,5024,6848,-1270,160,-109,-13060,-5668,7560,-490,178,-108,0
2120.802645921707,6924,7100,11876,-125,-130,130,6560,-9564,10556,-63,112,-210,-12752,5084,6728,-974,131,-122,-13112,-5732,7476,-494,140,-98,0
2120.836250066757,6924,7064,11844,-143,-107,108,6620,-9632,10484,-57,112,-183,-13020,5060,6808,-993,123,-84,-13288,-5696,7620,-479,122,-110,0
2120.8696999549866,7248,7076,11936,-98,-41,94,6696,-9536,10280,-78,148,-165,-12868,5052,7008,-1037,98,-55,-13148,-5676,7660,-503,85,-126,0
2120.902727127075,7196,7172,11996,-105,-23,83,6772,-9664,10460,-17,153,-130,-12736,5076,6788,-1010,71,-69,-13204,-5764,7560,-498,126,-153,0
2120.9364669322968,7076,7132,11956,-65,15,75,6648,-9604,10448,-63,141,-159,-12720,4992,7056,-999,85,-61,-13120,-5736,7620,-495,124,-139,0
2120.9697699546814,7132,7192,11884,-95,-31,71,6628,-9548,10484,-98,128,-198,-12768,5020,7168,-978,79,-65,-13244,-5804,7556,-497,131,-143,0
2121.0061271190643,7104,7044,11936,-79,-18,54,6684,-9588,10464,-82,152,-157,-12828,5076,6984,-1021,115,-104,-12808,-5720,7700,-519,89,-165,0
2121.041829109192,7024,7028,11868,-64,11,71,6844,-9688,10252,-62,170,-155,-12756,4956,6992,-1021,59,-49,-13064,-5792,7560,-502,136,-127,0
2121.077769994736,6980,7096,11988,-100,-28,72,6608,-9656,10552,-51,126,-176,-12784,5048,6852,-996,109,-54,-13024,-5756,7720,-469,126,-105,0
2121.112720966339,7100,7148,11948,-111,-255,81,6552,-9496,10356,-85,137,-185,-12780,4876,6992,-987,98,-56,-13108,-5700,7500,-494,91,-115,0
2121.1481590270996,6984,7148,11664,-117,-32,96,6616,-9660,10564,-48,163,-162,-12856,5016,6856,-1044,53,-88,-13132,-5748,7468,-528,128,-140,0
2121.182948112488,7104,7120,11944,-120,-34,84,6680,-9544,10436,-21,123,-166,-12752,4936,7220,-1028,98,-58,-13052,-5804,7684,-521,104,-142,0
2121.2181260585785,7068,7156,11924,-64,-6,79,6708,-9656,10388,-75,102,-171,-13040,5016,6868,-987,93,-62,-13172,-5792,7660,-509,103,-148,0
2121.2534749507904,7212,7176,11840,-127,-4,65,6712,-9640,10348,-89,154,-175,-12800,4992,6992,-983,77,-57,-13156,-5704,7580,-506,114,-144,0
2121.2887561321254,7040,7164,11884,-90,4,65,6620,-9612,10356,-84,167,-151,-13016,5320,6992,-1007,52,-61,-13036,-5880,7544,-507,111,-136,0
2121.3241629600525,6944,7412,11880,-90,19,86,6564,-9596,10396,-45,169,-126,-12792,5120,6948,-989,68,-68,-13072,-5492,7464,-487,121,-130,0
2121.3597650527954,6972,7188,11896,-88,11,84,6632,-9724,10440,-79,145,-151,-12744,5000,7044,-972,73,-71,-13092,-5860,7720,-489,80,-138,0
2121.395084142685,7052,7388,11892,-107,-244,86,6576,-9644,10460,-98,154,-166,-12792,5104,7056,-1008,71,-47,-13036,-5664,7932,-515,123,-134,0
2121.4311940670013,6940,7168,12064,-92,-35,70,6596,-9664,10600,-37,135,-171,-13040,5088,6980,-1026,132,-99,-13308,-5676,7604,-528,121,-120,0
2121.466019153595,6960,7204,11828,-63,-16,72,6888,-9672,10516,-30,133,-176,-12756,5096,7116,-1026,130,-88,-12824,-5660,7756,-517,160,-113,0
2121.5022690296173,6968,7240,11904,-101,-48,80,6664,-9704,10572,-70,128,-187,-12720,5136,7008,-960,139,-87,-13016,-5768,7632,-475,127,-119,0
2121.5374419689174,7096,7212,11884,-120,-8,95,6708,-9708,10412,-64,127,-166,-13000,5168,6924,-951,125,-74,-13124,-5680,7888,-497,135,-118,0
2121.572674036026,6964,7184,11872,-118,-51,94,6660,-9612,10408,-38,137,-170,-12720,5040,6956,-989,110,-58,-13232,-5872,7684,-480,160,-150,0
2121.6087300777435,6704,7416,11964,-115,-58,90,6572,-9640,10560,-45,137,-176,-12848,5076,6972,-1015,132,-93,-12996,-5968,7716,-522,106,-82,0
2121.6452910900116,7136,7364,11912,-116,-46,87,6672,-9616,10484,-71,178,-186,-12780,4904,6876,-998,101,-85,-13020,-5772,7616,-477,144,-135,0
2121.6788079738617,7064,7320,11844,-135,-59,71,6840,-9704,10400,-51,145,-179,-12576,4996,7080,-993,101,-91,-13112,-5732,7668,-505,151,-137,0
2121.712408065796,6920,7172,11904,-124,-28,92,6760,-9528,10256,-50,219,-166,-12792,5136,6840,-972,45,-121,-13116,-5788,7716,-501,137,-159,0
2121.745859146118,6920,7124,11928,-114,-50,106,6456,-9652,10404,-29,147,-189,-12796,5036,7016,-976,78,-81,-13040,-5816,7872,-478,146,-136,0
2121.77943611145,6804,7308,11940,-130,-60,117,6556,-9612,10612,-58,139,-198,-13012,5064,6988,-994,133,-73,-13072,-5780,7916,-492,137,-125,0
2121.812835931778,6896,7260,11884,-118,-33,122,6584,-9612,10244,-80,122,-179,-12780,5112,6956,-967,99,-61,-13280,-5756,7932,-470,137,-102,0
2121.846248149872,7032,7196,11844,-156,-82,111,6596,-9712,10472,-45,149,-168,-12668,4928,6976,-1016,94,-92,-12876,-5720,7700,-257,154,-124,0
2121.8799979686737,6944,7232,11756,-212,-66,132,6532,-9768,10488,255,160,-163,-12844,5044,6944,-1054,87,-105,-13020,-5768,7500,-469,132,-76,0
2121.913330078125,6872,7360,11928,-168,-38,126,6624,-9676,10524,-44,123,-171,-12756,4896,7160,-1017,91,-90,-13080,-5856,7448,-504,127,-116,0
2121.94673705101,6916,7240,11788,-210,-84,144,6528,-9664,10456,-46,120,-201,-12640,5168,6924,-995,84,-82,-13072,-5700,7836,-499,187,-136,0
2121.9803829193115,6972,7220,11876,-181,-108,151,6588,-9724,10348,-23,164,-195,-12548,4872,6960,-1023,106,-103,-12864,-5828,7644,-473,199,-102,0
2122.0136849880214,6892,7260,11888,-200,-108,137,6576,-9672,10468,-256,139,-196,-12808,5112,6972,-1015,94,-106,-12864,-5852,7672,-456,209,-86,0
2122.047259092331,7056,7240,12060,-224,-131,155,6504,-9568,10416,-58,145,-185,-12740,5076,6980,-960,133,-120,-13016,-5804,7728,-472,151,-97,0
2122.081007003784,6972,6952,11868,-247,-128,143,6532,-9560,10436,-39,144,-204,-12724,5180,6932,-1005,98,-107,-13088,-5688,7684,-494,179,-122,0
2122.1144840717316,7008,7216,11812,-203,-115,172,6572,-9964,10476,-13,136,-209,-12816,5100,6860,-1027,118,-122,-12964,-5680,7564,-524,195,-87,0
2122.1476781368256,7044,7212,11796,-248,-174,170,6504,-9652,10416,17,133,-214,-12824,4996,6984,-1024,144,-149,-13000,-5680,7732,-499,193,-89,0
2122.1812341213226,6992,7264,11956,-210,-152,139,6588,-9652,10248,-24,96,-212,-12812,5036,7032,-1030,124,-141,-13176,-5788,7924,-485,184,-69,0
2122.2147591114044,7004,7208,11872,-240,-148,186,6576,-9616,10504,-2,115,-216,-13028,5336,6972,-979,109,-142,-13152,-5712,7688,-483,170,-90,0
2122.2481410503387,7096,7096,11900,-221,-115,147,6604,-9640,10424,-9,200,-215,-12948,4916,7072,-1001,95,-105,-13136,-5736,7600,-494,218,-91,0
2122.281731128692,6948,6936,11832,-242,-137,161,6404,-9660,10492,-27,111,-218,-12800,4984,6924,-973,126,-130,-12868,-5868,7584,-483,172,-99,0
2122.3152360916138,7080,7356,11808,-239,-114,171,6536,-9556,10428,-1,116,-204,-12768,4988,7100,-1016,107,-150,-12840,-5804,7652,-463,201,-94,0
2122.3486180305486,7104,7252,11852,-228,-160,149,6616,-9664,10560,-29,132,-205,-12840,5000,7076,-1009,99,-125,-13084,-5764,7644,-487,173,-98,0
2122.382015943527,7164,7140,11788,-224,-136,138,6648,-9580,10416,-21,123,-195,-12792,5040,7152,-1073,99,-71,-13108,-5664,7616,-500,170,-110,0
2122.415490150452,7032,7384,11924,-253,-191,183,6580,-9524,10312,35,140,-206,-12732,5100,6940,-1037,170,-135,-13204,-5828,7612,-492,190,-86,0
2122.4487590789795,7004,7200,11924,-165,-139,166,6620,-9676,10540,-13,158,-211,-12696,4896,6880,-988,90,-154,-12812,-5700,7596,-495,178,-90,0
2122.4823291301727,7160,7068,11932,-184,-157,151,6568,-9648,10492,-15,114,-210,-12564,4900,6936,-999,90,-109,-13160,-5692,7608,-500,189,-118,0
2122.5158331394196,7008,7148,12020,-214,-154,172,6600,-9596,10496,-10,120,-196,-12756,5064,7160,-1274,112,-89,-13148,-5708,7636,-486,146,-84,0
2122.5491700172424,7108,7152,11980,-194,-87,151,6548,-9600,10400,-28,96,-174,-12776,4944,6912,-1013,138,-61,-12864,-5832,7884,-502,126,-105,0
2122.5826489925385,7060,7148,11816,-173,-74,163,6608,-9632,10384,-40,141,-170,-12664,4912,7068,-1036,98,-106,-13120,-5824,7464,-508,141,-100,0
2122.616389989853,7008,7140,11924,-177,-90,159,6908,-9608,10484,-67,137,-186,-12784,5032,7072,-1004,65,-124,-13100,-5744,7560,-488,154,-110,0
2122.6496860980988,7124,7060,11964,-138,-114,114,6728,-9632,10264,-63,119,-199,-12732,5032,6700,-1010,44,-64,-13024,-5776,7632,-479,186,-140,0
2122.6860949993134,7112,7176,12048,-137,-97,109,6676,-9612,10480,-65,130,-221,-12772,5052,7156,-1012,96,-102,-13064,-5744,7844,-483,187,-92,0
2122.721876144409,7128,7096,11996,-142,-81,77,6596,-9640,10440,-62,112,-228,-12740,5152,6924,-1006,118,-127,-13148,-5712,7628,-484,150,-138,0
2122.7580530643463,7136,7068,11916,-162,-19,102,6708,-9600,10612,-43,124,-146,-12796,5084,6860,-983,72,-51,-13148,-5704,7628,-499,110,-158,0
2122.793275117874,7088,7164,11968,-128,-52,86,6448,-9568,10492,-73,145,-173,-12848,5104,6880,-991,77,-76,-13240,-5756,7628,-478,110,-127,0
2122.8293199539185,7104,7084,11928,-91,-42,107,6592,-9652,10552,-86,140,-168,-12576,4980,6992,-1012,71,-33,-13176,-5796,7684,-509,129,-144,0
2122.8649871349335,7032,7072,11848,-72,-47,84,6604,-9592,10692,-80,135,-170,-12744,5020,7092,-1016,77,-74,-12880,-5804,7848,-516,107,-128,0
2122.9050030708313,7040,7200,11704,-70,-19,84,6640,-9656,10280,-76,114,-176,-12788,5112,7028,-992,69,-61,-12808,-5772,7660,-489,118,-144,0
2122.94127702713,7132,7184,12028,-65,-13,81,6504,-9692,10528,-83,159,-143,-12568,5096,6904,-1009,46,-69,-13120,-5692,7596,-490,88,-136,0
2122.9773659706116,7024,7256,11948,-110,-15,82,6616,-9724,10508,-98,163,-170,-12836,5084,6960,-773,27,-56,-13084,-5852,7600,-470,120,-144,0
2123.0128540992737,7032,7136,12240,-105,-24,72,6548,-9656,10432,-73,165,-150,-12744,5044,6972,-972,247,-60,-13060,-5828,7924,-475,117,-134,0
2123.0492129325867,6956,7152,11864,-82,-27,71,6884,-9504,10556,-129,139,-152,-12800,5052,6880,-959,11,255,-13272,-5816,7848,-483,100,-150,0
2123.0849211215973,7052,7296,11828,-76,-22,65,6640,-9668,10492,-119,136,-151,-12748,5004,6872,-930,-50,-15,-13016,-5676,7668,-490,113,-133,0
2123.1212151050568,7036,7228,12000,-69,-8,90,6904,-9484,10740,-164,98,-119,-12564,5056,6996,-952,-127,-52,-13196,-5792,7572,-462,92,-125,0
2123.156149148941,7028,7208,11908,-36,-30,77,6616,-9904,10472,-207,124,-125,-12632,5076,6892,-880,-164,-28,-13120,-5744,7684,-468,130,-134,0
2123.1919579505925,7064,7292,11604,27,-31,78,6604,-9744,10344,-3,114,-144,-12756,5072,6812,-687,-152,-59,-13076,-5720,7848,-482,67,-145,0
2123.2278809547424,6928,7176,11772,11,-255,73,6588,-9788,10512,-217,80,-149,-12748,5140,7156,-841,81,-117,-13080,-5844,7676,-431,135,-135,0
2123.263165950775,6960,7252,11648,-242,-28,39,6468,-9968,10452,-278,85,-156,-12744,4912,7088,-842,-201,-38,-13272,-5748,7528,-488,86,-151,0
2123.2987649440765,7076,7284,11892,45,1,30,6452,-9652,10396,-197,124,-169,-12756,5104,6920,-822,-65,-73,-13140,-5764,7648,-460,55,-129,0
2123.334690093994,7004,7360,11732,29,59,32,6668,-9784,10524,-162,65,-147,-12724,5176,6964,-899,-75,-114,-12896,-5636,7796,-453,88,-160,0
2123.3683130741124,6840,7204,11864,-51,40,24,6568,-9820,10588,-107,144,-106,-12664,5208,7076,-1006,-31,-60,-12836,-5708,7680,-479,52,-145,0
2123.4015650749207,6972,7216,11540,-46,32,82,6548,-9684,10440,-113,76,-151,-12748,5332,7220,-895,-254,-56,-13104,-5888,7784,-478,41,-101,0
2123.4352300167084,6916,7608,11932,49,12,63,6696,-9752,10148,-159,93,-169,-12724,5084,6964,-920,28,-90,-13080,-5624,7576,-509,95,-80,0
2123.4686930179596,7120,7632,11876,-75,-51,95,6640,-9836,10336,-134,63,-191,-12672,5180,7100,-939,12,-91,-13048,-5744,7648,-432,123,-67,0
2123.5020790100098,6912,7308,11664,-22,22,84,6424,-9844,10280,-136,101,-151,-12672,5240,7176,-881,16,-93,-12976,-5680,7828,-472,80,-141,0
2123.5356600284576,6928,7332,11932,-19,245,81,6712,-9792,10304,-133,164,-148,-12644,4984,7060,-852,59,-70,-13016,-5764,7764,-449,63,-117,0
2123.569231033325,6768,7676,11880,-74,-23,67,6488,-9864,10380,-197,157,-134,-12652,5156,7004,-830,54,-47,-12832,-5760,7928,-420,96,-98,0
2123.602838039398,6924,7244,11868,-54,-28,75,6600,-9868,10344,-162,161,-182,-12624,4892,7060,-891,98,-101,-12856,-5788,7732,-454,115,-92,0
2123.636032104492,6948,7404,11844,-107,-96,88,6472,-9784,10328,-114,135,-196,-12612,5176,7188,-907,181,-121,-12972,-5756,7608,-460,241,-130,0
2123.6697320938106,6860,7348,11844,-137,-166,101,6456,-9796,10296,-104,166,-232,-12584,5128,7164,-872,466,-172,-12992,-5844,7920,-445,309,-124,0
2123.7032799720764,6996,7372,11800,-217,-294,106,6588,-9812,10236,-156,265,-219,-12648,5120,7404,-1012,174,-101,-13132,-5776,7824,-505,511,-101,0
2123.7370131015778,6900,7404,11912,-512,-241,86,6544,-9828,10424,-190,111,-181,-13044,5152,7016,-859,172,-83,-13028,-5720,7784,-413,202,-49,0
2123.7705910205846,7068,7340,11912,-264,-203,122,6484,-9948,10300,-122,220,-237,-12692,5152,7012,-889,309,-156,-13032,-5748,7840,-428,276,-65,0
2123.804151058197,6960,7392,11544,-278,-231,146,6620,-9812,10320,-137,191,-232,-12656,5088,7132,-934,138,-91,-13116,-5792,7712,-396,211,-80,0
2123.8376359939575,6932,7340,11732,-220,-223,148,6404,-9792,10444,-87,157,-228,-12676,5132,7036,-975,107,-148,-13088,-5712,7700,-411,178,-57,0
2123.8712379932404,6948,7276,11984,-244,-157,143,6644,-9848,10364,-44,167,-233,-12632,5252,7132,-1015,117,-121,-13168,-5876,7804,-422,203,-58,0
2123.9043669700623,6876,7220,12016,-218,-165,138,6564,-9840,10324,-11,141,-223,-12772,5240,6956,-1060,83,-116,-13076,-5704,7796,-470,217,-85,0
2123.9379649162292,6964,7268,11896,-184,-178,158,6876,-9820,10420,1,171,-224,-12768,5144,6968,-1084,98,-145,-13176,-5740,7500,-495,167,-104,0
2123.9715609550476,7080,7592,11804,-183,-173,181,6572,-9752,10060,254,197,-216,-12816,5228,7084,-1040,142,-149,-13088,-5688,7736,-467,201,-95,0
2124.005171060562,7132,7316,11804,-210,-192,170,6624,-9788,10304,-15,157,-235,-12712,5072,7168,-1057,192,-165,-13200,-5708,7544,-437,162,-49,0
2124.038948059082,6972,7248,11900,-218,-182,185,6668,-9896,10264,-15,64,-214,-12780,5140,7160,-775,109,-125,-13204,-5664,7756,-451,101,-88,0
2124.0725769996643,6996,7260,11692,-234,-192,183,6600,-9812,10472,23,131,-199,-12844,5168,7000,-1091,84,-73,-13204,-5744,7516,-480,80,-123,0
2124.1061811447144,6956,7308,11964,-298,-206,190,6556,-9800,10428,52,148,-209,-12828,5172,6768,-1057,123,-97,-13120,-5788,7500,-480,99,-115,0
2124.1394970417023,6976,7288,11756,-212,-181,143,6508,-9868,10296,55,153,-229,-12648,5128,7072,-774,147,-165,-13072,-5852,7552,-523,134,-135,0
2124.172959089279,6952,7280,11560,-224,-202,118,6600,-9808,10248,67,137,-236,-12644,5260,6956,-773,178,-163,-13112,-5552,7440,-530,196,-121,0
2124.2065031528473,7132,7228,11816,-213,-184,157,6520,-9748,10256,89,71,-229,-12700,5148,7008,-1052,187,-136,-13132,-5872,7700,-457,107,-136,0
2124.2399320602417,7140,7232,11532,-169,-146,215,6648,-9780,10616,153,75,-172,-12644,5120,7088,-1034,228,-116,-13060,-5836,7600,-451,83,-138,0
2124.273499965668,7104,7356,12024,-3,-173,222,6544,-9648,10440,71,65,-203,-12704,4864,7052,-1027,224,-110,-13108,-5704,7692,-422,124,-125,0
2124.3070940971375,7108,7296,11932,-254,-178,203,6504,-9864,10392,50,72,-189,-12684,5184,6664,-997,226,-142,-13084,-5756,7848,-434,113,-98,0
2124.340404987335,7092,7268,11584,-261,-165,217,6524,-9772,10336,53,124,-233,-12808,4920,6908,-976,172,-159,-13016,-5624,7580,-408,167,-73,0
2124.378550052643,7144,7172,11700,-272,-163,203,6416,-9768,10460,84,98,-232,-12716,4868,6860,-1020,209,-130,-13052,-5716,7812,-411,145,-117,0
2124.4137189388275,7180,7276,11848,-285,-139,185,6664,-9672,10428,57,174,-202,-12896,5060,6900,-997,117,-93,-13172,-5724,7620,-416,244,-119,0
2124.449298143387,7152,7296,11764,-260,-35,145,6596,-9700,10428,77,170,-201,-12680,5052,6940,-1041,90,-67,-13060,-5660,7632,-479,198,-132,0
2124.484111070633,7160,7304,11856,-223,38,86,6604,-9604,10324,78,187,-164,-12820,5016,7160,-1077,59,-78,-13076,-5752,7564,-378,182,-124,0
2124.5190579891205,6968,7276,11700,-231,110,96,6676,-9612,10492,79,195,-168,-12852,5104,7028,-1015,25,-89,-13092,-5772,7760,-367,226,-170,0
2124.5549581050873,7060,7216,11828,-288,139,72,6536,-9484,10332,59,185,-181,-12732,4928,7016,-995,20,-90,-13160,-5644,7784,-370,216,-121,0
2124.5909740924835,7120,7180,11924,-247,144,76,6744,-9688,10392,24,175,-169,-12748,5096,6904,-998,50,-109,-13176,-5608,7636,-466,175,-145,0
2124.627263069153,7064,7224,11884,-227,96,111,6552,-9896,10424,244,152,-177,-12716,5160,6796,-1021,88,-51,-13108,-5740,7476,-531,182,-152,0
2124.661911010742,6968,7192,11952,-198,34,83,6648,-9768,10304,-6,125,-180,-12632,5040,7064,-941,81,-95,-13080,-5748,7668,-463,180,-152,0
2124.6974401474,7012,7200,12000,-181,245,120,6584,-9780,10444,-56,179,-170,-12836,5300,6948,-907,64,-23,-13104,-5688,7620,-467,158,-156,0
2124.7328691482544,7036,7208,11876,-139,-20,94,6640,-9764,10464,-72,121,-154,-12724,5224,6932,-907,49,-83,-13216,-5580,7728,-492,128,-138,0
2124.7689731121063,6940,7204,11908,-115,-256,104,6532,-9828,10268,-65,161,-145,-12796,5124,7016,-897,102,-75,-13116,-5848,7872,-476,149,-162,0
2124.803920984268,7084,7324,11656,-132,-14,99,6596,-9916,10468,-65,162,-131,-13004,5020,7160,-927,74,-44,-13124,-5676,7928,-519,107,-159,0
2124.8399491310124,7084,7220,11860,-99,-28,68,6488,-9948,10356,-161,148,-141,-12872,5044,7060,-861,32,-71,-13172,-5708,7664,-509,105,-141,0
2124.8755650520325,7072,7236,11916,-140,-68,77,6616,-9508,10240,-124,148,-175,-12668,5284,6888,-952,92,-85,-13220,-5856,7664,-497,94,-152,0
2124.911838054657,7052,7296,11820,-70,-67,78,6600,-9708,10372,-125,139,-146,-13048,5120,7032,-959,44,-46,-13064,-5756,7760,-494,73,-144,0
2124.9480860233307,6988,7256,11764,-87,-71,72,6400,-9800,10492,-124,155,-134,-12708,5132,6660,-964,81,-61,-12832,-5792,7616,-490,14,-133,0
2124.9835131168365,6900,7240,11664,-84,-105,93,6616,-9748,10320,-132,124,-142,-12700,5196,7016,-982,82,-83,-13140,-5776,7440,-494,25,-135,0
2125.019436120987,6940,7264,11872,-56,-88,74,6568,-9816,10256,-139,131,-144,-12752,5176,6912,-1015,93,-41,-12824,-5864,7592,-591,-16,-139,0
2125.052982091904,6984,7264,11840,-55,-117,81,6524,-9788,10472,-93,92,-161,-12616,5160,6992,-1010,131,-52,-13044,-5708,7700,-577,40,-118,0
2125.086681127548,7128,7216,11776,-7,-109,81,6532,-9488,10356,-107,59,-154,-12388,5372,7164,-1041,111,-51,-12972,-5696,7480,-560,14,-108,0
2125.120345115661,6972,7276,11996,-55,-100,97,6612,-9824,10268,-90,80,-166,-12800,5308,6924,-1037,132,-55,-13140,-5596,7788,-534,11,-132,0
2125.1538100242615,7132,7352,11860,-69,-43,101,6596,-9744,10440,-81,105,-161,-12760,5272,7044,-1080,157,-67,-13044,-5772,7748,-474,35,-108,0
2125.187211036682,6928,7204,11924,-74,-62,106,6560,-9932,10480,-60,92,-158,-12616,5168,7076,-1026,141,-98,-12820,-5696,7896,-499,28,-129,0
2125.220642089844,7164,7412,11756,-80,-53,95,6604,-9816,10300,-73,94,-169,-12660,5116,6904,-1051,128,-72,-13036,-5704,7708,-504,39,-125,0
2125.2555389404297,7044,7292,11784,-76,-22,83,6712,-9964,10300,-73,92,-183,-12648,5128,6880,-1012,140,-105,-13008,-5760,7748,-485,11,-124,0
2125.289221048355,7044,7340,11628,-86,-35,74,6620,-9776,10352,-38,114,-182,-12736,5196,6848,-1068,180,-67,-13044,-5676,7856,-501,-256,-137,0
2125.3228590488434,6672,7296,11844,-88,-43,88,6616,-9864,10460,-16,74,-155,-12748,5224,6924,-1036,222,-48,-12976,-5728,7704,-500,-25,-140,0
2125.356429100036,7012,7416,11740,-77,-16,88,6664,-9820,10360,26,41,-160,-12744,5232,6908,-1068,239,-53,-13044,-5736,7840,-509,27,-156,0
2125.3897500038147,6984,7400,11780,-58,4,90,6644,-9972,10324,7,31,-195,-12700,5352,6960,-1066,247,-89,-13016,-5972,7760,-485,61,-116,0
2125.4233260154724,6956,7332,11820,-112,-233,90,6532,-9500,10348,-33,59,-170,-12744,5216,6700,-1060,343,-127,-13108,-5720,7820,-518,29,-131,0
2125.457263946533,6944,7348,11976,-93,-53,114,6568,-9816,10456,-29,81,-155,-12828,5312,7160,-1016,306,-92,-13060,-5712,7836,-535,39,-114,0
2125.4906301498413,6988,7212,11792,-146,-249,121,6656,-9848,10392,37,53,-150,-12764,5040,6920,-1045,289,-100,-12956,-5904,7832,-561,61,-123,0
2125.524146080017,6920,7300,11820,-110,23,132,6404,-9796,10392,32,75,-168,-12724,5048,6996,-1066,283,-34,-12980,-5852,7696,-534,97,-94,0
2125.5576789379124,6960,7436,11968,-127,-14,101,6708,-9860,10228,-23,106,-156,-12824,5076,6852,-1015,225,-84,-12900,-5392,7896,-566,116,-114,0
2125.5912671089172,6904,7320,11868,-167,-18,80,6740,-9892,10176,12,114,-188,-12856,5140,6672,-1037,243,-108,-12824,-5424,7824,-555,127,-127,0
2125.6247930526733,6752,7244,11896,-157,251,87,6612,-9856,10260,6,126,-174,-12768,5136,6928,-1049,253,-117,-12812,-5736,7828,-551,131,-112,0
2125.6582350730896,7012,7420,11804,-168,-46,128,6436,-9784,10256,-12,148,-159,-12788,5156,6872,-1075,252,-74,-13004,-5792,7856,-514,154,-110,0
2125.6917910575867,6852,7616,12232,-216,-39,138,6512,-9848,10352,3,128,-187,-12860,5184,6728,-1049,230,-92,-12752,-5740,7564,-997,348,-133,0
2125.7254650592804,6808,7288,11908,-167,-88,159,6532,-9852,10440,3,131,-211,-12740,5152,6884,-769,228,-115,-12848,-5772,7688,-553,235,-76,0
2125.7592339515686,6940,7360,11828,-204,-122,179,6872,-9796,10380,62,137,-206,-12808,5100,6984,-1050,230,-153,-12944,-5744,7824,-517,191,-74,0
2125.7928371429443,6856,7348,11844,-202,-103,200,6524,-9744,10312,46,109,-205,-12956,5024,6664,-1054,220,-178,-12928,-5856,7832,-522,221,-92,0
2125.826233148575,7052,7316,12008,-226,-122,186,6592,-9820,10448,47,87,-229,-12924,5184,6740,-1074,234,-159,-13252,-5724,7836,-505,226,-74,0
2125.85963010788,6984,7252,11836,-245,-112,178,6736,-9780,10352,53,143,-221,-12932,5136,6992,-1084,212,-122,-13240,-5416,7884,-495,195,-90,0
2125.89298415184,6972,7300,11844,-268,-80,182,6644,-9776,10352,71,111,-198,-13000,5360,6732,-1120,190,-121,-13308,-5744,7756,-486,205,-82,0
2125.926556110382,7036,7264,11808,-241,-114,190,6484,-9728,10428,61,102,-198,-12788,5368,6984,-1076,204,-156,-12820,-5740,7888,-460,187,-69,0
2125.9599459171295,6960,7340,11676,-5,-144,181,6400,-9772,10380,28,114,-209,-12876,5160,6904,-1049,192,-144,-12848,-5824,7504,-439,214,-82,0
2125.9933710098267,6964,7268,11824,-271,-147,148,6584,-9772,10336,22,123,-221,-12980,5084,6796,-1070,131,-128,-13008,-5744,7804,-485,284,-90,0
2126.029205083847,6880,7280,11756,-275,-120,182,6624,-9720,10456,64,185,-176,-13032,4888,6660,-1142,167,-101,-13308,-5744,7788,-468,234,-96,0
2126.0645320415497,6740,7252,11896,-6,-138,171,6688,-9736,10244,63,120,-192,-12852,5040,6668,-1086,163,-163,-13044,-5700,7748,-466,179,-90,0
2126.100152015686,6888,7372,11808,-225,-118,164,6624,-9788,10300,52,86,-186,-12932,5148,6916,-1073,198,-111,-12868,-5684,7696,-445,173,-70,0
2126.1351461410522,6964,7232,11788,-251,-75,176,6828,-9952,10276,15,119,-213,-13012,5104,6532,-1074,195,-161,-13072,-5680,7716,-470,170,-93,0
2126.1704480648045,6972,7352,11796,-226,-107,184,6644,-9776,10312,7,92,-181,-12872,4988,6848,-1106,163,-100,-13128,-5660,7804,-411,135,-77,0
2126.2059700489044,7056,7232,11804,-239,-49,164,6688,-9824,10324,68,175,-186,-12928,5096,6756,-1153,132,-104,-13024,-5424,7684,-385,178,-101,0
2126.241608142853,7032,7240,11876,-262,-94,160,6592,-9704,10672,76,145,-175,-12848,5120,6864,-1107,102,-100,-13004,-5744,7780,-368,170,-101,0
2126.2775599956512,6872,7268,11940,-220,-86,140,6576,-9716,10668,13,112,-207,-13040,5028,6808,-1066,108,-135,-13108,-5656,7848,-409,187,-87,0
2126.3124239444733,6664,7220,12000,-249,-131,166,6692,-9724,10412,21,119,-205,-12824,5048,6704,-1086,95,-151,-13124,-5880,7716,-411,208,-117,0
2126.348762989044,6880,7212,11964,-205,-143,150,6624,-9700,10408,19,140,-132,-12936,4976,6696,-1127,145,-49,-13072,-5692,7840,-442,161,-79,0
2126.3837571144104,6996,7288,11980,-180,-25,147,6744,-9644,10420,-16,130,-160,-12836,4948,6880,-1099,109,-63,-13104,-5644,7788,-427,140,-125,0
2126.4200379848485,6928,7312,11892,-167,-27,92,6412,-9712,10392,-56,156,-172,-12908,4924,6752,-1059,65,-142,-13024,-5720,7672,-427,144,-101,0
2126.455547094345,6932,7236,11932,-107,-18,86,6888,-9724,10436,-95,142,-166,-12868,4940,6908,-1047,72,-73,-13048,-5620,7700,-480,147,-104,0
2126.4918010234833,6932,6932,11644,-119,-37,96,6428,-9656,10468,-42,145,-172,-12876,4992,6796,-1067,90,-66,-13140,-5584,7756,-450,175,-94,0
2126.527913093567,7020,7204,12016,-57,11,100,6684,-9672,10444,-72,131,-172,-12876,4912,6864,-1061,75,-98,-12824,-5696,7824,-452,148,-123,0
2126.562926054001,6968,7368,11884,-91,24,72,6708,-9540,10424,-66,152,-159,-12920,4984,6852,-1029,94,-98,-13052,-5580,7812,-467,136,-121,0
2126.59921503067,7012,6984,11928,-100,-244,81,6428,-9716,10440,-111,166,-172,-12904,5020,6912,-770,82,-86,-12948,-5632,7908,-487,174,-139,0
2126.6340839862823,7000,7416,11844,-110,10,75,6604,-9672,10456,-52,151,-152,-12800,4968,7016,-1062,144,-56,-13040,-5724,7804,-516,138,-118,0
2126.669916152954,6660,7252,11840,-94,-7,83,6428,-9536,10428,-67,179,-169,-12776,4976,6492,-1015,120,-30,-13088,-5724,7856,-537,103,-142,0
2126.705635070801,6932,7232,11976,-139,48,78,6608,-9524,10392,-81,148,-168,-12772,4976,6984,-980,128,-31,-13036,-5636,7724,-589,145,-134,0
2126.739171028137,7076,7292,11940,-140,-12,76,6592,-9692,10452,-61,152,-167,-12932,5028,6852,-989,154,-82,-13032,-5652,7780,-624,147,-142,0
2126.772582054138,6844,7292,11900,-157,-19,106,6604,-9700,10408,-33,140,-173,-12624,5040,6832,-990,130,-87,-13156,-5460,7740,-592,143,-141,0
2126.8061139583588,6856,7196,11960,-134,251,120,6596,-9768,10348,-14,136,-178,-12816,5048,6744,-958,208,-71,-13056,-5472,7856,-625,123,-111,0
2126.839877128601,6976,6924,11900,-173,-8,113,6616,-9980,10348,-56,118,-185,-12884,5116,6816,-998,214,-35,-13008,-5704,7680,-620,141,-106,0
2126.873466014862,7004,7204,11856,-177,7,113,6692,-9684,10364,-76,130,-168,-12864,4940,6840,-972,192,-81,-13056,-5676,7728,-576,119,-117,0
2126.9069359302525,6680,7232,12076,-190,25,128,6672,-9792,10376,-26,143,-171,-12872,5048,6704,-1022,193,-67,-13136,-5712,7780,-607,124,-144,0
2126.940514087677,6980,7244,11852,-202,26,99,6684,-9756,10216,21,110,-159,-12884,4960,7000,-1030,166,-52,-12988,-5672,7768,-596,116,-137,0
2126.973813056946,7068,7288,12000,-192,35,102,6852,-9672,10564,-9,106,-158,-12908,5036,6876,-1062,197,-14,-13044,-5792,7756,-585,88,-118,0
2127.0075449943542,6884,7360,12016,-137,38,81,6700,-9480,10532,-52,138,-154,-13024,5056,6692,-998,148,-21,-13192,-5696,7764,-583,106,-166,0
2127.0410690307617,6660,7280,12040,-189,7,62,6616,-9948,10300,-29,142,-160,-12836,5088,6892,-1001,144,-93,-13284,-5704,7876,-539,137,-161,0
2127.0744280815125,6832,7264,11748,-154,21,84,6792,-9788,10496,-53,143,-163,-12892,5048,6708,-1020,143,-86,-13008,-5768,7860,-570,95,-147,0
2127.1081171035767,6928,7256,11992,-144,53,86,6596,-9728,10360,-39,121,-139,-12768,5032,6816,-1032,156,-77,-12992,-5732,7828,-544,107,-127,0
2127.1415710449214,6736,7364,12064,-161,17,81,6588,-9728,10392,-82,143,-170,-12968,5000,6832,-944,155,-59,-13040,-5776,7716,-554,99,-152,0
2127.1747851371765,6888,7384,11964,-167,22,119,6608,-9640,10464,-69,141,-171,-12972,5068,6716,-1015,160,-51,-13256,-5720,7816,-557,115,-127,0
2127.2084310054775,6800,7268,11984,-145,251,93,6548,-9720,10548,-35,116,-162,-12780,5000,6696,-998,190,-136,-12976,-5720,7644,-534,141,-127,0
2127.2419080734253,6780,7292,11772,-103,10,116,6600,-9532,10448,-28,107,-186,-12940,4980,6924,-777,152,-103,-13276,-5760,7812,-543,157,-100,0
2127.2750010490417,6856,7260,11872,-165,-30,116,6672,-9736,10304,-52,142,-177,-12972,4948,6704,-994,164,-35,-13268,-5740,7748,-531,155,-146,0
2127.308655023575,6808,7196,11888,-161,-256,111,6844,-9740,10448,-49,137,-180,-12988,5068,6804,-974,125,-83,-12820,-5736,7760,-529,141,-135,0
2127.342144012451,6872,7308,11932,-173,-43,108,6668,-9752,10364,-56,145,-168,-12908,5032,6800,-1276,114,-110,-13024,-5756,7820,-765,155,-152,0
2127.3755369186406,6700,7184,11892,-192,-253,103,6588,-9692,10320,-41,151,-174,-12880,4888,6660,-987,128,-113,-13060,-5720,7836,-509,155,-153,0
2127.40908408165,6804,7204,11940,-178,254,87,6572,-9920,10288,-60,136,-186,-12908,5012,6680,-966,132,-56,-13112,-5776,7796,-759,142,-112,0
2127.4426069259644,6780,7328,11960,-180,-31,103,6588,-9784,10328,-53,148,-173,-12840,5120,6736,-943,146,-68,-13308,-5780,7880,-527,146,-138,0
2127.4755289554596,6828,7264,11856,-164,-15,88,6676,-9716,10420,-40,159,-178,-12932,5064,6772,-1018,102,-66,-13004,-5668,7840,-532,124,-114,0
2127.5094699859615,6872,7292,11936,-141,-39,116,6644,-9712,10392,-19,145,-170,-12940,5128,6656,-944,143,-120,-12912,-5784,7728,-543,161,-107,0
2127.542690038681,6808,7312,11924,-143,-59,121,6656,-9764,10456,-55,168,-147,-12832,5036,6888,-963,148,-95,-12816,-5680,7752,-537,171,-107,0
2127.5761370658875,6812,7348,11928,-175,-92,142,6628,-9756,10368,-36,143,-174,-12848,5012,6792,-995,134,-99,-13048,-5852,7848,-531,175,-99,0
2127.6098170280457,6820,7304,12000,-181,-116,140,6548,-9700,10552,19,119,-179,-12948,5020,6748,-960,141,-139,-13088,-5828,7852,-505,177,-93,0
2127.6432490348816,6872,7288,12044,-153,-137,131,6652,-9960,10412,-49,147,-219,-12940,4916,6796,-929,155,-121,-12992,-5748,7728,-529,172,-103,0
2127.676936149597,6736,7348,11860,-225,-110,147,6616,-9772,10376,-28,140,-190,-12916,5072,6820,-959,133,-117,-13064,-5780,7812,-519,165,-56,0
2127.7130110263824,6860,7268,11848,-209,-134,180,6632,-9780,10480,255,132,-191,-13012,4880,6828,-1000,134,-113,-13060,-5856,7660,-555,178,-117,0
2127.7486629486084,6820,7268,12200,-244,-132,145,6600,-9792,10388,61,125,-203,-12892,5064,6704,-992,140,-99,-13292,-5712,7836,-535,147,-108,0
2127.783849954605,6768,7300,11968,-145,-106,148,6624,-9968,10360,3,108,-214,-12908,4960,6596,-966,151,-126,-13076,-5924,7624,-564,159,-91,0
2127.8193831443787,6900,7416,11928,-185,-139,136,6708,-9692,10380,-4,109,-209,-12940,5016,6804,-946,183,-125,-13084,-5660,7816,-539,182,-70,0
2127.8548970222473,7112,7260,11788,-204,-134,135,6660,-9808,10488,8,103,-209,-12828,5056,6704,-971,172,-85,-13096,-5680,7756,-553,141,-93,0
2127.8907039165497,6840,7332,11924,-175,-121,159,6700,-9672,10364,254,117,-172,-12872,5088,6704,-977,165,-115,-13112,-5756,7536,-535,97,-100,0
2127.9318101406097,6724,7320,11956,-167,-123,167,6628,-9752,10364,-14,134,-188,-12984,5060,6812,-969,156,-123,-13004,-5788,7732,-539,109,-104,0
2127.9679379463196,7008,7216,12196,-165,-137,176,6676,-9736,10532,-14,126,-204,-12988,5008,6572,-927,208,-109,-13108,-5728,7736,-591,139,-110,0
2128.003149032593,6836,7212,11916,-169,-172,155,6664,-9964,10324,8,123,-194,-12888,5072,6744,-957,204,-150,-13016,-5708,7720,-558,166,-86,0
2128.0387120246887,6800,6912,11772,-197,-178,179,6616,-9708,10468,10,77,-188,-12996,5016,6644,-974,217,-151,-12984,-5804,7692,-536,136,-91,0
2128.073817014694,6880,7260,11880,-201,-181,157,6548,-9640,10372,-2,126,-223,-13004,5076,6680,-948,227,-115,-13236,-5816,7432,-768,144,-87,0
2128.1093270778656,6876,7300,11912,-209,-116,157,6648,-9740,10396,-5,90,-209,-12932,5128,6832,-961,194,-123,-13124,-5748,7764,-526,168,-96,0
2128.14444899559,6952,7208,12004,-209,-142,173,6604,-9736,10260,23,126,-198,-12956,5100,6744,-955,182,-142,-13112,-5780,7596,-574,126,-90,0
2128.1806459426884,6916,7228,11960,-234,-122,135,6660,-9620,10344,255,119,-178,-12884,4984,6516,-975,208,-74,-13000,-5704,7444,-526,111,-113,0
2128.215987920761,7104,7208,11852,-231,-85,140,6608,-9612,10428,16,126,-184,-12928,5004,6860,-971,205,-114,-13088,-5688,7680,-537,114,-116,0
2128.2517540454865,6892,7220,11956,-244,-147,147,6892,-9980,10372,18,140,-218,-12964,5104,6400,-965,167,-90,-12840,-5828,7708,-537,127,-97,0
2128.2877321243286,6948,7176,11976,-207,-100,157,6632,-9636,10292,-31,107,-183,-13052,5032,6712,-954,166,-118,-12904,-5748,7532,-525,106,-78,0
2128.3229310512543,6972,7204,11800,-180,-76,134,6680,-9652,10352,-12,124,-184,-13028,5052,6660,-971,176,-93,-13096,-5800,7744,-545,111,-118,0
2128.3603489398956,6944,7176,11684,-164,-66,118,6420,-9984,10412,-50,105,-187,-12972,5000,6592,-931,156,-47,-13268,-5824,7932,-536,116,-122,0
2128.3935220241547,6936,7356,11920,-113,-28,102,6680,-9616,10364,-76,130,-170,-12856,5008,6812,-945,187,-56,-13024,-5704,7904,-766,110,-121,0
2128.4271490573883,6864,7248,11896,-125,255,105,6724,-9568,10392,-94,119,-143,-13056,5016,6452,-957,121,-72,-13260,-5752,7756,-525,40,-148,0
2128.4606120586395,6964,7128,12012,-135,24,88,6768,-9960,10476,-43,153,-143,-12996,5136,6712,-982,135,-96,-13036,-5752,7644,-542,86,-137,0
2128.49419093132,6984,7412,11976,-156,-10,87,6888,-9560,10456,-24,166,-142,-12920,4976,6788,-974,126,-52,-12988,-5888,7704,-514,91,-141,0
2128.5276370048523,6800,7352,11924,-103,22,99,6564,-9776,10416,-78,122,-167,-12972,5064,6684,-960,123,-54,-12956,-5760,7496,-534,81,-159,0
2128.5608649253845,6920,7180,12000,-79,-22,43,6428,-9536,10476,-96,163,-182,-13048,5108,6648,-927,103,-106,-13000,-5732,7784,-541,112,-143,0
2128.594372034073,6884,7240,12008,-86,-9,77,6588,-9732,10744,-87,130,-187,-12992,5148,6488,-958,153,-81,-12820,-5804,7928,-521,54,-166,0
2128.6278851032257,6984,7220,11920,-84,37,90,6656,-9608,10340,-53,138,-125,-12980,4928,6664,-938,121,233,-13008,-5792,7528,-535,35,-172,0
2128.6611869335175,6828,7240,11900,-100,24,71,6512,-9484,10368,-66,151,-108,-12916,5080,6836,-937,108,-4,-12944,-5828,7668,-259,46,-154,0
2128.6947231292725,6848,7240,11920,-88,31,96,6408,-9776,10288,-90,123,-154,-12896,5040,6864,-935,109,-56,-13016,-5800,7716,-564,80,-152,0
2128.7283871173854,6908,7360,11732,-75,250,74,6680,-9744,10420,-69,124,-159,-13292,5016,6364,-939,160,-74,-13036,-5788,7648,-542,112,-177,0
2128.7616419792175,6748,7232,11992,-129,-40,66,6416,-9644,10280,-70,128,-183,-12872,5364,6532,-944,145,-61,-12896,-5864,7672,-558,82,-149,0
2128.7952179908752,6840,7256,11964,-84,-19,96,6708,-9492,10316,-79,106,-173,-13120,5064,6672,-938,136,-60,-13024,-5800,7728,-524,106,-151,0
2128.8289489746094,6872,7268,11856,-115,-45,102,6668,-9776,10368,-67,113,-164,-13024,5072,6428,-960,116,-37,-13016,-5816,7852,-531,97,-137,0
2128.862298965454,6852,7312,12004,-117,11,57,6628,-9696,10456,-62,154,-155,-13048,5008,6556,-970,117,-59,-12992,-5740,7700,-523,129,-154,0
2128.8956420421605,6684,7316,11896,-108,12,83,6600,-9780,10348,-25,148,-141,-12944,4940,6420,-966,104,-81,-12916,-5836,7864,-526,105,-170,0
2128.929234981537,6728,7356,11912,-108,-17,87,6520,-9628,10244,-50,160,-142,-12880,5184,6784,-987,103,-33,-12940,-5844,7824,-527,105,-153,0
2128.962546110153,6832,7300,11908,-90,-28,80,6672,-9832,10316,-93,131,-163,-13024,5028,6476,-984,110,-42,-12964,-5640,7784,-528,119,-131,0
2128.9960031509404,6736,7244,12248,-130,-4,76,6684,-9804,10424,-60,153,-152,-12968,5192,6428,-963,113,-58,-12976,-5856,7756,-522,102,-143,0
2129.0296900272374,6676,7380,11824,-123,-7,89,6652,-9736,10400,-68,136,-173,-12944,5068,6528,-972,111,-64,-12916,-5884,7740,-767,120,-135,0
2129.0629711151123,6896,7272,11884,-119,-15,71,6584,-9784,10476,-55,115,-179,-12964,5084,6588,-999,111,-67,-13256,-6036,7796,-534,145,-148,0
2129.096768140793,6736,7456,11900,-90,246,78,6680,-9744,10372,-45,115,-170,-13052,4960,6528,-1020,105,-33,-13044,-5808,7716,-517,124,-152,0
2129.1302149295807,6672,7340,11956,-122,-27,87,6412,-9832,10412,-45,119,-173,-12920,5064,6532,-980,116,-82,-12956,-5656,7768,-259,154,-104,0
2129.1634559631348,6764,7348,11920,-138,-37,95,6608,-9960,10248,-89,134,-172,-13016,5152,6468,-973,112,-81,-12976,-5848,7724,-504,101,-118,0
2129.1971421241765,6868,7288,12160,-115,-36,113,6488,-9904,10404,-63,151,-172,-12828,5300,6664,-993,120,-65,-13108,-5744,7732,-535,135,-113,0
2129.2306821346283,6748,7320,11892,-167,-55,138,6480,-9832,10424,-22,136,-160,-12980,5364,6552,-1026,89,-43,-12984,-5856,7688,-536,132,-129,0
2129.2643430233,6676,7364,11852,-139,-34,115,6572,-9748,10524,-25,141,-148,-12972,4924,6892,-1017,120,-67,-12956,-6116,7820,-516,125,-114,0
2129.297950029373,6736,7488,12020,-143,-46,82,6544,-9976,10372,-52,170,-156,-12816,5328,6628,-982,82,-64,-12996,-5828,7728,-485,124,-160,0
2129.3315930366516,6760,7292,11908,-156,-61,82,6616,-9748,10376,-59,145,-170,-12932,5168,6364,-986,84,-66,-12968,-6060,7696,-484,158,-125,0
2129.364885091781,6732,7316,11824,-131,-25,110,6588,-9772,10528,-56,170,-157,-12908,5228,6492,-1004,63,-90,-12900,-5884,7840,-514,138,-138,0
2129.4013340473175,6724,7396,11960,-155,-56,96,6628,-9804,10320,-27,175,-193,-13036,4912,6660,-978,82,-101,-12888,-6012,7840,-510,156,-109,0
2129.437297105789,6708,7652,11812,-213,-81,132,6588,-9804,10476,-29,175,-203,-12992,5108,6724,-1019,104,-111,-12932,-5884,7808,-498,173,-88,0
2129.4727730751038,6492,7172,12016,-189,-111,161,6580,-9868,10364,-21,154,-207,-13024,5144,6848,-777,119,-105,-13004,-5840,7704,-261,191,-103,0
2129.5079760551453,6764,7336,11912,-230,-198,164,6616,-9816,10368,-4,122,-238,-13008,5188,6596,-1029,142,-156,-12984,-5884,7820,-513,203,-63,0
2129.5434179306026,6780,7328,11876,-214,-185,194,6572,-9756,10268,13,98,-221,-12916,5128,6520,-1030,122,-128,-12896,-5936,7848,-493,230,-90,0
2129.579324960708,6812,7244,11872,-240,-150,194,6608,-9740,10348,31,125,-210,-12932,5152,6680,-1023,149,-132,-12944,-5824,7756,-477,202,-78,0
2129.614408969879,7104,7176,11880,-269,-159,146,6576,-9760,10360,26,156,-194,-13244,5076,6556,-1064,93,-128,-12996,-5932,7724,-492,209,-113,0
2129.6501729488373,6808,7316,11892,-288,-174,177,6620,-9780,10392,57,179,-211,-13016,5008,6748,-1066,104,-99,-13024,-5664,7780,-475,229,-100,0
2129.6852629184723,6824,7360,11908,-248,-160,182,6524,-9500,10356,28,132,-219,-13012,5020,6428,-1047,111,-160,-13024,-5732,7744,-459,221,-77,0
2129.721004962921,6676,7260,12008,-297,-203,181,6640,-9660,10480,25,163,-235,-12996,5344,6500,-1043,116,-114,-12976,-5836,7672,-452,236,-73,0
2129.7573261260986,6904,7168,12016,-275,-239,177,6596,-9788,10528,54,130,-225,-13028,5152,6564,-1062,51,-142,-12976,-5776,7628,-447,254,-83,0
2129.7932069301605,6892,7292,11888,-267,-216,195,6696,-9696,10336,43,182,-210,-12992,5140,6548,-1069,50,-123,-13032,-5840,7700,-434,1,-119,0
2129.828691005707,6824,7248,12000,-2,-237,174,6620,-9676,10484,51,163,-218,-13004,5080,6812,-1099,94,-124,-12976,-5892,7640,-436,226,-68,0
2129.8639760017395,6852,7264,11832,-249,-199,188,6588,-9704,10408,70,160,-203,-13084,5080,6728,-1067,72,-96,-13304,-5824,7600,-453,213,-116,0
2129.899626016617,6884,7264,12268,-253,-237,170,6620,-9748,10388,25,154,-202,-13008,5040,6596,-1052,61,-84,-12940,-5892,7932,-433,210,-85,0
2129.9349770545964,7136,7176,11784,-287,-224,181,6568,-9624,10264,37,200,-214,-13008,5080,6876,-1041,51,-128,-13032,-5804,7660,-389,228,-102,0
2129.970479011536,6956,7256,11804,-223,-190,161,6724,-9672,10396,22,169,-212,-13236,5192,6424,-1071,61,-75,-12828,-5780,7796,-448,181,-81,0
2130.00559091568,6952,7192,12016,-306,-215,179,6600,-9612,10400,81,153,-201,-12976,4972,6680,-1096,66,-123,-12996,-5840,7592,-388,233,-95,0
2130.042747974396,6940,7296,11864,-291,-250,152,6632,-9528,10548,29,173,-226,-13020,5140,6744,-1091,53,-87,-13032,-5836,7652,-405,267,-80,0
2130.0760560035706,6796,7220,11924,-266,-250,149,6564,-9960,10292,-4,165,-245,-12836,5016,6804,-1080,74,-86,-13092,-5836,7440,-377,280,-86,0
2130.1099479198456,7008,7140,11832,-270,-508,173,6656,-9480,10444,-3,152,-253,-13032,5160,6572,-1062,18,-81,-13228,-5804,7912,-435,246,-93,0
2130.1432740688324,7028,7140,11700,-197,-193,191,6716,-9636,10328,14,195,-190,-12916,4956,6572,-1079,42,-32,-13292,-5776,7692,-437,170,-103,0
2130.1770229339604,7084,6976,11712,-195,-133,135,6884,-9696,10468,-40,143,-186,-12928,5088,6720,-1102,34,-29,-13308,-5804,7624,-438,159,-124,0
2130.210396051407,6888,7172,11908,-190,-88,102,6644,-9612,10460,-62,165,-176,-13040,5060,6600,-1100,25,-10,-13008,-5776,7572,-462,169,-134,0
2130.2439379692078,7008,7160,12148,-160,-75,97,6600,-9628,10460,-73,190,-177,-12844,5060,6624,-1036,75,-65,-13308,-5720,7528,-475,192,-137,0
2130.2772891521454,6992,7132,11860,-141,-42,90,6608,-9712,10524,-51,144,-191,-12948,5048,6692,-1048,101,-103,-13040,-5804,7664,-457,176,-113,0
2130.3107321262364,6864,7256,11892,-116,-31,95,6600,-9656,10504,-85,137,-193,-12932,5020,6852,-1012,100,-59,-13068,-5884,7680,-452,170,-104,0
2130.344325065613,7052,7288,11920,-129,-73,91,6884,-9716,10392,-51,166,-195,-12948,5012,6856,-976,106,-78,-12964,-5844,7744,-449,168,-118,0
2130.378039121628,6972,7184,11884,-161,-27,85,6564,-9600,10360,-73,199,-183,-12940,5176,6708,-982,85,-34,-13108,-5852,7672,-457,157,-123,0
2130.411219120025,6996,7328,11856,-150,-19,81,6604,-9716,10512,-61,169,-181,-12952,5032,6652,-1021,63,-90,-13068,-5780,7856,-458,162,-158,0
2130.444734096527,6924,7212,12012,-131,-33,74,6520,-9640,10448,-55,195,-171,-12848,5000,6608,-988,75,-59,-13100,-5788,7640,-477,139,-140,0
2130.4782321453094,6936,7292,11948,-131,-32,80,6588,-9656,10476,-103,174,-173,-12996,4912,6748,-954,51,-51,-13024,-5816,7576,-439,100,-134,0
2130.511845111847,6948,7260,12044,-149,-11,94,6596,-9632,10452,-54,207,-152,-12952,5052,6468,-978,47,-26,-13296,-5828,7684,-502,130,-110,0
2130.5454940795894,7128,7216,11948,-197,-83,108,6596,-9768,10424,-27,156,-172,-12972,5100,6664,-986,112,-51,-13016,-5812,7552,-465,149,-116,0
2130.579081058502,6696,7288,11984,-123,-37,115,6508,-9692,10396,-61,130,-179,-12988,5084,6712,-997,117,-88,-13000,-5704,7920,-464,186,-125,0
2130.6124579906464,6704,7368,12004,-110,-77,80,6584,-9672,10472,-60,175,-203,-12916,5092,6564,-1022,66,-74,-12956,-5800,7928,-475,156,-106,0
2130.6455960273743,6960,7192,12024,-171,-59,123,6476,-9660,10244,-74,168,-147,-12952,5072,6588,-1006,103,-16,-13092,-5852,7684,-462,122,-120,0
2130.679136991501,7052,7168,11736,-106,7,104,6644,-9968,10420,-40,144,-141,-12888,5092,6556,-999,116,13,-12996,-5804,7632,-479,92,-154,0
2130.7128999233246,6972,7200,11860,-92,22,107,6628,-9636,10400,-65,160,-130,-12964,5016,6660,-772,82,-26,-13088,-5824,7632,-480,90,-148,0
2130.7466320991516,6944,7204,12096,-116,2,74,6564,-9684,10384,-59,200,-152,-12832,5004,6600,-1258,96,-49,-12812,-5796,7920,-465,130,-127,0
2130.7800970077515,6924,7080,11936,-156,-34,90,6508,-9628,10528,-68,163,-187,-12884,5192,6700,-1041,89,-99,-13264,-5876,7580,-462,116,-129,0
2130.8136301040654,6808,7116,11948,-128,-62,74,6560,-9960,10472,-48,183,-186,-12932,4928,6632,-998,62,-28,-12948,-5832,7820,-454,151,-139,0
2130.8468790054326,6840,7188,11820,-143,-63,88,6468,-9692,10464,-39,134,-210,-12920,5256,6584,-993,126,-65,-13036,-5772,7684,-477,166,-116,0
2130.8805580139165,6964,7212,11872,-194,-80,97,6536,-9712,10436,-15,145,-202,-12808,5116,6632,-1000,121,-80,-12972,-6004,7632,-468,172,-121,0
2130.9140300750732,6956,7164,11892,-181,-46,100,6520,-9732,10444,-33,157,-182,-12932,5144,6740,-993,114,-97,-13312,-6064,7520,-455,146,-128,0
2130.9476349353786,6876,7244,11652,-175,-66,86,6548,-9648,10316,-61,172,-185,-12992,5004,6740,-997,90,-110,-13028,-5848,7688,-483,151,-141,0
2130.9812309741974,6948,7180,11788,-148,-51,92,6652,-9944,10408,-70,168,-169,-13000,4864,6712,-1007,88,-38,-13156,-5784,7700,-502,136,-133,0
2131.0147149562836,6948,7248,11856,-158,-74,94,6580,-9692,10288,-40,158,-196,-12992,5088,6776,-1017,124,-29,-13100,-5764,7896,-505,135,-111,0
2131.0482511520386,6876,7300,11968,-159,-10,121,6652,-9708,10356,-38,149,-177,-12960,5084,6592,-1017,103,-81,-13052,-5888,7772,-481,112,-113,0
2131.084468126297,6960,7260,11932,-157,-42,105,6560,-9656,10420,-40,133,-158,-12920,5100,6652,-995,119,-55,-13196,-5860,7784,-476,155,-119,0
2131.1201820373535,6960,7236,12256,-152,-65,97,6580,-9708,10412,-41,147,-182,-12948,5080,6676,-1015,118,-79,-13056,-5768,7744,-484,148,-116,0
2131.1555540561676,6848,6956,11916,-159,-56,115,6484,-9704,10148,-59,155,-169,-12920,5176,6752,-995,74,-77,-13060,-5892,7624,-492,136,-127,0
2131.1912829875946,6856,7248,12128,-132,-47,109,6604,-9724,10668,-52,136,-146,-12924,5040,6796,-1002,111,-93,-12940,-5776,7752,-451,138,-123,0
2131.22722196579,6892,7216,11888,-156,-60,101,6528,-9764,10532,-53,143,-185,-12896,5128,6744,-1021,112,-80,-13020,-5740,7704,-498,142,-127,0
2131.2624809741974,6888,7152,12104,-185,-70,115,6456,-9708,10264,-35,141,-177,-12976,4876,6556,-1027,90,-52,-13024,-5764,7472,-451,152,-104,0
2131.2980999946594,7128,6992,11576,-202,-65,135,6520,-9768,10492,-5,152,-181,-12928,4936,6772,-1008,93,-111,-13308,-5796,7716,-486,158,-127,0
2131.3331520557404,6904,7220,11836,-217,-91,152,6532,-9944,10584,11,166,-173,-12884,5084,6868,-1011,96,-97,-12884,-5820,7664,-465,194,-77,0
2131.368695020676,6844,7272,11908,-243,-150,159,6572,-9784,10264,-25,156,-213,-13000,5072,6608,-1022,123,-159,-12972,-5836,7820,-470,208,-124,0
2131.4039299488068,6956,7212,11956,-223,-191,143,6588,-9704,10484,-3,136,-208,-12932,5148,6748,-1005,125,-88,-13060,-5852,7680,-482,209,-67,0
2131.4395029544826,6900,7264,11896,-231,-139,172,6532,-9696,10424,25,145,-205,-12956,5092,6592,-1020,71,-137,-13052,-5800,7536,-448,234,-72,0
2131.4749829769135,6908,7296,11908,-247,-164,156,6628,-9632,10428,-2,196,-207,-12832,5108,6712,-985,113,-89,-13112,-5884,7680,-418,219,-79,0
2131.5111470222473,6976,7232,11912,-254,-124,172,6556,-9720,10392,-19,142,-220,-13036,5084,6692,-1022,95,-92,-13092,-5672,7700,-499,188,-97,0
2131.5472230911255,6668,7076,11848,-301,-101,175,6616,-9776,10580,25,135,-169,-13084,5360,6608,-1051,88,-128,-13076,-5736,7772,-490,179,-101,0
2131.5827770233154,7152,7204,11940,-254,-113,181,6524,-9784,10436,80,140,-182,-12936,5052,6652,-1028,107,-99,-13048,-5812,7644,-478,153,-70,0
2131.6186439991,6912,7236,11892,-249,-145,139,6632,-9604,10504,-22,160,-220,-12936,4972,6612,-1277,107,-122,-12908,-5740,7568,-479,229,-96,0
2131.6539030075073,6968,7136,11852,-249,-168,164,6564,-9692,10308,9,119,-225,-12928,5144,6900,-1049,83,-153,-13024,-5764,7884,-457,216,-78,0
2131.689947128296,6984,6940,12004,-239,-129,153,6508,-9644,10484,27,130,-190,-12876,5104,6776,-1002,89,-91,-12888,-5776,7744,-452,150,-129,0
2131.7265610694885,7108,7192,11876,-243,-177,132,6516,-9724,10364,-30,152,-171,-13016,5028,6736,-1016,101,-111,-12984,-5868,7772,-437,121,-109,0
2131.760201931,6948,7124,11944,-248,-134,143,6520,-9632,10520,-7,173,-184,-12856,5128,6736,-1053,122,-146,-12952,-5700,7488,-463,187,-84,0
2131.7936570644374,6952,7132,11880,-212,-168,160,6624,-9680,10492,26,173,-209,-12940,4976,6844,-1041,148,-124,-13060,-5800,7684,-490,220,-103,0
2131.827345132828,6956,7160,11820,-247,-210,182,6608,-9692,10424,33,111,-237,-12908,5040,6768,-783,141,-100,-12956,-5776,7600,-477,232,-96,0
2131.860780954361,7016,7140,11928,-207,-187,126,6456,-9596,10432,16,122,-238,-12980,5312,6712,-1041,159,-150,-12888,-5644,7424,-485,204,-86,0
2131.89404797554,7084,7108,11968,-249,-185,163,6560,-9740,10548,21,129,-209,-13004,5008,6664,-1033,120,-167,-13112,-5768,7560,-454,189,-96,0
2131.927813053131,7088,7324,11740,-219,-136,145,6544,-9656,10608,6,140,-189,-13052,5080,6660,-1280,105,-131,-13108,-5772,7788,-496,176,-94,0
2131.9613189697266,6976,6924,12248,-188,-123,159,6704,-9592,10428,-4,125,-194,-12892,5028,6712,-1041,96,-83,-13120,-5704,7584,-486,149,-108,0
2131.994893074036,6724,7176,11828,-174,-87,126,6528,-9620,10672,-36,140,-191,-12904,4980,6780,-989,99,-68,-13028,-5828,7616,-466,178,-116,0
2132.028440952301,7048,7104,11988,-168,-108,137,6624,-9628,10480,-67,160,-206,-12824,5296,6592,-992,141,-109,-13080,-5648,7428,-464,154,-115,0
2132.0619990825653,7004,6928,12076,-175,-113,118,6540,-9620,10360,-59,159,-186,-12876,5144,6868,-986,84,-106,-13176,-5796,7564,-472,142,-141,0
2132.0953681468964,6996,7048,11820,-169,-57,103,6552,-9684,10520,-34,152,-179,-12920,4968,6616,-986,67,-86,-13208,-5692,7720,-498,142,-135,0
2132.1289789676666,7132,7128,11808,-118,-57,95,6600,-9592,10116,-31,138,-143,-12992,5232,6692,-999,74,-88,-13020,-5724,7640,-492,126,-140,0
2132.1623010635376,7096,7076,11988,-115,-23,87,6524,-9660,10480,-38,127,-182,-12604,5016,6756,-995,99,-78,-13112,-5704,7872,-464,164,-109,0
2132.1956839561462,7052,7372,11984,-143,-9,89,6868,-9676,10544,-79,147,-171,-12960,5008,6416,-975,118,-80,-13180,-5756,7688,-485,107,-111,0
2132.2292470932007,6984,7248,11852,-110,-60,82,6628,-9708,10704,-52,130,-145,-12924,4892,6780,-996,63,-63,-13028,-5784,7680,-511,127,-139,0
2132.2626869678497,6920,7044,11980,-134,-48,58,6632,-9680,10368,-33,152,-153,-12900,5048,6780,-1009,62,-50,-13104,-5808,7736,-487,138,-155,0
2132.2962250709534,6968,7200,11940,-111,-244,99,6544,-9680,10584,-26,140,-163,-12924,5056,6760,-993,93,-47,-13140,-5836,7668,-500,114,-126,0
2132.329759120941,7028,7164,11832,-96,-23,84,6604,-9684,10468,-85,137,-165,-12984,5096,6700,-977,68,-64,-13100,-5792,7612,-472,152,-133,0
2132.3632919788365,7044,7244,11956,-139,-39,72,6548,-9644,10540,-37,153,-184,-13008,5160,6684,-986,97,-68,-13040,-5740,7660,-493,113,-118,0
2132.396646022796,6968,7144,11960,-93,-256,92,6560,-9704,10452,-43,144,-166,-12884,5064,6772,-999,98,-38,-13072,-5712,7632,-499,105,-148,0
2132.430160045624,6920,7128,11916,-94,-8,88,6544,-9640,10484,-65,154,-131,-12836,5056,6612,-1014,61,-34,-13080,-5860,7824,-481,130,-142,0
2132.463515996933,6964,7196,12064,-142,-10,102,6512,-9700,10288,-63,137,-186,-12924,5096,6524,-993,110,-91,-13072,-5732,7536,-461,112,-129,0
2132.4971899986267,6908,7116,11976,-106,-10,105,6540,-9688,10316,-50,146,-157,-12940,5156,6744,-999,110,-78,-13124,-5792,7924,-507,127,-137,0
2132.530539035797,6948,7196,11964,-162,-66,107,6428,-9632,10476,-29,139,-182,-12816,5024,6552,-1017,118,-73,-12840,-5776,7900,-482,130,-111,0
2132.563980102539,7028,7248,12032,-105,-23,68,6576,-9640,10252,-55,125,-197,-12936,5068,6872,-992,102,-73,-13028,-5812,7928,-488,139,-114,0
2132.5976309776306,7028,7168,11940,-136,-50,86,6552,-9500,10336,-50,129,-172,-13084,5072,6804,-1011,108,-48,-13104,-5808,7508,-481,142,-150,0
2132.6310460567474,6904,7116,12104,-149,-12,78,6548,-9608,10316,-45,109,-172,-12912,5048,6820,-1008,88,-69,-12824,-5788,7436,-468,117,-159,0
2132.66437292099,7092,7204,11984,-121,-18,90,6636,-9908,10560,-31,150,-160,-13044,5188,6700,-1271,108,-64,-12808,-5868,7440,-484,124,-140,0
2132.6979269981384,6956,7196,11880,-115,-19,73,6584,-9692,10296,-59,170,-166,-12908,5024,6716,-1014,74,-46,-13120,-5804,7424,-467,103,-161,0
2132.731393098831,6992,7148,11864,-92,-3,70,6564,-9708,10412,-72,153,-169,-12896,4996,6688,-983,94,-48,-13052,-5792,7620,-473,102,-144,0
2132.7687821388245,6988,7144,11912,-92,-27,75,6624,-9980,10328,-30,148,-175,-12988,5372,6644,-996,71,-97,-12992,-5720,7764,-476,114,-154,0
2132.803911924362,6892,7180,11880,-123,-36,99,6500,-9692,10352,-26,155,-172,-12864,5152,6864,-991,107,-105,-13064,-5804,7732,-507,134,-142,0
2132.8399450778966,6872,7060,11984,-104,-43,100,6504,-9672,10412,-31,126,-173,-12840,5024,6796,-979,101,-94,-13132,-5800,7428,-489,164,-118,0
2132.874910116196,7128,7204,12164,-138,-84,109,6560,-9612,10584,-49,124,-190,-12948,5144,6784,-990,138,-84,-13080,-5764,7712,-487,127,-128,0
2132.9105401039124,6980,7232,11976,-126,-53,106,6640,-9632,10612,-55,136,-196,-12948,5040,6736,-968,107,-64,-13136,-5736,7612,-480,113,-118,0
2132.948940038681,6900,7188,11940,-151,-50,117,6492,-9768,10500,-24,148,-160,-12908,5196,6676,-1031,81,-89,-13080,-5824,7780,-494,134,-133,0
2132.984195947647,6948,7144,11828,-136,-41,109,6568,-9696,10476,-13,138,-140,-12884,5064,6852,-1011,110,-29,-13108,-5992,7856,-257,114,-117,0
2133.0201470851894,7132,7280,12240,-111,-46,73,6532,-9504,10276,-61,155,-162,-12968,5076,6756,-1002,59,-82,-12844,-5804,7596,-476,160,-131,0
2133.0553510189056,6972,7384,11776,-147,-14,85,6544,-9604,10472,-30,155,-183,-12872,5124,6608,-980,92,-80,-13016,-5772,7664,-468,124,-88,0
2133.0912230014806,6680,7412,11924,-82,-39,83,6564,-9664,10440,-36,125,-155,-12856,5208,6892,-769,85,-75,-13312,-5800,7632,-481,122,-150,0
2133.1275510787964,6792,7096,11788,-116,-38,112,6564,-9692,10524,-51,120,-178,-13008,5096,6896,-993,75,-73,-13000,-5800,7756,-488,130,-115,0
2133.162449121475,7024,7120,12032,-154,-46,109,6456,-9484,10396,-46,150,-166,-12904,5172,6852,-983,65,-95,-13296,-5760,7804,-477,149,-128,0
2133.197432041168,6668,7184,11940,-138,-27,95,6408,-9688,10580,-42,172,-174,-12896,5152,6720,-970,95,-93,-13028,-5780,7448,-489,174,-126,0
2133.233304977417,6900,7196,12056,-191,-79,115,6432,-9720,10408,-9,152,-168,-12896,5096,6624,-998,103,-91,-13084,-5852,7728,-476,167,-106,0
2133.269254922867,6860,7240,12004,-163,-82,134,6408,-9940,10396,1,150,-213,-12880,5340,6804,-1023,117,-119,-12812,-5832,7660,-476,190,-71,0
2133.3049409389496,6756,7272,12020,-220,-122,131,6532,-9772,10312,-255,145,-227,-12976,4996,6820,-1011,120,-164,-13100,-5800,7696,-473,204,-106,0
2133.3407311439514,6988,7120,11820,-216,-131,125,6528,-9776,10520,5,145,-202,-12920,4868,6720,-1275,125,-146,-13096,-5780,7736,-466,204,-86,0
2133.375524997711,6660,7204,11876,-219,-130,150,6620,-9648,10400,-6,145,-206,-12888,5108,6708,-999,90,-71,-13024,-5792,7692,-464,208,-85,0
2133.4121479988094,6852,7212,12012,-256,-143,141,6560,-9700,10620,251,122,-219,-12888,5068,6908,-998,99,-152,-12996,-5848,7532,-469,177,-111,0
2133.445683002472,6820,7204,11924,-211,-121,135,6500,-9664,10388,247,128,-217,-12928,5164,6868,-1004,136,-179,-13040,-5720,7920,-477,221,-68,0
2133.4792630672455,6960,7292,11848,-233,-125,154,6488,-9684,10296,252,151,-196,-12932,5040,6620,-1029,125,-140,-13284,-5768,7652,-467,184,-76,0
2133.51296710968,6872,7232,11848,-239,-147,135,6604,-9732,10408,23,98,-207,-12992,5304,6544,-1007,144,-151,-13068,-5664,7496,-487,193,-83,0
2133.5466480255127,6944,7224,11908,-216,-136,175,6568,-9620,10624,39,113,-224,-12992,5152,6736,-1040,104,-116,-13080,-5836,7668,-478,189,-70,0
2133.580013036728,6956,6920,12184,-1,-156,164,6504,-9700,10548,37,106,-209,-12940,5068,6516,-1015,130,-154,-12924,-5784,7676,-493,192,-86,0
2133.613645076752,7164,7148,11564,-2,-180,136,6576,-9720,10356,22,127,-212,-12924,5076,6760,-998,100,-118,-13104,-5848,7512,-443,172,-81,0
2133.6471331119537,6948,6924,11884,-511,-130,180,6520,-9688,10608,-8,133,-190,-13012,5096,6636,-1006,103,-101,-13020,-5748,7692,-503,154,-63,0
2133.680439949036,6956,7092,11544,-267,-165,180,6612,-9652,10356,63,117,-193,-13020,4900,6504,-1061,92,-89,-13096,-5784,7592,-480,188,-90,0
2133.7139239311214,7028,7104,11880,-298,-180,180,6504,-9696,10336,47,161,-207,-12896,5068,6900,-1031,125,-92,-13132,-5848,7456,-465,137,-103,0
2133.7475969791412,7136,6916,11792,-227,-158,159,6592,-9960,10588,32,138,-217,-13012,5064,6632,-1018,121,-147,-13052,-5708,7536,-475,187,-93,0
2133.7806680202484,7120,7088,11928,-259,-200,140,6500,-9572,10532,22,132,-236,-12976,5180,6548,-1010,116,-137,-13064,-5652,7912,-474,194,-74,0
2133.8141660690308,6956,7132,11780,-203,-195,139,6620,-9612,10324,34,123,-181,-12940,5360,6836,-1015,69,-69,-13060,-5720,7540,-470,165,-100,0
2133.8478400707245,6936,7132,11932,-231,-146,162,6604,-9620,10572,18,124,-193,-12988,5028,6728,-1028,89,-83,-12928,-5800,7628,-471,114,-115,0
2133.8809740543365,7008,7176,11844,-217,-149,155,6572,-9604,10412,-23,129,-170,-12984,5044,6668,-769,98,-99,-13104,-5760,7668,-487,132,-96,0
2133.9145200252533,6984,7180,11844,-166,-131,136,6576,-9632,10572,-13,134,-184,-12880,5004,6680,-1023,88,-122,-13084,-5800,7576,-505,156,-112,0
2133.9482729434967,7024,6936,11812,-159,-171,146,6532,-9552,10532,-42,108,-211,-13024,4960,6736,-1002,114,-78,-13088,-5760,7804,-486,152,-141,0
2133.9815521240234,7156,7148,11900,-143,-117,138,6548,-9584,10480,-54,109,-219,-12908,5012,6724,-993,155,-88,-13148,-5684,7740,-471,159,-102,0
2134.0150470733643,7068,7120,11872,-132,-91,93,6520,-9620,10480,-31,109,-194,-13208,5080,6508,-976,95,-85,-13136,-5804,7488,-494,150,-141,0
2134.0487689971924,7048,7112,11944,-135,-47,84,6568,-9716,10364,-58,126,-167,-12940,4952,6736,-1004,85,-84,-13100,-5752,7636,-511,126,-158,0
2134.082108974457,7064,6912,11816,-107,10,66,6612,-9584,10388,-3,149,-165,-12956,4932,6444,-1014,77,-66,-13136,-5716,7656,-494,115,-139,0
2134.11563205719,6948,7204,11800,-105,-11,80,6580,-9592,10488,-52,169,-177,-12964,5028,6564,-1051,107,-8,-12852,-5820,7920,-489,138,-133,0
2134.148957014084,6996,7232,11884,-114,-49,65,6528,-9680,10240,-77,131,-175,-13044,5056,6820,-984,131,-84,-13088,-5800,7632,-455,109,-132,0
2134.1824281215668,7080,7052,11780,-83,-40,79,6492,-9612,10704,-98,140,-161,-13032,5120,6476,-1015,69,-66,-13308,-5692,7696,-512,105,-169,0
2134.2159321308136,6924,7088,11976,-102,-5,56,6476,-9656,10520,3,159,-160,-12964,4876,6808,-1051,81,-53,-13040,-5912,7812,-467,154,-135,0
2134.2494590282445,6924,7312,11676,-100,-21,87,6520,-9600,10448,-24,165,-183,-12860,5004,6648,-1009,141,-79,-13164,-5776,7660,-450,103,-126,0
2134.2829670906067,7020,7112,12012,-93,252,83,6500,-9716,10516,-87,164,-186,-12920,5124,6644,-995,78,-53,-13080,-5760,7700,-482,131,-125,0
2134.316656112671,7000,7084,11996,-156,-48,117,6468,-9700,10556,-68,113,-158,-12996,5140,6480,-973,135,-22,-13052,-5384,7656,-480,64,-111,0
2134.3502509593964,6960,7144,11860,-61,10,116,6540,-9588,10424,-36,132,-129,-12836,5148,6612,-1030,116,-49,-13072,-5672,7908,-481,67,-117,0
2134.383532047272,6940,7172,12020,-77,39,118,6588,-9660,10432,-38,132,-121,-12872,5244,6656,-1024,102,-22,-13064,-5728,7544,-501,83,-110,0
2134.426008939743,7036,7112,11948,-97,-23,85,6476,-9940,10484,-52,150,-176,-12920,5036,6752,-976,66,-68,-13104,-5796,7844,-449,94,-136,0
2134.4774410724644,6976,7152,12000,-137,-18,55,6420,-9728,10464,-56,164,-181,-12848,4880,6672,-996,82,-67,-12860,-5792,7424,-454,99,-122,0
2134.5220279693604,6924,7280,11884,-154,-19,50,6624,-9576,10440,-48,170,-181,-12884,5108,6628,-980,99,-78,-13084,-5740,7600,-433,131,-138,0
2134.5576961040497,6756,7160,12048,-126,-25,68,6556,-9780,10652,-38,139,-176,-13016,5124,6776,-1001,60,-75,-13060,-5768,7700,-500,136,-123,0
2134.5926909446716,6688,6940,11904,-127,-39,100,6532,-9660,10488,-15,110,-169,-12944,5056,6704,-770,91,-74,-13128,-5760,7676,-503,132,-144,0
2134.6286261081696,7048,7140,11948,-133,-22,88,6608,-9564,10420,-15,141,-156,-12892,5008,6824,-1018,120,-81,-13064,-5780,7660,-492,128,-128,0
2134.6635780334473,7160,7112,12000,-116,-17,112,6436,-9716,10452,-33,134,-188,-12876,5160,6788,-1015,92,-106,-13000,-5844,7668,-488,136,-125,0
2134.699474096298,6816,7196,12108,-141,-24,116,6584,-9632,10604,-33,141,-165,-13032,5036,6592,-1009,127,-83,-12912,-5724,7448,-485,116,-116,0
2134.7345321178436,6936,7212,11960,-152,-66,88,6560,-9688,10476,-34,155,-179,-12904,5100,6640,-1010,79,-81,-13088,-5792,7604,-483,120,-126,0
2134.770352125168,6912,7248,11956,-159,-62,92,6516,-9632,10360,-30,131,-184,-12960,5348,6708,-996,104,-87,-12836,-5844,7612,-473,119,-152,0
2134.8055419921875,7128,6948,11916,-141,-46,98,6536,-9664,10580,-37,141,-177,-12944,5032,6604,-996,107,-38,-13044,-5756,7716,-477,146,-135,0
2134.8414430618286,7008,7180,11852,-144,-46,94,6540,-9488,10448,-55,127,-176,-12848,5032,6760,-1013,83,-100,-13308,-5808,7808,-478,148,-110,0
2134.877655982971,6924,7200,11916,-130,-46,99,6532,-9708,10352,-41,119,-189,-12916,5072,6732,-996,85,-72,-13044,-5740,7756,-485,137,-133,0
2134.9126720428467,6824,7196,11972,-117,-23,108,6476,-9684,10388,-38,113,-149,-12928,5200,6720,-1007,119,-99,-13088,-5840,7488,-468,125,-118,0
2134.9487619400024,6920,7224,12028,-122,-12,136,6464,-9748,10408,-55,131,-163,-12896,5224,6764,-1023,115,-106,-12868,-5748,7680,-464,141,-128,0
2134.9840569496155,6844,7156,11844,-126,-61,112,6600,-9640,10648,-25,141,-186,-12964,5336,6712,-996,92,-80,-13308,-5860,7716,-505,151,-118,0
2135.020203113556,6908,7236,11980,-150,-50,116,6488,-9704,10248,-30,113,-175,-12780,5124,6920,-772,100,-118,-13008,-5796,7440,-499,143,-124,0
2135.0551631450653,6876,7420,11900,-168,-58,124,6508,-9680,10700,-256,144,-169,-13056,4944,6892,-1271,126,-110,-12964,-5784,7748,-485,150,-99,0
2135.0920960903168,7104,7156,11956,-211,-81,113,6476,-9592,10256,-8,151,-238,-12908,5116,6896,-988,103,-142,-13000,-5876,7744,-439,181,-121,0
2135.1255650520325,6864,7308,12096,-247,-100,113,6616,-9728,10600,-45,161,-191,-12860,5180,6728,-993,63,-137,-13044,-5760,7748,-463,176,-97,0
2135.1589369773865,6932,7088,12052,-252,-130,137,6492,-9752,10468,10,152,-197,-12864,5164,6740,-1045,81,-110,-13004,-5744,7740,-468,157,-98,0
2135.192449092865,6792,7312,11908,-275,-141,165,6564,-9604,10532,28,168,-172,-12764,4988,6860,-1052,95,-72,-13064,-5888,7680,-764,148,-97,0
2135.2260110378265,6872,7204,11988,-156,-55,176,6520,-9912,10524,-26,95,-215,-12892,5132,6808,-1003,91,-106,-13176,-5712,7716,-506,179,-72,0
2135.259546995163,6988,7172,11948,-241,-128,160,6576,-9664,10336,15,130,-221,-12912,5080,6612,-1004,149,-132,-13156,-5656,7732,-490,192,-75,0
2135.29293012619,7000,7140,11880,-209,-135,174,6580,-9704,10476,19,138,-186,-12968,5284,6584,-1047,85,-127,-13192,-5696,7884,-454,208,-81,0
2135.326475143432,7024,7208,11900,-509,-107,183,6560,-9612,10484,-9,118,-177,-12996,5048,6696,-1009,97,-106,-12808,-5888,7712,-472,150,-77,0
2135.3600759506226,6784,7176,12096,-247,-114,158,6524,-9712,10728,-27,132,-173,-12928,5032,6748,-997,79,-102,-13068,-5784,7644,-431,172,-49,0
2135.393373966217,6872,7176,11940,-265,-163,172,6584,-9756,10496,5,130,-203,-12892,5088,6804,-1026,84,-174,-13080,-5740,7600,-493,205,-88,0
2135.426933050156,6976,7208,11928,-241,-173,163,6588,-9604,10472,40,81,-224,-12888,5068,6688,-1045,143,-171,-13040,-5868,7588,-491,221,-96,0
2135.4602761268616,6856,7064,11836,-251,-164,203,6520,-9728,10524,16,102,-226,-12904,5024,6672,-1048,123,-148,-12836,-5828,7776,-469,234,-112,0
2135.493611097336,7156,7156,11880,-265,-183,166,6608,-9688,10500,37,116,-215,-13016,5100,6440,-1032,123,-126,-13056,-5712,7684,-469,184,-89,0
2135.527094125748,6964,7200,12092,-273,-166,164,6832,-9624,10380,54,123,-216,-12988,5136,6728,-1024,115,-163,-12988,-5736,7652,-486,215,-92,0
2135.5605840682983,7044,7088,11872,-203,-123,144,6600,-9592,10516,53,121,-189,-12924,5040,6724,-1017,90,-120,-12808,-5768,7728,-491,190,-77,0
2135.5938601493835,6940,6924,12172,-232,-157,153,6548,-9640,10684,38,131,-188,-12968,4968,6812,-1030,87,-98,-13096,-5836,7768,-453,174,-112,0
2135.62739109993,6980,7368,11980,-242,-147,170,6540,-9656,10712,-12,140,-215,-13028,5048,6696,-995,94,-112,-13276,-5744,7652,-453,194,-105,0
2135.6606850624084,7108,7092,11780,-252,-179,162,6536,-9704,10468,3,143,-225,-12776,5048,6724,-770,121,-165,-13264,-5776,7668,-470,227,-116,0
2135.693747997284,6888,7212,12036,-248,-156,141,6560,-9604,10684,17,102,-197,-12896,5100,6472,-1036,102,-96,-13220,-5736,7672,-493,184,-101,0
2135.7272839546204,6952,7216,11888,-212,-181,155,6600,-9704,10352,41,102,-190,-12916,4948,6816,-1043,93,-80,-13104,-5748,7908,-485,197,-84,0
2135.7609670162205,7072,6932,11888,-211,-161,165,6540,-9524,10488,5,122,-218,-12860,5060,6756,-1047,104,-96,-13136,-5696,7656,-477,176,-95,0
2135.7944319248204,6920,6924,11908,-236,-141,168,6540,-9588,10596,-19,100,-200,-12984,4912,6768,-992,137,-111,-13136,-5740,7660,-467,154,-91,0
2135.8280489444733,7388,7120,11968,-189,-115,139,6588,-9600,10504,-47,109,-197,-12896,4976,6712,-773,102,-91,-13104,-5708,7576,-500,129,-100,0
2135.861626148224,7096,7108,12048,-163,-96,120,6644,-9688,10392,-48,126,-149,-12952,5040,6724,-1036,84,-60,-12828,-5808,7836,-507,135,-154,0
2135.894676923752,7108,7136,11940,-188,-71,118,6568,-9632,10456,-36,144,-156,-12940,5008,6820,-1021,81,-36,-13116,-5804,7700,-478,97,-149,0
2135.928342103958,7052,7056,12260,-122,-33,92,6576,-9952,10532,-45,154,-155,-12992,5128,6656,-1013,75,-55,-13060,-5672,7664,-477,118,-161,0
2135.9618310928345,7100,7072,11864,-139,3,69,6628,-9740,10380,-38,156,-149,-13028,5036,6600,-1011,80,-97,-13160,-5672,7668,-491,124,-150,0
2135.995329141617,7084,7020,12000,-71,15,90,6492,-9560,10540,-28,125,-141,-12848,4872,6728,-1008,100,-40,-13200,-5704,7676,-471,96,-167,0
2136.0286989212036,6972,7104,11648,-103,6,82,6640,-9616,10576,-54,115,-141,-12912,5032,6804,-999,113,-16,-13016,-5748,7700,-457,105,-163,0
2136.0622200965886,6948,7140,11820,-134,-24,77,6584,-9600,10596,-63,155,-169,-12924,5128,6752,-979,67,-65,-13016,-5684,7668,-507,110,-145,0
2136.0956721305847,7100,7164,12048,-121,-36,66,6520,-9664,10388,-40,151,-158,-12924,5024,6552,-1004,59,-50,-13076,-5724,7664,-486,117,-129,0
2136.1327080726624,7012,7124,12012,-136,-42,75,6520,-9620,10392,-46,163,-189,-12916,5092,6692,-1000,104,-37,-13312,-5780,7896,-469,133,-137,0
2136.168308019638,6964,7096,11936,-113,0,103,6532,-9568,10460,-39,138,-171,-12968,5060,6812,-1271,102,-92,-13068,-5732,7636,-484,108,-145,0
2136.2034380435944,6920,7176,12056,-125,-26,84,6840,-9660,10608,-57,126,-180,-12988,5092,6800,-965,99,-101,-13124,-5724,7572,-467,152,-141,0
2136.2393231391907,6940,7108,11908,-165,-59,102,6440,-9624,10556,-42,161,-166,-13040,5044,6804,-991,103,-36,-13104,-5716,7712,-473,126,-120,0
2136.2744939327245,6984,7204,11892,-132,-52,109,6528,-9596,10240,-17,138,-138,-13000,4936,6588,-1272,83,-80,-13040,-5660,7716,-260,112,-108,0
2136.310373067856,7148,7192,11992,-126,-28,99,6588,-9624,10544,-36,146,-151,-12988,5112,6752,-1008,65,-12,-13092,-5728,7676,-462,118,-139,0
2136.3454670906067,7056,7076,11932,-135,-21,79,6564,-9632,10556,-62,165,-148,-12896,5068,6660,-974,84,-80,-13064,-5652,7796,-482,105,-140,0
2136.3808450698853,6984,7096,12048,-140,-32,76,6560,-9680,10492,-38,189,-159,-12928,5000,6736,-1000,95,-56,-13036,-5880,7488,-486,108,-142,0
2136.416253089905,6948,7048,11992,-131,-19,92,6516,-9728,10540,-11,134,-166,-12924,4968,6724,-995,92,-70,-13088,-5720,7700,-484,117,-145,0
2136.4522521495815,6916,7156,11920,-120,-27,53,6500,-9640,10724,-21,148,-187,-12864,4904,6892,-1002,97,-90,-13004,-5764,7732,-468,145,-136,0
2136.4885489940643,6848,7128,11820,-168,-60,103,6532,-9636,10552,-50,109,-186,-12972,5048,6724,-997,92,-37,-13092,-5704,7712,-462,154,-124,0
2136.5239119529724,6956,7176,11900,-139,-73,95,6576,-9640,10420,-34,137,-175,-12980,5064,6892,-1001,90,-70,-12880,-5724,7752,-479,148,-119,0
2136.5595049858093,6908,7144,11972,-201,-66,131,6436,-9684,10384,17,129,-163,-12988,5040,6804,-1046,72,-51,-13108,-5760,7796,-493,144,-109,0
2136.5948350429535,6808,7264,11828,-136,-60,125,6532,-9540,10640,-45,122,-154,-12820,5028,6736,-1029,82,-76,-12872,-5848,7924,-490,116,-140,0
2136.6297340393066,6908,7140,11860,-142,-51,111,6552,-9612,10572,-51,165,-161,-12940,5064,6668,-972,77,-49,-12836,-5752,7560,-469,136,-114,0
2136.6677770614624,7096,7268,11960,-133,-31,99,6512,-9644,10528,-7,145,-173,-13020,5044,6620,-1019,100,-62,-13292,-5720,7532,-476,127,-137,0
2136.7030849456787,6984,7176,11900,-141,-22,88,6588,-9680,10652,-18,166,-161,-12912,5052,6700,-1007,59,-71,-13248,-5824,7724,-481,107,-134,0
2136.7388219833374,7028,7100,12084,-149,-50,87,6464,-9640,10452,-47,167,-172,-12896,5116,7136,-965,53,-59,-13288,-5832,7796,-466,130,-154,0
2136.774300098419,6804,6948,11992,-154,-74,89,6572,-9640,10484,-47,115,-202,-12928,5108,6820,-992,91,-82,-13056,-5784,7424,-465,124,-124,0
2136.807867050171,6984,7160,11888,-112,-60,111,6532,-9568,10256,-43,130,-184,-12932,5080,6804,-1003,91,-66,-13048,-5736,7776,-492,156,-111,0
2136.84131193161,6968,7144,11840,-164,-40,114,6496,-9628,10468,-16,122,-199,-12824,5292,6680,-772,102,-64,-12996,-5800,7612,-497,169,-91,0
2136.8749511241913,6904,6984,11944,-117,-55,107,6516,-9696,10708,-14,134,-182,-12888,5344,6744,-1014,122,-55,-13008,-5700,7732,-495,157,-133,0
2136.9083161354065,7160,7416,11788,-133,-44,120,6572,-9564,10516,-58,111,-166,-12960,5032,6748,-1006,113,-98,-13016,-5788,7688,-480,122,-101,0
2136.9416649341583,6916,6964,12004,-143,-52,86,6572,-9656,10540,-28,164,-194,-12856,5168,6748,-1016,88,-77,-13032,-5728,7748,-474,152,-101,0
2136.9753370285034,7096,7124,11808,-155,-26,73,6616,-9708,10612,-8,134,-181,-12908,5080,6844,-1008,60,-75,-12984,-5756,7636,-444,156,-136,0
2137.0090610980988,6956,7112,11972,-153,-54,83,6624,-9672,10500,-22,159,-190,-12972,4868,6808,-1280,61,-82,-13284,-5728,7676,-475,185,-147,0
2137.0426189899445,6972,7152,11956,-158,-66,71,6480,-9588,10560,-27,166,-186,-12920,5120,6892,-1001,77,-78,-13088,-5764,7644,-499,145,-126,0
2137.0765950679775,6664,7220,11996,-180,-80,118,6476,-9632,10552,-16,173,-190,-12872,5048,6760,-1033,42,-90,-13060,-5796,7652,-445,266,-108,0
2137.1100559234615,6896,7172,11916,-183,-81,118,6436,-9616,10684,31,157,-174,-12584,5112,6772,-1047,64,-131,-13040,-5752,7844,-444,242,-103,0
2137.1433889865875,7164,7184,11960,-213,-117,146,6516,-9708,10684,38,159,-199,-12864,5356,6764,-1044,79,-141,-12804,-5744,7748,-489,204,-91,0
2137.1773030757904,6876,7412,12080,-215,-127,166,6232,-9924,10556,-8,99,-211,-12720,5092,6820,-1049,112,-113,-13152,-5880,7652,-482,213,-88,0
2137.210711956024,6844,6976,11916,-225,-157,139,6516,-9704,10552,-32,122,-199,-12808,5096,6648,-1000,129,-118,-13008,-5812,7692,-508,185,-91,0
2137.2441589832306,6904,7192,11940,-216,-140,153,6576,-9684,10712,-24,127,-206,-12896,5152,7140,-1007,128,-80,-13020,-5700,7772,-501,190,-80,0
2137.2777280807495,7000,7036,11860,-221,-132,181,6432,-9940,10716,25,142,-178,-12960,5068,6804,-1026,70,-152,-13112,-5816,7632,-485,220,-78,0
2137.311227083206,7020,7008,11928,-284,-96,203,6532,-9552,10404,46,160,-210,-12872,4880,6680,-1044,98,-139,-13140,-5852,7756,-489,182,-85,0
2137.3447499275208,6900,7224,12000,-220,-122,156,6548,-9716,10564,25,126,-174,-12868,4996,6664,-773,97,-119,-13012,-5680,7716,-476,218,-67,0
2137.3783710002895,6976,7056,11836,-257,-153,172,6600,-9652,10564,18,136,-228,-12916,5064,6908,-984,94,-102,-13080,-5736,7608,-441,237,-70,0
2137.4117889404297,6972,7024,11884,-232,-122,159,6636,-9620,10360,24,98,-205,-12916,5036,6844,-1012,145,-135,-13156,-5732,7892,-496,181,-90,0
2137.4454839229584,7012,7076,11880,-234,-116,150,6596,-9608,10468,33,102,-187,-12992,5288,6804,-1007,57,-125,-13184,-5732,7612,-506,169,-82,0
2137.479198932648,6784,7092,11936,-235,-137,151,6604,-9684,10580,-34,118,-176,-12920,5012,6872,-1279,91,-157,-13044,-5780,7824,-518,157,-118,0
2137.512859106064,7004,6976,11904,-217,-102,135,6624,-9664,10404,6,133,-175,-12920,4992,6808,-1043,120,-121,-13012,-5664,7680,-557,167,-122,0
2137.5464379787445,6744,7080,12028,-190,-123,148,6504,-9588,10528,7,113,-181,-13016,5048,6484,-1025,127,-115,-13136,-5676,7692,-564,213,-89,0
2137.5799491405487,6952,7100,11996,-211,-153,164,6520,-9528,10476,31,99,-218,-12632,4992,6664,-774,137,-89,-12832,-5688,7516,-550,205,-99,0
2137.613523006439,6964,7108,12060,-178,-180,169,6556,-9544,10308,29,80,-216,-12924,4972,6672,-999,173,-163,-13156,-5800,7904,-500,199,-84,0
2137.6467909812927,6964,7092,11948,-217,-152,153,6604,-9620,10616,10,90,-227,-13008,4992,6680,-1018,135,-146,-13068,-5832,7688,-508,188,-105,0
2137.680426120758,7080,7020,12024,-193,-128,156,6540,-9576,10340,33,90,-198,-12948,5016,6716,-1039,106,-149,-13096,-5760,7924,-510,187,-121,0
2137.7138910293575,7044,7072,12012,-191,-172,133,6648,-9572,10240,41,106,-174,-12852,5032,6568,-1032,113,-102,-13040,-5836,7640,-764,173,-106,0
2137.7471599578857,6936,7028,11836,-209,-159,136,6552,-9620,10420,-21,139,-217,-12988,5100,6848,-1007,94,-109,-13284,-5880,7656,-495,173,-96,0
2137.7805609703064,6960,7028,12132,-229,-123,141,6512,-9648,10568,11,127,-206,-12904,4948,6752,-1011,105,-120,-12848,-5800,7648,-490,199,-126,0
2137.818120956421,7060,7148,12004,-207,-116,138,6560,-9564,10600,33,124,-200,-12920,5000,6844,-1278,99,-115,-13068,-5708,7580,-464,208,-82,0
2137.8531730175014,7076,7044,11916,-185,-148,146,6596,-9544,10524,15,106,-205,-13028,5000,6860,-1006,137,-129,-13200,-5788,7660,-512,180,-131,0
2137.8888981342316,7040,7056,11932,-150,-136,135,6428,-9544,10432,248,122,-206,-12876,4924,6828,-769,129,-122,-13060,-5736,7496,-510,163,-110,0
2137.92440199852,7120,7020,11788,-157,-112,122,6624,-9676,10244,-38,142,-197,-12796,5012,6664,-994,132,-53,-13300,-5780,7772,-498,147,-147,0
2137.9661481380463,7156,7064,11948,-132,-26,90,6424,-9580,10604,-42,154,-169,-12984,5020,6908,-1016,113,-48,-13120,-5724,7600,-488,137,-140,0
2138.002795934677,7068,6960,11976,-118,-28,90,6604,-9584,10512,-5,141,-140,-12984,4988,6836,-1036,69,-34,-12864,-5848,7644,-519,124,-167,0
2138.0380530357365,7096,6972,11968,-159,-19,98,6516,-9484,10560,-248,146,-165,-12948,5000,6920,-998,87,-27,-13264,-5820,7728,-481,103,-105,0
2138.073621034622,7032,7084,12028,-90,-20,86,6532,-9592,10632,-42,145,-164,-12864,5040,6692,-996,97,-21,-13060,-5828,7788,-494,133,-146,0
2138.1094450950623,7008,6964,11948,-138,-39,76,6620,-9592,10432,-44,137,-179,-12912,5212,6688,-961,59,-101,-12820,-5680,7596,-493,144,-146,0
2138.144907951355,7008,6956,11868,-123,0,79,6552,-9580,10476,-47,155,-173,-12820,4980,6660,-998,87,-24,-12852,-5740,7792,-495,110,-164,0
2138.180230140686,6972,7072,11900,-108,-249,88,6652,-9588,10524,-16,132,-127,-12840,5048,6840,-959,68,-29,-13080,-5828,7704,-479,84,-162,0
2138.2157859802246,6876,7088,11892,-118,6,77,6568,-9624,10592,-53,170,-124,-12972,5072,6896,-937,77,-40,-13028,-5756,7616,-483,90,-128,0
2138.251438140869,6952,7160,11812,-131,-16,69,6544,-9528,10704,-37,161,-149,-12996,5004,6764,-967,113,-91,-12856,-5744,7472,-515,135,-117,0
2138.2876839637756,7088,6920,11944,-98,-75,93,6556,-9556,10544,-29,144,-199,-12592,5056,6764,-1008,139,-123,-13104,-5808,7748,-504,133,-128,0
2138.322869062424,7056,7020,11984,-118,-68,127,6564,-9284,10604,-34,123,-185,-12936,5080,6776,-991,119,-92,-12884,-5668,7508,-471,168,-86,0
2138.3576049804688,6976,7148,11944,-144,-78,86,6632,-9496,10476,-10,122,-179,-12948,5092,6796,-1007,113,-90,-13068,-5772,7668,-457,117,-117,0
2138.393331050873,7012,7056,12236,-130,-15,77,6588,-9612,10268,-46,140,-193,-12932,5320,6584,-989,83,-101,-13108,-5700,7520,-486,94,-148,0
2138.4281980991364,6848,7076,12160,-151,-29,99,6544,-9592,10552,-24,170,-156,-12948,5084,6760,-985,65,-71,-12832,-5884,7452,-478,109,-131,0
2138.4639589786534,6972,7120,11984,-148,-48,85,6520,-9604,10464,247,155,-141,-12796,5044,6796,-992,73,-50,-12864,-5772,7608,-479,132,-159,0
2138.497442007065,7040,7088,11908,-119,-35,107,6560,-9580,10628,-39,153,-178,-12856,5032,6876,-1013,118,-51,-12936,-5800,7728,-486,99,-150,0
2138.5310420989986,6752,7124,11908,-161,-36,98,6568,-9644,10488,-45,141,-177,-12844,5056,6764,-1002,78,-78,-12948,-5852,7712,-474,138,-115,0
2138.564666032791,7004,7056,11848,-151,-72,82,6504,-9656,10600,-37,131,-175,-12828,5036,6676,-1280,92,-87,-13276,-5740,7668,-473,148,-105,0
2138.5980069637294,6932,7108,11952,-149,-45,97,6524,-9616,10552,-32,131,-193,-12928,5112,6656,-1015,73,-74,-13068,-5860,7632,-475,126,-123,0
2138.6312460899353,6960,7112,12084,-137,-44,105,6552,-9504,10524,-32,150,-182,-12932,5036,6844,-1009,125,-49,-13104,-5740,7872,-483,133,-137,0
2138.6645760536194,6912,7244,12056,-123,-58,88,6604,-9588,10580,-30,141,-191,-12756,5148,6728,-964,125,-77,-13308,-5856,7868,-477,146,-139,0
2138.6980340480804,6980,7156,11984,-138,-67,90,6588,-9528,10692,-23,147,-181,-12808,5064,6664,-981,117,-95,-13084,-5720,7676,-471,106,-125,0
2138.7316000461574,7000,7132,12012,-129,-75,128,6540,-9604,10736,-37,146,-174,-12908,5120,6560,-1009,115,-58,-13064,-5740,7816,-488,125,-142,0
2138.7648379802704,6908,7068,11924,-166,-19,107,6644,-9508,10596,-256,149,-174,-13000,5128,6744,-1047,90,-31,-13092,-5700,7648,-478,157,-126,0
2138.7983949184418,6952,7152,11860,-170,-45,86,6536,-9492,10528,246,152,-180,-12932,5096,6764,-1045,70,-60,-13160,-5892,7508,-457,131,-107,0
2138.8319709300995,6924,7192,11984,-138,-41,94,6448,-9264,10644,-57,147,-170,-12968,4976,6756,-987,76,-85,-13156,-5784,7712,-456,134,-110,0
2138.865483045578,6996,6920,11616,-150,-66,100,6552,-9596,10492,-43,139,-179,-12872,5364,6876,-1031,63,-96,-13300,-5744,7636,-448,137,-143,0
2138.8987879753113,6872,7104,11892,-111,-32,108,6536,-9524,10572,-23,142,-172,-12784,5068,6716,-1040,105,-46,-13024,-5868,7696,-463,128,-116,0
2138.9321560859685,6932,7084,11996,-114,-37,113,6596,-9500,10612,-20,142,-174,-12836,5076,6620,-1015,81,-55,-13060,-5872,7664,-446,106,-140,0
2138.965563058853,7032,7176,12060,-138,-8,86,6528,-9600,10380,-38,147,-173,-12848,5052,6880,-980,45,-87,-13296,-5768,7748,-455,127,-112,0
2138.998952150345,6956,7100,11832,-164,-50,115,6548,-9648,10608,-19,143,-187,-12964,5344,6884,-991,79,-104,-13300,-5756,7520,-478,156,-135,0
2139.0324299335484,6996,7132,11920,-130,-45,94,6548,-9560,10248,-30,163,-177,-12868,4972,6600,-1001,104,-73,-13028,-5720,7592,-467,151,-109,0
2139.0660021305084,6996,7168,12060,-134,-56,131,6488,-9620,10504,-15,111,-189,-12764,5052,6776,-1022,132,-52,-13068,-5732,7836,-464,156,-122,0
2139.0995609760284,6936,7180,11856,-135,-53,117,6540,-9576,10460,-8,129,-175,-12904,4888,6820,-771,115,-85,-12972,-5748,7448,-474,163,-114,0
2139.1329870224,6948,7192,11964,-169,-41,91,6552,-9564,10656,-10,148,-154,-12900,5100,6788,-982,117,-120,-13272,-5840,7476,-472,128,-110,0
2139.16663312912,6928,7144,12112,-175,-72,99,6568,-9560,10468,9,178,-181,-12924,5048,6824,-1002,94,-100,-12916,-5792,7724,-467,188,-111,0
2139.200179100036,6948,7060,11820,-200,-87,146,6468,-9584,10632,25,158,-186,-12936,5060,6632,-1037,104,-92,-13120,-5844,7620,-457,181,-102,0
2139.2334530353546,6868,7148,11940,-232,-171,153,6484,-9544,10408,-4,139,-207,-12792,5104,6768,-1032,76,-88,-12900,-5752,7644,-471,203,-110,0
2139.267203092575,6948,7136,11804,-216,-144,126,6508,-9648,10544,-28,148,-233,-13036,5148,6688,-1004,91,-126,-12812,-5768,7500,-462,189,-88,0
2139.3005800247192,6964,7084,11928,-236,-148,152,6564,-9612,10536,-255,140,-201,-12920,5132,6900,-1052,91,-145,-12964,-5720,7600,-469,178,-105,0
2139.3341109752655,7000,6912,12008,-210,-128,154,6544,-9580,10672,6,136,-197,-12880,5092,6860,-1027,105,-86,-12968,-5720,7632,-474,193,-94,0
2139.3676919937134,6928,7072,11808,-232,-135,137,6448,-9560,10488,15,122,-189,-13016,5000,6720,-1043,148,-121,-13044,-5808,7632,-466,172,-74,0
2139.401039123535,6936,7096,11848,-222,-137,175,6584,-9668,10580,11,116,-203,-12888,5064,6788,-1023,115,-124,-13156,-5772,7596,-467,210,-47,0
2139.434685945511,6924,6928,12012,-217,-157,179,6468,-9608,10308,-250,101,-204,-13028,5032,6884,-1016,82,-174,-13044,-5720,7480,-471,181,-94,0
2139.470669031143,6992,7120,12188,-245,-130,183,6620,-9604,10564,9,107,-177,-13116,5072,7020,-1029,120,-127,-13192,-5776,7552,-472,179,-74,0
2139.5062339305878,6924,7084,11880,-246,-163,173,6480,-9432,10588,12,122,-203,-12892,5060,6772,-1051,129,-119,-13048,-5720,7620,-454,178,-71,0
2139.5422859191895,6992,7068,11784,-5,-162,174,6536,-9728,10384,7,125,-196,-12916,5040,6728,-1041,135,-153,-13256,-5732,7740,-460,173,-104,0
2139.5781900882725,6948,7056,11944,-250,-182,154,6544,-9524,10680,32,133,-202,-12868,5176,6724,-1023,93,-135,-12848,-5780,7432,-453,165,-97,0
2139.613326072693,7048,6916,11948,-214,-186,144,6508,-9532,10592,19,130,-212,-13044,5104,6672,-1017,91,-114,-13144,-5756,7636,-477,201,-103,0
2139.648661136627,7096,7048,11852,-178,-172,159,6536,-9536,10696,19,119,-219,-12832,5004,6752,-1036,100,-160,-13080,-5724,7640,-455,197,-82,0
2139.6838989257812,6936,7044,12272,-202,-219,164,6632,-9536,10388,26,105,-224,-12916,5048,6796,-1027,110,-121,-13144,-5768,7676,-451,181,-81,0
2139.719437122345,7092,7088,11944,-227,-184,164,6472,-9512,10508,-8,102,-204,-12876,5096,6624,-998,124,-83,-13140,-5732,7608,-490,171,-85,0
2139.7545089721684,7036,7040,11928,-185,-145,161,6536,-9720,10312,-1,89,-178,-12892,5088,7040,-1038,101,-124,-13084,-5700,7484,-486,159,-96,0
2139.7904460430145,7052,6980,12064,-243,-161,130,6500,-9348,10600,29,118,-188,-12908,5064,6856,-1050,87,-131,-13100,-5712,7748,-460,173,-101,0
2139.82549905777,7088,7072,11908,-203,-182,140,6656,-9504,10552,-5,149,-183,-12828,4944,6772,-1009,131,-92,-13116,-5780,7576,-453,177,-130,0
2139.860819101333,7056,7076,11908,-215,-199,124,6592,-9400,10776,-29,130,-232,-12932,4972,6664,-997,107,-156,-13132,-5772,7508,-485,210,-90,0
2139.8962519168854,7388,6928,11860,-212,-214,155,6624,-9600,10488,22,115,-209,-12956,4972,6692,-1280,97,-113,-13224,-5740,7600,-464,215,-93,0
2139.9321961402893,7056,7108,12100,-160,-158,143,6664,-9512,10440,28,121,-162,-12824,5060,6700,-1011,76,-83,-12812,-5744,7676,-463,120,-143,0
2139.9687960147858,7084,7124,12028,-173,-107,104,6512,-9444,10708,-30,141,-169,-12948,5056,6848,-972,92,-44,-13312,-5732,7716,-464,105,-117,0
2140.0038571357727,7008,7124,12000,-148,-84,91,6588,-9548,10616,-70,113,-195,-12936,4860,6776,-996,80,-91,-13004,-5884,7652,-537,144,-126,0
2140.0399360656734,7132,7032,11944,-96,-74,116,6536,-9448,10288,-77,121,-169,-12896,4948,6864,-1031,116,-64,-13308,-5648,7544,-505,161,-118,0
2140.074784040451,7032,6984,11976,-135,-55,80,6596,-9468,10552,-22,131,-189,-12864,5016,6656,-1009,161,-83,-12996,-5700,7596,-508,146,-143,0
2140.110203027725,7128,7112,11920,-96,-32,89,6652,-9500,10520,-31,114,-173,-12936,4972,6988,-1010,96,-24,-13060,-5820,7644,-462,126,-119,0
2140.145549058914,7084,7100,11984,-125,-66,94,6420,-9584,10508,-67,127,-171,-12968,5096,6684,-999,101,-64,-13096,-5784,7748,-455,131,-148,0
2140.1790680885315,7076,7044,12104,-92,-253,55,6616,-9480,10372,-39,151,-167,-12908,5044,6796,-1016,78,-72,-13300,-5888,7720,-481,115,-144,0
2140.2127671241765,7112,7008,11784,-128,246,64,6508,-9508,10644,-50,145,-164,-12968,4948,6796,-976,73,-66,-12976,-5760,7592,-507,114,-158,0
2140.2463879585266,7028,7112,12024,-116,-14,62,6480,-9532,10624,-42,161,-171,-12928,5264,6884,-995,59,-50,-13104,-5720,7592,-487,143,-112,0
2140.27959895134,7040,7124,11776,-139,-28,80,6596,-9520,10520,-48,153,-186,-12888,5012,7044,-988,80,-12,-13140,-5688,7628,-496,118,-119,0
2140.3131511211395,7144,7128,11892,-106,-20,93,6548,-9544,10528,-68,147,-157,-12948,5004,6804,-1004,96,-32,-13056,-5724,7688,-477,131,-134,0
2140.346742153168,7040,7352,12028,-115,-17,112,6564,-9512,10428,-53,136,-173,-12896,5012,6948,-1010,95,-124,-13172,-5876,7592,-488,123,-115,0
2140.380208969116,7136,7136,11900,-107,-38,98,6504,-9548,10484,-6,113,-164,-12884,4984,6908,-984,113,-78,-13116,-5800,7552,-496,153,-126,0
2140.4137849807735,6912,7104,11840,-124,-68,74,6648,-9444,10632,-43,140,-186,-12924,5012,6972,-1001,126,-39,-13036,-5780,7924,-496,141,-121,0
2140.447373151779,7136,7064,11900,-121,-26,103,6532,-9580,10628,-17,151,-165,-12940,4992,6748,-1023,123,-42,-13184,-5704,7596,-486,123,-118,0
2140.4808831214905,7048,7112,12044,-113,-47,88,6572,-9492,10540,-60,147,-156,-12848,5076,6788,-1016,114,-67,-13156,-5680,7892,-474,115,-125,0
2140.5143940448766,6996,7024,11980,-130,10,96,6588,-9516,10568,-70,124,-152,-12932,4960,6832,-1277,94,-36,-13108,-5732,7812,-501,57,-128,0
2140.547886133194,6932,6972,12088,-119,14,88,6548,-9556,10516,255,137,-134,-13048,5064,6668,-1011,79,-72,-12836,-5760,7672,-469,140,-124,0
2140.581274032593,6972,7220,11952,-174,-38,120,6620,-9492,10556,15,156,-171,-12776,4932,6688,-1000,64,-68,-12820,-5784,7648,-489,116,-155,0
2140.614753007889,7112,7212,12104,-109,-42,84,6608,-9580,10536,-40,146,-178,-12844,5044,6984,-769,82,-43,-13280,-5780,7716,-477,85,-140,0
2140.6483089923854,6984,7092,12152,-140,-37,74,6528,-9544,10544,-50,136,-193,-12892,4976,6764,-964,87,-79,-13012,-5660,7580,-467,156,-148,0
2140.6817419528966,7000,7024,11868,-105,10,97,6512,-9508,10656,-41,146,-167,-12848,4968,6724,-1007,116,-32,-13080,-5784,7592,-477,124,-137,0
2140.7150020599365,6988,7116,11928,-115,6,74,6544,-9508,10604,-19,152,-156,-12860,5144,6848,-1004,67,-30,-13084,-5884,7728,-472,102,-138,0
2140.748589992523,6848,7208,12048,-138,0,92,6528,-9536,10492,-39,150,-164,-12844,4884,6900,-992,79,-33,-13028,-5776,7740,-489,85,-135,0
2140.7818081378937,6660,7148,12056,-155,-5,98,6500,-9584,10580,-58,149,-159,-12824,5040,6820,-1016,89,-80,-13000,-5692,7596,-491,134,-126,0
2140.8152880668645,6964,7136,12140,-86,-17,110,6592,-9552,10508,-36,102,-158,-12904,4900,6796,-987,119,-107,-13016,-5792,7640,-479,145,-120,0
2140.8489429950714,7028,7168,11948,-136,-53,109,6584,-9500,10560,-13,137,-175,-12932,5012,6628,-1037,130,-80,-13092,-5704,7712,-488,138,-118,0
2140.882360935211,6876,7248,11988,-111,-51,121,6568,-9612,10500,-11,123,-187,-12660,5064,6804,-1013,135,-66,-13116,-5760,7768,-501,146,-108,0
2140.9155609607697,6984,7168,11948,-135,-59,112,6580,-9532,10648,-30,137,-184,-12956,4952,6840,-969,75,-71,-13156,-5780,7792,-491,132,-111,0
2140.949296951294,6968,7192,12016,-126,-11,85,6592,-9560,10504,-39,161,-176,-12908,4924,6696,-991,61,-68,-13036,-5748,7548,-468,143,-139,0
2140.982725143432,6956,7164,11960,-135,-32,79,6640,-9316,10724,-23,143,-186,-12860,5132,6932,-1023,99,-63,-13052,-5776,7660,-476,127,-134,0
2141.0164370536804,7064,7108,11888,-139,-31,116,6556,-9648,10664,-23,181,-185,-12872,4976,6844,-998,87,-55,-13068,-5772,7736,-486,135,-120,0
2141.049940109253,6892,7140,11984,-143,-43,88,6504,-9544,10564,-43,126,-186,-12928,5088,6788,-988,75,-60,-12812,-5808,7528,-455,100,-146,0
2141.0834391117096,6948,7068,12008,-127,-14,84,6532,-9604,10620,-50,131,-156,-12832,5012,6832,-1007,110,-77,-13116,-5744,7712,-474,149,-79,0
2141.117147922516,6704,7100,11928,-122,-47,114,6508,-9536,10632,-5,114,-179,-12848,4936,6956,-1011,80,-122,-12968,-5812,7488,-479,146,-116,0
2141.1527950763702,6896,7196,11860,-134,-36,101,6584,-9504,10600,-26,106,-173,-12616,5092,6656,-1009,111,-73,-13052,-5804,7636,-497,148,-117,0
2141.1886510849,6892,7104,12036,-164,-39,127,6600,-9592,10528,-253,124,-177,-12860,5060,6820,-1019,115,-81,-12852,-5832,7796,-487,168,-71,0
2141.223587989807,6944,6920,11956,-200,-58,131,6560,-9604,10452,-35,161,-178,-12916,5084,6708,-1033,112,-99,-13060,-5800,7672,-489,177,-102,0
2141.2598960399628,6948,7140,12012,-204,-91,159,6600,-9572,10600,-16,135,-204,-12832,5004,6716,-1011,130,-125,-13104,-5752,7676,-488,179,-106,0
2141.2949390411377,6960,7156,11900,-207,-129,143,6476,-9564,10564,-5,125,-201,-12868,5008,6796,-984,150,-100,-13072,-5740,7616,-485,199,-93,0
2141.330878973007,6904,7108,11852,-235,-148,135,6608,-9568,10624,-49,122,-206,-12912,5064,6728,-988,119,-143,-13296,-5720,7892,-482,176,-81,0
2141.3671441078186,6728,7076,11900,-219,-124,157,6468,-9620,10532,-43,123,-181,-12816,5096,6776,-1019,100,-131,-13048,-5724,7848,-490,171,-81,0
2141.4023859500885,6936,7028,11860,-284,-170,167,6540,-9540,10676,29,125,-214,-12936,5024,6760,-1035,134,-114,-13032,-5776,7720,-474,209,-64,0
2141.43759393692,6948,7120,11984,-271,-141,166,6612,-9480,10604,16,118,-202,-12860,5008,6948,-1032,115,-158,-13168,-5756,7700,-474,210,-100,0
2141.4733250141144,6776,6932,11880,-269,-159,164,6892,-9256,10436,-251,133,-204,-12896,5032,6932,-957,101,-103,-13100,-5736,7592,-482,198,-80,0
2141.5093331336975,6972,7076,12024,-261,-163,139,6628,-9512,10576,12,117,-218,-12928,5024,6824,-1034,131,-131,-13124,-5684,7664,-455,136,-92,0
2141.5448241233826,7120,7104,11996,-202,-157,159,6444,-9576,10404,26,119,-182,-12884,4908,6912,-772,95,-114,-13116,-5760,7640,-497,159,-108,0
2141.580265045166,7000,7068,12020,-502,-113,148,6548,-9412,10544,233,116,-170,-12960,4896,6936,-991,99,-102,-13308,-5860,7568,-473,117,-99,0
2141.6154329776764,7100,7368,12204,-245,-120,148,6516,-9496,10592,13,133,-192,-12932,5016,6796,-980,83,-119,-13144,-5748,7656,-476,173,-103,0
2141.651803970337,6956,6984,11920,-233,-173,165,6548,-9484,10596,9,102,-230,-12884,4988,6808,-1057,113,-130,-13120,-5692,7708,-491,218,-73,0
2141.6882021427155,7000,7060,12128,-240,-197,192,6524,-9524,10608,37,104,-234,-12844,4972,7040,-1028,149,-110,-13216,-5564,7592,-494,227,-81,0
2141.7233190536494,7044,7028,11924,-222,-213,175,6592,-9488,10620,7,92,-218,-12652,4984,7000,-1027,164,-105,-13152,-5444,7732,-478,183,-74,0
2141.7587709426884,7060,7056,11964,-1,-192,167,6684,-9480,10588,-18,95,-227,-12796,5048,6840,-1003,120,-96,-13096,-5752,7748,-465,181,-95,0
2141.7941229343414,7148,7004,12008,-252,-190,175,6636,-9636,10600,255,118,-214,-12964,5004,6744,-774,93,-147,-13140,-5432,7436,-470,167,-82,0
2141.829430103302,7104,7016,11904,-219,-154,161,6544,-9304,10584,24,96,-196,-12924,4964,6808,-1026,129,-127,-12888,-5696,7428,-484,178,-97,0
2141.862981081009,7056,7084,12012,-214,-179,159,6596,-9404,10572,254,129,-211,-12816,5040,6780,-1036,128,-67,-13036,-5708,7692,-474,160,-80,0
2141.8964431285854,7084,7040,11980,-197,-175,145,6620,-9492,10764,4,105,-224,-12916,4972,6736,-995,114,-111,-13000,-5756,7596,-469,199,-81,0
2141.9300079345703,7056,7080,11776,-233,-164,155,6712,-9256,10636,10,96,-214,-12948,5052,6896,-1274,102,-120,-13168,-5768,7776,-475,192,-102,0
2141.9634749889374,7020,7040,11812,-187,-113,131,6532,-9508,10632,-36,97,-210,-12912,4964,6860,-998,128,-142,-13036,-5724,7596,-469,138,-121,0
2141.997223138809,7368,6972,11984,-146,-87,147,6572,-9704,10728,-63,113,-204,-12940,4976,6788,-1003,121,-87,-13120,-5712,7668,-760,124,-121,0
2142.0308039188385,7080,7068,11784,-118,-62,111,6400,-9460,10556,-71,110,-206,-12916,5044,6744,-1009,88,-75,-12832,-5684,7656,-491,97,-133,0
2142.0644490718846,7140,6956,11812,-125,13,75,6672,-9464,10672,-28,162,-166,-12952,5016,6824,-1010,60,-29,-13224,-5772,7592,-496,122,-115,0
2142.0980949401855,7000,7000,11868,-100,29,79,6624,-9492,10440,-26,152,-139,-13000,4896,6668,-997,84,-20,-13076,-5712,7608,-503,104,-109,0
2142.1316080093384,7084,7052,11948,-127,40,55,6644,-9524,10524,-61,149,-146,-12860,4936,6816,-980,70,-32,-13220,-5648,7728,-490,65,-154,0
2142.16502904892,7128,7032,11864,-127,14,61,6568,-9408,10636,-58,186,-125,-12904,5044,6916,-1050,77,-89,-13024,-5688,7892,-501,116,-154,0
2142.198650121689,6920,6940,11796,-141,-255,69,6588,-9624,10532,-2,156,-174,-12960,4968,6900,-1022,72,-80,-12848,-5816,7632,-479,130,-106,0
2142.2324459552765,6968,7108,12180,-98,-256,53,6464,-9584,10588,-51,153,-181,-12888,4976,7104,-985,89,-56,-13004,-5744,7680,-504,120,-163,0
2142.265825033188,7000,7048,11996,-135,-1,57,6580,-9496,10684,-80,201,-170,-12892,4972,6576,-973,81,-50,-13072,-5740,7512,-481,146,-145,0
2142.2995569705963,7056,7040,12020,-155,255,69,6504,-9548,10524,-55,140,-174,-12944,5240,7096,-985,86,-65,-13176,-5712,7648,-495,83,-130,0
2142.3329799175262,7084,6980,12120,-103,19,64,6672,-9696,10568,-40,141,-151,-12840,4924,7124,-1004,96,-53,-13184,-5764,7704,-499,67,-150,0
2142.36652803421,7004,7084,11976,-118,32,78,6580,-9460,10736,-67,155,-144,-12916,4980,6792,-999,72,242,-13036,-5760,7676,-500,85,-159,0
2142.4000661373134,7108,7068,12040,-137,241,73,6424,-9568,10612,-69,165,-148,-12880,4984,6676,-984,58,-23,-13052,-5708,7568,-469,108,-143,0
2142.4336590766907,7028,7092,12064,-130,-21,118,6560,-9496,10584,-52,173,-158,-12760,5020,6752,-1006,83,-12,-13196,-5680,7628,-497,116,-133,0
2142.467344045639,6912,7088,12016,-106,-36,89,6644,-9572,10396,-47,133,-159,-12912,4960,6904,-1014,110,-60,-13004,-5704,7552,-485,154,-125,0
2142.501070022583,7012,7096,11908,-125,-35,72,6644,-9544,10516,-25,121,-182,-12924,4996,6824,-1023,124,-72,-13060,-5884,7564,-514,100,-127,0
2142.5345609188084,7116,7016,12024,-121,-26,76,6584,-9536,10524,-49,144,-175,-12976,5004,6700,-1002,105,-60,-13124,-5740,7700,-490,112,-172,0
2142.5682430267334,6940,7036,12016,-156,-11,82,6636,-9624,10632,-50,182,-191,-12916,5024,6956,-986,59,-65,-13080,-5724,7732,-473,98,-148,0
2142.6018249988556,6916,7044,11984,-148,-13,59,6612,-9480,10604,-29,147,-156,-12824,4972,6848,-1014,87,-26,-13100,-5708,7916,-260,111,-162,0
2142.635295152664,7024,7104,11904,-145,-31,88,6600,-9524,10612,-42,168,-133,-13052,4936,6784,-1016,65,-34,-13084,-5728,7672,-505,116,-141,0
2142.6689510345454,6916,7364,11988,-148,-30,69,6504,-9576,10504,-40,150,-173,-12836,5028,6684,-996,102,-57,-13048,-5728,7736,-491,116,-114,0
2142.702423095703,7144,7060,11884,-115,-16,84,6508,-9548,10552,-57,149,-195,-12948,4948,6792,-996,105,-90,-13136,-5792,7756,-481,129,-146,0
2142.7361900806427,7152,7068,12008,-138,-53,100,6620,-9440,10540,-64,149,-191,-12984,4968,6716,-1020,93,-97,-12824,-5748,7928,-482,118,-122,0
2142.769763946533,6736,7116,12016,-159,-56,112,6512,-9568,10608,-41,142,-186,-12844,5016,6740,-1000,106,-71,-13024,-5716,7772,-459,150,-110,0
2142.8029360771175,7016,7112,11896,-157,-57,97,6544,-9468,10600,-9,91,-180,-12828,5000,6856,-1017,133,-107,-13304,-5736,7684,-488,151,-103,0
2142.839924097061,6884,7060,12060,-132,-86,118,6640,-9472,10536,-53,149,-180,-13012,4920,6864,-1016,111,-132,-12808,-5812,7668,-515,164,-155,0
2142.8754069805145,7096,7108,11940,-150,-79,144,6548,-9448,10548,-45,140,-180,-12968,4984,6772,-987,127,-74,-13024,-5716,7676,-473,127,-90,0
2142.910632133484,6984,7100,12072,-139,-44,130,6604,-9516,10620,-46,139,-166,-12884,5124,6864,-992,93,-22,-13108,-5724,7748,-492,118,-114,0
2142.9455909729004,6956,7008,12144,-167,-61,116,6900,-9532,10668,-11,168,-177,-12972,5080,6712,-1015,80,-39,-13008,-5764,7752,-494,150,-119,0
2142.9845480918884,6828,7136,11956,-241,-86,108,6676,-9524,10484,34,156,-190,-12804,5008,6760,-994,93,-88,-12984,-5644,7472,-490,138,-110,0
2143.0213420391083,6820,7180,12084,-175,-111,142,6504,-9544,10844,-40,139,-202,-12988,5124,7052,-997,116,-144,-12856,-5820,7784,-499,176,-97,0
2143.0573289394374,6868,7024,12044,-191,-132,131,6500,-9552,10596,-35,123,-206,-12836,5084,6888,-977,99,-119,-12976,-5700,7764,-507,201,-113,0
2143.0924940109253,6988,7080,11924,-196,-126,138,6576,-9400,10584,-49,131,-225,-12920,5036,6816,-1015,130,-110,-13008,-5696,7768,-479,182,-101,0
2143.1276071071625,7072,6996,11884,-203,-127,138,6528,-9448,10540,-14,122,-192,-12812,5060,6824,-983,127,-79,-12972,-5688,7672,-474,149,-87,0
2143.1633789539337,6984,7072,11976,-512,-161,141,6532,-9608,10644,-37,166,-184,-12988,4968,6728,-982,96,-143,-13068,-5812,7724,-480,176,-92,0
2143.1987080574036,6968,7068,11964,-252,-148,163,6500,-9476,10628,-17,67,-206,-12912,4900,6808,-989,96,-108,-13284,-5776,7584,-522,186,-87,0
2143.233542919159,7052,7048,11864,-205,-163,163,6560,-9528,10644,-17,110,-204,-12860,5036,6908,-1037,121,-161,-13116,-5672,7556,-258,213,-86,0
2143.2684450149536,6948,7040,11916,-236,-170,179,6636,-9656,10564,252,87,-224,-12896,4960,6704,-1011,147,-102,-12856,-5476,7672,-484,213,-58,0
2143.3040149211884,6752,7108,11912,-229,-206,191,6588,-9664,10616,14,97,-228,-12964,4964,6812,-1007,131,-120,-13112,-5748,7692,-469,198,-80,0
2143.3402559757233,6992,7076,11956,-261,-194,184,6596,-9576,10712,25,124,-206,-12928,4976,6660,-1004,117,-148,-13180,-5808,7676,-492,169,-96,0
2143.3755769729614,7084,7020,11956,-267,-188,136,6508,-9616,10312,253,146,-194,-12876,4960,6400,-1008,105,-102,-13036,-5660,7656,-491,169,-88,0
2143.410956144333,7028,7108,12004,-218,-194,155,6584,-9488,10272,15,127,-216,-12800,4916,7148,-1020,104,-123,-13096,-5824,7612,-476,153,-96,0
2143.447207927704,7052,6924,11928,-237,-185,165,6652,-9716,10540,-3,107,-218,-12860,4976,6736,-1279,128,-92,-13008,-5684,7684,-461,170,-84,0
2143.4837210178375,7052,6992,12176,-193,-203,158,6712,-9540,10588,-10,106,-225,-12972,5060,6724,-989,97,-168,-13116,-5760,7712,-488,184,-65,0
2143.517322063446,7076,7016,11956,-216,-187,144,6432,-9712,10620,254,126,-213,-12904,4964,6640,-1019,116,-143,-13120,-5804,7560,-496,174,-83,0
2143.550833940506,7068,7016,11784,-177,-189,156,6700,-9448,10616,253,105,-204,-12868,5040,6648,-1021,135,-105,-13096,-5760,7716,-489,204,-94,0
2143.5843250751495,7052,7040,11908,-197,-165,149,6528,-9496,10596,8,116,-201,-12940,4980,6740,-772,140,-112,-13044,-5768,7648,-468,154,-101,0
2143.617959022522,7124,7032,11960,-146,-163,166,6596,-9256,10696,-16,115,-207,-12848,4960,6844,-1279,122,-117,-13116,-5772,7588,-496,145,-110,0
2143.6512730121613,7052,7020,11984,-176,-163,144,6436,-9440,10604,-23,115,-205,-12964,5012,6892,-1001,114,-158,-13124,-5756,7632,-505,155,-131,0
2143.684634923935,7204,7116,12008,-172,-116,135,6640,-9404,10636,-52,119,-184,-12840,4940,6728,-996,153,-55,-13212,-5716,7676,-471,177,-86,0
2143.718183994293,7396,6676,11688,-136,-104,114,6864,-9408,10572,-82,131,-187,-12932,4984,6784,-1019,114,-32,-13300,-5636,7668,-508,98,-105,0
2143.7518551349644,7352,6868,11968,-138,-44,108,6600,-9492,10632,-34,119,-174,-12948,4984,6784,-1280,79,-88,-13104,-5708,7576,-484,134,-156,0
2143.7853190898895,7048,6940,11924,-162,-29,86,6556,-9368,10428,10,163,-160,-12932,5028,6636,-1270,60,-82,-13164,-5648,7616,-468,126,-155,0
2143.8189330101013,7092,7036,11768,-95,26,85,6532,-9564,10656,-60,145,-165,-12928,4952,6804,-996,95,-77,-13140,-5644,7632,-476,126,-138,0
2143.8521699905396,7204,7028,11960,-110,-46,78,6684,-9560,10724,-70,162,-180,-12916,5088,6672,-980,70,-63,-13212,-5876,7652,-495,143,-162,0
2143.8854711055756,7088,6992,12000,-103,-17,81,6688,-9572,10604,-47,151,-139,-12868,5008,6740,-1032,86,-57,-12828,-5748,7588,-494,76,-115,0
2143.91880106926,7064,7116,11952,-72,26,80,6608,-9504,10584,-67,145,-145,-12824,5024,6816,-982,101,-26,-13084,-5800,7628,-502,88,-156,0
2143.9523389339447,7088,7052,11840,-78,32,66,6536,-9512,10688,-77,142,-129,-12900,5008,6820,-946,5,-65,-13056,-5748,7752,-464,89,-150,0
2143.985486984253,7056,7116,12204,-115,6,60,6504,-9476,10540,-70,167,-159,-12788,5136,6832,-994,84,-9,-13020,-5756,7760,-492,117,-130,0
2144.0192880630493,7020,7056,12180,-81,251,84,6588,-9424,10544,-53,152,-150,-12856,4968,6888,-979,95,-41,-12832,-5756,7628,-497,124,-140,0
2144.0528860092163,6984,7048,11996,-137,-46,83,6600,-9248,10652,-70,148,-169,-12860,4968,6664,-1008,109,-68,-13152,-5708,7788,-499,138,-123,0
2144.08614897728,7112,6956,11820,-97,-7,63,6636,-9524,10480,-59,106,-178,-12888,4912,6696,-1005,109,-88,-13084,-5668,7552,-501,131,-139,0
2144.1201400756836,7068,7140,12128,-130,-54,83,6560,-9544,10500,-84,147,-171,-12924,4992,7032,-983,98,-101,-13020,-5736,7600,-492,108,-139,0
2144.153613090515,6996,7136,12024,-124,29,80,6628,-9464,10476,-78,140,-173,-12904,5052,6416,-979,106,-38,-13100,-5752,7892,-489,106,-130,0
2144.1870789527893,6984,7092,11820,-127,-13,105,6908,-9504,10608,-47,150,-166,-12904,4976,6712,-776,75,-34,-12856,-5716,7652,-508,134,-135,0
2144.2206001281734,7000,7112,11988,-115,3,82,6848,-9368,10684,-49,137,-152,-12872,4988,6756,-1007,87,-58,-13272,-5768,7704,-495,122,-147,0
2144.2542419433594,7052,7072,11856,-107,-30,66,6560,-9628,10568,-58,163,-125,-12876,5028,6756,-967,65,-58,-13072,-5744,7740,-469,119,-147,0
2144.2875390052795,7076,7028,12020,-114,-19,70,6576,-9528,10596,-64,153,-152,-12600,5172,6804,-975,89,-87,-13088,-5756,7584,-459,111,-149,0
2144.3210690021515,7044,7084,11868,-126,-13,79,6500,-9592,10584,-48,146,-158,-12880,4948,6780,-1022,86,-45,-13228,-5796,7604,-497,140,-144,0
2144.354331970215,7016,7068,12080,-125,-51,87,6564,-9556,10472,-46,149,-174,-12888,5008,6652,-1018,89,-43,-13140,-5760,7708,-762,151,-157,0
2144.3875670433044,6996,6948,11892,-134,-40,91,6860,-9536,10508,-39,150,-161,-12912,5088,6812,-967,114,-80,-13024,-5812,7820,-479,133,-132,0
2144.4210350513454,6968,7124,11932,-116,-37,101,6588,-9540,10724,-37,119,-146,-12844,5064,6520,-971,121,-19,-13000,-5696,7868,-483,154,-132,0
2144.4545209407806,6928,7104,11952,-144,-36,98,6580,-9600,10644,-41,125,-180,-12800,5064,6800,-1003,98,-45,-13064,-5768,7636,-471,140,-128,0
2144.487792015076,7080,7088,12228,-141,-52,93,6528,-9252,10668,-90,135,-172,-12848,5172,6660,-971,95,-73,-13228,-5696,7632,-485,109,-128,0
2144.5239980220795,7092,7008,11896,-135,-45,90,6564,-9632,10324,-33,134,-144,-12872,5092,6988,-1016,96,-32,-12892,-5732,7844,-260,159,-137,0
2144.5591769218445,6984,7080,11916,-170,-49,96,6536,-9504,10560,-17,154,-171,-12840,4960,7156,-1030,94,-75,-13168,-5832,7792,-500,123,-137,0
2144.593950986862,7080,7180,11804,-97,-37,107,6604,-9520,10672,-60,148,-161,-12856,5056,6540,-997,92,-89,-12984,-5888,7708,-491,134,-117,0
2144.629498958588,7016,7068,11968,-127,-49,76,6552,-9636,10512,-51,146,-164,-12912,5016,6816,-967,68,-55,-13064,-5692,7632,-478,156,-121,0
2144.6650080680847,7012,7064,11852,-137,-46,103,6556,-9628,10532,-48,144,-166,-12896,4956,6868,-1001,95,-56,-13120,-5724,7728,-482,134,-113,0
2144.700364112854,7024,7340,11936,-142,-18,92,6624,-9504,10564,-56,125,-141,-12820,4976,6804,-1004,76,-69,-13072,-5800,7684,-449,145,-155,0
2144.735559940338,6708,7156,11936,-166,-19,112,6572,-9592,10512,-39,166,-175,-12856,5168,6772,-959,65,-83,-13104,-5748,7648,-460,152,-124,0
2144.770873069763,6760,7088,12224,-188,-60,107,6528,-9532,10580,-16,161,-177,-12940,5088,6796,-1000,87,-60,-13056,-5704,7852,-499,136,-137,0
2144.8061311244965,6908,7144,11912,-160,-81,126,6572,-9536,10584,10,166,-195,-13052,5048,6804,-1041,82,-101,-13048,-5736,7764,-479,185,-72,0
2144.842008113861,6660,7124,11960,-201,-141,151,6476,-9544,10628,-16,122,-207,-12848,5072,6876,-1016,140,-174,-12848,-5784,7920,-492,204,-76,0
2144.8780970573425,6892,7052,12012,-194,-163,184,6516,-9556,10640,-27,101,-224,-12624,4864,6852,-974,131,-100,-13060,-5864,7680,-509,213,-108,0
2144.9134969711304,6996,7020,11852,-208,-173,151,6608,-9556,10572,-46,115,-220,-12600,5056,6736,-906,98,-128,-13136,-5648,7592,-484,190,-61,0
2144.9487781524654,6972,7064,12036,-234,-147,185,6580,-9492,10572,-27,128,-211,-12944,5060,6900,-984,104,-98,-13076,-5784,7620,-494,168,-92,0
2144.983869075775,7072,7088,11932,-249,-153,174,6456,-9316,10556,-10,130,-192,-12808,4948,6844,-1002,121,-118,-13036,-5760,7628,-493,193,-78,0
2145.0201470851894,7052,7052,11908,-258,-166,150,6572,-9568,10688,-13,122,-242,-12912,4996,6792,-998,147,-103,-13040,-5784,7528,-477,202,-83,0
2145.0553390979767,7336,7104,12128,-250,-191,185,6576,-9712,10744,17,118,-243,-12940,5064,6984,-1280,107,-119,-12920,-5740,7684,-479,197,-84,0
2145.090837955475,7156,7016,11976,-511,-187,145,6580,-9524,10500,13,100,-203,-12872,5108,6876,-1008,107,-114,-13100,-5820,7556,-481,195,-89,0
2145.1261510849,7028,7024,11876,-267,-194,186,6468,-9548,10616,11,110,-207,-12976,4976,6752,-1006,128,-98,-13080,-5708,7888,-486,184,-75,0
2145.1634290218353,7096,7084,11920,-267,-198,174,6644,-9548,10564,2,140,-243,-13012,5000,6792,-1002,107,-152,-12824,-5424,7720,-458,183,-72,0
2145.1968410015106,6976,7024,11960,-223,-175,179,6672,-9224,10532,-256,124,-202,-12940,4992,6848,-1031,114,-137,-13084,-5736,7728,-462,182,-73,0
2145.230404138565,7084,7052,12012,-215,-182,173,6556,-9584,10520,23,108,-203,-12824,4956,6404,-1011,124,-114,-13100,-5696,7664,-486,192,-85,0
2145.264018058777,7104,7032,11820,-238,-206,169,6568,-9460,10560,-2,117,-218,-12856,5060,6780,-1004,123,-91,-13112,-5748,7520,-453,160,-86,0
2145.2975001335144,7108,6988,11948,-225,-185,141,6568,-9436,10536,-29,132,-196,-12952,4964,6692,-977,131,-111,-13068,-5800,7740,-480,147,-65,0
2145.3309140205383,7128,6984,11824,-226,-186,174,6592,-9528,10508,-15,100,-202,-12612,5084,6788,-1049,99,-113,-13128,-5792,7700,-505,158,-99,0
2145.3644881248474,7016,6940,11924,-240,-175,160,6720,-9504,10328,43,113,-223,-12960,4876,6792,-1034,94,-96,-13060,-5720,7612,-472,173,-65,0
2145.398071050644,7096,7000,12028,-222,-201,156,6480,-9456,10556,-22,124,-202,-12904,4944,6680,-991,112,-93,-12992,-5860,7648,-460,179,-96,0
2145.4317009449005,7076,7060,12016,-215,-196,147,6580,-9524,10572,-28,137,-220,-12936,4904,6764,-1000,117,-118,-13108,-5608,7764,-492,189,-106,0
2145.4653220176697,7100,6996,12060,-218,-153,143,6540,-9468,10672,-254,111,-207,-13028,5060,6728,-1262,123,-122,-13172,-5660,7668,-483,163,-90,0
2145.4987959861755,7124,6984,12024,-150,-127,150,6424,-9496,10476,-58,106,-193,-12872,4936,6772,-1007,94,-81,-13096,-5696,7536,-476,94,-114,0
2145.5321600437164,7168,6964,11960,-123,-85,113,6592,-9524,10556,-66,132,-152,-12904,4928,6780,-1011,91,-72,-13088,-5756,7716,-261,74,-112,0
2145.565670013428,7136,6956,11956,-130,-37,108,6696,-9500,10612,-84,144,-154,-12896,4904,6752,-999,83,-41,-13064,-5644,7688,-502,121,-145,0
2145.5992679595947,7168,7040,11892,-94,-19,77,6576,-9348,10596,-50,159,-163,-12884,5020,6712,-1042,98,-71,-13088,-5632,7476,-506,119,-135,0
2145.632873058319,7192,6972,11952,-123,-5,67,6656,-9560,10672,-33,134,-169,-12940,4944,6880,-1006,128,-88,-13120,-5700,7512,-490,135,-142,0
2145.6664690971375,7300,7028,11864,-109,255,74,6428,-9224,10600,-64,152,-177,-12936,5028,6748,-988,95,-70,-13276,-5672,7668,-467,130,-125,0
2145.699938058853,7004,7052,11964,-66,-28,70,6588,-9596,10572,-74,152,-185,-12948,4936,6788,-998,100,-34,-13132,-5660,7724,-472,116,-133,0
2145.7335519790654,7020,7144,11892,-117,8,69,6496,-9532,10576,-50,179,-145,-12888,5068,6724,-991,83,-22,-13112,-5748,7540,-502,123,-165,0
2145.766965150833,7312,7164,11892,-109,1,66,6848,-9532,10536,-84,196,-170,-12868,5012,6828,-981,79,-48,-13116,-5772,7636,-483,112,-146,0
2145.8006789684296,7088,7052,11780,-91,30,81,6628,-9516,10604,-61,172,-158,-12876,4976,6700,-1009,90,-36,-12984,-5756,7668,-505,92,-153,0
2145.834300994873,7036,6988,12156,-109,38,55,6604,-9272,10436,-63,177,-151,-12908,5044,6828,-982,87,-66,-13280,-5744,7908,-507,125,-165,0
2145.867933034897,7004,6972,12000,-112,17,75,6564,-9508,10500,-59,148,-181,-12924,4964,6808,-990,109,-74,-13036,-5800,7732,-477,103,-113,0
2145.901437997818,7008,7028,12056,-106,-42,79,6600,-9560,10708,-57,131,-190,-12888,5080,6940,-981,96,-27,-13088,-5760,7660,-487,135,-133,0
2145.9349319934845,7092,7120,11896,-118,-24,93,6604,-9548,10460,-36,133,-168,-12860,4952,6856,-1004,120,-59,-13128,-5828,7928,-504,130,-117,0
2145.9684040546417,6952,6956,12216,-123,-6,100,6644,-9264,10524,-38,138,-157,-13060,4944,7120,-971,81,-70,-13080,-5680,7596,-492,123,-143,0
2146.001932144165,7012,7040,11836,-124,14,89,6640,-9584,10632,-54,140,-151,-12920,5024,6808,-986,104,-60,-13064,-5700,7676,-499,112,-148,0
2146.0354940891266,6740,7008,12132,-109,-10,81,6576,-9424,10704,-47,160,-157,-12768,4984,6904,-990,95,-86,-13176,-5808,7552,-479,129,-133,0
2146.0691590309143,7072,7056,11780,-120,-11,86,6652,-9452,10564,-62,117,-158,-12932,4956,6596,-1000,96,-37,-13140,-5764,7928,-474,94,-126,0
2146.10263299942,7052,7088,11852,-134,-22,84,6608,-9524,10720,-43,144,-146,-13020,5148,6744,-1009,72,-41,-13112,-5736,7784,-499,120,-124,0
2146.1360380649567,6964,7072,11904,-145,-5,75,6596,-9556,10604,-38,164,-160,-12900,5040,6748,-1006,99,-68,-13024,-5764,7536,-476,124,-137,0
2146.1696479320526,7032,7008,11956,-90,23,122,6612,-9508,10676,-66,150,-157,-12816,5008,6900,-996,71,-66,-12964,-5816,7780,-476,104,-148,0
2146.207370042801,7012,7056,12024,-133,-34,63,6548,-9500,10584,-60,154,-183,-12848,5068,6972,-994,92,-88,-13048,-5624,7736,-461,146,-123,0
2146.242326974869,7048,7024,12044,-134,-66,69,6408,-9620,10604,-31,158,-185,-12800,5064,6740,-1003,124,-76,-13128,-5768,7636,-461,133,-112,0
2146.2780730724335,7020,7020,11916,-99,255,65,6524,-9516,10520,-25,156,-161,-12788,4944,6720,-1011,88,-50,-13044,-5772,7888,-469,85,-141,0
2146.3133261203766,6912,7148,12080,-118,-4,93,6468,-9252,10576,-52,149,-177,-12956,4864,6812,-993,74,-63,-13016,-5784,7764,-469,125,-161,0
2146.349317073822,6960,7376,11784,-146,-41,109,6524,-9684,10516,-55,152,-169,-12948,5004,6828,-983,82,-96,-13256,-5748,7828,-498,135,-138,0
2146.3848559856415,7136,7068,11912,-112,-27,113,6552,-9468,10720,-14,149,-171,-12844,5032,6764,-1019,136,-53,-13112,-5672,7652,-506,132,-148,0
2146.420069932937,7096,7168,12072,-165,-59,113,6504,-9520,10556,-42,114,-214,-12808,5324,6872,-1000,144,-119,-13000,-5764,7716,-478,145,-114,0
2146.4555699825287,6912,7164,11792,-110,-117,103,6504,-9564,10560,-31,100,-184,-12900,5072,6776,-1004,118,-66,-13172,-5772,7860,-493,157,-109,0
2146.4919290542603,6932,7100,11964,-151,-43,106,6624,-9596,10684,-44,132,-181,-12920,5004,6804,-993,111,-85,-13256,-5792,7584,-470,150,-113,0
2146.5279340744014,7164,7232,12044,-134,-45,66,6592,-9484,10560,-42,132,-163,-13024,5000,6804,-991,94,-78,-13124,-5784,7540,-497,122,-128,0
2146.5635850429535,6956,7196,12060,-145,-45,104,6600,-9696,10608,-46,163,-182,-12816,5016,6760,-1000,77,-50,-12844,-5788,7600,-478,143,-126,0
2146.5989379882812,6980,7068,11876,-118,-38,104,6472,-9500,10524,-65,123,-190,-12924,4968,6736,-964,88,-121,-12932,-5760,7728,-498,166,-157,0
2146.6342790126805,7060,7080,11908,-133,-32,103,6556,-9624,10612,-29,147,-168,-12916,5116,6908,-991,91,-34,-13052,-5732,7644,-465,142,-114,0
2146.669956922531,6956,6976,12112,-161,-58,111,6520,-9592,10684,-47,148,-164,-12880,5060,6884,-1037,108,-127,-12996,-5704,7636,-486,173,-115,0
2146.7050371170044,6980,7108,12008,-162,-95,123,6580,-9632,10500,11,119,-209,-12888,5016,6808,-1014,120,-97,-13008,-5692,7628,-471,165,-69,0
2146.7407629489894,6980,7160,11848,-197,-142,131,6460,-9560,10524,-19,106,-191,-12956,5000,6884,-1007,115,-112,-13240,-5716,7688,-498,210,-84,0
2146.77614402771,7008,7232,12000,-171,-160,119,6604,-9496,10584,-30,132,-204,-12840,5072,6824,-979,110,-164,-13184,-5784,7772,-492,173,-81,0
2146.811996936798,7084,7104,11968,-158,-144,139,6512,-9520,10576,-15,131,-223,-12880,5020,6820,-984,123,-129,-13256,-5700,7724,-471,155,-76,0
2146.8484230041504,6992,7044,11840,-179,-132,137,6556,-9612,10592,-39,144,-196,-12968,5048,6800,-991,116,-108,-13104,-5844,7752,-461,196,-69,0
2146.88178896904,7128,7064,11928,-220,-139,157,6584,-9488,10312,-9,139,-201,-12620,4976,6740,-985,121,-75,-13152,-5876,7716,-458,171,-95,0
2146.9149680137634,7096,7364,11932,-226,-114,154,6560,-9532,10508,-54,111,-194,-12796,4980,6768,-996,114,-97,-13148,-5692,7576,-483,156,-66,0
2146.948642015457,7056,7080,11852,-253,-158,166,6508,-9584,10344,31,113,-211,-12884,5016,6816,-770,120,-131,-13044,-5748,7708,-484,172,-102,0
2146.9821641445164,7072,7104,11892,-251,-164,176,6660,-9444,10620,29,140,-211,-12892,5076,6820,-1034,122,-141,-13084,-5844,7704,-476,153,-90,0
2147.015480041504,6996,7336,11876,-244,-158,153,6548,-9504,10548,-16,104,-240,-12888,4976,6816,-962,129,-119,-13060,-5712,7580,-485,191,-70,0
2147.0492539405823,7060,7012,12228,-266,-163,149,6632,-9528,10576,-29,111,-241,-12960,4976,6840,-974,94,-110,-13304,-5884,7500,-444,200,-93,0
2147.082874059677,7056,7096,11980,-206,-143,153,6676,-9520,10632,-6,110,-196,-12932,5096,6680,-1027,97,-65,-13288,-5812,7856,-474,129,-109,0
2147.1164360046387,7136,7080,11944,-194,-117,153,6552,-9524,10584,-11,115,-145,-12908,5088,6768,-1017,108,-107,-12804,-5880,7904,-472,129,-97,0
2147.149801969528,6996,7112,12076,-205,-165,131,6704,-9512,10588,4,128,-182,-12816,5072,6792,-1005,78,-111,-13004,-5844,7668,-478,146,-123,0
2147.183356046676,6976,7084,12048,-183,-148,163,6520,-9512,10576,-14,118,-191,-12892,4924,6896,-1025,97,-96,-13104,-5712,7756,-491,182,-80,0
2147.2170720100403,7120,7072,12020,-204,-216,168,6492,-9532,10524,7,83,-213,-12868,5044,6840,-1045,144,-126,-13092,-5728,7648,-478,213,-49,0
2147.250597000122,7136,7004,11972,-236,-215,181,6412,-9244,10540,-250,81,-241,-12876,4976,6820,-1046,164,-147,-13056,-5484,7732,-486,207,-87,0
2147.28417301178,7220,7028,11848,-209,-218,170,6412,-9476,10592,29,90,-229,-12956,5024,6876,-1009,106,-143,-13064,-5768,7712,-461,191,-94,0
2147.3176760673523,7044,6972,12108,-230,-175,153,6728,-9232,10584,-27,110,-224,-12912,5104,6896,-1009,111,-137,-13140,-5684,7456,-461,147,-107,0
2147.351282119751,7208,6992,11960,-163,-136,143,6408,-9524,10268,-2,125,-205,-12904,4972,6848,-1029,87,-116,-13080,-5756,7684,-506,159,-90,0
2147.3848199844365,6924,6952,12000,-190,-154,146,6660,-9512,10596,-9,147,-203,-12864,4920,6784,-1023,91,-72,-13104,-5672,7676,-494,171,-93,0
2147.4180560112004,7092,7088,11880,-184,-124,133,6604,-9568,10656,-28,107,-206,-12888,5024,6700,-995,129,-104,-13268,-5704,7436,-476,170,-94,0
2147.451411008835,7388,7104,12168,-164,-138,117,6568,-9488,10436,-39,130,-224,-12880,4904,6736,-956,104,-126,-13136,-5812,7576,-485,154,-119,0
2147.4850471019745,7176,7108,11876,-183,-135,129,6540,-9460,10632,-62,126,-187,-12980,5088,6840,-997,110,-84,-13112,-5756,7680,-492,157,-119,0
2147.5186660289764,7288,7024,11820,-137,-70,128,6520,-9400,10412,-49,105,-168,-12864,4676,6656,-1008,98,-59,-13048,-5732,7652,-498,120,-137,0
2147.5523200035095,7176,6964,11792,-127,-13,82,6556,-9544,10400,-35,108,-169,-12848,4952,6704,-993,101,-39,-13152,-5740,7520,-500,110,-129,0
2147.585853099823,7136,7032,11956,-96,-20,99,6600,-9264,10556,-35,113,-175,-12940,4980,6880,-776,82,-70,-13104,-5700,7428,-490,112,-132,0
2147.6194820404053,7120,7128,11880,-126,-28,77,6528,-9612,10572,-15,126,-177,-12896,4996,6804,-993,103,-62,-13252,-5744,7780,-507,135,-140,0
2147.6527421474457,7228,7132,12028,-112,-12,80,6500,-9544,10640,-57,177,-170,-12904,4932,6828,-987,120,-45,-13028,-5724,7472,-473,103,-143,0
2147.6863780021667,7148,7124,12076,-109,2,76,6560,-9284,10644,-64,157,-166,-12944,5084,6776,-981,87,-36,-12872,-5860,7892,-495,101,-153,0
2147.7197940349574,7016,7000,11968,-122,0,63,6580,-9604,10644,-32,165,-170,-12864,5000,6772,-997,59,-22,-13060,-5828,7696,-472,133,-148,0
2147.753438949585,7092,7144,11884,-140,-23,72,6460,-9596,10580,-38,148,-154,-12968,4960,6848,-1032,73,-26,-13084,-5736,7808,-465,109,-140,0
2147.7871289253235,6984,7164,11792,-106,-2,65,6628,-9472,10728,-67,168,-149,-12940,5008,6752,-996,95,-31,-13132,-5840,7652,-484,119,-124,0
2147.8204629421234,7276,7112,11960,-142,-29,77,6608,-9692,10544,-55,162,-169,-12872,5080,6836,-955,84,-58,-13024,-5648,7800,-474,128,-115,0
2147.853888988495,7112,7124,11908,-120,8,83,6592,-9520,10408,-48,143,-161,-12980,4892,6724,-1017,82,-50,-13068,-5712,7640,-492,102,-116,0
2147.890725135803,7348,7088,11852,-70,38,97,6624,-9568,10520,-54,120,-127,-12964,4980,6708,-976,76,-58,-13140,-5680,7708,-487,97,-155,0
2147.925698041916,7084,7164,12036,-125,8,66,6544,-9444,10540,-83,166,-142,-12968,4960,6728,-960,62,-14,-13028,-5760,7608,-499,108,-135,0
2147.9612641334534,6996,7084,12000,-133,-252,70,6592,-9496,10620,-53,136,-162,-12948,4964,6692,-997,87,-72,-13076,-5696,7848,-496,120,-132,0
2148.0024309158325,7036,7056,11824,-92,-21,81,6612,-9244,10736,-42,157,-176,-12904,4932,6784,-1007,114,-47,-13128,-5732,7492,-486,144,-132,0
2148.03803896904,7056,7088,11936,-97,-18,98,6620,-9564,10608,-46,153,-197,-12908,5040,6736,-1017,109,-83,-13084,-5696,7728,-499,156,-120,0
2148.073867082596,6996,7108,11992,-127,-52,57,6580,-9540,10580,-43,147,-199,-12960,5068,7028,-969,92,-111,-13132,-5792,7728,-493,121,-127,0
2148.109389066696,6984,7052,11932,-104,-37,72,6548,-9500,10612,-65,128,-196,-13020,5092,7136,-1012,116,-86,-12996,-5764,7864,-484,135,-153,0
2148.1444730758667,7036,7112,11940,-130,-9,111,6524,-9504,10716,-35,148,-176,-12932,4864,6836,-1011,97,-41,-13060,-5864,7816,-483,132,-118,0
2148.180850028992,6956,7152,12236,-127,-44,93,6664,-9496,10596,-17,166,-141,-12844,4992,6916,-977,74,-42,-13060,-5748,7932,-489,127,-123,0
2148.2171080112457,7068,6912,11836,-132,-37,104,6584,-9580,10508,-63,143,-190,-12860,5200,6644,-943,68,-27,-13116,-5812,7756,-482,122,-152,0
2148.2522671222687,7136,7100,11832,-127,-51,92,6580,-9576,10716,-39,159,-189,-12928,5064,6800,-1007,114,-85,-13272,-5724,7628,-478,145,-157,0
2148.288856983185,7028,7092,11928,-136,-47,105,6664,-9528,10504,-30,124,-179,-12936,5004,6776,-1014,101,-118,-13120,-5776,7884,-467,148,-85,0
2148.3242149353027,6904,7076,11924,-147,-60,92,6520,-9576,10272,-38,127,-197,-12768,5016,6844,-996,111,-63,-13300,-5680,7720,-509,155,-117,0
2148.359517097473,7056,7032,11840,-120,-64,129,6548,-9724,10740,-38,126,-170,-12864,5056,6720,-999,112,-117,-13144,-5720,7720,-492,114,-136,0
2148.3953580856323,6940,7112,11908,-116,-37,116,6628,-9548,10508,-35,132,-157,-12912,5084,6828,-1270,112,-80,-13292,-5832,7436,-479,141,-133,0
2148.430680036545,7108,7100,11848,-168,-65,112,6584,-9516,10520,-53,153,-203,-12868,5096,6856,-972,95,-103,-13044,-5720,7740,-487,138,-124,0
2148.4661090373993,7044,7156,11888,-145,-42,108,6568,-9536,10532,-45,135,-154,-12912,4960,6748,-1005,123,-25,-12844,-5828,7696,-480,136,-120,0
2148.5017540454865,7096,7068,12148,-173,-54,113,6540,-9556,10552,-11,127,-151,-12888,5008,6944,-1278,73,-80,-13064,-5772,7828,-502,144,-104,0
2148.538125038147,6876,7400,11992,-199,-38,98,6548,-9456,10284,-11,133,-155,-12920,4984,6752,-1274,101,-60,-12808,-5748,7896,-491,154,-123,0
2148.5717079639435,7104,7284,11944,-152,-46,92,6532,-9496,10660,-46,135,-189,-12904,5044,7000,-969,69,-79,-13148,-5724,7560,-501,137,-144,0
2148.6051099300385,7076,7052,11928,-168,-65,95,6556,-9632,10612,-33,143,-203,-12940,4864,6712,-992,93,-101,-13192,-5748,7648,-475,176,-129,0
2148.6384930610657,6996,7120,11776,-188,-52,112,6832,-9712,10516,-14,171,-187,-12952,5116,6956,-1002,81,-95,-13144,-5808,7708,-456,161,-107,0
2148.67222905159,6888,7148,11880,-198,-57,134,6508,-9512,10580,-3,165,-175,-12888,5116,6932,-996,110,-55,-13312,-5848,7904,-480,164,-106,0
2148.705624103546,7056,7180,11860,-224,-127,139,6532,-9532,10516,-50,171,-195,-12868,5008,6808,-979,91,-94,-12972,-5752,7912,-470,155,-107,0
2148.7391779422765,7068,7164,11996,-209,-115,135,6584,-9468,10612,-44,154,-173,-12824,5072,6844,-1024,71,-102,-13088,-5664,7920,-483,173,-122,0
2148.7727971076965,7024,7024,11756,-171,-150,140,6528,-9560,10608,-27,152,-201,-13012,4956,6692,-1036,146,-126,-13008,-5688,7684,-489,180,-61,0
2148.8062450885773,7068,7100,12180,-259,-161,185,6476,-9504,10584,-7,99,-247,-12936,5000,6792,-1002,171,-139,-12972,-5816,7684,-475,202,-75,0
2148.839905977249,6968,7164,11852,-212,-154,182,6564,-9236,10652,-9,86,-240,-12920,5024,6596,-1000,143,-131,-13304,-5744,7616,-476,192,-51,0
2148.873449087143,7152,7084,11796,-239,-150,159,6628,-9552,10776,-12,100,-205,-12908,5020,6700,-993,153,-108,-13152,-5740,7748,-457,170,-100,0
2148.906881093979,7120,7116,12028,-232,-121,168,6564,-9516,10560,17,128,-207,-12888,4972,6660,-988,115,-123,-13080,-5740,7740,-504,188,-80,0
2148.9404261112213,6980,7036,12000,-240,-154,165,6656,-9532,10704,-256,123,-164,-12960,4936,6764,-1279,106,-140,-13240,-5684,7872,-477,185,-85,0
2148.9737861156464,7020,7108,12192,-232,-156,165,6592,-9512,10736,-252,123,-207,-12852,5084,6968,-771,124,-147,-13124,-5788,7484,-451,192,-62,0
2149.007192134857,7044,6996,11900,-242,-166,145,6688,-9472,10616,-12,118,-225,-12968,4988,6720,-968,98,-91,-13060,-5768,7776,-461,190,-65,0
2149.040813922882,7008,7124,12028,-247,-167,153,6584,-9544,10488,-2,109,-205,-12924,5000,6792,-1015,116,-86,-13100,-5664,7700,-482,189,-92,0
2149.07438993454,6940,6992,11932,-236,-133,155,6564,-9704,10600,3,107,-186,-13028,5064,6848,-1019,94,-166,-13076,-5776,7800,-484,178,-87,0
2149.107542991638,7004,7044,11936,-246,-189,152,6660,-9508,10500,21,109,-233,-12964,5004,6836,-1011,122,-153,-13020,-5688,7912,-472,190,-75,0
2149.1406850814815,7084,7084,11900,-224,-190,167,6524,-9532,10552,31,109,-202,-12848,5080,6684,-1010,105,-82,-13264,-5740,7852,-487,190,-65,0
2149.174225091934,7052,7052,11900,-202,-169,176,6624,-9532,10636,12,90,-198,-12876,5000,6832,-1016,131,-160,-12804,-5756,7892,-480,164,-91,0
2149.2077209949493,7068,6968,12012,-238,-203,178,6600,-9464,10568,-9,113,-228,-12904,5060,6744,-771,138,-111,-13100,-5732,7620,-502,187,-85,0
2149.2413160800934,7148,7144,11980,-252,-159,161,6596,-9432,10352,-22,134,-209,-12860,4932,6960,-1001,130,-123,-13180,-5696,7652,-505,154,-103,0
2149.2748789787292,7168,7096,11852,-226,-200,169,6640,-9504,10584,-29,136,-209,-12972,5008,6756,-1010,100,-117,-13096,-5716,7536,-484,162,-106,0
2149.3081810474396,7152,6980,11948,-234,-179,133,6648,-9528,10640,6,137,-189,-12896,5048,6836,-1039,90,-123,-13088,-5748,7648,-447,181,-95,0
2149.3417150974274,7100,7080,11948,-223,-173,160,6560,-9412,10520,11,134,-185,-12960,5016,6748,-1008,109,-113,-13168,-5676,7572,-462,163,-98,0
2149.375342130661,7056,7012,11992,-176,-179,119,6636,-9568,10708,-46,124,-216,-12868,5004,6876,-999,108,-135,-13296,-5788,7524,-482,175,-77,0
2149.4085099697113,7144,6896,11800,-223,-170,119,6484,-9528,10656,-26,110,-221,-12984,4964,6784,-1005,123,-79,-13312,-5872,7524,-467,144,-101,0
2149.441967010498,7044,7048,11872,-158,-109,151,6648,-9436,10576,-31,111,-186,-12840,4900,7080,-979,119,-57,-13044,-5728,7504,-467,112,-69,0
2149.4754040241246,7116,7100,11872,-183,-68,118,6872,-9472,10660,-38,120,-151,-12884,5012,6732,-984,98,-40,-13252,-5840,7804,-502,90,-146,0
2149.508698940277,7156,6940,11892,-128,-50,79,6676,-9456,10644,-53,134,-166,-12900,5000,6828,-989,58,-81,-13152,-5668,7584,-499,97,-136,0
2149.541960954666,7228,7032,11848,-107,-42,86,6896,-9508,10552,-52,147,-174,-12864,4992,6756,-771,85,-114,-13152,-5740,7684,-472,123,-151,0
2149.579610109329,7212,7048,11928,-115,-1,87,6676,-9452,10468,-10,127,-168,-12892,4908,6680,-999,140,-61,-13272,-5692,7592,-496,146,-126,0
2149.6156940460205,7128,7116,11924,-118,12,90,6604,-9500,10568,-50,121,-206,-12972,5012,6824,-1002,112,-54,-13168,-5652,7632,-510,149,-127,0
2149.650959968567,6928,7008,11972,-125,-63,73,6596,-9432,10520,-56,147,-169,-12848,4964,6660,-983,71,-13,-13280,-5684,7488,-476,127,-145,0
2149.6861889362335,7228,7100,11956,-135,253,80,6612,-9720,10700,-75,174,-165,-12892,5072,6736,-1017,104,-47,-13216,-5744,7628,-477,130,-140,0
2149.7224819660187,7124,7012,11916,-118,253,96,6400,-9628,10576,-36,151,-144,-12828,4996,6764,-1012,62,-60,-13284,-5808,7448,-496,116,-131,0
2149.7575330734253,7164,7120,11884,-134,5,63,6464,-9512,10664,-59,182,-151,-12872,5000,6980,-1006,83,-31,-12952,-5700,7660,-487,97,-142,0
2149.793483018875,7040,7060,12032,-126,8,71,6532,-9500,10568,-55,178,-159,-12928,5036,6920,-999,93,-58,-13116,-5768,7728,-505,93,-163,0
2149.8294899463654,7080,7124,11948,-128,-19,88,6580,-9512,10628,-60,149,-169,-12884,5092,6948,-990,98,-51,-12884,-5768,7628,-495,128,-130,0
2149.864944934845,7304,6980,11956,-143,249,99,6544,-9488,10592,-61,129,-175,-12892,5016,6828,-992,109,-41,-13032,-5764,7496,-494,155,-147,0
2149.9007489681244,7012,7040,12048,-102,-26,89,6576,-9432,10572,-47,157,-175,-12864,4956,6712,-986,96,-61,-13288,-5688,7644,-492,132,-154,0
2149.935604095459,7340,7052,11928,-119,-31,85,6608,-9552,10664,-50,140,-176,-12916,4992,6736,-1005,109,-65,-13164,-5780,7848,-494,133,-139,0
2149.9713480472565,7060,7040,11880,-135,244,52,6520,-9528,10408,-37,166,-164,-12968,4980,6720,-969,102,-47,-13024,-5716,7700,-472,100,-142,0
2150.0071139335632,6948,7072,11872,-134,-12,88,6504,-9600,10412,-49,154,-148,-12944,5080,6804,-976,67,-41,-13072,-5728,7748,-496,110,-153,0
2150.0422530174255,7040,7008,12020,-159,-20,84,6540,-9552,10568,-12,168,-148,-12940,5036,6816,-1022,60,-104,-13072,-5756,7776,-475,113,-132,0
2150.0780510902405,7068,7144,11864,-103,9,75,6528,-9464,10532,-36,158,-137,-12868,4980,6860,-995,97,-30,-13024,-5848,7852,-493,103,-151,0
2150.1138689517975,7052,7112,11956,-105,-34,66,6528,-9580,10600,-64,153,-170,-12972,5064,6820,-997,80,-50,-13112,-5668,7700,-481,162,-148,0
2150.1495950222015,7100,7096,11932,-164,-41,79,6664,-9540,10584,-43,145,-171,-12952,5044,6796,-1013,78,-68,-13084,-5644,7704,-477,139,-136,0
2150.1848430633545,6976,7008,11768,-107,-37,56,6444,-9516,10512,-30,153,-173,-12876,5080,6756,-1013,106,-38,-12804,-5752,7764,-482,119,-140,0
2150.220235109329,7028,7072,12148,-85,-11,80,6464,-9620,10296,-37,138,-176,-12876,4980,6668,-976,59,-46,-13224,-5808,7692,-495,125,-155,0
2150.253736972809,7040,7116,11980,-130,-38,78,6544,-9612,10636,-69,152,-183,-12884,5048,6836,-987,87,-83,-13064,-5784,7592,-512,117,-136,0
2150.2874150276184,7032,7156,11940,-113,-51,88,6632,-9220,10616,-53,160,-169,-12944,4964,6816,-1028,101,-111,-13052,-5772,7644,-257,131,-127,0
2150.3211209774017,7072,7160,12064,-150,-52,130,6472,-9540,10632,-44,140,-163,-13024,5028,6760,-1023,125,-83,-12984,-5804,7608,-492,156,-99,0
2150.354480981827,6952,7072,11992,-127,-50,81,6628,-9488,10564,-254,113,-190,-12912,5028,6764,-1041,129,-65,-13100,-5840,7704,-492,155,-90,0
2150.388185977936,7044,6916,11944,-153,-84,101,6520,-9540,10472,-34,120,-193,-12808,5024,6900,-997,90,-35,-12824,-5832,7540,-505,111,-105,0
2150.4217031002045,7144,7044,11928,-147,-36,98,6592,-9644,10548,-44,154,-165,-12792,5004,6808,-985,78,-75,-13072,-5472,7440,-503,134,-124,0
2150.4570910930634,7052,7128,11932,-141,-75,98,6572,-9548,10640,-34,151,-173,-12832,4972,6768,-1031,82,-55,-12992,-5784,7704,-507,159,-142,0
2150.490415096283,6980,7176,11844,-138,-47,118,6508,-9584,10652,-41,144,-177,-12924,5068,6836,-986,89,-65,-13004,-5740,7716,-489,122,-101,0
2150.5240070819855,7056,7044,12212,-104,-44,103,6556,-9640,10568,-55,119,-184,-12948,5084,6768,-963,103,-82,-13060,-5728,7676,-472,133,-125,0
2150.5574829578404,7032,7040,11824,-149,-52,92,6596,-9568,10476,-30,145,-179,-12896,5096,6728,-992,65,-88,-13040,-5684,7476,-497,122,-146,0
2150.5908150672913,6952,7076,12068,-158,-51,116,6568,-9476,10600,16,168,-160,-12864,5008,6700,-1014,82,-84,-12964,-5808,7636,-460,143,-124,0
2150.6243290901184,6888,6924,11800,-148,-2,109,6544,-9528,10656,-31,146,-172,-12888,5140,6872,-1011,139,-86,-13128,-5756,7816,-502,166,-102,0
2150.6576550006866,6960,7068,11844,-166,-73,128,6564,-9548,10604,-28,153,-195,-12916,5044,6960,-989,101,-113,-13104,-5760,7696,-509,168,-104,0
2150.691339969635,6980,6940,11828,-169,-123,167,6540,-9540,10588,10,146,-177,-12872,5040,6812,-986,126,-88,-13016,-5828,7776,-476,165,-113,0
2150.7249360084534,7048,7080,11788,-175,-92,159,6508,-9592,10244,-11,137,-174,-12808,5024,6784,-992,126,-131,-13068,-5776,7660,-482,147,-105,0
2150.75843000412,6756,7120,11984,-203,-85,129,6536,-9584,10572,-38,130,-189,-12948,5364,6688,-993,76,-71,-13048,-5768,7744,-485,146,-88,0
2150.7920351028442,7028,7072,12044,-200,-93,152,6516,-9528,10660,-50,118,-196,-13032,5108,6688,-1036,128,-90,-13060,-5824,7588,-488,160,-77,0
2150.8255541324615,6996,7152,11932,-209,-97,159,6612,-9496,10452,-256,136,-185,-12912,5040,6760,-991,122,-105,-13284,-5804,7524,-465,184,-68,0
2150.859143972397,7008,7072,11968,-262,-132,139,6600,-9492,10516,-13,113,-229,-12908,5004,6852,-1006,147,-104,-12976,-5796,7860,-483,194,-81,0
2150.8924889564514,7088,7104,11924,-210,-141,143,6644,-9576,10520,-22,137,-212,-12824,5032,6836,-1004,133,-155,-13276,-5752,7432,-485,225,-54,0
2150.9260561466217,6972,7084,11872,-197,-169,175,6636,-9484,10492,-21,105,-226,-12872,5064,6744,-1054,169,-144,-13048,-5712,7668,-495,207,-93,0
2150.9597499370575,6968,7132,11936,-237,-176,163,6532,-9500,10488,19,98,-234,-12912,4992,6952,-1016,112,-106,-13024,-5764,7604,-448,215,-72,0
2150.9930610656734,7056,7048,11868,-269,-150,161,6696,-9356,10644,251,136,-210,-12916,5016,6728,-975,118,-94,-13104,-5664,7832,-462,188,-95,0
2151.0268120765686,7076,7044,12012,-262,-164,144,6564,-9536,10748,-6,132,-231,-12904,5048,6808,-990,105,-130,-13064,-5780,7676,-451,182,-86,0
2151.0602481365204,7008,7048,11940,-271,-158,153,6640,-9572,10820,7,132,-209,-12944,5060,6756,-1016,109,-142,-13184,-5748,7692,-501,166,-77,0
2151.093773126602,7136,7084,12156,-216,-154,157,6508,-9532,10632,28,119,-202,-12940,5144,6848,-1038,126,-86,-13072,-5696,7520,-480,190,-75,0
2151.1272950172424,7092,7008,11996,-217,-163,172,6576,-9604,10632,28,102,-210,-12744,4944,6728,-1015,137,-98,-13164,-5696,7444,-479,175,-97,0
2151.1606011390686,7120,6952,11912,-228,-187,171,6564,-9664,10720,21,86,-212,-12852,4968,6868,-1028,150,-124,-13164,-5724,7684,-468,197,-81,0
2151.194164991379,7084,7064,11852,-203,-211,174,6684,-9480,10612,15,78,-226,-12928,5104,7032,-995,165,-140,-13220,-5660,7500,-497,190,-80,0
2151.2300889492035,7108,7068,11952,-194,-170,162,6628,-9524,10548,11,130,-219,-12972,4924,7136,-1004,116,-132,-13156,-5804,7632,-462,185,-73,0
2151.2653529644012,6940,6984,11916,-235,-169,148,6520,-9564,10632,-253,139,-205,-12968,4956,6732,-1021,86,-104,-13048,-5500,7628,-450,160,-107,0
2151.301269054413,7000,6964,11836,-221,-188,152,6580,-9628,10600,-6,128,-211,-12932,4952,6492,-1032,112,-91,-13156,-5460,7476,-435,149,-122,0
2151.33770608902,7376,6992,11832,-219,-164,158,6604,-9340,10612,12,92,-212,-12984,5016,6756,-1022,97,-126,-13112,-5684,7740,-468,161,-111,0
2151.372807979584,7136,6980,11848,-214,-202,137,6536,-9228,10612,-12,134,-205,-12808,4948,6816,-1035,127,-109,-13000,-5668,7588,-471,158,-98,0
2151.4081881046295,7120,6976,11936,-202,-165,172,6544,-9248,10332,1,91,-198,-12896,4920,6632,-1017,117,-135,-12908,-5736,7424,-468,170,-91,0
2151.4432489871974,7196,7076,11816,-197,-162,152,6700,-9568,10692,253,100,-198,-12912,4964,6824,-1012,133,-75,-13072,-5792,7832,-490,178,-109,0
2151.479146003723,7200,7044,12048,-166,-129,136,6404,-9264,10636,-44,113,-205,-12872,4940,6772,-993,116,-118,-12844,-5716,7616,-498,170,-110,0
2151.514153957367,6960,7000,11804,-139,-110,120,6520,-9416,10552,-66,128,-205,-12936,4880,6696,-988,118,-50,-13292,-5668,7528,-481,148,-133,0
2151.5491039752965,7188,6876,11884,-147,-32,82,6608,-9420,10608,-72,154,-179,-13080,4944,6812,-983,113,-83,-13272,-5696,7504,-474,83,-125,0
2151.5848500728607,7272,7020,11668,-127,9,64,6772,-9428,10624,-27,183,-161,-12936,4944,6644,-1013,52,-21,-13132,-5652,7660,-494,97,-157,0
2151.6203479766846,7108,7028,12164,-158,254,51,6508,-9236,10636,-24,174,-115,-12948,4984,6700,-769,96,-50,-12812,-5768,7444,-452,95,-161,0
2151.6571090221405,7104,7120,11852,-110,61,61,6712,-9432,10724,-79,156,-185,-12900,4932,6716,-999,76,-56,-13096,-5752,7604,-458,113,-123,0
2151.6922459602356,6956,6996,12044,-110,-19,73,6660,-9400,10652,-49,146,-187,-12860,4968,6884,-995,92,-40,-12972,-5664,7580,-476,150,-156,0
2151.727396965027,7056,7020,11876,-91,-35,83,6848,-9492,10728,-42,147,-148,-12808,5112,6860,-1003,64,-55,-13108,-5740,7716,-479,100,-130,0
2151.763174057007,7044,7000,11912,-105,13,56,6536,-9380,10548,-41,189,-94,-12964,4984,6968,-776,53,-39,-13140,-5780,7808,-494,61,-182,0
2151.7993581295013,6924,7096,11940,-97,44,50,6572,-9540,10712,-87,194,-164,-12872,5084,6928,-970,36,-78,-13108,-5804,7776,-456,87,-133,0
2151.834249019623,7056,6992,11780,-116,30,60,6476,-9544,10488,-59,162,-168,-12892,5028,6728,-1012,52,-60,-13068,-5704,7664,-501,129,-132,0
2151.8715500831604,7216,7056,11992,-106,-38,95,6676,-9248,10744,-68,130,-168,-12876,5004,6840,-997,138,-46,-13020,-5792,7688,-510,130,-119,0
2151.9050250053406,7144,6956,11888,-84,-53,99,6544,-9508,10620,-59,107,-190,-12868,5004,6720,-1014,123,-75,-13056,-5684,7660,-767,123,-119,0
2151.9385709762573,7172,6940,12052,-124,-74,82,6544,-9488,10624,-69,161,-188,-12808,4992,7128,-994,117,-100,-13112,-5768,7764,-486,141,-148,0
2151.9720771312714,7148,6956,12004,-124,-60,86,6548,-9584,10312,-52,157,-153,-12948,4864,6828,-978,93,-100,-13056,-5748,7828,-495,117,-156,0
2152.005445957184,7252,7000,11956,-133,-19,60,6688,-9576,10484,-17,154,-171,-12916,5040,6740,-987,76,-28,-13120,-5696,7628,-498,111,-144,0
2152.0389461517334,6980,7068,11892,-95,-2,73,6504,-9412,10612,-54,146,-160,-12964,5016,6840,-1002,36,-22,-13036,-5804,7932,-490,98,-152,0
2152.0726771354675,7080,6916,11940,-98,-12,61,6588,-9532,10596,-21,172,-186,-12888,5064,6880,-984,56,-77,-13280,-5760,7836,-463,126,-142,0
2152.1064360141754,7096,7056,11972,-140,-26,73,6544,-9496,10624,-53,139,-198,-12904,5024,6832,-976,58,-60,-12940,-5768,7764,-444,152,-147,0
2152.1396160125732,6984,7056,11920,-120,-29,-126,6624,-9716,10616,221,140,-194,-12996,5048,6752,-985,102,-47,-13252,-5692,7708,-478,162,-134,0
2152.1731469631195,7168,7004,12028,-138,-57,90,6536,-9456,10644,-59,151,-188,-12892,5060,6836,-977,107,-56,-12992,-5720,7592,-482,145,-137,0
2152.207034111023,7064,7084,11980,-120,-56,102,6528,-9488,10592,-42,135,-192,-12916,5028,6836,-990,131,-73,-12992,-5904,7884,-259,118,-114,0
2152.2406239509583,7088,7076,11888,-122,-56,126,6592,-9520,10472,-38,127,-170,-12872,4956,6728,-1006,112,-70,-13068,-5740,7780,-502,139,-141,0
2152.2739560604095,7096,7116,11920,-136,-47,94,6568,-9524,10528,-59,139,-174,-12848,5044,6832,-976,114,-90,-13016,-5740,7836,-470,122,-112,0
2152.307484149933,7148,7112,11916,-124,-20,119,6588,-9548,10444,-58,142,-145,-12888,5040,7044,-1006,92,-69,-13120,-5808,7476,-515,99,-114,0
2152.341053009033,7024,6992,11820,-165,-40,109,6628,-9596,10728,-6,157,-150,-12832,5112,7048,-1023,78,-46,-13252,-5812,7432,-527,137,-107,0
2152.3744809627533,7104,7100,11864,-173,-65,121,6540,-9504,10728,-32,150,-139,-12908,5032,6732,-1003,91,-47,-13072,-5808,7452,-477,117,-96,0
2152.407602071762,7108,6992,11960,-132,-49,100,6552,-9488,10612,-63,131,-171,-13008,5056,6744,-968,71,-108,-13120,-5740,7604,-495,133,-125,0
2152.441102027893,6944,7012,11848,-161,-72,57,6668,-9516,10464,-47,157,-167,-12576,5008,6780,-986,91,-84,-13024,-5724,7676,-469,157,-159,0
2152.474478006363,7124,7048,11836,-113,-25,85,6632,-9532,10464,-50,152,-168,-12900,5056,6856,-996,102,-37,-12840,-5772,7524,-468,138,-110,0
2152.5080161094666,7100,7088,11968,-134,-20,85,6584,-9512,10592,-35,142,-157,-12908,4968,6752,-1031,83,-58,-13036,-5800,7688,-466,110,-124,0
2152.541438102722,7132,7124,11956,-143,-66,103,6568,-9592,10388,-74,139,-183,-12860,5056,6808,-976,48,-68,-12848,-5732,7928,-473,121,-147,0
2152.5748760700226,7076,7100,11944,-148,-59,99,6564,-9572,10556,-42,130,-155,-13052,5028,6740,-1016,104,-98,-13052,-5704,7440,-511,132,-131,0
2152.608328104019,7152,6988,11976,-123,-55,107,6528,-9508,10540,-17,117,-148,-12948,4908,6884,-977,88,-54,-13060,-5712,7592,-516,146,-96,0
2152.6416289806366,7012,7108,11916,-130,-20,129,6488,-9508,10676,-49,103,-195,-12816,4948,6708,-1277,149,-115,-12988,-5840,7456,-486,142,-116,0
2152.674893140793,7004,7136,11980,-135,-56,135,6592,-9484,10488,-34,109,-199,-12968,5116,6764,-1014,93,-81,-13056,-5728,7580,-478,167,-130,0
2152.7081480026245,7040,7092,11896,-172,-51,104,6640,-9620,10572,-43,124,-203,-12972,5080,7028,-989,90,-53,-13184,-5776,7764,-490,154,-133,0
2152.741724014282,7116,7156,11880,-156,-40,100,6576,-9544,10692,-3,157,-181,-12832,4984,6700,-1011,94,-56,-13016,-5768,7676,-480,134,-127,0
2152.775382041931,7100,6928,12232,-195,-70,119,6544,-9540,10676,-15,124,-183,-12908,5032,6696,-1023,125,-62,-13144,-5656,7788,-488,173,-129,0
2152.809103012085,7060,6916,11992,-203,-150,120,6584,-9540,10684,-62,147,-176,-12820,5000,6840,-1018,118,-101,-13052,-5768,7692,-488,152,-115,0
2152.8426690101624,7148,7076,11888,-224,-109,149,6540,-9564,10600,-25,118,-220,-12868,5024,7040,-984,109,-149,-12996,-5708,7612,-487,182,-85,0
2152.876199960708,7164,7112,12120,-230,-140,135,6476,-9660,10596,-7,133,-204,-12880,5120,6892,-989,101,-112,-13096,-5828,7640,-484,166,-64,0
2152.9123380184174,6996,7068,11964,-209,-134,150,6532,-9584,10656,-33,128,-205,-12788,5104,6848,-1016,128,-128,-13044,-5784,7776,-501,181,-87,0
2152.9473991394043,6920,6940,11620,-208,-120,157,6596,-9592,10512,-26,100,-212,-12876,4976,6660,-994,124,-99,-13068,-5676,7688,-495,173,-61,0
2152.9832289218903,7052,7144,11872,-206,-144,171,6592,-9488,10540,-22,138,-199,-12976,5072,6944,-973,146,-130,-12988,-5800,7736,-476,191,-71,0
2153.023451089859,7120,7136,12000,-511,-129,174,6564,-9488,10760,1,113,-224,-12964,5032,6800,-1021,152,-99,-13260,-5728,7452,-486,175,-40,0
2153.0595030784607,7260,6956,11944,-210,-122,185,6540,-9512,10472,-37,85,-189,-12992,5012,6988,-1048,163,-108,-13068,-5784,7656,-501,186,-84,0
2153.0943989753723,7192,7088,12084,-3,-150,156,6684,-9552,10604,18,93,-201,-12960,4956,6780,-1038,100,-94,-13192,-5812,7744,-478,164,-88,0
2153.129529953003,7156,7048,11984,-3,-144,169,6632,-9536,10644,7,141,-190,-12932,4968,6904,-1010,88,-130,-12996,-5800,7684,-495,149,-104,0
2153.165027141571,7160,7084,12172,-222,-161,140,6536,-9644,10568,-7,145,-213,-12872,5004,7032,-975,103,-115,-13048,-5752,7764,-485,232,-118,0
2153.200875043869,7408,6984,11900,-264,-162,142,6672,-9528,10620,22,101,-209,-12876,5084,6708,-1032,99,-131,-13096,-5816,7640,-471,187,-73,0
2153.2358620166774,6912,7048,11908,-222,-151,181,6856,-9500,10656,7,123,-184,-12832,5056,6864,-1031,111,-74,-13060,-5728,7808,-454,144,-98,0
2153.271290063858,7132,7028,12012,-223,-153,183,6684,-9540,10640,-249,149,-185,-12780,4960,6924,-1009,111,-147,-13056,-5792,7700,-483,130,-78,0
2153.307619094848,7204,7072,11976,-210,-167,165,6620,-9532,10688,-7,111,-207,-12952,4984,6800,-985,116,-130,-13024,-5716,7668,-512,167,-82,0
2153.34232711792,7188,6952,11856,-176,-180,159,6560,-9572,10616,11,103,-219,-12948,4976,6896,-1042,156,-132,-13040,-5672,7780,-489,199,-100,0
2153.3780350685124,6936,7136,11896,-214,-184,175,6432,-9428,10716,20,89,-220,-12804,4948,6664,-1012,167,-131,-12996,-5720,7596,-491,206,-66,0
2153.412492990494,7172,6988,11860,-184,-192,158,6544,-9252,10748,48,92,-238,-12968,4968,6768,-1010,116,-145,-13240,-5740,7868,-472,191,-70,0
2153.447587013244,7200,7024,12024,-234,-176,167,6604,-9728,10532,-6,112,-221,-13032,5000,6836,-974,138,-105,-13208,-5684,7652,-476,163,-94,0
2153.483134031296,7192,6956,12268,-208,-153,141,6696,-9436,10576,16,122,-213,-12916,5104,6744,-1040,133,-130,-13048,-5720,7552,-497,195,-115,0
2153.518249988556,7208,6936,11832,-194,-175,149,6576,-9424,10548,23,126,-188,-12844,5032,6748,-1038,89,-123,-13112,-5720,7628,-494,176,-89,0
2153.553395986557,7120,6996,12092,-219,-168,131,6408,-9420,10548,-13,129,-215,-12832,4884,6884,-1005,98,-115,-13028,-5660,7604,-476,140,-120,0
2153.5889151096344,7092,6940,11816,-185,-186,130,6556,-9704,10548,-35,121,-191,-12564,4988,6708,-989,119,-71,-13120,-5728,7928,-484,197,-108,0
2153.6223471164703,7100,7064,11964,-201,-145,126,6536,-9720,10612,-34,121,-219,-13024,5076,7020,-1006,104,-72,-13112,-5760,7716,-473,169,-98,0
2153.655866146088,7104,6900,11844,-133,-128,124,6644,-9500,10576,-54,111,-179,-12864,4992,6504,-1017,122,-89,-13164,-5396,7440,-498,135,-109,0
2153.6894650459294,7120,6948,11768,-95,-55,105,6656,-9476,10496,-34,106,-192,-12744,5028,6896,-771,101,-89,-13036,-5796,7728,-478,155,-155,0
2153.7225351333614,7296,6968,11916,-114,-40,56,6624,-9392,10676,-40,139,-185,-12944,4924,6784,-1011,85,-54,-13176,-5872,7536,-490,136,-121,0
2153.75617313385,7284,6992,11756,-138,-12,105,6772,-9504,10600,-44,164,-168,-13008,4968,6748,-991,130,-30,-13136,-5860,7584,-493,118,-133,0
2153.7899529933934,7420,6920,12208,-138,2,72,6588,-9460,10476,-32,141,-142,-12884,5044,6812,-998,71,-36,-13140,-5664,7704,-507,114,-162,0
2153.823415994644,7196,6972,12000,-129,19,72,6584,-9448,10452,-46,172,-145,-12888,4936,6752,-1017,83,-56,-13096,-5692,7688,-494,102,-144,0
2153.8571341037746,6944,7068,11884,-111,18,47,6548,-9388,10936,-45,155,-156,-12836,4984,6772,-980,46,-75,-13112,-5736,7600,-470,116,-135,0
2153.890547037124,7148,7012,11904,-122,13,42,6504,-9464,10672,-56,168,-182,-12928,5036,6764,-987,79,-81,-13072,-5736,7744,-462,139,-125,0
2153.923835039139,7088,6980,11820,-152,-19,84,6540,-9488,10380,-26,174,-177,-12880,5048,6836,-1002,76,-17,-13068,-5648,7596,-478,112,-126,0
2153.9574251174927,6952,6732,11788,-107,25,75,6900,-9488,10520,-48,165,-146,-12924,4944,6916,-976,34,-9,-13152,-5796,7684,-484,66,-153,0
2153.991034984588,7148,6948,11932,-121,42,47,6424,-9552,10700,-60,156,-151,-12868,4964,6872,-1024,61,-35,-13096,-5732,7444,-487,97,-135,0
2154.0244529247284,6980,6972,11820,-119,-12,93,6612,-9228,10648,-63,150,-159,-12864,5064,6876,-959,72,-100,-12832,-5732,7816,-524,117,-142,0
2154.058032989502,7096,7016,11900,-123,-30,94,6608,-9372,10500,-65,139,-183,-12932,4844,6760,-987,98,-39,-13124,-5820,7568,-513,124,-125,0
2154.0916190147404,7168,7108,11852,-132,-21,98,6668,-9496,10468,-44,115,-183,-12688,5052,6548,-1003,109,-7,-12856,-5680,7932,-465,149,-113,0
2154.1250131130214,7216,7000,11872,-111,20,93,6568,-9420,10272,-43,143,-165,-12880,4984,6728,-1000,86,-57,-13124,-5664,7620,-483,116,-145,0
2154.1583011150365,7204,6988,11936,-119,-50,63,6620,-9548,10620,-29,140,-158,-12908,5068,6788,-973,85,-84,-13152,-5744,7700,-494,113,-151,0
2154.1919441223145,7120,6968,11872,-126,-16,65,6608,-9460,10576,-52,160,-167,-12928,5064,6844,-991,78,240,-13092,-5768,7700,-484,145,-154,0
2154.2253959178925,7164,7108,11960,-144,-22,101,6616,-9440,10512,-33,156,-165,-12820,4972,6768,-1009,61,-32,-13080,-5732,7764,-507,129,-162,0
2154.258975982666,7108,7056,12004,-148,-42,77,6532,-9244,10716,-29,151,-177,-12900,5008,6804,-1036,66,-37,-13020,-5664,7720,-499,139,-153,0
2154.292531967163,7016,7004,11932,-134,-59,94,6664,-9552,10732,-43,131,-175,-12920,4928,6680,-988,63,-79,-13028,-5744,7828,-485,148,-165,0
2154.3258471488953,7028,7148,11972,-98,-38,77,6632,-9440,10624,-46,140,-191,-12780,4996,6936,-990,68,-67,-13096,-5704,7672,-477,110,-155,0
2154.3592031002045,7072,7080,11948,-123,-40,94,6636,-9472,10644,-48,151,-178,-12928,5060,6828,-1002,75,-57,-13068,-5772,7688,-473,126,-156,0
2154.3924679756165,7128,6956,11928,-124,-11,102,6628,-9692,10692,-26,144,-155,-12896,5060,6748,-1002,119,-68,-13116,-5708,7648,-479,112,-113,0
2154.4258279800415,6996,7088,11892,-136,-72,93,6584,-9696,10572,-36,130,-184,-12876,5032,6856,-981,105,-107,-13024,-5808,7612,-491,186,-137,0
2154.4594860076904,7384,7112,11908,-151,-43,93,6564,-9504,10524,-61,102,-207,-12936,5024,6848,-977,89,-103,-12920,-5712,7720,-493,126,-112,0
2154.4930441379547,7064,7000,11800,-127,-80,102,6556,-9572,10492,-25,143,-172,-12992,5052,6692,-770,72,-43,-13112,-5688,7428,-505,124,-134,0
2154.526720046997,7044,7104,11892,-167,-31,109,6660,-9548,10528,-19,154,-149,-12900,5012,6808,-1013,71,-33,-13152,-6100,7728,-509,149,-125,0
2154.560148000717,7056,7116,11792,-137,-34,94,6544,-9448,10260,-12,119,-155,-12796,4900,6904,-1001,80,-79,-12824,-5836,7740,-511,91,-113,0
2154.5959379673004,7112,7124,11800,-133,-56,88,6616,-9544,10616,-62,150,-186,-12576,4952,7156,-968,81,-22,-13060,-5660,7592,-487,143,-149,0
2154.631516933441,7160,7004,11796,-141,-9,100,6584,-9520,10596,-26,145,-187,-12848,5032,6668,-1008,80,-106,-13032,-5784,7656,-461,138,-129,0
2154.66763305664,7060,7020,12240,-105,-22,85,6640,-9504,10548,-30,155,-149,-12648,5000,6816,-1024,87,-23,-13052,-5704,7660,-468,107,-149,0
2154.702772140503,7044,7100,11908,-131,-26,115,6624,-9668,10588,-80,133,-159,-12840,5112,6936,-1004,72,-94,-13088,-5752,7728,-483,101,-146,0
2154.7377021312714,7036,7124,12028,-146,-42,99,6592,-9516,10632,-59,169,-174,-12548,5064,7060,-998,90,-74,-12824,-5644,7712,-492,132,-127,0
2154.7740979194646,7068,7016,11772,-91,-36,101,6604,-9536,10668,-42,139,-169,-12960,4980,6704,-1018,127,-31,-13080,-5772,7732,-532,149,-107,0
2154.80984210968,6928,7128,11900,-187,-62,111,6436,-9512,10680,-7,119,-178,-12580,5068,6700,-1020,122,-93,-13296,-5696,7612,-509,163,-106,0
2154.84496808052,7032,6940,11844,-155,-51,109,6552,-9540,10496,-253,138,-205,-12940,5020,6804,-1010,100,-94,-13060,-5712,7644,-495,154,-89,0
2154.8806960582733,7012,7072,11892,-216,-70,129,6668,-9508,10672,-15,136,-194,-12884,5020,6828,-1007,117,-103,-13124,-5720,7692,-476,163,-86,0
2154.9155650138855,7136,7160,11956,-190,-114,138,6520,-9504,10528,-20,151,-230,-12848,5096,6816,-991,93,-107,-13108,-5792,7528,-475,204,-105,0
2154.951882123947,7108,7124,11960,-203,-149,130,6548,-9512,10676,-23,141,-193,-12872,5064,6892,-1008,112,-85,-13244,-5820,7536,-493,189,-66,0
2154.988242149353,7108,7216,12028,-217,-114,140,6492,-9464,10540,-33,142,-214,-12900,4984,6836,-1004,110,-164,-13276,-5812,7724,-486,185,-69,0
2155.0235760211945,7148,7064,11880,-222,-104,131,6508,-9508,10628,-12,112,-221,-12900,5080,6724,-1010,104,-141,-13080,-5780,7652,-487,185,-79,0
2155.0596001148224,7092,7060,11976,-197,-132,138,6572,-9524,10632,-11,117,-216,-12832,5064,6760,-982,136,-116,-13096,-5700,7644,-505,175,-82,0
2155.0947699546814,7116,7076,11896,-212,-107,179,6560,-9476,10540,24,79,-223,-12896,5012,6888,-769,145,-133,-13096,-5724,7920,-493,179,-43,0
2155.1306190490723,6916,6964,12008,-197,-122,190,6652,-9476,10304,15,81,-209,-13056,4904,6796,-1024,123,-82,-13144,-5644,7652,-496,207,-101,0
2155.1661200523376,7116,7032,12012,-217,-165,165,6512,-9628,10540,12,110,-196,-13032,5072,6820,-1021,108,-146,-13152,-5760,7724,-478,167,-99,0
2155.2019939422607,6928,7072,11852,-211,-147,166,6560,-9512,10540,8,95,-196,-12908,5008,6844,-1018,100,-69,-12840,-5784,7620,-488,205,-99,0
2155.237445116043,7412,6980,11816,-255,-158,134,6532,-9720,10544,-4,142,-214,-12888,5040,6772,-1008,110,-69,-13076,-5704,7616,-449,170,-94,0
2155.273152112961,7092,6768,11780,-222,-123,136,6696,-9356,10316,-10,127,-219,-12840,4984,6656,-996,108,-87,-13072,-5672,7628,-470,161,-80,0
2155.306836128235,7156,6952,11916,-196,-157,164,6544,-9440,10648,-7,110,-180,-12932,4964,7028,-1036,105,-129,-13104,-5804,7424,-487,185,-83,0
2155.3405320644374,7128,7012,11952,-226,-181,139,6544,-9264,10648,28,119,-213,-12852,4968,6720,-1280,114,-159,-13308,-5804,7480,-484,168,-96,0
2155.373976945877,7136,7080,11900,-198,-136,126,6596,-9344,10752,254,127,-204,-12848,4976,6888,-977,109,-137,-13168,-5836,7448,-469,196,-70,0
2155.4073479175568,7140,7004,11856,-200,-179,136,6616,-9444,10544,-5,121,-212,-12868,5084,6804,-1008,130,-114,-12840,-5664,7672,-456,202,-80,0
2155.4410870075226,7116,6956,12024,-221,-181,176,6856,-9404,10544,1,112,-213,-12836,5064,6432,-1029,133,-112,-13308,-5648,7704,-448,182,-104,0
2155.474493980408,7176,7060,12064,-201,-144,178,6736,-9492,10584,-250,116,-182,-12912,4948,7148,-1271,90,-84,-13076,-5772,7796,-449,134,-89,0
2155.508073091507,7412,7012,11964,-224,-130,147,6660,-9460,10664,-21,156,-159,-12904,4988,6856,-1278,90,-111,-13144,-5664,7680,-487,147,-74,0
2155.541666030884,7140,7000,11996,-211,-154,143,6608,-9456,10612,-28,130,-176,-12828,4872,6820,-1006,93,-115,-13020,-5720,7716,-503,177,-109,0
2155.575065135956,7144,6972,11864,-169,-146,163,6572,-9492,10588,-26,102,-183,-12924,5024,6728,-1036,128,-66,-12808,-5772,7436,-495,169,-113,0
2155.608740091324,7276,7052,12012,-213,-177,155,6832,-9404,10644,-7,107,-195,-12888,4956,6716,-1279,147,-107,-13104,-5696,7636,-487,185,-67,0
2155.64195394516,6964,7052,11688,-144,-133,138,6680,-9432,10604,-45,93,-218,-12940,5048,6888,-989,112,-111,-13156,-5840,7524,-481,177,-106,0
2155.675507068634,7192,7028,11872,-156,-126,116,6656,-9468,10588,-53,135,-213,-12864,5036,6828,-957,114,-101,-13160,-5668,7440,-472,141,-140,0
2155.709084033966,7236,6944,11860,-150,-58,94,6760,-9604,10672,-41,158,-200,-12996,5024,6936,-990,95,-35,-13108,-5656,7500,-490,126,-140,0
2155.742747068405,7224,7000,11892,-149,-30,93,6888,-9244,10504,-11,172,-176,-12832,4956,6896,-998,80,-14,-13096,-5644,7652,-492,140,-151,0
2155.776591062546,7228,6944,11984,-137,-31,79,6600,-9420,10600,-37,132,-161,-12904,4948,6876,-1006,95,-39,-12876,-5724,7652,-450,132,-142,0
2155.8101730346684,7320,7032,12200,-138,-16,91,6576,-9476,10316,-41,142,-165,-12952,4940,6708,-951,111,-39,-12856,-5700,7432,-465,79,-147,0
2155.843696117401,7228,7024,11896,-128,2,72,6684,-9576,10500,-64,170,-153,-12892,5052,6768,-1067,82,-63,-13040,-5668,7484,-506,147,-148,0
2155.877324104309,7104,7304,11788,-139,-29,107,6584,-9516,10548,8,148,-170,-12872,4944,6920,-1009,116,-89,-13084,-5704,7644,-469,163,-147,0
2155.910599946976,7044,7056,11604,-86,15,79,6548,-9348,10348,-60,124,-206,-12848,4992,6956,-1002,106,-58,-13048,-5812,7656,-495,128,-143,0
2155.9443531036377,7152,6752,11992,-147,-69,80,6836,-9560,10572,-58,180,-199,-12808,4964,6972,-993,75,-52,-13124,-5704,7680,-494,148,-141,0
2155.977916955948,7160,7060,11852,-137,-34,82,6600,-9364,10520,-50,165,-155,-12876,4940,6912,-972,111,-63,-13148,-5660,7616,-479,98,-123,0
2156.011497974396,7212,7040,11856,-112,44,107,6716,-9448,10580,-49,108,-139,-12932,4956,6804,-1034,120,-31,-13112,-5688,7576,-491,62,-118,0
2156.0450320243835,7216,6912,11976,-132,18,102,6504,-9448,10524,-35,128,-118,-12868,5028,6904,-1020,76,-82,-13080,-5732,7680,-486,137,-131,0
2156.0785269737244,7128,7004,11784,-120,-21,89,6852,-9236,10664,-42,175,-166,-12936,5076,6748,-1020,63,-29,-13068,-5736,7652,-501,118,-122,0
2156.111923933029,7144,7064,12036,-149,-41,82,6552,-9484,10544,-41,171,-151,-12848,4960,6840,-1011,84,-57,-12876,-5752,7840,-497,145,-133,0
2156.1454000473022,7176,7104,12060,-127,-47,59,6548,-9492,10584,-44,158,-164,-12620,5056,6864,-1001,108,-76,-13060,-5808,7700,-501,127,-128,0
2156.1789610385895,7136,7016,11880,-135,-44,66,6500,-9688,10604,-58,154,-189,-12848,5112,6888,-998,93,-110,-13128,-5688,7580,-487,123,-129,0
2156.212480068207,7088,7000,11948,-166,-86,85,6808,-9452,10716,-42,146,-165,-12816,5060,6868,-991,93,-43,-13304,-5764,7668,-501,124,-138,0
2156.245887041092,7176,7056,11844,-164,-71,87,6572,-9496,10604,-56,147,-165,-12976,5000,7052,-993,74,-81,-13080,-5676,7844,-492,113,-149,0
2156.282798051834,7348,7092,11968,-167,-43,81,6624,-9504,10624,-45,140,-166,-12884,5044,6712,-986,55,-88,-13064,-5756,7668,-490,148,-135,0
2156.3186399936676,7096,7072,11940,-120,-36,74,6548,-9400,10584,-46,168,-162,-13032,4952,6884,-999,85,-52,-13144,-5736,7596,-504,95,-141,0
2156.353898048401,7116,6956,12208,-128,-44,87,6408,-9472,10292,-48,160,-146,-12856,4968,6788,-1006,109,-16,-13040,-5708,7576,-502,94,-134,0
2156.389233112335,7156,7012,11964,-134,-33,92,6532,-9468,10640,-22,150,-141,-13048,4924,6800,-1013,102,-31,-13044,-5740,7644,-501,102,-125,0
2156.4242300987244,7136,7088,11844,-140,-54,109,6600,-9420,10704,-32,139,-191,-12820,5024,6944,-1027,99,-100,-13036,-6132,7824,-469,142,-110,0
2156.4597940444946,7140,6916,11992,-152,-44,100,6644,-9488,10612,-27,152,-155,-12776,5020,6676,-994,78,-36,-13096,-5720,7780,-498,120,-121,0
2156.4949319362645,7072,7028,11916,-134,-60,70,6424,-9608,10472,-52,159,-190,-12832,5372,6700,-771,95,-80,-13092,-5708,7668,-501,135,-126,0
2156.5309150218964,7144,7008,12132,-130,-23,122,6584,-9532,10308,-47,151,-173,-12820,5324,6764,-1018,84,-47,-13112,-5832,7700,-501,138,-114,0
2156.566092967987,7172,7124,11860,-121,-31,91,6560,-9708,10616,-19,145,-162,-12936,5020,6844,-1012,90,-53,-13060,-5684,7712,-508,101,-97,0
2156.601946115494,7072,6984,11980,-159,-29,85,6480,-9496,10584,-29,125,-138,-12564,4972,6792,-1016,104,-44,-13096,-5800,7612,-482,132,-140,0
2156.6380319595337,7136,6960,11880,-130,-71,110,6584,-9504,10648,-23,130,-167,-12596,4992,6740,-1010,109,-66,-13312,-5684,7772,-492,152,-112,0
2156.6755490303044,7076,6928,11788,-138,-47,106,6524,-9592,10684,-25,129,-182,-12936,4956,7124,-1005,117,-84,-12928,-5792,7736,-488,125,-128,0
2156.711310148239,7064,6996,12140,-124,-41,103,6548,-9720,10304,-33,141,-180,-12860,5024,6796,-999,97,-75,-13020,-5824,7640,-502,164,-118,0
2156.747745990753,7044,7040,12032,-141,-70,99,6520,-9408,10576,-31,131,-189,-12912,5036,7104,-987,95,-36,-12996,-5756,7512,-495,128,-124,0
2156.7828030586243,7112,7044,11948,-151,-72,130,6540,-9460,10644,-27,132,-160,-12848,5000,6780,-1014,120,-83,-13084,-5752,7724,-473,132,-125,0
2156.8188660144806,7024,7032,12004,-190,-53,128,6524,-9384,10564,-28,140,-171,-12908,4924,7104,-974,114,-73,-13060,-5816,7796,-461,123,-114,0
2156.854807138443,7140,7044,11844,-188,-64,114,6612,-9640,10608,-26,161,-152,-12856,5084,6736,-1020,54,-71,-13052,-5668,7772,-504,146,-135,0
2156.890305995941,7084,7072,12060,-236,-54,113,6516,-9536,10632,21,140,-172,-12768,5032,6680,-1018,83,-93,-13108,-5808,7696,-468,140,-92,0
2156.927276134491,7052,7152,11836,-158,-77,132,6456,-9532,10648,-28,100,-181,-12904,4988,6888,-1038,120,-75,-13036,-5824,7800,-505,133,-78,0
2156.960958003998,7036,6964,12024,-165,-132,127,6584,-9588,10420,-23,111,-215,-12868,5052,6812,-1276,118,-100,-13124,-5692,7788,-496,220,-85,0
2156.9944999217987,6904,6972,11940,-214,-111,170,6628,-9516,10560,-1,140,-188,-12800,4992,6736,-770,94,-115,-13132,-5716,7744,-489,174,-75,0
2157.028105020523,7016,7076,11876,-188,-103,139,6600,-9488,10600,-16,149,-168,-12864,5032,6732,-996,144,-113,-13300,-5812,7652,-456,154,-82,0
2157.0617821216583,7068,7008,11968,-209,-88,114,6504,-9564,10636,-31,148,-178,-12920,5028,6844,-951,84,-95,-13080,-5832,7812,-452,164,-113,0
2157.0953381061554,7068,7072,12224,-244,-80,169,6536,-9608,10576,-40,160,-212,-12888,4940,6736,-969,111,-109,-13104,-5724,7676,-487,163,-83,0
2157.1287970542908,7080,6964,11820,-197,-114,164,6556,-9520,10680,13,101,-211,-12884,5040,6716,-774,143,-99,-13068,-5668,7756,-510,227,-79,0
2157.1621310710907,7124,7052,11908,-224,-188,182,6584,-9496,10504,22,81,-217,-12872,5052,6972,-769,145,-133,-13108,-5624,7744,-514,210,-99,0
2157.1956889629364,7104,7040,11980,-217,-180,183,6584,-9544,10696,249,74,-249,-12632,5032,6888,-1024,144,-138,-13008,-5832,7676,-474,217,-60,0
2157.2292759418488,7120,7036,11912,-244,-180,157,6504,-9548,10648,27,87,-230,-12932,4992,6708,-769,119,-135,-13208,-5744,7732,-467,209,-80,0
2157.2628331184387,7352,7024,11784,-248,-183,155,6696,-9496,10596,7,141,-206,-12952,4924,6732,-1016,105,-105,-13020,-5688,7924,-508,168,-85,0
2157.296541929245,7180,7056,11884,-257,-145,181,6564,-9488,10644,19,116,-197,-12860,5028,6740,-1032,105,-120,-13024,-5808,7596,-461,169,-83,0
2157.3299310207367,7048,7008,12136,-215,-165,153,6572,-9484,10620,-249,134,-193,-12860,4908,7036,-1013,94,-143,-13136,-5688,7652,-496,161,-110,0
2157.363505125046,7080,7120,12064,-228,-180,143,6756,-9228,10620,-5,137,-226,-12816,5000,6708,-1022,124,-138,-13088,-5816,7444,-490,211,-104,0
2157.39684510231,7140,7036,11764,-222,-199,152,6596,-9592,10628,10,130,-236,-12848,5048,6788,-1021,104,-129,-13172,-5724,7724,-485,201,-97,0
2157.430603981018,7204,7020,11948,-229,-205,172,6496,-9500,10524,22,122,-221,-12860,4964,6740,-1056,134,-112,-13032,-5692,7704,-491,185,-75,0
2157.4643371105194,7192,6956,11904,-190,-188,173,6680,-9408,10536,24,144,-206,-12956,4984,6764,-1043,135,-124,-13116,-5464,7596,-483,184,-105,0
2157.497889995575,7408,7056,11920,-206,-190,167,6872,-9540,10604,54,178,-183,-12796,4924,6936,-1027,74,-121,-13072,-5672,7660,-527,189,-117,0
2157.5310959815974,7280,6920,11952,-192,-144,162,6536,-9700,10524,33,174,-201,-12896,4936,6840,-996,100,-100,-13120,-5752,7788,-549,165,-134,0
2157.564721107483,7224,7144,11892,-147,-149,135,6588,-9396,10748,43,156,-157,-12880,5128,6676,-1154,76,-82,-13048,-5884,7672,-531,172,-140,0
2157.598247051239,7324,7140,12280,-159,-170,122,6696,-9456,10512,27,194,-181,-12976,4916,6684,-1059,62,-91,-13280,-5688,7908,-541,187,-198,0
2157.6315109729767,7224,6972,11868,-204,-151,93,6672,-9260,10600,56,247,-169,-12828,4960,6988,-1013,18,-95,-12824,-5752,7920,-508,134,-185,0
2157.6650030612946,7236,7080,11864,-126,-124,66,6572,-9464,10496,-22,244,-169,-12920,4968,6716,-1021,59,-142,-13024,-5732,7588,-527,128,-191,0
2157.6986000537872,7244,6940,11692,-146,-104,40,6764,-9400,10444,-12,265,-181,-13036,5004,6744,-1000,43,-94,-13052,-5772,7656,-486,183,-199,0
2157.7322211265564,7328,6948,11668,-134,250,74,6580,-9420,10720,-16,194,-152,-12572,4904,6904,-997,48,-42,-13060,-5760,7536,-486,80,-165,0
2157.765748977661,7240,7096,11892,-156,42,76,6608,-9284,10488,-11,253,-106,-12920,4996,6792,-1018,15,-248,-13172,-5772,7736,-496,80,-179,0
2157.7992539405823,7320,7068,11856,-166,21,7,6464,-9236,10660,6,254,-102,-12968,5032,6948,-1073,22,-65,-13100,-5764,7796,-526,108,-220,0
2157.8327970504765,7200,7012,11904,-78,-1,22,6572,-9412,10924,-12,501,-169,-12848,4904,6940,-1033,-20,-97,-13264,-5752,7660,-544,113,-231,0
2157.8660290241246,7216,6976,11988,-84,15,29,6556,-9436,10692,48,257,-148,-12860,4964,6852,-1006,23,-83,-13060,-5808,7660,-513,165,-206,0
2157.8996031284332,7416,6964,11860,-134,-3,17,6512,-9460,10704,11,246,-166,-12908,5052,6820,-1052,66,-58,-13040,-5856,7628,-474,127,-186,0
2157.9328191280365,6960,7068,11900,-120,27,29,6420,-9432,10600,8,215,-153,-12920,4972,6668,-976,-45,-63,-13280,-5888,7636,-478,124,-194,0
2157.96995306015,7216,7032,11832,-144,1,45,6520,-9400,10676,-18,233,-141,-12824,4980,6660,-973,42,-54,-13096,-5836,7624,-477,110,-159,0
2158.0054380893707,7252,7068,11820,-149,28,73,6500,-9704,10712,10,238,-146,-12844,4992,6828,-1017,36,-9,-13100,-5740,7768,-487,99,-182,0
2158.0479900836945,7300,7116,12024,-139,2,77,6336,-9372,10732,-18,220,-130,-12952,4896,6832,-1275,92,-26,-12896,-5844,7876,-502,88,-131,0
2158.0838510990143,7048,7052,11888,-145,-36,55,6468,-9436,10704,-42,171,-148,-12800,5028,6988,-1280,73,-92,-13052,-5784,7436,-481,104,-165,0
2158.119183063507,7220,6992,11896,-144,-41,70,6472,-9416,10740,-25,208,-157,-12860,5016,6716,-977,47,-27,-13168,-5808,7744,-491,104,-184,0
2158.154102087021,7116,7088,11776,-124,10,63,6520,-9552,10704,-8,220,-135,-12792,4964,6976,-995,1,-106,-13112,-5900,7700,-490,98,-172,0
2158.189110994339,7100,7044,12100,-115,20,77,6488,-9380,10580,39,194,-133,-12920,5096,6752,-1009,16,-37,-13164,-5920,7440,-495,97,-173,0
2158.2249450683594,7124,7084,11948,-157,-38,67,6476,-9360,10636,-34,250,-111,-12836,4980,6816,-987,45,-14,-13124,-5808,7920,-459,27,-154,0
2158.260894060135,7140,7012,11732,-148,5,73,6532,-9384,10736,-74,202,-108,-12928,5108,6720,-911,-14,245,-13188,-5808,7600,-484,1,-181,0
2158.296175003052,7108,6988,11808,-134,50,69,6480,-9248,10780,-38,280,-67,-12892,5036,6868,-998,-12,-14,-13072,-5792,7664,-466,38,-221,0
2158.3315489292145,7092,7096,11952,-182,70,49,6424,-9320,10548,47,276,-31,-12728,5024,6940,-1262,-40,236,-12912,-5792,7692,-481,-34,-241,0
2158.367742061615,7164,7064,11808,-106,41,47,6300,-9420,10656,-16,303,-70,-12752,5000,7016,-987,-16,-15,-13020,-5916,7744,-462,57,-239,0
2158.4028561115265,7212,7172,11972,-187,9,24,6308,-9424,10816,12,240,-133,-12712,5032,6916,-974,33,-67,-13044,-5796,7760,-398,37,-174,0
2158.438804149628,7316,7028,11860,-136,-8,39,6632,-9380,10612,-40,224,-123,-12736,4888,6776,-965,53,249,-13044,-5852,7732,-410,45,-165,0
2158.4739041328426,6700,7092,11972,-188,24,62,6396,-9484,10628,-61,182,-141,-12800,4992,6820,-939,71,-15,-12976,-5896,7816,-383,-251,-162,0
2158.509856939316,7096,7068,11868,-207,31,34,6624,-9716,10928,-108,241,-96,-13008,5032,6868,-940,52,-20,-13008,-5876,7728,-413,21,-172,0
2158.545052051544,7032,6976,11844,-163,36,74,6380,-9548,10520,-67,212,-99,-13032,5028,6964,-955,50,21,-13008,-5808,7872,-430,17,-176,0
2158.580682992935,7112,7056,11804,-179,43,91,6336,-9468,10604,-50,201,-111,-12684,5084,6980,-943,75,-11,-13016,-5764,7732,-438,31,-96,0
2158.6164901256566,6972,7032,11964,-187,77,117,6212,-9412,10580,-82,190,-84,-12724,5084,6744,-773,167,248,-12996,-5668,7860,-429,46,-54,0
2158.649959087372,6920,7052,11968,-265,41,161,6324,-9408,10740,-116,102,-109,-12760,4940,7092,-957,232,8,-12928,-5832,7492,-352,92,50,0
2158.6831459999084,6984,7224,11956,-355,10,211,6296,-9484,10760,-108,67,-116,-12792,5128,6856,-953,1,23,-12992,-5868,7748,-325,142,94,0
2158.7167370319366,6908,7116,11968,-373,-53,262,6256,-9500,10904,-172,-24,-111,-12752,5136,7088,-965,293,-5,-12936,-5780,7900,-360,113,81,0
2158.750422000885,6912,7012,11916,-360,-78,300,6308,-9544,10780,-210,-26,-125,-12712,5116,7032,-919,307,252,-12888,-5908,7848,-334,18,72,0
2158.7838730812073,6776,7068,12040,-352,-102,252,6276,-9512,10512,-211,45,-168,-12900,5104,7020,-860,206,-112,-12896,-5796,7764,-305,121,-78,0
2158.8172891139984,6972,6844,11988,-200,-41,174,6388,-9516,10828,-133,81,-182,-12676,5348,7048,-780,250,-110,-13028,-5712,7824,-277,192,-103,0
2158.8508360385895,7256,6932,12060,-220,43,89,6504,-9652,10536,-75,167,-213,-12840,5284,6756,-971,92,-108,-13096,-5636,7808,-361,195,-103,0
2158.884078979492,7152,6816,12016,-264,15,69,6608,-9724,10716,66,216,-176,-12916,5072,6732,-1021,92,-123,-13112,-5596,7936,-386,168,-102,0
2158.917392015457,7128,6908,11960,-245,68,94,6636,-9568,10684,67,180,-136,-12844,5184,6692,-1084,116,-59,-13060,-5724,7880,-483,141,-110,0
2158.9510300159454,7032,7008,12088,-224,48,164,6316,-9728,10756,26,82,-142,-12688,4936,6928,-1113,171,-26,-13184,-5836,7788,-488,143,-38,0
2158.984426021576,7016,7056,11976,-220,-16,196,6384,-9476,10656,-255,64,-175,-12804,5248,6704,-1131,197,-9,-13008,-5776,7936,-470,184,-28,0
2159.0177800655365,7056,7016,11976,-233,-64,203,6472,-9512,10740,-28,49,-196,-12852,5092,6816,-1088,198,-87,-12836,-5728,7828,-455,204,-26,0
2159.0514819622044,6952,7044,12012,-217,-124,169,6328,-9556,10608,-33,68,-172,-12564,4884,6808,-773,148,-61,-13004,-5804,7744,-441,164,-46,0
2159.085005044937,6972,7004,12088,-221,-95,102,6432,-9608,10668,-137,133,-224,-12744,5228,7128,-890,200,245,-13072,-5772,7944,-376,156,-39,0
2159.1185059547424,6972,7064,12216,-341,-114,145,6448,-9396,10600,-281,98,-222,-12784,5120,6920,-809,248,-233,-13032,-5712,7840,-288,86,72,0
2159.151757955551,7080,6952,12088,-432,-110,245,6596,-9456,10668,-403,56,-137,-12660,5112,6836,-834,268,115,-13288,-5720,7824,-319,13,156,0
2159.1851170063014,7020,6796,11984,-493,-95,300,6200,-9452,10528,-305,-40,-66,-12720,5100,7016,-861,326,97,-12928,-5676,7812,-343,-45,134,0
2159.2187161445618,6984,6996,11872,-397,-82,359,6328,-9592,10708,-326,-54,-7,-13008,5152,6836,-881,396,114,-12940,-5668,8148,-385,36,169,0
2159.2523679733276,7092,7156,12108,-339,-119,362,6384,-9516,10764,-311,-70,-89,-12708,4864,7104,-956,364,59,-12948,-5740,7876,-390,113,137,0
2159.286042928696,6808,6932,12072,-344,-233,313,6528,-9716,10728,-273,-46,-226,-12816,5228,6800,-951,342,-256,-12960,-5756,7796,-433,212,120,0
2159.319581985473,7076,6844,11976,-244,-300,276,6208,-9672,10268,-317,-143,-509,-12856,5188,6896,-893,344,-71,-13140,-5532,7960,-469,204,112,0
2159.3531601428986,6920,6792,12176,-276,-373,345,6304,-9348,10284,-449,-83,-196,-12876,5392,6564,-887,327,-37,-13168,-5500,7708,-468,100,115,0
2159.3866059780125,7200,6812,11992,-328,-277,365,6536,-9696,10416,-339,244,-114,-12920,5180,6516,-922,270,120,-13080,-5472,7916,-437,-63,82,0
2159.420063018799,7280,6656,11980,-293,-7,329,6644,-9644,10576,-212,-26,45,-12980,5260,6884,-982,186,149,-13140,-5588,7884,-527,-80,245,0
2159.4536530971527,7124,6756,12184,-252,31,304,6568,-9912,10696,-97,155,101,-12952,5176,6856,-1039,93,111,-12836,-5576,7692,-543,-54,-67,0
2159.4872241020203,7224,6860,12172,-175,10,264,6524,-9820,10596,-203,203,-6,-12880,5168,6716,-952,172,82,-12976,-5444,7820,-443,-43,-41,0
2159.5207870006566,7092,6892,12072,-240,-101,234,6444,-9536,10508,-295,38,-115,-12868,5228,6608,-866,226,16,-13036,-5500,7820,-349,55,7,0
2159.5543949604034,7132,6804,12084,-360,-121,308,6260,-9564,10584,-298,183,-54,-12728,5328,6424,-867,275,40,-12912,-5532,7956,-295,0,77,0
2159.5879130363464,7352,6820,11920,-296,39,356,6228,-9600,10728,-332,-71,7,-12676,5224,6860,-845,292,135,-12980,-5600,7856,-321,-73,98,0
2159.6212170124054,7144,6796,11996,-310,118,348,6432,-9516,10740,-382,-27,99,-12876,5368,6876,-874,319,197,-13088,-5540,7896,-422,-84,84,0
2159.658723115921,7128,6804,12060,-262,93,299,6572,-9488,10492,-383,-145,-21,-12552,5216,6900,-881,307,154,-13304,-5504,8040,-478,-86,72,0
2159.6942009925842,7264,6732,11940,-170,146,267,6544,-9940,10440,-226,-255,240,-12972,5316,6688,-1050,204,149,-13036,-5436,7988,-511,-110,-55,0
2159.7302811145782,7060,6540,11868,-32,192,162,6400,-10140,10452,-97,102,-61,-12864,5404,6528,-1094,-250,112,-12920,-5520,8048,-613,-7,-187,0
2159.7653980255127,7012,6656,12284,64,106,31,6172,-10064,10268,-61,137,-202,-12848,5592,6580,-962,-52,-149,-12888,-5628,8152,-575,191,-235,0
2159.8010160923004,6920,6612,12276,47,-139,-40,6576,-9964,10144,-124,171,-410,-13024,5624,6496,-912,47,-193,-12884,-5352,7960,-409,281,-121,0
2159.8362240791325,7156,6588,12000,-146,-207,-2,6652,-9916,10104,-253,41,-339,-12712,5464,6204,-739,154,-141,-13164,-5136,8148,-1,247,-41,0
2159.8724031448364,7088,6552,12056,-316,-166,71,6424,-9928,10044,-278,74,-341,-12556,5560,6356,-808,248,-74,-13116,-5280,8136,-220,198,-42,0
2159.90753698349,7076,6576,11996,-378,-55,88,6572,-9980,10092,-217,111,-165,-12956,5404,6680,-831,75,-7,-13308,-5396,8080,-271,111,-104,0
2159.9436140060425,7028,6684,12116,-410,46,35,6412,-9896,10728,-94,343,-124,-12948,5448,7068,-935,39,-48,-12996,-5688,8136,-310,114,-156,0
2159.9799389839172,6936,6868,12232,-364,98,19,6336,-9860,10540,-49,275,-206,-12744,5260,6912,-890,67,-27,-12920,-5688,8080,-445,212,-72,0
2160.014873981476,6748,7088,12036,-259,-33,190,6092,-9960,10872,-139,-29,-154,-12372,5212,6848,-989,428,-146,-12712,-5564,8016,-458,386,174,0
2160.0501101017,6652,7028,12244,-83,-284,415,5796,-9948,10972,73,-558,-441,-12300,5252,6696,-1188,887,-368,-12548,-5520,7772,-700,775,413,0
2160.085279941559,6736,6980,12092,170,-259,622,6076,-9708,10620,109,-875,-504,-12584,5036,6888,-1348,1135,-478,-12880,-5772,7828,-1024,862,614,0
2160.1213030815125,6728,7064,11828,194,-597,751,6288,-9268,10428,-99,-873,-502,-12676,4944,6652,-1206,1528,-317,-13080,-5804,7880,-589,703,799,0
2160.1562280654907,7068,6916,12024,-146,-474,819,6568,-9316,10392,-491,-1022,-470,-12772,5196,6908,-880,1432,-176,-13112,-5612,7908,-338,653,1031,0
2160.192228078842,7008,7020,12248,-396,-498,973,6644,-9904,10604,-573,-1171,-630,-12800,5332,6764,-977,1711,-359,-12808,-5192,7708,-419,1012,1169,0
2160.2281119823456,7116,6720,11976,-105,-907,1109,6640,-10096,10572,-1,-1524,-923,-13172,5220,6160,-1185,1846,-728,-12916,-5332,7520,-795,1546,1106,0
2160.263236999512,7156,6456,12196,315,-1386,1035,7336,-9944,9964,-150,-1460,-1329,-12972,5012,5892,-1013,1818,-1220,-12808,-5076,7844,-531,1809,953,0
2160.2989180088043,6948,6412,12048,165,-1812,829,6720,-9856,9796,-226,-1416,-1653,-12912,5284,5788,-865,2037,-1361,-13392,-5208,7688,39,2043,1056,0
2160.3324451446533,7648,6492,12348,-339,-1695,530,7732,-9776,9932,-684,-1259,-1790,-14076,5128,5860,-353,1796,-1138,-14136,-4896,7816,386,1696,912,0
2160.366091966629,8112,6608,11908,-769,-1855,714,7916,-9756,9852,-991,-794,-1575,-13452,5320,5604,0,1608,-882,-13696,-4412,7648,531,1590,774,0
2160.399980068207,7828,6164,12048,-991,-1660,597,7036,-10172,9968,-893,-1133,-1556,-13036,5584,5388,-130,2028,-936,-13324,-4032,7556,402,1606,1131,0
2160.4335350990295,7620,6068,11724,-647,-1609,772,7484,-10216,9652,-523,-1392,-1616,-13500,5340,5576,-525,1861,-1192,-13436,-3916,7284,-16,1763,996,0
2160.467123031616,7900,6052,11824,-115,-1904,851,7644,-10280,9660,-138,-1400,-1672,-13632,5244,5652,-869,1750,-1556,-13496,-4128,7036,-399,2173,910,0
2160.500632047653,7856,6084,12096,148,-2081,869,7756,-10476,9724,372,-1566,-1870,-13752,5328,5144,-1329,1914,-1846,-13764,-4284,7260,-442,2512,833,0
2160.5338730812073,8372,6064,11812,238,-2387,790,7932,-10104,9504,469,-1456,-2077,-13820,4948,5188,-1352,1791,-2100,-14048,-4136,7156,-436,2780,709,0
2160.5676259994507,8392,6184,11720,176,-2627,757,7896,-9780,9464,463,-1427,-2163,-13760,5008,5144,-1272,1807,-2058,-14036,-3996,6960,-620,2596,736,0
2160.6012461185455,8740,6112,11408,239,-2478,937,7944,-9376,9548,471,-1581,-1939,-13776,4832,4948,-1455,1873,-1858,-14052,-3832,6644,-836,2423,914,0
2160.6345911026006,8680,6092,11156,233,-2212,1154,8172,-9248,9356,689,-1650,-1681,-13800,4788,5104,-2034,1898,-1752,-13936,-3644,6644,-1029,2394,1013,0
2160.667969942093,8664,6032,11176,294,-2077,1351,8156,-9580,9480,1016,-1752,-1485,-14076,4520,5048,-2100,2035,-1838,-14036,-3868,6148,-1306,2537,1081,0
2160.7014329433446,8844,6284,11348,475,-2081,1584,8364,-9508,9756,1329,-1916,-1601,-13920,4356,4612,-2423,2391,-2293,-14064,-3976,6172,-1430,2921,1337,0
2160.7348511219025,8924,6624,11544,493,-2666,2018,8484,-9144,9784,1199,-2522,-1652,-13928,3836,4392,-2271,2839,-2191,-14276,-4304,5940,-1434,3206,1787,0
2160.7683300971985,9044,7048,11452,185,-3074,2420,8524,-8492,9452,689,-2623,-1857,-13844,3336,4324,-2079,3542,-2158,-14596,-4412,5456,-1153,3365,2578,0
2160.8018119335175,9440,7656,11448,-293,-4196,3067,8668,-8120,10100,241,-3701,-1923,-13664,2832,3964,-1861,4920,-1824,-14292,-4220,4880,-933,3760,3637,0
2160.835377931595,9680,6768,10088,-481,-4617,3605,9296,-8140,9172,-637,-4258,-2224,-14268,2928,3968,-1875,4970,-1955,-14392,-3660,4880,-872,3741,3688,0
2160.868691921234,10036,5964,9468,-168,-3902,3668,9476,-8120,8796,-495,-4176,-1775,-14456,2940,3932,-1817,4199,-1639,-14720,-3708,5104,-653,3153,3330,0
2160.901843070984,10536,5904,9508,-142,-2846,3424,9992,-8060,8516,-797,-3762,-1317,-15240,2792,3088,-1807,3897,-1458,-15640,-3564,4588,-442,2378,2903,0
2160.9355199337006,11196,5944,9704,-180,-2078,2982,11184,-8212,8764,-951,-3313,-1023,-16108,2612,3288,-1277,3534,-1276,-15444,-3020,3804,-644,1838,2380,0
2160.9692590236664,12044,5252,9576,75,-1601,2461,11576,-8712,8340,-575,-2648,-695,-16404,2768,2744,-1403,3059,-1028,-16108,-2388,3692,-974,1621,1751,0
2161.0025911331177,12404,5164,9812,446,-1191,1782,12160,-8600,7936,-537,-1471,-816,-16132,2228,1924,-1069,2189,-883,-16156,-2436,3480,-894,1626,1486,0
2161.0360069274902,12512,5360,10136,-113,-1748,1482,12412,-8204,7348,-1262,-1474,-1144,-15668,1888,624,-458,2484,-966,-15724,-1460,3552,-363,2035,1707,0
2161.06960606575,12288,4512,9672,-522,-2369,1286,11608,-8308,7020,-1839,-1628,-1388,-15260,2664,1040,-64,2570,-711,-15676,-956,4080,137,2043,1879,0
2161.1028859615326,12212,4200,9180,-1016,-1882,1802,11632,-8584,6864,-2148,-1821,-1077,-15636,3020,908,-144,2427,-554,-15504,-1356,3696,395,1371,1615,0
2161.136228084564,12204,4172,9312,-1016,-1571,1747,11568,-8672,6720,-1845,-1252,-668,-16104,2312,1580,-112,1485,-515,-15740,-1324,3096,282,1161,1137,0
2161.1699769496918,12576,4420,8856,-1074,-1006,1345,12056,-8632,7012,-1590,-792,-268,-16028,2064,1648,-48,1122,-359,-15964,-1620,3316,52,697,772,0
2161.2032930850983,12824,4560,8976,-938,-686,963,12204,-8624,7244,-1027,-313,-353,-15984,2340,1780,-304,652,-233,-15640,-1704,3088,-103,431,364,0
2161.236874103546,12692,4344,9084,-787,-384,340,12096,-8944,7360,-957,84,-421,-16120,2544,1524,-545,308,-306,-15792,-1460,3128,-416,349,-116,0
2161.270431995392,12620,4320,9452,-267,-388,-64,11820,-9356,7380,-397,-62,-580,-15820,2980,1592,-721,119,-384,-15612,-1088,2900,-774,731,-6,0
2161.3036129474644,12368,3952,9724,268,-690,29,11628,-9744,7204,377,156,-552,-15940,2776,1116,-1660,-103,-691,-15992,-1016,2752,-2155,973,-513,0
2161.3417999744415,12736,4004,9232,1281,-437,-165,12068,-9472,7072,755,-260,-629,-16036,3044,1296,-2248,-413,-825,-15196,-952,3568,-2495,811,-1089,0
2161.3774631023407,12336,3692,9044,2192,-326,-114,11924,-8816,7080,2265,-171,-99,-15460,3060,1248,-2824,-762,-578,-15892,-1680,3932,-2443,266,-1292,0
2161.412635087967,12364,4996,8956,1831,498,65,11748,-8264,7540,2213,-37,466,-15440,2160,1436,-2545,-350,-221,-15748,-2108,3568,-2052,-343,-964,0
2161.4477751255035,12204,5712,9376,1471,990,235,11792,-7888,7396,1357,-81,498,-15384,1368,1632,-1691,-256,247,-15696,-3220,3284,-1093,-234,-489,0
2161.4833590984344,11816,6444,9756,71,344,187,11596,-7340,7304,11,-39,159,-15060,812,1576,-850,20,93,-14992,-3332,3108,144,129,-57,0
2161.518734931946,11440,5996,9708,-1345,-742,109,11708,-8152,7272,-1246,497,-612,-15204,1156,1684,357,501,-208,-14964,-2792,2928,1304,556,41,0
2161.554147005081,11884,5416,8728,-2154,-1695,-84,11912,-8252,7560,-1598,85,-1478,-15324,1652,1716,623,260,-691,-14876,-1964,2708,1642,1328,248,0
2161.590325117111,11980,4788,8988,-2332,-2346,36,11956,-8688,7456,-1453,410,-1996,-15580,1652,1176,144,289,-1234,-15252,-1872,2604,1658,1799,400,0
2161.6255369186406,12488,4836,9036,-2261,-2925,175,11892,-8376,7372,-1638,-417,-2325,-15360,1796,964,523,967,-1679,-15560,-1440,2816,1915,2456,933,0
2161.661945104599,12728,4884,9028,-2388,-3234,433,12016,-8444,7400,-1761,-1218,-2770,-15568,2224,1584,355,1452,-1782,-16152,-1680,3104,1958,2362,1511,0
2161.6979219913483,12820,5040,9092,-2318,-2823,486,12000,-8932,7000,-2465,-1138,-2788,-15884,3024,1512,680,1553,-1063,-16108,-856,3360,1229,2184,1635,0
2161.733134031296,13112,4080,9788,-1805,-2563,1089,10908,-9988,7176,-2381,-1162,-1639,-15204,4356,1336,-189,1954,-574,-15892,304,3728,5,1949,2128,0
2161.768846035004,12868,3260,9648,-983,-2210,2039,11500,-9772,6464,-1592,-2525,-934,-15416,3604,1012,-1093,3064,-753,-15688,-208,3800,-578,1639,2509,0
2161.8039519786835,12604,3356,9344,-528,-2016,2651,11600,-9280,6432,-878,-3011,-752,-15392,2804,840,-1109,3380,-701,-15560,-1416,3404,-757,1508,2341,0
2161.8395550251007,12340,4184,9076,-632,-1539,2786,11812,-8408,6392,-973,-1916,-785,-15036,1300,780,-321,3555,-1154,-14440,-1632,2432,-764,1733,2324,0
2161.874797105789,11708,4400,8396,-1062,-2529,2891,11940,-7972,6112,-1557,-1362,-1351,-14176,932,308,-219,4067,-1978,-13732,-688,1584,-279,2935,3158,0
2161.9101700782776,12208,3468,7680,-1005,-3904,3199,12748,-7820,6028,-1770,-2931,-1898,-14192,724,-900,-620,5177,-2804,-14472,144,544,73,4114,3968,0
2161.9454660415654,13528,3324,5736,-1516,-3712,3608,13220,-7136,5080,-1241,-3457,-3221,-15640,-620,-2124,-542,6332,-3436,-15484,-340,-436,926,4572,4038,0
2161.9817550182343,14736,3204,6052,-1620,-5476,3107,14704,-6000,4884,-860,-4000,-4206,-16172,-712,-2316,149,6280,-3195,-16028,564,-744,1441,4114,3666,0
2162.0152950286865,15584,2360,5408,-2325,-5513,2937,14484,-6924,4440,-323,-3257,-3334,-17120,1368,-1364,-684,4420,-2141,-16832,1280,464,733,3561,3157,0
2162.0488431453705,16164,1660,5856,-1773,-3840,2628,14088,-8280,5304,945,-2090,-1418,-17516,2136,-332,-2764,2337,-1093,-17312,988,1476,-335,2255,1838,0
2162.082412958145,15460,1716,6756,-944,-1035,1803,14228,-8724,5996,2069,-700,-95,-17896,2140,492,-3574,144,-398,-16868,-608,2708,-1264,1027,107,0
2162.1160330772404,14552,3100,7900,-242,825,822,13400,-8752,6752,2789,419,853,-16280,1760,1096,-3299,-594,2,-16568,-1620,3056,-1472,-45,-729,0
2162.149321079254,13416,4204,8780,273,1376,64,12016,-8388,7288,1765,-310,528,-15924,1248,1912,-2513,-981,338,-16396,-2292,3016,-1083,-702,-978,0
2162.183053970337,13424,4596,8548,792,1727,-978,13088,-8132,7480,453,690,409,-16584,1152,1476,-1583,-1641,780,-16384,-1760,2164,-1102,-1306,-1407,0
2162.2165501117706,13832,4100,8624,1133,1571,-1516,12904,-8172,6924,-193,1531,709,-16296,1328,364,-1112,-1910,1272,-16420,-24,1908,-1407,-1648,-1385,0
2162.2497889995575,14316,3160,8272,1439,1860,-1298,13228,-8552,6084,-1,1173,953,-16092,1752,-316,-1339,-1843,1397,-16020,892,1784,-1520,-1550,-1232,0
2162.283452987671,14192,2420,8048,1408,1902,-1032,13236,-9000,5316,331,192,845,-16204,2104,-1808,-1515,-1414,1233,-16040,1464,1696,-1298,-1346,-883,0
2162.3170330524445,14556,1856,8012,1510,2215,-814,13608,-8644,4360,544,-218,1221,-16500,1908,-1996,-1513,-1284,1529,-16476,1356,1756,-1069,-1613,-936,0
2162.3503379821777,14856,1840,7568,1269,2485,-837,14060,-8304,4380,648,-399,925,-16276,1460,-2256,-1355,-1662,1482,-16256,1164,1348,-848,-2013,-998,0
2162.3837399482727,14444,2420,8116,426,2449,-904,13796,-8220,4440,111,1011,1297,-15524,1580,-1932,-1072,-1380,1357,-15484,1184,1376,-435,-1559,-661,0
2162.4173531532288,14040,2108,7996,-435,2002,-785,13604,-8212,4480,11,1070,949,-15972,1676,-1628,-849,-1475,1324,-15872,688,2044,-54,-1927,-808,0
2162.4508049488068,13980,2472,7736,-856,1980,-770,13568,-8204,4596,59,1834,914,-16100,1748,-992,-626,-1550,1234,-15528,876,1692,178,-1917,-1404,0
2162.484384059906,13644,2068,8324,-764,1945,-1428,13396,-8996,4720,369,2187,695,-16188,2276,-272,-964,-2160,453,-15332,720,1976,-115,-1706,-2195,0
2162.5179710388184,13520,1940,8516,-375,1708,-2115,14004,-9208,5084,878,2950,528,-16952,1996,-236,-906,-3310,-67,-15760,16,2060,-281,-1209,-3277,0
2162.5512349605565,13608,2868,8424,217,1606,-2811,13288,-8556,5856,1318,3621,326,-16024,1748,-440,-686,-3590,-359,-16120,-156,2260,-310,-1058,-3488,0
2162.584995985031,13688,3656,8800,208,1464,-2923,13028,-8632,6216,982,3916,163,-15980,1832,376,-468,-3840,-11,-16228,-552,2216,-442,-1100,-3225,0
2162.618642091751,13728,3972,8400,144,1770,-2985,12808,-8172,6524,559,3490,297,-15664,1968,652,-245,-3096,170,-16016,-636,2268,-466,-1180,-2874,0
2162.651652097702,13144,4552,8836,58,1433,-2486,11896,-8260,7152,418,3382,529,-15220,1908,536,-646,-2457,246,-15584,-776,2400,-678,-803,-2227,0
2162.6852531433105,12708,4468,8808,415,1354,-1992,11868,-8276,7392,2,2626,302,-15448,1764,1008,-489,-1845,-9,-15608,-1676,2524,-1014,-701,-2289,0
2162.7186040878296,12588,4744,8848,636,1270,-1874,11984,-7972,7352,6,2367,237,-15548,1196,1372,-467,-1994,-229,-15448,-2012,2528,-767,-451,-2198,0
2162.751857042312,12428,5316,9176,459,682,-1705,12280,-7896,7428,82,2370,40,-15492,1300,1744,-459,-1794,-152,-15804,-2156,2428,-692,-285,-1882,0
2162.7853310108185,12864,5156,8448,394,623,-1698,12008,-7584,7872,-240,2110,8,-15568,1168,1636,-248,-1493,77,-15892,-2268,2452,-585,-598,-1774,0
2162.8189110755925,13004,5608,8440,78,726,-1594,12112,-7408,7416,-375,1800,210,-15712,1128,1852,-21,-1659,266,-15724,-2212,2416,-381,-905,-1844,0
2162.8526780605316,12652,5396,8428,-16,1088,-1542,11992,-7420,7732,-332,2014,440,-15320,1276,1840,54,-1681,534,-15760,-2384,2368,-193,-1134,-1598,0
2162.8860120773315,12488,5676,8448,-185,1364,-1389,11416,-7728,7912,-585,1598,612,-15352,1692,2080,-170,-1563,896,-15848,-1848,2664,-328,-1326,-1215,0
2162.919778108597,12588,5388,8576,-172,1787,-995,11404,-8192,8132,-411,1299,1100,-15572,2244,2124,-554,-1406,1411,-16056,-2128,3136,-635,-1728,-1064,0
2162.953164100647,12672,5244,9072,90,2430,-909,11840,-8528,7752,-354,1259,1494,-15904,2336,2300,-614,-1468,1557,-15904,-2512,3452,-799,-2411,-1028,0
2162.989192008972,12344,5212,9656,319,2868,-1254,11932,-8928,7852,-60,1643,1563,-16244,2552,2336,-370,-1855,2035,-15536,-2532,3428,-1013,-2247,-1677,0
2163.0242631435394,11752,5204,9916,609,2708,-1445,11336,-9228,7584,-139,2060,1377,-15500,2808,2076,-295,-1833,1303,-15612,-2020,3752,-1178,-1666,-1611,0
2163.062376022339,11760,5236,10168,358,2182,-1302,10952,-9188,7528,-265,1895,1233,-15224,3012,1996,-192,-1612,1626,-15520,-2264,4132,-1037,-1604,-1478,0
2163.098578929901,11476,5028,10248,140,1822,-1260,10876,-9312,7612,-877,1801,1087,-15300,3320,2324,-299,-1585,1564,-15132,-2168,4284,-994,-1716,-1286,0
2163.1338639259334,11208,4984,9872,458,1760,-1113,10500,-9564,7568,-622,1722,1186,-14984,3408,2600,-431,-1570,1349,-15088,-2196,4196,-1118,-1592,-1508,0
2163.1691811084747,11152,5232,10136,576,1822,-911,10392,-9276,7920,-502,1362,1255,-14816,3388,2540,-628,-1456,1408,-15136,-2720,4584,-1048,-1611,-1276,0
2163.2043900489807,11196,5580,10036,209,1825,-603,10388,-9228,7688,-345,966,1418,-14836,3488,2776,-787,-1280,1646,-15588,-2308,4588,-935,-2054,-1002,0
2163.239408016205,10972,5696,9880,120,2293,-413,10412,-9256,7952,-230,1031,1823,-14912,3564,3204,-868,-1335,1734,-14948,-3164,4584,-917,-2228,-1112,0
2163.274891138077,10336,6088,9984,241,2349,-569,10088,-9640,8420,270,1313,1595,-14896,3268,3368,-910,-1386,1397,-14828,-3624,4804,-928,-1935,-1334,0
2163.3105449676514,9736,6096,10392,427,2140,-771,9616,-9820,8588,414,1302,1263,-14764,3352,3584,-1058,-1358,1057,-14516,-3596,4760,-928,-1577,-1417,0
2163.345497131348,9548,6392,10584,465,1687,-930,9612,-9596,8420,562,1390,791,-14412,3272,3400,-946,-1362,723,-14260,-3952,5304,-586,-1205,-1399,0
2163.3814821243286,9432,6496,10740,224,1127,-961,9108,-9240,8500,653,1355,338,-13984,3404,3664,-841,-848,347,-14048,-3592,4988,-334,-647,-960,0
2163.4177060127254,9440,6400,10476,-104,556,-643,9132,-9376,8312,596,969,-47,-14104,3584,3732,-1059,-408,48,-14200,-3472,4904,-214,-190,-555,0
2163.452656984329,9548,6176,10536,-323,130,-366,9032,-9388,8620,768,972,-265,-14016,3604,3612,-1139,29,-121,-14360,-3596,5212,142,113,-119,0
2163.488697052002,9496,6148,10260,-695,-313,74,9168,-9308,8772,877,87,-500,-14192,3716,3736,-1400,388,-199,-14568,-3504,4992,182,344,293,0
2163.524411916733,9836,6148,10456,-694,-637,303,9620,-9272,8716,939,-76,-586,-14608,3404,4160,-1691,145,-381,-14364,-3968,5228,242,522,61,0
2163.560060977936,9648,6204,10284,-702,-706,47,9488,-9068,8416,820,377,-746,-14392,3088,3728,-1248,-112,-568,-14504,-3792,5248,399,446,-135,0
2163.5948469638824,9780,6296,10220,-900,-726,-114,9528,-8792,8940,457,565,-767,-14512,3384,3972,-806,-9,-421,-14928,-3636,4964,262,383,39,0
2163.630201101303,10432,6236,10284,-932,-458,-82,9808,-9168,8952,243,188,-405,-14924,3780,3680,-803,-102,-11,-15328,-3148,5020,-28,201,76,0
2163.6656539440155,10680,5936,10376,-809,-124,-33,10204,-9324,8516,308,177,-740,-14936,3632,3156,-1011,4,-251,-15324,-2940,4924,2,-28,34,0
2163.6991860866547,10692,5580,10568,-434,89,-46,10436,-9368,8200,398,133,-415,-15136,3596,3192,-1057,48,-151,-15088,-2888,4748,-105,173,-73,0
2163.732644081116,10848,5620,10716,-347,42,-81,10764,-9548,8520,507,254,-446,-15456,3488,2764,-1109,252,-291,-15660,-2828,4736,-140,327,-225,0
2163.7660899162292,11404,5580,10636,-437,-137,-101,10764,-9276,8224,339,62,-380,-15472,3676,3004,-986,-133,-144,-15732,-2516,4784,-101,152,-279,0
2163.7998559474945,11188,5468,10736,-590,28,-91,10472,-9324,8308,431,360,-134,-15204,4080,3224,-1308,-297,59,-15104,-2680,4984,-171,53,-264,0
2163.83327794075,10732,5472,10404,-566,143,-4,9972,-9284,8368,430,448,26,-14728,4076,3244,-1378,-221,102,-14876,-2664,5440,-381,-66,-241,0
2163.866806983948,10324,5180,10808,-543,237,107,9676,-9352,8584,366,3,90,-14588,4140,3680,-1389,-156,97,-14712,-3008,5596,-413,-120,-171,0
2163.9001209735866,10232,5556,10968,-528,252,136,9708,-9396,8704,337,337,155,-14652,3968,3704,-1362,-212,73,-14852,-3132,5496,-548,-123,-505,0
2163.9337401390076,9972,5628,10980,-421,171,183,9924,-9236,8808,232,320,152,-14620,3856,3820,-1266,-252,38,-14596,-3492,5464,-576,-232,-339,0
2163.9674150943756,9916,5812,10916,-249,188,100,9756,-9092,8964,224,367,177,-14524,3680,4116,-1142,-266,68,-14800,-3432,5384,-618,-342,-391,0
2164.001086950302,10096,6064,10744,-174,291,37,9664,-9136,9236,216,376,122,-14340,3548,3916,-1156,-306,52,-14748,-3668,5000,-703,-213,-351,0
2164.0343301296234,9984,6124,10684,-216,229,83,9568,-8968,9296,214,347,248,-14492,3248,4068,-1177,-92,-77,-14568,-3764,5008,-642,21,-259,0
2164.067966938019,9780,6248,10556,-136,46,85,9744,-8916,9476,1,28,-243,-14560,3188,4088,-1143,74,-310,-14608,-3688,5104,-573,281,-209,0
2164.1015169620514,10056,6100,10592,-76,-199,69,9828,-8944,8964,244,121,-383,-14704,3196,3920,-1181,132,-360,-14712,-3616,4924,-587,399,-160,0
2164.1350951194763,10116,6388,10280,-98,-360,102,9584,-8568,9440,249,63,-451,-14640,3216,3992,-1204,111,-365,-14740,-3660,4652,-625,518,-103,0
2164.1687550544734,10100,6052,10396,-57,-433,77,9824,-8660,8940,207,351,-580,-14624,3304,3964,-1128,144,-350,-14748,-3556,5120,-461,545,-30,0
2164.20233297348,10228,6124,10580,-204,-454,63,9804,-8696,8708,68,42,-653,-14708,3140,3636,-1273,229,-311,-14948,-3436,5300,-288,379,68,0
2164.23570394516,10436,5860,10544,-380,-343,120,10044,-8920,8728,-65,126,-486,-14836,3692,3948,-818,178,-123,-15072,-3232,5164,-314,213,19,0
2164.2689809799194,10408,5688,10604,-307,-231,208,9976,-8932,8992,-138,-67,-279,-14816,3664,3892,-839,130,-1,-15056,-3312,5248,-486,254,252,0
2164.302567958832,10244,5656,10316,-183,-160,267,9968,-8908,8896,-55,13,-127,-14788,3680,3772,-915,62,94,-15032,-3284,5284,-515,-180,-102,0
2164.3360130786896,10360,5716,10644,-144,34,241,10236,-9072,8460,-104,39,-26,-14632,3440,3604,-885,9,114,-15056,-3360,5128,-480,-189,-128,0
2164.3695869445805,10400,5740,10768,-211,111,192,9912,-9208,8904,-108,71,-25,-14768,3556,3800,-904,-14,134,-14860,-3188,5184,-766,-173,-104,0
2164.402995109558,10340,5980,10504,-361,53,209,9816,-9136,8888,-116,95,-254,-14688,3600,3720,-918,-8,127,-14832,-3264,5260,-550,-103,-106,0
2164.436177968979,10428,5880,10620,-232,-14,249,9680,-9220,8976,-69,-1,244,-14784,3760,3784,-996,39,114,-14884,-3224,5340,-545,-100,-88,0
2164.469973087311,10320,5760,10740,-81,12,217,10176,-9200,8940,-121,53,-7,-14880,3784,3732,-1021,11,115,-14932,-3396,5268,-629,-95,-157,0
2164.503875017166,10340,5692,10536,-87,70,172,9956,-9000,8704,-96,87,14,-14756,3348,3964,-1038,-51,100,-14976,-3400,5180,-668,122,-191,0
2164.5372750759125,9648,5576,10700,17,287,132,9580,-8912,8872,-76,131,81,-14568,3624,3680,-994,18,165,-14668,-3504,5224,-539,-236,-78,0
2164.570832967758,10036,5484,10580,-197,285,173,9868,-9216,8788,-47,28,84,-14504,3640,3864,-951,-16,167,-14668,-3412,5196,-591,-261,-139,0
2164.6043701171875,10016,5760,10548,-207,212,167,9784,-9004,8944,-133,109,61,-14652,3628,3780,-950,-251,174,-14684,-3452,5128,-638,-221,-64,0
2164.637536048889,10096,5864,10524,-108,239,182,9896,-9220,8760,-66,155,38,-14572,3588,3708,-1006,95,87,-14840,-3312,5264,-512,-31,-84,0
2164.682317018509,10228,5756,10596,-196,251,188,9828,-8976,8856,-36,134,-38,-14600,3384,3804,-1043,178,36,-14620,-3456,5200,-471,74,-31,0
2164.7295260429382,10076,5796,10708,-145,-14,178,9832,-8980,8920,-71,156,-176,-14708,3708,3916,-967,169,244,-14688,-3440,5352,-502,127,-43,0
2164.7736899852753,10052,5744,10780,-137,35,98,9724,-9104,8940,-61,103,-163,-14764,3752,3864,-1280,50,-22,-14872,-3368,5368,-448,100,-88,0
2164.8096449375153,10204,5800,10504,-106,127,67,9836,-9088,8872,-86,64,-159,-14712,3848,3988,-951,21,-242,-14812,-3164,5444,-452,52,-158,0
2164.8450939655304,10224,5716,10840,-140,108,17,9816,-9204,8780,-93,149,-177,-14744,3688,3816,-904,20,18,-15004,-3316,5180,-464,34,-186,0
2164.8807549476624,10100,5708,10924,-148,126,35,9896,-9180,8924,-111,164,-127,-14612,3672,3960,-907,-11,-239,-14760,-3356,5564,-449,-3,-213,0
2164.9157080650334,10200,5776,10732,-113,66,23,9892,-9044,8756,-109,137,-184,-14656,3676,3756,-939,16,-59,-14720,-3568,5292,-491,67,-173,0
2164.9516050815582,10140,5700,10712,-124,22,53,9864,-9108,8840,-80,131,-220,-14696,3788,3616,-984,-34,-73,-14752,-3272,5268,-764,179,-176,0
2164.987760066986,10148,6136,10568,-54,59,46,9508,-9040,8728,12,152,-136,-14692,3644,3940,-1032,30,-55,-14796,-3364,5300,-471,128,-115,0
2165.022598028183,10092,5868,10652,-137,253,46,9820,-8992,8848,-57,136,-182,-14380,3596,4024,-952,116,-40,-14716,-3348,5336,-466,130,-128,0
2165.0576379299164,10036,5840,10512,-149,-5,93,9840,-8992,8768,-63,165,-166,-14484,3768,3960,-998,91,-79,-14712,-3372,5160,-463,172,-115,0
2165.093721151352,10028,5900,10848,-56,245,67,9788,-9000,8952,-32,193,-129,-14568,3572,3948,-987,62,-27,-14840,-3428,5472,-531,74,-169,0
2165.1288080215454,10032,6040,10788,-51,72,32,9728,-9116,8920,-95,160,-124,-14696,4012,4120,-892,-8,1,-14852,-3504,5620,-546,21,-131,0
2165.1635351181026,10048,5892,11000,-90,58,93,9804,-9092,8716,-146,121,-54,-14844,3808,3884,-902,81,28,-14820,-3096,5272,-523,39,-72,0
2165.1993341445923,9996,5876,10676,-86,-62,165,9880,-9152,8940,-169,32,-223,-14496,3620,3828,-908,183,-161,-14640,-3572,5492,-500,142,-23,0
2165.234985113144,9876,5808,10616,-84,-146,146,9724,-8792,8860,-116,78,-11,-14468,3632,4008,-914,252,-185,-14688,-3408,5296,-455,250,-36,0
2165.270728111267,10176,5964,10848,-163,-266,149,9896,-9052,8732,-126,101,-352,-14664,3600,3888,-895,223,-215,-14784,-3288,5308,-441,296,-37,0
2165.305920124054,10052,5904,10668,-210,-321,121,9580,-8752,8808,-102,106,-395,-14676,3672,3808,-987,209,-501,-14792,-3292,5224,-490,371,-65,0
2165.3418509960175,9988,5856,10584,-114,-304,162,9960,-9160,8732,-68,-58,-385,-14716,3604,3856,-1057,220,-208,-14916,-3248,5260,-558,326,-64,0
2165.3755021095276,10320,5880,10668,-52,-295,206,10020,-9036,8876,-36,-78,-314,-14384,3768,3688,-1029,264,-157,-14924,-3468,5404,-535,221,-29,0
2165.4091210365295,10124,5764,10816,-71,-139,211,9860,-9168,8732,-115,-90,-210,-14688,4060,3696,-961,215,21,-14936,-3248,5528,-525,95,-54,0
2165.442605018616,10132,5828,10892,-116,250,184,9892,-9288,8664,-55,46,-59,-14736,3932,3944,-962,108,89,-15092,-3236,5564,-544,-25,-87,0
2165.4761230945587,10052,5824,10968,-112,79,193,9788,-9296,8908,-126,79,-45,-14832,3764,3868,-1017,70,45,-14700,-3380,5416,-552,5,-102,0
2165.5096769332886,10040,5824,10908,-143,11,146,9848,-9252,8788,-62,178,-108,-14676,3776,3940,-989,66,243,-14796,-3432,5480,-543,51,-125,0
2165.5429830551147,10008,5872,10580,-159,-16,123,9872,-9156,8792,-154,147,-150,-14668,3756,3640,-939,21,20,-14832,-3336,5404,-592,-10,-156,0
2165.5771191120148,10064,6128,10552,-196,-16,96,9844,-9032,8876,-87,179,-93,-14784,3900,3944,-951,-38,24,-14672,-3104,5136,-647,22,-164,0
2165.610722064972,9728,5892,10496,-28,47,145,9720,-9160,8788,-62,88,-113,-14448,3676,3696,-1052,109,-18,-14672,-3508,5344,-587,122,-78,0
2165.6440250873566,10104,6016,10956,-68,-130,181,9860,-9008,8740,-95,23,-206,-14568,3548,3924,-1003,117,-120,-14784,-3448,5064,-562,206,-131,0
2165.677575111389,10088,5916,10368,-97,-129,135,9884,-9072,8776,-83,46,-234,-14668,3636,3756,-959,142,-176,-14724,-3132,5224,-484,206,-102,0
2165.7109570503235,10096,5928,10356,-136,-105,113,9948,-8964,8684,-11,97,-240,-14720,3732,3824,-1002,183,-127,-14736,-3584,5240,-473,199,-97,0
2165.7445211410522,10180,5932,10736,-172,-118,95,9892,-8940,8792,-48,137,-162,-14828,3644,3856,-994,83,-52,-14984,-3484,5340,-496,134,-148,0
2165.778039932251,10224,5900,10600,-136,-25,93,9896,-9024,8856,-76,120,-169,-14676,3588,3848,-941,28,15,-14768,-3332,5372,-523,10,-131,0
2165.8117039203644,10060,5900,10804,-135,25,103,9960,-9144,8768,-103,134,-143,-14792,3784,3620,-944,46,28,-14776,-3356,5164,-476,83,-130,0
2165.8453071117406,10112,5916,10992,-192,32,92,9912,-9116,8940,-13,209,-129,-14596,3768,4012,-920,78,-9,-14748,-3148,5304,-442,51,-138,0
2165.8787879943848,10080,5916,10660,-158,38,71,9768,-9208,8840,-69,120,-120,-14400,3864,4088,-943,79,-25,-14736,-3348,5372,-484,44,-101,0
2165.9119391441345,10132,5760,10880,-197,-43,112,9768,-9208,8724,-59,142,-119,-14684,3904,3684,-945,71,-254,-14856,-3336,5420,-528,69,-104,0
2165.945459127426,9980,5732,10820,-168,-44,143,9776,-9240,8488,-54,109,-124,-14576,3844,3640,-954,111,-43,-14820,-3268,5552,-766,105,-92,0
2165.9791231155396,9996,5860,10832,-146,-111,196,9780,-9196,8700,16,177,-147,-14736,3744,3828,-985,126,-160,-14672,-3444,5456,-522,161,-131,0
2166.0126650333405,9956,5884,10796,-165,-159,128,9816,-9140,8580,-18,196,-254,-14560,3676,3732,-957,24,-192,-14708,-3544,5472,-476,190,-191,0
2166.046389102936,9836,5944,10892,-203,-144,22,9732,-9064,8852,-61,332,-235,-14740,3688,3908,-913,-70,-162,-14864,-3500,5476,-536,121,-263,0
2166.080080032348,10172,6076,10636,-116,-62,6,9860,-9288,8952,-5,418,-99,-14752,3956,3756,-980,-93,-119,-14896,-3108,5340,-628,49,-337,0
2166.113517999649,10164,5756,10888,-72,-28,-21,9844,-9260,8944,155,455,-126,-14676,3708,3744,-1000,-186,-207,-14696,-3480,5612,-518,162,-371,0
2166.1471979618073,9980,5876,10680,-52,5,-118,9952,-8764,8740,145,419,-275,-14472,3428,4036,-975,-193,-274,-14672,-3360,5168,-366,223,-361,0
2166.1807110309605,9768,6012,10748,-245,-156,-165,9836,-8776,8648,37,556,-474,-14396,3800,3908,-795,-106,-310,-14696,-3584,5164,-316,240,-272,0
2166.214189052582,9972,6072,10548,-390,-255,-89,9828,-8956,8896,-63,324,-400,-14492,3660,3648,-885,33,-250,-14796,-3452,5248,-374,346,-41,0
2166.247776031494,10216,6032,10444,-339,-313,138,9760,-9100,8888,-19,148,-411,-14716,3648,3740,-1017,318,-191,-14632,-3256,5260,-442,334,103,0
2166.281158924103,10344,5888,10704,-226,-339,342,10064,-9296,8812,55,24,-291,-14664,4044,3808,-1159,323,-113,-15336,-3212,5512,-542,237,92,0
2166.314549922943,10440,5648,10780,-184,-143,382,10188,-9232,8480,91,-58,-60,-14800,4320,3928,-1180,121,87,-14932,-3240,5736,-602,253,-255,0
2166.3506989479065,10436,5660,11232,-198,134,338,9784,-9376,8704,59,52,45,-14764,4316,3968,-1117,-52,178,-14776,-3492,5708,-705,-190,-153,0
2166.3858969211574,10036,5680,10956,-80,226,262,9780,-9296,8576,1,195,110,-14620,3852,3944,-1043,-102,160,-14668,-3140,5408,-704,-284,-207,0
2166.4213449954987,9920,5760,10968,-5,505,188,9764,-9276,8708,-59,279,136,-14608,3776,3928,-1049,-127,33,-14564,-3084,5628,-720,-135,-253,0
2166.457617044449,9980,5728,10756,-6,143,167,9488,-9196,8728,48,266,30,-14440,3668,3596,-1107,-68,-65,-14436,-3356,5332,-652,25,-198,0
2166.4926879405975,9728,5888,10688,-111,235,176,9744,-8992,8856,42,231,-69,-14560,3480,3900,-1105,65,-91,-14648,-3716,5324,-564,94,-88,0
2166.528563976288,10028,6012,10636,-231,-151,207,9780,-8972,8992,0,149,-192,-14624,3600,3984,-1057,177,-158,-14688,-3520,5416,-547,501,-58,0
2166.5638959407806,10212,5776,10604,-187,-294,196,9884,-9016,9016,35,95,-261,-14844,3628,4236,-1094,96,-139,-14912,-3348,5388,-561,239,-102,0
2166.5994889736176,10476,5876,10624,-149,-148,181,9748,-9172,8704,97,80,-132,-14636,3716,4044,-1114,74,-62,-15056,-3440,5452,-597,73,-167,0
2166.6346430778503,10156,5912,10704,-39,39,140,9744,-9216,8720,117,177,-88,-14720,3952,4092,-1121,-56,11,-14896,-3456,5512,-663,-52,-240,0
2166.6702649593353,10128,5788,10820,26,183,132,9740,-9148,9064,119,200,105,-14636,4016,3996,-1188,-136,112,-14832,-3300,5616,-787,-180,-296,0
2166.705069065094,10184,5800,10764,99,352,200,9932,-9152,8468,176,167,330,-14616,3912,3976,-1250,-112,224,-14760,-3308,5428,-863,-273,-241,0
2166.7406520843506,9940,6084,10760,170,441,224,9572,-9168,8836,142,147,277,-14388,3844,3840,-1194,-21,147,-14364,-3416,5212,-796,-207,-180,0
2166.7755229473114,9800,5848,10848,63,383,203,9472,-9212,8756,68,90,115,-14512,3748,3964,-1178,13,113,-14848,-3620,5380,-667,-59,-101,0
2166.8114700317383,10168,6104,10448,-692,460,194,9644,-8964,9000,-98,126,74,-14500,3428,4024,-1035,114,73,-14624,-3552,5348,-641,-10,-93,0
2166.8476049900055,10104,5640,10720,-7,68,189,9752,-9156,8732,-48,110,-7,-14556,3660,3996,-1102,114,-39,-14720,-3456,5140,-593,108,-118,0
2166.8827679157257,10076,5884,10712,-52,5,155,9732,-9108,8804,24,83,-106,-14788,3896,4056,-1119,55,-14,-14872,-3532,5444,-577,155,-137,0
2166.917650938034,10084,5976,10588,-26,124,106,9764,-9164,9164,38,119,-45,-14676,3644,3896,-1073,62,63,-14888,-3456,5464,-548,57,-93,0
2166.953299999237,10108,5836,10760,-169,86,149,9796,-8964,8868,-4,119,26,-14784,3940,3964,-1061,99,87,-14752,-3440,5608,-552,-46,-139,0
2166.9889030456543,9880,5788,10728,-73,189,136,9776,-9184,8868,41,143,8,-14828,3608,3980,-1098,-26,-239,-14500,-3692,5480,-534,-38,-503,0
2167.024861097336,9764,5960,10784,-23,206,-59,9692,-9160,8888,30,310,-26,-14600,3928,4268,-1048,-194,-3,-14716,-3484,5608,-608,-6,-352,0
2167.058203935623,9936,5936,10852,-45,209,-59,9216,-9224,9032,85,332,-252,-14428,3976,4188,-1154,-190,4,-14724,-3520,5712,-703,-13,-299,0
2167.0917530059814,9860,5984,11004,1,207,62,9420,-9120,8976,70,212,52,-14472,3904,4188,-1173,-94,80,-14420,-3712,5640,-704,-25,-216,0
2167.125289916992,9960,5988,10604,2,179,124,9476,-9176,8884,88,136,26,-14420,3840,4004,-1122,43,47,-14576,-3632,5464,-635,33,-136,0
2167.1583919525146,9904,6092,10916,25,72,184,9504,-9064,9112,26,41,-47,-14448,3988,4020,-1105,153,44,-14724,-3544,5588,-648,71,-37,0
2167.1919379234314,9932,5940,10888,19,87,251,9620,-9128,8984,-66,-29,-13,-14548,3848,4048,-1037,246,49,-14616,-3532,5884,-628,35,-255,0
2167.2252590656285,9752,5708,10808,-56,33,294,9600,-9184,8812,-13,-38,-44,-14532,3948,3916,-1065,233,24,-14632,-3428,5696,-568,113,5,0
2167.2586460113525,10040,5840,10764,-117,252,301,9900,-9172,8788,-249,-11,-25,-14636,4040,4104,-1047,228,42,-14720,-3524,5532,-583,81,-71,0
2167.292130947113,9972,5928,10808,-100,39,243,9620,-9360,8844,-4,60,-48,-14612,3840,4112,-1129,115,-58,-14656,-3616,5684,-656,102,-143,0
2167.325443029404,9884,5888,10848,33,34,149,9620,-9248,8892,44,132,-97,-14848,3760,4144,-1063,36,-70,-14584,-3608,5636,-623,127,-200,0
2167.358917951584,9776,6008,10712,-21,-12,79,9612,-9000,8716,-2,150,-204,-14464,3780,3964,-993,67,-110,-14600,-3676,5620,-539,134,-180,0
2167.3923079967494,9832,6068,10924,-164,-39,33,9692,-9120,8988,-39,158,-265,-14524,3812,4136,-998,48,-121,-14588,-3728,5432,-442,190,-199,0
2167.4258100986485,9820,6156,10808,-212,-113,-26,9564,-9124,9028,-51,276,-314,-14384,3636,4296,-927,52,-259,-14500,-3852,5464,-394,505,-233,0
2167.459214925766,9804,6172,10820,-246,-235,-90,9668,-8744,9124,-99,297,-412,-14584,3832,4108,-902,8,-281,-14692,-3596,5396,-310,317,-187,0
2167.492777109146,9940,6140,10848,-309,-282,-96,9648,-9048,9052,-130,214,-433,-14580,3864,4420,-926,48,-175,-14736,-3360,5816,-393,308,-163,0
2167.526418924332,9868,6168,10988,-320,-252,7,9380,-9136,8960,-45,177,-328,-14520,4016,4112,-925,94,-75,-14768,-3692,5376,-420,271,-100,0
2167.5600111484528,9740,6052,10952,-184,-106,69,9528,-9164,8916,-79,107,-225,-14492,4000,3984,-948,97,-48,-14768,-3600,5808,-428,200,-76,0
2167.5934801101685,10160,6000,10908,-273,-73,143,9488,-9256,8720,-96,61,-216,-14528,4036,4080,-912,186,-244,-14760,-3552,5732,-409,94,-44,0
2167.627121925354,9868,6136,10888,-211,-10,148,9488,-9196,8864,-103,-2,-204,-14468,3968,3992,-898,192,230,-14544,-3524,5652,-380,90,-9,0
2167.6605689525604,9944,5944,10568,-213,-70,128,9556,-9272,8784,-156,-24,-274,-14584,3924,3904,-912,185,-48,-14436,-3580,5660,-421,168,-51,0
2167.6941521167755,9736,5940,10932,-231,-136,144,9476,-9376,8792,-120,64,-505,-14376,3956,3936,-909,192,-87,-14724,-3404,5692,-423,161,-55,0
2167.727751016617,9932,5860,11164,-221,-150,123,9944,-9368,8896,-79,241,-252,-14744,3832,4168,-878,164,-152,-14764,-3612,5444,-397,225,-95,0
2167.761099100113,9924,5968,11000,-263,-228,58,9680,-9104,8904,-44,310,-7,-14600,3896,4120,-820,130,-201,-14652,-3528,5576,-387,511,-146,0
2167.794471025467,9856,5952,10580,-199,-196,17,9532,-9268,9212,-104,179,-354,-14444,3660,4232,-897,104,-183,-14616,-3588,5648,-450,261,-140,0
2167.828104019165,9948,6036,10584,-199,-232,-26,9628,-9320,8888,-84,111,-359,-14568,3892,4012,-887,88,-157,-14704,-3536,5672,-427,193,-163,0
2167.861578941345,9972,6120,10860,-224,-167,-8,9656,-9044,8728,-69,208,-311,-14652,3980,4116,-881,74,-151,-14696,-3544,5396,-394,167,-192,0
2167.8947620391846,10148,5888,10772,-177,-109,18,9600,-9292,8652,-52,183,-269,-14492,3924,4132,-876,89,-177,-14716,-3368,5480,-437,147,-171,0
2167.9284961223602,9912,6092,10864,-178,-95,62,9508,-9076,8724,-86,132,-275,-14484,3640,3940,-899,63,-178,-14404,-3628,5588,-389,227,-145,0
2167.961889028549,9732,6068,10668,-210,-146,19,9384,-9136,8884,-44,134,-341,-14368,3768,4180,-883,167,-201,-14340,-3636,5444,-370,274,-120,0
2167.9954850673676,9784,5976,10848,-212,-214,9,9588,-9188,8788,-256,149,-449,-14544,3800,4008,-971,150,-288,-14596,-3592,5504,-358,331,-138,0
2168.0317430496216,9884,5956,10880,-231,-294,-19,9660,-9204,8832,-15,101,-455,-14816,3852,4216,-891,146,-342,-14776,-3612,5640,-341,372,-144,0
2168.073611974716,9984,6024,10828,-345,-315,-39,9376,-9092,8880,-42,218,-422,-14492,3888,4008,-861,105,-277,-14812,-3584,5580,-323,367,-93,0
2168.1096470355988,9928,6000,10896,-303,-309,40,9592,-9204,8908,-122,44,-392,-14584,3884,4156,-872,178,-206,-14796,-3448,5596,-411,318,-18,0
2168.144951105118,9824,5952,10984,-288,-302,133,9696,-9316,8980,-76,71,-280,-14564,3996,4068,-988,176,-213,-14684,-3472,5656,-478,308,-58,0
2168.1812460422516,9768,6136,10936,-176,-189,179,9624,-9164,8884,-42,67,-498,-14584,3968,4328,-975,185,-138,-14796,-3484,5560,-492,207,-74,0
2168.2161581516266,10104,5892,10884,-231,-133,187,9852,-9184,8912,-41,117,-175,-14508,3980,3964,-884,229,-124,-14668,-3084,5420,-468,172,-41,0
2168.2522940635686,10032,5812,10864,-228,-80,215,9744,-9120,8708,-56,41,-150,-14552,3856,3864,-1002,225,-86,-14836,-3576,5408,-440,134,16,0
2168.2874500751495,9812,6076,10952,-263,-59,218,9812,-9000,8680,18,145,-98,-14656,3912,3880,-1042,144,-75,-14836,-3528,5364,-483,101,-44,0
2168.323697090149,10080,6120,10912,-216,-90,156,9796,-9260,9164,14,152,-121,-14684,3784,4048,-1055,37,-128,-14700,-3464,5372,-542,165,-168,0
2168.359890937805,10036,5924,10828,-121,-135,73,9804,-9244,8944,57,154,-209,-14632,3824,3964,-1092,-29,-173,-14700,-3600,5360,-569,208,-227,0
2168.3949179649353,9892,5940,10844,-174,-137,57,9592,-9108,8912,69,269,-221,-14496,3860,3876,-1033,-37,-97,-14704,-3524,5472,-560,96,-212,0
2168.430817127228,9928,5996,10816,-130,-91,53,9688,-9064,8724,16,206,-132,-14400,3600,3880,-1006,6,-90,-14840,-3488,5452,-486,96,-171,0
2168.4660699367523,9960,5856,10736,-189,-87,81,9728,-9152,8872,31,221,-179,-14468,3916,4132,-785,-17,-100,-14396,-3528,5524,-476,117,-195,0
2168.501827955246,9996,5892,10560,-180,-87,96,9516,-9132,8964,28,213,-160,-14436,3788,4064,-1055,31,-127,-14704,-3520,5624,-524,96,-155,0
2168.537730932236,9932,6008,10928,-161,-100,140,9564,-9216,8804,28,128,-130,-14556,3892,4080,-1104,108,-117,-14720,-3496,5568,-584,142,-131,0
2168.5729830265045,10020,5868,10732,-77,-78,149,9888,-9176,8840,55,134,-136,-14352,3828,4084,-1107,61,-123,-14740,-3816,5412,-565,176,-160,0
2168.6082389354706,10076,5936,10644,-89,-114,125,9600,-9088,8808,78,204,-141,-14544,3688,4068,-1122,252,-108,-14708,-3576,5496,-587,112,-171,0
2168.644031047821,10004,6028,10988,-108,-71,85,9644,-9080,8904,83,188,-156,-14576,3776,4112,-1047,56,-47,-14724,-3628,5464,-533,91,-156,0
2168.6807811260223,9960,5988,10668,-182,-84,120,9860,-9100,8876,28,153,-172,-14456,3692,3900,-1019,82,-143,-14648,-3684,5388,-490,194,-100,0
2168.7142541408534,10000,6056,10588,-208,-134,143,9896,-8972,8756,236,152,-165,-14540,3648,4020,-785,130,-130,-14712,-3632,5264,-467,205,-90,0
2168.7477531433105,10052,5932,10592,-239,-192,131,9692,-9080,8940,-32,174,-231,-14596,3788,4132,-772,100,-136,-14620,-3676,5524,-471,299,-157,0
2168.7812530994415,9760,5964,10720,-248,-191,69,9516,-9068,9204,-55,109,-311,-14780,3740,4148,-978,54,-176,-14688,-3540,5580,-487,276,-159,0
2168.8147830963135,9988,5984,10724,-157,-230,36,9784,-9108,9100,-84,254,-265,-14684,3800,4236,-1036,20,-218,-14740,-3504,5480,-485,321,-201,0
2168.8482480049133,9988,6004,10984,-135,-229,5,9736,-9036,8732,11,188,-267,-14560,3820,4056,-1280,11,-207,-14712,-3560,5264,-524,257,-223,0
2168.8816459178925,10052,5832,10524,-25,-3,-250,9884,-9100,8768,75,190,-172,-14824,3944,4264,-1086,-60,-51,-14904,-3432,5600,-575,24,-272,0
2168.9149639606476,11316,3644,10988,-490,152,-18,9724,-9352,8656,97,171,-60,-14400,3916,4040,-1103,-50,48,-14812,-3380,5460,-593,-31,-167,0
2168.9482481479645,10108,5808,10800,-67,167,142,9572,-9176,8896,56,140,45,-14532,3968,3820,-1084,22,47,-14628,-3420,5464,-626,-99,-148,0
2168.9817011356354,9940,5792,10784,-247,115,209,9720,-8972,8872,27,133,31,-14564,3880,4180,-1108,58,31,-14604,-3388,5420,-624,-17,-148,0
2169.0151851177216,9928,5888,10764,-7,57,194,9620,-9292,9092,15,184,-25,-14540,3628,3892,-1157,58,-41,-14704,-3736,5552,-609,64,-211,0
2169.048506975174,10012,5884,10788,-25,103,98,9708,-9100,8988,65,277,-29,-14412,3728,4372,-1116,-36,-59,-14668,-3764,5524,-571,36,-290,0
2169.0818390846252,10172,6316,10744,-68,56,-25,9632,-9000,9076,125,426,-80,-14372,3612,4336,-1125,-172,-148,-14740,-3708,5360,-607,32,-418,0
2169.1155259609222,9920,5996,10916,-5,35,-92,9592,-9040,9056,185,443,-90,-14356,3640,4512,-1141,-217,-124,-14692,-3696,5476,-663,94,-422,0
2169.1487889289856,9968,6056,10752,90,20,-79,9592,-9052,9056,166,309,-118,-14484,3624,4168,-1123,-173,-106,-14616,-3804,5404,-610,136,-363,0
2169.1823070049286,9936,6128,10700,80,39,-31,9392,-8992,8720,140,235,-161,-14276,3828,4164,-1125,-29,-122,-14560,-3620,5472,-618,176,-270,0
2169.2159099578857,9740,6184,10720,12,-12,49,9256,-9032,8716,37,137,-161,-14204,3748,4196,-1093,46,-132,-14688,-3676,5852,-533,67,-156,0
2169.2493879795074,9880,6160,10724,13,81,98,9596,-8992,8952,-68,70,-109,-14196,3652,4344,-1052,68,-77,-14696,-3764,5492,-504,42,-145,0
2169.282683134079,9912,6008,10572,-139,12,97,9272,-8864,9052,-78,46,-208,-14424,3708,4152,-948,135,-23,-14528,-3772,5352,-441,125,-55,0
2169.316476106644,9820,6124,10988,-296,-30,164,9556,-8912,8880,-104,37,-183,-14476,3684,4228,-922,295,-39,-14604,-3644,5172,-353,133,57,0
2169.349632024765,9816,6060,10784,-290,-132,176,9608,-9076,9088,-178,10,-271,-14576,3616,4260,-932,316,-155,-14684,-3824,5160,-313,217,-256,0
2169.383010149002,10000,6072,10724,-293,-197,134,9480,-8760,9044,-120,139,-288,-14572,3356,4400,-894,218,-182,-14688,-3940,5260,-323,239,-83,0
2169.4168090820312,9824,6288,10656,-288,-150,-2,9548,-8932,9216,-155,123,-400,-14376,3664,4168,-892,86,-155,-14656,-3832,5236,-322,256,-93,0
2169.4503870010376,9952,6312,10636,-275,-175,255,9624,-8896,9196,-184,13,-404,-14432,3756,4488,-944,132,-46,-14688,-3652,5492,-388,227,-12,0
2169.4838740825653,9916,6088,10824,-241,-139,115,9568,-9140,9060,-189,-121,-309,-14488,3972,4120,-937,207,52,-14824,-3604,5568,-388,136,57,0
2169.5174140930176,9932,6088,10828,-252,-77,192,9616,-9156,8860,-147,-119,-242,-14492,3888,4180,-914,246,-24,-14656,-3492,5700,-372,121,34,0
2169.550980091095,9860,5916,10768,-198,-40,210,9592,-9248,8748,-150,-60,-223,-14564,3884,4316,-901,278,-62,-14364,-3652,5384,-381,139,23,0
2169.5845351219177,9896,5948,10952,-240,-85,178,9548,-9168,8784,-112,-7,-241,-14540,3812,4100,-934,240,-64,-14640,-3836,5548,-412,149,-3,0
2169.6181099414825,9852,5896,10900,-512,-133,161,9484,-9468,8760,-129,14,-254,-14476,3600,4196,-895,222,-62,-14592,-3688,5408,-430,187,14,0
2169.6515879631042,9868,5980,10828,-238,-207,168,9724,-9088,9000,-105,10,-297,-14552,3740,3956,-977,230,-133,-14612,-3628,5552,-432,270,-25,0
2169.6848750114445,9976,5924,10856,-8,-229,146,9976,-9040,8908,-79,44,-328,-14604,3760,4220,-973,194,-183,-14732,-3708,5452,-410,261,-73,0
2169.7217030525208,9996,5936,10728,-208,-170,89,9948,-9080,8716,-50,109,-324,-14508,3772,4180,-928,122,-163,-14768,-3632,5332,-388,1,-90,0
2169.7579829692845,9860,5964,10644,-239,-110,67,9732,-9052,8860,-84,71,-315,-14464,3756,4064,-938,157,-85,-14672,-3648,5512,-394,158,-73,0
2169.793158054352,10220,6036,10496,-255,-83,81,9764,-9024,8816,-77,90,-259,-14612,4080,4200,-916,116,-116,-14804,-3548,5380,-379,176,-62,0
2169.8292820453644,9976,5900,10756,-270,-114,97,9944,-9088,8828,-56,84,-282,-14432,3832,3896,-949,153,-71,-14632,-3624,5384,-391,211,-32,0
2169.8644709587097,9992,6012,10564,-266,-133,109,9652,-8788,8948,-59,78,-299,-14588,3812,3912,-994,184,-97,-14620,-3512,5520,-400,173,-27,0
2169.9003250598907,9964,5964,10856,-3,-148,128,9740,-8972,8920,-26,54,-272,-14756,3836,4300,-1014,193,-117,-14668,-3512,5548,-422,215,-24,0
2169.9353990554814,9804,6008,10896,-280,-153,143,9768,-9140,9004,21,129,-206,-14548,3592,4188,-1034,137,-144,-14836,-3544,5464,-412,219,-34,0
2169.970869064331,10020,6052,10856,-331,-149,177,9772,-9124,9036,-22,138,-214,-14636,4088,3872,-1001,150,-98,-14820,-3596,5696,-412,174,16,0
2170.0061180591583,9988,5940,10780,-390,-172,226,9732,-9128,8884,-112,69,-195,-14584,3976,4012,-997,115,-45,-14728,-3452,5668,-448,87,-35,0
2170.0419290065765,9916,5660,10960,-414,-178,252,9808,-9092,8876,-65,87,-140,-14632,3764,4208,-976,119,-44,-14708,-3636,5444,-452,81,-38,0
2170.0773911476135,10016,5888,10820,-393,-132,225,9744,-9080,8928,-79,142,-157,-14580,3764,4008,-971,112,-17,-14784,-3652,5404,-400,29,63,0
2170.1135020256042,9940,5688,10976,-609,-84,188,9816,-9264,8612,49,140,-213,-14576,3700,4056,-885,99,-104,-14508,-2976,5364,-501,4,-151,0
2170.1491351127625,9768,5904,10612,-402,-505,198,9592,-9008,9196,-17,137,-238,-14352,3816,4064,-1080,38,-139,-14740,-3480,5572,-563,191,-52,0
2170.18443107605,10068,5416,11040,-236,-354,228,9604,-9144,9156,-242,57,-209,-14776,3984,4124,-1101,145,-138,-14636,-3492,5372,-419,179,-26,0
2170.2202141284943,9996,5948,11260,-480,-103,1,9820,-9076,8732,-62,91,-224,-14696,3916,4340,-772,203,-105,-14648,-3468,5476,-523,233,-17,0
2170.2551040649414,10108,5924,10520,-154,-258,215,9804,-9108,8928,-92,50,-186,-14576,3740,4060,-974,193,-112,-14772,-3556,5424,-380,173,-31,0
2170.2908921241765,10036,5860,10924,-305,-195,167,9844,-9096,8944,-10,109,-189,-14632,3744,4280,-1001,132,-85,-14748,-3416,5464,-481,168,-81,0
2170.3262510299683,10120,5756,10816,-274,-130,170,9820,-9032,9016,-27,140,-167,-14564,3680,3900,-997,103,-40,-14856,-3464,5436,-502,129,-92,0
2170.3638830184937,10048,5668,10784,-285,-228,165,9772,-9032,8876,-30,135,-213,-14512,3692,4016,-1006,62,-122,-14672,-3504,5192,-557,174,-105,0
2170.3972120285034,9964,5880,10748,-308,-303,209,9708,-9036,9116,-51,116,-222,-14832,3772,3932,-980,139,-152,-14840,-3384,5188,-472,189,-85,0
2170.4309761524205,10116,5724,10896,-290,-203,236,9728,-8984,8840,19,63,-197,-14572,3692,4112,-1042,198,-117,-14824,-3488,5344,-560,224,-46,0
2170.464532136917,10020,5536,10540,-240,-301,201,9816,-9040,8908,-250,92,-235,-14532,3888,4164,-1048,99,-124,-14668,-3452,5432,-461,175,-58,0
2170.4981100559235,10052,5876,10828,-262,-194,179,9788,-9136,8728,-38,86,-282,-14632,3856,4144,-1034,154,-164,-14764,-3380,5596,-484,221,-90,0
2170.5317120552063,10088,5732,10776,-229,-198,164,9652,-9052,8908,-7,90,-227,-14376,3832,3912,-1010,98,-155,-14732,-3416,5380,-545,204,-111,0
2170.5653619766235,10104,5884,10740,-160,-186,145,9480,-8912,8872,34,169,-211,-14448,3720,3848,-1266,129,-148,-14760,-3420,5472,-392,226,-83,0
2170.598776102066,10080,5784,10996,-191,-109,105,9800,-9024,8824,2,162,-211,-14364,3772,4136,-1010,153,-175,-14736,-3448,5468,-442,188,-110,0
2170.6323580741882,10128,5740,10496,-137,-135,142,9564,-9072,8876,-3,188,-215,-14564,3712,4188,-1004,106,-129,-14716,-3492,5440,-509,225,-141,0
2170.6657240390778,10204,5844,10936,-125,-152,142,9724,-8956,8956,-13,163,-205,-14548,3696,3964,-1009,157,-105,-14744,-3572,5388,-521,188,-128,0
2170.699343919754,10172,5880,10620,-75,-123,152,9920,-8776,8944,-71,111,-224,-14516,3668,4140,-1005,164,-148,-14772,-3436,5276,-443,200,-122,0
2170.732779979706,10040,5776,10952,-136,-117,112,9748,-8956,8828,-14,84,-218,-14800,3584,4004,-1013,174,-166,-14808,-3348,5260,-485,208,-117,0
2170.7663791179657,10212,5764,10600,-91,-80,122,9864,-9040,8776,-24,69,-191,-14700,3796,4068,-1024,136,-99,-14736,-3556,5484,-484,125,-125,0
2170.8000741004944,9988,5816,10544,-61,2,99,9920,-9052,8896,-50,108,-178,-14600,3624,4144,-1017,57,-32,-14892,-3748,5612,-478,100,-135,0
2170.833657026291,10160,5824,10744,-146,249,82,9948,-9056,8728,-81,147,-128,-14512,3812,3944,-981,89,-11,-14752,-3476,5432,-473,74,-139,0
2170.8672230243683,10088,5828,10792,-133,29,101,9800,-8996,8884,-65,120,-121,-14812,3760,4152,-994,82,-66,-14680,-3400,5428,-498,106,-111,0
2170.9002730846405,10152,5768,10636,-135,14,119,9740,-9012,9128,-71,101,-147,-14524,4076,3856,-974,118,-79,-14676,-3500,5560,-505,116,-89,0
2170.9338030815125,10052,5636,10724,-81,-16,106,9724,-9096,8748,-74,101,-164,-14588,3816,4020,-1009,129,-64,-14720,-3512,5400,-495,127,-95,0
2170.967105150223,10132,5652,10856,-98,-30,119,9872,-9084,8864,-76,90,-180,-14620,3624,3932,-993,108,-59,-14856,-3536,5500,-456,126,-93,0
2171.0006980895996,10100,5740,10792,-131,3,121,9712,-9168,8788,-47,119,-181,-14356,3740,3888,-983,87,-64,-14644,-3416,5452,-506,121,-116,0
2171.0342109203334,10116,5828,10836,-150,-6,97,9760,-9016,8856,-9,98,-170,-14544,3792,3992,-989,131,-77,-14680,-3488,5420,-477,123,-122,0
2171.067750930786,10108,5828,10884,-127,12,96,9800,-9124,8828,-6,131,-173,-14544,3808,4116,-996,110,-84,-14700,-3476,5488,-491,163,-88,0
2171.101282119751,10092,5844,10780,-123,-36,110,9844,-9036,8980,-58,81,-203,-14472,3840,3984,-977,77,-60,-14748,-3460,5376,-496,153,-106,0
2171.134731054306,10136,5824,10884,-122,-25,95,9764,-9064,8908,-16,104,-207,-14780,3604,4012,-995,126,-152,-14660,-3460,5136,-472,161,-108,0
2171.1680080890656,10116,5764,10804,-135,-63,78,9852,-9056,8788,-28,124,-209,-14624,3860,4104,-1018,83,-113,-14672,-3420,5576,-477,158,-135,0
2171.201579093933,10064,5836,10660,-171,-37,78,9896,-9096,8900,-18,112,-172,-14592,3872,4072,-978,85,-83,-14792,-3492,5352,-484,88,-139,0
2171.235212087631,10264,5788,10656,-133,-45,67,9828,-9156,8820,-47,135,-200,-14576,3880,4068,-1006,42,-33,-14692,-3528,5492,-533,134,-141,0
2171.2687270641327,10096,5744,10732,-179,-31,66,9888,-9044,8848,-254,150,-140,-14540,3800,4136,-1031,61,-44,-14736,-3476,5428,-523,108,-143,0
2171.3022680282593,10148,5888,10648,-106,17,76,9752,-9068,8816,-26,151,-163,-14652,3800,4040,-1016,40,-58,-14784,-3484,5368,-489,117,-144,0
2171.335845947265,10052,5844,10660,-142,-49,73,9856,-8952,8544,-59,145,-179,-14356,3780,4048,-997,34,-117,-14656,-3392,5364,-485,140,-164,0
2171.369161128998,10168,5744,10608,-110,-13,79,9764,-9096,8768,-42,139,-155,-14820,3716,4028,-1021,100,-55,-14432,-3484,5388,-500,100,-119,0
2171.4061110019684,10116,5784,10980,-94,-9,87,9760,-9028,8748,-48,102,-138,-14544,4084,4264,-1280,57,-47,-14776,-3496,5408,-518,106,-153,0
2171.4418461322784,9988,5812,10664,-109,-5,92,9524,-9184,8452,-38,113,-153,-14552,3844,3956,-946,75,-77,-14764,-3444,5628,-516,56,-147,0
2171.477653026581,10076,6116,10644,-96,-16,89,9884,-9124,8852,-87,129,-143,-14624,3860,4332,-983,78,-52,-14724,-3356,5400,-768,113,-136,0
2171.5127990245815,9972,5808,10800,-107,-57,105,9744,-9148,8876,-18,133,-160,-14504,3912,4096,-988,124,-94,-14692,-3388,5464,-259,160,-114,0
2171.548800945282,10020,5768,10976,-94,-64,114,9812,-9000,8884,-43,93,-176,-14552,3708,4112,-775,131,-82,-14756,-3440,5540,-761,193,-106,0
2171.584044933319,10016,5800,10656,-135,-98,109,9928,-9072,8856,-27,115,-192,-14820,3812,4200,-1009,145,-155,-14672,-3416,5496,-488,151,-83,0
2171.6196370124817,10036,5848,10884,-134,-62,86,9840,-9088,8804,-49,127,-214,-14600,4072,4252,-1029,122,-78,-14760,-3540,5456,-470,149,-120,0
2171.654878139496,10052,5856,10844,-160,-57,131,9732,-9068,8876,-13,99,-208,-14628,3808,3948,-1030,128,-122,-14804,-3472,5392,-490,152,-152,0
2171.690220117569,10060,5652,10904,-141,-78,101,9764,-9076,8928,-41,112,-210,-14588,3816,4016,-1023,110,-92,-14680,-3452,5568,-488,157,-134,0
2171.725672006607,10044,5864,10696,-141,-91,67,9840,-9016,8528,-63,116,-216,-14704,3788,4128,-988,89,-111,-14812,-3488,5568,-768,191,-138,0
2171.7609429359436,10156,5792,10652,-112,-85,93,9832,-9060,8820,-52,139,-199,-14588,3728,3940,-1021,109,-107,-14744,-3344,5412,-492,150,-133,0
2171.79713010788,10244,5776,10844,-117,-98,103,9888,-9096,8756,-23,133,-202,-14480,3740,4320,-1028,103,-114,-14752,-3560,5404,-467,150,-132,0
2171.832311153412,9752,5920,10768,-183,-78,90,9844,-9052,8824,-42,139,-195,-14516,3720,4144,-999,94,-70,-14780,-3460,5600,-467,125,-113,0
2171.8684570789337,10128,5632,10572,-164,-79,85,9876,-9100,8932,-42,182,-182,-14780,3848,4020,-1037,76,-48,-14792,-3496,5488,-516,135,-141,0
2171.903445005417,10092,5804,10680,-192,-75,127,9964,-8976,8864,17,115,-155,-14464,3788,4016,-1280,125,-133,-14680,-3456,5388,-540,152,-122,0
2171.9382650852203,10008,5924,10904,-111,-77,109,9852,-9052,8768,-88,125,-173,-14452,3788,4116,-1019,124,-57,-14856,-3584,5400,-496,143,-116,0
2171.9742419719696,10176,5800,10748,-177,-90,98,9848,-9128,8980,-29,143,-205,-14684,3708,3932,-987,101,-95,-14820,-3408,5476,-467,146,-112,0
2172.0094470977783,10040,6080,10796,-133,-34,105,9784,-9032,8776,-14,136,-163,-14592,3816,3912,-1018,111,-54,-14612,-3480,5120,-493,137,-132,0
2172.0457680225372,10088,5804,10788,-152,-20,95,9900,-9076,8788,-50,113,-167,-14532,3784,3884,-1003,85,-73,-14760,-3528,5428,-472,109,-143,0
2172.079262971878,10008,5844,10880,-168,-18,108,9812,-9060,8792,-54,158,-185,-14588,3760,4244,-979,92,-79,-14740,-3472,5380,-466,143,-120,0
2172.1129570007324,10100,5872,10724,-202,-49,84,9788,-9064,8808,-40,146,-176,-14584,3600,3892,-1010,99,-44,-14684,-3508,5184,-473,141,-110,0
2172.146019935608,10124,5840,10756,-222,-79,105,9536,-9060,8888,7,138,-171,-14528,3800,3848,-1048,120,-115,-14768,-3460,5408,-498,143,-105,0
2172.179706096649,10212,5840,10780,-218,-100,138,9720,-9040,8772,10,184,-180,-14560,3752,4060,-1030,145,-133,-14796,-3540,5392,-483,170,-108,0
2172.212813138962,10056,5840,10820,-206,-157,133,9500,-9088,8768,-8,158,-205,-14808,4088,4188,-999,142,-106,-14716,-3556,5468,-455,164,-70,0
2172.2461490631104,10048,5764,10776,-220,-136,154,9800,-9044,8816,-67,130,-180,-14628,3816,4044,-1000,100,-87,-14700,-3356,5468,-458,160,-91,0
2172.2800230979924,10052,5852,10780,-217,-127,160,9800,-9100,8888,-3,149,-182,-14608,3724,4200,-1000,111,-148,-14748,-3532,5428,-506,176,-97,0
2172.3136019706726,10072,5800,10912,-242,-146,165,9836,-9064,8856,-48,138,-193,-14528,3788,4168,-982,140,-136,-14660,-3524,5260,-466,187,-111,0
2172.347116947174,10192,5812,10844,-252,-106,131,9764,-9048,8872,-46,173,-200,-14768,3724,3952,-959,138,-150,-14808,-3440,5408,-463,165,-90,0
2172.380567073822,10080,5772,10760,-256,-148,141,9792,-9168,8856,-25,156,-210,-14616,3908,3900,-980,106,-116,-14736,-3608,5360,-458,209,-70,0
2172.4136080741882,10092,5812,10968,-235,-136,156,9756,-9104,9012,15,159,-172,-14368,3772,3980,-1036,140,-130,-14716,-3452,5408,-472,198,-98,0
2172.447135925293,10108,5644,10696,-233,-163,154,9748,-8988,8808,-14,157,-213,-14848,3756,3844,-1000,119,-155,-14764,-3368,5476,-475,211,-104,0
2172.4806549549103,10040,5740,10804,-3,-162,151,9828,-8932,8956,-17,167,-210,-14632,3808,3948,-1010,148,-114,-14792,-3460,5460,-461,187,-87,0
2172.5141360759735,10492,5756,10756,-213,-141,154,9936,-9112,8936,-26,165,-181,-14552,3756,4112,-1026,102,-93,-14776,-3476,5416,-758,140,-75,0
2172.547616004944,10124,5712,10736,-279,-140,165,9832,-9172,8828,16,127,-179,-14564,3788,4064,-1038,83,-93,-14712,-3420,5508,-484,158,-109,0
2172.581097126007,10008,6120,10532,-205,-106,134,9840,-9056,8724,32,148,-180,-14608,3608,4284,-1277,84,-154,-14720,-3544,5472,-458,157,-109,0
2172.614473104477,10120,5760,10512,-253,-180,137,9916,-9020,9016,-35,174,-211,-14592,3788,4112,-994,96,-121,-14808,-3440,5488,-458,183,-126,0
2172.6475570201874,10148,5660,10732,-261,-166,125,9800,-9068,8800,243,104,-203,-14472,3896,4080,-1019,133,-118,-14660,-3372,5388,-474,165,-102,0
2172.681195020676,10172,5660,10508,-229,-137,137,9852,-9056,8736,-14,142,-165,-14608,3628,4248,-1018,88,-99,-14704,-3488,5456,-494,129,-91,0
2172.714709997177,10140,5772,10584,-246,-104,133,9744,-8952,8872,-24,135,-185,-14840,3732,4296,-1020,46,-108,-14720,-3472,5524,-485,111,-76,0
2172.748109102249,10096,5720,10788,-221,-141,124,9792,-8968,8836,-56,136,-208,-14692,3824,4136,-977,96,-106,-14748,-3524,5428,-474,145,-71,0
2172.78164601326,10128,5756,10948,-191,-173,153,9820,-8980,8704,9,169,-212,-14536,3800,4024,-1035,155,-98,-14828,-3548,5484,-508,164,-78,0
2172.815220117569,10032,5696,10548,-201,-131,161,9796,-9124,8848,3,140,-201,-14516,3744,4020,-1033,128,-115,-14744,-3384,5400,-506,181,-102,0
2172.848346948624,10224,5680,10844,-189,-144,169,9852,-9008,9092,-19,110,-182,-14604,3892,4028,-1280,120,-153,-14760,-3460,5300,-487,197,-119,0
2172.8816590309143,10136,5716,10772,-203,-130,122,9812,-9032,8896,-7,117,-227,-14480,3812,3952,-995,106,-129,-14820,-3452,5444,-473,165,-87,0
2172.9148581027985,10172,5680,10712,-208,-108,134,9888,-9076,8896,5,107,-180,-14672,3732,4252,-1021,131,-95,-14760,-3452,5432,-464,174,-113,0
2172.9481699466705,10356,5700,10636,-170,-98,120,9764,-8956,8836,-38,103,-179,-14600,3760,4144,-769,120,-115,-14676,-3592,5332,-503,151,-96,0
2172.9817509651184,10164,5736,10676,-152,-87,114,9824,-9036,8800,-32,143,-171,-14644,3720,3884,-983,94,-98,-14712,-3480,5396,-471,133,-113,0
2173.015268087387,10180,5720,10924,-169,-54,86,9888,-9024,8756,-57,134,-191,-14352,3732,4128,-993,107,-102,-14704,-3292,5380,-483,158,-114,0
2173.0487611293793,10100,5772,10580,-156,-44,74,9876,-9016,8916,-8,145,-181,-14604,3796,3968,-1017,88,-95,-14796,-3508,5408,-466,146,-131,0
2173.0889289379124,9992,5720,10684,-154,-15,87,9860,-9044,8864,-22,124,-178,-14576,3740,3916,-776,101,-68,-14844,-3408,5304,-457,123,-137,0
2173.1243119239807,10096,5780,10744,-177,-38,91,9972,-9056,8852,-7,125,-166,-14484,3824,4232,-988,100,-67,-14828,-3324,5404,-471,102,-132,0
2173.1596450805664,10172,5828,10992,-133,251,97,9844,-8736,8736,-56,104,-145,-14568,3788,4168,-1019,87,-24,-14792,-3396,5360,-505,85,-117,0
2173.194967985153,10204,5700,10796,-158,-60,90,9840,-8992,8988,-16,126,-148,-14516,3812,4092,-1011,81,-97,-14740,-3468,5336,-499,99,-143,0
2173.2309160232544,10108,5812,10772,-126,22,89,9760,-9004,8768,-31,131,-139,-14552,3700,4116,-1003,80,-2,-14828,-3452,5588,-475,75,-134,0
2173.266123056412,10220,5724,10968,-150,-47,88,9768,-9068,8708,-47,156,-138,-14624,3724,4280,-976,61,-27,-14772,-3412,5356,-479,116,-146,0
2173.301821947098,10108,5712,10676,-174,13,69,9724,-8984,8820,-32,146,-179,-14528,3768,4180,-1020,65,-83,-14608,-3520,5516,-457,103,-162,0
2173.337993144989,10048,5840,10972,-158,-15,68,9700,-9084,8972,-17,135,-152,-14536,3688,4220,-1013,73,-45,-14716,-3384,5588,-472,94,-139,0
2173.37272810936,10136,5748,10872,-187,-7,80,9744,-9036,9052,-56,130,-163,-14516,3808,4124,-994,51,-50,-14708,-3468,5548,-476,106,-150,0
2173.408107042312,10096,5728,11008,-145,-69,91,9808,-9048,8800,-39,121,-173,-14544,3736,3844,-985,130,-63,-14780,-3488,5572,-463,166,-102,0
2173.4433081150055,10076,5712,10676,-162,-78,87,9812,-9032,8812,-19,102,-186,-14472,3752,3952,-776,123,-125,-14640,-3468,5364,-496,200,-111,0
2173.4793219566345,10040,5744,10768,-139,-67,132,9764,-9092,8852,-33,98,-220,-14372,3672,4136,-1052,174,-88,-14752,-3544,5316,-485,181,-95,0
2173.5145111083984,10220,5700,10716,-150,-127,120,9848,-8964,8860,-30,53,-217,-14672,3632,4320,-1030,135,-94,-14820,-3516,5336,-487,166,-114,0
2173.550369977951,10180,5636,10648,-163,-66,118,9968,-9004,8952,-28,99,-194,-14656,3776,4008,-996,129,-57,-14704,-3504,5356,-509,119,-117,0
2173.585503101349,10192,5808,10824,-116,-45,102,9892,-8712,8836,-47,122,-160,-14724,3744,4160,-1028,137,-52,-14808,-3388,5356,-259,95,-144,0
2173.621547937393,10164,5776,10676,-121,-251,90,9940,-8984,8732,-6,169,-104,-14428,3684,3740,-987,105,-46,-14760,-3520,5372,-499,130,-158,0
2173.657212972641,10180,5780,10708,-158,-34,60,9788,-8976,8924,-43,136,-176,-14620,3732,3940,-955,69,-74,-14696,-3476,5388,-473,108,-146,0
2173.692034959793,10132,5720,10812,-117,-29,59,9788,-8760,8528,-66,131,-183,-14668,3692,3944,-1001,94,-107,-14672,-3416,5352,-478,161,-135,0
2173.728201150894,10088,5688,10796,-169,-52,80,9824,-9016,8860,-29,112,-177,-14636,3856,3980,-1005,85,-59,-14728,-3536,5588,-480,134,-114,0
2173.761652946472,10076,5848,10776,-128,-22,103,9768,-9044,8756,-2,107,-162,-14604,3792,4200,-1012,128,-36,-14760,-3532,5620,-503,163,-137,0
2173.7952189445496,10112,5756,10500,-144,-74,90,9708,-9056,8820,-43,128,-203,-14492,3728,4180,-1008,112,-61,-14768,-3816,5468,-481,152,-100,0
2173.82878613472,10120,5780,10752,-111,-45,138,9804,-9080,8900,-88,82,-182,-14828,3768,4036,-994,119,-66,-14636,-3492,5496,-495,149,-135,0
2173.8623600006104,10112,5688,10972,-156,-41,108,9732,-9140,8752,-14,140,-188,-14504,3832,4312,-1278,84,-98,-14676,-3560,5476,-507,149,-123,0
2173.8957729339604,9816,5864,10640,-125,-60,116,9884,-9148,8716,-7,142,-155,-14520,3744,4012,-1027,92,-87,-14708,-3596,5312,-505,134,-132,0
2173.9293401241302,10144,6108,10612,-143,-88,98,9940,-9028,8884,-81,125,-193,-14636,3816,3944,-950,89,-30,-14780,-3440,5328,-454,145,-122,0
2173.9627051353455,10104,5732,10908,-173,-62,99,9924,-9024,8812,-40,119,-191,-14840,3596,3912,-995,118,-82,-14652,-3456,5380,-460,106,-98,0
2173.9961609840393,9992,5792,10552,-135,-45,118,9784,-9192,8868,-16,120,-187,-14596,3736,4224,-1036,82,-90,-14692,-3560,5312,-498,175,-129,0
2174.0297081470494,10132,5824,10752,-149,-62,87,9948,-9028,8820,250,126,-168,-14488,3780,3880,-1016,94,-70,-14780,-3472,5520,-488,108,-116,0
2174.0632319450374,10064,5772,10988,-149,-23,103,9848,-9140,8848,-70,166,-161,-14452,3796,4040,-966,72,-42,-14704,-3500,5556,-489,94,-120,0
2174.0969750881195,10004,5720,10864,-135,-43,89,9844,-9216,8852,-48,161,-159,-14648,3780,4092,-1006,111,-55,-14684,-3488,5608,-263,138,-124,0
2174.1304290294647,10040,5716,10664,-154,-61,104,9812,-9100,8712,22,156,-174,-14556,3968,4080,-1001,97,-97,-14664,-3444,5608,-479,145,-123,0
2174.16379404068,9992,5724,10888,-166,-23,108,9844,-9028,8844,-4,154,-181,-14464,3744,4348,-1007,101,-110,-14716,-3440,5596,-492,154,-100,0
2174.197382926941,10012,5776,10836,-202,-111,130,9748,-9112,8952,2,108,-199,-14808,3756,4132,-983,122,-132,-14804,-3448,5540,-461,182,-100,0
2174.2311050891876,10020,5776,10816,-198,-85,142,9696,-9044,8880,-41,137,-181,-14544,3828,4084,-980,114,-117,-14668,-3516,5484,-470,163,-124,0
2174.2645440101624,9936,5768,10936,-200,-135,126,9932,-9136,8808,-49,183,-180,-14552,3760,4040,-990,125,-83,-14752,-3496,5560,-494,190,-104,0
2174.2980220317845,10060,5776,10824,-160,-120,131,9792,-9004,8788,-71,172,-175,-14500,3760,4076,-1008,98,-142,-14596,-3356,5560,-462,184,-84,0
2174.3312730789185,9916,5820,10740,-211,-123,117,9812,-9064,8756,-53,164,-187,-14544,3808,3868,-978,74,-145,-14776,-3428,5368,-473,154,-77,0
2174.364762067795,10132,5768,10764,-233,-134,138,9916,-9056,8740,-32,168,-205,-14688,3824,4140,-962,131,-136,-14752,-3580,5492,-480,169,-84,0
2174.39820599556,10048,5736,10780,-238,-135,146,9724,-9072,8900,253,182,-206,-14572,3836,4052,-1005,75,-87,-14716,-3392,5420,-441,194,-88,0
2174.4318110942845,10156,5796,10696,-243,-117,122,9792,-9064,8712,10,153,-218,-14680,3764,3840,-1015,114,-121,-14880,-3568,5288,-479,170,-98,0
2174.4654970169067,10184,5792,10896,-198,-109,135,9808,-9016,8816,10,167,-209,-14848,3776,3880,-1042,96,-145,-14764,-3416,5572,-489,208,-99,0
2174.4991109371185,10036,5728,10932,-223,-152,143,9800,-9072,8744,32,149,-214,-14500,3740,3940,-1009,100,-159,-14708,-3484,5604,-486,180,-92,0
2174.532658100128,10136,5740,10612,-216,-111,153,9948,-9036,8772,-23,181,-205,-14652,3768,4124,-999,100,-101,-14824,-3476,5532,-471,129,-119,0
2174.56608915329,10108,5764,10904,-174,-120,131,9812,-9100,8792,-29,157,-169,-14604,3716,4068,-989,76,-48,-14740,-3384,5324,-507,151,-76,0
2174.5994119644165,10156,5740,10516,-267,-146,136,9492,-9048,8896,-8,150,-184,-14512,3696,4060,-769,63,-96,-14668,-3444,5424,-494,155,-87,0
2174.6329369544983,10204,5680,10540,-214,-89,153,9832,-9028,8840,-19,109,-182,-14596,3676,4212,-1000,96,-165,-14800,-3544,5540,-473,154,-83,0
2174.6664459705353,10112,5768,10904,-191,-156,118,9840,-9036,8708,-22,148,-215,-14564,3876,3868,-971,100,-121,-14708,-3448,5352,-471,217,-75,0
2174.6999409198766,10004,5736,10820,-252,-157,145,9764,-9056,8852,28,171,-230,-14540,3788,4056,-770,102,-89,-14872,-3520,5396,-499,231,-88,0
2174.7333149909973,10156,5672,10584,-179,-144,143,9820,-9120,8848,12,157,-195,-14548,3676,4068,-1033,77,-76,-14836,-3436,5460,-482,151,-115,0
2174.770630121231,10104,5772,10808,-211,-155,117,9900,-8996,8712,7,153,-177,-14776,3796,4340,-983,66,-99,-14736,-3456,5472,-493,103,-74,0
2174.806168079376,10112,5756,10996,-207,-139,121,9860,-9108,8812,-17,136,-183,-14532,3736,3944,-997,92,-108,-14760,-3440,5400,-489,144,-90,0
2174.8425240516663,10116,5660,10724,-177,-134,143,9776,-9028,8904,-3,159,-175,-14540,3676,4076,-1042,125,-119,-14660,-3424,5392,-485,174,-97,0
2174.8776829242706,10060,5692,10748,-174,-152,141,9792,-8860,8824,-8,150,-202,-14572,3704,4264,-1275,129,-130,-14724,-3508,5316,-509,189,-88,0
2174.913708925247,10164,5764,10608,-145,-161,112,9768,-9044,8816,-27,132,-205,-14648,3744,4000,-1009,138,-84,-14752,-3428,5416,-503,165,-103,0
2174.9491810798645,10164,5632,10680,-200,-105,131,9800,-9212,8708,-18,140,-208,-14504,3812,4160,-1005,117,-123,-14820,-3488,5324,-474,145,-99,0
2174.984285116196,10136,5668,10748,-161,-84,143,9744,-9204,8908,-51,126,-174,-14608,3836,3960,-770,130,-126,-14640,-3396,5272,-509,158,-99,0
2175.0203289985657,10324,5804,10520,-119,-64,118,9868,-8948,8880,-41,122,-161,-14692,3700,3892,-1011,119,-77,-14820,-3524,5336,-501,126,-146,0
2175.055572986603,10192,5788,10956,-134,-64,115,9868,-9072,9160,-68,122,-200,-14368,3920,3940,-997,106,-86,-14788,-3512,5404,-463,147,-148,0
2175.0912330150604,10144,5748,10576,-134,-47,62,9912,-9076,9196,-41,125,-170,-14604,3800,3904,-1028,83,-83,-14708,-3428,5408,-475,141,-147,0
2175.127567052841,10228,5680,10860,-134,-27,83,9816,-9132,8760,-32,126,-176,-14772,3756,4088,-1019,107,-74,-14740,-3536,5364,-484,153,-131,0
2175.162668943405,10200,5816,10724,-120,-76,102,9796,-8948,8736,-36,103,-174,-14792,4028,4276,-989,88,-101,-14780,-3536,5380,-468,134,-126,0
2175.198662042618,10140,5756,10636,-128,-67,88,9800,-9084,8888,-33,133,-201,-14500,3736,4060,-1006,86,-72,-14732,-3508,5512,-478,126,-136,0
2175.2339119911194,10104,5764,10640,-150,-39,94,9720,-8992,8944,-52,109,-165,-14608,3768,3848,-994,118,-102,-14760,-3480,5308,-452,111,-130,0
2175.2695491313934,10212,5740,10528,-121,-41,99,9772,-9080,9172,-43,131,-134,-14620,3764,4056,-1018,83,-53,-14764,-3544,5460,-500,119,-151,0
2175.3046801090245,10036,5652,10732,-176,-77,118,9864,-9200,8924,-13,113,-162,-14580,3788,4156,-1030,87,-67,-14764,-3580,5396,-472,97,-134,0
2175.3402669429775,10168,5792,10568,-104,-4,82,9804,-8924,8888,-80,124,-152,-14616,3692,4088,-970,70,-74,-14688,-3448,5348,-520,112,-137,0
2175.375128030777,10220,5804,10884,-138,-66,92,9800,-9116,8816,-56,148,-186,-14804,3764,4204,-1002,87,-28,-14824,-3432,5392,-491,142,-139,0
2175.4120330810547,10124,5844,10520,-124,-11,75,9912,-8988,8708,-31,140,-157,-14368,3760,3908,-1039,74,-66,-14700,-3548,5248,-473,144,-170,0
2175.4455280303955,10196,5728,10516,-121,-47,78,9752,-9072,8740,-13,136,-174,-14840,3708,4104,-777,95,-66,-14752,-3488,5364,-482,107,-178,0
2175.4789650440216,10076,5760,10776,-142,-62,81,9828,-8812,8708,-62,144,-175,-14556,3832,3952,-970,88,-34,-14776,-3804,5396,-486,116,-130,0
2175.5127160549164,10156,5784,10892,-154,-41,89,9852,-9144,8748,-50,139,-152,-14368,3740,4076,-1023,114,-34,-14804,-3408,5452,-498,112,-123,0
2175.546061038971,10056,5660,10868,-86,-36,101,9768,-8984,8744,-32,130,-161,-14636,3748,4124,-1014,99,-57,-14752,-3420,5412,-482,131,-163,0
2175.5799839496613,10108,5704,10856,-110,-35,104,9848,-9048,8776,-7,101,-177,-14492,3800,4172,-1036,112,-85,-14676,-3804,5432,-524,155,-120,0
2175.613592147827,10056,5784,10864,-110,-63,91,9720,-9052,9160,-41,128,-169,-14536,3744,4236,-1027,101,-98,-14720,-3564,5524,-513,148,-135,0
2175.6468760967255,10108,5680,10656,-138,-82,90,9804,-9060,8920,-36,131,-181,-14484,3800,4232,-1010,63,-103,-14608,-3552,5456,-489,137,-140,0
2175.680592060089,10052,5724,10936,-103,-61,75,9780,-9032,9032,-32,126,-194,-14676,3880,3872,-996,56,-117,-14824,-3504,5400,-473,161,-139,0
2175.71417593956,10100,5836,10512,-120,-67,117,9780,-8984,8856,-41,137,-183,-14548,3812,4100,-935,24,-71,-14680,-3564,5432,-458,139,-137,0
2175.7476861476894,10148,5832,10688,-82,-34,96,9768,-9012,8804,-68,139,-204,-14632,3796,4068,-907,23,-81,-14856,-3512,5396,-458,97,-108,0
2175.781259059906,10140,5704,10524,-72,20,28,9788,-8988,8972,-67,127,-221,-14520,3748,4032,-906,-17,-88,-14652,-3528,5484,-442,156,-157,0
2175.8147809505463,10080,5748,10684,-77,-11,40,9828,-8992,8828,-18,127,-197,-14540,3692,4296,-902,17,-109,-14760,-3444,5440,-411,151,-126,0
2175.848438978195,10076,5836,10748,-65,-20,60,9836,-9068,8732,1,146,-196,-14532,4056,4136,-946,-38,-108,-14728,-3500,5312,-367,210,-132,0
2175.8818140029907,10064,5740,10756,-68,45,68,9768,-8968,8856,42,140,-215,-14496,3800,4032,-902,-111,-97,-14616,-3480,5468,-297,200,-134,0
2175.915251016617,10168,5788,10824,-80,183,91,9924,-8956,8828,98,158,-264,-14480,3776,4336,-870,-184,-102,-14696,-3508,5268,-226,159,-147,0
2175.9487929344177,10080,5820,11092,-104,473,50,9736,-9048,8776,198,184,-266,-14348,3764,4500,-531,-464,-159,-14812,-3448,5136,-53,446,-233,0
2175.982101917267,10072,6140,11408,-499,1091,67,9800,-8892,9156,145,-720,-353,-15084,3744,4036,-585,-602,-215,-14716,-3540,5848,-105,388,-226,0
2176.015689134598,9916,5804,10488,-194,555,54,9884,-8928,8960,162,203,-312,-14360,3892,3984,-849,-229,-87,-14688,-3472,5764,-322,572,-167,0
2176.0493569374084,9876,5792,10688,-196,231,110,9756,-9044,8920,56,179,-209,-14476,3848,3976,-1078,-5,-42,-14696,-3552,5852,-522,98,-112,0
2176.0829660892487,9748,5816,10752,-106,-260,148,9768,-9188,8720,-103,64,-136,-14424,3804,4344,-1028,323,-131,-14796,-3616,5352,-642,-72,-76,0
2176.116698026657,9960,5820,10888,-126,-298,159,9812,-8992,9144,-118,106,-162,-14560,3756,4240,-1203,369,-90,-14916,-3488,5340,-743,76,-99,0
2176.149866104126,10084,5764,10832,-290,-487,143,9944,-9032,9008,-136,117,-129,-14620,3908,4156,-1238,761,-64,-14832,-3420,5464,-729,83,-63,0
2176.183408021927,8192,6008,11356,569,-403,217,9864,-9072,8884,-63,81,-87,-14548,3804,4212,-1303,521,-16,-14708,-3336,5160,-654,117,-101,0
2176.2170910835266,9728,5828,10788,-287,-538,143,9800,-8844,8492,-90,162,-109,-14496,3592,4200,-1152,428,-5,-14788,-3768,5404,-645,50,-104,0
2176.250596046448,10164,5844,10788,-334,-428,146,9688,-9032,8720,-185,168,-130,-14540,3612,4108,-780,421,-38,-14688,-3472,5380,-621,38,-83,0
2176.284194946289,10080,5852,10976,-297,-360,167,9836,-8952,8884,-171,140,-152,-14568,3792,4232,-1048,350,-101,-14708,-3516,5316,-615,94,-80,0
2176.3176641464233,10136,5716,10972,-243,-304,149,9780,-8952,8904,-88,172,-142,-14512,3796,4132,-1068,275,-89,-14836,-3508,5504,-584,103,-96,0
2176.3511509895325,10064,5788,10972,-236,-187,165,9780,-9092,8708,-32,179,-186,-14524,3784,3972,-1059,224,-83,-14732,-3512,5452,-507,135,-90,0
2176.3846549987793,10188,5764,10864,-207,-188,135,9888,-9160,9064,-26,165,-208,-14592,3716,4160,-1028,202,-104,-14776,-3504,5396,-494,145,-87,0
2176.417916059494,10144,5740,10596,-220,-118,109,9756,-9068,8712,-4,197,-190,-14588,3860,4112,-1006,171,-133,-14740,-3364,5436,-505,144,-69,0
2176.4549310207367,10228,5616,10724,-251,-139,150,9728,-9064,9052,-13,148,-213,-14460,3732,3848,-988,151,-130,-14656,-3564,5508,-486,169,-68,0
2176.490391969681,10000,5724,10624,-204,-151,169,9780,-8932,8788,-41,132,-213,-14644,3808,4112,-982,162,-107,-14732,-3540,5408,-509,147,-76,0
2176.525414943695,10128,5720,10840,-248,-92,117,9796,-9164,8768,-73,151,-228,-14632,3792,3892,-962,148,-89,-14628,-3448,5472,-482,135,-76,0
2176.5612111091614,10068,5712,10720,-235,-147,135,9852,-9048,8876,-19,189,-228,-14656,3872,4320,-951,122,-144,-14760,-3440,5624,-499,186,-111,0
2176.597356081009,10076,5684,10904,-239,-152,108,9868,-9040,8848,250,195,-180,-14508,3744,4160,-983,70,-148,-14724,-3524,5560,-421,216,-71,0
2176.6325221061707,10076,5708,10784,-244,-129,143,9788,-8976,8744,22,181,-240,-14532,3692,3968,-982,47,-121,-14748,-3468,5244,-474,193,-118,0
2176.6687381267548,10100,5688,10872,-231,-124,125,9788,-8880,8864,-32,181,-210,-14608,3756,4008,-977,70,-90,-14696,-3364,5524,-467,175,-86,0
2176.704210996628,10088,5716,10844,-227,-143,113,9740,-9044,9208,-9,156,-196,-14524,3816,4304,-991,44,-94,-14652,-3468,5440,-463,165,-117,0
2176.7401139736176,10176,5724,10724,-249,-96,129,9752,-8988,8872,-28,145,-168,-14544,3756,4028,-986,50,-75,-14688,-3652,5316,-490,165,-98,0
2176.7755539417267,10052,5752,10816,-242,-116,90,9760,-9016,8968,-10,157,-202,-14496,3740,3840,-971,103,-130,-14688,-3568,5436,-439,149,-105,0
2176.8109400272374,10112,5764,10988,-253,-156,112,9788,-8992,8896,-13,144,-243,-14564,3784,3984,-938,121,-92,-14640,-3544,5124,-432,208,-75,3
2176.8461830616,10164,5736,10816,-188,-146,112,9868,-9216,8824,-7,117,-242,-14532,3796,4184,-980,136,-129,-14720,-3440,5484,-466,212,-64,3
2176.882306098938,10092,5732,10804,-205,-157,122,9820,-9004,8864,20,151,-241,-14544,3804,3976,-971,157,-122,-14716,-3532,5340,-460,185,-63,3
2176.917428970337,10100,5816,10836,-158,-116,115,9828,-8964,8928,-52,112,-271,-14576,3720,4092,-958,138,-134,-14816,-3484,5388,-446,133,-74,3
2176.952600002289,10188,5880,10948,-191,-114,106,9928,-8964,8860,-35,195,-196,-14732,3860,3844,-966,122,-49,-14620,-3132,5360,-432,123,-86,3
2176.9876711368565,10320,5568,10748,-199,-60,132,9908,-8992,8892,-242,177,-156,-14664,3752,4076,-1016,74,-79,-15036,-3468,5448,-483,121,-123,3
2177.023630142212,10072,5632,10804,-162,-37,131,9888,-8940,8856,-9,178,-88,-14584,3672,4160,-997,34,-32,-14788,-3464,5144,-512,39,-135,3
2177.059226036072,10308,5652,10888,-166,23,87,9920,-9008,8864,-27,181,-101,-14552,3740,4024,-997,-40,-30,-14764,-3344,5312,-560,121,-153,3
2177.0953581333165,10076,5728,10580,-148,-50,84,9744,-8872,8896,-66,187,-157,-14440,3732,3984,-1022,1,-37,-14712,-3364,5488,-494,179,-139,3
2177.128952026367,10112,5692,10780,-82,-24,70,9788,-9068,8908,-14,163,-189,-14344,3788,4316,-1012,26,-65,-14688,-3524,5320,-417,214,-131,3
2177.1621749401093,10056,5656,10796,-100,-17,82,9472,-8736,8900,35,127,-193,-14480,3860,4108,-1037,81,-102,-14664,-3420,5412,-493,180,-127,0
2177.1956739425655,10204,5628,10924,-96,-20,87,9796,-9040,9028,254,190,-167,-14564,3748,4080,-1009,90,-109,-14872,-3444,5396,-472,145,-147,0
2177.229201078415,10168,5752,10820,-139,-36,103,9560,-8976,9032,-10,163,-138,-14604,3596,4132,-1048,105,-72,-14648,-3480,5608,-474,115,-174,0
2177.2622160911565,10168,5716,10720,-114,-53,124,9680,-9036,8920,-253,141,-149,-14568,3840,4156,-1066,134,-84,-14708,-3460,5440,-524,158,-108,0
2177.2958631515503,10076,5764,10724,-124,-91,125,9800,-9048,8976,-42,108,-177,-14512,3832,4020,-1016,146,-117,-14740,-3512,5316,-480,182,-104,0
2177.3294899463654,10016,5744,10828,-128,-122,124,9736,-8928,8772,-93,113,-192,-14568,3780,4048,-1013,107,-91,-14668,-3416,5416,-495,153,-98,0
2177.3627450466156,10272,5724,10688,-126,-125,95,9908,-8876,8932,-88,156,-180,-14620,3764,3988,-986,100,-71,-14872,-3448,5388,-465,102,-139,0
2177.396415948868,10108,5772,10932,-156,-87,69,9824,-8960,8784,-61,186,-147,-14692,3756,4020,-1006,75,-10,-14808,-3464,5456,-457,48,-155,0
2177.4299609661102,10212,5684,10676,-133,-50,72,9812,-8940,8900,-77,101,-174,-14480,3836,4252,-1007,91,-250,-14740,-3416,5340,-454,31,-144,0
2177.463352918625,10120,5784,10900,-142,-13,104,10116,-9028,8924,-41,106,-116,-14552,3812,4120,-1273,112,-44,-14712,-3428,5620,-461,86,-103,0
2177.497213125229,10012,5680,10796,-120,-62,108,9720,-8988,8848,-48,122,-154,-14488,3788,3932,-1069,148,-81,-14652,-3552,5400,-446,97,-99,0
2177.530601024628,10028,5692,10776,-140,-90,113,9736,-8776,8908,-37,110,-196,-14508,3740,4332,-1006,174,-72,-14724,-3440,5484,-450,112,-124,0
2177.5639340877533,10088,5724,10764,-115,-82,98,9684,-9004,8936,-62,114,-190,-14544,3644,4192,-1017,117,-58,-14764,-3500,5476,-477,102,-122,0
2177.5976209640503,10136,5680,10696,-131,-94,119,9784,-9072,8880,-17,146,-174,-14584,3856,4084,-1054,145,-69,-14652,-3752,5524,-494,101,-127,0
2177.630723953247,9992,5868,10620,-144,-97,117,9736,-8944,8920,-5,94,-196,-14568,3736,4036,-1034,180,-90,-14660,-3596,5396,-497,100,-94,0
2177.663650035858,10056,5732,10732,-131,-91,107,9804,-9064,8952,-63,119,-205,-14584,3844,4092,-997,160,-39,-14740,-3488,5460,-464,137,-110,0
2177.6974370479584,10424,5448,10944,-189,-119,89,9864,-8964,8856,-14,119,-189,-14544,3812,4144,-1035,149,-61,-14624,-3472,5504,-486,171,-119,0
2177.731078147888,10176,5688,10684,-139,-69,103,9804,-8912,8956,5,116,-196,-14524,3808,4052,-1072,156,-111,-14708,-3580,5504,-453,184,-139,0
2177.7643020153046,10196,5732,10756,-147,-62,95,9832,-8752,8732,-13,123,-211,-14832,3584,3960,-1035,120,-89,-14848,-3392,5396,-487,118,-158,0
2177.797894001007,10108,5736,10792,-177,-82,58,9872,-9088,8848,-59,154,-183,-14672,3804,4100,-994,77,-64,-14772,-3500,5388,-488,98,-141,0
2177.8314349651337,10460,5764,10888,-175,-61,96,9876,-8740,9012,-52,160,-178,-14592,3788,4004,-1003,100,-41,-14672,-3444,5444,-461,109,-123,0
2177.8649871349335,10180,5684,10864,-141,-50,93,9716,-8948,8844,-256,175,-156,-14364,3756,3848,-1034,100,-77,-14672,-3488,5480,-481,124,-131,0
2177.8982570171356,10096,5768,10740,-145,-35,77,9768,-8916,8948,6,145,-161,-14520,3800,3848,-1058,110,-75,-14556,-3504,5564,-480,120,-139,0
2177.9317219257355,10076,5764,10748,-123,-93,87,9720,-8960,8796,-38,120,-180,-14524,3656,3976,-773,100,-62,-14724,-3460,5444,-509,124,-123,0
2177.9650790691376,10148,5668,10796,-110,-59,98,9656,-8996,8920,-45,159,-169,-14592,3636,4288,-1010,103,-36,-14740,-3588,5552,-482,97,-140,0
2177.9986529350285,10160,5672,10528,-135,-61,82,9728,-9016,8724,-9,109,-176,-14480,3600,4112,-1044,147,-63,-14636,-3544,5480,-475,147,-90,0
2178.0319650173187,10052,5668,10696,-128,-83,122,9664,-8948,9020,-29,125,-176,-14624,3756,4068,-1013,140,-75,-14756,-3484,5532,-478,137,-112,0
2178.065439939499,10092,5716,11000,-153,-93,102,9780,-8992,8800,-57,126,-180,-14580,3584,4248,-998,119,-72,-14660,-3524,5416,-488,148,-144,0
2178.1047389507294,10080,5716,10872,-108,-103,111,9760,-9016,8952,-53,117,-213,-14652,3752,3788,-977,128,-66,-14796,-3448,5556,-503,148,-123,0
2178.1428210735326,10144,5672,10868,-126,-84,117,9800,-9048,8792,-14,133,-180,-14476,3848,3952,-989,107,-120,-14724,-3536,5148,-490,160,-131,0
2178.1787800788884,10124,5680,10496,-140,-85,103,9960,-8896,8880,240,141,-210,-14460,3876,4072,-1031,106,-35,-14804,-3396,5396,-502,140,-125,0
2178.2138810157776,10032,5760,10736,-153,-71,102,9748,-9056,8936,-16,131,-182,-14596,3888,4048,-1014,81,-114,-14752,-3372,5388,-258,133,-150,0
2178.2498340606694,10104,5764,10976,-44,-554,28,9832,-8852,8744,-31,137,-176,-14848,3772,4032,-1045,87,-60,-14608,-3512,5404,-260,164,-129,0
2178.2847769260406,10132,5784,10512,-148,-55,117,9748,-9016,8776,-8,144,-183,-14528,3828,4088,-1273,115,-113,-14740,-3492,5540,-522,160,-149,0
2178.3206119537354,10136,5756,10696,-123,-72,105,9740,-8940,9092,-20,138,-149,-14380,3784,3892,-992,105,-87,-14792,-3492,5308,-490,144,-116,0
2178.355786085129,10108,5756,10852,-173,-57,106,9712,-9104,8840,-17,136,-212,-14584,3832,4092,-1012,100,-118,-14684,-3604,5384,-499,173,-109,0
2178.391240119934,10124,5820,10560,-187,-39,101,9936,-8924,8860,-16,159,-162,-14576,3784,3884,-956,113,-78,-14756,-3544,5564,-466,116,-109,0
2178.4273750782013,10204,5708,10912,-174,-48,94,9800,-9008,8828,-28,159,-166,-14372,3900,4080,-996,84,-37,-14668,-3456,5588,-523,144,-112,0
2178.4624350070953,10128,5676,10896,-233,-69,114,9728,-9076,8844,24,143,-150,-14532,3804,4028,-1026,86,-85,-14664,-3576,5612,-502,161,-90,0
2178.4981961250305,10060,5844,10944,-164,-76,136,9780,-8868,9004,-73,132,-169,-14504,3772,4056,-984,127,-126,-14792,-3492,5464,-483,141,-74,0
2178.5333809852605,10220,5732,10612,-186,-171,121,9924,-8952,8996,-73,161,-210,-14528,3904,4040,-963,104,-139,-14724,-3424,5540,-507,139,-103,0
2178.5691430568695,10128,5644,10904,-162,-55,120,9700,-8988,8708,4,144,-145,-14484,3832,3884,-1049,109,-60,-14692,-3516,5464,-504,176,-113,0
2178.6043951511383,10076,5776,10972,-208,-38,98,9772,-8932,9032,11,152,-147,-14660,3812,4184,-981,62,-119,-14724,-3484,5604,-454,143,-86,0
2178.639696121216,10064,5736,10720,-243,-61,110,9768,-8984,8776,-25,193,-186,-14580,3744,3940,-986,97,-99,-14724,-3556,5292,-452,155,-74,0
2178.6751120090485,10112,5704,10848,-223,-97,106,9876,-9136,8920,-37,175,-184,-14816,3960,3980,-1010,111,-128,-14644,-3424,5452,-481,220,-68,0
2178.710610151291,10008,5640,10740,-218,-144,141,9824,-9036,8868,9,151,-217,-14384,3596,4304,-770,131,-117,-14672,-3496,5252,-492,200,-100,0
2178.7460510730743,10072,5752,10784,-214,-152,155,9816,-9028,8896,6,122,-181,-14788,3832,4060,-1020,123,-111,-14820,-3464,5412,-501,181,-86,0
2178.7822880744934,10140,5712,10756,-221,-142,132,9812,-8976,8928,7,161,-190,-14444,3808,4040,-1039,122,-150,-14776,-3840,5560,-488,195,-93,0
2178.816010951996,10112,5768,10804,-235,-128,128,9968,-9064,8972,30,161,-196,-14340,3772,4316,-1009,136,-135,-15016,-3364,5464,-476,184,-104,0
2178.849590063095,10168,5744,10700,-190,-126,131,9868,-8924,9000,7,168,-197,-14648,3696,4032,-1013,104,-114,-14724,-3492,5416,-502,164,-84,0
2178.8827109336853,10204,5784,10748,-210,-122,145,9780,-8912,9084,9,145,-202,-14492,3732,3996,-1003,127,-110,-14708,-3500,5432,-479,183,-74,0
2178.9161751270294,10140,5672,10800,-194,-125,146,9828,-8760,8920,-34,114,-188,-14544,3640,3952,-982,142,-88,-14760,-3520,5456,-467,166,-78,0
2178.9495611190796,10132,5716,10772,-208,-154,137,9900,-8992,8836,-35,139,-209,-14664,3756,4136,-997,133,-139,-14700,-3492,5428,-486,181,-90,0
2178.9828839302063,10212,5692,10840,-179,-180,134,9856,-8996,8960,-26,136,-212,-14584,3832,3908,-1000,103,-124,-14848,-3400,5816,-512,174,-127,0
2179.01678109169,10216,5692,10776,-196,-132,127,9768,-9008,8968,-38,166,-204,-14620,3692,3960,-1014,89,-116,-14664,-3464,5388,-490,157,-75,0
2179.0502021312714,10124,5796,10748,-201,-106,137,9824,-8780,9088,-25,153,-194,-14464,3852,4012,-1011,104,-88,-14616,-3456,5504,-262,188,-102,0
2179.0839290618896,10440,5648,10748,-186,-143,146,9820,-9160,9208,-9,138,-212,-14580,3712,3968,-1008,113,-76,-14704,-3500,5552,-489,163,-97,0
2179.117639064789,10172,5700,10880,-174,-121,147,9736,-9008,8728,-16,118,-181,-14348,3748,3868,-1010,111,-123,-14820,-3468,5432,-524,174,-119,0
2179.1509850025177,10124,5744,10864,-190,-120,136,9880,-8996,9032,5,123,-196,-14400,3828,4048,-1007,147,-149,-14664,-3540,5452,-479,172,-99,0
2179.1845729351044,9988,5848,10732,-218,-140,113,9836,-8824,8932,-31,144,-209,-14448,3720,4292,-1019,119,-109,-14700,-3520,5324,-479,192,-79,0
2179.2181589603424,9984,5504,10596,-203,-113,131,9820,-8780,8920,-29,153,-185,-14636,3832,4268,-988,102,-47,-14736,-3416,5420,-483,119,-92,0
2179.251775979996,10296,5556,10676,-176,-90,118,9924,-9036,9024,-32,175,-171,-14680,3784,3960,-1011,61,-68,-14752,-3460,5500,-501,137,-123,0
2179.2852640151978,10152,5648,10812,-219,-132,141,9812,-9012,9204,26,99,-176,-14436,3692,4004,-1024,53,-74,-14708,-3484,5476,-492,129,-106,0
2179.3189120292664,10116,5680,10668,-146,-71,119,9784,-8892,8948,-44,123,-196,-14584,3676,4104,-979,79,-124,-14672,-3480,5280,-480,145,-114,0
2179.352406978607,10196,5680,10848,-174,-135,91,9768,-9188,8956,-31,159,-198,-14532,3820,3884,-1000,108,-127,-14692,-3384,5388,-476,205,-117,0
2179.385584115982,10236,5612,10688,-182,-122,108,9828,-8960,8956,-22,107,-165,-14580,3780,3904,-772,85,-29,-14768,-3484,5436,-494,151,-139,0
2179.4192180633545,10212,5724,10772,-138,-17,78,9860,-8952,8968,-30,134,-159,-14604,3732,4132,-1008,58,-14,-14740,-3564,5512,-260,88,-154,0
2179.452913045883,10180,5696,10940,-158,-22,83,9764,-9144,8900,-24,165,-141,-14760,3796,3868,-980,73,-105,-14712,-3440,5468,-486,101,-126,0
2179.4860990047455,10204,5700,10924,-145,-33,99,9960,-8904,9148,-65,152,-178,-14504,3720,3964,-993,103,-82,-14756,-3472,5484,-482,127,-118,0
2179.519901037216,10236,5680,10520,-130,-61,111,9880,-8980,8816,-31,124,-194,-14432,3748,4032,-1033,106,-54,-14704,-3396,5400,-484,145,-122,0
2179.55308008194,10248,5716,10668,-180,-88,84,9572,-8956,8860,251,165,-212,-14472,3844,4052,-1029,108,-55,-14660,-3420,5500,-484,158,-114,0
2179.5868101119995,10124,5636,10824,-120,-75,112,9756,-8968,8948,-28,134,-195,-14620,3772,4000,-1002,91,-85,-14788,-3468,5512,-493,163,-147,0
2179.620428085327,9984,5448,10860,-161,-45,115,9816,-8968,9176,-9,144,-171,-14352,3756,4020,-963,99,-70,-14832,-3440,5440,-472,131,-134,0
2179.6536960601807,10164,5676,10756,-142,-15,97,9760,-8992,8968,-27,118,-139,-14668,3860,3924,-1036,114,-64,-14688,-3512,5540,-474,115,-117,0
2179.6871540546417,10160,5740,10872,-156,-26,118,9688,-8924,8924,-6,136,-134,-14496,3696,3952,-1029,138,-28,-14680,-3456,5472,-507,108,-147,0
2179.7205641269684,10128,5672,10812,-148,-38,108,9748,-8940,8852,-38,117,-172,-14612,3732,4076,-1000,119,-63,-14780,-3468,5460,-491,147,-109,0
2179.753988981247,10140,5716,10876,-135,-96,95,9820,-8964,8948,-53,140,-191,-14716,3756,3888,-1023,100,-80,-14732,-3388,5480,-478,152,-110,0
2179.789924144745,10036,5696,10684,-131,-79,99,9812,-9068,9052,-48,132,-181,-14592,3864,4308,-1004,105,-110,-14704,-3376,5480,-492,163,-128,0
2179.824864149093,10264,5676,10688,-129,-78,88,9820,-9024,8868,-25,135,-186,-14680,3792,4096,-990,101,-72,-14708,-3400,5412,-492,125,-150,0
2179.860727071762,10144,5852,10664,-132,-47,86,9848,-8872,8796,-16,128,-206,-14508,3640,4092,-1014,143,-121,-14704,-3464,5228,-498,133,-117,0
2179.8953840732574,10168,5700,10740,-126,-62,108,9704,-9016,8948,-38,128,-183,-14592,3804,3932,-999,123,-53,-14624,-3504,5408,-484,122,-153,0
2179.9310741424565,10248,5688,10816,-165,-68,109,9800,-9024,8980,-34,113,-175,-14648,3744,3900,-1007,107,-113,-14696,-3536,5532,-496,120,-134,0
2179.966248035431,10432,5656,10748,-112,-40,92,9744,-8892,8864,-39,115,-155,-14612,3808,4284,-1010,91,-42,-14724,-3452,5516,-511,121,-146,0
2180.0021929740906,10220,5592,10988,-151,-75,89,9588,-9216,8776,-32,155,-162,-14564,3800,4040,-1277,72,-75,-14772,-3568,5492,-505,115,-159,0
2180.037996053696,10400,5760,10556,-119,15,88,9740,-8912,9028,-27,128,-155,-14492,3748,4216,-1000,99,-75,-14728,-3572,5392,-485,114,-127,0
2180.0730600357056,10432,5760,10732,-146,-80,77,9800,-8900,9028,-52,159,-194,-14568,3788,4036,-993,96,-87,-14768,-3480,5360,-500,131,-118,0
2180.108652114868,10204,5732,10696,-161,-51,75,9680,-9000,8744,-22,135,-160,-14524,3696,3816,-1280,91,-8,-14680,-3472,5424,-488,127,-146,0
2180.1433551311493,10156,5780,10724,-136,-17,107,9820,-8884,9092,-4,106,-165,-14600,3668,3932,-1034,81,-35,-14768,-3812,5464,-498,135,-132,0
2180.1792941093445,10140,5740,10716,-141,-16,105,9788,-8804,8936,-36,141,-179,-14492,3748,4020,-977,80,-27,-14748,-3396,5628,-752,120,-125,0
2180.2143070697784,10112,5732,10832,-138,-47,106,9696,-9052,8820,-63,117,-162,-14528,3768,4076,-979,100,-87,-14732,-3412,5484,-521,100,-140,0
2180.2495579719543,10112,5688,10684,-119,-63,108,9808,-8968,8968,-34,102,-151,-14344,3716,3940,-1012,124,-59,-14576,-3484,5492,-260,141,-158,0
2180.285103082657,10336,5712,10756,-169,-64,94,9752,-9216,9096,19,144,-166,-14600,3756,3912,-1020,115,-110,-14648,-3460,5424,-509,177,-105,0
2180.3209190368652,10108,5672,10848,-100,-67,120,9924,-8728,8736,-13,115,-192,-14480,3832,3880,-1007,102,-87,-14600,-3532,5480,-490,157,-155,0
2180.3561069965363,10004,5768,10740,-142,-88,77,9780,-8804,9204,-23,126,-212,-14696,3828,4136,-1030,89,-81,-14592,-3500,5528,-491,148,-136,0
2180.3917710781097,10280,5788,10780,-137,-20,71,9756,-8912,8872,-3,153,-192,-14540,3584,4272,-1022,109,-72,-14756,-3476,5460,-767,159,-165,0
2180.4277889728546,10088,5740,10876,-111,-60,114,9788,-8880,8744,-33,122,-191,-14580,3748,3932,-1000,125,-98,-14676,-3544,5604,-512,147,-134,0
2180.4633231163025,10144,5664,10708,-149,-85,97,9780,-8716,9020,-42,135,-173,-14448,3692,3900,-984,102,-74,-14796,-3508,5404,-502,130,-119,0
2180.496971130371,10168,5720,10560,-153,-60,89,9776,-9012,8940,-36,126,-185,-14560,4032,3916,-1004,113,-46,-14752,-3488,5196,-493,153,-161,0
2180.5305259227753,10116,5640,10712,-159,-83,115,9820,-9024,8992,-21,145,-190,-14516,3756,4000,-1015,100,-113,-14696,-3476,5348,-504,122,-134,0
2180.563802957535,10128,5852,10856,-155,-55,97,9852,-8992,8916,-16,145,-168,-14580,3768,4028,-996,111,-117,-14700,-3608,5416,-500,127,-127,0
2180.597356081009,10168,5684,10756,-174,-48,96,9776,-8988,8816,-252,125,-166,-14420,3888,4216,-1002,86,-105,-14736,-3468,5564,-473,158,-105,0
2180.630670070648,10088,5736,10860,-158,-58,137,9752,-9164,8748,-14,141,-147,-14552,3832,4120,-775,123,-47,-14756,-3512,5344,-479,142,-113,0
2180.6638131141663,9848,5812,10792,-175,-66,125,9792,-9212,8748,25,150,-161,-14356,3808,4048,-1272,109,-122,-14796,-3352,5588,-476,151,-111,0
2180.699593067169,10108,5800,10880,-179,-105,134,9788,-8952,8932,-27,138,-197,-14648,3808,3952,-1011,137,-119,-14696,-3576,5492,-485,158,-93,0
2180.7332010269165,10016,5800,10760,-199,-118,109,9764,-8932,8900,-41,135,-206,-14608,3820,3944,-964,121,-128,-14848,-3400,5460,-471,174,-54,0
2180.7665140628815,10212,5732,10744,-172,-82,124,9780,-8924,8900,-69,125,-190,-14556,3736,4152,-957,118,-85,-14712,-3528,5492,-764,130,-55,0
2180.8001251220703,10096,5672,10776,-217,-122,125,9500,-9052,8904,-52,171,-173,-14756,3780,3908,-1001,76,-97,-14648,-3420,5448,-498,135,-97,0
2180.8336429595947,10172,5652,10776,-278,-92,153,9692,-8964,9016,-19,169,-159,-14560,3808,4068,-1017,77,-128,-14696,-3500,5452,-471,139,-67,0
2180.8672580718994,9896,5692,10712,-231,-37,114,9816,-8980,8812,-86,162,-188,-14680,3796,4216,-988,103,-96,-14776,-3476,5424,-468,152,-86,0
2180.900677919388,10136,5632,10676,-266,-101,104,9836,-9048,8772,-24,191,-184,-14340,3800,4104,-981,112,-123,-14772,-3532,5512,-444,181,-94,0
2180.9342470169067,10160,5628,10820,-223,-62,125,9832,-9176,8884,20,128,-183,-14548,3764,4024,-1053,85,-83,-14724,-3484,5492,-470,171,-75,0
2180.967591047287,10220,5632,10660,-200,-72,138,9856,-9016,9080,9,173,-195,-14548,3820,4072,-1269,76,-101,-14704,-3568,5608,-462,129,-97,0
2181.0012431144714,10148,5700,10560,-259,-77,131,9788,-8932,9024,-36,156,-193,-14576,3772,4116,-986,73,-116,-14600,-3524,5404,-459,92,-110,0
2181.0345709323883,10148,5672,10660,-251,-107,135,9892,-8912,9024,-49,154,-184,-14532,3840,4272,-985,105,-77,-14708,-3504,5360,-488,138,-71,0
2181.0680470466614,10464,5656,10604,-199,-106,138,9792,-9040,9084,28,163,-186,-14576,3720,3872,-1020,140,-112,-14740,-3528,5228,-506,171,-107,0
2181.1016030311584,10212,5724,10720,-234,-123,149,9700,-8928,9008,18,134,-202,-14452,3772,4264,-1020,118,-134,-14700,-3520,5492,-494,167,-76,0
2181.1350979804993,10060,5656,10908,-178,-155,142,9524,-9032,8968,-256,145,-228,-14452,3756,4020,-1021,145,-144,-14624,-3588,5420,-467,192,-54,0
2181.168669939041,10148,5700,10740,-205,-164,132,9492,-8924,9176,-36,132,-225,-14584,3780,4044,-1012,141,-114,-14768,-3504,5408,-475,171,-86,0
2181.202176094055,10480,5376,10816,-201,-167,137,9968,-8916,9052,-6,116,-204,-14848,3844,4108,-1016,130,-107,-14724,-3536,5644,-521,189,-84,0
2181.2355720996857,10212,5596,10740,-177,-118,153,9824,-8876,9008,-1,151,-194,-14380,3720,3876,-1026,127,-126,-14628,-3432,5252,-488,165,-103,0
2181.2691390514374,10156,5496,10576,-193,-128,166,9776,-8844,8916,-30,147,-184,-14600,3808,4052,-1002,160,-128,-14712,-3552,5404,-485,176,-85,0
2181.3026061058044,10012,5676,10604,-171,-136,96,9748,-8956,8940,-59,129,-204,-14708,3708,4064,-984,80,-114,-14764,-3352,5468,-498,109,-84,0
2181.3364930152893,10280,5564,10696,-189,-146,107,9748,-9004,8704,-23,157,-205,-14628,3784,3940,-1029,86,-86,-14728,-3428,5424,-515,168,-120,0
2181.369724035263,10136,5660,10756,-227,-136,137,9764,-8876,8984,35,137,-185,-14524,3808,3924,-1010,119,-107,-14668,-3432,5392,-481,157,-101,0
2181.4031550884247,10128,5656,10692,-157,-117,124,9504,-8856,8964,-46,140,-229,-14560,3716,3992,-995,130,-94,-14764,-3420,5612,-474,174,-112,0
2181.436994075775,10288,5648,10864,-204,-176,123,9892,-9052,8992,18,135,-204,-14564,3608,4084,-999,108,-150,-14680,-3404,5528,-260,156,-84,0
2181.4728479385376,10464,5876,11004,-170,-142,146,9740,-8860,9168,30,150,-165,-14848,3768,3972,-1018,136,-94,-14732,-3392,5592,-481,158,-76,0
2181.5080440044403,10164,5688,10532,-174,-84,114,9740,-8884,9032,18,165,-158,-14564,3784,3888,-1014,127,-91,-14652,-3548,5524,-490,128,-117,0
2181.543538093567,10424,5700,10704,-176,-95,154,9816,-8940,9132,-42,91,-182,-14368,3812,4080,-988,99,-24,-14724,-3508,5388,-497,147,-120,0
2181.5794200897217,10268,5644,10676,-166,-111,144,9808,-8864,8888,-28,133,-187,-14808,3764,4200,-1006,93,-103,-14760,-3496,5476,-487,176,-99,0
2181.615037918091,10212,5420,10720,-150,-103,106,9760,-8872,9088,-47,101,-202,-14552,3668,3924,-1000,145,-104,-14732,-3428,5436,-481,157,-126,0
2181.6506700515747,10268,5624,10540,-131,-93,82,9764,-8908,9160,-25,98,-221,-14840,3620,3872,-1015,126,-128,-14708,-3364,5320,-446,192,-131,0
2181.6856429576874,10264,5828,10792,-172,-93,86,9780,-9040,9148,5,116,-196,-14620,3928,3916,-1018,125,-82,-14612,-3460,5416,-503,107,-104,0
2181.721528053284,10272,5516,10500,-148,-45,98,9900,-9204,8856,-26,130,-187,-14356,3744,4024,-777,100,-99,-14800,-3476,5196,-492,137,-128,0
2181.7563660144806,10488,5416,10888,-161,-55,127,9968,-8980,9104,-60,135,-184,-14648,4000,3892,-1009,81,-93,-14680,-3532,5560,-501,123,-123,0
2181.7926549911494,10224,5600,10916,-123,-45,107,9820,-8988,9088,-45,144,-166,-14716,3748,3900,-990,70,-42,-14720,-3396,5376,-497,95,-156,0
2181.8280770778656,10260,5608,10804,-142,-30,94,9776,-9028,9184,-23,146,-146,-14796,3692,4072,-982,91,-133,-14684,-3436,5240,-480,127,-133,0
2181.86367893219,10260,5640,10628,-140,-48,92,9752,-8896,9016,-36,145,-165,-14384,3740,4108,-1004,128,-83,-14724,-3548,5624,-483,117,-127,0
2181.899172067642,10228,5688,10680,-158,-51,84,9880,-8856,8928,-23,136,-181,-14788,3756,4220,-988,116,-100,-14632,-3560,5340,-470,160,-115,0
2181.934382915497,10280,5636,10716,-142,-83,99,9772,-8912,8920,-32,126,-217,-14696,3860,4020,-1021,130,-66,-14724,-3520,5604,-476,183,-116,0
2181.9697971343994,10248,5884,10604,-114,-69,88,9804,-8748,8968,-31,102,-187,-14504,3812,4016,-1050,128,-99,-14800,-3536,5436,-479,147,-139,0
2182.004996061325,10468,5660,10752,-129,-88,113,9888,-8964,8900,-23,101,-188,-14588,3632,4072,-1014,109,-45,-14776,-3352,5468,-482,132,-170,0
2182.0407240390778,10220,5860,10816,-119,-67,113,9804,-8916,9020,-56,126,-182,-14384,3584,3984,-969,106,-100,-14688,-3460,5484,-498,112,-150,0
2182.075788974762,10380,5700,10792,-117,-41,89,9792,-8884,8940,-36,139,-147,-14372,3780,4108,-1035,77,-72,-14676,-3492,5444,-503,95,-133,0
2182.1118700504303,10236,5620,10756,-125,-49,101,9936,-8908,8968,-20,119,-154,-14504,3816,4188,-993,123,-63,-14620,-3588,5436,-507,142,-119,0
2182.1476740837097,10184,5404,10980,-127,-58,96,9724,-8908,9116,-50,103,-176,-14700,3768,4072,-1018,121,-96,-14704,-3380,5452,-490,135,-139,0
2182.1809871196747,10188,5588,10896,-90,-60,106,9872,-8992,8944,-17,118,-174,-14384,3760,3952,-1000,70,-93,-14768,-3448,5480,-504,129,-146,0
2182.214442014694,10160,5764,10540,-100,-60,108,9800,-8908,8988,-38,103,-185,-14832,3600,3916,-1007,115,-92,-14768,-3544,5508,-493,145,-133,0
2182.248044013977,10488,5864,10640,-143,-87,95,9972,-8932,9020,-36,134,-185,-14664,3800,3916,-1004,99,-53,-14748,-3508,5380,-460,130,-145,0
2182.281233072281,10196,5660,10652,-92,-45,82,9828,-8968,8796,-62,132,-167,-14696,3664,4024,-971,67,-47,-14740,-3460,5464,-501,79,-171,0
2182.3147001266484,10272,5648,10716,-146,-69,85,9748,-9096,8796,-55,140,-151,-14572,3800,3984,-1004,8,-66,-14636,-3428,5536,-534,95,-179,0
2182.3482749462128,10124,5700,10776,-77,-12,87,9784,-8924,8988,-46,92,-150,-14580,3724,4048,-1013,90,-34,-14756,-3468,5400,-470,63,-163,0
2182.381551027298,10212,5672,10800,-48,-59,84,9576,-9024,8888,-95,112,-172,-14640,3872,4004,-964,86,-39,-14796,-3528,5456,-519,139,-130,0
2182.4150090217586,10220,5640,10616,-152,-46,78,9776,-8976,8904,-13,114,-188,-14368,3864,3936,-1046,83,-40,-14512,-3512,5388,-493,156,-165,0
2182.448905944824,10196,5696,10660,-61,-18,82,9980,-8956,8996,15,127,-134,-14788,3684,4244,-1059,65,-81,-14728,-3564,5404,-522,135,-163,0
2182.4821739196777,10160,5808,10668,-63,-5,71,9704,-9000,8908,-51,118,-176,-14520,3900,4048,-1005,49,-49,-14700,-3500,5512,-509,75,-170,0
2182.5155091285706,10152,5712,10800,-103,-63,80,9952,-9200,8832,-50,146,-165,-14536,3820,4036,-957,71,-58,-14736,-3504,5516,-486,103,-157,0
2182.549206972122,10196,5676,10692,-128,-42,101,9740,-8900,8940,-53,145,-142,-14652,3820,3980,-988,88,-70,-14592,-3556,5332,-466,145,-144,0
2182.5823740959167,10156,5772,10684,-158,-56,110,9788,-8840,8920,17,147,-160,-14484,3824,4180,-1043,98,-81,-14632,-3528,5372,-490,156,-105,0
2182.615678071976,10100,5708,10684,-186,-54,124,9504,-9132,8928,3,146,-154,-14572,3752,4116,-1002,133,-98,-14628,-3516,5388,-466,161,-111,0
2182.6491911411285,10100,5784,10884,-188,-70,122,9828,-9056,9148,-9,156,-190,-14544,3764,4080,-996,100,-73,-14644,-3548,5592,-454,150,-125,0
2182.6826519966125,10204,5728,10732,-211,-39,116,9716,-9004,9184,54,163,-177,-14840,3872,3860,-1001,120,-92,-14696,-3484,5580,-451,158,-100,0
2182.7157781124115,10148,5700,10888,-202,-59,125,9828,-9196,8764,5,158,-156,-14592,3848,4028,-997,117,-114,-14636,-3560,5556,-477,166,-133,0
2182.749314069748,10092,5744,10660,-204,-128,135,9696,-8964,8900,-61,152,-185,-14368,3740,3896,-977,106,-125,-14668,-3588,5488,-501,170,-59,0
2182.7826571464534,10140,5736,10496,-217,-121,125,9812,-9216,9000,-60,185,-199,-14636,3712,4272,-968,96,-96,-14704,-3560,5468,-492,173,-82,0
2182.8161840438843,10072,5500,11004,-231,-79,113,9828,-8992,8772,-71,147,-188,-14580,4028,4028,-976,68,-102,-14720,-3508,5408,-457,158,-79,0
2182.84968996048,10076,5652,10524,-253,-81,133,9744,-9016,8696,-10,175,-177,-14456,3744,4084,-1009,82,-112,-14664,-3480,5496,-477,153,-77,0
2182.8829901218414,10176,5656,10812,-243,-77,131,9868,-8996,9196,-23,172,-173,-14496,3676,4084,-966,102,-133,-14808,-3456,5376,-480,156,-69,0
2182.9166350364685,10080,5692,10564,-258,-87,122,9748,-8748,8892,-23,158,-190,-14556,4088,4048,-1003,111,-127,-14752,-3440,5468,-476,194,-78,0
2182.9502520561214,10064,5728,10792,-247,-108,151,9724,-8940,9156,8,161,-220,-14340,3804,4040,-968,118,-105,-14780,-3488,5516,-474,203,-48,0
2182.9838869571686,10280,5716,10824,-230,-118,134,9716,-8880,8940,-29,170,-207,-14436,3604,3884,-1016,110,-121,-14692,-3388,5516,-454,154,-101,0
2183.0173931121826,10184,5664,10836,-234,-129,143,9768,-8940,9012,-39,166,-197,-14592,3760,3700,-1010,72,-105,-14784,-3608,5440,-483,171,-95,0
2183.0510671138763,10152,5632,10880,-269,-127,145,9684,-8880,9012,16,175,-166,-14548,3708,4124,-1024,61,-130,-14776,-3336,5488,-474,129,-119,0
2183.0843219757085,10168,5800,10768,-192,-56,82,9648,-8832,9008,-43,124,-180,-14656,3748,3892,-996,78,-69,-14700,-3552,5468,-467,117,-100,0
2183.121323108673,10184,5704,10796,-260,-67,132,9836,-9028,8920,12,154,-206,-14692,3844,4068,-979,119,-112,-14648,-3416,5496,-470,143,-71,0
2183.157511949539,10260,5636,10820,-227,-115,159,9748,-9008,9188,34,123,-189,-14824,3824,4052,-1047,126,-86,-14860,-3356,5544,-482,177,-75,0
2183.1934099197388,10160,5680,10772,-196,-121,129,9732,-8840,8972,20,128,-183,-14664,3792,4260,-1000,91,-136,-14704,-3568,5528,-482,112,-118,0
2183.229213953018,10080,5448,10780,-211,-126,146,9772,-8944,8872,-37,136,-194,-14788,3812,4036,-978,89,-83,-14716,-3464,5440,-488,127,-99,0
2183.264214992523,10104,5400,10804,-209,-159,169,9716,-8848,8900,-13,128,-179,-14560,3688,4080,-991,146,-141,-14748,-3432,5420,-491,171,-69,0
2183.3000190258026,10132,5724,10884,-256,-184,174,9788,-8868,8956,30,167,-207,-14808,3708,4124,-1017,143,-124,-14844,-3444,5256,-509,168,-78,0
2183.3347461223602,10140,5644,10652,-185,-150,152,9768,-8892,8988,-17,121,-199,-14440,3756,3976,-1009,129,-103,-14728,-3416,5396,-458,201,-96,0
2183.3702731132507,10296,5840,10820,-237,-183,152,9876,-8936,8968,-256,149,-224,-14604,3816,4092,-1009,169,-124,-14776,-3720,5468,-458,185,-99,0
2183.4056301116943,10020,5884,10692,-219,-126,127,9812,-8888,8704,254,133,-215,-14812,3600,4080,-990,127,-132,-14768,-3404,5372,-496,170,-85,0
2183.4413139820094,10008,5640,10796,-184,-161,149,9736,-8892,8736,252,120,-216,-14628,3664,4124,-1043,150,-113,-14600,-3512,5420,-517,184,-80,0
2183.47625207901,10208,5532,10732,-151,-162,125,9512,-8824,9208,-44,113,-211,-14552,3676,3976,-989,150,-125,-14664,-3484,5484,-473,173,-104,0
2183.512340068817,10300,5568,10504,-157,-151,129,9808,-8928,9032,-79,142,-215,-14716,3768,3932,-999,115,-85,-14760,-3496,5484,-494,143,-132,0
2183.548146009445,10252,5392,10580,-141,-70,88,9836,-8952,9012,-45,119,-189,-14788,3772,4088,-1003,106,-94,-14716,-3420,5340,-506,138,-128,0
2183.583935022354,10256,5384,10796,-141,-35,88,9904,-8924,8904,-4,112,-163,-14580,3752,4132,-1055,92,-81,-14768,-3540,5492,-468,141,-139,0
2183.619887113571,10308,5600,10768,-148,-7,87,9868,-9188,8784,253,124,-168,-14616,3724,3960,-1065,109,-56,-14760,-3572,5312,-453,143,-95,0
2183.655097961426,10304,5628,10836,-181,-43,108,9808,-8796,9036,-11,149,-150,-14356,3708,3932,-1020,89,-71,-14812,-3492,5480,-465,123,-134,0
2183.691218137741,10024,5876,10928,-130,-25,118,9840,-8900,9048,-40,145,-144,-14624,3820,3864,-1040,79,-49,-14592,-3552,5416,-767,108,-152,0
2183.7272579669952,10208,5560,10784,-133,-69,93,9856,-9016,8928,-29,138,-162,-14536,3648,3964,-1044,65,-30,-14724,-3608,5456,-512,99,-149,0
2183.7624900341034,10144,5732,10724,-107,-14,95,9732,-8932,8932,-49,113,-158,-14380,3676,3908,-991,77,-87,-14740,-3556,5484,-475,119,-155,0
2183.7976920604706,10236,5660,10828,-140,-56,76,9768,-8948,9112,-25,171,-182,-14564,3776,3856,-982,95,-67,-14764,-3456,5468,-462,128,-118,0
2183.8336510658264,10128,5780,10696,-143,21,122,9832,-8896,9144,-22,131,-184,-14508,3736,3916,-1279,102,-63,-14732,-3556,5360,-475,161,-147,0
2183.867366075516,10232,5636,10708,-131,-254,106,9872,-8772,8892,-26,109,-165,-14600,3764,3880,-779,73,-35,-14840,-3580,5480,-459,115,-122,0
2183.9008009433746,10476,5612,10620,-143,-21,86,9760,-8728,8984,-58,131,-158,-14544,3848,4128,-983,107,-28,-14708,-3484,5604,-481,123,-138,0
2183.9344539642334,10208,5612,10664,-150,-40,87,9840,-8716,9168,-59,126,-160,-14620,3744,4112,-989,131,-82,-14732,-3528,5212,-520,95,-110,0
2183.9676971435547,9988,5656,10600,-90,-55,83,9844,-8940,9024,-66,122,-185,-14592,3732,4036,-1019,106,-77,-14720,-3572,5620,-506,137,-149,0
2184.001181125641,10196,5384,10940,-174,-52,116,9924,-8892,9080,8,149,-170,-14524,3760,4024,-1051,76,-47,-14596,-3488,5488,-509,127,-159,0
2184.0346961021423,10200,5624,10764,-115,-28,67,9792,-8952,9048,-16,106,-164,-14640,3652,4144,-1267,112,-61,-14684,-3556,5532,-476,134,-138,0
2184.0681090354924,10296,5852,10840,-143,-43,79,9936,-9004,9016,-43,123,-175,-14796,3600,4020,-995,119,-80,-14808,-3520,5532,-494,111,-126,0
2184.1016471385956,10048,5632,10900,-95,-50,73,9952,-8944,8960,-44,135,-171,-14444,3756,3888,-1005,110,-117,-14576,-3508,5336,-497,155,-160,0
2184.1350979804993,10332,5672,10808,-102,-23,97,9856,-8904,9136,-18,115,-166,-14536,3784,4124,-785,102,-70,-14696,-3492,5536,-487,141,-137,0
2184.168627977371,10216,5568,10508,-111,-59,114,9776,-8980,9016,-37,142,-188,-14688,3852,3904,-1002,137,-84,-14712,-3768,5520,-486,148,-127,0
2184.2019650936127,10488,5412,10812,-143,-100,103,9800,-8756,8972,-92,97,-179,-14560,3780,3844,-990,119,-112,-14616,-3552,5488,-498,138,-138,0
2184.2355411052704,10180,5688,10716,-97,-77,80,9872,-8724,9064,-63,126,-162,-14404,4020,4144,-1005,96,-90,-14752,-3516,5444,-763,128,-146,0
2184.269082069397,10308,5688,10896,-90,-48,96,9696,-9196,8776,-38,93,-171,-14584,3864,4136,-1032,117,-97,-14680,-3500,5580,-523,133,-151,0
2184.3026390075684,10176,5636,10744,-95,-60,109,9724,-8944,8940,-41,126,-167,-14644,3748,3864,-1021,99,-50,-14628,-3336,5516,-494,156,-134,0
2184.336494922638,10152,5432,10652,-102,-84,89,9884,-8948,9032,-47,90,-163,-14376,3784,3936,-999,106,-50,-14388,-3556,5560,-496,122,-147,0
2184.3699049949646,10052,5640,10664,-120,-77,109,9760,-9020,9208,-66,116,-154,-14608,3872,3952,-771,58,-87,-14780,-3468,5468,-515,136,-135,0
2184.4031689167023,10144,5612,10984,-130,-90,94,9740,-8996,8984,-28,113,-149,-14568,3820,4012,-1036,90,-84,-14660,-3340,5468,-509,139,-163,0
2184.436947107315,10204,5768,10580,-109,-18,95,9804,-8980,9104,-71,131,-187,-14540,3772,4156,-1023,103,-56,-14676,-3536,5488,-496,99,-162,0
2184.4705820083614,10452,5720,10688,-142,-75,98,9808,-8972,8908,-33,146,-166,-14788,3772,4092,-985,69,-38,-14760,-3584,5428,-482,118,-148,0
2184.5042560100555,10180,5688,10724,-187,4,83,9720,-8920,8908,10,132,-162,-14496,3756,4096,-1047,76,-24,-14652,-3524,5372,-458,113,-123,0
2184.5379381179814,10136,5660,10772,-165,-15,86,9772,-8904,8868,-17,156,-152,-14788,3752,4068,-1050,102,-36,-14628,-3804,5436,-486,116,-115,0
2184.571473121643,10096,5708,10828,-184,0,102,9820,-8952,8980,-32,164,-159,-14488,3836,4184,-978,86,-98,-14724,-3404,5600,-482,102,-137,0
2184.604891061783,10236,5748,10772,-234,-67,106,9952,-9052,9204,-16,174,-163,-14612,3840,3900,-967,83,-135,-14724,-3436,5380,-465,140,-65,0
2184.6381959915166,10064,5680,10600,-223,-88,138,9688,-8948,9060,-12,154,-200,-14828,3780,4140,-774,107,-86,-14640,-3440,5492,-477,198,-34,0
2184.671683073044,10248,5672,10752,-252,-179,184,9816,-8968,8924,-39,149,-223,-14532,3816,4056,-1016,125,-91,-14724,-3536,5536,-521,185,-79,0
2184.7054340839386,10180,5380,10968,-201,-97,136,9708,-8840,8984,-32,105,-186,-14832,3752,4124,-1000,127,-114,-14724,-3528,5528,-492,181,-74,0
2184.7390060424805,9984,5476,10640,-234,-107,130,9784,-9160,9052,1,153,-207,-14768,3768,3896,-991,119,-149,-14680,-3524,5412,-465,162,-73,0
2184.7723300457005,10084,5680,10536,-243,-64,124,9756,-8896,8964,-22,154,-180,-14600,3804,4168,-1006,80,-108,-14688,-3436,5444,-479,198,-86,0
2184.8056139945984,10436,5872,10784,-276,-102,151,9736,-8944,9104,36,168,-216,-14528,3804,4296,-1269,126,-114,-14668,-3512,5540,-468,178,-24,0
2184.8424720764165,10176,5788,10744,-265,-92,140,9708,-8884,9028,-3,164,-219,-14624,3760,4296,-982,146,-141,-14708,-3368,5604,-443,205,-45,0
2184.878585100174,10472,5628,10560,-249,-130,134,9740,-8980,9036,-19,152,-218,-14696,3788,4088,-1013,108,-126,-14784,-3540,5452,-444,180,-60,0
2184.913650035858,10256,5564,10804,-215,-117,147,9728,-8956,8964,-27,171,-215,-14548,3588,3888,-1011,112,-133,-14700,-3484,5544,-463,177,-63,0
2184.9496579170227,10492,5652,10560,-193,-115,109,9840,-8916,8880,0,166,-199,-14512,3804,4160,-1026,89,-133,-14780,-3528,5560,-476,179,-97,0
2184.9850420951843,10124,5808,10832,-219,-104,122,9744,-8716,8920,-16,160,-207,-14624,3804,3732,-1010,93,-86,-14856,-3448,5456,-489,130,-88,0
2185.020334005356,10136,5716,10672,-205,-116,137,9800,-8928,9020,1,145,-215,-14604,3704,4336,-1010,104,-135,-14608,-3396,5436,-472,148,-55,0
2185.0554151535034,10168,5540,10656,-226,-113,155,9716,-8708,9124,-47,110,-210,-14584,3716,3972,-997,166,-44,-14716,-3624,5432,-476,148,-28,0
2185.0911819934845,10216,5588,10604,-179,-93,174,9760,-8972,9008,-76,110,-177,-14616,4072,4132,-999,123,-116,-14712,-3396,5416,-512,163,-57,0
2185.1271960735326,10176,5680,10824,-208,-161,165,9740,-8852,8968,-255,91,-199,-14364,3712,4024,-1007,89,-102,-14820,-3516,5412,-472,182,-75,0
2185.162451028824,10260,5748,10676,-217,-110,152,9516,-8900,8912,252,124,-184,-14712,3748,3872,-1001,118,-134,-14652,-3576,5376,-461,152,-86,0
2185.1977059841156,10372,5540,10776,-209,-159,114,9820,-8948,8724,-20,135,-241,-14712,3772,3904,-989,78,-111,-14796,-3372,5412,-485,199,-100,0
2185.233498096466,10284,5628,10596,-215,-141,116,9844,-8888,8852,5,118,-189,-14608,3892,3924,-777,86,-124,-14756,-3476,5512,-486,149,-85,0
2185.268748998642,10228,5564,10744,-207,-107,108,9804,-8892,9036,5,129,-171,-14376,3744,4136,-1022,44,-83,-14652,-3492,5584,-486,101,-144,0
2185.304291009903,10164,5676,10760,-226,-102,125,9768,-8864,9100,-29,143,-191,-14800,3752,3948,-982,78,-108,-14704,-3380,5316,-503,132,-89,0
2185.3394799232483,10212,5840,10964,-210,-118,132,9792,-8840,8996,-73,118,-191,-14756,3676,4140,-983,75,-109,-14772,-3476,5508,-513,162,-121,0
2185.3749480247498,10452,5784,10620,-123,-153,116,9864,-8960,8992,-50,130,-228,-14576,3752,3944,-1013,105,-94,-14768,-3440,5528,-485,196,-99,0
2185.4110150337215,10224,5580,10608,-199,-141,138,9524,-8888,8796,-25,141,-196,-14640,3644,3992,-1006,108,-109,-14652,-3448,5436,-493,163,-134,0
2185.4470999240875,10204,5596,10700,-112,-111,122,9752,-8852,8880,-37,144,-224,-14580,3744,4156,-976,134,-123,-14800,-3520,5524,-474,151,-116,0
2185.484092950821,10376,5484,10712,-140,-5,82,9808,-8860,9040,-14,154,-161,-14620,3772,4020,-1015,93,-72,-14708,-3412,5548,-477,137,-150,0
2185.5176270008087,10252,5856,10996,-167,-2,82,9776,-8832,9064,-23,150,-167,-14808,3648,4268,-1020,119,-105,-14776,-3500,5464,-489,162,-120,0
2185.5511391162872,10256,5652,10588,-146,-22,99,9772,-8884,8720,-25,136,-163,-14584,3824,3708,-1009,93,-84,-14832,-3620,5500,-478,115,-139,0
2185.584932088852,10196,5624,10784,-136,-49,89,9816,-8776,9020,-72,134,-169,-14524,3756,4168,-988,101,-76,-14756,-3544,5508,-478,113,-111,0
2185.6185340881348,10184,5708,10664,-144,-65,76,9860,-8916,9088,-52,131,-195,-14612,3852,4156,-984,73,-36,-14756,-3448,5448,-474,124,-111,0
2185.651785135269,10136,5560,10732,-128,-56,103,9816,-8884,9144,-57,139,-150,-14472,3740,4112,-1014,68,-67,-14828,-3416,5516,-501,137,-128,0
2185.6850090026855,10404,5628,10876,-105,-32,79,9816,-8816,9072,-20,133,-176,-14840,3692,4180,-998,83,-48,-14748,-3520,5432,-492,103,-142,0
2185.719887971878,10420,5540,10900,-136,-6,106,9888,-8952,9028,-52,137,-154,-14836,3764,4088,-1025,95,-53,-14628,-3536,5572,-492,122,-126,0
2185.753550052643,10428,5680,10948,-165,-33,86,9772,-8984,8908,-44,108,-158,-14360,3788,3844,-968,114,-68,-14740,-3416,5536,-488,132,-88,0
2185.787155151367,10316,5860,10748,-104,-27,128,9784,-8916,8844,-65,92,-139,-14592,3820,3900,-994,100,-46,-14644,-3516,5620,-475,109,-134,0
2185.8207190036774,10124,5384,10824,-128,-76,91,9888,-8728,8952,-31,135,-166,-14660,3744,4112,-1012,40,-83,-14828,-3532,5404,-509,151,-182,0
2185.8540439605713,10476,5596,10544,-115,-62,64,9820,-8936,8712,-6,113,-179,-14564,3760,4000,-773,51,-48,-14844,-3520,5460,-519,124,-148,0
2185.887421131134,10284,5708,10668,-109,-27,67,9756,-9000,8952,-99,129,-145,-14620,3776,3932,-974,80,-30,-14752,-3500,5380,-490,69,-160,0
2185.9211061000824,10480,5412,10808,-154,-50,77,9828,-8840,8932,-50,152,-171,-14576,3792,4048,-975,80,-76,-14684,-3472,5460,-456,105,-133,0
2185.954545021057,10276,5608,10744,-122,40,56,9844,-8748,8844,-9,166,-171,-14560,3720,4012,-1006,43,-74,-14692,-3476,5576,-487,113,-144,0
2185.9881620407104,10228,5660,10776,-108,8,87,9816,-8868,9204,-33,120,-152,-14624,3844,3880,-1019,61,-55,-14740,-3396,5492,-482,92,-170,0
2186.0217621326447,10168,5612,10872,-116,-46,84,9868,-9004,8808,-61,142,-142,-14504,3772,4076,-993,48,-28,-14724,-3560,5492,-496,82,-144,0
2186.0554230213165,10088,5588,10804,-116,-61,75,9756,-9016,9184,-107,108,-185,-14544,3848,3916,-987,60,-50,-14696,-3512,5388,-523,125,-147,0
2186.0891621112823,10136,5548,10504,-63,-73,91,9744,-8964,8840,-86,99,-187,-14552,3784,4140,-977,76,-80,-14752,-3472,5396,-503,156,-154,0
2186.1227691173553,10200,5652,10732,-131,-49,89,9932,-8944,8952,-21,151,-178,-14516,4032,4144,-971,82,-113,-14664,-3624,5384,-265,141,-147,0
2186.1561119556427,10128,5764,10516,-79,-75,81,9740,-8864,8744,-28,105,-191,-14420,4072,4088,-979,76,-119,-14652,-3536,5600,-491,147,-171,0
2186.1894800662994,10156,5688,10696,-78,-81,90,9712,-9032,8900,-55,117,-167,-14560,3836,4016,-987,100,-43,-14820,-3380,5504,-485,126,-176,0
2186.22297000885,10148,5716,10740,-60,-81,80,9828,-8992,8960,-84,136,-163,-14560,3840,4044,-988,75,-71,-14704,-3488,5440,-492,147,-161,0
2186.2568230628967,10132,5828,10812,-120,-83,86,9752,-8904,8868,-68,116,-175,-14604,3844,4148,-1006,77,-70,-14692,-3468,5220,-506,129,-118,0
2186.2904310226445,10136,5700,10652,-82,-83,103,9840,-8964,8896,-55,104,-167,-14408,3780,3980,-996,112,-75,-14740,-3492,5548,-494,125,-151,0
2186.3240160942078,10204,5676,10604,-89,-85,103,9796,-9216,8824,-51,121,-177,-14368,3788,4116,-973,111,-97,-14728,-3480,5452,-487,113,-152,0
2186.3575451374054,10108,5620,10868,-123,-71,88,9824,-9180,8900,-70,124,-136,-14556,3880,4064,-973,96,-35,-14696,-3500,5492,-479,128,-124,0
2186.3909471035004,10100,5580,10764,-128,-43,92,9724,-8904,8892,-34,164,-155,-14356,3608,4116,-1014,81,-69,-14700,-3568,5476,-486,115,-130,0
2186.4245760440826,10012,5648,10768,-147,-21,89,9896,-8912,8848,-27,152,-189,-14564,3820,4188,-1003,82,-84,-14624,-3432,5436,-501,160,-120,0
2186.4581849575043,10152,5692,10724,-146,-46,79,9760,-8916,9036,-24,132,-161,-14548,3884,4084,-1020,112,-121,-14664,-3596,5468,-484,140,-119,0
2186.4917759895325,10204,5776,10724,-142,-39,111,9904,-8772,9176,255,160,-155,-14472,3796,4116,-982,126,-91,-14636,-3560,5580,-473,163,-123,0
2186.5286250114445,10172,5704,10812,-220,-57,107,9612,-8748,8896,22,150,-179,-14508,3728,4080,-986,107,-81,-14640,-3476,5584,-470,175,-86,0
2186.5644469261174,10168,5764,10612,-229,-120,138,9804,-8976,9152,-46,140,-201,-14532,3756,4020,-978,133,-79,-14796,-3772,5612,-456,178,-53,0
2186.600613117218,10184,5732,10780,-172,-73,135,10152,-8956,8976,-96,96,-189,-14592,3880,4016,-946,109,-114,-14712,-3424,5528,-514,130,-102,0
2186.635745048523,10188,5576,10820,-209,-96,140,9936,-9080,9032,-64,163,-196,-14500,3672,4272,-1011,67,-96,-14772,-3516,5508,-478,174,-87,0
2186.671294927597,10148,5648,10524,-244,-29,105,9688,-8876,8796,-19,170,-161,-14544,3768,4116,-997,135,-104,-14788,-3812,5596,-432,171,-52,0
2186.707216024399,10204,5652,10996,-248,-33,99,9824,-8888,9052,-46,216,-162,-14608,3740,4104,-982,105,-84,-14684,-3580,5372,-452,182,-100,0
2186.7422981262207,10224,5592,10760,-291,-30,95,9972,-8964,8948,27,161,-183,-14536,3796,3984,-1010,127,-152,-14688,-3476,5368,-460,179,-32,0
2186.7781670093536,10200,5376,10976,-209,-67,148,9872,-8740,9032,17,154,-189,-14376,3684,4196,-1064,118,-112,-14768,-3576,5468,-447,193,-59,0
2186.8131809234615,10140,5736,10908,-228,-64,123,9840,-8936,9004,-17,162,-168,-14384,3736,4132,-973,110,-107,-14772,-3488,5468,-461,137,-99,0
2186.8492379188538,10144,5676,10848,-218,-94,137,9804,-8964,8808,-48,162,-172,-14828,3736,4220,-981,100,-71,-14628,-3484,5476,-498,154,-77,0
2186.8843400478363,10212,5492,10848,-199,-94,132,9876,-8984,8996,-28,170,-185,-14620,3772,4120,-1255,113,-121,-14760,-3504,5612,-505,161,-73,0
2186.9200320243835,10188,5704,10740,-230,-154,135,9688,-8864,8948,-13,138,-186,-14584,3760,4012,-1031,142,-105,-14696,-3592,5500,-484,148,-86,0
2186.9555201530457,10228,5748,10760,-179,-125,145,9720,-8952,9212,-20,113,-203,-14508,3596,4120,-1016,143,-94,-14724,-3528,5604,-459,159,-57,0
2186.9909999370575,10240,5648,10756,-213,-168,165,9796,-8932,8976,6,120,-180,-14572,3760,4088,-1013,157,-128,-14768,-3532,5492,-450,189,-71,0
2187.0273220539093,10160,5696,10888,-215,-138,138,9788,-9164,8928,255,144,-221,-14604,3824,4100,-1002,150,-94,-14684,-3396,5468,-491,226,-78,0
2187.062768936157,10176,5632,10852,-181,-169,148,9688,-8956,9008,-16,109,-204,-14584,3684,3896,-1039,139,-164,-14720,-3520,5612,-507,204,-109,0
2187.097584962845,10136,5600,10804,-217,-181,152,9960,-8708,8984,-22,129,-213,-14572,3772,4284,-1000,130,-93,-14624,-3804,5564,-470,159,-111,0
2187.13303899765,10144,5648,10684,-215,-163,119,9808,-8944,9012,-20,192,-230,-14592,3784,4140,-997,90,-143,-14752,-3416,5564,-465,174,-111,0
2187.1697721481323,10472,5836,10712,-198,-158,122,9804,-8912,8952,21,121,-224,-14536,3828,3968,-1003,108,-115,-14764,-3428,5468,-761,155,-92,0
2187.202788114548,10244,5568,10620,-197,-140,155,9856,-8904,9052,-23,121,-202,-14500,3724,3884,-1008,152,-120,-14716,-3492,5472,-484,161,-58,0
2187.2364299297333,10436,5384,10612,-189,-162,125,9836,-8812,8968,-39,129,-188,-14528,3704,4088,-1004,122,-140,-14648,-3468,5508,-483,182,-86,0
2187.2699980735774,10032,5828,10780,-190,-139,133,9804,-8916,8948,-5,122,-185,-14564,3696,3960,-769,136,-115,-14812,-3440,5452,-491,180,-105,0
2187.3034811019897,10412,5860,10520,-146,-148,127,9812,-8828,8992,-20,103,-188,-14452,3656,4332,-1039,111,-112,-14700,-3468,5460,-504,151,-95,0
2187.3370859622955,10236,5572,10732,-157,-101,95,9760,-8844,8912,-43,135,-212,-14520,3636,3868,-984,130,-68,-14840,-3520,5432,-480,139,-138,0
2187.370522975921,10320,5668,10692,-101,-24,78,9740,-8932,8996,-69,134,-172,-14644,3792,4208,-989,131,-65,-14732,-3512,5388,-488,94,-129,0
2187.4038190841675,10284,5460,10696,-136,-256,91,9756,-8884,8980,-14,146,-173,-14580,3740,3992,-1054,79,-54,-14752,-3428,5512,-501,127,-152,0
2187.4374051094055,10208,5624,10616,-136,-3,93,9648,-8880,8916,11,178,-148,-14576,3704,4100,-1057,121,-61,-14760,-3564,5488,-482,110,-118,0
2187.470948934555,10244,5744,10536,-120,-25,90,9808,-9172,9184,-57,139,-178,-14416,3624,4156,-1000,115,-32,-14720,-3448,5204,-483,124,-137,0
2187.5045499801636,10492,5480,10924,-130,-73,90,9532,-8968,9064,-53,138,-173,-14584,3796,4092,-993,118,-67,-14692,-3400,5452,-494,135,-131,0
2187.5381009578705,10260,5512,10672,-135,255,84,9836,-8876,9000,-7,123,-136,-14516,3592,3960,-1016,121,-48,-14740,-3416,5404,-464,103,-130,0
2187.5717000961304,10184,5684,10920,-138,27,107,9776,-8936,8888,-12,143,-130,-14672,3780,4156,-1278,89,-45,-14636,-3484,5560,-493,80,-151,0
2187.605031967163,10184,5652,10792,-132,-16,46,9768,-8900,8964,-39,177,-135,-14636,3740,4092,-988,102,-10,-14672,-3480,5612,-498,65,-136,0
2187.6383380889893,10208,5688,10768,-137,-22,107,9644,-9016,8960,-60,95,-157,-14344,3808,4096,-986,134,-63,-14788,-3484,5544,-485,113,-119,0
2187.6719040870667,10228,5392,10828,-120,-56,106,9664,-8896,8876,-55,105,-183,-14560,3824,4184,-1011,130,-125,-14704,-3492,5488,-479,162,-133,0
2187.705197095871,10208,5876,10692,-153,-82,67,9732,-8728,8716,-35,162,-214,-14544,3852,4096,-1021,119,-90,-14708,-3424,5476,-502,189,-152,0
2187.738652944565,10480,5612,10692,-85,-88,64,9684,-8856,9012,-25,105,-213,-14604,3816,3964,-1026,115,-71,-14776,-3556,5560,-766,153,-127,0
2187.7719531059265,10000,5844,10568,-160,-90,78,9808,-8732,9136,-51,107,-165,-14644,3812,4052,-977,111,-68,-14796,-3440,5592,-472,109,-133,0
2187.8054609298706,10288,5884,10836,-120,-49,79,9908,-8996,9024,-46,149,-160,-14596,3888,4128,-1013,91,-79,-14692,-3556,5168,-481,135,-153,0
2187.8391900062566,10100,5684,10844,-128,-38,89,9868,-8860,9016,15,134,-168,-14640,3820,4000,-1039,78,-70,-14824,-3464,5392,-499,115,-173,0
2187.8727200031285,10260,5728,10848,-115,-39,86,9748,-8964,9068,-39,116,-178,-14356,3640,4068,-1278,129,-47,-14676,-3504,5592,-548,91,-159,0
2187.9058821201324,10164,5716,10800,-91,-69,72,9712,-9156,9212,-38,112,-174,-14588,3644,4136,-987,77,-60,-14668,-3532,5600,-496,126,-137,0
2187.9393169879913,10104,5736,10844,-90,-98,74,9808,-8956,8992,-40,115,-183,-14580,3800,4076,-1011,123,-103,-14576,-3580,5604,-487,136,-174,0
2187.9726741313934,10180,5636,10836,-116,-85,87,9732,-9200,8756,-57,119,-169,-14836,3740,4040,-1031,106,-87,-14640,-3476,5528,-492,140,-126,0
2188.0060770511627,10132,5672,10864,-117,-27,93,9824,-8920,9012,-27,113,-162,-14556,3820,4088,-1029,118,-36,-14776,-3564,5524,-495,114,-157,0
2188.0396370887756,10244,5692,10976,-84,-51,112,9980,-8876,8972,-27,73,-151,-14612,3720,4168,-1011,134,-57,-14704,-3528,5456,-515,130,-133,0
2188.0732519626617,9992,5652,10996,-73,-70,113,9800,-8900,8812,-61,76,-165,-14628,3904,4188,-1008,121,-55,-14700,-3544,5512,-524,119,-136,0
2188.106836080551,10436,5708,10620,-95,-87,106,9708,-8916,8932,-78,133,-193,-14632,3716,4188,-998,135,-101,-14736,-3460,5476,-486,121,-131,0
2188.1465959548946,10340,5644,10872,-95,-85,118,9792,-8976,8896,-82,88,-147,-14600,3840,3980,-1273,82,-64,-14752,-3460,5640,-525,126,-173,0
2188.1797599792485,10208,5580,10576,-117,-59,89,9824,-9000,8932,-26,120,-173,-14556,3704,4012,-1044,53,-63,-14696,-3564,5528,-509,148,-155,0
2188.2176389694214,10072,5724,10764,-104,-16,100,9760,-8900,8960,-40,94,-155,-14484,3784,3884,-986,114,-51,-14700,-3748,5384,-464,91,-138,0
2188.252774953842,10164,5696,10800,-134,-83,71,9788,-9068,9140,-37,158,-187,-14544,3764,4136,-1010,96,-57,-14668,-3504,5604,-487,132,-177,0
2188.288735151291,10164,5620,10900,-174,-49,76,9736,-9196,8784,-10,160,-185,-14516,3800,4100,-1004,85,-94,-14736,-3508,5608,-481,125,-171,0
2188.3242039680486,10224,5740,10776,-105,-54,74,9852,-8956,8920,254,110,-181,-14564,3832,4128,-1023,53,-46,-14696,-3804,5528,-518,97,-177,0
2188.3602499961853,10156,5708,10804,-116,-64,70,9828,-9016,9120,-57,133,-185,-14468,3756,4216,-991,69,-79,-14716,-3368,5624,-506,125,-140,0
2188.395117998123,10172,5692,10896,-135,-42,90,9704,-9000,8720,-65,138,-167,-14564,3784,4168,-997,97,-49,-14616,-3508,5448,-498,156,-114,0
2188.4306590557094,10172,5784,10780,-125,-68,113,9780,-8916,9212,-17,111,-162,-14828,3808,4076,-772,131,-110,-14648,-3492,5500,-484,158,-127,0
2188.4661760330205,10216,5704,10520,-170,-58,88,9804,-8980,8812,41,140,-171,-14500,3692,3924,-1039,135,-97,-14640,-3736,5552,-480,165,-116,0
2188.5016601085663,10224,5736,10812,-199,-59,115,9764,-8824,8868,27,158,-189,-14664,3716,4056,-1278,76,-65,-14672,-3520,5784,-470,149,-99,0
2188.537716150284,10048,5760,10524,-235,-36,95,9928,-8852,9068,-1,184,-159,-14588,3888,4028,-1011,102,-128,-14612,-3584,5460,-456,151,-100,0
2188.5727310180664,10144,5800,10848,-234,-89,109,9708,-8972,9056,-33,169,-214,-14712,3812,3964,-992,122,-115,-14712,-3500,5644,-487,183,-83,0
2188.6074891090393,10212,5744,10704,-206,-135,147,9788,-9020,8960,-63,88,-225,-14604,3864,4060,-972,107,-106,-14692,-3520,5468,-505,181,-74,0
2188.6434540748596,10152,5724,10808,-215,-114,147,9680,-8976,9028,-69,166,-203,-14464,3768,4040,-981,124,-60,-14776,-3596,5448,-461,186,-90,0
2188.6792380809784,10224,5756,10732,-276,-81,125,9796,-8896,8960,-25,191,-187,-14400,3800,4316,-986,123,-148,-14712,-3800,5544,-474,196,-78,0
2188.7145349979405,10212,5708,10876,-289,-82,135,9752,-8936,8992,-250,183,-190,-14448,3808,3916,-1042,108,-122,-14740,-3540,5624,-432,222,-72,0
2188.7506771087646,10260,5684,10776,-268,-59,133,9912,-8748,9036,37,170,-180,-14492,3716,4244,-1274,136,-149,-14764,-3540,5424,-450,220,-66,0
2188.7860629558563,10152,5684,10528,-252,-75,146,9728,-8940,8896,29,131,-208,-14644,3896,4008,-1035,144,-129,-14692,-3492,5432,-457,206,-61,0
2188.821594953537,10224,5676,10804,-225,-114,143,9944,-8936,9056,-249,182,-224,-14592,3748,3940,-1276,124,-84,-14796,-3544,5532,-477,182,-69,0
2188.85728096962,10212,5636,10756,-228,-107,174,9820,-8940,8888,-255,183,-190,-14584,3696,3996,-1011,134,-119,-14780,-3476,5524,-478,165,-73,0
2188.8905861377716,10280,5660,10716,-233,-113,149,9740,-8976,8960,-8,160,-194,-14584,3708,4056,-1027,111,-108,-14772,-3492,5460,-453,134,-105,0
2188.9241709709167,10300,5676,10932,-237,-91,130,9792,-8872,9044,1,168,-180,-14592,3780,4032,-988,99,-121,-14776,-3392,5516,-468,137,-65,0
2188.9576749801636,10012,5748,10512,-232,-108,138,9796,-8892,9148,5,139,-215,-14376,3848,4064,-1012,113,-76,-14744,-3528,5524,-455,135,-55,0
2188.9910299777985,10156,5876,10728,-243,-127,142,9880,-8916,9000,255,147,-205,-14536,3728,4024,-988,143,-98,-14636,-3404,5408,-468,169,-52,0
2189.0244669914246,10272,5688,10624,-182,-89,141,9760,-8860,9080,-79,115,-187,-14596,3824,3952,-997,130,-117,-14708,-3516,5388,-523,133,-95,0
2189.057943105697,10136,5512,10796,-205,-120,146,9676,-8940,8948,-5,125,-192,-14672,3780,4104,-1040,80,-126,-14700,-3568,5580,-504,191,-99,0
2189.0916869640346,10164,5680,10696,-238,-145,150,9732,-8916,9076,-251,137,-193,-14560,3768,4112,-1041,113,-113,-14728,-3332,5540,-470,144,-71,0
2189.125303030014,10268,5592,10816,-179,-116,115,9772,-8972,9024,-57,145,-194,-14700,3676,4184,-994,115,-84,-14820,-3784,5508,-481,164,-114,0
2189.1586270332336,10300,5444,10772,-232,-177,135,9768,-9004,8900,-28,135,-225,-14344,3592,4020,-1001,115,-126,-14732,-3464,5536,-477,204,-101,0
2189.1920380592346,10044,5596,10740,-205,-124,123,9564,-8848,8900,28,128,-194,-14592,3776,4036,-1082,68,-103,-14772,-3444,5528,-461,160,-105,0
2189.225503921509,10096,5448,10708,-207,-125,148,9808,-8968,9052,-2,142,-185,-14588,3732,4188,-1016,82,-118,-14680,-3552,5600,-491,124,-115,0
2189.2590339183807,10212,5668,10960,-220,-115,110,9760,-8896,9068,-40,140,-182,-14352,3732,3908,-982,103,-76,-14740,-3472,5484,-489,147,-83,0
2189.2924699783325,10204,5508,10984,-173,-135,131,9776,-8848,8956,-52,105,-199,-14664,3820,4084,-986,120,-101,-14704,-3444,5324,-507,167,-85,0
2189.3261330127716,10236,5652,10816,-160,-136,141,9824,-8796,8960,-50,123,-222,-14584,3708,4012,-1027,130,-107,-14724,-3412,5360,-494,207,-78,0
2189.3598420619965,10236,5692,10832,-211,-150,134,9840,-8904,8732,1,115,-217,-14460,3732,4128,-1035,146,-130,-14728,-3452,5448,-490,175,-103,0
2189.3933420181274,10196,5672,10712,-147,-108,115,9872,-8936,8916,-46,109,-194,-14596,3800,4104,-1010,164,-125,-14776,-3440,5532,-457,173,-104,0
2189.4268610477448,10212,5504,10748,-161,-108,78,9800,-8904,9004,-37,135,-193,-14592,3796,4032,-990,112,-82,-14800,-3544,5596,-462,122,-134,0
2189.460484981537,10312,5548,10740,-151,-32,91,9840,-8872,9004,1,151,-167,-14600,3788,4200,-1029,107,-66,-14784,-3476,5144,-491,159,-152,0
2189.4938781261444,10288,5648,10576,-138,-62,106,9856,-8872,9072,-25,123,-171,-14580,3792,4004,-1274,92,-55,-14720,-3448,5476,-471,158,-117,0
2189.52739405632,10264,5832,10516,-173,-70,100,9736,-8868,8952,-22,154,-190,-14592,3696,3920,-1022,128,-73,-14804,-3524,5592,-470,154,-144,0
2189.5610780715942,10052,5648,10612,-121,-54,91,9768,-8956,9072,-72,114,-189,-14676,3740,4160,-961,98,-99,-14724,-3528,5644,-488,125,-148,0
2189.5944719314575,10320,5380,10784,-142,-38,83,9848,-8916,8928,-46,167,-167,-14588,3776,3912,-1041,52,-33,-14692,-3428,5536,-531,131,-169,0
2189.628019094467,10448,5384,10724,-144,-55,82,9524,-8888,9116,21,103,-156,-14616,3768,4060,-1041,131,-39,-14668,-3460,5548,-453,148,-95,0
2189.661572933197,10188,5712,10960,-114,-7,87,9752,-8712,8892,-47,126,-172,-14616,3800,4332,-990,140,-94,-14720,-3428,5324,-442,153,-106,0
2189.6948101520534,10312,5540,10548,-170,-110,111,9864,-9000,9016,-38,119,-187,-14796,3836,4172,-992,98,-120,-14832,-3420,5620,-503,144,-151,0
2189.7285890579224,10280,5536,10784,-127,-86,110,9816,-8932,8944,-26,166,-152,-14536,3680,4104,-1010,107,-70,-14776,-3512,5348,-488,117,-143,0
2189.7619180679326,10168,5540,10900,-128,-38,86,9740,-8880,8748,-8,112,-149,-14552,3756,4060,-1031,146,-36,-14784,-3472,5420,-475,102,-135,0
2189.795408010483,10184,5616,10696,-125,-26,105,9716,-8888,9148,-43,121,-163,-14364,3628,4032,-1020,104,-10,-14660,-3556,5596,-504,82,-149,0
2189.8289959430695,10208,5724,10664,-121,-15,72,9724,-8968,9072,-68,117,-167,-14584,3796,4100,-984,108,-81,-14656,-3508,5580,-508,95,-117,0
2189.862316131592,10160,5776,10896,-138,-85,113,9852,-8996,8792,-31,113,-184,-14616,3736,4200,-1004,87,-69,-14696,-3536,5488,-497,144,-146,0
2189.9001331329346,10328,5652,10628,-114,-78,86,9752,-8952,8900,-44,133,-210,-14576,3776,3936,-968,104,-81,-14688,-3484,5588,-482,142,-129,0
2189.9353470802307,10284,5876,10508,-120,-41,71,9896,-8924,8832,-38,128,-199,-14620,3796,4088,-1020,102,-67,-14772,-3524,5564,-483,149,-145,0
2189.971053123474,10216,5644,10852,-120,-64,72,9828,-9128,8972,-25,107,-178,-14660,3752,3940,-1274,77,-113,-14680,-3496,5460,-483,126,-157,0
2190.006236076355,10076,5732,10728,-134,-42,85,9792,-9032,9012,-19,114,-171,-14536,3724,4048,-1015,119,-34,-14776,-3528,5536,-496,119,-150,0
2190.0422909259796,10236,5640,10636,-109,-60,85,9720,-8956,9208,-55,110,-174,-14552,3736,4152,-992,108,-86,-14720,-3448,5432,-484,107,-142,0
2190.0783240795135,10208,5640,10808,-103,-81,114,9832,-8864,9016,-22,127,-187,-14812,3704,4144,-981,126,-68,-14756,-3408,5368,-504,145,-129,0
2190.113641023636,10336,5660,10628,-95,-74,99,9868,-8844,9140,-34,128,-156,-14532,3692,4104,-1006,103,-49,-14712,-3560,5592,-488,98,-146,0
2190.1491560935974,10384,5676,10644,-80,-86,101,9824,-8860,8896,-49,116,-175,-14356,3700,4016,-1034,74,-87,-14776,-3508,5492,-495,165,-142,0
2190.1840219497685,10464,5836,10628,-102,-61,124,9788,-8800,9072,-30,136,-163,-14572,3776,4280,-1006,98,-78,-14660,-3524,5532,-493,129,-150,0
2190.2196440696716,10436,5648,10792,-102,-51,105,9756,-8932,9156,-34,115,-180,-14612,3764,3984,-1019,104,-62,-14748,-3552,5520,-502,119,-145,0
2190.2546639442444,10192,5692,10696,-81,-42,116,9872,-8936,8784,-44,136,-163,-14540,3788,4004,-985,100,-42,-14772,-3492,5568,-492,123,-138,0
2190.2905061244965,10224,5696,10668,-101,-24,94,9780,-8920,8704,-37,117,-165,-14824,3800,4076,-1024,105,-50,-14688,-3460,5536,-489,112,-129,0
2190.325840950012,10244,5396,10500,-142,-32,114,9860,-8916,8712,-23,117,-173,-14788,3668,3992,-992,90,-49,-14716,-3504,5468,-480,144,-138,0
2190.361387014389,10212,5756,10740,-144,-66,123,9488,-8880,9060,-32,111,-167,-14500,3772,4144,-974,117,-56,-14640,-3520,5516,-483,134,-142,0
2190.3962540626526,10100,5664,10724,-116,-56,105,9760,-8912,8968,-27,110,-185,-14640,3964,3972,-1018,91,-22,-14764,-3492,5436,-488,120,-135,0
2190.4324140548706,10164,5624,10840,-116,-66,109,9788,-8716,9184,-28,133,-171,-14504,3800,3948,-1019,114,-94,-14632,-3560,5540,-471,148,-142,0
2190.467996120453,10228,5584,10724,-156,-57,102,9720,-8976,9020,-17,134,-174,-14568,3844,3992,-1015,116,-59,-14732,-3420,5592,-480,166,-115,0
2190.5033061504364,10208,5812,10624,-158,-42,116,9728,-8900,8940,-254,147,-197,-14368,3776,4084,-988,119,-111,-14704,-3508,5472,-499,139,-139,0
2190.538782119751,10220,5732,10548,-168,-57,104,9804,-8940,8884,-7,131,-184,-14564,3696,3856,-1001,99,-96,-14712,-3492,5548,-508,154,-118,0
2190.5722920894623,10196,5664,10880,-165,-66,88,9812,-8936,9008,-30,137,-178,-14580,3828,4072,-993,130,-68,-14680,-3348,5748,-473,141,-90,0
2190.6055340766907,10140,5728,10660,-144,-44,101,9884,-8864,8916,-43,155,-183,-14592,3784,3940,-1003,118,-56,-14756,-3512,5408,-471,135,-117,0
2190.63897395134,10384,5680,10784,-185,-64,98,9844,-8728,9200,-1,167,-168,-14524,4076,4140,-1032,74,-75,-14612,-3444,5532,-503,155,-123,0
2190.6725609302525,10216,5692,10604,-235,-42,126,9860,-8936,9096,251,144,-150,-14512,3724,4056,-1033,98,-104,-14724,-3344,5468,-477,103,-98,0
2190.7059121131897,10220,5800,10572,-167,-9,100,9816,-8868,8908,-71,165,-197,-14608,3828,4124,-970,93,-65,-14692,-3520,5460,-480,122,-97,0
2190.7394540309906,10156,5572,10692,-270,-50,92,9888,-8928,8980,-19,150,-178,-14496,3628,3896,-1000,87,-60,-14656,-3368,5560,-491,158,-93,0
2190.7727410793304,10100,5632,10756,-203,-255,113,9792,-8936,9056,30,164,-129,-14564,3728,4032,-1054,88,-88,-14724,-3560,5580,-487,139,-97,0
2190.8062410354614,10148,5692,10800,-228,-253,135,9736,-8984,9000,6,186,-157,-14560,3780,4028,-994,55,-78,-14676,-3564,5548,-477,118,-111,0
2190.8400440216064,10212,5704,10896,-249,-37,77,9712,-9032,8916,-51,204,-158,-14660,3756,4056,-960,113,-102,-14736,-3452,5552,-455,121,-89,0
2190.8736240863805,10096,5756,10984,-233,-63,134,9824,-9208,9064,-70,170,-184,-14568,3784,4016,-984,116,-99,-14728,-3380,5572,-497,184,-45,0
2190.906818151474,10208,5568,10780,-229,-107,157,9704,-8932,9176,-16,148,-183,-14448,3752,4156,-1018,137,-105,-14672,-3460,5500,-512,201,-75,0
2190.940294981003,10060,5636,10668,-208,-114,145,9848,-8968,8828,-12,141,-224,-14584,3720,4280,-771,139,-145,-14676,-3408,5592,-489,181,-61,0
2190.9738869667053,10184,5648,10988,-195,-133,150,9848,-8852,8984,5,164,-197,-14612,3800,4056,-1277,123,-139,-14700,-3500,5472,-471,192,-101,0
2191.0073981285095,10224,5660,10532,-248,-111,119,9860,-9212,8732,13,174,-211,-14612,3780,4068,-976,101,-149,-14756,-3360,5612,-477,171,-103,0
2191.0410640239716,9992,5664,10940,-214,-120,157,9848,-8908,9148,16,196,-209,-14724,3780,4004,-1033,125,-121,-14720,-3544,5324,-481,140,-66,0
2191.0745799541473,10128,5652,10888,-212,-103,143,9888,-8860,9020,-16,137,-186,-14488,4064,3884,-994,109,-71,-14720,-3352,5524,-474,198,-67,0
2191.1081309318542,10148,5856,10500,-201,-137,106,9816,-8912,8976,-38,139,-200,-14576,3780,4224,-1006,135,-112,-14672,-3516,5588,-471,166,-107,0
2191.1412129402165,10244,5592,10700,-245,-128,120,9820,-8896,9124,-51,135,-205,-14796,3984,4164,-770,129,-152,-14708,-3404,5596,-491,171,-93,0
2191.174716949463,10188,5804,10772,-193,-155,129,9856,-8932,8968,241,127,-218,-14380,3740,4192,-991,64,-106,-14696,-3388,5484,-493,176,-95,0
2191.208426952362,10176,5668,10864,-191,-132,132,9840,-8872,8896,-21,154,-185,-14372,3964,4004,-1026,94,-72,-14692,-3492,5564,-477,159,-99,0
2191.2419109344482,10288,5384,10876,-216,-133,111,9776,-8912,8924,-34,149,-214,-14612,3764,4068,-1010,106,-125,-14644,-3412,5616,-761,163,-94,0
2191.275234937668,10016,5600,10612,-205,-136,125,9796,-8872,9020,6,131,-199,-14580,3808,4008,-781,89,-169,-14760,-3472,5304,-484,183,-77,0
2191.3089010715485,10000,5628,10760,-188,-139,170,9820,-8940,9068,-15,144,-216,-14640,3772,4056,-1009,128,-117,-14604,-3472,5564,-495,170,-107,0
2191.342486143112,10444,5692,10796,-187,-149,147,9764,-8940,9084,-13,111,-197,-14648,3796,4080,-1001,128,-101,-14800,-3452,5256,-492,162,-71,0
2191.3761899471283,10372,5620,10676,-215,-154,172,9828,-8928,8940,-28,145,-176,-14672,3724,4220,-1009,92,-57,-14664,-3504,5196,-759,136,-103,0
2191.4096579551697,10224,5584,10724,-209,-173,140,9744,-8792,8904,-30,109,-208,-14516,3796,3996,-769,100,-106,-14664,-3504,5560,-489,148,-90,0
2191.4431319236755,10336,5668,10636,-171,-88,124,9716,-8832,9148,-48,150,-203,-14680,3628,4304,-991,127,-122,-14700,-3528,5480,-463,115,-113,0
2191.4767870903015,10228,5628,10744,-188,-146,108,9712,-8920,9040,-29,132,-232,-14540,3732,3972,-992,112,-120,-14652,-3472,5540,-501,217,-76,0
2191.510071992874,10316,5508,10664,-191,-113,136,9524,-8792,8940,-11,111,-180,-14836,3892,4072,-1029,123,-90,-14664,-3448,5324,-474,140,-115,0
2191.5434370040894,10328,5636,10636,-184,-119,147,9856,-8772,9100,-4,144,-144,-14684,3652,3868,-1033,82,-43,-14776,-3568,5476,-505,117,-131,0
2191.5808551311493,10220,5608,10688,-182,-61,108,9712,-8716,9028,-40,116,-178,-14572,3656,4108,-946,92,-54,-14784,-3508,5212,-767,83,-147,0
2191.616019964218,9992,5564,10784,-130,-56,81,9732,-8876,8836,-64,137,-154,-14540,3796,4000,-983,123,-61,-14832,-3484,5624,-488,131,-139,0
2191.652274131775,10452,5600,10924,-116,-50,113,9844,-8820,8832,-13,124,-163,-14504,3708,3992,-1046,118,-64,-14688,-3496,5516,-481,178,-161,0
2191.6881890296936,10180,5692,10684,-172,-37,107,9812,-8944,8920,2,150,-152,-14544,3796,3936,-1030,98,-104,-14720,-3500,5340,-470,156,-134,0
2191.723295927048,10308,5388,10984,-152,-33,92,9780,-8832,8992,-42,168,-172,-14644,3768,4044,-988,121,-74,-14716,-3428,5464,-462,155,-128,0
2191.759331941604,10184,5768,10712,-146,-74,86,9836,-8900,9012,-49,137,-157,-14364,3804,4216,-1002,73,-102,-14784,-3496,5468,-476,107,-144,0
2191.794636011124,10288,5688,10580,-139,-13,115,9752,-8932,9092,-11,149,-165,-14556,4048,4044,-1012,97,-90,-14676,-3488,5504,-514,122,-139,0
2191.8303170204163,10200,5596,10956,-147,-11,93,9760,-8908,9016,-49,120,-146,-14376,3680,4148,-1014,124,-43,-14720,-3812,5504,-466,116,-137,0
2191.8655660152435,10152,5688,10604,-150,-39,86,9800,-8920,8972,-67,154,-181,-14788,3696,4348,-994,104,-70,-14708,-3540,5660,-480,116,-126,0
2191.9013791084294,10272,5644,10972,-144,-78,88,9760,-8896,9176,-70,174,-178,-14520,3812,4032,-1008,84,-42,-14724,-3548,5516,-484,158,-130,0
2191.9375369548798,10376,5824,10800,-139,-82,71,9792,-8908,8996,-32,115,-192,-14356,3864,4036,-999,103,-72,-14800,-3440,5472,-513,178,-125,0
2191.973212003708,10240,5404,10800,-129,-60,113,9828,-8868,8976,-29,137,-181,-14720,3796,4036,-1003,102,-71,-14696,-3528,5508,-464,175,-140,0
2192.008840084076,10244,5636,10684,-140,-69,82,9816,-8900,8720,-256,125,-215,-14532,3760,3932,-777,99,-54,-14680,-3336,5540,-507,134,-143,0
2192.0444180965424,10192,5660,10816,-126,-54,78,9800,-8864,8948,-43,145,-182,-14552,3748,3892,-993,87,-90,-14772,-3560,5444,-487,94,-145,0
2192.0802550315857,9984,5392,10772,-100,-77,88,9824,-8980,8736,-41,148,-166,-14652,3896,4096,-1011,70,-50,-14784,-3428,5392,-527,120,-174,0
2192.115352153778,10284,5692,10596,-131,-55,82,9536,-9028,8920,-28,130,-163,-14636,3808,4100,-1275,60,-75,-14760,-3616,5616,-497,102,-140,0
2192.15064907074,10260,5700,10708,-112,24,76,9768,-8872,9028,-67,123,-189,-14556,3728,4080,-998,97,-32,-14652,-3468,5448,-481,106,-165,0
2192.1856520175934,10064,5692,10540,-115,-76,68,9796,-8904,9024,-35,114,-205,-14660,3776,4004,-976,105,-58,-14768,-3488,5428,-475,146,-137,0
2192.222123146057,10008,5648,10908,-74,-28,88,9764,-8924,9004,-249,137,-162,-14592,3844,3944,-1026,113,-46,-14684,-3532,5612,-473,125,-150,0
2192.2558119297028,10232,5680,10812,-117,-9,94,9792,-8820,9008,-28,109,-169,-14572,3728,4108,-1002,78,-94,-14732,-3484,5476,-512,95,-145,0
2192.2890470027924,10204,5688,10812,-107,-40,95,9740,-8916,9028,-71,157,-157,-14348,4028,4320,-955,91,-54,-14708,-3428,5580,-500,116,-177,0
2192.322471141815,10232,5640,10552,-100,-54,87,9852,-8896,9076,-82,122,-177,-14524,3796,4116,-1003,98,-75,-14624,-3536,5464,-498,118,-153,0
2192.3561511039734,10216,5600,10736,-82,-66,107,9516,-8716,9088,-46,93,-180,-14524,3792,4120,-1006,114,-77,-14644,-3484,5584,-505,156,-133,0
2192.389298915863,10224,5652,10524,-110,-79,110,9800,-8960,8832,-256,78,-185,-14820,3704,4080,-1046,112,-84,-14708,-3552,5412,-520,166,-107,0
2192.4228689670563,10016,5652,10992,-85,-61,103,9744,-8912,8936,-11,100,-184,-14676,3696,3944,-1013,105,-102,-14656,-3508,5524,-479,135,-156,0
2192.4565761089325,10168,5640,10744,-143,-73,126,9808,-8840,9028,-30,157,-177,-14540,3804,4092,-1008,91,-68,-14644,-3400,5428,-462,117,-120,0
2192.489916086197,10024,5708,10784,-131,-70,90,9740,-9140,8924,-9,141,-177,-14580,3704,4076,-1276,112,-63,-14796,-3420,5564,-485,129,-145,0
2192.523426055908,10280,5556,10692,-121,-34,87,9656,-8920,8936,248,117,-171,-14552,3848,4036,-1012,93,-44,-14720,-3516,5572,-476,127,-137,0
2192.557121992111,10220,5688,10740,-90,-60,95,9800,-8880,9136,-49,132,-150,-14776,3708,4300,-974,84,-97,-14652,-3536,5396,-517,132,-172,0
2192.5901939868927,10188,5712,10652,-118,-49,60,9916,-8844,9032,-62,124,-170,-14488,3748,4096,-989,72,-118,-14632,-3612,5596,-484,133,-136,0
2192.623731136322,10300,5580,10768,-120,-50,95,9860,-8924,8988,-9,141,-194,-14520,3796,4004,-1004,107,-56,-14688,-3544,5632,-484,146,-133,0
2192.6573381423946,10148,5652,10676,-136,-41,92,9732,-8860,8980,-23,121,-164,-14612,3772,4124,-1016,123,-89,-14700,-3520,5568,-479,156,-125,0
2192.6906900405884,10224,5732,10700,-166,-8,108,9840,-8960,9088,21,132,-163,-14400,3728,3920,-1004,132,-80,-14812,-3520,5604,-468,160,-82,0
2192.724245071411,10220,5632,10480,-169,-47,98,9980,-8912,8748,9,132,-130,-14568,3796,3892,-1013,104,-112,-14648,-3528,5584,-496,130,-87,0
2192.7577819824214,10080,5612,10808,-193,-56,108,9752,-8968,9028,-3,153,-201,-14496,3856,4188,-769,146,-92,-14676,-3548,5400,-477,178,-96,0
2192.7912690639496,10176,5716,10824,-196,-54,117,9760,-8944,9040,-9,139,-172,-14592,3796,4104,-983,109,-66,-14748,-3416,5828,-482,168,-77,0
2192.824898958206,10324,5620,10756,-194,-79,142,9788,-8948,8884,-48,162,-160,-14540,3700,3940,-996,77,-103,-14648,-3524,5472,-762,174,-113,0
2192.858467102051,10128,5656,10720,-295,-141,172,9800,-8836,8916,-46,147,-189,-14536,3820,4052,-1015,65,-119,-14728,-3584,5464,-477,164,-80,0
2192.8917551040654,10080,5716,10688,-203,-47,124,9816,-8892,8884,-82,163,-166,-14520,3748,4052,-982,79,-92,-14680,-3348,5404,-462,135,-123,0
2192.925439119339,10160,5404,10512,-7,-62,100,9852,-9064,9028,-26,186,-196,-14532,3620,3960,-977,85,-54,-14680,-3492,5588,-470,178,-103,0
2192.9589869976044,10460,5388,10688,-269,-250,101,9836,-8840,8976,31,165,-181,-14480,3828,3920,-1025,96,-97,-14708,-3484,5408,-451,176,-89,0
2192.9922890663147,10220,5676,10680,-239,-50,143,9876,-8924,9032,34,179,-189,-14572,3772,3984,-1000,98,-118,-14780,-3504,5552,-451,152,-97,0
2193.0257589817047,10164,5716,10672,-237,-76,144,9880,-8968,8936,-29,177,-168,-14440,3596,4024,-960,88,-133,-14668,-3528,5564,-484,172,-108,0
2193.0593380928044,10088,5656,10804,-275,-115,140,9932,-8920,9036,-40,170,-186,-14408,3788,3872,-976,122,-84,-14744,-3428,5560,-499,137,-74,0
2193.0927510261536,9996,5716,10648,-171,-95,164,9860,-8840,8968,-12,124,-170,-14588,3764,4148,-1020,111,-92,-14628,-3572,5432,-493,178,-83,0
2193.1263699531555,10480,5636,10628,-228,-109,148,9788,-8920,8948,14,150,-202,-14504,3824,3956,-777,138,-92,-14724,-3516,5548,-465,173,-82,0
2193.1622059345245,10244,5640,10700,-200,-100,122,9976,-8868,9032,-5,169,-194,-14660,3744,4144,-1018,128,-148,-14772,-3456,5448,-458,156,-79,0
2193.195775985718,10208,5700,10752,-221,-92,131,9820,-8864,9000,-10,151,-208,-14488,3584,4120,-978,111,-113,-14672,-3444,5588,-451,138,-76,0
2193.2320899963374,10240,5616,10748,-215,-113,116,9528,-8820,8916,-17,132,-202,-14448,3748,4020,-1015,120,-111,-14720,-3436,5532,-489,177,-73,0
2193.2679970264435,10212,5400,10744,-196,-146,164,9784,-8960,9208,-12,99,-229,-14712,3788,3924,-1034,135,-85,-14780,-3580,5508,-491,205,-61,0
2193.303316116333,10208,5528,10720,-189,-129,158,9724,-8800,9052,-37,114,-223,-14484,3696,4156,-988,137,-107,-14712,-3540,5440,-491,182,-100,0
2193.3394551277165,10204,5484,10900,-192,-161,144,9788,-8944,8932,-56,123,-232,-14620,3780,4324,-981,62,-105,-14612,-3504,5260,-486,189,-107,0
2193.3749351501465,10436,5620,10724,-204,-162,125,9724,-8952,8920,-32,151,-192,-14604,3760,3992,-1000,101,-141,-14760,-3456,5532,-462,173,-85,0
2193.4106011390686,10188,5616,10624,-188,-132,164,9716,-8928,8788,-12,134,-195,-14664,3712,3900,-1007,103,-154,-14800,-3460,5488,-517,186,-85,0
2193.4455659389496,10248,5676,10724,-215,-137,131,9868,-8892,9004,-43,118,-212,-14364,3784,4048,-999,110,-103,-14740,-3484,5468,-473,156,-111,0
2193.4817831516266,10248,5624,10848,-207,-163,130,9732,-8888,9184,-32,123,-188,-14520,3748,4048,-1004,126,-99,-14756,-3488,5400,-502,177,-84,0
2193.517683029175,10032,5656,10620,-153,-124,152,9808,-8916,9044,-32,108,-204,-14628,3676,3844,-997,140,-126,-14732,-3536,5432,-505,167,-86,0
2193.5528399944305,10364,5568,10708,-166,-148,125,9704,-8912,8948,-31,127,-196,-14628,3716,3916,-1279,85,-77,-14696,-3480,5508,-494,143,-133,0
2193.5886681079865,10208,5644,10744,-204,-143,101,9820,-8772,9092,-21,164,-194,-14764,3760,4184,-979,94,-116,-14660,-3364,5536,-497,139,-132,0
2193.6235671043396,10220,5592,10708,-147,-71,87,9580,-8868,8744,-104,126,-191,-14816,3704,3856,-995,116,-50,-14840,-3484,5216,-468,149,-154,0
2193.6593270301814,10360,5524,10536,-161,-80,72,9908,-8880,8924,-16,139,-177,-14536,3628,3888,-1037,105,-73,-14700,-3484,5432,-474,152,-157,0
2193.6944451332092,10132,5688,10620,-157,-255,89,9944,-8768,8948,38,128,-140,-14520,3636,4012,-1037,111,-58,-14984,-3420,5452,-481,105,-135,0
2193.7297110557556,10304,5628,10648,-180,9,109,9840,-8860,8960,-36,129,-165,-14824,3788,3880,-1012,72,-79,-14660,-3456,5396,-468,84,-135,0
2193.7650060653687,10300,5568,10928,-194,-57,102,9808,-8880,9076,-48,137,-185,-14680,3896,4084,-975,82,-79,-14748,-3752,5580,-495,110,-140,0
2193.800781965256,10192,5524,10632,-117,-22,93,9796,-8804,8964,-44,170,-146,-14600,3728,4144,-1279,86,-124,-14644,-3484,5540,-259,153,-134,0
2193.8358161449432,10264,5544,10972,-126,-73,88,9788,-8812,9004,-21,115,-182,-14524,3784,4112,-1015,106,-41,-14660,-3484,5508,-506,173,-144,0
2193.8732321262364,10448,5876,10728,-91,-28,84,9812,-8956,8868,-13,139,-182,-14484,3760,4016,-1035,98,-93,-14760,-3460,5508,-471,174,-159,0
2193.906548023224,10224,5816,10896,-163,-89,69,9832,-8936,8848,-254,162,-198,-14568,3756,3848,-1005,103,-109,-14776,-3512,5536,-465,126,-128,0
2193.94012594223,10280,5576,10892,-166,-71,106,9716,-8932,8956,-22,124,-184,-14552,3592,3988,-1005,112,-80,-14748,-3472,5496,-763,124,-148,0
2193.9736690521245,10276,5564,10744,-119,-45,86,9516,-8940,9096,-8,97,-155,-14612,3752,3940,-1010,126,-60,-14812,-3432,5476,-518,115,-133,0
2194.007170915604,10212,5552,10824,-126,-66,90,9712,-8872,9000,-58,109,-170,-14640,3804,4180,-992,107,-84,-14732,-3476,5444,-485,131,-115,0
2194.0405280590057,10272,5652,10804,-143,-66,88,9852,-8820,9088,-48,147,-191,-14832,3736,3848,-1001,137,-114,-14648,-3544,5552,-464,143,-128,0
2194.073986053467,10488,5648,10692,-156,-84,82,9764,-9164,8968,-43,126,-214,-14752,3716,3912,-1003,115,-107,-14652,-3460,5508,-490,158,-148,0
2194.1074600219727,10180,5588,10816,-99,-35,89,9848,-8812,9080,-28,147,-180,-14536,3872,4340,-1013,84,-54,-14664,-3396,5564,-494,126,-155,0
2194.140725135803,10480,5636,10740,-77,-56,82,9824,-8900,8712,-51,113,-174,-14340,3704,3960,-1027,110,-73,-14672,-3572,5548,-492,107,-165,0
2194.17436003685,10228,5816,10816,-94,-42,81,9852,-8864,9164,-51,97,-169,-14552,3816,3856,-1002,109,-91,-14664,-3524,5532,-476,150,-118,0
2194.2080631256104,10220,5624,10808,-133,-61,101,9492,-8896,9044,-32,90,-163,-14620,3684,4060,-1275,108,-97,-14828,-3468,5488,-482,114,-132,0
2194.2417321205135,10180,5652,10824,-94,-72,116,9816,-8988,8956,-38,116,-148,-14360,3652,3912,-1020,102,-32,-14740,-3532,5408,-522,146,-117,0
2194.2750499248505,10292,5660,10640,-111,-101,106,9880,-8972,8996,-35,125,-172,-14616,3772,4036,-1039,87,-67,-14680,-3452,5732,-768,115,-139,0
2194.3084859848022,10252,5604,10616,-96,-33,103,9780,-8832,9108,-39,125,-139,-14628,3660,4092,-996,118,-61,-14668,-3544,5468,-473,100,-142,0
2194.3419151306152,10208,5556,10836,-100,-67,84,9840,-8932,8988,-80,145,-177,-14672,3748,4060,-969,90,-63,-14816,-3448,5372,-473,137,-146,0
2194.37546300888,10268,5620,10772,-137,-35,73,9772,-8852,8960,-21,114,-191,-14532,3776,4076,-1015,105,-103,-14616,-3372,5420,-484,162,-132,0
2194.4091551303864,10176,5376,10972,-113,-45,87,9692,-8816,8992,-18,117,-152,-14340,3764,3912,-770,90,-50,-14692,-3500,5768,-493,116,-123,0
2194.4428141117096,10004,5456,10588,-113,-30,93,9792,-8956,8804,-55,135,-159,-14352,4080,3960,-982,100,-41,-14696,-3788,5608,-485,86,-129,0
2194.4762201309204,10272,5720,10996,-133,-47,107,9972,-8916,8976,-88,134,-157,-14692,3724,4112,-1004,87,-53,-14420,-3416,5476,-495,116,-139,0
2194.509730100632,10152,5876,10508,-122,-81,107,9812,-8992,8728,-59,137,-164,-14604,3868,4032,-1274,124,-83,-14484,-3492,5440,-491,160,-139,0
2194.543386936188,10208,5688,10748,-127,-88,107,9760,-8860,9120,250,117,-182,-14552,3796,4092,-992,96,-91,-14652,-3516,5548,-502,140,-129,0
2194.5771009922028,10196,5776,10824,-109,-57,109,9868,-8884,8912,-18,113,-183,-14628,3768,4028,-1015,127,-91,-14724,-3564,5516,-482,190,-128,0
2194.6105921268463,10200,5688,10688,-124,-101,101,9840,-8980,8924,-12,121,-189,-14612,3780,4056,-982,117,-76,-14760,-3536,5508,-481,137,-116,0
2194.6439650058746,10320,5564,10776,-140,-31,77,9916,-8844,8892,-26,134,-184,-14580,3676,3948,-980,103,-72,-14628,-3564,5552,-484,145,-140,0
2194.6775369644165,10156,5676,10644,-148,-65,75,9884,-8860,9192,-18,128,-180,-14628,3772,4328,-1015,111,-83,-14668,-3416,5480,-469,163,-108,0
2194.7111029624934,10160,5700,10764,-143,-68,93,9856,-8840,8988,-29,110,-165,-14548,3740,4064,-1018,93,-109,-14724,-3548,5508,-480,119,-135,0
2194.744771003723,9996,5664,10608,-128,-37,83,9848,-8908,8896,-50,144,-185,-14632,3776,4092,-1000,111,-91,-14628,-3504,5560,-492,154,-145,0
2194.778300046921,10140,5816,10772,-165,-47,88,9732,-8896,9008,-5,174,-170,-14564,3824,4004,-1016,119,-53,-14672,-3564,5396,-458,150,-113,0
2194.8117909431458,10224,5384,10900,-202,-66,113,9832,-8908,8968,-5,151,-162,-14572,3812,3936,-988,90,-78,-14720,-3440,5500,-458,175,-122,0
2194.845226049423,10172,5652,10932,-207,-77,99,9812,-8860,9084,15,169,-178,-14500,3736,4208,-1013,115,-124,-14764,-3564,5604,-498,161,-81,0
2194.878710985184,10168,5688,10988,-227,-116,137,9792,-9196,9208,-43,132,-204,-14600,3796,4120,-987,131,-107,-14700,-3516,5808,-499,159,-87,0
2194.9232821464534,10120,5740,10952,-176,-134,123,9776,-8900,8972,-78,143,-183,-14352,3768,4072,-987,96,-98,-14688,-3436,5552,-257,162,-88,0
2194.974916934967,10212,5640,10728,-238,-95,133,9748,-8736,9112,-35,176,-202,-14572,3788,3960,-1016,102,-139,-14772,-3476,5516,-441,181,-97,0
2195.019222974777,10148,5688,10708,-249,-55,105,9868,-8832,8784,-31,158,-189,-14396,3748,4164,-954,101,-110,-14700,-3520,5476,-446,128,-55,0
2195.0541689395905,10348,5636,10816,-281,-79,129,9892,-9036,8956,-33,165,-181,-14608,3764,4112,-1012,81,-94,-14696,-3444,5516,-471,201,-82,0
2195.089704990387,10216,5444,10600,-238,-99,140,9780,-8908,9032,4,145,-186,-14504,3752,3868,-999,108,-103,-14772,-3596,5864,-470,163,-63,0
2195.1247861385345,10136,5872,10716,-200,-77,121,9768,-8852,8848,-40,157,-230,-14628,3716,4160,-990,111,-111,-14796,-3500,5536,-492,159,-65,0
2195.160488128662,10460,5520,10792,-240,-119,103,9792,-8844,8888,5,186,-183,-14844,3996,4288,-1023,103,-128,-14796,-3436,5540,-450,169,-88,0
2195.1955699920654,10164,5636,10760,-212,-33,111,9860,-8908,9184,28,151,-156,-14616,3812,4080,-1048,91,-91,-14696,-3536,5452,-483,144,-114,0
2195.23171210289,10192,5708,10728,-199,-83,114,9828,-8772,9004,-26,188,-159,-14396,3768,4112,-973,49,-84,-14848,-3580,5440,-483,94,-82,0
2195.2676069736485,10108,5788,10540,-227,-87,110,9836,-8828,9056,-75,145,-178,-14508,3752,3992,-951,101,-89,-14656,-3400,5520,-479,103,-88,0
2195.302710056305,10176,5652,10716,-201,-163,144,9664,-8916,9036,-38,153,-199,-14548,3752,4060,-1004,146,-114,-14704,-3540,5500,-477,198,-65,0
2195.3385429382324,10304,5608,10560,-215,-152,193,9744,-8884,8948,16,140,-221,-14448,3688,3824,-993,120,-96,-14732,-3428,5376,-502,191,-63,0
2195.373705148697,10180,5532,10584,-156,-121,144,9780,-8888,8832,-26,120,-188,-14572,3724,4156,-1012,140,-106,-14776,-3484,5548,-503,204,-89,0
2195.409404039383,10000,5640,10728,-200,-167,149,9800,-8920,8916,-17,142,-212,-14392,3588,4272,-997,148,-146,-14704,-3460,5468,-493,194,-98,0
2195.4448730945587,10324,5576,10840,-203,-156,124,9960,-8912,9016,-3,149,-225,-14564,3684,3980,-1034,106,-84,-14696,-3432,5496,-489,164,-83,0
2195.4804539680486,10236,5588,10748,-202,-143,140,9820,-8908,8784,-36,134,-199,-14652,3824,4036,-1001,86,-115,-14756,-3568,5616,-492,176,-81,0
2195.5154769420624,10248,5588,10992,-186,-142,162,9784,-8888,9200,-57,114,-202,-14504,3828,4348,-984,106,-74,-14668,-3456,5496,-468,158,-64,0
2195.552896976471,10248,5588,10756,-174,-156,139,9800,-8892,8716,-62,153,-223,-14592,3784,3996,-1010,105,-129,-14780,-3460,5476,-485,177,-112,0
2195.5863730907445,10348,5376,10740,-201,-153,136,9808,-9148,8968,-8,145,-201,-14572,3784,4128,-992,125,-97,-14696,-3456,5420,-486,160,-84,0
2195.6199519634247,10036,5880,10656,-158,-140,118,9808,-8716,9032,-17,109,-192,-14356,3780,3888,-1024,122,-84,-14776,-3456,5480,-487,152,-120,0
2195.653375148773,10256,5552,10660,-189,-138,102,9856,-8816,8900,-53,139,-222,-14568,3776,4212,-1018,108,-105,-14628,-3460,5460,-510,175,-131,0
2195.687042951584,10268,5512,10716,-156,-109,110,9840,-8816,8996,-22,112,-215,-14412,3740,3952,-1020,104,-69,-14704,-3508,5628,-764,166,-125,0
2195.720659971237,10228,5684,10580,-142,-87,109,9780,-8752,9192,-30,125,-177,-14644,3640,3928,-772,91,-112,-14740,-3496,5476,-475,165,-112,0
2195.7541451454163,10268,5564,10548,-177,-70,122,9852,-8852,8916,-26,129,-177,-14628,3788,4088,-1007,136,-106,-14732,-3460,5604,-461,120,-113,0
2195.787598133087,10320,5656,10904,-155,-73,99,9872,-8808,9000,-36,163,-179,-14616,3700,3868,-1051,81,-54,-14732,-3368,5848,-507,131,-93,0
2195.8210899829865,10240,5696,10784,-189,-83,66,9832,-8924,8964,-42,127,-184,-14688,3664,3992,-1032,52,-32,-14696,-3428,5680,-493,78,-142,0
2195.8547389507294,10216,5572,10620,-136,-18,90,9752,-8872,8996,-41,151,-160,-14440,3684,4040,-1021,59,-79,-14628,-3468,5420,-480,90,-142,0
2195.8876440525055,10012,5552,10744,-112,-53,95,9792,-8888,8892,-52,135,-174,-14548,3780,3848,-984,73,-68,-14672,-3488,5492,-510,140,-151,0
2195.9211981296535,10300,5568,10984,-142,-57,83,9736,-8876,8796,-15,119,-155,-14560,3816,4088,-1013,133,-41,-14644,-3472,5416,-473,116,-134,0
2195.9544870853424,10468,5616,10804,-151,-23,86,9852,-8864,8992,-3,122,-118,-14532,3784,4072,-772,109,-40,-14736,-3528,5540,-453,99,-145,0
2195.9880690574646,10324,5424,10708,-142,-72,66,9788,-8876,9112,-24,127,-163,-14640,3740,4016,-973,85,-71,-14848,-3336,5500,-503,94,-128,0
2196.0216400623326,10284,5664,10884,-159,-2,92,9808,-8940,8948,-48,117,-162,-14768,3784,4008,-977,74,-54,-14736,-3520,5516,-484,126,-128,0
2196.05525803566,10340,5660,10596,-87,-49,112,9780,-9092,9088,-48,108,-187,-14604,3700,4084,-776,116,-93,-14676,-3432,5624,-491,145,-141,0
2196.089031934738,10296,5604,10888,-123,-77,112,9856,-8864,9032,-37,150,-181,-14756,3800,4036,-1024,121,-82,-14692,-3420,5460,-478,159,-141,0
2196.1226351261134,10232,5852,10532,-108,-54,65,9972,-8716,9184,-12,135,-192,-14548,3788,4088,-1024,106,-78,-14740,-3500,5568,-482,162,-148,0
2196.1556580066685,10292,5612,10552,-125,-115,92,9800,-8824,9048,-8,147,-209,-14348,3688,4092,-996,93,-151,-14772,-3484,5564,-484,169,-104,0
2196.1892149448395,10196,5576,10700,-148,-33,78,9904,-8748,8980,-46,147,-153,-14340,3752,4208,-1010,94,-84,-14696,-3492,5460,-521,115,-129,0
2196.2227840423584,10272,5612,10740,-120,-34,96,9756,-8820,8744,-252,112,-164,-14364,3760,4004,-1004,133,-57,-14612,-3464,5536,-481,125,-119,0
2196.256474018097,10492,5416,10988,-100,-73,145,9860,-8868,8952,-27,98,-158,-14344,3792,4092,-1012,112,-47,-14692,-3484,5516,-481,137,-151,0
2196.290045976639,10112,5744,10956,-139,-91,99,9808,-8976,8952,-50,119,-202,-14524,4004,4304,-976,109,-81,-14720,-3484,5624,-475,143,-150,0
2196.323801994324,10308,5660,10612,-152,-78,70,9840,-8832,9000,-28,142,-185,-14824,3780,3888,-1021,80,-72,-14680,-3464,5476,-496,137,-145,0
2196.357335090637,10288,5652,10664,-126,-93,96,9884,-8928,9112,-40,125,-186,-14536,3748,4048,-1010,115,-94,-14728,-3416,5692,-260,138,-113,0
2196.390288114548,10068,5392,10664,-87,-51,90,9868,-8860,8928,-27,120,-191,-14488,3928,4016,-1019,98,-82,-14716,-3460,5468,-503,134,-137,0
2196.4239461421967,10288,5604,10732,-123,-61,75,9924,-8976,8996,-19,106,-187,-14468,3720,4016,-1003,107,-20,-14700,-3444,5468,-500,122,-135,0
2196.457597017288,10160,5660,10580,-118,-82,123,9764,-8828,8932,-11,103,-167,-14588,3752,3992,-1017,141,-66,-14688,-3460,5868,-494,145,-117,0
2196.4911630153656,10188,5700,10772,-148,-53,101,9860,-9176,9060,-45,93,-204,-14592,3720,4248,-1000,121,-104,-14796,-3488,5428,-483,144,-110,0
2196.5247790813446,10352,5580,10804,-112,-74,118,9768,-8916,9144,-68,102,-206,-14624,3820,4064,-989,104,-102,-14696,-3504,5524,-534,134,-139,0
2196.5584039688106,10204,5616,10968,-139,-66,106,9880,-8984,8972,-35,131,-177,-14664,3716,4092,-1007,103,-89,-14668,-3556,5584,-476,143,-148,0
2196.594381093979,10404,5788,10552,-88,-34,96,9756,-8844,9012,-41,112,-162,-14524,3708,4060,-987,90,-76,-14644,-3584,5436,-483,126,-118,0
2196.6295001506805,10284,5640,10832,-100,-109,90,9968,-8892,8732,-42,126,-214,-14560,3684,4108,-984,73,-43,-14756,-3332,5408,-507,140,-123,0
2196.665048122406,10156,5836,10712,-152,-8,45,9816,-8884,8864,249,116,-168,-14564,3744,3948,-1021,115,-112,-14700,-3520,5480,-481,154,-146,0
2196.7004821300507,10248,5704,10940,-111,-23,83,9756,-8832,8800,1,134,-178,-14508,3704,3864,-1045,84,-36,-14740,-3440,5376,-490,112,-131,0
2196.7361390590668,10160,5400,10984,-141,-58,81,9784,-8868,9076,-48,136,-170,-14372,3852,3880,-980,80,-53,-14788,-3500,5476,-491,123,-115,0
2196.7717220783234,10232,5676,10720,-178,-66,75,9820,-8912,8936,-73,167,-175,-14628,3868,4076,-995,124,-53,-14756,-3504,5480,-497,127,-147,0
2196.8071019649506,10324,5640,10924,-124,-70,98,9800,-9104,8992,-36,124,-187,-14524,3656,4040,-772,100,-81,-14656,-3552,5376,-260,144,-168,0
2196.8422710895534,10172,5640,10788,-171,-52,101,9764,-8888,8728,-15,150,-187,-14828,3640,4040,-1005,94,-81,-14700,-3536,5476,-503,143,-113,0
2196.8784699440002,10156,5700,10568,-114,-71,88,9868,-8820,9052,-24,128,-198,-14616,3732,4028,-1023,101,-93,-14780,-3556,5548,-474,169,-141,0
2196.913807153702,10260,5768,10548,-139,-39,101,9792,-8836,8940,-20,147,-171,-14412,3764,4264,-1001,124,-97,-14764,-3588,5480,-489,147,-116,0
2196.949168920517,10288,5756,10840,-143,-62,92,9904,-8928,9052,-12,124,-164,-14824,3832,4316,-1000,146,-112,-14700,-3804,5604,-468,175,-151,0
2196.9843640327454,10260,5756,11000,-158,-56,120,9844,-8900,9140,43,132,-155,-14596,3836,3884,-1024,105,-79,-14700,-3508,5524,-513,141,-89,0
2197.0195651054382,9988,5720,10636,-141,-51,122,9808,-8864,8792,-18,138,-189,-14548,3776,3848,-978,99,-87,-14688,-3500,5388,-485,107,-128,0
2197.054717063904,10200,5644,10740,-151,-36,101,9780,-8864,9204,-55,154,-198,-14584,3816,3968,-998,98,-89,-14700,-3492,5484,-456,158,-113,0
2197.0904819965363,10008,5580,10948,-148,-74,93,9888,-8940,8712,-20,163,-157,-14528,3604,3860,-997,90,-104,-14752,-3476,5580,-477,138,-108,0
2197.1255869865417,10208,5712,10960,-165,-29,98,9780,-8960,8756,255,152,-155,-14624,3680,4128,-1021,98,-31,-14644,-3564,5464,-485,148,-104,0
2197.161152124405,10396,5636,10812,-194,-51,125,9860,-8904,9124,-5,161,-175,-14564,3712,4028,-1023,78,-107,-14684,-3472,5584,-492,164,-110,0
2197.196216106415,10200,5876,10512,-220,-46,141,9744,-8852,9056,1,140,-158,-14824,3584,3860,-1003,123,-110,-14744,-3552,5580,-445,194,-74,0
2197.231929063797,10136,5720,10556,-203,-98,138,9804,-8912,9056,-32,139,-183,-14608,3836,4060,-1001,121,-68,-14632,-3528,5592,-505,195,-67,0
2197.2674300670624,10164,5628,10644,-225,-102,140,9864,-8928,9044,-45,152,-182,-14648,3824,3948,-960,129,-106,-14684,-3532,5552,-485,142,-91,0
2197.3008019924164,10164,5764,10968,-245,-66,130,9880,-9052,8936,-22,179,-177,-14492,3792,4028,-992,76,-147,-14708,-3480,5444,-458,128,-92,0
2197.3345160484314,10432,5592,10708,-230,-28,128,9744,-8896,9008,-23,171,-184,-14352,3792,3888,-974,99,-120,-14816,-3472,5552,-464,119,-60,0
2197.3682639598846,10272,5556,10756,-237,-99,124,9836,-8904,9088,-22,138,-178,-14832,3804,4080,-985,52,-90,-14664,-3496,5576,-489,156,-67,0
2197.401365041733,10288,5660,10540,-268,-82,143,9916,-8880,8952,-31,138,-180,-14612,3732,4040,-1018,86,-99,-14680,-3832,5560,-470,147,-83,0
2197.434792995453,10480,5636,10888,-226,-20,116,9852,-8860,9168,-47,160,-192,-14588,3748,4120,-1000,103,-127,-14812,-3560,5804,-461,159,-77,0
2197.468332052231,10260,5624,10772,-227,-118,124,9752,-8864,8716,-30,168,-215,-14836,3764,3912,-1007,65,-118,-14788,-3360,5536,-477,169,-106,0
2197.50172495842,10468,5440,10552,-242,-52,140,9820,-8888,8988,21,157,-172,-14576,3700,4020,-1033,96,-80,-14564,-3528,5520,-469,146,-116,0
2197.5354311466217,10208,5628,10552,-199,-51,121,9772,-8780,8816,26,162,-185,-14652,3808,3888,-1027,77,-30,-14720,-3512,5504,-455,120,-120,0
2197.569159984588,10188,5776,10780,-242,-75,118,9868,-8780,9044,-49,162,-165,-14816,3780,4024,-988,71,-52,-14788,-3580,5624,-497,134,-77,0
2197.6025540828705,10204,5664,10712,-210,-89,149,9740,-8892,9196,-81,150,-171,-14544,3748,4144,-958,101,-114,-14856,-3400,5664,-513,167,-69,0
2197.6356329917908,10252,5580,10952,-154,-102,137,9832,-8880,8888,-40,138,-196,-14828,3760,4344,-1004,104,-115,-14652,-3472,5520,-510,186,-104,0
2197.6693041324615,10148,5592,10732,-213,-122,159,9780,-8904,9040,13,138,-233,-14444,3812,4112,-1029,171,-105,-14744,-3492,5452,-478,185,-75,0
2197.7027509212494,10168,5652,10632,-186,-133,147,9828,-8792,8952,-25,109,-206,-14644,3712,4084,-1046,156,-128,-14760,-3488,5544,-476,222,-80,0
2197.7364931106567,10248,5420,10500,-205,-151,133,9804,-8912,9052,-256,133,-209,-14608,3824,4156,-1005,137,-135,-14756,-3476,5376,-457,188,-74,0
2197.7700431346893,10256,5592,10524,-198,-130,101,9784,-8896,9004,-24,138,-211,-14580,3780,4136,-995,108,-121,-14724,-3512,5476,-502,178,-70,0
2197.8033311367035,10280,5632,10840,-194,-133,112,9700,-8896,9020,-17,116,-174,-14580,3656,4344,-1026,109,-109,-14736,-3372,5612,-262,166,-111,0
2197.8368260860443,10256,5616,10696,-174,-155,150,9828,-8848,9192,-51,137,-196,-14520,3768,4184,-998,121,-86,-14768,-3492,5444,-493,169,-83,0
2197.8704891204834,10464,5596,10712,-177,-127,139,9916,-8836,8772,-84,141,-210,-14652,3668,4152,-957,121,-100,-14768,-3404,5512,-481,141,-103,0
2197.9036059379578,10284,5512,10668,-189,-113,120,9880,-8988,9040,-39,142,-188,-14652,3836,4072,-1274,66,-123,-14736,-3480,5556,-506,178,-88,0
2197.9373309612274,10260,5432,10860,-210,-172,158,9696,-8844,9056,37,117,-180,-14564,3724,4012,-1037,120,-127,-14744,-3528,5532,-454,186,-64,0
2197.971038103104,10108,5628,10720,-160,-88,130,9768,-8892,8968,-34,110,-239,-14344,3824,3876,-1004,149,-132,-14724,-3432,5444,-504,192,-95,0
2198.0043129920964,10324,5836,10632,-157,-159,134,9908,-8988,9072,-40,101,-228,-14660,3792,4044,-991,109,-129,-14724,-3524,5412,-764,181,-101,0
2198.0376429557805,10216,5592,10788,-163,-136,132,9808,-8940,8752,-17,134,-203,-14604,3728,4088,-1004,121,-126,-14688,-3448,5560,-488,142,-120,0
2198.0711719989777,10304,5564,10752,-156,-95,104,9868,-8868,9068,3,121,-172,-14532,3660,4060,-1031,108,-115,-14644,-3408,5524,-497,134,-119,0
2198.1045150756836,10280,5692,10516,-161,-68,136,9812,-8772,8876,-25,115,-165,-14588,3648,4068,-1010,120,-43,-14688,-3444,5516,-506,120,-82,0
2198.137711048126,10176,5536,10676,-148,-58,101,9876,-8820,9096,-50,130,-146,-14680,3760,4136,-1003,83,-70,-14664,-3540,5440,-491,123,-134,0
2198.1771910190582,10264,5592,10836,-183,-62,117,9788,-8840,8996,-18,145,-193,-14556,3656,4020,-1279,93,-78,-14760,-3524,5284,-466,175,-114,0
2198.2108380794525,10268,5484,10712,-142,-61,74,9752,-8972,8872,-11,115,-192,-14836,3692,4036,-1012,122,-68,-14756,-3424,5388,-479,187,-126,0
2198.244199991226,10252,5596,10804,-157,-101,90,9844,-8996,8724,-42,122,-190,-14564,3796,4104,-1003,91,-86,-14720,-3492,5528,-476,124,-104,0
2198.2807919979095,10280,5428,10952,-117,-61,75,9820,-8900,8888,-35,116,-175,-14548,3840,4048,-1000,83,-41,-14712,-3404,5600,-520,125,-150,0
2198.3171210289006,10276,5844,10968,-129,-78,89,9792,-8984,8944,-36,181,-183,-14804,3684,4144,-995,45,-59,-14724,-3476,5424,-480,101,-160,0
2198.3524010181427,10284,5576,10608,-154,-32,86,9784,-8924,8736,-43,136,-146,-14480,3768,4084,-988,110,-97,-14676,-3544,5432,-485,124,-126,0
2198.3878791332245,10272,5688,10756,-172,-43,94,9840,-8892,8964,-39,132,-170,-14356,3744,4048,-1000,101,-119,-14780,-3488,5620,-492,123,-133,0
2198.4228069782257,10200,5620,10916,-147,-80,97,9708,-8880,9168,-45,112,-188,-14644,3660,3964,-1011,103,-92,-14712,-3500,5420,-473,143,-122,0
2198.4587440490723,10268,5624,10716,-116,-76,93,9896,-8884,8992,-44,131,-192,-14848,3768,3900,-1011,120,-82,-14708,-3412,5420,-507,142,-97,0
2198.49408698082,10276,5636,10680,-137,-93,101,9820,-8952,9012,-40,106,-185,-14536,3712,4128,-982,121,-95,-14840,-3416,5500,-488,161,-116,0
2198.530236005783,10232,5656,10708,-123,-89,93,9820,-8992,8988,-37,130,-169,-14836,3812,3848,-770,87,-43,-14792,-3476,5536,-491,139,-144,0
2198.565490961075,10384,5648,10552,-135,-45,82,9764,-8932,9208,-28,143,-173,-14620,3708,3988,-1019,99,-83,-14740,-3468,5432,-502,109,-108,0
2198.6008851528168,10456,5424,10720,-116,-16,88,9808,-8872,8988,-46,129,-144,-14568,3728,4168,-952,104,-57,-14764,-3512,5424,-505,94,-152,0
2198.6358649730682,9992,5384,10932,-95,-24,67,9792,-8880,9124,-79,153,-190,-14624,3768,3912,-960,110,-69,-14696,-3396,5528,-263,90,-150,0
2198.671342134476,10284,5652,10820,-101,-45,88,9812,-8944,9128,-38,111,-172,-14676,3772,4020,-1025,77,-66,-14660,-3544,5612,-494,144,-133,0
2198.706361055374,10216,5600,10640,-113,-40,98,9856,-8868,9016,-56,134,-178,-14564,3812,4060,-1000,102,-80,-14644,-3560,5552,-517,145,-126,0
2198.742247104645,10280,5568,10980,-92,-46,99,9756,-8880,9040,-73,97,-185,-14568,3588,4036,-961,120,-57,-14688,-3520,5528,-498,134,-162,0
2198.7775890827174,10220,5708,10828,-72,-100,79,9832,-8960,8880,-51,101,-180,-14340,3864,4184,-973,94,-119,-14724,-3396,5560,-766,134,-162,0
2198.8133800029755,10460,5844,10516,-65,-89,86,9776,-8900,9068,-50,108,-195,-14612,3744,3944,-770,85,-77,-14796,-3504,5480,-505,160,-130,0
2198.84880900383,10224,5660,10964,-107,-69,96,9776,-8904,8708,-17,124,-195,-14552,3764,4244,-997,108,-95,-14816,-3488,5464,-463,132,-147,0
2198.884346961975,10180,5692,10676,-91,-53,80,9828,-8912,9100,-65,129,-195,-14572,3708,4276,-978,85,-48,-14780,-3476,5480,-474,82,-156,0
2198.9210720062256,10388,5576,10620,-150,-83,68,9928,-8884,8984,-19,94,-147,-14592,3804,4248,-1014,22,-72,-14720,-3508,5588,-514,118,-150,0
2198.954395055771,10180,5680,10988,-110,-67,111,9844,-8864,9040,-255,130,-152,-14632,3716,4300,-1054,97,-71,-14636,-3560,5624,-503,110,-119,0
2198.987792015076,10248,5744,10748,-62,-25,83,9900,-8832,8772,-75,108,-171,-14600,3744,4228,-1001,64,-18,-14664,-3468,5548,-519,92,-129,0
2199.0210440158844,10492,5380,10688,-132,-54,101,9912,-8960,8984,-28,122,-184,-14352,3816,4000,-1021,81,-35,-14772,-3484,5568,-478,151,-160,0
2199.0544719696045,9984,5728,10696,-67,7,99,9840,-8908,8840,24,77,-135,-14792,3772,3944,-1057,56,-75,-14624,-3580,5436,-495,110,-142,0
2199.0882091522217,10028,5716,10988,-87,16,77,9828,-8840,9040,-39,127,-129,-14676,3684,4292,-773,57,-74,-14688,-3520,5600,-495,91,-167,0
2199.121778011322,10420,5700,10804,-143,-13,105,9860,-9024,9000,-65,144,-170,-14548,3732,4096,-986,128,-12,-14716,-3428,5584,-503,62,-132,0
2199.155030965805,10184,5708,10660,-111,-62,128,9808,-8948,8980,-60,107,-163,-14832,3652,3920,-1008,81,-50,-14672,-3544,5536,-485,151,-135,0
2199.1886141300206,10188,5632,10496,-120,-65,112,9936,-8864,8908,-7,106,-161,-14520,3636,4028,-1055,127,-58,-14388,-3536,5596,-488,125,-132,0
2199.2219190597534,10236,5756,10844,-102,-29,99,9728,-8924,8716,-33,75,-179,-14592,3824,4120,-1028,93,-107,-14756,-3572,5484,-489,156,-139,0
2199.255510091781,10232,5720,10808,-98,-64,92,9812,-8972,8984,-37,140,-182,-14584,3708,4188,-1004,107,-114,-14592,-3456,5472,-477,143,-134,0
2199.289188146591,10132,5676,10712,-135,-58,68,9924,-8904,8996,-26,141,-192,-14848,3784,4096,-1018,80,-90,-14728,-3568,5448,-475,153,-156,0
2199.3227231502533,10216,5724,10728,-141,-17,94,9968,-8952,8896,-33,171,-162,-14552,3792,4316,-1016,94,-56,-14648,-3512,5416,-471,164,-129,0
2199.3564150333405,10236,5720,10580,-156,-76,112,9556,-8856,8980,-39,112,-195,-14360,3756,4180,-1006,108,-74,-14668,-3472,5548,-473,167,-120,0
2199.389678955078,10220,5752,10668,-160,-59,94,9800,-8860,8952,-60,133,-193,-14612,3660,3996,-1012,115,-91,-14748,-3568,5376,-467,146,-108,0
2199.4229879379272,10244,5692,10664,-175,-13,104,9884,-8860,9032,-11,165,-168,-14664,3692,3936,-981,83,-54,-14688,-3508,5604,-462,145,-140,0
2199.456624984741,10304,5744,10612,-211,-41,108,9824,-9200,9172,-10,174,-186,-14576,3692,4136,-1024,112,-84,-14708,-3592,5548,-458,146,-93,0
2199.4902291297913,10076,5672,10636,-197,-58,109,9788,-8928,9012,-1,145,-177,-14528,3788,3944,-1005,118,-86,-14660,-3484,5552,-476,180,-75,0
2199.5236089229584,10112,5724,10756,-204,-83,107,9812,-8944,8944,-9,149,-180,-14528,3696,4108,-1019,107,-120,-14708,-3472,5484,-489,168,-71,0
2199.5569109916687,10172,5708,10864,-214,-49,144,9812,-8940,8740,-18,177,-187,-14544,3848,4152,-1016,100,-118,-14768,-3596,5616,-495,179,-86,0
2199.590471982956,10112,5728,10900,-222,-92,136,9780,-8872,9020,8,155,-195,-14604,3744,4020,-785,140,-89,-14652,-3528,5496,-458,177,-63,0
2199.6240289211273,10176,5660,10532,-508,-65,122,9844,-8964,8772,-11,157,-190,-14632,3756,4220,-1039,129,-94,-14688,-3536,5532,-434,173,-90,0
2199.6573951244354,10176,5652,10712,-228,-99,141,9908,-8840,8820,-45,171,-180,-14832,3784,4336,-986,74,-127,-14828,-3552,5644,-469,146,-87,0
2199.6910281181335,10332,5760,10668,-5,-110,117,9932,-9044,8832,-27,162,-189,-14556,3760,4052,-1021,83,-102,-14800,-3520,5528,-484,141,-84,0
2199.724324941635,10144,5668,10680,-252,-98,142,9816,-8860,8888,-25,168,-185,-14644,3764,3988,-1011,76,-92,-14652,-3528,5452,-464,129,-96,0
2199.757941007614,10080,5680,10648,-244,-90,110,9892,-8844,8940,-27,128,-187,-14532,3712,4152,-978,113,-91,-14704,-3492,5464,-466,155,-95,0
2199.791527032852,10240,5640,10956,-260,-109,114,9924,-8864,8996,14,167,-214,-14820,3796,4108,-976,90,-118,-14660,-3428,5548,-473,198,-62,0
2199.825119972229,10188,5672,10692,-246,-67,134,9856,-8864,9040,38,141,-184,-14776,3736,4004,-1042,113,-150,-14796,-3376,5464,-472,186,-79,0
2199.8586349487305,10188,5768,10912,-224,-68,138,9816,-8848,9012,254,175,-172,-14524,3708,4156,-1008,81,-99,-14712,-3552,5600,-485,141,-106,0
2199.891905069351,10288,5664,10928,-507,-103,149,9852,-8864,9008,-48,150,-186,-14600,3836,4168,-945,87,-34,-14748,-3556,5544,-496,106,-84,0
2199.9252259731293,10188,5640,10796,-207,-109,147,9796,-8712,9036,-54,139,-197,-14540,3860,4100,-959,92,-114,-14688,-3364,5396,-496,156,-108,0
2199.9618151187897,10236,5864,10672,-206,-141,142,9776,-8876,8916,-24,144,-201,-14380,3756,3992,-1037,129,-112,-14656,-3548,5484,-482,163,-60,0
2199.9976720809937,10244,5632,10704,-222,-124,167,9792,-8944,9008,-16,107,-213,-14596,3692,4228,-1016,127,-103,-14708,-3448,5476,-480,180,-74,0
2200.0329070091248,10212,5584,10548,-217,-153,125,9828,-8896,8876,9,151,-229,-14540,3796,4052,-993,139,-133,-14732,-3404,5580,-463,193,-90,0
2200.068146944046,10468,5544,10920,-241,-171,155,9792,-8864,9040,-252,152,-223,-14572,3724,4080,-1016,128,-132,-14700,-3448,5496,-469,231,-83,0
2200.1034431457524,10016,5384,10832,-202,-147,137,9808,-8912,8972,19,147,-199,-14484,3756,3872,-1037,128,-137,-14740,-3468,5592,-477,188,-107,0
2200.139333963394,10300,5580,10728,-195,-148,152,9812,-8836,8908,-31,124,-188,-14376,3752,3844,-981,114,-109,-14740,-3452,5620,-487,147,-101,0
2200.174395084381,10264,5408,10824,-197,-153,128,9768,-8920,9016,-55,136,-193,-14524,4020,4256,-956,100,-104,-14760,-3500,5460,-501,154,-83,0
2200.2094209194183,10224,5604,10628,-219,-148,135,9812,-8964,9140,-18,149,-196,-14828,3692,3896,-991,84,-107,-14744,-3400,5548,-486,179,-109,0
2200.244863986969,10300,5380,10496,-212,-154,143,9796,-8924,9068,-13,135,-197,-14348,3744,4068,-1002,100,-133,-14672,-3572,5536,-494,181,-93,0
2200.280972957611,10020,5604,10740,-193,-158,137,9864,-8812,8972,-17,144,-205,-14604,3760,4076,-1005,137,-103,-14704,-3420,5508,-498,168,-105,0
2200.31711602211,10476,5592,10796,-162,-141,116,9748,-8828,9092,-40,89,-205,-14580,3804,4136,-1000,106,-111,-14724,-3484,5484,-510,176,-97,0
2200.3525619506836,10176,5560,10548,-165,-135,128,9800,-8852,9028,-18,121,-192,-14452,3628,3968,-1002,141,-139,-14660,-3476,5120,-482,173,-103,0
2200.388600111008,10132,5508,10664,-161,-130,143,9836,-8832,9192,-80,108,-195,-14652,3804,4276,-967,129,-81,-14796,-3484,5624,-528,139,-88,0
2200.423695087433,10184,5612,10664,-132,-104,106,9880,-8836,8880,-76,97,-185,-14604,3728,4140,-1017,72,-70,-14732,-3552,5404,-514,120,-167,0
2200.459212064743,10272,5652,10700,-141,-78,104,9856,-8780,8948,-3,158,-178,-14564,3720,4084,-1010,73,-13,-14732,-3568,5168,-472,130,-129,0
2200.494147062301,10244,5380,10676,-148,-41,94,9780,-8880,9104,-47,139,-189,-14348,3724,4052,-1014,127,-74,-14744,-3440,5584,-459,142,-122,0
2200.5300879478455,10204,5500,10608,-174,-79,104,9836,-8900,8708,-12,134,-166,-14632,3788,3996,-1043,130,-53,-14752,-3484,5508,-466,151,-124,0
2200.565607070923,10480,5580,10692,-151,-46,126,9820,-8780,8872,34,149,-167,-14528,3636,3952,-773,94,-9,-14676,-3468,5528,-472,91,-144,0
2200.6028001308446,10004,5652,10784,-135,-40,82,9804,-8792,9160,-9,168,-157,-14612,3704,4020,-1015,59,-71,-14664,-3512,5496,-504,75,-158,0
2200.6360690593724,10284,5876,10760,-168,-8,82,9784,-8940,9016,-31,181,-161,-14832,3748,4068,-1018,79,-42,-14640,-3460,5496,-499,121,-147,0
2200.6698060035706,10492,5692,10624,-136,-44,105,9828,-8892,8968,-57,132,-172,-14600,3712,4140,-1016,124,-49,-14752,-3436,5500,-482,125,-142,0
2200.703283071518,10188,5684,10816,-175,-49,93,9640,-8844,8824,-26,133,-192,-14492,3652,3980,-1009,97,-91,-14608,-3520,5448,-492,169,-93,0
2200.737062931061,10148,5536,10668,-120,-60,83,9800,-8976,9012,-23,131,-183,-14636,3660,3952,-1022,135,-107,-14748,-3788,5560,-464,149,-137,0
2200.7703261375427,10232,5552,10680,-144,-124,88,9888,-8728,9072,-30,123,-181,-14584,3764,3960,-995,126,-93,-14672,-3388,5396,-483,146,-126,0
2200.803815126419,10296,5612,10568,-170,-38,73,9732,-9016,9040,-18,141,-194,-14412,3788,4336,-993,118,-70,-14704,-3416,5384,-500,141,-146,0
2200.8373451232906,10220,5700,10840,-133,-71,121,9884,-8872,8944,-5,127,-169,-14652,3716,3944,-1040,112,-77,-14680,-3480,5544,-497,140,-147,0
2200.8708479404454,10280,5624,10512,-125,-44,95,9904,-8768,8840,-42,121,-164,-14624,3740,4208,-1009,107,-101,-14712,-3456,5488,-463,150,-149,0
2200.9041719436646,10308,5672,10816,-137,-31,76,9824,-8916,9116,-44,154,-180,-14588,3684,4044,-985,75,-104,-14768,-3504,5484,-496,155,-150,0
2200.9376981258392,10236,5740,10668,-165,-63,100,9868,-8928,8884,-35,150,-191,-14552,3800,3896,-999,115,-64,-14728,-3456,5540,-480,144,-140,0
2200.971102952957,10252,5636,10760,-143,-88,98,9900,-8888,8716,-24,115,-188,-14660,3808,4080,-1007,122,-46,-14784,-3504,5488,-493,153,-141,0
2201.0045120716095,10256,5660,10740,-105,-63,105,9808,-8844,9076,-25,134,-204,-14480,3772,4096,-1020,130,-103,-14724,-3424,5560,-476,112,-136,0
2201.0381100177765,10268,5572,10720,-95,-41,91,9792,-8852,9104,-42,117,-170,-14624,3840,3980,-997,116,-104,-14684,-3524,5512,-493,146,-173,0
2201.0718441009526,10188,5684,10552,-106,-89,84,9816,-8832,8884,-49,125,-189,-14588,3760,4068,-1017,102,-118,-14700,-3520,5556,-503,157,-160,0
2201.1055629253387,10400,5424,10776,-89,-96,110,9876,-8840,8928,-54,126,-168,-14608,3808,4032,-984,105,-75,-14708,-3796,5548,-522,97,-115,0
2201.1390349864964,10444,5868,10500,-115,-61,116,9748,-8892,8888,-51,149,-175,-14588,3740,4188,-1004,79,-48,-14700,-3472,5584,-766,117,-142,0
2201.1725499629974,9984,5660,10676,-134,-51,105,9532,-8748,9160,-12,81,-178,-14636,3728,4052,-1004,87,-53,-14692,-3472,5492,-497,119,-117,0
2201.205790042877,10448,5740,10568,-124,-46,97,9908,-8872,8932,-91,96,-167,-14624,3744,4040,-998,96,-83,-14800,-3540,5404,-496,94,-146,0
2201.2393300533295,10284,5628,10688,-159,-62,109,9816,-8872,8912,-36,131,-186,-14676,3884,3924,-978,107,-78,-14760,-3456,5544,-490,114,-158,0
2201.273106098175,10280,5628,10864,-120,-40,93,9760,-8848,8932,-8,99,-218,-14520,3700,3992,-1041,62,-31,-14688,-3408,5408,-479,154,-148,0
2201.3067920207977,10244,5644,10776,-135,-11,90,9772,-8820,9000,-19,75,-173,-14404,4060,3896,-998,79,-57,-14828,-3508,5632,-474,104,-123,0
2201.3402380943294,10228,5528,10668,-137,-38,100,9796,-8940,9140,-52,133,-177,-14560,3848,4284,-1003,61,-66,-14656,-3564,5512,-492,114,-130,0
2201.373764038086,10184,5660,10756,-125,-61,114,9764,-8896,9036,-41,91,-161,-14572,3784,4120,-979,111,-98,-14748,-3588,5568,-498,109,-121,0
2201.4068870544434,10076,5620,10632,-125,-57,117,9816,-8936,9060,-36,91,-173,-14556,3800,4028,-1028,78,-95,-14688,-3396,5488,-483,155,-141,0
2201.4405620098114,10180,5640,10760,-146,-43,121,9496,-8916,8860,15,126,-175,-14552,4056,4076,-1044,112,-55,-14736,-3488,5560,-481,147,-128,0
2201.4739761352535,10228,5696,10636,-132,-68,98,9792,-8868,9020,-19,118,-185,-14564,3812,3956,-1002,68,-81,-14772,-3536,5660,-491,161,-143,0
2201.5076870918274,10276,5672,10688,-132,-46,106,9772,-8912,9016,-30,155,-152,-14632,3812,4348,-974,77,-113,-14672,-3500,5524,-489,123,-133,0
2201.541104078293,10348,5656,10804,-155,-29,71,9876,-9152,8792,254,139,-173,-14560,3824,3940,-1024,106,-113,-14688,-3488,5512,-474,168,-121,0
2201.5747940540314,10044,5384,10916,-134,-34,96,9964,-8916,9092,-9,93,-176,-14536,3732,3952,-1004,82,-61,-14684,-3504,5448,-478,165,-141,0
2201.6082279682164,10020,5740,10792,-136,-58,117,9896,-8868,8980,-18,97,-198,-14584,3700,4068,-1005,105,-66,-14672,-3580,5484,-472,132,-127,0
2201.6444280147552,10260,5696,10848,-153,-34,93,9940,-8872,9208,-39,99,-188,-14716,3840,4080,-990,73,-99,-14708,-3500,5520,-487,123,-160,0
2201.679693937301,10292,5660,10832,-169,-43,59,9848,-8940,9052,48,90,-177,-14520,3688,4080,-1028,82,-64,-14696,-3416,5560,-478,132,-108,0
2201.7150859832764,10128,5676,10684,-192,-3,113,9708,-8912,9012,43,97,-162,-14420,3760,4336,-1001,124,-78,-14440,-3416,5464,-481,96,-71,0
2201.7508029937744,10280,5704,10940,-215,-88,126,9808,-8712,9196,11,101,-211,-14620,3808,4140,-990,91,-92,-14736,-3468,5684,-469,178,-71,0
2201.787384033203,10424,5688,10504,-205,-106,147,9916,-8920,8964,-29,95,-171,-14672,3804,4148,-959,93,-73,-14660,-3456,5492,-503,132,-70,0
2201.8229551315308,10300,5692,10780,-144,-80,146,9784,-8764,8972,-10,121,-166,-14548,3720,4048,-775,110,-80,-14416,-3480,5604,-466,107,-63,0
2201.8580601215363,10016,5640,10744,-234,-22,114,9784,-8920,9176,18,155,-160,-14544,3808,4068,-1028,95,-60,-14620,-3648,5548,-474,156,-81,0
2201.8933670520782,10148,5656,10768,-242,-5,128,9816,-8944,8960,-4,162,-165,-14820,3772,4184,-990,90,-72,-14732,-3572,5520,-470,152,-77,0
2201.928719997406,10220,5668,10832,-211,-32,124,9840,-9212,9020,-21,154,-170,-14764,3788,4096,-985,98,-95,-14732,-3476,5508,-493,148,-52,0
2201.9636669158936,10424,5460,10788,-205,-51,132,9812,-8984,9080,-35,142,-165,-14520,3724,4192,-994,103,-105,-14704,-3520,5536,-491,190,-94,0
2201.998754024505,10120,5600,10500,-210,-92,133,9824,-8820,8868,-10,114,-224,-14468,3768,4084,-1002,135,-169,-14688,-3456,5480,-477,203,-68,0
2202.034024000168,10248,5600,10636,-211,-106,158,9816,-8912,9004,12,132,-210,-14624,3800,4208,-1278,102,-147,-14756,-3516,5572,-490,181,-55,0
2202.069654941559,10300,5668,10780,-214,-147,122,9796,-8888,9128,-6,114,-216,-14544,3844,4160,-992,120,-125,-14672,-3524,5832,-466,131,-87,0
2202.1049239635468,10240,5672,10936,-194,-99,121,9840,-9016,9076,-74,168,-193,-14848,3716,4184,-967,73,-78,-14632,-3496,5608,-451,113,-76,0
2202.140221118927,10220,5632,10800,-196,-118,113,9820,-8884,8916,-57,151,-202,-14420,3828,4124,-960,117,-100,-14740,-3508,5452,-469,129,-86,0
2202.1751189231873,10212,5632,10704,-211,-93,164,9968,-8876,8940,-39,170,-197,-14636,3820,4240,-990,130,-109,-14664,-3500,5552,-475,136,-58,0
2202.2102999687195,10312,5652,10780,-168,-152,118,9920,-8888,8988,-58,152,-199,-14672,3724,3988,-1014,170,-121,-14760,-3480,5516,-487,162,-79,0
2202.245006084442,10172,5676,10896,-187,-141,125,9948,-8888,8824,-32,154,-200,-14676,3748,3928,-1020,147,-132,-14692,-3436,5504,-468,178,-78,0
2202.282227039337,10324,5440,10508,-202,-133,156,9828,-8896,8824,-22,151,-205,-14532,3792,4244,-1023,166,-97,-14736,-3572,5460,-470,194,-95,0
2202.315626144409,10312,5380,10708,-192,-155,121,9840,-8848,8860,-28,166,-207,-14548,3740,4180,-1011,131,-91,-14760,-3444,5548,-471,167,-95,0
2202.3492019176483,10272,5620,10644,-183,-109,109,9856,-8860,9040,-48,156,-175,-14612,3696,4104,-1002,123,-110,-14800,-3464,5848,-503,122,-120,0
2202.3825910091405,10320,5600,10896,-159,-99,128,9852,-8812,9112,-51,120,-193,-14352,3832,4332,-1022,108,-129,-14688,-3476,5468,-506,136,-118,0
2202.415838956833,10348,5540,10652,-172,-121,134,9532,-8776,9000,-59,147,-189,-14632,3756,3908,-1026,120,-86,-14684,-3404,5484,-505,154,-114,0
2202.44916510582,10276,5676,10712,-172,-125,117,9764,-8956,8928,-70,116,-200,-14792,4056,3904,-1005,106,-86,-14728,-3352,5464,-466,152,-69,0
2202.4826829433446,10212,5592,10892,-213,-147,152,9848,-8796,9072,-45,140,-204,-14612,3840,4120,-1003,169,-132,-14604,-3408,5540,-462,144,-92,0
2202.515660047531,10412,5528,10540,-197,-175,148,9848,-8892,8996,-35,167,-190,-14524,3784,4052,-1022,120,-129,-14684,-3352,5496,-481,174,-90,0
2202.549232006073,10256,5520,10756,-187,-184,141,9784,-9000,8900,-23,147,-205,-14344,3772,4156,-1010,135,-99,-14820,-3460,5488,-496,208,-82,0
2202.582715034485,10008,5632,10892,-204,-166,152,9864,-8804,9080,-43,150,-204,-14636,3664,4040,-769,106,-133,-14612,-3364,5616,-493,190,-99,0
2202.61638212204,10296,5648,10676,-181,-166,120,9800,-8844,9140,-37,127,-210,-14480,3792,3872,-986,125,-136,-14712,-3516,5452,-498,184,-94,0
2202.649724006653,10360,5660,10676,-206,-159,116,9836,-8772,9016,-39,151,-208,-14672,3684,3972,-996,161,-149,-14716,-3504,5620,-489,151,-121,0
2202.6831369400024,10412,5528,10972,-138,-127,77,9900,-8920,9032,-78,138,-218,-14668,3676,3896,-1000,85,-56,-15092,-3408,5560,-521,120,-144,0
2202.7164421081543,10340,5548,10700,-168,-126,109,9852,-8788,9024,-47,128,-180,-14584,3688,4272,-1006,74,-71,-14704,-3472,5364,-510,144,-138,0
2202.7499380111694,10188,5396,10704,-152,-256,75,9776,-8800,8788,-36,142,-146,-14624,3660,3976,-1022,137,-104,-14604,-3464,5524,-480,151,-111,0
2202.7835190296173,10320,5516,10644,-183,-78,91,9816,-8924,8988,-19,154,-169,-14684,3796,3936,-1013,127,-115,-14760,-3368,5520,-460,167,-118,0
2202.8172430992126,10384,5528,10756,-177,-45,87,9896,-8844,9136,0,137,-161,-14660,3808,3920,-1048,87,-84,-14776,-3488,5448,-480,126,-152,0
2202.850758075714,10296,5664,10624,-116,-43,90,9784,-8800,9184,-26,144,-129,-14348,3708,4336,-1021,49,-14,-14696,-3500,5532,-517,29,-180,0
2202.883896112442,10248,5620,10732,-152,22,77,9852,-8852,9072,-62,166,-133,-14616,3756,3956,-973,61,-37,-14748,-3520,5540,-499,95,-201,0
2202.9173200130463,10024,5872,10976,-156,-18,93,9964,-8864,9056,-44,153,-156,-14644,3676,4080,-1026,137,-97,-14748,-3492,5584,-257,99,-112,0
2202.9508159160614,10372,5592,10516,-116,-40,106,9804,-8820,9176,-45,116,-162,-14644,3816,4008,-1023,143,-45,-14668,-3392,5492,-488,143,-117,0
2202.9845719337463,10304,5608,10692,-117,-76,118,9836,-8760,8820,-51,108,-163,-14540,3764,3972,-1004,131,-29,-14692,-3436,5440,-489,155,-121,0
2203.0177569389343,10320,5628,10628,-141,-74,114,9760,-8852,8984,-46,115,-182,-14512,3676,3932,-963,119,-73,-14676,-3420,5544,-478,128,-137,0
2203.0512499809265,10336,5584,10664,-139,-89,108,9756,-8900,9152,-38,131,-177,-14576,3788,4080,-1003,125,-112,-14656,-3440,5648,-462,154,-134,0
2203.084671020508,10304,5496,10716,-118,-38,104,9904,-8804,8896,-34,161,-171,-14604,3716,3756,-1017,106,-48,-14772,-3460,5536,-496,131,-138,0
2203.1179630756374,10268,5808,10980,-95,-66,78,9880,-8900,8916,-30,110,-189,-14592,3720,4156,-1004,69,-51,-14716,-3520,5620,-492,96,-138,0
2203.1513481140137,10188,5404,10540,-126,-61,108,9832,-8820,8996,-60,112,-158,-14592,3788,3916,-990,82,-64,-14672,-3560,5508,-481,144,-144,0
2203.1877539157867,10324,5460,10544,-145,-91,90,9876,-8836,8716,-48,149,-188,-14584,3780,3960,-998,128,-78,-14692,-3352,5564,-501,145,-142,0
2203.221423149109,10332,5380,10760,-123,-89,72,9836,-8872,8972,-34,124,-185,-14604,3736,4092,-1001,119,-93,-14772,-3476,5604,-485,139,-131,0
2203.255043029785,10256,5512,10720,-111,-87,89,9904,-8880,8940,-37,111,-178,-14556,3700,3972,-996,68,-72,-14692,-3560,5584,-498,168,-137,0
2203.2886991500854,10132,5604,10676,-120,-53,87,9804,-8880,8728,-25,137,-200,-14568,3716,3952,-1003,91,-71,-14728,-3444,5492,-492,118,-135,0
2203.3253960609436,10016,5648,10656,-128,-89,106,9776,-8880,9044,-34,127,-168,-14564,3756,4164,-1015,75,-97,-14688,-3460,5528,-494,136,-148,0
2203.360291004181,10328,5648,10828,-104,-50,130,9808,-8832,9060,-43,102,-183,-14532,3748,4092,-994,134,-61,-14672,-3544,5584,-504,147,-140,0
2203.3954269886017,10288,5636,10816,-119,-43,107,9832,-9160,8996,-61,102,-178,-14820,3828,3996,-1006,113,-75,-14812,-3528,5572,-500,132,-134,0
2203.430818080902,10484,5624,10680,-123,-53,119,9812,-8888,9040,-40,143,-157,-14352,4080,3892,-1020,71,-75,-14712,-3524,5572,-501,99,-151,0
2203.4673559665684,10208,5480,10660,-137,-34,85,9824,-8924,8988,-31,94,-125,-14524,3680,4152,-963,107,-69,-14768,-3608,5620,-506,112,-157,0
2203.502434015274,10292,5740,10684,-99,-54,90,9884,-8796,8896,-93,131,-169,-14812,3656,3992,-976,66,-53,-14840,-3500,5580,-479,123,-145,0
2203.5379910469055,10476,5624,10700,-143,-69,87,9756,-8828,9152,-20,123,-168,-14540,4084,3916,-1030,96,-39,-14644,-3476,5680,-471,141,-149,0
2203.573482990265,10312,5596,11004,-107,-44,95,9856,-8892,9020,-7,127,-154,-14680,3832,3980,-1048,105,-68,-14720,-3568,5604,-478,134,-131,0
2203.608840942383,10296,5636,10640,-132,-28,102,9776,-8908,8888,-56,158,-183,-14520,3756,4092,-1011,100,-7,-14688,-3456,5576,-497,135,-145,0
2203.644452095032,10228,5648,10704,-141,-46,110,9824,-8920,9116,-73,128,-164,-14492,3820,4292,-975,105,-88,-14668,-3468,5448,-507,120,-144,0
2203.680284023285,10196,5580,10760,-114,-96,104,9884,-8772,8772,-45,127,-156,-14340,3852,4212,-1008,97,-69,-14696,-3528,5464,-484,156,-146,0
2203.7156159877777,9988,5636,10604,-128,-56,90,9796,-8736,8912,-11,148,-161,-14524,3812,3912,-1278,102,-87,-14716,-3532,5600,-521,157,-129,0
2203.7512819767,10296,5684,10724,-117,-62,112,9780,-8876,8940,-29,121,-198,-14340,3716,4316,-982,119,-78,-14632,-3556,5600,-496,160,-127,0
2203.7876269817352,10328,5680,10652,-143,-103,118,9884,-8908,9012,-35,130,-184,-14560,3624,4040,-1007,106,-39,-14736,-3536,5568,-498,141,-148,0
2203.8227910995483,10468,5748,10692,-141,-52,80,9868,-8980,9004,-250,134,-176,-14624,3732,4092,-1006,114,-102,-14672,-3788,5496,-499,173,-151,0
2203.858031988144,10492,5716,10676,-134,-44,91,9824,-8900,9016,-42,144,-159,-14452,3748,4320,-996,107,-55,-14564,-3576,5592,-510,183,-142,0
2203.893399953842,10248,5640,10648,-138,-47,113,9912,-8904,9012,-38,129,-150,-14360,3816,4168,-972,87,-84,-14664,-3456,5608,-529,168,-143,0
2203.928708076477,10188,5628,10596,-192,-15,82,9808,-8936,8924,-21,159,-151,-14528,3620,4160,-992,108,-78,-14616,-3556,5488,-484,147,-114,0
2203.9652490615845,10288,5796,10772,-212,-56,100,9808,-8776,9016,-251,168,-178,-14832,3840,4172,-989,56,-101,-14752,-3536,5420,-486,209,-108,0
2203.9987659454346,10492,5480,10500,-212,-33,89,9744,-8928,9028,2,153,-171,-14616,4072,4052,-1023,88,-63,-14736,-3520,5848,-478,161,-82,0
2204.031826019287,10188,5640,10948,-215,-82,117,9744,-8924,8972,6,149,-175,-14564,3928,4116,-992,104,-130,-14748,-3836,5848,-486,194,-68,0
2204.0654151439667,10224,5772,10508,-209,-98,142,9780,-8848,8948,-28,144,-196,-14636,4072,4180,-982,119,-125,-14664,-3440,5572,-494,164,-72,0
2204.0989739894867,10216,5664,10616,-187,-101,103,9788,-8840,8992,-61,142,-181,-14512,4092,4156,-988,99,-101,-14368,-3536,5560,-456,160,-76,0
2204.132157087326,10228,5644,10620,-244,-53,118,9696,-8804,9076,-42,154,-197,-14576,3772,4052,-995,69,-86,-15004,-3444,5568,-458,136,-60,0
2204.1655399799347,10172,5556,10772,-246,-52,125,9900,-8992,8912,-46,197,-146,-14616,3776,3896,-981,73,-100,-14812,-3488,5648,-471,146,-70,0
2204.199243068695,10252,5588,10724,-288,-59,125,9828,-9160,8940,-19,165,-154,-14648,3588,4132,-1009,51,-137,-14652,-3572,5592,-438,171,-51,0
2204.2326760292053,10112,5640,10684,-240,-65,139,9792,-8960,8928,-39,173,-173,-14584,3756,3884,-991,103,-127,-14668,-3416,5560,-430,179,-53,0
2204.2664840221405,10348,5788,10692,-269,-125,161,9736,-8856,9136,-13,170,-205,-14344,3772,3892,-971,97,-95,-14692,-3468,5824,-474,184,-83,0
2204.300082921982,10292,5576,10696,-238,-41,128,9736,-8948,8916,-8,173,-202,-14536,3812,4052,-1016,111,-124,-14768,-3460,5804,-445,187,-65,0
2204.3333389759064,10348,5612,11004,-216,-63,149,9868,-8772,8736,33,168,-159,-14636,3788,4188,-1040,75,-86,-14748,-3776,5872,-469,143,-93,0
2204.3668799400334,10212,5424,10764,-222,-62,139,9860,-8852,8972,-45,193,-139,-14592,3784,4308,-938,58,-95,-14672,-3508,5460,-466,123,-123,0
2204.400428056717,9984,5396,10672,-228,-91,135,9728,-8824,9032,-63,180,-158,-14492,3676,4020,-964,71,-74,-14704,-3508,5604,-477,145,-64,0
2204.4340240955353,10228,5584,10764,-179,-119,151,9772,-8804,9008,-26,144,-181,-14616,3732,4192,-985,100,-87,-14588,-3404,5480,-459,170,-53,0
2204.467579126358,10196,5540,10620,-222,-122,177,9748,-8824,8960,-255,139,-200,-14560,3668,3920,-772,124,-92,-14716,-3616,5600,-475,195,-80,0
2204.5010991096497,10288,5672,10684,-195,-137,139,9560,-8936,9180,-7,155,-215,-14560,3816,3968,-1002,107,-147,-14716,-3404,5672,-454,181,-87,0
2204.534294128418,10260,5588,10880,-229,-161,151,9900,-9168,9024,-22,153,-200,-14808,3808,4012,-1273,130,-115,-14712,-3448,5572,-468,157,-82,0
2204.5675780773163,10220,5480,10816,-205,-143,131,9804,-8888,9092,-20,151,-219,-14588,3832,3884,-1028,105,-93,-14624,-3420,5524,-500,175,-103,0
2204.601248025894,10308,5604,10848,-187,-150,170,9816,-8916,9056,5,141,-195,-14524,3724,4096,-770,123,-71,-14644,-3468,5492,-477,165,-111,0
2204.6345839500427,10008,5572,10636,-209,-127,152,9804,-8852,8936,-43,108,-200,-14848,3756,4196,-993,118,-103,-14732,-3520,5488,-466,164,-92,0
2204.6682529449463,10216,5556,10716,-212,-158,125,9836,-8916,9156,-66,129,-214,-14600,3600,4132,-996,81,-148,-14848,-3448,5452,-472,158,-93,0
2204.7017970085144,10292,5476,10708,-213,-150,120,9852,-8728,9168,-3,147,-220,-14796,3748,4304,-1007,86,-118,-14700,-3448,5488,-462,159,-106,0
2204.735286951065,10356,5548,10728,-194,-150,131,9800,-8828,9040,-39,146,-198,-14692,3732,3988,-996,110,-100,-14684,-3468,5280,-487,179,-113,0
2204.7689940929413,10280,5496,10752,-173,-134,127,9804,-8800,8928,-4,126,-227,-14520,4016,4316,-1025,101,-101,-14796,-3400,5692,-435,179,-80,0
2204.802521944046,10292,5560,10520,-173,-175,140,9824,-8832,9084,-7,130,-206,-14612,3716,4044,-994,117,-121,-14696,-3528,5720,-446,191,-94,0
2204.8361060619354,10268,5604,10744,-215,-184,143,9744,-8992,8872,-32,148,-213,-14600,3672,4012,-1005,162,-128,-14708,-3424,5468,-453,163,-91,0
2204.8697559833527,10328,5760,10656,-150,-171,148,9836,-8740,9000,-68,129,-201,-14668,3732,3956,-987,138,-108,-14792,-3448,5536,-500,152,-126,0
2204.903023958206,10424,5384,10500,-168,-140,112,9844,-8848,8824,-59,110,-203,-14572,3740,3924,-1004,71,-59,-14736,-3440,5452,-496,135,-130,0
2204.936893939972,10368,5624,10636,-153,-79,115,9572,-8780,8916,-56,128,-165,-14596,3676,4000,-1012,80,-52,-14672,-3452,5408,-484,119,-118,0
2204.9701969623566,10292,5616,10508,-161,-66,79,9756,-8836,8856,-45,164,-176,-14696,3760,3996,-1016,82,-74,-14784,-3376,5472,-485,157,-138,0
2205.007430076599,10420,5496,10572,-187,-46,96,9860,-8892,8932,-11,151,-164,-14572,3768,3688,-1027,90,-89,-14624,-3404,5492,-485,152,-124,0
2205.042953014374,10336,5628,10988,-136,-11,90,9968,-8828,8804,6,152,-168,-14640,3708,4112,-1041,81,-31,-14716,-3476,5624,-488,115,-133,0
2205.0782120227814,9984,5724,10680,-153,-24,71,9972,-8832,8744,-43,115,-160,-14356,3784,4344,-1007,62,-19,-14664,-3440,5548,-506,83,-157,0
2205.114947080612,10148,5560,10708,-150,-29,82,9800,-8904,8852,-65,137,-150,-14512,3712,4008,-776,83,-79,-14684,-3488,5508,-497,105,-127,0
2205.1501219272614,10000,5456,10988,-117,-29,104,9792,-8828,8996,-9,168,-154,-14600,3716,4024,-1003,97,-71,-14632,-3500,5476,-494,154,-151,0
2205.1856300830846,10048,5540,10712,-161,-53,117,9892,-8812,9192,-31,138,-184,-14532,3740,3992,-1015,118,-78,-14588,-3476,5624,-476,138,-128,0
2205.221358060837,10224,5632,10724,-115,-41,116,9792,-8828,8832,-48,117,-175,-14548,3736,4212,-1278,117,-67,-14768,-3560,5544,-470,122,-117,0
2205.25767993927,10344,5608,10676,-145,-90,91,9812,-8852,8952,-27,109,-183,-14564,3772,3840,-1006,114,-41,-14704,-3440,5608,-444,117,-107,0
2205.2927889823914,10284,5604,10808,-114,-45,84,9856,-8864,9084,-46,101,-161,-14540,3676,4180,-989,103,-95,-14692,-3460,5452,-472,144,-131,0
2205.3291280269623,10248,5376,10932,-96,-78,86,9864,-8976,8916,-41,123,-167,-14616,3764,4040,-1280,123,-54,-14736,-3460,5528,-486,108,-133,0
2205.364051103592,10264,5512,10712,-92,-63,91,9800,-8808,9076,-48,145,-182,-14600,3708,4124,-991,113,-101,-14732,-3476,5572,-493,146,-149,0
2205.3994140625005,10248,5624,10828,-109,-57,87,9808,-8900,9088,-52,111,-197,-14612,3824,4076,-968,95,-51,-14736,-3440,5524,-473,130,-182,0
2205.4350421428685,10336,5584,10752,-105,-52,62,9732,-8864,8896,-35,111,-176,-14564,3784,4028,-1008,120,-96,-14744,-3492,5508,-492,129,-162,0
2205.470736026764,10280,5580,10700,-115,-42,67,9812,-8828,8940,-59,138,-171,-14572,3844,4120,-1012,92,-75,-14700,-3468,5672,-482,116,-144,0
2205.5061099529266,10244,5576,10724,-88,-68,92,9836,-8884,9100,-30,108,-175,-14544,3772,4084,-1005,124,-64,-14648,-3512,5532,-466,112,-137,0
2205.5417981147766,10276,5612,10804,-112,-62,95,9772,-8860,9056,-5,123,-183,-14536,3816,4068,-1011,118,-86,-14720,-3484,5544,-483,137,-161,0
2205.5778529644012,10336,5568,10724,-100,-89,85,9904,-8892,8864,-42,129,-174,-14652,3748,3884,-993,66,-47,-14788,-3392,5584,-522,131,-166,0
2205.6134190559387,10164,5636,10696,-145,-69,100,9900,-9140,9152,-29,152,-157,-14600,3724,4024,-998,56,-91,-14716,-3436,5492,-524,142,-133,0
2205.6498379707336,10324,5848,10604,-84,-22,96,9788,-8852,8928,-72,110,-141,-14532,3712,4100,-996,82,-44,-14660,-3624,5552,-523,134,-156,0
2205.6834490299225,10296,5384,10560,-128,-82,96,9756,-8828,8984,-73,98,-186,-14544,3752,3972,-987,84,-30,-14720,-3528,5580,-503,126,-128,0
2205.716994047165,10472,5568,10640,-133,-2,86,9808,-8816,8856,-21,93,-167,-14520,4036,4068,-1017,107,-62,-14660,-3408,5460,-475,146,-110,0
2205.7504501342773,10468,5592,10740,-84,-3,96,9856,-8792,9040,-255,114,-157,-14528,3720,3948,-1021,95,-71,-14760,-3436,5804,-486,159,-136,0
2205.7840049266815,10028,5708,10732,-94,-26,96,9948,-8916,8896,-60,125,-158,-14552,3768,4072,-987,103,-24,-14608,-3544,5560,-447,115,-143,0
2205.817353963852,10320,5680,10972,-129,-91,108,9800,-8916,9080,-63,128,-169,-14564,3676,3976,-997,95,-65,-14632,-3404,5560,-500,126,-130,0
2205.8510529994965,10308,5608,10664,-104,-57,113,9716,-8780,9032,-75,101,-167,-14508,3772,4060,-996,112,-59,-14804,-3448,5588,-529,145,-174,0
2205.8841340541844,10444,5520,10740,-101,-55,95,9792,-8856,8988,-7,99,-151,-14540,3780,4160,-1056,79,-82,-14708,-3540,5580,-520,149,-164,0
2205.9177119731903,10436,5772,10748,-88,-21,81,9804,-8868,8912,-40,121,-174,-14532,3752,4168,-1265,107,-64,-14664,-3544,5520,-491,162,-152,0
2205.9512031078334,10140,5616,10664,-103,-72,97,9840,-8908,8924,-28,127,-182,-14420,3752,3996,-992,92,-34,-14624,-3484,5516,-486,134,-130,0
2205.9849030971527,10044,5376,10684,-134,-48,89,9860,-8800,9100,-29,130,-190,-14580,3780,3840,-996,83,-69,-14752,-3488,5460,-261,176,-144,0
2206.0181720256805,10216,5400,10748,-154,-65,87,9836,-8892,9192,-19,120,-182,-14500,3776,4324,-998,94,-72,-14620,-3540,5592,-498,142,-124,0
2206.051759004593,10192,5460,10648,-147,-46,91,9708,-8872,8876,-42,136,-175,-14572,3796,4252,-994,75,-109,-14708,-3516,5632,-501,138,-139,0
2206.0849220752716,10104,5644,10740,-150,-60,73,9864,-8928,9028,-26,180,-192,-14796,3748,4000,-1000,85,-68,-14716,-3492,5632,-469,150,-138,0
2206.118488073349,10320,5692,10508,-187,-32,77,9856,-8904,8940,254,164,-155,-14568,3840,4064,-1009,89,-63,-14696,-3576,5492,-490,128,-121,0
2206.151945114136,10028,5392,10984,-184,-29,87,9756,-8900,8868,23,166,-159,-14456,3832,3916,-769,90,-86,-14544,-3464,5568,-498,157,-109,0
2206.1855340003967,10232,5672,10780,-200,-49,103,9760,-8860,8980,-251,158,-182,-14552,3816,4052,-995,114,-144,-14656,-3580,5548,-506,152,-80,0
2206.2192380428314,10240,5760,10752,-182,-38,118,9828,-8888,9108,-21,139,-194,-14808,3720,4052,-1032,114,-87,-14720,-3412,5868,-476,195,-57,0
2206.252779006958,10224,5588,10788,-228,-83,150,9840,-8848,8912,-21,165,-191,-14524,3816,4064,-1022,123,-93,-14732,-3636,5432,-492,217,-70,0
2206.286381959915,10128,5700,10672,-215,-95,121,9788,-8856,9192,-33,161,-183,-14356,3816,4248,-994,112,-87,-14648,-3580,5652,-452,198,-61,0
2206.32009601593,10020,5652,10800,-186,-51,139,9796,-8820,8788,-65,117,-179,-14368,3608,4236,-977,83,-82,-14700,-3520,5584,-493,166,-69,0
2206.3536169528966,10308,5680,10600,-209,-89,112,9820,-8996,9068,-78,173,-173,-14664,4080,4340,-990,62,-119,-14728,-3484,5584,-517,189,-125,0
2206.3871130943294,10184,5376,10608,-245,-69,127,9864,-8924,9060,-16,173,-171,-14476,3784,3868,-989,101,-143,-14692,-3520,5512,-505,176,-98,0
2206.4207191467285,10176,5736,10892,-205,-35,112,9864,-8812,8952,-53,148,-192,-14380,3656,4124,-981,100,-86,-14660,-3424,5520,-444,198,-69,0
2206.453864097595,10284,5868,10756,-281,-151,132,9836,-8888,9024,-32,144,-217,-14796,3740,3876,-986,114,-107,-14684,-3456,5464,-427,193,-93,0
2206.4874300956726,10376,5544,10584,-244,-81,102,9824,-8876,8864,25,143,-183,-14520,3776,3936,-1039,105,-137,-14648,-3464,5376,-435,160,-68,0
2206.5209851264954,10248,5644,10800,-218,-52,136,9848,-8872,9112,18,161,-179,-14572,3756,4156,-773,94,-137,-14768,-3436,5576,-470,153,-109,0
2206.5544550418854,10188,5704,10640,-246,-45,125,9844,-8860,9004,-29,149,-172,-14516,3784,4092,-975,62,-65,-14696,-3800,5376,-476,121,-77,0
2206.5877339839935,10168,5640,10724,-252,-102,146,9804,-8956,9036,-46,164,-178,-14556,3736,4220,-965,109,-71,-14672,-3480,5516,-492,134,-75,0
2206.6211791038513,10212,5580,10688,-178,-122,140,9828,-8832,9024,-3,135,-197,-14592,3788,3968,-998,89,-159,-14668,-3468,5484,-468,197,-86,0
2206.654317140579,10184,5612,10688,-195,-140,164,9772,-8880,8816,-8,129,-229,-14492,3784,3904,-1012,127,-158,-14636,-3456,5596,-480,191,-66,0
2206.6912479400635,10292,5568,10932,-201,-154,128,9836,-8832,8896,-24,147,-212,-14428,3744,4220,-1004,135,-184,-14704,-3392,5592,-492,191,-68,0
2206.7260620594025,10168,5812,10872,-245,-137,148,9828,-8800,9048,-39,117,-207,-14632,3912,4148,-964,139,-138,-14820,-3508,5596,-723,107,-100,0
2206.76252412796,10204,5640,10840,-281,-70,151,9800,-8916,9072,-4,139,-212,-14552,3604,3960,-1003,160,-88,-14724,-3484,5524,-264,212,-88,0
2206.797995090484,10152,5548,10648,-168,-142,125,9848,-8896,8980,-43,129,-208,-14624,3608,4056,-1003,108,-155,-14772,-3540,5528,-531,159,-96,0
2206.83327794075,10236,5548,10712,-174,-120,147,9784,-8800,9120,-57,105,-202,-14596,3736,4080,-974,90,-118,-14856,-3444,5568,-467,162,-65,0
2206.8688321113586,10308,5556,10708,-168,-147,113,9816,-8912,9144,-86,171,-205,-14572,3808,4280,-982,58,-109,-14840,-3584,5580,-532,150,-105,0
2206.90443611145,10308,5668,10820,-229,-167,141,9848,-8824,9080,14,133,-159,-14556,3636,4168,-769,122,-133,-14616,-3444,5436,-258,165,-95,0
2206.940649032593,10208,5536,10616,-161,-94,147,9956,-8828,9048,-39,98,-207,-14372,3732,4264,-988,141,-105,-14676,-3492,5420,-476,168,-93,0
2206.9771070480347,10336,5592,10732,-200,-163,107,9844,-8956,8996,-26,156,-224,-14700,3884,4088,-772,89,-113,-14756,-3368,5524,-516,166,-105,0
2207.0122010707855,10368,5600,10788,-134,-172,127,9860,-8824,9040,-21,163,-169,-14672,3668,3856,-1005,111,-94,-14776,-3476,5504,-482,151,-97,0
2207.0481491088867,10244,5580,10608,-153,-119,122,9716,-8836,9008,-15,116,-198,-14572,3744,4260,-1004,136,-55,-14640,-3396,5564,-480,128,-101,0
2207.0829911231995,10268,5576,10636,-196,-105,142,9776,-8728,9148,-49,112,-177,-14656,3788,4052,-997,136,-88,-14600,-3536,5400,-508,91,-117,0
2207.1187369823456,10212,5664,10788,-158,-108,126,9744,-8908,8908,-54,87,-194,-14344,3720,4168,-1035,105,-49,-14804,-3452,5592,-259,112,-98,0
2207.1540670394897,10088,5664,10736,-128,-81,122,9764,-8804,8972,-27,118,-177,-14664,3720,3936,-992,148,-97,-14720,-3484,5428,-480,96,-125,0
2207.189171075821,10296,5536,10708,-143,-134,86,9912,-8932,8944,-27,147,-161,-14816,3684,3948,-1004,150,-97,-14760,-3456,5456,-457,134,-97,0
2207.2242100238805,10336,5584,10780,-138,-111,80,9892,-8944,9212,9,119,-189,-14804,3780,4296,-1053,83,-137,-14740,-3492,5560,-515,133,-138,0
2207.259696006775,10328,5560,10724,-138,-84,88,9848,-8752,8760,-15,119,-166,-14640,3776,4096,-1270,95,-72,-14696,-3440,5548,-471,136,-172,0
2207.2946600914006,10240,5504,11000,-137,-82,101,9816,-8828,8936,-37,136,-180,-14532,3672,4216,-1004,63,-109,-14636,-3480,5492,-498,125,-125,0
2207.3306319713593,10236,5584,10652,-149,-46,73,9916,-8720,9064,-45,130,-165,-14540,3780,3864,-989,94,-79,-14720,-3476,5604,-499,110,-132,0
2207.3641970157623,10396,5568,10668,-137,-57,84,9776,-8884,9032,-56,147,-173,-14612,3732,4020,-959,81,-39,-14668,-3528,5492,-514,122,-170,0
2207.3973770141606,10264,5572,10760,-119,-47,83,9748,-8880,9060,-35,157,-151,-14560,3708,4032,-1006,80,-71,-14728,-3440,5544,-510,100,-147,0
2207.4308230876923,10208,5676,10468,-109,-43,87,9812,-8884,9052,-51,123,-165,-14564,3676,3888,-1021,123,-95,-14612,-3452,5556,-496,120,-140,0
2207.464543104172,10308,5572,10724,-86,-63,96,9868,-8924,9052,-46,102,-195,-14560,3716,4020,-1003,141,-89,-14632,-3432,5492,-491,145,-125,0
2207.497777938843,10260,5628,10760,-89,-72,90,9772,-8788,9068,-35,69,-177,-14572,3776,3920,-1021,125,-35,-14608,-3532,5404,-505,130,-136,0
2207.531167984009,10216,5616,10860,-100,-66,130,9848,-8908,9064,-30,115,-187,-14628,3804,4076,-1032,124,-59,-14652,-3492,5536,-513,120,-137,0
2207.5647621154785,10224,5700,10712,-120,-71,114,9904,-8888,9020,-51,134,-181,-14588,3752,4084,-1041,123,-68,-14792,-3464,5524,-471,130,-125,0
2207.5980451107025,10236,5564,10892,-108,-51,109,9916,-8844,8868,-13,129,-172,-14480,3900,4004,-1004,84,-64,-14736,-3532,5424,-511,131,-145,0
2207.631338119507,10116,5716,10716,-121,-53,66,9848,-8752,9048,-45,105,-170,-14416,3808,3980,-1019,78,-26,-14636,-3452,5880,-503,124,-161,0
2207.6648139953613,10228,5552,10640,-69,-51,104,9812,-8884,8992,-32,120,-177,-14836,3720,4100,-976,130,-36,-14728,-3488,5540,-505,126,-123,0
2207.6981279850006,10268,5388,10500,-121,-74,114,9844,-8828,8784,-51,121,-187,-14588,3780,3920,-996,111,-119,-14652,-3528,5476,-492,131,-119,0
2207.731528043747,10284,5408,10640,-123,-65,107,9852,-8904,8784,-39,100,-173,-14464,3768,4108,-1033,106,-99,-14700,-3576,5484,-498,154,-135,0
2207.765032052994,10268,5860,10652,-105,-67,85,9844,-8808,9044,-35,110,-170,-14532,3724,4184,-1003,113,-52,-14724,-3516,5484,-496,143,-168,0
2207.7984540462494,10272,5708,10652,-137,-78,80,9908,-8880,9052,-48,130,-213,-14844,3760,4092,-992,125,-84,-14756,-3560,5596,-488,167,-135,0
2207.8319821357727,10232,5592,10692,-103,-46,72,9792,-8864,8952,-59,130,-195,-14524,3748,4012,-998,91,-81,-14804,-3484,5532,-496,111,-155,0
2207.8655071258545,10288,5592,10664,-148,-66,94,9872,-8776,9048,-50,120,-158,-14664,3832,3940,-998,31,-86,-14672,-3472,5856,-505,133,-129,0
2207.8987431526184,10008,5644,10888,-115,-58,94,9868,-8796,8864,-55,102,-155,-14524,3780,4340,-1017,106,-28,-14644,-3656,5492,-493,108,-153,0
2207.9319570064545,10456,5680,10736,-95,-30,88,9920,-8868,9084,-92,142,-173,-14748,3740,4068,-946,66,-61,-14772,-3504,5460,-500,111,-158,0
2207.9654800891876,10276,5608,10712,-176,-47,60,9860,-8856,8952,-16,125,-150,-14560,3856,3968,-1007,86,-58,-14668,-3468,5560,-455,138,-107,0
2207.999171972275,10484,5388,10732,-117,20,94,9840,-8832,8828,46,122,-150,-14828,3796,3952,-1092,108,-55,-14804,-3512,5604,-481,127,-115,0
2208.0326919555664,10232,5708,10700,-132,3,104,9860,-8868,8928,-29,139,-169,-14516,3708,3952,-1019,75,-47,-14696,-3520,5704,-480,127,-162,0
2208.066190958023,10196,5636,10712,-161,-71,85,9920,-8880,8936,-74,127,-181,-14612,4088,4024,-951,72,-66,-14656,-3388,5588,-468,132,-139,0
2208.0997500419617,10296,5640,10708,-110,-78,92,9840,-8936,8944,-97,138,-164,-14616,3868,4048,-1007,127,-69,-14600,-3432,5652,-487,140,-111,0
2208.133019924164,10240,5392,10520,-134,-85,109,9828,-8800,8944,-13,120,-162,-14508,3748,4032,-1006,105,-92,-14620,-3476,5392,-511,125,-134,0
2208.166573047638,10136,5704,10692,-118,-43,112,9860,-8888,8972,-30,134,-186,-14768,3760,4124,-1034,106,-89,-14704,-3576,5584,-492,160,-151,0
2208.206113100052,10188,5656,10800,-157,-62,101,9916,-8904,8884,-14,126,-188,-14732,3792,4048,-995,112,-98,-14616,-3476,5500,-494,139,-139,0
2208.2401230335236,10052,5760,10696,-155,-44,76,9800,-8740,9152,-23,157,-218,-14620,3756,4124,-1012,135,-94,-14644,-3476,5524,-502,185,-151,0
2208.273623943329,10360,5712,10704,-159,-34,89,9752,-8948,8952,-29,154,-195,-14388,3708,4312,-1027,88,-72,-14732,-3468,5616,-497,173,-122,0
2208.3072030544286,10204,5756,10644,-156,-92,109,9752,-8804,9032,-45,141,-183,-14492,3676,4012,-975,92,-65,-14672,-3572,5444,-468,141,-150,0
2208.3403880596165,10296,5660,10532,-132,-84,98,9488,-8940,8744,-55,129,-201,-14604,3760,3992,-991,108,-63,-14620,-3404,5600,-467,126,-132,0
2208.3781299591064,10004,5680,10496,-168,-53,90,9864,-8892,8848,-11,166,-183,-14412,3788,3960,-1015,96,-105,-14732,-3456,5596,-481,135,-94,0
2208.4134650230408,10304,5660,10584,-211,-19,74,9864,-8864,9164,9,161,-158,-14580,3848,4032,-1003,111,-46,-14672,-3572,5576,-464,173,-96,0
2208.4487891197205,10020,5740,10616,-229,-61,106,9800,-8936,8748,0,180,-182,-14632,3592,4240,-983,114,-136,-14660,-3472,5684,-480,176,-106,0
2208.484144926071,10440,5752,10756,-210,-99,129,9672,-8988,9088,-23,143,-187,-14616,3768,4060,-1000,139,-120,-14688,-3524,5648,-479,196,-55,0
2208.5197060108185,10036,5648,10808,-173,-123,148,9744,-8864,8916,-34,157,-226,-14592,3824,4144,-987,119,-120,-14704,-3540,5696,-514,173,-48,0
2208.5550920963287,10192,5716,10764,-202,-78,126,9892,-8916,8764,-67,165,-190,-14604,3808,4080,-980,79,-100,-14684,-3504,5572,-766,127,-82,0
2208.5904591083527,10480,5564,10780,-264,-53,120,9868,-8940,8732,-21,174,-159,-14564,3768,4228,-1277,64,-98,-14616,-3620,5492,-467,134,-111,0
2208.6256160736084,10188,5676,10692,-243,-41,128,9972,-8912,8992,-12,162,-160,-14536,3804,4028,-984,89,-83,-14592,-3528,5496,-481,138,-69,0
2208.6607251167297,10272,5700,10716,-267,-67,132,9884,-8876,9020,-22,121,-194,-14596,3716,3956,-981,107,-93,-14708,-3332,5508,-477,194,-43,0
2208.6959450244904,10272,5576,10928,-280,-108,145,9860,-8844,8896,8,112,-201,-14832,3760,4028,-984,127,-88,-14700,-3432,5560,-447,216,-86,0
2208.7317731380463,10204,5424,10936,-220,-119,143,9912,-8804,8868,36,144,-186,-14840,3796,3960,-1034,112,-109,-14596,-3500,5852,-471,166,-66,0
2208.767648935318,10332,5648,10844,-230,-93,132,9880,-8876,9132,-18,142,-171,-14620,4092,4176,-980,64,-65,-14760,-3780,5812,-504,140,-91,0
2208.8026311397552,10232,5680,10756,-250,-73,129,9816,-8840,9004,-47,157,-206,-14632,3812,4160,-948,108,-102,-14644,-3436,5492,-522,166,-92,0
2208.838402032852,10476,5640,10936,-205,-73,145,9848,-8788,9192,-45,151,-165,-14552,3708,3876,-1004,109,-83,-14628,-3488,5468,-510,168,-90,0
2208.8735740184784,10192,5656,10528,-216,-82,138,9776,-8912,8872,-6,133,-177,-14536,3744,4056,-1011,106,-155,-14632,-3528,5548,-491,159,-82,0
2208.90926194191,10244,5604,10708,-215,-125,129,9836,-8836,8956,-16,150,-200,-14552,3772,4060,-1025,96,-83,-14800,-3756,5528,-467,195,-104,0
2208.944361925125,10188,5600,10708,-242,-112,135,9880,-8952,8908,-18,153,-202,-14592,3700,4200,-1012,122,-162,-14700,-3348,5516,-428,178,-74,0
2208.980040073395,10444,5868,10780,-213,-148,158,9832,-8908,8708,24,166,-198,-14688,3792,4188,-1055,114,-159,-14600,-3560,5496,-457,234,-74,0
2209.0157339572906,10184,5632,10720,-222,-154,151,9904,-8796,8988,19,125,-187,-14616,3756,4016,-999,118,-116,-14768,-3460,5380,-480,180,-84,0
2209.049245119095,10308,5600,10524,-192,-162,137,9812,-8904,9144,5,150,-213,-14800,3788,4156,-1014,95,-97,-14712,-3464,5544,-489,162,-104,0
2209.0828249454494,10308,5528,10596,-189,-120,123,9892,-8844,9204,0,117,-215,-14544,3824,3932,-982,84,-104,-14848,-3412,5460,-502,177,-112,0
2209.116245031357,10432,5552,10760,-225,-123,145,9932,-8840,8860,-7,151,-205,-14500,3728,3984,-1022,86,-111,-14688,-3388,5436,-458,179,-109,0
2209.1494460105896,10296,5616,10584,-215,-113,129,9976,-8916,9060,7,131,-177,-14552,3776,4032,-1020,66,-103,-14816,-3496,5456,-477,182,-68,0
2209.182781934738,10272,5536,10824,-205,-123,150,9768,-8876,9000,7,149,-199,-14544,3676,3916,-1005,114,-96,-14688,-3456,5448,-472,184,-97,0
2209.216691017151,10312,5684,10588,-222,-149,122,9768,-8832,9012,-15,116,-188,-14612,3788,4004,-1007,111,-76,-14768,-3488,5416,-467,221,-64,0
2209.250218153,10252,5500,10628,-201,-135,173,9908,-8804,8960,-12,117,-208,-14380,3764,3908,-1018,115,-108,-14704,-3436,5520,-475,174,-86,0
2209.283748149872,10368,5520,10600,-192,-147,141,9832,-8800,9144,-20,104,-196,-14504,3820,4036,-1020,104,-130,-14780,-3440,5556,-478,168,-98,0
2209.3173699378967,10296,5516,10628,-208,-147,147,9832,-8860,8992,-5,127,-186,-14552,3640,4140,-1031,100,-122,-14648,-3464,5424,-480,164,-100,0
2209.3509449958806,10476,5436,10832,-146,-85,96,9748,-8852,9032,-44,133,-188,-14564,3724,4204,-951,114,-57,-14632,-3548,5440,-505,156,-118,0
2209.3842921257014,10284,5552,10680,-167,-113,105,9852,-8896,8980,-50,91,-194,-14588,3676,3976,-973,130,-66,-14716,-3356,5488,-489,180,-143,0
2209.4176621437073,10328,5480,10728,-134,-64,118,9840,-8736,8968,-85,133,-191,-14548,3700,4012,-981,76,-78,-14760,-3388,5396,-504,105,-137,0
2209.451234102249,10288,5532,10576,-134,-38,100,9840,-8708,8708,-30,136,-136,-14508,3720,4144,-1030,108,-92,-14760,-3512,5496,-450,115,-103,0
2209.4847681522374,10320,5568,10640,-189,-41,73,9800,-8844,8968,-30,130,-167,-14512,3720,4184,-1019,106,-48,-14784,-3496,5456,-506,97,-143,0
2209.5181801319122,10488,5508,10688,-159,-37,74,9828,-8876,8920,-41,127,-195,-14520,3640,4080,-993,97,-47,-14772,-3524,5392,-539,149,-138,0
2209.5518729686737,10308,5524,10988,-120,-66,95,9852,-8884,9036,-56,154,-203,-14572,3772,4156,-1280,80,-76,-14752,-3440,5452,-476,135,-147,0
2209.585211992264,10072,5508,10588,-131,-48,81,9980,-8800,9032,-20,94,-177,-14340,3736,3992,-1034,91,-81,-14720,-3540,5836,-491,157,-139,0
2209.6186490058894,10484,5792,10980,-110,-58,90,9924,-8788,8908,-11,137,-184,-14544,3780,4180,-1032,121,-97,-14692,-3580,5596,-483,105,-121,0
2209.651927947998,10284,5676,10652,-147,-256,82,9752,-8848,9180,-52,147,-163,-14520,3720,3960,-984,106,-43,-14616,-3456,5860,-492,105,-133,0
2209.6854240894318,10308,5560,10884,-106,-48,99,9832,-8804,9172,-37,140,-155,-14364,3688,4036,-1022,96,-47,-14728,-3496,5540,-476,108,-97,0
2209.718996047973,10160,5556,10956,-154,-47,119,9768,-8820,9012,-44,102,-168,-14544,3668,4040,-1004,108,-102,-14728,-3556,5396,-481,127,-120,0
2209.7526490688324,10484,5572,10668,-115,-68,92,9796,-8808,8988,-88,72,-182,-14396,3716,4212,-964,125,-102,-14664,-3536,5556,-482,154,-123,0
2209.785994052887,10448,5556,10564,-130,-75,97,9876,-8772,9064,-50,82,-189,-14632,3728,4044,-999,130,-68,-14744,-3416,5512,-463,130,-125,0
2209.8195531368256,10336,5616,10908,-126,-52,93,9848,-8788,8928,-56,105,-165,-14816,3816,4196,-1009,104,-56,-14804,-3416,5512,-477,127,-145,0
2209.8530349731445,10284,5620,10736,-118,-49,85,9768,-8856,9088,-15,142,-186,-14696,3832,4068,-773,96,-72,-14716,-3520,5528,-517,121,-137,0
2209.8862450122833,10312,5492,10696,-121,-53,76,9832,-8736,9024,-46,141,-170,-14612,3716,3988,-1010,88,-109,-14716,-3512,5552,-498,136,-144,0
2209.9198429584503,10212,5556,10940,-119,-50,96,9820,-8760,9028,-36,113,-170,-14624,3680,3916,-996,110,-57,-14780,-3508,5504,-478,122,-156,0
2209.953508138656,10300,5568,10848,-70,-29,113,9708,-8884,8852,-52,101,-162,-14580,3728,3876,-1018,107,-52,-14676,-3512,5512,-486,122,-155,0
2209.9871129989624,10348,5496,10708,-104,-60,72,9860,-8824,8992,-34,110,-193,-14540,3752,3912,-1036,87,-72,-14680,-3520,5608,-484,146,-148,0
2210.0202441215515,10004,5852,10752,-92,-29,87,9784,-8800,8948,-32,128,-130,-14544,3820,4004,-1000,89,-76,-14740,-3516,5456,-495,96,-147,0
2210.057698965072,10332,5428,10868,-82,-88,75,9852,-8792,8952,-76,120,-171,-14672,3764,4336,-980,89,-70,-14704,-3548,5528,-509,119,-156,0
2210.0927629470825,10268,5556,10516,-114,-7,88,9864,-8832,9028,-39,115,-184,-14540,3796,4224,-1018,96,-62,-14388,-3464,5468,-476,137,-120,0
2210.1286520957947,10280,5596,10832,-107,3,94,9832,-8772,9108,10,95,-164,-14576,3728,3856,-1058,81,242,-14652,-3552,5604,-763,116,-161,0
2210.1633780002594,10176,5648,10800,-135,-19,92,9912,-8852,8916,-62,141,-141,-14340,3832,3864,-1002,78,-48,-14672,-3492,5616,-489,97,-144,0
2210.1992659568787,10008,5880,10740,-133,-55,113,9808,-8912,9196,-88,113,-167,-14636,3836,4136,-1024,108,-61,-14768,-3540,5660,-499,137,-109,0
2210.2346789836884,10280,5564,10704,-129,-74,114,9796,-8876,9040,-36,88,-180,-14384,3728,3912,-1025,103,-53,-14632,-3464,5300,-506,140,-132,0
2210.27017211914,10420,5580,10652,-93,-41,110,9800,-8796,9144,-31,111,-177,-14340,3704,3984,-1033,148,-77,-14684,-3552,5664,-497,140,-131,0
2210.3055210113525,10080,5400,10580,-82,-71,106,9796,-8840,8852,-51,99,-168,-14580,3816,4288,-1031,124,-76,-14764,-3504,5476,-471,150,-106,0
2210.341211080551,10284,5624,10696,-103,-39,104,9888,-8732,8716,-44,120,-171,-14560,3872,4004,-1009,106,-100,-14684,-3508,5532,-487,140,-96,0
2210.3773510456085,10344,5388,10892,-123,-62,91,9808,-8820,9020,-13,126,-172,-14684,3836,4160,-1280,84,-95,-14732,-3496,5532,-497,152,-141,0
2210.4125161170964,10276,5724,11004,-118,-55,108,9776,-8880,8940,-33,123,-173,-14548,3748,4164,-1007,105,-112,-14644,-3484,5500,-478,139,-117,0
2210.4485800266266,10256,5744,10604,-147,-44,87,9904,-8896,8992,-40,140,-188,-14572,3828,3884,-1012,76,-108,-14644,-3540,5564,-460,120,-152,0
2210.484314918518,10296,5636,10660,-145,-59,82,9808,-8824,9056,-52,142,-188,-14636,3732,3972,-982,81,-74,-14728,-3500,5452,-499,149,-135,0
2210.5197451114655,10300,5744,10756,-134,-25,86,9848,-8932,8760,-14,158,-174,-14484,3908,4120,-1014,92,-127,-14720,-3408,5552,-260,137,-124,0
2210.5550379753113,10168,5536,10716,-135,-61,87,9868,-8872,8892,-20,150,-186,-14684,3760,3896,-1023,107,-71,-14676,-3452,5516,-258,143,-123,0
2210.5902121067047,10064,5628,10712,-143,-48,90,9776,-8916,9136,-16,132,-180,-14628,3792,3920,-1032,100,-110,-14712,-3548,5664,-488,138,-115,0
2210.6255829334254,10004,5436,10728,-166,-50,106,9832,-8916,9056,-59,133,-185,-14548,3660,3984,-990,118,-70,-14604,-3468,5548,-470,180,-118,0
2210.661201000213,10260,5656,10684,-157,-54,109,9844,-8828,9012,-17,122,-188,-14592,3700,4060,-989,121,-85,-14700,-3460,5820,-488,107,-84,0
2210.697746038437,10260,5676,10816,-152,-24,99,9944,-8944,8944,-51,144,-172,-14580,3792,4288,-1023,64,-37,-14720,-3512,5604,-507,144,-114,0
2210.731332063675,10236,5580,10716,-199,-45,120,9860,-8844,9004,-20,165,-175,-14500,4088,3936,-1037,89,-44,-14816,-3480,5620,-477,123,-121,0
2210.764904022217,10192,5688,10908,-185,-248,114,9788,-8808,9164,-5,137,-167,-14476,3652,4036,-1014,107,-76,-14672,-3512,5488,-441,130,-97,0
2210.798423051834,9992,5728,10500,-204,-106,107,9948,-8876,9104,-35,154,-191,-14616,3724,4188,-986,93,-94,-14844,-3472,5612,-483,149,-98,0
2210.832029104233,10316,5628,10716,-224,-57,107,9800,-9000,8812,-1,154,-212,-14552,4076,4140,-1014,98,-79,-14700,-3496,5500,-487,167,-82,0
2210.8654410839085,10080,5544,10584,-208,-40,146,9868,-8840,9032,10,154,-161,-14576,3828,4060,-1029,127,-85,-14744,-3484,5604,-494,150,-83,0
2210.8986909389496,10212,5880,10984,-211,-30,93,9832,-8900,8968,-45,158,-175,-14820,3816,3996,-989,98,-117,-14792,-3484,5544,-492,117,-96,0
2210.9342880249023,10116,5756,10764,-3,-63,121,9788,-9008,8908,-34,193,-211,-14584,3748,4276,-978,77,-120,-14656,-3464,5416,-472,149,-68,0
2210.9680531024933,10292,5652,10692,-212,-56,103,9740,-8884,8988,-49,169,-168,-14556,3776,4088,-1276,114,-81,-14660,-3452,5848,-475,164,-70,0
2211.00159907341,10224,5668,10696,-251,-100,140,9776,-8884,8888,-12,147,-194,-14504,3760,3988,-1016,116,-102,-14644,-3460,5508,-476,175,-94,0
2211.0350689888005,10132,5664,10680,-242,-57,133,9792,-8856,8740,6,157,-206,-14508,3700,4188,-1058,132,-150,-14644,-3432,5432,-431,185,-75,0
2211.068293094635,10232,5524,10740,-242,-86,143,9840,-8900,9040,-7,156,-204,-14544,3848,4076,-1017,148,-159,-14680,-3532,5596,-434,175,-71,0
2211.1018199920654,10036,5876,10808,-217,-124,139,9884,-8888,9012,-17,179,-202,-14512,3764,4068,-1009,125,-115,-14716,-3440,5824,-468,183,-95,0
2211.1352140903473,10020,5736,10788,-236,-107,140,9856,-8872,8880,1,164,-179,-14360,3816,4204,-994,106,-76,-14636,-3536,5748,-475,137,-71,0
2211.1686239242554,10212,5384,10792,-240,-115,140,9812,-8776,8912,-23,148,-162,-14556,3716,4188,-991,90,-121,-14640,-3480,5600,-462,152,-75,0
2211.2022190093994,10024,5648,10744,-278,-92,140,9776,-8888,8952,-25,178,-198,-14560,3724,3932,-1007,119,-119,-14692,-3476,5504,-469,140,-98,0
2211.235738992691,10256,5568,10700,-246,-116,136,9888,-8948,9084,-27,146,-200,-14564,3780,4092,-1002,114,-132,-14760,-3392,5488,-474,170,-66,0
2211.2691321372986,10324,5488,10872,-232,-124,146,9812,-8888,9152,-24,136,-214,-14512,3780,4196,-1017,123,-101,-14752,-3408,5564,-478,170,-85,0
2211.302614927292,10224,5552,10648,-213,-128,161,9860,-8928,9008,-25,148,-189,-14624,3796,4000,-1021,107,-116,-14720,-3536,5528,-487,153,-72,0
2211.336503028869,10316,5560,10724,-197,-133,142,9808,-8772,9080,11,145,-208,-14596,3708,4308,-1033,156,-107,-14760,-3452,5464,-497,134,-83,0
2211.370017051697,10312,5556,10608,-186,-133,134,9828,-8908,9040,-4,145,-194,-14552,3600,4124,-1278,120,-154,-14732,-3496,5480,-483,182,-87,0
2211.4033069610596,10128,5588,10708,-230,-134,119,9828,-8816,8944,15,156,-208,-14564,3684,4036,-1002,120,-115,-14648,-3388,5628,-488,156,-89,0
2211.436891078949,10264,5596,10932,-201,-80,138,9860,-8824,9196,-21,121,-160,-14568,3728,4100,-993,116,-41,-14684,-3448,5480,-499,134,-109,0
2211.4703691005707,10304,5592,10736,-211,-97,144,9804,-9000,9060,-256,141,-207,-14584,3716,4076,-1013,72,-97,-14772,-3432,5500,-491,153,-87,0
2211.5037519931793,10424,5864,10980,-229,-108,140,9748,-8812,8928,23,128,-172,-14584,3696,3976,-1021,107,-126,-14380,-3792,5404,-493,145,-113,0
2211.537222146988,10240,5552,10692,-196,-129,141,9944,-8804,9064,-31,126,-211,-14468,3724,4156,-973,88,-142,-14748,-3436,5820,-468,161,-84,0
2211.570734977722,10380,5572,10996,-245,-169,134,9788,-8864,8884,65,139,-226,-14528,3820,4140,-1036,117,-110,-14684,-3352,5540,-469,195,-82,0
2211.604215145111,10384,5596,10676,-271,-132,155,9816,-8852,9040,38,125,-176,-14788,3768,4092,-1005,108,-67,-14776,-3752,5516,-473,132,-112,0
2211.637237071991,10356,5532,10768,-215,-120,128,9864,-8808,9056,-12,117,-186,-14584,3840,4124,-988,94,-93,-14672,-3348,5604,-505,123,-108,0
2211.670697927475,10236,5636,10748,-155,-134,92,9792,-8888,9136,-61,130,-178,-14544,3660,4060,-986,112,-78,-14604,-3392,5528,-525,130,-123,0
2211.703702926636,10392,5592,10636,-127,-135,117,9844,-8840,8796,-80,131,-191,-14404,3708,3936,-1010,148,-103,-14604,-3420,5504,-490,164,-120,0
2211.741452932358,10340,5528,10596,-155,-124,93,9788,-8740,8928,-34,115,-198,-14356,3776,3892,-1005,132,-121,-14620,-3440,5448,-504,160,-128,0
2211.777552127838,10084,5508,10660,-98,-71,98,9796,-8844,8964,-28,119,-195,-14664,3604,3956,-984,98,-94,-14740,-3520,5460,-490,177,-124,0
2211.8122770786285,10352,5560,10776,-177,-66,84,9852,-8828,9060,254,141,-205,-14616,3808,4188,-770,142,-106,-14752,-3444,5592,-458,151,-110,0
2211.847978115082,10272,5604,10728,-149,-23,84,9820,-8840,8940,16,151,-180,-14624,3696,4112,-776,132,-120,-14676,-3552,5732,-486,165,-114,0
2211.8834190368652,10360,5580,10792,-140,-72,104,9932,-8852,8988,254,135,-164,-14524,3708,4200,-1012,100,-43,-14632,-3456,5408,-517,138,-129,0
2211.9187700748444,10204,5564,10700,-121,-44,95,9848,-8800,9004,-47,128,-164,-14576,3728,4184,-988,84,-56,-14600,-3476,5616,-506,125,-151,0
2211.9540910720825,10344,5668,10844,-95,-66,76,9816,-8932,9016,-69,155,-170,-14568,3708,3972,-945,61,-96,-14712,-3336,5512,-531,115,-165,0
2211.9896280765533,10384,5640,10816,-156,-54,72,9832,-8900,9116,-32,161,-169,-14604,3648,4268,-1031,78,-84,-14588,-3484,5568,-496,135,-138,0
2212.024941921234,10076,5600,10612,-100,18,105,9776,-8828,8828,-62,93,-172,-14552,3628,4084,-965,106,-56,-14648,-3460,5356,-488,142,-109,0
2212.060303926468,10408,5580,10764,-81,-47,100,9800,-8960,8868,-67,108,-193,-14584,3588,4000,-995,130,-96,-14716,-3436,5536,-486,179,-132,0
2212.0955600738525,10312,5628,10720,-127,-103,115,9860,-8816,9088,-36,136,-165,-14648,4088,3852,-974,124,-76,-14832,-3448,5684,-500,129,-138,0
2212.131189107895,10272,5548,10712,-99,-26,104,9952,-8840,8992,6,100,-135,-14660,3788,4024,-1023,135,-56,-14668,-3608,5520,-484,139,-129,0
2212.16717505455,10212,5608,11004,-94,-6,118,9944,-8812,9012,-29,117,-143,-14544,3684,4256,-1039,117,-18,-14720,-3572,5592,-492,115,-147,0
2212.20232796669,10284,5676,10748,-97,-42,102,9820,-8776,9140,-78,106,-149,-14828,3824,4076,-1027,60,-77,-14724,-3496,5460,-488,131,-142,0
2212.238018989563,10480,5688,10720,-94,-23,83,9832,-8776,9196,-60,153,-175,-14660,3756,4244,-1005,70,-72,-14688,-3544,5544,-528,141,-157,0
2212.2736890316014,10348,5600,10716,-82,-72,87,9820,-8788,9016,-31,126,-186,-14704,3752,3936,-1001,122,-79,-14772,-3492,5500,-479,138,-148,0
2212.30960392952,10280,5552,10700,-93,-113,83,9812,-8872,8852,-23,124,-190,-14624,3872,3876,-1018,140,-118,-14728,-3456,5528,-485,182,-146,0
2212.3450949192047,10284,5540,10844,-125,-62,82,9836,-8812,9040,-50,123,-197,-14824,3792,3968,-774,98,-98,-14632,-3556,5632,-488,131,-145,0
2212.381016969681,10284,5672,10660,-102,-69,77,9904,-8792,9044,-70,126,-186,-14604,3704,4124,-769,123,-72,-14804,-3492,5684,-505,135,-149,0
2212.414438009262,10448,5696,10812,-104,-67,97,9784,-8872,9048,-55,137,-170,-14492,3764,3992,-992,112,-25,-14724,-3540,5492,-764,134,-175,0
2212.448084115982,10376,5564,10820,-125,-52,99,9812,-8780,8844,-61,128,-195,-14564,3760,4096,-987,97,-87,-14700,-3484,5404,-494,142,-134,0
2212.4817650318146,10360,5720,10652,-121,-41,73,9864,-8808,8992,-42,132,-152,-14408,3684,4012,-1011,124,-78,-14752,-3440,5464,-490,125,-143,0
2212.515342950821,10252,5448,10516,-117,-59,89,9860,-8832,9004,-31,114,-184,-14528,3772,3980,-1012,95,-76,-14720,-3536,5460,-482,137,-144,0
2212.548696041107,10264,5664,10556,-117,-68,72,9856,-8836,8988,-38,99,-188,-14560,3728,3920,-997,119,-43,-14608,-3512,5504,-491,129,-139,0
2212.5823340415955,10464,5668,10652,-104,-74,119,9832,-8880,9008,-53,115,-178,-14564,3776,4000,-1008,98,-56,-14800,-3456,5512,-488,151,-123,0
2212.6158950328827,10492,5632,10700,-96,-58,90,9764,-8820,9000,-74,118,-153,-14568,3728,3948,-1017,133,-87,-14772,-3440,5504,-490,131,-139,0
2212.6491911411285,10336,5824,10604,-116,-67,107,9864,-8784,8988,-66,120,-169,-14696,3668,3916,-775,99,-109,-14636,-3608,5492,-489,151,-124,0
2212.6827120780945,9996,5872,10836,-138,-36,98,9840,-8884,8856,-58,122,-172,-14684,3688,3980,-1002,97,-63,-14608,-3484,5528,-490,118,-100,0
2212.7158770561214,10256,5520,10732,-127,-45,96,9848,-8936,8988,-27,115,-167,-14492,3768,4280,-1010,87,-64,-14736,-3440,5644,-502,161,-147,0
2212.7487070560455,10052,5420,10956,-138,-80,126,9772,-8748,8992,-23,123,-160,-14544,3760,4016,-1010,110,-94,-14616,-3496,5440,-481,136,-121,0
2212.7823560237885,10252,5632,10708,-131,-65,113,9864,-8872,8988,-51,108,-170,-14660,3816,4084,-993,123,-136,-14760,-3432,5436,-490,159,-116,0
2212.816081047058,10348,5708,10760,-132,-68,113,9784,-8908,8776,-18,128,-207,-14488,3788,4168,-994,94,-105,-14748,-3584,5540,-501,128,-99,0
2212.8496170043945,10324,5604,10460,-115,-76,104,9904,-8852,8980,-29,142,-164,-14708,3796,4160,-1018,98,-51,-14656,-3404,5624,-486,116,-130,0
2212.883057117462,10200,5604,10724,-120,-54,74,9836,-8824,8896,-11,125,-188,-14576,3748,3924,-1010,123,-80,-14620,-3468,5536,-456,140,-143,0
2212.916713953018,10236,5684,10512,-153,-93,67,9816,-8868,9084,-48,132,-199,-14616,3788,4168,-1023,104,-95,-14780,-3552,5560,-447,114,-116,0
2212.9497730731964,10388,5740,10636,-146,-33,86,9856,-8868,8984,-60,151,-188,-14528,3796,4096,-1013,72,-94,-14728,-3496,5588,-469,102,-108,0
2212.9832820892334,10300,5636,10716,-194,-42,94,9840,-8844,8948,-13,155,-162,-14592,3960,3940,-1005,57,-41,-14688,-3364,5588,-481,105,-97,0
2213.017025947571,10332,5624,10760,-198,-47,148,9872,-8812,8928,-2,132,-137,-14788,3680,4112,-1016,115,-83,-14804,-3380,5564,-444,117,-97,0
2213.0505950450897,10208,5564,10736,-204,-109,88,9908,-8888,9176,-57,139,-203,-14540,3836,4292,-981,120,-84,-14420,-3508,5584,-491,147,-96,0
2213.0841879844666,10232,5864,10556,-197,-64,117,9776,-8820,9012,-14,115,-177,-14640,3796,3992,-1036,145,-130,-14676,-3444,5848,-470,181,-83,0
2213.1177201271057,10272,5668,10652,-167,-80,124,9764,-8832,8976,-16,156,-194,-14580,3768,4176,-1042,73,-83,-14340,-3536,5464,-505,148,-108,0
2213.1509959697723,10236,5880,10968,-247,-40,108,9832,-8848,8916,-24,170,-171,-14584,3780,4032,-966,117,-46,-14728,-3488,5624,-432,112,-59,0
2213.1848709583282,10076,5820,10576,-287,-49,123,9804,-8948,9040,-35,147,-177,-14696,3812,4316,-961,111,-44,-14776,-3516,5520,-465,178,-90,0
2213.2219791412354,10208,5628,10752,-237,-76,129,9776,-8904,9088,40,164,-196,-14516,3600,4032,-1037,123,-139,-14648,-3796,5468,-465,142,-71,0
2213.256124973297,10260,5640,10836,-268,-107,149,9744,-8900,8932,61,151,-188,-14544,3700,4092,-1035,138,-124,-14772,-3424,5328,-537,247,-86,0
2213.2898190021515,10356,5404,10892,-293,-97,153,9804,-8860,9196,-36,163,-210,-14748,3720,4068,-976,112,-100,-14592,-3416,5648,-406,282,-74,0
2213.323415994644,10492,5508,10636,-234,-139,139,9780,-8852,9036,38,152,-214,-14788,3808,3960,-1076,148,-136,-14808,-3500,5532,-426,190,-44,0
2213.3569519519806,10472,5628,10664,-318,-61,120,9928,-8836,9020,100,155,-189,-14588,3748,4100,-1050,176,-128,-14796,-3564,5416,-526,197,-95,0
2213.3928229808807,10332,5528,10748,-321,-7,145,9916,-8880,9048,8,213,-174,-14620,3808,4048,-1015,81,-94,-14688,-3808,5608,-768,153,-89,0
2213.4287400245667,10000,5404,10532,-172,-153,138,9788,-8788,9012,-15,143,-198,-14684,3748,4056,-984,137,-135,-14764,-3512,5492,-406,190,-75,0
2213.4642930030823,10272,5596,10708,-212,-166,120,9864,-8792,8980,-17,148,-206,-14604,3740,4332,-981,134,-78,-14792,-3512,5604,-459,154,-81,0
2213.500137090683,10208,5556,10704,-233,-129,151,9836,-8824,9052,-39,168,-188,-14528,3724,4104,-995,113,-141,-14692,-3484,5708,-443,156,-71,0
2213.535555124283,10204,5524,10728,-162,-140,128,9824,-8880,9100,-33,137,-185,-14344,3776,4120,-963,96,-154,-14612,-3376,5492,-394,167,-95,0
2213.571135997772,10248,5512,10648,-148,-138,144,9728,-8860,9096,-44,123,-204,-14544,3684,3872,-1007,61,-111,-14696,-3396,5520,-397,162,-100,0
2213.6071231365204,10164,5528,10760,-128,-147,125,9864,-8880,8948,-23,162,-193,-14532,3640,4208,-1027,72,-147,-14856,-3360,5584,-395,165,-59,0
2213.642354011536,10268,5676,10664,-208,-76,149,9744,-8740,8868,-14,112,-177,-14628,3644,4020,-1027,91,-89,-14704,-3576,5380,-414,110,-61,0
2213.677516937256,10308,5516,10532,-213,-132,160,9912,-8824,8988,-25,137,-175,-14628,3748,3880,-1001,85,-105,-14724,-3520,5552,-446,136,-103,0
2213.713077068329,10348,5552,10772,-222,-136,107,9828,-8824,8984,-23,134,-174,-14580,3720,4100,-1011,68,-69,-14832,-3504,5492,-407,171,-105,0
2213.7493591308594,10364,5756,10892,-199,-111,121,9760,-8876,9184,-64,152,-183,-14636,3672,4104,-971,81,-89,-14732,-3408,5540,-462,166,-108,0
2213.7844989299774,10240,5496,10764,-197,-117,112,9828,-8912,9020,-48,123,-202,-14552,3768,3968,-964,84,-146,-14760,-3300,5556,-456,133,-96,0
2213.8202381134033,10488,5504,10604,-188,-124,121,9844,-8764,8904,-90,88,-184,-14612,3808,4084,-989,27,-71,-14672,-3448,5556,-460,163,-110,0
2213.855493068695,10236,5528,10632,-157,-97,134,9816,-8788,9020,-66,114,-185,-14608,3656,4284,-971,72,-85,-14684,-3464,5608,-454,94,-145,0
2213.891700029373,10328,5504,10732,-158,-123,92,9736,-8852,9032,-82,117,-178,-14572,3776,4016,-983,60,-52,-14652,-3472,5560,-485,106,-133,0
2213.927752971649,10300,5592,10940,-64,-136,102,9804,-8840,8984,-87,97,-165,-14696,3828,3960,-1007,86,-58,-14688,-3508,5124,-459,144,-141,0
2213.9632160663605,10336,5420,10628,-80,-114,90,9808,-8752,8928,-40,98,-202,-14556,3652,3960,-1003,83,-129,-14692,-3428,5552,-408,171,-122,0
2213.998803138733,10336,5588,10548,-93,-101,93,9880,-8768,9064,-29,111,-214,-14576,3772,4144,-994,58,-48,-14700,-3400,5532,-399,158,-131,0
2214.034150123596,10248,5572,10532,-130,-130,82,9868,-8904,8900,-48,139,-199,-14660,3736,4240,-965,79,-64,-14752,-3460,5532,-427,141,-131,0
2214.0694921016693,10424,5604,10780,-143,-69,70,9872,-8808,8952,-51,158,-174,-14580,3688,3956,-991,77,-87,-14832,-3480,5452,-472,110,-150,0
2214.1029779911046,10276,5836,10580,-85,-39,57,9792,-8844,8752,-35,119,-171,-14544,3752,4112,-1014,75,-58,-14764,-3500,5552,-495,100,-152,0
2214.136444091797,10240,5788,10736,-98,-25,84,9776,-8712,8920,-36,115,-191,-14556,3780,4120,-990,66,-3,-14664,-3504,5628,-524,95,-149,0
2214.17018198967,10260,5640,10760,-127,-43,75,9828,-8788,8848,-69,142,-178,-14632,3700,4316,-997,100,-64,-14736,-3368,5600,-482,91,-128,0
2214.2035970687866,10268,5520,10628,-162,-76,92,9788,-8972,8832,-72,132,-176,-14580,3828,4080,-1013,122,-88,-14808,-3388,5408,-473,121,-128,0
2214.2370500564575,10380,5624,10784,-137,-62,112,9840,-8800,9204,-37,111,-169,-14544,3656,4124,-1019,138,-88,-14764,-3492,5440,-519,115,-109,0
2214.2705929279327,10252,5592,10640,-100,-51,98,9948,-8820,8980,-65,146,-165,-14608,3708,3988,-774,131,-56,-14580,-3396,5652,-530,158,-143,0
2214.3042850494385,10344,5672,10744,-103,-93,80,9800,-8856,9008,-44,137,-170,-14584,3776,4320,-1009,160,-33,-14744,-3428,5680,-519,156,-127,0
2214.3377499580383,10316,5592,10512,-105,-44,87,9908,-8808,8940,-44,135,-190,-14376,3672,4228,-1029,144,-80,-14624,-3436,5600,-535,124,-116,0
2214.3712790012364,10452,5608,10656,-119,-56,105,9864,-8860,8868,-32,146,-174,-14676,3792,4016,-993,104,-65,-14680,-3492,5664,-542,104,-166,0
2214.4045219421387,10316,5592,10748,-143,-46,66,9916,-8768,9028,-26,171,-172,-14640,3748,4132,-1005,113,-63,-14680,-3476,5476,-530,121,-179,0
2214.43793797493,10092,5692,10684,-109,-26,91,9792,-8744,9124,-36,128,-145,-14644,3676,4292,-1034,102,-55,-14648,-3440,5680,-546,137,-140,0
2214.471496105194,10360,5668,10744,-151,-59,76,9776,-8824,8720,-59,153,-176,-14392,3764,3996,-1001,137,-39,-14608,-3440,5480,-520,158,-155,0
2214.5052340030666,10040,5588,10636,-131,-21,94,9864,-8828,8856,7,104,-171,-14496,3784,4340,-1008,127,-53,-14704,-3436,5568,-507,169,-135,0
2214.538744926452,10184,5724,10664,-132,-23,72,9844,-8868,8948,-3,104,-172,-14528,3676,4104,-1035,115,-85,-14468,-3484,5700,-522,122,-120,0
2214.5723321437836,10332,5632,10732,-138,-17,75,9812,-8920,9144,-51,135,-189,-14552,3772,4108,-978,77,-93,-14696,-3448,5556,-543,148,-139,0
2214.605787038803,10320,5700,10788,-176,-58,82,9844,-8812,9032,-53,114,-174,-14820,3696,3844,-974,96,-81,-14848,-3488,5376,-547,160,-144,0
2214.6387090682983,10340,5676,10784,-107,-48,82,9824,-8856,9012,-48,105,-173,-14580,3856,4180,-1012,154,-69,-14660,-3444,5532,-487,150,-157,0
2214.6725029945374,10248,5644,10580,-118,-46,104,10020,-8828,9008,15,114,-180,-14592,3788,4096,-1051,157,-127,-14716,-3492,5604,-528,175,-108,0
2214.705901145935,10340,5596,10652,-125,-62,108,9916,-8904,8704,-15,118,-178,-14372,3824,4024,-778,128,-69,-14720,-3460,5536,-505,175,-142,0
2214.7390899658203,10260,5636,10656,-132,-55,84,9824,-8792,9044,-42,139,-189,-14684,3724,4116,-1275,133,-36,-14672,-3396,5512,-763,159,-125,0
2214.7726039886475,10372,5608,10764,-134,-37,106,9796,-8864,8972,-46,136,-154,-14612,3748,4064,-1009,152,-77,-14684,-3476,5616,-526,161,-124,0
2214.8061900138855,10252,5608,10624,-112,-59,116,9764,-8844,9160,-16,138,-172,-14780,3736,4184,-1020,130,-93,-14744,-3460,5776,-516,125,-129,0
2214.839255094528,10136,5716,10516,-119,-44,92,9776,-8908,9004,-30,127,-160,-14504,3684,4284,-996,88,-73,-14672,-3512,5792,-509,117,-162,0
2214.8729910850525,10252,5684,10812,-132,-76,98,9840,-8812,8892,-51,143,-182,-14644,3716,4148,-1012,86,-54,-14708,-3480,5560,-497,132,-126,0
2214.906234025955,10276,5628,10500,-146,-70,81,9888,-8820,9176,-43,156,-185,-14504,3840,4144,-992,103,-70,-14660,-3456,5532,-498,154,-130,0
2214.939788103104,10044,5676,10988,-126,-44,90,9896,-8852,9040,-23,142,-182,-14356,3868,4248,-1279,120,-96,-14612,-3524,5632,-501,159,-135,0
2214.973410129547,10176,5624,10796,-131,-57,109,9896,-8852,8964,-30,140,-196,-14644,3796,4312,-1003,114,-101,-14752,-3488,5488,-513,136,-135,0
2215.0070490837097,10252,5548,10756,-162,-47,88,9904,-8856,8948,-27,144,-183,-14588,3796,4128,-996,104,-64,-14760,-3560,5500,-495,161,-124,0
2215.0405230522156,10236,5620,10752,-165,-70,98,9940,-8860,9060,37,147,-172,-14560,3764,4088,-1008,133,-64,-14696,-3528,5488,-495,130,-128,0
2215.0775611400604,10488,5708,10452,-141,-74,95,9904,-8804,9112,-14,169,-86,-14568,3624,3916,-1030,158,-79,-14672,-3376,5568,-511,131,-136,0
2215.1128630638123,10336,5616,10640,-194,-88,104,9812,-8860,9032,-249,141,-162,-14600,3720,4060,-1036,101,-47,-14688,-3360,5492,-486,160,-157,0
2215.1481599807735,10160,5696,10596,-167,-42,112,9792,-8768,9048,18,151,-144,-14388,3784,4148,-1015,113,-67,-14760,-3536,5428,-481,106,-107,0
2215.1836421489716,10288,5640,10876,-168,-53,99,9848,-8852,9064,-60,155,-180,-14604,3788,4240,-970,87,-21,-14748,-3516,5756,-486,110,-141,0
2215.2191541194916,10204,5668,10512,-167,-252,98,9848,-8832,8916,21,118,-146,-14512,3772,3936,-1013,81,-77,-14660,-3408,5436,-451,157,-129,0
2215.2538521289825,10428,5672,10512,-164,-29,103,9800,-8756,8896,-3,139,-164,-14524,3792,3892,-1050,72,-62,-14672,-3516,5508,-496,147,-124,0
2215.289705991745,10184,5756,10520,-219,-29,89,9932,-8864,8912,-95,158,-174,-14532,4076,3944,-940,49,-102,-14836,-3556,5712,-479,149,-115,0
2215.3245019912724,10212,5416,10692,-254,-75,106,9816,-9184,8920,-30,170,-171,-14584,3764,4192,-964,130,-98,-14672,-3520,5592,-480,153,-55,0
2215.360589981079,10256,5712,10612,-201,-91,141,9736,-8768,9116,-22,121,-176,-14552,3724,4112,-995,88,-162,-14728,-3516,5492,-487,202,-60,0
2215.395569086075,10180,5616,10512,-233,-103,141,9760,-8872,9152,22,147,-197,-14500,3760,4008,-1011,127,-74,-14636,-3436,5740,-490,164,-74,0
2215.4312970638275,10236,5648,10840,-234,-99,116,9764,-8824,8820,-33,136,-194,-14536,3776,4168,-1005,106,-140,-14724,-3432,5636,-499,163,-61,0
2215.467554092407,10232,5660,10712,-509,-57,120,9888,-8960,8988,-36,175,-181,-14612,3964,3880,-990,115,-129,-14752,-3444,5688,-464,161,-72,0
2215.502350091934,10176,5704,10536,-255,-96,128,9896,-8744,8884,-17,186,-200,-14824,3836,4012,-993,79,-145,-14672,-3496,5428,-492,180,-90,0
2215.5377950668335,10188,5592,10504,-249,-81,140,9896,-8796,9032,-6,177,-206,-14532,3708,4088,-1004,145,-80,-14700,-3540,5524,-451,166,-75,0
2215.5727810859685,10260,5624,10548,-255,-112,164,9800,-8896,8972,-29,146,-200,-14560,3708,4124,-1009,140,-140,-14800,-3336,5648,-456,168,-72,0
2215.6082141399384,10360,5648,10720,-202,-123,101,9812,-8824,9008,-56,167,-195,-14548,3816,4092,-999,96,-90,-14724,-3512,5876,-493,133,-109,0
2215.6433620452885,10296,5624,10928,-213,-117,112,9800,-8968,9020,33,157,-188,-14576,3756,4044,-1033,99,-123,-14640,-3392,5692,-763,150,-100,0
2215.6789910793304,10112,5616,10584,-200,-50,132,9780,-8848,9116,-21,138,-194,-14592,3740,4132,-1009,169,-121,-14760,-3484,5576,-495,149,-72,0
2215.7148311138153,10268,5488,10728,-182,-135,152,9868,-8840,8888,-50,149,-201,-14592,3744,3936,-991,126,-91,-14764,-3420,5496,-496,158,-90,0
2215.7503979206085,10328,5608,10752,-204,-144,134,9896,-8796,9132,-47,122,-179,-14672,3824,4096,-967,119,-110,-14808,-3508,5548,-535,134,-96,0
2215.7840490341187,9984,5584,10668,-174,-94,139,9800,-8892,9060,-47,107,-146,-14512,3744,4208,-1015,168,-92,-14660,-3480,5508,-488,134,-93,0
2215.817656040192,10240,5620,10528,-194,-57,142,9816,-8856,9196,-31,108,-150,-14568,3712,4148,-1009,132,-102,-14608,-3448,5520,-514,111,-69,0
2215.8511419296265,10404,5612,10656,-197,-105,127,9776,-8864,9012,-24,114,-155,-14584,3724,4232,-980,106,-82,-14676,-3556,5552,-480,145,-84,0
2215.8845930099487,10312,5424,10684,-167,-120,153,9848,-8920,9096,-35,114,-193,-14820,3716,3996,-997,137,-125,-14684,-3424,5388,-508,152,-80,0
2215.918224096298,10240,5624,10652,-175,-125,111,10176,-8948,9020,-10,152,-238,-14504,3732,4056,-993,136,-107,-14732,-3440,5428,-487,196,-99,0
2215.951779127121,10236,5652,10764,-177,-154,147,9828,-8832,9116,-26,126,-243,-14544,3796,3952,-1018,136,-138,-14716,-3344,5416,-479,223,-91,0
2215.985557079315,10240,5560,10668,-181,-176,115,9852,-8892,9060,-2,115,-212,-14404,3816,4088,-1031,135,-137,-14784,-3384,5464,-507,182,-100,0
2216.019164085388,10316,5500,10624,-199,-130,113,9896,-8844,9088,-16,112,-203,-14600,3776,4012,-1002,102,-120,-14756,-3476,5588,-490,134,-109,0
2216.0526790618896,10276,5568,10532,-174,-129,120,9672,-8868,8900,-43,123,-195,-14516,3788,4208,-1023,122,-63,-14716,-3460,5580,-464,156,-105,0
2216.086398124695,10272,5592,10500,-175,-117,140,9836,-8816,8812,-47,103,-187,-14524,3716,3944,-1023,111,-65,-14668,-3520,5524,-486,152,-91,0
2216.1194911003113,10340,5484,10648,-156,-171,121,9820,-8752,8936,-82,119,-198,-14488,3688,4268,-1011,106,-140,-14640,-3464,5376,-496,172,-125,0
2216.152941942215,10316,5548,10676,-133,-151,123,9876,-8784,9068,-69,91,-201,-14536,3652,3900,-1046,82,-147,-14688,-3432,5520,-488,145,-122,0
2216.186599969864,10428,5612,10708,-134,-151,101,9952,-8700,9032,-43,72,-228,-14468,3636,4092,-990,112,-100,-14760,-3464,5520,-497,139,-131,0
2216.220204114914,10280,5560,10560,-143,-142,97,9876,-8632,8720,-19,124,-218,-14620,3700,3992,-1039,113,-48,-14672,-3380,5428,-435,78,-127,0
2216.2537200450897,10372,5512,10696,-132,-80,98,9844,-8812,8936,1,128,-187,-14612,3588,4068,-1034,101,-76,-14676,-3388,5468,-419,96,-121,0
2216.287048101425,10288,5620,10988,-138,15,82,9996,-8744,9044,-256,124,-180,-14632,3736,4188,-997,66,-74,-14636,-3528,5548,-475,106,-113,0
2216.32057094574,10240,5540,11004,-155,253,71,9896,-8824,8744,14,129,-193,-14700,3676,3976,-1010,54,-49,-14696,-3484,5768,-472,122,-136,0
2216.3537890911102,10360,5580,10500,-109,56,79,9844,-8824,9120,-253,154,-178,-14352,3732,4060,-949,-45,-59,-14672,-3476,5436,-491,193,-170,0
2216.3872430324554,10000,5412,10912,-118,83,48,9804,-8812,9240,41,167,-202,-14632,3680,4120,-917,-55,-41,-14712,-3440,5656,-766,189,-160,0
2216.4207849502563,10316,5620,10940,-186,101,97,9804,-8756,8992,33,145,-167,-14540,3744,4048,-919,-5,-73,-14688,-3488,5680,-398,36,-165,0
2216.453964948654,8988,7196,12820,327,148,143,9824,-8748,9040,-239,116,-170,-14548,3768,4196,-969,6,-78,-14816,-3492,5504,-544,266,-154,0
2216.4875609874725,10156,5588,10764,-365,160,124,9856,-8800,8888,46,98,-177,-14488,3776,3984,-970,-50,-86,-14752,-3540,5576,-482,411,-133,0
2216.5212121009827,10004,5528,10592,-238,165,115,9772,-8796,8736,31,166,-206,-14828,3684,4192,-1005,-14,-80,-14604,-3456,5404,-485,258,-146,0
2216.5544509887695,10212,5384,10952,-243,60,122,9784,-8776,9088,35,151,-204,-14504,3704,4024,-931,15,-135,-14732,-3404,5400,-496,345,-145,0
2216.5881531238556,10284,5488,10872,-224,267,129,9860,-8852,8852,252,158,-180,-14624,3760,4100,-872,-104,-150,-14680,-3408,5444,-524,367,-209,0
2216.621793985367,10492,5492,10868,-359,434,138,9964,-8804,8992,88,232,-195,-14628,3772,4196,-796,-176,-54,-14784,-3544,5568,-559,354,-235,0
2216.654979944229,10088,5560,10932,-341,636,120,9800,-8768,9064,63,189,-171,-14624,3696,4208,-813,-116,-71,-14736,-3360,5536,-605,266,-243,0
2216.691666126251,10140,5572,10616,-297,358,89,9872,-8844,9012,25,193,-183,-14548,3808,4008,-948,8,-84,-14748,-3580,5588,-493,220,-154,0
2216.725072145462,10096,5480,10712,-92,74,70,9880,-8844,9012,-33,107,-145,-14596,3780,4104,-1156,145,-88,-14824,-3492,5424,-425,14,-135,0
2216.761721134186,10028,5572,10956,254,-99,56,9848,-8744,9100,-48,137,-167,-14544,3716,4072,-1120,160,-29,-14844,-3596,5484,-480,19,-163,0
2216.7975690364838,10080,5576,11240,-123,-141,85,9864,-8824,9048,-127,151,-140,-14472,3748,4272,-968,91,-42,-14764,-3492,5416,-260,122,-178,0
2216.8328030109406,10036,5512,10976,-279,-251,128,9892,-8780,8968,-47,161,-198,-14556,3816,4264,-881,10,-39,-14688,-3372,5296,-559,238,-170,0
2216.8676891326904,10124,5480,10952,-293,62,135,9760,-8848,9080,-4,169,-178,-14420,3772,4144,-969,64,-29,-14708,-3436,5528,-553,137,-131,0
2216.9036569595337,10052,5484,10792,-180,121,116,9856,-8796,9072,-14,78,-172,-14600,3756,4116,-1009,145,-91,-14700,-3488,5412,-526,140,-113,0
2216.9398560523987,10072,5556,11040,-127,66,147,9912,-8800,8948,-36,58,-184,-14596,3744,4324,-996,77,-41,-14676,-3456,5212,-518,201,-169,0
2216.974940061569,10120,5500,11108,-327,285,126,9872,-8756,9104,29,170,-195,-14564,3740,4140,-923,18,-85,-14824,-3500,5484,-544,243,-181,0
2217.010658979416,9988,5556,10772,-290,214,100,9880,-8784,9136,30,167,-156,-14488,3600,3964,-986,90,-64,-14816,-3636,5556,-479,193,-150,0
2217.0460979938507,10040,5512,10828,-145,62,105,9812,-8944,9044,-33,140,-170,-14516,3816,4112,-1017,134,-50,-14728,-3492,5436,-424,103,-129,0
2217.081862926483,10120,5484,10932,-48,-56,86,9936,-8812,8968,-90,125,-165,-14504,3780,4244,-1044,184,-115,-14728,-3552,5624,-455,146,-150,0
2217.1181139945984,9980,5476,10984,-136,-246,69,9784,-8744,8972,-31,153,-185,-14572,3772,4108,-972,122,-37,-14772,-3440,5572,-523,159,-162,0
2217.1533579826355,9836,5484,10872,-134,-27,86,9928,-8788,8964,-36,138,-140,-14560,3812,4048,-1004,174,-55,-14716,-3508,5508,-478,114,-143,0
2217.1892070770264,9912,5556,10840,-66,-76,91,9764,-8824,9132,-61,118,-169,-14536,3800,4156,-1032,202,-60,-14744,-3508,5568,-435,109,-120,0
2217.2243099212646,9744,5596,10920,-56,-68,95,9792,-8828,9096,-68,127,-167,-14564,3780,4228,-984,162,-108,-14748,-3808,5556,-424,168,-122,0
2217.2595291137695,10236,5480,10816,-150,-63,111,9792,-8800,9096,-37,123,-164,-14640,3756,4248,-913,184,-44,-14740,-3596,5416,-439,80,-104,0
2217.2949090003967,10004,5736,10896,-93,-137,128,9736,-8872,8820,-67,136,-149,-14836,3816,4136,-947,105,-81,-14748,-3552,5260,-441,110,-120,0
2217.3301389217377,10120,5552,11176,-151,-83,111,9820,-8804,9064,-1,102,-183,-14436,3764,4140,-1004,131,-53,-14688,-3552,5616,-489,138,-77,0
2217.365606069565,10000,5544,10892,-96,-54,94,9788,-8464,8792,-20,49,-208,-14512,3832,4116,-953,207,-56,-14796,-3452,5596,-418,84,-75,0
2217.4030010700226,10048,5588,10880,-118,-60,93,9880,-8860,9028,-62,154,-174,-14692,3788,4148,-921,182,-79,-14708,-3516,5456,-378,126,-74,0
2217.436636924744,10204,5380,10928,-176,252,90,9844,-8768,8968,-8,129,-145,-14436,3788,3984,-991,166,-69,-14712,-3428,5352,-359,139,-84,0
2217.470199108124,9760,5492,10876,-111,-6,114,9772,-8824,8720,21,128,-156,-14588,4080,4060,-937,175,-43,-14760,-3528,5492,-338,123,-88,0
2217.5037360191345,9956,5580,10920,-153,-29,59,9804,-8832,9048,-256,114,-157,-14572,3824,4104,-855,126,-56,-14628,-3496,5544,-330,82,-80,0
2217.537383079529,9924,5580,11036,-147,-107,90,9860,-8816,9028,-51,198,-158,-14788,3596,4300,-838,99,-106,-14688,-3532,5592,-364,109,-76,0
2217.5707299709325,10224,5608,10876,-161,-144,126,9752,-8768,9060,-63,127,-175,-14528,3760,4168,-879,103,-134,-14732,-3572,5380,-380,160,-55,0
2217.604273080826,10012,5496,10920,-167,-125,144,9820,-8776,9208,-56,128,-178,-14516,3788,4196,-887,127,-97,-14720,-3476,5636,-442,136,-63,0
2217.637645959854,9952,5592,10916,-142,-111,113,9776,-8688,9028,-96,119,-197,-14552,3896,4312,-923,78,-65,-14792,-3516,5436,-382,110,-50,3
2217.6710851192474,9952,5628,11048,-232,-77,109,9752,-8844,9104,-57,190,-160,-14632,3824,4240,-838,64,-111,-14720,-3504,5460,-340,104,-47,3
2217.7048621177673,9968,5584,10876,-210,-74,95,9896,-8872,9064,-58,123,-174,-14540,4064,4080,-762,99,-116,-14560,-3500,5472,-394,102,-49,3
2217.7383019924164,9996,5560,11084,-135,-138,122,9860,-8708,9100,-94,121,-196,-14600,3920,4108,-824,107,-113,-14704,-3436,5632,-393,85,-59,3
2217.771708011627,9932,5628,10912,-73,-187,120,9852,-8812,9080,-84,160,-178,-14512,4032,3860,-833,172,-119,-14708,-3492,5452,-503,173,-76,3
2217.8049070835114,9988,5556,11008,-66,-261,102,9828,-8812,9100,-91,180,-228,-14540,3888,3944,-815,137,-170,-14792,-3432,5544,-481,138,-69,3
2217.8382899761204,10032,5648,10992,-109,-286,132,9856,-8828,9048,-57,157,-225,-14340,3888,4032,-855,141,-151,-14748,-3372,5652,-558,206,-90,3
2217.8718740940094,10168,5536,10880,-107,-229,109,9960,-8820,9016,-96,110,-187,-14384,3880,3896,-821,96,-132,-14752,-3444,5488,-525,156,-102,3
2217.9053411483765,10072,5600,10916,-66,-237,106,9904,-8832,8892,-64,169,-166,-14372,3612,3996,-862,78,-65,-14684,-3484,5480,-760,-155,-159,3
2217.938801050186,10980,6212,11024,-18,-457,129,9936,-8720,9136,-149,162,-164,-14732,3812,4040,-825,133,-131,-14784,-3404,5396,-542,105,-113,3
2217.972311973572,10000,5516,10796,-124,-312,104,9892,-8864,9076,-80,152,-193,-14344,3832,4304,-862,142,-134,-14764,-3476,5344,-590,108,-74,3
2218.0055260658264,9764,5616,10900,-84,-327,131,9816,-8812,8984,-143,158,-195,-14532,3872,4232,-877,156,-135,-14692,-3456,5844,-631,24,-80,3
2218.0391099452972,10120,5700,10832,-87,-330,161,9784,-8808,9104,-61,91,-214,-14560,3596,4168,-1005,224,-60,-14660,-3344,5548,-693,-71,-97,3
2218.072777032852,10124,5704,10812,-51,-290,128,9828,-8852,8968,-65,50,-153,-14344,4060,4272,-945,89,-18,-14808,-3368,5492,-821,-120,-115,3
2218.1064751148224,10152,5660,10808,30,-280,90,9916,-8828,9036,-77,121,-172,-14480,3916,3924,-919,42,-89,-14812,-3436,5508,-722,-151,-93,3
2218.139846086502,10196,5620,10848,-78,-506,119,9824,-8892,8980,-37,98,-200,-14436,3908,4072,-931,61,-120,-14720,-3420,5620,-592,-62,-111,0
2218.1734120845795,10116,5596,10780,-114,-231,138,9800,-8836,9144,35,145,-167,-14704,3788,3956,-1011,48,-57,-14644,-3460,5536,-547,-122,-107,0
2218.2069189548492,10176,5704,10888,-101,-244,146,9840,-8856,9088,-33,101,-188,-14480,3776,4096,-983,56,-32,-14640,-3432,5508,-443,-66,-110,0
2218.246547937393,10164,5564,10860,-82,-217,137,9864,-8876,8988,-85,82,-195,-14672,3900,4108,-885,-16,-137,-14632,-3484,5624,-549,85,-145,0
2218.280678987503,10168,5548,10640,-83,-243,150,9852,-8736,9084,-18,95,-214,-14440,3920,4012,-954,21,-117,-14680,-3452,5452,-524,176,-102,0
2218.3140621185303,10112,5576,10672,-131,-152,146,9832,-8896,8868,38,210,-220,-14492,3912,4064,-963,38,-98,-14644,-3464,5520,-485,147,-98,0
2218.347388982773,10164,5624,10924,-124,-149,146,9948,-8772,8972,9,125,-251,-14340,3812,3884,-915,-41,-145,-14716,-3468,5688,-501,201,-100,0
2218.3808910846706,10028,5548,10784,-180,-100,102,9904,-8784,9184,23,86,-219,-14476,3900,4000,-944,-255,-155,-14828,-3560,5620,-525,244,-120,0
2218.4143500328064,10208,5648,10860,-115,-55,108,9956,-8892,8924,247,115,-195,-14576,3872,4168,-948,30,-109,-14744,-3476,5572,-595,506,-124,0
2218.4510040283203,10216,5756,10304,-107,-56,96,9856,-8740,9012,20,113,-200,-14596,3748,4120,-963,66,-98,-14792,-3460,5544,-568,184,-109,0
2218.4862229824066,10064,5668,10672,-119,-27,70,9896,-8844,9052,-37,105,-212,-14528,3724,4164,-967,91,-111,-14712,-3512,5500,-556,155,-94,0
2218.522289991379,10156,5656,10760,-143,-81,84,9836,-8752,8888,-256,132,-213,-14484,3768,4248,-958,72,-81,-14696,-3420,5440,-537,193,-120,0
2218.558489084244,10124,5876,10884,-112,-83,105,9800,-8936,8928,2,135,-195,-14572,3848,4244,-997,81,-144,-14796,-3572,5516,-543,191,-140,0
2218.593793153763,10372,5464,10824,-102,-72,78,9928,-8812,9116,1,149,-194,-14544,3816,4080,-1054,110,-82,-14732,-3412,5536,-766,125,-134,0
2218.629348039627,10216,5840,10728,-77,-87,82,9868,-8808,8928,-6,151,-152,-14520,3976,3964,-1033,84,-59,-14720,-3544,5576,-530,82,-156,0
2218.6643681526184,10176,5384,10588,-124,-63,83,9800,-8856,9088,-33,131,-174,-14544,3840,4148,-771,108,-76,-14692,-3572,5708,-541,87,-140,0
2218.7003669738774,10168,5844,10808,-91,-75,101,9900,-8800,9032,-58,109,-146,-14516,4056,4168,-1014,118,-23,-14668,-3520,5652,-531,54,-136,0
2218.7354691028595,10112,5652,10664,-116,-88,87,9868,-8864,9028,-32,115,-162,-14452,3864,4168,-1020,101,-78,-14664,-3436,5868,-543,89,-130,0
2218.77192401886,10384,5676,10732,-96,-29,86,9756,-8760,9052,-43,154,-169,-14508,3800,4116,-777,149,-31,-14624,-3836,5688,-491,63,-139,0
2218.8076601028442,10184,5704,10980,-100,-114,70,9928,-8776,9028,-57,147,-162,-14536,3864,3944,-987,140,-100,-14684,-3492,5564,-525,74,-160,0
2218.842886924744,10164,5520,10540,-128,-62,97,9812,-8812,8900,-78,148,-151,-14556,3908,4092,-1066,148,-45,-14684,-3496,5508,-479,155,-150,0
2218.8776400089264,10356,5876,10624,-64,-67,94,9892,-8748,8896,-50,166,-190,-14460,3836,3968,-1065,77,-92,-14752,-3520,5512,-500,114,-153,0
2218.9136569499974,10156,5748,10736,-131,-68,89,9912,-8732,9024,-60,152,-163,-14492,3856,4316,-1012,112,-81,-14600,-3480,5576,-520,98,-140,0
2218.9496240615845,10088,5664,10752,-117,-109,94,9908,-8784,9028,-57,148,-171,-14764,3808,3964,-1018,139,-68,-14844,-3572,5688,-479,119,-135,0
2218.9848301410675,10156,5444,10596,-113,-99,88,9960,-8772,9008,-31,108,-183,-14580,3844,4100,-1063,86,-96,-14668,-3496,5528,-489,139,-127,0
2219.0202770233154,10480,5400,10560,-110,-68,105,9892,-8828,8928,-20,129,-188,-14456,4032,4096,-1042,106,-38,-14680,-3568,5380,-516,124,-148,0
2219.0554990768433,10112,5700,10752,-98,-85,72,9904,-8872,9056,-45,151,-208,-14508,3932,4020,-1037,128,-84,-14628,-3552,5536,-498,97,-163,0
2219.092850923538,10216,5844,10864,-128,-36,69,9864,-8844,8756,-30,173,-204,-14520,3976,4136,-776,111,-61,-14736,-3508,5440,-504,115,-166,0
2219.1264691352844,9984,5772,10800,-104,-107,80,9872,-8768,8984,-27,120,-179,-14608,3736,4080,-1039,95,-56,-14824,-3564,5416,-534,126,-135,0
2219.1600289344788,10160,5768,10760,-116,-83,82,9904,-8724,8912,-24,117,-195,-14496,3816,4104,-1278,148,-92,-14728,-3432,5516,-494,108,-147,0
2219.193619966507,10116,5840,10840,-113,-87,98,9896,-8844,8948,-80,138,-216,-14480,3912,3948,-993,102,-94,-14596,-3584,5680,-498,113,-139,0
2219.2274179458614,10180,5876,10760,-103,-79,86,9832,-8856,9112,-98,109,-173,-14524,3868,4208,-994,102,-84,-14676,-3484,5764,-496,108,-158,0
2219.260955095291,10192,5704,10832,-113,-137,61,9732,-8884,9128,-254,134,-162,-14548,4064,4268,-769,114,-71,-14676,-3480,5564,-527,119,-139,0
2219.29439496994,10028,5760,10724,-139,-59,98,9888,-8952,9180,-40,78,-152,-14520,3876,4228,-1011,130,-80,-14824,-3504,5760,-474,86,-127,0
2219.3276810646057,10152,5744,10768,-115,-45,85,9876,-8784,9020,-72,113,-176,-14596,3908,4248,-1011,118,-107,-14688,-3764,5408,-485,138,-125,0
2219.361246109009,10256,5756,10808,-152,-111,106,9884,-8840,9100,-19,120,-180,-14548,3852,4140,-1016,110,-109,-14716,-3484,5588,-522,85,-119,0
2219.3946690559387,10220,5764,10704,-92,-34,126,9856,-8860,8860,-17,120,-150,-14768,3940,4060,-1001,83,-52,-14380,-3580,5376,-499,112,-131,0
2219.4282331466675,10040,5648,10596,-132,-23,110,10036,-8692,8868,-6,93,-151,-14548,4064,3936,-986,84,-57,-14648,-3836,5568,-495,87,-109,0
2219.461774110794,10076,5796,10916,-141,-51,78,9844,-8824,8956,-52,146,-185,-14532,4008,4328,-955,81,-59,-14680,-3560,5688,-476,113,-164,0
2219.495381116867,10100,5776,10864,-167,-113,80,9828,-8868,9132,-62,152,-174,-14436,3932,4228,-1017,92,-97,-14652,-3528,5644,-501,115,-132,0
2219.5290629863734,10012,5716,10776,-106,-87,98,9840,-8932,9008,-28,153,-195,-14612,3944,4080,-1032,92,-97,-14596,-3532,5632,-517,125,-122,0
2219.5625450611115,10120,5756,10664,-112,-79,111,9792,-8920,9024,-19,75,-190,-14472,3908,3944,-1039,124,-94,-14592,-3556,5588,-486,134,-103,0
2219.5960631370544,10188,5736,10720,-106,-74,115,9864,-8820,9008,-21,105,-205,-14540,3800,3992,-1040,139,-69,-14676,-3500,5688,-501,148,-140,0
2219.6297199726105,10248,5716,10756,-137,-121,116,9808,-8856,9036,-254,154,-193,-14516,3892,4052,-1022,110,-80,-14732,-3648,5688,-520,143,-154,0
2219.6629030704494,10176,5812,10672,-116,-47,109,9944,-8884,9060,17,136,-163,-14480,3884,4144,-1047,91,-90,-14612,-3664,5580,-528,144,-129,0
2219.6965780258174,10188,5772,10796,-161,-56,81,9844,-8792,8908,-36,156,-197,-14524,3808,4060,-1280,100,-98,-14396,-3340,5740,-496,145,-101,0
2219.7300939559937,10244,5752,10556,-149,-42,83,9956,-8796,8960,-66,140,-212,-14444,3976,4244,-987,73,-115,-14652,-3596,5660,-520,135,-104,0
2219.763643026352,10160,5708,10668,-144,-38,90,9840,-8824,8924,-22,139,-183,-14588,4088,4040,-975,118,-79,-14720,-3500,5648,-587,135,-129,0
2219.797297000885,10140,5692,10624,-152,-9,102,9888,-8796,8720,-30,122,-161,-14492,3636,4060,-1276,103,-69,-14744,-3512,5648,-539,136,-134,0
2219.830737113952,10112,5828,10856,-153,-39,109,9884,-8716,8980,10,167,-193,-14584,3880,3980,-1055,99,-126,-14500,-3524,5708,-528,123,-76,0
2219.8643159866333,10100,5768,10548,-207,-34,92,9768,-8824,9080,-15,149,-184,-14572,3884,3860,-1019,136,-129,-14624,-3528,5632,-571,115,-92,0
2219.8973350524902,10212,5724,10824,-185,-73,107,9928,-8920,8864,-29,165,-174,-14748,4080,4160,-1035,118,-88,-14564,-3504,5672,-577,163,-100,0
2219.931079149246,10020,5788,10832,-191,-98,141,9928,-8832,8996,-49,169,-177,-14552,3920,4108,-1069,133,-106,-14684,-3492,5500,-557,183,-70,0
2219.9644980430603,10180,5796,10592,-198,-102,160,9844,-8880,8984,-57,119,-183,-14360,3920,3952,-1067,119,-88,-14372,-3520,5768,-761,145,-77,0
2219.9981179237366,10020,5796,10696,-216,-51,142,9896,-8732,9112,-49,148,-175,-14604,3852,4036,-1079,120,-138,-14648,-3580,5636,-517,175,-86,0
2220.0317759513855,10076,5820,10540,-211,-65,109,9804,-8840,8880,-40,160,-164,-14528,3928,4100,-1099,108,-134,-14684,-3512,5600,-508,152,-82,0
2220.0655601024628,10128,5764,10796,-239,-41,113,9880,-8888,9024,-39,183,-205,-14532,3880,4048,-1058,121,-103,-14688,-3404,5752,-491,173,-47,0
2220.099015951156,10184,5756,10840,-237,-26,134,9772,-8776,8992,-52,148,-193,-14540,3832,4016,-1040,104,-122,-14636,-3544,5528,-497,195,-82,0
2220.1361389160156,10188,5748,10828,-182,-94,143,9828,-8804,9012,-60,148,-196,-14728,3952,4316,-1046,107,-131,-14720,-3496,5428,-499,189,-59,0
2220.1717031002045,10184,5756,10712,-191,-63,131,9828,-8760,8960,-31,137,-193,-14520,3588,3864,-1055,110,-133,-14680,-3536,5512,-486,203,-64,0
2220.207587003708,10108,5716,10772,-233,-46,139,9896,-8848,8772,-5,149,-182,-14520,3860,4288,-1054,114,-75,-14628,-3516,5640,-469,194,-64,0
2220.2425639629364,10156,5696,10552,-183,-27,121,9912,-8852,8856,-46,166,-182,-14528,3872,4180,-1065,93,-108,-14748,-3400,5632,-485,155,-76,0
2220.2782969474792,10224,5652,10824,-271,-95,114,9952,-8892,8992,2,167,-170,-14780,3748,4132,-1075,67,-106,-14700,-3624,5828,-475,162,-74,0
2220.3135640621185,10092,5808,10648,-210,0,103,9844,-8764,9100,-46,145,-162,-14640,3756,4080,-1028,77,-148,-14460,-3520,5568,-429,204,-87,0
2220.3487889766693,10128,5756,10872,-234,-97,109,9836,-8808,8752,-2,143,-195,-14388,4024,4320,-1094,72,-94,-14672,-3404,5460,-453,504,-85,0
2220.3841559886932,10144,5736,10808,-217,-29,153,9872,-8808,8984,10,171,-170,-14548,3868,3992,-1132,55,-117,-14688,-3536,5828,-475,258,-89,0
2220.420346021652,10164,5660,10988,-169,-38,117,9888,-8828,8952,-25,157,-156,-14620,3768,4312,-1069,33,-58,-14660,-3428,5568,-469,206,-83,0
2220.4557049274445,10068,5756,10864,-231,-23,93,9840,-8868,9028,-83,180,-167,-14344,3804,4252,-1050,9,-110,-14680,-3496,5552,-468,208,-113,0
2220.491243124008,10124,5792,10800,-194,-79,125,9840,-8920,8888,-65,164,-172,-14492,3808,3880,-1047,57,-86,-14716,-3520,5600,-426,301,-76,0
2220.5262320041656,10164,5680,10644,-236,-82,140,9944,-8828,8884,-51,147,-164,-14424,4044,4004,-1069,31,-133,-14652,-3452,5596,-467,302,-82,0
2220.5623309612274,10200,5560,10820,-203,-85,139,9752,-8792,8796,-51,130,-199,-14588,3864,4124,-1092,38,-109,-14636,-3500,5468,-423,285,-84,0
2220.597476005554,10100,5780,10708,-254,-34,148,9828,-8804,9176,-49,162,-189,-14540,3848,4068,-970,19,-100,-14660,-3748,5680,-437,359,-84,0
2220.6332659721375,10164,5724,10668,-234,-42,126,9788,-8892,8860,-48,183,-202,-14468,3900,4132,-1002,21,-130,-14732,-3516,5388,-470,385,-72,0
2220.668776035309,10124,5648,10840,-175,-93,136,9872,-8800,8892,-23,160,-194,-14448,3824,4184,-1017,8,-103,-14712,-3552,5556,-485,365,-83,0
2220.7042939662933,10104,5808,10896,-162,-76,129,9860,-8772,8948,-71,134,-195,-14468,3612,4156,-1012,-30,-146,-14716,-3520,5620,-628,842,-91,0
2220.7400341033936,10032,5380,10348,-506,-13,102,9816,-8948,8916,-71,196,-205,-14368,3800,4280,-962,-39,-135,-14764,-3480,5552,-509,419,-91,0
2220.7766449451447,10136,5792,10788,-195,-6,136,9960,-8880,8976,-82,172,-186,-14584,4080,3984,-881,-36,-138,-14728,-3552,5628,-552,369,-134,0
2220.810163974762,10000,5636,10720,-178,-13,123,9912,-8848,8952,-98,118,-188,-14500,3788,3932,-922,9,-137,-14744,-3352,5368,-559,370,-135,0
2220.843591928482,10120,5512,10916,-146,-5,109,9864,-8780,8808,-69,139,-166,-14380,4040,4120,-896,53,-78,-14672,-3532,5436,-586,394,-115,0
2220.8769769668575,10056,5596,10752,-142,-20,124,9772,-8792,8704,-24,139,-167,-14528,3748,4216,-861,59,-100,-14756,-3580,5272,-544,415,-149,0
2220.910269021988,10064,5652,10808,-203,45,106,9956,-8792,8808,-53,125,-184,-14544,3764,4296,-802,17,-105,-14744,-3560,5232,-766,389,-143,0
2220.943761110306,10140,5688,10792,-236,-21,119,9900,-8816,8964,-14,128,-183,-14532,3856,4160,-924,41,-104,-14820,-3460,5288,-767,336,-153,0
2220.9774079322815,10156,5516,10880,-233,-110,124,9872,-8784,8744,-9,117,-199,-14524,3880,4104,-893,-27,-87,-14732,-3628,5284,-412,296,-164,0
2221.010782957077,10180,5736,10644,-215,-109,116,9796,-8824,9112,-10,128,-190,-14516,3592,3848,-963,-30,-13,-14776,-3476,5344,-444,207,-144,0
2221.0441739559174,10124,5700,10804,-192,-96,107,9860,-8944,8856,-39,109,-206,-14476,3904,4124,-910,-43,-81,-14744,-3384,5564,-448,236,-182,0
2221.077422142029,10168,5556,10780,-209,-70,112,9504,-8840,9004,43,118,-172,-14344,3832,4428,-861,-71,-37,-14772,-3448,5340,-304,250,-183,0
2221.111150979996,10104,5716,10912,-266,-41,115,9860,-8760,8912,41,170,-206,-14480,3784,4444,-800,-161,-24,-14652,-3540,5440,-289,224,-177,0
2221.14443397522,10160,5660,10872,-282,-105,140,9808,-8808,9028,28,174,-201,-14372,4072,4348,-752,-149,-31,-14708,-3444,5332,-226,181,-146,0
2221.177959918976,10104,5660,10864,-308,-182,173,9836,-8944,8860,26,186,-219,-14476,3852,4260,-805,-181,-81,-14720,-3476,5256,-93,299,-145,0
2221.2115049362183,10076,5612,10824,-319,-201,187,9580,-8784,8996,78,178,-247,-14576,3856,4308,-853,-223,-146,-14756,-3484,5612,-77,369,-128,0
2221.245064973831,10168,5624,10712,-340,-143,167,9848,-8836,9112,166,191,-254,-14492,3916,4220,-1019,452,-253,-14692,-3404,5580,-125,328,-176,0
2221.278692960739,10112,5528,10924,-237,-79,151,9816,-8808,9132,51,173,-219,-14488,3960,4408,-790,-175,-116,-14772,-3444,5532,-200,404,-203,0
2221.3122000694275,9988,5568,10892,-271,-38,135,9852,-8832,9016,121,163,-215,-14372,3848,4256,-743,-193,-134,-14980,-3568,5368,-163,452,-190,0
2221.345541000366,10080,5652,10836,-277,24,123,9868,-8728,9036,108,154,-241,-14396,3860,4356,-835,-175,-189,-14784,-3528,5328,-235,420,-186,0
2221.378993988037,10168,5608,10800,-272,84,140,9972,-8820,8972,123,173,-202,-14492,3804,4428,-979,-241,-147,-14884,-3492,5364,-159,633,-203,0
2221.4123189449306,10456,5648,10928,-343,391,144,9940,-8700,9012,146,140,-189,-14512,3980,4748,-1055,-334,-125,-14860,-3520,5176,-34,927,-179,0
2221.445647954941,10148,5592,10980,-538,733,149,9912,-8800,8940,222,196,-179,-14408,3828,4396,-1254,74,-374,-14908,-3564,5320,42,1193,-202,0
2221.479192018509,10016,5504,10940,-629,336,124,10032,-8832,9080,143,268,-169,-14460,3896,4500,-1245,-408,-225,-14836,-3500,5512,-202,795,-206,0
2221.512908935547,10052,5408,10980,-442,416,89,9804,-8508,9104,221,208,-150,-14352,3856,4524,-1210,-295,-145,-14944,-3412,5240,-319,644,-230,0
2221.5462090969086,9940,5544,11052,-521,605,129,9876,-8640,9016,216,107,-131,-14576,3836,4136,-1293,-146,-129,-14864,-3504,5340,-545,330,-219,0
2221.579749107361,9808,5540,10740,-343,40,106,9752,-8660,9256,35,135,-139,-14228,3660,4416,-1236,44,-38,-14676,-3556,5236,-706,-195,-142,0
2221.6133301258087,9840,5564,10892,-83,-47,91,9640,-8648,9116,-115,51,-145,-14280,3736,4604,-1211,176,-84,-14864,-3492,4908,-775,-65,-156,0
2221.6467039585114,9996,5448,11164,-124,-180,100,9868,-8688,8984,-87,133,-182,-14452,3884,4632,-1206,245,-64,-14884,-3528,5160,-738,-72,-156,0
2221.6803431510925,10016,5528,10840,-121,-231,69,9768,-8672,9060,-172,138,-152,-14456,3816,4692,-1009,243,-40,-15064,-3628,4884,-675,-109,-124,0
2221.713824033737,9936,5584,11092,-70,-101,93,9860,-8716,9088,-156,108,-151,-14392,3744,4376,-1036,225,-30,-14912,-3800,4872,-259,113,-147,0
2221.7472951412205,10068,5484,11056,-247,-82,88,9880,-8788,8972,-72,208,-185,-14472,3856,4560,-1008,113,-47,-14688,-3432,4864,-372,189,-112,0
2221.7804441452026,9812,5444,11176,-251,116,115,9804,-8792,9080,1,166,-167,-14312,3868,4540,-1052,17,-14,-14784,-3536,5216,-376,265,-151,0
2221.8186600208282,9964,5448,10940,-205,73,102,9736,-8788,9064,28,172,-174,-14376,3816,4384,-1069,124,-51,-14768,-3496,5296,-425,126,-115,0
2221.8539209365845,9960,5476,11208,-164,50,84,9912,-8788,8992,-33,76,-170,-14476,3916,4512,-985,126,-93,-14916,-3496,5144,-416,241,-73,0
2221.889228105545,9900,5388,11136,-222,18,130,9884,-8740,9112,20,114,-176,-14392,3600,4464,-1038,94,-90,-14836,-3488,5052,-424,242,-135,0
2221.9242050647736,9932,5420,10912,-237,-7,126,9904,-8760,8912,24,150,-148,-14204,3836,4584,-1067,83,-42,-14772,-3500,5056,-465,260,-87,0
2221.959442138672,9880,5428,10948,-233,48,116,9512,-8748,9092,-14,26,-132,-14340,3764,4576,-1098,118,-103,-14908,-3480,5032,-478,184,-117,0
2221.9946100711823,9868,5436,10888,-199,-102,94,9748,-8652,9188,0,163,-157,-14412,3956,4312,-1080,167,-77,-14872,-3568,5044,-768,127,-121,0
2222.0303471088414,9816,5416,11052,-175,-26,69,9808,-8780,9280,-28,172,-174,-14360,3796,4552,-1049,190,-122,-14864,-3828,5016,-537,137,-132,0
2222.065546989441,10200,5216,10768,-159,-65,70,9868,-8740,9144,-40,149,-171,-14448,3792,4524,-1084,216,-115,-14700,-3424,5236,-560,106,-131,0
2222.101655960083,9736,5456,10752,-140,-80,73,9932,-8928,9052,-59,123,-166,-14500,3648,4548,-1056,222,-98,-14760,-3460,5068,-608,59,-141,0
2222.1374900341034,9900,5604,11028,-139,-130,72,9768,-8640,9076,-87,135,-187,-14452,3788,4564,-1032,252,-88,-14816,-3604,5088,-563,130,-126,0
2222.1729891300206,9916,5400,10924,-185,-110,109,9840,-8776,9116,-68,170,-177,-14500,3720,4508,-1038,234,-62,-14824,-3548,5064,-534,158,-100,0
2222.208795070648,9964,5520,11164,-207,-150,91,9796,-8736,9008,-70,132,-181,-14408,3772,4468,-1050,278,-94,-15044,-3572,5080,-606,92,-86,0
2222.2440919876094,9824,5508,11040,-169,-241,130,9920,-8872,9132,-78,96,-181,-14408,3584,4584,-997,294,-82,-14672,-3484,5136,-633,183,-88,0
2222.2796790599823,10220,5496,11004,-108,-322,115,9768,-8804,9172,-113,101,-215,-14396,3800,4480,-1045,331,-101,-14848,-3560,5344,-643,167,-85,0
2222.3154270648956,9904,5480,10784,-129,-350,107,9808,-8712,8880,-132,88,-208,-14368,3792,4268,-1010,276,-99,-14764,-3564,5244,-620,166,-81,3
2222.3509979248047,10004,5428,10988,-97,-215,98,9780,-8660,8992,-107,164,-149,-14412,3876,4112,-777,286,-69,-14828,-3428,5188,-618,109,-54,3
2222.385980129242,10004,5360,11052,-147,-192,112,9904,-8836,9016,-51,155,-142,-14364,3760,4412,-1054,254,-41,-14784,-3448,5108,-628,170,-60,3
2222.4216129779816,10620,5884,10604,-132,-330,146,9796,-8960,8968,-61,176,-147,-14420,3692,4436,-1276,352,-36,-14804,-3584,5044,-677,-16,-77,3
2222.457262992859,9988,5484,11096,-79,-325,96,9820,-8776,9348,-143,141,-188,-14460,3584,4324,-990,412,-88,-14792,-3532,5176,-666,-99,-68,3
2222.4907751083374,9960,5444,10872,-52,-396,64,9840,-8796,9048,-78,158,-222,-14416,3832,4380,-989,498,-68,-14720,-3448,4980,-676,-142,-62,3
2222.5242960453033,9928,5484,11048,-26,-422,86,9896,-8728,8956,-104,215,-192,-14556,3896,4252,-1038,499,-79,-14796,-3532,5204,-701,-180,-78,3
2222.557760953903,10164,5648,10944,-248,-396,108,9832,-8808,9028,-113,235,-153,-14464,3848,4276,-1025,504,-20,-14756,-3556,5296,-682,-255,-84,3
2222.5913140773773,10088,5484,11220,-3,-378,106,9800,-8776,8960,-180,238,-186,-14516,4052,4340,-1051,559,-29,-15020,-3556,5216,-717,-268,-52,0
2222.6249589920044,10008,5544,10972,30,-320,121,9844,-8772,9120,-150,98,-141,-14504,3800,4348,-1080,537,-84,-14812,-3628,5328,-784,-201,-63,0
2222.658254146576,10100,5528,10860,23,-324,112,9744,-8960,9092,-76,137,-174,-14512,3868,4220,-1059,511,-99,-14756,-3564,5320,-725,-162,-61,0
2222.6917741298676,10036,5556,10788,55,-258,165,9836,-8792,8972,-99,17,-178,-14528,3804,4232,-1149,457,-98,-14600,-3560,5316,-710,-64,-59,0
2222.725368976593,10176,5660,10780,-50,-274,157,9896,-8832,9052,-39,125,-206,-14520,3824,4212,-1129,431,-110,-14788,-3332,5176,-697,46,-73,0
2222.7587890625005,10132,5540,10716,-43,-181,139,9828,-8816,8936,-65,119,-173,-14528,3868,3880,-1113,372,-73,-14776,-3572,5260,-697,127,-108,0
2222.792484998703,10180,5592,10816,-48,-148,142,9788,-8824,9036,-27,110,-178,-14568,3820,4176,-1123,292,-110,-14824,-3592,5196,-663,206,-82,0
2222.8257420063014,10132,5508,10772,-86,-139,125,9844,-8736,9072,-38,168,-194,-14584,3780,4224,-1081,312,-132,-14736,-3604,5308,-637,204,-115,0
2222.8593101501465,10108,5496,10992,-113,-136,129,9820,-8776,9088,-37,119,-191,-14520,3808,4008,-989,318,-81,-14692,-3640,5200,-617,212,-83,0
2222.8926119804382,10248,5580,10884,-84,-110,128,9760,-8816,9080,-59,125,-208,-14616,3756,3864,-1016,343,-85,-14824,-3420,5300,-592,166,-71,0
2222.9259729385376,10176,5604,10712,-80,-134,145,9780,-8756,9060,-45,70,-248,-14560,3836,4016,-1035,304,-119,-14796,-3544,5268,-527,88,-72,0
2222.959510087967,10216,5448,10712,-48,-71,108,9844,-8880,8968,5,137,-196,-14656,3816,3860,-1039,287,-139,-14832,-3508,5184,-438,-83,-66,0
2222.99315404892,10032,5544,10952,-41,-244,85,9856,-8816,8940,-50,131,-229,-14576,3752,4176,-1010,170,-162,-14780,-3808,5184,-350,-237,-59,0
2223.0268390178685,10056,5392,10844,-34,151,16,9832,-8688,9000,-82,182,-233,-14576,3608,4040,-977,238,-98,-14828,-3512,5292,-366,-369,-57,0
2223.0603380203247,10124,5592,10788,25,378,43,9828,-8760,9052,-51,112,-148,-14392,3820,3956,-976,234,-87,-14612,-3824,5228,-424,-238,-87,0
2223.093941926956,10060,5620,10740,-348,380,142,9804,-8800,9156,-38,154,-171,-14480,3776,3888,-980,192,-106,-12928,-3360,5572,-416,-17,-126,0
2223.1275651454926,10204,5432,11016,-553,784,236,9776,-8740,9060,-97,166,-161,-14680,3700,4116,-950,124,-131,-14668,-3668,5312,-494,20,-74,0
2223.161124944687,10136,5640,10888,-294,166,184,9796,-8748,9112,-132,157,-182,-14576,3680,4016,-926,67,-119,-14680,-3552,5320,-374,297,-122,0
2223.194754123688,10076,5592,11040,-225,-221,144,9812,-8840,8916,-10,185,-196,-14500,3800,4048,-862,253,-135,-14396,-3752,5160,-485,400,-167,0
2223.2282559871674,10064,5508,10972,-268,-149,100,9804,-8780,8860,50,200,-173,-14488,3796,4000,-801,-113,-59,-14744,-3580,5412,-479,312,-189,0
2223.2643070220947,9972,5620,10776,-238,-145,98,9888,-8788,9044,20,154,-169,-14544,3832,4032,-752,-153,-47,-14780,-3512,5564,-144,449,-115,0
2223.297991991043,10120,5292,11228,-488,-78,113,9852,-8764,9180,-35,190,-170,-14584,3820,4112,-691,-184,-111,-14744,-3332,5244,-582,488,-170,0
2223.3315989971165,9984,5500,10792,-361,-121,117,9828,-8848,9168,-39,221,-170,-14548,3820,3948,-696,-197,-148,-14712,-3476,5296,-495,491,-179,0
2223.3649549484253,10012,5492,10984,-325,-103,114,9972,-8720,8964,29,248,-192,-14492,3796,3840,-797,-177,-94,-14696,-3512,5112,-421,558,-118,0
2223.3984110355377,9988,5560,10704,-273,-46,103,9808,-8796,9132,-8,202,-183,-14600,3820,4276,-991,-222,-123,-14688,-3472,5152,-300,590,-108,0
2223.4318919181824,10052,5488,10976,-200,-33,79,9824,-8832,9104,26,188,-195,-14588,3816,4168,-1098,-236,-169,-15064,-3480,5348,-272,540,-100,0
2223.46519613266,10088,5520,10884,-155,-6,55,9676,-9196,9152,9,176,-184,-14504,3856,4132,-1189,-123,-129,-14892,-3460,5192,-291,437,-108,0
2223.5029771327972,10080,5448,11084,-53,59,65,9816,-8872,9100,-20,95,-142,-14448,3744,4124,-1169,-77,-102,-14752,-3516,5332,-317,378,-91,0
2223.538109064102,10076,5528,10976,-33,81,85,9736,-8752,8788,-33,34,-154,-14492,3800,3940,-1120,-7,-121,-14852,-3484,5116,-278,306,-89,0
2223.5732860565186,9980,5596,11056,-58,93,72,9884,-8748,9152,-85,52,-183,-14536,3788,4308,-1045,-13,-131,-14816,-3348,4988,-293,241,-125,0
2223.60933303833,9988,5512,10876,-48,60,36,9820,-8784,8976,-64,80,-195,-14544,4056,4228,-1060,-33,-102,-15040,-3536,5260,-268,222,-122,0
2223.6448669433594,10020,5604,10892,-77,51,45,9884,-8772,9184,-41,67,-188,-14476,3672,4280,-1047,-29,-115,-14604,-3416,5348,-275,194,-126,0
2223.6801710128784,9736,5580,11128,-75,49,79,9980,-8808,9116,-40,38,-169,-14480,3780,4200,-1051,20,-62,-14876,-3572,5196,-314,194,-134,0
2223.715471029281,9896,5572,10864,-87,19,76,9808,-8752,9108,-59,60,-154,-14532,3692,4248,-775,37,-92,-14808,-3492,5144,-311,167,-116,0
2223.751260995865,10032,5632,10912,-69,-16,94,9684,-8796,9104,-62,-6,-213,-14536,3660,4272,-1072,29,-22,-15092,-3524,5132,-352,169,-127,0
2223.7875690460205,10164,5552,10888,-98,-48,105,9976,-8836,8956,-58,81,-174,-14848,3824,4388,-1074,35,-41,-14852,-3528,5032,-388,129,-114,0
2223.8229501247406,10204,5572,11168,-74,-31,115,9820,-8796,9084,-41,34,-131,-14536,3676,4280,-1033,65,-81,-14968,-3456,5080,-407,114,-107,0
2223.859102010727,9964,5716,10944,-102,-6,120,9892,-8708,9060,-66,63,-172,-14584,3796,4304,-1051,70,-11,-14896,-3564,5256,-395,114,-128,0
2223.8943560123444,9976,5588,10872,-116,-28,97,9904,-8700,9168,-27,118,-172,-14556,3756,4124,-1070,44,-66,-14816,-3452,4992,-365,153,-131,0
2223.9298729896545,9940,5648,10756,-121,-48,77,9884,-8748,9024,-15,58,-162,-14752,3756,4596,-1035,4,-16,-14812,-3544,5248,-379,165,-152,0
2223.9650759696965,9904,5592,11224,-91,-3,63,9888,-8848,9204,-46,75,-145,-14360,3812,4228,-1093,33,-45,-14916,-3432,5196,-404,90,-151,0
2224.0008211135864,9900,5564,11072,-155,-49,106,9888,-8864,8804,-61,131,-187,-14468,3688,4424,-1104,63,-34,-14808,-3568,4888,-399,97,-136,0
2224.0361700057983,9872,5524,10984,-119,-99,100,9840,-8908,9008,-28,135,-167,-14340,3620,4224,-1103,92,-42,-14604,-3480,5340,-434,95,-148,0
2224.0724201202393,9980,5596,10964,-152,-30,112,9976,-8808,9028,20,129,-194,-14432,3760,4192,-1106,104,-78,-14736,-3424,5112,-438,83,-112,0
2224.1077270507812,9908,5556,10852,-123,-50,111,9852,-8780,8928,255,85,-194,-14444,3748,4340,-1110,138,-76,-14744,-3644,5088,-457,112,-115,0
2224.1437020301814,9896,5592,10956,-163,-71,103,9796,-8812,9028,25,107,-203,-14448,3840,4272,-1089,173,-104,-14820,-3364,5052,-414,96,-148,0
2224.1773359775543,9972,5532,10916,-162,-60,92,9948,-8792,9120,35,120,-187,-14536,3820,4180,-1110,174,-77,-14768,-3464,5224,-443,115,-108,0
2224.210848093033,9736,5696,11008,-169,-31,105,9804,-8788,9004,27,73,-189,-14480,3704,4328,-1079,137,-47,-14856,-3480,5276,-491,79,-127,0
2224.2443571090694,9912,5704,11016,-130,11,104,9876,-8820,8984,15,93,-167,-14484,3668,4264,-1095,114,-65,-14852,-3580,5364,-434,67,-124,0
2224.277897119522,9920,5612,10892,-160,3,114,9888,-8468,8960,21,125,-168,-14468,3664,4156,-1074,182,-67,-15004,-3496,5136,-430,77,-117,0
2224.311304092407,9984,5628,10956,-132,254,62,9940,-8864,8948,38,117,-181,-14552,3796,4280,-1119,151,-74,-14764,-3388,5152,-433,74,-149,0
2224.3449881076813,10080,5636,11116,-158,-21,94,9768,-8840,8824,12,135,-181,-14444,3736,4172,-1081,157,-63,-14604,-3448,5048,-702,159,-119,0
2224.3786561489105,9880,5824,11256,-111,6,127,9804,-8756,9016,46,129,-179,-14512,3636,4212,-1123,172,-82,-14860,-3436,5144,-440,108,-100,0
2224.4119341373444,9956,5696,11008,-182,-30,126,9952,-8804,9072,49,141,-179,-14452,3584,4340,-1115,150,-90,-14696,-3496,5200,-480,116,-92,0
2224.445536136627,9944,5860,10864,-169,-84,138,9832,-8800,8988,23,98,-193,-14200,3792,4136,-1079,125,-140,-14812,-3540,5276,-505,148,-101,0
2224.479210138321,9912,5560,11032,-189,-85,134,9896,-8900,8840,-11,133,-203,-14404,3764,4320,-1079,124,-110,-14820,-3460,5264,-500,123,-85,0
2224.512596130371,9844,5376,10904,-185,-107,144,9776,-8836,9088,-18,126,-182,-14432,3812,4436,-1016,139,-81,-14760,-3440,5280,-508,113,-58,0
2224.546103954315,9856,5580,11048,-205,-109,125,9856,-8772,9072,-15,83,-152,-14484,3768,4296,-1061,99,-85,-14832,-3380,5184,-490,111,-68,0
2224.579524040222,9880,5420,10792,-279,-64,127,9764,-8748,9064,17,151,-144,-14516,3780,4260,-1006,100,-121,-14776,-3580,5236,-511,87,-83,0
2224.6131870746613,9924,5604,11084,-197,-47,131,9908,-8932,8984,-60,112,-160,-14560,3704,4096,-1005,79,-126,-14668,-3396,4916,-485,109,-66,0
2224.646642923355,9936,5536,10904,-289,-110,121,9896,-8932,9040,245,143,-204,-14540,3788,4380,-1008,95,-86,-14780,-3572,4932,-461,141,-73,0
2224.6801450252533,9912,5560,10800,-9,-66,118,9952,-8800,9052,34,151,-179,-14492,3756,4204,-1034,72,-107,-14612,-3416,5232,-473,128,-56,0
2224.7134470939636,9932,5476,10828,-207,-71,136,9852,-8824,9020,14,80,-198,-14524,3792,4172,-1040,93,-128,-15068,-3440,5292,-481,97,-94,0
2224.747069120407,9892,5560,11168,-241,-123,124,9760,-8772,9040,-39,86,-186,-14540,3768,4516,-951,55,-84,-14776,-3488,5208,-485,65,-100,0
2224.780548095703,9932,5572,11168,-237,-135,151,9944,-8804,9076,-66,94,-190,-14488,3816,4120,-959,79,-89,-14804,-3556,5196,-494,75,-73,0
2224.8142530918126,9896,5596,11140,-214,-188,146,9840,-8872,8988,-24,59,-207,-14452,3712,4316,-988,133,-75,-14792,-3468,5164,-492,109,-68,0
2224.848009109497,9888,5520,11088,-190,-137,168,9820,-8764,9088,-33,59,-182,-14568,3732,4288,-1052,132,-68,-14872,-3440,5264,-499,141,-85,0
2224.881562948227,10060,5516,10988,-211,-187,136,9856,-8756,8928,-21,131,-184,-14596,3788,4256,-1012,95,-114,-14824,-3376,5256,-479,117,-62,0
2224.914775133133,10020,5536,11072,-183,-146,126,9996,-8844,9008,-23,111,-183,-14604,3676,4220,-770,99,-103,-14712,-3448,5256,-475,166,-84,0
2224.9481790065765,9928,5568,10924,-200,-170,161,9816,-8752,8936,0,133,-201,-14500,3752,4204,-1072,105,-82,-14740,-3512,5176,-454,141,-68,0
2224.9816319942474,10080,5508,11036,-187,-170,123,9784,-8952,9100,-10,161,-204,-14468,3772,4224,-1064,129,-67,-14792,-3404,5284,-483,158,-112,0
2225.0152559280396,9968,5540,10820,-206,-142,135,9856,-8804,9056,-56,130,-208,-14520,3636,4096,-1090,67,-91,-14784,-3516,5312,-456,99,-109,0
2225.0488510131836,10032,5480,10808,-197,-136,89,9968,-8776,8948,-60,123,-197,-14504,3788,4160,-976,54,-98,-14616,-3348,5256,-498,126,-123,0
2225.08230304718,9752,5368,10932,-222,-187,136,9948,-8792,9192,-9,121,-186,-14524,4008,4572,-1032,250,-116,-14796,-3404,5272,-466,167,-100,0
2225.115828037262,9928,5564,10972,-173,-156,142,9736,-8740,8992,-60,140,-193,-14456,3600,4596,-1035,83,-95,-14788,-3496,5248,-461,157,-95,0
2225.1512520313263,9908,5516,11260,-156,-196,108,10060,-8856,8864,-87,167,-215,-14504,3748,4356,-1014,60,-125,-15052,-3448,5248,-525,159,-122,0
2225.2016899585724,9984,5488,11012,-175,-174,130,9832,-8468,8876,-37,187,-167,-14496,3816,4220,-1250,43,-115,-14776,-3372,5148,-487,82,-102,0
2225.2489750385284,10056,5620,10772,-185,-124,152,9844,-8664,8968,-35,155,-179,-14520,3740,4252,-1040,87,-58,-14780,-3424,5212,-486,134,-83,0
2225.288241147995,9800,5564,10904,-130,-111,102,9800,-8776,9004,-71,134,-207,-14512,3700,4148,-1016,75,-107,-14792,-3480,5080,-459,137,-126,0
2225.323674917221,10020,5524,10884,-123,-119,109,9916,-8796,9124,-103,127,-196,-14528,3740,4140,-1061,118,-93,-14760,-3404,5208,-456,154,-122,0
2225.358762025833,10224,5532,10892,-110,-135,97,9980,-8792,8952,-101,146,-241,-14584,3676,4308,-1280,122,-104,-14984,-3548,5208,-453,171,-98,0
2225.3938860893254,10212,5564,11040,-136,-118,82,9872,-8760,8880,-47,146,-207,-14612,3728,4264,-1060,118,-80,-14712,-3384,4992,-458,144,-134,0
2225.4293019771576,10104,5460,10896,-86,-66,50,10016,-8776,8856,-47,215,-193,-14568,3676,4160,-1074,95,-52,-14840,-3408,5264,-468,121,-130,0
2225.464420080185,10004,5484,10784,-70,-36,77,9892,-8840,8900,-67,198,-172,-14480,3812,4380,-1055,96,-45,-14736,-3432,5176,-479,53,-112,0
2225.500205039978,10084,5500,10844,8,-82,60,9944,-8768,8704,-130,155,-177,-14492,3708,4264,-1099,80,-13,-14812,-3480,5332,-484,47,-153,0
2225.53498005867,10028,5540,10888,-49,-120,72,9808,-8952,9088,-128,183,-170,-14520,3640,4272,-1032,92,-43,-14764,-3388,5268,-492,54,-156,0
2225.5705189704895,10016,5548,10792,-49,-118,85,9952,-8780,9012,-86,140,-175,-14404,3612,4140,-1071,101,-39,-14676,-3476,5324,-481,55,-139,0
2225.6058480739594,10008,5568,11064,-19,-107,68,9868,-8740,9040,-106,151,-187,-14548,3744,4152,-1075,89,-77,-15092,-3576,5188,-491,69,-157,0
2225.641716003418,10076,5652,10864,-29,-99,94,9828,-8776,8956,-99,143,-184,-14424,3692,4364,-1042,136,-24,-14624,-3372,5308,-454,114,-124,0
2225.6775600910187,10040,5648,10752,-91,-40,81,9756,-8752,9008,-48,160,-168,-14492,3708,4296,-1056,155,-59,-14772,-3472,5432,-462,106,-149,0
2225.7128500938416,9996,5620,10972,-97,-59,111,9804,-8784,9128,-73,130,-167,-14452,3708,4232,-1279,155,-114,-14776,-3372,5204,-458,153,-123,0
2225.7486479282375,9988,5580,11000,-129,-33,71,9972,-8732,9096,-36,120,-165,-14532,3664,4384,-1011,121,-61,-14780,-3388,5264,-492,116,-113,0
2225.783453941345,10048,5616,11232,-149,-52,92,9916,-8872,9008,-30,173,-163,-14520,3724,4472,-1004,93,-256,-14748,-3448,5556,-452,139,-155,0
2225.819703102112,10184,5840,10844,-147,-38,93,9828,-8836,8704,-50,119,-174,-14460,3644,4396,-1002,65,-59,-14780,-3520,5436,-447,191,-140,0
2225.853143930435,9728,5540,10752,-146,-28,93,9844,-8808,9020,-34,181,-179,-14480,3740,4200,-776,136,-81,-14692,-3436,5224,-460,171,-135,0
2225.8866159915924,9984,5628,11004,-143,-25,102,9880,-8784,8852,-15,128,-180,-14520,3736,4320,-1017,122,-79,-14820,-3772,5332,-424,225,-139,0
2225.9202280044556,9992,5600,11000,-158,-40,103,9844,-8772,9092,-1,165,-195,-14416,3628,4568,-1028,104,-84,-14768,-3404,5540,-423,241,-156,0
2225.9535670280457,10020,5856,10956,-193,-13,68,9772,-8768,9000,-7,164,-184,-14444,3704,4380,-1013,104,-85,-14748,-3420,5260,-435,509,-152,0
2225.9871630668645,10164,5692,10828,-150,17,73,9928,-8792,9136,-5,156,-167,-14560,3828,4360,-1276,71,-117,-14720,-3408,5376,-486,268,-172,0
2226.0206420421605,10040,5580,10932,-212,18,84,9924,-8748,8880,25,179,-142,-14468,3668,4172,-1093,42,-72,-14824,-3464,5208,-500,259,-136,0
2226.054100036621,10000,5744,10888,-164,71,95,9736,-8788,9136,5,143,-148,-14488,3608,4392,-1058,103,-31,-14864,-3580,5200,-488,286,-139,0
2226.0876700878143,10008,5636,11048,-207,38,88,9924,-8772,8712,-10,171,-180,-14492,3684,4176,-990,102,-52,-14888,-3380,5284,-563,507,-206,0
2226.121413946152,9744,5636,10872,-243,31,74,9832,-8856,9156,18,130,-167,-14428,3744,4412,-1019,138,-49,-14748,-3416,5196,-672,225,-142,0
2226.1546599864964,9940,5700,10960,-158,-27,93,9872,-8732,9020,53,163,-158,-14440,3732,4280,-1008,153,-74,-14876,-3496,5292,-807,214,-189,0
2226.187933921814,9904,5644,10996,-222,-148,103,9792,-8944,8972,-38,180,-157,-14536,3800,4104,-918,205,-30,-14820,-3508,5224,-886,220,-172,0
2226.2215719223022,9920,5632,10976,-179,-261,102,9760,-8804,8980,-109,160,-159,-14504,3732,4560,-948,172,-50,-14720,-3536,5136,-858,319,-194,0
2226.2551419734955,10040,5572,10816,-160,-367,136,9736,-8796,8732,-15,129,-166,-14468,3776,4204,-995,202,-46,-14648,-3456,5232,-870,361,-170,0
2226.289003133774,9912,5696,10780,-163,-374,145,9872,-8780,8984,-41,111,-158,-14448,3768,4308,-969,177,-104,-14808,-3500,5160,-807,274,-132,0
2226.3224990367894,10020,5860,10752,-117,-175,87,9796,-8820,9160,-49,109,-208,-14532,3844,4380,-928,134,-88,-14860,-3484,5212,-677,189,-161,0
2226.3559579849243,10068,5524,10776,-185,-233,88,9900,-8844,8944,-42,160,-211,-14428,3756,4192,-946,129,-130,-14800,-3616,5248,-653,190,-140,0
2226.3896350860596,10096,5580,10904,-162,-512,95,9848,-8784,8968,-59,159,-206,-14460,3816,4332,-885,188,-49,-14904,-3488,5228,-662,185,-133,0
2226.423124074936,10088,5620,10868,-170,-328,83,9904,-8756,8996,-53,158,-212,-14508,3720,4288,-861,254,-53,-14772,-3820,5136,-680,-11,-135,0
2226.456890106201,9932,5676,10712,-97,-381,82,9892,-8776,9048,-87,137,-211,-14464,3740,4208,-884,301,-50,-14828,-3472,5040,-699,-157,-97,0
2226.4902279376984,10112,5536,10896,-93,-422,87,9836,-8808,9092,-168,159,-227,-14584,3708,4168,-843,291,-82,-14820,-3552,5128,-716,-182,-134,0
2226.5237550735474,10084,5648,10840,-77,-408,70,9904,-8872,9004,-118,191,-186,-14520,3832,4136,-922,281,-68,-14812,-3544,5260,-742,-163,-142,0
2226.5573251247406,10060,5396,10776,-74,-377,67,9784,-8812,8848,-83,166,-228,-14540,3764,4156,-990,244,-24,-14728,-3492,5220,-757,-123,-131,0
2226.5909321308136,10180,5856,10628,-56,-342,81,9740,-8760,8928,-95,146,-195,-14552,3724,4144,-897,165,-56,-14788,-3484,5236,-715,-126,-144,0
2226.6247329711914,10212,5620,10596,-56,-251,82,9748,-8808,8928,-50,148,-190,-14504,3828,4312,-937,154,-89,-14776,-3696,5232,-604,-72,-124,0
2226.6577999591827,10052,5612,10888,-80,-150,72,9808,-8884,9072,-62,137,-188,-14532,3764,4188,-895,129,-82,-14704,-3688,5368,-621,-38,-94,0
2226.6914110183716,10168,5876,10776,-59,-77,90,9872,-8808,9080,-119,118,-152,-14584,3720,4160,-894,154,-124,-14820,-3564,5308,-545,-66,-62,0
2226.7249641418457,10180,5632,10804,-80,-37,78,9864,-8812,9012,-130,108,-152,-14556,3892,4332,-930,185,-61,-14600,-3484,5208,-513,-72,-87,0
2226.758548974991,10192,5648,11032,-145,-69,79,9760,-8864,8896,-126,153,-127,-14540,3760,4180,-963,227,-57,-14760,-3804,5332,-407,-57,-43,0
2226.7922129631042,10068,5756,10780,-105,12,97,9780,-8880,9088,-93,123,-173,-14476,3752,4108,-964,278,-109,-14696,-3768,5352,-370,-10,-41,0
2226.8252849578857,10224,5704,10804,-235,-7,99,9840,-8844,8732,-113,181,-187,-14512,3688,4192,-757,243,-118,-14668,-3540,5420,-360,83,-50,0
2226.862890005112,10168,5640,10696,-350,247,98,9784,-8868,8840,42,186,-176,-14500,3848,4016,-932,310,-83,-14812,-3496,5304,-418,155,-42,0
2226.8981320858,10092,5612,10656,-370,58,111,9800,-8812,9064,-25,503,-177,-14516,3700,4340,-850,227,-137,-14680,-3540,5260,-417,207,-72,0
2226.9332020282745,10116,5556,10804,-411,9,124,9816,-8792,9196,-29,241,-173,-14520,3876,4100,-830,239,-119,-14764,-3580,5484,-456,185,-75,0
2226.9689149856567,10164,5580,10908,-404,-64,155,9876,-8904,9188,-28,5,-187,-14820,3800,3988,-954,231,-129,-14796,-3548,5140,-565,174,-103,0
2227.0041680336,10072,5544,10516,-333,-128,205,9820,-8924,9060,19,171,-180,-14528,3792,4076,-930,208,-122,-14712,-3516,5312,-609,201,-66,0
2227.0395340919495,9760,5840,10948,-249,-44,176,9732,-8860,9004,-33,154,-207,-14560,3804,4320,-971,196,-147,-14712,-3492,5340,-571,169,-90,0
2227.0751399993896,10212,5644,10864,-255,-133,139,9700,-8840,9024,-14,162,-208,-14568,3880,4116,-945,251,-133,-14776,-3500,5300,-595,184,-65,0
2227.1107420921326,10084,5392,10972,-246,-99,157,9880,-8808,9064,-1,149,-206,-14508,3736,3992,-956,244,-159,-14832,-3356,5620,-572,116,-96,0
2227.146017074585,10124,5608,10928,-238,-108,149,9820,-8888,9200,-13,179,-205,-14356,3792,4036,-994,174,-150,-14732,-3704,5264,-557,134,-47,0
2227.1818029880524,10240,5672,10756,-190,-101,172,9904,-8776,9000,-39,175,-201,-14528,3788,4028,-1012,204,-106,-14860,-3588,5284,-533,130,-64,0
2227.218018054962,10024,5552,10876,-220,-117,129,9736,-8840,8880,-58,145,-191,-14584,3768,3964,-962,213,-144,-14736,-3516,5308,-550,152,-74,0
2227.252673149109,10216,5584,11024,-212,-126,160,9816,-8824,9152,-42,137,-204,-14632,3808,4044,-1013,192,-91,-14792,-3484,5304,-259,137,-78,0
2227.287698984146,10184,5572,10904,-245,-106,141,9804,-8784,9052,-13,166,-186,-14620,3776,4032,-1048,145,-134,-14732,-3544,5288,-496,138,-94,0
2227.3240349292755,10072,5516,10964,-210,-88,147,9768,-8808,8976,10,131,-173,-14612,3760,3808,-1052,156,-147,-14748,-3528,5156,-521,122,-76,0
2227.3592400550842,10148,5544,10872,-205,-126,163,9852,-8804,9088,13,143,-198,-14796,3780,4080,-1091,160,-110,-14908,-3804,5344,-510,133,-82,0
2227.394380092621,10076,5484,10832,-232,-84,145,9760,-8724,9068,6,158,-195,-14584,3676,3972,-1121,206,-86,-14992,-3580,5220,-488,105,-79,0
2227.4299390316014,10136,5504,10936,-242,-73,185,9872,-8904,9032,-9,143,-166,-14752,3756,4084,-1109,237,-108,-14776,-3512,5444,-518,113,-107,0
2227.465593099594,10200,5532,11072,-317,-156,168,9776,-8692,8976,29,155,-170,-14648,3704,4012,-1096,236,-103,-14756,-3584,5300,-499,136,-81,0
2227.50194311142,10148,5664,10776,-232,-89,145,9860,-8744,9004,-7,182,-201,-14684,3816,3940,-1032,215,-158,-14780,-3616,5388,-483,151,-75,0
2227.535464048385,10188,5484,10844,-276,-135,136,9804,-8816,8772,2,144,-199,-14684,3852,4004,-1046,227,-134,-14688,-3556,5268,-508,148,-93,0
2227.5688540935516,10296,5544,10916,-200,-61,152,9864,-8820,9092,-36,157,-194,-14688,3752,3776,-1067,239,-42,-14760,-3500,5256,-549,139,-111,0
2227.6023249626164,10152,5532,10816,-150,-42,106,9728,-8788,8964,-22,138,-165,-14656,4024,3972,-1041,204,-58,-14788,-3656,5308,-583,83,-124,0
2227.6356270313263,10160,5536,10872,-175,-39,110,9800,-8840,9092,-66,129,-144,-14652,3820,3900,-1042,276,-74,-14844,-3492,5128,-626,28,-129,0
2227.6689379215245,10120,5624,10864,-178,-31,93,9788,-8752,8928,-87,107,-151,-14580,3832,3876,-1052,341,-54,-14744,-3476,5232,-675,99,-123,0
2227.7024309635162,10192,5464,10864,-194,-18,123,9812,-8728,8892,-44,135,-165,-14636,3728,4284,-1079,361,-84,-14704,-3424,5208,-668,99,-143,0
2227.7361321449284,10140,5520,10812,-154,250,109,9800,-8792,8996,-51,131,-177,-14572,3820,3868,-1078,279,-48,-14728,-3356,5412,-631,83,-122,0
2227.7697620391846,10064,5428,10800,-149,-50,114,9836,-8896,9004,-74,122,-173,-14812,3828,3908,-1009,292,-75,-14808,-3704,5132,-679,60,-142,0
2227.8033599853516,10160,5424,10868,-197,-11,95,9744,-8792,9068,-60,120,-155,-14612,3796,4052,-986,306,-71,-14800,-3552,5128,-674,54,-166,0
2227.8369591236115,10128,5460,10972,-130,-3,121,9732,-8732,9132,-57,125,-159,-14692,3856,3900,-1028,322,-64,-14800,-3820,5344,-694,33,-147,0
2227.8704500198364,9992,5496,11024,-136,-35,112,9748,-8880,8948,-83,97,-171,-14444,3748,3632,-978,338,-23,-14712,-3464,5368,-718,29,-134,0
2227.903603076935,10200,5472,10960,-154,-60,143,9732,-8812,9084,-81,107,-167,-14636,3764,4080,-912,288,-53,-14772,-3512,5356,-650,49,-156,0
2227.9373149871826,10164,5452,11064,-163,-40,109,9720,-8880,8932,-84,128,-168,-14388,3816,4020,-869,332,-46,-14828,-3600,5364,-721,20,-160,0
2227.9708139896393,10392,5588,10768,-178,-24,131,9812,-8824,9004,-54,123,-156,-14684,3732,3600,-921,323,-110,-14864,-3540,5372,-735,82,-146,0
2228.0042350292206,10216,5432,10904,-191,11,139,9764,-8788,9052,-55,111,-180,-14624,3856,3708,-885,265,-33,-14816,-3492,5264,-685,136,-178,0
2228.0376739501953,10224,5460,10864,-160,255,121,9756,-8848,9124,-57,81,-194,-14612,4020,3604,-839,291,-51,-14712,-3332,5356,-633,142,-168,0
2228.0709221363068,10024,5520,10916,-158,-61,120,9860,-8740,9156,-25,81,-192,-14748,3776,3676,-855,249,-73,-14708,-3544,5376,-646,89,-144,0
2228.104560136795,10228,5528,10936,-136,-58,120,9896,-8896,8772,-41,89,-176,-14728,3856,3684,-856,202,-53,-14808,-3664,5448,-624,39,-163,0
2228.1379220485687,10136,5608,10896,-184,-152,103,9848,-8784,9016,-44,112,-173,-14712,3596,3700,-847,227,-63,-14756,-3580,5324,-639,34,-184,0
2228.1713581085205,10100,5432,10944,-104,-9,89,9808,-8844,9068,-85,88,-144,-14652,3796,3700,-814,250,-9,-14752,-3576,5240,-625,252,-194,0
2228.2048671245575,10212,5472,10888,-114,-100,98,9816,-8832,9124,-84,77,-156,-14756,3864,3644,-761,238,-18,-14716,-3544,5264,-609,-28,-186,0
2228.2384209632874,10088,5536,10872,-106,-77,83,9976,-8896,9048,-27,70,-181,-14628,3908,3696,-815,314,-64,-14616,-3632,5412,-616,252,-150,0
2228.277780056,10136,5596,10952,-25,-158,97,9844,-8832,9160,-58,91,-164,-14668,3720,3724,-857,218,-45,-14756,-3716,5336,-570,-35,-175,0
2228.3115620613094,10160,5528,10936,-90,-197,113,9800,-8904,8984,-69,113,-166,-14724,4000,3612,-803,208,-57,-14636,-3608,5500,-604,-12,-170,0
2228.345272064209,10072,5524,10856,-100,-177,124,9864,-8948,8960,-73,86,-151,-14660,4076,3628,-829,284,-61,-14708,-3576,5388,-618,-32,-127,0
2228.378713130951,10172,5444,10816,-79,-189,131,9848,-8872,8980,-67,76,-160,-14688,3784,3672,-907,275,-9,-14688,-3692,5520,-618,-4,-129,0
2228.4119460582733,10076,5416,10624,-29,-15,125,9880,-8804,9124,-83,14,-147,-14664,3824,3596,-912,358,-70,-14696,-3688,5276,-617,-12,-111,0
2228.445470094681,10208,5532,10976,-40,-20,113,9876,-8900,8844,-45,71,-161,-14752,3796,3652,-906,232,-94,-14728,-3720,5464,-622,92,-160,0
2228.4790971279144,10140,5568,10756,-152,-82,103,9804,-8840,9044,-82,86,-204,-14612,3888,3668,-919,201,-88,-14664,-3648,5212,-589,43,-166,0
2228.5149331092834,10160,5548,10780,-102,-144,84,9804,-8872,8772,-10,128,-176,-14676,3968,3548,-947,179,-91,-14712,-3772,5432,-593,88,-162,0
2228.550188064575,10460,5540,10800,-99,-96,101,9792,-8892,9064,-32,115,-173,-14672,3916,3784,-923,148,-47,-14724,-3676,5424,-594,104,-168,0
2228.5854630470276,10176,5536,10776,-133,-119,111,9804,-9180,9180,-79,100,-184,-14768,3968,3788,-889,117,-48,-14736,-3604,5316,-557,126,-164,0
2228.6211810112004,10268,5596,10572,-142,-97,97,9872,-8856,9008,-77,105,-191,-14740,3924,3616,-944,117,-69,-14644,-3652,5456,-548,141,-123,0
2228.657166957855,10096,5496,10884,-128,-126,99,9808,-8856,9036,-47,93,-191,-14636,3900,3620,-970,113,-78,-14792,-3676,5476,-552,192,-111,0
2228.692232131958,10156,5508,10552,-135,-108,102,9704,-8816,8988,-50,133,-201,-14688,3612,3392,-966,70,-79,-14688,-3760,5552,-521,193,-132,0
2228.7281920909886,10464,5552,10812,-128,-103,106,10168,-8864,9084,-55,140,-201,-14620,3888,3768,-992,106,-58,-14712,-3660,5508,-257,163,-138,0
2228.763929128647,10116,5412,10848,-152,-102,104,9844,-8880,8980,-61,131,-197,-14744,3888,3392,-965,84,-120,-14692,-3636,5496,-518,161,-115,0
2228.8000140190125,10148,5544,10848,-106,-129,112,9844,-8924,9188,-48,118,-176,-14784,3960,3500,-940,74,-57,-14716,-3704,5400,-548,164,-120,0
2228.8347940444946,10256,5600,10832,-189,-85,124,9876,-8900,8944,-17,127,-183,-14688,3872,3604,-1029,98,-42,-14716,-3744,5336,-517,152,-97,0
2228.870399951935,10420,5720,10824,-137,-31,113,9780,-8892,9016,-84,90,-154,-14716,3972,3644,-984,70,-68,-14708,-3736,5484,-478,122,-91,0
2228.9053089618683,10096,5532,10824,-174,-25,103,10056,-8908,9208,-50,100,-182,-14712,3888,3760,-1007,63,-104,-14660,-3672,5532,-419,157,-124,0
2228.940804004669,10000,5472,10716,-184,-30,105,9792,-8752,8988,-26,119,-183,-14664,3960,3392,-980,35,-71,-14600,-3648,5464,-471,218,-130,0
2228.97718501091,10124,5576,10984,-193,-1,111,9808,-8952,8936,-28,178,-148,-14740,3912,3736,-1011,47,-58,-14700,-3816,5584,-392,171,-70,0
2229.0121841430664,10176,5552,10784,-221,-32,108,9768,-8996,8928,-73,158,-188,-14364,3960,3688,-990,97,-101,-14588,-3676,5476,-348,194,-44,0
2229.0482130050655,10128,5584,10764,-260,-77,163,9884,-8972,9116,-63,164,-181,-14744,4016,3616,-1007,86,-110,-14668,-3632,5348,-379,234,-61,0
2229.0838820934296,10236,5480,10724,-284,-145,169,9740,-8820,8836,-41,146,-162,-14704,3960,3596,-1070,56,-166,-14748,-3812,5552,-346,255,-58,0
2229.1188020706177,10060,5580,10812,-213,22,149,9884,-9140,9028,-56,147,-186,-14600,3952,3516,-1028,74,-105,-14708,-3744,5404,-324,221,-38,0
2229.154312133789,10156,5536,10808,-317,-93,156,9832,-8884,9028,-48,162,-189,-14728,3940,3752,-1030,24,-117,-14680,-3688,5256,-306,210,-38,0
2229.189934015274,9988,5556,10984,-329,-108,150,9864,-8860,9128,-32,204,-211,-14676,3936,3808,-1045,-36,-195,-14832,-3592,5396,-324,211,-50,0
2229.2234930992126,10204,5552,10868,-321,-76,149,9904,-8816,8764,26,188,-209,-14644,3932,3396,-1065,21,-148,-14844,-3668,5460,-266,186,-31,0
2229.2573649883266,10200,5532,10824,-326,-95,186,9848,-8788,8920,7,136,-231,-14712,3928,3608,-1050,-38,-146,-14760,-3656,5344,-231,201,-19,0
2229.291105031967,10160,5508,10904,-314,-78,156,9832,-8948,8880,-38,120,-220,-14704,3912,3500,-1079,-51,-95,-14736,-3624,5420,-258,238,-23,0
2229.3245880603786,10320,5512,10892,-341,-107,160,9860,-9108,8728,8,101,-230,-14644,3904,3780,-1086,-93,-100,-14680,-3612,5312,-5,237,-35,0
2229.3582429885864,10468,5496,10980,-325,-47,126,9996,-8956,8896,15,159,-212,-14644,4044,3644,-1128,-79,-84,-14660,-3676,5468,-300,121,-36,0
2229.391813993454,10456,5432,10732,-326,-57,154,9820,-8744,8848,-4,87,-194,-14684,3940,3760,-1099,-57,-133,-14712,-3588,5364,-350,137,-61,0
2229.425535917282,10152,5504,10872,-258,415,140,9800,-8840,8920,34,56,-195,-14724,3868,3644,-1079,3,-119,-14688,-3600,5332,-379,119,-86,0
2229.4591860771175,10172,5424,10752,-275,-111,168,9944,-8872,8940,-14,122,-204,-14732,3964,3640,-1023,8,-133,-14668,-3824,5504,-406,147,-67,0
2229.4927430152893,10200,5468,10776,-289,-101,181,9900,-8848,9060,9,111,-207,-14596,3828,3736,-984,21,-90,-14640,-3332,5436,-402,157,-50,0
2229.5259730815887,10140,5436,11112,-283,-136,149,9860,-8876,8888,-13,123,-174,-14644,3964,3760,-964,-255,-101,-14716,-3568,5452,-455,153,-48,0
2229.5594770908356,10236,5424,10996,-329,-152,172,9908,-8828,9176,20,106,-187,-14600,3896,3640,-947,-12,-119,-14708,-3560,5396,-431,170,-86,0
2229.5931210517883,10196,5332,10912,-277,-127,158,9832,-8880,9096,5,113,-191,-14760,3748,3744,-960,12,-84,-14740,-3840,5492,-410,133,-89,0
2229.626762151718,10452,5548,10904,-330,-157,148,9912,-9108,9120,-3,80,-198,-14708,3876,3680,-889,-19,-111,-14672,-3456,5488,-462,176,-78,0
2229.659932136536,10256,5304,10796,-300,-76,156,9928,-8904,8956,0,99,-216,-14696,3956,3628,-887,-29,-85,-14596,-3596,5388,-429,144,-113,0
2229.6936590671535,10044,5172,10816,-256,-57,163,9968,-8808,8920,40,70,-169,-14840,3720,3648,-888,-41,-61,-14752,-3588,5372,-418,117,-100,0
2229.7273421287537,10108,5612,10788,-272,-22,124,9848,-8800,9048,-6,107,-155,-14644,3904,3784,-859,-28,-86,-14808,-3824,5504,-406,86,-96,0
2229.7610399723053,10176,5344,10848,-292,-26,131,9832,-8932,9176,-46,81,-187,-14656,3652,3704,-865,-12,-129,-14640,-3588,5432,-458,171,-106,0
2229.794502019882,10160,5348,10900,-216,-57,133,9736,-8860,8948,-33,81,-206,-14704,3952,3784,-926,-256,-125,-14716,-3380,5552,-447,221,-92,0
2229.8281431198125,10100,5360,10864,-232,-120,138,9844,-8756,8856,-9,100,-223,-14640,3952,3596,-943,40,-109,-14716,-3536,5248,-448,199,-83,0
2229.8616950511932,10196,5312,10800,-156,-85,100,9852,-8824,8844,-38,120,-231,-14748,3884,3748,-945,32,-111,-14800,-3348,5364,-423,176,-107,0
2229.894895076752,10216,5308,10840,-181,-86,79,9912,-8832,8964,-56,119,-217,-14676,3880,4028,-944,7,-96,-14700,-3496,5440,-448,144,-118,0
2229.9285321235657,10176,5320,10820,-116,-30,75,10132,-8824,9144,-20,140,-212,-14620,3948,3852,-988,-3,-99,-14708,-3800,5204,-448,132,-117,0
2229.9617009162903,10308,5364,10668,-117,-54,74,9876,-8804,8988,-36,131,-177,-14640,3916,4036,-997,-21,-44,-14772,-3584,5452,-454,167,-122,0
2229.995059967041,10212,5196,10504,-121,-26,58,9884,-8848,8880,-81,152,-182,-14596,3592,3876,-968,-24,-83,-14764,-3604,5452,-442,169,-127,0
2230.028633117676,10232,5432,11024,-132,-69,64,9924,-8816,8924,-47,165,-206,-14584,4024,3632,-1007,-29,-100,-14792,-3528,5148,-411,145,-137,0
2230.0619690418243,10212,5404,10924,-98,-84,63,9868,-8884,8932,-56,125,-201,-14700,3964,3808,-947,2,-89,-14708,-3572,5332,-457,142,-125,0
2230.095519065857,10152,5424,11044,-97,-39,76,9956,-8788,9016,-53,128,-180,-14524,3840,3600,-944,16,-72,-14708,-3588,5420,-466,146,-141,0
2230.12917304039,10156,5384,10816,-92,-28,80,9872,-8768,8976,-53,157,-166,-14664,3844,3804,-986,19,-74,-14732,-3664,5360,-456,132,-124,0
2230.1623220443726,10088,5396,10976,-103,-51,89,9808,-8904,9040,-57,150,-171,-14628,3844,3820,-1000,33,-89,-14768,-3788,5160,-484,181,-114,0
2230.1982851028442,10172,5460,10840,-117,-9,101,9860,-8780,9012,-63,121,-168,-14512,3892,3716,-953,51,-33,-14788,-3620,5436,-475,159,-112,0
2230.233878135681,10208,5392,10880,-77,-59,104,9952,-8876,8944,-57,124,-167,-14836,3956,3716,-997,56,-49,-14672,-3540,5528,-505,149,-150,0
2230.2692370414734,10240,5168,10756,-119,-93,92,9832,-8880,8856,-35,141,-189,-14392,4052,3808,-1027,38,-89,-14784,-3504,5508,-471,149,-127,0
2230.3044390678406,10076,5424,10844,-88,4,62,9868,-8784,8968,-77,99,-163,-14380,3880,4084,-984,21,-95,-14668,-3560,5388,-472,137,-175,0
2230.340147018432,10204,5384,10724,-133,-29,62,9924,-8872,8972,-50,159,-182,-14600,3836,3828,-1040,72,-54,-14744,-3476,5560,-458,164,-145,0
2230.375361919403,10112,5436,10908,-88,-18,58,9924,-8868,8932,-39,144,-155,-14656,4012,3828,-1058,88,-122,-14664,-3580,5404,-500,139,-158,0
2230.4111621379852,10240,5332,10956,-106,231,71,9812,-8860,9020,-30,135,-167,-14608,3856,3876,-1003,52,-40,-14664,-3816,5476,-487,130,-129,0
2230.4462530612946,10124,5404,11176,-135,-37,74,9860,-8756,8916,-48,148,-163,-14592,4048,3864,-987,63,-72,-14696,-3580,5500,-475,127,-122,0
2230.482376098633,10372,5384,10836,-140,-55,94,9920,-8852,8720,-72,138,-175,-14488,3664,3904,-1032,89,-85,-14652,-3560,5440,-471,174,-98,0
2230.518042087555,10100,5372,10760,-132,-91,98,9872,-8728,8972,-45,141,-214,-14504,3924,3824,-1024,91,-111,-14840,-3484,5404,-498,185,-112,0
2230.5529811382294,9780,5620,10968,-92,-39,96,9820,-8764,8968,-81,104,-212,-14600,3964,4028,-1046,120,-89,-14668,-3644,5452,-516,159,-142,0
2230.5887610912323,10100,5496,10960,-104,-84,78,9824,-8932,8988,-37,123,-212,-14800,3900,3900,-1051,126,-103,-14760,-3568,5476,-484,160,-133,0
2230.6242480278015,10220,5324,10912,-114,-70,103,9944,-8928,8984,-44,147,-200,-14692,3960,4028,-1052,117,-118,-14660,-3532,5412,-479,164,-135,0
2230.6595289707184,10164,5404,11056,-136,-59,99,9936,-8876,8836,-38,109,-185,-14668,3920,3896,-1069,94,-44,-15068,-3832,5460,-512,142,-122,0
2230.694899082184,9992,5496,10928,-142,-47,76,9900,-8860,8724,-68,153,-190,-14448,3908,3764,-1050,103,-79,-14420,-3628,5536,-494,130,-105,0
2230.7306900024414,10132,5424,10704,-117,-70,101,9796,-8848,8712,-80,149,-194,-14580,3952,3924,-1061,108,-74,-14780,-3612,5456,-478,99,-159,0
2230.7654061317444,10204,5420,10924,-154,-74,66,9924,-8880,8912,-20,185,-178,-14572,3924,3880,-1080,73,-66,-14680,-3672,5452,-487,138,-144,0
2230.8009719848633,10072,5500,10980,-185,-58,120,9912,-8836,8916,255,121,-172,-14588,3972,3952,-1026,131,-123,-14676,-3636,5496,-494,129,-90,0
2230.837518930435,10048,5472,10960,-130,-67,123,9944,-8956,8848,-53,109,-213,-14648,3904,3952,-994,117,-100,-14740,-3540,5364,-485,147,-125,0
2230.8708460330963,10040,5412,10860,-130,-92,98,9900,-8920,9156,-26,117,-174,-14716,3952,3748,-1011,121,-85,-14828,-3552,5460,-499,126,-126,0
2230.904284954071,10192,5396,10912,-133,-49,111,9904,-8832,8940,-12,117,-160,-14564,3952,3920,-1279,120,-75,-14716,-3592,5500,-508,108,-119,0
2230.9378690719604,10140,5452,10988,-128,-38,82,9884,-8828,8832,-6,113,-172,-14540,3840,4040,-1020,91,-92,-14780,-3668,5436,-487,90,-127,0
2230.971209049225,10176,5516,10900,-172,-18,90,9968,-8800,9164,-41,142,-188,-14588,3912,3876,-979,91,-79,-14652,-3636,5456,-504,101,-128,0
2231.004643917084,10076,5492,10872,-147,-35,109,9924,-8944,8784,-60,121,-170,-14572,3972,3744,-997,132,-48,-14748,-3608,5508,-504,128,-86,0
2231.038335084915,10180,5404,10836,-140,-72,116,9876,-8780,8996,-39,116,-190,-14620,3956,3756,-1024,106,-107,-14776,-3656,5544,-497,91,-107,0
2231.0714199543,10052,5488,10896,-158,-16,82,9932,-8784,8720,-36,119,-196,-14364,3952,3596,-998,122,-127,-14696,-3512,5388,-500,114,-90,0
2231.1050469875336,10136,5432,10760,-167,-55,115,9836,-8884,8868,-22,118,-200,-14352,3956,3824,-1276,115,-73,-14736,-3584,5380,-513,145,-108,0
2231.1382019519806,10012,5452,11016,-154,-26,101,9872,-8780,9024,31,125,-198,-14608,4000,3912,-1020,114,-68,-14864,-3592,5432,-499,118,-117,0
2231.171715974808,10136,5424,10920,-156,-41,97,9940,-8876,8756,7,145,-191,-14620,3928,3820,-1004,129,-127,-14660,-3644,5556,-480,120,-102,0
2231.205323934555,10072,5568,11100,-205,-84,68,9904,-8928,8836,-15,145,-178,-14340,3932,3988,-976,112,-106,-14584,-3608,5400,-474,140,-94,0
2231.2385370731354,10148,5408,10864,-202,-48,107,9944,-8872,8936,-16,140,-188,-14572,3944,3948,-958,116,-111,-14648,-3540,5428,-488,128,-103,0
2231.2718210220337,10112,5484,11020,-226,-115,132,9848,-8888,9004,13,173,-161,-14644,3992,3832,-1016,128,-98,-14768,-3732,5508,-503,149,-105,0
2231.305473089218,10136,5432,10956,-206,-64,134,9804,-8844,8816,5,152,-177,-14760,3924,3628,-1004,150,-80,-14724,-3608,5364,-456,125,-65,0
2231.339038133621,10160,5428,10948,-210,-44,108,9880,-8964,8948,-4,179,-170,-14720,3912,4024,-1022,118,-125,-14792,-3616,5508,-452,144,-88,0
2231.372298002243,10044,5524,10860,-227,-78,108,9876,-8836,8964,37,176,-178,-14812,3936,3844,-1048,126,-122,-14676,-3508,5488,-449,157,-35,0
2231.4055049419403,10132,5448,11152,-201,-50,125,9912,-8884,8848,-255,167,-191,-14600,3868,3916,-1279,120,-94,-14660,-3672,5576,-406,182,-60,0
2231.438920021057,10200,5524,10856,-232,-111,143,9936,-8944,9176,248,149,-194,-14576,3872,3836,-1050,80,-123,-14712,-3656,5556,-345,170,-61,0
2231.4724910259247,10088,5432,10968,-218,-83,117,10160,-8820,9164,-30,137,-200,-14684,3940,3888,-1269,67,-154,-14628,-3568,5560,-365,147,-61,0
2231.506082057953,10284,5408,10692,-201,-138,134,9980,-8900,8752,2,132,-207,-14588,3920,3936,-1031,80,-142,-14664,-3756,5220,-370,187,-84,0
2231.5397069454193,10080,5460,11016,-194,-172,150,9892,-8884,8916,2,180,-196,-14624,3860,3892,-1077,51,-114,-14724,-3600,5476,-369,197,-87,0
2231.5727989673615,10044,5328,10872,-164,-208,153,9848,-8864,8920,-17,138,-182,-14632,3924,3892,-1085,54,-128,-14760,-3528,5312,-324,195,-76,0
2231.6064090728764,10140,5384,10784,-142,-128,126,9904,-8788,9000,42,148,-188,-14600,3904,3888,-1124,44,-174,-14740,-3600,5320,-343,268,-73,0
2231.639717102051,10156,5428,11064,-278,-220,159,9932,-8772,9012,27,157,-192,-14660,3940,3764,-1098,252,-126,-14628,-3544,5476,-419,308,-115,0
2231.6732499599457,10144,5568,10772,-268,-115,141,10156,-8808,9188,36,162,-191,-14476,3696,3932,-1069,-57,-95,-14764,-3568,5180,-460,293,-93,0
2231.7070281505585,10128,5380,10852,-265,-122,130,9860,-8884,9064,8,156,-172,-14616,3820,3760,-1091,-39,-100,-14248,-3388,5004,-669,307,-96,0
2231.7404370307922,10088,5308,11400,-176,-75,178,9840,-8780,9008,-3,149,-174,-14644,3864,3988,-1091,-55,-125,-14364,-3652,5616,-382,185,-101,0
2231.773779153824,10268,5408,10876,-206,-23,159,9844,-8772,8848,-40,92,-156,-14716,4064,3880,-985,-100,-141,-14608,-3552,5564,-419,236,-117,0
2231.8073749542236,10224,5272,10952,-191,-100,84,9900,-8896,8976,-69,134,-186,-14536,3908,4028,-1039,-168,-113,-15052,-3476,5604,-433,313,-138,0
2231.840801000595,10044,5428,10936,-185,-169,144,9940,-8812,9100,-113,142,-190,-14348,3888,4268,-982,-138,-111,-14736,-3468,5372,-395,293,-104,0
2231.8772671222687,10176,5388,10972,-171,-175,112,9880,-8768,9088,-177,174,-207,-14612,3652,3968,-1038,-164,-125,-14648,-3396,5596,-401,323,-104,0
2231.911805152893,10208,5332,10516,-199,-137,126,9888,-8912,9012,-133,135,-166,-14708,3956,3828,-1126,-107,-111,-14848,-3452,5356,-431,246,-107,0
2231.9480299949646,10176,5364,10944,-148,-45,102,9892,-8792,9100,-119,187,-151,-14544,3840,4036,-1090,-143,-95,-14764,-3584,5380,-403,187,-128,0
2231.9832730293274,10072,5396,11020,-191,-36,99,9960,-9156,8836,-126,207,-144,-14544,3856,3992,-1106,-110,-95,-14660,-3548,5304,-375,191,-128,0
2232.0182449817657,10056,5444,10912,-160,-48,103,9848,-8860,8764,-111,193,-165,-14444,3816,4220,-1114,-31,-137,-14676,-3548,5260,-411,225,-102,0
2232.054031133652,10116,5372,10888,-214,-104,142,9848,-8896,8976,-51,151,-174,-14496,3808,3980,-1113,18,-141,-14700,-3392,5352,-452,256,-99,0
2232.0894260406494,10072,5448,10816,-212,-109,152,9900,-8944,8984,-59,133,-159,-14584,3644,4004,-1104,43,-130,-14756,-3524,5292,-445,1,-94,0
2232.124340057373,10116,5432,10780,-173,-76,112,9812,-8872,8892,-51,126,-202,-14508,3812,4136,-1082,20,-146,-14784,-3804,5124,-465,234,-139,0
2232.1596450805664,10124,5364,11068,-166,-90,118,9944,-9004,8932,-56,147,-194,-14560,3948,3912,-1084,63,-111,-14820,-3524,5260,-456,221,-121,0
2232.1950111389165,10256,5364,10956,-81,-55,101,9940,-8908,8900,-99,155,-192,-14796,3888,4076,-1090,18,-97,-14812,-3520,5172,-473,219,-159,0
2232.2306530475616,10224,5420,10760,-105,-48,79,9736,-8788,8840,-94,142,-165,-14512,4092,3892,-771,9,-56,-14652,-3508,5296,-470,220,-154,0
2232.265291929245,10112,5264,10804,-72,-10,69,9916,-8836,8880,-134,129,-169,-14580,3748,4116,-1001,-24,-94,-14836,-3540,5256,-465,244,-143,0
2232.3011939525604,10248,5368,10836,-118,-47,78,9944,-8900,8780,-74,148,-186,-14516,3956,4060,-1012,20,-81,-14844,-3516,5240,-530,212,-159,0
2232.3371620178223,10200,5488,10928,-115,-83,78,10004,-8852,8960,-78,103,-200,-14352,3904,4192,-1018,18,-76,-14764,-3472,5324,-518,220,-154,0
2232.37238407135,10184,5332,10980,-105,-54,90,9936,-9192,8896,-83,97,-182,-14512,3804,4176,-993,15,-60,-14668,-3572,5132,-520,219,-167,0
2232.407582998276,10208,5372,10924,-84,-67,109,9876,-8844,8844,-52,103,-195,-14560,3812,4084,-980,37,-106,-14788,-3564,5240,-258,195,-153,0
2232.4427521228786,10064,5440,10880,-94,-85,113,9916,-8848,8972,-94,110,-173,-14536,3864,4204,-966,36,-83,-15084,-3560,5244,-538,159,-145,0
2232.4782569408417,10096,5436,10912,-90,-90,93,10008,-8840,8904,-87,133,-157,-14520,3856,4028,-964,79,-70,-14820,-3476,5260,-543,159,-169,0
2232.5136930942535,10156,5476,10916,-156,-106,97,9836,-8832,8996,-69,151,-155,-14416,3836,4196,-959,63,-90,-14780,-3488,5284,-522,163,-120,0
2232.5492401123047,10100,5500,10880,-118,-36,128,9952,-8852,9060,-52,100,-151,-14496,3852,4040,-927,129,-70,-14820,-3656,5352,-472,173,-137,0
2232.5824959278107,10052,5424,11056,-135,-94,87,9864,-8900,8736,-27,98,-201,-14828,3592,4436,-908,96,-52,-14844,-3540,5264,-481,181,-151,0
2232.6161439418793,10164,5320,10832,-162,-52,131,9844,-8940,8900,-12,123,-175,-14500,3584,3856,-964,104,-54,-14788,-3828,5292,-500,182,-151,0
2232.649567127228,10004,5388,10824,-142,-23,91,9936,-8800,8928,-16,105,-159,-14496,3916,4236,-961,71,-75,-14616,-3548,5272,-486,140,-149,0
2232.682834148407,9984,5480,10824,-148,-249,91,9904,-8968,8996,-66,117,-152,-14492,3852,3960,-932,65,-91,-14796,-3628,5308,-459,130,-160,0
2232.7163939476013,10132,5524,10856,-157,-29,95,9896,-8924,8880,-48,133,-162,-14496,3600,3920,-988,42,-35,-14708,-3480,5236,-480,158,-138,0
2232.749794960022,10124,5380,10824,-149,-83,110,9968,-8896,8784,-44,127,-187,-14504,3912,3960,-996,117,-89,-14756,-3472,5316,-465,180,-134,0
2232.7831051349644,10024,5420,10680,-146,-37,129,9756,-9152,8836,-42,97,-178,-14584,3828,4248,-990,58,-114,-14772,-3396,5332,-474,206,-148,0
2232.816924095154,10052,5456,10988,-150,-62,96,9864,-8848,8716,-53,107,-223,-14580,3848,4132,-940,84,-139,-14832,-3644,5216,-459,231,-135,0
2232.8505189418793,10000,5500,10976,-159,-88,86,9844,-8900,8796,-25,116,-189,-14492,3908,4108,-970,73,-77,-14752,-3532,5384,-465,213,-123,0
2232.8837029933934,10072,5384,10808,-168,-60,106,9796,-8716,8876,-11,134,-195,-14560,3896,4200,-1024,65,-99,-14700,-3516,5336,-439,227,-155,0
2232.917102098465,10092,5412,10940,-132,-14,114,9876,-8776,8760,13,96,-185,-14580,3752,3992,-1045,61,-107,-14704,-3580,5160,-413,175,-116,0
2232.950537919998,10168,5376,10956,-123,-28,100,9908,-8876,8924,-23,99,-178,-14452,4076,4128,-1039,51,-111,-14816,-3420,5268,-342,224,-120,0
2232.9840250015254,10156,5120,10976,-159,-50,89,9924,-8868,9156,-42,134,-194,-14732,3812,4056,-1026,67,-87,-15012,-3544,5316,-358,173,-143,0
2233.0176470279694,10212,5384,10864,-176,-8,85,9928,-8844,8884,-255,159,-171,-14400,4084,4008,-1076,115,-75,-14784,-3572,5308,-365,201,-119,0
2233.051259994507,10160,5428,11008,-127,-4,90,9844,-8944,8720,5,139,-184,-14560,3872,3972,-1105,88,-95,-14888,-3536,5284,-387,176,-111,0
2233.084809064865,10164,5424,10764,-145,-22,98,9832,-8900,8932,7,147,-174,-14464,3840,3960,-1083,116,-137,-14788,-3528,5172,-414,162,-136,0
2233.117938041687,10072,5460,10912,-139,-17,63,9844,-8816,8864,-3,128,-181,-14536,3864,4128,-1092,58,-127,-14820,-3512,5384,-367,151,-86,0
2233.151320934296,10116,5412,10896,-113,255,88,9912,-8824,9008,-30,132,-167,-14480,3888,4292,-1017,113,-68,-14792,-3624,5320,-419,140,-108,0
2233.184942007065,10056,5348,10904,-153,12,104,9960,-8980,8928,23,159,-171,-14572,3892,4276,-1083,73,-62,-14732,-3544,5396,-410,118,-143,0
2233.218547105789,10060,5484,10896,-130,-8,99,9980,-8828,8980,-28,158,-144,-14536,3848,4256,-1055,141,-84,-14812,-3604,5192,-426,89,-91,0
2233.252012014389,10040,5420,10972,-145,-37,71,9880,-8872,8920,-70,147,-174,-14516,3844,4068,-1037,74,-97,-14740,-3456,5192,-413,76,-121,0
2233.288334131241,10176,5472,10932,-162,-12,77,9856,-8932,9036,-24,123,-169,-14464,3880,4300,-1101,102,-79,-14788,-3532,5152,-456,133,-122,0
2233.321866989136,10112,5344,10828,-130,-9,80,9848,-8848,8952,12,122,-167,-14348,3608,3976,-1050,94,-47,-14744,-3548,5376,-449,87,-130,0
2233.3555269241333,10028,5484,11200,-120,249,76,9928,-8828,8716,-28,142,-194,-14408,4064,4260,-1030,71,-58,-14600,-3492,5184,-444,105,-121,0
2233.3889510631566,10004,5372,11104,-159,16,72,9984,-8836,8788,-54,123,-195,-14560,3804,4152,-1038,84,-91,-14748,-3488,5244,-411,108,-105,0
2233.422488927841,10108,5516,11048,-143,-24,89,9852,-8800,8988,-33,150,-150,-14460,3928,4200,-1072,121,-86,-14852,-3500,5104,-461,127,-134,0
2233.456123113632,10064,5556,10904,-157,-42,110,9812,-8844,8740,-2,184,-169,-14460,3860,4248,-1077,116,-76,-14712,-3560,5196,-494,105,-98,0
2233.48964715004,10064,5512,10912,-112,-35,94,9872,-8908,8956,4,171,-175,-14432,3584,4132,-1076,151,-46,-14580,-3508,5224,-505,114,-97,0
2233.5230691432953,10216,5464,11248,-138,-80,78,9792,-8916,8948,43,189,-189,-14524,3640,4184,-1073,145,-126,-14756,-3536,5480,-499,119,-97,0
2233.558990955353,10216,5432,10944,-71,-50,62,9876,-8884,9072,33,260,-168,-14592,3796,4252,-1039,99,-128,-14836,-3500,5372,-553,128,-114,0
2233.595034122467,10012,5496,10980,-132,-125,80,9920,-9184,8864,19,212,-201,-14524,3872,4228,-1020,114,-94,-14792,-3584,5344,-560,149,-79,0
2233.630630016327,10224,5396,11048,-184,-142,94,9740,-8864,8972,10,185,-191,-14468,3808,4164,-1011,129,-129,-14816,-3532,5528,-497,173,-56,0
2233.6660799980164,10052,5484,11176,-186,-96,88,9888,-9112,8904,-2,169,-187,-14528,3796,4144,-981,136,-123,-14796,-3576,5340,-500,147,-70,0
2233.701805114746,10236,5416,10792,-220,-142,119,9876,-8780,8984,-14,174,-180,-14596,3824,4016,-1038,155,-135,-14908,-3504,5364,-492,136,-98,0
2233.738085985184,10104,5480,10960,-202,-72,111,9576,-8976,9164,-45,183,-189,-14468,3888,4172,-1035,141,-85,-14824,-3552,5420,-482,150,-60,0
2233.773404121399,10236,5180,10964,-218,-111,130,9884,-8856,9096,-25,161,-188,-14500,3800,4300,-1019,142,-125,-14812,-3508,5240,-492,144,-88,0
2233.809469938278,10100,5512,11252,-229,-96,119,9904,-8808,9212,-13,154,-198,-14456,3748,3916,-1001,134,-116,-14904,-3476,5340,-269,147,-73,0
2233.844628095627,9980,5496,10904,-224,-142,140,9900,-8948,9060,-31,144,-193,-14508,3844,4156,-998,146,-78,-14812,-3476,5276,-505,111,-100,0
2233.8801951408386,10148,5376,10936,-209,-133,150,9856,-8916,9036,-14,168,-152,-14368,3780,3960,-1006,121,-105,-14680,-3800,5148,-561,115,-124,0
2233.9154920578003,10104,5560,11020,-293,-127,117,9820,-8864,8968,15,172,-165,-14464,3800,3960,-980,95,-105,-14864,-3544,5344,-508,135,-99,0
2233.9508781433105,10144,5488,10868,-183,-122,111,9972,-8832,9020,-29,117,-186,-14516,3776,4196,-990,128,-122,-14784,-3456,5356,-475,130,-93,0
2233.9861600399017,10180,5432,10904,-285,-169,101,9868,-8936,8960,252,160,-227,-14360,3672,4160,-969,126,-118,-14856,-3464,5192,-497,183,-83,0
2234.021865129471,10144,5132,10908,-198,-114,113,9956,-8860,8856,-256,156,-185,-14452,4084,4240,-1003,83,-134,-14804,-3492,5296,-487,132,-108,0
2234.057879924774,10120,5344,10836,-213,-105,131,9892,-8856,9132,22,126,-159,-14568,3876,3900,-984,102,-80,-14884,-3584,5312,-521,114,-120,0
2234.0926949977875,10208,5476,10888,-229,-127,135,9880,-8872,8988,-36,141,-181,-14580,3824,4232,-942,126,-95,-14796,-3428,5268,-260,110,-94,0
2234.1287081241608,10072,5400,11008,-203,-157,138,9828,-8900,8720,-37,146,-150,-14540,3748,4196,-1279,118,-106,-14780,-3440,5276,-501,157,-97,0
2234.1635470390324,10140,5364,10880,-220,-175,150,9876,-8840,8952,7,170,-191,-14528,3764,4088,-1011,139,-66,-14760,-3476,5288,-478,162,-50,0
2234.200783967972,10128,5320,10848,-207,-144,137,9820,-8896,8896,-18,120,-218,-14556,3844,4204,-770,114,-156,-14848,-3452,5188,-494,166,-93,0
2234.2343440055847,10132,5460,10824,-228,-187,120,9904,-8828,8736,-13,149,-200,-14468,3804,4164,-1279,167,-119,-14824,-3564,5324,-494,161,-117,0
2234.2677929401398,10144,5388,11028,-221,-138,131,9868,-8916,9116,-9,157,-204,-14536,3796,4040,-975,100,-95,-14800,-3468,5292,-496,132,-99,0
2234.301288127899,10160,5484,10868,-221,-146,132,9876,-8876,9068,3,131,-194,-14540,3824,3880,-1003,106,-92,-14900,-3512,5392,-765,149,-100,0
2234.3348519802094,10012,5360,10980,-175,-136,136,9752,-8776,9024,-31,136,-184,-14496,3796,4140,-982,117,-140,-14628,-3492,5320,-498,128,-89,0
2234.368368148804,10204,5488,10892,-204,-175,132,10100,-8816,8716,-13,136,-184,-14572,3888,4204,-982,121,-133,-14740,-3436,5348,-493,133,-95,0
2234.4017770290375,10364,5344,10896,-206,-154,103,9904,-8816,8704,-22,144,-180,-14480,3816,3892,-973,88,-91,-14748,-3460,5308,-504,154,-94,0
2234.4353210926056,10224,5328,10952,-169,-138,121,9768,-8908,8940,-23,120,-197,-14600,3936,3880,-991,128,-99,-14796,-3500,5276,-502,155,-72,0
2234.4690289497375,10164,5392,11048,-158,-124,113,9816,-8836,8936,16,134,-206,-14516,4060,4164,-1001,157,-99,-14792,-3540,5300,-257,155,-138,0
2234.502612113952,10084,5424,11204,-131,-130,119,9856,-8968,8904,-52,83,-211,-14516,3588,4180,-981,150,-147,-14632,-3392,5252,-486,151,-98,0
2234.5364689826965,10112,5624,10928,-158,-147,123,9968,-8768,9004,-57,119,-197,-14520,3728,4000,-982,120,-135,-14836,-3420,5496,-482,117,-112,0
2234.5698111057286,10276,5372,10764,-61,-77,78,9804,-8824,8972,-87,168,-182,-14672,3844,4028,-972,106,-26,-14804,-3324,5312,-516,119,-126,0
2234.6031789779663,10248,5388,11004,-132,-82,69,9868,-8912,9000,-28,126,-180,-14572,3708,4032,-991,95,-84,-14668,-3424,5380,-517,109,-132,0
2234.636199951172,10460,5420,10960,-103,-45,71,9844,-8756,9112,-75,129,-174,-14532,3676,4064,-985,117,-92,-14848,-3500,5348,-504,109,-110,0
2234.669783115387,10136,5440,10920,-118,-73,92,9836,-8844,8908,-66,144,-207,-14572,3832,4060,-960,107,-104,-14736,-3428,5388,-502,142,-138,0
2234.7034101486206,10152,5292,10936,-140,-111,54,9996,-8912,8932,-27,90,-180,-14568,3980,3952,-587,-11,-62,-14720,-3516,5228,-568,218,-209,0
2234.737226009369,10188,5348,10796,40,-31,77,9820,-8964,8892,-201,-13,-153,-14668,3956,4308,-377,-235,-9,-14796,-3552,5228,-551,237,-194,0
2234.7706220149994,10176,5444,10948,56,-25,60,9784,-8828,9012,-232,77,-133,-14488,3744,4128,-687,-189,-20,-14860,-3552,5288,-545,176,-175,0
2234.8038790225983,10160,5468,10888,-256,-83,68,9924,-8864,8944,-512,-20,-104,-14516,3944,4196,-569,-384,-78,-14796,-3528,5340,-492,308,-167,0
2234.8373939991,10020,5376,10764,16,-21,104,9848,-8860,8876,-162,59,-102,-14436,3796,4024,-601,-64,-68,-14884,-3492,5336,-595,71,-160,0
2234.8708369731903,10136,5372,10796,-35,-41,110,9828,-8904,8880,-111,68,-169,-14400,3936,4488,-811,-86,-50,-14704,-3544,5332,-543,126,-142,0
2234.9042620658875,10124,5456,11024,250,-74,105,9776,-8852,8880,-124,41,-169,-14504,3952,4148,-831,-107,-86,-14680,-3836,5280,-488,154,-136,0
2234.9379110336304,10164,5460,10756,-13,-68,105,9868,-9096,8984,-81,36,-192,-14512,3868,4212,-802,-20,-88,-14980,-3492,5212,-447,82,-112,0
2234.9714210033417,10224,5524,10824,-89,-39,103,9940,-8988,9100,-23,29,-200,-14496,3960,4236,-948,118,-113,-14796,-3524,5324,-455,53,-93,0
2235.00505399704,9988,5548,10920,-123,-34,91,9868,-8952,8816,38,51,-200,-14544,3808,4372,-1131,165,-92,-14816,-3528,5364,-437,83,-97,0
2235.0386090278625,10192,5528,10872,-149,4,123,9948,-8832,8952,26,75,-186,-14520,3892,4168,-1210,232,-74,-14784,-3524,5184,-411,124,-96,0
2235.07230591774,10128,5352,10996,-177,-8,87,10000,-8844,8868,-21,101,-186,-14452,3920,4248,-1083,215,-62,-14760,-3456,5348,-400,132,-110,0
2235.1057801246643,10128,5572,10984,-173,-60,112,9928,-9200,9044,44,93,-207,-14388,3932,4112,-1037,173,-135,-14784,-3452,5356,-425,177,-96,0
2235.1391780376434,10112,5480,10984,-173,-39,96,9808,-8908,8868,32,112,-215,-14472,3872,4028,-1117,234,-110,-14624,-3460,5560,-467,137,-114,0
2235.1727790832524,10124,5480,10876,-149,-63,130,9944,-8960,8896,36,105,-200,-14468,3676,4348,-1048,219,-110,-14788,-3536,5216,-502,114,-107,0
2235.2061109542847,10132,5432,10924,-160,-24,125,10156,-8816,9020,14,122,-206,-14520,3820,4128,-1080,194,-51,-14716,-3560,5304,-488,134,-133,0
2235.242823123932,10156,5428,10792,-183,-46,106,9892,-8884,8720,-250,137,-213,-14576,3960,4112,-1055,191,-98,-14808,-3628,5488,-470,124,-120,0
2235.2790739536285,10040,5480,10936,-160,-246,122,9964,-8888,9144,-54,156,-168,-14544,3984,4092,-1091,151,-93,-14764,-3564,5212,-492,112,-125,0
2235.314614057541,10020,5352,11000,-188,-33,62,9920,-8852,8952,-6,171,-175,-14480,3884,4252,-1117,173,-89,-14708,-3524,5180,-477,120,-104,0
2235.3501920700073,10096,5572,10804,-165,28,117,9980,-8864,8896,-21,165,-188,-14536,3588,4108,-1110,216,-116,-14752,-3592,5256,-472,75,-134,0
2235.385313034057,10024,5488,10768,-189,-60,77,9956,-8824,8896,244,174,-208,-14600,3952,4168,-1126,163,-65,-14792,-3504,5264,-493,88,-145,0
2235.4203250408173,10000,5412,10860,-206,1,71,9872,-8844,9000,15,143,-183,-14472,3804,4056,-1163,151,-60,-14840,-3528,5240,-489,89,-137,0
2235.4554121494293,10132,5376,10872,-179,-8,92,9912,-8852,9176,33,147,-174,-14504,3868,4184,-1113,170,-55,-14712,-3744,5268,-512,99,-145,0
2235.491212129593,9760,5464,10832,-153,-11,90,9864,-8992,8868,-29,145,-179,-14440,3904,4600,-1056,134,-71,-14660,-3604,5388,-495,96,-133,0
2235.5271899700165,10100,5464,11016,-169,-67,107,9932,-8884,8860,-38,162,-172,-14592,3952,4260,-1073,173,-70,-14652,-3512,5532,-503,113,-115,0
2235.56245303154,10112,5496,10820,-165,-32,82,9868,-8832,8912,-44,158,-161,-14412,3848,3936,-1067,137,-72,-14596,-3372,5364,-510,139,-127,0
2235.597671985626,10064,5504,10852,-193,-59,96,9828,-9124,9036,-44,123,-199,-14508,3936,4100,-1081,106,-82,-14772,-3476,5268,-505,166,-116,0
2235.6336109638214,10052,5500,10920,-176,-60,92,9808,-8880,8932,-13,129,-204,-14560,3872,4112,-1030,115,-123,-14836,-3480,5348,-502,154,-125,0
2235.6692209243774,10028,5532,10872,-185,-50,97,9944,-8852,8936,-11,173,-190,-14452,3628,3864,-1060,83,-100,-14672,-3552,5164,-463,130,-139,0
2235.705052137375,10056,5520,10904,-203,-13,65,9936,-8896,9112,-7,167,-194,-14536,3932,4220,-1050,81,-25,-14688,-3616,5292,-480,137,-139,0
2235.7407281398773,10156,5508,11040,-182,-48,95,9800,-8840,8836,-47,185,-177,-14472,3840,4172,-1045,111,-57,-14724,-3640,5268,-505,146,-149,0
2235.7755279541016,10128,5472,11032,-185,-56,83,9812,-8852,8900,-40,148,-209,-14440,3924,4112,-1001,85,-61,-14688,-3612,5408,-489,136,-140,0
2235.8115401268005,10044,5444,10972,-182,-62,84,9900,-8752,8788,-40,172,-205,-14468,3840,4156,-1008,98,-94,-14776,-3544,5464,-492,152,-158,0
2235.8471529483795,10100,5520,10984,-167,-35,113,9864,-8844,8884,-17,160,-179,-14504,3980,4228,-1029,83,-60,-14752,-3572,5372,-462,128,-126,0
2235.883625984192,10148,5512,10764,-147,-21,108,9840,-9208,9028,-10,152,-186,-14528,3852,3884,-1018,78,-90,-14756,-3816,5548,-488,157,-125,0
2235.9171011447906,10112,5440,10992,-152,-39,90,10124,-8904,9132,-45,126,-185,-14484,3892,4232,-982,81,-115,-14736,-3596,5332,-507,157,-107,0
2235.9507999420166,10092,5536,10836,-157,-69,111,9896,-8948,8972,-31,131,-180,-14540,3916,4268,-997,76,-55,-14720,-3592,5296,-490,150,-125,0
2235.984111070633,10080,5464,11020,-155,-52,137,9924,-8824,8912,-47,120,-177,-14452,3896,4152,-1013,104,-85,-14672,-3608,5276,-505,163,-126,0
2236.0178079605103,10060,5456,10876,-181,-66,124,9920,-8916,8704,-15,137,-173,-14368,3820,4308,-986,96,-116,-14824,-3568,5320,-493,165,-125,0
2236.051267147064,10136,5496,10936,-189,-41,112,9916,-8896,9196,-16,137,-190,-14456,3608,4008,-1004,108,-143,-14704,-3332,5248,-494,153,-109,0
2236.084818124771,9976,5468,10768,-201,-50,140,9896,-8872,8924,-26,149,-176,-14492,3676,4144,-974,88,-88,-14744,-3520,5188,-466,162,-116,0
2236.118278026581,10004,5472,10932,-219,-74,91,9936,-8892,9008,-41,148,-189,-14488,3948,4324,-950,96,-121,-14744,-3540,5324,-495,141,-99,0
2236.151463985443,10128,5456,11248,-184,-81,132,9860,-8840,8944,-75,152,-161,-14416,3900,3904,-949,103,-129,-14748,-3452,5372,-516,122,-83,0
2236.1849911212926,10060,5448,10936,-202,-101,137,9872,-8848,8972,-23,161,-182,-14484,3880,4100,-963,86,-135,-14652,-3528,5560,-524,140,-89,0
2236.2185540199284,10000,5524,10880,-226,-123,133,9924,-8860,8888,-23,134,-159,-14500,4028,4244,-975,134,-97,-14716,-3528,5264,-493,129,-76,0
2236.252023935318,10016,5452,10940,-173,-94,119,9912,-8808,9104,-62,152,-194,-14604,3868,4016,-947,133,-91,-14720,-3544,5188,-502,132,-101,0
2236.2855060100555,10036,5436,10952,-259,-117,97,9872,-8788,9176,4,178,-183,-14656,3844,4040,-958,127,-115,-14780,-3472,5356,-476,163,-76,0
2236.319167137146,10084,5480,10912,-193,-91,151,9900,-8792,8876,7,130,-165,-14516,3948,4016,-993,123,-96,-14684,-3568,5288,-505,148,-106,0
2236.3530049324036,10108,5436,10716,-204,-73,128,9852,-8804,8940,-4,141,-167,-14480,3884,4080,-968,100,-78,-14784,-3552,5232,-480,128,-136,0
2236.38605594635,10032,5484,10896,-13,-57,144,9780,-8916,9008,-50,146,-188,-14804,3912,4076,-944,147,-91,-14784,-3620,5312,-481,136,-69,0
2236.4197959899902,10064,5472,11000,-236,-120,150,9872,-8900,8876,-8,125,-186,-14796,3592,4160,-966,152,-78,-14728,-3416,5532,-491,171,-94,0
2236.4534549713135,10100,5416,11060,-212,-115,152,9860,-9160,8788,19,149,-207,-14552,3824,4236,-992,152,-58,-14748,-3540,5248,-479,159,-68,0
2236.4868130683894,10020,5468,10936,-231,-96,164,9868,-8896,8804,19,128,-194,-14392,3880,3952,-992,150,-103,-14760,-3492,5584,-488,167,-108,0
2236.520352125168,10068,5440,10936,-214,-100,142,9884,-8840,8912,20,105,-189,-14512,3932,3960,-956,135,-128,-14760,-3616,5604,-496,124,-80,0
2236.5539100170135,10092,5464,10824,-239,-105,128,9852,-8796,8944,33,150,-185,-14372,3892,4060,-929,186,-81,-14772,-3528,5132,-502,116,-81,0
2236.5872809886932,10060,5428,10912,-218,-67,154,9912,-8824,9072,17,107,-191,-14656,3860,4168,-966,211,-80,-14776,-3432,5340,-505,138,-82,0
2236.62082195282,10076,5168,11120,-231,-104,190,9832,-8836,8972,52,165,-195,-14516,3884,4056,-1022,234,-141,-14700,-3820,5340,-480,129,-84,0
2236.6541950702667,10144,5520,10968,-267,-115,146,9952,-8872,8996,1,120,-203,-14676,3624,4156,-938,184,-114,-14760,-3576,5260,-479,144,-78,0
2236.687391996384,10044,5396,10956,-240,-129,117,9896,-8956,8896,0,154,-213,-14584,3868,4224,-952,145,-93,-14768,-3472,5348,-493,151,-101,0
2236.721120119095,10152,5456,10928,-208,-132,117,10036,-8796,8908,26,152,-191,-14560,3992,3956,-983,126,-101,-14756,-3540,5284,-484,132,-84,0
2236.754536151886,10040,5368,11244,-203,-115,126,9904,-8792,9012,23,131,-192,-14532,4008,4068,-993,145,-131,-14800,-3528,5368,-500,109,-97,0
2236.787745952606,10016,5344,10928,-207,-120,134,9860,-8844,8932,21,151,-178,-14500,3876,3988,-975,163,-147,-14776,-3476,5184,-502,115,-107,0
2236.821321964264,10048,5396,10940,-202,-129,128,9828,-8820,8896,20,114,-170,-14432,4056,4028,-1035,157,-119,-14804,-3536,5292,-487,140,-68,0
2236.854900121689,10168,5416,10856,-214,-107,154,9928,-8744,8788,13,159,-187,-14544,3832,4072,-1017,156,-92,-14752,-3460,5340,-503,121,-94,0
2236.888244152069,10136,5428,10904,-194,-143,152,10004,-8808,8856,-7,121,-150,-14512,3596,3972,-992,161,-109,-14736,-3808,5124,-512,123,-109,0
2236.924987077713,10028,5536,10932,-188,-121,126,9948,-8768,8712,-7,120,-204,-14488,3928,4136,-1035,129,-111,-14732,-3380,5180,-482,124,-114,0
2236.9608089923854,10052,5376,10948,-235,-139,133,9892,-8804,8916,6,158,-188,-14504,3788,4168,-1011,153,-100,-14776,-3520,5384,-507,117,-76,0
2236.9971079826355,10200,5420,10912,-150,-105,131,9904,-8864,9088,-64,81,-162,-14396,4072,4232,-978,117,-74,-14604,-3536,5408,-515,111,-88,0
2237.0323319435124,10120,5280,10524,-192,-127,115,9968,-8852,8936,-13,98,-213,-14780,3956,4076,-1046,147,-120,-14832,-3544,5424,-523,126,-122,0
2237.0680360794067,10140,5560,10788,-143,-79,98,9860,-8816,8880,-59,88,-166,-14540,3820,3956,-1033,166,-79,-14792,-3760,5384,-488,118,-120,0
2237.102905035019,10228,5292,10880,-101,-116,95,9872,-8900,9116,-86,152,-199,-14560,3880,3784,-1000,143,-133,-14808,-3424,5428,-473,140,-137,0
2237.138699054718,10148,5288,10936,-151,-47,99,9856,-8836,8724,-29,122,-182,-14832,4012,4000,-1053,132,-90,-14820,-3484,5356,-528,125,-121,0
2237.1742401123047,10200,5168,11080,-126,26,81,9868,-8780,8940,-29,125,-142,-14352,4080,3968,-1021,100,-94,-14796,-3580,5364,-501,76,-147,0
2237.2099709510803,10120,5372,10904,-132,-15,77,9904,-8844,9032,-58,170,-162,-14548,3868,4216,-1012,97,-43,-14780,-3496,5528,-503,84,-162,0
2237.244873046875,10180,5436,10976,-179,-36,88,9980,-8864,9012,-69,127,-183,-14492,3836,4028,-958,100,-106,-14784,-3516,5404,-487,121,-165,0
2237.2803490161896,10096,5328,11016,-105,-55,90,9944,-8772,9128,-57,120,-178,-14536,3872,4296,-996,118,-95,-14708,-3580,5276,-766,156,-141,0
2237.3156321048737,10076,5348,10936,-149,-86,99,9756,-8964,8936,-42,179,-194,-14476,4040,4060,-1051,182,-96,-14744,-3496,5396,-503,160,-124,0
2237.3511760234833,10136,5496,10996,-104,-42,125,9904,-8952,8912,-64,129,-164,-14540,3856,3944,-1005,148,-76,-14816,-3760,5524,-495,95,-151,0
2237.386090040207,10124,5420,11032,-169,-51,103,10180,-8888,8980,-61,118,-162,-14544,3884,4224,-991,173,-98,-14672,-3496,5352,-494,80,-100,0
2237.4218931198125,10104,5616,10764,-131,-14,82,9868,-9180,8900,-34,119,-163,-14500,3868,3992,-1007,157,-97,-14668,-3528,5436,-258,104,-145,0
2237.458137989044,10144,5368,11016,-134,-15,93,9808,-8884,8960,40,134,-167,-14696,3908,3992,-1002,156,-84,-14648,-3620,5560,-513,104,-114,0
2237.493374109268,10008,5380,11160,-126,-17,111,9896,-8732,8948,-96,107,-182,-14844,3736,4020,-1036,162,-92,-14800,-3588,5380,-474,124,-111,0
2237.528916120529,10028,5368,11056,-198,-57,81,9836,-8856,8968,-46,142,-203,-14560,3900,4168,-1279,158,-79,-14816,-3432,5396,-488,149,-117,0
2237.5652050971985,10112,5372,10928,-147,-51,80,10052,-8884,8992,-29,106,-212,-14368,3960,3944,-973,159,-65,-14848,-3512,5164,-490,104,-152,0
2237.5985860824585,10060,5452,11092,-123,-14,108,9876,-8736,8876,-11,91,-200,-14564,3860,3924,-772,175,-87,-14800,-3552,5128,-503,134,-103,0
2237.632038116455,10128,5416,11036,-126,-21,110,9756,-8892,8708,-46,132,-193,-14656,3984,3892,-999,183,-104,-14768,-3496,5168,-526,112,-181,0
2237.6654920578003,10068,5340,11064,-140,-18,108,9992,-8908,8892,-40,130,-187,-14760,3920,3968,-1001,215,-87,-14676,-3356,5432,-517,125,-138,0
2237.698751926422,10092,5472,10896,-160,-33,96,9840,-8800,8836,-13,109,-185,-14640,3936,3668,-1015,190,-72,-14636,-3656,5412,-520,137,-117,0
2237.731812953949,10064,5388,10940,-157,-17,98,9952,-8792,8892,-34,129,-203,-14584,3912,4124,-998,195,-96,-14716,-3544,5196,-494,141,-138,0
2237.765445947647,10104,5480,10896,-118,-31,120,9912,-8804,9008,-62,140,-151,-14824,3996,4032,-937,137,-75,-14736,-3536,5248,-555,74,-97,0
2237.7989490032196,10084,5596,10928,-130,-34,100,9928,-8896,8784,-17,135,-153,-14536,3980,3940,-970,146,-69,-14676,-3832,5472,-552,83,-125,0
2237.832654953003,10084,5480,10952,-154,14,111,9912,-8832,8840,-26,118,-124,-14496,3900,4032,-947,167,-29,-14604,-3600,5436,-565,53,-89,0
2237.866243124008,10032,5436,10808,-131,23,116,9912,-8824,8804,-110,131,-144,-14628,3840,3992,-954,113,-67,-14740,-3552,5144,-585,38,-150,0
2237.8994410037994,10112,5576,11260,-145,-74,91,9880,-8860,8944,-73,129,-179,-14680,3992,3968,-910,125,-69,-15044,-3448,5488,-685,31,-149,0
2237.932827949524,10112,5436,11080,-87,5,100,9928,-8908,8836,-36,109,-142,-14448,3940,3940,-885,114,-50,-14688,-3452,5476,-674,20,-131,0
2237.9660301208496,10080,5432,10792,-84,-47,116,9756,-8888,8896,-55,99,-150,-14536,3816,4112,-899,105,-48,-14684,-3336,5380,-668,253,-161,0
2237.999619960785,10108,5380,10912,-97,-55,82,9940,-8920,9080,-68,93,-166,-14500,3896,3732,-848,69,-32,-14680,-3608,5452,-695,59,-140,0
2238.0333700180054,10040,5456,10864,-97,-71,93,10116,-8904,8708,-74,137,-156,-14584,3980,3876,-869,119,-32,-14624,-3548,5308,-690,96,-125,0
2238.0669980049133,10164,5464,11124,-77,-93,102,9936,-8868,9032,-52,113,-173,-14428,3916,3940,-938,113,-102,-14712,-3624,5548,-689,108,-130,0
2238.1004660129547,10084,5452,10888,-133,-83,90,9804,-8940,8936,-38,120,-179,-14548,4028,4032,-885,132,-122,-14708,-3720,5540,-697,107,-160,0
2238.1337881088257,10076,5496,11216,-92,-60,79,9920,-8944,8716,-50,103,-192,-14572,3956,3920,-906,113,-82,-14716,-3660,5524,-691,127,-153,0
2238.1671190261845,10072,5432,10880,-94,-79,87,9940,-8892,8904,-44,151,-185,-14564,4020,4044,-925,174,-94,-14756,-3576,5412,-682,83,-162,0
2238.2004809379578,10220,5468,10812,-67,-67,56,9832,-8840,8900,-40,114,-158,-14672,3956,4144,-986,148,-141,-14712,-3544,5508,-685,109,-174,0
2238.2340171337128,10076,5472,10832,-82,-63,78,9820,-8812,8772,-38,115,-170,-14504,3908,4284,-1004,130,-79,-14752,-3596,5380,-670,125,-151,0
2238.267655134201,10136,5404,11200,-81,-76,104,10224,-8932,8820,-60,96,-189,-14536,3968,4044,-1046,105,-52,-14760,-3656,5492,-596,150,-138,0
2238.3070290088654,10120,5472,10920,-104,-96,76,9956,-8920,8944,-58,117,-178,-14604,3936,3992,-1029,101,-70,-14816,-3396,5404,-590,153,-152,0
2238.3407180309296,10140,5432,10916,-95,-87,86,9920,-8944,8820,-19,141,-187,-14552,3976,3896,-776,120,-84,-14632,-3716,5628,-565,150,-123,0
2238.3739509582524,10008,5472,10956,-108,-48,85,9960,-8880,8728,-30,110,-179,-14484,3852,3908,-1056,81,-125,-14636,-3608,5512,-568,182,-139,0
2238.407434940338,9984,5540,10988,-119,-68,98,9848,-8896,8740,-68,117,-181,-14512,3948,3608,-1048,118,-136,-14748,-3716,5352,-561,145,-120,0
2238.441137075424,10032,5580,10992,-134,-42,104,9876,-8976,8908,-22,135,-151,-14612,3928,3932,-1052,100,-103,-14680,-3552,5348,-558,190,-120,0
2238.474743127823,10148,5428,11076,-159,-88,120,9968,-8896,8844,-21,136,-166,-14568,3968,3912,-1070,107,-91,-14636,-3708,5492,-567,169,-116,0
2238.508222103119,10032,5472,11024,-175,-51,113,9864,-8864,8912,250,140,-183,-14548,4012,4132,-1084,88,-95,-14652,-3704,5388,-565,194,-88,0
2238.5418360233307,10072,5524,11104,-188,-95,107,9804,-8880,8704,-17,102,-194,-14632,3920,3980,-1049,138,-108,-14688,-3644,5480,-576,188,-88,0
2238.575338125229,10096,5572,10908,-209,-126,120,9972,-8900,8872,-7,129,-215,-14560,3944,3892,-1017,179,-147,-14796,-3636,5352,-566,189,-96,0
2238.6118011474614,10128,5520,11084,-171,-117,105,9912,-8928,8896,-49,155,-172,-14488,3888,3700,-1050,135,-94,-14728,-3588,5412,-589,147,-113,0
2238.6476259231567,10064,5376,10952,-186,-102,127,10004,-8728,8824,15,129,-160,-14800,3936,3856,-1071,121,-124,-14740,-3664,5596,-613,155,-87,0
2238.6828911304474,10096,5452,10952,-225,-76,134,9928,-8896,8868,23,130,-176,-14628,3900,3832,-1047,128,-77,-14392,-3704,5456,-570,176,-76,0
2238.7181689739227,10228,5496,10880,-184,-123,117,9880,-8752,9064,-18,91,-189,-14352,3920,4272,-1049,129,-131,-14688,-3480,5400,-570,211,-82,0
2238.7536890506744,10192,5168,10824,-233,-115,140,9908,-8868,9068,13,133,-174,-14404,3952,3912,-1098,109,-77,-14652,-3660,5460,-593,224,-104,0
2238.788943052292,10096,5520,10844,-176,-58,129,9960,-8876,8984,37,117,-186,-14848,4036,3964,-1125,102,-93,-14716,-3636,5464,-592,200,-97,0
2238.8244371414185,10100,5536,10812,-172,-54,114,9924,-8776,8848,-10,119,-176,-14372,3992,4004,-1054,109,-60,-14728,-3728,5412,-568,167,-98,0
2238.860193967819,10060,5392,11088,-222,-116,120,9976,-8884,9152,-47,168,-168,-14820,4004,4004,-1095,123,-81,-14688,-3660,5360,-564,170,-83,0
2238.8949160575867,10016,5444,10984,-211,-104,140,9836,-8836,8900,10,173,-177,-14564,3836,3864,-1090,110,-118,-14652,-3656,5396,-575,208,-105,0
2238.9306919574738,10112,5168,11184,-194,-185,165,9964,-8800,8896,53,145,-195,-14508,3908,3872,-1096,144,-149,-14644,-3548,5296,-568,248,-110,0
2238.966238975525,10080,5416,10724,-211,-148,147,9740,-8868,8956,-256,135,-217,-14676,3984,3932,-1077,156,-139,-14532,-3632,5204,-543,224,-85,0
2239.0026710033417,10052,5520,10784,-199,-178,142,10188,-8748,8744,-3,150,-223,-14644,3924,3864,-1063,116,-132,-14748,-3692,5196,-551,223,-73,0
2239.0387880802155,10140,5524,11000,-173,-139,136,9908,-8836,8956,-9,166,-170,-14564,3896,4280,-1087,106,-133,-14684,-3736,5328,-537,216,-107,0
2239.0743160247803,10092,5544,11000,-188,-147,134,9932,-8836,9060,23,130,-200,-14508,3916,3848,-1120,113,-123,-14728,-3612,5204,-509,216,-81,0
2239.1103200912476,9984,5432,10924,-187,-163,134,9968,-8912,8880,-10,178,-201,-14564,3900,3708,-1079,103,-122,-14736,-3676,5468,-497,227,-84,0
2239.146089076996,10416,5472,10964,-184,-151,134,9904,-8792,9100,-27,139,-218,-14540,3872,4160,-1055,119,-130,-14732,-3752,5492,-481,198,-99,0
2239.1807770729065,10208,5424,10920,-187,-164,113,9792,-8780,8936,-18,148,-204,-14460,3924,3872,-1055,90,-124,-14792,-3608,5232,-495,216,-123,0
2239.2160589694977,10176,5456,10824,-171,-131,108,9816,-8848,8932,-19,138,-185,-14592,3632,4040,-1069,68,-90,-14736,-3652,5304,-756,201,-97,0
2239.2529871463776,10208,5420,10980,-178,-149,136,9888,-8752,8704,-254,142,-170,-14596,3916,4008,-1076,112,-67,-14644,-3628,5388,-507,198,-100,0
2239.2865140438084,10052,5432,10844,-186,-172,135,9948,-8776,8752,4,103,-185,-14680,3888,3956,-1065,93,-91,-14668,-3744,5348,-494,198,-81,0
2239.320100069046,10128,5400,10920,-183,-163,134,9812,-8832,8964,-255,149,-191,-14620,3872,3864,-1062,69,-131,-14704,-3672,5372,-478,209,-105,0
2239.353691101074,10124,5400,10836,-193,-169,136,9956,-8796,9088,-25,149,-212,-14600,3816,4072,-1104,77,-167,-14720,-3724,5276,-464,237,-92,0
2239.387181043625,10140,5556,10808,-184,-171,112,9912,-8812,8992,-52,145,-181,-14536,3860,4084,-1065,72,-75,-14912,-3628,5288,-450,185,-88,0
2239.4204800128937,10192,5392,10988,-137,-140,104,9728,-8820,9172,-68,137,-178,-14576,3868,4064,-1076,96,-58,-14792,-3620,5212,-495,187,-118,0
2239.4539670944214,10220,5396,10960,-144,-136,99,9944,-8816,8864,-25,134,-183,-14552,3856,4068,-1093,59,-92,-14732,-3340,5368,-454,181,-128,0
2239.487688064575,10164,5488,10748,-112,-68,83,9948,-8736,8896,-69,106,-191,-14564,3844,3904,-1080,48,-94,-14756,-3608,5164,-438,171,-131,0
2239.521371126175,10148,5304,11088,-123,-119,84,10008,-8780,8924,-60,133,-198,-14612,3932,3824,-1007,120,-115,-14820,-3584,5140,-488,194,-131,0
2239.5548760890965,10076,5352,10784,-144,-55,93,9800,-8896,9192,-40,151,-186,-14540,3832,3836,-1089,74,-61,-14776,-3744,5376,-469,175,-150,0
2239.5884239673615,10224,5456,10932,-121,-24,53,9976,-8808,8888,-44,153,-161,-14440,3940,3908,-1034,46,-13,-14672,-3708,5256,-473,106,-145,0
2239.6217889785767,10116,5444,10844,-145,-20,59,9884,-8840,8740,-59,137,-143,-14472,3876,4000,-1019,31,-53,-14764,-3612,5272,-503,102,-156,0
2239.6552901268005,10032,5472,11012,-133,-27,64,9852,-8860,8928,-81,178,-168,-14496,3908,3960,-1006,58,-96,-14672,-3676,5296,-458,151,-142,0
2239.6890411376953,10040,5576,10884,-136,-68,125,9908,-8824,8920,-66,163,-165,-14652,3756,4040,-1012,78,-118,-14744,-3624,5548,-476,176,-162,0
2239.7223601341248,10232,5512,11048,-168,-101,107,9888,-8900,8900,-49,129,-177,-14848,4080,3896,-1019,63,-84,-14728,-3620,5128,-473,197,-135,0
2239.755816936493,10120,5376,10808,-130,-53,82,9888,-8680,8952,-59,120,-192,-14356,3908,3952,-1054,96,-86,-14704,-3692,5368,-485,228,-109,0
2239.7892539501186,10252,5440,10852,-143,-99,103,9900,-8844,8880,-57,119,-184,-14820,3972,3992,-998,102,-89,-14780,-3664,5208,-471,155,-104,0
2239.8227350711823,10072,5456,10996,-140,-44,101,9944,-8748,9176,-48,146,-181,-14620,3864,3944,-1034,123,-70,-14768,-3540,5188,-506,170,-102,0
2239.8564660549164,10300,5436,10840,-134,-38,102,9820,-8944,9168,-23,121,-162,-14492,3828,4156,-1066,94,-73,-14732,-3680,5372,-481,169,-117,0
2239.889676094055,10264,5452,10888,-147,-41,120,9752,-8860,8912,-34,119,-169,-14484,3752,3940,-1027,92,-41,-14748,-3840,5292,-474,182,-130,0
2239.923187017441,10016,5416,10772,-144,-37,77,9904,-8864,8940,-55,135,-184,-14828,3588,3960,-968,109,-73,-14840,-3612,5292,-475,179,-139,0
2239.9570140838623,10228,5468,10840,-142,-68,91,10196,-8808,8876,-37,146,-206,-14344,3888,4032,-1037,68,-131,-14752,-3692,5268,-460,174,-139,0
2239.9905049800873,10144,5412,10988,-149,-64,89,9844,-8852,8904,-50,162,-189,-14720,3656,4016,-1018,91,-122,-14684,-3632,5164,-494,175,-137,0
2240.024075984955,10100,5420,10884,-116,-76,98,9936,-8880,8844,-21,120,-175,-14560,4012,4012,-1277,67,-63,-14716,-3648,5312,-477,168,-119,0
2240.057655096054,10184,5520,10828,-118,-77,97,9980,-8896,8932,-52,128,-194,-14540,3856,3996,-1002,75,-64,-14696,-3636,5236,-490,176,-135,0
2240.091140985489,9736,5460,10960,-152,-99,86,9836,-8880,8964,-58,107,-203,-14492,3624,3940,-769,80,-81,-14812,-3684,5452,-459,194,-135,0
2240.1247539520264,10056,5444,10912,-138,-109,101,9940,-8848,9176,-73,134,-184,-14540,3800,3956,-994,75,-125,-14624,-3624,5476,-489,146,-155,0
2240.158044099808,10168,5448,10952,-117,-87,114,9872,-8904,8912,-63,148,-145,-14676,3840,3908,-1034,45,-94,-14780,-3604,5312,-257,157,-151,0
2240.1915950775146,10092,5336,10904,-139,-88,99,9904,-8924,8848,-41,174,-166,-14628,3840,3952,-1037,63,-45,-14760,-3684,5256,-465,125,-148,0
2240.2253029346466,10124,5504,10880,-109,-74,107,9880,-8920,8816,-96,141,-168,-14540,3804,3912,-1050,103,-83,-14692,-3712,5264,-445,111,-122,0
2240.2582910060883,10136,5516,10764,-143,-98,77,9732,-8920,8880,-94,146,-170,-14376,3848,4060,-1005,60,-87,-14740,-3416,5340,-478,145,-164,0
2240.2956149578094,10156,5556,10916,-157,-39,81,9916,-8912,8904,-67,142,-163,-14528,3904,3984,-1038,78,-83,-14784,-3672,5120,-478,149,-148,0
2240.3312571048737,10108,5512,10796,-123,-60,90,9924,-8920,8900,-81,106,-171,-14616,3840,3848,-1033,85,-71,-14768,-3692,5500,-473,112,-149,0
2240.3661770820618,10040,5488,11032,-123,-91,98,9936,-8836,9096,-88,140,-157,-14500,3920,4052,-953,63,-75,-14724,-3660,5304,-488,79,-150,0
2240.4022760391235,10052,5524,10856,-139,-76,86,9932,-8908,8860,-89,130,-162,-14520,3624,4092,-966,53,-77,-14668,-3660,5200,-501,135,-140,0
2240.4375269412994,10152,5436,10884,-138,-107,106,9936,-8860,8828,-64,152,-178,-14572,3988,3992,-1022,63,-90,-14752,-3760,5184,-473,149,-140,0
2240.4733970165253,10112,5564,10956,-137,-106,101,9904,-8920,8828,-56,129,-190,-14512,3872,3940,-985,89,-142,-14692,-3612,5352,-489,157,-122,0
2240.5091800689697,10048,5628,11040,-133,-126,118,9876,-8912,8760,-61,140,-197,-14556,3780,4128,-991,90,-54,-14740,-3640,5288,-482,181,-149,0
2240.5450870990753,10180,5496,10776,-148,-79,92,9952,-9140,8868,-47,156,-208,-14588,3884,3996,-991,93,-114,-14656,-3744,5356,-488,154,-133,0
2240.580754995346,10144,5508,10772,-155,-93,111,9828,-8760,8892,-31,149,-204,-14544,3628,3908,-983,87,-74,-14736,-3660,5188,-487,134,-125,0
2240.6162109375005,10124,5508,10824,-168,-90,91,9928,-8840,9080,-79,147,-171,-14540,3896,4184,-975,68,-84,-14792,-3764,5244,-497,188,-137,0
2240.651916027069,10156,5428,10832,-165,-88,88,10020,-8908,8748,-107,165,-192,-14528,3620,4108,-961,52,-91,-14640,-3700,5216,-458,183,-100,0
2240.688187122345,10252,5292,10992,-156,-108,70,9920,-8920,8912,-120,171,-196,-14536,3936,4260,-973,49,-72,-14752,-3672,5252,-496,162,-144,0
2240.723788022995,10100,5416,10776,-110,-104,82,9912,-8916,8736,-97,157,-164,-14632,3884,3952,-940,58,-98,-14724,-3580,5348,-509,173,-152,0
2240.75963807106,10104,5496,10780,-124,-84,75,9876,-8884,8740,-99,166,-165,-14568,3844,4016,-995,61,-104,-14704,-3768,5292,-529,175,-153,0
2240.7946310043335,10020,5508,10852,-151,-62,92,9808,-8956,8720,-106,159,-191,-14672,4000,4080,-967,49,-65,-14732,-3728,5144,-486,166,-122,0
2240.830342054367,10136,5500,10972,-121,-94,89,9832,-8832,9212,-103,141,-186,-14440,3896,4244,-977,34,-67,-14768,-3784,5276,-498,172,-126,0
2240.8654921054845,10132,5584,10516,-109,-76,104,9840,-8804,8900,-96,124,-155,-14528,3848,3952,-988,40,-72,-14844,-3764,5192,-752,202,-132,0
2240.9013109207153,10052,5588,10888,-158,-74,95,9884,-8976,8924,-91,159,-196,-14400,3892,4124,-964,51,-99,-14736,-3824,5372,-516,202,-105,0
2240.9374210834503,10124,5584,10808,-189,-115,101,9828,-8920,8884,-91,181,-195,-14556,3856,4156,-928,33,-129,-14708,-3840,5128,-459,182,-81,0
2240.9712541103363,10148,5612,10784,-142,-99,119,9876,-9012,8956,-141,170,-186,-14612,3992,4152,-895,9,-134,-14776,-3640,5348,-509,172,-64,0
2241.0048100948334,10016,5552,10860,-135,-134,115,9916,-8924,8756,-85,178,-155,-14520,3664,4216,-900,-252,-145,-14728,-3676,5304,-520,166,-105,0
2241.0384130477905,10024,5612,10776,-145,-134,137,9872,-8876,8808,-123,183,-166,-14452,3940,3976,-914,15,-92,-14700,-3768,5132,-503,187,-67,0
2241.0719580650334,10200,5588,10804,-147,-97,113,9912,-9192,8932,-161,179,-210,-14512,3960,4112,-902,251,-126,-14752,-3676,5184,-473,152,-82,0
2241.105404138565,9992,5528,10900,-203,-136,96,9884,-8960,8788,-107,204,-184,-14456,4024,4348,-873,5,-125,-14672,-3672,5160,-499,204,-74,0
2241.138673067093,10120,5524,10820,-185,-95,102,9884,-8852,8872,-67,141,-185,-14640,3848,4120,-904,-1,-111,-14716,-3676,5188,-499,204,-81,0
2241.1742589473724,10188,5608,11008,-172,-68,121,9956,-8864,9204,-83,176,-192,-14484,3832,4080,-891,6,-99,-14640,-3728,5208,-472,173,-90,0
2241.2080640792847,10136,5572,10832,-224,-114,119,9740,-9016,8936,-114,168,-191,-14596,3912,4112,-867,-3,-64,-14792,-3616,5196,-487,177,-82,0
2241.2416450977325,10212,5564,10856,-189,-105,107,9928,-8960,8944,-91,163,-185,-14468,3780,4056,-905,15,-125,-14740,-3628,5192,-524,198,-88,0
2241.2748529911046,10164,5508,10940,-176,-113,131,9912,-8936,8788,-70,177,-202,-14564,3920,3996,-904,35,-176,-14696,-3672,5308,-521,199,-84,0
2241.308300971985,10200,5576,10832,-234,-128,122,9816,-8712,8884,-43,153,-196,-14420,3936,3844,-898,43,-120,-14792,-3692,5260,-516,198,-74,0
2241.3418509960175,10132,5568,10816,-189,-120,129,9900,-8888,8736,-64,139,-188,-14512,3944,4308,-872,68,-106,-14732,-3712,5176,-532,197,-88,0
2241.3754420280457,10124,5484,10984,-197,-98,133,9876,-8952,8784,-64,155,-197,-14516,3856,4172,-870,80,-116,-14820,-3640,5204,-518,169,-68,0
2241.408730983734,10320,5480,10972,-222,-128,149,10040,-8896,8928,-50,123,-162,-14400,3920,4244,-909,44,-168,-14792,-3676,5184,-516,231,-74,0
2241.442311048508,10196,5480,10752,-170,-138,157,9760,-8924,8908,-44,151,-173,-14344,3836,3896,-898,75,-110,-14668,-3736,5160,-481,216,-69,0
2241.4757800102234,10192,5540,10744,-212,-120,153,9924,-8940,8920,-86,133,-191,-14444,3836,4092,-857,75,-92,-14716,-3624,5200,-489,196,-109,0
2241.509145975113,10264,5416,10816,-230,-135,141,9844,-8996,8868,-35,146,-215,-14512,3876,3944,-882,75,-103,-14812,-3668,5200,-487,196,-95,0
2241.5426261425014,10256,5528,10760,-216,-125,132,9908,-8720,8848,-31,162,-197,-14468,3920,4188,-912,100,-161,-14760,-3376,5160,-502,175,-83,0
2241.576476097107,10492,5504,10928,-189,-132,146,9892,-8944,8828,-17,137,-197,-14484,3960,3956,-933,89,-124,-14708,-3636,5092,-501,182,-90,0
2241.6098179817204,10264,5428,10816,-191,-150,134,9856,-8944,8940,4,160,-183,-14480,3816,3868,-887,121,-100,-14812,-3648,5196,-535,175,-112,0
2241.643221139908,10196,5432,10876,-178,-134,147,9872,-8880,9084,-47,134,-186,-14492,3848,4064,-935,121,-91,-14768,-3736,5032,-485,168,-76,0
2241.6769371032715,10172,5496,10888,-253,-123,129,9936,-9180,8736,3,144,-207,-14524,3760,4076,-923,104,-135,-15008,-3608,5192,-485,175,-97,0
2241.7100369930267,10128,5388,10944,-203,-96,140,9788,-8936,8828,-43,122,-183,-14508,3872,4048,-938,88,-150,-14800,-3756,5164,-514,162,-89,0
2241.7436349391937,10356,5540,10756,-175,-105,146,10004,-8932,8900,-47,144,-182,-14544,3920,3952,-951,76,-116,-14796,-3704,5200,-528,166,-159,0
2241.777275085449,10164,5528,10600,-179,-144,136,9744,-8948,8772,-19,158,-174,-14480,3996,4104,-879,76,-88,-14712,-3724,5208,-534,207,-111,0
2241.810549020767,10028,5556,10988,-129,-64,93,9904,-8716,8824,-96,154,-176,-14464,3868,4244,-839,124,-94,-14728,-3632,5128,-490,161,-102,0
2241.8440949916844,10232,5516,10764,-135,-113,91,9880,-8892,8872,-121,128,-216,-14412,3948,4084,-845,78,-157,-14844,-3628,5192,-550,167,-104,0
2241.8774240016937,10192,5396,10784,-124,-79,107,10192,-9208,8856,-74,146,-171,-14596,3892,4236,-934,97,-67,-14828,-3408,5092,-573,154,-137,0
2241.9107649326324,10252,5576,10708,-99,-29,100,9868,-8948,8716,-81,156,-147,-14456,3952,4144,-892,64,-255,-14792,-3680,5200,-575,140,-177,0
2241.9443550109863,10052,5552,10832,-115,4,61,9824,-9088,8880,-159,151,-162,-14540,3964,4328,-834,77,-60,-14676,-3748,5204,-575,158,-183,0
2241.9816360473633,10224,5388,10856,-79,-45,44,9944,-8968,8932,-195,236,-161,-14412,3960,4084,-962,70,-114,-14680,-3776,5048,-587,172,-128,0
2242.01797914505,10244,5544,10796,-70,-63,60,9856,-8932,8784,-164,152,-156,-14464,3988,4088,-924,67,-127,-14760,-3724,5372,-570,188,-155,0
2242.053144931793,10212,5528,10824,-93,-94,74,9944,-9012,8752,-227,150,-188,-14532,4048,4140,-899,71,-71,-14668,-3616,5292,-577,191,-117,0
2242.088856935501,10144,5592,10864,-21,-46,59,9824,-9056,9000,-258,141,-163,-14552,4032,4184,-919,44,-90,-14624,-3688,4884,-558,147,-129,0
2242.1245789527893,10192,5520,10928,-54,-42,62,9900,-9008,8772,-185,150,-159,-14464,4024,4100,-878,76,-88,-14656,-3716,5208,-557,105,-144,0
2242.160164117813,10176,5572,10964,-51,12,56,9860,-9020,8928,-155,83,-148,-14548,3972,3844,-899,39,-140,-14604,-3748,5172,-767,161,-167,0
2242.1950969696045,10164,5520,10572,-86,-255,97,9828,-9036,8916,-125,98,-142,-14360,3872,3980,-830,87,-53,-14676,-3828,5188,-530,136,-135,0
2242.23063993454,10092,5624,10708,-100,-29,80,9928,-8968,8816,-82,101,-183,-14440,3956,4188,-793,119,-119,-14764,-3660,5040,-514,153,-150,0
2242.2661359310146,10212,5396,10960,-155,-22,101,9856,-9068,8900,34,114,-197,-14136,3944,4124,-653,120,-79,-14724,-3736,5036,-489,259,-132,0
2242.3014690876007,10104,5480,10636,-206,-25,94,9792,-8976,8504,157,157,-166,-14424,3996,4116,-562,134,-87,-14840,-3656,5160,-516,273,-124,0
2242.337616920471,10216,5576,10860,-511,-28,128,9940,-8888,8884,151,153,-196,-14504,3928,4036,-728,136,-66,-14852,-3788,4972,-465,510,-99,0
2242.372614145279,10144,5552,10928,-239,-57,129,9864,-8912,8844,63,107,-237,-14568,4008,4040,-862,100,-113,-14892,-3816,5160,-527,315,-125,0
2242.4075491428375,10136,5440,10808,-221,-20,110,10032,-9024,8732,9,157,-204,-14508,3932,3888,-879,97,-79,-14848,-3744,5144,-500,206,-109,0
2242.443316936493,10248,5600,10760,-152,-8,131,9804,-9080,8760,33,144,-204,-14348,4052,3988,-932,131,-67,-14840,-3576,5244,-524,141,-140,0
2242.4786801338196,10232,5424,10984,-144,19,107,9888,-9000,8772,25,113,-180,-14388,4032,3896,-1010,58,-65,-14828,-4036,5200,-505,99,-161,0
2242.5136389732365,10040,5400,10928,-122,142,90,9876,-8908,8736,11,119,-175,-14548,3992,4168,-987,118,-71,-14804,-3768,4992,-501,4,-109,0
2242.5491399765015,10216,5604,10780,-138,235,55,10188,-8736,8808,7,108,-207,-14628,4072,3996,-960,125,-57,-15064,-3736,5296,-507,-188,-148,0
2242.5844910144806,10016,5520,10780,-53,542,18,9940,-9088,8868,66,44,-216,-14820,4008,4264,-1057,166,-54,-14712,-3800,5184,-442,-240,-112,0
2242.6209621429443,10132,5380,10856,15,179,94,9876,-8912,8728,64,248,-177,-14568,4064,4128,-1143,178,-13,-14740,-3728,5212,-555,-179,-148,0
2242.6542780399323,10136,5536,10776,38,157,55,9880,-9040,8744,-12,38,-161,-14472,4052,4004,-1083,156,-47,-14788,-3708,5120,-549,-146,-161,0
2242.6876900196075,9728,5528,11248,90,34,48,9880,-9056,8748,-103,47,-164,-14468,3932,4048,-1010,175,-83,-14736,-3680,5332,-539,-165,-134,0
2242.7213890552525,10056,5604,11068,181,97,42,9780,-9180,8720,-142,63,-154,-14412,4060,3972,-1008,141,-65,-14748,-3692,5192,-529,-109,-146,0
2242.7549200057983,10008,5664,10840,183,4,44,9864,-8976,8684,-89,46,-173,-14376,4088,4152,-979,162,-64,-14700,-3780,5520,-257,-20,-137,0
2242.7881140708923,10036,5472,10820,170,38,30,9744,-8900,8764,-72,40,-160,-14532,4008,4056,-1003,193,-65,-14816,-4048,5308,-595,108,-123,0
2242.8216829299927,9732,5712,10848,148,-18,49,9936,-8912,8784,-62,31,-179,-14528,4092,4200,-925,234,-71,-14772,-3844,5284,-737,92,-143,0
2242.8552799224854,10052,5672,10748,6,-59,79,9992,-8972,8804,17,82,-176,-14552,3968,3996,-1280,267,-63,-14716,-3652,5112,-713,30,-151,0
2242.8888170719147,9976,5636,10812,-40,-98,87,9916,-8932,8828,35,60,-181,-14420,3952,3924,-1148,328,-55,-14704,-3828,5176,-694,253,-124,0
2242.922282934189,10064,5672,10808,-137,-178,117,9912,-8968,8868,55,123,-182,-14476,3944,3944,-1177,237,-40,-14836,-3812,5380,-601,-26,-137,0
2242.9558911323547,10044,5780,10912,-157,-230,107,9980,-9200,8656,-9,113,-193,-14612,4072,4172,-1119,211,-50,-14912,-3864,5236,-608,-22,-160,0
2242.989265918732,10080,5584,10848,-148,-158,80,9976,-8972,8804,33,119,-190,-14596,4124,4032,-1127,250,-102,-14716,-3704,5272,-624,-29,-128,0
2243.0229179859166,10076,5720,10924,-83,-102,99,9988,-8996,8740,6,130,-157,-14544,3928,4060,-1178,235,-91,-14780,-3744,5560,-601,-39,-128,0
2243.0567219257355,10048,5684,10848,-120,-73,124,9960,-9200,8632,-3,187,-161,-14500,4000,4000,-1174,208,-49,-14708,-3824,5292,-549,-49,-131,0
2243.0901751518254,10048,5716,10792,-128,-106,103,9956,-8960,8920,-13,127,-179,-14540,3848,3888,-1178,217,-83,-14680,-3720,5368,-533,-51,-122,0
2243.1236710548405,9992,5676,10900,-85,-104,118,9884,-9008,8900,4,142,-155,-14620,4028,4208,-1181,212,-102,-14748,-3756,5628,-502,-65,-109,0
2243.1569831371307,9916,5828,10836,-129,-143,126,9820,-8876,8856,-24,130,-186,-14544,3984,4100,-1128,198,-140,-14828,-3652,5232,-409,-8,-101,0
2243.1903159618378,9980,5728,11124,-163,-173,95,9928,-8996,8756,-44,152,-185,-14548,3988,3976,-1089,183,-86,-14780,-3792,5376,-415,-3,-104,0
2243.2239470481873,10076,5704,10904,-113,-130,95,9752,-9036,8920,-65,153,-162,-14512,4084,3892,-1034,144,-59,-14724,-3772,5424,-397,-34,-127,0
2243.2575199604034,10144,5408,10872,-129,-47,93,9884,-9020,8892,-40,130,-145,-14576,3956,3944,-1052,105,-79,-14684,-3760,5352,-446,-5,-104,0
2243.290764093399,10004,5788,10764,-212,-66,118,9884,-8944,8768,-9,169,-149,-14400,3952,4060,-1076,190,-87,-14760,-3888,5400,-407,-37,-73,0
2243.3289239406586,10064,5756,10772,-116,-140,100,9968,-9092,8828,-58,167,-169,-14508,4056,3844,-1048,176,-134,-14748,-3752,5508,-434,30,-132,0
2243.3629651069646,10048,5612,10872,-166,-51,83,9992,-9024,8856,-9,154,-196,-14512,4032,4028,-1097,130,-77,-14732,-3700,5552,-448,31,-114,0
2243.396106004715,10052,5716,10968,-139,-34,86,9844,-8728,8836,14,184,-145,-14344,4048,3960,-1079,150,-66,-14668,-3756,5340,-482,12,-100,0
2243.4300050735474,10128,5820,10920,-161,-19,104,9856,-9196,8840,-13,168,-144,-14560,3920,4268,-1056,121,-82,-14744,-3772,5552,-459,16,-114,0
2243.4636240005493,9988,5828,10952,-199,-50,83,9952,-9052,8844,-39,171,-185,-14572,4040,3948,-997,172,-88,-14624,-3784,5604,-480,12,-109,0
2243.4973220825195,10096,5692,11028,-176,-105,114,9896,-9008,8888,-17,190,-178,-14588,4056,4068,-1094,152,-133,-14680,-3684,5472,-446,52,-65,0
2243.530837059021,9988,5744,10984,-200,-76,136,9852,-9048,8976,-252,46,-215,-14584,3968,4028,-1015,229,-84,-14652,-3748,5448,-486,48,-67,0
2243.5643789768214,9956,5708,10944,-228,-121,112,9788,-8952,8800,-14,145,-195,-14460,4028,3876,-1082,150,-111,-14624,-3832,5432,-470,115,-99,0
2243.5977590084076,10052,5708,11016,-215,-121,130,9876,-8980,8704,251,154,-200,-14572,4076,3968,-1067,173,-152,-14800,-3728,5564,-470,98,-52,0
2243.633724927902,10152,5656,10924,-238,-96,147,9964,-9008,8776,-15,151,-191,-14560,4056,3756,-1045,165,-104,-14616,-3752,5560,-458,80,-77,0
2243.669142007828,10112,5744,10832,-241,-75,161,9944,-9024,8816,24,166,-172,-14612,3932,3940,-1023,154,-80,-14688,-3760,5596,-464,106,-67,0
2243.704179048538,10056,5704,10728,-291,-109,164,9984,-8900,9000,11,180,-189,-14580,3936,4056,-1052,160,-70,-14488,-3796,5140,-454,121,-67,0
2243.7396800518036,9764,5764,10900,-305,-132,156,9964,-9212,8828,-9,162,-209,-14836,3908,3900,-1040,140,-129,-14616,-3744,5552,-439,99,-79,0
2243.7749819755554,10104,5560,10804,-265,-142,128,9860,-8744,8820,11,185,-228,-14648,4016,3864,-1031,127,-121,-14748,-3780,5528,-433,139,-75,0
2243.8107450008392,10080,5716,10848,-270,-183,167,9940,-9000,9044,20,189,-189,-14608,3976,3872,-1057,137,-118,-14688,-3680,5876,-434,121,-65,0
2243.845904111862,10108,5632,10816,-281,-156,162,9896,-8712,8756,34,164,-190,-14516,4016,3960,-773,106,-141,-14524,-3708,5432,-455,113,-77,0
2243.8811590671535,10176,5684,10844,-289,-101,162,9916,-8940,8812,28,178,-193,-14344,3896,4064,-1030,122,-113,-14688,-3724,5472,-454,120,-94,0
2243.917226076126,10072,5404,10876,-220,-137,163,10008,-8880,8952,12,189,-187,-14476,3960,4028,-1033,160,-90,-14716,-3700,5528,-466,83,-58,0
2243.952265024185,10036,5704,10876,-222,-109,175,9948,-9024,8860,19,191,-193,-14620,3980,3772,-1057,145,-142,-14368,-3736,5424,-412,127,-80,0
2243.9881279468536,10084,5692,10980,-247,-150,162,9872,-8928,8804,252,178,-195,-14604,3964,3856,-1061,117,-114,-14708,-3756,5432,-401,105,-75,0
2244.0235550403595,10016,5872,10536,-153,-133,149,9888,-8912,8924,-1,149,-181,-14600,3996,3860,-1056,123,-99,-14652,-3780,5536,-421,49,-111,0
2244.059499979019,10044,5392,10620,-218,-152,127,9916,-8972,8864,252,175,-180,-14584,3988,3608,-1049,111,-122,-14648,-3728,5676,-396,99,-108,0
2244.095004081726,10124,5580,10892,-164,-111,129,9856,-8816,8944,-34,114,-182,-14632,3900,3584,-1032,115,-84,-14728,-3692,5456,-361,88,-114,0
2244.1308739185333,10152,5632,10840,-154,-137,102,9912,-9080,8748,-69,132,-193,-14512,4068,4024,-990,103,-153,-14672,-3612,5448,-415,123,-142,0
2244.167125940323,10156,5548,10816,-142,-148,126,9728,-9076,8912,-27,116,-184,-14644,4004,3800,-1071,81,-112,-14672,-3988,5488,-430,102,-150,0
2244.2021679878235,10216,5408,10932,-93,-73,95,9936,-8880,8820,-52,149,-155,-14540,3900,3868,-1079,59,-29,-14704,-3784,5488,-388,55,-139,0
2244.2380290031433,10124,5648,10840,-131,-65,79,9876,-8892,8840,-89,158,-147,-14564,3964,3936,-1012,50,-78,-14564,-3572,5492,-407,66,-115,0
2244.2731709480286,10024,5668,10512,-141,-51,82,9860,-8716,8932,-55,172,-165,-14800,3880,3880,-1277,91,-70,-14724,-3700,5568,-411,115,-123,0
2244.3087279796605,10156,5388,10564,-103,-43,103,10016,-8912,8908,-67,156,-180,-14480,3964,3896,-1016,72,-86,-14648,-3728,5516,-394,134,-130,0
2244.3420910835266,10004,5700,10848,-179,-145,117,9840,-8972,8772,-54,149,-183,-14468,4072,3864,-1000,68,-108,-14612,-3724,5616,-369,137,-101,0
2244.3756079673767,10100,5696,10744,-94,-70,113,9936,-9164,8716,-65,142,-182,-14532,4024,3940,-1016,115,-132,-14372,-4004,5508,-336,128,-91,0
2244.409224033356,10088,5688,10852,-133,-118,107,9856,-9176,8784,-59,175,-199,-14656,4008,4056,-985,87,-126,-14608,-3748,5596,-338,147,-109,0
2244.4427099227905,10064,5656,10796,-126,-45,110,9916,-9028,8692,-72,123,-169,-14616,4008,3848,-1005,93,-58,-14660,-3664,5596,-374,145,-114,0
2244.4762301445007,10100,5724,10876,-130,-114,110,9936,-9048,8752,-59,120,-180,-14660,3952,3904,-1025,81,-81,-14664,-3728,5680,-387,133,-100,0
2244.5098230838776,10064,5700,10692,-110,-96,103,9864,-8940,8672,-62,138,-192,-14552,3972,4060,-976,84,-95,-14588,-3628,5576,-377,163,-135,0
2244.5434179306026,10000,5584,10924,-153,-136,76,9764,-9056,8932,-117,159,-209,-14844,3992,3968,-959,81,-172,-14840,-3660,5540,-315,178,-134,0
2244.5772340297694,10184,5876,10760,-154,-150,100,9972,-8944,8896,-74,177,-216,-14492,3980,3912,-966,71,-131,-14764,-3612,5504,-327,177,-113,0
2244.610748052597,10032,5848,10924,-152,-114,84,9868,-9088,8896,-69,140,-173,-14596,4036,4092,-983,62,-82,-14656,-3604,5532,-371,165,-137,0
2244.6440720558167,9984,5768,10944,-135,-69,89,9868,-9032,8844,-52,131,-184,-14548,3940,3896,-990,33,-123,-14832,-3712,5548,-396,152,-132,0
2244.6775319576263,10100,5764,10960,-126,-125,100,9840,-9032,8780,-48,137,-198,-14608,3872,4052,-1025,62,-105,-14500,-3732,5584,-359,169,-133,0
2244.7111229896545,10220,5672,10820,-124,-144,88,9804,-9120,8824,-85,183,-170,-14348,3980,4012,-963,64,-128,-14592,-3684,5480,-337,193,-114,0
2244.7447690963745,10112,5760,10892,-38,-823,155,9956,-9008,8756,-131,12,-197,-14524,3988,3840,-947,29,-132,-14704,-3640,5604,-294,221,-98,0
2244.7782440185547,10136,5668,10784,-178,-126,111,9800,-8960,8872,-47,172,-173,-14580,3956,3932,-959,13,-44,-14652,-3748,5684,-355,172,-119,0
2244.811844110489,10228,5712,10844,-196,-148,113,9816,-8996,8892,-64,139,-161,-14524,4028,4112,-1022,67,-57,-14704,-3704,5572,-400,161,-130,0
2244.8453829288483,10120,5672,10756,-82,-56,102,9940,-8880,8864,-132,107,-165,-14652,3912,4344,-1018,62,-68,-14620,-3692,5600,-370,146,-104,0
2244.8787779808044,10204,5648,10936,-142,-97,72,9860,-9076,8852,-101,174,-152,-14540,4004,3848,-1018,68,-96,-14620,-3552,5796,-401,145,-133,0
2244.912230014801,10156,5624,10744,-118,-78,89,9828,-8972,8768,-66,142,-141,-14532,3912,3904,-1058,70,-62,-14712,-3692,5472,-451,172,-169,0
2244.945872068405,10060,5732,10884,-107,-64,98,9760,-8940,8708,-92,126,-157,-14632,3896,4020,-1040,30,-37,-14824,-3748,5644,-419,148,-126,0
2244.9793190956116,10108,5716,11008,-137,-45,84,9820,-9060,8880,-112,166,-157,-14560,4008,4044,-1276,50,-119,-14628,-3332,5604,-433,131,-142,0
2245.0127210617065,10160,5792,10840,-175,-66,106,9844,-8960,8920,-79,149,-184,-14404,3980,3932,-1012,53,-135,-14432,-3652,5608,-437,160,-132,0
2245.0461831092834,10156,5716,10868,-120,-93,108,9924,-8996,8832,-80,127,-174,-14484,4020,3844,-1048,62,-126,-14424,-3704,5628,-443,164,-132,0
2245.0796351432805,10212,5620,10848,-167,-126,111,9824,-8996,8940,-77,87,-197,-14580,4044,4312,-1021,45,-99,-14572,-3596,5580,-475,158,-116,0
2245.1133029460907,10044,5676,10832,-118,-95,85,9764,-8748,8836,-87,132,-200,-14520,4052,4108,-1039,61,-105,-14580,-3724,5592,-497,167,-127,0
2245.1467599868774,10148,5708,10680,-137,-96,96,9940,-9008,8896,-62,119,-187,-14616,4092,4076,-1067,47,-130,-14688,-3660,5560,-476,157,-121,0
2245.180246114731,10100,5700,10788,-138,-39,63,9852,-9068,8892,-43,132,-171,-14568,3864,3976,-1030,100,-112,-14676,-3612,5620,-257,153,-146,0
2245.213777065277,10092,5696,10512,-154,-57,106,9968,-9076,8572,-55,159,-171,-14836,3860,3996,-1058,88,-73,-14644,-3720,5492,-497,183,-131,0
2245.2470870018005,10144,5748,10872,-182,-106,125,9796,-8900,8748,-82,132,-195,-14528,3912,3944,-1016,81,-87,-14688,-3656,5384,-464,186,-128,0
2245.280694961548,10088,5704,10684,-187,-98,97,9824,-8840,8892,-73,163,-205,-14608,3984,4000,-974,86,-99,-14692,-3652,5428,-463,160,-122,0
2245.317305088043,10036,5748,10988,-197,-80,106,9804,-9104,8816,-81,176,-195,-14548,3972,4028,-1000,95,-52,-14608,-3696,5784,-495,160,-137,0
2245.3523850440974,10184,5700,10772,-158,-113,136,9844,-9132,8864,-45,172,-191,-14576,3944,3904,-987,29,-135,-14660,-3548,5612,-500,157,-127,0
2245.388082981109,10004,5780,10768,-238,-76,146,9928,-9020,8840,-52,174,-166,-14520,3980,3976,-997,72,-80,-14672,-3608,5544,-517,170,-144,0
2245.423653125763,10180,5720,10860,-237,-58,125,9848,-8968,8828,-53,152,-201,-14592,3912,3964,-1033,90,-115,-14676,-3684,5620,-487,200,-145,0
2245.459177017212,10176,5636,10848,-243,-84,158,9848,-8992,8748,-79,162,-175,-14584,3880,4008,-1027,98,-94,-14708,-3636,5476,-442,220,-135,0
2245.4942460060124,10128,5764,10680,-213,-54,143,9776,-9028,8900,-64,134,-187,-14848,4012,4032,-970,75,-92,-14656,-3552,5676,-481,164,-97,0
2245.529958963394,10188,5660,10824,-197,-255,120,9864,-9116,8764,-93,117,-164,-14664,3968,3840,-984,89,-98,-14604,-3676,5568,-471,144,-113,0
2245.564880132675,10056,5600,10504,-192,-16,144,9840,-9016,8720,-75,127,-144,-14548,3964,3924,-971,81,-79,-14620,-3564,5684,-474,198,-109,0
2245.600785970688,10120,5676,10812,-225,-67,133,9828,-9004,8832,-32,138,-182,-14464,3808,3856,-984,54,-116,-14636,-3600,5708,-407,172,-110,0
2245.6359770298004,10140,5692,10920,-206,-44,102,9908,-9092,8804,-75,170,-175,-14768,3932,3888,-963,74,-50,-14660,-3576,5852,-461,140,-118,0
2245.6716639995575,10148,5556,10828,-240,-54,110,9836,-9228,8880,6,176,-160,-14580,4004,3848,-1024,45,-100,-14776,-3692,5868,-495,191,-141,0
2245.707489967346,10004,5668,10832,-242,-73,128,9724,-8992,8808,-6,154,-170,-14628,3852,3900,-996,72,-85,-14608,-3732,5408,-475,184,-112,0
2245.7423291206364,10164,5744,10844,-218,-27,114,9852,-9040,8912,-55,148,-189,-14588,3908,4044,-949,115,-94,-14696,-3608,5476,-502,172,-113,0
2245.7781131267548,10216,5628,10808,-272,-91,132,9916,-9096,8772,24,145,-169,-14480,3896,4152,-1009,107,-88,-14576,-3580,5504,-499,194,-118,0
2245.8137431144714,10076,5612,10608,-200,-70,130,9968,-8992,8808,-15,170,-156,-14568,3920,4064,-1018,95,-105,-14632,-3768,5568,-456,148,-139,0
2245.8492679595947,10144,5712,10840,-208,-50,107,9820,-9004,8720,-49,144,-159,-14480,3948,4036,-942,55,-105,-14612,-3624,5528,-435,108,-99,0
2245.884851932525,10136,5664,10828,-267,-110,109,9840,-8992,9160,-55,177,-170,-14780,3952,3912,-932,111,-72,-14832,-3608,5476,-434,171,-85,0
2245.9205520153046,10148,5436,10852,-243,-105,132,9800,-9012,8928,-35,198,-199,-14404,3880,3964,-968,126,-144,-14652,-3704,5492,-484,205,-88,0
2245.9561591148376,10116,5392,10768,-8,-145,153,9840,-9064,8764,16,142,-224,-14532,4032,4008,-976,113,-120,-14708,-3636,5512,-446,213,-77,0
2245.9920909404755,10080,5620,10800,-224,-128,160,9748,-9032,8720,-18,147,-214,-14632,3976,3960,-997,139,-112,-14640,-3588,5540,-443,172,-73,0
2246.0253751277924,10220,5612,10756,-235,-145,160,9884,-9000,8932,-22,146,-185,-14544,3904,4056,-1007,127,-105,-14752,-3660,5560,-465,161,-127,0
2246.0589690208435,10112,5612,10776,-244,-74,170,9912,-9056,8916,-9,172,-188,-14568,3872,4000,-996,129,-117,-14616,-3620,5592,-485,140,-94,0
2246.092554092407,10024,5384,10908,-242,-69,144,9944,-9016,8896,1,150,-161,-14572,4020,4080,-997,137,-134,-14620,-3604,5568,-490,178,-86,0
2246.125934123993,10152,5828,10608,-209,-94,142,9884,-9068,8884,-11,144,-164,-14492,3952,4316,-998,148,-119,-14652,-3584,5520,-487,124,-38,0
2246.1592741012573,10236,5576,10932,-223,-121,109,9780,-9072,8736,-31,160,-205,-14352,3972,3848,-993,138,-103,-14772,-3568,5444,-463,157,-97,0
2246.193850040436,10228,5516,10836,-202,-142,113,9820,-9000,8908,-18,132,-211,-14612,3936,4004,-1006,148,-148,-14388,-3356,5644,-494,174,-103,0
2246.2274260520935,10212,5824,10928,-197,-109,125,9804,-8712,8884,18,147,-178,-14524,3964,3976,-1022,119,-100,-14632,-3344,5512,-487,125,-78,0
2246.2609519958496,10004,5584,10788,-213,-106,139,9936,-9024,8716,14,146,-185,-14584,3888,4184,-1002,130,-76,-14764,-3548,5588,-490,125,-98,0
2246.2945511341095,10148,5552,10804,-210,-102,143,9792,-9004,8868,15,137,-159,-14540,3984,4168,-1028,156,-129,-14572,-3568,5508,-461,134,-83,0
2246.3282051086426,10144,5588,10808,-211,-97,148,9920,-9024,8756,3,144,-187,-14576,3872,4032,-1030,196,-138,-14696,-3620,5556,-476,117,-80,0
2246.3617010116577,10192,5648,10816,-178,-107,131,9744,-8916,8896,6,157,-156,-14836,3868,4004,-1016,161,-100,-14576,-3664,5576,-478,135,-91,0
2246.394680976868,10056,5664,10724,-193,-100,147,9884,-9052,8940,7,146,-189,-14760,3984,3908,-1007,168,-118,-14844,-3660,5592,-485,132,-81,0
2246.4282810688014,10136,5492,10688,-192,-82,116,9820,-8960,8860,-39,133,-188,-14360,3636,4020,-986,178,-125,-14732,-3616,5380,-503,106,-97,0
2246.4618401527405,10228,5524,10864,-111,-122,106,9824,-8944,8744,-16,150,-165,-14524,3972,4052,-774,185,-108,-14624,-3532,5684,-499,95,-98,0
2246.4952239990234,10200,5536,10836,-217,-142,97,9840,-9044,8796,58,137,-195,-14532,3808,3948,-1051,148,-97,-14628,-3632,5544,-492,134,-84,0
2246.5290391445164,10200,5600,10756,-82,-65,113,9900,-8976,8836,-39,132,-191,-14580,3896,4000,-1274,172,-62,-14704,-3528,5812,-485,133,-75,0
2246.562427997589,10168,5552,10856,-175,-120,115,9864,-9068,8896,-21,144,-199,-14588,3956,3948,-1018,142,-101,-14652,-3504,5540,-523,178,-130,0
2246.595813035965,10152,5488,10892,-172,-87,118,9780,-8964,8764,27,123,-183,-14684,4000,3860,-1037,159,-127,-14640,-3524,5616,-517,143,-123,0
2246.6292719841003,10244,5540,10768,-119,-64,131,9808,-8928,8816,13,157,-141,-14564,3900,4052,-1027,109,-65,-14732,-3700,5860,-533,114,-105,0
2246.662644147873,10136,5560,10808,-155,-15,104,9788,-8956,8908,-41,150,-144,-14604,3952,3972,-999,164,-56,-14708,-3696,5852,-537,96,-143,0
2246.6960921287537,10188,5572,10740,-156,-42,78,9792,-9100,9044,-32,155,-170,-14644,3900,3948,-985,126,-82,-14416,-3376,5828,-528,145,-90,0
2246.7300601005554,10172,5536,10692,-137,-90,121,9788,-8944,8812,-33,93,-193,-14604,3752,3984,-1045,154,-120,-14844,-3692,5592,-481,198,-92,0
2246.7633759975433,10176,5564,10796,-167,-136,119,9760,-8948,8848,-36,130,-213,-14576,4008,4020,-1058,158,-122,-14816,-3388,5536,-487,195,-121,0
2246.796905040741,10196,5592,10972,-160,-78,103,9868,-8968,8980,-30,144,-204,-14384,3868,4012,-1039,146,-86,-14716,-3652,5516,-487,157,-123,0
2246.830500125885,10432,5836,10828,-171,-39,102,9788,-9028,8864,-23,141,-192,-14600,3952,3584,-1027,137,-64,-14680,-3460,5588,-511,136,-110,0
2246.8638150691986,10264,5424,10888,-163,-30,100,9768,-9072,8932,-9,120,-169,-14512,3904,3960,-779,153,-102,-14660,-3644,5568,-522,151,-139,0
2246.8973610401154,10184,5452,10648,-127,-59,111,9748,-8992,8876,-47,98,-166,-14672,3972,3988,-1042,137,-91,-14520,-3728,5588,-532,125,-114,0
2246.9311530590057,10016,5412,10816,-104,-52,115,9804,-8984,8988,-38,100,-179,-14472,3896,3844,-1004,185,-136,-14708,-3652,5860,-507,130,-147,0
2246.9646260738373,10140,5660,10704,-143,-29,96,9852,-8980,8916,-72,105,-211,-14816,3960,4032,-960,105,-28,-14636,-3632,5604,-501,143,-135,0
2247.0008771419525,10080,5588,10932,-133,-53,90,9836,-9024,8736,-63,135,-192,-14548,3920,3916,-1010,93,-90,-14656,-3616,5652,-768,148,-156,0
2247.035964012146,10224,5596,10808,-124,-65,97,9808,-8968,8804,-32,111,-173,-14492,3912,4040,-1000,96,-69,-14708,-3692,5556,-502,160,-136,0
2247.0717999935146,10108,5652,10824,-139,-27,121,9896,-8972,8920,-22,103,-180,-14580,4060,3968,-982,111,-113,-14532,-3576,5736,-517,165,-151,0
2247.107612133026,10104,5600,10844,-142,-59,132,9968,-9048,8824,-19,99,-170,-14344,3952,3880,-990,131,-98,-14540,-3696,5396,-535,175,-116,0
2247.1428821086884,10096,5592,10724,-153,-77,129,9804,-9008,8824,-35,96,-207,-14620,3932,3820,-966,145,-79,-14740,-3616,5616,-476,126,-124,0
2247.1782450675964,10288,5580,10808,-98,-48,111,9816,-9216,8916,-35,127,-157,-14588,3960,3996,-941,120,-63,-14716,-3352,5656,-541,124,-157,0
2247.213807106018,10180,5676,10716,-131,-47,104,10164,-9144,8804,9,139,-174,-14556,3868,3936,-1009,102,-87,-14696,-3668,5376,-506,106,-121,0
2247.2497210502625,10204,5636,10740,-115,-9,103,9792,-8888,8848,-44,95,-190,-14552,3860,3868,-983,115,-80,-14716,-3756,5500,-470,112,-145,0
2247.285010099411,10092,5484,10868,-129,-50,76,9952,-9112,8920,-43,145,-173,-14640,3840,3860,-974,108,-75,-14516,-3496,5612,-498,140,-156,0
2247.32097196579,10128,5472,10772,-112,-56,86,9776,-8952,8928,15,127,-192,-14584,3896,3780,-1034,91,-99,-14560,-3628,5788,-497,173,-121,0
2247.3561351299286,10200,5604,10964,-113,-37,96,9792,-9044,8776,9,106,-185,-14608,3936,3660,-1012,98,-47,-14720,-3660,5564,-496,107,-124,0
2247.3913309574127,10120,5592,10920,-137,-20,99,9800,-9008,8904,-3,123,-193,-14828,3880,3940,-947,105,-73,-14684,-3736,5600,-479,111,-155,0
2247.4272129535675,10084,5640,10780,-161,-39,104,9880,-9044,8852,255,127,-184,-14776,3992,3880,-957,133,-78,-14624,-3744,5536,-473,112,-128,0
2247.4623489379883,10192,5384,10752,-142,-59,130,9860,-9008,8940,15,155,-200,-14580,3924,3756,-978,192,-63,-14708,-3464,5516,-499,138,-117,0
2247.498188018799,10084,5664,10808,-146,-100,127,9788,-8956,8900,22,119,-188,-14532,3940,3888,-968,181,-89,-14604,-3436,5580,-495,143,-126,0
2247.5336859226227,10176,5716,10784,-142,-84,108,9772,-8916,8708,12,134,-189,-14632,3980,3720,-928,188,-103,-14672,-3616,5596,-538,132,-130,0
2247.5691850185394,10092,5380,10804,-198,-114,107,9816,-9012,9000,61,117,-201,-14360,3900,3828,-935,172,-62,-14680,-3384,5448,-542,112,-132,0
2247.604052066803,10176,5632,10816,-145,-71,123,10000,-9056,8872,102,131,-199,-14800,3908,3996,-965,207,-99,-14724,-3616,5756,-594,140,-134,0
2247.6407940387726,10232,5672,10680,-158,-126,146,9856,-8944,8900,49,106,-194,-14760,3900,3912,-1000,143,-62,-14668,-3732,5404,-563,143,-136,0
2247.6742999553685,10200,5676,10700,-154,-110,102,9904,-8960,8724,-4,162,-218,-14696,3984,3856,-1000,132,-68,-14792,-3616,5632,-539,145,-143,0
2247.7077651023865,10160,5684,10656,-159,-145,105,9964,-8748,8860,-4,145,-191,-14524,4036,3932,-993,136,-93,-14672,-3692,5580,-554,128,-123,0
2247.7413070201874,10176,5632,10728,-158,-134,116,9888,-8964,8892,20,142,-183,-14564,3964,3836,-985,137,-97,-14816,-3740,5608,-566,140,-142,0
2247.774832010269,10268,5392,10644,-185,-122,110,9732,-8988,8960,31,135,-194,-14808,3996,3632,-947,206,-83,-14584,-3616,5484,-589,137,-124,0
2247.8081901073456,10164,5584,10800,-194,-91,116,9824,-9064,9124,27,140,-196,-14564,3936,4068,-980,140,-47,-14604,-3708,5624,-578,178,-128,0
2247.8417749404907,10208,5584,10688,-190,-91,121,9800,-8996,8912,17,132,-180,-14560,3920,4300,-999,157,-80,-14596,-3664,5580,-555,199,-122,0
2247.8752939701085,10192,5576,10892,-189,-119,120,9824,-8992,8796,13,136,-219,-14584,3896,3956,-979,99,-150,-14680,-3772,5776,-524,165,-133,0
2247.9085330963135,10200,5632,10656,-172,-110,101,9840,-8952,8832,-43,159,-178,-14636,4040,3716,-922,161,-126,-15780,-3776,5412,-581,20,-130,0
2247.9421539306645,10444,5828,10268,-131,-13,77,10228,-8984,8744,3,170,-155,-14616,3968,3756,-965,106,-83,-14648,-3744,5548,-768,111,-120,0
2247.9756829738617,10192,5692,10920,-192,-98,131,9804,-9164,8952,12,111,-167,-14352,3920,3892,-1019,83,-52,-14692,-3728,5612,-482,124,-121,0
2248.0092339515686,10116,5720,10932,-126,-52,114,9840,-8908,8976,-66,109,-173,-14636,3960,4016,-954,108,-69,-14684,-3652,5584,-461,106,-136,0
2248.0426430702214,10096,5392,10956,-198,-106,96,9844,-9208,8868,-46,132,-181,-14604,4028,3736,-982,73,-109,-14744,-3540,5432,-471,128,-131,0
2248.076205968857,10196,5396,10692,-143,-74,93,9856,-9012,8948,-17,140,-192,-14612,4108,3864,-1042,37,-122,-14648,-3624,5572,-452,169,-150,0
2248.1097309589386,10204,5612,10772,-162,-63,79,9848,-8928,8900,-8,132,-165,-14680,4188,3964,-966,36,-45,-14588,-3700,5672,-470,122,-128,0
2248.1431860923767,10116,5584,10872,-182,-85,83,9788,-8900,9072,-45,138,-183,-14376,4024,4080,-957,59,-31,-14448,-3648,5536,-460,97,-159,0
2248.176927089691,10164,5684,10912,-177,-91,92,9832,-8904,9012,-26,167,-179,-14456,3996,3596,-987,38,-104,-14848,-3664,5540,-473,194,-109,0
2248.210335969925,10116,5612,10916,-221,-74,131,9876,-8856,8860,-21,159,-167,-14636,4024,3920,-998,50,-94,-14564,-3416,5420,-461,193,-115,0
2248.243839979172,10288,5592,10816,-213,-139,118,9724,-8884,9028,-5,169,-208,-14572,3992,3772,-973,42,-111,-14576,-3660,5660,-464,190,-87,0
2248.277377128601,10164,5624,10736,-187,-108,112,9832,-8980,8992,-31,144,-195,-14344,3928,3584,-996,73,-108,-14576,-3700,5748,-460,187,-100,0
2248.3109560012817,10188,5588,10840,-204,-141,138,9820,-8920,8924,-10,132,-179,-14572,4036,3900,-972,65,-115,-14692,-3680,5656,-477,185,-97,0
2248.3509130477905,10212,5580,10920,-209,-104,134,9796,-8884,8868,-39,159,-183,-14640,4008,3740,-995,67,-88,-14628,-3616,5604,-512,182,-80,0
2248.3846049308777,10104,5612,10696,-217,-123,163,9784,-8716,8896,-54,163,-184,-14512,3960,3916,-772,89,-81,-14616,-3640,5492,-493,174,-73,0
2248.4181640148163,10184,5680,10892,-227,-106,141,9792,-8712,9188,-54,196,-177,-14808,3928,3776,-1002,96,-127,-14656,-3672,5676,-474,202,-83,0
2248.4516470432286,10188,5652,10880,-246,-115,130,9816,-8780,8912,-51,208,-223,-14636,3920,3924,-964,120,-133,-14692,-3348,5412,-471,188,-115,0
2248.4852731227875,10236,5536,10844,-208,-133,123,9884,-8932,8820,-54,135,-221,-14536,3940,3772,-1005,98,-167,-14688,-3608,5392,-469,167,-66,0
2248.5186600685124,10168,5460,10516,-217,-144,141,9864,-8992,8864,-25,156,-204,-14612,3984,3932,-1031,86,-97,-14624,-3664,5380,-482,165,-86,0
2248.5524280071254,10052,5560,10988,-221,-135,140,9856,-8944,9080,-29,154,-181,-14632,3960,3764,-1003,79,-109,-14704,-3668,5428,-464,183,-65,0
2248.586035013199,10276,5596,10864,-205,-129,133,9972,-8896,8928,-18,166,-192,-14564,3992,3960,-1007,63,-113,-14748,-3672,5472,-265,197,-101,0
2248.619596004486,10100,5608,10788,-206,-106,132,9884,-9188,8808,-26,144,-178,-14616,4004,4040,-1278,85,-180,-14736,-3704,5532,-493,162,-68,0
2248.6528539657593,10200,5568,10820,-207,-135,129,9860,-9016,8804,-42,152,-190,-14840,3920,3944,-1052,44,-154,-14524,-3808,5556,-470,156,-106,0
2248.6896979808807,10228,5644,10708,-212,-145,136,9920,-8832,9152,-69,154,-200,-14500,3892,3704,-1051,57,-103,-14620,-3652,5564,-456,125,-60,0
2248.7248120307922,10240,5516,10952,-196,-121,133,9928,-9052,8908,-48,183,-184,-14568,4056,4024,-1059,70,-125,-14592,-3664,5500,-500,121,-98,0
2248.760745048523,10188,5620,10896,-505,-194,149,9800,-8960,8948,-15,161,-171,-14556,3952,3984,-1099,53,-139,-14640,-3636,5536,-490,178,-59,0
2248.7955260276794,10440,5648,10656,-158,-72,128,9840,-8740,8744,-88,144,-194,-14564,3924,4032,-1050,77,-132,-14744,-3576,5504,-485,162,-97,0
2248.831684112549,10004,5484,10528,-236,-118,98,9920,-9080,8828,-48,170,-180,-14676,4028,3732,-1121,75,-113,-14848,-3556,5588,-492,180,-87,0
2248.867677927017,10240,5464,10684,-171,-90,133,9868,-8992,8868,249,174,-164,-14540,3908,3744,-1097,45,-135,-14688,-3692,5520,-505,148,-123,0
2248.9024329185486,10252,5624,10748,-178,-81,109,9832,-8980,8624,-43,173,-156,-14676,3944,4080,-1095,50,-82,-14700,-3632,5616,-500,126,-128,0
2248.9374210834503,10316,5576,10896,-200,-86,112,9764,-8960,8984,-75,212,-161,-14340,3996,3896,-1061,24,-131,-14680,-3652,5552,-258,154,-129,0
2248.973456144333,10040,5528,10720,-207,-115,89,9796,-8920,9008,-99,195,-183,-14532,3984,3932,-1070,54,-123,-14664,-3640,5420,-529,201,-107,0
2249.0089280605316,10468,5500,10980,-208,-100,123,9776,-8964,9192,-55,172,-173,-14504,3884,4036,-1060,57,-184,-14612,-3592,5468,-528,196,-97,0
2249.044326066971,10148,5428,10736,-238,-144,138,9776,-8924,9036,-52,144,-199,-14560,3932,4024,-1057,108,-102,-14620,-3588,5552,-547,226,-89,0
2249.079946041107,10216,5460,10992,-188,-128,138,9540,-8780,9176,-36,168,-192,-14568,3908,3924,-1015,74,-140,-14768,-3744,5516,-529,185,-95,0
2249.1150879859924,10464,5524,10808,-229,-122,148,9868,-8940,8836,-23,141,-189,-14568,3952,4004,-1002,92,-91,-14660,-3744,5416,-509,196,-82,0
2249.1506719589233,9984,5432,10704,-181,-104,143,9716,-8944,8928,-5,114,-199,-14492,4048,3956,-1036,131,-129,-14616,-3676,5464,-539,187,-84,0
2249.186089992523,10480,5580,10812,-181,-134,150,9816,-8888,8768,-31,106,-201,-14492,3912,3992,-993,112,-100,-14712,-3636,5328,-510,181,-93,0
2249.221776008606,10052,5512,10776,-205,-115,124,9904,-9040,9068,-63,124,-216,-14728,3888,4012,-989,111,-147,-14688,-3636,5568,-493,172,-126,0
2249.257600069046,10392,5476,10784,-164,-144,94,9800,-8728,8884,-61,195,-205,-14600,3988,3876,-995,90,-131,-14716,-3536,5488,-484,152,-131,0
2249.2925629615784,10332,5628,10568,-124,-89,69,9776,-8992,9008,-36,156,-186,-14596,3900,3856,-1003,106,-113,-14712,-3660,5340,-462,127,-133,0
2249.329230070114,10252,5496,10760,-131,-70,91,9916,-8944,8940,-37,126,-179,-14592,3968,3976,-1010,87,-96,-14656,-3584,5540,-474,128,-129,0
2249.3628430366516,10228,5460,10796,-166,-59,94,9840,-9068,8888,-31,127,-182,-14844,3996,4084,-1015,103,-76,-14612,-3624,5380,-487,149,-115,0
2249.3965229988094,10136,5564,10820,-160,-62,101,9848,-8968,8812,-42,139,-180,-14636,3912,4012,-1015,106,-60,-14712,-3652,5580,-471,131,-150,0
2249.4298400878906,10132,5544,10652,-59,-41,89,9872,-8972,8868,-61,132,-173,-14560,4028,4084,-991,91,-29,-14796,-3824,5612,-528,78,-136,0
2249.463456153869,10312,5564,10864,-139,-58,84,9796,-8752,8732,-17,105,-181,-14552,3944,4080,-1040,92,-103,-14692,-3676,5548,-485,107,-120,0
2249.4971840381622,10260,5580,10720,-95,4,84,9876,-8864,9068,-62,93,-168,-14556,3868,3892,-1003,117,-96,-14696,-3672,5452,-428,54,-123,0
2249.530693054199,10396,5884,10552,-102,-31,87,9764,-8948,8880,-77,121,-195,-14508,3972,3796,-946,98,-101,-14636,-3684,5468,-390,57,-132,0
2249.5642421245575,10188,5500,10748,-183,-77,112,9960,-8984,8724,-31,82,-179,-14624,4028,4064,-992,106,-63,-14692,-3656,5520,-418,104,-116,0
2249.5977721214294,10276,5512,10584,-91,-32,118,9792,-8740,8932,-26,98,-156,-14836,3932,4060,-1014,86,-67,-14676,-3584,5596,-456,79,-105,0
2249.6312239170074,10228,5556,10856,-93,-18,99,9796,-8956,8804,-62,139,-154,-14580,4088,4004,-958,99,-101,-14680,-3628,5728,-479,50,-147,0
2249.6648161411285,10272,5564,10764,-131,-22,96,9796,-8992,8848,-55,119,-156,-14496,4252,3880,-957,108,-94,-14588,-3684,5580,-398,75,-126,0
2249.69815993309,10252,5524,10892,-135,-51,102,9824,-8712,9112,-13,131,-163,-14668,3916,3988,-979,125,-101,-14616,-3616,5488,-436,102,-129,0
2249.7317349910736,10248,5696,10724,-153,-74,80,9756,-9048,8952,-28,130,-193,-14552,3836,3860,-965,109,-72,-14828,-3808,5456,-524,167,-149,0
2249.7653310298924,10220,5552,10840,-107,-74,110,9800,-8976,8908,-56,219,-195,-14420,3896,3856,-1062,126,-112,-14656,-3652,5680,-481,151,-148,0
2249.7990529537205,10456,5588,10792,-104,-74,85,9836,-9016,9060,-64,143,-199,-14624,3976,4028,-937,107,-123,-14760,-3668,5604,-554,195,-140,0
2249.8327140808105,10428,5588,10780,-158,-35,88,9844,-9028,8968,-36,124,-187,-14516,3984,3972,-963,110,-120,-14700,-3576,5544,-537,184,-150,0
2249.8664240837097,10224,5496,10808,-140,-43,99,9736,-9024,8960,-33,134,-184,-14556,3992,3864,-1022,124,-118,-14656,-3728,5560,-529,149,-136,0
2249.8997991085052,10220,5520,10804,-114,-77,109,9944,-9188,8688,-42,118,-196,-14540,3956,3936,-961,131,-63,-14728,-3704,5636,-508,155,-127,0
2249.9328229427338,10196,5560,10964,-136,-35,81,9912,-8988,9068,-52,139,-203,-14524,3964,4060,-954,76,-104,-14640,-3628,5536,-507,199,-126,0
2249.966180086136,10280,5652,10564,-130,-76,98,9772,-9184,9180,-29,148,-189,-14344,4012,3920,-985,126,-102,-14616,-3700,5604,-569,205,-151,0
2249.999788045883,10260,5516,10636,-142,-37,102,9780,-8976,9184,-14,140,-165,-14364,3920,3912,-1042,146,-99,-14648,-3668,5496,-585,207,-121,0
2250.0334899425507,10196,5576,10780,-128,-49,92,9772,-8944,9140,-28,128,-180,-14768,3968,3940,-1023,150,-68,-14688,-3652,5500,-544,202,-134,0
2250.067253112793,10204,5676,10616,-113,-57,99,9836,-9036,8956,-45,125,-163,-14668,4020,3852,-1047,92,-47,-14632,-3712,5632,-542,204,-112,0
2250.1008241176605,10268,5532,10828,-123,-65,90,9900,-8932,8808,-38,93,-198,-14636,3992,3936,-1029,82,-101,-14640,-3636,5544,-571,243,-118,0
2250.1341800689697,10240,5588,10920,-146,-56,67,9760,-9004,8956,-46,127,-206,-14632,3864,4016,-1047,86,-111,-14664,-3696,5444,-617,227,-133,0
2250.1677811145782,10200,5568,10840,-107,-39,111,9820,-9180,8964,-47,174,-167,-14372,4012,4004,-1071,43,-98,-14772,-3660,5584,-604,191,-172,0
2250.2017259597774,10424,5884,10716,-196,-55,98,9772,-8944,9024,-13,147,-180,-14576,3892,3884,-1118,50,-110,-14732,-3700,5628,-573,203,-136,0
2250.2353019714355,10196,5772,10704,-93,-47,110,9560,-8768,8876,-109,114,-195,-14568,3936,3864,-1103,84,-72,-14716,-3748,5512,-575,203,-136,0
2250.2689571380615,10192,5520,10792,-149,-79,104,9976,-8716,8784,-73,155,-185,-14632,3872,3896,-1081,55,-58,-14652,-3608,5520,-581,233,-145,0
2250.302438020706,10188,5512,10912,-134,-49,79,9892,-9016,8776,-43,168,-156,-14508,3944,4088,-1115,54,-94,-14644,-3636,5452,-589,241,-150,0
2250.3358590602875,10180,5608,10724,-101,-119,65,9856,-9184,8716,-66,163,-180,-14604,3888,4028,-1109,32,-95,-14664,-3704,5540,-596,235,-179,0
2250.372853040695,10076,5884,10520,-148,-54,78,9864,-9004,8884,-92,142,-168,-14548,3880,3948,-1074,71,-44,-14524,-3692,5476,-550,213,-140,0
2250.40869808197,10260,5640,10932,-153,-61,106,9776,-9056,8816,-81,157,-160,-14540,3856,4044,-991,47,-123,-14700,-3708,5608,-601,219,-142,0
2250.4438631534576,10428,5564,10840,-129,-69,89,9756,-8920,8844,-52,174,-199,-14568,3936,3964,-1068,100,-47,-14596,-3700,5536,-603,249,-138,0
2250.4789941310883,10232,5672,10724,-149,-61,93,9792,-8960,9108,-88,127,-217,-14488,3952,4016,-1071,96,-77,-14656,-3808,5552,-566,229,-122,0
2250.5155949592586,10148,5600,10920,-123,-52,88,9772,-9044,8920,-94,139,-185,-14352,3980,3948,-1041,78,-65,-14696,-3784,5520,-554,196,-112,0
2250.5514600276947,10128,5592,10828,-154,-43,87,9744,-9052,9192,-38,131,-175,-14820,3960,3860,-1019,87,-97,-14588,-3676,5628,-536,160,-135,0
2250.5875401496887,10224,5620,10804,-137,-35,92,9800,-8900,8976,-40,133,-181,-14580,3992,3916,-1049,120,-50,-14768,-3740,5424,-523,188,-136,0
2250.6226551532745,10408,5584,10688,-130,-60,120,9788,-9024,8992,-45,120,-190,-14548,3904,3644,-1270,92,-64,-14696,-3776,5380,-258,158,-75,0
2250.657581090927,10464,5580,10716,-188,-51,87,9840,-9048,8920,-56,131,-204,-14560,3948,3840,-1012,79,-64,-14732,-3728,5620,-507,179,-97,0
2250.6934571266174,10264,5752,10956,-195,-65,84,9852,-9004,8764,-50,173,-178,-14504,3904,3884,-996,107,-111,-14668,-3720,5424,-488,157,-110,0
2250.7298390865326,10220,5384,10836,-171,-64,114,9920,-8968,9032,-30,103,-161,-14540,3920,3988,-966,84,-52,-14600,-3720,5380,-525,163,-108,0
2250.7648839950566,10240,5852,10892,-187,-73,109,9816,-9020,8980,-27,154,-189,-14584,3956,4048,-1004,104,-102,-14696,-3744,5500,-261,190,-87,0
2250.8008840084076,10100,5676,10928,-161,-107,119,9848,-9128,8924,-53,146,-194,-14472,3912,4012,-999,119,-123,-14672,-3784,5548,-500,196,-74,0
2250.835953950882,10492,5700,10832,-188,-100,129,9776,-9032,8864,-43,171,-167,-14492,3928,3744,-986,103,-126,-14688,-3740,5396,-501,174,-123,0
2250.8713409900665,10204,5688,10832,-200,-112,125,9824,-9048,8852,-53,154,-194,-14472,3948,3916,-970,108,-109,-14680,-3716,5460,-469,172,-89,0
2250.907124042511,10196,5472,10648,-224,-142,131,9812,-8920,8812,-61,172,-225,-14536,3868,3952,-974,121,-140,-14664,-3768,5564,-475,182,-90,0
2250.942178964615,10256,5640,10740,-185,-94,142,9792,-8752,8940,-75,149,-179,-14648,4000,4056,-974,133,-99,-14820,-3640,5280,-764,139,-81,0
2250.9778339862823,10276,5620,10608,-237,-109,141,9756,-8816,8912,13,148,-174,-14532,3988,3840,-1037,91,-133,-14744,-3684,5456,-504,164,-104,0
2251.014039993286,10012,5696,10788,-191,-102,126,9792,-8892,9200,-9,145,-203,-14576,3872,4120,-996,98,-86,-14748,-3748,5516,-461,143,-69,0
2251.047549009323,10236,5840,10964,-173,-86,110,9732,-9020,8832,-32,174,-180,-14576,3936,3980,-970,89,-120,-14796,-3664,5340,-496,189,-102,0
2251.0812771320343,10468,5536,10980,-230,-91,110,9872,-8996,8832,10,153,-171,-14504,3992,3748,-1014,62,-122,-14640,-3712,5444,-503,206,-79,0
2251.1147830486298,10484,5632,10684,-172,-83,133,9816,-9048,8980,-8,150,-164,-14588,3912,3636,-1279,30,-106,-14776,-3712,5444,-483,138,-106,0
2251.147956132889,10300,5636,10968,-201,-68,121,9744,-8944,9176,-50,150,-172,-14520,3936,3960,-964,73,-88,-14720,-3824,5356,-476,97,-142,0
2251.181438922882,10144,5400,10676,-211,-47,128,9756,-9096,8812,-51,190,-149,-14504,4056,4004,-1003,94,-84,-14536,-3752,5476,-503,159,-88,0
2251.2149379253387,10288,5572,10544,-206,-138,146,9792,-9064,8888,-45,164,-178,-14500,3972,4000,-1010,117,-103,-14796,-3712,5480,-490,195,-79,0
2251.248234987259,10296,5564,10728,-207,-125,127,9628,-9092,8796,-14,153,-202,-14776,3956,4344,-989,101,-159,-14576,-3620,5412,-483,206,-82,0
2251.2818219661713,10168,5528,10972,-216,-164,137,9848,-9216,8776,-17,138,-217,-14556,3968,4060,-1008,128,-137,-14632,-3724,5620,-767,188,-110,0
2251.3154561519623,10208,5580,10540,-186,-117,150,9812,-8984,8856,-34,150,-192,-14552,3916,3952,-978,113,-121,-14808,-3660,5408,-469,162,-91,0
2251.3491079807286,10312,5552,10716,-221,-111,144,9816,-9084,8848,2,136,-173,-14604,3940,3992,-988,116,-96,-14672,-3756,5396,-464,159,-73,0
2251.3822650909424,10012,5532,10832,-175,-108,146,9880,-9032,8952,-28,149,-175,-14712,3952,4312,-1017,119,-143,-14696,-3740,5328,-504,179,-78,0
2251.4155189991,10312,5640,10544,-207,-144,143,9892,-8996,8788,-24,133,-189,-14560,3940,4160,-996,145,-152,-14716,-3768,5420,-488,208,-90,0
2251.449173927307,10280,5568,10596,-209,-152,140,9924,-8972,8940,-75,135,-207,-14688,3864,4160,-967,112,-126,-14736,-3728,5428,-458,163,-82,0
2251.482667922973,10480,5540,10980,-181,-98,112,9884,-8896,9092,-39,134,-178,-14608,3908,3844,-957,108,-98,-14828,-3748,5372,-487,129,-117,0
2251.5158610343933,10308,5504,10720,-214,-122,133,9812,-9024,8900,25,145,-167,-14668,3920,3972,-771,48,-121,-14688,-3740,5172,-488,192,-98,0
2251.549446105957,10260,5616,10632,-181,-104,120,9752,-8740,9072,-25,141,-193,-14576,3936,3912,-946,127,-147,-14708,-3752,5628,-482,183,-116,0
2251.582839012146,10284,5564,10828,-132,-72,93,9704,-9136,8844,-11,118,-183,-14792,4256,4004,-986,75,-76,-14660,-3648,5404,-495,150,-86,0
2251.616194963455,10196,5428,10832,-218,-98,148,9716,-9152,8868,11,136,-147,-14492,3912,3964,-1018,102,-102,-14732,-3648,5436,-547,170,-106,0
2251.6495180130005,10352,5616,10800,-138,-66,155,9840,-8728,8916,11,98,-152,-14508,3820,3944,-1020,119,-107,-14708,-3744,5516,-540,130,-102,0
2251.683063030243,10248,5652,10600,-140,-102,138,9752,-8944,8900,-66,126,-187,-14768,4064,3876,-1014,107,-107,-14668,-3736,5380,-535,132,-120,0
2251.7164340019226,10216,5612,10776,-143,-87,113,9840,-8868,9008,-81,106,-204,-14356,3640,3956,-1014,74,-85,-14688,-3748,5404,-502,132,-130,0
2251.7499639987946,10268,5456,10728,-181,-123,107,9848,-8768,9120,-81,126,-203,-14508,3660,3940,-1018,108,-90,-14364,-3828,5124,-493,181,-105,0
2251.7836380004883,10280,5576,10564,-121,-87,86,9876,-8900,8884,-66,140,-202,-14492,3972,4032,-999,112,-96,-14652,-3620,5516,-260,172,-94,0
2251.8171079158783,10228,5536,10832,-158,-43,67,9816,-8952,8848,-65,149,-206,-14584,3888,4036,-1038,96,-105,-14676,-3640,5588,-512,172,-116,0
2251.850697994232,10280,5620,10952,-106,-69,104,9816,-8952,8912,-47,152,-204,-14604,4016,3932,-1044,82,-76,-14680,-3704,5328,-529,173,-155,0
2251.8840961456294,10248,5620,10576,-125,-56,123,9712,-9064,8744,-28,146,-188,-14508,3864,4004,-1037,91,-58,-14756,-3684,5512,-505,162,-120,0
2251.917396068573,10208,5620,10728,-141,-28,90,9832,-9024,8856,-51,138,-203,-14600,3984,4208,-769,91,-65,-14600,-3764,5372,-512,152,-155,0
2251.951017141342,10260,5556,10972,-130,-36,109,9916,-8924,8920,-69,119,-176,-14600,3952,3984,-1008,84,-115,-14688,-3700,5496,-488,134,-153,0
2251.9843759536743,10320,5604,10996,-102,-42,78,9848,-9056,8920,-68,119,-184,-14588,3852,4032,-1001,99,-98,-14652,-3764,5460,-480,150,-161,0
2252.017862081528,10180,5568,10780,-124,-42,91,9748,-9136,8928,-48,149,-186,-14576,4004,3904,-1010,113,-95,-14620,-3796,5360,-482,127,-137,0
2252.054624080658,10272,5616,10676,-161,-62,94,9768,-9064,9192,-45,110,-177,-14640,3948,4304,-982,104,-64,-14652,-3736,5512,-505,128,-115,0
2252.09023308754,10220,5608,10692,-125,-50,100,9752,-9072,8832,-75,91,-191,-14680,3888,3880,-996,108,-47,-14652,-3712,5396,-511,162,-139,0
2252.1250929832454,10248,5620,10732,-117,-67,102,9752,-9020,8852,-61,115,-175,-14844,3964,4040,-773,126,-124,-14732,-3632,5476,-517,137,-149,0
2252.1607899665833,9992,5384,10908,-102,-59,109,9840,-8972,8892,-51,137,-186,-14540,3976,3948,-996,95,-72,-14760,-3776,5352,-513,133,-169,0
2252.1961529254913,10256,5880,10948,-155,-36,131,9832,-8976,8856,-63,143,-164,-14656,3868,4036,-1005,105,-70,-14688,-3788,5408,-259,111,-173,0
2252.2314310073853,10272,5564,10676,-106,-15,108,9848,-9084,8976,-72,130,-148,-14608,3884,4068,-993,85,-53,-14672,-3752,5412,-518,122,-135,0
2252.2675549983974,10228,5628,10912,-136,-46,109,9852,-9088,8716,-100,111,-175,-14584,3992,4076,-1007,137,-62,-14628,-3812,5612,-521,137,-139,0
2252.3027420043945,10308,5544,10704,-118,-29,86,9712,-9084,8876,-61,92,-155,-14508,3896,4228,-1008,82,-51,-14696,-3736,5384,-511,149,-141,0
2252.3377380371094,10340,5684,10796,-94,-56,108,9800,-9032,9012,-63,128,-187,-14520,3920,3860,-1005,118,-34,-14704,-3676,5288,-517,160,-138,0
2252.3734419345856,10180,5572,10512,-93,-78,82,9812,-9124,8940,-77,115,-210,-14544,3980,4264,-992,103,-149,-14632,-3736,5328,-502,205,-152,0
2252.4092340469365,10244,5704,10644,-114,-50,90,9764,-9020,8892,-60,115,-181,-14504,3912,3896,-983,102,-91,-14808,-3780,5320,-519,109,-150,0
2252.4441640377045,10356,5588,10532,-76,-252,57,9952,-9036,8892,-62,172,-143,-14828,3936,4048,-1005,46,-102,-14700,-3772,5308,-522,99,-179,0
2252.479752063751,10172,5636,10840,-135,-43,81,9784,-9048,8816,-22,133,-141,-14520,3928,3976,-1027,70,-49,-14728,-3808,5344,-505,121,-139,0
2252.5152111053467,10196,5712,10576,-78,252,88,9816,-8956,8944,-89,142,-159,-14648,3932,3932,-984,83,-82,-14664,-3712,5368,-517,111,-161,0
2252.5508239269257,10160,5540,10716,-131,-38,70,9896,-9116,8912,-54,203,-146,-14620,3972,3604,-1013,75,-9,-14848,-3764,5396,-539,155,-173,0
2252.5860741138454,10260,5380,10644,-120,-256,61,9672,-9176,8956,-253,176,-138,-14476,3932,3860,-1081,52,-43,-14644,-3772,5404,-518,134,-162,0
2252.6222591400146,10184,5748,10972,-98,-236,69,9912,-9100,8836,-51,174,-159,-14564,4112,3852,-1008,49,-24,-14704,-3764,5408,-496,106,-154,0
2252.6578929424286,10436,5884,10760,-169,-2,83,9508,-9024,9144,-76,143,-161,-14560,3968,3924,-971,95,-94,-14560,-3748,5444,-499,137,-110,0
2252.6942200660706,10016,5676,10668,-155,-48,105,9780,-9084,8820,-66,163,-161,-14816,3984,3904,-998,93,-69,-14628,-3804,5316,-263,175,-135,0
2252.7275090217586,9984,5692,10752,-147,-59,125,9792,-9132,8828,-42,108,-192,-14404,3900,3864,-1276,121,-53,-14492,-3792,5280,-523,213,-111,0
2252.761132001877,10260,5544,10692,-145,-51,141,9732,-9068,8940,-58,77,-190,-14476,4080,4000,-1053,130,-74,-14656,-3780,5396,-521,190,-86,0
2252.794727087021,10208,5668,10884,-135,-85,118,9756,-9052,8876,-71,106,-164,-14772,3888,3920,-774,107,-135,-14744,-3752,5356,-499,143,-129,0
2252.828096151352,10304,5608,10608,-156,-26,95,9816,-9020,8936,-59,148,-167,-14388,3948,4036,-1014,119,-91,-14664,-3860,5416,-529,153,-131,0
2252.8615529537205,10208,5792,10788,-146,-15,91,9768,-9012,8940,-38,157,-171,-14536,3936,4324,-1040,90,-79,-14612,-3768,5380,-492,175,-117,0
2252.8948900699615,10024,5728,10972,-173,-33,98,9808,-9044,8904,-31,149,-171,-14536,3920,3876,-996,112,-124,-14660,-3676,5420,-489,143,-120,0
2252.928202152252,10120,5696,10528,-185,-71,86,9744,-9116,8816,-65,168,-212,-14480,3964,4076,-966,81,-119,-14692,-3892,5532,-494,165,-106,0
2252.9618010520935,10252,5692,10960,-229,-85,110,9752,-9096,8872,-53,151,-204,-14564,4080,3860,-971,97,-106,-14780,-3828,5184,-509,201,-96,0
2252.9953529834747,10192,5680,10940,-209,-125,115,9760,-9144,8840,-49,153,-183,-14500,3988,4036,-977,108,-97,-14700,-3784,5508,-536,198,-69,0
2253.0286870002747,10104,5880,10528,-171,-84,119,9748,-9028,8820,-20,141,-192,-14460,4012,4036,-1003,96,-131,-14740,-3808,5456,-513,152,-92,0
2253.0619139671326,10200,5624,10768,-200,-69,164,9500,-9036,8604,-30,177,-182,-14412,4016,3976,-988,107,-96,-14596,-3784,5320,-500,213,-73,0
2253.095512151718,10128,5708,10776,-227,-122,143,9664,-9084,8840,-55,152,-202,-14540,3944,3940,-971,108,-147,-14424,-3808,5352,-473,203,-60,0
2253.129140138626,10096,5716,11124,-220,-117,139,9556,-8964,8896,-43,151,-191,-14640,4008,4112,-1009,161,-141,-14752,-3764,5592,-498,163,-65,0
2253.1624960899353,10288,5624,10732,-215,-130,156,9752,-9072,8980,-33,167,-138,-14548,3924,3996,-989,96,-82,-14660,-3836,5184,-523,156,-125,0
2253.196049928665,10008,5648,10804,-240,-168,149,9760,-9096,8976,-16,146,-163,-14476,3888,3856,-774,78,-105,-14836,-3652,5336,-522,143,-69,0
2253.2295210361485,10140,5836,10532,-156,-86,113,9868,-9056,8992,-29,134,-182,-14800,3940,4048,-970,98,-142,-14820,-3716,5320,-496,150,-70,0
2253.2629539966583,10004,5508,10784,-214,-105,97,9940,-9008,8860,-37,173,-179,-14600,3984,3808,-976,103,-104,-14684,-3716,5488,-495,184,-97,0
2253.2966129779816,10276,5540,10748,-187,-95,128,9844,-9064,8828,27,122,-212,-14552,3992,3980,-1030,114,-98,-14784,-3768,5220,-493,150,-89,0
2253.3300199508667,10252,5640,10736,-200,-79,130,9772,-8996,8768,26,156,-140,-14552,3948,4004,-772,67,-87,-14740,-3748,5412,-496,115,-99,0
2253.3661201000214,10148,5396,10984,-254,-74,123,9964,-9144,8816,4,159,-153,-14564,3928,4084,-1004,106,-117,-14672,-3720,5172,-485,128,-99,0
2253.3996999263763,10268,5396,10916,-191,-91,106,9828,-9012,8984,30,207,-177,-14580,3924,3988,-1034,106,-140,-14560,-3776,5388,-479,176,-100,0
2253.4332921504974,10428,5708,10840,-199,-101,126,9764,-9200,8872,17,176,-193,-14544,3940,4068,-1273,126,-87,-14720,-3828,5320,-475,165,-85,0
2253.4669420719147,10304,5552,10732,-255,-174,126,9796,-9036,8840,-19,164,-200,-14492,3896,4048,-982,115,-101,-14748,-3712,5476,-467,179,-99,0
2253.5000851154327,10232,5508,10720,-201,-117,135,9608,-9016,8876,-56,164,-191,-14624,3948,4068,-969,84,-139,-14708,-3720,5540,-495,165,-106,0
2253.533592939377,10144,5660,10732,-216,-142,122,9576,-9060,8828,6,154,-191,-14656,3948,3984,-1000,111,-155,-14708,-3820,5256,-490,159,-102,0
2253.5671849250793,10192,5668,10616,-224,-118,153,9768,-9148,8952,19,141,-178,-14664,3940,3916,-1018,126,-105,-14716,-3764,5176,-521,188,-126,0
2253.600839138031,10228,5636,10724,-178,-154,139,9792,-9076,8992,252,152,-227,-14520,3952,4008,-1030,93,-68,-14752,-3768,5320,-481,183,-70,0
2253.634108066559,10208,5840,10884,-215,-100,149,9736,-9068,8884,-58,139,-209,-14848,3936,3844,-1008,127,-142,-14728,-3744,5288,-459,193,-81,0
2253.6676321029663,10248,5604,10612,-211,-128,127,9800,-9060,8952,-23,145,-223,-14608,3900,3964,-1001,124,-143,-14672,-3708,5352,-482,155,-83,0
2253.700933933258,10284,5384,10948,-200,-146,151,9796,-9012,8852,-17,135,-190,-14556,3996,4080,-976,85,-110,-14760,-3620,5260,-490,179,-110,0
2253.738662004471,10132,5572,10796,-194,-126,113,9748,-9144,9180,-12,186,-183,-14652,3932,4012,-776,113,-83,-14720,-3724,5364,-493,182,-122,0
2253.7737290859222,10452,5576,10904,-219,-142,122,9788,-9080,8896,-2,124,-238,-14500,3888,4016,-1004,141,-150,-14648,-3824,5388,-461,189,-76,0
2253.8092460632324,10356,5560,10792,-191,-148,154,9752,-8968,8940,-34,123,-206,-14836,4052,4100,-1263,169,-103,-14780,-3812,5552,-493,142,-100,0
2253.8443751335144,10252,5520,10596,-161,-86,123,9788,-9040,8776,13,104,-189,-14540,3968,3644,-1036,123,-114,-14664,-3648,5236,-525,145,-130,0
2253.8801901340485,10264,5616,10692,-179,-145,142,9828,-8972,9064,-26,77,-191,-14544,3880,3996,-1046,123,-61,-14728,-3732,5248,-473,166,-123,0
2253.9149401187897,10432,5876,10540,-100,-66,78,9848,-9052,8820,-110,160,-208,-14624,3816,4072,-967,137,-108,-14800,-3640,5164,-473,142,-145,0
2253.950665950775,10352,5536,10604,-176,-73,86,9724,-8972,8876,-18,135,-188,-14476,3976,3864,-1064,110,-52,-14668,-3568,5288,-478,189,-94,0
2253.9861550331116,10264,5580,10668,-112,-32,126,9736,-9088,9180,-42,191,-157,-14836,3876,3956,-1075,67,-77,-14640,-3852,5340,-499,133,-138,0
2254.021518945694,10196,5408,10604,-133,-25,112,9832,-9076,8916,-68,146,-165,-14508,3888,3872,-1016,67,-33,-14688,-3880,5368,-495,124,-137,0
2254.057603120804,10284,5564,10724,-156,-42,100,9696,-9144,8856,-54,127,-155,-14420,3992,4036,-999,90,-55,-14668,-3868,5400,-489,156,-104,0
2254.0928311347966,10244,5564,10832,-136,-45,93,9744,-9076,8836,-76,148,-175,-14836,3956,3904,-1265,88,-93,-14692,-3796,5552,-488,163,-129,0
2254.128881931305,10484,5536,10732,-137,-45,107,9768,-9152,8872,-51,148,-205,-14840,3924,3980,-1008,107,-53,-14648,-3760,5436,-501,162,-106,0
2254.1641860008244,10020,5392,10988,-120,-46,84,9744,-9032,8876,-86,153,-163,-14564,4052,3988,-1277,138,-90,-14684,-3836,5312,-487,156,-124,0
2254.199681043625,10100,5636,10968,-134,-69,125,9812,-9104,8952,-72,98,-188,-14580,3872,4148,-991,115,-37,-14720,-3660,5280,-481,131,-133,0
2254.2350010871887,10336,5848,10692,-134,-46,117,9548,-9136,9176,-57,95,-157,-14544,4016,3936,-1015,150,-110,-14664,-3788,5284,-483,146,-121,0
2254.270745038986,10316,5608,10776,-117,-68,119,9892,-9016,8864,-33,100,-172,-14824,4004,4040,-1005,117,-91,-14708,-3720,5436,-497,146,-153,0
2254.307506084442,10136,5528,10748,-102,-39,87,9840,-8988,8916,-76,117,-186,-14528,3896,4232,-981,68,-53,-14672,-3740,5368,-499,158,-143,0
2254.3421199321747,10452,5580,10996,-125,-25,73,9540,-9044,8896,-89,145,-189,-14476,4052,4052,-995,78,-85,-14688,-3820,5156,-491,149,-157,0
2254.3787200450897,9988,5808,10732,-139,-62,74,9916,-8968,8776,-51,131,-189,-14504,3840,4268,-772,112,-90,-14616,-3792,5120,-479,145,-151,0
2254.4118070602417,10264,5620,10648,-116,-21,46,9780,-9068,8864,-38,109,-183,-14472,3888,3836,-1044,86,-120,-14772,-3816,5332,-497,161,-145,0
2254.445380926132,10244,5380,10752,-136,-52,76,9740,-9096,8896,-51,106,-212,-14636,3888,3952,-995,92,-75,-14688,-3640,5156,-490,152,-144,0
2254.4789340496063,10488,5436,10500,-86,-10,95,9736,-9088,8908,-89,131,-175,-14580,3960,3876,-1280,94,-76,-14692,-3696,5560,-491,110,-124,0
2254.5123131275177,10316,5620,10712,-92,245,79,9824,-9172,8840,-70,166,-145,-14516,3840,4040,-1072,53,-101,-14596,-3700,5412,-527,143,-140,0
2254.5454840660095,10112,5680,10708,-145,-53,100,9620,-8980,8828,-49,152,-156,-14552,3884,3992,-1035,71,-108,-14652,-3984,5276,-501,158,-152,0
2254.5791189670563,10212,5664,10728,-99,-11,82,9764,-9048,8768,-126,133,-178,-14628,4084,4268,-983,76,-121,-14736,-4072,5320,-495,150,-165,0
2254.612447977066,10268,5576,10728,-134,-32,76,9712,-9076,8876,-63,142,-173,-14612,3932,4032,-1023,68,-52,-14808,-3756,5312,-497,174,-154,0
2254.645817041397,10244,5512,10620,-97,3,91,9780,-8984,8792,-39,149,-170,-14560,3872,3772,-1044,91,-61,-14716,-3824,5144,-498,196,-157,0
2254.679306983948,10192,5708,10732,-126,-11,95,9812,-8992,8784,-75,141,-138,-14420,4000,3776,-1074,56,-54,-14584,-3796,5444,-502,166,-111,0
2254.712914943695,10148,5692,11004,-110,4,74,9624,-9000,8888,-83,127,-138,-14528,3860,4016,-1022,111,-58,-14704,-3708,5328,-504,173,-128,0
2254.7463870048523,10112,5644,10712,-146,-44,106,9844,-9072,8688,-67,207,-152,-14636,3864,4076,-971,86,-59,-14716,-3808,5348,-502,178,-134,0
2254.7799170017242,10076,5728,10852,-113,-40,107,9792,-9056,8896,-55,137,-191,-14448,4108,4104,-1067,111,-74,-14708,-3804,5368,-494,193,-115,0
2254.813493013382,10232,5388,10804,-148,-100,101,9736,-9176,8736,-54,148,-205,-14460,3968,3992,-1060,127,-56,-14744,-3832,5240,-479,197,-120,0
2254.8471550941467,10064,5636,10888,-114,-22,116,9976,-9140,8832,-52,131,-183,-14468,3912,4068,-1026,113,-97,-14628,-3912,5396,-474,183,-113,0
2254.8807809352875,10412,5652,10940,-138,-88,99,9772,-9204,8960,-50,143,-192,-14624,4032,4044,-769,134,-93,-14696,-3792,5400,-467,168,-129,0
2254.914001941681,10152,5852,10828,-126,-27,98,9744,-9024,8804,-49,144,-188,-14608,3908,3948,-998,124,-87,-14704,-3708,5292,-488,182,-105,0
2254.947503089905,10144,5648,10784,-143,-61,100,9868,-9036,8784,-91,157,-189,-14528,3944,4068,-1000,115,-65,-14624,-4012,5132,-501,161,-150,0
2254.981070995331,10200,5844,10592,-125,-33,73,9788,-9168,8860,-84,167,-221,-14488,3900,3980,-963,68,-91,-14708,-3868,5316,-497,188,-153,0
2255.0144641399384,10188,5652,10736,-129,-74,88,9816,-9088,8796,-56,146,-184,-14580,3996,3960,-983,96,-90,-14720,-4028,5336,-490,198,-108,0
2255.0479879379272,10136,5612,10864,-132,-21,90,9656,-9060,8940,-51,154,-181,-14564,3960,3880,-1015,101,-87,-14756,-3624,5284,-483,173,-101,0
2255.0816221237183,10168,5612,10912,-146,-6,81,9776,-9044,8916,-13,164,-158,-14812,3848,4152,-1046,100,-55,-14628,-3744,5312,-510,176,-107,0
2255.1150510311127,10144,5760,10716,-122,-17,69,9596,-9116,8856,-24,136,-144,-14472,4016,3972,-1030,127,-75,-14688,-4064,5252,-505,179,-91,0
2255.1482579708095,10068,5672,10552,-190,-60,109,9776,-9056,8916,-55,132,-197,-14744,3872,3984,-984,101,-112,-14764,-3956,5336,-512,191,-84,0
2255.1818621158604,10128,5732,10812,-183,-75,131,9964,-9088,8828,-90,133,-195,-14580,4000,3916,-953,105,-146,-14872,-3808,5332,-506,135,-75,0
2255.2154660224915,10148,5712,10864,-173,-68,118,9728,-9188,8768,-41,154,-151,-14836,3968,4056,-985,100,-102,-14636,-3908,5300,-535,125,-83,0
2255.24920296669,10188,5564,10856,-229,-106,134,9716,-9060,8836,-256,149,-151,-14512,3832,4044,-995,100,-58,-14636,-3836,5444,-498,197,-79,0
2255.2826499938965,10164,5748,10756,-168,-62,139,9828,-9064,8896,-70,137,-193,-14540,3928,3896,-966,124,-84,-14632,-3796,5512,-460,160,-73,0
2255.3161659240723,10200,5880,10756,-217,-89,99,9840,-9176,8884,-40,140,-172,-14612,3944,3972,-1006,127,-128,-14828,-3648,5156,-501,178,-66,0
2255.3497800827026,10140,5536,10816,-196,-102,142,9740,-9140,8760,-256,157,-173,-14340,3976,4276,-1037,90,-125,-14732,-3740,5332,-257,216,-83,0
2255.382951974869,10204,5620,10752,-181,-70,132,9908,-8996,8832,4,164,-174,-14772,3976,3948,-1033,74,-122,-14784,-3748,5340,-467,133,-85,0
2255.4307429790497,10188,5692,10904,-233,-55,111,9788,-9176,8792,-33,189,-135,-14532,4040,4292,-959,84,-95,-14612,-3760,5368,-482,140,-119,0
2255.477523088455,10144,5728,10728,-229,-73,106,9516,-9128,8708,237,163,-181,-14680,3848,4028,-999,107,-142,-14636,-3688,5348,-264,161,-101,0
2255.5221259593964,10212,5376,10720,-234,-86,122,9732,-9108,8956,6,139,-212,-14560,4092,3932,-1000,93,-117,-14652,-3780,5332,-486,156,-122,0
2255.5580041408534,10188,5656,10764,-164,-67,113,9684,-9096,8868,-18,152,-192,-14360,3816,3804,-997,109,-127,-14700,-3776,5340,-482,145,-100,0
2255.5931351184845,10108,5664,10800,-224,-101,119,9848,-9052,8852,8,159,-189,-14632,3992,4088,-998,133,-94,-14744,-3728,5272,-460,172,-57,0
2255.628906965256,10188,5624,10900,-209,-98,113,9820,-9104,8896,-12,130,-186,-14504,3976,4320,-1006,119,-154,-14752,-3768,5364,-507,196,-89,0
2255.6642949581146,10056,5600,10884,-206,-87,134,9856,-9052,8820,-254,125,-179,-14540,3928,3992,-956,235,-146,-14644,-3772,5284,-505,163,-63,0
2255.6996591091156,10112,5640,10740,-214,-112,139,9500,-9032,8872,-19,140,-212,-14512,3972,3944,-952,139,-137,-14788,-3792,5240,-492,164,-98,0
2255.7350380420685,10212,5656,10988,-223,-121,98,9724,-9220,8832,-33,165,-183,-14588,3952,4004,-974,103,-120,-14728,-3752,5188,-474,190,-92,0
2255.7708010673523,10420,5428,11000,-209,-117,117,9964,-9072,8872,-251,154,-179,-14812,3980,3848,-998,91,-131,-14492,-3732,5312,-489,171,-87,0
2255.8061571121216,10188,5680,10856,-204,-146,127,9732,-9104,8880,18,136,-203,-14572,3976,3860,-1036,129,-111,-14744,-3672,5236,-471,169,-79,0
2255.841956138611,10060,5648,10828,-185,-141,148,9928,-9108,8732,-254,124,-197,-14568,3876,3992,-1002,122,-143,-14688,-3768,5388,-494,190,-87,0
2255.877743959427,10160,5588,10712,-225,-183,151,9720,-9156,8820,1,142,-212,-14432,4000,3860,-977,140,-133,-14688,-3812,5280,-477,175,-64,0
2255.9129910469055,10204,5692,10748,-177,-129,152,9756,-9128,8760,-19,118,-173,-14632,3912,4004,-1011,96,-97,-14728,-3860,5312,-480,138,-86,0
2255.9481389522552,10312,5560,10856,-206,-106,125,9828,-9140,8864,12,140,-189,-14524,3888,4068,-772,89,-125,-14744,-3832,5216,-511,148,-104,0
2255.9836599826813,10088,5604,10720,-226,-135,149,9680,-8996,8812,14,124,-194,-14540,3864,3880,-1026,136,-79,-14712,-3740,5272,-474,146,-82,0
2256.0196211338043,10296,5600,10792,-136,-83,111,9776,-9084,8748,-62,109,-191,-14544,3936,3940,-966,146,-87,-14672,-3684,5340,-487,160,-108,0
2256.055591106415,10288,5524,10720,-215,-201,104,9760,-9104,8840,-255,111,-204,-14512,3936,3960,-1001,120,-109,-14724,-3728,5236,-492,187,-119,0
2256.0892560482025,10236,5664,10772,-151,-94,95,9520,-9064,8824,-31,117,-185,-14640,3924,3976,-1037,106,-75,-14788,-3712,5320,-489,141,-147,0
2256.122950077057,10244,5544,10664,-117,-39,103,9780,-9080,8888,-47,150,-151,-14600,3920,3928,-1051,95,-60,-14652,-3824,5244,-260,108,-153,0
2256.1564481258392,10228,5556,10780,-126,-23,85,9708,-9104,8844,-47,180,-169,-14496,3892,3868,-1005,75,-75,-14700,-3860,5288,-490,141,-134,0
2256.1900091171265,10168,5536,10512,-146,-45,112,9496,-9120,8892,-40,180,-168,-14468,3920,4000,-769,108,-68,-14776,-3772,5568,-495,159,-124,0
2256.22344493866,10156,5684,10856,-129,-66,104,9792,-9012,8780,-41,130,-198,-14548,3944,4064,-1034,125,-66,-14728,-3820,5340,-496,157,-121,0
2256.257108926773,10180,5836,10728,-176,-66,110,9720,-8980,8904,-54,122,-179,-14504,3968,3936,-1016,80,-108,-14628,-3712,5200,-500,168,-116,0
2256.2905931472774,10040,5872,10580,-94,-28,120,9760,-9140,8992,-46,146,-193,-14364,3816,4012,-1002,124,-100,-14724,-3756,5248,-767,146,-141,0
2256.3242490291595,10196,5652,10844,-139,-75,154,9776,-9124,8888,-9,138,-171,-14580,3892,4080,-1016,119,-82,-14748,-3720,5268,-489,135,-133,0
2256.357908964157,10152,5620,10796,-117,-44,99,9772,-9108,8880,-17,130,-191,-14660,3888,3936,-1276,130,-95,-14692,-3840,5292,-507,161,-113,0
2256.3912999629974,10192,5680,10792,-106,-55,99,9964,-9052,8796,-55,130,-197,-14576,3952,3984,-1019,113,-114,-14696,-3772,5408,-501,152,-121,0
2256.4244589805603,10232,5588,10852,-118,-50,91,9708,-9128,8928,-78,130,-196,-14588,3940,3896,-973,108,-120,-14716,-3940,5168,-491,136,-116,0
2256.4582531452174,10208,5652,10744,-125,-37,81,9780,-9092,8848,-65,114,-191,-14660,4008,3932,-1004,94,-107,-14820,-3736,5356,-500,151,-128,0
2256.491804122925,10168,5560,11036,-158,-106,99,9784,-9136,8932,-254,134,-184,-14348,3984,4068,-1026,102,-77,-14688,-3624,5272,-504,166,-123,0
2256.5253920555115,10132,5708,10708,-94,-19,111,9564,-9036,8820,-46,138,-197,-14364,4000,4056,-968,125,-98,-14812,-3792,5352,-474,121,-127,0
2256.558748960495,10220,5504,10804,-143,-10,79,9800,-9084,8836,-57,125,-177,-14652,4000,3936,-993,78,-90,-14828,-3732,5244,-528,109,-138,0
2256.592437982559,10324,5388,10560,-140,-61,85,9716,-9148,8912,-24,153,-163,-14620,3940,3880,-1020,69,-55,-14724,-3712,5116,-554,101,-154,0
2256.6257839202885,10208,5852,10508,-103,16,76,9480,-9060,8824,-25,158,-135,-14772,4068,3976,-1273,67,-57,-14704,-4088,5280,-525,116,-165,0
2256.659199953079,10188,5688,10688,-112,-252,69,9724,-9020,8920,-85,138,-128,-14460,3864,3876,-1004,64,-28,-14708,-3612,5284,-535,101,-151,0
2256.6926820278168,10076,5712,10768,-162,-36,67,9776,-9124,8836,-61,187,-163,-14508,3924,3932,-1002,107,-53,-14620,-3816,5292,-499,147,-148,0
2256.726478099823,10148,5648,10816,-148,-65,119,9516,-9056,8896,-31,130,-161,-14532,3976,3940,-769,116,-103,-14724,-3812,5340,-261,130,-112,0
2256.760082960129,10160,5780,10628,-131,-91,113,9584,-9120,8800,-27,167,-166,-14628,3952,3896,-1051,152,-113,-14612,-3776,5256,-509,169,-112,0
2256.793652057648,10164,5648,10792,-144,-65,113,9780,-9116,8848,-67,88,-213,-14624,3848,3968,-1031,154,-74,-14748,-3772,5252,-520,187,-89,0
2256.827420949936,10096,5604,10832,-127,-44,122,9860,-9132,8864,-19,133,-204,-14656,3956,4004,-1030,129,-70,-14736,-3904,5224,-526,153,-125,0
2256.8608310222626,10220,5688,10876,-110,-47,107,9976,-9104,8784,-14,123,-187,-14840,4032,3852,-1280,113,-80,-14748,-3832,5196,-500,132,-113,0
2256.8941271305084,10164,5728,10700,-136,-51,121,9676,-9012,8884,-44,115,-173,-14360,3864,3920,-1009,107,-85,-14728,-3872,5256,-525,142,-134,0
2256.927659034729,10176,5636,10868,-160,-16,91,9796,-9132,8788,-58,156,-186,-14592,3916,3928,-1022,92,-100,-14752,-3736,5244,-496,135,-128,0
2256.961333990097,10132,5648,10784,-153,-15,85,9948,-9076,8908,-44,138,-172,-14520,3980,3976,-1003,99,-71,-14644,-3868,5356,-258,157,-150,0
2256.9949159622192,10456,5684,10936,-140,-33,102,9476,-9164,9124,-42,154,-174,-14632,3888,3984,-995,103,-79,-14656,-3612,5328,-768,151,-122,0
2257.0284790992737,10084,5676,10752,-117,-48,82,9716,-9248,8832,-44,138,-189,-14576,3912,4068,-1016,96,-73,-14752,-4072,5340,-768,164,-131,0
2257.0618231296535,10140,5700,10828,-150,-45,102,9712,-9188,8888,-38,132,-186,-14480,4072,3960,-966,76,-104,-14716,-3792,5288,-767,159,-111,0
2257.0991270542145,10136,5376,10896,-143,-70,77,9504,-9140,8872,-38,132,-209,-14548,3924,4056,-1012,88,-84,-14720,-3820,5460,-517,152,-90,0
2257.1341280937195,10244,5700,10816,-129,-50,100,9728,-9024,8876,-14,117,-193,-14792,3868,4036,-1020,138,-62,-14768,-3860,5304,-536,170,-109,0
2257.1695489883423,10180,5692,10840,-99,-49,97,9768,-9108,8768,-43,136,-188,-14628,3864,3924,-998,110,-78,-14712,-3788,5332,-269,149,-124,0
2257.20472407341,9988,5708,10804,-147,-41,101,9856,-9164,8816,-56,124,-153,-14476,3944,4092,-1033,113,-58,-14724,-4092,5028,-537,119,-86,0
2257.2407500743866,10200,5656,10496,-151,-50,120,9820,-9168,8836,-56,126,-149,-14628,3944,3868,-1002,121,-62,-14824,-4088,5340,-528,148,-109,0
2257.2754731178284,10060,5664,11000,-129,-64,114,9832,-9036,8816,-41,136,-196,-14560,3888,3864,-1030,106,-85,-14576,-3860,5152,-758,158,-111,0
2257.311278104782,10228,5708,10808,-150,-98,107,9736,-9172,8792,-47,137,-196,-14604,3940,4004,-1007,126,-67,-14776,-3704,5316,-516,184,-126,0
2257.3473160266876,10128,5868,10600,-146,-45,98,9828,-9244,8796,-25,135,-208,-14528,3932,3928,-960,45,-75,-14808,-3620,5320,-259,150,-116,0
2257.3821229934692,10088,5708,10880,-136,-45,120,9980,-9056,8912,-33,121,-185,-14520,4000,4036,-987,122,-136,-14672,-3848,5240,-562,166,-127,0
2257.418048143387,10088,5712,10700,-134,-49,108,9792,-9112,8752,-41,113,-203,-14564,3924,4056,-1020,109,-68,-14768,-3808,5268,-527,147,-90,0
2257.4531669616695,10060,5700,10700,-141,-85,111,9840,-9056,8840,-70,126,-202,-14584,3916,3972,-968,109,-143,-14712,-3936,5184,-492,135,-114,0
2257.488783121109,10420,5712,10724,-138,-14,95,9960,-9040,8896,-59,176,-147,-14468,4008,4020,-964,70,-1,-14776,-3748,5240,-526,80,-153,0
2257.5241510868073,10152,5584,10988,-210,4,106,9784,-9404,8448,-11,83,-150,-14748,3944,3880,-1049,49,-67,-14664,-3856,5248,-533,174,-110,0
2257.5590319633484,9996,5824,10940,-148,-5,123,9752,-9036,8856,-47,156,-186,-14612,3820,3992,-986,96,-59,-14748,-3956,5212,-486,122,-108,0
2257.595108985901,10304,5692,10888,-171,-62,85,9860,-9160,8916,-57,175,-169,-14592,3936,3876,-1003,75,-85,-14696,-3696,5156,-258,181,-110,0
2257.6311161518097,10148,5676,10788,-143,-31,112,9480,-9072,8924,-18,170,-164,-14544,3884,3904,-1054,71,-52,-14648,-3852,5244,-533,149,-159,0
2257.667135953903,10076,5452,10512,-123,-35,100,9708,-9008,8772,-3,177,-150,-14580,3892,4152,-1018,68,-63,-14624,-3904,5272,-523,105,-106,0
2257.702013015747,10060,5636,10872,-185,-27,91,9780,-9056,8704,-38,202,-173,-14584,3936,4144,-927,67,-76,-14740,-3788,5224,-498,127,-63,0
2257.738450050354,10064,5692,10776,-216,-74,118,9736,-9104,8920,-25,170,-186,-14564,4056,4048,-978,139,-96,-14708,-4092,5408,-499,164,-108,0
2257.772125005722,10100,5648,10924,-196,-126,158,9724,-9152,8728,-12,122,-207,-14512,3924,4084,-983,139,-138,-14644,-3864,5328,-518,209,-87,0
2257.805701971054,10128,5728,10892,-231,-167,141,9668,-9140,8756,-55,149,-215,-14468,4000,3916,-995,132,-151,-14812,-3688,5364,-488,188,-77,0
2257.8395421504974,10136,5652,10796,-199,-129,146,9744,-9076,8816,-13,126,-182,-14580,3924,3892,-960,138,-145,-14680,-3820,5280,-513,158,-69,0
2257.873206138611,10136,5624,10860,-218,-134,128,9744,-9168,8868,5,167,-183,-14664,3940,3972,-968,93,-93,-14664,-3904,4920,-497,160,-105,0
2257.906566143036,10140,5688,10784,-229,-121,130,9756,-9232,8708,20,137,-183,-14652,3984,4084,-1000,107,-103,-14724,-3852,5212,-496,184,-90,0
2257.9400341510773,10096,5660,10740,-240,-130,139,9636,-9176,8872,-8,143,-200,-14564,4076,4092,-998,83,-130,-14724,-3928,5196,-756,143,-60,0
2257.97363114357,10216,5732,10844,-228,-129,121,9664,-9088,8868,-14,115,-229,-14540,3948,3948,-968,125,-141,-14724,-3744,5100,-480,157,-86,0
2258.0073640346527,10160,5692,10976,-249,-172,122,9808,-9064,8984,-20,187,-220,-14656,3972,3864,-952,114,-117,-14660,-3884,5184,-495,167,-94,0
2258.040853023529,10424,5708,10544,-231,-160,119,9784,-9088,8888,-6,162,-217,-14616,3892,3964,-978,97,-86,-14764,-3868,5348,-507,154,-108,0
2258.074378013611,10428,5692,10848,-218,-120,117,9720,-9028,9032,4,160,-213,-14564,3968,3744,-1001,94,-123,-14652,-3876,5168,-505,150,-81,0
2258.107406139374,10060,5592,10816,-235,-143,142,9656,-9168,8804,7,160,-209,-14524,3880,3832,-775,93,-143,-14740,-3796,4928,-502,179,-107,0
2258.1403441429134,10004,5380,10548,-233,-128,131,9704,-9096,9052,-10,108,-198,-14572,3988,4052,-1011,113,-84,-14772,-3776,5176,-507,146,-93,0
2258.173844099045,10068,5620,10764,-218,-138,143,9708,-9120,9060,-2,182,-195,-14648,3916,3944,-1004,129,-116,-14736,-3792,5128,-502,170,-77,0
2258.2075231075287,10432,5668,10824,-204,-163,169,9688,-9088,8768,22,136,-169,-14552,3960,3832,-994,154,-152,-14736,-3604,5128,-488,151,-77,0
2258.2408840656285,10140,5708,10924,-225,-134,173,9792,-8984,8840,-29,176,-205,-14656,3856,4032,-988,146,-122,-14748,-3904,5336,-478,113,-83,0
2258.274405002594,10036,5732,10848,-191,-100,135,9524,-9120,9100,-11,149,-150,-14396,3988,3872,-988,84,-103,-14660,-3824,5096,-515,110,-98,0
2258.307687044144,10116,5700,10964,-262,-148,128,9668,-9132,8816,36,123,-185,-14544,3844,3888,-1025,113,-73,-14772,-3820,5360,-495,181,-97,0
2258.3410730361934,10164,5736,10936,-166,-79,124,9748,-8980,8920,-29,132,-180,-14644,3888,4024,-960,112,-103,-14784,-3808,5312,-487,131,-111,0
2258.3806240558624,10020,5568,10980,-214,-85,107,9768,-9112,8736,-256,144,-199,-14372,3936,3884,-976,96,-107,-14696,-3644,5188,-494,178,-97,0
2258.414139032364,10232,5544,10708,-203,-136,143,9816,-9048,8796,24,119,-182,-14772,3964,3900,-1028,116,-138,-14680,-3816,5240,-502,162,-99,0
2258.44765496254,10200,5516,10708,-160,-68,132,9748,-9060,8876,0,124,-161,-14540,3884,4068,-1015,88,-99,-14736,-3896,5232,-488,130,-139,0
2258.4813110828404,10116,5672,10888,-180,-63,104,9608,-9108,8856,-31,149,-140,-14556,3920,4008,-950,132,-104,-14692,-3820,5244,-261,107,-146,0
2258.5148799419403,10128,5580,10812,-170,-81,112,9672,-9056,8908,-43,175,-179,-14596,3892,4036,-968,131,-85,-14612,-3740,4880,-495,153,-117,0
2258.5484161376953,10124,5708,10732,-190,-77,108,9752,-9032,8752,-42,156,-170,-14556,3800,3960,-991,114,-107,-14724,-3640,5236,-479,173,-84,0
2258.5819170475006,10172,5516,10516,-231,-161,124,9968,-9216,8948,-12,149,-208,-14436,3840,3992,-1011,128,-176,-14688,-3720,5240,-496,206,-86,0
2258.615242958069,10176,5664,10636,-156,-151,143,9732,-9108,8816,-33,100,-216,-14588,3900,4068,-989,133,-94,-14748,-4072,5292,-486,170,-89,0
2258.6487641334534,10184,5564,10792,-116,-118,153,9692,-9064,8888,-60,137,-213,-14548,3900,3932,-993,134,-93,-14776,-3700,5216,-487,160,-121,0
2258.6823370456696,10164,5576,10540,-123,-56,109,9816,-9044,8816,-31,119,-206,-14616,3804,3992,-1028,126,-68,-14764,-3828,5172,-489,166,-121,0
2258.7157011032104,10028,5620,10956,-130,-55,104,9668,-9140,8808,-38,103,-185,-14620,3604,3928,-1025,121,-121,-14740,-3592,5308,-489,160,-129,0
2258.7520649433136,10132,5620,10692,-111,-60,94,9764,-9084,8776,-48,144,-187,-14592,4072,3848,-1020,101,-55,-14696,-3588,5300,-502,160,-151,0
2258.788157939911,10288,5608,10836,-116,-50,81,9776,-9040,8880,-73,170,-188,-14512,3924,3992,-1020,81,-72,-14764,-3700,5168,-491,147,-98,0
2258.823413133621,10212,5648,10772,-111,-29,94,9932,-9104,8884,-59,130,-165,-14404,3892,4012,-1003,95,-102,-14732,-3836,5224,-486,136,-114,0
2258.8591809272766,10152,5640,10912,-93,-27,95,9624,-9136,9068,-31,122,-166,-14636,4036,3928,-1047,87,-112,-14756,-3772,5184,-268,159,-154,0
2258.893919944763,10192,5756,10732,-98,-11,107,9648,-9096,8816,-42,143,-177,-14848,3976,3976,-775,132,-80,-14740,-3888,5264,-488,161,-139,0
2258.929708003998,10188,5824,10996,-112,-38,98,9632,-9104,8792,-52,124,-195,-14384,3932,4328,-1010,98,-123,-14660,-3604,5332,-494,188,-99,0
2258.9648039340973,10424,5596,10736,-106,-46,94,9964,-9004,8800,-63,147,-179,-14600,3912,3984,-993,101,-74,-14812,-3832,5252,-496,117,-124,0
2259.0006070137024,10016,5720,10788,-96,1,95,9980,-9132,8844,-31,132,-157,-14396,3936,3968,-995,69,-78,-14644,-3728,5168,-502,113,-122,0
2259.035655975342,10128,5492,10788,-126,-73,107,9784,-9000,8996,-31,135,-168,-14488,3772,4024,-998,63,-52,-14752,-3908,5136,-492,154,-116,0
2259.070863008499,10240,5756,10704,-69,-46,83,9812,-9096,8912,-92,107,-161,-14696,3848,4084,-954,90,-87,-14772,-3776,5084,-485,130,-163,0
2259.1059329509735,10220,5628,10780,-162,-54,75,9864,-9452,8920,-36,151,-158,-14340,3928,4068,-1009,86,-60,-14848,-3788,5104,-485,161,-111,0
2259.141750097275,10184,5612,10988,-68,-13,97,9964,-9096,8952,-14,153,-155,-14512,3944,3972,-1032,72,-97,-14696,-3796,5292,-766,124,-135,0
2259.177714109421,10236,5636,11000,-64,29,86,9484,-9128,8920,-45,144,-135,-14508,4000,3948,-1007,51,-56,-14664,-3904,5240,-491,79,-170,0
2259.212774038315,10216,5676,10832,-152,36,71,9636,-9052,8972,-51,180,-155,-14756,3900,4096,-1019,88,-67,-14688,-3876,5280,-492,112,-124,0
2259.2476909160614,10092,5748,10684,-127,9,109,9924,-9096,8948,-13,171,-191,-14508,3976,4004,-1273,72,-87,-14716,-4068,5116,-472,158,-137,0
2259.2833409309387,10124,5744,11028,-107,-68,101,9656,-9084,8820,-49,150,-193,-14812,3984,4092,-1018,102,-48,-14696,-3852,5204,-459,168,-140,0
2259.3192360401154,10136,5688,10916,-142,-70,115,9688,-9052,8920,-42,116,-204,-14552,3924,4144,-997,107,-125,-14672,-3904,5284,-481,155,-114,0
2259.354243040085,10112,5696,10700,-102,-43,102,9660,-9024,8888,-51,132,-178,-14768,4020,3904,-770,125,-72,-14740,-3928,5196,-502,143,-129,0
2259.3897221088414,10140,5664,10768,-156,-44,100,9780,-9168,8920,-25,125,-176,-14456,3604,3972,-1011,131,-108,-14748,-3872,5224,-495,156,-119,0
2259.4255769252777,10188,5696,10724,-109,-34,104,9752,-9088,8892,-17,115,-189,-14640,3908,4060,-776,131,-125,-14676,-3752,5172,-505,167,-130,0
2259.4592840671535,10172,5772,10888,-116,-54,99,9672,-9148,8968,-31,152,-189,-14656,3864,4044,-1013,104,-91,-14744,-3756,5212,-504,149,-131,0
2259.4928760528564,10204,5708,10828,-124,-72,83,9688,-9124,8980,-59,134,-195,-14568,3896,4076,-1003,112,-86,-14764,-3784,5260,-496,172,-140,0
2259.526354074478,10128,5456,10632,-158,-60,107,9636,-9088,9148,-66,140,-177,-14620,3880,3916,-997,96,-75,-14696,-3788,5196,-492,159,-134,0
2259.5598969459534,10100,5672,10884,-116,-48,99,9552,-9200,8892,-35,133,-159,-14544,3980,4052,-1024,97,-104,-14748,-3796,5112,-498,153,-116,0
2259.5935420989986,10140,5712,10944,-128,-35,102,9700,-9128,8912,-54,116,-183,-14572,3920,3920,-1015,112,-109,-14680,-4020,5336,-506,174,-92,0
2259.626914024353,10128,5676,10988,-102,-42,114,9496,-9004,8888,-33,109,-170,-14492,3980,3852,-940,78,-92,-14668,-3640,5244,-258,153,-112,0
2259.6602699756622,10044,5700,10808,-112,-89,128,9648,-9088,8744,-34,142,-187,-14592,3968,4044,-1034,112,-83,-14796,-3912,5208,-484,160,-99,0
2259.6938560009003,10072,5788,10876,-142,-76,92,9748,-8996,8956,-42,145,-196,-14564,3968,3960,-1023,90,-103,-14744,-3940,5188,-483,162,-128,0
2259.7272651195526,10116,5792,10652,-134,-51,96,9684,-9064,8848,-76,109,-182,-14584,3944,3912,-985,111,-93,-14768,-3756,5136,-491,114,-105,0
2259.760894060135,10116,5704,11004,-117,-17,89,9664,-9056,8848,-31,141,-151,-14544,3964,4248,-1024,103,-79,-14636,-3832,5328,-501,138,-144,0
2259.7945790290833,9944,5468,10856,-190,-53,116,9644,-9116,9192,-3,136,-182,-14512,3812,3920,-1019,95,-73,-14756,-3852,5120,-494,160,-125,0
2259.8279750347137,10056,5808,10596,-114,-28,105,9520,-9216,8840,-59,133,-177,-14364,3956,3928,-986,106,-27,-14632,-4028,5124,-480,150,-125,0
2259.8615770339966,10008,5748,10956,-155,-55,101,9792,-9120,8884,-49,161,-157,-14348,3920,4040,-992,100,-78,-14688,-3792,5184,-505,165,-150,0
2259.8949110507965,10016,5860,10504,-101,-43,92,9688,-9132,8828,-17,140,-165,-14528,3888,3956,-1038,115,-103,-14716,-4040,5348,-481,190,-141,0
2259.9283440113068,10104,5680,10576,-102,-46,78,9512,-9164,8740,-32,170,-167,-14512,3872,4016,-999,74,-63,-14812,-3764,5276,-504,107,-131,0
2259.961853027344,10072,5820,10848,-126,20,95,9600,-9084,8924,-69,163,-156,-14448,3936,4004,-996,76,-37,-14692,-3616,5120,-479,121,-119,0
2259.995443105697,10112,5748,10664,-181,0,80,9648,-9116,8804,-53,176,-160,-14616,3944,3864,-772,102,-44,-14676,-3596,5200,-471,177,-139,0
2260.0289540290833,10012,5700,10788,-163,-49,84,9976,-9376,8856,-40,147,-184,-14452,3860,4004,-1005,106,-84,-14760,-3872,5152,-506,172,-120,0
2260.0624499320984,10008,5704,10840,-154,-51,105,9640,-9144,8744,-24,162,-191,-14532,3896,3992,-1039,95,-90,-14644,-3944,5296,-523,193,-97,0
2260.096091032028,10212,5812,10904,-146,-55,99,9668,-9196,8764,-32,130,-198,-14484,4032,3920,-1063,97,-149,-14652,-3780,5316,-503,168,-107,0
2260.1296479701996,10012,5816,10796,-124,-70,101,9668,-9108,8912,-40,158,-170,-14500,3988,3888,-984,109,-71,-14776,-3848,5220,-504,173,-100,0
2260.163057088852,10028,5696,10900,-151,-23,99,9568,-9044,8796,-7,142,-176,-14532,3904,4000,-997,108,-97,-14840,-3884,5156,-512,140,-101,0
2260.196568965912,10100,5860,10644,-149,-48,102,9476,-9116,8752,-25,150,-166,-14628,3944,4012,-1039,101,-100,-14756,-3924,4896,-504,164,-84,0
2260.230068922043,10020,5756,10828,-155,-65,120,9716,-9164,8856,-54,145,-173,-14524,3896,3992,-994,113,-121,-14760,-4068,4880,-496,158,-117,0
2260.2636511325836,10236,5720,10752,-168,-73,116,9760,-9144,8884,-58,129,-188,-14572,3940,3984,-972,106,-138,-14776,-3912,5184,-485,163,-98,0
2260.2973749637604,10088,5796,10928,-186,-106,99,9616,-9244,8844,-18,162,-221,-14508,3952,3936,-975,128,-118,-14748,-3788,5168,-492,180,-115,0
2260.3308899402614,10064,5736,10840,-174,-104,120,9676,-9128,8904,252,134,-193,-14552,3928,3968,-1021,128,-66,-14616,-3872,5140,-262,159,-72,0
2260.364433050156,10076,5704,10872,-175,-93,130,9652,-9096,8880,-20,131,-162,-14348,3940,4004,-977,113,-133,-14680,-3872,5264,-493,160,-85,0
2260.397896051407,9964,5776,10936,-217,-125,132,9768,-9156,8792,-20,157,-203,-14572,3940,4044,-988,126,-132,-14784,-3824,4888,-487,156,-98,0
2260.43332695961,10052,5680,10844,-174,-125,129,9736,-9076,8916,246,162,-186,-14592,3968,4048,-992,132,-156,-14752,-3764,5192,-511,185,-107,0
2260.4684879779816,10116,5784,10552,-189,-128,124,9680,-9148,8776,0,124,-178,-14504,3904,4060,-968,111,-120,-14720,-3644,4988,-515,164,-94,0
2260.504544019699,10048,5800,10812,-227,-131,144,9724,-9156,8924,-37,164,-189,-14600,3972,4060,-962,110,-116,-14732,-3828,5172,-470,152,-61,0
2260.5406301021576,10116,5632,10700,-218,-109,122,9732,-9100,9020,-10,142,-201,-14516,3852,3896,-1012,166,-122,-14832,-3796,5136,-510,193,-82,0
2260.575562953949,9996,5652,10848,-229,-103,154,9836,-9148,8940,-18,167,-184,-14644,3880,3924,-977,118,-105,-14640,-3804,5216,-511,164,-93,0
2260.6115379333496,10124,5600,10808,-210,-122,114,9828,-9164,8852,-9,138,-183,-14624,4040,3952,-988,114,-136,-14732,-3768,5236,-491,158,-101,0
2260.647686958313,10140,5776,10832,-233,-113,116,9480,-9104,8896,249,166,-190,-14600,3880,3892,-1002,114,-106,-14812,-3852,5260,-268,173,-102,0
2260.6826939582825,10108,5652,10560,-202,-123,131,9496,-9172,8856,-7,152,-200,-14552,4020,4020,-1007,123,-149,-14784,-3640,5196,-488,172,-120,0
2260.718188047409,10080,5732,10932,-224,-141,131,9976,-9036,8856,-8,159,-217,-14432,3844,4048,-1033,94,-138,-14800,-3856,4868,-491,171,-96,0
2260.753667116165,10092,5692,10988,-243,-129,140,9736,-9064,8940,-38,154,-205,-14660,3944,3912,-977,122,-121,-14820,-3884,5040,-477,151,-103,0
2260.7893221378326,10200,5804,10532,-221,-126,138,9684,-9140,9164,-28,172,-166,-14580,3916,3992,-1006,91,-79,-14776,-3812,5172,-258,87,-104,0
2260.8243350982666,10028,5732,10992,-236,-120,139,9756,-9048,8900,12,172,-174,-14492,3824,4020,-1030,69,-79,-14584,-3832,5144,-257,170,-95,0
2260.8602571487427,10100,5708,10612,-185,-125,131,9476,-9036,8768,-9,137,-191,-14696,3816,4028,-990,111,-96,-15068,-3912,5280,-472,124,-100,0
2260.895483970642,10164,5732,10844,-221,-81,96,9736,-9152,9008,-47,158,-195,-14736,3892,4088,-991,109,-96,-14696,-3780,5352,-757,201,-107,0
2260.9318220615387,10180,5432,10892,-234,-159,114,9944,-9156,8848,17,150,-180,-14572,3844,3924,-1031,100,-128,-14748,-3800,5128,-502,161,-111,0
2260.9676830768585,10140,5752,10728,-183,-111,141,9896,-9004,8860,-4,124,-151,-14624,3956,3944,-1009,71,-51,-14756,-3880,5312,-503,108,-109,0
2261.002704143524,10144,5440,10888,-222,-57,116,9636,-8984,9028,-7,171,-148,-14528,3996,3948,-990,71,-90,-14772,-3760,5180,-500,97,-122,0
2261.0382170677185,10032,5680,10808,-226,-107,130,9592,-9032,8884,-34,178,-208,-14556,3852,3940,-994,111,-125,-14628,-3752,5172,-500,144,-93,0
2261.074793100357,10124,5644,10636,-205,-128,127,9624,-9064,9004,-20,123,-182,-14608,3888,3904,-1006,125,-127,-14692,-3780,5148,-488,184,-97,0
2261.108302116394,10232,5620,10772,-227,-177,158,9488,-9072,8772,-12,141,-231,-14548,3964,3968,-991,97,-125,-14680,-4056,5332,-482,178,-80,0
2261.141538143158,10128,5708,10936,-502,-124,142,9608,-9116,8936,-9,166,-194,-14532,3840,3992,-1005,127,-104,-14836,-3764,5156,-499,175,-96,0
2261.1749570369725,10168,5672,10820,-198,-121,155,9684,-9076,8888,-22,192,-174,-14540,3924,3856,-990,131,-61,-14672,-3840,5200,-511,150,-104,0
2261.208688020706,10140,5668,10916,-209,-82,151,9664,-9160,8884,-31,147,-193,-14484,3908,4016,-998,114,-112,-14804,-3872,5076,-490,154,-110,0
2261.242012023926,10056,5844,10872,-227,-127,126,9532,-9108,9196,-17,160,-198,-14564,3940,4144,-1278,132,-144,-14748,-3884,5264,-490,172,-78,0
2261.275717973709,10052,5648,10836,-190,-124,126,9560,-9008,8948,-38,114,-207,-14676,3872,3872,-965,197,-135,-14752,-3860,5032,-483,159,-118,0
2261.3091111183167,10136,5688,10924,-153,-112,114,9716,-8972,8964,-48,131,-207,-14840,3836,4088,-987,133,-119,-14840,-3748,4908,-509,138,-108,0
2261.3426680564885,10232,5628,10736,-153,-105,84,9504,-9148,8940,-55,137,-197,-14596,3940,3904,-1022,62,-55,-14848,-3768,4880,-489,146,-137,0
2261.3763449192047,10212,5740,10936,-179,-102,98,9736,-9000,8736,-256,143,-184,-14560,4060,3988,-1036,101,-72,-14792,-3932,5120,-436,152,-110,0
2261.409765005112,10148,5708,10716,-105,-21,89,9708,-9044,8920,-78,152,-191,-14548,3840,4044,-769,156,-98,-14780,-3784,5312,-492,160,-101,0
2261.443211078644,10192,5592,10912,-124,-77,103,9476,-9472,8736,-29,132,-188,-14356,4024,3960,-1040,110,-82,-14760,-4096,5188,-518,141,-127,0
2261.4766170978546,10212,5732,10780,-97,-51,99,9680,-9104,8724,-27,97,-178,-14496,3844,3924,-1047,112,-34,-14636,-4040,5108,-487,138,-108,0
2261.510201931,10152,5856,10500,-94,-30,127,9704,-9152,8908,-65,131,-147,-14636,4016,3920,-1028,121,-37,-14844,-3884,5184,-509,107,-150,0
2261.543683052063,10144,5620,10992,-95,240,83,9792,-9000,9048,-78,119,-157,-14796,3684,4288,-1008,90,-48,-14748,-3752,5124,-520,97,-136,0
2261.5773890018463,10156,5696,10872,-70,-256,97,9596,-9000,8936,-86,144,-168,-14612,4004,4028,-1005,88,-61,-14652,-3776,5192,-528,134,-147,0
2261.6108801364894,10172,5400,10608,-84,-32,111,9976,-9052,9020,-79,123,-183,-14480,3944,3808,-1004,110,-43,-14560,-3844,5200,-514,143,-146,0
2261.644254922867,10004,5424,10692,-102,-52,87,9692,-9136,8852,-64,113,-187,-14356,3936,3936,-1033,143,-34,-14708,-3868,5236,-491,166,-106,0
2261.6774139404297,10236,5620,10844,-86,-46,92,9776,-8988,8924,-71,127,-205,-14512,3888,3904,-1050,104,-122,-14724,-3792,5268,-765,195,-121,0
2261.7110481262207,10104,5576,10740,-92,-67,95,9920,-9148,8960,-46,68,-209,-14584,3928,4052,-1040,71,-130,-14768,-3772,5160,-512,182,-92,0
2261.744733095169,10116,5656,10552,-109,-58,100,9976,-9112,8908,-44,153,-172,-14632,3936,4028,-1040,124,-103,-14744,-3932,4872,-492,149,-159,0
2261.7783939838414,10056,5676,10944,-123,-51,86,9692,-9108,8780,-62,136,-198,-14580,3944,3996,-990,82,-45,-14752,-3796,5140,-488,150,-126,0
2261.811886072159,10072,5692,10588,-151,-48,73,9724,-9108,9048,-55,173,-185,-14640,3908,4028,-1003,97,-59,-14716,-3800,5068,-477,151,-135,0
2261.8455550670624,10128,5648,10820,-122,-30,77,9728,-9052,8888,-21,143,-174,-14620,3904,3952,-976,17,-74,-14832,-3880,5152,-483,147,-149,0
2261.8787209987645,10224,5644,10764,-141,-60,111,9704,-9044,9100,-54,165,-178,-14656,4012,3984,-1008,122,-114,-14748,-3864,5128,-479,148,-104,0
2261.912197113037,10060,5756,10840,-137,-70,100,9684,-8952,8824,-50,143,-199,-14616,3872,4076,-1014,100,-88,-14680,-3604,5220,-482,143,-95,0
2261.9457290172577,10044,5684,10780,-152,-64,97,9712,-9096,8824,-52,138,-184,-14828,3920,3996,-776,125,-56,-14684,-3944,5076,-503,154,-95,0
2261.979295015335,10084,5732,10924,-114,-42,106,9944,-9080,8876,-52,135,-201,-14572,3980,3868,-1010,111,-77,-14764,-3880,5184,-489,151,-118,0
2262.012864112854,10064,5660,10640,-125,-49,106,9716,-9128,8808,-54,140,-185,-14604,3912,4252,-1020,90,-73,-14792,-3864,5052,-485,129,-121,0
2262.0464630126953,10120,5728,11004,-147,-34,122,9720,-9044,8948,-47,132,-146,-14384,3932,4220,-1003,89,-83,-14752,-3984,4928,-488,155,-123,0
2262.0800230503082,10136,5772,10972,-148,-31,115,9720,-9116,8888,-70,139,-147,-14496,4008,3908,-988,100,-81,-14668,-3824,5204,-509,148,-129,0
2262.115947008133,10084,5380,10880,-144,-63,107,9720,-9084,8936,-73,123,-160,-14620,3868,3964,-1001,126,-85,-14736,-3900,5264,-481,150,-114,0
2262.150871992111,10052,5764,10728,-148,-50,116,9648,-9196,8800,-47,145,-175,-14484,3992,3948,-999,114,-64,-14652,-3772,5140,-467,140,-118,0
2262.1861729621887,10056,5712,10908,-120,-75,98,9496,-9180,8880,-43,155,-163,-14836,3884,3988,-1036,121,-115,-14824,-3788,5052,-496,178,-139,0
2262.2217180728912,10004,5492,10676,-141,-61,111,9640,-9088,8856,-37,134,-187,-14636,3968,4048,-1011,91,-83,-14756,-3996,5340,-484,151,-135,0
2262.2577250003815,10032,5736,10740,-144,-59,93,9668,-9212,8836,-27,143,-185,-14512,3928,3696,-1015,84,-93,-14724,-4060,4896,-490,137,-136,0
2262.292541027069,10020,5676,10568,-121,-61,88,9660,-9100,8944,-38,134,-199,-14520,3840,4156,-1007,105,-80,-14684,-3868,5228,-479,152,-130,0
2262.328290939331,10180,5772,10640,-124,-49,96,9936,-9108,9100,-41,123,-194,-14376,3992,4040,-1001,122,-91,-14696,-3852,5164,-500,144,-121,0
2262.3633279800415,10076,5788,10860,-139,-48,81,9972,-9100,8852,-48,121,-209,-14632,3960,4016,-985,95,-86,-14656,-3900,5260,-499,170,-110,0
2262.3991119861603,10220,5716,10888,-149,-74,73,9820,-9068,8964,-91,133,-195,-14556,3972,4248,-980,88,-134,-14780,-3940,5140,-457,138,-125,0
2262.434468984604,10216,5772,10708,-88,-18,110,9660,-9148,8808,-73,204,-142,-14564,3940,3956,-1265,90,-63,-14748,-3808,5052,-505,87,-146,0
2262.4706189632416,10092,5872,10728,-159,19,92,9652,-9168,8800,-254,157,-139,-14580,3944,3756,-1045,79,-37,-14724,-3884,5152,-529,151,-130,0
2262.50599193573,10064,5812,10756,-106,-53,124,9760,-9024,8836,-4,121,-155,-14560,3884,4012,-1027,120,-77,-14864,-3904,5208,-476,146,-101,0
2262.5422689914703,10172,5772,10720,-125,-43,79,9800,-9044,8812,-65,147,-172,-14576,3992,3784,-979,87,-105,-14688,-3740,5084,-480,139,-156,0
2262.578108072281,10084,5664,10604,-146,-36,101,9488,-9172,8836,-44,176,-168,-14672,3916,4068,-1061,82,-82,-14540,-3816,5180,-490,158,-140,0
2262.6138689517975,10100,5756,10772,-110,-10,78,9640,-9068,8736,-13,175,-141,-14584,3864,4028,-1049,54,-24,-14716,-3856,5160,-507,95,-152,0
2262.649174928665,10136,5736,11000,-136,17,64,9692,-9056,8744,-46,235,-148,-14408,3892,3872,-979,77,-33,-14692,-3892,5184,-461,111,-104,0
2262.6844420433044,9772,5812,10792,-187,-19,115,9668,-9124,8600,-59,138,-146,-14556,3972,3700,-991,99,-139,-14708,-3948,5196,-459,140,-94,0
2262.7203290462494,10044,5792,10824,-141,-65,122,9664,-9172,8944,-47,149,-155,-14560,3932,3984,-773,120,-92,-14692,-3872,5352,-483,156,-95,0
2262.755567073822,10072,5716,10828,-182,-85,98,9596,-9420,8788,-16,124,-182,-14492,3928,3972,-771,124,-104,-14640,-3820,5052,-511,181,-86,0
2262.7914979457855,9992,5832,10804,-134,-76,137,9592,-9452,8940,-19,111,-200,-14540,3860,4160,-1025,127,-153,-14788,-3944,5156,-492,142,-89,0
2262.825094938278,10068,5796,10856,-162,-62,130,9776,-9172,8916,-12,126,-165,-14596,3820,3904,-1014,99,-102,-14772,-3652,5172,-473,140,-98,0
2262.858750104904,10148,5724,10788,-160,-70,115,9680,-9172,8932,-9,141,-197,-14604,3912,3916,-1009,113,-79,-14808,-4044,5176,-768,177,-109,0
2262.8922021389008,10144,5788,10796,-170,-60,114,9636,-9140,8924,-40,126,-182,-14448,3924,3884,-1273,105,-72,-14712,-4056,5148,-482,158,-127,0
2262.925295114517,10056,5784,10960,-146,-72,118,9708,-9156,8812,-45,139,-184,-14532,3964,3952,-1009,90,-91,-14816,-3728,5192,-488,145,-128,0
2262.958920955658,10000,5688,10872,-181,-77,78,9640,-9024,8860,-61,148,-200,-14748,3892,3964,-993,104,-144,-14780,-3844,5228,-458,166,-85,0
2262.99244594574,10084,5692,10960,-189,-104,108,9728,-9156,9008,-50,132,-209,-14572,3904,3960,-1010,120,-123,-14804,-3848,5096,-499,168,-84,0
2263.0258359909058,10124,5748,10912,-150,-67,98,9680,-9084,8856,-25,158,-189,-14588,3952,3924,-992,103,-124,-14652,-3888,5120,-493,153,-94,0
2263.059454917908,10216,5744,11000,-167,-65,126,9640,-9160,8760,-256,155,-171,-14584,3984,4088,-1005,115,-94,-14820,-3828,5200,-522,177,-95,0
2263.0929851531982,9736,5840,10736,-210,-82,121,9608,-9044,8940,-41,129,-189,-14564,3992,4244,-1014,114,-130,-14716,-3964,5112,-499,165,-73,0
2263.1265280246735,10236,5736,10868,-175,-134,149,9660,-9072,8876,-14,123,-164,-14556,3932,3832,-1274,124,-130,-14760,-3868,5132,-515,181,-60,0
2263.1600811481476,10016,5680,10728,-182,-126,153,9700,-9144,8820,-23,127,-193,-14472,3880,3956,-997,130,-110,-14748,-3928,5292,-479,193,-54,0
2263.1933081150055,10028,5716,10980,-210,-134,145,9600,-9104,8888,-39,150,-204,-14592,3848,4072,-964,125,-98,-14720,-3880,5124,-436,176,-55,0
2263.226891040802,10136,5748,10840,-200,-136,133,9688,-9116,8972,-51,163,-175,-14604,3968,3948,-956,117,-139,-14604,-3612,4896,-497,134,-79,0
2263.2604739665985,10200,5668,10768,-191,-65,149,9672,-9140,8948,-18,171,-170,-14604,3952,3800,-1005,101,-120,-14736,-4000,5140,-501,125,-94,0
2263.2940211296086,10100,5732,10720,-240,-150,132,9472,-9420,8880,11,149,-184,-14524,4008,3988,-1030,97,-148,-14640,-3648,5156,-488,179,-113,0
2263.327491044998,10212,5812,10728,-199,-115,149,9676,-9028,8996,-12,154,-188,-14580,3968,3996,-1014,107,-91,-14820,-4040,5300,-459,138,-88,0
2263.3611340522766,10124,5788,10920,-196,-80,95,9680,-9204,8792,-21,169,-187,-14540,3976,3896,-984,95,-64,-14692,-3732,5188,-460,173,-134,0
2263.3971331119537,10112,5656,10708,-234,-145,101,9652,-9148,8716,38,154,-193,-14584,3888,3856,-1053,103,-90,-14708,-3608,5064,-477,171,-106,0
2263.430830001831,10068,5796,10780,-173,-75,104,9688,-9148,8756,2,151,-170,-14560,3960,3960,-1013,75,-102,-14696,-3848,5208,-469,123,-114,0
2263.4644560813904,10104,5816,10792,-210,-51,133,9740,-9156,8968,-29,171,-155,-14540,3956,3912,-953,70,-82,-14672,-3868,5320,-462,112,-103,0
2263.4980680942535,10072,5628,10912,-261,-57,128,9464,-9184,8876,-51,187,-164,-14484,3960,3908,-1020,104,-123,-14772,-3760,4988,-482,167,-109,0
2263.5313699245453,10148,5632,10732,-233,-137,150,9724,-9120,8928,-6,154,-193,-14556,4056,3904,-1005,97,-121,-14748,-3956,5108,-470,185,-90,0
2263.5649430751805,10148,5400,10832,-206,-151,163,9668,-9192,8908,20,144,-205,-14600,3932,3976,-998,127,-123,-14712,-3748,5336,-447,208,-50,0
2263.598608016968,10040,5708,10844,-243,-194,180,9640,-9120,8840,6,136,-209,-14568,4032,4080,-1017,145,-157,-14724,-3792,5160,-484,194,-72,0
2263.6317920684814,10080,5792,10756,-183,-124,146,9780,-9136,9108,-7,148,-189,-14432,3904,4044,-1005,155,-115,-14720,-3984,5184,-467,152,-66,0
2263.665533065796,9992,5708,10808,-200,-136,134,9476,-9088,8948,22,148,-193,-14536,3972,4048,-996,129,-110,-14764,-4088,4896,-460,164,-63,0
2263.6988151073456,10044,5444,10836,-193,-110,135,9672,-9072,8816,24,159,-182,-14524,4000,3852,-1004,124,-70,-14736,-3860,5108,-768,175,-89,0
2263.732367992401,10188,5744,10932,-189,-130,131,9620,-9084,8888,255,148,-183,-14580,3876,3956,-1001,127,-82,-14812,-3764,5320,-463,151,-81,0
2263.765778064728,10100,5424,10904,-230,-134,111,9504,-9144,8712,-52,156,-199,-14644,3900,3876,-992,115,-120,-14684,-3776,5164,-480,154,-78,0
2263.8024139404297,10124,5740,10900,-213,-127,128,9692,-9192,8984,237,101,-233,-14564,3904,3856,-995,113,-103,-14740,-3780,5192,-465,161,-118,0
2263.83863902092,10156,5724,10944,-220,-120,125,9936,-9132,8848,-22,152,-199,-14624,3928,3972,-993,112,-149,-14700,-3840,5104,-493,143,-99,0
2263.873799085617,10160,5600,10740,-182,-112,136,9608,-9136,8916,20,112,-200,-14584,3968,4036,-1003,130,-142,-14760,-3868,5036,-487,167,-67,0
2263.9091601371765,10140,5584,10704,-231,-117,130,9640,-9172,8848,0,147,-212,-14668,3884,3956,-997,136,-145,-14700,-3856,5332,-465,199,-89,0
2263.9445540905,10112,5692,10700,-219,-136,143,9696,-9032,9132,-2,129,-202,-14520,3912,3864,-1023,113,-133,-14780,-4068,5128,-470,155,-95,0
2263.980829000473,10108,5636,10816,-161,-89,121,9716,-9076,8884,-25,110,-194,-14612,3880,3940,-1002,110,-67,-14736,-3800,5132,-506,121,-113,0
2264.0175089836125,10120,5640,10840,-171,-96,128,9688,-9076,8988,-43,127,-196,-14668,3808,3976,-1043,101,-75,-14692,-3844,5088,-504,193,-123,0
2264.052999973297,10200,5804,10648,-122,-44,113,9660,-9048,8928,-82,130,-153,-14848,3596,3928,-1026,98,-57,-14828,-3848,5016,-470,98,-141,0
2264.088734149933,10488,5716,10508,-123,7,67,9636,-9184,9116,-78,142,-146,-14608,3856,3896,-1005,98,-58,-14724,-3732,5012,-482,155,-136,0
2264.1241121292114,10192,5876,10860,-132,-44,85,9708,-9192,8936,-23,122,-177,-14532,3964,3952,-1066,105,-89,-14700,-3848,5064,-504,192,-107,0
2264.160238981247,10180,5668,10912,-54,-17,78,9724,-9012,8856,-58,101,-173,-14628,3904,4056,-1029,98,-58,-14644,-3616,4924,-496,110,-143,0
2264.1956090927124,10112,5712,10800,-107,48,82,9732,-9224,9144,-61,156,-158,-14512,3964,4272,-1018,86,-50,-14644,-3744,5200,-482,113,-159,0
2264.231286048889,10124,5388,10984,-120,-35,103,9724,-9108,8920,-62,163,-163,-14340,3932,4104,-1023,76,-100,-14720,-3804,5012,-484,161,-124,0
2264.26739692688,10032,5704,10816,-93,-20,102,9660,-9012,8960,-67,140,-175,-14416,3896,3912,-1015,72,-61,-14708,-3876,5168,-484,159,-133,0
2264.302343130112,10104,5724,10792,-146,-71,96,9640,-9156,8944,-39,141,-206,-14600,3928,3840,-1010,132,-113,-14592,-3772,4916,-463,185,-118,0
2264.3378341197968,10088,5712,10820,-115,-114,105,9572,-9144,8988,-70,129,-198,-14460,3612,4344,-1019,151,-63,-14784,-3880,4936,-263,178,-103,0
2264.372657060623,10148,5732,10920,-123,-72,132,9776,-9124,8844,-68,93,-184,-14644,3844,3976,-992,148,-113,-14800,-3836,5156,-474,146,-122,0
2264.4082889556885,10136,5444,11100,-129,-58,101,9480,-9136,8924,-55,106,-181,-14544,4104,3944,-999,112,-71,-14808,-4096,5104,-257,149,-131,0
2264.4453511238094,10236,5792,10748,-137,-54,75,9472,-9164,9000,-28,124,-199,-14576,3920,3884,-1028,113,-89,-14808,-3764,5000,-520,152,-109,0
2264.478963136673,10128,5724,10936,-155,-42,87,9532,-9136,8732,-86,113,-177,-14560,3824,3992,-991,71,-90,-14736,-3852,5208,-493,159,-143,0
2264.512685060501,10104,5416,10892,-146,-60,79,9648,-9084,9008,-61,129,-218,-14716,3872,3900,-1000,100,-95,-14732,-3780,5092,-484,123,-149,0
2264.5460541248326,9984,5744,10564,-156,-50,78,9652,-9148,8916,-58,132,-183,-14680,3944,3952,-997,114,-92,-14764,-3800,5148,-766,154,-121,0
2264.579945087433,10136,5744,10600,-134,-51,95,9700,-9080,9096,-24,122,-192,-14560,3960,3948,-1008,101,-66,-14712,-3872,5224,-508,162,-130,0
2264.6133570671086,10100,5680,10772,-148,-70,112,9672,-9116,8844,-32,165,-160,-14824,3916,3944,-1026,136,-92,-14688,-3620,5108,-497,169,-85,0
2264.646665096283,10044,5644,10704,-156,-84,124,9688,-9116,8740,-37,122,-211,-14644,3916,3840,-1279,121,-130,-14696,-4084,5104,-506,196,-108,0
2264.6802809238434,10172,5708,11004,-151,-74,116,9800,-9136,9204,-56,116,-195,-14544,3884,3888,-1014,75,-129,-14824,-3720,5224,-498,123,-131,0
2264.713705062866,9988,5856,10908,-121,-34,95,9680,-9144,8788,-55,114,-166,-14656,4020,3788,-1021,91,-66,-14696,-3776,5036,-528,128,-118,0
2264.7472739219666,10116,5716,10844,-199,-73,110,9764,-9084,8876,-16,204,-182,-14840,3632,3932,-1048,77,-66,-14724,-3876,5136,-488,146,-148,0
2264.7808289527893,10128,5836,10796,-112,-30,115,9672,-9100,8848,-75,107,-169,-14384,3856,3992,-1003,104,-88,-14796,-3920,5084,-472,134,-112,0
2264.814110994339,10112,5712,10876,-166,-27,108,9676,-9216,9032,-48,113,-172,-14528,3964,3960,-998,100,-86,-14848,-3724,5136,-499,129,-95,0
2264.8475461006165,10380,5728,10620,-177,-50,92,9756,-9148,8788,-30,107,-169,-14608,3980,3808,-1025,81,-65,-14676,-3848,5304,-504,177,-156,0
2264.8811180591583,9996,5776,10808,-98,-43,114,9692,-9088,8804,-32,143,-150,-14604,3948,4300,-1009,65,-56,-14760,-3948,5144,-495,132,-171,0
2264.9144430160522,10068,5676,10848,-148,24,84,9732,-9172,8784,-56,129,-150,-14540,3916,3852,-990,73,-34,-14708,-3804,5192,-495,95,-142,0
2264.9480259418488,9752,5752,10896,-180,-41,94,9568,-9200,8908,-73,142,-160,-14344,3908,3896,-1002,84,-119,-14720,-3912,5016,-487,157,-130,0
2264.9815180301666,9808,5680,10864,-149,-53,100,9564,-9176,8808,-44,132,-190,-14664,3888,4036,-1022,107,-81,-14636,-3924,5332,-495,200,-103,0
2265.015190124512,10048,5632,10700,-129,-69,109,9664,-9092,8888,-32,126,-213,-14552,3888,3896,-1007,106,-97,-14804,-3936,5188,-495,185,-106,0
2265.048716068268,10048,5640,10744,-188,-111,118,9664,-9084,8988,-47,112,-201,-14560,3960,3796,-1032,117,-89,-14680,-3908,5172,-499,194,-119,0
2265.082323074341,10100,5792,10864,-143,-46,110,9636,-9124,9080,-39,131,-192,-14812,3928,3868,-1007,129,-112,-14768,-3848,5096,-501,172,-128,0
2265.1158089637756,10040,5716,10724,-152,-79,119,9648,-9168,8788,-30,98,-185,-14640,3904,3868,-984,110,-130,-14732,-3848,4864,-495,146,-110,0
2265.1489419937134,10116,5692,10884,-150,-55,90,9708,-9016,8772,-14,146,-207,-14620,3888,4068,-1046,92,-100,-14728,-4088,5032,-497,142,-108,0
2265.1824350357056,10108,5764,10740,-133,-71,97,9776,-9148,8892,-59,122,-194,-14356,3908,3984,-999,106,-54,-14744,-3888,5080,-488,160,-161,0
2265.2160270214085,10056,5740,10896,-164,-47,110,9600,-9100,8784,-51,139,-157,-14644,3840,4020,-969,110,-96,-15072,-3912,5080,-500,152,-150,0
2265.249345064163,10068,5760,10680,-153,-39,103,9820,-9076,8832,-43,122,-179,-14524,3900,4068,-991,70,-112,-14808,-3792,5184,-495,162,-94,0
2265.2828891277313,10116,5700,10880,-146,-40,98,9504,-9092,8772,-34,118,-198,-14532,4000,3840,-1007,112,-72,-14672,-3936,5184,-483,151,-133,0
2265.3165199756622,9876,5816,10804,-144,-61,104,9640,-9196,8952,-15,108,-178,-14568,3900,4132,-1020,117,-43,-14828,-3868,5136,-258,160,-104,0
2265.3500161170964,10040,5740,11032,-139,-54,120,9724,-9148,8980,-23,99,-189,-14476,4000,4044,-998,100,-91,-14760,-3820,4912,-517,167,-109,0
2265.3834919929504,10080,5720,10960,-127,-57,92,9720,-9104,8796,-35,113,-187,-14384,3916,3988,-1037,105,-84,-14812,-3868,5064,-502,167,-127,0
2265.4172351360326,10112,5796,10916,-143,-58,122,9744,-9088,8820,-19,136,-193,-14540,3904,3896,-1003,92,-104,-14824,-3908,5328,-767,171,-115,0
2265.450334072113,10028,5804,10812,-140,-82,119,9668,-9136,8988,-54,130,-200,-14524,4060,4040,-997,138,-82,-14784,-3868,4944,-481,173,-106,0
2265.4878449440002,10152,5736,10572,-149,-82,121,9712,-9104,8944,-67,103,-197,-14548,3932,4060,-981,123,-89,-14804,-3868,4880,-478,126,-104,0
2265.5228641033173,10160,5736,11004,-150,-34,101,9676,-9088,8788,-85,127,-134,-14524,3892,4028,-981,83,-23,-14836,-3596,5072,-530,109,-97,0
2265.5576961040497,10036,5684,10900,-168,-62,102,9664,-9144,8784,-28,143,-170,-14460,4016,3996,-1053,66,-45,-14676,-3880,4992,-529,198,-113,0
2265.5933640003204,10084,5696,10740,-150,-41,111,9264,-9040,9004,-1,173,-169,-14560,3888,3924,-1277,122,-102,-14824,-3936,5264,-494,133,-127,0
2265.629214048385,10088,5664,10864,-160,-39,78,9480,-9052,8708,-39,172,-180,-14368,3880,4276,-1005,66,-101,-14664,-3828,5108,-498,150,-125,0
2265.664026975632,10076,5704,10876,-177,-72,87,9884,-9220,8784,1,157,-186,-14824,3960,3960,-1034,75,-92,-14724,-3832,5172,-491,170,-131,0
2265.6991951465607,10088,5752,10804,-132,-11,100,9720,-9088,8820,-13,179,-153,-14664,3968,4000,-1007,49,-75,-14596,-3884,5100,-508,119,-122,0
2265.7343881130214,10044,5844,10884,-186,-38,111,9608,-9176,8920,-42,177,-147,-14560,3932,3964,-973,78,-106,-14764,-3928,5216,-487,106,-99,0
2265.770266056061,10004,5728,10920,-237,-71,128,9552,-9188,8992,-36,175,-171,-14556,3960,3972,-962,84,-134,-14640,-3876,4956,-483,154,-77,0
2265.8057429790497,10016,5816,10932,-221,-124,144,9608,-9124,9164,-47,146,-177,-14508,3884,4132,-971,113,-119,-14704,-3852,5060,-765,188,-50,0
2265.8410029411316,10040,5744,10676,-192,-157,144,9704,-9200,8852,-23,142,-205,-14524,3940,4016,-1006,117,-145,-14760,-3588,5012,-494,220,-64,0
2265.8761110305786,10060,5680,10840,-226,-151,147,9704,-9224,8856,-21,138,-190,-14688,3960,3876,-994,117,-135,-14712,-3840,5248,-267,171,-80,0
2265.9117629528046,10056,5708,10952,-182,-77,168,9656,-9160,9144,-22,138,-162,-14664,3852,3644,-969,125,-106,-14820,-3944,5008,-467,160,-79,0
2265.9480061531067,10024,5812,10920,-240,-92,132,9684,-9184,9000,-15,182,-185,-14344,3856,4004,-987,92,-146,-14728,-3620,5100,-491,145,-117,0
2265.983300924301,10224,5684,10780,-222,-95,125,9632,-9100,8920,-255,168,-188,-14480,3868,3964,-1042,129,-119,-14768,-4032,5028,-477,170,-85,0
2266.01930809021,10088,5736,10668,-248,-124,138,9680,-9128,9136,-28,141,-209,-14528,3924,4012,-991,80,-117,-14776,-3916,5148,-477,162,-79,0
2266.054418087005,10112,5748,10828,-261,-146,127,9688,-9024,8860,-26,148,-206,-14600,4016,4208,-970,100,-152,-14792,-3904,5028,-459,196,-106,0
2266.090001106262,10168,5680,10704,-239,-171,126,9504,-9116,8748,-256,136,-198,-14612,3948,3952,-1002,85,-140,-14748,-3832,5040,-488,153,-122,0
2266.1267080307007,10128,5632,10756,-236,-131,144,9736,-9104,8840,-7,146,-192,-14624,3968,3960,-971,103,-84,-14760,-3620,5148,-470,140,-72,0
2266.1601080894466,10040,5592,10984,-249,-119,135,9636,-9124,8844,-245,142,-177,-14576,3940,3992,-1007,92,-113,-14736,-3756,5084,-479,164,-81,0
2266.1936559677124,10100,5696,10956,-248,-148,136,9704,-9084,8852,17,173,-182,-14444,3920,3984,-1005,100,-112,-14784,-3980,5056,-494,140,-105,0
2266.2273161411285,10208,5664,10972,-213,-115,159,9776,-9084,9008,14,248,-150,-14580,3920,3852,-977,64,-123,-14788,-3972,5168,-474,145,-99,0
2266.260486125946,10116,5700,10536,-223,-137,145,9812,-9064,8968,-3,141,-161,-14584,3860,3940,-978,45,-122,-14704,-3636,5324,-477,193,-103,0
2266.2939009666443,10068,5700,10988,-258,-168,139,9556,-9032,9192,-8,193,-165,-14528,4036,4104,-992,67,-80,-14724,-3928,5120,-472,173,-70,0
2266.327502965927,10100,5688,10600,-256,-144,154,9712,-9144,8816,31,181,-151,-14580,3960,3936,-1001,108,-105,-14800,-3840,5360,-496,146,-74,0
2266.361102104187,10072,5444,10816,-217,-121,137,9624,-9028,8936,17,205,-145,-14640,3860,4092,-1260,76,-115,-14708,-3928,5072,-517,147,-96,0
2266.394423007965,10128,5868,10764,-287,-151,139,9620,-9188,9040,68,213,-99,-14528,3936,3988,-782,126,-68,-14820,-3904,4992,-475,186,-99,0
2266.4280409812927,10184,5656,10772,-173,-75,122,9700,-9000,9184,10,210,-86,-14636,3892,3992,-1053,66,-85,-14688,-3860,5088,-472,137,-94,0
2266.4616200923924,10056,5816,10728,-233,-90,119,9476,-9156,8860,33,202,-121,-14056,3800,3364,-278,986,-106,-14652,-4028,5024,-506,175,-144,0
2266.4950950145726,10108,5536,10680,-500,-133,105,9604,-9108,9168,109,164,-136,-14568,3864,3816,-1073,117,-100,-14852,-3896,4872,-493,175,-85,0
2266.528846025467,10200,5660,10740,-183,-54,123,9712,-9192,8968,84,194,-156,-14628,3912,3900,-1018,70,-91,-14692,-4084,5016,-502,117,-121,0
2266.5623531341553,10116,5672,10880,-199,-23,92,9576,-9056,8976,22,150,-167,-14548,3856,4020,-1005,39,-109,-14688,-3968,5348,-475,129,-111,0
2266.5958530902863,9996,5732,10860,-228,-100,116,9520,-9120,8868,-4,142,-174,-14388,3872,3732,-1048,73,-110,-14732,-3884,5052,-461,187,-136,0
2266.629282951355,10048,5708,10776,-166,-196,122,9632,-9080,8880,-5,121,-235,-14660,3832,3888,-1100,93,-113,-14448,-3832,4960,-445,505,-93,0
2266.662586927414,10124,5644,10816,-132,-208,117,9608,-9008,8808,8,115,-246,-14756,3848,4032,-1094,113,-172,-14688,-3628,5056,-459,228,-92,0
2266.696455001831,10164,5616,10848,-153,-161,122,9632,-8740,8852,-38,103,-235,-14788,3852,3876,-1018,156,-117,-14856,-3860,5008,-434,163,-80,0
2266.729751110077,10152,5680,11080,-115,-36,112,9688,-9036,8824,-60,82,-201,-14608,3856,3952,-1014,147,-62,-14840,-3920,4940,-425,143,-96,0
2266.7632710933685,10176,5632,10668,-134,-54,111,9676,-9100,9004,-36,100,-190,-14568,3868,3876,-1055,113,-31,-14720,-3820,5052,-462,134,-118,0
2266.7969291210175,10224,5836,10740,-87,-27,125,9624,-9072,8928,-42,110,-153,-14584,3888,4080,-1068,127,-44,-14768,-3836,5152,-492,171,-104,0
2266.8303339481354,10172,5644,10872,-104,-5,140,9632,-9108,8908,-44,95,-159,-14456,3836,3996,-1075,95,-62,-14764,-3956,5080,-484,136,-121,0
2266.863841056824,10136,5600,10860,-102,2,96,9612,-9084,8916,-84,136,-164,-14804,3764,3952,-1048,98,-107,-14800,-3640,5148,-461,145,-118,0
2266.897364139557,10212,5680,10988,-100,-18,101,9560,-9052,8932,-85,116,-130,-14780,3864,4048,-1000,81,-61,-14696,-3628,5116,-443,123,-101,0
2266.9308280944824,10076,5760,10664,-105,-14,133,9668,-9116,8880,-59,129,-138,-14520,3984,4092,-993,120,-52,-14696,-3796,5352,-446,126,-106,0
2266.9643719196324,9800,5640,10908,-100,-25,157,9492,-9344,8712,-91,128,-119,-14548,3936,3992,-1012,138,-12,-14812,-3612,5104,-465,123,-70,0
2266.9979240894318,10128,5576,10888,-114,-62,168,9528,-9236,9212,-57,90,-134,-14580,3912,4016,-1018,156,-90,-14756,-3892,5012,-471,176,-48,0
2267.0314590930934,10028,5736,10844,-117,-48,155,9568,-9128,8876,-111,86,-148,-14524,3932,4060,-978,156,-77,-14792,-3816,5148,-443,137,-59,0
2267.064908027649,10176,5732,10540,-113,-54,141,9732,-9148,8860,-150,86,-150,-14624,4072,3868,-954,159,-32,-14752,-3824,5140,-421,89,-78,0
2267.0984511375427,10196,5612,10892,-138,14,154,9604,-9184,8880,-99,135,-104,-14656,3908,4080,-988,105,-242,-14628,-3676,5104,-457,102,-91,0
2267.1317341327667,10116,5664,10856,-156,10,157,9652,-9100,8880,-63,97,-138,-14552,3836,3784,-998,100,-21,-14820,-3852,4992,-447,90,-105,0
2267.168776035309,10124,5764,10804,-99,32,138,9736,-9056,9004,-155,64,-100,-14620,3856,3900,-931,117,255,-14832,-3796,5004,-421,43,-90,0
2267.204232931137,10136,5644,10908,-162,12,143,9712,-9016,8900,-127,103,-102,-14628,3824,3932,-977,109,62,-14768,-3836,4948,-431,75,-82,0
2267.2402589321136,10040,5720,10872,-175,21,154,9608,-9036,8924,-123,56,-80,-14448,3980,3864,-995,136,19,-14748,-3796,5072,-461,60,-70,0
2267.2749910354614,10224,5744,10708,-101,31,176,9628,-9116,8704,-126,-91,-98,-14552,4064,4160,-952,112,22,-14360,-3868,4872,-436,89,-54,0
2267.310722112656,9844,5716,10568,-93,-254,183,9536,-9100,8768,-136,32,-70,-14436,3968,3936,-945,179,239,-14652,-3844,5280,-323,87,-47,0
2267.3461899757385,9736,5560,10972,-91,-84,201,9528,-9468,8844,-98,59,-132,-14812,3864,3944,-993,191,-125,-14648,-3840,5096,-349,238,-112,0
2267.3822281360626,10056,5484,10896,40,-147,224,9596,-9140,8768,0,38,-185,-14616,3992,3620,-1025,154,-175,-14692,-3816,5064,-380,271,-195,0
2267.417410135269,10072,5588,10916,25,-137,146,9640,-9464,8868,49,103,-169,-14460,3944,3956,-1043,82,-100,-14836,-3872,5136,-421,191,-182,0
2267.4527060985565,10164,5628,10988,2,7,117,9668,-9048,8976,22,145,-122,-14760,4008,3736,-1004,99,-119,-14856,-3844,5312,-469,97,-90,0
2267.488029956817,10016,5816,10936,-187,-65,155,9640,-9096,8776,-49,86,-147,-14708,3900,3968,-1015,128,-31,-14812,-3940,5032,-456,113,-94,0
2267.523721933365,10040,5668,10900,-152,-23,68,9564,-9096,9212,-35,153,-175,-14564,3860,4024,-961,56,-37,-14656,-3892,5232,-471,160,-156,0
2267.559370994568,10016,5688,10944,-106,-72,-64,9540,-9228,8988,30,225,-304,-14636,4068,3864,-1054,8,-130,-14764,-3644,5164,-538,253,-223,0
2267.5949969291687,10100,5424,10928,-73,-63,-148,9612,-9376,8512,99,276,-347,-14472,4092,3952,-1100,-80,-195,-14780,-3528,5120,-545,282,-304,0
2267.630700111389,10308,5440,10772,-47,-64,-213,9812,-9232,8660,162,361,-345,-14664,4068,3864,-1120,-178,-225,-14904,-3744,5144,-568,213,-362,0
2267.6661710739136,10472,5668,10900,-86,13,-249,9792,-8976,9096,121,546,-259,-14628,4012,3948,-1067,-266,-138,-14688,-3824,5236,-533,96,-421,0
2267.7020270824432,10168,5700,11028,-92,128,-304,9684,-8972,8728,141,506,-219,-14676,4008,3968,-1083,-240,-110,-14648,-3864,5220,-589,101,-406,0
2267.7380671501164,9748,5872,11216,-116,129,-184,9508,-9124,9152,84,433,-185,-14304,3964,4216,-1093,-134,-149,-14632,-3884,5020,-597,160,-270,0
2267.7729690074925,9872,5940,10888,-126,89,-64,9564,-9160,8972,25,279,-200,-14460,3856,4048,-1104,-254,-136,-14800,-3880,5136,-608,160,-195,0
2267.8092229366302,10056,5912,10900,-115,65,41,9552,-9056,8968,-118,240,-150,-14552,3740,4264,-1032,20,-55,-14792,-4104,5024,-550,57,-167,0
2267.8426649570465,9956,5932,10684,-180,99,104,9576,-8908,9112,-154,230,-51,-14612,3816,4176,-946,5,-250,-14780,-4024,5048,-528,-52,-151,0
2267.876135110855,10004,6012,10804,-181,175,83,9532,-8776,9028,-160,263,-252,-14572,3832,4260,-1007,-1,45,-14804,-4036,4892,-577,-154,-200,0
2267.909539937973,10164,5996,10740,-164,507,78,9592,-9124,9132,-18,5,53,-14552,3908,3856,-1041,-44,90,-14792,-4124,5024,-601,-145,-212,0
2267.9429869651794,9900,5948,10832,-133,247,42,9412,-9000,8996,92,508,-28,-14388,3800,4288,-1073,-6,6,-14548,-4128,5092,-550,20,-209,0
2267.9763920307164,9796,5872,11040,-147,46,36,9312,-9104,9112,134,221,-173,-14360,3896,4060,-1070,76,-129,-14448,-4056,4908,-528,5,-130,0
2268.009954929352,9560,5880,11012,-140,-140,-15,9400,-9252,8720,171,156,-379,-14388,3936,3960,-1090,101,-274,-14468,-3848,5284,-525,473,-124,0
2268.0436849594116,9708,5432,10964,-171,-424,14,9704,-9452,8784,248,206,-488,-14412,4056,4052,-1127,199,-418,-14628,-3728,5340,-541,517,-109,0
2268.0773320198055,9828,5656,10968,-123,-409,17,9416,-9220,8912,264,195,-469,-14460,4116,4052,-1160,147,-393,-14612,-3736,5336,-525,384,-160,0
2268.1107919216156,10028,5652,10884,-87,-322,9,9516,-9172,8860,283,241,-386,-14620,4316,3988,-1112,64,-281,-14736,-4060,5196,-489,379,-203,0
2268.1440031528473,10220,5648,10896,-148,-257,-36,9528,-9068,9052,185,253,-339,-14548,3852,4168,-1276,65,-294,-15096,-3844,5248,-392,338,-214,0
2268.1775019168854,9732,6036,10548,-114,-184,-36,9396,-8888,9152,24,239,-357,-14508,3708,3996,-912,94,-263,-14796,-4064,4844,-351,339,-144,0
2268.2110879421234,9968,6088,10896,-251,-247,-251,9544,-8920,9232,-114,275,-370,-14504,3336,3928,-891,126,-306,-14664,-4004,4640,-303,369,-113,0
2268.244791984558,10136,6044,10804,-308,-355,62,9524,-8836,9140,-159,170,-355,-14528,3700,4296,-859,167,-255,-14896,-4084,5040,-333,361,-15,0
2268.2783670425415,10232,5976,10716,-504,-217,122,9600,-8916,8980,-232,148,-282,-14720,3628,3880,-854,152,-82,-15072,-4148,4908,-310,153,-27,0
2268.311825990677,10232,6104,10860,-394,-112,89,9724,-8872,9108,-232,205,-188,-14664,3648,4200,-805,98,-245,-14700,-3864,4896,-312,92,-89,0
2268.3454921245575,9916,5900,10684,-354,-128,138,9280,-9128,9008,-159,196,-148,-14280,3800,4036,-957,149,-61,-14580,-3772,5052,-269,265,51,0
2268.379080057144,9948,5900,10760,-199,-228,306,9388,-8948,9020,-103,-51,-104,-14376,3992,3860,-1036,342,23,-14960,-3796,5248,-432,127,241,0
2268.4184420108795,10040,5648,10836,-387,-21,336,9656,-9260,8732,-193,-81,-86,-14732,4060,4028,-975,307,45,-14688,-3696,4988,-542,57,0,0
2268.4521539211273,10220,5428,10824,-158,-73,230,9680,-9408,8924,-63,14,-138,-14704,4176,3976,-1060,143,-58,-14848,-3648,4864,-604,130,-50,0
2268.4857239723206,10012,5824,10864,-75,-18,191,9800,-9256,8824,-19,68,-129,-14784,3644,4028,-1043,108,-71,-14968,-3724,5036,-579,81,-198,0
2268.5193481445312,10100,5708,10824,-109,-29,70,9488,-8728,8800,-16,248,-105,-14664,3692,4028,-961,-31,-50,-14612,-4016,5084,-504,-33,-281,0
2268.5530359745026,10088,5836,10736,-123,124,24,9536,-8976,9120,-29,301,-73,-14524,3756,4324,-973,-17,26,-14740,-4016,4896,-496,-43,-207,0
2268.586573123932,9828,5868,10824,-177,41,49,9388,-9052,9280,-48,229,-106,-14416,3796,4184,-1018,9,-21,-14624,-3908,4920,-480,57,-124,0
2268.6200411319733,9944,5948,10832,-154,48,101,9452,-9096,9180,-27,123,-150,-14528,3868,4056,-1016,122,-92,-14756,-4028,4920,-520,121,-109,0
2268.653389930725,9728,5888,10860,-109,-36,118,9520,-9064,9156,-127,117,-195,-14348,3636,3976,-913,103,-89,-14732,-3932,5092,-470,173,-124,0
2268.6871540546417,9892,5636,10916,-203,-84,-20,9572,-9328,8992,-96,187,-309,-14544,4036,3912,-987,-253,-122,-14716,-3632,5184,-532,279,-218,0
2268.720736026764,9920,5640,11072,-171,-150,-26,9728,-9212,9044,11,235,-274,-14688,3584,4228,-985,-21,-136,-14768,-4036,5324,-506,187,-266,0
2268.7542400360107,9976,5944,10852,-129,-98,-78,9516,-9088,9072,-75,292,-284,-14476,3588,4064,-940,-70,-168,-14628,-4008,5048,-435,207,-280,0
2268.787733078003,9892,5792,10816,-185,-128,-70,9320,-9100,9104,62,265,-269,-14364,4084,4152,-1038,-16,-221,-14832,-4064,5036,-518,283,-193,0
2268.820915937424,10000,5944,10620,-41,-47,36,9456,-8856,9152,63,124,-196,-14584,3748,4168,-1061,106,-60,-14796,-3960,5040,-491,98,-126,0
2268.8592541217804,10012,5900,10904,-126,-28,87,9592,-8948,9100,-7,126,-165,-14544,3716,4080,-1034,77,-64,-14664,-4072,5016,-526,109,-150,0
2268.8944439888005,9828,5928,10828,-147,-61,112,9536,-8984,9196,-24,149,-109,-14588,3800,4100,-988,105,-249,-14736,-3940,4912,-492,69,-142,0
2268.9307820796967,10048,5824,10788,-201,-5,66,9648,-8872,9212,26,159,-165,-14640,3800,4272,-1019,68,-73,-14712,-3956,4968,-494,132,-176,0
2268.966215133667,10048,5828,10804,-184,-77,63,9624,-9156,9032,112,194,-164,-14600,3824,4204,-1070,28,-93,-14716,-3892,5100,-545,180,-167,0
2269.0023069381714,10052,5812,10800,-107,-121,50,9556,-9016,9028,63,138,-228,-14508,4036,3964,-1108,45,-48,-14724,-3940,5108,-528,144,-189,0
2269.038115978241,9980,5960,10808,-69,-11,71,9508,-9028,8980,55,173,-132,-14588,3852,4296,-1031,69,-99,-14776,-4144,4872,-484,48,-221,0
2269.0732059478764,9956,5672,10792,-185,-252,17,9688,-9152,9164,71,219,-147,-14452,3940,4212,-971,37,-61,-14356,-3972,5092,-462,117,-200,0
2269.1087889671326,9728,5864,10820,-149,-32,8,9276,-9128,8968,73,204,-246,-14300,3984,4208,-772,70,-210,-14436,-3888,5260,-520,271,-150,0
2269.1438541412354,9776,5776,10952,-117,-204,73,9432,-9248,8992,80,88,-321,-14216,4012,4104,-1045,119,-219,-14688,-3852,5132,-528,380,-97,0
2269.1799380779266,9864,5716,11176,-56,-253,39,9228,-9284,8992,51,43,-415,-14540,4328,3952,-1060,153,-26,-14868,-3760,5032,-606,289,-94,0
2269.2149090766907,10088,5748,10776,-147,-208,-10,9740,-9072,8824,30,71,-430,-14708,3904,3872,-1057,159,-137,-15056,-3780,4916,-572,249,-155,0
2269.2502140998845,10092,5856,10500,-86,-142,-90,9900,-8944,9012,24,225,-319,-14940,3764,4068,-989,-35,-207,-14908,-3960,4820,-583,233,-337,0
2269.2855310440063,10196,6028,10812,68,34,-160,9780,-8880,9092,29,391,-183,-14596,3652,4340,-992,-181,-63,-14908,-4176,4920,-467,71,-361,0
2269.321403026581,10036,6168,10872,-53,136,-153,9492,-8840,9220,-52,392,-135,-14540,3836,4096,-950,-125,-72,-14732,-4080,4856,-493,240,-288,0
2269.357605934143,9932,6076,10892,-65,104,-65,9216,-8780,9388,-62,231,-147,-14480,3708,4336,-1045,-252,12,-14648,-3900,5008,-602,136,-181,0
2269.3929390907288,9844,6140,10760,-139,39,36,9284,-8912,9184,-78,103,-164,-14368,3884,4248,-1068,88,34,-14732,-4052,4964,-605,124,-128,0
2269.428624153137,9884,6064,10904,-163,67,42,9516,-8920,9196,-110,158,-138,-14584,3888,4236,-1031,36,28,-14788,-4112,5264,-622,13,-147,0
2269.4637899398804,9880,6120,10832,-123,193,64,9500,-9028,9264,-63,213,-25,-14516,3640,4312,-1047,-18,65,-14800,-4192,4928,-584,-60,-190,0
2269.4995379447937,9836,6096,11048,-169,154,108,9468,-8896,9272,-44,227,-16,-14412,3620,4260,-975,-6,99,-14660,-4260,4952,-502,-72,-170,0
2269.5329921245575,9712,6340,10768,-54,117,120,9324,-8884,9316,-114,203,-28,-14376,3748,4128,-910,89,81,-14536,-4384,5064,-425,18,-55,0
2269.5666511058807,9596,6280,10932,-125,-252,149,9228,-8996,9444,-165,112,-103,-14272,3772,4396,-959,183,-250,-14456,-4104,4964,-401,195,26,0
2269.600347995758,9644,5976,10864,-159,-135,195,9324,-9064,8984,-165,251,-208,-14420,3916,4032,-947,3,-65,-14716,-3996,4988,-421,263,59,0
2269.633754968643,9480,5716,11096,-180,-164,183,9380,-9312,9044,-109,-5,-275,-14508,4248,4036,-1027,224,-106,-14428,-3720,5220,-549,350,-42,0
2269.6671731472015,9504,5464,11188,-94,-246,195,9648,-9220,8752,-95,-26,-238,-14516,4220,4004,-1059,235,-126,-14812,-3736,5232,-630,327,50,0
2269.7008631229405,9940,5416,10764,-127,-152,197,9692,-8992,8884,-24,48,-249,-14744,3988,3888,-978,171,-93,-15036,-3588,5128,-468,192,-29,0
2269.7343621253967,10200,5704,10976,-197,-241,57,9932,-9012,8896,-94,218,-213,-14860,3624,4156,-915,43,-111,-14852,-4032,4884,-405,73,-211,0
2269.7679159641266,10024,5984,10708,-193,-13,-35,9704,-8952,9000,-42,384,-142,-14340,3704,4092,-955,-87,-154,-14652,-4040,4872,-504,157,-285,0
2269.801703929901,9784,6104,10632,-159,-69,-39,9224,-8892,9068,-24,360,-148,-14260,3960,4288,-1051,1,-96,-14684,-4220,5040,-512,193,-115,0
2269.8347721099854,9840,6204,10908,-266,35,82,9320,-8920,9148,-109,135,-191,-14380,3608,4600,-1021,161,-27,-14696,-4068,4968,-485,179,14,0
2269.8679950237274,9780,6340,10960,-318,-108,202,9384,-9136,9452,-157,38,-219,-14500,3896,4288,-987,249,-161,-14620,-4064,5016,-521,300,68,0
2269.901412963867,9868,5908,10780,-258,-296,245,9464,-8728,9204,-125,43,-242,-14396,3804,4248,-1000,177,-162,-14672,-4344,5268,-496,176,-58,0
2269.934756040573,9748,6004,10776,-192,-232,188,9332,-8760,9404,6,167,-161,-14408,3816,4276,-975,122,-144,-14616,-4352,4980,-458,126,-106,0
2269.968197107315,9800,6148,10804,-148,-213,177,9444,-8892,9432,-5,194,-149,-14540,3660,4428,-932,112,-100,-14752,-4260,5100,-368,48,-76,0
2270.0017960071564,9776,6160,10976,-240,-114,145,9348,-8940,9044,-40,215,-145,-14476,3676,4260,-892,104,-103,-14600,-4280,4964,-348,67,-72,0
2270.0352511405945,9496,6324,10832,-274,-144,151,9372,-9088,9284,9,228,-194,-14548,3900,4152,-1007,198,-185,-14652,-3868,4884,-458,297,58,0
2270.068608045578,9848,5692,10756,-294,-274,243,9376,-9076,9040,40,39,-295,-14152,3920,4040,-1100,318,-166,-14776,-3720,4920,-531,322,129,0
2270.1021289825444,9760,5404,10840,-287,-293,333,9584,-9364,8788,91,-66,-268,-14664,4292,3596,-1112,333,-167,-14852,-3680,4988,-566,221,44,0
2270.1354451179504,10140,5392,10996,-202,-287,323,9796,-9148,9040,150,63,-190,-14896,3880,3784,-1068,221,-178,-14860,-3852,5032,-480,153,-74,0
2270.1693201065063,10136,5840,10776,-164,-240,220,9688,-9024,9012,183,206,-166,-14660,3828,4180,-1050,96,-142,-14800,-4012,4988,-457,93,-125,0
2270.202728033066,9932,5940,10812,-136,-43,114,9512,-8988,9168,145,215,-137,-14628,3812,4244,-993,87,-163,-14688,-4132,5084,-467,138,-175,0
2270.2360780239105,9924,5952,10884,-128,7,30,9224,-8732,9316,155,172,-214,-14520,3740,4196,-1065,57,-145,-14644,-4036,4928,-482,172,-216,0
2270.269680976868,9896,5904,10788,-175,-56,14,9440,-8980,9272,125,209,-252,-14404,3732,4100,-1074,-10,-146,-14708,-3932,5052,-499,185,-172,0
2270.303143978119,10016,5632,10824,-211,-166,16,9436,-9060,9140,96,228,-309,-14444,3828,3984,-777,37,-216,-14704,-3964,5020,-469,288,-144,0
2270.3367159366608,9876,5828,10856,-219,-220,18,9336,-9036,9120,97,221,-339,-14476,3888,4104,-1014,79,-256,-14784,-3968,4928,-480,284,-144,0
2270.3702371120453,9972,5888,10824,-184,-240,62,9476,-9012,9120,77,230,-286,-14564,3764,4012,-989,66,-203,-14712,-4016,4952,-459,269,-131,0
2270.403451919556,9948,5964,10720,-171,-236,81,9264,-8904,9184,83,234,-297,-14524,3756,3844,-992,122,-226,-14732,-3856,5056,-447,254,-98,0
2270.4370200634003,9932,5984,10812,-170,-184,132,9336,-8852,9212,-14,167,-282,-14628,3888,4300,-981,158,-183,-14900,-3864,5024,-450,158,-50,0
2270.4705181121826,10128,6004,10732,-158,-73,188,9460,-8932,9208,-53,118,-184,-14612,3772,4040,-956,171,-85,-14872,-3964,4624,-477,107,-74,0
2270.503695011139,10200,6016,10908,-236,-39,168,9740,-8948,9184,-78,85,-184,-14724,3684,4196,-989,127,-124,-14660,-4040,4792,-485,93,-117,0
2270.540792942047,9996,5980,10828,-142,-104,141,9708,-8856,9176,-68,147,-143,-14568,3484,4172,-974,31,-73,-14868,-4012,4852,-462,89,-115,0
2270.577069044113,10092,6196,10704,-152,-58,89,9556,-8764,9196,-106,238,-81,-14444,3792,4124,-925,74,-253,-14840,-3976,4892,-392,26,-71,0
2270.6122720241547,9976,5936,10804,-262,-39,163,9272,-9032,9296,-109,138,-66,-14420,3844,4112,-971,161,40,-14692,-3916,4916,-496,93,-30,0
2270.6482050418854,10032,5640,10704,-156,-11,204,9512,-9064,9212,-119,17,-26,-14540,4000,4164,-1045,158,117,-14688,-3928,5068,-529,35,248,0
2270.6838190555573,9908,5748,10856,-142,97,193,9244,-9088,8996,-130,14,-81,-14600,3872,4024,-1006,107,55,-14636,-4056,5028,-540,24,-94,0
2270.7193710803986,9816,5740,10960,-135,43,154,9432,-9080,8984,-139,149,-124,-14464,4064,4160,-996,107,-21,-14440,-3892,4932,-485,101,-126,0
2270.7541921138763,9864,5812,10676,-86,19,72,9504,-8964,9208,-96,155,-122,-14560,3880,4196,-993,74,-80,-14744,-4020,5112,-500,66,-163,0
2270.789703130722,9904,5908,10888,-103,82,55,9472,-9004,9256,-64,179,-126,-14372,3764,4348,-1010,31,-33,-14720,-3868,5236,-476,86,-186,0
2270.825385093689,9964,5980,10976,-167,-14,82,9316,-8984,9080,-91,176,-148,-14588,3820,4112,-977,76,-89,-14804,-3996,5076,-434,137,-157,0
2270.8606250286102,9772,5800,10796,-151,-86,69,9700,-9048,8960,-36,179,-188,-14500,3944,4172,-771,112,-95,-14716,-3892,5228,-767,182,-85,0
2270.8958921432495,9888,5928,11000,-218,-49,104,9412,-9100,9144,48,131,-205,-14840,3952,4004,-1080,155,-133,-14696,-3908,5052,-474,177,-102,0
2270.9315659999847,9916,5928,11000,-178,-128,129,9468,-8996,9164,80,107,-236,-14652,3672,3948,-1014,106,-142,-14704,-4232,4972,-444,198,-152,0
2270.967710018158,9828,6036,10820,-103,-126,27,9388,-8856,9264,12,225,-275,-14476,3748,4164,-963,16,-180,-14696,-4096,5100,-407,177,-197,0
2271.003485918045,9880,6132,10916,-182,-142,8,9432,-8892,9412,-4,217,-269,-14572,3780,4308,-913,58,-140,-14832,-4024,4924,-425,167,-169,0
2271.039255142212,10088,6032,10808,-198,-101,32,9416,-8976,9400,9,133,-5,-14600,3756,4080,-1040,126,-120,-14716,-3604,4992,-520,195,-81,0
2271.0743911266327,10072,5916,10824,-144,-107,165,9520,-9184,9084,29,44,-244,-14608,3808,4060,-1103,140,-99,-14912,-3832,4916,-561,140,-90,0
2271.1099519729614,10128,5836,10728,-114,-61,151,9720,-8892,9016,20,75,-160,-14672,3804,4084,-1070,112,-37,-14788,-3912,4944,-554,51,-184,0
2271.1455709934235,10080,5944,10896,-33,44,73,9544,-8892,9092,30,143,-131,-14716,3748,4340,-1058,26,-9,-14596,-3900,4968,-477,11,-230,0
2271.1815519332886,9940,5932,10952,-90,92,-24,9484,-9040,9016,-1,214,-155,-14500,3712,4112,-998,-23,-7,-14760,-4080,5032,-419,86,-267,0
2271.2151510715485,9964,6108,10856,-123,36,-46,9320,-9008,9256,-20,235,-194,-14352,3812,4188,-978,-19,-77,-14660,-4220,4880,-441,148,-189,0
2271.2487530708313,9840,6064,10928,-156,-25,-49,9260,-8952,9188,-75,194,-214,-14400,3872,4112,-961,32,-92,-14584,-3936,5320,-445,136,-166,0
2271.282320022583,9808,5788,10828,-157,-70,9,9328,-9136,9216,2,160,-218,-14400,4000,4188,-1039,13,-82,-14584,-3604,5152,-494,209,-172,0
2271.3158400058746,9812,5916,10820,-76,-19,19,9304,-9088,9060,110,159,-192,-14548,3928,4212,-1082,18,-86,-14688,-4044,5008,-552,164,-194,0
2271.3487520217896,9768,5972,10752,-38,-3,-4,9704,-9144,9060,40,193,-245,-14512,3772,4028,-1014,44,-217,-14768,-4044,5096,-497,235,-232,0
2271.382252931595,9804,5996,10920,-51,-77,-25,9548,-9004,9012,15,191,-331,-14504,3904,3948,-1004,78,-164,-14728,-3988,5032,-511,271,-163,0
2271.4178619384766,9760,5992,10536,-52,-65,-20,9516,-8884,9072,-5,119,-330,-14340,3740,3968,-1055,114,-173,-14796,-3992,4920,-528,224,-135,0
2271.4513700008392,10052,6040,10860,23,-34,20,9692,-8788,9080,-18,162,-202,-14596,3748,4276,-1048,39,-101,-14828,-4344,4936,-545,179,-180,0
2271.484899044037,10232,6116,10716,4,66,20,9536,-8888,9156,-85,238,-112,-14668,3748,4244,-964,34,-62,-14872,-4192,4964,-468,72,-178,0
2271.5184659957886,9856,6164,10792,-121,83,38,9476,-8832,9396,-116,222,-123,-14556,3680,4152,-986,76,-35,-14740,-4140,4624,-456,128,-110,0
2271.552006959915,9876,6108,10664,-134,81,128,9332,-8996,9308,-130,110,-108,-14548,3880,4200,-1050,114,17,-14704,-4028,4896,-562,132,-72,0
2271.5855519771576,9904,6028,10732,-145,72,145,9216,-8904,9432,-136,72,-121,-14452,3824,4148,-1058,119,34,-14856,-4104,5116,-565,77,-70,0
2271.6191959381104,9780,6128,10812,-138,139,154,9624,-8944,9244,-149,54,-64,-14848,3588,4276,-999,105,75,-14740,-4072,5088,-552,-4,-105,0
2271.652456998825,9796,6064,10644,-146,114,133,9344,-8764,9208,-112,149,-27,-14616,3836,4388,-979,81,41,-14768,-4084,5008,-522,26,-94,0
2271.6859860420227,9816,6064,10596,-116,162,78,9404,-8996,9020,-124,186,-70,-14464,3772,4328,-966,71,24,-14732,-4320,5020,-422,-24,-115,0
2271.7198510169983,9528,6244,10884,-195,83,80,9276,-8720,9268,-140,226,-49,-14368,3860,4592,-898,23,42,-14504,-4152,5148,-416,51,-145,0
2271.753293991089,9504,6076,10920,-112,-63,83,9164,-9104,9264,-127,176,-142,-14340,3860,4288,-1011,96,-54,-14400,-4020,4944,-519,217,-74,0
2271.786973953247,9596,6004,10904,-68,-136,191,9168,-9088,9152,-126,19,-218,-14300,3988,4128,-979,296,-100,-14648,-4136,5140,-423,289,98,0
2271.820526123047,9672,5952,10972,-234,-143,170,9516,-9196,9060,-122,-20,-274,-14648,3876,4164,-964,254,-115,-14692,-3940,5164,-404,233,-17,0
2271.8537940979004,9788,5952,10756,-223,-96,102,9608,-9308,9028,-101,105,-315,-14628,3916,4196,-989,130,-170,-14540,-3780,5048,-598,352,-107,0
2271.8871381282806,9944,6104,10820,-80,-210,148,9424,-9128,8952,-25,38,-283,-14416,3964,4068,-1055,190,-200,-14652,-3916,5044,-568,300,-66,0
2271.920834064484,10120,6016,10740,-95,-148,179,9716,-9036,9060,-66,59,-185,-14728,4028,4028,-776,177,-6,-15084,-3936,4956,-526,85,-35,0
2271.954164028168,10016,5900,10928,-162,88,137,9604,-8976,9196,-56,119,-99,-14740,3796,3960,-1016,123,-40,-14768,-3956,4768,-459,95,-86,0
2271.9877231121063,9824,6104,10912,-168,252,102,9624,-9008,9104,-77,187,-153,-14652,3684,4108,-1019,33,-125,-14756,-4004,4800,-514,195,-156,0
2272.0212531089783,9800,6128,10684,-130,-63,74,9412,-8912,9168,-91,204,-207,-14412,3840,4236,-969,53,-68,-14748,-4076,4984,-463,147,-142,0
2272.0547800064087,9616,6140,10760,-184,-50,71,9388,-8896,9296,-96,156,-216,-14416,3628,4444,-916,124,-100,-14588,-4380,5044,-400,171,-143,0
2272.0885400772095,9708,6360,10980,-144,-93,76,9352,-8912,9168,-144,185,-213,-14468,3804,4336,-915,84,-90,-14764,-4260,4972,-445,73,-121,0
2272.1219890117645,9652,6240,10932,-159,-47,124,9228,-8992,9144,-64,229,-93,-14120,3900,4152,-967,74,-38,-14848,-3864,4940,-475,28,-98,0
2272.1553621292114,9644,6036,10856,-206,-114,189,9220,-9056,9412,61,78,-98,-14448,3828,4144,-1023,144,-67,-14656,-3972,5012,-477,116,-21,0
2272.1907191276546,9620,6048,10960,-143,-105,191,9432,-9124,9316,56,118,-171,-14420,3604,4180,-1010,148,-185,-14652,-3900,5024,-453,180,-38,0
2272.2261970043182,9728,6072,10980,-139,-165,175,9348,-9084,9092,59,118,-255,-14400,4068,4212,-1019,181,-235,-14784,-3928,4936,-408,312,-30,0
2272.2622389793396,9860,5912,10908,-1,-304,187,9552,-9400,9048,23,70,-315,-14808,4056,3852,-1062,509,-224,-14760,-3728,5016,-528,355,26,0
2272.2976770401006,9916,5756,10892,-158,-502,254,9580,-9100,8960,115,20,-239,-14620,3920,3908,-1142,224,-180,-14948,-3732,4928,-593,214,-17,0
2272.3333060741425,10116,5840,10788,-133,-85,241,9476,-9080,9000,128,97,-77,-14580,3796,4024,-1101,155,-38,-14864,-3944,5316,-528,10,-82,0
2272.3692939281464,10192,6024,10968,-146,48,172,9612,-9096,9112,84,196,-51,-14676,3772,4048,-772,66,-56,-14748,-4056,5016,-428,-11,-184,0
2272.4043509960175,9904,6064,11004,-203,73,50,9400,-9108,9420,38,229,-162,-14384,3736,4264,-1007,37,-83,-14716,-4096,5024,-445,128,-200,0
2272.439796924591,9744,6200,10980,-266,-84,-6,9488,-9012,9236,29,215,-270,-14548,3624,4096,-1009,36,-136,-14636,-4020,4648,-461,216,-172,0
2272.4749839305878,9816,6040,11020,-248,-114,16,9364,-8996,9264,26,217,-315,-14472,3824,4156,-1054,1,-156,-14688,-3972,4924,-529,510,-203,0
2272.510950088501,9844,6064,10772,-223,-172,17,9684,-8900,9408,20,229,-301,-14584,3772,4164,-1000,16,-213,-14748,-4152,4952,-450,208,-180,0
2272.5462210178375,9768,6056,10876,-201,-153,31,9508,-8884,9288,20,243,-274,-14604,3836,4364,-974,48,-167,-14776,-4132,4988,-441,168,-173,0
2272.5817670822144,9764,6112,10808,-197,-165,73,9400,-8940,9192,-254,189,-229,-14452,3600,3856,-986,77,-128,-14724,-4004,4836,-414,178,-94,0
2272.6177160739894,9804,6224,10680,-246,-189,170,9372,-8976,9204,-17,130,-236,-14424,3732,4180,-967,224,-112,-14596,-3876,4700,-386,214,-13,0
2272.6528229713444,9804,6220,10868,-245,-255,245,9236,-8864,9372,-36,68,-266,-14480,3732,4248,-964,267,-196,-14628,-4144,4988,-409,250,11,0
2272.688034057617,9736,6132,10812,-237,-304,225,9356,-8872,9088,-55,90,-240,-14552,3708,4168,-975,213,-183,-14764,-4048,5008,-401,246,-13,0
2272.7236111164093,9888,6004,11000,-296,-285,215,9572,-8864,9112,-6,78,-234,-14560,3876,4004,-980,227,-112,-14864,-3952,4904,-434,195,18,0
2272.7595210075374,9864,5864,10752,-308,-227,231,9700,-8984,9336,77,71,-188,-14692,3892,3900,-1070,218,-146,-14768,-3924,4900,-516,175,-21,0
2272.794611930847,10012,5864,10912,-511,-184,269,9632,-8740,9232,153,41,-160,-14584,3752,3980,-1082,194,-100,-14724,-3948,4996,-552,174,-34,0
2272.8311150074005,9984,6004,10860,-182,-144,231,9676,-8992,9000,104,68,-180,-14624,3824,3896,-1047,169,-101,-14852,-4116,5032,-479,140,-109,0
2272.8668200969696,9972,5924,10652,-200,-136,163,9512,-8912,9080,54,139,-173,-14724,3780,4304,-1003,137,-121,-14600,-4024,4992,-453,105,-144,0
2272.899832010269,9960,5964,10860,-203,-108,98,9264,-8992,9380,-16,137,-197,-14784,3764,4224,-969,52,-101,-14820,-4004,5028,-466,100,-174,0
2272.933370113373,9956,5816,10812,-238,-85,62,9516,-8732,9124,-25,175,-216,-14600,3804,4056,-1046,-6,-74,-14628,-3968,4932,-499,152,-208,0
2272.9668810367584,9768,5896,10800,-187,-74,30,9560,-8996,9456,-31,191,-222,-14500,3696,4080,-992,18,-42,-14800,-3988,5004,-461,164,-195,0
2273.000498056412,9984,5900,10972,-114,-44,28,9340,-8992,9228,-11,194,-246,-14580,3764,4184,-991,19,-84,-14692,-3940,4936,-476,172,-182,0
2273.03404211998,9896,5852,10912,-132,-93,30,9400,-9012,9092,29,145,-211,-14596,3932,4124,-1062,56,-134,-14684,-3876,4968,-518,221,-178,0
2273.067621946335,9956,5944,10864,-13,-63,66,9516,-8792,9076,58,177,-191,-14540,3748,4136,-1096,53,-178,-14664,-4052,4928,-578,186,-210,0
2273.1012389659886,9884,6340,10756,28,-20,52,9436,-8912,9440,51,179,-194,-14476,3748,4136,-1035,74,-148,-14836,-4124,4844,-505,162,-190,0
2273.13462805748,9904,6164,10500,-19,16,25,9456,-8872,9276,-26,171,-217,-14476,3636,4136,-1010,72,-89,-14628,-4344,5064,-492,161,-152,0
2273.1682479381566,9816,6136,10996,-48,-256,18,9524,-8840,9324,-73,172,-195,-14500,3716,4156,-1012,123,-91,-14820,-4112,4828,-487,205,-104,0
2273.201779127121,9848,6064,10776,-26,-37,66,9480,-8852,9200,-117,132,-182,-14356,3736,4080,-1004,95,-85,-14816,-3992,4844,-492,182,-87,0
2273.2351779937744,10188,5928,10532,-78,-12,86,9584,-8796,9244,-126,143,-133,-14468,3808,4320,-998,110,-24,-14796,-3832,4972,-500,101,-56,0
2273.2686920166016,10232,6088,10540,-100,72,126,9496,-8884,9132,-129,128,-91,-14508,3628,3868,-1024,73,35,-14736,-4008,4912,-564,78,-73,0
2273.3021609783173,9740,5960,10812,-72,68,179,9612,-8956,9080,-77,94,-72,-14360,3620,3848,-1058,112,59,-14772,-3932,4952,-631,23,-65,0
2273.335610151291,9872,5952,10896,-47,169,177,9576,-9192,9364,-103,10,-43,-14612,3812,3944,-1079,119,64,-15056,-4152,5040,-595,4,-78,0
2273.369359970093,9892,6028,10804,-46,197,153,9588,-8888,9240,-195,29,-26,-14364,3764,4124,-988,97,46,-14772,-4140,4956,-552,-29,-141,0
2273.4026920795445,9692,6172,10744,-50,184,96,9508,-8908,9300,-247,118,-50,-14460,3748,4316,-899,36,99,-14704,-4316,4892,-467,-5,-99,0
2273.4410259723663,9724,6204,10852,-169,131,84,9492,-8896,9276,-286,178,-86,-14480,3720,4228,-821,66,73,-14612,-4284,4984,-283,-18,-118,0
2273.474949121475,9912,5900,10840,-293,33,7,9320,-9016,9180,-285,504,-162,-14412,3632,4216,-828,36,-252,-14456,-4016,4960,-353,129,-130,0
2273.5085661411285,9576,5980,10968,-243,-102,69,9136,-9252,9120,-154,163,-237,-14220,4116,3884,-1024,127,-119,-14580,-3812,5128,-545,322,-70,0
2273.5420160293575,9496,5992,10968,-119,-195,177,9240,-9144,9172,-57,-24,-267,-14360,4048,4060,-1074,232,-156,-14788,-3784,5128,-565,325,254,0
2273.575478076935,9848,5912,10788,-113,-124,144,9592,-9224,9076,-45,-2,-299,-14648,3844,3956,-1052,172,-157,-14712,-3940,5068,-605,236,-129,0
2273.609266996384,9840,5876,10940,-71,-66,76,9652,-9228,9032,-12,126,-263,-14632,3952,3884,-1041,100,-195,-14664,-3968,4940,-619,305,-129,0
2273.6428570747375,10028,6004,10828,-91,-53,99,9612,-8968,9040,-45,125,-210,-14668,3824,3964,-779,124,-132,-14984,-3964,4868,-584,88,-158,0
2273.67645406723,10196,6004,10732,-95,68,81,9708,-8916,9092,-69,173,-95,-14756,3732,3952,-993,32,-243,-14872,-3844,4796,-614,-27,-168,0
2273.7100899219513,9940,5888,10596,-150,145,105,9688,-8932,9164,-38,162,-5,-14716,3588,4132,-1020,24,39,-14740,-4232,4640,-478,-85,-191,0
2273.7435381412506,9784,6292,10796,-105,162,51,9588,-8728,9196,-136,162,-23,-14664,3520,4328,-940,-51,57,-14672,-4348,4944,-484,-33,-295,0
2273.777266025543,9720,6364,10792,-120,65,-22,9324,-8984,9332,-126,289,-28,-14328,3668,4496,-922,-110,40,-14648,-4224,4936,-411,33,-239,0
2273.810795068741,9532,6208,10804,-191,47,11,9116,-9040,9236,-49,256,-114,-14388,3928,4384,-999,3,14,-14524,-4036,4940,-521,181,-125,0
2273.8441610336304,9348,6228,10884,-134,-14,102,9308,-9040,9320,18,71,-170,-14332,3928,4176,-1034,116,-255,-14708,-4344,5336,-381,98,-94,0
2273.880860090256,9508,6224,11000,-143,-37,14,9396,-9216,9196,-83,189,-199,-14760,3992,4308,-915,46,-122,-14464,-3964,5156,-482,219,-175,0
2273.9156219959254,9456,5944,11072,-168,-211,116,8996,-9296,9044,-18,107,-14,-14140,4312,4064,-1039,201,-164,-14572,-3748,5192,-467,291,48,0
2273.95170712471,9700,5876,10992,-224,-286,243,9224,-9240,8716,49,-46,-238,-14500,4036,3964,-1134,318,-187,-14832,-3648,5052,-697,346,29,0
2273.9880249500275,9976,5880,10996,-21,-230,316,9560,-8992,9144,178,-108,-204,-14640,3920,4000,-1228,510,-123,-14948,-4200,5052,-627,151,-48,0
2274.023246049881,10232,6076,10532,-17,14,193,9808,-8800,9096,149,116,-84,-14888,3704,4276,-1054,100,-71,-14976,-4272,4808,-501,6,-209,0
2274.0593099594116,9896,6144,10836,-77,129,-244,9672,-8868,9328,33,502,-176,-14620,3524,4280,-959,-12,-106,-14880,-4164,4900,-437,82,-287,0
2274.0945320129395,9920,6192,10536,-203,44,-95,9556,-8932,9300,-24,327,-196,-14600,3660,4252,-965,-78,-29,-14608,-4156,4900,-460,164,-229,0
2274.130317926407,9860,5936,10964,-500,-103,-64,9348,-8908,9208,-57,277,-5,-14264,3904,4148,-991,-13,-75,-14656,-4084,5084,-439,230,-147,0
2274.1660890579224,9724,5896,10864,-238,-219,21,9192,-9036,9124,-85,193,-270,-14400,4032,4012,-980,67,-112,-14776,-3932,5140,-466,262,-151,0
2274.2024531364445,9584,6024,10940,-167,-192,41,9200,-9232,9180,-37,130,-262,-14560,4088,4308,-1033,105,-144,-14624,-3928,5264,-537,279,-99,0
2274.2386779785156,9940,6060,10804,-108,-136,114,9392,-9392,9384,37,46,-250,-14564,3984,4120,-1045,162,-177,-15004,-4076,5164,-578,155,-119,0
2274.273988008499,9836,6100,10772,-114,-20,77,9448,-9052,9052,11,116,-233,-14820,3760,4304,-1017,138,-90,-14860,-3892,5096,-541,122,-115,0
2274.3089311122894,9872,6168,10872,-192,247,15,9684,-8832,9184,-52,156,-306,-14532,3672,4276,-969,41,-142,-14612,-4292,4760,-490,125,-280,0
2274.345330953598,9476,6284,10704,-54,-76,11,9452,-8760,9344,0,294,-136,-14524,3632,3996,-1007,-4,-173,-14656,-4176,4788,-763,195,-133,0
2274.3812351226807,10180,6208,10520,-168,-112,128,9412,-8728,9248,-68,145,-106,-14440,3664,3900,-956,151,68,-15000,-4188,4656,-391,249,-44,0
2274.417232990265,9760,6248,10788,-224,-47,193,9444,-8916,9256,-135,84,-118,-14496,3844,4244,-985,203,-242,-14620,-4076,4644,-466,153,-255,0
2274.4528589248657,9592,5888,11004,-132,-117,238,9340,-9084,9176,-70,-30,-171,-14552,3920,4220,-1042,191,208,-14724,-4120,5200,-765,166,-30,0
2274.488347053528,9480,6192,10504,-130,-67,202,9444,-9032,9200,-75,66,-165,-14808,4024,4120,-971,110,-61,-14808,-4188,5360,-451,55,-111,0
2274.5245101451874,9696,6088,11060,-189,31,66,9600,-9180,9136,-47,239,-160,-14504,3952,4056,-977,29,-74,-14624,-4004,5200,-526,113,-162,0
2274.558156967163,9572,6012,11032,-238,-26,77,9380,-9072,9072,35,232,-172,-14472,3996,4000,-1032,34,-83,-14672,-4028,5040,-527,166,-100,0
2274.5917279720306,9960,6116,10968,-155,-15,139,9672,-9064,8984,-34,131,-166,-14380,3924,4056,-994,130,-93,-14812,-4012,5036,-517,91,-43,0
2274.6254389286046,9800,5920,10504,-242,-115,234,9584,-9008,8972,-44,55,-143,-14488,3608,4124,-973,175,-45,-14616,-3944,4872,-445,101,-7,0
2274.6587719917297,9740,5968,10992,-281,-170,224,9484,-9020,9040,-54,91,-155,-14592,4064,4336,-964,192,-121,-14772,-3952,4860,-425,135,-66,0
2274.6920080184937,9756,6056,10844,-255,-183,183,9600,-9088,9124,18,168,-146,-14636,3860,4268,-999,59,-125,-14808,-4156,4992,-427,112,-123,0
2274.725606918335,9788,6164,10928,-314,-131,105,9544,-9032,9312,1,214,-201,-14512,3788,4004,-935,34,-97,-14748,-4148,5004,-393,93,-165,0
2274.759196996689,9708,6060,10968,-370,-203,60,9356,-9040,9108,56,289,-224,-14512,3808,4160,-969,-18,-153,-14724,-4308,4912,-417,174,-183,0
2274.7929770946503,9668,6100,10788,-376,-280,64,9400,-8944,9092,117,277,-248,-14484,3756,3992,-1015,27,-242,-14664,-4104,4968,-423,241,-157,0
2274.826623916626,9676,6092,10620,-345,-393,101,9336,-9028,9224,174,229,-303,-14460,3888,4220,-1076,79,-290,-14732,-4040,4948,-476,310,-138,0
2274.8600790500645,9852,5952,10836,-327,-368,159,9352,-8780,8996,173,180,-282,-14484,3852,4160,-1083,153,-228,-14744,-3968,4804,-506,258,-92,0
2274.8932659626007,9828,6060,10716,-301,-343,220,9484,-8972,9200,198,126,-262,-14496,3792,4032,-1102,210,-260,-14360,-4056,4980,-475,302,-55,0
2274.926721096039,9760,6036,10836,-225,-405,204,9320,-9028,9336,88,67,-275,-14564,3816,4076,-1040,223,-268,-14924,-4116,4992,-460,295,-63,0
2274.960333108902,10016,6132,10740,-172,-498,159,9488,-8896,9412,74,132,-270,-14804,3812,4280,-1033,177,-197,-14744,-4168,4888,-472,274,-83,0
2274.993819952011,9860,6064,10824,-155,-231,174,9428,-8844,9416,42,77,-297,-14508,3380,4144,-1010,223,-21,-14692,-4160,4916,-442,327,-60,0
2275.0274250507355,9892,6112,10708,-94,-300,167,9436,-8796,9180,-50,108,-262,-14548,3772,3892,-966,185,-150,-14812,-3860,4880,-404,268,-13,0
2275.0611050128937,9984,5892,10724,-147,-211,182,9456,-8832,9300,-97,116,-179,-14556,3784,4200,-932,167,-68,-14896,-4104,4972,-384,168,-19,0
2275.0949189662933,9860,6128,10708,-217,-151,231,9524,-8768,9288,-80,127,-98,-14636,3784,4200,-953,186,-32,-14760,-3688,4984,-427,123,-5,0
2275.128247022629,9744,5952,10680,-213,-145,289,9416,-8824,9184,-75,41,-87,-14528,3784,4136,-1051,217,-75,-14820,-3912,4940,-507,107,-252,0
2275.161700963974,9784,6004,10948,-165,-134,345,9432,-8944,9136,-256,15,-91,-14388,3656,4064,-1065,265,-96,-14784,-4076,5024,-510,164,48,0
2275.195282936096,9916,6096,10784,-111,-91,295,9412,-9000,9328,-3,-27,-140,-14532,3740,4152,-1016,237,-61,-14788,-4096,4820,-467,129,-2,0
2275.2288970947266,9968,6164,10740,-162,-91,257,9324,-8908,9172,-32,69,-125,-14500,3644,4324,-967,177,-77,-14680,-4352,4924,-433,157,-18,0
2275.262458086014,9752,6348,10692,-189,-101,262,9320,-8884,9244,-53,69,-136,-14492,3712,4156,-963,221,-35,-14720,-3944,5052,-385,123,41,0
2275.296066045761,9988,6104,10964,-235,-75,272,9432,-8936,9424,-104,18,-125,-14584,3844,3984,-939,186,-34,-14800,-3788,5052,-415,98,18,0
2275.329484939575,9940,5756,10844,-308,-107,286,9472,-9128,9128,-88,36,-137,-14572,3968,4076,-770,229,-82,-14660,-3604,5108,-486,197,17,0
2275.3629829883575,9824,5776,10976,-197,-121,280,9396,-9136,9152,-82,-48,-180,-14544,3840,3924,-1023,247,-58,-14752,-3856,5068,-497,187,12,0
2275.3964719772334,10232,5696,10972,-127,-117,210,9528,-9156,9008,-107,30,-219,-14688,3920,3872,-984,179,-100,-14768,-3740,4936,-522,202,-79,0
2275.429805994034,10452,5764,10796,-144,-139,163,9604,-9104,9216,-60,92,-200,-14700,3792,3988,-1012,133,-149,-14888,-3612,4904,-516,169,-152,0
2275.4631049633026,10164,5896,10552,-45,20,59,9708,-8728,9128,-245,148,-160,-14772,3704,4048,-1056,26,-116,-14796,-3924,4652,-534,61,-266,0
2275.4968299865723,10024,6008,10612,-30,138,13,9708,-8800,9408,2,227,-86,-14604,3644,4024,-1038,-81,239,-14748,-4076,4728,-503,-8,-305,0
2275.5302069187164,9744,5916,10676,-43,192,-55,9612,-8760,9312,-13,1,-140,-14504,3568,4156,-983,-101,-222,-14768,-4052,4732,-475,28,-296,0
2275.567435026169,10016,6304,10808,-136,105,-66,9416,-8848,9288,-60,254,-157,-14484,3616,4192,-985,-22,-32,-14696,-4208,4936,-436,84,-215,0
2275.602968931198,9980,6156,10664,-154,36,-251,9296,-8836,9348,-72,232,-192,-14392,3704,4272,-975,-255,-31,-14680,-4028,5064,-446,152,-127,0
2275.638680934906,9976,6148,10564,-194,-22,90,9232,-8856,9288,-121,166,-155,-14336,3752,4044,-990,118,-32,-14668,-4320,5036,-461,172,-32,0
2275.673854112625,9804,6032,10864,-144,-38,175,9356,-9160,9544,-114,92,-118,-14512,3632,4188,-972,210,-45,-14652,-3988,5056,-463,116,249,0
2275.7096540927887,9868,5996,10764,-128,-47,232,9380,-8980,9400,-96,26,-99,-14548,3676,4312,-979,224,-11,-14764,-4016,4936,-497,96,29,0
2275.744583129883,9848,6000,10700,-81,-17,266,9676,-9032,9060,-105,5,-103,-14516,3840,4156,-986,265,-24,-14788,-3936,4988,-470,120,9,0
2275.7806470394135,9864,6044,10668,-83,-41,268,9580,-9060,9112,-109,53,-115,-14536,3716,3920,-993,220,-30,-14708,-4008,4908,-454,168,-5,0
2275.817090034485,10044,6044,10960,-109,-83,227,9276,-9024,9024,-164,-36,-208,-14356,3740,4160,-961,236,-78,-14708,-3876,4968,-413,203,13,0
2275.8523900508885,9908,6076,10812,-159,-127,220,9524,-9020,8964,-179,11,-192,-14512,3828,3976,-949,219,-94,-14688,-3888,4984,-403,223,252,0
2275.888252019882,9952,6108,10840,-144,-151,232,9440,-9012,9164,-147,-13,-162,-14568,3776,4068,-980,230,-55,-14780,-3888,5036,-399,197,-15,0
2275.9237530231476,9936,6056,10984,-119,-67,219,9376,-9104,9260,-135,-8,-144,-14604,3824,4160,-960,222,-48,-14820,-4044,5304,-397,152,47,0
2275.9589591026306,9944,6040,10540,-207,-64,289,9472,-9048,9148,-222,-52,-97,-14464,3864,4260,-966,247,38,-15032,-4084,4976,-415,49,41,0
2275.994513988495,9940,6136,10556,-235,-36,317,9524,-9152,9036,-205,-20,-51,-14564,3832,3984,-949,245,24,-14724,-3960,5008,-418,46,28,0
2276.030133008957,9744,6040,10804,-190,5,320,9528,-9016,9104,-150,-60,-38,-14692,3844,4312,-970,198,41,-14808,-3896,5032,-484,34,47,0
2276.0650260448456,10128,5936,10896,-175,61,318,9416,-9156,9128,-86,-53,13,-14688,3948,3976,-1052,218,24,-14744,-3820,4888,-530,27,255,0
2276.100677013397,9884,6112,10780,-176,3,275,9496,-9104,9052,1,250,-73,-14552,3812,3928,-1090,192,6,-14664,-3856,5024,-555,67,-50,0
2276.136064052582,9920,5928,10828,-98,28,196,9596,-9112,9204,-31,44,-88,-14680,3912,3896,-1049,104,-25,-14856,-3820,5008,-548,80,-139,0
2276.1714649200444,9948,5864,10984,-189,-14,127,9568,-9204,8740,12,159,-112,-14584,3868,3828,-1029,14,-252,-14888,-3852,5072,-547,93,-169,0
2276.207740068436,9956,5776,10788,-102,94,13,9552,-9164,9204,-39,143,-141,-14636,4004,4044,-1057,252,-43,-14860,-3836,5020,-549,64,-192,0
2276.241353034973,9960,5912,10980,-75,119,-15,9520,-9100,8868,-12,220,-88,-14668,3600,4000,-1027,-82,15,-14748,-3888,5048,-514,34,-258,0
2276.274789094925,9876,5708,10884,-111,89,-63,9436,-9112,8968,-86,263,-130,-14760,3856,4012,-956,-103,26,-14724,-3660,5040,-450,18,-302,0
2276.3084099292755,9856,6092,10832,-170,86,-69,9444,-9092,9128,-80,295,-131,-14516,3884,4080,-953,-71,-39,-14732,-3940,4996,-480,94,-249,0
2276.341850042343,9928,6316,10848,-120,-41,16,9380,-9112,9180,-87,181,-196,-14392,3880,4160,-936,57,-105,-14612,-4116,4996,-470,221,-193,0
2276.375494003296,9636,6108,10928,-84,-129,26,9320,-9000,8976,-119,96,-278,-14484,3820,4212,-939,98,-158,-14764,-3980,5000,-508,250,-116,0
2276.4090161323547,9728,6372,10732,-42,-77,84,9348,-8948,9268,-131,31,-287,-14512,3884,4312,-979,140,-139,-14652,-3936,4932,-518,283,-75,0
2276.44265294075,9856,6128,10880,-117,-175,206,9564,-9036,8908,-115,-19,-287,-14544,3632,4248,-986,195,-110,-14764,-4004,4876,-259,188,-68,0
2276.476372957229,9916,5956,10732,-134,-88,124,9576,-8988,9072,-84,117,-171,-14840,3876,4124,-978,145,-29,-14600,-3972,5044,-507,110,-31,0
2276.5099990367894,10112,6040,10756,-137,49,165,9532,-9056,9144,-75,98,-93,-14824,3944,3876,-1035,131,-233,-14776,-3816,4976,-545,81,-24,0
2276.543401002884,9904,5980,10612,-115,22,231,9636,-9124,9012,-70,57,-91,-14516,3816,3884,-1017,151,244,-14664,-3896,4876,-534,84,-55,0
2276.5770061016083,9844,5992,10584,-120,28,198,9608,-9100,9068,-152,73,-99,-14548,3912,4016,-986,184,6,-14768,-3928,4964,-518,136,249,0
2276.610500097275,9756,6028,10560,-136,-10,220,9448,-9220,9036,-179,18,-129,-14452,3960,4024,-984,197,-8,-14716,-3808,4992,-524,132,-14,0
2276.643732070923,9828,5844,10968,-108,-23,224,9724,-9080,9020,-125,21,-129,-14448,3896,4012,-979,186,-98,-14680,-3836,5108,-518,138,245,0
2276.6790001392365,9780,5924,10820,-156,-53,214,9436,-9240,9048,-91,90,-138,-14472,4024,4120,-973,164,-100,-14604,-3796,5020,-492,151,7,0
2276.712683916092,9768,5936,10832,-201,-61,212,9512,-9188,9044,-130,56,-165,-14616,3944,3872,-986,208,-82,-14704,-3908,5124,-469,172,-244,0
2276.7462289333344,9772,5964,10604,-185,-90,206,9444,-9308,8976,-83,113,-180,-14560,4012,4152,-968,173,-117,-14776,-4064,5068,-475,181,-54,0
2276.7799160480495,9964,5980,10980,-213,-129,195,9544,-9400,8916,-86,71,-259,-14440,3860,4008,-990,165,-158,-14672,-4036,5084,-479,210,-48,0
2276.813637018204,9900,5924,10676,-227,-168,142,9600,-9200,8968,-56,62,-288,-14488,3920,3836,-950,156,-194,-14788,-3848,4844,-511,199,-66,0
2276.8472239971165,9996,5988,10784,-178,-117,121,9608,-9124,9036,-34,151,-258,-14608,3900,4144,-952,137,-175,-14744,-3808,4992,-494,156,-102,0
2276.8808591365814,9976,5900,10904,-267,-127,96,9656,-9204,9056,22,176,-254,-14408,3996,4028,-985,79,-190,-14784,-3852,4880,-501,223,-139,0
2276.9142191410065,9916,5936,10788,-229,-140,90,9572,-9192,8992,52,239,-236,-14680,3740,4060,-1015,47,-154,-14820,-3912,5048,-492,190,-157,0
2276.94750714302,10004,5984,10780,-199,-67,25,9640,-9008,8864,-26,192,-216,-14676,3928,3956,-957,62,-98,-14864,-3896,4944,-457,141,-141,0
2276.9808371067047,9840,6000,10980,-276,-121,60,9512,-9108,9056,-32,178,-232,-14484,3872,4092,-952,86,-107,-14760,-3780,4864,-452,157,-82,0
2277.0142970085144,9832,5900,10860,-226,-62,88,9572,-9136,8772,5,173,-160,-14544,4008,4036,-1278,74,-81,-14900,-3756,5076,-489,122,-135,0
2277.0476529598236,9936,5992,10848,-160,-23,140,9548,-9036,8788,-36,160,-134,-14592,3868,3968,-1003,66,-9,-14764,-3908,5236,-496,48,-128,0
2277.081332921982,9840,5912,10944,-206,-18,141,9492,-9112,8988,-28,180,-106,-14632,3884,3988,-977,74,-65,-14752,-3896,5052,-470,91,-80,0
2277.114865064621,9804,5896,10796,-231,-75,147,9404,-9148,8932,-49,132,-165,-14448,3868,3960,-964,143,-113,-14596,-3892,4944,-472,137,-58,0
2277.1480419635773,9864,5928,10872,-219,-144,167,9412,-9084,9120,-11,95,-197,-14536,3852,3920,-1000,174,-146,-14688,-3864,5096,-471,199,252,0
2277.181571960449,9924,5992,10728,-289,-242,218,9512,-9136,9220,-28,54,-266,-14604,3816,3992,-990,208,-155,-14760,-3836,4980,-482,494,11,0
2277.2149629592896,9840,5888,10840,-234,-200,225,9548,-9404,9144,-29,69,-233,-14592,3896,3828,-967,226,-125,-14816,-3860,4872,-453,187,-11,0
2277.2518589496613,9892,5668,10868,-267,-207,205,9476,-9152,8988,-22,36,-250,-14568,3908,4144,-996,178,-147,-14824,-3760,4900,-495,182,-43,0
2277.2874009609222,9932,5928,10856,-252,-140,208,9644,-9124,9008,-32,115,-219,-14632,3908,3968,-997,128,-142,-14724,-3748,5048,-512,179,-41,0
2277.323646068573,9924,5668,10644,-234,-142,195,9548,-9056,9148,-2,137,-197,-14532,3852,3856,-979,162,-142,-14756,-3804,4976,-475,175,-50,0
2277.3591971397404,10060,5872,11040,-249,-152,183,9596,-9172,8984,-14,107,-209,-14644,4092,3984,-1002,103,-165,-14944,-3792,5024,-507,154,-93,0
2277.3944029808044,9900,5952,10728,-245,-115,147,9692,-9152,9164,-34,136,-227,-14544,3928,3872,-960,101,-116,-14796,-3804,4888,-504,133,-89,0
2277.429405927658,10188,5868,10908,-275,-70,134,9572,-9160,8956,-12,156,-200,-14620,3880,4332,-986,91,-72,-14716,-3756,4848,-257,136,-95,0
2277.465012073517,9940,5780,10732,-282,-101,129,9708,-9088,9012,8,164,-186,-14684,3868,3868,-1014,97,-92,-14792,-3820,4972,-263,94,-115,0
2277.5012850761414,9760,5868,10728,-212,-98,146,9716,-8984,8972,-3,107,-200,-14428,3784,4004,-1007,147,-93,-14828,-3864,4924,-465,141,-80,0
2277.5370769500732,9908,5876,10804,-216,-162,166,9252,-9088,8836,-48,96,-213,-14524,3880,3648,-996,161,-96,-14804,-3620,4912,-475,165,-98,0
2277.5722689628606,9976,5924,10672,-143,-101,153,9584,-9084,8964,-71,72,-216,-14636,3900,3976,-1002,131,-107,-14824,-3840,4828,-502,119,-137,0
2277.608068943024,9972,5876,10840,-117,-49,123,9556,-9132,8932,-68,93,-175,-14636,3812,4048,-991,102,-41,-14708,-3652,4928,-524,132,-148,0
2277.6428670883174,9888,5644,10968,-153,-77,98,9548,-9076,8984,-31,68,-209,-14648,3784,3908,-1003,85,-86,-14824,-3928,4792,-470,139,-117,0
2277.677670001984,10072,5912,10844,-62,-33,97,9480,-9108,8988,-129,93,-185,-14624,3856,4032,-935,101,-9,-14812,-3792,4972,-468,98,-113,0
2277.7134160995483,9964,5900,10920,-174,-84,106,9644,-9188,8948,-66,133,-172,-14844,3908,3896,-998,101,-90,-14736,-3780,4840,-474,146,-117,0
2277.749344110489,10020,5784,10824,-98,-80,147,9552,-9132,9028,-77,81,-149,-14536,3908,3812,-1029,88,-37,-14776,-3760,5084,-510,105,-112,0
2277.7844779491425,9956,5640,10856,-71,26,114,9656,-9364,9196,-51,102,-93,-14520,4072,4016,-996,74,-4,-14868,-3880,5060,-501,66,-169,0
2277.8201661109924,9860,5900,10704,-86,43,73,9576,-9180,9000,-46,150,-139,-14532,3940,3884,-1012,47,-24,-14780,-3612,5008,-495,69,-181,0
2277.8555240631104,9832,5660,10888,-104,23,64,9592,-9416,8864,-41,151,-161,-14536,3808,4316,-1006,63,-40,-14732,-3828,5000,-486,132,-119,0
2277.8918149471283,9804,5932,10908,-92,-24,78,9652,-9124,9116,-43,100,-203,-14644,3864,3884,-984,62,-17,-14848,-3852,4936,-479,182,-161,0
2277.925423145294,9928,5880,10804,-138,-85,69,9544,-9104,8996,-54,151,-196,-14540,3928,3888,-1051,86,-75,-14740,-3700,4968,-496,177,-135,0
2277.9587020874023,9880,6020,10996,-107,-62,119,9272,-9076,8992,-31,120,-199,-14544,3864,3868,-1019,107,-147,-14784,-3588,5032,-485,160,-137,0
2277.9921951293945,9924,5992,10988,-110,-75,100,9648,-9136,9044,-55,115,-219,-14544,3620,4004,-1013,95,-73,-14848,-3816,4820,-494,113,-150,0
2278.0257439613342,10220,5996,10784,-106,-40,122,9488,-9108,9100,-74,105,-180,-14548,3932,3844,-1019,112,-30,-15068,-3624,4964,-510,123,-121,0
2278.058979034424,9876,6028,10764,-78,-60,110,9528,-9048,9028,-47,97,-163,-14616,3884,3916,-999,118,-57,-15068,-3948,5096,-495,143,-119,0
2278.0924670696254,10208,5932,10944,-91,-42,110,9524,-8964,9032,-80,96,-182,-14768,3940,4320,-963,105,-81,-14784,-3900,5044,-498,118,-128,0
2278.126011133194,9900,5932,10676,-90,249,95,9568,-9084,8896,-95,92,-146,-14620,3972,3956,-951,69,-79,-15076,-3828,5088,-259,98,-127,0
2278.1594760417934,9732,5912,10880,-153,-29,92,9572,-9116,9124,-20,163,-162,-14532,3992,3948,-1034,73,-68,-14716,-3808,5012,-540,176,-136,0
2278.1931779384613,9844,6024,10760,-108,-70,142,9232,-9088,8708,-31,69,-192,-14592,3872,4212,-1278,131,-45,-14724,-3720,4976,-520,166,-116,0
2278.2268249988556,9860,6012,10792,-44,-46,112,9552,-9064,8792,-101,63,-197,-14580,4000,4076,-968,141,-78,-14596,-4084,5056,-493,129,-88,0
2278.2601079940796,9924,6032,11124,-103,-19,133,9540,-9224,9020,-80,99,-167,-14660,4052,3932,-1000,106,-80,-14704,-3748,5244,-495,147,-86,0
2278.2935130596165,9960,6008,10676,-84,-30,119,9640,-9124,9104,-50,59,-182,-14704,3976,3944,-1020,61,-56,-14780,-3848,4872,-545,116,-149,0
2278.3271219730377,9928,5976,10772,-74,9,79,9568,-9216,9212,-62,107,-145,-14632,3880,3992,-1049,53,254,-14800,-3928,4992,-497,61,-166,0
2278.3606939315796,9840,5924,10752,-66,36,68,9536,-9204,8996,-63,125,-126,-14552,3896,3900,-983,66,-14,-14692,-3632,4980,-496,111,-134,0
2278.3938870429993,9828,6024,10852,-138,-47,68,9708,-9356,9204,-54,156,-198,-14504,4084,4024,-991,56,-70,-14720,-3596,5296,-472,148,-132,0
2278.4274039268494,9804,6052,10916,-73,-35,103,9540,-9152,8712,-58,145,-189,-14580,3804,3884,-1008,100,-96,-14708,-4028,5048,-501,142,-109,0
2278.4669799804688,9944,5924,10952,-123,-81,68,9604,-9136,8776,-72,102,-205,-14552,3896,4024,-1028,128,-92,-14728,-3760,4936,-488,179,-108,0
2278.500913143158,9884,5968,10800,-145,-94,90,9612,-9120,8812,-48,88,-205,-14600,3964,4232,-1019,129,-105,-14636,-3912,4976,-503,182,-89,0
2278.5346770286565,9952,5972,10888,-160,-93,114,9664,-9148,8988,-31,103,-209,-14528,3968,4028,-1015,83,-111,-15024,-3632,4872,-761,169,-121,0
2278.5682721138005,10020,5976,10880,-123,-95,98,9544,-9164,9188,-36,127,-164,-14500,3908,4240,-1034,94,-56,-14660,-3936,4892,-523,148,-134,0
2278.601809024811,9828,6072,10736,-126,-58,145,9568,-9148,8936,-36,122,-163,-14520,3864,4032,-982,117,-30,-14820,-3912,5032,-490,133,-129,0
2278.6352260112762,9840,6064,10724,-135,-23,106,9628,-9112,9196,-47,154,-196,-14520,3976,3948,-985,77,-66,-14776,-3848,4972,-485,130,-110,0
2278.668653011322,9900,5988,10792,-141,-48,99,9604,-9076,9120,-26,135,-179,-14612,3904,4088,-775,112,-85,-14720,-3856,5052,-522,144,-124,0
2278.7019441127777,9840,6044,10812,-131,-33,118,9568,-9196,8904,-29,163,-176,-14528,3880,3860,-1016,104,-52,-14724,-3876,5032,-511,164,-105,0
2278.7356200218205,9880,5916,10816,-138,-42,107,9564,-9148,8916,-37,144,-174,-14568,3856,4144,-1011,114,-72,-14768,-3900,4900,-495,176,-91,0
2278.7692971229553,9840,5996,10952,-144,-68,115,9560,-9152,8864,-33,152,-207,-14512,3988,3944,-1005,103,-81,-14688,-3628,5028,-492,167,-126,0
2278.802873134613,9784,5984,10792,-175,-101,136,9600,-9188,8900,-27,157,-190,-14504,3900,4168,-1000,112,-138,-14768,-3720,5124,-504,138,-79,0
2278.8364350795746,9776,6052,11136,-180,-103,154,9488,-9228,9180,-33,132,-168,-14560,4044,4100,-991,129,-146,-14752,-3860,5208,-508,123,-70,0
2278.87003493309,9864,6024,10764,-163,-85,122,9496,-9208,8992,-37,144,-160,-14500,3884,4020,-1001,109,-100,-14804,-3876,4912,-490,138,-62,0
2278.9033629894257,9828,5980,10928,-214,-77,128,9680,-9200,8968,-40,167,-170,-14552,3856,3956,-980,111,-112,-14680,-3908,4864,-440,150,-76,0
2278.941033124924,9836,5968,10796,-192,-112,125,9708,-9420,9076,-24,153,-221,-14540,3924,3924,-1024,113,-119,-14740,-4020,5036,-470,189,-113,0
2278.977611064911,9900,6004,10788,-213,-137,129,9620,-9156,8956,-14,198,-225,-14540,3864,3988,-996,82,-146,-14784,-4096,5044,-460,196,-83,0
2279.0123541355133,9860,6004,10908,-237,-159,116,9512,-9212,8980,-6,210,-238,-14540,3928,3868,-984,89,-159,-14756,-3904,4956,-444,169,-73,0
2279.0482230186462,9824,6000,10988,-238,-110,130,9540,-9264,8704,26,173,-177,-14440,3932,3588,-999,103,-137,-15072,-4064,4940,-476,168,-105,0
2279.083722114563,10220,6024,10832,-224,-122,159,9896,-9092,9008,-14,151,-173,-14608,3848,3924,-995,101,-136,-14596,-3848,5008,-457,153,-94,0
2279.119239091873,10016,5940,10864,-222,-133,135,9600,-9124,8812,-4,177,-213,-14636,3928,3928,-981,120,-149,-14664,-3852,5020,-465,163,-95,0
2279.1540751457214,9856,6036,10604,-248,-163,183,9608,-9184,8848,-21,155,-188,-14784,3956,4088,-978,132,-138,-14600,-3856,5112,-439,144,-70,0
2279.1901719570164,10024,5952,10824,-215,-110,187,9592,-9204,8704,-35,132,-168,-14524,3828,4136,-987,115,-85,-14900,-3848,5100,-474,85,-67,0
2279.2258360385895,9936,5956,10924,-299,-93,164,9668,-9240,9048,-10,117,-155,-14544,4064,4232,-1006,107,-123,-14716,-3600,4988,-483,161,-91,0
2279.261747121811,9808,6024,10852,-190,-104,152,9616,-9024,9040,-36,173,-177,-14748,3792,3968,-1012,99,-100,-14776,-3856,4924,-442,124,-107,0
2279.2980730533604,9952,5980,10756,-191,-76,112,9576,-9128,8944,-52,157,-196,-14548,4028,4040,-988,90,-71,-14616,-3592,4900,-465,188,-99,0
2279.3332800865173,9884,6028,10704,-224,-148,133,9580,-9232,8912,-16,125,-194,-14692,4028,3912,-1020,93,-80,-14744,-3784,4984,-461,179,-62,0
2279.3692131042485,9936,5900,10620,-211,-106,142,9612,-9072,8740,5,127,-128,-14652,3876,3896,-1029,82,-40,-14688,-4068,5332,-455,93,-139,0
2279.4042971134186,9920,5948,10712,-230,-27,130,9536,-9084,9048,-13,183,-129,-14564,3956,4016,-982,70,-116,-14752,-3848,5128,-466,73,-109,0
2279.4396409988403,9860,5836,10824,-244,-90,154,9572,-9204,8992,-45,163,-184,-14476,3880,3972,-958,120,-83,-14776,-3620,5056,-437,145,-81,0
2279.474997043609,9732,5892,10704,-227,-118,150,9492,-9160,8864,-16,126,-188,-14600,3952,3864,-1013,138,-125,-14444,-4048,5088,-446,195,-60,0
2279.5102190971375,9992,6032,11004,-182,-223,179,9724,-9028,9188,-129,127,-241,-14704,4100,3900,-1034,130,-132,-14816,-3688,5048,-471,191,-116,0
2279.545568943024,10036,5944,10848,-186,-204,149,9588,-9172,8880,29,142,-232,-14592,3908,3932,-1024,104,-106,-14860,-3832,5312,-504,204,-102,0
2279.5821330547333,9944,5912,10712,-177,-143,174,9568,-9032,8848,-251,129,-196,-14580,4012,3904,-1015,149,-94,-14904,-3928,5076,-451,138,-45,0
2279.6156430244446,9880,5828,10632,-198,-97,138,9612,-9104,8932,-26,91,-187,-14652,4048,3988,-987,106,-121,-14764,-3756,5364,-474,168,-104,0
2279.649172067642,9728,5988,10668,-203,-148,133,9628,-9232,9008,7,113,-208,-14624,4080,3972,-772,116,-119,-14696,-3884,4892,-461,160,-99,0
2279.6827409267426,9732,5968,10912,-138,-132,123,9644,-9108,8996,-55,127,-213,-14624,3804,3828,-980,111,-113,-14676,-3600,4948,-461,164,-119,0
2279.716351032257,10000,5884,10892,-153,-72,93,9652,-9144,9096,-69,152,-205,-14668,3904,3916,-993,93,-49,-15092,-3760,4876,-451,173,-136,0
2279.7498331069946,10136,6128,10952,-160,-107,90,9560,-9168,9164,-79,139,-208,-14532,3944,3720,-1003,83,-81,-14672,-3840,5004,-460,153,-109,0
2279.7834939956665,9980,5816,10728,-113,-68,102,9632,-9200,8928,-60,134,-184,-14540,3940,3900,-1035,128,-63,-14760,-3728,5028,-476,153,-110,0
2279.8172600269318,10080,5864,10776,-78,-36,112,9624,-9096,9028,-51,130,-164,-14552,3984,3796,-1031,136,-66,-14728,-3720,4876,-454,134,-105,0
2279.8508291244507,9908,5928,10892,-97,-64,129,9528,-9228,8996,-29,133,-173,-14580,3844,3880,-771,118,-126,-14752,-3804,5144,-485,186,-104,0
2279.8842720985413,9936,5952,10904,-99,-46,118,9572,-9124,8972,-51,112,-175,-14560,3964,3964,-991,133,-111,-14768,-3844,5044,-495,126,-70,0
2279.917774915695,10212,5980,10716,-74,-2,116,9580,-9104,9156,-69,122,-145,-14676,3868,4056,-983,119,-30,-15100,-3908,4912,-504,116,-130,0
2279.95099902153,10092,5924,10712,-111,-15,87,9680,-9184,8956,-33,155,-177,-14812,3872,4008,-1031,58,-53,-14812,-3760,5064,-529,126,-182,0
2279.98463511467,9876,6020,10764,-87,-14,84,9656,-9064,9048,-72,130,-160,-14340,4076,4048,-973,59,-74,-14628,-3868,4792,-466,109,-141,0
2280.0180130004883,10008,6124,10804,-82,31,49,9660,-9144,9048,-97,139,-169,-14636,3852,3972,-960,58,-30,-14736,-3804,4864,-475,144,-110,0
2280.0515420436855,9944,5896,10804,-148,-60,96,9632,-9296,8988,-52,126,-182,-14468,3920,4044,-1021,103,-60,-14744,-3704,5088,-498,185,-123,0
2280.085034132004,9976,5936,10576,-51,-20,138,9656,-9108,9008,-34,95,-152,-14632,3792,4028,-1047,122,-17,-14848,-3780,5072,-510,132,-137,0
2280.1186060905457,9884,5632,10836,-25,22,108,9576,-9160,8980,-71,107,-134,-14384,3868,3888,-1013,77,-69,-14784,-3844,5024,-488,75,-149,0
2280.151654958725,9868,5936,10904,-84,49,81,9580,-9196,8908,-48,151,-150,-14572,4032,4016,-1010,56,-58,-14772,-3840,4900,-486,112,-132,0
2280.1852660179134,9868,5748,10704,-93,-20,82,9676,-9244,8868,-47,154,-170,-14548,3904,4016,-1030,72,-70,-14792,-3896,5092,-510,157,-130,0
2280.2189171314244,9892,5960,10672,-94,-69,88,9628,-9088,8740,-46,127,-172,-14512,3816,3880,-1022,93,-58,-14740,-3856,4896,-478,152,-137,0
2280.2523069381714,9920,6088,10536,-123,-84,95,9540,-9140,9056,-55,97,-201,-14468,3960,3908,-1037,104,-105,-14832,-3892,4944,-454,183,-93,0
2280.2857711315155,9856,6064,10584,-111,-87,102,9540,-9156,8872,-71,116,-190,-14588,3884,3912,-992,143,-92,-14796,-3896,5056,-479,141,-118,0
2280.319339990616,9928,6064,10788,-139,-93,106,9596,-9208,8968,-48,107,-177,-14380,3984,3904,-1003,127,-68,-14776,-4036,5000,-490,153,-113,0
2280.3528950214386,10000,6120,10864,-121,-64,113,9520,-9168,8976,-8,79,-180,-14544,3896,4012,-1279,84,-82,-14712,-3856,4936,-509,178,-127,0
2280.386171102524,9928,5932,10848,-118,-73,122,9588,-9128,8868,-14,106,-180,-14492,3880,3928,-1000,99,-46,-14796,-4092,5036,-487,146,-116,0
2280.4197800159454,9876,6000,10900,-123,-61,111,9592,-9176,8892,-48,114,-210,-14536,3984,3904,-1279,110,-83,-14780,-3804,5056,-497,166,-108,0
2280.453318119049,9904,6024,10768,-112,-76,123,9564,-9196,8936,-65,99,-187,-14604,3928,3696,-984,110,-96,-14624,-3812,5080,-482,158,-139,0
2280.48700094223,10024,6000,10876,-126,-62,90,9608,-9080,8912,-76,97,-177,-14816,4004,3616,-1032,105,-26,-14784,-3820,5048,-503,156,-125,0
2280.52055311203,9916,5900,10780,-106,-49,115,9520,-9156,8856,-67,76,-175,-14584,3908,4224,-1017,82,-61,-14776,-3876,5048,-495,139,-159,0
2280.553833961487,9916,6004,10916,-100,-22,100,9640,-9220,8952,-53,95,-165,-14660,3928,4036,-1277,103,-90,-14740,-3832,4904,-511,164,-105,0
2280.5899181365967,9804,5984,10908,-126,-99,142,9664,-9156,9072,-32,77,-224,-14636,3932,3936,-1001,106,-76,-14800,-3780,4900,-257,187,-116,0
2280.624876022339,9960,6012,10952,-153,-79,124,9596,-9220,8904,-53,94,-183,-14512,3984,4276,-979,67,-95,-14844,-3604,5016,-503,151,-146,0
2280.6602320671086,9924,6056,10836,-136,-31,96,9684,-9192,8868,-51,124,-158,-14672,3976,3932,-1001,71,-20,-14840,-4064,4924,-765,104,-161,0
2280.697046995163,9872,5944,10812,-174,-62,130,9652,-9168,8892,7,148,-135,-14488,3876,3808,-1036,90,-56,-14700,-3984,5016,-508,161,-132,0
2280.7323830127716,9864,6372,10880,-70,-12,90,9640,-9148,8952,-75,108,-175,-14608,3928,3928,-980,81,-85,-14776,-3612,4968,-476,133,-109,0
2280.768767118454,9876,6036,10984,-179,-53,89,9680,-9208,8960,-76,149,-176,-14600,4100,3876,-1023,63,-35,-14668,-3784,4984,-491,162,-125,0
2280.803380012512,9940,5940,10864,-133,-48,79,9568,-9176,8916,-38,141,-149,-14820,3888,3964,-1038,99,-49,-14752,-3624,4992,-481,139,-126,0
2280.8391621112823,9904,6088,10860,-117,-17,95,9568,-9084,8728,-38,127,-141,-14712,3684,3904,-1007,58,-35,-14772,-3860,5036,-502,89,-151,0
2280.874125957489,9948,6104,10924,-129,18,95,9620,-9172,8992,-53,144,-145,-14544,3952,3920,-997,91,-76,-14696,-3824,5060,-483,91,-113,0
2280.909523963928,9836,6060,10532,-172,-50,86,9568,-9160,8864,-47,152,-168,-14448,3864,4192,-1002,114,-44,-14768,-3844,5012,-485,138,-104,0
2280.945372104645,9896,6136,10664,-162,-59,118,9556,-9456,8772,-21,124,-161,-14460,3892,3588,-1036,131,-108,-14600,-3832,4928,-498,164,-102,0
2280.980560064316,9936,6024,10816,-175,-97,120,9484,-9060,8860,-53,123,-178,-14488,3960,3876,-1005,122,-61,-14752,-4088,4972,-497,147,-79,0
2281.0154969692226,9808,5988,10828,-112,-43,108,9716,-9028,8848,-52,136,-173,-14576,3980,3976,-1278,118,-107,-14728,-3984,5184,-500,137,-94,0
2281.0508749485016,9868,6004,10796,-176,-50,108,9576,-9184,9028,-19,143,-158,-14616,3976,3920,-1012,91,-119,-14796,-4084,5312,-499,136,-94,0
2281.0862009525295,9752,6064,10860,-140,-25,92,9696,-8980,8824,-43,152,-189,-14564,3940,3972,-1277,69,-111,-14848,-3860,4924,-494,160,-76,0
2281.1218111515045,9824,6004,10856,-169,-71,140,9604,-9144,8880,-59,135,-188,-14528,3880,3960,-1002,117,-72,-14776,-4096,5032,-508,148,-109,0
2281.157825946808,9820,5904,10824,-189,-92,146,9652,-9124,8912,-56,160,-187,-14648,3932,4116,-948,107,-133,-14824,-4080,4904,-471,154,-90,0
2281.1932640075684,9744,6008,10868,-210,-85,128,9640,-9156,8896,-56,167,-208,-14348,3852,3728,-983,110,-91,-14856,-3860,5032,-492,172,-113,0
2281.2282719612126,9892,5952,10672,-198,-115,117,9652,-9472,9192,-35,166,-191,-14564,3924,3860,-997,79,-90,-14844,-3916,4872,-488,160,-107,0
2281.263941049576,9812,5972,10904,-221,-107,116,9572,-9240,8724,-17,186,-203,-14588,4040,3928,-1003,114,-128,-14848,-3872,5100,-495,150,-87,0
2281.2976589202885,9808,5972,10856,-240,-129,135,9572,-9148,8980,-12,173,-197,-14676,4000,4112,-996,119,-147,-14784,-3816,5040,-481,163,-94,0
2281.3311600685124,9784,6076,10900,-197,-130,151,9608,-9132,8996,-19,175,-207,-14356,3940,3880,-997,106,-146,-14704,-4068,5108,-492,206,-83,0
2281.364419937134,9848,6052,10812,-238,-178,171,9692,-9076,8908,-13,147,-198,-14572,3888,3900,-996,129,-125,-14804,-3604,4936,-480,170,-75,0
2281.3979620933533,9784,5992,10804,-240,-160,148,9584,-9116,8964,-21,179,-195,-14836,3948,3952,-1010,111,-140,-15084,-4056,5080,-458,158,-60,0
2281.4311990737915,9976,6004,10540,-221,-106,160,9664,-9300,8836,-42,148,-155,-14384,3960,3984,-992,108,-130,-14824,-4016,4980,-486,76,-72,0
2281.4646821022034,9744,5948,10936,-305,-123,163,9584,-9300,8740,9,165,-161,-14836,3968,3996,-1026,95,-107,-14752,-3592,4980,-478,168,-115,0
2281.498296022415,10092,6076,10656,-278,-135,136,9656,-9128,8868,26,180,-168,-14496,3844,3924,-988,91,-104,-14868,-3772,4984,-457,146,-50,0
2281.5318500995636,9864,6008,10924,-240,-118,140,9624,-9148,8892,-14,175,-200,-14572,3968,4032,-953,92,-147,-14800,-3756,5004,-465,197,-111,0
2281.5650029182434,9748,5912,10760,-294,-219,129,9600,-9156,8888,0,159,-220,-14540,3964,3900,-1278,119,-165,-14608,-3756,4984,-462,187,-95,0
2281.5986199378967,10036,5936,10756,-234,-133,158,9648,-9124,8836,21,138,-170,-14504,3924,3832,-1015,96,-76,-14976,-3908,4948,-497,108,-126,0
2281.631807088852,10212,6004,10548,-243,-95,157,9568,-9148,8928,0,131,-147,-14492,3828,3968,-1007,73,-31,-14788,-3644,5072,-480,73,-99,0
2281.665391921997,9964,6092,10920,-272,-74,147,9520,-9176,8860,6,139,-146,-14676,3936,3996,-991,107,-83,-14648,-3812,5008,-478,112,-108,0
2281.6990010738373,9800,6012,10912,-274,-118,151,9492,-9180,8756,-35,168,-172,-14504,3932,3884,-998,120,-144,-14812,-3808,4852,-470,148,-87,0
2281.732756137848,9884,5936,10668,-231,-134,175,9544,-9156,8964,-13,138,-225,-14664,3904,3996,-988,143,-133,-14748,-3756,5028,-489,203,-74,0
2281.7661349773407,9916,6000,11044,-308,-218,157,9568,-9120,8860,5,159,-197,-14520,3976,4056,-1274,145,-161,-14808,-3812,5092,-460,191,-79,0
2281.7999341487885,9828,6104,11004,-193,-150,160,9728,-9132,8964,2,136,-203,-14564,3872,3840,-992,135,-96,-15088,-3772,4916,-471,189,-77,0
2281.8333210945134,9924,5908,10608,-249,-171,154,9848,-9152,8744,-5,147,-215,-14656,3844,4068,-1012,99,-131,-14776,-3832,5008,-482,170,-90,0
2281.8668301105495,9996,5956,10868,-270,-159,156,9596,-9124,9052,38,166,-184,-14340,3856,4028,-1022,103,-150,-14744,-3904,5032,-494,191,-83,0
2281.9000289440155,9892,5944,10888,-238,-153,152,9568,-9108,8992,26,161,-169,-14608,3740,4004,-769,110,-119,-14788,-3608,5020,-457,200,-81,0
2281.933650970459,10012,6004,10756,-248,-183,146,9476,-9104,8720,-58,95,-194,-14592,3964,3916,-971,117,-93,-14932,-3756,5076,-434,157,-107,0
2281.9672470092773,10120,6136,10732,-248,-136,121,9616,-9108,8968,-31,137,-205,-14668,3880,3996,-991,98,-75,-14872,-3660,4916,-503,165,-116,0
2282.001183986664,10040,5844,10828,-245,-179,149,9640,-9308,9012,15,121,-201,-14656,3916,3852,-780,71,-64,-14716,-3792,4916,-481,189,-90,0
2282.034583091736,9948,5948,10812,-127,-142,137,9584,-9004,9040,-85,143,-192,-14520,3852,3992,-955,132,-144,-14808,-3808,4956,-425,169,-64,0
2282.0679600238805,10092,6072,10940,-82,-47,95,9628,-9216,9132,-64,131,-177,-14564,3880,4028,-987,148,-112,-14796,-3704,5072,-480,157,-138,0
2282.1016149520874,10060,5736,10588,-132,-72,101,9688,-9216,8844,-33,101,-144,-14564,3928,3684,-1005,96,-41,-14816,-3696,5024,-501,122,-113,0
2282.1349930763245,10104,5908,10876,-84,-37,114,9636,-9076,8956,-50,80,-143,-14696,3824,3760,-1034,116,-29,-14764,-3784,5028,-527,120,-135,0
2282.1685650348663,10128,5944,10880,-82,-22,97,9536,-9108,8788,-62,93,-143,-14664,3860,4056,-1012,61,-65,-15052,-3872,4996,-490,128,-140,0
2282.2021560668945,9984,5900,10808,-102,-33,87,9584,-9216,9052,-79,114,-168,-14584,3852,3912,-994,63,-67,-14684,-3872,4940,-488,151,-144,0
2282.2357280254364,9976,5904,10816,-133,-59,93,9456,-9184,9132,-60,138,-171,-14576,4008,4028,-979,66,-73,-14712,-3596,5316,-489,136,-136,0
2282.2712359428406,9836,5908,10912,-90,-19,86,9608,-9112,9168,-81,132,-169,-14456,3976,4052,-997,120,-77,-14792,-3720,5032,-466,138,-144,0
2282.3075590133667,9860,5948,10728,-132,-93,112,9548,-9208,8928,-55,105,-185,-14528,3928,4004,-1002,116,-75,-14712,-3732,4960,-462,152,-114,0
2282.3427929878235,9988,6008,10756,-121,-59,117,9608,-9240,9092,-40,98,-172,-14576,3892,3856,-1001,99,-70,-14768,-3816,5072,-503,146,-123,0
2282.3775799274445,9984,5880,10856,-101,-57,110,9512,-9160,8956,-35,100,-169,-14624,3908,3992,-999,109,-80,-14848,-3752,4924,-485,150,-118,0
2282.413703918457,9884,5852,10816,-123,-124,115,9652,-8968,8876,-77,108,-194,-14660,3844,3864,-969,111,-81,-14796,-3808,4920,-457,167,-118,0
2282.44921708107,10028,5968,10800,-121,-87,85,9508,-9136,9152,-67,105,-197,-14632,3912,3888,-990,109,-55,-14788,-3824,4856,-485,156,-141,0
2282.4843471050262,9952,6112,10552,-131,-53,82,9668,-9164,9144,-27,103,-165,-14572,3660,3964,-1276,86,-105,-14792,-3732,5008,-503,155,-134,0
2282.5194959640503,9996,5988,10896,-112,-14,94,9584,-9224,9124,-34,127,-168,-14592,3968,3852,-1030,77,-61,-14808,-3788,5044,-491,159,-165,0
2282.554943084717,10028,5948,10788,-118,-53,75,9604,-9168,8720,-51,109,-191,-14372,3876,3976,-1014,85,-85,-14728,-3824,4936,-497,117,-173,0
2282.590642929077,9932,6024,10836,-115,-61,65,9524,-9216,9000,-55,132,-180,-14608,3916,3972,-998,81,-77,-14756,-3788,4996,-493,153,-122,0
2282.626199960708,9940,5940,11000,-115,-33,99,9556,-9168,8820,-45,91,-174,-14576,3884,3628,-1017,102,-48,-14828,-3872,5048,-492,144,-138,0
2282.6612660884857,9908,5952,10676,-93,-49,99,9668,-9188,8840,-46,122,-167,-14468,3856,3984,-1001,94,-58,-14884,-3824,5036,-478,138,-127,0
2282.6977069377895,9740,5956,10504,-107,-56,117,9648,-9124,8988,-53,78,-158,-14584,3624,3988,-1008,90,-30,-14908,-3864,5092,-510,127,-118,0
2282.732887029648,10028,5976,10792,-126,-41,103,9728,-9228,8888,-43,95,-145,-14540,3740,4000,-995,89,-42,-14784,-3840,5076,-478,117,-134,0
2282.7689769268036,10008,6056,10716,-127,-55,104,9668,-9164,8912,-48,108,-167,-14560,3892,4172,-996,90,-51,-14824,-3776,4908,-448,116,-116,0
2282.8044130802155,10056,6020,10852,-126,-54,91,9556,-9204,8904,-53,131,-174,-14620,3956,3924,-990,91,-75,-14708,-3592,5072,-505,160,-111,0
2282.8407261371613,9944,5952,10760,-134,-82,107,9668,-9396,8796,-56,84,-165,-14496,3896,3972,-1003,89,-49,-14804,-3816,4976,-477,165,-105,0
2282.8754100799565,9912,5964,10824,-106,-102,149,9532,-9424,8868,-41,86,-171,-14560,3960,4064,-1033,79,-29,-14760,-3816,4984,-495,143,-111,0
2282.911204099655,9728,5968,10584,-106,-96,124,9600,-9108,8916,-44,84,-195,-14496,3872,3940,-982,112,-83,-14800,-3892,4960,-498,160,-120,0
2282.9466400146484,9908,6040,10652,-161,-87,135,9720,-9228,8936,-79,89,-178,-14824,3952,3608,-1000,94,-98,-14728,-3808,4956,-475,105,-133,0
2282.9800469875336,10028,6044,10932,-115,-50,90,9932,-9428,8812,-55,136,-155,-14368,4016,4044,-967,64,-30,-14760,-3788,5064,-501,63,-159,0
2283.013682126999,9992,5984,10808,-153,-22,82,9600,-8996,9096,12,138,-128,-14572,3948,3892,-1035,71,-42,-14732,-3928,4904,-505,145,-172,0
2283.0473499298096,9980,6056,10840,-100,-26,97,9600,-9056,8988,-42,107,-171,-14644,3816,4108,-1013,63,-50,-14772,-3648,5024,-476,137,-135,0
2283.0806279182434,10212,6060,10780,-161,-69,90,9692,-9120,9004,-51,141,-184,-14624,3940,4060,-999,53,-103,-14608,-3772,4964,-482,167,-126,0
2283.114221096039,9988,5900,10740,-100,-53,91,9636,-8992,9144,-28,120,-150,-14528,3872,3980,-1041,80,-68,-14768,-3776,5008,-505,129,-149,0
2283.147432088852,9872,5944,10572,-112,-52,93,9612,-9176,8760,-35,134,-125,-14532,3848,4136,-777,67,254,-14812,-3668,4988,-481,101,-156,0
2283.1808600425725,9892,6040,10500,-128,-253,102,9556,-9152,8928,-43,126,-167,-14512,4028,3960,-996,99,-23,-14720,-4088,5008,-466,92,-140,0
2283.214424133301,9848,5896,10840,-179,-38,86,9552,-9208,8792,-36,142,-166,-14496,3920,3944,-1007,96,-78,-14740,-3852,4952,-462,159,-110,0
2283.248132944107,9940,5988,10740,-173,-69,113,9552,-9156,8940,-11,131,-168,-14600,3976,4008,-1034,85,-108,-14784,-3776,4976,-763,198,-97,0
2283.2818310260773,9888,6072,10856,-141,-90,92,9580,-9224,8812,-6,93,-214,-14588,4000,4024,-1037,117,-127,-14808,-3776,5264,-499,202,-110,0
2283.31542801857,9812,5984,10896,-135,-82,131,9564,-9200,8920,-22,146,-184,-14364,4092,4072,-1019,110,-112,-14812,-4088,4936,-483,169,-106,0
2283.348974943161,9924,5940,10548,-137,-59,128,9612,-9192,8940,-45,134,-187,-14776,3976,3840,-1273,99,-99,-15052,-3840,4956,-502,155,-94,0
2283.382302045822,9880,5956,10800,-177,-19,85,9600,-9440,8880,-29,158,-172,-14572,3976,4020,-1001,93,-98,-14820,-3592,5100,-488,164,-106,0
2283.4157519340515,9964,5996,10984,-166,-58,94,9532,-9448,8708,-17,177,-162,-14548,3936,4000,-1024,121,-109,-14732,-3824,5112,-510,132,-106,0
2283.4494569301605,9980,6116,10884,-198,-66,129,9656,-9264,8900,-50,168,-170,-14496,3884,4092,-987,101,-93,-14736,-4080,5264,-470,135,-98,0
2283.485230922699,9976,5932,10628,-222,-84,145,9856,-8968,8860,-57,149,-175,-14668,3928,3920,-987,86,-90,-14712,-3752,5076,-471,162,-107,0
2283.518928050995,9888,6012,10984,-235,-116,130,9512,-9216,8960,-6,138,-202,-14496,3920,3976,-989,106,-109,-14756,-3752,4960,-477,197,-74,0
2283.552468061447,9952,5816,10704,-213,-126,131,9560,-9272,9020,-16,177,-203,-14560,4060,3848,-1030,130,-108,-14744,-3828,4964,-482,164,-74,0
2283.5858550071716,9900,6056,10860,-238,-119,116,9536,-9184,9044,-15,185,-224,-14600,4064,4052,-990,126,-152,-14776,-4088,4960,-498,200,-81,0
2283.6194961071014,9892,5904,10984,-237,-131,146,9628,-9216,8764,-7,172,-194,-14596,3904,3948,-983,120,-153,-14796,-3784,5104,-481,160,-81,0
2283.652951002121,9828,6032,10784,-219,-129,148,9588,-9152,8976,-24,179,-207,-14552,3880,4104,-984,148,-134,-15036,-3592,4900,-462,181,-68,0
2283.686443090439,10032,6020,10796,-501,-133,157,9648,-9168,8880,-31,196,-219,-14452,3868,3852,-1016,96,-132,-14800,-3852,4992,-455,204,-73,0
2283.7201290130615,9992,6096,11000,-2,-124,139,9624,-9192,8820,-36,176,-189,-14356,3888,3972,-1008,108,-132,-14904,-3824,4612,-451,96,-69,0
2283.7537240982056,10068,5956,10856,-237,-84,144,9672,-9464,8808,-18,166,-169,-14404,3992,4080,-990,90,-110,-14724,-3800,4904,-474,98,-73,0
2283.7873549461365,10036,5968,10884,-308,-119,143,9544,-9216,8716,53,162,-178,-14348,3868,4088,-1015,117,-118,-14596,-3936,5116,-467,167,-97,0
2283.820872068405,9980,6008,10732,-183,-60,117,9640,-9148,9000,-17,149,-194,-14532,4040,4068,-978,90,-90,-14804,-3808,5040,-462,149,-91,0
2283.854385137558,9976,5976,10828,-223,-106,127,9628,-9232,8920,-27,150,-205,-14568,3880,4020,-1003,105,-108,-15068,-3768,5060,-469,167,-97,0
2283.8875811100006,9980,5956,10540,-250,-109,152,9580,-9152,8888,14,128,-191,-14344,3920,4032,-1034,115,-104,-14828,-3748,5012,-483,155,-103,0
2283.921159029007,10048,6064,10792,-196,-74,154,9512,-9140,8896,0,146,-139,-14580,3856,4092,-772,86,-44,-15016,-3804,5080,-467,96,-120,0
2283.9577920436855,9880,5896,10672,-215,-34,113,9564,-9172,9020,-24,161,-149,-14508,3892,3904,-955,111,-69,-14784,-4036,5084,-449,86,-77,0
2283.992939949036,9868,5944,10892,-250,-34,152,9628,-9268,8816,-24,133,-158,-14564,3888,4252,-982,118,-109,-14660,-3796,4972,-463,161,-69,0
2284.0291640758514,9936,5924,10940,-239,-116,138,9572,-9232,8948,-27,143,-216,-14512,4008,4048,-1012,129,-114,-14840,-3796,5052,-453,190,-55,0
2284.064998149872,10236,5948,10716,-313,-215,165,9524,-9164,8984,15,126,-210,-14560,4024,3860,-1017,147,-118,-14764,-3756,5060,-472,185,-74,0
2284.100275039673,10016,5940,10824,-213,-149,151,9568,-9176,8996,-14,105,-216,-14808,3936,3992,-1004,139,-119,-14800,-3864,5040,-483,171,-81,0
2284.135295152664,9976,5976,10872,-269,-119,174,9540,-8972,9108,16,147,-221,-14636,3900,3896,-1016,133,-99,-14836,-3768,5048,-471,167,-80,0
2284.1717910766606,10056,6100,10752,-507,-140,149,9648,-9260,9172,0,137,-189,-14564,3936,4040,-1016,114,-114,-14828,-3800,5000,-491,176,-73,0
2284.2076320648193,10040,5936,10756,-244,-130,180,9636,-9024,8712,251,109,-192,-14584,3840,3864,-1002,102,-74,-14740,-3744,5072,-459,161,-101,0
2284.2427859306335,9988,5652,10932,-216,-148,148,9592,-9168,9028,-32,122,-216,-14616,3920,3812,-984,115,-104,-14780,-3788,4988,-453,181,-116,0
2284.2786481380463,10064,5768,10828,-216,-146,124,9664,-9092,9188,-40,119,-221,-14820,3856,3988,-990,87,-108,-15040,-3796,5000,-488,175,-150,0
2284.3137469291687,9984,5856,10800,-140,-61,123,9620,-9136,8884,-53,131,-179,-14372,3908,3840,-1021,102,-83,-14812,-4096,4984,-478,141,-146,0
2284.3493180274963,10092,5848,10632,-103,-43,103,9656,-9144,8908,-16,132,-181,-14624,3804,3888,-1042,99,-67,-14820,-3772,4892,-457,157,-160,0
2284.384686946869,10052,6124,10760,-92,-46,96,9572,-9092,8956,-44,114,-173,-14568,3840,3880,-774,137,-55,-14864,-3812,4924,-465,152,-129,0
2284.4206330776215,9936,5948,10704,-121,-61,122,9600,-9432,9168,-75,110,-187,-14616,3832,3880,-995,138,-95,-14776,-3720,5040,-481,159,-82,0
2284.4559080600734,9976,5912,10816,-41,-25,123,9640,-9124,8848,-69,111,-144,-14524,3936,3992,-1269,86,-22,-14812,-3716,5008,-535,112,-154,0
2284.49187707901,9888,5880,10856,-114,-41,97,9568,-9128,8800,-43,116,-153,-14524,3944,4020,-1019,95,-80,-14836,-3600,5096,-502,159,-142,0
2284.527442932129,9952,5984,10872,-51,7,84,9576,-9172,8972,-95,114,-152,-14652,3936,3788,-997,61,-66,-14804,-4080,4948,-459,108,-173,0
2284.5633721351624,10036,6124,10772,-121,8,83,9668,-9188,8912,-61,127,-181,-14692,3864,4024,-981,80,-58,-14784,-3752,5236,-493,168,-145,0
2284.5981810092926,9976,5864,10668,-138,-39,90,9624,-9128,8932,-52,113,-180,-14500,4032,3856,-1042,76,-93,-14736,-3672,4964,-486,152,-145,0
2284.633805990219,9992,5912,10844,-76,10,108,9568,-9436,8924,-80,95,-135,-14848,3884,3916,-1036,70,-58,-14788,-3628,5028,-491,91,-155,0
2284.6672649383545,9924,5872,10800,-101,5,91,9632,-9204,9108,-62,109,-115,-14588,3904,4144,-1003,90,7,-14724,-3752,5076,-495,73,-143,0
2284.700828075409,10020,5956,10884,-160,-38,98,9540,-9204,8828,-66,97,-159,-14616,3896,3992,-1008,58,-46,-14808,-3812,4988,-499,149,-120,0
2284.734508037567,9912,6108,10860,-128,-31,109,9640,-9132,8960,-26,96,-186,-14536,3936,3908,-1019,100,-62,-14756,-3796,4760,-510,123,-135,0
2284.768203020096,9936,6108,10672,-134,-50,73,9588,-9100,8920,-34,161,-208,-14692,3796,3856,-1006,71,-84,-14644,-3808,4936,-469,162,-154,0
2284.8018629550934,9988,5964,10720,-106,-71,68,9568,-9124,8804,-50,125,-216,-14436,3928,3880,-769,73,-100,-14908,-3732,4972,-257,162,-98,0
2284.835438966751,9920,5900,10732,-112,-59,101,9544,-9192,8980,-57,63,-171,-14380,3936,4064,-1004,96,-40,-14820,-3904,4948,-492,84,-115,0
2284.869035959244,10016,5800,10712,-141,-21,95,9604,-9212,8868,-65,141,-178,-14572,3920,3688,-1005,59,-54,-14916,-3780,4940,-484,129,-141,0
2284.9023411273956,9960,5900,10896,-127,-30,117,9592,-9124,8888,-26,76,-180,-14588,3912,3856,-1051,97,-68,-14820,-3912,5004,-492,133,-114,0
2284.9360690116882,10040,5928,10732,-147,-50,146,9704,-8976,8708,-78,75,-181,-14736,3868,4116,-994,111,-67,-14980,-3616,5016,-483,120,-141,0
2284.969578027725,9948,5884,10688,-102,-50,100,9628,-9196,8960,-88,94,-172,-14528,3912,3952,-994,105,-38,-14848,-3808,4892,-482,143,-119,0
2285.0029430389404,9888,5888,10920,-144,-67,105,9672,-9188,8948,-58,136,-183,-14608,3976,3992,-985,73,-49,-15076,-3776,4964,-496,150,-140,0
2285.0366411209106,10052,5852,10656,-148,-95,125,9608,-9420,8768,-36,118,-164,-14484,3936,4084,-1028,109,-27,-14788,-3824,5040,-495,131,-127,0
2285.0701041221614,10164,5912,10812,-108,-26,122,9548,-9164,8924,-34,80,-188,-14540,3888,4052,-1038,107,-66,-14812,-3832,5032,-490,134,-118,0
2285.103646993637,9728,5944,10976,-110,-40,106,9648,-9456,8872,-74,82,-179,-14548,3988,4136,-1003,107,-91,-14732,-3816,5064,-504,161,-135,0
2285.136976003647,10192,5960,10820,-116,-91,81,9592,-9156,8864,-49,157,-166,-14632,3964,3992,-1023,83,-99,-14800,-3776,4936,-473,163,-132,0
2285.170294046402,9840,6012,10992,-109,-36,96,9620,-9236,8800,-91,133,-168,-14624,4060,4072,-966,95,-54,-14868,-3636,5076,-504,94,-170,0
2285.20383810997,10032,5928,10840,-150,-27,90,9572,-9472,8872,-41,144,-136,-14616,3976,3904,-1041,73,-35,-14648,-3832,5004,-512,130,-121,0
2285.237412929535,9844,5924,10632,-172,-78,107,9608,-9244,9164,-7,125,-157,-14544,3856,4008,-1019,65,-125,-14788,-3904,5044,-506,172,-127,0
2285.2707719802856,9932,6140,10984,-81,-20,115,9596,-9224,8952,-80,102,-182,-14372,3860,4068,-988,95,-84,-14788,-3904,5024,-478,140,-137,0
2285.3041729927063,9932,5920,10796,-178,-92,106,9684,-9160,9088,-42,151,-184,-14344,4036,4000,-999,59,-60,-14732,-3764,5120,-497,153,-135,0
2285.337744951248,10056,5892,10864,-130,-54,82,9620,-9436,8904,-43,156,-177,-14524,3952,3880,-1023,75,-56,-14704,-3912,4896,-497,125,-143,0
2285.3712480068207,9732,5940,10624,-102,-16,93,9572,-9200,8820,-29,140,-133,-14340,3936,4112,-1012,57,-78,-14796,-3928,5336,-487,105,-180,0
2285.404365062713,9892,5956,10844,-129,3,73,9640,-9184,8880,-43,145,-117,-14440,3952,3888,-1008,92,-47,-14700,-3764,4988,-483,81,-148,0
2285.4379570484166,9876,6048,10752,-153,-255,91,9460,-9396,8980,-65,141,-160,-14568,3984,3904,-974,81,-62,-14792,-3876,4916,-484,147,-138,0
2285.4713830947876,10032,5896,10796,-134,-36,106,9616,-9284,8856,-44,165,-181,-14600,3984,4120,-1019,73,-88,-14764,-3684,5156,-492,154,-107,0
2285.5049481391907,9808,5924,10904,-155,-67,80,9480,-9192,8916,-42,145,-193,-14460,3992,3884,-1001,95,-134,-14832,-3800,4916,-492,152,-115,0
2285.5385479927063,9928,6028,10656,-119,-10,121,9568,-9232,8792,-25,141,-184,-14392,3888,4008,-1032,124,-157,-14708,-3788,5112,-485,162,-82,0
2285.5718660354614,10228,5968,10496,-172,-70,105,9684,-9412,8836,-14,156,-184,-14552,3912,3852,-998,114,-93,-14812,-3792,5040,-469,169,-92,0
2285.6052811145782,9916,6056,10880,-199,-31,88,9572,-9244,8860,-39,163,-194,-14528,3912,4072,-1004,100,-111,-14740,-3656,4864,-502,168,-58,0
2285.641860961914,9732,5992,10840,-196,-103,114,9584,-9172,8892,-28,156,-179,-14468,3956,4312,-983,84,-154,-14856,-3636,5080,-489,137,-82,0
2285.689450979233,9888,5988,10868,-206,-112,131,9672,-9156,8960,-70,184,-201,-14484,3900,4056,-977,97,-147,-15080,-3760,5004,-472,137,-100,0
2285.7372970581055,9844,6132,10768,-229,-100,98,9624,-9180,8792,-7,178,-193,-14548,3952,3736,-1000,98,-141,-14832,-3788,5024,-491,168,-74,0
2285.7788670063014,9872,5940,10540,-217,-82,103,9600,-9172,8980,-251,176,-202,-14592,3976,3940,-995,61,-160,-14852,-3840,5104,-494,170,-75,0
2285.813771009445,9892,5984,10832,-230,-133,130,9560,-9428,8948,-1,181,-198,-14560,3892,3924,-992,103,-124,-14812,-3816,4980,-475,170,-96,0
2285.8500061035156,9956,6000,10884,-248,-130,135,9632,-9168,8968,-27,165,-212,-14628,3828,4104,-1004,113,-156,-14752,-4056,5024,-500,168,-104,0
2285.884927034378,9844,5912,10900,-239,-129,142,9628,-9220,8836,-253,179,-188,-14340,3896,4040,-994,109,-169,-14832,-3780,5084,-473,157,-50,0
2285.920855998993,9980,5988,10840,-225,-144,131,9588,-9232,9056,16,197,-183,-14564,3636,3860,-993,111,-139,-14808,-3808,4984,-490,155,-61,0
2285.9562060832977,9920,5864,10732,-231,-103,151,9568,-9080,8836,2,133,-194,-14536,4048,4168,-981,111,-135,-14712,-3776,5096,-468,157,-66,0
2285.9924309253693,9884,5992,10864,-248,-106,129,9572,-9208,9184,-9,176,-206,-14552,3912,4112,-1019,88,-114,-14800,-3872,4980,-472,134,-105,0
2286.0282320976257,10032,5900,10880,-212,-59,123,9604,-9064,8944,-20,163,-165,-14532,3984,4000,-1011,86,-98,-14656,-3788,4968,-499,112,-83,0
2286.063230037689,9940,5840,10964,-285,-119,155,9644,-9204,8876,-251,143,-197,-14468,3892,4024,-1012,136,-97,-14776,-3892,4876,-474,195,-112,0
2286.0982649326324,9928,5948,10640,-179,-83,117,9624,-9192,8860,-18,135,-201,-14696,3912,4088,-984,106,-100,-14832,-3784,4936,-474,133,-85,0
2286.134196996689,9744,5924,10864,-231,-96,118,9724,-9260,9208,-18,158,-202,-14644,3956,3928,-977,108,-128,-14812,-3648,5012,-474,160,-109,0
2286.170320034027,9804,5656,10972,-218,-113,142,9684,-9292,8808,4,145,-183,-14560,3944,3880,-1280,94,-54,-14880,-3752,4984,-495,125,-118,0
2286.2054829597473,9968,5976,10968,-199,-63,135,9692,-9188,8948,19,142,-131,-14548,3644,3852,-1015,74,-82,-15008,-3840,5096,-504,85,-140,0
2286.241364002228,9864,5860,10944,-254,-27,129,9580,-9452,9112,-11,176,-167,-14512,4020,4072,-983,69,-44,-14736,-3788,5024,-492,97,-108,0
2286.2791869640346,9880,5804,10828,-240,-101,138,9624,-9096,8868,-14,172,-181,-14600,3884,3992,-993,76,-99,-14672,-3848,5084,-490,143,-105,0
2286.312926054001,9864,5928,10688,-210,-150,135,9576,-9356,8732,-13,157,-217,-14532,3940,3832,-991,144,-130,-14760,-3804,4960,-452,202,-111,0
2286.3467020988464,9968,6128,10808,-217,-198,156,9672,-9168,8828,-255,112,-249,-14492,3916,4000,-1011,157,-163,-14776,-3700,5000,-476,189,-96,0
2286.3799340724945,10160,5896,10732,-110,-157,123,9588,-9156,8948,-51,61,-223,-14632,4012,3872,-995,157,-124,-14844,-3852,5112,-468,201,-100,0
2286.413419008255,10112,5972,10876,-111,-130,123,9716,-9228,8764,-48,131,-177,-14588,3852,3852,-990,120,-108,-14836,-4028,5012,-477,151,-96,0
2286.4471349716187,9744,5920,10856,-150,-72,82,9640,-9164,8968,-30,147,-181,-14628,3868,3820,-1007,102,-42,-14800,-3600,4892,-475,152,-113,0
2286.480679988861,10068,5912,10844,-116,-76,93,9636,-9196,8724,-50,106,-167,-14536,3812,3928,-1017,107,-75,-14708,-3840,4908,-501,159,-130,0
2286.5138800144196,9908,5976,10664,-87,-48,111,9552,-9192,8804,-72,93,-207,-14600,3948,3864,-1005,119,-108,-14820,-3656,5020,-477,151,-148,0
2286.5474159717564,10080,6072,10764,-93,-89,78,9628,-9184,8872,-72,100,-201,-14636,3940,3960,-967,90,-86,-15100,-4036,4980,-468,170,-158,0
2286.5809841156006,10236,5948,10684,-62,-53,85,9568,-9168,8868,-74,126,-186,-14520,3924,3920,-1011,102,-47,-14764,-3776,5136,-493,145,-134,0
2286.6144499778748,10016,5788,10728,-81,-95,110,9600,-9412,9196,-45,113,-177,-14548,3972,4116,-986,105,-52,-14796,-3780,5012,-470,129,-136,0
2286.6475009918213,10204,5856,10868,-103,-82,110,9484,-9388,8752,-78,96,-180,-14532,3880,3932,-999,135,-85,-14812,-3716,4996,-516,147,-130,0
2286.6808419227605,9948,5872,10792,-104,-67,118,9608,-9264,8936,-38,122,-182,-14552,3944,4044,-1009,126,-71,-14756,-3808,4972,-490,169,-103,0
2286.7143230438232,9888,5988,10924,-81,-104,109,9564,-9140,8952,-43,82,-198,-14440,3964,3836,-1003,104,-58,-15096,-3816,4996,-483,151,-139,0
2286.7480289936066,10012,5920,10656,-111,-81,96,9620,-9184,8828,-71,116,-212,-14808,3884,4000,-1012,96,-60,-14668,-3772,4956,-485,101,-141,0
2286.781553030014,10136,6092,10796,-117,-33,109,9640,-9084,8784,-44,96,-157,-14808,3916,3936,-1009,57,-87,-14740,-3748,4956,-504,132,-147,0
2286.8151569366455,9928,5924,10788,-168,-82,80,9620,-9304,8704,-9,122,-196,-14796,3920,3876,-989,72,-62,-14880,-3772,5044,-487,137,-148,0
2286.8488471508026,10044,6024,10756,-73,-36,63,9720,-9084,9036,-80,140,-148,-14592,3904,3888,-995,63,237,-14852,-3828,5000,-458,102,-152,0
2286.881989002228,10076,5904,10896,-163,-37,64,9668,-9184,8936,-72,135,-155,-14400,3988,3900,-979,61,-21,-14660,-3736,4976,-485,122,-150,0
2286.9154851436615,10080,5888,10540,-129,-56,91,9628,-9312,8792,-34,92,-167,-14632,3976,3864,-1021,83,-11,-14784,-4028,5040,-506,102,-139,0
2286.9492530822754,9872,5928,10784,-61,6,100,9692,-9188,8932,-36,78,-141,-14524,3980,4328,-1014,72,-22,-14784,-3628,5064,-528,55,-165,0
2286.9826350212097,9808,5940,10904,-74,42,105,9688,-9204,8900,-49,79,-137,-14552,3840,4000,-1016,107,-30,-14740,-3620,4916,-510,75,-149,0
2287.0162301063538,9932,6084,10776,-134,-12,100,9552,-9184,8916,-59,77,-137,-14540,3992,4304,-976,89,-45,-14744,-3780,5020,-497,123,-107,0
2287.049992084503,10144,6072,10748,-120,-40,87,9668,-9152,8908,-29,107,-157,-14584,3912,3952,-1012,68,-20,-14716,-3844,4944,-497,148,-101,0
2287.0833599567413,10208,5896,10928,-131,-112,119,9624,-9464,8820,-44,95,-212,-14500,3968,4112,-1011,121,-46,-14716,-3808,5016,-506,186,-122,0
2287.1169810295105,9760,5976,10880,-96,-98,124,9652,-9156,8804,-73,106,-199,-14728,3936,4160,-1280,127,-121,-14796,-3784,5016,-488,155,-110,0
2287.150244951248,9856,5980,10900,-122,-108,129,9604,-9304,8956,-16,91,-179,-14508,4004,3912,-1001,76,-93,-14768,-3808,4904,-491,164,-132,0
2287.1836609840393,10052,6008,10964,-131,-94,90,9652,-9184,8916,-23,108,-183,-14624,3976,4000,-996,125,-72,-14768,-3800,5184,-494,162,-101,0
2287.217437982559,9728,6024,10772,-138,-90,109,9624,-9256,8824,-16,127,-169,-14476,4004,4068,-993,92,-28,-14664,-3988,4948,-496,147,-142,0
2287.2511229515076,9824,6008,10872,-155,-101,126,9684,-8964,9020,-45,107,-165,-14508,3976,4048,-982,111,-36,-14784,-4088,5128,-484,156,-125,0
2287.2843010425568,9872,6000,10816,-148,-76,129,9668,-9472,8860,-60,106,-182,-14808,3988,4028,-982,108,-95,-14732,-3876,5112,-494,151,-130,0
2287.3212139606476,10068,5988,10888,-143,-116,109,9628,-9184,8812,-56,113,-172,-14536,3900,3908,-984,57,-47,-14772,-3884,4864,-489,136,-138,0
2287.357248067856,10236,5972,10696,-164,-80,99,9664,-9308,8744,-35,119,-178,-14464,4004,3972,-1001,97,-63,-14632,-3828,5056,-489,133,-135,0
2287.3923740386963,9964,5980,10732,-133,-59,109,9556,-9240,9004,-50,102,-186,-14508,3916,3848,-998,122,-96,-14708,-3792,5008,-505,119,-121,0
2287.428046941757,10004,6040,10616,-143,-78,131,9696,-9236,8796,-50,120,-175,-14532,4004,4068,-996,66,-61,-14812,-3852,4992,-484,148,-126,0
2287.4633080959325,9876,6056,10804,-151,-71,104,9668,-9024,8864,-20,111,-192,-14552,3840,3932,-1027,105,-82,-14776,-3876,5144,-506,149,-123,0
2287.4987671375275,9840,6032,10508,-137,-74,104,9672,-8984,8948,-27,112,-179,-14492,3956,4148,-1005,96,-56,-14636,-3804,5152,-494,141,-116,0
2287.5342099666595,9888,6060,10556,-161,-70,113,9636,-9180,8860,-59,134,-187,-14540,3928,3984,-986,104,-109,-14708,-3816,5016,-480,151,-87,0
2287.5703139305115,9908,6032,10744,-167,-46,92,9704,-9192,8804,-68,172,-169,-14540,3940,4092,-979,99,-43,-14908,-3860,5036,-469,106,-86,0
2287.6054561138153,10228,5968,10724,-149,-5,107,9720,-9020,8920,-53,176,-133,-14576,3984,3916,-993,95,-64,-14692,-3752,5368,-500,95,-128,0
2287.6418850421906,9840,5860,10748,-232,-58,97,9576,-9236,8808,31,161,-180,-14512,4024,4304,-779,88,-153,-14748,-3848,4988,-517,174,-68,0
2287.6782491207123,9820,6136,10840,-166,-39,106,9636,-9176,8900,-33,167,-164,-14608,4004,4120,-1019,82,-101,-14812,-3884,4876,-468,130,-61,0
2287.7130410671234,10016,6064,10612,-234,-31,114,9612,-9204,8828,-58,212,-170,-14836,3856,3844,-976,100,-124,-14752,-3780,5020,-463,154,-84,0
2287.7482781410217,9792,5984,10852,-230,-71,95,9668,-9312,8880,-21,192,-157,-14544,4036,3592,-991,65,-91,-14680,-3892,5012,-475,147,-96,0
2287.7844700813293,9948,5952,10700,-193,-18,99,9508,-9148,8772,252,197,-141,-14540,3860,3984,-1009,60,-45,-14736,-3780,5056,-463,109,-87,0
2287.820640087128,10044,5968,11000,-245,-254,123,9580,-9280,8856,-24,195,-169,-14360,3872,4216,-968,65,-118,-14756,-3820,5036,-463,126,-98,0
2287.8570461273193,9972,5972,10728,-263,-45,96,9672,-9280,8720,-37,191,-194,-14396,3888,3940,-997,95,-175,-14752,-3728,4976,-452,163,-88,0
2287.8923771381374,9948,5964,10592,-281,-101,118,9564,-9236,8944,-256,199,-197,-14500,3904,3720,-1005,114,-142,-14760,-3788,5076,-458,183,-71,0
2287.9283349514008,9904,5956,10720,-253,-97,102,9584,-9260,8864,-2,179,-229,-14568,3992,3856,-997,137,-166,-14704,-3736,4980,-467,193,-61,0
2287.964499950409,9964,6092,10824,-237,-84,132,9920,-9436,8864,-16,159,-210,-14560,3976,3904,-980,143,-128,-14772,-3608,4880,-454,165,-59,0
2287.9980981349945,10008,5940,10812,-254,-128,149,9684,-9060,9008,5,161,-221,-14832,4080,4208,-979,90,-114,-14828,-3816,4948,-459,135,-56,0
2288.0316751003265,9924,5988,10824,-245,-79,127,9624,-9244,8860,4,208,-198,-14532,3860,4024,-968,96,-108,-14816,-3740,5044,-477,144,-76,0
2288.065314054489,9924,5976,10900,-220,-81,147,9624,-9208,9000,-14,191,-193,-14604,3932,3948,-976,142,-140,-14800,-3796,5004,-469,170,-72,0
2288.09890294075,9976,5912,10868,-1,-103,150,9572,-9220,9056,-16,149,-204,-14572,3884,4120,-995,161,-161,-14820,-3852,5032,-454,174,-63,0
2288.132183074951,9884,5900,10804,-268,-100,152,9500,-9124,9028,-37,112,-201,-14552,4092,3964,-968,120,-100,-14768,-3784,5028,-452,216,-85,0
2288.1655740737915,9920,5900,10764,-275,-128,149,9540,-9188,8848,-13,156,-244,-14520,3944,3888,-989,124,-127,-14884,-3632,5056,-475,174,-97,0
2288.1990880966187,9956,5904,10752,-221,-97,143,9588,-9296,8948,-4,170,-194,-14596,4056,3864,-996,145,-111,-14800,-3776,4992,-466,155,-71,0
2288.2327179908752,10096,5900,10916,-233,-106,144,9648,-9304,9124,251,101,-161,-14592,3912,4064,-991,153,-108,-15056,-3712,5232,-477,149,-76,0
2288.266193151474,9932,6024,10992,-214,-99,166,9632,-9196,8892,6,118,-166,-14604,3812,4092,-981,135,-117,-14728,-3644,5232,-463,116,-98,0
2288.2999720573425,10044,5940,10608,-225,-94,148,9564,-9336,9120,-10,142,-181,-14580,3868,4004,-976,125,-100,-14604,-3760,4916,-452,166,-60,0
2288.3334460258484,9904,5652,10972,-250,-124,165,9592,-9288,8924,-3,148,-200,-14604,3920,4016,-1007,135,-126,-14624,-3772,5120,-456,136,-91,0
2288.3670361042023,9856,5968,10960,-245,-101,174,9616,-9120,9016,-20,111,-204,-14564,3884,3940,-956,105,-137,-14964,-3808,5020,-475,119,-103,0
2288.400372982025,9964,5856,10824,-209,-86,132,9592,-9268,8888,-255,152,-164,-14636,4024,3916,-1023,115,-91,-14792,-3704,4940,-500,142,-96,0
2288.433874130249,9844,5680,10920,-266,-107,148,9660,-9228,8912,37,153,-192,-14372,3956,3944,-1001,110,-95,-14784,-3780,5104,-486,176,-92,0
2288.4674711227417,10012,5956,10796,-122,-109,110,9648,-9100,8928,-8,143,-216,-14536,3848,3980,-968,118,-86,-14792,-3804,4996,-476,129,-99,0
2288.506989002228,9924,5932,10736,-185,-116,104,9648,-9224,8924,-42,121,-213,-14492,3980,3924,-968,121,-104,-14776,-3712,5068,-465,207,-135,0
2288.5406770706177,10068,5872,10604,-139,-150,132,9636,-9252,8896,-32,77,-200,-14808,3856,3984,-1031,122,-54,-14760,-3708,5052,-467,163,-148,0
2288.574044942856,9976,5928,10904,-93,-42,105,9592,-9144,8772,-53,117,-143,-14636,3792,3984,-1279,51,-57,-14820,-3828,5036,-482,87,-166,0
2288.6075661182404,9924,5868,10872,-88,3,86,9580,-9180,8960,-71,146,-143,-14596,3960,3908,-1008,89,-59,-15048,-3672,4892,-456,104,-151,0
2288.6409740448,9980,5908,10756,-150,-23,98,9580,-9204,8964,-58,143,-187,-14580,3940,3924,-1017,87,-44,-14712,-3812,5028,-464,138,-130,0
2288.6743819713593,9952,5972,10788,-117,-68,126,9552,-9148,8896,-50,101,-146,-14500,3892,3844,-1029,94,-67,-14680,-3744,5016,-459,149,-131,0
2288.707545042038,9964,5940,10916,-131,-104,130,9532,-9156,8936,-36,119,-213,-14824,3904,4048,-988,117,-120,-14732,-3836,4972,-472,166,-91,0
2288.74120092392,9844,5908,10804,-99,-94,109,9564,-9228,8752,-37,81,-212,-14480,3940,3980,-1006,146,-121,-14688,-3740,5076,-469,134,-106,0
2288.7749190330505,9904,5916,10788,-104,-97,129,9580,-9236,9188,-63,98,-171,-14352,3884,4016,-976,124,-88,-14756,-3624,4928,-480,113,-115,0
2288.8085470199585,10096,5940,10816,-123,-37,127,9608,-9280,8948,-37,130,-171,-14352,3944,3872,-1004,100,-43,-14792,-3776,5048,-491,143,-136,0
2288.842143058777,9980,5940,10752,-95,-47,110,9608,-9428,8728,-17,96,-178,-14540,3908,4296,-1010,129,-68,-14780,-3788,4964,-483,138,-116,0
2288.8756690025334,9932,5964,10928,-113,-70,106,9648,-9100,8960,-26,104,-184,-14556,3884,3892,-1017,122,-95,-14816,-3804,5044,-470,156,-118,0
2288.9092829227448,9736,5912,10796,-111,-81,108,9724,-9228,8900,-51,101,-215,-14600,4084,4020,-996,124,-118,-14600,-3804,5072,-496,171,-140,0
2288.942820072174,9908,5908,10748,-130,-94,106,9572,-8996,8940,-47,126,-205,-14680,3816,3960,-1002,89,-68,-14788,-3744,4892,-494,161,-108,0
2288.9764609336853,10004,5880,10832,-101,-76,97,9700,-9180,8896,-42,98,-187,-14732,3884,3928,-1007,116,-46,-14996,-3792,5100,-504,128,-149,0
2289.0128741264343,9948,5996,10816,-136,-33,113,9620,-9132,8880,-28,82,-161,-14600,3960,3904,-1019,88,-59,-14800,-3592,4992,-472,108,-158,0
2289.0476191043854,9960,5948,10820,-122,-45,92,9596,-9188,9104,-55,85,-180,-14652,3596,3924,-1050,118,-22,-14812,-3744,5092,-501,129,-136,0
2289.0838310718536,9932,5868,10972,-122,-65,103,9608,-9168,8728,-40,94,-187,-14500,3828,4284,-1011,87,-100,-14724,-3784,4900,-466,118,-144,0
2289.119614124298,9980,5972,10920,-91,-70,137,9616,-9024,8732,-43,113,-154,-14840,3916,3956,-1018,98,-6,-14724,-3680,5064,-485,70,-156,0
2289.154998064041,10016,5648,10988,-140,-30,96,9572,-9316,8888,-6,106,-149,-14600,3920,4028,-1036,102,-40,-14872,-3732,5036,-764,113,-156,0
2289.190365076065,9892,5716,10680,-151,-76,123,9576,-9196,8948,-256,122,-164,-14544,3868,3996,-1051,82,-41,-15056,-3824,5088,-488,115,-138,0
2289.2256491184235,9900,6008,10600,-74,-40,89,9680,-9188,8836,-60,118,-159,-14680,3856,4028,-1021,92,-27,-14596,-4020,5012,-506,106,-161,0
2289.2617349624634,9908,6056,10660,-175,-76,92,9472,-9228,8828,-23,116,-151,-14640,4060,4004,-1015,80,-54,-14652,-3784,5044,-475,135,-123,0
2289.2974050045013,10052,5988,10796,-98,-56,93,9660,-9240,8844,-31,80,-148,-14572,3928,3876,-1061,70,-48,-14784,-3816,5032,-508,105,-149,0
2289.3336369991302,9992,5964,10652,-70,-5,115,9612,-9200,8828,-19,101,-130,-14604,3892,4096,-1048,73,-6,-14684,-3876,5308,-472,66,-148,0
2289.3692750930786,9820,5912,10944,-125,-19,106,9560,-9140,8920,-44,115,-140,-14548,3904,3968,-1004,95,-71,-14792,-3608,5016,-466,107,-147,0
2289.4045760631566,9980,5976,10916,-158,-55,97,9568,-9436,8908,-31,119,-176,-14408,3972,3904,-1033,129,-56,-14736,-3772,5208,-479,136,-149,0
2289.4407601356506,9916,5936,10712,-107,-93,111,9628,-9068,9028,-32,86,-192,-14452,3944,3848,-1045,127,-84,-14800,-4056,5156,-508,140,-151,0
2289.477128028869,9840,5988,10736,-174,-123,112,9540,-9164,8784,-32,78,-184,-14572,3928,4088,-1020,118,-132,-14792,-4056,4904,-478,118,-113,0
2289.512377023697,9736,5992,10996,-130,-85,135,9596,-9460,8888,-35,120,-194,-14388,3936,3656,-1012,92,-77,-14816,-3916,4900,-489,143,-141,0
2289.5480260849,9840,6012,10732,-129,-67,111,9576,-9180,8872,-17,153,-213,-14544,3856,3868,-999,90,-76,-14720,-3788,5112,-471,129,-140,0
2289.583789110184,9864,5940,10756,-148,-109,108,9724,-9280,8920,-27,164,-214,-14504,3924,4036,-1011,92,-68,-14756,-3904,5140,-508,127,-121,0
2289.619254112244,10004,6100,10812,-158,-90,120,9716,-9148,8816,-23,100,-177,-14456,3948,3952,-995,105,-77,-14768,-3816,5220,-482,143,-156,0
2289.655648946762,9988,6036,10828,-177,-87,84,9628,-9420,8776,-40,144,-180,-14444,3916,3904,-983,79,-82,-14696,-3816,5140,-485,132,-146,0
2289.6893250942226,9860,6056,10756,-157,-77,99,9628,-9216,8860,-53,141,-187,-14560,3944,3920,-994,90,-44,-14776,-3696,5092,-519,127,-121,0
2289.7227561473846,9964,6080,10828,-156,-56,95,9596,-9124,8852,-16,138,-179,-14528,3908,3912,-1016,91,-57,-14692,-3796,5104,-511,120,-127,0
2289.7565290927887,10064,5972,10932,-165,-6,105,9584,-9116,8836,-24,135,-175,-14384,3904,3996,-1008,87,-57,-14760,-4064,4932,-491,135,-118,0
2289.790055990219,9988,5964,10896,-182,-33,104,9644,-9224,8788,-15,168,-151,-14588,3992,3960,-1000,105,-93,-14656,-3808,5012,-489,154,-86,0
2289.8236341476445,10040,5992,10836,-192,-40,130,9608,-9180,8836,-33,166,-161,-14480,3924,3876,-997,123,-129,-14676,-3788,4984,-491,163,-74,0
2289.8573989868164,9920,5916,10944,-196,-62,139,9624,-9160,8916,-30,182,-168,-14388,3900,3804,-988,152,-134,-14752,-3836,5116,-482,145,-96,0
2289.8908309936523,9864,6040,10996,-233,-88,123,9760,-9436,8832,-36,141,-196,-14472,4020,4056,-1008,135,-96,-14784,-3932,5084,-482,147,-75,0
2289.924353122711,9860,5976,10772,-214,-40,142,9572,-9144,8812,-24,176,-174,-14820,4076,4092,-999,131,-118,-14724,-3840,4876,-484,127,-84,0
2289.9579739570618,9908,5956,10876,-261,-56,138,9648,-9144,8776,-9,190,-211,-14544,4044,3780,-974,117,-151,-14768,-4040,5048,-468,171,-89,0
2289.991383075714,10140,6104,10768,-268,-83,112,9676,-9192,8932,249,221,-212,-14576,3980,3964,-988,117,-175,-14764,-3704,4864,-480,139,-56,0
2290.0249779224396,10040,5952,10948,-283,-58,122,9616,-9280,8872,5,189,-167,-14604,3944,3988,-1011,74,-97,-14776,-3764,5120,-483,103,-74,0
2290.058650970459,9760,5960,10940,-296,-63,108,9664,-9240,8944,37,214,-181,-14612,3880,4012,-999,125,-61,-14832,-4064,5016,-456,162,-100,0
2290.0919120311737,10092,5996,10768,-294,-119,129,9612,-9148,8916,35,187,-174,-14624,3928,3892,-780,108,-117,-14688,-3920,5000,-447,147,-106,0
2290.1254720687866,9764,5912,10848,-244,-77,101,9684,-9100,8920,-7,199,-207,-14544,3928,3868,-991,131,-128,-14640,-3772,4976,-448,188,-91,0
2290.158944129944,9756,5984,10852,-286,-121,142,9684,-9192,8796,29,168,-187,-14568,3944,4092,-1032,113,-63,-14760,-3732,5060,-462,179,-59,0
2290.1922159194946,9928,6128,10760,-223,-95,160,9660,-9088,9008,11,159,-145,-14620,3896,3952,-1028,122,-68,-14612,-3932,5316,-461,111,-84,0
2290.2253501415253,9972,6012,10800,-216,-69,153,9628,-9160,8884,-3,172,-140,-14376,3920,4072,-1000,67,-93,-14744,-3612,5132,-470,59,-69,0
2290.259021997452,10000,6128,10848,-267,-54,140,9672,-9200,8992,-256,172,-123,-14600,4060,3984,-981,106,-84,-14732,-3764,5108,-458,75,-82,0
2290.2924270629883,9988,5944,10920,-273,-65,161,9568,-9188,8912,26,200,-166,-14588,3932,3836,-986,150,-96,-14692,-3700,5132,-473,144,-93,0
2290.3259761333466,10152,5720,10576,-233,-106,147,9552,-9272,8972,19,156,-217,-14564,3912,3804,-1005,161,-78,-14696,-3724,5072,-479,156,-45,0
2290.359724998474,10156,5912,10996,-293,-163,159,9600,-9192,8848,-253,134,-211,-14544,3900,3980,-1008,161,-121,-14800,-3764,5060,-472,164,-50,0
2290.39323592186,9760,6072,10516,-227,-141,132,9644,-9296,8956,14,80,-229,-14552,3976,3716,-1269,133,-117,-14744,-3700,5168,-491,159,-51,0
2290.4269649982452,10028,5900,10804,-243,-134,145,9608,-9176,8748,253,149,-182,-14488,4048,4108,-983,118,-116,-14752,-3820,4872,-462,174,-45,0
2290.4602220058446,9928,5856,10872,-249,-124,140,9616,-9464,9104,25,183,-216,-14820,3968,4032,-1007,125,-103,-14828,-3736,5156,-501,168,-98,0
2290.4936220645905,10216,5968,11020,-252,-137,147,9540,-9052,8932,50,167,-232,-14620,3924,4024,-998,159,-109,-14828,-3796,4864,-477,184,-67,0
2290.527246952057,10000,5908,10888,-295,-170,168,9604,-8996,8908,-11,136,-196,-14476,3824,3920,-1003,127,-132,-15036,-3776,5136,-467,143,-71,0
2290.560805082321,9996,5924,10688,-231,-87,116,9688,-9036,8840,14,184,-198,-14552,3944,3952,-993,106,-116,-14844,-3664,5088,-485,81,-120,0
2290.5942919254303,10020,5812,11016,-265,-93,106,9660,-9148,8772,44,175,-153,-14356,3900,4052,-1004,64,-130,-14796,-3792,5044,-482,143,-120,0
2290.627936124801,9936,5940,10832,-507,-131,132,9616,-9196,8948,35,157,-152,-14560,4000,3928,-1006,88,-81,-14748,-4096,5048,-446,113,-74,0
2290.661008119583,9976,6100,10628,-138,-89,130,9712,-9164,8820,-8,125,-202,-14604,3824,3984,-973,125,-106,-14780,-3712,5352,-475,146,-105,0
2290.698652982712,9956,5904,10848,-200,-137,160,9720,-9108,8920,10,60,-184,-14600,3812,3780,-1008,163,-121,-14824,-3820,4876,-479,144,-72,0
2290.7335591316223,10132,6124,10904,-125,-141,170,9620,-9184,8860,-24,58,-187,-14348,3852,4096,-1050,145,-50,-14800,-3668,5224,-497,126,-102,0
2290.7692201137543,10004,5908,10780,-103,-69,121,9696,-9080,9028,-36,76,-173,-14572,3888,3844,-1032,128,-84,-14744,-3776,4864,-494,89,-136,0
2290.804296016693,9960,5876,10856,-102,-35,69,9624,-9372,9196,-41,150,-166,-14572,3808,3920,-994,88,-50,-14716,-3800,4900,-473,160,-154,0
2290.8403141498566,10064,5828,10708,-124,-76,100,9584,-9156,8956,-59,146,-175,-14484,3828,3680,-1038,114,-72,-14856,-3700,5016,-474,150,-122,0
2290.875375032425,9940,5888,10916,-107,-100,90,9620,-9156,8840,-72,121,-197,-14716,3968,3944,-1015,112,-81,-14716,-3732,5104,-485,154,-114,0
2290.911219120025,10008,5768,10760,-85,-79,97,9664,-9164,8920,-70,65,-203,-14848,3952,3808,-986,152,-81,-14792,-3768,5244,-500,162,-125,0
2290.947688102722,10028,5808,10888,-68,-118,124,9636,-9184,8772,-62,91,-179,-14796,3920,3960,-1045,140,-68,-14812,-3700,5052,-506,133,-112,0
2290.9827439785004,9816,5836,10772,-93,-88,139,9664,-9228,8732,-58,103,-172,-14380,4092,3996,-1016,141,-68,-14752,-3752,5116,-474,116,-132,0
2291.0182311534886,9928,5800,10728,-120,-88,130,9520,-9216,8840,-70,129,-207,-14344,3812,4128,-998,101,-74,-14684,-3720,5096,-483,141,-138,0
2291.05388712883,9984,5784,10820,-120,-76,85,9624,-9128,8984,-54,113,-206,-14584,3856,3940,-1014,94,-106,-14816,-3740,5044,-488,145,-148,0
2291.0897250175476,10068,5636,10748,-109,-73,82,9700,-9088,8868,-34,130,-178,-14664,3904,3916,-1011,104,-53,-14748,-3776,5164,-491,119,-136,0
2291.1250269412994,10168,5672,10712,-107,-75,93,9580,-9192,8960,-50,105,-200,-14688,3848,3896,-997,119,-62,-14792,-3808,5016,-478,121,-128,0
2291.1612050533295,10016,5880,10728,-108,-91,120,9712,-9052,8928,-48,47,-189,-14640,3836,3796,-1022,128,-36,-14708,-3844,5108,-497,129,-123,0
2291.197093963623,9740,5892,10812,-108,-61,115,9688,-9192,9176,-56,78,-209,-14592,4008,3844,-1005,105,-68,-14840,-3724,5212,-502,134,-102,0
2291.2323009967804,9992,5952,10724,-87,-55,143,9692,-8984,9132,-38,123,-172,-14552,3964,3896,-1004,100,-45,-14768,-3708,4868,-483,110,-154,0
2291.2680521011353,10192,5928,10796,-76,-76,90,9580,-8984,8860,-50,97,-163,-14656,3968,4032,-1032,119,-64,-14860,-3876,4868,-480,112,-141,0
2291.30276799202,9940,5956,10732,-101,-44,101,9660,-9180,8916,-57,88,-171,-14372,4008,4024,-1037,104,-72,-14724,-3808,5064,-503,109,-155,0
2291.338576078415,9984,6120,10888,-110,-59,104,9704,-9148,8832,-44,116,-157,-14564,3932,3852,-771,103,-64,-14648,-3684,5076,-479,114,-159,0
2291.3721139431004,10228,5940,10896,-97,-45,112,9564,-9148,8744,-52,86,-179,-14420,3984,3972,-774,108,-28,-14760,-3748,5144,-490,112,-140,0
2291.4053840637207,10032,5924,10844,-94,-98,135,9624,-9160,8948,-54,81,-183,-14584,3908,4140,-1001,110,-67,-14768,-3732,5180,-484,118,-141,0
2291.4389181137085,9732,5900,10656,-116,-69,148,9636,-9184,8888,-61,91,-167,-14680,3976,3656,-1270,131,-75,-14832,-3592,4936,-497,124,-133,0
2291.4727239608765,10236,5888,10580,-120,-69,116,9712,-9160,8884,-64,65,-171,-14524,3876,3768,-986,129,-68,-14836,-3788,5176,-483,129,-117,0
2291.5060310363774,10016,6116,10496,-78,-96,112,9740,-9196,8912,-62,60,-160,-14612,3916,4056,-1023,98,-68,-15016,-3848,5104,-492,133,-168,0
2291.539752960205,9736,5660,10696,-112,-67,125,9604,-9200,8912,-43,88,-183,-14568,3976,3960,-1042,105,-63,-14748,-3768,5132,-488,158,-109,0
2291.5731489658356,10192,5940,10788,-134,-72,86,9504,-9184,8728,-46,124,-191,-14612,3924,3928,-991,111,-56,-14800,-3760,4996,-487,115,-134,0
2291.6067810058594,10032,5936,10844,-90,11,95,9528,-9244,8896,-81,128,-127,-14400,3952,3904,-998,82,-65,-14688,-3712,5276,-502,57,-165,0
2291.6401879787445,9876,5836,10808,-180,-11,84,9684,-9236,8896,-252,123,-142,-14836,3932,4004,-1017,93,-58,-14764,-3744,5144,-526,110,-187,0
2291.673716068268,9864,6000,10676,-104,-49,113,9636,-9076,8724,-37,99,-164,-14556,3908,4044,-977,101,-42,-14760,-3772,5000,-468,123,-124,0
2291.707337141037,10072,5908,10888,-141,-24,66,9760,-9120,8756,-44,125,-184,-14620,3904,4036,-996,84,-28,-14724,-3740,5124,-468,169,-144,0
2291.7410690784454,10048,6140,10772,-148,-70,76,9668,-9468,8708,-34,130,-182,-14568,4056,3792,-1034,84,-90,-14716,-3764,5004,-447,148,-137,0
2291.7744529247284,10056,6040,10784,-126,-46,102,9704,-9252,8872,-19,125,-142,-14612,3920,3924,-1062,59,-62,-14600,-3824,5276,-513,94,-182,0
2291.808224916458,9896,6104,10660,-134,0,104,9616,-9128,8804,-45,128,-150,-14492,4028,3968,-977,63,-68,-14716,-3900,5080,-459,84,-124,0
2291.8418130874634,9928,5940,10800,-177,-16,86,9664,-9232,8844,-57,137,-166,-14472,3908,3904,-988,93,-47,-14732,-3864,5156,-455,134,-116,0
2291.875358104706,9896,6020,10812,-165,-29,108,9656,-9128,8836,-34,152,-178,-14548,3988,3948,-1014,115,-57,-14820,-3868,5140,-487,151,-116,0
2291.908347129822,9976,6020,10680,-156,-44,91,9704,-9132,8928,-19,154,-176,-14588,4000,3912,-1014,100,-135,-14696,-3820,5176,-471,158,-90,0
2291.941833972931,9888,5944,10844,-187,-56,118,9576,-9124,8864,16,156,-193,-14496,3976,3692,-1004,109,-127,-14896,-3884,5168,-470,147,-92,0
2291.9754190444946,9932,5936,10876,-155,-54,118,9692,-9224,8860,-23,172,-185,-14516,3956,3808,-1001,127,-135,-14680,-3804,5196,-471,135,-104,0
2292.009305000305,9944,5976,10860,-202,-45,106,9644,-9152,8808,-40,172,-174,-14840,3948,3964,-1005,115,-84,-14692,-4052,5352,-482,165,-111,0
2292.0426239967346,9932,5920,10752,-198,-37,115,9720,-9308,8948,-31,163,-195,-14500,3976,3940,-1019,120,-87,-14756,-3656,5248,-473,128,-81,0
2292.0761020183563,10040,6056,10764,-234,-64,130,9632,-9156,8872,-40,180,-178,-14580,3948,4000,-957,137,-109,-14816,-3736,5156,-462,102,-85,0
2292.109899044037,9908,5972,10832,-243,-78,166,9608,-9088,8908,-38,184,-175,-14512,3900,4056,-987,105,-125,-14756,-3768,5128,-463,123,-60,0
2292.143365144729,9836,5964,10764,-240,-68,118,9572,-9132,8888,2,223,-201,-14624,3928,3892,-976,123,-153,-14648,-3744,5136,-441,150,-97,0
2292.177276134491,9928,5940,10768,-252,-123,150,9664,-8980,8892,13,194,-206,-14580,3968,3860,-993,140,-169,-14840,-3796,5120,-454,162,-67,0
2292.210818052292,9920,5680,10968,-244,-104,145,9660,-9248,8880,28,166,-211,-14728,3964,3988,-1012,109,-119,-14756,-3780,5148,-468,162,-100,0
2292.244359970093,10176,5920,10736,-226,-89,101,9688,-9152,9004,6,188,-211,-14500,3948,3988,-1015,134,-126,-14708,-3776,4896,-470,147,-100,0
2292.2775759696965,10052,5892,10776,-504,-95,100,9692,-9184,8860,34,208,-206,-14600,3936,3976,-1012,110,-186,-14800,-3756,5328,-469,154,-79,0
2292.3110370635986,10000,5644,10952,-241,-126,132,9644,-9168,8852,13,114,-238,-14632,3820,3940,-995,117,-122,-15024,-3928,4936,-472,145,-67,0
2292.3442471027374,10052,5976,10692,-244,-98,138,9520,-9204,8808,-14,174,-180,-14572,3920,3896,-1005,118,-94,-14704,-3740,5120,-451,87,-62,0
2292.3817670345306,10164,5984,10636,-205,-16,130,9656,-9128,8992,18,159,-149,-14668,4000,3640,-1009,108,-101,-14752,-3728,5084,-474,107,-111,0
2292.4176931381226,9860,5940,10920,-299,-87,126,9596,-9180,9208,68,163,-178,-14528,3856,3992,-1031,110,-158,-14780,-3764,5324,-457,161,-77,0
2292.4527330398564,9952,5964,10896,-168,-50,109,9688,-9132,9020,18,158,-174,-14572,3820,4060,-991,113,-79,-14788,-3800,5112,-435,142,-78,0
2292.4889430999756,9964,6076,10856,-236,-108,101,9620,-9180,8784,33,168,-219,-14580,4000,3944,-1006,126,-146,-14756,-3608,5172,-461,198,-63,0
2292.5238680839534,9756,5776,10920,-249,-97,140,9608,-9216,8932,31,139,-191,-14364,4024,4008,-1058,133,-87,-14692,-3716,5136,-484,142,-70,0
2292.559275150299,9980,5924,10776,-215,-69,173,9476,-9176,8888,54,121,-145,-14600,3904,3900,-1027,105,-63,-14836,-3732,5180,-466,61,-130,0
2292.594412088394,9988,5912,10712,-252,-57,147,9648,-9208,8944,1,168,-162,-14768,3952,3688,-989,75,-78,-14720,-3660,5116,-455,94,-107,0
2292.6294689178467,9884,5860,10860,-246,-65,125,9580,-9140,8900,22,167,-176,-14540,3624,4020,-996,102,-112,-14720,-3660,5000,-455,131,-90,0
2292.6650800704956,9860,5804,10640,-212,-109,140,9620,-9108,9020,38,141,-206,-14580,3880,3952,-1018,124,-103,-14708,-3772,5164,-446,166,-96,0
2292.700807094574,9944,5644,10900,-261,-179,156,9620,-9116,8896,253,129,-239,-14600,3964,3944,-988,127,-151,-14768,-3708,5096,-456,195,-57,0
2292.7370579242706,9756,6100,10984,-209,-127,153,9668,-9220,8996,-7,89,-205,-14696,3968,4048,-1000,121,-117,-14744,-3776,5208,-470,154,-102,0
2292.771872997284,10016,5784,10856,-219,-181,144,9612,-9124,9068,1,108,-193,-14592,3948,3864,-1004,123,-144,-14748,-3708,5224,-457,166,-102,0
2292.8074090480804,9996,5736,10812,-171,-177,156,9708,-9108,9084,-1,77,-206,-14632,3912,3732,-1000,115,-115,-14836,-3840,4880,-481,195,-133,0
2292.843192100525,10036,5824,10884,-135,-163,146,9660,-9060,8868,-59,59,-211,-14688,3912,3992,-1014,130,-37,-14728,-3680,5052,-464,139,-129,0
2292.8792331218724,10088,5856,10652,-108,-103,104,9720,-9096,8940,-69,116,-227,-14572,3936,3920,-995,106,-94,-14840,-3680,5112,-460,156,-137,0
2292.9143691062927,10068,5876,10844,-124,-93,85,9724,-9088,8872,-56,138,-183,-14624,3868,3784,-1021,103,-41,-14848,-3708,5360,-451,158,-159,0
2292.949494123459,10056,5932,10848,-112,-72,100,9652,-9172,8992,-55,123,-182,-14624,3928,4012,-1277,124,-51,-14760,-3824,5076,-472,122,-134,0
2292.985034942627,9772,5800,10776,-88,-74,118,9676,-8996,8904,-42,91,-180,-14668,3884,3960,-1020,119,-55,-14732,-3760,5096,-492,133,-107,0
2293.0210850238805,10048,5876,10788,-78,-56,127,9696,-9216,8808,-32,89,-185,-14600,3824,3932,-1012,129,-52,-14712,-3768,5164,-461,167,-107,0
2293.054708003998,9904,5952,10644,-78,-66,129,9612,-9080,8860,-74,68,-182,-14596,3944,3832,-1020,147,-68,-14728,-3736,5068,-470,115,-85,0
2293.0883390903473,10004,5696,10764,-66,-48,97,9636,-9120,9012,-68,97,-173,-14660,3960,4104,-1002,121,-51,-14652,-3776,5340,-510,103,-133,0
2293.1218440532684,9836,5904,10884,-117,-50,89,9684,-9184,9020,-29,100,-152,-14340,3940,3640,-1041,97,-68,-14712,-3756,5244,-487,122,-126,0
2293.155338048935,9928,6120,10524,-102,-54,94,9488,-9060,8932,-47,118,-172,-14604,3920,4092,-1007,128,-79,-14872,-3764,4904,-462,109,-102,0
2293.188805103302,9996,5680,10896,-69,-82,82,9708,-9116,8952,-74,140,-182,-14700,3920,3764,-980,102,-56,-14632,-3712,5352,-475,132,-165,0
2293.2222900390625,9956,5872,10736,-176,-111,98,9628,-9220,8856,-78,99,-196,-14564,4016,3784,-1017,121,-81,-14828,-3608,5176,-459,141,-118,0
2293.2559330463414,10064,5900,10816,-63,-58,93,9652,-9200,8820,-24,109,-143,-14600,3988,3848,-1047,93,-19,-14732,-3684,5024,-488,117,-134,0
2293.2894580364227,10016,5896,10908,-59,-37,117,9948,-9148,8756,-41,81,-125,-14636,3884,3908,-1001,62,-41,-14828,-3728,5184,-489,66,-152,0
2293.3229479789734,9736,5936,10848,-98,-10,92,9724,-9112,8824,-48,133,-153,-14388,3880,3996,-986,61,-27,-14724,-3736,5276,-479,81,-151,0
2293.3566179275513,9960,5924,10612,-134,-61,69,9580,-9044,8756,-44,115,-140,-14600,3832,3984,-1043,82,-31,-14748,-3696,5136,-500,130,-163,0
2293.389764070511,9748,5916,10832,-108,-87,105,9904,-9112,8920,-23,115,-183,-14664,3856,3832,-1020,98,-80,-14660,-3596,4884,-465,126,-117,0
2293.423392057419,10024,5996,10796,-142,-134,130,9628,-9152,8712,-42,85,-213,-14600,3912,3916,-1018,137,-79,-14776,-3736,5136,-468,146,-139,0
2293.457165956497,9924,6004,10820,-71,-134,113,9808,-8972,8832,-46,95,-189,-14612,3944,3892,-1003,147,-94,-14748,-3824,5208,-475,126,-122,0
2293.490628004074,9952,6012,10664,-130,-121,132,9676,-9120,8884,-38,93,-195,-14608,3756,3984,-1011,111,-57,-15064,-3772,5208,-495,115,-127,0
2293.5270180702214,9952,5884,10608,-119,-118,118,9696,-9112,8916,-8,62,-149,-14364,3728,3848,-1001,117,-74,-14776,-3656,5276,-481,131,-147,0
2293.56084895134,10220,5948,10500,-122,-156,138,9704,-9064,8984,-38,69,-178,-14572,3936,3960,-1016,128,-42,-14676,-3856,5260,-494,148,-135,0
2293.5940430164337,9916,5940,10804,-134,-125,121,9580,-9184,8864,-72,70,-178,-14624,3992,4120,-993,126,-68,-14756,-3736,5116,-476,140,-147,0
2293.6275689601894,10008,6024,10728,-139,-101,109,9744,-9248,8880,-69,119,-191,-14564,3944,4044,-1007,107,-80,-14704,-3404,5080,-488,135,-144,0
2293.66073513031,10076,5896,10692,-123,-66,125,9684,-9172,8952,-44,106,-182,-14556,3896,3872,-1272,99,-72,-14736,-3716,5088,-496,130,-146,0
2293.694193124771,10008,6008,10852,-110,-94,120,9860,-9120,8804,-21,145,-113,-14592,4052,3864,-770,78,-25,-14748,-3692,5280,-510,107,-144,0
2293.7278969287872,9844,6132,10536,-149,-106,113,9492,-8972,8808,-43,88,-165,-14608,3960,3888,-1021,91,-22,-14656,-4028,5232,-503,144,-130,0
2293.7617270946503,10032,6032,10824,-138,-106,113,9656,-9204,8792,-57,115,-192,-14512,3912,4080,-1279,101,-101,-14656,-3736,5208,-465,168,-139,0
2293.794816970825,10060,6004,10724,-155,-95,99,9816,-9204,8924,-67,124,-197,-14480,3932,4056,-1007,76,-59,-14712,-3752,5356,-495,107,-125,0
2293.8284480571747,10076,5736,10908,-134,-64,122,9968,-9268,8760,-46,133,-141,-14664,4020,3976,-992,84,-27,-14716,-3828,5292,-508,98,-155,0
2293.8618469238286,9900,5964,10784,-188,-68,118,9596,-9104,8756,-21,120,-171,-14512,3964,3936,-1011,68,-74,-14584,-3756,5144,-471,127,-135,0
2293.89559006691,10184,6008,10720,-113,-28,109,9736,-9164,9100,-50,147,-176,-14600,3880,4292,-1009,119,-89,-14732,-3836,5168,-463,143,-106,0
2293.929304122925,10016,6000,10836,-188,-52,100,9732,-9208,8820,-42,171,-176,-14688,3988,3940,-988,102,-83,-14732,-3844,5152,-484,124,-130,0
2293.9628601074214,9992,5944,10824,-172,-55,78,9632,-9124,8812,-19,145,-183,-14536,4000,3976,-1039,102,-86,-14788,-3616,5216,-470,150,-136,0
2293.9964880943294,10012,5964,10896,-118,-15,70,9628,-9216,8876,8,129,-159,-14500,3952,4048,-1048,56,-47,-14780,-3816,5376,-486,113,-124,0
2294.032340049744,9996,5988,10504,-140,51,77,9676,-9184,8940,13,189,-153,-14564,3912,3968,-977,99,-92,-14648,-3796,5288,-463,91,-92,0
2294.068135023117,9992,5972,10796,-198,-52,102,9644,-9216,8940,-18,222,-164,-14592,4048,3996,-1008,90,-130,-14776,-3764,5088,-458,156,-93,0
2294.103578090668,9896,5856,10716,-229,-36,109,9896,-8980,9000,-11,168,-185,-14600,3868,3920,-774,132,-88,-14776,-3732,5232,-485,160,-91,0
2294.139701128006,10220,6036,11132,-5,-64,111,9568,-9164,8948,3,185,-192,-14800,3952,4316,-992,102,-156,-14756,-3712,5284,-468,149,-114,0
2294.175945997238,9980,5948,10956,-231,-37,121,9588,-9156,8804,-17,136,-188,-14520,3888,3880,-995,93,-144,-14768,-3792,5372,-478,133,-78,0
2294.211813926697,9944,6128,10872,-265,-69,128,9656,-9140,8720,11,219,-192,-14348,3960,3816,-996,126,-138,-14640,-4044,5300,-467,130,-62,0
2294.2480709552765,9960,5964,10856,-269,-63,117,9704,-9116,8800,31,208,-212,-14532,3968,4044,-1010,103,-133,-14792,-3752,5204,-463,173,-47,0
2294.2837240695953,10028,5888,10992,-279,-106,141,9716,-9088,8872,20,203,-205,-14588,3860,3900,-1012,126,-157,-14820,-3784,5228,-450,167,-29,0
2294.3192341327667,9972,5928,10628,-322,-155,168,9624,-9032,8864,-11,175,-213,-14644,3928,4068,-989,110,-130,-14820,-3764,4960,-443,153,-38,0
2294.354506969452,10092,5956,10792,-274,-95,139,9684,-9168,8704,-20,149,-204,-14700,3960,3860,-956,74,-149,-14808,-3676,5156,-476,113,-61,0
2294.390295982361,10048,5844,10828,-307,-83,131,9696,-9100,8836,49,194,-187,-14604,3964,3764,-1027,89,-70,-14756,-3728,5176,-479,177,-77,0
2294.42533493042,10040,5888,10940,-225,-68,154,9596,-9148,8916,37,116,-189,-14584,3884,3888,-996,130,-132,-14780,-3684,5276,-454,131,-74,0
2294.460819005966,10028,5888,10816,-237,-65,132,9676,-9248,8836,20,179,-166,-14668,3976,3784,-972,89,-99,-14708,-3736,5304,-462,135,-111,0
2294.496099948883,10024,5968,10888,-270,-114,155,9476,-9196,9004,71,162,-198,-14616,3892,3756,-987,136,-143,-14676,-3788,5260,-478,149,-71,0
2294.531839132309,9888,5944,10892,-248,-86,170,9968,-9132,8844,41,114,-138,-14364,3904,3848,-1006,114,-60,-14828,-3700,5228,-475,102,-114,0
2294.568164110184,9884,5828,10804,-2,-107,166,9540,-9156,9048,21,112,-166,-14512,3904,3976,-998,130,-92,-14664,-3716,5160,-482,104,-67,0
2294.6033329963684,10236,5904,10824,-288,-118,158,9620,-9152,8984,26,144,-182,-14584,3968,3732,-1061,137,-112,-14668,-3716,5088,-480,125,-76,0
2294.638762950897,10068,5840,10856,-248,-158,143,9700,-9080,8896,22,120,-206,-14624,3804,3800,-1013,105,-118,-14836,-3776,5268,-506,145,-73,0
2294.6743280887604,10060,5812,10660,-15,-158,150,9656,-9116,8988,24,146,-234,-14572,3932,3864,-1010,102,-149,-14696,-3736,5200,-466,204,-96,0
2294.709717988968,10032,5792,10780,-260,-181,103,9640,-9092,8948,249,162,-505,-14712,3936,3792,-1004,108,-154,-14744,-3684,5204,-450,202,-92,0
2294.743495941162,10076,5708,11004,-262,-165,129,9620,-9108,9004,27,124,-228,-14680,3916,3660,-1030,75,-138,-14748,-3732,5232,-509,157,-91,0
2294.7772970199585,9736,5788,10900,-261,-134,136,9600,-9076,8748,24,186,-194,-14540,3864,3916,-771,96,-82,-14740,-3764,4968,-456,141,-77,0
2294.8103320598602,9952,5864,10808,-245,-120,138,9572,-9052,9028,-16,149,-166,-14672,4000,3848,-1008,114,-105,-14712,-3732,5256,-467,135,-89,0
2294.843724012375,9948,5856,10936,-222,-123,150,9672,-9128,8996,-7,120,-168,-14672,3856,3876,-979,114,-118,-14752,-3808,5144,-465,101,-136,0
2294.8773441314697,10092,5796,10804,-197,-121,151,9656,-9084,8704,-43,108,-187,-14600,4024,3836,-981,155,-110,-14760,-3768,5096,-495,142,-153,0
2294.9106099605565,9964,5852,10892,-156,-160,153,9752,-9148,8960,-46,97,-206,-14652,3864,3904,-769,134,-118,-14700,-3780,5088,-455,182,-129,0
2294.944242954254,10012,5836,10696,-121,-145,123,9768,-9040,8856,-48,110,-237,-14428,3792,3840,-775,154,-74,-14752,-3656,5200,-466,171,-118,0
2294.9779131412506,10072,5848,10804,-113,-110,137,9488,-9104,8892,-49,116,-206,-14792,3892,3996,-992,148,-83,-14652,-3656,5132,-470,184,-145,0
2295.0111780166626,10060,5836,10700,-107,-99,93,9720,-9128,9116,-60,110,-189,-14664,3768,3820,-1040,106,-82,-14916,-3720,5296,-470,150,-109,0
2295.0447249412537,10028,5808,10948,-105,-95,91,9704,-9216,9004,-61,105,-153,-14552,3900,3912,-1010,94,-16,-14628,-3696,5252,-470,116,-111,0
2295.078109025955,10104,5800,10652,-80,-65,115,9964,-9144,8904,-66,143,-169,-14664,3628,3872,-1014,128,-61,-14692,-3728,5340,-476,123,-156,0
2295.1115930080414,9940,5736,10868,-79,-54,113,9616,-9060,8884,-68,106,-173,-14580,3896,3928,-1006,93,-85,-14756,-3708,5364,-506,106,-137,0
2295.1449060440063,10020,5900,10752,-82,-45,99,9656,-9056,8960,-58,121,-153,-14596,3924,3736,-1059,106,-86,-14828,-3752,5324,-455,144,-133,0
2295.1784570217133,10048,5908,10836,-99,-76,112,9704,-9120,8788,-59,132,-201,-14672,3868,3944,-1010,100,-83,-14812,-3776,5264,-475,157,-116,0
2295.211946964264,10012,5920,10808,-85,-100,123,9628,-9056,8816,-70,110,-174,-14576,4008,3760,-987,139,-51,-14756,-3656,5280,-508,150,-72,0
2295.245470046997,9796,5824,10740,-101,-129,124,9656,-9188,9100,-76,85,-191,-14840,3876,3584,-992,148,-99,-14760,-3776,5176,-474,154,-83,0
2295.278797149658,10016,5964,10816,-103,-123,129,9736,-9108,8808,-63,70,-202,-14632,3852,3836,-1014,158,-105,-14832,-3632,5332,-482,168,-100,0
2295.3124351501465,10084,5780,10632,-92,-109,127,9488,-9028,8820,-74,91,-176,-14600,3972,3884,-978,131,-76,-14788,-3740,5192,-479,130,-130,0
2295.3458230495453,10084,5788,10796,-149,-90,115,9668,-9060,8884,-41,121,-168,-14832,3888,4084,-1010,92,-43,-14716,-3736,5188,-472,118,-119,0
2295.379271030426,10100,5904,10748,-49,-14,64,9696,-9176,8972,-78,97,-170,-14592,3844,3888,-986,68,-34,-14768,-3704,5204,-482,40,-156,0
2295.4126031398773,10064,5784,10872,-143,-24,67,9936,-9144,8784,-13,152,-137,-14592,4024,3852,-1050,33,-56,-14732,-3704,5224,-506,118,-164,0
2295.4461500644684,10232,5892,10636,-111,-41,88,9624,-9088,8852,6,102,-169,-14620,3904,3860,-1024,62,-75,-14792,-3800,5280,-462,120,-158,0
2295.4796519279485,10028,5920,10868,-38,-25,40,9724,-9056,8936,-81,118,-152,-14652,3608,4092,-990,80,-63,-14800,-3676,5240,-468,143,-184,0
2295.513081073761,10004,5896,10920,-144,-93,87,9676,-9056,8868,-58,126,-174,-14480,3936,3888,-781,106,-41,-14620,-3672,5152,-465,163,-150,0
2295.546623945236,10052,5816,10976,-51,-20,97,9572,-9088,8928,-19,126,-146,-14544,3928,3888,-1047,83,-26,-14688,-3784,5252,-485,102,-159,0
2295.5800399780273,9932,5984,10684,-99,-1,103,9656,-9100,8960,-65,124,-136,-14620,3932,3964,-1009,31,-57,-14664,-3908,5264,-479,85,-172,0
2295.613515138626,10048,5884,10692,-132,-6,74,9692,-9152,8880,-57,151,-189,-14560,3828,4016,-988,80,-22,-14632,-3704,5312,-470,96,-148,0
2295.64679813385,10028,5912,10720,-130,-62,97,9636,-9156,8820,-66,116,-160,-14680,3852,4060,-982,86,-36,-14600,-3740,5200,-490,128,-138,0
2295.680475950241,9912,6000,10708,-118,-105,129,9692,-9116,8904,-36,91,-158,-14588,3992,3868,-1038,113,-102,-14676,-3760,5256,-489,168,-123,0
2295.717437028885,9976,5876,10888,-73,-87,140,9740,-9072,8528,-41,75,-180,-14716,3916,3992,-1033,137,-110,-14800,-3728,5172,-464,150,-106,0
2295.752954006195,10008,5976,11000,-120,-66,163,9696,-9176,8912,-62,86,-170,-14572,3944,3928,-1275,135,-75,-14716,-3588,5220,-507,119,-109,0
2295.7891931533813,10032,6140,10712,-101,-80,137,9664,-8984,8872,-50,107,-167,-14608,3916,3884,-772,98,-71,-14688,-3688,5144,-496,137,-112,0
2295.8238639831543,10088,5984,10908,-116,-55,102,9704,-9156,8864,-43,74,-156,-14540,3940,3932,-1278,110,-57,-14736,-3764,5296,-489,149,-129,0
2295.8601229190826,10132,5900,10776,-137,-56,126,9712,-9152,8756,-54,97,-184,-14608,3888,3988,-991,70,-53,-14724,-3784,5256,-491,119,-132,0
2295.8953499794,10044,5948,10912,-136,-65,113,9508,-9172,8708,-65,121,-187,-14548,3948,4016,-1027,61,-63,-14720,-3720,5276,-459,132,-126,0
2295.930845975876,9828,6136,10760,-155,-77,83,9724,-9192,8764,-55,166,-185,-14628,3920,4004,-1280,78,-40,-14772,-3644,4996,-482,148,-130,0
2295.96618103981,10068,5664,10968,-141,-58,106,9728,-9200,8816,-36,134,-173,-14340,3992,3936,-996,94,-75,-14756,-3700,5208,-498,123,-121,0
2296.002347946167,10092,5884,10964,-146,-23,95,9580,-9148,8948,-24,121,-193,-14816,3988,3708,-1006,101,-73,-14636,-3700,5240,-481,183,-95,0
2296.0374009609222,9912,6092,10796,-126,-60,93,9764,-9160,8944,-10,138,-182,-14620,3992,3908,-983,113,-109,-14632,-3732,5184,-257,176,-112,0
2296.0738010406494,10032,5904,10964,-145,-55,79,9680,-9132,8900,-28,131,-198,-14668,3840,3856,-1007,66,-154,-14800,-3868,5248,-464,211,-90,0
2296.1097741127014,10140,5912,10748,-168,-70,85,9776,-9112,8836,-55,158,-228,-14416,3920,3936,-965,99,-93,-14744,-3700,5260,-465,116,-94,0
2296.1449699401855,10108,5936,10824,-157,-3,79,9708,-9168,8704,-23,169,-157,-14520,3984,3844,-981,69,-100,-14776,-3672,5320,-492,101,-124,0
2296.1807119846344,9976,6124,10728,-247,-46,86,9512,-9156,8828,25,171,-157,-14540,3920,4004,-1007,92,-69,-14728,-4036,5296,-493,125,-86,0
2296.2159800529485,9988,5980,10816,-179,-20,128,9752,-9080,9076,-35,151,-140,-14672,3924,3940,-1002,113,-105,-14712,-3768,5308,-489,162,-56,0
2296.2518141269684,9804,5956,10908,-222,-76,111,9548,-9144,8784,-35,166,-193,-14532,3924,3880,-1000,85,-132,-14648,-3684,5296,-461,165,-60,0
2296.2882249355316,9740,5928,10660,-195,-94,120,9680,-9096,8816,25,152,-173,-14500,3660,4076,-1016,112,-62,-14704,-3724,5268,-456,174,-97,0
2296.323504924774,10008,5712,10508,-153,-9,133,9540,-9188,8880,26,183,-138,-14596,4052,4068,-1009,81,-79,-14788,-3800,5244,-475,100,-95,0
2296.3609080314636,10040,5956,10816,-222,-12,109,9628,-9136,8896,22,175,-157,-14616,3920,4312,-986,113,-105,-14740,-3768,5404,-413,92,-64,0
2296.394273996353,10024,5868,10608,-262,-47,107,9736,-9096,8808,8,200,-189,-14612,3892,4024,-984,112,-97,-14792,-3644,5264,-430,159,-57,0
2296.427957057953,10168,5892,10656,-223,-25,126,9720,-9092,8856,24,214,-179,-14588,3836,3772,-1006,112,-85,-14612,-3728,5232,-440,167,-62,0
2296.4615509510045,10032,5932,10768,-265,-107,137,9680,-9116,8864,44,181,-205,-14524,3904,3832,-1006,145,-114,-14644,-3676,5168,-459,203,-46,0
2296.494961977005,9924,5968,10732,-187,-87,139,9484,-8972,8800,23,177,-207,-14392,3880,3704,-1007,132,-156,-14792,-3672,5284,-459,148,-71,0
2296.528729915619,9956,5828,10968,-236,-103,120,9680,-9092,8704,14,170,-196,-14712,3900,3936,-983,157,-164,-14740,-3736,5260,-447,165,-68,0
2296.562367916107,10028,5960,10828,-215,-91,114,9600,-8980,9204,51,187,-230,-14624,3916,4092,-1011,116,-107,-14780,-3672,5188,-455,173,-87,0
2296.5958020687103,9940,5908,10872,-228,-88,135,9716,-9152,8716,23,153,-191,-14816,3916,4068,-1010,114,-77,-14668,-3752,5276,-479,152,-65,0
2296.6294090747833,10012,5708,10720,-213,-77,129,9628,-9056,8952,12,152,-188,-14608,3812,4056,-1010,120,-96,-14704,-3668,5256,-448,139,-93,0
2296.662864923477,9956,5836,10576,-255,-82,103,9620,-9072,8936,251,174,-189,-14508,3884,3932,-1005,100,-144,-14784,-3648,5204,-457,146,-69,0
2296.696442127228,10196,5652,10564,-251,-75,150,9620,-9052,8856,9,145,-196,-14588,4024,3904,-1002,109,-152,-14716,-3628,5296,-475,156,-60,0
2296.7300760746,10004,5832,10788,-252,-112,167,9656,-9080,8764,15,153,-198,-14624,3992,3764,-1021,150,-80,-14688,-3544,5328,-453,140,-65,0
2296.7635240554814,10024,5880,10684,-245,-108,146,9812,-9092,8816,5,136,-205,-14636,3944,3908,-1033,119,-66,-14756,-3736,5188,-467,145,-67,0
2296.7972350120544,10000,5896,10752,-234,-116,163,9736,-9104,8860,26,103,-193,-14340,3912,3928,-1011,130,-115,-14764,-3668,5248,-469,160,-46,0
2296.8308091163635,10044,5900,10784,-239,-144,138,9676,-9056,8996,19,128,-180,-14352,4092,3956,-981,117,-115,-14756,-3616,5368,-439,160,-76,0
2296.86430311203,10036,5844,10504,-226,-117,177,9472,-9016,8824,17,129,-189,-14548,3840,3896,-991,90,-82,-14768,-3640,5472,-459,89,-76,0
2296.8977730274205,10152,5816,10836,-210,-60,143,9724,-9108,8876,16,122,-138,-14540,3860,3748,-1031,97,-66,-14752,-3724,5352,-497,135,-105,0
2296.9313499927525,10040,5832,10904,-319,-84,131,9712,-8992,8880,10,132,-178,-14564,3600,3992,-997,98,-117,-14788,-3732,5096,-468,175,-124,0
2296.9645199775696,10084,5944,10640,-153,-77,98,9704,-9012,9076,-17,134,-187,-14532,3816,4048,-1000,119,-123,-14740,-3676,5348,-444,126,-92,0
2296.9979429244995,10076,5768,10868,-249,-124,103,9628,-9156,8832,3,149,-196,-14664,3916,3756,-996,104,-125,-14820,-3484,5184,-452,187,-87,0
2297.0315589904785,10096,5836,10828,-239,-125,130,9628,-9132,8944,19,138,-195,-14704,3916,3828,-1047,145,-93,-14784,-3604,5280,-467,149,-81,0
2297.0651419162746,10144,5840,11000,-162,-67,148,9692,-9072,8904,11,110,-135,-14684,3852,3904,-1278,97,-38,-14752,-3620,5500,-478,72,-118,0
2297.0987911224365,9948,5772,10924,-196,-88,107,9664,-9048,9196,-40,121,-150,-14604,3908,3820,-967,132,-27,-14696,-3620,5184,-452,101,-114,0
2297.1322400569916,9792,5756,10764,-158,-87,129,9648,-9140,9060,-70,145,-185,-14600,3840,3812,-1015,140,-118,-14708,-3792,5328,-457,122,-109,0
2297.165643930435,10164,5844,10616,-104,-71,100,9628,-8984,8816,-58,110,-163,-14672,3748,3680,-1025,128,-96,-14680,-3596,5172,-453,162,-115,0
2297.1992740631104,10016,5724,10992,-156,-90,102,9676,-8952,9000,-29,126,-221,-14616,3920,3700,-774,124,-73,-14724,-3624,5216,-477,199,-135,0
2297.2330300807953,10016,5712,10792,-132,-109,83,9692,-9088,9104,-61,123,-207,-14588,3864,3864,-1011,116,-57,-14772,-3656,5276,-439,145,-129,0
2297.266483068466,10100,5768,10928,-149,-92,87,9476,-9108,9072,-49,135,-202,-14716,3960,3852,-990,123,-66,-14752,-3684,5232,-476,141,-121,0
2297.2999420166016,9972,5800,10900,-136,-105,115,9716,-9080,8852,-40,86,-195,-14648,3968,3856,-776,130,-69,-14760,-3600,5244,-494,153,-105,0
2297.3335189819336,9980,5776,10856,-66,-77,99,9584,-9028,8916,-51,108,-157,-14360,3960,3844,-1024,172,-50,-14648,-3700,5136,-490,134,-138,0
2297.3667390346527,10108,5848,10800,-62,-40,104,9668,-9060,8900,-54,128,-148,-14620,3788,4064,-985,151,-56,-14728,-3676,5216,-473,125,-114,0
2297.4028611183167,9996,5684,10708,-80,-93,92,9932,-9124,9128,-108,121,-187,-14748,3920,3756,-1001,128,-46,-14744,-3612,5220,-460,140,-109,0
2297.4376220703125,9996,5844,10948,-133,-89,118,9692,-8996,8884,-57,94,-174,-14568,3928,4020,-991,120,-72,-14772,-3636,5180,-468,145,-77,0
2297.473333120346,10036,5856,10804,-97,-72,99,9656,-8984,8824,-58,76,-196,-14652,3940,3808,-1028,125,-99,-14656,-3652,5196,-457,168,-117,0
2297.509607076645,10100,5832,10712,-112,-129,127,9784,-9116,8928,-54,82,-201,-14712,3664,3724,-1009,158,-66,-14800,-3688,5228,-461,146,-94,0
2297.544906139374,10024,5796,10916,-119,-73,124,9716,-9032,9024,-82,110,-193,-14624,3916,3960,-989,115,-81,-14708,-3740,5292,-451,114,-125,0
2297.5803229808807,10076,5796,10580,-68,-73,115,9508,-9188,8812,-63,122,-146,-14704,3900,3840,-1017,78,-42,-15032,-3676,5276,-257,100,-151,0
2297.6159200668335,9988,5824,10764,-144,-94,94,9620,-9140,8744,-4,111,-183,-14804,4052,3720,-1032,93,-60,-14740,-3608,5176,-511,134,-132,0
2297.651778936386,10068,6036,10848,-59,-52,87,9760,-9016,8992,-53,115,-183,-14624,4048,3584,-1000,100,-37,-14680,-3664,5216,-475,103,-154,0
2297.687718153,10024,5872,10784,-111,-73,94,9800,-9056,9180,-58,148,-176,-14716,3848,3920,-986,79,-29,-14716,-3604,5252,-468,150,-142,0
2297.723098039627,10108,5756,10760,-161,-103,95,9668,-9104,8888,-41,110,-174,-14580,3972,3736,-1027,107,-62,-14780,-3640,5292,-498,112,-162,0
2297.758115053177,10076,5640,10532,-66,-35,106,9796,-9140,8780,-18,87,-134,-14352,3972,3844,-1279,97,-10,-14816,-3680,5284,-489,77,-167,0
2297.7934880256653,9916,5896,10808,-56,9,87,9640,-9064,8860,-72,130,-130,-14712,3888,3816,-993,53,-32,-14688,-3644,5584,-507,76,-169,0
2297.8291771411896,9992,5844,10960,-150,-44,106,9668,-9064,9096,-80,118,-139,-14832,3912,3628,-992,84,-11,-14832,-3720,5444,-476,84,-129,0
2297.8641810417175,10012,5644,10812,-142,-71,130,9668,-9096,8848,-42,125,-157,-14524,3900,3984,-1019,87,-63,-14604,-3680,5168,-511,140,-135,0
2297.8996901512146,10024,5644,10944,-150,-130,111,9792,-9108,8808,-50,125,-205,-14576,3944,3872,-1021,122,-63,-14652,-3704,5368,-475,142,-101,0
2297.9354429244995,9968,5888,10548,-86,-87,114,9724,-9100,8916,-55,76,-203,-14644,3972,3876,-1009,91,-69,-14640,-3720,5276,-477,135,-125,0
2297.9712030887604,9968,5800,10808,-146,-83,143,9780,-9208,8840,-44,91,-163,-14684,3912,3960,-1012,92,-34,-14728,-3648,5220,-483,114,-143,0
2298.0072100162506,10220,5872,10760,-107,-54,114,9972,-9116,8860,-34,70,-153,-14412,3912,3944,-1277,102,-63,-14800,-3728,5404,-488,115,-141,0
2298.043972969055,10036,5844,10692,-137,-79,121,9856,-9096,8796,-58,109,-171,-14552,3760,3852,-1010,99,-64,-14748,-3932,5468,-486,133,-161,0
2298.077476024628,10108,5944,10688,-141,-78,92,9680,-9148,9152,-58,105,-181,-14600,3848,3800,-981,104,-57,-14744,-3668,5188,-485,117,-151,0
2298.111181974411,10108,5892,10788,-120,-82,105,9788,-9028,8840,-99,104,-201,-14604,3916,3876,-975,97,-34,-14748,-3648,5148,-457,141,-142,0
2298.144791126251,10148,5924,10700,-168,-68,86,9776,-9044,8980,-63,137,-181,-14636,3960,3964,-980,82,-32,-14728,-3652,5152,-478,112,-119,0
2298.178461074829,10024,5828,10712,-131,-77,109,9608,-9100,8744,-31,121,-181,-14676,3988,3744,-988,103,-90,-14640,-3672,5300,-486,127,-145,0
2298.2118110656734,10036,5916,10672,-154,-53,100,9508,-9100,8812,-47,122,-181,-14672,3940,4012,-1031,104,-76,-14740,-3712,5124,-488,137,-122,0
2298.2454681396484,10008,5980,10752,-131,-48,114,9972,-9104,8920,-32,106,-156,-14540,3948,3960,-770,116,-83,-14780,-3648,5324,-494,123,-169,0
2298.2789499759674,9976,5896,10840,-146,-99,108,9656,-9116,8852,-21,130,-184,-14556,4020,4004,-988,129,-78,-14744,-3692,5328,-466,150,-127,0
2298.312395095825,9744,5940,10988,-155,-83,95,9680,-9016,8832,-79,116,-218,-14596,3860,3980,-990,114,-75,-14724,-3700,5196,-472,116,-131,0
2298.3460359573364,10124,5908,10732,-122,-33,122,9700,-9096,8912,-84,113,-136,-14592,4008,3808,-771,88,-38,-14732,-3772,5244,-492,68,-117,0
2298.3795270919804,10012,5820,10880,-176,-14,94,9716,-8972,8880,255,150,-157,-14644,3952,3620,-1020,70,-101,-14644,-3684,5244,-486,136,-113,0
2298.4128699302673,9904,6100,10864,-188,-6,70,9720,-8996,8828,-35,167,-150,-14424,3840,3980,-1025,88,-64,-14696,-3756,5612,-456,128,-81,0
2298.4464521408086,10124,5888,10816,-191,-71,75,9524,-9164,8740,-52,214,-177,-14588,3988,3792,-988,89,-76,-14756,-3700,5404,-470,132,-134,0
2298.479954957962,10044,5948,10912,-262,-61,105,9656,-9108,8900,-11,153,-166,-14504,3928,3888,-1027,102,-110,-14688,-3648,5224,-474,142,-115,0
2298.513622045517,9984,5948,10476,-169,-18,144,9676,-9028,8876,-19,148,-150,-14560,4104,3908,-1046,105,-122,-14676,-3676,5144,-479,127,-63,0
2298.5532290935516,9732,6128,10732,-198,12,109,9584,-9176,8712,-59,169,-132,-14572,3972,3972,-980,89,-79,-14708,-3812,5456,-452,83,-90,0
2298.587115049362,10040,5940,10848,-238,4,120,9672,-9172,8936,-49,202,-176,-14564,4088,3780,-989,127,-88,-14688,-3696,5368,-458,148,-88,0
2298.6206459999084,9900,5824,10840,-240,6,108,9792,-9128,8924,-7,197,-177,-14380,3908,3640,-1036,109,-137,-14736,-3700,5192,-476,172,-69,0
2298.653797149658,9988,5808,10640,-233,-20,92,9656,-9104,8608,-15,218,-215,-14648,4016,3772,-1014,103,-132,-14756,-3692,5300,-445,186,-54,0
2298.687439918518,10008,5844,10744,-305,-46,113,9660,-9032,8816,-252,217,-233,-14620,3932,3964,-988,125,-130,-14684,-3680,5240,-428,176,-64,0
2298.7212741374974,9936,5888,10692,-260,-32,104,9732,-9076,8880,29,228,-214,-14784,3972,3852,-1032,124,-144,-14780,-3632,5288,-446,193,-59,0
2298.7548959255214,10012,5676,10932,-277,-19,93,9676,-8980,8896,27,232,-192,-14636,3992,3772,-1278,109,-147,-14756,-3644,5316,-456,161,-87,0
2298.7885320186615,10200,5828,10540,-262,-20,107,9764,-9108,9172,48,226,-195,-14724,3996,3896,-1009,112,-165,-14744,-3700,5288,-484,152,-57,0
2298.8220911026006,9988,5872,10808,-263,-26,112,9612,-9136,9012,46,192,-197,-14348,3852,4076,-978,144,-99,-14652,-3676,5252,-454,159,-27,0
2298.8554739952087,10112,5884,10888,-286,-55,117,9680,-9008,8960,5,200,-211,-14664,3896,4004,-1000,116,-73,-14748,-3836,5280,-459,139,-104,0
2298.889233112335,10056,5824,10864,-239,-52,116,9664,-9076,8924,255,215,-215,-14612,3916,3796,-1000,122,-75,-14752,-3656,5364,-476,128,-104,0
2298.922868013382,10040,5936,10856,-228,-77,122,9628,-9152,9164,28,168,-178,-14532,3932,3896,-991,129,-94,-14760,-3788,5616,-495,127,-38,0
2298.956468105316,10060,5824,10784,-233,-98,130,9948,-9124,8832,37,159,-190,-14596,3856,3780,-1024,137,-146,-14624,-3712,5212,-495,95,-59,0
2298.989907979965,9968,5812,10940,-242,-63,162,9684,-9052,8808,27,122,-182,-14584,3972,3992,-1279,151,-122,-14440,-3788,5336,-469,100,-43,0
2299.0234410762787,9784,5812,10796,-241,-87,169,9592,-9128,8816,19,118,-197,-14656,3904,3772,-1002,182,-86,-14432,-3704,5368,-447,120,-88,0
2299.0568771362305,10040,5780,10964,-238,-93,168,9728,-9024,8936,37,135,-201,-14668,3924,3868,-1025,157,-98,-14776,-3400,5332,-426,119,-42,0
2299.093269109726,9968,5824,10920,-251,-83,162,9664,-9072,9004,247,148,-191,-14704,3964,3836,-968,148,-122,-14780,-3640,5440,-443,59,-59,0
2299.1293320655823,10008,5812,10772,-220,-34,156,9904,-9176,8804,37,131,-155,-14680,3940,4004,-1014,114,-50,-14676,-3452,5292,-428,36,-85,0
2299.164292097092,9872,5724,10860,-318,-107,159,9660,-9024,9072,73,147,-190,-14576,3880,4088,-778,119,-143,-14640,-3660,5444,-369,30,-95,0
2299.200364112854,9976,5788,10840,-187,-96,122,9956,-9052,8940,11,183,-194,-14652,3896,3692,-1007,125,-75,-14692,-3632,5384,-321,-30,-86,0
2299.2355170249934,10204,5772,10812,-287,-134,140,9820,-9076,9008,-1,182,-240,-14828,3756,3664,-976,103,-148,-14736,-3492,5300,-305,14,-60,0
2299.2717909812927,10004,5828,10800,-232,-162,140,9612,-9136,8932,26,84,-169,-14740,3936,3928,-1280,172,-130,-14912,-3656,5548,-342,-50,-95,0
2299.3082261085506,10000,5728,10532,-195,-76,136,9724,-8984,8888,22,141,-146,-14736,3888,3600,-1019,91,-30,-14772,-3700,5364,-379,-79,-98,0
2299.3433060646057,9756,5816,10932,-214,-92,136,9608,-8776,9168,-24,106,-166,-14344,3604,3640,-965,115,-114,-14636,-3388,5364,-371,-58,-136,0
2299.378284931183,10036,5696,10872,-139,-128,125,9632,-8912,8960,-61,98,-187,-14572,3756,4004,-994,137,-104,-14608,-3588,5144,-383,67,-101,0
2299.414081096649,10012,5784,10868,-93,-131,109,9516,-9204,9132,-56,89,-201,-14684,3896,3876,-1041,159,-132,-14712,-3564,5328,-396,103,-113,0
2299.449191093445,10048,5784,10812,-169,-162,94,9612,-8928,8820,-15,128,-203,-14568,3956,3788,-1020,156,-94,-14740,-3360,5532,-401,86,-119,0
2299.4850599765778,10072,5816,10724,-95,-79,78,9668,-8968,8712,-56,138,-205,-14664,3864,3824,-1009,142,-74,-14636,-3596,5560,-393,52,-99,0
2299.521245956421,10044,5864,10768,-118,-106,93,9492,-9004,8720,-74,116,-169,-14656,3872,3616,-981,142,-64,-14676,-3336,5396,-424,43,-148,0
2299.5575370788574,9980,5712,10868,-77,-55,102,9492,-9064,8948,-51,84,-158,-14636,3868,3844,-1022,149,-52,-14708,-3620,5416,-444,74,-105,0
2299.5923049449925,10064,5748,10616,-47,-12,125,9676,-8948,8972,-72,85,-136,-14396,3960,3644,-1018,141,-81,-14596,-3840,5488,-461,71,-134,0
2299.628090143204,10064,5672,10796,-75,-23,93,9740,-9084,9196,-81,112,-163,-14608,3976,3876,-985,127,-84,-14432,-3392,5504,-430,63,-140,0
2299.663330078125,10040,5812,10948,-80,-52,94,9592,-9028,8960,-41,168,-189,-14688,3960,3768,-975,118,-73,-14756,-3836,5444,-401,99,-117,0
2299.698773145676,10064,5840,10772,-69,-87,113,9608,-9052,8928,-45,86,-185,-14608,3896,3816,-1027,178,-94,-14712,-3648,5464,-441,129,-112,0
2299.7354750633244,9996,5808,10936,-68,-81,98,9700,-9044,8956,-33,100,-173,-14608,3920,4092,-1003,171,-77,-14692,-3536,5532,-447,112,-107,0
2299.7692301273346,10020,5856,10772,-98,-68,106,9500,-9020,8960,-64,67,-191,-14676,3888,4052,-1022,176,-110,-14676,-3592,5544,-426,123,-120,0
2299.8027770519257,10064,5756,10756,-119,-74,99,9772,-9128,8884,-73,109,-182,-14684,3928,3836,-979,146,-80,-14720,-3772,5444,-473,98,-112,0
2299.836405992508,10136,5652,10848,-90,-15,109,9952,-9064,8972,-76,98,-146,-14736,3848,3928,-1001,116,-21,-14740,-3576,5524,-472,55,-133,0
2299.8699939250946,10056,5840,10932,-176,6,95,9732,-9036,8804,-52,115,-150,-14840,3628,4012,-1015,99,-52,-14672,-3580,5616,-500,96,-156,0
2299.903190135956,9948,5860,10952,-173,12,73,9476,-8992,8916,-63,108,-181,-14664,4024,3596,-1018,133,-73,-14756,-3676,5472,-491,99,-142,0
2299.936849117279,9856,5840,10816,-103,-3,66,9680,-9052,8948,-94,117,-164,-14716,3824,3924,-1027,125,-75,-14744,-3648,5596,-473,93,-152,0
2299.970355987549,9896,5868,10964,-220,-43,80,9716,-9088,8840,-57,143,-190,-14688,3956,3756,-1040,152,-65,-14696,-3548,5508,-482,119,-158,0
2300.003814935684,9980,5808,10868,-194,5,107,9632,-9064,8972,-67,90,-165,-14604,3936,3788,-1051,146,-47,-14692,-3648,5480,-492,127,-152,0
2300.0373959541325,10048,5800,10812,-127,47,119,9672,-9188,8808,-43,110,-144,-14684,3928,3812,-1029,113,-23,-14748,-3564,5600,-472,95,-153,0
2300.071048974991,9860,5772,10940,-188,59,110,9704,-9408,9160,-62,131,-139,-14352,3952,3712,-996,122,-70,-14656,-3840,5400,-472,145,-185,0
2300.104339122772,10184,6120,10932,-216,22,110,9660,-9136,8964,-48,115,-143,-14632,3892,3756,-1004,142,-111,-14664,-3760,5572,-443,198,-126,0
2300.1377520561214,10216,5812,10928,-203,-27,120,9944,-9224,8792,-23,136,-166,-14692,3896,3776,-1044,147,-85,-14628,-3376,5456,-437,247,-123,0
2300.1713449954987,9924,5772,10876,-211,-42,105,9476,-9092,8896,-23,112,-197,-14568,3904,3808,-1021,138,-84,-14708,-3704,5516,-378,218,-145,0
2300.2048709392548,10048,5860,10896,-158,-28,131,9552,-9100,8852,-74,111,-177,-14708,3964,3740,-990,126,-58,-14824,-3600,5616,-378,222,-145,0
2300.238466978073,9940,5792,10804,-219,-62,136,9712,-9020,9008,-75,108,-158,-14588,4072,3836,-1010,101,-89,-14768,-3436,5464,-356,249,-140,0
2300.271943092346,9960,5832,10764,-177,-38,130,9668,-9192,8956,-58,106,-152,-14740,3688,3800,-1026,72,-103,-14600,-3688,5472,-363,245,-107,0
2300.3053381443024,9948,5804,10800,-160,-60,129,9684,-9052,8880,-18,139,-165,-14616,3892,3724,-1054,108,-60,-14688,-3592,5648,-356,268,-84,0
2300.33895611763,9916,5836,10828,-138,-65,125,9692,-9012,9152,-101,109,-131,-14592,3864,3740,-958,118,-33,-14640,-3804,5552,-361,209,-129,0
2300.372684955597,10076,5760,10848,-116,-21,103,9760,-9164,8988,-119,116,-140,-14676,3896,3600,-1000,78,-54,-14620,-3548,5492,-392,161,-154,0
2300.405673980713,9964,5724,10920,-179,-69,116,9656,-9076,8724,-70,132,-149,-14536,3916,3844,-1269,96,-100,-14696,-3628,5636,-392,233,-81,0
2300.4390139579773,9780,5856,10788,-122,-19,135,9620,-9100,8896,-61,97,-149,-14648,3868,3588,-988,126,-67,-14668,-3508,5412,-405,194,-118,0
2300.4724929332733,9904,5776,10860,-100,-65,125,9704,-9092,8848,-120,82,-172,-14364,3936,3676,-975,87,-61,-14788,-3500,5472,-433,202,-120,0
2300.5058240890503,10036,5852,10800,-164,-73,125,9692,-9172,8928,-69,88,-165,-14644,3944,3700,-992,127,-122,-14712,-3608,5408,-459,177,-146,0
2300.539268016815,10020,5808,10916,-97,-28,115,9752,-9076,8876,-75,70,-154,-14732,3872,3780,-965,101,-90,-14760,-3700,5448,-480,140,-145,0
2300.5728809833527,10056,5836,10848,-111,-255,79,9692,-9164,8908,-77,112,-153,-14624,3908,3784,-965,96,-57,-14712,-3704,5476,-445,135,-186,0
2300.6061439514165,10028,5816,10984,-140,-43,56,9960,-9424,8740,-111,99,-174,-14648,3684,3660,-940,110,-39,-14532,-3584,5568,-427,126,-145,0
2300.6396131515503,9772,5640,10940,-141,-9,83,9668,-9136,8936,-103,101,-147,-14592,3952,3620,-940,83,-69,-14652,-3588,5504,-489,113,-136,0
2300.6732909679413,10004,5844,10892,-112,-10,98,9720,-9128,8884,-109,98,-150,-14620,3884,3764,-903,105,-82,-14640,-3640,5516,-509,115,-142,0
2300.70693397522,9880,5836,10808,-172,11,94,9624,-9104,8908,-112,161,-130,-14652,3816,3628,-900,115,-91,-14692,-3336,5464,-465,116,-131,0
2300.740118980408,9944,5964,10888,-209,-46,105,9660,-9188,8836,-57,136,-152,-14352,3880,3932,-892,86,-127,-14716,-3548,5504,-471,126,-104,0
2300.7773950099945,9872,6028,10984,-203,-34,140,9648,-8968,8832,-68,119,-126,-14640,3912,3740,-873,167,-84,-14724,-3744,5496,-495,156,-88,0
2300.813313961029,9760,5836,10844,-173,-33,115,9676,-8992,8764,-67,125,-193,-14652,3956,3788,-861,134,-128,-14668,-3640,5568,-499,151,-74,0
2300.849344968796,9984,5904,10836,-141,0,92,9480,-9168,8860,-55,169,-164,-14612,3708,3776,-860,81,-76,-14820,-3600,5524,-458,118,-74,0
2300.884202003479,9852,5648,10928,-270,31,116,9664,-9156,8732,11,171,-154,-14632,3968,3660,-896,86,-127,-14340,-3492,5588,-474,131,-96,0
2300.9195461273193,9844,5840,10892,-285,33,136,9612,-9132,8920,19,151,-179,-14752,3888,3820,-837,94,-121,-14688,-3632,5496,-485,123,-64,0
2300.9553129673004,9932,5832,10896,-225,23,145,9728,-9028,8576,-247,66,-178,-14692,3876,3896,-747,108,-145,-14660,-3604,5500,-464,169,-33,0
2300.9903559684753,9936,5804,10928,-239,28,125,9740,-9100,8804,35,132,-196,-14604,3924,3716,-913,157,-102,-14696,-3492,5536,-495,157,-57,0
2301.0261781215668,9968,5788,10832,-195,-10,139,9708,-9116,8800,58,128,-197,-14704,3788,3844,-968,167,-125,-14768,-3624,5512,-498,133,-75,0
2301.0617759227753,10160,5856,10996,-198,244,122,9748,-9012,8884,27,121,-181,-14756,3912,3744,-894,126,-111,-14688,-3600,5528,-467,55,-80,0
2301.0981040000916,9904,5796,10940,-247,11,109,9644,-9164,8808,27,155,-178,-14700,3968,3876,-893,78,-64,-14604,-3556,5540,-455,83,-72,0
2301.133567094803,9824,5860,11088,-273,-46,157,9608,-9144,8860,79,173,-183,-14620,3992,3816,-954,145,-122,-14736,-3564,5444,-500,96,-65,0
2301.169333934784,9860,5824,10852,-199,-46,160,9612,-9108,8820,72,118,-192,-14344,3932,3752,-925,144,-93,-14592,-3568,5516,-480,113,-74,0
2301.204472064972,9868,5784,11120,-227,-86,142,9648,-9144,8780,69,94,-261,-14636,3972,3692,-934,156,-114,-14708,-3596,5636,-462,106,-56,0
2301.2405209541325,9912,5760,10848,-247,-85,180,9536,-9144,8864,46,-53,-303,-14624,3876,3632,-956,150,-106,-14604,-3500,5572,-449,127,-38,0
2301.275526046753,10036,5820,10976,-248,-100,180,9692,-9092,8832,64,82,-238,-14676,3896,3688,-919,125,-121,-14812,-3612,5656,-484,125,-62,0
2301.310903072357,9932,5812,10996,-303,-120,149,9808,-9100,8860,43,76,-232,-14660,3968,3672,-924,126,-126,-14672,-3744,5576,-433,79,-71,0
2301.3462131023407,9956,5728,11044,-328,-101,160,9724,-9156,8968,86,158,-235,-14668,3904,3804,-884,103,-86,-14736,-3336,5816,-495,15,-79,0
2301.381565093994,10036,5704,10820,-284,-44,164,9744,-9052,8960,100,100,-199,-14640,3964,3820,-926,91,-93,-14740,-3536,5588,-491,5,-98,0
2301.4180960655212,9912,5748,10948,-325,-85,177,9740,-9084,8940,101,130,-215,-14652,3952,3700,-896,144,-128,-14716,-3556,5516,-422,53,-101,0
2301.4515831470494,5396,4568,11448,258,-25,176,9496,-8780,8868,158,158,-262,-14720,4000,3544,-909,167,-137,-14772,-3512,5528,-421,70,-57,0
2301.4852790832524,9976,5748,11200,-209,-67,155,9768,-9080,8844,67,129,-218,-14716,3940,3612,-997,130,-79,-14748,-3448,5632,-467,83,-71,0
2301.518697023392,9876,5740,11068,-306,-155,157,9840,-9072,8756,62,13,-210,-14644,3928,3732,-952,142,-105,-14636,-3596,5412,-455,142,-100,0
2301.5522589683533,9996,5740,10988,-187,-137,141,9712,-8888,8980,-17,93,-202,-14732,3956,3828,-957,196,-94,-14760,-3544,5504,-426,75,-98,0
2301.5854930877686,10024,5768,10920,-160,-137,118,9844,-9000,8864,-37,127,-236,-14736,4028,3708,-934,168,-118,-14724,-3428,5884,-466,133,-132,0
2301.6190659999847,9992,5580,11000,-145,-134,121,9776,-8992,8856,-12,75,-185,-14664,3936,3724,-1002,136,-60,-14704,-3512,5392,-482,65,-151,0
2301.6546161174774,10016,5712,10956,-60,-25,88,9876,-8888,8952,-256,165,-123,-14704,3808,3604,-958,107,-37,-14692,-3576,5628,-456,37,-178,0
2301.6882190704346,9916,5668,11252,-110,17,76,9724,-9112,8804,-61,121,-147,-14668,3892,3804,-892,89,-28,-14592,-3452,5644,-449,72,-165,0
2301.7220170497894,9852,5780,10888,-151,-31,88,9692,-9092,8936,-48,111,-175,-14664,3860,3724,-883,179,-89,-14624,-3544,5516,-439,108,-123,0
2301.7555820941925,9936,5696,11048,-106,-63,114,9744,-9016,8884,-41,132,-170,-14664,3960,3724,-919,130,-93,-14616,-3472,5420,-442,130,-138,0
2301.789130926132,9936,5716,11048,-150,-106,114,9688,-9016,8928,-43,108,-206,-14348,3980,3752,-877,175,-52,-14640,-3380,5728,-464,161,-142,0
2301.8226051330566,9804,5720,10764,-118,-25,124,9536,-9056,8828,-82,92,-200,-14652,4044,3676,-830,140,-83,-14712,-3560,5780,-406,126,-107,0
2301.856414079666,9824,5728,10792,-153,-46,107,9568,-9048,9008,-256,137,-194,-14692,3944,3740,-862,155,-87,-14560,-3460,5616,-439,137,-129,0
2301.889799118042,9924,5816,11112,-152,-79,105,9724,-9072,8904,-26,120,-177,-14696,4020,3724,-882,138,-106,-14748,-3544,5608,-467,156,-128,0
2301.9233160018925,9916,5716,10992,-124,-87,116,9744,-9032,9028,-49,87,-186,-14620,3916,3828,-846,138,-122,-14644,-3432,5600,-438,146,-117,0
2301.95685005188,9880,5772,10804,-126,-73,149,9708,-9100,8896,-45,61,-217,-14632,3952,3532,-814,159,-90,-14696,-3580,5604,-446,136,-93,0
2301.9901819229126,9924,5688,10920,-135,-81,128,9736,-8976,8748,-69,41,-199,-14692,3996,3560,-877,154,-48,-14644,-3564,5552,-460,150,-128,0
2302.023651123047,10188,5664,10896,-154,-83,138,9732,-9136,8908,-58,91,-223,-14712,3916,3472,-888,129,-92,-14740,-3400,5876,-458,131,-114,0
2302.0574300289154,9756,5732,10836,-141,-55,118,9780,-9092,8864,-14,102,-187,-14664,3944,3408,-941,176,-112,-14804,-3500,5820,-448,91,-125,0
2302.091068029404,9880,5692,11040,-138,-35,97,9816,-9016,8820,-10,82,-200,-14816,4096,3496,-917,139,-67,-14776,-3512,5524,-463,75,-127,0
2302.124498128891,9764,5660,10860,-148,-9,96,9752,-9040,8888,8,89,-166,-14688,3928,3420,-947,115,-27,-14384,-3344,5492,-463,139,-132,0
2302.157944917679,9952,5700,11020,-186,-58,93,9764,-9132,8916,-12,135,-188,-14644,3876,3536,-977,125,-61,-14608,-3504,5524,-442,134,-129,0
2302.1912710666656,10208,5732,10936,-143,-45,121,9768,-8880,8928,-33,116,-169,-14712,4032,3708,-972,115,-78,-14704,-3520,5552,-501,75,-145,0
2302.224851131439,9748,5756,10972,-203,-24,126,9772,-9088,8712,34,114,-191,-14696,4056,3376,-971,107,-80,-14748,-3500,5600,-481,133,-148,0
2302.2584450244904,9792,5672,11032,-169,-34,99,9768,-9080,8748,54,120,-186,-14704,3928,3712,-966,94,-60,-14632,-3688,5532,-466,132,-146,0
2302.2919540405273,9984,5872,11016,-172,-53,96,9804,-8928,8988,-10,105,-213,-14760,3960,3424,-913,55,-36,-14644,-3788,5592,-471,169,-155,0
2302.325539112091,9976,5668,10832,-219,-116,94,9780,-9000,8896,7,159,-200,-14624,3968,3824,-949,21,-44,-14636,-3500,5412,-480,182,-141,0
2302.359204053879,9876,5752,11176,-143,-72,111,9736,-9048,8900,32,139,-182,-14360,3992,3396,-959,-11,-78,-14680,-3520,5588,-499,159,-154,0
2302.392786026001,9948,5652,11256,-152,-90,105,9676,-9052,8784,5,107,-189,-14764,3992,3628,-925,-38,-68,-14752,-3516,5576,-500,148,-130,0
2302.425832986832,10008,5736,11048,-178,-102,103,9836,-9068,8984,18,141,-190,-14668,4012,3620,-919,-12,-51,-14816,-3500,5652,-494,176,-158,0
2302.463912963867,9896,5748,11260,-173,-81,120,9744,-9044,9092,21,172,-193,-14640,4044,3628,-947,55,-25,-14680,-3472,5756,-507,187,-182,0
2302.4992270469666,9964,5736,10816,-211,-127,146,9640,-9004,8920,30,132,-229,-14612,4008,3464,-994,63,-77,-14808,-3520,5572,-490,204,-123,0
2302.534539937973,9896,5708,10796,-164,-82,152,9740,-9128,8780,244,130,-204,-14660,4012,3548,-959,90,-63,-14704,-3552,5564,-507,212,-129,0
2302.5702860355377,9856,5660,10876,-207,-115,129,9764,-9044,8944,-15,134,-206,-14640,4016,3580,-1001,91,-83,-14660,-3472,5660,-495,202,-139,0
2302.6055459976196,9932,5668,10920,-216,-34,124,9748,-9024,8908,28,182,-159,-14524,4052,3512,-1049,36,-100,-14672,-3540,5616,-523,204,-116,0
2302.6412620544434,9940,5664,10892,-276,-72,106,9712,-9096,8908,79,224,-169,-14608,4104,3484,-1036,62,-128,-14724,-3596,5608,-508,220,-115,0
2302.677129983902,9784,5784,10952,-350,-132,148,9488,-9196,9208,66,215,-249,-14644,3976,3828,-992,161,-157,-14616,-3564,5432,-500,235,-65,0
2302.712965965271,9952,5708,11012,-306,-188,171,9752,-8980,8904,48,194,-226,-14676,4016,3688,-986,132,-118,-14708,-3552,5608,-534,209,-91,0
2302.748076915741,10212,5716,10756,-317,-181,165,9968,-9036,8804,19,206,-208,-14572,4260,3512,-1078,139,-173,-14680,-3452,5768,-523,211,-71,0
2302.78378200531,9940,5620,10912,-354,-144,156,9980,-8988,8920,64,260,-183,-14724,4088,3600,-1035,141,-86,-14608,-3512,5588,-508,206,-58,0
2302.8192501068115,9960,5680,10988,-399,-81,127,9760,-9044,9040,102,274,-191,-14612,3916,3640,-1081,97,-130,-14700,-3840,5584,-470,249,-92,0
2302.8544199466705,9896,5444,10872,-388,-107,110,9856,-9008,9152,130,330,-194,-14748,3976,3788,-1069,96,-129,-14684,-3584,5592,-502,243,-97,0
2302.8902790546417,9932,5700,10824,-360,-80,109,9784,-9032,9196,125,265,-226,-14624,3928,3564,-1097,75,-150,-14448,-3512,5556,-521,221,-66,0
2302.9255809783936,9860,5740,10968,-333,-179,153,9740,-9044,9180,123,234,-248,-14620,3932,3800,-1072,172,-155,-14728,-3540,5500,-524,229,-58,0
2302.9614889621735,9912,5652,10780,-306,-170,189,9676,-8940,9068,35,59,-288,-14644,4060,3716,-1136,118,-106,-14564,-3556,5608,-504,226,-42,0
2302.9976720809937,10028,5692,11212,-272,-148,182,9768,-8936,8980,64,131,-216,-14704,3916,3620,-1076,110,-115,-14788,-3512,5392,-505,184,-73,0
2303.0328390598297,9956,5688,10888,-279,-157,160,9956,-8732,8804,53,145,-205,-14696,3924,3680,-1052,121,-112,-14700,-3536,5516,-496,197,-92,0
2303.067743062973,9756,5880,10972,-249,-102,133,9732,-8944,8972,31,156,-175,-14704,4024,3568,-1075,94,-83,-14740,-3504,5492,-504,138,-96,0
2303.1036901474,9928,5524,10956,-261,-110,139,9828,-9080,9164,53,159,-190,-14792,3980,3468,-1098,79,-112,-14656,-3500,5576,-517,181,-119,0
2303.1373379230495,10004,5684,11088,-224,-146,149,9748,-8936,8936,41,156,-201,-14656,3968,3528,-1067,143,-148,-14820,-3692,5548,-488,212,-107,0
2303.170870065689,10016,5580,11096,-162,-128,117,9792,-8892,9004,-40,167,-228,-14808,3968,3592,-1041,62,-136,-14396,-3468,5376,-506,232,-95,0
2303.2043421268463,9912,5460,11224,-237,-174,119,9668,-8720,8976,-7,150,-234,-14736,4028,3628,-1051,96,-97,-14788,-3176,5796,-532,199,-65,0
2303.2378759384155,10000,5436,10928,-176,-98,136,9728,-8992,8888,-8,144,-157,-14684,3988,3772,-1086,71,-84,-14736,-3504,5440,-547,128,-144,0
2303.271270990372,10052,5376,10840,-135,-69,104,9692,-9008,9020,-60,158,-144,-14736,3916,3628,-1042,55,-76,-14656,-3636,5548,-524,97,-145,0
2303.304948091507,10216,5864,10952,-154,-56,72,9600,-8960,9168,-112,110,-170,-14580,3940,3620,-1017,87,-96,-14652,-3576,5580,-516,148,-131,0
2303.338585138321,10020,5680,10904,-133,-110,88,9792,-8920,8940,-111,122,-204,-14584,3908,3632,-1073,93,-116,-14700,-3476,5440,-506,202,-95,0
2303.3721210956573,9760,5520,10840,-98,-119,96,9972,-8948,8960,-64,122,-225,-14792,3880,3572,-1064,136,-75,-14536,-3504,5608,-272,240,-115,0
2303.405435085296,10108,5564,10960,-154,-138,113,9584,-8920,8956,-43,107,-251,-14524,4016,3732,-1081,98,-113,-14712,-3460,5540,-534,223,-104,0
2303.4389629364014,10072,5480,10804,-93,-82,95,9748,-8848,8904,-79,118,-212,-14764,4044,3572,-1055,112,-119,-14596,-3508,5572,-548,196,-114,0
2303.471885919571,10112,5592,11056,-147,-111,89,9712,-8912,8960,-23,158,-168,-14768,3992,3660,-1056,69,-63,-14708,-3464,5560,-531,162,-139,0
2303.505661010742,10012,5536,10876,-125,-54,93,9824,-8904,9004,-34,150,-168,-14636,3944,3604,-1065,71,-26,-14652,-3564,5516,-554,152,-156,0
2303.5392980575566,9760,5504,11120,-112,-76,127,9652,-8852,8936,-64,130,-121,-14692,3864,3648,-1064,122,-59,-14652,-3544,5476,-518,158,-107,0
2303.577656030655,9780,5548,10920,-132,-113,117,9716,-9024,8896,-135,114,-207,-14724,3920,3708,-1278,138,-91,-14836,-3616,5516,-497,172,-128,0
2303.6118800640106,10064,5380,10988,-114,-90,94,9728,-8980,8972,-110,137,-176,-14824,4016,3752,-1012,54,-83,-14708,-3512,5492,-523,145,-161,0
2303.6452050209045,10124,5412,10876,-179,-102,91,9752,-9200,8972,-29,136,-186,-14704,3988,3764,-1062,81,-112,-14556,-3480,5548,-766,219,-120,0
2303.678759098053,9764,5568,10880,-133,-37,113,9936,-8860,9200,-35,114,-172,-14500,4052,3428,-1045,119,-62,-14812,-3504,5512,-487,161,-140,0
2303.712644100189,10008,5628,11012,-67,-51,75,9856,-9000,9156,-95,162,-182,-14604,4008,3768,-772,52,-18,-14756,-3500,5548,-534,130,-190,0
2303.7462470531464,10000,5516,11140,-158,-50,92,9504,-9012,8792,12,166,-154,-14836,4060,3448,-1082,79,-118,-14692,-3472,5544,-510,195,-92,0
2303.7799501419067,9956,5548,11048,-84,-70,130,9800,-9188,8824,-29,127,-159,-14644,3908,3712,-1075,126,-113,-14440,-3576,5444,-510,171,-90,0
2303.813590049744,10212,5608,10956,-123,-80,152,9764,-8852,9072,-75,117,-173,-14604,3904,3656,-1021,120,-89,-14676,-3640,5536,-500,119,-89,0
2303.847146987915,10208,5860,11112,-97,-57,138,9748,-8932,8992,-108,102,-143,-14684,3940,3472,-1011,90,-59,-14740,-3836,5600,-495,133,-85,0
2303.880681037903,10220,5392,10984,-154,-94,160,9700,-8732,9192,-111,144,-156,-14500,3856,3604,-1004,102,-42,-14724,-3532,5476,-487,107,-114,0
2303.914269924164,10196,5640,10960,-156,-81,136,9540,-8728,8896,-94,124,-179,-14696,3936,3660,-1002,109,-53,-14716,-3556,5424,-464,150,-103,0
2303.947865962982,10076,5592,10736,-176,-68,116,9632,-9036,8912,-31,93,-206,-14620,3880,3748,-1100,106,-93,-14744,-3440,5544,-511,159,-105,0
2303.981332063675,10000,5472,11036,-84,-81,97,9756,-9060,8908,14,139,-208,-14736,3860,3392,-1112,59,-108,-14724,-3344,5440,-534,215,-117,0
2304.0149331092834,10112,5596,10948,-92,-90,79,9872,-9152,8880,21,136,-221,-14676,3972,3624,-1094,11,-109,-14708,-3468,5612,-517,207,-157,0
2304.0485379695892,10112,5552,10984,-133,-60,45,9848,-8992,8948,-45,167,-182,-14636,3960,3720,-1027,52,-59,-14616,-3552,5608,-478,164,-170,0
2304.081958055496,10052,5636,11000,-165,-103,57,9504,-9084,9164,-78,159,-193,-14628,3940,3604,-1035,90,-62,-14720,-3792,5532,-489,157,-151,0
2304.118660926819,10076,5864,10892,-153,-130,114,9720,-8952,9012,-71,140,-176,-14676,3972,3688,-1033,86,-81,-14668,-3672,5564,-498,173,-110,0
2304.154041051864,9792,5884,10924,-160,-103,116,9716,-8920,9020,-68,130,-177,-14844,4024,3412,-1089,112,-96,-14676,-3360,5476,-500,182,-113,0
2304.1889860630035,9992,5608,10892,-154,-76,93,9796,-9036,8816,-47,180,-203,-14752,3936,3712,-1090,98,-91,-14640,-3560,5384,-557,179,-137,0
2304.2251031398773,9804,5472,10944,-129,-74,82,9808,-9056,8780,13,181,-207,-14688,3912,3576,-1103,64,-86,-14788,-3336,5628,-539,212,-129,0
2304.2607650756836,9956,5716,10936,-111,-79,54,9704,-8912,8856,21,156,-221,-14736,3900,3700,-1087,81,-166,-14696,-3544,5564,-545,217,-161,0
2304.295356988907,10208,5400,10960,-108,-70,72,9740,-8884,8996,-31,116,-198,-14636,3940,3480,-1093,107,-60,-14860,-3544,5392,-537,204,-119,0
2304.331190109253,10116,5668,10908,-105,-126,107,9764,-8968,9020,-26,84,-176,-14728,3900,3824,-1053,124,-105,-14760,-3464,5540,-538,154,-114,0
2304.3673779964447,10084,5724,10944,-113,-118,123,9520,-9000,8956,-74,114,-165,-14664,3896,3588,-1105,128,-56,-14692,-3560,5532,-262,161,-73,0
2304.402274131775,9972,5596,10956,-128,-84,118,9884,-9032,8768,-113,120,-189,-14652,3908,3836,-1087,128,-73,-14768,-3524,5520,-484,167,-108,0
2304.4374160766606,10016,5588,10760,-183,-125,128,9792,-9192,8976,-94,149,-178,-14688,3896,3672,-1114,54,-49,-14664,-3564,5504,-502,154,-119,0
2304.4729840755463,9736,5636,10896,-152,-116,124,9720,-8988,8980,-78,163,-177,-14628,3864,3696,-1097,70,-83,-14792,-3492,5264,-501,161,-146,0
2304.508500099182,10032,5640,10996,-153,-62,85,9764,-9032,9124,-55,159,-165,-14708,3972,3568,-1066,61,-56,-14824,-3584,5580,-526,170,-119,0
2304.5437829494476,9992,5672,10868,-121,-106,101,9620,-9056,8980,-53,126,-184,-14600,3900,3600,-1030,91,-91,-14708,-3540,5512,-768,171,-98,0
2304.579623937607,10048,5608,10932,-95,-112,127,9640,-9008,8980,-69,107,-176,-15004,3808,3496,-1037,117,-96,-14792,-3684,5524,-503,180,-101,0
2304.6149179935455,9748,5728,10808,-145,-111,115,9732,-8904,8852,-86,88,-189,-14404,4084,3668,-1032,109,-79,-14776,-3524,5608,-488,142,-114,0
2304.6507251262665,10196,5748,10988,-43,-43,95,9872,-8960,9196,-109,135,-159,-14724,3940,3756,-1017,52,-32,-14712,-3672,5308,-538,74,-153,0
2304.6861479282375,10076,5620,10864,-171,-8,78,9804,-9008,9000,-32,143,-153,-14628,3840,3544,-1044,55,-252,-14744,-3576,5428,-541,118,-149,0
2304.7220890522003,10092,5796,10840,-78,11,73,9796,-8716,9028,-86,105,-130,-14692,3780,3736,-771,57,-46,-14740,-3592,5492,-490,81,-147,0
2304.7590301036835,10044,5604,10968,-134,-43,43,9716,-8964,9020,-86,161,-160,-14352,3844,3620,-1054,28,10,-14684,-3488,5480,-511,105,-153,0
2304.7926959991455,10136,5376,10912,-96,-1,82,9668,-9088,8972,-45,101,-144,-14792,3988,3712,-1062,76,35,-14388,-3376,5468,-497,107,-112,0
2304.8260071277614,9856,5800,10916,-69,10,139,9668,-8976,9104,-84,81,-124,-14628,4032,3588,-1280,100,-24,-14684,-3428,5448,-535,81,-122,0
2304.8597300052643,9944,5692,10780,-68,-9,108,9740,-8996,8872,-126,85,-168,-14388,4024,3716,-975,95,-38,-14668,-3600,5448,-508,70,-159,0
2304.893208026886,9896,5672,10616,-84,-25,102,9724,-9088,8712,-100,103,-168,-14368,3928,3748,-993,83,-66,-14660,-3452,5304,-538,150,-160,0
2304.9266400337215,9856,5388,10840,-94,-79,68,9748,-9096,8824,-58,144,-196,-14704,3948,3852,-1274,63,-82,-14564,-3532,5512,-540,174,-203,0
2304.960310935974,9892,5672,10768,-118,-113,45,9704,-9036,8824,-6,150,-267,-14552,3932,3872,-1060,82,-79,-14680,-3672,5820,-259,212,-188,0
2304.9939529895782,9904,5684,10896,-77,-117,18,9496,-8744,9156,-60,130,-341,-14604,3952,3708,-1049,116,-114,-14832,-3352,5604,-473,231,-157,0
2305.027580976486,10056,5688,10992,-141,-184,-6,9816,-9056,8880,-92,68,-363,-14820,3944,3660,-1276,125,-138,-14796,-3496,5432,-463,190,-164,0
2305.061110019684,10068,5704,10892,-179,-102,252,9812,-9044,9156,-105,39,-343,-14684,3952,3740,-996,147,-98,-14716,-3572,5416,-469,155,-169,0
2305.094738006592,10048,5704,10936,-169,-99,65,9748,-9020,9016,-88,130,-266,-14568,4008,3720,-1045,116,-112,-14656,-3520,5444,-479,152,-152,0
2305.1282291412354,10084,5848,10852,-166,-38,46,9720,-9084,8980,-77,177,-224,-14644,4032,3716,-1270,77,-29,-14688,-3672,5448,-495,125,-128,0
2305.16162109375,9960,5892,10864,-186,-19,58,9476,-8964,8832,-69,186,-177,-14824,3788,3672,-960,75,-85,-14752,-3636,5628,-428,126,-111,0
2305.1953001022334,9956,5720,10956,-231,-36,73,9748,-9048,8956,-61,186,-174,-14544,3868,3796,-1026,85,-109,-14772,-3728,5432,-484,159,-101,0
2305.228655099869,9996,5680,10872,-209,-51,92,9704,-9076,9084,-41,182,-186,-14624,3880,3668,-1066,91,-105,-14600,-3596,5492,-522,177,-126,3
2305.2621469497685,10032,5828,10864,-194,-74,66,9820,-9124,8944,-4,157,-181,-14592,3960,3668,-1069,75,-96,-14740,-3644,5444,-558,217,-117,3
2305.2956440448766,9924,5696,11188,-184,-72,90,9840,-9136,9152,-50,200,-196,-14672,3992,3808,-1054,76,-72,-14760,-3348,5508,-536,199,-93,3
2305.3290579319005,9928,6116,10860,-226,-68,71,9800,-8988,9044,-37,198,-183,-14844,3696,3628,-1055,77,-133,-14632,-3392,5532,-259,190,-101,3
2305.3624589443207,9916,5732,11032,-258,-72,114,9712,-9056,8916,-54,173,-215,-14620,4016,3796,-1016,105,-130,-14748,-3516,5784,-510,199,-57,3
2305.3959040641785,10016,5720,10984,-277,-51,121,9964,-9116,8832,-37,179,-156,-14640,3940,3600,-769,61,-123,-14712,-3696,5508,-497,166,-89,3
2305.429151058197,10020,5700,10848,-261,-47,140,9860,-9088,8972,13,198,-144,-14744,4020,3668,-1020,94,-92,-14684,-3332,5456,-517,155,-94,3
2305.462657928467,9916,5568,10988,-363,-80,120,9980,-9056,8908,59,230,-166,-14620,3904,3664,-1066,67,-155,-14612,-3372,5472,-497,182,-128,3
2305.4963760375977,9964,5720,10964,-235,-61,138,9780,-8772,9028,61,247,-196,-14692,3912,3640,-1061,31,-167,-14736,-3656,5332,-461,220,-125,3
2305.5294411182404,9972,5752,10928,-285,-185,120,9728,-9072,8864,42,233,-219,-14612,4004,3660,-1043,33,-199,-14688,-3520,5256,-464,285,-113,0
2305.5624639987946,10036,5660,11000,-276,-171,111,9748,-9024,8964,61,223,-214,-14632,3944,3820,-1089,31,-168,-14848,-3576,5408,-451,217,-127,0
2305.596039056778,9984,5632,10928,-193,-81,90,9840,-8992,8960,110,227,-187,-14772,4020,3612,-1056,32,-157,-14744,-3696,5256,-482,149,-168,0
2305.6294820308685,10220,5792,10936,-190,-48,102,9760,-8712,8708,78,182,-172,-14640,3860,3584,-1008,24,-133,-14676,-3640,5384,-760,143,-124,0
2305.6628410816193,10032,5832,10900,-175,-89,120,9708,-8988,8968,41,227,-181,-14620,3976,3660,-1058,51,-108,-14708,-3588,5388,-495,172,-107,0
2305.6967480182648,10064,5768,10888,-179,-116,99,9880,-8724,8756,2,212,-206,-14672,3976,3784,-1068,58,-110,-14752,-3840,5344,-482,201,-144,0
2305.730036020279,10176,5680,10760,-242,-184,120,9772,-9008,9084,3,198,-216,-14664,3888,3604,-1048,56,-159,-14764,-3536,5352,-491,190,-125,0
2305.7634439468384,10040,5684,10828,-177,-165,146,9492,-8940,8892,-18,150,-202,-14612,3796,3812,-1039,77,-105,-14636,-3608,5452,-474,204,-53,0
2305.8003330230713,10088,5748,10932,-230,-194,181,9740,-9132,9020,-16,110,-169,-14652,3932,3664,-1030,146,-104,-14708,-3592,5452,-474,146,-76,0
2305.8353481292725,10044,5736,10856,-204,-159,164,9692,-8976,8984,-8,99,-182,-14536,3864,3904,-1044,153,-96,-14668,-3640,5428,-500,202,-62,0
2305.8702900409694,9992,5676,10840,-201,-191,197,9732,-8788,9076,-13,93,-215,-14568,3928,3984,-1077,160,-112,-14600,-3756,5336,-500,200,-71,0
2305.905981063843,9984,5680,10792,-183,-173,208,9604,-8996,8792,-16,86,-208,-14624,4072,3660,-1044,142,-130,-14780,-3704,5364,-474,221,-41,0
2305.941829919815,10132,5636,10992,-218,-252,192,9772,-9020,8868,-42,117,-237,-14688,3908,3672,-1022,124,-176,-14656,-3340,5496,-487,203,-65,0
2305.9777829647064,9728,5884,10864,-232,-511,170,9844,-9096,8912,3,120,-239,-14692,3912,3664,-997,108,-185,-14712,-3816,5440,-469,235,-82,0
2306.012943029404,10068,5560,10992,-235,-265,157,9700,-8884,9156,13,124,-251,-14708,3600,3428,-1039,147,-170,-14776,-3580,5408,-473,216,-52,0
2306.0487439632416,9744,5384,10968,-234,-274,201,9748,-9072,8972,30,97,-3,-14660,3816,3764,-986,170,-164,-14784,-3520,5476,-443,277,-40,0
2306.0843889713287,10108,5472,10904,-283,-309,195,9848,-9008,8856,1,110,-262,-14704,3812,3756,-1007,169,-151,-14744,-3400,5404,-470,245,-36,0
2306.1199190616608,10132,5592,10956,-9,-291,195,9800,-8964,9088,17,83,-260,-14696,3900,3772,-1043,134,-118,-14688,-3508,5328,-501,207,-93,0
2306.1550199985504,10160,5472,10784,-257,-506,159,9848,-8924,9068,40,147,-220,-14676,4028,3364,-1060,104,-170,-14752,-3576,5352,-505,204,-140,0
2306.1903400421143,10036,5380,10524,-223,-235,144,9708,-8820,9040,33,166,-209,-14684,3752,3808,-1013,96,-132,-14736,-3840,5596,-461,151,-81,0
2306.2255449295044,10208,5668,10788,-252,-266,119,9876,-8872,8984,-19,180,-226,-14716,4088,3880,-769,85,-177,-14692,-3500,5348,-467,225,-92,0
2306.2608840465546,10076,5556,10868,-293,-280,153,9664,-8836,9068,44,93,-229,-14648,3612,3724,-1057,127,-158,-14660,-3612,5376,-479,186,-98,0
2306.2961199283604,10492,5556,10848,-203,-193,155,9844,-8888,9060,62,134,-162,-14648,3852,3780,-1067,79,-106,-14776,-3720,5376,-260,123,-118,0
2306.3318819999695,10260,5608,10556,-271,-181,126,9828,-8924,8892,8,150,-180,-14628,3776,3812,-1279,68,-122,-14776,-3368,5412,-495,144,-90,0
2306.367383003235,10240,5608,10996,-354,-344,177,9976,-8972,9148,35,124,-248,-14636,3780,3692,-1030,132,-158,-14684,-3804,5252,-477,214,-56,0
2306.4028899669647,10000,5548,10804,-327,-435,232,9740,-8872,8948,9,41,-257,-14612,3788,3608,-1005,160,-161,-14700,-3520,5404,-457,207,-35,0
2306.437684059143,10144,5732,10784,-233,-437,292,9616,-9064,9236,-122,-255,-510,-14788,3956,3644,-769,220,-215,-14568,-3508,5356,-506,241,-61,0
2306.4736659526825,10104,5384,10976,-99,-427,220,9772,-8992,9140,59,51,-512,-14776,3776,3696,-1077,170,-170,-14812,-3560,5356,-540,237,-44,0
2306.5071980953217,10420,5596,10688,-30,-251,209,9736,-8544,9016,225,37,-215,-14784,3780,3788,-1037,270,-56,-14796,-3432,5388,-440,231,1,0
2306.540573120117,10352,5328,10756,-133,-233,243,9872,-8880,9188,93,29,-508,-14796,3824,3768,-778,230,-139,-14808,-3548,5364,-548,2,-36,0
2306.574173927307,10392,5380,10800,-346,-554,272,9880,-8888,8980,118,58,-510,-14640,3840,3604,-1055,150,-182,-14716,-3672,5384,-497,212,-38,0
2306.6075999736786,10200,5440,10764,-163,-386,237,9532,-8880,8980,124,4,-290,-14544,3816,3656,-1049,194,-201,-14620,-3636,5404,-499,226,-51,0
2306.6409080028534,10268,5468,10780,-281,-443,214,9776,-8868,8920,80,105,-289,-14464,3548,3812,-926,236,-145,-14676,-3396,5124,-488,362,-62,0
2306.6750440597534,10260,5340,10580,-30,-403,133,9780,-8860,8992,-26,44,-310,-14568,3732,3656,-1054,184,-164,-14676,-3524,5188,-549,255,-125,0
2306.7085671424866,10276,5448,10488,16,-249,98,9812,-8744,8856,-105,62,-252,-14728,3648,3500,-1030,216,-43,-14988,-3552,5196,-490,183,-158,0
2306.7420771121974,10584,5560,10516,253,196,-28,10068,-8728,8900,-243,-43,-161,-14980,3664,3484,-987,136,-222,-14908,-3400,5136,-470,65,-241,0
2306.775587081909,10572,5212,10532,72,375,-124,10148,-8872,8792,-143,294,-61,-14768,3696,3656,-1057,-43,6,-14764,-3460,5088,-490,31,-297,0
2306.809164047241,10464,5424,10476,164,487,-158,9888,-8852,8752,-76,349,-256,-14756,3732,3716,-1112,-153,30,-14840,-3536,5260,-503,-256,-288,0
2306.842600107193,10420,5656,10804,2,497,-122,9836,-8900,9088,-43,383,-30,-14712,3688,3712,-1044,-74,65,-14616,-3808,5368,-472,-70,-252,0
2306.8761389255524,10188,5716,11100,-90,301,-31,9648,-8904,9248,-121,193,-60,-14724,3860,4088,-958,34,91,-14904,-3748,5304,-494,-83,-212,0
2306.9095780849457,10380,5772,10848,67,203,23,9764,-8968,8960,-321,218,5,-14752,3712,3912,-903,-30,114,-14744,-3696,5464,-566,-129,-232,0
2306.943114042282,10184,5596,10640,68,274,12,9496,-8932,8752,-233,234,32,-14592,3624,3860,-942,-69,131,-14660,-3564,5548,-555,-116,-247,0
2306.976827144623,10124,5504,10900,109,343,-17,9516,-9192,9164,-151,253,53,-14664,3900,3972,-771,-140,121,-14704,-3596,5480,-566,-131,-264,0
2307.0102400779724,10092,5716,10796,31,396,-27,9696,-8944,9036,-88,252,38,-14616,3884,3652,-952,-91,156,-14672,-3660,5340,-526,-120,-226,0
2307.0435700416565,10108,5676,10888,-108,319,-11,9636,-9028,9120,-80,259,-36,-14348,3856,3688,-972,-14,87,-14668,-3668,5396,-522,-7,-202,0
2307.0772840976715,10232,5860,11176,-64,125,44,9768,-9076,9080,-77,166,-116,-14500,3896,3812,-1006,94,-51,-14620,-3652,5284,-529,136,-135,0
2307.1106710433965,10076,5396,10904,-13,-2,95,9652,-9036,8740,-68,118,-173,-14572,3960,3700,-1007,111,-63,-14768,-3632,5464,-542,195,-116,0
2307.143970012665,10140,5680,10892,4,44,116,9656,-8952,8908,-99,105,-147,-14564,3832,3656,-1007,130,-252,-14704,-3612,5360,-561,94,-105,0
2307.1776571273804,10068,5708,10676,-4,73,100,9740,-8908,8944,-137,120,-119,-14612,3816,3840,-957,52,46,-14692,-3648,5400,-567,82,-148,0
2307.211287021637,10004,5764,10860,-102,87,71,9476,-8948,9144,-65,161,-124,-14620,3824,4088,-972,28,-37,-14732,-3700,5620,-532,97,-178,0
2307.2445819377895,10124,5688,11160,-101,158,55,9780,-9076,9072,-79,181,-110,-14540,3924,3868,-961,31,-49,-14776,-3364,5132,-480,86,-168,0
2307.2780950069427,9820,5744,10832,-90,89,59,9740,-9016,8808,-72,166,-138,-14676,4064,3856,-984,58,-57,-14688,-3724,5184,-491,106,-153,0
2307.3116891384125,10016,5816,10832,-56,73,57,9764,-8908,9060,-112,180,-141,-14592,3696,3900,-926,-6,39,-14708,-3676,5428,-507,98,-171,0
2307.3453171253204,10176,5608,10976,-59,89,19,9508,-9204,8704,-109,151,-142,-14684,3888,3860,-963,50,-19,-14592,-3612,5472,-498,104,-126,0
2307.378886938095,10100,5628,10932,-73,42,54,9516,-9120,8952,-114,134,-123,-14396,3712,3768,-984,60,-47,-14680,-3580,5472,-514,99,-137,0
2307.412248134613,9956,5676,10772,-42,57,88,9772,-8932,8764,-82,137,-136,-14636,3928,3944,-1024,63,-40,-14740,-3740,5388,-478,96,-146,0
2307.445505142212,10228,5692,10760,-83,64,53,9744,-9076,8876,-79,165,-158,-14660,3828,3800,-982,42,-55,-14764,-3644,5348,-471,101,-209,0
2307.4823479652405,9932,5788,10832,-99,47,47,9668,-8996,8984,-117,148,-120,-14756,4040,3916,-994,-23,-15,-14676,-3672,5532,-476,85,-203,0
2307.5180320739746,10100,5800,10892,-60,56,39,9720,-9016,9040,-77,250,-68,-14632,3864,3836,-1014,17,255,-14664,-3664,5588,-509,54,-204,0
2307.5532701015472,9892,5844,10984,-168,56,88,9600,-9116,8736,-44,204,-73,-14584,3980,3884,-1002,28,36,-14740,-3772,5504,-488,55,-135,0
2307.5891840457916,9912,6132,10872,-39,83,83,9688,-9048,9144,-158,139,-92,-14636,3848,3760,-961,86,26,-14604,-3724,5576,-478,58,-99,0
2307.623920917511,9980,5852,10868,-119,22,118,9744,-9000,8724,-173,39,-95,-14576,3888,3688,-959,95,27,-14596,-3776,5312,-443,75,-102,0
2307.6598150730133,9856,5692,10932,-96,36,117,9676,-9072,8904,-178,52,-137,-14732,3940,3900,-986,96,-59,-14612,-3764,5416,-471,116,-135,0
2307.695043087005,9880,5772,10908,-51,0,95,9680,-9144,8896,-125,65,-160,-14380,3880,3864,-980,69,-28,-14764,-3668,5548,-440,105,-124,0
2307.730803012848,9972,5672,10924,-87,20,34,9604,-9088,8920,-122,177,-167,-14668,4024,3828,-967,44,-27,-14688,-3788,5508,-448,22,-175,0
2307.7660229206085,10012,5816,10832,-108,69,34,9956,-9084,8896,-86,212,-113,-14664,3976,3808,-983,52,246,-14720,-3644,5500,-442,16,-164,0
2307.80234003067,10044,5744,10868,-109,26,38,9656,-9064,8932,-56,216,-91,-14600,3872,3692,-962,-23,0,-14672,-3676,5492,-450,46,-218,0
2307.8374249935146,9916,5864,10920,-151,28,35,9660,-9076,9192,-137,162,-139,-14444,3980,3776,-1004,-246,1,-14620,-3728,5840,-450,45,-170,0
2307.8730120658875,9844,5796,10984,-128,41,56,9648,-9140,8968,-128,191,-130,-14532,3916,3612,-948,18,-26,-14616,-3776,5532,-414,48,-189,0
2307.9081511497498,9896,5816,10936,-145,30,57,9584,-9096,8996,-125,222,-177,-14540,3880,3924,-947,67,-9,-14360,-3740,5408,-426,22,-161,0
2307.9431359767914,9856,5932,10944,-140,-27,22,9572,-9076,9008,-82,190,-190,-14552,4024,3728,-961,81,-87,-14812,-3748,5600,-411,57,-172,0
2307.9783029556274,9856,5816,10620,-149,-36,71,9688,-9136,9036,-27,165,-205,-14540,3960,3896,-998,85,-47,-14612,-3820,5476,-367,105,-138,0
2308.0139620304108,9876,5832,10820,-119,-42,73,9696,-9048,9040,-79,139,-208,-14556,3948,3800,-1000,95,-84,-14672,-3724,5612,-357,83,-108,0
2308.0494940280914,9924,5860,11228,-103,-33,91,9624,-9028,8980,-68,103,-226,-14832,4080,3856,-970,106,-65,-14740,-3776,5568,-394,85,-110,0
2308.0839710235596,10000,5828,10964,-159,-54,67,9716,-9088,8920,-61,121,-174,-14528,3848,3612,-934,109,-64,-14660,-3616,5596,-437,125,-118,0
2308.1214480400085,9908,5784,10864,-160,-48,91,9772,-9252,8896,-58,128,-215,-14816,3844,3988,-922,127,-56,-14708,-3636,5560,-455,134,-109,0
2308.1547999382014,9928,6104,10932,-196,-27,72,9788,-9128,8736,-57,154,-188,-14696,4032,3852,-946,116,-69,-14648,-3804,5608,-415,92,-141,0
2308.1884441375732,9968,5828,11220,-188,-32,32,9476,-9192,8724,-65,194,-205,-14676,3940,3976,-935,99,-106,-14720,-3700,5492,-422,151,-177,0
2308.221941947937,9876,5648,11212,-144,-60,14,9688,-9204,8816,-31,224,-236,-14636,4016,3788,-966,44,-91,-14712,-3648,5700,-489,127,-168,0
2308.255474090576,9916,5660,10916,-130,-52,55,9708,-9024,8816,-32,229,-157,-14580,4076,3776,-1005,-254,-256,-14672,-3660,5636,-511,112,-141,0
2308.2892150878906,9896,5800,10912,-245,-58,74,9596,-9180,8908,10,175,-104,-14544,4064,3916,-1032,108,-238,-14652,-3776,5484,-467,73,-73,0
2308.322695016861,9896,5912,10784,-104,12,152,9584,-9108,8988,-69,141,-88,-14340,3940,3832,-1278,125,12,-14620,-3676,5848,-457,84,-107,0
2308.3562049865723,9848,5880,10860,-160,-251,109,9716,-9148,9200,-14,162,-100,-14712,4032,4088,-987,98,-62,-14408,-3624,5884,-503,47,-185,0
2308.389526128769,9780,5636,10992,-118,86,53,9620,-9072,8944,-8,166,-142,-14632,4000,3964,-932,82,-49,-14364,-3604,5404,-496,80,-189,0
2308.422966003418,9844,6064,10876,-149,27,34,9732,-9156,8916,-38,232,-158,-14612,3928,3916,-986,13,-52,-14568,-3764,5540,-257,110,-208,0
2308.456964969635,9776,5892,11092,-143,-34,15,9544,-9004,8976,-30,275,-145,-14548,4012,3944,-974,-29,-111,-14560,-3816,5508,-474,144,-243,0
2308.490427017212,9844,5976,10788,-140,-99,-15,9668,-9088,8760,-27,250,-202,-14632,4092,3776,-988,42,-76,-14656,-3692,5500,-433,159,-180,0
2308.5239329338074,9836,5996,11184,-145,-67,54,9552,-9092,9064,-37,186,-192,-14464,3964,3808,-938,81,-109,-14608,-3668,5596,-465,149,-120,0
2308.5574679374695,9740,5864,10568,-205,-74,119,9708,-9060,8904,-64,120,-193,-14492,4080,3976,-770,153,-69,-14520,-3700,5696,-476,163,-58,0
2308.5972261428833,9664,5880,10976,-197,-85,173,9528,-9156,8956,-114,23,-199,-14560,4044,3976,-998,261,-32,-14592,-3748,5552,-453,158,14,0
2308.630984067917,9952,5836,10896,-265,-91,199,9712,-9136,8836,-111,250,-193,-14572,3840,3992,-953,209,254,-14644,-3668,5516,-454,121,249,0
2308.664356946945,9836,5756,11080,-249,-77,151,9692,-8972,8952,-101,94,-197,-14696,4040,3960,-968,217,-5,-14468,-3720,5512,-439,167,-14,0
2308.6980810165405,9780,5856,11076,-252,-121,158,9632,-9064,8976,-112,54,-242,-14552,3964,3840,-994,152,-24,-14696,-3776,5376,-427,176,-10,0
2308.7316110134125,9864,5920,11212,-300,-90,147,9976,-9144,8876,-119,143,-162,-14736,4192,3872,-928,94,-9,-14716,-3628,5436,-478,77,-75,0
2308.765172958374,10188,5632,10824,-174,10,81,9704,-9308,8920,-76,185,-141,-14744,3988,3804,-985,49,-29,-14780,-3812,5744,-494,116,-126,0
2308.798677921295,9932,5840,11228,-175,252,61,9580,-9320,8988,34,167,-153,-14580,4156,3916,-1056,41,237,-14340,-3636,5708,-552,128,-120,0
2308.8321349620815,9640,5872,11160,-180,-6,119,9700,-9168,8732,-10,119,-112,-14368,4016,4044,-1020,103,-16,-14648,-3644,5604,-528,119,-41,0
2308.8656570911407,9960,5876,10976,-140,-39,177,9712,-9212,8784,-113,96,-177,-14612,4052,3820,-979,121,-13,-14660,-3688,5788,-519,148,-20,0
2308.8989601135254,9744,6124,11184,-228,-125,207,9652,-9216,8860,-61,77,-187,-14496,4252,3952,-981,169,-87,-14600,-3708,5624,-260,212,-19,0
2308.9322221279144,9820,5892,10908,-171,-116,209,9716,-9048,8752,-70,42,-188,-14480,3992,4040,-975,199,-50,-14704,-3644,5484,-464,176,-247,0
2308.9657011032104,9856,5808,10940,-198,-95,183,9652,-9048,8716,-73,46,-196,-14516,4032,4040,-971,173,-35,-14612,-3716,5776,-466,165,-47,0
2308.999216079712,9856,5788,10912,-231,-62,138,9652,-9260,8776,-91,104,-215,-14696,3944,3820,-963,104,-57,-14648,-3736,5660,-438,150,-69,0
2309.032879114151,9808,5652,10808,-220,-42,47,9608,-9184,8712,-91,150,-212,-14660,4084,3656,-942,85,-120,-14664,-3600,5576,-428,103,-123,0
2309.0664551258087,9948,5636,10948,-256,-39,77,9640,-9172,8976,-84,215,-166,-14676,4312,3956,-999,-3,-97,-14796,-3636,5552,-463,130,-170,0
2309.0998029708862,9896,5904,10972,-272,-44,83,9652,-9216,8940,20,221,-159,-14356,3944,4020,-989,-252,-75,-14612,-3640,5624,-539,140,-131,0
2309.133213996887,9952,6108,10928,-234,-67,117,9624,-9120,8876,-57,122,-156,-14532,4132,3832,-774,81,-33,-14712,-3672,5632,-541,160,-20,0
2309.1702179908752,9784,5892,11128,-245,-95,201,9556,-9196,8860,-66,21,-152,-14540,4120,3768,-1010,171,-97,-14548,-3340,5756,-555,162,-6,0
2309.2054851055145,9768,5632,11064,-187,-101,280,9564,-9336,8800,29,89,-130,-14792,4136,3736,-1277,173,-169,-14372,-3576,5608,-559,201,-44,0
2309.2415010929108,9696,5704,10996,-182,-106,190,9544,-9188,8836,28,121,-226,-14788,3904,3808,-998,148,-266,-14536,-3600,5492,-485,264,-66,0
2309.2774951457977,9728,5784,11100,-252,-204,135,9752,-9020,8704,-30,168,-302,-14536,3988,3936,-960,141,-318,-14616,-3668,5600,-443,347,-133,0
2309.3130300045013,9888,5848,10788,-296,-309,72,9776,-8968,9196,-34,249,-397,-14648,3856,3868,-955,33,-357,-14656,-3772,5168,-401,419,-161,0
2309.348680973053,9916,6000,10932,-336,-314,3,9640,-9068,8872,-26,262,-479,-14716,3972,3992,-903,-253,-391,-14844,-3784,5480,-365,445,-198,0
2309.383525133133,9740,5972,10804,-381,-351,-37,9784,-9092,8836,-38,319,-409,-14716,4000,3892,-894,-61,-229,-15040,-3760,5528,-376,335,-183,0
2309.41965508461,9772,5916,10880,-355,-266,-36,9584,-9096,9072,-43,305,-306,-14640,3864,3956,-981,-82,-157,-14812,-3628,5712,-473,176,-214,0
2309.4554669857025,9792,5880,10980,-196,-128,8,9548,-9148,8992,61,261,-191,-14576,4136,3760,-1003,-44,-93,-14704,-3616,5764,-506,115,-164,0
2309.4912309646606,9928,5724,11000,-184,-39,97,9564,-9016,8808,25,170,-128,-14460,4296,3780,-993,59,-38,-14724,-3800,5632,-517,59,-62,0
2309.5275249481206,9748,5828,11072,-5,-53,196,9528,-9112,8876,-4,100,-108,-14428,4024,3772,-927,157,-89,-14488,-3564,5452,-486,117,-31,0
2309.5628719329834,9700,5748,10976,-282,-147,213,9716,-9028,8924,-38,122,-194,-14616,3996,3908,-934,193,-145,-14600,-3724,5436,-420,236,-26,0
2309.5981969833374,9848,5720,10952,-299,-207,202,9636,-9144,8928,-25,144,-236,-14696,4080,3964,-999,156,-144,-14720,-3728,5572,-478,250,-71,0
2309.6336851119995,9952,5728,10844,-253,-240,172,9648,-9116,8960,43,133,-502,-14696,4048,3784,-1063,94,-146,-14756,-3644,5560,-489,240,-72,0
2309.6696491241455,10064,5796,10864,-232,-202,154,9728,-9136,8716,18,124,-215,-14788,3928,4072,-1011,95,-57,-14800,-3632,5580,-485,165,-104,0
2309.7049801349644,9740,5740,10888,-251,-141,138,9616,-9124,8996,10,150,-218,-14648,3924,3880,-961,82,-93,-14584,-3752,5388,-433,110,-135,0
2309.7411789894104,9896,5636,10860,-242,-132,54,9684,-9164,9176,14,172,-252,-14556,3984,3972,-936,30,-162,-14648,-3804,5620,-401,149,-168,0
2309.777087926864,9924,5840,10872,-277,-169,58,9696,-9084,9024,10,233,-255,-14664,3944,4060,-942,-253,-178,-14588,-3648,5560,-435,215,-132,0
2309.8133959770203,10004,5712,10916,-298,-208,80,9728,-9112,9008,-4,190,-235,-14712,3976,3808,-995,57,-116,-14748,-3680,5516,-460,166,-142,0
2309.847015142441,10020,5768,10936,-147,-93,70,9636,-9056,8988,13,162,-193,-14636,3944,3768,-1025,67,-77,-14832,-3592,5456,-487,134,-124,0
2309.8805091381073,9884,5708,11232,-193,-163,133,9616,-9172,9104,51,127,-171,-14440,4056,3772,-1067,104,-87,-14844,-3556,5432,-548,164,-129,0
2309.9139389991765,9956,5780,10832,-21,-60,134,9608,-9048,8868,-2,98,-157,-14584,3884,3876,-1040,167,-109,-14688,-3696,5336,-494,165,-44,0
2309.947552919388,10004,5884,11148,-94,-126,109,9724,-9004,8916,-7,118,-199,-14600,3816,3948,-1028,206,-130,-14744,-3400,5392,-487,193,-134,0
2309.9810750484467,10156,5824,10772,-75,-62,112,9720,-9072,8760,-6,209,-180,-14620,3936,3896,-1048,127,-130,-14612,-3632,5356,-514,188,-122,0
2310.014580011368,9924,5792,10776,-45,-51,142,9640,-8972,8944,27,152,-158,-14576,3920,3764,-1127,109,-61,-14688,-3632,5548,-544,155,-70,0
2310.0482189655304,9916,5788,10984,-82,-39,141,9616,-9108,9088,15,55,-161,-14532,4000,3600,-1069,199,-24,-14700,-3512,5524,-540,142,-26,0
2310.081843137741,9956,5804,11012,-87,-39,198,9596,-9128,8876,-21,-23,-138,-14528,4040,3692,-1061,282,-9,-14688,-3560,5520,-536,129,32,0
2310.1153891086574,9980,5636,11012,-49,-50,271,9612,-9068,8880,24,11,-100,-14380,4108,3800,-1108,295,-83,-14560,-3464,5552,-573,156,45,0
2310.1486740112305,9832,5652,10808,30,-63,280,9648,-9188,8868,55,-45,-106,-14528,3976,3652,-1183,325,-114,-14592,-3664,5540,-619,170,-6,0
2310.181965112686,9832,5720,10908,52,-63,227,9640,-9112,8940,55,30,-153,-14592,3932,3940,-1121,249,-137,-14804,-3392,5536,-628,167,-60,0
2310.2156150341034,10040,5848,10696,24,-70,165,9748,-9052,8960,38,39,-187,-14620,3952,4004,-1166,228,-101,-14772,-3808,5456,-535,174,-63,0
2310.2493200302124,9916,5756,10896,-45,-145,186,9676,-9060,8968,49,124,-175,-14576,3880,3840,-1149,243,-151,-14672,-3692,5608,-489,165,-67,0
2310.2828810214996,10208,6072,10816,-53,-75,139,9616,-9036,9116,18,46,-251,-14688,4088,3908,-1094,180,-156,-14728,-3740,5620,-500,211,-143,0
2310.316059112549,9908,5884,10896,-33,-160,73,9728,-9012,9196,-32,96,-2,-14788,4092,4064,-1038,136,-144,-14708,-3632,5400,-505,206,-145,0
2310.349925994873,10100,5944,10760,-95,-124,71,9656,-9052,8976,-37,121,-239,-14820,3888,3672,-991,147,-132,-14820,-3620,5472,-444,169,-82,0
2310.3834331035614,10032,5756,10932,-80,-153,66,9692,-9056,8960,-83,99,-242,-14636,3972,4092,-976,175,-90,-14608,-3568,5424,-444,125,-127,0
2310.4173669815063,9944,5816,10872,-117,-126,99,9608,-9116,9080,-39,44,-226,-14616,3932,3736,-1040,191,-79,-14684,-3348,5620,-508,101,-134,0
2310.4509880542755,10012,5800,10712,-111,-108,153,9836,-9076,8868,-17,32,-225,-14564,4052,3760,-1042,164,-47,-14728,-3608,5428,-540,122,-120,0
2310.484465122223,9984,5872,10820,-72,-160,160,9780,-9084,8836,-62,37,-219,-14592,3952,3664,-1068,164,-96,-14704,-3600,5504,-540,132,-105,0
2310.5176939964294,10004,5768,10728,-95,-174,137,9588,-8968,9052,-90,42,-188,-14628,3956,3624,-1058,182,-72,-14756,-3532,5512,-536,78,-100,0
2310.551232099533,10056,5796,10708,-57,-110,142,9796,-9104,9172,-50,55,-159,-14396,4040,3780,-1084,120,-26,-14664,-3596,5424,-553,105,-113,0
2310.5848579406734,9996,5720,10800,-175,-134,143,9660,-9084,8892,2,88,-167,-14488,3928,3764,-1061,135,-90,-14620,-3832,5548,-540,124,-149,0
2310.6181070804596,9964,5844,10816,-94,-83,139,9696,-9008,8936,-49,50,-175,-14696,4088,3756,-1048,124,-74,-14824,-3640,5476,-506,75,-154,0
2310.651448965072,9992,5764,10940,-106,-87,101,9808,-9068,8820,-29,74,-165,-14676,3960,3812,-1276,126,-53,-14536,-3648,5564,-520,117,-164,0
2310.685070037842,9860,5880,10764,-124,-91,118,9636,-9044,8780,253,60,-182,-14708,3628,3696,-1001,120,-51,-14776,-3544,5492,-531,90,-173,0
2310.718579053879,10124,5856,10812,-54,-105,112,9700,-8992,8844,21,39,-185,-14592,3920,3728,-1043,130,-23,-14696,-3540,5444,-544,83,-135,0
2310.7519049644466,10036,5920,10848,-53,-112,105,9620,-9092,8896,-55,41,-194,-14620,3940,3860,-1003,140,-70,-14720,-3752,5412,-519,100,-183,0
2310.785439014435,9924,5884,10820,-76,-125,114,9684,-8988,9048,-56,50,-222,-14556,3868,4076,-1049,147,-39,-14720,-3644,5492,-492,93,-134,0
2310.8185679912567,9996,6140,10896,-95,-103,114,9740,-8752,9108,-33,29,-174,-14644,3920,3964,-1048,138,-28,-14604,-3592,5556,-267,108,-129,0
2310.856117963791,10204,5760,10856,-165,-374,-295,9716,-9276,8904,18,120,-230,-14604,3976,3740,-1040,125,-65,-14684,-3696,5540,-457,152,-92,0
2310.891860961914,9968,5788,10852,-73,-156,133,9956,-9104,8864,-62,72,-215,-14656,3932,3688,-1038,146,-82,-14688,-3608,5440,-491,121,-110,0
2310.9282970428467,10112,5876,10680,-162,-169,132,9720,-9084,8892,-42,76,-182,-14612,4024,3816,-980,124,-42,-14752,-3700,5548,-762,96,-117,0
2310.963396072388,9996,5844,10996,-83,-119,123,9628,-9100,8792,-59,103,-171,-14732,3984,3920,-1002,130,-10,-14708,-3596,5412,-549,96,-128,0
2310.999171972275,9980,5944,10640,-92,-174,88,9648,-9020,8860,-52,87,-166,-14584,3880,3804,-1003,93,-38,-14640,-3584,5588,-512,121,-120,0
2311.0342350006104,9952,5796,10800,-102,-123,121,9476,-9064,8812,-94,83,-186,-14816,3964,3740,-943,128,-67,-14820,-3608,5376,-516,97,-119,0
2311.0694830417633,10052,5868,10924,-109,-109,85,9796,-9088,8692,-83,112,-189,-14620,3932,3772,-988,100,-65,-14644,-3692,5532,-492,123,-142,0
2311.104716062546,10072,5796,10880,-143,-84,107,9800,-9128,9120,-54,135,-183,-14684,3952,3720,-1015,122,-100,-14664,-3476,5560,-514,92,-134,0
2311.139708995819,10144,5784,10852,-113,-53,109,9644,-9084,8856,-253,95,-177,-14628,4032,3748,-994,107,-37,-14592,-3608,5512,-503,98,-168,0
2311.175042152405,9944,5876,10984,-141,-37,121,9744,-9100,8960,-254,88,-180,-14560,3920,3852,-1000,125,-92,-14496,-3640,5684,-538,110,-117,0
2311.2107110023494,9936,5872,10764,-141,-38,119,9668,-9072,8836,-1,99,-184,-14644,3888,3672,-1010,136,-83,-14536,-3680,5600,-494,122,-101,0
2311.245521068573,10048,5936,10732,-129,-29,123,9488,-8984,8868,-45,90,-174,-14564,3980,3864,-967,128,-58,-14720,-3620,5528,-282,93,-142,0
2311.2818961143494,9984,5852,10848,-203,13,91,9796,-9052,8916,28,164,-132,-14840,4040,3780,-961,84,-106,-14684,-3644,5636,-508,125,-143,0
2311.3179080486298,10028,5940,10628,-177,24,119,9696,-9004,8972,-11,112,-151,-14836,3856,3788,-953,114,-62,-14716,-3780,5472,-490,81,-99,0
2311.3534450531006,9976,5880,10796,-149,-15,118,9844,-9088,8864,-69,109,-163,-14692,3884,4024,-969,124,-87,-14712,-3616,5584,-505,121,-86,0
2311.3891639709473,10028,5844,10820,-222,8,106,9736,-9132,8680,11,138,-183,-14356,3904,3752,-942,87,-33,-14724,-3628,5388,-520,140,-117,0
2311.423942089081,9984,5824,10788,-152,43,78,9608,-8996,8788,48,145,-156,-14560,3980,3664,-978,106,-107,-14736,-3560,5604,-468,136,-100,0
2311.4593739509583,9952,5784,10824,-232,65,92,9644,-9116,8748,21,194,-140,-14632,3968,3732,-952,73,-78,-14700,-3772,5468,-472,122,-97,0
2311.4947850704193,9920,5808,10808,-1,52,118,9976,-9124,8908,-26,167,-138,-14720,4004,3828,-945,99,-64,-14684,-3600,5608,-439,130,-68,0
2311.528317928314,10008,5708,10864,-278,52,120,9736,-9052,8868,27,150,-170,-14572,3960,3712,-968,112,-114,-14524,-3628,5456,-451,152,-83,0
2311.5618050098415,9788,5840,11020,-263,-44,145,9736,-9056,9000,60,170,-178,-14648,3880,3896,-1004,89,-138,-14584,-3576,5544,-461,163,-80,0
2311.5953121185303,9944,5900,10848,-512,-20,153,9692,-9012,8896,55,165,-193,-14576,3916,3888,-1009,157,-108,-14644,-3652,5616,-460,153,-83,0
2311.6286709308624,9884,5868,10944,-237,-51,140,9652,-8996,8884,36,175,-183,-14700,3940,3768,-1004,115,-110,-14692,-3688,5496,-478,175,-76,0
2311.6619160175323,9980,5644,10812,-247,-41,107,9668,-9040,8936,64,138,-194,-14688,4036,3756,-998,136,-164,-14656,-3636,5452,-456,150,-68,0
2311.6955001354218,10040,5816,10852,-238,-45,129,9796,-9116,8960,71,139,-189,-14620,3984,3696,-1010,119,-172,-14648,-3628,5496,-466,181,-96,0
2311.7290279865265,9988,5936,10840,-241,-62,151,9736,-8976,8940,56,133,-181,-14560,3872,3812,-1014,154,-151,-14700,-3672,5560,-471,171,-66,0
2311.7625761032104,9920,5868,10952,-265,-55,161,9728,-9076,9136,35,137,-215,-14672,3928,3816,-990,147,-127,-14832,-3656,5376,-459,177,-83,0
2311.796466112137,10044,5776,10872,-257,-100,141,9844,-9160,8896,22,157,-201,-14652,3964,3560,-1005,158,-107,-14636,-3764,5508,-459,170,-81,0
2311.8299391269684,10004,5828,10940,-278,-81,147,9748,-9056,8916,47,176,-212,-14656,3892,3612,-1009,142,-157,-14840,-3352,5332,-482,170,-93,0
2311.863326072693,10052,5756,10864,-507,-116,158,9784,-9084,8808,71,149,-185,-14712,3940,3652,-998,136,-146,-14664,-3520,5484,-482,162,-86,0
2311.8968811035156,9964,5840,10928,-269,-73,132,9740,-9008,9200,54,133,-187,-14604,3940,3680,-776,134,-107,-14660,-3612,5624,-482,154,-104,0
2311.9301059246063,9916,5836,11092,-264,-100,130,9772,-9028,8992,43,134,-184,-14604,3912,3832,-777,113,-101,-14364,-3624,5540,-485,170,-90,0
2311.963606119156,10008,5808,10812,-504,-108,148,9696,-9004,8832,-252,164,-209,-14600,3908,3688,-1271,164,-106,-14664,-3588,5396,-500,138,-110,0
2311.997298002243,10016,5716,10816,-180,-104,168,9808,-8992,8940,-248,136,-168,-14652,3984,3680,-1013,160,-95,-14660,-3488,5572,-531,132,-98,0
2312.030622959137,10048,5736,10740,-254,-91,132,9796,-9012,9020,62,122,-191,-14748,3944,3764,-1035,113,-123,-14636,-3632,5652,-510,161,-131,0
2312.064026117325,9992,5848,10808,-218,-93,133,9660,-9064,9112,29,125,-196,-14536,3908,3680,-971,144,-91,-14632,-3816,5492,-486,162,-90,0
2312.097676038742,9940,5800,10864,-139,-76,113,9800,-8736,8944,-49,135,-219,-14672,3912,3692,-921,175,-80,-14688,-3632,5516,-493,170,-109,0
2312.130990982056,10076,5676,10876,-226,-88,100,9768,-9004,8872,7,125,-217,-14836,3936,3672,-971,144,-131,-14696,-3540,5508,-492,154,-147,0
2312.164260149002,10104,5784,10652,-121,-23,85,9748,-8956,8808,30,133,-156,-14672,3876,3408,-990,106,-54,-14736,-3628,5436,-501,93,-151,0
2312.1977591514587,10088,5824,10884,-140,40,54,9704,-9200,8888,-2,155,-161,-14696,3832,3628,-969,94,-1,-14636,-3632,5548,-511,76,-177,0
2312.2311289310455,9892,5776,10936,-150,27,74,9760,-9084,9012,-10,144,-150,-14676,3924,3660,-960,118,-61,-14680,-3632,5744,-529,117,-150,0
2312.2648520469666,9868,5808,10988,-131,-29,93,9804,-9028,8880,-25,143,-174,-14552,3840,3712,-953,175,-57,-14600,-3520,5476,-536,168,-118,0
2312.2981090545654,9972,5748,10888,-148,-64,141,9952,-8708,8720,250,110,-181,-14676,3872,3696,-952,158,-98,-14668,-3540,5484,-507,171,-140,0
2312.331582069397,9884,5736,10840,-149,-68,132,9904,-9196,8728,-22,100,-198,-14712,3940,3668,-990,88,-71,-14664,-3628,5588,-492,182,-124,0
2312.3651950359344,10052,5796,11056,-130,-40,121,9828,-8976,9008,-39,172,-171,-14636,3968,3584,-981,130,-42,-14704,-3664,5376,-477,166,-109,0
2312.3986289501186,9904,5836,11064,-199,-46,123,9748,-9000,8976,-28,166,-169,-14600,4000,3804,-959,89,-72,-14672,-3708,5812,-480,167,-133,0
2312.431967020035,9880,5788,10800,-138,-37,105,9544,-8964,8956,-15,133,-171,-14712,3900,3596,-997,103,-88,-14708,-3600,5772,-511,139,-129,0
2312.4656989574432,9920,5840,10852,-155,-53,125,9764,-8968,9176,-22,92,-146,-14652,3944,3800,-979,113,-50,-14664,-3648,5492,-509,160,-92,0
2312.4989850521088,9860,5708,10836,-154,-76,122,9868,-8904,9064,-57,113,-194,-14528,3920,3628,-942,153,-48,-14692,-3352,5452,-503,141,-117,0
2312.537117958069,9916,5808,10808,-155,-88,101,9760,-8952,8988,-43,129,-210,-14584,3996,3644,-975,139,-99,-14672,-3608,5536,-501,154,-131,0
2312.572238922119,10156,5728,10820,-148,-88,107,9752,-9008,8732,-41,135,-157,-14732,3852,3636,-982,90,-89,-14632,-3648,5704,-497,132,-142,0
2312.607437133789,9992,5788,10832,-122,-55,86,9472,-9212,8988,-30,113,-173,-14696,3932,3736,-981,102,-89,-14628,-3676,5392,-518,132,-140,0
2312.643399953842,9868,5788,10872,-163,-72,104,9724,-8972,8956,-27,119,-197,-14712,3852,3764,-976,91,-91,-14736,-3692,5624,-452,132,-128,0
2312.6793711185455,9896,5804,10808,-162,-90,87,9736,-8752,8800,-66,148,-176,-14664,3984,3712,-988,120,-64,-14704,-3628,5672,-512,121,-144,0
2312.714956998825,9924,5728,11036,-73,-89,122,9916,-9020,8884,-62,100,-173,-14752,3944,3492,-1002,94,-36,-14724,-3692,5500,-524,159,-158,0
2312.7508730888367,9924,5788,10972,-193,-100,127,9760,-8980,8960,8,126,-190,-14612,3896,3760,-1026,106,-105,-14688,-3740,5736,-484,142,-132,0
2312.786064147949,10040,5660,10756,-77,-47,101,9792,-8984,9164,-96,102,-198,-14688,3960,3688,-1017,121,-40,-14708,-3728,5504,-497,102,-141,0
2312.821766138077,9924,5716,10960,-132,-112,81,9768,-9068,9168,-42,121,-179,-14672,4020,3596,-994,106,-85,-14692,-3604,5500,-486,161,-147,0
2312.8573961257935,9780,5840,10868,-101,-90,123,9512,-8996,8836,-16,111,-156,-14512,3884,3484,-1029,96,-64,-14848,-3600,5616,-474,132,-136,0
2312.892921924591,10040,5808,10688,-95,-78,103,9764,-9000,9016,-39,103,-166,-14612,3944,3512,-1280,53,-78,-14724,-3572,5576,-456,116,-121,0
2312.9287519454956,9920,5768,11024,-119,-85,113,9680,-9064,8808,-60,126,-174,-14764,3948,3608,-1001,79,-81,-14696,-3588,5500,-494,142,-123,0
2312.9642939567566,9960,5756,10916,-159,-83,126,9828,-9068,9124,-24,130,-173,-14520,3940,3664,-1028,96,-29,-14636,-3624,5448,-481,161,-111,0
2312.9994900226593,9932,5796,10936,-127,-85,103,9768,-9084,8892,-10,128,-179,-14632,4008,3696,-1001,115,-92,-14644,-3688,5580,-489,152,-157,0
2313.0350980758667,9928,5756,10832,-153,-91,127,9688,-9028,8884,250,149,-187,-14388,4000,3724,-1270,105,-52,-14440,-3712,5640,-491,154,-112,0
2313.0703949928284,10016,5868,10848,-116,-95,128,9952,-9084,9060,-19,128,-174,-14608,4016,3628,-1014,104,-122,-14612,-3672,5584,-489,147,-123,0
2313.1058490276337,9948,5744,10928,-185,-119,116,9828,-9044,9012,-12,118,-208,-14540,3904,3600,-1005,127,-73,-14600,-3712,5676,-478,151,-132,0
2313.141221046448,10016,5764,10780,-134,-119,115,9792,-8936,9052,-28,131,-221,-14832,3948,3616,-1025,93,-60,-14696,-3812,5588,-473,182,-113,0
2313.177407026291,10220,5828,11260,-130,-96,124,9720,-8984,8952,-31,115,-188,-14732,3976,3844,-1047,132,-43,-14688,-3632,5536,-475,139,-145,0
2313.2110209465027,9972,5820,10924,-144,-128,127,9892,-8968,8860,-30,122,-181,-14652,3920,3676,-1022,103,-98,-14616,-3584,5460,-476,145,-110,0
2313.2445261478424,9728,5812,10912,-167,-103,112,9756,-8960,9204,-36,126,-216,-14688,3924,3680,-1280,87,-79,-14672,-3648,5628,-449,167,-128,0
2313.278074026108,10188,5868,10916,-185,-114,128,9516,-9076,8704,-2,136,-181,-14652,3956,3640,-770,83,-76,-14672,-3696,5524,-483,137,-146,0
2313.3116879463196,9992,5780,10912,-139,-86,117,9764,-8992,8960,-7,112,-162,-14712,3988,3748,-1280,93,-70,-14624,-3584,5652,-487,132,-142,0
2313.344922065735,10016,5828,10784,-158,-76,135,9712,-8984,8896,-6,112,-192,-14544,3984,3912,-1031,119,-91,-14600,-3608,5628,-485,148,-121,0
2313.3784401416774,10236,5784,10824,-144,-98,131,9740,-9168,8840,-12,63,-173,-14632,3984,3744,-1057,125,-108,-14708,-3724,5496,-483,154,-114,0
2313.4116921424866,9912,5852,10868,-152,-105,135,9764,-8988,8756,-26,104,-197,-14348,3640,3548,-1011,131,-66,-14632,-3640,5544,-453,155,-101,0
2313.4451689720154,9948,5892,10920,-151,-100,122,9752,-8984,9080,-34,110,-200,-14628,3904,3736,-1051,129,-75,-14636,-3748,5860,-482,155,-114,0
2313.478578090668,10016,5764,10988,-134,-117,136,9768,-9172,8744,-51,115,-184,-14604,3956,3732,-1023,87,-46,-14732,-3592,5608,-488,151,-134,0
2313.512120008468,10232,5828,10724,-154,-105,130,9872,-8980,8812,-30,123,-178,-14604,3932,3704,-992,108,-82,-14592,-3740,5620,-258,158,-120,0
2313.5456769466405,9956,5756,10596,-161,-99,107,9828,-8984,9016,-28,148,-204,-14692,3908,3560,-993,112,-84,-14700,-3360,5520,-498,159,-116,0
2313.5792610645294,9856,5808,10636,-158,-122,117,9812,-8796,8980,-57,133,-201,-14628,4040,3760,-1006,97,-79,-14384,-3596,5508,-459,149,-119,0
2313.61531496048,9744,5820,10936,-161,-129,129,9772,-8932,8868,-45,131,-186,-14676,3984,3672,-1011,100,-73,-14636,-3656,5508,-493,169,-84,0
2313.649477958679,10000,5844,10792,-167,-91,111,9472,-9188,8752,-56,135,-186,-14632,3916,3592,-1010,110,-85,-14704,-3684,5484,-262,165,-106,0
2313.6829581260686,9900,5832,10832,-148,-106,116,9704,-8972,8912,-16,141,-189,-14584,4012,3548,-1013,107,-110,-14640,-3632,5616,-495,165,-119,0
2313.7166550159454,10208,5828,10884,-163,-110,117,9704,-8948,8876,-41,158,-204,-14580,3948,3784,-990,112,-139,-14696,-3632,5436,-451,173,-124,0
2313.750165939331,9940,6060,10500,-191,-99,107,9864,-8964,8912,-76,137,-197,-14644,3984,3744,-962,97,-65,-14760,-3352,5684,-478,127,-118,0
2313.7836689949036,10016,5808,10952,-132,-79,91,9804,-9044,8868,-42,145,-156,-14756,3876,3740,-1006,83,-39,-14632,-3612,5580,-505,139,-141,0
2313.8174340724945,9740,5784,10924,-217,-61,118,9824,-8896,8852,17,143,-155,-14636,4000,3692,-1015,59,-64,-14644,-3712,5488,-493,135,-92,0
2313.8510620594025,10008,5900,10960,-93,-13,101,9924,-8968,8980,-94,118,-166,-14780,4024,3560,-950,95,-87,-14784,-3740,5528,-514,123,-126,0
2313.8843121528625,10024,5828,10824,-165,-75,75,9748,-9064,8968,-91,189,-159,-14756,3972,3688,-992,23,-106,-14600,-3580,5520,-491,138,-125,0
2313.9176359176636,10152,5676,10972,-135,-25,72,9780,-8780,8828,-44,184,-148,-14620,3936,3516,-1031,50,-75,-14676,-3660,5448,-474,126,-164,0
2313.951131105423,9756,5848,10820,-159,-17,114,9768,-8964,8988,249,196,-158,-14544,4016,3612,-1010,58,-62,-14664,-3700,5700,-482,106,-124,0
2313.9848330020905,9824,5864,10924,-188,-29,102,9716,-8916,9016,-65,222,-159,-14840,4012,3660,-963,54,-49,-14672,-3664,5864,-460,118,-99,0
2314.0183470249176,10036,5768,10900,-226,-60,98,9680,-9012,8948,-47,203,-168,-14568,4040,3884,-973,86,-129,-14432,-3720,5720,-485,151,-60,0
2314.0519030094147,10024,5760,10868,-206,-62,108,9968,-9044,8896,-65,191,-186,-14652,4000,3472,-1022,69,-108,-14844,-3732,5436,-493,167,-54,0
2314.0855190753937,9732,5764,10664,-198,-72,112,9788,-8964,8900,-21,190,-198,-14656,3952,3696,-769,95,-121,-14572,-3668,5584,-472,168,-71,0
2314.1190860271454,9916,5764,10864,-233,-87,101,9676,-9104,8968,-40,194,-206,-14600,3996,3756,-771,114,-79,-14612,-3588,5512,-453,178,-63,0
2314.152428150177,10032,5756,10884,-234,-85,133,9544,-9012,8972,-34,214,-174,-14448,3904,3644,-1002,97,-152,-14716,-3552,5608,-480,169,-83,0
2314.1857759952545,9940,5844,10924,-241,-55,118,9716,-9028,9196,-26,202,-183,-14656,4000,3800,-1038,103,-117,-14432,-3832,5452,-483,146,-77,0
2314.2234151363373,10008,5916,10752,-230,-96,106,9728,-9040,8872,-36,202,-183,-14620,3928,3752,-1028,88,-157,-14668,-3836,5836,-488,177,-64,0
2314.2591099739075,9740,5780,10656,-231,-95,136,9708,-8920,8924,-60,152,-209,-14580,3908,3552,-1008,127,-115,-14396,-3692,5540,-481,166,-73,0
2314.2942039966583,9920,5692,10940,-252,-101,130,9828,-9064,9180,-43,165,-185,-14716,4040,3588,-1263,136,-133,-14636,-3600,5504,-463,177,-89,0
2314.3302330970764,10016,5772,10724,-501,-125,107,9792,-8804,8856,-45,176,-222,-14740,3912,3752,-1004,102,-125,-14640,-3640,5592,-487,176,-95,0
2314.3655400276184,10036,5860,10952,-244,-91,124,9656,-9148,9176,-33,194,-225,-14672,4016,3692,-1008,111,-150,-14664,-3584,5492,-477,175,-82,0
2314.4010241031647,10016,5760,10700,-223,-113,117,9796,-9004,9140,-19,199,-192,-14672,4056,3732,-992,91,-116,-14664,-3344,5516,-478,144,-87,0
2314.436252117157,9860,5780,10932,-235,-86,111,9512,-8996,9032,-37,184,-195,-14604,3968,3588,-1031,102,-134,-14668,-3548,5544,-494,189,-89,0
2314.4723529815674,9996,5816,10788,-195,-133,115,9704,-9064,8752,-26,135,-183,-14636,3932,3800,-1040,135,-86,-14700,-3712,5600,-496,174,-64,0
2314.5073721408844,10012,5856,10780,-218,-124,144,9676,-8988,9028,-29,135,-205,-14636,3936,3712,-1055,155,-126,-14804,-3740,5396,-490,172,-87,0
2314.54264998436,9956,5784,10848,-216,-134,158,9920,-9212,8828,-51,166,-194,-14700,3948,3596,-1027,108,-77,-14704,-3668,5588,-477,128,-110,0
2314.5786349773407,9844,5860,10896,-223,-113,129,9792,-8724,8872,-44,164,-188,-14632,3976,3728,-1031,119,-102,-14652,-3684,5508,-489,167,-66,0
2314.61386013031,10048,5800,10820,-217,-128,146,9732,-9076,8848,-25,184,-202,-14716,3980,3828,-1006,105,-131,-14620,-3628,5508,-458,168,-102,0
2314.6492869853973,10148,5732,10880,-197,-100,128,9484,-8728,8796,-29,146,-169,-14652,4012,3800,-1009,87,-79,-14672,-3660,5540,-512,93,-87,0
2314.684746980667,10048,5812,10932,-203,-98,120,9680,-9052,8828,7,166,-162,-14640,3916,3720,-1061,82,-109,-14660,-3564,5484,-515,178,-112,0
2314.720395088196,9824,5704,10812,-289,-147,139,9640,-8868,8988,41,162,-183,-14348,3868,3608,-1032,101,-45,-14648,-3672,5608,-481,123,-102,0
2314.7555401325226,10024,5828,10888,-151,-114,100,9788,-9032,8852,-65,143,-174,-14684,4088,3980,-1001,131,-80,-14728,-3396,5580,-493,176,-133,0
2314.791631937027,10040,5688,10912,-220,-159,126,9756,-9028,8944,-10,184,-237,-14600,3896,3792,-1035,87,-92,-14756,-3572,5504,-463,210,-96,0
2314.827665090561,10104,5740,10760,-135,-79,106,9744,-8928,8956,-20,101,-179,-14712,3920,3672,-1037,114,-64,-14732,-3696,5540,-492,97,-125,0
2314.8634960651398,10040,5824,10904,-135,-81,111,9736,-8908,8860,-76,119,-157,-14696,3920,3788,-1011,48,-17,-14696,-3712,5820,-488,89,-149,0
2314.89688205719,10004,5732,10816,-144,-36,71,9712,-8992,8896,-59,150,-163,-14572,3968,3712,-778,66,-55,-14620,-3800,5540,-485,124,-156,0
2314.930125951767,10232,5748,10652,-153,-53,108,9804,-9060,8952,-73,143,-175,-14660,3896,3772,-1038,79,-104,-14740,-3600,5416,-468,138,-122,0
2314.9636991024017,9796,5736,10768,-89,-99,98,9604,-8960,8856,-36,133,-214,-14632,3932,3760,-1059,94,-81,-14808,-3828,5520,-489,185,-90,0
2314.9973759651184,9848,5772,10984,-184,-129,117,9500,-8748,8732,-46,102,-233,-14364,3888,3720,-1065,128,-73,-14420,-3724,5668,-442,161,-112,0
2315.0308561325073,10056,5700,10816,-95,-101,110,9480,-9004,9004,-71,104,-201,-14672,3632,3828,-1051,97,-55,-14788,-3636,5720,-497,140,-93,0
2315.0645129680634,9964,5708,10992,-140,-90,92,9748,-9004,9132,-65,151,-161,-14624,3888,3820,-1043,80,-74,-14744,-3588,5484,-515,119,-129,0
2315.098098039627,10008,5832,11008,-111,-42,97,9720,-9036,8908,-56,137,-162,-14600,3964,3780,-1011,124,-74,-14436,-3400,5476,-497,129,-101,0
2315.131488084793,10028,5692,10884,-108,-48,122,9704,-8892,8968,-39,125,-160,-14620,3904,3604,-1271,98,-74,-14416,-3628,5496,-502,134,-97,0
2315.1650099754333,9908,5724,10856,-137,-65,136,9968,-8976,9000,-36,138,-165,-14676,3852,3764,-991,124,-55,-14360,-3512,5852,-486,138,-94,0
2315.1985409259796,9960,5724,10912,-141,-83,96,9724,-8908,8888,-81,144,-204,-14604,3924,3600,-994,114,-95,-14668,-3632,5460,-479,167,-114,0
2315.231668949127,10012,5688,10900,-190,-118,118,9976,-9028,8872,-72,112,-202,-14736,3884,3744,-1000,136,-123,-14732,-3640,5552,-450,144,-119,0
2315.265394926071,10124,5644,10884,-141,-117,123,9744,-9016,8984,-57,128,-200,-14612,3964,3592,-1032,115,-86,-14828,-3804,5484,-476,142,-130,0
2315.2989630699158,9988,5796,10880,-143,-91,136,9724,-8972,9020,-40,108,-181,-14640,3912,3704,-1038,94,-51,-14408,-3840,5468,-476,144,-104,0
2315.3324410915375,10020,5808,10780,-108,-82,135,9684,-9080,9004,-37,114,-188,-14652,3960,3856,-1025,141,-45,-14688,-3632,5616,-492,147,-122,0
2315.3660321235657,10064,5708,10760,-85,-82,105,9684,-9044,8880,-37,105,-199,-14848,3956,3764,-1035,159,-61,-14716,-3644,5404,-507,176,-130,0
2315.399600028992,10024,5736,10752,-135,-121,125,9556,-9040,8752,-33,91,-182,-14824,4044,3664,-1034,136,-107,-14760,-3560,5592,-465,125,-124,0
2315.4329080581665,10112,5820,10904,-164,-80,123,9800,-8984,8728,-46,96,-158,-14652,3860,3600,-1011,139,-79,-14696,-3592,5432,-482,114,-142,0
2315.4666330814366,10060,5844,10680,-154,-76,106,9708,-8992,8856,8,118,-175,-14684,3848,3784,-1274,99,-56,-14680,-3688,5504,-508,179,-156,0
2315.5001890659332,10012,5792,11128,-199,-109,123,9800,-8956,8852,11,125,-185,-14680,3900,3824,-1047,110,-68,-14624,-3644,5812,-476,150,-117,0
2315.533704996109,9904,5832,10876,-114,-63,91,9964,-9184,8980,-30,121,-185,-14616,3984,3956,-1005,111,-77,-14764,-3704,5524,-464,156,-128,0
2315.5673620700836,10024,5616,10908,-219,-81,102,9932,-9040,8784,-75,232,-181,-14652,4008,3608,-974,82,-73,-14648,-3548,5444,-464,231,-109,0
2315.6011600494385,10064,5792,10812,-157,-79,116,9828,-9008,9160,35,132,-172,-14652,3864,3656,-975,69,-97,-14708,-3656,5472,-488,184,-135,0
2315.6345880031586,10036,5764,10836,-99,-38,109,9976,-9068,8888,78,107,-174,-14692,3888,3784,-915,122,-64,-14784,-3652,5460,-500,100,-145,0
2315.668370008468,10000,5652,10820,-155,-25,84,9480,-9016,8972,-36,116,-167,-14680,3976,3668,-887,112,-8,-14492,-3596,5404,-260,113,-135,0
2315.7018101215363,10028,5792,10496,-182,-29,134,9672,-9040,8888,-59,140,-142,-14356,3956,3760,-917,71,-48,-14648,-3676,5492,-504,142,-138,0
2315.7354130744934,9956,5792,10808,-117,-74,113,9644,-9040,9052,-70,69,-168,-14652,3988,3416,-953,126,-44,-14776,-3732,5528,-530,132,-110,0
2315.7692840099335,9968,5700,11008,-134,-93,133,9720,-9064,8932,-52,95,-167,-14524,3880,3680,-1001,73,-131,-14672,-3656,5524,-499,196,-116,0
2315.8028860092163,9964,5836,10840,-115,-67,108,9732,-8944,8880,-49,84,-204,-14704,3940,3716,-957,137,-128,-14848,-3564,5420,-499,152,-126,0
2315.836595058441,10076,5836,10868,-172,-87,99,9760,-8996,9132,-52,74,-169,-14728,3960,3428,-938,139,-83,-14684,-3636,5472,-508,146,-127,0
2315.872843980789,10116,5740,10804,-115,-40,86,9780,-9116,8864,-53,96,-180,-14692,3868,3680,-1007,105,-63,-14572,-3572,5672,-498,158,-147,0
2315.908565044403,10032,5736,10972,-129,-77,116,9740,-8880,8836,-67,139,-168,-14668,4016,3760,-1014,99,-36,-14632,-3536,5376,-499,133,-135,0
2315.9619059562683,10088,5788,10936,-147,-177,84,9748,-9072,8820,-120,183,-178,-14704,3852,3812,-977,87,-108,-14680,-3664,5508,-488,127,-163,0
2316.0089321136475,10156,5736,10872,-142,-200,88,9704,-9020,9140,-113,186,-190,-14692,3848,3600,-769,69,-79,-14780,-3608,5376,-496,154,-138,0
2316.0455229282375,10072,5884,10884,-101,-174,88,9732,-8988,8980,-133,131,-189,-14652,4068,3732,-1058,104,-97,-14648,-3564,5452,-546,133,-120,0
2316.081223011017,10108,5800,10776,-59,-137,96,9700,-9012,8772,-89,130,-213,-14568,3892,3716,-1095,120,-73,-14672,-3652,5612,-519,107,-157,0
2316.116245031357,10204,5828,10868,-58,-71,90,9740,-8980,8824,-30,136,-211,-14604,4064,3700,-1119,139,-87,-14652,-3648,5716,-257,127,-111,0
2316.1517601013184,10116,5772,10812,-105,11,106,9704,-9048,8944,-21,156,-177,-14624,3952,3668,-1106,147,-59,-14760,-3720,5692,-476,113,-106,0
2316.188085079193,9940,5840,10896,-176,6,113,9528,-9052,8868,21,149,-171,-14524,3948,3668,-1110,148,-31,-14632,-3556,5380,-437,118,-106,0
2316.2236320972443,10048,5796,10880,-147,-26,99,9812,-9036,8964,-2,152,-161,-14408,4004,3824,-1090,166,-80,-14680,-3660,5572,-439,96,-116,0
2316.2591321468353,10056,6088,10700,-122,-56,99,9856,-9004,8888,11,115,-155,-14628,3912,3652,-1065,128,-39,-14668,-3736,5552,-430,141,-103,0
2316.294042110443,9996,5744,10548,-145,-23,100,9772,-9020,8948,-17,166,-159,-14648,3936,4024,-1024,79,-55,-14676,-3640,5484,-476,113,-127,0
2316.329829931259,10100,5812,10920,-124,-16,80,9720,-9048,8888,-50,221,-110,-14784,4096,3652,-1278,34,5,-14736,-3592,5588,-562,77,-125,0
2316.365550994873,10148,5724,10832,-133,-11,112,9812,-9072,8884,-82,159,-95,-14624,3992,3760,-999,80,31,-14556,-3524,5664,-525,22,-90,0
2316.4018199443817,9920,5812,10860,-227,33,141,9668,-9080,9196,-88,80,-100,-14544,3904,3752,-1016,137,-14,-14424,-3724,5528,-478,95,-65,0
2316.4376969337463,9988,5808,10752,-72,30,116,9860,-9112,9088,-100,141,-119,-14684,3972,4056,-1020,48,-7,-14780,-3684,5620,-505,125,-107,0
2316.472809076309,10100,5900,10940,-223,-27,84,9816,-9108,8912,-66,193,-138,-14656,4012,3696,-980,-251,-33,-14620,-3624,5564,-507,143,-150,0
2316.5076200962067,10076,5912,10912,-137,28,117,9524,-8804,9052,-24,124,-109,-14512,3912,3644,-999,66,28,-14580,-3636,5716,-489,77,-124,0
2316.5431611537933,9952,5632,10864,-158,48,87,9748,-8968,8860,-29,149,-122,-14696,4016,3716,-953,48,-1,-14552,-3712,5628,-442,47,-102,0
2316.576897144317,9908,5804,10840,-193,-3,93,9672,-9056,9008,-85,200,-173,-14680,4004,3888,-931,42,-36,-14624,-3660,5592,-449,94,-124,0
2316.6104271411896,9808,5860,10784,-274,-28,103,9592,-9028,8824,-43,177,-141,-14632,4020,3692,-933,26,-41,-14676,-3824,5820,-261,80,-65,0
2316.6433861255646,9880,5940,10656,-236,-57,117,9696,-9056,8876,-64,66,-148,-14580,4036,3800,-961,117,-33,-14596,-3684,5680,-465,91,-255,0
2316.678684949875,9892,5804,10772,-298,-61,176,9676,-9116,8804,-47,96,-191,-14552,3976,3332,-968,136,-56,-14636,-3332,5640,-475,139,-32,0
2316.7123279571533,9900,5808,10788,-224,-74,199,9708,-9048,8820,-51,120,-139,-14600,4124,3612,-939,132,-59,-14692,-3600,5772,-469,101,-26,0
2316.745320081711,9948,5764,10956,-278,-87,227,9668,-9116,8960,-30,75,-156,-14744,3928,3668,-952,209,-67,-14600,-3668,5512,-444,144,-9,0
2316.7789680957794,10004,5812,10724,-273,-45,185,9784,-9056,8880,-9,109,-161,-14364,4032,3624,-1013,174,-50,-14656,-3652,5708,-434,147,-43,0
2316.812572956085,10032,5732,11024,-281,-67,159,9932,-9172,8980,7,123,-199,-14708,3932,3712,-776,134,-114,-14692,-3692,5816,-452,167,-47,0
2316.845818042755,10000,5796,10920,-284,-59,124,9780,-9000,9084,-41,104,-212,-14684,3944,3788,-999,137,-90,-14840,-3680,5516,-425,143,-76,0
2316.8794140815735,9984,5816,10948,-302,-93,108,9764,-8980,8780,-76,180,-206,-14668,4000,3788,-997,74,-38,-14592,-3648,5464,-414,105,-83,0
2316.9130630493164,9916,5732,10816,-238,-126,115,9492,-9072,9064,-61,190,-219,-14652,3936,3716,-993,63,-75,-14752,-3608,5484,-480,211,-92,0
2316.946594953537,10020,5740,10828,-271,-94,101,9980,-8944,9072,-50,204,-206,-14368,3928,3556,-1276,82,-78,-14604,-3684,5592,-441,152,-19,0
2316.980185031891,9752,5696,10880,-333,-72,130,9588,-8988,8876,-22,131,-163,-14812,4056,3580,-1003,162,-65,-14732,-3416,5732,-430,129,-3,0
2317.0136721134186,10216,5788,10948,-369,-104,223,9788,-9156,8924,-39,113,-168,-14776,3988,3604,-1011,205,-25,-14812,-3552,5776,-446,110,-247,0
2317.047061920166,10000,5680,10964,-337,-42,217,9960,-9084,8816,-26,107,-142,-14640,4052,3788,-1267,197,-66,-14672,-3332,5504,-453,131,-13,0
2317.0808250904083,10036,5884,10796,-283,-96,199,9516,-9172,8848,255,104,-151,-14760,4012,3652,-1036,119,-75,-14700,-3344,5520,-525,141,-69,0
2317.114026069641,10016,5604,10960,-207,-76,176,9756,-9112,8764,-11,96,-173,-14600,4044,3708,-1023,127,-93,-14544,-3560,5612,-534,121,-78,0
2317.147220134735,9848,5620,10868,-216,-103,137,9676,-9036,8792,-13,114,-174,-14608,3980,3656,-1012,134,-107,-14348,-3528,5484,-459,142,-108,0
2317.180812120437,10004,5716,10776,-235,-92,118,9712,-9076,9176,5,152,-214,-14652,3864,3728,-996,88,-95,-14432,-3520,5400,-470,145,-122,0
2317.2143189907074,10052,5708,10976,-206,-116,116,9748,-9028,8864,4,209,-197,-14632,4024,3376,-1004,61,-150,-14672,-3592,5504,-466,188,-115,0
2317.247507095337,10040,5620,10764,-310,-155,99,9516,-9020,8988,38,173,-224,-14716,3960,3780,-1051,60,-189,-14664,-3536,5608,-436,221,-141,0
2317.2811801433563,9992,5716,10496,-236,-103,95,9772,-8744,8792,-16,175,-220,-14688,3988,3756,-1009,62,-141,-14628,-3624,5596,-433,183,-117,0
2317.314525127411,10024,5736,10920,-502,-136,103,9772,-9056,8856,-56,187,-212,-14572,4084,3820,-970,66,-79,-14752,-3432,5584,-433,176,-88,0
2317.3480730056763,10068,5596,10800,-238,-152,109,9572,-9148,8896,11,134,-207,-14608,4172,3688,-1050,123,-108,-14612,-3596,5724,-488,216,-96,0
2317.3816390037537,10084,5612,11260,-148,-74,116,9552,-9044,8772,-255,119,-168,-14668,4060,3756,-1040,93,-99,-14724,-3588,5756,-516,99,-121,0
2317.415024995804,10100,5740,10904,-170,-63,157,9760,-9072,8840,-47,131,-146,-14664,3940,3768,-1009,87,-52,-14620,-3428,5596,-498,69,-112,0
2317.4485690593724,9980,5716,10872,-134,-45,96,9716,-9024,8920,-77,117,-154,-14652,3884,3768,-1033,107,-67,-14628,-3616,5604,-261,127,-123,0
2317.4820959568024,10076,5696,10776,-97,-57,94,9644,-9016,9144,-35,149,-181,-14660,3868,3716,-1066,98,-92,-14560,-3628,5552,-481,175,-127,0
2317.5156259536743,10028,5880,10956,-110,-95,80,9756,-9020,8944,-24,148,-219,-14824,3920,3712,-1042,117,-127,-14612,-3548,5576,-454,216,-124,0
2317.5517480373383,9992,5672,10940,-153,-149,103,9752,-9052,9176,-51,102,-237,-14652,3972,3884,-1006,130,-130,-14708,-3520,5476,-452,178,-122,0
2317.5881209373474,10056,5612,11040,-127,-135,82,9760,-9116,8964,-50,114,-223,-14460,4024,3840,-955,113,-104,-14636,-3564,5648,-444,146,-148,0
2317.623115062713,9924,5696,10788,-134,-75,73,9724,-9076,8984,-55,114,-215,-14648,4064,3760,-993,88,-125,-14612,-3636,5556,-451,173,-134,0
2317.658625125885,10040,5744,10980,-120,-87,62,9812,-9104,9028,-29,121,-225,-14660,4056,3716,-1011,74,-99,-14752,-3640,5600,-475,130,-140,0
2317.6938140392303,9760,5676,10964,-131,-55,52,9648,-9108,8896,-48,127,-184,-14700,4008,3616,-1008,64,-83,-14636,-3596,5592,-501,107,-160,0
2317.7297880649567,9960,5700,10980,-111,-49,85,9484,-9108,9012,-81,105,-188,-14692,4092,3780,-1005,68,-26,-14704,-3560,5604,-259,95,-150,0
2317.764960050583,10000,5684,10868,-58,-58,139,9632,-9024,9188,-57,73,-181,-14568,3844,3592,-1001,149,-51,-14652,-3552,5592,-528,77,-83,0
2317.8009259700775,10020,5428,10992,-46,-52,201,9652,-9052,8824,-78,6,-156,-14848,3976,3732,-995,170,-53,-14572,-3468,5544,-492,81,-62,0
2317.8362529277806,10096,5688,10848,-18,-62,184,9756,-9084,8952,-53,-5,-171,-14612,3884,3644,-988,172,-71,-14584,-3800,5596,-509,116,-91,0
2317.87246799469,10052,5652,10964,-19,-98,148,9976,-9128,8820,-77,16,-201,-14672,3904,3744,-973,143,-123,-14768,-3628,5544,-508,127,-111,0
2317.9085869789124,10112,5676,10900,-53,-118,103,9744,-8944,9000,-46,47,-195,-14676,3944,3740,-1042,134,-75,-14700,-3648,5608,-500,116,-140,0
2317.9436531066895,10136,5736,10780,-39,-103,77,9804,-8980,8868,-65,95,-230,-14728,3908,3764,-980,91,-85,-14764,-3400,5732,-490,135,-148,0
2317.9795341491695,10008,5712,10796,-54,-45,61,9776,-9108,8936,-59,83,-165,-14672,3848,3548,-1020,74,7,-14636,-3496,5504,-473,63,-138,0
2318.014914035797,10224,5720,10912,-157,-66,105,9720,-9116,9100,11,51,-162,-14348,4052,3624,-1058,107,-6,-14612,-3568,5680,-455,43,-136,0
2318.0508160591125,10028,5816,10988,-73,254,107,9784,-9124,8852,-5,33,-172,-14672,4012,3808,-1054,124,-45,-14620,-3636,5624,-492,89,-128,0
2318.0874531269073,10196,5772,10836,-113,-28,102,9844,-9036,8880,11,82,-186,-14652,4164,3620,-1010,84,-93,-14796,-3512,5632,-512,108,-135,0
2318.122975111008,10036,5752,10848,-149,-98,110,9712,-9124,8876,19,44,-165,-14672,4032,3700,-1044,127,-25,-14572,-3352,5736,-467,126,-75,0
2318.1582319736485,10216,5812,10920,-128,-97,153,9504,-9036,8880,37,47,-174,-14664,4068,3924,-1043,128,-81,-14656,-3552,5696,-490,117,-125,0
2318.193666934967,9904,5824,10764,-118,-109,132,9692,-9076,8856,12,78,-190,-14660,4028,3616,-981,127,-68,-14600,-3660,5692,-493,108,-132,0
2318.229066133499,9988,5696,10932,-136,-111,145,9772,-8976,8996,-15,100,-196,-14716,4012,3704,-978,102,-57,-14648,-3568,5788,-461,179,-127,0
2318.2624909877777,10088,5764,10988,-136,-138,129,9840,-8796,8828,-16,107,-211,-14532,3936,3852,-976,79,-75,-14612,-3352,5456,-467,168,-131,0
2318.296131134033,10112,5784,10796,-185,-110,119,9820,-8984,8788,28,102,-183,-14584,3996,3724,-960,145,-118,-14648,-3572,5440,-480,182,-103,0
2318.3295590877533,10000,5776,10740,-143,-87,142,9780,-9036,8856,255,73,-216,-14684,4036,3808,-1019,181,-108,-14716,-3760,5616,-470,149,-129,0
2318.3628690242767,10120,5792,11176,-142,-160,130,9844,-9044,8784,6,98,-189,-14720,3976,3824,-960,109,-54,-14536,-3640,5680,-491,176,-108,0
2318.396045923233,10088,5768,10664,-163,-94,133,9844,-9036,8724,52,102,-195,-14720,4140,3592,-964,109,-64,-14652,-3368,5796,-493,146,-118,0
2318.4295439720154,10072,5772,10892,-168,-87,100,9776,-9084,8984,31,78,-197,-14660,3996,3612,-1042,140,-90,-14660,-3584,5472,-467,181,-110,0
2318.4630820751186,10024,5696,10856,-158,-101,142,9800,-9028,8900,39,99,-200,-14608,3976,3640,-1006,153,-103,-14624,-3356,5632,-476,139,-115,0
2318.496850967407,10208,5772,10664,-150,-70,102,9868,-9188,9184,10,118,-209,-14616,4056,3748,-968,94,-84,-14624,-3600,5688,-459,147,-125,0
2318.5303111076355,10236,5760,10908,-186,-98,100,9772,-9040,8724,-12,144,-199,-14648,4084,3736,-1003,102,-73,-14612,-3700,5720,-467,148,-133,0
2318.563877105713,10128,5728,10868,-142,-72,89,9704,-9028,8920,-9,176,-186,-14732,3968,3668,-996,102,-79,-14620,-3480,5592,-481,134,-144,0
2318.5975501537323,10164,5660,10852,-146,-55,102,9780,-8952,8780,26,125,-201,-14564,3960,3652,-986,131,-103,-14648,-3552,5720,-477,143,-124,0
2318.6369609832764,9944,5756,10696,-137,-83,119,9792,-9052,8972,0,118,-201,-14700,4080,3788,-999,128,-101,-14848,-3376,5660,-481,157,-147,0
2318.6707460880284,10124,5704,10820,-169,-69,107,9844,-9036,9032,14,128,-190,-14636,4064,3656,-1033,172,-124,-14688,-3636,5788,-487,159,-131,0
2318.7045190334325,10052,5784,10764,-156,-87,131,9868,-9056,8964,32,77,-201,-14652,3968,3724,-1042,124,-103,-14736,-3584,5652,-490,176,-101,0
2318.7379660606384,10104,5840,10936,-127,-75,93,9844,-8976,8916,-248,114,-184,-14644,4024,3720,-1045,121,-93,-14628,-3552,5716,-448,146,-129,0
2318.7714841365814,10148,5660,10668,-157,-52,121,9840,-8928,8760,255,114,-190,-14576,4028,3756,-1039,83,-74,-14636,-3668,5720,-412,221,-109,0
2318.8049380779266,10020,5768,10848,-203,-55,97,9788,-8984,8920,-17,139,-190,-14628,4048,3744,-998,62,-91,-14616,-3604,5808,-426,164,-95,0
2318.838520050049,9784,5804,10732,-175,-43,106,9860,-9016,8796,-51,151,-193,-14600,4024,3704,-1008,67,-105,-14768,-3640,5884,-446,170,-146,0
2318.872148990631,9996,5664,10976,-137,-6,87,9760,-9032,8796,-24,153,-159,-14616,4028,3664,-1046,31,-107,-14704,-3488,5416,-469,164,-158,0
2318.9055349826813,10064,5636,10740,-240,-33,131,9772,-9064,8936,10,155,-167,-14628,3976,3764,-1082,37,-90,-14700,-3524,5748,-492,210,-141,0
2318.939222097397,10000,5964,10764,-132,-8,81,9840,-8992,8748,-37,132,-217,-14608,4000,3672,-1040,43,-79,-14680,-3592,5556,-488,194,-109,0
2318.972936153412,10024,5780,10760,-216,-47,87,9856,-9060,8896,-49,173,-193,-14612,4020,3832,-1053,54,-131,-14612,-3544,5628,-501,182,-114,0
2319.006227016449,10068,5724,10624,-139,40,54,9952,-8992,8860,-27,118,-185,-14656,4080,3632,-1074,53,-148,-14600,-3552,5452,-483,163,-148,0
2319.0398111343384,10048,5804,10880,-147,24,81,9804,-9036,8836,-14,150,-171,-14612,3968,3708,-1070,60,-88,-14628,-3720,5672,-496,134,-127,0
2319.0734090805054,10076,6100,10852,-182,15,57,9804,-8744,8856,-26,182,-192,-14644,4048,3716,-1275,71,-89,-14680,-3556,5376,-465,67,-149,0
2319.1071479320526,9932,5792,10852,-235,3,63,9676,-9016,8928,-45,154,-173,-14380,3960,3628,-1014,93,-95,-14400,-3564,5680,-499,148,-92,0
2319.1403470039368,10036,5712,10844,-263,-41,101,9732,-9012,8912,-95,187,-152,-14512,4096,3704,-1036,57,-110,-14712,-3356,5548,-515,200,-78,0
2319.173648118973,9904,5816,10916,-247,-66,129,9840,-9184,8928,-80,177,-189,-14624,3996,3792,-1003,66,-108,-14532,-3400,5648,-528,223,-90,0
2319.2072191238403,10204,5744,10892,-237,-36,120,9784,-9028,8852,-81,190,-205,-14348,4028,3776,-952,71,-96,-14640,-3560,5752,-494,185,-65,0
2319.243397951126,9972,5736,10968,-217,-83,100,9820,-8976,8824,-69,195,-184,-14672,3908,3660,-980,88,-124,-14668,-3792,5744,-764,151,-85,0
2319.2781269550323,10008,5748,10808,-234,-11,96,9700,-9056,8896,-49,227,-164,-14592,3984,3720,-987,83,-142,-14652,-3600,5612,-540,149,-86,0
2319.314199924469,10028,5728,10896,-266,-38,125,9832,-9136,8788,-21,223,-159,-14800,3912,3728,-1008,99,-113,-14572,-3612,5692,-763,132,-56,0
2319.3495709896088,10000,5756,10832,-287,-68,147,9744,-8984,8848,17,61,-231,-14584,3932,3608,-958,124,-98,-14348,-3344,5632,-497,105,-51,0
2319.3847620487213,10044,5744,10812,-279,-64,148,9736,-9024,8928,-5,158,-192,-14628,3928,3604,-996,106,-138,-14596,-3620,5624,-463,144,-68,0
2319.420354127884,10084,5720,10940,-288,-88,102,9820,-9180,8836,33,244,-215,-14536,4000,3756,-956,139,-120,-14692,-3572,5600,-493,131,-78,0
2319.4561450481415,10016,5748,10888,-269,-96,108,9504,-8928,8912,72,225,-185,-14556,3924,3688,-973,133,-145,-14824,-3500,5648,-481,135,-112,0
2319.4917891025543,10052,5712,10876,-233,-78,97,9760,-8716,8908,66,204,-194,-14612,3920,4092,-988,143,-130,-14372,-3540,5464,-474,165,-96,0
2319.528240919113,10052,5692,10928,-248,-104,108,9772,-8924,8936,69,179,-178,-14628,3948,3756,-998,149,-125,-14684,-3552,5440,-504,135,-95,0
2319.563677072525,10084,5828,10988,-281,-93,144,9604,-8752,9028,61,200,-181,-14696,3948,3700,-1018,153,-163,-14604,-3340,5688,-480,157,-112,0
2319.599277973175,10204,5796,10788,-233,-126,156,9980,-9096,9080,72,196,-200,-14628,4000,3788,-988,162,-113,-14688,-3548,5600,-465,125,-48,0
2319.6344089508057,10208,5720,10872,-243,-116,155,9800,-8956,8976,49,161,-209,-14636,3952,3696,-1005,176,-159,-14672,-3680,5744,-443,100,-44,0
2319.669522047043,10088,5760,10984,-276,-118,160,9692,-8916,9460,49,175,-205,-14640,3920,3764,-980,157,-107,-14768,-3516,5584,-439,166,-76,0
2319.7048740386963,9928,5764,10788,-4,-117,142,9764,-9196,8960,32,151,-178,-14652,4008,3732,-1007,124,-105,-14688,-3600,5564,-468,102,-64,0
2319.7404589653015,10188,5680,10856,-249,-97,166,9732,-8948,8964,56,135,-160,-14708,3928,3668,-1028,110,-63,-14600,-3556,5612,-487,119,-100,0
2319.7759211063385,10004,5580,10892,-333,-134,147,9744,-8984,9012,88,164,-196,-14648,3988,3724,-1046,148,-125,-14676,-3624,5704,-447,155,-114,0
2319.8118231296535,9996,5880,10940,-195,-75,82,9884,-8936,8832,43,206,-202,-14728,3980,3756,-769,114,-91,-14648,-3404,5880,-448,152,-103,0
2319.847752094269,10056,5660,10980,-273,-131,111,9704,-8992,9052,68,224,-214,-14812,4272,3876,-1007,115,-97,-14576,-3512,5584,-442,175,-88,0
2319.884527921676,10148,5880,10756,-175,-99,132,9892,-9004,8940,83,193,-212,-14692,3992,3772,-1037,120,-124,-14624,-3492,5768,-467,104,-125,0
2319.9181320667267,9960,5732,10844,-156,-123,127,9864,-8848,8988,-23,158,-163,-14824,4052,3820,-949,95,-100,-14592,-3508,5660,-417,47,-128,0
2319.9517941474915,10064,5604,10972,-210,-123,112,9620,-8920,8868,-66,124,-194,-14696,3968,3652,-960,97,-54,-14688,-3340,5416,-380,63,-115,0
2319.9855170249934,10160,5588,10752,-167,-143,101,9760,-8876,9108,-53,137,-181,-14400,3888,3652,-963,131,-57,-14680,-3504,5576,-395,40,-110,0
2320.019245147705,10068,5664,10584,-114,-98,119,9832,-8896,8948,5,111,-187,-14420,3896,3604,-933,138,-57,-14340,-3492,5724,-266,-22,-105,0
2320.052896022796,10064,5884,10848,-139,-173,150,9492,-9164,9068,19,121,-217,-14508,3988,3604,-989,162,-112,-14556,-3448,5664,-228,-6,-77,0
2320.0865979194646,10000,5728,10796,-118,-158,96,9504,-9004,9080,-17,112,-224,-14612,4032,3712,-954,175,-139,-14700,-3508,5760,-271,-23,-73,0
2320.1201379299164,10056,5664,10888,-172,-154,114,9776,-9008,9048,255,154,-195,-14700,3972,3808,-939,127,-84,-14604,-3400,5736,-304,-6,-129,0
2320.1536569595337,10052,5716,10948,-160,-121,115,9764,-8936,8996,14,178,-170,-14696,4052,3824,-974,165,-66,-14704,-3460,5808,-311,-93,-122,0
2320.187296152115,10024,5660,10940,-145,-87,116,9716,-8956,8888,10,136,-167,-14656,4004,3868,-939,168,-77,-14624,-3556,5668,-337,-77,-149,0
2320.220806121826,10008,5628,10752,-139,-106,119,9692,-8920,9052,-34,142,-162,-14600,3904,3596,-881,181,-48,-14540,-3516,5836,-387,-81,-122,0
2320.2542691230774,9992,5640,10896,-117,-97,100,9716,-9012,8736,-55,171,-182,-14636,4104,3668,-879,188,-105,-14628,-3548,5736,-377,-23,-103,0
2320.287764072418,10016,5392,10920,-135,-88,105,9956,-8992,9044,-29,178,-173,-14652,3984,3596,-871,214,-89,-14624,-3520,5768,-482,0,-144,0
2320.3213601112366,10080,5780,10768,-147,-115,103,9712,-8940,9012,-24,130,-178,-14656,3976,3676,-842,4,-100,-14552,-3540,5716,-528,70,-145,0
2320.354969024658,10048,5408,11004,-143,-106,109,9792,-8944,8792,-29,169,-204,-14680,4008,3588,-878,200,-93,-14840,-3520,5772,-546,96,-162,0
2320.3884971141815,10064,5624,10848,-131,-125,96,9784,-8888,9196,0,122,-206,-14708,3972,3740,-912,198,-61,-14528,-3440,5680,-545,120,-145,0
2320.422085046768,10024,5428,10908,-140,-122,123,9748,-8928,8896,-8,149,-195,-14672,4040,3584,-888,183,-99,-14640,-3516,5592,-596,163,-156,0
2320.4555690288544,10056,5624,10848,-136,-105,95,9812,-8860,8936,-39,151,-170,-14640,4028,3476,-871,164,-100,-14696,-3444,5904,-569,79,-143,0
2320.4892740249634,10104,5660,10764,-32,-35,112,9824,-8992,9224,-76,163,-144,-14768,4056,3480,-876,171,-58,-14656,-3504,5712,-583,45,-146,0
2320.5224740505214,10100,5840,10840,-141,-45,74,9732,-8976,9092,-45,170,-184,-14672,3992,3624,-849,144,-70,-14524,-3572,5836,-542,107,-148,0
2320.55645608902,10040,5716,10760,-123,-5,107,9696,-9184,8980,-51,126,-160,-14844,3936,3632,-895,124,-78,-14628,-3396,5816,-539,108,-174,0
2320.589968919754,10108,5712,10912,-83,-78,72,9856,-9200,9048,-68,145,-184,-14748,4052,3624,-909,105,-81,-14832,-3532,5816,-576,151,-158,0
2320.6236391067505,10076,5716,10840,-151,-111,78,9672,-8936,9008,-62,123,-182,-14628,4036,3488,-895,116,-123,-14572,-3520,6120,-571,157,-162,0
2320.6569941043854,10100,5412,10996,-73,-37,80,9716,-8868,8956,-53,92,-177,-14608,3928,3616,-955,110,-81,-14776,-3348,5808,-578,196,-146,0
2320.6906011104584,10072,5812,10760,-82,-49,114,9744,-8856,9088,-75,110,-175,-14636,4328,3688,-912,86,-36,-14720,-3656,5792,-562,111,-137,0
2320.7241520881653,10000,5736,10968,-153,-47,91,9964,-8900,8908,-116,144,-161,-14724,3860,3596,-932,113,-63,-14588,-3552,5808,-536,145,-113,0
2320.7576100826263,9744,5688,10776,-150,-61,108,9732,-8936,8944,-107,117,-152,-14624,4052,3608,-972,131,-92,-14612,-3544,5880,-566,164,-152,0
2320.7910699844365,10156,5720,10808,-72,-80,90,9780,-8856,9092,-77,91,-186,-14708,4052,3516,-966,119,-90,-14520,-3492,5848,-595,201,-156,0
2320.8243999481206,10000,5720,10848,-162,-102,106,9692,-8740,9088,-71,156,-192,-14644,4068,3680,-941,143,-67,-14524,-3476,5604,-638,238,-132,0
2320.857939004898,10056,5808,10596,-69,-114,97,9756,-8916,8960,-69,115,-222,-14344,3944,3800,-989,111,-111,-14628,-3564,5780,-584,196,-124,0
2320.89133810997,10096,5712,10780,-120,-101,100,9680,-8896,8888,-67,125,-211,-14692,3980,3616,-954,139,-137,-14396,-3540,5648,-586,170,-154,0
2320.9288210868835,10072,5788,10760,-100,-67,83,9744,-9212,8936,-69,111,-193,-14652,3960,3600,-969,146,-130,-14604,-3832,5776,-607,189,-131,0
2320.963886976242,9988,5832,10528,-123,-91,82,9836,-8988,9104,-96,118,-184,-14712,4032,3756,-983,147,-70,-14572,-3556,5900,-604,164,-138,0
2320.999475002289,10040,5704,10828,-135,-109,86,9960,-9004,9144,-145,151,-200,-14744,4020,3528,-882,239,-100,-14668,-3824,5880,-695,183,-143,0
2321.0349140167236,9796,5708,10780,-138,-131,49,9744,-9048,8744,-59,112,-179,-14736,3940,3536,-894,232,-107,-14644,-3448,5828,-720,223,-149,0
2321.070832014084,10028,5688,11000,-150,-154,96,9776,-9016,9048,-157,109,-194,-14736,4032,3644,-977,248,-113,-14592,-3568,5672,-687,90,-144,0
2321.1071569919586,10084,5648,10824,-106,-129,89,9720,-8932,8912,-185,145,-165,-14620,4052,3536,-946,250,-101,-14612,-3520,5876,-733,105,-140,0
2321.1422669887543,10060,5636,10856,-98,-128,83,9660,-9052,8820,-230,106,-171,-14648,3888,3452,-966,253,-79,-14408,-3624,5704,-791,97,-141,0
2321.177685022354,10188,5784,10840,-62,-178,87,9752,-9024,8920,-247,115,-174,-14688,4132,3496,-977,236,-109,-14548,-3332,5864,-798,105,-139,0
2321.2133510112762,10052,5648,10944,-85,-153,98,9788,-9004,8944,-288,123,-170,-14680,3928,3412,-959,239,-63,-14840,-3568,5820,-516,92,-151,0
2321.2493710517883,10016,5748,10796,-63,-207,119,9732,-8948,8996,-341,103,-164,-14672,3984,3400,-983,183,-108,-14344,-3700,5752,-811,78,-162,0
2321.2843899726868,10124,5868,10756,-63,-171,89,9676,-9112,8924,-305,123,-164,-14640,3960,3556,-953,269,-105,-14840,-3596,5768,-758,57,-146,0
2321.3198649883266,10168,5784,10712,-50,-202,107,9732,-9004,8904,-508,139,-187,-14752,3924,3428,-1073,245,-103,-14844,-3704,5780,-726,73,-161,0
2321.3551149368286,10240,5732,10888,-53,-172,79,9940,-8976,8828,-227,135,-150,-14772,4008,3480,-871,175,-55,-14672,-3696,5884,-807,242,-161,0
2321.390748023987,10164,5704,10860,-81,-165,66,9772,-9088,8828,-98,87,-146,-14788,4016,3548,-977,171,-107,-14484,-3640,5776,-788,45,-172,0
2321.426218032837,10028,5788,10708,-89,-195,121,9724,-9000,8932,-113,145,-135,-14724,3968,3408,-936,282,-72,-14644,-3780,5828,-824,7,-131,0
2321.461641073227,10104,5852,10860,-71,-285,89,9768,-9200,8920,-226,149,-195,-14732,4000,3524,-867,0,-94,-14612,-3664,5768,-846,27,-187,0
2321.4976511001587,10112,5736,10792,-149,-261,101,9544,-9072,8872,-132,161,-167,-14776,4044,3256,-908,265,-33,-14652,-3740,5848,-864,14,-153,0
2321.5324120521545,10164,5852,10808,-119,-174,103,9760,-9040,8868,-124,146,-133,-14776,4056,3348,-888,284,-80,-14564,-3744,5916,-836,37,-160,0
2321.56928896904,10176,5772,10688,-154,-86,117,9744,-9052,8888,-145,171,-131,-14800,4212,3344,-941,230,-55,-14592,-3812,5788,-821,18,-155,0
2321.6028800010686,10200,5724,10728,-230,-90,108,9980,-9112,8856,-126,136,-161,-14648,3872,3512,-924,237,-67,-14476,-3788,5712,-799,37,-120,0
2321.636162042618,10124,5856,10676,-198,-60,122,9680,-9124,8884,-84,186,-180,-14704,3976,3332,-1008,220,-105,-14452,-3772,5876,-715,120,-90,0
2321.669990062713,10024,5708,10580,-195,-108,127,9736,-9108,8764,-74,138,-210,-14716,4340,3432,-925,249,-172,-14436,-3792,5844,-721,97,-138,0
2321.7037310600285,10156,5648,10968,-239,-122,133,9772,-9004,8872,-96,158,-229,-14820,4084,3564,-951,215,-156,-14624,-3828,5848,-711,129,-129,0
2321.7373590469365,10464,5640,10824,-236,-152,122,9780,-9176,8584,-15,167,-208,-14764,4060,3484,-986,165,-96,-14652,-3720,5748,-639,117,-89,0
2321.770842075348,10172,5792,10572,-277,-92,165,9772,-9152,8868,-25,162,-214,-14764,4088,3372,-1010,142,-99,-14540,-3728,5768,-600,149,-89,0
2321.8044221401215,10160,5704,10892,-296,-133,151,9960,-9168,8792,53,160,-212,-14736,3924,3440,-1083,142,-97,-14548,-3796,5840,-537,175,-103,0
2321.837821960449,10220,5720,10748,-308,-143,163,9712,-9032,8900,21,127,-230,-14712,4068,3300,-1023,150,-124,-14724,-4020,5720,-615,151,-87,0
2321.871330976486,10128,5716,10692,-310,-121,155,9732,-9088,8832,-20,187,-201,-14836,4040,3224,-1012,193,-160,-14428,-3828,5716,-540,156,-90,0
2321.9048421382904,10216,5640,10676,-330,-144,153,9908,-9120,8864,254,183,-241,-14684,4092,3404,-1028,137,-122,-14580,-4036,5696,-558,171,-73,0
2321.938162088394,10408,5708,10660,-298,-144,156,9812,-9016,8852,21,153,-238,-14756,3984,3328,-1005,171,-110,-14832,-3716,5788,-546,173,-92,0
2321.9717569351196,10428,5744,10624,-500,-139,149,9732,-9088,8988,75,174,-210,-14772,3980,3412,-769,129,-74,-14792,-3696,5636,-529,191,-85,0
2322.005474090576,10188,5756,10872,-263,-114,162,9712,-9124,8752,100,110,-228,-14800,4020,3288,-1062,135,-113,-14488,-3824,5880,-552,168,-73,0
2322.039071083069,10216,5712,10572,-289,-113,153,9744,-8988,8724,190,141,-224,-14776,4016,3500,-1115,100,-137,-14476,-3856,5804,-526,196,-78,0
2322.0727200508118,10232,5700,10592,-282,-107,169,9676,-9172,8928,200,126,-215,-14736,4072,2996,-1107,132,-99,-14500,-3620,5824,-512,190,-99,0
2322.1062419414525,10168,5732,10596,-253,-102,190,9600,-9064,8992,160,123,-173,-14828,4032,3348,-1058,88,-116,-14848,-3836,5792,-259,186,-94,0
2322.139585018158,10184,5632,10776,-262,-153,158,9684,-9056,9000,137,141,-207,-14792,3956,3244,-1095,103,-110,-14820,-3760,5808,-485,187,-86,0
2322.1730229854584,10212,5724,10592,-271,-155,164,9780,-8708,8848,119,193,-222,-14596,4016,3164,-1049,103,-141,-14368,-3732,5836,-502,212,-93,0
2322.206706047058,10212,5772,10652,-229,-105,147,9684,-9064,8816,-30,-21,-227,-14856,4024,3444,-1035,103,-83,-14832,-3728,5652,-517,148,-84,0
2322.240165948868,10012,5596,10792,-231,-113,136,9772,-9104,8948,49,145,-194,-14624,4020,3476,-1065,63,-101,-14460,-3772,5744,-536,197,-105,0
2322.2736690044403,10168,5768,10992,-288,-152,149,9692,-8944,8956,82,139,-179,-14688,3976,3224,-1071,72,-117,-14532,-3804,5604,-526,194,-112,0
2322.307244062424,10240,5700,10752,-199,-98,97,9788,-9032,9152,-5,139,-196,-14760,4064,3364,-1052,82,-109,-14552,-3840,5696,-263,179,-104,0
2322.340548992157,10456,5388,10616,-246,-148,126,9748,-9028,8932,54,152,-185,-14680,4012,3288,-1279,111,-135,-14464,-3676,5388,-508,216,-65,0
2322.37375497818,10308,5672,10524,-206,-122,131,9804,-8980,8820,59,146,-181,-14852,4084,3092,-1032,105,-74,-14384,-3816,5760,-472,159,-130,0
2322.407166957855,10324,5588,10664,-130,-87,136,9764,-8752,8968,-18,105,-142,-14684,3988,3360,-1062,71,-56,-14628,-3796,5720,-521,85,-160,0
2322.440710067749,10228,5688,10820,-157,-44,86,9680,-8964,9060,-15,126,-174,-14700,3984,3316,-1031,68,-42,-14572,-3760,5604,-519,124,-140,0
2322.4742231369014,10260,5716,10940,-117,-77,85,9788,-8868,8844,-66,119,-188,-14728,4000,3228,-985,69,-82,-14652,-3908,5652,-768,151,-114,0
2322.507925987244,10256,5672,10668,-72,-48,120,9700,-8984,8832,-29,127,-177,-14760,3960,3196,-1037,98,-88,-14612,-3848,5668,-483,154,-127,0
2322.5412659645085,10024,5600,10536,-137,-75,106,9488,-8800,8896,-19,134,-193,-14696,3988,3312,-1050,71,-64,-14492,-3756,5708,-472,222,-110,0
2322.574590921402,10188,5676,10508,-112,-100,115,9880,-8964,8948,-25,105,-198,-14596,4016,3420,-1029,89,-103,-14628,-3760,5772,-541,175,-133,0
2322.6118071079254,10216,5712,10680,-114,-66,95,9768,-9004,8732,-24,145,-175,-14728,3912,3280,-1042,63,-79,-14644,-3784,5852,-532,159,-154,0
2322.648391008377,10196,5736,10676,-84,-48,65,9708,-8992,8908,-35,153,-155,-14660,4008,3156,-1058,77,-91,-14772,-3748,5816,-552,130,-122,0
2322.6838710308075,10248,5688,10700,-63,-37,102,9740,-9212,8944,-59,100,-153,-14796,3988,3552,-1061,62,-27,-14656,-4096,5844,-564,121,-135,0
2322.71968793869,10180,5704,10684,-76,-13,91,9788,-9052,8868,-94,108,-170,-14696,4068,3576,-1001,99,-85,-14596,-3592,6088,-268,145,-144,0
2322.755003929138,9988,5636,10756,-87,-86,96,9800,-9004,8892,-75,126,-202,-14756,3892,3252,-1044,74,-63,-14680,-3796,5768,-506,153,-149,0
2322.7908799648285,10136,5640,10556,-92,-88,101,9964,-9056,8744,-71,109,-189,-14768,3952,3336,-1037,67,-88,-14512,-3612,5796,-496,198,-153,0
2322.826098918915,9996,5712,10544,-78,-113,108,9728,-8968,8708,-74,70,-194,-14900,4000,3300,-1017,76,-89,-14776,-4020,6008,-530,168,-126,0
2322.8618519306183,10244,5652,10716,-54,-51,102,9800,-9084,8960,-26,76,-179,-14736,3940,3172,-1032,78,-34,-14568,-3656,5748,-533,157,-150,0
2322.8980619907375,10204,5704,10828,-55,-118,77,9800,-9032,8940,-42,86,-193,-14776,4020,3476,-1278,78,-121,-14480,-3604,5644,-495,152,-167,0
2322.9331390857697,10312,5792,10568,-62,-88,84,9792,-9004,8936,-67,94,-203,-15100,3968,3340,-1038,57,-66,-14588,-3644,5376,-488,173,-127,0
2322.9682791233063,10276,5720,10804,-76,-144,104,9800,-9024,8936,-110,71,-170,-14692,4040,3308,-1011,71,-57,-14684,-3864,5760,-507,142,-140,0
2323.00456404686,10384,5704,10860,-80,-82,93,9868,-9072,8908,-78,85,-157,-14768,4004,3564,-1085,42,-72,-14560,-3628,5800,-497,148,-170,0
2323.0403780937195,10168,5728,10732,-159,-109,122,9976,-9032,8756,-13,119,-179,-14696,3768,3404,-1054,12,-89,-14556,-3936,5448,-498,159,-155,0
2323.075479030609,10120,5836,10672,-22,-63,90,9716,-9016,9168,-123,81,-197,-14752,3984,3556,-1052,54,-80,-14820,-3596,5788,-491,160,-137,0
2323.1116621494293,10220,5704,10644,-139,-85,90,9740,-8776,8944,-31,107,-162,-14792,3988,3464,-774,13,-58,-14548,-3748,5692,-470,169,-161,0
2323.147683143616,10468,5724,10960,-86,-74,87,9480,-9120,8760,-36,101,-180,-14712,4056,3344,-1063,50,-74,-14532,-4064,5800,-475,175,-147,0
2323.1827869415283,10212,5696,10760,-76,-62,79,9852,-9032,8896,-65,86,-158,-14632,4004,3512,-1041,-251,-76,-14372,-4024,5772,-491,122,-135,0
2323.218837976456,10232,5820,10860,-124,-64,95,9784,-9076,9024,-59,123,-151,-14684,3840,3428,-1024,52,-99,-14436,-3944,5644,-482,141,-129,0
2323.255257129669,10092,5804,10660,-113,-83,116,9844,-9024,8784,-31,93,-171,-14628,3968,3524,-1055,102,-92,-14456,-3868,5656,-493,184,-127,0
2323.2889001369476,10156,5788,10676,-108,-64,133,9924,-9204,8840,-40,79,-193,-14916,3984,3428,-1076,34,-79,-14572,-3860,5672,-497,177,-103,0
2323.3224689960484,10188,5796,10744,-175,-101,137,9728,-8960,8864,252,86,-195,-14708,3976,3424,-1070,53,-57,-14560,-3864,5656,-466,201,-132,0
2323.3558769226074,10264,5720,10596,-99,-95,115,9792,-9208,8832,-40,93,-206,-14716,4020,3452,-1044,41,-119,-14600,-3860,5648,-463,230,-132,0
2323.3890309333806,10308,5744,10668,-155,-121,98,9816,-9004,8756,248,130,-182,-14732,4040,3436,-1080,32,-80,-14532,-4092,5696,-450,180,-135,0
2323.4226100444794,10324,5804,10580,-112,-106,95,9800,-9056,8884,16,121,-179,-14712,4044,3212,-1058,59,-45,-14848,-3884,5768,-472,228,-108,0
2323.4560379981995,10284,5732,10956,-137,-86,96,9864,-8968,8792,14,103,-194,-14644,4048,3536,-1078,30,-35,-14408,-3760,5836,-459,222,-113,0
2323.489820957184,10020,5768,10664,-152,-94,94,9964,-9044,8964,-22,140,-197,-14740,3948,3500,-1059,21,-58,-14536,-3884,5648,-437,213,-112,0
2323.5233960151672,10432,5804,10636,-135,-69,98,9868,-8984,8724,-63,106,-206,-14804,3936,3472,-1036,10,-89,-14364,-4060,5520,-448,238,-103,0
2323.5569519996643,9984,5784,10656,-183,-94,94,9784,-9084,8572,-46,138,-204,-14700,3956,3476,-1045,36,-107,-14648,-4088,5752,-440,202,-135,0
2323.590471029281,10224,5744,10712,-155,-93,121,9884,-9036,8960,-21,129,-167,-14772,3904,3500,-1093,36,-67,-14560,-4076,5676,-455,198,-71,0
2323.6238529682164,10132,5800,10748,-157,-104,74,9780,-9044,8848,-14,118,-206,-14692,3948,3476,-1063,69,-37,-14544,-3836,5672,-451,204,-91,0
2323.6604659557343,10208,5808,10628,-140,-97,93,9836,-9068,8908,-252,136,-177,-14740,3992,3340,-1060,37,-93,-14488,-3932,5612,-422,168,-126,0
2323.694529056549,10196,5748,10704,-138,-92,95,9804,-9152,8960,-33,126,-202,-14728,3960,3524,-1054,67,-69,-14808,-3836,5768,-438,158,-117,0
2323.728285074234,10192,5720,10508,-151,-91,140,9836,-9024,8880,-28,131,-169,-14684,4036,3500,-1040,84,-88,-14584,-3936,5712,-432,158,-96,0
2323.7618510723114,10232,5772,10612,-148,-57,96,9820,-8988,8904,-39,155,-181,-14712,3928,3496,-1040,87,-90,-14548,-3828,5408,-416,189,-118,0
2323.7954919338226,10212,5908,10496,-187,-64,93,9832,-9112,8948,-16,165,-197,-14656,3940,3832,-1030,82,-104,-14504,-3632,5664,-436,164,-99,0
2323.8291549682617,10272,5788,10568,-147,-43,95,9896,-8996,8808,-32,180,-147,-14716,4048,3548,-1019,88,-104,-14560,-3856,5420,-463,141,-107,0
2323.8626160621643,10264,5800,10688,-223,-44,99,9768,-9096,8912,22,166,-176,-14628,3848,3096,-1074,82,-77,-14396,-3832,5636,-452,160,-70,0
2323.8955731391907,10148,5840,10864,-509,-63,128,9916,-9012,8884,22,169,-169,-14700,3936,3492,-1020,95,-128,-14616,-4088,5624,-447,183,-22,0
2323.9293270111084,10260,5736,10664,-171,-74,107,9740,-9012,8916,-60,174,-179,-14724,4040,3420,-1026,89,-133,-14572,-3908,5736,-479,160,-64,0
2323.9629559516907,10148,5784,10748,-508,-72,120,9804,-9104,8668,-20,160,-196,-14652,4068,3408,-1004,103,-93,-14596,-3816,5552,-476,169,-79,0
2323.9966380596165,10024,5664,10580,-191,-31,82,9792,-8996,8736,14,168,-169,-14684,3852,3444,-1010,73,-79,-14688,-3884,5596,-464,165,-110,0
2324.030138015747,10236,5872,10652,-209,-49,120,9888,-9008,8856,19,198,-162,-14716,3888,3532,-1009,49,-63,-14584,-3792,5600,-450,170,-89,0
2324.0636410713196,10084,5776,10740,-268,-16,128,9768,-9112,8844,-29,171,-184,-14636,4040,3636,-976,99,-72,-14456,-3596,5776,-428,147,-49,0
2324.097358942032,10152,5728,10752,-274,-47,144,9756,-9076,8836,20,180,-190,-14764,4016,3380,-1004,121,-123,-14624,-4092,5680,-472,209,-45,0
2324.1308031082153,10184,5824,10704,-250,-51,145,9896,-9116,8984,30,174,-176,-14724,4020,3432,-1014,97,-77,-14568,-3768,5428,-495,148,-49,0
2324.1641211509705,10140,5716,10908,-299,-50,166,9824,-8992,8840,51,156,-170,-14720,4004,3528,-999,123,-79,-14524,-3856,5740,-458,184,-90,0
2324.1976420879364,10280,5708,10716,-239,-52,176,9528,-9008,8948,-254,125,-180,-14692,3884,3504,-1030,115,-77,-14592,-3772,5376,-481,185,-50,0
2324.2312309741974,10108,5704,10576,-281,-58,142,9844,-9092,8796,31,160,-154,-14752,3988,3444,-1063,98,-109,-14620,-3672,5672,-439,157,-61,0
2324.2642440795894,10240,5748,10552,-258,-11,128,9876,-9176,8884,37,183,-150,-14636,4000,3572,-1041,125,-33,-14396,-3704,5688,-446,161,-66,0
2324.3023300170894,10344,5712,10848,-280,-49,182,9776,-9012,8940,32,142,-147,-14652,3904,3368,-1036,143,-80,-14584,-3824,5628,-456,154,-75,0
2324.3381810188293,10052,5712,10972,-244,-50,181,9756,-9032,8936,5,94,-177,-14660,3968,3536,-1001,86,-24,-14544,-3916,5688,-430,143,-55,0
2324.37370800972,10020,5736,10812,-281,-41,136,9720,-8956,8920,0,151,-163,-14748,3876,3336,-1020,48,-80,-14548,-3796,5728,-409,145,-97,0
2324.409317970276,10180,5708,10904,-283,-72,118,9792,-9028,8896,11,129,-182,-14724,4024,3564,-1018,39,-51,-14408,-3832,5640,-413,162,-68,0
2324.444491147995,10132,5672,10776,-271,-61,140,9496,-9048,9212,31,176,-148,-14788,3980,3512,-1025,61,-84,-14572,-3724,5852,-386,182,-81,0
2324.4801599979405,10416,5672,10872,-295,-61,129,9548,-8976,8932,65,157,-184,-14748,4048,3488,-1049,57,-52,-14696,-3812,5592,-391,179,-64,0
2324.515450000763,10232,5736,10656,-282,-87,130,9720,-9004,8920,37,133,-180,-14760,3888,3568,-1021,86,-115,-14568,-3840,5712,-415,182,-63,0
2324.5508980751038,10200,5612,10696,-246,-77,162,9556,-9008,8948,35,108,-176,-14700,3976,3500,-1279,107,-81,-14376,-3728,5516,-361,188,-31,0
2324.5861139297485,10172,5716,10796,-278,-91,137,9820,-8764,8844,-252,124,-177,-14732,3904,3528,-1277,85,-65,-14548,-3692,5624,-338,197,-50,0
2324.6217880249023,10452,5584,10916,-267,-79,146,9720,-9036,8716,4,124,-173,-14764,4108,3564,-1054,58,-66,-14724,-3676,5744,-383,154,-67,0
2324.658095121384,9984,5856,10764,-233,-69,117,9912,-9076,9004,-8,160,-150,-14708,4024,3340,-1057,40,-57,-14572,-3752,5440,-416,178,-91,0
2324.69380903244,10396,5572,10688,-281,-82,88,9944,-8724,8788,3,166,-187,-14664,4008,3328,-1084,36,-80,-14520,-3608,5660,-388,186,-76,0
2324.7302260398865,10236,5680,10984,-151,-25,81,9828,-9080,9004,-44,150,-182,-14684,4040,3564,-1080,-16,-103,-14376,-3652,5616,-413,171,-90,0
2324.765366077423,9992,5584,10844,-160,-112,46,9752,-9104,8820,-86,162,-162,-14680,4048,3492,-1051,11,-87,-14616,-3668,5656,-432,185,-73,0
2324.800933122635,10292,5608,10620,-134,-50,93,9980,-9036,8808,-71,99,-171,-14724,4024,3600,-1107,14,-105,-14540,-3792,5632,-424,154,-118,0
2324.8360760211945,10216,5688,10784,-83,9,78,9756,-8952,8836,-87,183,-127,-14636,3924,3568,-1052,252,-14,-14484,-3788,5696,-412,90,-115,0
2324.8722660541534,10156,5676,10840,-155,13,39,9780,-9136,8988,-107,153,-133,-14684,4040,3724,-1033,-20,-56,-14548,-3852,5616,-412,108,-158,0
2324.9076809883118,10084,5720,10620,-115,-5,74,9484,-9084,8848,-122,177,-159,-14756,3604,3476,-992,13,-93,-14520,-3780,5836,-427,150,-125,0
2324.9434361457825,10172,5752,10980,-71,254,68,9784,-9032,9084,-106,152,-181,-14660,4016,3604,-1010,112,-87,-14500,-3748,5388,-477,144,-121,0
2324.977250099182,10072,5668,10768,-169,-71,90,9664,-9088,8744,-147,162,-167,-14680,4036,3348,-840,183,-99,-14552,-3728,5760,-568,94,-126,0
2325.0108370780945,10140,5680,10608,-92,1,86,9804,-9004,8728,-165,160,-168,-14728,4056,3492,-834,212,-39,-14560,-3736,5740,-555,75,-128,0
2325.0443770885468,10116,5752,10788,-160,-38,104,9568,-8972,8932,-122,174,-142,-14836,4056,3656,-1024,284,-46,-14720,-3712,5580,-525,6,-110,0
2325.077795982361,10244,5640,10596,-70,47,94,9484,-9200,8724,-39,117,-145,-14752,3860,3668,-854,169,-63,-14516,-3676,5624,-414,33,-109,0
2325.1111941337585,10216,5688,10716,-115,-246,147,9952,-9056,9060,-45,65,-116,-14756,4088,3392,-1024,197,-30,-14624,-3784,5880,-463,-19,-80,0
2325.1448969841003,10208,5788,10900,8,3,87,9784,-9004,8952,-100,57,-165,-14696,3896,3612,-781,131,-4,-14600,-3788,5580,-380,73,-98,0
2325.17844414711,10196,5712,10664,-47,-39,101,9876,-9044,8824,-74,9,-213,-14752,3940,3632,-888,-49,-44,-14640,-3816,5648,-293,106,-107,0
2325.2119331359863,10220,5664,10628,28,-87,90,9772,-9072,8836,-77,69,-199,-14696,4060,3608,-864,-169,-44,-14544,-3684,5640,-224,117,-106,0
2325.245553970337,10168,5852,10516,2,-90,90,9740,-9068,8964,-57,51,-187,-14652,3992,3560,-924,-143,-59,-14548,-3696,5740,-132,156,-95,0
2325.2791810035706,10452,5704,10700,-74,-80,112,9932,-9088,8720,-41,19,-185,-14420,4000,3244,-1076,-154,-74,-14600,-3732,5700,-121,112,-94,0
2325.312502145767,10420,5700,10864,-39,-70,70,9700,-9016,8856,-23,34,-185,-14732,4308,3416,-1336,-265,-72,-14644,-3692,5800,21,96,-66,0
2325.34613609314,10192,5724,10896,-43,-108,95,9912,-9044,8884,62,87,-193,-14672,3848,3724,-1341,-202,-59,-14588,-3636,5760,-40,158,-31,0
2325.3797121047974,10300,5640,10764,-60,-107,86,9752,-9048,8872,54,116,-190,-14592,4116,3620,-1281,-80,-49,-14584,-3700,5680,-62,136,-52,0
2325.4129569530487,10168,5764,10640,-60,-101,75,9812,-9036,8884,252,63,-175,-14600,4008,3660,-1176,-35,-84,-14584,-3700,5676,-115,86,-76,0
2325.4466030597687,10224,5692,10696,-106,-80,58,9860,-9028,9092,148,134,-154,-14400,3972,4020,-1274,-13,-89,-14788,-3724,5752,-129,121,-76,0
2325.4801869392395,10156,5796,10656,-121,-35,93,9764,-9036,8924,132,126,-175,-14344,4012,4076,-1299,-25,-52,-14480,-3776,5752,-126,163,-93,0
2325.5134711265564,10148,5772,10960,-60,-135,89,9764,-8848,8936,42,155,-190,-14584,4048,3648,-1158,2,-63,-14588,-3708,5720,-180,172,-112,0
2325.5473041534424,10196,5656,10676,-179,-128,58,9972,-9032,8880,97,187,-218,-14648,3984,3648,-1172,-28,-98,-14560,-3564,5772,-92,194,-86,0
2325.5807840824127,10164,5788,10796,-135,-97,88,9788,-8960,8928,73,113,-220,-14632,4000,3628,-1162,-33,-104,-14636,-3688,5884,-201,128,-88,0
2325.6142880916595,10104,5820,10924,-73,-39,76,9860,-8964,8948,5,117,-179,-14692,3908,3756,-1057,252,-38,-14584,-3660,5856,-275,83,-139,0
2325.6478641033173,10136,5796,10744,-123,-82,70,9792,-9116,8992,-20,132,-185,-14688,4056,3880,-1074,10,-56,-14804,-3824,5768,-295,118,-109,0
2325.6816749572754,10116,5792,10920,-107,-74,101,9896,-9048,8960,250,93,-193,-14580,4220,3836,-1108,64,-37,-14636,-3608,5632,-337,90,-137,0
2325.7150249481206,10088,5848,10708,-109,-101,144,9728,-8996,8732,253,24,-200,-14616,3976,3628,-1075,59,-65,-14584,-3612,5860,-372,99,-113,0
2325.748777151108,10088,5720,10552,-143,-131,139,9684,-9020,8856,28,70,-205,-14340,3980,3692,-1012,152,-96,-14376,-3564,5884,-341,144,-76,0
2325.782243013382,10084,5692,10888,-91,-98,146,9792,-9032,8864,19,77,-214,-14664,4084,3768,-1064,148,-78,-14504,-3584,5736,-310,94,-96,0
2325.815689086914,10112,5832,10676,-166,-129,117,9496,-9024,8888,20,85,-208,-14644,4008,3660,-1275,153,-55,-14672,-3516,5840,-253,63,-73,0
2325.8494529724126,10204,5796,10764,-142,-101,98,9888,-9028,8892,40,132,-187,-14668,4000,3648,-1000,194,-68,-14680,-3600,5700,-240,-15,-88,0
2325.8828661441803,10140,5772,10816,-158,-124,124,9844,-8740,8856,62,127,-168,-14364,4012,3608,-1003,198,-62,-14644,-3372,6124,-303,7,-113,0
2325.916016101837,10112,5796,10592,-164,-90,154,9500,-8732,8840,-6,122,-183,-14656,4048,3912,-989,167,-106,-14516,-3504,5784,-339,101,-112,0
2325.9523119926453,10180,5764,10728,-150,-77,106,9764,-9044,8784,5,139,-213,-14644,3964,3724,-1013,103,-60,-14656,-3448,5800,-341,93,-107,0
2325.9885020256042,10232,5740,10624,-151,-73,103,9868,-8992,9068,12,166,-190,-14612,3988,3724,-972,85,-115,-14544,-3524,5912,-362,55,-112,0
2326.023780107498,10228,5928,10556,-164,-61,110,9744,-9028,8864,48,156,-162,-14584,4072,3488,-1005,129,-47,-14592,-3812,5932,-378,74,-122,0
2326.0595340728764,10072,5740,10732,-143,-48,97,9812,-9016,8820,17,132,-181,-14708,3928,3716,-989,115,-95,-14616,-3544,5892,-379,71,-103,0
2326.0946459770203,10196,5820,10804,-161,-79,130,9824,-8984,9176,30,124,-192,-14620,4188,3736,-986,103,-71,-14556,-3524,6076,-350,38,-72,0
2326.130217075348,10100,5844,10636,-140,-75,112,9880,-8824,8980,9,96,-203,-14712,3956,3724,-984,112,-144,-14612,-3556,5952,-339,59,-99,0
2326.1654019355774,10216,5760,10840,-140,-99,98,9812,-8748,8880,-5,153,-183,-14584,3996,3808,-982,130,-81,-14464,-3600,5956,-303,-57,-72,0
2326.2017180919647,10112,5728,10680,-143,-130,113,9848,-8908,8924,-250,160,-206,-14568,3980,3704,-990,131,-82,-14788,-3800,5740,-435,206,-105,0
2326.2378079891205,10184,5800,10524,-174,-61,137,9784,-8916,8848,-242,154,-183,-14700,4028,3568,-1007,106,-72,-14644,-3344,6324,-386,281,-88,0
2326.273369073868,10488,5872,10912,-280,100,42,9736,-9024,8980,-70,161,-144,-14684,4348,3636,-1038,77,-76,-14848,-3484,5896,-601,288,-148,0
2326.3092119693756,10060,5696,10616,-271,81,99,9748,-9000,8892,21,155,-145,-14588,3980,3780,-774,83,-73,-14540,-3528,5956,-459,152,-98,0
2326.3443839550014,10056,5692,10508,-138,-37,97,9772,-8896,8996,-57,166,-172,-14808,3980,3728,-996,92,-91,-14636,-3564,5852,-336,87,-88,0
2326.380121946335,10076,5776,10660,-186,-97,105,9784,-9060,9196,-36,179,-200,-14620,4296,3408,-1003,63,-97,-14576,-3520,5920,-453,227,-141,0
2326.4155390262604,10168,5736,10784,-257,-67,107,9784,-8740,8836,7,172,-196,-14620,3944,3744,-980,79,-98,-14524,-3512,5832,-484,234,-106,0
2326.4518430233,10236,5808,10856,-273,-57,139,9812,-8912,8892,26,182,-174,-14644,3956,3712,-1002,72,-59,-14552,-3528,5940,-479,233,-104,0
2326.487710952759,10004,5780,10772,-306,-23,121,9700,-8896,9072,-39,213,-164,-14632,3996,3800,-936,80,-68,-14532,-3628,5836,-493,196,-108,0
2326.522885084152,10068,5728,10976,-287,-31,114,9768,-9016,9016,-28,136,-197,-14680,3952,3796,-962,73,-116,-14544,-3416,5940,-482,167,-91,0
2326.558814048767,10072,5660,10808,-506,-17,118,9784,-9016,9052,-4,190,-180,-14564,4012,3684,-775,117,-103,-14500,-3492,5860,-471,235,-75,0
2326.5954389572144,10156,5712,10780,-290,-88,112,9744,-8940,8920,26,180,-226,-14680,4020,3692,-1016,153,-189,-14828,-3520,5828,-466,243,-55,0
2326.6289229393005,10116,5784,10640,-285,-49,142,9792,-8932,8960,-18,200,-220,-14604,4032,3864,-1023,117,-151,-14664,-3532,6048,-499,279,-99,0
2326.66241312027,10128,5720,10716,-321,-114,118,9912,-8724,9012,9,196,-223,-14672,3996,3776,-1037,96,-123,-14708,-3488,5864,-507,221,-108,0
2326.6960351467133,10188,5700,10804,-233,-98,94,9816,-8876,9028,-28,174,-192,-14756,4004,3764,-1025,72,-103,-14716,-3564,5820,-530,223,-108,0
2326.7297279834747,10152,5760,10688,-273,-76,136,9976,-9008,8848,2,175,-192,-14620,3912,3784,-1074,83,-97,-14632,-3808,6048,-563,295,-114,0
2326.763359069824,10112,5756,10692,-266,-75,134,9860,-8920,8864,-43,163,-198,-14368,3964,3756,-1025,69,-139,-14524,-3536,5740,-762,201,-86,0
2326.7969720363617,10076,5420,10756,-233,-120,112,9784,-8988,9052,-75,166,-227,-14688,3608,3680,-1006,108,-137,-14720,-3360,5832,-505,220,-88,0
2326.8301680088043,10128,5672,10672,-249,-107,101,9780,-8956,9164,-46,132,-234,-14648,3904,3780,-1029,107,-117,-14636,-3400,5736,-486,221,-93,0
2326.8637220859528,10160,5692,10528,-264,-110,117,9780,-8916,8896,-17,121,-203,-14572,4008,3760,-1002,122,-99,-14384,-3524,5832,-520,4,-73,0
2326.8973450660706,10012,5704,10832,-281,-68,152,9772,-8956,8924,249,165,-186,-14664,3956,3736,-1011,116,-123,-14556,-3340,5820,-487,173,-63,0
2326.930720090866,10080,5692,10684,-272,-111,136,9736,-8920,8816,-256,135,-205,-14540,3952,3708,-1027,150,-145,-14592,-3516,5832,-477,217,-75,0
2326.9638969898224,10096,5668,10988,-244,-97,143,9812,-8892,8940,27,138,-223,-14592,3944,3852,-1009,138,-112,-14368,-3528,5676,-515,228,-76,0
2326.997488975525,10160,5804,10992,-221,-95,140,9692,-8796,8972,60,151,-199,-14616,3960,3748,-996,174,-46,-14832,-3580,5820,-577,276,-58,0
2327.031063079834,10384,5744,10872,-286,-73,134,9860,-8824,8984,8,160,-213,-14604,3940,3604,-985,152,-109,-14600,-3492,5828,-489,1,-85,0
2327.0644490718846,10000,5652,10856,-272,-65,149,9808,-8768,8852,3,172,-174,-14708,3940,3596,-770,136,-153,-14672,-3448,5872,-443,186,-82,0
2327.0980830192566,10420,5876,10780,-193,-48,84,9816,-8932,8944,-19,193,-193,-14692,3980,3596,-958,103,-100,-14652,-3500,5816,-485,140,-78,0
2327.1315240859985,10100,5392,10664,-256,-94,107,9764,-9004,8892,17,193,-196,-14688,3928,3480,-1048,70,-95,-14516,-3424,5720,-485,165,-102,0
2327.165010929108,10148,5716,10976,-276,-98,125,9632,-8872,9088,17,102,-190,-14524,3892,3652,-965,145,-111,-14668,-3620,5812,-455,132,-54,0
2327.1982929706573,10156,5416,10780,-173,-86,102,9872,-8816,8980,-74,96,-177,-14672,4244,3740,-929,156,-112,-14636,-3404,5764,-427,143,-78,0
2327.231817960739,10200,5564,10928,-196,-131,115,9824,-9004,8836,-36,168,-221,-14692,3892,3744,-1005,62,-145,-14724,-3448,5728,-449,155,-108,3
2327.2654769420624,10168,5620,10828,-144,-67,119,9808,-8864,9000,-40,116,-175,-14748,3956,3672,-990,88,-111,-14620,-3492,5832,-465,72,-107,3
2327.2991099357605,10204,5720,10768,-157,-45,107,9956,-8868,8976,-72,117,-154,-14640,4048,3892,-918,55,-29,-14616,-3496,5648,-468,92,-144,3
2327.332617044449,10028,5584,10732,-142,-54,70,9840,-8908,9108,-82,172,-154,-14600,3976,3700,-959,107,-84,-14620,-3352,5768,-459,87,-147,3
2327.3658790588374,10188,5864,10700,-111,-26,99,9764,-8964,8936,-92,102,-185,-14848,3932,3716,-990,83,-75,-14600,-3360,5676,-481,106,-113,3
2327.3992650508885,10144,5852,11004,-66,-45,84,9780,-8888,9132,-68,150,-179,-14704,3920,3732,-967,66,-72,-14548,-3468,5756,-456,146,-127,3
2327.432948112488,10060,5512,10772,-106,-61,86,9780,-8832,8856,-80,119,-177,-14604,3884,3732,-1006,96,-82,-14532,-3488,5764,-478,169,-115,3
2327.466651916504,10144,5668,10852,-91,-80,123,9836,-9128,8976,-58,123,-211,-14656,3968,3676,-972,77,-73,-14628,-3572,6056,-458,121,-121,3
2327.500289916992,10184,5664,10928,-118,-131,84,9776,-9012,9176,-51,130,-210,-14688,4008,3772,-999,66,-90,-14372,-3416,5768,-479,112,-146,3
2327.533795118332,10168,5872,10504,-87,-52,106,9744,-8900,8844,-2,162,-140,-14704,3900,3616,-1037,39,-113,-14440,-3508,5780,-503,126,-155,3
2327.567403078079,10416,5680,10768,-70,-65,98,9736,-8916,8888,-255,153,-139,-14712,4008,3688,-1021,34,-87,-14576,-3516,5784,-455,118,-164,3
2327.6010870933533,9992,5716,10880,-45,-10,106,9812,-9212,8984,-49,128,-151,-14632,3992,3736,-1016,67,-73,-14360,-3356,5832,-489,148,-153,0
2327.637848138809,10136,5676,10852,-77,-74,92,9780,-9020,8772,-105,134,-195,-14388,3912,3648,-1023,71,-119,-14360,-3484,5840,-486,172,-180,0
2327.672784090042,10084,5724,10716,-37,-138,89,9836,-8832,9184,-73,117,-224,-14664,3868,3872,-1001,53,-82,-14696,-3484,5880,-482,202,-173,0
2327.707942008972,10180,5732,10700,-52,-132,93,9780,-8900,9052,-59,106,-247,-14652,4028,4076,-999,99,-171,-14592,-3472,5804,-467,239,-187,0
2327.7435281276703,10168,5808,10616,-24,-147,48,9856,-8904,9028,-44,130,-267,-14648,3892,3804,-1002,53,-173,-14784,-3496,5796,-461,225,-181,0
2327.780126094818,10260,5784,10948,-88,-145,62,9960,-8868,9160,-57,109,-232,-14416,3904,3896,-999,66,-90,-14632,-3572,5608,-464,219,-171,0
2327.8151869773865,10144,5764,10652,-120,-132,77,9732,-8760,9180,-71,154,-208,-14600,4088,3764,-955,98,-108,-14668,-3468,5760,-496,187,-135,0
2327.8508760929108,10488,5744,10956,-60,-91,111,9760,-8996,8880,-85,101,-202,-14656,4080,3736,-1024,119,-49,-14712,-3444,5764,-525,112,-150,0
2327.8858020305634,10460,5848,10864,-99,-73,126,9748,-9036,8808,-24,76,-141,-14676,4000,3724,-1040,70,-61,-14552,-3508,5872,-758,141,-129,0
2327.921268939972,10160,5712,10736,-114,-35,161,9520,-8712,9184,-51,48,-135,-14432,3992,4060,-1040,144,-47,-14376,-3476,5760,-523,148,-128,0
2327.956037044525,10152,5760,10648,-117,-65,130,9796,-9032,8820,-55,101,-163,-14604,3936,3772,-1067,98,-94,-14516,-3484,5856,-524,197,-146,0
2327.991858959198,10084,5688,10604,-147,-101,98,9584,-9060,8920,-15,146,-183,-14624,3936,3684,-1052,75,-79,-14588,-3504,5800,-494,246,-163,0
2328.0278410911565,10132,5724,10968,-91,-84,94,9736,-8940,8980,-26,127,-179,-14772,3968,4028,-1092,66,-118,-14596,-3332,5740,-533,199,-180,0
2328.063173055649,10252,5692,10576,-84,-50,96,9820,-8924,9008,-78,148,-177,-14604,3948,3688,-1270,73,-43,-14692,-3472,5740,-496,172,-163,0
2328.098659992218,10168,5728,10656,-140,-47,67,9944,-8952,8928,-81,132,-152,-14604,4040,3744,-997,97,-92,-14648,-3528,5672,-496,166,-151,0
2328.1340770721436,10176,5760,10700,-153,-44,98,9772,-8924,9036,-56,118,-148,-14644,3996,3624,-989,71,-33,-14556,-3492,5784,-759,111,-143,0
2328.1695499420166,10084,5692,10796,-157,-84,102,9796,-8920,8952,-33,155,-158,-14584,3948,3764,-1025,55,-54,-14536,-3572,5672,-508,124,-140,0
2328.204735994339,10000,5740,10700,-127,-66,90,9736,-8992,8928,-62,119,-152,-14628,3828,3668,-998,110,-119,-14360,-3332,5764,-493,163,-134,0
2328.2409179210663,10244,5736,10724,-133,-63,119,9780,-8840,9092,-28,137,-178,-14620,4064,3632,-993,128,-57,-14820,-3472,5736,-490,126,-139,0
2328.278655052185,10180,5800,10544,-129,-73,100,9776,-8932,9020,-33,152,-146,-14364,3988,4044,-1010,110,-42,-14620,-3520,5704,-479,118,-133,0
2328.312387943268,10188,5796,10544,-156,-43,125,9832,-8932,8876,-48,114,-169,-14624,3912,3768,-1042,119,-62,-14616,-3500,5780,-474,139,-136,0
2328.3458700180054,10100,5796,10748,-169,-75,125,9552,-8876,8932,-61,142,-160,-14644,3928,3840,-769,124,-49,-14592,-3624,5676,-480,160,-119,0
2328.3794169425964,10124,5872,10576,-159,-45,122,9748,-9012,8860,-71,120,-169,-14676,4020,3780,-995,100,-38,-14616,-3568,5668,-502,131,-136,0
2328.4129610061646,10164,5788,10676,-163,-72,89,9820,-8912,8864,-50,154,-166,-14352,3888,3668,-1005,114,-55,-14640,-3508,5752,-489,109,-101,0
2328.4466729164124,10168,5720,10656,-172,-20,122,9780,-8896,8880,-68,147,-123,-14552,3968,3732,-993,109,-32,-14392,-3548,5720,-462,110,-74,0
2328.479979991913,10084,5796,10796,-178,-22,111,9744,-8980,8836,-47,116,-144,-14376,3980,3696,-1036,124,-102,-14544,-3480,5852,-463,125,-98,0
2328.513615131378,10032,5788,10792,-215,-44,122,9812,-8992,8804,-27,115,-151,-14640,3920,3616,-1005,123,-105,-14480,-3520,5816,-477,156,-103,0
2328.547157049179,10096,5768,10676,-196,-46,125,9740,-9096,8776,-9,111,-201,-14640,3884,3776,-986,116,-100,-14648,-3444,5844,-501,164,-96,0
2328.5807850360866,10192,5760,10764,-209,-63,123,9744,-8976,8732,-13,186,-167,-14708,3952,3748,-977,91,-108,-14568,-3548,5768,-474,195,-102,0
2328.6142709255214,10108,5764,10948,-273,-99,114,9740,-9024,8932,-23,194,-216,-14600,4056,3784,-988,83,-140,-14688,-3588,5788,-449,180,-73,0
2328.647633075714,10112,5816,10672,-195,-49,100,9564,-9164,9052,-19,223,-195,-14404,3952,3704,-944,75,-137,-14640,-3468,5860,-479,110,-108,0
2328.687201023102,10216,5648,10940,-240,-72,82,9764,-9008,8804,-48,293,-173,-14788,4060,3812,-990,-10,-165,-14836,-3540,5736,-453,226,-139,0
2328.7211561203003,10100,5732,10800,-216,-52,48,9744,-8928,8824,-78,337,-205,-14616,3852,3960,-998,-33,-197,-14580,-3528,5864,-403,267,-144,0
2328.7544450759888,10200,5852,10932,-191,-62,16,9684,-8876,9072,-41,313,-234,-14592,3972,3824,-926,-46,-157,-14516,-3480,5608,-451,234,-158,0
2328.7881240844727,10120,5856,10604,-259,-22,40,9728,-9008,8888,64,207,-225,-14540,3904,3732,-937,56,-173,-14672,-3560,5800,-501,208,-134,0
2328.821610927582,9976,5720,10728,-159,-16,73,9596,-8812,8992,87,127,-243,-14840,3900,3732,-771,82,-191,-14560,-3496,5664,-490,219,-109,0
2328.8549060821533,10188,5712,10684,-208,-88,115,9848,-8832,9024,79,131,-251,-14848,3760,3852,-990,84,-165,-14716,-3692,5720,-486,144,-87,0
2328.888286113739,10232,5828,10888,-249,-48,88,9792,-9000,8844,-49,166,-211,-14644,4008,3800,-1009,75,-114,-14724,-3576,5768,-432,162,-82,0
2328.921802997589,10104,5804,10840,-271,-56,98,9760,-8768,9100,-67,203,-202,-14580,3868,3788,-1023,99,-99,-14692,-3484,5768,-415,175,-62,0
2328.9553251266484,10044,5724,10664,-230,-21,139,9704,-9080,8948,-9,187,-151,-14620,3988,3636,-959,113,-114,-14576,-3484,5748,-473,112,-64,0
2328.988667011261,10100,5772,10648,-261,-46,167,9696,-9012,8756,-247,151,-174,-14604,4000,3672,-994,166,-99,-14604,-3308,5676,-464,125,-91,0
2329.0221071243286,10004,5732,10744,-213,-86,173,9764,-8920,8960,-5,114,-215,-14616,3904,3884,-957,99,-137,-14600,-3556,5640,-462,178,-61,0
2329.0555391311646,10128,5688,10956,-203,-60,126,9716,-8892,9036,44,115,-190,-14504,3960,4016,-976,142,-108,-14736,-3464,5672,-462,149,-95,0
2329.089010953903,10164,5708,10816,-226,-89,143,9776,-8932,9184,27,133,-170,-14716,3868,3748,-1035,97,-144,-14700,-3516,5616,-458,179,-72,0
2329.1224529743195,10068,5800,10780,-209,-92,132,9824,-8852,8908,18,142,-197,-14684,3952,3956,-1273,91,-145,-14656,-3512,5712,-463,186,-76,0
2329.15551495552,10144,5744,10768,-221,-110,136,9908,-8876,8936,-252,111,-194,-14576,3928,3752,-995,100,-104,-14608,-3468,5732,-441,168,-132,0
2329.189073085785,10200,5676,10848,-233,-111,132,9804,-8940,8716,-13,163,-217,-14352,3912,3996,-993,77,-81,-14708,-3576,5724,-475,156,-97,0
2329.222468137741,10108,5600,10776,-226,-94,93,9752,-8928,8900,-7,155,-203,-14636,3960,3944,-976,105,-111,-14624,-3472,5868,-461,146,-117,0
2329.256171941757,10096,5772,10768,-184,-97,137,9700,-8964,8828,20,177,-182,-14696,3904,3816,-1011,86,-148,-14344,-3500,5636,-472,151,-108,0
2329.2896089553833,10188,5668,11000,-201,-64,104,9808,-8984,9016,22,174,-148,-14668,3968,3672,-1021,61,-101,-14676,-3528,5664,-499,155,-112,0
2329.3260591030125,10140,5756,10548,-158,-96,131,9688,-8988,8892,29,126,-155,-14620,3772,3756,-1037,87,-76,-14708,-3580,5740,-522,160,-111,0
2329.3623261451726,10120,5680,10856,-120,-90,133,9960,-8836,8964,-21,129,-202,-14632,3932,3796,-984,118,-136,-14580,-3500,5392,-493,156,-117,0
2329.397683143616,10084,5736,10792,-138,-156,151,9812,-8908,9188,-85,93,-182,-14848,3892,3896,-991,113,-40,-14660,-3544,5636,-494,110,-93,0
2329.43288397789,10220,5580,10844,-121,-80,116,9920,-8956,8988,-66,110,-135,-14592,3896,3772,-1012,70,-67,-14720,-3380,5688,-548,90,-174,0
2329.4683580398564,10152,5616,10752,-173,-62,130,9776,-8940,9000,6,132,-103,-14544,3652,3732,-1036,108,-14,-14604,-3508,5724,-507,64,-129,0
2329.5034630298615,10092,5756,10712,-56,-23,119,9856,-8944,8904,-90,117,-144,-14420,3616,3732,-1036,138,-47,-14628,-3456,5856,-442,108,-105,0
2329.5391190052032,10136,5572,10808,-135,-95,99,9768,-8976,9008,-80,136,-191,-14640,3868,4056,-1034,95,-28,-14704,-3448,5824,-460,140,-168,0
2329.5742769241333,10472,5712,10768,-155,-63,92,9748,-8940,9004,-78,112,-157,-14592,3972,3708,-1034,79,-31,-14688,-3572,5848,-538,93,-144,0
2329.6102130413055,10156,5716,10696,-86,-57,99,9792,-8880,8908,-34,140,-133,-14672,3860,3900,-1030,55,-10,-14716,-3788,5860,-503,45,-159,0
2329.645560979843,10176,5740,10788,-131,-28,62,9720,-8968,8896,-91,136,-137,-14660,3820,3860,-1016,48,-18,-14832,-3528,5640,-261,91,-153,0
2329.681335926056,10124,5772,10860,-107,-37,92,9648,-8920,9036,-95,139,-142,-14576,3968,3400,-1022,78,-32,-14660,-3484,5752,-507,77,-129,0
2329.717774152756,10064,5736,10548,-96,-72,104,9480,-8936,8732,-77,126,-173,-14552,3920,3840,-1019,105,-19,-14516,-3532,5464,-474,151,-122,0
2329.753000020981,9980,5844,10784,-121,-110,98,9732,-8924,8948,-73,96,-204,-14524,3968,3872,-1041,145,-99,-14548,-3820,5684,-474,185,-151,0
2329.7881150245667,10204,5744,10880,-57,-125,120,9728,-9016,8760,-54,121,-200,-14692,3948,3732,-1021,131,-23,-14756,-3428,5876,-497,163,-118,0
2329.8238141536713,10108,5784,10948,-145,-132,146,9732,-9004,8776,-69,84,-168,-14704,3972,4004,-1040,156,-56,-14568,-3444,5772,-527,155,-106,0
2329.8594069480896,10180,5664,10512,-101,-139,159,9768,-8992,9084,-40,62,-175,-14732,3948,3848,-1019,164,-60,-14672,-3448,5724,-553,164,-123,0
2329.8944969177246,10144,5756,10764,-65,-127,149,9524,-9188,8832,-46,56,-168,-14848,4088,3832,-1010,180,-37,-14672,-3580,5780,-531,168,-136,0
2329.9299089908604,10092,5744,10824,-85,-115,149,9752,-8916,9004,-109,75,-200,-14672,4076,3788,-1021,145,-24,-14664,-3596,5848,-516,145,-129,0
2329.966779947281,10208,5752,10968,-123,-103,136,9648,-8896,9068,-91,133,-173,-14708,3972,3856,-981,110,-55,-14708,-3484,6020,-515,154,-160,0
2330.0001759529114,10148,5732,10976,-118,-130,103,9896,-8980,9208,-87,116,-162,-14680,4088,3984,-1007,108,-41,-14628,-3352,5748,-523,147,-137,0
2330.033734083176,10208,5760,10776,-83,-100,111,9792,-8896,9016,-81,94,-164,-14572,3976,3744,-1046,112,-46,-14848,-3484,5720,-524,104,-147,0
2330.0672540664673,10164,5712,10752,-114,-102,113,9828,-8948,8972,-69,76,-180,-14516,4064,3840,-1036,114,-23,-14700,-3548,5704,-503,128,-140,0
2330.100707054138,10124,5732,10856,-107,-95,114,9480,-8984,8936,-65,82,-183,-14632,3900,3764,-997,118,-26,-14648,-3796,5784,-497,176,-138,0
2330.133819103241,10148,5816,10872,-85,-119,123,9776,-9052,8980,-82,80,-184,-14804,3976,3948,-998,107,-63,-14628,-3544,5676,-518,121,-126,0
2330.1674160957336,10388,6120,10820,-83,-136,146,9772,-8988,8948,-55,134,-176,-14716,3956,4028,-1013,89,-66,-14600,-3540,5680,-559,106,-154,0
2330.2011840343475,10168,5848,10620,-152,-128,120,9692,-8964,8824,-39,107,-148,-14720,4040,3792,-1004,77,244,-14572,-3608,5660,-531,135,-135,0
2330.2347540855408,10172,5748,10740,-81,-77,91,9960,-8872,8748,-106,90,-158,-14648,3896,3932,-1271,96,-19,-14548,-3568,5752,-266,102,-144,0
2330.268154144287,10384,5716,10764,-136,-111,107,9888,-9172,8896,-104,143,-173,-14608,4016,3764,-960,76,-36,-14576,-3524,5408,-535,97,-161,0
2330.3017151355743,10176,5812,10828,-146,-69,104,9756,-8996,8892,-40,127,-162,-14528,3972,3668,-964,88,-44,-14616,-3464,5688,-510,162,-158,0
2330.335082054138,10052,5788,10684,-91,-75,101,9860,-8980,8840,-44,123,-161,-14840,3992,4004,-1043,115,-66,-14804,-3732,5800,-482,139,-130,0
2330.3688781261444,10148,5764,10716,-127,-93,112,9852,-8900,8956,-74,78,-161,-14572,3928,3688,-995,73,-21,-14396,-3520,5816,-523,120,-151,0
2330.4021329879765,9996,5732,10616,-160,-72,110,9888,-9032,9160,-62,78,-126,-14604,3928,3568,-984,82,-12,-14368,-3456,5788,-505,106,-122,0
2330.4356579780574,10172,5828,10568,-166,-57,85,9824,-9016,8988,-61,158,-146,-14804,3920,3788,-1050,88,-74,-14552,-3640,5376,-524,136,-123,0
2330.469186067581,10100,5828,10820,-156,-82,100,9480,-8816,8880,-24,126,-159,-14540,4040,3784,-1046,124,-69,-14584,-3564,5680,-502,144,-114,0
2330.5026540756226,10136,5812,10708,-116,-27,119,9896,-8944,8720,-28,105,-170,-14672,3996,3728,-1054,113,-80,-14628,-3644,5808,-260,149,-119,0
2330.5365760326385,10192,5704,10616,-168,-92,115,9796,-8928,8840,-35,139,-198,-14380,3968,3700,-1017,119,-48,-14672,-3616,5992,-759,167,-99,0
2330.5700919628143,10124,5788,10500,-168,-33,97,9804,-8720,8852,-55,125,-159,-14368,4032,3792,-1014,123,-27,-14588,-3772,5816,-480,124,-139,0
2330.6036779880524,10112,5812,10692,-183,-47,100,9760,-8924,9212,-43,135,-150,-14532,3952,3612,-997,112,-78,-14600,-3524,5788,-486,133,-127,0
2330.637289047241,10160,5748,10644,-165,-41,111,9760,-8944,8932,-62,124,-153,-14564,4016,3804,-1004,96,-88,-14612,-3608,5740,-500,146,-109,0
2330.6707520484924,10160,5800,10856,-218,-62,125,9744,-9016,8932,-35,155,-170,-14604,4020,3776,-967,98,-72,-14684,-3624,5684,-446,161,-136,0
2330.704357147217,10124,5792,10636,-235,-54,89,9760,-8972,8916,-30,172,-203,-14796,4032,3820,-966,103,-116,-14596,-3532,5760,-258,150,-82,0
2330.737946033478,10120,5732,10828,-227,-69,113,9788,-9148,9012,-27,144,-195,-14836,4080,4076,-980,138,-78,-14656,-3608,5696,-464,167,-36,0
2330.771450996399,10040,5796,10784,-244,-113,137,9800,-9004,8980,-20,151,-167,-14484,3932,3780,-1018,107,-104,-14672,-3480,5764,-483,129,-74,0
2330.8049619197845,10116,5780,10804,-268,-22,145,9804,-9108,8840,-45,143,-166,-14676,4012,3876,-995,131,-111,-14568,-3336,5732,-475,138,-92,0
2330.8384969234467,10120,5752,10612,-224,7,116,9940,-9044,8912,-37,169,-169,-14624,3896,3868,-988,106,-109,-14528,-3340,5800,-466,152,-102,0
2330.8718349933624,10172,5828,10868,-252,-7,136,9728,-8932,8908,-12,176,-182,-14560,4028,3604,-952,106,-87,-14784,-3604,5776,-460,152,-63,0
2330.9053850173946,10084,5664,10680,-271,-64,136,9784,-9020,8940,-28,196,-208,-14600,3976,3940,-983,132,-129,-14368,-3444,5768,-465,179,-99,0
2330.938957929611,10100,5680,10632,-212,-21,126,9880,-9036,8688,-16,161,-196,-14636,4000,3956,-973,120,-131,-14684,-3432,5632,-458,178,-68,0
2330.972347021103,10276,5676,10912,-231,-68,137,9900,-9088,8712,19,178,-181,-14716,3936,3668,-1020,87,-113,-14564,-3608,5736,-465,171,-85,0
2331.0096349716187,10056,5812,10964,-303,-70,129,9776,-8728,9112,19,162,-192,-14612,3936,3812,-1016,98,-99,-14684,-3352,5784,-478,170,-75,0
2331.045023918152,10200,5836,10808,-211,-45,82,9960,-8736,9036,-1,159,-218,-14696,4000,3904,-970,100,-131,-14548,-3548,5720,-482,192,-115,0
2331.080888032913,10112,5396,10864,-288,-108,102,9608,-9048,8788,21,195,-224,-14364,4052,3724,-995,77,-63,-14644,-3440,5696,-448,186,-104,0
2331.116140127182,10112,5672,10688,-229,-42,140,9780,-8932,9136,33,143,-186,-14668,3952,3768,-1267,124,-102,-14692,-3476,5620,-475,144,-86,0
2331.151865005493,10052,5772,10968,-253,-58,132,9532,-8904,8716,2,136,-167,-14632,3976,3852,-1046,123,-100,-14704,-3684,5756,-472,110,-106,0
2331.187732934952,10100,5688,10840,-248,-78,154,9884,-9016,8964,6,156,-151,-14572,3992,3824,-1007,80,-88,-14564,-3376,5668,-487,102,-85,0
2331.222805976868,10096,5884,10752,-238,-62,155,9732,-9024,8864,11,172,-151,-14592,3972,3892,-1272,101,-121,-14548,-3572,5784,-487,156,-85,0
2331.259099960327,10200,5752,10836,-247,-117,119,9804,-8920,9032,28,153,-200,-14512,3964,3784,-1026,132,-138,-14584,-3408,5852,-447,222,-91,0
2331.294076919556,10048,5780,10812,-244,-123,144,9660,-9036,9140,9,167,-217,-14640,3952,3664,-999,115,-147,-14544,-3488,5700,-476,210,-58,0
2331.330043077469,10160,5856,10880,-255,-175,133,9784,-8936,8992,255,105,-243,-14744,3956,3668,-1021,114,-120,-14828,-3440,5700,-472,203,-100,0
2331.365567922592,10156,5708,10924,-236,-133,126,9744,-8904,8768,22,126,-193,-14652,4028,4064,-1010,107,-129,-14688,-3508,5688,-459,193,-81,0
2331.4019320011134,10128,5680,10880,-229,-133,163,9744,-9064,8964,-15,96,-197,-14652,4068,4012,-1280,142,-129,-14632,-3608,5756,-478,200,-71,0
2331.4380259513855,10064,5784,10808,-249,-158,165,9680,-8972,8988,-39,113,-205,-14644,3904,3784,-991,168,-127,-14616,-3520,5676,-490,175,-110,0
2331.4732780456543,10192,5652,10656,-138,-151,132,9820,-9172,8904,-102,121,-239,-14664,3984,3720,-956,127,-66,-14640,-3496,5752,-518,117,-125,0
2331.5095751285553,10300,5512,10852,-147,-118,105,9788,-9088,9068,-22,134,-182,-14688,3988,3712,-1043,74,-86,-14652,-3480,5652,-521,173,-165,0
2331.5445120334625,10140,5776,10508,-154,-80,116,9960,-8832,8844,-19,131,-163,-14800,3680,3460,-1028,140,-110,-14592,-3500,5716,-458,120,-107,0
2331.580742120743,10180,5624,10916,-61,-68,70,9776,-8940,8884,-94,130,-210,-14648,3940,3632,-772,134,-74,-14640,-3460,5764,-483,164,-151,0
2331.616199016571,10260,5664,10840,-161,-153,106,9860,-8784,8952,-18,154,-165,-14620,3924,3836,-1030,107,-74,-14668,-3528,5808,-478,113,-114,0
2331.6529059410095,10248,5608,10744,-127,-48,98,9716,-8928,8956,-28,99,-144,-14692,3956,3832,-1040,122,-46,-14788,-3500,5760,-490,102,-132,0
2331.6866130828857,10132,5620,10800,-105,-21,148,9760,-8720,8912,-51,94,-148,-14672,3960,3608,-1277,103,-28,-14640,-3520,5732,-520,97,-156,0
2331.720181941986,10264,5608,10832,-65,-21,84,9980,-9132,8900,-49,108,-142,-14692,4056,4036,-773,54,-22,-14572,-3552,5792,-520,96,-193,0
2331.753844976425,10180,5768,10848,-76,-48,96,9772,-8972,8936,-64,133,-123,-14608,4060,3856,-1002,47,-64,-14680,-3536,5840,-523,84,-164,0
2331.7873871326447,10088,5840,10804,-84,-68,94,9716,-9084,8932,-97,122,-152,-14620,3920,3688,-1002,101,-34,-14612,-3584,5784,-488,154,-121,0
2331.821048974991,10188,5708,10876,-91,-105,97,9752,-9000,8960,-102,121,-211,-14592,3968,3780,-997,154,-47,-14812,-3460,5736,-480,178,-131,0
2331.85457611084,10176,5696,10940,-118,-115,105,9780,-9184,8896,-76,92,-195,-14600,4032,3652,-1005,145,-86,-14652,-3548,5696,-496,194,-115,0
2331.890077114105,10488,5732,10824,-84,-103,130,9724,-9012,8944,-58,91,-184,-14672,3956,3952,-1020,101,-79,-14576,-3492,5604,-501,180,-141,0
2331.923648118973,10132,5636,10564,-81,-96,80,9744,-8984,8928,-58,96,-197,-14632,3888,3896,-1036,110,-46,-14584,-3500,5672,-482,162,-146,0
2331.957293987274,10268,5396,10740,-111,-67,90,9808,-8956,8948,-65,134,-188,-14660,4000,3700,-1005,124,-54,-14596,-3480,5716,-519,160,-142,0
2331.990812063217,10212,5760,10664,-125,-87,107,9848,-8812,8984,-27,120,-174,-14692,4020,3848,-987,121,-62,-14648,-3564,5572,-766,145,-139,0
2332.0244090557094,10144,5684,10756,-80,-63,119,9780,-8720,8908,-50,126,-172,-14764,3932,3972,-1036,102,-99,-14640,-3416,5704,-494,171,-177,0
2332.0576920509334,10176,5672,10536,-86,-66,80,9804,-8932,9208,-40,126,-200,-14732,4060,3980,-1010,61,-120,-14704,-3396,5728,-494,147,-192,0
2332.0913479328156,10196,5784,10556,-112,-105,52,9880,-8996,8884,-54,106,-223,-14800,3944,3600,-1008,77,-63,-14364,-3788,5780,-517,185,-184,0
2332.1247861385345,10188,5700,10644,-87,-143,65,9848,-8896,8880,-64,98,-246,-14588,3948,3912,-1005,108,-130,-14420,-3812,5736,-468,206,-189,0
2332.158254146576,10124,5740,10644,-61,-149,59,9740,-8884,8848,-20,129,-275,-14552,3864,3672,-1020,116,-170,-14516,-3676,5744,-461,250,-184,0
2332.1917679309845,10104,5760,10612,-94,-159,34,9780,-8880,8988,-6,123,-309,-14588,3912,4020,-1032,101,-184,-14620,-3592,5804,-469,265,-200,0
2332.225281953812,10232,5812,10756,-100,-136,41,9800,-8876,8916,-10,164,-291,-14664,3964,3592,-1003,63,-121,-14680,-3496,5768,-488,205,-177,0
2332.258942127228,10292,5792,10736,-130,-110,47,9868,-8880,8828,-64,113,-227,-14660,3972,3836,-984,114,-71,-14676,-3444,5812,-489,159,-145,0
2332.292447090149,10252,5772,10788,-142,-107,91,9728,-8988,8816,-60,96,-172,-14428,4052,3660,-1010,110,-22,-14676,-3500,5732,-490,135,-121,0
2332.3259720802307,10100,5656,10964,-116,-39,144,9776,-8988,8704,-36,30,-158,-14616,4024,3772,-1027,169,-49,-14520,-3476,5716,-488,122,-89,0
2332.3595020771027,10216,5680,10852,-113,-42,170,9804,-9060,8800,-42,57,-136,-14592,4008,3764,-1016,163,-86,-14600,-3452,5796,-258,141,-72,0
2332.392832994461,10176,5640,10848,-85,-66,147,9784,-8976,8888,-58,94,-152,-14644,4008,3792,-998,107,-51,-14628,-3524,5700,-521,143,-118,0
2332.426249027252,10208,5696,10780,-112,-65,132,9760,-9024,8676,-9,104,-182,-14632,3888,3812,-1008,159,-89,-14684,-3600,5672,-486,181,-112,0
2332.45995092392,10144,5816,10684,-129,-84,89,9816,-8920,8732,-54,144,-193,-14612,3988,3884,-1015,81,-70,-14632,-3504,5684,-477,162,-164,0
2332.4935340881348,10232,5848,10856,-125,-45,47,9852,-9032,8888,-42,175,-185,-14768,4016,3852,-976,24,-71,-14768,-3544,5612,-497,122,-199,0
2332.5271100997925,10200,5756,10700,-215,-38,33,9804,-8916,8816,14,184,-160,-14588,3864,3800,-1016,41,-93,-14828,-3560,5648,-522,132,-156,0
2332.5600731372833,10036,5832,10508,-118,-32,64,9824,-8864,8860,-48,172,-159,-14728,3636,4064,-1006,84,-47,-14636,-3696,5872,-485,131,-134,0
2332.5934700965886,10232,5876,10580,-142,-81,60,9792,-8924,8808,-61,158,-195,-14556,3956,3776,-996,103,-43,-14548,-3588,5588,-475,155,-146,0
2332.6272320747375,10208,5696,10564,-165,-45,108,9888,-9160,8916,-13,106,-190,-14664,4020,4028,-1279,58,-68,-14628,-3332,5760,-476,149,-139,0
2332.660094022751,10116,5684,10612,-126,-26,108,9684,-8876,8756,-11,146,-140,-14616,3940,4064,-1056,83,-56,-14468,-3668,5724,-483,138,-166,0
2332.6980171203613,10136,5780,10592,-149,2,90,9848,-8940,9104,-39,176,-172,-14624,3880,3932,-1014,75,-55,-14664,-3348,5660,-474,145,-152,0
2332.7335219383244,10076,5800,10852,-218,-52,84,9692,-9012,9036,-20,178,-182,-14580,3968,3800,-988,94,-120,-14364,-3556,5748,-460,176,-105,0
2332.7687821388245,10004,5780,10852,-197,-38,115,9668,-8968,9008,19,141,-170,-14360,3964,3852,-1019,122,-86,-14520,-3524,5820,-487,190,-69,0
2332.8044159412384,10212,5764,10840,-239,-45,138,9692,-9024,8892,-11,123,-168,-14636,3892,3860,-987,126,-86,-14672,-3588,5816,-490,178,-69,0
2332.8402581214905,10188,5784,10684,-184,-88,146,9880,-9184,8872,-44,109,-177,-14844,3948,3732,-989,104,-73,-14660,-3520,5816,-489,110,-92,0
2332.8751270771027,10156,5756,10752,-194,-8,101,9812,-8992,8968,-12,133,-162,-14640,4056,3648,-1018,103,-82,-14676,-3444,5776,-476,127,-133,0
2332.9105310440063,10232,5720,10740,-141,-25,95,9804,-9000,8920,-8,158,-163,-14400,3876,3444,-1031,82,-81,-14696,-3504,5600,-470,171,-86,0
2332.9455111026764,10224,5764,10736,-164,-29,130,9800,-8872,8960,-21,135,-160,-14604,3952,3672,-1017,115,-76,-14764,-3512,5788,-492,176,-138,0
2332.981724023819,10136,5668,10556,-146,-62,119,9828,-8900,8904,-48,133,-180,-14640,3936,3644,-982,97,-88,-14388,-3608,5736,-476,157,-121,0
2333.0176990032196,10208,5804,10572,-141,-53,116,9840,-8952,9116,-55,140,-166,-14368,4020,3724,-991,92,-69,-14580,-3524,5664,-493,160,-118,0
2333.0526831150055,10132,5804,10672,-158,-41,135,9928,-9060,8868,-27,136,-180,-14752,3808,3920,-1010,93,-78,-14712,-3800,5712,-493,143,-96,0
2333.0875539779663,10108,5780,10696,-148,-43,97,9792,-8996,8860,-36,134,-166,-14596,3704,3696,-1045,73,-35,-14636,-3628,5708,-493,121,-120,0
2333.1232681274414,10172,5788,10872,-147,-27,81,9848,-8920,9080,-55,156,-176,-14552,3964,3680,-771,90,-105,-14616,-3540,5648,-485,112,-107,0
2333.15869808197,10104,5852,10932,-161,-45,112,9764,-8976,8832,-25,148,-175,-14528,3820,3864,-1011,91,-79,-14580,-3512,5624,-466,178,-93,0
2333.1937091350555,10016,5716,10704,-166,-73,106,9704,-9204,8848,-58,141,-199,-14752,4092,3732,-1004,130,-95,-14680,-3576,5744,-465,147,-102,0
2333.229198932648,10144,5788,10808,-114,-75,129,9844,-8880,8940,-63,125,-189,-14632,3980,3988,-1006,104,-104,-14656,-3532,5640,-257,160,-82,0
2333.2644600868225,10188,5764,10512,-201,-71,147,9784,-9096,9204,-29,131,-180,-14592,3928,3724,-1010,121,-110,-14720,-3828,5660,-504,136,-43,0
2333.3003799915314,10168,5800,10716,-129,248,124,9872,-8916,9112,-64,106,-161,-14700,3976,3896,-956,120,-82,-14620,-3556,5744,-488,96,-107,0
2333.3368289470673,10164,5688,10944,-165,-246,73,9800,-8908,8864,-40,197,-178,-14660,3980,3816,-1017,84,-58,-14760,-3480,5580,-474,123,-102,0
2333.3700430393214,10192,5708,10740,-194,26,116,9844,-9040,8928,19,153,-142,-14488,4004,3752,-1046,83,-23,-14600,-3496,5644,-467,130,-76,0
2333.4036350250244,10108,5768,10876,-211,26,116,9732,-8844,8900,-7,147,-154,-14704,3844,4024,-1002,84,-90,-14616,-3640,5776,-490,150,-55,0
2333.4373021125793,10112,5756,10972,-227,-27,93,9780,-8972,9152,-16,182,-177,-14740,4004,3828,-956,59,-85,-14660,-3724,5680,-501,144,-112,0
2333.470822095871,10060,5816,10836,-283,-61,133,9732,-9120,8744,-34,147,-186,-14580,3948,3664,-964,73,-142,-14688,-3472,5692,-472,145,-99,0
2333.5044231414795,10000,5752,10972,-226,-44,143,9848,-9016,9052,-10,156,-160,-14800,4004,3832,-1008,101,-116,-14592,-3548,5784,-490,167,-100,0
2333.5380959510803,9952,5756,10872,-271,-77,139,9684,-8968,8916,34,181,-187,-14472,3872,4028,-1035,77,-88,-14712,-3332,5688,-464,181,-111,0
2333.571291923523,10080,5744,10772,-234,-99,122,9684,-8976,8964,-9,153,-229,-14724,4000,3700,-998,132,-151,-14680,-3608,5792,-455,201,-78,0
2333.6048901081085,9996,5732,10864,-273,-117,133,9800,-8916,8884,32,154,-192,-14660,4044,3664,-996,129,-171,-14832,-3572,5744,-466,195,-92,0
2333.6382670402527,10212,5784,10728,-234,-119,140,9700,-9192,9144,38,126,-227,-14720,3896,3600,-1010,118,-153,-14712,-3504,5712,-506,238,-44,0
2333.671615123749,10172,5740,10528,-240,-138,162,9868,-8912,8928,35,128,-225,-14604,3908,3900,-1007,155,-124,-14552,-3360,5776,-490,205,-50,0
2333.708771944046,10076,5784,10540,-242,-138,151,9828,-8884,8888,17,138,-227,-14644,3804,3700,-1035,149,-154,-14708,-3536,5704,-511,228,-49,0
2333.7428200244904,10020,5744,10716,-268,-170,137,9860,-8944,8864,6,123,-200,-14712,3928,3752,-972,128,-111,-14584,-3624,5708,-491,191,-79,0
2333.776431083679,10104,5720,10912,-240,-136,152,9840,-8836,8856,17,179,-208,-14676,3832,3748,-1012,115,-68,-14716,-3520,5552,-497,181,-87,0
2333.809961080551,10224,5748,10620,-246,-114,139,9768,-9188,8840,24,158,-192,-14716,3896,3864,-1035,67,-87,-14716,-3464,5752,-484,139,-93,0
2333.8434541225433,10204,5760,10776,-509,-90,124,9728,-9020,9040,23,156,-192,-14376,3940,3640,-1017,79,-130,-14632,-3532,5792,-486,176,-95,0
2333.876924991608,10080,5664,10704,-285,-122,143,9800,-8928,8912,6,136,-192,-14592,3916,3796,-1055,110,-107,-14632,-3484,5856,-491,186,-100,0
2333.9101381301884,10056,5684,10828,-206,-95,167,9868,-8928,9036,-16,120,-177,-14680,3856,3996,-1059,82,-68,-14696,-3536,5404,-566,177,-91,0
2333.9436209201813,10116,5656,10944,-268,-127,163,9796,-8908,8956,252,125,-162,-14732,3920,3644,-1058,105,-106,-14620,-3340,5552,-527,215,-100,0
2333.977082014084,10136,5720,10788,-210,-136,166,9792,-8952,8856,-37,134,-180,-14524,3832,3712,-1003,103,-105,-14636,-3828,5540,-506,181,-72,0
2334.0106060504913,10136,5428,10772,-159,-162,111,9748,-8880,9208,-117,108,-194,-14692,3948,3652,-979,131,-98,-14696,-3376,5716,-534,198,-125,0
2334.044119119644,10048,5608,11068,-185,-216,135,9772,-8996,9044,-57,78,-203,-14652,3976,3776,-1276,62,-72,-14608,-3460,5656,-521,187,-166,0
2334.0773310661316,10492,5880,10800,-77,-125,109,9876,-8804,8924,-73,117,-179,-14756,4064,3644,-781,90,-50,-14668,-3588,5500,-485,153,-196,0
2334.110929965973,10288,5644,10708,-128,-92,41,9852,-8792,8924,-99,199,-164,-14396,3828,3772,-1028,-6,-56,-14832,-3428,5660,-475,150,-193,0
2334.144312143326,10136,5700,10564,-157,-83,70,9780,-8924,9040,-43,215,-162,-14540,3812,3732,-1015,12,-57,-14688,-3524,5784,-474,134,-159,0
2334.1775341033936,10180,5700,10940,-92,-66,68,9744,-9164,9052,-56,143,-180,-14536,3668,3788,-1017,53,-26,-14840,-3508,5664,-495,111,-139,0
2334.2111279964447,10164,5732,10644,-150,-153,146,9740,-9200,9032,-34,119,-176,-14524,3956,3700,-1010,83,-21,-14472,-3564,5760,-497,140,-125,0
2334.244642019272,10156,5692,10776,-111,-86,121,9776,-8920,9008,-53,88,-189,-14620,3952,3908,-990,130,-91,-14372,-3596,5664,-477,132,-138,0
2334.277935028076,10336,5732,10760,-107,-153,138,9872,-8952,8980,-55,127,-192,-14596,3864,4032,-771,111,-96,-14664,-3588,5856,-452,142,-131,0
2334.311532020569,10104,5596,10772,-190,-102,104,9968,-8992,9084,-67,126,-174,-14624,3984,3960,-1024,118,-47,-14640,-3560,5700,-483,136,-137,0
2334.344727039337,10248,5732,10668,-108,-94,114,9780,-9012,8920,-68,97,-176,-14620,3912,3584,-1053,139,-51,-14664,-3756,5812,-504,149,-156,0
2334.382077932358,10256,5636,10780,-32,-96,108,9792,-8912,8804,-59,83,-215,-14688,3956,3816,-1015,137,-86,-14752,-3500,5712,-535,172,-111,0
2334.417468070984,10164,5700,10628,-69,-140,107,9744,-8736,9212,-76,84,-192,-14656,3848,3644,-980,114,-68,-14828,-3484,5680,-499,145,-111,0
2334.453099012375,10336,5396,10988,-98,-134,126,9844,-8928,9028,-67,79,-178,-14692,3956,3632,-983,106,-74,-14704,-3472,5640,-499,122,-136,0
2334.4882781505585,10252,5688,10808,-86,-91,120,9928,-8856,8896,-60,112,-177,-14596,3976,3668,-997,105,-26,-14708,-3724,5380,-506,139,-138,0
2334.524430990219,10212,5732,10672,-97,-106,106,9820,-8932,9048,-49,115,-182,-14636,3920,3868,-1006,115,-11,-14640,-3608,5512,-478,147,-138,0
2334.5603289604187,10164,5804,10612,-72,-67,87,9800,-8840,8876,-83,69,-165,-14456,3864,3632,-972,95,-57,-14516,-3540,5624,-504,103,-148,0
2334.5956361293793,10232,5772,10608,-111,-112,80,9796,-9096,8916,-45,135,-198,-14732,3892,3788,-773,44,-79,-14620,-3528,5688,-502,155,-158,0
2334.63090801239,10208,5664,10780,-142,-141,78,9820,-8912,8928,-28,139,-206,-14664,3980,3924,-1031,55,-90,-14692,-3648,5748,-481,125,-172,0
2334.6660079956055,10156,5844,10568,-87,-90,85,9776,-8908,9072,-105,102,-201,-14656,4032,3720,-995,66,-37,-14716,-3816,5404,-485,147,-187,0
2334.7017879486084,10276,5760,10832,-168,-114,102,9832,-9156,9184,-56,160,-196,-14796,3888,3800,-1001,96,-48,-14548,-3332,5672,-482,110,-162,0
2334.737643957138,10104,5800,10688,-123,-44,122,9796,-8992,8844,-25,85,-184,-14616,3908,3640,-1022,117,-29,-14612,-3628,5884,-497,135,-133,0
2334.7725999355316,10144,5680,10640,-63,-94,151,9792,-8952,8964,-31,89,-156,-14656,4016,3880,-1029,88,-55,-14648,-3596,5724,-504,84,-100,0
2334.8077409267426,10208,5800,10768,-117,-56,155,9836,-8780,8772,-68,94,-133,-14676,4064,4016,-975,66,9,-14708,-3628,5600,-499,103,-131,0
2334.8436069488525,10188,5772,10732,-101,-92,156,9852,-8792,8888,-56,89,-132,-14700,4092,4020,-1008,128,-55,-14676,-3484,5648,-526,94,-130,0
2334.8792350292206,10328,5644,10728,-135,-99,173,9844,-8996,8820,-10,93,-156,-14404,3920,3856,-1028,143,-42,-14628,-3580,5776,-528,150,-130,0
2334.9142529964447,10212,5752,10624,-91,-89,137,9740,-8972,9152,-39,114,-181,-14700,3904,3668,-1031,134,-34,-14652,-3488,5520,-502,122,-153,0
2334.9505989551544,10220,5732,10756,-125,-100,110,9548,-8932,8852,-63,100,-169,-14796,3976,3796,-1009,87,-86,-14764,-3380,5724,-463,129,-144,0
2334.986027956009,10296,5748,10704,-144,-49,85,9864,-8968,8832,-44,125,-194,-14560,3952,3808,-994,75,-82,-14356,-3616,5796,-468,166,-155,0
2335.0227279663086,10160,5748,10544,-179,-134,75,9760,-9016,8984,-64,133,-243,-14584,3960,3776,-1002,57,-94,-14612,-3552,5764,-451,163,-146,0
2335.0561780929565,10480,5800,10792,-146,-113,98,9896,-9032,8704,-93,123,-210,-14620,4008,3764,-968,91,-96,-14656,-3684,5644,-486,180,-143,0
2335.0898330211644,10220,5744,10896,-161,-125,72,9856,-8928,8708,-38,140,-176,-14528,3988,3972,-1019,53,-52,-14616,-3576,5744,-478,140,-168,0
2335.1234591007233,10480,5668,10692,-197,-46,62,9832,-9008,9004,-35,156,-178,-14700,3940,4032,-1004,67,-64,-14528,-3608,5680,-498,135,-158,0
2335.1569039821625,10488,5744,10816,-160,-12,73,9876,-8992,8864,7,190,-109,-14648,4088,3880,-1034,51,-67,-14704,-3672,5712,-502,94,-157,0
2335.190246105194,10244,5816,10704,-180,20,121,9832,-8956,8968,54,157,-108,-14532,3836,3900,-1057,30,-80,-14400,-3600,5868,-508,91,-127,0
2335.22380900383,10236,5868,10644,-197,-22,113,9824,-9032,8808,39,207,-136,-14600,4072,3648,-1021,79,-43,-14564,-3624,5592,-766,148,-94,0
2335.257516145706,10292,5760,10892,-150,-61,141,9800,-9024,8828,-18,189,-123,-14612,3976,3848,-1054,120,-46,-14668,-3500,5780,-546,121,-9,0
2335.2910649776454,10136,5736,10856,-171,-50,199,9736,-9136,8932,-46,139,-84,-14692,3952,3788,-1019,150,-40,-14692,-3624,5636,-535,133,-11,0
2335.3247079849243,10140,5704,10540,-272,-4,220,9488,-8888,8968,-253,151,-92,-14632,3964,3852,-1015,124,-90,-14560,-3672,5504,-494,115,-37,0
2335.3582129478455,10232,5832,10668,-225,31,158,9840,-9216,9092,-29,195,-102,-14620,3928,4012,-975,86,-98,-14684,-3652,5592,-498,64,-98,0
2335.3912489414215,10212,5804,10600,-283,8,106,9936,-8932,9000,12,237,-85,-14680,3908,3848,-985,39,-61,-14636,-3636,5656,-480,122,-128,0
2335.4248831272125,10084,5744,10696,-265,89,80,9776,-9004,8948,30,180,-181,-14592,3980,3596,-1013,63,-95,-14628,-3564,5668,-461,183,-93,0
2335.4582901000977,10196,5716,10832,-243,-23,101,9972,-8732,8888,14,175,-215,-14356,3948,3460,-1055,53,-126,-14628,-3764,5420,-473,191,-107,0
2335.4921219348907,10208,5728,10572,-256,-72,97,9856,-9084,8704,19,180,-184,-14720,4008,3960,-999,78,-151,-14688,-3788,5652,-490,158,-110,0
2335.5256929397583,10164,5708,10572,-287,-61,117,9748,-8932,8868,-4,174,-155,-14536,3956,3604,-975,76,-101,-14616,-3584,5808,-506,169,-73,0
2335.559144973755,10212,5796,10732,-247,-24,150,9764,-8992,9000,12,131,-160,-14528,3916,3736,-977,115,-90,-14400,-3564,5872,-469,169,-33,0
2335.592581987381,10160,5656,10752,-303,-77,186,9600,-8880,8736,255,106,-181,-14468,3944,3888,-1000,159,-87,-14564,-3332,5588,-464,118,-36,0
2335.6258640289307,10220,5740,10716,-219,-40,182,9784,-8884,8848,-17,93,-172,-14720,3952,3964,-1038,132,-115,-14716,-3608,5880,-475,141,-59,0
2335.659110069275,10232,5732,10876,-270,-39,145,9748,-9024,9000,19,146,-146,-14672,3952,3872,-971,89,-141,-14596,-3660,5584,-493,138,-89,0
2335.6926510334015,10232,5716,10820,-218,-45,106,9768,-8944,8848,44,201,-151,-14604,3936,4004,-955,42,-83,-14388,-3624,5688,-262,208,-99,0
2335.7260289192204,10108,5712,10788,-201,-108,143,9776,-8988,9024,35,195,-189,-14820,3884,3688,-993,103,-107,-14624,-3660,5656,-484,183,-61,0
2335.7596249580383,10176,5684,10696,-238,-140,134,9872,-8920,8948,-41,131,-208,-14540,3608,3616,-945,142,-139,-14628,-3520,5584,-433,146,-50,0
2335.79313993454,10240,5736,10992,-252,-108,156,9860,-8912,8908,-67,95,-215,-14656,4072,3592,-934,141,-98,-14748,-3436,5760,-407,114,-31,0
2335.8268671035767,10120,5560,11004,-303,-76,139,9868,-9108,8724,-28,113,-159,-14600,3964,3924,-1012,106,-69,-14672,-3324,5728,-483,174,-91,0
2335.8603069782257,10224,5460,10996,-306,-102,149,9756,-8912,8864,40,101,-169,-14516,3868,3708,-992,97,-63,-14600,-3524,5728,-462,165,-61,0
2335.89363694191,10156,5672,10932,-177,-26,130,9692,-8740,8852,-65,136,-196,-14808,3840,3964,-925,64,-77,-14720,-3692,5800,-499,93,-72,0
2335.927216053009,10160,5564,10864,-270,-108,124,9756,-9052,9004,-58,144,-189,-14404,4020,4004,-916,98,-82,-14664,-3400,5716,-477,105,-71,0
2335.9607291221614,10488,5872,10888,-209,-91,135,9692,-9012,8884,-19,110,-130,-14524,4016,4000,-956,80,-57,-14416,-3776,5404,-497,119,-81,0
2335.99413394928,10224,5748,10724,-165,-76,161,9744,-9108,9060,-53,69,-144,-14524,3852,3632,-998,106,-6,-14516,-3832,5716,-487,123,-97,0
2336.0300700664525,10164,5716,10752,-178,-96,120,9736,-8992,9020,-80,97,-170,-14572,3824,3900,-956,95,-44,-14664,-3532,5584,-491,108,-117,0
2336.065518140793,10072,5640,10840,-184,-122,81,9476,-9052,9168,-85,155,-202,-14644,3992,3692,-986,107,-55,-14620,-3524,5436,-490,159,-101,0
2336.1015379428864,10460,5720,10600,-152,-69,100,9820,-8912,9092,-86,127,-184,-14620,3988,3812,-973,93,-43,-14692,-3416,5820,-444,135,-81,0
2336.1374609470367,10240,5664,10660,-153,-35,114,9888,-9052,8800,-69,97,-190,-14664,4060,3700,-962,135,-19,-14616,-3520,5688,-479,131,-76,0
2336.172863960266,10236,5600,10584,-142,-34,123,9776,-9100,8908,-90,114,-143,-14832,4348,3644,-981,122,-30,-14748,-3432,5584,-493,104,-102,0
2336.208197116852,10184,5624,10840,-154,-19,131,9784,-9212,8940,-80,45,-137,-14816,4008,3712,-982,156,-33,-14684,-3512,5632,-495,132,-83,0
2336.243423938751,10100,5596,10760,-159,-63,160,9868,-8976,9048,-85,70,-163,-14668,3884,3900,-998,110,-31,-14832,-3648,5868,-492,131,-95,0
2336.2792489528656,10212,5624,10716,-101,-4,106,9780,-9000,8972,-87,102,-184,-14672,4000,3904,-959,115,-45,-14704,-3520,5812,-511,91,-161,0
2336.314966917038,10208,5632,10828,-145,-250,88,9796,-8744,8732,-107,158,-120,-14592,3904,3848,-958,67,1,-14700,-3780,5712,-511,91,-133,0
2336.351217031479,9992,5784,10644,-150,5,115,9760,-9072,8968,-91,136,-146,-14632,3936,4092,-1013,86,-237,-14820,-3632,5768,-470,71,-76,0
2336.3873591423035,10356,5736,10692,-148,13,113,9692,-8936,8892,-123,68,-133,-14504,3984,3688,-886,189,10,-14512,-3460,5732,-502,21,-60,0
2336.422063112259,10120,5696,10920,-147,-65,166,9772,-8980,8856,-140,19,-192,-14536,4000,3740,-980,193,-25,-14544,-3524,5904,-480,148,-49,0
2336.458146095276,10228,5560,10660,-124,-125,155,9776,-9052,8808,-143,57,-189,-14664,4312,4016,-983,165,-36,-14752,-3400,5452,-488,130,-51,0
2336.4936671257014,10288,5536,10760,-115,-92,193,9880,-9048,9084,-118,65,-136,-14824,4008,3848,-1019,161,44,-14696,-3388,5764,-539,65,-76,0
2336.5297610759735,10268,5616,10732,-84,-38,181,9780,-9056,8804,-63,23,-98,-14628,3988,3728,-1044,172,-2,-14804,-3380,5428,-540,101,-107,0
2336.5649719238286,10052,5592,10992,-48,-69,176,9808,-8992,8520,-80,28,-138,-14636,3984,3700,-1280,181,-255,-14824,-3528,5656,-517,100,-84,0
2336.601235151291,10212,5560,10528,-74,-48,125,9844,-9056,8940,-92,47,-139,-14624,4032,3860,-1013,44,-3,-14676,-3512,5796,-520,98,-165,0
2336.6360831260686,10312,5592,10740,-103,-59,125,9980,-9076,9056,-63,162,-151,-14688,4032,3784,-1011,62,-60,-14836,-3580,5772,-490,85,-161,0
2336.6738629341125,10136,5628,10668,-127,-71,89,9812,-9196,8880,-41,131,-190,-14544,4008,3644,-982,112,-46,-14608,-3600,5728,-485,153,-144,0
2336.7094669342046,10164,5708,10572,-89,-51,71,9812,-8720,8784,-99,119,-205,-14688,4088,3584,-998,98,-16,-14708,-3504,5672,-475,88,-182,0
2336.7428381443024,10216,5652,10856,-179,-112,64,9728,-9056,8728,-33,195,-169,-14684,4032,3760,-1046,66,-57,-14696,-3516,6132,-502,144,-157,0
2336.776528120041,10200,5688,10564,-133,-48,84,9708,-8996,8896,-28,126,-185,-14564,3920,3808,-1030,110,-73,-14836,-3376,5728,-499,117,-160,0
2336.8100299835205,10432,5732,10768,-80,-61,84,9844,-9004,8928,-58,67,-173,-14560,3996,3808,-1015,86,-76,-14620,-3404,5720,-490,144,-169,0
2336.843490123749,10044,5536,10524,-126,-86,98,9960,-9208,8800,-4,106,-195,-14432,3984,3748,-1071,93,-63,-14584,-3428,5692,-462,171,-114,0
2336.8773939609528,10260,5724,10624,-73,-76,114,9752,-9004,9100,7,78,-200,-14584,3976,4080,-1075,129,-66,-14636,-3496,5720,-476,170,-137,0
2336.9106619358063,10472,5724,10776,-122,-69,120,9712,-8964,8820,-21,120,-196,-14544,3992,3756,-1029,108,-63,-14668,-3428,5804,-502,143,-114,0
2336.94428896904,10324,5600,10808,-160,-94,154,9728,-9132,8728,-58,125,-198,-14636,4036,3744,-999,112,-84,-14660,-3524,5680,-455,120,-137,0
2336.9777300357814,10120,5756,10708,-123,-113,105,9884,-9136,8820,-47,122,-201,-14664,4088,3852,-1043,130,-102,-14360,-3524,5640,-451,143,-152,0
2337.0112669467926,10288,5688,10812,-191,-143,120,9492,-8996,8800,-17,150,-202,-14620,4148,3888,-1043,109,-45,-14464,-3520,5796,-466,142,-122,0
2337.044949054718,10104,5648,10648,-157,-85,113,9716,-9044,8780,-16,98,-186,-14552,4000,3776,-1278,135,-37,-14548,-3516,5840,-471,170,-130,0
2337.0786089897156,10192,5868,10640,-173,-132,104,9732,-9128,8812,-13,138,-243,-14764,4024,4008,-1037,124,-99,-14632,-3544,5760,-462,172,-108,0
2337.1120500564575,10432,5708,10968,-167,-112,75,9836,-9012,8760,-14,151,-223,-14584,4052,3964,-771,103,-160,-14396,-3784,5760,-473,179,-144,0
2337.1455769538884,10440,5712,10984,-153,-100,103,9852,-9088,8828,24,146,-211,-14620,4164,3840,-1072,84,-127,-14580,-3516,5840,-495,201,-135,0
2337.1791689395905,10148,5716,10544,-128,-102,117,9836,-8920,8808,-6,144,-224,-14592,4044,3928,-983,114,-123,-14628,-3536,5684,-453,173,-160,0
2337.2126190662384,10488,5696,10856,-117,-99,66,9728,-8996,8740,-47,165,-225,-14532,4008,3864,-990,73,-137,-14696,-3552,5864,-427,203,-152,0
2337.2460720539093,10220,5716,10764,-182,-72,55,9848,-8992,8892,-38,200,-241,-14612,4016,3996,-997,94,-158,-14572,-3560,5728,-427,195,-135,0
2337.2794799804688,10188,5812,10584,-252,-77,64,9744,-9048,8912,-12,192,-239,-14600,4012,3796,-999,85,-178,-14848,-3496,5776,-445,216,-124,0
2337.3130559921265,10000,5700,10692,-208,-95,58,9764,-9052,8804,29,151,-263,-14632,4044,3784,-991,103,-192,-14688,-3484,5844,-446,261,-119,0
2337.3466329574585,10172,5632,10664,-221,-137,67,9804,-9020,8900,8,153,-307,-14636,3988,3972,-1013,64,-215,-14684,-3524,5708,-447,320,-93,0
2337.3800139427185,10004,5840,10556,-249,-134,39,9796,-8948,8704,-44,195,-301,-14696,4028,3832,-952,75,-174,-14664,-3512,5772,-466,504,-106,0
2337.4133710861206,10272,5776,10800,-510,-75,85,9980,-8776,8856,-71,228,-202,-14716,4028,4012,-983,82,-159,-14564,-3540,5664,-479,180,-89,0
2337.44713306427,10240,5532,10816,-211,-43,86,9724,-9044,8972,-4,207,-146,-14664,4048,3832,-1030,84,-136,-14532,-3492,5772,-506,175,-101,0
2337.480344057083,10216,5428,10716,-216,21,147,9716,-9172,8908,62,199,-134,-14532,3968,3796,-1053,107,-105,-14644,-3556,5676,-457,122,-72,0
2337.5138001441956,10392,5784,10836,-206,29,124,9768,-9004,8772,-9,167,-185,-14348,4000,3920,-975,100,-137,-14556,-3516,5664,-458,191,-87,0
2337.547390937805,10064,5556,10844,-271,-44,87,9816,-9000,8720,35,226,-239,-14576,3980,3624,-1010,138,-228,-14824,-3472,5644,-454,244,-96,0
2337.581197977066,10064,5700,10504,-196,-115,102,9792,-9064,8792,67,192,-265,-14348,3996,3800,-1081,142,-248,-14380,-3560,5700,-464,311,-104,0
2337.614725112915,10040,5692,10668,-179,-135,88,9780,-9044,8908,85,184,-320,-14672,3988,3812,-1049,91,-222,-14712,-3368,5700,-470,286,-113,0
2337.6480181217194,10260,5732,10572,-236,-157,63,9868,-9024,9040,45,203,-290,-14832,3996,3844,-999,67,-191,-14560,-3596,5744,-444,246,-128,0
2337.6817929744725,10240,5712,10848,-9,-159,38,9888,-9212,8932,21,200,-286,-14640,3948,4004,-1017,71,-204,-14804,-3516,5856,-457,244,-107,0
2337.717561006546,10476,5420,11204,-272,-149,95,9752,-8936,8848,69,191,-243,-14836,3968,3768,-1052,100,-135,-14600,-3464,5752,-459,213,-75,0
2337.7532310485844,10316,5632,10692,-221,-77,159,9816,-8964,8976,5,135,-209,-14836,3984,3660,-769,121,-149,-14612,-3548,5684,-499,165,-86,0
2337.788936138153,10004,5392,10748,-244,-64,162,9780,-8960,8976,30,145,-184,-14608,4012,3656,-989,140,-95,-14672,-3488,5760,-475,160,-78,0
2337.8244509696965,10196,5648,10756,-235,-59,154,9724,-9108,9136,42,138,-179,-14540,3924,3868,-1012,130,-74,-14676,-3512,5768,-258,187,-55,0
2337.8602890968323,10180,5688,10740,-202,-145,142,9748,-9044,8924,43,145,-200,-14724,3860,4032,-1059,155,-128,-14500,-3500,5564,-491,205,-62,0
2337.8953981399536,10000,5724,10640,-198,-156,173,9856,-8900,8736,1,134,-216,-14692,4052,3968,-997,94,-141,-14572,-3388,5692,-478,213,-78,0
2337.930787086487,10192,5692,10832,-223,-180,152,9852,-8876,9032,6,102,-256,-14644,3888,3628,-1008,119,-176,-14676,-3492,5556,-495,203,-105,0
2337.966131925583,10220,5588,10576,-227,-183,125,9924,-9036,8844,-253,130,-227,-14692,4016,3788,-1004,45,-103,-14728,-3488,5864,-484,199,-113,0
2338.0018789768214,10348,5692,10704,-161,-125,101,9924,-8764,8948,45,171,-231,-14640,3960,3588,-1048,117,-135,-14744,-3524,5676,-482,170,-118,0
2338.0375390052795,10000,5596,10644,-158,-116,95,9768,-8892,8804,38,158,-206,-14520,3844,3800,-1028,108,-101,-14640,-3564,5584,-481,174,-115,0
2338.073599100113,10268,5636,10764,-230,-127,119,9840,-8884,8932,-8,128,-211,-14640,3852,3828,-985,114,-82,-14820,-3332,5440,-477,178,-110,0
2338.1093599796295,10264,5592,10732,-129,-108,146,9780,-8712,8744,-23,115,-192,-14652,3932,3980,-987,139,-93,-14696,-3492,5532,-525,134,-106,0
2338.144492149353,10272,5576,10500,-110,-73,123,9908,-8968,8988,-22,134,-182,-14696,3704,3900,-1083,75,-41,-14376,-3772,5384,-489,168,-153,0
2338.1800990104675,10188,5576,10728,-160,-58,110,9892,-8732,8828,-248,139,-171,-14636,3864,3724,-1069,78,-96,-14740,-3336,5656,-471,117,-139,0
2338.2152569293976,10240,5716,10684,-77,-22,84,9836,-8760,8944,-74,149,-180,-14688,3788,3812,-967,109,-71,-14688,-3476,5544,-489,137,-145,0
2338.2511460781097,10336,5656,10664,-126,-72,47,9820,-8968,8732,-40,152,-189,-14680,3776,3668,-1271,69,-132,-14732,-3428,5572,-472,150,-187,0
2338.2871119976044,10484,5616,10500,-101,-29,75,9844,-9140,8900,2,141,-169,-14600,3884,3836,-1036,68,-59,-14632,-3472,5748,-475,134,-151,0
2338.322462081909,10224,5744,10576,-138,13,109,9800,-8944,8984,-18,107,-157,-14628,3960,3708,-1022,117,-39,-14584,-3368,5664,-487,82,-111,0
2338.3590941429134,10200,5824,10524,-132,-34,130,9792,-9188,9004,-78,140,-156,-14600,3944,3908,-965,106,-62,-14660,-3548,5704,-480,116,-104,0
2338.392207145691,10012,5716,10940,-99,-82,122,9828,-8904,8944,-86,120,-177,-14664,4052,4080,-775,131,-85,-14656,-3564,5600,-476,154,-132,0
2338.4254450798035,10216,5672,10816,-165,-106,128,9812,-8824,8840,-59,121,-167,-14592,3904,4032,-998,124,-71,-14576,-3532,5680,-480,128,-118,0
2338.458941936493,10208,5644,10648,-125,-64,113,9860,-8976,8860,-87,119,-172,-14684,3900,3864,-989,118,-58,-14764,-3528,5512,-481,140,-96,0
2338.4924449920654,10340,5632,11000,-130,-65,92,9804,-8848,9048,-56,110,-185,-14652,3896,4016,-979,117,-61,-14728,-3424,5780,-469,132,-118,0
2338.5256700515747,10172,5676,10776,-150,-54,102,9960,-9204,8796,-44,156,-183,-14572,3920,4044,-1001,115,-12,-14756,-3512,5720,-495,120,-115,0
2338.559356927872,10124,5608,10720,-141,-79,80,9860,-8948,8832,-5,182,-179,-14848,3920,3776,-1002,99,-117,-14644,-3456,5748,-508,173,-173,0
2338.593019962311,10212,5376,10988,-122,-104,94,9856,-8920,8944,-10,116,-201,-14584,3916,3588,-1013,102,-88,-14760,-3520,5444,-487,185,-139,0
2338.626625061035,10200,5860,10684,-118,-125,95,9896,-8952,8896,-51,127,-184,-14704,3928,3728,-1010,61,-97,-14696,-3780,5864,-493,155,-143,0
2338.6599659919734,10280,5608,10516,-131,-95,98,9796,-8880,8900,-76,158,-176,-14760,3952,3904,-974,108,-11,-14676,-3600,5668,-497,86,-184,0
2338.6936609745026,10312,5676,10620,-124,-84,91,9896,-9164,9088,-73,103,-181,-14632,3968,3876,-979,84,-66,-14680,-3616,5592,-494,113,-143,0
2338.733006954193,10208,5660,10696,-116,-99,75,9788,-8968,8896,-44,112,-180,-14660,3984,3880,-984,96,-75,-14656,-3540,5680,-259,139,-161,0
2338.7667219638824,10192,5628,10736,-145,-89,104,9728,-8772,9000,-59,92,-190,-14436,3852,3612,-1007,115,-40,-14716,-3520,5784,-495,144,-124,0
2338.8002970218654,10224,5732,10692,-77,-104,131,9788,-8944,8860,-69,63,-170,-14648,3992,3776,-1018,131,-35,-14588,-3544,5840,-534,113,-134,0
2338.833508014679,10228,5648,10856,-138,-91,111,9832,-8832,9172,-79,114,-181,-14648,3896,3880,-1030,70,-72,-14660,-3492,5684,-517,158,-144,0
2338.8670771121974,10152,5800,10552,-110,-90,128,9836,-8884,9036,-43,125,-147,-14696,3984,3912,-1270,117,-52,-14664,-3660,5504,-515,112,-107,0
2338.9002959728246,10460,5752,10996,-55,-83,115,9884,-8708,9200,-92,101,-139,-14720,3908,4060,-1007,87,-30,-14632,-3472,5636,-529,131,-130,0
2338.9338080883026,10280,5732,10788,-153,-79,105,9796,-8976,8832,-71,85,-142,-14620,3928,3740,-994,129,-29,-14712,-3456,5656,-496,98,-131,0
2338.967262029648,10356,5752,10548,-128,-23,106,9820,-8932,8880,-48,68,-137,-14672,3892,3808,-1022,112,-32,-14632,-3588,5756,-484,123,-137,0
2339.000885009765,10208,5672,10680,-132,-65,124,9968,-9032,8928,-64,110,-153,-14828,3936,3800,-1010,109,10,-14376,-3580,5752,-502,80,-120,0
2339.0343899726868,10220,5640,10844,-133,-44,116,9932,-9196,8728,-63,100,-191,-14552,3928,3744,-991,140,-42,-14824,-3496,5712,-493,114,-113,0
2339.0676600933075,10240,5628,10836,-126,-90,127,9760,-8968,8828,-64,99,-161,-14636,3924,3948,-1017,115,-68,-14368,-3468,5476,-520,130,-135,0
2339.1012210845947,10212,5708,10852,-138,-104,129,9788,-9076,8872,-35,119,-151,-14632,4000,3692,-769,100,-70,-14624,-3544,5612,-527,137,-138,0
2339.1345829963684,10164,5616,10732,-120,-71,111,9768,-9176,9144,-54,92,-160,-14540,3952,3772,-773,113,-3,-14356,-3544,5788,-536,116,-112,0
2339.16761803627,10216,5800,10636,-109,-90,138,9768,-8980,9200,-25,74,-168,-14624,3868,3724,-1051,108,-66,-14600,-3648,5664,-495,133,-115,0
2339.201101064682,10468,5724,10796,-153,-51,113,9848,-8936,8864,-34,137,-159,-14520,3968,3888,-998,97,-64,-14620,-3640,5428,-479,112,-149,0
2339.2348670959473,10224,5724,10648,-137,-106,120,9868,-8932,8940,-25,124,-166,-14656,3864,3692,-1264,76,-107,-14652,-3500,5800,-472,133,-128,0
2339.2682530879974,10336,5764,10888,-146,-102,117,9880,-8928,8976,-50,124,-173,-14652,3940,3600,-998,103,-44,-14644,-3352,5816,-487,157,-93,0
2339.3017380237575,10220,6032,10672,-156,-95,128,9892,-8904,8944,-71,105,-179,-14572,3860,3368,-978,82,-21,-14596,-3520,5776,-492,128,-140,0
2339.335447072983,10248,5812,10820,-151,-81,118,9984,-9024,8960,-74,127,-190,-14636,4000,3776,-984,127,-40,-14712,-3572,5532,-470,121,-144,0
2339.3692679405212,10172,5756,10968,-140,-55,118,9804,-8752,8812,-15,134,-187,-14636,3972,3744,-1029,98,-96,-14640,-3808,5676,-489,164,-145,0
2339.405914068222,10336,5696,10800,-129,-62,91,9752,-8984,8792,-35,114,-186,-14572,3900,3812,-781,79,-55,-14672,-3616,5608,-491,145,-91,0
2339.4413969516754,10300,5700,10904,-144,-66,95,9780,-9196,8632,-50,91,-200,-14360,3928,3652,-1003,109,-52,-14824,-3372,5728,-483,133,-104,0
2339.477123975754,10172,5736,10724,-119,-105,127,9828,-8992,8900,-17,130,-186,-14564,3888,3816,-1011,150,-84,-14840,-3536,5700,-492,175,-133,0
2339.5123670101166,10316,5708,10684,-109,-103,107,9820,-8976,8960,-9,111,-192,-14844,3944,4044,-1058,126,-114,-14612,-3568,5640,-469,162,-134,0
2339.547399997711,10156,5728,10592,-153,-85,113,9856,-9000,8768,-50,131,-193,-14704,3684,3832,-963,117,-42,-14704,-3656,5712,-439,147,-140,0
2339.5831351280212,10464,5796,10748,-133,-48,91,9780,-8960,8972,-54,163,-172,-14724,3960,3928,-999,79,-107,-14660,-3576,5576,-457,127,-121,0
2339.6186380386353,9988,5756,10712,-196,-38,81,9868,-8956,9068,13,179,-169,-14808,4052,3744,-1031,40,-89,-14536,-3596,5716,-451,164,-150,0
2339.6535580158234,10168,5764,10708,-230,-42,80,9804,-8732,9188,14,165,-179,-14600,3960,3960,-1008,65,-141,-14616,-3672,5456,-468,181,-93,0
2339.6893141269684,10480,5784,10728,-165,-111,82,9896,-8940,8772,-65,180,-208,-14616,3832,3832,-970,71,-92,-14692,-3540,5428,-485,189,-123,0
2339.724343061447,10224,5656,10712,-231,-103,99,9836,-9080,8908,-23,172,-249,-14564,4008,3680,-996,88,-159,-14372,-3532,5648,-456,184,-106,0
2339.7600481510162,10476,5648,10628,-192,-24,115,9860,-9016,8900,15,177,-176,-14576,3908,3828,-1275,79,-105,-14660,-3592,5588,-466,130,-103,0
2339.795515060425,10148,5848,10636,-196,34,114,9900,-9160,8916,-20,140,-148,-14608,4016,3660,-976,103,-26,-14744,-3600,5704,-481,74,-89,0
2339.8311910629272,10172,5764,10756,-229,-18,114,9512,-8984,8772,-74,200,-130,-14356,4000,3864,-965,80,-77,-14660,-3704,5692,-493,129,-66,0
2339.8658299446106,10212,5720,10964,-222,1,131,9848,-8940,8708,-19,139,-139,-14624,4000,3892,-1278,113,-110,-14376,-3516,5756,-485,152,-47,0
2339.9013800621033,10200,5800,10816,-15,-60,145,9832,-8940,8872,10,149,-167,-14544,3992,3728,-987,104,-93,-14660,-3536,5700,-493,156,-45,0
2339.9374730587006,10128,5640,10552,-221,6,128,9768,-9028,8720,6,147,-195,-14548,3980,3964,-1010,131,-127,-14612,-3528,5744,-480,175,-61,0
2339.9729759693146,10216,5800,10652,-273,-107,127,9800,-8940,8708,21,181,-207,-14712,3928,3832,-1004,131,-182,-14636,-3348,5692,-457,194,-72,0
2340.0087430477142,10212,5684,10652,-260,-35,110,9784,-9012,8708,13,151,-193,-14628,3964,3612,-992,106,-121,-14736,-3512,5736,-488,176,-80,0
2340.045928001404,10164,5688,10704,-205,-44,123,9864,-8912,8920,-6,156,-181,-14800,3908,3728,-1011,125,-127,-14628,-3604,5696,-469,173,-82,0
2340.0792901515965,10200,5688,10840,-222,-97,134,9824,-8876,8928,-3,165,-214,-14724,3904,3624,-1013,130,-137,-14560,-3676,5584,-477,181,-94,0
2340.112977027893,10252,5724,10668,-510,-109,138,9820,-8708,9040,-11,137,-219,-14684,4064,3988,-962,116,-153,-14588,-3596,5744,-444,193,-79,0
2340.1464240550995,10256,5680,10832,-500,-117,105,9856,-8840,9148,14,158,-235,-14644,3964,3908,-1005,104,-124,-14716,-3512,5384,-471,211,-91,0
2340.1799509525295,10248,5700,10836,-223,-124,119,9852,-8888,8888,27,145,-226,-14596,3676,3888,-1000,107,-161,-14648,-3580,5644,-462,194,-89,0
2340.213030099869,9988,5648,10660,-245,-102,99,9840,-8968,8924,5,149,-220,-14696,3852,3728,-1017,127,-152,-14688,-3532,5584,-467,205,-92,0
2340.2466490268707,10168,5616,10828,-216,-149,118,9784,-8964,8840,15,164,-214,-14604,3900,3804,-1020,125,-157,-14688,-3592,5596,-484,196,-101,0
2340.279977083206,10428,5728,10676,-196,-136,121,9760,-9000,8876,8,111,-224,-14640,3908,3796,-1049,119,-129,-14656,-3500,5596,-473,194,-77,0
2340.3136479854584,10264,5672,10820,-203,-138,122,9764,-8896,9068,13,122,-229,-14684,3888,3908,-1029,105,-92,-14404,-3452,5720,-507,184,-96,0
2340.3474130630493,10372,5716,10808,-209,-131,139,9812,-8940,9076,28,110,-217,-14620,3912,3712,-769,139,-82,-14652,-3364,5724,-457,194,-65,0
2340.3809320926666,10100,5672,10900,-232,-163,134,9964,-8996,8832,-1,114,-194,-14660,3944,3916,-1016,149,-151,-14672,-3460,5624,-475,159,-75,0
2340.4141669273376,10140,5696,10700,-207,-87,131,9816,-8952,8904,-17,111,-183,-14584,3908,3780,-961,106,-78,-14628,-3420,5672,-469,136,-66,0
2340.447765111923,10360,5576,10728,-181,-121,117,9856,-8816,8856,7,154,-190,-14752,3912,3792,-1061,82,-77,-14588,-3520,5820,-498,138,-115,0
2340.4812960624695,10324,5704,10748,-269,-142,116,9728,-9164,9132,39,175,-196,-14688,3900,3772,-1016,80,-119,-14636,-3496,5648,-468,185,-131,0
2340.5147700309753,10216,5776,10948,-144,-98,102,9808,-8800,8984,-54,129,-230,-14608,4068,3804,-997,127,-143,-14672,-3484,5580,-483,172,-151,0
2340.548320055008,10404,5384,10888,-194,-191,67,9880,-9028,8836,-42,121,-227,-14684,3972,3788,-979,97,-107,-14692,-3424,5844,-508,190,-135,0
2340.5820131301884,10408,5416,10652,-134,-127,125,9848,-8804,8792,-47,120,-171,-14668,3888,3724,-1038,81,-35,-14372,-3528,5688,-530,138,-150,0
2340.6155490875244,10344,5868,10700,-137,-91,103,9840,-8832,8856,-33,157,-151,-14560,3692,3828,-1073,84,-31,-14620,-3644,5536,-475,89,-146,0
2340.6488699913025,10296,5736,10680,-179,-43,98,9904,-8888,8912,-47,150,-163,-14400,3840,3764,-985,100,-84,-14428,-3552,5668,-488,109,-120,0
2340.6821100711823,10200,5664,10536,-145,-67,97,9800,-8908,9208,-43,117,-181,-14620,3652,3764,-1047,104,-75,-14652,-3492,5380,-483,155,-142,0
2340.715572118759,10028,5392,10700,-88,-80,111,9848,-8712,8964,-30,116,-202,-14616,3616,3736,-1008,122,-78,-14676,-3464,5684,-485,153,-152,0
2340.749191045761,10000,5464,10928,-179,-132,112,9816,-8948,8952,-30,165,-201,-14600,3880,3916,-774,106,-95,-14420,-3508,5576,-464,180,-109,0
2340.782627105713,10216,5676,10716,-103,-87,124,9772,-8920,8900,-48,102,-215,-14680,3888,3832,-770,120,-108,-14680,-3552,5632,-490,142,-129,0
2340.8160820007324,10004,5700,10932,-130,-104,91,9896,-8888,8752,-36,136,-189,-14344,3888,3848,-1004,88,-80,-14656,-3504,5608,-506,128,-144,0
2340.8494911193848,10136,5428,10516,-132,-74,102,9792,-8940,9008,-35,141,-153,-14656,3908,4068,-996,67,-51,-14656,-3476,5768,-510,114,-126,0
2340.8828561306004,10220,5544,10660,-129,-84,119,9792,-8764,8736,-23,106,-170,-14640,3932,4000,-1000,116,-42,-14688,-3528,5712,-498,81,-104,0
2340.9164650440216,10168,5404,10792,-119,-83,130,9808,-9020,8704,-75,99,-179,-14840,3876,3804,-982,121,-58,-14596,-3444,5556,-481,127,-121,0
2340.9499270915985,10068,5684,10768,-99,-103,100,9796,-8940,8704,-76,117,-182,-14656,4020,3672,-970,89,-95,-14692,-3552,5536,-488,145,-150,0
2340.9834411144257,10280,5416,10740,-142,-106,103,9848,-8896,8992,-41,124,-165,-14780,3944,3692,-987,84,-70,-14624,-3592,5736,-496,129,-166,0
2341.017110109329,9984,5500,10588,-126,-70,105,9868,-8836,8908,-61,130,-175,-14436,3992,3812,-990,92,-43,-14664,-3580,5588,-767,114,-143,0
2341.050420999527,9984,5664,10348,-127,-77,107,9852,-8784,8952,-46,100,-158,-14340,3904,3504,-1000,79,-12,-14648,-3544,5684,-261,109,-160,0
2341.0878739356995,10320,5860,10560,-116,-39,111,9796,-8892,8920,-33,123,-166,-14512,3912,3604,-1018,95,-254,-14620,-3612,5808,-508,104,-124,0
2341.1234209537506,10480,5708,10732,-106,-63,121,9840,-9044,8964,-50,91,-170,-14644,3888,3904,-998,102,-29,-14652,-3572,5880,-528,109,-106,0
2341.159343957901,10248,5672,10792,-111,-48,135,9844,-8916,8916,-100,121,-131,-14484,3872,3956,-1002,104,-7,-14604,-3580,5668,-519,76,-125,0
2341.194782972336,10292,5684,10956,-113,-41,122,9836,-8976,8820,-59,160,-131,-14644,3840,3756,-994,86,-63,-14596,-3468,5764,-518,104,-137,0
2341.2303509712215,10180,5688,10636,-174,-55,114,9760,-8996,8852,-21,112,-152,-14620,3888,3764,-1044,90,-252,-14648,-3636,5788,-496,120,-119,0
2341.2655119895935,10204,5696,10756,-79,-66,89,9812,-8904,9004,-115,137,-162,-14600,3868,3624,-1269,76,-62,-14680,-3532,5576,-489,139,-144,0
2341.3017189502716,10312,5536,10804,-162,-108,92,9752,-9068,9060,-57,145,-185,-14688,3888,3876,-1008,97,-33,-14624,-3484,5620,-453,139,-129,0
2341.3371090888977,10268,5608,10780,-130,-60,101,9804,-9044,9052,-48,130,-180,-14392,4028,3744,-1278,87,-32,-14680,-3492,5560,-492,152,-129,0
2341.372440099716,10248,5672,10668,-126,-47,110,9784,-8796,8808,-44,98,-175,-14672,3932,3632,-1010,102,-17,-14844,-3536,5884,-482,113,-130,0
2341.4075131416325,10340,5724,10932,-133,-45,91,9796,-8936,8796,-66,116,-145,-14716,3864,3892,-979,81,-25,-14664,-3804,5788,-505,85,-120,0
2341.443407058716,10260,5644,10708,-161,-68,127,9912,-8956,8952,-69,105,-129,-14608,3960,3716,-1014,113,-26,-14632,-3524,5544,-536,112,-119,0
2341.479494094848,10280,5880,10696,-156,-75,135,9756,-8996,8896,-39,104,-143,-14660,3728,3924,-1017,126,-33,-14832,-3620,5696,-260,142,-121,0
2341.5149331092834,10016,5740,10788,-82,-47,119,9500,-9092,8828,-41,82,-155,-14788,4032,4076,-772,127,-73,-14824,-3588,5836,-502,122,-146,0
2341.5506660938263,10240,5552,10748,-114,-105,120,9820,-8944,8940,-34,102,-160,-14664,3856,3812,-1009,120,-55,-14636,-3572,5704,-481,150,-126,0
2341.5871210098267,10284,5696,10680,-156,-62,108,9756,-8940,9184,-34,168,-198,-14572,3840,3688,-1017,78,-36,-14672,-3480,5868,-478,136,-157,0
2341.622313976288,10460,5684,10756,-140,-111,102,9760,-8968,8852,-26,121,-177,-14604,3928,3760,-1013,128,-88,-14548,-3520,5720,-503,146,-96,0
2341.6581411361694,10136,5764,10804,-128,-71,129,9712,-8988,8952,-58,68,-195,-14676,3992,3796,-966,112,-40,-14800,-3628,5604,-486,127,-157,0
2341.6930761337285,10144,5656,10572,-144,-90,102,9896,-8972,8888,-79,128,-187,-14612,4048,3816,-990,90,-77,-14688,-3496,5608,-482,137,-148,0
2341.729892015457,10300,5768,10708,-166,-78,109,9980,-9152,8732,-66,118,-179,-14624,3944,3752,-1009,114,-38,-14444,-3528,5724,-501,126,-122,0
2341.7634830474854,10360,5668,10732,-131,-68,108,9816,-9196,8940,-47,135,-175,-14692,3880,3776,-1030,91,-40,-14496,-3668,5592,-513,141,-136,0
2341.797196149826,10456,5724,10624,-147,-44,107,9828,-9104,9172,-54,138,-156,-14652,3948,3992,-1002,99,-42,-14680,-3652,5672,-501,135,-117,0
2341.830754041672,10244,5652,10904,-154,-63,112,9908,-8896,8988,-18,138,-173,-14544,4036,3668,-1017,131,-98,-14352,-3576,5660,-478,162,-133,0
2341.8643560409546,10024,5696,10804,-115,-84,120,9840,-8952,8848,-31,112,-191,-14348,3944,4028,-1050,129,-108,-14676,-3588,5532,-492,133,-121,0
2341.8979370594025,10256,5784,10772,-154,-72,118,9824,-8972,8980,-28,125,-199,-14612,3908,3888,-1014,112,-87,-14584,-3564,5712,-493,132,-115,0
2341.931576013565,10224,5712,10736,-141,-57,121,9776,-9188,8824,-47,121,-191,-14516,3984,3800,-986,109,-62,-14652,-3504,5752,-488,121,-121,0
2341.9652061462402,10172,5684,10604,-146,-54,108,9844,-8948,8896,6,121,-197,-14652,3912,3740,-989,95,-33,-14648,-3836,5832,-484,149,-119,0
2341.998705148697,10228,5740,10508,-179,-54,77,9820,-9040,8788,-31,151,-191,-14592,4048,3828,-990,89,-89,-14644,-3616,5740,-462,142,-115,0
2342.03240609169,9984,5880,10924,-218,-51,89,9820,-8928,8852,-41,151,-203,-14616,3944,3760,-997,89,-129,-14344,-3552,5704,-451,139,-120,0
2342.066048145294,9992,5636,10660,-183,-80,104,9836,-9032,8916,-32,144,-174,-14696,4016,3848,-978,98,-113,-14704,-3536,5740,-483,141,-125,0
2342.0996010303497,10048,5604,10672,-510,-43,88,9856,-9080,9016,26,154,-177,-14648,4076,3752,-1032,63,-115,-14620,-3588,5696,-479,183,-137,0
2342.132956027984,10164,5788,10560,-159,-34,128,9816,-9028,8912,-23,159,-189,-14668,3940,3916,-995,95,-94,-14672,-3704,5628,-478,137,-96,0
2342.1666741371155,10232,5760,10792,-205,-78,73,9900,-8972,9188,-66,166,-211,-14636,3880,3820,-963,103,-139,-14640,-3464,5684,-500,148,-90,0
2342.2000091075897,10260,5656,10696,-232,-37,109,9764,-8980,8712,-14,158,-186,-14652,3984,3968,-1024,86,-133,-14644,-3612,5616,-472,142,-95,0
2342.2334730625153,10184,5720,10860,-209,38,95,9828,-8960,8548,21,205,-131,-14532,4268,3716,-1058,77,-105,-14636,-3340,5600,-464,124,-96,0
2342.2671620845795,10204,5756,10732,-2,-3,99,9764,-8936,8708,-38,196,-146,-14596,4012,3800,-936,62,-61,-14676,-3364,5880,-436,118,-88,0
2342.300439119339,10200,5748,10724,-315,251,120,9672,-9012,8876,-30,194,-188,-14832,3964,3952,-976,95,-116,-14728,-3548,5848,-435,131,-70,0
2342.3339400291443,10220,5616,10848,-289,-37,134,9752,-8984,8920,-7,144,-205,-14624,3976,4084,-1046,120,-164,-14676,-3564,5804,-459,183,-41,0
2342.367500066757,10228,5692,10840,-282,-67,142,9776,-8968,8900,18,175,-192,-14592,3920,3792,-1022,131,-131,-14680,-3492,5756,-469,189,-83,0
2342.400948047638,10232,5608,10832,-261,-64,139,9808,-9016,9080,-3,147,-195,-14640,3904,3700,-1017,119,-92,-14716,-3336,5640,-465,163,-67,0
2342.434445142746,10176,5624,10824,-286,-100,163,9868,-8984,8876,7,148,-196,-14664,3976,3940,-1007,103,-92,-14660,-3640,5604,-477,181,-54,0
2342.468099117279,10172,5604,10620,-268,-59,141,9832,-9000,8968,8,181,-210,-14676,3980,3820,-991,95,-141,-14572,-3496,5744,-477,170,-74,0
2342.501580953598,10208,5640,10724,-272,-77,157,9788,-8936,9168,18,150,-188,-14556,3996,3756,-996,126,-99,-14656,-3420,5676,-476,166,-57,0
2342.5349550247192,10288,5440,10584,-242,-71,168,9748,-8712,8872,2,164,-203,-14672,3940,3868,-1003,112,-80,-14700,-3488,5728,-459,173,-71,0
2342.568516969681,10200,5604,10796,-259,-80,143,9860,-8920,8868,-27,140,-197,-14656,3952,3772,-991,118,-56,-14704,-3512,5652,-484,147,-82,0
2342.601896047592,10220,5588,10888,-260,-85,120,9908,-8756,8752,253,141,-210,-14736,3944,3820,-1014,101,-141,-14700,-3416,5832,-465,144,-92,0
2342.6352910995483,10252,5584,10780,-242,-99,112,9652,-8928,8876,17,151,-185,-14592,3940,4088,-1016,109,-139,-14692,-3536,5704,-481,165,-77,0
2342.6689240932465,10252,5376,10632,-255,-68,127,9844,-9016,8960,4,161,-187,-14368,3884,3744,-1031,69,-120,-14684,-3516,5656,-490,161,-69,0
2342.702311038971,10260,5404,10720,-248,-96,122,9888,-8880,9044,-9,137,-187,-14540,3920,3924,-1270,119,-50,-14652,-3508,5884,-485,148,-66,0
2342.7356390953064,10192,5664,10840,-230,-115,161,9796,-8996,8992,-8,131,-189,-14620,4072,3740,-1007,112,-76,-14676,-3536,5708,-483,161,-77,0
2342.772833108902,10264,5552,10716,-233,-81,153,9840,-8912,8784,10,115,-162,-14616,3836,3760,-1031,129,-96,-14740,-3460,5652,-492,133,-87,0
2342.807685136795,10160,5600,10840,-198,-122,174,9776,-8992,9040,22,137,-173,-14684,3972,4036,-1041,125,-93,-14340,-3336,5652,-500,164,-69,0
2342.8433730602264,10200,5816,10808,-217,-149,132,9836,-8936,9036,8,144,-198,-14656,3968,3724,-1012,113,-123,-14668,-3500,5568,-490,176,-94,0
2342.8792109489445,10336,5632,10732,-229,-113,137,9736,-8880,8932,-22,161,-189,-14624,3896,3792,-997,124,-63,-14720,-3448,5632,-466,116,-106,0
2342.914248943329,10240,5832,10980,-156,-105,101,9772,-9032,8856,-23,146,-173,-14736,3912,3984,-777,58,-54,-14752,-3440,5592,-491,162,-108,0
2342.9506819248204,10052,5616,10960,-248,-107,110,9788,-8896,9160,18,126,-201,-14588,3944,3896,-1020,78,-124,-14544,-3512,5680,-512,183,-106,0
2342.9859931468964,10468,5640,10684,-129,-110,118,9900,-8872,8992,-86,121,-183,-14572,3852,4036,-992,118,-81,-14620,-3540,5656,-508,153,-150,0
2343.0217859745026,10284,5600,10876,-144,-165,121,9972,-9036,8856,-67,114,-224,-14720,3928,3960,-1027,119,-119,-14644,-3460,5684,-483,169,-134,0
2343.05775308609,10284,5520,10712,-131,-64,109,9896,-8956,8768,-32,107,-162,-14596,3896,4068,-1029,122,-42,-14652,-3528,5744,-259,124,-105,0
2343.092941045761,10248,5612,10692,-131,-10,102,9840,-8868,8972,-51,136,-163,-14564,3892,3908,-1065,59,-42,-14652,-3572,5744,-469,74,-116,0
2343.1282000541687,10232,5572,10724,-164,-13,84,9780,-8964,8836,-59,150,-121,-14572,4048,3700,-998,73,-253,-14596,-3536,5736,-502,89,-123,0
2343.163062095642,10248,5584,10896,-126,-46,100,9868,-8996,8920,-78,123,-151,-14648,3984,3892,-1013,84,-92,-14720,-3560,5532,-487,132,-136,0
2343.198856115341,10236,5612,10704,-86,-56,106,9760,-8880,8976,-45,128,-162,-14560,3968,3988,-770,93,-20,-14552,-3716,5552,-493,148,-130,0
2343.233924150467,10224,5612,10744,-138,-90,114,9708,-8856,8704,-63,160,-182,-14476,3904,3916,-1279,113,-90,-14576,-3484,5696,-473,131,-123,0
2343.2693569660187,10252,5388,10848,-99,-66,108,9960,-9028,8948,-46,117,-175,-14676,4000,3728,-989,123,-45,-14732,-3460,5716,-474,136,-116,0
2343.305041074753,10320,5576,10820,-143,-86,111,9820,-8972,9024,-58,140,-172,-14656,3968,3848,-1011,135,-83,-14756,-3576,5688,-471,129,-117,0
2343.3406879901886,10228,5560,10840,-128,-83,117,9756,-8892,8892,-50,143,-166,-14696,3968,3808,-1044,93,-42,-14848,-3468,5844,-500,143,-107,0
2343.375468015671,10264,5640,10816,-108,-20,116,9732,-8844,8908,-53,96,-159,-14636,3648,3760,-984,112,-49,-14664,-3464,5828,-517,109,-136,0
2343.412497043609,10116,5572,10828,-112,-76,119,9800,-8880,9012,-60,103,-196,-14676,3620,3680,-982,118,-72,-14624,-3556,5764,-482,148,-122,0
2343.446030139923,10280,5624,10652,-137,-98,103,9776,-9020,9032,-64,154,-173,-14600,3992,3820,-983,60,-75,-14680,-3540,5876,-502,130,-92,0
2343.479607105255,10340,5640,10760,-112,-73,92,9852,-8960,8872,-23,94,-169,-14596,3912,3848,-983,108,-73,-14604,-3500,5380,-477,149,-134,0
2343.5132069587708,10280,5600,10496,-137,-83,100,9808,-8908,8940,-48,105,-182,-14572,3932,3684,-770,79,-39,-14700,-3332,5716,-487,112,-138,0
2343.546890974045,10192,5580,10540,-108,-74,96,9796,-8832,8996,-44,135,-154,-14628,3960,3780,-1008,79,-62,-14680,-3596,5796,-508,126,-134,0
2343.580142021179,9984,5624,10776,-122,-73,102,9864,-8948,9164,-46,128,-166,-14628,3988,3780,-1002,116,-40,-14652,-3564,5608,-498,138,-121,0
2343.6136860847473,10004,5392,10680,-134,-62,92,9692,-8964,8880,-71,92,-169,-14664,4016,3916,-978,137,-60,-14672,-3520,5688,-490,146,-120,0
2343.6472210884094,10480,5424,10724,-59,-74,133,9824,-8876,9112,-92,85,-162,-14560,4012,3876,-997,99,-74,-14644,-3436,5696,-265,110,-127,0
2343.6807389259334,10284,5544,10816,-146,-105,113,9748,-9080,9008,-30,105,-154,-14560,3960,3912,-1022,67,243,-14576,-3516,5604,-518,121,-170,0
2343.714187145233,10168,5584,10616,-122,-43,116,9488,-9208,8724,-34,104,-143,-14564,3852,3816,-1007,90,-22,-14644,-3412,5476,-495,109,-108,0
2343.7502319812775,10184,5716,10640,-74,-51,99,9876,-8844,8928,-94,113,-179,-14736,3960,3796,-972,93,-52,-14600,-3500,5784,-257,131,-177,0
2343.783695936203,10228,5524,10720,-166,-80,76,9764,-8944,9016,-44,137,-164,-14640,3992,3700,-1012,65,-55,-14620,-3512,5800,-478,156,-147,0
2343.8174710273743,9988,5564,10776,-104,-41,83,9784,-8912,8916,-50,111,-186,-14668,3992,3748,-1028,80,-67,-14672,-3528,5808,-457,160,-129,0
2343.8510890007014,10300,5684,10952,-105,-54,97,9932,-8972,8856,-8,109,-172,-14520,3960,3800,-1019,62,-51,-14600,-3772,5560,-484,133,-150,0
2343.884356021881,10252,5644,10656,-156,-57,89,9760,-9024,8980,-80,141,-149,-14632,4276,3812,-989,52,-24,-14620,-3512,5812,-479,114,-145,0
2343.9178869724274,10460,5408,10732,-132,-74,100,9824,-9104,9048,-61,122,-144,-14548,3892,3656,-1017,115,-32,-14628,-3568,5668,-505,120,-145,0
2343.951604127884,10164,5624,10644,-93,-65,117,9820,-8748,8744,-45,114,-165,-14644,3952,4072,-1278,125,-58,-14656,-3468,5720,-492,125,-166,0
2343.9851961135864,10124,5708,10688,-150,-102,124,9728,-9020,9204,-30,119,-183,-14512,3864,3844,-1030,131,-120,-14652,-3540,5632,-487,159,-146,0
2344.0187220573425,10232,5640,10892,-115,-70,118,9840,-9040,9004,-51,113,-193,-14560,4016,3992,-998,97,-89,-14560,-3528,5808,-490,183,-112,0
2344.0520560741425,10324,5736,10640,-112,-88,107,9900,-8996,8908,-27,177,-181,-14692,4000,3760,-1008,123,-70,-14592,-3536,5576,-482,138,-144,0
2344.0855259895325,10252,5732,10832,-132,-68,93,9744,-9184,8952,-31,142,-185,-14676,3980,3712,-1020,92,-87,-14688,-3584,5400,-473,129,-142,0
2344.1191351413727,10272,5676,10708,-146,-84,136,9924,-8900,8716,-36,114,-188,-14576,3976,3820,-1011,127,-91,-14632,-3580,5772,-527,118,-144,0
2344.152442932129,10196,5656,10756,-111,-78,129,9832,-9032,8744,-55,119,-179,-14640,3976,3824,-999,120,-62,-14540,-3520,5828,-476,115,-159,0
2344.1858990192413,10272,5644,10748,-134,-88,81,9832,-8756,8876,-70,116,-204,-14352,3968,4036,-968,87,-39,-14672,-3616,5728,-492,128,-161,0
2344.2192890644073,10268,5620,10628,-150,-74,107,9872,-9004,8852,-44,125,-179,-14660,4032,4080,-1021,78,-61,-14632,-3336,5656,-507,124,-136,0
2344.25283408165,10312,5708,10744,-120,-53,104,9824,-8920,8892,-49,151,-173,-14516,4000,3620,-1015,113,-78,-14824,-3496,5720,-494,117,-114,0
2344.286227941513,10288,5756,10684,-152,-79,120,9784,-9000,8840,-18,122,-152,-14608,3992,3952,-1004,125,-88,-14828,-3572,5824,-478,133,-127,0
2344.319823026657,10240,5676,10844,-90,-67,126,9968,-8712,9164,-51,139,-180,-14624,3912,3728,-1015,109,-34,-14676,-3564,5720,-485,144,-110,0
2344.3534100055695,10340,5744,10620,-111,-74,119,9828,-8912,8768,-43,102,-171,-14636,3988,3660,-1010,130,-26,-14604,-3580,5836,-478,152,-178,0
2344.38671708107,10344,5792,10872,-132,-81,118,9924,-9044,8920,-57,142,-168,-14588,3956,3760,-777,61,-61,-14724,-3632,5648,-492,119,-165,0
2344.4199879169464,10272,5648,10932,-125,-69,127,9896,-9020,8820,-9,157,-170,-14520,3988,3776,-1014,80,-82,-14700,-3604,5672,-490,110,-153,0
2344.4576320648193,10140,5668,10720,-130,-50,71,9832,-8968,8860,-45,170,-165,-14616,3972,3940,-992,68,-56,-14832,-3384,5824,-466,102,-120,0
2344.493324995041,10224,5756,10832,-144,-48,116,9768,-8956,8856,-84,158,-154,-14524,4084,4020,-983,72,-10,-14660,-3476,5664,-501,110,-115,0
2344.5296909809113,10064,5592,10692,-194,-17,128,9936,-9052,9148,-7,162,-119,-14564,4056,3820,-1057,43,-73,-14348,-3600,5732,-487,145,-112,0
2344.5655040740967,10192,5732,10692,-147,24,99,9784,-8948,8992,-256,161,-162,-14552,3864,3764,-1012,91,-83,-14680,-3356,5612,-480,119,-143,0
2344.60124707222,10172,5616,10832,-203,-28,95,9884,-9148,8864,-38,199,-171,-14628,3896,3892,-962,67,-64,-14576,-3520,5772,-475,148,-106,0
2344.6360149383545,10192,5684,10764,-244,13,107,9876,-9024,9164,-5,182,-178,-14616,4020,3884,-1001,92,-120,-14348,-3552,5640,-461,139,-108,0
2344.6722049713135,10248,5744,10660,-212,-9,114,9868,-8964,9028,16,165,-148,-14512,3928,4004,-995,86,-75,-14604,-3648,5880,-445,160,-110,0
2344.7074921131134,10392,5672,10840,-509,-31,73,9752,-8980,9008,-45,177,-187,-14564,3972,3836,-960,84,-69,-14688,-3604,5492,-449,122,-99,0
2344.7433331012726,10048,5604,10752,-510,-32,116,9788,-9036,9084,-62,155,-188,-14508,4048,3956,-968,100,-126,-14348,-3600,5684,-488,156,-127,0
2344.779219150543,10148,5704,10968,-245,14,127,9792,-9072,8804,10,187,-147,-14524,4028,3864,-987,93,-115,-14540,-3616,5628,-487,154,-64,0
2344.8144049644466,10008,5648,10952,-309,-73,155,9624,-9072,8828,51,187,-210,-14544,4088,3908,-1035,114,-154,-14580,-3524,5564,-466,205,-66,0
2344.850541114807,10124,5684,10728,-272,-22,138,9928,-8956,8900,0,155,-225,-14508,4024,3636,-1009,155,-138,-14644,-3544,5716,-460,185,-49,0
2344.885447025299,10012,5644,10852,-326,-53,132,9792,-8792,9048,25,168,-198,-14540,4016,3844,-986,134,-154,-14676,-3520,5680,-439,162,-110,0
2344.920877933502,10380,5676,10500,-283,-74,130,9776,-9204,8964,27,143,-195,-14636,3916,4064,-992,102,-121,-14824,-3516,5700,-469,173,-87,0
2344.9573669433594,10448,5632,10804,-262,-80,152,9804,-9196,8704,2,147,-200,-14680,4008,4028,-1010,111,-113,-14616,-3544,5840,-495,184,-52,0
2344.9931640625005,10164,5640,10796,-295,-118,140,9868,-9024,8952,9,133,-190,-14584,3900,3884,-978,125,-129,-14396,-3584,5772,-456,149,-66,0
2345.0286700725555,10272,5688,10780,-221,-96,126,9740,-8788,8940,-31,164,-194,-14688,4024,3732,-999,86,-76,-14656,-3436,5796,-512,137,-104,0
2345.0636179447174,10264,5484,10860,-272,-98,128,9820,-9052,9152,43,124,-167,-14636,3956,3624,-1027,67,-61,-14636,-3748,5848,-483,163,-90,0
2345.1002130508423,10160,5552,10848,-236,-50,131,9716,-9132,8920,6,160,-164,-14512,3908,3824,-1015,134,-84,-14660,-3568,5548,-459,164,-72,0
2345.1335611343384,10180,5420,10700,-215,-137,127,9780,-8956,8844,-29,140,-226,-14412,3840,3888,-1016,116,-133,-14652,-3512,5808,-458,193,-87,0
2345.167200088501,10212,5584,10748,-280,-150,141,9864,-9144,8984,13,137,-183,-14600,4056,3784,-1023,97,-156,-14704,-3544,5656,-471,166,-110,0
2345.2008440494537,10240,5592,10816,-216,-112,147,9784,-9072,9048,38,155,-173,-14692,3916,3824,-1012,105,-90,-14640,-3456,5688,-488,134,-111,0
2345.2344360351562,10328,5516,10504,-224,-102,143,9760,-9016,8996,-248,139,-131,-14580,3968,3832,-1036,78,-42,-14652,-3524,5824,-261,120,-103,0
2345.267692089081,10204,5544,10780,-510,-99,136,9736,-9020,9100,41,137,-118,-14480,3944,3772,-1272,99,-112,-14740,-3596,5740,-485,97,-129,0
2345.3011879920964,10284,5528,10824,-186,-93,159,9800,-9000,8748,46,105,-144,-14644,4000,4040,-1053,100,-92,-14340,-3448,5700,-538,124,-119,0
2345.3347339630127,10312,5496,10908,-172,-107,164,9960,-8980,9052,39,140,-152,-14676,3964,3772,-1082,44,-106,-14644,-3504,5716,-545,156,-128,0
2345.3684129714966,10192,5628,10736,-132,-115,98,9744,-9028,9200,26,181,-170,-14628,3896,3700,-1019,74,-77,-14344,-3532,5800,-502,151,-125,0
2345.4015879631042,10188,5544,10720,-193,-125,87,9800,-9044,9104,15,166,-193,-14628,4000,3740,-1010,50,-129,-14496,-3820,5868,-492,164,-120,0
2345.43528008461,10488,5880,10936,-161,-125,97,9732,-9188,9048,-12,160,-145,-14388,4084,3952,-1018,100,-107,-14652,-3432,5684,-504,129,-147,0
2345.468580007553,10064,5584,10596,-108,-113,107,9804,-8864,8968,-57,100,-213,-14520,3948,3864,-980,81,-103,-14516,-3484,5792,-523,155,-131,0
2345.502115011215,10216,5504,10700,-98,-70,91,9740,-8900,8988,-42,129,-173,-14636,3868,3848,-973,122,-87,-14680,-3500,5732,-503,127,-133,0
2345.5357580184937,10244,5540,10524,-79,-76,86,9752,-8988,8980,-57,149,-160,-14540,3868,4068,-1033,63,-35,-14624,-3492,5584,-767,125,-149,0
2345.569447994232,10372,5464,10832,-103,-49,72,9824,-9024,9116,-30,196,-180,-14552,3812,3932,-1080,49,-40,-14672,-3444,5712,-514,139,-124,0
2345.6029999256134,10324,5552,10896,-126,-39,72,9772,-8916,8832,-31,150,-145,-14664,3960,3788,-1077,38,-57,-14796,-3568,5584,-517,94,-160,0
2345.6364669799805,9988,5644,10744,-75,-1,85,9840,-9176,8848,255,178,-135,-14668,4040,3936,-1046,24,-36,-14588,-3576,5844,-537,103,-185,0
2345.669680118561,10212,5688,10756,-49,4,73,9944,-8984,9092,-15,168,-129,-14596,3944,4064,-1049,-241,-28,-14608,-3520,5680,-536,101,-187,0
2345.703164100647,10424,5608,10676,4,7,75,9744,-8736,9032,-19,185,-111,-14656,3952,3992,-1071,48,-51,-14408,-3736,5712,-545,64,-196,0
2345.7368819713593,10336,5572,10796,24,3,77,9760,-9004,9092,16,171,-89,-14672,3988,3928,-1076,18,-43,-14600,-3512,5780,-589,92,-220,0
2345.7703959941864,10160,5680,10804,-18,-251,67,9684,-8900,9020,10,217,-79,-14640,3940,3900,-1041,24,-51,-14600,-3560,5792,-547,66,-200,0
2345.8038561344147,10160,5724,10808,-7,17,81,9716,-8964,9064,-7,161,-90,-14520,3944,3744,-1012,43,244,-14572,-3556,5744,-552,65,-193,0
2345.8373560905457,10168,5648,10832,-24,-13,93,9884,-8748,9028,-44,150,-131,-14812,3976,3956,-1049,35,-25,-14628,-3600,5712,-567,82,-195,0
2345.8706629276276,10492,5564,10836,9,-32,115,9764,-8992,8880,255,153,-110,-14684,4048,4088,-1065,94,-111,-14604,-3456,5696,-574,72,-189,0
2345.9037561416626,10440,5564,10584,35,-38,99,9800,-9084,9100,35,160,-93,-14836,3996,3668,-1098,31,-59,-14664,-3800,5752,-577,98,-222,0
2345.937418937683,10492,5404,10600,35,249,57,9748,-8960,8984,9,178,-95,-14676,3932,3808,-1062,-16,-38,-14424,-3624,5616,-587,66,-261,0
2345.970895051956,9984,5708,10540,16,-5,38,9684,-8872,8928,9,190,-113,-14568,3900,3824,-1026,0,-34,-14548,-3596,5816,-582,100,-221,0
2346.0045220851894,10388,5724,10736,-43,-11,77,9688,-8840,8960,-25,164,-139,-14480,4012,4020,-1045,43,-33,-14608,-3776,5680,-518,77,-170,0
2346.037914991379,10220,5704,10824,-256,238,106,9476,-9184,8988,-86,154,-91,-14672,3984,4064,-1018,18,249,-14676,-3668,5728,-579,18,-178,0
2346.071440935135,10312,5644,10748,-73,15,99,9716,-9004,8704,-34,152,-42,-14664,3888,3936,-1053,-19,7,-14560,-3624,5708,-579,16,-229,0
2346.104743003845,10148,5716,10908,-40,80,123,9584,-9172,9028,-25,141,-60,-14524,3948,3952,-1043,70,10,-14540,-3768,5784,-544,25,-159,0
2346.1428251266484,9992,5740,10536,-47,9,113,9704,-8904,8728,-118,65,-64,-14576,3960,3864,-958,102,11,-14560,-3644,5804,-497,63,-157,0
2346.189679145813,10112,5704,10628,-102,50,121,9612,-9180,8748,-48,78,-76,-14380,4012,4044,-1046,109,35,-14536,-3632,5816,-502,68,-118,0
2346.2359869480133,10096,5784,10712,-89,19,119,9616,-8872,8928,-82,127,-73,-14840,3984,4020,-1016,83,48,-14516,-3660,5916,-526,30,-138,0
2346.278661966324,10056,5756,10732,-128,-2,119,9680,-9052,9060,-97,132,-77,-14524,4016,4044,-958,93,-233,-14512,-3620,5952,-518,28,-116,0
2346.313485145569,9988,5776,10616,-45,17,150,9784,-9128,8960,-51,72,-91,-14536,3904,4004,-1051,93,-28,-14428,-3676,5864,-521,60,-161,0
2346.3498361110687,10096,5384,10656,-33,-30,131,9608,-9052,8836,6,165,-93,-14516,3980,3956,-1067,38,-5,-14516,-3744,5928,-566,99,-221,0
2346.3849971294403,10096,5704,10760,-41,251,98,9684,-9088,8940,15,196,-99,-14516,4076,4040,-1040,-34,-15,-14832,-3776,5744,-588,69,-248,0
2346.4210159778595,10116,5864,10828,-61,36,40,9600,-9080,9180,-6,220,-60,-14484,4036,3936,-1002,-34,-229,-14368,-3692,5776,-588,76,-182,0
2346.4561080932617,10084,5860,10748,-91,70,72,9584,-9104,9012,-26,146,-32,-14564,4012,3888,-1027,-38,79,-14524,-3640,5812,-595,7,-154,0
2346.4923400878906,10228,5848,10768,-99,91,127,9616,-8924,8972,-14,156,252,-14676,4152,3960,-1047,49,77,-14556,-3644,5784,-563,-4,-102,0
2346.5275690555573,10156,5772,10940,-142,111,162,9752,-9212,9168,-99,129,20,-14612,3992,4212,-1095,46,125,-14632,-3648,5880,-530,-64,-95,0
2346.5638411045074,10244,5800,10616,-144,148,176,9612,-9188,8992,-81,145,54,-14568,4328,4056,-1034,85,114,-14436,-3648,5788,-599,-65,-121,0
2346.5996599197388,10048,5720,10508,-100,121,186,9632,-9096,8836,-16,125,20,-14484,4084,4328,-1040,22,118,-14424,-3664,5812,-597,-9,-190,0
2346.6345880031586,9912,5664,10744,-36,139,117,9580,-9184,8948,254,176,-35,-14432,4104,4104,-1087,-12,-5,-14504,-3736,5900,-573,38,-204,0
2346.6703951358795,10024,5844,10884,-98,87,79,9596,-9100,8912,41,249,-45,-14440,4080,3980,-1096,-40,-27,-14456,-3712,5852,-597,93,-218,0
2346.7061741352086,9992,5704,10868,-116,89,61,9496,-8976,9164,82,259,-56,-14444,4132,4100,-1061,-50,-18,-14384,-3840,5876,-540,43,-199,0
2346.7415931224823,9788,5944,10804,-92,56,44,9228,-9076,9060,35,0,-112,-14448,3840,4136,-1053,-15,-99,-14484,-3784,6096,-538,96,-229,0
2346.7774329185486,9956,5772,10764,-96,-21,-6,9520,-9072,9016,52,229,-226,-14448,3880,4316,-992,2,-209,-14412,-3648,6064,-435,169,-207,0
2346.810816049576,10076,5856,10800,-266,-128,7,9612,-8932,8972,33,7,-303,-14560,4100,4224,-1031,21,-196,-14556,-3692,6112,-438,315,-107,0
2346.8442261219025,10152,5952,10768,-345,-116,74,9620,-9012,9284,-54,222,-165,-14508,4128,4220,-1078,30,245,-14784,-3780,5940,-479,162,34,0
2346.877848148346,10252,5936,10888,-405,9,179,9528,-9192,9072,-89,115,-32,-14492,4260,3908,-1067,124,178,-14576,-3828,5956,-544,-57,-4,0
2346.9112651348114,10028,5540,10724,-295,161,224,9480,-9268,8852,-244,66,2,-14396,4228,3860,-1043,171,26,-14340,-3560,6032,-492,-19,-42,0
2346.9444999694824,9888,5484,10780,-175,193,222,9504,-9188,8716,93,94,-19,-14388,4260,4008,-1133,85,10,-14400,-3604,5896,-539,66,-45,0
2346.9779710769653,10028,5764,11080,-268,183,244,9456,-9108,8900,72,78,58,-14436,4256,4296,-1115,113,102,-14532,-3700,6068,-598,-31,13,0
2347.0113410949707,10068,5768,11052,-304,140,237,9516,-9156,9032,30,141,48,-14352,3988,4076,-1015,151,-242,-14360,-3840,5760,-600,-27,-76,0
2347.044741153717,9980,5788,10704,-208,70,152,9420,-8972,8744,10,156,-136,-14412,3764,4056,-995,153,-135,-14428,-3752,5812,-440,158,-75,0
2347.078388929367,9952,5700,10800,-237,-112,79,9584,-8996,8984,40,183,-305,-14380,3920,4012,-1044,167,-189,-14472,-3692,5720,-351,296,-51,0
2347.111845970154,10044,5872,10764,-309,-123,106,9516,-8976,9116,-67,156,-283,-14488,3980,4256,-1004,137,-100,-14544,-3652,5868,-413,1,-24,0
2347.1454429626465,9984,5708,10816,-311,-254,141,9472,-9064,8960,-27,133,-284,-14524,4100,4256,-1031,151,-167,-14364,-3716,5904,-425,273,-77,0
2347.1789560317993,9912,5600,10720,-237,-251,87,9588,-9068,9036,45,103,-376,-14500,4068,4000,-980,131,-266,-14576,-3772,5916,-335,360,-114,0
2347.212420940399,10148,5828,11032,-331,-165,35,9624,-9012,9260,9,118,-364,-14568,4260,4132,-963,120,-233,-14344,-3688,5880,-341,312,-79,0
2347.2460379600525,10040,5884,10716,-431,-279,138,9560,-9088,9204,-37,246,-296,-14356,3868,4284,-1019,97,-138,-14560,-3720,6056,-432,261,-71,0
2347.279624938965,10052,5704,10812,-409,-221,159,9452,-9068,9156,4,160,-202,-14604,4144,4224,-1280,105,-55,-14520,-3740,5984,-442,146,-65,0
2347.3130879402165,9956,5696,11200,-253,-104,131,9716,-9128,9172,2,142,-182,-14568,4208,4096,-1085,122,-57,-14556,-3532,6084,-490,81,-73,0
2347.3461730480194,10084,5392,11260,-165,-43,170,9492,-9136,9132,66,60,-122,-14512,4260,3892,-1142,185,-33,-14744,-3548,6024,-563,86,-31,0
2347.3799519538884,10168,5588,11012,-161,-41,303,9536,-9180,9040,76,-18,-17,-14436,4224,3824,-1112,504,11,-14604,-3532,5904,-634,25,-246,0
2347.4135699272156,10004,5432,11260,-241,-27,339,9504,-9020,8960,63,78,-14,-14400,4132,3972,-1108,184,246,-14540,-3656,5892,-547,50,-37,0
2347.447135925293,9836,5560,10812,-224,10,238,9424,-9084,9132,36,58,-120,-14468,4028,3928,-1014,193,-46,-14208,-3676,5616,-573,65,-114,0
2347.4805841445923,9880,5468,11032,-43,-96,171,9576,-9016,9076,-253,122,-186,-14500,3876,3872,-1006,129,-124,-14492,-3768,5740,-454,199,-123,0
2347.5139729976654,9780,5844,10772,-299,-200,106,9720,-8956,9068,-16,158,-255,-14404,3880,3924,-1001,59,-153,-14496,-3612,5720,-434,288,-60,0
2347.547567129135,10100,5696,10844,-268,-188,104,9612,-9012,9024,-17,165,-508,-14584,3964,3996,-991,78,-160,-14524,-3756,5808,-453,258,-124,0
2347.5808110237126,10104,5648,10840,-1,-176,9,9660,-9108,9120,-44,197,-336,-14644,3972,3928,-962,96,-140,-14660,-3628,5948,-426,255,-181,0
2347.6142280101776,10056,5676,10972,-196,-145,31,9392,-9072,9108,-67,116,-303,-14484,3888,3964,-1001,88,-114,-14576,-3500,5728,-427,176,-120,0
2347.6476559638977,10164,5640,10800,-114,-76,78,9632,-8848,9052,-61,84,-217,-14532,3860,4308,-979,117,-61,-14644,-3652,5824,-457,137,-52,0
2347.681179046631,10056,5716,11188,-190,-33,134,9628,-9068,8988,-88,85,-125,-14564,4124,3912,-965,136,-47,-14544,-3684,6032,-486,127,-60,0
2347.7145349979405,10032,5624,11216,-172,-24,185,9572,-9136,9008,-79,105,-150,-14508,4088,4020,-998,161,-28,-14556,-3716,6004,-492,106,-73,0
2347.7480981349945,9964,5412,10920,-94,-35,154,9536,-9088,8976,-45,83,-171,-14440,4036,4304,-961,185,-35,-14440,-3716,5852,-474,146,-75,0
2347.781324148178,9936,5632,10960,-153,-117,153,9488,-9144,9072,-19,56,-211,-14640,4056,4016,-982,197,-85,-14536,-3664,5940,-486,233,-72,0
2347.8191509246826,10028,5620,11040,-63,-131,142,9596,-9104,9112,-55,89,-223,-14512,4052,3968,-995,126,-142,-14504,-3656,5820,-471,201,-124,0
2347.8544931411743,10060,5664,10980,-131,-124,60,9608,-9064,9172,-84,167,-279,-14472,4008,4004,-918,152,-81,-14516,-3724,5908,-426,189,-161,0
2347.890305042267,10100,5588,10860,-152,-85,45,9512,-8744,9024,-83,146,-274,-14484,4104,4084,-924,89,-122,-14480,-3408,6004,-387,170,-81,0
2347.9258890151978,9940,5692,11256,-203,-125,57,9508,-9116,9104,-114,91,-274,-14408,4032,3888,-878,192,-126,-14344,-3676,5872,-411,226,-51,0
2347.961911916733,10072,5444,11000,-204,-196,85,9556,-9088,8724,-94,104,-315,-14500,4000,4000,-942,192,-139,-14388,-3644,5868,-407,511,-96,0
2347.997712135315,10068,5604,11068,-171,-230,70,9548,-9052,9072,-114,124,-331,-14528,4124,4188,-900,121,-181,-14364,-3824,6072,-454,1,-157,0
2348.0329329967494,10076,5624,10528,-137,-194,48,9560,-9212,9040,-70,142,-301,-14488,4116,3912,-928,71,-147,-14688,-3576,5972,-497,226,-158,0
2348.0693230628967,10064,5636,10752,-102,-143,76,9704,-9016,9048,-58,140,-511,-14460,4136,3940,-929,95,-102,-14628,-3420,5824,-519,166,-151,0
2348.104756116867,10068,5660,11048,-129,-115,75,9688,-9060,8804,-80,154,-222,-14512,3988,4036,-927,118,-115,-14572,-3684,5840,-522,158,-151,0
2348.140219926834,10056,5696,10872,-88,-76,99,9620,-8988,9204,-89,94,-213,-14504,4100,4000,-923,139,-90,-14560,-3548,5884,-475,127,-134,0
2348.1750309467316,10052,5636,10968,-100,-101,81,9636,-9180,8924,-68,109,-252,-14508,4132,3972,-951,114,-130,-14460,-3584,5996,-464,191,-171,0
2348.211277961731,10076,5764,10764,-154,-106,97,9628,-8972,9204,-38,89,-6,-14472,4028,4028,-960,117,-92,-14356,-3664,6132,-485,150,-97,0
2348.246192932129,10212,5788,10588,-134,-140,96,9592,-9008,9112,-114,111,-250,-14480,4332,4084,-912,104,-113,-14640,-3676,5764,-473,187,-138,0
2348.2818479537964,10444,5620,10864,-170,-151,68,9648,-9156,8948,-99,158,-274,-14404,4096,4016,-938,116,-91,-14488,-3588,5904,-405,204,-159,0
2348.318032026291,10052,5584,10888,-134,-139,30,9476,-9076,9072,-87,144,-266,-14500,4044,4104,-1002,87,-110,-14848,-3348,5808,-438,209,-179,0
2348.3531460762024,10112,5656,10764,-148,-97,32,9664,-9060,9056,-89,136,-225,-14520,4340,4028,-980,49,-81,-14628,-3640,5872,-763,141,-180,0
2348.389219045639,10092,5604,10700,-105,-110,49,9612,-9116,9080,-78,164,-193,-14432,4028,4068,-951,52,-57,-14556,-3620,5660,-476,134,-157,0
2348.424045085907,10024,5672,10888,-80,-94,78,9572,-9036,8988,-75,79,-231,-14472,4056,4120,-961,112,-80,-14544,-3572,5676,-443,165,-126,0
2348.4600210189815,9988,5688,10848,-161,-119,93,9620,-9112,8880,-58,72,-254,-14444,4092,4124,-949,171,-91,-14532,-3660,5748,-457,194,-93,0
2348.493446111679,10020,5708,10712,-120,-114,101,9540,-9044,9000,-82,53,-241,-14820,4004,4264,-977,142,-105,-14640,-3580,5720,-456,192,-111,0
2348.527149915695,10188,5736,10960,-151,-184,114,9772,-9096,8896,-69,112,-221,-14344,4092,4084,-964,110,-93,-14476,-3640,6116,-466,203,-126,0
2348.5608439445496,10136,5740,10864,-104,-116,82,9648,-9016,9072,-100,113,-231,-14460,4020,3924,-951,88,-90,-14832,-3680,5744,-471,182,-112,0
2348.5943870544434,10084,5744,10844,-139,-133,86,9628,-9024,8844,-48,107,-230,-14600,4080,4076,-982,127,-107,-14488,-3600,5716,-427,167,-136,0
2348.627696990967,10100,5700,10860,-117,-128,80,9640,-9028,8760,-35,99,-225,-14524,4124,4088,-1008,86,-133,-14516,-3372,5888,-453,177,-122,0
2348.6610980033875,10092,5728,10920,-152,-138,86,9552,-9044,9040,-115,70,-252,-14840,4296,4048,-975,97,-87,-14576,-3692,5844,-481,143,-159,0
2348.6944289207454,10044,5708,10772,-134,-109,81,9632,-9036,9052,-80,127,-234,-14488,4088,4036,-960,105,-70,-14484,-3636,5800,-465,181,-134,0
2348.728124141693,10012,5672,10668,-121,-86,85,9708,-9120,8936,-51,119,-212,-14532,4080,4028,-990,118,-45,-14520,-3616,5860,-458,155,-128,0
2348.767681121826,10108,5716,10816,-123,-69,115,9480,-9116,8984,-26,124,-194,-14580,4100,4204,-1021,121,-43,-14848,-3612,5816,-474,183,-127,0
2348.8014590740204,10236,5688,10908,-118,-117,97,9612,-9024,8936,-25,118,-178,-14424,4120,4020,-1043,120,-56,-14480,-3600,5808,-483,142,-127,0
2348.8349230289455,9992,5668,10952,-158,-73,108,9680,-9104,8900,-44,100,-180,-14552,4008,3996,-992,151,-91,-14536,-3668,5868,-484,128,-123,0
2348.868063926697,10148,5772,10896,-108,-74,102,9688,-9000,8960,-39,113,-200,-14616,4092,3856,-985,112,-58,-14572,-3648,5788,-463,122,-110,0
2348.901328086853,10148,5708,10840,-129,-77,113,9636,-9128,8892,-36,154,-185,-14448,3988,4084,-1019,96,-55,-14492,-3648,5700,-474,133,-142,0
2348.934872150421,10000,5648,10812,-227,-45,114,9552,-9024,8968,35,170,-198,-14500,4016,3948,-1006,97,-95,-14468,-3652,5648,-467,162,-116,0
2348.9684240818024,10028,5824,10784,-167,-15,63,9668,-9212,8760,-26,177,-172,-14816,4016,3884,-985,104,-157,-14516,-3688,5800,-428,137,-147,0
2349.0018849372864,10020,5728,10860,-227,-90,60,9628,-9068,8792,-20,174,-250,-14440,4052,3960,-995,89,-103,-14500,-3672,5792,-455,186,-156,0
2349.0352060794826,10132,5632,10772,-200,-70,49,9668,-9096,9016,21,144,-282,-14576,4040,4056,-1008,85,-141,-14436,-3676,5852,-430,247,-108,0
2349.068731069565,10040,5748,10748,-216,-76,80,9712,-9212,8732,40,169,-511,-14548,4088,4144,-1000,71,-172,-14688,-3696,5876,-445,206,-119,0
2349.102126121521,10036,5772,10856,-216,-85,64,9564,-9012,8860,-26,194,-223,-14556,4092,3860,-973,63,-186,-14476,-3832,6140,-418,175,-105,0
2349.1354949474335,10184,5640,10968,-268,-83,74,9684,-9096,8940,-34,172,-221,-14588,4108,3940,-985,115,-143,-14568,-3792,5812,-426,162,-122,0
2349.1691751480103,10060,5704,10900,-259,-36,83,9660,-9024,8764,3,193,-191,-14460,4060,3820,-1032,112,-90,-14340,-3608,5700,-404,161,-87,0
2349.2024540901184,10092,5724,10804,-302,-82,126,9560,-9048,9164,40,153,-253,-14468,3868,4016,-1038,153,-211,-14516,-3824,5760,-443,233,-39,0
2349.235582113266,9964,5728,10912,-7,-102,123,9748,-9084,8976,54,150,-275,-14528,4028,3972,-1018,176,-239,-14348,-3688,5772,-411,252,-37,0
2349.269279956817,10084,5700,10992,-299,-164,123,9668,-9100,9056,20,160,-293,-14548,4116,3952,-1006,166,-180,-14652,-3632,5868,-410,237,-51,0
2349.3026950359344,10144,5724,10744,-302,-117,123,9720,-8732,9016,15,167,-264,-14652,3996,4020,-981,153,-172,-14732,-3744,5720,-417,253,-51,0
2349.3365149497986,10116,5564,10736,-317,-146,126,9752,-9180,8900,22,120,-278,-14528,4032,3884,-1000,126,-158,-14652,-3636,5732,-425,234,-78,0
2349.3699450492854,10168,5824,10836,-286,-179,155,9680,-8976,8904,27,144,-253,-14452,4036,3920,-1008,132,-177,-14608,-3704,5840,-440,222,-103,0
2349.403151988983,10168,5708,10796,-257,-139,89,9968,-8732,8772,13,160,-508,-14580,3952,3992,-976,114,-158,-14512,-3532,5732,-465,211,-84,0
2349.4369390010834,10004,5580,10808,-246,-145,96,9664,-8904,9180,-19,115,-271,-14640,3996,4048,-971,108,-140,-14708,-3552,5816,-457,233,-62,0
2349.4728689193726,10084,5692,10768,-261,-131,126,9716,-9008,9012,30,118,-219,-14828,3968,4064,-769,116,-157,-14612,-3488,5656,-457,191,-67,0
2349.5086350440974,10076,5656,10964,-225,-121,104,9712,-8976,9032,24,103,-246,-14592,3952,3896,-774,133,-110,-14628,-3380,5768,-471,185,-74,0
2349.543815135956,10096,5660,10816,-215,-160,150,9700,-9048,8764,21,132,-202,-14480,3880,3872,-1023,138,-161,-14608,-3544,5852,-481,207,-93,0
2349.5791709423065,10032,5408,10752,-230,-159,139,9692,-9000,9000,32,105,-213,-14360,3928,4072,-1013,140,-115,-14508,-3808,5848,-475,210,-101,0
2349.6149621009827,10172,5680,10752,-237,-159,147,9704,-9188,9060,11,61,-231,-14588,4000,4008,-988,105,-138,-14540,-3532,5772,-474,170,-91,0
2349.650403022766,10188,5604,10684,-218,-149,134,9700,-8956,9020,-250,111,-177,-14520,4072,3936,-1046,105,-75,-14540,-3568,5712,-468,155,-120,0
2349.6857540607452,10216,5424,10860,-311,-183,153,9968,-9160,9020,40,137,-198,-14588,4040,3968,-1042,91,-133,-14660,-3584,5800,-464,144,-84,0
2349.721374988556,10172,5608,10696,-190,-97,96,9508,-9064,9032,-9,139,-219,-14340,3896,3888,-1018,113,-93,-14632,-3660,5828,-484,178,-108,0
2349.7573380470276,10128,5628,10936,-234,-157,85,9496,-8784,9176,26,148,-239,-14540,4084,3916,-1005,103,-122,-14680,-3484,5784,-481,184,-108,0
2349.7924640178685,10036,5564,10588,-195,-118,125,9732,-8888,8988,-19,108,-189,-14560,4024,4004,-1015,121,-60,-14680,-3828,5796,-493,145,-105,0
2349.8276500701904,10188,5640,10680,-143,-149,117,9932,-8960,9020,-54,107,-177,-14516,3900,3868,-995,114,-58,-14584,-3588,5748,-500,132,-101,0
2349.8632130622864,10176,5588,10532,-142,-126,93,9680,-8952,8704,-70,130,-182,-14552,3624,3956,-1042,98,-99,-14444,-3664,5924,-493,134,-113,0
2349.8989250659943,10120,5664,10824,-120,-75,88,9512,-8792,8740,-40,144,-188,-14528,3924,3992,-977,97,-56,-14848,-3556,5604,-497,177,-129,0
2349.934077978134,10184,5584,10872,-158,-57,90,9956,-8992,8940,-14,135,-179,-14520,3648,3936,-770,83,-79,-14824,-3792,5832,-476,196,-122,0
2349.9692759513855,10124,5632,10800,-104,-56,102,9752,-8936,8976,-12,106,-201,-14368,4032,4016,-1002,88,-87,-14380,-3580,5820,-475,177,-98,0
2350.004972934723,10336,5676,10872,-137,-106,91,9740,-8936,9100,-40,142,-194,-14540,3936,3984,-989,87,-83,-14576,-3552,5768,-499,153,-131,0
2350.0409500598907,10128,5608,10964,-115,-76,72,9688,-8952,9064,-72,160,-176,-14632,4036,4024,-994,109,-40,-14560,-3564,5664,-505,151,-148,0
2350.0759661197662,10144,5624,10820,-132,-87,102,9720,-8980,8988,-1,107,-206,-14508,3892,3904,-1000,87,-68,-14608,-3544,5744,-491,125,-111,0
2350.11234998703,10168,5696,10948,-87,-89,123,9624,-8716,8736,-39,112,-149,-14560,3984,4048,-981,79,-89,-14616,-3568,5696,-496,145,-132,0
2350.1476440429688,10200,5664,10848,-129,-79,94,9672,-8996,9048,-79,122,-190,-14516,3992,3944,-970,93,-63,-14592,-3812,5860,-493,144,-121,0
2350.181195020676,10136,5588,10784,-110,-83,99,9684,-8968,9196,-68,121,-183,-14428,3924,3972,-964,129,-71,-14844,-3588,5756,-489,140,-118,0
2350.214569091797,10136,5624,10588,-65,-132,95,9980,-8968,9040,-90,117,-178,-14436,4044,3900,-969,114,-82,-14372,-3580,5752,-765,153,-135,0
2350.2482280731206,10152,5380,10580,-100,-112,115,9704,-8860,8988,-77,85,-180,-14356,3920,3968,-1004,128,-80,-14564,-3504,5672,-520,148,-158,0
2350.28152012825,10160,5612,10876,-108,-100,79,9840,-8976,8920,-46,103,-161,-14576,3916,3936,-983,84,-70,-14560,-3656,5772,-477,142,-155,0
2350.3152260780334,10148,5648,10944,-122,-97,90,9632,-8904,8984,-64,141,-178,-14524,3992,4064,-946,103,-79,-14708,-3524,5824,-506,143,-176,0
2350.3489389419556,10436,5744,10792,-62,-82,88,9664,-9076,8912,-104,80,-142,-14568,4032,3860,-989,76,-45,-14620,-3500,5816,-538,122,-156,0
2350.382322072983,10188,5840,10652,-118,-56,89,9764,-8988,9092,-25,133,-134,-14620,4020,4036,-999,59,-68,-14572,-3704,5692,-492,127,-179,0
2350.415503025055,10096,5720,10552,-80,-10,91,9652,-8960,9004,-74,136,-111,-14576,3904,3940,-1020,83,-63,-14420,-3688,5744,-503,107,-143,0
2350.4493510723114,10200,5772,10944,-67,-86,85,9808,-8868,9008,-119,145,-155,-14608,4088,3660,-964,11,-29,-14628,-3404,5808,-531,97,-172,0
2350.482917070389,10220,5664,10832,-115,-58,73,9920,-9188,8996,-55,137,-146,-14648,3800,3984,-1016,86,-38,-14556,-3688,5776,-471,112,-140,0
2350.51646399498,10112,5700,10740,-71,-20,78,9692,-9200,8864,-46,71,-111,-14468,3904,3988,-1039,107,-40,-14628,-3608,5704,-494,113,-160,0
2350.5498139858246,10064,5668,10784,-49,-53,77,9744,-8936,8784,-45,103,-140,-14584,3984,4068,-1015,72,-28,-14572,-3620,6124,-765,99,-154,0
2350.5838010311127,10148,5700,10996,-58,-33,99,9712,-9064,8772,-63,112,-164,-14512,4040,3984,-1011,64,-69,-14592,-3720,5876,-522,116,-143,0
2350.6174550056458,10180,5784,10760,-65,-101,119,9660,-9036,9080,-104,111,-138,-14584,3860,4036,-976,75,-45,-14672,-3644,5748,-553,132,-148,0
2350.6508281230927,10156,5716,10836,-52,-75,120,9796,-9104,8884,-14,105,-155,-14452,4248,3996,-1030,81,-60,-14816,-3632,5808,-553,142,-127,0
2350.684345960617,10176,5680,10588,-34,-53,119,9720,-8944,8844,-14,113,-143,-14516,4080,3948,-1064,99,-22,-14824,-3612,5844,-540,132,-140,0
2350.7177369594574,10136,5768,10692,-86,-86,123,9624,-8992,9028,-31,105,-129,-14572,4072,4060,-1015,85,-27,-14568,-3720,5848,-539,115,-138,0
2350.751256942749,9984,5752,10924,-91,-29,98,9624,-9052,8920,-39,147,-124,-14552,4064,4032,-1001,60,-64,-14532,-3668,5672,-546,100,-150,0
2350.78489613533,10112,5616,10912,-67,-42,76,9700,-9088,8916,-29,122,-160,-14464,4000,4012,-993,45,-68,-14552,-3648,5860,-543,145,-171,0
2350.8184709548946,10128,5712,10712,-75,-67,92,9628,-9176,8996,-52,142,-172,-14404,3996,3900,-1030,41,-68,-14560,-3740,5800,-539,122,-163,0
2350.852121114731,10224,5716,10864,-114,-9,116,9492,-9136,9028,-49,145,-97,-14580,4032,3960,-1017,53,-7,-14724,-3648,5852,-511,87,-162,0
2350.885400056839,10216,5828,10684,-160,39,115,9804,-8996,8944,-53,182,-71,-14564,3968,4124,-970,35,20,-14648,-3740,5868,-499,22,-116,0
2350.9186220169067,10176,5840,10632,-164,85,81,9628,-9064,9024,-27,170,-97,-14548,3996,3968,-958,27,241,-14608,-3804,5692,-476,56,-202,0
2350.9522099494934,10108,5716,10844,-95,38,-3,9712,-9096,9196,-35,204,-184,-14532,3892,4136,-971,-27,-78,-14520,-3692,5696,-469,160,-238,0
2350.9856309890747,10128,5756,10772,-158,-51,8,9624,-8968,8988,0,258,-166,-14432,3872,3896,-778,-27,-36,-14556,-3652,5736,-512,197,-137,0
2351.0191929340363,10164,5820,10652,-219,-4,72,9232,-9048,9164,25,222,-131,-14404,4152,4204,-1084,0,-10,-14512,-3692,5824,-558,157,-112,0
2351.052829027176,10032,5868,10764,-215,19,124,9680,-9096,9180,23,183,-147,-14644,4004,4028,-1031,61,-98,-14496,-3736,5904,-565,147,-115,0
2351.0863840579987,9976,5788,10984,-105,-77,115,9696,-9136,8980,-42,137,-177,-14572,4024,4116,-1012,67,-149,-14536,-3708,5708,-545,167,-145,0
2351.1196479797363,10044,5736,10776,-87,-35,104,9652,-8976,9032,253,176,-149,-14468,3884,4232,-1028,20,-69,-14672,-3664,5872,-644,89,-88,0
2351.1554470062256,10108,5748,10744,-106,79,125,9716,-9136,8900,13,219,-72,-14500,3940,4008,-1050,24,-51,-14544,-3744,5856,-519,55,-144,0
2351.1907610893254,9904,5692,10812,-208,27,73,9700,-9108,8964,47,249,-173,-14480,4016,3844,-1052,-251,-197,-14420,-3728,5832,-489,170,-189,0
2351.2261159420013,10108,5824,10772,-106,-30,-24,9640,-8992,8768,4,322,-268,-14452,3808,4156,-960,40,-188,-14688,-3584,5752,-408,263,-168,0
2351.261790037155,10120,5716,10784,-195,-27,-31,9668,-8756,9064,40,269,-314,-14484,3920,4004,-978,90,-225,-14820,-3592,5644,-433,300,-157,0
2351.2980279922485,10084,5764,10712,-231,-82,251,9636,-8884,8848,-11,239,-309,-14448,3812,3860,-1005,73,-226,-14592,-3628,5748,-405,320,-162,0
2351.333173990249,10072,5836,10604,-282,-169,41,9600,-8804,9008,-7,218,-332,-14424,3920,4108,-1007,106,-145,-14584,-3732,5716,-408,506,-117,0
2351.368308067322,10136,5852,10960,-6,-101,68,9484,-8920,8788,-103,122,-272,-14440,4080,4044,-1020,149,-131,-14820,-3648,5712,-426,237,12,0
2351.4039690494537,10152,5764,10980,-308,-55,204,9668,-8728,9068,-92,48,-168,-14512,4296,4068,-973,228,19,-14808,-3600,5812,-491,111,78,0
2351.4395329952245,10156,5740,10820,-285,-26,261,9568,-9096,9008,-99,42,-112,-14624,3988,4240,-963,277,-23,-14388,-3672,5752,-443,110,-13,0
2351.4746260643005,10200,5704,10964,-185,-13,219,9760,-9068,9084,-104,66,-162,-14832,3908,3956,-977,211,-43,-14576,-3640,5692,-462,153,-43,0
2351.510215997696,10044,5700,10992,-202,-163,195,9640,-9012,9208,-134,46,-206,-14480,4096,3928,-1012,223,-91,-14584,-3564,5812,-484,196,2,0
2351.544932126999,10000,5660,11200,-128,-166,219,9688,-9048,9104,-77,31,-207,-14340,4040,4016,-946,244,-71,-14624,-3624,5852,-763,138,-16,0
2351.5803360939026,10160,5720,10764,-193,-149,197,9676,-9112,8816,-79,38,-274,-14348,3824,3876,-976,241,-153,-14364,-3760,5660,-391,262,-101,0
2351.6156289577484,10036,5676,10888,-253,-318,75,9756,-9024,8948,-28,215,-388,-14512,3956,4032,-961,136,-486,-14540,-3680,5868,-417,298,-163,0
2351.6509630680084,10432,5748,10780,-312,-264,29,9744,-8852,8992,-9,248,-332,-14520,3944,4112,-1009,100,-159,-14700,-3660,5980,-378,174,-147,0
2351.6861610412598,10084,5780,10888,-376,-190,68,9680,-9016,9124,-104,238,-222,-14548,4024,4112,-894,73,-53,-14672,-3736,5752,-404,79,-94,0
2351.7216930389404,10072,5656,10808,-374,-81,114,9644,-9024,9000,-98,201,-225,-14556,4040,4120,-882,88,-84,-14364,-3828,5876,-396,118,-59,0
2351.757719039917,10120,5712,10776,-307,-154,137,9524,-9024,8960,-137,48,-178,-14572,4104,4016,-968,129,-256,-14648,-3436,5792,-435,61,-29,0
2351.794237136841,10268,5736,10700,-297,-97,216,9664,-9032,8912,-79,96,-17,-14540,4192,4176,-1037,166,65,-14648,-3532,5644,-576,26,64,0
2351.8276751041412,10120,5712,10936,-274,-10,289,9428,-9036,9008,-143,-20,-32,-14352,3980,3892,-985,306,98,-14532,-3364,5752,-527,22,119,0
2351.8611669540405,10160,5640,10796,-228,-8,370,9600,-8784,8776,-183,-138,-58,-14512,4064,3956,-1003,383,88,-14592,-3512,5712,-506,21,122,0
2351.8943231105804,10184,5488,10700,-138,-89,339,9908,-9084,8752,-166,-110,-60,-14668,4064,3916,-1039,327,251,-14648,-3424,5720,-561,76,74,0
2351.927526950836,10412,5536,10988,-184,-43,309,9784,-8988,8952,-65,-59,-22,-14656,3960,4044,-1105,507,59,-14720,-3592,5740,-553,5,48,0
2351.9610941410065,10200,5752,10536,-166,112,282,9900,-9144,8872,-136,-17,3,-14824,4188,3956,-1213,159,57,-14516,-3548,5608,-685,15,-131,0
2351.9943540096283,10336,5720,10952,-198,29,193,9852,-9088,8916,5,155,-42,-14776,3968,3760,-1202,63,33,-14804,-3520,5744,-627,55,-174,0
2352.0275471210484,10232,5792,10524,32,87,135,9776,-8768,8952,-9,188,58,-14760,3948,3776,-1156,81,129,-14820,-3664,5872,-424,-139,-84,0
2352.0611000061035,10232,5716,10892,-215,332,150,9708,-9044,8876,-67,33,65,-14644,3900,4004,-1274,66,502,-14564,-3816,5764,-492,-189,-139,0
2352.0945489406586,9928,5752,10892,-295,229,45,9604,-8868,8928,-184,136,-58,-14448,3844,3896,-901,8,136,-14232,-3724,5672,-447,-59,-207,0
2352.1282269954686,9888,5704,10816,-173,252,50,9576,-8968,9104,-82,239,-166,-14120,4080,4168,-967,1,-234,-14388,-3544,5816,-535,55,-140,0
2352.161724090576,9964,5884,10620,-194,-104,115,9372,-9048,9160,-124,129,-103,-14456,4280,4028,-1074,162,255,-14492,-3524,5940,-433,136,-10,0
2352.195224046707,10068,5384,11144,-190,46,196,9652,-9124,8992,-84,40,-143,-14836,4060,3932,-1009,158,6,-14532,-3740,6020,-443,100,-119,0
2352.2287330627446,9896,5388,10924,-123,-33,59,9652,-9068,9000,-120,178,-205,-14528,4128,3884,-994,85,-80,-14424,-3668,6064,-350,171,-162,0
2352.2622389793396,9900,5632,10996,-244,-89,5,9584,-9152,8968,-53,187,-297,-14532,4092,4052,-883,84,-138,-14472,-3572,5900,-472,230,-187,0
2352.2955780029297,10016,5652,10928,-188,-232,-13,9584,-9188,8984,6,226,-301,-14488,4096,4076,-992,89,-220,-14552,-3660,5876,-467,275,-232,0
2352.3294320106506,10024,5744,10944,-53,-218,9,9660,-9120,8828,42,225,-306,-14520,4076,4028,-1017,66,-243,-14840,-3780,6132,-506,262,-236,0
2352.362590074539,10172,5648,10764,-74,-158,10,9540,-9056,8992,19,187,-272,-14532,4136,3924,-1035,101,-172,-14492,-3396,5888,-527,220,-187,0
2352.3955850601196,10196,5872,10500,254,-105,56,9728,-9084,8844,-46,104,-236,-14596,4076,3772,-998,75,-113,-14620,-3396,5900,-577,112,-220,0
2352.4291679859166,10232,5520,10868,-47,-136,96,9856,-9208,8940,7,143,-176,-14644,4140,3920,-1080,44,-113,-14568,-3432,5696,-594,134,-207,0
2352.4624660015106,10256,5460,10796,16,-23,156,9652,-9016,8948,93,102,-99,-14428,4196,4048,-1086,129,-67,-14584,-3520,5948,-577,24,-142,0
2352.495837926864,10244,5676,10840,68,119,126,9688,-9096,8800,15,53,-31,-14460,4304,3888,-999,138,70,-14620,-3484,5980,-583,-79,-86,0
2352.5294489860535,9972,5736,10956,-42,98,208,9580,-9184,8712,-97,36,-19,-14504,4188,3928,-1024,171,72,-14588,-3592,5904,-526,-48,-39,0
2352.5630581378937,10148,5576,10904,-100,42,507,9704,-9176,8944,-105,77,12,-14736,4168,3692,-1048,163,47,-14580,-3592,5772,-603,-31,-121,0
2352.5966379642487,10112,5600,10888,5,36,231,9648,-9076,8812,-16,112,60,-14508,4040,4092,-1160,94,13,-14524,-3608,5672,-633,250,-185,0
2352.63000702858,10040,5828,10728,4,78,157,9896,-8984,8888,-32,138,251,-14452,3928,4072,-998,6,60,-14548,-3840,5816,-564,-54,-197,0
2352.6636691093445,9968,5800,10772,-58,110,66,9696,-9144,8784,0,273,-26,-14720,3992,4376,-1062,-44,54,-14568,-3876,5752,-502,-25,-306,0
2352.697422981262,10144,5844,10692,-48,140,-34,9708,-9072,8956,-59,382,-94,-14588,3980,4104,-1002,-202,62,-14352,-3812,5928,-556,10,-347,0
2352.7310409545894,10028,6016,10864,-47,133,-69,9584,-9044,9120,-79,320,-130,-14504,3860,4196,-1006,-113,-237,-14812,-3780,5744,-533,82,-10,0
2352.764547109604,10012,5920,10700,-126,49,-10,9588,-9024,9188,-82,149,-184,-14432,3972,4232,-954,-24,1,-14464,-3648,5908,-477,106,-121,0
2352.79803609848,9948,5788,10996,-69,-40,114,9536,-9108,8972,-145,37,-180,-14352,4132,4004,-1007,106,41,-14472,-3820,5812,-478,94,-38,0
2352.833868980408,10032,5760,10840,-87,-47,265,9680,-9092,8872,-87,-100,-91,-14232,4336,3884,-783,310,-242,-14476,-3520,5896,-459,98,78,0
2352.8698329925537,9992,5672,10904,-186,-72,312,9628,-9176,8796,-119,-97,-68,-14492,4192,4044,-1004,9,81,-14344,-3672,5888,-472,53,-18,0
2352.9050199985504,10204,5700,10808,-144,28,236,9472,-9096,8844,-151,-74,-91,-14468,4144,4268,-849,219,30,-14372,-3764,5992,-401,-238,-45,0
2352.940616130829,9940,5928,10952,-302,96,106,9728,-9032,9040,-234,123,-157,-14544,4224,4332,-516,179,15,-14416,-3552,5952,-329,155,-256,0
2352.976032972336,10232,5648,10760,-297,-228,166,9804,-9280,8900,-133,205,-170,-14592,4164,3916,-770,160,-148,-14524,-3440,5744,-423,362,-126,0
2353.0122380256653,10020,5520,10624,-112,-246,58,9888,-9196,8804,61,271,-219,-14428,4100,4012,-1100,-54,-173,-14520,-3788,6108,-467,214,-279,0
2353.047488927841,9728,5784,11020,-86,252,-81,9540,-9128,8960,54,219,-4,-14504,4088,3992,-877,63,-163,-14372,-3640,5908,-319,138,-2,0
2353.083354949951,10044,5884,10844,-244,-97,-85,9488,-9236,8816,-87,256,-332,-14704,4212,4064,-848,19,-210,-14540,-3608,5892,-312,320,-281,0
2353.119329929352,10164,5864,10840,-253,-191,-109,9696,-9216,9044,25,470,-199,-14592,4396,4112,-1016,-162,-160,-14688,-3588,6116,-443,258,-328,0
2353.154983997345,10004,5856,10876,-221,-49,-71,9392,-9216,8780,54,402,-161,-14216,4260,3932,-1071,-75,-67,-14396,-3760,6128,-462,142,-218,0
2353.190707921982,9840,5872,10880,-193,-77,3,9432,-9080,9156,-59,109,-264,-14252,4212,4040,-919,115,-165,-14308,-3352,5900,-496,212,-174,0
2353.2259781360626,9872,5672,10844,-14,-189,130,9492,-9156,8820,-53,-30,-305,-14452,4588,3880,-1052,232,-191,-14544,-3432,5684,-503,345,15,0
2353.2618300914764,10228,5736,11104,-84,-184,275,9644,-9120,8744,46,-28,-136,-14456,4256,3916,-1118,308,-96,-14628,-3652,6016,-520,222,46,0
2353.2976789474487,10112,5720,10576,-173,-59,293,9696,-9220,8848,48,-25,-145,-14544,4116,4044,-1051,305,-140,-14448,-3648,5840,-462,172,-31,0
2353.3327910900116,10024,5700,10908,-130,-96,220,9648,-9336,8904,8,34,-201,-14584,4236,4036,-1086,177,-114,-14604,-3792,5876,-496,239,-37,0
2353.3680760860443,10120,5764,10868,-212,-84,191,9684,-9048,8796,-256,117,-113,-14488,4168,4048,-1030,102,-75,-14576,-3736,5680,-537,120,-71,0
2353.4039390087128,10124,5720,10952,-295,-61,145,9744,-9124,9144,-16,212,-150,-14652,4056,4076,-999,8,-70,-14416,-3876,5956,-261,120,-234,0
2353.439311981201,9900,5764,10872,-190,-16,8,9636,-9156,8964,-10,282,-261,-14508,3808,3888,-952,-23,-218,-14548,-4088,5732,-357,198,-243,0
2353.474120140076,10044,5776,10700,-251,-31,-148,9684,-8972,9004,1,379,-371,-14500,3996,4268,-939,-127,-215,-14532,-3604,5812,-331,363,-501,0
2353.5096011161804,10164,5784,10752,-434,-113,-126,9552,-9016,8752,30,429,-319,-14492,4120,4060,-976,-75,-206,-14520,-3592,5964,-348,302,-175,0
2353.543165922165,10016,5796,10912,-5,-100,-60,9572,-8988,9064,118,245,-377,-14516,4204,3968,-1010,60,-300,-14464,-3424,6032,-328,363,-158,0
2353.5771470069885,9872,5756,11044,-213,-144,21,9640,-9168,9136,89,144,-400,-14540,4132,3920,-1036,84,-276,-14632,-3692,5696,-355,333,-121,0
2353.6105859279633,10016,5788,11012,-359,-159,86,9520,-9044,9068,251,196,-264,-14460,4232,3960,-987,96,-131,-14684,-3568,5940,-449,232,-60,0
2353.643779039383,10064,5652,11004,-301,-104,174,9556,-9240,8860,18,86,-174,-14520,4296,3916,-1028,173,-84,-14496,-3480,6036,-503,114,-42,0
2353.6773779392242,9740,5380,10752,-186,-96,222,9616,-9064,9028,50,40,-166,-14448,4260,3872,-1049,181,-105,-14488,-3372,5960,-556,122,-36,0
2353.7108681201935,10088,5396,10848,-192,-34,238,9696,-9100,8948,15,54,-133,-14540,4040,4052,-1107,132,-69,-14568,-3584,5892,-564,93,-45,0
2353.7444419860844,10148,5632,10964,-183,-74,193,9704,-9072,9040,51,147,-123,-14552,3936,3952,-1083,106,-124,-14588,-3648,5896,-547,76,-132,0
2353.780683040619,9844,5764,10780,-189,-19,152,9684,-9204,8996,51,149,-193,-14840,4084,4084,-1050,77,-122,-14496,-3616,5808,-496,160,-99,0
2353.8143589496613,10088,5740,10576,-291,-108,147,9680,-9188,9040,66,183,-191,-14532,4012,4000,-1058,91,-97,-14484,-3584,5916,-494,215,-98,0
2353.8479149341583,10000,5784,10932,-290,-184,152,9636,-8984,9212,42,167,-216,-14792,3960,4336,-1059,84,-121,-14524,-3636,6096,-495,215,-132,0
2353.8815829753876,9904,5656,10792,-262,-198,127,9520,-8968,9120,59,140,-501,-14424,4064,4140,-1031,95,-222,-14384,-3816,5652,-481,266,-123,0
2353.9148540496826,9820,5680,11004,-264,-225,118,9504,-9060,9060,30,136,-287,-14500,4012,3960,-1048,107,-175,-14472,-3544,5852,-472,248,-77,0
2353.9484379291534,10192,5860,10828,-304,-234,171,9640,-9040,9000,73,101,-221,-14344,4064,4052,-1088,109,-104,-14612,-3624,5684,-513,196,-47,0
2353.9818041324615,10448,5876,10896,-320,-166,205,9560,-9032,8928,89,136,-154,-14840,3860,3936,-1098,126,-66,-14652,-3656,5852,-534,133,-87,0
2354.0152800083165,10116,5884,10760,-231,-102,183,9636,-9132,9132,95,151,-150,-14612,3964,3844,-1074,110,-115,-14576,-3572,5880,-556,195,-93,0
2354.0489151477814,10172,5760,10916,-242,-114,166,9524,-9188,9156,67,203,-149,-14560,3932,4160,-1045,89,-93,-14644,-3672,5724,-556,164,-95,0
2354.0821409225464,10156,5744,10820,-177,-109,158,9528,-9020,9020,-1,194,-135,-14364,3952,3916,-1041,100,-37,-14344,-3688,5732,-542,108,-91,0
2354.115723133087,10072,5668,10792,-201,-93,131,9580,-9012,9068,-40,146,-170,-14368,3936,3968,-1024,118,-48,-14352,-3664,5940,-765,150,-85,0
2354.1492400169373,10220,5720,10500,-172,-99,143,9524,-8964,9092,-43,76,-194,-14536,3908,4196,-1007,180,-105,-14532,-3732,5860,-442,191,-68,0
2354.182702064514,9852,5640,10996,-88,-113,115,9612,-9052,8996,-59,110,-242,-14652,3988,4216,-1013,126,-155,-14612,-3632,5852,-469,253,-60,0
2354.2165751457214,10184,5532,10764,-185,-129,74,9940,-9072,9164,-40,132,-241,-14452,4056,3864,-1009,125,-89,-14616,-3448,5768,-474,180,-99,0
2354.250102996826,10052,5500,10848,-145,7,87,9684,-9024,8984,-18,95,-176,-14544,4040,4040,-1029,123,-51,-14652,-3612,5720,-480,164,-58,0
2354.283463001251,10196,5564,10832,-127,40,111,9648,-9120,8996,-35,87,-148,-14648,4044,4260,-1008,109,-11,-14736,-3596,5844,-497,116,-80,0
2354.31698012352,10040,5560,11040,-141,20,109,9636,-9132,9176,-50,114,-145,-14824,4060,3988,-991,110,-41,-14388,-3480,5760,-490,98,-86,0
2354.3504679203033,10092,5580,10936,-93,19,108,9668,-9108,9196,-27,122,-137,-14632,4088,3956,-1040,110,-72,-14584,-3584,5756,-497,99,-135,0
2354.383754014969,10084,5536,10868,-152,-39,134,9528,-9028,8872,-27,139,-140,-14476,4040,3856,-1042,73,-61,-14476,-3600,5800,-529,121,-105,0
2354.4173080921173,9976,5596,10928,-98,-4,94,9584,-9036,8732,-61,131,-122,-14396,3980,4244,-1011,93,-34,-14652,-3660,5916,-484,106,-131,0
2354.4506919384003,10008,5664,10744,-129,13,74,9568,-9052,9080,-31,163,-154,-14532,3888,4188,-992,45,-50,-14636,-3740,5804,-496,108,-179,0
2354.484050989151,10068,5704,10864,-169,11,45,9620,-9004,9060,-39,188,-163,-14424,4016,4000,-1007,70,-66,-14596,-3660,5796,-503,134,-135,0
2354.5203111171722,10084,5652,10836,-144,-42,48,9688,-9032,9084,-10,143,-171,-14500,3880,4336,-991,103,-75,-14544,-3684,5948,-473,173,-124,0
2354.5557029247284,9764,5836,10880,-125,-53,67,9672,-8976,8848,-45,166,-219,-14508,3856,4328,-995,60,-102,-14500,-3476,5756,-472,186,-128,0
2354.5912070274353,10168,5776,10936,-170,-77,49,9552,-8708,9140,-31,157,-213,-14556,4040,3932,-958,83,-91,-14368,-3672,5816,-460,183,-98,0
2354.627331972122,10012,5768,10840,-159,-58,72,9596,-9044,8756,-55,165,-205,-14516,4072,4220,-1007,61,-102,-14612,-3840,5904,-478,140,-142,0
2354.662110090256,10060,5728,10836,-153,-28,105,9528,-9020,9084,4,152,-169,-14604,3996,4180,-1278,92,-61,-14372,-3832,5832,-489,125,-111,0
2354.698207139969,9988,5600,10864,-112,-24,78,9636,-9104,9028,-2,129,-163,-14472,4024,3980,-1034,100,-77,-14544,-3608,5876,-467,152,-94,0
2354.7336671352386,10108,5752,11116,-150,-9,129,9608,-9048,8936,-40,76,-183,-14568,4040,4132,-994,108,-54,-14836,-3556,5844,-494,82,-112,0
2354.7696509361267,10072,5712,10956,-70,-7,134,9616,-9072,8992,-36,93,-117,-14632,4068,3920,-1020,70,43,-14832,-3536,5912,-535,81,-108,0
2354.8049960136414,10088,5628,10916,-134,-26,153,9596,-9124,8704,-9,102,-106,-14436,4036,3884,-1055,96,-18,-14504,-3608,5852,-521,69,-120,0
2354.8409440517426,10216,5412,10920,-63,62,105,9688,-8852,9032,-51,103,-121,-14524,3920,3920,-989,80,22,-14532,-3648,5860,-257,76,-118,0
2354.8761060237885,10024,5648,10872,-104,-14,82,9672,-9024,9028,-41,139,-123,-14532,4304,4112,-985,35,-49,-14824,-3592,5872,-499,89,-156,0
2354.911929130554,10080,5660,10804,-113,34,75,9632,-9148,8964,-20,157,-141,-14544,4280,3904,-1019,78,-254,-14556,-3684,5708,-464,136,-139,0
2354.947777032852,10016,5660,10876,-69,-8,74,9544,-9120,9060,-59,133,-179,-14596,3956,3996,-1026,88,-62,-14568,-3620,5892,-489,146,-163,0
2354.9825191497803,9900,5756,10928,-118,-38,61,9568,-9120,9152,-65,146,-187,-14516,4092,4048,-993,49,-35,-14560,-3608,5892,-482,120,-192,0
2355.0187001228333,9980,5748,10912,-125,-74,62,9572,-9076,9080,-50,146,-184,-14544,4048,3952,-1017,83,-77,-14644,-3744,6092,-492,150,-153,0
2355.0541491508484,9984,5764,10824,-102,-90,53,9600,-9144,9060,-42,135,-221,-14404,4116,4128,-1029,78,-97,-14496,-3644,5644,-495,168,-160,0
2355.089504957199,9940,5756,10948,-72,-61,76,9468,-9056,9004,-24,86,-193,-14436,4152,4132,-1033,132,-79,-14512,-3668,5788,-486,135,-112,0
2355.125044107437,9972,5796,11092,-90,-98,93,9648,-9096,8992,-45,129,-192,-14492,4080,4336,-970,104,-107,-14340,-3604,5832,-507,171,-148,0
2355.1621630191803,10220,5680,10916,-114,-90,100,9628,-9064,9120,-21,101,-206,-14580,4096,4136,-1016,134,-55,-14592,-3500,5952,-510,160,-105,0
2355.195676088333,10000,5776,10960,-84,-141,128,9600,-9004,9024,-24,76,-197,-14500,4056,4028,-773,166,-43,-14412,-3636,5872,-497,160,-92,0
2355.2292780876164,9984,5728,10804,-92,-116,133,9684,-9056,9212,-30,61,-160,-14432,3864,4092,-1005,137,-43,-14552,-3720,5752,-488,152,-113,0
2355.2628049850464,10008,5732,10796,-134,-109,111,9612,-9104,8960,-52,98,-187,-14348,4096,4004,-1000,116,-94,-14524,-3704,5760,-480,144,-104,0
2355.2966039180756,9988,5744,10500,-135,-71,108,9668,-9044,9128,-37,79,-178,-14848,4076,3884,-997,94,-62,-14536,-3632,5636,-489,146,-134,0
2355.330085992813,9988,5644,10880,-126,-81,110,9620,-9012,8888,-11,112,-142,-14516,4068,4136,-992,86,-54,-14408,-3664,5816,-487,133,-135,0
2355.363662004471,9740,5732,10900,-111,-65,103,9668,-9084,9020,-2,109,-171,-14512,3980,3976,-988,73,-43,-14804,-3680,5872,-488,141,-132,0
2355.397243976593,10088,5780,10924,-139,-81,83,9544,-9144,8888,-52,127,-207,-14432,4028,4044,-998,115,-41,-14580,-3588,5952,-453,168,-116,0
2355.430771112442,10000,5744,10832,-140,-112,97,9572,-8916,9012,-45,104,-234,-14532,3980,4084,-973,106,-115,-14556,-3676,5812,-461,152,-111,0
2355.4643170833588,10076,5680,10832,-123,-99,92,9676,-9052,8988,-71,109,-188,-14516,4056,3912,-984,67,-87,-14532,-3568,5828,-517,122,-139,0
2355.4975991249084,10012,5716,11052,-161,-67,100,9536,-9124,8980,-8,135,-177,-14532,4076,4024,-1014,50,-65,-14556,-3684,5868,-497,114,-142,0
2355.530981063843,9776,5728,10772,-110,0,76,9664,-9016,9048,-67,171,-169,-14584,4052,4224,-1007,64,-63,-14592,-3724,5748,-481,108,-137,0
2355.5648140907288,10092,5744,10860,-191,-56,67,9708,-9164,8792,-84,194,-150,-14472,4084,4072,-961,72,-81,-14372,-3608,5872,-475,117,-159,0
2355.5983159542084,9732,5732,10880,-163,-5,51,9564,-9024,8980,-21,155,-204,-14504,4076,4092,-1020,103,-86,-14628,-3632,5776,-467,163,-132,0
2355.6317040920258,9968,5760,10832,-143,-47,100,9636,-9120,8980,12,148,-182,-14480,4080,3952,-1047,105,-75,-14544,-3756,6072,-494,174,-154,0
2355.665018081665,9952,5792,10868,-184,-57,91,9600,-9088,8924,-42,126,-200,-14532,4008,4112,-1007,141,-47,-14404,-3628,5852,-436,159,-105,0
2355.698571920395,9928,5792,10864,-206,-76,86,9608,-9136,8924,-54,129,-193,-14476,4080,4048,-977,114,-69,-14536,-3652,5668,-446,168,-84,0
2355.7320840358734,9916,5804,10756,-193,-58,105,9280,-9112,8920,-23,134,-182,-14416,4016,4260,-995,119,-92,-14824,-3780,5724,-465,158,-107,0
2355.7654049396515,9912,5756,10952,-238,-80,131,9520,-9108,9124,19,127,-173,-14552,4116,4104,-1043,113,-98,-14492,-3600,5924,-490,173,-99,0
2355.7989931106567,10232,5780,10952,-183,-57,136,9672,-9036,9004,4,123,-210,-14536,4140,4176,-1038,117,-95,-14848,-3596,5892,-464,167,-99,0
2355.832500934601,9996,5804,10984,-234,-128,119,9532,-9120,9196,-31,125,-199,-14544,3968,4024,-993,125,-93,-14556,-3716,5844,-471,156,-84,0
2355.866059064865,10140,5740,10816,-235,-63,125,9724,-9044,9108,-30,152,-212,-14796,3972,3932,-971,103,-121,-14548,-3672,5892,-446,174,-98,0
2355.8996040821075,10072,5760,10768,-225,-98,107,9656,-9208,9108,-54,184,-201,-14540,4044,3896,-969,69,-172,-14592,-3760,5744,-467,177,-88,0
2355.9331359863286,9920,5688,11016,-8,-93,128,9556,-9024,9048,-48,194,-197,-14448,4020,4000,-974,100,-88,-14396,-3616,5772,-450,173,-56,0
2355.96649312973,10044,5772,10716,-225,-82,115,9592,-9040,8896,-45,180,-214,-14500,4068,3800,-989,85,-76,-14840,-3552,5664,-441,160,-67,0
2355.9999890327454,10056,5704,10804,-281,-91,136,9628,-9184,9056,1,174,-205,-14548,4040,4072,-998,84,-99,-14500,-3676,5800,-467,165,-75,0
2356.0335750579834,10044,5776,10800,-303,-91,141,9528,-9080,9068,44,133,-204,-14528,4044,3888,-1000,111,-145,-14560,-3724,5968,-489,212,-50,0
2356.0671310424805,9960,5664,10936,-265,-122,144,9468,-8992,8960,32,162,-203,-14780,4288,4332,-1000,116,-145,-14592,-3620,5888,-477,158,-94,0
2356.1006870269775,10064,5684,11188,-285,-121,190,9584,-9064,9128,30,144,-221,-14572,4048,4028,-1017,115,-112,-14552,-3656,5952,-479,180,-103,0
2356.133993148804,9884,5660,10812,-252,-144,133,9516,-9012,9008,55,137,-224,-14568,4112,4044,-1049,107,-95,-14340,-3596,6004,-453,178,-99,0
2356.1675469875336,9908,5388,10936,-269,-165,140,9616,-9000,9052,7,186,-211,-14548,4040,4048,-1001,94,-149,-14608,-3612,5860,-486,132,-64,0
2356.20445895195,10076,5672,10940,-224,-144,136,9584,-9012,9032,26,169,-194,-14596,4044,3952,-1024,80,-92,-14560,-3680,5836,-489,134,-97,0
2356.240144968033,10040,5564,10948,-320,-161,162,9612,-9000,8996,35,131,-199,-14544,4004,4072,-1045,93,-90,-14596,-3748,5884,-459,148,-104,0
2356.2756240367894,10036,5448,10808,-240,-98,114,9564,-8952,9152,4,177,-197,-14532,4060,3952,-1037,98,-120,-14600,-3720,5848,-496,178,-89,0
2356.3107781410217,9816,5676,10940,-255,-154,109,9644,-9036,9084,14,151,-236,-14600,4040,4028,-1005,106,-103,-14408,-3344,5716,-484,211,-60,0
2356.347085952759,10052,5636,11160,-262,-156,158,9592,-9000,8712,32,104,-218,-14556,4040,3888,-1048,121,-126,-14404,-3596,5732,-486,138,-105,0
2356.3823640346527,10024,5380,10980,-248,-115,130,9616,-8892,8996,11,117,-180,-14472,3972,4072,-1022,59,-31,-14588,-3636,5812,-457,114,-101,0
2356.4182329177856,10044,5604,10836,-248,-120,128,9584,-8800,9092,-10,139,-193,-14468,3996,4216,-1017,80,-51,-14532,-3668,5772,-488,127,-94,0
2356.4535031318665,10056,5652,11180,-197,-121,139,9552,-9068,9116,-24,97,-181,-14656,4092,4116,-1011,105,-108,-14524,-3792,5788,-502,159,-105,0
2356.4888191223145,10000,5860,10820,-168,-150,150,9624,-9000,8916,17,93,-201,-14508,3920,3996,-1046,106,-112,-14480,-3596,5844,-484,181,-81,0
2356.524451971054,10064,5836,10808,-131,-102,133,9544,-9072,8792,-11,90,-190,-14580,3928,4092,-1042,147,-140,-14560,-3600,5864,-476,169,-105,0
2356.5604379177094,9996,5592,10824,-151,-103,100,9628,-9004,9072,-33,139,-227,-14604,3992,4064,-997,140,-85,-14396,-3420,5868,-471,170,-115,0
2356.5955600738525,10020,5832,10920,-142,-66,74,9584,-9024,9048,-29,127,-192,-14572,4016,3660,-990,136,-112,-14800,-3544,5752,-470,154,-114,0
2356.6315610408783,10084,5564,10796,-120,-40,105,9616,-8912,9060,-2,159,-180,-14532,4036,3988,-1017,113,-88,-14536,-3608,5780,-457,151,-150,0
2356.6676139831543,10076,5660,10840,-158,-39,87,9680,-8716,8976,-41,157,-162,-14584,3992,4304,-1003,77,-30,-14496,-3560,5888,-456,139,-122,0
2356.702661037445,10112,5792,10912,-163,-58,87,9668,-9004,9196,-75,173,-179,-14520,4000,3968,-980,113,-40,-14660,-3456,5840,-464,131,-147,0
2356.737708091736,10032,5564,10952,-142,-32,78,9612,-9012,9028,-45,132,-191,-14608,4000,3992,-1009,85,-73,-14564,-3636,5868,-481,143,-120,0
2356.773442029953,10108,5724,10976,-106,-19,69,9544,-8972,9036,-43,141,-160,-14404,4052,4084,-1035,86,-65,-14540,-3584,5788,-485,104,-112,0
2356.808870077133,10068,5628,10828,-137,-3,103,9564,-9060,9104,-37,163,-177,-14512,3960,4004,-988,85,-73,-14560,-3632,5884,-486,112,-106,0
2356.84544301033,10016,5576,10876,-155,-36,101,9532,-9116,9076,-46,113,-169,-14508,4008,4052,-993,110,-47,-14352,-3636,5832,-480,146,-103,0
2356.8789350986485,10136,5636,10824,-86,-55,125,9652,-9076,9104,-109,120,-163,-14572,4064,4020,-959,94,-14,-14684,-3404,5960,-522,118,-112,0
2356.912325143814,10056,5648,10512,-119,-76,109,9656,-9120,8988,-55,118,-174,-14600,4080,3952,-1020,116,-33,-14816,-3480,5808,-513,143,-131,0
2356.945764064789,9892,5876,10896,-127,-47,105,9708,-8932,9028,-44,117,-143,-14504,3976,4228,-1008,118,-45,-14696,-3716,5948,-491,115,-129,0
2356.9794890880585,9904,5760,10780,-63,-47,57,9488,-9024,9028,-87,121,-177,-14488,4228,4016,-1002,82,-66,-14548,-3568,5632,-503,123,-157,0
2357.012911081314,10040,5616,10972,-134,-62,59,9616,-9104,9012,-76,172,-170,-14436,3976,4216,-1000,82,-12,-14596,-3560,5876,-485,108,-140,0
2357.0464379787445,9988,5696,10916,-73,-34,51,9596,-9020,9212,-22,160,-142,-14536,4056,4092,-1014,104,-36,-14640,-3636,5932,-474,132,-150,0
2357.0799610614777,9964,5720,10780,-89,-49,89,9572,-8956,8888,-80,131,-135,-14508,4068,3896,-982,78,-33,-14584,-3736,6076,-489,79,-166,0
2357.113461971283,10052,5704,10864,-90,-47,77,9604,-9128,9072,-91,132,-147,-14552,3852,4248,-978,94,-34,-14840,-3624,5808,-473,92,-157,0
2357.1467909812927,10008,5716,10784,-111,-88,97,9608,-9152,9072,-83,98,-158,-14460,3984,4112,-992,79,-72,-14524,-3652,5732,-502,137,-153,0
2357.1806070804596,10024,5672,10840,-79,-80,94,9656,-9044,9080,-62,104,-145,-14488,3860,4036,-993,120,-30,-14524,-3692,5772,-498,150,-145,0
2357.2137520313263,9932,5664,10744,-108,-103,121,9508,-9072,9048,-45,108,-184,-14556,4152,3952,-1271,118,-54,-14480,-3652,5776,-523,155,-153,0
2357.2474229335785,10068,5776,10816,-62,-110,111,9620,-9056,9020,-54,92,-194,-14496,4116,4156,-771,137,-86,-14588,-3612,5976,-503,164,-157,0
2357.2811739444733,9920,5672,10856,-118,-99,95,9624,-9064,8968,-53,98,-180,-14516,4056,4052,-991,154,-55,-14432,-3680,5960,-517,147,-121,0
2357.3145101070404,9996,5768,10812,-85,-110,99,9620,-9036,9000,-24,107,-172,-14492,3868,4080,-988,130,-77,-14684,-3652,6100,-509,198,-118,0
2357.348155975342,10084,5716,10940,-116,-123,104,9496,-9028,9080,-31,117,-201,-14508,4016,4016,-994,126,-61,-14540,-3640,5640,-491,161,-100,0
2357.3816430568695,9992,5696,10844,-123,-122,126,9616,-9032,9120,-62,109,-180,-14584,4036,3916,-972,111,-69,-14532,-3676,6140,-490,171,-161,0
2357.4148659706116,9988,5704,10684,-148,-76,87,9728,-9036,8916,-68,110,-185,-14348,4088,4192,-1011,63,-71,-14500,-3636,5852,-476,144,-151,0
2357.448131084442,10096,5616,10716,-149,-94,86,9688,-8988,8868,-23,131,-177,-14500,3888,4088,-1016,103,-15,-14524,-3812,5856,-260,141,-141,0
2357.481740951538,9988,5688,10784,-111,-34,107,9632,-9064,9188,-39,122,-207,-14484,4112,4068,-1016,100,-52,-14532,-3620,5712,-259,154,-129,0
2357.5150270462036,10044,5832,10912,-115,-36,94,9652,-9056,8988,-46,143,-199,-14548,4004,4064,-986,129,-77,-14568,-3596,5968,-758,146,-101,0
2357.5483729839325,10088,5724,10872,-126,-79,114,9588,-9092,9064,-46,127,-187,-14524,3880,3892,-1011,107,-89,-14428,-3696,5932,-515,149,-140,0
2357.5818591117854,9944,5788,10968,-160,-93,86,9536,-9056,8964,-37,132,-185,-14632,4048,3968,-971,106,-50,-14568,-3684,6020,-487,146,-129,0
2357.615365982056,9968,5812,10724,-110,-94,97,9644,-9032,9148,-38,116,-198,-14572,4076,4048,-1000,116,-31,-14540,-3696,5936,-482,130,-103,0
2357.64891910553,9948,5620,10860,-144,-66,100,9656,-9056,9056,-39,129,-176,-14544,4064,4080,-1272,103,-73,-14452,-3612,5932,-498,126,-124,0
2357.682354927063,9992,5728,10764,-149,-8,109,9560,-8976,8996,-30,139,-179,-14540,3964,3928,-996,101,-65,-14824,-3692,5804,-483,97,-119,0
2357.715609073639,10096,5816,10952,-161,-45,82,9644,-9052,9036,-87,149,-182,-14516,3976,3988,-1001,98,-76,-14488,-3648,5828,-470,130,-131,0
2357.7491960525513,10008,5628,10880,-202,-32,69,9532,-9060,9152,-16,164,-177,-14484,4036,3952,-1034,78,-21,-14532,-3612,5788,-487,128,-156,0
2357.782679080963,10016,5704,10780,-146,-6,72,9576,-8976,8772,7,138,-155,-14456,4064,4056,-1043,84,-67,-14496,-3624,5676,-470,144,-111,0
2357.8162159919734,9932,5756,10988,-190,-253,121,9620,-9016,9008,-9,146,-176,-14452,4320,3840,-1035,82,-57,-14556,-3640,5884,-461,131,-121,0
2357.8496220111847,9968,5796,10952,-215,-41,93,9648,-9056,9152,-76,196,-173,-14496,4168,4000,-992,62,-78,-14572,-3720,5792,-467,126,-93,0
2357.8858969211574,10232,5780,10768,-230,-72,123,9524,-9088,9096,-29,155,-164,-14524,4292,3872,-1022,106,-115,-14572,-3672,5664,-501,129,-124,0
2357.921458005905,10020,5764,10836,-215,-74,133,9520,-8992,9084,-27,123,-168,-14428,3876,4188,-775,107,-78,-14516,-3788,5752,-753,158,-100,0
2357.9575040340424,10016,5756,10828,-176,-51,148,9624,-9040,8892,-49,129,-210,-14548,4124,4052,-1026,115,-116,-14472,-3624,5656,-481,179,-75,0
2357.9924471378326,9928,5844,10832,-238,-56,130,9608,-9056,9060,-25,135,-225,-14732,4068,4344,-1271,112,-129,-14472,-3576,5916,-485,167,-91,0
2358.0275180339813,9796,5608,10872,-506,-37,104,9664,-9068,9048,-26,166,-197,-14480,4052,3720,-967,76,-115,-14512,-3804,5644,-476,160,-84,0
2358.062987089157,10136,5696,10708,-270,-63,125,9612,-8976,9048,16,161,-219,-14524,3936,4184,-1030,100,-115,-14364,-3664,5828,-489,157,-84,0
2358.098209142685,9940,5668,10932,-267,-95,158,9624,-9104,9152,-9,156,-250,-14528,3964,4336,-977,163,-156,-14676,-3752,5540,-457,194,-61,0
2358.133584022522,10028,5744,10808,-235,-112,133,9656,-9024,9028,-33,122,-2,-14796,3952,4088,-998,87,-148,-14692,-3692,6132,-455,148,-94,0
2358.169564962387,10108,5720,10928,-8,-97,89,9748,-9072,8944,-251,140,-243,-14636,4040,4052,-1014,54,-85,-14636,-3656,5948,-494,164,-111,0
2358.204422950744,10192,5700,10964,-300,-80,146,9556,-9012,9144,80,131,-206,-14420,4012,3940,-1020,110,-93,-14472,-3740,5880,-476,135,-105,0
2358.239983081817,9996,5464,10864,-210,-100,131,9560,-9044,9024,27,134,-233,-14524,4020,4012,-979,107,-129,-14524,-3656,5828,-476,170,-79,0
2358.2750649452214,10088,5672,10856,-283,-169,146,9568,-9168,8952,-1,115,-235,-14556,4332,4080,-1003,121,-126,-14564,-3636,5788,-501,197,-95,0
2358.31027507782,10108,5644,10720,-236,-142,160,9912,-8972,8988,27,60,-224,-14624,4044,4020,-773,165,-144,-14836,-3332,6124,-503,160,-73,0
2358.3453919887543,9832,5640,10796,-214,-140,157,9852,-9208,8968,20,70,-226,-14532,3916,4012,-1042,103,-66,-14632,-3664,5844,-499,142,-88,0
2358.3808119297028,10056,5732,10756,-283,-137,138,9696,-9044,8988,1,119,-169,-14544,4108,4112,-998,130,-114,-14520,-3564,5668,-464,96,-85,0
2358.4160881042485,10072,5716,10868,-232,-124,158,9692,-9200,9044,-19,119,-178,-14524,4048,3988,-1028,96,-38,-14576,-3628,5860,-533,108,-82,0
2358.451767921448,10224,5384,10844,-260,-137,153,9628,-9032,9000,5,143,-204,-14416,3992,3936,-1038,96,-87,-14824,-3412,5900,-489,166,-102,0
2358.487736940384,9992,5668,10968,-221,-138,121,9580,-9044,9168,7,112,-207,-14568,4064,4080,-1039,132,-90,-14484,-3588,5792,-477,215,-74,0
2358.5240869522095,10028,5596,10724,-259,-211,126,9688,-9080,8864,8,142,-256,-14520,3884,4144,-1042,115,-151,-14616,-3716,5844,-470,193,-87,0
2358.557601928711,10048,5600,10780,-214,-166,131,9648,-9000,8968,11,113,-242,-14512,4020,3940,-998,128,-139,-14512,-3620,5908,-496,198,-119,0
2358.590835094452,10036,5680,10872,-165,-143,118,9572,-9028,8980,-12,112,-233,-14532,3860,4020,-970,128,-105,-14568,-3620,5768,-482,182,-73,0
2358.624335050583,10108,5556,10844,-131,-160,101,9572,-9208,8960,-53,145,-230,-14564,4044,4156,-1012,129,-111,-14616,-3608,5768,-462,172,-134,0
2358.657590150833,10116,5636,11088,-154,-124,99,9668,-8720,9200,-85,155,-209,-14480,4008,3964,-1003,134,-98,-14708,-3600,5756,-477,155,-130,0
2358.6909549236298,10120,5664,10532,-147,-71,69,9648,-8916,9112,-68,103,-189,-14428,3944,4048,-775,118,-75,-14588,-3616,5708,-481,148,-127,0
2358.724198102951,10116,5660,10548,-122,-60,94,9676,-9076,8796,-25,118,-189,-14524,3944,3944,-1033,86,-59,-14632,-3568,5824,-500,129,-121,0
2358.757581949234,10068,5604,10780,-104,-63,80,9656,-9016,9096,-12,173,-191,-14576,3964,4112,-1028,108,-60,-14820,-3624,5872,-505,149,-115,0
2358.7969341278076,10100,5676,10864,-114,-77,104,9584,-8992,8940,-74,93,-201,-14360,3980,4092,-968,110,-50,-14632,-3680,5824,-494,109,-115,0
2358.830507993698,9992,5632,10968,-115,-77,110,9668,-9024,9060,-75,125,-181,-14352,3944,3960,-1045,127,-75,-14624,-3688,5844,-507,106,-109,0
2358.864002943039,10012,5880,10780,-96,-83,110,9580,-8976,9084,-53,107,-161,-14480,4068,4312,-1042,121,250,-14484,-3568,5912,-517,97,-166,0
2358.897563934326,10112,5640,10980,-81,-33,99,9656,-8980,9048,-94,96,-170,-14580,4040,4000,-1031,81,-255,-14796,-3684,5796,-489,101,-148,0
2358.931092977524,10024,5664,10496,-117,-14,92,9684,-9036,9176,-95,128,-162,-14560,4056,3884,-1071,150,-13,-14528,-3660,5668,-491,95,-158,0
2358.9646871089935,10112,5592,10820,-82,-64,82,9976,-8996,9196,-67,138,-157,-14508,3844,3932,-1084,163,-29,-14420,-3816,5692,-493,121,-120,0
2358.99818611145,9984,5436,10780,-83,-68,89,9580,-9100,9144,-39,160,-187,-14472,3892,4028,-986,105,-112,-14584,-3648,5872,-477,173,-133,0
2359.0317771434784,10092,5564,10872,-102,-74,102,9924,-8980,8948,-94,65,-210,-14832,4076,3992,-962,87,-63,-14516,-3572,5812,-495,169,-121,0
2359.0653541088104,10044,5644,10808,-55,-100,104,9592,-9000,9032,-77,116,-173,-14528,3920,4024,-982,108,-57,-14584,-3576,5788,-510,159,-118,0
2359.0989611148834,10148,5688,10924,-78,-92,102,9664,-9020,9140,-46,103,-192,-14556,4028,4060,-1005,132,-38,-14772,-3700,5828,-499,161,-159,0
2359.1324911117554,9996,5716,10884,-118,-82,78,9708,-8996,8980,-87,119,-179,-14424,4048,3980,-972,91,-54,-14556,-3640,5728,-466,121,-130,0
2359.1660730838776,10120,5696,10784,-65,2,70,9700,-9016,9072,-85,151,-159,-14580,4056,3984,-953,15,-61,-14688,-3564,5900,-506,38,-201,0
2359.1997470855713,10080,5640,10860,-173,-27,65,9624,-9136,8960,-25,186,-134,-14500,3848,4096,-1007,-6,-48,-14564,-3716,5876,-522,106,-203,0
2359.2331840991974,10080,5660,10980,-110,15,87,9608,-8980,9140,-29,174,-100,-14568,3872,4052,-993,49,-13,-14564,-3788,5800,-258,67,-160,0
2359.266798019409,10104,5716,10988,-107,-18,59,9712,-9096,8976,-88,208,-137,-14796,4016,3944,-954,46,-39,-14508,-3632,5824,-493,134,-166,0
2359.3004751205444,9992,5720,10736,-156,-14,99,9612,-9008,9200,-46,164,-148,-14328,4020,3928,-951,62,-49,-14412,-3836,6120,-470,142,-158,0
2359.3337409496307,9944,5648,10896,-102,-38,94,9536,-9036,9080,1,90,-152,-14432,4176,4072,-1004,95,-92,-14488,-3692,5852,-493,176,-133,0
2359.367301940918,9968,5792,10808,-97,-35,99,9672,-9016,9020,-55,96,-185,-14448,4028,3992,-997,106,-62,-14484,-3660,5912,-499,125,-139,0
2359.400577068329,10088,5800,10844,-130,-89,99,9532,-9064,8996,-101,131,-181,-14588,3872,3868,-961,115,-58,-14560,-3796,6140,-475,134,-120,0
2359.4339880943294,10064,5776,10832,-126,-78,111,9700,-9080,8992,-56,140,-197,-14520,4056,4044,-1030,87,-95,-14580,-3352,5748,-490,175,-140,0
2359.467595100403,9800,5704,10568,-128,-77,91,9612,-9080,9112,-21,132,-188,-14468,4032,4056,-991,120,-98,-14572,-3684,5840,-500,147,-129,0
2359.5011229515076,10028,5664,10864,-121,-84,145,9596,-9216,8976,-48,108,-188,-14468,3920,3708,-974,92,-50,-14512,-3724,5884,-493,140,-120,0
2359.534439086914,10088,5708,10760,-163,-61,102,9600,-8984,9192,-23,119,-168,-14484,4076,4068,-1003,129,-82,-14552,-3580,5888,-476,143,-125,0
2359.5721769332886,10084,5664,10836,-122,-23,121,9728,-9036,9068,255,116,-165,-14776,4120,4232,-1054,125,-93,-14500,-3736,5780,-471,179,-102,0
2359.6082470417023,10076,5740,10920,-157,-84,108,9688,-8788,8960,-38,140,-197,-14440,4008,4044,-1039,77,-87,-14628,-3652,5792,-481,148,-107,0
2359.64342713356,10024,5708,10904,-172,-53,103,9716,-9020,8988,-71,160,-175,-14536,4284,4228,-1005,94,-105,-14572,-3676,5852,-459,115,-112,0
2359.6793119907375,10036,5756,10928,-225,-58,72,9608,-8960,9108,-27,167,-183,-14580,4052,4104,-1010,47,-61,-14620,-3624,5876,-463,131,-111,0
2359.7150089740753,9944,5820,10864,-261,-84,81,9620,-9024,8972,-10,194,-169,-14504,4144,4180,-989,77,-90,-14456,-3692,6108,-484,121,-71,0
2359.7513201236725,9952,5788,10840,-236,-99,123,9572,-9100,8756,-38,158,-167,-14516,4084,3868,-1009,87,-117,-14524,-3696,6044,-497,150,-85,0
2359.7876229286194,10012,5712,10944,-227,-139,138,9508,-9060,9120,-83,172,-205,-14508,4104,4312,-988,85,-110,-14556,-3660,5956,-518,162,-98,0
2359.823040008545,10040,5700,11000,-254,-61,116,9608,-9168,8960,-23,203,-181,-14460,4348,4196,-993,113,-132,-14444,-3652,5960,-504,167,-66,0
2359.858230113983,9976,5732,10936,-268,-64,123,9716,-8944,8928,12,195,-198,-14592,4000,3920,-1043,115,-110,-14540,-3752,5852,-464,163,-79,0
2359.893882036209,10108,5708,10872,-287,-57,145,9728,-9040,9148,16,217,-175,-14552,4060,3980,-1273,111,-137,-14568,-3544,5848,-470,125,-67,0
2359.929599046707,10076,5668,10832,-298,-86,134,9636,-9112,8840,27,174,-191,-14496,4052,3944,-1010,91,-142,-14548,-3556,5932,-487,165,-74,0
2359.9651119709015,10020,5764,10848,-335,-92,176,9608,-8736,9060,57,166,-161,-14540,3960,4036,-1009,78,-73,-14560,-3788,5748,-441,139,-67,0
2360.0009040832524,10016,5728,11000,-352,-157,139,9716,-9012,8952,13,199,-206,-14412,4088,4292,-962,85,-144,-14612,-3520,6092,-447,179,-94,0
2360.0361919403076,10080,5608,10908,-361,-146,121,9596,-9168,9108,39,138,-216,-14520,4160,3864,-1038,75,-116,-14584,-3580,5844,-435,187,-92,0
2360.0717890262604,10060,5684,10620,-268,-125,136,9664,-8908,8968,60,133,-166,-14492,4024,3996,-1055,88,-98,-14372,-3600,6100,-452,141,-101,0
2360.108048915863,10060,5688,10968,-300,-88,129,9556,-9056,8996,15,154,-157,-14544,4060,4116,-1006,70,-73,-14528,-3632,5640,-454,83,-106,0
2360.143321990967,10068,5848,10856,-322,-119,131,9628,-9052,9032,10,154,-172,-14464,3992,4132,-990,80,-59,-14612,-3620,5896,-481,126,-75,0
2360.179249048233,10000,5684,10972,-272,-154,155,9628,-9052,9144,33,149,-191,-14432,4052,4060,-1043,113,-120,-14596,-3636,5704,-476,183,-63,0
2360.2148740291595,10080,5604,10888,-285,-204,207,9652,-9216,8964,6,96,-222,-14576,4024,3956,-1074,140,-150,-14568,-3544,5808,-490,177,-53,0
2360.248517036438,10072,5680,10928,-248,-220,183,9632,-8832,8920,25,102,-225,-14552,4028,4300,-1068,158,-113,-14584,-3632,5688,-458,184,-51,0
2360.2820250988007,10136,5396,10984,-297,-197,167,9604,-9012,8988,17,138,-221,-14552,3908,3860,-1041,119,-91,-14536,-3792,6068,-446,185,-76,0
2360.3155789375305,10156,5524,11020,-243,-157,172,9624,-9016,9044,15,154,-205,-14512,3972,3868,-1005,132,-143,-14604,-3836,5964,-481,160,-106,0
2360.349225997925,10144,5608,10948,-237,-155,174,9664,-9212,9096,6,101,-211,-14532,3988,4072,-998,140,-126,-14644,-3648,5724,-469,155,-83,0
2360.3823540210724,10084,5600,10908,-227,-145,168,9600,-8796,9052,-2,129,-218,-14736,3968,3848,-972,85,-127,-14824,-3580,5808,-487,185,-99,0
2360.4157381057735,10104,5544,10904,-182,-186,122,9548,-8936,9088,-20,121,-220,-14564,4012,3884,-994,86,-95,-14532,-3652,5860,-476,147,-120,0
2360.449348926544,10224,5584,10884,-189,-129,104,9688,-8912,8784,-34,131,-182,-14520,4104,4068,-1028,60,-76,-14496,-3484,5716,-496,159,-119,0
2360.4829130172734,10036,5384,10868,-132,-104,87,9840,-8952,8760,-44,118,-205,-14504,3968,4056,-1025,64,-105,-14604,-3652,5788,-485,164,-116,0
2360.5164780616765,10152,5616,10712,-115,-82,98,9620,-8904,9008,-28,151,-194,-14496,4016,4120,-1055,97,-82,-14504,-3624,5812,-482,152,-133,0
2360.5499629974365,10164,5620,10804,-122,-33,52,9636,-8952,8920,-40,146,-176,-14600,3920,4088,-1011,121,-86,-14632,-3332,5796,-481,167,-134,0
2360.583825111389,10176,5596,10784,-54,17,93,9576,-8880,9088,-30,168,-163,-14520,3996,4016,-1016,114,-30,-14628,-3676,5664,-512,134,-121,0
2360.6171369552612,10220,5572,10988,-105,-10,101,9584,-9008,8740,-34,110,-168,-14544,4000,4064,-1279,67,-43,-14344,-3648,5808,-515,122,-166,0
2360.6505241394043,10012,5732,11000,-130,-4,97,9584,-8940,9008,-32,156,-160,-14516,3952,4076,-1028,80,-48,-14768,-3612,5780,-498,82,-157,0
2360.6839890480046,10016,5836,10940,-100,8,71,9560,-8956,9040,-92,126,-193,-14476,3916,4192,-975,49,-66,-14800,-3768,6072,-476,139,-145,0
2360.7174661159515,10204,5792,10800,-84,-59,46,9632,-9092,8996,-54,196,-139,-14500,4016,4040,-1006,82,-56,-14364,-3472,5956,-477,125,-153,0
2360.751060962677,10204,5632,10956,-94,255,72,9672,-8752,9120,-45,145,-159,-14524,4064,3856,-1278,82,-12,-14568,-3660,5712,-476,113,-117,0
2360.784367084503,10076,5864,10944,-120,254,111,9688,-8948,9044,-44,144,-151,-14556,4040,3972,-970,110,-238,-14564,-3676,5936,-489,116,-108,0
2360.8179409503937,10040,5404,10968,-103,-45,101,9624,-9024,8964,-109,143,-145,-14520,4040,4188,-988,106,-67,-14496,-3532,5804,-485,110,-115,0
2360.8515501022334,10112,5716,10828,-108,-62,109,9668,-9092,9068,-96,153,-157,-14472,3972,4264,-1010,114,-74,-14584,-3648,5776,-524,149,-108,0
2360.884891986847,10096,5548,10936,-52,-51,102,9572,-9032,8960,-91,100,-185,-14544,3996,3928,-1052,114,-66,-14580,-3652,5908,-510,146,-157,0
2360.9184110164642,10136,5660,10748,-65,-44,88,9632,-8924,9012,-63,122,-193,-14408,3904,3960,-1016,115,-49,-14512,-3528,5960,-488,134,-112,0
2360.951884031296,10064,5592,10880,-55,-38,101,9548,-9016,8972,-44,98,-211,-14612,4080,3776,-1052,123,-81,-14624,-3632,5636,-449,174,-146,0
2360.9855489730835,10064,5620,10920,-107,-90,84,9600,-9004,8960,-52,136,-195,-14560,4132,3992,-1278,89,-111,-14576,-3840,5684,-474,149,-153,0
2361.0190629959106,10156,5636,10852,-58,-54,76,9660,-9212,9032,-32,170,-174,-14576,4084,4032,-998,104,-84,-14396,-3708,5852,-500,139,-160,0
2361.0524840354924,10104,5700,10892,-88,-42,98,9560,-8932,9140,-61,143,-198,-14396,3992,4100,-957,91,-30,-14640,-3644,6108,-495,127,-162,0
2361.0860431194305,10212,5632,10960,-67,-54,74,9556,-8940,8956,-53,121,-198,-14424,3912,3960,-965,137,-64,-14500,-3684,5736,-495,149,-146,0
2361.1199469566345,10040,5684,10900,-90,-97,89,9544,-9032,9104,-65,118,-200,-14532,3964,4124,-987,113,-67,-14548,-3608,5860,-499,163,-131,0
2361.153468132019,10000,5640,10908,-108,-66,80,9584,-8972,9156,-66,123,-207,-14456,3844,4004,-1009,87,-91,-14352,-3572,5928,-522,153,-135,0
2361.187147140503,10152,5668,10740,-43,-63,101,9648,-9020,9060,-65,65,-184,-14440,4000,3884,-1031,99,-88,-14632,-3628,5840,-503,156,-148,0
2361.2204761505127,10024,5636,10760,-91,-87,110,9688,-8912,9052,-61,88,-191,-14540,4000,4144,-1008,101,-94,-14640,-3836,5748,-480,155,-145,0
2361.258162021637,9980,5744,10832,-114,-94,110,9596,-8988,9024,-58,86,-188,-14572,4296,3964,-978,137,-54,-14848,-3672,5812,-768,172,-113,0
2361.2936820983887,10180,5672,10824,-63,-65,109,9876,-9032,9176,-90,105,-153,-14540,4028,4132,-1024,82,-78,-14528,-3392,5672,-511,166,-125,0
2361.3293290138245,10064,5620,10896,-141,-86,102,9552,-9048,9040,-48,133,-142,-14492,4044,4060,-1010,74,-32,-14408,-3608,5844,-501,145,-148,0
2361.364895105362,10028,5704,10796,-95,-39,109,9644,-8972,9140,-30,155,-129,-14464,3976,3924,-999,99,-45,-14460,-3724,5900,-473,103,-133,0
2361.4007511138916,10024,5664,10932,-146,-77,106,9676,-9140,9004,-42,149,-194,-14512,4024,4048,-946,109,-41,-14496,-3648,5808,-475,142,-149,0
2361.4355030059814,10144,5592,10812,-147,-15,66,9548,-8992,8904,-10,140,-165,-14440,4008,4004,-1013,61,-45,-14404,-3604,5824,-455,153,-149,0
2361.471179008484,9808,5720,10832,-143,-46,104,9608,-9100,8836,-7,134,-156,-14432,3976,3940,-1007,112,-55,-14596,-3648,5720,-494,114,-146,0
2361.5061950683594,10004,5744,10864,-101,-42,112,9624,-9044,9048,-71,120,-175,-14672,4056,3916,-1005,80,-58,-14484,-3640,5756,-467,106,-115,0
2361.5419211387634,10004,5700,10576,-162,-57,109,9652,-9056,9060,-70,151,-175,-14560,4048,3904,-976,72,-62,-14412,-3696,5896,-492,142,-139,0
2361.5774710178375,10200,5752,10864,-116,-82,135,9628,-9048,9012,-30,136,-184,-14432,4000,3968,-1277,105,-62,-14536,-3648,6072,-768,165,-128,0
2361.6133909225464,10060,5680,10968,-139,-69,123,9592,-9024,8952,-236,136,-178,-14404,4020,4136,-1278,120,-111,-14544,-3728,5804,-509,180,-108,0
2361.648119926452,10056,5772,10740,-132,-76,104,9600,-9076,9060,-20,155,-181,-14504,3956,3876,-1036,110,-77,-14588,-3644,5640,-475,166,-128,0
2361.6837129592896,10064,5740,10840,-180,-19,94,9660,-9080,9024,-7,159,-189,-14436,4024,4032,-1013,117,-94,-14552,-3712,5816,-476,142,-126,0
2361.7190110683446,10008,5712,10840,-171,-48,83,9640,-9148,8960,-3,154,-175,-14536,3988,4196,-999,108,-60,-14596,-3724,5704,-439,146,-89,0
2361.7544100284576,10048,5788,10832,-210,-38,105,9604,-9044,9180,-10,157,-177,-14428,4088,4144,-1010,63,-114,-14576,-3680,5764,-467,142,-119,0
2361.7901780605316,10036,5700,10844,-512,-90,114,9696,-9076,9020,-21,185,-189,-14424,4000,4232,-969,78,-75,-14344,-3716,5848,-471,137,-97,0
2361.825585126877,10052,5736,10968,-252,-100,95,9604,-9040,9040,-42,166,-181,-14772,4072,4004,-988,105,-130,-14600,-3632,5880,-478,159,-95,0
2361.861086130142,10076,5640,10956,-226,-99,138,9624,-9060,9012,-37,155,-161,-14476,4020,4032,-962,118,-85,-14624,-3628,5900,-503,152,-76,0
2361.8964409828186,10052,5660,10872,-8,-51,139,9624,-9028,8860,-15,199,-176,-14464,4060,4112,-1009,104,-116,-14424,-3716,6140,-457,132,-61,0
2361.930088043213,9780,5708,10888,-291,-44,101,9672,-8992,9156,12,216,-142,-14592,4020,3956,-1014,93,-92,-14536,-3660,6068,-483,138,-76,0
2361.963608980179,10044,5700,10792,-306,-45,124,9676,-9040,9024,20,175,-172,-14356,4092,4312,-1278,140,-143,-14560,-3696,5888,-461,158,-48,0
2361.9972870349884,10032,5628,10880,-329,-86,126,9696,-8808,9156,25,161,-205,-14500,3872,3960,-1001,108,-150,-14432,-3512,5984,-490,178,-50,0
2362.0307970047,10048,5688,10780,-320,-100,174,9616,-9080,9004,11,172,-175,-14564,3904,4156,-1019,126,-129,-14556,-3596,5812,-460,127,-58,0
2362.0643651485443,10156,5640,10800,-330,-127,158,9672,-9164,9020,16,196,-179,-14584,4024,3924,-1025,112,-74,-14576,-3624,5768,-456,161,-75,0
2362.0977849960327,10040,5620,10960,-401,-164,166,9596,-8968,9128,62,183,-163,-14480,4004,4080,-1044,68,-113,-14564,-3696,5860,-435,124,-80,0
2362.133157014847,10036,5720,10888,-300,-122,131,9640,-9072,9040,27,168,-187,-14660,3936,4208,-1007,90,-110,-14628,-3624,5652,-447,143,-110,0
2362.166723012924,10088,5664,11000,-293,-122,85,9612,-8940,9164,254,184,-209,-14604,4064,3988,-997,78,-88,-14848,-3512,5792,-475,181,-101,0
2362.2003369331364,10116,5840,10784,-212,-68,107,9640,-8956,9088,34,150,-193,-14544,4000,4016,-1053,68,-81,-14712,-3552,6072,-468,170,-73,0
2362.233822107315,10028,5576,10840,-184,-98,113,9660,-8724,9108,32,110,-167,-14428,3968,3848,-1035,112,-64,-14532,-3572,5924,-502,101,-101,0
2362.267368078232,9768,5656,10780,-228,-89,133,9592,-9064,9176,-38,131,-183,-14472,4020,4208,-1000,90,-114,-14492,-3620,5736,-477,126,-65,0
2362.3010931015015,10008,5696,10980,-259,-134,154,9656,-9060,9184,-19,105,-187,-14520,4028,4044,-989,114,-97,-14524,-3604,5856,-531,153,-93,0
2362.334347963333,10108,5652,10856,-196,-148,153,9580,-8968,8968,10,109,-220,-14472,3976,4304,-1021,135,-88,-14500,-3512,5728,-473,192,-62,0
2362.3679649829865,10220,5560,10776,-229,-190,162,9632,-9000,9020,20,172,-204,-14484,4024,4088,-1058,139,-116,-14496,-3628,5856,-480,186,-72,0
2362.4015600681305,10024,5536,10816,-222,-217,164,9572,-9168,9004,4,127,-233,-14484,3984,4000,-1016,146,-158,-14520,-3552,5800,-451,170,-95,0
2362.4349210262294,10104,5552,10532,-253,-173,132,9624,-9048,9012,-1,111,-205,-14472,4080,4056,-1010,131,-133,-14640,-3632,5948,-473,148,-108,0
2362.4681401252747,10200,5824,10600,-190,-157,148,9636,-9020,9048,-1,117,-183,-14560,3920,4136,-1006,100,-93,-14628,-3700,5836,-504,167,-76,0
2362.5016419887543,10076,5620,10772,-161,-105,123,9668,-8952,9164,-2,132,-189,-14448,3784,4324,-1015,119,-95,-14472,-3640,5816,-481,175,-102,0
2362.534966945648,10104,5584,10952,-169,-122,119,9608,-8876,8988,-52,115,-199,-14344,3980,4176,-997,125,-107,-14572,-3688,5700,-487,163,-67,0
2362.568727016449,10224,5588,10872,-176,-77,93,9656,-8952,9004,-55,159,-198,-14824,3972,4208,-995,104,-91,-14748,-3528,5776,-485,147,-118,0
2362.6023490428925,10168,5596,10668,-112,-42,83,9624,-8740,9012,-42,128,-194,-14552,3864,4112,-1004,111,-65,-14400,-3648,5780,-513,144,-134,0
2362.635631084442,10100,5536,10832,-140,-253,85,9724,-9208,8948,-35,154,-167,-14568,3968,3912,-1035,110,-51,-14656,-3512,5856,-497,153,-122,0
2362.669270992279,10144,5612,10756,-123,-39,80,9596,-9000,9080,-23,117,-169,-14472,3944,3988,-1021,113,-53,-14452,-3664,5868,-495,123,-135,0
2362.7026751041412,10204,5612,10756,-123,-29,100,9644,-9212,9040,-49,158,-204,-14472,3936,4272,-994,67,-56,-14476,-3672,5904,-490,131,-133,0
2362.736029148102,10096,5632,10780,-119,-28,122,9604,-8912,9000,-73,125,-164,-14492,3936,4272,-992,97,-72,-14576,-3508,5920,-764,126,-122,0
2362.7696940898895,10100,5632,10896,-93,-58,101,9668,-9016,9156,-68,120,-156,-14576,3868,4084,-1021,68,-28,-14668,-3628,5908,-519,117,-149,0
2362.8034081459045,10036,5576,10936,-138,-47,85,9536,-8916,9080,241,137,-157,-14468,4040,4056,-978,86,-63,-14500,-3608,5772,-452,89,-159,0
2362.837037086487,10080,5556,10504,-86,15,70,9560,-8924,9136,-44,159,-150,-14440,3984,4208,-980,73,-43,-14512,-3668,5884,-479,106,-127,0
2362.8704619407654,10188,5604,10956,-110,-40,67,9632,-9000,9156,-79,163,-166,-14760,4000,3912,-960,61,-65,-14584,-3548,5668,-492,140,-144,0
2362.9036481380463,10076,5568,10512,-118,-31,85,9560,-9164,9020,-60,130,-164,-14492,3940,3996,-997,98,-77,-14544,-3476,5864,-481,144,-129,0
2362.941097974777,9988,5672,10888,-61,-31,120,9308,-9212,9104,-39,99,-126,-14428,3872,4060,-993,88,-254,-14388,-3772,5844,-499,101,-150,0
2362.9775190353394,10016,5556,10748,-78,-16,72,9708,-8976,8968,-69,112,-147,-14532,4084,3964,-994,63,-14,-14588,-3608,5948,-485,128,-139,0
2363.012992143631,9956,5624,10864,-83,-44,88,9596,-9024,9092,-77,117,-157,-14536,3944,3916,-976,107,-68,-14584,-3572,5892,-518,155,-150,0
2363.0483400821686,10080,5608,10852,-57,-42,81,9620,-9192,9060,-45,97,-205,-14792,4324,3884,-1008,118,-18,-14736,-3664,5804,-510,158,-156,0
2363.0839290618896,10052,5608,10724,-30,-73,101,9512,-9036,9152,-57,68,-187,-14448,3920,3924,-1019,102,-38,-14484,-3608,5912,-257,164,-159,0
2363.119784116745,10028,5460,10980,-38,-78,111,9676,-9056,9152,-47,131,-167,-14524,4028,3856,-991,97,-53,-14820,-3660,5868,-496,175,-128,0
2363.1549639701843,9968,5664,10964,-103,-77,84,9500,-9024,9060,-58,135,-204,-14500,3996,4000,-1013,120,-89,-14592,-3724,5796,-474,171,-150,0
2363.190642118454,10060,5436,10636,-99,-74,89,9628,-8964,9124,-58,128,-198,-14484,3972,3984,-986,129,-52,-14592,-3652,5768,-499,156,-131,0
2363.226073026657,10208,5680,10644,-96,-70,129,9652,-8732,8968,-48,101,-181,-14460,3952,4144,-1030,119,-73,-14516,-3640,5844,-502,168,-143,0
2363.2618730068207,10104,5700,10796,-95,-99,91,9648,-8936,9072,-85,111,-200,-14548,3912,3924,-989,105,-79,-14576,-3652,5832,-518,144,-148,0
2363.2981350421906,10180,5660,10704,-99,-57,75,9724,-9048,9196,-31,135,-184,-14468,4024,4060,-991,109,-40,-14380,-3468,5844,-502,131,-161,0
2363.333374977112,9988,5704,10764,-112,-70,121,9636,-8964,8752,-11,114,-150,-14480,3964,4108,-1273,131,-67,-14468,-3652,5776,-478,180,-119,0
2363.3696100711823,9996,5688,10508,-69,246,115,9632,-9016,9188,-59,93,-197,-14456,3932,4036,-998,130,-85,-14736,-3656,5872,-508,162,-135,0
2363.404444932937,10176,5672,10936,-68,-117,98,9732,-9032,9028,-50,118,-210,-14580,4048,4232,-1008,124,-66,-14572,-3564,5900,-495,145,-142,0
2363.4401021003723,10084,5760,10788,-135,-76,94,9688,-8936,9008,-35,111,-148,-14448,3840,3856,-1011,115,-74,-14544,-3432,6024,-511,113,-102,0
2363.475347042084,10008,5664,10884,-98,250,118,9580,-9016,9008,-31,112,-138,-14536,4032,4112,-779,106,-251,-14580,-3744,5848,-257,102,-121,0
2363.510993003845,10044,5612,10768,-88,-11,103,9484,-8964,8948,-63,98,-156,-14496,3960,4148,-999,99,-55,-14584,-3724,5652,-489,113,-139,0
2363.5474281311035,10112,5804,10844,-144,-51,100,9600,-9076,9128,-88,120,-188,-14532,4016,4032,-977,64,-61,-14532,-3640,5900,-508,127,-134,0
2363.583186149597,10108,5680,10904,-135,-54,69,9628,-9204,9136,-72,116,-164,-14484,4068,4156,-1008,85,-73,-14556,-3536,5788,-501,138,-126,0
2363.6169610023494,10032,5716,10832,-129,-99,96,9612,-9024,9004,-36,107,-196,-14516,4000,3952,-1037,126,-74,-14488,-3672,5852,-486,184,-139,0
2363.6502170562744,10048,5720,10840,-107,-78,85,9628,-9036,9024,-47,102,-210,-14512,4316,4272,-1020,133,-54,-14612,-3636,6044,-485,179,-103,0
2363.6836709976196,10080,5656,10940,-126,-63,96,9660,-9024,9136,-26,122,-176,-14540,3864,4100,-1003,96,-58,-14560,-3728,5772,-511,140,-127,0
2363.7173500061035,10028,5776,10912,-132,-66,129,9624,-9004,9008,-34,84,-170,-14436,4036,3928,-998,95,-86,-14492,-3716,6136,-489,155,-142,0
2363.750781059265,10044,5732,10764,-155,-91,106,9660,-9072,9140,-40,164,-184,-14540,4008,3972,-990,72,-74,-14544,-3608,5656,-474,147,-120,0
2363.7841379642487,10036,5656,10780,-186,-61,94,9660,-8972,8932,-47,138,-185,-14504,4020,4004,-1013,99,-76,-14720,-3652,6080,-459,145,-131,0
2363.8214099407196,10028,5764,10872,-189,-49,91,9620,-9172,9092,-28,179,-163,-14468,4344,4028,-1009,48,-65,-14584,-3596,5820,-476,126,-109,0
2363.8555290699005,10056,5756,10912,-225,5,101,9604,-8960,9076,18,159,-163,-14476,3936,3892,-1007,75,-98,-14672,-3380,5740,-478,122,-99,0
2363.8891329765324,10040,5744,11000,-266,-54,136,9604,-8820,8988,13,139,-157,-14540,4092,3840,-1006,80,-44,-14592,-3664,5916,-469,157,-93,0
2363.922488927841,10004,5756,11240,-249,-71,141,9660,-8980,8948,-34,149,-179,-14528,3968,4196,-1007,127,-70,-14548,-3748,5796,-501,171,-78,0
2363.955915927887,10184,5644,10864,-2,-100,143,9592,-9004,8908,-45,150,-183,-14536,4024,4336,-967,134,-86,-14560,-3704,5784,-503,149,-91,0
2363.9894111156464,9988,5692,10876,-252,-60,123,9648,-9052,9036,-13,192,-183,-14572,3996,4008,-983,93,-124,-14548,-3820,5832,-447,126,-108,0
2364.022808074951,10076,5696,10804,-277,-19,101,9656,-9012,8928,-256,162,-160,-14480,4048,3976,-983,67,-98,-14584,-3572,5652,-467,148,-85,0
2364.0564799308777,10116,5756,11128,-304,-30,121,9732,-9044,9060,25,186,-163,-14544,4132,4076,-1023,116,-90,-14580,-3560,5908,-451,127,-80,0
2364.0899879932404,10076,5676,10932,-290,-47,121,9528,-8996,9000,25,178,-193,-14588,4040,4076,-993,123,-145,-14592,-3732,6072,-450,152,-80,0
2364.123418092728,10236,5776,10976,-327,-98,123,9596,-9064,9056,18,159,-192,-14472,4068,3844,-1003,120,-155,-14548,-3628,5824,-464,175,-53,0
2364.1568019390106,10064,5656,10832,-277,-109,163,9652,-9068,8712,32,155,-202,-14588,4008,3924,-989,108,-129,-14344,-3744,6132,-444,171,-94,0
2364.1899261474614,10144,5664,10724,-278,-117,148,9632,-8952,9052,7,140,-207,-14528,4032,4000,-1011,125,-104,-14396,-3676,5804,-479,155,-87,0
2364.223263978958,10048,5644,10912,-244,-88,128,9620,-8996,8920,28,138,-181,-14504,4060,3888,-1034,130,-117,-14504,-3632,5872,-479,157,-85,0
2364.2571880817413,10016,5592,10772,-279,-113,146,9544,-8876,9048,62,115,-199,-14504,4004,3860,-1277,130,-157,-14564,-3688,5808,-436,176,-82,0
2364.290761947632,10376,5684,10876,-238,-82,131,9660,-9004,9092,-13,157,-194,-14512,4072,4236,-1020,89,-125,-14544,-3584,5800,-469,120,-92,0
2364.3242499828334,10012,5692,10800,-217,-100,99,9972,-8972,9108,-246,150,-172,-14532,3956,4200,-1018,82,-46,-14600,-3528,5780,-519,128,-88,0
2364.3576180934906,10128,5436,10868,-257,-137,139,9540,-9060,9032,47,125,-151,-14472,3936,4184,-1019,117,-82,-14504,-3700,5872,-439,161,-92,0
2364.3906950950623,10036,5688,10876,-165,-101,121,9600,-8944,9068,-22,139,-195,-14544,4092,3596,-979,96,-169,-14584,-3608,5900,-489,150,-90,0
2364.424386024475,10116,5588,10824,-261,-168,111,9664,-9012,9028,25,98,-248,-14436,4056,4100,-989,128,-131,-14608,-3528,5904,-463,217,-78,0
2364.457932949066,10076,5808,10816,-233,-105,149,9616,-8892,8888,55,169,-176,-14580,4008,4004,-771,117,-76,-14564,-3596,5812,-498,141,-105,0
2364.49143910408,10080,5592,10756,-220,-111,132,9648,-8908,8988,-9,123,-159,-14556,3920,3956,-1001,103,-44,-14580,-3604,6124,-481,72,-113,0
2364.5250639915466,10024,5388,10916,-238,-77,120,9724,-8972,9096,-19,150,-166,-14452,3952,4208,-970,94,-94,-14592,-3672,5640,-494,126,-105,0
2364.55859208107,10036,5420,10904,-186,-107,103,9664,-9216,9040,-33,123,-202,-14512,4044,4344,-1000,112,-123,-14504,-3520,5940,-498,168,-90,0
2364.5945920944214,10120,5664,10888,-158,-136,135,9704,-8900,8712,-26,99,-197,-14432,4072,3976,-1033,129,-74,-14416,-3612,5844,-505,168,-92,0
2364.630392074585,10084,5612,10768,-136,-112,126,9648,-8824,9004,-50,108,-222,-14472,4004,3904,-1019,127,-105,-14540,-3836,5852,-498,201,-80,0
2364.6655769348145,10176,5696,10736,-154,-117,124,9708,-8720,9140,-54,157,-209,-14488,3920,3960,-1002,127,-66,-14680,-3648,5904,-463,184,-122,0
2364.701096057892,10164,5540,10852,-155,-44,105,9640,-8716,9012,-15,160,-184,-14576,4028,3860,-987,94,-87,-14640,-3620,5636,-469,143,-117,0
2364.7371361255646,10136,5692,11116,-145,-28,92,9632,-8936,9244,-1,161,-192,-14576,3904,3872,-1023,75,-64,-14604,-3600,5864,-469,150,-112,0
2364.7722129821777,10148,5412,10972,-161,-59,97,9608,-8864,9172,-70,164,-186,-14536,3976,4164,-1002,112,-47,-14376,-3740,5676,-461,122,-132,0
2364.807378053665,10060,5684,10732,-168,-53,72,9560,-9016,9152,-103,157,-187,-14828,3840,3840,-983,107,-54,-14820,-3836,6028,-462,123,-134,0
2364.8435130119324,10168,5548,10896,-134,-51,106,9604,-9076,9036,-76,175,-161,-14524,3984,4136,-1003,83,-36,-14480,-3604,6088,-487,138,-142,0
2364.8792951107025,10036,5628,10992,-120,-39,74,9544,-8984,9184,-48,134,-165,-14408,3996,4052,-1007,81,-55,-14568,-3620,5912,-501,123,-135,0
2364.914183139801,10124,5616,10880,-104,-15,100,9600,-9024,8984,-45,110,-166,-14564,4028,4312,-945,64,-57,-14588,-3588,5812,-484,144,-133,0
2364.9500019550323,10084,5672,10988,-105,-73,90,9624,-9016,9160,-47,118,-168,-14564,3948,4204,-1275,123,-70,-14340,-3500,5792,-488,149,-117,0
2364.9848539829254,10120,5704,10784,-93,-86,133,9700,-8980,9100,-75,98,-182,-14544,3964,4216,-1015,143,-94,-14844,-3576,5788,-494,113,-114,0
2365.020270109176,10144,5672,10772,-82,-88,113,9684,-9056,9028,-60,92,-179,-14348,3972,3932,-991,103,-37,-14452,-3604,5948,-533,114,-130,0
2365.0557291507725,10220,5664,10800,-144,-81,93,9652,-8868,9104,-65,123,-146,-14520,3996,3964,-1003,76,-32,-14608,-3588,5840,-479,100,-148,0
2365.0915629863734,10112,5672,10900,-45,-26,71,9484,-8712,9120,-76,129,-175,-14432,3840,4176,-1002,100,-56,-14568,-3652,5804,-503,140,-154,0
2365.1263649463654,10100,5656,10736,-77,-70,38,9660,-9048,9200,-42,239,-123,-14444,4028,3940,-775,120,-55,-14456,-3660,5892,-506,151,-174,0
2365.1621210575104,10100,5568,10724,-111,1,60,9628,-9000,9124,-33,158,-185,-14452,4016,3992,-1004,119,-59,-14376,-3820,5940,-470,126,-144,0
2365.1980440616608,9928,5664,10664,-102,-16,77,9604,-8944,9100,-26,126,-155,-14472,4020,3968,-1041,105,-77,-14560,-3764,5944,-469,107,-132,0
2365.2339339256287,9784,5748,11064,-141,-75,91,9664,-9132,9032,-60,155,-154,-14532,4072,4096,-992,93,-26,-14544,-3608,6060,-508,107,-165,0
2365.269773006439,10152,5716,10952,-102,-99,94,9628,-9052,9136,-88,116,-161,-14576,4124,4192,-998,118,-21,-14544,-3420,5928,-540,135,-122,0
2365.3032500743866,9988,5688,10828,-81,-75,109,9552,-9036,9104,-37,97,-178,-14352,3952,4176,-770,93,-67,-14568,-3832,5804,-526,143,-120,0
2365.336995124817,10096,5820,10884,-67,-62,119,9524,-9024,9104,-48,72,-193,-14456,4048,4124,-1014,108,-93,-14392,-3348,5816,-489,186,-132,0
2365.370551109314,10088,5632,11128,-90,-123,111,9700,-8996,8844,-31,98,-203,-14508,4032,3980,-994,130,-60,-14824,-3656,5984,-501,196,-135,0
2365.4035470485687,10080,5784,10776,-116,-103,132,9888,-8992,9180,-44,90,-186,-14508,4036,4028,-1011,153,-52,-14404,-3596,5920,-493,167,-160,0
2365.4373729228973,10340,5660,10896,-102,-107,95,9920,-8988,9208,-55,106,-188,-14436,4068,4160,-984,98,-91,-14576,-3688,5988,-514,163,-108,0
2365.4709651470184,10132,5808,10908,-112,-88,113,9736,-8976,9000,-34,123,-193,-14520,3952,4040,-1002,112,-115,-14500,-3712,5996,-490,151,-143,0
2365.5046751499176,10060,5640,10860,-118,-86,93,9652,-8992,9040,-56,103,-200,-14476,4020,3952,-998,106,-79,-14532,-3788,5648,-474,142,-168,0
2365.5381839275365,10044,5628,10884,-123,-83,82,9700,-9064,9000,-76,151,-164,-14500,3960,4044,-986,57,-72,-14624,-3620,5940,-481,127,-159,0
2365.5718331336975,10100,5720,10836,-122,-72,89,9576,-8972,9020,-65,111,-175,-14532,3896,3952,-1002,102,-15,-14344,-3840,5856,-763,137,-119,0
2365.6054599285126,10184,5680,10976,-116,-40,93,9596,-9008,9076,-41,123,-192,-14552,4056,4040,-992,100,-20,-14560,-3612,5828,-493,143,-128,0
2365.6390309333806,10088,5720,10964,-102,-52,119,9592,-9196,9104,-5,97,-199,-14496,3996,4108,-998,141,-105,-14448,-3712,5800,-494,174,-121,0
2365.6725540161133,10008,5804,10896,-127,-81,120,9632,-9092,8948,-26,120,-204,-14564,4024,4092,-1022,129,-87,-14556,-3696,5908,-505,153,-111,0
2365.7058370113373,9960,5824,10888,-125,-77,133,9540,-8748,9140,-67,95,-173,-14452,4040,4012,-983,108,-41,-14588,-3640,5832,-482,125,-122,0
2365.7394900321965,10180,5732,10928,-130,-87,103,9656,-8996,8972,-63,116,-172,-14528,4100,4076,-1008,79,-35,-14516,-3604,5772,-519,138,-130,0
2365.7730350494385,10188,5744,10876,-154,-52,113,9692,-9024,9160,-34,144,-172,-14472,3956,3900,-1007,65,-76,-14816,-3708,5936,-492,164,-141,0
2365.8066821098328,10108,5740,10680,-131,-42,95,9692,-9032,9160,-33,133,-162,-14500,3944,3960,-1001,118,-92,-14508,-3612,6024,-488,119,-138,0
2365.8399510383606,10112,5880,10968,-156,-62,93,9652,-9016,9036,-74,156,-177,-14500,4040,3976,-977,100,-79,-14536,-3724,5796,-471,164,-170,0
2365.873465061188,10108,5404,10780,-168,-43,86,9660,-9004,8912,-15,134,-169,-14544,3924,4100,-1009,84,-34,-14552,-3728,5792,-467,154,-147,0
2365.906825065613,10080,5736,10540,-107,-31,82,9612,-8936,9108,-24,117,-194,-14360,3992,4104,-1024,100,-56,-14348,-3620,5836,-499,134,-110,0
2365.9404900074005,10108,5748,10888,-124,-21,98,9660,-8980,8960,-38,115,-171,-14476,4080,4156,-995,100,-49,-14540,-3624,5852,-465,109,-138,0
2365.9739921092987,10096,5676,10908,-174,-67,93,9600,-9080,9112,-66,92,-154,-14544,4072,3620,-965,103,-78,-14520,-3580,5860,-471,140,-123,0
2366.0076010227203,10128,5796,10772,-180,-47,115,9636,-9072,9020,-54,130,-170,-14504,4116,4180,-1032,112,-58,-14824,-3608,5840,-480,153,-117,0
2366.0407791137695,10104,5800,10864,-189,-47,126,9552,-9040,8992,-252,152,-185,-14352,4020,3984,-770,108,-42,-14524,-3644,5840,-478,170,-109,0
2366.0743279457092,10024,5684,10940,-181,-41,97,9604,-9192,9088,-24,130,-186,-14496,4024,4120,-1013,117,-90,-14580,-3736,5988,-472,154,-108,0
2366.10773897171,9984,5788,10904,-208,-74,87,9620,-9016,9060,18,143,-181,-14468,4112,4164,-988,114,-122,-14588,-3700,5928,-468,144,-87,0
2366.1407740116124,10008,5800,10884,-179,-61,118,9500,-9028,8780,-14,177,-187,-14540,4096,3856,-1002,87,-105,-14500,-3692,5656,-491,194,-86,0
2366.1743059158325,10004,5744,10836,-214,-102,125,9508,-9016,9008,-47,161,-194,-14840,3952,3984,-985,93,-87,-14652,-3704,5760,-535,155,-87,0
2366.207580089569,10100,5692,10752,-212,-61,122,9652,-8952,8992,-47,140,-181,-14460,3968,4224,-994,133,-87,-14344,-3632,5648,-484,102,-91,0
2366.2408480644226,10004,5652,10948,-227,-17,102,9504,-8988,9188,-46,173,-191,-14500,3992,4024,-979,82,-108,-14556,-3584,5664,-477,123,-83,0
2366.2773110866547,10048,5692,10788,-247,-22,88,9648,-9076,9112,-7,165,-213,-14460,4040,3864,-974,83,-102,-14796,-3616,6120,-498,161,-78,0
2366.312147140503,10016,5780,10864,-239,-28,111,9612,-8996,8752,7,145,-214,-14636,3988,3908,-1041,107,-93,-14548,-3692,5632,-472,177,-50,0
2366.348026037216,10008,5688,10904,-228,-47,127,9712,-9012,9100,-18,144,-200,-14556,3992,3996,-1012,117,-164,-14552,-3712,5780,-465,188,-77,0
2366.3830721378326,10052,5760,10756,-239,-72,135,9620,-8992,9048,-17,180,-203,-14464,3896,4204,-1002,121,-98,-14488,-3632,5844,-467,173,-63,0
2366.419261932373,10124,5752,10840,-231,-84,140,9624,-9052,8780,-3,144,-182,-14496,4020,3976,-1277,102,-148,-14560,-3616,5904,-497,172,-67,0
2366.453957080841,10012,5784,10816,-223,-87,124,9632,-9000,9064,0,149,-193,-14504,3936,4200,-1037,114,-98,-14588,-3724,5876,-478,178,-83,0
2366.490286111832,9952,5732,10764,-237,-101,121,9568,-8884,9136,-10,139,-193,-14492,3988,3848,-994,107,-69,-14820,-3680,5844,-473,88,-91,0
2366.5251801013947,10100,5724,10888,-245,-95,131,9656,-9012,9180,-18,108,-184,-14544,3992,4084,-979,95,-62,-14604,-3388,6084,-500,130,-81,0
2366.561305999756,10044,5748,10956,-314,-103,135,9668,-8964,9252,37,165,-178,-14640,3952,3888,-1009,101,-104,-14608,-3552,5752,-465,149,-87,0
2366.596204996109,10012,5752,10960,-215,-106,116,9680,-8972,9088,14,118,-212,-14504,3968,4140,-1039,111,-142,-14600,-3648,6112,-453,188,-103,0
2366.6317520141606,10092,5608,11064,-2,-172,114,9612,-9020,8980,-13,167,-214,-14500,4036,4132,-1002,83,-138,-14400,-3484,5800,-478,199,-111,0
2366.6678409576416,10112,5744,10872,-291,-128,152,9620,-9016,9188,43,149,-184,-14512,4312,4060,-1056,79,-109,-14420,-3700,5792,-470,134,-111,0
2366.703187942505,10060,5864,10884,-6,-115,154,9608,-9000,9100,46,126,-161,-14580,3928,4080,-1050,124,-48,-14528,-3724,5916,-471,125,-95,0
2366.7387070655823,10024,5632,10948,-296,-121,157,9576,-9044,9144,-22,118,-180,-14424,3968,4080,-963,111,-132,-14512,-3532,5800,-487,114,-103,0
2366.773721933365,10028,5640,11004,-275,-163,131,9612,-9180,9408,-49,116,-225,-14468,3996,4096,-1009,125,-86,-14600,-3572,5744,-533,180,-91,0
2366.809364080429,10200,5660,10944,-201,-190,153,9620,-9004,8972,-18,97,-212,-14564,4012,3872,-993,107,-120,-14448,-3552,5796,-487,162,-61,0
2366.8445699214935,10036,5600,10920,-200,-183,167,9652,-9052,8960,-44,66,-224,-14316,3952,4004,-1008,141,-123,-14572,-3472,6048,-506,173,-102,0
2366.8803420066833,10192,5404,10804,-177,-174,156,9552,-8780,8964,-5,118,-227,-14532,4016,4056,-1008,136,-138,-14560,-3556,6016,-491,180,-124,0
2366.915668964386,10084,5576,10764,-180,-110,116,9556,-8892,8960,-30,140,-221,-14376,4024,4008,-1025,123,-105,-14608,-3596,5784,-498,172,-106,0
2366.9513061046605,10144,5628,10940,-139,-92,114,9636,-8996,9220,-13,135,-183,-14492,3916,4076,-1024,121,-94,-14596,-3568,5752,-482,162,-141,0
2366.9850471019745,10056,5636,10772,-116,-62,99,9696,-8944,9068,-52,147,-185,-14536,3968,3940,-982,86,-60,-14360,-3812,5692,-466,102,-109,0
2367.01860499382,10148,5624,10688,-140,-60,51,9500,-8980,9204,-69,163,-192,-14376,3968,4120,-978,102,-68,-14444,-3628,6112,-468,144,-126,0
2367.0518550872803,10112,5640,10788,-166,-67,72,9636,-8948,9060,-24,130,-180,-14516,3992,4032,-1041,120,-83,-14576,-3604,5832,-480,142,-123,0
2367.0852489471436,10148,5864,10904,-119,-68,92,9648,-8736,9136,-33,101,-164,-14576,4024,4168,-1030,97,-83,-14592,-3540,5900,-477,150,-109,0
2367.118714094162,10036,5456,10744,-98,-41,100,9664,-8920,9040,-57,104,-180,-14564,3972,3984,-1004,116,-32,-14528,-3532,5748,-486,141,-111,0
2367.1528799533844,10132,5584,10984,-77,-50,92,9612,-9000,8916,-32,113,-170,-14524,3952,4132,-968,82,-58,-14568,-3656,5876,-484,122,-122,0
2367.1865780353546,9984,5672,10840,-113,-79,89,9572,-8952,9004,-30,152,-161,-14524,3924,4080,-990,106,-57,-14512,-3668,5888,-473,135,-122,0
2367.2200260162354,10148,5712,10844,-114,-54,114,9536,-9036,9028,-64,123,-164,-14488,3992,4316,-980,114,-14,-14368,-3588,5896,-508,102,-140,0
2367.253639936447,10152,5624,10928,-108,-74,121,9608,-9040,9004,-36,114,-139,-14592,4032,3988,-1021,71,-77,-14572,-3660,5872,-493,139,-177,0
2367.2872109413147,10120,5864,10832,-113,-68,101,9688,-9020,9100,-39,135,-162,-14444,4020,4112,-1278,88,-73,-14728,-3676,5868,-489,100,-169,0
2367.320785999298,10112,5652,10764,-46,-93,77,9688,-8944,9164,-98,108,-162,-14448,3992,4008,-983,75,-24,-14640,-3648,5832,-478,107,-167,0
2367.3541650772095,10136,5560,10804,-116,-87,70,9660,-9112,9184,-57,145,-197,-14564,4084,4280,-998,67,-12,-14488,-3640,5780,-474,145,-155,0
2367.3875050544734,10100,5396,10740,-66,-38,76,9588,-9008,8916,-22,148,-157,-14512,4004,3836,-1277,105,-56,-14552,-3588,5816,-464,128,-163,0
2367.42113995552,10112,5676,10960,-87,-16,75,9576,-8944,8912,-28,135,-163,-14572,4004,4100,-1001,59,-52,-14616,-3608,6076,-507,113,-176,0
2367.4544870853424,10020,5632,10840,-101,-28,68,9632,-9044,9076,-84,134,-160,-14576,4016,4068,-1001,52,-30,-14396,-3684,6060,-500,115,-173,0
2367.4883530139923,10044,5660,10968,-111,-87,80,9644,-8984,9080,-81,157,-173,-14484,3972,4152,-1001,95,-255,-14344,-3824,6104,-258,124,-147,0
2367.5216109752655,10192,5668,11076,-67,-73,107,9608,-8948,8936,-68,90,-169,-14496,4008,4132,-1000,124,-48,-14376,-3744,5792,-487,138,-153,0
2367.554981946945,9740,5564,10820,-82,-61,111,9580,-8976,8948,-60,128,-159,-14428,4060,4124,-1061,126,-85,-14500,-3828,5856,-477,139,-147,0
2367.588637113571,9976,5656,10936,-64,-90,121,9476,-8764,9004,-60,116,-175,-14532,4024,4148,-1037,98,-75,-14780,-3728,5948,-478,176,-123,0
2367.622139930725,10016,5700,10644,-101,-57,111,9528,-9020,9136,-53,116,-195,-14600,4016,4284,-773,142,-44,-14640,-3816,5728,-477,135,-143,0
2367.6553349494934,10228,5724,10900,-76,-75,82,9604,-9060,9056,-34,122,-166,-14440,3984,4336,-981,97,-51,-14552,-3640,5768,-509,161,-137,0
2367.689038038254,10084,5756,10772,-87,-85,117,9596,-9044,9200,-31,100,-188,-14428,3928,3980,-981,114,-91,-14568,-3360,5940,-495,140,-112,0
2367.722352027893,10000,5748,10844,-88,-60,125,9668,-9116,8940,-59,134,-171,-14488,3868,3980,-999,132,-54,-14488,-3640,5824,-499,153,-135,0
2367.7555260658264,10136,5776,10780,-120,-36,81,9592,-9000,8960,-91,125,-190,-14488,4076,4228,-974,85,-54,-14540,-3536,5844,-486,131,-147,0
2367.7892460823055,10096,5688,10716,-116,-66,89,9648,-9076,9012,-40,150,-165,-14400,4048,4272,-1021,82,-35,-14456,-3628,5736,-486,136,-139,0
2367.8228590488434,10168,5712,10836,-113,-59,85,9628,-9048,9144,-22,118,-162,-14584,3972,4308,-1020,81,-57,-14652,-3700,5928,-260,124,-130,0
2367.8564360141754,10024,5720,10804,-113,-35,109,9572,-9060,9036,-37,104,-145,-14424,4032,3976,-1003,94,-87,-14620,-3588,5996,-504,135,-118,0
2367.8896441459656,10152,5800,10824,-120,-56,103,9600,-9108,9000,-34,123,-177,-14512,4052,3856,-1027,132,-66,-14496,-3784,5760,-477,189,-132,0
2367.9230210781097,10148,5804,10764,-158,-74,118,9580,-8996,8776,-48,107,-194,-14528,3992,4084,-1001,93,-71,-14588,-3428,5852,-477,127,-146,0
2367.960475921631,9844,5720,10860,-115,-70,127,9616,-9016,8972,-86,142,-175,-14548,3948,4064,-1048,118,-94,-14340,-3616,5780,-529,157,-138,0
2367.995530128479,10072,5640,10964,-181,-44,92,9660,-9068,9000,-9,132,-173,-14496,4160,4256,-1018,92,-93,-14496,-3788,5844,-504,141,-147,0
2368.031312942505,10064,5736,10964,-155,-13,107,9660,-8960,8988,-7,154,-155,-14552,3936,4156,-998,119,-77,-14492,-3740,5728,-442,133,-114,0
2368.067769050598,10096,5736,10920,-178,-76,86,9636,-9056,9016,-29,180,-218,-14540,3972,4136,-1271,68,-99,-14776,-3588,5752,-480,135,-169,0
2368.1031501293182,10136,5412,11004,-198,-10,69,9448,-9044,9152,5,166,-177,-14352,4104,4016,-1050,124,-97,-14540,-3376,5796,-465,127,-139,0
2368.138281106949,10004,5724,10780,-181,-253,106,9668,-9036,9048,9,127,-189,-14576,3996,4056,-1059,117,-117,-14536,-3656,6044,-487,140,-94,0
2368.1734099388123,10032,5756,10976,-245,-18,128,9596,-9060,9188,-23,206,-174,-14484,4024,4204,-1009,91,-29,-14608,-3732,5672,-470,115,-112,0
2368.209532022476,10184,5804,10968,-261,-44,106,9624,-9084,9100,-56,177,-184,-14504,4048,3904,-984,111,-107,-14584,-3836,6020,-469,140,-72,0
2368.2447531223297,9760,5748,10924,-257,-39,135,9724,-9060,9128,-6,133,-180,-14468,4024,4132,-998,96,-60,-14504,-3728,6004,-501,139,-94,0
2368.2802460193634,10208,5660,10548,-275,-13,143,9532,-9008,9012,22,149,-169,-14460,3952,4136,-1055,96,-118,-14576,-3556,5896,-489,161,-84,0
2368.315572977066,10016,5728,10896,-260,-27,114,9580,-9092,9008,24,163,-193,-14612,3972,4036,-771,114,-122,-14488,-3820,5712,-462,165,-76,0
2368.351912021637,10216,5740,10856,-307,-41,156,9720,-9016,9012,15,165,-200,-14496,4108,4092,-1011,132,-137,-14588,-3648,5768,-455,171,-76,0
2368.3876731395726,10024,5868,10804,-336,-103,140,9640,-9072,9112,5,123,-220,-14492,4024,4048,-1016,103,-158,-14568,-3624,5844,-458,184,-88,0
2368.422816991806,10028,5736,10976,-355,-165,157,9652,-8940,8996,19,129,-219,-14808,3916,4220,-1005,98,-104,-14528,-3632,5848,-445,152,-93,0
2368.4576449394226,10076,5668,11116,-375,-153,158,9944,-8904,9144,5,150,-221,-14536,3836,4316,-980,94,-150,-14568,-3540,5648,-421,179,-69,0
2368.4934871196747,10000,5628,10756,-364,-171,146,9608,-8856,8980,35,164,-216,-14492,4120,4148,-1277,101,-102,-14536,-3600,5848,-443,136,-83,0
2368.5292670726776,10168,5688,10880,-323,-175,145,9616,-8964,8732,31,131,-223,-14540,3968,4320,-1023,109,-130,-14540,-3544,5908,-427,145,-83,0
2368.564028978348,9984,5552,10656,-331,-176,137,9592,-9020,9124,44,190,-229,-14524,3932,4024,-1038,74,-115,-14788,-3652,6088,-447,150,-116,0
2368.600597143173,10056,5776,11068,-337,-216,139,9624,-9140,9072,27,177,-195,-14568,3944,4016,-984,108,-123,-14368,-3584,5844,-462,142,-102,0
2368.634066104889,10088,5540,10700,-290,-185,160,9604,-9168,9028,8,109,-187,-14604,3976,4204,-1003,108,-119,-14808,-3628,5788,-477,162,-99,0
2368.667624950409,10020,5672,10860,-265,-201,141,9612,-8932,9016,8,117,-206,-14376,4000,4084,-781,114,-66,-14484,-3596,5872,-476,183,-103,0
2368.7011721134186,10172,5548,10924,-297,-205,164,9648,-8896,9040,-2,128,-228,-14484,3920,4028,-1007,123,-123,-14644,-3652,5920,-477,155,-68,0
2368.7348549366,10164,5672,10836,-235,-144,164,9648,-8932,9152,-35,97,-184,-14472,4016,3980,-1274,111,-99,-14696,-3840,5668,-471,141,-57,0
2368.767651081085,10136,5552,11080,-266,-197,156,9660,-9064,8964,24,105,-199,-14532,3976,3864,-1014,86,-85,-14368,-3588,5632,-454,142,-90,0
2368.801190137863,10080,5612,10880,-281,-188,158,9684,-8988,9420,22,114,-194,-14488,3988,4172,-1003,116,-127,-14540,-3528,5800,-494,170,-113,0
2368.8412499427795,10120,5872,10680,-159,-145,122,9596,-8952,9112,-30,78,-213,-14576,4064,3912,-960,89,-134,-14456,-3496,5908,-501,203,-85,0
2368.874971151352,10208,5568,10836,-181,-141,126,9640,-8824,9088,-6,120,-204,-14492,3928,3968,-1053,121,-76,-14584,-3596,5976,-497,182,-86,0
2368.9083099365234,10084,5860,10772,-114,-75,115,9508,-8820,9096,-26,122,-171,-14572,4008,3880,-998,150,-68,-14488,-3632,5752,-482,130,-101,0
2368.9418549537654,10124,5596,10884,-93,-79,108,9676,-8916,8972,-81,121,-160,-14616,3916,4064,-1003,148,-59,-14584,-3616,5828,-499,117,-134,0
2368.975275993347,10148,5608,10536,-85,-40,78,9632,-8960,9016,-59,149,-179,-14492,3844,4068,-989,110,-58,-14344,-3616,5864,-491,127,-129,0
2369.0088300704956,10052,5536,10936,-78,-63,81,9668,-8964,9116,-48,151,-182,-14340,4068,4112,-1059,90,-76,-14568,-3556,5948,-500,148,-111,0
2369.042454004288,10132,5448,10972,-70,-13,70,9644,-9180,9008,-48,111,-194,-14492,4000,4100,-1056,138,-48,-14440,-3828,6048,-488,173,-102,0
2369.076089143753,10016,5628,10860,-82,-30,87,9660,-8888,8988,-65,97,-200,-14488,4064,3952,-1278,151,-53,-14392,-3708,5828,-487,142,-119,0
2369.109799146652,10012,5528,10912,-95,-107,101,9652,-9200,9140,-50,169,-192,-14560,4008,3856,-990,115,-90,-14684,-3624,6132,-497,176,-120,0
2369.143238067627,10192,5880,10924,-78,-24,83,9724,-8960,9132,-86,86,-207,-14516,4008,4080,-769,147,-97,-14788,-3536,5832,-529,146,-151,0
2369.1769530773163,10208,5408,10820,-82,-27,70,9524,-9056,9096,-47,119,-158,-14504,3900,3984,-999,106,-11,-14504,-3700,5880,-506,137,-152,0
2369.210165023804,10120,5860,11256,-76,-25,74,9556,-9012,9100,-56,109,-167,-14676,4020,4196,-1268,116,-21,-14592,-3652,5964,-480,113,-129,0
2369.2436859607697,10152,5700,10904,-84,-35,58,9664,-8996,9060,-107,141,-169,-14560,3936,4264,-986,86,-45,-14628,-3628,5880,-504,105,-150,0
2369.2772510051727,10060,5852,10920,-27,-73,64,9708,-8968,9000,-78,146,-170,-14492,3960,4092,-962,89,-52,-14600,-3528,5892,-539,117,-147,0
2369.3107280731206,10368,5600,10940,-73,-62,91,9508,-9012,9056,254,161,-112,-14436,4044,3812,-1030,91,-68,-14524,-3640,5964,-530,155,-110,0
2369.3442919254303,10024,5408,10868,-46,-45,118,9644,-9008,8748,-36,69,-172,-14444,3880,3952,-1019,151,-52,-14372,-3632,5644,-482,147,-97,0
2369.3779189586644,10084,5536,10920,-23,-57,101,9712,-8940,9048,-67,114,-204,-14552,3920,4048,-996,124,-78,-14644,-3580,5660,-508,185,-140,0
2369.4110901355743,10112,5688,10868,-96,-135,87,9748,-9036,9156,-60,86,-180,-14344,4064,4080,-966,85,-82,-14568,-3544,5864,-500,131,-139,0
2369.4445130825043,10132,5704,10888,-55,-56,114,9620,-9008,8956,-35,141,-149,-14488,3960,4152,-1273,106,-25,-14532,-3568,5672,-493,122,-127,0
2369.4782609939575,10160,5652,10944,-68,-12,113,9716,-9124,8756,-33,107,-168,-14588,3872,4080,-1042,111,252,-14352,-3724,5872,-497,130,-172,0
2369.5118260383606,10140,5700,10948,-88,-13,73,9624,-9204,9076,-74,173,-170,-14628,4048,4164,-998,30,-10,-14572,-3684,5944,-473,129,-183,0
2369.5455451011658,10060,5652,10884,-104,-36,56,9684,-9012,9100,-104,198,-159,-14472,4024,4072,-953,67,-46,-14536,-3640,5632,-507,151,-163,0
2369.579148054123,10052,5704,10864,-57,-72,80,9644,-8988,8920,-74,125,-175,-14448,4024,4016,-999,104,-47,-14556,-3560,5720,-519,144,-139,0
2369.612482070923,10112,5604,10636,-66,-57,70,9480,-9036,9208,-67,145,-197,-14460,4064,3952,-1013,127,-98,-14504,-3628,5916,-507,170,-133,0
2369.6492829322815,10044,5872,10840,-82,-89,108,9556,-9084,9100,-35,66,-212,-14460,3980,4060,-1032,133,-77,-14460,-3636,5928,-502,183,-115,0
2369.6840789318085,10172,5604,10628,-85,-119,107,9620,-9008,9000,-42,110,-200,-14396,4088,4272,-1008,130,-98,-14404,-3688,5900,-500,181,-144,0
2369.719833135605,10016,5804,10844,-93,-102,123,9656,-8956,8944,-64,125,-164,-14676,3900,4232,-992,97,-82,-14516,-3628,5816,-486,161,-139,0
2369.7550950050354,10148,5708,10856,-106,-69,89,9728,-8952,9020,-55,147,-157,-14596,4036,3888,-1034,121,-66,-14352,-3732,5800,-489,135,-166,0
2369.790554046631,10056,5684,10768,-103,-64,101,9648,-8908,8944,-13,122,-167,-14820,3980,4184,-1027,92,-74,-14648,-3588,5816,-505,126,-133,0
2369.8256261348724,10076,5804,10712,-88,-53,79,9752,-8892,8944,-24,126,-146,-14564,3924,4048,-977,77,-35,-14612,-3576,5696,-505,135,-139,0
2369.8606250286102,10036,5656,10940,-104,-35,101,9736,-9092,9032,-44,96,-182,-14452,3980,4180,-1004,107,-75,-14412,-3660,6004,-501,140,-129,0
2369.8959119319916,10104,5728,10716,-120,-48,104,9680,-9036,8948,-35,159,-170,-14528,3940,3944,-991,116,-90,-14552,-3640,5812,-473,159,-108,0
2369.931828022003,10004,5668,10976,-117,-79,97,9660,-9028,8980,-32,136,-171,-14456,4004,3996,-1019,136,-100,-14796,-3712,5916,-498,143,-120,0
2369.9677510261536,10076,5780,10792,-119,-63,91,9544,-9084,8992,-39,108,-178,-14496,3936,4076,-1022,146,-56,-14520,-3664,6028,-481,155,-129,0
2370.002669095993,10132,5736,10860,-134,-95,99,9644,-8972,9024,-34,120,-199,-14468,4020,4092,-1278,101,-42,-14580,-3660,6132,-494,158,-110,0
2370.0387399196625,10032,5732,10880,-130,-86,87,9604,-9064,8968,-51,118,-165,-14524,4012,4060,-1010,94,-103,-14576,-3648,5844,-492,120,-99,0
2370.0744490623474,10088,5612,10640,-142,-44,116,9592,-9052,8956,-53,171,-160,-14580,3976,4092,-998,100,-76,-14512,-3688,5632,-469,178,-142,0
2370.1106910705566,10068,5772,10768,-188,-55,99,9640,-8972,8956,-51,144,-201,-14504,3936,4028,-1000,98,-27,-14508,-3724,5896,-462,158,-80,0
2370.146080970764,10084,5732,10872,-193,-50,92,9648,-8988,9132,-15,133,-179,-14540,4004,3996,-1015,110,-134,-14444,-3756,5728,-458,135,-117,0
2370.181818008423,10096,5764,10900,-201,-100,113,9660,-9020,9052,6,178,-180,-14556,3976,4220,-1006,94,-83,-14584,-3668,5976,-473,162,-105,0
2370.2181129455566,10076,5640,10768,-218,-109,97,9596,-9080,8996,-22,150,-203,-14504,4084,4168,-971,90,-127,-14520,-3652,6004,-478,166,-90,0
2370.2531621456146,10128,5784,10852,-222,-123,131,9660,-8940,9028,-76,142,-199,-14524,3984,4324,-979,115,-88,-14616,-3620,5800,-489,106,-68,0
2370.289307117462,10036,5676,10804,-235,-75,122,9632,-9004,9020,-36,160,-178,-14488,4032,4056,-969,58,-88,-14532,-3648,5992,-526,93,-86,0
2370.3229320049286,10036,5612,10856,-272,30,109,9664,-9088,9008,41,180,-149,-14532,3952,3980,-1005,47,-119,-14480,-3676,5832,-486,96,-103,0
2370.356486082077,10032,5748,10816,-229,74,85,9512,-8976,8916,-24,172,-173,-14540,3864,4140,-974,93,-67,-14648,-3648,5896,-451,133,-66,0
2370.389718055725,10232,5860,10776,-319,-35,92,9604,-8976,9072,15,159,-205,-14512,4028,4216,-984,99,-78,-14576,-3500,5720,-454,192,-74,0
2370.4233400821686,10012,5656,10808,-300,-55,106,9656,-9008,8968,47,149,-167,-14564,4032,4008,-1051,102,-144,-14564,-3592,5744,-473,194,-84,0
2370.4564599990845,10128,5792,10996,-280,-89,175,9816,-9176,9152,55,150,-176,-14556,3880,4192,-1065,124,-102,-14620,-3712,5916,-433,150,-91,0
2370.4899871349335,10036,5680,10760,-307,-125,130,9612,-9024,8980,-2,138,-198,-14832,4012,3904,-979,100,-141,-14592,-3668,5960,-449,123,-115,0
2370.523448944092,10068,5716,10856,-319,-120,153,9528,-9040,9040,-7,172,-190,-14500,4016,4296,-998,78,-113,-14608,-3576,5776,-455,114,-81,0
2370.556860923767,10164,5612,10516,-316,-128,144,9616,-9072,9060,17,147,-167,-14488,3868,3896,-1028,90,-111,-14340,-3804,5644,-484,155,-99,0
2370.59063911438,9988,5728,10856,-1,-136,139,9600,-9044,9208,24,130,-218,-14400,3940,4016,-1042,124,-168,-14504,-3632,5804,-493,155,-92,0
2370.624267101288,9956,5496,10840,-244,-182,140,9628,-8772,8796,22,133,-212,-14592,3976,4180,-1005,127,-113,-14528,-3648,5884,-470,190,-71,0
2370.6575911045074,10068,5620,10880,-282,-172,142,9668,-9020,9000,9,149,-208,-14492,3988,4044,-1049,159,-94,-14596,-3776,5700,-480,191,-90,0
2370.691108942032,10124,5684,10748,-222,-167,153,9548,-8984,9176,32,136,-207,-14472,3912,4296,-776,139,-125,-14548,-3684,5904,-507,201,-54,0
2370.7247700691223,10156,5680,10892,-227,-139,153,9680,-9180,9108,-12,89,-204,-14348,3932,3976,-986,141,-132,-14632,-3560,5860,-502,175,-81,0
2370.7581279277806,10060,5720,11032,-235,-171,147,9692,-9136,9052,-34,115,-212,-14612,3972,4136,-974,112,-117,-14592,-3536,5972,-498,169,-93,0
2370.791599035263,10136,5628,10840,-194,-155,129,9648,-8944,9060,-18,115,-200,-14536,3984,4188,-997,103,-87,-14592,-3552,5856,-476,153,-80,0
2370.825112104416,10236,5520,10852,-223,-116,128,9692,-8968,9156,-35,111,-192,-14544,3960,3916,-978,110,-67,-14572,-3516,5896,-495,155,-86,0
2370.8586380481725,10148,5616,10856,-215,-148,129,9592,-8964,9156,-11,126,-202,-14448,3872,4028,-1010,124,-92,-14652,-3528,5664,-502,147,-66,0
2370.891704082489,10096,5664,10856,-115,-97,125,9864,-8888,9104,-35,117,-200,-14568,3936,4044,-774,111,-96,-14468,-3600,5924,-517,172,-112,0
2370.9253039360046,10172,5652,10840,-126,-124,117,9712,-9200,9024,-2,153,-189,-14832,3920,4040,-1003,136,-92,-14536,-3572,5744,-471,160,-78,0
2370.958727121353,10104,5600,10816,-158,-106,138,9696,-8712,9044,-51,117,-190,-14380,3972,3888,-1017,131,-49,-14548,-3520,5792,-452,104,-137,0
2370.9924280643463,10236,5672,10984,-131,-72,96,9680,-8948,9040,-63,122,-177,-14380,3948,3948,-1017,113,-18,-14400,-3796,5844,-477,143,-150,0
2371.0260469913483,10148,5600,10992,-179,-48,95,9688,-9024,9000,-24,165,-157,-14468,3980,4044,-1060,90,-75,-14352,-3624,5972,-486,120,-139,0
2371.0595009326935,10040,5692,10716,-123,-17,84,9692,-9000,9184,-23,169,-163,-14436,3976,4280,-1003,89,-67,-14580,-3724,5844,-485,103,-121,0
2371.0931680202484,10116,5732,10984,-125,-41,77,9632,-8992,8996,-55,143,-187,-14596,3968,4092,-1009,70,-79,-14524,-3592,5984,-499,153,-154,0
2371.12672996521,10100,5604,10820,-132,-34,66,9672,-8984,8752,-54,162,-164,-14552,3968,3964,-771,94,-52,-14516,-3616,5864,-494,139,-137,0
2371.1600821018214,10100,5568,10696,-104,-28,81,9500,-8892,9024,-30,147,-119,-14544,4032,3992,-1037,96,-40,-14608,-3652,5776,-489,106,-133,0
2371.1937100887294,10064,5676,10912,-121,32,85,9608,-8920,9080,-38,146,-147,-14480,3972,4004,-995,82,-25,-14580,-3836,5652,-494,68,-138,0
2371.2273490428925,10088,5668,10952,-149,-6,96,9668,-9216,9108,-69,141,-161,-14504,3976,4288,-1006,91,-57,-14636,-3588,5636,-486,113,-122,0
2371.2606930732727,10184,5776,10852,-103,-11,95,9684,-8988,9140,-66,132,-157,-14572,3900,4040,-1031,113,-13,-14516,-3580,5720,-510,159,-120,0
2371.2938799858093,10140,5700,10856,-114,-61,90,9664,-9024,8708,-36,99,-182,-14484,4044,3988,-1039,107,-40,-14540,-3536,5660,-760,164,-135,0
2371.3317151069646,10016,5624,10864,-83,-37,86,9608,-8936,8992,-45,134,-156,-14532,3996,4140,-1010,120,-93,-14676,-3532,5800,-495,167,-127,0
2371.367747068405,10116,5640,10500,-147,-81,91,9584,-9040,9000,-49,147,-167,-14576,4060,4264,-1279,121,-84,-14660,-3580,5828,-466,145,-139,0
2371.4028720855713,10088,5632,10980,-90,-44,85,9652,-9044,9100,-54,137,-176,-14580,4048,4152,-991,89,-90,-14512,-3512,5920,-505,135,-135,0
2371.438183069229,10124,5788,10652,-83,-74,108,9676,-8952,9104,-11,98,-162,-14412,3972,4024,-1038,97,-58,-14356,-3688,5836,-472,147,-146,0
2371.4737651348114,10232,5672,11088,-118,-116,98,9628,-9208,8972,-55,117,-192,-14524,4020,4016,-1045,103,-52,-14516,-3648,5944,-486,146,-130,0
2371.5093879699707,9820,5744,10680,-132,-64,99,9656,-8744,9012,-59,181,-192,-14452,4020,3804,-1000,112,-89,-14592,-3692,5892,-489,131,-131,0
2371.544583082199,10144,5624,10880,-98,-75,104,9644,-8988,9012,-80,96,-209,-14412,4028,4148,-772,113,-37,-14592,-3416,5996,-499,165,-114,0
2371.580295085907,10120,5636,10760,-66,-71,107,9692,-9212,9024,-27,114,-191,-14480,4060,4060,-1025,113,-89,-14552,-3820,5912,-511,160,-153,0
2371.6154141426086,10020,5648,10888,-81,-102,119,9644,-8972,8800,-36,149,-209,-14640,3980,4084,-1000,137,-42,-14472,-3616,5928,-487,170,-124,0
2371.6509981155396,10056,5636,10828,-122,-90,103,9640,-9012,8968,-50,134,-171,-14508,3984,4008,-997,123,-66,-14496,-3696,6040,-485,191,-138,0
2371.686187028885,10084,5744,10940,-77,-80,131,9492,-8992,8980,-76,126,-200,-14384,4016,3928,-1012,101,-14,-14552,-3648,5836,-518,149,-138,0
2371.7223720550537,10096,5628,10828,-143,-79,104,9724,-9024,8976,-83,100,-171,-14604,4028,4100,-776,54,-72,-14560,-3728,5860,-527,142,-163,0
2371.7576129436493,10132,5804,10828,-81,-35,94,9724,-8884,8960,-34,91,-161,-14616,3932,4212,-985,81,-78,-14688,-3736,5612,-500,122,-153,0
2371.793960094452,10120,5644,10716,-119,-106,102,9656,-9052,8952,-77,116,-182,-14612,4024,4144,-996,85,-12,-14568,-3836,6056,-488,131,-183,0
2371.8294010162354,10088,5668,10988,-135,-34,64,9484,-8956,9112,-21,205,-124,-14788,4060,4068,-993,20,-90,-14524,-3560,5828,-483,131,-164,0
2371.864289999008,10020,5700,11144,-106,-54,96,9564,-9056,9040,-35,124,-168,-14468,4032,4164,-1034,98,-38,-14564,-3632,5996,-517,130,-140,0
2371.900167942047,10076,5728,10992,-138,-51,83,9624,-8712,9156,-60,177,-168,-14428,4032,4032,-771,112,-78,-14568,-3660,6116,-451,117,-114,0
2371.9350421428685,10172,5776,10892,-174,-82,105,9728,-9032,9072,-63,137,-161,-14400,3992,3868,-974,119,-82,-14548,-3688,5812,-445,128,-129,0
2371.971759080887,10172,5724,10596,-84,-94,104,9600,-9036,9012,-33,126,-183,-14432,4040,3912,-1044,85,-72,-14520,-3640,5828,-462,157,-132,0
2372.005486011505,10064,5740,10892,-114,-98,132,9604,-9020,9160,-32,125,-181,-14460,4032,4060,-1016,111,-103,-14512,-3740,5640,-446,143,-106,0
2372.039077997208,10020,5720,10860,-113,-72,109,9532,-9024,9016,-44,113,-198,-14528,4000,3996,-1279,91,-47,-14484,-3824,5644,-463,149,-105,0
2372.072736978531,10048,5624,10760,-155,-79,117,9656,-9056,8948,-47,123,-184,-14496,4076,4012,-998,99,-52,-14832,-3652,5916,-468,112,-118,0
2372.106029987335,10056,5664,10516,-135,-50,97,9568,-9028,9004,-14,128,-179,-14520,4016,4080,-999,111,-81,-14520,-3824,5868,-474,150,-105,0
2372.1396520137787,10100,5716,10688,-156,-40,127,9632,-9124,9164,-26,145,-177,-14456,4056,3632,-1030,115,-72,-14356,-3628,5860,-483,146,-114,0
2372.173185110092,9980,5772,10708,-205,-46,101,9700,-9056,8904,-24,168,-178,-14528,3988,4008,-1002,81,-80,-14372,-3696,5960,-479,132,-117,0
2372.206498146057,10128,5740,10852,-247,-51,105,9616,-9032,8968,-40,165,-195,-14524,3984,3940,-986,84,-57,-14532,-3684,6004,-469,139,-111,0
2372.239825963974,10008,5760,10896,-232,-81,130,9600,-9068,9024,-21,157,-194,-14512,4064,4088,-984,66,-94,-14588,-3688,5884,-496,142,-105,0
2372.2734961509705,10084,5644,10744,-235,-38,146,9636,-9024,8908,-43,158,-167,-14552,3988,4188,-956,97,-121,-14584,-3596,5856,-479,141,-63,0
2372.3071689605713,10156,5800,10896,-221,-58,132,9568,-9012,8880,-29,160,-182,-14492,4056,4200,-956,76,-83,-14568,-3652,6132,-479,134,-82,0
2372.340234041214,9968,5744,10880,-246,-45,128,9580,-9000,9044,-20,178,-173,-14472,4024,4180,-989,88,-76,-14544,-3660,5928,-468,155,-98,0
2372.373829126358,10104,5692,10664,-256,-38,119,9560,-9052,9008,250,183,-205,-14544,3908,4284,-997,89,-120,-14500,-3828,6044,-469,162,-92,0
2372.407238006592,10188,5652,10848,-301,-16,130,9600,-9000,9044,-8,184,-159,-14576,3956,4016,-988,127,-110,-14596,-3540,5788,-447,116,-35,0
2372.44078207016,10204,5716,11024,-299,-82,152,9640,-8728,8932,20,141,-195,-14440,4008,4088,-1007,93,-83,-14472,-3524,5884,-470,165,-72,0
2372.4743740558624,9996,5712,10872,-371,-133,154,9620,-9072,9096,36,149,-181,-14444,4004,4068,-1005,89,-85,-14576,-3572,5940,-472,173,-93,0
2372.507925987244,10076,5716,10872,-292,-84,120,9660,-9040,9004,-4,150,-181,-14584,4020,4092,-981,96,-84,-14352,-3600,5796,-473,159,-95,0
2372.5412480831146,10068,5584,10844,-336,-108,98,9552,-9008,8996,251,147,-198,-14848,3988,4040,-977,90,-157,-14612,-3632,5832,-510,242,-102,0
2372.574723958969,10060,5636,10880,-302,-82,139,9640,-8964,9036,36,152,-205,-14484,3924,4064,-1048,97,-120,-14616,-3568,5748,-259,176,-67,0
2372.6082780361176,10100,5716,10816,-235,-86,123,9700,-9056,9032,14,144,-172,-14376,3980,3952,-991,63,-92,-14556,-3644,5808,-486,108,-111,0
2372.641701936722,10132,5676,10816,-248,-67,135,9592,-8972,9156,-22,120,-176,-14540,3928,3996,-976,67,-59,-14636,-3688,5896,-467,135,-89,0
2372.67516207695,10036,5708,10840,-251,-125,142,9640,-9016,9080,-27,114,-187,-14520,4008,4072,-989,113,-105,-14588,-3652,5880,-766,158,-65,0
2372.7086031436925,10084,5736,10856,-203,-136,151,9624,-9036,8964,-6,110,-184,-14492,4020,3856,-1020,112,-111,-14568,-3580,5864,-257,197,-76,0
2372.741858005524,10148,5580,10860,-252,-145,145,9592,-8992,9008,12,102,-207,-14464,4012,4072,-1033,140,-94,-14516,-3576,5880,-264,181,-72,0
2372.7753760814667,10060,5716,10788,-200,-129,124,9540,-9016,8788,-1,104,-217,-14508,3924,4048,-1005,147,-108,-14368,-3824,5760,-481,184,-73,0
2372.8090541362762,10092,5648,10864,-221,-138,139,9608,-9028,9020,12,155,-223,-14564,3984,4032,-1005,108,-109,-14348,-3352,5928,-496,180,-78,0
2372.842345952988,10072,5676,11008,-203,-114,109,9692,-8944,9028,8,161,-205,-14812,3964,3840,-994,109,-136,-14480,-3808,5816,-487,166,-86,0
2372.8758480548854,10152,5600,10992,-204,-152,141,9664,-8916,9080,-6,101,-202,-14548,3936,4020,-985,104,-94,-14536,-3608,5828,-493,156,-104,0
2372.9092290401454,10060,5612,10792,-194,-143,108,9624,-8916,9188,-30,135,-209,-14560,3992,4100,-994,146,-101,-14544,-3648,5696,-480,174,-105,0
2372.942765951156,10144,5596,10648,-169,-123,128,9664,-8904,9016,-55,124,-187,-14488,4000,4248,-1000,130,-84,-14608,-3652,5824,-478,125,-115,0
2372.9764189720154,10228,5548,10948,-147,-76,77,9604,-9060,9088,-27,122,-190,-14800,4064,3868,-1045,104,-28,-14480,-3680,5740,-265,149,-102,0
2373.013386964798,10044,5512,11004,-156,-73,129,9620,-8904,8956,-32,93,-181,-14460,3844,4048,-995,148,-75,-14472,-3588,5744,-463,130,-91,0
2373.048979997635,10196,5704,10932,-76,-64,71,9652,-9072,8960,-90,126,-202,-14568,4028,4084,-1023,119,-96,-14620,-3540,5880,-512,164,-125,0
2373.084417104721,10140,5624,10768,-165,-135,109,9504,-9204,9080,-45,162,-177,-14592,3980,3924,-1007,99,-92,-14604,-3572,5864,-473,121,-123,0
2373.1207799911494,10192,5644,10864,-83,-248,113,9632,-8924,9052,-19,141,-130,-14532,3932,4332,-1017,131,-9,-14616,-3708,5888,-488,114,-95,0
2373.1570761203766,10068,5708,10880,-125,-22,132,9648,-8992,8924,-10,132,-148,-14596,3868,4004,-1060,139,-251,-14640,-3788,5868,-490,153,-121,0
2373.1924920082092,10084,5744,10984,-124,-49,82,9612,-8968,9112,-60,151,-180,-14580,4056,4156,-1015,96,-89,-14468,-3672,5676,-462,154,-129,0
2373.2284989356995,10052,5696,10980,-98,-71,86,9616,-8984,9164,-72,144,-185,-14484,4084,3904,-1012,88,-73,-14604,-3628,5760,-764,117,-143,0
2373.263710975647,10056,5616,10816,-90,-58,77,9536,-9044,9208,-44,141,-145,-14472,3984,4084,-990,84,-59,-14628,-3544,5876,-505,131,-132,0
2373.299649953842,10124,5572,10916,-95,-17,69,9580,-9116,9004,-59,123,-148,-14564,4100,3924,-1000,97,-68,-14548,-3584,6120,-461,103,-97,0
2373.3348381519318,10116,5612,11080,-119,-65,114,9616,-8996,8832,-73,156,-152,-14628,3964,4148,-987,103,-56,-14588,-3632,5808,-508,135,-123,0
2373.3701980113983,10192,5784,10780,-109,-73,130,9572,-8996,9044,-35,149,-168,-14520,3960,4016,-1018,99,-78,-14572,-3652,5888,-487,121,-139,0
2373.405863046646,10012,5428,10804,-111,-61,113,9628,-8956,9048,-72,118,-183,-14572,3924,4116,-983,92,-49,-14584,-3596,5656,-509,163,-116,0
2373.441503047943,10140,5632,10940,-82,-105,88,9636,-9020,9104,-57,142,-194,-14576,3920,3988,-1014,93,-50,-14536,-3644,5840,-499,145,-176,0
2373.4773390293126,10124,5392,10656,-71,-76,90,9680,-8992,9184,-28,186,-166,-14616,4092,4032,-1061,124,-62,-14580,-3604,5876,-490,142,-141,0
2373.51309299469,10084,5644,10780,-94,-59,94,9592,-9180,9140,-35,140,-166,-14592,4012,4216,-1002,106,-5,-14660,-3688,5720,-484,137,-178,0
2373.5487129688263,10096,5704,10872,-101,-49,77,9596,-8736,9056,-50,169,-158,-14456,4020,4076,-1011,104,-55,-14576,-3480,5748,-484,116,-174,0
2373.583657979965,10112,5436,10836,-55,-70,65,9608,-9024,8804,-34,114,-185,-14588,4032,3920,-1023,121,-40,-14496,-3608,6008,-512,161,-145,0
2373.619290113449,10064,5780,10828,-72,-97,92,9588,-9208,9068,-29,111,-208,-14580,3960,3856,-1003,141,-65,-14352,-3760,5692,-482,159,-125,0
2373.6553061008453,10048,5676,10760,-93,-102,111,9612,-8968,8720,-86,89,-172,-14772,3988,4252,-1012,100,-88,-14652,-3576,5960,-498,159,-138,0
2373.6890571117406,10060,5792,11000,-90,-90,122,9672,-8952,9120,-73,106,-164,-14508,3852,3884,-1021,112,-88,-14528,-3708,5924,-525,149,-143,0
2373.7226209640503,10108,5660,10772,-98,-69,111,9504,-9028,9004,-45,75,-156,-14440,4032,4284,-1007,114,-43,-14644,-3676,6088,-490,141,-146,0
2373.756083011627,10044,5676,10748,-71,-46,109,9636,-8908,8952,-64,97,-169,-14340,4072,4068,-1007,96,-9,-14556,-3596,6084,-481,118,-147,0
2373.7897441387177,10088,5740,10824,-99,-29,113,9556,-9024,9008,-38,135,-182,-14524,4012,4056,-1016,101,-38,-14364,-3736,5868,-492,140,-139,0
2373.8231539726257,10100,5660,10784,-111,-61,97,9884,-9000,9008,-44,96,-187,-14412,3912,3844,-1009,134,-79,-14488,-3672,6072,-258,157,-124,0
2373.8589811325073,10088,5764,10828,-147,-99,96,9564,-8920,8900,-37,169,-193,-14504,3960,3972,-994,134,-81,-14636,-3704,5660,-471,151,-117,0
2373.892732143402,10176,5800,10748,-96,-97,111,9676,-9076,9028,-98,143,-193,-14552,3968,4060,-975,58,-16,-14628,-3352,5668,-766,120,-163,0
2373.926232099533,10136,5672,10860,-197,-93,82,9664,-9108,9152,-3,128,-161,-14560,4092,4124,-996,77,-68,-14576,-3676,5380,-471,146,-141,0
2373.959995985031,10044,5800,10728,-96,-31,114,9648,-8712,8984,-35,135,-172,-14536,3944,4136,-1021,84,-45,-14440,-3624,5720,-471,119,-159,0
2373.9936180114746,10028,5840,10800,-145,-66,79,9728,-8872,8988,-67,169,-202,-14520,3936,4092,-996,112,-69,-14596,-3584,5872,-496,156,-115,0
2374.0270659923553,10156,5652,10760,-185,-30,88,9712,-9064,9116,249,186,-138,-14432,4032,4092,-1068,109,-75,-14592,-3560,5868,-463,158,-113,0
2374.0605969429016,10064,5732,10752,-111,-21,119,9612,-8972,8756,-254,150,-142,-14592,3936,4020,-1009,90,-50,-14480,-3644,6092,-513,130,-143,0
2374.094185113907,10028,5752,10908,-119,-33,114,9684,-9092,9064,-42,145,-167,-14344,4024,4316,-974,91,-42,-14504,-3588,5972,-486,100,-149,0
2374.1277420520782,10032,5792,11068,-163,-42,77,9624,-8924,8916,-69,141,-190,-14412,3912,4200,-970,115,-53,-14520,-3836,5672,-468,138,-92,0
2374.1614151000977,10112,5700,10544,-176,-48,109,9696,-8992,9028,-37,160,-162,-14492,3968,4040,-1034,115,-118,-14568,-3756,5724,-481,176,-112,0
2374.195019006729,10088,5768,10812,-185,-39,120,9512,-8928,8972,11,143,-193,-14488,4112,4164,-1009,123,-98,-14464,-3684,5896,-471,160,-98,0
2374.228626012802,10000,5636,10788,-241,-66,109,9692,-9072,9008,-9,148,-192,-14548,4080,3984,-994,113,-65,-14532,-3680,5972,-466,153,-101,0
2374.262148141861,10048,5748,10900,-259,-93,110,9624,-9036,8976,-4,131,-201,-14536,4124,4228,-991,96,-98,-14500,-3712,5988,-487,143,-85,0
2374.295809030533,9960,5772,10832,-216,-111,120,9940,-9112,9048,-31,134,-168,-14544,4012,3892,-971,70,-102,-14424,-3664,5680,-524,185,-94,0
2374.329535007477,10160,5712,11144,-228,-87,128,9636,-9016,9016,-37,142,-181,-14500,4016,3948,-962,77,-83,-14452,-3752,6008,-500,127,-99,0
2374.3629200458527,10004,5756,10788,-10,-34,122,9664,-9032,9024,-32,151,-190,-14512,3972,4172,-952,88,-118,-14544,-3692,5808,-492,139,-77,0
2374.396093130112,10120,5728,10840,-306,-44,100,9608,-9024,9052,-13,191,-185,-14540,3972,4180,-941,97,-94,-14488,-3644,5756,-442,126,-73,0
2374.429883956909,10076,5852,10868,-332,-21,105,9676,-8904,8944,13,175,-185,-14516,3912,4136,-1019,96,-80,-14480,-3568,5900,-481,177,-71,0
2374.4634659290314,10056,5416,10824,-310,-91,147,9660,-8976,9068,11,171,-184,-14608,4028,4324,-774,89,-126,-14532,-3632,5940,-461,210,-65,0
2374.4972620010376,10100,5604,10932,-309,-62,122,9952,-8996,9044,24,174,-211,-14780,4016,3988,-988,97,-103,-14836,-3572,5888,-483,166,-88,0
2374.530862092972,10104,5632,10796,-273,-114,137,9568,-9016,8756,0,179,-199,-14492,4004,3984,-1013,70,-174,-14508,-3680,5772,-454,197,-77,0
2374.5645139217377,10064,5636,10680,-272,-160,117,9620,-9072,9064,31,161,-217,-14500,3924,4056,-1009,109,-87,-14664,-3712,5824,-511,144,-72,0
2374.5979211330414,10092,5684,10752,-253,-58,144,9648,-8952,9008,-10,141,-177,-14468,4052,4060,-1013,106,-100,-14664,-3620,5824,-508,113,-74,0
2374.6313631534576,10152,5632,10784,-249,-74,121,9604,-9136,9200,24,111,-172,-14584,3976,4088,-1266,71,-83,-14512,-3668,5884,-476,132,-53,0
2374.6644201278687,10088,5484,10888,-275,-117,163,9664,-8948,8928,29,161,-175,-14468,4012,4192,-1008,119,-89,-14648,-3668,5884,-473,117,-98,0
2374.701784133911,10136,5668,10780,-226,-99,135,9656,-9012,9000,-25,125,-217,-14524,4024,4008,-979,89,-94,-14568,-3616,5948,-475,177,-129,0
2374.7377870082855,10124,5392,10760,-286,-175,121,9568,-9208,9080,14,141,-222,-14556,3984,4036,-1016,103,-95,-14660,-3584,6092,-468,171,-56,0
2374.7732160091405,10084,5616,10528,-223,-116,153,9492,-9016,9408,15,127,-160,-14548,3948,3988,-1036,105,-121,-14592,-3676,5956,-489,131,-100,0
2374.809203147888,10136,5636,10824,-254,-114,140,9592,-9024,9372,-247,136,-163,-14600,3972,4112,-995,89,-87,-14356,-3772,6076,-466,107,-92,0
2374.8450560569763,10084,5880,10836,-286,-140,134,9576,-9000,9144,-26,124,-198,-14492,4016,4008,-977,103,-93,-14648,-3600,5748,-497,147,-69,0
2374.8808319568634,10168,5692,10940,-200,-157,108,9604,-9004,9176,7,102,-201,-14460,3876,4112,-997,139,-123,-14524,-3544,6104,-496,191,-84,0
2374.9160010814667,9988,5604,10928,-202,-155,149,9568,-8956,9084,6,97,-211,-14476,3956,3936,-1061,137,-113,-14712,-3628,5736,-485,188,-78,0
2374.9514689445496,10068,5604,10860,-158,-174,122,9760,-8920,9204,-38,123,-208,-14544,3968,4000,-996,133,-89,-14364,-3656,5664,-474,186,-107,0
2374.9875321388245,10112,5460,10728,-146,-104,104,9684,-8784,9048,-50,112,-222,-14516,4076,4072,-974,125,-69,-14608,-3624,5636,-259,157,-108,0
2375.022352933884,10184,5600,10876,-143,-80,94,9540,-8712,9132,-37,122,-194,-14556,3964,3888,-999,93,-71,-14552,-3552,5752,-485,135,-131,0
2375.0584459304814,10168,5680,10848,-128,-69,74,9632,-8956,9136,-52,149,-178,-14536,3928,4088,-1028,127,-61,-14612,-3804,5788,-503,151,-164,0
2375.0938110351562,10156,5736,10808,-118,-55,96,9556,-8736,9056,-39,167,-203,-14524,3856,3944,-1039,78,-45,-14576,-3684,5824,-489,169,-114,0
2375.1292531490326,10148,5648,10844,-149,-96,56,9668,-8932,9080,-40,148,-200,-14788,3956,4100,-1049,98,-40,-14640,-3628,6080,-489,137,-159,0
2375.1645839214325,10128,5640,10844,-150,-62,86,9644,-9024,8916,-57,139,-172,-14560,3900,4000,-1036,102,-45,-14356,-3700,5836,-506,136,-115,0
2375.1996750831604,10156,5636,10852,-126,-49,60,9628,-8928,8924,-62,114,-154,-14512,4044,4116,-1002,118,-40,-14576,-3596,5924,-508,117,-128,0
2375.2350809574127,10012,5624,10768,-80,-42,89,9640,-8944,9160,-58,121,-150,-14592,3876,4220,-1034,117,-51,-14556,-3600,5876,-488,111,-116,0
2375.2700719833374,10020,5692,10620,-90,-36,79,9652,-8952,9280,-74,131,-155,-14484,3952,3960,-1004,122,-1,-14700,-3564,5852,-488,92,-101,0
2375.3053040504456,10200,5620,10968,-92,-43,123,9728,-9104,9088,-67,122,-146,-14468,3948,4012,-1020,105,-60,-14400,-3588,5788,-506,119,-148,0
2375.3409399986267,10148,5556,10812,-124,-61,114,9596,-8940,9068,-57,112,-158,-14408,3916,3940,-1277,87,-76,-14580,-3684,5832,-496,113,-119,0
2375.374398946762,10080,5676,10704,-58,-42,98,9616,-9200,9068,-54,119,-166,-14824,3960,4068,-991,139,-39,-14532,-3680,5764,-489,138,-151,0
2375.4079360961914,10188,5652,10816,-111,-89,78,9612,-9024,9072,-54,165,-203,-14600,3964,4156,-1008,94,-47,-14532,-3424,5632,-495,170,-153,0
2375.4417059421535,10204,5564,10956,-101,-20,105,9564,-8940,8908,-42,174,-174,-14500,4004,3916,-1009,108,-19,-14568,-3572,5752,-501,149,-131,0
2375.4752280712128,10160,5720,10848,-63,-23,107,9480,-8976,9020,-44,172,-147,-14484,3980,4184,-1020,86,-57,-14700,-3392,6040,-487,123,-170,0
2375.5086669921875,10040,5716,10756,-103,-44,86,9644,-9208,8744,-86,154,-169,-14480,4016,4124,-1019,85,-68,-14348,-3664,5916,-485,86,-161,0
2375.5421199798584,10076,5680,10860,-133,-81,78,9516,-9200,9072,-81,126,-159,-14444,4000,4120,-1014,123,-77,-14500,-3356,5840,-505,130,-157,0
2375.5755240917206,10056,5708,10800,-82,-112,111,9708,-8872,9048,-42,93,-181,-14516,4264,4264,-1022,114,-62,-14512,-3392,5784,-524,157,-128,0
2375.609283924103,10136,5708,10748,-69,-73,84,9568,-8984,9136,-53,93,-187,-14480,4048,3964,-1065,113,-58,-14848,-3616,5860,-484,178,-156,0
2375.642566919327,10048,5680,10660,-39,-74,115,9972,-8828,9016,-90,115,-190,-14524,3956,3896,-1019,126,-91,-14564,-3624,5920,-510,170,-120,0
2375.67617893219,10088,5640,10788,-123,-89,109,9640,-9020,9112,-19,139,-199,-14480,4036,3944,-969,117,-76,-14504,-3596,5768,-499,156,-135,0
2375.7099239826202,10096,5780,10808,-122,-91,132,9696,-8988,9064,-38,110,-191,-14584,3964,4036,-1017,96,-91,-14652,-3808,5976,-500,189,-125,0
2375.7432820796967,10108,5756,10836,-102,-122,105,9572,-8964,9096,-45,113,-194,-14428,3984,3888,-1021,120,-47,-14620,-3660,6076,-509,141,-123,0
2375.7768909931183,10128,5652,10948,-90,-73,95,9704,-9032,9032,-61,108,-182,-14508,3984,3988,-982,88,-48,-14512,-3756,5820,-482,176,-151,0
2375.81027507782,10164,5708,10504,-155,-68,92,9664,-9136,9012,-60,134,-189,-14500,3960,4252,-975,108,-79,-14668,-3616,5920,-464,184,-142,0
2375.8436551094055,10104,5608,10988,-99,-93,95,9680,-9036,9076,-29,100,-171,-14340,4036,3980,-1024,132,-84,-14648,-3540,5720,-484,174,-122,0
2375.87722492218,10148,5660,10864,-80,-89,92,9636,-8984,8940,-35,119,-205,-14540,4032,3916,-1046,70,-34,-14488,-3600,5944,-493,140,-121,0
2375.910181045532,10128,5660,10876,-117,-42,100,9668,-9016,8980,-53,137,-173,-14428,4032,3904,-996,103,-74,-14576,-3588,5920,-475,135,-110,0
2375.943629026413,10068,5692,10868,-146,-72,99,9660,-9004,9032,-30,174,-169,-14504,4008,3860,-1038,138,-97,-14548,-3604,5928,-484,169,-138,0
2375.9772269725804,10132,5696,10824,-148,-48,78,9560,-9064,8764,-45,132,-169,-14528,4048,3880,-1043,120,-47,-14576,-3608,5984,-489,131,-124,0
2376.010678052902,10108,5736,11008,-101,-73,112,9656,-8956,9156,-84,121,-175,-14348,3980,4184,-998,117,-36,-14356,-3688,5904,-514,143,-141,0
2376.0440571308136,10104,5668,10712,-151,-63,77,9652,-9008,8856,-30,136,-172,-14516,4052,4116,-1027,82,-58,-14560,-3704,5804,-768,133,-143,0
2376.077656030655,10136,5820,10740,-131,-27,87,9600,-8736,9104,-41,174,-184,-14380,3996,3848,-976,69,-65,-14500,-3600,5660,-475,134,-146,0
2376.11105298996,10052,5752,10972,-158,-106,86,9652,-9072,8956,-36,189,-192,-14556,3968,3888,-1006,100,-39,-14508,-3528,5900,-476,132,-164,0
2376.1441309452057,10188,5696,10944,-177,-51,66,9648,-9144,8992,-15,173,-192,-14488,4008,4136,-1054,69,-15,-14576,-3336,5756,-454,147,-124,0
2376.17773103714,9828,5744,10976,-118,-30,100,9616,-9056,9176,-31,131,-167,-14468,3996,4068,-1055,90,-43,-14344,-3684,5984,-486,141,-137,0
2376.211230993271,10096,5756,10928,-144,-19,104,9652,-8988,9028,-51,179,-163,-14508,4060,4292,-960,75,-96,-14552,-3740,6088,-472,123,-132,0
2376.244593143463,10092,5684,10540,-173,-54,102,9636,-9096,8904,-67,170,-166,-14572,4060,4144,-963,86,-49,-14520,-3548,5792,-466,116,-146,0
2376.2779359817505,10032,5820,10992,-143,-85,96,9704,-9092,9132,-67,148,-185,-14532,4016,3876,-1010,112,-37,-14544,-3608,5768,-482,121,-106,0
2376.311459064484,9780,5632,10696,-192,-63,111,9656,-8964,9008,-22,131,-175,-14384,4048,3876,-1047,116,-78,-14564,-3720,5824,-477,176,-95,0
2376.3447990417485,10040,5752,10876,-150,-35,109,9620,-8984,8980,-35,135,-193,-14508,3992,4324,-1038,96,-50,-14380,-3704,6028,-457,159,-118,0
2376.3825061321254,10052,5672,10844,-192,-53,114,9580,-9032,9160,-9,130,-195,-14560,4048,3864,-989,101,-93,-14648,-3752,6020,-468,145,-125,0
2376.427757024765,10100,5780,10948,-214,-64,131,9652,-9104,9208,3,145,-179,-14344,4008,4084,-966,98,-150,-14700,-3640,6124,-483,146,-79,0
2376.4767570495605,10100,5800,10776,-262,-76,116,9648,-9108,9016,-32,155,-175,-14452,4100,4148,-949,111,-110,-14616,-3712,5672,-453,141,-95,0
2376.521492958069,10080,5728,10708,-273,-55,110,9708,-9028,9024,-77,155,-204,-14460,4028,3884,-946,83,-110,-14656,-3736,5740,-470,138,-90,0
2376.557116985321,10016,5736,10776,-276,-40,114,9548,-9044,9024,-29,136,-202,-14448,4088,3892,-975,80,-95,-14532,-3624,5732,-457,110,-80,0
2376.5923120975494,10100,5720,10860,-247,-13,113,9620,-9004,8940,-15,149,-179,-14576,3992,3972,-1003,78,-91,-14640,-3704,5788,-481,144,-64,0
2376.6274070739746,10064,5672,10840,-282,-33,143,9676,-9068,8980,-4,155,-177,-14500,4032,4132,-1003,114,-130,-14600,-3648,5864,-439,151,-65,0
2376.6625580787654,9960,5708,10536,-285,-97,127,9692,-9068,8916,-255,144,-185,-14548,4088,4136,-772,131,-151,-14448,-3620,5792,-459,161,-78,0
2376.6981539726257,10208,5732,10992,-264,-105,150,9652,-9048,9080,254,144,-190,-14580,3992,4016,-1014,119,-162,-14612,-3584,5892,-475,161,-65,0
2376.7332389354706,10036,5672,10860,-274,-116,147,9656,-8996,8936,5,155,-178,-14512,3956,4088,-982,101,-116,-14520,-3712,5772,-494,160,-81,0
2376.7689759731293,10064,5716,10880,-316,-106,131,9624,-8908,9116,35,129,-195,-14484,4012,4320,-970,122,-128,-14608,-3592,5992,-421,151,-70,0
2376.80437207222,10100,5600,10744,-295,-106,153,9584,-8860,9012,-26,162,-176,-14604,3884,4072,-996,77,-103,-14592,-3568,5768,-498,125,-75,0
2376.839688062668,10084,5688,10904,-312,-116,126,9492,-8968,9108,11,138,-181,-14584,4012,4152,-975,78,-102,-14488,-3668,5980,-477,128,-120,0
2376.8748631477356,9972,5720,10840,-257,-105,135,9636,-9096,9124,26,149,-196,-14472,3996,4216,-1013,140,-92,-14620,-3672,5776,-471,127,-95,0
2376.9100470542908,10160,5644,10992,-220,-97,118,9624,-8996,8952,-27,129,-215,-14540,3956,3924,-963,94,-145,-14692,-3620,5844,-501,162,-93,0
2376.9454660415654,10128,5488,10664,-6,-164,131,9620,-9020,8916,21,129,-184,-14528,4112,3852,-1026,114,-124,-14516,-3592,6040,-465,159,-94,0
2376.9810750484467,10104,5544,10844,-229,-136,155,9636,-8972,8880,28,153,-163,-14528,3824,4044,-1045,93,-63,-14448,-3564,5728,-486,116,-88,0
2377.016762018204,10120,5552,10968,-270,-119,145,9672,-9012,9164,-20,129,-191,-14532,3960,4144,-978,85,-88,-14568,-3580,5908,-461,131,-103,0
2377.050189971924,10100,5580,10972,-272,-164,136,9552,-9076,9164,-38,126,-183,-14524,4000,4068,-983,119,-143,-14580,-3572,5964,-499,156,-82,0
2377.0836930274963,10048,5464,10880,-248,-156,146,9716,-8932,9164,-2,91,-200,-14516,3892,3992,-1017,97,-135,-14792,-3632,5768,-258,150,-106,0
2377.1173529624934,10168,5560,10892,-226,-169,170,9660,-8984,9040,6,98,-213,-14428,3952,4044,-1279,127,-109,-14516,-3520,5688,-474,183,-55,0
2377.1506400108337,10088,5644,10872,-180,-147,127,9668,-9032,9168,-2,109,-227,-14508,3848,4016,-1011,126,-75,-14516,-3760,5836,-478,182,-108,0
2377.1838259696965,10176,5552,11004,-204,-162,117,9580,-8976,9008,-22,143,-210,-14504,4044,4040,-987,114,-109,-14608,-3624,5884,-483,199,-114,0
2377.217545032501,10148,5588,10956,-138,-121,132,9708,-8984,9000,-31,124,-199,-14532,3988,4000,-990,128,-99,-14616,-3552,5764,-498,144,-77,0
2377.25071310997,10184,5528,10832,-113,-99,116,9500,-8844,9020,-42,92,-195,-14504,3972,4220,-1033,191,-54,-14356,-3616,5708,-470,165,-91,0
2377.284275054932,10144,5572,10832,-121,-91,116,9604,-9192,9204,-56,133,-188,-14528,3884,4056,-1034,86,-64,-14848,-3664,5792,-483,152,-156,0
2377.317945957184,10180,5624,10968,-151,-64,69,9592,-8992,9080,-45,173,-187,-14492,3920,4172,-1020,100,-54,-14608,-3544,5636,-475,131,-150,0
2377.351376056671,10476,5860,10892,-121,-52,82,9712,-8996,9144,-44,143,-190,-14552,4012,4072,-1033,72,-76,-14360,-3596,5884,-487,139,-126,0
2377.3848860263824,10124,5668,10896,-108,-49,101,9664,-9052,9144,-36,123,-158,-14492,3896,4032,-1276,120,-68,-14808,-3596,5712,-475,158,-122,0
2377.4184329509735,10084,5600,10896,-92,-67,105,9624,-8936,9048,-43,145,-186,-14428,3992,3844,-1041,109,-60,-14456,-3612,5916,-479,145,-133,0
2377.451928138733,10012,5708,10864,-107,-65,91,9656,-9088,9060,-43,151,-164,-14512,3980,3960,-1020,128,-65,-14556,-3620,5764,-263,135,-157,0
2377.4854979515076,10116,5696,10788,-88,-63,85,9708,-8968,9100,-42,175,-203,-14500,3960,3916,-1006,115,-82,-14616,-3348,5884,-480,160,-148,0
2377.519143104553,10140,5548,11040,-102,-38,106,9676,-8908,9036,-65,162,-148,-14548,3872,3988,-1002,117,-52,-14380,-3576,5860,-482,95,-99,0
2377.5527839660645,10212,5540,10832,-85,-72,86,9756,-9108,8992,-64,115,-147,-14552,3992,3924,-1010,74,-24,-14584,-3628,6088,-762,122,-158,0
2377.5860049724574,10120,5548,10876,-96,-28,92,9616,-8968,9080,-22,127,-153,-14480,3964,4320,-1013,92,-42,-14468,-3616,5916,-498,119,-147,0
2377.6199431419373,9964,5644,10908,-31,-23,88,9584,-9016,8792,-74,112,-184,-14508,3972,4228,-984,121,-42,-14540,-3604,5712,-481,150,-138,0
2377.6532909870148,10092,5648,10968,-89,-109,88,9732,-9040,8792,-87,120,-203,-14532,3864,3840,-984,98,-104,-14472,-3640,5912,-494,154,-157,0
2377.6868319511414,10104,5616,10740,-124,-47,79,9636,-8952,8964,-50,177,-164,-14508,3976,3888,-1277,109,-66,-14520,-3476,5852,-498,142,-158,0
2377.7205350399017,10100,5616,10988,-80,-46,100,9644,-9176,8940,254,118,-160,-14392,3956,4024,-770,85,247,-14600,-3632,5856,-478,112,-147,0
2377.753961086273,10096,5736,10864,-89,-63,80,9644,-9012,9184,-28,155,-179,-14380,4040,4124,-987,96,-16,-14568,-3652,5928,-486,131,-159,0
2377.7875471115112,9988,5764,10884,-143,-86,64,9492,-8900,9028,-71,135,-157,-14836,3872,4296,-1011,98,-72,-14544,-3664,5688,-497,140,-126,0
2377.8207609653473,10088,5712,10784,-76,-67,97,9644,-8980,9088,-87,88,-190,-14488,3952,4096,-1025,125,-90,-14508,-3356,5728,-511,127,-131,0
2377.854282140732,10172,5700,10760,-84,-99,96,9576,-8996,9112,-44,141,-159,-14476,4068,4144,-1038,140,-44,-14496,-3636,5656,-527,177,-122,0
2377.8875610828404,10056,5864,10792,-42,-54,105,9624,-9036,9080,-49,102,-189,-14516,4008,4056,-1005,101,-56,-14524,-3740,5676,-509,180,-127,0
2377.9211599826813,10108,5860,10880,-89,-106,105,9664,-9008,9124,-22,131,-196,-14600,3868,4200,-983,114,-85,-14592,-3736,5920,-486,155,-136,0
2377.954309940338,10124,5608,10780,-94,-94,86,9644,-8976,8916,-51,101,-197,-14528,3968,4128,-1033,115,-113,-14604,-3644,5832,-493,156,-100,0
2377.9878540039062,9956,5640,10920,-99,-81,106,9596,-9152,8896,-59,137,-193,-14512,3992,4144,-770,96,-51,-14544,-3824,5632,-492,162,-134,0
2378.021289110184,10068,5692,10748,-109,-102,110,9616,-9016,8940,-52,135,-180,-14476,3976,4048,-1002,124,-65,-14460,-3676,5888,-512,157,-143,0
2378.0588829517365,10052,5664,10672,-141,-78,111,9568,-8996,9180,-61,111,-186,-14552,4024,4088,-1002,94,-60,-14588,-3952,5680,-481,147,-145,0
2378.0943560600285,10140,5872,10840,-108,-83,74,9664,-8964,8732,-41,123,-176,-14504,4092,3880,-1033,112,-66,-14644,-3572,5708,-508,148,-126,0
2378.1296930313106,10044,5692,10772,-91,-75,99,9664,-8944,8860,-44,106,-184,-14412,3968,3988,-1027,95,-86,-14388,-3644,5940,-486,163,-127,0
2378.16463303566,10104,5732,11004,-123,-53,116,9660,-9184,8760,-58,104,-175,-14520,3928,4032,-1280,96,-48,-14740,-3624,5848,-521,149,-122,0
2378.2001111507416,10112,5696,10872,-107,-71,119,9668,-9112,9160,-37,134,-180,-14552,3944,4348,-1002,103,-54,-14560,-3608,5776,-489,134,-128,0
2378.235902070999,10052,5776,10812,-94,-70,113,9604,-8892,8972,-30,116,-187,-14544,4040,3940,-995,99,-101,-14564,-3712,5680,-499,176,-108,0
2378.2718081474304,10388,5680,10804,-114,-67,83,9648,-8740,9168,-49,137,-173,-14520,4016,4140,-1022,130,-59,-14352,-3728,5892,-478,142,-147,0
2378.307408094406,10176,5744,10712,-105,-65,74,9660,-9080,9180,-65,127,-161,-14580,4016,3960,-1272,91,-1,-14848,-3540,6104,-497,109,-133,0
2378.3430910110474,10056,5728,10664,-126,-57,104,9768,-9016,9016,-43,143,-158,-14796,3992,4052,-1017,78,-63,-14564,-3608,5848,-513,123,-147,0
2378.3791620731354,10116,5736,10788,-127,-47,104,9584,-8736,9048,-36,162,-152,-14480,3944,3960,-1010,108,-34,-14492,-3744,5824,-471,152,-126,0
2378.4142570495605,10220,5820,10864,-116,-48,80,9668,-9052,9000,-66,166,-184,-14620,4008,4136,-1005,64,-68,-14608,-3528,5868,-486,154,-144,0
2378.450513124466,10072,5668,10700,-160,-68,85,9668,-9116,9072,-11,168,-185,-14400,4048,4060,-1011,81,-54,-14516,-3588,6064,-472,125,-137,0
2378.4861891269684,9808,5708,10832,-125,-30,92,9592,-8716,9112,-35,153,-139,-14476,3976,4128,-1280,67,-28,-14348,-3644,5668,-478,122,-131,0
2378.5222120285034,10004,5756,10852,-155,-12,92,9676,-8976,9016,-37,167,-155,-14532,4084,4204,-999,95,-71,-14684,-3696,5860,-470,100,-149,0
2378.558081150055,10112,5708,10916,-186,-36,73,9648,-9056,8992,-39,176,-184,-14504,3860,4232,-959,89,-69,-14460,-3676,5848,-462,147,-111,0
2378.5936400890346,9968,5764,10776,-201,-50,110,9660,-9116,8980,-19,158,-166,-14412,4048,4004,-991,85,-94,-14584,-3660,5896,-490,162,-122,0
2378.6287920475006,9760,5804,10900,-222,-69,119,9576,-9052,9040,251,144,-197,-14540,4104,4056,-995,109,-115,-14432,-3520,5792,-474,157,-78,0
2378.6641199588776,10108,5676,10792,-187,-75,137,9548,-9056,9136,-13,101,-210,-14340,3972,4236,-997,102,-88,-14620,-3736,5940,-768,181,-60,0
2378.7001099586487,10080,5760,10956,-226,-74,120,9668,-9040,9064,-26,114,-179,-14580,4104,4152,-990,140,-72,-14512,-3696,5852,-475,163,-73,0
2378.7336900234222,10188,5752,10960,-248,-44,122,9620,-8932,9060,-31,145,-211,-14592,3908,4100,-990,74,-141,-14564,-3724,6008,-475,167,-67,0
2378.767231941223,10012,5620,10868,-322,252,86,9620,-8748,9056,-15,176,-163,-14476,3960,4188,-960,76,-116,-14544,-3600,5748,-464,119,-87,0
2378.800878047943,10148,5476,11212,-332,-27,110,9716,-9040,8948,17,209,-163,-14516,3940,4016,-947,67,-102,-14352,-3720,5788,-445,124,-79,0
2378.834344148636,10036,5644,10544,-305,-29,106,9712,-9056,8948,-32,207,-176,-14588,4004,4008,-957,93,-102,-14648,-3696,6060,-447,126,-114,0
2378.8735680580135,10076,5868,10984,-366,-59,88,9616,-9064,9028,48,174,-190,-14504,4084,4172,-1001,79,-120,-14520,-3832,5664,-501,176,-117,0
2378.9071741104126,9996,5696,10916,-356,-126,148,9948,-8816,9004,62,157,-199,-14480,4000,4168,-1030,107,-118,-14440,-3636,5800,-434,202,-81,0
2378.9407260417934,10216,5876,10932,-333,-132,138,9648,-8864,9088,2,151,-214,-14524,3976,4052,-966,109,-171,-14552,-3404,5940,-424,176,-68,0
2378.973794937134,10152,5584,10940,-349,-167,152,9776,-8776,8976,-3,198,-177,-14620,3936,4280,-1003,109,-131,-14416,-3348,5864,-462,160,-98,0
2379.007432937622,10148,5700,10876,-340,-170,172,9604,-8992,8972,10,173,-190,-14512,3956,3956,-1001,114,-81,-14568,-3608,5928,-461,123,-76,0
2379.0411190986633,10124,5648,10892,-285,-111,146,9572,-9192,9052,33,170,-177,-14488,3968,3992,-984,102,-59,-14576,-3596,5864,-447,134,-83,0
2379.07444691658,10072,5556,10856,-338,-123,149,9688,-9036,9120,21,113,-215,-14520,4052,4244,-1001,122,-113,-14448,-3640,5956,-458,121,-103,0
2379.1080920696254,10032,5376,10828,-265,-124,176,9600,-8880,9128,-23,106,-179,-14572,4068,4024,-1011,123,-120,-14516,-3596,5752,-761,126,-90,0
2379.1412830352783,10168,5752,10828,-244,-155,162,9712,-8932,8832,-252,57,-188,-14476,3952,4232,-990,99,-87,-14560,-3652,5748,-469,172,-63,0
2379.174721956253,10100,5556,10804,-214,-135,153,9468,-8980,9124,247,131,-195,-14508,4012,4128,-1002,141,-116,-14504,-3596,5832,-465,196,-49,0
2379.208081007004,10064,5612,10888,-295,-240,141,9672,-9076,9144,19,72,-232,-14472,4072,4016,-1063,154,-180,-14628,-3524,5892,-459,231,-70,0
2379.2418870925903,10080,5884,10780,-250,-228,164,9676,-8972,9024,12,74,-237,-14500,3972,4320,-1007,142,-155,-14536,-3784,6132,-468,192,-84,0
2379.275535106659,10156,5588,10840,-233,-167,170,9720,-8712,9016,-6,116,-208,-14776,4004,3856,-983,162,-136,-14600,-3652,5916,-497,149,-113,0
2379.309193134308,10088,5516,10860,-183,-139,140,9976,-9044,8940,-51,136,-181,-14588,3888,3856,-992,144,-100,-14524,-3556,5784,-505,154,-100,0
2379.3427119255066,10200,5532,10788,-67,-123,106,9732,-8716,9144,-83,54,-211,-14580,3932,3916,-994,83,-75,-14560,-3628,5848,-517,129,-123,0
2379.3764691352844,10120,5532,10804,-115,-118,138,9652,-8920,8888,-47,87,-207,-14548,3952,3900,-1073,113,-63,-14580,-3564,5724,-523,134,-66,0
2379.409721136093,10224,5596,10716,-76,-122,113,9744,-8988,8932,-72,76,-183,-14556,3768,3996,-1078,164,-89,-14568,-3352,5808,-543,164,-114,0
2379.4435510635376,10156,5552,10888,-70,-88,93,9804,-9020,9000,-53,125,-194,-14464,3892,4036,-1037,141,-96,-14788,-3828,5856,-534,169,-134,0
2379.47723197937,10396,5548,10716,-75,-59,98,9572,-8948,9172,-38,154,-161,-14544,3904,4248,-1060,96,-89,-14652,-3560,5920,-500,140,-130,0
2379.5107989311214,10256,5596,10800,-59,-83,89,9920,-9032,8940,-83,151,-153,-14612,3992,4124,-1035,146,-52,-14484,-3660,5856,-514,122,-159,0
2379.544503927231,10132,5564,10980,-75,-70,89,9696,-8860,8992,-72,130,-204,-14512,3924,4132,-1026,99,-251,-14672,-3700,5888,-522,126,-163,0
2379.578248977661,10164,5604,10812,-56,-62,64,9676,-8720,9032,-68,112,-155,-14484,3940,4016,-995,125,-18,-14356,-3596,5892,-539,96,-181,0
2379.6118021011353,10124,5632,10796,-33,-38,92,9632,-8884,9000,-95,195,-134,-14428,3884,4116,-970,88,-18,-14536,-3632,5760,-550,102,-159,0
2379.645267009735,10112,5604,10856,-64,-21,66,9736,-9020,9044,-94,149,-145,-14460,3940,4060,-952,86,-53,-14604,-3648,5940,-547,133,-143,0
2379.678911924362,10132,5584,10832,-72,-67,109,9596,-8884,8928,-56,143,-176,-14564,3844,3840,-998,139,234,-14612,-3584,5804,-473,138,-99,0
2379.7149019241333,10148,5384,10648,-43,-38,121,9512,-9040,9144,-49,75,-181,-14668,4000,4040,-995,126,-77,-14540,-3564,5736,-498,207,-110,0
2379.7507519721985,10140,5764,10916,-79,-99,84,9580,-9024,8964,-40,116,-185,-14500,3960,4048,-1012,148,-47,-14600,-3504,5896,-508,157,-115,0
2379.7861680984497,10176,5868,10780,-61,-74,111,9688,-8984,8968,-75,83,-194,-14568,4064,3980,-978,118,-47,-14516,-3576,5896,-529,131,-108,0
2379.8217980861664,10132,5704,10832,-75,-84,112,9876,-9036,9064,-50,103,-174,-14776,3912,3940,-1005,140,-24,-14440,-3608,5912,-257,149,-160,0
2379.8577060699463,10160,5852,11004,-55,-21,81,9716,-8912,8708,-88,174,-135,-14500,4016,4044,-1005,63,-37,-14664,-3492,5740,-534,90,-178,0
2379.8923079967494,10016,5868,10628,-93,14,70,9960,-9184,9032,-14,177,-146,-14568,3864,4244,-976,-16,10,-14568,-3600,5900,-521,97,-190,0
2379.927488088608,10160,5692,10824,-72,21,90,9620,-9212,9040,-50,164,-100,-14532,4072,4004,-1043,99,-256,-14520,-3712,6072,-525,90,-164,0
2379.963588953018,10052,5744,10848,-68,-66,75,9804,-8968,9016,-59,153,-140,-14504,3896,4048,-972,57,-45,-14564,-3660,5696,-550,107,-163,0
2379.9991970062256,10124,5548,10772,-135,-16,67,9928,-8884,8780,-33,170,-157,-14396,3988,3856,-992,76,-23,-14520,-3632,5904,-470,139,-153,0
2380.0342180728912,10076,5720,10756,-73,-6,71,9676,-9024,9176,-21,77,-137,-14380,3960,4272,-1070,93,-42,-14548,-3704,5812,-764,132,-147,0
2380.0694229602814,10064,5716,10840,-96,-24,101,9716,-9036,8900,-57,181,-167,-14548,4040,4092,-990,81,-27,-14712,-3832,6116,-465,80,-142,0
2380.1048660278325,10108,5792,10948,-101,-53,85,9664,-9044,9204,-77,329,-107,-14480,3928,3872,-984,88,-78,-14516,-3608,5864,-758,93,-158,0
2380.140212059021,10156,5860,10884,-123,-38,107,9588,-9144,8932,-43,126,-213,-14400,3984,3892,-1014,129,-109,-14536,-3592,5784,-468,155,-123,0
2380.175091981888,10064,5636,10804,-109,-26,120,9564,-8980,8912,254,81,-180,-14512,4112,3868,-1071,145,-74,-14560,-3676,5816,-459,187,-124,0
2380.2107009887695,10216,5704,10896,-113,-114,94,9664,-9104,9036,-35,111,-206,-14516,3984,4160,-1000,102,-89,-14584,-3672,5724,-456,170,-143,0
2380.24561214447,10060,5680,10668,-149,-117,85,9536,-9016,9072,-69,137,-206,-14392,4008,4148,-957,150,-42,-14480,-3648,6096,-257,124,-108,0
2380.281224966049,10108,5700,10892,-104,-45,77,9640,-9040,9012,-62,105,-221,-14540,3948,3960,-954,117,-93,-14544,-3688,6008,-477,163,-124,0
2380.3174190521245,10076,5716,10884,-149,-90,103,9656,-8928,8716,-47,141,-203,-14508,3872,4000,-965,121,-79,-14516,-3580,5892,-466,158,-148,0
2380.3525609970093,10168,5676,10848,-162,-73,68,9624,-9048,9052,-78,146,-191,-14812,3936,4180,-964,99,-74,-14780,-3696,5636,-443,149,-137,0
2380.388065099716,10032,5776,10504,-164,-87,57,9680,-9016,9068,-67,177,-184,-14568,4048,4128,-1004,102,-95,-14564,-3732,5664,-454,156,-162,0
2380.4215230941772,10180,5728,10856,-205,-93,75,9448,-8912,9116,-256,165,-199,-14548,4020,4012,-1011,96,-105,-14568,-3584,5816,-468,202,-121,0
2380.455151081085,10208,5680,10516,-184,-51,58,9580,-9044,9008,-31,125,-220,-14488,3956,4020,-991,102,-133,-14492,-3684,5964,-449,197,-79,0
2380.488651037216,10024,5696,10868,-226,-89,81,9512,-9040,9008,-7,127,-241,-14464,3852,3880,-1023,113,-101,-14636,-3624,5924,-474,232,-106,0
2380.522022008896,10236,5796,10780,-175,-139,96,9636,-9140,8952,-17,143,-249,-14536,4008,3948,-1011,101,-133,-14508,-3664,5896,-494,220,-85,0
2380.5555069446564,10108,5776,10996,-237,-122,109,9640,-9012,8960,-61,103,-510,-14540,4088,4108,-977,104,-157,-14640,-3680,5688,-260,183,-88,0
2380.5893681049347,10132,5812,10936,-220,-110,90,9636,-9064,9032,-78,150,-229,-14588,4008,4160,-934,104,-120,-14528,-3816,5756,-524,177,-78,0
2380.622848033905,10116,5740,10748,-260,-98,110,9676,-8744,9004,-47,122,-214,-14480,4072,4000,-952,84,-111,-14784,-3596,5692,-472,119,-86,0
2380.655863046646,9784,5664,10816,-290,0,134,9600,-9008,8920,38,156,-153,-14436,3920,4180,-967,95,-113,-14480,-3744,6100,-491,98,-75,0
2380.6892750263214,10092,5648,10856,-300,26,106,9668,-9080,9088,-15,146,-159,-14504,3944,4228,-915,80,-118,-14576,-3668,5800,-453,166,-57,0
2380.7228620052338,9812,5868,10848,-326,-51,80,9652,-9064,9048,-29,142,-228,-14820,4012,4060,-940,102,-145,-14432,-3832,5840,-411,178,-95,0
2380.7561371326447,10096,5680,10988,-299,-68,79,9580,-8924,8892,-27,165,-10,-14700,3924,3928,-906,110,-149,-14848,-3736,5780,-396,209,-102,0
2380.78994512558,10044,5676,10724,-331,-157,60,9736,-8864,9104,-57,176,-272,-14480,3936,4212,-925,50,-148,-14344,-3720,5984,-401,177,-153,0
2380.823706150055,9944,5728,10848,-324,-165,63,9692,-9092,9052,-56,170,-284,-14632,4036,3936,-884,68,-144,-14528,-3564,5840,-394,203,-146,0
2380.857367038727,10128,5748,10988,-341,-185,81,9648,-8952,9056,-41,169,-2,-14572,4012,4220,-943,85,-161,-14492,-3628,5848,-419,219,-116,0
2380.8906741142273,10008,5652,10808,-314,-174,85,9652,-8904,9028,-15,172,-264,-14500,3908,3780,-1041,149,-211,-14508,-3632,5664,-424,209,-105,0
2380.9241490364075,10028,5568,10596,-254,-164,93,9704,-9108,9112,-12,113,-278,-14540,4000,4076,-976,117,-147,-14640,-3560,5776,-443,221,-123,0
2380.9573090076447,10172,5576,10804,-309,-200,117,9744,-9040,9088,-4,133,-239,-14600,4004,3916,-899,92,-110,-14532,-3736,5808,-431,203,-80,0
2380.9907400608063,10124,5612,10924,-290,-184,76,9708,-8984,9000,-44,122,-263,-14780,4052,4100,-908,83,-167,-14848,-3580,5840,-435,193,-117,0
2381.0241990089417,10124,5656,10852,-271,-231,90,9660,-8956,9088,-53,83,-294,-14572,3968,4112,-931,163,-212,-14580,-3628,5808,-415,216,-59,0
2381.057600975036,10156,5636,10876,-235,-264,128,9612,-8932,9168,-44,123,-288,-14536,3872,4012,-895,139,-196,-14648,-3612,5824,-404,243,-117,0
2381.091112136841,10132,5612,10856,-273,-259,92,9680,-8968,9004,-42,127,-310,-14516,3920,3864,-941,141,-170,-14592,-3536,5840,-437,255,-129,0
2381.124536037445,10460,5596,10856,-222,-222,87,9512,-8976,9136,-45,175,-238,-14796,4072,3860,-1043,124,-178,-14668,-3568,5864,-489,228,-97,0
2381.1576550006866,10172,5512,10840,-189,-172,118,9784,-9088,8880,-25,96,-217,-14584,3972,3964,-985,131,-84,-14680,-3508,5796,-500,153,-95,0
2381.1911411285405,10244,5852,10604,-162,-104,162,9728,-9076,8888,38,114,-158,-14528,4044,3984,-1081,133,-103,-14556,-3620,5696,-559,180,-50,0
2381.224668979645,10252,5448,11004,-137,-142,186,9760,-8952,8980,0,37,-172,-14624,3992,4112,-1090,180,-78,-14664,-3704,5996,-523,127,-94,0
2381.2580721378326,10144,5628,10912,-172,-93,163,9608,-8940,8988,1,102,-173,-14436,3968,3900,-1277,208,-95,-14588,-3592,5748,-539,126,-68,0
2381.2917189598083,10000,5448,10964,-142,-135,201,9636,-8996,9016,-16,73,-148,-14576,3976,3992,-1033,130,-69,-14612,-3536,5828,-590,177,-44,0
2381.3252890110016,10156,5584,10792,-176,-148,219,9828,-8948,9012,-3,68,-112,-14564,3988,3856,-1065,164,-72,-14500,-3752,5960,-583,140,-77,0
2381.358645915985,10216,5552,10840,-149,-65,214,9752,-8916,9316,-5,104,-146,-14528,3828,4068,-1047,175,-57,-14488,-3644,5824,-568,138,-70,0
2381.3944900035854,10228,5640,10776,-145,-144,157,9732,-9200,9108,-35,120,-183,-14520,3836,4104,-1007,145,-113,-14344,-3648,5768,-525,251,-96,0
2381.4306080341335,10264,5604,10660,-167,-176,165,9568,-9164,9016,-22,132,-203,-14460,3880,4092,-1065,166,-101,-14528,-3560,5700,-539,206,-71,0
2381.4654319286346,10008,5684,10756,-133,-154,165,9688,-8908,9068,30,85,-191,-14608,4024,3996,-1130,182,-115,-14576,-3704,5656,-533,188,-116,0
2381.5012819767,10164,5568,10928,-139,-141,174,9692,-8876,9340,44,50,-170,-14552,3984,3984,-1060,93,-99,-14668,-3496,5724,-591,199,-102,0
2381.5371329784393,10120,5620,10856,-158,-169,214,9680,-9040,9120,35,85,-158,-14440,4040,3916,-1101,164,-128,-14448,-3560,5828,-622,246,249,0
2381.5727989673615,10160,5624,10884,-76,-210,259,9624,-8920,9100,75,19,-153,-14412,3880,4076,-1097,227,-108,-14524,-3676,5776,-621,214,11,0
2381.6081759929657,10112,5608,10876,-133,-128,234,9660,-8896,8888,10,9,-208,-14464,3824,3908,-997,254,-115,-14688,-3812,5872,-477,159,-9,0
2381.643911123276,10204,5668,10940,-223,-180,179,9684,-8820,9120,-114,93,-210,-14504,3816,4200,-907,238,-124,-14532,-3632,5708,-405,218,-21,0
2381.6793990135193,10120,5708,10688,-338,-237,148,9604,-8996,9124,-128,182,-268,-14432,3616,3876,-943,188,-182,-14484,-3404,5644,-465,377,28,0
2381.7146821022034,10320,5604,10808,-270,-392,200,9820,-8924,8744,-48,33,-311,-14600,3856,3888,-1137,276,-184,-14424,-3456,5644,-522,385,36,0
2381.7506251335144,10340,5612,10740,-200,-327,289,9828,-8940,8912,57,74,-262,-14676,4008,4060,-1142,286,-132,-14600,-3512,5756,-494,294,59,0
2381.7854311466217,10416,5520,10840,-86,-203,265,9844,-8976,8988,76,252,-214,-14808,4056,3952,-1139,251,-101,-14800,-3512,5680,-559,212,16,0
2381.8211829662323,10408,5512,10916,-112,-47,220,9900,-8956,8988,23,25,-128,-14840,3904,3908,-1066,178,-17,-14664,-3376,5464,-559,85,-106,0
2381.8571960926056,10480,5484,10552,-107,-10,144,9828,-8800,8924,2,149,-89,-14848,3600,3836,-1078,57,-31,-14632,-3800,5860,-571,68,-201,0
2381.8923890590668,10232,5612,10592,-70,42,66,9868,-8796,8900,6,257,-105,-14592,3780,3932,-1110,55,-24,-14544,-3404,5836,-487,63,-234,0
2381.9287729263306,10284,5568,10536,-80,162,-3,9796,-8528,9184,-31,306,-111,-14588,3720,3848,-1087,247,65,-14616,-3688,5572,-473,86,-211,0
2381.964424133301,10448,5660,10632,-71,184,-7,9896,-8816,9040,-60,195,-98,-14600,3888,4052,-1074,70,75,-14732,-3560,5468,-478,60,-176,0
2382.0005369186406,10300,5576,10732,-82,204,27,9736,-8880,9116,32,166,-101,-14844,3904,4088,-1067,90,30,-14664,-3544,5824,-499,77,-170,0
2382.035588979721,10308,5616,10788,5,208,40,9788,-9004,8992,-76,185,-53,-14716,3908,3916,-1050,89,50,-14684,-3684,5648,-510,40,-161,0
2382.0714111328125,10336,5532,10944,-7,124,35,9752,-9040,8752,-57,141,-101,-14584,4052,3968,-951,17,37,-14840,-3400,5632,-570,25,-206,0
2382.1050310134888,10204,5576,10920,-56,121,49,9644,-9016,8964,-23,178,-51,-14592,4060,4160,-1008,7,-251,-14616,-3576,5816,-573,5,-226,0
2382.1382899284363,10224,5636,11012,59,173,29,9520,-8976,9016,30,225,-19,-14588,3892,3992,-1053,-67,8,-14388,-3628,5764,-592,-18,-257,0
2382.1717081069946,10108,5660,11032,17,159,13,9920,-8972,9140,27,264,-46,-14664,3904,4060,-1273,-129,5,-14692,-3676,5776,-620,-51,-285,0
2382.2051279544826,10208,5632,10748,-22,174,250,9732,-9008,9036,-7,270,-51,-14572,3924,4032,-940,-152,18,-14768,-3636,5724,-596,-67,-270,0
2382.238765001297,10172,5600,10676,-57,140,-13,9656,-9028,9080,-34,326,-22,-14356,4092,4172,-940,-155,16,-14840,-3580,5544,-532,-42,-266,0
2382.2718830108643,10148,5668,10800,-105,111,-65,9672,-8876,9140,-54,350,-75,-14512,4064,3912,-944,-101,240,-14564,-3728,5728,-480,11,-512,0
2382.3055660724644,10036,5724,10872,-101,136,-53,9596,-8860,9080,-113,316,-118,-14496,3952,3880,-976,-56,25,-14424,-3548,5672,-537,21,-244,0
2382.3391859531403,10184,5728,10676,-105,0,9,9580,-9032,8904,-72,509,-131,-14524,3884,4100,-993,0,-249,-14524,-3608,5724,-519,71,-223,0
2382.3725421428685,9916,5564,10620,-53,48,3,9572,-8744,9132,4,218,-190,-14488,4040,4152,-1045,-35,-95,-14392,-3568,5676,-549,140,-247,0
2382.40581202507,10068,5692,10904,-2,49,-15,9552,-9084,9060,33,254,-145,-14544,4044,4028,-1055,-111,-164,-14848,-3496,5808,-646,220,-152,0
2382.439309120178,10076,5624,10848,51,-61,73,9720,-8944,9020,30,213,-157,-14584,3748,3848,-1076,149,-172,-14748,-3896,6032,-454,166,-169,0
2382.4727251529694,10164,5896,10780,-179,-41,9,9692,-8468,9124,-81,306,-193,-14520,3880,4352,-945,33,-22,-14524,-3620,5644,-448,79,-226,0
2382.5060391426086,9940,5828,10632,-297,-245,-45,9536,-8852,9088,-177,291,-151,-14352,3888,4156,-958,-31,-238,-14412,-3732,5892,-433,56,-179,0
2382.539754152298,10032,5796,10740,-174,-2,16,9500,-8968,9072,-62,187,-181,-14152,3988,4188,-1087,65,-47,-14456,-3676,5940,-456,17,-169,0
2382.5731320381165,10072,5888,10892,-12,158,21,9584,-9000,9020,-66,85,-81,-14544,4092,4356,-1041,-1,20,-14564,-3596,6036,-582,-43,-122,0
2382.6067831516266,10024,5724,10980,-27,180,142,9524,-9172,9056,-60,41,-50,-14564,3996,3680,-953,230,25,-14348,-3584,5740,-466,-48,30,0
2382.6396939754486,10108,5736,11000,-62,62,200,9812,-9064,8716,-136,-108,-170,-14436,3968,4024,-948,407,-52,-14768,-3536,5636,-481,76,-24,0
2382.673082113266,10072,5428,10560,-109,-132,214,9640,-9088,8876,-91,-61,-247,-14504,4032,4128,-974,256,-114,-14516,-3628,5960,-403,159,-76,0
2382.7067279815674,10064,5756,10820,-177,-79,122,9828,-9060,8980,-77,154,-230,-14648,3748,4040,-873,-36,-171,-14528,-3884,5784,-325,222,-150,0
2382.7402050495148,10076,5860,10952,-241,-149,-27,9668,-8820,9144,-154,265,-369,-14676,3816,4264,-940,108,-234,-14612,-3788,5732,-292,289,-201,0
2382.773728132248,10176,6088,10684,-326,-186,-87,9508,-8824,9148,-125,299,-366,-14496,3956,4024,-962,4,-118,-14608,-3804,5768,-354,198,-210,0
2382.8073461055756,10064,5836,10904,-246,-28,-112,9616,-8880,8992,-108,316,-235,-14556,3964,4320,-917,-43,-121,-14504,-3600,5824,-439,143,-220,0
2382.8408489227295,10060,5676,10704,-97,-20,-24,9540,-9072,8976,-44,192,-220,-14460,4188,4188,-1103,-255,-110,-14548,-3540,5900,-464,177,-116,0
2382.874326944351,10052,5744,11032,-113,-35,100,9576,-9092,8952,-23,84,-172,-14388,4336,4100,-1095,109,37,-14760,-3544,5972,-570,74,-100,0
2382.907665014267,10032,5716,10860,-81,81,190,9588,-9196,9056,250,255,-14,-14520,4256,3856,-1096,211,95,-14592,-3556,6068,-621,-54,-79,0
2382.9411730766296,9952,5752,11164,18,124,301,9528,-9380,9124,46,-67,21,-14508,4148,3584,-1073,255,26,-14432,-3612,5844,-648,-25,-38,0
2382.974492073059,9948,5696,11040,36,95,304,9508,-9164,8936,-16,-93,-252,-14384,4052,4256,-1078,259,244,-14548,-3716,5636,-614,32,-47,0
2383.0081720352173,10024,5680,10920,-76,-64,226,9688,-9076,8828,-27,22,-65,-14536,3864,4164,-769,176,-42,-14564,-3768,5640,-586,71,-154,0
2383.041535139084,10012,5916,10692,-37,-17,126,9676,-9076,9120,19,119,-152,-14752,3984,4272,-1279,65,-58,-14524,-3876,5856,-545,101,-237,0
2383.0774159431458,10072,5804,10868,-34,-41,250,9728,-8976,8984,10,278,-142,-14636,3796,4212,-995,-67,-142,-14540,-3752,5824,-573,141,-302,0
2383.1136310100555,9980,5832,10756,0,-105,-68,9748,-8952,9000,-1,3,-243,-14564,3840,3956,-973,-41,-129,-14484,-3708,5852,-568,212,-293,0
2383.148859024048,10020,5716,10596,255,-159,-54,9656,-8964,8908,-56,230,-300,-14452,3896,3900,-999,54,-189,-14568,-3652,5828,-468,245,-226,0
2383.1843180656433,10020,5764,10660,-103,-155,30,9628,-9200,8916,20,140,-270,-14400,4004,3948,-1032,124,-176,-14792,-3736,5928,-431,236,-162,0
2383.2203350067134,9948,6116,10920,-161,-101,69,9664,-8940,9076,0,213,-221,-14448,4016,3960,-1100,110,-141,-14520,-3808,6000,-512,211,-172,0
2383.255399942398,9936,5912,10712,-143,-91,66,9564,-8984,9408,11,171,-186,-14484,3944,4196,-1118,43,-99,-14516,-3924,5916,-576,141,-202,0
2383.290997028351,9816,5968,10620,-83,-3,61,9844,-9048,9364,33,172,-126,-14504,3972,4184,-1095,63,-89,-14576,-3844,6044,-588,60,-209,0
2383.326213121414,10068,5988,10856,-81,55,73,9728,-9180,9208,-52,110,-104,-14464,4024,4104,-1000,33,243,-14572,-3860,5876,-759,26,-138,0
2383.3624930381775,9880,6064,10724,-109,71,123,9504,-8992,9028,-74,143,-76,-14432,3992,4272,-968,101,-222,-14476,-3716,6028,-500,-31,-126,0
2383.398054122925,9912,5824,11128,-222,39,108,9552,-9088,8996,-10,193,-110,-14428,4056,4176,-1000,17,-105,-14512,-3604,5780,-472,91,-174,0
2383.4339849948883,9856,5880,10840,-211,-59,59,9580,-9052,9172,3,248,-142,-14464,3820,4104,-990,39,-105,-14488,-3848,5732,-491,132,-157,0
2383.469316959381,9928,5708,10848,-245,-173,53,9648,-8996,8972,-55,293,-234,-14344,3928,3896,-939,-14,-133,-14540,-3748,5812,-461,226,-159,0
2383.5046551227574,9876,5848,10640,-297,-103,57,9540,-9208,8716,11,208,-215,-14368,4144,3588,-982,39,-84,-14548,-3652,5968,-449,174,-124,0
2383.5396859645844,10028,5736,10844,-292,-57,111,9588,-9008,8880,23,169,-177,-14452,4024,4296,-1015,64,-96,-14464,-3700,5772,-397,129,-92,0
2383.5750839710236,10072,5720,10896,-373,-41,142,9648,-9020,9020,-254,173,-131,-14580,4036,3976,-1005,105,-10,-14628,-3644,6076,-446,66,-66,0
2383.6104669570923,10028,5760,11008,-380,-66,150,9576,-9160,9104,-19,140,-106,-14580,3936,4196,-892,82,-43,-14640,-3784,5860,-388,80,-43,0
2383.6455841064453,9888,5960,10984,-464,-72,187,9572,-9132,9028,-85,159,-169,-14608,3764,4020,-828,180,29,-14380,-4084,6020,-296,85,-29,0
2383.681391000748,9844,6124,11028,-768,-168,152,9604,-8764,9028,-84,170,-224,-14528,3900,4284,-899,197,-138,-14204,-3856,5812,-259,161,-60,0
2383.7188100814815,9832,5840,10496,-421,-250,72,9508,-9144,9156,-75,195,-331,-14468,3848,4228,-966,140,-194,-14456,-4096,5840,-337,281,-131,0
2383.7524421215057,9832,5868,10944,-433,-266,22,9520,-8812,9140,-76,201,-362,-14372,3952,4240,-962,57,-119,-14468,-3776,6116,-385,288,-141,0
2383.785840988159,9744,5804,11000,-342,-225,49,9584,-8996,9076,-16,180,-304,-14456,4300,4244,-980,37,-114,-14604,-3756,6068,-422,230,-112,0
2383.819508075714,10048,5668,10988,-288,-160,67,9652,-9012,9236,26,176,-250,-14520,3900,4184,-1038,54,-108,-14628,-3740,6076,-386,168,-110,0
2383.8530271053314,10068,5780,11208,-293,-130,130,9532,-9116,9068,29,141,-199,-14436,4156,4292,-975,107,-57,-14492,-3616,5980,-460,124,-66,0
2383.8893599510193,10072,5456,10932,-288,-177,187,9236,-9012,9172,-27,70,-177,-14388,4060,3920,-1034,192,-88,-14524,-3468,6084,-542,122,-20,0
2383.9231300354004,9952,5532,11008,-3,-201,272,9512,-9148,8712,-38,24,-190,-14428,4032,3988,-982,225,-98,-14440,-3340,5884,-764,176,21,0
2383.95690202713,10028,5528,10964,-237,-221,265,9672,-8924,8936,-31,6,-217,-14424,3884,3880,-773,271,-76,-14548,-3528,5692,-450,228,12,0
2383.9904799461365,10024,5564,10864,-274,-5,258,9608,-8932,8948,0,30,-227,-14544,3856,3992,-1030,235,-136,-14476,-3744,5844,-410,249,-12,0
2384.023973941803,10052,5856,10872,-336,-260,185,9700,-8932,9132,26,163,-284,-14720,3916,4272,-1032,144,-197,-14588,-3792,5840,-388,277,-97,0
2384.0576279163365,10116,5760,10648,-249,-198,64,9472,-8792,9076,-31,195,-292,-14820,3892,4204,-977,63,-172,-14688,-3780,5724,-395,214,-166,0
2384.0910930633545,10092,5732,10984,-199,-138,11,9632,-8872,9048,-52,227,-252,-14780,3996,4248,-951,-32,-140,-14472,-3676,6084,-427,162,-215,0
2384.1247241497044,10000,5688,10772,-202,-100,-38,9724,-8852,9136,-28,247,-269,-14516,3908,3976,-955,-24,-98,-14452,-3780,5648,-421,158,-236,0
2384.157982110977,10016,5844,10944,-180,-14,-39,9536,-8812,9180,-97,218,-221,-14476,3840,4076,-954,30,-79,-14580,-3820,5824,-397,146,-151,0
2384.191458940506,10220,5704,10840,-195,-36,17,9560,-8960,9092,-91,211,-244,-14480,3920,3920,-936,130,-79,-14472,-3616,5912,-389,184,-90,0
2384.224986076355,10132,5400,10860,-196,-38,105,9504,-9184,9276,-49,92,-194,-14368,4096,4148,-1020,163,-75,-14440,-3712,5716,-402,180,-25,0
2384.258598089218,10008,5728,10796,-119,-58,177,9568,-8884,9220,-60,254,-216,-14320,3940,4184,-1278,224,-47,-14484,-3648,5904,-434,142,-18,0
2384.2921271324158,10044,5632,10752,-125,-53,177,9624,-8996,9044,-93,57,-184,-14648,3996,4124,-935,171,-17,-14612,-3612,5992,-467,109,-40,0
2384.325387954712,10064,5532,10948,-160,-31,167,9660,-9140,9044,-84,66,-161,-14544,3988,4028,-947,137,-79,-14728,-3716,5896,-468,142,-69,0
2384.35879611969,10148,5656,11160,-108,-58,153,9688,-8956,8936,-81,107,-180,-14428,4012,4084,-993,113,-39,-14532,-3612,5832,-472,116,-109,0
2384.3921859264374,10144,5876,10720,-130,-33,109,9676,-8948,9052,-55,138,-147,-14544,4084,4048,-952,80,-27,-14552,-3640,5932,-467,103,-140,0
2384.4258389472966,9988,5684,10788,-73,7,87,9600,-9060,9040,-76,130,-174,-14524,4072,4000,-984,97,-27,-14612,-3648,5824,-459,108,-144,0
2384.4592700004578,10124,5652,10880,-126,-50,46,9648,-9056,8732,-41,151,-193,-14416,3952,4048,-986,66,-41,-14604,-3600,5824,-456,112,-149,0
2384.4928431510925,10068,5592,10956,-107,-15,37,9616,-9084,9004,-84,124,-180,-14448,4344,4032,-967,86,-99,-14548,-3544,5756,-479,169,-133,0
2384.5261919498444,10060,5644,10856,-125,-37,72,9624,-9004,9024,-54,183,-182,-14468,3968,4080,-1035,80,-69,-14340,-3624,6024,-460,163,-142,0
2384.5597579479218,9984,5700,10960,-93,-56,78,9600,-8936,9028,-46,135,-211,-14532,3940,4108,-1009,106,-66,-14528,-3624,5860,-507,181,-164,0
2384.593052148819,10236,5720,10880,-123,-65,71,9620,-9008,8956,-57,169,-207,-14468,3964,4096,-1009,62,-95,-14504,-3732,6124,-485,161,-189,0
2384.6266629695892,10032,5712,10932,-77,-52,60,9680,-8908,9120,-38,166,-199,-14576,3916,4304,-1035,80,-107,-14628,-3724,5912,-508,153,-165,0
2384.6601021289825,10064,5764,10988,-87,-54,40,9628,-9192,9088,-47,142,-174,-14556,3896,4172,-1018,89,-100,-14356,-3796,5824,-489,118,-172,0
2384.6936910152435,9972,5812,10852,-89,-43,75,9620,-9168,9064,-28,157,-172,-14528,3876,4228,-1015,91,-40,-14504,-3712,5920,-505,152,-148,0
2384.727250099182,9996,5776,10944,-120,-78,74,9652,-8956,9016,-55,132,-206,-14412,4016,3972,-949,96,-85,-14472,-3668,5860,-471,166,-133,0
2384.7634999752045,10064,5704,10908,-107,-82,99,9632,-8900,9008,-70,91,-214,-14516,4048,4092,-966,138,-54,-14568,-3676,5916,-477,129,-130,0
2384.7991330623627,10044,5740,10956,-113,-101,81,9744,-8972,9144,-40,114,-193,-14504,4060,4284,-1023,85,-56,-14504,-3588,5880,-502,166,-143,0
2384.834305047989,10044,5764,10920,-124,-77,124,9528,-8988,8736,-32,137,-147,-14436,3848,4016,-990,128,-68,-14620,-3708,5832,-488,156,-99,0
2384.8701591491695,10104,5732,10972,-111,-77,120,9636,-8996,9024,-83,102,-173,-14684,3988,4136,-973,91,-49,-14680,-3624,5700,-478,148,-125,0
2384.9051530361176,10072,5708,10656,-182,-66,116,9884,-8992,9052,-45,94,-152,-14568,4072,4320,-1020,124,222,-14528,-3668,5808,-478,104,-131,0
2384.940822124481,10056,5692,10928,-145,-41,93,9620,-9036,9052,-14,125,-135,-14592,3988,3964,-1042,83,-44,-14592,-3684,5900,-488,96,-160,0
2384.976184129715,10056,5788,11044,-114,-20,102,9676,-8716,8964,-21,133,-161,-14632,3964,3912,-990,65,-41,-14544,-3776,5956,-505,84,-158,0
2385.011785030365,9980,5740,10896,-136,-69,64,9596,-9072,9112,-46,132,-193,-14536,3976,4120,-986,101,-37,-14560,-3796,5908,-498,132,-132,0
2385.0477011203766,10068,5740,10800,-136,-86,103,9540,-9000,9000,-39,105,-184,-14732,4000,4252,-990,138,-111,-14552,-3624,5760,-499,157,-122,0
2385.0829050540924,10160,5704,10892,-164,-130,135,9540,-8972,9040,248,129,-174,-14448,4140,4040,-1053,147,-115,-14576,-3696,5868,-500,181,-101,0
2385.119359970093,9896,5672,10916,-119,-98,128,9596,-8972,8864,-11,114,-210,-14540,4008,4088,-775,125,-95,-14592,-3632,5912,-510,193,-116,0
2385.1546919345856,10232,5724,10636,-159,-107,115,9624,-8752,9008,-30,133,-197,-14828,4048,3904,-987,115,-140,-14624,-3600,5848,-487,152,-99,0
2385.1902339458466,10088,5676,10524,-135,-70,95,9692,-8924,9008,-17,164,-191,-14644,3956,4072,-996,65,-88,-14568,-3736,5844,-504,175,-162,0
2385.2255420684814,10072,5788,10868,-151,-58,94,9720,-8832,9044,-12,183,-185,-14580,3968,4320,-1011,75,-63,-14552,-3716,5772,-476,127,-152,0
2385.261815071106,9980,5784,10872,-214,-39,78,9592,-9084,9108,-39,175,-184,-14808,4004,4324,-976,17,-75,-14580,-3804,5952,-504,149,-153,0
2385.2977619171143,10040,5804,10780,-287,-65,87,9588,-8972,9152,-254,182,-180,-14572,4048,4172,-936,66,-75,-14552,-3808,6080,-420,127,-111,0
2385.333274126053,10016,5808,10948,-308,-126,113,9488,-8972,9100,-24,165,-210,-14424,3972,4196,-943,90,-106,-14460,-3708,5916,-484,166,-103,0
2385.369022130966,9832,5780,10840,-291,-175,149,9576,-9060,9084,-62,141,-195,-14548,3916,4168,-963,78,-112,-14576,-3772,5992,-504,152,-93,0
2385.406172037124,10000,5804,10860,-238,-126,143,9580,-9016,8972,-40,161,-180,-14576,4028,4116,-976,76,-92,-14584,-3704,6000,-489,182,-78,0
2385.4400839805603,10032,5688,10828,-274,-131,121,9624,-8980,9036,-18,179,-170,-14488,3996,4152,-979,51,-90,-14548,-3724,5924,-483,157,-68,0
2385.473827123642,10204,5720,10740,-306,-80,138,9620,-8964,9052,-254,180,-159,-14508,3952,4140,-982,88,-85,-14476,-3680,5892,-460,128,-82,0
2385.507411003113,10172,5648,10956,-289,-75,152,9600,-8968,9072,-25,182,-149,-14508,3988,4108,-944,111,-120,-14592,-3816,5972,-509,139,-53,0
2385.5411400794983,10088,5684,10896,-355,-143,171,9956,-9084,9032,24,168,-179,-14572,4020,4080,-991,80,-109,-14560,-3604,5880,-481,181,-96,0
2385.574593067169,9976,5692,10816,-368,-174,205,9568,-8932,9192,30,117,-177,-14580,3984,4312,-980,145,-105,-14792,-3636,5844,-463,174,-82,0
2385.6079671382904,10104,5724,10916,-367,-161,153,9592,-8908,9280,-24,143,-236,-14496,3904,4100,-941,54,-110,-14528,-3768,5816,-423,202,-121,0
2385.6414449214935,10008,5620,10752,-402,-2,126,9924,-8984,9096,28,227,-261,-14604,4032,4100,-981,17,-149,-14488,-3656,5820,-432,221,-120,0
2385.6749570369725,10124,5668,10800,-336,-160,88,9660,-9000,8944,43,229,-231,-14536,4040,4060,-1033,34,-149,-14576,-3676,5844,-449,207,-127,0
2385.7085471153255,9976,5588,10800,-300,-202,118,9608,-8888,9244,27,152,-193,-14428,3928,4072,-970,22,-130,-14664,-3640,5728,-477,133,-126,0
2385.742151975632,10056,5676,10904,-282,-167,143,9648,-8960,9016,9,146,-190,-14464,3952,4208,-954,93,-84,-14344,-3804,5936,-465,116,-99,0
2385.775579929352,10068,5636,10672,-284,-149,139,9688,-8992,9048,-32,129,-183,-14492,3980,4272,-990,100,-41,-14540,-3632,5868,-476,125,-96,0
2385.80956697464,10084,5564,10716,-267,-183,172,9624,-8972,9200,5,108,-206,-14572,3972,3896,-1007,129,-85,-14444,-3552,5824,-462,191,-57,0
2385.8430321216583,10092,5492,11000,-216,-216,181,9668,-8988,9104,12,75,-203,-14544,3988,4048,-1064,146,-120,-14812,-3780,5824,-462,197,-95,0
2385.8761920928955,10208,5880,10780,-244,-224,158,9708,-8940,9124,-19,134,-205,-14448,3892,4272,-1265,151,-85,-14536,-3640,5652,-459,168,-56,0
2385.9095759391785,10120,5560,10780,-233,-142,155,9524,-9044,9048,-10,53,-219,-14572,3984,4116,-1011,138,-93,-14620,-3656,5800,-482,167,-66,0
2385.9431960582733,10128,5400,10900,-150,-158,164,9500,-8996,8804,246,166,-216,-14400,3920,4284,-994,133,-140,-14580,-3580,5752,-503,221,-116,0
2385.9765939712524,10084,5376,10996,-103,-128,115,9620,-8888,9016,-12,133,-207,-14584,3860,4100,-1052,129,-108,-14616,-3676,5832,-472,176,-87,0
2386.010136127472,10164,5432,10912,-127,-50,103,9612,-8880,9084,-51,164,-199,-14524,3824,4056,-995,150,-91,-14676,-3672,5796,-480,124,-99,0
2386.043667078018,10204,5524,10812,-101,-11,72,9964,-8912,9072,-58,171,-176,-14340,4004,4180,-989,69,-53,-14620,-3720,5816,-502,103,-164,0
2386.0772490501404,10344,5592,10876,-146,16,61,9704,-8996,9152,-24,177,-149,-14532,4004,3948,-1035,24,-48,-14512,-3656,5868,-473,145,-148,0
2386.110460996628,10040,5776,10528,-149,79,71,9592,-8888,9116,-21,180,-141,-14452,3792,4100,-976,112,-66,-14600,-3644,5880,-447,97,-122,0
2386.1437721252446,10076,5632,10860,-83,6,28,9552,-8924,9064,-80,158,-168,-14532,3968,4116,-990,60,-43,-14540,-3720,5796,-499,136,-160,0
2386.1773960590363,10036,5628,11228,-142,-34,96,9592,-8992,9060,-8,130,-161,-14428,4096,4132,-1009,81,-47,-14556,-3400,5872,-466,127,-120,0
2386.2108800411224,9992,5380,10912,-65,253,123,9576,-8988,9152,-10,85,-147,-14404,4016,4284,-1069,119,-3,-14472,-3628,5884,-486,97,-64,0
2386.244284152984,10120,5652,10828,-64,52,155,9644,-8872,9032,-20,77,-105,-14564,3928,4008,-1093,129,-38,-14484,-3652,5668,-510,91,-77,0
2386.2777020931244,10100,5568,11044,-79,43,137,9968,-8740,9096,-33,102,-121,-14512,3860,4204,-1072,87,-20,-14568,-3464,5992,-762,74,-113,0
2386.3111760616302,10044,5640,10840,-98,18,107,9620,-8992,9060,-65,151,-117,-14348,3940,3996,-1001,71,-26,-14568,-3636,6036,-529,122,-133,0
2386.3448729515076,10032,5556,10692,-48,26,98,9604,-9056,9040,-30,156,-145,-14484,3976,4124,-1025,81,-43,-14504,-3700,5748,-511,114,-137,0
2386.378170013428,10232,5432,10772,-59,-31,84,9552,-8728,9016,-64,130,-179,-14544,4020,4092,-769,114,-110,-14548,-3636,5832,-485,147,-87,0
2386.4113781452174,10044,5852,10928,-78,-51,88,9564,-9056,9056,-59,82,-198,-14440,3996,4144,-1011,124,-110,-14476,-3616,5876,-519,181,-100,0
2386.4481270313263,10100,5636,10688,-60,-70,99,9672,-9036,9244,-44,109,-180,-14572,4012,4136,-1065,91,-71,-14848,-3752,5692,-527,158,-140,0
2386.483577013016,10120,5672,10904,-78,-33,91,9492,-8936,9028,-7,122,-175,-14572,3940,4104,-1052,108,-33,-14584,-3340,5924,-526,154,-107,0
2386.5187880992894,10124,5728,10836,-65,-25,84,9612,-9040,8980,-57,97,-157,-14536,4004,4192,-1017,111,-38,-14568,-3708,5644,-523,129,-121,0
2386.5548961162567,10012,5640,10604,-77,-31,105,9680,-8876,9140,-56,110,-132,-14528,3928,4244,-1028,131,-87,-14548,-3588,5788,-491,122,-155,0
2386.590045928955,9940,5748,10936,-86,-2,111,9704,-9008,9064,-20,97,-182,-14780,3936,4016,-967,133,-37,-14488,-3732,5764,-500,166,-152,0
2386.625631093979,10148,5724,10756,-114,-47,106,9664,-8904,9192,-44,109,-159,-14388,3888,4108,-1031,126,-77,-14540,-3676,5884,-506,124,-124,0
2386.661127090454,10108,5676,10708,-87,-30,82,9564,-9016,9112,-50,140,-159,-14440,3912,4016,-1005,126,-29,-14496,-3720,5708,-259,146,-139,0
2386.6973321437836,10052,5744,10740,-89,-29,83,9576,-8984,9028,-31,150,-165,-14420,3988,4040,-1039,121,-71,-14648,-3616,5872,-509,142,-94,0
2386.7330899238586,9988,5752,11104,-90,-60,120,9692,-9044,9052,-37,102,-178,-14448,4016,4008,-1021,119,-82,-14544,-3712,5936,-259,141,-117,0
2386.7681901454926,9944,5620,10892,-92,-61,122,9636,-8988,9000,-25,95,-164,-14500,4016,4244,-965,114,-29,-14556,-3588,6032,-496,144,-107,0
2386.803367137909,10044,5744,10912,-91,-51,123,9556,-9008,9048,-62,83,-167,-14516,3896,4096,-992,139,-88,-14568,-3692,5848,-491,125,-119,0
2386.839184999466,10008,5696,10792,-127,-31,104,9592,-9176,9092,-47,128,-170,-14524,4000,4052,-1008,91,-16,-14548,-3660,5788,-511,130,-134,0
2386.873999118805,9732,5692,11004,-115,-43,114,9648,-9188,9308,-47,150,-181,-14544,3940,4276,-1018,123,-96,-14580,-3588,5776,-485,166,-104,0
2386.9095101356506,10048,5720,10788,-117,-60,93,9636,-8984,9092,-22,134,-186,-14532,3844,4020,-1030,126,-74,-14568,-3728,5984,-479,162,-120,0
2386.944689035416,9948,5804,10816,-155,-92,92,9548,-8988,9020,-23,149,-238,-14648,3964,4108,-992,102,-99,-14524,-3620,5760,-465,195,-126,0
2386.979891061783,9980,5760,10724,-122,-52,61,9636,-8924,9064,-63,142,-193,-14832,3904,4184,-987,93,-99,-14624,-3608,5944,-473,108,-124,0
2387.015414953232,10124,5820,10856,-225,-38,73,9736,-9156,9068,252,176,-174,-14348,4040,3924,-977,39,-80,-14412,-3648,5964,-503,155,-133,0
2387.0509419441223,10032,5748,10956,-194,-33,105,9576,-8960,8752,19,173,-145,-14472,3944,4072,-994,97,-84,-14508,-3660,5940,-495,121,-96,0
2387.0877339839935,10028,5824,10876,-182,-85,121,9716,-8916,9060,-58,145,-182,-14472,4036,4116,-968,100,-89,-14500,-3684,5696,-497,148,-111,0
2387.1212611198425,10120,5664,10908,-230,-76,107,9636,-9084,8992,-19,127,-173,-14556,4012,4076,-1029,105,-72,-14516,-3556,5672,-488,163,-71,0
2387.1547861099243,10052,5664,10940,-164,-99,146,9688,-8896,8968,-14,123,-143,-14484,4004,4032,-1054,82,-73,-14560,-3680,5960,-496,150,-91,0
2387.188182115555,9912,5792,10956,-216,-36,118,9596,-9048,9128,-49,154,-155,-14464,3932,4072,-937,107,-73,-14608,-3780,5880,-474,124,-104,0
2387.2218270301814,9972,5808,10892,-290,-112,107,9560,-9056,9092,-49,150,-198,-14464,3956,4192,-932,119,-140,-14540,-3628,5856,-455,169,-96,0
2387.255387067795,10052,5700,10872,-243,-149,119,9616,-8948,9128,-48,147,-196,-14820,3968,4324,-964,56,-97,-14464,-3588,5956,-474,185,-79,0
2387.2887380123134,10112,5720,10672,-276,-126,125,9636,-9184,9088,9,153,-202,-14388,4024,4004,-966,98,-94,-14488,-3772,5884,-441,179,-122,0
2387.3222000598907,10204,5696,10904,-266,-145,130,9648,-9080,9064,-18,150,-250,-14520,4012,4148,-973,106,-147,-14508,-3696,5924,-456,199,-76,0
2387.3557009696965,10092,5608,10912,-297,-213,137,9652,-8980,9204,-10,148,-227,-14540,3996,4072,-950,121,-167,-14660,-3680,5868,-476,237,-111,0
2387.389009952545,10060,5676,10780,-266,-147,128,9684,-9004,9140,16,142,-219,-14532,3984,4092,-987,127,-152,-14560,-3564,5804,-475,164,-97,0
2387.4225931167603,10168,5740,10956,-270,-177,156,9660,-9096,9040,56,125,-182,-14840,3992,4096,-1022,128,-122,-14560,-3712,6000,-479,187,-75,0
2387.4560210704803,10016,5644,10740,-218,-138,132,9596,-8732,9140,-6,124,-182,-14556,3904,4148,-1015,136,-74,-14528,-3764,5936,-496,152,-80,0
2387.489727020264,10060,5664,10764,-221,-142,144,9608,-9028,9068,-12,101,-226,-14552,3948,3952,-987,123,-111,-14548,-3640,5932,-492,147,-76,0
2387.523500919342,10108,5592,11244,-219,-142,146,9568,-8848,9036,-17,92,-196,-14556,3996,4236,-1007,142,-100,-14492,-3636,5972,-497,137,-85,0
2387.5570220947266,10032,5860,10980,-227,-132,166,9664,-8868,9052,-12,110,-176,-14476,3936,4068,-1007,150,-120,-14632,-3640,5888,-483,148,-93,0
2387.5904660224915,10208,5672,10932,-237,-147,164,9628,-8892,9208,12,114,-205,-14564,3996,3952,-999,134,-60,-14600,-3736,5904,-497,182,-92,0
2387.623829126358,10108,5576,10936,-196,-167,119,9628,-8884,9012,16,119,-211,-14560,3916,4048,-1011,107,-124,-14572,-3768,5868,-459,198,-104,0
2387.657207965851,10040,5680,10768,-250,-168,153,9652,-9196,9032,11,158,-230,-14508,4056,3904,-1007,114,-132,-14492,-3668,5824,-477,181,-54,0
2387.690747976303,10136,5680,10780,-184,-141,132,9676,-8928,9040,-33,103,-203,-14448,3992,4272,-1002,122,-100,-14664,-3640,5792,-490,148,-90,0
2387.7245399951935,10172,5640,10588,-195,-111,117,9672,-9076,9096,8,124,-199,-14596,3960,4104,-1280,111,-125,-14648,-3720,5824,-519,171,-137,0
2387.758115053177,9996,5684,10844,-177,-114,128,9708,-8932,9160,28,132,-185,-14488,3812,4108,-1018,104,-60,-14816,-3636,6140,-508,131,-101,0
2387.791645050049,10156,5684,10808,-109,-82,99,9724,-8924,9112,-62,124,-154,-14512,3864,4132,-994,98,-40,-14484,-3616,5740,-488,146,-139,0
2387.8253860473633,10196,5552,10912,-150,-33,61,9624,-8984,9040,-54,146,-169,-14508,3892,3836,-1010,86,-45,-14584,-3560,5888,-493,123,-127,0
2387.8590121269226,10132,5544,10916,-118,-1,102,9680,-8940,8988,-6,142,-135,-14552,3908,3964,-1042,87,-92,-14500,-3652,5776,-478,97,-141,0
2387.8920249938965,10064,5708,10872,-140,30,101,9696,-8908,9052,-15,183,-139,-14464,3912,4144,-1018,90,224,-14472,-3684,5832,-464,121,-121,0
2387.925651073456,10168,5760,10880,-155,-27,78,9660,-9024,9204,-34,120,-144,-14532,3904,3928,-1047,98,-49,-14512,-3628,6040,-466,104,-137,0
2387.9592180252075,10124,5688,10968,-100,-48,99,9648,-8736,9116,-59,130,-157,-14344,3984,4224,-1002,67,-65,-14476,-3700,5816,-478,121,-105,0
2387.9925539493565,10016,5680,10992,-144,-51,77,9668,-8824,9036,-51,163,-162,-14552,4028,4172,-994,72,-116,-14500,-3700,5704,-463,139,-153,0
2388.0261330604553,10024,5548,10744,-113,-35,58,9664,-8936,9140,-62,154,-205,-14808,3900,3848,-989,76,-76,-14516,-3616,6132,-442,138,-147,0
2388.0597269535065,10068,5648,10960,-161,-62,19,9580,-8900,9060,-43,170,-196,-14420,4032,4068,-993,84,-50,-14584,-3728,5860,-439,158,-164,0
2388.0928170681004,9728,5880,10788,-155,-13,38,9552,-8896,9204,-56,200,-183,-14484,3980,4048,-965,56,-75,-14456,-3764,5916,-474,134,-150,0
2388.129600048065,10092,5700,10800,-108,-37,53,9612,-8912,9064,-48,165,-197,-14600,3968,4072,-1015,100,-65,-14524,-3636,5740,-492,159,-141,0
2388.164673089981,10124,5660,10516,-93,-51,94,9680,-8876,9060,-58,130,-187,-14532,3868,4320,-941,231,-53,-14524,-3756,5792,-475,158,-122,0
2388.2003121376038,10088,5748,10896,-89,-81,87,9632,-8964,9172,-89,112,-178,-14520,3864,4000,-1030,113,-60,-14512,-3388,5804,-490,131,-92,0
2388.23557806015,10064,5568,10752,-116,-7,98,9636,-9004,9076,-63,110,-177,-14528,4048,4024,-1020,105,-34,-14648,-3640,5960,-503,107,-112,0
2388.271270990372,10028,5696,10760,-117,-29,104,9684,-9004,9184,-35,133,-153,-14540,4092,4036,-1038,110,-60,-14564,-3692,6040,-516,122,-118,0
2388.307219028473,10012,5708,10868,-87,-44,95,9568,-8984,9012,-23,116,-157,-14436,4004,4324,-1035,123,-20,-14340,-3788,6116,-533,139,-132,0
2388.3423340320587,9992,5572,10920,-91,-59,105,9704,-9080,9144,-19,153,-180,-14412,4020,4020,-1001,107,-92,-14468,-3680,5924,-490,136,-116,0
2388.3782980442047,10004,5752,10844,-70,-28,97,9628,-8904,9136,-79,119,-177,-14572,3936,4012,-993,85,-31,-14552,-3636,5820,-510,127,-128,0
2388.413362979889,10092,5676,10996,-130,-90,94,9696,-8996,9156,-8,156,-195,-14612,3984,4112,-1019,58,-117,-14480,-3648,5884,-468,169,-143,0
2388.4482300281525,10180,5736,11004,-107,-79,76,9552,-8976,9184,-15,115,-180,-14532,3996,4176,-1058,127,-48,-14584,-3640,5824,-495,124,-146,0
2388.484148979187,10112,5804,10820,-119,-60,81,9640,-8996,9220,-67,116,-196,-14592,3928,4180,-1002,69,-49,-14568,-3728,5884,-497,115,-156,0
2388.5193979740143,9992,5660,10900,-137,-3,65,9504,-8992,9072,-34,145,-143,-14428,3936,4196,-774,57,-25,-14476,-3724,5860,-485,92,-152,0
2388.554883956909,9992,5636,10940,-100,-31,91,9580,-9132,9112,-28,137,-165,-14580,3960,4008,-1032,52,-104,-14388,-3692,5760,-503,127,-164,0
2388.590119123459,10000,5792,10772,-109,-40,85,9560,-8924,9044,-30,140,-139,-14520,3916,4336,-981,72,-40,-14356,-3836,5804,-511,114,-156,0
2388.6254160404205,10208,5776,10928,-163,-86,96,9572,-8940,9136,-69,135,-185,-14564,3920,4348,-982,117,-87,-14544,-3776,6064,-481,126,-145,0
2388.6603729724884,10112,5760,10816,-119,-94,112,9620,-8976,9100,-54,123,-215,-14476,4008,3888,-1003,97,-101,-14816,-3600,5844,-481,163,-124,0
2388.695621967316,10092,5676,10636,-133,-85,109,9664,-8916,9140,-6,124,-202,-14412,4072,3932,-773,126,-93,-14464,-3712,5636,-511,142,-148,0
2388.7314410209656,9996,5732,10812,-91,-92,140,9612,-8984,9012,-25,102,-208,-14540,3936,4348,-1019,135,-58,-14496,-3640,6120,-480,182,-126,0
2388.7683379650116,10080,5668,10848,-157,-100,113,9632,-9008,9184,-18,130,-202,-14564,4016,3988,-966,108,-69,-14516,-3720,6004,-493,142,-135,0
2388.8018720149994,10100,5792,10972,-94,-71,132,9660,-9124,9096,-33,93,-156,-14520,3984,4068,-770,125,-49,-14548,-3692,5972,-258,137,-133,0
2388.8355159759526,9964,5832,10720,-123,-80,117,9704,-9072,9072,-23,92,-166,-14412,4064,4228,-1002,105,-70,-14544,-3692,5792,-516,144,-124,0
2388.869082927704,10176,5824,10944,-132,-105,129,9644,-8988,8888,-56,122,-153,-14556,3928,4304,-770,111,-76,-14564,-3700,5888,-501,156,-144,0
2388.908220052719,10144,5716,10792,-129,-94,122,9648,-9056,9104,-37,110,-162,-14668,3952,4264,-981,131,-51,-14572,-3676,5708,-512,160,-147,0
2388.9418931007385,10052,5716,10872,-133,-65,94,9656,-9156,9140,-32,130,-164,-14400,4004,4224,-1038,140,-85,-14584,-3824,6028,-486,147,-122,0
2388.9754500389095,10004,5636,10684,-102,-75,122,9600,-8980,9040,-32,115,-174,-14420,3904,4196,-1032,97,-100,-14452,-3764,5948,-504,142,-92,0
2389.0093920230865,10016,5660,10680,-131,-89,110,9652,-9204,8960,-14,153,-181,-14524,3964,4024,-1001,111,-114,-14620,-3712,5848,-510,152,-139,0
2389.0429720878606,10176,5776,11088,-131,-109,116,9656,-9028,9140,-41,111,-194,-14532,4016,4024,-981,85,-59,-14492,-3780,5876,-496,159,-131,0
2389.076411008835,9984,5780,10768,-148,-99,89,9672,-8976,9152,-37,126,-202,-14440,3916,4200,-943,86,-55,-14600,-3824,5836,-489,132,-120,0
2389.1099960803986,9992,5732,10864,-136,-104,127,9632,-8864,9012,-58,119,-176,-14508,4312,4200,-1037,95,-92,-14508,-3704,5916,-496,149,-105,0
2389.1433761119843,10024,5712,10960,-194,-58,124,9728,-8916,9152,-68,165,-167,-14588,4040,4060,-1015,67,-107,-14504,-3784,5888,-508,160,-113,0
2389.1765401363373,10068,5776,10740,-221,-48,141,9552,-8876,9204,1,180,-165,-14524,3956,4264,-1028,104,-57,-14588,-3752,6032,-470,128,-81,0
2389.2098910808563,9996,5828,10968,-216,-76,115,9684,-8948,9116,-30,157,-208,-14364,4020,3956,-957,49,-82,-14480,-3808,5904,-482,130,-129,0
2389.2434029579163,10124,5760,10856,-269,-84,120,9584,-8924,9100,-10,132,-193,-14468,4020,3872,-971,97,-72,-14532,-3800,6104,-487,145,-102,0
2389.277286052704,10060,5744,10964,-198,-118,146,9612,-9000,9084,-22,121,-168,-14520,3984,4320,-994,77,-113,-14536,-3740,5808,-521,153,-109,0
2389.31080698967,10224,5712,10728,-184,-60,136,9644,-8912,9112,-47,127,-174,-14484,4064,4068,-981,96,-97,-14496,-3752,5832,-478,124,-109,0
2389.344185113907,9996,5788,10996,-264,-76,136,9572,-8988,9020,-48,153,-171,-14608,4044,4084,-935,50,-76,-14568,-3644,5720,-488,142,-85,0
2389.3776819705963,10288,5752,10868,-289,-69,116,9596,-8944,9312,-22,169,-173,-14396,3996,4128,-986,93,-97,-14564,-3652,5776,-465,199,-107,0
2389.4112219810486,10052,5720,10832,-344,-107,150,9596,-8976,9080,-12,155,-213,-14440,3988,4072,-1010,94,-159,-14484,-3684,6052,-465,206,-95,0
2389.4447970390324,10044,5424,10928,-278,-81,114,9668,-8956,8848,5,140,-215,-14412,3712,3920,-997,118,-156,-14548,-3728,5876,-451,184,-52,0
2389.4782910346985,10080,5668,10824,-318,-164,142,9688,-8988,9172,25,161,-222,-14576,3900,4016,-1015,101,-153,-14592,-3760,5900,-438,205,-98,0
2389.51185798645,10116,5688,10968,-326,-127,142,9480,-8988,9144,22,165,-193,-14492,3996,4160,-1002,114,-107,-14832,-3612,6016,-455,183,-73,0
2389.5454320907593,10136,5708,10948,-302,-108,138,9768,-8916,9132,12,150,-190,-14368,3924,4376,-1001,97,-113,-14628,-3628,6036,-462,158,-115,0
2389.5787260532375,10088,5684,10808,-289,-131,155,9592,-8908,8996,-23,134,-213,-14480,3664,4328,-980,93,-116,-14540,-3792,6004,-481,148,-71,0
2389.6122801303864,10072,5768,10632,-270,-92,120,9508,-8748,9072,-39,141,-202,-14520,4000,3996,-783,112,-90,-14524,-3712,5928,-450,138,-57,0
2389.645650148392,10160,5732,10764,-259,-116,108,9624,-9016,9156,-13,129,-191,-14412,3948,3848,-1005,113,-79,-14612,-3696,5784,-477,144,-76,0
2389.6789140701294,10036,5460,10844,-268,-153,152,9552,-9168,9020,-25,110,-192,-14524,4012,3900,-996,54,-100,-14576,-3764,6048,-483,137,-83,0
2389.7125079631805,10120,5564,10844,-215,-152,146,9644,-9200,9100,-7,102,-204,-14504,3928,4028,-994,95,-136,-14548,-3636,5852,-468,163,-83,0
2389.74609208107,10128,5648,10840,-240,-160,143,9724,-8724,9060,-12,110,-237,-14588,3944,4164,-1018,135,-119,-14588,-3732,5828,-479,169,-109,0
2389.780009031296,10100,5732,10984,-223,-152,134,9600,-9024,8744,-14,102,-198,-14616,4004,4012,-1008,112,-97,-14500,-3396,6020,-453,167,-69,0
2389.8184790611267,10188,5640,10828,-240,-144,156,9612,-8936,9040,-16,85,-204,-14460,3896,3840,-996,96,-105,-14380,-3616,6108,-469,136,-83,0
2389.853399038315,10152,5584,10972,-224,-125,161,9608,-8992,9016,-19,115,-185,-14692,3996,3968,-1002,98,-66,-14536,-3628,5696,-502,141,-84,0
2389.8888330459595,10040,5616,10540,-239,-123,154,9636,-8876,9028,20,123,-165,-14460,3940,4104,-1000,82,-96,-14492,-3664,5812,-504,109,-116,0
2389.92392206192,10176,5728,10776,-138,-101,127,9564,-8892,9072,-50,137,-192,-14800,3960,3924,-975,118,-66,-14500,-3632,5808,-474,143,-103,0
2389.959542989731,10096,5620,10824,-144,-129,112,9640,-9188,9004,-25,107,-237,-14408,3896,4048,-1002,110,-90,-14540,-3632,5872,-493,191,-103,0
2389.995085954666,10064,5472,11004,-103,-62,76,9640,-9212,8856,-12,164,-171,-14484,3900,4240,-1043,54,-44,-14392,-3644,5680,-484,99,-112,0
2390.030697107315,10216,5544,10840,-92,-39,83,9680,-8904,9052,-18,149,-141,-14544,3928,4044,-1027,103,-32,-14500,-3652,5840,-489,94,-144,0
2390.065498113632,10088,5628,10844,-129,3,67,9632,-8736,9088,-42,166,-140,-14536,3920,4092,-1016,81,-28,-14584,-3384,5912,-509,124,-118,0
2390.101800918579,10120,5696,10760,-120,-47,120,9592,-8984,9200,-50,127,-173,-14492,3852,4108,-1004,87,-82,-14532,-3684,5792,-469,128,-152,0
2390.1375429630284,9996,5584,10880,-101,-91,109,9632,-8988,9004,-50,126,-173,-14488,3928,4064,-769,144,-46,-14528,-3632,5884,-522,156,-117,0
2390.1723580360413,10216,5624,10764,-66,-50,86,9560,-8940,8992,-57,124,-176,-14460,3840,4180,-1039,102,-79,-14740,-3692,5820,-540,146,-118,0
2390.207729101181,10160,5636,10864,-94,-62,90,9652,-8960,9008,-37,149,-173,-14572,4040,4000,-1019,116,-74,-14532,-3724,6108,-511,132,-131,0
2390.2428190708165,10132,5708,10796,-99,-2,92,9648,-9032,9080,-47,136,-160,-14540,4168,4080,-1015,104,-86,-14460,-3620,5948,-523,113,-117,0
2390.2787339687347,10104,5564,10808,-106,-37,119,9656,-8920,9120,-64,147,-182,-14380,3964,4176,-1010,111,-51,-14608,-3672,6100,-521,127,-132,0
2390.3141980171204,10000,5596,10744,-75,-47,108,9620,-8924,9152,-65,132,-167,-14384,3920,4244,-1031,117,-85,-14484,-3616,5864,-766,145,-112,0
2390.3494820594788,9784,5716,10872,-85,-68,86,9600,-9200,9032,-72,125,-195,-14556,3908,4204,-769,98,-30,-14548,-3656,5920,-504,154,-98,0
2390.384959936142,10140,5704,10788,-83,-80,99,9648,-8964,9080,-52,109,-176,-14540,4020,4052,-772,121,-135,-14528,-3672,5796,-511,162,-95,0
2390.4202139377594,10164,5392,10852,-86,-57,127,9648,-8952,9276,-36,113,-183,-14572,3900,3940,-982,115,-72,-14632,-3700,5944,-530,138,-109,0
2390.455780982971,10120,5744,10972,-60,-62,102,9716,-9016,8992,-18,105,-175,-14828,3984,4264,-1036,138,-22,-14524,-3640,5980,-530,116,-142,0
2390.4892859458923,10092,5476,10532,-71,-60,114,9720,-8760,9132,-43,119,-173,-14580,3916,3980,-1008,129,-39,-14584,-3660,5956,-523,143,-135,0
2390.5227200984955,10132,5732,10904,-67,-62,85,9620,-8972,8972,-73,125,-162,-14536,3868,3840,-939,99,-62,-14532,-3664,5852,-263,124,-131,0
2390.5561969280243,10148,5760,10760,-84,-81,77,9628,-8976,9080,-71,162,-192,-14580,4032,4224,-989,53,-53,-14524,-3616,5944,-473,164,-167,0
2390.589718103409,10148,5728,10820,-139,-101,64,9552,-8868,8980,-55,174,-208,-14444,3980,4028,-1018,58,-72,-14564,-3776,5764,-492,173,-181,0
2390.623125076294,10008,5768,10852,-74,-76,42,9580,-8908,9272,-78,184,-186,-14796,3992,4248,-1017,83,-71,-14528,-3692,5860,-496,139,-160,0
2390.656539916992,10156,5732,10884,-138,-99,37,9616,-8992,9020,-52,155,-199,-14524,4324,4240,-1004,100,-93,-14500,-3612,5672,-465,142,-157,0
2390.689722061157,10140,5880,10820,-88,-34,76,9364,-9024,9016,-2,67,-196,-14524,4036,4188,-1077,99,-63,-14532,-3720,5948,-527,164,-129,0
2390.7233979701996,10060,5656,10908,-14,-40,137,9904,-8984,9056,22,94,-170,-14532,4148,4096,-1092,154,-42,-14740,-3608,5976,-574,65,-141,0
2390.757040023804,10200,5776,10952,-34,247,145,9580,-9108,9120,-255,57,-67,-14740,4144,4180,-964,22,103,-14792,-3620,5960,-620,-83,-143,0
2390.7904579639435,10140,5692,10972,-255,44,172,9592,-9136,8928,-17,39,11,-14344,4172,3956,-966,61,96,-14576,-3612,5916,-694,-116,-178,0
2390.8237409591675,10040,5408,10900,100,27,208,9936,-9372,8860,-10,-22,-34,-14600,3920,4312,-1060,175,11,-14324,-3668,5796,-644,29,-162,0
2390.857507944107,9928,5628,10764,82,-65,232,9592,-9192,8836,30,60,-71,-14400,3988,3884,-1106,169,-108,-14396,-3680,5860,-651,113,-121,0
2390.890773057937,9980,5820,10892,96,-146,192,9560,-8992,9020,34,40,-161,-14800,3924,4264,-1043,69,-129,-14468,-3780,6128,-567,188,-162,0
2390.9243071079254,10144,5780,10608,-45,-142,102,9624,-8880,9168,3,152,-228,-14520,3892,3848,-1048,79,-196,-14472,-3804,5864,-532,236,-184,0
2390.9579169750214,10100,5904,10640,-109,-210,44,9836,-8828,9172,-65,145,-302,-14564,3876,4116,-1041,70,-181,-14544,-3972,5760,-515,217,-203,0
2390.9915850162506,10168,5964,10744,-98,-140,15,9672,-8872,9176,10,200,-218,-14624,3976,4252,-1000,-16,-113,-14648,-3848,5940,-563,100,-216,0
2391.0251801013947,9996,5900,10980,-5,-70,26,9644,-8972,9144,-12,144,-207,-14444,3968,4300,-1012,32,-129,-14392,-3876,5784,-514,123,-209,0
2391.0588121414185,10096,5904,10604,-30,-64,20,9876,-8896,8960,-35,158,-219,-14400,3916,4220,-1014,23,-81,-14484,-3744,5832,-543,146,-226,0
2391.0923449993134,10124,5748,10544,-88,-106,81,9452,-8896,9244,-13,152,-189,-14404,4064,4160,-985,83,-89,-14508,-3708,5836,-547,139,-180,0
2391.125837087631,10000,5844,10888,-74,-51,124,9500,-9176,8920,3,114,-177,-14584,3980,3940,-1054,113,-94,-14360,-3684,5640,-525,170,-116,0
2391.1591930389404,10100,5808,10508,-105,-65,139,9640,-8768,9152,-10,100,-164,-14432,3968,3956,-1104,178,-56,-14812,-3700,5956,-532,129,-84,0
2391.192584991455,10172,5820,10952,-99,-28,170,9612,-9016,9112,30,52,-127,-14560,4028,4188,-1128,140,-12,-14532,-3724,6104,-559,104,-105,0
2391.2260870933533,10156,5764,10584,-126,6,164,9708,-9212,8900,51,130,-51,-14448,4128,3908,-1129,125,-254,-14504,-3696,6068,-524,48,-147,0
2391.2596130371094,10100,6000,10984,-170,52,123,9508,-9156,9052,37,169,-52,-14576,4052,4188,-1080,254,26,-14776,-3696,6024,-575,-17,-137,0
2391.293072938919,10220,5764,10764,-190,61,111,9620,-9036,9096,30,213,-5,-14356,4112,4276,-943,-34,19,-14556,-3756,6100,-568,-83,-170,0
2391.326637983322,9916,5660,11120,-234,104,114,9468,-9104,8880,22,195,-42,-14440,3904,4300,-945,40,-81,-14360,-3804,5900,-504,35,-153,0
2391.3600990772247,10020,6136,10972,-150,47,86,9680,-8904,8992,-24,225,-101,-14472,3968,4052,-1035,15,-30,-14472,-3860,5824,-522,126,-170,0
2391.393644094467,10196,5708,10696,-1,-38,42,9660,-9180,9188,-250,217,-210,-14504,4008,4128,-1045,34,-93,-14480,-3824,5860,-523,193,-170,0
2391.4271991252895,10232,5824,10540,-230,-25,44,9508,-8964,9076,65,208,-214,-14372,3972,4276,-1054,31,-129,-14396,-3796,5976,-474,225,-160,0
2391.4604671001434,10080,5676,10564,-214,-31,67,9668,-8996,9076,76,200,-219,-14500,3964,4212,-1114,58,-160,-14408,-3848,5904,-455,202,-175,0
2391.4984769821167,9980,5860,10920,-220,-118,61,9616,-8964,9448,10,187,-229,-14492,3864,4224,-961,35,-140,-14544,-3848,5900,-457,171,-159,0
2391.533396959305,10200,5900,10988,-248,-65,79,9608,-8924,9124,-6,155,-191,-14476,3960,4308,-969,51,-160,-14628,-3876,5908,-409,189,-114,0
2391.5688009262085,10072,5924,10964,-306,-89,89,9724,-8752,9092,-58,180,-216,-14496,3892,4348,-1030,108,-18,-14468,-3896,5976,-409,158,-93,0
2391.603889942169,10028,5924,10552,-289,-32,96,9680,-8868,9352,-31,184,-140,-14420,3976,4212,-984,135,-48,-14504,-3904,5892,-478,63,-73,0
2391.6396520137787,9948,5776,10832,-199,-54,102,9464,-8936,9100,-45,94,-180,-14448,4004,3904,-964,106,-89,-14528,-3780,5880,-420,123,-81,0
2391.6750259399414,10212,5784,10928,-225,-85,110,9664,-8984,9032,-69,109,-227,-14480,4024,4220,-975,121,-77,-14520,-3752,5948,-455,231,-29,0
2391.7102570533752,10112,5804,10760,-277,-148,175,9652,-8960,9100,-52,130,-173,-14496,3892,4224,-1009,122,-13,-14496,-3740,5700,-426,187,-32,0
2391.745656967163,10076,5716,10824,-279,-118,194,9624,-9056,9020,-16,116,-178,-14456,3968,4192,-1027,212,-61,-14364,-4076,5944,-416,129,-70,0
2391.780941963196,9984,5724,10972,-276,-91,166,9508,-9020,9184,-24,163,-177,-14520,3984,4256,-778,113,-30,-14524,-3772,5952,-460,162,-65,0
2391.816097974777,9924,5780,10772,-227,-95,124,9552,-9048,9248,-47,150,-154,-14592,4112,4148,-1010,40,-64,-14632,-3672,5936,-537,71,-147,0
2391.8518359661102,10068,5748,10932,-245,-88,139,9608,-9212,9124,8,125,-133,-14444,3928,4160,-1030,47,-68,-14400,-3752,6076,-533,130,-117,0
2391.8878040313725,9964,5808,10780,-129,-34,157,9624,-8872,9072,-16,98,-163,-14280,3896,4132,-940,151,-95,-14476,-3716,5744,-453,118,-60,0
2391.9226720333095,10104,5784,10872,-153,-88,107,9668,-8904,8724,-81,125,-221,-14480,3944,4164,-918,125,-75,-14608,-3724,5868,-426,168,-84,0
2391.9581439495087,10104,5748,10552,-273,-158,92,9532,-8884,9144,-79,179,-184,-14552,4088,3884,-990,102,-66,-14528,-3752,5816,-441,130,-140,0
2391.993679046631,10084,5832,10912,-244,-63,77,9648,-8872,9132,-72,179,-192,-14472,3968,4188,-1015,105,-45,-14488,-3788,5688,-475,154,-123,0
2392.029613018036,10108,5804,10636,-169,-72,118,9504,-8728,8976,-41,159,-171,-14504,3876,4164,-1070,152,-48,-14568,-3768,5780,-466,158,-92,0
2392.064998149872,10124,5836,10536,-181,-20,105,9660,-8864,9128,-26,139,-154,-14564,3912,4340,-1033,116,-53,-14480,-3728,5892,-444,105,-91,0
2392.1005821228027,9984,5772,10776,-185,9,95,9584,-9156,9092,-62,144,-144,-14576,4040,4184,-1031,108,-56,-14500,-3784,6004,-501,103,-119,0
2392.1360130310054,10052,5724,10860,-120,-25,80,9428,-9012,9080,-66,121,-158,-14516,3936,4164,-990,78,-6,-14500,-3696,5888,-503,138,-119,0
2392.169876098633,10076,5844,10984,-105,-17,120,9512,-8976,9076,-56,119,-132,-14516,3984,4240,-1025,103,3,-14532,-3684,5972,-503,115,-102,0
2392.2034320831294,10128,5788,10892,-147,-10,134,9508,-8968,9056,-49,95,-128,-14520,4084,4288,-995,137,-256,-14516,-3672,6000,-451,88,-76,0
2392.2369940280914,9772,5704,10956,-161,-251,137,9528,-8964,9016,-78,158,-127,-14464,3964,3868,-970,122,5,-14520,-3900,6008,-450,73,-96,0
2392.2703909873962,9964,5860,10752,-183,-52,111,9516,-9032,9192,-114,158,-150,-14484,3928,4196,-967,103,-60,-14436,-3756,5940,-501,129,-144,0
2392.303731918335,9988,5748,10816,-151,-59,64,9540,-8976,9032,-99,210,-185,-14540,4012,4140,-932,45,-32,-14504,-3736,5920,-452,159,-179,0
2392.3374850749974,10116,5808,10868,-139,-57,47,9564,-8964,8988,-98,174,-183,-14456,4012,4224,-926,62,-80,-14480,-3660,5844,-458,136,-169,0
2392.372777938843,9956,5804,10920,-158,-57,45,9540,-8916,9164,-55,149,-212,-14476,4016,4188,-953,119,-65,-14584,-3700,5928,-446,143,-131,0
2392.4060130119324,10092,5724,10836,-166,-43,61,9560,-9004,8972,-6,160,-197,-14552,4300,4284,-1013,99,-64,-14480,-3616,6068,-484,161,-93,0
2392.4396121501923,10028,5784,10868,-156,-55,70,9488,-9068,8968,-34,136,-159,-14428,4068,4240,-1003,104,-29,-14548,-3744,5924,-504,135,-111,0
2392.4731509685516,10088,5772,10988,-103,-15,107,9616,-9124,9092,-69,136,-166,-14840,3968,4508,-1019,107,-75,-14616,-3752,6060,-520,120,-129,0
2392.506514072418,10040,5740,10972,-134,-42,128,9556,-9044,9132,-59,116,-165,-14436,4000,4256,-997,145,-78,-14512,-3784,6140,-495,150,-77,0
2392.540053129196,10080,5716,10812,-134,-76,133,9528,-9032,9012,-80,107,-163,-14428,4016,4172,-988,157,-33,-14524,-3640,5952,-765,131,-77,0
2392.5735449790955,10220,5780,10736,-129,-49,138,9576,-9012,9000,-84,103,-138,-14496,3992,4220,-983,169,-39,-14580,-3624,5912,-496,122,-83,0
2392.607208967209,10000,5848,10824,-112,-84,116,9592,-9028,9092,-92,122,-176,-14688,3956,4144,-980,138,-74,-14468,-3824,6064,-458,152,-139,0
2392.6406009197235,10192,5792,11092,-114,-91,90,9568,-8980,8972,-88,129,-184,-14472,3956,4300,-961,99,-105,-14492,-3772,5940,-480,164,-151,0
2392.6740250587463,10076,5812,10716,-131,-104,61,9520,-9004,9172,-88,140,-220,-14376,4032,4300,-966,107,-97,-14420,-3780,6048,-460,154,-188,0
2392.7075719833374,9972,5796,10788,-148,-100,44,9480,-9036,9084,-72,179,-234,-14492,3936,4068,-977,89,-96,-14528,-3864,6000,-450,194,-132,0
2392.740800142288,9808,5752,10936,-164,-136,43,9540,-9004,9184,-76,151,-242,-14412,4000,4200,-943,90,-93,-14436,-3664,5892,-416,184,-165,0
2392.7742130756374,9956,5844,10944,-128,-131,43,9572,-9012,9032,-97,153,-226,-14608,4104,4080,-930,70,-121,-14556,-3736,5884,-474,149,-153,0
2392.807685136795,10040,5640,10772,-217,-112,84,9528,-9148,9016,-49,166,-164,-14484,4092,4100,-964,53,-73,-14520,-3732,5900,-476,149,-128,0
2392.841315984726,10004,5700,10644,-100,-42,103,9304,-9020,9080,-13,102,-182,-14476,4100,4200,-999,96,-64,-14488,-3828,5936,-482,129,-128,0
2392.8746869564056,10048,5800,10908,-114,-102,90,9640,-9056,9040,-50,166,-197,-14512,3952,4340,-1033,132,-80,-14504,-3704,6064,-488,156,-155,0
2392.9077270030975,10004,5800,10748,-154,-24,107,9564,-9012,9048,-2,140,-175,-14488,4036,4072,-1056,119,-88,-14576,-3748,5912,-470,164,-124,0
2392.9412541389465,9988,5760,10956,-116,-54,123,9552,-8940,9124,13,124,-142,-14532,3992,4128,-1010,61,-28,-14524,-3796,5916,-483,119,-121,0
2392.9746289253235,10124,6068,10940,-171,-16,116,9668,-8980,8920,-48,194,-158,-14568,3956,4280,-946,78,-19,-14460,-3840,6144,-471,80,-153,0
2393.0082111358643,9952,5632,10872,-211,-83,79,9576,-8984,8984,-83,153,-186,-14464,4112,4216,-969,91,-91,-14452,-3608,5856,-422,163,-126,0
2393.0417420864105,9960,5828,10604,-167,-82,84,9716,-8976,9152,-25,127,-219,-14416,4104,4372,-771,140,-125,-14392,-3636,5840,-430,214,-109,0
2393.075175046921,9888,5724,10964,-165,-123,100,9488,-9032,8952,-11,212,-240,-14144,4080,4176,-1027,147,-116,-14476,-3776,6020,-462,250,-92,0
2393.108701944351,9752,5776,10832,-187,-174,91,9652,-9024,9016,-59,174,-254,-14404,4012,4272,-993,78,-117,-14536,-3744,6032,-438,242,-117,0
2393.1416199207306,9780,5840,10676,-206,-147,73,9552,-9040,9024,-247,192,-291,-14488,4084,4160,-948,75,-150,-14556,-3692,6040,-444,509,-167,0
2393.1787910461426,10116,5936,10916,-159,-109,68,9636,-9028,9148,-18,186,-274,-14432,4060,4152,-1015,127,-164,-14492,-3808,5724,-448,231,-90,0
2393.2139320373535,10052,5888,10712,-159,-126,101,9572,-9000,9188,-47,180,-233,-14420,4040,4176,-995,131,-112,-14584,-3720,6120,-480,167,-130,0
2393.250158071518,10080,5888,10872,-172,-108,82,9624,-8964,9124,-66,133,-212,-14496,3960,4108,-986,108,-116,-14504,-3812,5964,-448,164,-124,0
2393.285481929779,10024,5864,10740,-170,-64,86,9544,-9096,9256,-57,127,-208,-14564,3952,4112,-968,99,-76,-14476,-3672,5892,-473,158,-110,0
2393.3212490081787,10088,5756,10780,-164,-49,85,9488,-9032,9028,-34,113,-187,-14428,4132,4100,-999,84,-86,-14496,-3564,6020,-475,162,-57,0
2393.357129096985,9984,5860,10792,-175,-75,121,9536,-8984,9184,-27,124,-193,-14440,4044,4180,-990,97,-73,-14752,-3756,6088,-479,193,-115,0
2393.391907930374,10064,5796,10840,-194,-47,140,9560,-9016,9088,-4,157,-178,-14504,4124,3916,-1004,122,-90,-14480,-3744,5928,-469,169,-98,0
2393.42803812027,10000,5932,10932,-179,-114,106,9616,-9104,8960,-53,155,-199,-14528,4076,4088,-966,106,-100,-14412,-3832,5956,-453,189,-121,0
2393.463185071945,9880,6016,10576,-201,-99,120,9536,-8864,9088,-15,146,-231,-14524,4040,4100,-1262,101,-90,-14568,-3832,6012,-414,197,-80,0
2393.4988930225372,9972,5896,10860,-237,-106,96,9496,-9048,9188,7,133,-226,-14392,4328,4244,-999,54,-126,-14532,-3816,5740,-435,177,-106,0
2393.5338659286494,10184,5756,10832,-316,-118,125,9596,-8980,9208,15,178,-184,-14428,4072,4284,-981,70,-122,-14540,-3732,5960,-434,162,-107,0
2393.56928896904,10008,6080,10944,-236,-72,100,9568,-9032,9132,-69,162,-189,-14460,4020,4136,-928,51,-98,-14580,-3832,5784,-480,143,-126,0
2393.6040921211243,10004,5736,10820,-252,-97,76,9584,-9088,9196,-33,168,-237,-14408,4024,3972,-965,118,-116,-14524,-3720,5932,-453,190,-129,0
2393.6396911144257,10128,5776,10884,-233,-69,88,9500,-8988,9100,4,149,-192,-14520,4016,4100,-1030,70,-49,-14476,-3808,5992,-469,192,-137,0
2393.674991130829,10200,5868,10780,-227,-43,104,9624,-9060,9444,15,170,-160,-14408,3988,4036,-984,74,-100,-14812,-3800,5808,-452,127,-76,0
2393.710946083069,10196,5832,10968,-3,-17,121,9592,-9064,9084,-26,163,-186,-14468,4048,4192,-936,66,-83,-14496,-3684,5764,-470,150,-95,0
2393.746223926544,10104,5760,10992,-229,-64,111,9588,-9108,9028,-15,151,-175,-14544,4092,4328,-948,126,-77,-14496,-3764,6060,-473,179,-72,0
2393.7824120521545,10064,5764,10912,-235,-120,140,9568,-9112,9080,27,176,-184,-14448,4048,4128,-1033,130,-123,-14528,-3784,5900,-453,196,-68,0
2393.8183190822606,10000,5760,10880,-185,-121,146,9568,-9024,9084,-26,141,-223,-14480,4052,4344,-1013,120,-121,-14532,-3648,5904,-466,199,-73,0
2393.8517649173737,9752,5732,10928,-258,-140,127,9724,-9004,9016,19,144,-223,-14480,4056,4144,-996,110,-144,-14340,-3708,5784,-483,179,-72,0
2393.8851590156555,9816,5708,10864,-224,-110,128,9624,-8972,9064,-8,125,-203,-14520,4008,3968,-994,80,-106,-14556,-3676,5672,-506,185,-88,0
2393.922420024872,10000,5780,10756,-207,-115,107,9560,-9032,9160,9,174,-204,-14768,3860,4036,-993,101,-157,-14364,-3776,5976,-492,160,-87,0
2393.9564690589905,10100,5844,10800,-209,-108,153,9548,-9024,9180,-256,6,-253,-14520,3984,4096,-950,88,-158,-14516,-3740,6084,-475,155,-84,0
2393.9899139404297,10072,5744,10692,-235,-118,134,9692,-9020,9408,-38,133,-206,-14540,3976,4052,-950,130,-86,-14556,-3612,5968,-482,170,-89,0
2394.0234780311584,10028,5788,10964,-250,-126,124,9536,-8984,9116,-32,133,-216,-14464,3988,4120,-985,107,-84,-14572,-3712,5824,-488,194,-98,0
2394.057191133499,9980,5652,10700,-249,-148,141,9432,-8916,9032,-6,137,-184,-14504,3960,4008,-988,127,-107,-14540,-3672,5912,-479,179,-77,0
2394.0906200408936,10044,5680,10660,-199,-132,146,9700,-9088,9144,-13,145,-179,-14580,3940,4096,-989,118,-120,-14464,-3684,5824,-489,170,-83,0
2394.124181032181,10064,5724,10888,-198,-129,147,9580,-8932,9020,-13,97,-203,-14456,3988,4024,-1006,134,-109,-14452,-3700,5832,-518,166,-87,0
2394.1573979854584,10052,5680,10840,-191,-136,141,9552,-8924,9100,-9,123,-207,-14460,4040,4156,-1021,153,-81,-14644,-3648,6128,-492,166,-55,0
2394.191040992737,10056,5664,10712,-160,-92,162,9496,-9016,9044,-33,62,-171,-14612,4024,4048,-1017,148,-73,-14376,-3676,5856,-528,120,-74,0
2394.2245869636536,10088,5672,11080,-206,-102,150,9720,-9012,9460,-255,70,-174,-14484,4024,4092,-1058,114,-81,-14548,-3720,5980,-482,131,-98,0
2394.2582399845123,10092,5644,10832,-217,-102,158,9672,-9148,9076,4,125,-161,-14484,3908,4184,-1051,107,-102,-14380,-3804,5872,-487,149,-97,0
2394.291666984558,10184,5844,10968,-148,-73,125,9676,-8968,9056,-59,116,-182,-14532,4092,4336,-983,133,-95,-14472,-3720,5876,-471,128,-108,0
2394.325294017792,10144,5676,10856,-180,-91,118,9656,-8996,8972,-24,125,-201,-14468,4000,4020,-772,94,-72,-14496,-3612,5900,-479,134,-127,0
2394.358915090561,10060,5660,10864,-144,-81,105,9692,-8960,9080,-4,135,-151,-14540,4028,4072,-1048,98,-37,-14560,-3764,5796,-469,111,-141,0
2394.3925321102142,9952,5696,10760,-173,-21,90,9664,-8844,9036,-30,181,-134,-14472,3968,4172,-1010,59,-38,-14500,-3608,6136,-446,121,-140,0
2394.426094055176,10088,5812,10920,-187,-46,83,9624,-8924,9092,-41,162,-167,-14492,3980,4332,-998,92,-110,-14560,-3780,6068,-466,115,-114,0
2394.459834098816,10072,5688,10920,-147,-46,90,9548,-9204,9200,-65,132,-188,-14564,3980,4108,-1016,93,-113,-14568,-3644,5944,-482,134,-130,0
2394.4934530258174,10096,5688,10848,-150,-69,97,9532,-9000,9112,-29,129,-171,-14496,4008,3872,-1031,102,-67,-14576,-3632,5896,-480,143,-118,0
2394.5271451473236,10044,5764,10828,-111,-25,115,9496,-9044,9012,-39,139,-179,-14432,3900,4212,-1037,115,-73,-14348,-3832,5944,-482,138,-126,0
2394.5606560707092,9748,5496,10876,-129,-67,110,9636,-9008,9120,-37,126,-174,-14508,4016,4016,-1027,125,-29,-14548,-3700,5936,-484,118,-114,0
2394.5941050052643,9964,5684,10736,-136,-62,104,9504,-9208,9192,-58,128,-158,-14528,3992,4080,-1018,111,-43,-14472,-3648,5952,-513,154,-102,0
2394.627743959427,10084,5756,10884,-83,-37,127,9480,-8992,9144,-41,145,-172,-14540,3992,4276,-1053,126,-77,-14572,-3712,5860,-506,131,-125,0
2394.6611499786377,10040,5708,10776,-113,-37,140,9620,-8944,9180,-29,97,-132,-14396,3896,3992,-1012,153,-52,-14580,-3676,6092,-260,121,-119,0
2394.6944439411163,10192,5760,10948,-123,-73,126,9592,-8972,9236,-61,151,-155,-14596,4000,4220,-997,115,-10,-14524,-3736,5916,-474,139,-105,0
2394.728054046631,10124,5804,10772,-156,-72,100,9536,-9012,9136,-64,166,-205,-14512,4004,4232,-1001,94,-64,-14592,-3744,5856,-486,177,-110,0
2394.7616281509404,10176,5736,10780,-168,-52,99,9656,-8964,8992,-28,163,-183,-14492,3996,4152,-1036,142,-72,-14592,-3680,5944,-496,119,-121,0
2394.794835090637,9732,5852,10944,-91,-62,87,9632,-8960,9100,-14,150,-190,-14476,4000,4024,-1014,100,-82,-14532,-3696,6088,-258,144,-145,0
2394.8307120800014,10044,5784,10836,-118,-72,75,9540,-8720,9056,-34,154,-188,-14496,3960,4184,-1039,113,-83,-14476,-4048,5640,-500,142,-142,0
2394.8655490875244,9940,5740,10868,-134,-52,92,9584,-9208,9396,-45,119,-182,-14396,3940,4180,-1021,129,-87,-14544,-3692,5904,-478,166,-122,0
2394.9008841514587,10056,5804,10996,-84,-41,124,9632,-9204,9212,-55,91,-190,-14580,4060,4124,-999,126,-31,-14588,-3692,5648,-520,137,-128,0
2394.93607711792,10156,5732,10708,-143,-37,97,9676,-9056,9012,-50,146,-161,-14564,4080,4236,-1037,93,-56,-14568,-3784,5932,-511,129,-144,0
2394.971836090088,10100,5824,10840,-136,-63,133,9572,-8964,9092,-50,159,-146,-14460,3996,4208,-1000,114,-34,-14440,-3744,6020,-533,102,-138,0
2395.007694005966,10048,5840,10988,-101,-56,83,9544,-9008,9044,-81,142,-182,-14648,3924,4132,-959,88,-68,-14556,-3764,5904,-494,151,-130,0
2395.0426919460297,9836,5788,10768,-168,-87,82,9604,-8924,9092,-41,115,-202,-14380,3948,4096,-1006,101,-84,-14480,-3588,5932,-506,161,-145,0
2395.0787580013275,10000,5712,10832,-91,-47,111,9252,-9208,9092,-12,136,-162,-14512,4016,3992,-1062,92,-15,-14636,-3708,5860,-507,131,-158,0
2395.1141760349274,9912,5776,10848,-138,-25,91,9596,-8912,9192,-30,137,-156,-14432,3992,4132,-980,44,-67,-14488,-3744,6052,-485,124,-104,0
2395.149647951126,9992,5732,10996,-158,-75,88,9520,-9100,9064,-21,145,-184,-14432,4028,3948,-948,121,-72,-14384,-3704,5940,-493,126,-100,0
2395.1851329803467,10052,5748,10856,-131,-59,97,9668,-8768,9132,-51,79,-153,-14808,3968,4136,-1008,96,-83,-14492,-3752,5744,-470,170,-148,0
2395.2206439971924,10208,5716,10792,-155,-81,103,9712,-8932,8988,-22,130,-190,-14380,3972,4032,-1018,114,-14,-14344,-3816,5756,-759,145,-128,0
2395.2554700374603,9840,5772,10716,-95,-51,106,9680,-9108,9048,-31,111,-183,-14704,3996,4312,-1029,171,-96,-14616,-3712,5924,-529,142,-130,0
2395.2915189266205,9744,5856,10560,-157,-107,112,9572,-8912,9060,-34,117,-196,-14500,4028,4148,-771,123,-77,-14540,-3760,5904,-470,170,-140,0
2395.3275351524353,10028,5864,10860,-118,-68,98,9640,-9020,9060,-18,162,-200,-14564,4012,4104,-998,89,-62,-14448,-3668,5904,-268,168,-117,0
2395.362788915634,10044,5700,10704,-148,-97,130,9272,-8920,9096,-20,149,-186,-14524,3984,4088,-976,85,-107,-14540,-3720,6068,-503,146,-100,0
2395.398819923401,10064,5852,10796,-163,-85,91,9628,-9032,9060,-34,141,-186,-14452,3884,4204,-995,132,-59,-14504,-3832,6040,-469,196,-101,0
2395.4342291355133,10056,5824,10904,-179,-80,100,9620,-9216,9064,-48,136,-183,-14548,4044,4144,-977,85,-59,-14576,-3660,5792,-489,132,-131,0
2395.4714000225067,10084,5728,10960,-207,-33,84,9588,-9108,8980,-250,143,-158,-14576,3908,3932,-1022,76,-82,-14512,-3664,5896,-498,135,-149,0
2395.5050411224365,9920,5808,10892,-241,-40,139,9440,-8936,9112,47,137,-163,-14308,3960,4152,-964,140,-73,-14500,-4020,5924,-461,130,-81,0
2395.53853392601,10000,5840,10824,-198,-109,151,9560,-9024,9192,-68,127,-205,-14468,3964,4120,-958,86,-88,-14536,-3660,5972,-487,179,-79,0
2395.5720729827885,10084,5740,10936,-234,-165,126,9560,-9060,9076,-47,107,-207,-14572,3984,4136,-974,72,-104,-14552,-3724,5904,-529,115,-119,0
2395.6056990623474,10104,5824,10500,-165,-86,133,9576,-8748,9024,-32,110,-184,-14528,4012,4156,-966,108,-139,-14472,-3692,5872,-492,135,-93,0
2395.638925075531,10188,5804,10916,-215,-62,144,9548,-9204,8992,24,146,-166,-14464,4048,4268,-997,103,-92,-14452,-3784,6012,-464,127,-101,0
2395.6725609302525,10056,5732,10840,-221,-28,114,9524,-8988,9028,8,134,-199,-14808,3860,4176,-995,134,-59,-14552,-3660,5888,-450,134,-54,0
2395.7060821056366,9976,5816,10912,-236,-91,154,9536,-8984,9140,-49,129,-197,-14384,3984,4348,-961,108,-79,-14544,-3652,5792,-498,164,-54,0
2395.7397129535675,10100,5764,10828,-233,-86,151,9600,-9212,8988,-33,129,-208,-14460,3976,4176,-989,107,-93,-14500,-3736,5948,-478,163,-116,0
2395.7733161449432,10060,5764,10784,-509,-80,142,9512,-9104,9004,-8,134,-196,-14452,4044,4092,-998,94,-112,-14460,-3632,5940,-494,214,-89,0
2395.806631088257,9936,5684,10832,-247,-137,114,9564,-9044,9164,-3,103,-235,-14532,4056,4268,-994,110,-77,-14464,-3728,6128,-505,201,-107,0
2395.840080022812,10120,5664,10920,-232,-148,128,9592,-9048,9192,-15,134,-221,-14504,4020,4184,-976,111,-99,-14492,-3808,6116,-474,161,-76,0
2395.8737440109253,10100,5704,10876,-260,-134,115,9600,-9008,9200,5,140,-196,-14472,4044,4100,-980,122,-118,-14528,-3712,5732,-492,192,-118,0
2395.9069781303406,10052,5692,10976,-228,-162,124,9648,-9060,9160,-17,138,-209,-14396,4000,4016,-979,113,-103,-14492,-3712,5804,-465,191,-91,0
2395.940510034561,10100,5748,10672,-237,-155,122,9536,-9128,9060,253,121,-216,-14392,3996,4164,-988,97,-125,-14476,-3720,6124,-504,157,-84,0
2395.9740331172943,10024,5672,10872,-237,-172,142,9652,-9016,9256,0,126,-195,-14520,4068,4180,-1009,123,-108,-14576,-3648,5848,-481,159,-69,0
2396.0078051090245,10104,5684,10776,-223,-148,158,9652,-8844,8968,0,129,-212,-14488,4000,4168,-1038,136,-76,-14476,-3688,5816,-497,154,-67,0
2396.041118144989,10112,5736,10696,-240,-132,130,9544,-8936,9196,-28,131,-214,-14436,4060,4036,-1038,123,-123,-14576,-3736,5784,-493,177,-103,0
2396.0742950439453,10096,5588,10888,-200,-123,131,9592,-8940,9072,-21,96,-195,-14472,3944,4012,-773,131,-96,-14536,-3692,5768,-481,149,-93,0
2396.1077229976654,10088,5832,10832,-191,-126,143,9584,-8928,9068,-44,109,-201,-14460,4032,4296,-1007,136,-81,-14560,-3688,5812,-463,126,-109,0
2396.141191959381,10112,5868,10672,-139,-116,114,9636,-8944,9136,-51,112,-167,-14488,4064,3940,-772,115,-54,-14540,-3728,5812,-471,123,-148,0
2396.1747460365295,10176,5668,10664,-132,-59,87,9576,-8884,9056,-51,146,-172,-14424,4020,4036,-1054,112,-76,-14632,-3716,5856,-432,119,-107,0
2396.208414077759,10148,5732,10764,-125,-21,91,9692,-8764,8980,-45,152,-165,-14488,3980,4160,-1047,122,-61,-14572,-3736,5964,-464,84,-135,0
2396.241869926452,10068,5728,10804,-145,-35,103,9620,-9036,9068,-27,122,-148,-14532,4296,4180,-1280,117,-70,-14592,-3676,5868,-462,119,-141,0
2396.2752029895782,10132,5716,10876,-168,-1,95,9632,-8996,9084,-27,152,-173,-14488,3996,4032,-1016,109,-39,-14440,-3588,5908,-459,156,-109,0
2396.3087730407715,10000,5728,10800,-200,-71,117,9532,-9108,9116,-12,161,-186,-14352,4000,4140,-1004,106,-100,-14452,-3672,5916,-465,165,-99,0
2396.342353105545,10120,5780,10792,-148,-107,128,9532,-9004,9104,-22,124,-177,-14584,4008,4184,-981,136,-129,-14520,-3728,5984,-477,184,-80,0
2396.3759260177612,10084,5780,10828,-149,-101,120,9644,-8984,9104,-52,122,-184,-14536,4000,4124,-988,117,-81,-14520,-3608,6116,-503,140,-122,0
2396.409327983856,10036,5692,10524,-140,-81,123,9608,-9036,9096,-28,143,-176,-14504,4020,4160,-968,65,-81,-14532,-3632,5956,-482,144,-104,0
2396.4429330825806,10160,5768,10784,-176,-87,112,9672,-9024,9152,-34,136,-185,-14384,3996,4264,-983,96,-67,-14584,-3728,5688,-454,160,-107,0
2396.476462125778,9988,5768,10980,-158,-25,114,9700,-8944,9016,-36,139,-183,-14440,3948,4056,-967,91,-73,-14704,-3464,5900,-484,100,-116,0
2396.5121979713444,10216,5632,10808,-177,-62,94,9628,-9024,9120,-30,114,-175,-14528,3944,4028,-1020,121,-79,-14584,-3512,6024,-499,147,-96,0
2396.5480260849,10080,5772,10992,-140,-47,147,9652,-8860,9188,-51,122,-162,-14600,3948,4072,-1012,139,-94,-14552,-3712,5924,-499,103,-128,0
2396.583029985428,10200,5752,10748,-108,-102,100,9680,-8976,9108,-82,138,-169,-14568,3880,3952,-1010,89,-55,-14520,-3536,5836,-504,147,-153,0
2396.619262933731,10128,5596,10724,-204,-11,104,9488,-8936,9032,254,179,-170,-14348,3948,4104,-1062,84,-77,-14492,-3796,5920,-461,126,-115,0
2396.654365062713,9960,5744,10804,-134,14,118,9640,-9168,9112,28,158,-153,-14508,3944,4112,-1098,79,-74,-14524,-3768,5948,-761,82,-119,0
2396.6933341026306,10044,5748,10884,-175,-23,92,9624,-9004,9076,-46,156,-167,-14488,3844,4332,-973,73,-40,-14588,-3684,6064,-540,78,-145,0
2396.7292780876164,9820,5748,10984,-121,-19,91,9536,-9076,9092,-81,147,-168,-14488,4008,4152,-985,51,-99,-14520,-3692,6056,-493,115,-135,0
2396.7643661499023,10028,5740,10952,-167,-50,126,9500,-9028,9084,10,142,-161,-14512,3972,4112,-1037,108,-80,-14472,-3628,6008,-498,117,-102,0
2396.7996129989624,9904,5732,10680,-162,-68,122,9528,-9212,8756,-16,114,-201,-14492,4036,4312,-1029,133,-114,-14468,-3668,5980,-510,202,-71,0
2396.8347430229187,10044,5676,10848,-154,-100,141,9656,-9028,9052,-32,102,-211,-14424,4072,4376,-771,172,-76,-14620,-3700,5924,-502,174,-90,0
2396.8704919815063,10096,5736,10760,-121,-87,150,9520,-8920,9056,-31,124,-191,-14568,4136,3944,-774,151,-99,-14556,-3680,6112,-517,160,-63,0
2396.905492067337,10184,5748,10912,-132,-68,129,9608,-8712,9156,-31,139,-174,-14448,3992,4244,-1010,155,-70,-14628,-3736,5948,-515,166,-103,0
2396.941283941269,10212,5828,10932,-133,-62,144,9524,-8828,8932,-44,117,-164,-14464,3648,3956,-769,141,-88,-14372,-3768,5844,-763,118,-103,0
2396.9776320457454,10084,5720,10944,-165,-42,110,9736,-8976,9028,-52,141,-174,-14572,3924,4032,-775,117,-33,-14712,-3664,5864,-477,100,-127,0
2397.012710094452,10168,5876,11176,-173,-247,61,9688,-8920,9056,-61,162,-160,-14460,3912,3988,-1054,84,-62,-14536,-3664,5920,-488,90,-170,0
2397.047958135605,10004,5776,10900,-182,4,57,9624,-9028,9108,-21,173,-132,-14400,4032,4144,-1054,77,-74,-14444,-3640,5928,-489,128,-127,0
2397.083966970444,9920,5684,10900,-196,-31,104,9560,-9044,9048,-21,123,-158,-14356,4088,4152,-1066,123,-89,-14516,-3744,5956,-479,133,-127,0
2397.119318008423,10176,5728,10796,-152,-83,122,9264,-9080,9148,-47,134,-171,-14448,4064,4152,-1080,185,-74,-14424,-3780,5668,-490,185,-81,0
2397.1541781425476,10016,5708,10872,-111,-87,122,9552,-8872,8988,-61,135,-184,-14456,4064,4196,-1057,111,-25,-14400,-3744,6028,-530,143,-138,0
2397.1896901130676,10088,5812,10908,-109,-4,117,9568,-9004,9028,-62,144,-160,-14468,3920,3928,-1058,157,-41,-14548,-3724,5840,-507,85,-143,0
2397.2231719493866,10176,5804,10852,-73,-3,85,9632,-8720,9112,-41,145,-156,-14468,4080,4028,-1043,122,-20,-14340,-3652,5764,-494,99,-175,0
2397.2569699287415,10100,5704,10780,-143,13,70,9600,-9048,9020,-14,106,-148,-14476,3944,4028,-1047,91,-46,-14592,-3688,5868,-497,121,-146,0
2397.2901890277863,10064,5828,10808,-74,17,91,9524,-9076,9164,-9,130,-152,-14568,3948,3964,-1007,108,-39,-14428,-3616,5976,-528,107,-155,0
2397.3233640193935,10044,5700,10932,-90,-40,52,9472,-8988,8748,-105,147,-196,-14360,3928,3968,-1006,249,-61,-14376,-3704,6108,-488,131,-179,0
2397.3570590019226,9732,5728,10784,-152,-76,39,9652,-9196,9016,-24,172,-193,-14408,4040,3996,-1050,126,-109,-14452,-3664,6048,-469,164,-166,0
2397.3902430534363,10056,5808,10840,-141,0,54,9520,-8884,9032,-13,167,-174,-14476,3964,4024,-1102,59,-48,-14496,-3708,5912,-493,140,-174,0
2397.4237871170044,9988,5760,10840,-123,29,65,9540,-8804,9132,-18,167,-146,-14516,4016,4272,-1045,53,-40,-14492,-3752,6028,-491,105,-197,0
2397.4574649333954,10040,5788,11248,-117,16,55,9584,-9100,9176,-62,155,-151,-14460,3996,4108,-988,71,-24,-14512,-3784,6036,-496,102,-191,0
2397.490772008896,10004,5668,11000,-120,-30,77,9500,-9012,9080,-67,157,-157,-14580,3964,4156,-1028,61,-105,-14500,-3792,5892,-503,123,-125,0
2397.5243151187897,10040,5772,11200,-165,-87,99,9476,-8988,9040,-15,132,-160,-14476,4008,4084,-1052,134,-87,-14444,-3724,5924,-523,185,-112,0
2397.557671070099,10024,5780,10780,-109,-64,120,9472,-8728,9152,-47,108,-197,-14528,3988,3940,-1040,142,-83,-14760,-3792,5932,-486,171,-105,0
2397.5910539627075,9936,5864,10992,-124,-67,131,9504,-9024,9076,-38,97,-205,-14648,3880,4340,-1043,194,-85,-14456,-3800,5880,-500,179,-73,0
2397.624830007553,10028,5716,10984,-147,-61,122,9556,-8908,9148,-39,134,-202,-14504,4008,3892,-997,167,-122,-14540,-3708,5892,-480,182,-118,0
2397.658210992813,10108,5776,10788,-147,-65,101,9628,-8972,9056,-17,150,-187,-14420,4036,4128,-1029,130,-163,-14580,-3688,5932,-476,178,-120,0
2397.6917021274567,10000,5836,10896,-157,-70,94,9616,-9216,8960,-27,148,-170,-14540,4000,4144,-1037,102,-74,-14464,-3736,6008,-478,153,-156,0
2397.725364923477,9752,5776,10948,-192,-1,55,9680,-9020,9068,-39,184,-182,-14460,4000,4088,-1000,97,-62,-14524,-3684,6068,-486,126,-149,0
2397.7587831020355,10204,5876,10792,-194,-24,88,9428,-9052,8992,-41,142,-162,-14476,3980,4288,-770,100,-57,-14540,-3736,6052,-466,151,-128,0
2397.7921891212463,10044,5840,10696,-197,-34,113,9612,-9044,9104,31,166,-151,-14516,4032,4248,-1037,124,-74,-14428,-3652,5800,-474,147,-89,0
2397.8255529403687,10212,5732,10992,-226,-30,109,9536,-9112,9144,-17,144,-181,-14500,4044,4060,-1276,116,-97,-14388,-3748,6104,-500,188,-92,0
2397.8591980934143,9976,5792,10852,-255,-78,120,9636,-9028,9052,-15,147,-220,-14636,4148,4188,-1007,115,-114,-14392,-3716,6028,-514,184,-73,0
2397.892296075821,9728,5836,10840,-214,-123,163,9428,-9004,9128,-35,118,-209,-14608,4288,4136,-970,102,-88,-14548,-3844,6068,-514,176,-96,0
2397.9258310794826,9760,5760,10900,-266,-99,142,9532,-9188,9004,-53,139,-192,-14564,3984,4236,-960,108,-121,-14544,-3748,5940,-485,147,-114,0
2397.9592940807343,10052,5748,11004,-238,-45,121,9520,-8912,9020,-45,168,-147,-14608,4072,4224,-983,62,-90,-14592,-3708,5872,-505,131,-105,0
2397.9928989410405,9736,5716,10780,-328,-46,149,9556,-9060,9120,7,160,-143,-14428,4056,4136,-969,40,-75,-14464,-3616,6060,-492,120,-80,0
2398.026595115661,10028,5800,10912,-333,-35,152,9592,-8936,9120,15,171,-154,-14412,3820,4232,-998,81,-84,-14488,-3780,6012,-440,137,-88,0
2398.060130119324,10036,5788,10916,-376,-133,160,9664,-9056,9036,-10,168,-204,-14560,4088,4160,-993,67,-127,-14528,-3684,5868,-483,194,-87,0
2398.093574047088,10000,5732,10976,-410,-178,140,9624,-9112,9096,12,177,-214,-14548,4032,3980,-995,115,-189,-14592,-3672,5832,-443,218,-85,0
2398.1271889209747,9984,5664,10764,-325,-195,137,9584,-8984,9112,47,171,-240,-14540,3968,4188,-995,105,-162,-14512,-3704,5840,-449,226,-114,0
2398.160565137863,9992,5748,10708,-304,-179,134,9572,-9208,9084,52,159,-240,-14604,3952,4088,-979,81,-127,-14500,-3704,5900,-439,160,-131,0
2398.1973419189453,10040,5676,10920,-307,-162,107,9512,-9036,9092,-29,147,-201,-14528,3996,4132,-965,64,-126,-14580,-3776,5788,-419,134,-104,0
2398.232190132141,10032,5732,10916,-328,-207,154,9556,-8908,8988,-9,167,-222,-14488,3924,4060,-954,109,-98,-14500,-3752,5884,-450,167,-98,0
2398.2680649757385,10032,5688,10968,-387,-207,184,9584,-9032,9172,-13,121,-185,-14612,4032,4048,-1003,156,-119,-14780,-3664,5936,-453,158,-52,0
2398.303411960602,10080,5844,10816,-281,-192,214,9564,-8900,8964,-22,77,-215,-14496,3924,4176,-1026,166,-78,-14580,-3736,5920,-494,166,-61,0
2398.3394010066986,10016,5648,10952,-298,-213,197,9660,-8896,9068,19,83,-188,-14780,3940,4188,-1008,124,-110,-14488,-3648,5992,-490,195,-40,0
2398.3747241497044,10112,5740,10928,-238,-203,189,9560,-8908,9080,38,100,-189,-14540,4004,4124,-1059,160,-152,-14568,-3688,5924,-498,205,-78,0
2398.410418987274,10224,5688,10872,-269,-198,179,9608,-8956,9116,22,87,-228,-14520,3960,4028,-1032,133,-93,-14508,-3780,5812,-496,169,-84,0
2398.445578098297,9996,5820,10872,-244,-196,165,9640,-9188,9204,-10,132,-229,-14492,3892,4136,-1035,123,-97,-14568,-3688,5776,-482,169,-67,0
2398.481859922409,10132,5376,10772,-282,-210,160,9668,-8980,9000,-19,120,-200,-14472,3960,4080,-1110,195,-59,-14480,-3640,5928,-473,163,-88,0
2398.517722129822,10100,5612,10780,-232,-183,151,9592,-8980,9072,-40,34,-190,-14604,4020,4024,-914,115,-96,-14524,-3716,5920,-463,162,-71,0
2398.5529339313507,10048,5596,10896,-75,-51,110,9540,-8716,8764,-72,66,-206,-14420,4000,4044,-977,164,-123,-14548,-3836,6100,-512,170,-113,0
2398.588842153549,10160,5524,11068,-79,-107,68,9564,-8928,8980,-36,108,-5,-14456,3928,3924,-1032,101,-85,-14524,-3680,5896,-490,223,-132,0
2398.6238989830017,10160,5512,10832,-103,-19,79,9648,-8948,9108,-25,191,-212,-14432,3868,4032,-1052,66,-88,-14548,-3688,5868,-259,160,-160,0
2398.6592869758606,10268,5584,10760,-79,29,59,9632,-8920,9092,14,155,-163,-14636,3928,4036,-1017,66,-76,-14572,-3688,5752,-533,110,-170,0
2398.6944489479065,10136,5408,10904,-111,18,74,9716,-8948,8928,10,158,-186,-14620,3916,4148,-1044,46,-93,-14536,-3692,6020,-498,147,-171,0
2398.7304520606995,10104,5724,10872,-140,-8,70,9620,-8924,9152,249,162,-163,-14544,3848,4132,-1013,48,-49,-14596,-3764,5828,-496,90,-187,0
2398.765843153,10068,5728,10568,-85,-36,57,9708,-8732,9152,-66,169,-166,-14520,4008,4176,-988,62,-63,-14580,-3756,5936,-517,111,-178,0
2398.8014781475067,10044,5860,10660,-142,-254,78,9640,-8932,9100,-81,164,-113,-14576,4012,4088,-1020,59,-3,-14524,-3696,6040,-507,76,-164,0
2398.8379759788513,10064,5672,10920,-123,58,74,9580,-8888,9352,-85,155,-84,-14480,3964,4180,-988,57,8,-14476,-3780,6084,-498,26,-147,0
2398.871309041977,10108,5748,10956,-166,62,92,9564,-9012,9088,-79,190,-103,-14536,3968,4496,-982,51,66,-14500,-3756,5976,-497,27,-112,0
2398.9046189785004,10004,5756,10792,-138,27,115,9564,-8988,9200,-116,145,-121,-14448,3988,4068,-988,106,-238,-14388,-3732,5840,-504,107,-109,0
2398.9439821243286,10180,5720,10872,-97,255,134,9600,-8952,9116,-48,102,-142,-14492,3944,4104,-1015,150,4,-14440,-3720,5888,-258,162,-114,0
2398.978184938431,9980,5652,11028,-57,-15,122,9528,-9008,9212,-74,114,-175,-14500,3852,4156,-1023,123,-40,-14432,-3632,5984,-527,179,-101,0
2399.0117881298065,10128,5588,10840,-51,-69,129,9560,-8944,9048,-48,149,-181,-14516,3976,3932,-992,147,-67,-14460,-3712,6004,-522,185,-113,0
2399.0455420017242,10224,5876,10904,-93,-87,74,9624,-9080,8952,-62,140,-188,-14368,4040,4192,-961,115,-75,-14380,-3536,5948,-499,161,-100,0
2399.079216003418,10108,5668,10804,-54,-15,77,9536,-9204,9016,-74,127,-188,-14580,4060,3984,-983,119,-93,-14516,-3696,5864,-490,139,-116,0
2399.1127710342407,10060,5604,11216,-128,-69,79,9688,-9192,9032,-62,118,-154,-14464,4084,3872,-977,94,-19,-14552,-3652,5888,-514,127,-136,0
2399.1459810733795,10028,5720,10888,-117,-24,78,9564,-8708,9052,-72,151,-157,-14468,4060,3892,-1005,83,-245,-14504,-3736,6136,-506,110,-141,0
2399.179855108261,10040,5676,10816,-122,-79,77,9604,-9036,9164,-56,134,-178,-14484,3904,4160,-989,72,-32,-14500,-3676,5980,-495,130,-159,0
2399.2133500576015,9980,5680,11128,-96,-95,69,9584,-9056,9164,-45,143,-220,-14516,3956,4100,-1013,75,-105,-14500,-3756,5852,-491,150,-142,0
2399.2466311454773,10088,5788,10808,-74,-43,77,9588,-8928,9168,-54,97,-173,-14464,3932,4308,-1008,98,-96,-14520,-3676,5908,-532,127,-128,0
2399.280035972595,9988,5664,10760,-86,-54,75,9520,-8932,9080,-19,85,-211,-14456,3960,4276,-1280,84,-64,-14792,-3720,5672,-522,154,-167,0
2399.313669919968,9988,5736,10936,-115,-71,71,9600,-8864,8984,-33,158,-190,-14476,3868,4184,-1002,96,-49,-14580,-3796,6056,-502,156,-152,0
2399.3473920822144,10020,5752,10736,-57,-64,101,9524,-8924,9036,-91,149,-190,-14384,4020,3980,-1001,114,-78,-14468,-3756,5908,-763,136,-94,0
2399.3806159496307,10048,5748,10828,-111,-124,111,9568,-9060,8988,-40,138,-169,-14516,4108,4076,-1034,74,-61,-14504,-3600,5992,-477,142,-145,0
2399.414057970047,9976,5716,11036,-119,-97,114,9560,-8920,9012,-12,144,-161,-14484,3848,3868,-1004,99,-69,-14588,-3744,5976,-505,142,-109,0
2399.4475820064545,10140,5796,10796,-113,-95,108,9536,-8948,9152,-95,114,-178,-14712,4008,4048,-1011,69,-32,-14344,-3796,5956,-496,139,-122,0
2399.4812440872192,10088,5740,10788,-142,-65,101,9564,-8968,9068,-21,94,-195,-14496,3996,4092,-1019,103,-41,-14512,-3692,5884,-484,126,-128,0
2399.514806985855,10024,5688,10808,-88,-4,103,9544,-9036,9032,-18,102,-178,-14464,3948,4048,-1045,115,-68,-14612,-3736,5916,-482,171,-120,0
2399.5483429431915,10064,5692,10860,-104,-63,112,9584,-9208,9080,-21,117,-166,-14500,4004,4076,-1021,118,-87,-14536,-3796,5776,-463,125,-109,0
2399.5818641185765,9984,5724,10976,-119,-83,81,9592,-8976,9052,-83,140,-180,-14492,3996,4056,-973,94,-12,-14532,-3724,6068,-485,93,-108,0
2399.615381002426,9776,5688,10632,-157,-72,109,9644,-8956,9016,-70,124,-177,-14552,4004,4104,-976,82,-32,-14512,-3704,5848,-463,109,-129,0
2399.6489391326904,10064,5736,10976,-125,-78,83,9556,-9072,9008,9,105,-185,-14400,4136,3996,-1039,141,-78,-14540,-3736,5716,-490,147,-132,0
2399.6823210716248,9932,5668,10884,-79,-42,92,9556,-8868,9140,-14,120,-184,-14556,4024,4020,-1050,117,-97,-14520,-3696,5708,-497,155,-122,0
2399.7157349586487,10044,5688,11224,-152,-115,115,9584,-9056,9032,255,119,-177,-14436,3992,3984,-1004,77,-68,-14532,-4036,5928,-454,146,-143,0
2399.7492749691014,10064,5732,10776,-156,-71,89,9592,-9004,9048,-18,134,-170,-14496,4036,4104,-987,87,-30,-14480,-3740,6020,-457,140,-122,0
2399.782835960388,9992,5812,10876,-162,-59,141,9624,-8992,9164,-17,130,-189,-14460,4000,3988,-988,90,-16,-14452,-3768,6032,-454,158,-126,0
2399.8164739608765,10208,5692,11088,-152,-91,125,9604,-9028,9156,-18,118,-181,-14600,3984,4144,-983,92,-69,-14492,-3764,5932,-467,159,-117,0
2399.8497171401978,10084,5772,10916,-189,-82,120,9572,-8940,9124,-35,145,-184,-14492,3952,3864,-961,93,-68,-14456,-3588,6060,-446,171,-120,0
2399.8859999179845,9992,5772,10796,-204,-53,98,9628,-8872,9092,-11,147,-188,-14512,3996,4112,-963,85,-56,-14508,-3732,6140,-454,169,-127,0
2399.922516107559,10036,5656,10888,-228,-62,115,9480,-8956,9032,-21,141,-199,-14408,4040,4212,-968,80,-110,-14444,-3756,5988,-459,159,-138,0
2399.9583370685577,9988,5704,10796,-237,-80,125,9508,-8936,9092,19,139,-204,-14444,3932,4184,-986,100,-64,-14532,-3736,5920,-480,203,-81,0
2399.9934639930725,10076,5728,10944,-261,-94,117,9652,-9036,9380,-26,141,-219,-14536,4072,4124,-972,104,-88,-14524,-3768,5764,-488,195,-93,0
2400.0296900272374,10060,5456,11104,-234,-115,135,9528,-8980,9100,-37,109,-213,-14512,4024,4136,-972,95,-123,-14584,-3740,6068,-500,160,-52,0
2400.0651061534886,10072,5720,10780,-248,-94,123,9560,-9112,9072,-43,111,-198,-14488,3972,4284,-979,112,-63,-14580,-3764,5984,-460,164,-77,0
2400.100461959839,10072,5688,10848,-278,-68,135,9516,-9124,9040,-39,119,-182,-14440,3972,4060,-965,76,-113,-14496,-3668,5964,-440,152,-75,0
2400.135679960251,10064,5748,10920,-300,-31,129,9636,-8708,9072,-27,155,-150,-14540,4080,4136,-955,73,-64,-14832,-3728,6096,-435,108,-82,0
2400.171287059784,10124,5592,11212,-345,-62,153,9664,-9024,9120,0,121,-173,-14476,4008,4064,-989,78,-109,-14480,-3744,5944,-444,164,-65,0
2400.207193136215,10160,5736,10852,-356,-99,181,9708,-8956,9100,50,112,-167,-14484,3932,4356,-1017,125,-86,-14576,-3764,5948,-435,181,-50,0
2400.24228310585,10128,5700,10848,-309,-141,158,9552,-8708,9056,239,128,-193,-14504,3956,4164,-991,92,-113,-14548,-3744,5972,-434,170,-78,0
2400.278195142746,9996,5668,10856,-364,-161,135,9664,-8984,9048,31,132,-216,-14452,4004,3856,-986,102,-119,-14420,-3588,5996,-433,184,-56,0
2400.313702106476,10064,5600,10856,-314,-137,136,9604,-9164,9028,11,163,-186,-14592,3964,4204,-1021,134,-122,-14848,-3800,5964,-446,177,-92,0
2400.3497400283813,9992,5788,10868,-297,-78,110,9532,-8940,9160,251,161,-179,-14572,3920,4028,-965,63,-70,-14396,-3780,5868,-436,122,-120,0
2400.384909152984,10016,5676,10960,-318,-172,121,9564,-9100,9060,-21,123,-182,-14484,4000,4052,-922,89,-108,-14536,-3656,5852,-472,140,-77,0
2400.420294046402,9980,5424,10996,-246,-164,124,9504,-8996,9144,-21,129,-191,-14480,3964,4068,-1008,110,-147,-14408,-3700,5848,-474,184,-97,0
2400.4554810523987,10012,5464,10884,-282,-175,146,9696,-8956,9032,12,117,-224,-14484,4072,3980,-993,136,-127,-14468,-3632,6012,-469,184,-80,0
2400.491856098175,10208,5640,10948,-232,-174,167,9612,-8860,9012,-12,101,-210,-14428,4004,4096,-1036,126,-102,-14520,-3728,5912,-476,199,-58,0
2400.5289430618286,10196,5796,10984,-270,-156,158,9636,-9188,9040,2,130,-203,-14356,3952,4196,-996,152,-121,-14548,-3648,5992,-463,173,-100,0
2400.562236070633,10064,5412,10852,-237,-145,148,9624,-8892,9156,-6,151,-203,-14524,3968,4256,-1015,132,-125,-14556,-3716,5836,-513,174,-93,0
2400.5956630706787,10052,5824,10864,-251,-174,161,9616,-8932,9140,32,116,-195,-14560,3872,4348,-981,104,-114,-14484,-3772,5816,-471,172,-67,0
2400.6292901039124,10156,5620,10776,-252,-164,144,9488,-8932,9208,-32,121,-211,-14520,3924,4252,-991,87,-120,-14452,-3620,5932,-469,159,-142,0
2400.662687063217,10124,5592,10904,-271,-174,131,9704,-8724,9044,-32,124,-210,-14816,3944,4112,-987,103,-103,-14584,-3584,5764,-474,166,-93,0
2400.696038007736,10188,5660,10732,-3,-152,109,9684,-9208,9068,-2,163,-201,-14468,4028,4020,-980,74,-125,-14772,-3704,5928,-475,154,-135,0
2400.7300181388855,10132,5556,10856,-227,-164,136,9528,-8976,9060,2,141,-188,-14356,3872,4152,-1021,150,-73,-14612,-3684,5668,-450,169,-93,0
2400.7635979652405,10156,5544,10980,-249,-175,129,9704,-8956,9044,14,118,-217,-14544,3968,4300,-1277,141,-101,-14516,-3684,5964,-481,165,-88,0
2400.7973399162292,10172,5520,10768,-230,-147,142,9636,-9016,9092,-253,118,-204,-14648,3996,4224,-1031,132,-97,-14548,-3640,5868,-482,158,-106,0
2400.8309550285335,10060,5548,10996,-173,-148,144,9664,-8880,9072,-25,113,-176,-14536,3972,4152,-1001,110,-130,-14480,-3720,5928,-478,185,-96,0
2400.8645570278168,10216,5620,10752,-168,-130,137,9624,-8812,8976,-22,124,-202,-14500,3876,4104,-1004,145,-95,-14576,-3640,5888,-483,148,-104,0
2400.8976600170135,10000,5480,10864,-142,-60,121,9544,-8976,9100,-41,116,-189,-14828,3996,4108,-989,117,-95,-14588,-3712,5884,-503,100,-117,0
2400.9314620494843,10068,5440,10752,-131,-24,81,9636,-8972,9096,-30,120,-174,-14552,3884,4036,-1020,69,-14,-14556,-3724,5664,-490,127,-147,0
2400.9649419784546,10128,5604,10868,-175,-51,106,9664,-8964,8924,-26,147,-165,-14516,3920,4216,-1026,77,-57,-14504,-3560,5864,-481,120,-115,0
2400.998705148697,10132,5536,10856,-140,-43,80,9596,-8932,9104,-90,174,-162,-14568,3892,3984,-973,88,-88,-14516,-3708,5936,-477,135,-153,0
2401.0323469638824,10184,5492,10880,-141,-62,53,9676,-8996,9120,-48,175,-203,-14576,3932,3980,-1014,108,-95,-14476,-3600,5908,-488,137,-149,0
2401.065901041031,10040,5488,10824,-127,251,95,9608,-8708,9148,-35,145,-135,-14488,3992,3972,-1079,87,-62,-14548,-3752,5948,-482,141,-126,0
2401.09912610054,10140,5556,10852,-133,12,93,9616,-8952,9088,-26,140,-143,-14540,3916,4144,-1052,91,-18,-14552,-3760,5880,-509,108,-130,0
2401.132411003113,10120,5560,10844,-170,3,89,9572,-9016,9128,-50,153,-166,-14544,4036,3996,-997,47,-58,-14524,-3700,6000,-496,123,-138,0
2401.165796995163,9960,5596,10944,-125,-11,90,9584,-8968,9008,-52,155,-134,-14512,3932,4080,-969,93,-88,-14368,-3688,5948,-498,117,-138,0
2401.1991009712215,10092,5488,10908,-123,-12,87,9636,-8904,9056,-62,153,-152,-14460,3968,4092,-1018,107,-251,-14464,-3688,6064,-483,135,-122,0
2401.232552051544,9988,5588,10876,-114,10,152,9588,-8968,9104,-46,120,-168,-14480,3916,4184,-1021,140,-43,-14488,-3612,5904,-503,153,-99,0
2401.2660851478577,10128,5556,10840,-128,-34,124,9636,-9004,9132,-47,111,-179,-14484,3888,4324,-1056,134,-48,-14556,-3676,5972,-466,151,-151,0
2401.299665927887,10108,5564,10772,-178,-18,99,9684,-8896,9228,-68,157,-158,-14508,4076,4016,-1012,86,-92,-14468,-3668,5816,-485,155,-121,0
2401.333311080932,10120,5540,10980,-144,-50,89,9688,-8992,9184,-31,150,-178,-14596,4016,4280,-1016,110,-76,-14368,-3712,5664,-499,148,-107,0
2401.36691904068,10108,5572,10828,-118,-20,105,9624,-8896,8992,-16,107,-178,-14532,3912,4156,-1058,125,-70,-14524,-3692,5932,-522,167,-144,0
2401.400183916092,10032,5576,10840,-134,-30,81,9600,-8964,9024,-34,154,-198,-14472,3876,4208,-1017,94,-82,-14380,-3728,5780,-470,139,-153,0
2401.433783054352,10108,5652,10788,-125,-40,46,9696,-8984,8960,-79,181,-185,-14492,3972,4128,-970,77,-66,-14488,-3632,5672,-499,135,-147,0
2401.4673750400543,10040,5648,10800,-139,-41,73,9604,-8968,9040,-32,174,-166,-14504,4024,4068,-1010,67,-70,-14480,-3840,5880,-484,141,-115,0
2401.5006990432735,10068,5616,10892,-147,-20,114,9592,-9024,9292,-19,132,-180,-14524,4016,4212,-1012,95,-21,-14600,-3832,6004,-768,129,-145,0
2401.5339460372925,10056,5556,11048,-114,-40,107,9536,-8956,9036,-63,118,-179,-14444,3992,3688,-988,118,-60,-14536,-3676,5840,-494,153,-144,0
2401.5712530612946,10100,5664,10768,-116,-30,120,9612,-9040,9068,-38,92,-158,-14524,3908,4216,-1008,104,-122,-14396,-3640,5944,-505,173,-100,0
2401.607106924057,10056,5636,10960,-120,-41,98,9596,-9084,9068,-36,141,-182,-14468,3976,4216,-1014,112,-59,-14564,-3796,5936,-496,125,-115,0
2401.6424500942226,10176,5600,10784,-117,-41,107,9708,-8852,9100,-54,120,-174,-14512,3968,4000,-1277,124,-40,-14652,-3640,5844,-519,105,-88,0
2401.6781330108643,10164,5608,10972,-156,-11,94,9660,-9004,9060,-33,136,-171,-14476,4124,4136,-987,76,-43,-14424,-3656,5996,-263,112,-113,0
2401.713194131851,10048,5584,10868,-162,-31,111,9556,-8944,9112,-2,150,-120,-14512,3904,4192,-981,81,-62,-14456,-3696,6060,-510,108,-119,0
2401.7487869262695,10044,5668,10868,-130,-70,48,9652,-9052,8972,-47,131,-194,-14584,3960,4144,-986,75,-54,-14816,-3704,5976,-497,162,-126,0
2401.784435033798,10064,5880,10756,-172,-41,75,9636,-9000,9004,-41,126,-211,-14440,3960,4068,-1018,99,-63,-14484,-3576,5848,-443,131,-93,0
2401.8201060295105,10180,5804,10996,-150,-32,107,9476,-9040,9052,-8,138,-167,-14492,4028,3860,-1011,53,-80,-14464,-3740,5872,-480,133,-117,0
2401.855302095413,10004,5676,10756,-124,-17,113,9584,-8956,9076,-55,148,-178,-14488,3960,3960,-972,52,-36,-14448,-3780,5876,-497,113,-123,0
2401.890716075897,10212,5560,11224,-161,-39,115,9628,-9024,9076,-57,153,-187,-14592,4036,4292,-991,103,-64,-14452,-3688,5948,-493,145,-145,0
2401.9256789684296,10020,5632,10812,-140,-46,110,9548,-9012,9132,-65,124,-181,-14472,4032,4344,-1019,125,-72,-14540,-3728,5876,-493,116,-116,0
2401.960983991623,10032,5596,11076,-149,-64,104,9568,-9012,8980,-40,79,-181,-14456,4028,4236,-1042,130,-52,-14404,-3744,5916,-514,171,-87,0
2401.9960091114044,10044,5540,10816,-82,-59,115,9604,-8936,9076,-36,107,-191,-14640,3888,4076,-1017,114,-60,-14400,-3644,6040,-494,192,-115,0
2402.0320389270782,10116,5604,10904,-141,-72,125,9628,-9016,9064,-5,145,-190,-14580,4112,4392,-1000,129,-91,-14548,-3664,5996,-481,124,-131,0
2402.0676281452174,10148,5544,10984,-122,-74,103,9528,-8988,9008,-24,146,-185,-14416,3960,3860,-1006,84,-65,-14484,-3680,5884,-483,161,-138,0
2402.1034669876094,10044,5852,10916,-135,-64,93,9684,-9060,8928,-19,148,-189,-14444,3972,4156,-1009,99,-85,-14428,-3664,6088,-487,136,-122,0
2402.1387610435486,9760,5540,10968,-131,-73,102,9624,-8924,8992,-26,157,-187,-14532,3984,4148,-1003,98,-69,-14508,-3680,5780,-469,165,-153,0
2402.1741371154785,10064,5568,11048,-135,-73,53,9668,-9008,9048,-72,171,-210,-14568,3960,4260,-1010,94,-56,-14548,-3636,5800,-480,142,-131,0
2402.210013151169,10140,5552,10968,-140,-46,78,9628,-8988,9144,-36,122,-205,-14528,3952,4068,-994,78,-86,-14500,-3764,6080,-482,112,-152,0
2402.2435951232906,10068,5704,10840,-103,-58,89,9564,-9188,8992,-31,114,-189,-14368,3996,4132,-989,101,-81,-14516,-3688,5808,-488,120,-126,0
2402.276952981949,10112,5604,10848,-115,-75,126,9676,-9040,9084,-9,114,-195,-14480,3948,4168,-1016,132,-86,-14632,-3692,5772,-476,159,-101,0
2402.3104469776154,9928,5652,10888,-103,-85,134,9580,-8956,9088,-7,146,-188,-14688,4008,4008,-1037,124,-51,-14424,-3808,5848,-761,176,-109,0
2402.344071149826,10016,5664,10572,-118,-92,122,9756,-8992,9284,-61,106,-192,-14496,3944,4000,-1019,135,-83,-14532,-3668,5944,-489,148,-140,0
2402.3777189254765,9948,5584,10904,-98,-87,123,9608,-8740,9188,-13,91,-183,-14668,3904,4124,-1017,136,-110,-14524,-3740,5876,-484,160,-107,0
2402.4107410907745,10068,5624,10860,-102,-95,117,9584,-9024,9148,-39,127,-170,-14348,3968,4112,-1015,115,-47,-14576,-3688,6120,-506,126,-143,0
2402.4437940120697,10072,5404,10812,-125,-96,112,9688,-9176,8992,-23,109,-192,-14580,3952,4084,-970,115,-71,-14560,-3684,6124,-515,124,-135,0
2402.4774000644684,10116,5880,10864,-107,-70,107,9624,-8912,9044,-32,136,-201,-14512,3860,4400,-970,77,-120,-14580,-3672,5824,-522,139,-164,0
2402.5109519958496,9748,5428,11156,-129,-89,122,9628,-8992,9104,-25,133,-180,-14532,3940,4164,-1025,103,-118,-14472,-3700,5960,-762,166,-113,0
2402.5445480346684,10024,5668,10784,-112,-80,94,9612,-9028,9032,-46,118,-201,-14488,3976,4184,-1008,116,-74,-14416,-3816,5984,-479,147,-108,0
2402.5781581401825,10020,5680,10960,-169,-78,118,9600,-8944,9000,-65,113,-195,-14500,4008,4144,-1002,133,-49,-14484,-3676,5860,-472,146,-117,0
2402.611443042755,10108,5644,10988,-149,-66,117,9616,-9044,8912,-70,132,-165,-14592,4080,4136,-984,94,-87,-14580,-3580,6004,-511,146,-136,0
2402.6447501182556,10032,5524,10848,-182,-52,106,9516,-9036,9124,-21,126,-157,-14496,4004,4156,-1010,15,-99,-14504,-3740,5996,-489,138,-123,0
2402.6782541275024,9892,5760,11172,-161,-18,120,9572,-8928,9212,-40,115,-144,-14408,3964,4092,-979,111,-68,-14436,-3692,5744,-506,123,-99,0
2402.7115449905396,10020,5740,10928,-193,-86,118,9608,-9012,9016,-60,153,-178,-14568,3948,3848,-990,108,-58,-14592,-3664,6000,-514,121,-147,0
2402.745320081711,10128,5596,10896,-190,251,77,9652,-8928,9100,-14,134,-190,-14524,4040,4264,-1036,85,-57,-14520,-3536,5928,-767,164,-107,0
2402.7789149284363,10120,5656,11036,-198,-27,107,9620,-8900,9020,9,144,-158,-14548,3948,4068,-773,105,-99,-14376,-3776,5884,-467,143,-129,0
2402.8123631477356,10016,5712,10916,-232,-42,90,9636,-9044,9156,-12,139,-170,-14532,3932,4048,-995,101,-96,-14348,-3820,5664,-472,125,-129,0
2402.8460450172424,10028,5868,10904,-242,-65,115,9584,-9088,9108,-32,175,-180,-14572,3916,4108,-924,106,-87,-14500,-3676,5932,-478,146,-123,0
2402.879707098007,10220,5656,10964,-210,-76,119,9544,-9176,9036,-41,133,-169,-14472,3992,3852,-988,75,-60,-14504,-3476,5884,-501,154,-104,0
2402.9131619930267,9976,5652,10520,-206,-81,129,9548,-8992,9128,-19,137,-213,-14484,3996,4068,-1000,116,-97,-14464,-3692,5968,-486,190,-88,0
2402.946524143219,10020,5852,10836,-216,-64,122,9640,-9000,9020,-7,101,-191,-14492,3988,4148,-1001,129,-119,-14504,-3712,6124,-517,170,-64,0
2402.980068922043,10044,5400,10996,-252,-114,124,9624,-9064,9136,-18,118,-203,-14452,4064,4156,-955,113,-147,-14592,-3756,5936,-484,163,-69,0
2403.013669013977,10028,5556,10940,-2,-75,123,9740,-8752,9188,-41,147,-188,-14500,3928,4232,-966,87,-96,-14536,-3756,5928,-481,152,-110,0
2403.0473301410675,10000,5624,10908,-238,-98,108,9596,-8948,9220,-2,134,-205,-14524,3984,4000,-974,126,-78,-14560,-3768,6068,-467,162,-95,0
2403.0809409618378,9956,5564,10788,-3,-99,137,9700,-8952,9136,-41,129,-179,-14508,3936,4336,-998,109,-114,-14476,-3760,6092,-482,159,-73,0
2403.1142971515656,9924,5604,11008,-275,-118,127,9648,-8708,9088,-60,153,-212,-14548,4068,4324,-983,109,-119,-14660,-3720,6136,-459,159,-81,0
2403.147742986679,10120,5616,10880,-281,-120,120,9572,-9036,9144,-38,139,-219,-14592,3936,4252,-992,115,-108,-14340,-3612,5652,-467,156,-90,0
2403.181291103363,10188,5692,10836,-285,-140,122,9584,-8996,9032,8,139,-219,-14424,4024,4084,-991,109,-92,-14452,-3728,5868,-499,192,-89,0
2403.214609146118,10020,5624,10900,-242,-163,148,9676,-9216,9056,250,124,-197,-14560,4020,3876,-1012,100,-82,-14540,-3644,5900,-452,178,-95,0
2403.2517499923706,10052,5612,11224,-264,-169,133,9560,-8880,9412,-9,113,-205,-14536,3908,4108,-992,86,-101,-14460,-3632,5952,-504,151,-81,0
2403.28768491745,10152,5688,11020,-1,-150,158,9624,-8992,9052,-9,107,-185,-14432,4012,4088,-998,115,-126,-14764,-3668,6124,-473,157,-76,0
2403.323210000992,10064,5584,10936,-214,-154,144,9640,-8932,9184,-13,104,-198,-14584,3948,3900,-1031,97,-82,-14348,-3720,5960,-493,138,-98,0
2403.3588020801544,9984,5612,11104,-231,-154,145,9696,-9152,9028,-21,124,-190,-14536,3996,4168,-981,93,-124,-14380,-3756,5964,-479,134,-89,0
2403.393919944763,10076,5592,10964,-277,-183,128,9700,-9020,9052,-12,111,-182,-14512,4004,4180,-997,132,-87,-14552,-3728,5940,-480,155,-89,0
2403.4293460845947,10096,5508,10924,-238,-174,142,9688,-8936,9064,-13,103,-196,-14556,3928,3992,-991,115,-95,-14572,-3784,6128,-484,164,-95,0
2403.4642250537872,10088,5512,10760,-226,-177,143,9496,-9088,9116,-4,84,-207,-14548,3960,4024,-1012,107,-147,-14760,-3688,5884,-501,175,-68,0
2403.4998040199284,10116,5564,10872,-231,-199,139,9800,-9020,9144,-30,148,-217,-14524,4024,3876,-980,120,-96,-14528,-3500,6068,-476,180,-83,0
2403.534868955612,10052,5476,10912,-248,-187,132,9676,-8928,8944,-47,140,-203,-14468,4008,4180,-975,123,-121,-14560,-3720,6052,-475,144,-77,0
2403.570225954056,10172,5568,10780,-197,-177,134,9744,-9008,9032,-18,130,-194,-14692,4004,3912,-1001,121,-98,-14624,-3680,5836,-500,148,-107,0
2403.605479955673,10112,5436,10628,-261,-174,141,9612,-8992,9060,43,125,-202,-14496,4020,4120,-1039,97,-130,-14556,-3640,5960,-489,140,-114,0
2403.640908956528,10088,5508,10904,-206,-89,113,9608,-8960,9004,-27,92,-183,-14492,3952,4136,-990,106,-92,-14496,-3716,5916,-491,176,-84,0
2403.676062107086,10172,5528,10784,-237,-165,92,9676,-8996,9032,253,131,-231,-14400,4000,4012,-992,99,-123,-14484,-3332,5988,-492,187,-87,0
2403.712000131607,10100,5512,10892,-236,-121,157,9592,-8900,9060,7,146,-173,-14824,3876,4280,-1275,89,-93,-14520,-3692,5924,-489,120,-138,0
2403.7480659484863,10140,5480,10796,-206,-97,138,9640,-8768,9048,11,128,-157,-14460,4092,4296,-988,95,-71,-14524,-3684,6092,-469,104,-91,0
2403.7831480503082,10044,5512,10592,-203,-101,90,9624,-8904,9096,-21,114,-194,-14376,3948,3940,-986,110,-70,-14528,-3724,5840,-488,99,-101,0
2403.8188910484314,10072,5620,10768,-164,-111,106,9664,-9188,9208,-60,101,-170,-14564,3944,4112,-986,100,-87,-14516,-3688,6008,-501,144,-99,0
2403.8536829948425,10184,5568,10808,-109,-84,99,9636,-8976,9040,-72,140,-199,-14480,3940,4080,-1026,107,-82,-14480,-3556,5964,-498,162,-142,0
2403.8895671367645,10112,5420,10856,-155,-28,89,9612,-8864,8752,-35,128,-189,-14488,4000,4232,-1064,110,-99,-14448,-3600,5872,-493,134,-128,0
2403.9230110645294,10200,5536,11212,-135,-57,112,9664,-8960,8980,-24,150,-169,-14564,3928,3936,-1009,107,-37,-14708,-3352,5772,-474,132,-133,0
2403.958815097809,10140,5556,10796,-161,251,80,9668,-8788,9188,-41,158,-178,-14420,4020,4232,-998,112,-47,-14564,-3772,5908,-484,125,-115,0
2403.9926080703735,10152,5544,10920,-112,255,110,9620,-9000,9104,-22,137,-171,-14616,3924,4204,-1045,108,-57,-14564,-3716,6072,-504,127,-126,0
2404.02614402771,10088,5576,10952,-140,-29,115,9612,-8936,9000,-49,140,-181,-14396,3984,4204,-1031,122,-57,-14520,-3724,5908,-507,113,-141,0
2404.0596311092377,10124,5452,10916,-137,8,94,9696,-8916,9100,-67,147,-170,-14492,3944,4160,-769,93,-22,-14560,-3612,5924,-494,139,-117,0
2404.0931761264806,10088,5576,10804,-119,-23,79,9652,-8884,9044,-69,135,-161,-14452,3900,3908,-990,92,-21,-14620,-3700,6128,-482,152,-117,0
2404.126662015915,10196,5592,10924,-120,-34,107,9584,-8968,8956,-64,153,-164,-14564,3948,4344,-1005,92,-66,-14552,-3784,5896,-477,121,-127,0
2404.16007399559,10028,5520,10776,-123,-253,95,9664,-8944,9024,-30,152,-172,-14532,3872,4096,-989,114,-94,-14480,-3656,5820,-488,139,-102,0
2404.1936450004578,10160,5524,11016,-147,-24,93,9636,-9008,8772,-35,149,-180,-14536,3924,4008,-1032,106,-88,-14500,-3640,5812,-504,153,-110,0
2404.227262020111,10120,5396,10956,-127,-39,88,9656,-8952,9032,-44,148,-162,-14472,3912,4020,-1011,130,-39,-14576,-3760,6016,-486,145,-129,0
2404.2607431411743,10120,5568,10952,-94,-42,105,9596,-8732,9044,-47,121,-168,-14544,4000,4124,-1001,99,-79,-14480,-3700,6116,-494,138,-115,0
2404.294188976288,10132,5416,10876,-173,243,102,9672,-9004,9048,-47,154,-168,-14508,3880,3956,-991,92,-126,-14560,-3684,6080,-460,121,-110,0
2404.3278551101685,10152,5524,10876,-109,15,90,9688,-8980,9072,-67,142,-161,-14472,4020,4080,-1017,97,-85,-14524,-3840,5948,-510,95,-131,0
2404.3613080978394,10064,5496,11000,-165,-17,95,9668,-8732,9120,-23,151,-172,-14544,3968,3988,-1037,57,239,-14548,-3652,6112,-477,119,-139,0
2404.3945620059967,9996,5576,10812,-153,-37,97,9544,-8936,9120,4,139,-139,-14452,3968,4168,-1280,96,-31,-14500,-3756,6088,-496,101,-140,0
2404.4282109737396,10204,5540,11064,-102,-33,104,9660,-8940,9128,-83,133,-164,-14512,4004,4296,-985,101,-23,-14560,-3716,5932,-492,139,-158,0
2404.461697101593,10096,5580,10888,-160,-40,98,9672,-8980,9100,-48,130,-205,-14544,3920,4176,-1009,74,-90,-14552,-3836,5800,-472,174,-122,0
2404.4951560497284,10168,5484,10908,-156,-18,99,9524,-9164,8980,-28,154,-181,-14496,3912,3856,-1052,91,-107,-14560,-3776,5864,-460,119,-102,0
2404.5288009643555,10112,5640,10888,-136,-26,104,9624,-9192,9040,-24,151,-159,-14356,3928,4172,-1013,86,-15,-14568,-3712,5904,-491,100,-147,0
2404.562492132187,10040,5636,10752,-169,-21,81,9672,-8992,9268,-65,123,-189,-14484,3896,3992,-990,113,-40,-14516,-3840,6032,-500,117,-119,0
2404.595962047577,10016,5396,11008,-135,-23,110,9560,-8968,9108,-61,137,-165,-14588,3968,4208,-1015,115,-61,-14340,-3668,5712,-502,121,-125,0
2404.6294960975647,10044,5496,10960,-137,-40,101,9648,-9204,9088,-40,129,-157,-14736,3984,4016,-1039,133,-114,-14784,-3836,5900,-512,140,-101,0
2404.662917137146,9944,5492,10824,-151,-53,92,9632,-9068,8992,-34,139,-162,-14460,4000,3904,-1024,143,-72,-14528,-3732,6056,-486,161,-123,0
2404.6962349414825,10032,5588,10776,-115,-81,96,9356,-8888,8968,-26,126,-194,-14352,4048,4064,-1049,121,-74,-14592,-3700,6120,-504,116,-105,0
2404.7300441265106,10048,5600,10848,-141,-43,111,9652,-8968,8856,-27,113,-197,-14512,3920,4144,-1034,124,-87,-14600,-3676,5840,-463,125,-127,0
2404.7636039257054,10204,5504,11028,-130,-46,106,9716,-9216,9200,-42,162,-190,-14480,4028,4168,-1000,105,-87,-14472,-3668,5876,-263,149,-150,0
2404.797191143036,10076,5540,10968,-125,-37,112,9544,-9040,9140,-17,124,-170,-14564,3956,4148,-1003,121,-108,-14504,-3536,5972,-477,125,-129,0
2404.830621004104,10008,5616,10836,-169,-44,93,9640,-9064,9072,-27,147,-167,-14568,3944,4036,-1024,109,-78,-14592,-3668,5916,-496,149,-158,0
2404.8642320632935,10004,5528,10716,-142,-76,75,9640,-9056,9172,-41,174,-181,-14428,3900,4200,-996,76,-62,-14484,-3668,5872,-460,148,-148,0
2404.8976421356206,10016,5524,10860,-144,-77,89,9600,-9068,9084,-44,121,-163,-14416,3956,4276,-1007,110,-55,-14560,-3740,5720,-480,121,-102,0
2404.934634923935,9992,5540,11180,-129,-53,101,9628,-9188,9056,-37,123,-152,-14504,3880,3972,-988,104,-74,-14516,-3756,5864,-490,164,-122,0
2404.969756126404,10036,5568,10860,-153,-63,116,9652,-8940,9020,-47,115,-168,-14440,4040,4200,-1007,94,-71,-14516,-3704,5892,-495,178,-126,0
2405.0054619312286,10000,5600,10840,-156,-61,121,9540,-8964,9052,-10,156,-187,-14584,4036,4228,-1013,83,-75,-14548,-3744,5916,-259,161,-124,0
2405.0413050651546,9988,5568,10684,-138,-88,107,9616,-9012,9056,-12,127,-156,-14476,3884,4068,-1008,94,-56,-14568,-3732,5792,-766,146,-115,0
2405.077567100525,10072,5420,10916,-152,-65,112,9732,-8928,9304,-36,144,-167,-14536,4040,3980,-1023,116,-66,-14524,-3696,5916,-500,154,-143,0
2405.112748146057,9784,5564,10528,-179,-66,117,9696,-8992,9056,-40,132,-175,-14480,4040,3928,-1004,113,-76,-14564,-3664,5860,-487,125,-97,0
2405.148566007614,10076,5504,10992,-108,-50,101,9632,-9036,8928,-46,156,-155,-14504,3864,4060,-976,113,-67,-14548,-3576,5968,-507,128,-135,0
2405.184453010559,10092,5440,11032,-183,-78,98,9696,-8980,9024,-17,127,-177,-14780,4028,4108,-1278,45,-60,-14376,-3712,5820,-500,158,-118,0
2405.220705986023,10040,5632,10944,-136,-52,110,9524,-8956,9188,-40,133,-151,-14524,3860,4076,-996,109,-80,-14472,-3692,6060,-493,137,-121,0
2405.2557470798492,10040,5388,11204,-130,-100,73,9624,-9016,9196,-54,126,-184,-14544,4048,4112,-1001,42,-75,-14548,-3804,5916,-506,171,-159,0
2405.2917270660405,10004,5576,10868,-164,-33,80,9624,-8988,8796,10,104,-167,-14548,3984,3888,-1015,103,-88,-14444,-3664,5792,-475,128,-116,0
2405.3276240825653,10068,5544,10944,-127,-18,124,9516,-8984,9020,5,134,-163,-14440,4072,4092,-1067,102,-67,-14644,-3800,5996,-467,123,-136,0
2405.3627989292145,10080,5844,11044,-177,-60,103,9620,-9036,8896,-37,133,-151,-14536,4024,4076,-991,74,-24,-14596,-3636,6048,-459,109,-142,0
2405.3986949920654,10044,5588,10924,-158,-64,94,9624,-9112,9076,-77,132,-182,-14556,4016,3992,-998,93,-72,-14472,-3676,5660,-482,146,-135,0
2405.434168100357,9992,5676,10864,-121,-67,102,9620,-8996,9072,-24,127,-165,-14540,3968,4296,-778,108,-67,-14504,-3616,5864,-512,143,-131,0
2405.469686985016,9996,5504,10820,-151,-93,111,9620,-8740,9024,-14,90,-197,-14476,3888,4316,-1027,122,-118,-14460,-3768,6120,-484,172,-106,0
2405.505073070526,9972,5516,10532,-120,-78,115,9868,-8956,9000,-21,109,-208,-14492,4060,4232,-1051,97,-102,-14552,-3996,5636,-485,173,-102,0
2405.54106593132,10108,5608,10872,-176,-74,96,9584,-9012,9036,-20,144,-176,-14492,4012,4088,-1004,105,-123,-14536,-3760,5968,-499,121,-102,0
2405.5775620937347,10136,5400,11248,-125,-39,95,9652,-8772,9104,-36,127,-178,-14524,4064,4016,-775,108,-59,-14452,-3720,5908,-491,160,-132,0
2405.6110761165614,10144,5884,10996,-152,-53,112,9684,-8880,9100,-20,97,-141,-14352,3984,4212,-1052,126,-59,-14516,-3812,5968,-513,122,-104,0
2405.644334077835,9740,5584,10836,-153,-52,115,9496,-9012,9064,-30,122,-156,-14532,3988,4132,-1036,118,-73,-14580,-3676,6072,-496,138,-149,0
2405.677950143814,10088,5624,10912,-133,-61,93,9632,-9120,9044,-57,120,-179,-14472,3928,4160,-1007,103,-89,-14824,-3656,6124,-475,142,-111,0
2405.71141910553,10100,5852,10848,-153,-54,120,9696,-8996,9048,-28,126,-180,-14536,4132,4104,-1019,103,-69,-14540,-3752,5924,-491,126,-137,0
2405.744987010956,9964,5484,10868,-155,-42,119,9616,-9016,9024,-25,137,-180,-14512,3972,4080,-1039,106,-44,-14428,-3716,5948,-470,154,-117,0
2405.778641939163,10068,5572,11032,-172,-66,124,9680,-8960,8916,-12,160,-185,-14508,4060,3928,-1049,111,-77,-14488,-3712,6000,-488,151,-99,0
2405.8121371269226,10052,5640,11036,-194,-73,108,9700,-9012,9060,-17,153,-185,-14516,3992,4116,-995,139,-86,-14472,-3680,5908,-454,132,-87,0
2405.8455970287323,10036,5660,10872,-172,-70,117,9556,-8976,9168,-35,130,-213,-14484,3928,4016,-1019,119,-126,-14472,-3696,5888,-483,177,-97,0
2405.87920999527,10100,5656,10864,-187,-102,131,9620,-8952,9092,-29,136,-191,-14508,3960,4184,-996,110,-69,-14532,-3716,5960,-486,150,-124,0
2405.9125759601593,10060,5596,10724,-190,-81,113,9700,-8976,9124,-33,97,-189,-14800,3864,4044,-964,114,-65,-14532,-3736,5940,-486,125,-65,0
2405.9457609653473,9920,5564,10856,-198,-77,126,9532,-8964,9196,-9,110,-202,-14520,4004,4004,-979,118,-102,-14540,-3736,6044,-473,162,-89,0
2405.9792721271515,10096,5608,11008,-214,-64,109,9680,-9028,9076,-14,125,-202,-14420,3924,4084,-989,96,-104,-14488,-3696,5684,-452,194,-121,0
2406.012444019317,10080,5696,10992,-266,-84,113,9604,-8708,9028,-17,129,-199,-14504,3936,3996,-909,88,-64,-14496,-3732,5892,-451,156,-59,0
2406.0460820198055,10040,5604,10944,-204,-97,112,9624,-8992,8992,-37,155,-214,-14564,4060,4068,-937,72,-71,-14564,-3616,5908,-476,178,-78,0
2406.0798230171204,10140,5592,10920,-274,-126,134,9668,-9012,9060,-254,128,-182,-14560,4040,4032,-974,56,-97,-14500,-3728,5652,-479,155,-103,0
2406.1135461330414,10012,5412,11256,-248,-95,148,9664,-9076,9068,-14,141,-167,-14480,3896,3928,-960,87,-120,-14548,-3788,6120,-467,161,-91,0
2406.146819114685,10036,5588,10784,-217,-126,122,9652,-8908,8964,-58,151,-218,-14476,3948,3872,-977,89,-124,-14512,-3692,5912,-494,167,-105,0
2406.1802809238434,10092,5564,10980,-268,-120,128,9604,-8944,9004,15,139,-194,-14476,4028,4172,-1006,56,-86,-14416,-3584,5988,-460,183,-80,0
2406.2137651443486,9976,5536,10856,-212,-90,127,9596,-9060,9000,14,136,-184,-14480,3976,4196,-1277,74,-71,-14556,-3812,5888,-503,137,-117,0
2406.24737405777,10184,5516,11016,-216,-79,148,9688,-8936,9032,-3,131,-174,-14444,3916,4100,-975,51,-88,-14556,-3716,5924,-468,122,-89,0
2406.281090974808,10132,5496,10992,-256,-127,128,9576,-8920,9196,-20,147,-189,-14456,4052,4092,-960,69,-110,-14552,-3772,6032,-479,126,-103,0
2406.314517021179,10044,5624,10916,-219,-116,155,9652,-9216,9144,-27,149,-198,-14340,3960,4208,-1001,131,-81,-14568,-3684,5952,-481,174,-86,0
2406.3480031490326,10176,5432,11032,-191,-137,168,9648,-8936,9124,14,117,-230,-14504,3896,4104,-1035,129,-97,-14428,-3716,5912,-456,184,-93,0
2406.3815710544586,9828,5476,11016,-215,-179,151,9644,-8956,9000,245,141,-205,-14484,3984,4136,-1278,147,-142,-14464,-3684,5900,-480,172,-71,0
2406.414973974228,10020,5460,10960,-205,-155,123,9564,-8960,8804,0,130,-196,-14492,4004,4116,-1017,101,-110,-14524,-3400,6112,-491,176,-92,0
2406.448671102524,10092,5460,10972,-236,-151,139,9724,-8772,9132,-10,140,-207,-14596,3988,3848,-985,120,-103,-14540,-3828,5660,-489,168,-80,0
2406.4821169376373,9920,5560,10840,-195,-125,117,9552,-8920,9108,7,92,-219,-14564,3988,4024,-1009,115,-107,-14536,-3608,5992,-503,190,-89,0
2406.5155220031734,10132,5500,10848,-220,-140,151,9584,-8860,9068,250,117,-193,-14468,3936,4012,-770,126,-89,-14524,-3660,6004,-487,181,-74,0
2406.5490550994873,10112,5412,10928,-194,-153,149,9508,-9056,9140,-29,143,-216,-14416,3920,4140,-1003,89,-124,-14348,-3776,6040,-453,134,-102,0
2406.5823180675507,10088,5508,10792,-214,-137,124,9608,-9056,9140,-42,132,-186,-14480,3876,4276,-1009,112,-76,-14564,-3692,5936,-445,155,-114,0
2406.620232105255,10156,5532,11056,-205,-153,109,9948,-9016,9072,-21,125,-195,-14764,4032,4324,-1013,107,-94,-14588,-3684,5816,-470,150,-80,0
2406.6551871299744,10096,5512,11012,-193,-160,151,9648,-9188,9108,-20,140,-199,-14532,3960,4132,-1274,140,-81,-14456,-3664,5976,-461,155,-103,0
2406.7069630622864,10176,5488,10848,-227,-137,142,9692,-8956,9180,-27,109,-203,-14472,4048,4280,-1042,123,-115,-14460,-3680,5748,-510,143,-115,0
2406.753138065338,10136,5540,10980,-181,-167,118,9716,-8728,9132,-24,124,-194,-14536,3908,4140,-1279,106,-125,-14548,-3756,5908,-488,152,-124,0
2406.791540145874,10068,5508,10612,-182,-121,112,9592,-8880,9168,-56,131,-209,-14412,3868,4260,-1003,128,-109,-14576,-3612,5716,-473,151,-82,0
2406.8277750015254,10156,5504,10956,-114,-72,105,9628,-8952,8952,-73,106,-187,-14528,3960,3996,-982,115,-81,-14524,-3640,5664,-493,117,-102,0
2406.8627829551697,10172,5568,10868,-106,-96,107,9756,-8912,9164,-48,119,-167,-14512,3868,4008,-1058,99,-49,-14540,-3828,5876,-485,115,-169,0
2406.8986780643463,10032,5528,10856,-120,-49,115,9608,-8900,8968,-12,162,-154,-14552,4092,4344,-1034,132,-79,-14544,-3772,5700,-477,130,-107,0
2406.933697938919,10076,5528,10848,-106,-35,71,9960,-8924,9336,-66,163,-195,-14556,3968,4076,-983,111,-62,-14520,-3600,5800,-465,157,-152,0
2406.969649076462,10164,5472,11004,-164,-39,65,9588,-8944,9104,-26,169,-170,-14808,3944,3956,-1038,66,-78,-14588,-3600,5860,-471,130,-139,0
2407.0047919750214,10044,5496,10900,-95,-4,101,9608,-8888,9104,10,158,-143,-14544,3980,4068,-1048,99,-24,-14532,-3728,5916,-476,130,-128,0
2407.0407519340515,10076,5472,10756,-110,-3,86,9732,-9056,9044,-31,158,-122,-14476,3996,3976,-976,65,-38,-14516,-3604,5916,-485,107,-167,0
2407.0762259960175,10112,5536,10920,-140,-17,88,9712,-9000,9072,-31,151,-143,-14432,3956,4180,-974,85,-37,-14480,-3648,5848,-493,146,-140,0
2407.112911939621,10080,5576,10860,-110,-40,101,9620,-8944,9140,-39,171,-137,-14760,3924,3936,-991,82,-59,-14544,-3724,5892,-461,145,-136,0
2407.1486120224,10064,5460,11044,-164,-74,102,9616,-8872,8960,-7,137,-180,-14528,4012,4064,-1017,115,-54,-14452,-3632,5996,-477,165,-122,0
2407.1838281154633,10112,5500,10816,-97,-17,98,9676,-8852,9012,-46,131,-179,-14444,3912,4140,-1000,98,-87,-14528,-3764,5992,-488,177,-115,0
2407.219413995743,10188,5480,10956,-132,-73,110,9644,-8956,9000,-25,113,-180,-14516,4040,4112,-960,94,-79,-14512,-3644,5948,-482,146,-107,0
2407.254903078079,10148,5604,10848,-109,-12,102,9684,-9000,9012,-40,132,-164,-14408,3948,4048,-998,107,-31,-14476,-3704,5712,-490,163,-146,0
2407.288589954376,10052,5596,10792,-109,-55,114,9524,-9016,9060,-35,130,-154,-14544,3952,3872,-999,81,-83,-14584,-3700,5916,-768,129,-136,0
2407.3222420215607,10060,5648,10848,-122,-32,75,9612,-8960,8792,-54,133,-159,-14348,3916,4220,-989,117,-59,-14472,-3712,5708,-480,140,-111,0
2407.355749130249,10124,5844,10848,-140,-27,113,9564,-8920,8928,-50,143,-166,-14492,4012,4304,-1278,72,-86,-14640,-3656,5856,-469,154,-147,0
2407.3891460895534,10052,5484,10852,-130,-32,77,9672,-8992,9084,-36,158,-198,-14436,4052,4072,-1013,80,247,-14516,-3632,5868,-494,140,-150,0
2407.4225730895996,10084,5520,11188,-132,-36,88,9560,-9044,9084,-45,133,-165,-14528,4004,4136,-1008,140,-45,-14544,-3840,5908,-257,120,-145,0
2407.4561541080475,10048,5484,10792,-111,-52,87,9712,-8988,8768,-28,144,-167,-14436,4048,4224,-1014,84,-83,-14556,-3716,5920,-503,137,-129,0
2407.489769935608,10052,5492,11056,-118,-45,102,9660,-8956,9136,-24,142,-163,-14492,3952,3852,-1035,103,-101,-14456,-3768,5920,-511,153,-132,0
2407.5228540897374,10072,5600,11008,-109,-91,85,9660,-8992,8972,-30,226,-184,-14328,3960,3996,-1027,145,-54,-14420,-3684,5948,-478,171,-116,0
2407.5564789772034,10104,5596,11116,-110,-42,101,9692,-9188,8704,-39,98,-195,-14552,3988,4144,-1279,86,-48,-14588,-3724,5944,-505,139,-137,0
2407.5900180339813,10100,5552,10920,-80,-73,77,9684,-9052,9032,-75,161,-168,-14344,3972,4124,-772,86,-75,-14564,-3704,6028,-533,136,-148,0
2407.6233899593353,10120,5412,10996,-152,-61,94,9664,-9200,8772,-252,126,-161,-14576,3840,3868,-1034,98,-103,-14428,-3824,5912,-477,132,-138,0
2407.657002925873,10040,5612,11004,-93,-33,83,9660,-8764,8976,-38,115,-171,-14404,3924,3952,-1028,102,-55,-14508,-3780,5844,-519,124,-154,0
2407.690567970276,10052,5560,10888,-113,-69,95,9624,-9020,9056,-59,146,-190,-14600,3976,4024,-1008,88,-33,-14596,-3684,5848,-511,150,-142,0
2407.7237129211426,10216,5624,10808,-161,-34,88,9676,-8904,9080,-25,145,-173,-14428,3920,3884,-1030,83,-36,-14440,-3740,5772,-495,135,-151,0
2407.7573540210724,10168,5636,10968,-77,-12,98,9612,-9208,9140,-22,139,-151,-14508,3964,4156,-1044,94,-37,-14344,-3824,5848,-489,128,-135,0
2407.7908549308777,10076,5624,10988,-94,-39,97,9548,-8872,9060,-54,145,-167,-14500,3892,4128,-983,76,-57,-14528,-3632,6048,-494,115,-161,0
2407.8240809440613,10148,5400,10828,-153,-87,79,9708,-9000,9068,-52,154,-175,-14520,4000,4068,-980,111,-53,-14552,-3780,5692,-480,134,-121,0
2407.857761144638,10148,5532,10856,-100,-81,107,9684,-9076,9032,-51,112,-181,-14512,3924,4080,-1035,119,-49,-14424,-3784,6076,-764,149,-124,0
2407.8911349773407,10088,5544,10860,-109,-100,122,9644,-9068,8892,-23,17,-134,-14332,4048,3996,-1047,126,-101,-14396,-3616,5964,-510,129,-146,0
2407.924304008484,10000,5544,10908,-87,-74,106,9652,-8964,9032,-21,107,-177,-14440,3960,4028,-1278,107,-90,-14556,-3596,5860,-512,153,-142,0
2407.9579310417175,10088,5620,10804,-128,-93,106,9924,-9020,9048,-13,131,-192,-14472,3960,3932,-1013,91,-71,-14520,-3696,5956,-516,143,-142,0
2407.991459131241,9836,5380,10540,-113,-64,107,9852,-9016,9136,-49,92,-185,-14448,3864,4216,-988,128,-44,-14544,-3740,5880,-505,171,-129,0
2408.0247991085052,10084,5420,10620,-156,-56,93,9636,-9200,9092,-21,135,-189,-14552,4052,4088,-978,89,-106,-14540,-3668,5964,-504,167,-130,0
2408.0581209659576,10028,5660,10892,-142,-72,113,9700,-8880,9128,-38,115,-200,-14492,3880,4040,-955,126,-98,-14476,-3804,5948,-471,165,-113,0
2408.0917460918427,10096,5604,10500,-113,-101,120,9652,-8920,9108,-42,113,-189,-14760,3984,3980,-967,102,-55,-14784,-3692,5868,-464,110,-148,0
2408.125009059906,10208,5624,10872,-137,-95,75,9712,-8996,8792,-21,164,-193,-14824,4016,4288,-989,92,-39,-14532,-3632,5964,-523,119,-144,0
2408.158535003662,10108,5580,10960,-155,-61,122,9696,-8964,9100,25,122,-173,-14672,3848,4256,-1033,162,-93,-14772,-3760,6000,-477,167,-96,0
2408.1921179294586,10208,5704,10956,-146,-61,138,9588,-8992,9136,-31,128,-194,-14380,4052,4048,-996,118,-96,-14548,-3768,6012,-473,169,-126,0
2408.2255930900574,10004,5804,10996,-136,-99,96,9744,-8964,9008,-48,137,-199,-14492,4024,4160,-1004,86,-42,-14492,-3736,5972,-500,139,-134,0
2408.258791923523,10148,5416,10904,-112,-115,116,9640,-8968,9184,-15,135,-168,-14484,4016,4056,-1002,125,-43,-14552,-3732,6076,-257,127,-132,0
2408.2961189746857,10120,5672,10796,-100,-38,132,9852,-8948,8724,20,113,-174,-14540,3968,4128,-1018,113,-40,-14472,-3708,5880,-478,133,-124,0
2408.3324959278107,10084,5648,11008,-144,-66,87,9676,-9000,9044,-12,137,-201,-14524,4000,3984,-1018,97,-121,-14508,-3696,6016,-491,126,-151,0
2408.368010997772,10112,5396,10900,-176,-90,90,9692,-8948,8872,-37,155,-178,-14516,4204,3932,-960,84,-34,-14520,-3688,6028,-487,129,-140,0
2408.403240919113,10108,5576,10760,-163,-63,113,9496,-8748,8732,-32,144,-163,-14496,4116,4200,-1012,104,-102,-14560,-3724,5920,-487,143,-113,0
2408.4382569789886,9972,5668,10852,-179,-60,132,9628,-9012,8876,-49,156,-152,-14500,4148,4036,-1018,116,-43,-14504,-3772,5744,-473,134,-108,0
2408.4741649627686,10068,5588,10840,-212,-75,138,9632,-8904,9080,-41,136,-175,-14460,3944,4328,-769,98,-98,-14492,-3704,6000,-518,130,-104,0
2408.5099990367894,10028,5388,10880,-180,-61,120,9644,-9016,9072,-28,149,-178,-14520,3864,4160,-1020,65,-83,-14496,-3748,5832,-492,146,-101,0
2408.5450870990753,10104,5748,10792,-166,-93,87,9608,-8924,9044,-13,134,-209,-14528,4016,4172,-1003,97,-119,-14584,-3772,5840,-467,194,-120,0
2408.5807659626007,10116,5688,10892,-227,-91,124,9556,-9216,9124,-52,126,-218,-14456,4016,4036,-1005,89,-58,-14588,-3764,5876,-484,142,-112,0
2408.6160449981694,10176,5672,10928,-202,-109,113,9632,-8936,9068,-75,159,-202,-14532,4100,4232,-988,69,-52,-14596,-3704,5964,-491,117,-107,0
2408.6518049240112,10076,5584,10836,-260,-59,98,9600,-8980,9132,-12,140,-181,-14560,4032,3984,-993,89,-96,-14552,-3696,6076,-472,158,-70,0
2408.68776011467,10036,5704,10784,-217,-65,131,9660,-8956,9156,-19,147,-172,-14504,3996,3952,-997,108,-62,-14576,-3708,5920,-465,123,-60,0
2408.72331404686,10076,5688,10936,-227,-82,140,9764,-8984,9224,-43,152,-211,-14536,4084,3976,-979,103,-147,-14592,-3676,6076,-487,166,-73,0
2408.7582700252533,10148,5588,10632,-237,-82,134,9636,-8884,9184,15,147,-175,-14460,3916,4164,-951,126,-71,-14480,-3772,5992,-476,170,-92,0
2408.79390001297,9976,5604,10496,-212,-102,121,9644,-8852,9076,23,169,-168,-14460,3968,4256,-1026,100,-97,-14628,-3836,6100,-473,144,-75,0
2408.8293619155884,10068,5672,10856,-1,-100,133,9640,-8804,9140,-26,150,-171,-14528,4036,4184,-964,104,-61,-14464,-3736,5984,-483,141,-86,0
2408.8646359443665,10020,5628,10816,-288,-98,100,9620,-8960,9184,-27,154,-190,-14532,4032,4296,-957,111,-101,-14512,-3716,5964,-462,142,-71,0
2408.9002299308777,10028,5564,10932,-236,-80,141,9720,-9020,9048,-18,145,-158,-14480,3960,4068,-996,91,-105,-14568,-3684,5960,-263,181,-103,0
2408.9365270137787,10000,5580,10904,-230,-153,135,9660,-8936,8952,13,143,-199,-14504,4020,4168,-976,98,-136,-14472,-3676,5992,-476,193,-86,0
2408.9758660793304,10136,5572,10928,-268,-155,127,9596,-9008,9100,-35,141,-212,-14548,4024,4464,-1003,134,-103,-14432,-3624,5880,-471,212,-67,0
2409.0099449157715,10060,5644,11000,-242,-191,155,9596,-8720,9024,17,152,-202,-14400,4036,4116,-773,121,-124,-14576,-3704,6000,-501,188,-101,0
2409.0432829856873,10144,5828,11208,-229,-153,136,9700,-8884,8988,-14,117,-200,-14820,3976,4156,-1008,98,-82,-14532,-3756,5872,-472,183,-71,0
2409.076877117157,10148,5524,10904,-230,-167,111,9708,-9012,9092,-18,108,-232,-14576,3968,4344,-965,71,-109,-14804,-3652,5992,-494,172,-129,0
2409.1100800037384,10240,5624,10872,-215,-136,126,9604,-9012,9020,-12,124,-203,-14552,3956,4132,-979,67,-151,-14848,-3624,5956,-481,142,-114,0
2409.1433110237126,10100,5600,10872,-208,-146,132,9632,-9052,9172,-4,127,-174,-14560,4060,4148,-987,65,-91,-14496,-3780,6064,-485,138,-111,0
2409.1768050193787,10220,5536,10956,-219,-131,127,9636,-8872,8924,-14,157,-204,-14352,4092,4076,-975,99,-67,-14452,-3768,5744,-471,168,-115,0
2409.210108995437,10120,5588,10856,-250,-159,129,9552,-9152,9172,-33,138,-203,-14464,3896,4192,-957,88,-66,-14472,-3744,5984,-460,179,-76,0
2409.243615150452,10100,5568,10708,-235,-138,154,9664,-8924,9124,-43,130,-194,-14480,3928,4176,-1004,151,-145,-14528,-3628,5844,-474,143,-94,0
2409.2770011425014,10156,5552,10828,-199,-150,134,9656,-8928,9084,5,122,-212,-14412,3984,4128,-1079,95,-115,-14624,-3704,5904,-501,187,-109,0
2409.3104429244995,9976,5508,10796,-251,-149,162,9564,-8756,9060,-249,133,-182,-14428,3944,4088,-1036,122,-90,-14500,-3728,6104,-498,134,-75,0
2409.3438799381256,10120,5544,10964,-175,-130,140,9560,-8932,9056,-57,135,-187,-14584,4020,4072,-979,85,-91,-14592,-3644,5932,-502,165,-111,0
2409.3775169849396,10160,5524,10920,-237,-164,120,9628,-8884,8904,-11,152,-189,-14428,3840,3984,-1040,87,-82,-14488,-3748,5672,-472,151,-133,0
2409.4107360839844,10132,5488,10800,-200,-140,124,9632,-8940,9040,-14,135,-134,-14544,4000,4060,-1042,74,-78,-14832,-3692,6076,-468,110,-95,0
2409.444227933884,10164,5524,10808,-201,-86,140,9644,-8820,8968,-6,167,-146,-14544,3872,4116,-1006,82,-65,-14488,-3752,6052,-487,120,-134,0
2409.477766990661,10152,5596,10908,-209,-129,112,9684,-8936,8872,-77,121,-187,-14496,4068,4132,-962,101,-75,-14460,-3656,5948,-495,141,-87,0
2409.511249065399,10204,5500,10788,-140,-100,108,9932,-8964,9096,-84,101,-198,-14508,4032,4272,-1018,116,-107,-14472,-3532,6004,-505,167,-120,0
2409.5447039604187,10152,5508,10868,-108,-89,136,9572,-9004,9000,-68,128,-185,-14432,4048,3960,-1001,124,-91,-14492,-3548,5872,-762,166,-136,0
2409.578127145767,10232,5416,10896,-89,-66,73,9564,-8964,9040,-42,140,-198,-14536,4092,4308,-1047,126,-57,-14644,-3664,5940,-499,151,-128,0
2409.611706018448,10200,5436,10904,-139,-40,100,9500,-8992,9108,-38,168,-184,-14624,4024,4084,-1034,106,-96,-14512,-3664,5940,-445,126,-111,0
2409.6450209617615,10204,5484,10896,-162,-20,96,9696,-9020,9152,-33,171,-184,-14540,4004,4068,-1042,99,-98,-14456,-3812,5940,-483,165,-134,0
2409.6786091327667,10128,5592,11024,-135,-63,105,9608,-8984,9056,-35,156,-169,-14472,3908,4316,-1035,106,-99,-14516,-3708,5972,-489,130,-142,0
2409.7118129730225,10132,5528,10824,-109,-25,75,9664,-8880,9100,-61,131,-189,-14568,3872,4192,-997,103,-71,-14464,-3724,5816,-496,121,-134,0
2409.745499134064,10072,5568,10776,-112,-54,90,9844,-8728,8988,-61,152,-166,-14480,3968,4292,-1011,86,-29,-14432,-3424,6136,-499,104,-139,0
2409.7791481018066,10272,5636,10788,-89,-10,71,9968,-9208,8992,-41,189,-165,-14612,4000,4048,-980,70,-64,-14528,-3688,6140,-767,81,-174,0
2409.8125960826874,10156,5556,10948,-139,-27,79,9652,-9036,9260,-11,130,-156,-14400,3976,4124,-772,72,-54,-14408,-3680,5896,-477,179,-124,0
2409.84609913826,10000,5556,10968,-139,28,118,9544,-8944,9140,-43,123,-159,-14476,3616,4208,-965,137,-72,-14504,-3628,5936,-477,143,-88,0
2409.8797421455383,10140,5608,10776,-64,-38,83,9664,-8948,9132,-84,133,-178,-14472,3952,3880,-987,103,-53,-14548,-3616,5868,-485,176,-117,0
2409.9130489826202,10184,5568,10936,-109,-104,110,9640,-9020,9044,-26,130,-163,-14528,3928,4024,-1021,117,-53,-14544,-3780,5684,-486,162,-118,0
2409.946125984192,10392,5576,10536,-102,-43,123,9620,-9156,8988,-36,90,-153,-14468,4080,4044,-1049,134,-3,-14472,-3688,5632,-495,98,-85,0
2409.9839029312134,10100,5636,10884,-103,24,113,9628,-8860,9128,-42,125,-166,-14504,3940,4152,-1033,126,-35,-14492,-3732,5684,-261,89,-137,0
2410.0196311473846,10100,5512,11124,-102,-21,90,9684,-8932,9076,-40,156,-180,-14848,3944,4172,-1013,60,-38,-14448,-3744,5944,-473,155,-148,0
2410.054893016815,10240,5612,10904,-110,-63,63,9916,-8992,9096,-41,128,-172,-14532,3936,3972,-1036,89,-59,-14356,-3700,5844,-504,114,-139,0
2410.0902371406555,10088,5528,10800,-58,-54,58,9716,-8952,8940,-78,131,-200,-14500,4000,3964,-998,93,-88,-14540,-3728,5944,-501,133,-129,0
2410.1251199245453,10004,5488,10988,-85,-70,49,9620,-8992,8976,-48,134,-193,-14464,3932,4016,-1274,87,-95,-14476,-3712,5948,-499,186,-128,0
2410.1611509323125,10076,5572,10912,-104,-74,89,9612,-8992,9208,-52,119,-183,-14512,3952,4008,-991,121,-101,-14500,-3696,6028,-489,181,-130,0
2410.1961901187897,10144,5804,10944,-113,-74,102,9508,-8968,8868,-33,83,-206,-14468,3940,4064,-774,100,-73,-14476,-3712,6000,-493,146,-131,0
2410.2323911190033,10164,5592,10960,-98,-59,71,9612,-8980,9044,-56,152,-175,-14540,3948,4024,-1019,93,-105,-14624,-3684,5932,-262,149,-142,0
2410.2688560485844,10080,5616,10968,-69,-66,111,9684,-9020,9124,-24,126,-185,-14572,4000,4204,-1014,106,-63,-14608,-3688,6104,-763,147,-134,0
2410.3038270473485,10232,5580,10816,-46,-57,106,9584,-8948,9128,-57,118,-162,-14644,3960,3960,-994,90,-97,-14548,-3712,5892,-511,146,-140,0
2410.3395149707794,10136,5688,10996,-98,-58,81,9920,-8964,8952,-56,115,-161,-14416,3888,4124,-1041,122,-56,-14360,-3656,5844,-497,124,-160,0
2410.3752810955048,10032,5668,11000,-100,-33,84,9596,-8904,9096,-48,113,-175,-14516,4000,4252,-769,108,-39,-14540,-3680,6072,-503,141,-136,0
2410.410794019699,10060,5636,10872,-71,-95,80,9584,-8972,9104,-55,150,-175,-14480,3872,4168,-1012,117,-88,-14484,-3636,5684,-468,139,-139,0
2410.446197986603,10184,5652,10788,-90,-103,89,9548,-9004,9112,-74,126,-197,-14360,3892,4268,-1279,110,-68,-14468,-3796,5980,-480,144,-132,0
2410.4822499752045,10156,5860,10852,-79,-70,117,9584,-8980,9008,-30,110,-163,-14484,4024,3912,-1019,90,-80,-14360,-3700,5736,-521,145,-146,0
2410.518098115921,10104,5524,10904,-108,-62,110,9668,-8980,8764,-19,130,-177,-14524,3992,4052,-1023,122,-64,-14624,-3684,6064,-486,127,-113,0
2410.5536730289455,10076,5612,10884,-122,-37,104,9648,-9108,9064,-37,129,-162,-14380,4036,3880,-989,88,-31,-14576,-3704,6024,-489,135,-131,0
2410.589420080185,10056,5540,10816,-166,-49,100,9624,-8964,8988,-53,150,-185,-14496,4012,4200,-992,82,-73,-14428,-3700,5636,-760,138,-114,0
2410.6252779960632,10120,5584,10888,-143,-60,113,9560,-8936,9008,-47,143,-170,-14432,4056,4108,-1003,130,-124,-14352,-3448,5952,-766,137,-133,0
2410.6585659980774,10080,5840,10992,-125,-51,89,9692,-9008,9012,-49,144,-157,-14408,4000,4016,-1041,90,-82,-14524,-4040,5792,-484,136,-105,0
2410.692034006119,10144,5728,10824,-131,-40,72,9600,-9052,9028,-48,139,-166,-14472,3964,4184,-1031,105,-47,-14532,-3720,5952,-503,157,-135,0
2410.7254679203033,10080,5668,10768,-144,-53,94,9492,-8724,9056,-72,183,-191,-14452,3956,4224,-988,106,-100,-14476,-3724,6008,-491,150,-129,0
2410.758903980255,10164,5672,10996,-197,-98,107,9664,-8964,9040,-63,161,-180,-14452,3896,4068,-993,85,-124,-14604,-3824,5648,-480,126,-126,0
2410.7925329208374,10112,5660,10920,-158,-54,63,9628,-9024,8972,-38,200,-183,-14484,3988,4180,-995,68,-73,-14584,-3760,5936,-505,137,-137,0
2410.8260469436646,10088,5644,10900,-267,-52,107,9852,-9036,9192,-2,210,-172,-14428,3980,4004,-993,61,-64,-14448,-3740,6000,-496,118,-102,0
2410.859714984894,10120,5876,10716,-197,-19,117,9580,-8720,8988,-59,128,-170,-14432,3864,4040,-952,86,-93,-14504,-3856,5840,-451,135,-99,0
2410.893224954605,10196,5676,10928,-230,-158,98,9640,-9088,8988,-87,151,-211,-14572,3996,4024,-977,121,-140,-14576,-3612,5936,-764,194,-107,0
2410.926754951477,10052,5580,10944,-245,-72,109,9568,-9032,9016,-34,138,-192,-14444,3952,4336,-1042,72,-104,-14428,-3596,6068,-507,170,-88,0
2410.960196018219,10000,5700,10508,-208,-55,131,9560,-8720,9068,-3,150,-165,-14460,3956,4124,-993,91,-116,-14760,-3744,6004,-494,130,-89,0
2410.9938900470734,10156,5660,10980,-249,-14,120,9476,-9036,9200,-57,177,-174,-14396,4056,4152,-941,88,-77,-14504,-3696,5920,-449,105,-73,0
2411.027629137039,10052,5376,10772,-266,-64,112,9608,-9092,9132,-57,148,-169,-14500,4000,3928,-955,80,-53,-14448,-3700,5980,-451,171,-94,0
2411.0611701011658,10180,5604,10760,-314,-99,171,9716,-8992,8724,8,159,-166,-14500,4088,4124,-1022,92,-141,-14432,-3696,6116,-484,164,-78,0
2411.0943219661713,10124,5536,11056,-8,-89,186,9532,-9168,8884,18,94,-193,-14500,3896,4260,-1041,174,-145,-14528,-3676,5788,-470,183,-45,0
2411.1277611255646,10196,5380,10896,-269,-166,151,9616,-8984,9096,7,118,-219,-14512,4016,4296,-1000,122,-109,-14516,-3720,5952,-492,201,-109,0
2411.161190032959,10084,5548,10988,-288,-171,134,9596,-8996,9064,23,132,-186,-14524,4084,4084,-984,106,-114,-14516,-3688,6036,-467,177,-100,0
2411.194575071335,10112,5868,10904,-288,-152,151,9664,-9028,9088,20,141,-211,-14460,4048,4160,-1019,101,-134,-14832,-3700,5964,-479,164,-106,0
2411.22798705101,10100,5600,10864,-247,-160,145,9552,-8912,8980,-21,127,-200,-14476,4008,4316,-986,103,-126,-14564,-3688,5768,-495,147,-95,0
2411.2617530822754,10088,5672,11224,-297,-190,124,9604,-8956,9196,-51,137,-230,-14424,3928,4132,-955,127,-133,-14500,-4008,6132,-459,156,-105,0
2411.2954120635986,10192,5476,10724,-278,-178,138,9700,-8944,9032,-44,169,-189,-14540,3920,4088,-986,113,-101,-14728,-3776,5644,-477,140,-102,0
2411.329059123993,10128,5496,10804,-1,-155,129,9660,-9064,9048,-10,125,-193,-14504,3940,3908,-1011,92,-75,-14560,-3700,5648,-463,170,-93,0
2411.3624510765076,10164,5592,10620,-267,-153,147,9676,-8904,8988,5,112,-219,-14504,3952,4180,-1014,101,-121,-14508,-3756,5952,-483,139,-65,0
2411.3955039978027,10104,5472,10820,-243,-172,128,9568,-8920,9060,-3,106,-198,-14532,3964,4340,-1018,67,-127,-14548,-3656,6000,-501,154,-98,0
2411.429258108139,10204,5588,10808,-214,-172,158,9588,-8992,9108,9,108,-202,-14472,3912,4248,-1033,98,-87,-14496,-3724,6084,-260,176,-111,0
2411.4628069400787,10184,5540,10888,-222,-159,164,9640,-8976,9016,13,126,-233,-14524,3952,4208,-1013,130,-79,-14456,-3744,5920,-493,166,-80,0
2411.4964759349823,10132,5524,10668,-207,-142,163,9652,-9208,9048,-13,117,-155,-14512,3984,3956,-984,117,-65,-14536,-3720,6040,-507,139,-103,0
2411.5301201343536,10204,5608,10864,-211,-150,151,9512,-9036,9312,67,143,-160,-14556,3972,4084,-1020,48,-70,-14520,-3656,6036,-502,118,-100,0
2411.5636489391327,10112,5592,10840,-272,-181,152,9672,-8896,9100,52,131,-178,-14544,3872,4180,-1020,72,-94,-14512,-3792,6008,-474,147,-92,0
2411.5970921516414,10164,5580,10564,-234,-117,128,9624,-8968,9088,-41,54,-227,-14416,3952,4104,-953,96,-82,-14552,-3744,5636,-470,181,-113,0
2411.633068084717,10404,5468,10872,-269,-156,128,9608,-8940,9084,-30,145,-213,-14452,3904,4016,-986,85,-108,-14480,-3612,5892,-480,166,-97,0
2411.6686620712285,10200,5428,10828,-177,-128,121,9676,-8928,8924,13,167,-170,-14444,3896,4092,-1036,60,-88,-14356,-3672,5644,-485,144,-110,0
2411.703714132309,10432,5592,10992,-195,-77,111,9692,-8852,9048,-26,152,-164,-14364,4024,4124,-1010,63,-51,-14540,-3692,6112,-258,104,-117,0
2411.7394649982452,10184,5600,10828,-125,-90,85,9596,-8904,9076,-60,122,-200,-14564,3916,4284,-946,93,-36,-14784,-3700,5760,-495,129,-128,0
2411.775087118149,10148,5548,10552,-87,-37,90,9680,-8916,9036,-52,171,-175,-14640,3920,3916,-781,121,-114,-14544,-3696,5844,-260,155,-148,0
2411.810294151306,10188,5496,10708,-59,-53,97,9640,-9004,9028,-36,147,-190,-14492,3880,4080,-1068,131,-69,-14524,-3680,5936,-491,166,-111,0
2411.8454649448395,10156,5580,10856,-116,-56,119,9664,-8952,9020,-60,156,-180,-14584,3960,3988,-1017,108,-42,-14496,-3736,6108,-487,148,-101,0
2411.8812510967255,10200,5540,10820,-133,-53,101,9648,-8980,9064,-41,146,-196,-14376,3932,4164,-1038,115,-40,-14576,-3596,5908,-529,160,-85,0
2411.9171431064606,10424,5608,11036,-100,-30,86,9668,-9036,9076,-23,147,-141,-14352,3988,4304,-1020,82,-60,-14740,-3756,5756,-511,142,-102,0
2411.9522409439087,10040,5452,10936,-88,-18,79,9612,-8972,9016,-44,137,-162,-14524,4036,4232,-980,108,-41,-14580,-3776,5928,-492,113,-132,0
2411.9874520301814,10176,5592,10932,-119,-49,66,9344,-9084,9064,-63,157,-169,-14432,3948,4196,-982,105,-50,-14524,-3700,5956,-464,115,-127,0
2412.023728132248,10104,5572,10764,-100,-27,52,9672,-9196,9092,-84,190,-169,-14520,3976,4004,-972,49,-39,-14528,-3660,5884,-508,117,-139,0
2412.060014009476,10184,5484,10684,-112,18,43,9576,-9036,9172,-58,173,-142,-14516,3980,4292,-1017,59,-20,-14412,-3692,6036,-489,92,-139,0
2412.0950009822845,10084,5584,10976,-168,-25,96,9452,-8972,9112,-18,115,-150,-14412,3944,4188,-1005,129,-46,-14444,-3736,5992,-490,100,-113,0
2412.1306490898132,10480,5456,10960,-58,-75,73,9568,-9004,9240,-76,162,-216,-14480,4080,4076,-1010,106,-97,-14600,-3584,6016,-510,173,-134,0
2412.166165113449,10192,5524,10992,-148,-108,113,9692,-9064,9040,-61,150,-186,-14448,3936,4024,-1009,121,-43,-14560,-3728,6124,-498,135,-102,0
2412.201758146286,10064,5592,10952,-74,-35,116,9632,-8952,9028,-55,104,-135,-14432,4000,4216,-1038,145,-51,-14520,-3668,5640,-501,114,-98,0
2412.2376761436462,10224,5612,10808,-89,17,126,9952,-9004,9096,-55,130,-119,-14492,3916,4180,-1039,102,-21,-14520,-4000,6096,-265,103,-119,0
2412.2744131088257,10080,5620,10824,-99,-31,81,9620,-9000,9112,-81,151,-184,-14496,3988,4056,-997,59,-85,-14364,-3696,5936,-496,92,-139,0
2412.3081250190735,10060,5584,10860,-113,-18,66,9628,-8932,9124,-70,128,-167,-14476,3972,4220,-987,87,-90,-14500,-3640,5956,-524,129,-129,0
2412.34170794487,10096,5512,10668,-65,-36,71,9684,-8968,9048,-69,102,-178,-14548,3952,4116,-985,95,-40,-14532,-3708,5796,-474,117,-146,0
2412.3752241134644,10148,5620,10832,-129,-83,77,9552,-9044,9192,-50,125,-206,-14472,3960,4188,-1015,132,-33,-14612,-3712,5896,-470,163,-111,0
2412.408671140671,10192,5628,11000,-148,-70,81,9488,-9092,9028,-41,134,-169,-14456,4048,3916,-994,87,-40,-14516,-3728,6124,-524,164,-133,0
2412.442083120346,10004,5608,10880,-111,-83,103,9616,-9068,8996,-33,92,-205,-14472,4020,4160,-1280,123,-108,-14488,-3792,5732,-505,179,-95,0
2412.4756231307983,10148,5584,10860,-112,-92,108,9580,-9072,8976,-37,139,-185,-14456,3944,4056,-999,100,-95,-14504,-3588,6012,-497,178,-117,0
2412.5092170238495,10088,5636,10832,-124,-68,86,9580,-9204,9132,-51,159,-185,-14476,3916,4208,-988,100,-103,-14504,-3724,5924,-493,144,-160,0
2412.5428960323334,10436,5632,10800,-93,-55,76,9688,-8788,9088,-46,145,-184,-14420,3928,4136,-997,68,-26,-14580,-3724,5948,-262,123,-148,0
2412.5766899585724,10176,5880,10544,-103,-37,78,9596,-8960,8940,-55,145,-171,-14404,4032,4084,-1020,98,-36,-14488,-3696,6024,-501,131,-118,0
2412.610146999359,10452,5656,10752,-95,-31,72,9596,-8924,9016,-53,97,-174,-14464,4088,4184,-1001,111,-68,-14456,-3716,5908,-518,139,-148,0
2412.643280029297,10076,5728,10976,-97,-49,95,9644,-9112,9060,-51,152,-171,-14532,4028,4284,-1028,85,-44,-14468,-3672,5996,-498,145,-138,0
2412.6764340400696,10084,5608,10840,-102,-104,94,9632,-8976,9124,-64,129,-184,-14540,4000,4212,-1280,91,-18,-14484,-3696,5916,-258,165,-117,0
2412.709846973419,10116,5728,10912,-102,-87,105,9620,-9072,8804,-55,134,-200,-14524,3976,4124,-1009,107,-60,-14532,-3760,5880,-506,122,-131,0
2412.74329996109,10196,5676,10840,-102,-75,113,9612,-9036,9192,-38,130,-198,-14536,4076,4192,-1006,86,-77,-14500,-3732,5960,-502,127,-151,0
2412.777046918869,10056,5712,10556,-105,-20,96,9512,-8992,9068,-62,145,-171,-14516,4000,4200,-997,69,-46,-14508,-3732,5704,-508,117,-154,0
2412.8106441497803,10140,5648,10748,-68,-80,78,9696,-9044,9100,-42,144,-150,-14548,3944,4196,-982,109,-50,-14456,-3596,5712,-510,132,-135,0
2412.844186067581,10064,5668,10840,-90,-81,80,9572,-9084,8976,-79,93,-194,-14500,4064,4064,-1000,82,-67,-14456,-3832,6124,-494,122,-162,0
2412.877398967743,10156,5640,10716,-99,-101,81,9532,-9000,9028,-46,133,-198,-14548,4072,4032,-962,79,-135,-14564,-3656,5932,-490,172,-155,0
2412.9106810092926,10100,5708,10876,-110,-87,80,9460,-9072,9052,-55,145,-206,-14500,4020,4108,-982,87,-91,-14472,-3588,5932,-481,123,-142,0
2412.9441900253296,10116,5636,10736,-99,-75,91,9628,-9036,9068,-62,137,-199,-14440,3924,4244,-997,94,-80,-14288,-3752,5988,-482,171,-132,0
2412.977771997452,10144,5648,10764,-121,-78,112,9524,-9036,9092,-57,124,-186,-14504,3976,4252,-965,109,-50,-14512,-3712,5984,-461,156,-122,0
2413.011307954788,10116,5812,10864,-164,-87,113,9588,-8740,9008,-73,141,-177,-14528,4008,4096,-924,91,-68,-14536,-3748,5884,-449,103,-134,0
2413.0448911190033,10284,5724,10936,-145,-48,77,9756,-9156,9024,-68,150,-150,-14472,4096,4116,-974,59,-49,-14528,-3728,5992,-496,108,-162,0
2413.0781960487366,10052,5448,10840,-206,-9,94,9484,-9092,8836,-5,151,-132,-14432,4108,4180,-1013,61,-84,-14544,-3780,5948,-509,126,-109,0
2413.1118609905243,10100,5724,10820,-119,-4,112,9556,-8728,9420,-34,114,-133,-14492,4004,4152,-988,90,-18,-14508,-3792,5812,-521,129,-118,0
2413.1450951099396,10136,5880,10756,-116,-60,97,9712,-8972,9012,-32,135,-161,-14404,4048,4164,-1010,88,-54,-14492,-3764,5924,-492,131,-140,0
2413.178633928299,10172,5720,10524,-165,-20,99,9492,-8968,9056,-33,111,-134,-14436,4032,4052,-1051,74,-65,-14392,-3756,5916,-469,122,-125,0
2413.2120180130005,10100,5764,10708,-140,254,94,9592,-8936,9156,-21,130,-143,-14568,3952,4284,-1034,100,-62,-14444,-3812,5856,-500,132,-136,0
2413.245880126953,10228,5840,10824,-159,34,97,9924,-9072,9068,-70,143,-170,-14512,4012,3992,-972,95,234,-14560,-3732,6048,-452,100,-110,0
2413.2794151306152,10088,5672,10656,-202,-14,90,9600,-9100,9012,-63,156,-153,-14460,3932,4076,-968,93,-35,-14456,-3720,5812,-444,119,-94,0
2413.3153159618378,10128,5664,10796,-509,-92,121,9500,-9020,8728,-20,157,-165,-14460,4092,4232,-998,90,-115,-14472,-3740,6020,-458,162,-77,0
2413.3508031368256,10044,5668,11148,-243,-72,148,9544,-9036,9032,-43,124,-197,-14444,3852,4328,-1010,130,-79,-14492,-3728,6020,-471,189,-68,0
2413.387200117111,10112,5704,10796,-244,-118,152,9684,-9104,9004,6,127,-214,-14524,4016,4124,-1033,121,-138,-14396,-3736,6088,-497,170,-89,0
2413.422435998916,10108,5652,10880,-261,-94,129,9680,-9096,9200,250,133,-161,-14504,4076,3996,-1002,96,-138,-14596,-3788,5924,-516,153,-70,0
2413.458156108856,10148,5700,10824,-292,-96,134,9660,-9032,9164,24,123,-209,-14564,4284,4048,-1015,154,-170,-14492,-3820,6036,-492,143,-70,0
2413.4935920238495,10072,5760,10916,-293,-114,170,9584,-9052,9100,34,72,-183,-14736,3928,3988,-1016,164,-99,-14500,-3696,5928,-768,125,-82,0
2413.529699087143,10156,5644,10872,-284,-121,174,9584,-9044,8708,-5,66,-185,-14456,3996,4192,-1029,136,-54,-14556,-3672,6004,-524,85,-96,0
2413.565010070801,10168,5600,10996,-255,-61,196,9624,-9000,9084,18,93,-152,-14532,4028,4076,-1045,142,-99,-14536,-3604,6088,-551,89,-62,0
2413.6007690429688,10164,5492,10984,-223,-79,172,9488,-9140,9068,35,116,-107,-14524,4000,4048,-1065,82,-22,-14352,-3672,5924,-569,78,-94,0
2413.636101961136,10216,5664,10996,-208,-99,180,9704,-8748,8928,24,92,-135,-14464,3992,4092,-1075,140,-99,-14440,-3808,6068,-509,100,-89,0
2413.671770095825,10176,5836,10908,-231,-136,176,9496,-9096,9032,57,119,-136,-14460,3936,4224,-1058,89,-93,-14452,-3840,5940,-545,158,-129,0
2413.7082800865173,10120,5592,10824,-213,-158,138,9552,-9076,9040,60,150,-163,-14424,4056,4236,-1053,60,-81,-14364,-3848,6056,-528,135,-157,0
2413.7431979179382,10172,5552,10852,-193,-116,149,9652,-8972,8988,-28,134,-190,-14452,3932,4120,-1009,125,-163,-14452,-3772,5776,-495,110,-118,0
2413.7792789936066,10100,5636,10576,-199,-201,130,9592,-9168,8972,-15,93,-215,-14504,4072,4200,-1006,83,-146,-14460,-4072,5920,-519,172,-122,0
2413.8148291110992,10104,5672,10880,-286,-249,141,9660,-8960,9072,84,153,-191,-14568,3984,4428,-1063,71,-98,-14524,-3776,5920,-504,115,-138,0
2413.8502781391144,10152,5744,10936,-148,-134,112,9592,-8968,9240,-6,123,-194,-14348,4000,4288,-949,90,-104,-14488,-3780,6040,-524,103,-120,0
2413.88538312912,9988,5568,10792,-134,-182,118,9612,-9068,8972,41,81,-238,-14432,4088,3988,-1047,164,-184,-14472,-3612,6020,-506,246,-86,0
2413.9210250377655,10136,5540,10520,-141,-261,212,9604,-8964,9008,54,16,-227,-14400,4064,3936,-1094,179,-158,-14584,-3784,6032,-258,217,-49,0
2413.9576909542084,10268,5592,10744,-184,-237,238,9608,-8960,9096,34,81,-176,-14524,3880,4296,-1111,135,-110,-14504,-3616,6008,-517,161,-86,0
2413.993791103363,10288,5580,10868,-209,-156,187,9620,-9020,9008,29,106,-164,-14440,3940,4344,-1010,44,-134,-14428,-3588,5956,-535,129,-135,0
2414.0273740291595,10192,5492,10800,-138,-187,151,9552,-8716,9036,46,114,-195,-14604,4008,4152,-1106,88,-161,-14508,-3732,5884,-549,148,-149,0
2414.061099052429,10252,5704,10864,-159,-182,125,9608,-8988,8960,23,170,-174,-14444,4024,4076,-1062,110,-68,-14568,-3740,5956,-520,111,-115,0
2414.094743013382,10196,5604,10816,-113,-106,130,9648,-9008,9148,-26,181,-137,-14724,3932,4260,-1021,-6,-60,-14584,-3640,5948,-525,117,-161,0
2414.127699136734,10492,5452,11000,-114,-123,77,9592,-8744,9096,10,234,-161,-14576,3920,4088,-1034,8,-90,-14524,-3648,5964,-511,114,-169,0
2414.161077976227,10088,5516,10884,-127,-78,73,9528,-8984,8980,26,507,-170,-14424,3892,4024,-1117,73,-70,-14568,-3780,5796,-513,133,-159,0
2414.1944241523743,10476,5872,10872,-101,-86,79,9580,-8972,8948,12,170,-199,-14384,3996,4112,-1069,60,-109,-14348,-3816,5924,-518,186,-116,0
2414.227769136429,10188,5380,10700,-102,-59,78,9572,-9016,9084,-256,184,-176,-14484,3900,4152,-1091,111,-94,-14504,-3612,5900,-492,164,-134,0
2414.2613070011134,10104,5724,10676,-113,-81,61,9648,-8908,9104,2,143,-188,-14452,3804,4208,-1035,90,-89,-14492,-3828,5852,-517,154,-174,0
2414.2948920726776,10192,5844,10940,-83,-60,39,9612,-8900,9088,247,179,-193,-14508,3868,4232,-1017,51,-101,-14508,-3820,5880,-519,155,-184,0
2414.3282821178436,10300,5664,10828,-51,-7,20,9700,-8908,9120,-35,196,-198,-14576,3920,4168,-1067,56,-13,-14584,-3764,5752,-510,123,-185,0
2414.3619499206543,10332,5624,10996,-96,15,9,9716,-8956,9176,-46,203,-171,-14504,3932,4224,-1034,11,-33,-14492,-3844,5932,-489,103,-180,0
2414.3952391147614,10140,5716,10988,-109,-45,70,9540,-8984,9140,-54,184,-186,-14348,3948,4208,-1267,137,-88,-14148,-3772,5948,-428,190,-98,0
2414.4286429882054,10148,5704,10864,-101,-126,119,9664,-9024,9400,-87,33,-512,-14600,3884,4340,-1019,164,-103,-14520,-3760,6020,-445,173,-104,0
2414.462137937546,10264,5632,10808,-94,-74,117,9736,-8996,9040,-30,157,-186,-14832,4052,4340,-925,24,-45,-14560,-3812,6004,-497,64,-202,0
2414.4957649707794,10236,5620,10796,-148,-21,25,9740,-9036,8968,-73,197,-182,-14368,3972,4144,-996,-11,-63,-14328,-3752,5932,-489,126,-183,0
2414.529083967209,9812,5672,10796,-135,-5,50,9592,-8768,9036,-35,211,-175,-14428,3952,4184,-989,-17,-85,-14496,-3856,6032,-454,110,-178,0
2414.5625619888306,10072,5608,10844,-122,11,251,9736,-9128,8988,-35,8,-115,-14668,3996,4324,-791,-132,-83,-14620,-3724,5992,-495,56,-238,0
2414.5960829257965,10420,5556,10952,-166,81,-6,9500,-9028,9116,-3,316,-75,-14428,4048,4004,-825,-101,-30,-14416,-3692,5992,-492,36,-225,0
2414.629482984543,10056,5636,10500,-90,18,15,9608,-9188,8952,-17,360,59,-14368,3592,4256,-937,-32,-31,-14424,-3704,5648,-475,78,-144,0
2414.662830114364,10056,5720,11000,-196,9,90,9684,-8904,9112,-25,235,-98,-14436,3928,4196,-955,18,-235,-14512,-3612,5724,-443,76,-100,0
2414.6965160369873,10032,5652,10784,-184,45,118,9384,-9212,9152,-58,166,-67,-14412,3780,4312,-771,137,-18,-14348,-4068,6076,-498,87,-131,0
2414.729830980301,10184,5696,10516,-122,-21,87,9620,-8964,9024,-90,157,-174,-14424,4032,4140,-779,100,-68,-14368,-3616,5768,-485,125,-146,0
2414.7632761001587,10116,5456,10700,-190,-32,92,9248,-8852,8976,-4,179,-198,-14392,3980,4344,-1033,50,-20,-14496,-3736,5952,-485,179,-99,0
2414.7969081401825,10136,5664,10504,-169,-1,130,9224,-9000,9152,-48,108,-187,-14376,3960,4212,-1276,143,-64,-14424,-3776,6088,-457,139,-95,0
2414.830488920212,10016,5688,10832,-190,-91,152,9452,-9032,9040,-67,60,-227,-14484,3920,4112,-1026,197,-109,-14536,-3840,5992,-495,207,-24,0
2414.8641760349274,10168,5664,10796,-151,-99,195,9540,-8988,9172,-75,14,-182,-14416,3976,4232,-1003,213,-108,-14564,-3744,6008,-464,189,-14,0
2414.8976640701294,10200,5656,10884,-211,-68,176,9624,-8944,9068,-76,58,-188,-14500,3864,4116,-972,185,-48,-14564,-3816,6016,-426,139,-37,0
2414.931062936783,10136,5628,10704,-209,-68,194,9552,-8884,9048,-100,89,-156,-14520,3976,4208,-959,145,-32,-14496,-3796,5980,-425,145,-47,0
2414.964277982712,10128,5380,11004,-254,-33,140,9584,-9040,9176,-100,132,-151,-14564,3988,4276,-958,97,-55,-14520,-3812,5692,-465,119,-111,0
2415.000828027725,10264,5520,10912,-226,-55,105,9672,-9024,9032,-69,175,-187,-14364,3964,3920,-954,71,-89,-14508,-3768,5976,-480,138,-153,0
2415.035722017288,9988,5496,10676,-215,-74,83,9480,-9036,9028,-45,202,-195,-14340,3976,4228,-956,38,-117,-14488,-3824,5980,-431,168,-128,0
2415.071501970291,10072,5744,10944,-232,-69,59,9516,-8972,9184,-82,204,-196,-14540,4012,4316,-931,72,-73,-14468,-3608,5952,-416,169,-113,0
2415.1062359809875,9984,5712,10920,-287,-62,111,9476,-9140,9116,-62,174,-169,-14564,4100,4188,-937,85,-119,-14376,-3704,5656,-457,162,-69,0
2415.142338991165,10148,5624,10624,-191,-112,130,9552,-9012,9120,-82,25,-7,-14452,3876,4496,-954,87,-89,-14536,-3716,5944,-459,166,-84,0
2415.1781709194183,10148,5516,10796,-269,-69,131,9600,-9044,9064,-35,113,-185,-14536,3992,4296,-989,120,-49,-14520,-3708,6004,-471,164,-91,0
2415.2136211395264,10252,5628,10548,-182,-22,148,9628,-8952,9240,-108,97,-104,-14568,3940,4144,-955,140,-45,-14568,-3664,6004,-507,102,-42,0
2415.2494361400604,10192,5532,10828,-169,-46,177,9604,-9104,9076,-85,82,-131,-14516,4060,4216,-973,181,-239,-14392,-3584,5856,-516,150,-61,0
2415.284812927246,10188,5512,10680,-127,-14,151,9612,-9056,9032,-36,53,-122,-14544,4008,3948,-1022,126,-54,-14528,-3664,5892,-500,131,-65,0
2415.320261001587,10492,5620,10760,-72,56,138,9620,-9004,8844,-13,113,-80,-14780,3992,3952,-1094,80,-237,-14524,-3792,5884,-478,85,-160,0
2415.35559296608,10176,5668,10760,-74,107,37,9596,-9100,9180,-87,206,-72,-14480,4024,4236,-1006,63,21,-14712,-3820,6308,-475,85,-162,0
2415.390846967697,10108,5668,10840,-99,73,24,9524,-9116,9232,-99,172,-131,-14364,3984,4568,-937,52,-53,-14368,-3744,5980,-471,115,-176,0
2415.426172018051,9964,5744,10792,-53,30,6,9628,-9052,9124,-115,204,-180,-14492,3996,4268,-929,58,-114,-14592,-3880,6036,-431,173,-192,0
2415.4618129730225,10000,5736,10936,-69,-26,-8,9432,-9036,8992,-65,207,-188,-14420,4016,4260,-992,18,-83,-14420,-3840,6004,-507,159,-203,0
2415.4976880550385,9888,5736,10864,-58,-8,16,9692,-9100,9092,-86,152,-189,-14584,3852,4200,-933,57,-62,-14440,-3736,6108,-496,149,-174,0
2415.533298969269,10016,5668,10900,-65,22,37,9424,-9012,9004,-80,153,-201,-14412,4028,4184,-975,90,-70,-14452,-3688,5904,-468,197,-105,0
2415.5683641433716,9984,5612,10880,-86,-93,77,9572,-9092,9152,-82,59,-225,-14432,3880,4204,-982,166,-96,-14484,-3780,5940,-474,216,-85,0
2415.6040971279144,10072,5668,10880,-90,-86,129,9624,-9000,9048,-51,80,-215,-14504,4008,4344,-769,156,-122,-14428,-3724,5964,-501,219,-85,0
2415.6412999629974,10020,5472,10856,-85,-104,125,9592,-8976,9040,-56,104,-204,-14388,4040,4364,-968,117,-79,-14520,-3736,5832,-500,172,-136,0
2415.6745939254765,10040,5560,10752,-124,-111,66,9616,-8992,8772,-57,167,-209,-14688,4012,4180,-952,89,-86,-14440,-3716,6012,-458,164,-127,0
2415.7082171440125,10108,5736,10852,-143,-85,58,9620,-8996,9064,-63,156,-184,-14468,4000,4288,-963,69,-125,-14596,-3740,5964,-449,188,-129,0
2415.741727113724,9996,5572,10908,-141,-33,42,9692,-9080,9008,-50,176,-183,-14368,3992,4196,-966,83,-87,-14512,-3828,5936,-475,159,-151,0
2415.7752161026006,10148,5716,11224,-141,-62,40,9528,-9036,9204,-45,169,-209,-14372,4104,4104,-970,77,-73,-14452,-3788,5964,-469,181,-106,0
2415.8083980083466,10040,5752,10756,-180,-93,56,9640,-8984,9244,-30,140,-215,-14412,3968,4172,-976,126,-126,-14444,-3712,5992,-425,225,-105,0
2415.8419349193573,10052,5788,10776,-139,-121,56,9492,-9004,8960,-98,129,-257,-14448,4064,4176,-972,130,-135,-14508,-3800,5932,-447,206,-93,0
2415.875477075577,10152,5664,10532,-160,-121,72,9580,-9152,8924,-82,164,-234,-14492,4048,4276,-956,123,-120,-14460,-3700,6096,-470,183,-125,0
2415.9089040756226,10080,5604,10876,-208,-85,81,9428,-9024,9100,-54,115,-219,-14476,4084,4144,-1009,130,-98,-14424,-3728,5936,-472,195,-101,0
2415.942444086075,10108,5752,11248,-156,-47,78,9708,-9032,9096,-69,130,-201,-14556,3912,4096,-952,114,-105,-14556,-3668,6008,-459,162,-105,0
2415.9759979248047,10076,5732,10804,-218,-84,47,9532,-9100,9096,-85,172,-216,-14524,4060,4152,-943,84,-118,-14548,-3780,5984,-445,193,-148,0
2416.0096459388733,10032,5736,10732,-213,-48,58,9248,-9160,9040,-45,175,-214,-14460,4000,3992,-941,81,-112,-14504,-3700,5956,-479,175,-122,0
2416.0431220531464,9972,5692,10884,-157,-63,92,9552,-9052,9004,-9,118,-200,-14484,4024,4252,-985,94,-110,-14512,-3652,6024,-468,215,-120,0
2416.076669931412,10040,5704,11000,-207,-46,126,9596,-9088,9116,-20,126,-180,-14448,4060,4220,-940,93,-86,-14608,-3788,5896,-449,135,-71,0
2416.1102230548854,10108,5780,10928,-248,-83,142,9584,-9108,9112,-36,128,-173,-14428,3996,4188,-966,134,-78,-14632,-3712,6028,-463,175,-64,0
2416.1434080600734,10064,5644,11120,-1,-128,182,9476,-9104,9060,-72,110,-190,-14584,4312,4320,-971,129,-124,-14472,-3684,5888,-504,161,-76,0
2416.1771700382233,10056,5704,10932,-273,-162,176,9448,-9184,9016,-256,126,-177,-14512,4004,4180,-967,104,-94,-14496,-3692,5948,-521,151,-71,0
2416.2105231285095,10080,5712,10936,-4,-115,153,9612,-9100,9052,-32,170,-168,-14444,3996,4196,-997,91,-81,-14468,-3608,6084,-500,156,-86,0
2416.243952035904,10120,5612,10896,-321,-107,157,9520,-9072,9140,-253,185,-176,-14440,4032,4312,-1274,77,-115,-14452,-3784,6044,-493,170,-86,0
2416.277590036392,9976,5624,10996,-348,-97,160,9540,-9104,9108,31,176,-191,-14392,3860,4176,-1008,113,-140,-14508,-3720,6000,-481,199,-69,0
2416.3110220432286,10052,5624,10908,-348,-186,184,9528,-9112,9156,41,153,-218,-14392,3904,4536,-1006,127,-144,-14572,-3596,5920,-493,508,-57,0
2416.344573020935,10032,5636,11228,-365,-210,201,9460,-9124,9112,31,112,-253,-14452,3944,4212,-1055,147,-144,-14548,-3932,5888,-481,252,-61,0
2416.3781270980835,10072,5720,10540,-292,-259,177,9568,-8788,8988,-27,106,-276,-14540,3984,4268,-988,133,-154,-14408,-3748,5652,-476,232,-66,0
2416.4114620685577,10136,5640,10988,-334,-263,166,9712,-9004,9080,20,195,-240,-14456,3996,4208,-1035,75,-144,-14492,-3748,5960,-529,230,-101,0
2416.4450049400334,10088,5604,10800,-311,-511,167,9636,-9036,9100,74,127,-246,-14432,4048,4220,-1061,129,-196,-14468,-3696,5912,-475,241,-84,0
2416.4786009788513,9912,5624,10544,-211,-216,161,9576,-9044,9060,13,118,-268,-14488,3968,4188,-1027,123,-164,-14600,-3676,5892,-508,206,-97,0
2416.5120811462402,10480,5536,10612,-288,-285,163,9584,-9056,9104,-1,137,-6,-14428,3968,4140,-1059,115,-135,-14600,-3620,5864,-511,206,-83,0
2416.545704126358,10272,5472,10652,-279,-266,211,9604,-9072,8836,27,98,-200,-14488,4000,4024,-1116,229,-114,-14576,-3636,5808,-521,198,-23,0
2416.5791630744934,10320,5788,10804,-230,-244,279,9628,-8964,9108,-27,28,-201,-14476,3896,4140,-1075,265,-136,-14400,-3828,5812,-511,216,21,0
2416.6126201152806,10100,5600,10548,-239,-258,267,9652,-8964,9168,-23,-64,-275,-14488,3856,4204,-1106,263,-153,-14516,-3760,6064,-495,237,-34,0
2416.6458621025085,10232,5560,10904,-202,-273,254,9556,-8992,9132,-29,20,-268,-14552,4016,4332,-1037,257,-149,-14520,-3664,5876,-467,244,-19,0
2416.6823999881744,10256,5652,10820,-200,-236,247,9696,-9028,9008,-49,74,-224,-14544,3896,4160,-1062,213,-200,-14544,-3716,5832,-490,503,249,0
2416.7181639671326,10092,5568,10976,-203,-333,0,9572,-9020,9212,-45,76,-250,-14432,3976,4156,-1010,279,-170,-14508,-3712,5860,-473,287,38,0
2416.7539060115814,10248,5632,10664,-185,-205,251,9596,-9036,9004,-94,-9,-271,-14368,3956,4172,-770,234,-162,-14512,-3688,5864,-490,281,39,0
2416.7896270751953,10416,5636,10816,-199,-283,253,9724,-8912,9088,-127,-22,-246,-14576,3672,3956,-1277,304,-135,-14536,-3808,5748,-457,197,78,0
2416.8249120712285,10204,5696,10760,-221,-233,268,9604,-8976,8992,-169,-8,-215,-14516,3868,4228,-999,299,-72,-14548,-3732,5864,-427,177,77,0
2416.860862970352,10408,5556,10712,-248,-164,273,9568,-9064,9112,-105,18,-203,-14580,3912,4216,-1007,299,-98,-14532,-3588,5896,-474,174,77,0
2416.896187067032,10300,5492,10952,-207,-172,280,9692,-9056,9136,-63,-54,-194,-14532,3952,4168,-1017,309,-69,-14532,-3728,5844,-522,154,48,0
2416.9320349693294,10408,5568,10976,-190,-136,331,9568,-9008,8928,-70,-124,-180,-14500,3868,3924,-998,327,-51,-14620,-3632,5992,-539,135,114,0
2416.968045949936,10336,5488,10844,-195,-161,372,9600,-8796,8816,-89,-135,-144,-14456,3896,4008,-968,395,-23,-14524,-3720,5792,-469,160,203,0
2417.003207921982,10168,5404,10964,-275,-161,376,9660,-9016,9064,-103,-109,-143,-14508,3936,3956,-981,371,-44,-14532,-3688,5840,-443,155,180,0
2417.0389149188995,10364,5592,10692,-278,-164,363,9788,-9116,9136,-113,-60,-133,-14824,3996,4288,-967,360,-15,-14620,-3776,5840,-416,146,154,0
2417.074063062668,10280,5524,10524,-308,-89,356,9564,-8908,9072,-132,-122,-173,-14420,3904,4140,-961,360,-18,-14480,-3476,5724,-399,112,127,0
2417.1096041202545,10280,5448,10880,-385,-167,361,9700,-9004,8948,-118,-68,-145,-14668,3984,4160,-944,323,-62,-14548,-3496,5860,-467,116,81,0
2417.145007133484,10464,5336,10572,-178,-312,279,9772,-9012,8976,-77,-48,-240,-14540,3980,3592,-933,296,-168,-14576,-3408,5720,-325,244,-32,0
2417.1807250976562,10284,5112,10756,-125,-292,216,9872,-9136,8780,22,-25,-282,-14544,4008,3916,-962,231,-252,-14568,-3444,5832,-376,511,-73,0
2417.2155010700226,10412,5232,10856,-156,-287,149,9896,-9072,8876,28,107,-246,-14604,4108,3780,-970,104,-186,-14680,-3460,5944,-355,218,-172,0
2417.251377105713,10568,5296,10780,-210,-224,115,9832,-9084,8944,36,167,-200,-14604,3976,3964,-946,105,-167,-14720,-3476,5688,-415,196,-143,0
2417.287707090378,10468,5388,10784,-512,-210,149,9836,-9088,8996,-10,141,-190,-14564,3944,3844,-914,72,-83,-14788,-3572,6028,-426,98,-113,0
2417.3244891166687,10592,5396,10876,-290,-201,153,9680,-9100,8888,-6,124,-136,-14652,4012,4076,-992,92,-23,-14604,-3380,5804,-489,87,-54,0
2417.358123064041,10304,5468,10756,-336,-242,252,9676,-8996,8848,-14,85,-126,-14736,3772,4004,-1016,170,-45,-15080,-3188,5768,-460,128,32,0
2417.3913509845734,10592,5444,10676,-368,-235,276,9604,-8956,8860,-99,34,-218,-14544,3836,3800,-980,289,-112,-14480,-3404,5816,-467,169,43,0
2417.4250400066376,10488,5212,10468,-347,-341,311,9660,-8892,8904,-146,-42,-210,-14428,3812,3764,-981,269,36,-14568,-3408,5788,-396,84,28,0
2417.458635091781,10548,5300,10436,-295,-49,261,9644,-8604,8712,-208,-45,-55,-14468,3784,3636,-906,246,176,-14632,-3528,5712,-315,-76,55,0
2417.4918460845947,12256,4776,8748,-1543,158,38,9988,-8728,8848,-508,-12,90,-14644,3724,3924,-956,209,219,-14736,-3448,5572,-354,-104,34,0
2417.525552034378,10688,5364,10740,-372,377,187,9916,-8980,8924,-158,178,136,-14800,3900,3976,-965,68,219,-14748,-3396,5848,-407,-187,-50,0
2417.558928966522,10648,5316,10744,-212,461,158,9944,-9072,8920,-235,95,197,-14696,4048,3816,-1006,38,303,-14708,-3380,5760,-428,-232,-41,0
2417.592498064041,10240,5148,10816,-217,433,217,9796,-9184,9044,-225,53,133,-14624,3976,3948,-976,113,287,-14600,-3408,5676,-455,-153,-242,0
2417.6257979869843,10472,5240,10944,-221,345,246,9700,-9292,8780,-509,30,119,-14712,4300,3928,-978,89,4,-14644,-3408,6096,-530,-173,-18,0
2417.6590390205383,10360,5060,11060,-145,292,166,9780,-9344,8940,-297,21,82,-14588,4124,3752,-962,23,193,-14464,-3348,6156,-517,-65,-59,0
2417.6924970149994,10136,5056,11108,-2,150,90,9716,-9312,8624,-281,172,-80,-14524,4216,3668,-962,-32,134,-14468,-3232,6068,-408,57,-127,0
2417.725886106491,10292,4992,10992,-285,18,39,9640,-9348,8696,-308,269,-113,-14488,4300,4092,-890,-36,133,-14620,-3248,6064,-413,34,-105,0
2417.7594521045685,10336,5068,11168,-404,54,34,9624,-9384,8676,-372,302,-48,-14572,4340,3792,-840,-40,167,-14640,-3192,6304,-401,11,-52,0
2417.7930879592896,10552,5092,10968,-488,80,121,9808,-9260,8744,-442,309,27,-14628,4300,3880,-815,-55,15,-14860,-3264,6136,-413,-128,-32,0
2417.826798915863,10452,5132,11124,-265,169,135,9824,-9332,8948,-427,263,165,-14680,4376,4056,-911,-80,329,-14796,-3244,6012,-441,-244,-30,0
2417.8602471351624,10252,4900,10928,-503,319,186,9768,-9348,8972,-254,325,283,-14848,4216,3936,-1031,-79,425,-14592,-3384,5676,-566,-8,-40,0
2417.893289089203,10348,5360,10880,-357,443,205,9708,-9336,8936,-186,193,322,-14360,4076,4188,-1129,-36,402,-14520,-3712,5968,-585,-302,-89,0
2417.926533937454,10232,5516,10984,-239,435,159,9752,-9140,8968,-200,182,242,-14520,3948,4172,-1056,-56,341,-14436,-3772,6036,-264,-251,-163,0
2417.9600801467896,10024,5480,10968,-249,347,83,9496,-9068,9012,-273,270,94,-14088,3940,4260,-905,-66,192,-14100,-3764,5948,-426,-136,-145,0
2417.9936780929565,10004,5516,11104,-256,202,29,9724,-9168,8916,-358,196,-36,-14264,4016,4020,-907,48,156,-14340,-3608,5936,-342,36,-70,0
2418.0273010730743,10100,5384,10884,-415,33,34,9484,-9168,8892,-451,260,-109,-14360,4192,4184,-829,63,210,-14636,-3548,6220,-230,-65,-256,0
2418.060804128647,10088,5228,10788,-454,95,34,9556,-9360,8848,-544,1,-94,-14464,4396,4156,-727,10,26,-14652,-3464,6348,-167,-163,22,0
2418.0943319797516,10432,5168,11156,-490,194,38,9436,-9452,8668,-549,217,-70,-14364,4416,3640,-630,129,497,-14616,-3268,6272,-88,-134,53,0
2418.1278390884404,10192,5000,11060,-669,259,32,9612,-9528,8488,-660,270,-43,-14504,4552,3884,-548,71,347,-14604,-3240,6328,-29,-233,27,0
2418.1611881256104,10140,5000,11172,-625,315,-6,9652,-9696,8536,-700,230,51,-14428,4716,3988,-597,-31,466,-14556,-3108,6368,-155,-389,-61,0
2418.1947169303894,10404,4832,11260,-527,415,21,9468,-9772,8592,-618,322,179,-14408,4832,3876,-586,-120,270,-14640,-3072,6360,-251,-433,-113,0
2418.2281930446625,9924,4708,11492,-401,517,35,9640,-9888,8468,-434,319,217,-14440,4796,3808,-698,-130,417,-14544,-2844,6428,-380,-332,-153,0
2418.2617421150208,9932,4776,11036,-313,452,13,9400,-9792,8564,-302,316,147,-14100,4700,3848,-874,-106,298,-14276,-3192,6248,-456,-185,-203,0
2418.2952201366425,9948,4620,11220,-217,318,3,9404,-9740,8608,-271,307,63,-14244,4720,3976,-902,-121,237,-14328,-3228,6176,-525,-131,-158,0
2418.3286950588226,9812,4964,11120,-164,208,60,9336,-9760,8592,-277,276,35,-14188,4564,4032,-891,-59,250,-14412,-3284,6400,-504,-112,-96,0
2418.364995956421,9764,5012,11168,-218,143,112,9296,-9696,8456,-253,11,38,-14236,4780,4124,-914,-29,208,-14308,-3292,6472,-461,-158,-125,0
2418.400820016861,9776,5016,11248,-222,162,147,9468,-9568,8628,-277,242,82,-14208,4816,4008,-884,24,191,-14376,-3280,6636,-495,-177,-120,0
2418.4370980262756,9824,5072,11212,-113,133,227,9228,-9756,8708,-191,92,38,-14256,4736,4108,-905,88,169,-14400,-3344,6496,-522,-101,-50,0
2418.472283124924,9828,4888,11340,-118,146,210,9352,-9736,8472,-196,91,-5,-14100,4804,4144,-909,93,102,-14348,-3348,6432,-533,34,-46,0
2418.5080749988556,9924,5040,11312,-168,24,213,9436,-9900,8668,-291,75,-67,-14488,4800,4068,-950,101,95,-14524,-3380,6540,-549,41,-22,0
2418.542990922928,10148,5068,11360,-161,-16,243,9388,-9892,8580,-328,-17,-50,-14404,4804,4092,-1024,121,154,-14512,-3164,6288,-592,-249,-24,0
2418.5785870552063,10152,4872,11424,-119,21,263,9440,-9752,8448,-253,55,-37,-14364,4736,3940,-1040,145,114,-14252,-3240,6392,-527,3,-40,0
2418.6142871379852,9868,4916,11440,-131,255,227,9360,-9684,8392,-224,177,0,-14236,4756,3884,-1063,24,119,-14416,-3300,6464,-490,-19,-56,0
2418.649647951126,9984,5072,11424,-170,89,217,9360,-9744,8452,-251,171,87,-14296,5004,3972,-1033,111,246,-14392,-3236,6708,-547,-161,-34,0
2418.685137987137,9892,4896,11092,-241,228,4,9236,-10032,8652,-175,45,189,-14148,5116,3952,-1070,169,177,-14592,-3208,6752,-555,-155,-63,0
2418.7206969261174,9932,4840,11580,-149,185,233,9280,-10180,8536,-232,21,109,-14292,4916,4032,-999,81,179,-14408,-3204,6800,-570,-122,-62,0
2418.755664110184,9980,4932,11504,-148,184,261,9312,-10232,8604,-229,102,115,-14304,4880,3864,-1044,125,208,-14460,-3120,6564,-601,-150,-14,0
2418.7916870117188,9992,4912,11380,-204,213,287,9352,-9840,8360,-222,135,186,-14296,4900,4020,-1050,58,327,-14092,-3220,6772,-580,-227,-82,0
2418.8275649547577,9964,4616,11036,-157,261,247,9264,-10192,8264,-163,155,191,-14184,4840,3756,-1096,31,232,-14256,-3276,6580,-548,-193,-131,0
2418.862370967865,9832,4972,11340,-180,506,207,9220,-9868,8464,-197,169,152,-14284,4848,3956,-1050,19,254,-14324,-3464,6568,-443,-235,-115,0
2418.898155927658,9908,5128,11480,-229,217,141,9156,-10036,8572,-285,75,80,-13912,4952,4180,-914,41,231,-14276,-3364,6756,-426,-116,-27,0
2418.9334189891815,9764,5248,11424,-269,191,228,9052,-9944,8532,-373,-34,66,-14144,4996,4144,-916,170,224,-14424,-3352,6624,-499,-166,17,0
2418.9694859981537,9852,5024,11516,-225,122,293,9400,-9964,8432,-341,-83,153,-14556,5064,4040,-958,88,285,-14456,-3176,6684,-563,-266,-23,0
2419.0114591121674,9864,4612,11008,-149,315,241,9260,-10040,8236,-169,64,156,-14304,4972,4012,-988,-53,286,-14328,-3228,6768,-578,-301,-153,0
2419.0448141098022,9708,4656,11500,-164,305,158,9416,-10092,8292,-103,306,227,-14276,5008,3888,-940,-96,344,-14340,-3244,6972,-476,-266,-163,0
2419.078428030014,9812,4872,11612,-302,324,92,9240,-10232,8280,-165,328,220,-14132,5288,3916,-924,-131,366,-14588,-3092,6836,-476,-339,-134,0
2419.1119079589844,9740,4864,11328,-352,418,166,8960,-10304,8524,-71,198,278,-14236,5228,4068,-969,-112,444,-14468,-3116,6860,-551,-433,-132,0
2419.1451070308685,9756,4832,11488,-257,577,170,9276,-10224,8288,-39,210,418,-14124,5280,3860,-991,-138,523,-14044,-3300,6892,-529,-469,-146,0
2419.1784291267395,9484,4980,11604,-243,596,157,9120,-10092,8312,-167,167,378,-13972,5184,3876,-920,-83,497,-14200,-3264,6672,-494,-443,-143,0
2419.2119479179382,9532,4900,11568,-296,489,134,9056,-10348,8660,-136,95,193,-14124,5340,4188,-926,-95,397,-13884,-3556,7004,-497,-388,-205,0
2419.245353937149,9436,4748,11296,-273,409,54,9148,-10068,8280,-131,320,226,-14032,5180,4200,-916,-261,357,-13920,-3356,6728,-428,-432,-310,0
2419.2787930965424,9308,4800,11444,-234,395,-39,8788,-10344,8148,-58,420,115,-13608,5132,3976,-881,-180,100,-13556,-3336,7148,-425,-125,-354,0
2419.312408924103,8960,4780,11664,-194,94,-148,8796,-10284,8328,53,390,-271,-13792,5164,4320,-918,-127,-244,-13648,-3096,7164,-377,390,-342,0
2419.345747947693,9012,4840,11736,-205,-263,-194,8784,-10256,8412,120,331,-571,-13796,5268,4156,-957,-26,-437,-13940,-3188,7044,-329,598,-263,0
2419.379168987274,9280,4892,11560,-166,-450,-96,8856,-10376,8548,167,291,-612,-13916,5572,4336,-1058,110,-751,-14208,-3192,7064,-489,659,-131,0
2419.412388086319,9228,4888,11624,-161,-508,54,8836,-10252,8432,286,202,-567,-13952,5500,4308,-1084,244,-474,-14180,-3164,6972,-564,593,-68,0
2419.4457869529724,9560,4768,11612,-15,-436,155,8940,-10260,8564,359,75,-517,-14052,5228,4200,-1144,320,-528,-14044,-3428,7012,-591,578,-89,0
2419.4792289733887,9548,4828,11632,245,-439,128,9144,-10108,8492,406,161,-503,-14188,5280,4148,-1172,227,-575,-14308,-3308,6976,-574,610,-145,0
2419.5126991271973,9584,4988,11760,-83,-406,92,9160,-10016,8444,360,334,-405,-14196,5360,4348,-1119,175,-441,-14532,-3388,7052,-258,397,-128,0
2419.5458910465245,9684,5092,11576,-181,-168,49,9152,-10020,8736,351,355,-325,-14180,5160,4220,-1029,220,-349,-14256,-3392,6880,-428,306,-114,0
2419.579429149628,9532,5056,11600,-226,-163,38,9080,-9936,8480,349,172,-449,-14004,4892,4112,-1001,256,-463,-14168,-3564,6680,-353,256,-109,0
2419.6128709316254,9568,5128,11704,-209,-378,22,9124,-9944,8520,239,389,-571,-14136,4924,4120,-999,305,-581,-14220,-3348,6736,-329,648,-71,0
2419.6461169719696,9724,5004,11304,-1,-526,39,9164,-9996,8584,113,356,-604,-14144,5056,4184,-1014,299,-509,-14392,-3096,6744,-417,522,-22,0
2419.6797630786896,9928,4816,11488,-291,-490,61,9444,-10092,8600,155,-140,-631,-14380,5056,4112,-1087,150,-472,-14220,-3204,6756,-375,520,-131,0
2419.713529109955,9712,4604,11544,-222,-463,-58,9232,-10172,8552,336,186,-586,-14416,5156,3972,-1146,73,-564,-14208,-3128,6772,-447,574,-276,0
2419.7468800544734,9788,4428,11396,-74,-330,-139,9076,-10272,8604,630,204,-605,-14256,5156,3972,-1329,21,-611,-14160,-3224,6812,-482,690,-336,0
2419.7801461219788,9420,4968,11328,2,-331,-211,9148,-10004,8720,771,238,-661,-14088,4964,4348,-1227,77,-783,-13876,-3480,7156,-295,820,-316,0
2419.8136761188507,9436,5020,11580,-28,-341,-332,8900,-9848,8808,649,555,-792,-14096,4944,4264,-1115,139,-853,-14140,-3408,6884,-285,865,-288,0
2419.8470799922943,9376,5012,11660,-124,-377,-378,8900,-9948,8884,644,201,-949,-14168,4852,4284,-1112,170,-980,-14080,-3392,6720,-198,1061,-312,0
2419.8807530403137,9508,5280,11556,81,-733,-311,9008,-9836,8896,564,237,-932,-14284,4644,3932,-1161,144,-931,-14536,-3208,6572,-463,941,-287,0
2419.9141471385956,10180,4656,11364,19,-575,-305,9048,-9760,8584,824,304,-867,-14288,4712,4320,-1412,148,-873,-14404,-3304,6564,-587,984,-323,0
2419.9475190639496,9868,4888,11176,287,-410,-169,9208,-9408,8728,826,69,-630,-14240,4564,3896,-1380,11,-831,-14660,-3404,6304,-563,635,-233,0
2419.9810879230495,10044,5652,10872,551,141,120,9340,-8884,9000,537,-216,-322,-14212,4116,3784,-1336,559,-344,-14716,-3544,5852,-636,409,129,0
2420.0143110752106,10156,5612,11212,94,-98,389,9476,-9136,8736,145,-227,-224,-14508,3832,4152,-1194,539,-248,-14504,-3732,6032,-371,419,51,0
2420.051675081253,9832,5260,11192,-173,-24,105,9956,-9308,8804,129,124,-299,-14764,4256,4288,-1122,270,-505,-14684,-3336,6384,-434,300,-116,0
2420.0876929759975,10072,5096,11368,-130,-143,-30,9708,-9692,8912,53,137,-419,-14624,4604,3996,-1057,49,-294,-14456,-3184,6620,-399,413,-224,0
2420.12278008461,9772,4820,11428,-107,-195,-140,9404,-9620,8656,52,301,-427,-14392,4816,3668,-995,28,-345,-14360,-3012,6640,-341,458,-248,0
2420.1581461429596,9716,4892,11184,-70,-185,-81,9280,-9644,8584,150,344,-342,-14096,4836,3912,-1058,97,-331,-14824,-3100,6636,-405,353,-184,0
2420.193652153015,9832,5000,11456,-91,55,2,9248,-9920,8796,206,354,-141,-14348,4768,4112,-1082,139,-144,-14480,-3172,6520,-483,160,-172,0
2420.2292981147766,9784,5132,11584,-4,196,48,9172,-9760,8992,199,157,-116,-14416,4676,4104,-1073,80,-133,-14548,-3264,6408,-559,247,-210,0
2420.264169931412,9544,5240,11512,115,176,143,9244,-9640,8956,196,96,-83,-14460,4764,4008,-1132,18,-195,-14252,-3492,6128,-2341,845,-448,0
2420.2999670505524,9508,5324,11432,147,357,221,9376,-9304,9104,212,169,-235,-14420,4116,4172,-1153,-164,-351,-14344,-3788,6364,-1119,360,-383,0
2420.3349549770355,10224,5512,11140,187,-229,-5,9536,-9048,9004,98,241,-258,-14552,4152,4004,-1160,-35,-92,-15032,-3728,6324,165,-240,-188,0
2420.370645046234,9920,5444,11020,-62,192,-256,9660,-9440,8812,-36,328,-87,-14492,4524,4152,-805,-7,88,-14416,-3524,6232,274,-269,-186,0
2420.4055819511414,9792,5304,11172,-389,146,-78,9408,-9508,8880,-191,436,-27,-14456,4592,4100,-797,-109,155,-14580,-3092,6084,-102,-317,-504,0
2420.441600084305,9816,5108,11128,-234,285,29,9404,-9516,9040,15,488,138,-14280,4460,4068,-1010,-49,138,-14292,-3416,6372,-550,-126,-186,0
2420.477790117264,9288,5196,11380,-169,121,75,9164,-9256,8944,109,218,-44,-14088,4452,4124,-1021,9,17,-14176,-3748,6540,-409,24,-186,0
2420.513057947159,9464,5236,11448,-75,156,7,9024,-9548,8944,84,-12,-251,-14236,4564,4248,-1066,94,-136,-14244,-3572,6632,-529,218,-209,0
2420.54855298996,9376,5308,11392,-32,7,3,9080,-9704,8960,154,-39,-317,-14372,4484,4340,-1096,39,-278,-14228,-3528,6448,-673,385,-236,0
2420.584417104721,9692,5252,11552,-7,-281,14,9464,-9636,9148,156,122,-433,-14328,4320,4264,-1114,33,-388,-14372,-3572,6148,-625,555,-227,0
2420.62028503418,9748,5500,11180,62,-313,42,9184,-9192,9032,128,126,-398,-14304,4296,3924,-1037,209,-313,-14580,-3668,6216,-293,342,-53,0
2420.655133962631,9752,5592,11396,-150,-126,57,9268,-9160,9080,-107,164,-292,-14544,4132,4192,-861,226,-89,-14844,-3548,6360,-271,159,32,0
2420.6911921501164,9668,5536,11060,-281,-67,83,9280,-9360,9128,-115,291,-124,-14344,4476,4312,-918,106,1,-14540,-3420,6208,-385,58,-51,0
2420.7246849536896,9772,5356,11276,-239,46,137,9288,-9320,9068,-135,124,-38,-14400,4444,4184,-925,167,80,-14568,-3568,6180,-404,-28,-19,0
2420.7579500675206,9816,5328,11168,-235,104,172,9420,-9384,8916,-197,57,-65,-14384,4284,4152,-924,153,90,-14540,-3368,6324,-402,1,-40,0
2420.7914221286774,9704,5204,11200,-431,61,151,9352,-9444,9064,-151,138,-110,-14460,4256,3860,-937,116,36,-14348,-3524,6228,-389,94,-55,0
2420.8249530792236,9752,5172,11040,-284,18,94,9316,-9448,8960,-55,138,-103,-14456,4464,4148,-1050,67,78,-14468,-3404,6396,-424,121,-119,0
2420.8582620620728,9780,5208,11220,-211,50,55,9388,-9396,9024,-187,136,-31,-14488,4472,4184,-971,-30,45,-14824,-3392,6504,-363,55,-128,0
2420.8916940689087,9692,5316,11488,-300,141,-17,9340,-9584,9080,-157,299,-140,-14440,4592,3880,-826,-35,53,-14412,-3260,6508,-322,23,-191,0
2420.9252219200134,9632,5144,11324,-282,162,23,9092,-9460,9124,-122,230,-57,-14260,4624,4152,-884,33,87,-14328,-3532,6476,-329,-78,-50,0
2420.95866894722,9436,5464,11496,-326,219,127,8948,-9632,9148,-227,103,7,-14160,4376,4224,-806,207,177,-14520,-3840,6416,-248,-66,73,0
2420.9920639991765,9248,5484,11456,-392,132,289,9016,-9384,9008,-405,20,5,-14168,4464,4152,-786,371,186,-14324,-3528,6376,-216,-28,173,0
2421.025633096695,9556,5364,11480,-425,-5,362,9144,-9264,9180,-570,-86,25,-14592,4500,4092,-742,347,225,-14504,-3420,6596,-210,-53,260,0
2421.059224128723,9640,5336,11224,-546,-39,462,9212,-9432,8936,-493,-69,142,-14448,4520,4132,-796,459,180,-14388,-3348,6284,-231,-8,298,0
2421.0927259922028,9560,5348,11084,-523,-100,616,8992,-9260,8940,-549,-263,137,-14280,4292,4340,-789,509,231,-14412,-3524,6136,-8,-252,382,0
2421.1261460781097,9672,5584,11212,-484,-504,732,9124,-9116,8988,-798,-209,245,-14136,4608,4196,-717,565,553,-14596,-3400,6304,-339,-170,623,0
2421.1595499515533,9764,5360,11236,-632,54,879,9064,-9604,9068,-787,-323,447,-14456,4652,4112,-744,753,669,-14424,-3076,6276,-286,-320,694,0
2421.1932251453404,9560,5152,11428,-553,169,957,9372,-9580,8876,-637,-371,750,-14776,4596,3928,-755,785,470,-14212,-3492,6292,-303,-155,571,0
2421.2270081043243,9616,4888,11020,-439,-18,912,9300,-9696,8768,-582,-291,394,-14256,4852,3848,-811,577,410,-14264,-3200,6376,-357,-47,482,0
2421.2604529857635,9476,4812,11624,-472,-46,846,8992,-9904,8624,-555,-218,347,-14316,5072,3660,-927,667,435,-14136,-2932,6648,-420,15,643,0
2421.2938101291656,9508,4692,11620,-523,-136,903,8912,-10168,8580,-481,-605,171,-14344,5220,3592,-1056,825,393,-14380,-2692,6856,-512,115,707,0
2421.327404022217,9500,4416,11860,-382,-223,975,9056,-10308,8496,-495,-656,134,-14284,5380,3692,-1091,918,296,-14408,-2680,6648,-676,283,779,0
2421.3611321449284,9508,4524,11604,-342,-325,1128,9208,-10248,8340,-654,-783,98,-14268,5116,3244,-1047,1116,321,-14560,-2620,6652,-549,286,953,0
2421.3944630622864,9804,4628,11564,-257,-359,1290,9348,-9824,8064,-803,-615,251,-14268,5008,3320,-993,1251,400,-14564,-2688,6472,-362,150,1070,0
2421.428050994873,9964,4560,11628,-726,-284,1373,9388,-10060,8268,-890,-736,458,-14388,5268,3432,-1010,1160,581,-14344,-2516,6788,-282,-17,1055,0
2421.461689949036,9920,4360,11672,-815,-128,1512,9300,-10332,8284,-910,-632,704,-14380,5560,3580,-995,1183,656,-14588,-2120,6792,-464,-96,1273,0
2421.4949691295624,9932,4312,11632,-602,77,1631,9020,-10468,8232,-1007,-867,846,-14264,5392,3244,-1096,1206,710,-14584,-2448,6760,-682,-510,1073,0
2421.5286540985107,9872,4336,11628,-505,230,1750,9404,-10396,8156,-951,-990,869,-14488,5140,3336,-1177,1275,670,-14652,-2196,6560,-784,-299,1061,0
2421.5620720386505,10040,4336,11484,-464,374,1648,9712,-10136,8116,-840,-717,926,-14756,4960,3368,-1198,990,665,-15076,-2584,6300,-921,-381,889,0
2421.5955290794373,10320,4352,11388,-495,358,1470,9936,-10168,8084,-695,-1023,824,-15028,4900,3260,-1167,755,787,-14768,-2596,6480,-933,-526,808,0
2421.6290159225464,10132,4388,11296,-638,281,1336,9608,-10496,8444,-576,-43,966,-14704,4888,3220,-1242,690,825,-14736,-2592,6572,-851,-492,841,0
2421.662353992462,10300,4376,11524,-513,306,1354,9408,-10316,8180,-805,-264,866,-14584,4916,3132,-1085,936,784,-14808,-2596,6480,-661,-525,967,0
2421.695765018463,9916,4292,11412,-907,132,1491,9104,-10412,7948,-957,-626,678,-14436,4992,3032,-978,1128,703,-14276,-2460,6428,-421,-322,1026,0
2421.732398033142,9672,4236,11536,-1072,-137,1628,9124,-10376,7940,-1075,-728,584,-14152,5160,3100,-913,1149,660,-14124,-2480,6676,-212,-77,1139,0
2421.768769979477,9784,4140,11700,-1142,-406,1754,8720,-10736,8048,-1173,-1089,374,-14016,5560,3112,-851,1370,538,-14144,-2276,6916,-116,43,1272,0
2421.8039140701294,9600,3732,11864,-1524,-527,1779,8836,-10892,7892,-1188,-1315,265,-14184,5732,3156,-1012,1526,448,-14276,-2032,6984,-222,154,1284,0
2421.8396859169,9916,3520,11684,-942,-508,1742,9316,-11064,7504,-1110,-1568,183,-14560,5648,2812,-1018,1164,483,-14612,-1868,6960,-277,64,1226,0
2421.875107049942,10328,3356,11752,-1072,-292,1667,9628,-11040,7292,-1039,-576,539,-14628,5608,2632,-880,1278,542,-14708,-1752,6896,-218,-40,1087,0
2421.910464048385,10344,3240,11648,-1215,-369,1707,9560,-11188,7364,-1308,-673,592,-14540,5524,2724,-744,1095,630,-14700,-1612,6764,-144,-94,1049,0
2421.945636034012,10536,3304,11688,-1090,-334,1566,9604,-11092,7240,-1339,-1726,227,-14524,5704,2784,-650,1100,682,-14548,-1240,6896,-165,-105,894,0
2421.9817271232605,10252,2720,11856,-1267,-281,1351,9536,-11628,6712,-1121,-969,275,-14408,6044,2428,-841,945,658,-14356,-1040,6928,-294,-33,824,0
2422.017152070999,10032,2316,11608,-809,-233,1256,9584,-11708,6632,-820,-894,262,-14484,5964,2548,-1119,895,449,-14348,-1084,6920,-370,69,726,0
2422.052361011505,10340,2800,11320,-638,20,1179,9632,-11476,6696,-739,-672,324,-14484,5908,2160,-1142,656,419,-14344,-1052,7136,-430,26,672,0
2422.0874099731445,10564,2784,11584,-602,53,1159,9620,-11496,6804,-858,-803,240,-14544,5492,2284,-953,861,323,-14480,-1404,6676,-506,9,716,0
2422.1230959892273,10296,2788,11436,-613,-115,986,9660,-11236,6776,-694,-391,96,-14136,5740,2368,-995,672,347,-14656,-1220,6744,-240,99,642,0
2422.158761024475,10748,2564,11280,-701,-158,811,9664,-11404,6652,-689,-359,75,-14572,6028,2212,-840,589,419,-14708,-1268,7004,-153,-120,550,0
2422.194337129593,10392,2436,11888,-821,-155,749,9568,-11560,6548,-681,-200,122,-14496,5900,2148,-798,515,464,-14524,-1016,7060,-184,-191,491,0
2422.229758024216,10472,2548,11956,-691,-44,692,9496,-12008,6256,-664,-387,65,-14496,6240,2048,-839,428,342,-14664,-808,7092,-273,-176,329,0
2422.26509308815,10436,2088,11776,-425,-15,696,9620,-11864,6412,-433,-679,72,-14520,6236,2172,-915,367,371,-14512,-928,7108,-382,-106,264,0
2422.3007979393005,10388,2300,11800,-418,111,640,9476,-11620,6588,-345,-439,26,-14452,6388,1620,-863,375,509,-14432,-976,7096,-416,-99,191,0
2422.3355309963226,10360,2324,11708,-323,31,484,9288,-11696,6224,-341,-218,-53,-14512,6172,2180,-898,267,87,-14448,-932,7068,-419,15,48,0
2422.372293949127,10308,2296,11700,-285,-72,302,9648,-11700,6172,-253,-21,-134,-14592,6140,2176,-887,143,67,-14516,-972,7196,-392,41,-253,0
2422.405492067337,10428,2228,11964,-334,-133,222,9540,-11584,6412,-182,58,-193,-14268,5900,1964,-895,233,49,-14332,-888,7036,-386,104,68,0
2422.4389951229095,10360,2240,12000,-406,-167,209,9436,-11700,6396,-207,104,-179,-14292,6328,1896,-948,215,28,-14460,-724,7148,-435,105,74,0
2422.4725279808044,10336,2228,11860,-381,-183,278,9580,-11912,6300,-93,104,-138,-14396,6496,1832,-1039,237,27,-14476,-728,7124,-538,86,73,0
2422.506075143814,10412,2296,11864,-263,-83,267,9672,-11824,6156,-61,157,-49,-14520,6220,1868,-1011,197,11,-14372,-740,7200,-537,26,10,0
2422.539525985718,10592,2140,11696,-187,-249,232,9828,-11676,6200,-48,140,-51,-14480,6280,1844,-974,113,25,-14452,-552,7020,-538,6,-65,0
2422.5730350017548,10724,2276,11556,-124,4,194,9684,-11664,6472,10,32,-114,-14460,6076,1888,-979,122,-249,-14468,-824,7116,-547,61,-99,0
2422.6087560653687,10512,2252,11680,-114,-256,163,9540,-11632,6408,-2,-89,-204,-14084,6084,2168,-962,142,-40,-14504,-820,6948,-508,32,-110,0
2422.6421971321106,10748,2140,11796,-112,-70,137,9736,-11556,6364,-26,61,-197,-14484,5896,1792,-926,93,-56,-14568,-956,7076,-483,153,-149,0
2422.675753116608,10468,2308,11640,-186,-82,29,9816,-11560,6316,-59,106,-214,-14492,6132,1844,-894,64,-49,-14524,-928,6976,-460,85,-209,0
2422.7093000411987,10560,2292,11588,-215,-110,-256,9708,-11384,6160,-87,175,-300,-14352,6124,1912,-887,-249,-55,-14628,-856,6712,-400,86,-202,0
2422.74288892746,10496,2236,11668,-288,-145,-74,9504,-11696,6132,-42,392,-249,-14320,6288,1936,-938,-75,-82,-14440,-676,7100,-452,173,-237,0
2422.776437997818,10320,2080,11624,-284,-108,-83,9544,-11772,6004,75,327,-230,-14232,6464,2012,-1031,-43,-126,-14148,-644,7240,-474,230,-186,0
2422.810063123703,10380,2112,11836,-273,-111,-24,9476,-11856,6124,165,436,-215,-14584,6424,1896,-1060,5,-145,-14444,-684,7352,-504,211,-168,0
2422.8437161445618,10320,2028,11964,-239,-135,-1,9480,-11872,6272,155,397,-271,-14508,6500,1852,-1032,73,-157,-14304,-772,7356,-524,197,-158,0
2422.8773999214172,10252,2072,12000,-180,-110,21,9444,-12004,6256,105,385,-221,-14084,6248,2220,-999,65,-503,-14308,-1044,7252,-486,265,-197,0
2422.910786151886,10488,2352,11728,-168,-122,-6,9568,-11532,6636,96,347,-304,-14452,6120,2232,-941,53,-495,-14432,-1204,7144,-413,233,-182,0
2422.9441590309143,10484,2364,11780,-159,-142,-100,9780,-11396,6488,25,171,-418,-14544,5844,2344,-912,-35,-278,-14516,-1144,6868,-369,212,-364,0
2422.9777879714966,10604,2404,11624,-71,-126,-262,9732,-11520,6572,69,244,-502,-14712,6076,2424,-941,-331,-321,-14804,-916,6800,-464,191,-600,0
2423.0113270282745,10536,2076,11636,79,-53,-446,9960,-11648,6400,282,380,-451,-14688,6244,2176,-1052,-501,-262,-14340,-852,6980,-643,184,-752,0
2423.0449070930486,10528,2184,11668,217,130,-658,9804,-11656,6404,490,631,-396,-14800,6084,2228,-1036,-625,-332,-14360,-936,7128,-626,196,-827,0
2423.078478097916,10476,2328,11648,245,145,-797,9932,-11620,6236,584,736,-503,-14800,6044,1868,-973,-667,-454,-14504,-960,7016,-593,221,-953,0
2423.1120080947876,10556,2384,11544,320,110,-895,9808,-11356,6456,621,803,-567,-14432,6048,1852,-980,-709,-472,-14620,-904,6976,-544,213,-920,0
2423.1455800533295,10560,2420,11672,351,164,-855,9472,-11428,6528,610,761,-463,-14348,6128,2148,-990,-616,-343,-14676,-892,7008,-570,114,-851,0
2423.1793060302734,10440,2688,11620,318,225,-712,9444,-11396,6464,575,679,-436,-14204,6252,2092,-989,-493,-7,-14156,-964,7124,-623,31,-766,0
2423.212911128998,10248,2396,11852,274,208,-668,9400,-11644,6512,697,620,-372,-14368,6272,2268,-1164,-494,-243,-14440,-960,7244,-668,19,-785,0
2423.246649980545,10148,2320,11892,346,291,-702,9600,-11644,6692,814,793,-393,-14392,6316,2340,-1140,-541,-394,-14324,-1180,7380,-757,120,-879,0
2423.280075073242,10052,2588,11896,371,203,-802,9392,-11776,6820,821,800,-478,-14316,6144,2512,-1155,-640,-532,-14464,-1340,7196,-777,186,-936,0
2423.3137600421906,10116,2864,11876,516,204,-813,9364,-11240,6900,712,574,-522,-14216,6032,2496,-1103,-638,-433,-14544,-1444,7116,-744,63,-885,0
2423.3471989631653,10092,2956,11732,474,319,-766,9432,-11312,7108,708,753,-294,-14232,5956,2636,-1089,-549,-282,-14516,-1516,6972,-746,15,-826,0
2423.3804500103,10120,3012,11716,462,371,-721,9380,-11060,7124,675,837,-317,-14420,5724,2624,-1050,-543,-286,-14512,-1524,7028,-744,-18,-898,0
2423.4181540012364,10236,3280,11852,368,340,-712,9344,-10988,7180,603,844,-238,-14256,5912,2840,-1122,-483,-197,-14396,-1588,7088,-630,47,-792,0
2423.4537580013275,9900,3180,11924,254,307,-686,9528,-11236,7308,513,775,-333,-14360,5876,2620,-1136,-380,-357,-14288,-1680,6840,-651,245,-746,0
2423.4892830848694,10064,3236,12012,372,92,-570,9672,-11244,7256,468,703,-371,-14388,5692,2696,-1149,-429,-375,-14456,-1652,6964,-676,244,-781,0
2423.524129152298,10176,3184,11664,323,56,-514,9436,-10996,7296,516,622,-374,-14332,5876,2780,-1193,-457,-372,-14432,-1576,7108,-707,200,-1023,0
2423.5595481395726,9968,3292,11832,352,83,-474,9264,-11100,7412,580,386,-391,-14212,5868,2880,-1191,-349,-414,-14388,-1868,7144,-756,308,-706,0
2423.5951840877533,9860,3640,11924,323,69,-467,9220,-10828,7320,590,546,-404,-14112,5664,2956,-1110,-209,-468,-14200,-1996,6984,-710,394,-553,0
2423.6307251453404,9804,3604,11740,281,-117,-413,9188,-10852,7340,582,651,-734,-13836,5832,3092,-1232,-125,-759,-14316,-2004,7244,-688,473,-435,0
2423.6661200523376,9864,3660,11900,196,-173,-321,9112,-10896,7900,580,516,-481,-14188,5956,2860,-1292,-56,-450,-14408,-1852,7272,-739,380,-307,0
2423.7017979621887,9876,3728,11776,225,-60,-156,8996,-11080,7776,527,398,-368,-14440,6128,3168,-1257,51,-371,-14564,-2036,7120,-748,264,-298,0
2423.7381451129913,9944,3808,11992,5,-51,-114,9384,-11000,7888,434,198,-313,-14380,5832,2940,-1219,252,-292,-14440,-1900,7092,-834,179,-361,0
2423.7737300395966,9768,3672,11804,356,22,-16,9284,-10536,7932,421,49,-218,-14372,5648,2888,-1226,-1,-21,-14392,-2180,6920,-806,36,-396,0
2423.809350013733,10032,3716,11624,460,102,-104,9524,-10692,7588,329,89,-216,-14584,5276,2936,-1062,-168,-152,-14624,-2120,6760,-677,-51,-545,0
2423.844577074051,10464,3584,11672,248,170,-351,9740,-10616,7332,217,406,-202,-14496,5536,2976,-1004,-494,-101,-14544,-2000,6840,-602,-172,-692,0
2423.8801441192627,10048,3380,11592,119,299,-449,9624,-10756,7572,176,581,-98,-14460,5404,2676,-916,-515,-248,-14344,-1940,7084,-538,-200,-664,0
2423.9155941009526,10040,3724,11732,56,370,-438,9468,-10680,7684,145,564,-121,-14340,5616,2968,-846,-422,-13,-14488,-2008,6892,-400,-210,-585,0
2423.950968980789,9920,3800,11560,-67,276,-286,9184,-10500,7528,56,541,241,-14144,5656,3076,-924,-275,104,-14256,-1900,7076,-403,-138,-404,0
2423.986238002777,9672,3788,11868,-12,242,-99,9020,-10940,7648,-106,138,-96,-14228,5804,2924,-924,-102,-4,-14292,-2148,7112,-531,-95,-317,0
2424.027564048767,9644,3916,12016,65,143,-29,9020,-10620,7652,-253,112,-97,-14284,5756,3192,-995,-80,-56,-14304,-2164,7148,-667,-104,-364,0
2424.0634429454803,9632,3760,11788,53,152,-27,9368,-10756,7432,126,285,47,-14388,5852,3232,-1070,-218,-38,-14228,-2288,7136,-786,-90,-467,0
2424.097240924835,9604,3888,11908,130,207,-90,9176,-10756,7832,182,432,59,-14356,5668,3508,-1124,-325,27,-14488,-2324,7128,-830,-123,-508,0
2424.1306869983673,9744,4084,11836,106,207,-61,9212,-10608,7684,254,765,104,-14152,5692,3260,-1152,-227,107,-14260,-2500,7164,-741,-142,-313,0
2424.164327144623,9480,4088,11916,9,236,65,8916,-10648,7844,137,255,-10,-13960,5632,3296,-1147,-8,77,-14100,-2356,7160,-626,-69,-134,0
2424.1979320049286,9324,4076,12004,-33,80,206,8876,-11004,7912,33,138,-24,-13924,5632,3192,-981,243,-19,-14016,-2360,7300,-577,65,-28,0
2424.2310070991516,9416,3980,12020,-45,-39,342,8792,-10944,7788,-2885,-4954,-103,-13744,5808,2780,-784,326,-346,-13920,-2144,7640,-573,175,68,0
2424.2644340991974,9360,3584,11968,-174,-272,459,8760,-10916,7016,-949,-2193,42,-14312,5944,3136,-1062,439,-144,-14312,-2064,7372,-768,278,155,0
2424.297986984253,9316,3756,11884,-175,-279,440,9372,-11064,7284,-574,-156,-232,-14104,5840,3180,-1103,468,-77,-14312,-2228,7328,-558,287,95,0
2424.3315551280975,9676,3604,11948,-241,-258,373,9480,-11024,7272,-886,1476,-791,-14288,5852,3172,-1095,478,-137,-14352,-2176,7420,-545,183,96,0
2424.36479306221,9832,3800,11768,-210,-211,322,9512,-11004,6776,-147,2300,-793,-14716,5544,3048,-1116,355,239,-14516,-2532,7060,-516,126,-70,0
2424.39825296402,10004,3880,11900,-181,-152,134,9556,-10952,7264,1177,1427,-226,-14812,5596,3284,-991,90,-58,-14436,-2304,7028,-457,108,-187,0
2424.4315209388733,9880,3940,11836,-202,-38,59,9568,-10860,7580,2075,1476,56,-14408,5568,3300,-1040,26,-82,-14388,-2560,6984,-413,92,-171,0
2424.4650759696965,9956,4012,11644,-197,30,56,9432,-10644,7880,481,351,-131,-14380,5504,3008,-875,23,-37,-14084,-2072,7008,-351,23,-165,0
2424.4985530376434,9948,3848,11636,-242,7,50,9380,-10652,7608,-79,149,-152,-14272,5612,3404,-874,25,9,-14328,-2284,6984,-362,-21,-152,0
2424.53204202652,9752,3920,11656,-268,53,22,9304,-10824,7492,-105,247,-138,-14336,5772,3212,-942,-33,25,-14392,-2272,7096,-440,4,-150,0
2424.5656909942627,9928,3908,11988,-290,34,45,9152,-10868,7560,-16,312,-119,-14192,5816,3280,-983,-32,-227,-14400,-2148,7172,-484,56,-144,0
2424.599189043045,9628,3832,11904,-266,65,25,9232,-10872,7660,22,262,-85,-14196,5652,3120,-1275,54,-43,-14144,-2168,7300,-548,90,-94,0
2424.6327550411224,9568,4040,11984,-285,56,118,9120,-10900,7672,51,229,-85,-14096,5800,3164,-1057,96,-19,-14232,-2544,7344,-498,111,-19,0
2424.666126012802,9584,3940,11856,-329,14,151,9072,-10800,7544,-47,287,-101,-14144,5828,3324,-981,206,-52,-14184,-2276,6964,-440,171,56,0
2424.6997311115265,9576,3948,11784,-381,82,155,9196,-10776,7648,-76,201,-130,-14124,5680,3268,-979,288,243,-14208,-2340,7220,-362,208,152,0
2424.7332351207733,9588,4084,11888,-537,-24,214,9228,-10980,7624,-129,228,-192,-14204,5704,3100,-966,312,-24,-14300,-2152,7348,-379,204,167,0
2424.7667989730835,9292,3768,12120,-537,-127,232,9204,-11188,7756,-130,100,-239,-14208,5812,2900,-972,276,-78,-14236,-2048,7236,-384,170,115,0
2424.8002779483795,9632,3684,12136,-468,-125,171,8972,-10984,7556,-121,154,-282,-14280,5808,3176,-925,245,-110,-14252,-2224,7304,-366,221,74,0
2424.833636045456,9632,3684,11776,-569,-219,113,9236,-10976,7676,-28,306,-361,-14288,5824,3040,-892,222,-195,-14236,-2072,7168,-370,298,31,0
2424.8673110008244,9700,3652,11784,-478,-212,45,9392,-10884,7540,36,481,-349,-14096,5792,3144,-945,147,-203,-14296,-1924,7364,-348,312,-6,0
2424.9004459381104,9736,3624,11936,-403,-219,39,9132,-10840,7628,88,316,-375,-14568,5828,2844,-956,193,-211,-13792,-1844,7496,-213,325,28,0
2424.9340829849243,9708,3748,12108,-384,-188,143,9260,-10776,7768,66,209,-358,-14308,5680,3156,-945,268,-221,-14384,-2184,7236,-342,251,53,0
2424.9676880836487,9808,3836,11896,-405,-269,223,9180,-10768,7696,0,60,-332,-14340,5660,2948,-934,344,-208,-14268,-2240,7084,-379,507,64,0
2425.001359939575,9668,3644,11828,-339,-346,263,9272,-10812,7672,-11,6,-347,-14360,5588,3076,-949,304,-173,-14208,-2276,6972,-457,266,1,0
2425.0347349643707,9800,3616,11804,-189,-307,197,9300,-10572,7644,20,51,-326,-14408,5772,3156,-995,246,-129,-14404,-2044,7076,-489,183,-64,0
2425.070636987686,9908,3836,11768,-214,-213,161,9716,-10564,7544,-2,79,-222,-14392,5688,3148,-1030,138,-26,-14400,-1980,7156,-477,145,-57,0
2425.1061029434204,9816,3636,12028,-287,-85,125,9352,-10728,7504,-68,187,-131,-14368,5760,2800,-1015,111,-251,-14472,-1892,7204,-420,93,-40,0
2425.1419970989227,9820,3528,11836,-339,-19,129,9312,-10568,7516,-101,237,-91,-14560,5744,2972,-1014,132,35,-14396,-1872,7112,-440,51,-1,0
2425.1776320934296,9780,3508,11948,-361,-64,226,9284,-10876,7596,-95,243,-31,-14268,5728,3260,-998,168,62,-14572,-1940,7312,-422,78,74,0
2425.213231086731,9772,3416,11892,-340,-98,273,9316,-10876,7732,-137,136,-46,-14336,5844,3224,-984,209,12,-14516,-2100,7392,-423,107,61,0
2425.24920797348,9800,3640,12000,-323,-141,294,9232,-10856,7528,-166,84,-79,-14108,6108,3180,-938,184,35,-14336,-1976,7036,-467,34,-27,0
2425.284544944763,9652,3536,11932,-246,-98,239,9448,-10808,7868,-114,9,-72,-14276,5724,2792,-941,168,-248,-14272,-1916,7212,-465,15,-28,0
2425.320141077041,9784,3608,11976,-203,-46,252,9224,-10528,7496,-123,21,-68,-14176,5688,3088,-971,191,56,-14416,-2104,7068,-434,-16,8,0
2425.355540037155,9796,3580,11992,-269,-22,243,9404,-10844,7568,-151,11,-53,-14092,5744,3220,-982,178,68,-14324,-2000,7152,-479,-9,-33,0
2425.391268968582,9800,3496,11852,-248,-17,216,9348,-10796,7572,-106,80,-66,-14352,5880,2948,-955,128,19,-14100,-2056,7108,-263,28,-64,0
2425.4262280464172,9732,3480,11864,-146,-47,150,9364,-10768,7584,-82,112,-113,-14288,5688,2964,-1028,110,-3,-14304,-1924,7116,-465,82,-108,0
2425.462336063385,9776,3524,11992,-153,-84,144,9228,-10876,7632,-89,171,-167,-14224,5880,2988,-974,96,-70,-14200,-1912,7372,-461,190,-107,0
2425.4981269836426,9652,3228,12048,-202,-197,-33,9484,-10924,7568,-163,472,-216,-14368,5972,2696,-933,-267,-66,-14328,-1912,7240,-418,216,-261,0
2425.5336620807648,9796,3460,11876,-329,-178,-39,8984,-11024,7456,-60,315,-252,-14144,6004,2856,-992,-9,-150,-14368,-1848,7400,-476,507,-127,0
2425.569608926773,9684,3780,11808,-216,-164,208,8964,-10944,7660,12,93,-191,-13976,5980,3092,-1115,304,-165,-14256,-1876,7568,-550,168,73,0
2425.6048481464386,9656,3728,11936,-57,-65,395,8948,-10792,7516,-58,-209,-51,-14068,5888,3052,-1166,475,-34,-14208,-2244,7356,-589,120,201,0
2425.640869140625,9560,3668,11856,-101,-38,444,9160,-11004,7580,-121,-25,33,-14300,5720,2820,-1075,404,-11,-14276,-2172,7180,-537,134,184,0
2425.6758389472966,9668,3640,11848,-288,-140,354,9676,-10568,7564,-214,-250,-107,-14460,5640,2956,-985,298,244,-14452,-2012,7044,-420,135,19,0
2425.713415145874,9944,3628,11736,-314,-114,268,9352,-10788,7640,-233,132,-122,-14592,5712,3016,-935,300,-251,-14528,-1988,7056,-419,89,48,0
2425.746855020523,9996,3604,12020,-221,-87,256,9564,-10800,7524,-273,-41,-139,-14448,5768,2876,-935,203,32,-14568,-1844,7156,-387,38,7,0
2425.7804930210114,9972,3456,11916,-201,-29,138,9408,-10908,7588,-259,74,-121,-14480,5776,3056,-861,113,17,-14456,-1876,7224,-343,55,-253,0
2425.8140721321106,9928,3392,11932,-305,-21,101,9348,-11012,7676,-198,108,-166,-14320,5972,2984,-901,97,58,-14356,-1732,7304,-384,96,-90,0
2425.8474719524384,9780,3284,12040,-510,-47,81,9164,-11212,7376,-94,116,-211,-14284,6024,2760,-977,132,-79,-14180,-1748,7416,-500,186,-131,0
2425.8808801174164,9724,3480,11944,-54,-71,127,8960,-11036,7876,30,-12,-234,-14300,6004,2904,-1061,204,-197,-14288,-1716,7312,-603,219,-112,0
2425.914274930954,9844,3492,11800,28,-52,158,9200,-10828,7600,3,-22,-206,-14220,5876,3052,-1077,180,-164,-14188,-1980,7244,-586,114,-89,0
2425.947767972946,9784,3572,11888,-17,-50,184,9208,-10824,7352,-255,35,-136,-14248,5864,3028,-1041,172,-60,-14352,-1964,7292,-497,117,-77,0
2425.98126411438,9884,3432,11956,-102,-20,136,9268,-10964,7312,-87,41,-182,-14316,5944,2988,-979,128,-25,-14444,-1884,7392,-487,104,-100,0
2426.014795064926,9712,3480,11936,-188,16,90,9260,-11228,7448,-57,61,-140,-14556,5648,3040,-959,72,-9,-14388,-1788,7276,-440,55,-109,0
2426.0482840538025,9764,3384,11828,-200,60,98,9288,-10904,7472,-70,57,-135,-14228,5668,2852,-939,85,-14,-14396,-1808,7180,-431,20,-132,0
2426.081825017929,9736,3416,12076,-171,92,83,9404,-11076,7480,-58,94,-119,-14564,6020,2940,-932,-256,239,-14288,-1876,7368,-457,51,-148,0
2426.115561962128,9756,3396,12108,-223,-1,48,9352,-11000,7420,23,153,-164,-14320,5940,2924,-981,15,-84,-14240,-1768,7276,-549,156,-185,0
2426.1489419937134,9704,3776,11924,-72,-10,87,9328,-10932,7788,32,90,-224,-14280,5804,2872,-999,97,-134,-14364,-1980,7260,-502,197,-189,0
2426.1823041439056,9784,3444,11768,-29,-121,40,9252,-10904,7528,40,141,-274,-14260,5804,2792,-988,94,-203,-14248,-1860,7280,-545,292,-196,0
2426.2158260345454,9820,3508,11816,-93,-151,50,9220,-10856,7476,1,118,-283,-14256,5828,3064,-1017,86,-181,-14088,-1812,6980,-524,216,-154,0
2426.2494599819183,9884,3456,11796,-24,-94,64,9304,-10764,7444,7,123,-210,-14348,5892,2908,-1016,46,-47,-14108,-1964,7336,-497,147,-169,0
2426.282968044281,9732,3528,12016,-98,-37,63,9368,-10960,7452,-18,77,-199,-14384,5932,2972,-1022,31,-40,-14408,-1896,7192,-530,93,-192,0
2426.316406965256,9484,3468,11776,-96,33,66,9392,-10920,7344,-27,123,-112,-14344,6112,2888,-1008,-18,-35,-14096,-1916,7280,-572,62,-198,0
2426.3499500751495,9968,3460,11932,-115,35,58,9220,-10836,7476,-250,213,-102,-14164,5776,2700,-982,17,-8,-14200,-1900,7140,-518,85,-163,0
2426.3835310935974,9560,3472,11860,-222,-31,133,9296,-10880,7480,-16,154,-127,-14240,5788,2848,-987,120,-47,-14220,-1900,7312,-457,99,-69,0
2426.4173879623413,9724,3544,11948,-218,-78,151,9268,-10840,7552,-64,116,-146,-14300,5656,2740,-1017,178,-36,-14248,-2208,7272,-471,121,-50,0
2426.4508140087128,9708,3592,11892,-181,-118,205,9272,-10976,7568,-26,62,-176,-14284,5676,2956,-1038,196,-82,-14244,-1928,7276,-501,171,-60,0
2426.4843530654907,9740,3444,11968,-107,-94,200,9280,-10908,7516,-15,-9,-181,-14304,5632,3024,-769,232,-72,-14120,-1880,7216,-489,168,-65,0
2426.517739057541,9900,3548,11884,-120,-110,196,9360,-10876,7532,-31,26,-195,-14100,5804,3036,-1001,163,-141,-14368,-1996,7256,-485,157,-86,0
2426.5510461330414,9800,3520,11880,-175,-88,133,9388,-10844,7672,-55,106,-176,-14296,5644,2756,-964,90,-57,-14340,-1908,7388,-461,116,-149,0
2426.5846281051636,9788,3452,11860,-167,-67,92,9372,-10856,7548,-52,128,-163,-14380,5932,2936,-954,86,-23,-14332,-1964,7352,-471,119,-145,0
2426.6181609630585,9616,3504,11912,-105,-68,108,9272,-10840,7496,-124,140,-172,-14280,5968,2808,-993,86,-50,-14300,-1848,7212,-507,159,-118,0
2426.65145611763,9756,3480,11984,-114,-97,117,9288,-10836,7228,-104,132,-183,-14296,5900,2788,-991,83,-114,-14100,-1668,7208,-497,168,-105,0
2426.6849291324615,9840,3456,11820,-179,-138,131,9324,-11032,7268,-74,133,-202,-14244,6060,2616,-959,163,-110,-14236,-1544,7324,-470,217,-86,0
2426.7184181213374,9844,3404,11916,-196,-161,161,9352,-10852,7392,-63,140,-198,-14228,6100,2792,-1018,138,-60,-14420,-1768,7264,-494,182,-85,0
2426.7543659210205,9756,3484,11860,-137,-85,157,9344,-11024,7584,-37,166,-140,-14592,5976,2788,-1035,115,-67,-14432,-1764,7232,-549,119,-98,0
2426.7896709442134,9836,3472,11944,-140,-58,111,9252,-11000,7400,-37,114,-110,-14552,6068,3048,-772,95,-73,-14412,-1884,7248,-568,78,-144,0
2426.8251030445094,9864,3488,11912,-97,-10,92,9620,-10980,7488,-254,122,-103,-14412,5840,2972,-1028,-7,-61,-14332,-1864,7204,-520,82,-177,0
2426.860785007477,9676,3476,12204,-159,-41,48,9336,-11008,7640,-25,172,-143,-14300,5832,2724,-1023,-15,-66,-14188,-1892,7308,-536,161,-201,0
2426.8958611488342,9812,3508,11872,-220,-84,70,9208,-10968,7532,41,263,-176,-14188,5952,2920,-1054,-11,-93,-14200,-1856,7400,-497,208,-150,0
2426.931326150894,9672,3492,12012,-110,-131,62,9324,-10884,7564,15,172,-169,-14276,5840,2948,-1280,6,-140,-14100,-1972,7236,-486,186,-173,0
2426.9673080444336,9720,3600,12060,-169,-60,73,9304,-10872,7564,16,208,-193,-14328,5840,2880,-954,57,-152,-14300,-1940,7228,-467,158,-195,0
2427.0024881362915,9864,3512,11928,-103,-67,15,9292,-10540,7512,-28,194,-207,-14356,5860,2936,-1012,0,-92,-14296,-1860,7308,-486,115,-197,0
2427.038160085678,9752,3552,11728,-127,-33,28,9332,-11000,7524,-21,158,-176,-14280,5792,2852,-1021,50,-62,-14164,-1924,6932,-491,66,-155,0
2427.0736341476445,9836,3576,11880,-147,5,52,9328,-10940,7444,-66,152,-161,-14260,5732,2844,-996,46,-23,-14448,-1812,7404,-478,77,-135,0
2427.1088030338287,9868,3504,12032,-179,-1,79,9304,-10836,7652,-58,157,-118,-14144,5936,3096,-1036,128,-44,-14268,-1872,7248,-530,100,-98,0
2427.1445960998535,9632,3504,11964,-208,-9,128,9288,-11008,7612,-29,126,-109,-14308,5908,2616,-1014,71,-44,-14320,-1872,7320,-533,111,-95,0
2427.1802201271057,9788,3392,11992,-152,-22,163,9312,-11016,7580,-17,95,-147,-14184,5984,2848,-1051,128,-69,-14400,-1708,7376,-497,148,-117,0
2427.215528011322,9656,3556,11768,-108,-74,172,9104,-10856,7632,30,-44,-224,-14224,5968,3012,-1040,297,-186,-14188,-1944,7268,-532,145,-29,0
2427.2517530918126,9708,3532,12048,-6,-61,179,9312,-10924,7436,3,19,-166,-14500,5940,3068,-1040,159,-56,-14236,-1984,7192,-531,80,-108,0
2427.287688970566,9668,3608,11788,-114,4,150,9192,-10868,7580,-70,96,-136,-14240,5860,2980,-966,78,-25,-14232,-1952,7184,-448,50,-123,0
2427.322778940201,9652,3484,11760,-178,-253,109,9368,-11012,7500,-85,115,-155,-14548,5672,2960,-961,112,-58,-14364,-1960,7336,-419,139,-161,0
2427.3587350845337,9824,3816,11960,-105,-42,90,9340,-10948,7584,-42,50,-209,-14324,5804,2916,-975,60,-51,-14280,-1880,7328,-432,137,-201,0
2427.3939311504364,9652,3524,11780,-100,-7,30,9276,-10956,7380,-87,134,-206,-14148,5872,2904,-945,44,-73,-14240,-2020,7288,-450,113,-176,0
2427.4295310974126,9632,3616,11856,17,-71,90,9244,-11108,7576,-87,66,-229,-14252,5932,3036,-941,154,-119,-14408,-1848,7220,-494,156,-138,0
2427.4629690647125,9860,3464,11876,116,-64,124,9392,-10756,7644,-67,107,-216,-14380,6080,3028,-995,122,-88,-14340,-1880,7300,-585,137,-156,0
2427.496691942215,9900,3476,11836,117,-4,52,9400,-10936,7320,-7,108,-136,-14392,6140,2808,-778,23,-256,-14368,-1824,7300,-586,77,-238,0
2427.530170917511,9856,3584,11780,78,94,34,9320,-11000,7460,78,97,-91,-14308,5932,2700,-1064,-9,-50,-14304,-1904,7240,-581,79,-511,0
2427.5635690689087,9972,3556,11868,39,147,22,9208,-10976,7312,123,174,-60,-14064,5872,2960,-1082,-44,-39,-14204,-1844,7392,-576,79,-221,0
2427.5973739624023,9616,3652,11888,14,146,15,9276,-10884,7524,74,131,-81,-14156,5792,2944,-1067,6,-58,-14184,-2052,7416,-538,54,-241,0
2427.632040023804,9572,3764,11956,-38,125,59,9284,-10840,7520,34,107,-130,-14140,5808,3000,-970,53,-34,-14300,-2064,7300,-465,54,-185,0
2427.6657271385193,9584,4044,12012,-152,95,52,9320,-10836,7520,-63,147,-105,-14132,5808,3168,-937,0,250,-14284,-2036,7348,-436,25,-147,0
2427.6992580890656,9676,3628,12028,-203,107,34,8960,-10948,7644,-103,196,-147,-14208,5872,3068,-924,-32,255,-14152,-2020,7356,-425,66,-201,0
2427.7329139709473,9504,3604,11844,-261,66,8,9200,-11052,7592,-34,243,-156,-14196,5972,3252,-926,68,-29,-14168,-1932,7352,-436,129,-130,0
2427.7664711475372,9496,3680,11852,-245,51,65,9180,-10944,7656,-30,191,-170,-14296,6060,3220,-1022,90,-94,-14312,-1992,7496,-483,158,-93,0
2427.799807071686,9596,3600,12004,-292,16,118,9000,-11032,7432,49,225,-134,-14592,6004,2944,-999,88,-122,-14280,-1948,7368,-464,191,-40,0
2427.8335571289062,9576,3752,12040,-311,-92,128,9448,-11084,7628,29,201,-220,-14276,5900,2968,-970,139,-155,-14152,-2016,7424,-456,221,-27,0
2427.867264032364,9632,3584,12068,-360,-201,185,9444,-11248,7520,-59,105,-251,-14260,6004,2972,-972,239,-158,-14192,-1844,7176,-492,237,23,0
2427.900530099869,9592,3696,12088,-383,-197,510,9220,-10848,7560,-108,139,-237,-14200,6112,2832,-929,217,-84,-14124,-2256,7596,-408,136,30,0
2427.933948993683,9684,3580,11876,-458,-201,218,9280,-10932,7244,-135,102,-240,-14172,5908,3192,-896,176,-56,-14320,-1848,7340,-412,78,-37,0
2427.9674429893494,9636,3596,11984,-473,-161,195,9132,-10940,7524,-83,209,-181,-14192,5916,2968,-968,187,-109,-14356,-1852,7348,-415,83,-22,0
2428.0011019706726,9644,3820,11828,-350,-131,226,9368,-11164,7632,-23,220,-125,-14348,5928,2968,-1013,104,-31,-14504,-1852,7380,-450,58,-45,0
2428.034609079361,9664,3496,11900,-279,-174,211,9324,-11092,7416,-60,124,-169,-14268,5908,2752,-981,136,-76,-14316,-2008,7160,-468,123,-82,0
2428.0681869983673,9564,3352,11900,-181,-191,206,9364,-10864,7400,-100,2,-196,-14308,5928,3032,-965,143,-92,-14368,-1880,7084,-480,164,-110,0
2428.1018240451813,9788,3540,11852,-138,-164,117,9352,-10960,7416,-253,139,-183,-14388,5980,2896,-1027,47,-85,-14252,-1844,7204,-497,186,-184,0
2428.135290145874,9744,3452,11812,-218,-128,84,9348,-10780,7652,58,144,-182,-14180,5676,2844,-1079,63,-131,-14264,-1952,7332,-494,162,-144,0
2428.1692130565643,9688,3560,11932,-122,-43,101,9372,-10916,7652,3,94,-189,-14288,5980,2840,-1064,75,-88,-14348,-1904,7404,-458,157,-194,0
2428.2023601531982,9476,3460,12060,-127,-95,70,9288,-11000,7668,9,157,-164,-14308,5972,3004,-987,73,-52,-14352,-1872,7328,-504,179,-188,0
2428.235841035843,9720,3456,11996,-134,-17,93,9264,-11220,7500,-44,147,-147,-14168,6076,2900,-1058,79,-35,-14180,-1804,7420,-496,148,-155,0
2428.2692749500275,9640,3348,11944,-63,-32,122,9076,-11024,7452,42,47,-154,-14204,6088,2920,-1025,124,-42,-14276,-1936,7452,-524,136,-109,0
2428.302820920944,9624,3512,11992,-76,-79,93,9236,-11088,7744,27,105,-163,-14124,5980,3016,-990,115,-125,-14256,-1872,7348,-529,165,-154,0
2428.3365230560303,9572,3580,12128,-71,-20,109,9232,-10900,7516,-62,36,-206,-14176,5852,2884,-1015,122,-118,-14324,-2028,7388,-259,204,-100,0
2428.3700249195094,9768,3536,11856,-86,-50,110,9316,-10840,7452,-85,98,-199,-14136,5964,2884,-1007,150,-61,-14568,-1916,7384,-474,141,-106,0
2428.4032001495366,9600,3548,11932,-190,-48,129,9224,-10980,7672,-255,169,-175,-14224,5940,3052,-1037,149,-51,-14292,-2004,7424,-470,140,-67,0
2428.4400811195374,9628,3620,11892,-181,-97,176,9312,-10932,7516,-35,115,-141,-14240,5968,3180,-1274,227,-94,-14228,-1948,7464,-501,132,-30,0
2428.475594043732,9660,3672,12040,-165,-72,193,9376,-11004,7500,-44,82,-162,-14336,5836,3056,-985,140,-62,-14272,-2152,7348,-487,113,-97,0
2428.5115110874176,9628,3520,12112,-96,-112,113,9364,-10920,7588,-57,164,-142,-14244,5956,2848,-983,42,-115,-14296,-2012,7328,-451,147,-177,0
2428.547441959381,9532,3620,12024,-151,-44,57,9256,-11180,7668,-35,145,-212,-14264,5984,3072,-993,61,-114,-14304,-2260,7176,-495,126,-148,0
2428.5829780101776,9624,3832,12240,-109,-69,84,9364,-11036,7504,-38,126,-188,-14272,5928,2876,-982,112,-94,-14336,-1924,7416,-519,113,-110,0
2428.6183819770813,9672,3612,11800,-85,-92,102,9004,-10972,7652,-19,160,-155,-14256,6004,2908,-1035,95,-88,-14228,-1856,7388,-523,146,-93,0
2428.6534111499786,9644,3516,11924,-160,-115,129,9260,-11076,7568,-13,114,-195,-14292,5952,2584,-1011,180,-101,-14084,-1868,7448,-499,160,-104,0
2428.6892840862274,9672,3528,12012,-136,-142,131,9336,-11060,7368,-79,77,-248,-14272,6044,2924,-989,135,-160,-14376,-1876,7252,-464,197,-82,0
2428.7250220775604,9800,3524,11880,-104,-154,118,9416,-10932,7500,-63,117,-202,-14272,5840,2876,-995,113,-113,-14284,-1920,7268,-524,132,-116,0
2428.760514974594,9768,3588,11904,-108,-61,105,9264,-10928,7260,-50,66,-172,-14260,5916,2820,-1033,131,-95,-14288,-1868,7244,-530,66,-130,0
2428.7958841323853,9656,3576,12012,-112,-38,156,9324,-10900,7192,4,46,-120,-14336,5920,3168,-1042,155,-17,-14316,-1944,7344,-532,31,-109,0
2428.8313441276546,9676,3600,12108,-136,46,144,9308,-10908,7528,-34,28,-121,-14268,5932,3056,-1018,151,-53,-14296,-1816,7192,-493,32,-130,0
2428.8662400245667,9648,3744,12012,-118,21,156,9284,-10840,7472,-26,42,-90,-14284,5772,2848,-1006,104,-4,-14332,-1872,7364,-503,79,-131,0
2428.901750087738,9704,3544,11912,-109,14,117,9360,-10880,7500,-54,75,-147,-14272,5944,3148,-1018,111,-97,-14172,-2020,7664,-469,114,-141,0
2428.9376430511475,9616,3572,11988,-132,-81,69,9364,-11000,7404,-56,144,-221,-14220,6044,2908,-1000,67,-57,-14272,-2012,7224,-465,140,-143,0
2428.9727480411534,9548,3668,11968,-137,-64,49,9264,-11256,7348,-51,143,-233,-14336,6072,3048,-1006,69,-144,-14320,-1864,7568,-500,192,-167,0
2429.0079901218414,9712,3524,12068,-132,-63,68,9304,-11052,7388,4,137,-216,-14264,6064,2700,-1020,81,-88,-14184,-1852,7340,-257,196,-120,0
2429.049763917923,9676,3804,12044,-164,-89,102,9276,-10792,7360,-52,103,-157,-14216,5980,2912,-975,118,-46,-14320,-1924,7608,-461,109,-97,0
2429.0874490737915,9608,3640,11936,-200,-95,177,9348,-10936,7256,-73,100,-136,-14232,5928,2992,-956,133,-52,-14332,-1824,7336,-476,126,-57,0
2429.121106147766,9668,3660,11948,-176,-80,208,9360,-10864,7396,-72,58,-139,-14128,5932,3112,-982,160,-64,-14088,-1980,7356,-498,127,-74,0
2429.1542580127716,9652,3604,11956,-210,-88,215,9340,-10968,7456,-85,35,-143,-14244,5916,2984,-972,182,-58,-14224,-2028,7216,-495,119,-75,0
2429.188004016876,9500,3364,12184,-205,-94,195,9300,-10804,7460,-100,114,-146,-14532,5980,2932,-1014,123,-43,-14364,-1952,7436,-471,173,-93,0
2429.221640110016,9740,3632,12104,-213,-137,170,9388,-10892,7452,-56,120,-186,-14244,5944,2988,-970,138,-64,-14216,-1912,7380,-455,164,-76,0
2429.2549390792847,9716,3528,11996,-168,-135,159,9252,-11116,7364,-53,106,-161,-14304,6040,2932,-997,136,-112,-14280,-1840,7452,-499,193,-101,0
2429.288290023804,9620,3340,12232,-147,-157,167,9300,-10764,7536,-69,96,-175,-14316,6068,2828,-993,121,-114,-14220,-1888,7296,-519,178,-118,0
2429.32218003273,9676,3560,11972,-132,-120,156,9348,-11236,7484,-2,104,-191,-14240,5972,2560,-1277,120,-128,-14588,-1964,7188,-516,201,-124,0
2429.3556089401245,9500,3540,11828,-95,-124,108,9400,-10992,7436,20,83,-206,-14216,5900,2844,-1045,86,-124,-14092,-1996,7288,-767,183,-136,0
2429.3889780044556,9504,3644,12024,-95,-109,118,9352,-10944,7428,250,85,-204,-14256,5888,2960,-997,104,-110,-14316,-1988,7292,-474,176,-160,0
2429.4224050045013,9656,3596,11880,-160,-80,91,9328,-10868,7408,-50,62,-222,-14268,6052,2716,-983,82,-128,-14120,-1880,7056,-502,135,-165,0
2429.4556319713593,9812,3468,12000,-147,-122,91,9328,-11068,7208,-44,124,-225,-14320,5980,3068,-772,25,-68,-14452,-1776,7212,-538,119,-185,0
2429.4895141124725,9680,3400,11828,-158,-47,98,9352,-11084,7444,62,156,-115,-14232,5896,2896,-1061,-3,-66,-14276,-1812,7512,-566,125,-180,0
2429.5229640007014,9628,3552,11868,-75,-28,72,9420,-11108,7376,13,98,-154,-14236,5968,2900,-1042,8,-87,-14296,-1908,7416,-545,134,-208,0
2429.5564250946045,9620,3656,12004,-99,-103,18,9344,-11060,7508,95,178,-191,-14352,5936,2784,-1060,38,-151,-14252,-1968,7192,-528,214,-226,0
2429.589954137802,9764,3532,11776,-81,-95,51,9304,-10812,7488,64,169,-207,-14284,5944,3028,-1093,81,-190,-14292,-1968,7324,-560,156,-236,0
2429.623430013656,9804,3696,11868,-11,-87,59,9332,-10856,7456,46,159,-200,-14224,6004,2844,-1075,11,-97,-14304,-2000,7320,-561,87,-204,0
2429.6568760871887,9664,3696,11892,-101,-28,46,9252,-10920,7192,8,126,-162,-14264,6004,2888,-1037,0,-23,-14540,-2112,7344,-516,54,-197,0
2429.6900889873505,9784,3596,11828,-141,-24,54,9372,-10900,7620,-34,205,-109,-14212,5972,3056,-984,13,-57,-14236,-2020,7260,-496,77,-211,0
2429.7236709594727,9568,3380,11996,-179,-25,37,9256,-10960,7448,16,509,-150,-14156,5872,2920,-1043,-252,-95,-14236,-1952,7292,-446,167,-173,0
2429.757272005081,9560,3660,12004,-183,-43,42,9248,-11028,7508,35,156,-208,-13860,5920,3276,-1060,111,-140,-14128,-2260,7312,-490,233,-145,0
2429.7907941341405,9756,3660,12012,-100,-81,69,9292,-11004,7604,29,129,-253,-14308,6112,3048,-1063,121,-157,-14288,-2076,7340,-500,279,-147,0
2429.824294090271,9668,3676,11984,-111,-157,112,9308,-10760,7544,20,127,-251,-14140,6004,2892,-1031,105,-155,-14260,-2248,7292,-504,235,-145,0
2429.8577229976654,9648,3688,11932,-121,-145,88,9432,-10948,7532,30,137,-218,-14308,6048,3040,-1047,113,-205,-14268,-2112,7528,-509,215,-141,0
2429.890627145767,9664,3744,11904,-136,-150,124,9344,-10848,7452,35,136,-214,-14336,5988,3072,-1046,114,-123,-14356,-1976,7208,-496,175,-125,0
2429.923980951309,9812,3676,11936,-153,-122,100,9192,-10856,7400,-70,156,-171,-14212,5976,3060,-1011,72,-62,-14084,-2000,7328,-503,74,-155,0
2429.9573481082916,9728,3688,11956,-150,-55,126,9300,-10812,7612,-114,136,-127,-14180,5984,2876,-959,103,-34,-14356,-1980,7240,-447,64,-110,0
2429.9909839630127,9484,3340,11948,-216,-39,137,9716,-10880,7648,-94,120,-139,-14092,6120,2692,-981,134,-76,-14324,-1880,7240,-435,85,-132,0
2430.0245640277863,9500,3348,11964,-152,-46,121,9328,-10952,7424,-91,95,-165,-14204,5928,2920,-993,92,-67,-14144,-1884,7304,-479,137,-143,0
2430.0579731464386,9712,3636,11936,-182,-98,110,9264,-10916,7404,-28,96,-172,-14368,5936,2920,-1007,110,-55,-14396,-2008,7352,-488,172,-135,0
2430.09125995636,9760,3688,11932,-122,-108,89,9372,-11024,7404,1,114,-192,-14556,5988,3132,-1043,97,-135,-14316,-1808,7144,-258,180,-162,0
2430.128042936325,9716,3712,12020,-145,-79,84,9408,-10968,7388,-248,86,-204,-14312,5684,3232,-1081,68,-86,-14576,-1932,7384,-537,131,-171,0
2430.1632721424103,9592,3632,12012,-135,-77,93,9280,-10960,7644,4,140,-144,-14276,5928,3176,-1065,76,-58,-14112,-2108,7264,-516,99,-154,0
2430.199319124222,9664,3776,11868,-94,-20,63,9296,-10944,7328,-34,125,-132,-14280,5988,3060,-1042,49,-78,-14252,-2092,7424,-498,72,-153,0
2430.2350239753723,9692,3620,11916,-187,-15,57,9296,-10892,7444,-9,185,-134,-14168,5820,3040,-1048,89,-71,-13840,-1796,7276,-485,111,-157,0
2430.271173000336,9608,3632,11952,-128,244,95,9272,-10944,7448,-29,130,-159,-14232,5932,3044,-1063,113,-105,-14152,-2168,7348,-478,157,-147,0
2430.307177066803,9612,3724,11788,-161,-27,75,9228,-10872,7652,-43,125,-150,-14132,5936,2928,-1002,81,-88,-14252,-2104,7312,-461,138,-113,0
2430.3422179222107,9636,3584,12008,-182,-84,71,9320,-10768,7416,-46,136,-185,-14272,5888,2860,-982,128,-73,-14480,-2032,7360,-471,128,-116,0
2430.37762594223,9708,3640,11704,-168,-39,94,9332,-10972,7368,-9,134,-222,-14120,5900,3044,-1010,79,-126,-14164,-1916,7336,-486,127,-142,0
2430.4134941101074,9900,3328,11772,-169,-10,74,9356,-10848,7552,9,142,-172,-14260,5908,2992,-1018,109,-85,-14240,-1988,7340,-490,142,-121,0
2430.449387073517,9664,3704,11800,-166,-24,99,9272,-10936,7628,-11,178,-175,-14176,6072,2984,-978,125,-53,-14084,-2268,7296,-469,145,-94,0
2430.4841279983525,9624,3664,12016,-219,-38,140,9204,-10828,7220,-23,140,-179,-14204,5972,2972,-987,128,-55,-14136,-1980,7412,-467,176,-90,0
2430.519389152527,9556,3600,11992,-193,-61,136,9316,-10908,7520,-41,98,-199,-14352,5968,2840,-974,106,-95,-14328,-2048,7344,-480,149,-59,0
2430.5545439720154,9624,3648,11896,-190,-64,147,9324,-10796,7540,-34,135,-179,-14268,6028,2852,-967,103,-57,-14336,-2084,7372,-484,139,-84,0
2430.590112924576,9804,3636,11916,-187,-3,110,9296,-10920,7484,-29,123,-166,-14212,5956,2952,-958,110,-98,-14368,-2004,7308,-457,113,-105,0
2430.625412940979,9832,3688,11896,-191,-24,85,9356,-10904,7520,-42,152,-168,-14276,6020,2864,-990,100,-47,-14412,-1968,7192,-492,117,-131,0
2430.6609251499176,9692,3728,12052,-198,48,84,9276,-10924,7516,-77,197,-163,-14276,5936,2928,-1013,83,-77,-14324,-2020,7336,-496,104,-102,0
2430.696098089218,9596,3680,12008,-235,75,80,9336,-10992,7660,-11,221,-152,-14504,5896,2928,-989,74,-41,-14220,-2004,7344,-439,143,-97,0
2430.7323610782623,9612,3684,12020,-344,13,73,9348,-10996,7420,108,248,-240,-14288,6024,2988,-992,133,-119,-14084,-2068,7380,-408,179,-39,0
2430.769057035446,9568,3744,12016,-361,-256,85,9252,-11000,7556,2,114,-257,-14264,5980,3088,-975,114,-110,-14200,-2104,7464,-432,142,-55,0
2430.802510023117,9636,3496,12060,-329,-43,89,9304,-11012,7640,31,187,-241,-14164,6056,2976,-966,93,-53,-14252,-2004,7500,-443,85,-65,0
2430.836097955704,9516,3576,11876,-413,-45,104,9276,-10912,7480,32,255,-238,-14244,6056,2836,-939,94,-80,-14080,-2064,7464,-435,106,-67,0
2430.8696410655975,9480,3340,11804,-380,-75,105,9240,-10924,7456,-7,200,-242,-14232,5916,3080,-969,110,-139,-14212,-2000,7432,-384,189,-57,0
2430.902929067612,9544,3676,11940,-428,-202,106,9440,-10884,7664,-32,210,-290,-14176,5836,2876,-960,178,-186,-14124,-1928,7392,-352,277,-20,0
2430.93653011322,9604,3496,12008,-406,-250,146,9188,-10892,7292,-8,186,-340,-14140,5920,3000,-1006,237,-209,-14304,-1944,7400,-341,277,20,0
2430.9699590206146,9584,3624,12088,-403,-220,175,9308,-10980,7688,-34,89,-323,-14260,5780,3004,-981,244,-166,-14352,-1832,7596,-347,234,-255,0
2431.0036249160767,9696,3572,11812,-394,-240,206,9336,-10892,7492,-65,81,-290,-14560,5988,3020,-1000,232,-198,-14344,-1996,7192,-382,225,-49,0
2431.0372171401978,9488,3636,11928,-326,-207,170,9424,-10872,7496,-35,114,-296,-14216,5892,2616,-985,209,-163,-14328,-1984,6972,-438,224,-35,0
2431.070585012436,9564,3812,11820,-346,-245,178,9364,-10808,7544,-59,175,-278,-14208,5936,2908,-966,210,-153,-14408,-1944,7244,-433,228,-36,0
2431.1041889190674,9544,3500,11924,-340,-242,178,9368,-10972,7596,-79,102,-287,-14296,5992,2908,-1003,231,-147,-14324,-1920,7216,-439,192,-27,0
2431.1377990245815,9732,3544,11916,-320,-246,166,9384,-10908,7576,-43,137,-277,-14284,5964,2864,-1030,204,-171,-14304,-1824,7328,-418,227,-38,0
2431.1713790893555,9724,3416,12016,-324,-260,172,9364,-10888,7648,-33,70,-271,-14520,5888,2868,-1030,206,-213,-14204,-1872,7308,-455,242,-72,0
2431.2048609256744,9724,3440,11740,-266,-291,150,9384,-10984,7456,-33,37,-325,-14376,5892,2968,-1041,190,-209,-14328,-1892,7308,-435,6,-47,0
2431.238420009613,9780,3480,12136,-272,-308,162,9432,-10936,7420,-16,46,-353,-14112,5916,2956,-1023,191,-181,-14260,-1900,7348,-412,250,-34,0
2431.271945953369,9720,3464,12016,-283,-304,155,9380,-10840,7568,-61,-25,-288,-14284,5904,2896,-1009,196,-168,-14384,-1848,7392,-456,218,-40,0
2431.3056399822235,9812,3196,11896,-259,-284,174,9392,-10812,7480,-89,-78,-291,-14356,5808,2736,-978,159,-126,-14412,-1776,7172,-485,203,-65,0
2431.3391580581665,9828,3316,11864,-246,-300,174,9588,-10808,7368,31,132,-224,-14168,5728,2952,-976,124,-153,-14316,-1760,7244,-476,172,-106,0
2431.3725080490112,9764,3488,11700,-277,-279,169,9344,-10880,7540,-25,94,-221,-14236,5928,3036,-1014,183,-161,-14272,-1772,7336,-486,162,-62,0
2431.405988931656,9808,3420,11944,-222,-308,197,9376,-10796,7524,-93,44,-255,-14404,5920,3024,-770,177,-146,-14360,-1936,7216,-475,174,-57,0
2431.4395310878754,9732,3424,12008,-239,-1,188,9484,-10860,7476,-21,142,-254,-14348,5988,2700,-1008,132,-108,-14424,-1808,7260,-493,163,-103,0
2431.473051071167,10160,3284,11776,-198,-216,164,9676,-10908,7568,-7,93,-186,-14368,5792,2824,-1035,121,-141,-14340,-1780,7132,-499,161,-90,0
2431.5064339637756,9860,3400,11560,-192,-140,168,9432,-10844,7448,17,66,-195,-14092,5776,2860,-1061,113,-177,-14316,-2024,7240,-767,170,-108,0
2431.5399961471558,9752,3452,11868,-180,-212,117,9440,-10884,7472,-29,74,-241,-14332,6124,2968,-1032,95,-128,-14352,-1888,6944,-545,197,-134,0
2431.5734050273895,9868,3332,11912,-183,-193,126,9440,-10920,7520,61,60,-232,-14288,5824,2696,-1034,98,-114,-14280,-1924,7336,-543,189,-109,0
2431.606913089752,9864,3416,11520,-158,-214,142,9220,-10772,7540,0,35,-214,-14328,5824,2784,-990,79,-104,-14104,-1800,7352,-498,141,-142,0
2431.6401929855347,9840,3324,11900,-193,-139,113,9428,-10740,7488,21,163,-202,-14356,5780,2948,-987,40,-120,-14252,-1848,7252,-510,157,-144,0
2431.673748970032,9840,3416,11876,-177,-136,90,9308,-10772,7496,-17,128,-211,-14484,5872,2696,-953,70,-121,-14300,-1944,7228,-475,141,-124,0
2431.707349061966,9804,3136,11792,-173,-130,100,9380,-10860,7464,46,111,-221,-14084,5944,2864,-952,87,-94,-14104,-1800,7324,-484,179,-120,0
2431.740788936615,9820,3576,12240,-186,-158,121,9536,-10772,7636,-24,131,-241,-14236,5832,2768,-996,114,-145,-14564,-2004,7288,-475,184,-111,0
2431.7738909721375,9732,3344,12004,-180,-162,112,9700,-10996,7172,42,87,-249,-14448,6108,3188,-987,104,-174,-14288,-1900,7208,-477,232,-110,0
2431.8106820583344,9852,3576,11844,-210,-184,118,9448,-10772,7520,64,79,-288,-14156,6136,2904,-1024,95,-116,-14244,-1984,7180,-500,222,-118,0
2431.8460791110992,9784,3440,11988,-162,-191,126,9216,-10768,7500,-10,99,-213,-14084,5792,2920,-1018,170,-154,-14340,-1852,7304,-529,203,-80,0
2431.8822209835052,9828,3492,11612,-152,-130,149,9548,-10812,7552,94,120,-264,-14380,5880,2896,-989,128,-129,-14588,-2176,7292,-475,161,-118,0
2431.9180750846863,9756,3340,11964,-168,-188,112,9368,-10504,7464,-8,149,-194,-14136,6064,2648,-1009,85,-106,-14440,-1884,7340,-481,148,-106,0
2431.953525066376,9968,3396,11900,-172,-134,109,9436,-10896,7568,-156,159,-127,-14572,5880,2896,-989,45,-98,-14460,-1800,7256,-768,82,-98,0
2431.9888751506805,9732,3344,12028,-189,-94,149,9408,-10924,7660,-120,145,-174,-14276,5856,2964,-971,135,-34,-14228,-1916,7252,-456,119,-142,0
2432.024171113968,9896,3424,11748,-188,-91,114,9444,-10868,7560,-75,100,-220,-14296,5876,2784,-978,164,-127,-14280,-1796,7368,-460,165,-79,0
2432.0596730709076,9808,3320,11880,-185,-128,159,9448,-10888,7436,-7,77,-177,-14400,5868,2744,-770,131,-55,-14592,-1832,7256,-504,175,-62,0
2432.0950269699097,10012,3088,11740,-174,-130,182,9696,-10968,7460,80,98,-188,-14408,5836,2916,-1050,168,-142,-14328,-1812,7100,-507,173,-73,0
2432.130893945694,9996,3344,11744,-208,-110,160,9488,-10844,7412,34,107,-193,-14576,5752,3032,-1039,148,-73,-14544,-2012,7172,-476,145,-44,0
2432.1670911312103,9928,3468,11912,-192,-114,114,9680,-10820,7344,-38,109,-183,-14308,5884,2868,-1019,109,-80,-14344,-1820,7340,-464,133,-128,0
2432.2024159431458,9836,3316,11940,-193,-125,103,9384,-10848,7496,-12,124,-170,-14304,5856,2868,-1010,105,-90,-14580,-1848,7248,-500,125,-111,0
2432.238140106201,9928,3340,11888,-160,-74,115,9456,-10844,7364,-105,109,-186,-14288,5808,2756,-979,127,-57,-14196,-1896,7324,-446,166,-130,0
2432.2736921310425,9816,3336,11764,-191,-88,101,9676,-11008,7652,35,125,-220,-14336,5928,3068,-770,120,-105,-14104,-1824,7240,-467,174,-114,0
2432.3091320991516,9932,3380,12016,-206,-127,138,9452,-10756,7368,-22,155,-181,-14300,5648,2828,-998,167,-93,-14348,-1812,7212,-475,188,-61,0
2432.344185113907,9856,3128,11904,-185,-149,145,9544,-10808,7484,26,101,-229,-14356,5792,2728,-1014,192,-133,-14140,-1908,7388,-484,173,-68,0
2432.3799641132355,9968,3360,11748,-166,-132,162,9516,-10984,7436,-254,168,-236,-14372,5792,2756,-1038,148,-84,-14216,-1888,7180,-495,160,-103,0
2432.414869070053,10120,3576,11840,-194,-110,156,9524,-10892,7560,-79,113,-188,-14348,5884,3016,-775,133,-88,-14344,-1880,7212,-485,119,-108,0
2432.4516930580135,9924,3408,11748,-155,-98,121,9516,-10804,7492,31,132,-215,-14324,5700,2724,-1001,138,-59,-14588,-1596,7316,-488,121,-125,0
2432.485311985016,10044,3476,12136,-222,-93,100,9576,-10680,7628,-10,200,-159,-14332,5876,2828,-1005,127,-50,-14260,-1848,7124,-480,117,-101,0
2432.518793106079,10008,3340,11868,-170,-77,101,9228,-10780,7556,-118,116,-138,-14300,5788,2808,-1043,168,-91,-14252,-1904,7036,-464,170,-122,0
2432.5523171424866,9952,3372,11816,-181,-35,102,9496,-10836,7452,9,161,-187,-14376,5736,2752,-1038,113,-81,-14268,-1880,7160,-459,134,-137,0
2432.5860891342163,9980,3360,11924,-150,-33,92,9580,-10812,7328,17,164,-161,-14416,5716,3032,-1055,103,-64,-14332,-1668,7328,-468,144,-165,0
2432.6195290088654,9964,3316,11992,-194,33,79,9536,-10756,7508,-10,175,-108,-14236,5860,2748,-1060,115,-20,-14264,-1844,7296,-444,98,-158,0
2432.652858018875,9852,3120,11772,-190,67,76,9408,-10532,7460,57,192,-127,-14544,5944,2812,-1066,141,-73,-14348,-1888,7224,-462,124,-100,0
2432.6860921382904,10236,3440,11864,-197,37,120,9276,-10860,7436,28,138,-123,-14348,6128,2948,-1062,124,-64,-14408,-1836,7276,-454,125,-94,0
2432.7197139263153,9884,3340,11904,-152,10,95,9536,-10776,7560,-26,114,-133,-14332,5864,2844,-1023,106,-71,-14396,-1848,7320,-457,123,-127,0
2432.753540992737,10196,3208,11888,-223,-38,95,9424,-10904,7400,-35,174,-164,-14112,6044,2816,-1008,26,-93,-14428,-1940,7304,-468,104,-182,0
2432.787256002426,9876,3252,11920,-173,-93,95,9488,-10852,7516,-43,145,-169,-14308,6120,2956,-981,35,-75,-14304,-1864,7408,-492,128,-141,0
2432.8207669258118,9832,3328,11904,-123,-59,81,9480,-10816,7652,-31,137,-194,-14100,5716,2844,-936,63,-61,-14360,-1896,7292,-485,119,-158,0
2432.8543181419373,9964,3248,11864,-148,-89,52,9388,-10820,7580,-4,210,-214,-14256,6064,2776,-993,60,-118,-14292,-1664,7192,-487,225,-166,0
2432.887684106827,9828,3304,11976,-224,-108,94,9452,-10720,7232,61,150,-184,-14336,5720,2880,-1019,87,-111,-14248,-1828,7152,-480,181,-138,0
2432.9213440418243,10036,3088,11944,-160,-30,79,9720,-10520,7324,8,171,-130,-14340,5752,2796,-994,57,-55,-14392,-1864,7216,-441,131,-157,0
2432.9548799991608,9732,3356,11760,-206,75,52,9560,-10728,7528,25,218,-121,-14340,5792,2868,-985,41,-3,-14584,-1884,7272,-416,66,-137,0
2432.988456964493,9940,3332,11796,-193,60,80,9460,-10716,7620,17,202,-104,-14392,5864,2696,-1061,35,-55,-14164,-1984,7220,-469,76,-148,0
2433.021703004837,9824,3376,11788,-84,80,113,9544,-10824,7496,-23,124,-88,-14368,5848,2728,-1029,81,-52,-14400,-1872,7252,-499,109,-168,0
2433.055290937424,9964,3352,11908,-69,89,101,9508,-10860,7404,-14,113,-93,-14264,5852,2704,-1022,67,252,-14092,-1840,7224,-532,58,-115,0
2433.0890629291534,9936,3408,11632,-75,111,81,9456,-10656,7388,-56,148,-62,-14324,5792,2864,-771,65,30,-14400,-1944,7124,-474,16,-187,0
2433.1226580142975,9796,3468,11820,-128,176,27,9436,-10504,7536,-63,201,-8,-14256,5800,3028,-1278,21,28,-14172,-2012,7352,-467,20,-138,0
2433.155874967575,9844,3472,11868,-128,162,70,9288,-10888,7440,-31,224,-28,-14248,6080,2816,-1044,60,-245,-14320,-1796,7300,-467,56,-112,0
2433.189477920532,9736,3480,11860,-99,122,103,9448,-10852,7436,-14,127,-72,-14144,6132,2908,-1046,99,-39,-14252,-1988,7244,-493,78,-120,0
2433.2228350639343,9732,3548,11860,-20,103,89,9332,-10884,7484,-90,101,-96,-14300,5656,2912,-1012,86,4,-14260,-1872,7644,-503,67,-153,0
2433.255779981613,9824,3316,11892,-244,74,69,9380,-10788,7540,-116,116,-98,-14512,5944,2864,-996,74,-256,-14316,-1808,7384,-262,60,-179,0
2433.289602994919,9924,3288,12108,-10,121,64,9356,-10908,7396,-80,190,-102,-14324,5876,2992,-972,40,-36,-14328,-1776,7452,-515,54,-192,0
2433.323101043701,9836,3424,11848,-40,112,11,9396,-10868,7492,-53,222,-97,-14252,5972,3012,-995,18,239,-14360,-1732,7288,-503,40,-156,0
2433.356500148773,9508,3396,12148,-34,117,66,9472,-10936,7520,-36,193,-69,-14312,5876,2896,-977,76,254,-14252,-1832,7196,-472,47,-104,0
2433.3898050785065,9768,3432,11828,-74,77,88,9420,-10768,7572,-70,136,-85,-14392,6004,3048,-985,97,25,-14304,-1856,7256,-458,71,-134,0
2433.4233779907227,9896,3432,11780,-113,61,94,9416,-10876,7556,-66,150,-127,-14316,6032,2964,-988,51,-32,-14368,-1760,7344,-496,103,-140,0
2433.456831932068,9808,3412,11944,-138,13,82,9420,-11024,7468,-44,182,-100,-14336,5748,2952,-1022,43,-45,-14292,-1912,7292,-529,97,-136,0
2433.494341135025,9496,3536,11872,-101,82,73,9424,-10872,7660,-56,183,-109,-14340,5876,2912,-1012,25,-48,-14420,-1908,7224,-521,86,-181,0
2433.5297560691833,9816,3328,11920,-141,32,69,9316,-10916,7356,-21,174,-137,-14252,6132,2816,-1003,28,-36,-14216,-1796,7332,-500,111,-138,0
2433.5649309158325,9940,3440,11940,-121,69,67,9248,-10844,7460,-35,171,-114,-14252,5948,2980,-999,111,-21,-14340,-2024,7344,-462,75,-122,0
2433.6007490158086,9652,3464,11868,-154,35,120,9380,-10940,7620,-43,109,-137,-14280,6112,3124,-1015,103,-69,-14328,-2020,7400,-504,86,-142,0
2433.6353261470795,9972,3464,12088,-140,-67,118,9444,-10928,7656,-39,103,-163,-14368,6024,2864,-990,96,-46,-14312,-1904,7508,-479,96,-142,0
2433.6705889701843,9680,3516,12028,-163,-43,82,9296,-10800,7192,-53,155,-172,-14208,6032,2968,-985,74,-109,-14176,-1776,7224,-512,129,-126,0
2433.7062051296234,9632,3480,11852,-176,-64,71,9252,-10956,7600,0,180,-185,-14196,5984,3032,-1049,124,-136,-14248,-1700,7332,-451,189,-101,0
2433.742252111435,9540,3460,11780,-145,-60,129,9336,-10920,7516,-251,133,-197,-14300,5976,2880,-1037,158,-99,-14280,-1812,7588,-472,148,-91,0
2433.7781341075897,9656,3468,12120,-159,-96,139,9300,-10872,7480,-51,126,-185,-14216,5932,2860,-1034,169,-125,-14088,-1952,7324,-510,137,-111,0
2433.8136739730835,9812,3392,12024,-157,-37,104,9468,-10960,7408,-40,116,-152,-14400,6024,2676,-1009,126,-73,-14348,-1992,7392,-512,129,-128,0
2433.8492879867554,9808,3528,11916,-167,-73,111,9404,-10900,7548,-37,176,-148,-14276,5892,3020,-1005,50,-77,-14328,-1924,7312,-459,131,-97,0
2433.884073019028,9624,3516,11860,-223,-58,143,9240,-10876,7500,-41,124,-128,-14384,5972,2964,-1013,124,-40,-14276,-1860,7424,-459,101,-107,0
2433.919505119324,9720,3412,11932,-168,-55,113,9344,-10964,7436,-63,127,-167,-14276,5664,2884,-994,111,-76,-14400,-1916,7312,-494,110,-119,0
2433.9546389579773,9828,3428,11796,-170,-71,118,9340,-10912,7420,-47,124,-160,-14248,5988,2888,-999,79,-63,-14132,-1952,7576,-490,108,-148,0
2433.990420103073,9472,3500,11956,-141,-61,91,9344,-10840,7496,-43,122,-174,-14252,5792,2888,-986,84,-87,-14232,-1916,7416,-495,155,-126,0
2434.0259211063385,9488,3464,11920,-154,-94,92,9416,-10864,7508,-41,139,-182,-14328,5996,2992,-1003,69,-94,-14248,-1948,7416,-490,154,-151,0
2434.063226938248,9824,3404,12084,-126,-65,110,9328,-10868,7436,-32,127,-184,-14240,6040,2936,-976,59,-104,-14224,-1828,7404,-508,128,-152,0
2434.0997450351715,9796,3480,12000,-155,-36,96,9316,-11008,7556,-35,161,-163,-14180,5920,2920,-985,84,-101,-14208,-1972,7520,-508,127,-134,0
2434.1358640193935,9752,3516,11932,-125,-52,128,9376,-10884,7476,-37,112,-142,-14224,6012,2880,-1002,75,-72,-14300,-1848,7312,-258,107,-140,0
2434.1694519519806,9476,3500,12280,-110,-75,91,9304,-10912,7616,-10,156,-129,-14320,6020,2992,-1011,50,-57,-14308,-1936,7384,-520,116,-125,0
2434.20298409462,9480,3432,12024,-195,28,87,9252,-10928,7396,13,157,-150,-14180,5916,2880,-1018,59,-28,-14144,-1884,7316,-482,119,-118,0
2434.236485004425,9700,3520,11972,-155,-28,106,9308,-10940,7528,-23,141,-125,-14084,5896,3036,-1006,84,-78,-14268,-1916,7392,-457,141,-107,0
2434.2699489593506,9632,3544,12072,-173,-28,114,9272,-10868,7504,-16,125,-156,-14272,5900,2864,-1009,65,-91,-14244,-1976,7672,-460,119,-97,0
2434.3034620285034,9592,3460,11932,-187,-49,107,9296,-10908,7456,-72,142,-171,-14280,6000,2936,-1013,120,-120,-14292,-1896,7460,-472,176,-94,0
2434.3371851444244,9644,3468,11940,-172,-91,128,9356,-10920,7480,-40,117,-185,-14232,6048,2920,-1001,110,-53,-14252,-1876,7320,-496,173,-128,0
2434.3703601360326,9740,3548,11896,-159,-73,115,9360,-10884,7492,9,174,-191,-14128,5936,2980,-1001,104,-97,-14316,-1624,7380,-475,175,-127,0
2434.403739929199,9672,3488,11884,-177,-91,131,9372,-10916,7588,-12,133,-184,-14288,5996,2916,-1019,127,-75,-14336,-1880,7352,-501,157,-102,0
2434.4374210834503,9656,3504,11876,-178,-83,122,9356,-10924,7516,0,105,-204,-14204,5884,2900,-1036,157,-105,-14212,-1976,7480,-508,156,-88,0
2434.4709811210632,9764,3464,11940,-166,-65,118,9296,-10952,7472,-14,135,-179,-14288,5956,2936,-1006,111,-71,-14244,-1828,7492,-483,160,-102,0
2434.5042619705205,9792,3412,11964,-162,-99,119,9416,-10864,7480,-11,160,-166,-14360,5916,3016,-1001,88,-47,-14284,-1936,7472,-495,186,-124,0
2434.5378789901733,9564,3464,12032,-166,-80,135,9332,-10900,7592,-11,125,-165,-14232,6004,3084,-1000,99,-98,-14252,-1840,7444,-470,162,-111,0
2434.571025133133,9724,3424,11940,-166,-76,118,9392,-10884,7676,-14,148,-168,-14256,5976,2944,-1026,96,-99,-14308,-1908,7412,-498,121,-114,0
2434.6044690608974,9616,3488,11876,-161,-41,101,9288,-10904,7528,-51,146,-170,-14276,5992,3092,-1002,98,-76,-14264,-1964,7472,-490,144,-154,0
2434.637943029404,9872,3384,12096,-162,-40,101,9364,-10876,7632,-22,143,-178,-14244,5980,2588,-1022,123,-71,-14296,-1804,7444,-490,158,-118,0
2434.671406030655,9928,3480,11988,-156,-56,107,9276,-10788,7584,8,145,-192,-14188,6116,2604,-1276,103,-90,-14256,-1832,7376,-483,147,-118,0
2434.7048931121826,9784,3472,12016,-152,-86,111,9320,-10832,7476,-34,129,-217,-14236,5892,2928,-1027,148,-132,-14320,-1912,7168,-457,177,-113,0
2434.7384281158447,9616,3508,12016,-160,-55,105,9448,-10836,7632,-24,112,-187,-14220,6016,2900,-1024,133,-86,-14208,-1928,7632,-480,152,-128,0
2434.7718811035156,9736,3540,12024,-175,-62,109,9276,-10900,7504,245,161,-198,-14564,6036,2852,-1040,104,-59,-14548,-1864,7660,-764,137,-114,0
2434.805503129959,9600,3452,11872,-178,-58,109,9304,-10948,7500,13,156,-139,-14260,5980,3004,-1041,117,-40,-14324,-1876,7264,-473,103,-120,0
2434.8392219543457,9476,3528,12028,-134,-253,78,9420,-10764,7652,-27,163,-159,-14284,5888,2936,-1031,66,-76,-14120,-1876,7404,-499,77,-156,0
2434.8726971149445,9964,3468,11964,-132,22,31,9304,-10800,7592,48,224,-184,-14284,5916,2896,-1002,53,-36,-14220,-1896,7388,-485,117,-156,0
2434.905874967575,9604,3404,11768,-172,71,45,9432,-10788,7532,39,291,-187,-14188,5976,2840,-1016,96,-46,-14180,-1864,7340,-449,132,-109,0
2434.9392080307007,9564,3540,12064,-207,42,45,9328,-11004,7720,188,257,-198,-14164,6000,3060,-1131,231,-58,-14224,-1944,7452,-396,156,-137,0
2434.972389936447,9576,3364,12276,-343,-72,84,9196,-11104,7512,-63,-143,-169,-14264,6124,3060,-966,136,-145,-14312,-1856,7544,-373,190,-75,0
2435.0060000419617,9620,3728,12060,-374,-189,134,8580,-12468,7004,189,164,-311,-14576,6024,2948,-984,264,-219,-14212,-1912,7508,-465,228,-20,0
2435.0396480560303,9608,3532,12120,-186,-297,164,9300,-11044,7700,-23,-51,-306,-14316,6008,3144,-918,211,-181,-14272,-1868,7480,-495,1,-42,0
2435.073257923126,9604,3280,12020,-254,-281,187,9208,-10968,7284,-88,34,-316,-14300,6060,2832,-885,176,-164,-14176,-1820,7672,-474,224,-13,0
2435.1070251464844,9544,3452,12024,-387,-329,210,9352,-10996,7520,-98,149,-296,-14176,5932,2980,-908,202,-187,-14160,-1852,7448,-408,252,-26,0
2435.140119075775,9520,3432,12032,-388,-313,201,9276,-10892,7468,-25,187,-316,-14172,5768,2952,-929,235,-161,-14268,-1816,7272,-376,318,39,0
2435.178067922592,9716,3464,11916,-427,-332,232,9388,-10800,7540,-89,177,-301,-14236,5648,2888,-971,289,-207,-14296,-1800,7340,-354,316,28,0
2435.2132101058965,9812,3348,11872,-403,-334,227,9412,-10856,7540,-151,210,-306,-14332,5948,2848,-964,272,-211,-14252,-1780,7384,-390,307,11,0
2435.24880695343,9924,3384,11972,-355,-369,227,9316,-10868,7680,-117,333,-357,-14380,6096,2928,-968,227,-189,-14236,-2024,7272,-381,314,-15,0
2435.28333902359,9848,3440,11884,-305,-358,198,9384,-10816,7548,-155,24,-282,-14400,6000,2844,-985,210,-187,-14392,-2044,7248,-408,255,1,0
2435.318827152252,9904,3456,11848,-324,-289,182,9364,-10828,7532,-218,511,-184,-14324,6060,2864,-992,193,-107,-14384,-1840,7340,-447,147,-54,0
2435.3540840148926,9856,3416,11908,-286,-165,197,9368,-10808,7456,-47,74,-213,-14276,5864,2880,-1009,137,-109,-14356,-1860,7256,-493,122,-38,0
2435.3902249336243,9780,3156,11872,-272,-140,171,9336,-10784,7528,-32,94,-168,-14412,5780,3004,-1010,139,-103,-14272,-1804,7204,-464,157,-73,0
2435.4255781173706,9856,3332,11848,-254,-136,179,9388,-10520,7416,-126,162,-203,-14256,6104,2748,-995,147,-41,-14292,-1780,7204,-423,128,-56,0
2435.461328983307,9872,3072,11840,-223,-166,115,9388,-10856,7284,-103,136,-220,-14124,5988,2788,-1021,130,-80,-14344,-1716,6980,-465,172,-102,0
2435.4977891445164,9560,3196,11936,-256,-168,108,9336,-10964,7448,-132,328,-173,-14244,5988,2636,-995,82,-83,-14088,-1844,7316,-443,175,-97,0
2435.5328340530396,9844,3220,11820,-179,-61,101,9356,-10888,7612,-88,198,-213,-14312,5960,2884,-1011,87,-73,-14224,-1624,7336,-411,159,-159,0
2435.568197965622,9836,3220,12252,-166,-79,79,9004,-10948,7712,145,-83,-213,-14272,6056,2880,-1082,167,-86,-14284,-1680,7300,-485,223,-103,0
2435.603313922882,9928,3296,11956,-115,17,111,9264,-10928,7628,128,-67,-158,-14160,5988,2912,-1043,146,-118,-14360,-1836,7212,-504,166,-113,0
2435.6391479969025,9816,3248,11976,-123,9,87,9420,-10900,7508,-36,113,-168,-14340,5928,2756,-1002,72,-82,-14364,-1732,7404,-498,145,-136,0
2435.6741869449615,9852,3284,12028,-175,-110,61,9348,-10928,7560,-53,178,-212,-14372,5892,2796,-990,72,-114,-14108,-1776,7296,-479,228,-162,0
2435.710202932358,9788,3268,11828,-171,-160,45,9344,-11004,7660,-65,181,-276,-14392,6084,2916,-991,48,-190,-14368,-1720,7288,-485,261,-205,0
2435.7455611228943,9892,3296,11924,-137,-152,42,9332,-10820,7168,-244,135,-307,-14192,5900,2792,-1001,97,-179,-14288,-1700,7436,-476,279,-168,0
2435.7811830043793,9820,3556,12004,-161,-107,58,9392,-11004,7244,53,47,-280,-14188,5868,2836,-1003,106,-147,-14240,-1872,6960,-444,270,-118,0
2435.8175740242004,9796,3376,11632,-177,-123,70,9296,-10740,7492,17,116,-237,-14148,5924,2800,-1016,153,-130,-14100,-2004,7244,-457,256,-95,0
2435.851133108139,9728,3372,11916,-190,-129,145,9336,-10776,7492,255,107,-228,-14348,5868,2800,-1280,195,-174,-14556,-1760,7312,-463,226,-44,0
2435.884304046631,9792,3348,11816,-130,-130,161,9520,-10788,7428,-18,103,-234,-14176,5892,2972,-1059,200,-142,-14296,-1752,7272,-494,236,-52,0
2435.9179589748383,9856,3112,12004,-151,-148,152,9496,-10820,7668,-24,39,-279,-14368,5824,3028,-1021,158,-111,-14432,-1756,7352,-510,189,-102,0
2435.9514479637146,9976,3196,11928,-183,-151,150,9504,-10816,7436,-18,128,-208,-14580,5940,2728,-997,118,-84,-14400,-1736,7164,-537,133,-101,0
2435.9850461483,9896,3180,12084,-135,-126,127,9580,-10808,7528,-87,232,-189,-14468,5948,2776,-1275,38,-44,-14356,-1692,7344,-542,116,-148,0
2436.0186700820923,9840,3320,11900,-157,-116,126,9400,-10996,7480,115,143,-186,-14276,5780,2756,-1013,47,-104,-14264,-1812,7196,-509,116,-165,0
2436.0521581172943,9820,3360,11768,-115,-67,118,9440,-10668,7556,4,232,-156,-14344,5784,2856,-985,86,-43,-14384,-2008,7248,-469,97,-118,0
2436.085534095764,9880,3468,11980,-156,-73,113,9416,-10740,7584,-167,219,-156,-14272,5860,2648,-981,116,-22,-14532,-1540,6988,-463,76,-105,0
2436.119327068329,9944,3376,11916,-143,-36,110,9476,-10736,7528,-34,84,-223,-14576,5812,2980,-984,129,-68,-14532,-1592,7180,-495,104,-125,0
2436.152650117874,9996,3300,11956,-153,-69,89,9420,-10812,7444,-119,227,-151,-14228,5824,2944,-1002,104,-79,-14304,-1688,7372,-479,79,-147,0
2436.1857731342316,9836,3280,11864,-204,-39,95,9408,-10888,7528,-105,246,-98,-14320,5848,2792,-1000,41,251,-14572,-1580,7372,-472,49,-141,0
2436.2195150852203,9808,3412,11964,-178,-46,72,9392,-10892,7236,-119,213,-110,-14288,5940,2920,-769,54,-25,-14232,-1668,7320,-768,100,-167,0
2436.2529659271245,9788,3276,12044,-129,-20,130,9112,-10912,7684,22,132,-65,-14288,5916,2908,-1075,130,-5,-14312,-1764,7580,-539,53,-109,0
2436.2864639759064,9732,3364,11804,-21,-15,143,9320,-10940,7704,-53,26,-121,-14296,6000,2700,-1275,164,-61,-14352,-1732,7264,-553,103,-97,0
2436.319999933243,9772,3380,11968,-46,16,122,9376,-10816,7404,-125,159,-151,-14348,5760,2676,-1038,112,-56,-14272,-1728,7260,-520,97,-143,0
2436.3537890911102,9912,3108,11548,-93,-32,62,9224,-10832,7456,-186,422,-101,-14264,5860,2592,-1046,39,-67,-14260,-1772,7308,-492,99,-181,0
2436.3873291015625,9836,3132,11844,-148,253,24,9616,-10996,7188,-227,525,-88,-14360,5920,2772,-1046,-1,-27,-14564,-1676,7232,-451,111,-167,0
2436.4208381175995,9900,3532,12220,-137,-17,20,9220,-10848,7608,-229,413,-94,-14116,5896,2760,-1010,21,-256,-14088,-1748,7336,-459,109,-169,0
2436.454324960708,9892,3304,12020,-90,23,54,9212,-10980,7480,-151,367,-60,-14260,6012,2568,-1033,38,-5,-14120,-1688,7304,-489,92,-176,0
2436.4878969192505,9780,3268,12004,-63,78,77,9240,-10920,7584,67,176,-42,-14124,5964,2616,-1035,99,-16,-14320,-1712,7364,-528,36,-156,0
2436.5216441154485,9796,3360,11948,-14,94,71,9228,-10848,7416,-13,248,-28,-14288,5960,2856,-1068,54,-32,-14164,-1812,7368,-512,53,-165,0
2436.555267095566,9744,3348,11860,-71,42,38,9296,-10844,7624,-69,328,-36,-14316,5676,3028,-1038,12,252,-14332,-1800,7352,-506,69,-167,0
2436.5887911319733,9732,3468,11820,-83,60,68,9232,-10892,7612,-61,288,-21,-14196,5964,2960,-995,74,23,-14208,-1992,7276,-502,25,-162,0
2436.6221020221706,9760,3496,11860,-53,60,76,9260,-10952,7532,-20,216,-72,-14228,5672,3000,-1032,112,-28,-14244,-1820,7284,-491,79,-115,0
2436.655466079712,9840,3564,12008,-107,12,111,9284,-10920,7548,-98,182,-88,-14320,5828,2800,-1000,96,-17,-14268,-1848,7284,-504,108,-97,0
2436.689208984375,9840,3560,11980,-95,-28,107,9252,-10904,7556,-109,185,-130,-14200,5908,2572,-981,55,-55,-14236,-1748,7292,-474,91,-128,0
2436.7226850986485,9808,3344,12172,-136,-36,82,9272,-10796,7856,-55,185,-127,-14316,5972,2776,-964,60,-61,-14256,-1784,7320,-478,113,-125,0
2436.7563769817352,9948,3496,12008,-150,-40,91,9252,-10960,7584,-126,241,-153,-14256,5828,2848,-949,36,-56,-14288,-1736,7304,-469,117,-147,0
2436.7895290851593,9736,3344,11820,-100,-44,87,9256,-10852,7576,-97,190,-128,-14376,6016,3052,-958,42,-43,-14512,-1688,7440,-479,102,-164,0
2436.8228759765625,9736,3368,12032,-126,9,89,8984,-11200,7924,-3,195,-98,-14188,5976,2940,-1013,50,-53,-14332,-1784,7396,-534,68,-130,0
2436.8602800369263,9672,3300,11896,-107,16,112,9464,-10976,7604,-75,189,-79,-14368,6024,2872,-1001,58,26,-14244,-1800,7176,-504,60,-175,0
2436.8953931331635,9832,3388,11868,-137,34,111,9200,-10928,7668,-17,172,-71,-14240,5936,3008,-1019,83,-17,-14472,-1556,7368,-503,139,-67,0
2436.946068048477,9756,3400,11992,-171,18,116,8988,-10992,7588,10,171,-116,-14168,6088,3048,-1036,127,-31,-14212,-1900,7312,-480,116,-132,0
2436.993615150452,9672,3416,11956,-168,-2,97,8960,-10992,7564,-27,125,-158,-14568,5988,2908,-963,88,-7,-14280,-1972,7332,-462,97,-126,0
2437.03417301178,9704,3396,11984,-216,24,76,9436,-10988,7452,104,34,-219,-14212,6004,2840,-1000,88,-74,-14272,-2012,7460,-431,157,-129,0
2437.0697429180145,9736,3368,12084,-277,-49,100,9176,-10916,7664,150,52,-241,-14224,5968,2956,-1275,90,-104,-14200,-1776,7460,-432,219,-113,0
2437.105155944824,9648,3452,12236,-245,-131,119,9164,-11164,7724,63,50,-281,-14288,5948,2924,-979,144,-178,-14200,-1812,7492,-455,223,-114,0
2437.140403985977,9632,3448,11992,-204,-183,124,9016,-11240,7608,-64,74,-259,-14552,6012,3200,-957,117,-177,-14216,-1636,7384,-482,228,-100,0
2437.1755409240723,9664,3084,11784,-250,-225,106,9180,-10892,7448,-131,226,-247,-14140,6004,3024,-962,129,-212,-14208,-1964,7360,-471,223,-110,0
2437.211326122284,9656,3376,11932,-289,-219,146,9168,-10812,7608,67,43,-281,-14180,5960,2900,-970,212,-151,-14260,-1680,7228,-429,197,-13,0
2437.2476041316986,9980,3356,12032,-329,-140,186,9232,-10964,7668,2,87,-242,-14212,5896,2824,-995,237,-130,-14304,-1780,7344,-416,187,0,0
2437.282627105713,9764,3312,11908,-353,-205,200,9316,-10868,7576,-55,114,-279,-14376,5920,2936,-991,507,-165,-14500,-1700,7212,-426,257,23,0
2437.3181250095367,9784,3296,12188,-366,-7,211,9320,-10908,7528,-49,154,-274,-14380,5920,2940,-975,243,-164,-14296,-2028,7244,-417,249,-23,0
2437.353660106659,9756,3272,11996,-356,-274,170,9368,-10884,7632,-254,134,-273,-14256,5972,3004,-986,219,-152,-14276,-1812,7352,-431,0,-8,0
2437.3889241218567,9868,3288,11912,-321,-281,172,9348,-10960,7604,-27,121,-254,-14292,5840,2932,-1009,223,-205,-14360,-1772,7416,-440,213,-27,0
2437.424432992935,9840,3432,11780,-333,-226,189,9316,-10812,7516,-26,55,-254,-14152,5664,3068,-987,225,-148,-14388,-1744,7204,-415,160,-19,0
2437.460051059723,9772,3272,11808,-268,-192,191,9280,-10864,7456,-71,59,-212,-14472,5884,2792,-772,176,-125,-14356,-1760,7444,-445,140,-67,0
2437.4965550899506,9856,3248,12012,-316,-192,195,9140,-10924,7536,-81,66,-196,-14336,5996,2756,-996,146,-76,-14264,-1784,7292,-492,147,-71,0
2437.530077934265,9888,3116,11808,-273,-127,189,9068,-10956,7580,-18,-10,-196,-14312,6096,2748,-1002,186,-55,-14208,-1732,7292,-426,141,-50,0
2437.5635809898376,9856,3252,11960,-288,-226,166,9296,-10912,7580,-84,100,-207,-14300,5952,2820,-1015,130,-107,-14348,-1596,7320,-464,164,-45,0
2437.5971441268925,9876,3256,11928,-295,-230,176,9392,-10964,7392,-85,85,-203,-14272,6008,2852,-1023,172,-113,-14324,-1668,7316,-446,153,-75,0
2437.6302421092987,9792,3220,11964,-238,-142,163,9236,-10884,7524,-40,49,-197,-14276,5928,2624,-1011,129,-59,-14264,-1644,7384,-476,75,-91,0
2437.663581132889,9832,3208,11992,-185,-100,164,9336,-10888,7496,-40,114,-144,-14284,6028,2692,-1032,124,-23,-14096,-1740,7384,-488,79,-138,0
2437.6973891258244,9804,3184,11744,-169,-36,100,9256,-10780,7568,-55,173,-115,-14424,5856,2712,-769,69,-28,-14280,-1632,6948,-503,73,-156,0
2437.7307209968567,9744,3120,11856,-123,-2,65,9468,-10860,7528,-12,187,-114,-14332,5904,2684,-1045,133,-68,-14296,-1692,7236,-501,110,-118,0
2437.7640810012817,9904,3120,11960,-127,-24,88,9384,-10908,7436,-65,224,-87,-14244,5996,2672,-1070,107,-51,-14388,-1664,7260,-479,123,-143,0
2437.79762005806,9952,3296,11872,-95,-48,111,9372,-10888,7712,-39,181,-134,-14116,5952,2980,-1029,90,-33,-14396,-1672,7360,-489,140,-169,0
2437.8312261104584,9876,3176,11948,-141,-35,117,9304,-10908,7528,-8,194,-126,-14560,5948,2676,-1043,53,-39,-14280,-1700,7340,-506,130,-169,0
2437.8643159866333,9884,3228,11932,-113,-32,74,9436,-10884,7596,14,184,-121,-14276,5884,2736,-1042,31,-77,-14392,-1688,7620,-767,125,-195,0
2437.8977451324463,9976,3244,11956,-66,30,75,9224,-10888,7592,-9,192,-129,-14196,5716,2916,-1064,46,-42,-14128,-1724,7660,-501,100,-156,0
2437.931244134903,9780,3296,11948,-59,36,70,9220,-11236,7644,-44,200,-111,-14316,6052,2572,-1006,18,-8,-14336,-1776,7416,-498,93,-201,0
2437.964594125748,9744,3132,12196,-59,39,45,9180,-10984,7576,-67,216,-94,-14296,5920,2904,-1008,16,-19,-14104,-1660,7232,-532,115,-207,0
2437.9980721473694,9888,3508,11816,-41,63,60,9244,-10972,7536,-59,235,-86,-14188,6044,2760,-1021,59,-44,-14544,-1716,7460,-509,74,-159,0
2438.03160405159,9928,3204,11932,-48,16,81,9060,-10872,7660,-24,209,-108,-14212,5996,2796,-771,60,-45,-14264,-1744,7352,-768,126,-174,0
2438.0651071071625,9780,3196,11916,-89,-33,66,9428,-10904,7872,-29,165,-127,-14152,5980,2740,-1020,41,-56,-14300,-1712,7400,-478,129,-172,0
2438.0987219810486,9844,3128,11892,-61,1,89,9312,-11004,7592,-57,188,-119,-14296,6092,2860,-1016,39,-21,-14232,-1756,7348,-520,104,-171,0
2438.1320009231567,9512,3280,11960,-50,-19,78,9248,-10988,7524,-21,166,-107,-14212,6008,2832,-1034,7,-67,-14400,-1808,7640,-532,119,-180,0
2438.1655390262604,9840,3356,12176,-63,52,83,9236,-10832,7652,15,149,-92,-14216,5988,2940,-1008,32,-50,-14572,-1776,7676,-527,51,-178,0
2438.199193954468,9788,3288,11844,-29,24,63,9264,-10952,7620,-31,170,-112,-14248,6028,2840,-989,3,-42,-14276,-1684,7408,-514,88,-178,0
2438.2330560684204,9740,3328,11912,-122,28,53,9228,-10896,7508,-25,207,-120,-14308,5928,2672,-992,26,-37,-14248,-1728,7276,-473,116,-173,0
2438.2666940689087,9824,3284,12096,-70,1,65,9208,-10892,7512,-20,212,-98,-14116,5728,3032,-1001,29,-37,-14188,-1852,7400,-486,141,-194,0
2438.3001329898834,9840,3264,11980,-58,-40,73,9196,-10908,7504,-82,170,-147,-14128,5964,2792,-997,0,-27,-14232,-1816,7264,-507,139,-166,0
2438.333738088608,9788,3372,11980,-73,-21,43,9184,-11040,7760,11,80,-172,-14272,5944,2868,-972,57,-69,-14300,-1612,7228,-505,119,-162,0
2438.367327928543,9820,3356,12028,-74,-15,74,9132,-10888,7484,-9,193,-158,-14312,5996,2920,-1047,42,-88,-14236,-1760,7616,-507,130,-180,0
2438.4006080627446,9760,3416,12220,-107,-34,98,9232,-10848,7588,16,153,-156,-14252,5948,2912,-1046,60,-74,-14552,-2000,7428,-522,142,-147,0
2438.434201002121,10056,3368,11560,-65,-25,66,9244,-10948,7564,-22,106,-169,-14576,5936,2692,-1013,80,-64,-14316,-1872,7392,-519,121,-170,0
2438.4675230979924,9816,3436,11816,-88,-93,74,9300,-10888,7576,-256,149,-134,-14268,6048,2692,-1058,41,-86,-14528,-1988,7312,-524,90,-175,0
2438.500879049301,9792,3344,11820,-95,-3,106,9156,-10848,7764,-8,159,-145,-14172,6084,2936,-1029,94,-70,-14180,-1804,7636,-498,128,-132,0
2438.5392639636993,9656,3372,11852,-114,-30,108,9056,-10960,7524,-25,149,-169,-14356,6004,2840,-1060,110,-63,-14240,-1920,7444,-506,143,-134,0
2438.5749690532684,9492,3368,11868,-159,-43,92,9156,-10916,7472,-25,144,-162,-14300,6088,2976,-1006,104,-87,-14348,-1896,7412,-731,116,-140,0
2438.6112439632416,9592,3316,11840,-229,-31,62,9132,-10972,7676,12,158,-162,-14328,5964,3020,-995,98,-107,-14256,-1860,7516,-471,151,-111,0
2438.6460740566254,9872,3420,12040,-243,-85,74,9448,-10936,7788,12,189,-206,-14296,6020,3016,-1007,96,-111,-14352,-1832,7372,-457,173,-80,0
2438.6820890903473,9924,3368,12160,-220,-167,101,9172,-10968,7728,-47,81,-2,-14280,6092,2940,-970,121,-149,-14196,-1604,7480,-492,164,-92,0
2438.7178449630737,9692,3364,11868,-221,-247,117,9208,-10956,7632,-50,60,-286,-14228,6084,2860,-947,146,-182,-14280,-1836,7360,-465,202,-88,0
2438.753361940384,9636,3336,11916,-239,-206,109,9176,-10916,7632,-102,66,-270,-14216,5924,2608,-941,136,-117,-14232,-1700,7320,-439,156,-78,0
2438.7886919975285,9840,3396,11932,-310,-175,125,9148,-10980,7552,-58,95,-1,-14304,6036,2832,-983,126,-96,-14216,-2032,7308,-436,180,-69,0
2438.8244800567627,9804,3372,12240,-344,-150,157,9448,-10864,7604,-10,133,-227,-14252,5896,2936,-1010,179,-135,-14272,-1768,7352,-428,193,-26,0
2438.8597531318665,9708,3376,11932,-325,-142,145,9304,-10892,7648,-46,106,-244,-14412,5948,2832,-1047,167,-148,-14084,-1840,7628,-443,194,-50,0
2438.894914150238,9876,3332,12208,-318,-212,153,9224,-10920,7640,-56,147,-262,-14264,5924,2724,-1011,179,-152,-14324,-1776,7392,-465,240,-62,0
2438.9305541515346,9780,3260,11944,-309,-216,163,9464,-10832,7592,-39,76,-269,-14308,5956,2644,-1013,171,-155,-14388,-1656,7368,-457,183,-43,0
2438.965423107147,9832,3292,11816,-275,-173,165,9288,-10832,7584,-55,92,-220,-14216,5900,2920,-994,95,-110,-14488,-1740,7388,-501,157,-115,0
2439.0007970333095,9836,3384,11780,-285,-167,153,9024,-10944,7688,7,152,-208,-14140,5996,2972,-989,116,-115,-14316,-1772,7500,-426,146,-76,0
2439.0361680984497,9852,3396,11856,-507,-152,124,9136,-10776,7904,9,12,-226,-14220,5980,2884,-971,132,-119,-14248,-1724,7180,-467,169,-70,0
2439.078371047973,9820,3236,12012,-253,-226,141,9168,-10964,7416,-27,102,-12,-14240,6084,2744,-937,141,-115,-14472,-1724,7212,-471,179,-88,0
2439.1136839389806,9852,3308,11788,-257,-223,142,9196,-10876,7568,-40,55,-254,-14324,6040,3036,-961,114,-144,-14264,-1692,7464,-437,216,-61,0
2439.1495809555054,9956,3204,11788,-269,-194,141,9272,-10888,7596,-51,88,-271,-14468,5988,2716,-973,127,-159,-14276,-1724,7248,-477,222,-87,0
2439.185049057007,9864,3192,11820,-236,-216,153,9232,-10912,7428,-4,85,-271,-14320,5992,2832,-990,134,-146,-14372,-1696,7268,-481,238,-91,0
2439.2185180187225,9948,3356,12028,-232,-187,165,9236,-10828,7596,24,93,-243,-14116,6012,2844,-1006,159,-104,-14096,-1984,7356,-476,186,-103,0
2439.251811027527,9732,3080,11932,-218,-165,165,9284,-10884,7604,-35,94,-218,-14316,5908,2776,-977,96,-101,-14372,-1708,7328,-503,161,-116,0
2439.2853190898895,9948,3204,11892,-199,-131,112,9248,-10892,7520,-30,93,-203,-14252,5976,2984,-986,99,-99,-14340,-1716,7368,-766,140,-150,0
2439.3189220428467,9732,3296,11620,-141,-68,110,9336,-10860,7500,2,167,-132,-14268,5860,2828,-1000,78,-91,-14304,-1672,7392,-518,94,-165,0
2439.352543115616,9844,3240,11908,-132,245,80,9228,-10832,7460,-256,175,-118,-14228,5832,2596,-1025,61,-67,-14224,-1656,7180,-494,99,-147,0
2439.385652065277,9840,3252,11936,-125,-29,78,9260,-10864,7428,-6,185,-129,-14296,6096,2588,-1034,103,-82,-14288,-1768,7204,-462,146,-131,0
2439.4192609786987,9900,3084,11572,-114,15,92,9312,-10772,7576,-11,105,-164,-14272,6140,2748,-1064,95,-73,-14376,-2000,7352,-504,133,-137,0
2439.452847957611,9972,3220,11944,-66,-33,106,9444,-10804,7640,-27,116,-137,-14328,6044,2840,-1048,47,-53,-14340,-1716,7428,-530,129,-168,0
2439.486077070236,9872,3312,12024,-129,-35,108,9292,-10836,7436,-14,134,-114,-14288,5992,2832,-1054,98,-60,-14344,-1784,7348,-489,85,-142,0
2439.519755125046,9812,3244,11980,-109,36,100,9212,-10892,7616,-31,144,-106,-14280,5968,2620,-1052,83,-19,-14228,-1812,7312,-505,97,-147,0
2439.5532240867615,9840,3260,12128,-94,1,67,9376,-10864,7640,-32,222,-101,-14544,6004,2876,-1060,82,-251,-14276,-1692,7192,-499,110,-160,0
2439.5867240428925,9844,3280,11948,-96,60,65,9000,-10884,7480,-31,173,-92,-14188,6036,2588,-1045,77,-51,-14268,-1636,7364,-484,100,-150,0
2439.620288133621,9864,3280,11916,-44,13,73,9456,-10860,7608,-54,156,-107,-14292,6004,2840,-1052,89,-47,-14272,-1808,7400,-531,92,-154,0
2439.6533701419826,9908,3132,11692,-56,-11,78,9192,-10916,7584,-50,152,-129,-14296,6108,3012,-1008,91,-1,-14304,-1672,7528,-527,85,-129,0
2439.687040090561,9880,3248,12120,-59,-11,77,9248,-10904,7540,-81,141,-116,-14104,5960,2652,-1012,85,-37,-14288,-1692,7416,-538,77,-119,0
2439.7206580638885,9784,3252,11820,-46,-12,86,9128,-10852,7612,-24,147,-95,-14224,5992,2904,-770,95,-94,-14268,-1760,7312,-514,140,-149,0
2439.7539870738983,9756,3280,11940,-77,-14,105,9220,-10832,7436,-248,183,-109,-14308,5900,2824,-1054,114,-84,-14272,-1744,7364,-485,128,-141,0
2439.787439107895,9932,3208,11520,-58,25,113,9304,-10904,7548,-71,176,-129,-14312,5960,2900,-1057,90,-52,-14352,-1844,7200,-503,130,-174,0
2439.8210990428925,9812,3356,12068,-67,-31,62,9172,-10912,7588,-17,195,-119,-14328,6016,2736,-1045,55,-32,-14300,-1764,7612,-491,118,-158,0
2439.8547689914703,9860,3308,12016,-48,25,64,9204,-10976,7488,-25,154,-124,-14228,5976,3092,-1063,69,-61,-14276,-1788,7336,-475,118,-158,0
2439.8879809379578,9516,3260,11836,-60,-1,76,9100,-10896,7628,-13,129,-129,-14268,6052,2828,-1025,88,-72,-14148,-2032,7448,-489,52,-168,0
2439.9216980934143,9792,3392,11940,-59,11,94,9196,-10952,7572,-67,155,-119,-14332,5964,3016,-1012,45,-114,-14332,-1572,7388,-488,60,-158,0
2439.955129146576,9772,3308,11844,-73,-31,78,9224,-10920,7508,-69,157,-145,-14320,5896,2820,-965,14,-36,-14204,-1724,7436,-486,43,-143,0
2439.988701105118,9748,3420,11764,-131,-25,81,9272,-10940,7540,-9,132,-143,-14264,5944,2916,-981,60,-22,-14304,-1820,7432,-451,67,-95,0
2440.0223660469055,9768,3336,11972,-72,-36,95,9160,-10976,7632,-11,127,-161,-14232,5928,2988,-969,55,-70,-14248,-1756,7504,-444,103,-118,0
2440.0560030937195,9848,3428,11880,-114,-38,93,9120,-10844,7516,-17,106,-169,-14300,5912,2800,-988,98,-89,-14484,-1956,7572,-458,122,-131,0
2440.089698076248,9760,3412,11916,-121,-69,95,9260,-10944,7648,-47,119,-183,-14280,6000,2876,-987,86,-138,-14308,-1760,7544,-468,131,-131,0
2440.123316049576,9900,3344,11920,-110,-69,82,9200,-10944,7488,-51,141,-185,-14232,6060,2884,-990,73,-55,-14296,-1772,7652,-488,138,-139,0
2440.1565380096436,9852,3092,12220,-108,-67,85,9252,-11032,7740,-30,138,-165,-14244,6004,2712,-1035,17,-57,-14308,-1768,7428,-520,76,-156,0
2440.192229986191,9740,3356,11924,-160,-28,124,9100,-10848,7620,8,100,-125,-14176,6008,2892,-996,76,-16,-14288,-1760,7380,-477,37,-131,0
2440.2274639606476,9884,3444,12116,-166,-35,90,9288,-10900,7792,-30,188,-143,-14544,5968,2840,-1049,44,-30,-14244,-1752,7324,-448,91,-147,0
2440.2634620666504,9492,3384,11836,-196,-8,105,9172,-10932,7580,-39,166,-151,-14268,5956,2916,-1015,102,-75,-14232,-1712,7372,-447,99,-123,0
2440.2997119426727,9720,3336,11868,-155,-37,104,9196,-10976,7528,-21,92,-173,-14144,5972,2572,-1007,113,-51,-14200,-1796,7544,-421,115,-107,0
2440.3349969387054,9948,3420,11960,-143,-42,93,9208,-10872,7516,-57,129,-182,-14228,5660,2916,-982,93,-80,-14204,-1804,7448,-463,129,-110,0
2440.3707349300385,9716,3376,11948,-203,-28,60,9200,-11048,7500,254,180,-179,-14248,6100,2996,-993,108,-78,-14296,-1820,7548,-441,165,-134,0
2440.405622959137,9904,3444,12052,-258,-37,87,9224,-10984,7580,255,164,-194,-14272,5984,3048,-1044,117,-133,-14124,-1800,7484,-446,191,-83,0
2440.441750049591,9740,3432,12272,-276,-113,115,9156,-10884,7588,-255,131,-250,-14208,5992,2776,-996,163,-104,-14216,-1784,7544,-462,230,-53,0
2440.477114915848,9612,3336,12092,-234,-158,143,9084,-10988,7732,-60,104,-4,-14264,6028,2896,-960,162,-133,-14280,-1832,7436,-488,164,-69,0
2440.512242078781,9644,3384,12048,-240,-154,135,9140,-10908,7480,-69,87,-259,-14212,5976,2872,-970,189,-107,-14156,-1700,7516,-462,186,-81,0
2440.5474469661713,9748,3556,11804,-243,-162,139,9124,-10956,7368,-59,130,-245,-14256,5964,2632,-996,179,-106,-14252,-1760,7408,-471,196,-75,0
2440.5836861133575,9784,3308,11748,-282,-120,158,8964,-10884,7520,-26,156,-191,-14276,5944,2988,-999,150,-119,-14140,-1588,7516,-466,183,-66,0
2440.6199629306793,9848,3376,11920,-280,-141,139,9268,-10856,7576,-36,115,-236,-14316,6080,2708,-958,171,-103,-14296,-1708,7216,-413,190,-62,0
2440.6548941135406,9812,3284,11952,-276,-210,140,9176,-10936,7852,-47,104,-508,-14224,5984,2964,-971,178,-175,-14272,-1660,7312,-426,220,-39,0
2440.6901791095734,9808,3320,11868,-255,-236,156,9256,-10536,7748,-55,64,-292,-14264,5888,2824,-955,210,-178,-14084,-1684,7392,-441,203,-46,0
2440.7253959178925,9900,3352,11812,-2,-250,129,9332,-10836,7488,-29,147,-261,-14360,5992,2824,-999,152,-162,-14256,-1644,7424,-432,236,-81,0
2440.760980129242,9888,3388,11860,-258,-209,140,9188,-10848,7704,-12,21,-275,-14572,6092,2956,-997,122,-98,-14576,-1988,7464,-450,230,-86,0
2440.796077013016,9944,3408,12028,-251,-164,125,9456,-10784,7560,-39,123,-216,-14224,5972,2900,-998,132,-135,-14252,-1732,7436,-460,205,-105,0
2440.83190202713,9792,3300,11772,-276,-178,138,9180,-10868,7464,-50,77,-3,-14276,5912,2940,-981,148,-157,-14280,-1736,7304,-427,195,-71,0
2440.8676970005035,9956,3532,11828,-259,-184,161,9272,-10840,7620,-20,81,-243,-14284,6092,2744,-960,148,-102,-14204,-1620,7264,-479,198,-59,0
2440.900943994522,10040,3304,12032,-267,-153,143,9220,-10928,7636,-18,58,-236,-14376,6032,2852,-976,88,-102,-14232,-1656,7300,-490,205,-100,0
2440.934443950653,9880,3252,11820,-291,-191,148,9236,-10808,7568,-13,106,-259,-14252,5904,2764,-945,133,-118,-14336,-1752,7240,-434,191,-51,0
2440.9681050777435,9776,3504,11916,-234,-133,136,9300,-10856,7536,-47,90,-260,-14368,5892,2892,-970,122,-147,-14320,-1704,7636,-455,226,-102,0
2441.001652956009,9940,3264,11892,-315,-201,131,9324,-10864,7608,-6,137,-245,-14236,6004,2772,-978,131,-146,-14108,-1300,7180,-440,214,-81,0
2441.035005092621,9904,3252,11932,-277,-193,138,9304,-10808,7484,-21,111,-211,-14228,5956,2844,-991,102,-71,-14088,-1656,7296,-446,179,-117,0
2441.068699121475,9884,3236,11984,-256,-156,131,9264,-10792,7516,-23,133,-200,-14340,5920,2928,-950,62,-75,-14336,-1776,7324,-499,135,-152,0
2441.1023430824284,9840,3308,11896,-211,-136,117,9292,-10844,7552,-21,110,-215,-14372,5892,2784,-975,70,-92,-14340,-1776,7356,-493,153,-147,0
2441.135796070099,9864,3236,11880,-166,-123,108,9220,-10868,7424,-6,136,-205,-14348,5924,2712,-1000,74,-129,-14348,-1628,7320,-552,192,-142,0
2441.1695799827576,9816,3200,11904,-102,-95,103,9300,-10792,7528,-23,109,-195,-14372,6028,2712,-1022,108,-115,-14156,-1672,7272,-541,187,-166,0
2441.203011035919,9984,3248,11652,-102,-51,94,9260,-10768,7572,1,139,-164,-14336,5880,2796,-1070,109,-58,-14240,-1764,7328,-505,147,-133,0
2441.2366831302643,9924,3288,11600,-158,-9,100,9444,-10864,7176,-12,164,-145,-14328,5884,2640,-1054,101,-55,-14268,-1668,7356,-499,169,-160,0
2441.27028799057,9872,3272,12004,-183,-22,119,9228,-10776,7612,-14,201,-117,-14544,5872,2748,-1062,112,-63,-14276,-1700,7436,-506,136,-156,0
2441.3038370609283,9948,3256,11948,-114,-52,127,9256,-10900,7616,-7,122,-144,-14336,5960,2596,-1059,83,-67,-14392,-1696,7424,-544,161,-138,0
2441.337578058243,9828,3220,11992,-116,-19,110,9236,-10820,7660,-22,102,-160,-14272,6012,2828,-1032,104,-81,-14164,-1780,7424,-529,139,-169,0
2441.3711869716644,9844,3236,11852,-128,250,72,9264,-10880,7632,-8,138,-135,-14088,5988,2856,-1010,51,-78,-14344,-1784,7284,-506,140,-149,0
2441.4043691158295,9888,3292,11908,-88,-27,71,9292,-10884,7516,-12,169,-139,-14292,5972,2796,-774,66,-55,-14300,-1772,7396,-476,140,-147,0
2441.437803030014,9928,3252,12024,-112,10,91,9456,-10928,7596,-41,132,-161,-14260,5908,2700,-996,83,-84,-14376,-1756,7176,-495,138,-158,0
2441.4714410305023,9804,3240,11828,-103,-25,87,9180,-10888,7592,-38,182,-127,-14368,5964,2700,-1002,133,-98,-14184,-1716,7416,-499,131,-150,0
2441.505094051361,9836,3296,11924,-98,-25,105,9200,-10916,7668,-40,141,-151,-14252,6140,2752,-1026,128,-115,-14296,-1700,7376,-461,189,-118,0
2441.538661003113,9916,3280,11884,-93,-64,111,9168,-10936,7556,-64,130,-191,-14408,5920,2840,-1014,127,-59,-14416,-1652,7352,-487,165,-115,0
2441.57203412056,9940,3312,11792,-78,-62,95,9304,-10972,7504,-44,101,-169,-14316,6088,3012,-1049,93,-29,-14392,-1632,7388,-537,117,-146,0
2441.605667114258,9920,3272,12188,-76,-252,88,9348,-10920,7452,-8,186,-98,-14292,6060,2968,-1057,53,-51,-14308,-1684,7448,-553,136,-171,0
2441.6391510963444,9928,3212,11804,-74,20,86,9144,-10852,7592,12,164,-73,-14260,5904,2868,-1047,66,-62,-14376,-1776,7248,-532,80,-170,0
2441.673058986664,9852,3392,11996,-59,59,87,9352,-10840,7660,-16,178,-77,-14460,5980,2892,-1044,41,-24,-14092,-1676,7388,-532,51,-190,0
2441.7064230442047,9856,3532,12072,-112,50,66,9248,-10896,7648,-72,249,-59,-14160,5924,2928,-1019,18,-10,-14252,-1748,7352,-507,99,-169,0
2441.740066051483,9816,3324,11948,-69,-4,58,9172,-10856,7660,-111,183,-101,-14320,5996,2904,-1023,45,-18,-14192,-1788,7264,-496,99,-193,0
2441.773524045944,9776,3276,11960,-71,-23,76,9204,-10896,7640,-14,50,-154,-14172,6084,2848,-1035,66,-55,-14208,-1732,7348,-521,94,-158,0
2441.807126045227,9792,3384,11924,-57,-251,42,9176,-10808,7620,-14,92,-151,-14288,5912,2912,-978,8,-64,-14248,-1776,7320,-520,80,-218,0
2441.8406660556793,9852,3428,11908,-25,1,14,9172,-10984,7868,9,135,-155,-14176,5996,2684,-1003,64,-52,-14240,-1688,7392,-502,129,-178,0
2441.876204967499,9860,3300,11892,-58,-30,84,9196,-11024,7844,41,82,-155,-14200,5980,2780,-1055,99,-121,-14240,-1744,7384,-542,163,-176,0
2441.9122779369354,9704,3380,11936,-252,-59,78,9272,-10844,7632,28,42,-209,-14312,6008,3036,-1030,96,-111,-14328,-1716,7432,-547,145,-166,0
2441.948086977005,9832,3356,11908,-33,-64,99,9288,-10860,7612,4,164,-164,-14292,6012,2956,-1027,39,-68,-14284,-1816,7176,-559,151,-177,0
2441.983547925949,9764,3396,11816,-70,-35,91,9180,-10784,7748,15,112,-127,-14220,5972,2888,-1016,115,-37,-14312,-1804,7300,-480,97,-123,0
2442.0191509723663,9840,3340,11812,-111,253,95,9232,-10988,7696,79,93,-147,-14260,5940,2884,-1046,85,-27,-14220,-1704,7472,-493,119,-136,0
2442.0542290210724,9784,3412,11880,-116,8,92,9164,-10912,7560,23,48,-147,-14280,5980,2732,-1000,64,-74,-14532,-1816,7188,-501,67,-177,0
2442.0898931026454,9780,3424,11980,-115,7,74,9164,-10928,7620,3,-16,-176,-14268,5892,2908,-972,35,-71,-14172,-1664,7368,-513,120,-167,0
2442.125519990921,9708,3460,11812,-121,-27,70,9164,-10892,7440,-18,136,-184,-14216,5980,2952,-981,38,-78,-14280,-1768,7300,-502,133,-163,0
2442.1617290973663,9740,3460,11848,-164,-54,68,9212,-10848,7540,-19,157,-190,-14152,6012,2836,-983,67,-70,-14164,-1924,7600,-466,176,-138,0
2442.1974840164185,9940,3428,12012,-207,-64,91,8972,-10840,7660,-27,228,-188,-14292,6044,2920,-971,87,-76,-14308,-1716,7436,-447,212,-113,0
2442.2329139709473,9752,3396,12256,-253,-82,95,9236,-10920,7744,-41,202,-208,-14352,6068,2988,-969,95,-93,-14308,-1768,7312,-440,168,-85,0
2442.26820397377,9808,3428,11876,-274,-151,134,9428,-10948,7628,-57,156,-206,-14256,5956,2584,-961,103,-120,-14120,-1820,7548,-475,180,-56,0
2442.303220033645,9820,3364,12052,-246,-225,178,9180,-10984,7472,-112,114,-255,-14248,6096,3008,-928,123,-125,-14532,-1760,7360,-488,164,-82,0
2442.338814973831,9812,3120,11952,-240,-156,121,8972,-10908,7540,-108,119,-239,-14216,6040,2864,-916,101,-133,-14412,-1964,7268,-461,128,-76,0
2442.373724937439,9884,3372,12136,-273,-155,142,9260,-10952,7480,-53,124,-197,-14228,5940,2808,-929,79,-103,-14208,-1548,7352,-486,132,-82,0
2442.40967297554,9840,3100,11792,-304,-107,128,9360,-10888,7580,-13,100,-213,-14180,5900,2776,-983,122,-119,-14224,-1556,7388,-441,149,-79,0
2442.444848060608,9860,3384,11880,-281,-113,133,9140,-10972,7600,-42,142,-268,-14256,5948,2712,-992,136,-130,-14332,-1848,7384,-422,203,-39,0
2442.4803669452667,9864,3556,11904,-334,-180,119,9232,-10836,7672,-82,241,-274,-14208,5880,2824,-996,162,-128,-14308,-1728,7628,-391,8,-57,0
2442.515911102295,9880,3168,11656,-339,-195,146,9204,-10948,7600,-52,103,-273,-14156,6028,2572,-991,181,-181,-14260,-1756,7348,-417,233,-47,0
2442.5515580177307,9804,3100,11964,-301,-192,149,9292,-10848,7548,-58,163,-263,-14260,5748,2868,-972,117,-143,-14380,-1748,7548,-443,171,-63,0
2442.5850279331207,9800,3312,11796,-282,-172,109,9308,-10936,7632,-64,127,-223,-14244,5972,2784,-968,73,-129,-14256,-1700,7504,-485,161,-96,0
2442.6185009479523,9784,3204,11880,-289,-132,121,9456,-10956,7712,-5,104,-216,-14096,5872,2876,-980,106,-80,-14288,-1720,7456,-489,169,-61,0
2442.6518340110774,9868,3576,11900,-258,-165,136,9276,-10852,7492,-48,141,-234,-14188,5912,2828,-984,153,-140,-14100,-1740,7304,-490,176,-71,0
2442.6851971149445,9836,3304,11912,-234,-171,143,9316,-10888,7584,-28,61,-252,-14324,5896,2944,-980,151,-145,-14268,-1616,7416,-463,192,-44,0
2442.7184181213374,9932,3452,11948,-510,-226,168,9260,-10924,7480,-42,111,-252,-14188,5988,2760,-993,140,-108,-14296,-1684,7204,-473,203,-54,0
2442.7517790794373,9988,3232,11784,-233,-211,167,9292,-10868,7500,-61,135,-258,-14088,6016,2728,-1000,151,-139,-14252,-1668,7392,-449,223,-76,0
2442.7854521274567,9948,3228,11908,-239,-195,115,9320,-10780,7556,-37,150,-229,-14312,6036,2976,-1005,145,-126,-14280,-1708,7324,-477,190,-51,0
2442.818953037262,9788,3268,11932,-218,-181,139,9320,-10804,7496,-44,120,-207,-14260,5996,2632,-1001,133,-147,-14392,-1720,7244,-487,198,-110,0
2442.8526639938354,9836,3300,12016,-220,-209,130,8996,-10772,7508,7,127,-219,-14284,5924,2980,-1008,121,-123,-14280,-1772,7460,-496,168,-134,0
2442.8858420848846,9864,3328,11824,-123,-145,107,9276,-10808,7588,-38,118,-203,-14296,5924,2964,-994,125,-101,-14280,-1752,7416,-507,150,-142,0
2442.9191920757294,9808,3312,11816,-110,-124,90,9024,-10812,7668,-46,143,-158,-14252,5664,2808,-1011,108,-116,-14272,-1692,7252,-497,127,-125,0
2442.952965974808,9880,3196,11756,-120,-66,91,9348,-10992,7600,251,136,-155,-14328,5852,2724,-1048,104,-86,-14224,-1644,7344,-481,137,-148,0
2442.986223936081,9884,3248,11688,-143,-8,106,9232,-10768,7596,-9,203,-142,-14284,5900,2756,-1069,95,-71,-14196,-1668,7352,-473,118,-128,0
2443.020000934601,10052,3264,11752,-142,-41,116,9300,-10884,7652,-21,164,-136,-14196,5936,2896,-1033,109,-55,-14332,-1656,7368,-463,151,-137,0
2443.053740978241,9744,3112,11924,-138,-46,112,9248,-10840,7568,-14,119,-150,-14300,6000,2844,-1045,165,-70,-14348,-1708,7420,-498,119,-119,0
2443.0872371196747,10004,3232,11924,-121,-39,106,9316,-10920,7588,-30,96,-118,-14384,5928,2956,-1086,107,-60,-14584,-1744,7644,-544,100,-150,0
2443.120712041855,9944,3308,11884,-82,-23,102,9324,-10896,7664,-31,169,-112,-14184,5960,2848,-1062,68,-29,-14232,-1680,7304,-538,94,-160,0
2443.153887987137,9824,3564,11672,-63,-254,97,9272,-10744,7552,3,113,-87,-14268,5944,2848,-1067,79,0,-14328,-1680,7292,-528,66,-157,0
2443.1873180866246,9740,3580,11900,-66,44,89,9236,-10872,7528,-26,214,-102,-14532,6064,2748,-1043,41,-18,-14328,-1784,7624,-520,83,-172,0
2443.2206609249115,9888,3236,11996,-115,0,75,9200,-11024,7720,43,93,-120,-14168,5980,2628,-1044,111,-51,-14168,-1672,7216,-513,85,-112,0
2443.254184961319,9812,3276,12024,-12,24,95,9112,-10824,7668,-12,84,-143,-14268,5968,2796,-1047,105,-102,-14244,-1924,7192,-519,152,-168,0
2443.2876920700073,9748,3316,11560,-29,8,73,9376,-10896,7676,-45,149,-165,-14240,5976,2972,-777,46,-15,-14120,-1708,7472,-510,139,-168,0
2443.321260929108,9868,3308,11780,-93,255,70,9332,-10944,7828,-65,153,-133,-14260,5980,2952,-1035,83,-48,-14248,-1640,7424,-510,101,-175,0
2443.3548090457916,9892,3264,11908,-74,-14,75,9316,-10932,7584,-10,124,-122,-14336,5968,3060,-1277,74,-57,-14308,-1744,7300,-764,135,-141,0
2443.388111114502,9796,3144,11532,-82,4,85,9300,-10880,7752,81,12,-132,-14228,6024,2876,-1032,77,-74,-14356,-1768,7288,-527,120,-187,0
2443.421684026718,9828,3332,11848,8,-14,82,8984,-10900,7576,35,20,-130,-14264,6016,2748,-1018,73,-65,-14332,-1732,7200,-541,103,-177,0
2443.455290079117,9720,3400,11984,-16,-22,86,9172,-10852,7528,30,87,-135,-14208,6016,2852,-1020,79,-40,-14356,-1548,7232,-539,102,-142,0
2443.488878965378,9840,3340,11924,-52,18,66,9252,-10820,7664,24,132,-125,-14176,5916,2928,-1043,79,-25,-14164,-1784,7340,-496,131,-129,0
2443.522309064865,9832,3400,12152,-87,-38,66,9080,-10908,7684,-53,205,-144,-14232,6132,2812,-1035,89,-76,-14244,-1876,7380,-497,134,-152,0
2443.558293104172,9780,3456,11888,-98,-22,88,9180,-10928,7732,-96,209,-123,-14168,5968,2784,-995,75,-56,-14404,-1832,7352,-520,141,-149,0
2443.5942101478577,9852,3420,11920,-54,-24,78,9200,-10872,7492,-89,153,-142,-14296,5960,2980,-996,59,-31,-14580,-2048,7556,-509,70,-166,0
2443.629903078079,9820,3276,12048,-111,249,84,9268,-10820,7632,-47,167,-129,-14200,5992,2920,-986,63,-43,-14196,-1540,7232,-511,91,-136,0
2443.6655950546265,9760,3580,12164,-109,-3,97,9416,-10900,7632,-70,215,-98,-14184,5944,2564,-988,72,-1,-14208,-1544,7320,-465,169,-114,0
2443.7016749382014,9828,3432,11940,-134,-44,105,9248,-10920,7628,-73,188,-172,-14120,6036,3032,-997,70,-115,-14252,-1744,7496,-501,190,-124,0
2443.7376849651337,10212,3376,11980,-137,-64,71,8992,-10904,7676,-38,212,-148,-14304,6056,2696,-972,69,-73,-14212,-1808,7380,-488,143,-128,0
2443.772789955139,9804,3356,12120,-154,-255,109,8964,-10556,7212,-22,147,-118,-14200,5948,2584,-995,74,-51,-14236,-1932,7348,-494,106,-125,0
2443.8081181049347,9840,3328,11752,-160,-27,88,8980,-10880,7320,-6,158,-142,-14300,5948,2984,-1002,78,-83,-14252,-1856,7268,-454,167,-115,0
2443.8437349796295,9816,3368,12012,-257,-49,89,9172,-11016,7612,9,148,-169,-14356,6004,3072,-957,48,-68,-14092,-1948,7516,-453,120,-117,0
2443.879727125168,9748,3400,11848,-287,-124,95,9452,-11252,7860,-45,204,-208,-14168,6092,2888,-943,15,-107,-14192,-1572,7412,-487,160,-99,0
2443.9147861003876,9792,3616,12040,-229,-140,88,9144,-10916,7452,-35,62,-255,-14140,6068,2860,-958,110,-115,-14248,-1860,7236,-517,172,-108,0
2443.950338125229,9668,3400,11960,-226,-187,119,9372,-10952,7484,-32,12,-300,-14152,5992,2824,-927,143,-162,-14244,-1804,7396,-445,201,-95,0
2443.9855999946594,9772,3304,11816,-262,-195,125,9244,-10840,7520,-34,104,-267,-14208,5952,2864,-954,135,-160,-14228,-1712,7356,-376,164,-62,0
2444.02197599411,9912,3352,12028,-293,-182,117,9240,-10900,7560,-10,168,-270,-14588,5976,2924,-976,164,-130,-14248,-1744,7348,-280,117,-36,0
2444.0582740306854,9848,3368,11956,-291,-161,124,9384,-10852,7468,-9,70,-292,-14268,5912,2716,-989,185,-158,-14124,-1712,7208,-367,166,-44,0
2444.1001710891724,9936,3364,11856,-286,-201,182,9252,-10956,7572,-254,81,-266,-14336,5964,2820,-1032,185,-183,-14260,-1708,7504,-459,208,-54,0
2444.1360540390015,10128,3224,11892,-296,-180,186,9384,-10828,7460,-82,98,-509,-14368,5968,2896,-1280,178,-130,-14356,-1836,7184,-266,233,-54,0
2444.171900033951,9828,3288,11880,-287,-218,147,9216,-10892,7636,-67,132,-7,-14224,5912,2868,-988,151,-136,-14300,-1788,7256,-530,222,-90,0
2444.209090948105,9784,3336,11764,-277,-184,150,9364,-10756,7592,-11,133,-268,-14168,5964,3308,-1279,153,-189,-14356,-1756,7304,-493,206,-122,0
2444.242250919342,9820,3316,11528,-292,-174,113,9244,-10916,7656,8,67,-286,-14300,5964,2904,-1275,147,-198,-14292,-1788,7244,-441,185,-103,0
2444.2755739688873,9736,3480,12004,-275,-172,139,9372,-10828,7588,-70,118,-252,-14340,5912,2968,-992,161,-122,-14308,-1708,7168,-431,171,-61,0
2444.3093600273132,9944,3164,11896,-245,-227,128,9400,-10944,7616,-34,49,-294,-14320,5912,2656,-1007,133,-99,-14380,-1776,7172,-450,160,-64,0
2444.342870950699,9744,3232,11792,-250,-215,142,9292,-10824,7592,-254,16,-231,-14212,5908,2652,-960,168,-133,-14224,-1716,7260,-452,162,-67,0
2444.376116037369,9844,3252,11772,-263,-199,157,9352,-10836,7604,38,-2,-235,-14284,6092,2784,-1064,181,-131,-14288,-1656,7308,-475,149,-64,0
2444.409810066223,9924,3304,11908,-169,-123,157,9272,-10840,7664,40,21,-222,-14384,5872,2692,-1012,144,-121,-14296,-1760,7380,-411,79,-101,0
2444.443396091461,9944,3256,11900,-153,-166,137,9388,-10804,7584,-88,166,-216,-14336,5928,2876,-1000,88,-94,-14220,-1684,7480,-407,116,-136,0
2444.477112054825,9916,3204,11772,-122,-176,103,9336,-10852,7460,-75,153,-170,-14264,5872,2832,-1012,92,-66,-14212,-1708,7316,-456,97,-132,0
2444.51060295105,9972,3232,11996,-121,-99,99,9400,-10944,7248,-32,149,-141,-14084,6104,2820,-1033,126,-48,-14148,-1688,7184,-418,80,-115,0
2444.5441999435425,9848,3212,11832,-124,-13,91,9356,-10812,7580,-68,239,-102,-14256,5844,2928,-1066,83,-56,-14528,-1704,7408,-436,97,-158,0
2444.5777101516724,9892,3420,11916,-205,-20,88,9288,-10760,7480,-79,242,-130,-14332,6012,3028,-1046,81,-73,-14312,-1672,7440,-451,111,-109,0
2444.611244916916,9964,3536,11936,-143,-21,106,9256,-10956,7440,-46,172,-84,-14252,6008,2948,-1031,93,-10,-14272,-1700,7180,-534,104,-148,0
2444.644401073456,9984,3260,11836,-138,-30,111,9264,-10800,7692,6,173,-95,-14228,5792,2872,-1035,61,-78,-14308,-1812,7188,-563,120,-141,0
2444.677780151367,9904,3284,11844,-60,53,85,9168,-10816,7580,-30,139,-117,-14304,5912,2964,-1279,68,-64,-14140,-1812,7464,-571,147,-154,0
2444.7112641334534,9912,3360,11916,-130,-16,91,9284,-10812,7608,20,135,-135,-14276,5888,2736,-1032,39,-43,-14332,-1672,7320,-543,170,-131,0
2444.7447130680084,9884,3312,11820,-149,26,83,9236,-10848,7672,22,149,-117,-14228,5892,2760,-995,74,-8,-14128,-1980,7300,-542,112,-177,0
2444.7781410217285,9948,3320,11852,-105,57,120,9272,-10816,7724,-38,141,-85,-14084,5992,2912,-993,42,-239,-14488,-1688,7640,-550,114,-127,0
2444.8117899894714,9912,3244,12236,-87,24,105,9288,-10912,7612,-90,147,-133,-14300,5924,2892,-940,37,-60,-14392,-1684,7272,-538,106,-150,0
2444.8454251289368,9908,3096,11952,-83,-8,90,9248,-10824,7620,-65,119,-114,-14352,6100,2812,-974,56,-42,-14276,-1692,7292,-546,118,-139,0
2444.8787729740143,9780,3276,11856,-72,7,117,9240,-10880,7488,53,51,-116,-14312,6012,2896,-1038,87,-15,-14284,-1624,7368,-558,137,-162,0
2444.9119300842285,9892,3300,11780,-58,-8,74,9372,-10900,7544,41,94,-117,-14128,5960,3020,-1028,75,-54,-14268,-1796,7464,-562,128,-155,0
2444.945550918579,9880,3528,11876,-59,18,121,9380,-10916,7528,-24,149,-110,-14276,5952,3056,-1044,71,-61,-14340,-1672,7436,-556,117,-185,0
2444.97918510437,9852,3292,12008,-104,10,71,9196,-10860,7764,13,186,-94,-14256,6084,3136,-1036,26,-62,-14252,-1716,7352,-539,111,-180,0
2445.0124590396886,9732,3564,11784,-71,19,101,9228,-10900,7772,38,125,-126,-14212,5920,2868,-985,86,-25,-14224,-1744,7432,-524,114,-142,0
2445.0459859371185,9796,3352,11924,-71,36,69,9272,-10940,7612,22,113,-124,-14300,6040,2912,-1035,58,-56,-14112,-1864,7472,-527,104,-127,0
2445.0796320438385,9768,3344,11880,-87,-8,52,9208,-10872,7572,-42,169,-133,-14168,6044,2852,-769,75,-68,-14096,-1588,7500,-257,115,-200,0
2445.113332986832,9796,3368,11912,-97,-12,60,9256,-10876,7588,-47,191,-153,-14128,5776,3008,-988,77,-81,-14224,-1764,7668,-259,133,-172,0
2445.146812915802,9740,3492,11884,-137,-23,74,9392,-10836,7584,-97,209,-147,-14152,6036,3020,-1010,63,-74,-14304,-1604,7396,-520,141,-170,0
2445.180253028869,9860,3444,11776,-105,-23,77,9280,-10940,7588,-65,131,-176,-14248,5972,2816,-1266,98,-67,-14208,-2044,7604,-530,140,-138,0
2445.2134931087494,9768,3360,12000,-111,-22,87,9168,-10952,7672,58,32,-177,-14312,6000,2640,-1000,79,-65,-14376,-1712,7560,-762,121,-136,0
2445.250640153885,9760,3408,11900,-213,246,75,9216,-10860,7632,97,98,-186,-14224,6144,3060,-1054,107,-91,-14280,-1892,7344,-467,172,-69,0
2445.28555393219,9744,3448,11820,-266,-54,101,9288,-10876,7604,-28,171,-181,-14304,5964,2900,-987,77,-96,-14348,-1908,7644,-443,148,-90,0
2445.3209431171417,9836,3448,12064,-281,-191,119,9192,-10968,7572,-160,221,-229,-14328,6076,3024,-966,121,-121,-14300,-1768,7480,-501,173,-77,0
2445.356122970581,9756,3408,12256,-222,-204,125,9360,-10888,7632,-140,102,-243,-14340,6064,2932,-951,106,-84,-14296,-1840,7440,-510,178,-111,0
2445.3918371200566,9772,3344,11880,-212,-125,120,9184,-10904,7544,-104,35,-504,-14160,5920,3052,-925,153,-117,-14276,-1608,7288,-471,139,-83,0
2445.4277470111847,9684,3348,11820,-273,-153,96,9172,-10828,7608,-107,218,-237,-14244,5980,2916,-950,116,-113,-14252,-1724,7332,-457,221,-92,0
2445.46279501915,9864,3320,11804,-354,-175,73,9152,-10932,7572,-54,244,-272,-14204,5904,2608,-991,161,-201,-14220,-1632,7484,-374,260,-57,0
2445.498836994171,9932,3132,12016,-349,-205,149,9276,-10932,7628,-69,148,-279,-14340,5972,2896,-955,197,-145,-14292,-1776,7500,-424,236,-77,0
2445.53387594223,9808,3228,11888,-318,-244,136,9348,-10908,7620,-116,155,-305,-14252,6100,3060,-962,160,-185,-14308,-1580,7280,-438,209,-90,0
2445.5701830387115,9892,3324,11972,-268,-260,176,9144,-10932,7624,-85,204,-506,-14572,5924,2560,-1019,134,-184,-14324,-1744,7288,-492,226,-126,0
2445.6053400039673,9928,3300,11928,-205,-230,120,9284,-10784,7660,-103,227,-266,-14572,5968,3052,-1008,133,-178,-14300,-1660,7368,-493,188,-100,0
2445.6408331394196,9732,3240,11804,-183,-165,111,9324,-10860,7640,-20,239,-189,-14212,5912,2880,-1020,88,-175,-14296,-1736,7340,-260,158,-120,0
2445.6761500835414,10096,3300,11904,-184,-98,144,9268,-10560,7612,-33,200,-158,-14296,6096,2872,-1009,84,-65,-14292,-1800,7204,-263,143,-128,0
2445.7120440006256,9940,3416,11732,-170,-60,147,9200,-10756,7552,-18,151,-149,-14252,5844,2852,-1030,130,-86,-14344,-1744,7328,-533,136,-111,0
2445.747555971145,9968,3360,11588,-169,-12,128,9336,-10696,7568,-7,146,-132,-14324,5888,2744,-999,101,-35,-14344,-1572,7284,-481,142,-88,0
2445.7829570770264,9856,3336,11952,-236,254,118,8960,-10504,7732,33,113,-141,-14312,5816,2932,-987,98,-45,-14124,-1752,7412,-444,172,-69,0
2445.8181970119476,9948,3080,11996,-231,-25,127,9168,-10952,7824,35,107,-174,-14228,6008,2984,-999,115,-46,-14552,-2040,7432,-464,137,-100,0
2445.8538711071014,9856,3084,11976,-187,-74,134,9256,-10944,7656,-48,73,-154,-14288,6028,2604,-946,74,-57,-14308,-1728,7532,-504,146,-106,0
2445.890212059021,9880,3276,11980,-154,-51,129,9280,-11008,7656,-6,73,-183,-14368,5952,2836,-965,64,-57,-14204,-1760,7384,-497,125,-131,0
2445.9236800670624,9820,3308,11940,-163,-89,106,9264,-10872,7600,36,72,-180,-14244,5952,2852,-975,83,-101,-14228,-1800,7344,-494,124,-131,0
2445.956984996796,9892,3340,11880,-172,-75,121,9208,-10892,7612,103,-34,-209,-14144,5996,2832,-996,130,-101,-14304,-1724,7356,-474,160,-108,0
2445.9904589653015,9884,3240,11880,-138,-59,155,9304,-10868,7664,77,-81,-213,-14552,6012,2796,-993,179,-81,-14332,-1592,7316,-515,146,-108,0
2446.023931980133,9968,3228,11940,-116,-93,156,9412,-10868,7336,68,-84,-246,-14216,5764,2744,-971,125,-84,-14316,-1684,7412,-480,183,-129,0
2446.057536125183,9912,3244,11736,-187,-75,116,9388,-10780,7600,100,-97,-287,-14196,6044,2756,-1015,151,-125,-14200,-1672,7300,-439,221,-105,0
2446.0910749435425,10012,3220,11940,-123,-132,85,9292,-10892,7444,145,-94,-273,-14096,6004,2896,-1068,142,-169,-14380,-1648,7460,-461,242,-132,0
2446.1246049404144,9860,3272,11996,-177,-114,92,9184,-10976,7564,197,6,-250,-14432,6276,2940,-1119,167,-173,-14296,-1772,7472,-511,285,-140,0
2446.158061027527,9760,3308,11912,-86,-93,127,9252,-10904,7588,128,59,-225,-14200,6044,2876,-1104,200,-162,-14184,-1728,7416,-549,288,-129,0
2446.1916329860687,9888,3224,12152,-8,-189,113,9328,-10884,7424,250,61,-288,-14428,5968,2908,-1082,127,-202,-14520,-1832,7384,-572,254,-179,0
2446.225327014923,10020,3568,11908,246,-145,94,9004,-10628,7580,48,88,-177,-14240,5956,3004,-1081,150,-201,-14336,-1764,7356,-617,138,-155,0
2446.2587199211125,9924,3148,11724,-16,-61,95,9448,-10644,7696,2,77,-145,-14416,5720,3052,-1058,84,-117,-14336,-1900,7368,-556,87,-162,0
2446.292145013809,10008,3400,11716,-49,-76,33,9592,-10664,7404,-277,468,-113,-14388,5672,2620,-968,-70,-27,-14460,-1804,7364,-437,81,-207,0
2446.325739145279,9752,3392,11616,-228,-136,5,9388,-10728,7636,-237,372,-186,-14316,5876,2664,-949,-252,-46,-14320,-2028,7268,-358,155,-149,0
2446.3594069480896,9956,3336,11708,-244,-135,31,9280,-10820,7668,-33,100,-234,-14088,5752,2888,-979,94,-57,-14416,-1596,7304,-395,173,-142,0
2446.3929829597473,9928,3296,11844,-121,-51,73,9260,-10864,7648,50,242,-195,-14288,5956,3000,-1030,133,-92,-14228,-1692,7320,-493,189,-152,0
2446.4265289306645,9856,3292,11932,-60,-61,113,9416,-10876,7756,67,-27,-214,-14308,5972,3048,-1086,136,-139,-14280,-1736,7408,-524,194,-133,0
2446.459975004196,9852,3428,11848,-13,-48,88,9376,-10756,7624,42,26,-193,-14320,6020,2952,-1051,84,-106,-14220,-1816,7460,-545,157,-179,0
2446.4936640262604,9960,3396,11940,-31,-47,80,9404,-10780,7604,-35,77,-157,-14156,6012,3036,-998,13,-57,-14276,-1652,7628,-544,105,-162,0
2446.527365922928,9872,3356,11852,-75,-31,84,9248,-10808,7536,-116,97,-122,-14216,5948,2848,-1017,42,-25,-14220,-1540,7452,-560,74,-116,0
2446.5609240531926,9852,3376,11836,-77,-35,104,9304,-10820,7716,-163,142,-57,-14184,6060,2964,-1042,164,-12,-14168,-1736,7348,-471,118,-107,0
2446.594390153885,9744,3408,11824,-190,7,166,9236,-10792,7588,-61,176,-147,-14296,5936,2900,-996,162,-50,-14208,-1840,7336,-453,139,-32,0
2446.627920150757,9812,3308,11900,-172,-143,166,9360,-10972,7592,-246,206,-169,-14296,5920,2864,-961,126,-93,-14268,-1592,7360,-436,209,-57,0
2446.6612961292267,9956,3508,11880,-206,-173,138,9232,-10840,7644,-231,317,-182,-14264,6052,2820,-952,119,-79,-14272,-1612,7340,-472,206,-125,0
2446.694925069809,9928,3336,11732,-154,-163,138,9264,-10864,7676,-148,259,-143,-14100,5932,2740,-965,78,-70,-14212,-1700,7256,-498,146,-94,0
2446.7285521030426,10056,3360,11740,-100,-91,118,9348,-10840,7572,-104,174,-173,-14580,5892,2596,-946,68,-96,-14312,-1868,7336,-513,140,-137,0
2446.761915922165,9972,3396,11948,-81,-28,101,9360,-10836,7376,-116,296,-111,-14576,5672,2952,-938,-11,-52,-14432,-1696,7320,-499,70,-181,0
2446.7953860759735,10100,3348,11724,-140,248,10,9364,-10852,7640,-68,276,-88,-14364,5880,2920,-985,-1,1,-14288,-1752,7336,-485,43,-183,0
2446.8289139270782,9980,3316,11752,-169,37,50,9240,-10872,7836,77,166,-81,-14216,6048,2688,-1030,79,-45,-14096,-1724,7408,-486,131,-122,0
2446.8624629974365,9916,3468,11968,-141,8,103,9332,-10980,7632,-3,135,-121,-14296,5976,2876,-1006,115,-41,-14084,-1856,7376,-483,156,-103,0
2446.8958139419556,9928,3380,11916,-97,-80,96,9340,-10932,7540,-119,100,-181,-14300,5924,2896,-969,73,-81,-14464,-1756,7404,-481,167,-135,0
2446.932340145111,9904,3380,11892,-182,-92,100,9248,-10904,7572,254,98,-172,-14560,5948,2816,-983,85,-68,-14300,-1740,7520,-521,136,-151,0
2446.968075990677,9860,3384,11788,-152,-49,114,9316,-10892,7620,252,135,-164,-14308,5940,2988,-1273,85,-78,-14248,-1780,7264,-540,112,-146,0
2447.0040659904485,9868,3412,11864,-102,-26,119,9264,-10884,7644,-1,152,-157,-14180,6044,2984,-1020,120,-47,-14232,-1848,7300,-766,125,-89,0
2447.039605140686,9856,3416,11884,-105,-39,141,9224,-10824,7652,-48,146,-152,-14240,5984,2812,-1018,134,-102,-14380,-1820,7204,-548,135,-78,0
2447.0748579502106,9816,3428,11868,-110,-78,115,9448,-10920,7528,-44,156,-167,-14264,5916,2784,-1004,151,-124,-14368,-1792,7464,-497,162,-115,0
2447.110544919968,9916,3168,11796,-100,-133,136,9280,-10852,7676,-87,177,-168,-14232,6000,2932,-1051,151,-106,-14132,-1788,7524,-471,160,-114,0
2447.145616054535,9900,3424,11852,-152,-107,132,9332,-10824,7568,-75,122,-163,-14092,5936,2952,-1008,163,-115,-14356,-1768,7568,-463,137,-112,0
2447.1814019680023,9964,3432,11544,-144,-59,109,9296,-10880,7552,-77,162,-153,-14168,5968,2980,-1049,101,-59,-14480,-1828,7188,-472,121,-152,0
2447.216234922409,9760,3468,12004,-168,-46,74,9304,-10856,7552,-41,171,-167,-14272,6044,2984,-1278,103,-78,-14308,-1816,7368,-490,105,-135,0
2447.251841068268,9868,3344,11912,-176,-42,73,9184,-10808,7628,-33,167,-163,-14192,5912,2752,-1012,127,-40,-14232,-1764,7360,-484,113,-110,0
2447.288227081299,9924,3412,11744,-162,-69,83,9228,-10864,7600,-34,119,-160,-14196,5980,3028,-1267,133,-69,-14208,-1780,7644,-487,131,-78,0
2447.323578119278,9904,3396,11780,-144,-56,87,9272,-10812,7576,-75,178,-180,-14212,6000,2940,-1010,108,-58,-14272,-1848,7368,-480,147,-117,0
2447.3592579364777,9884,3404,11888,-189,-85,118,9220,-10984,7632,-38,129,-201,-14152,5932,2896,-1003,138,-109,-14276,-2024,7288,-463,163,-122,0
2447.3944001197815,10216,3496,11840,-128,-73,121,9324,-10892,7628,-62,48,-198,-14336,5956,2848,-1002,117,-62,-14312,-1540,7292,-520,97,-109,0
2447.429705142975,9932,3280,11688,-54,-61,112,9320,-10908,7648,-95,110,-128,-14240,5996,2796,-1026,42,-49,-14412,-1656,7344,-554,94,-186,0
2447.465124130249,10044,3304,11752,-157,64,59,9280,-10944,7552,-49,223,-53,-14240,5904,2844,-1012,24,5,-14228,-1760,7308,-499,56,-153,0
2447.501204967499,9872,3380,11780,-149,93,55,9236,-10960,7464,-41,226,-38,-14344,5980,2888,-1082,23,-31,-14292,-1744,7300,-491,84,-160,0
2447.5362479686737,9752,3508,11984,-161,53,37,9324,-10912,7636,-20,237,-89,-14344,5940,2900,-1032,24,-13,-14260,-1828,7304,-481,122,-158,0
2447.5733771324158,9892,3492,11552,-118,46,97,9216,-10984,7584,-57,126,-127,-14196,6016,2976,-774,112,-15,-14220,-1836,7328,-473,156,-133,0
2447.606980085373,9832,3476,11832,-123,-3,123,9228,-10828,7532,-59,72,-169,-14272,5960,2916,-1013,101,-46,-14244,-1756,7428,-486,106,-146,0
2447.6402859687805,9844,3376,12132,-157,-8,69,9120,-10868,7436,-59,166,-118,-14236,6000,2940,-975,42,-69,-14220,-1796,7400,-494,90,-166,0
2447.673845052719,9784,3384,11876,-146,69,61,9200,-10892,7640,-45,221,-119,-14124,6004,2640,-1011,40,-35,-14136,-1864,7464,-492,120,-169,0
2447.7073900699615,9928,3384,11996,-198,55,45,9228,-10836,7484,-37,234,-118,-14280,5972,2940,-952,30,-20,-14232,-1840,7560,-466,147,-134,0
2447.7409410476685,9764,3488,11984,-240,19,79,9184,-10896,7620,-31,230,-155,-14188,6100,3040,-962,57,-56,-14112,-1800,7656,-446,190,-78,0
2447.7743649482727,9820,3520,11976,-313,-104,122,9460,-10888,7692,-44,202,-195,-14112,6044,2828,-949,112,-134,-14272,-1772,7456,-420,202,-50,0
2447.8074989318848,9840,3484,11856,-314,-139,147,9172,-11004,7700,-16,145,-244,-14308,6028,3052,-958,152,-148,-14212,-1568,7436,-443,231,-29,0
2447.84112906456,9912,3340,12108,-294,-192,172,9216,-10964,7580,-42,111,-262,-14360,5976,2936,-939,148,-118,-14264,-2048,7432,-468,234,-34,0
2447.8745110034943,9868,3396,12016,-287,-180,154,9240,-10900,7616,-61,104,-266,-14256,5920,2948,-909,139,-135,-14312,-2012,7212,-434,166,-56,0
2447.9079229831696,9788,3304,12004,-329,-155,116,9184,-10988,7448,-76,208,-242,-14252,5936,2944,-906,129,-157,-14248,-1808,7272,-425,169,-89,0
2447.9413220882416,9820,3376,11836,-339,-143,142,9172,-10856,7568,-39,120,-270,-14288,5996,2876,-945,159,-152,-14252,-1696,7244,-413,161,-54,0
2447.974853038788,9756,3364,11816,-352,-144,150,8968,-10788,7760,8,134,-259,-14312,6104,2760,-969,196,-146,-14244,-1728,7400,-431,206,-48,0
2448.008059024811,9892,3304,12080,-330,-203,145,9212,-11028,7644,-50,121,-294,-14312,6068,2576,-982,186,-177,-14088,-1628,7188,-448,237,-56,0
2448.041661024093,9944,3116,11924,-300,-210,163,9256,-10796,7448,-29,233,-262,-14264,5988,2656,-988,191,-202,-14224,-1788,7252,-438,265,-57,0
2448.0751950740814,9840,3320,11868,-331,-204,176,9328,-10880,7844,12,75,-297,-14284,5920,2836,-1025,208,-161,-14204,-1748,7316,-434,232,-40,0
2448.1085460186005,9876,3572,11804,-298,-231,186,9236,-10820,7628,250,67,-288,-14300,5960,2772,-1016,175,-134,-14260,-1716,7448,-453,169,-27,0
2448.1417250633244,10004,3388,12020,-305,-172,184,9284,-10808,7412,-33,123,-233,-14276,5956,2780,-998,208,-121,-14348,-1668,7336,-449,112,-38,0
2448.1751990318294,9996,3304,11856,-266,-148,177,9224,-10992,7596,-21,33,-200,-14352,5996,2908,-1011,159,-113,-14392,-1772,7556,-483,142,-42,0
2448.2086980342865,9892,3320,11872,-13,-188,150,9200,-10824,7580,-26,86,-206,-14188,5928,2884,-1012,166,-107,-14084,-1744,7480,-448,144,-61,0
2448.2422909736633,9808,3328,12052,-1,-205,141,9224,-10840,7644,-101,158,-252,-14104,5660,2564,-998,132,-103,-14272,-1744,7412,-450,211,-81,0
2448.2757761478424,9988,3156,11980,-310,-271,135,9220,-10872,7472,-58,210,-275,-14196,5964,2808,-1036,206,-195,-14300,-1684,7412,-477,249,-45,0
2448.3088901042934,9912,3220,11896,-251,-252,141,9280,-10920,7520,-95,207,-234,-14184,6100,2692,-1277,185,-165,-14256,-1612,7624,-441,184,-67,0
2448.3423740863805,9912,3292,11724,-295,-220,151,9268,-10848,7644,-140,251,-240,-14420,6124,2788,-1015,140,-123,-14580,-1716,7204,-443,170,-106,0
2448.375837087631,9972,3220,11848,-286,-201,150,9248,-10852,7680,-107,194,-213,-14328,5840,2920,-999,141,-103,-14288,-1716,7408,-434,161,-86,0
2448.4092061519623,9996,3212,11788,-284,-180,144,9336,-10976,7696,-73,264,-207,-14312,5936,2756,-1017,130,-138,-14296,-1708,7416,-492,160,-92,0
2448.442661046982,9768,3072,11760,-208,-209,135,9276,-10908,7460,-96,207,-196,-14268,5872,2720,-1041,139,-131,-14228,-1640,7376,-498,178,-105,0
2448.4762070178986,9836,3260,11740,-149,-176,127,9160,-11008,7516,-48,194,-176,-14116,5652,2896,-999,111,-129,-14572,-1648,7172,-535,142,-108,0
2448.509527921676,9788,3264,11760,-120,-123,154,9364,-10780,7588,-72,179,-142,-14304,5916,2788,-1018,71,-69,-14440,-1628,7312,-535,139,-142,0
2448.543081998825,9732,3268,11720,-101,-46,94,9340,-10840,7540,-8,201,-132,-14392,5844,2712,-1278,78,-69,-14580,-1672,6920,-257,111,-122,0
2448.5766270160675,10084,3152,11716,-72,44,73,9288,-10556,7612,10,195,-113,-14332,5832,2588,-1047,56,-15,-14560,-1744,7264,-524,115,-176,0
2448.6138570308685,9756,3548,11520,-81,31,87,9324,-10888,7436,9,191,-88,-14376,5780,2604,-1054,42,-46,-14532,-1556,7304,-480,116,-179,0
2448.649693965912,9952,3276,11652,-118,19,96,9280,-10900,7656,11,131,-137,-14584,5948,2972,-1011,39,-13,-14332,-1720,7268,-522,126,-161,0
2448.68484210968,9996,3196,12008,-44,-7,68,9268,-10920,7576,-43,160,-134,-14292,5996,2864,-1279,22,-52,-14248,-1620,7264,-537,120,-231,0
2448.7212331295013,9780,3260,11936,-12,12,51,9448,-10932,7508,26,154,-123,-14344,6100,2832,-1037,-11,250,-14228,-1704,7476,-580,55,-202,0
2448.7572679519653,9940,3508,11896,1,56,46,9228,-10792,7476,9,149,-74,-14224,5932,2856,-1003,253,-50,-14284,-1716,7608,-554,90,-203,0
2448.7918701171875,9884,3544,11748,-27,34,59,9196,-10876,7580,9,155,-100,-14128,5924,2916,-1010,96,-30,-14388,-1648,7336,-524,63,-195,0
2448.828099966049,10180,3576,11836,9,14,99,9204,-10956,7656,-8,79,-112,-14084,6036,2844,-1081,85,-13,-14156,-1644,7616,-549,48,-178,0
2448.8636100292206,9892,3232,12020,17,58,101,9308,-10876,7664,-15,35,-97,-14316,5956,2724,-1042,77,-76,-14332,-1776,7220,-548,59,-193,0
2448.8988919258118,9732,3312,11628,-29,22,109,9324,-10792,7540,12,109,-75,-14136,5940,2848,-1054,52,-33,-14236,-1760,7376,-528,33,-178,0
2448.9343800544734,10088,3356,11672,-255,45,81,9212,-10900,7560,-38,182,-56,-14240,6012,3036,-1077,38,-28,-14260,-1804,7192,-552,71,-188,0
2448.969561100006,9864,3468,11752,-72,46,58,9200,-10928,7672,251,177,-100,-14268,5940,2860,-1082,77,-2,-14204,-1724,7356,-526,98,-195,0
2449.005227088928,9872,3396,11852,-18,53,59,9148,-10844,7780,-36,170,-127,-14352,5892,2964,-1058,24,-47,-14216,-1812,7288,-546,86,-207,0
2449.040815114975,9892,3340,12028,-254,32,36,9280,-10884,7492,-47,204,-124,-14364,5952,2872,-1280,27,-250,-14260,-1804,7340,-505,61,-194,0
2449.0762300491333,9728,3496,11980,-52,6,41,9140,-10924,7628,-31,164,-110,-14256,5948,3028,-1273,18,-29,-14252,-1596,7428,-526,65,-203,0
2449.118898153305,9912,3360,11524,-58,22,60,9180,-10800,7584,0,168,-118,-14320,5940,2940,-1009,79,-26,-14208,-1768,7344,-758,123,-167,0
2449.154729127884,9820,3376,11800,-62,34,72,9180,-10912,7500,-25,85,-118,-14288,6044,2912,-1051,65,-73,-14268,-1696,7464,-497,124,-126,0
2449.190220117569,9804,3400,11908,-67,16,91,9124,-10896,7592,-40,110,-154,-14288,6108,2856,-1034,80,-56,-14580,-2012,7480,-502,124,-134,0
2449.2256610393524,9928,3428,11884,-146,-21,116,9240,-10896,7572,-49,163,-148,-14268,5956,2816,-980,113,-49,-14240,-1792,7464,-494,136,-117,0
2449.261533021927,9800,3460,11780,-145,-24,81,9200,-10832,7600,-32,143,-139,-14164,5956,2824,-1271,98,-58,-14220,-1848,7548,-462,157,-105,0
2449.2949030399323,9832,3392,12068,-175,9,110,9356,-10952,7568,-19,190,-128,-14280,6028,3060,-1009,94,-100,-14256,-1804,7440,-460,133,-117,0
2449.328551054001,9848,3320,12084,-184,250,82,9236,-10900,7616,-50,162,-161,-14316,6032,2916,-1005,80,-97,-14332,-1760,7632,-473,92,-106,0
2449.361913919449,9900,3372,11948,-226,-8,78,9392,-10976,7608,-35,225,-162,-14256,6060,2844,-980,56,-49,-14384,-1804,7596,-485,131,-123,0
2449.395451068878,9844,3344,11928,-294,-79,103,9264,-10920,7620,11,201,-204,-14288,5856,2940,-982,86,-93,-14192,-1864,7548,-456,156,-97,0
2449.4287610054016,9808,3440,11944,-246,-122,126,9024,-10888,7748,-18,85,-274,-14284,6052,2948,-956,111,-166,-14296,-2016,7580,-485,205,-61,0
2449.4623601436615,9828,3396,12044,-261,-167,93,9096,-10760,7456,-34,94,-304,-14308,5956,2896,-924,64,-158,-14364,-1804,7512,-453,171,-52,0
2449.4957330226894,9860,3436,11756,-361,-110,88,9136,-10888,7712,18,101,-512,-14224,5988,2824,-900,133,-79,-14176,-1712,7672,-451,149,-84,0
2449.529458999634,9800,3356,11680,-387,-97,140,9112,-10832,7424,-29,167,-200,-14248,6032,2944,-957,181,-66,-14184,-1800,7440,-364,149,-9,0
2449.5629551410675,9832,3408,11928,-425,-96,151,9236,-10980,7592,-22,130,-1,-14296,5884,2724,-963,181,-102,-14100,-1548,7356,-369,198,-23,0
2449.5964770317078,9864,3352,11924,-423,-118,137,9420,-10996,7572,-58,177,-226,-14200,5964,3040,-955,146,-153,-14296,-1760,7296,-409,168,-35,0
2449.6299369335175,9940,3292,11868,-400,-153,155,9036,-10916,7880,-89,99,-282,-14224,6048,2888,-970,163,-169,-14312,-1844,7400,-432,238,-22,0
2449.663501024246,9912,3188,11912,-318,-234,171,9276,-10848,7424,-49,91,-314,-14316,5908,2940,-952,185,-158,-14276,-1640,7380,-438,261,-28,0
2449.697130918503,9960,3372,11960,-316,-237,144,9216,-10944,7628,-42,84,-334,-14304,5952,2860,-990,173,-136,-14260,-1664,7300,-461,250,-28,0
2449.7306611537933,9896,3320,11988,-324,-234,166,9264,-10908,7560,-18,115,-259,-14204,5932,2840,-1002,188,-145,-14308,-1696,7428,-441,205,-32,0
2449.7642319202423,9916,3572,12020,-318,-190,169,9452,-10892,7648,-13,166,-242,-14112,5848,2972,-958,162,-160,-14220,-1760,7372,-460,173,-81,0
2449.797749042511,9940,3296,11984,-301,-204,168,8992,-10892,7440,-34,103,-268,-14208,5996,3032,-947,159,-167,-14116,-1768,7368,-436,173,-58,0
2449.8311750888824,10044,3272,11844,-273,-198,174,9176,-10860,7672,-43,64,-262,-14216,5984,2876,-974,146,-82,-14536,-1696,7432,-435,165,-77,0
2449.8642930984497,9884,3256,11804,-253,-211,150,9244,-10880,7920,-19,26,-280,-14256,6140,2944,-983,155,-123,-14216,-1708,7516,-450,198,-74,0
2449.8977501392365,9756,3192,11840,-251,-243,158,9192,-10872,7652,-11,81,-273,-14244,5992,2912,-983,172,-157,-14132,-1720,7420,-479,215,-54,0
2449.9313549995422,9960,3132,11996,-245,-217,141,9256,-10840,7684,-20,95,-5,-14296,5996,2776,-974,177,-173,-14360,-1588,7456,-479,178,-91,0
2449.964914083481,10028,3232,11812,-224,-181,121,9260,-10836,7932,-34,118,-242,-14308,5924,2828,-1012,145,-107,-14112,-1724,7276,-485,192,-110,0
2449.99831700325,9972,3116,12004,-162,-167,105,9280,-10784,7552,-9,136,-213,-14236,5892,2752,-1059,128,-98,-14232,-1596,7312,-519,138,-169,0
2450.0317530632014,10032,3212,11836,-77,-141,133,9316,-10848,7700,-24,120,-169,-14204,5892,2792,-1055,122,-134,-14324,-1708,7392,-534,128,-140,0
2450.065444946289,10024,3272,11872,-58,-93,100,9224,-10756,7600,-47,127,-126,-14560,5632,2752,-1071,121,-75,-14356,-1708,7340,-529,108,-174,0
2450.0989160537724,9996,3264,11916,-66,-32,103,9316,-10792,7708,-15,190,-115,-14292,5724,2936,-1077,105,-20,-14096,-1600,7244,-515,81,-143,0
2450.132498025894,10052,3228,11668,-91,21,110,9420,-10820,7632,-17,156,-90,-14268,5800,2796,-1093,89,-13,-14356,-1636,7332,-533,87,-134,0
2450.166043996811,9980,3320,11996,-98,-11,115,9000,-11008,7624,-33,163,-76,-14248,5892,2800,-1098,126,-239,-14240,-1664,7312,-538,92,-144,0
2450.1999590396886,9888,3324,11696,-82,-28,131,9212,-10768,7876,-63,115,-85,-14264,5976,2820,-1040,82,-24,-14208,-1540,7300,-531,95,-149,0
2450.233668088913,9840,3368,11672,-85,-45,136,9056,-10804,7648,-7,96,-132,-14208,5924,2928,-1043,129,-66,-14280,-1716,7352,-521,136,-93,0
2450.2696640491486,9936,3336,11868,-25,-54,119,9180,-10868,7636,-66,123,-127,-14292,5944,2824,-1024,102,-43,-14284,-1680,7520,-264,89,-144,0
2450.3047199249268,9984,3300,11940,-25,17,96,9324,-11000,7556,-75,129,-75,-14592,5916,2908,-1014,-5,-49,-14524,-1640,7296,-536,46,-230,0
2450.3402469158173,10048,3236,11664,-71,-16,81,9224,-10932,7596,6,145,-54,-14260,5948,2748,-1272,40,-22,-14252,-1788,7552,-523,29,-187,0
2450.3754539489746,9968,3276,11736,14,71,72,9264,-10856,7564,-47,101,-65,-14328,5984,2988,-1043,56,-37,-14324,-1716,7312,-532,94,-177,0
2450.410654067993,9956,3188,11912,-46,4,72,9268,-10916,7620,-38,200,-111,-14220,5904,3028,-786,40,-61,-14252,-1644,7292,-525,109,-174,0
2450.4455759525295,9904,3348,11684,38,28,97,9192,-10980,7540,-44,83,-84,-14268,6044,2792,-1062,70,-250,-14164,-1972,7296,-548,83,-193,0
2450.481230020523,9988,3300,11852,-13,-1,104,9220,-10808,7616,-59,149,-84,-14240,5972,2816,-1048,46,-43,-14296,-1664,7180,-526,85,-199,0
2450.517565011978,9980,3264,11812,-34,23,63,9180,-11204,7432,-45,144,-97,-14532,5900,2788,-1042,34,-30,-14288,-1688,7232,-530,80,-212,0
2450.5522429943085,9976,3316,11868,-45,42,51,9468,-10776,7512,3,193,-106,-14316,5984,3052,-1058,6,-49,-14176,-1764,7196,-521,117,-223,0
2450.5881040096283,9884,3396,11728,-46,47,32,9144,-10940,7640,31,168,-110,-14256,5940,3056,-1041,15,-81,-14280,-1744,7376,-514,119,-163,0
2450.6236691474915,9924,3368,11908,-65,11,70,9116,-10884,7496,-15,123,-175,-14216,5920,2940,-1034,26,-72,-14228,-1712,7380,-551,150,-207,0
2450.6596901416774,9904,3364,11804,-76,-255,48,9176,-10796,7676,-29,247,-139,-14228,5996,2836,-1010,28,-116,-14232,-1788,7324,-764,126,-173,0
2450.694986104965,9904,3500,11856,-134,-2,53,9032,-10872,7592,-40,216,-154,-14340,6012,2980,-1023,76,-111,-14164,-1900,7464,-498,134,-156,0
2450.7310819625854,9796,3412,11944,-107,252,73,9116,-10864,7684,-56,177,-148,-14248,6068,3024,-1017,85,-110,-14244,-1732,7408,-496,163,-133,0
2450.7660949230194,9892,3376,11808,-185,13,71,9016,-10864,7772,-35,172,-135,-14256,5900,2588,-1001,94,-89,-14092,-1808,7248,-455,154,-104,0
2450.80202794075,9884,3476,11632,-197,-12,108,9196,-10944,7464,-53,195,-147,-14272,5896,2632,-963,85,-19,-14572,-1820,7452,-465,156,-89,0
2450.8380320072174,9840,3332,12072,-238,-28,125,9376,-10804,7556,-15,186,-179,-14208,6100,2988,-966,107,-107,-14240,-1752,7328,-446,179,-84,0
2450.8733899593353,9900,3456,12008,-268,-77,138,9116,-10984,7696,238,138,-205,-14364,5980,2844,-951,88,-94,-14296,-1832,7444,-458,187,-71,0
2450.90866613388,9860,3444,12008,-268,-136,117,9160,-10760,7704,-39,104,-266,-14232,6008,2832,-945,78,-71,-14280,-1820,7472,-458,192,-81,0
2450.944608926773,9872,3372,11816,-276,-130,103,9172,-10852,7640,-93,125,-508,-14240,6000,3060,-868,114,-115,-14328,-1752,7496,-447,190,-98,0
2450.978142976761,9912,3368,11536,-300,-127,106,9192,-10876,7556,-88,137,-236,-14232,5924,2804,-896,131,-88,-14308,-1728,7456,-445,123,-54,0
2451.011789083481,9940,3312,11948,-316,-120,123,9216,-10932,7648,-50,116,-231,-14276,5940,2960,-969,133,-117,-14300,-1724,7636,-439,163,-62,0
2451.045445919037,9832,3384,11856,-325,-101,139,9116,-10884,7652,-11,118,-214,-14212,5952,2900,-974,150,-100,-14256,-1832,7472,-405,127,-46,0
2451.079041004181,9848,3400,11748,-321,-102,131,9148,-10924,7612,-30,123,-236,-14328,6004,2884,-988,172,-92,-14132,-1656,7392,-414,200,-59,0
2451.1128449440002,9932,3316,11968,-324,-212,170,9212,-11048,7640,-58,183,-274,-14276,5972,2844,-981,156,-133,-14308,-1684,7444,-447,239,-34,0
2451.1460289955135,9972,3572,11972,-325,-195,194,9148,-10872,7684,-36,131,-256,-14280,5968,2816,-976,204,-140,-14560,-1720,7176,-427,210,-15,0
2451.1800401210785,9936,3248,11820,-302,-190,181,9468,-10944,7472,-17,91,-264,-14308,5956,2800,-1003,136,-170,-14288,-1580,7672,-469,189,-70,0
2451.2136690616608,9888,3252,12232,-285,-181,156,9184,-10876,7740,-18,122,-7,-14364,5996,2916,-999,133,-150,-14316,-1812,7484,-471,160,-99,0
2451.247336149216,9956,3404,11836,-225,-180,136,9160,-10976,7640,-42,148,-211,-14296,5928,2880,-961,124,-117,-14212,-1752,7376,-485,155,-111,0
2451.2808079719543,9960,3320,11836,-211,-185,104,9172,-10812,7460,-23,108,-228,-14180,5940,2676,-982,128,-127,-14208,-1572,7388,-468,200,-83,0
2451.3139390945435,9844,3292,11900,-247,-135,141,8972,-10832,7592,-254,58,-270,-14224,6024,2832,-983,132,-140,-14284,-1660,7348,-479,227,-108,0
2451.347577095032,9968,3212,11932,-256,-210,124,9320,-10880,7732,-30,146,-242,-14300,5916,2736,-968,138,-176,-14292,-1684,7360,-445,208,-84,0
2451.3807089328766,9788,3248,11876,-270,-190,125,9468,-10824,7484,-14,127,-265,-14296,5932,2864,-984,126,-101,-14256,-1688,7428,-467,236,-71,0
2451.4142520427704,10048,3228,11832,-217,-209,147,9344,-10900,7680,-22,88,-241,-14332,5940,2792,-1001,158,-82,-14312,-1660,7464,-498,187,-104,0
2451.4479200839996,10032,3244,11904,-186,-170,149,9440,-10892,7568,-23,77,-248,-14332,6092,2824,-1007,115,-139,-14232,-1680,7300,-498,163,-131,0
2451.4817440509796,9928,3172,11816,-149,-178,158,9112,-10880,7508,-7,124,-203,-14276,5952,2824,-991,90,-127,-14272,-1756,7372,-766,152,-112,0
2451.514970064163,9972,3324,11940,-119,-129,137,9120,-10816,7608,-16,108,-197,-14288,5980,2680,-772,116,-128,-14268,-1556,7216,-482,143,-130,0
2451.548602104187,9968,3244,11936,-111,-107,93,9304,-10764,7580,-252,173,-166,-14328,5988,2820,-1280,86,-81,-14332,-1804,7328,-498,111,-167,0
2451.5823171138763,10052,3260,11756,-160,11,111,8976,-10860,7724,-14,210,-128,-14292,5804,2648,-1039,83,-27,-14232,-1732,7384,-471,111,-142,0
2451.6157190799713,10172,3320,11860,-163,-22,104,9240,-10848,7552,-33,183,-151,-14244,5928,2744,-1024,124,-75,-14320,-1660,7284,-489,119,-159,0
2451.6492481231694,9948,3260,12016,-108,-38,107,9300,-10760,7580,-45,128,-169,-14324,5892,2632,-1042,93,-69,-14344,-1732,7432,-766,100,-131,0
2451.6828370094295,10064,3280,11968,-95,-29,103,8964,-10824,7428,-26,118,-136,-14276,5932,2948,-1063,59,-93,-14396,-1680,7508,-528,115,-190,0
2451.71618103981,9952,3084,11788,-68,-61,106,9424,-10768,7568,31,156,-121,-14320,5872,2904,-1029,48,-36,-14204,-1576,7596,-526,86,-181,0
2451.749937057495,9932,3260,11828,-44,-1,70,9164,-10780,7656,-33,155,-106,-14384,5916,3052,-1078,47,-3,-14368,-1784,7368,-516,86,-170,0
2451.7834169864655,10224,3260,11708,-87,24,70,9184,-10924,7612,-33,195,-101,-14236,5940,2768,-1074,62,-28,-14280,-1608,7336,-502,72,-171,0
2451.816964149475,10132,3204,11592,-69,81,101,9196,-10836,7704,-1,130,-69,-14316,5960,2944,-1050,96,-33,-14196,-1684,7408,-501,58,-165,0
2451.8505671024323,9832,3340,11876,-63,37,88,9096,-10816,7704,-41,139,-91,-14304,5960,2888,-1275,71,-53,-14212,-1744,7384,-517,115,-151,0
2451.883805036545,9960,3244,11896,-55,8,77,9244,-10880,7816,-63,156,-96,-14560,5996,2868,-1037,61,-29,-14320,-1672,7332,-520,73,-175,0
2451.917421102524,9928,3236,11892,-61,-2,65,9120,-10996,7612,-57,176,-90,-14312,5976,2844,-1277,43,-20,-14292,-1660,7436,-544,104,-175,0
2451.953570127487,9948,3320,11860,-69,4,49,9180,-10900,7496,6,144,-134,-14280,6076,2768,-1043,88,-86,-14088,-1752,7472,-527,96,-160,0
2451.989246129989,9748,3308,11904,-47,18,64,9188,-10844,7532,-22,109,-112,-14256,5964,2864,-1036,90,-43,-14304,-1808,7400,-523,96,-167,0
2452.0250940322876,9952,3348,11888,-93,-1,91,9248,-10920,7704,247,186,-120,-14344,5964,2828,-1046,51,-61,-14212,-1664,7428,-510,104,-176,0
2452.0606830120087,9860,3500,11912,-45,253,65,9456,-10960,7568,-34,225,-127,-14200,5916,3016,-1031,50,-45,-14332,-1792,7368,-495,125,-170,0
2452.0956189632416,9816,3408,11876,-63,-13,97,9228,-10920,7868,-20,150,-129,-14216,6100,2640,-1005,93,-86,-14232,-1720,7264,-526,110,-174,0
2452.131278991699,9868,3416,11988,-64,-4,99,9228,-10948,7812,-21,129,-131,-14156,5920,2912,-1014,93,-34,-14272,-1852,7656,-534,114,-150,0
2452.1671519279485,9916,3196,11832,-89,-17,85,9180,-10840,7428,-43,133,-142,-14308,5892,2952,-993,97,-106,-14268,-1836,7672,-257,136,-154,0
2452.2021739482884,9880,3372,11804,-134,242,81,9064,-10760,7648,-55,153,-146,-14252,5956,2952,-1016,94,-54,-14188,-1748,7208,-765,117,-135,0
2452.2380459308624,9808,3344,11796,-97,-9,97,9128,-10828,7588,-5,150,-165,-14272,5924,2868,-770,82,-97,-14232,-1752,7368,-508,134,-150,0
2452.272938966751,9820,3372,12272,-144,-15,98,9128,-10972,7544,-34,160,-157,-14292,5644,2888,-1005,118,-78,-14284,-1696,7388,-459,154,-137,0
2452.308596134186,9812,3408,11924,-126,-30,84,8976,-10784,7620,-85,142,-161,-14228,5944,3184,-991,78,-129,-14356,-1768,7432,-494,150,-150,0
2452.3435781002045,9812,3400,11976,-110,-22,65,9236,-10944,7824,-66,119,-159,-14276,6124,2876,-1011,68,-68,-14228,-1748,7420,-543,130,-155,0
2452.37993311882,9892,3404,11804,-161,-10,114,9108,-10808,7428,18,132,-162,-14192,5972,2896,-1005,76,-86,-14092,-2020,7196,-504,116,-113,0
2452.4150509834294,9892,3452,11712,-135,9,100,9076,-10804,7624,-93,123,-134,-14148,5928,2828,-1036,65,-46,-14256,-1716,7520,-486,120,-124,0
2452.4507360458374,9860,3344,12004,-223,-25,97,9188,-10920,7548,-33,203,-140,-14232,5984,2760,-989,96,-66,-14092,-1728,7496,-469,156,-84,0
2452.485517978668,9748,3344,11752,-229,-4,83,9060,-10852,7704,-47,165,-150,-14256,6008,2904,-985,120,-50,-14184,-1576,7636,-461,199,-54,0
2452.5212841033936,9788,3516,11884,-313,-93,123,9068,-10928,7816,-26,143,-197,-14240,5976,2960,-951,109,-104,-14300,-1856,7616,-412,187,-66,0
2452.555984020233,9888,3384,11948,-290,-154,125,9112,-10984,7864,-58,109,-16,-14240,6036,2988,-900,80,-93,-14324,-1820,7624,-447,205,-93,0
2452.591875076294,9816,3468,11972,-273,-163,108,9080,-10888,7776,-49,64,-262,-14196,6028,2848,-890,118,-92,-14244,-1768,7496,-493,201,-92,0
2452.627741098404,9836,3436,11908,-260,-121,124,9148,-10968,7824,-15,60,-263,-14096,5972,2872,-922,138,-108,-14228,-1652,7208,-448,226,-44,0
2452.6611139774323,9756,3372,11816,-274,-163,128,9060,-10980,7568,-29,105,-248,-14184,5940,2908,-928,132,-178,-14348,-1712,7452,-437,224,-63,0
2452.6947910785675,9868,3376,11808,-322,-169,113,9188,-10932,7680,-43,163,-279,-14256,5964,2980,-958,153,-190,-14240,-1684,7392,-443,213,-62,0
2452.7284920215607,9884,3252,11792,-322,-173,126,9228,-10844,7728,-60,149,-261,-14284,6008,2696,-953,166,-125,-14316,-1608,7424,-410,235,-36,0
2452.7618601322174,9932,3272,11808,-315,-192,187,9116,-10836,7432,-27,94,-254,-14248,5976,3060,-997,209,-109,-14308,-1680,7408,-449,224,-39,0
2452.7951271533966,9904,3548,11876,-300,-199,173,9176,-10892,7700,-23,112,-1,-14256,5988,2940,-996,178,-157,-14296,-1692,7392,-456,216,-37,0
2452.829857110977,9972,3304,11924,-278,-193,163,9092,-10920,7464,-44,121,-238,-14260,5896,2852,-986,173,-144,-14300,-1768,7600,-458,210,-62,0
2452.863984107971,9968,3208,11924,-270,-198,138,9464,-10980,7844,-25,138,-250,-14564,5996,2872,-962,130,-150,-14348,-1848,7432,-490,220,-102,0
2452.8973269462585,9972,3576,11656,-261,-224,114,9424,-10792,7724,-37,135,-256,-14292,5924,2900,-999,127,-178,-14280,-1740,7408,-452,196,-101,0
2452.930624961853,10016,3072,11924,-1,-187,140,9464,-10896,7596,-28,124,-270,-14304,5864,2784,-1025,138,-137,-14292,-1740,7292,-424,182,-94,0
2452.964169025421,9992,3224,11924,-235,-195,102,9228,-10888,7548,-36,124,-267,-14192,5928,3068,-974,138,-125,-14336,-1644,7256,-466,211,-84,0
2452.9974770545964,9868,3252,11804,-271,-201,122,9244,-10884,7572,-15,73,-241,-14384,5944,2532,-1000,179,-110,-14220,-1628,7596,-455,188,-79,0
2453.031044960022,10024,3156,11784,-225,-175,140,9224,-10928,7528,-54,73,-233,-14352,6040,2820,-985,109,-154,-14240,-1620,7180,-510,168,-116,0
2453.064759016037,10160,3200,11908,-195,-203,147,9264,-10964,7428,-6,50,-223,-14236,6016,2784,-1053,147,-177,-14280,-1660,7668,-473,180,-113,0
2453.0983190536494,10164,3192,11856,-194,-126,109,9408,-10832,7672,-15,89,-181,-14252,6024,2808,-1044,128,-113,-14184,-1760,7348,-259,167,-103,0
2453.1317510604854,9996,3224,11604,-176,-125,125,9268,-10964,7484,-29,111,-182,-14408,6012,3000,-1002,111,-70,-14352,-1648,7332,-496,116,-132,0
2453.165266990661,9824,3208,11660,-136,-115,139,9204,-10820,7536,-21,155,-179,-14352,5968,2684,-1065,119,-72,-14256,-1644,7308,-503,104,-130,0
2453.198544025421,9756,3264,11780,-84,-80,119,9428,-10768,7552,-25,87,-144,-14188,5792,2896,-1049,73,-99,-14336,-1700,7356,-471,57,-145,0
2453.231929063797,9732,3236,11764,-137,-47,99,9212,-10860,7488,-52,174,-140,-14512,6068,3056,-1033,97,-58,-14324,-1748,7260,-477,34,-176,0
2453.265608072281,9864,3288,11840,-156,4,82,9188,-10928,7548,-72,200,-119,-14268,5916,2748,-1029,71,-48,-14176,-1740,7552,-473,94,-125,0
2453.299157142639,10040,3216,11716,-126,-47,91,9036,-10924,7652,-14,134,-154,-14292,5956,2776,-1060,120,-76,-14336,-1684,7360,-504,89,-128,0
2453.3326940536494,10016,3244,11604,-86,-63,124,9388,-10868,7664,1,88,-149,-14256,5996,2804,-1044,154,-108,-14304,-1660,7184,-427,89,-98,0
2453.366203069687,10008,3220,11956,-86,-60,116,9016,-10856,7632,-27,85,-152,-14312,6032,3000,-772,85,-117,-14244,-1752,7456,-454,106,-146,0
2453.3993151187897,9972,3224,11784,-91,-97,89,8996,-11008,7632,-50,183,-154,-14256,5972,2772,-1033,69,-38,-14252,-1652,7296,-477,99,-165,0
2453.4327211380005,10224,3292,11684,-107,5,75,9216,-10896,7648,-3,172,-126,-14344,5980,3020,-1001,66,-62,-14296,-1696,7660,-491,63,-152,0
2453.4662239551544,9748,3368,11876,-102,10,102,9136,-10900,7616,10,139,-107,-14260,6016,2820,-775,63,-30,-14124,-1724,7204,-491,109,-165,0
2453.499731063843,9916,3304,11804,-95,6,76,9416,-10928,7620,-17,158,-103,-14368,5892,2892,-1278,63,-52,-14292,-1748,7416,-494,97,-138,0
2453.533437013626,9900,3248,12004,-77,-19,95,9176,-10912,7884,-32,148,-152,-14096,5892,2976,-986,40,-100,-14384,-1680,7408,-485,153,-153,0
2453.5671391487126,10004,3328,11860,-102,-43,99,9444,-10836,7568,-36,127,-160,-14592,6044,3000,-971,42,-58,-14296,-1760,7388,-494,121,-158,0
2453.6006169319153,10072,3208,11948,-141,-18,91,9224,-10916,7904,-16,130,-127,-14136,5972,2772,-964,27,-52,-14276,-1692,7328,-506,111,-186,0
2453.6371450424194,10192,3300,11732,-102,-9,83,9172,-10828,7532,-3,170,-107,-14216,5916,2984,-1002,17,-66,-14236,-1624,7604,-530,99,-185,0
2453.67232298851,9864,3388,11888,-57,-250,72,9240,-10988,7620,-29,202,-106,-14268,5948,2784,-769,32,-10,-14356,-1740,7248,-537,116,-169,0
2453.708116054535,10112,3380,11912,-86,36,39,9168,-10828,7924,12,156,-74,-14236,5976,2900,-1039,14,-24,-14172,-1564,7460,-555,91,-176,0
2453.743143081665,9916,3316,12040,-74,51,103,9444,-10880,7616,11,144,-86,-14184,5956,2864,-1045,47,-4,-14260,-1716,7384,-524,116,-161,0
2453.7791669368744,9932,3112,12160,-56,-5,92,9048,-10900,7432,-33,95,-116,-14256,6004,3020,-1019,59,-51,-14124,-1768,7560,-555,97,-149,0
2453.81422495842,9976,3384,11900,-56,-12,59,9264,-10776,7764,-62,171,-121,-14276,5932,2804,-1029,30,-14,-14208,-1692,7472,-547,111,-196,0
2453.8500621318817,9740,3368,11912,-81,251,69,9152,-10832,7764,-33,118,-148,-14200,5952,2852,-1017,66,-87,-14140,-1700,7540,-501,176,-136,0
2453.884863138199,9780,3336,11828,-85,19,100,9196,-10956,7740,-28,129,-141,-14280,5996,2924,-1061,91,-79,-14296,-1832,7500,-488,174,-134,0
2453.920189142227,9924,3308,11880,-125,-40,106,9436,-10860,7648,-19,155,-144,-14296,6012,2760,-1043,102,-69,-14256,-1724,7396,-492,159,-148,0
2453.955590963364,9896,3544,11780,-86,-48,73,9176,-10764,7708,-29,167,-146,-14228,6040,2716,-1063,126,-63,-14208,-1656,7460,-498,164,-145,0
2453.9911749362946,9900,3444,11860,-86,-23,78,9232,-10920,7700,-31,153,-120,-14084,5920,2884,-1056,131,-22,-14268,-1804,7484,-485,123,-139,0
2454.0261759757996,9868,3336,11860,-123,-19,87,9424,-10856,7628,-50,170,-148,-14232,5900,3316,-1047,110,-70,-14292,-1764,7468,-522,102,-127,0
2454.0618200302124,9828,3376,11700,-108,19,90,9148,-10888,7716,-60,180,-153,-14300,5972,2860,-1040,120,-91,-14276,-1692,7632,-486,124,-145,0
2454.0980770587926,9836,3544,12020,-159,-8,95,9144,-10880,7640,-13,162,-137,-14280,5924,3012,-1062,116,-54,-14176,-2012,7644,-485,124,-130,0
2454.1383450031285,9976,3412,11848,-184,30,102,9212,-10828,7484,-37,209,-153,-14304,6064,3024,-1023,119,-92,-14204,-1852,7592,-466,122,-108,0
2454.1739039421086,9728,3408,12068,-202,12,89,9096,-11016,7704,-32,188,-166,-14248,6020,2952,-1003,123,-50,-14352,-1756,7588,-480,125,-99,0
2454.20952296257,9792,3456,11976,-232,-41,78,9152,-10888,7848,-28,152,-193,-14300,6024,3248,-1013,121,-126,-14232,-1796,7648,-487,170,-82,0
2454.2445290088654,9792,3408,11780,-4,-84,108,9116,-10872,7772,-69,132,-216,-14180,6036,2928,-952,141,-60,-14192,-1692,7492,-489,165,-87,0
2454.281841993332,9808,3360,11788,-249,-143,117,9132,-10888,7620,-78,98,-236,-14148,6084,2868,-955,128,-122,-14200,-1852,7580,-497,200,-81,0
2454.3153619766235,9796,3088,11840,-284,-107,92,9264,-10828,7660,-53,86,-508,-14136,5916,2852,-926,110,-145,-14264,-1688,7656,-486,175,-74,0
2454.3489689826965,9860,3548,11876,-327,-95,132,9204,-10924,7676,-26,96,-265,-14144,6004,3036,-946,132,-120,-14224,-1552,7560,-419,194,-51,0
2454.3823101520534,9800,3372,11952,-327,-108,146,9052,-10928,7888,-29,62,-243,-14276,5980,2920,-921,171,-114,-14208,-1780,7408,-433,215,-55,0
2454.4155180454254,9812,3284,11892,-331,-147,136,9168,-10932,7548,-70,143,-272,-14236,6044,2580,-936,150,-186,-14276,-1680,7616,-432,205,-54,0
2454.4492321014404,9872,3084,11924,-310,-161,141,9184,-11032,7520,-43,91,-263,-14560,6016,2800,-977,185,-162,-14168,-1736,7548,-439,248,-31,0
2454.482838153839,9920,3296,11892,-302,-182,163,9256,-10928,7888,-4,53,-280,-14280,6052,2576,-958,180,-163,-14232,-1728,7392,-434,225,-56,0
2454.5164539813995,9980,3260,11820,-288,-161,161,9468,-10880,7628,-17,52,-503,-14392,5956,2908,-952,166,-123,-14280,-1684,7392,-458,206,-70,0
2454.550024032593,9984,3220,11936,-280,-148,133,9276,-10872,7652,-2,79,-231,-14328,5884,2808,-961,73,-119,-14296,-1664,7484,-471,166,-111,0
2454.5836091041565,9892,3336,11836,-318,-160,149,9240,-10804,7660,69,95,-206,-14320,5916,2952,-968,92,-95,-14152,-1844,7384,-438,162,-67,0
2454.6172399520874,9856,3292,11980,-270,-98,127,9184,-10864,7684,-20,107,-226,-14300,5960,2840,-972,110,-102,-14220,-1760,7632,-427,208,-49,0
2454.65038895607,9892,3284,11940,-345,-222,138,9468,-10920,7668,-38,176,-273,-14236,6000,2848,-974,140,-134,-14244,-1648,7644,-441,235,-53,0
2454.6838901042934,9900,3116,11904,-294,-165,184,9280,-10944,7660,-9,77,-225,-14312,5964,2728,-996,128,-103,-14480,-1656,7188,-419,174,-90,0
2454.71754193306,9956,3164,11952,-2,-167,141,9240,-10740,7648,-60,85,-235,-14356,6004,2912,-950,75,-65,-14240,-1784,7564,-464,157,-99,0
2454.7510731220245,9948,3224,11884,-266,-151,97,9264,-10916,7608,-34,78,-246,-14280,5904,2896,-976,82,-112,-14332,-1620,7344,-489,169,-121,0
2454.7848200798035,9920,3128,11852,-238,-174,94,9256,-10916,7880,18,121,-238,-14264,6024,2876,-976,113,-149,-14152,-1648,7416,-527,174,-73,0
2454.8182229995728,10168,3144,11988,-165,-139,140,9252,-10860,7572,-6,96,-221,-14300,5908,2864,-1013,145,-124,-14284,-1624,7272,-488,190,-114,0
2454.85178899765,9760,3244,11800,-170,-138,129,9276,-10848,7608,-15,69,-217,-14420,6012,2512,-1042,169,-103,-14372,-1696,7384,-481,154,-115,0
2454.884854078293,9964,3180,11756,-92,-142,83,9228,-10816,7648,-35,147,-165,-14432,5972,3012,-1067,120,-132,-14544,-1636,7408,-513,131,-165,0
2454.918128013611,9932,3208,11684,-123,-83,98,9228,-10848,7524,-15,168,-122,-14280,5904,2868,-1110,104,-94,-14264,-1672,7200,-512,107,-155,0
2454.9516789913177,9968,3308,11760,-94,-19,94,9220,-10760,7660,-256,180,-128,-14116,5952,2952,-1104,121,-63,-14392,-1736,7336,-527,117,-168,0
2454.9854741096497,9912,3304,11780,-79,-24,83,9128,-10784,7728,-43,194,-126,-14324,5688,3044,-1074,96,-41,-14288,-1972,7676,-259,109,-146,0
2455.0189759731293,9916,3212,11596,-115,-30,103,9452,-10840,7644,-12,174,-142,-14264,6016,3128,-1044,106,-48,-14308,-2044,7344,-499,101,-139,0
2455.052634000778,9924,3328,11920,-69,-63,96,9164,-10780,7456,-41,153,-155,-14240,5888,2756,-1040,101,-88,-14580,-1720,7216,-765,97,-177,0
2455.086468935013,9788,3316,11932,-105,-25,71,9288,-10824,7712,-18,126,-158,-14324,5892,2976,-1062,75,-62,-14312,-1560,7404,-493,110,-184,0
2455.1199979782104,9992,3372,11620,-63,-14,60,9128,-10936,7548,-11,152,-91,-14296,5892,2724,-1048,54,-51,-14392,-1760,7492,-500,93,-172,0
2455.1532819271088,9920,3272,11864,-75,21,64,9212,-11008,7624,-31,156,-106,-14204,5992,2732,-1001,70,1,-14236,-1648,7452,-757,62,-161,0
2455.1868839263916,9860,3376,11804,-88,35,59,9216,-10816,7836,-60,112,-117,-14172,5924,3032,-1007,124,-25,-14292,-1740,7312,-507,76,-146,0
2455.220272064209,9916,3136,11956,-7,16,100,9180,-10940,7680,-70,85,-97,-14280,6020,2920,-1040,89,-37,-14552,-1676,7572,-585,113,-165,0
2455.253893136978,9828,3244,12136,-57,-6,108,9224,-10896,7636,-29,132,-108,-14304,6024,2736,-775,97,-72,-14276,-1744,7608,-522,130,-175,0
2455.2874200344086,9960,3292,11936,-47,-8,95,9196,-10836,7844,-32,127,-109,-14244,6008,2640,-1039,55,-24,-14328,-1628,7400,-520,77,-155,0
2455.323967933655,9888,3392,12016,-80,-256,86,9196,-10976,7452,13,150,-103,-14268,6012,2952,-1279,43,-19,-14304,-1720,7552,-543,89,-186,0
2455.3598749637604,9948,3324,11892,-71,38,67,9200,-10868,7440,-41,197,-81,-14168,5920,2888,-1022,57,-51,-14236,-1764,7504,-496,117,-168,0
2455.394860982895,9736,3332,11836,-50,39,73,9384,-10920,7700,-41,132,-108,-14260,5984,2964,-984,50,-39,-14164,-1544,7528,-486,146,-164,0
2455.4305040836334,9824,3368,11884,-113,255,70,9136,-10984,7624,-61,169,-150,-14224,6020,2984,-951,-255,-7,-14240,-1820,7608,-507,102,-168,0
2455.46559715271,9820,3388,11984,-76,-20,54,9128,-10824,7472,-26,175,-129,-14208,5956,2848,-990,3,-31,-14208,-1652,7428,-509,129,-177,0
2455.5014359951015,9876,3560,11524,-68,-15,61,9120,-10868,7764,27,143,-170,-14156,5940,2864,-992,53,-105,-14280,-1724,7392,-767,173,-152,0
2455.5375850200653,9912,3360,11596,-88,2,103,9160,-10872,7844,22,107,-174,-14152,6016,2768,-983,85,-83,-14292,-1748,7552,-536,155,-150,0
2455.572816133499,9788,3400,12060,-112,-34,90,9176,-10860,7472,-35,163,-146,-14220,5988,2968,-769,80,-82,-14296,-1748,7424,-473,153,-155,0
2455.608721971512,9940,3396,11940,-137,-46,98,9244,-10948,7844,-24,188,-129,-14140,5936,2736,-1014,92,-64,-14272,-1776,7476,-491,148,-137,0
2455.6434540748596,9932,3364,11976,-108,-23,89,9248,-10944,7656,-15,149,-131,-14228,6036,2916,-1021,71,-82,-14236,-1700,7488,-501,147,-153,0
2455.6793820858,9816,3116,11836,-127,-12,121,9100,-10912,7772,-1,143,-132,-14168,5964,2864,-1016,97,-53,-14188,-1768,7372,-489,154,-110,0
2455.714625120163,9740,3448,12020,-157,-4,101,9136,-10868,7448,-47,142,-153,-14276,5916,2832,-1073,137,-99,-14224,-2048,7348,-462,133,-99,0
2455.750102043152,9828,3428,11952,-183,-50,115,9160,-10904,7848,-48,190,-164,-14256,5980,2968,-1004,113,-71,-14212,-1888,7468,-501,162,-124,0
2455.78545999527,9820,3376,11860,-230,-43,100,8968,-10868,7748,28,131,-178,-14252,6008,2836,-1034,138,-91,-14244,-1744,7444,-443,120,-91,0
2455.820744037628,9884,3284,11912,-253,-75,97,9160,-10800,7716,-36,158,-216,-14292,5948,3016,-977,122,-88,-14288,-1696,7460,-488,177,-102,0
2455.8561379909515,9796,3344,12028,-244,-184,120,9028,-11196,7648,-58,91,-271,-14224,6096,2868,-954,132,-151,-14256,-1840,7548,-483,219,-92,0
2455.891848087311,9844,3340,12008,-227,-167,78,9136,-10892,7580,-86,66,-285,-14224,6032,2936,-932,149,-138,-14284,-1744,7532,-449,188,-91,0
2455.927706003189,9888,3316,11788,-238,-150,103,8984,-10892,7436,-83,92,-271,-14248,6004,2672,-960,149,-83,-14244,-1744,7376,-448,169,-60,0
2455.9642639160156,9832,3312,11804,-314,-138,130,9436,-10552,7612,-62,126,-244,-14256,5948,2580,-956,163,-151,-14184,-1688,7628,-452,161,-66,0
2455.997703075409,9856,3400,12052,-271,-120,117,9148,-10836,7608,-58,105,-245,-14208,6004,3016,-1001,178,-132,-14252,-1764,7440,-420,202,-37,0
2456.031234025955,9924,3292,12124,-349,-154,134,9316,-10832,7740,-62,158,-239,-14308,5952,2844,-949,172,-94,-14208,-1692,7480,-448,4,-21,0
2456.0649139881134,9936,3280,12000,-343,-203,133,9112,-10880,7672,-75,149,-508,-14224,5956,2920,-987,216,-133,-14172,-1792,7416,-405,203,-48,0
2456.098401069641,9780,3272,11892,-290,-207,144,9176,-10792,7492,-40,55,-259,-14228,5904,2880,-1007,170,-197,-14252,-1736,7252,-434,219,-95,0
2456.1316709518433,10000,3276,11804,-286,-212,146,9112,-10840,7540,-50,105,-506,-14308,6084,2600,-978,119,-147,-14484,-1648,7456,-452,179,-115,0
2456.1652290821075,9960,3384,11696,-511,-159,100,9196,-10852,7664,-43,140,-248,-14336,5952,3024,-953,104,-94,-14272,-1680,7440,-481,138,-86,0
2456.1986191272736,9900,3248,11924,-196,-163,116,9196,-10864,7644,-34,85,-267,-14260,5976,2764,-971,108,-101,-14244,-1680,7324,-480,205,-55,0
2456.23211812973,9868,3272,11884,-251,-184,156,9448,-10836,7920,2,16,-277,-14248,5936,2692,-1003,175,-160,-14208,-1636,7204,-427,202,-85,0
2456.2657561302185,9924,3308,11964,-222,-183,152,9208,-10776,7472,-36,41,-270,-14288,6140,2572,-964,131,-164,-14288,-1612,7404,-453,217,-46,0
2456.299190044403,9920,3248,11984,-271,-206,131,9024,-10904,7660,-30,119,-274,-14548,5988,2832,-971,91,-159,-14272,-1592,7400,-468,203,-77,0
2456.332591056824,9948,3072,11800,-270,-178,155,9464,-10964,7568,-43,109,-503,-14320,5968,2876,-957,147,-131,-14288,-1568,7356,-462,220,-84,0
2456.3660111427307,9964,3164,11864,-242,-161,167,9308,-10780,7492,-12,120,-201,-14368,5896,2748,-954,89,-146,-14228,-1728,7252,-455,218,-113,0
2456.399353027344,9948,3320,11864,-179,-131,137,9324,-10792,7736,-7,133,-200,-14228,5904,2564,-999,114,-125,-14380,-1740,7472,-490,131,-148,0
2456.4330310821533,9972,3280,11988,-163,-109,115,8984,-10904,7592,-29,145,-178,-14416,5876,3068,-990,92,-113,-14288,-1664,7204,-504,167,-149,0
2456.466651916504,10188,3324,11692,-130,-95,102,9308,-10920,7892,-34,147,-171,-14340,5912,2944,-1018,65,-81,-14236,-1636,7252,-513,126,-135,0
2456.5001130104065,9728,3072,11544,-136,-35,99,9276,-10816,7716,5,138,-146,-14372,5876,2756,-1035,78,-30,-14544,-1584,7252,-491,129,-149,0
2456.5336499214172,9892,3148,11928,-139,-25,115,9284,-10888,7588,253,180,-129,-14344,5892,3008,-1030,50,-67,-14232,-1740,7488,-476,131,-163,0
2456.5670890808105,9756,3188,11892,-190,-31,93,9268,-10972,7468,-23,197,-132,-14576,5928,2796,-1277,74,-71,-14224,-1716,7496,-458,136,-126,0
2456.600690126419,9788,3144,11952,-168,-35,89,9232,-10992,7584,-14,144,-161,-14356,6128,2920,-1275,99,-53,-14292,-1704,7448,-511,104,-151,0
2456.6340069770813,9992,3272,11900,-98,-77,96,9192,-10876,7584,-69,143,-132,-14272,6008,2824,-1026,7,-49,-14244,-1728,7400,-561,138,-185,0
2456.669013977051,9916,3264,11720,-75,-59,77,9204,-10820,7724,-28,181,-94,-14088,5700,2664,-981,37,-56,-14244,-1708,7512,-557,70,-180,0
2456.702455997467,9960,3248,11740,-53,12,61,9180,-10852,7740,-33,127,-101,-14336,6012,2792,-985,18,-33,-14532,-1776,7220,-590,81,-199,0
2456.735991001129,9964,3292,11876,-89,-17,50,9276,-10836,7468,-17,217,-82,-14280,6024,2736,-1004,47,-250,-14264,-1724,7380,-539,88,-183,0
2456.769778966904,9900,3256,11784,-101,42,90,9456,-10796,7652,-54,156,-91,-14288,5960,2928,-994,90,-42,-14348,-1760,7420,-469,119,-141,0
2456.803321123123,9824,3256,11888,-35,-35,120,9316,-10768,7920,-85,149,-120,-14252,6044,2920,-987,56,-88,-14296,-1768,7364,-529,126,-172,0
2456.8369250297546,9960,3264,11996,-93,-34,98,9248,-10800,7620,-85,152,-122,-14228,5880,2936,-1010,35,-48,-14304,-1540,7252,-529,63,-163,0
2456.870507001877,10160,3200,12012,-61,3,78,9204,-10892,7664,-73,162,-111,-14260,6000,3004,-1020,59,-9,-14344,-1652,7168,-536,68,-169,0
2456.9038281440735,9912,3280,11936,-53,-1,92,9008,-10928,7584,-15,114,-126,-14308,5964,3068,-769,70,-52,-14284,-1752,7464,-531,125,-168,0
2456.937474012375,9868,3164,11724,-74,254,83,9104,-10924,7448,-20,116,-146,-14220,5676,2832,-1042,85,-81,-14184,-1788,7484,-549,127,-159,0
2456.9708111286163,9920,3292,11944,-56,-26,66,9172,-10856,7516,-35,165,-144,-14180,6008,3016,-1032,58,-77,-14276,-1780,7468,-554,132,-187,0
2457.0087320804596,9852,3376,11900,-76,-29,72,9080,-10924,7576,-84,190,-128,-14328,6012,3036,-1008,64,-87,-14104,-1916,7448,-544,124,-185,0
2457.044211149216,9844,3092,11920,-74,-37,60,9228,-10904,7564,-57,139,-119,-14224,5960,2912,-1055,93,-65,-14212,-1556,7456,-531,124,-149,0
2457.0796530246735,9776,3356,11844,-84,-54,83,9124,-10900,7604,-20,155,-162,-14260,5932,2844,-1031,133,-75,-14316,-1704,7340,-494,107,-136,0
2457.1150970458984,9768,3236,11832,-98,-30,105,9176,-10912,7628,-64,123,-153,-14268,5940,2948,-776,123,-42,-14136,-2048,7372,-518,81,-125,0
2457.1503920555115,9940,3296,11952,-125,-21,94,8968,-10960,7480,-43,167,-147,-14320,6040,2964,-1036,56,-59,-14256,-1776,7480,-520,94,-146,0
2457.185653924942,9908,3116,11908,-112,-20,89,9264,-10780,7700,-12,120,-130,-14176,5928,2888,-1017,129,-49,-14316,-1748,7364,-469,124,-122,0
2457.221689939499,9840,3304,11800,-120,-49,110,9140,-11000,7552,-49,132,-172,-14252,5968,2916,-1027,94,-139,-14316,-1920,7676,-481,171,-142,0
2457.2575800418854,9872,3416,11868,-140,-71,123,9204,-10912,7716,-33,176,-160,-14228,5952,2888,-770,84,-34,-14328,-1720,7440,-481,128,-118,0
2457.292371034622,9732,3412,11676,-155,-31,113,9268,-10856,7708,-15,130,-130,-14216,5980,2804,-978,72,-92,-14228,-1716,7264,-471,165,-115,0
2457.327439069748,10232,3536,11968,-134,-59,119,9012,-10812,7660,21,149,-146,-14264,5924,2960,-1003,54,-3,-14260,-1836,7232,-477,131,-94,0
2457.362890005112,9840,3320,11948,-189,-22,125,9232,-10836,7660,255,152,-154,-14232,5992,2824,-1018,49,-63,-14268,-1888,7512,-481,127,-102,0
2457.3981940746307,9916,3328,11756,-192,-57,53,9144,-10824,7672,-14,143,-189,-14224,6032,2964,-994,71,-50,-14200,-1800,7352,-463,135,-135,0
2457.4336631298065,9824,3420,11804,-192,-63,112,9172,-10912,7640,-256,123,-190,-14120,6068,2640,-1076,92,-96,-14156,-1680,7580,-464,137,-133,0
2457.4695980548854,9760,3324,11900,-169,-60,117,9184,-10960,7716,31,88,-179,-14184,5996,3036,-1059,145,-95,-14200,-1712,7404,-470,167,-123,0
2457.505145072937,9868,3296,11836,-195,-65,109,8984,-10880,7584,2,157,-167,-14260,6012,2880,-1035,136,-99,-14252,-1684,7312,-489,157,-130,0
2457.540813922882,9816,3364,12016,-185,-62,122,9192,-10856,7608,22,197,-192,-14304,5984,2976,-1035,111,-91,-14216,-1784,7404,-503,150,-129,0
2457.577537059784,9800,3336,11680,-164,-85,132,9184,-10828,7672,-3,148,-180,-14308,5984,2888,-1027,112,-89,-14228,-1768,7424,-477,156,-103,0
2457.61270904541,9848,3388,11924,-147,-37,106,9184,-10920,7680,-26,132,-183,-14280,6004,3016,-1033,109,-56,-14200,-1788,7292,-500,137,-115,0
2457.6490631103516,9956,3268,11772,-210,-37,98,9276,-10888,7544,-13,193,-167,-14236,6000,2852,-1035,146,-74,-14260,-1788,7260,-448,132,-125,0
2457.6825289726257,9884,3420,11984,-220,-79,99,9236,-10948,7760,-19,159,-195,-14256,5988,3036,-1039,117,-89,-14264,-1744,7524,-456,163,-104,0
2457.7160599231725,9744,3352,11944,-212,-69,96,9168,-10932,7768,-35,130,-203,-14260,5988,2928,-1016,123,-106,-14228,-1792,7500,-462,149,-125,0
2457.7497749328613,9800,3376,11852,-222,-113,102,9296,-10800,7672,-70,135,-230,-14216,6000,3136,-988,125,-137,-14228,-1948,7508,-505,145,-82,0
2457.7833931446075,9816,3512,11848,-219,-94,85,9080,-10984,7684,-51,115,-232,-14196,6008,2840,-971,134,-139,-14284,-1784,7624,-476,174,-91,0
2457.8168799877167,9808,3108,11908,-234,-145,85,9096,-10860,7772,-49,98,-246,-14280,5980,2952,-991,171,-107,-14300,-2020,7652,-452,168,-90,0
2457.8503670692444,9844,3372,11852,-222,-134,110,9192,-10832,7620,-75,122,-227,-14264,6088,3008,-968,162,-96,-14280,-1660,7560,-435,167,-95,0
2457.8836529254913,9764,3240,11920,-253,-136,121,9180,-10820,7820,-57,104,-249,-14256,5972,3016,-980,152,-148,-14120,-1648,7276,-436,169,-73,0
2457.9171481132507,9732,3532,12000,-272,-109,121,9164,-10908,7720,-90,124,-246,-14512,5988,2896,-984,179,-135,-14312,-1692,7364,-427,174,-75,0
2457.950735092163,9824,3276,12004,-510,-150,136,9284,-10936,7748,-69,90,-509,-14272,5948,2708,-1003,206,-95,-14152,-1748,7428,-442,189,-55,0
2457.9843101501465,9912,3240,11812,-241,-189,150,9248,-11036,7552,-61,122,-267,-14164,6072,2756,-994,170,-153,-14304,-1708,7552,-427,208,-88,0
2458.017647981644,9884,3476,11824,-230,-157,149,9112,-10876,7428,-59,141,-233,-14264,5908,2896,-972,154,-150,-14092,-1708,7364,-486,227,-109,0
2458.051276922226,9916,3348,11948,-251,-173,157,9268,-10844,7652,-42,135,-275,-14364,5852,2892,-984,129,-162,-14372,-1708,7412,-440,214,-52,0
2458.084809064865,10156,3348,11904,-232,-160,162,9184,-10780,7632,-34,123,-268,-14280,5920,3044,-1006,149,-113,-14224,-1784,7416,-425,229,-34,0
2458.1182129383087,9940,3356,11956,-274,-190,146,9224,-10840,7544,-66,112,-276,-14252,5924,2800,-923,131,-106,-14292,-1684,7356,-443,176,-69,0
2458.1514420509334,10224,3276,11860,-205,-144,117,9276,-10868,7572,-54,89,-242,-14392,5884,2776,-947,99,-107,-14328,-1676,7428,-486,170,-90,0
2458.184912919998,10232,3220,11876,-279,-125,152,9404,-10916,7700,-11,142,-189,-14328,5976,2652,-956,53,-127,-14296,-1772,7480,-480,169,-83,0
2458.218225955963,9940,3388,11840,-227,-87,139,9468,-10728,7696,-19,127,-189,-14300,6044,3044,-970,111,-58,-14200,-1716,7392,-456,183,-56,0
2458.251811981201,9852,3348,11984,-2,-134,144,9208,-10828,7648,-28,145,-252,-14220,5840,3068,-974,167,-93,-14312,-1608,7204,-446,229,-58,0
2458.285457134247,9892,3192,11984,-292,-199,153,9296,-10832,7544,-33,161,-233,-14392,5932,2580,-1004,129,-87,-14376,-1628,7416,-451,204,-101,0
2458.318747043609,9984,3296,11832,-232,-127,142,9256,-10848,7604,-6,108,-208,-14344,5980,2944,-977,74,-118,-14296,-1780,7356,-484,139,-74,0
2458.352301120758,9828,3200,11944,-246,-130,121,9216,-10892,7568,-24,109,-228,-14248,6024,2988,-976,83,-137,-14252,-1696,7356,-459,123,-144,0
2458.3857691287994,9956,3216,11856,-232,-115,113,9192,-10888,7644,-40,161,-188,-14268,5960,2852,-977,58,-94,-14264,-1608,7356,-503,154,-93,0
2458.4189059734344,9940,3248,11896,-155,-111,108,9216,-10884,7624,-41,81,-226,-14368,5848,2704,-985,98,-111,-14252,-1764,7324,-500,173,-108,0
2458.4524409770966,9736,3168,11940,-138,-82,134,8980,-10876,7528,253,43,-216,-14268,5980,2820,-1278,155,-130,-14220,-1588,7172,-485,169,-114,0
2458.4860100746155,10232,3072,11948,-110,-96,120,9244,-10868,7564,-28,114,-174,-14296,5708,2764,-1272,92,-85,-14320,-1672,7332,-267,171,-160,0
2458.519236087799,9972,3188,11732,-139,-52,89,9192,-10984,7564,18,188,-151,-14316,5984,2848,-773,78,-25,-14340,-1780,7384,-493,135,-137,0
2458.552901983261,9764,3144,11988,-114,-10,105,9316,-10852,7776,56,151,-118,-14240,5920,3016,-1070,101,-45,-14548,-1764,7168,-496,119,-148,0
2458.5866940021515,10192,3316,12072,-131,-55,114,9236,-10804,7648,17,157,-95,-14208,5980,2840,-1083,101,-70,-14228,-1792,7272,-516,97,-132,0
2458.6199431419373,9740,3240,11976,-109,-36,118,9200,-10904,7616,-45,132,-142,-14348,5896,2968,-1072,152,-54,-14260,-1708,7356,-526,107,-138,0
2458.6533229351044,9952,3240,11820,-48,-43,77,9240,-10768,7576,-46,152,-146,-14276,5940,2740,-1039,100,-75,-14264,-1788,7672,-529,78,-176,0
2458.690240144729,9896,3172,11944,-71,-43,70,9336,-10892,7572,-41,198,-132,-14156,5944,2852,-1037,83,-71,-14316,-1664,7456,-549,100,-185,0
2458.7251341342926,9932,3228,12004,-67,13,67,9200,-11008,7660,4,133,-144,-14280,5888,2892,-1034,63,-46,-14236,-1744,7456,-515,89,-140,0
2458.760775089264,9940,3076,11784,-57,-6,89,9216,-10872,7616,-31,171,-129,-14268,5948,2980,-1019,99,-69,-14288,-1660,7524,-506,130,-147,0
2458.796226978302,9920,3292,11908,-50,-42,86,9300,-11116,7672,-61,123,-165,-14292,6044,2948,-1001,132,-69,-14128,-1744,7364,-484,175,-117,0
2458.8317840099335,9880,3272,12032,-60,-61,88,9240,-10852,7748,-49,108,-152,-14316,5976,2776,-1018,126,-84,-14288,-1720,7328,-520,134,-124,0
2458.8677060604095,10052,3264,11808,-40,-28,92,9296,-10900,7480,-19,162,-123,-14452,5952,2804,-1279,29,-43,-14256,-1668,7180,-539,115,-172,0
2458.9022459983826,9784,3340,11968,-60,-18,85,9248,-10812,7652,6,168,-83,-14240,5964,2864,-1074,93,-65,-14308,-1652,7352,-531,67,-175,0
2458.9375009536743,9916,3256,11924,-29,30,71,9220,-10892,7716,-20,170,-70,-14352,5980,2896,-1056,58,38,-14376,-1740,7248,-522,79,-191,0
2458.9728219509125,9936,3328,11740,-96,18,53,9168,-10732,7692,-34,185,-70,-14088,6036,2824,-1026,43,-64,-14244,-1656,7264,-545,128,-180,0
2459.0081911087036,9916,3292,12008,-74,18,84,9028,-10892,7636,-17,108,-115,-14248,5668,2936,-1028,74,-32,-14312,-1804,7316,-481,82,-137,0
2459.0434651374817,9932,3288,11984,-89,-48,70,9196,-10992,7708,-34,105,-169,-14148,5968,2920,-1032,53,-107,-14360,-1796,7428,-530,142,-153,0
2459.0788609981537,9944,3372,11960,-101,-58,61,9232,-10872,7524,-62,154,-170,-14328,6028,2964,-969,46,-61,-14212,-1700,7476,-525,112,-182,0
2459.1139240264893,9892,3336,11860,-79,-15,45,9032,-10940,7544,-34,113,-157,-14200,6048,2760,-1015,34,-66,-14184,-1752,7516,-529,117,-170,0
2459.1554460525513,9912,3356,11800,-92,-247,84,9024,-10980,7636,62,40,-162,-14164,6100,2884,-1273,96,-97,-14196,-1828,7376,-497,155,-118,0
2459.1917729377747,9752,3324,11984,-110,-22,107,9372,-10856,7524,-1,44,-167,-14204,5944,2896,-1024,106,-64,-14260,-1780,7400,-492,128,-114,0
2459.2276129722595,9840,3304,11936,-149,-38,103,9144,-10860,7616,-23,147,-120,-14228,5968,2896,-1021,112,-81,-14240,-1824,7208,-496,145,-85,0
2459.262748003006,9808,3356,11860,-222,-10,96,9144,-10796,7812,48,96,-179,-14200,6024,2596,-989,116,-69,-14172,-1540,7232,-445,178,-95,0
2459.2988510131836,9732,3388,11900,-248,-49,132,9324,-10836,7588,19,168,-166,-14312,6032,2688,-964,96,-116,-14252,-1848,7548,-473,172,-95,0
2459.3348250389095,9840,3428,12084,-279,-98,111,9224,-10984,7684,-47,168,-196,-14216,6040,2928,-951,80,-62,-14228,-1744,7452,-462,145,-96,0
2459.368312120437,9796,3460,11852,-509,-138,95,8960,-10960,7772,-68,115,-245,-14216,5976,2952,-919,85,-99,-14316,-1724,7416,-481,191,-101,0
2459.4018890857697,9824,3332,11852,-237,-174,109,9108,-10832,7468,-58,72,-262,-14128,5988,2968,-915,107,-158,-14292,-1672,7448,-498,184,-118,0
2459.435373067856,9872,3364,11888,-211,-163,102,9172,-10820,7604,-56,89,-270,-14260,5996,2816,-925,144,-145,-14188,-1580,7192,-428,195,-84,0
2459.4687459468846,9868,3388,11924,-275,-151,118,9172,-10872,7896,-18,130,-259,-14188,5924,3036,-920,183,-118,-14208,-1688,7388,-422,197,-50,0
2459.5019950866695,9952,3368,12028,-280,-135,142,9288,-10832,7616,-75,128,-272,-14384,5964,2928,-982,199,-120,-14264,-1752,7312,-395,237,-30,0
2459.535318136215,9964,3276,11852,-310,-158,143,9276,-10744,7672,-103,165,-272,-14272,6004,2848,-951,159,-150,-14336,-1684,7420,-420,221,-42,0
2459.5689930915833,9928,3244,11860,-301,-179,156,9240,-10904,7536,-93,57,-511,-14364,5996,2828,-996,136,-150,-14260,-1576,7420,-484,211,-54,0
2459.602553129196,9952,3300,12040,-292,-170,168,9296,-10896,7504,-255,128,-221,-14188,5944,2704,-994,137,-142,-14312,-1744,7676,-476,167,-53,0
2459.6360180377965,10016,3272,11932,-247,-111,158,9276,-10912,7664,-32,127,-209,-14124,5956,3128,-999,155,-119,-14284,-1684,7392,-465,177,-60,0
2459.669783115387,9924,3084,11904,-508,-168,151,9244,-10840,7900,-8,128,-214,-14288,5988,2992,-960,154,-157,-14264,-1624,7456,-445,201,-63,0
2459.703267097473,9852,3280,12020,-288,-124,144,9252,-10776,7668,-34,83,-215,-14300,5968,2944,-979,130,-115,-14272,-1744,7436,-427,180,-72,0
2459.7368929386134,9732,3292,11776,-266,-151,151,9256,-10776,7640,-61,58,-4,-14172,5944,2772,-933,105,-132,-14204,-1708,7340,-453,139,-72,0
2459.7704410552974,10232,3232,11880,-279,-166,120,9248,-10896,7608,-58,67,-510,-14364,5892,2796,-961,128,-134,-14288,-1652,7448,-449,171,-103,0
2459.8041100502014,9880,3300,11860,-249,-131,151,9308,-10756,7636,-28,107,-234,-14088,6112,2748,-974,134,-122,-14236,-1668,7248,-488,200,-88,0
2459.8376691341405,9948,3132,12012,-237,-149,112,9232,-11084,7828,-25,82,-276,-14216,6024,2804,-995,155,-131,-14208,-1652,7416,-464,215,-79,0
2459.8712949752808,9980,3136,11888,-195,-182,148,9204,-10844,7492,-10,80,-510,-14128,5992,2712,-1017,156,-184,-14116,-1572,7336,-474,199,-96,0
2459.9043531417847,9904,3164,11796,-201,-162,153,9244,-10828,7560,-40,113,-224,-14252,6048,2836,-1014,116,-126,-14344,-1672,7308,-484,165,-137,0
2459.9381201267242,10008,3240,11692,-160,-157,134,9316,-10800,7604,-22,114,-196,-14284,6056,2672,-997,78,-121,-14268,-1744,7364,-520,132,-138,0
2459.9717979431152,10212,3464,12004,-117,-100,138,9304,-10528,7536,-8,140,-155,-14340,5896,2740,-1045,109,-52,-14128,-1680,7228,-512,144,-118,0
2460.0053730010986,10028,3228,11988,-94,-60,127,9288,-10680,7712,11,117,-135,-14320,5832,2904,-1051,126,-47,-14324,-1628,7404,-522,105,-135,0
2460.0390379428864,9856,3116,11864,-111,-46,130,9260,-10736,7620,-14,146,-129,-14088,6008,2896,-1056,117,-74,-14312,-1648,7196,-496,100,-130,0
2460.0724999904633,9776,3244,11844,-147,-21,110,9352,-10864,7720,-45,125,-140,-14248,5940,2580,-1038,103,-79,-14264,-1736,7436,-498,139,-157,0
2460.1058571338654,9956,3236,11948,-112,-64,89,9288,-10796,7684,-19,124,-146,-14164,6104,2980,-1001,88,-38,-14264,-1688,7384,-497,125,-151,0
2460.1389679908752,10048,3224,11852,-67,-19,82,9268,-10716,7516,-24,114,-146,-14240,6004,2816,-1015,68,-47,-14552,-1624,7360,-499,106,-160,0
2460.1726479530334,10220,3276,11580,-75,-46,62,9216,-10840,7640,-11,137,-139,-14268,5916,2884,-998,84,-78,-14260,-1744,7416,-483,121,-156,0
2460.206097126007,9956,3268,11696,-98,-15,80,9248,-10852,7668,-30,158,-153,-14220,5936,2836,-1044,51,-78,-14324,-1608,7332,-262,115,-191,0
2460.239958047867,9956,3200,12036,-80,-26,72,9236,-10932,7480,-13,145,-123,-14084,6044,2744,-1039,68,-30,-14376,-1592,7340,-541,135,-178,0
2460.273493051529,10008,3244,11876,-58,-19,94,9324,-10924,7588,10,149,-122,-14560,5940,3040,-1021,57,-24,-14288,-1656,7620,-529,102,-181,0
2460.307093143463,9896,3316,11948,-66,9,100,9356,-10860,7412,18,115,-81,-14200,5996,2864,-1049,90,-11,-14176,-1648,7312,-540,116,-164,0
2460.3403849601746,9948,3288,11968,-77,-8,78,9336,-10856,7476,15,178,-75,-14320,6020,2880,-1043,72,-46,-14228,-1672,7404,-538,131,-148,0
2460.3776149749756,9964,3344,11696,-103,29,87,9256,-10820,7572,-59,171,-98,-14276,6096,2728,-1040,75,-64,-14304,-1748,7432,-506,94,-153,0
2460.4139211177826,10136,3308,11748,-88,12,83,9332,-10884,7460,-32,142,-124,-14156,5952,2844,-1009,77,-54,-14240,-1812,7400,-260,81,-164,0
2460.4495730400085,9868,3248,11748,-89,-8,84,9368,-10820,7608,-15,170,-132,-14136,6048,2920,-771,44,-73,-14544,-1772,7316,-493,81,-156,0
2460.4846799373627,9976,3256,11880,-110,-6,37,9244,-10924,7636,-17,166,-105,-14232,6044,2732,-1013,52,-93,-14196,-1788,7304,-529,109,-187,0
2460.5206429958344,9844,3348,11852,-73,20,61,9288,-10840,7620,5,95,-117,-14540,6008,3016,-1280,84,-64,-14136,-1668,7372,-765,142,-168,0
2460.555293083191,9844,3272,11952,-57,8,73,9332,-10860,7808,19,103,-161,-14256,5960,2836,-1025,80,-94,-14260,-1764,7348,-508,119,-150,0
2460.5909049510956,9932,3536,11948,-97,-23,84,9320,-10992,7568,-30,150,-131,-14256,5996,2840,-1046,64,-107,-14232,-1792,7532,-260,118,-125,0
2460.6262431144714,9848,3524,11900,-131,-8,91,9436,-10792,7536,-75,165,-127,-14228,5940,2684,-770,131,-89,-14232,-1828,7452,-504,135,-130,0
2460.6620531082153,9856,3376,11820,-136,-24,99,9088,-10984,7488,-39,133,-138,-14288,6056,2744,-1029,121,-73,-14276,-1700,7612,-479,143,-117,0
2460.6979501247406,9908,3320,12008,-141,3,98,9148,-10836,7768,-29,70,-153,-14228,5932,2908,-1016,148,-78,-14332,-1772,7516,-474,136,-108,0
2460.7327289581294,9904,3400,11784,-196,9,100,9284,-10872,7564,-46,142,-146,-14336,5956,2576,-999,104,-92,-14244,-1756,7368,-479,102,-127,0
2460.767501115799,9908,3292,11992,-248,-47,95,9172,-10848,7524,-25,170,-158,-14216,6032,2768,-986,97,-72,-14304,-1640,7508,-465,141,-110,0
2460.8032479286194,9868,3412,11852,-511,-139,90,9252,-10912,7628,-36,140,-209,-14284,5972,3128,-965,127,-103,-14256,-1692,7616,-463,137,-76,0
2460.8396010398865,9812,3376,11832,-212,-92,112,9236,-10952,7716,-53,67,-266,-14560,6024,2928,-937,72,-166,-14236,-1784,7448,-487,174,-108,0
2460.874824047088,9880,3268,11728,-273,-164,93,9348,-10756,7832,-57,167,-248,-14292,6036,3036,-910,98,-99,-14240,-1792,7568,-441,132,-96,0
2460.9102759361267,9928,3436,11552,-251,-125,134,9024,-10832,7424,-51,115,-220,-14136,5956,3004,-989,156,-137,-14244,-1768,7484,-405,141,-59,0
2460.9462509155273,9896,3564,11776,-260,-121,120,9376,-10884,7432,-22,94,-218,-14168,5940,2856,-996,130,-118,-14276,-1728,7416,-423,182,-61,0
2460.9821219444275,9844,3332,11792,-267,-69,106,9364,-10836,7588,-49,151,-239,-14364,6140,3040,-973,124,-99,-14332,-1880,7416,-465,164,-86,0
2461.0177290439606,9976,3148,12088,-294,-127,110,9456,-10860,7620,-92,160,-225,-14244,5904,2856,-973,125,-100,-14092,-1636,7344,-448,211,-95,0
2461.0513179302216,9732,3120,11980,-298,-180,123,9268,-10868,7624,-59,88,-275,-14220,5904,2764,-981,152,-145,-14200,-1756,7320,-438,191,-64,0
2461.0848119258885,9972,3276,11960,-306,-161,162,9292,-10836,7500,-26,77,-265,-14296,6016,2768,-985,162,-169,-14292,-1816,7384,-446,201,-35,0
2461.1182510852814,9928,3244,11888,-296,-175,135,9328,-10860,7484,-48,141,-250,-14280,5940,2732,-990,157,-129,-14216,-1728,7264,-444,219,-51,0
2461.1515650749207,9956,3316,11832,-296,-194,142,9296,-10856,7580,-43,149,-237,-14172,6000,2720,-1000,154,-93,-14368,-1740,7348,-440,182,-74,0
2461.1850690841675,9880,3568,11828,-265,-139,126,9260,-10788,7616,-47,87,-236,-14216,6004,2848,-957,148,-111,-14220,-1656,7224,-460,151,-111,0
2461.218461036682,9900,3276,11924,-277,-157,148,9260,-10800,7700,-52,118,-237,-14220,5912,2944,-1001,145,-132,-14200,-1712,7236,-467,180,-73,0
2461.2519710063934,9952,3204,11892,-3,-154,142,9288,-10872,7560,-56,62,-256,-14232,6064,2808,-982,139,-126,-14228,-1648,7376,-469,180,-62,0
2461.285486936569,9732,3228,11956,-254,-168,145,9276,-10796,7580,-52,104,-226,-14336,5972,3056,-974,170,-86,-14368,-1624,7272,-452,206,-57,0
2461.3189930915833,9976,3208,11896,-247,-178,157,9232,-10872,7584,-31,102,-233,-14256,5964,2964,-964,144,-113,-14196,-1636,7180,-459,186,-84,0
2461.3525080680847,10028,3156,11900,-206,-184,165,9300,-10800,7612,-33,71,-222,-14164,5996,2736,-999,144,-135,-14300,-1684,7300,-477,169,-94,0
2461.3856151103973,10164,3268,11720,-123,-164,158,9264,-10860,7596,-54,102,-177,-14272,5912,2780,-1065,123,-119,-14284,-1636,7336,-513,142,-146,0
2461.419242143631,10196,3128,11896,-96,-120,108,9368,-10760,7500,-12,122,-132,-14332,5860,2848,-1035,109,-37,-14128,-1440,7396,-558,88,-163,0
2461.4528470039368,10020,3220,11868,-68,-25,71,9296,-10696,7524,-1,141,-129,-14372,5864,2992,-1059,79,-40,-14212,-1628,7376,-528,95,-166,0
2461.4864280223846,9824,3188,11960,-108,22,73,9400,-10820,7480,-6,194,-99,-14348,5980,2680,-1076,65,-37,-14252,-1680,7292,-765,119,-177,0
2461.519940137863,9976,3216,11900,-112,30,60,9296,-10768,7888,-8,180,-101,-14296,5996,2648,-1087,63,-22,-14260,-1684,7340,-490,99,-153,0
2461.553512096405,10036,3228,11984,-100,-248,87,9268,-10904,7672,1,146,-121,-14104,6104,2848,-1044,107,-42,-14208,-1636,7248,-532,128,-138,0
2461.5868840217586,10000,3248,11816,-68,-19,93,9256,-10952,7620,-23,132,-101,-14216,6084,2788,-1058,100,-7,-14332,-1688,7392,-517,122,-134,0
2461.6203570365906,9880,3252,11820,-59,-7,96,9268,-10896,7548,22,106,-106,-14292,6080,2980,-1092,81,-68,-14256,-1724,7400,-538,112,-156,0
2461.6536741256714,9964,3272,11912,-39,-8,69,9264,-10880,7636,-7,141,-139,-14572,5944,2872,-1009,89,-92,-14160,-1784,7492,-529,105,-164,0
2461.687308073044,10032,3264,11908,-50,0,69,9336,-10764,7640,-54,157,-131,-14272,5928,2908,-1002,22,-28,-14368,-1672,7184,-531,92,-177,0
2461.721074104309,10020,3208,11676,-60,19,68,9352,-10880,7644,-17,160,-83,-14292,6008,3016,-1050,7,-41,-14096,-1608,7456,-519,110,-164,0
2461.754447937012,9972,3144,12000,-54,-23,75,8984,-10912,7528,22,169,-107,-14252,5936,3028,-1030,76,-20,-14252,-1732,7536,-519,78,-137,0
2461.7880721092224,9956,3224,11544,-64,53,88,9304,-10816,7448,-10,117,-96,-14272,5932,2768,-1051,79,-53,-14512,-1680,7332,-496,77,-133,0
2461.821557998657,10220,3284,11932,-112,-12,75,9344,-10900,7624,13,193,-128,-14256,5836,2928,-1078,89,-107,-14236,-1672,7376,-525,172,-139,0
2461.8551111221313,9968,3504,11876,-102,-3,89,9240,-10872,7608,18,140,-130,-14336,5940,2564,-1054,61,-73,-14236,-1760,7440,-497,119,-162,0
2461.8884820938106,10216,3560,12028,-55,3,102,9336,-10852,7860,-21,117,-101,-14332,6016,3044,-993,28,-33,-14304,-1756,7464,-516,81,-183,0
2461.921877145767,9904,3240,11932,-105,10,72,9264,-10952,7648,-55,138,-105,-14256,6044,2724,-1007,2,-8,-14316,-1728,7404,-497,78,-200,0
2461.95547413826,9912,3288,11900,-88,17,72,9352,-10892,7640,-254,144,-122,-14316,6000,2732,-988,-254,-31,-14272,-1752,7440,-536,99,-157,0
2461.9891200065613,9808,3356,12016,-94,-21,70,9216,-10828,7592,28,90,-157,-14228,6008,2844,-1009,56,-85,-14124,-1692,7604,-514,140,-151,0
2462.0225989818573,9864,3384,11892,-103,-20,79,9240,-10940,7520,13,82,-159,-14268,5964,2860,-1017,101,-80,-14172,-1876,7412,-502,152,-139,0
2462.060215950012,9884,3268,11764,-127,-43,82,9228,-10792,7648,-23,192,-165,-14216,5988,2988,-1016,75,-67,-14208,-2024,7200,-502,158,-146,0
2462.095528125763,9876,3388,11840,-148,-34,85,9264,-10828,7552,-25,199,-175,-14272,6060,2716,-1039,114,-57,-14236,-1728,7404,-486,172,-130,0
2462.131612062454,9948,3336,11868,-159,-25,60,9216,-10828,7668,-3,173,-116,-14332,6044,2912,-1032,112,-49,-14128,-1820,7536,-492,155,-110,0
2462.167675971985,9768,3352,11900,-219,-5,113,9468,-10868,7668,7,171,-170,-14216,5944,2912,-1019,116,-55,-14212,-1548,7500,-469,145,-79,0
2462.2028040885925,9820,3416,12096,-284,-78,92,9136,-10820,7428,-31,181,-195,-14304,6108,2912,-937,79,-92,-14212,-1864,7560,-453,147,-102,0
2462.2375209331512,9844,3384,11920,-510,-166,99,9252,-10932,7908,-68,105,-250,-14208,6072,2852,-933,68,-115,-14228,-1796,7488,-476,141,-128,0
2462.2733130455017,9780,3300,12024,-215,-163,123,9456,-10812,7556,-48,77,-10,-14240,5868,2880,-933,108,-146,-14232,-1756,7480,-451,183,-81,0
2462.3092510700226,9844,3336,11896,-270,-167,102,8984,-10916,7628,-83,142,-274,-14288,5676,2876,-919,126,-119,-14148,-1812,7544,-418,173,-78,0
2462.343981027603,9900,3284,11992,-283,-130,107,9188,-10912,7452,-82,195,-289,-14260,5948,3224,-961,141,-159,-14260,-1780,7624,-398,183,-51,0
2462.3801660537724,9924,3324,11896,-314,-120,115,9220,-10864,7604,-77,128,-256,-14116,6060,2844,-967,182,-111,-14280,-1648,7344,-416,211,-7,0
2462.415563106537,9960,3260,11748,-316,-166,159,9304,-10876,7924,-37,118,-239,-14368,5920,2728,-1006,156,-166,-14324,-1680,7364,-454,203,-25,0
2462.451156139374,9880,3208,11948,-323,-160,182,9316,-10892,7920,-30,152,-222,-14232,5916,2744,-1004,179,-99,-14544,-1760,7456,-460,171,-49,0
2462.487188100815,9816,3288,11764,-310,-156,157,9396,-10836,7612,-66,116,-248,-14112,5936,2932,-985,142,-139,-14288,-1784,7456,-446,233,-33,0
2462.521996974945,9936,3300,11900,-300,-200,143,9336,-10700,7528,-51,187,-241,-14236,5932,3008,-989,128,-91,-14284,-1652,7368,-460,195,-76,0
2462.5576000213623,9928,3280,11848,-512,-150,151,9376,-10868,7676,-39,136,-227,-14348,5860,3032,-990,126,-130,-14264,-1612,7660,-468,148,-104,0
2462.593050003052,9940,3272,11932,-233,-138,143,9224,-10812,7600,-53,94,-235,-14520,6052,3000,-976,137,-122,-14256,-1724,7432,-448,146,-93,0
2462.629154920578,9892,3336,11860,-3,-158,125,9208,-10860,7716,-76,101,-244,-14188,5972,2636,-990,114,-106,-14288,-1640,7384,-449,154,-106,0
2462.6643590927124,9940,3168,12008,-211,-122,116,9228,-10872,7592,-53,102,-272,-14348,5920,2716,-1013,160,-114,-14260,-1736,7472,-460,198,-88,0
2462.700832128525,9924,3232,11768,-198,-167,117,9264,-10812,7660,-5,71,-239,-14284,5952,2784,-1279,166,-130,-14244,-1620,7456,-503,187,-77,0
2462.734452009201,10004,3144,11904,-197,-167,158,9456,-10852,7520,-19,62,-231,-14288,5872,2636,-1021,177,-112,-14260,-1660,7472,-479,188,-95,0
2462.7680969238286,9760,3144,11552,-169,-157,145,9244,-10860,7532,-46,167,-209,-14100,5936,2740,-1047,158,-134,-14312,-1728,7352,-499,162,-111,0
2462.801821947098,9772,3248,11772,-134,-104,112,9292,-11004,7592,-31,169,-196,-14204,5996,2792,-1043,134,-106,-14104,-1648,7452,-533,136,-131,0
2462.8355181217194,10016,3244,11732,-88,-73,132,9244,-10748,7512,-15,120,-188,-14300,5908,3036,-1060,101,-84,-14312,-1692,7368,-533,105,-136,0
2462.8691449165344,9892,3276,11712,-71,-36,89,9244,-10812,7696,-12,168,-119,-14232,6128,2896,-1065,113,-54,-14100,-1708,7416,-526,85,-140,0
2462.90238904953,9964,3248,12008,-79,-52,99,9348,-10880,7584,-39,182,-148,-14268,5860,2828,-1067,89,-66,-14216,-1684,7372,-490,131,-157,0
2462.935851097107,10016,3180,12060,-108,-39,93,9424,-10800,7468,-29,128,-145,-14280,5968,2720,-1026,83,-111,-14340,-1676,7300,-768,110,-164,0
2462.9695620536804,10048,3288,11804,-86,-29,69,9288,-10756,7608,-24,116,-143,-14260,5968,2668,-1027,56,-97,-14364,-1668,7408,-489,120,-167,0
2463.003221035004,9916,3196,11592,-94,-30,93,9316,-10676,7568,-23,148,-133,-14276,5940,2892,-1002,57,-67,-14148,-1548,7276,-491,150,-184,0
2463.0370049476624,9824,3288,11920,-96,-29,65,9208,-10760,7596,-16,106,-152,-14228,5964,3064,-1031,92,-59,-14136,-1656,7588,-485,123,-141,0
2463.0705001354218,10052,3252,11820,-58,-5,84,9300,-10772,7736,-32,113,-130,-14240,5980,2880,-1039,65,-11,-14272,-1696,7352,-492,103,-157,0
2463.1038689613342,9964,3300,11848,-60,1,90,9348,-10904,7532,-249,107,-117,-14432,6040,2816,-1017,45,-79,-14592,-1552,7564,-513,127,-172,0
2463.137223005295,9808,3264,11940,-39,23,89,9220,-10876,7560,-48,156,-102,-14240,5968,2836,-1046,60,-80,-14256,-1692,7480,-556,86,-144,0
2463.1707880496974,9896,3292,11880,-51,9,84,9264,-10876,7568,-25,150,-82,-14280,5996,2776,-1039,113,-22,-14232,-1736,7456,-766,108,-171,0
2463.2043709754944,9972,3204,11984,-110,-26,90,9256,-10920,7740,-23,185,-98,-14272,5912,2808,-1052,116,-65,-14236,-1724,7444,-517,132,-166,0
2463.2379100322723,9900,3364,11792,-66,-30,98,8964,-10864,7776,-14,153,-138,-14272,5992,2892,-1040,83,-48,-14220,-1684,7476,-486,121,-175,0
2463.271292924881,10000,3272,11692,-71,-30,90,9328,-10792,7624,-36,118,-127,-14352,6060,3060,-999,40,-44,-14264,-1740,7592,-527,108,-198,0
2463.3049449920654,9928,3272,11944,-85,-8,59,9248,-10920,7684,-73,140,-138,-14328,5968,2796,-981,5,-58,-14276,-1592,7188,-537,90,-210,0
2463.3384249210358,9996,3312,11924,-82,-11,71,8980,-10844,7580,9,140,-134,-14344,5908,2732,-993,254,-38,-14264,-1672,7312,-552,122,-168,0
2463.3718519210815,9984,3316,11768,-84,-6,64,9264,-10872,7584,25,124,-138,-14332,5964,2748,-1005,36,-38,-14116,-1680,7436,-516,128,-148,0
2463.405251979828,9916,3320,11868,-93,-10,68,9160,-10800,7708,21,144,-150,-14240,6000,2992,-974,35,-101,-14264,-1792,7484,-482,135,-150,0
2463.4386460781097,9920,3292,11692,-127,-42,86,9468,-10832,7636,4,185,-141,-14364,6080,2840,-997,19,-89,-14204,-1776,7648,-493,140,-117,0
2463.472137928009,9840,3320,11940,-160,-38,103,9180,-10964,7640,-29,165,-142,-14232,5952,3076,-1007,49,-72,-14276,-1748,7356,-521,159,-161,0
2463.5057480335236,9872,3308,11868,-132,-43,86,9244,-10944,7704,10,132,-144,-14212,6048,2800,-1012,75,-61,-14224,-1540,7392,-499,143,-137,0
2463.5392220020294,9932,3348,11868,-124,-26,137,9276,-10864,7824,-12,148,-134,-14200,6128,2936,-1036,84,-76,-14224,-1556,7448,-493,122,-116,0
2463.5726680755615,9852,3444,11812,-159,-23,124,9452,-10696,7816,-43,149,-129,-14284,6032,2852,-1012,70,-57,-14284,-1740,7504,-479,114,-120,0
2463.6062071323395,9904,3096,11580,-135,-44,98,9200,-10764,7572,-53,151,-150,-14272,6132,2936,-987,62,-36,-14296,-1724,7432,-507,86,-137,0
2463.639270067215,9884,3316,11940,-149,-40,110,9212,-10900,7696,-29,143,-154,-14248,6048,3024,-997,97,-27,-14128,-1680,7352,-486,115,-133,0
2463.6729159355164,9944,3424,11848,-145,-256,105,9280,-10852,7520,-28,131,-173,-14252,5940,2772,-1279,129,-46,-14320,-1768,7440,-472,140,-89,0
2463.7061960697174,9904,3532,11996,-185,-33,109,9048,-10808,7916,-41,121,-175,-14232,6060,2936,-997,120,-49,-14236,-1744,7432,-461,142,-99,0
2463.744262933731,9772,3380,12016,-164,-38,87,9260,-10916,7632,-60,137,-200,-14192,6032,2736,-993,145,-118,-14296,-1692,7488,-454,146,-101,0
2463.779829978943,9896,3076,11804,-209,-47,76,9468,-10940,7728,-27,133,-211,-14248,6032,2852,-1043,104,-37,-14292,-1724,7640,-491,175,-126,0
2463.814764022827,9752,3252,11972,-269,-64,125,9192,-10900,7608,20,155,-174,-14240,5880,3080,-988,100,-128,-14220,-1560,7456,-454,104,-79,0
2463.8507549762726,9840,3404,11928,-230,-63,138,9208,-10912,7692,-74,107,-206,-14352,5988,2956,-1275,124,-90,-14264,-1828,7380,-478,146,-94,0
2463.8859651088715,9860,3564,11840,-245,-122,93,9176,-10920,7456,-99,180,-211,-14204,6004,2908,-975,126,-129,-14252,-1552,7516,-496,182,-84,0
2463.9218101501465,9828,3348,11860,-268,-105,110,9116,-10860,7460,-77,97,-243,-14412,5664,2740,-985,198,-105,-14120,-1792,7656,-431,179,-52,0
2463.9576010704045,9776,3560,11872,-268,-127,109,9120,-10756,7640,-98,119,-257,-14212,6008,2888,-951,147,-129,-14188,-1764,7540,-425,160,-80,0
2463.9928290843964,9864,3364,11880,-293,-105,110,9276,-10804,7616,-94,174,-268,-14288,5940,2960,-977,153,-135,-14148,-1784,7452,-399,181,-47,0
2464.0287590026855,9864,3312,11976,-309,-99,126,9252,-10948,7708,-70,144,-270,-14260,6040,2888,-951,152,-126,-14224,-1680,7424,-424,209,-79,0
2464.0643060207367,9880,3072,12008,-275,-174,119,9372,-10932,7480,-44,130,-298,-14088,5948,3048,-995,214,-172,-14340,-1752,7532,-457,242,-32,0
2464.100166082382,9976,3280,11928,-238,-184,149,9276,-10916,7632,-56,97,-292,-14320,5992,2824,-988,182,-122,-14104,-1688,7344,-461,207,-80,0
2464.134824991226,9744,3172,11664,-260,-211,141,9332,-10824,7632,-44,185,-252,-14116,5980,2896,-1012,169,-194,-14580,-1672,7180,-473,197,-88,0
2464.1731390953064,9924,3352,11928,-253,-148,112,9276,-10888,7568,-45,139,-227,-14240,5924,2688,-1003,134,-105,-14300,-1624,7648,-477,170,-76,0
2464.2092180252075,9936,3276,11868,-239,-135,137,9212,-10908,7704,-14,134,-215,-14512,5948,2892,-772,140,-133,-14092,-1712,7360,-479,152,-82,0
2464.244288921356,10120,3284,11820,-227,-127,157,9428,-10876,7632,-68,129,-200,-14304,5904,2736,-996,147,-91,-14292,-1792,7416,-463,183,-84,0
2464.2794649600983,9880,3268,11856,-265,-179,161,9288,-10848,7596,-77,119,-263,-14276,5988,2616,-952,134,-172,-14204,-1752,7428,-458,186,-51,0
2464.31490111351,9864,3276,11852,-271,-211,150,9268,-10916,7672,-69,92,-250,-14208,5948,2776,-945,126,-94,-14212,-1664,7356,-442,214,-71,0
2464.3502259254456,10188,3268,12020,-286,-165,148,9228,-10780,7548,-40,79,-275,-14276,5940,2760,-916,111,-69,-14088,-1708,7364,-450,221,-66,0
2464.3857741355896,9756,3232,11812,-266,-125,136,9336,-10780,7644,-38,123,-243,-14288,5924,2748,-942,82,-159,-14280,-1628,7432,-462,180,-72,0
2464.419106960296,9976,3132,11880,-285,-149,140,9364,-10800,7584,-26,122,-232,-14300,5964,2928,-944,71,-96,-14272,-1676,7368,-443,191,-81,0
2464.4526591300964,10000,3244,11580,-247,-168,140,9380,-10848,7624,-12,138,-213,-14540,6108,2648,-957,80,-91,-14368,-1552,7648,-468,191,-104,0
2464.4862101078033,10000,3208,11788,-160,-149,143,9308,-10756,7596,-22,114,-189,-14384,5948,2768,-1016,71,-48,-14548,-1704,7496,-265,150,-150,0
2464.5197510719295,10080,3260,11896,-156,-128,126,9348,-10784,7812,6,119,-161,-14480,5924,2620,-1010,36,-76,-14156,-1644,7400,-532,143,-151,0
2464.5534319877625,10028,3200,11816,-94,-46,92,9404,-10812,7544,-18,120,-138,-14264,5636,2812,-1055,58,-66,-14296,-1704,7336,-521,123,-142,0
2464.587166070938,10068,3176,11800,-125,-63,82,9344,-10900,7524,20,194,-138,-14280,5912,2612,-1274,54,-77,-14332,-1640,7304,-502,169,-159,0
2464.6206200122833,10040,3200,11816,-174,-60,97,9308,-10844,7724,20,176,-123,-14352,6044,2712,-1063,74,-54,-14296,-1628,7316,-478,102,-148,0
2464.653975009918,10048,3244,11920,-122,-39,108,8980,-10756,7556,4,106,-120,-14304,5848,2884,-1044,52,-19,-14220,-1548,7316,-497,98,-139,0
2464.6875529289246,10008,3244,11848,-137,-23,91,9320,-10760,7548,-28,135,-123,-14372,6044,2936,-1046,46,-49,-14252,-1768,7388,-508,117,-183,0
2464.7211930751805,9948,3276,12012,-115,-35,74,9240,-10944,7732,-5,132,-135,-14248,5724,2868,-1045,43,-102,-14272,-1672,7172,-541,90,-162,0
2464.7544710636134,9896,3224,11840,-84,-33,76,9468,-10976,7572,14,147,-168,-14296,6008,2780,-1047,61,-69,-14252,-1648,7260,-514,135,-171,0
2464.7882380485535,9912,3232,11876,-89,-29,70,9440,-10844,7588,13,131,-115,-14260,5920,2836,-1044,100,-70,-14328,-1668,7552,-525,108,-168,0
2464.8217730522156,9752,3216,11552,-80,23,66,9260,-10788,7544,-28,134,-124,-14288,5988,2676,-777,68,-49,-14248,-1700,7280,-528,105,-181,0
2464.855432987213,10192,3112,11984,-68,-45,66,9256,-10920,7644,-12,196,-128,-14260,5964,2876,-1045,90,-74,-14244,-1696,7372,-512,104,-172,0
2464.8888120651245,10124,3228,11844,-66,-18,75,9280,-10776,7456,-13,147,-132,-14228,6020,2976,-1066,88,-63,-14268,-1724,7372,-544,105,-184,0
2464.9222619533534,10008,3576,11564,-43,-13,96,9304,-10852,7928,2,107,-100,-14336,5844,2728,-1053,110,-30,-14204,-1776,7528,-528,116,-178,0
2464.95570397377,9908,3480,11884,-43,-4,84,9272,-10872,7472,-3,114,-114,-14228,5836,2804,-1075,66,-39,-14368,-1816,7216,-535,113,-173,0
2464.9893119335175,9840,3216,11740,-64,-25,48,9304,-10816,7812,-26,140,-138,-14172,5948,2888,-1037,39,-29,-14296,-1660,7656,-525,99,-192,0
2465.023024082184,9900,3376,11944,-85,-17,76,9164,-10908,7656,-6,140,-106,-14328,5860,2716,-1040,111,-70,-14252,-1736,7460,-537,111,-173,0
2465.0567281246185,9928,3280,12016,-57,-27,60,9264,-10752,7572,-38,122,-129,-14268,6036,2872,-1016,86,-91,-14228,-1688,7448,-525,94,-163,0
2465.0902631282806,10128,3200,11916,-85,-3,82,9300,-10868,7496,-20,88,-114,-14192,5972,2832,-1073,102,-86,-14332,-1700,7376,-490,118,-156,0
2465.1237699985504,9964,3324,11780,-122,-52,69,9260,-10924,7516,-38,156,-153,-14220,5944,2924,-785,134,-53,-14236,-1564,7528,-521,113,-181,0
2465.1568851470947,9896,3264,11872,-97,-28,77,9160,-10880,7644,-37,129,-163,-14352,6072,2740,-1030,86,-50,-14384,-1700,7516,-526,109,-159,0
2465.190416097641,9968,3260,11992,-84,-34,95,8972,-10848,7688,-19,98,-132,-14324,5996,2784,-1041,85,-96,-14272,-1680,7592,-494,126,-134,0
2465.2238669395447,9888,3536,11900,-132,-6,90,9164,-10848,7584,-252,140,-127,-14216,5960,2816,-1044,87,-64,-14164,-1688,7524,-768,102,-119,0
2465.257663965225,9828,3348,11832,-101,29,98,9348,-10892,7680,-73,133,-77,-14308,5944,2836,-1047,77,242,-14268,-1688,7440,-514,94,-147,0
2465.2910981178284,9908,3296,11784,-158,21,93,9212,-10768,7664,-38,186,-98,-14280,5920,3052,-1042,137,-10,-14232,-1716,7672,-491,111,-131,0
2465.3244099617004,9892,3288,11972,-133,5,101,9096,-10912,7708,-77,148,-156,-14248,5852,2968,-1033,106,-96,-14272,-1540,7420,-473,153,-105,0
2465.3578810691833,9836,3404,11552,-130,-53,92,9176,-10924,7584,-37,137,-190,-14192,5928,2980,-1005,127,-75,-14208,-1784,7488,-485,158,-125,0
2465.3937499523163,9812,3368,11796,-129,-44,101,9232,-10896,7588,-72,151,-167,-14300,5976,3016,-985,63,-77,-14252,-1660,7216,-491,134,-141,0
2465.429458141327,9956,3344,11820,-177,-41,53,9184,-10972,7712,-39,143,-164,-14292,5936,2908,-988,73,-33,-14252,-1776,7340,-478,165,-116,0
2465.464751958847,9884,3348,11924,-191,-32,75,9444,-10840,7516,15,129,-190,-14296,6000,2904,-960,72,-101,-14196,-1728,7396,-458,189,-83,0
2465.5002250671387,9860,3316,11940,-228,-24,88,9280,-10912,7644,238,153,-218,-14256,6060,2780,-971,78,-53,-14284,-2032,7500,-428,165,-69,0
2465.535226106644,9904,3424,12040,-298,-97,108,9280,-10888,7496,-49,210,-186,-14304,6008,2928,-937,74,-109,-14488,-1620,7500,-422,149,-83,0
2465.5707080364227,9740,3312,11988,-267,-127,122,9296,-10852,7680,-33,138,-231,-14272,6028,2732,-954,126,-120,-14284,-1576,7484,-451,218,-65,0
2465.6055080890656,9872,3264,12092,-292,-127,137,9192,-10992,7664,-43,134,-226,-14204,5980,2864,-928,154,-167,-14296,-1744,7520,-481,194,-71,0
2465.641283988952,9952,3080,11972,-268,-146,154,9172,-10856,7624,-76,140,-232,-14280,6080,2852,-920,97,-103,-14316,-1672,7392,-445,165,-38,0
2465.6761739254,9856,3228,11716,-272,-121,142,9316,-10912,7684,-41,155,-255,-14320,6048,2816,-919,148,-142,-14256,-1736,7416,-447,164,-38,0
2465.7119829654694,9900,3280,11916,-316,-132,116,9240,-10868,7548,-55,172,-265,-14332,6016,2832,-937,118,-134,-14540,-1692,7392,-435,201,-62,0
2465.747383117676,9956,3316,11740,-291,-146,133,9412,-10872,7648,-42,167,-286,-14332,6052,2876,-964,155,-152,-14260,-1708,7604,-417,211,-45,0
2465.7832551002502,9940,3256,11880,-297,-206,142,9260,-10904,7560,-62,168,-303,-14296,5972,2964,-953,161,-139,-14376,-1628,7272,-440,231,-66,0
2465.818768978119,9984,3236,11776,-268,-170,114,9388,-10816,7520,-66,138,-5,-14120,5916,2896,-973,151,-170,-14280,-1660,7592,-475,227,-107,0
2465.8544030189514,9940,3176,11684,-234,-183,105,9264,-10816,7512,-32,164,-251,-14380,6020,2788,-1014,111,-151,-14236,-1760,7396,-510,194,-91,0
2465.890242099762,9920,3248,11924,-265,-140,136,9268,-10520,7728,-31,114,-240,-14244,5892,2724,-983,136,-134,-14372,-1716,7604,-477,163,-68,0
2465.925456047058,9940,3188,11848,-237,-157,127,9260,-10800,7632,-73,80,-211,-14264,5948,3000,-983,144,-95,-14320,-1664,7420,-489,145,-69,0
2465.9603469371796,10208,3172,11912,-241,-148,159,9336,-10876,7600,-72,133,-211,-14420,5940,2892,-986,117,-123,-14276,-1696,7656,-257,167,-109,0
2465.995334148407,10000,3160,11956,-238,-152,144,9336,-10848,7852,-25,88,-206,-14208,5956,3044,-959,103,-110,-14180,-1720,7292,-442,165,-55,0
2466.0311150550842,9868,3212,11936,-230,-118,132,9208,-10844,7468,-40,94,-2,-14268,5988,2812,-1009,129,-113,-14120,-1676,7196,-423,215,-84,0
2466.0666019916534,10220,3268,11824,-243,-244,115,9184,-10980,7448,-72,161,-234,-14580,5956,2636,-1019,112,-144,-14296,-1548,7416,-456,195,-135,0
2466.1001069545746,10232,3144,11788,-203,-144,114,9364,-10992,7612,-41,123,-224,-14096,6084,2756,-1015,159,-136,-14204,-1588,7564,-469,156,-116,0
2466.1335170269012,9772,3188,11832,-206,-154,140,9372,-10840,7648,-13,112,-228,-14296,6004,2820,-1030,137,-141,-14200,-1692,7320,-468,143,-146,0
2466.1670200824738,9776,3232,11916,-184,-139,96,9280,-10828,7640,-27,179,-181,-14300,5940,2908,-1011,70,-110,-14264,-1672,7340,-518,109,-147,0
2466.2004160881042,9908,3140,11808,-122,-103,107,9204,-11012,7660,-36,137,-194,-14300,5920,2700,-1043,101,-106,-14292,-1604,7232,-556,133,-124,0
2466.2339141368866,10176,3152,11752,-85,-109,97,9356,-10828,7764,-23,78,-168,-14208,6012,3024,-1058,134,-92,-14220,-1764,7348,-525,125,-173,0
2466.2676250934605,10000,3108,11796,-80,-35,89,9264,-10800,7556,16,120,-169,-14248,5724,2680,-1074,110,-90,-14316,-1648,7436,-496,137,-135,0
2466.301120996475,9944,3204,11748,-140,-59,70,9388,-10724,7588,-7,206,-121,-14296,6020,2792,-1044,97,-67,-14328,-1548,7448,-477,128,-130,0
2466.3345289230347,9988,3248,11624,-150,-45,80,9368,-10800,7476,-3,176,-145,-14312,5940,2956,-1045,108,-44,-14272,-1764,7504,-496,106,-128,0
2466.368083000183,10016,3272,11972,-100,-77,95,9216,-10760,7700,-242,143,-134,-14196,6112,3052,-1062,108,-72,-14232,-1772,7408,-520,127,-146,0
2466.401654958725,10076,3300,11840,-91,-67,105,9232,-10800,7588,-29,137,-148,-14132,5968,3048,-1001,113,-88,-14272,-1748,7456,-516,116,-153,0
2466.4349710941315,9964,3292,11952,-80,-35,108,9232,-10828,7580,-45,124,-153,-14336,5920,3000,-998,75,-57,-14228,-1684,7640,-499,99,-133,0
2466.4686510562897,9728,3288,11836,-96,-39,97,9264,-10852,7680,-25,156,-158,-14280,5944,2956,-993,78,-53,-14296,-1772,7436,-498,107,-147,0
2466.502259016037,10044,3156,11980,-111,-34,111,8960,-10804,7532,-25,129,-150,-14284,5936,2840,-1017,76,-58,-14364,-1684,7440,-480,130,-127,0
2466.53586101532,9932,3160,11628,-132,-36,78,9344,-10872,7436,-33,141,-148,-14260,5996,2656,-978,70,-46,-14260,-1584,7484,-485,136,-146,0
2466.569571018219,10012,3216,11788,-104,-21,98,9440,-10876,7888,-36,124,-153,-14352,5908,2884,-999,83,-106,-14212,-1608,7352,-501,161,-136,0
2466.6029949188232,9968,3176,11868,-113,-86,111,9276,-10892,7652,-31,145,-154,-14244,5724,2944,-963,49,-62,-14232,-1768,7380,-486,180,-143,0
2466.636162042618,9784,3208,11812,-137,-51,109,9224,-10820,7664,-23,140,-151,-14264,5960,2788,-978,41,-26,-14220,-1840,7576,-506,148,-115,0
2466.669865131378,9812,3232,11868,-86,-33,93,9364,-10860,7448,-253,146,-114,-14356,6032,2772,-1011,40,-26,-14476,-1740,7404,-533,123,-116,0
2466.7034521102905,9988,3168,11780,-112,-252,111,9344,-10900,7492,43,155,-110,-14420,5968,2880,-1000,48,-83,-14560,-1672,7576,-519,96,-151,0
2466.7370650768285,9956,3296,11784,-80,35,81,9340,-10876,7568,3,158,-72,-14208,6028,2864,-1038,13,-21,-14280,-1760,7460,-506,105,-183,0
2466.7707719802856,9736,3228,11880,-102,-255,60,9324,-10860,7688,253,179,-101,-14252,5880,2900,-1031,19,-58,-14192,-1640,7328,-765,120,-188,0
2466.8043270111084,9904,3104,11528,-125,7,82,9044,-10836,7836,-35,132,-119,-14260,5936,2616,-778,85,-26,-14264,-1704,7396,-500,119,-184,0
2466.8375821113586,9752,3288,11996,-66,-47,87,9232,-10860,7640,-7,113,-124,-14216,6020,2860,-1017,74,-49,-14328,-1804,7440,-485,149,-162,0
2466.8710680007935,9912,3348,11984,-95,-25,97,9224,-10804,7792,-31,119,-174,-14256,5956,2832,-1015,83,-72,-14188,-1724,7412,-508,132,-174,0
2466.9042019844055,9892,3224,11752,-98,-53,58,9280,-10968,7572,-22,128,-143,-14220,5956,2924,-1023,99,-78,-14188,-1856,7416,-520,103,-159,0
2466.93794798851,9908,3208,11940,-85,-18,74,9164,-10892,7512,-11,96,-154,-14232,6012,2888,-1034,126,-35,-14492,-1660,7452,-261,98,-138,0
2466.971477985382,9816,3268,11924,-113,-30,77,9288,-10848,7708,26,100,-141,-14172,5664,2948,-1074,149,-61,-14140,-2008,7500,-518,94,-129,0
2467.0050909519196,9908,3096,11884,-47,-250,105,9252,-10804,7592,-49,136,-145,-14316,6028,2948,-1056,98,-50,-14160,-1736,7416,-520,94,-157,0
2467.0386130809784,9972,3560,11844,-102,-34,119,9304,-10824,7592,-34,153,-129,-14356,5980,2912,-1061,124,-78,-14224,-1728,7500,-506,107,-153,0
2467.074471950531,9920,3312,11976,-119,-16,81,9464,-10800,7708,-44,128,-156,-14244,6016,2880,-1041,142,-83,-14260,-1728,7516,-511,160,-118,0
2467.1101291179657,9848,3392,11964,-116,-47,106,9296,-10884,7616,-30,116,-125,-14260,6072,2628,-1046,150,-40,-14304,-1752,7484,-495,143,-97,0
2467.1455359458923,9904,3268,11780,-104,-40,120,9192,-10864,7596,-43,105,-143,-14308,5980,2824,-1029,126,-111,-14236,-1744,7500,-508,159,-146,0
2467.1945979595184,9864,3376,11892,-138,-25,96,9276,-10828,7504,-54,163,-162,-14284,6024,2740,-955,92,-96,-14188,-1780,7496,-471,133,-149,0
2467.2406380176544,9796,3396,11756,-170,252,86,9024,-10920,7644,-27,170,-167,-14308,5888,2912,-997,97,-112,-14292,-1744,7648,-439,182,-101,0
2467.282506942749,9964,3332,11864,-211,-61,112,9016,-10840,7572,-45,173,-184,-14268,6004,2912,-959,77,-74,-14316,-1768,7432,-433,187,-79,0
2467.318197965622,9840,3120,11900,-235,-76,97,9120,-10896,7564,-23,138,-224,-14256,5984,2836,-963,62,-103,-14288,-1832,7468,-458,191,-107,0
2467.35343003273,9852,3124,11984,-226,-82,111,9256,-10856,7644,-16,141,-196,-14280,6024,2968,-951,103,-72,-14244,-1664,7508,-469,171,-64,0
2467.3891980648045,9904,3320,11812,-243,-104,118,9276,-10932,7428,-28,121,-222,-14268,5700,2876,-951,98,-72,-14296,-1828,7488,-460,168,-36,0
2467.425064086914,9832,3332,11848,-508,-126,123,9348,-10860,7632,-46,140,-216,-14364,5988,2868,-948,85,-126,-14276,-1656,7524,-458,141,-97,0
2467.4606361389165,9836,3316,11908,-249,-104,122,9260,-10952,7640,-42,150,-211,-14268,6084,2784,-933,68,-95,-14272,-1784,7516,-466,115,-97,0
2467.4954600334167,9920,3184,11904,-259,-65,112,9316,-11000,7572,-18,60,-210,-14408,5932,2824,-953,68,-124,-14188,-1784,7484,-477,123,-85,0
2467.5309290885925,9928,3280,11804,-253,-84,128,9228,-10788,7764,-32,124,-245,-14240,5908,2992,-933,103,-112,-14224,-1832,7676,-451,129,-62,0
2467.5660989284515,9852,3264,11820,-285,-100,93,9268,-10780,7732,-61,120,-244,-14160,5996,2888,-971,71,-157,-14288,-1652,7368,-426,199,-105,0
2467.6022889614105,9924,3476,11840,-316,-156,111,9192,-10980,7668,-37,183,-244,-14228,5908,2888,-985,155,-113,-14208,-1564,7516,-419,223,-64,0
2467.6381690502167,9956,3232,11960,-298,-169,130,9232,-10804,7524,-37,148,-236,-14244,5980,3044,-981,126,-136,-14216,-1708,7388,-443,186,-70,0
2467.6736340522766,9980,3252,11616,-295,-156,133,9308,-10904,7596,-52,152,-250,-14268,6000,2864,-973,97,-127,-14200,-1556,7304,-451,138,-103,0
2467.70911693573,9860,3184,11816,-269,-130,129,9336,-10824,7876,-21,131,-218,-14292,5908,2892,-980,119,-90,-14336,-1564,7408,-478,166,-76,0
2467.7447829246526,10004,3264,11876,-224,-124,115,9452,-10868,7600,-9,96,-240,-14236,5948,3068,-1077,156,-128,-14288,-1672,7416,-477,126,-55,0
2467.7783670425415,9956,3244,11952,-189,-148,111,9372,-10788,7640,-10,95,-252,-14120,5940,2820,-1279,139,-132,-14260,-1744,7320,-479,174,-83,0
2467.8119180202484,9788,3160,11884,-220,-133,108,9268,-10892,7428,-61,130,-237,-14260,5996,2960,-982,133,-152,-14392,-1668,7424,-479,158,-107,0
2467.8456809520726,9912,3180,11796,-194,-143,102,9264,-10832,7528,-56,130,-214,-14436,5948,2896,-1023,133,-119,-14296,-1684,7336,-468,186,-111,0
2467.879137992859,9904,3168,11864,-208,-134,121,9300,-10756,7628,-30,105,-217,-14492,5964,2984,-1035,140,-70,-14352,-1640,7464,-463,204,-118,0
2467.912663936615,9956,3164,11848,-211,-134,139,9000,-10836,7632,-28,134,-210,-14308,5652,3052,-1000,161,-119,-14192,-1668,7412,-480,149,-86,0
2467.9458379745483,9932,3148,11824,-205,-153,114,9376,-10896,7516,-84,127,-204,-14252,6052,3012,-978,118,-154,-14212,-1716,7416,-476,156,-123,0
2467.9794521331787,9812,3248,11852,-215,-126,134,9228,-10876,7784,-14,110,-231,-14360,5916,2816,-967,108,-122,-14204,-1612,7396,-501,165,-93,0
2468.012923002243,10192,3188,11884,-161,-134,136,9296,-10872,7504,-51,126,-202,-14208,6012,2692,-969,117,-89,-14256,-1724,7176,-469,163,-75,0
2468.0468199253082,9960,3256,11876,-218,-138,142,9280,-10820,7608,-10,97,-218,-14300,5956,2796,-965,155,-114,-14252,-1596,7420,-451,213,-73,0
2468.0804331302643,10008,3228,11836,-187,-142,129,9288,-10844,7596,-37,130,-226,-14468,5900,2672,-977,110,-110,-14356,-1504,7336,-461,165,-112,0
2468.1139249801636,9952,3136,11972,-112,-163,137,9312,-10736,7588,-27,128,-173,-14572,5984,2612,-989,88,-131,-14292,-1732,7324,-521,150,-140,0
2468.147374153137,9992,3200,11732,-78,-112,104,9332,-10804,7724,-37,106,-162,-14312,5932,2792,-992,89,-105,-14236,-1724,7172,-519,125,-145,0
2468.1810159683228,9952,3184,11740,-109,-67,80,9320,-10708,7740,-21,150,-158,-14084,5688,2740,-1039,64,-74,-14336,-1648,7364,-494,136,-146,0
2468.2143719196324,10044,3180,11700,-136,-37,112,9268,-10828,7576,-7,171,-131,-14320,5908,2908,-1023,60,-14,-14248,-1648,7316,-488,107,-120,0
2468.247973918915,10020,3200,11912,-113,-13,102,9344,-10864,7588,-2,152,-125,-14380,5884,2908,-1061,39,-54,-14216,-1628,7416,-518,114,-166,0
2468.2816820144653,10052,3180,11964,-112,-39,97,9244,-10528,7480,-11,129,-126,-14248,5956,2656,-1024,71,-48,-14208,-1716,7512,-767,88,-149,0
2468.314939022064,9948,3332,11908,-70,-11,81,9276,-10860,7628,-20,115,-118,-14220,5956,2584,-1045,97,-40,-14252,-1700,7500,-477,109,-165,0
2468.3485150337215,10152,3180,11892,-127,-64,85,9224,-10824,7724,6,158,-120,-14240,5968,2976,-1056,79,-14,-14280,-1748,7480,-531,145,-132,0
2468.381989002228,10036,3156,12004,-115,-7,67,9264,-10828,7424,-12,165,-116,-14312,6044,2844,-1061,79,-33,-14312,-1640,7500,-496,109,-165,0
2468.4154980182648,9940,3140,11972,-55,16,86,9256,-10876,7484,7,152,-130,-14288,6056,2804,-1076,99,-35,-14336,-1632,7292,-507,101,-169,0
2468.449326992035,9952,3276,11984,-100,4,70,9260,-10804,7528,-45,165,-144,-14208,6004,2696,-1019,73,-78,-14256,-1764,7616,-520,104,-196,0
2468.482859134674,9928,3272,12004,-85,-35,95,9268,-10828,7748,-28,181,-116,-14356,6012,2840,-1034,65,-72,-14172,-1612,7276,-549,110,-196,0
2468.516159057617,9896,3364,11888,-13,-15,79,9456,-10960,7512,-8,77,-143,-14544,6000,2808,-1043,86,-65,-14212,-1700,7540,-526,137,-142,0
2468.5497801303864,9904,3220,11568,-77,-24,95,9248,-10800,7480,5,116,-137,-14172,6048,2724,-1060,104,-95,-14284,-1796,7204,-513,147,-162,0
2468.583244085312,9900,3248,11788,-61,-23,121,9356,-10836,7716,-41,152,-158,-14320,5984,3000,-998,58,-83,-14236,-1728,7344,-518,134,-190,0
2468.6170330047607,10020,3108,11840,-106,-9,73,9288,-10852,7652,-20,180,-110,-14340,5952,2664,-1014,30,-47,-14216,-1704,7192,-513,122,-168,0
2468.6500520706177,9932,3360,11752,-113,27,79,9300,-10764,7876,-20,194,-109,-14352,5936,3008,-1044,47,-34,-14288,-1848,7512,-480,108,-150,0
2468.6837060451508,9932,3316,11824,-99,25,102,9344,-10844,7656,11,109,-92,-14188,6012,2864,-1278,73,-32,-14304,-1780,7504,-258,110,-177,0
2468.717229127884,9916,3528,12004,-91,7,94,9212,-10768,7684,-29,101,-105,-14244,5952,2776,-1004,70,-45,-14344,-1784,7484,-259,143,-167,0
2468.7533650398254,9944,3292,11828,-143,-17,79,9440,-10512,7924,-70,149,-127,-14256,5836,2856,-968,73,-41,-14280,-1584,7552,-493,130,-174,0
2468.7886631488805,9940,3376,12020,-137,-31,102,9312,-10952,7732,-30,165,-155,-14208,5956,2812,-1006,110,-59,-14248,-1584,7536,-460,122,-109,0
2468.8240439891815,9948,3072,11924,-158,-35,91,9264,-10948,7660,-33,154,-132,-14220,5960,2860,-989,84,-31,-14536,-1660,7516,-496,146,-117,0
2468.859750032425,9952,3416,11684,-135,-13,123,9428,-10800,7824,-47,181,-117,-14224,5932,2888,-989,84,-79,-14252,-1636,7568,-503,141,-123,0
2468.894954919815,9884,3084,11916,-144,2,97,9208,-10848,7644,-34,137,-151,-14204,5988,3056,-1014,93,-21,-14300,-1668,7388,-483,138,-115,0
2468.930218935013,9876,3308,11780,-162,-75,91,9192,-10960,7536,-30,158,-144,-14228,6012,2836,-1001,108,-58,-14216,-1996,7220,-480,154,-86,0
2468.965320110321,9956,3084,11812,-204,-48,103,9240,-10892,7584,-53,162,-164,-14224,5972,2900,-996,140,-34,-14212,-1780,7536,-462,121,-68,0
2469.001011133194,9824,3376,11956,-219,-56,108,9196,-10872,7628,-41,172,-170,-14228,6032,2760,-990,112,-50,-14240,-1760,7460,-460,162,-89,0
2469.0372109413147,9928,3084,11996,-284,-82,121,9324,-10944,7716,-11,166,-177,-14372,6016,2900,-972,109,-89,-14264,-1744,7440,-472,122,-91,0
2469.0723040103912,9832,3076,12016,-236,-63,86,9324,-10788,7744,-58,111,-214,-14296,6008,2976,-935,71,-107,-14416,-1772,7620,-463,165,-82,0
2469.1080460548405,10204,3224,12008,-267,-151,79,9304,-10844,7632,-94,177,-252,-14236,6044,2920,-941,97,-88,-14156,-1708,7168,-439,183,-74,0
2469.142770051956,9928,3324,11712,-315,-132,93,9292,-10808,7580,-78,146,-511,-14044,6020,2912,-934,130,-150,-14180,-1632,7440,-425,178,-77,0
2469.184100151062,9852,3200,11912,-313,-131,127,9256,-10768,7648,-51,139,-257,-14228,6012,2908,-962,143,-114,-14272,-1772,7176,-418,152,-46,0
2469.2202229499817,9928,3152,11916,-340,-137,119,9288,-10808,7652,-63,162,-247,-14168,5992,3024,-954,147,-116,-14324,-1700,7528,-416,173,-66,0
2469.2553391456604,9896,3300,11916,-329,-124,133,9224,-10968,7672,-40,112,-242,-14184,5972,2768,-978,151,-181,-14232,-1612,7384,-436,177,-65,0
2469.291028022766,9744,3308,12152,-270,-135,125,9292,-10912,7684,-12,100,-282,-14272,6052,2772,-981,181,-134,-14160,-1612,7404,-458,233,-45,0
2469.326019048691,9896,3304,11844,-255,-156,143,9184,-10840,7520,-17,110,-243,-14200,5892,2864,-1009,172,-152,-14332,-1652,7168,-447,185,-59,0
2469.3619260787964,9952,3204,11600,-286,-181,156,9284,-10856,7520,-70,170,-235,-14340,5940,2724,-997,126,-120,-14252,-1620,7444,-453,150,-90,0
2469.3995740413666,9916,3252,11872,-296,-128,129,9196,-10892,7524,-29,168,-250,-14184,5956,2760,-1008,106,-76,-14304,-1764,7636,-460,177,-67,0
2469.4330840110774,9952,3240,11816,-293,-146,122,9264,-10820,7756,-25,137,-249,-14200,6096,2720,-990,150,-120,-14348,-1716,7260,-430,168,-56,0
2469.4667351245885,10036,3180,11776,-297,-154,164,9436,-10896,7484,-11,58,-217,-14256,6064,2828,-998,152,-118,-14340,-1640,7536,-463,180,-63,0
2469.5002529621124,9888,3248,11924,-280,-165,142,9328,-10864,7568,-56,94,-233,-14232,6028,2888,-981,112,-138,-14336,-1612,7376,-457,163,-96,0
2469.533798933029,9980,3148,11776,-256,-182,132,9224,-10892,7544,-51,91,-245,-14196,6088,2852,-951,159,-122,-14212,-1628,7420,-474,178,-105,0
2469.5673630237575,9728,3176,11888,-257,-182,114,9364,-10828,7652,-61,90,-3,-14276,5952,2652,-965,138,-101,-14208,-1640,7668,-467,213,-85,0
2469.6010770797734,9944,3152,11788,-236,-146,144,9280,-10768,7520,-43,113,-241,-14196,5980,2612,-1001,93,-151,-14544,-1724,7268,-480,163,-114,0
2469.6342101097107,10072,3132,11800,-167,-186,140,9312,-10520,7668,-32,128,-205,-14316,5968,2780,-1014,88,-126,-14176,-1676,7332,-520,135,-128,0
2469.667664051056,9956,3184,11784,-119,-137,130,9228,-10780,7544,-9,149,-171,-14304,5992,2628,-996,100,-78,-14304,-1652,7328,-534,151,-166,0
2469.701164960861,9824,3220,12028,-111,-86,129,9276,-10716,7408,-17,127,-163,-14380,5712,2780,-1062,117,-56,-14276,-1664,7376,-471,119,-144,0
2469.7343270778656,10132,3216,11736,-110,-57,104,9316,-10752,7772,-9,158,-160,-14344,5912,2944,-1053,106,-73,-14376,-1636,7228,-523,117,-157,0
2469.7679541110992,10108,3124,11820,-114,-6,99,9444,-10872,7700,0,145,-97,-14560,5976,2736,-1045,69,-43,-14364,-1596,7340,-506,89,-153,0
2469.8013169765472,10088,3276,11784,-108,-18,91,9320,-10912,7692,253,178,-79,-14264,6104,2796,-1061,57,-35,-14288,-1652,7400,-257,61,-145,0
2469.8348610401154,9880,3168,11736,-92,242,90,9272,-10812,7692,-21,127,-101,-14236,5976,2776,-1038,54,-252,-14300,-1700,7176,-521,110,-162,0
2469.868269920349,9964,3152,11820,-133,-15,86,9192,-10828,7640,-36,157,-128,-14136,5972,2800,-1051,63,-65,-14256,-1696,7444,-512,110,-165,0
2469.9015760421753,9916,3148,11796,-62,-256,94,9244,-10808,7632,-25,154,-94,-14328,6080,2952,-1028,56,-61,-14272,-1716,7448,-507,79,-164,0
2469.9349291324615,9908,3160,11872,-107,15,80,9240,-10844,7568,-2,158,-115,-14084,5980,2956,-1010,15,-28,-14088,-1656,7644,-261,69,-151,0
2469.968421936035,9996,3096,12028,-108,11,76,9296,-10840,7616,-40,165,-119,-14300,5912,2832,-1027,64,-37,-14276,-1712,7420,-520,108,-158,0
2470.0020730495453,9976,3164,12060,-62,-13,82,9224,-10916,7632,-36,110,-128,-14208,6024,2804,-1008,78,-44,-14276,-1688,7344,-525,125,-145,0
2470.035532951355,9888,3200,11824,-40,-18,113,9312,-10952,7556,-3,90,-141,-14216,6044,2844,-1041,108,-112,-14204,-1620,7488,-762,161,-139,0
2470.0692241191864,9992,3224,11704,-1,-32,86,9200,-10828,7632,-23,113,-133,-14200,5904,2792,-1039,93,-89,-14272,-1604,7388,-549,126,-179,0
2470.102889060974,10220,3164,11872,-31,-49,113,9372,-10836,7584,-9,154,-118,-14588,6064,2864,-1041,93,-26,-14368,-1636,7292,-564,113,-141,0
2470.136032104492,9904,3248,11912,-59,47,128,9312,-10828,7496,-61,146,-89,-14288,5964,2884,-771,97,22,-14328,-1788,7392,-564,98,-131,0
2470.169806957245,9828,3084,11912,-76,23,112,9300,-10776,7664,-14,142,-67,-14280,5972,2832,-1075,113,-44,-14248,-1812,7396,-513,111,-137,0
2470.203325986862,9960,3256,11892,-69,254,128,9300,-10880,7428,4,142,-120,-14252,5940,2988,-1054,105,-55,-14384,-1716,7188,-481,133,-140,0
2470.236843109131,9852,3100,11824,-82,-12,85,9300,-10956,7680,-32,178,-126,-14312,5912,2956,-1013,80,-76,-14252,-1680,7592,-511,90,-161,0
2470.270267009735,9948,3300,11944,-91,8,39,9248,-10900,7632,-50,155,-136,-14184,5996,2920,-1005,12,-25,-14244,-1776,7484,-518,128,-168,0
2470.3037910461426,9868,3232,11984,-101,-49,44,9332,-10876,7712,-25,176,-159,-14148,5768,2564,-771,94,-69,-14180,-2044,7208,-493,142,-127,0
2470.3373460769653,9872,3296,11736,-94,251,90,9128,-10784,7568,-60,65,-177,-14340,6000,2604,-1274,96,-64,-14232,-1680,7500,-501,164,-132,0
2470.370852947235,9888,3276,11992,-95,-71,72,9216,-10852,7584,-56,98,-177,-14268,5972,2792,-1005,99,-94,-14520,-1760,7436,-497,140,-131,0
2470.40403008461,10148,3276,11896,-152,-35,110,9172,-10848,7732,-60,145,-136,-14328,5976,2988,-961,102,-252,-14244,-1632,7352,-512,86,-105,0
2470.440784931183,9960,3316,11956,-107,-23,129,9288,-10936,7500,-42,112,-124,-14248,5948,2892,-1007,134,-38,-14200,-1652,7464,-260,123,-113,0
2470.4770629405975,9948,3420,11952,-114,-5,125,9244,-10832,7608,-10,109,-117,-14364,6020,3028,-1047,110,-72,-14268,-1736,7408,-485,108,-143,0
2470.512223958969,9936,3240,11948,-120,-10,98,9312,-10860,7568,-61,186,-126,-14284,6008,2880,-977,49,-21,-14304,-1788,7236,-531,110,-147,0
2470.5480051040654,9968,3336,11868,-113,-37,76,9196,-10828,7776,-29,159,-152,-14232,6048,2772,-769,84,-69,-14204,-1728,7180,-483,118,-114,0
2470.5831310749054,9884,3220,11636,-126,-13,93,9168,-10796,7540,-12,156,-158,-14232,5976,3060,-1013,82,-66,-14236,-1752,7528,-501,160,-131,0
2470.618840932846,9904,3272,11824,-150,-27,97,9056,-10836,7632,-52,135,-185,-14232,5968,2932,-1009,123,-105,-14192,-1636,7496,-432,154,-98,0
2470.6533820629124,9996,3212,11960,-168,-45,83,9116,-10848,7552,-19,138,-193,-14168,5988,2976,-1276,99,-78,-14232,-1784,7472,-476,175,-133,0
2470.689392089844,9776,3204,11864,-171,-56,78,9140,-10888,7640,-26,170,-176,-14228,5980,2860,-1013,118,-117,-14172,-1760,7580,-481,166,-118,0
2470.7243571281433,9864,3292,12012,-153,-23,70,8964,-10908,7536,-27,130,-194,-14096,5988,2852,-1009,105,-52,-14280,-1736,7472,-477,153,-114,0
2470.7602820396423,9940,3224,12008,-211,-39,101,9332,-10884,7736,16,165,-174,-14244,5968,2912,-1003,106,-128,-14232,-1628,7484,-482,134,-134,0
2470.7954001426697,9788,3260,11892,-511,-53,108,9224,-10948,7452,-14,140,-200,-14272,6064,2784,-999,90,-68,-14280,-1888,7552,-445,160,-88,0
2470.830847978592,9916,3500,11876,-255,-125,141,9276,-10900,7676,-30,131,-221,-14256,5948,2984,-967,122,-126,-14212,-1720,7316,-477,204,-80,0
2470.8661649227142,9772,3244,11820,-261,-146,115,9196,-10820,7808,-52,121,-262,-14260,5996,3040,-938,115,-119,-14212,-1596,7676,-459,181,-84,0
2470.9016649723053,9796,3328,12208,-509,-157,120,9220,-10900,7540,-58,141,-243,-14212,6048,2872,-907,138,-90,-14200,-1672,7624,-472,166,-73,0
2470.93829202652,9812,3292,11876,-307,-117,113,9332,-10836,7532,-68,137,-277,-14220,5988,2908,-928,108,-116,-14236,-1716,7512,-416,181,-57,0
2470.9733850955963,9968,3260,11832,-342,-96,113,9228,-10784,7568,-62,158,-254,-14296,5968,2860,-947,143,-103,-14192,-1752,7428,-434,171,-49,0
2471.0095210075374,9904,3232,11776,-328,-90,114,9324,-10780,7540,-38,130,-231,-14268,6064,2924,-974,154,-150,-14300,-1716,7516,-407,201,-66,0
2471.045035123825,9864,3280,11832,-315,-164,179,9312,-10852,7892,-61,153,-235,-14268,5984,2844,-950,205,-126,-14328,-1728,7412,-440,201,-53,0
2471.081640005112,9856,3180,11940,-308,-181,158,9320,-10920,7476,-54,107,-261,-14360,6036,3012,-990,167,-210,-14236,-1672,7428,-442,238,-43,0
2471.1151940822606,10032,3224,11988,-294,-192,142,9220,-10544,7628,-13,153,-263,-14264,5948,2748,-1012,165,-155,-14232,-1688,7444,-466,212,-79,0
2471.148391008377,9976,3184,11728,-298,-147,128,9196,-10928,7600,-27,143,-232,-14272,5984,2756,-972,154,-98,-14280,-1656,7300,-461,192,-51,0
2471.18189907074,9852,3260,11828,-249,-136,138,9272,-10808,7748,-35,115,-248,-14196,5920,2864,-1002,135,-119,-14240,-1704,7668,-439,164,-63,0
2471.2154500484467,9884,3252,11932,-298,-159,117,9260,-10780,7784,-41,115,-239,-14372,5984,2800,-963,131,-129,-14324,-1604,7360,-439,158,-70,0
2471.2489070892334,9968,3196,11924,-283,-128,126,9296,-10772,7612,-42,141,-215,-14352,6076,2768,-962,106,-97,-14264,-1668,7480,-464,167,-89,0
2471.2822279930115,10064,3168,11940,-280,-197,147,9228,-10852,7636,-13,124,-202,-14304,5972,2824,-988,152,-89,-14280,-1672,7176,-451,150,-58,0
2471.315714120865,9896,3144,11860,-278,-116,149,9288,-10808,7552,-54,105,-220,-14228,5956,2924,-978,186,-116,-13912,-1616,7356,-438,183,-90,0
2471.3491430282593,9996,3200,11972,-283,-228,130,9312,-10912,7620,-78,142,-290,-14292,6008,2816,-997,128,-174,-14244,-1608,7388,-457,264,-96,0
2471.382766008377,10056,3132,11820,-300,-183,158,9452,-10816,7608,-27,134,-221,-14440,6036,2848,-988,91,-169,-14204,-1680,7532,-453,168,-115,0
2471.4161970615387,10172,3168,11908,-239,-142,101,9296,-10832,7584,-14,76,-212,-14168,5924,2608,-978,74,-93,-14304,-1772,7524,-489,130,-132,0
2471.4499249458313,9916,3300,11780,-245,-138,119,9224,-10940,7396,-83,259,-215,-14336,6000,2968,-1006,101,-68,-14356,-1584,7192,-467,156,-121,0
2471.4836139678955,9996,3156,12016,-203,-195,104,9308,-10748,7256,-759,615,-45,-14188,6244,2480,-942,77,-44,-14312,-1712,7316,-533,150,-128,0
2471.5170929431915,9764,3152,12012,-274,-61,180,9092,-10928,7440,326,-3,-212,-14156,6052,2964,-1061,291,-119,-14144,-1648,7376,-527,130,-42,0
2471.5505340099335,9940,3120,12064,9,-33,175,9484,-10904,7488,154,-80,-237,-14480,5944,2876,-1035,173,-163,-14288,-1540,7176,-767,187,-126,0
2471.5841209888454,10052,3224,11876,-17,-147,72,9496,-10568,7632,-141,268,-181,-14360,5800,2892,-981,7,-110,-14268,-1592,7300,-479,183,-226,0
2471.6177439689636,10076,2996,11600,-151,-126,18,9352,-10720,7700,-33,256,-230,-14176,5956,2612,-1018,45,-73,-14320,-1716,7176,-456,165,-159,0
2471.6508700847626,9984,3580,11944,-149,-51,36,9276,-10804,7656,31,133,-188,-14308,6048,2784,-1068,72,-100,-14372,-1608,7284,-524,138,-139,0
2471.6843769550323,10028,3296,11816,-111,24,95,9228,-10904,7672,5,140,-98,-14336,6056,2616,-1060,57,-53,-14288,-1624,7464,-501,95,-130,0
2471.717917919159,9940,3072,11892,-82,-7,102,9360,-10996,7560,-122,216,-88,-14564,6020,3060,-977,64,23,-14288,-1732,7464,-497,78,-159,0
2471.7511789798737,9924,3064,11948,-167,-95,94,9288,-10800,7628,-66,197,-98,-14260,6032,2864,-1008,49,-14,-14172,-1752,7448,-499,112,-137,0
2471.784544944763,9976,3220,11732,-64,-45,81,9168,-10760,7628,253,178,-117,-14204,6036,2780,-1033,58,-70,-14192,-1628,7508,-548,99,-154,0
2471.8181660175323,9988,3248,11856,-22,-31,94,9200,-10948,7560,42,58,-172,-14316,5940,2976,-1070,79,-118,-14192,-1652,7472,-549,137,-180,0
2471.8518080711365,9744,3128,11812,-19,-37,102,9304,-10848,7632,26,135,-175,-14188,6016,2652,-1047,105,-60,-14312,-1752,7500,-525,147,-130,0
2471.885252952576,9876,3184,11968,-97,-38,71,9280,-10764,7552,-58,167,-136,-14552,6004,2880,-1031,122,-80,-14252,-1660,7400,-484,159,-154,0
2471.918688058853,9956,3280,11940,-71,-43,98,9340,-10756,7540,-68,144,-158,-14328,6004,2756,-1002,96,-87,-14308,-1612,7456,-496,129,-155,0
2471.951959133148,10040,3160,11900,-103,-11,69,9316,-10840,7572,-35,134,-107,-14380,5996,2928,-1052,51,-69,-14272,-1672,7184,-531,75,-177,0
2471.985785961151,9996,3264,11704,-131,-255,81,9308,-11004,7456,-12,137,-82,-14408,6060,2912,-771,32,-34,-14168,-1768,7508,-504,79,-90,0
2472.0194830894466,9948,3212,11768,-77,47,114,9464,-10888,7584,-70,85,-121,-14232,6116,2964,-1054,86,250,-14288,-1652,7300,-530,73,-165,0
2472.052901029587,9904,3136,11820,-103,1,98,9240,-10880,7604,-1,157,-102,-14112,6084,2888,-1050,96,1,-14232,-1632,7592,-513,68,-129,0
2472.0865659713745,9888,3116,11992,-50,51,115,9292,-10952,7552,40,137,-56,-14232,6008,2628,-1059,105,-50,-14212,-1644,7504,-501,106,-167,0
2472.1229140758514,10072,3240,11892,-78,33,60,9236,-10848,7772,58,165,-87,-14336,6132,2848,-1036,36,-111,-14244,-1868,7664,-538,166,-217,0
2472.158463001251,9844,3196,11804,-57,-64,34,8980,-10832,7788,69,150,-183,-14308,5760,3188,-1033,-121,-89,-14592,-1912,7336,-497,152,-238,0
2472.1934499740605,9936,3416,11864,-23,-132,-35,9276,-10988,7576,-341,452,-99,-14316,5888,2768,-960,56,-52,-14200,-1680,7228,-756,105,-193,0
2472.2292420864105,9812,3388,11692,-187,27,104,9056,-11212,7780,211,-263,-254,-14116,6052,2876,-1089,270,-74,-14172,-1700,7284,-520,157,-80,0
2472.264429092407,9908,3324,11932,25,-34,143,9400,-10932,7604,-32,-12,-178,-14344,6112,2776,-1072,82,-42,-14084,-1656,7496,-544,120,-101,0
2472.299814939499,9976,3332,12056,-40,-47,119,9292,-10864,7632,-172,204,-136,-14236,5956,2760,-982,34,-237,-14212,-1664,7572,-492,122,-150,0
2472.335506916046,9848,3168,11736,-142,-40,87,9176,-11188,7672,-48,134,-160,-14172,6032,2820,-1008,128,-48,-14304,-1704,7636,-763,121,-109,0
2472.371547937393,9916,3304,11948,-123,6,136,9196,-10956,7880,66,16,-129,-14216,6132,2892,-1050,155,-41,-14236,-1624,7540,-524,121,-99,0
2472.4074881076813,9800,3244,12012,-82,11,130,9232,-10804,7596,-35,141,-104,-14328,6004,3068,-1029,126,-65,-14332,-1980,7564,-501,117,-100,0
2472.4428391456604,9708,3384,11880,-126,-48,92,9164,-10816,7564,-86,4,-146,-14316,6040,2940,-951,102,-113,-14236,-1732,7456,-456,156,-140,0
2472.4780111312866,10028,3236,11892,-197,-32,85,9308,-10936,7640,-37,511,-186,-14212,6008,2924,-1002,94,-88,-14236,-1744,7468,-450,185,-155,0
2472.5135581493378,9864,3168,11804,-176,-73,80,9228,-10856,7588,-183,17,-217,-14492,5924,2948,-1028,251,-99,-14392,-1648,7468,-485,162,-190,0
2472.549152135849,9996,3280,11844,-196,-148,17,9128,-10848,7868,-297,630,-12,-14056,6132,2700,-978,166,-35,-14152,-1588,7400,-446,64,-48,0
2472.584198951721,9720,3376,11560,-372,127,241,8948,-11012,7752,396,-437,-213,-14216,6168,3080,-1120,316,-62,-14272,-1600,7592,-549,153,18,0
2472.6198160648346,9832,3272,12164,-72,-18,203,9452,-10908,7388,-20,126,-170,-14460,5996,2892,-1016,66,-85,-14416,-1776,7188,-506,158,-136,0
2472.6550929546356,9928,3228,11972,-218,-107,106,9224,-10576,7804,-97,259,-202,-14348,5864,2756,-893,35,-117,-14076,-1808,7332,-450,153,-144,0
2472.6907830238342,9872,3368,11768,-286,-175,55,9224,-10908,7732,-51,139,-308,-14300,5996,2852,-929,103,-144,-14244,-1688,7428,-464,202,-111,0
2472.7260470390324,9924,3284,11888,-246,-154,106,9204,-10832,7828,20,77,-266,-14216,6076,2860,-1010,142,-122,-14356,-1720,7532,-495,164,-100,0
2472.763950109482,9908,3292,12004,-221,-79,111,9468,-10820,7476,-141,148,-201,-14204,6036,2596,-931,125,-108,-14212,-1616,7472,-427,126,-52,0
2472.797464132309,9716,3228,11856,-308,-141,127,9268,-10828,7620,-193,208,-204,-14336,6000,2780,-889,124,-71,-14272,-1652,7248,-364,155,-51,0
2472.8310980796814,9960,3188,11976,-389,-159,105,9252,-11004,7672,-68,182,-241,-14372,6068,2724,-921,130,-107,-14076,-1676,7464,-397,162,-102,0
2472.864790916443,9920,3164,11896,-341,-148,127,9240,-10888,7820,-26,151,-506,-14260,6128,2984,-993,134,-124,-14244,-1712,7556,-474,200,-61,0
2472.8982050418854,9852,3288,12004,-236,-140,158,9308,-10900,7632,251,112,-270,-14216,6040,2956,-985,143,-176,-14316,-1768,7500,-506,227,-39,0
2472.931452035904,9928,3248,11792,-229,-161,166,9232,-10860,7656,27,100,-303,-14164,5972,2600,-997,179,-179,-14352,-1748,7452,-470,232,-51,0
2472.964940071106,10172,3164,11896,-270,-182,125,9344,-10844,7640,-10,158,-289,-14308,5916,2844,-993,151,-140,-14260,-1668,7240,-429,214,-101,0
2472.9986209869385,9912,3292,11900,-287,-174,93,8976,-10788,7784,-45,194,-233,-14280,5632,2760,-976,54,-120,-14320,-1748,7412,-411,175,-93,0
2473.0321550369263,9876,3232,11900,-300,-161,79,9384,-10948,7868,-67,148,-512,-14316,5944,2840,-954,110,-144,-14324,-1652,7440,-453,185,-118,0
2473.0657610893254,9932,3204,11788,-270,-142,130,9208,-10832,7836,-19,54,-255,-14204,5960,2888,-961,144,-128,-14200,-1684,7552,-441,167,-106,0
2473.099277973175,9908,3120,11884,-236,-169,143,9388,-10984,7512,-62,20,-274,-14188,6044,2660,-945,145,-121,-14356,-1672,7408,-450,187,-81,0
2473.13267493248,9940,3224,11928,-240,-227,152,9236,-10856,7536,-59,1,-282,-14244,5896,2580,-958,134,-99,-14128,-1660,7548,-485,198,-82,0
2473.166244029999,9972,3164,11780,-224,-194,151,9344,-10916,7568,-8,47,-286,-14276,6052,2628,-977,155,-149,-14380,-1644,7480,-494,210,-103,0
2473.1999731063843,9980,3312,11772,-205,-168,129,9284,-10780,7440,19,49,-266,-14200,5888,2560,-966,128,-164,-14536,-1684,7340,-477,190,-103,0
2473.2337329387665,9984,3200,11916,-210,-183,111,9332,-10820,7580,3,118,-238,-14216,5980,2844,-985,143,-186,-14300,-1648,7296,-452,200,-70,0
2473.267338037491,9884,3192,11772,-183,-197,133,9292,-10872,7636,-44,69,-243,-14316,6036,2716,-960,161,-122,-14268,-1556,7272,-476,182,-84,0
2473.300737142563,9988,3096,11912,-182,-205,128,9268,-10836,7532,-31,35,-214,-14292,6068,2768,-1007,69,-72,-14252,-1568,7416,-505,143,-168,0
2473.3342890739445,10056,3104,11708,-157,-137,137,9344,-10740,7396,-162,507,-138,-14224,6124,2744,-979,-20,-256,-14300,-1672,7284,-496,63,-148,0
2473.3675429821014,9908,3112,11608,-175,-69,75,9352,-10844,7388,-308,430,-14,-14332,6028,2608,-968,-96,44,-14248,-1472,7504,-468,41,-157,0
2473.4009170532227,9992,2932,11920,-229,-70,28,9376,-10960,7448,-346,663,-7,-14292,6040,2872,-1010,-83,250,-14344,-1496,7324,-453,127,-195,0
2473.4343340396886,9948,3056,11824,-232,-43,47,9428,-11208,7456,-78,470,-28,-14340,5972,2920,-1108,-36,-21,-14268,-1700,7480,-491,130,-187,0
2473.4678909778595,10012,3196,12032,-117,-45,53,9344,-10904,7836,-8,392,-114,-14316,5928,2944,-1075,-44,-91,-14212,-1648,7504,-534,176,-253,0
2473.5015530586243,10016,3176,11784,-73,-68,26,9308,-10832,7832,82,201,-209,-14244,5632,2936,-1050,22,-204,-14192,-1800,7256,-541,182,-5,0
2473.5349731445312,10012,3360,11740,-24,-111,-10,9184,-10780,7824,145,70,-504,-14256,5816,2928,-1057,80,-191,-14248,-1864,7212,-551,207,-223,0
2473.5682990550995,10068,3356,11760,-254,-54,34,9104,-10696,7804,242,-81,-285,-14240,5832,3040,-1022,96,-139,-14284,-1748,7404,-768,172,-185,0
2473.601944923401,10020,3348,11808,-22,10,38,9200,-10712,7560,220,-108,-238,-14208,5908,2876,-1007,76,-77,-14108,-1608,7388,-488,83,-194,0
2473.635385990143,9996,3308,11948,-49,75,13,9260,-10740,7756,151,-12,-170,-14316,5900,2928,-1071,59,-89,-14280,-1760,7180,-515,79,-206,0
2473.6689550876617,9924,3344,11848,-71,36,47,9228,-10896,7772,181,30,-155,-14212,6128,2580,-1057,70,-107,-14240,-1740,7672,-564,114,-196,0
2473.7024400234222,9956,3160,11852,7,14,43,8968,-10920,7832,124,-57,-176,-14176,5932,3048,-1075,97,-84,-14164,-1740,7532,-596,168,-146,0
2473.7361741065974,10048,3324,11860,2,-61,117,9220,-10848,7732,62,-56,-187,-14136,5912,3068,-1090,189,-64,-14164,-1660,7480,-581,167,-39,0
2473.7697150707245,9948,3288,11828,2,-90,218,8964,-10804,7596,-65,-49,-170,-14172,6004,2564,-1278,265,-50,-14296,-1640,7624,-562,122,254,0
2473.8060359954834,10000,3132,11532,-68,-62,234,9320,-10812,7244,-237,68,-87,-14348,6200,2892,-1015,210,24,-14276,-1568,7460,-767,87,-9,0
2473.8422889709473,10056,3076,11900,-210,-60,207,9444,-11008,7508,-218,511,5,-14316,6144,2820,-1021,156,85,-14236,-1648,7520,-495,39,-33,0
2473.8774609565735,9848,3036,12072,-199,-34,186,9312,-10996,7448,-188,377,4,-14264,6260,2644,-1056,141,-35,-14236,-1520,7428,-518,148,-126,0
2473.9127521514893,9852,3028,11968,-196,-115,122,9292,-11140,7604,-148,498,-46,-14552,5888,3012,-1092,25,-110,-14236,-1488,7500,-552,225,-224,0
2473.948646068573,10000,3024,11800,-69,-101,-22,9448,-10992,7460,-182,616,-62,-14480,6020,2896,-1074,-137,-171,-14308,-1636,7368,-586,195,-335,0
2473.9837679862976,10016,3292,11556,-50,-64,-82,9376,-10828,7732,-44,558,-52,-14372,5904,2824,-1065,-151,-143,-14272,-1812,7360,-533,186,-379,0
2474.0189459323883,10060,3572,11832,-124,7,-119,9344,-10872,7804,-28,606,-90,-14592,5840,2916,-1022,-221,-128,-14248,-1848,7180,-762,75,-385,0
2474.0550780296326,10068,3528,11768,-87,45,-103,8976,-10796,7868,24,321,-137,-14220,5868,2956,-1012,-146,-124,-14572,-1844,7316,-463,109,-304,0
2474.0907850265503,10060,3468,11772,-112,69,-117,9108,-10600,7804,-306,359,-117,-14272,5832,3192,-988,-107,-63,-14304,-2020,7360,-459,71,-505,0
2474.1261780261993,9936,3452,11984,-188,-22,-87,9428,-10800,7772,-186,412,-98,-14516,6088,2856,-931,-143,-95,-14228,-1864,7168,-470,113,-270,0
2474.1617090702057,9804,3536,12088,-153,-62,-58,8952,-10824,7840,-232,193,-217,-14228,6068,3140,-960,-89,-116,-14204,-1820,7360,-533,131,-232,0
2474.200389146805,9844,3228,12240,-83,-65,-8,8956,-10692,7668,171,-85,-313,-14052,6012,3160,-972,7,-156,-13888,-2024,7584,-576,187,-189,0
2474.2359409332275,9720,3272,11884,-69,-28,24,9084,-10912,7736,103,-150,-308,-14148,6076,3048,-1000,97,-164,-14136,-1760,7472,-563,193,-108,0
2474.271623134613,9748,3344,11804,-103,-38,62,9016,-11088,7508,251,-45,-422,-13872,5892,3060,-1277,108,-199,-14104,-1672,7488,-546,253,-92,0
2474.3076961040497,9744,3296,11964,-180,-151,103,8992,-10908,7792,538,-18,-541,-14148,6060,3040,-1053,258,-205,-14136,-1704,7564,-512,314,-249,0
2474.3424410820007,9768,3164,11936,-197,-186,145,9208,-10888,7620,344,89,-505,-14164,6052,2904,-1070,266,-491,-14136,-1740,7532,-532,377,-29,0
2474.3786001205444,9804,3260,11800,-196,-322,184,9432,-10772,7460,102,120,-445,-14340,5892,3080,-1071,224,-299,-14376,-1816,7192,-261,339,-9,0
2474.4138889312744,9964,3312,11644,-263,-245,187,9224,-10688,7776,491,72,-333,-14164,5784,2608,-1012,509,-222,-14188,-1588,7220,-450,259,-10,0
2474.4499521255493,10040,3408,11520,-206,-188,140,9336,-10500,7544,10,210,-197,-14368,5832,3132,-984,195,-252,-14252,-1876,7264,-442,260,-71,0
2474.483444929123,10084,3348,11780,-250,-182,83,9356,-10820,7752,-31,211,-322,-14328,5844,2904,-1001,135,-183,-14336,-1852,7340,-447,265,-147,0
2474.517310142517,10188,3452,11572,-202,-185,11,9320,-10704,7836,-17,200,-295,-14340,5860,2952,-975,87,-162,-14340,-1840,7232,-492,221,-171,0
2474.5505709648132,10136,3212,11884,-192,-84,-42,9384,-10792,7636,17,185,-276,-14312,5644,2880,-1001,25,-178,-14388,-1744,7348,-478,158,-215,0
2474.5841369628906,10052,3304,11788,-120,-58,-42,9384,-10668,7732,42,142,-206,-14300,5936,2932,-1026,-105,-159,-14348,-1636,7316,-566,133,-274,0
2474.6177639961243,10032,3256,11748,-89,5,-33,9448,-11004,7648,135,109,-160,-14260,5784,2864,-1038,-97,-68,-14332,-1776,7380,-555,124,-6,0
2474.650956153869,9876,3384,11804,23,2,-23,9112,-10800,7836,194,47,-198,-14268,5800,2932,-1078,-12,-64,-14280,-1820,7324,-604,72,-259,0
2474.684422969818,10056,3168,11768,118,37,2,9176,-10740,7648,12,160,-169,-14544,6136,3300,-1093,-48,-79,-14224,-1716,7284,-659,48,-286,0
2474.718045949936,10028,3572,11856,99,74,-14,9252,-10792,7728,122,200,-113,-14212,5824,2832,-1151,-84,-78,-14348,-1856,7436,-680,72,-286,0
2474.751533985138,9808,3468,11740,24,32,9,9388,-10640,7480,86,285,-51,-14064,5920,2928,-1166,-17,-61,-14256,-1868,7348,-561,81,-225,0
2474.7851340770726,9848,3480,11952,13,53,19,9088,-10692,7824,-12,247,-74,-14148,5888,3076,-1069,58,-36,-14256,-1836,7392,-531,97,-154,0
2474.8183081150055,9764,3412,11756,-65,-21,55,9200,-10840,7968,73,192,-156,-14164,6120,2992,-1067,93,-68,-14268,-2040,7664,-500,150,-186,0
2474.8519101142883,9788,3516,11916,-32,-51,72,9424,-10772,7804,146,133,-190,-14256,5664,3264,-1079,28,-103,-14172,-1852,7260,-584,163,-244,0
2474.885267972946,9784,3428,11828,-20,-99,28,9260,-10720,7884,167,138,-212,-14396,5972,2940,-1013,-44,-91,-14084,-2004,7456,-601,130,-263,0
2474.9189059734344,9764,3360,11548,-63,-97,32,9320,-10604,7796,27,230,-193,-14244,5792,3088,-976,-29,-50,-14232,-1956,7180,-549,112,-238,0
2474.9520740509033,9844,3452,11672,-37,-101,25,8992,-10752,8040,231,76,-247,-14208,5980,2836,-980,66,-82,-14208,-1896,7396,-529,177,-215,0
2474.985825061798,9856,3352,11716,-60,-95,88,9324,-10604,7880,51,90,-179,-14164,6084,2632,-990,64,-56,-14224,-1968,7264,-514,117,-162,0
2475.019406080246,9944,3564,12012,-70,-89,132,9240,-10660,7744,-92,103,-147,-14228,5748,2916,-1009,118,-109,-14232,-1904,7340,-480,158,-126,0
2475.0529251098633,9972,3332,11664,-83,-93,143,9172,-10604,7804,-109,108,-154,-14276,5836,2996,-1034,168,-112,-14224,-1960,7188,-489,169,-121,0
2475.086590051651,9956,3448,11764,-106,-68,138,9332,-10660,7784,-117,121,-101,-14328,5824,3236,-1104,106,-77,-14304,-1864,7188,-556,144,-155,0
2475.120182991028,9892,3476,11960,-48,-31,101,9292,-10792,7744,-97,201,-73,-14320,5892,3344,-1091,49,-37,-14292,-1912,7412,-551,150,-182,0
2475.1538610458374,9896,3572,11752,-54,-20,76,9252,-11004,7784,-44,118,-142,-14280,5760,3032,-1053,13,-71,-14320,-1876,7320,-556,121,-227,0
2475.1874020099644,9932,3548,11904,12,-18,58,9352,-10716,7596,46,116,-188,-14312,5820,3164,-1043,-12,-82,-14392,-2044,7376,-583,103,-235,0
2475.221069097519,9924,3776,11668,255,-12,21,9232,-10712,7768,72,185,-176,-14220,5836,2944,-1027,-43,-93,-14284,-2012,7408,-598,118,-276,0
2475.2544300556183,9912,3340,11952,30,4,-26,9280,-10648,7888,75,211,-171,-14148,5932,2940,-1034,-42,-73,-14096,-1800,7392,-571,76,-298,0
2475.288113117218,9920,3492,11828,-22,19,-252,9172,-10720,7888,134,192,-179,-14252,5684,3104,-1081,254,-56,-13852,-1912,7372,-525,126,-235,0
2475.3218309879303,9808,3524,12120,-55,22,-26,9144,-10728,7932,173,166,-204,-14116,6036,2912,-1280,-8,-112,-14204,-2008,7656,-538,169,-246,0
2475.3550980091095,9956,3824,11896,34,-13,-255,9116,-10704,8168,139,110,-263,-14224,5888,3316,-1033,-6,-182,-14248,-2004,7460,-540,181,-501,0
2475.3883440494537,9860,3500,11860,12,-1,-50,9296,-10764,7892,175,147,-291,-14308,6004,2988,-1065,-22,-156,-14248,-2012,7500,-562,201,-286,0
2475.4218571186066,9880,3396,11936,-4,-53,-50,9172,-10660,7860,271,174,-280,-14192,5928,3124,-1056,-70,-127,-14252,-2116,7396,-580,164,-284,0
2475.4550271034245,9852,3668,11852,-113,255,-30,8960,-10556,7892,94,396,-215,-14304,6128,3324,-1032,-76,-157,-14368,-2120,7648,-516,111,-221,0
2475.4918251037598,9792,3832,12004,-233,-88,-24,9220,-10668,7972,-27,330,-169,-14152,5768,3200,-1014,18,-99,-14288,-2088,7584,-440,131,-118,0
2475.527492046356,9832,3792,11932,-327,-66,16,9072,-10744,7948,-48,231,-185,-14184,5896,3148,-910,28,-80,-14188,-2152,7440,-443,101,-136,0
2475.5637719631195,9728,3440,11752,-287,-107,92,9028,-10516,7936,-67,279,-157,-14076,5864,3180,-957,45,-82,-13828,-2124,7456,-452,113,-58,0
2475.5996401309967,9788,3744,11872,-341,-85,140,9100,-10516,8096,32,207,-177,-14324,5760,3276,-973,135,-99,-14128,-2136,7640,-332,143,-2,0
2475.6347241401672,9712,3744,11844,-415,-87,174,9004,-10528,8040,-23,186,-505,-13988,5760,3100,-926,266,-114,-14020,-2148,7384,-268,292,59,0
2475.670392036438,9620,3808,11800,-433,-177,188,9020,-10576,7752,-91,44,-337,-14308,5784,3184,-963,384,-200,-13880,-2168,7232,-300,321,108,0
2475.705873966217,9828,3620,11620,-327,-236,199,9196,-10628,7844,-213,16,-366,-14260,5932,3316,-943,322,-206,-14296,-1996,7404,-407,326,52,0
2475.7413089275365,9816,3528,11816,-292,-224,176,9372,-10772,8076,125,-21,-379,-14412,5832,3168,-935,300,-187,-14380,-1984,7244,-439,244,-252,0
2475.777375936508,10076,3440,11868,-255,-158,185,9420,-10556,7976,211,-44,-315,-14448,5768,3028,-957,207,-87,-14400,-1876,7448,-438,152,252,0
2475.812268972397,10192,3532,11612,-360,-124,198,9428,-10400,7760,182,-116,-164,-14328,5852,3024,-939,136,213,-14372,-1860,7372,-412,20,-15,0
2475.8481609821324,9992,3536,11772,-455,-32,209,9092,-11448,7800,-742,-392,474,-14280,5916,3080,-948,242,75,-14200,-1956,7348,-334,-7,52,0
2475.883253097534,9768,3448,11992,-507,-73,279,9708,-9852,8444,-190,-57,-110,-14076,5924,3020,-983,306,-1,-13980,-1856,7484,-315,193,91,0
2475.9195790290833,9644,3576,11916,-429,-235,275,9048,-10820,7912,-40,0,-290,-14100,6036,3068,-770,401,-235,-13972,-1896,7420,-372,406,64,0
2475.9550890922546,9588,3552,12064,-211,-424,242,9136,-10916,7756,-42,-56,-462,-14200,5936,3112,-1032,399,-325,-14132,-1848,7400,-439,509,-81,0
2475.990914106369,9836,3220,11820,9,-416,98,9312,-10772,7640,27,-101,-556,-14592,5960,3008,-769,266,-445,-14436,-1584,7348,-585,455,-201,0
2476.0261199474335,10212,3080,11652,178,-232,-250,9548,-10584,7728,202,-79,-409,-14492,6068,2600,-1053,67,-279,-14824,-1552,7340,-672,223,-321,0
2476.0618319511414,10400,3368,11780,171,44,-77,9724,-10340,7644,251,248,-132,-14584,5764,3008,-1065,-176,-113,-14392,-1588,7388,-701,29,-408,0
2476.097825050354,10488,3520,11972,-25,66,-88,9672,-10288,7688,148,452,31,-14396,5616,2940,-1091,-267,68,-14440,-1916,7396,-578,-35,-325,0
2476.134001970291,10044,3832,11576,-231,85,44,9428,-10208,7876,15,471,86,-14128,5476,2980,-1088,-8,20,-14144,-2016,7184,-458,72,-103,0
2476.167578935623,9720,3652,11708,-330,-117,172,9168,-10448,8112,-71,238,-33,-13852,5396,2840,-1086,249,-58,-14000,-1840,7304,-275,2,25,0
2476.2011749744415,9684,3636,11536,-230,-226,235,9032,-10408,8112,-241,79,-243,-14120,5704,3160,-1037,303,-138,-13960,-2180,7268,-264,350,248,0
2476.2346689701085,9592,3672,11708,-136,-289,112,9068,-10636,8384,-154,-29,-442,-14228,5892,3468,-1039,510,-236,-14136,-2112,7456,-369,425,-148,0
2476.268203020096,9864,3828,11836,9,-169,-7,9352,-10636,7960,33,-105,-438,-14372,5940,3448,-998,8,-218,-14604,-2004,7508,-531,176,-334,0
2476.301602125168,10052,3392,11788,83,15,-160,9632,-10532,7792,-51,90,-219,-14560,6116,3244,-859,-300,-42,-14660,-1980,7548,-601,-102,-420,0
2476.3351700305934,10176,3716,11604,-34,180,-132,9416,-10632,7892,17,305,24,-14168,5776,2904,-894,-214,77,-14396,-1856,7272,-556,-152,-272,0
2476.36862707138,9932,3708,11812,-138,182,105,9032,-10484,7856,-15,118,137,-14012,5712,3088,-990,115,155,-14204,-1992,7384,-533,-59,10,0
2476.401834964752,9768,3720,11872,-208,9,401,9068,-10400,8100,-137,-86,80,-13972,5704,2836,-1065,456,92,-14104,-1924,7244,-461,118,265,0
2476.4353399276733,9744,3636,11996,-213,-161,565,9116,-10516,7584,-253,-152,0,-13856,5772,3060,-1090,667,4,-14000,-1856,7236,-401,281,330,0
2476.468919992447,9692,3456,11564,-222,-295,589,9192,-10636,7824,-342,-302,-186,-14200,5792,2884,-1088,740,-92,-14128,-1904,7456,-376,366,301,0
2476.5023341178894,9848,3416,11908,-113,-263,441,9520,-10808,7760,-300,-448,-312,-14596,5892,3128,-1075,435,-109,-14428,-1932,7620,-486,195,-254,0
2476.535882949829,10208,3264,11520,20,-75,64,9944,-10724,7568,-257,-251,-259,-14888,6068,3004,-927,-153,-232,-14740,-1772,7404,-544,-26,-357,0
2476.56965303421,10312,3268,11984,-38,91,-231,9956,-10720,7500,-1,561,-89,-14732,5884,2808,-797,-481,84,-14780,-1744,7348,-504,-147,-473,0
2476.603182077408,10128,3468,12144,-7,165,-232,9320,-10624,7916,-174,624,32,-14164,5980,2632,-891,-341,72,-14180,-1760,7512,-454,-70,-292,0
2476.6366760730743,9736,3524,11928,-323,86,3,8956,-10684,7800,-43,426,58,-13728,5976,3008,-963,81,-30,-13980,-1856,7248,-427,120,-37,0
2476.670268058777,9424,3564,11948,-310,-110,236,8908,-10644,7704,-36,129,-170,-13856,6016,2832,-1039,368,-126,-13956,-1884,7376,-404,349,90,0
2476.7036271095276,9540,3488,11916,-242,-335,312,9140,-10576,7584,-374,323,-224,-13928,5892,3100,-1098,368,-196,-14084,-1988,7592,-431,416,96,0
2476.737426996231,9676,3484,11596,-267,-384,274,9124,-10620,8088,3,5,-356,-14192,5884,3188,-1167,428,-280,-14200,-1920,7332,-450,407,40,0
2476.771049976349,10032,3444,11820,-208,-201,141,9708,-10916,7648,62,18,-376,-14724,5788,3180,-1041,40,-500,-14776,-2016,7256,-577,189,-230,0
2476.80472111702,10488,3636,11932,-67,-71,-101,9880,-10672,7952,-56,400,-200,-14812,5716,3052,-954,-2,-144,-14680,-2044,7244,-565,-22,-398,0
2476.8382680416107,10344,3584,11920,-134,59,-201,9520,-10644,8124,30,400,-152,-14452,5668,2920,-867,-319,-53,-14364,-1904,7252,-578,-47,-420,0
2476.871735095978,9968,3732,11708,-222,95,-123,9208,-10696,7924,129,234,-181,-13984,5664,3032,-895,-141,-27,-14144,-1948,7276,-488,61,-247,0
2476.9049539566045,9876,3700,11736,-279,-78,16,9192,-10324,7496,-121,320,-150,-13940,5736,2976,-887,-6,-73,-13988,-1972,7280,-367,118,-91,0
2476.938605070114,9744,3724,11740,-475,-182,139,9044,-10556,7872,-90,196,-207,-14032,5888,2944,-951,200,-83,-14164,-1928,7260,-326,227,53,0
2476.972244977951,9744,3556,11804,-531,-236,269,9208,-10696,7972,-67,107,-224,-14060,5944,2964,-1022,304,-88,-14200,-1880,7444,-365,506,173,0
2477.0056941509247,9712,3596,11892,-431,-303,415,8992,-10704,7888,-148,100,-188,-14040,5988,3028,-1052,478,-95,-14092,-2016,7464,-417,295,277,0
2477.0392351150513,9736,3584,11932,-341,-280,512,9060,-10944,7940,-213,-30,-201,-13892,5928,3112,-1279,544,-104,-14296,-1960,7384,-405,215,249,0
2477.072973012924,9936,3456,11828,-326,-313,445,9324,-10596,7916,-264,-79,-241,-14348,5864,3072,-947,477,-102,-14444,-2008,7276,-420,168,131,0
2477.106682062149,10068,3552,11784,-306,-283,315,9404,-10620,7904,-294,47,-216,-14476,5772,3132,-891,324,-98,-14368,-1932,7196,-421,134,81,0
2477.1396839618683,10100,3320,11648,-378,-212,239,9412,-10616,7756,-275,70,-216,-14364,5752,2796,-864,237,-81,-14400,-1792,7196,-372,141,72,0
2477.177598953247,10096,3396,11708,-382,-241,244,9368,-10692,7932,-507,73,-509,-14320,5736,2628,-889,332,-84,-14316,-1636,7196,-315,188,95,0
2477.2123510837555,10092,3188,11632,-402,-202,233,9240,-10712,7468,-236,-50,-283,-14436,5908,2832,-902,272,-101,-14428,-1532,7224,-343,209,51,0
2477.2481811046605,10164,3120,11680,-307,-202,224,9532,-10824,7724,-219,-59,-214,-14400,6032,2576,-980,178,-42,-14344,-1464,7260,-448,146,-11,0
2477.2837409973145,10216,3124,11940,-173,-127,504,9416,-10912,7564,-47,-33,-145,-14228,5992,2840,-1001,202,-29,-14236,-1600,7340,-529,74,-67,0
2477.319257974624,10008,3088,11632,-55,22,210,9280,-10756,7652,-52,36,-72,-14360,6036,2924,-1081,79,22,-14332,-1584,7408,-552,71,-110,0
2477.3542160987854,10036,3200,11820,-163,19,139,9436,-10676,7852,12,195,250,-14092,5896,2832,-1060,54,30,-14400,-1760,7404,-529,-249,-135,0
2477.3897500038147,10008,3376,11736,-150,144,125,9300,-10676,7704,63,189,33,-14232,5924,2964,-1053,85,42,-14284,-1856,7244,-525,-11,-153,0
2477.4251499176025,10040,3304,11860,-123,106,103,9376,-10804,7480,15,202,-24,-14088,5864,2952,-1068,80,-253,-14348,-1884,7264,-502,69,-176,0
2477.4611740112305,10048,3488,11932,-129,-251,25,9452,-10524,7768,-20,228,-117,-14444,5848,2872,-1043,-50,-92,-14228,-1788,7308,-546,120,-283,0
2477.4976511001587,9952,3324,11884,-53,-49,-79,9252,-10904,7780,-23,251,-199,-14300,5940,2928,-1029,-134,-151,-14232,-1724,7608,-602,165,-329,0
2477.532823085785,9752,3208,12004,24,-34,-105,9428,-10884,7724,65,267,-226,-14236,5996,2936,-1089,-104,-194,-14328,-1756,7424,-597,179,-352,0
2477.5675880908966,9928,3296,11696,49,-255,-108,9388,-10716,7836,131,267,-244,-14268,5900,3032,-1060,-121,-185,-14364,-1740,7204,-579,186,-388,0
2477.6033170223236,10128,3320,11664,60,31,-141,9380,-10560,7692,140,298,-183,-14512,5824,2904,-1069,-151,-193,-14544,-1784,7336,-611,127,-389,0
2477.6387300491333,10084,3384,11636,22,52,-73,9316,-10580,7908,164,296,-133,-14256,5900,2920,-1075,-152,-57,-14320,-1720,7292,-615,87,-369,0
2477.6738810539246,9980,3528,11540,34,62,-41,9212,-10640,7892,133,257,-132,-14244,5764,2960,-1070,-101,-73,-14352,-1908,7420,-622,61,-277,0
2477.7091591358185,9896,3552,11772,-34,66,47,9260,-10604,7800,39,175,-144,-14212,6096,2976,-1077,0,-26,-14288,-2004,7264,-575,105,-166,0
2477.7449960708614,9952,3488,11788,-129,-23,53,9244,-10688,8132,58,160,-122,-14192,6100,3248,-1014,-7,-25,-14204,-2000,7212,-554,82,-152,0
2477.7805819511414,9800,3836,11896,-178,-22,86,9128,-10704,7900,41,120,-109,-14040,5972,3280,-1038,89,-44,-14136,-2016,7468,-561,99,-88,0
2477.8161890506744,9800,3588,11940,-162,-51,165,9096,-10720,7776,6,72,-126,-14104,5632,3424,-1013,135,-50,-13904,-2036,7468,-553,116,-49,0
2477.849944114685,9692,3548,11856,-181,-111,206,9076,-10744,7916,-17,3,-203,-14128,5856,3196,-987,195,-83,-14224,-1960,7388,-541,190,-37,0
2477.883342027664,9840,3488,11808,-177,-161,198,9456,-10932,8116,-10,20,-261,-14232,5864,2928,-989,215,-147,-14244,-2004,7380,-556,220,-43,0
2477.9166309833527,10228,3388,11760,-181,-199,145,9264,-10504,7800,24,45,-321,-14260,6052,2964,-997,188,-213,-14256,-1904,7272,-527,272,-79,0
2477.950000047684,10224,3388,11840,-221,-197,140,9412,-10664,7932,-10,-9,-324,-14276,5888,3088,-947,189,-153,-14424,-1924,7444,-520,260,-72,0
2477.9832460880284,10048,3368,11764,-5,-507,143,9392,-10544,7732,-43,39,-282,-14276,5784,2988,-925,141,-96,-14376,-1832,7400,-464,150,-69,0
2478.0169661045074,10192,3376,12008,-295,-178,144,9456,-10608,7652,-89,131,-207,-14156,5672,3028,-938,103,-110,-14580,-1544,7260,-466,145,-100,0
2478.0503339767456,10036,3548,11752,-281,-189,155,9348,-10628,7744,0,173,-173,-14296,5844,2632,-1005,83,-106,-14256,-1888,7196,-392,119,-106,0
2478.0838890075684,10212,3400,11672,-511,-150,150,9284,-10584,7788,53,186,-200,-14160,5808,3028,-996,147,-146,-14232,-1912,7268,-403,233,-137,0
2478.1174581050873,10036,3420,11700,-201,-172,115,8964,-10620,7716,51,210,-242,-14320,5664,3244,-1279,165,-166,-14296,-2016,7168,-422,270,-136,0
2478.150978088379,10008,3440,11608,-149,-193,54,9300,-10344,7856,-12,236,-285,-14280,5784,3284,-1000,135,-211,-14276,-2056,7272,-425,277,-158,0
2478.184283018112,9988,3568,11792,-176,-224,85,9300,-10424,7904,-16,193,-274,-14236,5692,3100,-1041,176,-177,-14256,-2076,7364,-358,216,-114,0
2478.2179770469666,10076,3640,11668,-191,-121,107,9272,-10368,7908,-63,509,-223,-14180,5756,3192,-770,168,-159,-14344,-1932,7272,-390,185,-77,0
2478.251466035843,10040,3604,11624,-254,-128,121,9248,-10604,7808,-43,120,-187,-14256,5796,3008,-994,183,-69,-14436,-1556,7252,-416,144,-2,0
2478.28498005867,10188,3480,11704,-227,-96,208,9292,-10624,7788,-110,243,-181,-14372,5860,2976,-1010,198,23,-14420,-1780,7288,-429,37,-36,0
2478.3185610771175,10160,3304,11676,-170,-44,210,9496,-10692,7780,-151,-45,-131,-14424,5920,2996,-956,145,61,-14416,-2004,7236,-502,58,-57,0
2478.3520779609685,10076,3288,11840,-191,-41,195,9272,-10744,7848,-119,-20,-123,-14236,5924,3000,-919,135,36,-14232,-1700,7348,-515,61,-58,0
2478.385582923889,10000,3332,11692,-154,-31,191,9456,-10680,7688,-106,19,-127,-14216,5668,2900,-990,142,237,-14276,-1724,7316,-511,78,-69,0
2478.418986082077,10036,3240,11664,-177,-62,193,9296,-10764,7868,-86,79,-148,-14184,6040,2860,-1008,140,234,-14196,-1788,7236,-465,131,-61,0
2478.4524540901184,9936,3260,11840,-203,-44,154,9236,-10700,7688,-18,40,-181,-14320,5932,3108,-1019,157,-55,-14192,-1776,7412,-415,168,-100,0
2478.486006975174,9936,3348,11988,-191,-126,149,9244,-10828,7604,-32,173,-199,-14220,5872,3144,-990,133,-89,-14232,-1804,7472,-422,209,-51,0
2478.519627094269,9948,3144,11892,-239,-175,159,9164,-10748,7888,11,49,-214,-14320,6008,3104,-1036,284,-133,-14232,-1904,7544,-417,203,28,0
2478.5532281398773,9728,3336,11812,-174,-137,218,9272,-10536,7772,-140,107,-178,-14368,5784,3056,-966,216,-111,-14284,-1912,7400,-410,205,-44,0
2478.586848974228,9948,3388,11888,-155,-166,153,9420,-10648,7824,-162,107,-228,-14164,5860,3144,-936,200,-96,-14268,-1904,7012,-393,194,-24,0
2478.6201310157776,10052,3548,11528,-293,-130,186,9252,-10516,7960,-56,3,-252,-14116,5772,2960,-898,231,-43,-14404,-1960,7312,-394,185,-253,0
2478.653702020645,10064,3516,11788,-282,-116,246,9288,-10512,7884,-70,-61,-183,-14392,5692,3140,-949,318,-71,-14372,-1936,7344,-386,137,73,0
2478.6873641014095,10140,3556,11708,-281,-100,272,9224,-10508,7548,-239,98,-85,-14400,5628,2992,-962,267,-34,-14408,-1756,7360,-426,112,72,0
2478.7210841178894,10224,3564,11756,-269,-130,262,9724,-10632,7692,-309,76,-118,-14572,5832,2756,-922,233,232,-14236,-1700,7164,-434,101,44,0
2478.7544679641724,10136,3276,11640,-256,-122,222,9496,-10788,7692,-232,112,-130,-14468,6124,2744,-1018,188,-29,-14108,-1596,7292,-449,135,-72,0
2478.788129091263,10204,3160,11552,-156,-86,166,9492,-10692,7680,-150,83,-103,-14480,6068,3040,-1067,98,-243,-14400,-1544,7304,-530,88,-131,0
2478.821433067322,10208,3140,11696,-98,15,127,9216,-10860,7632,-62,192,-63,-14312,5968,2852,-1049,22,-38,-14328,-1724,7392,-568,85,-199,0
2478.8592290878296,10100,3248,11676,-66,16,62,9348,-10720,7432,-252,249,-115,-14264,5932,2848,-1060,-7,-47,-14244,-1764,7404,-533,102,-192,0
2478.8943910598755,10028,3244,11716,-126,12,59,9352,-10776,7452,5,511,-126,-14308,6036,2864,-1066,-2,-19,-14096,-1780,7232,-510,117,-190,0
2478.9295949935913,10016,3236,12024,-158,-17,75,9252,-10780,7552,-147,280,-125,-14292,5920,3032,-998,20,-52,-14148,-1748,7532,-481,120,-140,0
2478.965037107468,9996,3292,11812,-170,-76,66,9168,-10796,7704,-104,196,-148,-14164,5996,3224,-1010,83,-28,-14156,-1772,7480,-447,115,-99,0
2479.0009241104126,9760,3300,11964,-179,-84,121,9128,-10772,7664,-113,150,-183,-14256,6012,2876,-971,84,-42,-14316,-1696,7620,-498,101,-104,0
2479.0371489524846,10060,3272,11820,-114,-39,96,9288,-10792,7744,-125,232,-162,-14320,5940,2952,-947,67,-112,-14260,-1672,7436,-511,116,-151,0
2479.072293996811,10012,3280,11804,-98,-50,57,9404,-10844,7792,28,293,-178,-14416,6108,2848,-1013,33,-143,-14572,-2024,7344,-527,234,-228,0
2479.1086490154266,10016,3372,11688,-54,-125,-2,9320,-10636,7652,-17,445,-233,-14296,5836,3020,-775,-7,-233,-14160,-1848,7256,-521,234,-262,0
2479.1434779167175,9988,3452,11604,-98,-154,-47,9312,-10532,8156,-94,522,-221,-14184,5676,2920,-777,-4,-228,-14276,-1948,7348,-494,270,-205,0
2479.1787300109863,10160,3452,11324,-126,-177,-36,9368,-10608,7888,-286,591,-275,-14296,5848,2964,-1007,0,-193,-14220,-1812,7216,-479,508,-222,0
2479.220202922821,10148,3432,11660,-54,-218,-14,8812,-11020,5916,812,2597,-1248,-14160,5884,2820,-1003,66,-146,-14276,-1788,7612,-521,213,-209,0
2479.2561509609222,10060,3360,11720,-33,-171,29,9068,-10628,8340,1757,2023,-1488,-14344,5968,2976,-1011,101,-86,-14356,-1708,7360,-548,95,-144,0
2479.291862010956,10072,3168,11764,-38,-41,104,9076,-10552,8396,205,675,-441,-14228,6004,2876,-1068,50,-32,-14248,-1812,7424,-596,63,-137,0
2479.3274350166325,9768,3340,11904,-61,20,91,9128,-10612,7780,-483,903,-221,-14188,5904,3060,-1274,42,-50,-14140,-1724,7216,-561,72,-147,0
2479.3635430336,10064,3328,11876,-71,-29,86,9032,-10500,7716,-769,1694,-470,-14256,5812,2932,-975,52,-60,-14204,-1732,7348,-543,162,-149,0
2479.39869594574,10032,3404,11832,-103,-177,50,8976,-10532,8128,-1075,1100,-71,-14212,5848,2740,-959,120,-180,-14216,-1944,7656,-457,209,-160,0
2479.4338190555573,10220,3380,11832,-218,-139,63,8980,-10712,8092,-585,744,-192,-14200,5876,2844,-1033,101,-156,-14320,-1872,7320,-429,244,-162,0
2479.4691820144653,10048,3468,11964,-102,-177,42,8756,-10848,8056,-558,876,-374,-14252,5928,2904,-1012,178,-219,-14560,-1852,7400,-502,254,-142,0
2479.5047409534454,9732,3396,11936,-73,-155,43,9096,-10536,7588,-1420,1737,-336,-14496,5844,2904,-991,39,-212,-14380,-1884,7320,-501,220,-219,0
2479.538274049759,10200,3388,11896,31,-121,-56,8796,-10952,8296,-225,1503,-822,-14260,5956,2892,-1039,89,-157,-14248,-1864,7252,-260,160,-205,0
2479.5717809200287,10112,3500,11732,14,-91,-8,9072,-10568,7440,280,2309,-1518,-14444,5820,3132,-1041,-12,-88,-14348,-1952,7336,-561,197,-229,0
2479.6052870750427,10064,3484,11640,48,-144,19,8552,-10544,8344,-238,2551,-1305,-14144,6068,3036,-1037,58,-159,-14200,-1820,7220,-503,224,-163,0
2479.6385519504547,10064,3748,11324,250,-154,162,7800,-10292,8224,-1642,2500,-276,-14136,5720,3008,-1081,297,-83,-14220,-1940,7304,-446,164,-45,0
2479.6720530986786,10072,3548,11796,-157,-184,145,8848,-10456,8616,-3820,1118,898,-14076,5824,2908,-913,151,-48,-14412,-1872,7372,-464,101,-43,0
2479.7056789398193,10072,3564,11660,-303,-91,191,9008,-10920,9188,262,188,-303,-14372,5748,2972,-1058,119,-256,-14420,-1832,7236,-471,106,-33,0
2479.739222049713,10172,3608,11860,-164,-34,195,8880,-10992,8448,1393,-705,-635,-14372,5820,2964,-1107,93,-66,-14344,-1856,7252,-555,145,-67,0
2479.772644996643,10168,3572,11788,-45,-41,138,8452,-10404,8232,1022,-1760,-310,-14260,5804,2584,-913,6,-82,-14120,-2020,7172,-537,51,-143,0
2479.8061430454254,10052,3456,11568,-214,73,113,8600,-10624,7492,-1194,-1840,511,-14232,5736,3032,-937,78,-46,-14160,-1832,7272,-458,86,-119,0
2479.8397269248962,10084,3400,11688,-240,-39,50,8736,-11004,7896,-147,-676,89,-14176,5840,3016,-926,82,-10,-14272,-2048,7344,-390,116,-110,0
2479.8732850551605,9972,3528,11836,-235,36,94,9192,-10984,8164,676,1019,-359,-14240,5972,2828,-975,-16,-4,-14356,-1744,7328,-462,105,-126,0
2479.9065840244293,10196,3424,11692,-169,34,124,8620,-11212,8300,3051,9,-1091,-14552,5920,2608,-1003,205,-89,-14288,-1744,6956,-768,83,-157,0
2479.939887046814,10176,3192,11720,-255,100,32,9240,-10904,8068,943,-1015,-414,-14472,5956,2848,-1022,-63,-140,-14220,-1896,6980,-640,123,-306,0
2479.9731390476227,10176,3404,11520,30,79,-39,8920,-10716,7652,587,351,-282,-14212,6020,2988,-1170,53,-136,-14188,-2012,7352,-665,210,-289,0
2480.0066940784454,9956,3232,11944,223,75,-117,8932,-10604,7692,-132,1071,-318,-14256,5664,2724,-1176,246,-163,-14324,-1648,7376,-735,160,-326,0
2480.0401520729065,10208,3580,11592,231,3,-123,9120,-10628,8556,-317,160,-132,-14400,5944,2964,-1108,-105,-167,-14472,-1576,7640,-639,77,-376,0
2480.0734169483185,10312,3500,11848,84,214,-85,9044,-10616,8272,-281,110,184,-14332,5856,3272,-1154,-208,-42,-14408,-2000,7596,-659,19,-396,0
2480.1070840358734,9808,3676,11584,-256,183,-66,8624,-10644,8360,-949,-169,555,-13848,5872,3160,-1103,-107,-28,-14168,-2096,7200,-646,92,-288,0
2480.1402730941772,9916,3792,11864,-26,96,13,8572,-10576,8172,-895,-555,402,-13976,5708,3276,-1059,48,-70,-14036,-2180,7180,-551,134,-136,0
2480.1736280918126,9816,3612,11708,-60,-57,131,8760,-10508,8088,-1503,136,499,-14124,5760,3228,-953,81,-43,-14392,-2160,7208,-420,88,-68,0
2480.2072401046753,9776,3876,11672,-304,-80,121,8652,-10856,8572,-413,-529,18,-14100,5716,3292,-875,135,-62,-14068,-2180,7332,-312,175,-13,0
2480.2407670021057,9780,3896,11908,-406,-99,157,8356,-10576,8132,166,-989,-46,-14056,5640,3228,-861,274,-76,-14272,-2156,7664,-295,262,167,0
2480.2737691402435,9816,3880,11948,-308,-230,326,8580,-10592,8020,-446,-762,-114,-14024,5860,2992,-863,497,-54,-14332,-2068,7180,-327,270,415,0
2480.307307958603,9900,3940,11912,-333,-389,587,8792,-11020,8500,-268,-1388,-282,-14244,5900,2928,-699,671,54,-14496,-2088,7200,-352,119,504,0
2480.3407099246974,10112,3704,11728,-498,-333,690,9104,-10676,7924,413,-1904,-349,-14408,6116,3232,-543,652,223,-14340,-1584,7556,-317,-141,449,0
2480.3741071224213,10172,3552,11660,-616,-219,795,9120,-10788,7536,305,-2560,8,-14352,5916,3076,-605,609,374,-14308,-1636,7284,-396,-250,411,0
2480.407402038574,10180,3216,11512,-259,-42,824,9336,-10896,7604,292,-1442,218,-14388,5684,2940,-816,556,274,-14156,-1552,7320,-558,-256,315,0
2480.4409930706024,10108,3320,11560,-299,46,721,9336,-10808,7772,1135,-1394,-157,-14084,5740,2616,-1040,476,118,-14164,-1636,7240,-646,-86,217,0
2480.4746811389923,10060,3124,11716,-155,-255,568,9508,-10688,7208,572,-1044,31,-14280,5520,2884,-1129,414,45,-13908,-1760,6964,-581,66,69,0
2480.5106410980225,10016,3216,11672,-117,-53,318,9640,-10740,7384,452,-404,-203,-14140,5636,2872,-1191,314,-134,-14052,-1712,7416,-451,307,49,0
2480.5459411144257,9864,3208,12272,-216,-147,199,9252,-10940,7528,678,-489,-495,-14132,6396,2584,-1157,405,-172,-14188,-1620,7664,-338,356,56,0
2480.5812520980835,9804,3220,11936,-231,-189,189,9328,-10876,7312,286,-515,-405,-14200,6384,2736,-1048,481,-215,-14200,-1288,7620,-311,327,65,0
2480.617581129074,10032,3004,11832,-216,-225,168,9532,-10912,7324,25,-281,-387,-14392,6352,2648,-928,267,-62,-14348,-1368,7736,-392,135,-40,0
2480.652439117432,10256,3044,11764,-175,-28,152,9624,-10824,7500,10,-148,-227,-14412,6284,2608,-915,139,-17,-14440,-1368,7512,-449,-16,-96,0
2480.687642097473,10388,3192,11864,-235,124,119,9616,-10232,7852,334,-283,-45,-14460,6132,2604,-924,90,255,-14312,-1448,7484,-509,-36,-164,0
2480.7237429618835,10192,3300,11660,-147,135,104,9704,-11016,7424,1,-16,12,-14320,6060,2540,-1003,58,-22,-14232,-1400,7348,-582,34,-137,0
2480.7588469982147,10044,3280,11688,-142,60,150,9560,-10620,7772,437,61,-64,-14296,5932,2648,-1129,192,-108,-14216,-1688,6920,-519,145,-113,0
2480.793990135193,10036,3532,11684,-117,29,165,9532,-10464,7592,166,82,-99,-14224,5688,2800,-1141,203,-160,-14192,-1748,7416,-508,207,-67,0
2480.829626083374,10104,3444,11720,-189,-90,195,10172,-10504,7572,26,111,-46,-14236,5724,2936,-1129,198,-77,-14544,-1880,7172,-519,156,-61,0
2480.8651361465454,10108,3680,11768,-183,-20,206,9564,-10404,7912,-25,14,-102,-14324,5616,2940,-1084,267,-39,-14468,-2068,7180,-457,62,-11,0
2480.9004621505737,10056,3596,11540,-199,-80,224,9584,-10248,7744,-161,-19,-88,-14424,5720,2952,-1274,165,37,-14152,-1860,7408,-476,44,-78,0
2480.9354951381683,10068,3540,11716,-221,-20,145,9500,-10644,7752,-124,-102,-100,-14400,5932,2684,-958,32,55,-14536,-1988,7460,-496,-14,-133,0
2480.9709010124207,10184,3524,11900,-130,45,101,9428,-10748,7628,-163,-130,-184,-14152,5996,3060,-913,50,38,-14132,-1636,7472,-485,39,-139,0
2481.006021022796,9828,3212,11800,-119,255,90,9712,-10736,7492,-118,-48,-221,-14148,6088,2580,-936,125,-40,-14140,-1428,7504,-431,119,-54,0
2481.041706085205,9900,3176,11824,-145,-83,102,9592,-10880,7604,-117,81,-215,-14316,5896,2632,-888,216,-37,-14248,-1352,7684,-381,167,-46,0
2481.077791929245,10040,3100,11620,-185,-128,157,9592,-10796,7264,-141,-14,-250,-14320,6368,2488,-891,162,-104,-14300,-1284,7508,-423,225,-8,0
2481.1128051280975,10144,3036,11812,-184,-156,177,9544,-10928,7284,-66,107,-144,-14332,6184,2756,-940,144,-59,-14392,-1284,7452,-475,124,-76,0
2481.1487579345703,10024,3020,11924,-184,-22,185,9664,-10760,7460,-5,121,-69,-14524,6168,2620,-1013,66,234,-14356,-1456,7492,-546,46,-123,0
2481.184648990631,10188,3152,11672,-151,74,138,9764,-10708,7532,66,241,17,-14396,6100,2792,-1080,-22,59,-14588,-1568,7276,-570,16,-165,0
2481.2181820869446,10072,3304,11960,-3,105,132,9484,-10644,7604,107,286,28,-14116,6060,2664,-1100,11,43,-14208,-1608,7456,-554,62,-139,0
2481.251755952835,9864,3420,11868,-281,-7,143,9424,-10948,7560,141,252,-17,-14068,5956,2808,-1107,79,-76,-13960,-1600,7488,-512,120,-96,0
2481.285313129425,9704,3496,11640,-4,-117,181,9240,-10576,7732,93,508,-128,-14060,6004,2844,-1125,201,-145,-14136,-1860,7352,-477,218,-48,0
2481.318952083588,9548,3552,11836,-237,-177,507,9272,-10556,7684,-16,142,-193,-14132,5920,2868,-1011,311,-148,-14200,-1908,7564,-387,254,60,0
2481.352352142334,10220,3496,11916,-301,-226,234,9428,-10504,7704,-121,77,-510,-14268,5884,2732,-924,507,-103,-14296,-1872,7448,-344,249,15,0
2481.385807991028,9956,3492,11780,-436,-261,219,9716,-10556,7660,-153,102,-245,-14236,5964,2764,-883,237,-92,-14256,-1716,7436,-261,261,43,0
2481.419335126877,9780,3432,11796,-469,-280,263,9232,-10720,7592,-183,-2,-2,-14184,6052,2764,-878,341,-123,-14156,-1628,7556,-325,260,158,0
2481.4527790546417,10036,3212,11736,-382,-301,331,9432,-10756,7600,-220,-389,-343,-14240,6096,2620,-969,468,-133,-14256,-1428,7492,-343,304,188,0
2481.4860689640045,10140,2820,11564,-229,-282,327,9808,-10536,7420,-266,-273,-342,-14352,5960,2424,-882,470,-149,-14360,-1360,7284,-368,269,115,0
2481.5197091102605,10396,2960,11744,-204,-5,277,10036,-10516,7296,-510,-238,-323,-14648,5928,2740,-909,261,-89,-14556,-1212,7252,-379,153,-21,0
2481.5531709194183,10552,2892,11664,-237,-129,172,9924,-10796,7204,-186,-19,-186,-14580,6380,2332,-967,93,-58,-14412,-1232,7224,-440,79,-139,0
2481.586879014969,10280,2916,11832,-229,-15,130,10232,-10736,8444,109,-541,-24,-14416,6108,2216,-981,36,38,-14548,-1224,7352,-483,-16,-180,0
2481.620516061783,10328,3064,11692,-167,191,131,9772,-10728,7156,-55,106,38,-14444,6136,2572,-998,-62,96,-14392,-1084,7324,-485,-77,-219,0
2481.653562068939,10460,2860,11832,-67,168,24,9660,-10852,7296,-253,211,27,-14360,6288,2632,-1135,-117,50,-14108,-1508,7456,-542,-8,-285,0
2481.6871480941772,10096,3240,11720,-12,206,-48,9848,-11044,7344,-25,643,30,-14488,6100,2668,-1053,-129,-28,-14276,-1496,7468,-550,28,-380,0
2481.720822095871,10120,3156,11832,45,168,-184,9124,-10712,7024,-298,1513,89,-14356,5968,2684,-1143,-284,-76,-14176,-1548,7508,-590,79,-445,0
2481.754405975342,10016,3172,11896,34,56,-250,9924,-11472,8536,-786,1613,218,-14508,5988,2844,-1043,-368,-128,-14208,-1604,7572,-531,177,-478,0
2481.7879319190974,9916,3264,11980,-23,-45,-323,11100,-11068,7416,-807,1827,99,-14248,6140,2660,-1052,-350,-144,-14236,-1732,7640,-453,151,-451,0
2481.821609020233,9744,3364,11876,-117,74,-244,8780,-10896,6904,-25,652,110,-14204,6168,2968,-1025,-174,-146,-14148,-1648,7908,-488,181,-367,0
2481.855001926422,9896,3520,11896,-137,35,-210,10544,-11652,6440,540,-91,-85,-14144,6240,2836,-1075,-147,-181,-14152,-1708,7540,-492,153,-336,0
2481.8887231349945,9924,3332,12012,-79,51,-174,9192,-10604,7116,-413,803,240,-14308,6080,2932,-1125,-80,-230,-14068,-1504,7476,-509,329,-312,0
2481.9223549366,9916,3168,11776,-168,-203,-230,9072,-10860,7112,-929,1568,424,-14196,6092,2804,-1117,-143,-368,-14188,-1580,7496,-477,485,-355,0
2481.9555830955505,9760,3580,11844,-173,-315,-219,9160,-10768,8008,-321,1658,408,-14112,6148,2760,-1126,-252,-378,-14224,-1760,7488,-438,497,-512,0
2481.989001989364,9904,3392,11860,-185,-403,-138,9028,-10948,7820,-24,943,-179,-14448,6040,3012,-1085,118,-470,-14316,-1760,7528,-492,538,-222,0
2482.022495985031,10036,3436,11836,-93,-444,-156,9380,-10584,7920,-206,1214,-472,-14116,5828,2812,-1042,9,-413,-14500,-1724,7264,-450,422,-243,0
2482.055850028992,10208,3440,11848,-147,-364,-133,9144,-10792,8084,865,421,-570,-14512,5844,2584,-981,-39,-340,-14308,-1768,7116,-433,361,-308,0
2482.0894510746,10128,3512,11640,-310,-216,-185,9220,-10488,7840,1363,29,-576,-14400,5880,2880,-888,-225,-298,-14396,-1828,7212,-389,239,-421,0
2482.122931957245,10256,3412,11532,-292,-188,-319,8812,-10424,7612,479,420,-400,-14252,5920,2928,-935,-242,-491,-14452,-1764,7212,-355,246,-445,0
2482.1562530994415,10156,3436,11648,-373,-69,-336,9136,-10924,7900,312,539,-304,-14304,5980,2940,-959,-319,-225,-14352,-1656,7280,-379,206,-417,0
2482.1921961307526,9988,3264,11784,-192,-34,-313,8496,-10428,7668,171,525,-318,-14244,6040,2920,-980,-264,-217,-14592,-1408,7348,-466,244,-361,0
2482.2280271053314,10100,3516,11796,-254,-126,-207,9308,-10692,7988,203,1118,-96,-14188,5876,2592,-1074,-245,-166,-14448,-1788,7416,-481,199,-269,0
2482.2630400657654,9956,3564,11684,-390,-38,-8,8800,-10728,8388,1017,590,-219,-14184,5676,2912,-1009,-15,-84,-14248,-1612,7228,-446,137,-151,0
2482.298295021057,9900,3572,11672,-317,-122,85,8828,-10496,8088,509,679,-5,-14336,5848,3032,-1277,62,-78,-14252,-1612,7260,-458,118,-80,0
2482.333918094635,10016,3540,11620,-370,-140,181,8748,-10536,8192,949,311,-205,-14304,5820,3104,-1059,84,-19,-14420,-1784,7376,-457,107,-35,0
2482.3694100379944,10152,3720,11720,-274,-136,244,8992,-10648,8472,502,-757,-372,-14556,5812,3204,-1005,176,-50,-14404,-1952,7232,-533,79,-1,0
2482.404371023178,9976,3808,11716,-223,-94,290,8892,-10492,8020,239,-569,-404,-14240,5808,3080,-999,235,-46,-14208,-1928,7376,-497,107,25,0
2482.439523935318,9876,3400,11612,-315,-57,342,8892,-10768,8624,418,-675,-658,-13848,5744,2868,-1005,442,-126,-14132,-1860,7212,-495,189,127,0
2482.4748110771175,9804,3304,11644,-187,-166,316,9524,-11308,7448,727,1102,-1830,-14224,5864,2916,-998,482,-186,-14152,-1684,7364,-480,284,52,0
2482.5106410980225,10052,3168,11972,-192,-316,310,9516,-10240,8484,1175,-222,-1536,-14304,5748,3000,-1022,453,-211,-14284,-1804,7368,-387,248,33,0
2482.546113014221,10156,4220,11632,-513,-228,79,9688,-11640,8736,-2256,727,4210,-14296,5408,2764,-967,503,-126,-14332,-1620,7248,-508,230,-20,0
2482.5817320346832,10172,3228,11668,-6,-269,200,11536,-5076,6732,4202,483,76,-14708,6252,2836,-913,160,-98,-14472,-1396,7240,-474,17,-51,0
2482.6176879405975,10272,3260,11872,-152,65,170,9320,-10572,7872,-169,-377,225,-14368,5864,2808,-1006,231,-225,-14576,-1544,7308,-484,37,-32,0
2482.65242600441,10188,3444,11624,-83,62,191,9524,-10152,8164,-907,1109,236,-14208,5964,2304,-1057,177,31,-14368,-1500,7304,-475,-35,-66,0
2482.687704086304,10172,3268,11672,-166,108,229,9392,-10420,8476,-844,-475,530,-14324,5972,2716,-1044,245,80,-14228,-1604,7336,-520,-50,-23,0
2482.723392009735,10088,3312,11636,-136,109,272,9240,-10652,8056,-137,-1448,174,-14448,5940,3064,-1088,223,8,-14580,-1624,7424,-556,-9,-85,0
2482.7588551044464,10116,3208,11892,-4,141,224,9268,-10680,8120,522,-1605,-46,-14364,5856,2904,-1112,119,24,-14328,-2024,7304,-634,-3,-123,0
2482.7939109802246,10084,3436,11688,35,134,186,9160,-10636,7620,-90,-1212,-157,-14248,6124,3100,-1127,31,6,-14184,-1540,7384,-685,-5,-217,0
2482.8310511112213,10024,3316,12044,65,52,29,9272,-10472,7776,-92,376,167,-14344,5928,2816,-1057,-182,59,-14192,-1748,7524,-567,33,-265,0
2482.8647100925446,9940,3392,11956,-94,250,-13,9288,-10704,8052,-126,622,131,-14316,5956,2948,-1021,-151,-16,-14200,-1668,7456,-590,70,-290,0
2482.89792394638,9956,3456,11692,-119,77,53,9208,-10592,8180,134,23,22,-14240,5888,2896,-1065,18,-33,-14128,-1844,7384,-572,29,-185,0
2482.9314191341405,9972,3464,11708,-253,48,116,9204,-10644,8068,-34,-163,-70,-13908,5900,2860,-1032,113,-29,-14176,-1792,7360,-575,66,-109,0
2482.9648520946503,9952,3520,11692,-48,-254,154,9392,-10648,7904,-139,-321,-145,-14160,6004,2856,-1048,261,-33,-14164,-1768,7316,-483,106,-53,0
2482.998062133789,9964,3544,11872,-90,-256,190,9280,-10488,7708,-250,-126,-132,-14588,6140,2940,-970,201,-38,-14384,-1652,7468,-455,87,-68,0
2483.0315959453583,10156,3292,11728,-141,-26,131,9428,-10576,7904,485,46,-168,-14104,5924,2448,-1272,29,61,-14244,-1820,7380,-440,19,-171,0
2483.064980983734,10016,3196,11812,-180,30,107,9240,-10592,7676,-126,385,56,-14316,5908,2696,-913,-39,17,-14308,-1608,7176,-424,31,-186,0
2483.1008961200714,9972,3316,11824,-228,31,23,9248,-10796,7704,-197,361,-28,-14168,6040,2828,-992,-46,-18,-14304,-1696,7292,-465,140,-219,0
2483.1342740058894,9960,3312,11772,-82,-75,-6,9204,-10704,7928,-80,585,-15,-14164,5928,3000,-1060,-40,-71,-14228,-1744,7168,-530,187,-193,0
2483.16766500473,9836,3364,11668,-53,-55,17,9100,-10632,8028,-110,639,-71,-14308,6060,2872,-1086,17,-178,-14232,-1652,7200,-536,2,-221,0
2483.2013809680934,9856,3456,11828,-21,-131,34,8992,-10660,7904,-129,463,-147,-14240,5932,3064,-1073,20,-190,-14204,-1996,7624,-563,290,-198,0
2483.2348680496216,9900,3528,11988,-18,-164,20,9124,-10356,7964,-148,376,-188,-14304,6012,2964,-1046,8,-141,-14256,-1920,7432,-558,218,-213,0
2483.2684450149536,10060,3480,11784,-6,-89,33,8996,-10320,8080,44,422,-142,-14100,5652,2964,-991,247,-54,-14356,-1812,7384,-537,153,-194,0
2483.3019440174103,10236,3528,11524,-108,-55,37,9112,-10628,7848,54,442,-86,-14208,5816,3004,-1005,23,-111,-14312,-1772,7388,-480,144,-165,0
2483.3354899883266,9784,3504,11616,-139,-72,24,9228,-10620,8112,29,509,-110,-14256,5824,2940,-992,49,-83,-14140,-1716,7628,-422,112,-119,0
2483.369236946106,9932,3388,11872,-215,25,64,8944,-10720,8080,61,242,-196,-14256,5900,3076,-978,134,-52,-14280,-1704,7180,-457,130,-126,0
2483.4026770591736,10040,3360,11944,-207,19,109,9060,-10616,8080,72,-15,-225,-14272,5964,3048,-1272,103,-57,-14216,-1580,7652,-474,157,-95,0
2483.4361979961395,10052,3452,11952,-271,-11,116,9184,-10624,8024,149,16,-210,-14296,5676,3028,-976,102,-83,-14356,-1796,7492,-428,149,-89,0
2483.4698209762573,9984,3428,11932,-352,-67,120,9156,-10680,7996,53,53,-213,-14340,6008,3320,-969,107,-89,-14280,-1780,7384,-422,128,-97,0
2483.503315925598,10064,3484,11928,-248,-105,99,9336,-10592,8384,48,-40,-204,-14336,6072,2816,-962,65,-108,-14256,-1796,7464,-534,125,-100,0
2483.536926984787,9856,3400,11764,-150,-78,112,9096,-10520,7988,-21,-191,-289,-14276,5932,2888,-1009,142,-121,-14372,-1732,7284,-517,116,-128,0
2483.570380926132,9884,3372,11868,-134,-58,84,9084,-10604,7704,-72,-195,-266,-14156,5864,2904,-1003,141,-109,-14228,-1676,7372,-504,162,-125,0
2483.60387301445,9992,3484,11964,-232,-64,117,8972,-10500,8180,62,-56,-284,-14216,5956,3044,-1034,182,-139,-14164,-1820,7508,-457,202,-49,0
2483.6375019550323,9972,3356,11812,-206,-105,111,9208,-10672,8016,54,253,-289,-14240,5916,3064,-1018,198,-175,-14136,-1540,7480,-425,228,-47,0
2483.6710970401764,10096,3412,11960,-275,-113,118,9288,-10640,7936,-13,2,-304,-14236,6124,2912,-978,222,-170,-14384,-1756,7264,-430,205,-18,0
2483.704829931259,10028,3264,11836,-346,-128,173,9288,-10556,8028,-48,45,-511,-14316,5908,3020,-1277,116,-136,-14316,-1640,7312,-466,170,-80,0
2483.7384829521175,10060,3420,11892,-288,-198,95,9420,-10648,7892,-26,199,-208,-14280,5920,2716,-989,153,-130,-14292,-1804,7620,-460,171,-52,0
2483.7719769477844,10004,3452,11652,-394,-108,132,9136,-10488,8088,-42,114,-205,-14204,5968,2976,-991,133,-70,-14296,-1828,7364,-426,167,-74,0
2483.8055260181427,10000,3404,11860,-369,-153,154,9156,-10624,7992,6,110,-226,-14260,5876,2672,-998,156,-120,-14184,-1708,7332,-424,204,-68,0
2483.839297056198,10028,3368,11892,-285,-148,157,9136,-10660,7968,-51,-31,-511,-14280,5844,2788,-1002,145,-191,-14480,-1588,7328,-455,179,-83,0
2483.8753321170807,10020,3408,11804,-259,-144,159,9244,-10464,7972,-17,-18,-252,-14264,5784,2968,-983,156,-90,-14280,-1716,7264,-478,123,-103,0
2483.9111909866333,10192,3400,11772,-275,-119,127,9172,-10584,7804,14,254,-175,-14328,5864,2908,-1027,84,-131,-14288,-1788,7352,-499,172,-102,0
2483.9462480545044,10020,3336,11868,-239,-207,94,9240,-10576,7948,-53,384,-179,-14328,5840,2940,-988,43,-96,-14384,-1592,7280,-447,193,-131,0
2483.982306957245,10092,3248,11764,-252,-236,112,9248,-10424,7816,-28,488,-133,-14224,5988,2868,-964,88,-54,-14324,-1764,7672,-451,186,-131,0
2484.0182409286494,10056,3284,11528,-201,-143,102,9184,-10708,8108,-55,226,-185,-14264,5872,2932,-1003,56,-133,-14232,-1616,7352,-451,184,-148,0
2484.053817033768,10232,3532,11668,-134,-152,83,9100,-10596,8004,-37,45,-207,-14180,5712,3044,-1009,65,-97,-14320,-1680,7192,-260,172,-158,0
2484.0895371437073,9904,3368,11568,-95,253,137,9132,-10496,7860,34,66,-199,-14296,5960,2800,-1053,160,-119,-14320,-1644,7280,-530,197,-122,0
2484.124974012375,10024,3340,11820,-59,-60,133,9068,-10516,7728,23,6,-151,-14232,5740,2908,-1009,125,-62,-14408,-1744,7396,-498,171,-95,0
2484.1604249477386,10180,3372,11736,-194,-75,113,9340,-10736,7720,25,231,-114,-14388,5800,3012,-1003,29,-39,-14396,-1580,7196,-453,98,-144,0
2484.1958661079407,10092,3428,11836,-142,-36,120,9152,-10620,8136,-97,-151,-174,-14332,6048,2832,-974,82,-46,-14184,-1736,7396,-510,66,-143,0
2484.2350609302525,10040,3360,11856,-16,0,131,9164,-10576,8088,17,244,-95,-14236,5932,2832,-1280,59,-65,-14296,-1812,7300,-258,45,-144,0
2484.2713789939885,10036,3392,12016,-115,40,111,9184,-10600,8100,-42,-284,-225,-14368,5868,2900,-949,164,-80,-14116,-1744,7292,-260,144,-107,0
2484.3073151111603,9948,3248,11860,-38,-25,90,9260,-10540,7896,-18,66,-173,-14240,6136,2872,-984,52,-85,-14192,-1624,7496,-496,116,-161,0
2484.3420579433446,10112,3256,11560,-78,-22,83,9236,-10608,7912,-15,317,-105,-14116,5956,2676,-1000,-255,-19,-14320,-1616,7216,-526,99,-213,0
2484.377543926239,10048,3232,11532,-87,53,50,9220,-10796,7956,-18,-6,-197,-14292,5928,2908,-1063,64,-145,-14260,-1616,7468,-542,144,-182,0
2484.412868976593,10024,3408,12020,23,244,82,9224,-10592,7860,62,13,-55,-14156,5948,2952,-1085,15,-240,-14292,-1692,7388,-564,48,-193,0
2484.44881606102,10088,3376,11864,-30,55,90,9172,-10604,8040,30,200,-50,-14264,5896,2784,-1090,53,-27,-14272,-1568,7408,-542,83,-161,0
2484.4840059280396,10028,3444,11740,-71,78,110,9300,-10492,7972,-33,126,-97,-14324,5960,2980,-1101,126,-22,-14284,-1680,7404,-524,60,-176,0
2484.5203030109406,10016,3448,11840,-67,28,105,9220,-10456,7948,3,209,-53,-14352,5900,3048,-1055,37,239,-14320,-1808,7424,-528,60,-192,0
2484.5537900924683,9920,3368,11996,-76,10,92,9076,-10688,8008,-17,-32,-127,-14088,6052,2900,-1018,83,-28,-14264,-1748,7552,-519,74,-183,0
2484.587378025055,9868,3400,11924,-54,11,74,9436,-10728,7952,-93,-21,-169,-14108,5996,2852,-1006,86,-36,-14292,-1796,7432,-527,99,-189,0
2484.620875120163,10200,3404,11836,-19,-40,36,9372,-10540,7772,-37,218,-133,-14300,6080,2592,-1033,-6,-91,-14228,-1692,7368,-503,106,-233,0
2484.6543300151825,9728,3476,11800,-102,-14,22,9188,-10612,8124,-43,-95,-225,-14208,5900,2928,-1014,64,-136,-14208,-1804,7324,-527,165,-195,0
2484.6877229213715,9920,3440,11996,-28,-6,71,9068,-10572,8020,-38,-255,-270,-14212,5888,2972,-1022,126,-163,-14288,-1860,7172,-505,164,-172,0
2484.7213881015778,9732,3472,11924,-50,-28,128,8988,-10600,8028,10,-105,-211,-14200,5988,3004,-1068,166,-70,-14148,-1768,7624,-525,126,-97,0
2484.7548971176147,9756,3404,11880,-72,17,142,9320,-10292,7716,-8,-43,-179,-14308,5928,3068,-1031,125,-54,-14188,-2044,7608,-524,122,-106,0
2484.78843998909,9900,3568,11580,-116,-23,140,9232,-10564,7744,-4,-7,-128,-14300,5972,2776,-1015,118,-57,-14276,-1552,7456,-522,122,-121,0
2484.821960926056,9916,3432,11780,-157,25,141,9304,-10624,7772,-21,-40,-156,-14376,5816,2996,-1021,120,-81,-14348,-1764,7376,-486,105,-115,0
2484.8556549549103,9828,3496,11828,-157,10,117,9260,-10560,7824,-29,170,-99,-14292,5948,3212,-994,93,-27,-14228,-1792,7304,-509,81,-117,0
2484.8891000747685,9956,3308,11824,-249,254,122,9224,-10520,8144,-31,166,-109,-14252,6008,2864,-977,70,-25,-14204,-1724,7524,-477,102,-79,0
2484.9224920272827,9836,3444,11864,-294,-38,146,9260,-10672,7692,-35,71,-186,-14308,5996,3036,-963,124,-87,-14320,-1824,7432,-429,151,-50,0
2484.9562499523163,9776,3488,11904,-510,-133,166,9296,-11000,8156,-106,44,-233,-14244,5980,2912,-960,113,-153,-14252,-1836,7504,-471,231,-41,0
2484.989989042282,9772,3448,12004,-209,-203,128,9276,-10644,7948,-133,34,-237,-14316,5952,2828,-907,105,-165,-14220,-1820,7568,-493,183,-69,0
2485.023644924164,9860,3404,11772,-258,-155,157,9232,-10636,7792,-149,48,-254,-14208,5932,2908,-902,164,-99,-14536,-1560,7444,-464,149,-75,0
2485.0569560527806,9868,3368,11776,-271,-124,140,9240,-10696,7688,-108,15,-238,-14200,6104,2920,-968,174,-81,-14172,-1740,7400,-449,160,-21,0
2485.0905129909515,9972,3456,11876,-342,-102,156,9336,-10668,7836,-40,144,-199,-14252,5928,3056,-988,117,-68,-14224,-1780,7468,-439,127,-34,0
2485.123811006546,10076,3084,12120,-369,-99,116,9272,-10560,7828,-46,383,-165,-14228,5924,2928,-972,102,-108,-14240,-1724,7396,-426,181,-49,0
2485.157287120819,9968,3404,11948,-381,-183,158,9292,-10612,7900,-67,191,-245,-14284,6036,3008,-1007,174,-171,-14208,-1756,7468,-447,221,-24,0
2485.1907839775085,9904,3400,11860,-309,-199,180,9256,-10716,7896,-79,-252,-312,-14240,6008,2816,-1000,224,-155,-14316,-1648,7476,-487,233,-44,0
2485.2241699695587,10024,3564,11704,-235,-206,183,9228,-10640,7692,-38,101,-286,-14296,5888,2832,-997,186,-151,-14240,-1696,7444,-468,235,-34,0
2485.2579419612885,9996,3276,11760,-297,-210,181,9404,-10552,7856,-26,153,-249,-14352,5972,3056,-983,203,-132,-14488,-1788,7540,-443,195,-51,0
2485.291545152664,10036,3344,11740,-302,-184,188,9260,-10508,7788,-42,134,-247,-14276,5932,2820,-1022,197,-146,-14500,-1776,7372,-444,173,-47,0
2485.3249349594116,9996,3324,11800,-282,-135,132,9308,-10620,7896,-35,83,-207,-14336,6072,2864,-1265,157,-139,-14296,-1576,7400,-452,162,-34,0
2485.3586859703064,10048,3380,11624,-510,-167,156,9360,-10736,7872,-36,86,-217,-14304,5916,2964,-993,158,-77,-14252,-1776,7464,-488,133,-95,0
2485.3921139240265,10068,3088,11664,-250,-136,135,9276,-10652,7900,-91,67,-191,-14264,6120,2668,-1010,185,-70,-14284,-1680,7476,-463,145,-72,0
2485.42578291893,10216,3268,11960,-224,-130,150,9204,-10596,7684,-55,38,-201,-14288,5908,2884,-1002,187,-90,-14236,-1704,7336,-489,169,-78,0
2485.459326028824,9784,3516,11548,-175,-98,144,9256,-10708,7844,-54,62,-216,-14308,5856,2808,-772,160,-117,-14272,-1632,7340,-509,125,-90,0
2485.4926991462708,10048,3084,11936,-132,-46,124,9376,-10620,7780,-34,105,-190,-14288,5972,2836,-1051,135,-92,-14300,-1644,7308,-496,141,-117,0
2485.526041030884,10076,3208,11708,-129,-28,124,9324,-10476,7828,-12,147,-132,-14092,5720,2768,-1049,119,-33,-14316,-1768,7240,-767,98,-119,0
2485.5633080005646,9952,3304,11668,-148,10,109,9328,-10512,7972,-25,154,-114,-14260,5864,2816,-773,127,-50,-14284,-1684,7412,-491,78,-86,0
2485.5991389751434,10020,3564,11964,-109,20,127,9324,-10604,7840,0,101,-112,-14416,5928,2904,-1076,124,-46,-14512,-1744,7492,-512,122,-76,0
2485.6339359283447,9892,3376,11876,-112,-11,149,9444,-10544,7908,-67,85,-136,-14088,5676,2956,-1010,113,-58,-14216,-1708,7436,-537,121,-119,0
2485.669511079788,9988,3284,11896,-111,-32,133,9212,-10564,7888,-51,100,-119,-14228,5972,2952,-1008,96,-26,-14212,-1704,7384,-497,103,-142,0
2485.704721927643,9904,3352,11792,-110,-28,113,9276,-10680,7880,-61,82,-156,-14184,5900,2976,-998,134,-40,-14108,-1604,7488,-504,91,-122,0
2485.7403740882874,9952,3308,11804,-71,-25,91,9320,-10668,7804,-21,112,-147,-14556,6032,2872,-998,48,-45,-14276,-1732,7320,-521,64,-139,0
2485.775962114334,10048,3360,11940,-66,-11,92,9292,-10656,7804,-22,150,-102,-14116,5956,2608,-988,-9,-37,-14252,-1560,7356,-555,86,-169,0
2485.811767101288,10016,3232,11640,-80,-14,101,9292,-10492,7776,-2,152,-81,-14196,6108,2764,-992,51,-63,-14200,-1572,7672,-523,50,-168,0
2485.847733974457,10192,3240,11524,-54,50,108,9356,-10588,7808,-66,56,-114,-14092,5892,2920,-1032,94,-10,-14256,-1636,7352,-533,91,-156,0
2485.8826620578766,9732,3332,11772,-117,-33,128,9312,-10668,7872,-47,67,-93,-14184,5884,2952,-1058,82,-28,-14216,-1688,7520,-263,121,-138,0
2485.9176089763646,9956,3336,11700,-57,20,118,9380,-10644,8120,25,152,-89,-14204,5976,2876,-1030,25,-19,-14244,-1672,7456,-535,99,-172,0
2485.9534170627594,9736,3580,11824,-70,2,64,9316,-10620,7864,-43,193,-109,-14428,5924,2748,-1270,242,-53,-14264,-1696,7472,-525,94,-202,0
2485.9886910915375,9896,3412,11868,-65,-14,47,9300,-10752,7756,-54,232,-109,-14256,5928,2892,-982,-3,-32,-14336,-1756,7440,-539,49,-213,0
2486.0241420269012,9900,3332,11556,-91,-253,31,9180,-10612,7764,4,161,-113,-14188,6032,3024,-1010,54,-75,-14216,-1840,7536,-527,116,-174,0
2486.05983710289,9904,3344,11752,-34,-17,78,9196,-10512,7804,8,131,-148,-14256,5944,2936,-1015,64,-20,-14232,-1736,7432,-536,133,-174,0
2486.094933986664,9812,3380,11656,-86,-69,73,9272,-10528,7976,-40,259,-145,-14268,5948,3216,-1018,19,-37,-14312,-1724,7440,-490,118,-169,0
2486.1307060718536,9900,3380,11796,-162,-56,91,9256,-10628,7952,-40,287,-113,-14168,5940,2828,-1004,30,-50,-14176,-1692,7388,-504,143,-117,0
2486.165661096573,9936,3376,11876,-156,-44,101,9140,-10596,7728,-89,237,-131,-14280,5928,3012,-1005,65,-86,-14236,-1776,7420,-521,131,-150,0
2486.2032561302185,9872,3500,11644,-90,-56,108,9124,-10668,7828,-30,257,-136,-14288,5988,2980,-1058,36,-52,-14256,-1692,7520,-519,138,-179,0
2486.2368240356445,9728,3424,11828,-113,-15,105,9224,-10560,7964,-136,217,-92,-14256,5980,2876,-1001,89,-96,-14264,-1592,7544,-506,130,-163,0
2486.2700319290166,9896,3452,11920,-141,-57,72,9116,-10668,8012,-224,360,-135,-14268,6140,2744,-969,76,-80,-14308,-1732,7236,-484,154,-144,0
2486.3035900592804,10232,3448,11992,-183,-76,55,9172,-10644,7572,-178,364,-102,-13892,6044,2608,-998,85,-73,-14208,-1816,7492,-466,135,-132,0
2486.33731508255,9964,3420,11664,-236,-51,92,9116,-10672,7912,-105,385,-153,-14220,5976,2864,-992,126,-83,-14304,-1812,7448,-422,142,-77,0
2486.3702919483185,9924,3436,11864,-279,-73,102,9080,-10680,7976,-229,569,-115,-14288,6140,2944,-956,149,-49,-14208,-1540,7596,-407,198,-64,0
2486.4037029743195,9888,3496,11984,-330,-169,116,9176,-10840,8028,-217,490,-189,-14276,5988,2604,-955,143,-115,-14244,-1776,7532,-420,219,-44,0
2486.437387943268,9732,3336,11852,-257,-207,112,9044,-10880,7864,-251,204,-220,-14300,6040,2832,-945,128,-141,-14332,-1748,7484,-504,187,-93,0
2486.470544099808,9880,3412,12008,-6,-189,95,9128,-10676,7660,-208,424,-167,-14240,6032,2736,-929,85,-123,-14200,-1728,7432,-480,179,-93,0
2486.5040149688725,9940,3396,11680,-274,-127,104,9236,-10568,7936,-164,447,-182,-14328,5936,2792,-949,85,-55,-14184,-1768,7424,-451,114,-71,0
2486.5379469394684,10024,3372,11732,-341,-82,109,9184,-10684,7936,-49,-184,-163,-14104,5936,2976,-1004,116,-84,-14292,-1700,7292,-433,182,-31,0
2486.5711901187897,10100,3440,11820,-370,-78,136,9152,-10980,7868,46,-123,-170,-14232,5972,3024,-1002,145,-117,-14192,-1696,7432,-403,172,-25,0
2486.6047990322113,9912,3276,11820,-324,-110,150,9060,-10512,7788,49,81,-202,-14092,5960,2772,-980,174,-139,-14308,-1840,7528,-431,181,-57,0
2486.638088941574,9736,3280,11980,-307,-152,143,9220,-10780,7896,-110,193,-189,-14308,5956,2928,-1011,149,-91,-14304,-1680,7376,-442,179,-87,0
2486.671415090561,9736,3372,11708,-351,-194,131,9204,-10504,8284,-89,-58,-216,-14240,6036,3056,-984,168,-143,-14268,-1720,7532,-471,178,-88,0
2486.704998970032,9880,3108,12008,-201,-102,98,9256,-10504,7932,42,-64,-250,-14232,6020,2908,-1008,70,-139,-14264,-1776,7440,-515,196,-162,0
2486.7386541366577,9948,3316,11860,-166,-124,77,9084,-10676,8116,9,-83,-504,-14388,6004,3048,-1019,63,-156,-14284,-1748,7392,-499,178,-123,0
2486.7719209194183,10028,3308,11976,-181,-98,114,9140,-10564,8060,103,-267,-281,-14332,5964,2912,-971,110,-131,-14132,-1736,7416,-469,190,-130,0
2486.8054630756374,9988,3116,11792,-199,-149,114,8856,-10736,7640,82,100,-278,-14244,5996,2888,-1022,128,-122,-14104,-1540,7400,-460,188,-102,0
2486.839266061783,10008,3300,11864,-215,-162,87,9244,-10688,7852,33,75,-283,-14196,5912,2812,-977,124,-132,-14252,-1724,7648,-465,179,-97,0
2486.8727221488953,9868,3288,11956,-244,-180,160,9116,-10696,7928,23,253,-284,-14084,5968,2956,-1013,126,-176,-14188,-1684,7392,-486,225,-75,0
2486.9060089588165,9904,3340,11740,-208,-154,143,9212,-10688,7804,29,95,-222,-14216,5988,3000,-1003,141,-182,-14296,-1692,7564,-459,188,-82,0
2486.9395821094513,10024,3304,11688,-235,-159,120,9260,-10644,8060,-61,84,-230,-14360,5948,3132,-1004,152,-98,-14244,-1712,7180,-450,187,-78,0
2486.9729719161987,10036,3116,11780,-246,-126,124,9228,-10700,7852,-46,8,-233,-14400,5652,2864,-989,124,-124,-14316,-1584,7396,-483,170,-82,0
2487.0062170028687,9772,3548,11904,-117,-133,117,9452,-10660,7764,-33,116,-200,-14088,5700,2852,-997,81,-126,-14276,-1712,7448,-543,138,-162,0
2487.0399551391606,10064,3320,11820,-102,-132,109,9012,-10524,7844,-34,140,-168,-14332,5948,2744,-999,72,-103,-14176,-1668,7204,-489,125,-147,0
2487.073208093643,9764,3296,11700,-113,-132,106,9192,-10600,7932,-43,85,-187,-14328,5676,2820,-1037,110,-65,-14288,-1676,7376,-498,129,-146,0
2487.106859922409,10028,3232,11824,-59,-127,103,9360,-10628,7876,-15,91,-169,-14304,5984,2980,-1069,60,-53,-14244,-1728,7416,-537,127,-153,0
2487.1400780677795,10096,3260,12028,-75,-42,104,9300,-10564,7912,7,140,-111,-14268,5920,2728,-1009,55,-58,-14356,-1724,7264,-530,103,-146,0
2487.17365694046,10040,3496,12028,-89,11,98,9204,-10560,7916,249,117,-117,-14128,5896,2812,-1045,90,-35,-14256,-1736,7376,-768,113,-147,0
2487.2072761058807,10084,3208,11892,-95,-37,104,9276,-10708,7764,-14,133,-125,-14256,6048,2888,-1039,74,-20,-14248,-1752,7416,-501,166,-158,0
2487.243427991867,9912,3416,11888,-79,-49,109,9164,-10624,7824,17,112,-139,-14260,5936,2976,-1039,55,-70,-14176,-1740,7444,-493,125,-133,0
2487.2792921066284,10032,3428,11780,-48,-26,115,9236,-10784,7924,-22,37,-150,-14300,5924,2972,-1018,82,-50,-14096,-1708,7188,-502,141,-162,0
2487.3146529197693,9988,3516,11548,-109,-54,107,9212,-10668,7808,-27,174,-124,-14224,5992,2896,-987,73,-26,-14216,-1712,7436,-491,107,-140,0
2487.350613117218,9740,3232,11780,-59,-40,100,9208,-10716,7928,-67,45,-135,-14272,5844,2960,-1023,79,-54,-14244,-1684,7512,-527,115,-163,0
2487.3857710361485,9944,3136,11908,-50,-8,63,9280,-10964,7764,27,-59,-190,-14304,5964,2748,-1058,121,-78,-14208,-1692,7388,-577,141,-168,0
2487.4213831424713,10212,3352,12016,-9,-30,65,9276,-10680,7780,102,3,-216,-14208,5996,2760,-1059,76,-115,-14436,-1724,7356,-537,156,-193,0
2487.457323074341,10008,3368,11908,-60,-35,93,9344,-10520,7760,42,8,-198,-14232,6008,2804,-1032,68,-44,-14172,-1664,7452,-533,157,-169,0
2487.4918689727783,9952,3312,11788,-102,-44,72,9464,-10680,7804,115,41,-187,-14328,5924,2856,-1068,72,-103,-14220,-1828,7548,-262,131,-177,0
2487.528062105179,10016,3392,11848,-37,-6,88,9192,-10488,8000,48,28,-163,-14204,6004,2856,-1069,107,-31,-14216,-2028,7180,-501,132,-157,0
2487.5633859634404,10132,3488,11900,-14,7,115,9268,-10584,7960,57,-38,-162,-14312,5940,2968,-1046,108,-104,-14240,-1780,7536,-542,99,-175,0
2487.598804950714,9756,3348,11764,-28,-24,97,9300,-10660,7868,6,-16,-164,-14284,5976,2840,-1023,68,-55,-14240,-1860,7480,-537,92,-186,0
2487.633862018585,10096,3392,11864,-38,-24,65,9248,-10580,7724,25,154,-138,-14332,6052,3000,-989,58,-90,-14244,-1772,7488,-499,101,-172,0
2487.669680118561,9984,3464,11836,-53,250,81,9016,-10612,7864,-37,43,-177,-14268,5852,2852,-1006,97,-77,-14212,-1848,7520,-474,153,-168,0
2487.705533027649,9964,3436,11764,-94,-7,58,9248,-10368,7812,-30,85,-176,-14220,5644,2924,-1001,86,-64,-14216,-1820,7416,-753,146,-132,0
2487.741219997406,9952,3416,11992,-100,-70,91,9232,-10628,7864,-87,132,-163,-14300,5972,2868,-1008,91,-97,-14240,-1752,7540,-490,131,-149,0
2487.7776041030884,10212,3456,11532,-94,-48,89,9276,-10904,7704,-58,57,-229,-14244,6124,2872,-1012,80,-95,-14276,-1760,7512,-542,152,-148,0
2487.812783956528,9972,3360,11832,-124,-8,122,9248,-10348,7716,-10,-7,-187,-14312,5976,3072,-992,79,-46,-14244,-1800,7568,-518,123,-122,0
2487.8489301204686,9952,3392,11808,-125,19,93,9248,-10524,7744,34,161,-151,-14232,5944,3244,-1051,47,-62,-14300,-1856,7456,-261,85,-129,0
2487.885679960251,9876,3500,11808,-206,14,66,9372,-10572,7808,7,240,-150,-14240,5924,2896,-980,87,-38,-14140,-1832,7404,-462,157,-128,0
2487.9193680286407,10108,3536,11684,-272,252,94,9280,-10552,7872,-6,506,-182,-14200,5956,3084,-974,62,-53,-14156,-1808,7344,-440,174,-88,0
2487.9531309604645,9880,3392,11852,-328,-103,101,9388,-10632,8160,3,222,-236,-14228,5976,3136,-938,84,-125,-14160,-1876,7384,-400,175,-82,0
2487.986648082733,9928,3492,11908,-298,-172,103,9140,-10664,7840,-35,145,-273,-14304,6076,3092,-928,85,-145,-14328,-2024,7460,-451,186,-92,0
2488.0202960968018,9912,3476,11828,-284,-142,116,9260,-10580,7864,-79,141,-272,-14376,5980,2876,-913,69,-147,-14324,-1684,7564,-474,193,-109,0
2488.053456068039,9916,3388,11916,-307,-122,123,9244,-10588,7840,-77,94,-231,-14168,6036,2844,-925,103,-108,-14280,-1728,7424,-442,175,-82,0
2488.0871329307556,9852,3408,11800,-325,-102,126,9220,-10572,7624,-29,71,-241,-14168,5996,3004,-955,176,-106,-14176,-1796,7168,-414,166,-45,0
2488.1217000484467,9976,3480,11800,-361,-111,150,9388,-10604,7812,12,100,-245,-14220,5988,2852,-959,195,-99,-14336,-1848,7448,-420,159,-35,0
2488.1548430919647,9884,3416,11752,-372,-75,151,9284,-10616,7872,6,116,-7,-14244,5920,2612,-986,206,-150,-14192,-1552,7224,-412,191,255,0
2488.1884510517125,10036,3460,11788,-325,-167,196,9300,-10728,8172,-12,14,-308,-14256,5924,2628,-1020,228,-178,-14272,-1844,7392,-402,247,-24,0
2488.2219779491425,9964,3364,11884,-355,-189,163,9284,-10704,7812,45,27,-361,-14512,5936,2808,-993,240,-193,-14204,-1764,7348,-406,241,-28,0
2488.255290031433,9888,3392,11684,-325,-188,146,9416,-10400,7980,204,121,483,-14184,5836,2812,-977,276,-186,-14220,-1840,7416,-430,238,-25,0
2488.2890610694885,10020,3356,11900,-231,-193,122,9336,-10508,7884,-588,-184,-623,-14200,5932,3020,-980,229,-204,-14356,-1620,7196,-428,234,-65,0
2488.3227200508118,10236,3232,11800,-285,-175,103,9344,-10584,7660,63,9,-308,-14288,5888,2916,-1005,219,-170,-14248,-1744,7512,-441,236,-98,0
2488.355983018875,9764,3072,11572,-271,-162,105,9280,-10628,7816,-4556,1742,-1210,-13784,5604,2856,-978,261,-190,-14168,-1724,7548,-369,242,-51,0
2488.3895189762115,9856,3380,11592,-279,-215,150,9472,-10572,7812,-171,-256,-344,-14572,5916,2720,-980,239,-210,-14104,-1704,7336,-410,303,-5,0
2488.4231200218205,10052,3340,11748,-306,-219,159,9324,-10644,7768,-38,77,-310,-14112,6052,2892,-967,286,-147,-14380,-1652,7360,-429,191,-47,0
2488.4568219184875,10100,3256,11580,-224,-207,155,9312,-10576,7832,-27,115,-231,-14232,5884,2816,-1062,243,-129,-14316,-1560,7256,-482,234,-27,0
2488.490086078644,10060,3220,11972,-239,-184,193,9304,-10520,7788,29,145,-250,-14268,5756,2976,-1070,245,-173,-14232,-1716,7392,-460,240,-46,0
2488.523765087128,10108,3416,11956,-202,-176,162,9676,-10528,7656,-77,-44,-332,-14492,5868,2972,-1038,160,-204,-14376,-1724,7360,-498,213,-152,0
2488.5574169158936,10100,3336,11756,-119,-234,88,9496,-10492,7800,-15,221,-222,-14484,5896,2920,-1050,59,-170,-14324,-1672,7348,-259,188,-187,0
2488.5907840728764,10000,3320,11572,-73,-137,62,9348,-10248,7844,-41,254,-191,-14228,5692,2680,-1033,80,-98,-14288,-1704,7344,-515,144,-149,0
2488.62420797348,10016,3264,11780,-140,-64,69,9448,-10520,7732,-35,173,-182,-14308,5800,3004,-1001,103,-79,-14288,-1708,7360,-458,154,-117,0
2488.657602071762,10176,3532,11708,-134,-81,103,9432,-10556,7844,-19,66,-202,-14576,5796,2784,-1034,163,-123,-14364,-1644,7288,-457,180,-118,0
2488.6909980773926,10164,3580,11580,-105,-40,91,9696,-10360,7776,26,66,-178,-14328,6136,2856,-1081,103,-84,-14392,-1728,7588,-552,180,-163,0
2488.72447013855,10116,3528,12004,-79,-13,73,9380,-10588,7636,50,180,-123,-14280,5916,2812,-1086,33,-57,-14152,-1684,7380,-571,165,-145,0
2488.758043050766,10040,3100,11784,-50,-18,94,9396,-10676,7828,33,139,-126,-14268,5924,2784,-1056,84,-76,-14244,-1624,7444,-541,165,-155,0
2488.7916140556335,9820,3276,11944,-66,-65,94,9480,-10592,7788,25,163,-113,-14280,5876,2964,-1068,33,-108,-14380,-1792,7452,-522,153,-173,0
2488.8254499435425,10036,3576,11520,-106,-28,97,9440,-10592,7824,18,197,-95,-14320,5964,2980,-994,-2,-77,-14376,-1712,7320,-511,131,-168,0
2488.8591260910034,10116,3096,11928,-118,21,81,9676,-10608,7752,-5,206,-87,-14332,5868,2840,-982,13,-38,-14292,-1780,7404,-521,115,-183,0
2488.8923599720006,10060,3324,11676,-86,5,78,9396,-10584,7804,6,297,-79,-14428,5860,2856,-976,-28,-11,-14328,-1636,7396,-466,116,-200,0
2488.9297149181366,10072,3388,11896,-152,-14,26,9412,-10636,7900,-34,282,-107,-14424,5796,2772,-991,-14,-30,-14316,-1724,7164,-453,105,-219,0
2488.9649310112004,10124,3520,11656,-129,-20,38,9420,-10584,7712,-59,148,-128,-14312,6104,3052,-987,39,-25,-14100,-1684,7644,-471,87,-207,0
2489.0007791519165,10096,3428,11908,-71,46,64,9332,-10480,7960,-57,-23,-160,-14164,5848,3024,-1013,72,-43,-14120,-1692,7168,-516,80,-161,0
2489.037087917328,10228,3464,11820,-25,28,66,9292,-10744,7992,-17,80,-132,-14352,5836,2980,-995,37,-45,-14120,-2020,7384,-528,91,-171,0
2489.0722789764404,9980,3472,11836,-55,31,106,9340,-10720,7856,-58,113,-101,-14392,5808,2912,-1007,76,248,-14272,-1756,7368,-524,82,-138,0
2489.1082561016083,9952,3348,11912,-83,-11,105,9424,-10612,7892,-30,121,-120,-14336,5784,3028,-776,75,-248,-14204,-1792,7416,-524,99,-128,0
2489.1434140205383,9924,3444,11988,-110,-9,108,9244,-10556,7832,-68,189,-94,-14192,5992,2972,-1279,90,-52,-14192,-1684,7420,-523,33,-136,0
2489.179361104965,9840,3384,11860,-80,-25,100,9328,-10648,7852,-75,148,-98,-14292,6056,2872,-1047,65,-252,-14320,-1700,7428,-555,61,-126,0
2489.214432954788,9844,3488,11764,-100,-43,130,9404,-10612,7904,-41,109,-104,-14184,5960,2580,-1038,138,-40,-14312,-1708,7440,-511,45,-112,0
2489.2573840618134,10224,3388,11536,-74,19,124,9440,-10584,7540,-102,213,-91,-14224,5884,2788,-775,120,-27,-14280,-1628,7492,-768,121,-98,0
2489.292963027954,9920,3312,11712,-182,-86,112,9216,-10588,7720,-58,186,-141,-14208,6000,2836,-1033,115,-126,-14176,-1700,7380,-465,170,-111,0
2489.328891992569,10000,3472,11896,-149,-55,112,9304,-10556,7844,-41,0,-114,-14212,5984,2960,-1033,112,-33,-14220,-1788,7568,-480,127,-128,0
2489.3643610477448,9988,3412,11668,-144,-55,99,9256,-10668,7780,-87,188,-154,-14088,5928,2996,-980,117,-46,-14268,-1684,7540,-459,116,-122,0
2489.4002909660335,10168,3344,11728,-184,-28,95,9384,-10740,7880,-53,189,-121,-14240,5948,2696,-1037,157,-68,-14252,-1796,7324,-498,73,-113,0
2489.4355170726776,9956,3440,11756,-169,-12,103,9352,-10684,7864,-25,209,-136,-14260,5884,3068,-1053,86,-61,-14240,-1812,7372,-502,101,-132,0
2489.4713110923767,10008,3456,11816,-208,-15,99,9360,-10568,7924,-4,273,-133,-14580,6128,2912,-960,81,-63,-14316,-1768,7416,-425,106,-123,0
2489.5073390007014,10008,3424,11828,-298,-95,115,9340,-10712,7984,-51,233,-170,-14392,5932,3008,-954,70,-62,-14248,-1804,7468,-426,97,-116,0
2489.5421409606934,9740,3508,11572,-255,-123,89,9400,-10716,7956,-70,139,-225,-14364,5940,3000,-969,84,-122,-14284,-1956,7536,-501,155,-118,0
2489.577803134918,9916,3460,11816,-198,-111,105,9240,-10748,7884,-77,139,-234,-14240,5980,2824,-939,108,-148,-14204,-1764,7480,-757,194,-82,0
2489.6113109588623,9868,3344,11848,-243,-137,107,9304,-10672,7724,-102,121,-250,-14144,5940,2888,-967,133,-133,-14140,-1696,7568,-453,183,-66,0
2489.6448669433594,9836,3360,11940,-317,-136,125,9220,-10644,7784,-74,156,-229,-14144,5976,2776,-937,164,-113,-14176,-1780,7548,-427,228,-35,0
2489.67849111557,9976,3432,11644,-341,-108,144,9252,-10632,7808,-55,240,-237,-14592,5960,2896,-936,161,-136,-14228,-1700,7624,-425,249,-30,0
2489.712019920349,10020,3424,11812,-325,-144,172,9280,-10676,7908,237,205,-242,-14284,5956,2744,-960,184,-187,-14284,-1708,7292,-426,239,-12,0
2489.7455871105194,10084,3388,11820,-306,-190,176,9412,-10604,7800,-44,221,-209,-14348,5928,2864,-946,177,-164,-14580,-1752,7424,-442,252,13,0
2489.7792530059814,9928,3072,11972,-382,-244,181,9296,-10552,7836,-21,228,-262,-14328,5908,2832,-924,151,-175,-14324,-1820,7432,-426,246,-7,0
2489.8129291534424,10012,3224,11632,-341,-201,157,9296,-10600,7784,-38,351,-214,-14372,5844,2668,-946,162,-98,-14364,-1752,7456,-423,204,-27,0
2489.8467791080475,9984,3372,11592,-377,-155,134,9384,-10628,7828,-4,368,-192,-14184,5896,3052,-938,102,-112,-14428,-1640,7268,-434,148,-93,0
2489.88046503067,10032,3112,11652,-407,-151,106,9280,-10484,7908,30,356,-138,-14388,5888,2840,-983,54,-98,-14500,-1700,7480,-445,152,-88,0
2489.913970947265,10040,3308,11700,-343,-115,127,9228,-10520,7704,-15,209,-182,-14316,5912,2832,-969,92,-117,-14328,-1796,7424,-459,116,-82,0
2489.947427034378,10072,3388,11832,-302,-112,117,9416,-10644,7864,-21,201,-213,-14284,5916,2656,-988,138,-119,-14232,-1608,7280,-480,166,-65,0
2489.9808630943294,10064,3208,11800,-283,-142,150,9236,-10680,7868,1,114,-193,-14268,5680,2364,-1025,156,-100,-14220,-1764,7396,-465,166,-98,0
2490.0143671035767,10052,3260,11860,-212,-135,158,9252,-10544,7672,-25,11,-244,-14196,5940,2892,-989,148,-77,-14276,-1704,7428,-472,168,-67,0
2490.0479090213776,9992,3072,11924,-237,-146,138,9244,-10528,7752,-56,54,-206,-14268,5956,2828,-992,111,-71,-14216,-1660,7368,-493,126,-79,0
2490.0814430713654,10020,3204,11968,-201,-107,157,9348,-10592,7736,-49,74,-210,-14344,5868,2976,-979,105,-119,-14224,-1636,7388,-503,114,-135,0
2490.1149809360504,9896,3272,11764,-109,-114,128,9376,-10544,7868,-44,76,-195,-14292,5940,2600,-1278,120,-118,-14212,-1644,7368,-760,135,-116,0
2490.1482570171356,10192,3272,11724,-93,-118,121,9304,-10564,7728,-16,52,-171,-14168,5996,2812,-1066,122,-72,-14268,-1744,7356,-498,120,-103,0
2490.181435108185,10128,3208,11848,-138,-72,123,9228,-10508,7708,-29,149,-140,-14468,5900,2620,-1058,149,-87,-14340,-1624,7456,-505,139,-107,0
2490.2147970199585,10004,3196,11700,-191,-47,124,9372,-10676,7900,-246,209,-98,-14136,6140,3044,-1085,137,-55,-14344,-1676,7356,-495,135,-114,0
2490.2482340335846,10092,3324,11924,-132,-31,104,9252,-10616,7816,16,157,-107,-14360,5932,2836,-1066,131,-20,-14324,-1708,7392,-541,114,-110,0
2490.2817230224614,10012,3368,11748,-132,-37,116,9344,-10576,7980,-12,134,-128,-14356,5796,2916,-1072,107,-47,-14248,-1620,7300,-542,105,-169,0
2490.3152570724487,10096,3356,11672,-58,-23,111,9388,-10632,7944,-37,168,-117,-14328,6004,2880,-1043,62,-67,-14296,-1784,7336,-537,94,-181,0
2490.348706007004,10084,3192,11772,-76,-25,100,9260,-10516,7836,-52,140,-121,-14192,5936,2880,-1014,48,-79,-14184,-1744,7424,-509,77,-146,0
2490.3818509578705,10228,3168,11804,-107,-23,74,9300,-10740,7780,-20,169,-125,-14276,5916,2660,-1029,55,228,-14228,-1588,7420,-526,63,-199,0
2490.4154181480408,10136,3244,11920,-53,5,85,9304,-10652,7888,-24,149,-124,-14100,5900,2892,-1014,41,-53,-14272,-1692,7432,-507,64,-171,0
2490.4490060806274,10028,3196,11904,-91,-17,64,9228,-10660,7840,-34,165,-130,-14188,5692,2852,-1001,84,-86,-14216,-1588,7368,-502,118,-167,0
2490.4823701381683,10076,3352,11780,-74,-18,86,9220,-10640,7748,-39,117,-146,-14256,5916,2936,-1049,90,-116,-14212,-1688,7420,-532,115,-145,0
2490.515877008438,10068,3224,11816,10,-37,81,9220,-10668,7920,-36,127,-135,-14288,5920,2884,-1056,74,-65,-14280,-1684,7340,-562,112,-157,0
2490.5494379997253,10048,3244,11852,-41,-41,104,9236,-10520,7856,-25,129,-93,-14280,5988,2680,-1050,104,-23,-14260,-1668,7636,-559,34,-151,0
2490.5824761390686,10184,3400,11700,-15,14,98,9188,-10648,7956,-42,136,-81,-14248,5940,2896,-1087,54,242,-14324,-1728,7404,-544,68,-162,0
2490.6206591129303,10224,3276,11804,-84,10,90,9440,-10572,7836,-252,193,-82,-14308,5900,2820,-1052,58,-10,-14216,-1692,7416,-539,58,-150,0
2490.656028032303,9948,3272,11888,-45,50,81,9252,-10688,7844,-30,101,-80,-14116,5892,2772,-1050,105,-47,-14216,-1740,7360,-520,91,-175,0
2490.6918449401855,9760,3336,11920,-37,-12,72,9288,-10684,7868,-64,108,-124,-14356,5976,2848,-996,44,-14,-14244,-1576,7504,-522,79,-214,0
2490.72803401947,9932,3364,11960,-77,255,75,9352,-10584,7952,-41,163,-92,-14592,6040,2956,-1015,48,-59,-14180,-1668,7624,-532,59,-168,0
2490.763386011124,9860,3080,11892,-42,-256,82,9196,-10572,7856,-17,160,-144,-14440,5912,2936,-1277,82,-46,-14536,-1580,7384,-532,108,-184,0
2490.7989630699158,10032,3372,11816,-45,-22,86,9212,-10604,7832,-27,118,-146,-14140,5916,2700,-1009,82,-61,-14232,-1588,7456,-506,118,-148,0
2490.833858013153,9908,3276,11824,-73,-13,82,9220,-10696,7908,-39,127,-140,-14320,6008,2820,-1017,59,-53,-14264,-1668,7460,-488,123,-150,0
2490.8692231178284,9956,3480,11748,-109,-55,61,9108,-10748,7852,-26,204,-130,-14264,5900,3000,-999,84,-68,-14204,-1656,7448,-517,125,-139,0
2490.904335975647,10208,3416,11988,-116,-38,116,9468,-10704,7868,-4,150,-138,-14296,5924,3028,-996,79,-41,-14236,-1576,7620,-497,144,-103,0
2490.940176010132,9952,3424,11836,-124,-21,128,9276,-10552,8040,-20,139,-116,-14352,5940,2980,-1000,68,-100,-14184,-1708,7536,-477,161,-140,0
2490.975459098816,10048,3428,11568,-160,255,130,8984,-10600,7848,252,144,-132,-14232,5996,2900,-978,95,-72,-14156,-1848,7484,-471,161,-92,0
2491.011142015457,9984,3444,11848,-212,-25,105,9156,-10628,7704,-38,160,-185,-14288,5908,2964,-969,85,-95,-14220,-1744,7516,-459,175,-116,0
2491.0462119579315,9908,3272,11884,-220,-63,108,9200,-10740,7920,-37,177,-182,-14296,5972,2920,-971,77,-44,-14132,-1768,7544,-426,177,-94,0
2491.0815579891205,10232,3352,11820,-281,-95,104,9216,-10620,7880,-11,167,-196,-14328,5900,2900,-983,70,-113,-14284,-1784,7596,-427,172,-66,0
2491.117480993271,9916,3428,11736,-283,-106,116,9228,-10740,7968,-52,139,-234,-14300,5972,2888,-941,97,-107,-14264,-1740,7324,-468,172,-112,0
2491.1527919769287,10076,3312,11792,-229,-134,97,9172,-10688,7752,-84,23,-233,-14296,6048,2572,-944,83,-85,-14340,-1624,7536,-509,160,-85,0
2491.1885890960693,10196,3316,11536,-230,-153,118,9084,-10676,7728,-85,86,-227,-14108,5976,2896,-954,123,-100,-14156,-1764,7404,-456,154,-78,0
2491.223393917084,9840,3304,11772,-273,-74,90,9116,-10608,7924,-93,113,-197,-14224,5952,2668,-1014,157,-87,-14304,-1680,7364,-441,150,-71,0
2491.2595689296722,9968,3348,11968,-315,-52,130,9224,-10624,7760,-53,176,-193,-14256,5868,2896,-992,127,-116,-14236,-1724,7464,-465,188,-67,0
2491.2929739952087,9944,3408,11816,-377,-95,131,9256,-10760,8028,-64,157,-233,-14304,5996,2808,-1008,185,-97,-14288,-1596,7500,-382,163,-46,0
2491.326625108719,10064,3344,11688,-338,-94,139,9232,-10624,7904,-50,126,-240,-14176,6008,2824,-987,183,-143,-14236,-1700,7512,-451,178,-71,0
2491.3602271080017,9940,3268,11672,-302,-150,136,9384,-10624,7900,-74,84,-236,-14120,5716,2928,-770,154,-148,-14540,-1728,7624,-420,193,-44,0
2491.3936030864716,9976,3228,11844,-281,-179,112,9340,-10692,8060,-48,125,-252,-14280,5964,3044,-1279,143,-139,-14256,-1736,7384,-443,192,-102,0
2491.427057981491,10160,3268,11732,-267,-191,108,9256,-10656,7904,-53,117,-9,-14348,5912,2896,-1006,142,-124,-14188,-1612,7180,-451,168,-86,0
2491.460474014282,10172,3220,12024,-239,-152,99,9180,-10624,7732,-32,49,-288,-14244,5948,2932,-1016,172,-166,-14200,-1736,7508,-474,155,-87,0
2491.4941880702972,10040,3260,11740,-219,-140,134,9296,-10604,7856,-58,78,-240,-14228,5904,2764,-994,156,-155,-14256,-1680,7500,-459,182,-64,0
2491.5277791023254,10000,3184,11920,-250,-152,157,9148,-11004,7892,-47,98,-228,-14168,5924,2692,-980,177,-142,-14280,-1704,7436,-452,171,-38,0
2491.5613539218903,10000,3284,11836,-244,-186,124,9236,-10768,7960,-95,98,-264,-14516,6048,2784,-992,183,-121,-14320,-1692,7504,-464,196,-55,0
2491.5947721004486,10008,3220,11824,-219,-169,144,9360,-10640,7888,-46,118,-230,-14348,5980,2880,-1006,182,-143,-14248,-1624,7376,-474,173,-42,0
2491.6280169487004,9948,3272,11876,-219,-159,146,9316,-10660,7808,-84,89,-236,-14268,5908,3044,-1017,152,-129,-14208,-1708,7396,-470,166,-62,0
2491.6613030433655,10232,3300,11960,-204,-157,145,9352,-10668,7784,-85,72,-229,-14268,6052,2696,-987,161,-129,-14316,-1604,7312,-476,132,-128,0
2491.694720029831,10236,3152,12032,-160,-107,100,9304,-10680,7832,-103,83,-206,-14252,5972,2964,-1023,101,-120,-14292,-1700,7312,-487,140,-158,0
2491.728168964386,10104,3220,11604,-176,-89,91,9244,-10628,7780,-18,136,-166,-14228,5844,2936,-959,65,-102,-14220,-1564,7320,-480,121,-139,0
2491.7618401050568,10028,3248,11688,-90,-74,70,9212,-10568,7676,-73,141,-190,-14320,5868,2768,-961,49,-88,-14228,-1668,7408,-493,131,-122,0
2491.7954721450806,10048,3304,11788,-154,-106,112,9340,-10644,7828,-35,219,-131,-14412,5972,2756,-1015,90,-77,-14136,-1604,7428,-473,52,-162,0
2491.8291511535645,10164,3284,11968,-74,-86,101,9244,-10600,7788,-86,137,-131,-14220,6124,2976,-984,81,-63,-14364,-1588,7384,-504,177,-142,0
2491.8626351356506,10112,3304,11796,-110,-42,121,9360,-10636,7552,-253,116,-116,-14312,5904,2740,-1043,66,-29,-14328,-1744,7476,-558,64,-186,0
2491.8960280418396,10016,3084,11692,-83,-32,92,9312,-10624,7892,-16,147,-118,-14168,5704,2904,-995,-21,-43,-14292,-1628,7440,-506,100,-169,0
2491.9300069808965,9976,3088,11924,-83,-36,87,8968,-10716,7864,7,181,-129,-14248,6012,2784,-1020,5,-57,-14316,-1664,7180,-491,115,-191,0
2491.963683128357,9952,3292,11708,-86,249,77,9136,-10636,7860,0,129,-146,-14276,6140,2760,-989,31,-57,-14236,-1700,7656,-517,98,-180,0
2491.997314929962,9916,3288,11768,-82,-18,96,9212,-10772,7720,-14,119,-130,-14424,5936,2948,-982,58,-77,-14192,-1700,7420,-498,118,-139,0
2492.0307009220123,9956,3280,11948,-74,-49,97,9356,-10712,7776,-7,148,-144,-14272,6052,2780,-1010,57,-49,-14252,-1620,7416,-472,109,-140,0
2492.0641601085663,10040,3248,11848,-112,-16,106,9316,-10656,7712,45,165,-130,-14260,5992,3040,-1267,66,-50,-14236,-1680,7396,-487,105,-180,0
2492.0977671146393,10120,3324,11728,-91,-42,96,9280,-10628,7932,7,151,-132,-14276,6140,2724,-1043,55,-97,-14200,-1768,7428,-511,131,-159,0
2492.1312539577484,10032,3332,11944,-56,-33,74,9240,-10624,7844,-14,120,-149,-14164,6084,2812,-1063,78,-79,-14324,-1812,7476,-534,138,-167,0
2492.1647429466248,10000,3348,11844,-36,-19,94,9332,-10608,7792,14,175,-131,-14336,5916,2752,-1276,90,-57,-14304,-1712,7376,-514,140,-132,0
2492.198105096817,10084,3396,11836,-56,-20,91,9252,-10652,7908,32,158,-143,-14184,5892,2928,-1055,87,-41,-14244,-1648,7636,-262,136,-162,0
2492.2317061424255,9992,3564,11792,-68,12,106,9308,-10652,7744,-253,144,-123,-14244,5988,2868,-1050,70,-53,-14248,-1764,7440,-501,127,-134,0
2492.2649991512294,9808,3352,11788,-78,-13,110,9240,-10664,7836,-14,141,-114,-14104,5972,2948,-1019,34,-17,-14160,-1788,7432,-527,149,-163,0
2492.30281496048,10204,3080,11828,-120,17,91,9168,-10588,7788,-12,134,-112,-14280,5904,2736,-1037,53,4,-14164,-1788,7476,-502,114,-112,0
2492.3377380371094,9740,3352,12020,-118,8,117,9232,-10564,7868,-3,153,-120,-14208,5916,2932,-1057,93,-48,-14200,-1772,7652,-257,111,-118,0
2492.3734271526337,9944,3372,11852,-113,255,103,9244,-10560,7816,-30,158,-139,-14296,5944,2912,-771,111,-65,-14256,-1716,7536,-764,100,-144,0
2492.4093129634857,9808,3276,11796,-94,-41,112,9032,-10676,7812,-35,130,-132,-14120,6008,2844,-1001,114,-26,-14316,-1556,7664,-513,125,-140,0
2492.444370031357,9900,3372,11868,-121,-35,123,9172,-10748,7940,-4,150,-148,-14256,5944,2860,-1278,85,-107,-14192,-1704,7492,-508,161,-131,0
2492.479891061783,9980,3416,11840,-114,-53,107,9172,-10612,7852,-27,168,-171,-14168,5904,2900,-994,110,-72,-14276,-1724,7512,-480,172,-132,0
2492.5149540901184,9824,3404,11956,-130,-31,95,9044,-10516,7688,-42,175,-180,-14272,6024,2892,-973,71,-101,-14304,-1708,7540,-494,109,-155,0
2492.55069899559,10012,3564,11600,-136,-16,66,9292,-10784,8068,-22,187,-148,-14284,6020,2776,-1013,54,-43,-14216,-1668,7560,-767,116,-143,0
2492.5861320495605,9956,3328,11852,-171,-17,99,9228,-10616,7756,-22,188,-144,-14260,5920,2964,-1016,116,-79,-14184,-1892,7480,-452,87,-91,0
2492.6217639446254,9888,3088,11908,-203,15,84,9172,-10764,7720,-42,184,-163,-14268,5940,2988,-962,74,-59,-14236,-1696,7580,-476,171,-87,0
2492.6576130390167,9972,3328,11896,-267,-85,84,9144,-10676,7888,-36,178,-197,-14364,5932,2980,-1056,139,-118,-14200,-1744,7528,-434,179,-105,0
2492.6928911209106,10056,3416,11836,-229,-106,99,9112,-10640,7896,-43,142,-224,-14280,5924,2856,-1008,155,-83,-14168,-1796,7452,-475,141,-104,0
2492.7276380062103,9832,3368,12072,-233,-142,62,8960,-10656,7948,-111,162,-254,-14320,6028,3028,-984,54,-125,-14344,-1692,7484,-486,170,-146,0
2492.7640330791473,9952,3368,11844,-255,-109,82,9180,-10580,7912,-94,155,-216,-14160,6064,2940,-938,125,-150,-14084,-1728,7620,-455,116,-111,0
2492.7996909618378,9828,3524,11860,-227,-116,85,9204,-10740,7816,-85,87,-250,-14192,5924,2988,-988,147,-109,-14284,-1700,7492,-464,207,-75,0
2492.8350260257725,9908,3360,11740,-245,-120,101,9196,-10652,7816,-46,80,-257,-14268,5916,2820,-962,170,-174,-14212,-1788,7500,-435,209,-32,0
2492.8707261085506,10224,3368,11748,-268,-134,137,9408,-10608,7892,-51,125,-253,-14276,5876,2824,-996,209,-136,-14228,-1696,7532,-437,214,-54,0
2492.9056529998775,9936,3348,11932,-313,-158,147,8996,-10504,7892,-78,140,-241,-14212,5980,2776,-1008,122,-144,-14096,-1716,7448,-419,206,-42,0
2492.941787958145,10088,3544,11540,-292,-154,156,9296,-10564,7896,-61,92,-232,-14588,6020,2780,-947,120,-151,-14392,-1780,7464,-482,206,-86,0
2492.975202083588,9980,3336,12016,-273,-158,132,9260,-10568,7740,-43,75,-240,-14104,5940,2988,-987,164,-118,-14256,-1768,7568,-454,187,-63,0
2493.0087990760803,9760,3296,11728,-1,-162,151,9232,-10668,7880,-68,114,-230,-14396,5948,2980,-949,145,-135,-14288,-1740,7304,-452,176,-85,0
2493.0423879623413,9988,3396,11780,-244,-203,117,9324,-10752,7888,-114,123,-258,-14572,6012,2836,-979,92,-130,-14528,-1636,7464,-481,192,-105,0
2493.0757570266724,9768,3332,11748,-199,-195,98,9224,-10704,8036,-98,83,-258,-14224,5976,2744,-923,88,-134,-14220,-1660,7464,-460,210,-71,0
2493.1091301441193,9984,3248,11708,-238,-189,136,9236,-10616,7648,-107,53,-272,-14284,5640,2860,-953,170,-144,-14288,-1632,7420,-448,166,-52,0
2493.1423330307007,10164,3576,11936,-214,-195,127,9220,-10660,7740,-82,92,-238,-14268,5900,2852,-918,121,-148,-14288,-1640,7456,-473,202,-91,0
2493.1755130290985,9916,3196,11704,-232,-170,127,9292,-10736,7780,-109,68,-236,-14244,5964,2676,-933,93,-145,-14316,-1652,7416,-506,182,-105,0
2493.2092730998993,10160,3260,11708,-212,-153,124,9324,-10712,7836,-74,104,-221,-14328,6116,2716,-1012,115,-120,-14304,-1664,7384,-497,167,-81,0
2493.2428939342494,10040,3288,11836,-238,-174,123,9292,-10712,7648,-50,130,-192,-14356,5820,2704,-1002,125,-125,-14200,-1664,7648,-496,135,-137,0
2493.2765209674835,9800,3224,11804,-180,-142,126,9268,-10724,7928,-69,150,-194,-14276,5916,2940,-1010,93,-121,-14292,-1628,7336,-492,169,-137,0
2493.3099961280823,10200,3276,11780,-185,-124,91,9048,-10636,8076,-20,168,-178,-14244,5876,2820,-1275,66,-83,-14256,-1668,7372,-523,145,-160,0
2493.3435161113734,10048,3272,11624,-121,-101,112,9208,-10528,7868,-25,123,-127,-14320,5844,2884,-1028,99,-94,-14164,-1716,7336,-511,78,-162,0
2493.377145051956,9968,3296,11932,-102,-85,91,9296,-10596,7740,-27,134,-161,-14312,5884,3056,-1027,36,-79,-14268,-1672,7172,-517,119,-151,0
2493.410527944565,9964,3240,11588,-147,-54,62,9240,-10684,7868,-32,205,-146,-14540,5872,2824,-1011,93,-102,-14196,-1672,7408,-520,87,-165,0
2493.444221973419,10096,3428,11804,-97,-42,94,9292,-10648,7792,-50,161,-162,-14200,5672,2796,-1045,58,-107,-14308,-1672,7408,-521,128,-169,0
2493.477523088455,10052,3204,11900,-89,-64,96,9280,-10568,7752,-16,147,-182,-14340,5868,2952,-1009,141,-88,-14316,-1572,7488,-509,148,-149,0
2493.5111169815063,9916,3276,11764,-88,-28,82,9208,-10704,7704,-30,154,-154,-14332,5956,2856,-1045,111,-79,-14328,-1728,7228,-262,138,-172,0
2493.5446100234985,10028,3232,11944,-117,-69,93,9272,-10728,7932,-14,207,-128,-14308,5960,2952,-1032,69,-99,-14168,-1708,7496,-527,122,-200,0
2493.5782630443573,10016,3080,11944,-127,-24,81,9204,-10672,7836,4,196,-113,-14252,5904,2700,-1048,54,-90,-14272,-1700,7636,-522,132,-159,0
2493.611814022064,10012,3500,11608,-108,16,101,9196,-10632,7796,11,150,-107,-14260,5912,2980,-1025,40,-19,-14208,-1744,7376,-764,141,-128,0
2493.6450390815735,9940,3344,11808,-145,-25,136,9440,-10608,7856,-254,98,-134,-14256,5984,2824,-1010,51,-49,-14260,-1712,7328,-481,150,-149,0
2493.6785430908203,10068,3344,11600,-149,-42,133,9268,-10664,7732,28,137,-155,-14192,5936,2876,-989,13,-44,-14228,-1628,7560,-448,187,-139,0
2493.7118129730225,10112,3336,11772,-205,-42,125,9300,-10588,7816,69,140,-149,-14176,5976,3036,-998,30,-101,-14288,-1660,7184,-444,158,-116,0
2493.7456710338593,10224,3404,11992,-181,-45,125,9348,-10604,7896,60,142,-137,-14136,5672,2816,-1058,78,-52,-14136,-1672,7380,-470,174,-112,0
2493.779158115387,10020,3360,11552,-164,-49,98,9264,-10704,7792,8,211,-142,-14308,5984,2976,-1035,74,-68,-14188,-1604,7464,-459,160,-154,0
2493.812582015991,10080,3116,11928,-153,-79,91,9280,-10664,7808,10,209,-136,-14320,6016,2972,-1069,74,-71,-14384,-1708,7548,-514,103,-142,0
2493.846172094345,10048,3496,11536,-89,-253,83,9376,-10980,7796,17,211,-125,-14276,6044,2768,-1087,46,-78,-14360,-1692,7560,-587,90,-206,0
2493.879531145096,9736,3236,11956,-76,-32,89,9268,-10652,7900,7,207,-87,-14248,5976,2888,-1059,-2,-14,-14320,-1836,7428,-562,89,-175,0
2493.9130051136017,9772,3376,11692,-44,40,66,9248,-10540,7892,16,220,-61,-14240,6012,2808,-1036,35,-12,-14332,-1728,7472,-551,108,-192,0
2493.9462461471558,10016,3404,11892,-69,8,84,9284,-10696,7852,-249,229,-88,-14204,5972,2832,-1060,69,-77,-14276,-1772,7368,-511,125,-164,0
2493.9844729900365,9896,3360,11540,-96,19,85,9136,-10672,7536,-77,1,-87,-14216,6032,3000,-980,30,-60,-14232,-2024,7536,-547,141,-160,0
2494.0202209949493,9780,3512,12004,-84,-48,81,9224,-10668,7848,-82,194,-134,-14272,6004,2844,-931,63,-71,-14216,-1784,7504,-512,107,-172,0
2494.0555589199066,9912,3296,11896,-82,-74,97,9248,-10692,7720,-115,101,-177,-14196,6000,2796,-907,72,-55,-14324,-1792,7564,-538,131,-152,0
2494.090959072113,10036,3376,11824,-5,-50,83,9260,-10696,7716,-86,183,-121,-14336,6084,2936,-1014,90,-96,-14204,-1764,7488,-537,134,-170,0
2494.126105070114,10200,3368,11824,-57,-8,74,9212,-10872,8172,-68,121,-169,-14292,6008,2892,-1058,130,-77,-14164,-1556,7672,-546,114,-160,0
2494.161700963974,9952,3300,11860,-49,-3,83,9144,-10676,7852,-72,116,-155,-14200,6024,2928,-1064,135,-109,-14280,-1656,7352,-538,146,-146,0
2494.1976120471954,10220,3384,11564,-74,-43,86,9236,-10716,7876,-54,127,-150,-14560,5960,2836,-1008,114,-77,-14368,-1708,7488,-533,118,-143,0
2494.2322721481323,10096,3368,11568,-85,-6,92,9108,-10584,7720,-54,174,-105,-14124,6124,2640,-985,144,-76,-14592,-1784,7472,-263,123,-113,0
2494.2705130577087,10028,3560,12028,-144,4,84,9168,-10544,7860,-65,205,-130,-14364,5996,3012,-1025,99,-82,-14116,-1848,7328,-479,134,-116,0
2494.3059070110326,9944,3376,11900,-183,-5,94,9116,-10728,8076,-42,177,-152,-14300,5960,3152,-967,108,-85,-14264,-1808,7604,-473,153,-105,0
2494.3412709236145,9928,3468,11884,-250,-29,94,9092,-10784,8020,-42,173,-171,-14180,6048,3212,-915,43,-28,-14168,-1544,7588,-442,181,-66,0
2494.3776609897614,9856,3400,11948,-263,-123,123,9192,-10768,7752,-42,176,-194,-14092,6012,2888,-887,99,-93,-14268,-1804,7508,-442,191,-79,0
2494.4128551483154,9952,3348,11876,-228,-98,121,9184,-10756,8184,-118,23,-252,-14348,6048,2752,-879,110,-91,-14128,-1744,7448,-471,175,-72,0
2494.447662115097,9904,3416,11784,-260,-145,143,9160,-10700,7784,-109,86,-252,-14232,6020,2884,-830,34,-134,-14264,-1680,7424,-452,202,-61,0
2494.4834311008453,9944,3416,11852,-319,-126,131,9028,-10640,7836,-129,71,-253,-14216,5992,2836,-1011,29,-143,-14360,-1700,7268,-408,204,-37,0
2494.5196940898895,9988,3372,11732,-372,-112,152,9196,-10632,7824,-50,29,-231,-14168,5944,2744,-928,137,-66,-14320,-1708,7340,-359,169,-17,0
2494.5548329353333,10028,3356,11708,-408,-101,170,9348,-10656,7844,15,61,-229,-14216,6128,2852,-1011,173,-98,-14332,-1700,7480,-346,185,-19,0
2494.5904309749603,9840,3380,12008,-372,-58,171,9304,-10680,7952,-99,73,-229,-14380,5964,3016,-1028,158,-86,-14328,-1736,7172,-440,222,-19,0
2494.626028060913,9956,3352,11800,-370,-178,161,9212,-10636,7828,-71,44,-258,-14560,6024,2572,-769,191,-108,-14244,-1608,7440,-445,178,-29,0
2494.6595489978786,9988,3208,11864,-321,-204,176,9172,-10868,7724,-67,-23,-246,-14300,6056,2852,-1012,160,-125,-14236,-1704,7476,-458,190,-71,0
2494.6930010318756,9940,3264,11576,-276,-155,176,9104,-10516,7824,-256,-187,-301,-14280,5900,2956,-1034,133,-149,-14260,-1736,7344,-500,188,-96,0
2494.726557970047,10044,3340,11964,-193,-114,126,9208,-10624,7808,-55,-120,-283,-14240,6060,2852,-970,159,-157,-14264,-1716,7448,-502,159,-94,0
2494.760052919388,9812,3268,11800,-195,-128,161,9192,-10728,7680,-57,-181,-292,-14244,5896,2784,-976,219,-137,-14204,-1692,7324,-497,217,-81,0
2494.793776988983,9996,3320,11760,-180,-135,181,9384,-10612,7824,-75,-208,-319,-14244,5996,2864,-998,276,-147,-14200,-1672,7204,-469,194,-17,0
2494.8276150226593,9732,3264,11628,-249,-160,172,9372,-10760,7824,-126,-153,-299,-14288,6084,2900,-1012,286,-134,-14268,-1628,7448,-439,217,-46,0
2494.8611159324646,10112,3224,11932,-240,-178,132,9424,-10708,7620,-240,-71,-269,-14348,5960,2748,-990,161,-203,-14296,-1632,7556,-428,217,-47,0
2494.8942091464996,10040,3248,11540,-288,-182,115,9236,-10656,7616,-32,65,-207,-14368,5928,2828,-962,248,-167,-14272,-1704,7600,-452,225,-110,0
2494.9279289245605,10056,3208,11984,-286,-126,110,9336,-10776,7964,-81,38,-194,-14384,5948,2892,-1008,100,-130,-14324,-1720,7404,-476,193,-121,0
2494.9616940021515,10080,3236,11748,-158,-143,122,9372,-10632,7760,-106,69,-194,-14424,5984,2932,-985,46,-136,-14272,-1652,7340,-546,179,-175,0
2494.994987010956,10052,3220,11744,-109,-150,82,9140,-10672,7804,-128,114,-249,-14136,5972,2788,-1012,88,-150,-14300,-1716,7260,-541,192,-191,0
2495.0285539627075,9912,3276,11624,-7,-161,94,9252,-10684,7788,-150,70,-267,-14268,5968,2956,-866,53,-167,-14324,-1684,7372,-574,193,-174,0
2495.062094926834,10012,3324,11776,10,-47,76,9224,-10652,7964,253,-151,-225,-14396,5832,2700,-766,19,-118,-14332,-1660,7236,-623,130,-204,0
2495.0954229831696,10000,3308,11688,-19,-40,72,9324,-10680,7836,47,80,-192,-14264,5820,2364,-950,74,-99,-14268,-1704,7304,-518,140,-142,0
2495.129040956497,10112,3320,11624,-46,-11,124,9640,-10916,8036,78,-347,-156,-14112,5904,2816,-1036,104,-90,-14332,-2024,7364,-446,131,-122,0
2495.162421941757,10052,3444,11776,-88,12,108,9552,-10740,7748,-5,210,-200,-14388,5852,3040,-1114,140,-34,-14308,-1780,7496,-502,88,-129,0
2495.195685148239,10000,3296,11824,-85,29,128,9428,-10964,7880,-155,-92,-141,-14456,5992,2640,-1075,98,-48,-14112,-1988,7652,-561,69,-168,0
2495.229229927063,10012,3512,11828,-256,-6,86,9356,-10644,7452,-51,73,-183,-14276,5888,2860,-1051,89,-4,-14216,-1708,7584,-568,60,-164,0
2495.262666940689,10160,3832,11532,-233,65,75,8932,-9856,8680,-645,-125,-112,-14256,5984,3024,-1072,191,-27,-14140,-1548,7392,-606,63,-125,0
2495.296060085296,9964,3372,11864,-56,-12,136,9320,-10656,8480,54,-176,-79,-14192,5948,3028,-1072,165,-38,-14324,-1664,7436,-542,49,-133,0
2495.3299860954285,10064,3368,11940,-18,3,141,9460,-10632,7648,-83,53,-70,-14336,5996,2696,-1027,137,-83,-14292,-1640,7576,-767,39,-122,0
2495.3636479377747,10036,3248,11884,-34,20,121,9236,-10660,7720,-137,248,-89,-14360,5944,2852,-1043,115,233,-14308,-1776,7444,-547,105,-137,0
2495.39693403244,9908,3336,11780,-64,5,130,9484,-10672,7604,-154,-7,-100,-14280,5904,2788,-1013,113,-10,-14352,-1744,7472,-532,57,-127,0
2495.4304959774017,9932,3492,11612,-24,-53,133,9400,-10700,7748,-203,25,-105,-14200,6020,2852,-971,143,-38,-14248,-1672,7672,-514,102,-104,0
2495.4639971256256,9868,3352,12020,-73,-63,171,9312,-10604,7640,-150,8,-132,-14336,5948,2780,-1008,156,-89,-14100,-1680,7560,-482,113,-109,0
2495.4975819587708,10040,3316,11816,-26,-12,120,9220,-10636,7468,-166,28,-110,-14412,5948,2888,-947,48,-31,-14104,-1668,7388,-461,96,-124,0
2495.531070947647,10028,3352,11840,-49,-79,134,9456,-10752,7532,-135,79,-120,-14356,5996,2836,-934,38,227,-14324,-1688,7468,-471,108,-125,0
2495.564816951752,10048,3324,11692,-60,20,110,9448,-10696,7688,-82,77,-119,-14312,5972,2864,-945,20,-28,-14224,-1724,7464,-463,111,-183,0
2495.5981731414795,10064,3408,11752,-56,-20,89,9388,-10772,7640,-54,92,-137,-14292,6020,2800,-1028,50,-57,-14292,-1712,7548,-258,136,-151,0
2495.6339790821075,10000,3380,11836,-43,2,97,9424,-10808,7860,-45,100,-127,-14324,5884,2872,-1033,15,-22,-14172,-1712,7448,-523,119,-152,0
2495.669486999512,9860,3404,11796,-66,-243,112,9452,-10896,7628,-35,87,-139,-14280,6060,2980,-976,36,-115,-14144,-1772,7664,-494,125,-129,0
2495.704782962799,9892,3348,11720,-33,-251,79,9440,-10764,7576,-69,110,-157,-14284,5992,2616,-934,-29,-88,-14228,-1668,7336,-502,187,-169,0
2495.74013710022,9864,3336,11796,-57,-46,85,9344,-10524,7304,-34,124,-191,-14220,6012,3000,-972,48,-106,-13900,-1708,7428,-505,162,-174,0
2495.775665998459,9916,3480,11792,-54,-31,90,9456,-10688,7600,-80,121,-193,-14208,5980,2964,-966,52,-103,-14304,-1696,7488,-474,110,-128,0
2495.8112509250645,9976,3416,11848,-147,-26,40,9388,-10776,7572,-14,128,-199,-14296,5920,2896,-987,65,-113,-14092,-1684,7456,-462,141,-146,0
2495.847170114517,10236,3488,11996,-135,-66,47,9480,-10708,7316,12,181,-178,-14256,6004,2868,-1063,-255,-80,-14228,-1896,7224,-490,163,-165,0
2495.8823239803314,10008,3516,11748,-235,255,56,9428,-10660,7560,71,215,-135,-14188,5908,2876,-1018,43,-78,-14264,-2028,7524,-445,136,-150,0
2495.918190956116,9948,3544,11848,-287,-10,86,9420,-10772,7620,9,182,-176,-14352,5956,2804,-1056,97,-124,-14260,-1776,7312,-429,183,-112,0
2495.9537241458893,9952,3456,11764,-298,-157,111,9440,-10788,7708,43,148,-217,-14356,5956,3096,-1077,133,-108,-14344,-1716,7488,-463,187,-112,0
2495.9888920784,9972,3456,11540,-225,-85,111,9436,-10720,7672,-14,127,-219,-14204,5980,2992,-1019,110,-146,-14220,-1772,7520,-447,163,-71,0
2496.023915052414,9892,3452,11752,-282,-101,73,9440,-10676,7540,-77,136,-244,-14148,6132,2916,-902,61,-81,-14200,-1796,7452,-442,144,-108,0
2496.0600459575653,9960,3356,11940,-338,-93,48,9452,-10728,7828,-54,142,-248,-14164,6060,2976,-958,106,-128,-14192,-2020,7480,-372,152,-102,0
2496.095054149628,10028,3416,11860,-304,-88,76,9432,-10740,7752,-15,164,-235,-14296,5952,2836,-987,138,-127,-14212,-1672,7324,-460,189,-100,0
2496.1307320594788,9968,3424,11892,-280,-81,103,9432,-10724,7924,18,67,-224,-14164,5948,2736,-971,190,-146,-14296,-1660,7448,-434,200,-47,0
2496.1661801338196,9760,3336,11924,-318,-101,131,9268,-10708,7480,177,449,-440,-14104,6040,2760,-987,349,-180,-14112,-1620,7544,-460,301,14,0
2496.202266931534,9928,3552,11908,-311,-218,158,9316,-10876,7384,-186,-311,-181,-14448,5956,2936,-926,201,-134,-14516,-1656,7584,-416,209,-55,0
2496.238214969635,9944,3348,11712,-291,-146,148,9476,-10688,7592,-254,64,-242,-14264,5964,2712,-974,149,-129,-14280,-1732,7416,-473,201,-62,0
2496.2731001377106,9984,3088,11748,-348,-128,163,9620,-10908,7744,-57,30,-220,-14508,5984,2604,-982,175,-79,-14244,-1708,7324,-405,138,-82,0
2496.308958053589,9896,3400,11788,-348,-127,151,9448,-10676,7588,-10,109,-218,-14272,5936,2716,-977,166,-116,-14272,-1676,7180,-430,148,-62,0
2496.342455148697,10232,3228,11844,-320,-125,136,9456,-10664,7880,-42,169,-235,-14272,5980,2912,-959,139,-122,-14240,-1680,7448,-464,173,-101,0
2496.3759510517125,10128,3376,11784,-303,-148,93,9492,-10712,7604,-30,169,-233,-14312,6004,2848,-876,46,-132,-14176,-1716,7392,-461,216,-97,0
2496.4095821380615,9940,3364,11816,-321,-161,79,9464,-10648,7772,-247,173,-236,-14308,6032,2816,-913,24,-185,-14176,-1608,7328,-462,277,-82,0
2496.4429879188538,9880,3376,11560,-288,-209,119,9320,-10672,7676,-8,189,-274,-14184,5868,2844,-889,53,-128,-14196,-1752,7412,-459,252,-103,0
2496.4767260551453,9984,3304,11780,-3,-196,139,9440,-10680,7584,-31,222,-252,-14256,5872,2876,-887,82,-144,-14268,-1684,7344,-447,249,-39,0
2496.5102031230927,9908,3320,11736,-265,-172,168,9464,-10596,7612,-17,266,-199,-14280,5644,2876,-930,137,-146,-14336,-1700,7340,-475,181,-39,0
2496.543730020523,10040,3240,11952,-232,-160,200,9504,-10636,7768,5,203,-195,-14380,5868,2596,-1044,108,-87,-14312,-1644,7384,-501,182,-95,0
2496.5775229930878,10104,3276,11908,-216,-157,137,9500,-10696,7584,27,314,-140,-14092,5960,2844,-1021,111,-102,-14296,-1744,7336,-538,97,-121,0
2496.6110870838165,10016,3188,12028,-136,-91,119,9528,-10604,7640,3,144,-118,-14524,5956,2920,-1081,93,-34,-14280,-1588,7324,-522,85,-121,0
2496.6443660259247,10048,3092,11892,-164,-76,67,9440,-10604,7716,51,84,-147,-14312,5948,2756,-1134,150,-75,-14380,-1688,7412,-500,116,-143,0
2496.6792819499974,10068,3292,11844,-127,-8,126,9504,-10576,7612,53,72,-128,-14236,5980,2860,-1177,167,-26,-14412,-1704,7220,-490,88,-163,0
2496.7129089832306,10048,3304,11644,-71,-12,99,9408,-10744,7592,42,123,-117,-14292,5820,2800,-1208,121,-29,-14092,-1664,7568,-477,89,-168,0
2496.746724128723,9800,3084,11860,-133,-26,59,9448,-10648,7512,64,141,-127,-14232,5904,2672,-1178,139,-246,-14324,-1644,7364,-521,52,-180,0
2496.7800710201263,9972,3212,11868,-96,2,88,9476,-10644,7748,7,228,-105,-14324,5940,2908,-1149,119,-50,-14332,-1584,7388,-550,73,-185,0
2496.8136570453644,9732,3384,11740,-63,-18,74,9328,-10768,7724,24,253,-99,-14272,6024,2848,-1150,140,-57,-14268,-1652,7440,-548,110,-148,0
2496.847283124924,10208,3100,11924,-78,-22,80,9412,-10780,7620,57,147,-158,-14116,6052,2904,-1147,118,-68,-14160,-1692,7460,-544,87,-145,0
2496.880497932434,9932,3564,12024,-74,-29,92,9312,-10652,7704,27,28,-145,-14232,6024,2712,-1104,115,-43,-14552,-1732,7500,-522,106,-139,0
2496.913970947265,9952,3328,11652,-93,-17,105,9292,-10640,7604,-31,-27,-149,-14228,5940,2864,-1076,106,-46,-14308,-1724,7504,-524,97,-140,0
2496.9475491046906,10064,3372,11656,-81,-26,104,9388,-10680,7632,-256,55,-94,-14220,6108,2772,-1061,115,-99,-14268,-1724,7404,-532,114,-149,0
2496.9811561107635,9944,3348,11804,-45,-9,115,9216,-10576,7648,-15,37,-122,-14300,5960,2972,-1053,119,-53,-14404,-1548,7308,-524,108,-143,0
2497.0146911144257,10012,3268,11844,-75,-15,101,9480,-10684,7924,-21,98,-102,-14308,5676,3036,-1032,85,-22,-14308,-2044,7420,-765,92,-128,0
2497.0482680797577,9936,3348,11924,-100,-21,88,9416,-10604,7848,-4,104,-166,-14200,5920,2732,-1017,94,-51,-14224,-1780,7460,-509,109,-160,0
2497.0818219184875,10016,3316,11796,-69,-4,87,9456,-10604,7608,-6,90,-148,-14240,5960,2812,-1029,91,-86,-14332,-1708,7380,-536,123,-197,0
2497.1154351234436,10052,3392,11808,-87,-31,82,9360,-10684,7676,-34,74,-128,-14360,6140,3064,-1055,77,-103,-14280,-1800,7676,-507,141,-137,0
2497.1486361026764,9908,3400,11680,-85,-28,84,9428,-10700,7720,4,155,-148,-14264,6096,2648,-1030,103,-65,-14228,-1708,7548,-495,130,-181,0
2497.182209968567,9956,3272,11636,-88,-61,83,9388,-10588,7676,-35,165,-157,-14236,5932,2572,-1028,79,-38,-14516,-1720,7564,-507,128,-157,0
2497.2157340049744,9972,3360,11892,-100,-37,111,9372,-10688,7684,-37,116,-129,-14268,5944,2876,-1048,89,-34,-14284,-1548,7660,-265,136,-126,0
2497.2493741512294,9940,3368,11780,-128,-15,113,9348,-10740,7724,-35,136,-146,-14356,6016,2820,-1007,79,-80,-14244,-1760,7464,-537,136,-108,0
2497.282774925232,9912,3440,11600,-92,3,106,9336,-10720,7648,-61,85,-131,-14268,5988,2752,-962,85,-43,-14264,-1544,7444,-517,94,-145,0
2497.31870508194,9744,3336,11948,-125,-71,110,9444,-10716,7780,-59,121,-113,-14252,5944,2756,-992,102,-57,-14216,-1592,7592,-536,95,-144,0
2497.3545479774475,9944,3268,11792,-118,-16,92,9336,-10728,7588,-23,162,-125,-14236,5884,2704,-1054,131,-112,-14272,-1560,7656,-458,150,-120,0
2497.3897030353546,9732,3424,11708,-94,-39,99,9352,-10556,7656,-91,73,-165,-14096,5960,2832,-1004,64,-40,-14288,-1812,7452,-496,128,-153,0
2497.4370300769806,9728,3440,11736,-140,-24,80,9456,-10724,7788,-82,165,-169,-14288,6032,2940,-1020,69,-51,-14248,-1592,7568,-505,125,-144,0
2497.4829249382014,9940,3412,11920,-104,-45,80,9452,-10740,7620,-63,78,-175,-14272,6044,2864,-997,124,-93,-14216,-1656,7648,-501,148,-118,0
2497.5278179645534,9988,3388,11616,-139,-7,89,9428,-10612,7756,-90,40,-180,-14188,5940,3048,-1010,164,-105,-14256,-1664,7508,-496,155,-94,0
2497.5632140636444,9920,3412,11780,-181,-43,125,9388,-10728,7588,-79,90,-181,-14236,5968,3040,-1011,163,-45,-14240,-1740,7432,-487,152,-90,0
2497.598820924759,9896,3360,11748,-183,-62,114,9460,-10780,7712,-30,162,-194,-14264,5972,3044,-1265,148,-110,-14232,-1756,7408,-480,156,-90,0
2497.634287118912,9984,3464,11912,-225,-62,112,9436,-10696,7608,-82,137,-157,-14308,6008,2908,-975,130,-82,-14340,-1704,7468,-469,113,-76,0
2497.6695170402527,9852,3332,11732,-248,-94,133,9440,-10768,7652,-75,191,-171,-14176,5952,2840,-946,118,-113,-14148,-1756,7632,-460,150,-88,0
2497.7047150135045,9920,3392,11916,-216,-103,117,9392,-10792,7488,-112,115,-213,-14248,6048,2988,-938,104,-92,-14232,-1712,7500,-500,138,-95,0
2497.7406980991364,9992,3328,11804,-219,-167,83,9308,-10652,7624,-71,142,-252,-14224,5936,2984,-917,126,-152,-14112,-1588,7208,-478,178,-93,0
2497.7755019664764,9916,3124,11976,-276,-179,96,9456,-10640,7640,-132,150,-246,-14300,5844,2816,-867,99,-130,-14308,-1632,7408,-445,138,-117,0
2497.8112831115723,9984,3360,11640,-288,-85,81,9620,-10648,7900,-52,126,-242,-14296,5920,2692,-958,185,-122,-14256,-1644,7300,-435,167,-82,0
2497.8477399349213,9972,3328,11912,-263,-115,131,9704,-10740,7616,-12,178,-248,-14244,5960,3012,-1009,175,-117,-14348,-1764,7552,-427,183,-67,0
2497.8828229904175,10040,3528,11856,-280,-94,143,9412,-10832,7632,-58,134,-240,-14324,6004,2648,-1016,176,-160,-14260,-1660,7644,-446,193,-53,0
2497.9182460308075,9964,3364,11716,-510,-150,149,9368,-10716,7636,-19,102,-243,-14308,5928,2780,-1005,206,-126,-14100,-1776,7224,-470,159,-69,0
2497.953658103943,9932,3376,11816,-263,-139,173,9404,-10684,7812,-50,114,-207,-14288,6128,2564,-994,130,-108,-14244,-1776,7384,-461,173,-84,0
2497.9894700050354,9904,3396,11736,-296,-172,123,9452,-10716,7560,-248,150,-235,-14188,5804,2688,-1002,148,-76,-14228,-1780,7492,-427,166,-72,0
2498.0229461193085,10020,3168,11600,-340,-129,110,9340,-10612,7924,-64,30,-262,-14244,6056,2820,-1017,129,-122,-14212,-1724,7472,-408,192,-69,0
2498.0567190647125,9964,3248,11900,-339,-168,123,9228,-10648,7448,14,110,-1,-14268,5992,2988,-967,74,-153,-14136,-1640,7656,-418,223,-67,0
2498.09020113945,9888,3308,11640,-334,-142,167,9392,-10612,7568,30,116,-216,-14292,6024,2592,-965,88,-138,-14192,-1640,7420,-421,186,-86,0
2498.1234850883484,9976,3300,11856,-308,-158,154,9492,-10660,7504,7,110,-250,-14368,5932,2672,-963,86,-91,-14352,-1580,7440,-444,213,-99,0
2498.1570980548854,9812,3536,11992,-308,-162,106,9324,-10660,7636,31,144,-226,-14332,6048,3048,-986,68,-109,-14112,-1680,7564,-448,207,-95,0
2498.1906020641327,10224,3292,11544,-272,-147,97,9712,-10668,7568,22,175,-234,-14268,5636,2632,-775,122,-156,-14324,-1632,7592,-499,211,-104,0
2498.2241339683533,10076,3184,11708,-505,-200,116,9560,-10588,7460,31,173,-221,-14572,6052,2784,-1280,86,-165,-14228,-1604,7232,-483,174,-129,0
2498.257779121399,10028,3132,11596,-159,-144,137,9448,-10724,7524,34,112,-196,-14212,5912,2796,-1035,111,-114,-14320,-1708,7352,-533,143,-124,0
2498.2912981510162,9996,3268,11668,-142,-151,116,9436,-10680,7612,11,114,-169,-14320,5960,2764,-1034,79,-85,-14204,-1692,7352,-537,140,-150,0
2498.324765920639,9732,3304,11680,-114,-30,110,9520,-10556,7668,-10,118,-148,-14300,5888,2832,-1277,60,-78,-14252,-1740,7168,-541,157,-165,0
2498.3581550121307,10040,3320,11548,-92,-68,99,9468,-10688,7792,-253,119,-131,-14328,5644,3012,-1063,48,-106,-14288,-1756,7328,-575,150,-166,0
2498.3914220333095,10044,3260,11812,-84,-34,101,9580,-10608,7520,-9,123,-134,-14256,5944,2844,-1037,74,-45,-14260,-1720,7368,-528,145,-162,0
2498.425017118454,10016,3348,11884,-101,-2,88,9488,-10732,7748,-2,132,-129,-14352,5960,2872,-1038,96,-26,-14168,-1684,7416,-519,98,-182,0
2498.458559036255,9956,3548,11888,-88,-53,81,9304,-10592,7648,-40,130,-113,-14440,6052,2868,-1018,65,-29,-14276,-1612,7264,-541,118,-172,0
2498.492089033127,10024,3300,12028,-64,-41,103,9452,-10608,7520,-5,124,-143,-14156,6096,2868,-1041,81,-62,-14140,-1736,7480,-500,125,-166,0
2498.5256071090694,9976,3384,11812,-59,6,85,9364,-10580,7632,8,138,-152,-14240,5852,3032,-1060,84,-71,-14192,-1664,7328,-494,152,-157,0
2498.5593061447144,9972,3252,11820,-93,-64,71,9464,-10672,7584,-29,143,-182,-14272,6080,2564,-1058,106,-51,-14428,-1592,7552,-492,145,-174,0
2498.59321308136,10052,3324,11940,-118,-50,83,9480,-10732,7868,-69,84,-107,-14328,5996,2772,-1022,112,-23,-14268,-1400,7444,-532,95,-118,0
2498.626874923706,10048,3344,11880,-35,-256,124,9532,-10596,7640,-44,114,-110,-14316,5900,2824,-1071,153,-54,-14228,-1704,7184,-539,94,-138,0
2498.66005897522,10224,3536,11604,-63,5,139,9300,-10648,7624,-33,85,-101,-14380,5920,3000,-1049,125,-38,-14264,-1728,7548,-539,105,-158,0
2498.693817138672,10216,3532,11856,-49,-5,103,9552,-10712,7492,-60,104,-135,-14408,5948,2872,-1037,93,-79,-14368,-1724,7440,-541,112,-149,0
2498.727375984192,9968,3392,11860,-36,-38,88,9428,-10624,7600,-42,119,-103,-14296,6080,2852,-1051,98,-80,-14276,-1708,7424,-537,87,-175,0
2498.760936975479,9936,3348,11836,-42,-29,104,9348,-10664,7516,-61,106,-112,-14288,6028,2860,-1275,113,-44,-14272,-1744,7404,-539,104,-152,0
2498.794485092163,9928,3284,11736,-67,-254,92,9228,-10992,7692,-25,162,-129,-14204,5948,2592,-1280,97,-50,-14224,-1652,7436,-511,164,-158,0
2498.8281059265137,9968,3300,11844,-103,-46,77,9460,-10692,7744,-253,163,-135,-14268,6020,2940,-1055,108,-95,-14580,-1852,7488,-508,148,-149,0
2498.8617670536046,10200,3440,12012,-91,-43,102,9308,-10608,7836,-31,139,-149,-14316,5996,2616,-1025,110,-119,-14124,-1804,7484,-519,145,-152,0
2498.89523601532,9960,3428,11912,-122,10,93,9360,-10736,7428,250,163,-152,-14308,5908,2904,-1005,92,-67,-14236,-1792,7368,-512,134,-155,0
2498.928899049759,9732,3276,11812,-109,-85,85,9444,-10600,7764,-79,131,-154,-14268,5972,2832,-998,50,-62,-14208,-1760,7444,-496,104,-150,0
2498.9623091220856,9912,3168,11988,-136,-29,90,9248,-10644,7468,-39,93,-151,-14388,5988,2912,-1027,44,-25,-14232,-1744,7536,-465,142,-132,0
2498.9985039234166,9880,3328,11812,-112,-33,82,9340,-10672,7592,-20,129,-143,-14248,5964,2780,-1026,70,-60,-14524,-1832,7424,-471,113,-137,0
2499.033858060837,10020,3368,11812,-153,-37,101,9420,-10672,7652,-51,181,-108,-14128,5896,2944,-966,36,-58,-14160,-1764,7400,-481,125,-102,0
2499.0692069530487,9880,3428,11888,-198,-38,96,9336,-10688,7700,-62,68,-139,-14280,6136,2596,-947,99,-58,-14180,-1660,7500,-474,176,-90,0
2499.104089975357,9844,3464,11828,-208,-89,127,9424,-10668,7676,-117,88,-108,-14244,5980,2824,-1054,122,-90,-14228,-1612,7456,-435,186,-83,0
2499.139727115631,10212,3140,11596,-264,-86,142,9648,-10916,7704,20,33,-231,-14324,6028,2808,-970,133,-97,-14400,-1852,7620,-418,197,-54,0
2499.175218105316,10084,3380,11840,-20,-127,154,9696,-10184,8404,104,-363,-209,-14492,6008,2996,-863,23,-99,-14228,-1732,7504,-416,132,-134,0
2499.2106590270996,10108,3480,12088,-301,-117,89,9716,-10600,7428,-245,280,-52,-14520,5888,2820,-892,-129,20,-14168,-1648,7468,-407,129,-159,0
2499.2461400032043,9844,3376,11968,-406,-238,-1,9616,-10516,7688,-187,382,-215,-14244,5984,2656,-900,-60,-63,-14192,-1704,7552,-380,163,-104,0
2499.288166999817,9764,3444,11740,-317,-57,145,8984,-10736,7396,-117,42,-296,-14148,6048,2888,-959,258,-143,-14296,-1748,7504,-454,197,-40,0
2499.3234570026398,9924,3128,11884,-180,-107,184,9476,-10648,7672,-4,95,-221,-14128,5972,2812,-995,178,-188,-14168,-1824,7420,-473,264,-64,0
2499.3592920303345,9940,3308,11868,-237,-182,155,9420,-10524,7544,-24,146,-298,-14244,5932,2568,-974,219,-180,-14100,-1760,7368,-409,291,-6,0
2499.3945450782776,10192,3196,11724,-331,-266,134,9232,-10608,7436,-68,126,-341,-14536,5988,2888,-925,148,-194,-14424,-1720,7172,-411,511,-70,0
2499.4301619529724,10224,3296,11852,-372,-214,141,9592,-10744,7896,18,187,-235,-14340,5984,2736,-1008,128,-125,-14284,-1704,7576,-393,201,-46,0
2499.4654309749603,9804,3372,11856,-293,-140,144,9504,-10624,7832,-7,134,-2,-14268,5916,2828,-1025,194,-131,-14572,-1716,7648,-389,192,-28,0
2499.5009350776672,9732,3340,11872,-318,-188,149,9268,-10624,7436,-43,189,-240,-14508,5820,2964,-1003,134,-142,-14324,-1672,7284,-393,249,-17,0
2499.5361490249634,9796,3284,11576,-340,-199,135,9724,-10548,7584,-52,239,-240,-14224,5984,2740,-987,97,-125,-14276,-1716,7272,-408,225,-91,0
2499.5718719959254,10164,3300,11700,-272,-171,119,9532,-10540,7584,-76,154,-219,-14232,5884,2696,-972,78,-63,-14296,-1792,7240,-438,136,-107,0
2499.607748031616,10084,3244,11732,-300,-186,62,9320,-10572,7672,-69,232,-166,-14200,5988,2600,-948,45,-115,-14232,-1580,7332,-451,128,-82,0
2499.6438710689545,10016,3216,11756,-253,-133,131,9436,-10788,7764,-39,84,-240,-14236,5992,2828,-989,162,-75,-14264,-1332,7192,-502,146,-98,0
2499.6773819923405,10076,3180,11884,-164,-122,144,9380,-10532,7480,-5,115,-214,-14268,6024,2820,-1028,98,-116,-14096,-1688,7432,-514,182,-118,0
2499.7107379436493,10068,3148,11848,-186,-155,144,9544,-10640,7664,-22,130,-184,-14296,5920,2704,-1003,114,-144,-14124,-1556,7560,-472,153,-115,0
2499.7442400455475,10036,3232,11912,-164,-145,111,9552,-10620,7616,-36,173,-185,-14208,5972,2832,-987,114,-101,-14236,-1632,7312,-493,162,-102,0
2499.7780129909515,10068,3292,11812,-152,-84,119,9400,-10556,7640,-18,178,-174,-14160,5900,2688,-1058,133,-78,-14536,-1688,7284,-498,146,-143,0
2499.811275959015,10092,3268,11792,-96,-71,111,9596,-10676,7724,-3,207,-154,-14360,5860,2900,-1052,115,-66,-14316,-1732,7424,-516,125,-140,0
2499.844491958618,10016,3320,11780,-79,-21,68,9532,-10680,7744,-42,222,-128,-14292,5708,2892,-1075,83,-78,-14332,-1668,7440,-523,111,-158,0
2499.8780879974365,10108,3268,11640,-129,-46,39,9324,-10580,7672,18,303,-95,-14212,5952,2708,-1095,97,-43,-14368,-1600,7336,-516,103,-151,0
2499.9115819931026,10064,3120,11772,-153,-32,77,9460,-10744,7800,21,249,-99,-14320,5964,2920,-1070,94,-25,-14240,-1712,7564,-519,113,-124,0
2499.9453511238094,10128,3236,11864,-70,-51,91,9384,-10608,7696,7,194,-119,-14252,5984,2744,-1068,94,-34,-14336,-1732,7168,-554,110,-168,0
2499.978950023651,10212,3296,11676,-61,-15,103,9452,-10648,7724,13,159,-106,-14284,5932,2660,-1086,107,-40,-14244,-1784,7260,-569,117,-115,0
2500.0123429298405,10000,3296,11912,-52,-19,128,9300,-10676,7776,2,143,-103,-14284,5700,2848,-1067,116,-102,-14300,-1668,7472,-528,127,-106,0
2500.04558801651,9992,3308,11692,-97,-38,114,9392,-10624,7656,-46,125,-88,-14236,5896,2876,-1015,108,-46,-14168,-1676,7368,-525,108,-142,0
2500.0791940689087,10064,3288,11936,-105,-37,111,9392,-10692,7896,-116,169,-123,-14264,5948,2848,-988,99,-27,-14368,-1764,7668,-529,88,-118,0
2500.1127219200134,10072,3280,11948,-135,-43,123,9236,-10684,7668,-73,186,-83,-14356,5876,2804,-1019,82,-42,-14516,-1676,7640,-482,65,-135,0
2500.1458890438084,10168,3364,11844,-104,1,98,9248,-10588,7548,-101,177,-93,-14276,5704,2560,-996,40,-58,-14240,-1676,7244,-506,77,-168,0
2500.179477930069,10132,3220,11940,-136,7,71,9360,-10976,7732,-36,296,-82,-14308,5968,2632,-1279,66,243,-14212,-1648,7644,-498,120,-172,0
2500.2129480838776,10144,3264,11940,-137,-23,85,9416,-10692,7524,-27,222,-97,-14412,6004,2728,-1059,76,-231,-14236,-1564,7344,-530,78,-172,0
2500.2465429306026,10004,3148,11544,-58,-20,77,9336,-10684,7748,-28,174,-98,-14236,6004,2688,-1042,82,-45,-14180,-1720,7432,-530,97,-170,0
2500.2800669670105,9924,3524,11868,-104,-20,117,9292,-10748,7808,-43,196,-100,-14340,6048,2784,-769,89,-47,-14292,-1716,7508,-575,84,-129,0
2500.313719034195,9976,3124,11984,-112,-31,149,9336,-10720,7816,-26,193,-85,-14236,5892,2972,-991,78,-50,-14164,-1824,7504,-547,111,-133,0
2500.3470549583435,9964,3268,11872,-86,-47,117,9400,-10584,7636,-17,236,-123,-14276,6000,2916,-1012,56,6,-14264,-1572,7192,-509,126,-135,0
2500.380481004715,9912,3076,12028,-135,-46,126,9316,-10728,7708,11,201,-117,-14296,5920,3012,-1013,46,-65,-14232,-1704,7192,-258,162,-128,0
2500.4139919281006,10216,3556,11932,-130,-53,125,9444,-10708,7680,-55,217,-142,-14184,5916,2988,-986,41,-64,-14212,-1724,7340,-488,157,-156,0
2500.447343111038,10048,3540,11656,-143,-61,93,9336,-10688,7760,-34,508,-117,-14308,5988,2936,-973,16,-62,-14196,-1748,7324,-762,168,-164,0
2500.4810650348663,10048,3304,11820,-121,-22,78,9344,-10660,7876,-55,219,-108,-14308,6088,3020,-961,43,-50,-14300,-1616,7584,-465,157,-121,0
2500.5145061016083,10044,3392,12008,-149,-12,113,9236,-10652,7544,-50,185,-105,-14220,5904,2864,-994,61,-36,-14328,-1768,7448,-502,155,-129,0
2500.5481030941014,9868,3436,11588,-191,-27,132,9316,-10864,8000,138,-95,-100,-14260,6016,2752,-1009,130,-52,-14256,-1612,7432,-499,141,-86,0
2500.5817971229553,9916,3328,11980,-166,-25,130,9296,-10596,7740,-193,170,-94,-14308,6048,2776,-995,166,-77,-14240,-1720,7520,-486,122,-101,0
2500.615546941757,9980,3296,11908,-247,-13,131,9484,-10856,7772,-128,52,-68,-14280,5908,2888,-986,75,-32,-14284,-1712,7476,-476,121,-74,0
2500.6487240791325,9960,3316,12056,-287,-16,124,9844,-10552,7660,-252,109,-203,-14216,6012,2820,-984,126,-53,-14260,-1724,7516,-463,142,-62,0
2500.6848759651184,9884,3152,12016,-300,-95,162,9456,-10956,7892,-58,28,-229,-14248,6036,2868,-980,145,-133,-14332,-1588,7596,-486,174,-57,0
2500.720251083374,10184,3348,11860,-225,-144,156,9176,-10828,7772,-119,-129,-307,-14256,6020,3100,-905,237,-154,-14212,-1764,7312,-454,180,-35,0
2500.7557139396667,10216,3344,11944,-190,-154,166,9376,-10568,7536,-115,-171,-364,-14264,6068,2724,-922,223,-160,-14132,-1688,7448,-494,217,-69,0
2500.791258096695,10064,3176,11804,-188,-195,136,9340,-10644,7952,-68,-134,-387,-14364,6028,2736,-927,110,-165,-14176,-1688,7656,-481,167,-94,0
2500.8275649547577,9924,3564,11592,-266,-60,109,9332,-10628,7460,27,-49,-286,-14284,5668,2940,-961,140,-124,-14324,-1696,7392,-426,170,-78,0
2500.862503051758,10100,3276,12228,-332,-123,124,9576,-10628,7552,59,132,-284,-14372,5956,3020,-981,113,-136,-14284,-1672,7616,-422,227,-81,0
2500.8986999988556,9964,3300,11724,-350,-131,134,9496,-10736,7748,14,3,-318,-14516,6016,2564,-949,172,-122,-14288,-1640,7536,-418,196,-47,0
2500.9341521263123,9988,3308,11736,-252,-133,142,9424,-10916,7628,-75,-255,-278,-14300,5704,2748,-1001,217,-162,-14400,-1672,7372,-464,179,-103,0
2500.9695739746094,9924,3240,11720,-249,-114,161,9412,-10664,7676,-75,-255,-291,-14208,6004,2692,-1001,285,-147,-14240,-1708,7424,-494,155,-61,0
2501.005126953125,10004,3280,11780,-193,-110,163,9436,-10636,7580,-46,-243,-248,-14200,6020,2692,-1043,215,-153,-14192,-1600,7536,-517,152,-46,0
2501.0403859615326,9904,3212,11904,-208,-104,119,9428,-10720,7476,10,115,-230,-14492,6024,2616,-1003,175,-103,-14244,-1628,7488,-481,182,-60,0
2501.075856924057,10072,3296,11652,-230,-103,102,9504,-10728,7124,-113,166,-217,-14280,5908,2664,-999,173,-128,-14340,-1596,7456,-442,184,-101,0
2501.11110496521,9912,3248,11928,-290,-191,114,9512,-10708,7632,-16,181,-249,-14516,6044,2880,-1001,162,-154,-14244,-1676,7640,-472,218,-106,0
2501.1471190452576,10076,3228,11532,-201,-202,128,9224,-10644,7628,-40,58,-243,-14364,5848,2784,-1014,219,-155,-14240,-1620,7672,-483,189,-78,0
2501.1823160648346,10088,3216,11804,-176,-161,155,9504,-10720,7560,-45,42,-265,-14264,5936,2852,-1004,209,-134,-14308,-1728,7424,-460,177,-69,0
2501.2175481319427,10080,3244,11784,-165,-173,134,9536,-10640,7608,-87,69,-218,-14232,5992,2868,-972,180,-91,-14336,-1648,7192,-455,153,-99,0
2501.2531900405884,10132,3212,11756,-132,-166,135,9512,-10688,7560,-124,60,-206,-14256,6044,2916,-990,137,-116,-14312,-1664,7520,-506,114,-113,0
2501.2893290519714,10160,3348,11820,-107,-104,134,9572,-10716,7712,-82,80,-168,-14340,5924,2852,-972,135,-40,-14332,-1636,7612,-509,80,-120,0
2501.3260619640346,10136,3304,11760,-93,-59,132,9576,-10676,7492,-113,77,-136,-14288,5900,2652,-1015,121,-22,-14096,-1608,7392,-485,83,-108,0
2501.359555006027,9988,3320,11996,-140,-57,121,9528,-10516,7232,-103,75,-137,-14240,5908,2676,-1018,149,238,-14208,-1588,7356,-457,100,-75,0
2501.392877101898,10124,3252,11720,-130,-5,172,9456,-10664,7568,-119,37,-87,-14300,5988,2788,-993,139,20,-14144,-1628,7204,-259,79,-102,0
2501.4264709949493,10140,3288,12000,-89,-42,170,9568,-10720,7612,-51,26,-101,-14380,6016,3068,-1058,100,-252,-14288,-1648,7240,-554,71,-105,0
2501.45995092392,10132,3260,11800,-90,251,172,9580,-10936,7468,-24,61,-57,-14320,5952,2680,-1048,115,26,-14232,-1628,7632,-545,86,-66,0
2501.493399143219,10036,3196,12020,-94,11,181,9316,-10632,7588,-61,54,-43,-14236,5956,2772,-1031,93,6,-14208,-1364,7396,-508,111,-92,0
2501.5270109176636,10028,3280,11940,-115,-26,152,9480,-10748,7596,-25,68,-123,-14236,5980,2784,-1276,100,6,-14180,-1460,7568,-521,128,-91,0
2501.560481071472,10220,3108,11728,-95,17,156,9504,-10760,7448,-36,73,-87,-14292,6000,2664,-997,72,-6,-14252,-1648,7428,-512,132,-109,0
2501.5940120220184,9748,3192,11996,-69,242,147,9480,-10708,7500,-25,111,-105,-14324,6024,2700,-1003,67,39,-14220,-1588,7480,-496,108,-135,0
2501.6275420188904,10052,3272,11888,-118,22,119,9472,-10788,7580,-43,115,-121,-14104,6060,2836,-1005,52,-58,-14264,-1684,7552,-500,121,-136,0
2501.6608049869537,10036,3284,11848,-99,-45,96,9504,-10712,7544,-89,95,-160,-14336,6024,2600,-955,91,224,-14188,-1604,7452,-494,118,-131,0
2501.6940779685974,10120,3184,11892,-82,-67,115,9676,-10508,7168,-75,83,-124,-14344,6080,2768,-960,69,-13,-14272,-1556,7504,-498,124,-132,0
2501.727921009064,10036,3228,11732,-70,-251,76,9504,-10984,7544,-31,113,-134,-14320,6044,2424,-990,42,-34,-14288,-1300,7500,-531,92,-182,0
2501.761794090271,10008,3224,11832,-102,13,69,9660,-10888,7488,-12,136,-127,-14440,6016,2708,-1017,-4,-46,-14248,-1676,7456,-485,102,-218,0
2501.7954940795894,10076,3184,11664,-97,254,42,9488,-10780,7512,22,167,-132,-14268,6076,2972,-1048,-11,-98,-14248,-1548,7464,-528,136,-210,0
2501.8291239738464,9912,3248,11924,-31,41,31,9396,-10844,7508,114,190,-134,-14256,6060,2568,-1065,18,-124,-14120,-1624,7528,-577,140,-219,0
2501.8624839782715,9960,3268,11796,-27,14,35,9524,-10780,7800,53,150,-128,-14256,6048,2852,-1061,27,-83,-14260,-1640,7664,-572,142,-225,0
2501.896136045456,9756,3308,11776,-30,-39,45,9484,-10804,7752,57,150,-156,-14292,5952,2860,-1086,38,-74,-14168,-1748,7496,-578,149,-185,0
2501.929804086685,10000,3424,11864,-39,-30,72,9460,-10604,7588,17,134,-159,-14216,6048,2876,-1038,68,-74,-14176,-1720,7524,-535,121,-180,0
2501.9634170532227,9980,3372,11612,-51,0,57,9292,-10640,7528,-5,128,-142,-14252,6024,2776,-1021,82,-104,-14180,-1796,7428,-508,92,-129,0
2501.9971709251404,9956,3396,11780,-141,-36,95,9452,-10660,7600,-61,113,-155,-14224,5996,2604,-1002,100,-69,-13992,-1764,7592,-469,155,-95,0
2502.0307581424713,9932,3288,12024,-201,-58,119,9228,-10992,7532,-67,125,-210,-14192,5984,2820,-979,101,-101,-14532,-1628,7264,-438,159,-138,0
2502.064265012741,9732,3424,11952,-147,-60,97,9492,-10780,7580,-73,119,-194,-14252,6080,2652,-955,123,-53,-14324,-1684,7528,-484,145,-153,0
2502.0979630947113,9956,3236,11812,-163,-58,88,9540,-10756,7456,-5,94,-189,-14324,6056,2800,-1014,98,-73,-14128,-1604,7464,-262,167,-96,0
2502.1310040950775,10048,3360,11808,-154,-22,135,9416,-10716,7528,-28,96,-174,-14272,5984,2772,-1014,157,-115,-14140,-1748,7184,-493,129,-95,0
2502.1644430160522,10056,3436,11792,-128,-9,98,9632,-10656,7636,-71,137,-164,-14316,6020,2820,-772,133,-81,-14224,-1612,7520,-507,135,-86,0
2502.1981499195094,10000,3332,11680,-169,-30,116,9476,-10688,7664,-17,156,-155,-14164,6036,2700,-1033,143,-50,-14232,-1676,7368,-499,130,-58,0
2502.23175406456,9968,3128,11948,-196,12,149,9480,-10668,7552,-34,143,-113,-14316,5988,2604,-1029,67,-19,-14252,-1760,7568,-437,112,-90,0
2502.265552997589,9960,3276,11848,-271,-28,109,9508,-10832,7564,-40,160,-177,-14284,6084,2912,-995,87,-11,-14304,-1672,7528,-437,132,-91,0
2502.2993280887604,9948,3316,11932,-275,-79,85,9452,-10868,7628,-19,133,-202,-14320,6020,2920,-972,98,-134,-14276,-1644,7684,-496,136,-102,0
2502.3328249454494,9992,3280,11844,-191,-69,73,9512,-10816,7516,-50,109,-219,-14312,6132,2736,-955,76,-109,-14244,-1704,7548,-501,181,-133,0
2502.369583129883,9760,3260,11832,-210,-102,43,9428,-10836,7496,-49,151,-13,-14140,6016,2640,-936,127,-133,-14152,-1564,7516,-472,193,-128,0
2502.4056761264806,9832,3476,11732,-289,-127,66,9392,-10740,7408,-62,211,-239,-14160,6060,2668,-943,125,-124,-14228,-1588,7448,-432,197,-94,0
2502.4414401054382,10232,3236,11944,-317,-109,73,9444,-10968,7544,-4,212,-242,-14300,5912,2664,-974,143,-174,-14528,-1700,7556,-419,188,-82,0
2502.4771060943604,9836,3328,11904,-265,-75,90,9260,-10688,7664,255,171,-255,-14392,5988,2660,-981,181,-127,-14304,-1772,7424,-409,165,-45,0
2502.5128679275513,10100,3252,11876,-306,-108,97,9592,-10756,7436,7,215,-244,-14592,6096,2692,-983,195,-170,-14264,-1592,7452,-453,206,-73,0
2502.548285961151,10056,3252,11740,-253,-161,95,9532,-10780,7508,-11,169,-265,-14328,5972,3068,-1279,138,-161,-14200,-1604,7536,-470,214,-107,0
2502.5833311080933,9972,3272,11832,-268,-155,99,9620,-10948,7480,9,195,-505,-14336,5960,2776,-1002,112,-213,-14280,-1604,7496,-511,197,-131,0
2502.618301153183,10044,3236,11776,-209,-130,91,9568,-10616,7512,20,167,-232,-14248,6048,2856,-987,51,-159,-14304,-1572,7656,-507,157,-173,0
2502.653932094574,9996,3272,11844,-199,-113,47,9572,-10708,7484,42,180,-226,-14332,5884,2836,-1055,56,-147,-14340,-1664,7312,-481,145,-189,0
2502.6893401145935,10220,3248,11960,-197,-107,88,9444,-10616,7588,18,150,-1,-14340,5996,2668,-1010,125,-108,-14324,-1676,7268,-476,134,-158,0
2502.724563121796,9968,3240,12004,-200,-122,69,9540,-10544,7560,10,121,-239,-14440,5900,2716,-1011,50,-181,-14308,-1752,7476,-441,151,-170,0
2502.7600729465485,10064,3500,11804,-207,-85,52,9284,-10760,7596,16,134,-238,-14380,5984,2680,-1008,53,-109,-14172,-1708,7504,-467,173,-160,0
2502.794944047928,9880,3184,11840,-224,-135,90,9356,-10616,7572,4,151,-243,-14216,6060,2860,-1277,87,-180,-14208,-1716,7560,-415,208,-111,0
2502.8303339481354,9880,3524,11992,-510,-145,105,9412,-10720,7640,-22,132,-225,-14232,6084,3004,-993,121,-169,-14244,-1708,7416,-486,224,-103,0
2502.8655791282654,9932,3284,11916,-232,-158,126,9472,-10676,7612,-17,131,-222,-14336,6076,2844,-1016,149,-182,-14268,-1556,7464,-472,177,-74,0
2502.9014930725098,10112,3272,11832,-151,-145,170,9568,-10476,7676,-60,105,-190,-14340,5904,2812,-978,124,-59,-14316,-1756,7336,-505,116,-119,0
2502.9375381469727,10084,3424,11916,-113,-143,130,9448,-10636,7508,-56,101,-120,-14360,5776,2796,-990,95,-83,-14324,-1740,7180,-562,47,-167,0
2502.9728429317474,10228,3304,11876,-58,-70,103,9540,-10592,7520,-69,99,-129,-14380,5980,2720,-772,66,-27,-14232,-1620,7632,-584,110,-134,0
2503.0098469257355,10136,3232,11712,-60,-55,76,9644,-10628,7520,-5,129,-144,-14216,5860,2712,-1056,51,-65,-14268,-1556,7400,-506,127,-159,0
2503.043424129486,10144,3288,11712,-86,-34,81,9552,-10572,7568,17,81,-148,-14180,5916,2848,-1049,98,-80,-14248,-1544,7288,-497,172,-149,0
2503.0771169662476,10176,3180,11904,-71,-58,75,9568,-10524,7648,33,150,-163,-14340,6052,2660,-1061,68,-61,-14240,-1640,7476,-494,189,-177,0
2503.110544919968,9988,3524,11868,-114,-76,96,9580,-10644,7532,54,231,-198,-14160,6016,2936,-1020,65,-35,-14292,-1680,7492,-530,136,-144,0
2503.143614053726,9964,3292,11916,-81,-26,101,9452,-10600,7876,129,518,-204,-14200,6072,2908,-1016,58,-37,-14252,-1708,7448,-529,157,-123,0
2503.1774480342865,9752,3328,11844,-98,-29,122,9572,-10628,7736,-133,-94,-58,-14572,5996,2924,-987,58,-39,-14248,-1700,7520,-518,99,-158,0
2503.2110669612885,9992,3240,11872,-77,19,110,9300,-10924,7884,-48,75,-99,-14300,6108,2976,-975,38,235,-14296,-1656,7648,-498,119,-161,0
2503.2444801330566,9756,3516,11984,-109,-40,129,9476,-10736,7796,-89,-33,-116,-14188,5988,2796,-977,47,-38,-14284,-1696,7424,-498,74,-132,0
2503.2780570983887,10224,3116,11820,-90,-5,107,9672,-10688,7568,-57,43,-114,-14216,5956,2744,-991,72,-46,-14280,-1620,7460,-530,110,-203,0
2503.3117060661316,10040,3252,11848,-78,-65,81,9416,-10768,7520,6,140,-154,-14252,5924,2776,-1013,65,-69,-14168,-1556,7512,-509,179,-168,0
2503.3453509807587,9904,3196,11720,-75,-65,66,9512,-10680,7500,102,258,-227,-14272,6056,2580,-1038,86,-103,-14248,-1624,7544,-766,167,-181,0
2503.378682136536,10236,3148,11564,-63,-54,67,9548,-10604,7516,40,330,-156,-14328,5820,2720,-1009,86,-104,-14312,-1604,7436,-509,130,-170,0
2503.4119060039525,10208,3284,11836,-56,-56,85,9472,-10696,7560,89,340,-185,-14560,6016,2884,-1050,63,-76,-14324,-1724,7472,-534,157,-202,0
2503.4454960823055,10060,3576,11736,-74,-44,79,9692,-10676,7816,116,246,-190,-14288,5680,2688,-1029,35,-44,-14224,-1792,7520,-552,87,-166,0
2503.479145050049,9888,3340,11764,-80,10,74,9652,-10676,7452,-171,-255,-68,-14176,5908,3036,-1002,70,-2,-14536,-1696,7516,-524,90,-210,0
2503.512732028961,9936,3404,11672,-88,30,80,9392,-10628,7636,-84,-59,-90,-14200,5964,2816,-1032,50,-63,-14200,-1768,7672,-536,86,-171,0
2503.5463831424713,9904,3264,11772,-99,19,78,9548,-10616,7556,26,16,-118,-14228,5952,2560,-773,65,-72,-14248,-1748,7560,-487,142,-152,0
2503.579898118973,9936,3376,11944,-98,-20,100,9460,-10728,7560,-120,13,-110,-14216,6004,2824,-1026,58,-82,-14336,-1704,7544,-500,96,-156,0
2503.61359000206,9932,3568,11828,-102,-33,74,9420,-10680,7688,-88,-7,-133,-14344,6020,2928,-1015,66,-14,-14112,-1684,7464,-524,131,-152,0
2503.6471340656285,9844,3572,11920,-87,-6,94,9692,-10632,7552,-11,108,-148,-14188,5976,2932,-1035,83,-64,-14192,-1676,7520,-501,106,-141,0
2503.680845975876,9872,3412,11812,-97,-27,102,9688,-10636,7592,248,85,-167,-14276,5916,2660,-1034,132,-96,-14204,-1744,7424,-261,132,-155,0
2503.7139711380005,9884,3364,12004,-61,-35,70,9536,-10676,7544,-9,137,-161,-14308,6300,2992,-1041,76,-86,-14264,-1752,7432,-479,153,-117,0
2503.747710943222,10044,3452,12012,-25,-59,88,9508,-10748,7716,-125,129,-156,-14340,5976,2852,-975,-40,-70,-14300,-1956,7472,-526,131,-166,0
2503.7812790870667,9976,3424,11812,-23,-84,86,9544,-10740,7608,-44,167,-161,-14308,5904,2652,-1018,-36,-53,-14168,-1692,7424,-407,156,-91,0
2503.814868927002,9804,3360,11620,-64,-36,117,9440,-10668,7660,-19,116,-173,-14288,6092,2888,-924,82,-73,-14204,-1740,7396,-480,173,-119,0
2503.8484039306645,9832,3444,11872,-106,-44,117,9720,-10728,7904,-58,156,-173,-14248,5944,2920,-998,179,-113,-14268,-1772,7448,-268,143,-121,0
2503.881968975067,9960,3484,11780,-166,-27,111,9344,-10740,7708,-44,151,-154,-14292,6040,2964,-1014,192,-88,-14180,-1668,7548,-497,134,-143,0
2503.914994955063,9844,3416,12036,-225,-37,93,9220,-10680,7704,-67,187,-188,-14272,5948,2876,-1052,170,-84,-14288,-1752,7560,-469,163,-99,0
2503.948676109314,10028,3464,11948,-512,-48,71,9504,-10500,7608,-15,153,-187,-14224,6000,2876,-1046,178,-70,-14268,-1908,7480,-473,116,-91,0
2503.9822900295258,9932,3432,11844,-259,-93,107,9568,-10504,7848,-48,135,-176,-14392,5996,2872,-1047,190,-135,-14216,-1672,7660,-266,115,-121,0
2504.0156431198125,9872,3432,12096,-234,-134,103,9440,-10728,7660,-95,165,-222,-14280,6036,3036,-1025,188,-174,-14216,-1772,7528,-523,121,-119,0
2504.0523481369014,10000,3136,11980,-234,-118,82,9540,-10724,7760,-102,148,-222,-14328,5956,2892,-1011,217,-144,-14196,-1712,7544,-531,117,-119,0
2504.0881221294403,9900,3568,11980,-210,-124,85,9724,-10884,7616,-141,166,-212,-14244,5960,2824,-1002,171,-145,-14148,-1624,7520,-479,147,-59,0
2504.1228799819946,9948,3324,11740,-314,-72,109,9404,-10600,7628,-94,193,-200,-14292,5984,2744,-953,161,-57,-14252,-1752,7588,-448,109,-82,0
2504.1584680080414,9792,3332,11736,-322,-36,114,9432,-10648,7716,-93,170,-193,-14328,5924,2916,-977,167,-98,-14236,-1760,7528,-415,156,-59,0
2504.193572998047,10216,3348,11780,-368,-84,115,9528,-10668,7692,-64,178,-239,-14236,6036,2976,-1005,140,-113,-14296,-1680,7272,-434,231,-47,0
2504.2294120788574,9984,3396,11716,-286,-145,113,9488,-10748,7636,-113,132,-273,-14336,5644,2860,-902,132,-155,-14100,-1728,7488,-465,240,-85,0
2504.2649669647217,9952,3352,11780,-251,-159,118,9376,-10724,7572,-113,149,-256,-14296,5892,2888,-846,87,-141,-14564,-1632,7484,-472,263,-104,0
2504.30357003212,9856,3576,11808,-272,-165,116,9336,-10652,7684,-61,163,-243,-14312,5908,2856,-802,39,-112,-14148,-1708,7312,-495,288,-78,0
2504.3392300605774,9756,3384,11736,-287,-158,125,9368,-10740,7664,-41,184,-269,-14276,6012,2884,-701,-31,-182,-14248,-1724,7480,-538,272,-53,0
2504.3750410079956,9972,3352,11732,-304,-88,136,9496,-10664,7520,-29,168,-244,-14312,5908,2740,-712,84,-83,-14288,-1640,7536,-495,209,-38,0
2504.410387992859,10092,3256,11936,-341,-147,155,9524,-10708,7448,-34,178,-255,-14228,5952,2676,-891,94,-114,-14544,-1640,7464,-410,223,-41,0
2504.4449141025543,9996,3268,11948,-356,-150,171,9700,-10740,7600,-53,112,-253,-14396,5892,2952,-925,73,-86,-14332,-1680,7440,-421,249,-37,0
2504.4812369346614,10172,3172,11832,-300,-130,150,9460,-10688,7624,-67,89,-218,-14240,6024,2676,-883,131,-107,-14264,-1556,7476,-438,169,-60,0
2504.517091035843,9944,3212,11852,-285,-118,134,9464,-10824,7528,-38,118,-197,-14252,5960,2844,-756,20,-117,-14168,-1664,7304,-482,211,-84,0
2504.5522351264954,9940,3204,12012,-245,-174,120,9492,-10784,7504,-112,118,-214,-14332,6092,2760,-741,110,-89,-14252,-1672,7652,-561,145,-65,0
2504.588588953018,9924,3344,11860,-194,-155,110,9224,-10948,7436,-176,61,-219,-14308,6068,2844,-779,68,-165,-14240,-1584,7672,-516,153,-114,0
2504.6237370967865,10060,3224,11892,-181,-143,102,9272,-10636,7440,-116,117,-210,-14388,5980,2672,-826,127,-96,-14304,-1608,7340,-531,98,-118,0
2504.659268140793,10080,3260,11728,-80,-61,102,9660,-10632,7516,-140,72,-155,-14320,5972,2824,-909,135,-82,-14324,-1648,7352,-508,108,-117,0
2504.6947150230408,10032,3216,11764,-119,-66,140,9588,-10516,7468,-88,119,-172,-14244,5924,2780,-939,129,-92,-14220,-1616,7332,-502,118,-131,0
2504.728469133377,10104,3080,12016,-99,-42,81,9660,-10732,7608,-108,110,-137,-14100,6028,2868,-952,121,-98,-14124,-1704,7300,-545,77,-104,0
2504.762181997299,10056,3244,11892,-82,-26,121,9552,-10740,7636,-58,134,-128,-14568,5996,2596,-1002,161,-71,-14312,-1608,7440,-547,96,-156,0
2504.7954990863805,10084,3244,12012,-96,-27,107,9612,-10720,7472,-38,97,-115,-14256,6020,2748,-1065,149,-52,-14228,-1648,7388,-763,68,-155,0
2504.8292939662933,10208,3208,11796,-50,-51,93,9488,-10716,7568,-37,83,-114,-14300,5948,2804,-1084,141,-67,-14164,-1652,7204,-258,128,-149,0
2504.862589120865,10056,3316,11552,-110,-56,90,9440,-10708,7548,11,138,-152,-14280,6024,2660,-1056,86,-73,-14168,-1700,7468,-537,123,-173,0
2504.8958950042725,9872,3384,11868,-27,243,92,9528,-10660,7520,-21,122,-144,-14292,5972,2692,-1009,135,-67,-14164,-1608,7204,-532,93,-197,0
2504.929304122925,10184,3312,11788,-55,-251,82,9512,-10660,7548,-22,120,-140,-14316,5968,2880,-969,110,-50,-14236,-1660,7540,-765,81,-208,0
2504.9628779888153,10060,3348,11792,-71,-8,88,9420,-10716,7536,-18,140,-137,-14400,6044,2752,-961,121,-56,-14272,-1616,7460,-525,123,-157,0
2504.996150970459,10052,3576,11936,-10,-32,97,9576,-10788,7568,-20,99,-143,-14392,5924,2744,-992,169,-126,-14304,-1568,7428,-575,148,-147,0
2505.02996301651,9932,3324,11920,-45,-64,109,9580,-10688,7544,-32,96,-152,-14240,5964,2724,-1068,224,-116,-14176,-1728,7536,-567,128,-140,0
2505.063355922699,10012,3104,11788,-3,-54,89,9572,-10544,7312,-99,128,-131,-14392,6024,2744,-1029,104,-56,-14084,-1676,7512,-551,102,-181,0
2505.0970599651337,10056,3324,11760,-33,-95,79,9472,-10628,7556,-78,154,-108,-14196,6116,2644,-969,50,-73,-14216,-1800,7556,-458,102,-200,0
2505.1305191516876,10076,3428,11740,-41,-40,89,9684,-10740,7620,-113,114,-140,-14344,6016,2776,-1018,44,-133,-14104,-1728,7512,-455,139,-163,0
2505.1639161109924,10232,3376,11788,-16,-114,113,9364,-10944,7652,-95,104,-129,-14276,6344,2748,-972,-34,-138,-14148,-1736,7432,-437,151,-168,0
2505.1974689960484,9944,3404,11784,28,-89,119,9476,-10688,7368,-90,115,-139,-14220,6004,2856,-955,-67,-64,-14272,-1816,7184,-377,190,-172,0
2505.2308120727535,10012,3388,11756,-38,-129,108,9632,-10696,7524,-70,175,-172,-14276,6060,2984,-962,-117,-63,-14136,-1652,7236,-357,218,-190,0
2505.2641010284424,10092,3388,11620,-65,-114,95,9720,-10980,7468,-17,156,-165,-14300,6076,2732,-971,-102,-103,-14264,-1712,7352,-383,196,-168,0
2505.297744035721,9804,3412,11824,-77,-89,100,9696,-10704,7536,20,155,-179,-14216,5996,2772,-1014,-86,-132,-14296,-1672,7632,-355,199,-144,0
2505.3313269615173,10044,3388,11680,-133,-76,127,9516,-10720,7560,64,92,-185,-14216,5912,2600,-1059,-42,-73,-14332,-1700,7456,-331,197,-135,0
2505.3648550510406,9932,3472,11852,-215,-99,138,9452,-10708,7596,130,107,-187,-14328,6016,2884,-1167,-7,-27,-14204,-1728,7464,-293,200,-117,0
2505.398025035858,10060,3428,11552,-222,-86,116,9548,-10684,7604,111,116,-180,-14388,6004,2908,-1197,1,-25,-14388,-1684,7536,-369,179,-111,0
2505.431482076645,10036,3400,11948,-223,-40,106,9524,-10748,7540,105,129,-166,-14328,6052,2948,-1218,-7,-80,-14336,-1724,7436,-456,152,-136,0
2505.4650270938873,10228,3180,11844,-219,14,112,9268,-10776,7568,128,189,-112,-14248,5888,2976,-1267,73,241,-14252,-1628,7344,-451,59,-143,0
2505.4983611106873,10216,3340,11924,-174,10,85,9520,-10776,7616,48,139,-135,-14336,5976,2932,-1277,100,-5,-14248,-1740,7476,-522,133,-152,0
2505.5318500995636,9960,3416,11972,-185,32,74,9508,-10740,7560,22,165,-151,-14224,6100,2768,-1167,156,-38,-14244,-1728,7536,-581,110,-135,0
2505.5654561519623,9964,3444,11808,-120,20,75,9476,-10676,7520,13,130,-123,-14220,5940,3020,-1152,188,-50,-14076,-1636,7496,-603,102,-147,0
2505.598753929138,9764,3308,11660,-122,-32,94,9420,-10808,7500,-46,76,-158,-14176,6020,2736,-1162,154,-79,-14188,-1772,7500,-549,113,-101,0
2505.632138967514,10096,3560,11776,-153,-30,70,9428,-10868,7628,-26,125,-149,-14276,6048,2820,-1112,192,-55,-14248,-1656,7468,-542,129,-130,0
2505.6656460762024,9880,3380,11544,-140,-8,90,9464,-10752,7592,-13,120,-141,-14316,6008,2664,-1142,509,-101,-14244,-1760,7432,-569,121,-126,0
2505.6988849639893,9772,3136,11892,-185,0,63,9408,-10740,7400,5,122,-159,-14220,6004,3000,-1121,277,-73,-14180,-1648,7392,-492,125,-93,0
2505.736175060272,9904,3308,11708,-221,-21,102,9216,-10736,7440,-8,175,-166,-14316,6148,3000,-1100,244,-100,-14292,-1724,7232,-465,122,-69,0
2505.7718980312347,10220,3332,12008,-312,-62,119,9684,-10996,7580,18,177,-163,-14208,5996,2788,-1050,182,-63,-14320,-1772,7460,-461,146,-72,0
2505.8080239295964,9840,3504,11976,-301,-90,128,9432,-10776,7540,-11,148,-204,-14304,6020,3068,-1057,146,-130,-14300,-1748,7212,-472,185,-67,0
2505.8435139656067,10188,3380,11856,-263,-97,128,9628,-10724,7588,-21,154,-244,-14276,6024,2860,-1014,152,-97,-14272,-1644,7548,-483,207,-56,0
2505.8786699771886,9880,3456,11884,-302,-102,94,9224,-10628,7452,-14,202,-235,-14248,5920,2820,-985,169,-138,-14288,-1676,7492,-433,203,-52,0
2505.9137279987335,9916,3440,11660,-374,-80,97,9492,-10704,7460,-7,219,-231,-14284,6016,2884,-969,145,-75,-14316,-1632,7304,-427,157,-56,0
2505.949219942093,9756,3076,11992,-384,-60,88,9496,-10688,7644,9,219,-248,-14276,5976,2872,-989,135,-129,-14200,-1704,7488,-413,151,-65,0
2505.984487056732,9940,3532,11920,-352,-72,137,9492,-10724,7676,-253,200,-219,-14280,5984,2616,-978,157,-129,-14300,-1652,7544,-438,199,-69,0
2506.0201981067657,9928,3344,12024,-313,-133,114,9392,-10792,7908,-22,169,-252,-14288,5984,2760,-984,139,-137,-14368,-1696,7428,-438,219,-53,0
2506.0558910369873,9800,3292,11972,-366,-148,126,9552,-10664,7588,-6,156,-215,-14200,6000,2624,-988,147,-98,-14148,-1720,7600,-439,164,-56,0
2506.0913031101227,9984,3192,11832,-276,-105,131,9404,-10668,7712,0,136,-207,-14220,5948,2700,-1044,152,-149,-14248,-1692,7540,-473,177,-76,0
2506.12618803978,9760,3088,11980,-512,-142,147,9576,-10608,7668,39,136,-212,-14356,5924,2712,-1047,136,-69,-14536,-1624,7260,-487,126,-99,0
2506.161812067032,9988,3536,11900,-2,-118,118,9560,-10660,7744,-19,143,-233,-14336,6140,2852,-1057,150,-131,-14300,-1748,7344,-482,127,-89,0
2506.1980531215668,10208,3568,11892,-207,-133,108,9412,-10712,7684,-82,95,-234,-14532,6044,2856,-1034,187,-133,-14200,-1676,7420,-496,137,-98,0
2506.233813047409,9924,3340,11892,-199,-171,119,9496,-10608,7568,-59,83,-232,-14228,5972,2616,-1277,208,-126,-14180,-1696,7280,-488,160,-80,0
2506.2694189548492,9860,3236,11920,-192,-179,108,9524,-11000,7652,-85,85,-246,-14324,6020,2748,-1020,179,-163,-14212,-1604,7432,-504,164,-65,0
2506.3050570487976,10236,3172,11772,-218,-172,117,9500,-10696,7604,-49,113,-232,-14260,5956,2668,-1006,153,-144,-14200,-1652,7184,-455,182,-113,0
2506.3400869369507,9988,3232,11844,-209,-160,105,9420,-10628,7648,-34,122,-224,-14352,6004,2992,-1017,167,-110,-14340,-1708,7524,-493,174,-94,0
2506.3757541179657,10028,3276,11820,-185,-199,124,9476,-10580,7504,-70,74,-233,-14220,5928,2600,-992,124,-145,-14292,-1772,7500,-496,191,-105,0
2506.4090869426727,10052,3340,11940,-203,-183,128,9608,-10664,7600,-60,116,-227,-14328,6052,2680,-1002,154,-155,-14244,-1672,7472,-482,148,-99,0
2506.442698955536,9936,3232,11820,-180,-141,128,9496,-10532,7560,-43,129,-220,-14352,5908,2576,-988,140,-98,-14280,-1636,7448,-472,138,-124,0
2506.4760169982906,9968,3220,11872,-180,-108,126,9540,-10564,7532,-52,169,-179,-14388,5908,2604,-999,81,-66,-14152,-1612,7584,-496,147,-133,0
2506.5098180770874,9928,3312,12000,-129,-90,116,9608,-10640,7540,-46,134,-186,-14308,5848,2528,-987,92,-73,-14124,-1576,7328,-471,136,-121,0
2506.5431530475616,10072,3308,11908,-146,-85,99,9540,-10636,7552,-23,156,-154,-14380,5916,2656,-991,66,-89,-14276,-1672,7376,-482,142,-140,0
2506.5768809318542,10116,3272,11984,-148,-93,115,9648,-10668,7536,8,118,-135,-14396,5900,2564,-990,-22,-75,-14260,-1624,7328,-491,169,-143,0
2506.610403060913,10168,3180,11800,-133,-66,91,9620,-10588,7592,3,148,-142,-14112,6032,2940,-981,-5,-31,-14280,-1548,7488,-541,159,-174,0
2506.6438291072845,10108,3092,11976,-103,-51,114,9440,-10648,7548,22,112,-139,-14236,6004,2668,-1000,29,-36,-14252,-1728,7652,-509,134,-142,0
2506.6774320602417,10236,3248,12020,-76,-47,90,9504,-10688,7680,4,100,-116,-14400,5976,2640,-772,69,-69,-14208,-1672,7520,-521,132,-147,0
2506.7110850811005,10052,3224,11804,-70,-64,88,9412,-10648,7796,7,123,-128,-14248,6020,2696,-1027,38,-59,-14236,-1684,7168,-487,144,-154,0
2506.7444300651546,9888,3288,11796,-83,-69,92,9268,-10656,7544,12,117,-157,-14288,6028,2716,-1009,76,-66,-14264,-1680,7536,-499,147,-144,0
2506.7781269550323,9948,3324,11828,-100,-61,107,9588,-11008,7612,-23,111,-140,-14312,5968,2876,-1011,102,-42,-14256,-1652,7560,-519,121,-133,0
2506.8116891384125,10040,3204,11756,-52,-72,96,9544,-10732,7532,-37,145,-123,-14360,6056,2644,-1018,3,-27,-14176,-1708,7468,-557,154,-190,0
2506.845356941223,9988,3252,11832,-76,-93,98,9464,-10696,7600,27,130,-124,-14576,5988,2764,-1043,49,-61,-14288,-1692,7276,-536,145,-164,0
2506.878942012787,10036,3312,11608,-45,23,121,9508,-10704,7616,-27,95,-140,-14420,5944,2700,-1067,106,-97,-14084,-1768,7404,-516,88,-168,0
2506.9124240875244,10060,3568,11816,-65,-39,70,9456,-10720,7616,-11,154,-127,-14300,6032,2664,-1067,158,-98,-14304,-1692,7352,-524,125,-142,0
2506.9458339214325,9992,3268,11776,-66,-18,74,9484,-10672,7580,-8,124,-128,-14364,5732,2712,-1091,136,-29,-14252,-1544,7236,-514,74,-148,0
2506.979336977005,10196,3352,11532,-36,-8,89,9516,-10640,7672,-39,102,-87,-14308,6052,2776,-1052,124,-241,-14292,-1696,7468,-581,41,-184,0
2507.013015985489,10044,3348,11524,-66,-29,82,9524,-10700,7532,-54,93,-115,-14520,6048,2768,-1052,101,-53,-14372,-1708,7488,-261,86,-167,0
2507.0466790199284,10028,3368,11788,-47,11,82,9252,-10648,7588,-30,119,-132,-14288,5972,2852,-1057,132,-71,-14220,-1688,7440,-541,113,-177,0
2507.0801799297333,9984,3312,11816,-33,-32,97,9404,-10676,7688,-51,117,-140,-14292,5984,2700,-1005,101,-91,-14184,-1676,7528,-545,136,-157,0
2507.1138460636134,9900,3380,11944,-33,-32,86,9672,-10720,7480,-36,131,-133,-14276,5948,2796,-771,113,-58,-14240,-1716,7508,-488,137,-130,0
2507.1473050117493,9976,3412,11804,-48,-8,89,9504,-10704,7448,-43,116,-135,-14296,6020,3032,-1041,113,-50,-14260,-1596,7508,-521,126,-175,0
2507.180603981018,9940,3356,11644,-42,-47,82,9484,-10512,7600,-38,93,-163,-14188,6064,2856,-1025,91,-83,-14196,-1684,7580,-511,153,-176,0
2507.2142231464386,9888,3400,12028,-75,-30,120,9420,-10936,7452,-30,110,-135,-14276,5980,3020,-772,103,-78,-14244,-1760,7552,-267,116,-139,0
2507.247797012329,10016,3420,11660,-73,-15,123,9420,-10736,7452,-30,110,-134,-14556,6004,2892,-1006,71,-47,-14228,-1796,7580,-768,129,-135,0
2507.281436920166,9952,3500,11528,-105,-10,110,9484,-10644,7700,-30,185,-140,-14292,5960,2904,-956,30,-46,-14220,-1868,7392,-478,146,-129,0
2507.3145809173584,9920,3420,11712,-163,-1,73,9652,-10732,7512,-45,164,-153,-14320,5956,2840,-957,26,-72,-14240,-1752,7436,-455,155,-119,0
2507.3481171131134,9920,3428,11732,-222,-3,90,9404,-10688,7568,254,175,-148,-14332,5904,2852,-974,44,-127,-14300,-1716,7488,-451,160,-131,0
2507.381495952606,10056,3432,11696,-211,-40,120,9516,-10652,7668,21,194,-179,-14288,5948,2828,-977,67,-102,-14208,-1692,7452,-438,222,-102,0
2507.419219017029,9912,3476,11888,-301,-63,99,9416,-10672,7468,-7,168,-205,-14252,6084,3044,-984,84,-109,-14344,-1808,7604,-397,200,-62,0
2507.454545021057,9816,3548,11948,-305,-102,113,9532,-10748,7732,-28,141,-241,-14252,6364,2832,-958,131,-108,-14264,-1644,7508,-426,138,-81,0
2507.490271091461,10188,3388,11908,-238,-118,115,9420,-10688,7684,-24,123,-222,-14256,6044,2908,-992,67,-67,-14220,-1704,7448,-474,137,-85,0
2507.525547027588,10040,3416,11828,-272,-104,99,9428,-10644,7504,-43,167,-194,-14200,6056,2832,-922,93,-58,-14296,-1756,7476,-482,106,-78,0
2507.561895132065,10168,3412,11720,-292,-38,106,9496,-11004,7572,-79,164,-193,-14324,6068,2696,-958,115,-98,-14072,-1592,7396,-427,136,-67,0
2507.597806930542,9920,3420,11736,-387,-71,112,9712,-10748,7636,-21,233,-190,-14272,6040,2880,-982,141,-76,-14236,-1616,7448,-389,171,-31,0
2507.632528066635,10000,3368,11780,-368,-83,155,9456,-10696,7568,-22,176,-219,-14336,6024,2748,-1008,231,-165,-14244,-1732,7412,-399,161,-41,0
2507.6676311492924,10184,3340,11548,-356,-123,150,9584,-10660,7596,-67,141,-239,-14364,6100,2872,-1013,176,-73,-14324,-1728,7408,-416,210,-85,0
2507.7035899162292,9732,3564,11968,-285,-134,113,9572,-10784,7636,-71,159,-255,-14088,5992,3024,-1018,182,-146,-14348,-1640,7372,-455,133,-80,0
2507.7391510009766,10088,3236,11892,-255,-128,122,9540,-10996,7592,-47,118,-238,-14388,6044,2584,-1044,178,-122,-14260,-1684,7184,-483,164,-120,0
2507.774176120758,9904,3288,11708,-221,-114,94,9540,-10644,7556,-27,155,-251,-14264,6040,2732,-1053,136,-162,-14200,-1684,7436,-461,149,-105,0
2507.8101909160614,9764,3560,11672,-233,-101,98,9420,-10576,7628,-33,180,-226,-14288,5940,2728,-1015,145,-131,-14236,-1604,7604,-446,151,-150,0
2507.8455460071564,9736,3084,11556,-254,-120,104,9476,-10660,7600,-50,199,-226,-14300,5936,2720,-995,178,-136,-14316,-1640,7416,-444,164,-88,0
2507.8818230628967,10012,3292,11784,-499,-137,115,9420,-10712,7620,-56,149,-250,-14264,5944,2660,-987,180,-113,-14252,-1692,7388,-435,176,-65,0
2507.9179821014404,10032,3380,11844,-240,-150,132,9444,-10740,7576,-68,97,-248,-14300,6016,2712,-988,178,-168,-14276,-1692,7488,-433,194,-54,0
2507.9536089897156,9760,3320,11852,-274,-174,164,9568,-10624,7496,-45,124,-250,-14352,5924,2800,-1010,169,-104,-14220,-1688,7484,-446,171,-77,0
2507.9892230033875,9976,3260,11852,-242,-164,138,9576,-10676,7528,-61,154,-238,-14420,5980,2764,-964,157,-142,-14288,-1612,7472,-471,144,-109,0
2508.0239131450653,10052,3184,11788,-188,-148,102,9536,-10644,7560,-37,146,-196,-14344,5932,2696,-958,81,-134,-14332,-1640,7452,-482,152,-114,0
2508.0605051517487,9932,3292,11676,-186,-111,106,9464,-10620,7536,-26,137,-194,-14096,5952,2904,-986,103,-102,-14288,-1672,7400,-476,199,-150,0
2508.0940470695496,10024,3388,11764,-175,-192,105,9556,-10604,7508,-46,121,-212,-14320,6036,2612,-963,81,-74,-14236,-1652,7316,-466,166,-139,0
2508.1275870800014,10024,3324,11836,-47,-133,108,9552,-10636,7556,-54,102,-195,-14340,5988,2648,-989,23,-102,-14208,-1516,7448,-553,174,-184,0
2508.160931110382,10040,3276,11732,-29,-107,53,9612,-10628,7484,-250,160,-193,-14368,5948,2608,-1004,-248,-150,-14284,-1628,7324,-529,192,-202,0
2508.1944501399994,10024,3112,11680,-89,-83,61,9240,-10648,7464,82,183,-167,-14208,6112,2560,-1037,-16,-65,-14308,-1672,7308,-491,192,-193,0
2508.2276289463043,10000,3340,11756,-112,-39,61,9488,-10636,7668,50,206,-149,-14288,5988,2608,-1050,31,-41,-14220,-1712,7500,-512,193,-143,0
2508.2611980438232,9988,3264,11772,-139,-50,76,9460,-10780,7700,81,203,-123,-14216,5908,2736,-1065,49,-87,-14220,-1620,7432,-533,200,-153,0
2508.2947030067444,9940,3224,11820,-74,-63,77,9512,-10572,7604,46,190,-158,-14344,5920,2896,-1060,54,-99,-14208,-1748,7504,-494,191,-217,0
2508.3282010555267,9924,3364,11832,-108,-80,78,9692,-10732,7660,9,251,-142,-14188,6112,2752,-1035,9,-69,-14232,-1728,7172,-459,201,-181,0
2508.36176109314,9916,3476,11620,-166,-76,47,9404,-10704,7696,-65,187,-160,-14256,5816,2984,-962,35,-43,-14276,-1676,7444,-458,185,-156,0
2508.3949270248413,9972,3332,11788,-143,-70,64,9580,-10572,7592,-108,144,-206,-14372,6012,2708,-897,96,-66,-14308,-1688,7536,-398,166,-148,0
2508.4284350872044,9888,3316,11912,-157,-168,65,9404,-10592,7616,-131,134,-214,-14172,6084,2920,-967,109,-107,-14188,-1664,7608,-392,237,-92,0
2508.4619710445404,10016,3316,11748,-201,-164,136,9384,-10708,7596,-96,134,-210,-14296,6132,2920,-969,139,-112,-14304,-1740,7644,-422,280,-98,0
2508.4953260421753,9908,3404,11828,-128,-174,159,9416,-10660,7764,-94,49,-248,-14296,5972,2800,-945,216,-105,-14280,-1628,7388,-464,207,-62,0
2508.5289080142975,10072,3328,11840,-256,-172,140,9504,-10624,7792,-94,-36,-241,-14428,5872,3004,-1006,228,-86,-14316,-1792,7356,-480,192,-89,0
2508.5624620914455,10024,3384,11844,43,-109,97,9696,-10624,7508,-53,-10,-231,-14428,5840,2748,-1015,208,-118,-14248,-1808,7348,-257,140,-157,0
2508.596004962921,10044,3452,11792,-246,-62,117,9532,-10504,7652,-56,34,-183,-14296,5716,2504,-1016,146,-39,-14148,-1768,7236,-475,104,-139,0
2508.6295549869537,10068,3524,11824,-57,-59,102,9464,-10528,7652,-148,43,-174,-14212,6132,3048,-962,208,-15,-14232,-1724,7316,-423,101,-86,0
2508.662971019745,10188,3352,11556,-120,-90,116,9576,-10772,7596,-213,72,-181,-14280,6052,3068,-955,203,-21,-14308,-1544,7388,-421,144,-46,0
2508.6967740058894,10208,3244,11876,-166,-125,127,9472,-11004,7500,-82,69,-182,-14280,6100,2840,-1035,208,-54,-14160,-1516,7380,-460,244,-45,0
2508.730049133301,9928,3172,11952,-182,-124,123,9224,-10848,7620,-55,100,-217,-14288,6080,2956,-1017,197,-138,-14192,-1356,7556,-441,258,-34,0
2508.763699054718,9880,3204,11928,-193,-195,106,9572,-10828,7676,-129,105,-296,-14332,6096,2828,-967,197,-177,-14252,-1740,7528,-392,332,-19,0
2508.7974190711975,10036,3072,11852,-295,-231,110,9436,-10844,7504,-103,198,-246,-13912,5956,2812,-770,214,-142,-14232,-1448,7636,-398,325,-23,0
2508.8306889534,9760,3264,11956,-329,-145,165,9364,-10728,7532,-76,248,-201,-14288,6052,2812,-978,299,-107,-14280,-1640,7444,-397,228,30,0
2508.8640749454494,10208,3368,11792,-381,-167,158,9548,-10984,7468,-112,186,-246,-14260,5960,2972,-941,280,-131,-14280,-1716,7592,-311,287,29,0
2508.8974180221558,10116,3580,11876,-375,-287,185,9576,-10796,7816,-94,145,-282,-14392,5984,2780,-1012,314,-215,-14332,-1532,7288,-421,378,17,0
2508.9305620193486,10148,3088,11912,-380,-301,235,9460,-10688,7556,-59,159,-305,-14392,5868,2772,-770,202,-206,-14248,-1692,7192,-441,412,4,0
2508.9640231132507,10048,3368,11592,-303,-327,178,9572,-10536,7460,-99,261,-290,-14332,5740,2720,-980,288,-205,-14304,-1352,7012,-388,400,25,0
2508.9975271224976,10140,3376,11700,-328,-331,177,9620,-10736,7488,-137,79,-353,-14384,5656,2536,-953,296,-252,-14428,-1708,7132,-330,377,22,0
2509.030771970749,10368,3476,11760,-322,-259,146,9792,-10416,7628,-192,-310,-398,-14500,5712,2680,-885,167,-201,-14704,-1620,7012,-288,313,-39,0
2509.064300060272,10252,3300,11508,-446,-199,54,9616,-10464,7656,-211,82,-359,-14492,5752,2572,-872,89,-125,-14400,-1464,7236,-213,279,-13,0
2509.1018810272217,9988,3340,11928,-521,-154,146,9628,-10648,7560,-216,52,-267,-14336,6000,2668,-844,215,-253,-14436,-1296,7264,-227,249,93,0
2509.1380310058594,10092,3260,11772,-502,-213,216,9536,-10772,7648,-251,-7,-338,-14296,5944,2664,-863,287,-78,-14572,-1440,7384,-270,296,90,0
2509.173423051834,10100,3012,11872,-402,-286,250,9652,-10816,7468,-204,-30,-295,-14264,5896,2620,-891,283,-164,-14144,-1440,7188,-335,308,73,0
2509.2093589305878,10160,2816,11520,-320,-275,225,9600,-10776,7460,-198,-35,-340,-14280,5996,2604,-893,270,-179,-14396,-1416,7664,-364,296,33,0
2509.2443799972534,10044,3308,11684,-294,-510,173,9632,-10728,7580,-100,20,-306,-14404,5940,2700,-927,195,-152,-14364,-1424,7312,-408,254,-46,0
2509.280035018921,10284,3176,11692,-245,-231,162,9636,-10800,7476,-173,68,-294,-14400,5892,2524,-911,115,-116,-14488,-1428,7380,-423,173,-34,0
2509.321442127228,10320,3296,11968,-234,-154,122,9476,-10748,7268,-139,125,-214,-14524,6040,2520,-890,89,-77,-14368,-1252,7276,-481,111,-105,0
2509.3575060367584,10192,3052,11660,-165,-111,147,9652,-10696,7216,-103,150,-147,-14568,5740,2428,-971,118,-59,-14312,-1284,7280,-447,59,-109,0
2509.3931789398193,10144,3024,11536,-146,-97,151,9680,-10700,7384,-52,106,-116,-14188,5856,2616,-1038,168,228,-14380,-1360,7236,-491,100,-89,0
2509.4296181201935,10264,2996,11548,-88,39,96,9488,-10732,7624,-89,92,-96,-14448,5716,2420,-1048,121,-1,-14368,-1344,7416,-535,38,-183,0
2509.4648649692535,10448,3140,11560,-40,77,55,9808,-10460,7388,-23,84,-77,-14464,5648,2576,-1095,54,-43,-14428,-1492,7120,-496,7,-225,0
2509.5002949237823,10344,3200,11484,-105,132,11,9752,-10508,7204,-52,227,-43,-14416,5764,2700,-1071,4,42,-14436,-1520,7404,-451,-29,-210,0
2509.5350720882416,9996,3120,11756,-157,102,21,9612,-10500,7596,-61,204,-65,-14292,6044,2712,-1074,60,59,-14564,-1420,7284,-466,-6,-132,0
2509.5703520774846,10040,3080,11972,-110,57,42,9512,-10908,7404,-83,209,-110,-14548,6068,2984,-995,37,-32,-14276,-1388,7404,-571,27,-181,0
2509.605376958847,10000,2996,11540,-64,-13,68,9508,-10876,7652,-51,233,-106,-14248,6132,2792,-1068,33,-12,-14256,-1356,7420,-555,76,-184,0
2509.6408200263977,10044,3100,11984,-68,42,82,9492,-10824,7396,76,261,-44,-14360,6004,2568,-1082,71,-66,-14280,-1496,7408,-597,124,-177,0
2509.6761500835414,10084,3164,11916,-77,-256,93,9444,-10780,7216,-31,504,-47,-14284,5972,2796,-1023,55,-19,-14188,-1420,7340,-522,129,-142,0
2509.7118630409245,10004,3268,11548,-136,2,127,9576,-10700,7428,-9,145,-106,-14392,6028,2636,-1042,191,-63,-14324,-1500,7344,-503,123,-98,0
2509.7474060058594,10124,3256,12000,-117,-89,155,9564,-10692,7552,-51,79,-142,-14392,5904,2648,-1065,133,-65,-14348,-1468,7028,-523,140,-113,0
2509.7810821533203,10168,3260,11736,-77,-74,100,9684,-10616,7464,-78,112,-199,-14300,5808,2472,-947,90,-104,-14132,-1312,7352,-436,156,-151,0
2509.8144769668575,10196,3140,11620,-151,-121,47,9636,-10624,7480,-93,142,-232,-14432,5964,2492,-974,90,-86,-14356,-1508,7376,-410,151,-147,0
2509.848154067993,10280,3176,11556,-204,-40,47,9676,-10812,7496,-30,154,-145,-14424,5920,2692,-981,34,-77,-14416,-1544,7256,-455,114,-177,0
2509.881819963455,10152,3200,11740,-119,1,7,9716,-10732,7336,20,159,-176,-14504,5868,2600,-999,-39,-47,-14388,-1548,7344,-481,107,-268,0
2509.914999961853,10464,3144,11972,-92,13,-42,9656,-10704,7432,84,221,-197,-14396,5876,2592,-979,-95,-113,-14420,-1440,7260,-539,121,-283,0
2509.948620080948,10228,3100,11916,-77,-23,-55,9568,-10540,7216,71,185,-195,-14268,6060,2516,-1014,-97,-136,-14440,-1504,7360,-556,134,-278,0
2509.9821760654454,10244,3288,11728,-66,-3,-6,9636,-10576,7476,77,194,-167,-14292,5972,2324,-1273,-98,-52,-14284,-1484,7616,-559,87,-244,0
2510.015622138977,10112,3204,11780,-122,-11,-254,9512,-10720,7416,31,185,-183,-14144,6068,2616,-991,247,-241,-14264,-1488,7492,-469,102,-155,0
2510.049096107483,10016,3208,11876,-228,26,73,9452,-10828,7496,60,175,-134,-14244,5972,2696,-1023,68,-19,-14144,-1504,7432,-466,130,-103,0
2510.0827009677887,10020,3144,11664,-244,-11,89,9532,-10872,7200,16,207,-115,-14300,6036,2736,-1010,27,-99,-14308,-1416,7428,-503,99,-177,0
2510.1159150600433,10004,3100,11876,-224,-38,101,9532,-10692,7444,43,311,-92,-14088,6132,2748,-1049,-18,-63,-14164,-1424,7336,-483,105,-166,0
2510.149269104004,9948,3260,11812,-222,-253,96,9428,-10816,7508,23,259,-85,-14212,5992,2796,-1049,51,-49,-14276,-1776,7596,-500,91,-146,0
2510.1828560829163,10104,3344,11784,-167,-55,106,9560,-10668,7468,-18,210,-133,-14336,5900,2724,-1056,164,-90,-14188,-1564,6964,-536,127,-133,0
2510.216164112091,10076,3316,11800,-120,-39,118,9584,-10724,7528,-25,168,-122,-14340,5856,2576,-1074,177,-85,-14304,-1568,7188,-538,133,-113,0
2510.249971151352,10240,3324,11684,-109,11,100,9668,-10616,7548,246,184,-112,-14360,5780,2732,-1046,107,-96,-14376,-1624,7184,-523,70,-147,0
2510.2836101055145,10172,3256,11720,-168,18,86,9796,-10648,7608,-44,164,-151,-14572,5844,2624,-980,50,-45,-14292,-1612,7188,-483,36,-150,0
2510.3170149326324,10124,3312,11640,-180,12,73,9632,-10628,7492,2,149,-132,-14180,5924,2868,-1015,42,-33,-14480,-1576,7296,-501,63,-148,0
2510.3505730628967,10228,3240,12024,-192,30,55,9552,-10680,7548,41,209,-148,-14264,5924,2680,-1012,3,-78,-14340,-1552,7392,-516,82,-189,0
2510.383990049362,10044,3228,11592,-175,82,-5,9612,-10752,7524,-12,198,-137,-14268,6048,2568,-1011,-34,-31,-14320,-1536,7364,-552,32,-192,0
2510.417549133301,10032,3224,11844,-140,105,26,9232,-10508,7476,-17,183,-59,-14220,6088,2780,-991,65,-29,-14272,-1476,7424,-538,-10,-145,0
2510.450875043869,10100,3300,11904,-179,93,99,9456,-10664,7572,-59,178,-33,-14224,6012,2688,-1004,113,-255,-14240,-1772,7348,-489,31,-71,0
2510.4844081401825,10084,3144,11780,-155,54,148,9444,-10572,7480,-77,105,-74,-14188,5884,2792,-948,205,-15,-14272,-1620,7496,-436,44,-37,0
2510.517566919327,9928,3284,11824,-183,35,206,9360,-10628,7492,-98,16,-135,-14192,6076,3020,-1007,236,244,-14168,-1552,7400,-460,54,-31,0
2510.5508749485016,9908,3196,11844,-190,72,217,9376,-10960,7456,-56,-23,-145,-14324,5976,2680,-970,218,17,-14300,-1560,7428,-489,53,-68,0
2510.5842480659485,9988,3196,11900,-129,58,143,9688,-10748,7500,-52,19,-130,-14428,6060,2712,-943,64,-254,-14280,-1632,7352,-557,41,-165,0
2510.617835044861,10212,3120,11844,-148,103,32,9612,-10976,7588,65,185,-91,-14404,6060,2572,-1038,-39,-55,-14104,-1372,7328,-562,62,-203,0
2510.6511459350586,10092,3164,11712,-118,197,-8,9684,-10716,7456,206,253,-76,-14436,5976,2628,-1150,-112,-65,-14272,-1396,7484,-628,55,-310,0
2510.6846511363983,10172,3124,11800,-12,246,-91,9816,-10792,7412,220,307,-74,-14500,5968,2652,-1099,-199,-86,-14336,-1500,7284,-644,6,-360,0
2510.71821308136,10068,3232,11800,4,166,-164,9544,-10788,7340,196,343,-110,-14340,6036,2668,-1163,-149,-84,-14288,-1408,7524,-657,94,-370,0
2510.7543580532074,9876,3128,11836,-61,157,-99,9356,-10832,7416,276,387,-88,-14188,6084,2660,-1188,-173,-108,-14280,-1588,7560,-668,114,-337,0
2510.790372133255,9816,3296,12040,-25,138,-57,9368,-10800,7452,195,365,-84,-14180,6116,2676,-1145,-50,-79,-14144,-1564,7632,-616,105,-234,0
2510.82567691803,9780,3260,11808,-29,58,-28,9312,-10856,7520,202,348,-143,-14168,6056,2740,-1201,55,-214,-14100,-1636,7244,-578,233,-251,0
2510.861694097519,9952,3248,12064,-42,11,-52,9364,-10712,7668,231,290,-250,-14568,5908,2776,-1161,42,-266,-14184,-1708,7456,-539,0,-331,0
2510.8962340354924,9872,3520,11892,-5,-18,-166,9708,-10676,7872,175,396,-292,-14380,5940,2712,-1114,-110,-280,-14592,-1700,7352,-563,205,-431,0
2510.932382106781,9956,3484,12028,20,93,-281,9524,-10720,7708,192,413,-274,-14432,5916,3028,-1062,-240,-202,-14404,-1684,7424,-533,194,-490,0
2510.9674141407013,9920,3472,11988,-19,92,-336,9440,-10632,7656,276,474,-308,-14216,5676,2812,-1111,-221,-291,-14332,-1764,7384,-605,309,-433,0
2511.003247976303,9792,3448,11864,-70,-20,-310,9616,-10700,7476,389,558,-348,-14272,5928,2880,-1171,-126,-383,-14128,-1824,7384,-586,462,-415,0
2511.0392100811005,9784,3576,11840,11,-169,-266,9356,-10728,7812,358,446,-455,-14292,5632,2740,-1212,254,-468,-14180,-1704,7340,-621,491,-354,0
2511.0743069648743,9532,3524,11820,45,-339,-215,9256,-10656,7912,376,305,-495,-14144,6016,2852,-1233,7,-550,-14128,-1972,7440,-669,550,-301,0
2511.110254049301,9708,3804,11548,103,-281,-128,9448,-10648,7972,383,201,-481,-14172,5840,2984,-1221,139,-467,-14236,-1936,7376,-672,506,-230,0
2511.145442008972,9912,3720,11548,113,-237,-14,9384,-10376,8036,297,118,-456,-14280,5852,3016,-1168,192,-403,-14360,-2032,7240,-633,435,-192,0
2511.180843114853,9912,3772,11832,73,-173,26,9576,-10464,7944,152,8,-376,-14488,5596,3072,-993,146,-309,-14524,-2040,7084,-542,298,-191,0
2511.2160670757294,9916,3824,11696,-93,-119,42,9572,-10208,7972,5,68,-303,-14492,5576,3220,-901,22,-164,-14604,-1936,6940,-491,156,-198,0
2511.252076148987,10100,3832,11356,-229,-60,10,9572,-10220,7836,-20,121,-214,-14376,5576,2972,-877,-42,-32,-14440,-1840,6916,-503,130,-204,0
2511.287469148636,10052,3596,11784,-304,-125,57,9500,-10288,7696,9,139,-243,-14352,5456,2776,-941,92,-82,-14304,-1820,7004,-439,194,-93,0
2511.323338985443,9924,3660,11820,-295,-124,137,9468,-10432,7784,-10,39,-235,-14260,5768,2864,-1011,163,-135,-14240,-1892,6944,-261,312,-31,0
2511.3589210510254,9796,3508,11816,-191,-280,0,9432,-10464,8148,57,-51,-239,-14276,6104,3024,-1078,202,-170,-14520,-1792,7388,-604,326,10,0
2511.3938479423523,9900,3524,11848,-16,-277,298,9640,-10512,7784,61,-192,-306,-14164,5708,2920,-1090,263,-251,-14244,-1860,7104,-677,306,-45,0
2511.4295330047607,9892,3552,11740,105,-1,191,9704,-10332,7732,78,-129,-319,-14444,5696,2844,-1051,114,-6,-14412,-1852,7192,-670,313,-160,0
2511.4628760814667,9936,3444,11736,71,-174,18,9768,-10312,7812,219,48,-290,-14536,5704,2936,-1132,-76,-226,-14596,-1892,7284,-574,275,-323,0
2511.4964239597325,10008,3612,11800,51,-18,-131,9480,-10504,7780,111,255,-286,-14500,5692,2980,-948,-127,-221,-14456,-2032,7372,-547,170,-404,0
2511.5300030708313,9864,3544,11976,43,-4,-7,9932,-10544,7896,93,389,-328,-14432,5768,2908,-814,-157,-8,-14244,-1840,7588,-398,508,-460,0
2511.563276052475,9888,3368,11916,-69,-165,-268,8944,-10496,7784,-175,42,-838,-14328,5832,3016,-877,-187,-344,-14224,-1816,7292,-372,401,-402,0
2511.596955060959,9508,3480,11952,-70,-350,-278,9304,-10536,7624,10,137,-806,-14216,5724,2968,-900,-80,-502,-13832,-1556,7168,-425,616,-458,0
2511.6302831172943,9544,3100,11760,-32,-543,-363,9904,-10444,7784,102,470,-838,-14220,5868,2900,-877,-76,-640,-13812,-1820,7032,-453,680,-454,0
2511.6638119220734,9532,3292,11876,85,-572,-423,9820,-10300,8084,345,361,-528,-14536,5804,2936,-958,-107,-717,-14400,-1824,7036,-499,730,-543,0
2511.6976339817047,10000,3496,11976,29,-570,-489,9964,-10392,7816,477,516,-645,-14416,5708,2896,-1015,-148,-756,-14380,-1820,7048,-545,766,-571,0
2511.7311091423035,10028,3744,11640,106,-601,-265,9540,-10276,7788,573,552,-598,-14092,5604,2832,-1101,-192,-767,-14324,-1984,7088,-567,780,-603,0
2511.7647421360016,9912,3764,11696,117,-484,-517,9540,-10028,8148,599,474,-813,-14448,5480,2908,-1178,-231,-738,-14368,-2080,7028,-596,769,-596,0
2511.7981660366054,9892,4064,11560,181,-541,-496,9508,-10460,8004,562,489,-857,-14512,5376,3200,-1184,-218,-786,-14480,-2212,6984,-586,806,-642,0
2511.8317680358887,10024,4060,11944,134,-631,-544,9912,-10080,7948,626,466,-870,-14428,5232,3224,-1170,-184,-856,-14520,-2116,6740,-571,822,-683,0
2511.8655450344086,10228,4120,11340,198,-562,-528,9764,-9868,8136,575,461,-891,-14440,5084,3156,-1111,-241,-871,-14344,-2276,6612,-553,819,-680,0
2511.89897608757,10092,4020,11644,153,-636,-549,9740,-9716,8396,541,408,-903,-14520,5084,3132,-1152,-240,-820,-14516,-2292,6668,-441,814,-662,0
2511.9324691295624,10152,4188,11416,118,-560,-591,9392,-10348,8868,-68,-820,-1907,-14452,5040,3144,-1120,-451,-841,-14592,-2340,6676,-399,824,-670,0
2511.966017961502,10136,4080,11596,51,-595,-686,9788,-10216,8024,647,541,-1441,-14768,4864,2756,-1918,1550,-772,-14532,-2224,6780,-472,800,-768,0
2511.9995210170746,10084,4124,11392,66,-624,-529,9944,-9960,8212,531,694,-1261,-14724,4972,3168,-1748,1665,-952,-14584,-2236,6668,-357,806,-790,0
2512.0330481529236,10272,4172,11508,51,-699,-803,9876,-9892,8280,491,753,-1002,-14368,5584,3260,-814,-609,-984,-14556,-2252,6752,-352,868,-800,0
2512.066582918167,10188,4072,11620,-51,-722,-719,9680,-9928,8376,521,925,-736,-14380,5096,3520,-873,-2449,-855,-14688,-2224,6472,-442,868,-765,0
2512.100093126297,10296,4176,11288,44,-592,-613,9492,-9616,8308,480,923,-584,-14440,5356,2840,-679,-1615,-706,-14492,-2304,6756,-590,578,-738,0
2512.133516073227,10104,4336,11628,147,-453,-495,9472,-9692,8680,555,647,-540,-14444,4956,3500,-779,-565,-640,-14380,-2336,6744,-629,463,-690,0
2512.1671590805054,10108,4212,11524,239,-313,-380,9648,-9664,8572,566,489,-519,-14432,5096,3508,-1327,-363,-629,-14100,-2468,6604,-731,579,-690,0
2512.2007670402527,10128,4308,11268,235,-479,-364,9768,-9716,8584,548,327,-724,-14504,4944,3736,-1311,-309,-760,-14500,-2648,6492,-750,684,-736,0
2512.2342801094055,9792,4360,11284,397,-621,-353,9620,-9528,8480,611,411,-782,-14396,4576,3392,-1442,-216,-892,-14532,-2716,6308,-795,663,-785,0
2512.2676699161534,10216,4564,11368,548,-694,-387,9888,-9000,8580,651,460,-725,-14408,4424,3348,-1366,-175,-890,-14524,-2756,6212,-720,733,-801,0
2512.3013041019444,10460,4380,10844,459,-601,-396,9744,-8956,8712,519,372,-726,-14340,4508,3632,-1375,-234,-809,-14448,-2576,6272,-797,714,-822,0
2512.3348610401154,10348,4736,10332,728,-297,-391,9680,-8888,8448,579,473,-488,-14584,4304,3232,-1309,-133,-676,-14464,-2772,5716,-895,491,-916,0
2512.368325948715,10436,4672,10520,862,251,-583,9972,-8652,8512,633,722,-314,-14520,4084,3432,-1431,-353,-490,-14672,-3068,6112,-628,32,-918,0
2512.4018199443817,10532,4600,11452,587,432,-658,9912,-8996,8808,604,935,-343,-14744,3880,3140,-1396,-761,-431,-14832,-2920,5824,-599,509,-877,0
2512.4375569820404,10556,4992,11272,296,164,-743,10152,-9176,9088,607,1014,-420,-15276,4352,3716,-1388,-604,-567,-15076,-3060,6268,-608,496,-1273,0
2512.4733989238734,10500,4864,11408,467,-81,-824,10020,-9476,9212,665,907,-458,-15052,4624,3784,-1241,-606,-549,-14844,-2884,6192,-790,359,-1146,0
2512.509463071823,10156,5076,11256,804,-44,-832,9604,-9252,9096,624,750,-451,-14424,4324,3744,-876,-662,-662,-14456,-3028,6236,-919,514,-1150,0
2512.5449271202087,9708,5072,11216,839,-94,-759,9428,-9160,9076,581,627,-520,-14280,4376,3964,-1080,-608,-723,-14556,-3240,6152,-913,642,-1063,0
2512.5803070068364,9848,5144,11164,857,-222,-1023,9712,-8920,8920,678,739,-560,-14428,4332,3992,-1144,-613,-720,-14556,-3176,6096,-844,620,-1049,0
2512.6155281066895,10040,5196,11048,787,-250,-799,9364,-9172,9128,668,519,-600,-14448,4540,3592,-1110,-676,-763,-14576,-3244,6084,-783,602,-1019,0
2512.651827096939,10176,5324,11064,636,-127,-818,9628,-8920,9180,727,815,-526,-14524,4224,4260,-1193,-632,-633,-14640,-3504,6040,-719,528,-999,0
2512.6877810955048,10084,5532,10808,505,-169,-811,9484,-8860,9184,601,810,-596,-14580,4208,4340,-1083,-598,-685,-14680,-3572,5916,-683,439,-1000,0
2512.7233009338374,10404,5556,11060,341,-198,-760,9628,-8820,9288,553,915,-586,-14732,4036,4004,-773,-569,-661,-14708,-3376,6124,-656,418,-1052,0
2512.758681058884,10064,5704,11060,403,-234,-641,9608,-8740,9520,542,814,-444,-14524,4280,4168,-1343,-764,-598,-14340,-3692,5824,-841,476,-1043,0
2512.7937059402466,9984,5632,10912,577,-115,-585,9052,-8884,9484,598,1023,-507,-14588,3684,4520,-1422,-612,-612,-14524,-3736,6084,-947,464,-1082,0
2512.82883810997,10048,5776,10984,737,-56,-618,9128,-8780,9420,716,854,-389,-14460,3856,4160,-1387,-610,-654,-14564,-3688,6068,-955,374,-1105,0
2512.8638439178467,10028,5772,10736,739,-255,-603,9396,-8452,9584,646,650,-295,-14220,3872,4124,-1394,-619,-560,-14440,-3760,5760,-949,338,-771,0
2512.899379968643,9976,5912,10668,703,16,-278,9616,-8324,9308,641,627,-1,-14320,3872,4300,-1359,-555,-545,-14844,-3668,5788,-982,319,-986,0
2512.9347450733185,10056,6120,10880,593,83,-476,9240,-8464,9880,634,693,-157,-14828,3964,4452,-1286,-550,-490,-14724,-4208,5760,-886,251,-1011,0
2512.9705209732056,10368,6248,10972,603,76,-526,9920,-8336,9396,604,892,-147,-14732,3616,4632,-1517,-660,-475,-14728,-4244,5604,-817,156,-1150,0
2513.006083011627,9744,6264,10820,612,110,-586,9456,-8236,10172,473,1010,-180,-14728,3796,4820,-1396,-661,-473,-14600,-4492,5572,-878,114,-1217,0
2513.0419249534607,9920,6336,10616,598,114,-675,9476,-8284,9912,350,1276,-163,-14452,3512,5096,-1230,-858,-385,-14484,-4360,5692,-920,65,-1172,0
2513.079945087433,9852,6528,10628,726,170,-588,9444,-8344,10108,493,948,-105,-14520,3360,4832,-1270,-1024,-357,-14480,-4544,5628,-912,98,-1192,0
2513.113776922226,9876,6504,10640,671,163,-636,9224,-7988,9820,476,1030,-76,-14288,3596,4928,-1248,-910,-437,-14312,-4652,5648,-898,38,-1341,0
2513.147257089615,9636,6628,10576,729,183,-742,9404,-8180,10068,258,1144,-90,-14372,3328,5056,-1217,-989,-395,-14316,-4720,5524,-927,-27,-1374,0
2513.180874109268,9632,6464,10728,643,216,-875,9172,-8184,9732,500,1390,-149,-14088,3480,4916,-1433,-1137,-379,-14356,-4860,5612,-907,255,-1480,0
2513.2144010066986,9940,6408,10612,695,300,-893,9004,-8240,9992,692,1369,-31,-14452,3780,5084,-1419,-1029,-293,-14384,-4736,5816,-947,-106,-1484,0
2513.2476251125336,9584,6712,10676,682,491,-896,8948,-8316,10048,736,1372,43,-14176,3548,5236,-1298,-1290,-341,-14240,-4856,5752,-935,-110,-1511,0
2513.2812349796295,9364,6816,10772,619,506,-949,8800,-8192,10492,784,1374,-250,-13856,3480,5268,-1265,-1270,-371,-13976,-4888,5632,-840,-97,-1442,0
2513.3157091140747,9420,6988,10500,664,465,-833,8592,-8200,10476,667,1271,29,-13952,3692,5600,-1456,-1310,-179,-14092,-4912,6076,-945,-104,-1364,0
2513.350014925003,9248,6928,10808,733,442,-660,8456,-8192,10476,624,1214,148,-13872,3616,5344,-1339,-1155,-108,-13876,-5312,6108,-890,-239,-1258,0
2513.383415937424,9204,7040,10900,582,605,-648,8564,-8276,10444,619,1077,174,-13976,3660,5368,-1513,-1077,-114,-14020,-5284,5912,-776,-372,-1288,0
2513.4172320365906,9056,6760,10776,605,628,-689,8448,-8360,10420,626,1249,189,-14104,3516,5916,-1152,-1342,-136,-13932,-5184,5920,-952,-283,-1444,0
2513.4507069587708,9064,7068,10508,690,679,-742,8392,-8296,10600,776,1434,312,-13968,3400,5812,-1334,-1487,-101,-14080,-5356,5996,-1090,-356,-1641,0
2513.484221935272,9196,7044,10804,873,729,-811,8456,-8264,10584,928,1630,403,-13968,3756,5868,-1588,-1750,-76,-13976,-5288,6124,-1250,-441,-1756,0
2513.517930984497,9044,7112,10888,1061,804,-887,7968,-8308,10540,1077,1629,441,-13928,3448,5780,-1660,-1621,-260,-13912,-5364,5980,-1447,-375,-1800,0
2513.551372051239,8880,7344,10748,1172,845,-787,8052,-8120,10900,1108,1497,395,-13728,3392,6176,-2021,-1523,-239,-13584,-5680,6108,-1503,-360,-1746,0
2513.5850660800934,8760,7428,10560,1228,800,-739,7900,-8024,10804,1290,1444,482,-13460,3312,5932,-1980,-1624,-244,-13344,-5864,5840,-1509,-246,-1717,0
2513.6185159683228,8612,7640,10556,1240,737,-733,7776,-7812,10864,1180,1240,370,-13432,3320,6384,-2036,-1450,-6,-13448,-6144,5976,-1523,-251,-1651,0
2513.651829004288,8688,7800,10668,1233,719,-700,7720,-7720,11016,1151,1189,369,-13612,2980,6348,-2005,-1351,-509,-13668,-6164,6000,-1507,-295,-1580,0
2513.6854541301727,8684,7912,10632,1267,675,-724,7936,-7824,11132,1140,1134,344,-13764,3076,6428,-1971,-1342,-351,-13704,-6228,5792,-1528,-159,-1640,0
2513.7190330028534,8556,7876,10392,1318,654,-667,7888,-7800,11200,1196,1121,312,-13548,3200,6452,-2149,-1354,-369,-13540,-6256,6044,-1559,-166,-1647,0
2513.752661943436,8524,7992,10512,1413,628,-625,7632,-7624,11200,1149,1101,304,-13316,2912,6748,-2011,-1324,-375,-13536,-6524,5800,-1625,-144,-1652,0
2513.786386013031,8236,8200,10344,1374,587,-603,7572,-7492,11108,1135,1093,309,-13460,2988,6992,-2293,-1349,-364,-13460,-6884,5776,-1625,-142,-1641,0
2513.819605112076,8528,8256,10468,1360,595,-577,7540,-7516,11108,1170,1112,422,-13184,3060,6700,-2134,-1340,-275,-13768,-6732,6104,-1624,-311,-1598,0
2513.8531401157375,8324,8256,10456,1533,687,-592,7312,-7256,11316,1126,1072,435,-13120,2800,7256,-2002,-1290,-198,-13376,-7144,5716,-1515,-348,-1527,0
2513.8866260051727,8404,8632,10400,1140,815,-555,7424,-7440,11536,945,1059,496,-13144,2752,7072,-1829,-1125,-179,-13464,-6800,5900,-1467,-299,-1350,0
2513.92009806633,8272,8608,10240,1055,724,-328,7184,-7360,11260,859,849,561,-12932,2808,7084,-1786,-772,-41,-13204,-6756,5744,-1506,-330,-1089,0
2513.9537789821625,8064,8620,10176,921,634,-30,6812,-6924,11348,718,624,574,-12576,2592,7084,-1656,-781,93,-12856,-7100,5768,-1343,-320,-814,0
2513.9873950481415,7624,8944,10124,708,540,135,6472,-6956,11476,567,367,443,-12460,2404,7136,-1468,-369,78,-12548,-7316,5760,-1112,-189,-408,0
2514.020748138428,7596,9200,10168,299,223,413,6464,-6936,11464,230,106,320,-12264,2548,7500,-1118,-21,125,-12708,-7400,5800,-966,8,160,0
2514.0542190074925,7440,9088,10348,-192,51,668,6616,-6956,11616,-10,-150,179,-12504,2432,7360,-1122,543,204,-12932,-7448,5880,-583,108,584,0
2514.087587118149,7792,9236,10416,-624,-133,916,6804,-7052,11584,-325,-420,21,-12820,2492,7304,-801,953,234,-13128,-7420,5748,-281,199,938,0
2514.1239359378815,8044,8992,10592,-961,-421,1138,6928,-7404,11976,-733,-662,-29,-13108,2648,7376,-677,1291,234,-13068,-7328,5756,-155,291,1207,0
2514.1595110893254,7976,8908,10124,-1099,-441,1240,7268,-7228,11728,-842,-753,-23,-13384,2648,7268,-654,1418,355,-13576,-7244,5456,-155,188,1148,0
2514.1947140693665,8476,8936,10316,-1077,-302,1093,7608,-7240,11488,-892,-679,-56,-13528,2376,7008,-478,1339,379,-13376,-7412,5196,33,80,1066,0
2514.2299420833588,8400,8728,10112,-1134,-304,869,7632,-6996,11392,-1102,-764,-251,-13472,2148,7076,-350,1058,9,-13308,-7120,5380,203,209,901,0
2514.2654690742493,8528,8512,9776,-1169,-349,508,7744,-7244,11468,-1066,-261,-391,-13460,2488,7164,-334,715,203,-13436,-6888,5284,262,161,660,0
2514.3008849620815,8512,8372,9836,-1235,-193,330,7420,-7328,11280,-855,-94,-322,-13344,2776,7008,-381,432,428,-13536,-6760,5768,304,9,690,0
2514.3400690555573,8344,8684,10364,-1496,-155,391,7140,-7312,11312,-769,-143,-251,-12932,2832,6880,-147,628,643,-13652,-6756,5796,334,-131,1063,0
2514.3771510124207,12552,9152,10540,-2508,-198,603,7064,-7356,11652,-1394,-515,-248,-13000,3064,7172,-40,948,948,-13336,-7004,6216,674,-373,1468,0
2514.4122989177704,8196,8532,10800,-2276,78,714,7488,-7904,11752,-1584,-658,-260,-13800,3392,7116,14,1223,901,-13980,-6560,6144,626,-340,1428,0
2514.447494983673,8468,7940,11284,-1959,-87,811,7932,-8952,11616,-1427,-841,-334,-14524,3756,6856,-126,1275,629,-13836,-5640,6256,158,-36,1081,0
2514.4835021495815,8708,7060,11204,-1176,-374,885,8144,-8936,11000,-790,-700,-324,-14124,3972,6580,-586,864,3,-13432,-5224,6160,-401,232,632,0
2514.5187520980835,8780,6932,10820,-518,-504,1021,7680,-8640,10988,-258,-485,-277,-13416,3884,6380,-894,537,28,-13548,-5648,6248,-779,451,327,0
2514.5540559291844,8288,6656,10912,35,-363,453,7688,-8532,10496,90,-4,-397,-13720,3656,6356,-1134,345,-19,-13688,-5764,6296,-477,480,71,0
2514.589910030365,8784,6928,10968,24,-83,73,8012,-8340,10580,399,27,-319,-13920,3828,6144,-1140,254,-305,-13956,-5648,6372,-441,271,-254,0
2514.625613927841,8936,7088,10876,86,222,-192,8164,-8456,10608,452,445,-155,-14040,3688,6416,-1190,-364,-184,-13956,-5820,6300,-499,90,-595,0
2514.66086602211,8852,7376,10900,-132,329,-360,8024,-7992,10968,504,723,-145,-13792,3424,6288,-1141,-414,-249,-13836,-5868,6204,-760,-256,-607,0
2514.6961400508885,8604,7736,11100,-28,132,-341,7448,-8060,11144,222,481,-271,-13404,3344,6400,-1081,-177,-310,-13672,-6044,6080,-500,180,-440,0
2514.7316060066223,8492,7812,11108,75,-179,-111,7596,-8012,10820,-20,204,-410,-13312,3408,6408,-1034,82,-349,-13448,-6092,5952,-453,390,-243,0
2514.7679641246796,8372,7796,10812,-110,-411,53,7520,-7820,10880,-135,142,-488,-13064,3268,6652,-928,134,-388,-13480,-6084,6128,-429,489,-105,0
2514.8017449378967,8232,7548,10664,-180,-567,177,7604,-7852,11076,-79,69,-481,-13464,3392,6616,-917,60,-415,-13764,-6336,5984,-470,474,-69,0
2514.8350491523743,8488,7720,10648,-127,-442,225,7548,-7780,11044,89,271,-301,-13524,3188,6764,-971,133,-394,-13572,-6312,5872,-259,415,-59,0
2514.8685989379883,8636,8128,10624,-165,-304,262,7452,-7584,11376,109,-145,-311,-13360,3024,7064,-989,197,-506,-13860,-6424,6040,-587,295,58,0
2514.9018781185146,8832,8060,10392,-90,-172,375,7848,-7488,11308,11,-192,-215,-13504,3032,6976,-892,216,-143,-13736,-6352,5852,-614,216,147,0
2514.935050010681,8652,8024,10628,-218,-139,437,7724,-7628,11272,69,-208,-109,-13532,3212,6820,-928,213,-107,-13768,-6232,5876,-660,254,201,0
2514.9687960147858,8632,7860,10552,-192,-141,528,7660,-7780,11132,103,-137,-32,-13356,3228,6520,-1070,327,16,-13776,-6084,6116,-672,228,268,0
2515.0023419857025,8616,7784,10604,-206,-102,566,7808,-7852,11020,37,-2,-17,-13552,3300,6332,-1052,473,-256,-13728,-6080,6272,-523,163,334,0
2515.035820007324,8956,7728,10848,-351,-136,626,7820,-7892,10804,-64,-185,8,-13636,3332,6644,-1064,563,131,-13892,-6144,6208,-319,60,378,0
2515.069407939911,8740,7716,10748,-458,77,571,7848,-7948,11156,-136,-192,57,-13800,3468,6616,-946,593,220,-13900,-6200,5936,-191,-87,317,0
2515.102838039398,8588,7848,10896,-599,6,415,7968,-8088,11056,-341,17,-97,-13748,3476,6636,-977,518,178,-13720,-5912,6128,-299,13,187,0
2515.135908126831,8632,7400,10936,-659,-129,330,7848,-8432,10864,-334,59,-187,-13752,3504,6464,-927,375,57,-13772,-5788,6208,-335,54,71,0
2515.169405937195,8636,7224,11068,-590,-261,274,7952,-8288,10772,-206,163,-207,-13668,3720,6404,-904,173,-39,-13692,-5868,5944,-493,94,-70,0
2515.2029421329494,8660,7324,10828,-478,-364,149,7872,-8248,11072,-220,152,-260,-13672,3496,6484,-920,19,-83,-13688,-5772,6044,-766,178,-204,0
2515.2364950180054,8756,7328,10644,-172,-326,101,7816,-7996,10836,-70,155,-245,-13568,3400,6304,-979,-97,-121,-13804,-5700,6060,-598,211,-206,0
2515.2700250148773,8844,7168,10708,-192,-151,25,8136,-8040,10668,-45,303,-248,-13820,3088,6100,-1207,61,-144,-13812,-5760,5932,-506,233,-242,0
2515.30362200737,8860,7116,10740,-70,-256,-76,7688,-8000,10716,84,204,-280,-13616,3408,6384,-1144,60,-217,-13656,-5688,5928,-457,205,-340,0
2515.337296009064,8888,7292,10528,8,109,-122,8012,-7984,10888,238,287,-221,-13676,3332,6340,-1267,-19,-216,-13768,-5908,5964,-505,129,-396,0
2515.370593070984,8852,7584,10688,58,167,-140,7772,-8152,11104,235,334,-149,-13696,3348,6560,-1216,-57,-160,-13608,-6376,5692,-591,65,-358,0
2515.403965950012,8836,7828,10788,147,209,-54,7836,-7688,11180,242,308,-57,-13712,3368,6708,-1534,-78,-73,-14068,-6024,5844,-688,171,-235,0
2515.437474966049,8892,7784,10844,193,100,154,7840,-8016,11004,202,57,17,-13560,3524,6348,-1375,102,-18,-13896,-6000,6096,-709,92,-115,0
2515.4710800647736,8900,7572,10508,178,143,221,7820,-7804,10928,148,-36,58,-13492,3168,6468,-1442,150,93,-13672,-6144,5980,-633,-138,-174,0
2515.504807949066,8536,7636,10700,161,302,177,7660,-7708,11116,101,-24,115,-13416,3184,6500,-1340,109,191,-13508,-6304,5928,-663,-242,-194,0
2515.5382969379425,8464,7844,10700,207,348,194,7584,-7596,11080,-51,-93,36,-13336,2940,6628,-1159,132,54,-13476,-6316,5860,-515,-145,-66,0
2515.571609020233,8680,7936,10608,-31,164,178,7804,-7476,11132,-270,-85,-113,-13352,2920,6708,-1006,151,65,-13768,-6484,5808,-288,-19,-5,0
2515.605298995972,8592,8020,10628,-177,134,147,7736,-7632,11412,-399,156,-93,-13632,2960,6880,-947,98,31,-13348,-6448,6140,-266,41,-78,0
2515.6386699676514,8472,7928,10736,-263,42,-7,7752,-7772,11268,-323,511,-200,-13448,3160,7100,-930,-51,-20,-13356,-6280,6036,-332,160,-137,0
2515.6721699237823,8572,7884,10604,-180,0,-46,7840,-8172,11204,-242,177,-279,-13724,3332,6880,-876,-78,-23,-13728,-6104,6156,-360,181,-139,0
2515.7058539390564,8672,7740,10852,-163,-39,-80,7752,-8076,10876,-233,178,-274,-13524,3488,6332,-909,-41,33,-13616,-5896,6292,-344,188,-90,0
2515.739331007004,8672,7452,10904,-198,12,-40,7736,-8104,10836,-178,98,-273,-13448,3664,6200,-852,44,61,-13612,-5592,6440,-332,194,-10,0
2515.77286195755,8484,7320,10780,-142,55,88,7744,-8288,10568,-141,-17,-170,-13492,3616,6296,-878,109,51,-13776,-5568,6476,-334,125,24,0
2515.8098409175873,8580,7288,10816,-123,88,178,7956,-8364,10648,9,50,-66,-13632,3704,6372,-814,-65,238,-13664,-5716,6344,-444,87,-124,0
2515.8448600769043,8552,7644,11148,-70,81,110,7788,-8324,10868,38,143,-67,-13648,3808,6540,-907,-138,-19,-13680,-5960,6120,-611,126,-216,0
2515.8797221183777,8464,7608,10932,-94,-1,77,7696,-8012,10876,-15,405,-95,-13464,3536,6340,-872,-105,-113,-13632,-5896,6012,-491,226,-130,0
2515.9155130386353,8500,7664,10768,-126,-194,96,7452,-7748,10988,-109,167,-263,-13620,3544,6388,-521,-28,-164,-13760,-5948,6008,-482,256,-62,0
2515.951524972916,8584,7632,10736,-95,-260,184,7736,-8036,11044,-104,97,-240,-13608,3368,6488,-959,50,-166,-13732,-6048,6012,-595,196,-122,0
2515.9877150058746,8592,7716,10656,-81,-62,129,7788,-7872,10976,20,56,-191,-13568,3296,6448,-775,64,-71,-13576,-6280,6012,-612,66,-194,0
2516.022912025452,8564,7680,10808,-66,55,82,8076,-7856,10780,105,164,-99,-13628,3204,6828,-1003,-64,-40,-13828,-5944,5956,-599,86,-247,0
2516.0591249465942,8540,7820,10576,-120,78,36,7908,-7844,11068,66,196,-119,-13544,3260,6648,-1038,26,-59,-13640,-6176,6148,-516,27,-194,0
2516.0943229198456,8524,7916,10596,-164,68,74,7772,-7884,11080,-25,96,-136,-13436,3260,6492,-776,114,-16,-13628,-6176,6036,-467,-255,-129,0
2516.130177974701,8548,7844,10604,-192,50,104,7764,-7712,10760,-64,85,-121,-13472,3368,6596,-1001,160,-42,-13704,-6096,6184,-481,15,-115,0
2516.165064096451,8568,7716,10704,-225,25,114,7684,-7820,10936,-82,24,-154,-13496,3364,6524,-1035,202,59,-13656,-6032,6388,-516,54,-93,0
2516.200394153595,8436,7712,10780,-190,23,118,7856,-8036,10968,-74,-5,-172,-13436,3460,6568,-1043,159,-63,-13648,-6040,6192,-433,165,-73,0
2516.235626935959,8532,7580,10776,-200,-90,149,7760,-8200,10988,-71,68,-188,-13568,3508,6536,-1077,136,-36,-13616,-6008,6256,-439,173,-91,0
2516.2717421054845,8540,7644,10832,-241,-58,141,7728,-8100,10896,-25,216,-131,-13776,3520,6148,-1129,76,-79,-13628,-6080,6340,-478,126,-81,0
2516.307615995407,8568,7892,10900,-99,-33,125,7780,-8056,10908,-77,198,-104,-13556,3400,6584,-980,-34,-84,-13592,-6040,5960,-507,126,-100,0
2516.3428361415863,8500,7604,10808,-109,-10,106,7744,-8160,10892,-33,189,-80,-13496,3600,6532,-1023,-254,-80,-13748,-5972,6116,-509,152,-118,0
2516.379306077957,8692,7656,10816,-47,-47,155,7744,-8060,10888,-11,129,-100,-13468,3460,6272,-1067,-7,-10,-13740,-6072,6176,-502,82,-51,0
2516.4140260219574,8596,7640,10916,-112,38,208,7856,-8044,10764,-31,106,-61,-13568,3424,6556,-1013,71,40,-13728,-5996,6084,-504,34,-97,0
2516.4510540962215,8532,7660,10844,-155,31,202,7940,-8004,10700,-54,94,-69,-13780,3456,6504,-1012,101,-5,-13664,-6044,6004,-500,54,-81,0
2516.4847300052643,8680,7604,10888,-272,-19,191,7784,-8004,10840,43,160,-154,-13516,3392,6624,-1002,62,-149,-13504,-6400,5900,-422,182,-65,0
2516.5183110237126,8400,7736,10852,-349,-146,204,7756,-8024,11100,77,120,-230,-13368,3408,6840,-992,94,-164,-13812,-6160,5912,-448,305,-83,0
2516.551917076111,8468,7804,10848,-510,-325,193,7700,-7936,11060,-12,27,-365,-13352,3136,6712,-966,160,-5,-13568,-6216,6136,-430,342,-99,0
2516.5856420993805,8552,7740,10728,-336,-355,145,7784,-7844,10944,-43,95,-350,-13436,3400,6828,-889,80,-231,-13536,-6176,6160,-410,310,-95,0
2516.619094133377,8456,7752,10876,-327,-336,168,7676,-7856,10960,-67,75,-346,-13428,3304,6636,-900,118,-233,-13656,-6200,6044,-391,276,-67,0
2516.6523480415344,8560,7728,10456,-415,-313,195,7876,-7880,10800,-71,34,-282,-13608,3332,6812,-876,101,-160,-13720,-6052,6200,-377,206,-39,0
2516.687704086304,8504,7692,10660,-389,-225,184,7832,-8144,11136,-87,102,-273,-13528,3092,6576,-913,181,-140,-13800,-6008,6140,-440,156,-37,0
2516.7213370800014,8596,7652,10736,-332,-198,186,7812,-7712,10988,-76,61,-239,-13616,3312,6544,-952,214,-129,-13692,-6036,6216,-445,174,-17,0
2516.7548730373383,8740,7612,10856,-307,-192,235,7916,-8024,10760,-42,16,-235,-13544,3416,6520,-1029,216,-135,-13768,-5872,6212,-464,173,4,0
2516.7884180545807,8604,7480,10880,-306,-190,244,7864,-8120,10772,-5,-256,-224,-13320,3448,6328,-1070,230,-97,-13568,-5980,6216,-460,166,17,0
2516.8218870162964,8688,7480,10764,-326,-143,248,7836,-7996,10928,-27,-8,-218,-13332,3372,6596,-1026,281,-86,-13592,-5924,5896,-471,155,-10,0
2516.855484008789,8760,7488,10856,-309,-220,268,7836,-8096,10996,-16,-47,-220,-13580,3468,6516,-1043,273,-99,-13676,-5956,6124,-498,174,-253,0
2516.8891329765324,8872,7188,10900,-353,-234,222,7716,-8092,10684,-51,39,-233,-13708,3492,6524,-1009,222,-137,-13740,-5960,6140,-481,195,-51,0
2516.9228320121765,8712,7584,10988,-286,-208,212,7872,-8144,11112,-23,98,-220,-13616,3564,6572,-780,169,-122,-13712,-6032,6048,-501,180,-33,0
2516.9564530849457,8620,7504,10920,-244,-237,181,7788,-8048,10940,-69,79,-253,-13516,3300,6476,-1008,240,-182,-13668,-5956,6160,-495,218,-51,0
2516.989968061447,8636,7572,10660,-241,-218,169,7912,-7924,10776,-66,36,-276,-13520,3392,6504,-964,258,-136,-13616,-6124,5960,-466,209,-25,0
2517.0235760211945,8688,7624,10804,-219,-208,203,7864,-7924,10948,-27,105,-232,-13620,3340,6416,-974,224,-98,-14024,-5892,6144,-439,189,-44,0
2517.057438135147,8812,7568,10676,-232,-148,149,7964,-7944,10928,-40,148,-207,-13600,3248,6604,-990,149,-102,-13732,-6012,6116,-443,140,-105,0
2517.0910761356354,8600,7592,10684,-225,-146,100,7904,-7916,10852,-19,220,-172,-13528,3404,6500,-999,138,-100,-13696,-5988,5928,-493,126,-125,0
2517.1247551441193,8736,7500,10728,-185,-94,60,8032,-8172,10992,-62,199,-163,-13824,3360,6400,-1012,115,-94,-13680,-5932,6068,-534,136,-133,0
2517.1581151485443,8868,7548,10848,-101,-19,40,8176,-8004,10888,-27,278,-134,-13780,3504,6284,-1077,58,-73,-13668,-5956,6056,-517,141,-169,0
2517.1915850639343,8668,7512,10792,-113,-28,66,7952,-7880,10996,-22,243,-159,-13524,3372,6536,-1050,59,-253,-13672,-5968,6136,-474,136,-139,0
2517.2251920700073,8652,7544,10772,-162,31,59,7864,-7900,10948,-13,185,-147,-13500,3368,6488,-1066,150,-240,-13592,-5812,5948,-461,130,-107,0
2517.2585899829865,8752,7436,10932,-159,18,94,7920,-8064,11212,-18,142,-133,-13476,3456,6620,-1085,174,-19,-14008,-5872,6268,-475,126,-51,0
2517.2920920848846,8744,7468,10948,-135,30,113,7868,-7976,10924,-61,185,-90,-13444,3372,6524,-1049,128,246,-13724,-5976,6068,-477,118,-69,0
2517.3256211280823,8900,7228,10808,-151,14,103,8000,-8140,10916,-25,197,-145,-13316,3140,6644,-1021,95,-35,-13808,-5912,6144,-484,106,-114,0
2517.3591549396515,8448,7464,10900,-108,28,71,7880,-8008,10932,-50,219,-120,-13512,3572,6640,-1037,15,-1,-13752,-5968,6168,-475,78,-126,0
2517.392403125763,8748,7548,10708,-107,17,47,7904,-7972,11164,-77,252,-110,-13568,3368,6492,-967,-76,-32,-13820,-5972,6076,-486,65,-181,0
2517.4262080192566,8864,7552,10828,-120,63,35,7824,-7696,10844,-59,269,-105,-13552,3464,6476,-947,-57,-39,-13644,-5964,6152,-467,73,-174,0
2517.459440946579,8496,7668,10796,-161,99,40,7892,-8192,11092,-47,242,-93,-13460,3328,6400,-943,-11,-40,-13680,-6040,6136,-485,53,-193,0
2517.4975650310516,8616,7584,10792,-102,52,29,7816,-7928,11064,-45,220,-107,-13540,3412,6556,-995,-1,-60,-13652,-5916,6104,-545,93,-171,0
2517.533523082733,8632,7616,10536,-180,9,58,7840,-8000,10948,-31,207,-108,-13436,3264,6568,-973,-64,-55,-13676,-6056,6148,-490,101,-164,0
2517.5681540966034,8552,7536,10800,-135,19,73,7804,-8116,10972,-11,229,-110,-13720,3344,6712,-980,-43,-94,-13712,-6016,6272,-457,72,-148,0
2517.6038839817047,8560,7572,10500,-167,10,62,7824,-8060,10864,10,238,-156,-13520,3436,6624,-924,44,-29,-13688,-5688,6380,-480,94,-164,0
2517.6397111415863,8628,7576,10808,-144,19,43,7728,-8084,11016,-12,106,-160,-13492,3528,6792,-1028,75,-54,-13660,-5912,6076,-506,110,-125,0
2517.674471139908,8584,7536,10812,-128,-12,83,7848,-7972,10884,25,89,-142,-13532,3528,6476,-1034,23,-30,-13688,-6056,6116,-506,72,-182,0
2517.7104411125183,8600,7568,10996,-136,13,58,7792,-7956,10952,-45,166,-126,-13604,3404,6576,-1011,17,-30,-13688,-6028,6156,-501,6,-192,0
2517.746067047119,8624,7564,10980,-157,25,49,7852,-8028,10980,-7,169,-146,-13592,3396,6460,-971,-15,-53,-13756,-5940,6124,-469,48,-182,0
2517.781834125519,8460,7532,10904,-155,-17,63,7832,-7692,10992,-255,178,-144,-13548,3452,6588,-1270,72,-50,-13660,-5996,5956,-480,114,-128,0
2517.81822013855,8580,7664,10864,-122,-49,84,7828,-7964,11016,-26,135,-162,-13512,3304,6264,-1068,121,-62,-13656,-5976,6120,-537,150,-128,0
2517.853379011154,8500,7580,10996,-111,-46,99,7720,-7992,11056,-3,107,-195,-13560,3388,6612,-1049,133,-45,-13640,-5980,6084,-508,158,-126,0
2517.888772010803,8488,7612,10784,-110,-38,92,7848,-7956,11000,-34,137,-194,-13496,3480,6500,-770,122,-97,-13660,-6104,6184,-461,122,-99,0
2517.9241530895233,8572,7632,10888,-182,-56,95,7776,-7928,10904,-45,115,-217,-13412,3388,6508,-989,137,-67,-13668,-6096,6008,-457,125,-134,0
2517.9599609375005,8536,7632,10672,-220,-78,84,7728,-7780,11056,-52,129,-228,-13472,3572,6212,-980,131,-109,-13796,-6056,6116,-441,134,-127,0
2517.9948840141296,8492,7916,10716,-227,-104,78,7840,-8020,10860,-74,173,-226,-13516,3308,6644,-953,134,-94,-13696,-6008,6108,-417,131,-146,0
2518.0302629470825,8620,7556,10524,-181,-105,70,7860,-8000,10996,-61,160,-227,-13692,3484,6616,-1001,122,-123,-13776,-5912,6244,-439,120,-154,0
2518.065500974655,8556,7508,10808,-188,-88,38,7872,-8000,10948,16,237,-198,-13492,3560,6512,-1012,44,-72,-13736,-5924,5892,-447,188,-184,0
2518.101109981537,8456,7568,10804,-148,-27,51,7704,-8064,11240,28,154,-188,-13412,3352,6524,-1064,179,-123,-13580,-5928,6224,-491,132,-98,0
2518.1361470222473,8624,7620,10896,-132,-56,128,7728,-7996,10992,-38,43,-185,-13460,3492,6512,-1062,193,-96,-13756,-5952,6032,-534,109,-100,0
2518.1699910163884,8516,7664,10764,-136,-32,158,7820,-8060,10988,-30,134,-127,-13608,3456,6416,-1031,189,245,-13724,-5932,6216,-525,68,-79,0
2518.20344209671,8588,7580,10948,-150,-10,177,7812,-8112,11248,-41,116,-78,-13500,3476,6476,-1067,225,24,-13680,-5964,6120,-258,64,-61,0
2518.2368791103363,8584,7564,11000,-163,-251,165,7828,-8020,10924,-21,92,-91,-13812,3432,6188,-1101,188,-36,-13564,-6028,6064,-500,87,-114,0
2518.2702391147614,8556,7588,10868,-157,-22,112,7840,-7992,10876,23,98,-175,-13544,3388,6652,-1119,143,-96,-13552,-6008,6188,-524,73,-118,0
2518.3036890029907,8564,7632,10892,-130,-26,76,7732,-8024,10832,1,117,-188,-13528,3444,6608,-1101,173,-66,-13776,-6028,6200,-547,91,-138,0
2518.337350130081,8616,7664,10960,-114,-60,88,7840,-7936,10928,28,148,-186,-13784,3548,6484,-1041,104,-81,-13736,-6140,6052,-506,156,-180,0
2518.3707320690155,8584,7552,10872,-140,-73,78,7816,-7764,10916,5,204,-223,-13540,3292,6524,-1036,129,-125,-13660,-6120,6148,-494,173,-143,0
2518.404000043869,8472,7604,10728,-156,-117,88,7756,-8032,11224,-29,166,-221,-13540,3344,6556,-773,134,-115,-13704,-5972,6204,-480,190,-115,0
2518.437394142151,8608,7624,10840,-225,-94,110,7772,-7928,11016,-19,113,-193,-13472,3424,6484,-1053,194,-72,-13696,-6132,6124,-489,136,-143,0
2518.4710760116577,8556,7580,10908,-238,-32,139,7840,-7960,10992,-4,117,-166,-13464,3124,6556,-1004,134,-50,-13704,-6092,6216,-260,123,-121,0
2518.5041711330414,8512,7572,10772,-511,-11,138,7804,-8036,11060,32,126,-175,-13624,3392,6504,-1072,184,-67,-13684,-5944,6264,-483,129,-103,0
2518.537971019745,8520,7556,10968,-179,-34,100,7788,-8100,10760,17,150,-162,-13568,3420,6444,-1048,137,-49,-13720,-6028,6192,-473,120,-127,0
2518.571618080139,8560,7568,10976,-171,-23,148,7736,-8008,11260,5,126,-154,-13620,3328,6516,-1278,141,-101,-13596,-6000,6200,-472,101,-109,0
2518.605255126953,8600,7624,10848,-168,-37,124,7852,-8076,10928,-8,126,-167,-13548,3476,6460,-1054,135,-89,-13820,-6076,5900,-459,108,-85,0
2518.6385240554814,8688,7520,10960,-170,-100,149,7888,-8008,10796,-29,103,-195,-13540,3076,6436,-1032,177,-78,-13712,-6040,6060,-464,162,-86,0
2518.6721160411835,8692,7620,10880,-184,-177,157,7744,-8052,11240,-22,90,-207,-13616,3428,6652,-1018,175,-140,-13628,-5968,6268,-470,181,-71,0
2518.7054650783534,8608,7896,10884,-141,-226,169,7760,-7976,11096,-42,32,-255,-13772,3124,6552,-1276,208,-157,-13600,-6008,6348,-490,196,-49,0
2518.7388179302216,8492,7868,10880,-140,-230,173,7892,-8128,10848,-51,39,-511,-13360,3400,6572,-998,181,-124,-13380,-5964,6304,-475,204,-63,0
2518.7721140384674,8588,7588,10820,-164,-264,154,7840,-7972,11004,-53,72,-256,-13636,3460,6556,-986,164,-129,-13700,-6004,6096,-485,175,-79,0
2518.8057060241695,8516,7576,10868,-190,-206,170,7804,-7932,10992,-22,76,-211,-13508,3416,6392,-1029,178,-142,-13660,-6032,6108,-493,184,-62,0
2518.8392610549927,8492,7604,10960,-178,-226,177,7888,-7980,11000,-35,83,-210,-13496,3408,6340,-1014,165,-152,-13536,-6064,6124,-480,209,-96,0
2518.8729331493378,8564,7592,10540,-153,-189,190,7844,-7896,11020,-51,53,-198,-13608,3352,6416,-994,161,-126,-13852,-5968,6144,-503,152,-38,0
2518.906480073929,8692,7512,10960,-233,-209,197,7900,-7980,10788,-31,72,-211,-13660,3384,6512,-1042,149,-142,-13660,-5928,6164,-480,196,-58,0
2518.939535140991,8652,7640,10872,-225,-202,173,7780,-7868,11096,2,101,-183,-13552,3244,6564,-1018,129,-133,-13660,-6056,6212,-444,167,-52,0
2518.9730880260468,8476,7540,10992,-245,-211,179,7876,-7800,10972,1,107,-232,-13536,3336,6376,-979,204,-176,-13608,-6008,6112,-472,244,-60,0
2519.0067000389095,8628,7532,10888,-509,-215,182,7820,-7976,10816,-25,52,-245,-13560,3336,6540,-1003,191,-163,-13704,-6136,6280,-425,235,-28,0
2519.0402169227605,8648,7544,10988,-248,-220,199,8016,-8008,10880,-42,110,-169,-13368,3352,6184,-988,152,-82,-13620,-5984,6236,-488,169,-91,0
2519.073879957199,8640,7484,10716,-267,-140,183,7856,-7936,10908,-39,91,-155,-13612,3304,6408,-994,117,-14,-13704,-6004,6084,-447,93,-90,0
2519.107404947281,8628,7420,10796,-224,-126,156,7868,-8016,10916,-65,100,-160,-13540,3376,6580,-974,104,-59,-13648,-6000,6208,-479,101,-114,0
2519.1406309604645,8636,7496,10768,-236,-153,159,7820,-8040,11016,-48,65,-172,-13780,3364,6536,-971,103,-104,-13724,-5944,6188,-481,185,-67,0
2519.1777789592743,8620,7516,10668,-161,-110,160,7868,-7952,11240,-56,91,-202,-13320,3248,6432,-981,96,-89,-13732,-5908,6000,-474,212,-104,0
2519.213427066803,8512,7476,10712,-211,-103,175,7864,-8132,11000,-78,120,-190,-13548,3096,6584,-987,63,-76,-13776,-5916,6176,-448,209,-90,0
2519.249387025833,8588,7392,10748,-219,-77,124,8016,-7944,10852,-41,128,-172,-13612,3356,6256,-983,25,-68,-13744,-6124,6072,-437,161,-122,0
2519.284373998642,8696,7448,10760,-166,249,80,7892,-7976,10616,-36,139,-156,-13444,3100,6200,-969,31,-16,-13788,-5968,6212,-457,153,-154,0
2519.3198950290684,8776,7508,10756,-159,-3,72,7936,-7976,10952,-22,186,-164,-13652,3300,6448,-967,-255,-42,-13632,-5976,6120,-477,141,-156,0
2519.3609189987183,8676,7516,11212,-148,-4,68,7852,-7976,11028,-42,192,-139,-13632,3260,6332,-952,-49,-40,-13404,-6060,5896,-468,140,-173,0
2519.3960480690002,8660,7432,10704,-136,-14,61,7892,-8056,10948,-111,206,-137,-13800,3332,6612,-884,-104,-26,-13696,-6144,6024,-484,187,-141,0
2519.431841135025,8920,7564,10780,-114,35,56,7800,-7768,10924,-70,208,-125,-13540,3288,6152,-874,-78,-7,-13648,-5988,5932,-491,177,-166,0
2519.4678139686584,8608,7500,10752,-168,36,65,7872,-8016,10948,-25,179,-153,-13440,3448,6652,-940,-48,-93,-13716,-5992,6136,-433,178,-161,0
2519.5027611255646,8536,7484,10772,-157,-10,53,7488,-8012,11048,-43,182,-152,-13608,3408,6484,-861,-94,-20,-13688,-6020,6168,-453,160,-169,0
2519.5386641025543,8660,7524,10732,-80,11,56,7896,-7940,10956,-88,177,-157,-13512,3452,6500,-852,-115,-37,-13644,-5984,6268,-525,107,-185,0
2519.5738530159,8676,7536,10804,-106,29,41,7900,-8048,10808,-109,177,-124,-13492,3460,6400,-949,-82,-11,-13704,-6048,6248,-485,144,-150,0
2519.6092901229854,8676,7568,10864,-88,20,59,7804,-7988,11076,-69,192,-113,-13516,3360,6592,-910,-94,-31,-13688,-6156,6020,-493,118,-187,0
2519.6444430351257,8608,7532,10832,-134,-60,47,7884,-8164,10852,-118,500,-150,-13384,3404,6424,-872,-32,246,-13624,-6024,6060,-497,119,-152,0
2519.6801359653473,8680,7524,10804,-165,11,55,7724,-8036,11208,-67,195,-139,-13428,3424,6420,-842,-31,-50,-13668,-5888,6032,-467,151,-115,0
2519.715278148651,8624,7624,10788,-126,13,76,7820,-8052,10968,-57,147,-107,-13568,3380,6600,-929,-5,-41,-13652,-6124,6236,-487,147,-153,0
2519.7506110668182,8548,7532,10760,-127,-252,79,7840,-8080,10988,-53,181,-146,-13560,3456,6532,-960,-3,-69,-13692,-6056,6116,-469,102,-184,0
2519.785802125931,8572,7476,10908,-142,32,80,7764,-7952,11000,-82,190,-138,-13408,3452,6720,-933,23,-75,-13652,-5960,6156,-477,89,-117,0
2519.8223090171814,8632,7652,10912,-171,-40,68,7720,-8032,10864,-49,146,-138,-13432,3404,6612,-945,40,-87,-13668,-6140,6236,-512,114,-143,0
2519.8557810783386,8552,7596,10692,-105,-22,106,7784,-8024,10956,-26,129,-163,-13340,3504,6640,-974,80,-95,-13616,-6016,6208,-766,152,-138,0
2519.8892309665684,8504,7508,10824,-119,-57,108,7836,-8080,10920,-31,282,-138,-13384,3368,6652,-1005,114,-76,-13628,-5980,6216,-487,149,-112,0
2519.9228019714355,8516,7572,10916,-162,-30,89,7764,-7920,11008,-27,166,-184,-13532,3532,6580,-954,64,-70,-13424,-6064,5912,-498,135,-119,0
2519.9563980102535,8668,7608,10772,-172,-23,113,7844,-8008,11000,-25,173,-147,-13632,3500,6588,-873,39,-110,-13748,-6048,6324,-482,164,-118,0
2519.9896810054775,8532,7572,10772,-152,-66,110,7836,-8064,11032,-35,138,-157,-13548,3408,6588,-995,106,-74,-13660,-6076,6264,-545,168,-132,0
2520.023190021515,8496,7612,10628,-157,-69,107,7868,-8024,11064,-38,146,-178,-13748,3492,6400,-1009,127,-70,-13596,-5948,6204,-504,100,-111,0
2520.056816101074,8568,7640,10772,-114,-41,92,7800,-8036,10948,-88,139,-164,-13504,3424,6604,-991,101,-75,-13656,-6068,6224,-501,100,-118,0
2520.0903649330135,8692,7456,10876,-169,-39,93,7808,-7972,11040,-69,155,-163,-13524,3480,6592,-999,98,-66,-13592,-6044,6132,-496,86,-139,0
2520.123719930649,8528,7592,10940,-127,-29,90,7872,-8028,10892,-27,135,-166,-13488,3408,6564,-1047,133,-105,-13352,-6028,5936,-499,130,-139,0
2520.157159090042,8600,7552,10568,-144,-68,83,7732,-7972,10992,6,132,-169,-13484,3472,6580,-1068,132,-78,-13580,-6052,5936,-495,159,-138,0
2520.1901829242706,8464,7636,10828,-127,-68,117,7852,-8012,10976,-37,114,-177,-13436,3428,6620,-1043,115,-72,-13784,-6028,6100,-459,109,-106,0
2520.2235300540924,8548,7556,10952,-201,-80,104,7900,-8140,10992,-7,135,-193,-13516,3480,6464,-1101,128,-66,-13664,-6088,6208,-481,142,-143,0
2520.2574620246887,8700,7564,10864,-173,-91,85,7812,-8152,10856,-30,326,-199,-13424,3372,6464,-1080,198,-142,-13592,-6040,6208,-486,94,-139,0
2520.2910981178284,8572,7572,10912,-155,-39,115,7776,-8020,11048,-20,150,-157,-13576,3356,6652,-1093,193,-139,-13688,-6008,6088,-472,91,-126,0
2520.324690103531,8536,7584,10676,-192,-77,93,7732,-8016,10924,-35,146,-192,-13492,3552,6564,-1136,221,-64,-13656,-5888,6392,-484,103,-119,0
2520.3582451343536,8540,7572,10832,-147,-52,128,7740,-7992,10816,-42,135,-164,-13548,3472,6412,-1131,196,-51,-13672,-5968,6312,-466,111,-65,0
2520.3917829990387,8444,7668,10848,-170,-40,135,7736,-8028,10928,255,124,-158,-13480,3456,6704,-1129,228,-83,-13708,-5996,6284,-465,50,-118,0
2520.425460100174,8612,7604,10872,-189,-68,108,7932,-8116,11132,-17,145,-140,-13724,3400,6840,-1170,194,-84,-13744,-5980,6112,-474,72,-130,0
2520.4590380191803,8508,7612,10940,-176,-53,71,7720,-8084,10992,-38,107,-168,-13540,3404,6544,-1123,150,-79,-13628,-6096,6236,-485,103,-150,0
2520.492747068405,8540,7636,10900,-187,-63,105,7776,-8176,10964,10,157,-163,-13488,3384,6684,-1086,162,-98,-13588,-6004,5920,-481,131,-128,0
2520.5261421203613,8516,7552,10728,-139,-94,117,7728,-7980,11072,-4,114,-174,-13452,3376,6508,-1062,143,-73,-13404,-6008,6208,-492,154,-137,0
2520.5600230693817,8560,7532,10784,-155,-98,98,7736,-7960,10916,32,117,-192,-13384,3384,6480,-1075,154,-77,-13612,-6020,6220,-445,149,-112,0
2520.5937769412994,8668,7596,10796,-204,-37,90,8364,-7952,10860,-62,34,-179,-13388,3360,6504,-1041,147,-100,-13564,-5964,6320,-431,151,-113,0
2520.62738609314,8588,7628,10996,-209,-97,128,7892,-7968,10784,-12,144,-165,-13512,3144,6512,-1004,153,-78,-13608,-6088,6152,-461,144,-80,0
2520.6605830192566,8600,7592,10924,-222,-103,138,7840,-7960,10924,-15,143,-212,-13560,3448,6496,-1028,128,-89,-13712,-5984,6176,-457,152,-77,0
2520.6939589977264,8608,7572,10740,-213,-123,136,7824,-8120,11056,-42,79,-213,-13488,3436,6736,-780,165,-86,-13588,-6008,6136,-480,175,-87,0
2520.7274680137634,8492,7608,10864,-200,-144,153,7864,-7984,11060,250,73,-219,-13548,3376,6648,-992,167,-111,-13648,-6092,6208,-499,203,-58,0
2520.760946035385,8496,7604,10968,-198,-169,170,7860,-8020,11016,-43,84,-223,-13504,3360,6468,-1006,118,-187,-13592,-6040,6220,-498,160,-65,0
2520.7944660186768,8448,7580,10880,-206,-179,144,7760,-8040,10948,-38,85,-200,-13544,3388,6580,-1008,132,-137,-13616,-6016,6132,-492,202,-85,0
2520.830428123474,8596,7624,10708,-250,-209,184,7820,-7980,11024,-10,139,-232,-13540,3364,6400,-992,150,-161,-13604,-5984,6332,-480,212,-85,0
2520.865385055542,8604,7660,10592,-209,-193,180,7996,-8000,10844,-21,63,-244,-13460,3364,6448,-975,175,-116,-13724,-6020,6148,-451,197,-19,0
2520.9003851413727,8684,7564,10708,-250,-219,187,7968,-8060,10944,-12,57,-232,-13324,3300,6596,-1038,165,-104,-13648,-5776,6144,-486,181,-48,0
2520.9360790252686,8512,7596,10724,-301,-192,193,7864,-7920,10988,-252,62,-211,-13636,3084,6568,-1268,169,-115,-13692,-5976,6380,-479,172,-61,0
2520.9719331264496,8616,7608,10628,-238,-215,200,7908,-8064,11192,-29,20,-243,-13516,3088,6548,-1056,203,-155,-13672,-5964,6388,-472,225,-42,0
2521.0078580379486,8684,7472,10748,-291,-200,222,7892,-7956,10980,19,-7,-275,-13564,3348,6504,-1033,235,-128,-13708,-5908,5972,-465,222,-24,0
2521.043370008468,8684,7472,10816,-248,-182,185,7844,-7948,10864,-2,20,-210,-13648,3360,6612,-997,175,-92,-13640,-5992,6108,-485,163,-87,0
2521.0792400836945,8684,7460,10788,-241,-174,192,8064,-7956,10940,8,84,-167,-13588,3360,6428,-996,127,-112,-13724,-6060,6280,-475,119,-100,0
2521.1149740219116,8860,7504,10924,-256,-145,166,7716,-7728,10912,-25,66,-208,-13472,3352,6824,-1004,140,-89,-13596,-6012,6220,-508,125,-81,0
2521.1504199504852,8628,7484,10764,-194,-160,163,7720,-7960,10816,-17,73,-190,-13776,3248,6556,-999,145,-148,-13584,-5916,6356,-477,206,-65,0
2521.185867071152,8524,7504,10796,-205,-163,167,7940,-7968,10904,-253,102,-230,-13508,3324,6324,-999,136,-97,-13696,-5908,6096,-505,166,-87,0
2521.2212579250336,8764,7512,10752,-164,-184,175,7852,-8164,10836,-30,84,-224,-13804,3124,6172,-772,172,-151,-13672,-5964,6152,-472,170,-115,0
2521.256366968155,8552,7644,10740,-212,-82,127,7928,-7976,10740,-2,105,-196,-13592,3552,6584,-1014,156,-81,-13712,-5940,5908,-468,157,-117,0
2521.2923259735107,8632,7564,10704,-170,-81,101,7832,-7996,10964,-24,199,-185,-13480,3260,6456,-990,56,-117,-13660,-6144,6132,-490,151,-111,0
2521.3281059265137,8672,7496,10976,-150,-46,106,7808,-7972,10908,4,165,-139,-13652,3408,6556,-1021,102,-65,-13676,-6004,6360,-447,140,-132,0
2521.3632459640503,8756,7496,10836,-151,-37,82,7836,-7984,10860,-28,186,-181,-13516,3316,6560,-1029,112,-30,-13592,-5988,5888,-481,114,-157,0
2521.3986179828644,8688,7480,10868,-160,-44,84,7932,-7976,10892,-34,192,-150,-13560,3340,6508,-997,63,-66,-13636,-5980,6332,-487,102,-152,0
2521.4343020915985,8464,7672,10872,-118,-28,82,7860,-8064,10908,-29,296,-73,-13468,3432,6412,-1045,81,-53,-13696,-5980,6080,-485,94,-161,0
2521.4715139865875,8596,7516,10952,-86,41,66,7924,-7872,10868,-14,184,-132,-13500,3328,6744,-1059,41,-70,-13604,-5972,5988,-482,126,-157,0
2521.505079984665,8624,7492,10852,-130,22,66,7752,-7980,10896,-13,195,-161,-13512,3388,6532,-1037,69,-69,-13672,-5948,6200,-470,120,-141,0
2521.5387189388275,8504,7552,10880,-115,-1,63,7772,-7936,11040,-39,210,-154,-13540,3336,6612,-1000,33,-76,-13684,-6044,6224,-452,126,-153,0
2521.5723330974574,8952,7628,10916,-120,-32,75,7812,-8036,10912,-36,175,-154,-13580,3336,6176,-1018,40,-46,-13320,-6020,5940,-502,123,-175,0
2521.6057400703426,8696,7496,10840,-176,-255,59,7932,-8072,10972,-46,169,-130,-13388,3552,6612,-1004,9,-29,-13700,-6036,6180,-506,75,-163,0
2521.6389911174774,8600,7528,10672,-112,55,68,7792,-7908,10976,-24,174,-121,-13548,3344,6444,-1010,22,-58,-13708,-5964,6236,-463,54,-165,0
2521.6724479198456,8608,7444,10872,-157,-17,56,7836,-7960,10828,-33,205,-134,-13556,3352,6544,-1008,11,-42,-13816,-5932,6200,-507,90,-151,0
2521.7061910629272,8488,7460,10836,-139,35,51,7808,-7984,10924,-21,208,-119,-13752,3388,6468,-979,18,-14,-13640,-5948,6192,-472,100,-133,0
2521.7398710250854,8572,7444,10796,-132,34,103,7836,-8048,11208,-18,172,-100,-13572,3416,6612,-772,58,-20,-13572,-6080,6232,-470,97,-149,0
2521.7731609344482,8596,7472,10788,-152,16,96,7804,-8028,10984,-254,155,-120,-13528,3344,6816,-993,54,-35,-13648,-6088,6124,-476,61,-148,0
2521.8067440986633,8620,7568,10880,-141,13,66,7804,-7988,10976,-36,156,-161,-13532,3416,6584,-980,69,-24,-13624,-6012,6316,-484,93,-143,0
2521.8403120040894,8700,7444,10932,-103,-8,73,7884,-7976,10756,-33,176,-120,-13640,3328,6344,-1007,56,-20,-13612,-5948,6184,-500,108,-157,0
2521.8739850521088,8680,7512,10904,-131,-15,81,7740,-7972,10816,-2,137,-163,-13484,3440,6476,-1050,80,-13,-13616,-6104,6148,-499,127,-139,0
2521.907413959503,8568,7584,10868,-88,-71,101,7808,-7992,10836,-45,346,-119,-13428,3384,6372,-1035,110,-53,-13456,-5988,6204,-482,153,-154,0
2521.9409699440002,8584,7524,10792,-185,-8,84,7792,-8024,10916,-30,165,-168,-13364,3564,6428,-997,99,-106,-13512,-5980,6232,-475,161,-126,0
2521.9744980335236,8496,7572,10812,-153,-41,65,7800,-8072,11088,-46,174,-173,-13768,3356,6620,-993,71,-105,-13676,-6068,6256,-472,159,-125,0
2522.0081210136414,8644,7524,10848,-147,-74,103,7820,-7940,10908,-25,151,-164,-13348,3496,6620,-1003,76,-88,-13672,-6100,6184,-477,153,-123,0
2522.0419161319733,8480,7604,10856,-145,-50,89,7704,-7988,10996,-43,115,-167,-13564,3416,6460,-1011,108,-48,-13644,-6044,6228,-496,160,-89,0
2522.0754549503326,8488,7592,11016,-133,-58,108,7784,-8180,10796,-49,156,-165,-13584,3380,6716,-963,73,-73,-13664,-5980,6340,-489,136,-112,0
2522.109044075012,8496,7636,11004,-133,-45,108,7852,-7768,11020,-31,121,-166,-13508,3332,6464,-1007,110,-100,-13692,-6008,6312,-505,135,-100,0
2522.142161130905,8660,7552,10768,-135,-45,121,7836,-8004,11008,-17,103,-164,-13568,3428,6448,-1023,63,-113,-13700,-6044,6256,-505,143,-124,0
2522.1756999492645,8472,7544,10780,-123,-43,97,7804,-7952,11228,-12,161,-170,-13516,3400,6416,-1028,84,-58,-13644,-6000,6288,-510,158,-117,0
2522.2093319892883,8492,7552,10856,-155,-70,97,7856,-7712,10904,-20,145,-153,-13436,3316,6372,-1016,99,-77,-13476,-5976,6232,-488,151,-122,0
2522.242954015732,8476,7664,11024,-145,-74,109,7816,-7904,10932,-21,133,-194,-13472,3332,6592,-999,137,-96,-13644,-6056,6232,-449,158,-128,0
2522.276099920273,8644,7656,10676,-126,-61,99,7832,-7968,10944,-52,134,-197,-13792,3072,6660,-1014,95,-100,-13700,-6020,6168,-490,119,-102,0
2522.309963941574,8560,7504,10708,-183,-69,98,7804,-8036,11084,-39,119,-147,-13536,3508,6452,-1002,55,-95,-13592,-6040,6300,-498,141,-128,0
2522.343547105789,8552,7604,10952,-201,-52,120,7728,-7952,10800,6,167,-154,-13556,3084,6540,-1038,98,-40,-13816,-6112,6200,-462,87,-101,0
2522.3773131370544,8568,7544,10948,-123,-68,105,7832,-7972,10960,-51,143,-185,-13636,3352,6612,-1009,79,-48,-13624,-6300,6320,-505,152,-139,0
2522.410599946976,8548,7576,10908,-184,-70,94,7588,-8172,10908,-19,152,-198,-13436,3368,6608,-976,98,-62,-13640,-5952,6288,-507,174,-98,0
2522.44424200058,8588,7500,10640,-133,-76,127,7868,-7944,10848,-40,122,-166,-13556,3412,6560,-1018,104,-93,-13672,-6064,6260,-482,162,-112,0
2522.478066921234,8600,7640,10872,-181,-56,122,7780,-8020,10744,-24,134,-131,-13596,3420,6600,-1030,107,-51,-13696,-6104,6152,-496,89,-136,0
2522.514312028885,8608,7596,10900,-168,-49,93,7736,-8012,10924,-79,148,-149,-13496,3340,6560,-983,69,-62,-13616,-5928,5976,-469,104,-127,0
2522.549530029297,8680,7524,10936,-184,-31,104,7744,-7984,10752,-42,153,-167,-13560,3172,6444,-993,69,-49,-13648,-6000,6136,-470,149,-123,0
2522.584983110428,8568,7536,11124,-171,-75,95,7764,-7960,11184,6,125,-147,-13552,3320,6728,-1018,107,-54,-13636,-6080,6212,-257,182,-109,0
2522.6211960315704,8280,7612,10948,-108,-93,108,7704,-7944,10988,-55,132,-196,-13508,3448,6532,-1027,101,-115,-13612,-6080,6180,-500,151,-96,0
2522.6560809612274,8564,7472,10636,-145,-70,110,7816,-7976,11064,-25,156,-185,-13572,3520,6792,-988,107,-58,-13676,-6076,6224,-471,126,-119,0
2522.6915299892426,8488,7448,10824,-175,-61,102,7868,-7956,10972,-23,145,-176,-13808,3352,6244,-986,88,-70,-13680,-6036,6328,-472,156,-131,0
2522.7277381420135,8560,7536,10608,-168,-78,93,7800,-7980,10900,-19,138,-175,-13748,3096,6812,-777,116,-74,-13648,-6140,6148,-444,152,-139,0
2522.7628700733185,8540,7624,10872,-173,-79,108,7820,-8000,10888,-40,140,-177,-13512,3488,6440,-991,88,-90,-13688,-6012,6312,-466,149,-115,0
2522.797522068024,8572,7588,10992,-175,-84,110,7700,-8040,10980,-50,181,-175,-13552,3408,6548,-1000,82,-40,-13568,-5992,5984,-478,144,-122,0
2522.833503007889,8540,7604,10804,-167,-77,105,7724,-8020,10808,-29,135,-181,-13516,3448,6544,-999,101,-119,-13624,-6004,6420,-483,175,-101,0
2522.869156122208,8516,7568,10916,-166,-146,105,7716,-7944,11008,-255,88,-190,-13392,3460,6644,-1007,147,-109,-13724,-6060,6220,-497,179,-51,0
2522.9042589664455,8492,7636,11000,-196,-170,153,7892,-8012,11152,-27,97,-216,-13468,3464,6400,-980,115,-122,-13624,-6096,6232,-514,203,-88,0
2522.9407489299774,8480,7664,10780,-188,-222,146,7800,-8080,10928,-19,85,-221,-13488,3388,6664,-970,152,-174,-13808,-6044,6240,-475,211,-57,0
2522.9762189388275,8564,7572,10872,-182,-195,167,7844,-7980,11100,-38,94,-239,-13568,3252,6532,-1002,126,-146,-13596,-6116,6144,-483,243,-61,0
2523.0118601322174,8460,7628,10988,-195,-196,167,7808,-7792,10788,-15,84,-239,-13788,3348,6788,-1003,144,-149,-13700,-6060,6200,-472,201,-75,0
2523.047783136368,8608,7648,10836,-174,-152,178,7768,-8000,11000,-35,83,-213,-13532,3236,6616,-985,141,-98,-13740,-6012,6136,-486,177,-67,0
2523.0826320648193,8616,7504,10792,-244,-176,169,7696,-7996,10868,-41,91,-201,-13500,3288,6560,-1002,101,-133,-13644,-6072,6240,-490,209,-84,0
2523.1181590557094,8596,7608,10736,-245,-173,137,7888,-8124,10788,255,102,-225,-13796,3340,6688,-1016,130,-104,-13684,-6116,5928,-512,175,-75,0
2523.1538350582123,8612,7536,10920,-247,-205,151,7764,-8012,10988,-47,76,-236,-13404,3576,6560,-998,181,-146,-13656,-6000,6204,-496,221,-71,0
2523.1894879341125,8720,7424,10800,-236,-191,141,7744,-8016,10960,-30,73,-238,-13524,3364,6644,-1028,179,-131,-13708,-5948,6136,-466,220,-61,0
2523.2229809761047,8684,7528,10836,-196,-183,187,7852,-7992,10912,-23,73,-205,-13616,3392,6560,-1031,169,-123,-13636,-6060,6192,-479,173,-49,0
2523.256757974624,8596,7512,10588,-242,-150,181,7860,-7956,11252,-31,92,-172,-13584,3132,6616,-1009,133,-99,-13716,-5968,6364,-484,82,-88,0
2523.2901129722595,8544,7444,10968,-222,-146,164,7888,-8016,10956,-61,84,-182,-13636,3372,6528,-995,130,-85,-13560,-6052,5904,-493,116,-98,0
2523.3235170841217,8620,7484,10604,-194,-140,160,7680,-7932,10884,-33,112,-181,-13520,3316,6504,-1049,145,-83,-13628,-6016,6300,-491,136,-71,0
2523.357278108597,8664,7488,10756,-225,-146,189,7804,-8076,10948,-18,97,-188,-13488,3260,6432,-1045,176,-103,-13616,-5972,6188,-527,161,-96,0
2523.3907821178436,8624,7536,10520,-157,-168,165,7756,-7928,10824,-26,91,-201,-13452,3524,6584,-1053,136,-122,-13640,-5984,6232,-520,181,-92,0
2523.4242730140686,8612,7456,10796,-194,-139,124,7896,-7916,11212,-23,114,-196,-13320,3508,6600,-1012,117,-126,-13668,-6052,6136,-478,156,-136,0
2523.457936048508,8664,7452,10668,-179,-90,118,7964,-7984,10808,-253,152,-184,-13584,3356,6616,-1011,123,-77,-13664,-6024,6232,-467,150,-135,0
2523.491711139679,8676,7552,10940,-172,-55,104,7916,-7976,10892,-6,169,-163,-13760,3368,6536,-1025,93,-86,-13668,-5960,5928,-470,123,-132,0
2523.5253291130066,8692,7508,10740,-200,-9,118,7948,-7888,10816,-22,168,-147,-13528,3332,6476,-1011,77,-47,-13772,-5988,6216,-485,123,-150,0
2523.5586421489716,8584,7516,10700,-156,-24,84,8132,-7740,10992,-50,185,-169,-13500,3368,6512,-1009,58,-77,-13600,-6016,6188,-477,131,-131,0
2523.5921750068665,8640,7536,10848,-163,-251,96,7960,-7732,10976,-51,171,-147,-13768,3348,6536,-1021,81,-51,-13656,-5964,6124,-488,111,-136,0
2523.6258330345154,8564,7588,10860,-138,252,74,7860,-7920,10884,-5,148,-141,-13520,3392,6616,-1001,53,-37,-13688,-6000,6100,-439,120,-166,0
2523.659142971039,8608,7560,10708,-128,40,70,7860,-8012,10904,-12,199,-142,-13516,3300,6376,-1021,59,-36,-13656,-5948,6152,-473,125,-142,0
2523.6926181316376,8516,7568,10704,-119,250,66,7868,-7948,10796,0,183,-179,-13648,3424,6420,-996,54,-64,-13700,-6152,6096,-493,104,-162,0
2523.7261300086975,8568,7612,10832,-119,15,55,7864,-7952,10844,-12,196,-132,-13556,3376,6608,-982,27,-84,-13580,-6092,6252,-474,113,-147,0
2523.759314060211,8548,7632,10968,-163,9,59,7848,-7732,10960,-35,194,-152,-13612,3340,6796,-1005,40,-45,-13724,-5964,6192,-468,75,-148,0
2523.7928750514984,8596,7536,11004,-131,-8,54,7840,-7960,10880,-34,168,-155,-13512,3516,6652,-903,-88,-247,-13648,-6048,6204,-463,122,-154,0
2523.826401948929,8580,7396,10808,-170,25,59,7796,-8024,11016,-14,189,-148,-13364,3368,6504,-1003,27,-45,-13700,-5976,6336,-470,70,-170,0
2523.859733104706,8536,7576,10964,-134,36,68,7876,-7896,11016,9,183,-122,-13564,3336,6576,-1005,46,-13,-13620,-5968,6252,-499,66,-156,0
2523.8931591510773,8556,7492,10888,-142,-25,52,7760,-8140,10784,-61,208,-139,-13448,3252,6524,-993,46,-47,-13648,-5912,6200,-472,105,-151,0
2523.9267749786377,8644,7580,10796,-180,255,58,7820,-7948,10948,-23,185,-157,-13320,3344,6596,-1019,60,-30,-13644,-5904,6360,-476,118,-156,0
2523.959774017334,8596,7572,10760,-96,-22,74,7764,-8136,10776,-33,157,-146,-13496,3304,6532,-1043,72,-84,-13660,-6108,6252,-484,136,-120,0
2523.993453979492,8636,7588,10912,-149,-15,79,7784,-7980,10944,-32,137,-130,-13640,3380,6576,-1014,50,-73,-13568,-6000,6344,-470,64,-127,0
2524.0271141529083,8560,7560,10904,-171,-13,88,7852,-7992,11184,-64,158,-130,-13436,3472,6620,-974,46,-54,-13588,-6036,6312,-465,42,-153,0
2524.0605380535126,8548,7600,10900,-136,22,99,7748,-7924,11108,-51,169,-125,-13600,3404,6588,-995,85,-33,-13632,-6044,6204,-493,107,-143,0
2524.0941479206085,8584,7456,10832,-169,-54,72,7756,-7992,10960,10,155,-160,-13336,3352,6740,-1019,96,-47,-13592,-5988,6216,-484,141,-109,0
2524.1276240348816,8536,7456,10844,-99,-60,90,7760,-8180,10764,-26,122,-185,-13508,3348,6580,-1059,78,-102,-13628,-5952,6248,-490,154,-124,0
2524.1611790657043,8536,7544,10860,-162,-46,85,7644,-7996,10916,21,188,-183,-13520,3340,6604,-985,64,-73,-13608,-6064,6200,-457,121,-129,0
2524.1977479457855,8628,7556,10848,-118,-45,95,7844,-8032,10900,-42,156,-170,-13532,3392,6468,-1004,96,-74,-13676,-6096,6240,-502,149,-102,0
2524.2327411174774,8500,7540,10908,-153,-56,119,7860,-8020,10884,-31,167,-150,-13556,3372,6480,-1036,92,-62,-13660,-6080,6352,-490,157,-111,0
2524.2677090168,8520,7648,10980,-166,-69,128,7844,-8012,10972,-59,126,-163,-13512,3388,6768,-985,131,-79,-13612,-6008,6192,-481,131,-119,0
2524.3033530712128,8464,7544,10804,-168,-67,120,7816,-7992,10980,-65,111,-145,-13392,3356,6424,-1020,113,-51,-13324,-5904,6164,-476,126,-120,0
2524.338793992996,8628,7536,10920,-178,-63,119,7696,-7996,11020,-48,149,-161,-13520,3380,6588,-1013,100,-74,-13580,-6048,6176,-471,139,-136,0
2524.3774900436406,8472,7540,10832,-157,-54,78,7868,-7960,10872,0,157,-179,-13436,3440,6532,-988,80,-104,-13564,-6128,6208,-484,160,-134,0
2524.4129030704494,8468,7660,10900,-157,-53,89,7776,-8012,11008,-9,118,-203,-13372,3364,6852,-1018,85,-88,-13668,-6036,6264,-485,164,-114,0
2524.4492099285126,8600,7564,10908,-115,-74,101,7804,-7996,11044,-23,147,-183,-13384,3336,6460,-1007,115,-86,-13748,-6068,6256,-497,132,-125,0
2524.48401594162,8204,7648,10960,-156,-66,123,7872,-7904,10952,-31,153,-199,-13552,3432,6516,-998,91,-77,-13660,-5956,6312,-470,155,-141,0
2524.5196239948273,8516,7576,10996,-172,-84,105,7704,-7932,11008,-56,158,-190,-13456,3448,6644,-1004,92,-106,-13680,-5996,6352,-494,126,-137,0
2524.5550770759583,8588,7528,10832,-146,-35,116,7800,-7912,11072,-61,132,-173,-13780,3332,6552,-986,104,-51,-13668,-6136,6388,-504,130,-135,0
2524.5903420448303,8680,7524,10948,-223,-25,128,7752,-8036,10980,-10,135,-164,-13592,3404,6544,-1044,100,-116,-13600,-6036,6324,-498,150,-118,0
2524.62549495697,8548,7696,10872,-173,-38,101,7764,-7972,10980,-32,158,-171,-13444,3336,6540,-1003,98,-49,-13632,-6036,6200,-499,166,-137,0
2524.661155939102,8672,7620,10764,-161,-101,90,7780,-8000,11260,-33,122,-186,-13336,3300,6604,-997,118,-115,-13716,-5976,6376,-495,188,-125,0
2524.6971940994263,8584,7608,10972,-136,-39,111,7804,-8024,11100,-39,123,-176,-13460,3344,6596,-1016,107,-93,-13592,-5992,6296,-485,142,-96,0
2524.732269048691,8208,7584,10968,-143,-42,113,7840,-7944,10956,10,164,-141,-13468,3320,6412,-1019,93,-47,-13604,-5928,6144,-487,88,-112,0
2524.7675199508667,8524,7672,10816,-176,246,92,7780,-7988,10788,-42,157,-170,-13556,3368,6684,-974,52,-70,-13536,-5968,6256,-484,86,-120,0
2524.8034880161285,8436,7560,10924,-194,-51,104,7756,-7992,11132,-60,124,-148,-13536,3316,6500,-963,76,-38,-13672,-6044,6340,-460,169,-124,0
2524.8408439159393,8624,7484,11024,-155,-73,132,7812,-7952,10948,-36,149,-183,-13444,3392,6760,-1020,99,-121,-13528,-5936,6192,-482,168,-92,0
2524.8743319511414,8552,7572,10956,-147,-92,117,7924,-8028,10924,-30,103,-195,-13384,3304,6536,-1040,131,-108,-13524,-6028,6220,-491,182,-139,0
2524.9076540470123,8512,7564,10888,-170,-109,95,7772,-8032,10900,-9,108,-190,-13500,3360,6556,-1033,120,-96,-13668,-5964,6216,-483,177,-130,0
2524.9411721229553,8500,7488,10808,-202,-43,118,7784,-7904,10744,-30,143,-169,-13548,3400,6596,-1002,104,-37,-13624,-6024,6168,-459,137,-113,0
2524.9747200012207,8520,7560,10912,-161,-74,97,7820,-7968,11248,-38,170,-161,-13532,3420,6584,-1034,91,-100,-13660,-6016,6196,-478,179,-126,0
2525.0081260204315,8500,7632,10912,-197,-72,121,7460,-8032,10956,-17,138,-184,-13520,3420,6500,-990,52,-90,-13772,-6064,6228,-492,184,-89,0
2525.0417981147766,8480,7524,10912,-219,-104,132,7440,-8040,11000,-24,111,-209,-13544,3420,6876,-999,111,-116,-13648,-6060,6352,-438,167,-91,0
2525.0754220485687,8568,7668,10768,-218,-140,128,7724,-7964,11260,-19,121,-210,-13528,3340,6568,-1006,119,-127,-13756,-5976,6168,-463,193,-98,0
2525.1090071201324,8228,7548,10992,-218,-183,124,7648,-8060,10784,-29,92,-227,-13548,3416,6544,-994,89,-75,-13728,-6016,6280,-499,194,-102,0
2525.1422600746155,8524,7496,10960,-206,-143,160,7780,-8032,10908,-14,106,-207,-13496,3456,6676,-1006,147,-132,-13668,-6104,6240,-475,212,-65,0
2525.1757450103764,8496,7516,10804,-203,-157,143,7764,-8028,11172,-14,73,-208,-13492,3560,6416,-1009,151,-160,-13644,-6032,6240,-491,214,-88,0
2525.2094149589534,8448,7564,11004,-222,-205,155,7812,-7968,10988,-19,75,-219,-13716,3440,6588,-1004,148,-138,-13748,-5880,6208,-499,199,-79,0
2525.242860078812,8580,7592,10792,-221,-185,169,7912,-7992,10980,-29,80,-223,-13524,3324,6756,-991,161,-117,-13632,-6008,6244,-492,223,-63,0
2525.276437997818,8540,7596,10896,-214,-177,174,7848,-7888,10864,-23,89,-235,-13520,3340,6296,-1003,146,-154,-13644,-6044,6132,-489,225,-79,0
2525.310028076172,8524,7516,10864,-231,-200,174,7840,-7696,11052,-40,251,-222,-13556,3268,6556,-961,147,-163,-13652,-5920,6276,-473,190,-64,0
2525.3432779312134,8652,7544,10964,-233,-165,183,7896,-8012,11044,-65,104,-213,-13528,3380,6428,-951,130,-100,-13748,-6120,5984,-763,136,-59,0
2525.3769810199738,8616,7528,10816,-270,-154,174,7780,-8112,10816,-50,85,-208,-13556,3300,6496,-955,93,-82,-13632,-5996,6312,-500,178,-82,0
2525.410290002823,8668,7524,10964,-250,-155,150,7896,-7916,11020,-8,82,-207,-13560,3300,6552,-1002,115,-120,-13648,-6052,6396,-472,158,-97,0
2525.4438440799713,8524,7500,10904,-185,-164,130,7840,-7916,10964,-21,105,-218,-13548,3336,6524,-956,78,-130,-13644,-6060,6224,-480,209,-78,0
2525.477540969848,8584,7472,10668,-233,-158,145,7744,-7984,10992,-30,90,-233,-13524,3428,6648,-948,124,-165,-13636,-5864,6244,-501,220,-63,0
2525.511053085327,8624,7556,10788,-190,-159,167,7912,-7948,10872,-26,90,-180,-13468,3568,6580,-964,122,-103,-13608,-6056,6248,-480,147,-72,0
2525.5443670749664,8668,7520,10844,-208,-122,171,7832,-7860,10964,-24,60,-170,-13340,3544,6468,-1016,168,-91,-13684,-6100,6272,-481,126,-102,0
2525.5780279636383,8624,7596,10884,-227,-137,163,8188,-7704,11016,-47,123,-170,-13564,3344,6412,-998,81,-50,-13644,-5996,6152,-487,116,-118,0
2525.611596107483,8708,7480,10892,-182,-75,106,7880,-7696,10912,-68,128,-158,-13524,3324,6520,-1000,63,-71,-13672,-5988,6088,-497,96,-144,0
2525.644989967346,8636,7500,10896,-154,-66,115,7836,-7992,10980,-42,153,-151,-13628,3212,6416,-980,83,-108,-13704,-5948,6152,-502,161,-122,0
2525.678591966629,8648,7384,10708,-133,-35,100,8172,-7960,10856,-44,151,-171,-13516,3392,6512,-1024,69,-68,-13604,-6008,6092,-482,145,-130,0
2525.712165117264,8636,7456,10692,-164,-42,86,7752,-8000,10836,-29,124,-169,-13616,3504,6420,-995,103,-47,-13696,-5992,6124,-479,131,-146,0
2525.7457780838013,8632,7244,10564,-163,1,56,7884,-8184,10768,-36,147,-157,-13512,3336,6456,-992,86,-62,-13604,-6016,6176,-463,130,-124,0
2525.7792539596558,8668,7512,10752,-148,-23,114,7872,-8028,10952,-25,185,-164,-13484,3368,6584,-983,85,-53,-13768,-5960,6248,-495,145,-132,0
2525.81290602684,8632,7440,10840,-130,-16,97,7896,-7908,10912,-54,155,-144,-13516,3332,6672,-1007,67,-42,-13656,-6008,6160,-486,130,-124,0
2525.8460099697113,8512,7476,10768,-124,17,67,7804,-7936,10900,-78,181,-147,-13548,3348,6460,-996,51,-22,-13660,-6032,6160,-497,90,-154,0
2525.8828201293945,8548,7536,10892,-140,28,72,7772,-8008,10864,-42,182,-136,-13576,3376,6604,-976,32,-55,-13616,-5956,5964,-511,116,-164,0
2525.917606115341,8536,7544,10796,-109,14,80,7800,-7988,10980,-18,157,-131,-13316,3380,6844,-1009,56,-29,-13340,-6140,6152,-496,135,-144,0
2525.9536330699925,8672,7548,10876,-99,7,65,7796,-8180,10832,-42,169,-139,-13600,3452,6356,-977,64,-41,-13776,-6088,6188,-485,123,-127,0
2525.9892439842224,8564,7576,10832,-104,-11,75,7772,-7996,11052,-29,139,-167,-13464,3352,6436,-927,-18,-50,-13372,-6056,6100,-489,152,-131,0
2526.0242450237274,8608,7504,10856,-135,-42,85,7860,-8136,10824,-23,170,-173,-13824,3376,6516,-1006,107,-78,-13612,-5972,6064,-449,169,-129,0
2526.060359954834,8636,7608,10844,-133,-42,72,7988,-8172,10904,-54,95,-186,-13524,3332,6464,-770,76,-80,-13616,-6044,6192,-480,145,-142,0
2526.0955080986023,8564,7544,10924,-151,-41,84,7868,-7948,10948,-43,191,-171,-13772,3400,6480,-995,50,-37,-13636,-6068,6248,-496,134,-135,0
2526.131690979004,8576,7524,11140,-148,253,66,7696,-8044,11108,-7,198,-120,-13536,3376,6540,-1009,19,-46,-13732,-6044,6272,-488,78,-152,0
2526.1676790714264,8548,7544,10904,-117,31,93,7724,-7948,11092,-45,183,-135,-13496,3144,6632,-1001,47,-34,-13584,-6096,5932,-492,110,-152,0
2526.202810049057,8488,7568,10928,-113,-24,64,7824,-7708,11096,-23,180,-152,-13416,3412,6720,-1022,69,-39,-13344,-6144,6392,-475,140,-121,0
2526.2387120723724,8476,7544,10752,-136,-26,99,7752,-7912,10936,-14,140,-145,-13472,3368,6572,-1068,112,-38,-13652,-6028,6156,-482,143,-109,0
2526.273566007614,8572,7592,10636,-106,-43,108,7724,-8172,10980,1,147,-151,-13524,3108,6860,-1049,104,-58,-13680,-6104,6356,-469,103,-132,0
2526.309163093567,8572,7628,10952,-150,-13,104,7788,-8184,11224,-52,152,-152,-13452,3328,6408,-978,40,-1,-13676,-6000,6212,-461,81,-140,0
2526.3438100814815,8492,7592,10924,-136,-8,85,7704,-8092,10924,-49,163,-162,-13416,3324,6580,-991,80,-92,-13336,-6112,6264,-491,93,-143,0
2526.3794250488286,8364,7608,10844,-165,-67,96,7808,-7924,10820,23,161,-147,-13536,3376,6636,-1016,76,-60,-13656,-5960,6316,-475,151,-129,0
2526.4150519371033,8468,7500,10896,-133,-40,88,7764,-8000,10948,-43,122,-187,-13416,3392,6664,-1047,113,-82,-13644,-6028,6216,-492,164,-123,0
2526.4504261016846,8564,7536,10860,-114,-53,100,7780,-7696,11004,-12,124,-202,-13496,3496,6528,-1001,96,-59,-13460,-6088,6244,-474,148,-140,0
2526.485710144043,8460,7572,10944,-146,-44,79,7860,-8020,11104,-39,162,-176,-13472,3552,6508,-988,73,-76,-13640,-5972,6160,-495,140,-115,0
2526.522462129593,8528,7572,10828,-160,-41,114,7840,-8184,11076,-2,128,-165,-13448,3580,6464,-1004,117,-41,-13696,-6012,6152,-446,130,-92,0
2526.555886030197,8608,7548,10800,-158,-60,122,7772,-7992,11240,-14,145,-148,-13516,3344,6556,-1039,101,-64,-13596,-6060,6192,-455,133,-100,0
2526.5894429683685,8532,7492,10780,-170,-54,111,7712,-7948,11020,-45,131,-173,-13556,3460,6616,-991,142,-73,-13636,-5960,6312,-489,106,-134,0
2526.6230189800262,8552,7572,10944,-135,-49,103,7740,-7968,11060,-34,124,-169,-13796,3344,6768,-1001,90,-82,-13672,-6004,6240,-493,107,-127,0
2526.656450986862,8576,7536,10864,-137,-44,116,7724,-7912,11056,-22,132,-157,-13424,3468,6556,-1020,86,-79,-13544,-6028,6364,-498,152,-146,0
2526.689882993698,8480,7620,10884,-152,-45,116,7752,-8064,10792,-20,129,-173,-13332,3468,6460,-1028,120,-73,-13812,-6024,6240,-483,146,-133,0
2526.7235100269318,8420,7608,10868,-155,-89,97,7716,-7924,10968,-53,132,-187,-13520,3428,6584,-776,107,-96,-13816,-6036,6304,-468,165,-129,0
2526.7569711208344,8596,7588,11040,-140,-72,96,7724,-7912,10908,-29,103,-190,-13500,3416,6820,-1047,115,-130,-13592,-5980,6244,-482,169,-98,0
2526.7904970645905,8540,7516,10896,-162,-84,109,7744,-8000,10784,-51,127,-208,-13464,3320,6508,-769,124,-117,-13648,-6064,6136,-482,167,-97,0
2526.8239099979405,8580,7580,10892,-183,-53,94,7732,-8192,11000,-52,115,-171,-13536,3424,6664,-977,122,-55,-13712,-6044,6180,-463,123,-89,0
2526.857821941376,8552,7568,10940,-178,-65,100,7840,-8012,10956,-42,129,-180,-13568,3484,6488,-1001,72,-35,-13688,-6068,6176,-469,134,-122,0
2526.8909919261932,8232,7592,11000,-198,-65,136,7764,-8024,10960,-20,153,-127,-13460,3444,6652,-1007,89,-64,-13384,-6028,6268,-500,102,-116,0
2526.924793004989,8476,7592,10900,-157,-8,87,7792,-7956,11092,-25,143,-154,-13536,3360,6724,-1005,99,-68,-13668,-5896,6216,-475,134,-130,0
2526.958254098892,8556,7460,10820,-147,-123,83,7804,-7988,11076,-60,135,-200,-13484,3396,6524,-988,81,-119,-13640,-6104,6080,-505,171,-140,0
2526.991851091385,8620,7620,10820,-167,-64,103,7828,-8136,10856,4,147,-178,-13480,3424,6600,-1012,103,-63,-13696,-6088,6256,-437,116,-107,0
2527.0256519317627,8536,7644,10964,-141,-69,115,7756,-8184,10988,-19,149,-153,-13424,3352,6744,-1028,114,-43,-13568,-6040,6176,-475,107,-97,0
2527.05912899971,8520,7568,10812,-189,-27,106,7832,-8016,10924,-53,173,-153,-13804,3368,6544,-1002,125,-46,-13624,-6012,6280,-467,84,-128,0
2527.0926370620728,8580,7628,10896,-205,-29,104,7804,-8000,11016,-74,145,-125,-13560,3400,6708,-989,91,-88,-13592,-6020,6268,-487,106,-110,0
2527.125883102417,8460,7564,10692,-186,-88,110,7832,-7960,11028,-19,143,-153,-13504,3484,6600,-1002,72,-62,-13592,-6048,6160,-490,143,-100,0
2527.159250020981,8456,7584,10796,-196,-106,133,7716,-7968,10960,-26,133,-171,-13368,3444,6536,-771,117,-71,-13532,-5940,6308,-486,165,-85,0
2527.1929519176483,8468,7568,10796,-146,-78,115,7692,-7936,10868,-32,93,-185,-13508,3364,6540,-1048,118,-69,-13652,-6040,6056,-484,153,-129,0
2527.226679086685,8388,7580,10944,-167,-74,132,7856,-7912,11012,-33,143,-187,-13548,3080,6436,-1269,149,-93,-13668,-5896,6524,-472,171,-114,0
2527.260237932205,8476,7552,10964,-183,-86,106,7856,-7988,10944,-31,146,-188,-13476,3364,6636,-996,95,-150,-13608,-6044,6220,-495,172,-127,0
2527.2937369346614,8448,7592,10872,-171,-47,122,7776,-8128,10956,-34,131,-187,-13456,3340,6524,-1023,121,-90,-13624,-6064,6284,-470,164,-117,0
2527.327306985855,8484,7544,10704,-219,-106,129,7880,-7956,10916,-29,113,-182,-13492,3432,6484,-1025,123,-32,-13652,-6036,6152,-498,148,-81,0
2527.3607749938965,8496,7576,10808,-202,-102,139,7816,-8080,10900,-45,120,-233,-13780,3364,6628,-988,101,-123,-13620,-5984,6248,-489,173,-106,0
2527.393893957138,8560,7560,10752,-203,-148,120,7832,-8044,10792,-2,101,-214,-13500,3396,6524,-771,112,-171,-13716,-6028,6244,-517,184,-120,0
2527.4273929595947,8628,7620,10796,-195,-149,140,7768,-7936,11104,-27,110,-206,-13384,3392,6508,-993,103,-139,-13536,-6052,6328,-493,173,-104,0
2527.460927963257,8696,7676,10872,-212,-155,142,7716,-8008,11016,20,109,-225,-13508,3388,6764,-1016,98,-116,-13612,-5972,6280,-447,165,-81,0
2527.4944009780884,8668,7644,10756,-236,-194,141,7848,-7940,11128,254,100,-221,-13764,3308,6460,-988,137,-121,-13696,-6044,6176,-482,179,-94,0
2527.527665138244,8572,7496,10892,-244,-195,173,7868,-7988,10960,-19,105,-211,-13612,3388,6832,-988,117,-161,-13680,-5940,6156,-482,172,-105,0
2527.563899040222,8544,7572,10952,-208,-181,157,7808,-7952,10964,21,108,-196,-13472,3320,6756,-1002,133,-108,-13680,-6068,6036,-501,206,-82,0
2527.5994861125946,8488,7568,10796,-238,-214,174,7760,-7880,11232,-8,61,-216,-13500,3280,6684,-1017,146,-163,-13676,-6044,6112,-459,191,-46,0
2527.634593963623,8696,7604,10844,-226,-177,163,7816,-7888,10864,-24,80,-208,-13492,3264,6880,-952,146,-84,-13656,-6028,6144,-503,144,-61,0
2527.679472923279,8572,7456,10852,-269,-168,179,7844,-7972,11080,-20,129,-199,-13552,3384,6596,-1008,151,-134,-13824,-6064,6276,-462,209,-116,0
2527.727061033249,8540,7580,10876,-198,-159,168,7760,-7688,10860,-27,98,-199,-13604,3220,6496,-1007,108,-101,-13644,-5964,6372,-467,156,-118,0
2527.7713389396667,8624,7460,11004,-218,-186,146,7908,-8000,11044,-253,104,-226,-13516,3400,6408,-978,144,-114,-13652,-6012,6296,-485,201,-65,0
2527.8076591491695,8636,7480,10936,-250,-153,173,7780,-7920,10828,-4,105,-191,-13484,3400,6548,-1000,126,-97,-13640,-5984,6152,-458,173,-86,0
2527.842898130417,8612,7476,10660,-252,-121,176,7772,-7832,10976,-14,80,-181,-13340,3336,6432,-1028,153,-112,-13704,-6000,5924,-479,120,-104,0
2527.8787281513214,8600,7500,10852,-222,-135,134,7832,-7876,10940,-52,90,-183,-13500,3380,6608,-977,130,-80,-13628,-6088,6044,-489,129,-93,0
2527.913758993149,8872,7472,10780,-213,-148,145,7888,-7896,10928,-61,56,-164,-13620,3536,6488,-976,95,-101,-13600,-6024,6008,-504,162,-90,0
2527.94930100441,8712,7420,10796,-204,-127,146,7840,-8172,10924,-5,125,-185,-13504,3548,6448,-1029,103,-146,-13620,-5968,5900,-487,183,-106,0
2527.9845111370087,8608,7648,10748,-151,-52,104,7896,-7964,10876,-14,171,-183,-13528,3268,6644,-1055,92,-94,-13640,-5952,5968,-481,165,-125,0
2528.020658969879,8480,7492,10868,-186,-29,81,7820,-7812,10860,5,182,-153,-13340,3164,6480,-1048,113,-46,-13596,-6144,6076,-446,157,-125,0
2528.056091070175,8696,7456,11000,-148,13,79,7776,-7684,11104,-20,184,-146,-13344,3076,6468,-1038,98,-57,-13632,-5956,5936,-479,134,-133,0
2528.091854095459,8852,7472,10808,-156,-34,66,7912,-7924,11120,-19,200,-151,-13596,3404,6568,-1055,76,-40,-13832,-5984,6172,-466,121,-152,0
2528.1274819374084,8604,7480,10740,-142,-27,91,7884,-7944,11032,-56,189,-146,-13520,3320,6596,-1036,114,253,-13612,-6088,6204,-482,101,-128,0
2528.1635091304775,8540,7604,10736,-134,19,65,7776,-8020,10984,-80,205,-152,-13600,3360,6704,-1278,73,-38,-13644,-5964,6232,-484,64,-176,0
2528.1999349594116,8648,7540,10816,-139,25,52,7836,-8012,11240,-38,170,-142,-13496,3420,6668,-1052,22,3,-13528,-6004,6144,-479,101,-150,0
2528.233745098114,8548,7508,10972,-126,33,93,7716,-7836,10980,27,186,-113,-13500,3356,6472,-1055,79,-41,-13576,-5916,6296,-490,108,-141,0
2528.267322063446,8460,7612,10748,-96,45,56,7812,-7916,11044,-48,170,-163,-13532,3388,6528,-1018,87,-63,-13616,-6052,6392,-501,116,-109,0
2528.300780057907,8628,7540,10904,-111,-27,73,7884,-7968,10976,-78,164,-171,-13472,3272,6572,-984,58,-139,-13808,-6028,6340,-473,107,-128,0
2528.334311962128,8628,7540,10716,-155,-9,91,7748,-7696,10960,-58,142,-127,-13456,3352,6544,-965,95,-48,-13684,-5956,6028,-456,109,-114,0
2528.367609977722,8480,7540,10852,-136,12,84,7868,-7876,11104,-50,158,-141,-13520,3376,6600,-772,95,-15,-13612,-5964,6152,-501,98,-113,0
2528.4009261131287,8224,7500,10804,-119,21,110,7772,-7992,10932,-93,153,-113,-13472,3548,6412,-975,53,-48,-13612,-6096,6236,-501,122,-125,0
2528.4344000816345,8460,7540,10932,-132,-14,85,7832,-8000,10924,-50,160,-141,-13340,3348,6580,-956,93,-55,-13664,-6044,6204,-469,81,-147,0
2528.4680681228638,8564,7528,10884,-153,4,82,7776,-7976,11064,-55,150,-153,-13332,3340,6404,-957,29,-43,-13804,-6100,6152,-501,109,-154,0
2528.501634120941,8400,7536,11012,-140,-40,61,7752,-7960,11160,-31,179,-165,-13508,3392,6560,-949,45,-59,-13588,-6112,6252,-493,149,-150,0
2528.5353441238403,8700,7512,10936,-122,-24,91,7824,-8020,10940,-21,142,-181,-13472,3540,6460,-992,54,-84,-13716,-6120,6148,-469,162,-128,0
2528.568897008896,8520,7488,10780,-135,-60,93,7804,-7916,10920,-22,130,-180,-13476,3404,6504,-989,87,-100,-13572,-6016,6228,-478,157,-129,0
2528.602448940277,8520,7480,10928,-172,-71,95,7844,-7996,10960,-53,171,-197,-13464,3392,6620,-967,80,-112,-13548,-6112,6372,-466,178,-115,0
2528.635857105255,8548,7604,10904,-178,-79,114,7712,-7968,10916,-74,140,-183,-13540,3392,6512,-940,70,-88,-13652,-6064,6392,-477,166,-140,0
2528.6694691181183,8656,7484,10740,-164,-56,116,7728,-8144,10804,-67,144,-192,-13508,3088,6752,-965,84,-35,-13648,-5968,6264,-497,157,-125,0
2528.7029049396515,8580,7424,10876,-154,-79,94,7772,-7940,11104,-68,154,-179,-13496,3444,6424,-1003,18,-35,-13612,-6020,6280,-476,130,-143,0
2528.736711025238,8496,7652,10768,-155,-56,81,7740,-7980,10932,-37,173,-160,-13484,3376,6544,-933,24,-80,-13564,-6040,6328,-502,165,-134,0
2528.7700679302216,8560,7532,10768,-125,-16,94,7796,-8032,10932,-52,139,-158,-13468,3504,6584,-909,62,-97,-13584,-6064,6192,-515,126,-114,0
2528.8036019802094,8468,7684,10864,-124,-23,114,7784,-7988,10804,-29,261,-141,-13440,3424,6464,-997,109,-97,-13692,-6104,6344,-474,165,-109,0
2528.837173938751,8480,7572,10872,-173,-70,79,7880,-7908,10924,-38,164,-181,-13344,3320,6584,-995,112,-62,-13692,-6084,6220,-500,166,-136,0
2528.8705699443817,8588,7620,10824,-157,-87,100,7784,-8192,10988,-68,159,-170,-13536,3416,6756,-828,31,-96,-13672,-6092,6196,-524,186,-117,0
2528.9033961296086,8584,7552,10636,-157,-41,93,7804,-8020,11244,-113,152,-140,-13552,3504,6684,-794,56,-89,-13628,-5960,6240,-543,124,-150,0
2528.937425136566,8476,7532,10940,-133,-18,116,7844,-7996,10896,-86,148,-152,-13448,3392,6400,-928,73,-97,-13652,-6036,6236,-500,166,-132,0
2528.970598936081,8688,7568,10860,-156,-74,109,7776,-8028,10928,-37,164,-173,-13488,3408,6576,-980,75,-85,-13620,-6004,6312,-499,158,-121,0
2529.003931045532,8520,7568,10928,-160,-87,113,7792,-8008,10920,-48,169,-177,-13436,3320,6492,-953,96,-85,-13572,-6028,6272,-504,152,-104,0
2529.037600040436,8628,7552,10976,-154,-61,105,7892,-7936,10952,-102,156,-148,-13508,3508,6624,-929,110,-141,-13508,-6068,6224,-515,139,-124,0
2529.0710370540614,8672,7592,10772,-130,-65,90,7708,-7796,11080,-129,167,-162,-13436,3516,6416,-564,131,-87,-13580,-6064,6152,-682,186,-159,0
2529.104460000992,8520,7656,10832,-171,-57,117,7736,-8052,10876,-102,107,-144,-13556,3484,6452,-878,398,-116,-13676,-6068,6384,-723,43,-96,0
2529.1379070281982,8468,7504,11088,-183,31,156,7768,-8016,11000,-148,43,-188,-13568,3460,6608,-864,414,-129,-13592,-6104,6096,-684,80,-98,0
2529.171375989914,8524,7632,10888,-167,-88,128,7828,-8120,10900,-149,75,-179,-13524,3416,6812,-969,220,-170,-13644,-6052,6104,-605,152,-84,0
2529.2045500278473,8520,7504,10928,-258,-137,128,7720,-8112,10908,-116,72,-200,-13516,3504,6500,-1065,195,-155,-13608,-6012,6416,-615,188,-114,0
2529.2412710189815,8676,7888,10908,-171,-93,139,7764,-8028,10852,-86,66,-183,-13552,3316,6576,-993,163,-175,-13500,-6380,6204,-548,147,-155,0
2529.2775540351868,8636,7644,10784,-191,-135,124,7784,-8032,11120,-24,110,-239,-13412,3488,6600,-924,100,-153,-13584,-5980,6172,-536,246,-81,0
2529.312269926071,8548,7580,10708,-191,-145,159,7836,-8080,10872,-68,114,-220,-13460,3360,6496,-937,94,-115,-13660,-6080,6168,-471,213,-84,0
2529.3481929302216,8536,7552,10844,-179,-171,154,7864,-8048,10800,7,91,-205,-13344,3372,6580,-973,70,-128,-13716,-6144,6180,-444,192,-88,0
2529.3892769813538,8528,7564,10928,-238,-114,167,7720,-7988,11076,-55,104,-205,-13532,3516,6344,-759,100,-59,-13556,-6004,6316,-499,126,-104,0
2529.425111055374,8500,7624,10848,-209,-132,182,7896,-8052,10852,-51,79,-199,-13520,3384,6440,-769,41,-79,-13588,-6068,6152,-453,220,-81,0
2529.4605519771576,8500,7524,10856,-238,-208,194,7816,-7988,11240,5,46,-255,-13452,3496,6484,-925,38,-118,-13612,-6064,6100,-422,238,-3,0
2529.4958901405334,8624,7516,10968,-219,-239,179,7888,-7988,10884,-36,104,-221,-13532,3508,6468,-821,31,-85,-13644,-6140,6168,-498,1,-63,0
2529.531264066696,8564,7500,10936,-207,-187,179,7780,-8068,10980,-27,89,-198,-13444,3456,6404,-789,45,-97,-13584,-6036,6216,-461,245,-57,0
2529.567558050156,8576,7468,10812,-204,-203,161,7828,-8040,10832,5,82,-227,-13504,3524,6556,-842,44,-110,-13644,-5908,6136,-449,245,-52,0
2529.602658033371,8532,7564,10664,-224,-154,171,7820,-8192,10912,-17,111,-216,-13504,3508,6568,-897,58,-154,-13656,-5984,6104,-480,213,-86,0
2529.6381421089172,8524,7496,10976,-195,-160,128,7800,-8052,10872,-35,109,-191,-13532,3396,6576,-934,88,-96,-13644,-6088,6244,-491,154,-88,0
2529.673402070999,8524,7540,10956,-162,-110,141,7856,-7960,10988,-77,140,-183,-13520,3544,6588,-954,96,-81,-13760,-6056,6264,-463,161,-89,0
2529.7096400260925,8600,7504,10700,-168,-72,108,7832,-8112,10936,-52,162,-159,-13540,3388,6448,-985,54,-63,-13712,-6064,6048,-469,153,-131,0
2529.7448270320892,8664,7452,10836,-146,-34,98,7812,-7948,10844,-12,197,-148,-13580,3416,6532,-1028,92,-74,-13616,-6008,6068,-494,148,-121,0
2529.7807271480565,8596,7500,10960,-133,-25,97,7904,-7976,10868,-2,172,-169,-13456,3448,6504,-1087,106,-53,-13616,-6028,6152,-479,142,-128,0
2529.8155479431152,8576,7460,10800,-123,-36,66,7844,-7936,11000,-23,186,-164,-13476,3472,6480,-1089,93,-61,-13596,-6012,6152,-447,140,-130,0
2529.851303100586,8500,7632,10752,-89,-6,86,7864,-7956,11040,-39,162,-176,-13480,3504,6540,-1037,95,-53,-13664,-6224,6288,-474,92,-166,0
2529.8879959583282,8564,7556,10856,-157,5,83,8144,-7944,11236,-23,199,-145,-13476,3484,6536,-1097,48,-45,-13716,-5988,6252,-451,88,-152,0
2529.9213631153107,8504,7512,10764,-202,5,72,7804,-8000,10960,18,176,-146,-13348,3472,6512,-1137,54,-69,-14020,-5924,6184,-450,87,-157,0
2529.954824924469,8512,7496,10880,-144,42,47,7792,-8036,10908,-38,204,-158,-13524,3408,6552,-1128,87,-65,-13676,-6108,6220,-491,94,-160,0
2529.988289117813,8600,7500,10944,-130,246,38,7836,-8012,10772,16,188,-164,-13528,3424,6524,-1138,77,-59,-13820,-6028,6156,-458,118,-162,0
2530.021847009659,8624,7520,10852,-154,27,65,7856,-7772,11000,46,160,-150,-13476,3512,6540,-1193,110,-67,-13684,-5992,6192,-452,122,-125,0
2530.0553860664368,8540,7580,10948,-141,-3,80,7804,-8088,10924,62,208,-106,-13476,3416,6400,-1219,137,-57,-13576,-6052,6236,-449,134,-128,0
2530.0890021324158,8508,7660,10916,-205,0,101,7736,-8016,10964,18,180,-171,-13452,3468,6536,-1131,123,-113,-13616,-5984,6084,-475,85,-135,0
2530.122484922409,8528,7568,10944,-169,17,104,7820,-7972,10820,-27,148,-166,-13324,3472,6504,-1149,108,-51,-13824,-6032,6184,-486,100,-174,0
2530.1555659770966,8516,7564,10952,-191,-11,117,7884,-8032,10936,61,159,-164,-13448,3568,6892,-1188,73,-44,-13548,-5952,6324,-453,154,-120,0
2530.189243078232,8504,7488,10864,-204,-7,102,7712,-7928,10652,25,139,-179,-13412,3384,6440,-1160,133,-66,-13620,-6088,6108,-477,192,-99,0
2530.22279214859,8488,7536,10796,-177,-52,106,7856,-8048,11008,-1,162,-191,-13500,3348,6656,-1167,86,-106,-13608,-6032,6132,-459,120,-124,0
2530.255942106247,8628,7576,10812,-172,-63,93,7820,-7948,10960,44,181,-179,-13528,3440,6644,-1191,127,-53,-13720,-6072,6236,-436,121,-124,0
2530.2895729541774,8436,7560,10852,-200,-25,113,7760,-7984,10928,36,167,-161,-13800,3460,6584,-1044,68,-73,-13548,-6008,6272,-484,190,-135,0
2530.323117017746,8468,7568,10964,-202,-55,95,7832,-8160,11120,22,136,-162,-13516,3456,6520,-1063,82,-39,-13648,-6084,5896,-450,127,-114,0
2530.3567271232605,8556,7548,10800,-202,-54,101,7716,-7876,10924,45,113,-205,-13412,3336,6616,-1090,122,-65,-13684,-6008,6184,-467,130,-95,0
2530.3900170326233,8612,7560,10912,-193,-68,126,7616,-7948,11052,22,130,-201,-13508,3336,6580,-1017,75,-102,-13692,-6028,6024,-454,154,-137,0
2530.423439025879,8588,7596,10988,-190,-81,108,7772,-7992,10796,-22,264,-189,-13364,3372,6460,-989,146,-56,-13628,-6096,6248,-479,165,-117,0
2530.4572520256042,8568,7544,10760,-183,-76,130,7880,-8044,10928,15,127,-176,-13436,3412,6596,-1032,152,-66,-13684,-6108,6188,-506,115,-119,0
2530.490597009659,8408,7580,11168,-133,-55,122,7764,-7928,11072,-45,101,-161,-13484,3416,6772,-991,126,-104,-13676,-6064,6232,-489,134,-111,0
2530.524150133133,8468,7492,10868,-169,-95,122,7788,-7904,10960,-19,125,-197,-13500,3388,6764,-1037,88,-112,-13664,-6028,6264,-458,137,-122,0
2530.5576779842377,8540,7544,10780,-154,-58,97,7684,-8040,11056,-49,112,-191,-13404,3432,6656,-1052,113,-56,-13676,-5988,6184,-766,99,-94,0
2530.591128110885,8520,7612,10952,-169,-100,108,7840,-7984,10912,-50,88,-183,-13580,3492,6476,-1090,31,-33,-13608,-6016,6236,-486,86,-139,0
2530.6248021125793,8288,7676,10648,-125,-48,116,7808,-7928,10956,-33,141,-138,-13548,3580,6864,-1037,76,-81,-13820,-6108,6136,-257,131,-130,0
2530.6579740047455,8536,7552,11120,-127,-88,87,7780,-7980,11124,-82,115,-195,-13548,3320,6696,-1085,58,-61,-13680,-6120,6084,-491,157,-132,0
2530.691503047943,8508,7500,10820,-151,-90,91,7756,-7896,10780,-5,127,-162,-13544,3324,6568,-984,85,-76,-13464,-6112,6248,-491,156,-99,0
2530.724990129471,8660,7556,10964,-140,-91,123,7812,-7940,10988,-45,135,-148,-13452,3684,6412,-965,100,-57,-13696,-6104,6136,-489,144,-118,0
2530.758527994156,8476,7564,10796,-130,-26,111,7812,-7900,11028,-45,137,-153,-13332,3116,6416,-960,88,-37,-13604,-5992,6204,-459,102,-146,0
2530.792058944702,8504,7640,11016,-163,-28,93,7724,-8000,10968,-45,136,-179,-13556,3348,6456,-940,60,-74,-13620,-6104,6172,-477,95,-106,0
2530.8256731033325,8596,7528,10844,-162,-59,113,7816,-8024,11028,-43,137,-162,-13512,3392,6456,-991,52,-102,-13332,-6064,6064,-474,152,-132,0
2530.85923409462,8500,7556,10992,-157,-108,110,7696,-7756,10900,-13,144,-205,-13436,3400,6720,-1006,75,-74,-13556,-6024,6252,-257,193,-137,0
2530.892818927765,8532,7548,10764,-112,-66,118,7800,-7932,10760,13,87,-208,-13524,3404,6496,-1067,134,-84,-13624,-6068,6136,-443,141,-109,0
2530.929790019989,8476,7460,10840,-171,-110,123,7772,-8008,11040,-6,136,-204,-13528,3556,6612,-1036,120,-113,-13608,-6060,6300,-465,171,-88,0
2530.9650831222534,8700,7612,10928,-174,-74,114,7828,-8044,11060,-15,143,-178,-13500,3436,6560,-1046,141,-87,-13624,-6172,6080,-463,148,-109,0
2531.000967025757,8464,7580,11000,-189,-93,142,7800,-7980,10964,-9,111,-181,-13464,3328,6616,-1069,160,-94,-13636,-6132,6312,-452,146,-79,0
2531.0360989570618,8448,7592,11212,-194,-185,138,7748,-8012,11032,-50,80,-214,-13496,3404,6840,-1080,184,-161,-13596,-6100,6332,-489,134,-83,0
2531.0718879699707,8576,7572,10940,-159,-210,132,7780,-8032,10992,-53,72,-239,-13560,3420,6904,-1051,145,-120,-13564,-6048,6168,-488,140,-90,0
2531.107758998871,8460,7472,10984,-178,-177,155,7716,-7932,10788,-9,98,-216,-13408,3312,6552,-1102,177,-166,-13696,-5920,6164,-497,157,-90,0
2531.142888069153,8512,7556,10812,-183,-158,156,7824,-8032,10956,248,101,-233,-13416,3104,6648,-1084,149,-137,-13648,-6064,6116,-484,197,-76,0
2531.1782219409943,8600,7544,10828,-201,-176,126,7804,-7948,10872,3,83,-243,-13608,3392,6652,-1100,171,-171,-13680,-6084,6132,-507,176,-96,0
2531.2142910957336,8524,7596,10956,-165,-187,156,7844,-7944,10928,-51,98,-249,-13452,3360,6428,-1047,199,-170,-13692,-5964,5920,-509,186,-80,0
2531.2503230571747,8544,7556,10940,-127,-213,143,7780,-7872,11052,-67,39,-231,-13344,3092,6608,-1026,188,-136,-13756,-5904,5984,-485,162,-73,0
2531.285486936569,8648,7596,10980,-174,-233,157,7780,-8040,10988,-41,45,-217,-13532,3352,6596,-1028,145,-129,-13584,-5964,6172,-474,159,-86,0
2531.3214321136475,8512,7528,10820,-247,-188,178,7740,-7920,11240,-16,107,-207,-13464,3568,6620,-985,134,-89,-13704,-6068,6144,-467,142,-52,0
2531.3576869964604,8916,7516,10788,-200,-190,142,7844,-7988,10984,-15,57,-219,-13596,3344,6652,-982,111,-113,-13616,-6104,6364,-455,199,-69,0
2531.392925977707,8672,7496,10988,-243,-209,150,7800,-7916,11016,47,70,-236,-13436,3320,6536,-968,116,-137,-13608,-5996,6292,-443,245,-56,0
2531.4288680553436,8680,7488,10788,-242,-191,177,7836,-7920,11080,29,65,-218,-13560,3316,6560,-993,117,-73,-13724,-6024,6112,-431,154,-48,0
2531.464215993881,8568,7564,10832,-259,-143,196,8072,-8152,10968,19,83,-210,-13468,3308,6644,-985,158,-129,-13708,-6020,6152,-452,126,-76,0
2531.499732017517,8468,7380,10944,-244,-183,182,7804,-7988,10916,-16,78,-177,-13488,3368,6708,-982,157,-84,-13644,-5960,6344,-432,171,-76,0
2531.5351469516754,8636,7432,10824,-229,-206,155,7688,-7928,11008,-12,70,-217,-13800,3228,6620,-991,144,-113,-13648,-6020,6008,-462,217,-70,0
2531.571639060974,8532,7472,10896,-253,-209,164,7804,-7880,10940,41,94,-206,-13508,3160,6556,-1038,163,-104,-13708,-5896,6240,-474,215,-78,0
2531.605215072632,8624,7468,10812,-195,-180,170,7924,-7916,10904,-27,119,-211,-13540,3352,6404,-1035,140,-51,-13632,-6076,6212,-464,160,-80,0
2531.638519048691,8496,7436,10856,-215,-150,128,8176,-7932,10984,16,114,-228,-13548,3416,6508,-1280,136,-115,-13748,-5948,6168,-464,158,-87,0
2531.6718339920044,8580,7444,10936,-192,-111,134,7872,-7980,11024,-14,113,-190,-13816,3348,6648,-1043,81,-111,-13640,-5976,6184,-475,160,-117,0
2531.7055630683894,8696,7496,10736,-163,-82,123,7912,-7876,10920,5,180,-184,-13528,3580,6500,-1034,72,-81,-13652,-5916,6188,-483,173,-137,0
2531.7389550209045,8660,7504,10740,-185,-92,97,8156,-7788,10900,-10,177,-162,-13492,3256,6532,-1048,82,-55,-13628,-5992,6272,-480,145,-124,0
2531.77236700058,8628,7512,10708,-184,-22,94,7836,-7800,11004,-39,194,-161,-13620,3344,6488,-1018,90,-104,-13804,-5996,5976,-466,117,-137,0
2531.805680990219,8848,7360,10756,-190,-34,58,7900,-7964,10928,-31,196,-144,-13348,3180,6856,-1072,37,-44,-13644,-6080,6036,-491,153,-161,0
2531.8393149375916,8664,7464,10868,-154,34,70,7716,-7844,10932,37,237,-143,-13548,3340,6544,-1053,91,-37,-13624,-5972,6208,-445,108,-174,0
2531.872990131378,8628,7472,10920,-103,51,20,7760,-7980,11000,-16,197,-160,-13508,3300,6632,-1077,102,-46,-13592,-6012,6100,-453,117,-170,0
2531.9064531326294,8608,7472,10696,-169,-7,59,7856,-8148,11144,-52,199,-119,-13572,3356,6556,-1124,72,-49,-13760,-5944,6244,-455,117,-142,0
2531.939785003662,8608,7448,10832,-135,33,72,7852,-7840,11080,-47,211,-92,-13484,3572,6576,-1039,115,243,-13748,-6080,6112,-505,84,-158,0
2531.9731271266937,8572,7440,10744,-125,58,90,7860,-7728,10784,-78,206,-102,-13620,3576,6412,-1090,105,251,-13628,-6008,6108,-495,76,-169,0
2532.0066580772404,8532,7572,10804,-81,65,61,7748,-7932,10988,-64,195,-134,-13468,3304,6664,-1097,86,-31,-13680,-6032,6188,-487,74,-190,0
2532.0401260852814,8560,7524,10824,-137,7,58,7716,-8004,10996,-65,195,-150,-13596,3228,6632,-1001,61,-48,-13700,-6032,5976,-480,84,-149,0
2532.0737159252167,8624,7500,10716,-133,18,43,7788,-8040,10948,-82,198,-117,-13608,3456,6656,-1031,44,-49,-13652,-5984,6176,-496,108,-158,0
2532.1073400974274,8644,7480,10904,-88,49,50,7804,-8040,11048,-70,182,-138,-13348,3100,6552,-774,81,-72,-13576,-6068,6120,-503,100,-169,0
2532.1404790878296,8540,7544,10904,-83,25,62,7744,-7920,11012,-90,162,-144,-13536,3316,6672,-1026,76,-23,-13628,-5936,6116,-498,125,-126,0
2532.1740000247955,8644,7416,10976,-120,-13,97,7856,-7964,11020,-92,185,-168,-13628,3288,6608,-1017,94,-49,-13696,-6072,6144,-495,99,-140,0
2532.2074339389806,8608,7472,10920,-147,-5,87,7760,-7896,10880,-33,169,-125,-13556,3328,6560,-980,74,-85,-13340,-5980,6220,-472,100,-141,0
2532.2411260604854,8580,7480,10564,-157,-9,72,7772,-7900,11004,-16,169,-136,-13440,3580,6600,-971,88,-45,-13552,-6100,6196,-474,124,-166,0
2532.2744710445404,8640,7624,10948,-152,24,79,7792,-7960,11048,-255,135,-150,-13640,3356,6672,-921,254,-28,-13608,-6072,5992,-474,115,-153,0
2532.308021068573,8496,7508,10760,-129,-25,74,7748,-7880,11096,253,154,-165,-13480,3392,6828,-911,62,-31,-13604,-6008,6188,-476,165,-117,0
2532.3416249752045,8560,7560,10896,-160,-30,99,7776,-7996,10804,16,138,-174,-13496,3332,6564,-937,60,-57,-13392,-6040,6168,-445,153,-141,0
2532.3747520446777,8596,7612,10872,-162,-53,90,7844,-8024,10824,9,137,-185,-13616,3292,6244,-955,57,-52,-13616,-6096,6256,-471,171,-136,0
2532.408059120178,8492,7620,11040,-175,-53,91,8040,-7920,11168,-22,141,-186,-13520,3304,6560,-941,109,-51,-13604,-6048,5984,-453,168,-106,0
2532.4418721199036,8584,7536,10976,-183,-50,95,7880,-8156,11240,-12,162,-138,-13500,3400,6736,-985,111,-69,-13704,-5960,6284,-442,131,-115,0
2532.475343942642,8580,7488,11168,-177,-65,112,7764,-7764,10980,-33,174,-161,-13608,3336,6548,-1006,77,-82,-13640,-6084,6328,-470,171,-119,0
2532.5089440345764,8556,7556,10796,-154,-74,93,7788,-7952,10992,-256,132,-187,-13484,3424,6520,-1037,76,-58,-13712,-6048,6300,-479,141,-112,0
2532.542402982712,8572,7540,10952,-163,-41,108,7840,-7936,10888,-11,161,-154,-13468,3092,6488,-1011,95,-55,-13596,-6080,6108,-503,122,-128,0
2532.5756981372833,8572,7516,10960,-143,-29,102,7744,-7972,11028,13,135,-150,-13524,3080,6604,-1008,86,-40,-13612,-6112,6296,-490,139,-126,0
2532.6123919487004,8544,7544,10912,-172,-75,122,7784,-7968,11032,-29,121,-167,-13524,3368,6296,-1280,112,-87,-13636,-5996,6196,-476,142,-117,0
2532.6480801105495,8424,7512,10896,-208,-77,123,7728,-7988,10920,-34,149,-172,-13488,3388,6888,-1008,106,-47,-13648,-6056,6168,-476,146,-110,0
2532.6832511425014,8688,7676,10784,-151,-55,133,7860,-7964,10976,-41,110,-189,-13472,3328,6512,-997,111,-75,-13608,-6024,6304,-768,130,-137,0
2532.7188029289246,8588,7412,10936,-226,-72,94,7768,-7944,11100,-43,138,-162,-13588,3432,6500,-1279,70,-30,-13672,-5920,6272,-501,136,-97,0
2532.753926038742,8616,7648,10544,-138,-25,136,7544,-8192,10764,-57,125,-165,-13436,3264,6788,-1034,132,-118,-13584,-6112,6300,-475,128,-126,0
2532.7894151210785,8496,7668,10880,-174,-86,69,7832,-7932,11236,-83,138,-206,-13460,3416,6720,-1000,126,-70,-13592,-6008,6212,-257,145,-114,0
2532.824958086014,8488,7508,10796,-196,-60,117,7860,-7984,11192,-52,142,-142,-13500,3324,6580,-1080,123,-70,-13672,-6004,6180,-409,130,-107,0
2532.8609120845795,8528,7576,10988,-163,-26,116,7900,-7944,10752,-44,157,-145,-13584,3356,6860,-1127,119,-39,-13680,-6092,6280,-498,105,-115,0
2532.896157026291,8516,7572,10824,-172,10,71,7924,-8136,11208,-47,179,-120,-13508,3440,6404,-1006,64,-33,-13540,-6068,6284,-497,65,-139,0
2532.9318630695343,8500,7540,11000,-172,-32,90,7808,-7968,11056,-77,165,-169,-13552,3376,6616,-1004,133,-82,-13500,-6032,6108,-477,113,-107,0
2532.9684720039368,8608,7500,10896,-161,-84,121,7872,-7976,10952,-21,164,-192,-13484,3564,6892,-1047,169,-130,-13564,-5964,6308,-490,185,-79,0
2533.003581047058,8412,7516,10888,-175,-108,141,7720,-7996,11012,-21,108,-219,-13480,3284,6436,-1035,142,-125,-13600,-5916,6532,-487,177,-92,0
2533.039318084717,8568,7600,10920,-175,-173,137,7704,-8056,11052,-31,81,-245,-13504,3436,6656,-1033,157,-175,-13648,-5984,6320,-484,220,-63,0
2533.074574947357,8564,7576,10920,-221,-186,142,7820,-7920,11232,-52,105,-240,-13460,3436,6736,-1015,157,-145,-13548,-5992,6344,-512,200,-116,0
2533.110203027725,8480,7560,10700,-175,-149,141,7840,-8192,11072,-71,107,-220,-13556,3416,6700,-1010,149,-95,-13668,-6172,6392,-503,181,-112,0
2533.1455240249634,8580,7572,10936,-199,-150,140,7804,-7876,11152,-39,92,-214,-13372,3344,6592,-985,121,-97,-13584,-6140,6204,-489,158,-89,0
2533.18169093132,8516,7576,10820,-1,-156,169,7840,-7996,11000,-6,65,-245,-13648,3092,6420,-948,135,-132,-13680,-5984,6192,-486,206,-79,0
2533.217647075653,8604,7504,10960,-276,-156,167,7856,-7892,10964,8,64,-225,-13472,3392,6472,-917,115,-131,-13628,-6092,6184,-517,241,-43,0
2533.2539031505585,8616,7560,10888,-267,-172,195,7808,-7912,11224,42,57,-239,-13548,3240,6548,-943,139,-144,-13628,-6128,6144,-503,248,-60,0
2533.2874190807343,8664,7516,10796,-235,-247,180,8120,-7868,10792,28,71,-230,-13512,3340,6640,-1003,150,-141,-13632,-5996,6144,-488,228,-48,0
2533.3212060928345,8740,7528,10824,-264,-238,183,7804,-7696,11240,22,82,-238,-13460,3280,6704,-960,150,-136,-13612,-6064,6224,-448,222,-73,0
2533.354872941971,8584,7480,10856,-233,-190,182,7820,-7980,10788,-28,103,-217,-13568,3304,6660,-948,157,-111,-13724,-5932,6228,-464,196,-60,0
2533.3881080150604,8640,7392,10952,-2,-218,175,7880,-8036,11180,-18,36,-240,-13584,3240,6736,-964,116,-93,-13752,-6104,6300,-477,167,-90,0
2533.4214971065526,8660,7512,10892,-268,-222,173,7764,-8024,10896,-12,106,-198,-13460,3328,6660,-988,136,-81,-13572,-6016,6124,-499,145,-78,0
2533.4550931453705,8668,7660,10792,-197,-177,147,7880,-7920,11020,-36,92,-203,-13444,3336,6660,-993,122,-92,-13688,-6072,6232,-462,184,-104,0
2533.488228082657,8660,7516,10836,-239,-212,143,7824,-7960,10944,24,92,-227,-13644,3540,6644,-989,125,-125,-13692,-5876,6200,-497,212,-63,0
2533.521893978119,8724,7392,10940,-232,-198,192,7896,-7864,10904,-35,87,-184,-13520,3248,6504,-993,169,-92,-13636,-5976,6292,-464,170,-37,0
2533.555603027344,8656,7416,10796,-210,-171,196,7800,-7896,10956,-12,94,-179,-13576,3220,6636,-983,158,-97,-13680,-6000,6200,-489,153,-64,0
2533.589152097702,8552,7420,10764,-217,-188,139,7868,-7912,11192,-25,82,-191,-13600,3124,6444,-1004,125,-102,-13660,-6000,6240,-503,153,-98,0
2533.622560977936,8572,7444,10784,-179,-154,162,7764,-8008,10968,-53,119,-202,-13324,3368,6720,-1011,107,-138,-13652,-5928,6380,-510,165,-73,0
2533.655844926834,8692,7476,10728,-191,-172,144,7704,-7904,10896,1,94,-237,-13524,3360,6496,-1016,148,-73,-13820,-6080,6236,-510,237,-107,0
2533.689509153366,8544,7460,10952,-163,-132,135,7736,-7840,11100,-9,79,-222,-13476,3372,6264,-1015,131,-107,-13592,-5972,6192,-487,210,-96,0
2533.722981929779,8740,7356,10804,-169,-129,129,7896,-7796,10924,-37,122,-197,-13536,3088,6436,-1029,149,-95,-13616,-5944,6092,-494,153,-104,0
2533.756770133972,8652,7424,10596,-188,-96,111,7832,-8012,10872,-50,113,-159,-13364,3412,6432,-1005,111,-112,-13644,-5876,6268,-475,137,-72,0
2533.7902359962463,8660,7500,10552,-180,-48,105,7684,-8180,10996,-19,158,-167,-13536,3316,6636,-1051,107,-56,-13624,-5960,6124,-459,146,-135,0
2533.823544025421,8452,7544,10996,-161,-28,107,8088,-8100,10924,-30,203,-145,-13548,3260,6388,-1046,92,-20,-13412,-5988,6240,-479,135,-130,0
2533.857445001602,8620,7420,10860,-152,-9,70,8088,-7888,10956,-47,191,-142,-13568,3288,6576,-1043,91,-34,-13660,-6004,6392,-468,109,-131,0
2533.8908619880676,8908,7376,10892,-135,14,70,7988,-7956,10988,-49,181,-160,-13348,3108,6600,-1013,77,-75,-13688,-5896,6084,-463,113,-149,0
2533.9244260787964,8736,7484,10808,-122,254,84,7912,-7928,10888,-56,197,-125,-13324,3532,6420,-1041,69,-28,-13720,-6052,6148,-504,97,-137,0
2533.9579610824585,8648,7388,10732,-122,45,78,7884,-7836,10940,-30,201,-128,-13484,3288,6448,-1082,77,-28,-13624,-5984,6140,-475,99,-164,0
2533.9914519786835,8540,7468,10992,-147,25,50,7896,-8076,11144,-57,209,-163,-13520,3192,6532,-781,91,-13,-13688,-6012,6236,-472,109,-146,0
2534.0249819755554,8656,7480,10888,-79,32,60,7760,-7932,11076,-85,193,-133,-13464,3352,6412,-1003,64,-70,-13700,-5928,6260,-479,132,-149,0
2534.0587680339813,8892,7196,10616,-169,-2,55,7888,-7996,10924,-33,162,-182,-13532,3240,6496,-1063,52,-84,-13640,-5968,6236,-499,116,-165,0
2534.092345952988,8576,7512,10784,-95,24,59,7752,-7972,11108,-57,209,-120,-13652,3564,6584,-1072,87,-89,-13620,-6052,6252,-503,64,-163,0
2534.1257169246674,8456,7564,10936,-91,-14,55,7768,-7904,10796,-83,204,-140,-13524,3264,6660,-1260,30,-8,-13648,-6068,6408,-511,60,-196,0
2534.1586420536046,8600,7480,10900,-140,20,51,7804,-7948,10908,-49,190,-151,-13476,3092,6584,-1011,81,-70,-13600,-5964,6248,-482,93,-125,0
2534.1921191215515,8640,7512,10780,-113,38,67,7808,-7740,10872,-77,194,-120,-13564,3248,6416,-1022,71,-73,-13652,-6044,5960,-482,91,-156,0
2534.2257220745087,8652,7564,10844,-105,47,66,7844,-8112,10908,-37,202,-117,-13524,3240,6632,-1024,46,-21,-13764,-6028,6216,-493,76,-155,0
2534.258842945099,8636,7508,10880,-125,30,64,7816,-8144,10776,-57,205,-127,-13472,3340,6524,-954,36,-18,-13624,-6008,6188,-487,47,-170,0
2534.2961740493774,8604,7564,10620,-92,253,68,7844,-7920,11172,-49,166,-129,-13824,3292,6792,-970,82,-40,-13720,-6028,6120,-467,117,-154,0
2534.331829071045,8612,7540,10776,-159,-8,97,7816,-7964,10916,14,187,-144,-13536,3088,6512,-981,48,-89,-13592,-6028,6192,-490,145,-131,0
2534.3680460453033,8468,7532,10960,-116,24,83,7792,-7752,10844,-255,152,-157,-13468,3296,6344,-945,54,-254,-13572,-6000,6012,-471,155,-133,0
2534.4061219692226,8492,7560,10800,-158,-22,101,7712,-7928,11028,25,169,-161,-13536,3396,6404,-936,74,-28,-13640,-6024,6268,-470,153,-121,0
2534.442325115204,8476,7540,10824,-155,-7,113,7856,-7952,10928,-24,186,-161,-13520,3560,6640,-959,61,-92,-13716,-6060,6220,-484,158,-134,0
2534.477858066559,8672,7500,10776,-156,-35,106,7676,-7856,11036,-33,167,-163,-13444,3152,6492,-971,101,-34,-13660,-5980,6188,-472,135,-116,0
2534.512988090515,8584,7528,10848,-153,-27,111,7796,-7980,10880,-47,189,-152,-13508,3344,6416,-1009,78,-39,-13348,-6072,6296,-479,120,-128,0
2534.5480210781097,8456,7516,10784,-168,-55,108,7776,-7988,11024,-50,172,-165,-13540,3356,6616,-969,52,-45,-13568,-6052,6252,-504,111,-142,0
2534.5837011337285,8476,7612,10744,-136,-10,91,7800,-7988,11036,-29,156,-146,-13768,3444,6592,-1013,54,-60,-13592,-5976,6192,-473,125,-133,0
2534.619203090668,8548,7572,10772,-88,-8,90,7832,-7860,10928,-84,222,-140,-13584,3576,6520,-979,20,-73,-13576,-6000,6264,-587,128,-162,0
2534.654808998108,8624,7444,10824,-111,-27,67,7716,-8032,11060,-103,175,-133,-13544,3360,6496,-972,34,-134,-13560,-6180,6264,-583,129,-161,0
2534.690537929535,8680,7608,10792,-42,12,90,7692,-7928,11064,-91,134,-187,-13456,3300,6768,-1067,81,-48,-13620,-6032,6184,-594,90,-125,0
2534.7255709171295,8564,7484,10904,-100,-62,78,7712,-7684,10816,-110,126,-164,-13492,3220,6628,-1005,70,-112,-13584,-6068,6160,-570,144,-180,0
2534.76138305664,8660,7672,10860,-154,-88,89,7708,-7888,11084,-57,173,-168,-13440,3288,6732,-1277,121,-59,-13576,-6136,6248,-531,123,-119,0
2534.797311067581,8604,7492,10936,-164,-73,98,7844,-7944,10996,-78,125,-160,-13588,3560,6904,-1024,134,-58,-13608,-6060,6252,-474,150,-128,0
2534.8321230411534,8460,7544,10888,-204,-53,94,7648,-7936,11000,-6,152,-165,-13600,3436,6680,-1004,125,-41,-13556,-6008,6380,-491,129,-110,0
2534.8682091236115,8552,7532,10876,-149,-24,112,7760,-8184,11164,-34,136,-150,-13356,3336,6532,-1046,92,-60,-13516,-6120,6196,-451,115,-107,0
2534.9033241271973,8500,7524,10772,-171,-36,142,7836,-7956,10896,-24,134,-159,-13568,3572,6720,-1049,78,-57,-13644,-6112,6280,-433,102,-134,0
2534.93954205513,8568,7556,10932,-195,-45,103,7788,-8180,10752,-256,194,-192,-13548,3356,6488,-1007,98,-122,-13680,-6124,6300,-435,140,-96,0
2534.972995042801,8516,7632,10944,-173,-71,107,7748,-7980,11004,28,145,-175,-13464,3220,6492,-984,124,-100,-13716,-5996,6164,-408,188,-98,0
2535.0065600872044,8560,7584,10928,-217,-103,164,7776,-8176,11132,76,116,-203,-13424,3316,6428,-1043,126,-60,-13580,-6096,6108,-432,197,-102,0
2535.0397930145264,8696,7548,10840,-221,-118,157,7844,-7948,10984,49,120,-223,-13440,3356,6436,-1001,153,-120,-13636,-6112,6300,-404,208,-70,0
2535.0733790397644,8492,7512,10916,-253,-160,167,7780,-7992,11032,45,97,-237,-13512,3416,6556,-985,161,-145,-13648,-6056,6224,-416,174,-62,0
2535.1067440509796,8544,7616,11096,-212,-176,147,7712,-7968,11024,17,102,-226,-13540,3424,6788,-970,158,-124,-13544,-6100,6216,-461,219,-52,0
2535.1399779319763,8612,7548,10820,-232,-198,183,7760,-8172,11232,-13,87,-208,-13484,3456,6708,-965,142,-127,-13684,-6016,6296,-462,198,-73,0
2535.1736791133885,8500,7516,10824,-240,-218,184,7632,-8084,11172,-5,77,-240,-13500,3436,6576,-982,175,-112,-13524,-6140,6200,-483,192,-58,0
2535.2072899341583,8528,7588,10920,-273,-225,194,7796,-7888,11140,-38,94,-241,-13464,3340,6528,-994,160,-125,-13756,-5904,6276,-455,173,-94,0
2535.240862131119,8528,7392,10928,-264,-224,149,7812,-7972,10912,-14,86,-238,-13588,3304,6692,-1005,118,-166,-13616,-6076,6372,-499,217,-75,0
2535.2743620872498,8492,7540,10832,-251,-190,200,7776,-8180,11212,29,60,-211,-13544,3336,6676,-1009,147,-151,-13752,-6096,6332,-488,213,-77,0
2535.3077950477605,8636,7480,10900,-173,-184,158,7816,-7976,10944,-252,40,-273,-13524,3324,6608,-1277,155,-150,-13624,-5896,6372,-489,232,-84,0
2535.3412170410156,8672,7572,11064,-202,-269,195,7864,-7784,11032,-6,79,-249,-13580,3508,6716,-1015,129,-143,-13700,-6000,6316,-433,188,-57,0
2535.3747091293335,8652,7512,10876,-246,-159,199,7884,-8156,10976,-24,109,-172,-13700,3224,6456,-988,177,-131,-13628,-5904,6120,-458,146,-45,0
2535.408168077469,8508,7396,10744,-235,-158,205,7876,-7924,10820,-38,54,-186,-13544,3228,6732,-983,172,-100,-13624,-6036,6120,-464,183,-55,0
2535.4419951438904,8668,7456,10800,-260,-159,204,7832,-8176,11240,-7,80,-235,-13460,3320,6620,-1038,166,-100,-13656,-6040,6248,-482,189,-83,0
2535.4754481315613,8636,7472,10804,-254,-233,148,7776,-7972,11212,-1,111,-220,-13524,3380,6668,-981,109,-132,-13596,-5960,6224,-489,203,-82,0
2535.5087831020355,8540,7388,10932,-221,-216,118,7892,-8048,11048,-27,88,-265,-13548,3408,6400,-995,114,-136,-13600,-6112,6228,-490,214,-91,0
2535.5421469211574,8672,7516,10908,-200,-219,149,7800,-8140,11128,-5,112,-247,-13552,3348,6468,-998,151,-159,-13616,-5952,6160,-492,197,-69,0
2535.5755460262294,8680,7424,10880,-222,-229,182,7920,-7884,10860,-34,73,-237,-13536,3300,6600,-1009,187,-130,-13616,-5984,6360,-477,218,-48,0
2535.609282016754,8620,7392,11148,-3,-238,173,7840,-7864,10948,-20,59,-234,-13380,3416,6496,-1008,193,-107,-13692,-6104,6036,-509,231,-7,0
2535.642678976059,8664,7472,10864,-222,-243,193,7868,-7928,10904,-50,48,-235,-13524,3208,6864,-1015,218,-122,-13692,-6008,6168,-758,207,-51,0
2535.6761479377747,8672,7328,10804,-205,-247,206,7844,-7968,11104,-9,57,-209,-13340,3072,6552,-1002,141,-144,-13660,-5984,6180,-523,192,-84,0
2535.709867954254,8556,7628,10940,-165,-188,135,8180,-7844,11184,-37,114,-187,-13600,3212,6632,-1010,137,-125,-13616,-6060,6100,-533,176,-90,0
2535.7435400485992,8708,7456,10932,-183,-154,153,7972,-7916,10968,-49,93,-190,-13552,3324,6412,-1007,111,-52,-13640,-5988,6084,-483,146,-116,0
2535.7770159244537,8872,7480,10988,-133,-88,118,8064,-7824,10808,-26,167,-183,-13492,3212,6680,-1021,117,-36,-13680,-5972,6120,-463,136,-106,0
2535.810473918915,8716,7384,10960,-195,-41,93,8024,-7812,11068,-13,153,-146,-13520,3188,6548,-1051,101,-38,-13580,-5896,5908,-444,123,-136,0
2535.8439769744873,8744,7216,10532,-178,-15,68,7928,-7916,10940,-30,197,-175,-13496,3180,6332,-1049,75,-64,-13776,-5932,6124,-455,161,-140,0
2535.877498149872,8768,7188,10736,-131,10,85,7844,-7888,10928,-27,207,-140,-13488,3252,6592,-773,71,-32,-13608,-5956,5988,-452,144,-120,0
2535.910728931427,8724,7640,10568,-130,42,74,8180,-7836,11060,-47,194,-138,-13484,3280,6668,-1042,83,-38,-13720,-6008,6184,-453,120,-163,0
2535.943830013275,8612,7464,10860,-118,37,89,7692,-7920,10816,-21,177,-159,-13560,3340,6540,-1091,113,-22,-13728,-5976,6168,-479,120,-137,0
2535.981761932373,8452,7228,10816,-135,47,78,7860,-7956,10980,-16,208,-136,-13488,3252,6692,-1024,46,-51,-13596,-5944,6272,-494,80,-171,0
2536.0177099704742,8696,7624,10604,-90,61,63,7796,-7956,11040,-34,192,-129,-13556,3324,6480,-1030,58,-45,-13644,-6020,6200,-494,91,-163,0
2536.0528879165654,8644,7436,10812,-138,74,59,7904,-8172,11176,-27,213,-129,-13424,3336,6456,-967,61,-80,-13596,-5920,6284,-463,73,-157,0
2536.087715148926,8716,7508,10812,-104,63,62,7768,-8004,11256,-52,196,-160,-13524,3356,6652,-1003,49,-45,-13656,-5960,6240,-498,99,-170,0
2536.1235079765324,8744,7412,11064,-157,-3,64,7836,-7916,10772,-7,204,-138,-13756,3380,6464,-1009,-3,-49,-13804,-5980,6284,-474,95,-172,0
2536.1592450141907,8712,7444,10872,-101,66,42,7712,-7696,10784,-47,201,-155,-13456,3232,6580,-1007,56,-51,-13572,-6320,6232,-480,86,-166,0
2536.1941940784454,8636,7504,10896,-155,-250,19,7776,-8188,10948,-41,190,-174,-13512,3256,6620,-952,58,-98,-13688,-5956,6036,-510,126,-163,0
2536.229479074478,8460,7196,11200,-166,28,60,7840,-7688,10952,-46,162,-148,-13468,3228,6464,-1008,66,-253,-13760,-6048,6124,-472,89,-170,0
2536.2650060653687,8468,7380,10816,-123,49,78,7756,-7928,10888,-10,181,-113,-13516,3580,6444,-1040,40,-225,-13748,-6048,6148,-766,80,-184,0
2536.300742149353,8668,7456,10924,-163,33,77,7892,-8164,11028,-29,178,-107,-13820,3092,6708,-997,20,-29,-13820,-6016,6268,-483,25,-140,0
2536.3361721038814,8564,7556,10996,-119,28,46,7828,-7944,11140,-41,266,-74,-13504,3336,6540,-1016,28,-69,-13820,-6016,6272,-482,96,-148,0
2536.3718209266663,8528,7512,10812,-160,21,65,7820,-7948,11068,8,175,-126,-13392,3424,6728,-775,45,-69,-13576,-5968,6216,-768,125,-140,0
2536.4077219963074,8564,7228,10856,-106,-12,70,7912,-7928,11052,-52,132,-161,-13456,3516,6564,-1278,66,-41,-13576,-6088,6204,-474,130,-121,0
2536.443141937256,8524,7672,10816,-136,-24,86,7748,-7872,10996,-38,147,-167,-13464,3552,6776,-1014,92,-74,-13644,-6056,6280,-464,115,-143,0
2536.478853940964,8532,7480,10900,-177,-10,80,7816,-7708,11260,-52,173,-138,-13508,3420,6788,-982,81,-55,-13680,-5984,6268,-486,130,-135,0
2536.5138709545135,8560,7556,11056,-148,-45,94,7832,-7944,11028,-41,175,-153,-13500,3332,6680,-1019,129,-102,-13552,-6048,6280,-485,137,-125,0
2536.5492019653325,8540,7508,10796,-140,-52,95,7772,-7684,11072,-43,169,-166,-13540,3360,6400,-1007,70,-31,-13316,-5904,6280,-507,154,-134,0
2536.5845029354095,8560,7556,10952,-134,-21,105,7780,-8024,11056,-60,229,-163,-13508,3336,6412,-979,54,-32,-13668,-6036,6144,-493,113,-163,0
2536.6205871105194,8664,7512,11016,-171,-45,86,7752,-7936,10928,-54,151,-156,-13472,3376,6528,-995,88,-73,-13780,-6368,6168,-509,128,-156,0
2536.653732061386,8528,7468,10872,-138,-54,112,7796,-7856,11156,-30,131,-148,-13544,3580,6588,-1009,95,-92,-13824,-6072,5932,-508,177,-125,0
2536.687320947647,8512,7560,10760,-145,-29,117,7776,-7860,10896,-36,133,-172,-13512,3120,6584,-1000,134,-78,-13592,-5984,6120,-495,146,-98,0
2536.7211699485774,8572,7560,11004,-160,-67,83,7860,-7940,11044,-66,133,-186,-13484,3328,6600,-1279,112,-82,-13624,-6020,6248,-479,132,-95,0
2536.754651069641,8524,7552,10904,-163,-87,114,7828,-8000,11128,-38,112,-181,-13552,3312,6752,-1006,102,-45,-13608,-6088,6296,-500,141,-127,0
2536.7881269454956,8668,7500,10852,-196,-65,116,7804,-7692,11044,-16,157,-171,-13544,3384,6460,-1044,51,-90,-13772,-6116,6180,-482,139,-138,0
2536.8217320442204,8508,7560,10804,-122,-50,77,7920,-7908,11096,-46,155,-147,-13764,3352,6732,-1025,84,-85,-13600,-6076,6244,-488,129,-149,0
2536.855220079422,8592,7540,10912,-162,-82,76,7868,-7784,11120,-56,169,-175,-13528,3420,6560,-976,80,-65,-13624,-6016,6392,-504,116,-134,0
2536.8885481357574,8532,7452,10964,-162,-24,90,7760,-7920,10956,-40,149,-137,-13480,3444,6632,-993,77,-11,-13616,-5916,6236,-487,137,-106,0
2536.9220979213715,8536,7540,10936,-180,-34,101,7832,-7972,11028,-1,123,-153,-13596,3356,6696,-992,76,-56,-13788,-6300,6340,-474,141,-99,0
2536.95551609993,8428,7452,10948,-204,-64,131,7720,-7900,10788,-30,149,-164,-13436,3364,6664,-981,104,-60,-13820,-6028,6384,-483,103,-109,0
2536.9890680313106,8560,7508,11164,-207,-64,123,7736,-7992,11092,-47,152,-187,-13352,3348,6888,-989,116,-119,-13756,-6096,6208,-461,186,-99,0
2537.022603034973,8564,7552,11240,-209,-135,99,7776,-8040,11124,10,105,-204,-13516,3396,6712,-979,126,-131,-13580,-6004,6288,-474,215,-63,0
2537.0559270381927,8524,7472,10792,-239,-212,165,7804,-7932,10976,18,81,-234,-13520,3376,6704,-779,145,-131,-13568,-6144,6412,-507,231,-72,0
2537.08961892128,8552,7556,10932,-212,-247,167,7696,-7968,11064,-31,47,-255,-13536,3364,6536,-979,131,-156,-13588,-6012,6284,-507,209,-70,0
2537.123167037964,8412,7508,10820,-238,-223,179,7744,-7840,10980,-25,78,-217,-13532,3344,6592,-957,145,-201,-13580,-5984,6368,-481,213,-84,0
2537.1566710472107,8536,7504,10884,-253,-206,135,7784,-7944,10976,-34,93,-234,-13504,3532,6560,-943,152,-171,-13640,-6060,6260,-473,187,-77,0
2537.1901681423187,8576,7428,10860,-249,-223,172,7848,-7700,11140,-2,95,-224,-13464,3504,6512,-964,190,-130,-13348,-6060,6392,-496,193,-51,0
2537.223617076874,8640,7540,11004,-227,-218,191,7744,-7852,10988,-16,69,-224,-13428,3144,6412,-1000,190,-149,-13608,-5944,6168,-506,207,-57,0
2537.2574820518494,8560,7452,10884,-221,-238,189,7796,-7900,10992,-22,23,-254,-13480,3520,6472,-1276,192,-197,-13564,-5976,6192,-759,241,-33,0
2537.2910480499268,8644,7644,10792,-221,-241,202,7916,-7908,10856,-32,21,-248,-13532,3268,6536,-1030,162,-164,-13676,-6000,6232,-503,252,-66,0
2537.3245179653168,8520,7640,11196,-203,-210,194,7888,-7884,11016,12,71,-221,-13344,3304,6608,-1023,159,-142,-13664,-6036,6208,-477,182,-62,0
2537.3580460548405,8652,7456,11168,-215,-183,181,7836,-7904,11032,-15,67,-210,-13324,3260,6804,-991,158,-100,-13668,-6036,6080,-478,180,-81,0
2537.3913431167603,8620,7676,10832,-256,-166,162,7768,-7820,11040,-9,89,-218,-13560,3312,6508,-1008,135,-99,-13708,-5972,6076,-469,167,-70,0
2537.4252049922943,8696,7480,10832,-228,-181,189,7868,-7928,11024,-52,61,-205,-13464,3376,6464,-987,160,-101,-13668,-6008,6344,-519,173,-79,0
2537.45854306221,8676,7472,10848,-243,-209,191,7840,-7960,11012,-35,88,-220,-13612,3324,6740,-1275,122,-114,-13660,-5952,6160,-489,173,-92,0
2537.4921340942383,8684,7516,10780,-181,-175,168,7888,-7900,10932,-26,70,-206,-13556,3204,6460,-1004,119,-104,-13592,-6096,6148,-499,142,-79,0
2537.525676012039,8640,7540,10760,-206,-173,150,7784,-7708,10956,-58,69,-225,-13508,3092,6436,-992,138,-123,-13672,-5956,6192,-481,204,-70,0
2537.5590851306915,8580,7408,10508,-242,-176,162,7760,-7876,10940,-21,100,-204,-13556,3380,6628,-1008,167,-132,-13740,-5920,5980,-468,192,-55,0
2537.592378139496,8776,7344,10988,-230,-159,200,7812,-7860,10820,-25,77,-201,-13508,3336,6628,-1039,156,-79,-13648,-6024,6304,-492,145,-54,0
2537.6258349418645,8816,7468,10728,-184,-132,196,7812,-7920,11076,-45,77,-184,-13528,3240,6540,-1007,132,-81,-13756,-6040,6184,-495,144,-106,0
2537.6638920307164,8744,7600,10856,-195,-101,127,7884,-7788,10836,-59,126,-171,-13488,3376,6576,-1043,123,-86,-13560,-5872,6080,-521,142,-118,0
2537.699487924576,8868,7200,10596,-168,-111,130,7964,-7856,11020,-2,126,-196,-13556,3164,6552,-770,107,-120,-13604,-5844,6136,-487,170,-94,0
2537.734631061554,8752,7272,10644,-118,-70,111,7684,-7848,10824,-35,144,-178,-13748,3280,6508,-1041,140,-61,-13396,-5848,6080,-489,150,-100,0
2537.76979804039,8700,7392,10880,-89,-53,89,7816,-7952,11044,-49,174,-161,-13392,3212,6424,-1013,128,-66,-13628,-5976,6364,-467,137,-150,0
2537.8055720329285,8872,7360,10840,-167,13,83,7920,-7912,10964,-10,176,-160,-13544,3380,6568,-769,80,-63,-13612,-6132,6152,-443,135,-139,0
2537.8412461280823,8932,7456,10820,-130,26,78,7900,-7928,10884,-5,176,-147,-13620,3232,6464,-1048,116,-86,-13648,-6012,6160,-476,141,-159,0
2537.876183986664,8476,7452,10928,-134,6,67,7860,-7836,11036,-33,179,-160,-13572,3212,6644,-1049,59,-64,-13616,-6060,5936,-497,140,-140,0
2537.911796092987,8760,7392,10828,-140,8,63,7920,-7916,11000,-65,150,-160,-13568,3280,6488,-1033,63,-87,-13688,-6036,6156,-483,141,-159,0
2537.94704914093,8636,7436,10836,-119,18,56,7880,-7992,11228,-45,192,-141,-13532,3080,6752,-1025,44,-54,-13696,-6020,6124,-481,103,-141,0
2537.982419013977,8676,7424,10744,-104,53,79,7912,-7828,10976,-10,217,-150,-13492,3280,6576,-1028,43,-61,-13788,-5956,6180,-486,110,-149,0
2538.0176019668575,8600,7676,10960,-120,65,43,7784,-7700,11232,-30,217,-131,-13524,3552,6868,-1006,73,-46,-13600,-6028,6220,-471,119,-162,0
2538.0532031059265,8624,7400,10616,-135,-4,45,7832,-7788,11048,-28,188,-146,-13536,3080,6572,-1003,113,-41,-13660,-5960,6336,-479,123,-134,0
2538.0892231464386,8720,7528,10944,-107,-6,67,7684,-7956,10900,-53,179,-150,-13560,3460,6620,-998,77,-62,-13692,-5980,6160,-517,122,-115,0
2538.1242830753326,8684,7368,10900,-141,-248,74,7944,-7928,11016,-49,199,-154,-13552,3088,6612,-999,30,-79,-13688,-5912,6272,-491,130,-150,0
2538.1597559452057,8712,7380,10956,-59,11,66,7824,-7796,10924,-15,206,-150,-13812,3228,6852,-1049,58,-66,-13692,-6012,6392,-511,98,-157,0
2538.1949429512024,8564,7536,10800,-127,6,52,7820,-7984,11180,-42,189,-149,-13580,3316,6556,-997,50,-27,-13664,-5932,6240,-459,102,-133,0
2538.230648994446,8556,7428,10892,-151,54,52,7848,-8100,11116,-62,218,-92,-13460,3320,6552,-984,33,-31,-13608,-5988,6308,-473,74,-145,0
2538.2656280994415,8528,7520,10724,-154,71,96,7732,-7796,11092,-58,186,-106,-13588,3088,6556,-1007,37,254,-13664,-6072,6148,-489,33,-164,0
2538.3017020225525,8568,7252,10968,-130,59,84,7828,-7948,10800,-47,187,-128,-13332,3120,6508,-986,52,16,-13668,-6036,6316,-469,49,-190,0
2538.3352601528168,8584,7456,10900,-153,46,62,7880,-7948,11164,-41,210,-154,-13544,3124,6784,-964,22,-7,-13560,-5976,6096,-505,85,-157,0
2538.3688731193542,8932,7496,10876,-120,14,82,7808,-8000,10924,-62,154,-154,-13448,3316,6740,-1023,81,-67,-13548,-6100,6296,-491,113,-133,0
2538.402095079422,8648,7260,10888,-106,-16,76,7700,-7840,10904,-57,107,-147,-13544,3164,6484,-1064,91,-41,-13340,-5956,6164,-504,160,-122,0
2538.4357149600983,8568,7456,10836,-98,-13,78,7868,-7872,11116,-39,165,-179,-13732,3164,6560,-996,68,-73,-13632,-6068,6168,-497,161,-131,0
2538.469177007675,8480,7496,10848,-159,-12,84,7840,-7920,10956,-32,157,-179,-13480,3372,6840,-997,56,-44,-13620,-5940,6412,-500,127,-115,0
2538.502578020096,8652,7172,10972,-124,-37,78,7796,-8020,10916,-27,184,-137,-13532,3344,6448,-999,72,-70,-13740,-6108,6416,-502,128,-161,0
2538.5364561080933,8604,7540,10892,-157,-39,105,7736,-7968,11076,-26,182,-170,-13460,3096,6904,-1002,67,-74,-13632,-6100,6272,-494,122,-135,0
2538.57004904747,8536,7456,10968,-154,-54,92,7872,-7872,10924,-60,188,-163,-13532,3336,6736,-1020,87,-50,-13564,-6036,6264,-478,110,-120,0
2538.6034851074214,8504,7488,10928,-137,-55,70,7820,-7908,11160,-55,180,-150,-13476,3408,6572,-966,64,-49,-13640,-5976,6372,-764,135,-139,0
2538.6369800567627,8556,7512,11012,-161,-40,100,7844,-7928,10976,-9,144,-143,-13452,3292,6672,-1016,73,-43,-13824,-5984,6276,-485,118,-130,0
2538.670515060425,8544,7548,10876,-142,-24,92,7816,-7712,11000,-17,138,-170,-13428,3368,6636,-1062,79,-94,-13704,-6048,6164,-458,115,-118,0
2538.7040510177612,8584,7584,10924,-149,-77,85,7824,-7852,10756,-39,175,-156,-13464,3504,6440,-990,88,-106,-13552,-6024,6168,-488,143,-128,0
2538.7377450466156,8636,7512,10772,-148,-49,93,7820,-7704,11116,-35,165,-182,-13552,3336,6400,-996,110,-88,-13796,-6100,6376,-473,137,-120,0
2538.77138710022,8564,7580,10952,-124,-35,106,7788,-7908,11188,-54,137,-150,-13572,3280,6644,-988,68,-44,-13644,-6016,5960,-530,110,-123,0
2538.8048250675206,8568,7544,10860,-185,-59,95,7856,-8016,10900,-13,154,-156,-13468,3276,6492,-957,-50,-34,-13612,-6076,6392,-499,157,-120,0
2538.838324069977,8532,7520,10864,-173,-47,106,7464,-7920,11084,-248,164,-172,-13464,3348,6580,-1019,86,-67,-13616,-6132,6208,-502,107,-115,0
2538.8717799186707,8648,7568,10824,-162,-45,103,7828,-7948,10820,-51,149,-156,-13520,3336,6508,-1000,49,-85,-13576,-6088,6212,-500,92,-132,0
2538.905421972275,8600,7492,10936,-200,-44,84,7776,-7860,11240,-27,196,-176,-13472,3148,6900,-999,92,-64,-13320,-6020,6284,-485,132,-139,0
2538.9389510154724,8452,7500,10796,-184,-33,89,7800,-7924,10964,-250,128,-149,-13468,3324,6620,-1035,112,-54,-13528,-6132,6260,-451,156,-133,0
2538.9724659919734,8468,7488,10860,-155,-44,101,7640,-7952,11068,10,171,-182,-13536,3352,6692,-1001,99,-66,-13504,-6144,6224,-447,151,-106,0
2539.0059211254124,8476,7680,10988,-209,-85,100,7800,-7988,10832,-37,176,-221,-13460,3352,6544,-933,82,-157,-13524,-6104,6204,-455,185,-82,0
2539.039463996887,8544,7676,10992,-204,-152,108,7712,-7896,10848,-55,126,-235,-13556,3408,6788,-921,99,-169,-13672,-5956,6308,-478,208,-90,0
2539.0729570388794,8572,7472,10800,-234,-213,149,7760,-7992,11148,-60,65,-244,-13508,3292,6480,-929,185,-83,-13588,-6036,6224,-485,197,-53,0
2539.1061351299286,8636,7616,10808,-189,-190,164,7732,-7896,10884,-81,66,-219,-13424,3340,6632,-998,183,-118,-13524,-6000,6308,-482,185,-40,0
2539.1395239830017,8568,7536,10908,-196,-204,199,7832,-7916,10840,-34,69,-226,-13544,3328,6800,-1013,154,-134,-13564,-5976,6132,-762,170,-28,0
2539.1730239391327,8676,7476,10916,-243,-116,188,7904,-7976,10916,-66,61,-163,-13516,3364,6576,-987,172,-109,-13640,-6068,6304,-524,119,-49,0
2539.206656932831,8600,7604,11044,-221,-165,206,7900,-7972,11148,-46,76,-145,-13616,3384,6588,-975,168,-89,-13612,-6060,6128,-516,161,-31,0
2539.240196943283,8540,7496,10816,-211,-175,210,7488,-8004,11096,-33,66,-192,-13548,3356,6652,-1014,193,-79,-13592,-6068,6236,-496,188,-23,0
2539.2738969326015,8628,7464,10756,-213,-194,247,7760,-7928,10984,-50,29,-198,-13540,3152,6656,-998,220,-120,-13664,-6396,6016,-522,191,-25,0
2539.309960126877,8508,7432,10820,-212,-217,205,7844,-7996,11164,-74,28,-234,-13328,3380,6648,-985,186,-73,-13672,-5664,6188,-523,207,-73,0
2539.3449239730835,8668,7284,10872,-243,-192,165,7868,-7860,10940,-16,84,-215,-13496,3332,6540,-774,137,-153,-13580,-6040,6272,-466,194,-68,0
2539.380620956421,8472,7416,10752,-220,-140,155,7888,-7976,11112,0,49,-260,-13556,3324,6520,-988,152,-137,-13548,-6020,6320,-500,229,-101,0
2539.4222960472107,8696,7660,10892,-212,-236,109,7744,-7908,10980,-2,93,-262,-13540,3388,6636,-1015,95,-161,-13696,-5948,6240,-466,249,-82,0
2539.4582600593567,8732,7464,10772,-229,-231,159,7768,-7968,11132,252,81,-230,-13484,3332,6692,-957,143,-158,-13684,-6140,6084,-486,188,-95,0
2539.493318080902,8748,7400,10784,-207,-207,193,7828,-7812,10876,17,51,-225,-13492,3240,6772,-1038,164,-100,-13648,-5932,6236,-511,187,-65,0
2539.5282280445094,8952,7524,10992,-239,-182,200,7908,-7840,10944,-39,35,-178,-13396,3276,6460,-771,203,-95,-13372,-5984,5928,-488,189,-70,0
2539.564469099045,8464,7516,10772,-241,-155,207,7884,-7884,10784,8,64,-190,-13492,3252,6800,-1037,152,-119,-13612,-5972,6184,-497,183,-85,0
2539.6000969409943,8632,7500,10908,-227,-181,169,7908,-7848,10760,-19,106,-226,-13476,3304,6472,-1043,126,-127,-13624,-5960,6144,-484,209,-99,0
2539.6351051330566,8708,7444,10768,-218,-217,149,7720,-7848,11232,254,90,-512,-13324,3236,6444,-992,147,-165,-13652,-5944,5964,-499,188,-93,0
2539.670975923538,8696,7304,10836,-178,-172,157,7912,-7868,10932,-22,91,-206,-13340,3324,6640,-1021,156,-125,-13660,-6068,6368,-504,161,-76,0
2539.7060899734497,8912,7612,10944,-186,-164,141,8184,-7788,10828,-22,94,-209,-13492,3204,6556,-988,124,-129,-13780,-6072,5944,-491,182,-101,0
2539.7418301105495,8660,7432,10860,-206,-110,131,7792,-7888,10820,-36,129,-227,-13592,3308,6392,-1003,123,-51,-13636,-6036,6084,-494,175,-103,0
2539.778046131134,8740,7356,10796,-148,-124,111,7928,-7956,10944,-73,125,-187,-13516,3124,6636,-1049,86,-73,-13764,-5680,5980,-489,141,-112,0
2539.813446998596,8720,7420,10832,-139,-23,91,7920,-7880,10908,-44,170,-127,-13496,3240,6152,-1280,82,-33,-13704,-5896,6076,-494,113,-147,0
2539.8495280742645,8956,7312,10708,-185,36,74,7920,-7888,10776,-22,194,-149,-13612,3224,6584,-1033,83,-8,-13620,-5876,6116,-492,127,-135,0
2539.884696960449,8808,7644,10796,-176,14,102,7920,-8080,10912,-10,178,-149,-13484,3256,6624,-1067,94,-50,-13652,-5940,6160,-491,112,-147,0
2539.92093205452,8768,7380,10756,-143,26,92,7924,-7920,10784,-33,171,-135,-13636,3088,6532,-1021,36,-253,-13736,-5948,5976,-475,120,-168,0
2539.957526922226,8628,7456,10672,-116,-253,50,7872,-7964,11008,-50,204,-156,-13496,3264,6404,-1018,49,-77,-13652,-6056,6348,-488,116,-147,0
2539.9910850524902,8672,7360,10896,-155,6,37,7876,-7916,10956,-55,222,-147,-13320,3296,6532,-998,30,-49,-13712,-6080,6328,-468,115,-158,0
2540.0248451232906,8556,7416,10760,-149,16,51,7812,-7940,10988,-24,203,-162,-13512,3576,6524,-1022,50,-69,-13644,-5996,6148,-454,108,-178,0
2540.0584039688106,8676,7648,11028,-137,23,46,7796,-7916,11224,-38,211,-166,-13344,3296,6584,-1025,36,-27,-13624,-6052,6256,-462,127,-165,0
2540.0919370651245,8680,7448,10992,-132,41,54,7888,-7896,10960,-14,217,-155,-13528,3304,6488,-991,18,-51,-13608,-6048,6248,-517,114,-184,0
2540.12508392334,8648,7188,10660,-95,61,59,7772,-7948,10768,-52,196,-155,-13812,3452,6452,-1013,43,-84,-13604,-5984,6216,-485,110,-155,0
2540.1584701538086,8640,7472,10944,-103,-4,62,7832,-7696,10772,-38,172,-159,-13568,3204,6576,-1002,46,-45,-13572,-5992,6256,-463,109,-132,0
2540.1918439865112,8800,7244,10792,-137,252,86,7828,-7864,11076,-26,179,-160,-13480,3376,6488,-994,91,-36,-13768,-6008,6124,-463,128,-130,0
2540.225608110428,8624,7560,10732,-112,17,86,7936,-7904,11124,-82,197,-149,-13552,3340,6572,-1004,69,-14,-13696,-6048,6144,-506,81,-155,0
2540.2591381073,8860,7660,10912,-144,3,62,7828,-8024,11244,-33,188,-136,-13824,3520,6892,-1039,33,-61,-13680,-6012,6200,-502,89,-202,0
2540.292479991913,8624,7596,10900,-122,42,83,7872,-7908,11148,-18,213,-115,-13508,3300,6432,-1020,54,-55,-13680,-5988,6220,-489,35,-183,0
2540.3260641098022,8748,7512,10944,-95,39,57,7928,-7884,11152,-62,216,-137,-13584,3288,6536,-985,45,242,-13672,-6028,6352,-263,110,-169,0
2540.359517097473,8652,7364,10832,-183,-12,49,7884,-7948,10964,-47,229,-128,-13772,3356,6528,-974,76,-250,-13568,-5988,5976,-444,94,-123,0
2540.392739057541,8456,7420,10956,-154,40,85,7840,-7732,10752,-46,179,-99,-13540,3404,6452,-1052,61,-42,-13688,-6000,5892,-499,88,-131,0
2540.4265141487126,8576,7424,10836,-112,-11,78,7868,-8136,10824,-37,167,-144,-13656,3148,6584,-983,15,-22,-13652,-6164,6296,-498,55,-187,0
2540.459986925125,8608,7520,10880,-137,11,57,7848,-7932,11068,-77,189,-114,-13440,3368,6776,-970,42,230,-13576,-6024,6248,-517,55,-160,0
2540.4935369491577,8516,7516,10908,-154,253,78,7848,-8040,11024,-20,160,-154,-13424,3336,6612,-977,68,-16,-13588,-6000,6272,-480,97,-131,0
2540.5271730422974,8532,7436,10840,-148,-25,81,7688,-7924,10964,14,174,-174,-13580,3316,6844,-1028,120,-58,-13608,-6092,6304,-499,143,-136,0
2540.56032705307,8636,7452,10872,-100,-76,112,7848,-7920,10892,-42,148,-157,-13448,3384,6572,-1039,102,-77,-13568,-6044,6320,-486,122,-138,0
2540.593966960907,8564,7428,10740,-149,-26,85,7836,-7904,10988,-38,172,-152,-13504,3080,6880,-956,97,-72,-13616,-6056,6320,-468,119,-132,0
2540.627515077591,8576,7476,10816,-177,-14,95,7808,-7956,11140,-38,151,-150,-13524,3416,6636,-964,54,-53,-13612,-5996,6176,-492,83,-140,0
2540.6606791019444,8580,7248,10864,-144,-9,88,7824,-7980,11180,-15,142,-134,-13472,3396,6664,-1034,83,-71,-13600,-6088,6196,-504,120,-153,0
2540.6940150260925,8584,7496,10776,-154,-34,83,7868,-7848,11088,-60,198,-143,-13436,3300,6632,-1019,71,-84,-13708,-6044,6288,-515,101,-143,0
2540.7274820804596,8476,7412,10812,-155,-55,87,7736,-7984,10968,-40,166,-147,-13436,3560,6612,-989,71,-60,-13796,-6064,6376,-491,103,-111,0
2540.7612960338593,8500,7560,10900,-166,-55,95,7784,-7692,11100,-82,161,-164,-13468,3368,6588,-994,75,-39,-13604,-6032,6284,-751,107,-128,0
2540.794779062271,8564,7536,11004,-177,-44,88,7800,-8036,10936,-52,162,-126,-13504,3340,6624,-1009,94,-65,-13824,-6060,6188,-500,92,-134,0
2540.828444957733,8436,7484,10904,-157,-67,96,7432,-7908,11088,-26,138,-139,-13368,3348,6640,-771,103,-46,-13568,-6124,6284,-479,140,-115,0
2540.861913919449,8560,7564,10888,-183,-51,104,7784,-7856,10904,-14,123,-162,-13368,3388,6400,-1014,122,-111,-13608,-6076,6244,-454,152,-116,0
2540.8953440189366,8516,7508,10916,-171,-65,117,7920,-7972,11072,-32,138,-195,-13384,3124,6760,-986,109,-109,-13620,-6088,6308,-458,165,-87,0
2540.9290411472325,8544,7520,10964,-197,-152,137,7796,-8008,11144,-29,125,-183,-13436,3444,6824,-982,108,-114,-13672,-5932,6360,-504,188,-91,0
2540.962475061416,8660,7492,10860,-225,-166,133,7912,-7712,11092,-255,117,-195,-13468,3372,6656,-1009,80,-102,-13620,-6172,6208,-507,170,-92,0
2540.9987690448766,8584,7548,10956,-154,-169,136,7784,-8020,10996,-40,73,-210,-13464,3376,6888,-1012,142,-167,-13628,-6084,6152,-469,178,-118,0
2541.034501075744,8684,7500,10752,-222,-195,144,7784,-8000,11008,-252,113,-237,-13416,3316,6484,-974,135,-172,-13568,-5904,6208,-497,202,-72,0
2541.0707709789276,8952,7512,10740,-216,-157,168,7844,-7992,11016,-36,77,-212,-13412,3092,6600,-957,155,-117,-13656,-6036,6252,-473,186,-54,0
2541.106230020523,8600,7432,10508,-234,-155,192,7752,-7976,10876,-16,76,-208,-13476,3460,6644,-1018,161,-121,-13640,-5940,6212,-480,166,-49,0
2541.141911029816,8556,7540,10996,-222,-158,168,7844,-7704,10984,-21,74,-216,-13480,3296,6748,-1002,149,-163,-13628,-6024,6192,-516,174,-53,0
2541.177562952041,8596,7496,10824,-193,-195,155,7832,-8156,11072,-30,94,-228,-13500,3268,6552,-977,128,-141,-13600,-6028,6212,-528,209,-107,0
2541.212438106537,8632,7540,10816,-200,-216,146,7896,-7868,10992,-8,83,-250,-13484,3172,6828,-1278,158,-215,-13724,-6040,6356,-518,247,-70,0
2541.2476251125336,8720,7536,10616,-154,-208,183,7840,-7868,10836,-22,54,-229,-13460,3292,6408,-1051,141,-162,-13708,-5948,6360,-498,229,-67,0
2541.2833790779114,8452,7476,10816,-214,-205,162,7808,-7876,11024,22,82,-243,-13328,3220,6788,-1003,157,-96,-13584,-6120,6224,-499,181,-85,0
2541.31880402565,8452,7460,10992,-192,-132,149,7808,-7928,10856,-28,94,-214,-13600,3364,6900,-985,133,-132,-13716,-5900,5904,-484,176,-54,0
2541.353958129883,8652,7644,10752,-187,-153,170,7880,-7796,10764,-37,49,-199,-13448,3268,6624,-1005,133,-101,-13624,-6044,6124,-497,207,-85,0
2541.390110015869,8680,7540,10920,-184,-186,160,7732,-7884,11032,-19,55,-211,-13484,3572,6856,-775,161,-113,-13668,-6000,6240,-493,189,-73,0
2541.425512075424,8640,7456,10748,-203,-164,168,7752,-7904,11072,-50,43,-217,-13464,3328,6888,-954,128,-105,-13676,-6072,6288,-497,185,-64,0
2541.461641073227,8900,7516,10976,-199,-172,163,7860,-7692,10932,-28,68,-203,-13412,3228,6468,-1012,147,-142,-13544,-6020,6152,-488,197,-57,0
2541.497731924057,8952,7472,10528,-195,-161,139,7928,-7832,10996,-6,89,-205,-13328,3320,6516,-1054,162,-153,-13588,-5976,6200,-505,223,-53,0
2541.5328330993652,8656,7296,10900,-193,-174,155,7904,-7932,10936,-7,84,-222,-13588,3292,6500,-1280,152,-85,-13604,-6008,6156,-487,174,-106,0
2541.5688009262085,8732,7652,10960,-217,-177,151,7820,-7928,10996,-23,74,-237,-13520,3288,6356,-994,162,-152,-13748,-5996,6136,-453,177,-82,0
2541.6040070056915,8704,7668,10764,-167,-172,151,7944,-7916,11056,-47,90,-207,-13560,3280,6440,-991,128,-103,-13732,-6044,6124,-512,154,-102,0
2541.641261100769,8756,7388,10844,-196,-164,142,7868,-7888,11016,-37,102,-212,-13436,3312,6772,-998,109,-132,-13680,-6016,6124,-504,188,-116,0
2541.6744940280914,8724,7472,10768,-171,-124,125,7880,-7860,10932,-11,124,-187,-13436,3248,6608,-995,124,-90,-13628,-6000,6232,-495,145,-105,0
2541.708094120025,8784,7496,10800,-170,-131,125,7888,-7920,10972,-65,150,-198,-13624,3300,6456,-981,91,-115,-13620,-6000,6172,-482,174,-124,0
2541.7417409420013,8772,7344,10860,-172,-99,103,7836,-7900,10968,-45,156,-178,-13580,3272,6436,-1004,70,-52,-13668,-5884,6080,-482,138,-121,0
2541.775087118149,8740,7404,10768,-144,2,100,7892,-7696,10928,-49,173,-116,-13824,3216,6416,-1019,77,-244,-13688,-5920,6148,-454,83,-122,0
2541.808588027954,8760,7612,10712,-186,30,117,8156,-7804,10832,1,180,-119,-13708,3328,6528,-1039,72,-251,-13676,-6008,5928,-462,78,-134,0
2541.8423800468445,8924,7472,11060,-170,20,70,7852,-7948,11256,-26,200,-120,-13548,3160,6880,-1002,55,-92,-13652,-5980,6232,-469,76,-139,0
2541.875596046448,8472,7640,10956,-138,-7,73,7900,-7980,10968,-52,206,-141,-13488,3256,6472,-1028,32,-44,-13664,-5912,6008,-476,152,-161,0
2541.908977985382,8608,7360,10976,-138,-53,93,7748,-8180,10852,-253,195,-177,-13452,3312,6512,-1049,97,-17,-13696,-6024,6204,-466,160,-162,0
2541.9425649642944,8624,7440,11168,-114,16,80,7736,-7724,10764,-37,185,-181,-13480,3256,6508,-1038,107,-77,-13604,-6060,6144,-437,164,-151,0
2541.975760936737,8584,7480,10928,-159,-50,43,7856,-7896,10936,-3,194,-168,-13616,3304,6812,-1279,56,-84,-13668,-6056,6244,-460,142,-147,0
2542.009366989136,8680,7496,10872,-146,44,60,7856,-8000,10896,-36,190,-151,-13484,3296,6512,-994,45,-33,-13696,-5948,6116,-476,95,-160,0
2542.0429611206055,8680,7676,10756,-141,22,66,7932,-8144,11096,-45,182,-139,-13416,3376,6432,-1002,19,-30,-13596,-6060,6096,-472,121,-160,0
2542.0761590003967,8636,7432,10832,-118,27,62,7732,-7900,11120,-34,193,-153,-13512,3072,6604,-1020,93,-22,-13372,-6124,6176,-488,131,-170,0
2542.1098210811615,8820,7264,10900,-121,9,75,7772,-7900,10840,-45,182,-152,-13620,3336,6568,-1010,54,-75,-13316,-5988,6340,-485,112,-162,0
2542.1431860923767,8600,7408,10912,-136,-28,59,7876,-7932,11204,-58,177,-170,-13824,3544,6688,-1013,60,-27,-13708,-5916,5976,-480,138,-187,0
2542.1761910915375,8756,7432,10828,-112,-9,69,7820,-7996,11060,-40,199,-157,-13540,3140,6444,-1012,40,-75,-13688,-6052,6296,-498,122,-139,0
2542.209985971451,8768,7536,10840,-127,26,69,7792,-7936,10996,-30,188,-143,-13480,3400,6616,-1026,19,-32,-13664,-5976,6148,-474,108,-156,0
2542.2434821128845,8712,7308,10852,-121,7,72,7776,-7888,11120,-20,187,-141,-13500,3304,6660,-1002,68,-34,-13580,-5960,6248,-475,124,-162,0
2542.2769119739532,8580,7488,10944,-123,-249,91,7856,-7736,10816,-78,148,-130,-13552,3540,6704,-1010,47,-61,-13684,-6068,6128,-490,112,-131,0
2542.310343027115,8672,7464,10888,-150,-36,82,7812,-8004,11012,-59,168,-147,-13536,3428,6840,-1007,36,-12,-13708,-6068,6236,-491,92,-140,0
2542.3439610004425,8592,7456,10568,-153,-14,83,7676,-7904,11052,-25,191,-114,-13520,3328,6628,-1010,250,-30,-13760,-6064,6256,-498,92,-159,0
2542.3775799274445,8536,7676,10812,-118,-7,73,7716,-7864,11196,-47,149,-138,-13576,3388,6688,-1009,78,-35,-13596,-6048,6216,-483,83,-149,0
2542.4109721183777,8676,7432,10808,-166,-37,83,7740,-7996,11056,-11,200,-145,-13560,3284,6604,-980,86,-65,-13620,-6088,6216,-455,111,-140,0
2542.444409132004,8576,7464,10992,-193,7,91,7808,-7964,10804,-33,160,-156,-13500,3280,6780,-1009,84,5,-13600,-5904,6140,-465,118,-122,0
2542.4776639938354,8512,7444,10848,-146,-6,106,7824,-8172,11060,-30,178,-125,-13524,3364,6684,-1039,84,-247,-13588,-6136,6176,-466,60,-122,0
2542.5111389160156,8680,7536,10872,-157,-245,66,7784,-8164,10796,-37,178,-119,-13532,3376,6680,-955,13,-66,-13616,-5968,6360,-493,52,-155,0
2542.5447931289673,8592,7632,10788,-151,-33,69,7828,-8012,10984,-45,178,-141,-13436,3528,6860,-999,51,-91,-13596,-6068,6296,-497,105,-168,0
2542.578248023987,8540,7512,10932,-141,-42,78,7664,-7868,11020,-37,151,-156,-13428,3384,6680,-989,77,-60,-13508,-6060,6136,-506,131,-137,0
2542.6117939949036,8520,7532,11068,-162,-40,92,7812,-7856,10912,3,146,-178,-13416,3556,6900,-1046,86,-53,-13388,-6000,6348,-492,166,-150,0
2542.6449871063232,8576,7556,10828,-149,-107,106,7800,-8152,10980,-19,133,-193,-13544,3440,6676,-1064,66,-74,-13608,-6124,6320,-501,146,-146,0
2542.681927919388,8560,7456,10832,-161,-26,76,7724,-7960,10972,-12,206,-150,-13368,3412,6548,-1013,88,-73,-13468,-6028,6280,-488,135,-122,0
2542.7174451351166,8620,7524,10968,-153,-33,109,7820,-8112,11176,-30,185,-144,-13636,3256,6848,-1002,70,-59,-13660,-6080,6272,-493,139,-135,0
2542.7533860206604,8572,7536,10996,-147,-71,86,7816,-7912,10964,-32,151,-172,-13440,3280,6704,-1003,115,-105,-13588,-6172,6332,-459,144,-125,0
2542.788798093796,8604,7468,11024,-194,-52,62,7812,-8164,11204,-59,157,-139,-13524,3344,6724,-966,64,-33,-13556,-6024,6140,-470,116,-124,0
2542.824343919754,8516,7516,10744,-182,-48,75,7756,-7968,10776,-57,160,-169,-13476,3408,6576,-1004,55,-35,-13632,-5972,6328,-490,171,-139,0
2542.8603830337524,8536,7548,10972,-229,-92,140,7708,-7900,11056,47,161,-171,-13476,3504,6608,-1027,137,-85,-13596,-6296,6192,-442,162,-96,0
2542.8958699703217,8488,7584,10788,-209,-69,98,7680,-8032,10936,10,118,-187,-13328,3336,6696,-1016,135,-123,-13588,-6112,6336,-487,204,-73,0
2542.9313609600067,8548,7460,10944,-213,-189,150,7808,-8004,11232,-8,130,-230,-13456,3116,6532,-963,126,-201,-13740,-6144,6272,-480,194,-86,0
2542.967381000519,8624,7508,10924,-179,-155,151,7724,-7956,10796,-50,58,-211,-13548,3316,6804,-953,163,-110,-13616,-6056,6168,-495,149,-64,0
2543.0028870105743,8540,7444,10860,-182,-169,189,7816,-7796,10948,-48,74,-178,-13460,3072,6532,-975,155,-122,-13568,-6088,6304,-504,154,-33,0
2543.037589073181,8624,7172,11120,-217,-145,195,7872,-7712,11008,-39,79,-184,-13452,3360,6456,-970,158,-100,-13620,-6124,6316,-500,194,-71,0
2543.0736091136932,8660,7488,10768,-236,-136,176,7704,-7976,11212,-27,90,-210,-13548,3368,6664,-1014,157,-134,-13592,-6008,6232,-503,212,-80,0
2543.109349966049,8528,7584,10864,-213,-172,146,7888,-7968,10804,7,86,-231,-13436,3412,6664,-1027,111,-208,-13628,-6068,6184,-511,5,-88,0
2543.144441127777,8508,7456,10916,-216,-178,132,7828,-7968,11016,253,69,-291,-13528,3128,6876,-1261,133,-176,-13648,-6016,6240,-511,254,-82,0
2543.1798090934753,8448,7184,10968,-208,-241,158,7688,-8028,11048,-23,91,-265,-13500,3076,6792,-1038,149,-147,-13668,-5936,6248,-502,223,-78,0
2543.2149641513824,8580,7436,10952,-218,-216,203,7760,-7864,11004,-11,53,-235,-13532,3232,6568,-1024,215,-125,-13712,-6092,6396,-453,202,-66,0
2543.251032114029,8668,7468,10880,-238,-170,196,7780,-7860,11056,-23,73,-202,-13548,3324,6516,-1004,161,-118,-13752,-6192,6116,-489,169,-50,0
2543.2860951423645,8640,7448,10848,-237,-190,205,7800,-7836,11100,-38,61,-202,-13556,3216,6536,-769,160,-81,-13640,-6004,5900,-498,196,-47,0
2543.3233280181885,8648,7528,10828,-241,-214,178,7936,-7936,10952,-11,49,-192,-13488,3240,6440,-1012,168,-145,-13692,-5968,6340,-517,167,-68,0
2543.3569560050964,8956,7468,10904,-188,-190,194,8188,-7692,11224,249,33,-193,-13472,3372,6512,-1048,148,-94,-13584,-6088,6208,-483,174,-45,0
2543.3904061317444,8700,7460,10896,-191,-197,188,7868,-7880,10916,11,68,-208,-13464,3536,6284,-1053,162,-108,-13628,-5988,6172,-495,191,-71,0
2543.4239621162415,8912,7488,10844,-203,-191,163,7900,-7796,10932,-25,102,-207,-13364,3320,6440,-1001,167,-109,-13356,-6108,6276,-488,190,-74,0
2543.4577131271362,8604,7440,10860,-216,-181,148,7896,-7864,11128,-53,84,-206,-13476,3196,6516,-1025,185,-133,-13668,-6008,6272,-477,177,-65,0
2543.4912900924683,8776,7392,10764,-190,-165,134,7884,-7892,10932,-15,66,-227,-13804,3160,6456,-992,160,-140,-13672,-6084,6256,-493,190,-73,0
2543.5249049663544,8764,7412,10896,-180,-143,158,7680,-7928,11036,-37,100,-226,-13496,3176,6824,-1018,144,-99,-13684,-5988,6216,-486,157,-59,0
2543.5602190494537,8748,7380,10896,-176,-144,129,7860,-7920,11036,-58,75,-205,-13560,3388,6460,-1000,123,-93,-13680,-6004,6184,-486,148,-90,0
2543.5937790870667,8676,7420,10772,-178,-89,125,7684,-7920,10848,-38,131,-180,-13340,3076,6852,-999,105,-69,-13712,-5952,6232,-479,135,-108,0
2543.6274580955505,8812,7184,10656,-139,-77,108,7904,-7912,10928,-42,161,-165,-13368,3080,6500,-1046,90,-72,-13640,-5984,6172,-456,153,-124,0
2543.6607210636134,8832,7316,10776,-160,27,103,7856,-7840,11084,-253,177,-146,-13552,3292,6620,-1278,80,-36,-13652,-6028,6248,-499,142,-141,0
2543.693722009659,8488,7420,10920,-139,16,77,7868,-7880,10920,-14,170,-144,-13520,3300,6540,-1072,117,-57,-13696,-5952,6248,-483,144,-132,0
2543.727182149887,8912,7332,10972,-149,11,107,7768,-7908,11080,-22,186,-149,-13604,3248,6584,-1048,125,-71,-13744,-5976,6168,-469,105,-115,0
2543.760805130005,8688,7392,10912,-116,5,82,7972,-7944,10904,-51,147,-134,-13548,3300,6696,-1021,87,234,-13680,-5876,6344,-767,100,-159,0
2543.7941479682922,8488,7344,10916,-141,250,65,7912,-7920,10888,-17,218,-116,-13516,3216,6632,-1063,31,-11,-13620,-5940,6240,-477,95,-196,0
2543.8277020454407,8584,7536,10768,-92,82,67,7832,-7864,11224,-13,198,-100,-13824,3268,6552,-1050,72,-5,-13656,-6172,6284,-477,89,-199,0
2543.8612411022186,8624,7484,11048,-138,251,24,7752,-7948,11080,-3,231,-171,-13528,3248,6816,-1025,63,-80,-13596,-6040,6136,-492,147,-171,0
2543.894458055496,8948,7456,10732,-125,24,39,7956,-7912,10864,-41,195,-172,-13436,3352,6596,-1028,34,-88,-13664,-6016,6284,-431,111,-152,0
2543.9281499385834,8568,7480,10912,-124,56,46,7828,-7868,10836,-53,172,-120,-13496,3316,6612,-999,54,-17,-13692,-5968,6100,-494,105,-123,0
2543.9618909358974,8696,7448,10876,-129,37,52,7880,-7908,10764,-58,184,-135,-13516,3308,6496,-1001,32,-17,-13640,-6288,6256,-491,61,-176,0
2543.9954929351807,8560,7444,10812,-119,-255,48,7864,-7780,11208,-87,186,-123,-13500,3244,6756,-1009,60,-20,-13624,-6064,6192,-488,98,-119,0
2544.029134988785,8448,7568,10796,-104,-20,83,7840,-7872,11184,-31,175,-134,-13536,3348,6644,-1055,85,-74,-13540,-5984,6224,-510,119,-134,0
2544.0626449584965,8644,7476,10536,-89,-14,89,7740,-7812,11136,-16,169,-148,-13492,3136,6492,-1061,97,-44,-13568,-6040,6380,-530,123,-131,0
2544.096112012863,8464,7496,10904,-97,-16,80,7912,-7984,10992,-37,173,-113,-13460,3380,6792,-1063,107,-35,-13724,-5980,6384,-505,75,-140,0
2544.12992811203,8636,7400,10984,-136,-242,103,7720,-8172,10924,-32,186,-125,-13408,3328,6568,-1035,84,33,-13684,-6092,6396,-498,62,-144,0
2544.163460969925,8692,7428,10916,-153,41,107,7772,-8172,11256,-31,161,-128,-13544,3340,6624,-1280,61,-12,-13744,-5932,6188,-483,72,-136,0
2544.1968181133266,8688,7520,11076,-139,25,80,7868,-7956,10768,-34,183,-134,-13468,3296,6524,-777,67,-22,-13596,-6084,6360,-508,98,-156,0
2544.230441093445,8628,7484,10952,-136,-42,71,7720,-7936,11096,-48,160,-166,-13520,3296,6580,-1002,32,-94,-13580,-6024,6184,-490,117,-155,0
2544.2639660835266,8532,7432,10552,-151,-38,57,7844,-7920,11056,-70,171,-174,-13448,3280,6784,-981,55,-74,-13656,-5996,6160,-476,125,-149,0
2544.297703027725,8592,7512,10840,-148,-41,42,7780,-7860,11032,-48,165,-190,-13416,3084,6520,-966,65,-48,-13600,-6076,6168,-751,135,-154,0
2544.331274032593,8576,7500,10840,-158,-30,58,7796,-8000,11216,-24,150,-217,-13532,3300,6620,-999,72,-56,-13504,-6108,6160,-454,142,-129,0
2544.36895608902,8576,7520,10848,-178,-65,77,7756,-7940,10948,-26,170,-180,-13556,3328,6460,-1018,79,-45,-13680,-6024,6208,-464,148,-145,0
2544.4046630859375,8540,7496,10808,-177,-60,93,7840,-7940,11232,-33,136,-176,-13432,3232,6652,-972,107,-90,-13644,-5956,6300,-485,100,-110,0
2544.444576025009,8616,7564,11000,-126,-44,101,7744,-7916,11008,-66,102,-147,-13568,3564,6752,-995,72,-25,-13652,-6032,6228,-504,142,-133,0
2544.4810359478,8552,7348,10932,-184,-57,117,7800,-7972,11052,-45,181,-135,-13468,3448,6832,-1014,57,-80,-13672,-6040,6100,-500,106,-130,0
2544.5160970687866,8548,7472,10832,-144,8,111,7716,-7944,11140,-55,118,-151,-13672,3296,6740,-1000,55,-67,-13596,-5892,5888,-496,101,-100,0
2544.5519020557404,8600,7536,10768,-158,-58,100,7832,-7900,11068,-71,147,-171,-13444,3200,6684,-1008,129,-79,-13600,-6060,6168,-468,156,-70,0
2544.5880100727086,8600,7480,10836,-196,-42,126,7816,-7920,10924,-16,147,-167,-13448,3344,6480,-1014,127,-67,-13684,-6060,6320,-458,161,-121,0
2544.6233980655666,8552,7476,10924,-210,-51,154,7888,-8008,11084,2,131,-171,-13496,3356,6472,-1012,137,-57,-13824,-6400,6396,-465,156,-80,0
2544.6592769622803,8464,7520,11040,-239,-127,146,7732,-7900,11088,-49,102,-223,-13444,3124,6784,-967,135,-168,-13600,-6124,6288,-483,144,-80,0
2544.6947181224823,8456,7364,10880,-189,-201,151,7800,-8076,11212,-56,88,-221,-13588,3452,6524,-958,137,-122,-13500,-6060,6188,-485,203,-81,0
2544.730052947998,8692,7420,10868,-202,-197,162,7808,-7880,11080,-14,93,-235,-13448,3384,6872,-976,138,-186,-13520,-6044,6124,-485,234,-97,0
2544.7660269737244,8612,7436,10908,-209,-191,175,7772,-7748,10924,-13,43,-255,-13464,3324,6712,-1032,143,-145,-13364,-6068,6148,-461,214,-82,0
2544.8017270565033,8556,7488,10744,-184,-166,156,7672,-7880,10896,-4,67,-247,-13644,3376,6468,-983,154,-172,-13660,-6044,6256,-478,201,-62,0
2544.837568998337,8612,7460,10756,-242,-165,184,7892,-7960,11032,-250,85,-223,-13596,3348,6448,-984,173,-172,-13588,-5992,6376,-439,226,-58,0
2544.8721809387207,8612,7492,10880,-223,-230,183,7824,-7864,10876,251,64,-243,-13544,3272,6504,-1014,178,-204,-13648,-6012,6240,-487,221,-49,0
2544.9077601432805,8688,7488,10596,-250,-229,181,7784,-7864,11024,-38,64,-222,-13440,3140,6628,-981,180,-122,-13640,-6016,6192,-500,188,-50,0
2544.94265294075,8676,7372,10684,-224,-211,174,7872,-7912,10920,-37,30,-230,-13448,3344,6544,-996,175,-159,-13668,-5956,6220,-485,188,-84,0
2544.978152036667,8700,7452,10812,-219,-197,157,7860,-7948,11020,-30,61,-228,-13564,3284,6536,-1031,147,-115,-13716,-6044,6224,-481,177,-64,0
2545.0147070884705,8688,7484,10828,-201,-145,152,7848,-7832,10908,-18,61,-230,-13480,3144,6484,-1014,125,-152,-13696,-6036,6208,-499,178,-37,0
2545.048253059387,8660,7396,10744,-198,-177,173,7812,-7864,11056,-6,62,-202,-13408,3332,6412,-1032,142,-128,-13696,-6068,6208,-497,165,-61,0
2545.08180809021,8640,7448,10912,-227,-178,192,7804,-7880,10836,-32,78,-232,-13468,3224,6640,-1015,153,-112,-13360,-5948,6324,-481,189,-46,0
2545.1154000759125,8476,7208,10896,-171,-183,180,7912,-7888,11104,-40,24,-210,-13476,3324,6492,-979,180,-101,-13640,-5988,6372,-258,172,-34,0
2545.148733139038,8732,7384,10912,-225,-205,168,7880,-7944,11056,-55,30,-229,-13564,3252,6444,-1002,136,-124,-13664,-5952,6252,-767,205,-90,0
2545.1820271015167,8688,7352,10940,-176,-164,142,7772,-7912,11108,-30,89,-208,-13508,3224,6548,-1018,127,-126,-13624,-6052,6104,-509,151,-67,0
2545.215325117111,8748,7464,11008,-145,-163,109,7840,-7876,10960,-53,88,-212,-13540,3120,6584,-981,118,-113,-13596,-5992,5900,-504,211,-66,0
2545.249024152756,8772,7280,10864,-177,-147,124,7772,-7852,10940,-41,110,-239,-13588,3264,6584,-991,107,-78,-13748,-6140,6116,-493,144,-92,0
2545.282392978668,8756,7280,10568,-176,-67,115,7940,-7860,10936,-53,147,-152,-13500,3196,6636,-1012,79,-28,-13628,-5972,6092,-460,84,-144,0
2545.315999984741,8780,7480,10588,-151,8,92,7868,-7804,10856,-28,170,-110,-13524,3184,6532,-998,80,-24,-13740,-6008,6236,-486,78,-150,0
2545.3496639728546,8916,7416,10892,-159,28,82,7868,-7868,10896,-45,199,-122,-13412,3316,6640,-1058,62,-33,-13672,-5996,6184,-448,103,-141,0
2545.3828740119934,8640,7364,10872,-176,0,51,7680,-7996,11020,-37,237,-149,-13468,3288,6584,-1059,80,-19,-13704,-5964,6160,-477,111,-138,0
2545.4164741039276,8716,7484,10928,-161,5,69,7880,-7928,10840,-40,200,-156,-13464,3240,6576,-1044,103,-18,-13624,-5920,6276,-463,138,-120,0
2545.450145959854,8468,7412,10600,-117,9,78,7784,-8008,10940,-39,178,-146,-13356,3272,6648,-1084,78,-78,-13604,-6016,6244,-480,113,-146,0
2545.4834899902344,8468,7224,10788,-82,248,36,7864,-7924,11100,-30,200,-156,-13340,3096,6660,-1030,75,-102,-13652,-5984,6232,-481,99,-181,0
2545.5171179771423,8660,7672,10932,-139,25,49,7820,-7972,11048,-26,233,-164,-13520,3336,6548,-998,45,-33,-13664,-5996,6280,-489,73,-179,0
2545.550768136978,8608,7636,10812,-150,-11,20,7808,-7944,11100,-23,202,-146,-13508,3300,6588,-1052,36,-30,-13728,-6144,6244,-483,108,-191,0
2545.583953142166,8876,7508,10932,-108,11,36,7840,-7900,10856,-51,200,-150,-13528,3364,6704,-1045,39,-48,-13584,-6012,6332,-502,116,-163,0
2545.6178419589996,8652,7480,11080,-107,24,42,7688,-7968,11252,-64,184,-142,-13752,3320,6524,-1005,46,-59,-13576,-5972,6000,-486,98,-168,0
2545.6511120796204,8556,7484,10908,-134,246,55,7824,-7932,10908,-53,476,-199,-13444,3224,6456,-990,55,-43,-13720,-6104,6232,-497,137,-180,0
2545.684468984604,8456,7428,10864,-108,-8,57,7852,-7948,11136,-32,189,-161,-13456,3312,6580,-1002,83,-19,-13700,-6036,6292,-487,90,-150,0
2545.7181169986725,8868,7460,10820,-140,19,62,8000,-7868,10932,-27,163,-144,-13520,3152,6580,-987,73,-24,-13608,-6112,6044,-468,121,-133,0
2545.751626968384,8636,7432,10920,-137,-21,82,7816,-7884,10968,-27,210,-164,-13780,3236,6612,-956,54,-85,-13576,-6116,6344,-508,112,-127,0
2545.7847530841827,8500,7512,10712,-122,8,70,7764,-7928,11088,-60,182,-136,-13532,3296,6696,-960,86,-35,-13732,-6124,5896,-499,92,-132,0
2545.8181381225586,8744,7380,10848,-132,-25,88,7916,-7884,10816,-35,168,-127,-13400,3344,6648,-997,49,-21,-13608,-5980,6144,-492,123,-131,0
2545.851819038391,8676,7416,10772,-166,255,85,7708,-7900,11020,-3,210,-116,-13560,3240,6608,-1034,35,-30,-13632,-6176,6280,-481,73,-140,0
2545.8850710392,8724,7476,10908,-131,-33,57,7852,-7956,11008,-81,189,-137,-13352,3116,6560,-988,24,238,-13632,-6076,6308,-494,67,-178,0
2545.9186310768127,8636,7612,10864,-154,17,41,7760,-7716,10920,-39,185,-149,-13432,3468,6556,-986,101,-53,-13592,-6064,6232,-465,107,-131,0
2545.9523091316223,8772,7452,10832,-126,10,92,7824,-7972,10852,-52,167,-136,-13520,3344,6492,-1026,107,-7,-13488,-5936,6276,-461,127,-133,0
2545.9858429431915,8624,7472,10744,-159,-19,96,7740,-7904,10968,-22,116,-161,-13620,3452,6664,-975,85,-245,-13392,-6068,6264,-470,103,-135,0
2546.019361972809,8624,7472,10936,-126,-33,104,7788,-8020,11008,-43,150,-168,-13668,3320,6752,-1016,70,-27,-13792,-6024,6252,-481,85,-135,0
2546.0575020313263,8592,7468,10812,-141,-47,114,7772,-8064,11116,-61,151,-153,-13820,3120,6528,-1002,81,-62,-13740,-6096,6272,-499,155,-153,0
2546.092873096466,8536,7528,10988,-148,-103,85,7868,-7696,11068,-4,126,-177,-13476,3364,6588,-1031,77,-61,-13816,-5992,6112,-498,144,-134,0
2546.127665042877,8480,7464,10788,-141,-59,90,7808,-7992,10884,-20,139,-180,-13408,3356,6652,-1039,111,-40,-13632,-6096,6172,-497,131,-132,0
2546.1636991500854,8612,7668,10852,-126,-63,91,7744,-7856,10832,-14,149,-185,-13536,3576,6532,-987,75,-60,-13632,-6048,6240,-520,137,-118,0
2546.199310064316,8480,7504,10796,-134,-18,94,7724,-8140,11240,-35,156,-158,-13548,3392,6692,-978,68,-44,-13340,-6140,6212,-525,129,-104,0
2546.234452009201,8536,7496,10956,-180,-52,116,7768,-7968,11048,-12,140,-162,-13480,3080,6588,-1055,97,-114,-13616,-6184,6312,-477,145,-102,0
2546.270378112793,8616,7516,11020,-185,-70,120,7772,-7684,11064,-19,141,-166,-13460,3352,6672,-1021,122,-40,-13656,-6304,6188,-470,114,-118,0
2546.3060550689697,8548,7528,10984,-137,-32,124,7728,-7988,11028,-53,125,-178,-13760,3260,6820,-769,93,-58,-13656,-6064,6240,-501,110,-132,0
2546.341896057129,8616,7228,10832,-162,-41,93,7768,-7976,11112,-28,188,-153,-13524,3304,6672,-1276,115,-73,-13516,-6036,6148,-459,132,-119,0
2546.37762594223,8504,7536,10904,-192,-30,132,7764,-8192,11036,14,147,-181,-13452,3088,6552,-1041,155,-68,-13536,-6300,6216,-463,182,-98,0
2546.4129469394684,8516,7488,10896,-171,-95,102,7784,-7984,11040,-41,143,-204,-13476,3336,6564,-775,96,-141,-13608,-6068,6320,-508,212,-104,0
2546.4489130973816,8548,7604,10904,-242,-182,137,7740,-7976,11152,-24,107,-210,-13536,3320,6580,-995,130,-113,-13664,-6092,6392,-469,123,-52,0
2546.4839799404144,8568,7508,10828,-196,-153,158,7776,-7884,11008,-66,42,-182,-13496,3328,6468,-998,197,-103,-13808,-6060,6176,-490,157,-27,0
2546.519684076309,8628,7436,10976,-241,-169,207,7788,-7712,11104,-34,80,-192,-13488,3368,6716,-1036,182,-80,-13528,-6084,6264,-490,166,-56,0
2546.5549399852753,8556,7504,10896,-232,-162,169,7768,-8144,11016,-57,75,-224,-13464,3328,6612,-1002,150,-144,-13652,-5908,6340,-475,192,-80,0
2546.5904400348663,8596,7428,10940,-247,-176,163,7724,-8044,11100,245,87,-234,-13536,3276,6624,-1026,152,-112,-13592,-6116,6224,-495,223,-84,0
2546.6259360313416,8548,7524,10876,-234,-167,159,7776,-7976,11052,22,117,-253,-13460,3256,6588,-1019,163,-185,-13620,-5992,6300,-487,232,-96,0
2546.6611840724945,8692,7492,10908,-165,-209,146,7768,-7952,11040,252,35,-507,-13520,3256,6672,-1037,170,-169,-13716,-6004,6136,-523,223,-77,0
2546.696743965149,8648,7416,10808,-173,-208,171,7780,-7900,11020,-34,58,-241,-13516,3272,6556,-1037,188,-158,-13720,-6096,6128,-493,224,-57,0
2546.7302529811855,8524,7532,10920,-211,-242,194,7784,-7916,11016,-29,64,-224,-13456,3272,6516,-1055,256,-138,-13688,-6032,6264,-469,172,-31,0
2546.7637219429016,8608,7184,11052,-226,-228,186,7816,-7884,10860,-50,35,-243,-13568,3280,6756,-1047,205,-177,-13652,-6112,6212,-519,195,-58,0
2546.7972960472107,8744,7676,10928,-200,-213,169,7864,-7896,11216,-45,86,-220,-13816,3244,6452,-1036,184,-189,-13724,-6084,6232,-759,162,-100,0
2546.830821990967,8632,7424,10880,-244,-187,161,7964,-7932,10888,-44,69,-218,-13536,3252,6688,-1036,156,-133,-13808,-5976,6224,-764,130,-99,0
2546.8643391132355,8948,7436,10872,-167,-154,159,7852,-7904,11048,-49,85,-206,-13532,3252,6480,-1064,176,-101,-13372,-6016,6180,-503,168,-88,0
2546.897930145264,8660,7416,10912,-197,-163,165,7840,-7944,11012,-35,76,-190,-13544,3224,6376,-1008,163,-97,-13628,-6008,6192,-489,173,-85,0
2546.931491136551,8640,7440,10812,-218,-194,183,7864,-7880,11072,-20,106,-202,-13460,3312,6516,-1046,177,-115,-13612,-6044,6108,-767,148,-53,0
2546.965021133423,8764,7488,10840,-195,-170,172,7820,-7868,10804,-23,52,-166,-13796,3232,6628,-955,140,-132,-13708,-6012,6192,-491,163,-47,0
2546.998454093933,8744,7392,10700,-186,-151,155,7844,-7864,11052,-36,51,-190,-13556,3304,6484,-965,151,-94,-13648,-5920,6248,-505,179,-29,0
2547.031898021698,8672,7388,10740,-173,-129,146,7820,-7848,10904,-25,69,-214,-13560,3352,6564,-932,126,-44,-13612,-5932,6284,-503,165,-83,0
2547.065519094467,8948,7428,10924,-173,-119,140,7920,-7716,10928,-28,110,-176,-13424,3260,6496,-947,101,-31,-13680,-5992,5900,-480,166,-94,0
2547.099156141281,8708,7372,10964,-200,-78,139,7860,-7880,10956,-41,139,-180,-13640,3124,6624,-1062,99,-58,-13696,-6000,6200,-478,154,-110,0
2547.1324989795685,8816,7388,10788,-168,-33,95,7972,-7840,10840,-66,196,-157,-13544,3284,6524,-770,54,-48,-13584,-5992,6348,-470,150,-138,0
2547.1660990715027,8472,7676,10696,-193,-24,84,7876,-7816,11152,253,242,-159,-13608,3228,6492,-989,13,-44,-13632,-5936,6164,-463,151,-177,0
2547.1997871398926,8632,7364,10840,-179,35,81,7896,-7892,11068,-17,204,-133,-13388,3120,6640,-938,4,244,-13756,-5932,6120,-460,124,-153,0
2547.2334699630737,8588,7296,10820,-128,-7,74,7916,-7956,11000,255,178,-150,-13644,3348,6512,-936,1,-25,-13584,-5988,6188,-504,127,-173,0
2547.2667400836945,8456,7364,10876,-190,-11,75,7880,-7904,11048,38,186,-148,-13804,3232,6524,-1007,24,-24,-13588,-6056,6264,-449,120,-158,0
2547.3002350330353,8592,7500,10784,-113,80,72,7900,-7892,11068,-255,198,-139,-13724,3292,6412,-985,-12,-73,-13616,-6044,6232,-499,151,-148,0
2547.333769083023,8928,7368,11036,-153,-31,39,7836,-7964,11024,-20,234,-180,-13424,3076,6408,-933,14,-58,-13680,-5936,6308,-485,176,-156,0
2547.367483139038,8748,7476,10880,-193,13,61,7888,-7904,11108,-48,196,-155,-13488,3352,6548,-947,-21,-251,-13636,-5952,6216,-466,115,-150,0
2547.400852918625,8720,7396,10788,-126,22,73,7828,-7920,11260,-255,172,-125,-13456,3304,6688,-953,-25,-14,-13644,-6096,6368,-472,84,-172,0
2547.434163093567,8732,7456,10896,-116,42,56,7780,-7960,10960,-48,232,-120,-13528,3244,6444,-977,-25,-24,-13680,-6024,6172,-488,56,-153,0
2547.467694044113,8552,7428,10832,-143,11,62,7824,-7988,10928,-78,227,-105,-13640,3532,6848,-926,-54,-25,-13640,-6012,6144,-497,87,-170,0
2547.501260995865,8692,7472,10872,-149,-251,60,7876,-7884,10940,-62,196,-123,-13536,3412,6536,-975,26,-7,-13380,-6000,6140,-543,126,-156,0
2547.5347740650177,8660,7408,10800,-56,-5,71,7804,-7880,10828,-11,165,-151,-13448,3324,6608,-1019,74,-48,-13628,-5968,6160,-523,104,-121,0
2547.568418979645,8656,7672,10768,-87,-50,108,7856,-7892,11184,-60,163,-178,-13456,3284,6600,-1101,115,-46,-13588,-5988,6336,-500,104,-140,0
2547.602098941803,8888,7660,10828,-135,22,60,7788,-7892,10916,-68,195,-163,-13396,3372,6640,-1100,69,-79,-13620,-6076,6004,-484,99,-187,0
2547.6355900764465,8624,7460,10752,-140,-20,61,7800,-7948,11060,-48,242,-135,-13520,3328,6596,-1030,5,-92,-13736,-6140,6388,-502,82,-175,0
2547.6692271232605,8652,7536,10944,-112,-29,62,7812,-7868,11048,-81,224,-102,-13496,3304,6776,-1037,83,-15,-13384,-6112,6288,-523,48,-167,0
2547.7024309635162,8576,7452,10844,-99,-19,84,7744,-7856,11044,-103,209,-132,-13384,3256,6640,-1013,58,-60,-13604,-6000,6296,-489,92,-142,0
2547.740360021591,8556,7552,10884,-137,-42,56,7716,-7956,11108,-55,220,-131,-13540,3320,6808,-932,19,-87,-13752,-6052,6100,-495,93,-174,0
2547.775512933731,8568,7480,10856,-134,-23,48,7792,-7696,11044,-82,180,-136,-13536,3440,6912,-1053,91,-59,-13396,-5892,6240,-537,133,-152,0
2547.8113961219788,8600,7440,10908,-130,-29,72,7788,-8144,10884,-54,179,-170,-13396,3432,6632,-1060,102,-74,-13624,-6008,5940,-499,140,-121,0
2547.8474040031433,8484,7440,10952,-162,-66,68,7740,-7936,11048,-38,183,-178,-13428,3276,6884,-1042,80,-120,-13612,-6044,6208,-486,146,-117,0
2547.8828070163727,8548,7584,10872,-126,-83,60,7808,-7976,10944,-58,132,-176,-13496,3268,6788,-989,68,-58,-13596,-6144,6252,-478,116,-102,0
2547.9175860881805,8684,7492,10896,-133,-104,107,7748,-8176,11072,-69,219,-133,-13508,3320,6404,-975,32,-66,-13680,-6140,6244,-500,128,-145,0
2547.9534120559692,8616,7532,10644,-172,-33,85,7768,-8024,10992,21,168,-149,-13416,3312,6504,-963,62,-11,-13576,-6080,6336,-483,124,-160,0
2547.9889240264893,8512,7572,10560,-150,-45,88,7764,-7916,11028,-17,178,-152,-13544,3256,6808,-900,-45,-53,-13804,-6028,6152,-460,148,-143,0
2548.0243759155273,8696,7552,10880,-217,-75,85,7652,-7952,10920,36,146,-171,-13384,3520,6772,-842,34,-82,-13664,-6016,6308,-436,169,-121,0
2548.06063914299,8600,7240,10836,-184,-46,132,7748,-8072,10928,-3,107,-147,-13404,3396,6792,-965,95,-18,-13656,-5996,6228,-454,165,-85,0
2548.0961351394653,8600,7660,10496,-177,-86,126,7924,-7896,11028,-24,167,-152,-13488,3384,6780,-1000,134,-61,-13620,-6160,6316,-471,121,-121,0
2548.131567955017,8528,7440,10804,-203,-80,100,7724,-8044,11132,-55,152,-158,-13484,3368,6828,-1007,116,-75,-13616,-5996,6280,-471,119,-106,0
2548.167726993561,8956,7472,10908,-199,-64,97,7892,-8176,11080,-33,178,-181,-13488,3368,6900,-989,82,-129,-13500,-5956,6272,-446,138,-128,0
2548.202713966369,8596,7460,10788,-225,-83,105,7720,-7972,11016,6,141,-165,-13384,3456,6660,-1064,119,-42,-13548,-6032,6276,-492,159,-102,0
2548.238004922867,8540,7540,10820,-181,-67,115,7756,-7924,10956,-16,126,-179,-13456,3392,6500,-1043,138,-111,-13612,-6024,6240,-459,122,-109,0
2548.2733340263367,8624,7476,10908,-219,-74,136,7732,-8016,10880,41,128,-167,-13556,3476,6680,-1017,144,-113,-13628,-6012,6312,-465,174,-81,0
2548.308614015579,8672,7560,11068,-225,-113,144,7724,-8008,11080,3,125,-199,-13504,3340,6828,-1001,117,-188,-13800,-6132,6228,-507,223,-72,0
2548.3437130451202,8552,7520,10804,-194,-167,156,7788,-7864,11000,-14,37,-232,-13500,3376,6592,-1017,143,-128,-13632,-6304,6296,-767,210,-79,0
2548.379277944565,8592,7568,10936,-208,-179,171,7484,-7908,10944,-52,90,-248,-13520,3080,6728,-974,146,-124,-13532,-6080,6196,-506,194,-69,0
2548.412658929825,8488,7420,10796,-215,-169,161,7812,-8192,11020,-51,60,-235,-13484,3120,6764,-953,132,-155,-13396,-6120,6256,-453,208,-66,0
2548.4461579322815,8604,7384,10812,-216,-150,143,7812,-7872,11192,-249,93,-231,-13440,3540,6600,-1018,143,-185,-13580,-6044,6312,-487,194,-79,0
2548.4798250198364,8620,7468,10628,-235,-149,150,7772,-8064,11184,16,69,-210,-13608,3336,6632,-1062,177,-163,-13652,-6044,6164,-480,189,-84,0
2548.5134820938106,8640,7416,10820,-199,-148,150,7816,-7864,10964,-34,75,-229,-13420,3284,6700,-1039,219,-197,-13656,-6104,6212,-522,219,-82,0
2548.547075033188,8508,7384,10880,-201,-205,187,7812,-7912,10932,-253,51,-253,-13428,3396,6576,-1108,245,-169,-13652,-6148,6124,-460,253,-39,0
2548.5805339813232,8676,7540,10884,-159,-198,181,7884,-7948,10968,-64,27,-510,-13516,3296,6744,-1074,216,-176,-13624,-6080,6240,-499,185,-37,0
2548.6154091358185,8884,7488,11032,-202,-203,169,7700,-7696,11088,-35,64,-213,-13548,3368,6536,-1115,199,-101,-13708,-6124,6344,-499,156,-97,0
2548.648749113083,8644,7444,10792,-226,-152,165,7812,-7948,11032,-35,61,-169,-13532,3512,6544,-1006,165,-112,-13764,-6124,6296,-517,120,-77,0
2548.682281970978,8632,7208,10880,-165,-119,138,7800,-7964,10988,-50,85,-192,-13504,3080,6500,-1031,151,-150,-13700,-6096,6252,-262,131,-90,0
2548.7157180309296,8632,7500,10776,-217,-156,153,7880,-7944,10948,-34,130,-219,-13604,3268,6488,-1033,188,-134,-13316,-6024,6192,-506,186,-70,0
2548.749293088913,8724,7432,10912,-185,-152,174,7872,-8144,11032,-66,47,-172,-13528,3200,6560,-1070,178,-83,-13640,-6112,6148,-481,161,-43,0
2548.7826809883118,8840,7424,10832,-206,-144,177,7784,-7940,10896,-42,54,-190,-13548,3260,6828,-1033,222,-99,-13616,-6020,6268,-514,119,-74,0
2548.8161070346832,8460,7676,10988,-174,-150,162,7900,-7980,11028,-32,85,-199,-13444,3352,6332,-1011,149,-124,-13580,-6104,6268,-533,164,-76,0
2548.849935054779,8684,7420,10828,-145,-162,166,7716,-7900,10936,-71,84,-186,-13316,3296,6780,-1275,127,-138,-13812,-6072,6232,-264,175,-66,0
2548.883363008499,8468,7340,10872,-126,-152,135,7756,-7968,10940,-28,97,-213,-13476,3284,6520,-1280,165,-123,-13772,-6036,6276,-768,181,-78,0
2548.9169709682465,8756,7384,10836,-132,-97,134,7840,-7896,11236,-37,91,-198,-13464,3364,6684,-954,95,-62,-13568,-6012,6380,-495,155,-99,0
2548.9501781463623,8800,7404,10912,-169,-130,119,7860,-7856,11088,-6,160,-202,-13784,3236,6568,-946,89,-92,-13680,-6012,6120,-467,135,-91,0
2548.9837419986725,8468,7224,10648,-164,-54,80,7772,-7860,11092,-2,168,-154,-13500,3236,6592,-909,43,-79,-13636,-5980,6068,-446,168,-133,0
2549.0174770355225,8760,7384,10816,-173,-15,88,7828,-7872,10900,35,180,-161,-13424,3244,6856,-921,32,-66,-13568,-5984,6124,-477,184,-111,0
2549.051062107086,8788,7356,10848,-168,7,112,7920,-8188,10904,30,213,-154,-13516,3256,6548,-984,55,-51,-13624,-6080,6248,-445,187,-128,0
2549.084519147873,8716,7376,10860,-168,-40,91,7672,-7904,10804,14,245,-169,-13444,3472,6616,-982,29,-34,-13648,-5992,6224,-455,172,-139,0
2549.117959022522,8764,7452,10816,-178,-27,67,7876,-7924,10944,-15,243,-173,-13724,3240,6548,-975,25,-86,-13684,-6096,6404,-462,154,-146,0
2549.1512200832367,8636,7372,10912,-162,20,37,7680,-7932,10792,-255,217,-130,-13548,3292,6768,-1000,31,-49,-13660,-6004,6208,-478,91,-188,0
2549.1848900318146,8708,7516,10828,-148,23,50,7776,-7816,10872,2,220,-103,-13476,3276,6652,-1001,47,-19,-13592,-6024,6208,-476,74,-157,0
2549.218394994736,8708,7224,10788,-140,30,40,7732,-7912,11064,4,218,-136,-13440,3340,6524,-993,25,-23,-13616,-6060,6272,-511,84,-170,0
2549.2519030570984,8688,7488,10804,-135,52,46,7740,-7872,11000,-28,191,-144,-13404,3296,6656,-995,64,-11,-13732,-6068,6136,-486,74,-142,0
2549.2855820655823,8696,7484,11196,-131,-23,67,7704,-7980,11088,-35,147,-126,-13488,3544,6600,-999,25,-43,-13572,-6044,6224,-500,122,-148,0
2549.3189930915833,8596,7260,10856,-165,-17,72,7824,-7888,10924,-20,182,-131,-13492,3368,6472,-1009,55,-59,-13784,-6088,6112,-509,88,-165,0
2549.352756023407,8628,7436,10788,-79,2,65,7960,-7812,10872,-55,175,-132,-13472,3364,6588,-1043,38,226,-13704,-6084,6240,-768,85,-183,0
2549.3859310150146,8808,7412,10776,-121,-251,24,7876,-7880,10956,-21,249,-141,-13540,3304,6736,-982,0,-61,-13644,-5972,6240,-494,74,-179,0
2549.4243080616,8664,7440,10720,-150,21,16,7724,-7824,10972,-8,199,-111,-13520,3564,6604,-1023,24,-14,-13700,-6028,5904,-464,69,-147,0
2549.4659950733185,8536,7492,10832,-114,4,39,7860,-7844,10944,-253,216,-145,-13520,3284,6692,-1029,5,-60,-13644,-6044,6392,-483,64,-206,0
2549.5021641254425,8552,7544,10932,-129,-250,21,7716,-7708,11024,-47,218,-131,-13556,3120,6596,-965,-12,-39,-13776,-6076,6176,-488,75,-191,0
2549.5380370616913,8720,7560,10776,-128,-6,24,7760,-7976,11088,-37,215,-163,-13520,3384,6708,-984,-33,-92,-13572,-6048,6172,-501,96,-208,0
2549.573723077774,8504,7548,10888,-152,-29,48,7612,-7904,11084,10,203,-175,-13164,3320,6876,-1001,89,-58,-13800,-5980,6252,-474,155,-153,0
2549.609270095825,8584,7264,10884,-114,-19,89,7676,-7912,11196,-37,146,-180,-13396,3304,6668,-1053,110,-80,-13596,-6068,6280,-499,142,-118,0
2549.644460916519,8500,7532,10912,-133,-63,85,7756,-7940,11012,-9,167,-161,-13572,3420,6660,-986,106,-34,-13320,-6384,6172,-757,121,-122,0
2549.680248975754,8644,7384,10972,-95,-19,79,7736,-7920,11060,-24,139,-175,-13380,3352,6632,-1031,106,-116,-13672,-6076,6204,-496,117,-144,0
2549.7156350612645,8536,7500,10872,-146,-65,81,7636,-7908,11032,9,146,-185,-13484,3300,6688,-1034,120,-76,-13632,-6080,6328,-501,159,-126,0
2549.7507369518285,8560,7596,10920,-125,-61,82,7680,-7924,10800,-20,127,-164,-13568,3288,6544,-1009,109,-116,-13584,-6056,6292,-493,156,-102,0
2549.786068916321,8572,7524,10736,-125,-51,103,7868,-7688,11056,-64,131,-164,-13480,3480,6644,-1274,88,-69,-13576,-6108,6236,-487,96,-128,0
2549.8223390579224,8660,7548,10908,-139,-43,61,7816,-7892,10976,-18,169,-162,-13536,3344,6716,-1033,86,-67,-13616,-6032,6304,-464,149,-116,0
2549.8580379486084,8516,7564,10628,-166,-18,104,7604,-7964,10896,14,183,-163,-13368,3088,6796,-974,106,-74,-13320,-6388,6312,-470,111,-116,0
2549.8934700489044,8500,7468,10956,-156,-40,91,7704,-8176,11048,-34,-41,-207,-13540,3368,6860,-1026,33,-128,-13636,-6044,6204,-487,174,-135,0
2549.9292759895325,8612,7500,10864,-131,-89,100,7436,-7920,11120,-21,140,-160,-13460,3320,6756,-1014,111,-83,-13644,-6076,6236,-462,144,-112,0
2549.965013027191,8640,7588,10856,-177,-19,133,7808,-7776,11208,-28,138,-135,-13464,3320,6816,-989,121,-87,-13608,-6096,6216,-476,134,-88,0
2550.001523971557,8536,7588,10940,-237,-55,126,7772,-7860,11020,-30,159,-195,-13476,3296,6652,-1019,131,-69,-13500,-6392,6160,-442,186,-63,0
2550.038134098053,8700,7524,10920,-213,-143,129,7460,-8132,11228,-32,123,-206,-13424,3408,6788,-1021,156,-159,-13588,-6068,6236,-460,212,-100,0
2550.0716481208806,8536,7572,10760,-213,-149,154,7788,-7972,11068,-66,51,-240,-13464,3096,6852,-969,135,-154,-13476,-6084,6344,-513,224,-50,0
2550.105391025543,8524,7452,10784,-165,-189,152,7708,-7724,11132,-37,45,-244,-13424,3324,6712,-962,169,-151,-13648,-6108,6192,-481,227,-59,0
2550.1386051177974,8612,7472,10820,-202,-180,146,7704,-8012,10980,12,82,-262,-13452,3268,6748,-1001,198,-143,-13628,-6132,6200,-460,245,-72,0
2550.1721379756927,8584,7488,10756,-186,-188,158,7792,-7900,10920,6,119,-1,-13560,3276,6568,-1010,168,-147,-13632,-6088,6112,-481,2,-81,0
2550.2055060863495,8624,7464,10952,-229,-176,171,7720,-7924,11224,-18,81,-222,-13560,3184,6624,-1008,181,-202,-13556,-5956,6264,-460,224,-49,0
2550.2392430305486,8604,7496,10888,-201,-161,164,7796,-7688,11132,-33,53,-251,-13508,3292,6772,-1009,185,-199,-13604,-6068,5920,-474,241,-30,0
2550.2729160785675,8648,7400,10948,-186,-201,156,7784,-7912,10784,-27,28,-253,-13324,3316,6692,-1060,193,-161,-13680,-6056,6188,-514,193,-73,0
2550.306684970856,8872,7508,10828,-147,-230,167,7908,-7804,10872,-5,58,-225,-13528,3376,6728,-1094,192,-147,-13596,-6008,6140,-516,223,-116,0
2550.340059041977,8580,7676,10816,-182,-192,141,7784,-7716,11016,-23,78,-212,-13756,3364,6712,-1046,167,-141,-13608,-6104,6152,-506,167,-76,0
2550.3738019466405,8476,7484,10936,-184,-154,137,7816,-7840,10820,-20,71,-221,-13500,3240,6536,-1078,168,-157,-13644,-6068,6192,-532,202,-100,0
2550.407247066498,8652,7604,10880,-160,-177,132,7748,-7872,11060,-34,77,-230,-13532,3296,6700,-1013,204,-190,-13556,-6052,6164,-257,174,-76,0
2550.4405081272125,8928,7508,10860,-185,-199,162,7856,-7972,10896,-39,88,-218,-13512,3308,6884,-1049,191,-114,-13576,-6100,6176,-497,186,-92,0
2550.4741079807286,8612,7224,10820,-187,-182,162,7760,-7700,11188,-32,99,-216,-13492,3212,6864,-1053,196,-105,-13696,-6092,6224,-502,241,-84,0
2550.5074429512024,8896,7468,10936,-167,-196,163,7868,-7840,10760,-20,146,-200,-13516,3164,6476,-1075,175,-166,-13688,-5968,6188,-488,178,-85,0
2550.540929079056,8452,7452,10520,-210,-206,148,7860,-7844,11060,-45,118,-221,-13472,3248,6792,-1006,148,-133,-13584,-6064,6276,-524,222,-97,0
2550.574465036392,8576,7444,10816,-200,-167,150,7924,-7832,10928,-57,109,-189,-13608,3560,6436,-1037,153,-146,-13652,-6140,5892,-519,174,-68,0
2550.607917070389,8640,7460,10780,-166,-155,138,7920,-7952,11024,-40,121,-194,-13528,3240,6664,-1077,172,-96,-13708,-6032,6132,-519,182,-70,0
2550.6412811279297,8480,7428,10504,-156,-149,147,7912,-7832,10940,-22,119,-174,-13500,3148,6496,-1085,146,-114,-13612,-6016,6316,-506,175,-86,0
2550.6747150421143,8652,7364,10816,-174,-120,132,7804,-7836,10976,-28,152,-177,-13500,3204,6616,-1016,122,-95,-13636,-6096,6108,-467,141,-90,0
2550.7079849243164,8812,7444,11000,-124,-43,109,7856,-8116,11248,-50,149,-155,-13572,3308,6556,-976,71,-32,-13704,-6048,6088,-492,103,-116,0
2550.7416660785675,8872,7316,10508,-154,-51,95,7936,-7904,10912,-40,201,-109,-13764,3196,6400,-1009,13,-34,-13588,-5892,6380,-500,150,-126,0
2550.775242090225,8844,7528,10856,-148,48,100,7800,-7796,11172,17,5,-71,-13532,3164,6724,-996,71,-18,-13560,-6068,5892,-456,91,-151,0
2550.8086409568787,8940,7504,10844,-145,-26,59,7864,-7716,10892,-44,241,-128,-13600,3220,6588,-1006,41,-101,-13616,-5968,6220,-470,178,-157,0
2550.8419139385223,8688,7460,10760,-181,-17,85,7856,-7860,11124,21,215,-76,-13544,3160,6508,-1057,44,-65,-13804,-6056,6144,-454,134,-152,0
2550.875477075577,8624,7436,10924,-119,-17,89,7868,-7864,11020,19,233,-50,-13316,3172,6636,-1060,46,21,-13364,-5944,6356,-441,75,-158,0
2550.909012079239,8472,7468,11000,-150,53,48,7860,-7720,11040,-25,301,-46,-13552,3204,6720,-930,-4,-240,-13780,-6104,6244,-474,54,-203,0
2550.942533016205,8616,7436,10848,-140,56,49,7684,-7876,11068,-25,266,-119,-13536,3348,6728,-1028,-254,-68,-13584,-6108,6240,-460,79,-185,0
2550.9760529994965,8700,7512,10736,-120,24,44,7744,-8116,10760,23,248,-83,-13580,3380,6568,-994,26,-101,-13572,-6052,6360,-462,123,-176,0
2551.0098509788513,8616,7472,10652,-124,58,56,7780,-7832,11064,27,234,-82,-13468,3036,6756,-985,63,-56,-13636,-6124,5964,-467,143,-147,0
2551.043151140213,8652,7432,10880,-136,5,81,7748,-7812,11076,-29,189,-154,-13408,3188,6624,-958,63,-255,-13644,-6056,6292,-490,132,-155,0
2551.0796411037445,8584,7544,10904,-141,17,54,7804,-7928,11072,11,174,-163,-13548,3124,6548,-994,67,-65,-13612,-6000,6256,-489,133,-164,0
2551.115026950836,8728,7508,10776,-130,-4,89,7776,-7828,11048,-15,159,-135,-13596,3360,6604,-1048,72,-43,-13536,-6112,6212,-481,125,-153,0
2551.1504089832306,8704,7516,11040,-129,-29,78,7716,-7872,11260,39,191,-117,-13440,3224,6740,-1108,55,-67,-13604,-6088,5900,-526,115,-174,0
2551.185776948929,8772,7556,10764,-123,-1,73,7728,-7900,11020,32,217,-110,-13548,3456,6664,-1010,28,39,-13708,-6132,6204,-544,28,-188,0
2551.2213561534886,8552,7424,10824,-130,59,58,7800,-7860,11056,-21,210,-118,-13340,3228,6896,-948,-4,-61,-13708,-6076,6164,-535,77,-197,0
2551.2574560642242,8688,7532,11012,-139,-12,61,7724,-7876,11072,-40,173,-143,-13712,3248,6580,-995,-26,-34,-13632,-6040,6352,-508,97,-170,0
2551.292941093445,8656,7528,10864,-137,-15,55,7728,-7932,11104,30,152,-110,-13448,3120,6712,-987,23,-18,-13652,-6116,6192,-538,55,-146,0
2551.3281009197235,8584,7576,10928,-115,-29,73,7720,-7948,11008,-11,188,-144,-13464,3208,6576,-957,-3,-41,-13480,-6092,6212,-518,107,-171,0
2551.3638110160828,8628,7564,10828,-124,-42,59,7748,-7800,10900,-22,227,-137,-13560,3112,6800,-994,11,-5,-13620,-6096,6224,-531,106,-204,0
2551.3994319438934,8704,7488,10880,-146,-24,73,7844,-7700,11100,-13,220,-119,-13432,3272,6792,-956,-14,-47,-13748,-6140,6344,-538,109,-201,0
2551.4349620342255,8584,7580,10892,-146,-256,48,7708,-7840,11076,10,230,-116,-13372,3304,6836,-1054,52,-40,-13504,-6088,6288,-526,106,-194,0
2551.470916032791,8612,7620,10868,-82,0,92,7540,-7972,11312,25,250,-89,-13552,3284,6784,-994,-5,-34,-13620,-5952,6212,-767,80,-127,0
2551.506371974945,8556,7580,10756,-134,11,83,7724,-7864,11120,-59,221,-111,-13224,3360,6716,-992,46,-62,-13340,-6080,6260,-480,92,-147,0
2551.5422461032867,8584,7620,10928,-152,21,112,7604,-7888,10920,-114,154,-108,-13388,3312,6552,-988,136,-7,-13340,-6336,6332,-446,114,-75,0
2551.5786299705505,8648,7536,10980,-190,-23,132,7748,-7876,11260,-99,133,-111,-13516,3072,6824,-999,135,10,-13784,-6224,6200,-458,39,-76,0
2551.6137890815735,8572,7520,10828,-182,69,141,7736,-7904,11108,-61,145,-30,-13496,3376,6828,-923,97,38,-13752,-6112,6344,-444,-45,-113,0
2551.649276971817,8512,7452,10812,-145,140,108,7632,-7776,11088,-82,105,-61,-13436,3308,6864,-970,111,38,-13496,-6004,6212,-429,-58,-31,0
2551.6844301223755,8480,7580,10824,-156,144,189,7548,-7856,11256,-12,47,-14,-13328,3328,6648,-1036,286,111,-13564,-6112,6340,-368,13,55,0
2551.7215480804443,8244,7580,10964,-172,182,267,7612,-7900,11040,-82,35,-17,-13480,3488,6704,-970,285,77,-13488,-6204,6212,-419,55,109,0
2551.7550170421605,8560,7548,10820,-228,54,299,7632,-7992,11020,-103,32,-255,-13368,3220,6712,-989,283,46,-13536,-6080,6376,-426,52,116,0
2551.78834605217,8684,7556,10832,-285,51,273,7568,-7844,10820,-142,33,-16,-13416,3448,6776,-994,323,63,-13616,-5928,6196,-429,53,128,0
2551.8218431472774,8576,7228,10928,-366,-14,294,7620,-8132,11112,-159,63,-10,-13356,3424,6588,-1074,3,85,-13696,-6008,6212,-472,140,139,0
2551.8552899360657,8372,7652,10884,-410,-98,324,7556,-8184,11104,-90,27,-70,-13444,3424,6512,-1070,296,-253,-13532,-5992,6312,-494,174,109,0
2551.8887281417847,8464,7176,10896,-349,-173,342,7744,-8416,11152,-96,-31,-181,-13428,3496,6808,-1109,296,-127,-13552,-5996,6240,-521,326,99,0
2551.922373056412,8472,7276,11184,-267,-224,257,7836,-7980,11088,-37,9,-269,-13684,3472,6700,-1143,159,-239,-13576,-5848,6204,-561,357,-88,0
2551.9559190273285,8560,7316,10796,-128,-213,158,7820,-8132,10860,76,131,-217,-13584,3548,6340,-1147,71,-203,-13664,-5848,6412,-462,355,-130,0
2551.9892110824585,8636,7260,11236,-164,-109,67,7724,-7984,10948,135,242,-225,-13612,3504,6436,-1114,54,-193,-13672,-5868,6352,-423,360,-194,0
2552.022665023804,8664,7440,10936,-126,20,-34,7692,-8172,11008,154,329,-203,-13528,3364,6480,-1131,9,-232,-13668,-6088,6388,-355,338,-196,0
2552.0564410686493,8488,7536,10932,-263,-41,-31,7756,-7744,11244,111,258,-270,-13452,3344,6452,-1072,66,-280,-13808,-6340,6328,-428,320,-173,0
2552.0899810791016,8480,7636,11024,-204,-45,-5,7576,-7876,11472,76,182,-329,-13436,3260,6580,-1102,125,-296,-13576,-6024,6240,-512,419,-125,0
2552.123678922653,8552,7596,10772,-174,-306,88,7556,-7836,11172,37,83,-326,-13340,3268,6740,-1115,131,-284,-13640,-6024,5956,-530,442,-78,0
2552.1570110321045,8544,7592,10824,-50,-241,77,7424,-7692,11100,-26,63,-375,-13484,3088,6644,-1077,174,-497,-13756,-6144,5916,-542,326,-184,0
2552.1905760765076,8800,7480,10708,-77,-210,-22,7992,-7744,10856,-12,231,-366,-13748,3136,6300,-1070,-67,-235,-13784,-6068,5932,-555,257,-329,0
2552.224203109741,8792,7344,10880,-191,-52,-176,8012,-7816,10900,106,468,-230,-13720,3188,6624,-1097,-328,-168,-13924,-5904,6384,-499,102,-411,0
2552.257933139801,8952,7312,10772,-207,159,-194,7800,-7852,11088,238,524,-66,-13628,3568,6648,-1183,-344,-73,-13612,-5872,6236,-564,-24,-461,0
2552.291430950165,8716,7172,10804,-213,213,-149,7776,-8116,11172,333,471,38,-13428,3336,6824,-1236,-330,10,-13624,-6060,6280,-600,-25,-379,0
2552.3248710632324,8692,7556,10956,-131,137,12,7356,-7952,11528,339,237,50,-13076,3292,7056,-1283,-125,-26,-13544,-5940,6240,-688,-31,-207,0
2552.358279943466,8312,7704,10516,73,237,249,7232,-7716,11148,334,-53,42,-13300,3252,7084,-1404,216,-145,-13208,-6220,6208,-667,38,-58,0
2552.391741991043,7948,7584,10768,148,140,300,7384,-7676,11188,427,-113,-112,-13144,2956,7068,-1339,307,-303,-13308,-6612,6332,-561,363,-67,0
2552.4254450798035,7808,7776,11100,26,-251,122,7296,-7664,11292,271,-25,-455,-13192,3012,7080,-1153,313,-466,-13320,-6552,6404,-321,525,-104,0
2552.4589941501617,8148,7896,10924,-45,-113,-67,7384,-7572,11248,107,172,-495,-13264,3180,6924,-840,336,-335,-13516,-6292,6112,-325,505,-65,0
2552.4924199581146,8352,7736,11220,-249,-492,60,7612,-7712,11140,-126,89,-591,-13468,3144,6736,-766,318,-289,-13836,-5956,6152,-436,668,73,0
2552.525745153427,8604,7408,10756,-492,-523,85,7980,-7740,11164,-372,100,-537,-13800,3188,6596,-718,337,-213,-13980,-5808,6016,-258,364,29,0
2552.5592839717865,8824,7164,10832,-476,-308,31,7928,-7896,10764,-190,219,-361,-13784,3416,6652,-959,175,-161,-13560,-5692,6040,-412,367,-72,0
2552.592878103256,8624,7216,10924,-264,-251,112,7784,-7948,11108,70,125,-315,-13468,3508,6216,-1141,263,-198,-14072,-5800,6032,-557,359,32,0
2552.6264920234685,8956,7528,10764,-84,-157,241,8004,-7624,11160,-100,-97,-186,-13760,3084,6512,-1045,309,-71,-13992,-5968,6108,-512,65,-2,0
2552.6597969532013,9028,7528,10852,40,-18,297,8132,-7492,11016,-221,23,-10,-13756,2840,6636,-982,142,95,-13952,-6396,5884,-538,-195,-96,0
2552.6932549476624,9008,7668,10588,-63,149,197,8104,-7512,11320,-302,86,139,-13872,2816,6632,-949,-29,502,-13952,-6240,5720,-503,-386,-153,0
2552.726865053177,8968,7708,10552,-208,411,98,8024,-7368,11212,-352,193,235,-13668,2568,6672,-853,-212,401,-14060,-6228,5652,-435,-488,-509,0
2552.763412952423,8672,7600,10912,-266,390,28,7916,-7784,11232,-190,246,218,-13412,2884,6780,-1005,-228,358,-13424,-5956,6268,-471,-291,-500,0
2552.799113035202,7952,7444,11256,-285,221,28,7388,-7848,11192,-59,220,49,-13196,3248,6888,-987,-64,135,-13520,-6156,6248,-453,-1,-199,0
2552.8344161510468,8156,7576,10992,-136,44,82,7264,-7960,11168,-129,127,-145,-12980,3404,6708,-933,108,-250,-13120,-6192,6340,-409,179,-75,0
2552.869765996933,7948,7388,11212,-121,-185,89,6984,-8012,10992,-223,85,-291,-13068,3464,6832,-1024,121,-107,-13244,-6012,6560,-345,348,-48,0
2552.905221939087,8112,7388,11024,-134,-229,95,7364,-8092,11084,-236,79,-338,-13296,3696,6804,-733,121,-119,-13480,-5984,6288,-339,290,-5,0
2552.9408841133118,8300,7676,11068,-144,-173,148,7556,-7940,11108,-226,52,-511,-13500,3460,6900,-759,178,-96,-13756,-5644,6288,-383,156,-20,0
2552.9760289192204,8600,7420,11028,-174,-58,140,7808,-7992,11216,-207,114,-141,-13748,3388,6668,-811,116,48,-13832,-6056,6256,-435,8,-53,0
2553.012304067612,8608,7444,10960,-192,53,128,7792,-8052,11084,-155,129,-67,-13668,3412,6612,-929,129,250,-13720,-5928,6132,-528,253,-112,0
2553.047436952591,8672,7184,10912,-212,-16,163,7804,-7960,10976,-68,136,-85,-13480,3244,6640,-1043,132,237,-13680,-5700,6068,-576,116,-110,0
2553.0834839344025,8564,7348,11132,-166,-72,152,7756,-7896,10984,87,106,-147,-13452,3408,6652,-1093,108,-49,-13592,-6000,5972,-553,194,-136,0
2553.119528055191,8628,7412,10888,-185,-134,110,7792,-7908,11080,190,136,-196,-13476,3220,6664,-1230,138,-123,-13624,-6000,6204,-524,183,-147,0
2553.1545310020447,8472,7588,10772,-182,-31,80,7644,-7916,11040,159,149,-215,-13472,3444,6800,-1133,95,-113,-13632,-6068,6280,-512,214,-177,0
2553.1897530555725,8344,7568,10944,-206,-63,70,7536,-7916,11120,147,172,-220,-13140,3296,6996,-1052,31,-221,-13516,-6184,6244,-445,281,-165,0
2553.2255349159245,7936,7608,11152,-195,-162,56,7488,-8160,11224,88,136,-310,-13276,3240,6928,-1041,111,-181,-13576,-6292,6364,-397,319,-118,0
2553.2617490291595,8276,7644,11076,-170,-243,24,7516,-7852,11208,-118,170,-360,-13504,3544,6800,-844,41,-227,-13756,-6140,6328,-410,279,-152,0
2553.2963650226593,8512,7540,10860,-156,-225,-255,7856,-7824,11188,-151,170,-320,-13512,3080,6540,-877,-249,-162,-13772,-5944,5912,-455,164,-136,0
2553.332412958145,8640,7492,10900,-164,-110,54,7884,-7744,10760,-79,150,-183,-13512,3348,6576,-911,54,-39,-13716,-5904,6076,-483,3,-132,0
2553.36892414093,8836,7644,10944,-149,47,117,7912,-7800,11100,-69,145,-71,-13696,3140,6524,-1064,-27,26,-13836,-5836,5988,-589,-32,-118,0
2553.4056811332703,8668,7576,10936,-175,83,204,7732,-7732,11184,-12,99,32,-13572,3148,6556,-1091,128,71,-13748,-6084,6112,-530,-73,-75,0
2553.439194917679,8652,7628,10844,-189,93,229,7784,-7784,11128,-31,83,34,-13456,3144,6740,-1128,154,97,-13536,-6160,6084,-486,-73,-81,0
2553.472720146179,8340,7556,10920,-161,53,174,7568,-7828,11072,6,101,-37,-13568,3504,6676,-1142,201,-232,-13432,-6260,6308,-510,79,-106,0
2553.506437063217,8132,7600,11052,-87,22,148,7384,-7932,11184,19,29,-130,-13548,3544,6744,-978,114,-142,-13436,-6168,6468,-509,156,-108,0
2553.539999961853,8260,7572,11112,-88,-33,114,7596,-7960,11124,-92,50,-247,-13408,3576,6508,-943,143,-90,-13444,-6100,6424,-494,134,-87,0
2553.5733909606934,8320,7648,11076,-139,-88,40,7636,-7696,10976,-151,110,-258,-13448,3432,6748,-901,68,-72,-13528,-6012,6340,-381,130,-105,0
2553.606935977936,8660,7644,10984,-214,-87,23,7648,-8156,11000,-155,205,-232,-13400,3420,6524,-944,21,-99,-13608,-6008,6392,-400,121,-194,0
2553.6401269435883,8408,7168,11040,-232,-95,40,7764,-8024,11136,-140,240,-215,-13464,3424,6772,-945,-13,-98,-13696,-5868,6280,-479,130,-166,0
2553.673720121384,8544,7232,10976,-181,-94,65,7928,-8056,11060,-95,202,-170,-13340,3572,6604,-981,83,-124,-13548,-5932,6292,-501,139,-130,0
2553.7073810100555,8572,7656,10888,-128,-109,140,7464,-7848,11108,-62,115,-169,-13408,3280,6484,-1074,182,-69,-13692,-6012,6184,-573,141,-74,0
2553.7410390377045,8536,7328,10936,-115,-80,148,7628,-7836,11016,-42,118,-152,-13408,3360,6724,-1046,62,-5,-13660,-6000,6368,-624,118,-95,0
2553.7743580341335,8268,7560,10932,-141,-22,167,7668,-7844,11084,21,93,-118,-13548,3272,6812,-1168,159,-43,-13780,-5980,6208,-550,121,-113,0
2553.8079450130463,8440,7616,10896,-103,-30,191,7596,-7860,11196,4,84,-112,-13500,3296,6772,-1120,140,-44,-13608,-6184,6404,-477,124,-66,0
2553.8416790962215,8376,7624,10984,-146,-19,162,7632,-7960,11136,-57,143,-127,-13396,3260,6824,-992,119,-73,-13540,-6192,6256,-450,129,-98,0
2553.875091075897,8440,7704,10908,-175,-84,113,7908,-7868,11068,-111,165,-191,-13456,3328,6720,-938,95,-64,-13500,-6104,6204,-463,124,-110,0
2553.9086730480194,8484,7484,11040,-189,-84,90,7592,-7992,11140,-125,162,-178,-13424,3452,6712,-925,85,-56,-13532,-6244,6276,-402,151,-126,0
2553.9421701431274,8428,7556,10792,-263,-115,94,7684,-7904,11172,-44,163,-208,-13436,3268,6872,-916,120,-124,-13636,-6084,6248,-407,195,-79,0
2553.975690126419,8452,7632,11240,-254,-168,145,7624,-8012,11176,-52,73,-260,-13364,3132,6728,-925,111,-164,-13796,-6056,6216,-459,237,-81,0
2554.0093359947205,8668,7480,11212,-217,-234,158,7588,-7872,11160,-27,38,-292,-13424,3348,6752,-957,130,-186,-13440,-5984,6280,-471,511,-73,0
2554.0429401397705,8532,7676,10828,-173,-216,164,7676,-7924,11204,-9,47,-275,-13360,3384,6728,-983,162,-163,-13492,-5932,6244,-506,246,-52,0
2554.0766401290894,8536,7460,10804,-149,-179,204,7692,-7692,10968,21,74,-185,-13376,3524,6468,-1005,195,-98,-13576,-6024,6300,-463,221,-28,0
2554.109879016876,8512,7456,10952,-118,-129,228,7708,-7988,11208,-11,48,-163,-13524,3408,6804,-1011,323,-158,-13652,-6036,6272,-504,158,-14,0
2554.143219947815,8492,7508,10756,-181,-100,211,7424,-7996,11048,20,56,-156,-13504,3228,6708,-1018,218,-119,-13640,-6064,6232,-468,124,-51,0
2554.1769649982452,8540,7460,10920,-190,-103,181,7804,-8124,11108,-1,152,-163,-13332,3576,6876,-1023,126,-94,-13732,-6040,6220,-483,122,-127,0
2554.2105200290684,8540,7432,10960,-290,-108,76,7732,-8172,11048,-8,206,-198,-13496,3396,6840,-1044,29,-121,-13812,-5920,6396,-265,184,-201,0
2554.2440509796143,8516,7472,11016,-288,-135,28,7584,-7940,11192,128,215,-219,-13532,3576,6708,-1076,69,-138,-13556,-6124,6576,-408,354,-143,0
2554.2776570320134,8276,7444,11100,-180,-84,72,7400,-7952,11132,94,139,-312,-13344,3372,6872,-1065,157,-224,-13524,-5964,6248,-433,348,-118,0
2554.311212062836,8668,7524,10956,-167,-215,74,7876,-7888,11128,20,102,-343,-13328,3324,6588,-770,114,-255,-13608,-5916,6212,-466,367,-82,0
2554.3450191020966,8548,7188,10948,-154,-270,156,7728,-7708,11052,-41,111,-247,-13488,3312,6472,-1262,173,-180,-13988,-6244,5892,-415,231,-45,0
2554.378564119339,8772,7548,10840,-186,-63,169,7840,-7904,11256,-75,133,-140,-13624,3200,6560,-1003,108,-8,-13860,-6080,6116,-505,35,-112,0
2554.4118440151215,8832,7564,10908,-225,11,127,7768,-7736,11104,-113,187,-94,-13688,3244,6808,-1006,31,90,-13660,-6036,6060,-503,-59,-165,0
2554.4488730430603,8768,7432,10792,-211,63,64,7828,-7916,11292,-16,231,-36,-13576,3116,6560,-1058,38,21,-13660,-5952,6068,-524,-24,-156,0
2554.4873409271245,8576,7576,10780,-170,119,125,7720,-7856,11132,26,183,-55,-13452,3280,6664,-1125,46,24,-13320,-6012,6232,-535,56,-154,0
2554.5224261283875,8436,7520,10996,-146,47,82,7560,-7856,11116,27,105,-136,-13504,3184,6432,-1108,112,-71,-13484,-6164,6164,-499,136,-137,0
2554.5576100349426,8388,7460,10996,-155,6,86,7544,-8164,11128,25,98,-192,-13412,3532,6904,-1055,77,-101,-13808,-6224,6228,-442,226,-121,0
2554.5935320854187,8392,7476,11192,-94,-120,75,7908,-7936,10896,-21,148,-241,-13388,3372,6884,-769,9,-155,-13676,-5896,6364,-406,246,-151,0
2554.628878116608,8428,7436,10944,-110,-138,49,7684,-8120,10928,-66,199,-267,-13404,3456,6820,-985,47,-124,-13780,-6116,6332,-393,212,-183,0
2554.6641409397125,8560,7452,11112,-128,-135,-2,7772,-7912,10856,-204,226,-235,-13448,3372,6840,-888,-2,-80,-13792,-5988,6264,-386,117,-138,0
2554.700166940689,8620,7472,10904,-142,-112,63,7656,-7880,11128,-238,200,-182,-13388,3364,6392,-919,136,-36,-13704,-5952,6008,-378,24,-110,0
2554.735394001007,8680,7420,10912,-170,-56,128,7744,-7952,11188,-2,140,-113,-13484,3316,6752,-921,179,-238,-13628,-5976,6160,-442,243,-57,0
2554.7708210945134,8516,7472,10808,-99,-42,199,7668,-7912,11128,-171,62,-92,-13436,3208,6904,-1015,175,-28,-13380,-5972,5896,-505,90,-50,0
2554.806206941604,8560,7456,10948,-62,-65,186,7752,-7908,11160,-112,47,-155,-13488,3172,6720,-1118,188,-53,-13608,-6080,6236,-529,134,-93,0
2554.8424520492554,8660,7524,10976,-67,-95,115,7708,-7912,11136,-66,86,-205,-13484,3292,6864,-1104,125,-104,-13596,-6052,6192,-518,135,-151,0
2554.877596139908,8536,7456,10848,-102,-87,109,7720,-8076,11148,-20,125,-204,-13476,3324,6752,-1091,40,-42,-13628,-6088,6280,-498,107,-172,0
2554.912990093231,8332,7564,10968,-182,-14,91,7888,-8112,11112,-28,169,-122,-13376,3132,6872,-1061,40,-73,-13568,-6108,6436,-466,53,-150,0
2554.9480440616608,8416,7580,10956,-182,31,89,7660,-7876,11092,-28,182,-97,-13460,3224,6692,-1006,61,-20,-13800,-6176,6300,-448,68,-117,0
2554.98339509964,8396,7596,10960,-261,-30,99,7500,-7944,11220,-44,130,-162,-13296,3336,6880,-947,129,-87,-13520,-6016,6296,-456,162,-52,0
2555.019231081009,8308,7508,11052,-257,-137,189,7508,-8024,11104,-79,23,-221,-13372,3352,6804,-963,152,-79,-13532,-5988,6412,-448,222,-8,0
2555.0541160106654,8240,7424,10900,-239,-199,178,7564,-7960,11216,-38,31,-8,-13424,3428,6916,-909,184,-123,-13328,-6092,6240,-439,218,-52,0
2555.0901050567627,8452,7460,10884,-290,-195,171,7700,-8120,10780,28,60,-246,-13508,3248,6696,-921,142,-128,-13740,-5976,6296,-438,257,-27,0
2555.1236660480495,8536,7340,10976,-285,-183,165,7680,-8012,11024,24,89,-230,-13484,3404,6660,-970,149,-186,-13616,-6120,6200,-455,289,-47,0
2555.156979084015,8632,7320,10904,-251,-187,162,7932,-8056,11072,97,99,-239,-13448,3300,6688,-1010,193,-197,-13752,-5928,6244,-497,274,-49,0
2555.1903870105743,8580,7344,10812,-169,-202,173,7812,-7968,10872,53,105,-256,-13532,3276,6628,-1044,163,-170,-13724,-6032,6168,-265,255,-85,0
2555.2239899635315,8556,7460,10900,-199,-201,136,7692,-7688,11256,47,99,-270,-13444,3104,6688,-1034,153,-187,-13704,-6028,6284,-471,252,-81,0
2555.2574751377106,8536,7508,10860,-219,-214,137,7720,-7924,11028,23,117,-258,-13500,3280,6884,-1013,96,-197,-13800,-5964,6252,-481,237,-103,0
2555.291177034378,8620,7468,10884,-235,-220,126,7828,-7840,11036,1,119,-214,-13440,3172,6628,-1039,117,-173,-13664,-6016,6376,-488,196,-98,0
2555.3247549533844,8572,7492,10860,-261,-185,122,7672,-7816,11128,23,125,-206,-13524,3232,6796,-1021,94,-126,-13592,-6044,5964,-426,170,-89,0
2555.358542919159,8528,7456,10816,-2,-156,159,7724,-7856,11264,-40,144,-203,-13464,3284,6792,-982,117,-93,-13648,-6044,6168,-442,140,-81,0
2555.3918521404266,8572,7420,10932,-272,-167,153,7436,-7928,11148,-42,95,-209,-13488,3236,6660,-987,145,-88,-13600,-6024,6184,-495,172,-48,0
2555.4254999160767,8480,7472,11036,-221,-132,178,7592,-7688,11256,-8,44,-208,-13384,3292,6816,-1023,176,-102,-13640,-6076,6064,-521,137,-44,0
2555.4591541290283,8536,7440,10728,-159,-89,204,7656,-7884,11008,-6,57,-151,-13500,3320,6616,-1063,104,-103,-13588,-5960,6264,-541,170,-103,0
2555.4927411079407,8584,7376,10784,-169,-63,137,7784,-7868,10944,47,149,-148,-13540,3304,6652,-1079,51,-96,-13764,-5920,6308,-549,94,-207,0
2555.5264470577245,8716,7352,10888,-138,11,43,7800,-7888,10992,91,211,-133,-13656,3272,6560,-1205,-26,-47,-13744,-5948,6276,-568,83,-6,0
2555.559972047806,8644,7276,10856,-146,110,-12,7688,-8012,10956,248,283,-126,-13636,3160,6600,-1248,-66,-91,-13680,-5868,6160,-538,133,-280,0
2555.5938329696655,8540,7380,11044,-119,107,-22,7788,-7916,10996,261,301,-131,-13472,3292,6696,-1251,-70,-110,-13680,-6060,6304,-497,123,-4,0
2555.6274249553685,8540,7560,11052,-128,38,-56,7680,-7808,11036,143,295,-172,-13512,3248,6692,-1100,-50,-131,-13744,-6120,6380,-427,150,-257,0
2555.6606900691986,8464,7452,10884,-202,12,-28,7584,-7836,10988,97,357,-143,-13488,3336,6712,-1264,-33,-143,-13644,-6092,6308,-396,170,-226,0
2555.6940820217133,8376,7524,10872,-175,53,-13,7540,-7844,11212,79,301,-156,-13252,3320,6888,-1029,35,-100,-13632,-6040,6252,-371,118,-175,0
2555.7276480197906,8320,7596,11252,-164,52,49,7584,-7752,11152,90,207,-184,-13360,3316,6708,-1045,236,-193,-13480,-6364,6384,-425,186,-161,0
2555.7612121105194,8356,7416,10876,-243,10,-6,7676,-7964,10800,90,276,-222,-13332,3224,6716,-1073,25,-241,-13432,-5912,6236,-491,233,-233,0
2555.7949271202087,8288,7344,11244,-103,17,-58,7512,-7716,11092,212,245,-262,-13396,3572,6808,-1193,32,-327,-13712,-5880,6084,-638,308,-251,0
2555.8285059928894,8628,7372,10824,13,-45,7,7680,-7908,11144,303,508,-256,-13408,3160,6560,-1302,-51,-221,-13728,-5748,6192,-1022,290,-247,0
2555.861969947815,8892,7320,10884,66,247,13,7792,-7836,11028,390,338,-151,-13596,3212,6728,-1413,-83,-210,-13832,-5984,6128,-773,232,-310,0
2555.895019054413,8452,7336,10708,105,67,-62,8080,-7640,11152,541,369,-93,-13808,3112,6956,-1547,-99,-501,-13628,-6028,6068,-751,196,-421,0
2555.9285719394684,8500,7596,10892,153,109,-59,7636,-7668,11280,570,354,-91,-13444,3324,6716,-1557,-123,-309,-13636,-6360,6184,-731,296,-401,0
2555.962085008621,8260,7824,10816,170,27,-31,7488,-7476,11328,434,281,-152,-13368,2832,6948,-1326,-38,-284,-13512,-6504,6344,-606,308,-301,0
2555.9954400062566,8376,7900,11044,51,-16,32,7612,-7524,11400,215,192,-252,-13200,2920,7032,-1148,172,-239,-13456,-6384,6236,-446,354,-149,0
2556.0290031433105,8388,7424,10764,-119,-168,1,7380,-7508,11272,-42,178,-373,-13508,2892,7160,-960,175,-265,-13456,-6288,6048,-362,355,-97,0
2556.0625009536743,8332,7692,10928,-220,-204,11,7592,-7632,11172,-128,186,-380,-13392,3052,6904,-869,142,-198,-13736,-6180,6096,-409,321,-68,0
2556.0955090522766,8496,7536,10944,-242,-126,30,7628,-7576,11240,-130,184,-300,-13340,3188,6896,-911,89,-124,-13704,-6108,6040,-425,188,-123,0
2556.1327600479126,8668,7560,10916,-173,-26,26,7592,-7700,11292,-39,204,-190,-13544,3036,6536,-985,27,-117,-13760,-5992,5952,-497,117,-160,0
2556.167726993561,8632,7584,10872,-123,34,27,7776,-7676,11328,-3,202,-116,-13792,3000,6844,-1063,-38,-34,-13900,-6040,6020,-566,12,-214,0
2556.203938961029,8608,7568,10748,-57,108,75,7736,-7608,11176,22,202,-18,-13812,3016,6724,-1114,-74,49,-13828,-6104,5952,-666,-35,-221,0
2556.2399311065674,8536,7748,10904,-54,132,133,7736,-7564,11344,26,208,62,-13444,2924,6732,-1152,-253,73,-13732,-6284,6112,-631,-104,-147,0
2556.274841070175,8392,7792,10976,-82,117,184,7632,-7436,11372,-79,112,42,-13392,2860,6684,-1089,59,136,-13644,-6292,6152,-523,-114,-103,0
2556.3105320930486,8308,7640,10960,-234,138,160,7464,-7748,11300,-76,102,14,-13368,3004,6744,-1044,102,36,-13428,-6124,6112,-521,-41,-95,0
2556.3457300662994,8288,7544,10920,-160,88,147,7204,-7768,11052,-141,66,-82,-13288,3116,6884,-1064,112,84,-13520,-6188,6268,-492,46,-84,0
2556.3811790943146,8188,7524,10916,-187,-22,110,7524,-7776,11260,-151,91,-141,-13512,3132,7116,-932,-256,21,-13528,-6280,6408,-444,15,-152,0
2556.4161629676814,8036,7540,11072,-245,-1,56,7520,-7692,11280,-174,193,-155,-13268,3160,7132,-835,28,18,-13804,-6284,6352,-404,31,-125,0
2556.451480150223,8244,7904,10760,-509,-61,23,7392,-7808,11380,-200,202,-156,-13300,3212,6840,-853,62,-84,-13576,-6148,6172,-496,93,-132,0
2556.487501144409,8256,7564,10896,-228,-109,129,7540,-7744,11304,-71,142,-145,-13336,3188,6968,-969,90,-9,-13804,-6120,5888,-521,147,-70,0
2556.522495031357,8296,7712,11108,-173,-137,201,7532,-7908,11048,-6,114,-188,-13188,3056,6880,-1276,229,-98,-13464,-6196,6108,-473,240,-42,0
2556.5577239990234,8336,7648,10832,-214,-157,216,7520,-7764,11272,-35,41,-237,-13456,3240,7148,-996,244,-56,-13604,-6116,6360,-553,234,3,0
2556.593498945236,8628,7508,10892,-208,-173,211,7720,-7764,11364,-75,24,-176,-13408,3092,6724,-1049,211,-21,-13624,-6020,6284,-537,197,32,0
2556.6298661231995,8460,7480,10992,-223,-128,260,7608,-7932,11172,33,2,-119,-13412,3036,6680,-1090,261,229,-13772,-6252,6332,-450,187,-249,0
2556.665043115616,8648,7932,10776,-270,-104,272,7652,-7628,11408,-55,255,-154,-13376,3004,6848,-928,266,-252,-13604,-6300,6200,-470,114,-18,0
2556.700320959091,8432,7676,10796,-265,-110,214,7664,-7700,11228,-257,49,-136,-13536,3100,7044,-847,156,94,-13772,-6188,6096,-469,23,-33,0
2556.7356519699097,8480,7608,10752,-283,-26,202,7724,-7608,11488,-301,74,-59,-13484,3008,6916,-815,124,137,-13632,-6188,6152,-488,-55,56,0
2556.7716929912567,8528,7804,10864,-374,37,271,7528,-7592,11336,-330,23,16,-13452,2852,6808,-693,121,2,-13676,-6252,6172,-384,-164,86,0
2556.805000066757,8536,7800,10956,-408,27,316,7532,-7616,11292,-398,-56,-3,-13496,3128,6936,-754,297,346,-13632,-6032,6016,-424,-148,124,0
2556.8386459350586,8460,7568,10900,-375,-5,402,7468,-7796,11276,-421,-157,25,-13508,3288,6740,-846,302,223,-13680,-6004,6164,-515,-49,209,0
2556.872137069702,8532,7508,10752,-353,-45,451,7688,-7836,11296,-334,-148,26,-13500,3164,6696,-912,302,489,-13548,-6100,6080,-491,-65,95,0
2556.9054291248326,8320,7396,10828,-249,-12,363,7688,-7864,11060,-146,-162,-76,-13564,3128,6688,-945,188,88,-13460,-6152,6192,-508,19,-67,0
2556.9388360977173,8284,7424,11084,-170,-107,147,7720,-8052,11156,-117,123,-145,-13584,3288,6652,-941,-43,-22,-13648,-6132,6280,-491,123,-197,0
2556.972330093384,8440,7364,10972,-510,-91,-44,7836,-8020,10972,-113,344,-197,-13440,3348,6636,-861,-230,-94,-13700,-5940,6496,-451,115,-289,0
2557.005630970001,8340,7292,11152,-262,-129,-84,7616,-8088,10920,-161,343,-252,-13464,3488,6800,-853,-175,-119,-13516,-5860,6384,-387,215,-237,0
2557.0392370224,8352,7280,11136,-269,-237,-41,7552,-8200,10940,-200,279,-333,-13208,3520,6588,-825,-44,-199,-13392,-5764,6420,-366,327,-150,0
2557.0729689598083,8472,6928,10944,-292,-324,23,7480,-8048,11008,-178,232,-391,-13400,3528,6680,-963,32,-220,-13388,-5836,6304,-470,350,-185,0
2557.1064150333405,8524,7288,10824,-221,-366,87,7504,-8060,11132,-93,175,-337,-13512,3456,7132,-1109,-14,-218,-13560,-6064,6292,-624,271,-196,0
2557.1398339271545,8488,7660,11008,-81,-273,110,7624,-7924,11264,76,135,-241,-13408,3316,7056,-1177,-20,-254,-13808,-6356,6220,-555,210,-498,0
2557.173473119736,8400,7616,11024,-68,-213,73,7564,-7748,11244,28,235,-178,-13328,3292,7032,-1167,-68,-153,-13704,-6312,6036,-564,182,-226,0
2557.206906080246,8448,7500,10904,-79,-207,82,7492,-7500,11508,-252,286,-132,-13384,3108,7072,-1072,-42,-136,-13496,-6264,6040,-637,124,-174,0
2557.2407290935516,8512,7588,10900,-91,-130,112,7420,-7756,11396,85,160,-123,-13568,3164,7100,-1154,53,-172,-13536,-6300,5960,-661,150,-139,0
2557.2742650508885,8496,7624,10848,27,-152,163,7580,-7736,11256,165,86,-213,-13136,3028,7392,-1210,65,-235,-13536,-6348,6204,-612,205,-171,0
2557.3077840805054,8412,7636,10904,16,-132,90,7472,-7604,11172,153,159,-234,-13336,3040,6664,-1138,79,-246,-13524,-6444,6012,-520,200,-170,0
2557.3412799835205,8512,7608,10836,-95,-196,53,7532,-7676,11264,134,184,-312,-13360,3108,7056,-1065,139,-17,-13444,-6196,6244,-480,302,-120,0
2557.3747169971466,8316,7616,10688,-165,-239,50,7544,-7852,11240,166,112,-366,-13516,2820,6944,-1060,210,-321,-13512,-6216,6276,-418,383,-87,0
2557.4077570438385,8364,7476,11004,-117,-294,54,7492,-7772,11132,149,107,-415,-13140,3132,6736,-1031,192,-328,-13360,-6236,6284,-383,348,-77,0
2557.441425085068,8516,7576,10804,-123,-230,94,7652,-7764,11092,21,65,-346,-13448,3240,6924,-961,162,-197,-13600,-6032,6360,-489,222,-51,0
2557.4748260974884,8792,7428,10788,-144,-159,180,7764,-7780,11260,-45,62,-191,-13564,3176,6832,-997,211,-61,-13720,-6000,5956,-522,149,17,0
2557.508204936981,8712,7584,10968,-188,-115,261,7772,-7876,11036,-247,35,-92,-13464,3228,6804,-1063,212,-10,-13656,-6016,6208,-458,27,-7,0
2557.541804075241,8252,7312,11092,-154,-21,199,7712,-7796,11264,67,65,-85,-13436,3072,6760,-1146,218,-66,-13504,-6112,6136,-459,111,-70,0
2557.5753679275513,8340,7388,10860,-135,12,106,7660,-7716,11184,170,86,-187,-13484,3076,6848,-1073,154,-219,-13572,-6212,6144,-432,105,-152,0
2557.6088321208954,8648,7460,10932,-101,-49,54,7888,-7876,11192,204,253,-177,-13504,3232,6864,-1111,27,-236,-13592,-6084,6172,-558,126,-211,0
2557.6419920921326,8532,7392,10952,-78,-42,-20,7588,-7804,11188,263,212,-206,-13368,2828,6708,-1136,21,-507,-13432,-6252,6260,-491,270,-282,0
2557.6755170822144,8340,7384,11028,33,87,-155,7632,-7724,11144,357,297,-360,-13380,3068,7024,-1153,-26,-348,-13328,-6124,6204,-538,331,-373,0
2557.7090339660645,8496,7428,10864,-41,65,-216,7728,-7668,11036,348,381,-247,-13260,3024,6848,-1190,-163,-307,-13644,-6028,6208,-497,222,-353,0
2557.7425389289856,8624,7560,10648,201,295,-126,7516,-7468,11360,373,301,-93,-13304,2820,6904,-1276,17,-123,-13672,-6224,6220,-542,89,-165,0
2557.775764942169,8452,8056,10804,38,359,152,7524,-7312,11368,275,71,11,-13160,2752,6960,-1063,309,34,-13416,-6600,6060,-389,68,46,0
2557.812858104706,8012,7972,11248,-175,165,235,7676,-7668,11340,-54,23,-119,-13224,2904,6924,-983,480,41,-13616,-6376,6124,-395,157,94,0
2557.8476960659027,8416,7820,10956,-301,72,188,7524,-7716,11496,-185,-39,-247,-13376,3224,6896,-983,348,38,-13556,-6112,6236,-545,225,60,0
2557.883332014084,8584,7268,10872,-511,-51,190,7608,-7684,11040,-118,-32,-238,-13480,3340,6444,-1033,171,37,-13696,-5804,6216,-518,164,-85,0
2557.9289560317993,8672,7376,11176,-92,70,76,7916,-7700,10920,-72,153,-112,-13844,3216,6464,-963,-129,70,-14012,-5996,6004,-549,254,-303,0
2557.9748339653015,8500,7344,11068,-146,112,-75,8184,-7824,11172,-65,376,-98,-13768,3152,6688,-999,-383,-248,-13832,-5992,5888,-575,-51,-451,0
2558.020334005356,8516,7412,11024,-74,24,-120,7852,-7808,11508,27,465,-255,-13360,3004,6704,-1037,-464,-50,-13632,-6332,6188,-498,25,-483,0
2558.0562050342564,8184,7464,11088,-119,-65,-150,7336,-7888,11336,45,550,-115,-13164,3072,6956,-996,-275,-125,-13304,-6300,6208,-384,93,-381,0
2558.091850042343,8120,7728,11116,-110,-96,-99,7080,-7808,11404,-36,328,-282,-12928,3200,7104,-1011,-9,-152,-13244,-6248,6320,-536,331,-155,0
2558.1277680397034,7968,7436,11112,-53,-326,105,7020,-7700,11352,42,-252,-391,-12952,2852,7096,-1050,178,-283,-13160,-6380,6316,-424,429,-126,0
2558.16321015358,7956,7916,10548,51,-215,65,7192,-7552,11224,145,43,-382,-13192,3152,7288,-1107,147,-328,-13460,-6332,6216,-548,290,-188,0
2558.198758125305,7960,7488,11000,-22,-55,255,7200,-7648,11476,268,178,-311,-13416,3008,7168,-1103,254,-501,-13624,-6548,6252,-572,301,-270,0
2558.234148979187,8396,7828,10940,24,-255,-52,7596,-7456,11444,231,282,-247,-13524,2788,7128,-1080,-67,-290,-13688,-6500,6028,-489,253,-253,0
2558.269935131073,8432,7888,10844,-52,-142,-252,7684,-7640,11352,87,205,-290,-13444,2912,7020,-986,34,-190,-13692,-6328,5816,-541,288,-145,0
2558.305603981018,8436,7816,11012,-40,-217,102,7716,-7320,11244,-27,137,-275,-13384,2788,6520,-913,307,-234,-13372,-6356,5756,-477,313,-30,0
2558.341972112656,8548,7824,10644,-73,-177,159,7784,-7352,11200,-85,42,-4,-13480,2820,7072,-884,187,-111,-13764,-6168,5956,-357,226,-7,0
2558.3775911331177,8604,7624,10744,-276,-2,136,7632,-7544,11260,-18,86,-209,-13488,3036,6868,-967,231,30,-13640,-6132,6032,-374,167,-20,0
2558.4126539230347,8492,7532,10880,-186,70,137,7756,-7456,11072,-89,75,-161,-13344,3116,6996,-1058,223,45,-13680,-6080,5896,-374,90,-27,0
2558.4487330913544,8660,7468,11168,-223,-78,166,7744,-7776,11024,-171,49,-172,-13508,3156,6772,-973,185,6,-13716,-6216,6580,-382,108,-46,0
2558.482020139694,8304,7600,11156,-267,-135,107,7856,-7684,11308,-328,166,-178,-13532,3300,6820,-867,61,28,-13988,-6156,6232,-327,-83,-149,0
2558.5154581069946,8688,7896,10612,-181,20,57,7552,-7656,11312,-346,217,-25,-13476,3100,6940,-838,-57,127,-13600,-6192,6128,-392,-222,-161,0
2558.549082994461,8268,7452,10852,-176,166,107,7568,-7588,11476,-230,219,105,-13296,2988,6908,-816,-40,198,-13664,-6216,6012,-502,-263,-133,0
2558.5825829505925,8228,7792,10684,-112,301,136,7356,-7492,11120,-212,113,111,-13200,3000,6892,-971,154,197,-13432,-6180,6004,-463,-215,-55,0
2558.6156980991364,8040,7692,11164,-182,166,187,7336,-7736,11308,-136,-25,-3,-13112,3016,7004,-774,288,94,-13108,-6156,6172,-462,111,44,0
2558.649075984955,8008,7768,11088,-202,-66,224,7368,-7716,11392,-129,-63,-225,-13152,3044,7176,-1002,338,-67,-13564,-6320,6228,-461,317,34,0
2558.6825189590454,8104,7736,10980,-168,-190,198,7388,-7696,11140,-152,-16,-276,-13560,3244,7052,-1054,323,-94,-13508,-6252,6348,-467,1,19,0
2558.7159919738774,8432,7424,10912,-137,-221,207,7592,-7728,11320,-115,16,-273,-13424,3116,7160,-991,251,-136,-13536,-6152,6336,-488,224,-53,0
2558.7497539520264,8412,7612,10872,-135,-154,160,7912,-7724,11176,-88,68,-1,-13436,3104,6764,-996,157,-144,-13720,-6152,6200,-460,205,-114,0
2558.783374071121,8412,7488,10852,-128,-64,49,7520,-7752,11080,-32,145,-249,-13548,3196,6748,-959,55,-170,-13332,-6100,5928,-444,187,-196,0
2558.8169729709625,8616,7588,11040,-181,-4,18,7696,-7868,11108,47,217,-253,-13412,3140,6840,-932,15,-180,-13620,-6240,6128,-461,194,-222,0
2558.8504979610443,8512,7644,10888,-119,-23,-72,7740,-7848,11188,52,205,-298,-13408,3160,6716,-953,-35,-189,-13788,-6168,6188,-494,8,-508,0
2558.8838639259334,8380,7588,10912,-111,-127,-59,7692,-7768,11196,61,246,-348,-13384,3144,6584,-955,-61,-512,-13572,-6112,6012,-524,341,-280,0
2558.917392015457,8444,7584,10896,-64,-232,-49,7440,-7772,11120,2,222,-363,-13436,3320,6764,-989,-27,-272,-13600,-6008,6108,-263,313,-229,0
2558.9510729312897,8444,7664,10828,-162,-258,-6,7684,-7668,11048,4,214,-300,-13424,3148,6680,-965,-61,-155,-13648,-6176,6228,-475,235,-213,0
2558.9845039844513,8412,7728,10988,-166,-145,20,7560,-7588,11052,-7,264,-198,-13396,3192,6844,-971,-37,-88,-13676,-6328,6320,-508,135,-210,0
2559.018090963364,8392,7768,10832,-126,-55,47,7488,-7564,11364,-54,204,-154,-13300,3012,6964,-1050,-3,-17,-13320,-6372,6144,-522,88,-189,0
2559.0516259670258,8352,7860,11064,-169,14,83,7556,-7576,11300,-85,167,-116,-13240,3052,6992,-1013,58,-2,-13472,-6292,6048,-525,76,-140,0
2559.085191011429,8264,7968,10776,-110,-29,149,7528,-7676,11352,-136,125,-86,-13060,2956,6996,-997,130,48,-13560,-6636,6136,-489,46,-74,0
2559.1186060905457,8296,8188,10716,-154,-14,207,7504,-7480,11300,-172,101,-77,-13328,2916,7064,-901,126,67,-13588,-6488,6124,-435,252,-33,0
2559.1518449783325,8252,7900,10752,-169,42,202,7516,-7564,11468,-197,58,-64,-13316,2988,7192,-856,165,117,-13544,-6388,5996,-413,-51,-10,0
2559.185590028763,8180,7944,10888,-217,47,215,7572,-7556,11376,-184,42,-50,-13392,3028,7000,-870,218,117,-13436,-6260,6232,-453,23,32,0
2559.2191591262817,8252,7780,10968,-299,-4,208,7484,-7716,11264,-122,52,-102,-13212,3168,6904,-882,244,16,-13476,-6252,6132,-415,80,7,0
2559.2526700496674,8216,7760,10956,-286,-60,186,7464,-7764,11516,-115,41,-197,-13436,3168,6740,-867,231,248,-13496,-6288,6288,-417,156,-19,0
2559.286155939102,8072,7572,11024,-275,-151,133,7584,-7936,11304,-39,54,-296,-13340,3300,6928,-938,224,-117,-13452,-6116,6236,-435,293,-25,0
2559.3194959163666,8236,7496,11096,-242,-213,135,7560,-7952,11152,6,94,-328,-13532,3412,6792,-1264,208,-164,-13548,-5972,6184,-498,359,-38,0
2559.353161096573,8408,7488,10912,-146,-220,188,7608,-7856,11192,-25,47,-281,-13364,3344,6744,-960,188,-166,-13640,-6364,6512,-761,271,-51,0
2559.3865790367126,8448,7580,10908,-143,-5,160,7796,-7860,11068,-143,91,-224,-13764,3176,6664,-927,108,-123,-13760,-6096,6176,-487,151,-90,0
2559.420027971268,8488,7620,10824,-219,-154,142,7828,-7708,11212,-155,158,-165,-13476,3136,6692,-927,87,-48,-13700,-6092,6208,-489,72,-121,0
2559.4533901214604,8384,7548,10872,-224,-81,113,7884,-7800,11040,-127,193,-97,-13484,3124,6692,-955,53,-14,-13464,-6224,6164,-451,62,-120,0
2559.497447013855,8224,7728,10920,-184,-12,131,7592,-7624,11220,-118,165,-76,-13480,3096,6756,-1010,133,252,-13336,-6168,6140,-471,20,-93,0
2559.5326449871063,8368,7760,10804,-224,41,160,7532,-7600,11304,-100,107,-76,-13444,2824,6992,-1014,214,-249,-13524,-6296,6084,-469,51,-39,0
2559.5687239170074,8312,7856,10888,-305,-49,177,7652,-7624,11352,-81,83,-178,-13564,3120,7008,-976,179,-87,-13612,-6296,6032,-462,137,-18,0
2559.604460954666,8288,7868,10868,-194,-137,200,7560,-7676,11336,-129,2,-180,-13468,2984,7332,-1009,189,-107,-13560,-6300,6192,-466,124,-62,0
2559.640205144882,8248,7432,10808,-298,-125,170,7512,-7708,11228,-39,75,-174,-13232,3132,7132,-1273,117,-95,-13496,-6340,6112,-454,132,-82,0
2559.6749460697174,8168,7780,10856,-305,-76,138,7532,-7476,11336,-4,66,-206,-13424,3212,6996,-1074,147,-93,-13588,-6356,6228,-443,103,-114,0
2559.7109410762787,8340,7696,10908,-244,-126,101,7472,-7888,11052,-45,132,-4,-13404,3272,6840,-974,113,-157,-13428,-6180,6372,-470,220,-128,0
2559.7461879253387,8244,7528,10900,-208,-96,57,7544,-7904,10968,-16,97,-269,-13332,3072,6736,-958,125,-148,-13592,-5940,6060,-477,250,-77,0
2559.7817869186406,8388,7468,10964,-250,-141,167,7664,-7732,11200,-50,107,-194,-13492,3208,6712,-957,155,-22,-13608,-5984,6216,-411,168,-36,0
2559.8180270195007,8440,7568,10808,-287,-98,165,7720,-7780,11036,-62,95,-191,-13388,3240,6672,-955,247,-66,-13732,-6084,6312,-379,93,-13,0
2559.853390932083,8404,7556,10940,-283,-137,213,7696,-7764,11132,-152,23,-172,-13492,3208,6620,-970,215,-19,-13372,-6104,5912,-436,105,-53,0
2559.8881430625916,8476,7564,10788,-232,-91,204,7744,-7720,11448,-118,73,-143,-13444,3092,6784,-1011,183,-54,-13664,-5944,6340,-474,75,-82,0
2559.923816919327,8420,7444,10976,-236,-88,196,7608,-7724,11148,-52,101,-116,-13464,3216,6720,-1076,133,-20,-13584,-6084,6188,-510,90,-102,0
2559.959856033325,8656,7512,11248,-198,-88,157,7760,-7832,11256,23,126,-162,-13492,3140,6812,-1043,117,-117,-13540,-6232,6264,-519,184,-146,0
2559.9949340820312,8336,7736,10904,-159,-117,102,7584,-7768,11028,69,144,-210,-13424,3124,6792,-1060,99,-146,-13488,-6296,6188,-531,223,-155,0
2560.0300509929657,8424,7636,10800,-172,-180,92,7584,-7740,11268,47,155,-256,-13500,3208,7068,-1015,58,-165,-13456,-6260,6168,-527,249,-156,0
2560.065587043762,8388,7624,11056,-174,-195,89,7544,-7692,11084,37,134,-276,-13220,3124,6960,-772,97,-202,-13448,-6272,6300,-488,311,-145,0
2560.10104894638,8320,7668,11088,-200,-238,98,7612,-7740,11144,27,136,-287,-13392,3176,6848,-938,96,-161,-13636,-6368,5924,-500,278,-103,0
2560.1372990608215,8324,7460,10944,-239,-221,102,7884,-7744,11340,-23,149,-264,-13388,3204,6800,-956,123,-134,-13736,-6360,5936,-507,236,-99,0
2560.170795917511,8588,7636,10880,-222,-181,138,7756,-7752,11220,-29,130,-219,-13428,3128,6716,-1015,115,-112,-13616,-6140,6388,-489,215,-111,0
2560.204111099243,8660,7620,10980,-219,-228,133,7712,-7780,11272,24,107,-511,-13364,3256,6856,-1022,140,-165,-13668,-6000,6140,-534,253,-93,0
2560.237679004669,8540,7584,11048,-139,-179,153,7720,-7856,11128,15,54,-212,-13428,3116,6636,-1047,158,-125,-13684,-6056,6116,-542,207,-85,0
2560.2712819576263,8516,7612,10896,-107,-130,204,7696,-7600,11144,18,28,-170,-13392,3048,6764,-1032,221,-79,-13672,-6224,6076,-521,159,-44,0
2560.304580926895,8576,7628,10840,-108,-138,227,7820,-7644,11148,-51,26,-163,-13408,2836,6896,-988,194,-80,-13632,-6200,6064,-534,145,-24,0
2560.3382711410522,8524,7600,10768,-212,-228,209,7756,-7796,11048,-102,65,-202,-13428,2852,6800,-915,151,-114,-13664,-6148,6216,-437,133,-58,0
2560.372010946274,8512,7624,10968,-286,-224,144,7684,-7696,11216,-105,151,-193,-13400,3084,6852,-941,134,-75,-13544,-6140,6048,-457,103,-86,0
2560.405072927475,8684,7564,10876,-183,-171,118,7648,-7920,11156,-134,91,-156,-13380,3092,6796,-949,107,-15,-13656,-6124,6112,-468,48,-100,0
2560.438714981079,8456,7588,10876,-216,-22,75,7712,-7884,11080,-78,119,-148,-13104,3176,6704,-920,133,-246,-13496,-6012,5988,-445,58,-97,0
2560.4723439216614,8520,7552,10876,-251,97,112,7756,-7656,11136,-15,144,-111,-13364,3092,6932,-1056,130,-43,-13512,-6116,6072,-442,122,-83,0
2560.5056149959564,8408,7500,10920,-252,-41,128,7588,-7796,11076,-19,117,-164,-13564,3196,7000,-1072,157,-90,-13480,-6176,6100,-433,163,-90,0
2560.5390350818634,8320,7548,11156,-207,-80,92,7676,-7848,11408,-20,156,-211,-13452,3256,6804,-1045,149,-84,-13512,-5904,5920,-482,232,-92,0
2560.572639942169,8440,7516,10972,-164,-174,103,7548,-7940,11032,-16,159,-241,-13412,3144,6700,-1058,139,-142,-13432,-5972,6220,-518,282,-96,0
2560.6059980392456,8372,7412,10940,-121,-216,123,7636,-7828,11128,-34,147,-282,-13412,3156,6820,-1055,112,-184,-13688,-5956,6184,-528,273,-75,0
2560.6395139694214,8512,7528,10836,-110,-175,95,7708,-7724,11144,-51,149,-241,-13540,3108,6548,-1034,56,-124,-13772,-5932,6224,-518,143,-149,0
2560.6732130050655,8680,7456,10940,-132,-98,110,7816,-7444,11016,-90,184,-138,-13504,3140,6804,-1009,74,234,-13860,-6180,6104,-452,28,-103,0
2560.7067999839783,8564,7428,10888,-202,27,109,7748,-7752,11196,-130,179,-92,-13596,3164,6924,-992,102,46,-13716,-6176,5964,-460,-52,-128,0
2560.7401759624486,8556,7628,10920,-111,91,120,7736,-7652,11180,-118,140,-56,-13452,2984,6788,-1014,88,61,-13620,-6232,6012,-257,-27,-126,0
2560.7737181186676,8472,7584,10824,-146,63,146,7808,-7444,11036,-124,147,-79,-13440,3016,6780,-1012,131,48,-13676,-6140,6088,-499,26,-64,0
2560.8072271347046,8208,7932,10824,-175,-11,138,7608,-7928,11048,-152,144,-123,-13372,3016,6684,-990,162,250,-13468,-6184,5980,-455,31,-69,0
2560.8407759666443,8328,7728,10928,-190,-18,145,7628,-7448,11064,-133,125,-124,-13532,3196,6900,-935,77,254,-13544,-6380,6208,-480,49,-130,0
2560.874391078949,8396,7556,10928,-192,15,86,7640,-7828,11080,-76,188,-91,-13320,3188,6864,-1043,75,-3,-13568,-6168,6132,-460,28,-155,0
2560.907503128052,8308,7508,10992,-153,19,47,7504,-7816,11188,16,153,-167,-13308,3228,6972,-974,45,-105,-13508,-6088,6364,-463,110,-138,0
2560.9407620429993,8296,7556,11048,-181,65,68,7496,-7968,11268,73,134,-153,-13344,3208,6880,-1004,108,-84,-13436,-6104,6404,-481,147,-116,0
2560.9743020534515,8300,7540,10984,-216,22,93,7476,-7812,11196,4,130,-200,-13408,3268,6840,-928,97,-76,-13552,-6008,6192,-474,127,-98,0
2561.0076191425323,8352,7452,11036,-200,-139,65,7648,-7824,10972,-21,193,-205,-13484,3396,6648,-936,118,-122,-13392,-6004,6340,-526,247,-118,0
2561.0409409999847,8264,7312,11004,-187,-163,81,7668,-7956,11148,46,139,-242,-13340,3264,6660,-1011,93,-185,-13528,-5980,6152,-517,360,-89,0
2561.0744681358337,8460,7476,10808,-126,-130,155,7920,-7696,11028,42,76,-215,-13472,3232,6804,-987,163,-104,-13712,-6060,6228,-515,185,-55,0
2561.1080269813538,8652,7620,11016,-117,-115,172,7904,-7756,11180,-58,101,-158,-13520,3324,6840,-969,142,-256,-13756,-6096,6228,-460,119,-95,0
2561.1410479545593,8680,7504,10876,-190,-54,137,7852,-7736,11156,-71,171,-180,-13576,3140,6708,-944,112,-23,-13780,-6104,6000,-461,120,-123,0
2561.1788330078125,8636,7544,10836,-150,-50,112,7712,-7664,11208,-114,175,-130,-13688,3068,6820,-975,27,-48,-13724,-6368,6100,-452,57,-170,0
2561.2139880657196,8652,7640,10904,-162,-248,71,7876,-7720,11172,-69,227,-101,-13452,3092,6788,-984,-46,14,-13712,-6228,6072,-433,-20,-220,0
2561.249787092209,8564,7728,10960,-173,23,10,7604,-7728,11164,-72,248,-110,-13352,3124,7068,-949,-61,-256,-13340,-6276,6080,-455,9,-225,0
2561.285584926605,8408,7728,10756,-138,50,13,7560,-7492,11408,-45,212,-147,-13308,3212,6804,-963,19,-45,-13484,-6272,6168,-437,93,-196,0
2561.3211350440974,8428,7644,10892,-161,-41,71,7436,-7728,11140,252,203,-202,-13268,3244,6868,-997,60,-80,-13348,-6220,6268,-494,161,-137,0
2561.3561840057373,8236,7624,11032,-104,-86,69,7348,-7784,11144,-7,111,-259,-13272,3264,7000,-975,80,-141,-13468,-6352,6352,-499,243,-90,0
2561.3920321464534,8376,7488,10984,-140,-136,108,7400,-7764,11332,-102,130,-229,-13376,3452,6880,-891,71,-54,-13672,-6096,6396,-479,169,-67,0
2561.4280900955205,8352,7664,11028,-176,-113,119,7500,-7856,11096,-172,123,-139,-13368,3248,6828,-1030,207,254,-13576,-6096,6208,-490,126,-15,0
2561.463182926178,8400,7612,11100,-223,-71,189,7656,-7840,11128,-175,124,-127,-13408,3476,6700,-1036,205,-31,-13596,-6080,6332,-761,82,-55,0
2561.498633146286,8380,7528,10904,-170,-76,174,7504,-7940,11148,-43,100,-161,-13560,3296,6888,-1080,179,-110,-13608,-6060,6124,-554,128,-109,0
2561.53364109993,8596,7392,10992,-59,-77,96,7840,-7692,10772,-16,149,-209,-13580,3284,6756,-1157,54,-128,-13576,-5960,6184,-601,162,-168,0
2561.5695559978485,8492,7432,11108,-20,-82,37,7740,-7796,11028,92,195,-236,-13444,3216,6692,-1156,35,-204,-13676,-5984,6124,-555,231,-222,0
2561.604499101639,8432,7536,10860,-248,-75,-12,7472,-7804,11028,71,203,-507,-13568,3232,6692,-1123,-49,-223,-13356,-6084,6232,-539,238,-259,0
2561.640213966369,8448,7600,10800,13,-87,-52,7788,-7788,11120,77,265,-226,-13444,3088,7112,-1089,-66,-246,-13612,-6240,6212,-500,249,-290,0
2561.675586938858,8388,7764,10896,-46,-121,-14,7640,-7680,11172,77,247,-262,-13436,3140,7156,-1088,3,-237,-13320,-5920,6312,-467,268,-218,0
2561.7112889289856,8480,7748,10900,-124,-175,-8,7712,-7756,11280,-23,228,-303,-13540,3016,6960,-1040,31,-234,-13700,-6312,6152,-457,187,-226,0
2561.7476420402527,8472,7800,10824,-154,-173,15,7920,-7468,11048,-56,218,-510,-13532,3112,7164,-1280,24,-147,-13808,-6356,6220,-487,123,-173,0
2561.7826631069183,8268,7840,10936,-197,-111,25,7532,-7768,11356,22,157,-197,-13336,3172,7024,-1081,60,-135,-13368,-6304,6112,-522,185,-132,0
2561.8182051181793,8280,7740,10804,-114,-80,126,7432,-7628,11656,32,101,-177,-13328,3056,6852,-1023,134,-104,-13544,-6416,6056,-546,226,-75,0
2561.8518440723415,8248,7768,10948,-119,-176,165,7540,-7584,11068,-70,58,-209,-13288,3024,6932,-914,191,-102,-13568,-6252,5944,-494,241,-7,0
2561.885285139084,8316,7764,10784,-171,-147,180,7564,-7664,11448,-47,53,-244,-13148,2828,6800,-916,210,-138,-13544,-6184,6052,-461,243,-7,0
2561.9187290668488,8436,7740,10844,-152,-124,169,7628,-7736,11256,-9,48,-215,-13476,3196,6860,-920,203,-106,-13608,-6096,6300,-471,205,-50,0
2561.9523129463196,8684,7668,10968,-164,-59,146,7732,-7784,11252,13,34,-199,-13652,3108,6780,-972,125,-40,-13604,-6080,6052,-454,133,-122,0
2561.985743045807,8572,7568,10932,-206,-80,103,7828,-7788,11012,-31,175,-190,-13792,3308,6776,-926,88,-38,-13648,-6120,6348,-474,158,-96,0
2562.0193459987645,8440,7520,10656,-249,-103,76,7900,-7812,11024,-75,175,-196,-13468,3176,6768,-933,107,-45,-13680,-6080,5920,-418,192,-65,0
2562.052747964859,8512,7584,10896,-293,-121,113,7680,-7848,11076,-62,190,-167,-13316,3132,7036,-957,134,-78,-13708,-6000,6092,-451,145,-76,0
2562.0864391326904,8476,7604,10800,-214,-88,169,7708,-7760,11240,-95,113,-133,-13404,3284,6872,-1025,172,-32,-13676,-6112,6368,-472,95,-48,0
2562.1198270320892,8284,7604,11020,-12,-57,200,7904,-7868,11064,-58,86,-122,-13364,3168,6784,-1030,192,-240,-13812,-6240,6216,-460,90,-41,0
2562.1532039642334,8296,7696,10936,-244,-45,194,7540,-8172,11008,-65,64,-123,-13372,3108,7156,-1049,186,-57,-13500,-6152,6168,-501,118,-65,0
2562.1868550777435,8232,7612,10980,-177,-95,196,7580,-7840,11188,-21,24,-177,-13412,3180,6824,-1024,129,-149,-13556,-6056,6288,-265,210,-68,0
2562.2203509807587,8360,7556,11244,-99,-160,148,7664,-7736,11328,-7,98,-232,-13456,3176,7084,-986,75,-199,-13624,-6648,6184,-456,227,-111,0
2562.253835916519,8680,7892,10764,-141,-176,74,7624,-7432,11160,-44,233,-226,-13420,3104,6964,-913,37,-88,-13788,-6224,6340,-412,175,-147,0
2562.2873671054845,8220,7820,11000,-245,-102,60,7404,-7916,11116,-80,243,-199,-13400,3060,6776,-960,49,-58,-13612,-6196,6100,-362,145,-96,0
2562.3210189342494,8476,7764,11028,-330,-65,100,7636,-7624,11020,-199,205,-143,-13364,3164,6732,-941,190,-21,-13688,-6164,6024,-410,75,-3,0
2562.354509115219,8452,7704,10852,-335,-4,201,7472,-7688,11244,-145,19,-105,-13348,3128,6884,-1010,307,26,-13576,-6168,5988,-430,61,49,0
2562.3881001472473,8532,7576,10832,-372,12,277,7604,-7728,11196,-140,-30,-92,-13452,3296,6476,-1020,332,56,-13504,-6080,6080,-506,50,68,0
2562.4215009212494,8428,7540,10880,-260,23,282,7572,-7828,11412,-29,-25,-75,-13348,3216,6708,-1151,330,16,-13416,-6180,6088,-532,101,-5,0
2562.4552381038666,8392,7552,10976,-158,-10,234,7644,-7868,11228,-33,-34,-123,-13424,3116,6800,-1117,0,-23,-13628,-6148,6364,-570,127,-45,0
2562.488837003708,8492,7524,11004,-150,-51,184,7776,-7896,11076,-12,63,-166,-13572,3148,6620,-1066,126,-68,-13712,-6076,6340,-547,116,-78,0
2562.5221030712128,8512,7376,11016,-120,-66,93,7816,-8172,10924,-49,147,-151,-13508,3236,6748,-1041,-251,-119,-13676,-6048,5948,-517,147,-143,0
2562.555374145508,8444,7444,10928,-153,-54,73,7904,-7896,11180,40,175,-196,-13484,3208,6708,-985,74,-94,-13576,-6088,5992,-447,137,-169,0
2562.5889320373535,8440,7440,10944,-151,-64,21,7728,-7920,11080,-95,196,-221,-13460,3168,6588,-957,43,-139,-13812,-5956,6240,-467,186,-160,0
2562.6223700046535,8460,7376,10904,-244,-124,6,7756,-8180,10888,-46,223,-261,-13416,3276,6596,-976,22,-197,-13672,-5944,6380,-454,201,-162,0
2562.655694961548,8544,7488,10856,-137,-101,12,7668,-7820,10776,12,159,-240,-13444,3188,6692,-1078,43,-209,-13616,-6108,5908,-490,218,-185,0
2562.689342021942,8408,7652,10952,-58,-167,36,7656,-7712,11104,13,190,-237,-13428,3140,6768,-1019,12,-177,-13640,-6292,6220,-529,214,-222,0
2562.722656965256,8492,7672,10888,-53,-153,24,7480,-7664,11052,-33,226,-202,-13384,3036,6948,-978,-61,-137,-13808,-6288,6104,-497,202,-199,0
2562.7561919689174,8388,7784,10820,-47,-114,86,7636,-7592,11176,-32,270,-154,-13424,3040,6880,-961,27,-98,-13652,-6236,6116,-490,164,-128,0
2562.789912939072,8592,7752,11192,-146,-58,114,7896,-7612,11072,-63,150,-158,-13344,2816,6752,-937,101,-64,-13568,-6260,6056,-492,135,-69,0
2562.8232190608974,8456,7680,10696,-160,-10,193,7644,-7916,11248,-61,102,-97,-13108,2952,6840,-940,159,22,-13364,-6168,6092,-487,120,-17,0
2562.86102104187,8352,7756,10788,-215,-43,225,7544,-7712,11160,-41,62,-151,-13396,3060,7032,-965,251,49,-13560,-6268,6080,-470,142,11,0
2562.8959851264954,8312,7728,10840,-219,-42,194,7732,-7708,11056,-116,66,-152,-13452,3120,6840,-925,215,23,-13636,-6316,6068,-435,158,8,0
2562.93186712265,8476,7436,10792,-223,-109,193,7692,-7756,11188,-97,62,-170,-13424,3180,7148,-895,209,-56,-13628,-5948,6252,-410,150,2,0
2562.9674351215363,8384,7872,10832,-226,-96,195,7660,-7780,11144,-141,95,-149,-13448,3260,6940,-841,193,11,-13708,-6120,6272,-411,108,4,0
2563.003682136536,8436,7580,11008,-288,-60,154,7688,-7864,11120,-133,100,-126,-13492,3240,6796,-847,168,38,-13648,-6000,6256,-405,51,-5,0
2563.039304971695,8232,7468,10544,-280,-28,196,7748,-7912,10912,-132,54,-105,-13428,3284,6560,-912,196,52,-13704,-5904,6352,-445,40,9,0
2563.0744829177856,8560,7452,10896,-507,-16,209,7704,-8040,11048,-116,-37,-131,-13456,3108,6788,-940,509,61,-13644,-5948,6232,-466,53,10,0
2563.1107640266414,8516,7188,11244,-226,255,233,7788,-7916,11232,-123,1,-117,-13464,3320,6628,-971,252,13,-13632,-5944,6116,-495,53,-13,0
2563.1461250782013,8452,7464,10872,-237,-19,201,7764,-7704,10832,-74,30,-133,-13624,3164,6880,-958,165,-51,-13640,-5960,6344,-508,124,-31,0
2563.1818621158604,8420,7560,10916,-208,-71,201,7724,-8000,11024,-56,80,-160,-13352,3188,6656,-1277,172,-82,-13668,-6048,6200,-479,138,-63,0
2563.217630147934,8616,7520,11084,-186,-112,153,7756,-7944,11000,-74,102,-181,-13628,3256,6832,-1104,148,-64,-13712,-6000,5888,-768,115,-88,0
2563.2526719570164,8584,7244,11188,-209,-45,91,7848,-7960,11032,-69,207,-186,-13792,3268,6656,-1069,-16,-156,-13592,-6052,6168,-514,178,-222,0
2563.2886440753937,8340,7552,10808,-143,-84,18,7680,-7932,11252,69,189,-224,-13372,3180,6808,-1102,55,-238,-13544,-6188,6164,-471,185,-234,0
2563.3241641521454,8440,7604,10868,-27,-80,-11,7696,-7796,10996,0,208,-276,-13436,3136,6768,-1058,-14,-205,-13588,-6144,6208,-522,251,-226,0
2563.3591480255127,8208,7536,10924,-120,-78,-70,7720,-7864,11036,26,291,-279,-13396,3320,6784,-1010,-50,-154,-13612,-6056,6012,-461,253,-181,0
2563.39444899559,8216,7604,10868,-131,-149,46,7588,-7824,11148,-54,201,-216,-13432,3216,6552,-1274,28,-111,-13748,-6032,6240,-440,135,-110,0
2563.430076122284,8588,7556,11000,-160,-77,134,7744,-7768,11116,-174,121,-158,-13464,3152,6652,-924,96,-39,-13660,-6376,6196,-440,47,-64,0
2563.4651730060577,8500,7640,10568,-168,-53,133,7836,-7808,11216,-180,128,-106,-13444,3228,6808,-976,139,245,-13600,-5932,6212,-488,-13,-100,0
2563.5018320083614,8544,7656,10928,-173,45,136,7744,-7540,11088,-123,138,-74,-13516,3064,6768,-1086,139,61,-13624,-6040,5980,-503,1,-104,0
2563.535280942917,8208,7584,10988,-203,4,158,7636,-7832,11052,19,111,-77,-13404,3156,6444,-1107,119,34,-13340,-6088,6196,-499,67,-104,0
2563.568866968155,8428,7544,10840,-159,39,102,7660,-7960,11092,15,112,-140,-13344,3180,7008,-1101,91,-66,-13464,-6088,6368,-538,111,-125,0
2563.6022720336914,8176,7552,10900,-123,-39,65,7548,-7684,11180,53,169,-175,-13484,3148,6988,-1025,20,-131,-13516,-6068,6300,-486,200,-125,0
2563.6355171203613,8420,7524,11004,-198,-92,43,7620,-7916,11184,-256,168,-267,-13072,3392,6660,-979,87,-127,-13820,-6120,6332,-425,212,-98,0
2563.6690900325775,8320,7532,11108,-192,-109,86,7524,-7952,11144,-19,136,-217,-13344,3260,6756,-978,154,-88,-13336,-6060,6312,-429,219,-57,0
2563.7025389671326,8252,7620,11252,-214,-160,135,7416,-8000,11112,-76,80,-253,-13316,3320,6812,-918,237,-109,-13620,-6036,6232,-438,197,-50,0
2563.736223936081,8356,7452,11008,-230,-128,151,7576,-7960,11116,-93,40,-245,-13364,3076,6872,-917,191,-115,-13600,-6000,6372,-485,231,-35,0
2563.770009994507,8364,7424,10984,-211,-185,154,7728,-7816,10844,-49,100,-233,-13340,3220,6844,-889,132,-121,-13628,-6096,6292,-492,231,-97,0
2563.8036460876465,8580,7540,10700,-138,-139,152,7688,-7856,11208,-36,127,-221,-13568,3176,6812,-944,81,-110,-13676,-5948,6000,-522,206,-115,0
2563.8372440338135,8672,7548,10844,-108,-98,119,7680,-7796,10880,20,141,-180,-13580,3124,6676,-1276,26,-56,-13804,-6004,6020,-549,141,-170,0
2563.8705999851227,8612,7568,10840,-119,-19,137,7936,-7664,11032,30,158,-84,-13596,3032,6456,-1077,44,-36,-13740,-6064,5972,-553,51,-147,0
2563.9038391113286,8636,7648,10652,-138,56,137,7924,-7672,11072,49,115,-48,-13516,3024,6680,-1030,109,-27,-13424,-6320,6048,-465,-8,-102,0
2563.9375059604645,8696,7704,10992,-203,55,177,7924,-7764,11192,-52,113,-80,-13456,3060,6888,-978,111,16,-13476,-6272,6144,-415,58,-68,0
2563.971066951752,8292,7796,10920,-214,-9,148,7608,-7840,11240,-99,155,-162,-13288,3108,6880,-912,136,-34,-13548,-6108,6276,-386,84,-78,0
2564.0045721530914,8420,7524,11128,-238,-113,96,7532,-7972,11128,-64,131,-189,-13400,3360,6928,-943,78,-50,-13568,-6128,6300,-438,167,-100,0
2564.0382430553436,8216,7592,11112,-208,-105,93,7552,-8040,10992,13,127,-210,-13344,3308,6796,-980,78,-84,-13512,-6164,6188,-477,215,-138,0
2564.071766138077,8288,7476,11012,-161,-148,64,7564,-7816,10992,-52,134,-15,-13468,3304,6900,-934,10,-139,-13476,-6080,6180,-492,202,-133,0
2564.1051881313324,8412,7444,10796,-213,-125,44,7608,-8012,11212,-3,144,-244,-13368,3344,6736,-971,37,-141,-13628,-5948,6316,-767,216,-128,0
2564.1385121345525,8204,7476,10824,-213,-126,97,7816,-7932,10924,16,168,-204,-13456,3336,6716,-1060,98,-82,-13700,-6000,6336,-472,186,-112,0
2564.172023057937,8520,7484,11128,-217,-92,123,7756,-7916,11172,7,136,-158,-13496,3084,6716,-1063,130,-52,-13688,-6000,6232,-502,120,-91,0
2564.2055599689484,8520,7572,10912,-191,-66,156,7708,-7892,11128,-55,105,-175,-13428,3140,6908,-982,140,-122,-13588,-6008,6176,-493,95,-88,0
2564.239246129989,8576,7520,10984,-188,-79,168,7804,-7724,11052,-104,107,-170,-13528,3192,6444,-1062,137,-85,-13680,-6052,6060,-532,146,-124,0
2564.2727999687195,8676,7384,10924,-173,-99,83,7748,-7780,11080,-22,188,-177,-13500,3188,6860,-1147,51,-121,-13548,-6032,6088,-534,90,-220,0
2564.3065991401672,8564,7516,10972,-154,46,12,7612,-7860,11220,157,241,-130,-13500,3248,6868,-1206,-59,-101,-13616,-6008,6108,-655,76,-274,0
2564.3397531509404,8556,7596,11224,-31,45,27,7740,-7944,11152,183,172,-160,-13508,3100,6700,-1277,-66,-129,-13716,-6116,6064,-744,142,-285,0
2564.3734459877014,8524,7536,10780,-20,-83,14,7868,-7764,11000,149,178,-194,-13520,3096,6708,-1214,-95,-202,-13592,-5976,5896,-659,157,-309,0
2564.4068150520325,8376,7484,10960,-105,-121,-81,7792,-7836,11052,184,395,-191,-13508,3200,6660,-1186,-208,-148,-13440,-5916,6384,-519,155,-360,0
2564.4402079582214,8092,7496,11184,-149,-87,-158,7508,-7884,11200,209,474,-213,-13204,3224,6892,-1117,-217,-154,-13440,-6304,6160,-428,210,-381,0
2564.4738149642944,8164,7728,10976,-162,8,-128,7364,-7828,11476,81,350,-231,-13172,3400,6872,-1041,-46,-137,-13348,-6184,6204,-468,221,-206,0
2564.5131759643555,8232,7884,10936,-140,-90,30,7384,-7760,11132,-126,137,-261,-13124,3200,6824,-990,187,-124,-13552,-6016,6368,-495,236,-60,0
2564.548702955246,8416,7548,10908,-198,-174,174,7624,-7660,11140,-164,72,-232,-13448,3160,6828,-1013,284,-6,-13648,-6192,6244,-444,165,37,0
2564.584403991699,8592,7732,10788,-290,-64,228,7436,-7692,11272,-164,102,-118,-13688,3088,7312,-938,108,57,-13796,-6260,6204,-767,-6,-33,0
2564.6198179721832,8688,7700,11048,-232,-46,179,7928,-7656,11200,-169,187,-29,-13572,2820,6772,-1003,24,99,-13696,-6324,6176,-605,-18,-146,0
2564.6551201343536,8704,7680,10524,-146,61,150,7864,-7592,11344,-101,280,50,-13564,2904,6712,-924,-158,39,-13768,-6280,5936,-588,-64,-153,0
2564.6907780170445,8728,7812,10856,-98,111,106,7772,-7832,11260,251,325,110,-13544,2912,6664,-995,-117,140,-13644,-6248,5980,-584,-69,-194,0
2564.7255709171295,8392,7668,10828,-125,157,80,7668,-7652,11116,65,273,16,-13528,3300,6736,-947,-34,66,-13456,-6280,6076,-504,-14,-166,0
2564.7617621421814,8348,7660,11056,-153,176,96,7516,-7740,11328,28,123,-73,-13256,2836,6924,-824,-98,28,-13460,-6264,6200,-429,8,-122,0
2564.7977969646454,8220,7708,11220,-188,84,92,7592,-7800,11384,5,113,-64,-13332,3096,7276,-863,23,-8,-13416,-6332,6448,-380,89,-145,0
2564.832598924637,8036,7560,10896,-172,65,53,7228,-8008,11200,22,167,-210,-13276,3240,6896,-786,84,-63,-13488,-6232,6648,-404,175,-113,0
2564.8681180477142,8112,7528,11212,-277,-49,51,7320,-7908,11084,-41,203,-275,-13112,3500,6908,-979,270,-142,-13608,-6048,6464,-410,324,4,0
2564.9032099246974,8228,7408,11164,-283,-141,170,7268,-7880,11240,33,-103,-327,-13140,3548,6756,-966,386,-214,-13480,-6008,6424,-433,391,111,0
2564.9386761188507,8228,7612,11224,-208,-392,340,7424,-8356,11408,33,-166,-317,-13416,3532,6336,-1134,663,-14,-13768,-6124,6332,-486,303,166,0
2564.973644018173,8644,7524,11152,-143,-430,426,7660,-7780,11404,-19,-315,-201,-13588,3208,6816,-852,359,-119,-13688,-6012,6224,-548,190,134,0
2565.0091941356654,8440,7484,10888,-278,-395,429,7936,-7872,11344,-82,-160,-104,-13460,3248,6608,-935,407,-150,-13644,-6024,6180,-565,120,117,0
2565.0440549850464,8680,7544,10808,-279,-230,481,7760,-7524,11204,-100,-114,-98,-13448,3108,6724,-984,403,-232,-13720,-6172,6076,-598,105,129,0
2565.0791671276093,8620,7544,10632,-200,-146,384,8004,-7564,11108,-64,-79,-42,-13604,2820,6496,-1049,331,48,-13680,-6168,5916,-594,52,35,0
2565.1138620376587,8648,7568,10736,-165,-113,257,7984,-7736,11104,-6,43,-73,-13700,2948,6852,-1074,75,-24,-13644,-6268,6120,-601,66,-110,0
2565.149174928665,8536,7596,10860,-136,-45,135,7764,-7704,11112,-18,129,-160,-13516,3076,6768,-1066,0,-31,-13812,-5936,6200,-471,100,-206,0
2565.1844239234924,8492,7488,10936,-224,-64,-35,7884,-7788,11088,-44,266,-205,-13520,3232,6708,-1096,-50,-65,-13472,-6072,6200,-486,178,-242,0
2565.218066930771,8364,7336,10924,-168,-81,-58,7636,-7784,10800,-40,239,-217,-13320,3268,6620,-1039,62,-86,-13564,-6116,6236,-383,174,-218,0
2565.251713991165,8424,7400,10652,-188,-32,-53,7628,-7796,10892,-69,244,-246,-13428,3372,6520,-962,47,-74,-13472,-6028,6284,-344,80,-156,0
2565.285290956497,8316,7384,11144,-239,14,1,7476,-7984,11072,-58,241,-183,-13424,3452,7164,-946,75,-82,-13444,-6068,6296,-450,102,-170,0
2565.3186781406403,8268,7432,11036,-183,-66,84,7424,-8016,11208,-62,199,-191,-13472,3468,6892,-1043,51,-94,-13576,-6084,6316,-601,101,-230,0
2565.3519089221954,8300,7408,11152,-113,-140,40,7540,-7968,11172,-69,162,-227,-13348,3436,6872,-1071,-59,-54,-13804,-6072,6036,-808,74,-268,0
2565.3854739665985,8492,7436,11088,-74,-191,92,7620,-7776,11216,-71,122,-212,-13364,3212,6456,-1086,-89,-79,-13620,-6360,6124,-855,129,-246,0
2565.419080018997,8548,7608,10740,32,-178,142,7628,-7428,11100,-46,62,-193,-13400,3320,6656,-1137,27,-81,-13592,-6392,6348,-525,175,-123,0
2565.4526109695435,8352,7560,10892,-102,-81,105,7696,-7772,11168,-22,71,-221,-13480,2980,6828,-1031,83,-130,-13732,-6088,5888,-395,147,-124,0
2565.4861030578613,8648,7468,10776,-110,15,88,7540,-7860,11112,-21,236,-146,-13524,3232,6880,-971,134,1,-13744,-6284,6220,-463,18,-162,0
2565.519616127014,8512,7584,10760,-115,112,32,7824,-7816,11200,7,311,-108,-13456,3148,7116,-961,12,-31,-13392,-6164,6032,-534,62,-253,0
2565.5530700683594,8544,7568,10864,-52,59,-6,7444,-7900,11172,-37,507,-164,-13416,3320,6760,-1010,-112,-71,-13644,-6032,6284,-503,64,-245,0
2565.5866770744324,8216,7572,11212,-156,-62,7,7560,-7848,11052,-30,156,-180,-13340,3304,6832,-978,-52,-79,-13472,-6156,6180,-499,73,-203,0
2565.620187997818,8380,7528,10768,-184,-128,85,7548,-7752,11188,-192,27,-209,-13412,3260,7004,-937,-82,-97,-13540,-6332,6332,-558,98,-227,0
2565.6536469459534,8464,7624,10912,-152,-300,81,7536,-7776,11280,-119,203,-220,-13412,3216,7100,-842,-120,-75,-13588,-6060,5988,-685,162,-290,0
2565.6873190402985,8484,7456,10936,-153,-257,95,7500,-7776,11028,91,256,-170,-13296,3416,6792,-1041,-120,-26,-13628,-6092,6148,-740,92,-250,0
2565.7206630706787,8676,7524,10692,-11,-104,106,7560,-7880,11088,226,227,-142,-13476,3140,7148,-1169,-104,-158,-13516,-6344,6216,-789,193,-336,0
2565.7540850639343,8280,7380,10860,83,-45,57,7692,-7840,11140,387,261,-147,-13244,3224,6628,-1308,-99,-174,-13472,-6240,6300,-721,186,-328,0
2565.7876529693604,8272,7552,10960,208,-66,34,7524,-7788,11236,232,146,-224,-13252,3216,6840,-1143,8,-185,-13532,-6376,6220,-624,260,-235,0
2565.821181058884,8300,7804,11040,38,-182,78,7460,-7632,11068,88,117,-298,-13272,3132,6904,-1038,109,-186,-13524,-6284,6280,-479,9,-156,0
2565.854756116867,8376,7652,10792,4,-164,107,7616,-7428,11140,255,106,-252,-13380,3168,6836,-946,155,-197,-13572,-6400,6288,-360,173,-130,0
2565.888072013855,8496,7740,10936,-59,-75,84,7612,-7640,11184,-99,152,-192,-13080,2852,7032,-1044,255,-154,-13480,-6400,6184,-272,178,-116,0
2565.9217960834503,8532,7748,10864,-138,-54,46,7648,-7612,11260,-116,155,-506,-13540,3108,6808,-883,169,-137,-13632,-6268,6184,-270,194,-60,0
2565.955141067505,8576,7744,10708,-153,-107,27,7688,-7744,11508,-145,44,-278,-13328,3096,6932,-897,212,-35,-13600,-6204,6372,-285,176,-106,0
2565.988755941391,8560,7620,11024,-191,-60,26,7656,-7892,11464,-137,8,-309,-13392,3228,6924,-961,216,-129,-13516,-6188,6116,-364,246,-98,0
2566.0222301483154,8404,7636,10868,-142,-132,85,7516,-7728,11120,-119,-55,-362,-13404,3240,6976,-995,169,-191,-13528,-6168,6388,-438,311,-63,0
2566.055767059326,8484,7676,10908,-84,-227,157,7616,-7720,11312,-55,-43,-317,-13416,3248,6836,-1066,237,-185,-13352,-6628,5944,-498,260,-61,0
2566.089375972748,8496,7788,10808,-48,-195,159,7796,-7688,11284,-35,-81,-273,-13460,3304,6836,-1062,224,-163,-13708,-6320,6204,-451,195,-12,0
2566.122607946396,8516,7716,10824,-179,-114,184,7636,-7704,11024,14,7,-228,-13524,3224,6796,-1076,247,-143,-13644,-6184,6168,-448,193,250,0
2566.155862092972,8412,7628,11024,-256,-145,201,7656,-7816,11092,-35,-73,-510,-13508,3552,6736,-1010,269,-143,-13600,-6184,6324,-464,193,7,0
2566.1916949748993,8524,7860,11032,-201,-223,242,7600,-7928,11252,-77,-42,-2,-13424,3200,6780,-939,279,-171,-13656,-6192,6384,-394,209,75,0
2566.2276611328125,8396,7604,10884,-290,-282,1,7752,-7772,11040,-143,-28,-307,-13060,3276,6756,-887,326,-148,-13460,-6396,6240,-399,221,25,0
2566.2627880573273,8364,7580,10760,-304,-371,226,7728,-7804,10956,-121,6,-291,-13364,3164,6740,-931,288,-186,-13532,-6088,6284,-473,1,-7,0
2566.298099040985,8196,7468,10912,-252,-262,208,7584,-7800,11008,-90,85,-243,-13344,3228,6632,-1002,223,-191,-13512,-6100,6352,-455,227,-31,0
2566.3336560726166,8532,7600,10780,-179,-210,143,7680,-7728,11112,-74,99,-278,-13488,3152,6736,-1019,211,-113,-13644,-6060,6020,-508,222,-75,0
2566.3695640563965,8548,7496,10780,-202,-241,113,7872,-7840,11068,4,137,-266,-13560,3204,6716,-1070,131,-190,-13644,-6092,6092,-532,231,-137,0
2566.404633998871,8684,7660,10504,-142,-168,126,7820,-7908,10824,-87,156,-214,-13528,3280,6700,-1149,125,-86,-13692,-6096,5960,-472,182,-98,0
2566.440112113952,8924,7620,10768,-158,-79,134,8004,-7636,11020,-45,116,-187,-13444,3108,6888,-1042,110,-72,-13628,-6272,5952,-768,59,-133,0
2566.4753460884094,8464,7436,10576,-183,-9,99,7900,-7664,11188,-65,209,-84,-13544,3032,6768,-772,-3,18,-13784,-6244,6384,-489,22,-195,0
2566.5110189914703,8640,7624,10760,-212,68,57,7828,-7744,11076,-34,248,-58,-13496,3028,6744,-1047,28,-50,-13660,-6152,6064,-473,28,-168,0
2566.546231985092,8504,7576,10716,-160,64,67,7716,-7768,11204,-31,247,-98,-13428,3132,6708,-1057,54,-244,-13576,-6260,6176,-446,53,-157,0
2566.581717967987,8492,7608,10916,-111,47,46,7896,-7760,11096,-72,182,-99,-13640,3096,6764,-1003,42,-68,-13480,-6220,6240,-450,53,-168,0
2566.6181960105896,8644,7592,10780,-147,7,42,7632,-7736,11128,-76,232,-146,-13060,3144,6648,-999,70,-72,-13508,-6124,6228,-457,84,-157,0
2566.6538410186768,8400,7592,10892,-136,-4,58,7664,-7988,11200,-46,171,-185,-13348,3240,6764,-1043,47,-57,-13504,-6356,6396,-441,154,-161,0
2566.68927693367,8428,7616,10888,-140,-25,53,7760,-7848,11180,1,201,-184,-13376,3084,6904,-1018,91,-98,-13788,-6280,6220,-442,155,-132,0
2566.72495508194,8588,7572,10956,-142,-12,71,7688,-7848,11192,-32,157,-163,-13400,3296,6808,-1005,83,-44,-13524,-6160,6208,-471,133,-114,0
2566.7601609230046,8396,7652,10892,-119,-252,59,7676,-7740,11052,-36,159,-169,-13400,3208,6804,-988,42,-80,-13648,-6128,6244,-482,110,-156,0
2566.795320034027,8668,7624,10516,-95,-50,68,7756,-7724,11052,-20,151,-191,-13528,3320,6836,-982,71,-54,-13556,-6208,6112,-514,167,-139,0
2566.830929994583,8560,7640,10892,-100,-35,90,7692,-7756,11108,14,159,-155,-13488,3140,6732,-949,49,-57,-13636,-6160,6144,-499,121,-120,0
2566.866564035416,8500,7684,10832,-154,-33,93,7640,-7500,11168,1,152,-144,-13376,3112,6752,-944,22,-81,-13824,-5956,6012,-446,110,-117,0
2566.8997731208806,8480,7836,10788,-158,250,97,7796,-7792,11144,254,153,-136,-13492,3064,6700,-899,29,-40,-13684,-6248,6092,-458,100,-120,0
2566.9335651397705,8568,7576,10924,-196,-28,80,7856,-7684,11048,-63,192,-138,-13772,3184,6700,-935,37,-18,-13576,-6252,6016,-498,106,-182,0
2566.9671730995174,8444,7928,10816,-512,-32,45,7716,-7784,11128,-47,212,-141,-13396,3188,6752,-969,-18,-35,-13524,-6340,6224,-496,83,-178,0
2567.0005860328674,8576,7744,10904,-176,11,64,7628,-7520,11292,-25,226,-130,-13444,3136,7144,-959,-249,-37,-13576,-6260,6136,-489,91,-167,0
2567.034150123596,8536,7472,10864,-136,-33,26,7608,-7804,11180,-38,267,-172,-13356,3200,6932,-1019,5,-72,-13488,-6124,6144,-475,126,-153,0
2567.067661046982,8476,7460,10960,-187,17,60,7624,-7860,11164,2,185,-176,-13360,3260,7016,-952,69,-34,-13484,-6188,6276,-443,131,-114,0
2567.1010971069336,8212,7588,10840,-144,-14,119,7624,-7880,11280,253,93,-142,-13352,3228,6752,-981,84,-248,-13572,-6180,6316,-470,86,-65,0
2567.1342740058894,8488,7688,10924,-116,40,133,7692,-7912,11040,-28,99,-124,-13380,3284,6920,-958,101,-19,-13812,-6248,6264,-493,32,-77,0
2567.1674931049347,8348,7504,10864,-155,35,126,7876,-7844,11212,-59,128,-108,-13328,3572,6768,-971,89,-50,-13732,-6244,6188,-505,65,-118,0
2567.201094150543,8492,7580,10780,-140,-50,128,7912,-7720,11056,-79,100,-142,-13564,3268,6676,-1004,91,-24,-13568,-6296,6180,-485,149,-116,0
2567.2344510555267,8448,7644,10840,-221,-85,125,7604,-7780,11208,1,184,-148,-13348,3296,6788,-1022,83,-68,-13504,-6280,6212,-508,173,-124,0
2567.26801609993,8468,7608,10880,-159,-80,106,7716,-7756,11168,-36,125,-200,-13516,3136,6760,-1031,105,-111,-13612,-6152,6276,-472,168,-122,0
2567.3017649650574,8692,7620,11164,-160,-75,87,7652,-7880,11096,26,166,-215,-13480,3128,6716,-1053,114,-128,-13564,-6236,6232,-472,208,-127,0
2567.3353509902954,8460,7440,10624,-178,-75,70,7464,-7724,11120,8,152,-238,-13352,3236,6920,-1024,125,-151,-13344,-6172,6224,-477,217,-118,0
2567.369019985199,8556,7768,11032,-174,-96,98,7616,-7740,11212,34,147,-212,-13432,3152,6764,-1043,135,-144,-13528,-6248,6344,-492,0,-88,0
2567.4021339416504,8560,7812,10900,-202,-206,136,7596,-7780,11340,32,115,-244,-13420,3204,7144,-1053,139,-159,-13580,-6348,6260,-494,231,-77,0
2567.4355499744415,8396,7744,11040,-198,-223,187,7436,-7432,11232,-66,65,-239,-13348,3232,7012,-1050,133,-156,-13652,-6256,6256,-521,206,-63,0
2567.4691710472107,8616,7704,10912,-140,-217,194,7732,-7724,11180,-26,32,-214,-13364,3228,6896,-994,164,-135,-13816,-6244,6272,-547,178,-19,0
2567.5026829242706,8376,7596,10840,-143,-173,203,7656,-7800,11032,-45,34,-170,-13404,3284,6688,-1030,187,-103,-13556,-6220,6120,-553,143,-22,0
2567.5364151000977,8488,7616,10888,-173,-149,244,7648,-7776,11244,-11,35,-157,-13384,3172,6788,-1057,209,-101,-13568,-6164,6200,-523,158,-18,0
2567.570083141327,8460,7708,10848,-195,-123,210,7748,-7860,11172,-254,13,-184,-13500,3096,6812,-1088,265,-119,-13584,-6308,6280,-491,170,-32,0
2567.6036429405212,8556,7644,10752,-258,-207,201,7772,-7796,11072,2,36,-241,-13496,3084,6872,-1058,4,-188,-13612,-6176,6040,-520,281,-50,0
2567.636915922165,8544,7652,10864,-227,-283,193,7736,-7784,10752,-35,60,-304,-13496,3180,6712,-771,232,-16,-13756,-6284,6244,-474,289,-53,0
2567.6702990531926,8488,7772,10624,-177,-291,124,7712,-7720,11152,-70,32,-323,-13376,3224,6804,-1004,200,-220,-13364,-6400,6160,-470,330,-74,0
2567.7038021087646,8560,7564,10700,-198,-326,132,7632,-7676,11136,-256,86,-324,-13428,3060,6848,-1049,240,-201,-13652,-6192,6216,-444,326,-31,0
2567.737487077713,8616,7612,10824,-199,-251,174,7436,-7840,11064,-60,54,-317,-13792,3116,6484,-1277,231,-171,-13820,-6116,6136,-424,267,-41,0
2567.771059989929,8504,7540,10776,-210,-209,186,7856,-7936,11236,-72,74,-249,-13488,3040,6800,-1009,235,-145,-13672,-6076,6140,-473,148,-45,0
2567.8045589923854,8596,7648,10880,-196,-161,189,7856,-7792,11180,-76,63,-187,-13512,3148,6752,-785,218,-96,-13692,-6188,6060,-491,144,-66,0
2567.838129043579,8540,7604,10524,-195,-164,214,7756,-7620,11224,-89,42,-199,-13324,3132,6680,-1032,237,-96,-13700,-6244,5980,-539,194,-27,0
2567.8739190101624,8556,7564,10900,-197,-238,245,7812,-7728,11040,-97,-8,-252,-13412,3100,6696,-1042,313,-216,-13520,-6148,6104,-506,273,8,0
2567.909474134445,8636,7660,10880,-204,-277,261,7720,-7784,11132,-78,-48,-263,-13468,3140,6652,-1043,365,-191,-13628,-6164,5960,-521,288,28,0
2567.9447979927063,8580,7584,10708,-220,-349,236,7872,-7656,11144,-76,8,-290,-13548,3076,6704,-1007,271,-177,-13632,-6084,6104,-528,312,0,0
2567.9812090396886,8584,7640,10752,-205,-1,234,7796,-7820,11016,-18,-37,-306,-13396,3156,6740,-965,254,-137,-13624,-6120,6016,-526,272,9,0
2568.0161459445953,8604,7588,10904,-187,-268,219,7788,-7704,11152,-21,1,-282,-13504,3000,6812,-951,505,-141,-13680,-6252,6332,-438,216,40,0
2568.051784038544,8888,7556,10580,-202,-283,199,7688,-7724,11076,-23,27,-300,-13584,3052,6864,-856,190,-159,-13600,-5892,6068,-378,302,4,0
2568.087707042694,8564,7592,10808,-231,-347,206,7744,-7676,11100,-15,30,-316,-13476,3052,6620,-854,108,-179,-13632,-6120,6100,-377,326,-18,0
2568.1230089664455,8828,7564,10704,-249,-306,182,7840,-7728,11240,-48,83,-295,-13508,3004,6620,-856,149,-228,-13728,-5984,5996,-448,288,-38,0
2568.158756017685,8728,7488,10860,-268,-327,164,7908,-7900,11028,-31,148,-294,-13640,3292,6788,-879,172,-198,-13676,-6332,6060,-474,316,-17,0
2568.193784952164,8696,7436,10740,-245,-300,156,7848,-7708,11008,-32,115,-289,-13712,3184,6796,-931,243,-202,-13784,-6120,6024,-508,285,-37,0
2568.229656934738,8868,7504,10908,-243,-287,196,8100,-7692,10976,-60,144,-300,-13568,3024,6724,-911,200,-192,-13688,-6064,6108,-501,306,-58,0
2568.2646679878235,8980,7584,10892,-222,-272,173,7876,-7684,11244,-26,150,-287,-13520,3148,6756,-994,226,-210,-13740,-6064,5996,-492,261,-10,0
2568.3003499507904,8780,7560,10840,-310,-297,204,7828,-7512,10776,18,95,-5,-13600,2824,6496,-773,231,-116,-13648,-6340,5980,-540,282,-32,0
2568.33562707901,8752,7512,10648,-295,-283,184,7808,-7796,10936,-22,62,-301,-13328,2880,6776,-989,182,-215,-13820,-6340,6132,-551,326,-67,0
2568.371693134308,8796,7424,10800,-273,-317,124,7804,-7796,11088,27,135,-332,-13440,3092,6648,-1061,179,-182,-13680,-6032,6132,-541,311,-46,0
2568.4075241088867,8748,7512,10864,-252,-319,135,7820,-7808,10904,20,94,-320,-13532,3292,6412,-1142,279,-261,-13588,-5996,6012,-527,358,-17,0
2568.442543029785,8888,7496,10816,-198,-369,172,8172,-7756,11132,5,-249,-363,-13344,3132,6480,-1104,290,-312,-13708,-6012,6056,-576,349,-48,0
2568.478210926056,8912,7524,10740,-126,-372,162,7864,-7736,10984,-8,21,-342,-13640,2992,6472,-1157,326,-503,-13720,-5932,5952,-259,295,-57,0
2568.513699054718,8912,7488,10692,-200,-335,171,7712,-7732,11124,22,48,-333,-13608,2936,6412,-1115,262,-512,-13676,-6040,5804,-505,273,-79,0
2568.549341917038,8968,7440,10560,-160,-322,129,7988,-7724,11016,-12,85,-323,-13728,3052,6800,-1057,169,-1,-13796,-6012,5908,-510,7,-137,0
2568.5828630924225,9012,7180,10672,-141,-242,83,8120,-7616,11152,-27,162,-247,-13724,2940,6552,-1030,37,-164,-13656,-5904,5904,-561,150,-201,0
2568.6167800426483,9008,7404,10648,-139,-142,66,8088,-7492,10960,-29,190,-186,-13588,2988,6484,-1092,88,-100,-13808,-6064,5744,-513,118,-180,0
2568.6500821113586,9108,7512,10288,-150,-249,28,7932,-7636,10980,-23,199,-169,-13608,2896,6488,-1058,100,-70,-13572,-6116,5712,-505,80,-183,0
2568.6833500862126,9036,7452,10744,-155,54,22,8044,-7612,11160,-5,214,-132,-13616,2824,6576,-1060,6,-64,-13716,-6104,5768,-530,132,-211,0
2568.7169799804688,8704,7660,10660,-121,66,34,8044,-7568,11128,43,269,-110,-13548,2848,6648,-1094,35,-69,-13624,-5984,5720,-571,112,-200,0
2568.7502479553223,8832,7508,10496,-123,107,27,7852,-7676,11060,-4,254,-118,-13508,2920,6572,-1113,87,-33,-13664,-6044,5960,-532,85,-215,0
2568.783795118332,8816,7664,10744,-102,83,19,8004,-7716,11100,-31,190,-126,-13580,2988,6636,-1166,68,-25,-13636,-6152,6040,-261,98,-186,0
2568.817577123642,8872,7556,10720,-60,103,24,7888,-7928,11356,-58,227,-145,-13320,2988,6576,-1035,22,-38,-13588,-6212,5956,-468,140,-181,0
2568.8511130809784,8856,7492,10572,-112,57,58,7760,-7616,11188,-20,124,-142,-13620,3060,6732,-854,238,-76,-13676,-6132,5812,-439,133,-150,0
2568.884523153305,8840,7556,10640,-94,108,34,7892,-7624,11080,-63,247,-152,-13620,2972,6488,-967,47,-47,-13704,-6064,5744,-427,116,-194,0
2568.9181201457977,8712,7412,10692,-145,193,-15,7956,-7592,11008,-187,309,-91,-13668,2920,6588,-854,-104,12,-13804,-6000,5660,-499,133,-234,0
2568.9517030715942,8844,7556,10688,-54,294,-79,7988,-7688,11016,-293,325,-45,-13560,2988,6412,-832,15,78,-13832,-6092,5720,-264,13,-241,0
2568.9854230880737,8876,7496,10708,-58,10,-81,8168,-7728,11200,-241,320,-38,-13640,2944,6720,-893,-46,49,-13804,-6144,5876,-490,49,-223,0
2569.019060134888,8784,7668,10568,-144,209,-62,7924,-7916,11064,-64,296,-72,-13552,3020,6556,-772,-188,-242,-13660,-6056,5876,-452,111,-230,0
2569.0526099205017,8876,7456,10620,-82,242,-47,7776,-7668,10856,113,300,-66,-13388,3004,6552,-797,-202,30,-13772,-6048,5860,-504,87,-6,0
2569.0861089229584,8508,7540,10684,-84,214,-14,7724,-7784,11260,71,318,-73,-13524,3296,6772,-1112,-26,44,-13768,-6204,6012,-578,93,-209,0
2569.119570016861,8500,7536,10904,-60,123,-68,7636,-7856,11108,-184,342,-80,-13576,3208,7000,-906,-203,-48,-13632,-6340,6028,-713,120,-289,0
2569.1530220508575,8528,7864,10848,59,49,-193,7828,-7784,11248,-221,400,-115,-13568,3072,6704,-873,-273,-88,-13660,-6204,6128,-611,121,-363,0
2569.1866469383244,8648,7676,10796,35,115,-195,7680,-7704,11260,-91,367,-134,-13504,3128,6800,-914,-297,-125,-13600,-5956,5948,-576,105,-318,0
2569.2201061248775,8552,7652,10500,53,117,-152,7696,-7632,11116,84,285,-157,-13324,3100,6756,-710,-283,-101,-13648,-6176,5984,-485,173,-281,0
2569.2536330223083,8568,7636,10732,-101,58,-67,7788,-7716,11136,277,255,-187,-13436,2976,6664,-955,-115,-127,-13644,-6176,6008,-480,105,-302,0
2569.287234067917,8580,7680,10740,-90,94,-62,7436,-7676,11044,94,298,-168,-13504,2896,6712,-977,-122,-130,-13604,-6324,5976,-582,193,-279,0
2569.320773124695,8636,7732,10856,5,28,-87,7476,-7612,11352,-78,332,-164,-13528,3048,6876,-1019,-510,-63,-13728,-6332,5876,-545,134,-275,0
2569.3543250560765,8628,7832,10764,-7,39,-112,7820,-7656,11216,-119,318,-176,-13504,2876,6712,-843,-78,-82,-13768,-6280,5932,-565,4,-238,0
2569.387579917908,8692,7852,10764,-50,103,-95,7772,-7584,11152,-122,266,-172,-13476,3008,6796,-901,-162,-27,-13648,-6180,5808,-429,48,-2,0
2569.4209489822388,8492,7796,10692,-102,40,-16,7776,-7604,11200,54,203,-147,-13064,2844,6708,-717,-125,33,-13600,-6232,5952,-464,77,-182,0
2569.454493045807,8584,7892,10680,-141,89,108,7716,-7576,11248,80,112,-80,-13364,2980,7000,-834,8,-227,-13624,-6368,5768,-441,37,-80,0
2569.488085985184,8424,7900,10652,-138,65,150,7644,-7636,11180,-52,124,-48,-13332,3176,6844,-850,79,34,-13376,-6416,6084,-411,30,-48,0
2569.527554988861,8472,7852,10808,-221,45,192,7708,-7768,11212,-116,113,-69,-13432,3304,7064,-940,155,55,-13520,-6380,5972,-415,39,-44,0
2569.5643589496613,8452,7828,10724,-306,76,142,7820,-7720,11172,-107,158,-48,-13412,3172,6864,-936,90,94,-13584,-6284,6120,-467,18,-83,0
2569.599673986435,8528,7720,10740,-164,88,149,7692,-7668,11104,-133,196,-19,-13424,3144,6680,-864,41,67,-13628,-6364,5924,-462,-56,-113,0
2569.6344199180603,8392,7932,10776,-177,79,92,7628,-7752,11280,-112,203,-36,-13344,3124,6656,-837,55,119,-13756,-6276,6004,-470,-11,-131,0
2569.6704070568085,8500,7800,10940,-179,138,91,7684,-7828,11080,-80,176,-46,-13472,3108,6740,-834,13,20,-13820,-5936,5900,-462,24,-138,0
2569.7054829597473,8516,7712,10756,-178,72,97,7772,-7860,11132,-59,112,-100,-13468,3240,6856,-942,38,32,-13612,-6164,6040,-476,35,-165,0
2569.7413420677185,8552,7644,10952,-100,42,87,7728,-7796,10948,-70,142,-131,-13388,3176,6400,-879,5,-30,-13684,-6228,6052,-480,36,-159,0
2569.7762179374695,8232,7592,10808,-106,28,78,7556,-7860,11156,-111,190,-120,-13456,3204,6844,-880,-5,-12,-13328,-6248,6396,-456,67,-180,0
2569.811844110489,8400,7772,10772,-220,248,75,7560,-7804,11128,-19,219,-115,-13348,3296,6908,-913,-11,-27,-13528,-6156,5944,-482,68,-181,0
2569.8479790687566,8428,7756,10828,-116,19,78,7916,-7856,11216,-43,195,-123,-13328,3216,7144,-947,-18,-40,-13636,-6220,6112,-486,101,-172,0
2569.8830859661102,8260,7784,10784,-106,-1,100,7876,-7800,11036,-8,181,-111,-13376,3312,7068,-1278,22,-63,-13556,-6200,6232,-509,75,-177,0
2569.919296979904,8348,7688,10836,-76,10,65,7640,-7888,11212,31,159,-169,-13364,3348,6928,-1010,11,-85,-13428,-6288,6044,-543,132,-224,0
2569.954483985901,8456,7724,10924,-16,-59,85,7608,-7908,11252,53,228,-120,-13256,3264,6800,-1144,124,-84,-13552,-6272,6168,-533,148,-155,0
2569.9905149936676,8412,7820,10800,10,-51,147,7464,-7648,11140,-9,69,-118,-13520,3184,7016,-1068,117,-83,-13688,-6384,6116,-768,94,-77,0
2570.0258400440216,8472,8036,10948,-80,-88,249,7580,-7748,11200,-69,27,-79,-13544,3128,7088,-1040,179,7,-13724,-6416,5964,-472,105,11,0
2570.0613300800323,8496,7968,10764,-137,20,289,7776,-7756,11352,-110,29,-43,-13456,3116,6892,-957,184,36,-13740,-6308,6028,-493,10,30,0
2570.096195936203,8512,7772,10784,-236,14,508,7796,-7452,11148,-197,84,-18,-13444,3208,6868,-982,152,146,-13692,-6296,5912,-423,-72,-32,0
2570.1318061351776,8492,7764,10776,-283,114,235,7740,-7772,11200,-156,81,254,-13452,3308,6788,-969,179,105,-13648,-6188,6012,-443,-71,-14,0
2570.1672220230103,8540,7784,10768,-228,52,233,7792,-7928,11220,-132,54,-32,-13368,3232,6860,-1010,135,148,-13568,-6152,6112,-453,-222,-56,0
2570.2037630081177,8452,7620,10892,-267,31,194,7696,-7872,11044,-108,69,-49,-13412,3376,6992,-1057,107,22,-13596,-6268,6008,-454,6,-93,0
2570.2372579574585,8308,7796,10764,-181,18,137,7632,-7856,11248,-75,98,-75,-13568,3336,6720,-1076,117,11,-13560,-6224,6168,-430,31,-107,0
2570.270748138428,8420,7696,10840,-212,-2,114,7536,-7900,11084,15,126,-123,-13400,3220,6836,-1002,115,-53,-13616,-6228,6224,-404,80,-108,0
2570.304306983948,8616,7816,10496,-173,-5,91,7904,-7856,11180,-49,181,-168,-13560,3272,6824,-1032,96,-73,-13608,-6140,6164,-408,107,-118,0
2570.337976932525,8224,7732,10920,-153,-147,74,7716,-7900,11144,-131,185,-190,-13380,3328,7020,-969,51,-47,-13580,-6244,6224,-388,63,-158,0
2570.3713729381566,8432,7788,10748,-298,-37,66,7620,-7740,11088,-77,242,-129,-13340,3460,6968,-931,252,6,-13608,-6260,6152,-362,-21,-148,0
2570.404762029648,8404,7800,10816,-321,46,129,7540,-7828,11192,-87,200,-98,-13248,3368,6832,-945,56,48,-13504,-6256,6044,-442,35,-122,0
2570.4382319450374,8424,7708,10836,-215,28,105,7572,-8048,11076,-61,194,-128,-13108,3400,6828,-1009,140,-21,-13412,-6096,6148,-487,109,-137,0
2570.471787929535,8328,7428,10964,-141,7,106,7592,-7984,11040,49,144,-162,-13560,3416,6732,-1091,136,-106,-13524,-6124,5912,-570,183,-163,0
2570.50536608696,8344,7600,10884,-89,-107,117,7544,-7968,11000,102,167,-198,-13412,3480,7008,-1161,30,-150,-13364,-6280,6160,-581,246,-175,0
2570.5387611389165,8392,7736,10808,-103,-86,78,7428,-7808,11136,100,195,-222,-13060,3388,6664,-1106,17,-198,-13748,-6240,6172,-557,210,-197,0
2570.5721440315247,8380,7692,10932,-100,-127,49,7656,-7928,11232,77,207,-204,-13500,3512,6904,-1085,13,-150,-13588,-6180,6092,-585,198,-214,0
2570.6057140827174,8400,7828,10676,-94,-68,46,7532,-7844,11204,40,183,-179,-13368,3376,7096,-1053,68,-100,-13628,-6396,6248,-544,163,-160,0
2570.639055967331,8392,7908,10824,-112,-59,118,7656,-7776,11120,-25,212,-159,-13324,3196,6932,-927,68,-78,-13816,-6288,6064,-505,136,-133,0
2570.6726319789886,8512,7852,10812,-171,-77,116,7624,-7836,11144,-95,150,-142,-13380,3212,6840,-958,90,-108,-13640,-6396,6124,-486,92,-109,0
2570.706197977066,8496,7872,10912,-179,-92,141,7652,-7744,11412,-116,132,-191,-13540,3176,6440,-955,150,-20,-13392,-6308,6116,-479,109,-93,0
2570.7393460273743,8512,7788,10788,-223,-96,133,7916,-7776,11224,-71,150,-168,-13464,3192,7020,-1001,68,-27,-13568,-6280,6056,-453,106,-162,0
2570.7730331420894,8336,7800,10880,-225,-37,85,7632,-7852,11224,-47,183,-167,-13428,3184,6864,-987,39,-71,-13588,-6340,6104,-510,94,-163,0
2570.8065259456635,8492,7784,10632,-154,-21,68,7596,-7808,11196,-35,148,-146,-13432,3284,7028,-1009,73,-60,-13568,-6252,6080,-514,116,-153,0
2570.8398339748383,8304,7432,10756,-176,-31,105,7564,-7848,11100,41,143,-136,-13084,3428,7112,-773,25,-56,-13504,-6256,6084,-504,139,-138,0
2570.873498916626,8420,7748,10848,-130,0,99,7844,-7836,11428,40,138,-135,-13300,3416,6796,-1026,90,-17,-13396,-6304,6220,-497,127,-133,0
2570.906872034073,8332,7688,10920,-111,-59,101,7512,-7820,11160,7,113,-162,-13232,3272,6784,-1018,139,-72,-13544,-6280,6176,-479,150,-104,0
2570.9403841495514,8312,7732,10844,-73,-16,100,7524,-7860,11220,-51,108,-172,-13400,3320,6992,-1079,191,-102,-13772,-6192,6288,-454,150,-60,0
2570.9739849567413,8452,7776,10980,-115,-47,155,7544,-7832,11060,-80,79,-154,-13404,3376,6944,-1106,187,-51,-13508,-6304,6336,-433,111,-21,0
2571.0074100494385,8436,7764,10864,-161,-32,194,7512,-7844,10960,-94,105,-111,-13372,3480,7060,-1035,217,-9,-13564,-6228,5936,-430,69,-43,0
2571.0409750938416,8376,7660,10876,-235,-38,189,7544,-7928,11088,-115,101,-122,-13396,3568,6892,-1110,273,-32,-13316,-6288,6176,-758,114,-29,0
2571.074541091919,8384,7712,10944,-149,-103,176,7624,-7932,11220,-67,40,-199,-13336,3184,7056,-1113,250,-149,-13428,-6164,6144,-540,189,-28,0
2571.108101129532,8324,7472,10952,-161,-148,202,7532,-7924,11156,59,249,-215,-13384,3376,7020,-1201,255,-161,-13576,-6348,5916,-579,225,-75,0
2571.1411769390106,8300,7724,10888,-125,-211,194,7600,-7876,11096,49,59,-230,-13560,3548,7024,-1225,242,-156,-13524,-6252,6248,-586,200,-93,0
2571.1747629642487,8376,7740,10900,-148,-180,184,7620,-7836,11220,34,43,-232,-13400,3384,6800,-1198,269,-162,-13544,-6244,6056,-570,178,-58,0
2571.2081360816956,8388,7820,10864,-169,-182,215,7584,-7764,11044,62,48,-206,-13364,3272,6908,-1208,296,-151,-13316,-6320,5996,-550,165,-26,0
2571.2449169158936,8520,7736,10936,-226,-178,228,7668,-7784,11140,-38,19,-224,-13416,3312,7004,-1152,278,-133,-13320,-6340,6072,-492,149,-31,0
2571.2805910110474,8576,7788,10840,-287,-196,227,7688,-7716,11232,-57,45,-235,-13444,3148,6728,-1122,247,-104,-13612,-6320,6180,-442,141,-44,0
2571.3159749507904,8700,7704,10916,-317,-199,184,7548,-7732,11096,-62,43,-219,-13456,3284,6876,-1154,231,-177,-13352,-5928,6320,-493,152,-60,0
2571.352296113968,8480,7752,10804,-2,-209,200,7672,-7860,11040,14,36,-234,-13416,3324,6764,-1150,205,-112,-13544,-6152,6048,-518,200,-76,0
2571.388165950775,8512,7620,10968,-227,-183,170,7912,-7796,11004,81,60,-507,-13384,3288,6680,-1230,4,-160,-13492,-6232,6180,-486,220,-83,0
2571.4234371185303,8460,7620,10928,-229,-184,164,7540,-7892,11040,102,89,-252,-13380,3272,6820,-1137,193,-193,-13520,-6356,6180,-491,250,-98,0
2571.459312915802,8476,7608,10856,-246,-256,200,7444,-7816,11236,158,73,-242,-13400,3108,6876,-1137,170,-216,-13624,-6236,6364,-507,278,-102,0
2571.4946291446686,8456,7520,10940,-241,-263,196,7684,-7772,11080,111,62,-275,-13456,3132,6764,-1057,165,-194,-13320,-6332,6204,-479,234,-74,0
2571.5298550128937,8404,7724,10800,-210,-282,190,7680,-7748,11208,24,11,-276,-13536,3172,7116,-960,124,-180,-13332,-6240,6108,-433,260,-55,0
2571.564965963364,8668,7672,10940,-396,-290,204,7892,-7772,11176,61,93,-229,-13296,3240,6840,-863,184,-147,-13812,-6316,6008,-414,264,-15,0
2571.6006951332092,8460,7744,10724,-360,-240,225,7696,-7680,11280,-28,33,-236,-13476,3120,6796,-903,280,-103,-13608,-6244,6252,-383,195,246,0
2571.636022090912,8528,7764,10772,-280,-267,208,7784,-7684,11040,-34,100,-213,-13456,3152,6780,-1266,239,-126,-13600,-6284,5932,-430,202,-23,0
2571.671849012375,8564,7640,10856,-281,-233,145,7464,-7776,11152,-51,116,-220,-13468,3104,6712,-944,163,-106,-13540,-6200,6012,-490,229,-97,0
2571.7074959278107,8628,7640,10844,-178,-166,135,7692,-7692,11188,-12,129,-234,-13824,3108,6676,-954,107,-138,-13680,-6208,6072,-494,209,-110,0
2571.7429299354553,8492,7520,10832,-192,-116,139,7776,-7728,11100,38,142,-213,-13452,3204,6932,-1015,122,-112,-13608,-6136,6148,-499,192,-133,0
2571.7781100273132,8532,7520,10844,-122,-112,111,7788,-7740,10984,-11,99,-202,-13496,3268,6464,-1008,118,-82,-13688,-6120,5916,-477,117,-116,0
2571.8140511512756,8608,7540,10872,-186,-49,147,7708,-7696,11048,-49,103,-164,-13588,3144,6852,-936,133,-57,-13672,-6176,6188,-465,86,-100,0
2571.849466085434,8620,7596,10752,-159,249,102,7492,-7816,11092,-42,128,-136,-13336,3212,6864,-966,96,233,-13448,-6124,6040,-487,131,-117,0
2571.885504961014,8560,7568,10684,-176,-242,123,7692,-7844,11128,-45,123,-154,-13416,3180,6508,-928,93,-21,-13708,-6180,6100,-496,155,-115,0
2571.9191551208496,8636,7520,10504,-153,-27,92,7704,-7780,11124,-56,169,-143,-13496,3200,6652,-1040,112,-29,-13572,-6204,5956,-483,134,-126,0
2571.952492952347,8512,7524,10888,-130,-24,111,7692,-7732,11232,-78,211,-160,-13520,3136,6716,-1048,57,-116,-13684,-5956,6116,-523,168,-174,0
2571.9862010478973,8524,7608,10940,-79,8,35,7688,-7820,11212,-63,195,-158,-13488,3212,6804,-1024,92,-90,-13668,-6152,6108,-518,71,-186,0
2572.0199160575867,8516,7680,10892,-72,55,55,7908,-7808,11244,-92,183,-134,-13392,3188,6452,-973,78,-69,-13732,-6156,6044,-580,90,-182,0
2572.0533900260925,8508,7768,10860,-39,59,44,7636,-7764,11208,-42,238,-115,-13408,3220,6464,-1018,73,-63,-13612,-6168,6124,-535,102,-165,0
2572.08699798584,8584,7672,10740,-70,70,52,7708,-7724,11320,-100,169,-127,-13452,3164,6828,-769,70,-15,-13684,-6152,6020,-553,67,-195,0
2572.120572090149,8632,7668,10840,-82,33,43,7892,-7732,11016,-92,200,-120,-13464,3164,6868,-1011,31,-83,-13536,-6280,5908,-535,79,-191,0
2572.154004096985,8592,7496,10832,-111,57,52,7664,-7752,11200,-84,207,-123,-13496,3076,6736,-977,37,-65,-13660,-6300,6024,-543,48,-216,0
2572.1875960826874,8496,7680,10732,-40,33,4,7728,-7764,11128,-139,238,-136,-13424,3100,6796,-898,-15,-35,-13344,-6276,6096,-261,135,-5,0
2572.2211060523987,8268,7724,10980,-122,26,-11,7692,-7872,11212,-53,237,-121,-13284,3120,6692,-890,-59,-16,-13380,-6304,6228,-405,131,-179,0
2572.2541439533234,8424,7660,10996,-135,34,57,7768,-7884,11080,-69,208,-127,-13356,3156,6804,-881,-53,-45,-13552,-6228,6260,-383,145,-127,0
2572.287940979004,8380,7780,10800,-161,-10,110,7636,-7792,11132,-40,137,-126,-13360,3276,6844,-865,-9,-28,-13552,-6236,6124,-360,135,-94,0
2572.32169508934,8484,7736,10928,-177,9,121,7612,-7848,11092,-101,153,-119,-13348,3224,6984,-732,-56,249,-13688,-6220,6132,-433,88,-115,0
2572.3551819324493,8480,7604,10816,-179,-15,143,7588,-7912,11192,-62,127,-137,-13368,3180,6904,-760,28,39,-13516,-6224,6152,-414,78,-98,0
2572.3885140419,8484,7652,10608,-199,-232,166,7512,-7796,11116,-60,159,-107,-13352,3232,6696,-829,58,25,-13560,-6120,6040,-409,95,-72,0
2572.422023057937,8548,7652,10808,-143,4,168,7572,-7804,11172,-84,133,-122,-13368,3312,6832,-910,7,-15,-13652,-6268,6108,-463,114,-80,0
2572.455595970154,8524,7612,10884,-216,-5,148,7648,-7900,11092,-34,106,-121,-13520,3268,6936,-998,33,-40,-13460,-6268,6140,-471,76,-137,0
2572.4892759323125,8396,7728,10932,-172,-10,85,7680,-7928,11208,-33,190,-157,-13472,3336,6804,-954,31,-92,-13568,-6124,6376,-491,88,-173,0
2572.522938966751,8668,7576,10848,-123,-44,71,7676,-7952,11088,16,219,-191,-13388,3328,6800,-1049,-37,-99,-13548,-6184,6272,-492,125,-199,0
2572.556587934494,8412,7900,10960,-125,-89,51,7648,-7908,11180,57,160,-196,-13392,3292,6732,-1066,-51,-100,-13556,-6280,6220,-503,132,-205,0
2572.5898859500885,8456,7624,10832,-112,-52,15,7928,-7836,11120,6,198,-224,-13356,3340,6724,-1217,-28,-158,-13604,-6220,6092,-513,113,-226,0
2572.6234641075134,8252,7560,10500,-104,-110,-13,7704,-7840,11184,85,240,-237,-13420,3320,6980,-1200,-65,-171,-13540,-6228,6096,-476,124,-264,0
2572.657065153122,8196,7808,10808,-134,-66,-28,7632,-7740,11144,62,236,-244,-13324,3176,6860,-1150,-27,-161,-13556,-6300,6172,-549,158,-242,0
2572.690525054932,8196,7656,10644,-121,-70,14,7580,-7728,11256,92,171,-217,-13280,3296,7012,-1086,96,-131,-13596,-6276,6108,-550,99,-199,0
2572.7240331172943,8668,7708,10800,-118,-18,41,7580,-7788,11224,56,133,-208,-13092,3260,7064,-1025,142,-95,-13516,-6264,6012,-550,79,-164,0
2572.757523059845,8280,7864,10860,-85,-53,49,7544,-7800,11328,-1,130,-203,-13328,3256,6868,-1077,129,-92,-13488,-6232,6136,-554,144,-129,0
2572.791003942489,8444,7800,10716,-171,-34,116,7612,-7708,11296,3,117,-137,-13528,3076,6812,-1088,144,-96,-13512,-6384,6152,-531,129,-62,0
2572.8242959976196,8688,7848,10536,-78,-38,141,7640,-7892,11336,-29,103,-126,-13468,3052,6992,-1022,178,-57,-13468,-6344,6020,-488,111,-109,0
2572.858024120331,8448,7796,10848,-179,-17,96,7428,-7852,11480,-33,141,-154,-13388,3192,6836,-995,87,-34,-13620,-6216,5928,-445,129,-124,0
2572.8913810253143,8668,7712,10780,-166,-12,71,7612,-7724,11308,-20,150,-178,-13380,3280,6884,-1062,107,-80,-13576,-6272,6296,-453,170,-86,0
2572.9287910461426,8424,7676,10916,-181,-30,100,7896,-7812,11168,-22,110,-158,-13396,3116,6688,-1038,133,-85,-13648,-6348,6152,-451,111,-101,0
2572.9639580249786,8260,7664,10760,-167,-22,91,7676,-7744,11132,-35,123,-161,-13296,3376,6896,-1031,87,-24,-13616,-6280,6240,-465,77,-92,0
2572.999848127365,8500,7728,10888,-165,-30,79,7604,-7772,11092,-44,126,-161,-13444,3200,6896,-1012,113,-96,-13820,-6156,6224,-473,104,-118,0
2573.034979104996,8608,7448,10772,-174,-24,117,7588,-7884,11152,14,130,-172,-13324,3292,6884,-1017,123,-106,-13468,-6192,6220,-503,171,-87,0
2573.071068048477,8420,7736,10920,-171,-106,164,7640,-7888,11204,2,101,-224,-13280,3320,7040,-1042,193,-157,-13540,-6348,6240,-478,210,-90,0
2573.106090068817,8404,7632,10960,-206,-191,176,7660,-7804,11216,250,60,-210,-13396,3464,6976,-1007,183,-148,-13516,-6376,6264,-510,221,-57,0
2573.1418750286102,8380,7796,11144,-171,-183,176,7664,-7836,11092,-66,66,-224,-13384,3296,6844,-1013,172,-132,-13316,-6388,6296,-519,180,-54,0
2573.1778440475464,8444,7716,10736,-196,-194,180,7676,-7868,11120,-44,78,-236,-13344,3284,6676,-771,169,-123,-13544,-6236,6168,-766,205,-53,0
2573.212656021118,8364,7728,10812,-219,-171,195,7660,-7808,11164,254,84,-205,-13356,3208,7016,-1270,165,-147,-13520,-6316,6316,-501,218,-51,0
2573.2481229305267,8404,7812,10996,-245,-201,175,7664,-7736,11148,-17,65,-227,-13424,3224,6920,-1039,179,-152,-13520,-6380,6144,-502,201,-76,0
2573.283945083618,8496,7740,10928,-196,-203,175,7756,-7732,11376,-55,45,-268,-13376,3140,7076,-1030,189,-162,-13544,-6268,5984,-515,249,-32,0
2573.3194069862366,8608,7712,10776,-227,-245,180,7708,-7652,11124,11,33,-281,-13420,3204,6748,-1049,220,-231,-13568,-6264,5972,-477,270,-14,0
2573.35502409935,8456,7840,10824,-262,-322,233,7752,-7736,11052,60,9,-279,-13340,3232,6944,-1094,269,-210,-13620,-6252,6064,-499,342,-1,0
2573.3902509212494,8660,7728,10980,-283,-393,228,7664,-7720,11140,26,3,-289,-13352,3200,6756,-1094,305,-220,-13504,-6280,6288,-496,264,14,0
2573.425092935562,8512,7668,10800,-235,-300,511,7516,-7736,11100,-57,-13,-228,-13344,3124,6708,-1045,317,-143,-13480,-6248,6156,-477,194,35,0
2573.4612600803375,8568,7680,10664,-256,-291,268,7764,-7780,10772,-63,18,-222,-13528,3200,6764,-1051,262,-113,-13572,-6172,6060,-491,209,-11,0
2573.4961519241333,8536,7692,10888,-301,-204,189,7900,-7736,11212,-8,68,-210,-13564,3236,6764,-1047,197,-90,-13744,-6256,6088,-483,172,-56,0
2573.5318610668182,8616,7904,10584,-157,-141,141,7812,-7728,11092,-17,94,-196,-13440,3156,6860,-1060,120,-90,-13696,-6192,6052,-524,163,-110,0
2573.5685300827026,8640,7644,10824,-224,-130,130,7752,-7700,11080,-43,139,-202,-13412,3120,6528,-1029,114,-69,-13636,-6184,6124,-469,160,-114,0
2573.602152109146,8688,7556,10700,-172,-97,120,7800,-7652,11132,-68,123,-178,-13344,3100,6400,-1020,106,-60,-13640,-6208,5988,-432,120,-115,0
2573.6355080604553,8664,7524,10516,-180,-33,114,7832,-7912,11056,-16,152,-171,-13512,3124,6700,-1058,90,-79,-13628,-6260,5968,-436,68,-150,0
2573.66924905777,8632,7844,10732,-178,69,56,7804,-7636,11116,-16,221,-129,-13424,3144,6808,-1025,48,-28,-13668,-6200,6100,-479,85,-199,0
2573.702870130539,8600,7888,10564,-202,129,51,7528,-7724,11016,-12,274,-119,-13500,3056,6948,-1041,254,3,-13372,-6288,6024,-463,90,-209,0
2573.735999107361,8596,7696,10756,-197,46,74,7676,-7860,11268,72,230,-115,-13512,3268,7084,-1068,-10,-15,-13668,-6336,6136,-477,132,-162,0
2573.769849061966,8564,7600,10912,-157,35,60,7892,-7768,11208,253,223,-141,-13412,3076,6972,-1007,-56,-56,-13612,-6248,6196,-764,130,-193,0
2573.805207014084,8688,7708,10920,-124,2,53,7724,-7772,11200,34,211,-171,-13404,3120,6836,-1024,-29,-65,-13564,-6180,6128,-488,105,-217,0
2573.838623046875,8556,7592,10588,-105,24,15,7624,-7668,11152,-11,223,-128,-13368,3200,7024,-1002,-37,-23,-13744,-6400,6128,-492,56,-183,0
2573.8719170093536,8564,7612,10768,-153,24,68,7912,-7724,11056,-254,220,-108,-13440,3184,6852,-1000,38,-47,-13556,-6164,6300,-477,77,-152,0
2573.9054729938507,8656,7652,10772,-124,69,104,7632,-7752,11172,-253,171,-100,-13128,3192,6656,-1020,82,-57,-13584,-6164,6220,-505,77,-98,0
2573.939173936844,8472,7708,10864,-102,39,106,7704,-7876,11124,-18,157,-131,-13368,3220,7040,-1052,82,-60,-13768,-6324,6108,-503,99,-132,0
2573.9727251529694,8500,7748,10984,-147,15,99,7732,-7784,11284,-27,167,-141,-13460,3116,6804,-769,86,-28,-13584,-6196,6184,-502,107,-112,0
2574.006241083145,8520,7720,10772,-117,-13,97,7684,-7740,11220,-63,132,-140,-13436,3112,6840,-1037,106,-53,-13584,-6064,6244,-502,152,-103,0
2574.039650917053,8460,7896,10624,-95,-54,146,7892,-7872,11072,-24,106,-145,-13496,3180,6572,-1056,122,-107,-13632,-6264,6352,-563,155,-112,0
2574.0733211040497,8504,7576,10720,-62,-39,120,7700,-7908,11188,15,140,-143,-13336,3140,6928,-1058,68,-52,-13492,-6268,6268,-512,111,-136,0
2574.106994152069,8560,7780,10796,-80,33,85,7440,-7684,11248,-22,203,-113,-13452,3188,7032,-1000,43,0,-13720,-6252,6192,-496,54,-142,0
2574.1400990486145,8300,7740,10912,-120,44,64,7580,-7796,11352,-63,230,-100,-13420,3320,6980,-1003,41,44,-13500,-5920,6204,-523,57,-169,0
2574.1736900806427,8480,7724,10984,-170,45,83,7620,-7772,11116,-80,123,-156,-13328,3196,6856,-1028,95,-68,-13428,-6240,5920,-522,117,-146,0
2574.2073171138763,8448,7724,10812,-85,248,86,7680,-7820,11076,-62,184,-93,-13560,2840,6796,-1048,86,-70,-13496,-6380,6072,-533,82,-148,0
2574.240622997284,8396,7676,10752,-148,-61,64,7740,-7704,11100,-76,234,-155,-13388,3188,6848,-959,51,-64,-13592,-6312,6120,-491,135,-163,0
2574.2744359970093,8436,7800,10912,-169,-249,68,7728,-7692,11192,-12,178,-194,-13560,2920,7048,-1007,71,-75,-13608,-6320,6052,-418,178,-126,0
2574.308002948761,8512,7716,10732,-132,-66,75,7740,-7752,11164,-252,192,-185,-13404,3164,6948,-1044,79,-83,-13592,-6344,6004,-437,201,-140,0
2574.34130191803,8452,7592,10708,-136,-38,64,7704,-7764,11084,-39,189,-186,-13328,3264,6884,-997,24,-62,-13596,-6328,6168,-520,86,-190,0
2574.374768972397,8420,7776,10888,-126,-11,94,7596,-7672,11268,-22,181,-119,-13060,3312,6744,-1023,49,-36,-13620,-6244,6188,-257,71,-124,0
2574.4081020355225,8464,7656,10960,-134,33,92,7796,-7800,10812,-27,144,-141,-13372,3096,6860,-988,113,-64,-13568,-6248,6132,-507,123,-121,0
2574.4418029785156,8600,7884,10688,-151,-10,125,7592,-7744,11068,4,155,-182,-13412,3404,6656,-959,81,-82,-13344,-6396,6252,-257,114,-120,0
2574.4754860401154,8420,7424,10688,-109,-99,138,7672,-7816,11108,-60,74,-157,-13348,3224,7000,-902,165,-54,-13508,-6336,6120,-505,96,-89,0
2574.5090551376343,8256,7704,10920,-155,-19,124,7920,-7804,11132,-35,106,-170,-13456,3248,6872,-991,145,-54,-13660,-6320,5956,-528,118,-104,0
2574.5470299720764,8664,7732,10820,-154,-33,116,7656,-7788,11112,-54,140,-152,-13448,3156,6892,-998,100,-76,-13556,-6236,6272,-462,126,-113,0
2574.5809750556946,8668,7796,10592,-154,-56,105,7472,-7936,11100,-32,135,-173,-13396,3204,6816,-984,120,-38,-13616,-6340,6068,-499,111,-129,0
2574.6192750930786,8416,7808,10960,-127,-46,101,7568,-7672,11172,-61,153,-159,-13376,3232,6788,-969,91,-58,-13388,-6276,6168,-471,96,-107,0
2574.654685974121,8400,7748,10840,-154,-42,111,7912,-7804,11484,-73,152,-149,-13384,3124,6876,-982,90,-36,-13572,-6280,6120,-456,141,-126,0
2574.690565109253,8464,7820,10912,-204,-51,103,7440,-7820,11064,-55,173,-151,-13424,3172,6812,-957,86,-104,-13540,-6272,5916,-451,152,-152,0
2574.726007938385,8500,7732,10768,-185,-49,95,7612,-7776,11176,-13,161,-186,-13368,3316,6880,-994,66,-78,-13532,-6276,6116,-498,176,-145,0
2574.761745929718,8660,7932,10756,-130,-75,107,7576,-7764,11304,-5,149,-195,-13432,3252,6980,-1052,120,-115,-13560,-6324,6192,-492,190,-115,0
2574.7975690364838,8404,7764,10752,-155,-73,101,7672,-7744,11272,10,110,-185,-13240,3192,6660,-1005,15,-84,-13528,-6328,6076,-480,135,-140,0
2574.8322110176086,8352,7708,10780,-123,-33,110,7684,-7732,11240,-68,118,-163,-13436,3312,6868,-998,109,-42,-13416,-6176,5992,-494,118,-118,0
2574.8674759864807,8648,7712,10588,-157,-71,127,7460,-8184,11040,-32,156,-152,-13456,3240,6812,-989,26,-27,-13604,-6260,6216,-492,120,-118,0
2574.9031960964203,8432,7756,10828,-186,-56,135,7624,-7784,11260,-7,161,-138,-13332,3176,6864,-1003,74,-72,-13476,-6364,6160,-484,98,-113,0
2574.9392521381374,8416,7768,10856,-203,-75,113,7752,-7812,11180,-69,137,-162,-13344,3228,6996,-981,65,-79,-13536,-6176,5996,-490,160,-92,0
2574.97460603714,8660,7496,10728,-209,-44,105,7872,-7824,11080,-57,147,-212,-13388,3248,6896,-1271,145,-92,-13552,-6324,6372,-467,181,-75,0
2575.01056098938,8432,7472,10808,-185,-107,154,7812,-7824,11200,-26,109,-165,-13412,3236,6860,-1011,151,-105,-13824,-6268,6096,-459,159,-67,0
2575.0456259250645,8428,7764,10912,-203,-113,149,7648,-7676,11204,-32,114,-209,-13388,3140,6800,-1001,182,-99,-13436,-6364,6208,-423,171,-88,0
2575.0810580253606,8360,7820,11056,-204,-137,129,7676,-7732,11168,-79,107,-208,-13400,3216,6968,-964,177,-116,-13640,-6300,6080,-493,195,-86,0
2575.1160900592804,8428,7744,10980,-191,-163,133,7616,-7748,11260,-61,28,-235,-13328,3144,6840,-997,211,-116,-13480,-6304,6128,-478,186,-54,0
2575.151967048645,8432,7736,10768,-217,-179,186,7596,-7792,11064,-57,34,-217,-13292,3180,6952,-983,161,-132,-13552,-6292,6228,-502,184,-47,0
2575.1875071525574,8364,7604,10756,-220,-180,185,7672,-7716,11276,-34,54,-219,-13404,3236,6680,-975,178,-134,-13784,-6252,6152,-458,209,-50,0
2575.2236680984497,8460,7680,11020,-224,-162,169,7684,-7768,11160,-34,67,-258,-13444,3276,6904,-1008,190,-99,-13612,-6192,6172,-471,181,-9,0
2575.259052991867,8484,7596,10868,-232,-204,192,7916,-7840,11148,6,109,-221,-13480,3088,6904,-1011,187,-101,-13704,-6204,6120,-489,215,-68,0
2575.2927651405334,8512,7624,10680,-246,-193,171,7732,-7816,11056,-36,39,-219,-13376,3136,6656,-978,206,-161,-13540,-6216,6072,-483,200,-58,0
2575.3261039257054,8400,7644,10676,-231,-189,198,7656,-7776,11088,-54,79,-227,-13396,3116,6968,-997,166,-172,-13548,-6216,6048,-478,200,-35,0
2575.35969209671,8488,7704,10620,-260,-219,188,7644,-7716,11140,-49,49,-504,-13368,3036,6876,-1000,169,-109,-13512,-6184,6116,-476,189,-78,0
2575.392921924591,8512,7588,10808,-303,-224,188,7580,-7896,11156,-14,81,-242,-13456,3200,6852,-1009,164,-113,-13616,-6132,6052,-456,188,-36,0
2575.4264171123505,8556,7648,10788,-299,-231,173,7760,-7824,11060,-7,80,-240,-13476,3236,6724,-1039,162,-158,-13552,-6292,6264,-476,179,-97,0
2575.459661960602,8652,7732,10916,-268,-273,171,7764,-7796,11260,-5,143,-240,-13408,3280,6860,-1051,151,-144,-13524,-6196,6116,-490,225,-73,0
2575.493129014969,8520,7692,10784,-241,-242,173,7672,-7696,11064,251,129,-237,-13148,3188,7116,-1025,183,-166,-13444,-6236,6132,-476,216,-76,0
2575.5267391204834,8504,7732,10928,-233,-231,196,7672,-7620,11192,-24,127,-232,-13360,3172,6760,-1015,190,-151,-13520,-6240,6076,-493,213,-53,0
2575.5600020885468,8504,7616,10660,-225,-240,176,7424,-7768,11092,-37,92,-244,-13416,3168,6668,-1000,180,-153,-13796,-6260,6104,-510,232,-62,0
2575.593850135803,8544,7564,10620,-220,-207,159,7816,-7652,11080,-29,86,-206,-13520,3136,6724,-999,158,-136,-13380,-6236,5704,-504,198,-85,0
2575.627310037613,8656,7596,10740,-186,-138,148,7740,-7708,11072,-32,109,-197,-13500,3108,7092,-1004,154,-114,-13696,-6232,6124,-491,157,-105,0
2575.660642147064,8628,7580,10788,-193,-158,137,7692,-7632,11116,-22,113,-209,-13428,3196,6800,-983,131,-117,-13696,-6108,6152,-465,178,-97,0
2575.6942179203033,8596,7516,10744,-204,-106,140,7872,-7704,10996,-61,120,-203,-13508,3228,6620,-1032,156,-54,-13648,-6216,6056,-452,168,-84,0
2575.7277240753174,8676,7540,10576,-177,-60,143,7740,-7584,10856,-45,122,-154,-13432,3096,6724,-1020,124,-60,-13672,-6268,6116,-451,113,-97,0
2575.761234998703,8720,7552,10684,-195,-21,86,7768,-7920,11064,-51,207,-123,-13556,3136,6848,-1030,52,-46,-13640,-6176,5960,-481,61,-172,0
2575.7948360443115,8640,7664,10548,-166,-1,60,7652,-7692,11032,-44,211,-128,-13388,3108,6684,-1011,-255,-39,-13604,-6212,6056,-517,110,-160,0
2575.828118085861,8508,7652,10852,-157,47,69,7452,-7932,11176,-22,185,-150,-13368,3200,6624,-1010,94,-62,-13580,-6132,6120,-450,151,-149,0
2575.861619949341,8564,7696,10704,-147,247,74,7916,-7772,11076,251,179,-162,-13396,3180,6852,-1055,104,-109,-13672,-6228,6164,-476,156,-118,0
2575.8948581218724,8556,7600,10820,-114,-7,96,7696,-7772,11152,-44,168,-146,-13468,3228,6816,-771,106,-42,-13632,-6284,6124,-448,157,-128,0
2575.9284570217133,8488,7712,10920,-114,-3,76,7776,-7708,11188,-45,178,-160,-13416,3224,6916,-929,-255,-52,-13328,-6236,6076,-460,118,-99,0
2575.9621100425725,8476,7636,10824,-112,5,43,7916,-7716,11448,-53,191,-151,-13452,3168,6808,-1037,63,-41,-13812,-6312,6060,-482,145,-158,0
2575.995656967163,8508,7584,10824,-118,14,73,7744,-7772,11152,-43,186,-144,-13388,3176,6744,-1048,49,-41,-13452,-6324,5952,-467,127,-166,0
2576.0291471481323,8636,7716,10872,-84,16,50,7716,-7732,11192,-43,204,-179,-13508,3176,6800,-975,18,-83,-13788,-6180,6092,-490,147,-164,0
2576.062515974045,8576,7724,10608,-111,42,22,7744,-7728,11136,-74,183,-156,-13456,3188,6864,-1018,29,-51,-13512,-6212,6112,-483,122,-176,0
2576.0960960388184,8592,7632,10924,-97,6,30,7660,-7768,11212,-60,178,-158,-13396,3052,6804,-1020,47,-69,-13616,-6080,6120,-504,123,-142,0
2576.129905939102,8568,7656,10936,-125,10,64,7740,-7804,11248,-21,191,-144,-13568,3220,6892,-1049,74,-36,-13528,-5972,6092,-451,145,-123,0
2576.163393974304,8648,7728,10820,-102,-34,63,7700,-7720,11468,-13,194,-145,-13448,3268,6664,-1031,86,-58,-13696,-6240,6116,-475,119,-122,0
2576.1970250606537,8476,7764,10776,-129,-254,69,7720,-7524,11148,-40,140,-149,-13488,3212,6736,-1018,92,-88,-13372,-6184,6184,-486,120,-129,0
2576.2305450439453,8584,7664,10752,-83,-9,76,7596,-7768,11256,-40,130,-127,-13348,3212,6896,-1016,38,-88,-13360,-6296,6384,-483,105,-139,0
2576.2637901306152,8656,7860,10752,-140,-39,79,7732,-7784,11208,-36,165,-155,-13448,3328,6776,-1034,53,-84,-13472,-6244,6028,-263,135,-133,0
2576.3017621040344,8644,7684,10968,-150,-19,107,7696,-7732,11152,-17,149,-133,-13440,3204,7148,-1016,24,-50,-13576,-6244,6264,-468,70,-182,0
2576.336149930954,8528,7752,10972,-89,-4,73,7636,-7936,11300,-58,179,-139,-13528,3104,6880,-779,32,-63,-13588,-6240,6096,-474,107,-167,0
2576.3722660541534,8500,7688,10700,-161,32,90,7596,-7768,11160,-41,154,-159,-13424,3124,6752,-1015,84,-43,-13580,-6220,6132,-459,119,-89,0
2576.407618045807,8528,7704,10676,-146,0,95,7680,-7684,11148,-18,147,-162,-13396,3136,6748,-994,115,-83,-13564,-6144,6108,-461,66,-113,0
2576.4429781436925,8640,7680,10824,-158,26,112,7644,-7764,11112,-21,147,-162,-13468,3188,6680,-1025,95,-46,-13556,-6324,6144,-461,92,-156,0
2576.478832960129,8488,7456,10816,-135,233,78,7760,-7728,11208,-55,196,-121,-13468,3264,6712,-972,49,-38,-13576,-6196,6096,-767,87,-139,0
2576.51394200325,8512,7452,10692,-177,-12,55,7716,-7760,11128,-98,153,-141,-13556,3180,6756,-1003,82,-31,-13792,-6236,6096,-458,86,-129,0
2576.549425125122,8464,7708,10940,-204,-16,104,7664,-7792,11152,-16,154,-164,-13292,3240,6784,-1052,108,-72,-13436,-6280,6048,-492,123,-97,0
2576.5850300788884,8496,7436,10912,-130,-64,95,7928,-7468,11112,-65,160,-149,-13416,3180,7008,-1041,118,-58,-13572,-6320,6212,-477,117,-107,0
2576.620677947998,8532,7656,10872,-165,-76,95,7640,-7736,11184,-18,140,-181,-13468,3284,6820,-1015,102,-105,-13544,-6252,5888,-511,115,-121,0
2576.6556329727173,8408,7492,10840,-124,-26,60,7888,-7772,11208,-43,149,-151,-13456,3172,6808,-977,113,-96,-13572,-6268,6284,-485,136,-105,0
2576.694904088974,8472,7692,10760,-135,-54,91,7676,-7828,11144,-44,144,-166,-13404,3232,7148,-1001,96,-20,-13580,-6176,6120,-490,131,-113,0
2576.7306780815125,8372,7764,10928,-111,-58,67,7648,-7868,11232,-60,166,-174,-13468,3224,7076,-930,52,-87,-13524,-6324,6112,-504,143,-141,0
2576.7658910751343,8528,7716,10612,-150,-69,104,7620,-7768,11252,-38,126,-163,-13488,3100,7140,-951,90,-58,-13484,-6192,6192,-522,132,-137,0
2576.801388025284,8500,7660,10788,-178,-62,92,7584,-7800,11168,-38,168,-183,-13464,3248,6968,-966,64,-100,-13516,-6284,5888,-493,119,-124,0
2576.837445020676,8204,7716,10808,-133,-57,110,7656,-7776,11208,-37,134,-148,-13444,3164,6884,-982,78,-92,-13620,-6212,6100,-485,134,-116,0
2576.872792005539,8664,7744,10848,-125,-63,92,7428,-7796,11080,-26,141,-163,-13408,3144,6860,-996,85,-51,-13544,-6276,6152,-504,148,-122,0
2576.90863609314,8460,7668,10856,-156,-41,93,7632,-7740,11328,-28,123,-189,-13364,3128,6784,-954,78,-109,-13628,-6364,5900,-461,153,-119,0
2576.9438560009003,8452,7728,10872,-156,-56,108,7672,-7728,11152,-60,130,-181,-13524,3232,6880,-990,115,-78,-13776,-6252,5924,-491,145,-118,0
2576.9774849414825,8460,7772,10732,-143,-79,116,7696,-7816,11028,-67,163,-168,-13376,3240,7132,-954,67,-69,-13464,-6152,6288,-522,164,-118,0
2577.010856151581,8420,7716,10816,-186,-37,101,7636,-7848,11140,-30,173,-163,-13440,3164,6904,-1005,31,-51,-13424,-6264,6124,-470,128,-121,0
2577.0442740917206,8388,7840,10784,-150,-251,98,7620,-7780,11012,-42,156,-167,-13376,3100,6748,-1000,83,-66,-13500,-6340,6164,-491,137,-137,0
2577.0778911113734,8488,7724,10600,-141,-100,57,7460,-7748,11008,-50,197,-200,-13480,3164,6816,-936,50,-78,-13516,-6104,6012,-523,175,-136,0
2577.1112599372864,8360,7708,10736,-147,-57,81,7584,-7764,11196,-30,145,-184,-13360,3320,6708,-978,59,-50,-13460,-6364,6120,-489,149,-103,0
2577.144439935684,8688,7664,10776,-129,-66,109,7648,-7804,11048,-35,111,-166,-13424,3172,7104,-993,70,-34,-13592,-6260,6168,-520,155,-142,0
2577.1781520843506,8424,7816,10752,-134,-40,119,7596,-7744,11172,-38,145,-170,-13424,3300,6892,-969,49,-34,-13612,-6232,6192,-525,122,-147,0
2577.2117631435394,8400,7716,10704,-175,-73,87,7660,-7844,11036,-91,190,-160,-13292,3324,7052,-924,32,-76,-13588,-6216,6268,-529,161,-124,0
2577.245330095291,8388,7752,10780,-104,-50,89,7672,-7712,11044,-70,156,-175,-13304,3208,6936,-968,86,-108,-13480,-6236,5896,-523,196,-137,0
2577.279063940048,8400,7752,10776,-176,-67,114,7600,-7900,11132,-6,148,-177,-13324,3236,6796,-982,73,-49,-13632,-6284,6176,-556,222,-128,0
2577.3124721050262,8380,7828,10496,-105,-104,87,7588,-7776,11204,-56,150,-166,-13372,3256,7164,-1017,63,-56,-13580,-6320,6224,-539,226,-149,0
2577.345936059952,8364,7728,10872,-139,-78,85,7932,-7764,11148,-19,156,-174,-13368,3272,6888,-984,64,-56,-13788,-6340,5940,-488,185,-116,0
2577.379338979721,8632,7696,10600,-127,-56,100,7732,-7804,11232,-28,157,-153,-13396,3292,6936,-994,67,-109,-13752,-6288,6012,-492,168,-105,0
2577.4129140377045,8436,7784,10780,-171,-103,86,7660,-7896,11168,-19,140,-182,-13296,3212,7164,-968,65,-109,-13508,-6212,6192,-476,176,-128,0
2577.4464659690857,8352,7736,10556,-157,-79,120,7588,-7864,11144,-70,131,-191,-13364,3192,6764,-927,73,-76,-13508,-6272,6200,-483,180,-109,0
2577.4799880981445,8236,7772,10756,-154,-141,110,7664,-7688,11152,-70,135,-183,-13372,3252,7012,-967,70,-61,-13508,-6180,6172,-451,148,-80,0
2577.5134811401367,8668,7820,10804,-163,-148,138,7540,-7768,11200,-44,105,-215,-13268,3192,7108,-1018,114,-132,-13500,-6232,6144,-469,175,-79,0
2577.5470139980316,8416,7808,10848,-185,-147,134,7672,-7776,11276,-23,79,-193,-13356,3280,6832,-1007,95,-162,-13824,-6332,6132,-465,156,-78,0
2577.5805311203003,8604,7752,10780,-181,-126,135,7636,-7864,11248,-37,104,-213,-13328,3240,6980,-993,107,-127,-13548,-6284,5976,-484,159,-106,0
2577.614193916321,8372,7704,10748,-190,-150,154,7544,-7756,11116,-39,113,-208,-13440,3204,6928,-972,133,-102,-13644,-6260,6228,-260,189,-67,0
2577.6474051475525,8432,7768,10768,-209,-151,162,7616,-7736,11208,-22,83,-200,-13324,3256,6796,-1002,103,-110,-13552,-6240,6064,-487,200,-87,0
2577.681090116501,8472,7728,10828,-239,-193,155,7596,-7804,11192,-49,69,-224,-13376,3212,6804,-1004,148,-149,-13596,-6252,6028,-480,184,-44,0
2577.7145459651947,8484,7732,10876,-227,-157,177,7716,-7760,11188,-56,80,-203,-13480,3312,6976,-1004,159,-158,-13660,-6272,6100,-479,157,-84,0
2577.7482249736786,8616,7720,10864,-243,-170,171,7424,-7816,11176,-36,100,-206,-13368,3180,6896,-1033,146,-104,-13512,-6208,6072,-472,177,-79,0
2577.7817800045013,8400,7712,10676,-508,-133,169,7520,-7772,11076,-28,99,-196,-13384,3284,7004,-1014,115,-87,-13344,-6352,6088,-481,166,-97,0
2577.8154339790344,8224,7792,10768,-207,-183,153,7580,-7804,11108,-28,119,-220,-13404,3276,7000,-1029,138,-128,-13824,-6204,5992,-487,184,-92,0
2577.849039077759,8636,7796,10868,-274,-195,171,7652,-7780,11100,-14,70,-222,-13356,3216,6776,-773,155,-130,-13792,-6232,6056,-495,213,-53,0
2577.8822181224823,8528,7684,10920,-240,-184,189,7500,-7720,11168,-32,53,-185,-13356,3196,6860,-1020,155,-122,-13820,-6232,6204,-451,130,-52,0
2577.9156730175014,8496,7724,10520,-258,-179,171,7732,-7776,11072,-40,88,-182,-13336,3188,6972,-991,165,-92,-13612,-6176,6136,-472,148,-55,0
2577.9512350559235,8316,7928,10816,-298,-170,149,7692,-7836,11088,-58,74,-184,-13440,3164,6984,-985,137,-92,-13600,-6148,5956,-483,144,-67,0
2577.986144065857,8296,7744,10756,-207,-170,169,7748,-7808,11244,-43,81,-193,-13376,3236,6784,-1014,143,-123,-13512,-6196,6104,-475,170,-52,0
2578.021726131439,8436,7780,10796,-228,-208,183,7596,-7856,11108,-15,79,-213,-13404,3264,6848,-1047,148,-74,-13580,-6220,5956,-497,187,-67,0
2578.057619094848,8284,7428,11172,-131,-167,160,7448,-7780,11188,-40,87,-225,-13312,3168,6664,-1043,173,-140,-13608,-6288,6116,-504,192,-92,0
2578.0923569202423,8528,7640,10836,-196,-158,145,7656,-7772,11124,-36,105,-190,-13404,3248,6864,-1018,130,-144,-13584,-6176,6144,-489,192,-79,0
2578.128687143326,8676,7684,10776,-184,-139,144,7720,-7808,11052,-45,92,-215,-13508,3204,6784,-1037,114,-107,-13648,-6292,6144,-486,171,-101,0
2578.163820028305,8680,7744,10824,-172,-103,124,7756,-7796,11160,-44,128,-191,-13488,3172,6788,-1000,108,-96,-13356,-6296,6076,-478,173,-134,0
2578.1992230415344,8560,7664,10680,-170,-78,110,7772,-7764,11132,-71,162,-181,-13176,3156,6748,-1009,76,-86,-13620,-6188,5968,-518,163,-142,0
2578.234205007553,8592,7764,10988,-151,-22,75,7648,-7824,11080,-54,167,-173,-13508,3196,6784,-770,81,-76,-13532,-6216,6068,-468,131,-161,0
2578.270040035248,8552,7428,10644,-157,-28,92,7776,-7492,11240,-31,175,-147,-13380,3168,6764,-1024,80,-84,-13496,-6176,6076,-496,141,-127,0
2578.304952144623,8280,7752,10820,-114,6,76,7656,-7900,11200,-51,191,-183,-13388,3252,6804,-1051,62,-85,-13524,-6252,6116,-483,159,-136,0
2578.341208934784,8588,7900,10780,-99,-52,68,7612,-7744,11476,-31,168,-171,-13388,3232,7000,-1048,54,-59,-13560,-6124,6004,-467,138,-116,0
2578.3762300014496,8576,7736,10560,-106,12,97,7688,-7664,11012,-35,179,-154,-13432,3336,6916,-1010,68,-94,-13548,-6272,6084,-460,139,-145,0
2578.4123680591583,8496,7672,10744,-107,-25,89,7608,-7716,11180,-28,161,-168,-13360,3084,6996,-981,90,-44,-13356,-6300,6276,-479,168,-124,0
2578.4480569362645,8532,7692,10756,-131,-42,61,7680,-7800,11212,-60,178,-166,-13452,3184,6724,-1043,19,-37,-13644,-6296,6100,-257,118,-125,0
2578.4837210178375,8272,7732,10596,-141,-11,74,7688,-7700,11124,-38,179,-134,-13372,3264,6936,-982,31,-52,-13636,-6320,6120,-493,69,-159,0
2578.5189490318294,8520,7780,10780,-103,-252,78,7676,-7848,11048,-101,178,-140,-13416,3124,6956,-967,40,-54,-13680,-6272,5888,-499,85,-161,0
2578.554458141327,8460,7684,10812,-156,34,42,7592,-7836,11164,-47,212,-142,-13340,3204,6832,-971,41,-63,-13576,-6232,6040,-490,112,-138,0
2578.5914900302887,8560,7608,10800,-132,12,100,7588,-7788,11212,-46,136,-163,-13360,3236,6776,-994,103,-29,-13528,-6236,5928,-485,107,-113,0
2578.625074148178,8380,7736,10688,-112,-4,104,7844,-7844,11084,-26,140,-134,-13364,3144,6780,-980,59,-73,-13628,-6348,6232,-507,85,-145,0
2578.658514022827,8508,7812,10824,-129,250,74,7632,-7704,11080,-68,151,-149,-13316,3260,7088,-971,-13,-35,-13684,-6364,6216,-498,69,-144,0
2578.692059993744,8444,7760,10868,-129,15,88,7664,-7900,11128,-82,167,-134,-13396,3092,6884,-980,43,-45,-13316,-6368,5988,-455,78,-153,0
2578.7256450653076,8432,7864,10900,-182,-31,102,7676,-7812,11140,-1,174,-153,-13444,3228,6784,-1009,89,-31,-13536,-6264,6044,-465,115,-115,0
2578.7588980197906,8396,7724,10752,-107,-8,89,7572,-7896,11100,-52,127,-178,-13532,3264,6724,-1033,96,-72,-13780,-6248,5900,-260,125,-128,0
2578.792372941971,8440,7692,10868,-134,-96,81,7872,-7840,11260,-10,172,-165,-13344,3256,6960,-1059,79,-62,-13628,-6332,5984,-503,140,-138,0
2578.825921058655,8440,7712,10560,-120,-14,69,7640,-7852,10872,-53,162,-156,-13344,3336,6816,-959,86,-80,-13804,-6196,6144,-487,108,-114,0
2578.859383106232,8440,7752,10888,-156,-21,93,7600,-7820,11236,-18,128,-160,-13444,3176,6924,-1010,93,-28,-13564,-6332,6044,-442,154,-87,0
2578.8925199508667,8476,7756,10752,-169,-57,101,7636,-7836,11168,-21,143,-174,-13352,3172,6944,-1020,106,-60,-13608,-6348,5892,-455,139,-140,0
2578.9260840415955,8392,7652,10884,-144,-26,88,7852,-7828,11416,-32,154,-161,-13276,3232,6868,-981,119,-58,-13340,-6196,6088,-484,124,-128,0
2578.959547996521,8268,7880,10840,-152,-17,88,7696,-7804,11044,-60,154,-146,-13320,3284,6840,-967,69,-53,-13608,-6360,6104,-475,113,-109,0
2578.9930839538574,8520,7800,10828,-154,-61,114,7664,-7756,11164,-32,137,-178,-13376,3308,6828,-1005,79,-43,-13592,-6276,6164,-468,112,-124,0
2579.026731967926,8520,7708,10788,-165,-48,106,7468,-7844,11424,249,156,-159,-13376,3248,6868,-1012,103,-23,-13620,-6220,5992,-453,134,-138,0
2579.060030937195,8356,7800,10836,-160,-40,100,7620,-7856,11204,-8,156,-182,-13256,3228,6936,-1011,103,-64,-13564,-6288,6136,-461,141,-130,0
2579.093691110611,8456,7752,10812,-161,-49,98,7544,-7772,11244,-19,142,-169,-13340,3216,6872,-1012,102,-130,-13780,-6304,6144,-486,164,-119,0
2579.12734913826,8360,7920,10712,-149,-54,104,7604,-7760,11108,-52,158,-181,-13340,3188,6656,-1002,89,-40,-13616,-6408,6096,-761,130,-131,0
2579.1603751182556,8556,7764,10840,-173,-102,101,7660,-7844,11248,-54,161,-158,-13364,3256,6900,-1022,85,-52,-13628,-6320,6128,-474,134,-107,0
2579.1939330101013,8388,7792,10804,-229,-42,108,7684,-7764,11228,-15,165,-146,-13392,3336,6828,-1037,85,-64,-13352,-6280,6032,-468,80,-157,0
2579.2276170253754,8232,7588,10496,-162,251,111,7712,-7748,11140,-30,172,-152,-13308,3264,6880,-1008,112,-60,-13512,-6300,6156,-469,118,-140,0
2579.2609570026398,8448,7704,10752,-145,-55,61,7612,-7836,11448,-63,184,-162,-13372,3280,6852,-976,84,-104,-13592,-6240,5916,-767,174,-142,0
2579.294438123703,8528,7812,10852,-146,-41,108,7896,-7856,11208,-11,151,-149,-13384,3544,6736,-996,130,-90,-13580,-6244,6176,-465,154,-104,0
2579.3281631469727,8380,7788,11004,-142,-35,112,7576,-7752,11216,11,114,-151,-13384,3120,7132,-1021,96,-59,-13344,-6300,6200,-437,131,-110,0
2579.361540079117,8692,7736,10756,-130,-59,113,7672,-7788,11172,-18,128,-170,-13272,3212,6932,-1011,103,-84,-13336,-6356,6220,-466,91,-115,0
2579.3946919441223,8508,7760,10776,-220,-39,95,7584,-7960,11084,-55,158,-132,-13372,3072,7028,-922,40,-54,-13584,-6188,6156,-437,55,-129,0
2579.4283299446106,8376,7732,10732,-169,-13,115,7560,-7748,11100,-25,143,-148,-13420,3308,7052,-1000,116,-67,-13576,-6208,6124,-455,131,-125,0
2579.4618549346924,8352,7780,10884,-171,-34,119,7616,-7748,11224,-253,128,-168,-13540,3192,6708,-1036,137,-58,-13472,-6124,6092,-468,148,-98,0
2579.4955239295964,8420,7768,10828,-156,-68,117,7608,-7700,11100,-30,99,-193,-13472,3192,6820,-1278,115,-76,-13524,-6288,6364,-466,166,-108,0
2579.529329061508,8420,7812,10748,-196,-36,115,7644,-7768,11084,4,118,-176,-13352,3284,6912,-1002,96,-129,-13632,-6268,6128,-497,144,-103,0
2579.568516969681,8216,7932,10600,-151,-67,88,7692,-7816,11064,-37,123,-203,-13392,3220,7128,-1017,100,-101,-13596,-6340,6284,-489,109,-95,0
2579.6025450229645,8360,7768,10828,-155,-59,98,7504,-7808,11060,-36,140,-130,-13552,3152,6992,-1001,93,-134,-13512,-6308,6112,-480,148,-107,0
2579.6391570568085,8416,7732,10900,-171,-63,86,7528,-7876,11088,-33,129,-186,-13360,3240,7144,-992,92,-41,-13588,-5908,6128,-468,118,-146,0
2579.674225091934,8332,7772,10780,-170,-59,117,7676,-7744,11188,-68,153,-156,-13312,3156,6852,-1000,114,-75,-13632,-6288,6160,-510,115,-142,0
2579.70947599411,8408,7772,10872,-168,-50,109,7628,-7840,11108,-18,149,-191,-13356,3264,7000,-998,79,-61,-13556,-6236,6160,-453,138,-139,0
2579.7450239658356,8432,7704,10888,-174,-58,116,7612,-7708,11192,6,104,-168,-13372,3176,6916,-1003,116,-114,-13548,-6296,6148,-463,145,-106,0
2579.7812600135803,8396,7852,10844,-183,-98,131,7528,-7800,11072,-1,114,-186,-13400,3096,6740,-1000,138,-86,-13520,-6304,6084,-468,163,-115,0
2579.8175921440125,8316,7736,10768,-200,-117,135,7664,-7840,11172,-54,121,-190,-13084,3072,7008,-1037,151,-80,-13584,-6320,5888,-447,180,-107,0
2579.8524930477142,8456,7780,10816,-217,-98,146,7584,-7816,11256,-13,110,-191,-13312,3164,7132,-983,141,-103,-13588,-6324,6180,-467,163,-79,0
2579.8881211280823,8232,7836,10644,-165,-96,132,7708,-7816,11152,-36,86,-205,-13484,3280,6896,-1001,137,-102,-13604,-6304,6160,-464,173,-61,0
2579.923280954361,8524,7728,10908,-233,-131,151,7668,-7768,11148,-24,106,-209,-13404,3188,7104,-990,118,-161,-13584,-6152,6276,-495,180,-81,0
2579.959097146988,8416,7484,10580,-233,-110,158,7692,-7864,11200,-35,108,-191,-13376,3164,6924,-1015,126,-90,-13564,-6240,6240,-517,154,-95,0
2579.9942741394043,8376,7744,10840,-189,-127,130,7864,-7872,11220,-23,125,-219,-13368,3156,6936,-1006,107,-170,-13596,-6240,6148,-479,193,-88,0
2580.0293130874634,8480,7728,10924,-248,-166,152,7648,-7776,11132,-13,119,-232,-13472,3260,7000,-1014,142,-136,-13520,-6216,6388,-501,511,-66,0
2580.0640680789948,8472,7712,10904,-175,-159,193,7736,-7864,11164,-35,84,-211,-13456,3224,6712,-1022,169,-136,-13628,-6256,6180,-520,198,-62,0
2580.0998151302338,8504,7780,10992,-180,-140,175,7692,-7712,11096,5,86,-211,-13388,3244,6884,-992,159,-110,-13656,-6256,5904,-520,134,-65,0
2580.1346650123596,8496,7836,10936,-251,-162,160,7656,-7892,11152,-59,99,-211,-13332,3292,6932,-975,135,-98,-13576,-6244,6104,-490,143,-66,0
2580.1707289218903,8508,7664,10748,-218,-133,159,7704,-7860,11112,-40,80,-223,-13408,3220,7020,-1020,148,-158,-13608,-6248,6164,-487,205,-46,0
2580.2061090469365,8404,7704,10780,-245,-187,161,7924,-7792,11116,29,109,-219,-13336,3184,6908,-1018,164,-158,-13600,-6216,6132,-260,221,-56,0
2580.242056131363,8448,7756,10844,-219,-184,149,7632,-7804,11080,-21,64,-278,-13376,3212,7116,-1024,84,-135,-13316,-6176,6044,-457,191,-77,0
2580.2774560451508,8680,7700,10732,-222,-191,179,7440,-7856,11176,14,80,-224,-13296,3240,6924,-1000,159,-132,-13328,-6176,6256,-496,195,-65,0
2580.3130180835724,8592,7668,10788,-202,-159,144,7684,-7808,11088,-31,72,-220,-13388,3276,6876,-1015,148,-128,-13664,-6148,6180,-495,170,-86,0
2580.346626996994,8548,7688,10936,-198,-157,160,7680,-7828,11064,-49,72,-202,-13416,3208,7144,-987,141,-126,-13516,-6248,5928,-498,184,-67,0
2580.3801009655,8520,7720,10656,-211,-160,157,7740,-7732,11464,-29,111,-201,-13400,3244,7128,-994,136,-113,-13604,-6236,6152,-504,161,-88,0
2580.4132759571075,8476,7756,10928,-208,-134,115,7712,-7692,11236,-18,126,-229,-13416,3212,6920,-1003,101,-101,-13684,-6156,6248,-491,154,-122,0
2580.4468829631805,8536,7660,10636,-190,-104,106,7668,-7804,11076,-36,125,-179,-13128,3280,6684,-996,98,-122,-13604,-6240,6276,-479,134,-138,0
2580.4804999828334,8548,7740,10832,-159,-56,83,7752,-7728,11000,-51,162,-163,-13400,3240,6624,-1017,100,-92,-13360,-6172,6304,-473,139,-137,0
2580.5142130851746,8600,7424,10552,-148,-39,68,7756,-7800,11152,-16,145,-157,-13504,3168,6812,-1006,73,-96,-13764,-6212,6096,-487,139,-134,0
2580.547627925873,8512,7652,10516,-144,-34,114,7704,-7908,11192,-29,171,-167,-13408,3096,6764,-1033,97,-32,-13780,-6208,6360,-463,169,-138,0
2580.5811009407043,8596,7740,10960,-163,-26,70,7732,-7684,11144,-54,188,-136,-13332,3192,6900,-996,75,-48,-13556,-6288,6084,-476,120,-138,0
2580.6147379875183,8456,7696,10828,-130,-22,101,7740,-7804,11240,-57,197,-140,-13444,3256,7024,-1047,83,-63,-13648,-6256,5960,-477,106,-164,0
2580.647702932358,8496,7660,10852,-152,11,70,7688,-7728,11132,-29,180,-118,-13448,3208,6720,-991,41,-6,-13684,-6200,6188,-500,105,-142,0
2580.681177139282,8412,7712,10784,-113,25,50,7624,-7764,11176,-29,192,-148,-13372,3052,6992,-1015,23,-22,-13812,-6268,5888,-446,105,-136,0
2580.714668035507,8560,7724,10768,-103,1,62,7912,-7800,11112,-52,188,-125,-13408,3232,6868,-1265,32,-51,-13824,-6188,6216,-471,136,-160,0
2580.7480590343475,8428,7736,10816,-154,59,35,7748,-7776,11104,-45,190,-141,-13320,3212,6872,-995,64,-79,-13564,-6204,6088,-478,108,-153,0
2580.781731128692,8488,7908,10840,-83,8,78,7660,-7848,11100,-45,132,-124,-13376,3144,6804,-1008,94,-36,-13688,-6240,5904,-463,115,-117,0
2580.8153390884404,8272,7772,10500,-114,44,105,7596,-7652,11344,-37,170,-128,-13416,3144,6872,-1000,75,-43,-13664,-6312,6208,-507,73,-148,0
2580.848708152771,8412,7764,10996,-133,15,77,7680,-7860,11160,-81,170,-117,-13364,3212,7024,-996,36,-42,-13524,-6216,6116,-260,89,-166,0
2580.881998062134,8480,7636,10808,-96,-2,95,7652,-7804,11108,-59,139,-165,-13396,3204,6680,-1004,44,-75,-13584,-6216,6144,-515,83,-137,0
2580.9152641296387,8536,7668,10824,-137,-36,85,7668,-7904,11168,-10,159,-155,-13324,3184,6684,-1028,79,-73,-13528,-6232,6176,-516,148,-113,0
2580.9486830234528,8524,7716,10684,-92,-8,88,7604,-7820,11280,-58,157,-153,-13464,3232,6748,-1041,89,-31,-13532,-6236,6240,-512,124,-156,0
2580.982166051864,8452,7716,10752,-133,-26,56,7644,-7800,11076,-37,144,-185,-13344,3284,6820,-1044,99,-39,-13576,-6152,6152,-485,105,-128,0
2581.0157520771027,8368,7932,10880,-144,-14,69,7624,-7828,11108,-35,169,-154,-13380,3240,6840,-1000,73,-71,-13532,-6136,5992,-762,107,-154,0
2581.0492839813232,8516,7808,10896,-146,-30,85,7592,-7820,11308,-73,168,-118,-13504,3188,6672,-1018,106,-94,-13592,-6272,6160,-480,126,-114,0
2581.0828609466553,8564,7860,10956,-140,-12,92,7528,-7772,11068,-61,157,-172,-13304,3200,6900,-996,95,-51,-13500,-6296,6380,-474,119,-115,0
2581.1164309978485,8196,7816,10528,-153,-20,86,7924,-7808,11076,-60,150,-163,-13412,3200,6740,-992,85,-26,-13596,-6204,6176,-486,148,-128,0
2581.1498029232025,8444,7780,10828,-151,-48,87,7616,-7768,11208,-42,148,-178,-13408,3152,6908,-997,92,-74,-13624,-6200,5960,-491,145,-145,0
2581.1833040714264,8408,7772,10972,-139,-38,73,7424,-7828,11132,-21,192,-141,-13560,3176,6776,-1055,72,-91,-13524,-6248,6352,-492,105,-139,0
2581.2171199321747,8408,7760,10816,-145,-47,72,7624,-7856,11164,-43,164,-155,-13404,3128,6908,-990,99,-91,-13604,-6340,6160,-766,115,-126,0
2581.2506301403046,8524,7768,10920,-142,-16,103,7484,-7880,11140,-18,126,-176,-13444,3184,7132,-997,107,-57,-13584,-6248,6068,-482,149,-122,0
2581.2840199470525,8672,7808,10880,-161,-44,108,7468,-7832,11208,-47,134,-182,-13316,3320,6884,-1006,87,-48,-13476,-6332,6240,-471,122,-106,0
2581.320883989334,8272,7792,10764,-151,-76,81,7620,-7796,11172,-66,171,-175,-13504,3260,6992,-991,65,-95,-13488,-6212,5988,-509,154,-161,0
2581.3560829162598,8368,7804,10780,-212,-38,128,7928,-7796,11216,-40,154,-154,-13388,3252,6812,-999,68,-59,-13400,-6244,6208,-495,135,-111,0
2581.391778945923,8388,7804,10772,-137,-18,104,7732,-7772,11256,-53,163,-164,-13448,3240,6972,-994,80,-95,-13576,-6216,5960,-462,104,-160,0
2581.4275960922246,8420,7836,10980,-177,-44,72,7584,-7764,11136,-63,160,-164,-13324,3228,6760,-973,95,-76,-13460,-6272,6136,-486,167,-113,0
2581.462332010269,8392,7688,10880,-153,-52,103,7604,-7836,11200,-50,99,-174,-13344,3276,6688,-1005,100,-83,-13492,-6248,6224,-452,159,-97,0
2581.4981400966644,8400,7828,10736,-150,-43,109,7728,-7904,11276,-48,118,-170,-13560,3304,6836,-983,112,-41,-13636,-6256,6192,-498,116,-114,0
2581.533159017563,8320,7764,10852,-131,-30,93,7800,-7896,11196,-67,157,-148,-13232,3312,6876,-981,81,-78,-13588,-6316,6192,-259,80,-141,0
2581.568834066391,8424,7800,10964,-187,-46,88,7612,-7816,11080,-74,133,-146,-13356,3224,7132,-989,79,-82,-13524,-6244,6252,-491,111,-123,0
2581.603923082352,8264,7732,10816,-198,-74,94,7800,-7820,11416,-3,144,-168,-13416,3180,6968,-1001,121,-98,-13488,-6212,6344,-479,175,-107,0
2581.6397061347966,8344,7848,10868,-171,-80,151,7632,-7816,11120,-27,122,-186,-13252,3240,6980,-1061,140,-90,-13588,-6244,6288,-495,172,-87,0
2581.6747341156006,8260,7856,10808,-194,-129,164,7592,-7832,11192,-31,151,-180,-13272,3184,6908,-1034,152,-135,-13528,-6156,6152,-464,141,-98,0
2581.7102921009064,8280,7828,10740,-138,-84,124,7584,-7820,11108,-69,110,-178,-13292,3288,6960,-1003,110,-31,-13552,-6360,6188,-483,168,-106,0
2581.7455439567566,8612,7868,10800,-167,-67,124,7668,-7840,11080,-14,134,-178,-13340,3240,6904,-998,102,-115,-13340,-6232,6176,-511,176,-123,0
2581.7812919616695,8312,7724,10780,-171,-63,123,7580,-7728,11192,-48,134,-169,-13408,3240,7000,-1005,106,-81,-13648,-6332,6160,-485,128,-134,0
2581.8176460266113,8360,7760,10828,-158,-65,72,7752,-7824,11248,-67,137,-185,-13424,3192,6988,-1000,103,-81,-13620,-6280,6180,-504,131,-105,0
2581.8529579639435,8452,7864,10888,-173,-63,97,7568,-7748,11184,-34,139,-172,-13324,3272,6712,-993,110,-99,-13624,-6192,5984,-492,123,-125,0
2581.888675928116,8620,7824,10804,-177,-58,109,7624,-7812,11092,-11,141,-178,-13156,3164,6724,-1006,111,-51,-13344,-6152,6152,-497,151,-111,0
2581.9245100021362,8412,7804,10796,-173,-44,116,7652,-7888,10852,-25,147,-170,-13344,3276,6960,-1038,140,-86,-13468,-6208,6168,-483,155,-93,0
2581.9617850780487,8324,7784,10980,-174,-89,101,7592,-7768,11208,-25,109,-191,-13412,3104,6984,-1003,102,-117,-13548,-6256,6140,-492,163,-121,0
2581.995500087738,8356,7900,10848,-122,-73,126,7680,-7720,11120,-28,105,-173,-13060,3232,6708,-994,100,-106,-13624,-6208,6328,-481,130,-97,0
2582.0291719436646,8364,7772,10916,-216,-90,100,7520,-7828,11096,-24,144,-184,-13444,3152,6656,-993,84,-78,-13616,-6208,5888,-487,125,-144,0
2582.062497138977,8324,7724,10776,-212,-76,116,7432,-7888,11020,-9,170,-169,-13400,3240,6944,-996,105,-66,-13488,-6272,6084,-480,134,-122,0
2582.0960769653325,8216,7840,10844,-113,-65,88,7564,-7844,11248,-88,127,-151,-13404,3132,6968,-1003,87,-57,-13364,-6272,6092,-469,142,-147,0
2582.1296989917755,8380,7700,10628,-198,-66,77,7556,-7800,11048,-29,169,-172,-13312,3300,6828,-961,118,-130,-13576,-6300,6392,-487,176,-61,0
2582.1630461215973,8432,7784,10808,-156,-56,131,7568,-7804,11148,-51,111,-158,-13324,3316,6664,-1017,154,-82,-13356,-6272,6228,-472,163,-88,0
2582.1964850425725,8436,7728,10728,-194,-82,151,7928,-7876,11136,-31,126,-157,-13488,3324,6880,-1035,132,-79,-13516,-6284,6200,-485,135,-86,0
2582.2301430702214,8484,7740,10856,-196,-59,123,7584,-7892,10968,-66,179,-137,-13484,3280,6872,-980,78,-77,-13504,-6324,6036,-491,69,-131,0
2582.2637319564815,8320,7924,11200,-167,-45,103,7620,-7848,11080,-76,121,-144,-13376,3196,6748,-999,100,-84,-13524,-6308,6324,-263,119,-122,0
2582.2975289821625,8296,7748,10688,-181,-66,132,7600,-7752,11196,-17,141,-171,-13284,3236,6744,-1008,131,-85,-13476,-6264,6144,-516,172,-118,0
2582.3310120105743,8444,7808,10804,-124,-52,118,7680,-7808,11096,-58,139,-180,-13496,3168,6972,-1001,92,-62,-13736,-6216,6376,-764,166,-125,0
2582.3645000457764,8360,7732,10908,-160,-86,93,7696,-7760,11188,-41,155,-169,-13380,3260,6904,-1007,95,-86,-13496,-6232,6276,-477,124,-138,0
2582.397782087326,8612,7720,10864,-172,-48,94,7536,-7928,11140,-18,147,-192,-13424,3284,6892,-982,109,-65,-13804,-6200,6080,-467,147,-108,0
2582.431308031082,8340,7816,10776,-179,-62,106,7640,-7864,11316,-16,114,-181,-13456,3368,6736,-989,131,-93,-13784,-6372,6392,-472,155,-87,0
2582.4649319648743,8288,7720,11000,-191,-94,106,7652,-7876,11152,-74,126,-197,-13296,3204,7008,-997,115,-134,-13388,-6308,6124,-492,142,-91,0
2582.4985270500183,8404,7836,10712,-188,-87,108,7620,-7804,11476,-50,139,-195,-13444,3288,6988,-958,64,-79,-13612,-6284,6168,-497,161,-146,0
2582.5321950912476,8392,7796,10824,-190,-77,97,7700,-7868,11080,-52,159,-192,-13452,3320,6720,-987,80,-76,-13640,-6196,6076,-487,148,-97,0
2582.5655639171605,8384,7772,10784,-173,-39,97,7652,-7908,11272,-9,111,-187,-13128,3236,6940,-1026,87,-88,-13488,-6272,6392,-467,150,-123,0
2582.599179983139,8400,7816,10816,-150,-27,142,7708,-7864,11120,16,129,-177,-13108,3208,6952,-992,123,-92,-13536,-6252,6316,-494,170,-111,0
2582.6325240135193,8368,7760,10892,-158,-100,91,7744,-7852,11076,-75,144,-200,-13400,3336,6780,-1020,79,-105,-13644,-6244,6392,-517,182,-134,0
2582.6660549640656,8192,7744,10972,-144,-48,141,7608,-7848,11088,-23,85,-149,-13380,3312,6792,-986,108,-37,-13588,-6368,6104,-499,106,-75,0
2582.6997549533844,8484,7832,10940,-180,-39,136,7544,-7804,11112,-79,98,-149,-13336,3160,6888,-972,122,-38,-13464,-6376,6164,-497,133,-119,0
2582.733377933502,8400,7816,10840,-184,-103,116,7696,-7804,11100,-72,176,-165,-13336,3272,7068,-966,80,-45,-13580,-6312,6240,-463,123,-116,0
2582.7668199539185,8396,7752,11224,-178,-47,85,7572,-7828,11220,-25,145,-198,-13488,3292,6776,-995,78,-133,-13528,-6200,6164,-451,152,-126,0
2582.8003430366516,8408,7764,10960,-144,-63,73,7544,-7868,11164,-53,126,-190,-13428,3256,7068,-986,71,-91,-13568,-6196,6268,-492,149,-136,0
2582.8339829444885,8628,7840,10692,-148,-33,90,7572,-7880,11020,-48,153,-167,-13284,3200,6800,-992,98,-69,-13556,-6328,6260,-490,135,-135,0
2582.8675241470337,8272,7756,10824,-173,-44,88,7512,-7812,11112,-50,137,-187,-13316,3380,6892,-989,125,-63,-13388,-6168,6240,-485,141,-145,0
2582.900794029236,8408,7792,10880,-170,-76,131,7508,-7916,11152,-43,96,-180,-13548,3296,6900,-993,116,-107,-13600,-6268,5968,-459,145,-94,0
2582.9344069957733,8368,7732,10800,-187,-58,142,7604,-7920,11216,-41,115,-146,-13436,3284,6784,-994,142,-92,-13504,-6324,6044,-472,134,-73,0
2582.967574119568,8216,7820,10676,-186,-85,123,7584,-7808,11152,-44,113,-172,-13556,3284,7136,-1005,138,-72,-13532,-6272,6152,-258,180,-106,0
2583.0045280456543,8448,7784,10920,-189,-63,127,7444,-7828,11016,-52,138,-187,-13428,3188,6796,-991,97,-111,-13532,-6288,6052,-478,158,-105,0
2583.039750099182,8364,7748,10848,-200,-89,152,7596,-7796,11148,-41,130,-173,-13268,3224,6884,-1005,131,-87,-13664,-6268,6040,-466,145,-103,0
2583.0752029418945,8404,7860,10808,-194,-105,139,7720,-7700,11164,-4,105,-188,-13392,3296,6964,-1050,99,-80,-13468,-6308,6240,-479,172,-97,0
2583.1109840869904,8348,7756,10912,-248,-138,141,7644,-7840,11200,-7,102,-214,-13392,3200,7024,-974,107,-134,-13496,-6268,6180,-492,170,-75,0
2583.1462190151215,8360,7812,10804,-225,-163,165,7660,-7772,11292,-52,99,-214,-13372,3528,6668,-986,103,-105,-13676,-6268,6380,-496,186,-69,0
2583.181921005249,8424,7876,10908,-222,-184,165,7608,-7868,11120,-29,61,-242,-13376,3312,6996,-986,144,-136,-13512,-6200,6208,-464,210,-68,0
2583.2179441452026,8388,7840,10880,-246,-170,187,7596,-7892,11196,-2,97,-229,-13368,3072,6656,-1021,205,-122,-13484,-6164,6148,-494,231,-41,0
2583.2534811496735,8404,7712,10864,-251,-188,191,7708,-7828,11056,-253,61,-228,-13488,3296,6960,-1050,191,-162,-13624,-6164,6056,-489,196,-41,0
2583.289293050766,8404,7712,10848,-512,-188,192,7480,-8132,11184,-19,62,-234,-13396,3264,6820,-1014,144,-161,-13672,-6352,6052,-511,185,-74,0
2583.3245670795445,8232,7832,10752,-221,-210,166,7572,-7820,11120,12,86,-211,-13440,3176,6884,-1028,167,-136,-13476,-6244,6108,-515,225,-63,0
2583.360141992569,8196,7748,10804,-252,-158,197,7460,-7880,11224,-19,98,-202,-13280,3204,7040,-1010,185,-134,-13628,-6208,6224,-498,163,-61,0
2583.3955669403076,8456,7696,10884,-244,-204,182,7896,-7840,11120,-20,103,-213,-13448,3196,6896,-1017,127,-105,-13820,-6268,6128,-481,172,-125,0
2583.4317770004272,8328,7716,10620,-329,-192,157,7596,-7728,11180,11,97,-200,-13400,3164,6764,-1024,153,-152,-13324,-6328,6364,-453,187,-115,0
2583.467642068863,8380,7748,10832,-230,-178,124,7920,-7808,11084,-39,122,-218,-13400,3180,6892,-1007,153,-152,-13332,-6172,6112,-476,217,-85,0
2583.5027699470525,8564,7688,11000,-286,-201,163,7776,-7784,11116,8,100,-261,-13336,3288,6824,-1010,169,-120,-13528,-6208,6100,-497,199,-35,0
2583.5387790203094,8496,7656,10796,-229,-169,203,7692,-7772,11020,-33,51,-172,-13440,3216,6828,-1007,165,-100,-13628,-6240,6124,-468,136,-64,0
2583.5741181373596,8536,7756,10936,-230,-152,187,7684,-7848,11160,-27,101,-166,-13436,3216,6660,-1031,152,-45,-13520,-6324,6152,-501,101,-96,0
2583.6094620227814,8484,7680,10748,-224,-129,146,7692,-7796,11236,-47,108,-185,-13384,3212,6720,-989,77,-48,-13620,-6104,6084,-261,113,-82,0
2583.6456229686737,8456,7740,10856,-220,-114,152,7672,-7848,11136,-42,102,-172,-13412,3176,6840,-1005,133,-114,-13784,-6348,5972,-525,135,-75,0
2583.6792900562286,8248,7660,10728,-179,-102,150,7484,-7820,10976,-33,99,-190,-13432,3224,6864,-1034,153,-87,-13624,-6200,6076,-258,139,-118,0
2583.712988138199,8536,7604,10772,-147,-115,113,7712,-7792,11012,-48,120,-187,-13444,3136,6680,-1009,122,-109,-13560,-6096,6088,-477,153,-92,0
2583.746743917465,8448,7616,10572,-192,-107,120,7720,-7716,11244,-33,170,-184,-13404,3212,6960,-1015,124,-100,-13672,-6156,6064,-483,166,-116,0
2583.780271053314,8576,7596,10996,-164,-46,96,7736,-7844,11228,-22,155,-163,-13352,3208,6852,-1020,126,-32,-13648,-6000,6124,-472,140,-121,0
2583.8138630390167,8628,7432,10864,-175,-55,110,7696,-7796,11020,-30,184,-174,-13568,3204,7160,-769,93,-46,-13820,-6260,6132,-463,117,-148,0
2583.8474929332733,8524,7612,10908,-164,-52,96,7772,-7788,10968,-31,170,-165,-13408,3188,6724,-1278,72,-79,-13676,-6348,6164,-482,144,-150,0
2583.8809630870815,8688,7652,10756,-162,-24,78,7704,-7796,11140,-43,203,-178,-13336,3248,6840,-1031,68,-68,-13400,-6212,6040,-469,110,-148,0
2583.9143500328064,8496,7652,10844,-116,-29,78,7928,-7848,11148,-46,171,-149,-13416,3300,6600,-770,84,-69,-13652,-6176,6160,-473,124,-172,0
2583.9480409622192,8512,7760,10796,-134,25,105,7924,-7776,11140,-6,188,-135,-13240,3260,6656,-1040,74,-27,-13628,-6280,6060,-468,129,-126,0
2583.9812610149384,8652,7648,10808,-140,4,58,7668,-7848,11152,-24,172,-148,-13384,3288,6760,-1033,65,-57,-13636,-6284,6272,-481,139,-151,0
2584.01460313797,8428,7676,10988,-178,-20,70,7676,-7812,11212,-21,174,-164,-13376,3244,6736,-1006,96,-61,-13612,-6172,6116,-489,138,-132,0
2584.048275947571,8464,7704,10792,-116,-29,95,7744,-7872,11164,-38,177,-178,-13456,3244,6756,-1278,60,-84,-13540,-6228,6160,-500,146,-116,0
2584.0819039344788,8400,7668,10820,-120,-14,54,7784,-7804,11188,-18,172,-153,-13484,3180,6748,-770,37,-58,-13596,-6300,6236,-478,102,-144,0
2584.1155009269714,8556,7752,10784,-117,9,74,7684,-7748,11020,-20,178,-142,-13424,3224,7068,-1004,48,-56,-13552,-6212,6124,-483,80,-165,0
2584.1487741470337,8468,7704,10824,-120,-13,62,7804,-7812,11184,-47,191,-155,-13452,3208,6752,-987,38,-67,-13524,-6296,6160,-472,97,-176,0
2584.182317018509,8512,7792,10672,-152,33,53,7676,-7800,11184,-33,195,-155,-13448,3380,6836,-987,73,-67,-13520,-6156,5916,-435,86,-137,0
2584.2159321308136,8368,7676,10932,-153,32,98,7652,-7908,11176,-53,166,-135,-13352,3268,6684,-1017,98,-35,-13380,-6248,6348,-471,110,-132,0
2584.2494461536407,8384,7676,10760,-122,15,86,7704,-7732,11192,-61,165,-121,-13404,3204,6972,-1000,66,-10,-13660,-6360,6392,-475,62,-146,0
2584.282697916031,8380,7640,10864,-129,19,82,7532,-7788,11212,-100,159,-131,-13484,3224,6784,-971,32,-26,-13616,-6236,6172,-489,58,-116,0
2584.316211938858,8500,7660,10932,-108,-244,62,7616,-7892,11200,-52,162,-147,-13416,3232,6848,-983,84,-68,-13548,-6220,6088,-499,114,-142,0
2584.3500471115112,8408,7772,10800,-139,-10,105,7664,-7776,11068,-23,158,-158,-13300,3204,7120,-979,76,-86,-13604,-6248,6236,-481,152,-120,0
2584.3835151195526,8436,7916,10860,-90,-43,108,7576,-7940,11272,-37,135,-156,-13444,3236,7132,-777,73,-89,-13500,-6272,6276,-503,165,-127,0
2584.4171500205994,8396,7904,10788,-139,-23,87,7924,-7820,11200,-3,146,-176,-13404,3268,6732,-1011,75,-53,-13628,-6228,5996,-484,136,-142,0
2584.4506020545964,8252,7780,10796,-129,-52,113,7460,-7900,11040,-42,167,-176,-13412,3272,6816,-1017,82,-77,-13624,-6308,5928,-479,120,-126,0
2584.48401594162,8400,7736,10792,-126,-59,78,7656,-7852,11140,-19,166,-186,-13420,3296,6796,-975,89,-45,-13780,-6268,6188,-472,154,-129,0
2584.517663002014,8392,7768,11240,-159,-52,98,7632,-7808,11176,-35,141,-155,-13436,3380,7160,-1005,68,-114,-13640,-6300,6220,-455,134,-102,0
2584.5512030124664,8256,7748,10744,-184,-49,64,7548,-7824,11060,-56,174,-176,-13484,3256,6912,-995,82,-47,-13616,-6212,6224,-483,148,-149,0
2584.587368965149,8360,7512,10544,-142,-31,83,7632,-7840,11104,-54,159,-151,-13428,3336,6808,-1001,65,-64,-13552,-6260,6124,-494,103,-122,0
2584.6212170124054,8400,7744,10828,-140,-19,71,7568,-7796,11200,-15,131,-148,-13328,3272,6832,-1011,90,-73,-13524,-6220,6264,-511,111,-111,0
2584.654398918152,8356,7724,10788,-141,-38,106,7912,-7820,11052,-26,150,-148,-13120,3284,7080,-989,108,-57,-13552,-6384,6288,-497,141,-105,0
2584.691805124283,8356,7752,10980,-150,-48,117,7676,-7768,11160,-42,128,-153,-13344,3284,6924,-993,102,-40,-13344,-6284,5924,-522,111,-106,0
2584.7275519371033,8440,7760,11048,-184,-72,123,7472,-7876,11232,-10,158,-153,-13368,3528,6904,-1009,72,-65,-13496,-6348,6144,-484,149,-128,0
2584.7628989219666,8328,7700,10848,-187,-72,115,7572,-7860,11220,-45,166,-161,-13348,3168,7080,-1032,90,-110,-13624,-6376,6140,-472,134,-124,0
2584.798924922943,8356,7796,10972,-155,-40,89,7692,-7808,11092,-97,144,-183,-13348,3252,6916,-951,65,-43,-13664,-6244,6060,-497,125,-141,0
2584.833953142166,8412,7740,10680,-190,-20,73,7568,-7872,11256,-44,154,-159,-13292,3264,6952,-996,125,-109,-13656,-6232,6160,-472,159,-143,0
2584.869555950165,8396,7744,10964,-134,-56,97,7608,-7928,11032,-13,125,-162,-13404,3096,6708,-999,107,-47,-13612,-6264,6336,-471,108,-102,0
2584.904801130295,8280,7700,10948,-151,11,115,7448,-7884,11192,-27,147,-163,-13424,3168,6952,-961,81,-41,-13540,-6284,6140,-504,74,-153,0
2584.9408061504364,8304,7728,10780,-180,-15,61,7736,-7832,11220,-70,190,-135,-13384,3240,7000,-978,59,-68,-13528,-6252,6320,-502,86,-158,0
2584.9762189388275,8360,7740,10932,-173,-60,116,7612,-7768,11136,-65,164,-158,-13388,3256,6944,-983,106,-29,-13552,-6224,6064,-501,144,-130,0
2585.0119349956512,8480,7792,10840,-206,-51,136,7584,-7780,11084,10,128,-164,-13396,3188,6848,-1022,119,-86,-13488,-6264,6164,-488,149,-111,0
2585.048033952713,8400,7756,10736,-165,-107,122,7664,-7804,11268,-40,141,-185,-13352,3172,7068,-1019,96,-77,-13496,-6272,6008,-461,149,-114,0
2585.083573102951,8276,7692,10840,-204,-59,84,7648,-7760,11188,-8,168,-184,-13396,3296,6856,-1004,100,-60,-13504,-6328,6180,-471,124,-140,0
2585.1193261146545,8300,7804,10804,-177,-71,110,7556,-7844,11152,-18,137,-144,-13312,3216,7068,-1032,138,-80,-13472,-6304,6124,-492,177,-92,0
2585.1547379493713,8296,7776,10852,-201,-71,86,7560,-7744,11024,-30,144,-190,-13396,3192,6912,-1011,107,-69,-13488,-6256,6276,-486,153,-82,0
2585.190243959427,8340,7720,10860,-219,-75,120,7588,-7884,11272,-31,132,-179,-13364,3244,6816,-995,125,-113,-13740,-6336,6292,-466,172,-100,0
2585.225285053253,8344,7840,10816,-167,-128,128,7428,-7924,11220,-39,124,-194,-13492,3328,6816,-984,95,-120,-13768,-6220,6216,-484,161,-107,0
2585.260801076889,8384,7756,10824,-213,-113,137,7580,-7968,11112,-22,120,-200,-13540,3256,6844,-991,116,-131,-13608,-6196,6168,-493,183,-73,0
2585.2962031364445,8392,7816,10808,-201,-142,154,7676,-7856,11200,-12,105,-208,-13420,3180,6992,-1017,140,-146,-13540,-6232,6208,-502,176,-93,0
2585.3336811065674,8168,7772,10720,-272,-154,169,7656,-7780,11104,15,95,-231,-13332,3284,7012,-997,157,-145,-13536,-6344,6152,-489,206,-68,0
2585.3672621250153,8400,7776,10828,-254,-163,185,7648,-7896,11184,-13,97,-207,-13460,3260,6760,-1037,167,-146,-13724,-6312,6204,-502,199,-59,0
2585.400488138199,8372,7680,10832,-257,-191,159,7632,-7904,11140,-23,86,-189,-13364,3220,6864,-1008,150,-120,-13624,-6276,5904,-506,170,-66,0
2585.434185028076,8420,7644,10944,-256,-153,143,7684,-7768,11196,-251,96,-181,-13356,3212,7012,-987,163,-92,-13352,-6360,5908,-498,157,-87,0
2585.4677109718323,8464,7732,10780,-207,-174,145,7668,-7816,11060,-33,111,-220,-13332,3288,6696,-769,199,-178,-13588,-6196,6112,-483,218,-57,0
2585.500965118408,8348,7760,10804,-251,-158,167,7436,-7876,11080,3,87,-239,-13324,3292,6876,-1037,197,-177,-13524,-6332,5980,-482,228,-38,0
2585.534408092499,8488,7636,10788,-207,-229,199,7684,-7688,11080,-249,77,-189,-13392,3476,6836,-1044,174,-141,-13604,-6172,6348,-494,179,-59,0
2585.5677590370174,8220,7788,10728,-250,-171,187,7700,-7804,11204,-20,79,-209,-13356,3288,6960,-1005,169,-80,-13592,-6508,5900,-470,112,-93,0
2585.6014070510864,8300,7728,10868,-253,-179,158,7608,-7780,11208,-51,98,-188,-13448,3140,6924,-1013,135,-95,-13564,-6236,6212,-502,140,-96,0
2585.6346809864044,8192,7640,10868,-236,-160,158,7688,-7824,11148,-23,89,-218,-13384,3256,6900,-1006,138,-148,-13588,-6196,6104,-766,204,-79,0
2585.668039083481,8384,7576,10816,-250,-193,179,7612,-7888,11168,29,99,-222,-13304,3264,6684,-1029,184,-127,-13556,-6164,6220,-511,234,-51,0
2585.7013390064244,8660,7468,10932,-163,-170,158,7896,-7804,11156,-15,67,-214,-13412,3216,6932,-1048,193,-131,-13540,-6312,6380,-495,211,-41,0
2585.7348799705505,8564,7888,10888,-226,-181,161,7604,-7828,11200,-14,73,-214,-13444,3316,6908,-1035,187,-141,-13524,-6196,6036,-486,184,-78,0
2585.7682881355286,8564,7908,10804,-209,-153,147,7732,-7772,11144,-30,56,-209,-13428,3180,6740,-771,153,-137,-13648,-6384,6212,-504,169,-90,0
2585.8019280433655,8648,7440,10980,-217,-137,170,7888,-7724,10836,-26,124,-198,-13500,3232,7068,-1023,161,-97,-13592,-6292,6308,-499,163,-62,0
2585.835510015488,8416,7792,10876,-206,-150,143,7564,-7500,11080,-40,102,-199,-13380,3212,6836,-1010,126,-78,-13644,-6224,5916,-480,149,-130,0
2585.8688340187073,8520,7924,10964,-196,-151,134,7720,-7740,11088,-53,117,-202,-13360,3204,6840,-982,136,-117,-13620,-6208,5920,-481,134,-129,0
2585.901898145676,8576,7608,11092,-161,-86,102,7736,-7804,11164,-76,129,-216,-13432,3280,6720,-1041,63,-76,-13548,-6152,6356,-516,138,-147,0
2585.9355430603027,8656,7644,10500,-161,-74,105,7768,-7804,11188,45,168,-158,-13284,3212,6748,-1001,99,-64,-13376,-6272,6112,-488,125,-159,0
2585.9690389633174,8520,7828,10512,-120,2,71,7668,-7716,11116,-15,160,-188,-13396,3156,6740,-1030,102,-61,-13820,-6228,6364,-453,145,-134,0
2586.002576112747,8560,7660,10884,-142,-24,73,7564,-7756,11048,-30,172,-162,-13416,3156,6864,-1035,83,-63,-13652,-6392,6008,-484,103,-136,0
2586.0358059406285,8536,7696,10508,-149,8,101,7756,-7804,11168,-61,157,-125,-13408,3328,6760,-992,111,-37,-13552,-6188,5892,-461,87,-95,0
2586.069286108017,8484,7876,10888,-149,38,127,7656,-7764,11092,-40,172,-126,-13480,3140,6784,-1045,120,242,-13496,-6244,6204,-445,140,-125,0
2586.102791070938,8236,7604,10972,-143,-15,95,7676,-7816,11060,-23,146,-171,-13400,3276,6860,-1016,90,-7,-13540,-6292,6224,-470,158,-125,0
2586.1359019279485,8424,7604,10952,-150,-37,64,7596,-7832,11128,-10,188,-177,-13336,3204,6892,-1011,73,-90,-13532,-6256,6172,-505,136,-140,0
2586.169445037842,8484,7664,10896,-150,-18,70,7636,-7916,11328,-29,179,-177,-13444,3320,6832,-1008,81,-119,-13324,-6204,6152,-491,170,-116,0
2586.203035116196,8668,7708,11044,-111,-97,110,7584,-7860,11208,-21,131,-203,-13468,3280,6880,-986,103,-98,-13624,-6244,6152,-481,162,-125,0
2586.2366700172424,8432,7880,10784,-146,-89,69,7676,-7816,11236,-49,129,-204,-13416,3160,6816,-976,105,-82,-13340,-6172,6132,-496,170,-128,0
2586.2699480056763,8504,7824,10828,-162,-68,99,7604,-7804,11092,-63,140,-173,-13424,3132,6800,-971,112,-58,-13488,-6296,6096,-479,179,-107,0
2586.3034820556645,8680,7924,10872,-178,-66,130,7712,-7808,11008,-28,139,-176,-13488,3224,6860,-1005,161,-84,-13624,-6232,6124,-493,162,-89,0
2586.3369741439815,8596,7640,10528,-167,-56,131,7716,-7712,11228,-36,114,-171,-13404,3208,6776,-1000,109,-107,-13696,-6308,6172,-500,133,-103,0
2586.374169111252,8440,7572,10740,-171,-56,110,7616,-7784,11248,-30,137,-157,-13436,3196,6852,-1004,102,-15,-13564,-6204,6032,-491,129,-126,0
2586.409595966339,8400,7696,10728,-158,-42,128,7732,-8144,11088,-27,133,-178,-13392,3212,7024,-970,73,-109,-13636,-6216,6020,-505,153,-132,0
2586.444617986679,8232,7668,10816,-161,-65,113,7872,-7932,11252,-25,136,-159,-13376,3240,6740,-985,109,-38,-13536,-6208,6084,-490,132,-127,0
2586.4800720214844,8380,7632,10904,-118,-52,98,7428,-7748,11148,-25,138,-161,-13524,3152,6704,-1026,99,-68,-13544,-6244,6184,-480,151,-139,0
2586.5153710842133,8472,7568,10852,-175,-40,84,7700,-7820,11084,-24,168,-155,-13428,3196,6656,-1002,100,-45,-13540,-6260,6120,-492,140,-125,0
2586.5508849620815,8688,7548,10880,-177,-38,87,7648,-7844,11212,-49,164,-170,-13336,3144,6836,-997,68,-91,-13572,-6188,6036,-458,108,-142,0
2586.5870950222015,8420,7720,10852,-124,-37,93,7636,-7792,11112,-70,161,-177,-13484,3292,6768,-1001,73,-85,-13608,-6252,6152,-494,122,-150,0
2586.6222479343414,8388,7464,10724,-128,23,53,7784,-7900,11092,-51,176,-148,-13460,3132,6884,-1001,79,-58,-13544,-6272,6080,-486,133,-152,0
2586.65802192688,8576,7716,10788,-142,36,67,7584,-7860,11228,-15,161,-150,-13492,3172,6620,-997,90,-72,-13548,-6220,6132,-480,133,-117,0
2586.6931841373444,8412,7700,10988,-155,-3,86,7588,-7788,11180,7,175,-168,-13504,3280,6720,-1003,91,-13,-13628,-6176,5928,-477,148,-109,0
2586.72926402092,8524,7604,10920,-92,-6,88,7744,-7800,11464,-60,133,-151,-13428,3236,6788,-991,60,-87,-13588,-6228,6068,-478,72,-153,0
2586.764533996582,8472,7640,10784,-180,-20,59,7612,-7744,11044,-56,205,-148,-13408,3180,6704,-1027,44,-32,-13564,-6248,6212,-489,104,-142,0
2586.8001589775085,8344,7804,10916,-138,4,70,7696,-7804,11260,-53,151,-106,-13376,3188,6896,-988,-23,-74,-13540,-6376,6096,-461,48,-182,0
2586.835571050644,8320,7792,10796,-125,255,42,7476,-7744,11152,-38,215,-142,-13420,3300,6448,-993,51,-48,-13744,-6208,6304,-498,124,-152,0
2586.8714730739594,8396,7744,10832,-149,16,115,7676,-7756,11216,-31,157,-154,-13416,3212,6868,-1018,119,-63,-13568,-6272,6220,-453,124,-116,0
2586.907632112503,8288,7660,10820,-168,-253,93,7564,-7744,11308,-27,130,-146,-13424,3268,6868,-1001,88,-71,-13480,-6236,6100,-487,106,-150,0
2586.9427649974823,8464,7724,10920,-174,-34,88,7564,-7824,11144,-39,171,-150,-13304,3292,7044,-965,52,-61,-13576,-6292,6284,-493,82,-148,0
2586.977812051773,8660,7816,10988,-130,-23,107,7676,-7820,11104,-69,142,-160,-13416,3288,6892,-965,98,-23,-13628,-6260,6196,-476,108,-109,0
2587.014330148697,8668,7756,11200,-208,-60,85,7636,-7888,11220,-7,156,-166,-13356,3116,6832,-1002,105,-97,-13480,-6240,6252,-496,165,-121,0
2587.047683954239,8408,7488,10904,-149,-43,141,7600,-7776,11056,-33,128,-144,-13452,3204,6904,-1009,119,-89,-13516,-6316,6328,-504,134,-119,0
2587.0812430381775,8192,7708,10760,-140,-46,101,7640,-7760,11084,-42,129,-170,-13388,3232,7144,-1002,91,-101,-13532,-6244,6108,-508,116,-136,0
2587.1147329807286,8356,7544,10904,-171,-33,104,7596,-7896,11108,-5,168,-167,-13368,3248,6864,-997,90,-33,-13564,-6184,6272,-488,134,-99,0
2587.1481981277466,8364,7908,10900,-153,-49,94,7628,-7716,11148,-27,172,-173,-13424,3308,6924,-984,127,-63,-13504,-6240,6340,-476,147,-105,0
2587.181501150131,8624,7716,11244,-153,-33,115,7616,-7788,11220,-30,139,-173,-13404,3220,6868,-1012,76,-77,-13328,-6300,6140,-473,134,-123,0
2587.2150449752808,8412,7680,10844,-150,-67,109,7692,-7768,11104,-46,156,-178,-13332,3204,6884,-1002,58,-101,-13492,-6268,6096,-500,131,-128,0
2587.248620033264,8360,7696,10832,-183,-61,81,7632,-7860,11280,-57,148,-168,-13380,3244,6680,-1002,57,-66,-13564,-6296,6188,-477,111,-132,0
2587.2822370529175,8340,7744,10848,-168,-61,97,7604,-7900,11156,-36,144,-165,-13384,3272,6852,-1013,78,-70,-13616,-6252,6196,-261,135,-129,0
2587.3157620429993,8276,7840,10908,-154,-17,100,7568,-7828,11116,-8,140,-171,-13312,3232,6664,-774,96,-107,-13568,-6188,6192,-475,117,-109,0
2587.3493299484253,8336,7700,10856,-153,-55,89,7600,-8156,11192,-24,124,-178,-13560,3228,6872,-1005,99,-141,-13500,-6240,6108,-501,170,-115,0
2587.382336139679,8676,7488,10864,-158,-74,122,7440,-7828,11096,-60,119,-203,-13344,3300,6780,-973,104,-66,-13576,-6276,6220,-489,135,-105,0
2587.4157791137695,8396,7772,10872,-195,-75,117,7572,-7908,11168,-55,146,-167,-13472,3264,6876,-1024,95,-72,-13580,-6196,6240,-507,135,-111,0
2587.4493839740753,8352,7720,10968,-226,-50,117,7624,-7736,11128,-21,132,-155,-13364,3240,6756,-1025,92,-87,-13568,-6356,6140,-480,119,-130,0
2587.482983112335,8320,7796,10900,-160,-5,92,7584,-7756,11256,-69,139,-159,-13508,3204,7148,-1003,104,-82,-13540,-6276,5892,-456,77,-135,0
2587.5166230201726,8352,7668,11040,-197,-63,83,7716,-7868,11128,-33,179,-163,-13460,3084,6524,-1001,93,-74,-13488,-6172,6292,-475,140,-106,0
2587.5500481128693,8452,7688,10828,-202,-43,108,7904,-7780,11468,-54,126,-180,-13376,3440,6752,-1043,140,-57,-13812,-6208,6392,-456,144,-99,0
2587.583540916443,8340,7720,10776,-183,-44,111,7676,-7744,11180,10,104,-168,-13388,3252,7060,-1016,139,-50,-13592,-6276,6320,-455,155,-110,0
2587.617471933365,8280,7764,11032,-249,-99,130,7472,-7748,11176,10,122,-173,-13308,3380,6728,-1005,117,-110,-13528,-6384,6168,-492,139,-80,0
2587.6507909297943,8360,7456,10752,-268,-163,160,7636,-7916,11212,-44,116,-214,-13344,3212,6696,-944,155,-172,-13436,-6308,6212,-492,167,-98,0
2587.6841809749603,8320,7708,10872,-264,-183,176,7648,-7696,11068,-20,107,-229,-13392,3544,6744,-990,151,-154,-13496,-6228,6240,-519,218,-66,0
2587.7177319526672,8388,7740,10768,-208,-192,192,7544,-7832,11228,-4,100,-219,-13408,3104,6676,-1005,166,-125,-13508,-6364,6052,-501,217,-63,0
2587.7512760162354,8428,7656,11000,-278,-242,175,7664,-7804,11148,16,42,-226,-13392,3232,6840,-1003,193,-152,-13616,-6308,6336,-492,245,-45,0
2587.7848229408264,8264,7668,10876,-268,-216,187,7608,-7804,11100,-10,23,-2,-13420,3232,6648,-1011,175,-169,-13532,-6252,6304,-470,239,-35,0
2587.8181960582733,8688,7560,10840,-270,-256,195,7584,-7764,11128,245,41,-251,-13340,3212,6780,-1012,207,-196,-13600,-6272,6084,-764,234,-57,0
2587.8517639636993,8432,7728,10812,-274,-264,220,7604,-7804,11208,15,29,-250,-13412,3196,6892,-1053,300,-171,-13496,-6184,6144,-519,240,-21,0
2587.8850369453426,8460,7932,10856,-508,-302,219,7656,-7752,11168,-2,62,-260,-13436,3156,6840,-1018,184,-169,-13352,-6304,6224,-501,249,-23,0
2587.9186460971832,8668,7596,10876,-250,-280,208,7664,-7788,11032,-254,57,-237,-13404,3196,6576,-988,184,-154,-13684,-6164,6152,-514,196,-60,0
2587.9521119594574,8232,7596,10856,-264,-253,203,7732,-7788,11168,254,52,-242,-13416,3176,6692,-1018,172,-151,-13692,-6164,6208,-479,201,-67,0
2587.9856009483337,8552,7664,10892,-269,-234,184,7644,-7788,11236,22,100,-221,-13328,3076,6740,-997,161,-119,-13584,-6156,5896,-477,193,-64,0
2588.0189671516414,8700,7924,10864,-297,-225,193,7888,-7804,10808,15,117,-238,-13548,3160,6816,-1006,188,-99,-13364,-6244,5960,-488,198,-58,0
2588.0559561252594,8488,7668,10680,-181,-174,169,7704,-7828,11192,-40,49,-214,-13528,3128,6768,-1004,162,-114,-13628,-6160,6000,-524,173,-86,0
2588.0916979312897,8492,7584,10796,-229,-173,133,7812,-7820,11120,-19,128,-201,-13420,3180,6412,-1004,140,-51,-13360,-6388,6108,-530,155,-117,0
2588.1276960372925,8556,7568,10580,-150,-115,136,7652,-7692,11120,-40,100,-166,-13468,3156,6648,-996,101,-70,-13504,-6228,6076,-493,132,-99,0
2588.1630470752716,8436,7632,10644,-162,-53,97,7796,-7932,11392,-7,167,-155,-13364,3184,6724,-1018,98,-51,-13612,-6384,6072,-455,124,-125,0
2588.217400074005,8580,7636,10840,-153,55,102,7676,-7752,11116,0,179,-100,-13432,3176,7020,-1027,123,-17,-13580,-6156,6200,-452,107,-119,0
2588.263113975525,8432,7640,10728,-182,46,94,7888,-7840,11156,-11,196,-149,-13424,3128,6656,-1002,100,-75,-13568,-6152,6212,-499,129,-113,0
2588.2986631393433,8432,7728,10916,-145,-36,94,7712,-7816,11096,-50,149,-186,-13508,3260,7016,-995,68,-43,-13448,-6268,6340,-477,161,-114,0
2588.3337030410767,8504,7740,10980,-117,-90,98,7580,-7768,11060,-35,151,-204,-13496,3216,6804,-1007,84,-120,-13404,-6180,6180,-496,160,-160,0
2588.369297981262,8520,7640,10784,-95,-42,72,7584,-7720,11172,-31,153,-212,-13436,3152,6784,-1012,106,-73,-13580,-6352,5960,-489,180,-117,0
2588.4040889739986,8424,7632,10900,-109,-70,90,7540,-7844,11172,-38,158,-209,-13500,3124,6656,-962,115,-106,-13508,-6168,6356,-477,151,-126,0
2588.439887046814,8644,7568,10880,-150,-35,78,7788,-7860,11224,-50,131,-197,-13452,3288,6528,-984,119,-78,-13528,-6132,6256,-492,170,-106,0
2588.475158929825,8540,7640,10844,-113,-60,106,7704,-7848,11168,-42,128,-193,-13436,3236,6700,-989,97,-112,-13552,-6276,6132,-763,160,-140,0
2588.511155128479,8504,7652,10900,-143,-69,100,7716,-7704,11128,-37,133,-208,-13456,3252,6908,-1043,112,-78,-13632,-6348,6324,-492,158,-113,0
2588.5472960472107,8688,7672,10976,-168,-93,84,7484,-7720,11140,-32,160,-191,-13516,3200,6792,-1005,118,-78,-13628,-6284,6000,-500,160,-126,0
2588.582363128662,8568,7580,10860,-145,-79,94,7864,-7760,11116,-31,159,-195,-13508,3216,6752,-1275,82,-86,-13488,-5964,5948,-484,162,-107,0
2588.618056058884,8504,7572,10548,-139,-53,95,7456,-7892,11128,-24,149,-166,-13476,3312,6636,-988,92,-90,-13396,-6240,6168,-493,115,-105,0
2588.653083086014,8464,7696,10908,-143,-31,76,7640,-7756,11232,-14,145,-179,-13376,3252,6836,-773,82,-77,-13384,-6248,6052,-474,143,-122,0
2588.689914941788,8428,7656,11100,-145,-46,74,7612,-7724,11064,-60,177,-165,-13496,3188,6744,-990,115,-33,-13424,-6152,5912,-487,115,-129,0
2588.723478078842,8604,7448,10884,-145,-61,74,7716,-7748,11140,-62,163,-137,-13552,3212,6756,-992,53,-69,-13720,-6324,6092,-755,113,-155,0
2588.75718998909,8468,7564,10832,-147,-17,71,7684,-7840,11256,-46,189,-158,-13440,3232,6696,-1043,23,-57,-13528,-6244,6144,-472,82,-173,0
2588.7907741069794,8356,7684,10868,-103,36,47,7784,-7684,11048,-87,215,-151,-13380,3204,7116,-1016,23,-69,-13564,-6308,6092,-448,79,-167,0
2588.8243119716644,8488,7656,10736,-158,42,4,7540,-7844,11168,-20,240,-159,-13508,3360,6816,-973,56,-40,-13320,-6368,5948,-469,111,-177,0
2588.8578331470494,8508,7668,10804,-106,58,29,7632,-7812,11108,-61,184,-146,-13360,3216,6728,-1016,61,-29,-13480,-6268,6108,-473,100,-147,0
2588.8911900520325,8364,7572,10708,-82,36,55,7668,-7820,11096,-6,154,-151,-13468,3084,6840,-1025,66,-50,-13568,-6296,6204,-490,99,-148,0
2588.9244389534,8548,7668,10816,-111,17,45,7920,-7800,11160,-68,169,-158,-13472,3312,6780,-1010,48,-50,-13620,-6212,6184,-478,58,-180,0
2588.958121061325,8416,7560,10992,-102,46,74,7600,-7796,11224,-85,158,-141,-13428,3292,7060,-996,53,-26,-13556,-6196,5888,-481,72,-129,0
2588.9917199611664,8428,7668,10904,-131,-13,72,7556,-7840,11260,-77,181,-126,-13456,3236,6708,-994,82,-55,-13508,-6272,6104,-485,105,-130,0
2589.0253570079803,8244,7856,10860,-115,30,102,7664,-7792,11204,-51,175,-102,-13492,3172,6852,-994,99,-24,-13640,-6348,6160,-480,75,-101,0
2589.0586659908295,8396,7760,10852,-108,-18,113,7528,-7844,11188,-49,167,-123,-13440,3272,6852,-1009,79,-100,-13336,-6344,5944,-260,95,-127,0
2589.092003107071,8388,7692,10956,-124,-13,79,7596,-7852,11156,-54,149,-158,-13392,3248,6812,-990,106,-40,-13536,-6184,6244,-535,119,-108,0
2589.1255540847774,8344,7788,10848,-138,-42,95,7460,-7856,11212,-43,128,-142,-13344,3352,6896,-960,144,-27,-13508,-6244,6152,-478,164,-89,0
2589.15904211998,8408,7680,10632,-167,-54,123,7436,-7756,11048,-37,94,-179,-13296,3232,6904,-993,121,-48,-13592,-6296,6256,-489,144,-114,0
2589.1929039955135,8424,7696,10504,-171,-74,109,7436,-7740,11188,-53,149,-191,-13384,3224,6876,-958,82,-72,-13816,-6340,6308,-486,137,-99,0
2589.2262151241302,8456,7756,10672,-140,-24,99,7456,-7788,11116,-59,167,-181,-13480,3276,6868,-905,63,-76,-13356,-6284,6096,-473,88,-170,0
2589.260030031204,8452,7680,10832,-166,-39,47,7684,-7860,11204,-41,192,-164,-13492,3200,6704,-963,41,-62,-13484,-6160,6188,-497,136,-152,0
2589.293683052063,8296,7660,10832,-190,-31,66,7556,-7784,11188,56,187,-162,-13348,3312,6832,-990,75,-91,-13480,-6228,6224,-474,129,-148,0
2589.3273420333862,8416,7776,10564,-133,-35,63,7600,-7892,11108,254,140,-195,-13508,3256,6656,-963,82,-70,-13568,-6300,6368,-497,142,-134,0
2589.360846042633,8340,7756,10912,-170,-105,119,7604,-7816,11188,-46,139,-172,-13536,3308,6832,-965,81,-79,-13616,-6240,6244,-470,128,-136,0
2589.394161939621,8488,7780,10960,-161,-36,113,7648,-7772,11124,-50,165,-116,-13376,3116,6852,-955,80,-35,-13532,-6224,6204,-492,103,-130,0
2589.4276039600372,8428,7664,10972,-177,-29,118,7552,-7820,11092,-26,152,-114,-13448,3280,6420,-1055,144,-46,-13516,-6232,6124,-492,138,-121,0
2589.461097955704,8336,7688,10724,-157,-22,110,7600,-7868,11264,-256,143,-123,-13372,3388,6844,-1041,69,-15,-13508,-6228,6132,-499,108,-139,0
2589.494415998459,8376,7692,10908,-130,240,89,7552,-7776,11100,-21,179,-132,-13436,3260,6892,-994,55,-48,-13524,-6272,6112,-764,77,-154,0
2589.527955055237,8368,7660,10856,-160,-27,95,7572,-8136,11112,-59,145,-161,-13400,3272,6840,-998,72,-104,-13340,-6208,6152,-458,117,-146,0
2589.5617630481725,8372,7788,10772,-202,-70,106,7648,-7816,11424,-38,133,-180,-13364,3124,6868,-969,89,-131,-13608,-6228,6204,-449,157,-105,0
2589.601307153702,8404,7776,10912,-189,-119,82,7692,-7880,11244,-45,166,-235,-13428,3176,6736,-985,158,-142,-13480,-6288,6192,-494,216,-83,0
2589.634854078293,8316,7752,10884,-231,-182,134,7588,-7868,11320,-9,146,-221,-13436,3372,6848,-994,148,-151,-13648,-6308,6216,-515,232,-84,0
2589.6683189868927,8300,7736,10828,-233,-153,146,7584,-7904,11224,-18,71,-211,-13492,3348,6748,-1008,158,-107,-13376,-6272,6152,-505,174,-87,0
2589.701821088791,8452,7760,10904,-239,-158,173,7896,-7808,11108,-42,64,-197,-13452,3308,6992,-963,118,-103,-13504,-6280,6264,-490,167,-104,0
2589.7396450042725,8364,7720,10904,-260,-174,180,7584,-7860,11284,-7,115,-193,-13356,3228,6868,-1029,139,-101,-13512,-6216,6180,-504,167,-89,0
2589.7751109600067,8384,7740,10864,-258,-151,184,7604,-7768,11456,-8,98,-198,-13344,3272,6936,-1017,143,-112,-13824,-6392,6284,-544,166,-81,0
2589.810847043991,8192,7736,10864,-216,-120,217,7620,-7852,11184,4,44,-154,-13448,3252,7160,-1059,193,-99,-13596,-6132,6144,-546,141,-66,0
2589.8460581302643,8524,7664,10956,-210,-114,203,7712,-7792,11128,-2,78,-202,-13392,3132,6660,-1048,201,-123,-13500,-6216,6152,-765,191,-27,0
2589.8822219371796,8420,7560,11016,-237,-209,218,7576,-7804,11260,-41,70,-222,-13392,3236,6564,-1053,206,-120,-13652,-6176,5936,-548,224,-51,0
2589.917792081833,8460,7708,10900,-229,-200,206,7448,-7720,11120,-22,80,-243,-13468,3228,6788,-1028,0,-159,-13812,-6252,6084,-476,204,-48,0
2589.9531059265137,8444,7664,10804,-223,-5,214,7692,-7800,11172,-78,30,-248,-13416,3160,6804,-1007,216,-121,-13352,-6304,5948,-482,186,-44,0
2589.988237142563,8532,7688,10972,-239,-261,219,7488,-7816,11184,-55,34,-3,-13328,3216,6752,-1060,231,-154,-13612,-6244,6148,-465,220,-34,0
2590.0239391326904,8600,7628,11020,-238,-265,215,7536,-7928,11084,-54,21,-241,-13380,3216,6752,-1047,258,-184,-13496,-6312,6160,-449,244,-21,0
2590.0597951412205,8384,7656,10568,-271,-288,224,7584,-7804,11048,-48,-253,-256,-13444,3280,6904,-980,232,-133,-13612,-6108,6396,-508,204,-17,0
2590.094954967499,8512,7640,10916,-223,-300,217,7620,-7832,11196,-61,8,-227,-13396,3244,6876,-1032,220,-152,-13480,-6240,6016,-514,229,250,0
2590.1305220127106,8676,7584,10912,-301,-279,210,7708,-7768,10988,9,65,-219,-13556,3152,6676,-973,241,-141,-13536,-6312,6116,-503,228,-43,0
2590.1659350395203,8448,7604,10908,-197,-213,189,7912,-7764,11244,-45,67,-231,-13492,3172,6812,-783,251,-149,-13616,-6156,6084,-766,199,-12,0
2590.2014839649205,8564,7596,10912,-221,-276,187,7764,-7792,11128,-37,93,-507,-13500,3252,6520,-769,214,-126,-13676,-6380,5920,-506,249,-32,0
2590.2375609874725,8676,7564,10736,-198,-232,177,7732,-7488,11136,-45,75,-186,-13556,3160,6708,-990,166,-47,-13608,-6240,6092,-447,144,-90,0
2590.273168087005,8636,7612,10520,-230,-72,139,7716,-7788,11092,-37,144,-136,-13544,3160,6716,-1002,133,-33,-13680,-6168,6388,-476,73,-146,0
2590.308646917343,8484,7556,10792,-168,8,86,7772,-7800,11068,-74,238,-120,-13488,3196,6624,-962,50,-17,-13624,-6188,6020,-461,98,-203,0
2590.3437170982365,8564,7464,10712,-182,37,9,7756,-7772,11092,-5,272,-137,-13812,3112,6696,-989,18,-52,-13760,-6036,6032,-427,99,-222,0
2590.37917304039,8580,7568,10892,-196,69,15,7756,-7808,11364,35,247,-156,-13568,3244,6700,-771,46,-38,-13524,-6164,5888,-445,154,-195,0
2590.4126200675964,8500,7604,10988,-179,-38,42,7680,-7736,11152,-255,213,-161,-13500,3244,6796,-997,37,-77,-13600,-6320,6212,-469,154,-162,0
2590.4461839199066,8608,7928,10752,-183,-42,55,7648,-7776,11148,-25,193,-188,-13536,3200,6764,-925,90,-73,-13536,-6148,6296,-485,160,-149,0
2590.4799489974976,8412,7644,10792,-138,-63,71,7524,-7900,11152,-56,166,-202,-13488,3184,6764,-952,64,-79,-13476,-6220,6244,-469,155,-136,0
2590.5135519504547,8444,7536,10840,-165,-40,76,7624,-7784,10836,-51,191,-175,-13448,3220,6808,-968,80,-75,-13644,-6252,6208,-458,128,-131,0
2590.5470340251923,8636,7660,10948,-189,-19,84,7584,-7804,11180,-48,199,-149,-13428,3228,6560,-963,43,-38,-13500,-6248,6232,-467,133,-137,0
2590.5803351402283,8500,7448,10896,-184,-249,91,7540,-7792,11136,-54,193,-166,-13496,3176,6744,-983,86,-73,-13556,-6164,6168,-500,140,-130,0
2590.6137800216675,8540,7588,10892,-128,-51,82,7676,-7832,11084,-22,176,-211,-13520,3304,6784,-967,80,-128,-13604,-6152,6148,-468,180,-171,0
2590.6472599506374,8696,7604,10908,-116,-80,95,7604,-7812,11128,-29,164,-191,-13432,3220,6544,-976,69,-165,-13676,-6140,5956,-505,204,-118,0
2590.6804749965668,8600,7616,10792,-132,-119,91,7724,-7800,10920,-4,154,-196,-13476,3212,6536,-981,108,-117,-13628,-6148,6060,-485,232,-123,0
2590.7142090797424,8560,7436,10916,-128,-76,64,7688,-7772,11136,-20,154,-213,-13552,3196,6588,-984,136,-97,-13616,-6396,6020,-461,156,-109,0
2590.7477331161494,8564,7612,10864,-135,-60,83,7740,-7824,11200,-30,166,-195,-13556,3232,6816,-1006,70,-101,-13812,-6376,6184,-461,146,-145,0
2590.780946016312,8492,7568,10940,-188,-73,57,7668,-7800,11220,-50,176,-210,-13496,3264,6896,-1004,64,-132,-13456,-6340,6164,-430,124,-169,0
2590.8144891262054,8296,7612,10876,-149,-14,43,7624,-7744,11300,-65,218,-186,-13488,3168,6704,-922,20,-121,-13552,-6308,6168,-449,130,-188,0
2590.8481340408325,8240,7748,10720,-174,-76,8,7632,-7756,11092,-84,236,-230,-13504,3224,6724,-961,26,-122,-13540,-6296,6108,-453,204,-183,0
2590.8814611434937,8360,7640,10832,-205,-67,17,7616,-7744,11060,-38,206,-229,-13140,3272,6720,-985,41,-142,-13488,-6184,6040,-442,200,-144,0
2590.915018081665,8316,7616,10780,-162,-78,53,7592,-7808,11192,-39,181,-186,-13428,3516,6664,-1032,75,-101,-13612,-6288,6168,-463,183,-156,0
2590.948632001877,8472,7648,11064,-173,-40,68,7700,-7800,11296,-48,203,-184,-13404,3368,6848,-1008,47,-76,-13648,-6152,6292,-487,86,-141,0
2590.9818959236145,8672,7628,10996,-155,-15,69,7544,-8160,11184,-61,176,-140,-13356,3396,6704,-996,88,-37,-13536,-6208,6120,-501,67,-113,0
2591.0154860019684,8412,7612,10960,-111,5,105,7584,-7796,11208,-52,178,-125,-13308,3248,6728,-1042,104,-37,-13316,-6176,6152,-524,111,-75,0
2591.049257993698,8500,7512,10748,-144,-29,148,7576,-7808,11088,-3,116,-126,-13532,3132,6876,-1081,133,-51,-13524,-6368,5920,-490,125,-94,0
2591.082668066025,8448,7632,10812,-102,-45,152,7608,-7884,11124,-22,150,-140,-13504,3220,6628,-1105,152,-64,-13716,-6000,6176,-537,104,-113,0
2591.1159999370575,8400,7640,10768,-142,-12,123,7696,-7896,11036,-9,124,-128,-13512,3424,6712,-1057,142,235,-13720,-6112,6388,-527,72,-93,0
2591.1494660377502,8500,7672,11040,-127,-8,138,7636,-7868,11180,-22,128,-108,-13488,3228,6704,-1048,104,-44,-13648,-5932,6068,-538,84,-95,0
2591.1829891204834,8548,7612,10944,-133,1,127,7756,-7796,11184,-12,123,-112,-13480,3156,6688,-1086,100,-23,-13616,-6296,6324,-534,94,-143,0
2591.216701030731,8696,7436,10996,-146,-17,118,7508,-7820,11184,-16,167,-130,-13376,3152,6712,-1036,64,-73,-13544,-6280,6080,-535,102,-124,0
2591.2501969337463,8428,7608,10728,-155,-20,119,7652,-7768,11088,-28,147,-131,-13488,3268,6748,-1040,76,-59,-13568,-6176,6176,-535,95,-100,0
2591.2836389541626,8424,7740,10880,-118,-34,121,7676,-7808,11332,-43,161,-133,-13424,3228,6648,-1063,85,-48,-13384,-6200,6012,-545,119,-141,0
2591.3169209957123,8408,7668,10716,-124,-22,141,7592,-7756,10996,22,136,-146,-13456,3160,6872,-1038,75,-48,-13476,-6364,6152,-540,113,-99,0
2591.3504500389095,8428,7708,10880,-171,-25,139,7608,-7792,11020,12,133,-129,-13384,3204,6784,-1044,131,-74,-13592,-6236,6128,-535,116,-86,0
2591.3836290836334,8468,7660,10956,-112,-42,184,7544,-7780,11284,-249,89,-74,-13428,3324,6704,-1119,94,-19,-13764,-6316,6160,-594,149,-117,0
2591.421713113785,8312,7564,10804,-139,-29,200,7620,-7776,11256,33,94,-80,-13460,3284,6712,-1071,92,-52,-13476,-6396,6168,-600,118,-90,0
2591.4571149349213,8532,7696,10840,-47,251,199,7680,-7760,11168,-26,79,-73,-13432,3148,6668,-1046,123,-14,-13628,-6228,6248,-596,92,-83,0
2591.4921391010284,8564,7680,10720,-131,-9,176,7668,-7840,11084,32,121,-90,-13460,3260,6632,-1021,107,239,-13608,-6088,6236,-526,115,-60,0
2591.5273921489716,8488,7664,10896,-160,29,189,7540,-7888,11168,2,115,-91,-13548,3240,6696,-1047,108,-38,-13632,-6260,6088,-491,82,-98,0
2591.5629930496216,8484,7716,10604,-139,27,154,7928,-7836,11480,32,159,-93,-13576,3248,6652,-1008,73,225,-13524,-6212,6160,-538,92,-114,0
2591.5988941192627,8568,7712,10988,-164,-24,119,7600,-7756,10912,-44,157,-137,-13516,3200,6792,-979,68,-59,-13532,-6212,6376,-517,108,-140,0
2591.6338360309605,8500,7656,10668,-106,-48,99,7536,-7656,11004,-68,145,-161,-13488,3176,6820,-990,56,-41,-13504,-6224,6116,-485,130,-141,0
2591.6691949367523,8464,7596,10856,-146,-15,76,7656,-7740,11092,-254,196,-160,-13396,3224,6752,-970,66,-91,-13556,-6328,6088,-451,150,-115,0
2591.7042310237885,8204,7776,10924,-224,-11,71,7580,-7796,11212,33,195,-158,-13512,3280,6848,-1267,69,-54,-13392,-6296,6172,-504,153,-107,0
2591.7395091056824,8332,7716,10932,-158,-104,122,7552,-7916,11276,-23,95,-200,-13416,3224,6744,-1056,143,-154,-13544,-6208,6248,-485,216,-78,0
2591.774927139282,8232,7700,10888,-154,-118,128,7592,-7900,11260,-15,83,-204,-13372,3272,6564,-782,114,-102,-13472,-6192,6376,-532,173,-85,0
2591.8105869293213,8356,7684,10864,-128,-114,155,7584,-7732,11120,0,71,-195,-13348,3276,6792,-1039,126,-81,-13556,-6172,6132,-516,184,-102,0
2591.846024990082,8444,7684,10848,-95,-72,153,7656,-7724,11224,243,76,-146,-13412,3312,6684,-1013,137,-77,-13592,-6324,6212,-510,137,-50,0
2591.881772994995,8440,7676,10864,-163,-14,184,7432,-7912,11044,-26,113,-147,-13324,3264,6888,-1010,149,-61,-13636,-5920,5896,-496,96,-94,0
2591.9177420139313,8288,7600,10968,-157,-7,126,7468,-7908,11108,-43,115,-156,-13344,3112,6752,-887,-42,-113,-13600,-6168,6180,-525,129,-139,0
2591.9528229236603,8688,7644,10772,-126,-27,144,7644,-7900,11172,-24,102,-134,-13396,3224,6728,-1054,125,-72,-13492,-6180,5908,-550,205,-96,0
2591.9881200790405,8500,7632,10888,-114,-108,152,7512,-7724,11136,-10,68,-181,-13384,3236,6572,-1075,111,-115,-13436,-6152,6364,-522,192,-73,0
2592.0237109661102,8340,7728,10844,-119,-98,174,7560,-7808,11204,31,10,-170,-13488,3232,6500,-1090,126,-89,-13620,-6176,6208,-528,202,-72,0
2592.0591950416565,8476,7436,11076,-134,-125,197,7584,-7840,11076,38,86,-154,-13348,3336,6796,-1148,11,-83,-13620,-6144,6240,-598,178,-67,0
2592.092502117157,8448,7452,10848,-131,-57,212,7548,-7784,11128,36,73,-76,-13468,3368,6812,-1121,148,-36,-13600,-6340,6120,-566,77,-32,0
2592.1260299682617,8424,7744,10936,-54,-22,205,7644,-7756,11276,-12,88,-71,-13548,3268,6708,-1117,118,-41,-13488,-6152,6200,-563,107,-71,0
2592.1594920158386,8476,7852,10772,-136,254,183,7792,-7784,11224,20,70,-105,-13472,3284,6744,-1073,132,-34,-13616,-6356,6132,-549,100,-89,0
2592.1931660175323,8252,7900,10832,-121,-65,172,7596,-7764,11016,-24,114,-122,-13384,3164,6816,-771,121,-17,-13776,-6360,5952,-503,119,-107,0
2592.2266991138454,8192,7784,10752,-136,-63,131,7480,-7692,11224,-38,148,-173,-13516,2832,6744,-962,72,-54,-13820,-6436,5892,-452,165,-182,0
2592.260255098343,8376,7836,10988,-215,-79,64,7732,-7632,11244,-98,206,-190,-13460,3120,6776,-921,251,-83,-13812,-6252,6116,-479,124,-217,0
2592.2936909198766,8668,7864,10752,-177,-78,20,7676,-7772,11200,-65,208,-210,-13432,3160,6604,-926,-33,-133,-13620,-6356,6072,-441,135,-206,0
2592.327348947525,8424,7756,10984,-206,-85,13,7600,-7804,11244,-10,217,-223,-13528,3268,6784,-980,84,-137,-13308,-6216,6128,-427,13,-124,0
2592.360917091369,8500,7656,10980,-161,-111,98,7552,-7888,11224,-33,135,-237,-13484,3312,6752,-996,124,-125,-13468,-6196,6160,-471,289,-78,0
2592.3941740989685,8496,7704,10884,-155,-196,125,7548,-7748,11128,-8,72,-247,-13444,3360,6544,-1014,172,-122,-13680,-6248,6284,-481,232,-43,0
2592.4276001453404,8432,7640,10860,-135,-115,150,7712,-7792,11200,-27,58,-235,-13540,3388,6728,-1009,180,-143,-13588,-6228,6204,-476,186,-61,0
2592.461133003235,8460,7708,10852,-141,-119,144,7648,-7920,11164,-31,85,-134,-13496,3076,6708,-1037,100,-97,-13668,-6228,6184,-509,147,-81,0
2592.4944701194763,8564,7676,10888,-143,-54,151,7644,-7732,11232,-30,111,-124,-13460,3092,6756,-977,60,-84,-13712,-6212,5904,-547,104,-121,0
2592.5282170772552,8528,7756,10836,-180,-50,148,7668,-7920,11092,-66,125,-123,-13448,3260,6712,-969,59,-28,-13660,-6168,6352,-257,71,-131,0
2592.561911106109,8544,7592,10772,-154,-24,111,7792,-7796,11072,-83,138,-143,-13320,3232,6856,-986,63,-28,-13692,-6152,6188,-512,90,-146,0
2592.595577955246,8580,7656,10984,-156,-70,84,7652,-7856,11284,-16,151,-149,-13472,3220,6656,-995,91,-76,-13532,-6212,6176,-490,96,-158,0
2592.6291069984436,8444,7904,10624,-124,-4,109,7456,-7856,11096,-16,102,-173,-13300,3284,6700,-971,102,-123,-13484,-6312,6104,-525,157,-145,0
2592.662364959717,8352,7908,10844,-117,-101,81,7552,-7880,11092,-49,113,-225,-13480,3504,6720,-993,81,-102,-13548,-6248,6316,-539,145,-145,0
2592.695785045624,8440,7808,10664,-137,-99,97,7644,-7716,11092,-46,98,-171,-13432,3268,6420,-956,63,-71,-13704,-6224,6040,-501,98,-108,0
2592.729453086853,8480,7460,10920,-183,-23,113,7680,-7756,11116,-53,90,-148,-13504,3112,6860,-976,107,-73,-13660,-6296,6064,-488,120,-148,0
2592.7629950046535,8660,7456,10524,-214,-42,72,7668,-7636,11172,-13,161,-156,-13444,3184,6980,-990,35,-88,-13420,-6252,5904,-469,103,-179,0
2592.79670214653,8484,7752,10824,-178,-25,45,7636,-7744,11404,-19,221,-165,-13420,3180,6924,-955,-15,-115,-13800,-6352,6316,-445,75,-207,0
2592.8302271366124,8188,7804,10676,-195,27,-9,7860,-7840,11260,-44,227,-206,-13456,3304,6888,-842,-103,-66,-13480,-6340,5932,-463,102,-181,0
2592.8636939525604,8460,7776,10812,-154,-19,33,7692,-7812,11140,-66,211,-191,-13400,3228,6780,-957,-13,-76,-13756,-6180,5948,-464,120,-186,0
2592.897078037262,8336,7748,10932,-197,-14,35,7436,-7776,11112,-6,185,-192,-13372,3568,6692,-894,63,-109,-13332,-6176,6268,-442,145,-131,0
2592.93061709404,8296,7580,10908,-196,-74,79,7624,-7728,11080,-74,140,-195,-13416,3400,6912,-915,73,-72,-13600,-6188,6188,-445,133,-105,0
2592.964179992676,8320,7704,10764,-191,-74,81,7600,-7876,11032,-59,113,-186,-13380,3340,6864,-967,151,-39,-13512,-6216,6228,-426,117,-100,0
2592.9976530075073,8328,7692,10868,-185,-30,99,7648,-7860,11220,-100,126,-162,-13556,3272,6772,-930,108,-24,-13548,-6200,6196,-467,146,-96,0
2593.0312740802765,8696,7624,10824,-135,-50,112,7676,-7768,11276,-55,146,-154,-13428,3296,6988,-959,81,-93,-13572,-6156,6200,-497,142,-155,0
2593.0643129348755,8400,7696,11100,-128,-92,58,7452,-7696,11228,-43,169,-163,-13440,3232,6844,-977,46,-89,-13544,-6324,6140,-470,104,-184,0
2593.101724147796,8424,7712,10936,-178,-18,31,7552,-7768,11024,-26,217,-154,-13488,3352,6804,-988,9,-35,-13532,-6236,6168,-456,73,-209,0
2593.137442111969,8396,7720,10964,-141,5,54,7924,-8152,11204,-60,201,-138,-13428,3332,6892,-989,33,-54,-13488,-6208,5960,-469,78,-188,0
2593.1730611324306,8280,7692,10824,-155,-246,60,7600,-7788,11104,-38,191,-152,-13388,3312,6800,-977,32,-78,-13488,-6196,5932,-479,102,-145,0
2593.2086780071254,8212,7900,10808,-169,-46,57,7660,-7932,11252,-52,156,-173,-13380,3236,6756,-980,141,-84,-13532,-6252,6132,-464,209,-109,0
2593.2443399429326,8264,7764,10888,-211,-119,104,7608,-7848,11128,-64,130,-239,-13364,3208,6844,-947,139,-151,-13480,-6392,6204,-423,233,-69,0
2593.280151128769,8652,7788,10956,-235,-185,80,7684,-7744,11264,-52,141,-510,-13552,3296,6916,-949,155,-161,-13604,-6264,6396,-410,243,-56,0
2593.315619945526,8224,7816,11000,-328,-221,125,7604,-8000,11244,-43,149,-306,-13508,3296,6804,-955,122,-174,-13644,-6332,6224,-467,298,-44,0
2593.351189136505,8432,7828,10956,-229,-326,147,7504,-7824,11264,-85,27,-301,-13396,3308,6736,-1030,359,-225,-13596,-6296,6208,-505,225,-17,0
2593.3875679969788,8488,7932,10764,-235,-309,185,7712,-7712,11228,-135,2,-306,-13440,3328,6792,-904,218,-98,-13808,-6368,6148,-485,192,-16,0
2593.422327041626,8412,7704,10848,-292,-292,204,7640,-7756,11128,-133,16,-279,-13324,3564,6892,-951,242,-154,-13532,-6112,6244,-431,192,24,0
2593.458071947098,8496,7680,10872,-242,-245,260,7432,-7872,11076,-135,-254,-506,-13436,3272,6460,-986,283,-116,-13564,-6132,6192,-439,202,24,0
2593.493348121643,8456,7620,10904,-404,-262,284,7776,-7852,11232,-11,-7,-238,-13412,3280,6600,-1013,288,-163,-13584,-6260,6396,-438,202,12,0
2593.529466152191,8572,7688,10568,-332,-178,231,7652,-7788,11008,-26,12,-237,-13416,3260,6932,-1014,311,-202,-13384,-5904,6060,-496,274,11,0
2593.5650401115417,8628,7604,10880,-310,-296,237,7704,-7884,11188,52,11,-306,-13588,3096,6580,-1055,267,-191,-13640,-6176,6008,-474,315,-12,0
2593.6006660461426,8636,7564,10912,-333,-371,261,7780,-7896,11008,72,14,-306,-13588,3188,6648,-1089,204,-235,-13564,-6188,6104,-435,266,-46,0
2593.635582923889,8472,7576,10836,-325,-407,184,7720,-7848,11184,83,67,-287,-13472,3180,6664,-1031,132,-244,-13520,-6316,6224,-542,336,-110,0
2593.6712629795074,8376,7588,10884,-250,-409,148,7532,-7712,11068,12,72,-365,-13340,3256,6920,-985,132,-227,-13608,-6260,6120,-766,306,-58,0
2593.7071211338043,8564,7640,10752,-290,-426,164,7848,-7752,11116,-67,54,-350,-13460,3296,6720,-972,177,-242,-13572,-6072,6116,-442,282,-7,0
2593.7428629398346,8668,7488,10808,-348,-393,209,7704,-7628,11192,-56,191,-302,-13408,3164,6688,-960,203,-176,-13660,-6380,5756,-405,236,-34,0
2593.776473045349,8696,7828,10928,-314,-312,185,7828,-7768,11184,-104,134,-244,-13332,3232,6828,-955,186,-119,-13792,-6204,5700,-431,168,-22,0
2593.810111999512,8552,7436,10728,-283,-196,176,7864,-7904,10928,-95,112,-232,-13736,3272,6660,-934,143,-106,-13600,-6004,5976,-449,169,-83,0
2593.843645095825,8828,7392,10748,-155,-104,118,7832,-7932,10780,-69,145,-180,-13676,3100,6660,-1036,66,-89,-13656,-6012,5832,-509,143,-156,0
2593.877233982086,8860,7392,10660,-108,75,33,7916,-7736,10996,42,216,-114,-13692,3100,6488,-1044,-37,-71,-13652,-6080,6044,-484,62,-254,0
2593.9106011390686,8744,7536,10604,-112,172,-21,7728,-7716,10920,87,299,-112,-13420,3120,6684,-1060,-35,-60,-13556,-6160,5928,-455,99,-243,0
2593.9440660476685,8668,7476,10796,-97,101,-25,7892,-7748,11192,47,278,-114,-13496,3188,6652,-1066,-61,-53,-13608,-6312,6172,-481,137,-245,0
2593.977823019028,8588,7596,10840,-45,68,-27,7680,-7784,11180,-9,263,-128,-13500,3288,6688,-1280,-41,-37,-13612,-6148,6044,-482,106,-228,0
2594.0114231109615,8500,7628,10972,-26,93,32,7884,-7780,11100,-32,238,-110,-13412,3188,6876,-999,-23,-27,-13592,-6164,6056,-443,95,-225,0
2594.044983148575,8532,7552,10948,-90,58,-246,7644,-7772,11232,-25,228,-177,-13524,3088,6896,-980,-29,-99,-13564,-6212,6136,-431,78,-198,0
2594.0787451267242,8508,7684,10992,-97,83,-11,7624,-7788,11168,-33,207,-167,-13416,3244,6980,-994,-35,-61,-13576,-6228,6188,-424,76,-229,0
2594.1120769977574,8572,7428,10976,-92,101,-59,7568,-7872,11236,21,274,-152,-13444,3372,6816,-995,-188,-46,-13596,-6208,6260,-493,97,-296,0
2594.14559006691,8692,7656,10888,-54,90,-61,7532,-7776,11044,23,285,-160,-13296,3180,6840,-1039,-103,-81,-13536,-6348,6256,-506,110,-293,0
2594.1792211532593,8408,7644,10936,-19,37,-51,7608,-7788,11188,42,302,-190,-13396,3320,6472,-999,-77,-161,-13628,-6296,6188,-506,212,-271,0
2594.2126219272614,8572,7612,10748,-52,-34,-42,7588,-7704,11068,53,237,-244,-13404,3184,6820,-1277,-30,-200,-13556,-6228,5988,-500,233,-237,0
2594.2459359169,8592,7892,10712,-41,251,-6,7432,-7684,11180,62,188,-231,-13416,3204,6624,-1069,40,-128,-13520,-6200,6108,-544,233,-210,0
2594.2792129516606,8532,7744,10804,4,0,1,7748,-7672,11216,68,187,-198,-13488,3264,7076,-1016,30,-108,-13660,-6300,6124,-540,192,-241,0
2594.3123910427094,8484,7748,10920,-24,41,-254,7696,-7428,11244,-36,182,-189,-13340,3316,6872,-948,20,-119,-13772,-6276,6140,-503,163,-152,0
2594.346111059189,8488,7792,10928,-113,30,28,7704,-7688,11060,-92,191,-160,-13392,3160,6784,-924,18,-64,-13564,-6292,6076,-488,112,-160,0
2594.3795630931854,8576,7712,10892,-136,-23,60,7760,-7616,11108,-79,185,-117,-13448,3172,6752,-952,64,-244,-13608,-6300,6060,-477,131,-160,0
2594.4128019809723,8468,7752,10876,-127,49,115,7456,-7732,11208,-92,129,-103,-13444,3252,6884,-1049,86,-16,-13608,-6280,6116,-458,54,-140,0
2594.446373939514,8544,7924,10512,-152,48,112,7884,-7796,11108,-35,145,-78,-13400,3284,6948,-1002,65,-16,-13556,-6336,5944,-481,49,-163,0
2594.47966003418,8336,7708,10932,-108,87,90,7580,-7792,11220,-36,168,-103,-13532,3208,6960,-1049,26,239,-13352,-6296,6040,-463,73,-143,0
2594.5130779743195,8372,7756,10896,-95,59,69,7508,-7704,11032,20,155,-139,-13384,3160,6860,-1044,49,-29,-13524,-6352,6160,-470,118,-179,0
2594.5468051433563,8276,7776,10984,-105,13,81,7600,-7848,11176,-27,138,-143,-13568,3288,6676,-1276,74,-43,-13528,-6364,6244,-473,137,-136,0
2594.580116033554,8276,7772,10968,-115,-47,52,7656,-7872,11192,-53,167,-188,-13336,3320,6928,-960,37,-119,-13556,-6232,6168,-498,146,-149,0
2594.616583108902,8632,7772,10860,-80,-36,41,7720,-7696,11116,-79,169,-213,-13516,3248,6908,-982,59,-108,-13584,-6280,6208,-465,138,-174,0
2594.6504199504852,8464,7724,10988,-137,-44,52,7664,-7728,11188,-40,163,-175,-13364,3204,6816,-983,66,-72,-13744,-6344,6212,-450,114,-141,0
2594.6835989952087,8340,7892,10996,-163,25,69,7652,-7824,11104,-5,129,-156,-13520,3256,6784,-971,81,-77,-13320,-6324,6096,-451,88,-122,0
2594.7172260284424,8400,7724,10984,-97,-59,100,7804,-7784,11268,-73,120,-165,-13528,3264,6896,-990,59,-83,-13572,-6292,6392,-764,114,-156,0
2594.752820968628,8512,7732,10844,-138,-12,71,7716,-7932,11448,-38,122,-153,-13368,3228,6872,-778,54,-23,-13488,-6288,6064,-512,90,-150,0
2594.7882709503174,8432,7736,10748,-115,-10,117,7604,-7736,11108,-24,149,-120,-13340,3084,6752,-1014,67,-94,-13508,-6392,6096,-516,116,-143,0
2594.8230690956116,8388,7532,10676,-112,-36,77,7440,-7688,11388,-42,162,-166,-13304,3296,6880,-1039,26,-64,-13544,-6468,5980,-496,116,-169,0
2594.8586740493774,8440,7768,10572,-175,-25,77,7648,-7696,11320,-41,173,-149,-13416,3364,7088,-1053,16,-43,-13552,-6300,6048,-469,83,-171,0
2594.8933560848236,8196,7752,10812,-145,-6,63,7668,-7756,11184,-21,133,-165,-13360,3304,6860,-1019,35,-63,-13492,-6252,6088,-481,96,-133,0
2594.9286599159245,8312,7856,10924,-148,-47,100,7580,-7804,11224,19,153,-175,-13300,3280,6900,-1004,111,-44,-13516,-6280,6196,-456,128,-144,0
2594.96395111084,8372,7744,10904,-146,-50,76,7892,-7764,11172,-22,146,-215,-13372,3208,6828,-1028,87,-126,-13496,-6212,6248,-469,139,-143,0
2594.999577999115,8416,7744,10944,-178,-71,61,7596,-7848,11164,-5,156,-206,-13312,3348,6796,-1048,79,-98,-13520,-6328,6216,-454,175,-142,0
2595.0347390174866,8316,7752,10884,-186,-107,91,7648,-7768,11180,-255,167,-215,-13328,3164,6776,-1054,88,-150,-13536,-6288,6272,-464,163,-143,0
2595.0706191062927,8288,7700,10948,-195,-90,90,7460,-7688,11252,-20,171,-202,-13368,3124,6808,-1034,91,-104,-13628,-6596,6364,-465,159,-139,0
2595.106145143509,8372,7908,10968,-178,-85,89,7660,-7784,11304,-19,183,-190,-13404,3136,6876,-1013,74,-98,-13444,-6356,6188,-464,170,-157,0
2595.1417820453644,8276,7724,10668,-150,-62,84,7608,-7764,11216,-24,184,-182,-13416,3152,6992,-1030,99,-59,-13620,-6328,6108,-459,163,-134,0
2595.1777451038365,8436,7776,10704,-152,-50,71,7460,-7876,11440,-21,198,-187,-13376,3208,6908,-1037,73,-98,-13556,-6272,6144,-467,171,-168,0
2595.2125890254974,8400,7744,10612,-154,-78,90,7668,-7728,11220,-4,214,-179,-13344,3176,6716,-1029,107,-138,-13336,-6360,5956,-477,208,-128,0
2595.248121023178,8264,7872,10864,-146,-87,99,7524,-7712,11264,-9,148,-207,-13320,3156,6884,-1014,116,-133,-13576,-6396,6176,-457,198,-102,0
2595.2835309505463,8376,7784,10924,-177,-164,129,7564,-7632,11304,253,136,-231,-13332,3220,6984,-1014,120,-151,-13468,-6372,6120,-498,509,-103,0
2595.319123983383,8392,7776,10980,-196,-184,163,7616,-7880,11240,-11,91,-263,-13404,3152,6720,-1036,160,-103,-13608,-6172,5916,-497,204,-68,0
2595.354198932648,8328,7788,10808,-188,-196,179,7536,-7768,11224,-39,50,-220,-13512,3156,7084,-1011,145,-134,-13584,-6636,6380,-507,185,-54,0
2595.389678001404,8332,7844,10832,-236,-168,203,7636,-7676,11192,-22,87,-237,-13416,3288,6832,-1001,136,-130,-13488,-6376,6192,-438,205,-85,0
2595.4250781536102,8304,7776,10832,-266,-187,162,7892,-7744,11220,-14,86,-240,-13352,3112,7028,-1280,159,-140,-13520,-6364,6228,-475,232,-60,0
2595.4586129188538,8400,7784,10620,-229,-173,180,7648,-7788,11204,-12,98,-222,-13556,3164,6936,-987,144,-149,-13620,-6280,5916,-529,213,-80,0
2595.4919331073766,8404,7804,11080,-2,-193,161,7556,-7780,11396,-44,105,-215,-13448,3232,6820,-1024,135,-139,-13524,-6252,6000,-499,202,-70,0
2595.525498151779,8348,7704,10752,-210,-174,185,7660,-7428,11484,-7,38,-229,-13400,3064,6696,-1004,210,-134,-13524,-6336,6056,-465,196,-53,0
2595.559173107147,8324,7848,10936,-215,-210,178,7696,-7744,11056,-41,41,-263,-13376,3192,6776,-1011,204,-143,-13528,-6192,6164,-503,296,-19,0
2595.59246301651,8424,7452,10900,-261,-249,170,7668,-7760,11172,8,41,-290,-13368,3296,6908,-1058,197,-196,-13604,-6284,6088,-458,260,-249,0
2595.6261141300206,8484,7676,10768,-237,-310,209,7732,-7444,11208,14,80,-215,-13448,3172,6932,-781,171,-134,-13712,-6196,6100,-491,180,-61,0
2595.659613132477,8500,7732,10860,-275,-171,219,7708,-7732,11224,252,102,-162,-13468,3140,6856,-1022,3,-79,-13368,-6148,5948,-480,94,-68,0
2595.6930711269374,8580,7788,10804,-297,-181,169,7656,-7684,11276,-69,98,-200,-13456,3140,6864,-1000,152,-92,-13400,-6288,5900,-466,181,-66,0
2595.7266819477086,8200,7812,10776,-280,-214,158,7668,-7632,11204,-18,127,-234,-13388,3104,6860,-1025,160,-122,-13512,-6216,6160,-488,207,-66,0
2595.760241985321,8532,7708,10748,-223,-218,174,7572,-7716,11252,-37,51,-207,-13464,3076,6668,-1013,192,-140,-13540,-6348,6176,-489,201,-51,0
2595.7939829826355,8416,7624,10940,-223,-201,191,7724,-7704,11276,-36,61,-212,-13464,3144,6856,-1000,188,-140,-13364,-6256,5936,-470,203,-46,0
2595.827644109726,8392,7612,10996,-198,-159,143,7596,-7740,11224,-47,75,-229,-13436,3084,6780,-1004,169,-111,-13560,-6268,6028,-496,218,-62,0
2595.861246109009,8584,7624,10788,-195,-137,173,7708,-7652,10832,-10,60,-202,-13348,3168,6916,-1033,184,-80,-13568,-6280,6084,-473,182,-69,0
2595.8942430019374,8448,7668,10680,-162,-90,165,7824,-7592,11224,-21,117,-162,-13408,3108,6872,-1014,146,-28,-13636,-6284,6100,-473,143,-97,0
2595.9278869628906,8568,7720,10700,-154,-63,105,7716,-7716,11236,-17,147,-149,-13500,3076,6804,-1275,78,-58,-13400,-6176,5960,-483,109,-161,0
2595.96165394783,8252,7640,10720,-154,27,82,7844,-7764,11220,-7,212,-142,-13484,3172,6648,-1042,67,-69,-13700,-6368,5996,-479,103,-178,0
2595.9949481487274,8560,7464,10932,-131,32,76,7768,-7756,11128,-11,220,-156,-13360,3256,6772,-1059,77,-86,-13604,-6172,5980,-508,101,-184,0
2596.0284810066223,8248,7892,10836,-105,13,63,7788,-7652,11036,7,181,-130,-13392,3216,6756,-1064,50,-13,-13444,-6240,5948,-492,126,-123,0
2596.062017917633,8672,7448,10964,-116,7,79,7636,-7808,11400,4,179,-162,-13384,2860,6668,-1274,82,-18,-13632,-6252,6096,-457,161,-141,0
2596.0955300331116,8636,7720,10712,-119,-18,91,7684,-7760,11328,-32,150,-173,-13500,3100,6676,-995,97,-109,-13584,-6300,6124,-483,149,-132,0
2596.1291069984436,8544,7712,10804,-107,-73,122,7424,-7760,11180,-19,128,-170,-13364,3208,6932,-1040,87,-120,-13620,-6188,6152,-259,183,-101,0
2596.1626081466675,8360,7748,10792,-167,-128,118,7688,-7816,11132,254,123,-153,-13304,3072,6936,-1039,76,-68,-13568,-6348,6136,-514,160,-117,0
2596.1956379413605,8356,7788,10832,-88,-63,94,7840,-7456,11272,-75,136,-160,-13448,3116,7128,-1013,91,-68,-13576,-6356,6112,-497,147,-166,0
2596.2292840480804,8256,7784,10888,-145,-49,76,7488,-7848,11040,-18,159,-174,-13080,3196,6684,-973,78,-90,-13572,-6256,5988,-495,177,-124,0
2596.2628490924835,8668,7704,10828,-133,-51,103,7588,-7652,11204,-9,135,-174,-13508,3168,6800,-770,99,-98,-13676,-6236,5948,-487,144,-112,0
2596.2964611053467,8276,7728,10992,-125,-17,133,7720,-7708,11168,-14,119,-132,-13528,3192,6796,-1022,125,-79,-13824,-6352,5988,-495,109,-144,0
2596.330141067505,8500,7592,10888,-152,7,93,7692,-7760,11244,-31,129,-147,-13432,3184,6716,-1035,83,-11,-13588,-6280,6064,-268,98,-168,0
2596.363718032837,8604,7664,10820,-123,4,87,7644,-7908,11040,-34,155,-154,-13340,3088,6748,-1021,58,-41,-13636,-6380,6044,-496,116,-145,0
2596.3968391418457,8608,7624,10848,-169,19,87,7672,-7716,11292,12,150,-142,-13384,3244,6828,-1052,79,-43,-13616,-6344,6072,-767,118,-138,0
2596.4322531223297,8620,7724,10976,-92,32,96,7892,-7724,11008,-16,139,-106,-13400,2840,7152,-773,59,-85,-13548,-6292,6020,-269,99,-133,0
2596.468029975891,8496,7760,10756,-99,0,78,7736,-7460,11388,-11,159,-129,-13288,3184,7020,-1065,50,-39,-13604,-6304,5996,-528,102,-188,0
2596.5028679370885,8436,7776,10808,-115,19,94,7616,-7516,11240,-256,181,-116,-13128,3080,7052,-1045,58,-70,-13636,-6388,6156,-520,111,-136,0
2596.538696050644,8304,7684,10884,-102,-8,113,7588,-7808,11060,23,158,-128,-13372,3192,6784,-1080,45,-4,-13560,-6248,6052,-767,122,-129,0
2596.573622941971,8500,7772,10780,-128,4,131,7496,-7708,11264,-4,148,-117,-13192,3152,6840,-1031,59,-51,-13484,-6336,6128,-533,97,-167,0
2596.6095600128174,8552,7756,10796,-111,-249,108,7664,-7788,11228,-44,148,-108,-13428,3184,6784,-1031,37,253,-13364,-6348,6068,-531,89,-160,0
2596.645000934601,8484,7764,10568,-91,18,121,7584,-7712,11164,-33,147,-119,-13408,3132,6788,-1280,59,-16,-13696,-6332,6124,-525,89,-119,0
2596.6808550357814,8448,7804,10856,-136,-250,135,7476,-7912,11128,-8,143,-130,-13364,3184,6792,-1014,74,1,-13552,-6616,6068,-505,91,-128,0
2596.7160289287567,8476,7700,10824,-161,-51,85,7604,-7504,11304,-23,169,-126,-13476,3108,6932,-975,78,-36,-13504,-6364,6088,-474,126,-115,0
2596.7520711421967,8440,7836,10620,-126,-9,114,7648,-7664,11192,-60,142,-163,-13452,3072,6784,-994,90,-58,-13580,-6324,5976,-494,138,-141,0
2596.788241147995,8344,7708,10836,-208,-80,76,7616,-7584,11148,-11,174,-174,-13416,3140,7068,-1015,46,-130,-13580,-6364,6072,-450,176,-144,0
2596.8235030174255,8320,7828,10700,-136,-73,69,7632,-7628,11280,-56,200,-190,-13380,2820,6884,-1001,60,-48,-13596,-6412,6128,-435,113,-192,0
2596.8599350452423,8380,7832,10872,-209,-77,24,7424,-7668,11180,-53,213,-210,-13388,3104,6860,-958,45,-66,-13824,-6308,6152,-394,136,-168,0
2596.8949060440063,8400,7828,10804,-228,-9,62,7640,-7660,11316,-69,204,-186,-13324,3236,6740,-957,74,-61,-13448,-6308,6032,-417,133,-142,0
2596.9305510520935,8340,7776,10744,-198,-37,58,7644,-7724,11348,-40,149,-171,-13344,3156,6964,-995,81,-85,-13344,-6332,6100,-420,142,-128,0
2596.9659271240234,8220,7740,11164,-184,-49,93,7616,-7688,11160,-31,121,-161,-13564,3096,6820,-965,109,-76,-13568,-6216,6136,-467,123,-164,0
2597.0019049644466,8364,7776,10836,-148,-42,105,7664,-7732,11464,-56,152,-176,-13284,3320,6908,-938,70,-57,-13792,-6196,5932,-496,106,-128,0
2597.038129091263,8668,7716,10872,-155,-82,110,7624,-7688,11288,-23,138,-148,-13300,3220,6672,-982,83,-91,-13336,-6272,6084,-768,158,-144,0
2597.0736269950867,8220,7908,10524,-133,-58,113,7564,-7848,11040,-12,117,-144,-13488,3140,7116,-1040,84,-110,-13512,-6360,6112,-534,165,-147,0
2597.1093249320984,8336,7740,10896,-133,-69,114,7648,-7796,11272,-4,156,-180,-13440,3196,6900,-776,74,-93,-13556,-6388,6392,-498,149,-139,0
2597.1427271366124,8404,7840,10820,-165,-12,68,7596,-7688,11036,37,133,-201,-13348,3200,7028,-1034,59,-53,-13636,-6308,6116,-522,160,-159,0
2597.176520109176,8444,7792,10784,-161,-62,81,7568,-7712,11208,20,189,-182,-13384,3160,6972,-1036,50,-78,-13480,-6356,6184,-564,176,-145,0
2597.210210084915,8336,7840,10664,-174,-70,94,7644,-7708,11152,-2,214,-191,-13372,3208,6888,-1020,24,-112,-13652,-6360,6236,-511,202,-161,0
2597.243567943573,8292,7864,10808,-159,-109,101,7572,-7644,11216,-11,165,-186,-13144,3156,6656,-991,59,-96,-13552,-6652,6064,-520,179,-128,0
2597.277274131775,8256,7800,10944,-196,-105,98,7596,-7636,11316,-52,126,-194,-13108,3316,6948,-997,89,-137,-13352,-6184,6036,-487,190,-88,0
2597.3107421398163,8432,7772,10668,-172,-101,123,7616,-7668,11228,-30,142,-181,-13324,3128,6892,-980,107,-110,-13632,-6332,5852,-487,179,-132,0
2597.34418797493,8340,7796,10892,-172,-91,113,7908,-7616,11152,-26,108,-210,-13428,3176,7008,-977,116,-67,-13816,-6384,6028,-492,175,-85,0
2597.37762594223,8500,7772,10816,-140,-69,113,7692,-7632,11272,-52,121,-165,-13396,3164,6768,-1010,97,-110,-13804,-6244,6044,-465,134,-91,0
2597.4111161231995,8256,7800,10552,-109,-19,108,7732,-7624,11140,-76,105,-149,-13484,3192,6828,-1269,88,-51,-13684,-6260,5928,-766,62,-127,0
2597.4446990489964,8596,7768,10848,-139,-41,94,7900,-7500,11208,-56,150,-116,-13444,3196,6644,-1038,31,225,-13768,-6316,6396,-506,114,-154,0
2597.4780650138855,8232,7760,10916,-204,-17,118,7804,-7712,11012,-21,163,-122,-13384,3156,6972,-992,71,-19,-13496,-6352,6084,-469,50,-99,0
2597.511696100235,8360,7872,10788,-147,16,111,7656,-7600,11180,-103,157,-110,-13388,3112,6784,-952,42,-35,-13576,-6316,6132,-484,60,-137,0
2597.545266151428,8668,7760,10940,-197,-15,91,7612,-7768,11240,-51,140,-132,-13216,3172,6728,-964,102,-57,-13536,-6332,6216,-476,125,-116,0
2597.578742980957,8284,7800,10952,-165,-60,113,7488,-7828,11220,-58,128,-168,-13308,3248,6980,-1000,82,-95,-13428,-6260,5904,-481,159,-109,0
2597.6122670173645,8436,7708,11008,-197,-94,165,7512,-7772,11008,-24,118,-190,-13312,3228,7140,-988,118,-93,-13444,-6348,6168,-460,178,-98,0
2597.645668029785,8300,7772,10984,-204,-165,128,7600,-7876,11216,-91,135,-234,-13064,3172,6924,-997,135,-112,-13536,-6332,6272,-501,160,-112,0
2597.6787810325623,8324,7748,10528,-243,-190,136,7484,-7860,11420,-71,107,-254,-13264,3172,7032,-994,149,-196,-13488,-6328,6096,-495,199,-65,0
2597.7123551368713,8368,7740,10604,-222,-250,153,7492,-7764,11248,-18,56,-284,-13296,3172,7036,-770,166,-209,-13508,-6372,6064,-526,276,-66,0
2597.745782136917,8424,7768,10684,-178,-215,182,7568,-7724,11324,-23,252,-310,-13444,3156,6972,-1013,138,-201,-13536,-6276,6028,-546,251,-60,0
2597.7791659832005,8368,7788,10828,-223,-271,182,7492,-7732,11112,10,67,-262,-13376,2916,6712,-1035,193,-148,-13636,-6296,6120,-472,277,-27,0
2597.8126430511475,8476,7776,10904,-227,-197,210,7464,-7748,11092,-7,65,-259,-13424,3324,7020,-770,175,-183,-13700,-6344,5992,-504,225,-38,0
2597.846179008484,8496,7824,10912,-230,-228,209,7736,-7704,11140,-10,25,-218,-13484,3072,6944,-1049,185,-170,-13596,-6604,5944,-499,224,-47,0
2597.879632949829,8600,7756,10872,-215,-214,195,7932,-7432,11188,253,33,-224,-13412,3052,6864,-1031,178,-108,-13584,-6280,5728,-768,230,-43,0
2597.913074016571,8400,7900,10772,-235,-235,173,7680,-7744,11092,-35,89,-232,-13372,3316,7160,-1016,159,-134,-13560,-6268,6036,-491,188,-80,0
2597.9467010498047,8488,7752,10784,-252,-198,164,7856,-7716,11064,-25,65,-236,-13344,3128,6748,-981,141,-135,-13688,-6380,6116,-510,216,-61,0
2597.9801349639893,8584,7724,10500,-4,-195,152,7748,-7684,11204,-49,99,-195,-13376,3140,6984,-992,117,-133,-13568,-6416,6088,-493,149,-85,0
2598.0137119293213,8484,7704,10748,-236,-174,139,7684,-7684,11100,-50,86,-188,-13436,3172,6872,-993,118,-125,-13480,-6308,6052,-472,139,-106,0
2598.0473420619965,8692,7736,10816,-274,-179,160,7688,-7756,11216,-44,85,-211,-13372,3140,6796,-972,132,-89,-13544,-6172,5992,-475,191,-36,0
2598.080754995346,8508,7736,10828,-296,-172,180,7644,-7644,11148,-59,67,-199,-13364,3132,6852,-992,179,-102,-13672,-6620,6160,-482,169,-21,0
2598.117686033249,8460,7620,10756,-254,-199,203,7488,-7724,11304,-69,60,-191,-13484,3156,6856,-1012,170,-124,-13572,-6196,6040,-497,174,-71,0
2598.1531131267548,8464,7668,10880,-279,-198,163,7696,-7652,11236,-8,76,-211,-13376,3160,6884,-1034,111,-89,-13732,-6280,6032,-505,178,-73,0
2598.1889071464534,8520,7756,10912,-141,-142,179,7680,-7716,11220,-15,84,-184,-13444,3084,6924,-1008,135,-110,-13348,-6460,6088,-506,158,-115,0
2598.2243371009827,8652,7460,10668,-147,-144,113,7920,-7784,11220,-44,109,-217,-13468,3112,6904,-976,114,-98,-13632,-6388,6024,-502,165,-107,0
2598.259772062301,8584,7584,10972,-163,-78,125,7748,-7572,11096,-30,141,-189,-13568,3100,6880,-1002,87,-90,-13380,-6280,6028,-446,165,-86,0
2598.2949759960175,8588,7732,10580,-171,-51,110,7812,-7632,11056,-13,159,-150,-13444,3076,6904,-1056,93,-40,-13612,-6348,6012,-476,97,-164,0
2598.330884933472,8556,7736,10756,-188,43,79,7680,-7692,11084,-45,179,-155,-13548,2908,6716,-1015,21,-38,-13612,-6364,6076,-480,67,-177,0
2598.367532014847,8568,7692,10764,-144,22,75,7716,-7700,11296,-62,223,-128,-13444,2832,6848,-1001,54,-105,-13624,-6368,5940,-460,149,-147,0
2598.4028260707855,8616,7728,10720,-150,-7,88,7492,-7720,11092,-8,182,-159,-13360,3292,6924,-1029,59,-55,-13472,-6304,6088,-493,185,-118,0
2598.4379930496216,8476,7716,10752,-96,7,93,7636,-7612,11120,-22,149,-174,-13352,3180,6756,-1044,79,-80,-13684,-6384,6144,-480,139,-133,0
2598.473536014557,8548,7732,10820,-101,253,80,7588,-7732,11360,-5,164,-156,-13536,3192,6856,-1004,84,-75,-13672,-6304,6124,-457,116,-163,0
2598.509248971939,8432,7768,10752,-121,19,70,7596,-7796,11332,-39,187,-148,-13404,2936,6896,-984,70,-55,-13644,-6264,6040,-496,113,-162,0
2598.545074939728,8536,7792,10792,-107,4,92,7604,-7664,11172,-17,184,-153,-13340,3048,6856,-1019,74,-72,-13580,-6412,6044,-487,119,-160,0
2598.580323934555,8376,7764,10972,-140,-12,69,7724,-7668,11108,-43,136,-154,-13356,3088,6836,-1023,81,-78,-13556,-6332,6168,-465,149,-131,0
2598.615448951721,8268,7816,10836,-124,12,104,7724,-7680,11200,-75,155,-160,-13380,3180,6920,-983,53,-93,-13348,-6360,5936,-500,104,-164,0
2598.650964975357,8616,7760,10744,-102,-8,39,7584,-7496,11028,-31,158,-143,-13416,3220,6812,-1024,1,-24,-13540,-6264,5948,-494,102,-170,0
2598.6863701343536,8476,7812,10768,-123,-245,73,7528,-7696,11252,23,186,-133,-13348,3044,6964,-990,79,-60,-13524,-6384,5884,-458,96,-142,0
2598.7225489616394,8468,7776,10848,-113,29,74,7716,-7728,11116,-39,161,-179,-13400,3264,6876,-1025,23,-81,-13540,-6260,5892,-262,122,-163,0
2598.7590980529785,8620,7640,10760,-130,-20,94,7652,-7752,11180,254,142,-155,-13428,3080,6816,-1003,46,-71,-13568,-6432,5992,-470,96,-142,0
2598.7923951148987,8516,7788,10952,-112,4,99,7440,-7656,11196,-40,182,-103,-13412,3116,6904,-1028,79,234,-13492,-6544,5960,-467,68,-140,0
2598.825917005539,8540,7744,10820,-136,15,105,7720,-7616,11292,-17,175,-90,-13400,3068,6668,-996,78,-27,-13516,-6352,6116,-502,101,-141,0
2598.859521150589,8368,7772,10644,-135,14,85,7604,-7684,11196,-43,194,-138,-13416,3152,6968,-1000,29,-18,-13548,-6372,6044,-476,68,-178,0
2598.8927180767055,8384,7832,10872,-135,18,53,7628,-7688,11016,-15,212,-134,-13388,3124,6948,-980,4,-56,-13412,-6256,6032,-519,70,-185,0
2598.926059961319,8360,7776,10804,-103,12,60,7452,-7740,11232,-43,195,-186,-13100,3104,6712,-1032,8,-75,-13600,-6252,6168,-497,112,-160,0
2598.959975004196,8392,7796,10712,-113,-9,82,7536,-7648,11252,-37,158,-175,-13336,3100,6932,-979,64,-52,-13380,-6380,5956,-474,114,-132,0
2598.993493080139,8464,7664,10960,-150,-39,92,7692,-7652,11148,-72,142,-164,-13312,3164,7148,-1015,108,-52,-13564,-6264,6036,-486,140,-131,0
2599.0271389484406,8368,7684,10772,-144,-61,105,7640,-7668,11212,-42,139,-182,-13368,3208,7160,-995,79,-37,-13492,-6384,6008,-480,132,-105,0
2599.0607481002808,8444,7784,11172,-158,-32,125,7604,-7660,11292,-19,154,-170,-13312,3120,6764,-1015,111,-78,-13796,-6416,6340,-494,146,-136,0
2599.0943100452423,8228,7732,10804,-152,-58,94,7580,-7464,11220,-34,160,-181,-13468,3124,6860,-992,68,-98,-13808,-6352,6104,-454,170,-133,0
2599.1279060840607,8192,7748,10836,-146,-44,102,7672,-7688,11136,-25,139,-164,-13380,3136,7156,-1004,72,-84,-13588,-6568,5896,-499,119,-155,0
2599.161577939987,8428,7728,10912,-125,-31,93,7440,-7436,11516,-15,133,-173,-13344,3160,6976,-1008,58,-33,-13472,-6284,6140,-483,127,-150,0
2599.1950550079346,8460,7844,10752,-135,-35,92,7592,-7628,11264,-24,143,-177,-13144,3276,6904,-1000,87,-67,-13460,-6388,6100,-487,118,-143,0
2599.2286710739136,8388,7748,10840,-164,-19,90,7608,-7720,11140,254,159,-174,-13424,3184,6948,-988,84,-66,-13532,-6268,6144,-476,127,-138,0
2599.262206077576,8308,7844,10864,-156,-43,94,7640,-7600,11248,-34,151,-153,-13396,3156,7008,-776,99,-118,-13572,-6412,6060,-453,153,-123,0
2599.2954630851746,8432,7736,10912,-162,-61,112,7600,-7736,11516,13,143,-160,-13396,3156,6964,-1016,112,-97,-13392,-6460,6020,-462,173,-106,0
2599.3293011188507,8268,7808,10556,-160,-68,93,7632,-7780,11352,12,130,-194,-13364,3100,7012,-1052,122,-71,-13576,-6308,6180,-466,138,-92,0
2599.3626980781555,8440,7844,10744,-183,-51,99,7632,-7656,11336,2,134,-181,-13560,3212,7044,-1004,105,-88,-13480,-6364,6124,-461,111,-130,0
2599.3957879543304,8344,7796,10684,-178,-47,106,7672,-7684,11480,242,120,-157,-13428,3192,6868,-1015,91,-88,-13516,-6320,6128,-497,146,-103,0
2599.4293301105495,8440,7848,10876,-167,-46,124,7664,-7744,11172,-12,124,-157,-13320,3212,7076,-1032,112,-112,-13524,-6364,6068,-486,146,-98,0
2599.4629900455475,8288,7812,10888,-206,-76,131,7504,-7692,11232,23,134,-178,-13076,3232,6936,-1020,96,-85,-13524,-6228,6084,-486,159,-100,0
2599.496609926224,8328,7772,10952,-240,-154,151,7668,-7708,11336,5,123,-225,-13392,3204,6992,-999,148,-134,-13544,-6404,6160,-475,204,-61,0
2599.5302109718323,8308,7844,10800,-220,-158,161,7636,-7448,11360,-56,94,-230,-13416,3316,7028,-978,136,-139,-13716,-6376,5968,-520,173,-60,0
2599.563684940338,8336,7820,10960,-235,-211,159,7552,-7860,11128,-61,93,-228,-13324,3256,7184,-983,88,-138,-13516,-6320,6028,-540,183,-132,0
2599.5972731113434,8360,7792,10880,-178,-179,157,7556,-7544,11240,-43,101,-205,-13308,3148,6668,-1013,136,-114,-13500,-6360,6088,-453,150,-96,0
2599.636687040329,8420,7860,10932,-207,-182,139,7660,-7816,11476,-11,114,-207,-13156,3156,6848,-995,145,-169,-13536,-6248,6020,-486,501,-103,0
2599.6707460880284,8440,7804,10800,-258,-192,184,7616,-7728,11204,8,96,-230,-13332,3220,7048,-1053,165,-143,-13584,-6308,6076,-443,213,-50,0
2599.7043190002446,8504,7724,10808,-270,-195,176,7740,-7600,11140,-4,72,-204,-13476,3204,6692,-1280,178,-125,-13612,-6400,6088,-469,178,-41,0
2599.7380459308624,8460,7832,10708,-229,-214,177,7636,-7688,11200,-38,88,-214,-13316,3152,7016,-994,191,-73,-13804,-6356,6088,-483,145,-52,0
2599.7714071273804,8384,7488,10724,-267,-202,176,7920,-7624,11168,-71,56,-208,-13304,3040,6668,-1045,144,-97,-13624,-6400,5936,-484,174,-46,0
2599.8088319301605,8488,7716,10760,-509,-217,191,7744,-7652,11140,-14,55,-226,-13512,3068,6856,-1042,216,-155,-13812,-6376,6024,-487,210,-58,0
2599.8438191413884,8488,7764,10536,-212,-218,200,7692,-7764,11148,-10,53,-240,-13368,3204,6980,-1041,188,-97,-13692,-6388,6072,-470,201,-22,0
2599.879688024521,8512,7696,10716,-222,-195,170,7748,-7680,11068,-32,96,-230,-13380,3072,6804,-1004,167,-131,-13640,-6200,6052,-477,174,-73,0
2599.914973974228,8368,7544,10812,-226,-161,145,7652,-7580,11248,-27,104,-217,-13400,3208,7040,-1005,148,-82,-13548,-6312,6016,-469,192,-86,0
2599.9507250785828,8436,7732,10756,-195,-157,174,7900,-7692,11124,6,106,-210,-13348,3112,7032,-1001,155,-104,-13380,-6276,5916,-479,181,-80,0
2599.9856829643254,8488,7732,10732,-196,-183,161,7692,-7696,11376,-43,93,-225,-13356,3096,6768,-1006,124,-68,-13596,-6256,6028,-481,175,-64,0
2600.0212609767914,8232,7720,10708,-170,-136,142,7908,-7608,11164,-65,124,-191,-13348,3188,6660,-1019,124,-65,-13588,-6208,6124,-484,141,-117,0
2600.056179046631,8548,7652,10740,-187,-68,112,7708,-7616,11156,-44,115,-168,-13364,3088,6884,-1012,100,-56,-13592,-6328,6076,-470,144,-99,0
2600.0922889709473,8200,7612,10612,-170,-52,83,7704,-7652,11100,-25,170,-173,-13444,3284,6840,-996,105,-115,-13812,-6336,6056,-468,118,-144,0
2600.12738609314,8532,7736,10832,-131,18,84,7720,-7656,11092,22,174,-150,-13156,3168,6648,-1042,79,-48,-13636,-6296,6024,-495,126,-146,0
2600.1627650260925,8456,7728,10840,-165,-14,76,7600,-7652,11176,-30,159,-184,-13148,2840,6760,-1042,101,-106,-13612,-6288,5680,-456,138,-134,0
2600.1986820697784,8484,7720,10788,-120,-12,103,7696,-7732,11244,-35,141,-180,-13404,3248,7160,-1035,116,-75,-13576,-6312,6256,-478,138,-94,0
2600.2337360382085,8536,7696,10552,-134,-14,71,7680,-7428,11192,-47,147,-164,-13480,3128,7004,-1043,54,-76,-13804,-6260,5984,-468,135,-176,0
2600.269185066223,8204,7692,10948,-120,1,75,7752,-7456,11152,251,197,-130,-13128,3120,6920,-1014,27,-31,-13532,-6384,6132,-477,73,-163,0
2600.304049015045,8580,7700,10872,-96,12,38,7432,-7600,11116,-52,210,-126,-13468,3152,7008,-1013,30,-56,-13592,-6304,5980,-456,112,-161,0
2600.3391909599304,8688,7788,10964,-184,35,39,7596,-7768,11172,-6,223,-165,-13364,3180,6868,-1018,15,-101,-13620,-6312,6068,-461,120,-178,0
2600.374186038971,8384,7792,10756,-111,13,78,7624,-7704,11284,-28,174,-153,-13372,3192,6964,-988,36,-23,-13608,-6348,5996,-488,78,-131,0
2600.409488916397,8416,7804,10848,-110,56,84,7668,-7720,11208,-52,177,-115,-13384,3156,6944,-988,41,-29,-13600,-6612,6132,-475,90,-155,0
2600.4456739425655,8412,7776,10692,-135,-17,80,7660,-7920,11188,-95,188,-156,-13388,3084,6844,-963,56,-35,-13820,-6268,6060,-501,79,-192,0
2600.4792001247406,8484,7740,10860,-111,-14,48,7472,-7696,11268,-20,172,-158,-13320,2840,6680,-1003,53,-86,-13744,-6152,6088,-504,130,-160,0
2600.5126509666443,8404,7772,10720,-122,-4,71,7572,-7640,11436,-256,170,-146,-13564,3188,6776,-1038,93,-91,-13552,-6420,6108,-498,152,-138,0
2600.546355009079,8492,7840,10836,-97,-53,83,7484,-7704,11120,-36,162,-168,-13444,3080,6744,-998,65,-74,-13612,-6368,6092,-496,150,-128,0
2600.5801169872284,8460,7796,10816,-128,9,59,7732,-7616,11324,-34,185,-188,-13412,3172,7096,-1003,52,-14,-13612,-6216,6180,-486,145,-165,0
2600.6133570671086,8464,7812,10864,-107,-19,74,7504,-7732,11176,-14,157,-167,-13492,3208,6972,-1000,73,-68,-13608,-6340,6020,-496,123,-131,0
2600.646795988083,8280,7784,10504,-129,-19,100,7648,-7912,11212,-36,167,-156,-13568,2880,6828,-994,65,-84,-13552,-6356,6164,-493,132,-147,0
2600.6802160739894,8412,7760,10844,-142,-31,89,7600,-7676,11160,-32,171,-172,-13084,2844,6924,-998,46,-82,-13564,-6448,6080,-496,105,-118,0
2600.7138080596924,8440,7832,10804,-144,-34,93,7524,-7780,11208,-43,150,-169,-13360,3160,6788,-998,53,-63,-13540,-6440,5928,-475,110,-130,0
2600.747316122055,8480,7680,10936,-130,-50,84,7612,-7436,11180,-34,158,-154,-13376,3088,6968,-982,68,-42,-13540,-6292,6048,-502,102,-123,0
2600.7807631492615,8304,7792,10792,-149,-35,98,7424,-7428,11216,-7,140,-150,-13372,3148,7044,-1023,101,-73,-13548,-6356,6028,-484,136,-132,0
2600.814125061035,8356,7764,10948,-155,-47,110,7748,-7700,11224,-15,145,-175,-13456,3172,7012,-1002,87,-64,-13796,-6308,6084,-484,146,-136,0
2600.847726106644,8280,7728,10932,-170,-40,77,7684,-7648,11192,-39,134,-179,-13292,3236,6936,-1007,102,-45,-13676,-6392,6216,-467,135,-98,0
2600.881331920624,8504,7760,10884,-117,-91,99,7536,-7684,11052,-61,140,-170,-13428,3140,6924,-1027,96,-25,-13760,-6188,6072,-518,146,-118,0
2600.914598941803,8364,7816,10804,-208,-78,130,7620,-7688,11292,0,175,-149,-13548,3100,6852,-774,87,-53,-13488,-6296,6104,-260,104,-121,0
2600.948143005371,8348,7868,10500,-132,-10,94,7700,-7708,11260,-35,135,-147,-13420,3084,7008,-1276,83,-79,-13632,-6304,6184,-489,90,-102,0
2600.981826066971,8236,7868,10920,-135,-65,75,7776,-7656,11184,-65,138,-151,-13424,3148,6804,-1015,76,-66,-13476,-6224,6016,-544,135,-127,0
2601.015434026718,8432,7760,10676,-179,-27,83,7540,-7704,11124,-29,145,-182,-13320,3256,6868,-998,71,-42,-13536,-6332,6028,-486,165,-113,0
2601.0486919879913,8264,7772,10904,-137,-44,126,7640,-7892,11324,-37,139,-139,-13316,3184,7012,-1017,86,-45,-13440,-6452,6192,-467,134,-104,0
2601.082314014435,8396,7684,10808,-146,-33,87,7608,-7632,11192,-40,135,-135,-13216,3196,6848,-1006,62,-63,-13764,-6348,5944,-505,104,-136,0
2601.1158339977264,8264,7680,10892,-168,-57,111,7508,-7724,11240,-62,145,-177,-13356,3088,7128,-984,63,-80,-13504,-6384,5988,-764,126,-132,0
2601.1493639945984,8392,7764,10784,-146,-53,75,7612,-7436,11208,-34,135,-199,-13368,3104,7072,-982,86,-99,-13380,-6312,6032,-471,143,-103,0
2601.1829380989075,8388,7804,10792,-154,-81,116,7628,-7640,11156,10,154,-180,-13560,3156,6916,-1039,101,-61,-13616,-6428,6080,-768,181,-106,0
2601.2166790962215,8428,7716,10868,-125,-102,133,7648,-7740,11040,-20,134,-177,-13168,3192,6932,-1030,106,-80,-13580,-6360,6316,-489,159,-132,0
2601.2504489421844,8436,7792,10816,-126,-41,77,7924,-7936,11416,-5,146,-162,-13444,3184,6992,-997,97,-40,-13468,-6240,6012,-482,151,-114,0
2601.28404712677,8356,7736,10888,-154,-91,100,7828,-7796,11048,-26,142,-168,-13340,3156,6816,-1011,85,-98,-13568,-6576,6096,-485,160,-130,0
2601.317469120025,8284,7820,10992,-177,-89,108,7648,-7704,11108,-23,148,-179,-13332,3136,6912,-1013,99,-119,-13816,-6444,6204,-463,185,-80,0
2601.351037025452,8340,7864,10936,-178,-97,114,7612,-7660,11300,-25,137,-203,-13348,3196,7012,-990,105,-72,-13400,-6420,6136,-495,184,-100,0
2601.3845570087433,8324,7732,10712,-195,-108,109,7716,-7640,11172,-18,133,-211,-13360,3148,6964,-982,110,-108,-13600,-6312,6204,-445,185,-95,0
2601.418226003647,8396,7816,10860,-197,-169,129,7592,-7892,11252,-9,99,-196,-13408,3180,7056,-1003,90,-119,-13536,-6400,6176,-482,173,-73,0
2601.4517490863805,8444,7908,10968,-228,-139,162,7612,-7660,11292,-4,80,-207,-13376,3196,7128,-1008,141,-164,-13532,-6300,5908,-481,161,-75,0
2601.4887330532074,8244,7744,10792,-173,-165,159,7620,-7716,11460,-20,67,-234,-13068,3204,6968,-983,136,-111,-13488,-6284,6124,-497,208,-67,0
2601.523926973343,8244,7844,10580,-3,-205,169,7572,-7616,11236,-16,73,-212,-13340,3104,7008,-994,160,-145,-13600,-6328,6012,-470,203,-73,0
2601.55993103981,8320,7836,10764,-223,-184,175,7892,-7700,11172,-39,44,-187,-13352,3152,7020,-973,169,-126,-13580,-6348,6136,-521,198,-40,0
2601.5949759483337,8336,7756,10920,-253,-185,187,7484,-7624,11096,-21,86,-213,-13368,3080,6744,-775,116,-103,-13576,-6296,6108,-494,205,-53,0
2601.6306800842285,8444,7704,10716,-265,-187,166,7592,-7592,11232,-17,68,-212,-13388,3072,6924,-777,156,-102,-13520,-6488,6132,-480,166,-68,0
2601.665642976761,8656,7720,10708,-223,-180,153,7832,-7668,11184,-27,88,-231,-13300,3080,6984,-983,159,-152,-13352,-6184,5976,-475,222,-115,0
2601.7008740901947,8468,7720,10856,-224,-196,161,7680,-7588,11180,-43,74,-234,-13360,3240,6904,-995,150,-121,-13632,-6312,6084,-479,204,-50,0
2601.7371389865875,8460,7764,10872,-201,-178,193,7692,-7928,11216,-35,76,-193,-13396,3160,6916,-997,169,-66,-13552,-6268,5912,-496,143,-53,0
2601.7723240852356,8584,7796,10796,-211,-119,162,7460,-7644,11136,-29,105,-184,-13392,2904,6840,-1002,146,-111,-13612,-6344,6076,-506,148,-91,0
2601.8080339431763,8248,7732,10776,-247,-163,148,7672,-7728,11128,-85,91,-195,-13416,3156,6864,-987,134,-99,-13632,-6284,6040,-485,173,-84,0
2601.843075990677,8488,7696,10888,-197,-175,131,7636,-7764,11160,-41,92,-208,-13364,3112,6748,-1013,109,-148,-13512,-6316,6036,-513,206,-94,0
2601.878648996353,8524,7812,10748,-219,-171,164,7680,-7628,11400,18,98,-220,-13448,3224,7028,-1029,174,-90,-13620,-6264,5980,-481,214,-84,0
2601.9138081073766,8548,7692,10952,-190,-194,178,7732,-7648,11132,-20,99,-210,-13396,2840,7152,-1032,187,-145,-13428,-6380,5992,-477,174,-68,0
2601.9494359493256,8332,7636,10896,-173,-102,129,7904,-7628,11188,-59,99,-204,-13552,3212,6924,-991,154,-70,-13800,-6200,6076,-499,133,-81,0
2601.9847190380096,8500,7768,10524,-163,-86,123,7800,-7652,11268,-38,140,-182,-13436,3156,6720,-1020,105,-92,-13588,-6288,6108,-500,142,-130,0
2602.0203020572662,8512,7692,10740,-150,-64,118,7740,-7680,11116,-36,150,-173,-13272,3124,6900,-996,76,-67,-13500,-6300,5956,-502,134,-146,0
2602.0557160377502,8468,7716,10496,-148,-33,97,7744,-7596,11080,-32,163,-198,-13424,2828,6800,-770,66,-81,-13460,-6308,6028,-507,118,-137,0
2602.090845108032,8240,7704,10960,-143,-41,86,7708,-7656,11244,-34,189,-165,-13384,3136,7012,-1020,60,-57,-13320,-6248,5936,-474,125,-160,0
2602.1280670166016,8488,7924,10672,-135,5,101,7748,-7604,11212,-10,194,-151,-13500,3324,6872,-1011,68,-51,-13340,-6336,6024,-493,131,-176,0
2602.1617619991302,8528,7744,10860,-111,23,56,7800,-7656,11012,-16,181,-129,-13524,3020,6788,-1040,75,-56,-13604,-6360,5844,-475,118,-139,0
2602.195263147354,8528,7712,10748,-126,-17,80,7924,-7636,11412,-43,189,-137,-13352,3140,7088,-1032,66,-72,-13544,-6388,6096,-436,124,-123,0
2602.228893995285,8324,7812,10696,-118,10,86,7744,-7700,11104,-61,166,-162,-13332,3148,6776,-998,52,-56,-13528,-6292,5996,-482,107,-141,0
2602.2623620033264,8460,7804,10912,-151,-25,85,7696,-7704,11284,-24,188,-131,-13432,3108,6948,-1008,27,-27,-13624,-6280,6060,-473,137,-174,0
2602.2957420349126,8416,7696,10844,-165,10,64,7660,-7644,11500,-20,227,-137,-13356,3072,6740,-1002,41,-67,-13644,-6344,5956,-481,69,-165,0
2602.329232931137,8408,7848,10904,-109,30,79,7724,-7652,11244,-75,183,-138,-13376,3172,7144,-1006,45,-63,-13632,-6380,5924,-479,79,-167,0
2602.362571001053,8272,7796,10524,-101,20,54,7580,-7744,11260,-51,219,-144,-13352,3168,6908,-988,47,-11,-13592,-6436,6052,-481,97,-161,0
2602.3957109451294,8324,7728,10756,-83,-2,53,7660,-7720,11452,-24,166,-147,-13344,3140,6912,-975,79,-27,-13480,-6284,6020,-453,113,-97,0
2602.4291999340057,8400,7812,10844,-137,-13,121,7716,-7732,11224,-20,123,-144,-13408,3140,7080,-1042,93,-63,-13584,-6248,5980,-470,102,-122,0
2602.4628319740295,8516,7776,10760,-153,-14,107,7584,-7664,11172,-43,181,-153,-13444,3196,6820,-980,59,-30,-13640,-6360,6140,-474,70,-142,0
2602.4960031509404,8680,7840,10932,-172,-7,80,7704,-7620,11036,-60,154,-160,-13344,3040,6680,-977,73,-57,-13620,-6304,6016,-481,84,-105,0
2602.529969930649,8436,7736,10844,-125,-45,93,7712,-7692,11192,-20,160,-168,-13368,3096,6880,-1004,67,-79,-13708,-6260,6128,-523,160,-131,0
2602.563593149185,8436,7776,10612,-125,-11,76,7636,-7520,11068,-17,145,-171,-13280,3188,6976,-1051,99,-74,-13560,-6316,5940,-494,151,-134,0
2602.5968821048737,8428,7768,10880,-144,-71,99,7704,-7728,11128,-17,144,-166,-13368,3172,7104,-1001,106,-138,-13496,-6348,6100,-497,126,-113,0
2602.6303379535675,8404,7760,10764,-177,-8,92,7868,-7676,11300,-33,140,-162,-13396,3144,6952,-1020,106,-56,-13504,-6320,5912,-465,146,-119,0
2602.663666009903,8404,7840,10712,-158,-74,105,7680,-7636,11220,-39,152,-158,-13372,3152,6880,-1014,92,-41,-13536,-6320,6028,-490,149,-119,0
2602.697356939316,8356,7728,10828,-178,-93,130,7636,-7612,11184,-29,159,-170,-13336,3140,7156,-1017,120,-75,-13564,-6384,6192,-464,134,-120,0
2602.7306089401245,8428,7784,10984,-174,-76,110,7644,-7728,11200,-52,136,-164,-13252,3180,6916,-989,117,-106,-13552,-6420,5980,-488,146,-131,0
2602.7641210556026,8240,7772,10880,-160,-36,102,7464,-7640,11180,-26,151,-187,-13284,3116,7020,-986,104,-52,-13500,-6416,6040,-464,130,-128,0
2602.797408103943,8640,7784,10616,-141,-52,92,7596,-7708,11152,-18,142,-164,-13364,3188,6916,-770,92,-70,-13468,-6272,6104,-499,145,-108,0
2602.830971956253,8364,7792,10828,-143,-51,99,7632,-7748,11324,-14,153,-169,-13320,3196,6960,-1019,102,-88,-13600,-6292,6008,-467,132,-124,0
2602.86429810524,8400,7772,10880,-170,-60,96,7584,-7912,11376,-30,131,-186,-13252,3132,7024,-1011,69,-91,-13596,-6380,6008,-485,155,-102,0
2602.897961139679,8352,7776,10768,-189,-54,91,7696,-7928,11036,-17,147,-168,-13300,3092,7024,-999,96,-90,-13588,-6280,6136,-460,131,-102,0
2602.9314439296722,8232,7812,10768,-150,-51,108,7736,-7744,11228,-49,135,-164,-13344,3148,6948,-1033,112,-50,-13516,-6296,6064,-476,140,-86,0
2602.964968919754,8296,7720,10908,-193,-81,91,7628,-7724,11300,-23,158,-135,-13344,3140,7112,-974,89,-49,-13816,-6368,6112,-505,120,-124,0
2602.9984560012817,8352,7824,10672,-159,-37,125,7424,-7500,11140,-20,156,-139,-13368,3160,6908,-1004,74,-78,-13336,-6172,6320,-498,79,-132,0
2603.0320439338684,8368,7776,10888,-129,-69,103,7776,-7664,11260,-59,161,-184,-13480,3292,6936,-1000,70,-63,-13600,-6292,6044,-506,144,-95,0
2603.0656061172485,8408,7748,10672,-165,-12,73,7556,-7456,11212,-32,178,-173,-13356,3188,6916,-1017,57,-54,-13420,-6360,6084,-482,161,-106,0
2603.0990269184113,8260,7804,10824,-168,-54,118,7628,-7596,11208,-36,134,-169,-13292,3276,6904,-1015,71,-44,-13436,-6384,6108,-478,135,-79,0
2603.1322669982906,8376,7804,10876,-162,-36,127,7600,-7740,11172,-58,153,-168,-13104,3220,7108,-992,99,-63,-13536,-6160,6008,-491,83,-128,0
2603.168678998947,8464,7796,10836,-191,-65,98,7560,-7656,11364,-70,145,-171,-13336,3248,6960,-999,57,-48,-13544,-6380,6280,-475,89,-129,0
2603.2041270732884,8376,7848,10828,-143,-38,90,7548,-7428,11272,-54,138,-174,-13336,3200,7004,-987,91,-87,-13480,-6404,6380,-477,172,-129,0
2603.2398130893707,8392,7748,10920,-188,-72,121,7612,-7752,11128,-248,143,-186,-13200,3212,6960,-1031,103,-73,-13708,-6384,6068,-490,162,-117,0
2603.2755539417267,8360,7784,10812,-143,-78,127,7568,-7732,11168,-38,130,-198,-13376,3240,6896,-1274,104,-50,-13824,-6160,6340,-472,184,-108,0
2603.311674118042,8324,7820,10700,-159,-43,99,7484,-7476,11340,-9,127,-170,-13260,3184,6932,-1017,100,-82,-13624,-6440,6096,-499,141,-115,0
2603.347727060318,8372,7784,10800,-127,-58,115,7772,-7664,11236,-37,117,-159,-13428,3232,6992,-999,115,-69,-13548,-6384,6100,-479,141,-114,0
2603.38250207901,8328,7872,10668,-144,-69,92,7648,-7924,11196,-28,151,-171,-13312,3236,6968,-1016,99,-109,-13532,-6388,6068,-479,169,-127,0
2603.417783021927,8324,7760,10652,-173,-73,114,7552,-7708,11328,-36,131,-175,-13092,3100,7160,-1000,98,-80,-13516,-6332,6124,-448,130,-127,0
2603.453344106674,8416,7880,10820,-207,-74,107,7704,-7736,11304,-28,162,-191,-13400,3136,6816,-1004,60,-118,-13544,-6372,6096,-473,146,-139,0
2603.488736152649,8380,7796,10764,-206,-70,106,7616,-7920,11204,-254,150,-192,-13284,3208,6952,-996,116,-92,-13588,-6364,6048,-439,142,-96,0
2603.5239999294286,8244,7844,10912,-191,-78,113,7608,-7648,11244,-18,139,-178,-13344,3132,7000,-773,106,-112,-13756,-6416,6104,-469,163,-79,0
2603.559704065323,8288,7820,10964,-211,-141,163,7544,-7736,11208,-7,124,-178,-13376,3228,6896,-1049,134,-109,-13316,-6392,6140,-487,193,-65,0
2603.595052957535,8288,7816,10944,-224,-149,179,7680,-7652,11112,-60,87,-219,-13240,3236,6932,-1003,162,-102,-13520,-6372,6088,-475,196,-68,0
2603.6306171417236,8472,7920,10984,-257,-150,167,7584,-7636,11148,-22,92,-197,-13064,3084,7124,-999,133,-132,-13632,-6364,6152,-456,190,-73,0
2603.6661500930786,8356,7748,10808,-211,-133,154,7584,-7728,11284,-59,84,-218,-13216,3284,7044,-996,127,-87,-13608,-6220,6096,-515,189,-94,0
2603.7023169994354,8360,7668,10744,-274,-169,170,7548,-7644,11500,-248,-252,-236,-13452,3228,7580,-825,-90,-78,-13788,-6588,5988,-506,179,-92,0
2603.738093137741,8216,7796,11000,-184,-171,159,7648,-7852,11436,-61,75,-202,-13320,3288,6788,-1000,140,-101,-13520,-6344,5972,-486,167,-62,0
2603.7731311321254,8288,7856,10792,-247,-216,153,7640,-7688,11368,-12,80,-230,-13368,3140,7084,-998,117,-157,-13628,-6312,5976,-473,220,-66,0
2603.809811115265,8408,7680,10760,-246,-198,200,7648,-7648,11180,-25,85,-215,-13344,3132,6972,-1016,169,-133,-13600,-6296,6096,-469,233,-40,0
2603.843472957611,8552,7764,10508,-257,-200,209,7740,-7652,11232,-11,42,-176,-13324,3140,6872,-994,182,-125,-13616,-6288,5980,-471,141,-74,0
2603.8768379688263,8456,7720,10708,-251,-186,174,7640,-7920,11500,-31,98,-193,-13328,3316,7032,-978,161,-104,-13516,-6392,6132,-472,116,-72,0
2603.910129070282,8432,7816,10968,-264,-167,184,7624,-7688,11260,-49,68,-204,-13392,3208,6952,-992,131,-148,-13588,-6312,5968,-470,168,-101,0
2603.943701982498,8652,7728,10608,-214,-150,146,7536,-7564,11264,-246,124,-215,-13352,3076,6964,-1021,141,-141,-13780,-6308,5920,-478,223,-85,0
2603.977466106415,8316,7760,10644,-4,-181,167,7680,-7700,11276,16,100,-231,-13436,3268,6860,-775,179,-139,-13452,-6316,6000,-500,208,-100,0
2604.011101961136,8448,7756,10764,-179,-194,163,7696,-7652,11268,-37,57,-218,-13376,3240,7048,-1040,156,-148,-13548,-6340,6144,-472,185,-63,0
2604.0467360019684,8380,7712,10784,-235,-146,155,7928,-7616,11192,-39,84,-230,-13312,3048,6980,-1010,150,-107,-13328,-6316,6124,-476,195,-57,0
2604.080258131027,8552,7640,10828,-181,-185,131,7756,-7612,11424,-38,76,-197,-13412,3316,6712,-1015,153,-115,-13808,-6352,5912,-477,181,-69,0
2604.1137590408325,8584,7804,10880,-168,-131,145,7848,-7672,11224,-33,109,-204,-13368,2864,6680,-1020,146,-73,-13816,-6152,5972,-478,185,-89,0
2604.147299051285,8596,7748,10820,-159,-125,116,7760,-7608,11176,-52,103,-230,-13420,3084,6808,-1004,109,-66,-13596,-6240,5956,-501,160,-120,0
2604.1806759834294,8436,7720,10748,-197,-87,108,7812,-7680,11240,-49,148,-188,-13400,3092,6844,-997,94,-79,-13576,-6252,5992,-460,129,-118,0
2604.214179992676,8324,7680,10728,-147,-26,75,7764,-7616,11476,-35,166,-160,-13320,3132,6792,-997,72,-91,-13800,-6232,6028,-481,136,-152,0
2604.247663974762,8488,7720,10680,-143,5,82,7808,-7652,11100,-14,162,-169,-13412,3012,7028,-1043,70,-43,-13680,-6236,5968,-493,142,-122,0
2604.2812449932094,8524,7712,10704,-132,8,71,7664,-7592,11200,-14,149,-162,-13424,2860,7144,-1037,67,-39,-13748,-6224,5924,-500,132,-124,0
2604.3147571086884,8456,7796,10896,-123,-17,93,7488,-7696,11328,-28,169,-162,-13464,3148,6956,-1032,71,-27,-13584,-6440,6064,-466,143,-137,0
2604.348302125931,8248,7704,10944,-144,-11,65,7928,-7624,11216,-42,186,-165,-13388,3064,6904,-1004,68,-64,-13540,-6288,6028,-484,90,-147,0
2604.3816130161285,8452,7748,10788,-97,-7,72,7728,-7736,11280,-25,159,-152,-13424,3168,6708,-1270,63,-58,-13584,-6272,5952,-458,88,-150,0
2604.4149529933934,8368,7716,10956,-160,5,85,7932,-7776,11148,-11,193,-154,-13456,3148,6912,-1049,37,-18,-13520,-6312,6008,-445,103,-174,0
2604.448415994644,8360,7852,10628,-131,51,77,7588,-7924,11504,244,177,-134,-13208,3180,6836,-998,41,-59,-13512,-6180,6124,-479,71,-162,0
2604.482059955597,8384,7784,10852,-91,18,68,7724,-7924,11216,-43,178,-167,-13300,3088,7032,-984,35,-61,-13512,-6336,6100,-487,117,-178,0
2604.5155770778656,8448,7692,10920,-128,19,51,7688,-7688,11212,-24,196,-161,-13284,3060,6804,-985,46,-57,-13348,-6312,6040,-451,117,-121,0
2604.549238920212,8668,7812,10904,-85,-10,92,7780,-7740,11168,-27,154,-155,-13324,3096,7116,-1011,57,-44,-13556,-6328,6048,-502,116,-116,0
2604.5827960968018,8364,7484,10896,-113,9,122,7900,-7760,11204,-57,149,-143,-13424,3316,7144,-985,87,-15,-13816,-6164,6156,-480,79,-126,0
2604.6160039901733,8352,7736,10716,-156,-9,93,7472,-7636,11220,-58,166,-152,-13332,3188,6956,-999,74,-64,-13624,-6332,6096,-468,105,-127,0
2604.6541490554814,8440,7756,10732,-98,236,77,7724,-7672,11460,-47,164,-157,-13320,3264,6888,-1008,61,-87,-13452,-6432,5956,-493,151,-159,0
2604.6881909370422,8340,7812,10800,-143,-33,87,7644,-7696,11280,21,148,-169,-13240,3156,6784,-1049,80,-81,-13548,-6384,6108,-520,153,-109,0
2604.7219691276546,8316,7732,10768,-75,-3,86,7680,-7664,11248,-35,132,-177,-13392,3084,6932,-1009,95,-48,-13544,-6152,6132,-475,127,-112,0
2604.755546092987,8456,7748,10500,-132,-33,84,7692,-7724,11232,-35,187,-172,-13364,3128,6988,-1002,95,-36,-13568,-6376,6024,-478,134,-144,0
2604.789127111435,8412,7704,10788,-152,-38,77,7436,-7896,11320,-39,182,-194,-13492,3088,6756,-998,54,-93,-13632,-6316,5980,-508,128,-119,0
2604.822293996811,8428,7764,10852,-143,-33,106,7608,-7680,11420,-23,150,-171,-13148,3164,6852,-1007,110,-12,-13552,-6388,6132,-502,142,-105,0
2604.860352039337,8384,7844,10740,-125,-38,104,7676,-7628,11404,-46,131,-159,-13068,3124,6852,-1003,98,-26,-13440,-6152,6112,-494,87,-120,0
2604.8956689834595,8368,7812,10832,-156,-34,109,7736,-7724,11160,-46,149,-171,-13340,3188,6928,-1015,96,-77,-13652,-6620,5888,-482,130,-106,0
2604.9311821460724,8388,7868,10904,-151,-61,91,7904,-7640,11516,-22,162,-187,-13392,3184,6992,-975,101,-99,-13580,-6260,5888,-498,144,-124,0
2604.967196941376,8352,7932,10896,-148,-10,99,7696,-7428,11364,-34,160,-166,-13288,3324,6808,-992,118,-43,-13476,-6160,5900,-479,120,-125,0
2605.0025911331177,8400,7836,10632,-149,-42,111,7648,-7688,11476,-27,127,-179,-13364,3248,6940,-1276,100,-86,-13524,-6180,6084,-507,136,-129,0
2605.0375430583954,8320,7784,10948,-140,-48,100,7596,-7664,11248,-25,114,-166,-13356,3120,6684,-1026,98,-63,-13448,-6328,5940,-480,137,-114,0
2605.0736770629883,8224,7800,10972,-162,-56,88,7560,-7576,11096,-52,166,-194,-13424,3156,6964,-977,111,-50,-13688,-6152,6292,-477,152,-126,0
2605.1095020771027,8412,7764,10948,-158,-89,99,7776,-7664,11120,-59,147,-184,-13328,3196,6860,-994,109,-41,-13580,-6292,6308,-497,148,-120,0
2605.144546985626,8332,7796,10776,-201,-44,119,7652,-7632,11244,-24,147,-153,-13192,3208,6948,-1018,50,-59,-13532,-6356,5940,-506,104,-130,0
2605.1806399822235,8348,7820,10896,-130,3,88,7524,-7636,11244,-39,141,-129,-13244,3120,6948,-1015,87,-62,-13456,-6316,6092,-498,79,-148,0
2605.2162029743195,8372,7720,10732,-174,-65,73,7696,-7724,11208,-38,155,-174,-13336,3204,6936,-992,62,-104,-13556,-6316,6084,-503,153,-128,0
2605.252121925354,8200,7752,10596,-138,-36,106,7628,-7848,11436,-32,146,-179,-13380,3072,7080,-773,85,-58,-13512,-6352,6080,-447,139,-109,0
2605.288185119629,8372,7784,10808,-138,-45,110,7652,-7548,11260,-35,150,-166,-13364,3160,7020,-1011,120,-55,-13484,-6280,6124,-486,107,-103,0
2605.3232910633087,8396,7844,11000,-176,-22,117,7624,-7756,11052,-70,135,-158,-13404,3120,6952,-980,78,-3,-13576,-6372,6052,-490,100,-126,0
2605.3592381477356,8264,7860,10572,-190,-47,109,7616,-7688,11204,-63,145,-159,-13120,3164,6828,-980,89,-97,-13536,-6304,6100,-507,114,-144,0
2605.3948171138763,8288,7848,10884,-153,-43,114,7448,-7740,11208,-8,151,-178,-13344,3148,6988,-1000,96,-104,-13520,-6156,6012,-478,192,-107,0
2605.4306321144104,8348,7792,10852,-135,-105,107,7564,-7696,11312,-255,127,-183,-13212,3108,6956,-1054,105,-81,-13548,-6436,6024,-504,174,-107,0
2605.4655821323395,8312,7784,10780,-165,-114,90,7648,-7656,11268,-35,142,-197,-13388,3160,6992,-982,123,-72,-13644,-6352,6056,-476,165,-132,0
2605.501852989197,8344,7828,10840,-166,-45,108,7696,-7688,11248,-35,130,-153,-13320,3268,6868,-995,84,-142,-13344,-6324,6124,-492,145,-138,0
2605.535505056381,8364,7752,10856,-125,-46,106,7576,-7924,11348,-8,142,-195,-13292,3304,6920,-1016,95,-121,-13576,-6352,5952,-494,145,-112,0
2605.5693531036377,8360,7828,10848,-165,-84,114,7624,-7624,11208,-26,110,-183,-13292,3196,6872,-999,95,-92,-13580,-6396,6104,-481,149,-110,0
2605.603044986725,8396,7860,10932,-173,-75,109,7928,-7728,11340,-40,96,-185,-13084,3172,6936,-973,80,-66,-13588,-6400,6072,-461,147,-115,0
2605.6365029811855,8348,7732,10872,-176,-52,91,7628,-7808,11300,-51,159,-172,-13336,3144,6792,-989,66,-104,-13608,-6588,6092,-486,137,-121,0
2605.6700849533086,8292,7800,10888,-156,-68,118,7648,-7724,11260,-20,146,-165,-13468,3028,6708,-1014,81,-95,-13652,-6352,6088,-476,149,-119,0
2605.7037761211395,8364,7792,10844,-158,-77,106,7628,-7716,11196,3,145,-163,-13076,2868,6956,-1011,108,-80,-13496,-6356,6096,-501,160,-96,0
2605.7375090122223,8356,7828,10856,-166,-57,110,7648,-7708,11224,-18,114,-183,-13360,2896,7020,-1275,114,-112,-13496,-6380,6076,-498,164,-104,0
2605.7711219787598,8332,7804,10924,-169,-116,117,7596,-7612,11260,-15,131,-181,-13476,3152,6952,-1012,115,-88,-13452,-6380,6224,-493,154,-103,0
2605.8046650886536,8456,7904,10576,-186,-72,120,7612,-7488,11200,-12,122,-184,-13296,3184,6900,-1012,119,-73,-13504,-6428,6108,-477,186,-79,0
2605.838261127472,8228,7852,10776,-237,-113,140,7736,-7688,11280,-35,145,-197,-13316,3108,7116,-1019,95,-90,-13636,-6412,6152,-495,167,-83,0
2605.8713281154633,8352,7944,10896,-211,-118,149,7564,-7936,11204,-30,134,-172,-13396,3184,6988,-969,121,-130,-13496,-6340,6032,-502,132,-95,0
2605.904340028763,8348,7832,10804,-233,-132,131,7632,-7744,11300,-18,97,-192,-13340,3144,6948,-1035,80,-89,-13604,-6392,6028,-475,190,-85,0
2605.938034057617,8292,7864,10948,-239,-112,136,7580,-7756,11368,16,106,-191,-13312,3160,6944,-1278,130,-98,-13500,-6404,6028,-518,146,-64,0
2605.9716310501094,8336,7800,10888,-179,-160,131,7652,-7712,11328,-60,110,-188,-13552,3264,6720,-995,104,-108,-13348,-6396,6092,-496,169,-116,0
2606.0053210258484,8440,7748,10804,-210,-123,121,7700,-7696,11272,-14,95,-209,-13356,3184,7076,-1267,118,-135,-13568,-6240,6132,-478,223,-46,0
2606.038985013962,8420,7768,11000,-193,-119,151,7624,-7660,11384,-247,88,-180,-13348,3148,7096,-1031,137,-123,-13632,-6320,5908,-483,179,-66,0
2606.072328090668,8420,7736,10872,-262,-101,162,7476,-7704,11232,-11,84,-190,-13396,3076,6944,-773,147,-76,-13480,-6300,6040,-487,150,-56,0
2606.106070995331,8488,7812,10736,-266,-185,154,7664,-7704,11224,-52,109,-204,-13368,3304,6932,-981,134,-100,-13636,-6372,6032,-459,166,-74,0
2606.139708995819,8648,7760,10896,-237,-177,162,7524,-7652,11152,-56,83,-245,-13348,3208,7012,-986,140,-115,-13444,-6296,6000,-263,180,-81,0
2606.173329114914,8208,7804,10724,-281,-200,176,7688,-7584,11192,20,85,-205,-13068,3068,6748,-1021,164,-167,-13516,-6364,5988,-527,229,-95,0
2606.206829071045,8344,7756,10880,-189,-186,151,7628,-7656,11140,-28,78,-226,-13364,3176,6840,-1018,152,-155,-13584,-6400,5924,-489,197,-94,0
2606.240347146988,8420,7748,10688,-241,-163,170,7676,-7700,11264,-4,63,-247,-13396,3180,7156,-994,158,-138,-13540,-6344,6056,-475,196,-95,0
2606.2738749980927,8504,7760,10792,-257,-163,158,7644,-7716,11024,-28,88,-211,-13392,3140,7020,-1276,164,-100,-13320,-6332,6340,-490,216,-55,0
2606.307277917862,8432,7668,10924,-237,-169,165,7604,-7568,11272,-9,80,-241,-13408,3108,7020,-1029,177,-98,-13572,-6340,5896,-482,213,-63,0
2606.3408420085907,8512,7764,10776,-229,-217,173,7788,-7588,11268,-43,62,-246,-13368,3144,6760,-978,199,-148,-13608,-6392,6100,-487,211,-31,0
2606.3743560314174,8400,7664,10724,-218,-182,173,7476,-7696,11396,-46,89,-239,-13400,3096,6736,-998,151,-126,-13340,-6156,5992,-492,184,-45,0
2606.4073791503906,8500,7652,10656,-257,-192,190,7656,-7460,11248,-34,92,-219,-13384,3104,6900,-989,160,-107,-13816,-6248,5924,-451,208,-64,0
2606.440586090088,8260,7732,10792,-258,-188,167,7432,-7608,11204,-2,121,-225,-13092,3176,6984,-1032,188,-135,-13400,-6248,6216,-504,176,-83,0
2606.4742019176483,8500,7708,10964,-180,-127,138,7688,-7532,11144,-28,77,-222,-13376,3164,7108,-997,139,-125,-13636,-6288,6028,-526,146,-94,0
2606.509859085083,8460,7732,10784,-178,-146,140,7536,-7536,11276,-22,102,-201,-13380,3060,6804,-1011,124,-111,-13516,-6304,5996,-510,177,-105,0
2606.5449600219727,8700,7676,10804,-188,-119,131,7668,-7584,11248,-10,112,-199,-13412,3056,6900,-1038,116,-72,-13336,-6584,5988,-465,164,-68,0
2606.580726146698,8652,7724,10348,-207,-92,130,7760,-7548,11148,-55,154,-174,-13296,2944,6744,-986,140,-98,-13316,-6292,5996,-468,133,-99,0
2606.615639925003,8576,7676,10788,-197,-52,114,7696,-7564,11236,-27,128,-160,-13408,3108,6808,-1043,95,-13,-13636,-6304,6068,-490,121,-130,0
2606.650920152664,8564,7724,10788,-188,-8,87,7744,-7552,11140,0,161,-146,-13372,3108,6872,-1050,65,-66,-13624,-6288,6028,-481,103,-131,0
2606.6861839294434,8412,7716,10676,-119,7,76,7640,-7536,11148,-46,162,-138,-13512,3032,6984,-1003,60,-37,-13572,-6420,5956,-462,133,-165,0
2606.721822977066,8412,7728,10748,-156,-21,70,7752,-7724,11060,-30,201,-162,-13348,3164,6892,-1033,58,-78,-13568,-6232,6048,-497,135,-145,0
2606.757583141327,8532,7464,10732,-134,7,103,7860,-7676,11408,-30,205,-178,-13316,3024,6784,-1052,46,-8,-13528,-6344,6032,-436,114,-107,0
2606.792676925659,8616,7784,10880,-143,41,82,7680,-7880,11136,-17,165,-115,-13440,2828,6828,-1021,85,229,-13540,-6332,6100,-485,104,-138,0
2606.827696084976,8456,7832,10932,-120,26,70,7604,-7660,11232,-46,204,-137,-13364,3152,7032,-990,71,-253,-13620,-6364,5872,-469,88,-158,0
2606.8633549213414,8464,7852,10868,-121,20,82,7664,-7868,11064,-54,172,-139,-13296,3096,6936,-1009,46,-51,-13588,-6380,6064,-513,103,-141,0
2606.898746967316,8432,7720,10808,-141,253,76,7688,-7668,11088,-14,196,-158,-13428,3176,7000,-1015,61,-46,-13484,-6220,6048,-495,131,-129,0
2606.933874130249,8196,7704,10676,-90,18,93,7632,-7924,11168,-25,166,-180,-13324,3008,6956,-1046,87,-46,-13512,-6388,6092,-457,161,-143,0
2606.9693050384526,8328,7748,10804,-103,-45,62,7436,-7920,11136,-40,138,-178,-13568,3208,7132,-978,103,-81,-13540,-6356,6220,-477,122,-141,0
2607.0039830207825,8484,7748,10860,-107,-249,55,7860,-7736,11052,-36,186,-163,-13360,3160,6808,-1001,43,-74,-13596,-6360,6108,-491,101,-143,0
2607.0396671295166,8512,7772,10888,-116,-14,73,7716,-7848,11328,-21,182,-149,-13392,3028,6840,-1008,73,-89,-13520,-6332,6136,-492,114,-145,0
2607.0750679969788,8340,7820,10760,-137,-7,91,7704,-7620,11180,-26,151,-164,-13336,3240,7104,-1005,62,-57,-13684,-6280,6088,-493,108,-132,0
2607.110599040985,8428,7816,10816,-133,9,73,7620,-7708,11132,-48,157,-155,-13304,3108,6992,-989,70,-78,-13512,-6400,6064,-497,94,-140,0
2607.1454701423645,8460,7804,10940,-116,-23,58,7664,-7684,11048,-36,146,-159,-13332,3164,6660,-998,75,-95,-13568,-6280,6084,-260,148,-171,0
2607.1818900108337,8412,7760,10776,-119,-51,68,7664,-7632,11140,-31,155,-131,-13272,3160,6844,-1014,76,-80,-13636,-6344,6096,-507,119,-145,0
2607.2153890132904,8416,7808,10880,-124,-42,94,7660,-7608,11244,-25,180,-172,-13408,3076,7024,-1019,70,-51,-13576,-6268,6088,-478,115,-126,0
2607.2490110397334,8368,7744,10760,-145,-28,114,7664,-7660,11280,-11,153,-176,-13080,2816,6832,-1018,62,-53,-13460,-6296,5988,-477,136,-126,0
2607.2824771404266,8224,7780,10748,-161,-44,106,7424,-7648,11416,-30,165,-145,-13396,3048,7104,-996,98,-80,-13512,-6412,6000,-469,126,-115,0
2607.3157980442047,8348,7856,10872,-129,-50,103,7800,-7712,11264,-47,161,-147,-13400,3136,6964,-1007,74,-52,-13516,-6376,5972,-494,116,-149,0
2607.3492090702057,8356,7748,10900,-164,-80,91,7436,-7700,11416,-17,136,-131,-13328,3084,6908,-997,89,-70,-13620,-6428,6108,-501,119,-120,0
2607.38254904747,8356,7780,10520,-154,-13,138,7644,-7696,11392,-11,153,-146,-13508,3128,6920,-1011,94,-9,-13520,-6452,6028,-496,99,-130,0
2607.4158561229706,8412,7776,10824,-131,-42,89,7660,-7720,11192,-74,170,-157,-13372,3180,6896,-976,65,-47,-13504,-6332,6168,-767,124,-123,0
2607.4494240283966,8204,7932,10824,-182,-19,99,7716,-7676,11100,8,139,-166,-13232,3212,6956,-1014,94,-88,-13616,-6232,5944,-456,142,-106,0
2607.482917070389,8232,7860,10852,-148,-56,119,7584,-7508,11032,-31,145,-144,-13488,3188,7288,-781,118,-47,-13632,-6376,6120,-461,164,-107,0
2607.5164270401006,8224,7776,10920,-173,-68,113,7680,-7704,11092,-45,153,-148,-13388,3072,7008,-1002,110,-23,-13608,-6352,6196,-470,99,-138,0
2607.549965143204,8332,7784,11004,-186,-30,76,7572,-7688,11252,-44,157,-152,-13528,3088,6976,-965,95,-52,-13728,-6408,6052,-475,87,-120,0
2607.5834901332855,8276,7808,10836,-161,-45,79,7556,-7892,11448,-45,145,-160,-13324,3148,6796,-942,81,-121,-13512,-6260,5952,-498,155,-131,0
2607.617030143738,8244,7824,10840,-198,-77,87,7548,-7696,11132,-3,154,-177,-13072,3136,6924,-774,120,-95,-13516,-6344,6080,-518,159,-104,0
2607.6502640247345,8308,7776,10976,-133,-75,111,7584,-7720,11304,-34,110,-182,-13300,3176,7016,-1036,131,-67,-13548,-6308,6192,-488,140,-109,0
2607.6838331222534,8616,7784,10892,-150,-105,103,7696,-7672,11116,-25,109,-201,-13324,3108,7116,-1004,81,-48,-13520,-6368,5944,-477,154,-128,0
2607.7173869609833,8356,7792,10568,-156,-47,120,7476,-7668,11140,-25,175,-188,-13280,3204,6780,-998,74,-110,-13812,-6328,5900,-496,140,-112,0
2607.7507100105286,8368,7728,10840,-147,-60,80,7640,-7660,11272,-37,131,-179,-13412,3100,7104,-1279,91,-95,-13644,-6416,6368,-480,145,-137,0
2607.784213066101,8412,7876,10572,-183,-103,107,7608,-7636,11248,-23,139,-172,-13568,3316,7140,-994,91,-26,-13488,-6356,6116,-483,137,-131,0
2607.817626953125,8284,7732,10832,-161,-87,110,7636,-7664,11504,-68,122,-178,-13348,3224,7024,-1006,101,-52,-13556,-6356,6108,-494,132,-129,0
2607.8511419296265,8396,7828,10948,-168,-84,104,7896,-7516,11312,-20,146,-177,-13376,3064,7004,-1013,61,-68,-13516,-6420,6048,-468,134,-136,0
2607.8845779895782,8348,7764,10952,-189,-58,90,7624,-7720,11320,-38,148,-179,-13444,2868,6784,-972,86,-94,-13424,-6632,5944,-475,170,-117,0
2607.9179170131683,8216,7776,10804,-180,-49,97,7892,-7644,11232,-26,126,-179,-13416,3072,7128,-1004,100,-63,-13520,-6608,6056,-491,141,-120,0
2607.951262950897,8308,7856,10888,-148,-62,110,7620,-7680,11172,-25,145,-185,-13352,3012,7032,-1022,85,-66,-13812,-6316,6088,-490,130,-110,0
2607.984736919403,8296,7844,10856,-164,-77,133,7604,-7644,11248,-4,149,-188,-13364,3156,7032,-1016,124,-69,-13540,-6316,6116,-487,129,-112,0
2608.0181860923767,8328,7812,10916,-173,-63,103,7612,-7640,11496,-9,120,-172,-13548,3268,7160,-1048,107,-109,-13588,-6376,6012,-458,165,-73,0
2608.051746129989,8408,7932,10536,-169,-62,120,7864,-7468,11432,-48,129,-178,-13556,3260,7024,-1006,112,-72,-13620,-6344,6088,-493,145,-96,0
2608.085397005081,8408,7784,10940,-199,-105,111,7696,-7724,11200,-26,137,-170,-13396,3324,6920,-975,69,-37,-13612,-6376,6240,-484,128,-123,0
2608.118688106537,8276,7752,10700,-224,-71,137,7536,-7704,11376,-10,126,-169,-13316,3232,7012,-1019,119,-84,-13424,-6460,6108,-499,140,-90,0
2608.1520810127254,8356,7908,10888,-155,-87,126,7852,-7856,11244,-71,125,-198,-13300,3100,7076,-1023,103,-147,-13492,-6412,6116,-484,143,-133,0
2608.1853890419,8256,7824,10936,-218,-163,104,7612,-7892,11468,-32,130,-212,-13292,3208,6928,-986,124,-121,-13612,-6600,6116,-467,198,-90,0
2608.2232871055603,8336,7740,11004,-208,-109,166,7676,-7752,11200,-44,109,-202,-13540,3100,7076,-1041,117,-84,-13512,-6316,5972,-439,179,-64,0
2608.2587029933934,8324,7836,10800,-276,-101,173,7508,-7700,11244,-26,81,-214,-13324,3224,6940,-999,128,-119,-13500,-6412,6116,-470,155,-108,0
2608.2941269874573,8624,7788,10892,-1,-146,136,7556,-7624,11336,-63,97,-196,-13568,3240,7000,-987,145,-121,-13804,-6332,6164,-478,131,-95,0
2608.330240011215,8392,7868,10912,-225,-179,171,7608,-7748,11016,-53,85,-230,-13508,2860,6812,-994,136,-104,-13348,-6340,6076,-512,169,-83,0
2608.3655540943146,8348,7692,10812,-239,-171,176,7708,-7488,11184,26,96,-225,-13368,3124,7012,-1022,155,-179,-13504,-6236,6060,-522,251,-78,0
2608.400761127472,8428,7804,10864,-214,-192,160,7556,-7900,11276,14,62,-239,-13356,2892,6860,-1040,186,-130,-13800,-6384,6164,-485,211,-51,0
2608.4360461235046,8412,7748,10932,-244,-239,167,7716,-7668,11252,18,88,-244,-13320,3144,6736,-995,174,-186,-13484,-6348,6160,-767,197,-75,0
2608.4722740650177,8648,7784,10784,-226,-185,192,7652,-7580,11428,-25,55,-221,-13568,3172,7012,-993,149,-127,-13636,-6360,6064,-481,220,-63,0
2608.5080559253693,8460,7696,10952,-241,-209,191,7696,-7700,11136,-34,53,-225,-13436,3320,6900,-1007,183,-159,-13372,-6392,5920,-481,215,-78,0
2608.543170928955,8264,7740,10816,-258,-213,171,7668,-7636,11256,-25,61,-230,-13488,3144,6920,-986,155,-103,-13816,-6380,6004,-465,231,-71,0
2608.5787601470947,8404,7708,10848,-240,-220,164,7768,-7652,11160,-46,79,-255,-13368,3084,6984,-972,136,-109,-13628,-6240,5988,-457,155,-77,0
2608.6136610507965,8688,7928,10772,-234,-189,138,7576,-7656,11180,-36,86,-207,-13360,3248,6872,-989,101,-94,-13520,-6236,6108,-523,168,-121,0
2608.6492750644684,8448,7724,10908,-230,-193,165,7644,-7668,11160,20,111,-184,-13336,3268,6892,-1028,131,-127,-13560,-6440,5984,-481,176,-82,0
2608.684957981109,8380,7816,10928,-154,-125,129,7640,-7652,11008,-46,86,-203,-13244,3160,6856,-996,182,-151,-13500,-6320,6000,-519,195,-73,0
2608.7212500572205,8540,7724,10856,-217,-216,138,7820,-7696,11132,-40,133,-211,-13316,3156,6820,-1006,149,-80,-13432,-6324,6084,-467,142,-50,0
2608.7562279701233,8452,7796,10572,-185,-146,155,7784,-7576,11072,-43,109,-157,-13420,3112,6820,-984,163,-61,-13328,-6360,5980,-486,112,-77,0
2608.7921929359436,8600,7668,10796,-181,-82,171,7764,-7668,11096,-44,113,-153,-13348,3028,6752,-1029,146,-11,-13636,-6332,6024,-498,167,-82,0
2608.8275821208954,8204,7468,10760,-184,-80,139,7808,-7576,11128,-50,145,-168,-13452,3044,6992,-1026,110,-47,-13548,-6372,5948,-463,130,-117,0
2608.862972974777,8192,7684,10888,-210,-60,88,7756,-7624,11200,-36,187,-172,-13524,3120,7120,-1279,83,-92,-13608,-6320,6012,-489,155,-173,0
2608.8961770534515,8400,7656,10664,-128,-38,74,7708,-7748,11160,-32,205,-180,-13396,3084,7152,-776,37,-121,-13820,-6272,6176,-495,152,-182,0
2608.9300680160522,8404,7712,10800,-131,3,43,7748,-7692,11060,-13,190,-190,-13344,3136,7136,-1011,113,-77,-13804,-6280,5896,-467,164,-154,0
2608.9635510444646,8440,7716,10948,-152,-19,86,7764,-7656,11200,-30,185,-174,-13332,3164,6748,-1006,76,-62,-13816,-6300,6396,-467,143,-166,0
2608.997139930725,8468,7692,10876,-160,-35,95,7688,-7544,11192,-83,166,-166,-13252,3100,6892,-998,110,-40,-13756,-6316,6092,-456,120,-111,0
2609.03061914444,8504,7692,10812,-160,-38,110,7440,-7644,11488,-49,172,-158,-13372,3208,6920,-1006,93,-95,-13516,-6320,6080,-475,120,-152,0
2609.064096927643,8520,7724,10844,-109,21,54,7732,-7460,11448,-36,192,-160,-13084,3184,6840,-1038,78,-46,-13520,-6352,5940,-494,158,-139,0
2609.0987689495087,8492,7784,10808,-124,-21,70,7768,-7612,11228,-25,197,-143,-13448,3276,6992,-1045,47,-108,-13640,-6388,6388,-481,129,-151,0
2609.1321699619293,8488,7696,10756,-113,27,70,7732,-7668,11280,-3,156,-144,-13380,3032,6952,-996,71,-37,-13512,-6376,5952,-486,63,-158,0
2609.165566921234,8492,7788,10940,-93,27,62,7692,-7460,11212,-30,187,-121,-13316,3108,6972,-992,55,-36,-13520,-6332,5984,-508,85,-137,0
2609.1990740299225,8448,7924,10760,-86,-254,69,7640,-7624,11488,-21,170,-132,-13568,2836,6872,-777,46,-66,-13540,-6380,6124,-484,102,-151,0
2609.232393026352,8420,7792,10800,-86,13,79,7656,-7632,11248,-37,171,-143,-13472,2828,7092,-1016,89,-82,-13728,-6164,6284,-504,110,-158,0
2609.2661049366,8416,7748,10712,-133,-7,78,7616,-7628,11228,-59,152,-161,-13332,2844,7128,-984,97,-55,-13812,-6316,6132,-484,133,-168,0
2609.29971909523,8688,7744,10844,-101,-31,89,7656,-7652,11096,-37,147,-182,-13368,3280,6884,-1002,83,-75,-13536,-6400,6024,-444,150,-133,0
2609.333365917206,8676,7780,10888,-158,-53,89,7660,-7728,11008,-30,165,-174,-13336,3172,6864,-1011,68,-31,-13556,-6332,6044,-473,135,-128,0
2609.3669900894165,8432,7700,10796,-142,-16,73,7756,-7732,11124,-57,179,-136,-13340,3120,6816,-1000,69,-33,-13604,-6256,6000,-473,114,-143,0
2609.4002120494843,8408,7748,10872,-162,-18,71,7684,-7572,11232,-36,173,-139,-13112,3140,7012,-1004,52,-79,-13552,-6332,6048,-504,119,-156,0
2609.433928012848,8416,7828,10888,-104,-19,87,7660,-7696,11184,-56,126,-157,-13324,3124,6704,-987,77,-47,-13616,-6552,6088,-505,103,-133,0
2609.4675590991974,8412,7764,10780,-159,-33,94,7868,-7672,11312,-27,180,-173,-13304,3072,6916,-1014,102,-40,-13484,-6272,6136,-462,104,-108,0
2609.5008499622345,8420,7856,10756,-113,-15,105,7580,-7852,11492,-74,114,-160,-13476,3276,7012,-1017,77,-34,-13332,-6432,5944,-262,119,-125,0
2609.534317970276,8404,7732,10852,-213,-72,94,7660,-7840,11284,-10,183,-156,-13332,3088,7000,-1031,89,-41,-13508,-6356,6072,-496,156,-125,0
2609.5678839683533,8404,7872,10856,-108,-15,119,7680,-7592,11260,-53,139,-144,-13352,3324,7000,-1013,73,-75,-13796,-6412,5972,-508,102,-148,0
2609.6013231277466,8404,7796,10764,-124,-44,78,7468,-7932,11144,-36,162,-144,-13552,3148,6796,-1009,83,-96,-13600,-6308,5964,-477,160,-154,0
2609.634621143341,8412,7824,10724,-185,-45,99,7664,-7616,11024,-27,156,-191,-13328,3180,6920,-1270,80,-18,-13480,-6352,6036,-425,162,-97,0
2609.6745710372925,8444,7716,10824,-128,-35,108,7696,-7872,11256,-31,138,-148,-13560,3140,7148,-1004,120,-47,-13520,-6176,6028,-489,73,-141,0
2609.708270072937,8636,7744,10832,-153,-28,101,7652,-7540,11116,-86,163,-155,-13348,3156,6700,-969,60,-14,-13788,-6364,5980,-487,52,-151,0
2609.7418370246887,8320,7824,10856,-152,-23,86,7584,-7700,11108,-84,134,-172,-13408,3124,6796,-977,59,-18,-13500,-6356,6092,-510,100,-151,0
2609.775470972061,8364,7748,10844,-190,-65,90,7640,-7696,11232,10,159,-145,-13208,3140,7012,-1008,82,-98,-13416,-6352,6020,-509,173,-108,0
2609.8090360164642,8400,7808,10952,-122,-71,109,7584,-7760,11148,-18,129,-190,-13248,3168,7004,-1020,122,-113,-13508,-6460,6092,-498,157,-76,0
2609.8425340652466,8368,7812,10712,-139,-76,97,7660,-7720,11324,-48,123,-201,-13352,3200,6752,-1001,103,-64,-13508,-6332,5896,-501,144,-123,0
2609.878669023514,8380,7784,10800,-183,-84,101,7604,-7688,11048,-12,147,-178,-13384,3068,7112,-1010,112,-86,-13488,-6316,6364,-480,187,-109,0
2609.9137120246887,8400,7784,10856,-149,-70,109,7640,-7656,11008,-7,137,-172,-13100,3308,7052,-993,109,-104,-13576,-6420,5980,-489,124,-142,0
2609.9496841430664,8380,7784,10796,-156,-70,105,7564,-7708,11180,-33,149,-180,-13320,3180,7032,-1279,51,-103,-13552,-6360,6052,-495,143,-143,0
2609.984905958176,8328,7860,10788,-178,-70,104,7424,-7792,11180,-54,143,-176,-13240,3152,7004,-985,69,-90,-13596,-6360,6088,-479,142,-141,0
2610.02067899704,8288,7776,10856,-173,-88,104,7876,-7700,11188,-35,168,-179,-13448,3232,7048,-963,89,-99,-13556,-6356,5928,-496,139,-153,0
2610.05565404892,8208,7820,10932,-155,-44,90,7716,-7920,11272,-43,164,-163,-13076,3164,7016,-1000,67,-81,-13508,-6292,5968,-506,129,-143,0
2610.0920491218567,8304,7856,10544,-151,-66,116,7636,-7852,11280,16,116,-170,-13060,2928,6864,-1039,131,-63,-13504,-6368,6152,-475,156,-128,0
2610.127459049225,8372,7784,10888,-168,-103,116,7848,-7788,11480,-15,130,-201,-13288,3216,7000,-1049,124,-131,-13516,-6440,6112,-468,195,-101,0
2610.1626670360565,8388,7840,10780,-188,-84,122,7432,-7432,11220,-36,132,-196,-13368,3172,6892,-1012,124,-34,-13540,-6188,6064,-478,180,-88,0
2610.1981871128082,8364,7856,10844,-144,-55,94,7628,-7888,11036,-48,127,-181,-13396,3236,6908,-1267,88,-94,-13520,-6408,6144,-491,139,-112,0
2610.2339029312134,8336,7808,10968,-262,-52,145,7600,-7704,11272,-9,135,-158,-13524,3192,6964,-1045,78,-66,-13572,-6460,6112,-499,121,-99,0
2610.270028114319,8292,7876,10856,-149,-28,119,7596,-7656,11280,-45,106,-149,-13320,3068,6928,-996,128,-73,-13484,-6392,6100,-496,115,-120,0
2610.305624961853,8364,7844,10764,-220,-73,116,7664,-7784,11200,-24,155,-180,-13284,3156,7056,-974,103,-87,-13504,-6340,6184,-482,190,-89,0
2610.341208934784,8300,7812,10792,-170,-125,157,7592,-7612,11092,-21,120,-171,-13296,3176,7020,-1025,87,-67,-13536,-6620,6112,-465,206,-52,0
2610.377413034439,8276,7860,10936,-246,-115,149,7916,-7624,11500,-32,96,-156,-13328,3160,6916,-1011,132,-104,-13596,-6464,6160,-485,129,-111,0
2610.4120831489563,8412,7812,10796,-255,-158,159,7576,-7492,11312,-67,129,-190,-13400,3100,6956,-985,111,-109,-13384,-6416,6156,-486,130,-64,0
2610.448033094406,8436,7776,10984,-217,-161,176,7880,-7932,11332,-27,91,-239,-13280,3136,7132,-1010,173,-147,-13472,-6380,6092,-464,194,-74,0
2610.4830651283264,8312,7804,10776,-206,-201,176,7620,-7704,11304,19,70,-221,-13256,3148,6992,-1038,176,-149,-13492,-6380,6368,-498,214,-93,0
2610.5204939842224,8400,7768,10880,-205,-219,173,7436,-7652,11428,-40,67,-228,-13444,3232,6976,-1026,135,-119,-13532,-6300,6028,-500,206,-81,0
2610.554192066192,8424,7756,10940,-266,-174,152,7672,-7696,11016,-40,103,-241,-13360,3208,6712,-987,168,-124,-13560,-6292,6020,-494,209,-88,0
2610.587702035904,8364,7692,10936,-214,-178,171,7612,-7584,11284,18,57,-227,-13560,3108,7092,-1274,205,-177,-13592,-6356,6024,-478,186,-47,0
2610.621125936508,8512,7720,10884,-236,-205,191,7668,-7660,11172,-4,73,-223,-13296,3084,6948,-772,137,-139,-13600,-6344,6036,-455,189,-51,0
2610.6543941497803,8500,7748,10832,-237,-203,170,7432,-7520,11276,-34,66,-237,-13564,3036,7000,-1007,155,-106,-13636,-6328,6140,-475,191,-64,0
2610.6877479553223,8508,7708,10732,-236,-212,152,7728,-7696,11188,-44,70,-199,-13404,3100,6944,-976,143,-150,-13316,-6360,6044,-483,161,-82,0
2610.721107006073,8540,7644,10748,-511,-199,177,7764,-7900,11008,-38,75,-216,-13356,3080,6932,-991,143,-154,-13676,-6324,6108,-492,203,-83,0
2610.754447937012,8392,7724,10776,-237,-174,143,7716,-7628,11280,-9,101,-221,-13232,3124,7052,-1276,130,-107,-13528,-6364,6116,-499,199,-92,0
2610.7879071235657,8480,7764,10804,-511,-172,152,7924,-7556,11140,-33,79,-197,-13412,3072,6872,-1034,159,-94,-13584,-6392,6052,-490,187,-54,0
2610.8217771053314,8428,7708,10724,-217,-187,175,7632,-7704,11104,-26,94,-207,-13064,3020,6976,-1064,154,-99,-13824,-6224,6048,-490,198,-85,0
2610.8554220199585,8588,7880,10824,-260,-170,186,7740,-7580,11092,-62,109,-196,-13356,3324,6820,-981,167,-129,-13536,-6424,5972,-479,183,-65,0
2610.8886370658875,8520,7748,10760,-190,-189,181,7712,-7644,11008,-46,66,-203,-13412,3148,6976,-1012,155,-109,-13804,-6352,6040,-484,160,-85,0
2610.9221620559692,8512,7548,10868,-240,-164,168,7740,-7704,11160,-16,86,-182,-13320,3060,7008,-770,102,-46,-13788,-6352,6056,-500,147,-98,0
2610.9558141231537,8644,7756,10868,-149,-52,117,7636,-7644,11204,-42,136,-151,-13400,3076,6944,-774,109,-34,-13488,-6272,5976,-492,100,-129,0
2610.9894099235535,8220,7688,10928,-157,-79,127,7732,-7584,11148,-54,142,-185,-13532,3148,7052,-986,86,-111,-13644,-6328,6084,-482,158,-146,0
2611.022735118866,8544,7620,10984,-186,-14,91,7436,-7640,11036,-44,179,-172,-13544,3140,6820,-1009,73,-98,-13588,-6256,6076,-463,119,-97,0
2611.0562529563904,8464,7448,10680,-169,5,119,7808,-7520,11256,-18,172,-116,-13380,3012,6780,-1035,84,-37,-13628,-6332,6028,-471,108,-139,0
2611.0901911258698,8524,7728,10632,-171,35,79,7468,-7564,11212,-15,191,-121,-13436,3072,7104,-1040,87,241,-13428,-6376,5964,-450,100,-157,0
2611.123650074005,8560,7756,10736,-127,64,63,7704,-7704,11256,-54,210,-144,-13384,3124,6864,-988,63,-59,-13584,-6328,6016,-474,121,-190,0
2611.1569991111755,8480,7796,10784,-138,-255,74,7752,-7688,11280,-26,196,-176,-13368,3108,6840,-989,58,-67,-13468,-6172,5920,-486,149,-164,0
2611.190525054932,8544,7712,10796,-103,12,58,7464,-7688,11188,254,180,-150,-13216,3140,6824,-1041,85,-87,-13600,-6428,5980,-485,146,-138,0
2611.2242209911346,8508,7748,10836,-120,-34,48,7624,-7740,11152,-20,166,-151,-13404,3160,6920,-992,79,-99,-13488,-6340,6060,-476,153,-154,0
2611.258082151413,8656,7748,10668,-145,14,58,7588,-7496,11208,-52,199,-182,-13376,3204,6856,-979,79,-57,-13576,-6252,6048,-467,112,-132,0
2611.2916510105133,8408,7764,10908,-106,2,45,7600,-7596,11140,-33,196,-155,-13428,3072,6972,-997,58,-70,-13644,-6312,5968,-475,115,-112,0
2611.3248720169067,8212,7904,10904,-127,-254,67,7720,-7668,11180,-27,161,-137,-13252,3120,7280,-770,72,-70,-13544,-6348,6060,-452,159,-124,0
2611.3584859371185,8224,7700,10584,-106,14,79,7592,-7580,11228,-45,159,-160,-13340,3052,6920,-984,69,-78,-13740,-6364,6024,-501,136,-136,0
2611.391767978668,8524,7836,10880,-83,-16,53,7680,-7460,11292,-46,137,-181,-13340,3308,6928,-990,81,-32,-13512,-6236,5936,-494,87,-121,0
2611.4254190921783,8468,7920,10756,-126,-30,75,7712,-7936,11208,-62,160,-164,-13392,3240,6704,-1015,51,-23,-13472,-6264,6108,-519,115,-124,0
2611.4590740203857,8232,7732,10876,-149,-13,85,7660,-7648,11220,37,168,-132,-13092,3008,7036,-1014,89,-44,-13492,-6384,5968,-464,117,-129,0
2611.49262714386,8316,7728,10884,-108,36,89,7792,-7604,11160,-47,131,-167,-13436,2852,7160,-994,88,-99,-13560,-6300,6084,-498,116,-134,0
2611.5256590843205,8412,7808,10984,-128,-68,71,7680,-7492,11356,-67,168,-168,-13428,3188,6992,-975,74,-77,-13812,-6288,6028,-472,104,-163,0
2611.5624320507054,8496,7764,10700,-115,10,120,7692,-7600,11256,-32,168,-136,-13396,3088,7020,-955,84,26,-13528,-6364,6020,-465,66,-112,0
2611.5981929302216,8424,7836,10764,-139,46,94,7612,-7692,11280,-30,134,-122,-13336,2828,6852,-1016,93,-35,-13484,-6368,6040,-470,141,-147,0
2611.6336431503296,8300,7788,10996,-147,-23,77,7812,-7716,11020,-51,175,-155,-13376,3128,6672,-985,46,-24,-13504,-6388,6180,-501,111,-135,0
2611.6693680286407,8364,7804,10912,-203,-22,63,7608,-7616,11032,-41,172,-131,-13220,3228,6936,-971,53,-50,-13320,-6352,6032,-499,110,-102,0
2611.7044129371643,8572,7760,10836,-84,-54,78,7852,-7700,11220,-50,140,-170,-13336,3120,6828,-1037,31,-60,-13556,-6380,6140,-495,137,-135,0
2611.739795923233,8424,7732,10768,-122,-21,93,7572,-7624,11136,-35,162,-171,-13264,3024,6948,-1022,125,-93,-13496,-6348,6072,-460,141,-127,0
2611.775076150894,8372,7828,10720,-135,-47,106,7668,-7644,11052,-47,124,-186,-13340,3148,6996,-778,126,-42,-13496,-6376,6040,-488,166,-106,0
2611.8105370998383,8424,7828,10872,-171,-59,142,7656,-7704,11504,-27,179,-161,-13456,3112,6888,-1280,145,-86,-13520,-6620,5956,-481,154,-102,0
2611.8458330631256,8436,7788,10684,-180,-80,97,7608,-7608,11232,-51,170,-168,-13376,3048,7040,-997,101,-44,-13460,-6496,6048,-498,171,-109,0
2611.881716966629,8440,7752,10736,-143,-66,107,7440,-7908,11028,-60,141,-172,-13108,3164,6816,-1007,78,-90,-13532,-6364,6144,-489,131,-127,0
2611.9176120758057,8356,7788,10708,-153,-36,85,7600,-7704,11220,-16,151,-169,-13256,3108,6812,-1014,68,-74,-13624,-6644,6164,-505,137,-146,0
2611.9530379772186,8664,7788,10976,-183,-55,77,7688,-7588,11292,-9,156,-151,-13132,3148,7076,-1009,66,-110,-13608,-6376,6040,-493,137,-127,0
2611.9880809783936,8192,7964,10912,-156,-27,80,7728,-7616,11456,-18,138,-181,-13312,3076,6948,-1008,78,-57,-13464,-6232,5992,-500,141,-125,0
2612.023612976074,8304,7464,10864,-167,-59,96,7596,-7900,11216,-51,144,-182,-13332,3144,7020,-1017,96,-107,-13412,-6380,6068,-476,155,-101,0
2612.059219121933,8372,8188,10756,-163,-80,114,7896,-7468,11152,-50,142,-183,-13440,3120,6968,-1033,76,-86,-13504,-6164,5980,-485,154,-105,0
2612.0946459770203,8380,7896,10788,-203,-93,110,7612,-7664,11340,-49,145,-159,-13364,3224,7036,-1000,98,-32,-13504,-6656,5912,-474,156,-127,0
2612.130566120148,8460,7812,10856,-171,-63,123,7640,-7648,11268,-45,144,-194,-13396,3112,7076,-1038,79,-60,-13544,-6320,6136,-468,156,-112,0
2612.165635108948,8548,7784,10776,-194,-56,126,7452,-7916,11024,-14,165,-159,-13388,3224,6900,-962,126,-64,-13616,-6400,6132,-485,93,-111,0
2612.2020280361176,8320,7796,10756,-144,-71,86,7444,-7464,11224,-39,125,-157,-13364,3152,6812,-1279,109,-75,-13408,-6392,6180,-480,106,-113,0
2612.235566139221,8420,7808,10888,-159,-33,109,7656,-7860,11092,-38,137,-159,-13316,3124,6916,-1014,99,-44,-13580,-6332,6100,-496,130,-126,0
2612.2692430019374,8372,7744,10764,-166,-55,114,7676,-7700,11304,-251,140,-177,-13392,3040,7032,-998,105,-53,-13528,-6432,6156,-477,161,-115,0
2612.3028230667114,8312,7804,10908,-158,-80,90,7576,-7772,11128,-27,128,-202,-13492,3220,6956,-774,117,-111,-13404,-6416,6188,-461,165,-95,0
2612.336431980133,8396,7848,10860,-191,-98,120,7668,-7660,11396,-36,131,-195,-13360,3300,7096,-995,119,-119,-13688,-6400,6096,-478,155,-98,0
2612.3697431087494,8332,7748,10880,-226,-130,138,7648,-7932,11340,-28,104,-213,-13324,3136,6924,-992,94,-97,-13432,-6396,6196,-490,168,-83,0
2612.403203010559,8396,7748,10756,-227,-148,139,7624,-7916,11152,255,127,-194,-13216,3036,6984,-1005,118,-83,-13456,-6540,6092,-495,122,-87,0
2612.436877965927,8396,7860,10776,-136,-87,106,7660,-7572,11340,-86,116,-201,-13424,3184,7052,-982,78,-91,-13508,-6364,5948,-531,173,-98,0
2612.4704561233525,8340,7776,10968,-508,-121,120,7644,-7736,11156,-10,111,-230,-13260,3164,6776,-1034,113,-160,-13516,-6368,6116,-484,500,-50,0
2612.50376200676,8488,7664,10876,-201,-149,174,7520,-7448,11456,-4,77,-186,-13536,3128,7060,-1060,141,-161,-13492,-6472,6020,-443,183,-62,0
2612.5373980998993,8220,7840,10764,-263,-94,189,7672,-7664,11088,-16,117,-158,-13552,3288,7112,-1027,154,-95,-13592,-6404,6004,-480,131,-55,0
2612.5709950923924,8640,7808,11104,-7,-132,153,7880,-7640,11488,-76,92,-191,-13284,3092,6992,-974,127,-83,-13808,-6656,5996,-500,137,-78,0
2612.6042659282684,8460,7800,10940,-239,-151,160,7584,-7760,11240,-33,72,-192,-13484,3116,6788,-999,163,-142,-13608,-6268,6052,-456,182,-58,0
2612.6375551223755,8524,7708,10816,-210,-227,176,7808,-7588,11264,-12,48,-240,-13116,3152,7140,-1064,163,-152,-13456,-6284,5960,-483,237,-66,0
2612.6710929870605,8476,7772,10992,-238,-220,182,7632,-7668,11100,-15,74,-239,-13324,3048,7120,-1015,192,-112,-13316,-6356,6128,-461,199,-74,0
2612.7045300006866,8364,7764,10780,-233,-203,153,7708,-7644,11192,-31,70,-247,-13376,3076,6928,-995,187,-97,-13492,-6288,5908,-459,199,-86,0
2612.73823094368,8452,7648,10976,-248,-195,169,7616,-7640,11420,-29,82,-208,-13372,3220,6948,-1016,169,-153,-13792,-6288,6008,-490,190,-46,0
2612.7717859745026,8696,7680,10948,-281,-211,165,7860,-7900,11440,-15,66,-219,-13148,3128,6680,-1280,178,-162,-13812,-6444,6100,-475,177,-83,0
2612.804774045944,8368,7720,10724,-2,-217,182,7600,-7748,11236,-59,86,-218,-13352,3032,6952,-998,192,-141,-13544,-6360,6020,-499,201,-51,0
2612.8382489681244,8492,7684,10808,-254,-226,170,7888,-7456,11200,-49,57,-246,-13392,3168,6892,-996,167,-98,-13616,-6300,6084,-498,198,-87,0
2612.8718259334564,8600,7748,10740,-254,-230,144,7924,-7696,11204,-37,86,-210,-13404,3140,6936,-968,143,-151,-13788,-6304,6024,-498,198,-86,0
2612.9051880836487,8512,7720,10716,-242,-206,157,7792,-7628,11216,238,74,-214,-13432,3156,6920,-995,138,-162,-13504,-6260,6396,-503,190,-76,0
2612.9386830329895,8536,7616,10888,-208,-218,167,7444,-7652,11116,-31,81,-228,-13328,3108,6896,-1018,182,-134,-13476,-6360,6128,-485,207,-54,0
2612.972130060196,8500,7728,10784,-230,-216,176,7440,-7592,11196,-10,56,-232,-13332,2988,6984,-982,168,-106,-13764,-6388,5968,-474,224,-65,0
2613.0055270195007,8528,7704,10984,-240,-220,158,7764,-7568,11188,-18,77,-219,-13444,3064,7128,-990,168,-99,-13560,-6340,6004,-760,203,-62,0
2613.039318084717,8676,7704,10520,-189,-211,180,7668,-7524,11404,-39,73,-200,-13428,3156,6852,-1002,167,-107,-13520,-6296,6036,-519,189,-84,0
2613.0726320743565,8616,7696,10640,-182,-183,155,7736,-7680,11192,-52,102,-182,-13424,3268,7096,-992,111,-106,-13524,-6292,6028,-475,150,-93,0
2613.1060371398926,8508,7728,10536,-190,-76,144,7668,-7592,11420,-25,120,-163,-13400,3100,7012,-993,122,-44,-13564,-6312,5952,-456,125,-93,0
2613.1395630836487,8456,7692,10784,-179,-58,118,7764,-7716,11056,-85,137,-177,-13448,3116,7016,-976,102,-23,-13580,-6304,6068,-492,142,-120,0
2613.1730189323425,8620,7924,10800,-224,-253,110,7676,-7648,11240,-41,139,-167,-13356,3200,6840,-995,107,-47,-13596,-6176,6020,-482,100,-110,0
2613.2062201499934,8656,7544,10740,-154,12,110,7716,-7592,11020,-46,170,-98,-13420,3020,6680,-1039,80,3,-13816,-6216,6068,-477,87,-100,0
2613.2433099746704,8460,7708,10740,-170,37,89,7652,-7708,11208,-19,197,-110,-13384,3160,7136,-1026,67,-252,-13524,-6360,5988,-496,90,-145,0
2613.278662919998,8608,7748,10928,-162,36,93,7680,-7672,11140,-70,183,-138,-13404,3216,6856,-989,69,-8,-13592,-6312,6004,-511,98,-158,0
2613.313513994217,8556,7604,10760,-87,42,86,7708,-7632,11244,-37,193,-168,-13432,3132,6860,-769,71,-75,-13772,-6328,6036,-485,130,-136,0
2613.34912610054,8428,7672,10840,-100,26,63,7892,-7644,11508,-44,191,-157,-13460,3152,6752,-1053,69,-66,-13340,-6348,6104,-478,140,-155,0
2613.3841741085052,8424,7740,10884,-98,12,47,7604,-7440,11224,-53,208,-171,-13376,3100,6920,-1004,65,-63,-13480,-6436,6092,-465,140,-160,0
2613.4203629493713,8328,7748,10852,-121,57,46,7588,-7684,11052,-39,214,-169,-13348,3248,7024,-990,62,-71,-13816,-6304,6044,-476,118,-128,0
2613.455495119095,8436,7764,10800,-112,11,74,7680,-7892,11352,-29,176,-142,-13316,3172,7040,-996,50,-28,-13584,-6396,6068,-497,141,-125,0
2613.491084098816,8564,7932,10904,-113,28,94,7696,-7892,11180,-37,168,-141,-13360,3148,7008,-1012,61,-60,-13540,-6340,6100,-485,130,-144,0
2613.5262110233307,8496,7736,10784,-135,253,68,7700,-7580,11080,-54,149,-147,-13404,3100,6692,-1004,47,-38,-13596,-6156,5920,-488,97,-152,0
2613.5624201297765,8464,7720,10764,-128,-31,73,7796,-7624,11332,-67,181,-168,-13284,3116,6944,-984,48,-17,-13616,-6376,6136,-491,97,-168,0
2613.5981340408325,8456,7680,10700,-129,-11,63,7484,-7900,11516,-18,176,-140,-13416,3304,7200,-991,64,-49,-13744,-6268,5968,-473,100,-139,0
2613.6334109306335,8448,7784,10900,-113,-7,74,7580,-7632,11100,-29,168,-152,-13264,3188,6968,-1019,55,-97,-13564,-6348,5984,-487,144,-161,0
2613.668664932251,8404,7676,10756,-156,-20,63,7476,-7680,11172,-23,203,-165,-13428,3324,6676,-977,68,-53,-13584,-6348,6076,-459,102,-178,0
2613.7035779953003,8648,7760,10932,-119,-9,74,7800,-7672,11192,-62,153,-166,-13380,3204,6996,-967,53,-49,-13360,-6364,5932,-259,96,-141,0
2613.739181995392,8192,7772,10928,-173,-34,71,7424,-7624,11348,-21,201,-166,-13412,3128,6936,-770,4,-1,-13604,-6404,5920,-501,128,-146,0
2613.7743871212006,8696,7444,10776,-122,-10,57,7676,-7712,11488,-41,173,-124,-13428,2836,7020,-991,58,-82,-13556,-6428,6116,-503,68,-126,0
2613.809844970703,8360,7704,10888,-139,-14,67,7448,-7652,11152,-70,167,-131,-13424,3116,7004,-987,29,-29,-13328,-6376,5992,-495,91,-136,0
2613.8450450897217,8484,7436,10904,-126,30,66,7640,-7664,11464,-59,180,-137,-13204,3220,7136,-1009,66,5,-13580,-6312,6124,-459,91,-123,0
2613.8814709186554,8476,7728,10904,-131,-9,101,7676,-7728,11304,-55,138,-134,-13328,3184,6960,-1040,96,-12,-13480,-6316,6152,-481,111,-152,0
2613.9148390293126,8388,7796,10876,-142,-34,112,7632,-7700,11276,-44,163,-147,-13368,3084,7068,-967,39,-53,-13576,-6536,6156,-494,82,-146,0
2613.9484469890594,8460,7676,10896,-175,8,97,7728,-7768,11240,-98,170,-132,-13404,3188,7032,-945,47,-54,-13568,-6380,6148,-500,73,-128,0
2613.9819910526276,8408,7816,10968,-108,-63,74,7432,-7724,11304,-65,149,-143,-13440,3116,7072,-991,72,-37,-13548,-6400,6076,-473,129,-98,0
2614.015547037124,8692,7708,10628,-176,-52,104,7632,-7592,11100,-13,160,-167,-13308,3100,7052,-1016,98,-44,-13316,-6376,6360,-490,136,-106,0
2614.0491960048676,8308,7788,10832,-122,-91,109,7924,-7932,11232,-76,153,-165,-13336,3144,7096,-989,107,-79,-13592,-6444,6068,-493,116,-97,0
2614.0825939178467,8392,7744,10872,-206,-47,125,7540,-7664,11376,-94,119,-145,-13328,3216,6960,-991,125,-55,-13416,-6384,6220,-482,106,-125,0
2614.1158249378204,8424,7668,10812,-181,-48,129,7636,-7644,11492,-99,151,-150,-13332,3108,6984,-986,142,253,-13440,-6324,6348,-463,97,-75,0
2614.1491990089417,8460,7764,10648,-194,-57,157,7632,-7640,11272,-111,131,-116,-13256,3220,6944,-976,136,-229,-13480,-6380,6388,-456,116,-65,0
2614.182604074478,8388,7648,10652,-187,-79,138,7724,-7720,11112,-105,114,-126,-13356,3152,7064,-965,140,-31,-13572,-6384,6176,-489,100,-60,0
2614.2162420749664,8260,7872,10712,-186,-41,148,7632,-7668,11240,-122,125,-144,-13204,3216,6896,-975,116,-25,-13496,-6356,6124,-483,120,-70,0
2614.25000500679,8484,7852,10888,-169,-49,180,7432,-7736,11340,-130,97,-123,-13408,3208,7048,-980,138,-53,-13552,-6456,6108,-479,99,-80,0
2614.283658027649,8516,7712,10860,-189,-56,156,7892,-7436,11048,-133,99,-140,-13364,3164,6896,-1002,172,-37,-13516,-6340,6004,-468,116,-58,0
2614.317274093628,8372,7648,10876,-195,-50,145,7604,-7736,11392,-93,98,-168,-13532,3116,6704,-991,197,-38,-13548,-6396,6032,-461,152,-18,0
2614.350811958313,8484,7716,10832,-209,-66,170,7684,-7428,11380,-95,79,-177,-13292,3120,7036,-978,199,-46,-13464,-6240,5920,-462,175,-30,0
2614.3842101097107,8476,7772,10964,-194,-140,187,7560,-7784,11164,-75,84,-191,-13436,3244,7012,-1280,191,-135,-13324,-6332,6316,-476,223,-41,0
2614.4178109169,8324,7616,11024,-285,-180,194,7672,-7796,11108,-84,57,-195,-13384,3244,6928,-1275,198,-116,-13580,-6320,6252,-477,185,-53,0
2614.451262950897,8316,7728,10768,-185,-105,182,7884,-7716,11336,-105,94,-172,-13420,3164,7208,-723,-70,-89,-13636,-6448,5920,-455,153,-68,0
2614.4845309257507,8476,7680,10924,-214,-192,124,7612,-7816,11140,-91,84,-202,-13568,3252,6968,-1006,129,-80,-13504,-6252,6128,-463,182,-69,0
2614.5179121494293,8384,7668,10788,-248,-145,182,7608,-7884,11140,-35,98,-186,-13292,3276,6808,-1007,222,-122,-13464,-6296,6016,-460,201,-18,0
2614.55158495903,8448,7748,10816,-227,-149,179,7432,-7720,11108,-26,72,-182,-13380,3248,6944,-1002,232,-146,-13564,-6300,6104,-480,189,-51,0
2614.585025072098,8424,7652,10804,-207,-128,191,7580,-7688,11072,-26,108,-234,-13140,3120,6728,-987,181,-133,-13528,-6432,6060,-513,182,-55,0
2614.618297100067,8644,7700,10840,-235,-190,182,7452,-7748,10980,-70,84,-241,-13364,3120,6908,-1012,181,-147,-13416,-6264,5948,-502,204,-68,0
2614.651668071747,8692,7648,10944,-185,-231,192,7448,-7684,11140,-40,41,-269,-13392,3268,6748,-1022,225,-202,-13676,-6204,6116,-460,509,-73,0
2614.6875700950623,8276,7520,10604,-204,-247,180,7728,-7732,11112,-20,49,-254,-13252,3216,6828,-1025,215,-180,-13796,-6384,6048,-488,227,-56,0
2614.7212080955505,8528,7696,10860,-186,-240,168,7708,-7684,11208,-47,72,-2,-13336,3240,6748,-976,237,-176,-13628,-6332,6396,-467,223,-29,0
2614.7547760009766,8548,7704,10732,-199,-231,155,7704,-7480,11084,-44,53,-272,-13440,3248,6956,-1014,200,-145,-13496,-6420,6152,-462,236,-33,0
2614.7884271144867,8624,7692,10560,-224,-200,163,7720,-7724,11204,-57,67,-230,-13460,3188,6872,-1010,178,-151,-13660,-6328,5960,-458,223,-60,0
2614.8219079971313,8472,7708,10696,-256,-233,156,7684,-7764,11308,-39,37,-251,-13440,3208,6996,-997,206,-168,-13552,-6332,6124,-464,233,-38,0
2614.8555080890656,8504,7664,10804,-265,-239,192,7720,-7748,11144,-61,9,-267,-13364,3104,6900,-955,214,-179,-13316,-6316,6044,-438,238,-19,0
2614.8892419338226,8552,7676,10868,-200,-229,183,7812,-7724,11252,-101,17,-274,-13452,3228,6812,-941,196,-143,-13640,-6196,6052,-489,195,-51,0
2614.9258501529694,8504,7632,10772,-230,-223,167,7820,-7800,11248,-71,31,-262,-13352,3128,7112,-973,192,-153,-13808,-6228,6228,-484,185,-47,0
2614.9613180160522,8492,7600,10816,-186,-208,165,7816,-7648,11144,-64,73,-6,-13392,3092,6692,-945,191,-172,-13532,-6228,6008,-467,212,-57,0
2614.997636079788,8512,7540,10576,-203,-217,163,7784,-7484,11260,-88,49,-512,-13468,3224,6736,-1007,205,-153,-13712,-6120,6020,-455,235,255,0
2615.0330679416656,8612,7668,10940,-212,-222,198,7784,-7840,11024,-59,4,-237,-13412,3100,6816,-1004,255,-163,-13664,-6208,6004,-486,220,-256,0
2615.0682740211487,8540,7624,10900,-508,-245,237,7680,-7728,11096,-41,42,-260,-13460,3096,6828,-982,295,-116,-13356,-6292,5964,-469,289,19,0
2615.1039299964905,8648,7636,10604,-208,-302,194,7752,-7760,11024,-75,23,-282,-13444,3216,6880,-1014,255,-138,-13732,-6220,6016,-497,239,-24,0
2615.1397371292114,8616,7544,10792,-212,-4,218,7788,-7784,11208,-104,-1,-281,-13464,3148,6876,-968,223,-159,-13636,-6108,6036,-470,212,-36,0
2615.175384044647,8588,7656,10828,-243,-244,192,7788,-7700,11104,-69,91,-227,-13512,3144,6832,-980,210,-84,-13652,-6308,5992,-453,174,-33,0
2615.210762023926,8504,7708,10740,-2,-216,181,7828,-7716,11152,-51,106,-230,-13480,3128,6908,-969,2,-167,-13620,-6256,5888,-503,215,-3,0
2615.2470960617065,8488,7620,10772,-201,-248,202,7680,-7744,10980,-82,22,-234,-13460,3244,6784,-1011,213,-157,-13624,-6248,6072,-522,494,-7,0
2615.2822439670563,8452,7608,10744,-209,-247,229,7860,-7744,11140,-38,39,-193,-13324,3140,6612,-1035,247,-93,-13688,-6376,6004,-555,205,25,0
2615.3181619644165,8612,7616,10920,-233,-244,0,7740,-7768,11088,-71,-252,-221,-13408,3096,6772,-1018,281,-133,-13696,-6344,5992,-493,195,40,0
2615.353728055954,8620,7584,10780,-248,-270,278,7884,-7688,11068,-66,-254,-248,-13440,3028,6792,-1015,295,-127,-13716,-6220,5944,-523,212,38,0
2615.389209985733,8720,7648,10732,-238,-268,221,7684,-7764,11112,-98,-15,-246,-13560,3156,6788,-979,259,-130,-13780,-6180,6076,-483,216,26,0
2615.42436003685,8888,7548,10680,-290,-272,208,7936,-7748,11200,-54,56,-229,-13324,3164,6444,-770,216,-80,-13660,-6136,5848,-480,199,1,0
2615.460093021393,8608,7476,10824,-291,-298,237,7908,-7756,11136,-49,73,-235,-13444,3088,6772,-973,215,-135,-13616,-6336,5992,-432,212,-2,0
2615.4954910278325,8748,7536,10844,-352,-270,221,7944,-7920,11036,-37,51,-201,-13508,3152,6696,-994,236,-92,-13720,-6192,6016,-478,172,-39,0
2615.5313999652863,8940,7588,10600,-283,-289,218,7972,-7752,11116,-60,69,-189,-13608,3132,6740,-1002,214,-139,-13684,-6168,6092,-534,201,-25,0
2615.567754030228,8744,7436,10796,-270,-300,247,7888,-7804,11076,-9,42,-199,-13436,3200,6960,-1279,152,-86,-13648,-6092,5976,-536,156,-30,0
2615.60124707222,8804,7668,10772,-206,-306,232,7844,-7764,11000,-7,86,-148,-13776,3288,6752,-1001,82,-71,-13712,-6064,6032,-602,101,-113,0
2615.6344411373134,8912,7512,10788,-220,-240,194,7972,-7732,11224,22,192,-126,-13624,3320,6472,-1049,82,-93,-13664,-6036,5884,-577,79,-108,0
2615.6679680347443,8896,7496,10788,-239,-250,203,7868,-7840,11240,62,276,-55,-13616,3164,6744,-1098,23,-40,-13716,-5920,6040,-636,12,-146,0
2615.701677083969,8924,7372,10596,-190,-203,225,8000,-7800,11064,71,176,23,-13560,3152,6624,-1077,-7,74,-13740,-6052,5892,-684,-93,-187,0
2615.7349169254303,9164,7404,10652,-90,-100,248,8140,-7828,11260,119,166,70,-13684,3256,6544,-1177,-11,42,-13704,-6064,5680,-710,-66,-162,0
2615.7684321403503,8904,7540,10648,-17,45,1,7828,-7556,11076,133,70,66,-13416,2900,6664,-1150,-7,43,-13660,-6056,5944,-639,-95,-91,0
2615.8021190166473,8784,7476,10792,-143,-15,301,7908,-7744,10928,113,59,1,-13484,2940,6888,-1124,85,58,-13612,-6184,6004,-628,-22,-41,0
2615.8355870246887,8748,7444,10672,-157,-89,287,7968,-7712,10912,244,97,-33,-13480,3200,6788,-1134,142,29,-13576,-6200,5892,-560,20,-68,0
2615.8692080974574,8836,7420,10432,-204,-57,238,7960,-7720,11044,35,248,-56,-13452,3020,6636,-1115,84,38,-13532,-6140,5900,-531,31,-138,0
2615.9024310112004,8812,7584,10240,-148,-26,165,7848,-7468,10788,-45,4,-48,-13356,2920,6480,-1039,40,-254,-13408,-6112,5824,-530,91,-180,0
2615.935651063919,8812,7372,10092,-154,92,79,7740,-7392,10796,-115,335,-61,-13232,2940,6792,-1032,31,48,-13512,-6084,5880,-399,53,-201,0
2615.969551086426,8784,7456,10304,-309,354,3,7784,-7536,11008,-1,500,12,-13384,3056,6848,-1048,-15,114,-13488,-6064,5892,-398,39,-236,0
2616.0030639171605,8776,7400,10688,-294,447,-12,7728,-7732,11104,79,459,20,-13428,2940,6900,-1018,-47,109,-13660,-6248,5956,-365,78,-171,0
2616.0366771221165,8872,7528,10860,-129,406,-15,7916,-7844,11432,40,300,-63,-13652,3048,6672,-1095,95,38,-13784,-6288,5948,-422,73,-213,0
2616.070233106613,8984,7684,10992,-85,263,-37,7788,-7876,11368,-99,267,-88,-13696,3156,6812,-970,-59,39,-13576,-6328,6020,-492,69,-248,0
2616.1036999225616,8812,7652,10912,-60,185,-33,7736,-7748,11064,-93,204,-121,-13344,3568,7032,-911,-213,53,-13608,-5924,5936,-481,36,-229,0
2616.1372151374817,8636,7508,10808,-80,179,-26,7508,-7764,11196,-104,212,-94,-13288,3216,6728,-935,-117,127,-13452,-6176,6040,-449,9,-102,0
2616.1706550121307,8672,7608,10868,-202,231,67,7592,-7768,11092,-195,218,-21,-13356,3084,6760,-909,53,195,-13520,-6212,6096,-426,-32,-63,0
2616.2042140960693,8580,7424,10552,-199,230,106,7728,-7856,11156,-222,79,-34,-13368,3336,6656,-856,126,141,-13568,-6000,6008,-466,-46,-65,0
2616.2377400398254,8644,7216,10700,-162,189,116,7604,-7700,11152,-148,35,-67,-13316,3256,6676,-893,77,58,-13480,-6088,6268,-405,-33,-82,0
2616.271337032318,8600,7672,10592,-234,182,93,7720,-7836,11068,-100,85,-117,-13388,3080,6648,-934,70,42,-13588,-6236,6232,-455,44,-82,0
2616.304983139038,8504,7416,11032,-6,105,91,7668,-7880,11120,-103,145,-158,-13396,3276,6856,-863,42,224,-13684,-6260,6224,-446,99,-90,0
2616.3386690616608,8724,7488,11004,-147,94,54,7828,-7852,11128,-88,171,-158,-13664,3260,6712,-955,101,-29,-13652,-6260,6072,-260,98,-195,0
2616.371990919113,8564,7660,10832,-71,18,18,7820,-7816,11088,-248,214,-193,-13444,3360,6804,-989,-93,-113,-13340,-6256,5896,-588,157,-264,0
2616.405399084091,8408,7496,10684,1,22,-27,7660,-7784,10836,87,212,-239,-13232,3264,6816,-1053,-88,-204,-13488,-6092,6032,-620,252,-209,0
2616.4389741420746,8640,7388,10764,61,-76,11,7692,-7716,11208,87,85,-304,-13388,3172,6632,-1110,41,-4,-13668,-6284,6208,-534,268,-216,0
2616.4724509716034,8940,7612,10840,-33,-31,-50,7876,-7648,11180,71,129,-323,-13448,3124,6792,-1032,32,-161,-13800,-6364,6144,-359,137,-207,0
2616.5060129165654,8800,7752,10836,-217,95,-64,8140,-7448,11284,-101,257,-219,-13640,3272,7108,-837,-86,36,-13916,-6480,6100,-360,-84,-279,0
2616.5396940708165,8796,7708,10752,-196,183,-145,7912,-7828,11192,-98,362,-103,-13652,3276,7076,-763,-233,72,-13764,-6384,6136,-461,-149,-402,0
2616.5728390216827,8656,7620,11000,-137,223,-137,7916,-7832,11512,-166,429,-97,-13172,3188,6932,-814,-300,-26,-13396,-6240,6048,-416,-63,-377,0
2616.610082149505,8372,7528,10888,-163,81,-125,7568,-7764,11176,-153,339,-115,-13088,3348,6700,-903,-231,253,-13360,-6120,6168,-632,126,-298,0
2616.645551919937,8408,7532,10668,-74,-21,7,7536,-8152,11108,133,176,-84,-13224,3400,6792,-1057,-109,-71,-13488,-6140,6276,-586,92,-209,0
2616.6817729473114,8496,7516,10992,62,188,60,7700,-7976,10984,160,56,-101,-13456,3328,7048,-1148,42,-21,-13804,-6160,5944,-608,49,-493,0
2616.717423915863,8488,7188,11048,87,119,108,7612,-8032,11220,175,52,-94,-13240,3564,6828,-1088,-14,-110,-13516,-6144,6164,-621,75,-185,0
2616.7525470256805,8360,7492,10900,103,87,75,7660,-7764,11092,139,100,-118,-13316,3340,6904,-1105,9,-219,-13444,-6288,6052,-592,175,-251,0
2616.788255929947,8428,7608,10752,65,-60,47,7776,-7808,11180,68,160,-124,-13364,3272,6936,-1124,-47,-198,-13528,-6368,5968,-714,246,-276,0
2616.822993993759,8392,7772,11024,68,-143,40,7728,-7732,11260,100,186,-152,-13328,3364,6980,-1079,-73,-175,-13768,-6272,6392,-694,226,-228,0
2616.859133005142,8316,7656,10876,85,-33,51,7608,-7680,11212,64,158,-110,-13356,3112,7104,-1142,15,-111,-13440,-6424,6156,-640,152,-218,0
2616.8938739299774,8464,7748,10548,30,-51,81,7560,-7756,11100,72,162,-146,-13320,3160,6980,-1051,250,-185,-13708,-6604,6332,-581,112,-275,0
2616.9297261238094,8476,7712,10900,-256,24,-11,7536,-7556,11092,26,244,-205,-13284,3076,7068,-985,-70,-136,-13824,-6548,6040,-477,124,-507,0
2616.9650111198425,8680,7932,10808,-205,7,-39,7596,-7472,11256,-83,270,-223,-13184,3036,7004,-931,-106,-106,-13332,-6592,6064,-477,106,-201,0
2617.0004370212555,8432,7912,10592,-185,-54,-35,7480,-7628,11216,-110,233,-9,-13284,3100,6992,-932,-30,-136,-13468,-6384,6036,-452,192,-219,0
2617.035658121109,8400,7868,10600,-162,-72,-33,7632,-7584,11116,-26,502,-303,-13272,3096,6656,-1014,-29,-177,-13440,-6448,5992,-425,260,-227,0
2617.071850061416,8408,7872,10624,-139,-99,-52,7576,-7476,11320,-67,170,-305,-13236,3156,7380,-990,-7,-92,-13540,-6692,6172,-383,120,-162,0
2617.108076095581,8400,7712,10752,-237,-31,-44,7680,-7600,11396,-168,135,-297,-13312,3260,6904,-805,126,-43,-13456,-6456,6008,-371,139,-109,0
2617.142862081528,8452,7804,10860,-217,-47,-6,7464,-7836,11240,-131,174,-301,-13292,3264,7128,-865,151,-94,-13488,-6372,5920,-344,221,-67,0
2617.1776621341705,8380,7744,10804,-250,-70,74,7632,-7688,11344,-135,62,-278,-13276,3292,7032,-937,174,-80,-13504,-6368,6044,-321,200,-27,0
2617.2130610942845,8300,7736,10840,-297,-107,93,7848,-7816,11112,-175,50,-252,-13264,3316,7044,-866,141,-36,-13532,-6348,6248,-310,162,-19,0
2617.250030040741,8460,7644,10864,-350,-115,68,7624,-7776,11148,-240,67,-285,-13280,3352,6984,-841,172,-65,-13488,-6224,6176,-331,167,-32,0
2617.2835731506348,8164,7576,11056,-341,-189,143,7556,-7980,11092,-102,49,-315,-13196,3448,6704,-952,304,-238,-13304,-6216,6112,-442,331,36,0
2617.3170249462128,8328,7620,10880,-115,-344,218,7516,-7948,11108,-67,-105,-331,-13064,3524,7064,-1070,286,-19,-13484,-6156,6396,-541,406,87,0
2617.350562095642,8388,7512,10756,-138,-273,265,7736,-7812,11248,39,-136,-286,-13552,3108,6900,-1053,329,-209,-13688,-6164,6112,-553,353,82,0
2617.3840680122375,8424,7556,10656,-120,-245,274,7720,-7780,10796,10,-85,-5,-13368,3280,6852,-1141,364,-145,-13552,-6268,6288,-515,325,51,0
2617.417501926422,8392,7580,10920,-127,-277,272,7580,-7836,11052,27,-150,-274,-13264,3448,6708,-1104,300,-186,-13328,-6164,6268,-764,321,131,0
2617.451115131378,8412,7620,10900,-169,-237,358,7624,-7692,10768,-24,-171,-195,-13416,3340,7000,-1140,353,-149,-13688,-6296,6236,-528,295,150,0
2617.484733104706,8640,7668,10920,-210,-149,343,7908,-8132,10860,-53,-96,-172,-13684,3124,7140,-1086,266,-157,-13684,-6356,6116,-266,197,32,0
2617.518191099167,8604,7680,10800,-153,-150,234,8072,-7812,11132,-31,4,-206,-13824,3140,7040,-1051,217,-169,-13720,-6212,5968,-555,2,-82,0
2617.5519030094147,8844,7528,10792,-154,-251,174,7872,-7860,11052,18,87,-277,-13464,3024,7040,-1117,167,-183,-13324,-6464,5956,-562,298,-130,0
2617.5855801105495,8548,7736,10548,-152,-205,95,7884,-7648,11140,62,151,-263,-13512,3048,7152,-1089,97,-140,-13820,-6404,5940,-543,246,-159,0
2617.619174003601,8576,7868,10652,-98,-144,82,7860,-7556,11156,48,145,-187,-13412,3192,7044,-1024,64,-172,-13752,-6328,5916,-571,180,-144,0
2617.6523921489716,8608,7440,10932,-110,-109,93,8184,-7688,11132,58,132,-201,-13560,3088,6960,-1051,31,-138,-13632,-6264,5928,-497,208,-161,0
2617.6859679222107,8548,7768,10764,-135,-102,83,7908,-7636,11056,34,150,-227,-13344,3020,6812,-1081,112,-107,-13636,-6424,5804,-463,221,-141,0
2617.719574928284,8604,7780,10612,-137,-167,116,7896,-7620,11112,-82,147,-252,-13536,2900,6704,-989,166,-118,-13568,-6328,5968,-450,215,-117,0
2617.7532031536102,8536,7804,10796,-196,-144,89,7808,-7716,10940,-61,139,-264,-13092,3216,6808,-1024,188,-144,-13324,-6396,6012,-431,4,-54,0
2617.786858081817,8560,7436,10704,-166,-183,160,7744,-7756,11136,-42,8,-7,-13132,3196,6780,-1080,231,-153,-13812,-6128,5884,-477,278,16,0
2617.820172071457,8612,7676,10816,-154,-202,186,7788,-7824,10856,-7,-39,-241,-13464,3180,6792,-1098,299,-119,-13736,-5948,6124,-493,230,-33,0
2617.8537080287933,8644,7452,10836,-129,-133,165,7808,-7804,11192,-16,53,-232,-13560,3280,6856,-1094,213,-75,-13572,-6316,6152,-496,166,-122,0
2617.887251138687,8628,7832,10972,-114,-64,114,7800,-7764,11164,-33,111,-243,-13356,3212,6872,-1033,158,-123,-13372,-6320,6064,-472,175,-134,0
2617.9205980300903,8536,7664,10604,-175,-152,105,7724,-7772,11288,24,102,-266,-13400,3208,7044,-1027,149,-216,-13464,-6320,6116,-431,290,-56,0
2617.9542269706726,8612,7892,10776,-97,-158,105,7784,-7728,11112,-33,80,-274,-13428,3140,6976,-1034,146,-170,-13716,-6348,6044,-502,223,-133,0
2617.987760066986,8552,7784,10876,-174,-164,72,7924,-7756,11140,3,188,-208,-13400,3216,7028,-985,55,-144,-13716,-6336,6108,-482,187,-170,0
2618.0213351249695,8676,7788,10536,-121,-62,36,7852,-7600,11088,-26,156,-195,-13372,3280,6804,-976,85,-119,-13652,-6364,5972,-487,167,-158,0
2618.0546119213104,8572,7732,10624,-170,-87,87,7736,-7708,11224,-26,145,-190,-13568,3416,7092,-971,89,-84,-13568,-6240,6000,-495,159,-115,0
2618.088137149811,8536,7820,10988,-147,-96,130,7812,-7728,11136,-27,127,-168,-13344,3180,6864,-1019,134,-40,-13680,-6336,6076,-526,107,-86,0
2618.1218209266663,8636,7452,10800,-130,-242,153,7856,-7528,11128,-56,121,-110,-13364,3176,6784,-930,124,11,-13660,-6208,6004,-553,-256,-121,0
2618.155096054077,8648,7864,10888,-110,27,144,7892,-7628,11092,-28,114,-81,-13456,3192,6828,-978,84,20,-13372,-6208,6036,-560,76,-135,0
2618.188733100891,8488,7924,10780,-185,-12,177,7884,-7708,11188,20,184,-109,-13404,3068,7140,-995,32,-25,-13816,-6648,5948,-496,111,-112,0
2618.222258090973,8520,7732,10860,-116,-12,151,7828,-7584,11132,-254,81,-132,-13396,2976,7108,-1004,113,-92,-13620,-6620,5864,-535,130,-68,0
2618.2557060718536,8452,7704,10568,-150,-75,159,7840,-7640,11120,-102,109,-145,-13496,2852,6776,-999,126,-103,-13704,-6500,5856,-520,150,-82,0
2618.29301905632,8572,7816,10764,-187,-90,147,7792,-7596,11244,-83,110,-183,-13428,3044,6912,-976,156,-65,-13508,-6264,6020,-437,177,-99,0
2618.3285870552063,8580,7624,10544,-220,-107,110,7868,-7644,11248,-86,111,-247,-13340,3132,6844,-967,105,-106,-13592,-6324,5980,-443,207,-87,0
2618.3640429973602,8524,7672,10772,-194,-117,76,7816,-7652,11160,-74,135,-269,-13488,3104,6980,-934,71,-139,-13640,-6384,6024,-439,214,-165,0
2618.3996081352234,8548,7716,10712,-213,-108,24,7856,-7840,11160,-54,149,-243,-13416,3256,6972,-955,60,-130,-13716,-6240,5996,-485,168,-152,0
2618.4500720500946,8520,7716,10816,-147,-68,59,7832,-7716,11084,-76,176,-205,-13368,3228,6820,-927,46,-93,-13592,-6380,5940,-499,182,-139,0
2618.4972450733185,8620,7676,10888,-175,-80,103,7804,-7820,11052,-9,114,-203,-13344,3240,6868,-1010,154,-118,-13672,-6312,6136,-489,229,-30,0
2618.5377790927887,8580,7916,10748,-214,-161,200,7744,-7736,11112,-249,33,-216,-13320,3200,6880,-1019,200,-153,-13628,-6336,6124,-503,237,-9,0
2618.5728549957275,8644,7720,10840,-208,-235,225,7904,-7760,11156,-63,8,-225,-13436,3116,6980,-951,189,-114,-13620,-6280,6040,-522,213,-14,0
2618.6087539196014,8672,7760,10616,-189,-235,179,7840,-7908,11136,-99,51,-240,-13716,3148,7028,-948,151,-110,-13600,-6232,6028,-516,219,-69,0
2618.643366098404,8560,7612,10728,-217,-207,191,7904,-7684,11020,-12,97,-242,-13468,3140,6560,-949,115,-191,-13604,-6252,5928,-482,211,-90,0
2618.678652048111,8724,7816,10772,-505,-196,145,7848,-7684,10992,-29,83,-208,-13480,3176,6912,-971,110,-128,-13584,-6472,5792,-491,199,-86,0
2618.713734149933,8628,7696,10500,-304,-225,167,7904,-7912,11088,-2,107,-212,-13580,3072,6684,-970,135,-156,-13824,-6304,6040,-494,196,-89,0
2618.7495069503784,8612,7700,10540,-227,-183,151,7864,-7708,11076,-42,105,-218,-13344,3136,7028,-979,122,-161,-13668,-6164,5992,-262,223,-81,0
2618.78507399559,8452,7908,10680,-235,-237,184,7828,-7644,11172,254,50,-226,-13332,3152,6828,-999,151,-131,-13628,-6296,5904,-537,0,-52,0
2618.8203251361847,8620,7904,10524,-241,-234,201,7816,-7724,11088,-51,43,-237,-13328,3020,6876,-1022,195,-125,-13648,-6288,5900,-531,231,-46,0
2618.8555231094365,8680,7700,10724,-263,-239,216,8144,-7628,11160,-66,34,-216,-13420,3044,6660,-974,168,-106,-13720,-6236,5872,-470,202,-20,0
2618.8912711143494,8952,7492,10560,-239,-225,207,7932,-7780,11008,-89,76,-217,-13632,3096,6640,-983,119,-101,-13764,-6276,5936,-483,210,-76,0
2618.9279050827026,8732,7640,10524,-356,-240,173,8084,-7736,11116,-34,109,-213,-13532,3036,6804,-1041,128,-131,-13600,-6400,5896,-437,205,-56,0
2618.9616351127625,8592,7728,10640,-208,-141,131,7884,-7724,11080,-81,103,-210,-13512,3048,6708,-975,185,-164,-13724,-6288,5668,-474,198,-100,0
2618.9952359199524,8660,7668,10664,-176,-226,95,8128,-7704,11056,-55,97,-282,-13416,3112,6800,-960,118,-166,-13624,-6156,6140,-764,283,-104,0
2619.028720140457,8784,7620,10812,-181,-202,134,7900,-7608,10908,-32,92,-217,-13416,3196,6716,-1008,89,-96,-13764,-6196,6076,-481,185,-89,0
2619.0624499320984,8784,7540,10984,-191,-95,134,7820,-7556,10884,-42,139,-175,-13476,2820,6732,-1031,105,-14,-13632,-6272,5676,-455,108,-110,0
2619.0958120822906,8756,7704,10508,-212,-43,121,7808,-7792,10812,-59,159,-151,-13424,3120,6816,-1014,88,-8,-13596,-6252,5828,-490,117,-171,0
2619.1293730735774,8740,7600,10748,-136,-255,51,8016,-7592,11036,-112,152,-148,-13436,3100,6872,-1032,67,-60,-13720,-6368,5900,-260,114,-159,0
2619.162302017212,8808,7540,10736,-152,250,80,7860,-7908,11088,-36,187,-136,-13444,2832,6772,-1073,84,-58,-13588,-6256,5872,-490,142,-129,0
2619.195718050003,8628,7448,10776,-74,-26,115,7880,-7668,11044,-70,146,-119,-13436,3048,6712,-1098,126,-28,-13676,-6224,5980,-413,121,-133,0
2619.2292709350586,8796,7632,10728,-114,250,150,7948,-7628,10940,-101,216,-141,-13416,3072,6632,-1078,0,-57,-13644,-6264,6072,-256,192,-103,0
2619.2628099918365,8684,7616,10768,-215,-52,96,7936,-7692,11052,-58,169,-185,-13456,3144,6852,-910,-86,-117,-13672,-6260,5940,-375,267,-134,0
2619.2961051464085,8708,7584,10720,-71,-74,65,7904,-7896,11032,-121,223,-177,-13456,2840,6828,-871,-109,-46,-13644,-6332,5932,-290,187,-152,0
2619.330013036728,8808,7612,10676,-56,-26,75,7860,-7880,10796,-91,188,-159,-13392,3160,6860,-924,-48,-63,-13644,-6304,5944,-316,134,-146,0
2619.3636281490326,8676,7728,10992,-41,7,42,7856,-7704,11100,-81,142,-163,-13396,3292,7100,-953,-26,-54,-13656,-6268,5840,-381,145,-165,0
2619.39684510231,8672,7716,10748,-70,34,25,7976,-7648,11096,-78,177,-167,-13448,3124,7116,-987,253,-69,-13700,-6168,5856,-391,111,-185,0
2619.4299881458282,8720,7756,10748,-58,12,47,7832,-7784,11056,-39,212,-131,-13432,3128,6804,-975,-3,-49,-13820,-6272,5852,-436,126,-180,0
2619.4634211063385,8692,7648,10748,-113,58,50,7692,-7712,11036,-42,187,-150,-13176,3280,7104,-1277,35,-16,-13584,-6176,5920,-424,131,-133,0
2619.497188091278,8696,7728,10724,-111,44,59,7792,-7728,11084,-29,205,-126,-13428,3112,6852,-1033,117,-5,-13588,-6324,5904,-459,123,-123,0
2619.5305399894714,8612,7620,10848,-170,14,71,7928,-7740,11128,-24,195,-161,-13448,3108,6908,-1066,44,-90,-13724,-6188,5980,-481,147,-145,0
2619.5639419555664,8756,7744,10740,-156,19,87,7924,-7436,11096,16,207,-123,-13356,2824,6672,-1062,63,-75,-13696,-6268,6012,-459,100,-124,0
2619.5974090099335,8724,7712,10744,-84,23,85,7996,-7748,11068,-42,164,-142,-13328,3032,7016,-1024,16,-1,-13664,-6336,5916,-468,86,-158,0
2619.6307089328766,8672,7692,10524,-136,48,33,7888,-7716,11132,18,208,-167,-13324,3180,6852,-1010,77,-49,-13560,-6288,5940,-430,133,-149,0
2619.6641919612885,8464,7772,10752,-230,52,88,7856,-7688,11104,-252,175,-169,-13340,3248,7152,-770,83,-71,-13520,-6284,6008,-420,169,-108,0
2619.7034590244293,8584,7900,10788,-168,7,106,7916,-7804,10944,11,172,-151,-13460,3088,7096,-1013,85,-60,-13584,-6268,5932,-440,127,-143,0
2619.7372119426727,8652,7660,10872,-184,18,83,7948,-7692,11196,-33,172,-180,-13404,3208,6800,-971,34,-76,-13668,-6312,6060,-449,95,-133,0
2619.7707400321965,8456,7708,10784,-193,-24,73,7928,-7868,11164,-11,156,-171,-13504,3196,7004,-1007,54,-100,-13604,-6192,5844,-490,152,-125,0
2619.804352045059,8580,7716,10664,-208,-39,79,7812,-7756,11056,25,208,-156,-13336,3272,6664,-1048,126,-39,-13564,-6228,5904,-481,150,-143,0
2619.8380420207977,8604,7700,10848,-153,-63,118,7856,-7680,11068,7,120,-205,-13344,3112,7016,-1038,132,-54,-13644,-6248,5888,-490,184,-120,0
2619.87158703804,8696,7428,10516,-156,-36,91,7944,-7784,10984,-5,134,-180,-13320,3140,6792,-1017,94,-86,-13660,-6312,5892,-484,172,-132,0
2619.905054092407,8632,7712,10724,-149,-17,113,7848,-7788,11028,0,200,-195,-13340,3076,7016,-995,80,-79,-13608,-6216,6044,-498,163,-125,0
2619.9382569789886,8632,7716,10648,-168,-12,117,7860,-7780,11228,-27,172,-167,-13340,2824,6788,-996,79,-82,-13652,-6296,6064,-482,165,-101,0
2619.975494146347,8628,7700,10752,-175,-27,93,7772,-7704,11140,-22,168,-179,-13364,2896,6676,-980,95,-48,-13668,-6368,5980,-488,136,-133,0
2620.01168012619,8548,7696,10504,-150,-46,90,7840,-7760,11056,-45,148,-189,-13408,3156,6976,-1013,63,-65,-13712,-6212,6108,-484,164,-128,0
2620.047809123993,8652,7736,10892,-196,-45,116,7856,-7800,11260,-8,163,-168,-13436,3148,6692,-1022,88,-101,-13700,-6236,6088,-494,151,-134,0
2620.0830209255214,8608,7680,10848,-166,-30,101,7772,-7516,11088,-44,194,-172,-13440,3128,6812,-1001,64,-53,-13632,-6252,6012,-477,138,-139,0
2620.118185043335,8640,7760,10628,-150,17,91,7892,-7768,11176,-24,153,-169,-13420,3056,7040,-975,89,-103,-13772,-6304,5888,-469,131,-110,0
2620.1536359786987,8580,7720,10864,-144,-108,109,7848,-7776,11108,-50,143,-175,-13452,3152,7000,-1020,73,-64,-13572,-6312,5864,-483,202,-82,0
2620.1892359256744,8520,7680,10728,-208,-90,116,7796,-7648,11164,-16,141,-171,-13116,3072,6832,-982,78,-93,-13344,-6256,5896,-492,140,-80,0
2620.2250990867615,8488,7720,10816,-135,-52,129,7844,-7596,11096,-91,172,-178,-13344,3220,7084,-931,-17,-41,-13716,-6348,5832,-454,132,-121,0
2620.260740995407,8520,7704,10672,-172,-27,60,7868,-7688,11032,-44,185,-130,-13256,3056,6732,-934,61,-88,-13692,-6236,6076,-442,149,-135,0
2620.2955570220947,8584,7740,10748,-156,-34,87,7808,-7712,11180,-16,151,-161,-13068,3208,6780,-928,-43,-66,-13644,-6248,6084,-450,134,-121,0
2620.331517934799,8596,7480,10952,-198,-25,113,7916,-7740,10992,-4,218,-128,-13464,3200,6792,-932,-27,-67,-13732,-6324,5904,-462,135,-146,0
2620.3676109313965,8584,7932,10504,-196,-39,89,7824,-7908,11068,-63,238,-153,-13428,3228,6956,-901,-14,-69,-13728,-6164,5900,-463,158,-166,0
2620.402812957764,8584,7700,10844,-182,-89,83,7844,-7748,11168,-42,117,-165,-13332,3124,7024,-871,21,-115,-13776,-6276,6128,-449,187,-93,0
2620.4387340545654,8580,7688,10784,-211,-95,130,7904,-7752,11132,39,119,-217,-13496,3212,6784,-956,75,-204,-13616,-6280,6036,-488,250,-66,0
2620.4741859436035,8464,7696,10556,-145,-178,163,7752,-7784,11216,-9,89,-233,-13340,3244,7036,-925,124,-170,-13596,-6328,5968,-468,239,-69,0
2620.5096719264984,8544,7824,10508,-202,-181,152,7708,-7800,11208,254,74,-232,-13392,3232,7004,-925,118,-190,-13692,-6296,6028,-478,251,-82,0
2620.544770002365,8632,7736,10716,-192,-204,154,7744,-7716,11028,-40,101,-219,-13344,3216,6728,-951,158,-131,-13632,-6240,5868,-466,225,-64,0
2620.5800380706787,8460,7748,10960,-222,-190,181,7788,-7672,11216,-9,109,-211,-13356,3236,6816,-967,205,-158,-13744,-6260,5984,-446,222,-59,0
2620.6157610416412,8536,7712,10740,-200,-203,193,7736,-7712,11112,-22,89,-233,-13292,3204,6900,-1008,165,-195,-13660,-6240,6056,-468,240,-47,0
2620.6493051052094,8540,7704,10960,-198,-228,160,7888,-7576,11232,-49,97,-230,-13368,3116,6860,-945,137,-184,-13688,-6200,5832,-539,223,-60,0
2620.6827640533447,8940,7816,10796,-201,-208,174,7900,-7636,11228,-52,80,-227,-13376,3156,6820,-966,144,-130,-13724,-6296,5776,-517,202,-61,0
2620.7159800529485,8608,7668,10808,-173,-202,165,7832,-7648,11016,-38,104,-204,-13444,3100,6784,-1018,105,-99,-13632,-6176,5756,-508,221,-48,0
2620.7497930526733,8480,7648,10544,-196,-504,176,7880,-7644,11148,-7,93,-208,-13276,3148,6916,-1010,146,-134,-13652,-6336,5920,-475,212,-72,0
2620.783119916916,8584,7620,10616,-229,-227,195,8116,-7612,11108,-30,36,-215,-13364,3188,6912,-972,152,-170,-13764,-6160,5844,-485,173,-78,0
2620.8169379234314,8472,7904,10676,-231,-276,177,8136,-7572,11064,-29,86,-221,-13276,3152,6824,-980,159,-148,-13620,-6244,6080,-472,241,-43,0
2620.8505470752716,8724,7688,10804,-281,-209,193,7832,-7896,11240,-40,73,-211,-13376,3124,6888,-967,102,-106,-13732,-6204,5716,-506,192,-69,0
2620.883803129196,8616,7448,10556,-181,-176,129,7916,-7664,11084,-51,95,-207,-13300,3140,7052,-943,124,-114,-13724,-6312,5636,-480,159,-60,0
2620.917433977127,8672,7552,10608,-185,-239,140,7932,-7672,11100,-77,140,-234,-13368,3080,6904,-955,110,-143,-13784,-6228,5900,-476,213,-72,0
2620.9511210918427,8712,7680,10592,-235,-222,153,7792,-7680,10996,-23,111,-209,-13112,3140,6828,-979,112,-161,-13680,-6208,5832,-446,214,-65,0
2620.9843709468846,8728,7648,10612,-244,-268,181,7836,-7652,11108,-19,76,-194,-13364,3156,7104,-975,133,-96,-13676,-6392,5648,-455,217,-84,0
2621.0180609226227,8720,7612,10684,-276,-184,150,7728,-7752,11096,-10,86,-203,-13316,3092,6888,-959,77,-85,-13704,-6204,5792,-512,191,-85,0
2621.051799058914,8644,7572,10516,-191,-199,139,7816,-7768,11244,-62,163,-208,-13360,3188,7000,-916,59,-95,-13732,-6244,5648,-558,222,-100,0
2621.0854210853577,8700,7548,10656,-150,-145,133,7896,-7740,11192,-5,78,-209,-13352,3148,6724,-1000,85,-145,-15292,-6488,5976,-413,107,-60,0
2621.1188530921936,9176,7660,10464,-214,-71,172,7832,-7440,11136,8,133,-208,-13260,3180,6828,-1004,110,-95,-13788,-6128,6064,-520,172,-126,0
2621.1520669460297,8648,7512,10792,-177,-68,139,7832,-7608,11084,-7,145,-165,-13444,3144,7072,-984,61,-72,-13596,-6224,5740,-487,98,-114,0
2621.1856350898743,8784,7624,10516,-202,29,93,7920,-7696,11076,16,184,-158,-13452,3180,6940,-991,27,-14,-13744,-6392,6052,-467,61,-170,0
2621.2192239761353,8772,7912,10700,-164,31,77,8000,-7764,11036,11,203,-166,-13392,3212,7060,-994,35,-50,-13752,-6188,5964,-408,42,-176,0
2621.252861022949,8792,7584,10596,-153,3,100,7948,-7928,11152,22,234,-148,-13464,3096,6916,-1006,245,-86,-13740,-6288,5820,-506,117,-161,0
2621.2864689826965,8472,7932,10700,-155,-6,62,7720,-7652,11028,-8,235,-133,-13364,3148,6960,-1002,-40,-71,-13724,-6252,5840,-541,69,-209,0
2621.3197939395905,8700,7440,10508,-93,35,58,7740,-7740,11248,-19,243,-130,-13432,3156,7124,-966,-25,-63,-13704,-6280,5864,-580,29,-216,0
2621.353558063507,8656,7588,10820,-134,20,54,7744,-7688,11132,2,218,-114,-13316,3220,7012,-967,-86,-249,-13612,-6264,5896,-499,38,-233,0
2621.3870079517365,8704,7632,10892,-123,73,43,7872,-7676,11176,1,224,-106,-13068,3176,6972,-1006,-248,-42,-13732,-6244,5844,-512,53,-160,0
2621.4202620983124,8660,7732,10848,-115,9,84,7792,-7664,11120,-14,179,-148,-13224,3080,7160,-973,26,-62,-13600,-6196,5840,-456,61,-156,0
2621.4538719654083,8580,7692,10788,-176,11,89,7848,-7624,11008,-35,199,-166,-13508,3104,7004,-954,2,-67,-13636,-6324,5992,-427,92,-130,0
2621.487396001816,8720,7704,10772,-164,-249,113,7728,-7580,11180,-63,196,-145,-13468,3220,7048,-964,6,-22,-13764,-6276,6072,-472,99,-154,0
2621.5209379196167,8628,7564,10788,-155,-41,80,7920,-7828,11204,42,217,-133,-13388,3184,6968,-973,-16,-72,-13692,-6296,5644,-432,69,-170,0
2621.554552078247,8664,7704,10644,-118,49,105,7804,-7640,11112,62,201,-109,-13372,3092,7068,-1029,14,-55,-13480,-6352,5536,-544,-117,-200,0
2621.5881700515747,8472,7896,10924,-79,8,64,7932,-7444,11068,10,249,-94,-13400,3072,7048,-978,-123,-35,-13712,-6284,5996,-495,33,-254,0
2621.6212980747223,8696,7720,10756,-181,177,25,7748,-7688,11244,51,273,-90,-13296,3268,6824,-1009,-74,215,-13712,-6248,5892,-499,-44,-236,0
2621.6588871479034,8768,7544,10692,-89,196,89,7832,-7676,10988,60,253,-41,-13552,3256,6720,-1041,-48,-5,-13644,-6316,6096,-261,-56,-237,0
2621.6938800811768,8656,7660,10720,-85,232,96,7832,-7584,11124,54,254,-23,-13332,3192,6904,-1022,-51,24,-13580,-6272,6096,-502,-62,-246,0
2621.7295389175415,8528,7804,10984,-80,201,70,7924,-7772,11260,-22,234,-45,-13224,3104,7080,-994,-55,-1,-13612,-6264,5948,-258,-70,-196,0
2621.7648639678955,8460,7708,10800,-70,190,107,7848,-7772,11152,33,216,-64,-13208,3208,6976,-1041,25,-27,-13340,-6280,5868,-516,-19,-197,0
2621.800604104996,8484,7732,10676,-69,138,106,7664,-7640,11260,93,223,-62,-13176,3264,7144,-1070,97,-254,-13492,-6280,5924,-535,25,-143,0
2621.8358891010284,8512,7464,10976,-41,130,96,7904,-7652,11292,33,153,-83,-13292,3192,6944,-1074,63,-68,-13524,-6332,5920,-534,48,-145,0
2621.87132191658,8468,7756,10832,-103,140,110,7892,-7612,11408,19,170,-109,-13208,3188,7020,-1040,88,-14,-13616,-6404,5880,-478,55,-165,0
2621.907604932785,8444,7708,10716,-130,79,85,7808,-7688,11256,5,198,-132,-13232,3196,7188,-1010,68,-33,-13636,-6376,5980,-442,107,-144,0
2621.9426600933075,8568,7736,10928,-149,49,59,7688,-7672,11344,3,209,-149,-13372,3136,7044,-1011,49,-71,-13592,-6272,5892,-502,79,-178,0
2621.9787831306458,8560,7732,10880,-84,50,98,7768,-7644,11212,23,186,-122,-13420,3148,7176,-1007,47,-36,-13672,-6312,5972,-266,83,-183,0
2622.014209985733,8516,7740,10828,-93,103,83,7780,-7680,11240,57,171,-114,-13252,3244,7136,-1074,-253,-79,-13672,-6352,6048,-468,68,-194,0
2622.0496101379395,8628,7664,10776,-96,62,88,7720,-7644,11300,50,143,-98,-13252,3272,6928,-1055,10,-241,-13608,-6368,6024,-471,30,-146,0
2622.0847959518433,8468,7648,10664,-121,96,103,7680,-7520,11224,48,212,-68,-13244,3280,7064,-1085,-20,229,-13448,-6264,6080,-499,15,-181,0
2622.1202640533447,8432,7684,10844,-104,110,98,7700,-7764,11128,51,182,-51,-13184,3224,7016,-1019,-87,-253,-13604,-6312,5912,-539,21,-181,0
2622.155648946762,8384,7740,10812,-84,58,106,7928,-7724,11204,25,153,-83,-13236,3212,7108,-1041,29,-73,-13320,-6256,6104,-490,80,-166,0
2622.191712141037,8400,7752,10780,-71,65,71,7648,-7552,11340,-6,215,-135,-13232,3196,7148,-1060,12,-53,-13720,-6340,5952,-494,83,-149,0
2622.227571964264,8424,7736,10676,-120,39,61,7744,-7460,11104,-5,251,-95,-13364,3248,7000,-1012,-76,44,-13652,-6372,5928,-532,54,-171,0
2622.2633919715886,8664,7832,10864,-118,142,44,7684,-7600,11112,-18,313,-87,-13060,3308,7348,-964,-37,54,-13636,-6408,6028,-764,30,-196,0
2622.2995350360866,8428,7796,10920,-127,96,-8,7632,-7688,11036,-68,287,-106,-13280,3148,6916,-960,-100,59,-13584,-6416,6088,-503,71,-246,0
2622.332999944687,8460,7768,10696,-164,78,-22,7572,-7596,11244,-23,353,-70,-13168,3244,7116,-923,-178,45,-13628,-6204,6060,-545,87,-214,0
2622.366629123688,8372,7916,10728,-155,131,38,7488,-7692,11152,-15,295,18,-13120,3388,7020,-920,-192,83,-13512,-6300,6084,-556,24,-204,0
2622.399910926819,8204,7744,10864,-211,222,110,7508,-7744,11484,-35,290,49,-13192,3152,7300,-873,-190,90,-13380,-6492,5900,-504,-47,-215,0
2622.433653116226,8004,7848,10964,-228,179,7,7488,-7592,11336,-36,385,-61,-13112,3132,7328,-772,-179,113,-13408,-6608,6072,-454,2,-269,0
2622.4669740200043,8272,8036,10808,-279,132,-41,7592,-7608,11420,-92,483,-88,-13172,3228,7580,-522,-314,74,-13532,-6600,6008,-472,73,-317,0
2622.5004320144653,8124,7884,10780,-296,61,-74,7436,-7636,11348,-59,522,-85,-13308,3240,7228,-518,-199,-255,-13420,-6436,5980,-478,106,-320,0
2622.5342810153966,8444,7780,10848,-191,54,-61,7440,-7624,11352,-38,391,-157,-13060,3520,6952,-835,-195,-49,-13428,-6416,5972,-436,107,-297,0
2622.5679490566254,8412,7812,10716,-194,16,-79,7492,-7540,11376,-63,382,-189,-13124,3236,7296,-868,-175,-48,-13428,-6480,6224,-359,66,-321,0
2622.6016540527344,8324,7788,10960,-240,90,-120,7424,-7644,11380,-91,335,-223,-13192,3376,7156,-862,-75,241,-13560,-6368,6156,-345,-11,-276,0
2622.6351420879364,8332,7860,10992,-229,143,-108,7528,-7876,11120,-123,324,-150,-13216,3424,7372,-883,-108,65,-13600,-6304,6380,-401,-109,-264,0
2622.668422937393,8348,7748,10992,-165,126,-36,7492,-7940,11080,-114,265,-109,-13288,3488,7184,-844,-100,27,-13472,-6312,6048,-421,-34,-219,0
2622.7019340991974,8084,7584,10988,-201,84,31,7672,-7800,11368,-95,234,-126,-12944,3440,7256,-771,-6,-69,-13320,-6636,6052,-522,106,-175,0
2622.735237121582,7972,7692,10932,-248,-40,21,7376,-7864,11248,-104,151,-215,-12988,3508,7384,-1098,35,-131,-13336,-6264,6108,-508,231,-105,0
2622.76859498024,8056,7824,10892,-187,-166,111,7356,-7696,11372,-24,37,-294,-13040,3352,7132,-1156,184,-211,-13588,-6620,6088,-363,253,3,0
2622.8022730350494,8332,7832,11076,-324,-197,162,7452,-7668,11372,-76,-34,-287,-13192,3240,7300,-1044,260,-176,-13484,-6868,6188,-324,169,2,0
2622.8356289863586,8296,7912,11048,-464,-159,127,7656,-7920,11380,-184,66,-332,-13296,3272,7288,-846,240,-172,-13816,-6452,6052,-209,201,-86,0
2622.8691449165344,8292,7888,10956,-491,-218,6,7628,-7672,11348,-193,238,-392,-13160,3324,7456,-783,108,-192,-13436,-6556,6164,-108,508,-131,0
2622.902411937713,8288,7760,10756,-487,-259,-57,7484,-7596,11308,-237,338,-389,-13308,3388,7280,-926,113,-165,-13468,-6400,6140,-167,215,-190,0
2622.93580198288,8256,7432,10880,-472,-216,-69,7296,-7776,11356,-131,287,-304,-13036,3568,7284,-971,141,-151,-13420,-6268,5936,-287,192,-163,0
2622.9695699214935,8180,7652,10888,-345,-32,-31,7248,-7808,11272,-77,153,-306,-13024,3428,7320,-1064,234,-145,-13396,-6252,6184,-288,140,-61,0
2623.003153085708,8292,7696,11076,-316,-23,53,7328,-7788,11304,-108,61,-260,-13000,3428,7172,-1142,349,-22,-13624,-5916,6308,-408,66,-1,0
2623.036477088928,8316,7636,11304,-392,20,143,7488,-8000,11304,-18,31,-144,-13216,3536,7136,-1187,319,15,-13660,-6376,6320,-422,15,22,0
2623.0700640678406,8264,7720,11072,-348,172,209,7572,-7788,11400,5,-31,-117,-13292,3396,7268,-1091,363,-251,-13648,-6412,6124,-558,-75,-20,0
2623.103660106659,8504,7704,10920,-222,4,242,7428,-7788,11220,-64,26,-80,-13128,3556,7408,-1115,204,-84,-13620,-6484,6412,-456,-16,-52,0
2623.13689494133,8076,7608,11024,-365,-17,186,7440,-7772,11188,12,83,-44,-13252,3376,7288,-1049,239,-74,-13448,-6400,6276,-531,-105,-157,0
2623.1703679561615,8280,7716,10944,-244,-3,164,7516,-7452,11452,-44,198,-8,-13152,3232,7300,-988,210,-8,-13420,-6652,6224,-606,-24,-105,0
2623.2038910388947,8212,7744,10968,-6,-45,154,7648,-7680,11172,-132,145,-151,-12932,3084,7124,-966,348,-74,-13160,-6260,5732,-536,56,-72,0
2623.237323999405,7960,7456,10692,-183,-3,182,7212,-7668,10980,-126,4,-238,-12696,3472,6828,-1046,536,-156,-12804,-6008,6172,-604,148,29,0
2623.2705540657043,7852,7328,11004,-37,-507,242,7192,-7804,11116,63,-182,-339,-12880,3536,7120,-1136,685,-212,-13356,-6232,6260,-495,175,15,0
2623.3036971092224,8156,7500,11008,-125,-115,220,7524,-7844,11200,119,13,-329,-13224,3428,7340,-1085,417,-220,-13600,-6212,6336,-609,284,-13,0
2623.3409740924835,8392,7452,11144,-89,-163,223,7640,-7960,11352,151,12,-272,-13464,3416,7080,-1252,347,-338,-13588,-6304,6328,-608,294,-58,0
2623.376153945923,8244,7672,11068,10,-280,188,7888,-7716,11328,126,-64,-441,-13468,3272,7084,-1174,431,-397,-13404,-6364,6368,-624,404,-78,0
2623.4121711254124,8360,7888,11088,-44,-383,146,7588,-7588,11492,-43,-194,-466,-13192,3088,6796,-1137,488,-307,-13660,-6304,6176,-570,459,83,0
2623.4480500221252,8472,7716,10692,-162,-400,9,7516,-7596,11260,-48,-165,-400,-13140,3284,6888,-1122,606,-248,-13320,-6220,6152,-450,387,143,0
2623.483179092407,8360,7540,10936,-133,-300,294,7480,-7632,11048,-32,-185,-302,-13292,3284,7160,-1163,525,-157,-13484,-6384,6160,-519,295,2,0
2623.5187580585484,8316,7588,10776,-87,-148,510,7612,-7696,11112,56,254,-220,-13336,3164,7148,-1212,366,-170,-13676,-6548,6020,-540,217,-83,0
2623.553817033768,8280,7752,11000,-65,-17,82,7772,-7576,11308,75,51,-313,-13356,3076,7120,-1084,191,-180,-13556,-6540,6064,-505,240,-165,0
2623.5896339416504,8460,7784,10848,-89,-61,6,7924,-7576,11288,-43,184,-244,-13152,3212,7092,-1065,57,-151,-13572,-6400,5948,-534,291,-122,0
2623.6246979236603,8260,7788,10868,-78,-137,100,7408,-7748,11292,54,112,-230,-13228,3344,7104,-1132,92,-154,-13544,-6436,6360,-487,308,-71,0
2623.660238027572,8432,7864,10776,-45,-91,118,7520,-7536,11396,-11,34,-279,-13244,2820,7188,-980,176,-158,-13748,-6472,6128,-421,261,-27,0
2623.695053100586,8316,7976,10896,-189,-116,124,7640,-7556,11392,-182,-40,-294,-13284,3204,7260,-918,218,-49,-13732,-6264,6092,-388,218,46,0
2623.7307291030884,8488,7640,10936,-290,-116,213,7764,-7724,11012,-163,-250,-132,-13408,3384,7100,-974,136,25,-13652,-6212,6380,-446,137,9,0
2623.765983104706,8284,7588,10900,-208,-19,201,7704,-7800,11192,-22,80,-147,-13424,3264,6700,-954,81,-29,-13584,-6240,6204,-418,139,-67,0
2623.8019759655,8700,7568,11056,-134,-63,145,7828,-7768,11132,-69,173,-144,-13448,3484,7136,-1026,-32,-72,-13648,-5976,5980,-498,191,-140,0
2623.8376381397247,8696,7508,11064,-153,-254,88,7500,-7860,11108,29,195,-95,-13384,3072,6740,-1007,-47,-8,-13628,-6160,5920,-465,115,-108,0
2623.8728280067444,8404,7636,10896,-97,53,118,7716,-7724,11200,39,182,-119,-13356,3228,6976,-1027,37,-80,-13540,-6144,6036,-510,131,-157,0
2623.9085800647736,8232,7592,10812,-13,-40,118,7716,-7676,11132,77,164,-94,-13244,3308,6984,-778,-12,-76,-13460,-6368,5916,-508,168,-167,0
2623.943839073181,8264,7748,10764,-101,-41,33,7492,-7604,11228,65,267,-132,-13532,3264,7052,-1031,-108,-61,-13612,-6468,6152,-480,126,-201,0
2623.98002409935,8252,8136,10992,-116,17,33,7428,-7584,11328,255,242,-151,-13308,3320,7372,-1010,-30,-64,-13556,-6560,5916,-440,136,-198,0
2624.013715028763,8316,7948,10992,-182,-56,55,7688,-7568,11376,-68,222,-191,-13172,3096,7084,-945,79,-136,-13556,-6480,5992,-432,212,-141,0
2624.047133922577,8152,7828,10984,-101,-150,79,7532,-7532,11284,-64,108,-246,-13168,3096,7080,-981,94,-150,-13424,-6380,6392,-418,224,-151,0
2624.0809280872345,8156,7776,10892,-176,-169,59,7564,-7668,11268,-49,157,-221,-13188,3228,7144,-1023,81,-120,-13460,-6296,6084,-452,229,-118,0
2624.1144740581512,8336,7828,10864,-122,-73,92,7564,-7672,11192,-7,111,-210,-13276,3204,7088,-1044,116,-78,-13812,-6332,6012,-444,183,-77,0
2624.1478700637817,8272,7692,10932,-116,-45,109,7928,-7604,11076,-25,69,-186,-13064,3260,7048,-1091,177,-80,-13584,-6172,5984,-506,195,-64,0
2624.1813349723816,8368,7720,10924,-101,-60,159,7596,-7708,11040,9,79,-147,-13216,3232,6980,-1067,132,-46,-13644,-6348,6188,-527,161,-88,0
2624.214735031128,8452,7568,10864,-95,-30,168,7636,-7760,11216,-44,44,-112,-13432,3416,7220,-1278,128,-23,-13644,-6312,6260,-503,87,-75,0
2624.2481019496918,8412,7716,10988,-126,17,160,7688,-7708,11472,-40,103,-113,-13368,3236,7028,-1067,146,-13,-13612,-6236,6076,-508,95,-56,0
2624.2816710472107,8408,7716,11048,-184,-27,178,7740,-7928,11484,-40,90,-142,-13292,3196,7032,-1273,119,-10,-13520,-6360,5944,-533,139,-128,0
2624.315313100815,8300,7616,10976,-115,-57,135,7716,-7740,11284,-76,133,-165,-13244,3124,6988,-769,90,-76,-13512,-6280,6016,-494,135,-92,0
2624.348346948624,8360,7920,10952,-152,-87,120,7492,-7620,11028,-20,134,-164,-13312,3104,6764,-1031,132,-94,-13592,-6324,6064,-498,169,-108,0
2624.3818030357365,8348,7772,10788,-148,-81,110,7660,-7648,11172,-7,97,-198,-13564,3204,6920,-1037,181,-104,-13560,-6424,6060,-470,200,-113,0
2624.4152269363403,8276,7712,10844,-173,-129,92,7596,-7640,11224,-40,139,-263,-13168,3172,7056,-1031,173,-84,-13548,-6348,5856,-450,201,-131,0
2624.4485359191895,8340,7720,10832,-165,-137,100,7516,-7604,11256,-52,140,-219,-13304,3152,7072,-1051,126,-137,-13540,-6296,6084,-463,196,-117,0
2624.4821600914006,7996,7644,10764,-186,-138,97,7508,-7936,11260,-55,95,-205,-13216,3188,7004,-1062,145,-171,-13560,-6372,6084,-428,196,-96,0
2624.5157549381256,8376,7760,10916,-223,-129,131,7596,-7604,11340,-6,64,-229,-13360,3268,7400,-1050,129,-88,-13552,-6452,6116,-442,161,-75,0
2624.549134016037,8296,7924,10920,-195,-170,109,7632,-7624,11264,-96,111,-277,-13388,3052,7220,-985,115,-134,-13628,-6204,6040,-434,219,-108,0
2624.5825560092926,8324,7828,10812,-242,-217,73,7624,-7428,11372,-64,95,-317,-13540,3308,7024,-995,243,-175,-13640,-6188,5928,-381,247,-52,0
2624.6163959503174,8352,7860,11044,-239,-223,102,7748,-7612,11232,-89,72,-309,-13348,3228,6980,-1026,284,-184,-13660,-6292,6124,-329,202,-256,0
2624.649537086487,8212,7880,10816,-268,-227,120,7676,-7588,11268,-96,89,-305,-13444,3248,6708,-919,140,-126,-13572,-6228,6032,-363,184,-62,0
2624.6830091476445,8412,7748,11064,-255,-243,114,7652,-7692,11140,-117,109,-263,-13312,3176,6936,-901,109,-94,-13480,-6324,6052,-370,183,-73,0
2624.719393968582,8520,7864,10948,-247,-232,128,7612,-7900,11504,-97,77,-508,-13076,3280,6660,-917,181,-113,-13360,-6272,6048,-389,159,-67,0
2624.7530450820923,8368,7652,10968,-225,-205,138,7876,-7576,11152,-74,76,-270,-13336,3268,6972,-947,175,-131,-13540,-6212,6016,-409,159,-35,0
2624.7868111133575,8448,7660,10976,-237,-169,151,7724,-7728,11404,-102,92,-218,-13348,3244,6776,-951,179,-117,-13688,-6168,6156,-449,211,-30,0
2624.820266008377,8460,7660,11008,-236,-4,203,7744,-7812,11156,-82,34,-224,-13092,3512,6916,-993,220,-126,-13636,-6080,6200,-453,210,-18,0
2624.8536961078644,8260,7508,10984,-199,-244,240,7632,-7708,11188,-23,-22,-210,-13348,3288,6992,-772,285,-82,-13736,-5980,6140,-491,161,11,0
2624.8872220516205,8428,7648,10872,-185,-235,226,7812,-7824,11052,-37,1,-196,-13524,3208,7116,-1019,205,-87,-13660,-6192,6108,-511,175,-60,0
2624.920809984207,8632,7612,10928,-187,-255,217,7692,-7908,11232,-29,74,-187,-13272,3308,6804,-1276,207,-106,-13652,-5948,5908,-476,154,-40,0
2624.9543719291687,8312,7620,10908,-232,-213,199,7812,-7624,11228,-35,21,-202,-13392,3188,6896,-1052,281,-163,-13616,-6184,6008,-493,146,-55,0
2624.9901809692383,8556,7620,10728,-227,-246,180,7716,-7688,11200,-55,28,-265,-13096,3124,6804,-1022,256,-178,-13612,-6192,6020,-494,191,-84,0
2625.025717973709,8472,7580,10812,-229,-265,170,7856,-7560,11252,-35,45,-262,-13372,3088,7048,-1064,252,-206,-13664,-6256,6028,-483,206,-88,0
2625.0613651275635,8540,7644,10728,-154,-245,128,7764,-7492,11420,-52,72,-306,-13280,3044,7064,-1144,124,-125,-13588,-6296,5924,-766,216,-109,0
2625.097654104233,8512,7720,10752,-172,-244,88,7752,-7628,11220,-89,98,-6,-13368,3060,6772,-1108,259,-160,-13776,-6184,5972,-470,199,-110,0
2625.1328001022334,8472,7732,10768,-166,-191,111,7864,-7512,11076,-64,83,-510,-13256,3020,6900,-1113,238,-113,-13652,-6220,5944,-471,165,-85,0
2625.1677300930023,8688,7652,10844,-93,-39,83,7868,-7448,11200,-81,103,-173,-13388,3096,6980,-1050,185,-47,-13680,-6124,6192,-508,58,-131,0
2625.2037160396576,8636,7628,10932,-163,8,103,7836,-7544,11104,-40,169,-130,-13400,3056,6880,-1062,71,8,-13584,-6344,5944,-543,79,-124,0
2625.238668918609,8700,7612,10804,-148,246,93,7792,-7624,11128,-28,217,-102,-13444,3088,6904,-1021,69,-17,-13660,-6276,6036,-543,43,-147,0
2625.274192094803,8456,7612,10780,-74,43,94,7776,-7592,11288,-112,147,-114,-13424,3116,6736,-1273,140,239,-13512,-6204,6076,-532,48,-140,0
2625.310198068619,8356,7544,10944,-129,51,48,7812,-7712,11156,-65,128,-154,-13372,3116,6932,-1279,149,-1,-13444,-6196,6076,-758,70,-124,0
2625.3452110290527,8420,7664,10952,-113,39,118,7728,-7752,11056,-78,121,-127,-13376,3140,6908,-1009,142,38,-13344,-6228,6004,-516,58,-101,0
2625.3806190490723,8624,7848,10908,-123,24,106,7704,-7776,11080,-63,142,-93,-13452,3172,6984,-983,112,15,-13516,-6264,6184,-527,40,-147,0
2625.415491104126,8436,7596,10964,-119,8,64,7652,-7784,11304,-129,167,-131,-13380,3148,7016,-945,56,5,-13332,-6276,6060,-510,40,-161,0
2625.451164007187,8412,7668,10664,-118,-26,77,7716,-7668,11304,-112,137,-140,-13068,3096,6668,-968,83,-60,-13808,-6192,5960,-523,62,-151,0
2625.487123966217,8324,7688,11024,-128,-29,58,7780,-7860,11376,-98,154,-172,-13348,3280,6872,-978,29,-42,-13548,-6140,6060,-532,98,-141,0
2625.5222599506374,8476,7716,10600,-69,-37,62,7836,-7872,11204,-76,130,-177,-13324,3180,6924,-1009,59,-44,-13520,-6228,5916,-499,91,-141,0
2625.557457923889,8420,7928,10760,-134,-77,77,7844,-7560,11160,-51,141,-180,-13388,3172,6940,-1020,55,-64,-13556,-6328,6084,-489,79,-130,0
2625.5931680202484,8196,7744,10780,-120,-6,102,7896,-7752,11480,-56,127,-182,-13428,3212,7004,-1046,50,-64,-13628,-6224,6012,-480,129,-144,0
2625.628718137741,8480,7924,11164,-90,-87,104,7836,-7440,11128,-35,116,-168,-13424,3196,6932,-1083,37,-86,-13564,-6236,5988,-446,149,-103,0
2625.6642169952393,8348,7724,10944,-128,-94,122,7724,-7468,11456,-44,134,-170,-13384,3208,6948,-1082,83,-44,-13604,-6268,6128,-428,125,-129,0
2625.6979970932007,8396,7664,10652,-153,-32,98,7868,-7740,11080,-75,99,-195,-13368,3324,6672,-1061,187,-26,-13600,-6204,6376,-415,62,-124,0
2625.7316830158234,8224,7764,10788,-190,-16,64,7708,-7664,11160,-48,118,-186,-13468,3232,7024,-1081,204,2,-13592,-6192,6140,-432,34,-138,0
2625.7653069496155,8348,7692,10992,-155,38,75,7780,-7728,11132,39,103,-175,-13364,3136,6920,-1082,194,-79,-13592,-6256,6136,-392,-5,-88,0
2625.798686027527,8436,7640,10888,-183,60,106,7832,-7736,11008,36,69,-180,-13336,3236,7016,-1142,173,-102,-13456,-6228,6128,-402,143,-106,0
2625.831958055496,8328,7708,10932,-188,-36,92,7756,-7708,11224,-17,125,-200,-13312,3212,7084,-1101,117,-148,-13448,-6408,6232,-498,133,-105,0
2625.865385055542,8264,7704,10656,-195,99,112,7724,-7692,11252,119,13,-200,-13416,3332,6500,-1109,626,-157,-13692,-6240,6308,-483,-171,-58,0
2625.898741006851,8444,7644,11032,-176,307,135,7732,-7728,11144,70,-38,-194,-13428,3080,6940,-1122,331,-151,-13560,-6324,5756,-422,198,-114,0
2625.93226313591,8336,7564,10796,-147,-60,84,7832,-7548,11092,-42,132,-223,-13124,3120,7164,-964,65,-142,-13428,-6252,6152,-691,276,-184,0
2625.9658160209656,8252,7736,10792,-113,-17,61,7800,-7628,11112,-55,124,-195,-13416,3048,6716,-985,147,-116,-13708,-6196,6208,-601,127,-166,0
2625.999314069748,8376,7784,10860,-64,6,73,8128,-7604,11040,-90,157,-176,-13520,3060,6656,-994,174,-34,-13716,-6284,5980,-491,96,-154,0
2626.0324261188507,8328,7824,10952,-149,-59,90,7864,-7604,10756,-210,372,-121,-13448,3212,6468,-949,119,-235,-13608,-6340,6116,-556,104,-132,0
2626.0662519931793,8192,7808,10988,-169,-14,100,7784,-7580,11368,-218,218,-106,-13372,3104,6904,-983,174,47,-13516,-6240,5956,-478,102,-71,0
2626.1000640392303,8408,7764,10864,-153,-88,163,7716,-7584,11232,-221,162,-74,-13440,3288,6956,-952,111,58,-13480,-6296,6108,-533,112,-35,0
2626.133646965027,8336,7872,10900,-132,-100,170,7824,-7632,11036,-264,133,-106,-13452,3108,6832,-940,145,69,-13420,-6276,6188,-550,31,-73,0
2626.16712808609,8332,7740,10876,-151,-56,169,7820,-7776,11212,-222,136,-74,-13464,3160,6776,-947,116,82,-13532,-6196,6208,-518,34,-90,0
2626.200751066208,8376,7700,10816,-132,-41,153,7728,-7748,11104,-179,161,-58,-13388,3244,7152,-994,59,94,-13548,-6236,6240,-497,44,-76,0
2626.2343430519104,8300,7708,10936,-184,-94,143,7700,-7696,11148,-136,172,-80,-13332,3280,6884,-1042,48,34,-13524,-6176,6168,-463,87,-82,0
2626.267913103104,8348,7716,10928,-92,-56,136,7728,-7744,11172,-68,133,-106,-13340,3280,6900,-990,51,-10,-13504,-6236,6304,-484,138,-63,0
2626.3014731407166,8252,7720,10892,-135,-126,149,7612,-7700,11116,-49,82,-120,-13236,3140,7044,-975,156,-58,-13500,-6260,6248,-486,177,-46,0
2626.334856033325,8244,7684,10812,-160,-133,179,7504,-7792,11212,-52,63,-174,-13356,3184,6824,-963,226,-43,-13480,-6224,6208,-447,236,-10,0
2626.368406057358,8256,7480,10864,-155,-175,193,7700,-7888,11200,-48,-16,-279,-13460,3360,6656,-979,259,-169,-13564,-6164,6152,-435,299,-33,0
2626.4016900062566,8392,7748,10920,-113,-208,160,7884,-7932,11108,-46,65,-302,-13576,3304,6880,-972,95,-215,-13652,-6168,6012,-438,279,-149,0
2626.435177087784,8504,7644,10876,-76,-184,58,8080,-7720,10972,-12,172,-277,-13788,3156,6516,-937,-62,-229,-13816,-6180,6016,-485,195,-265,0
2626.4686300754547,8668,7688,10844,-78,-79,-74,8080,-7744,10968,6,283,-237,-13336,3124,6752,-944,-166,-174,-13772,-6056,5980,-458,128,-292,0
2626.5021460056305,8592,7836,10776,-103,-51,-94,8180,-7932,11036,19,298,-203,-13424,3152,6988,-1023,-173,-148,-13664,-6248,5892,-413,145,-304,0
2626.5356280803685,8352,7796,10840,-136,-74,-63,7840,-7704,11160,18,5,-210,-13276,3172,6832,-1002,-114,-150,-13568,-6296,5904,-434,174,-510,0
2626.569388151169,8336,7800,10832,-187,-115,39,7644,-7452,11028,-1,211,-225,-13284,3252,6920,-955,-35,-176,-13512,-6304,6256,-422,207,-153,0
2626.602870941162,8228,7800,10872,-163,-183,98,7568,-7776,11164,-25,113,-237,-13168,3192,7000,-951,112,-196,-13324,-6312,6088,-463,282,-87,0
2626.636132001877,8240,7844,10992,-144,-265,140,7620,-7888,11232,-57,90,-243,-13292,3292,7044,-1039,205,-147,-13416,-6296,6176,-460,266,-27,0
2626.6719369888306,8228,7884,10880,-147,-243,162,7660,-7760,11160,-73,89,-216,-13316,3188,7012,-994,198,-157,-13460,-6348,6188,-473,220,-44,0
2626.708503961563,8296,7852,11020,-192,-186,191,7488,-7696,11080,-53,126,-204,-13300,2884,7016,-933,158,-97,-13576,-6400,6192,-460,148,-48,0
2626.743875980377,8384,7828,10852,-183,-135,188,7748,-7804,11332,-65,114,-170,-13436,3188,6932,-963,120,-72,-13560,-6320,6240,-477,177,-73,0
2626.7793619632725,8256,7796,10940,-211,-150,165,7844,-7820,11048,-44,95,-144,-13428,3204,6880,-998,113,-91,-13584,-6256,6196,-448,205,-58,0
2626.8144299983974,8400,7772,10588,-177,-138,214,7788,-7724,11276,-36,79,-194,-13420,3100,6792,-1012,158,-102,-13552,-6216,6244,-438,189,-31,0
2626.8506700992584,8484,7752,10780,-190,-209,170,7768,-7792,11136,-13,76,-236,-13368,3172,6808,-985,135,-173,-13628,-6104,5972,-399,274,-24,0
2626.885335922241,8212,7728,10940,-267,-237,190,7860,-7784,11056,-17,95,-266,-13404,3220,6728,-1004,117,-202,-13796,-6000,5944,-391,267,-24,0
2626.9209201335907,8556,7444,10736,-297,-247,182,7992,-7756,11060,32,85,-198,-13640,3112,6700,-1089,88,-132,-13620,-6188,6052,-379,218,-42,0
2626.9562089443207,8584,7656,10988,-307,-179,170,8068,-7816,11116,13,128,-191,-13484,3140,6828,-1280,8,-33,-13728,-6256,6196,-429,157,-106,0
2626.9922780990605,8416,7632,10928,-340,-166,153,7780,-7748,11172,4,134,-170,-13464,3172,6836,-1040,-23,-96,-13772,-6228,6100,-417,133,-151,0
2627.0283129215245,8372,7684,10820,-275,-149,133,7932,-7724,11136,14,151,-158,-13400,3116,6916,-780,-1,-99,-13560,-6176,6036,-463,208,-128,0
2627.063259124756,8440,7908,10508,-307,-156,148,7804,-7588,11264,47,115,-184,-13276,3148,6872,-1027,12,-112,-13540,-6244,6032,-465,218,-146,0
2627.0995049476624,8456,7756,10876,-245,-141,138,7772,-7724,11120,-3,102,-216,-13328,3068,6816,-980,53,-103,-13524,-6244,6076,-486,234,-166,0
2627.1347999572754,8400,7480,10500,-217,-120,102,7480,-7696,11220,-21,138,-191,-13300,3128,6804,-927,86,-81,-13628,-6244,5940,-488,216,-128,0
2627.170359134674,8384,7652,10724,-178,-93,115,7876,-7908,11136,-253,146,-198,-13132,3076,6924,-1006,71,-70,-13608,-6224,6092,-451,213,-104,0
2627.205554008484,8540,7748,10808,-187,-57,125,7876,-7656,11140,-43,158,-189,-13412,3140,6772,-975,40,-12,-13636,-6212,6036,-438,205,-88,0
2627.2418670654297,8212,7672,10824,-214,-50,99,7808,-7640,10852,-31,167,-155,-13556,3176,6876,-973,76,-36,-13648,-6324,6016,-462,162,-116,0
2627.2779669761658,8520,7896,10848,-195,18,87,8140,-7796,11140,-70,78,-213,-13436,3096,7076,-996,19,-73,-13676,-6104,6072,-442,185,-123,0
2627.313583135605,8480,7912,10816,-158,255,69,7840,-7724,11144,-45,211,-141,-13372,3140,7096,-981,44,-41,-13584,-6088,6004,-489,162,-120,0
2627.3492050170894,8512,7704,10992,-139,25,83,7928,-7780,11052,-49,216,-136,-13160,3144,6896,-991,59,-18,-13532,-5932,6140,-478,127,-152,0
2627.3827409744263,8464,7628,10900,-102,244,62,7456,-7748,10884,-51,232,-106,-13164,3220,7268,-1017,-7,-25,-13672,-6140,6168,-435,120,-135,0
2627.41637301445,8444,7664,10916,-90,36,45,7736,-7744,11164,-70,251,-135,-13336,3100,7032,-992,-23,-75,-13604,-6308,6084,-483,161,-140,0
2627.4501471519466,8600,7776,10908,-96,27,72,7772,-7816,11240,-101,193,-156,-13060,3148,6712,-979,40,-99,-13644,-6240,6188,-442,131,-134,0
2627.483596086502,8380,7788,10848,-63,-250,69,7708,-7492,11260,-103,165,-175,-13308,3084,7068,-1001,-43,-96,-13580,-6276,6160,-442,136,-128,0
2627.517352104187,8440,7744,10844,-163,-256,71,7764,-7804,11236,-86,195,-152,-13336,3232,7068,-1019,-9,-52,-13528,-6236,6236,-492,145,-160,0
2627.5508501529694,8388,7728,10780,-123,44,58,7696,-7700,11304,-36,204,-128,-13248,3092,6896,-1031,15,-19,-13760,-6316,6008,-451,112,-142,0
2627.5844371318817,8364,7640,10804,-139,-14,47,7844,-7824,11016,-110,210,-154,-13444,3168,7064,-787,-20,-60,-13372,-6136,6188,-449,138,-175,0
2627.6181740760803,8340,7648,10952,-131,251,23,7644,-7756,11124,-10,243,-152,-13092,3216,6972,-1057,27,-96,-13640,-5936,5968,-372,199,-112,0
2627.651622056961,8448,7808,10808,-169,10,76,7728,-7784,11020,4,182,-144,-13408,2884,7116,-1108,82,-66,-13576,-6096,6068,-388,157,-107,0
2627.685060977936,8440,7708,10828,-184,79,89,7904,-7812,11232,-30,163,-142,-13228,3156,6976,-1087,81,-18,-13568,-6304,6100,-368,75,-122,0
2627.718569993973,8456,7716,10800,-170,77,62,7720,-7716,11056,246,177,-101,-13372,3224,6768,-1058,88,-6,-13612,-6160,6056,-378,116,-110,0
2627.752119064331,8428,7720,10840,-193,72,90,7804,-7732,11184,-31,205,-113,-13236,3144,6964,-1088,21,-36,-13568,-6148,6148,-374,171,-120,0
2627.7857229709625,8476,7668,10888,-183,22,105,7752,-7744,11160,6,198,-147,-13296,3240,6904,-1096,68,-130,-13776,-6156,6164,-409,205,-95,0
2627.819258928299,8228,7452,11036,-132,71,74,7728,-7724,11260,-47,131,-161,-13292,3232,7088,-1102,161,-84,-13576,-6140,5976,-407,99,-105,0
2627.8525121212006,8396,7760,10836,-105,66,87,7456,-7672,11132,-57,158,-150,-13292,3108,7148,-1071,103,-77,-13704,-5944,6168,-428,102,-107,0
2627.8857951164246,8224,7736,10992,-123,79,57,7736,-7784,10752,-96,125,-165,-13148,3168,6968,-1029,130,-96,-13596,-6184,6028,-451,124,-94,0
2627.9189870357513,8436,7736,10928,-110,26,67,7768,-7856,11172,-65,177,-167,-13264,3080,7012,-1022,80,-127,-13604,-6264,6220,-411,160,-100,0
2627.9523911476135,8244,7476,10884,-96,26,53,7720,-7816,11184,-114,160,-157,-13200,3100,7076,-1059,111,-104,-13636,-6180,6168,-469,166,-103,0
2627.986122131348,8396,7728,10976,-111,39,56,7872,-7840,11196,-195,191,-143,-13240,3132,7096,-1279,78,-66,-13592,-6212,6012,-461,164,-86,0
2628.0198309421535,8288,7784,10940,-103,91,54,7712,-7796,11144,-169,196,-142,-13128,3224,6940,-973,74,-98,-13584,-6208,6108,-507,135,-116,0
2628.0530331134796,8260,7788,10988,-96,64,37,7736,-7836,11060,-137,183,-145,-13264,3088,7020,-944,75,-109,-13528,-5996,6120,-477,188,-135,0
2628.0866680145264,8336,7776,10960,-108,66,43,7860,-7808,11276,-122,170,-173,-13184,3120,6880,-962,89,-122,-13592,-6136,6120,-461,210,-119,0
2628.1201119422913,8392,7792,10884,-115,39,51,7912,-7760,11160,-112,184,-143,-13388,3168,7040,-939,90,-107,-13796,-6188,6060,-441,202,-112,0
2628.1537051200867,8312,7812,10524,-45,-23,80,7708,-7832,11092,-165,179,-155,-13244,3108,7028,-941,132,-60,-13524,-6204,6176,-437,171,-103,0
2628.187339067459,8288,7804,10944,-32,-68,89,7736,-7744,11084,-120,124,-169,-13196,3100,7024,-916,94,-71,-13560,-6228,6060,-432,208,-74,0
2628.2207901477814,8228,7792,10832,-205,-113,106,7648,-7800,10964,-52,158,-169,-13316,3124,7128,-926,79,-97,-13660,-6284,5948,-468,229,-124,0
2628.2542290687566,8328,7736,10568,-228,-64,94,7556,-7844,11228,-60,171,-143,-13248,3564,6692,-895,89,-97,-13692,-6076,6352,-467,184,-147,0
2628.2878711223602,8220,7788,10928,-182,39,79,7652,-7964,11008,-5,128,-154,-13256,3216,7132,-985,154,-97,-13356,-5992,6352,-469,149,-89,0
2628.3215301036835,8176,7844,10772,-180,48,80,7456,-7800,11188,19,179,-123,-13272,3144,7144,-1277,104,-99,-13636,-6260,6108,-554,266,-94,0
2628.3576419353485,8212,7796,10860,-153,124,37,7636,-7908,11152,-27,243,-191,-13356,3096,6940,-894,68,-170,-13552,-6288,6020,-539,359,-107,0
2628.3934841156006,8252,7828,10760,-199,168,254,7728,-7744,11348,21,236,-194,-13104,3076,7124,-1004,121,-106,-13576,-6088,6060,-469,358,-67,0
2628.4286620616913,8404,7880,10872,-150,209,35,7708,-7884,11148,65,115,-162,-13552,3120,6880,-1045,127,-49,-13696,-6168,6216,-261,156,-89,0
2628.4637241363525,8184,7864,10896,-84,198,96,7792,-7736,11028,59,45,-148,-13360,3176,6968,-1280,147,-45,-13812,-6184,6364,-621,48,-106,0
2628.4993560314174,8396,7792,10836,-181,160,79,7696,-7876,11120,47,113,-138,-13348,3156,6884,-905,69,-52,-13632,-6220,5952,-756,360,-136,0
2628.5344250202174,8228,7840,11216,-209,431,35,7664,-7812,11040,75,59,-159,-13244,3152,7080,-919,115,-87,-13580,-6164,5912,-611,209,-97,0
2628.5701830387115,8428,7804,10972,-228,99,113,7560,-7772,11188,54,44,-202,-13524,3124,6664,-1029,226,-73,-13556,-6120,6120,-640,220,-122,0
2628.605360031128,8076,7840,10776,-122,136,112,7704,-7800,11112,52,19,-197,-13108,3204,6944,-1019,174,-101,-13600,-6180,5924,-613,239,-102,0
2628.640790939331,8128,7856,11192,-237,98,127,7648,-7708,11344,42,30,-206,-13236,3180,6932,-898,266,-72,-13592,-6224,6084,-575,165,-137,0
2628.676003932953,8136,7744,10984,-284,-5,110,7776,-7728,11088,-21,61,-198,-13292,3300,6980,-760,244,-72,-13664,-6180,6012,-665,125,-155,0
2628.7117669582367,8096,7868,11176,-259,-7,175,7928,-7868,11176,57,22,-182,-13360,3116,7164,-864,217,-77,-13584,-6220,6140,-578,135,-109,0
2628.7478170394897,8052,7824,11240,-221,-144,174,7928,-7880,11152,-41,57,-232,-13332,3244,6968,-973,206,-86,-13604,-6228,6032,-466,178,-97,0
2628.782627105713,8408,7772,11004,-275,-170,147,7740,-7884,11056,-66,64,-3,-13484,3200,7072,-1275,100,-110,-13368,-6204,6096,-473,230,-88,0
2628.8187069892883,8164,7804,11100,-247,-232,158,7772,-7952,11128,-35,113,-223,-13404,3308,7028,-984,48,-136,-13632,-6152,6084,-258,187,-130,0
2628.8536829948425,8272,7804,10972,-217,-215,168,7664,-7792,11120,-32,107,-237,-13336,3204,7072,-1053,106,-146,-13756,-6268,6076,-451,181,-97,0
2628.889270067215,8032,7772,11240,-216,-194,184,7664,-7784,11428,19,70,-230,-13068,3192,7068,-1047,143,-120,-13676,-5892,6116,-441,177,-82,0
2628.924965143204,8148,7876,11000,-286,-203,192,7752,-7748,11048,30,46,-238,-13308,3248,7100,-1058,133,-103,-13592,-6252,5984,-482,196,-88,0
2628.9609069824214,8416,7880,11252,-248,-189,209,7880,-7756,11048,44,55,-251,-13428,3140,7052,-1094,139,-163,-13684,-6220,5932,-460,193,-88,0
2628.9986820220947,8268,7812,11080,-260,-190,186,7752,-7732,11304,37,87,-227,-13352,3144,7000,-1083,114,-131,-13592,-6180,5916,-437,193,-81,0
2629.0324180126186,8256,7772,11032,-266,-195,195,7720,-7696,10992,22,25,-222,-13352,3032,6904,-1079,157,-74,-13724,-6136,5996,-368,167,-64,0
2629.0658781528473,8160,7792,10992,-296,-216,200,7736,-7708,11148,31,51,-212,-13348,3300,6892,-1114,148,-54,-13652,-6136,5892,-445,155,-58,0
2629.0995149612427,8308,7692,10952,-356,-235,195,7680,-7756,11136,11,41,-220,-13268,3108,6976,-1105,124,-98,-13600,-6392,6076,-452,147,-102,0
2629.1328270435333,8288,7708,10912,-218,-165,146,7752,-7672,11120,49,73,-227,-13448,3152,7024,-1008,152,-134,-13660,-6144,5972,-461,164,-97,0
2629.16605591774,8260,7744,11092,-247,-209,150,7796,-7788,11140,255,79,-230,-13404,2848,6956,-1009,144,-133,-13700,-6176,5948,-414,201,-71,0
2629.1999850273132,7964,7916,10764,-232,-183,167,7684,-7788,11172,11,57,-209,-13408,3216,6732,-1046,197,-113,-13736,-6176,5944,-433,184,-70,0
2629.2334349155426,8296,7720,11052,-219,-187,186,7852,-7512,11184,252,29,-217,-13472,3212,7056,-1032,204,-42,-13696,-6156,6028,-457,88,-88,0
2629.266988992691,8016,7492,10836,-239,-137,151,7816,-7720,11092,-50,52,-158,-13400,3044,7008,-1024,175,-117,-13620,-6188,6004,-461,94,-93,0
2629.3005471229553,8436,7692,10780,-229,-138,142,7840,-7784,11064,-54,69,-178,-13368,3116,7044,-1017,78,-89,-13628,-6076,6024,-498,116,-94,0
2629.3341619968414,8436,7716,11008,-164,-116,122,7804,-7724,11148,-25,104,-193,-13112,2936,7128,-1006,79,-106,-13560,-6216,6012,-496,178,-100,3
2629.367499113083,8364,7888,10860,-165,-129,125,7744,-7636,10960,-15,68,-216,-13328,3080,6804,-1269,152,-119,-13552,-6052,6008,-429,166,-87,3
2629.400526046753,8184,7620,10920,-132,-109,124,7800,-7716,10956,-45,142,-204,-13292,3084,6792,-1039,149,-114,-13736,-6008,5804,-455,113,-120,3
2629.4340839385986,8300,7632,10952,-136,-82,95,7816,-7632,11080,-34,122,-175,-13332,3292,6980,-980,117,-78,-13780,-6120,5944,-474,130,-136,3
2629.4676361083984,8196,7556,10904,-163,-9,98,7800,-7716,11184,-20,173,-172,-13428,3144,6804,-1061,83,-113,-13700,-6096,5972,-456,122,-116,3
2629.5013611316685,8316,7724,10920,-155,-53,85,7796,-7784,11096,-4,164,-198,-13396,3132,6920,-1076,97,-50,-13708,-5896,5956,-473,145,-144,3
2629.5347571372986,8376,7768,10768,-126,-39,106,7788,-7732,11080,-18,171,-149,-13348,3132,7028,-1036,67,-75,-13704,-6120,6104,-446,102,-133,3
2629.5682389736176,8280,7776,10912,-92,16,81,7812,-7664,10976,-42,195,-131,-13376,3136,7068,-983,78,-57,-13636,-6136,5972,-488,84,-180,3
2629.6016750335693,8340,7656,10832,-107,40,78,7784,-7816,11064,-18,208,-115,-13416,3104,6932,-1049,7,-41,-13336,-6096,6116,-505,118,-144,0
2629.635102033615,7948,7792,10884,-140,10,94,7684,-7728,11244,20,198,-89,-13308,3100,6872,-1043,78,-44,-13360,-6236,5992,-463,122,-124,0
2629.668731927872,7948,7736,10868,-122,74,77,7808,-7760,11184,-58,147,-142,-13448,3080,6952,-978,80,-22,-13604,-6236,6052,-434,137,-128,0
2629.7023940086365,8192,7744,11028,-123,11,59,7740,-7868,11108,-65,186,-170,-13384,3148,7108,-1025,89,-43,-13604,-6144,6092,-449,121,-162,0
2629.7418100833893,8296,7736,10912,-133,42,111,7720,-7724,11252,-37,151,-125,-13312,3152,6936,-997,151,-37,-13576,-6152,5900,-446,82,-110,0
2629.7754559516907,8436,7700,10764,-123,61,131,7844,-7716,11200,-35,141,-101,-13480,3172,7108,-776,116,-10,-13680,-6212,6108,-444,105,-107,0
2629.8090679645534,8224,7728,11220,-132,21,122,7812,-7916,11228,-52,155,-130,-13396,2864,7004,-1050,132,232,-13664,-6216,6100,-475,103,-149,0
2629.8422899246216,8128,7808,11108,-151,8,76,7744,-7728,11024,-75,167,-151,-13356,3216,6976,-1027,100,251,-13604,-6156,6116,-484,92,-148,0
2629.8756210803986,8064,7668,11044,-176,-245,80,7728,-7748,11100,-24,159,-160,-13352,3120,6656,-1014,55,-52,-13540,-6188,6076,-468,100,-166,0
2629.909054994583,8200,7644,10988,-143,-36,50,7796,-7688,11244,-255,163,-158,-13076,3092,7156,-1276,41,-83,-13620,-6192,6040,-482,122,-162,0
2629.9423689842224,7948,7740,10944,-156,-54,63,7812,-7696,10904,-11,200,-184,-13356,3172,7000,-1017,60,-53,-13676,-6064,5956,-490,142,-151,0
2629.976000070572,8168,7760,11012,-193,-77,86,7728,-7724,11104,-33,150,-165,-13400,3128,6948,-1271,87,-8,-13416,-6192,6340,-462,133,-120,0
2630.009860992432,8124,7804,10980,-162,-86,113,7804,-7704,11048,-44,131,-161,-13356,3140,7132,-992,91,-59,-13684,-6192,6088,-459,123,-128,0
2630.0476541519165,8228,7748,10892,-187,-78,122,7664,-7804,11092,-59,162,-173,-13388,3160,6932,-1005,50,-18,-13652,-6200,5900,-483,116,-113,0
2630.082767009735,8152,7920,11212,-150,-60,73,7820,-7908,11144,-57,174,-143,-13176,3200,6912,-1019,38,-64,-13560,-6184,6100,-490,100,-113,0
2630.1187520027165,8164,7784,10976,-150,-64,106,7672,-7768,11060,-18,187,-154,-13288,3136,6972,-770,36,-34,-13588,-6204,6176,-519,99,-162,0
2630.154154062271,8224,7844,11012,-133,-62,94,7756,-7780,11080,-25,161,-146,-13416,3124,7160,-1030,65,-90,-13576,-6096,6160,-522,117,-137,0
2630.1891479492188,8080,7716,10608,-163,-58,110,7680,-7776,11196,-26,185,-134,-13368,3076,7084,-1009,118,-34,-13680,-6152,6080,-520,129,-112,0
2630.2251069545746,8128,7792,10900,-148,-57,99,7736,-7748,11068,-49,140,-163,-13336,3124,6840,-971,100,-65,-13636,-5920,5996,-758,141,-134,0
2630.2607710361485,7956,7764,10928,-133,-96,115,7720,-7488,11160,-50,147,-176,-13292,3132,6888,-979,89,-74,-13512,-6176,6116,-490,134,-125,0
2630.2961990833282,8244,7808,10992,-181,-79,116,7780,-7696,11096,-37,164,-177,-13400,3184,6980,-985,143,-40,-13784,-6140,6160,-497,115,-111,0
2630.331869125366,8396,7780,10808,-174,-70,106,7868,-7764,11036,-31,83,-189,-13384,3076,6964,-993,118,-33,-13544,-6236,6020,-463,94,-92,0
2630.367717027664,8216,7704,11128,-144,-72,111,7548,-7748,11152,-45,147,-171,-13396,3124,7096,-1007,108,-90,-13524,-6248,6180,-493,139,-105,0
2630.402666091919,8052,7452,10908,-134,-104,123,7716,-7776,11128,-21,183,-164,-13316,3184,6928,-989,63,-73,-13636,-6204,6080,-523,154,-131,0
2630.438115119934,8172,7744,10928,-194,-86,123,7784,-7820,11244,245,208,-186,-13108,3152,7004,-1273,101,-44,-13652,-6184,5956,-488,135,-113,0
2630.4737141132355,8220,7696,10928,-187,-75,120,7692,-7724,11132,-256,130,-184,-13404,3192,6732,-998,138,-127,-13696,-6252,6108,-472,150,-102,0
2630.509614944458,8168,7752,11244,-200,-126,142,7772,-7784,11140,12,124,-199,-13368,3196,7128,-1049,172,-106,-13820,-6248,6128,-474,173,-107,0
2630.5450510978694,8096,7708,10868,-205,-124,149,7688,-7744,11204,13,105,-215,-13344,3092,6956,-1076,168,-146,-13620,-6296,6120,-493,132,-48,0
2630.5807781219482,8440,7744,10908,-212,-141,174,7828,-7736,11204,-9,-64,-232,-13484,3192,7024,-770,170,-98,-13656,-6172,6172,-496,157,-83,0
2630.6171510219574,8112,7648,10804,-296,-183,147,7904,-7772,11252,0,59,-211,-13396,3132,6964,-1064,122,-120,-13536,-6168,6072,-492,170,-116,0
2630.6526849269867,8152,7796,10872,-235,-152,187,7664,-7688,11200,44,135,-171,-13376,3120,6884,-1059,204,-114,-13752,-6212,6096,-496,156,-112,0
2630.6887900829315,8344,7800,11228,-274,-220,135,7792,-7776,11180,9,91,-243,-13284,3100,6932,-1010,171,-113,-13616,-6096,6336,-517,228,-94,0
2630.722265005112,8204,7800,10852,-298,-227,188,7712,-7932,11068,47,51,-252,-13124,2912,6800,-1075,227,-140,-13704,-6192,6076,-470,189,-36,0
2630.755499124527,8148,7676,10984,-260,-199,205,7756,-7656,11176,81,61,-211,-13404,3172,6784,-1057,222,-92,-13684,-6252,6268,-465,132,-68,0
2630.7889170646667,8220,7760,11008,-319,-164,194,7888,-7932,11136,27,86,-178,-13484,3112,7068,-1033,151,-90,-13652,-6260,6392,-477,103,-71,0
2630.822278022766,8148,7692,10976,-313,-144,159,7696,-7684,11140,14,107,-185,-13360,3080,6808,-1026,98,-66,-13664,-6164,6100,-464,108,-84,0
2630.855555057525,8216,7720,11024,-265,-182,178,7736,-7696,11156,30,107,-196,-13416,3116,6932,-1050,147,-113,-13440,-6188,6136,-482,181,-100,0
2630.8890290260315,8228,7568,10888,-277,-202,191,7764,-7672,11152,35,127,-200,-13108,3080,6880,-1030,171,-166,-13804,-6168,6088,-768,211,-64,0
2630.9224579334254,8244,7652,11176,-273,-235,196,7756,-7660,11304,251,62,-218,-13324,3124,6796,-1044,170,-108,-13652,-6236,6032,-444,224,-54,0
2630.955868959427,8340,7764,10808,-254,-221,155,7852,-7668,11236,-14,107,-213,-13384,3164,7048,-1279,153,-86,-13624,-6084,6080,-489,207,-58,0
2630.9894030094147,8388,7648,11032,-265,-206,171,7756,-7732,11104,21,163,-229,-13388,3128,7024,-1049,164,-156,-13676,-5968,5908,-484,250,-88,0
2631.023003101349,8348,7620,10944,-271,-175,163,7816,-7624,11236,-241,138,-211,-13440,3084,6736,-1036,84,-150,-13664,-6024,6004,-490,275,-77,0
2631.056195020676,8316,7632,10816,-242,-128,127,7844,-7616,11172,-40,152,-210,-13320,2928,7160,-963,52,-126,-13684,-6188,6052,-492,216,-100,0
2631.089825153351,8268,7612,10928,-174,-89,121,7712,-7592,11200,-85,133,-203,-13408,3120,6692,-988,21,-81,-13752,-6116,5984,-531,224,-116,0
2631.1234550476074,8296,7564,10884,-240,-88,130,7708,-7916,11136,-80,137,-191,-13476,3156,6680,-996,28,-76,-13648,-6072,5924,-522,252,-133,0
2631.1569471359253,8340,7468,10976,-217,-21,82,7860,-7736,11192,-68,116,-169,-13280,3160,6928,-1010,251,-84,-13648,-6084,6024,-503,189,-95,0
2631.1904330253606,8376,7616,11104,-157,-57,76,7712,-7696,11056,-16,186,-166,-13356,3124,6796,-1016,246,-101,-13672,-6028,6064,-455,202,-133,0
2631.2239811420445,8340,7608,10916,-214,-41,82,7768,-7756,11220,-1,208,-168,-13384,2856,7132,-1001,49,-64,-13700,-6400,6060,-503,202,-131,0
2631.2576339244843,8196,7612,10800,-161,-255,62,7816,-7544,11060,2,172,-179,-13352,2820,6780,-808,153,-67,-13660,-5916,6036,-575,87,-154,0
2631.2911529541016,8272,7908,10904,-90,-2,100,7848,-7660,11032,-62,129,-162,-13424,3268,6908,-799,185,-237,-13756,-6156,5900,-595,65,-133,0
2631.3247289657593,8372,7600,10968,-93,54,89,8104,-7740,11044,-50,131,-155,-13352,3080,6864,-835,225,-69,-13768,-6244,5932,-590,98,-134,0
2631.358111143112,8324,7496,10964,-97,126,74,7736,-7664,11164,-66,161,-126,-13372,3036,7020,-812,194,225,-13688,-6116,6004,-599,80,-170,0
2631.391533136368,8204,7624,11044,-83,89,57,7664,-7672,11096,-121,174,-149,-13456,3108,7088,-801,137,-27,-13616,-6208,5912,-622,117,-180,0
2631.4249520301814,8220,7488,11064,-130,69,39,7752,-7684,11176,-52,202,-155,-13544,3296,6868,-807,218,-42,-13744,-6180,6152,-598,94,-137,0
2631.458477020264,8436,7648,10956,-135,81,91,7736,-7488,11184,-52,177,-113,-13424,3248,6852,-834,189,-80,-13760,-6228,6140,-564,67,-146,0
2631.4918971061707,8188,7696,11152,-135,71,68,7712,-7724,11244,-68,151,-141,-13384,3208,6952,-839,168,-37,-13568,-6124,6108,-636,61,-199,0
2631.5255610942845,8180,7712,11188,-99,23,59,7808,-7784,11152,-94,162,-148,-13396,3208,7052,-859,133,-29,-13620,-6156,5948,-631,37,-168,0
2631.5589010715485,8256,7696,11004,-116,-7,60,7772,-7760,11396,-100,157,-146,-13356,3176,6792,-877,159,-2,-13556,-6160,6036,-655,13,-146,0
2631.5923631191254,8408,7592,10988,-101,-69,83,7752,-7612,11088,-101,92,-164,-13168,3196,6824,-940,160,-19,-13368,-6244,6036,-683,6,-145,0
2631.626102924347,8164,7604,10944,16,-25,99,7708,-7720,11088,-137,63,-166,-13356,3060,6892,-983,173,-26,-13752,-5996,5900,-668,-18,-159,0
2631.6595330238342,8228,7552,10936,20,-80,67,7868,-7684,11288,-147,47,-174,-13492,3144,6808,-944,149,13,-13592,-6300,6100,-694,-62,-204,0
2631.692769050598,8036,7900,10976,-3,-131,119,7884,-7708,11184,-199,26,-204,-13436,3204,7048,-984,125,36,-13616,-6204,6060,-688,-49,-193,0
2631.7297680377965,8284,7716,10936,36,-118,106,7772,-7744,11028,-190,-251,-172,-13372,3104,6776,-984,102,1,-13612,-6208,6168,-650,-11,-166,0
2631.7650411129,8124,7784,11100,65,-89,83,7796,-7860,11096,-238,243,-194,-13488,3192,7020,-1038,121,-230,-13580,-6348,6032,-607,14,-189,0
2631.800724029541,8140,7780,11196,-22,-41,93,7688,-7736,11184,-186,56,-171,-13376,3248,6968,-1081,100,-40,-13576,-6180,6068,-571,-255,-150,0
2631.836138010025,8116,7784,10892,-62,-33,86,7804,-7816,11116,-127,90,-169,-13416,3284,6788,-1055,170,-40,-13612,-6292,6064,-566,16,-140,0
2631.8718631267548,8252,7792,10992,-95,7,102,7812,-7888,11248,-96,86,-170,-13408,3140,6836,-1056,149,-55,-13696,-6228,6176,-548,44,-154,0
2631.907683134079,8000,7724,10944,-94,-28,107,7768,-7768,11128,-87,59,-154,-13280,3128,6792,-1027,159,-46,-13532,-6348,6076,-532,79,-123,0
2631.9428610801697,8076,7840,11064,-107,255,86,7748,-7776,11236,-93,51,-174,-13384,3168,6924,-1065,143,-33,-13536,-6152,6356,-534,50,-104,0
2631.9786429405212,8116,7848,10984,-69,10,118,7832,-7856,11252,-115,68,-176,-13420,3292,7132,-1276,131,-79,-13512,-6196,6076,-507,15,-111,0
2632.0144560337067,8196,7708,10924,-97,-27,103,7880,-7916,10764,-83,84,-139,-13352,3200,6952,-1062,140,-68,-13524,-6304,6060,-524,70,-129,0
2632.0501849651337,8132,7780,10968,-135,-255,100,7752,-7684,10964,-59,90,-146,-13336,3280,6776,-1067,93,-50,-13768,-6408,6020,-519,80,-119,0
2632.0854101181026,8116,7800,11032,-152,-24,83,7856,-7784,11092,-120,134,-181,-13376,3156,6756,-1025,87,-63,-13520,-6148,6036,-511,92,-134,0
2632.1209621429443,8144,7772,10764,-202,-252,57,7788,-7860,10988,-48,138,-175,-13324,3292,6724,-1061,98,-100,-13568,-6076,6136,-489,100,-121,0
2632.1562011241913,8116,7832,11012,-96,-52,88,7852,-7768,10780,-29,127,-183,-13408,3220,6968,-1038,107,-76,-13512,-6344,6016,-483,79,-120,0
2632.1918840408325,8152,7744,10928,-139,-17,105,7900,-7828,10960,-41,169,-128,-13432,3204,6860,-1017,51,-38,-13680,-6352,5900,-480,69,-136,0
2632.2280559539795,7980,7836,10840,-173,-19,76,7808,-7540,11240,-39,152,-161,-13280,3268,6676,-1007,94,-77,-13484,-6256,6216,-466,114,-144,0
2632.2632191181183,8108,7788,10872,-130,-38,99,7784,-7900,11020,-45,142,-184,-13392,3280,7048,-1030,94,-53,-13384,-6244,6044,-496,112,-136,0
2632.298835992813,8136,7744,10808,-192,-71,93,7832,-7804,11216,-2,144,-177,-13376,3240,6820,-1069,91,-52,-13436,-6304,5972,-478,154,-83,0
2632.334037065506,8220,7876,10992,-135,-57,95,7792,-7768,11028,-28,138,-192,-13332,3212,6768,-1064,87,-78,-13532,-6380,6196,-478,135,-140,0
2632.3713040351868,8100,7820,11052,-189,-104,86,7812,-7844,11012,-7,156,-198,-13564,3248,7000,-1085,91,-104,-13576,-6272,6124,-417,171,-129,0
2632.4047529697414,8160,7760,11060,-143,-95,95,7748,-7860,11008,0,152,-191,-13404,3264,6972,-993,100,-104,-13592,-6304,6224,-489,146,-99,0
2632.4380509853363,8432,7888,10972,-150,-31,106,7708,-7816,11096,-10,151,-170,-13436,3184,6448,-1021,123,-107,-13480,-6396,6088,-474,128,-115,0
2632.471739053726,8228,7916,10912,-151,-107,107,7968,-7536,11052,-56,109,-190,-13484,3212,6828,-773,106,-37,-13520,-6396,5892,-466,127,-97,0
2632.5054070949554,8156,7864,10996,-191,-59,99,7752,-7776,10760,-25,150,-193,-13352,3148,6848,-989,84,-55,-13592,-6268,6372,-471,146,-89,0
2632.538780927658,8120,7868,11000,-209,-86,109,7828,-7896,11020,-1,147,-172,-13340,3272,6852,-1021,109,-103,-13524,-6288,6212,-466,163,-100,0
2632.5723309516907,8280,7780,11116,-203,-72,98,7860,-7776,11216,-7,148,-180,-13548,3272,6816,-1039,82,-105,-13536,-6396,5892,-448,179,-103,0
2632.605859041214,8176,7824,10888,-154,-71,114,7816,-7752,11112,-2,156,-195,-13412,3228,6840,-1082,140,-139,-13448,-6232,6120,-415,170,-84,0
2632.6392550468445,8172,7844,11104,-220,-128,140,7836,-7664,10992,32,112,-203,-13396,3200,6840,-1029,145,-130,-13428,-6284,5956,-418,209,-74,0
2632.6729249954224,8180,7840,11136,-214,-213,143,7740,-7836,11100,2,124,-227,-13436,3248,6876,-1041,152,-143,-13544,-6296,6188,-416,208,-46,0
2632.7065720558167,8140,7788,11088,-259,-211,174,7844,-7768,11044,5,127,-217,-13416,3204,7088,-1062,115,-165,-13628,-6348,6140,-426,214,-75,0
2632.7398569583893,8056,7816,11144,-316,-182,146,7740,-7744,11160,1,125,-216,-13344,3280,6720,-1016,140,-176,-13556,-6272,6132,-454,173,-94,0
2632.7734119892125,8288,7800,10752,-191,-143,159,7796,-7756,11196,-28,147,-191,-13436,3084,6936,-1002,93,-95,-13500,-6276,6064,-480,188,-95,0
2632.8069920539856,7948,7720,11032,-265,-226,127,7768,-7744,11220,-13,143,-206,-13256,2920,6740,-977,105,-111,-13616,-6156,6396,-475,229,-80,0
2632.840574026108,8312,7752,10940,-280,-213,173,7688,-7748,11100,-38,109,-231,-13344,3216,7144,-1001,155,-133,-13812,-6208,6144,-461,238,-53,0
2632.874220132828,8236,7756,11044,-227,-220,186,7912,-7760,11104,-29,80,-195,-13444,3108,6804,-977,144,-100,-13704,-6364,6048,-485,188,-60,0
2632.9075241088867,8212,7908,10920,-257,-205,190,7884,-7740,11100,-37,113,-188,-13516,3128,6888,-978,127,-93,-13336,-6288,6280,-476,161,-89,0
2632.940736055374,8144,7804,10984,-246,-187,186,7860,-7752,10984,-43,118,-183,-13388,3160,6928,-941,130,-73,-13804,-6264,6044,-469,140,-93,0
2632.974240064621,8252,7832,11212,-211,-187,153,7688,-7864,11212,-58,95,-187,-13376,3196,6828,-951,132,-113,-13636,-6320,6004,-496,169,-94,0
2633.0078439712524,8212,7464,11140,-273,-225,161,7860,-7716,10800,-5,83,-192,-13304,3116,6848,-985,129,-108,-13576,-6284,6012,-504,228,-66,0
2633.0414910316467,8200,7688,11096,-206,-173,120,7820,-7796,10992,-63,94,-228,-13236,3112,6860,-977,113,-120,-13480,-6312,5936,-467,209,-76,0
2633.075000047684,8300,7680,10976,-270,-241,158,7972,-7848,11016,-50,161,-224,-13396,3212,6764,-946,134,-146,-13584,-6184,6300,-466,201,-92,0
2633.108663082123,8324,7692,11016,-229,-233,142,7916,-7820,11092,-61,103,-235,-13428,3084,6736,-943,125,-91,-13532,-6136,6112,-484,215,-88,0
2633.1417469978333,8240,7752,11044,-172,-209,161,7844,-7712,11148,-53,100,-194,-13536,3204,6896,-958,104,-140,-13560,-6280,6112,-518,211,-105,0
2633.1749320030212,8244,7820,10904,-98,-207,135,7860,-7668,11100,-60,135,-235,-13128,3108,6788,-975,111,-100,-13584,-6180,6020,-480,191,-102,0
2633.2083880901337,8304,7516,10880,-152,-141,139,7944,-7836,10976,-113,141,-202,-13356,3168,6784,-896,40,-74,-13612,-6272,6096,-468,104,-140,0
2633.242187976837,8192,7516,11088,-158,-104,82,7716,-7900,10792,-63,142,-182,-13496,3248,6776,-972,7,-36,-13344,-6244,6388,-487,128,-133,0
2633.2757041454315,8304,7644,10896,-117,-63,118,7828,-7732,11088,23,201,-150,-13432,3000,7000,-990,71,-66,-13556,-6296,6100,-421,158,-109,0
2633.309252977371,8304,7688,10880,-97,-20,60,7772,-7716,10960,-42,202,-185,-13360,3216,6880,-976,33,-102,-13820,-5988,6292,-457,209,-150,0
2633.34285402298,8320,7724,10892,-116,-43,58,7808,-7780,11016,-34,244,-143,-13424,3180,6696,-965,52,-69,-13716,-6156,5956,-426,134,-89,0
2633.3763930797577,8308,7720,10868,-122,4,105,7904,-7788,11196,-54,179,-137,-13404,3196,7148,-770,106,-22,-13740,-6220,6088,-431,142,-91,0
2633.412847995758,8292,7764,10796,-135,18,104,7972,-7796,11064,-254,362,-54,-13468,3204,6492,-1125,134,-64,-13560,-6292,5996,-446,143,-105,0
2633.4482629299164,8252,7796,11068,-160,51,73,7804,-7688,11036,-38,246,-131,-13448,3216,6892,-1005,32,-49,-13644,-6252,6060,-433,127,-161,0
2633.483349084854,8372,7668,11032,-155,62,7,7872,-7756,11268,-9,223,-133,-13384,3232,6660,-1007,27,-91,-13668,-6120,6092,-480,134,-160,0
2633.51881313324,8188,7688,11156,-100,59,15,7820,-7836,11004,-23,234,-164,-13492,3204,7148,-1031,-13,-37,-13532,-6380,5988,-481,137,-189,0
2633.553987979889,7944,7784,10948,-63,60,34,7828,-7832,10816,-32,239,-163,-13556,3136,7092,-963,4,-84,-13672,-6244,6268,-468,138,-146,0
2633.589424133301,8224,7840,10824,-123,35,31,7800,-7672,10780,-61,231,-136,-13288,3148,6856,-989,35,-25,-13540,-6112,6040,-452,135,-114,0
2633.624391078949,8188,7756,10808,-164,35,72,7724,-7960,11064,-68,162,-155,-13412,3168,6844,-974,67,-51,-13516,-6208,6132,-459,126,-97,0
2633.65966296196,8184,7760,11056,-136,-35,92,7688,-7752,11144,-85,174,-145,-13428,3232,6984,-978,60,-77,-13616,-6244,6096,-509,126,-127,0
2633.6948390007014,8176,7760,11244,-98,-10,72,7812,-7816,11196,-86,194,-153,-13412,3236,6980,-951,21,-21,-13628,-6244,6136,-519,142,-137,0
2633.730150938034,7992,7724,10988,-53,43,40,7800,-7768,11140,-65,189,-144,-13388,3156,6876,-970,18,-102,-13636,-6176,6096,-485,138,-149,0
2633.765610933304,8256,7776,10796,-99,45,66,7764,-7796,11020,-93,199,-158,-13428,3204,7136,-921,-46,-91,-13508,-6236,6116,-505,138,-167,0
2633.8018901348114,8176,7884,10788,-74,-255,28,7848,-7744,11112,-127,191,-147,-13352,3120,7160,-827,-51,-17,-13652,-6344,6012,-534,104,-147,0
2633.8374230861664,8212,7788,10988,-90,-16,23,7776,-7812,11028,-113,217,-150,-13284,3252,6848,-862,-34,-84,-13680,-6264,6068,-575,178,-159,0
2633.8733429908752,8156,7872,10908,-114,-4,34,7812,-7796,11072,-108,212,-172,-13280,3144,7008,-881,-43,-56,-13640,-6200,6284,-524,230,-150,0
2633.9081339836125,8168,8136,10768,-67,-47,52,7824,-7852,11072,-156,247,-150,-13404,3292,6752,-874,10,-82,-13596,-6220,6180,-526,144,-128,0
2633.9430599212646,8108,7884,10960,-66,-92,52,7780,-7832,11124,-152,180,-151,-13372,3316,6948,-898,8,-45,-13600,-6292,6112,-530,135,-121,0
2633.9787969589233,8304,7864,10996,-81,-24,69,7736,-7756,11088,-150,226,-133,-13296,3212,6720,-903,41,-96,-13352,-6224,6036,-533,128,-115,0
2634.014219045639,8108,7888,11108,-40,248,50,7700,-7824,11084,-140,179,-141,-13404,3276,6920,-928,-55,-116,-13572,-6236,6292,-554,156,-113,0
2634.0501470565796,8240,7820,10912,-56,-32,72,7760,-7828,11060,-122,167,-167,-13292,3296,6880,-956,-15,-71,-13316,-6312,5892,-550,162,-139,0
2634.0836460590363,8180,7844,10928,-39,-56,72,7428,-7820,11084,-134,182,-161,-13248,3196,7000,-975,29,-105,-13592,-6308,6040,-515,167,-129,0
2634.1171741485596,8156,7828,11040,-75,-98,49,7804,-7824,10992,-142,220,-172,-13528,3220,7148,-957,28,-124,-13636,-6320,6016,-519,158,-111,0
2634.1502821445465,8136,7852,10868,-29,-65,39,7812,-7940,11120,-135,190,-178,-13444,3312,6968,-889,-31,-105,-13348,-6324,5920,-552,153,-124,0
2634.183706998825,8216,7872,10964,-116,-52,47,7756,-8136,11104,-93,187,-140,-13416,3404,6932,-1005,-36,-56,-13320,-6380,6052,-526,144,-148,0
2634.217432975769,8100,7996,10788,-42,-10,90,7684,-7832,10992,-142,171,-142,-13248,3228,6904,-948,41,-58,-13668,-6180,6128,-504,117,-125,0
2634.250780105591,7956,7688,11168,-92,-69,54,7684,-7884,11044,-140,166,-179,-13244,3252,7052,-961,14,-53,-13632,-6216,6048,-529,160,-131,0
2634.2867300510406,8340,7888,10820,-62,-37,81,7716,-8040,11100,-141,122,-156,-13240,3304,6988,-975,7,-50,-13584,-6340,6036,-537,157,-97,0
2634.3202171325684,8152,8116,10868,-21,-31,72,7900,-7932,11128,-81,136,-124,-13444,3268,6924,-981,38,-66,-13636,-6352,6044,-518,114,-149,0
2634.353872060776,8364,8136,10916,-91,-15,54,7748,-7828,11032,-118,199,-151,-13308,3220,7068,-946,-5,-63,-13796,-6376,6120,-476,103,-188,0
2634.387237071991,8172,7856,10840,-95,-15,35,7680,-7704,11032,-121,186,-169,-13220,3320,6968,-926,-1,-91,-13636,-6184,6004,-490,134,-154,0
2634.420722961426,8124,7960,10856,-98,-35,58,7680,-7936,11220,-101,195,-137,-13236,3352,7032,-995,67,-70,-13604,-6252,6192,-482,154,-79,0
2634.454010009765,8160,7940,10740,-106,-58,139,7604,-7872,11200,-95,118,-173,-13184,3072,7004,-1015,105,-22,-13556,-6316,6044,-508,123,-32,0
2634.4875750541687,8100,7864,11012,-106,-49,139,7792,-7948,11168,-116,80,-161,-13112,3296,6728,-1074,81,-59,-13572,-6204,5924,-511,152,-68,0
2634.5211629867554,7972,7764,10852,-133,-49,120,7704,-8072,11008,253,110,-184,-13400,3288,6784,-1072,77,-119,-13320,-6180,6164,-548,198,-123,0
2634.554628133774,8076,8188,10916,-105,-50,76,7724,-7920,11048,49,131,-211,-13184,3288,7184,-1067,59,-215,-13688,-6328,6080,-487,219,-120,0
2634.588194131851,8112,7980,11016,-121,-161,76,7764,-7912,11148,63,165,-241,-13332,3264,7016,-1003,40,-225,-13692,-6444,6064,-469,241,-167,0
2634.621726036072,8096,8012,10984,-151,-197,72,7688,-8176,11176,-31,169,-242,-13256,3184,7008,-939,57,-156,-13608,-6372,6040,-451,219,-80,0
2634.6548891067505,8080,8112,11212,-200,-217,110,7652,-7928,11100,-123,121,-262,-13156,3284,7108,-936,98,-97,-13640,-6300,5984,-461,188,-54,0
2634.6884319782257,8176,7948,11000,-511,-218,155,7712,-7868,10936,-121,97,-172,-13312,3280,7044,-942,121,-98,-13588,-6200,6100,-513,163,-40,0
2634.7220420837402,8096,8168,10996,-239,-192,196,7908,-7880,11028,-35,77,-169,-13296,3304,6820,-1050,104,-123,-13380,-6208,5916,-548,155,-60,0
2634.759253025055,8420,7912,10948,-242,-150,209,7840,-7944,10916,45,60,-182,-13296,3320,7040,-1067,101,-125,-13552,-6132,6052,-572,234,-105,0
2634.793555021286,8188,7936,10936,-207,-234,176,7784,-7872,10948,71,85,-211,-13408,3192,7112,-1060,99,-182,-13544,-6228,6016,-533,242,-123,0
2634.827167034149,8132,7928,10872,-175,-207,169,7796,-7824,11104,58,94,-2,-13060,3188,7032,-1024,144,-200,-13600,-6364,5988,-507,227,-119,0
2634.8604431152344,8116,8020,10828,-183,-193,174,7756,-7876,11036,31,79,-242,-13076,3240,6704,-1004,156,-121,-13532,-6236,5916,-497,226,-69,0
2634.893765926361,8256,7988,10788,-263,-232,198,7452,-7804,11072,-12,91,-237,-13232,3224,7084,-1012,181,-82,-13624,-6360,6000,-457,185,-36,0
2634.927344083786,8184,8012,10756,-265,-156,187,7692,-7900,11012,-65,75,-228,-13288,3172,7144,-960,219,-72,-13336,-6360,6044,-478,139,-56,0
2634.9610459804535,8124,7868,11188,-316,-179,146,7788,-8176,11028,-57,105,-228,-13092,3288,6980,-949,150,-130,-13596,-6120,6072,-486,184,-53,0
2634.9945719242096,8032,7780,10904,-305,-188,167,7780,-8152,10756,-8,94,-190,-13112,3576,6900,-1274,106,-102,-13736,-6204,6016,-489,130,-99,0
2635.028170108795,8228,7760,11008,-235,-145,156,7776,-7944,10932,51,79,-163,-13440,3176,7252,-1001,153,-70,-13824,-6400,5948,-504,111,-106,0
2635.061334133148,8176,7856,10784,-213,-138,161,7744,-7904,10976,32,74,-195,-13304,3196,6976,-1066,131,-132,-13588,-6252,5964,-490,162,-94,0
2635.09872508049,8284,7984,10724,-187,-160,164,7712,-7908,11116,15,79,-202,-13076,3140,7004,-1033,151,-119,-13616,-6324,6012,-502,164,-77,0
2635.134062051773,8180,7868,10784,-139,-148,141,7712,-7844,11040,-10,78,-220,-13268,3244,6924,-1058,219,-103,-13572,-6256,5796,-497,210,-81,0
2635.169666051864,8252,7792,10720,-145,-142,142,7764,-7796,10840,-12,94,-229,-13288,3180,6728,-1062,179,-118,-13696,-6264,5956,-493,167,-113,0
2635.20472407341,8312,7860,10776,-166,-130,123,7840,-7848,10944,-17,111,-229,-13324,3184,7032,-1041,98,-91,-13652,-6168,5932,-477,130,-124,0
2635.2408180236816,8256,7884,10760,-163,-88,82,7732,-7904,11048,-7,134,-192,-13332,3224,7152,-1074,104,-85,-13644,-6176,6008,-447,105,-144,0
2635.2762269973755,8348,7848,11040,-134,-54,84,7872,-7732,11064,18,184,-175,-13560,3168,6800,-1140,96,-77,-13644,-6304,6020,-441,148,-138,0
2635.3122251033783,8264,7932,10848,-137,-46,89,7760,-7820,10944,12,161,-158,-13280,3232,6744,-1130,97,-75,-13636,-6284,6008,-483,111,-162,0
2635.3481941223145,8420,7888,10804,-96,-28,72,7748,-7828,10788,-18,163,-166,-13296,3144,7036,-1118,105,-46,-13704,-6312,5984,-468,103,-141,0
2635.383520126343,8264,7868,10912,-113,-20,84,7680,-7868,11000,-23,162,-149,-13284,3196,6980,-1114,104,-78,-13624,-6360,6004,-477,98,-145,0
2635.4192430973053,8128,7868,10944,-123,-30,86,7736,-7896,11088,-2,158,-152,-13380,3236,6984,-1154,123,-27,-13600,-6344,5988,-444,80,-130,0
2635.454936981201,8192,7916,11012,-118,-4,89,7748,-7868,10996,7,157,-162,-13372,3140,7396,-1102,69,-74,-13544,-6364,5808,-463,115,-178,0
2635.4907410144806,8372,7960,10896,-149,-29,59,7692,-7848,11244,-7,194,-152,-13280,3300,6916,-1076,120,-9,-13532,-6312,6016,-445,115,-133,0
2635.526157140732,8224,7912,10872,-92,-50,81,7784,-7948,11016,-17,229,-165,-13220,3236,7024,-1026,53,-252,-13600,-6248,5940,-489,93,-186,0
2635.5622730255127,8088,7908,10840,-151,-47,52,7792,-7760,11052,14,151,-161,-13264,3168,7024,-1110,96,-103,-13568,-6276,5992,-477,107,-142,0
2635.597543001175,8264,7700,11260,-79,-20,67,7832,-7792,11104,-24,176,-150,-13384,3128,7116,-1048,109,-10,-13560,-6400,6060,-468,91,-163,0
2635.633285999298,8268,7700,10980,-154,-51,71,7740,-7856,11196,-39,171,-197,-13296,3304,6924,-1053,55,-44,-13624,-6288,5892,-465,104,-150,0
2635.669091939926,7976,7888,10920,-160,-23,78,7912,-8180,11228,-45,160,-155,-13420,3172,6932,-1078,65,-25,-13424,-6272,5844,-461,91,-136,0
2635.70428609848,8376,7956,11092,-111,-19,95,7744,-7924,11104,-23,159,-141,-13136,3128,7096,-1074,51,255,-13708,-6224,6152,-470,73,-121,0
2635.7398409843445,8120,7704,10856,-145,18,78,7760,-7896,11112,-82,185,-128,-13248,3132,7144,-1279,52,-247,-13608,-6228,6036,-436,36,-108,0
2635.773427963257,8204,7908,10820,-196,-7,106,7896,-7796,11044,-78,156,-115,-13300,3236,7116,-1041,61,17,-13524,-6260,5948,-495,53,-126,0
2635.807153940201,8208,7840,10836,-156,11,102,7748,-7904,11148,-8,190,-106,-13260,3212,6968,-1096,52,231,-13544,-6332,6028,-553,101,-145,0
2635.840651988983,8068,7948,10832,-122,-59,101,7636,-7952,11100,56,131,-177,-13212,3120,7240,-1116,87,-72,-13480,-6288,5976,-527,194,-148,0
2635.8742809295654,7968,7908,10928,-43,-139,60,7732,-7920,11248,45,116,-261,-13352,3124,6692,-1076,90,-179,-13620,-6304,6100,-456,207,-221,0
2635.9076449871063,8120,7892,10756,-58,-139,22,7708,-7800,10956,48,139,-271,-13304,3244,7312,-1032,75,-163,-13644,-6452,6052,-395,188,-180,0
2635.9411640167236,8248,8092,10904,-140,-83,37,7748,-7760,11212,-65,243,-235,-13336,3104,6932,-961,35,-94,-13788,-6332,6028,-426,122,-129,0
2635.9747819900513,8236,8044,10968,-193,-122,61,7772,-7856,11352,-180,202,-149,-13384,3260,7136,-986,117,52,-13656,-6300,6068,-421,252,-86,0
2636.0080800056458,8196,8016,10852,-259,-38,147,7736,-7904,11056,-171,131,-88,-13272,3232,7292,-1011,-57,115,-13592,-6192,6124,-476,-29,-76,0
2636.0420019626617,8384,7856,10932,-244,27,183,7792,-8116,11192,-71,135,-25,-13296,3308,6908,-1146,46,94,-13432,-6236,5964,-552,79,-122,0
2636.0755510330205,8096,7768,10740,-185,-19,185,7728,-7960,11056,38,82,-85,-13340,3212,6996,-1185,72,-69,-13468,-6276,5892,-547,156,-145,0
2636.1089329719543,8144,7860,10796,-87,-52,109,7928,-7880,11288,107,129,-195,-13212,3088,6704,-1158,84,-188,-13176,-6368,6120,-506,222,-210,0
2636.1422851085663,8064,7952,11028,-40,-134,63,7808,-7876,11180,64,157,-265,-13304,3104,6960,-1070,79,-165,-13552,-6368,6136,-431,4,-138,0
2636.175780057907,8016,8068,10948,-106,-173,55,7748,-7832,11256,-9,156,-286,-13296,3056,7036,-994,99,-128,-13740,-6368,6012,-394,204,-109,0
2636.209384918213,7992,8048,10964,-133,-126,60,7648,-7736,11184,-145,144,-228,-13232,3316,7100,-919,132,-29,-13604,-6312,6104,-432,109,-80,0
2636.2428860664368,8292,7688,10600,-298,-61,115,7744,-7868,10904,-163,123,-155,-13064,3280,7056,-1038,83,-22,-13556,-6188,6044,-485,95,-88,0
2636.276472091675,8208,7880,10968,-345,-58,163,7968,-8012,11260,-31,62,-115,-13280,3212,6988,-1134,38,234,-13536,-6192,6020,-475,118,-93,0
2636.3098130226135,8188,7724,10984,-208,-79,130,7732,-7684,10932,-16,148,-135,-13432,3176,6920,-1090,-29,-88,-13556,-6208,5992,-495,220,-201,0
2636.343379020691,8220,7844,10792,-175,-155,63,7928,-8004,11168,64,158,-203,-13360,3160,7036,-1058,15,-135,-13652,-6260,6172,-481,141,-165,0
2636.377049922943,8244,8012,10856,-44,-84,90,7736,-7828,10920,27,152,-202,-13292,3100,6860,-1096,73,-117,-13644,-6252,5992,-435,174,-103,0
2636.4105360507965,8220,7988,10792,-109,-107,110,7708,-7768,11108,-7,138,-167,-13244,3068,7052,-1095,21,-77,-13600,-6656,6024,-413,115,-88,0
2636.4440419673924,8004,8024,10900,-179,-100,130,7652,-7724,11224,-130,140,-152,-13232,3208,7044,-1035,57,245,-13576,-6240,5988,-406,115,-59,0
2636.4776060581207,8156,7972,10796,-319,-112,194,7680,-7932,11092,-162,129,-134,-13140,3148,7192,-1055,75,-36,-13548,-6300,6164,-387,154,-33,0
2636.510740995407,8092,7936,10880,-291,-219,187,7764,-8020,11036,-113,95,-219,-13304,3180,7056,-1043,72,-131,-13528,-6348,5944,-447,220,-75,0
2636.544186115265,8184,7916,11012,-258,-307,139,7636,-8140,11224,-86,88,-241,-13260,3248,7132,-1033,60,-180,-13680,-6288,6144,-435,215,-90,0
2636.578019142151,8084,7884,10772,-175,-12,138,7772,-7892,11104,-59,85,-267,-13204,3224,7024,-1052,61,-148,-13576,-6272,6128,-436,226,-89,0
2636.6116220951085,7936,7792,10556,-209,-222,163,7636,-7868,11048,33,81,-201,-13304,3224,6912,-1065,65,-112,-13492,-6228,5992,-398,221,-72,0
2636.6447670459747,8200,7920,10908,-234,-208,196,7740,-7972,11240,4,76,-206,-13280,3208,7000,-1089,112,-148,-13616,-6228,5940,-406,298,-26,0
2636.679996967316,8280,7872,10780,-340,-212,245,7688,-7864,10912,2,79,-198,-13252,3216,7116,-1108,61,-168,-13604,-6296,6044,-411,265,3,0
2636.713670015335,8320,7896,10752,-335,-249,221,7828,-7812,11076,-48,50,-247,-13272,2876,7060,-1114,139,-110,-13720,-6272,6156,-368,188,-42,0
2636.7495520114894,8324,7896,11080,-298,-287,185,7868,-7908,11092,-59,111,-245,-13424,3180,6996,-1074,120,-159,-13496,-6212,6060,-449,211,-84,0
2636.785089969635,8368,7848,10836,-292,-282,178,7852,-7928,11080,43,74,-254,-13180,3084,7212,-1064,200,-174,-13624,-6232,6032,-410,204,-89,0
2636.8207869529724,8264,8008,10796,-173,-202,142,7660,-7776,11060,13,121,-247,-13288,3032,7148,-979,156,-184,-13612,-6196,6316,-258,163,-119,0
2636.8571679592133,8308,7900,10652,-168,-230,129,7852,-7744,11132,-25,118,-244,-13252,3144,6900,-933,106,-159,-13656,-6172,6088,-475,149,-112,0
2636.8923399448395,8340,7872,11000,-237,-234,155,7852,-7908,11184,-34,90,-197,-13252,3028,7116,-995,95,-104,-13772,-6236,6092,-442,158,-70,0
2636.9274220466614,8440,7924,10696,-201,-162,147,7748,-7740,11188,-24,80,-188,-13264,3068,7336,-1021,133,-97,-13616,-6320,6104,-475,99,-71,0
2636.9638130664825,8384,7880,10508,-172,-153,174,7884,-7900,11172,-75,63,-141,-13264,3164,6904,-1064,111,-51,-13556,-6272,6020,-469,142,-39,0
2636.999279975891,8372,7920,10584,-172,-143,164,7808,-7820,11116,-57,96,-180,-13232,2908,7308,-780,134,-118,-13324,-6244,6044,-507,130,-75,0
2637.0341029167175,8352,7876,10612,-192,-144,136,7776,-7780,11040,-50,128,-212,-13348,3112,7040,-1036,96,-59,-13532,-6260,5972,-437,148,-60,0
2637.069416999817,8440,7792,10784,-109,-135,113,7756,-7940,11092,-33,112,-220,-13312,3108,6964,-990,72,-116,-13608,-6224,6104,-417,168,-96,0
2637.1043310165405,8364,7772,10632,-93,-117,112,7748,-7812,11120,-6,124,-217,-13300,3232,6980,-981,156,-115,-13540,-6164,6016,-468,126,-122,0
2637.1397321224213,8440,7868,10772,-154,-95,105,7828,-7776,10892,-26,116,-168,-13256,3092,7020,-934,166,-58,-13708,-6272,6068,-479,114,-125,0
2637.174847126007,8404,7816,10900,-126,-74,95,7848,-7864,10756,-69,144,-159,-13196,3060,6960,-958,122,-41,-13636,-6076,6124,-529,116,-151,0
2637.2103950977325,8440,7832,10648,-128,-47,50,7872,-7864,10904,-94,181,-158,-13284,3132,7088,-962,93,-32,-13720,-6276,6124,-490,166,-149,0
2637.2454550266266,8336,7864,10800,-81,-17,50,7796,-7880,11100,-70,210,-142,-13268,3072,7036,-1036,81,-54,-13572,-6160,6084,-264,124,-169,0
2637.2806720733643,8232,7852,10592,-34,-26,61,7856,-7908,10960,-110,193,-157,-13280,3072,7072,-1277,32,-17,-13604,-6228,5888,-499,138,-172,0
2637.3157501220703,8340,7720,10724,-39,27,35,7688,-7952,11180,-104,181,-147,-13152,3116,7180,-1015,52,-39,-13620,-6296,6124,-546,129,-183,0
2637.3512060642242,8308,7820,10828,12,15,38,7780,-7892,10844,-127,187,-144,-13256,3308,7084,-975,66,-64,-13820,-6400,6168,-565,112,-159,0
2637.3861360549927,8224,7916,10620,4,-6,31,7824,-7884,11152,-125,181,-131,-13296,3072,7200,-869,498,-153,-13464,-6256,6088,-551,129,-169,0
2637.4224331378937,8208,7972,10968,-10,-34,35,7736,-7916,11028,-179,170,-157,-13336,3128,7648,-950,-25,-40,-13732,-6260,5952,-570,140,-152,0
2637.4561610221863,8268,7868,10876,-37,2,23,7828,-7876,10960,-141,494,-153,-13144,3100,7132,-973,9,-34,-13712,-6192,6160,-546,147,-172,0
2637.490077018738,8248,7952,10676,-65,4,48,7932,-7848,11184,-85,180,-128,-13244,3136,7244,-982,11,-41,-13324,-6192,6112,-523,125,-162,0
2637.5235209465027,8440,7988,10828,-73,49,51,7744,-7924,10768,-72,240,-90,-13524,3200,6944,-1006,104,-56,-13660,-6232,6352,-542,103,-126,0
2637.557024002075,8292,7888,10748,-37,94,51,7748,-7948,11036,-104,155,-113,-13136,3116,7092,-978,60,-49,-13592,-6168,6080,-590,94,-156,0
2637.5903239250183,8148,7928,10832,-85,71,93,7708,-7936,11224,-58,130,-132,-13228,3148,7292,-1279,104,-92,-13484,-6204,6044,-534,145,-142,0
2637.623824119568,8416,7888,10628,-91,37,111,7852,-7824,11140,-32,130,-160,-13236,3120,7056,-1000,103,-61,-13576,-6284,5852,-571,203,-171,0
2637.6570661067963,8340,8016,10976,-220,-16,91,7864,-7968,11044,-55,135,-152,-13236,3132,7248,-977,67,-22,-13636,-6340,6176,-477,234,-140,0
2637.69051194191,8172,7944,10572,-146,-108,104,7752,-7836,11252,-76,131,-148,-13284,3148,7120,-937,84,-26,-13616,-6344,6016,-518,214,-148,0
2637.7239160537724,8360,7976,10924,-163,-78,117,7520,-7744,11236,-18,131,-124,-13492,3196,6988,-1125,85,-100,-13576,-6336,5956,-471,264,-124,0
2637.757429122925,7992,7968,10520,-102,-16,88,7736,-7876,10804,-253,118,-116,-13228,3108,7136,-1123,152,-49,-13820,-6332,6016,-635,154,-144,0
2637.791015148163,8332,8108,10788,-143,-126,81,7648,-7880,10956,-41,137,-189,-13176,3188,7612,-964,79,-33,-13664,-6204,6056,-506,181,-137,0
2637.8245179653168,8204,8012,10868,-209,-56,119,7760,-7880,11080,-3,99,-177,-13176,3176,7196,-998,175,-29,-13620,-6312,5948,-440,168,-140,0
2637.858103990555,8124,7908,10892,-164,41,131,7744,-7696,11256,23,54,-158,-13312,3200,7024,-970,263,-55,-13676,-6276,5988,-583,236,-144,0
2637.8913691043854,8192,7992,10760,-160,8,124,7628,-7856,11176,65,96,-134,-13276,2828,7100,-904,257,-46,-13776,-6212,5896,-499,272,-166,0
2637.9248521327972,8260,7952,10636,-195,-254,99,7796,-7968,10936,60,113,-144,-13264,3080,7076,-914,314,245,-13324,-6176,6208,-405,163,-138,0
2637.9582209587097,8152,7968,10808,-215,37,127,7924,-8168,10832,80,132,-140,-13252,3092,7088,-952,237,-71,-13524,-6288,5704,-207,410,-99,0
2637.9919109344482,8116,7952,10772,-501,86,236,7780,-7892,11024,222,124,-168,-13172,3192,7112,-990,309,-129,-13612,-6192,5940,-128,834,-102,0
2638.025619029999,8240,7916,10588,-484,-112,255,7684,-7952,11172,169,96,-214,-13280,3260,7164,-1052,334,-126,-13600,-6316,6008,-161,1754,-84,0
2638.058723926544,8036,7896,10676,-487,382,281,7904,-7912,10952,170,197,-139,-13248,2956,7096,-1184,123,-150,-13708,-6208,5716,-100,1387,-108,0
2638.092311143875,8272,7848,10920,-693,542,294,7716,-7836,10800,155,159,-182,-13316,3180,7004,-1038,-132,-70,-13716,-6328,6236,-438,1028,-260,0
2638.1258080005646,8040,7864,10944,-507,175,162,7888,-7780,11108,98,108,-209,-13204,3132,6672,-770,86,-40,-13584,-6272,6028,-435,123,-122,0
2638.1587660312653,8416,7696,11040,117,-183,69,7796,-7724,10880,5,37,-214,-13232,3172,6880,-966,368,-29,-13792,-6264,6004,-761,-306,-127,0
2638.1922359466553,8108,7876,10956,175,-134,74,7804,-7832,10800,-37,-256,-205,-13268,3228,7104,-879,459,245,-13824,-6304,5760,-797,-378,-179,0
2638.2258689403534,8228,7912,10784,-33,-140,72,7828,-7928,11224,-87,34,-182,-13364,3212,7132,-687,490,246,-13688,-6296,5728,-829,-1,-175,0
2638.2591841220856,8424,7828,10856,-73,-186,89,7720,-7860,11036,-118,109,-188,-13264,3204,6952,-715,352,-39,-13556,-6216,5872,-413,153,-145,0
2638.2926630973816,8016,7776,10728,-241,-230,232,7740,-7840,11084,-10,87,-177,-13240,3160,7008,-885,307,-81,-13648,-6388,5868,-511,259,-147,0
2638.326187133789,8148,7960,10872,-318,-363,244,7788,-7968,11036,-57,37,-227,-13364,3116,6972,-877,406,-66,-13652,-6228,5872,-370,-359,-105,0
2638.359383106232,8296,8128,10812,-325,-445,294,7472,-7868,10780,-94,-37,-267,-13360,3240,7068,-906,436,-112,-13732,-6300,6020,-591,-298,-98,0
2638.392765045166,8440,7684,10804,-236,-382,219,7792,-8156,11104,-76,3,-8,-13356,3244,7008,-981,365,-78,-13708,-6248,5868,-386,-270,-40,0
2638.426176071167,8284,7920,10860,-169,-279,249,7852,-7940,11080,-48,46,-205,-13364,3264,6964,-1029,223,-116,-13816,-6204,6140,-315,169,-113,0
2638.463930130005,8216,7788,10988,-431,-184,282,7828,-7800,11152,10,56,-239,-13288,3184,6848,-1062,214,-136,-13684,-6400,5932,-415,68,-100,0
2638.4991879463196,8264,7876,10852,-318,-10,177,7800,-7812,11120,-12,53,-243,-13112,3184,6848,-1107,245,-130,-13564,-6268,6128,-487,-71,-79,0
2638.534238100052,8332,7884,10880,-330,60,103,7708,-7936,11032,-21,41,-223,-13408,3224,6784,-770,281,-122,-13544,-6264,5816,-444,56,-54,0
2638.569803953171,8264,7784,10960,-379,53,210,7864,-8116,10760,-26,-34,-249,-13376,3312,6916,-990,316,-145,-13672,-6196,5976,-477,74,-55,0
2638.6050629615784,8280,7740,10576,-382,29,193,7980,-7836,10832,20,104,-191,-13500,3172,6856,-887,343,-99,-13608,-6228,6060,-610,-8,-87,3
2638.6407039165497,8300,7860,10924,-232,-256,201,7884,-7820,11068,-84,-37,-202,-13384,3100,7100,-822,421,-135,-13684,-6244,5940,-765,10,-36,3
2638.6762189865112,8236,7692,10936,-391,-12,189,7924,-7824,11004,-92,-20,-186,-13392,3216,6672,-853,373,-143,-13676,-6296,5916,-682,10,-41,3
2638.7117841243744,8316,7748,10988,-246,-250,120,7944,-7852,11248,-23,109,-178,-13464,3136,6672,-911,331,-126,-13644,-6220,6112,-683,43,-41,3
2638.7477259635925,8272,7656,10972,-190,14,118,7712,-7860,10884,-66,136,-191,-13456,3328,6896,-963,271,-141,-13548,-6172,5980,-661,-5,-63,3
2638.7826571464534,7952,7668,10924,-197,-84,107,7812,-7848,11136,-12,119,-173,-13388,3280,6816,-1021,211,-123,-13556,-6264,5964,-748,91,-132,3
2638.818614959717,8192,7752,10880,-185,-21,125,7948,-7888,11076,-84,40,-199,-13588,3372,6780,-694,332,-125,-13664,-6312,6008,-754,159,-93,3
2638.8536360263824,8104,7764,11024,-215,36,147,7852,-7964,11244,-41,60,-215,-13344,3280,6920,-783,188,-108,-13624,-6332,5812,-658,263,-58,0
2638.8897860050206,8184,7816,10832,-396,-106,172,7760,-7756,11012,27,113,-200,-13560,3188,6764,-879,154,-117,-13672,-6184,5992,-590,300,-22,0
2638.925061941147,8232,7684,10752,-438,-133,172,7876,-7956,10788,73,61,-212,-13412,3272,6680,-1003,142,-89,-13792,-6232,5928,-548,276,-27,0
2638.9602861404414,8360,7676,10984,-278,-233,151,7872,-7884,11076,9,129,-161,-13520,3332,6676,-1046,102,-129,-13664,-6304,5992,-656,150,-88,0
2638.995665073395,8256,7640,10972,-115,-113,97,7888,-7920,10928,-6,160,-141,-13456,3208,6900,-1061,0,-116,-13660,-6308,5936,-664,112,-119,0
2639.0311579704285,8084,7648,10776,-89,-111,62,7912,-7792,10976,-37,147,-177,-13500,3220,6696,-1006,113,-97,-13576,-6280,5924,-623,47,-167,0
2639.067048072815,8260,7912,10928,-110,-82,87,7896,-7772,10928,-118,141,-174,-13316,3180,6668,-957,179,-67,-13608,-6344,5708,-515,26,-86,0
2639.1028621196747,8324,7732,10684,-131,-34,104,7948,-7708,10996,-56,99,-155,-13480,3160,6668,-874,126,-54,-13644,-6252,6128,-568,96,-147,0
2639.1364600658417,8264,7688,10964,-111,0,82,7688,-7828,10792,-62,157,-129,-13504,3180,6708,-973,94,-38,-13672,-6244,5868,-525,134,-161,0
2639.169657945633,8252,7812,10992,-97,-252,39,7972,-7844,10916,-43,197,-129,-13788,3140,6784,-981,64,-60,-13664,-6352,5768,-551,162,-162,0
2639.203160047531,8368,7724,10876,-9,15,23,7884,-7908,10964,-106,181,-154,-13536,3296,6888,-996,-4,-7,-13468,-6288,6084,-531,151,-162,0
2639.2367770671844,8256,7692,10964,-91,-12,26,7888,-7880,11060,-87,216,-161,-13468,3164,6672,-975,-57,-69,-13608,-6240,5924,-476,193,-148,0
2639.2700021266937,8252,7640,10976,-71,-22,41,7764,-7832,10984,-75,208,-129,-13484,3280,6676,-1050,-27,-71,-13724,-6384,5936,-464,133,-123,0
2639.3035550117493,8180,7816,10924,-25,-252,53,7820,-7836,11028,-77,225,-125,-13496,3300,6716,-1027,-7,-28,-13668,-6448,5916,-510,59,-162,0
2639.3374049663544,8272,7788,10660,-48,29,52,7868,-7832,11192,-86,240,-107,-13436,3384,6784,-941,-19,-7,-13612,-6368,5948,-495,22,-181,0
2639.3708789348602,8176,7836,10792,-126,26,68,7800,-7928,11092,-56,203,-127,-13376,3240,6852,-990,5,-28,-13456,-6288,5944,-460,90,-174,0
2639.4044189453125,8216,7792,10992,-79,-8,57,7788,-7888,11176,-58,168,-145,-13488,3292,6668,-1059,8,-102,-13636,-6312,5648,-450,186,-147,0
2639.4379389286046,8204,7816,10888,-142,-91,81,7724,-8164,11028,-51,191,-160,-13436,3268,6792,-1063,-256,-106,-13364,-6232,5996,-476,171,-143,0
2639.4714159965515,8228,7896,10964,-94,-86,75,7856,-7768,11084,-49,171,-178,-13448,3300,6916,-1078,-38,-57,-13628,-6316,6124,-443,156,-151,0
2639.505054950714,8208,7464,11072,-126,-92,64,7864,-7868,11096,-57,216,-164,-13412,3272,6728,-1039,-55,-24,-13580,-6268,5820,-449,130,-146,0
2639.538671016693,8012,7788,10768,-92,-59,74,7832,-7948,10888,-41,193,-174,-13432,3288,6668,-1035,-24,-51,-13468,-6524,5896,-443,123,-156,0
2639.571805000305,8172,7828,10956,-129,-65,75,7840,-7932,11068,-6,228,-155,-13488,3120,6808,-1079,-15,-89,-13636,-6404,5928,-439,140,-96,0
2639.6054921150208,8344,7780,10972,-166,-73,82,7892,-7832,10940,-47,223,-179,-13420,3260,6860,-1068,-33,-47,-13652,-6328,6076,-427,58,-138,0
2639.6389870643616,8352,7780,10956,-113,-45,64,7824,-7860,10896,-67,185,-161,-13320,3300,6848,-1046,-10,-6,-13656,-6356,5936,-400,84,-131,0
2639.6723160743713,8176,7776,10904,-148,-32,69,7876,-7936,10976,-33,187,-142,-13352,3256,6828,-1066,-30,-50,-13564,-6424,5988,-435,108,-151,0
2639.7060899734497,8064,7816,10956,-146,-35,96,7796,-7876,10904,-22,179,-156,-13440,3268,6832,-1089,-13,-49,-13636,-6376,6040,-422,126,-131,0
2639.7398149967194,8128,7792,11032,-163,-73,100,7808,-7936,10992,-36,173,-184,-13324,3252,6720,-1043,-17,-82,-13544,-6392,6048,-431,153,-114,0
2639.779032945633,7944,7860,10976,-166,-127,98,7824,-7852,11112,-67,228,-223,-13564,3292,6780,-1071,-251,-109,-13580,-6260,5896,-435,165,-113,0
2639.8127369880676,8208,7804,11092,-112,-89,105,7800,-7880,11196,-73,146,-185,-13336,3552,6796,-1087,-34,-60,-13732,-6276,6004,-450,123,-129,0
2639.8463830947876,8236,7836,11024,-188,-105,119,8144,-7984,10980,-15,233,-177,-13376,3368,7004,-1156,-49,-7,-13368,-6300,6076,-410,120,-154,0
2639.8795959949493,8172,7776,10860,-149,-57,116,7680,-7868,11128,0,205,-157,-13344,3204,7032,-1090,-55,-15,-13804,-6640,5984,-438,100,-126,0
2639.913094997406,8292,7828,10872,-140,-114,96,7836,-7856,11200,-68,253,-182,-13440,3244,6908,-1076,-36,-79,-13444,-6300,5940,-398,135,-132,0
2639.9467599391937,8288,7728,10844,-195,-103,64,7760,-7860,10908,-45,222,-175,-13348,3312,6752,-1070,-94,-81,-13592,-6232,5996,-350,181,-93,0
2639.9803040027614,8284,7812,10948,-142,-118,90,7656,-7788,11040,-24,199,-178,-13108,3580,6872,-1070,-65,-70,-13644,-6332,6000,-411,152,-117,0
2640.013917922973,8260,7796,10772,-149,-94,97,7812,-7868,11076,-40,222,-157,-13380,3184,7072,-1051,-95,-42,-13576,-6276,6076,-393,62,-136,0
2640.047420978546,8156,7880,10944,-144,-109,49,7888,-7732,10836,-92,219,-172,-13312,3360,6920,-1034,-102,-59,-13548,-6272,6072,-379,120,-143,0
2640.0805339813232,8132,7796,10952,-155,-165,86,7804,-7812,11020,-53,201,-188,-13260,3500,7160,-1046,-97,-120,-13464,-6276,5964,-432,151,-153,0
2640.1172320842743,8084,7904,10896,-168,-148,114,7776,-7828,11096,-12,196,-205,-13276,3220,6888,-1075,-72,-74,-13560,-6272,5976,-415,170,-123,0
2640.1522760391235,8132,7848,10804,-168,-170,149,7780,-7900,11216,-28,170,-193,-13112,3232,7012,-1092,-25,-76,-13552,-6364,6064,-424,227,-49,0
2640.1874670982365,7968,7920,11004,-240,-210,162,7788,-7992,11312,24,148,-220,-13348,3388,7088,-1046,13,-173,-13652,-6304,6368,-415,175,-58,0
2640.222860097885,8068,7848,10780,-184,-216,144,7836,-7728,11220,-23,139,-248,-13552,3280,7044,-1015,66,-140,-13528,-6328,6060,-363,167,-63,0
2640.2582120895386,8248,7836,10932,-246,-234,162,7724,-7872,11188,-9,80,-241,-13084,3328,6984,-1022,56,-144,-13752,-6284,6024,-375,216,-53,0
2640.293645143509,7948,8156,10776,-316,-278,199,7692,-7896,11080,-29,99,-231,-13508,3204,7140,-1063,34,-144,-13644,-6296,5876,-442,206,-83,0
2640.329610109329,8340,7824,10900,-261,-238,166,7952,-7964,10924,-62,168,-224,-13300,3300,6916,-1004,30,-141,-13700,-6216,6112,-478,151,-120,0
2640.3649530410767,8328,7604,10764,-321,-228,139,7780,-7868,11148,44,136,-202,-13352,3124,6968,-1026,7,-171,-13568,-6192,6032,-422,188,-82,0
2640.4001610279083,8432,7704,10888,-283,-248,187,7712,-7580,11112,39,96,-232,-13240,3152,7136,-770,162,-182,-13628,-6248,6092,-442,179,-38,0
2640.4357290267944,8408,7776,11036,-266,-288,176,7848,-7916,10756,-14,76,-243,-13340,3240,6768,-988,171,-174,-13708,-6212,5632,-442,206,-45,0
2640.47172498703,8328,7772,10860,-258,-285,210,7804,-7796,11184,-27,65,-233,-13312,3144,6840,-943,176,-131,-13708,-6220,5932,-444,159,-21,0
2640.5076961517334,8420,7776,10672,-203,-244,206,7792,-7768,11000,-28,69,-206,-13340,3232,7004,-956,160,-119,-13580,-6228,6052,-453,154,-59,0
2640.5428309440613,8500,7808,10752,-272,-247,228,7904,-7796,11064,-29,108,-175,-13304,3180,6952,-1018,153,-88,-13540,-6284,6016,-469,110,-49,0
2640.5786259174347,8320,7720,10768,-235,-161,195,7852,-7856,11080,-66,91,-177,-13340,3184,6976,-968,142,-48,-13668,-6188,5996,-767,94,-81,0
2640.6137819290166,8344,7716,10880,-286,-204,178,7904,-7880,11240,-48,141,-191,-13272,3160,7000,-984,82,-132,-13496,-6304,6008,-488,147,-80,0
2640.6497089862823,8208,7816,10840,-253,-216,161,7780,-7848,11156,-28,61,-246,-13268,3108,6952,-954,124,-132,-13580,-6272,6020,-423,197,-62,0
2640.6848089694977,8336,7692,10780,-279,-308,170,7796,-8032,11008,-32,100,-259,-13324,3224,7076,-990,85,-199,-13628,-6220,6000,-367,232,-41,0
2640.7203109264374,8468,7712,10716,-289,-328,182,7816,-7896,11176,-76,131,-251,-13236,3160,6940,-989,40,-121,-13348,-6396,6064,-414,203,-32,0
2640.757040023804,8356,7736,10892,-192,-233,169,7876,-7888,10972,-65,114,-219,-13212,3156,6668,-991,31,-108,-13604,-6244,5980,-422,177,-61,0
2640.790466070175,8328,7676,10900,-182,-168,142,7908,-7816,11032,-92,139,-209,-13344,3140,7036,-1033,15,-87,-13644,-6184,5924,-394,188,-94,0
2640.823849916458,8504,7736,10728,-145,-119,127,7924,-7848,11240,-61,164,-156,-13216,3156,7136,-1051,-23,-63,-13656,-6248,6000,-349,224,-124,0
2640.8576200008392,8696,7472,10704,-147,18,87,7896,-7836,10992,-72,119,-122,-13316,3220,6824,-992,117,-102,-13736,-5936,5968,-367,188,-114,0
2640.8908021450043,8440,7764,10892,-94,22,50,7904,-7788,10896,-47,250,-138,-13180,2824,6940,-1120,-73,-75,-13700,-6168,5988,-391,185,-155,0
2640.924139022827,8424,7684,10920,-107,-1,58,7832,-7784,10936,-22,237,-166,-13232,3120,6996,-1088,-17,-83,-13632,-5928,6116,-351,226,-97,0
2640.957839012146,8528,7716,10920,-143,-79,69,7896,-7852,11244,-35,250,-188,-13112,3072,7104,-1111,9,-73,-13756,-6164,5908,-350,193,-137,0
2640.991430044174,8224,7672,10868,-103,-87,59,7932,-7840,11180,-30,189,-165,-13332,3180,7044,-1098,39,-39,-13652,-6216,6068,-404,161,-141,0
2641.024960041046,8280,7840,10636,-19,20,49,7840,-7816,11064,-58,177,-135,-13244,3148,7080,-1133,-70,-46,-13720,-6208,6096,-395,249,-146,0
2641.058619976044,8396,7720,11160,-125,209,15,7836,-7876,10936,39,224,-138,-13168,3180,7028,-1145,-135,-58,-13652,-6188,6016,-447,225,-170,0
2641.0919070243835,8320,7716,10904,-61,89,19,7708,-7852,11116,13,272,-124,-13228,3164,7104,-1076,-100,-47,-13400,-6248,6072,-496,205,-185,0
2641.12544798851,8404,7780,11048,-131,9,33,7740,-7928,10936,86,306,-148,-13164,3144,7076,-1004,-99,-41,-13648,-6076,6052,-496,163,-159,0
2641.1585450172424,8352,7696,10812,-50,-36,34,7688,-7940,11032,79,275,-155,-13240,3188,7092,-1103,-45,-53,-13628,-6296,5944,-475,206,-169,0
2641.192100048065,8312,7764,10752,-34,-131,34,7456,-7952,11060,144,0,-194,-13276,3124,6940,-1124,8,-74,-13544,-6192,5920,-506,151,-173,0
2641.2255051136017,8288,7808,10684,131,202,46,8036,-7924,11504,-7,-24,-184,-13224,3148,7260,-1109,21,-94,-13664,-6260,6136,-480,169,-131,0
2641.2593250274654,8240,7844,10964,-41,8,27,7664,-7860,11104,27,203,-175,-13288,3144,7068,-1076,40,-84,-13648,-6184,5972,-531,166,-153,0
2641.292886018753,8416,7816,11000,-97,-34,43,7936,-7724,10880,32,229,-183,-13164,3188,6836,-981,58,-32,-13688,-6144,6016,-767,13,-154,0
2641.326544046402,8220,7772,10896,-167,-115,41,7848,-7872,11016,54,211,-172,-13348,3252,7048,-1003,-242,-21,-13692,-6080,5868,-531,12,-162,0
2641.360034942627,8368,7812,10812,-63,-121,47,7792,-7764,10980,51,263,-139,-13220,3112,7144,-1078,61,-51,-13568,-6252,6028,-501,255,-174,0
2641.393518924713,8252,7904,10944,71,34,38,7752,-7848,11020,-55,153,-154,-13060,2856,7244,-1098,56,-75,-13704,-6236,6052,-487,46,-185,0
2641.4271509647374,8388,7820,10932,-91,-31,46,7680,-7684,11236,-22,4,-129,-13156,3220,6940,-1136,97,-19,-13672,-6160,6036,-493,50,-142,0
2641.460602045059,8332,7868,10864,-68,254,77,7664,-7876,11052,-57,169,-123,-13300,3156,7100,-1071,79,-255,-13596,-6348,6012,-500,251,-112,0
2641.4942710399628,8256,7872,10996,-60,6,105,7628,-7864,11096,3,112,-108,-13180,3040,7260,-1051,150,-21,-13660,-6384,6088,-497,-84,-146,0
2641.527904987335,8308,7888,10956,-81,42,90,7744,-7848,11080,-39,145,-129,-13128,3164,6936,-1011,143,-57,-13584,-6260,6160,-459,-16,-125,0
2641.5614509582524,8276,8112,10832,-93,7,72,7924,-8136,11068,-44,152,-141,-13264,3220,7244,-1003,109,-65,-13732,-6220,6024,-490,35,-173,0
2641.59495306015,8316,7880,10776,-160,245,74,7700,-7868,11100,-31,161,-177,-13232,3140,7060,-1026,105,-93,-13616,-6264,6152,-509,115,-107,0
2641.628415107727,8028,7692,10992,-108,-47,103,7740,-7732,11072,-28,103,-186,-13204,3108,7324,-1002,186,-69,-13548,-6220,6040,-501,102,-155,0
2641.6618599891663,8268,7920,10716,-102,-48,96,7644,-7808,11120,-61,95,-195,-13304,3096,7192,-1036,175,-133,-13696,-6188,6064,-479,74,-120,0
2641.6954960823055,8264,7828,10816,-127,-35,90,7736,-7852,10952,-32,112,-181,-13216,3276,7060,-1034,112,-129,-13396,-6288,6028,-484,78,-137,0
2641.7292280197144,8216,7868,10856,-125,26,98,7812,-7684,11176,-41,146,-142,-13184,3088,7148,-1027,95,-78,-13600,-6276,5928,-452,82,-132,0
2641.7626190185547,8340,8004,11016,-162,19,107,7780,-7772,11092,-33,156,-155,-13312,3144,7184,-1004,76,-41,-13560,-6236,5940,-475,99,-110,0
2641.799160003662,8292,7952,10844,-152,-49,113,7720,-7820,11184,-97,158,-157,-13220,3100,7184,-1028,55,-84,-13576,-6220,6012,-440,90,-130,0
2641.8342010974884,8324,7864,10840,-170,-46,103,7680,-7840,11200,-64,157,-139,-13184,3112,7152,-1257,87,-45,-13732,-6256,5952,-425,147,-109,0
2641.869921922684,8164,8012,10868,-211,-50,151,7776,-8000,11108,-53,123,-185,-13268,3164,7188,-1038,95,-132,-13536,-6156,5888,-448,171,-70,0
2641.9051880836487,7976,7948,10704,-184,-125,135,7748,-7924,11232,-78,114,-219,-13164,3084,7400,-950,131,-124,-13748,-6332,6136,-460,146,-66,0
2641.940736055374,8312,7972,10764,-189,-170,134,7736,-7880,11112,-62,60,-241,-13220,3248,7196,-991,141,-158,-13780,-6220,6288,-442,181,-85,0
2641.9755771160126,8232,7896,10688,-223,-219,128,7680,-7760,11076,-113,91,-253,-13120,3144,7144,-951,67,-111,-13648,-6236,6172,-442,184,-94,0
2642.011397123337,8288,7728,10588,-200,-182,170,7916,-7860,10808,-48,70,-214,-13232,3204,7248,-947,110,-130,-13596,-6208,6148,-467,111,-55,0
2642.0474491119385,8284,7776,10780,-218,-139,193,7756,-7828,11024,-34,69,-181,-13224,3200,7176,-1003,57,-149,-13596,-6272,6032,-481,145,-74,0
2642.0827319622044,8316,7924,10644,-512,-169,192,7788,-7828,11112,-48,74,-215,-13200,2920,7192,-1011,121,-121,-13748,-6256,6084,-435,135,-105,0
2642.1185920238495,8316,7692,10980,-229,-202,154,7896,-7856,11256,-111,62,-235,-13240,3120,7148,-922,114,-126,-13628,-6400,6120,-446,200,-91,0
2642.153888940811,8388,7808,10932,-508,-209,171,7808,-7912,11040,-97,58,-243,-13248,3144,6996,-953,116,-119,-13628,-6116,6036,-423,149,-53,0
2642.189345121384,8336,7888,10552,-202,-188,214,7816,-7824,11080,-80,38,-188,-13192,3180,7020,-959,122,-97,-13716,-6180,6044,-382,42,-69,0
2642.224543094635,8312,7892,10968,-253,-92,184,7772,-7880,11004,-96,17,-136,-13200,3048,7084,-959,147,-73,-13732,-6252,6020,-368,11,-79,0
2642.259796142578,8404,7912,10820,-302,-46,172,7744,-7912,11128,-125,64,-153,-13200,3136,7164,-920,100,-66,-13816,-6396,6388,-391,13,-65,0
2642.295083999634,8312,7860,10780,-246,-101,164,7808,-7880,11012,-93,-6,-176,-13248,3184,7132,-980,150,-112,-13616,-6144,6052,-380,124,-35,0
2642.3303949832916,8308,7764,10896,-265,-138,161,7708,-7844,11068,-112,-80,-213,-13252,3116,6880,-875,149,-84,-13628,-6344,6376,-461,70,-64,0
2642.3659269809723,8328,7744,10860,-173,-110,189,7720,-7720,10936,-136,-25,-168,-13544,2900,7132,-963,36,-133,-13344,-6108,6136,-347,79,-89,0
2642.4008500576015,8308,7768,10976,-510,-133,154,7752,-7984,10952,-46,46,-178,-13336,3136,7304,-971,-36,-91,-13572,-5896,6104,-8,16,-41,0
2642.4374771118164,8360,7560,11228,-283,-284,140,7828,-7968,10960,-80,125,-180,-13248,3184,7072,-1111,-74,-128,-13576,-6088,6360,68,19,-37,0
2642.4710299968724,8332,7856,10660,-201,-101,112,7816,-7916,11092,-121,0,-220,-13204,3168,7000,-847,1134,-347,-13732,-5892,6364,-120,-159,-94,0
2642.5043470859528,8264,7800,10508,-88,-24,106,7848,-7692,11004,-166,43,-163,-13216,3108,7164,-1218,25,-10,-13572,-6064,6304,-291,-131,-122,0
2642.5380280017853,8364,7800,10984,-97,-18,84,7872,-7724,10848,-270,-9,-113,-13144,3124,7028,-1137,10,-244,-13788,-6020,6196,-435,-208,-159,0
2642.5716450214386,8396,7748,10808,64,32,65,8156,-8124,10804,-303,15,-136,-13132,3116,7076,-1014,367,-22,-13592,-6032,6276,-460,-196,-136,0
2642.6050939559937,8432,7816,10512,59,21,58,7676,-7892,11040,-198,107,-70,-13284,3080,7304,-1064,123,227,-13640,-6376,6240,-444,-159,-153,0
2642.6382179260254,8656,7848,10752,87,76,18,7916,-7948,10876,-158,169,-114,-13236,2884,6980,-978,279,9,-13544,-6140,6232,-547,-82,-170,0
2642.671918153763,8272,7956,10524,30,135,14,7792,-7920,11116,-208,184,-135,-13192,2832,7252,-998,419,-3,-13624,-6000,6240,-496,-22,-119,0
2642.7056410312653,8284,7920,10796,20,108,29,7728,-7968,11136,-183,152,-117,-13216,3132,7208,-1037,327,-17,-13328,-5916,6416,-544,254,-132,0
2642.739202976227,8224,7916,10708,-14,148,40,7752,-8028,10820,-159,199,-123,-13308,3088,7228,-1142,350,-101,-13444,-6268,6352,-480,-39,-137,0
2642.772346973419,8420,7912,10840,-15,158,70,7776,-8192,10888,-96,219,-125,-13540,3100,7308,-1101,286,-61,-13488,-6104,6232,-501,27,-120,0
2642.805899143219,8400,7928,10960,5,89,22,7848,-8000,11168,-123,248,-99,-13252,3224,7072,-1076,147,-4,-13672,-6064,6540,-440,18,-130,0
2642.839205980301,8436,7968,10620,-109,196,49,7880,-8028,10852,-78,167,-94,-13264,3256,7184,-1050,198,-11,-13536,-6008,6440,-383,26,-131,0
2642.8727040290833,8124,7968,10984,-54,213,79,7852,-8132,11172,-95,201,-58,-13232,3084,6992,-1064,163,-56,-13464,-6128,6336,-444,115,-124,0
2642.9064190387726,8260,7956,10812,-81,195,60,7784,-8012,10948,-15,134,-84,-13388,3216,7028,-1084,129,-78,-13824,-6108,6468,-386,117,-119,0
2642.940045118332,8280,8004,10784,-106,190,61,7788,-8020,10904,-67,228,-94,-13536,3128,7220,-1043,121,-36,-13524,-6164,6360,-256,186,-139,0
2642.9734280109406,8200,7992,10928,-147,214,26,7776,-8072,10952,-71,157,-93,-13212,3088,6980,-1100,152,-49,-13532,-6128,6260,-286,318,-161,0
2643.007105112076,8160,8164,10996,-121,105,65,7700,-7960,10896,-25,167,-154,-13296,3068,7064,-1106,169,-109,-13476,-6060,6296,-130,421,-118,0
2643.0404930114746,8172,7952,10696,-139,113,100,7736,-8004,11172,-26,105,-141,-13244,3044,7068,-1170,147,-96,-13584,-6120,6516,275,369,-30,0
2643.073953151703,8104,8040,10532,-149,79,136,7884,-8032,10864,-91,78,-143,-13308,3036,7176,-1241,89,-68,-13616,-6136,6348,-3,382,-60,0
2643.107666015625,8104,7948,10924,-91,60,75,7780,-7996,10980,-83,125,-125,-13264,3168,6996,-1150,74,-55,-13544,-6096,6340,-425,266,-139,0
2643.140844106674,8144,8068,11040,-42,-14,70,7800,-7952,10856,-14,157,-158,-13220,3048,7100,-1077,95,-68,-13536,-6076,6416,-638,183,-184,0
2643.1740131378174,8224,7936,11120,-53,-39,64,7804,-7972,11056,14,165,-156,-13544,3260,6976,-943,99,-85,-13520,-6172,6284,-721,177,-168,0
2643.2075679302216,8260,8064,10732,-73,-41,48,7760,-8040,11052,-54,188,-169,-13264,3276,7360,-897,54,-62,-13596,-6056,6256,-618,194,-149,0
2643.2408549785614,8036,7968,10792,-44,-79,77,7804,-8008,10972,-79,112,-156,-13264,3068,7068,-959,19,-31,-13392,-5892,6372,-210,252,-61,0
2643.2742540836334,8168,7768,10900,253,-25,61,7868,-8048,10892,-35,129,-157,-13336,3104,6928,-1006,30,-128,-13644,-6000,6408,-291,245,-74,0
2643.3077149391174,8148,7712,10800,-2,38,57,7728,-8136,10988,-10,166,-127,-13264,3120,6912,-1001,46,-87,-13560,-6104,6412,-397,212,-101,0
2643.3411860466003,8104,8064,10908,-38,17,47,7880,-8024,11052,-8,127,-165,-13300,3120,7148,-920,72,-89,-13528,-6080,6392,-577,216,-109,0
2643.3743760585785,8056,7972,11000,-101,-24,59,7776,-8052,11080,-20,148,-177,-13196,3092,7320,-893,53,-56,-13684,-6080,6160,-500,226,-97,0
2643.4075870513916,8008,7988,10788,-130,-24,96,7804,-8052,11216,64,116,-185,-13276,3120,7072,-961,64,-84,-13532,-5972,6272,-498,316,-100,0
2643.441081047058,8100,7984,10972,-310,60,87,7648,-8064,10948,174,165,-170,-13264,3160,7012,-991,47,-130,-13628,-6044,6280,-496,334,-125,0
2643.477762937546,8092,8188,10952,-232,137,70,7760,-8048,11040,129,177,-144,-13232,3308,7312,-957,96,-47,-13628,-6140,6380,-586,222,-99,0
2643.512830018997,8136,8124,10756,-258,143,59,7800,-8024,10832,119,128,-181,-13304,3032,7036,-896,97,-90,-13316,-5928,6264,-603,180,-113,0
2643.548938035965,8036,8104,10860,-268,198,64,7680,-7916,10912,138,121,-157,-13288,3132,7028,-918,88,-60,-13556,-6004,6284,-575,185,-116,0
2643.5844140052795,7968,8024,11144,-196,171,79,7792,-8040,11000,152,127,-152,-13308,3180,7080,-834,63,-57,-13564,-6112,6160,-525,68,-120,0
2643.620120048523,8036,8096,10944,-197,142,97,7684,-7988,10828,107,141,-177,-13364,3188,7084,-831,79,-39,-13396,-6332,6332,-452,47,-112,0
2643.6553180217743,8000,8068,10804,-212,155,94,7912,-7688,11092,52,170,-200,-13328,3124,7108,-836,55,-107,-13568,-5976,6352,-410,133,-139,0
2643.690737962723,7940,8180,10764,-183,158,86,7812,-7952,10924,87,199,-189,-13332,3172,7020,-834,45,-84,-13632,-5960,6348,-452,7,-155,0
2643.726201057434,8088,7952,10996,-301,380,99,7628,-8000,10912,109,149,-246,-13320,3172,7044,-803,91,-103,-13408,-6000,6208,-560,-98,-168,0
2643.7622051239014,7884,7992,10672,-447,447,133,7680,-8044,10948,107,152,-226,-13336,3220,7152,-864,87,-98,-13552,-5932,6428,-454,-34,-141,0
2643.7974140644073,7968,8020,10896,-304,268,131,7476,-8184,10924,80,130,-229,-13292,3156,7292,-961,111,-75,-13604,-6028,6536,-505,-42,-179,0
2643.8334069252014,7876,8048,11240,-231,49,96,7848,-7892,11068,53,171,-210,-13264,3136,7040,-997,124,-69,-13544,-6104,6408,-500,34,-155,0
2643.8692929744725,7784,7984,10984,-114,-94,112,7828,-7888,10960,20,171,-191,-13244,3172,7052,-1017,88,-57,-13600,-6088,6368,-438,43,-125,0
2643.9043641090393,7860,8120,11096,-159,57,104,7784,-7756,11052,-6,138,-195,-13256,3108,7148,-973,135,-31,-13348,-6084,6432,-401,-36,-138,0
2643.9397470951085,8072,7980,10852,-177,44,99,7800,-8012,11112,-30,129,-187,-13316,3188,7152,-1001,79,-45,-13488,-6004,6360,-451,-255,-139,0
2643.975095033645,7812,8176,10960,-142,-60,120,7720,-8188,11156,68,130,-188,-13204,3180,7004,-1027,176,-124,-13548,-6400,6168,-399,143,-91,0
2644.010801076889,7676,8088,10800,-63,-127,137,7668,-7884,11092,248,88,-219,-13172,3124,7128,-1087,151,-130,-13516,-6072,6568,-389,157,-97,0
2644.0461571216583,7820,7928,11152,-164,-100,144,7728,-7924,11072,-26,90,-232,-13348,3192,7108,-1038,150,-113,-13588,-6032,6312,-418,182,-103,0
2644.0820090770726,7856,8004,11144,-202,-150,179,7772,-7920,11008,28,50,-230,-13196,3164,7128,-1074,181,-140,-13628,-6056,6512,-430,219,-103,0
2644.117576122284,7872,7984,10984,-196,-126,185,7696,-7692,10768,37,55,-180,-13228,3084,7164,-1082,201,-126,-13324,-6060,6492,-422,187,-74,0
2644.1524930000305,8076,7996,10912,-137,-138,160,7832,-7892,11172,-35,59,-217,-13304,3148,7248,-1072,206,-120,-13632,-6388,6556,-458,205,-114,0
2644.1860361099243,7944,8056,10944,-231,-85,141,7664,-7948,11088,-26,81,-175,-13076,3308,7120,-1083,143,-105,-13484,-6072,6352,-474,211,-132,0
2644.219784975052,7832,7960,10692,-222,-149,159,7840,-7924,10764,28,98,-202,-13224,3196,7148,-1085,158,-173,-13436,-6056,6456,-467,0,-112,0
2644.253361940384,7920,8052,11160,-174,-197,159,7804,-7800,11220,27,62,-248,-13296,3176,6848,-1105,172,-175,-13524,-6008,6300,-473,328,-74,0
2644.2868599891663,7876,7980,10780,-212,-283,188,7836,-7920,11200,45,57,-269,-13356,3132,6988,-1087,208,-132,-13636,-6092,6428,-489,315,-68,0
2644.320461034775,8152,7680,11116,-239,-508,183,7816,-7884,11076,24,51,-251,-13340,3088,7072,-1065,250,-139,-13608,-6072,6496,-463,284,-104,0
2644.3538849353786,7684,7976,10976,-284,-275,209,7868,-7864,11056,-14,73,-226,-13068,3120,7088,-1026,187,-131,-13328,-6044,6168,-465,269,-85,0
2644.3872051239014,7964,7904,11096,-306,-242,194,7772,-7796,10988,254,89,-231,-13360,3100,7044,-1022,225,-158,-13588,-6044,6264,-488,255,-87,0
2644.4205989837646,7888,7956,10984,-269,-216,168,7940,-7944,10936,-1,84,-201,-13344,3092,7152,-1031,161,-112,-13564,-6100,6280,-507,510,-92,0
2644.4539880752563,7876,7984,11060,-275,-220,167,7796,-7824,10772,6,107,-216,-13316,2816,7160,-1038,186,-110,-13344,-6000,6568,-489,227,-92,0
2644.4874329566956,7936,8020,10968,-235,-208,173,7844,-7892,11100,11,79,-205,-13280,3040,7084,-769,165,-142,-13536,-6036,6240,-524,229,-85,0
2644.5207870006566,8048,7952,10952,-243,-196,177,7904,-7824,11004,46,136,-195,-13376,3060,7328,-1040,134,-82,-13616,-6008,6300,-508,241,-105,0
2644.5543639659886,8064,7832,10892,-252,-218,178,7824,-7900,11204,51,128,-183,-13164,3108,6928,-1031,149,-114,-13408,-5992,6284,-496,234,-97,0
2644.5876979827885,7952,7784,10984,-241,-205,204,7840,-7856,10976,39,164,-177,-13552,3272,7092,-775,149,-106,-13752,-6020,6220,-537,240,-119,0
2644.621153116226,7932,7852,10936,-221,-251,189,7820,-7840,10992,42,201,-176,-13248,2988,7100,-1009,91,-132,-13560,-6016,6352,-513,214,-81,0
2644.654408931732,8060,7956,11048,-225,-198,166,7684,-7868,11236,27,237,-184,-13352,3044,7060,-1039,109,-68,-13572,-6060,6224,-484,197,-123,0
2644.6875751018524,8056,7680,10852,-229,-151,127,7760,-7836,10960,10,120,-219,-13348,3084,7108,-987,148,-57,-13632,-5956,6248,-505,210,-106,0
2644.721092939377,7992,7724,10760,-199,-143,111,7804,-7876,11036,22,170,-183,-13252,3056,7012,-1003,154,-99,-13672,-5996,6108,-768,153,-113,0
2644.7545149326324,8056,7900,10992,-180,-131,112,7784,-7740,11108,254,147,-160,-13268,3008,7104,-1027,117,-100,-13628,-6032,6256,-509,173,-113,0
2644.7904081344604,8048,7812,10940,-161,-80,110,7812,-7912,11092,-24,133,-175,-13264,3080,6792,-1029,128,-56,-13600,-5992,6184,-519,183,-132,0
2644.82426905632,8100,7684,10936,-126,-30,107,7900,-7820,10932,-2,142,-158,-13372,3000,6908,-1070,92,-47,-13660,-5988,6272,-528,187,-161,0
2644.8578829765324,8168,7764,10900,-137,-8,85,7924,-7804,10760,249,177,-131,-13368,3004,6924,-1076,122,-52,-13668,-6052,6092,-499,133,-155,0
2644.8911571502686,8160,7892,10848,-130,36,98,7684,-7812,10924,-9,173,-167,-13284,2936,7144,-1276,125,-93,-13624,-6020,6264,-476,163,-163,0
2644.924518108368,8100,8024,10792,-115,18,87,7776,-7840,10772,-89,147,-143,-13384,3136,7120,-1031,112,-34,-13632,-6068,6280,-495,145,-149,0
2644.9580681324005,7976,7820,11104,-77,39,46,7832,-7892,11216,-32,193,-130,-13348,3104,7176,-1031,56,-15,-13624,-6032,6224,-768,109,-207,0
2644.991665124893,8024,7860,11000,-167,42,48,7692,-7900,10964,47,230,-90,-13240,3080,7220,-1089,53,-20,-13696,-6100,6284,-484,74,-160,0
2645.0253801345825,7904,7952,10944,-13,110,80,7672,-7800,11008,40,236,-92,-13380,2944,7084,-1071,73,-77,-13668,-6108,6264,-455,103,-190,0
2645.0589470863342,7992,7844,10984,-136,9,52,7776,-7936,11112,39,225,-101,-13392,3080,7068,-1080,126,-85,-13652,-5968,6236,-483,160,-152,0
2645.092399120331,8004,7844,10940,-77,55,75,7756,-7840,11156,62,256,-70,-13548,3116,7052,-1075,142,-77,-13488,-6032,6264,-495,167,-182,0
2645.1258070468903,7724,7724,11076,-93,46,65,7736,-7820,11056,73,208,-103,-13312,3044,7028,-1091,63,-11,-13624,-6108,6424,-466,98,-172,0
2645.161921977997,7952,7968,10964,-147,57,66,7764,-7832,11144,42,262,-73,-13308,2856,6968,-1105,131,-50,-13332,-6088,6380,-444,56,-180,0
2645.1980080604553,7980,7932,11012,-125,63,51,7712,-7940,11028,244,244,-113,-13120,3036,7012,-1056,67,241,-13704,-5996,6280,-463,59,-179,0
2645.233425140381,7968,7956,10848,-145,41,70,7772,-7840,11148,38,158,-138,-13296,2940,6972,-1050,105,-43,-13524,-6068,6268,-475,122,-126,1
2645.2692430019374,7868,7720,10820,-158,39,103,7488,-7856,11068,-18,139,-160,-13212,3068,7160,-1073,144,-52,-13432,-6060,6216,-466,94,-129,1
2645.3051249980927,7728,7960,10936,-138,31,100,7836,-7892,11008,-11,156,-124,-13416,3084,7048,-1090,141,-29,-13676,-6076,6348,-473,119,-137,1
2645.340371131897,8064,7976,10928,-155,252,82,7728,-7848,11148,8,163,-129,-13364,3040,7156,-1121,96,-59,-13592,-6052,6268,-508,146,-132,1
2645.375524997711,7792,7944,11084,-136,19,89,7692,-7864,11160,252,145,-125,-13384,2820,7140,-1059,108,-60,-13588,-6144,6360,-484,105,-129,1
2645.4116039276123,7868,7984,11008,-150,37,104,7860,-7860,10896,-11,116,-145,-13252,3104,7012,-1045,101,-70,-13344,-6076,6392,-441,116,-131,1
2645.447530031204,7680,7968,11068,-181,12,95,7640,-7892,11096,-54,96,-146,-13288,3296,6744,-1016,120,237,-13804,-6024,6368,-456,91,-120,1
2645.48265004158,7824,8048,10984,-200,17,73,7652,-7816,11100,-50,75,-193,-13204,3016,6948,-976,176,-36,-13744,-6060,6304,-438,126,-85,1
2645.51815700531,7804,7964,10980,-229,58,125,7632,-7816,11164,-43,29,-167,-13076,3124,7152,-990,217,-96,-13648,-5956,6340,-464,153,-75,1
2645.553589105606,7936,7988,11036,-211,5,106,7812,-7776,11020,-37,42,-174,-13352,2948,7028,-998,214,-67,-13796,-6060,6376,-483,194,-115,0
2645.589322090149,7732,7904,10824,-210,10,103,7732,-7828,11144,-14,107,-195,-13280,3108,7172,-1016,186,-86,-13328,-6044,6352,-521,188,-123,0
2645.624398946762,7912,7980,11020,-150,-38,92,7872,-7836,11088,7,110,-186,-13344,3044,6956,-1014,140,-71,-13588,-6116,6164,-489,185,-88,0
2645.660243988037,7908,8020,11152,-136,13,127,7724,-7688,10980,-45,95,-181,-13356,3052,7056,-986,139,-75,-13376,-6088,6256,-258,191,-124,0
2645.6949989795685,8000,7956,11000,-195,-10,109,7816,-7836,11016,-24,115,-144,-13328,3140,6696,-1049,178,-15,-13588,-6080,6272,-535,163,-125,0
2645.730745077133,7872,8040,10880,-164,28,103,7740,-7784,11152,-32,91,-181,-13396,2940,6940,-1074,163,-8,-13636,-6152,6380,-480,171,-147,0
2645.7655460834503,7836,7980,10924,-163,-5,68,7808,-7852,11016,-58,137,-187,-13356,3116,7080,-970,99,-50,-13636,-6080,6264,-509,250,-139,0
2645.8032310009003,7684,7860,10936,-198,40,71,7732,-7860,11008,-52,170,-180,-13224,3092,7088,-998,111,-63,-13512,-6012,6264,-485,187,-97,0
2645.83691906929,7852,7948,10944,-141,8,91,7756,-7844,11108,-38,128,-167,-13064,2860,7152,-1038,116,-42,-13432,-6044,6296,-755,172,-122,0
2645.8703560829163,7932,8048,10960,-182,20,110,7716,-7852,11236,-57,167,-159,-13356,3092,7036,-998,112,-51,-13536,-6132,6224,-486,174,-131,0
2645.9037210941315,7820,8088,11200,-216,-17,67,7784,-7836,11160,-62,175,-177,-13372,3128,7068,-963,83,-58,-13340,-6024,6312,-494,144,-124,0
2645.937485933304,7800,8024,11128,-158,7,92,7668,-7864,11248,-31,157,-153,-13556,3052,6948,-1010,102,-69,-13384,-5988,6184,-524,160,-112,0
2645.9708430767055,7872,7984,10976,-157,-44,121,7788,-7784,10924,-11,167,-175,-13100,3048,7136,-1033,123,-124,-13820,-6060,6200,-768,187,-122,0
2646.0043540000916,7860,7820,10852,-181,-26,129,7756,-8132,11184,6,109,-158,-13336,3148,6704,-1041,168,-57,-13624,-6196,6324,-482,162,-71,0
2646.03791308403,7812,8168,10844,-219,-48,136,7720,-7764,11124,-25,118,-181,-13360,3168,6884,-1000,140,-65,-13488,-6080,6220,-504,191,-80,0
2646.071345090866,7932,7976,11108,-234,-41,163,7776,-7920,11164,4,139,-201,-13344,3128,7044,-1013,144,-110,-13596,-5984,6296,-485,214,-57,0
2646.104882955551,7808,8000,11212,-244,-135,138,7788,-7860,11096,8,114,-211,-13344,3096,7156,-1029,150,-185,-13584,-6152,6368,-477,226,-76,0
2646.138208150864,7792,8016,11124,-250,-172,167,7756,-7868,11244,-50,109,-209,-13304,3108,6924,-1034,159,-128,-13648,-6048,6440,-510,189,-74,0
2646.1716310977936,7768,7916,11040,-244,-175,159,7812,-7816,11128,-52,105,-209,-13328,3100,7128,-960,125,-116,-13572,-5956,6160,-501,176,-84,0
2646.2048621177673,7792,7900,11168,-283,-136,160,7440,-7796,11016,-30,122,-226,-13220,3132,7000,-772,109,-157,-13504,-6080,6284,-529,213,-110,0
2646.2384219169617,7720,7976,11056,-219,-130,145,7800,-7884,11028,17,73,-216,-13344,2988,7076,-1034,107,-164,-13544,-6164,6272,-533,227,-88,0
2646.2718219757085,7864,7988,11012,-204,-176,153,7820,-7824,11080,11,116,-225,-13312,2980,7096,-1018,165,-148,-13588,-6240,6204,-540,221,-83,0
2646.305540084839,7716,7708,11096,-240,-174,170,7768,-7808,11184,17,79,-229,-13304,3044,7024,-1021,180,-127,-13796,-6008,6268,-523,231,-68,0
2646.3391671180725,7876,7700,11016,-287,-225,193,7684,-7808,11028,-10,41,-245,-13104,2828,7184,-1005,169,-145,-13636,-6028,6168,-499,271,-67,0
2646.37250995636,8008,7780,11044,-304,-231,182,7860,-7536,11096,-34,69,-223,-13444,2960,7080,-966,177,-143,-13704,-6132,6260,-508,218,-50,0
2646.4059839248657,7736,7908,11084,-269,-206,169,7916,-7836,11120,-28,104,-189,-13416,3292,6796,-1002,163,-102,-13704,-6064,6224,-532,211,-87,0
2646.4397239685054,7844,7764,11084,-314,-182,163,7864,-7784,11024,255,89,-199,-13360,2988,6880,-1037,122,-120,-13696,-6068,6288,-533,199,-108,0
2646.473335981369,7836,7880,11016,-270,-119,167,7880,-7816,11076,-9,132,-195,-13316,2980,7088,-965,144,-79,-13732,-6144,6204,-507,198,-97,0
2646.5069069862366,7856,7908,11028,-200,-153,142,7784,-7816,11028,-31,128,-209,-13348,3052,6988,-983,137,-95,-13604,-6040,6264,-759,238,-88,0
2646.540508031845,7932,7916,11228,-317,-194,153,7772,-7756,10876,-32,81,-236,-13296,3032,6904,-980,148,-156,-13628,-6136,6192,-499,237,-37,0
2646.5740089416504,7932,7872,11012,-215,-206,203,7788,-7792,11108,-34,75,-211,-13484,3320,6916,-988,178,-71,-13632,-6052,6292,-506,185,-57,0
2646.6073939800262,7884,7836,10744,-268,-131,165,7756,-7824,11164,-30,105,-175,-13420,2992,7148,-964,142,-83,-13808,-6384,6324,-501,195,-82,0
2646.640757083893,7956,7928,11120,-269,-125,135,7748,-7756,11120,-64,122,-205,-13444,3052,6968,-985,118,-39,-13764,-6092,6128,-263,203,-75,0
2646.6745159626007,7944,7884,10908,-227,-132,143,7820,-7868,11140,-30,118,-187,-13392,3032,6992,-950,113,-89,-13396,-6052,6052,-577,238,-105,0
2646.7077739238734,7992,7848,11156,-202,-77,131,7804,-7876,10976,-13,147,-209,-13060,2980,7108,-988,163,-128,-13608,-6008,6144,-563,289,-74,0
2646.741279125213,7852,7744,11040,-235,-89,148,7804,-7788,11144,-18,110,-226,-13384,2820,6868,-994,182,-132,-13636,-5996,6100,-563,310,-98,0
2646.7748560905457,8096,7808,10812,-182,-90,112,7764,-7780,11020,-37,127,-190,-13560,2996,6836,-979,140,-95,-13672,-6036,6196,-520,303,-97,0
2646.8083059787746,7956,7776,11096,-164,0,106,7844,-7816,11040,-72,145,-179,-13352,3264,6816,-987,98,-66,-13740,-5968,6148,-574,330,-122,0
2646.8448090553284,8012,7876,11096,-162,55,78,7880,-7808,10924,-44,180,-166,-13384,2972,6924,-982,73,-84,-13684,-6060,6108,-549,322,-138,0
2646.8806500434875,8000,7820,10976,-145,30,78,7820,-7928,11000,-52,176,-151,-13344,2928,6820,-968,50,-60,-13732,-6204,6136,-515,328,-143,0
2646.9157330989838,7708,7888,11164,-110,75,54,7772,-7844,11052,-104,186,-183,-13340,2972,7024,-971,108,-85,-13656,-6052,6120,-508,324,-162,0
2646.951416015625,7872,7808,11044,-84,41,66,7844,-7788,10964,-86,154,-167,-13336,3152,6688,-947,51,-28,-13656,-5940,6020,-523,294,-154,0
2646.987692117691,7840,7928,11164,-50,65,60,7796,-7780,11028,-65,196,-138,-13416,3000,7120,-986,25,-39,-13728,-6024,6208,-262,248,-129,0
2647.022959947586,7708,7888,11172,-58,28,74,7452,-7804,11248,-32,238,-139,-13396,3044,7144,-986,19,-55,-13684,-6180,6196,-507,16,-159,0
2647.0592229366302,7844,7920,11184,-66,4,54,7736,-7816,11116,-41,223,-151,-13288,3040,6848,-1001,75,-36,-13432,-6056,5964,-503,236,-132,0
2647.0942859649654,7868,7860,11012,-71,45,44,7700,-7832,11192,-104,167,-141,-13272,3072,6992,-999,119,-83,-13644,-6080,5888,-464,214,-132,0
2647.129737138748,7896,7872,11160,-63,-4,82,7832,-7748,11184,-84,160,-150,-13352,3132,7052,-1018,9,-254,-13664,-6036,6164,-504,193,-174,0
2647.165004968643,7844,7800,10772,-121,-8,60,7804,-7744,11128,-60,153,-132,-13356,3124,7176,-1000,112,-30,-13728,-6084,6032,-489,166,-156,0
2647.201273918152,7928,7980,11136,-52,-34,57,7828,-7780,11040,-105,184,-101,-13376,3016,7024,-1011,92,-10,-13720,-6140,5948,-478,173,-172,0
2647.2362430095673,7916,7872,10996,-97,-73,46,7796,-7820,11172,-75,189,-151,-13428,2968,6912,-975,134,-10,-13652,-6076,5980,-457,203,-156,0
2647.2723770141606,7916,7920,11000,-93,-84,73,7708,-7812,11036,-90,144,-160,-13412,3216,6916,-1016,175,-34,-13684,-6056,6092,-460,163,-116,0
2647.3086750507355,7888,7896,10932,-84,-87,94,7792,-7876,11180,-56,120,-129,-13356,3044,7004,-1003,148,213,-13628,-6104,6020,-460,169,-137,0
2647.3441529273987,7832,7956,11056,-125,-82,73,7756,-7920,10852,-110,165,-146,-13408,3064,7076,-939,136,32,-13756,-6128,6236,-464,109,-129,0
2647.3797330856323,7888,7872,11028,-159,-76,91,7732,-7864,11120,-113,156,-136,-13348,3024,6672,-964,106,237,-13716,-6136,6068,-469,106,-146,0
2647.4149560928345,7828,7968,11104,-126,-90,99,7740,-7840,11036,-81,143,-147,-13340,3152,6944,-983,141,-238,-13560,-6128,6056,-505,168,-127,0
2647.4508950710297,7844,7940,10856,-146,-70,93,7728,-7788,11044,-55,80,-178,-13284,3036,7080,-989,193,-71,-13556,-6004,6252,-768,183,-105,0
2647.487915992737,8168,7876,10960,-112,-79,107,7696,-7828,11104,-70,157,-163,-13424,3180,6824,-972,158,-41,-13680,-6012,6020,-480,171,-123,0
2647.5216591358185,7796,8000,10924,-157,-48,99,7760,-7940,11044,-51,148,-172,-13400,2968,6944,-1007,145,-27,-13672,-6080,6052,-501,188,-103,0
2647.555323123932,7868,7896,11148,-137,-83,86,7752,-7848,10984,-68,152,-196,-13456,3100,7040,-1029,91,-54,-13712,-6060,6396,-513,190,-133,0
2647.5889360904694,7836,8176,11132,-132,-68,110,7812,-7912,10996,-62,159,-168,-13440,3116,7020,-1013,146,-100,-13644,-6112,6092,-499,173,-129,0
2647.6223940849304,8140,8024,11108,-153,-42,116,7756,-7796,11228,-95,135,-180,-13408,2832,7092,-994,145,-40,-13748,-6080,5972,-498,147,-131,0
2647.6556289196014,8168,7836,11256,-161,-10,54,7788,-7968,11132,-67,191,-155,-13416,3120,7060,-992,77,-48,-13772,-5912,5708,-544,122,-148,0
2647.689265012741,7848,7712,11140,-183,-65,91,7688,-7860,11056,-253,195,-152,-13300,3112,6860,-1275,122,-49,-13568,-6088,5992,-494,173,-127,0
2647.722501039505,7784,7964,10960,-164,-36,128,7800,-7976,10960,-23,121,-182,-13428,2996,6936,-1018,149,-89,-13380,-6092,5976,-484,168,-103,0
2647.756082057953,8116,7952,10816,-128,-51,96,7716,-7896,11184,-42,141,-198,-13372,3176,6924,-986,125,-96,-13756,-6064,5768,-491,167,-114,0
2647.7894580364227,7964,7928,10996,-219,-54,104,7632,-7920,11124,-42,123,-184,-13332,3084,7148,-960,137,-76,-13592,-6068,5904,-476,166,-68,0
2647.822916030884,7796,7884,10820,-147,-64,128,7492,-7804,11016,-15,121,-176,-13376,3060,6924,-989,115,-68,-13712,-6088,6116,-484,157,-72,0
2647.8565831184387,7844,7896,11004,-175,-63,122,7756,-7836,11092,-45,129,-167,-13488,2976,6928,-987,158,-55,-13640,-6384,6184,-444,153,-76,0
2647.8898510932922,7692,7988,11144,-256,-93,130,7716,-7720,11092,-36,147,-178,-13384,3316,7076,-977,144,-116,-13608,-6116,6000,-470,201,-62,0
2647.923524141312,7860,7716,11132,-272,-141,153,7708,-7856,11252,-8,148,-180,-13416,3140,7016,-997,131,-129,-13616,-6036,6052,-474,221,-79,0
2647.9571261405945,7728,8152,11008,-318,-188,164,7704,-7800,10936,18,106,-229,-13312,3068,6868,-1021,172,-138,-13608,-6076,6004,-506,258,-64,0
2647.990482091904,7744,7924,10924,-307,-224,205,7460,-7844,10952,249,89,-243,-13392,3156,6972,-1018,158,-134,-13696,-6076,5984,-507,280,-44,0
2648.0239610672,7832,7700,11040,-338,-223,193,7768,-7884,10992,13,49,-248,-13436,3120,6912,-1038,211,-161,-13700,-6072,6044,-490,511,-65,0
2648.0576729774475,7832,7880,11260,-329,-202,174,7732,-7852,11124,15,122,-241,-13564,3012,6720,-1013,174,-135,-13688,-6104,6016,-497,239,-89,0
2648.0908341407776,7688,8092,10980,-328,-188,193,7812,-7860,11096,0,113,-231,-13484,3012,6672,-1002,190,-133,-13700,-6144,5928,-499,3,-35,0
2648.124347925186,8176,7964,11132,-280,-237,163,7788,-7832,11176,-12,94,-236,-13496,3004,6808,-1013,185,-128,-13688,-6012,6020,-508,509,-64,0
2648.1576161384583,7928,7864,11068,-294,-235,178,7852,-7872,11128,14,108,-249,-13416,3124,6888,-1007,210,-184,-13740,-6096,6044,-544,242,-51,0
2648.19095993042,7936,7828,11012,-290,-252,179,7816,-7804,11136,-255,116,-233,-13400,2976,6724,-982,181,-164,-13688,-6048,6024,-514,5,-94,0
2648.224401950836,7984,7844,10928,-282,-232,186,7804,-7852,11212,2,94,-233,-13436,3104,6832,-1017,175,-113,-13704,-6092,5908,-502,230,-76,0
2648.2577500343323,8028,7912,11040,-297,-206,174,7760,-7800,11080,10,105,-230,-13356,3112,7084,-1009,179,-124,-13684,-6088,5912,-475,192,-87,0
2648.291039943695,7968,7820,10996,-287,-197,198,7704,-7808,10992,18,125,-241,-13360,3060,6924,-1042,176,-131,-13732,-5988,5964,-481,218,-55,0
2648.324438095093,8004,7844,11052,-276,-223,193,7832,-7864,10964,4,129,-216,-13404,3004,6956,-1002,186,-113,-13760,-6052,5912,-500,212,-83,0
2648.3581631183624,7992,7884,11128,-298,-245,197,7780,-7896,11060,249,101,-224,-13364,2952,6748,-983,176,-83,-13728,-6016,5952,-523,202,-92,0
2648.391279935837,8004,7872,11112,-234,-228,184,7872,-7836,11036,-7,103,-202,-13100,3008,7044,-1024,176,-81,-13724,-6096,5868,-544,189,-90,0
2648.4248340129852,7944,7852,10880,-235,-209,164,7788,-7848,11080,0,95,-213,-13460,2816,6868,-1002,166,-137,-13600,-6068,5964,-544,191,-96,0
2648.4585061073303,8072,7792,11164,-170,-161,136,7824,-7812,11016,-38,109,-205,-13420,3156,6784,-994,139,-48,-13776,-6000,5936,-544,183,-108,0
2648.4917590618134,8080,7804,10976,-192,-112,121,7848,-7836,11020,-57,133,-185,-13440,3012,6840,-1001,160,-57,-13708,-6000,5716,-530,188,-134,0
2648.528118133545,8020,7808,10836,-169,-41,97,7796,-7760,11008,-32,177,-182,-13464,2968,6924,-1002,71,-72,-13704,-6052,5936,-528,164,-159,0
2648.5638139247894,8020,7776,10976,-117,27,61,7840,-7784,11152,-38,185,-165,-13464,2952,6836,-1016,119,-42,-13828,-5992,5956,-523,182,-128,0
2648.5993089675903,8124,7860,10984,-103,2,86,7804,-7764,11076,-42,187,-172,-13540,2892,6404,-1014,87,-60,-13696,-6096,5660,-496,147,-155,0
2648.634698152542,8024,7748,11008,-148,3,73,7828,-7776,11108,-39,167,-165,-13504,3120,6756,-986,128,-37,-13900,-6344,5896,-531,117,-155,0
2648.680100917816,8020,7804,10888,-117,27,47,7932,-7800,11052,-45,213,-126,-13480,3132,6972,-979,-41,-28,-13740,-6068,5908,-587,174,-210,0
2648.7259900569916,7696,7880,10964,-119,9,64,7692,-7824,11212,-2,182,-132,-13500,3000,7020,-961,44,253,-13748,-6112,5884,-621,103,-191,0
2648.771404027939,7992,7912,11068,-104,-43,44,7692,-7884,11172,-67,0,-177,-13376,3256,6872,-923,34,-2,-13768,-6072,5868,-651,132,-171,0
2648.807191133499,8108,7920,11104,-128,-15,56,7844,-7780,11048,-95,207,-146,-13396,2964,6720,-938,75,-248,-13580,-6036,6056,-610,61,-150,0
2648.842250108719,7956,7884,11108,-86,-9,51,7824,-7784,11052,-86,214,-137,-13460,3156,7148,-927,49,-47,-13776,-6144,5980,-626,37,-178,0
2648.8781931400295,7684,8168,10772,-99,-26,32,7800,-7768,11132,-119,221,-130,-13448,3064,6776,-934,5,-4,-13740,-6044,5652,-618,2,-189,0
2648.9130020141606,7916,7900,11108,-116,-11,36,7712,-7848,11068,-114,212,-144,-13444,3116,6696,-905,46,-252,-13780,-6068,5656,-606,45,-147,0
2648.948347091675,7692,7840,11064,-111,-60,51,7776,-7820,11116,-77,182,-148,-13392,3128,6744,-989,52,-55,-13672,-6140,5924,-589,117,-190,0
2648.983966112137,8008,7756,11012,-79,-111,70,7736,-7828,10788,-67,180,-149,-13404,3060,6772,-973,104,-44,-13740,-6112,5948,-629,147,-158,0
2649.0197319984436,2000,8284,9496,272,23,128,7732,-8092,11128,-163,140,-170,-13428,3128,6648,-885,113,-4,-14024,-6084,5840,-687,72,-138,0
2649.0550060272217,8008,7884,11024,-100,-217,67,7744,-7916,11040,-165,173,-161,-13488,3072,6880,-885,76,-52,-13616,-6148,5916,-686,76,-187,0
2649.090414047241,7916,7972,10852,-71,-221,49,7708,-7872,11232,-175,175,-147,-13528,3152,6700,-934,29,-8,-13672,-6300,5780,-631,56,-179,0
2649.12566113472,7956,7984,10928,-53,-188,58,7788,-7780,11148,-144,154,-163,-13476,2816,6996,-956,54,16,-13644,-6216,5760,-570,37,-160,0
2649.1627409458165,7948,8036,10912,-71,-215,61,7720,-7868,11100,-158,131,-186,-13496,3116,6952,-947,65,-253,-13628,-6192,5968,-538,56,-136,0
2649.1960411071777,7712,8000,10796,-96,-180,54,7744,-7904,11168,-176,117,-187,-13416,3200,6868,-964,52,-242,-13692,-6180,5868,-570,9,-156,0
2649.2298040390015,7736,7936,11052,-69,-213,94,7704,-7912,11040,-173,105,-181,-13376,3156,7008,-1001,249,-20,-13604,-6180,5920,-560,38,-150,0
2649.263314962387,7924,7944,10908,-124,-213,88,7488,-7876,10804,-150,117,-192,-13256,3124,6780,-1279,39,-41,-13688,-6156,5932,-580,89,-125,0
2649.2966670989986,8000,7956,10884,-145,-209,98,7724,-7884,10860,-130,56,-194,-13456,3188,6788,-976,223,6,-13596,-6152,6128,-632,31,-110,0
2649.330202102661,7968,7944,10968,-237,-135,109,7736,-7892,10892,-5,164,-208,-13340,3232,6832,-919,160,-10,-13600,-6132,6116,-547,32,-102,0
2649.3637449741364,7968,7924,10948,-206,-135,149,7428,-8168,11200,69,115,-206,-13428,3188,6660,-921,239,-84,-13776,-6132,5808,-391,22,-15,0
2649.396872997284,8020,7720,10776,-150,-108,154,7896,-7924,11084,49,101,-189,-13504,3192,6840,-1033,326,-15,-13672,-6172,6124,-304,84,-36,0
2649.4302790164948,8036,7944,11080,-342,126,185,7744,-7872,11224,127,103,-104,-13392,3040,6844,-1104,2,42,-13716,-6228,5632,-64,41,-53,0
2649.46378493309,7940,7884,11208,-381,-77,239,7732,-7872,10968,233,94,-156,-13456,2992,6892,-1268,292,-36,-13712,-6196,5800,48,195,14,0
2649.4973340034485,8180,7904,11020,-392,-266,153,7904,-8160,10940,-253,172,-230,-13364,3144,6904,-1194,301,-129,-13608,-6168,6048,17,272,25,0
2649.530853033066,7956,8160,11076,-437,-291,162,7676,-8012,11044,150,237,-277,-13388,3308,6964,-1084,554,-133,-13752,-6096,5840,317,66,58,0
2649.563977956772,8116,7844,10972,-112,-324,184,7692,-7920,11256,11,186,-233,-13512,3204,7068,-1435,132,-98,-13676,-6052,5840,146,-55,-32,0
2649.5974349975586,8036,7684,10972,-181,-485,145,7576,-7784,10920,60,158,-244,-13108,3160,6768,-1324,-151,-9,-13588,-6052,6304,-648,-394,-146,0
2649.6309890747066,8044,7736,11196,-153,-458,112,7752,-7844,11140,114,49,-267,-13448,3272,6652,-940,15,-80,-13592,-5956,6208,-923,-571,-133,0
2649.6644749641414,8136,7864,10620,38,-224,138,7596,-7832,11036,109,38,-251,-13272,3196,6512,-605,164,-84,-13452,-6164,6072,-976,-345,-112,0
2649.698168992996,7912,7708,10904,-104,-42,215,7584,-7876,11068,30,-97,-276,-13392,3116,6748,-394,400,-131,-13596,-6148,6104,-810,-77,-64,0
2649.731763124466,8108,7900,10892,21,-162,257,7700,-7848,11124,-114,-112,-275,-13516,3132,6844,-426,454,-148,-13728,-6176,6084,-743,237,-41,0
2649.7648019790654,8132,7804,10772,-124,113,198,7868,-7764,11052,-89,-18,-10,-13568,3060,6936,-468,257,-232,-13760,-6088,6064,-547,319,-64,0
2649.8037660121918,8256,8004,11140,-265,-3,125,7852,-7764,11232,-90,125,-505,-13580,3124,6756,-573,186,-193,-13668,-6020,5972,-676,409,-117,0
2649.837641000748,7968,7836,11248,-337,69,138,7852,-7760,11092,-99,178,-227,-13592,3156,6724,-746,88,-142,-13780,-6112,6092,-686,394,-137,0
2649.8713290691376,7964,7860,11000,-320,-12,149,7732,-7844,11260,-132,145,-200,-13528,3212,6860,-892,76,-86,-13780,-6040,6044,-470,351,-88,0
2649.904463052749,8152,7804,11140,-380,185,119,7844,-7928,10968,-75,138,-192,-13464,3512,6860,-903,-254,-95,-13584,-6064,6104,-290,293,-101,0
2649.938310146332,8080,7856,11064,-406,449,147,7776,-7896,11040,34,199,-211,-13612,3232,6784,-890,-58,-155,-13516,-6092,6044,-473,387,-115,0
2649.9716601371765,7968,7824,10928,-420,575,161,7712,-7876,10888,69,194,-178,-13472,3156,6648,-938,-106,-152,-13560,-6132,5972,-561,428,-146,0
2650.0049891471863,8136,7864,10908,-428,367,223,7808,-7764,11008,64,210,-184,-13452,3180,6708,-934,-70,-114,-13584,-6224,6120,-718,353,-182,0
2650.0385971069336,7964,7780,11044,-245,69,139,7740,-7820,11144,-7,156,-214,-13420,3212,6748,-987,87,-81,-13668,-6172,6384,-900,76,-193,0
2650.072051048279,8000,7800,10840,-116,-278,155,7784,-7724,11080,-128,119,-210,-13484,3180,6404,-1079,231,-74,-13748,-6140,6164,-861,-115,-130,0
2650.105735063553,7936,7968,10996,-69,-317,143,7812,-7844,10800,-129,140,-186,-13512,3264,6748,-1170,205,-57,-13628,-6152,5956,-784,-51,-157,0
2650.1391060352325,7976,7828,10996,-194,-317,95,7956,-7968,11064,-78,193,-173,-13508,3220,6676,-1168,190,-73,-13648,-6160,5960,-791,-88,-202,0
2650.172322034836,5800,7720,10188,-94,-316,87,7892,-7880,11164,-58,220,-159,-13368,3192,6684,-1069,271,-54,-13664,-5936,5892,-873,-109,-225,0
2650.209277153015,8116,7812,11072,-125,-343,42,7896,-7828,11472,-148,229,-173,-13508,3240,6888,-1137,359,-64,-13676,-6136,6044,-833,-57,-211,0
2650.244975090027,8012,7772,10984,-75,-395,23,7456,-7912,10912,-107,185,-163,-13392,3208,6864,-1278,273,-90,-13724,-6180,6036,-839,34,-196,0
2650.280841112137,8004,7736,10816,-55,-430,111,7836,-7860,11068,-136,191,-116,-13460,3260,6724,-902,212,-7,-13652,-6212,6136,-978,80,-217,0
2650.3159489631653,8088,7852,11036,-66,-315,109,7724,-7776,11236,-172,93,-87,-13496,3304,6780,-410,177,11,-13564,-6236,5944,-1127,44,-257,0
2650.351329088211,8108,7844,10880,-60,-276,142,7732,-7948,11028,-310,1,-144,-13476,3224,6908,-927,-142,-45,-13552,-6380,6064,-596,203,-141,0
2650.3861899375916,8052,7852,11040,142,-349,98,7784,-7848,11092,-324,62,-157,-13564,3248,6440,-819,142,-95,-13600,-6424,5968,-742,157,-207,0
2650.4218261241913,8032,7960,10792,-121,-248,104,7600,-7888,11132,-215,72,-145,-13408,3220,6828,-723,177,-37,-13628,-6264,5972,-712,153,-163,0
2650.4580950737004,8200,7940,11052,-101,-133,71,7736,-7824,10880,-245,166,-165,-13408,3236,6684,-1014,100,-57,-13572,-6320,5952,-628,44,-108,0
2650.493366956711,7948,7836,10888,-68,-256,24,7836,-7932,10992,-224,214,-146,-13372,3220,6716,-1128,104,-51,-13620,-6312,6184,-564,-130,-142,0
2650.5292489528656,8188,7888,10948,-231,-298,60,8084,-7920,10904,-114,268,-120,-13452,3336,6460,-992,40,-25,-13588,-6244,5872,-655,4,-136,0
2650.5650210380554,7936,7840,11240,-158,-180,84,7816,-7972,11132,-107,249,-117,-13564,3288,6368,-1024,81,-76,-13816,-6284,6044,-579,55,-158,0
2650.6004209518433,7964,7884,10940,-67,-186,50,7760,-7684,11084,-113,175,-119,-13532,3212,6608,-941,140,-32,-13580,-6224,5948,-555,-12,-147,0
2650.6356549263005,8216,7896,10796,-67,-159,58,7716,-7896,10956,-167,192,-127,-13504,3272,6848,-914,88,-57,-13584,-6212,6076,-544,31,-162,0
2650.6717779636383,8076,7912,11004,-59,-170,31,7760,-7996,10968,-148,193,-127,-13516,3304,6596,-975,126,-46,-13504,-6348,6056,-537,62,-144,0
2650.707721948624,8180,8028,10852,-30,-79,45,7456,-7956,10896,-180,166,-141,-13396,3320,6804,-950,100,-76,-13500,-6360,5964,-580,18,-109,0
2650.7427949905396,8188,8040,11200,-42,-117,31,7432,-8012,11100,-237,177,-167,-13444,3384,6848,-964,24,-54,-13352,-6380,5988,-416,103,-103,0
2650.778692007065,8120,7848,11000,19,-93,22,7720,-8072,10824,-222,174,-169,-13316,3424,6760,-911,76,-52,-13496,-6424,6108,-563,12,-90,0
2650.8135969638824,8052,7996,10628,33,-274,37,7664,-7976,10920,-261,195,-160,-13352,3552,6756,-948,4,-82,-13664,-6240,5988,-433,86,-71,0
2650.8507199287415,8248,7916,10948,-107,-257,45,7676,-8152,10944,-218,248,-154,-13540,3112,6756,-1014,-18,-70,-13460,-6300,6116,-354,94,-90,0
2650.884155035019,8092,7960,10772,-131,-138,60,7700,-8080,10920,-162,225,-172,-13396,3280,6848,-982,-28,-86,-13660,-6292,6084,-344,28,-99,0
2650.917622089386,8216,8048,10748,-81,-167,14,7800,-8048,10964,-211,240,-180,-13504,3256,6748,-969,9,-102,-13596,-6288,6016,-291,69,-111,0
2650.9512419700623,8296,8032,10960,-221,-106,12,7772,-8092,11236,-128,270,-195,-13452,3256,6784,-1030,-101,-96,-13560,-6260,5964,-294,149,-98,0
2650.984887123108,8256,7972,10816,-153,-90,43,7692,-8096,10892,-144,320,-152,-13484,3268,6920,-1019,-72,-45,-13752,-6260,6052,-391,152,-122,0
2651.018305063248,8180,8108,10992,-125,-100,61,7860,-8008,10760,-80,1,-150,-13544,3256,6812,-1036,-18,-26,-13576,-6336,6088,-412,34,-135,0
2651.0518000125885,8196,8040,10804,-110,-94,32,7676,-8032,10900,-180,252,-150,-13448,3224,6844,-1109,-167,-77,-13472,-6280,6076,-270,201,-121,0
2651.0854711532593,8184,8056,10984,-240,-124,49,7588,-8060,11080,-120,281,-148,-13376,3284,6596,-1097,-102,-94,-13512,-6316,6160,-336,230,-101,0
2651.1191189289093,8016,8060,10660,-188,-157,48,7632,-8092,10908,-62,299,-183,-13340,3248,6812,-1101,-21,-81,-13516,-6336,6200,-425,160,-97,0
2651.1524450778966,8020,8052,10796,-129,-132,96,7632,-8068,10972,-4,221,-172,-13304,3340,6796,-1110,21,-13,-13484,-6276,6140,-392,82,-30,0
2651.186023950577,8120,8072,10952,-41,-110,135,7544,-8036,10944,-51,115,-193,-13280,3340,6804,-1056,60,-43,-13500,-6404,6028,-456,118,-88,0
2651.2193100452423,8104,7948,10932,-149,-96,106,7688,-8124,11120,-76,81,-183,-13524,3480,6764,-1037,49,-52,-13632,-6312,6068,-442,116,-105,0
2651.252841949463,8220,7796,10864,-173,-100,118,7748,-8096,10920,-39,160,-183,-13428,3264,6880,-1026,38,-58,-13616,-6264,6012,-451,141,-105,0
2651.286441087723,8208,7972,10888,-179,-96,119,7676,-8080,10924,-80,152,-173,-13284,3328,6788,-982,-48,-27,-13688,-6328,6036,-489,138,-126,0
2651.31978392601,8000,8072,10792,-206,-64,138,7652,-8080,11028,-101,126,-165,-13428,3496,6648,-966,51,-18,-13628,-6252,5948,-482,63,-106,0
2651.353446006775,7968,8044,10760,-163,-32,95,7848,-8092,10832,-115,173,-166,-13388,3352,6768,-990,54,-72,-13328,-6244,6032,-506,101,-133,0
2651.3870151042934,8248,8044,10832,-203,243,99,7680,-8144,10968,247,166,-160,-13452,3272,6740,-1002,56,-81,-13468,-6272,6360,-471,114,-102,0
2651.420496940613,8076,7968,10852,-177,-49,127,7616,-8008,10976,-17,117,-200,-13464,3524,6896,-1004,109,-121,-13420,-6244,6132,-551,159,-104,0
2651.4540169239044,8104,8060,10888,-166,-104,149,7588,-8152,11024,-26,111,-215,-13424,3320,7020,-1007,60,-106,-13596,-6236,6252,-496,212,-108,0
2651.4876420497894,8068,8064,10780,-228,-137,177,7596,-8036,10836,-1,110,-233,-13364,3316,6892,-1004,123,-127,-13608,-6296,6148,-518,213,-72,0
2651.521206140518,8092,8056,10732,-208,-119,145,7436,-8088,11124,-16,81,-225,-13348,3284,6936,-1010,93,-197,-13588,-6236,5920,-531,218,-96,0
2651.55472111702,7936,7864,10760,-213,-109,134,7552,-8152,11072,9,111,-222,-13416,3308,7020,-987,99,-200,-13472,-6332,6376,-516,256,-122,0
2651.5882899761204,8180,8012,10996,-215,-87,131,7664,-8128,10856,13,84,-243,-13160,3316,6840,-1014,170,-139,-13820,-6300,6036,-513,182,-92,0
2651.621743917465,8300,8016,10836,-196,-52,135,7688,-8128,11184,6,47,-204,-13484,3336,6700,-1043,158,-141,-13752,-6280,5888,-498,212,-70,0
2651.654997110367,8172,7716,10812,-181,-28,147,7668,-8152,10764,64,62,-226,-13452,3172,6696,-1060,204,-166,-13608,-6236,5988,-532,250,-75,0
2651.6886899471283,7944,7992,11004,-258,-123,182,7768,-8124,10924,56,56,-249,-13432,3288,6992,-770,202,-227,-13580,-6292,6040,-526,293,-80,0
2651.7223460674286,8320,8044,10828,-268,-158,179,7684,-8056,10972,75,19,-267,-13388,3240,6852,-997,161,-151,-13628,-6220,6068,-492,282,-67,0
2651.7558360099792,8208,8172,10564,-262,-143,191,7760,-8100,11048,25,-24,-261,-13556,3156,6864,-1068,253,-156,-13684,-6252,5980,-525,250,-67,0
2651.7894489765167,8208,8048,10752,-244,-153,202,7860,-7988,10976,25,-19,-282,-13548,3172,7128,-1013,179,-121,-13648,-6304,6008,-501,223,-90,0
2651.822690963745,8252,7924,10804,-299,-116,151,7944,-8016,11024,-5,146,-219,-13496,3340,6892,-1013,103,-152,-13652,-6344,6068,-527,181,-129,0
2651.8559150695805,8432,7956,10940,-349,-81,101,7664,-7988,10888,39,194,-196,-13368,3496,6688,-1007,-18,-111,-13548,-6292,6136,-555,214,-133,0
2651.8929030895233,8168,7980,10876,-234,-68,119,7732,-7916,10984,23,128,-178,-13436,3232,6720,-983,55,-179,-13328,-6288,6152,-534,251,-125,3
2651.9277091026306,8216,7980,10840,-249,-85,116,7480,-8040,10892,8,74,-204,-13508,3288,6908,-895,74,-135,-13732,-6256,5764,-527,265,-72,3
2651.9633030891414,8408,7912,10584,-270,-89,182,7744,-8072,10968,-32,22,-218,-13336,3304,6700,-952,70,-117,-13552,-6324,6212,-526,244,-28,3
2651.9992139339447,8200,7972,10688,-324,-135,219,7612,-8012,10820,-31,43,-177,-13508,3180,6776,-909,90,-150,-13636,-6272,5964,-517,240,-44,3
2652.0349740982056,8196,7880,10908,-278,-119,216,7732,-8124,10756,-54,79,-172,-13452,3196,6912,-911,35,-107,-13608,-6396,5964,-560,279,-45,3
2652.0704870224,8316,8140,11248,-308,-184,208,7824,-8072,10952,-75,121,-168,-13520,3156,6828,-853,-42,-96,-13708,-6392,6080,-570,233,-46,3
2652.1062009334564,8192,7972,10968,-284,-166,213,7780,-7972,11024,-111,168,-164,-13408,3156,6624,-863,-20,-44,-13680,-6240,6024,-537,211,-44,3
2652.1418449878693,8348,7848,10736,-347,-193,211,7924,-8020,11196,-118,156,-137,-13324,3272,6736,-955,-19,-75,-13624,-6180,5948,-520,201,-55,0
2652.177675008774,8312,7800,10796,-288,-169,0,7740,-8028,10948,-80,116,-138,-13440,3236,6656,-945,40,-72,-13584,-6192,6060,-522,255,-3,0
2652.2123870849614,8304,7880,10904,-213,-152,238,7812,-8028,10972,-156,57,-192,-13408,3200,6712,-819,20,-119,-13652,-6212,6072,-498,144,-17,0
2652.2480330467224,8328,7800,10964,-200,-133,215,7860,-8012,10940,-197,111,-128,-13408,3360,6868,-859,8,22,-13668,-6224,5964,-510,92,-68,0
2652.2834050655365,8336,7756,10864,-118,-14,135,7768,-8052,10956,-151,128,-75,-13320,3268,6836,-901,-2,-253,-13544,-6196,5980,-570,39,-120,0
2652.3192319869995,8220,7736,10856,-77,94,130,7776,-8100,11028,-103,208,-60,-13480,3176,6804,-872,-55,-45,-13648,-6324,5936,-589,95,-151,0
2652.3546249866486,8220,7912,10896,-124,66,87,7464,-8072,10924,-171,178,-89,-13292,3212,6656,-833,-54,40,-13700,-6336,5900,-559,53,-141,0
2652.3902230262756,8192,8096,10928,-14,124,69,7608,-8164,10988,-140,146,-103,-13100,3092,7044,-865,-48,-40,-13528,-6348,6052,-607,119,-164,0
2652.425637960434,8236,7832,10880,-108,55,90,7784,-8100,11068,-106,107,-118,-13376,3244,6872,-896,4,9,-13660,-6324,5988,-626,38,-154,0
2652.4612751007085,7996,7972,10904,-46,-15,107,7772,-8032,10912,-199,38,-174,-13396,3332,6864,-914,-22,-8,-13656,-6348,6072,-490,-67,-207,0
2652.497631072998,8132,7824,11248,-209,-111,60,7816,-8328,10976,-127,215,-160,-13360,3392,7060,-837,-30,-254,-13676,-6320,6052,-649,-40,-206,0
2652.5339291095734,8292,8084,11148,-5,209,-52,7780,-8188,11012,-138,200,-103,-13308,3112,6700,-907,-6,-241,-13688,-6232,5984,-622,62,-200,0
2652.5675230026245,8392,8072,10992,-45,360,-47,7904,-8388,10760,-68,109,-52,-13312,3412,7044,-902,-116,60,-13524,-6276,6020,-628,-53,-218,0
2652.601179122925,8284,7896,10720,-91,346,8,7740,-8112,10876,-36,292,11,-13288,3364,7048,-900,-158,43,-13440,-6332,6084,-598,-92,-218,0
2652.634632110596,7944,7788,10532,-48,413,-18,7740,-8296,11068,-88,267,-20,-13072,3376,6924,-861,-145,0,-13552,-6252,5948,-609,-64,-264,0
2652.6681029796605,8016,7992,11016,-8,317,-78,7684,-8164,10980,-70,286,-77,-13364,3400,6844,-874,-157,-38,-13560,-6280,5984,-606,-5,-280,0
2652.7016279697414,8048,7952,10784,-71,260,-87,7688,-8180,10964,-120,221,-114,-13212,3120,7096,-911,-61,-36,-13544,-6324,6088,-580,6,-196,0
2652.735237121582,7952,7964,11016,-116,146,-29,7672,-8440,10844,-129,166,-164,-13296,3448,6908,-916,-44,-73,-13808,-6296,6004,-533,18,-148,0
2652.7689900398254,8044,7968,11248,-119,154,-72,7640,-8304,10916,-109,231,-155,-13080,3476,7096,-926,-42,-123,-13624,-6284,6072,-546,74,-153,0
2652.8025240898132,8036,7964,11072,-132,236,-84,7552,-8292,11048,-165,219,-220,-13320,3528,7064,-1007,-1,-101,-13628,-6384,6212,-561,100,-167,0
2652.8357450962067,7940,8032,10972,-97,127,-39,7428,-7992,10956,-159,151,-184,-13320,3820,7100,-975,-30,-28,-13636,-6396,6348,-557,-70,-265,0
2652.869271993637,7988,7872,10944,-64,224,-89,7712,-8272,10792,-191,315,-109,-13344,3444,7124,-869,-108,-13,-13812,-6432,6300,-536,-129,-353,0
2652.902275085449,7920,8044,10848,-95,258,-152,7720,-8164,10892,-106,471,-141,-13200,3076,7072,-923,-128,-47,-13368,-6360,5868,-556,31,-269,0
2652.935945034027,7916,8064,10972,-190,11,-77,7560,-8172,10928,-84,349,-163,-13096,3444,6984,-1084,-168,-46,-13628,-6284,6060,-611,22,-294,0
2652.9696040153503,7868,7944,10760,-93,118,-70,7432,-8244,10968,252,267,-62,-13260,3472,7076,-1121,-185,53,-13596,-6300,6120,-538,-163,-7,0
2653.003170967102,7848,8116,10904,-62,278,-47,7492,-8360,10872,-41,268,18,-13244,3440,7056,-1032,-166,119,-13792,-6504,6192,-550,-200,-268,0
2653.036847114563,7912,8052,10852,-68,320,-54,7760,-8376,10908,-87,359,75,-13328,3512,6988,-956,-229,116,-13644,-6204,6152,-592,-269,-311,0
2653.070335149765,7976,8140,11196,-83,404,-71,7664,-8288,11004,-129,434,101,-13112,3476,6924,-890,-300,94,-13520,-6040,5940,-658,-158,-221,0
2653.103762149811,7892,8112,10928,-143,153,156,7512,-8212,10828,-31,279,109,-12980,3248,6816,-1144,28,67,-13440,-5992,5904,-658,79,15,0
2653.137200117111,7832,8084,10808,-89,-74,399,7652,-8020,10656,-51,63,21,-13120,3172,6932,-1138,289,60,-13344,-6476,5848,-607,97,23,0
2653.1707260608673,7852,8044,10936,-45,-213,343,7404,-8060,10916,-92,63,-50,-13064,3280,6988,-1069,246,-4,-13304,-6584,5888,-570,143,19,0
2653.204258918762,7868,8148,10508,-81,-82,231,7436,-8064,11032,-152,-252,-147,-12832,3152,6924,-987,317,-55,-13276,-6440,5968,-451,196,151,0
2653.2379620075226,7928,8212,10860,-172,-117,263,7436,-8224,10980,-218,-30,-186,-13100,3412,7040,-988,327,-76,-13472,-6524,6224,-430,155,159,0
2653.2715759277344,7892,8004,10932,-243,-181,227,7436,-8484,11172,-199,36,-99,-13380,3860,7020,-1232,493,9,-14052,-6392,6236,-524,35,34,0
2653.3048970699306,7868,8052,11344,-172,-47,209,7456,-8740,11408,-103,56,-13,-13256,3848,6724,-1170,485,122,-13684,-6180,6620,-735,-90,11,0
2653.3382110595703,7860,7972,11480,8,89,246,7444,-8720,10756,-12,-125,-254,-13068,3628,6844,-1149,6,22,-13328,-6156,6612,-689,-2,-23,0
2653.3717501163483,7536,7844,11032,78,55,218,7428,-8424,10960,-14,-71,-71,-13216,3532,7020,-1096,142,232,-13448,-6380,6120,-607,82,-115,0
2653.4049050807953,7808,8156,10852,61,59,125,7656,-8328,10708,-25,122,-71,-13408,3816,6800,-1153,13,47,-13364,-6344,6064,-577,39,-237,0
2653.4383940696716,7820,7704,10936,-17,18,52,7592,-8360,10700,61,319,-38,-13428,3536,7244,-1073,-95,-28,-13640,-6452,6184,-551,13,-329,0
2653.4719481468205,8176,8092,10996,-94,99,-21,7584,-8232,10920,68,351,-39,-13444,3400,7352,-974,-249,-68,-13696,-6460,6392,-488,-18,-350,0
2653.5055170059204,7980,8296,10984,-173,77,-48,7620,-7964,10948,46,445,46,-13348,3528,7144,-1064,-150,42,-13788,-6452,6156,-463,-42,-241,0
2653.5388040542603,7840,8220,10868,-216,14,73,7484,-8252,10992,4,282,24,-13096,3364,6724,-1053,-30,71,-13552,-6428,6184,-392,-61,-154,0
2653.5755691528325,7424,7952,10932,-192,41,71,7456,-8396,10964,-38,220,-88,-13144,3372,6956,-1016,85,-2,-13344,-6524,6292,-368,252,-197,0
2653.6112079620366,7696,8164,10848,-166,-8,20,7452,-8248,10940,-4,245,-193,-13156,3336,7116,-1023,1,-57,-13544,-6328,6392,-375,98,-207,0
2653.6470761299133,7800,8144,11000,-139,-88,54,7444,-8172,10912,244,217,-173,-12880,3420,7060,-1084,84,-50,-13436,-6268,6124,-359,156,-89,0
2653.682193994522,7700,8100,10976,-151,-133,150,7372,-8264,10768,19,178,-141,-13164,3348,6856,-1227,209,-126,-13360,-6304,6128,-387,229,-82,0
2653.7182450294495,7796,8116,10932,-133,-173,158,7640,-8340,10760,84,99,-190,-13224,3348,6780,-1217,243,-172,-13360,-6532,6168,-343,288,-91,0
2653.7536520957947,7712,8100,10920,-152,-168,142,7508,-8296,10904,109,57,-297,-13184,3324,7312,-1101,249,-225,-13372,-6620,5904,-322,312,-64,0
2653.78924202919,7820,8344,10992,-168,-185,78,7576,-8136,10932,34,78,-315,-13292,3360,7252,-1009,195,-235,-13436,-6456,6236,-295,299,-140,0
2653.8250880241394,7816,8276,11000,-297,-225,44,7384,-8356,11140,75,200,-328,-13252,3496,6924,-1112,231,-216,-13388,-6540,6292,-290,267,-179,0
2653.8607320785522,7784,8224,11148,-196,-182,9,7460,-8300,11012,96,300,-257,-13568,3432,7204,-997,35,-18,-13264,-6600,6208,-283,239,-266,0
2653.896219968796,7432,8048,11256,-135,-226,-46,7184,-8272,10848,58,412,-271,-12984,3428,6680,-972,19,-203,-13148,-6240,6152,-329,308,-232,0
2653.9319291114807,7584,7884,10904,-95,-208,20,7316,-8332,10900,157,80,-391,-13056,3804,6780,-1218,271,-321,-13124,-6184,6216,-415,403,-103,0
2653.967447042465,7796,7944,11072,-120,-321,136,7924,-8296,10736,152,63,-392,-13372,3784,6924,-1211,287,-231,-13664,-6316,6176,-433,328,-122,0
2654.0033140182495,8052,7996,11008,-205,-497,121,7584,-8272,10876,98,189,-272,-13316,3584,7040,-1222,115,-131,-13724,-6340,6628,-406,154,-161,0
2654.0386669635773,7840,7996,10812,-157,-38,38,7532,-8344,10984,126,325,-210,-13188,3428,7160,-1151,-25,-170,-13516,-6632,6320,-460,139,-315,0
2654.074322938919,7876,8404,11248,-126,-1,-36,7476,-8224,10752,73,364,-219,-13240,3084,7104,-771,-120,-210,-13404,-6504,6136,-502,205,-362,0
2654.1095640659332,7872,8272,10964,-147,-110,-59,7672,-8112,11128,232,331,-415,-13152,3136,6940,-1012,-85,-307,-13500,-6492,6144,-456,295,-253,0
2654.144973039627,7684,8208,10648,-94,-153,-22,7500,-8136,11048,-16,206,-360,-13220,3280,7164,-994,81,-230,-13556,-6548,6164,-406,289,-201,0
2654.1805510520935,7924,8300,11000,-127,-154,-12,7552,-8084,10884,-20,185,-332,-13324,3196,7144,-956,105,-108,-13532,-6152,6308,-408,223,-163,0
2654.2172241210938,7944,8096,10932,-120,-112,13,7532,-8124,11104,14,80,-277,-13260,3284,7092,-1065,184,-48,-13540,-6276,6036,-502,155,-192,0
2654.2507660388947,7896,8008,10716,-29,-40,78,7504,-8240,11140,65,204,-152,-13244,3408,7088,-1113,131,-40,-13460,-6360,6248,-518,95,-220,0
2654.284170150757,7824,8132,10896,51,37,85,7468,-7984,10888,66,192,-86,-13176,3392,7016,-1101,88,-31,-13628,-6332,6312,-585,81,-228,0
2654.317645072937,7908,8200,10872,8,103,92,7284,-8248,10796,70,213,-59,-13256,3336,7156,-1138,33,7,-13492,-6232,6184,-613,42,-259,0
2654.3510091304775,7864,8136,10940,26,106,114,7468,-8172,10988,106,166,-45,-13100,3320,6832,-1201,135,-33,-13340,-6456,6160,-613,122,-179,0
2654.3842301368713,7648,8312,10764,51,75,125,7560,-8176,11084,104,61,-177,-13272,2940,6992,-1105,231,-156,-13384,-6460,6280,-492,185,-175,0
2654.4180319309235,7812,8240,10860,-45,-18,51,7488,-8032,11104,30,141,-225,-13268,3304,6912,-1004,140,-167,-13400,-6524,6112,-480,225,-177,0
2654.4513010978694,7656,8352,10748,-19,-95,97,7436,-8148,11228,40,151,-182,-13064,3276,7144,-1002,135,-159,-13496,-6560,6248,-515,200,-126,0
2654.484691143036,7812,8244,10936,-29,-116,114,7428,-8092,11224,-25,152,-152,-13176,3524,7068,-1019,116,-55,-13496,-6628,6220,-497,128,-97,0
2654.5182530879974,7752,8436,10912,-78,-9,117,7224,-8016,11136,-14,156,-98,-13112,3264,7564,-1280,125,-256,-13352,-6752,6240,-444,42,-114,0
2654.5518679618835,7452,8268,10944,-115,90,40,7396,-8304,11244,-14,281,-123,-12804,3440,7340,-942,-113,-51,-13176,-6568,6216,-586,67,-278,0
2654.5853390693665,7612,8212,10916,-41,55,10,7180,-8280,11040,96,392,-58,-13056,3380,7288,-1083,-237,-57,-13068,-6344,6332,-811,89,-257,0
2654.6189329624176,7688,8168,10892,67,75,123,7096,-8340,11188,212,240,-31,-13008,3420,7296,-1294,-22,0,-13316,-6600,6208,-778,114,-48,0
2654.6523361206055,7672,8344,11144,51,137,243,7400,-8448,11096,221,251,-120,-13268,3316,6804,-1267,391,-43,-13468,-6256,6292,-677,252,164,0
2654.6856811046605,7920,8208,10888,7,-248,417,7596,-8264,10880,132,-278,-88,-13088,3392,6876,-1245,544,59,-13676,-6312,6112,-719,139,235,0
2654.7194559574127,8140,8004,10928,-33,-5,508,7884,-8152,10928,32,-225,-6,-13784,3188,7100,-1168,488,115,-13832,-6360,6076,-737,30,142,0
2654.752907037735,8092,8440,10988,-125,-254,443,7816,-8176,11068,-20,-253,48,-13504,2816,6956,-1012,285,106,-13552,-6644,6012,-597,8,-42,0
2654.7865619659424,7820,8304,10504,-204,-5,507,7784,-7984,11092,-52,149,25,-13440,3032,7156,-931,90,9,-13424,-6712,5908,-522,36,-224,0
2654.8228781223297,7612,8476,10676,-199,19,13,7612,-7816,11192,-33,399,-89,-13304,2920,7080,-912,-18,9,-13068,-6760,6116,-498,56,-368,0
2654.8568191528325,7548,8500,10752,-239,-38,-165,7320,-7848,11480,-71,527,-185,-13124,3100,7436,-923,-64,24,-13568,-6464,6116,-461,66,-388,0
2654.890170097351,7600,8492,10700,-202,-24,-216,7196,-8128,11452,-30,499,-230,-12824,3276,7228,-1014,14,-11,-13384,-6640,6192,-461,40,-357,0
2654.923815011978,7564,8464,10920,-226,25,-164,7200,-8068,11212,-4,380,-286,-12992,3404,7388,-992,56,-38,-13272,-6524,6348,-494,101,-265,0
2654.9573991298676,7640,8328,11076,-153,-7,-47,7192,-8188,11084,44,353,-234,-12804,3416,7284,-993,101,240,-13364,-6480,6376,-554,126,-176,0
2654.990760087967,7644,8260,10920,-180,-57,72,7192,-8216,10760,43,205,-194,-13080,3508,7068,-950,126,44,-13532,-6444,6280,-560,147,-67,0
2655.0241470336914,7600,8280,10840,-172,-81,188,7236,-8240,10928,12,84,-140,-13108,3496,7072,-1059,274,-225,-13280,-6392,6368,-599,138,-8,0
2655.057832956314,7568,8112,10816,-149,-127,275,7384,-8152,11000,34,75,-104,-13288,3540,7048,-1066,238,-17,-13476,-6436,6224,-643,158,-254,0
2655.0912230014806,7728,8272,10980,-195,-63,323,7416,-8000,11000,-34,36,-36,-13208,3492,6776,-1110,290,97,-13532,-6540,6216,-598,53,57,0
2655.124787092209,7736,8028,10968,-275,16,296,7380,-8244,11040,-49,52,35,-13276,3372,6836,-1073,262,151,-13452,-6512,6232,-596,-45,-71,0
2655.1580810546875,7696,8124,10916,-186,84,204,7460,-8304,11188,58,221,-36,-13384,3372,7060,-1045,158,70,-13360,-6592,5928,-607,48,-214,0
2655.1916501522064,7656,8296,10988,-74,246,90,7572,-8192,11132,24,302,-174,-13236,3316,7140,-1110,176,-33,-13412,-6420,6172,-595,191,-164,0
2655.2247819900513,7756,8280,10896,-136,-204,85,7284,-8108,11200,-29,310,-203,-13104,3140,7000,-1050,-3,-134,-13340,-6584,6164,-515,278,-124,0
2655.2624809741974,7636,8288,10848,-160,-277,147,7264,-8084,10940,2,226,-256,-13140,3216,6816,-1175,312,-114,-13212,-6544,6220,-449,282,-101,0
2655.298264980316,7580,8276,10780,-73,-228,125,7324,-8092,11240,35,160,-289,-13144,3352,7060,-1065,244,-195,-13524,-6640,6328,-482,307,-105,0
2655.333764076233,7524,8304,10784,-207,-286,148,7252,-8392,11160,63,34,-355,-13180,3464,7332,-1153,308,-15,-13384,-6644,6392,-477,365,-41,0
2655.3694081306458,7588,8388,10812,-162,-362,192,7340,-8032,11008,67,19,-365,-13196,3332,7240,-1073,284,-267,-13568,-6676,6144,-443,360,-63,0
2655.4047279357906,7892,8340,11044,-178,-456,175,7272,-8180,11084,17,-60,-457,-13232,3304,7092,-1042,402,-336,-13392,-6852,6168,-461,413,-48,0
2655.440066099167,7932,8288,11004,-197,-442,182,7224,-8136,11244,21,-181,-504,-13116,3420,6968,-1280,315,-258,-13400,-6640,6208,-376,427,38,0
2655.475312948227,7824,8280,10896,-272,-407,205,7444,-7980,11024,38,-85,-427,-13316,3256,7088,-967,231,-220,-13736,-6604,6272,-365,282,0,0
2655.5106110572815,7836,8280,10816,-339,-311,237,7620,-8064,11212,-10,-74,-302,-13244,3212,6968,-970,5,-139,-13524,-6500,6116,-362,232,21,0
2655.5461149215694,7860,8260,10872,-363,-314,242,7656,-8168,11160,-34,-47,-294,-13096,3268,6936,-993,335,-108,-13452,-6500,6100,-349,229,63,0
2655.5817630290985,7940,7944,10880,-344,-399,326,7388,-7992,10972,-59,-41,-306,-13400,3288,6804,-1013,402,-112,-13492,-6484,6020,-348,261,130,0
2655.6177101135254,7964,8252,10768,-367,-396,386,7436,-8112,11112,-92,-142,-287,-13500,3312,6924,-1049,407,-111,-13380,-6152,6036,-368,302,129,0
2655.652850151062,7944,8240,10660,-366,-417,396,7560,-8068,10912,-93,-108,-297,-13388,3208,6832,-1002,360,-125,-13332,-6640,5988,-399,308,72,0
2655.6887090206146,8092,8148,10932,-397,-382,354,7648,-7996,11132,-59,-30,-261,-13476,3264,6968,-977,282,-172,-13580,-6472,6024,-433,283,37,0
2655.7243990898132,8036,8132,10848,-341,-339,318,7572,-8088,11032,249,59,-198,-13576,3236,6964,-948,192,-150,-13696,-6468,6036,-423,227,5,0
2655.7594959735866,8088,8192,10784,-372,-269,260,7600,-8068,11088,-19,104,-255,-13344,3196,6932,-966,221,-147,-13512,-6544,6040,-411,240,-56,0
2655.7951829433446,8016,8124,10952,-388,-284,201,7604,-8064,11008,-26,131,-212,-13400,3296,6980,-947,176,-141,-13512,-6460,6096,-408,188,-24,0
2655.830621004104,8004,8040,10804,-325,-5,150,7532,-8028,11128,-34,124,-251,-13396,3084,7092,-944,168,-93,-13796,-6384,6096,-444,210,-71,0
2655.8659789562225,8044,8096,10856,-240,-182,201,7564,-8088,11232,-36,119,-209,-13412,3272,7136,-897,137,-88,-13540,-6372,6084,-437,175,-87,0
2655.9020171165466,8124,8060,10736,-158,-108,119,7428,-7992,11096,-47,129,-194,-13372,3544,6744,-992,101,-63,-13820,-6348,5904,-439,175,-96,0
2655.9356820583344,7980,8036,10888,-167,-74,132,7576,-8052,11236,-23,166,-177,-13344,3280,6676,-952,119,-73,-13744,-6352,6112,-462,139,-131,0
2655.9692940711975,8064,8040,10692,-155,-42,104,7600,-7972,10936,-51,133,-157,-13392,3272,6772,-982,147,-14,-13524,-6276,6060,-481,121,-120,0
2656.002743959427,7968,8056,10756,-91,-40,121,7868,-8140,10980,-17,205,-95,-13436,3360,6728,-1070,127,-13,-13516,-6288,5832,-520,184,-134,0
2656.0364170074463,8188,8052,10988,-141,-53,103,7628,-8004,11060,22,191,-153,-13364,3148,6740,-1079,129,-36,-13564,-6420,6020,-501,178,-128,0
2656.0697929859166,8028,8212,10628,-69,4,78,7488,-7992,10792,-49,176,-140,-13484,3168,6872,-1055,140,-79,-13560,-6312,5908,-475,105,-146,0
2656.103106021881,7964,8100,10996,-130,-37,56,7556,-7904,11052,-51,207,-161,-13444,3272,6804,-1011,149,-80,-13592,-6428,6028,-487,175,-135,0
2656.136614084244,8160,8140,10508,-142,-23,60,7516,-8032,11112,-79,143,-168,-13424,3228,7012,-1022,110,-37,-13560,-6648,5956,-455,125,-121,0
2656.1702840328217,8108,8152,10968,-133,-20,64,7576,-7948,11100,-92,186,-144,-13508,3248,6812,-1000,100,-44,-13320,-6452,6368,-463,49,-165,0
2656.20383310318,8044,8200,10804,-161,67,67,7496,-7756,10768,-81,219,-120,-13348,3264,6792,-962,46,-26,-13512,-6432,6052,-483,16,-154,0
2656.2373831272125,8088,8196,10864,-201,79,38,7584,-8000,11272,-94,203,-121,-13244,3324,7112,-979,55,-35,-13428,-6516,6040,-445,79,-192,0
2656.2709760665894,7912,8144,10876,-142,42,24,7440,-8040,11180,-66,203,-164,-13320,3264,6680,-1004,68,-75,-13464,-6428,5952,-463,121,-123,0
2656.304480075836,7936,8096,10792,-139,-21,37,7492,-8076,11036,-41,200,-199,-13560,3580,7124,-1009,122,-82,-13476,-6424,5996,-471,203,-132,0
2656.338196992874,7996,8184,10592,-95,-67,84,7380,-8092,11036,-25,150,-220,-13312,3336,6872,-989,130,-55,-13376,-6496,6232,-472,161,-91,0
2656.371803045273,7948,8152,10948,-146,-58,83,7488,-8080,11016,-27,160,-181,-13368,3300,6740,-1004,130,-75,-13572,-6364,6168,-497,148,-100,0
2656.4049870967865,8020,8060,10624,-154,-40,93,7532,-8108,10936,-24,155,-172,-13356,3380,6668,-1021,176,-79,-13824,-6324,6104,-516,153,-83,0
2656.4386110305786,8040,8040,10804,-138,-43,107,7488,-7960,11120,-32,165,-171,-13400,3556,6468,-1025,181,-37,-13528,-6596,6076,-500,125,-93,0
2656.471866130829,8020,8120,10888,-143,-14,96,7564,-8088,11092,-49,153,-145,-13364,3420,6788,-991,132,-6,-13800,-6172,6020,-493,105,-121,0
2656.5055091381073,8004,8128,10768,-165,-5,101,7536,-8048,11064,-56,176,-131,-13412,3348,6720,-965,153,-16,-13316,-6364,6064,-482,110,-126,0
2656.5392100811005,7936,8096,10776,-171,-23,62,7596,-8020,11164,-43,167,-188,-13396,3312,6492,-1002,126,-47,-13452,-6356,6036,-478,90,-133,0
2656.5728590488434,8060,8072,10864,-133,10,71,7544,-8056,10980,-13,204,-145,-13452,3208,6704,-1004,182,-89,-13520,-6320,6024,-259,151,-128,0
2656.6064839363094,7968,8208,10836,-167,-49,79,7548,-8088,11096,-12,181,-190,-13552,3212,6728,-1001,164,-72,-13492,-6436,6040,-475,164,-110,0
2656.639792919159,7820,8264,10752,-194,-68,76,7524,-7976,11212,-74,134,-202,-13404,3112,6676,-1006,143,-56,-13804,-6656,6008,-473,108,-126,0
2656.6733939647675,7964,8268,10856,-157,-55,99,7624,-8016,10960,-55,132,-171,-13404,3576,6756,-1039,149,-244,-13336,-6288,6052,-511,89,-116,0
2656.7069721221924,8012,8096,10536,-205,-37,106,7480,-8180,11088,-14,134,-153,-13384,3304,6816,-1047,106,-49,-13600,-6476,6116,-767,91,-135,0
2656.7405021190643,7932,8284,10980,-185,-9,129,7624,-7936,10980,-12,130,-165,-13476,3272,6768,-1034,111,-77,-13804,-6536,6052,-485,67,-131,0
2656.774163007736,8188,7968,10724,-186,-28,80,7540,-8032,11056,-46,185,-165,-13436,3236,6812,-958,61,-46,-13528,-6452,6052,-471,122,-128,0
2656.807583093643,8024,8128,10860,-237,-49,48,7536,-8112,11032,-40,133,-177,-13256,3396,7008,-1038,137,-62,-13564,-6376,6048,-451,153,-112,0
2656.841164112091,7996,8188,10576,-160,-61,92,7476,-8016,11084,-84,153,-190,-13356,3356,6840,-981,143,-21,-13528,-6460,6148,-484,117,-85,0
2656.8747460842133,7952,8164,10832,-175,-57,104,7524,-7984,11124,-58,173,-167,-13420,3328,6816,-958,59,-70,-13536,-6396,6112,-469,120,-132,0
2656.9109280109406,7920,8080,10600,-205,-35,93,7488,-8076,11092,-64,141,-181,-13364,3324,7016,-997,87,-59,-13452,-6292,6056,-448,146,-125,0
2656.946223974228,7968,8152,10776,-209,-66,110,7484,-8000,10800,-83,175,-203,-13308,3272,6912,-1004,92,-53,-13508,-6428,6120,-478,182,-112,0
2656.9822120666504,7964,8184,10948,-183,-106,114,7548,-8080,11136,-60,157,-189,-13324,3536,6716,-988,112,-54,-13452,-6296,6092,-503,152,-102,0
2657.0175540447235,7956,8100,10984,-164,-57,102,7444,-8192,11128,-47,103,-196,-13364,3380,6700,-1273,117,-60,-13320,-6176,6076,-484,161,-114,0
2657.0535149574284,7956,8100,10956,-216,-77,131,7552,-8140,11188,-40,128,-145,-13408,3328,6824,-1277,93,-77,-13520,-6336,6056,-547,108,-135,0
2657.0897879600525,7968,8184,10996,-158,-37,123,7688,-8208,10952,-41,149,-162,-13080,3364,6748,-1057,64,-72,-13644,-6384,6380,-567,144,-137,0
2657.124820947647,7916,8144,10984,-142,-46,98,7500,-8088,11172,-36,186,-141,-13344,3328,6848,-1040,69,-81,-13524,-6500,6096,-543,153,-103,0
2657.160159111023,7992,8124,10928,-142,-63,87,7584,-8084,11144,-105,179,-158,-13448,3148,6728,-1269,59,-35,-13476,-6432,6064,-546,134,-133,0
2657.1955909729004,7940,7944,10808,-157,-51,97,7512,-8132,11000,-86,208,-166,-13496,3340,6616,-1006,25,-61,-13536,-6640,6112,-531,112,-124,0
2657.2317180633545,7708,7988,10912,-156,-52,102,7668,-8060,11248,-41,134,-160,-13332,3296,7008,-1022,74,-119,-13424,-6392,6012,-496,151,-126,0
2657.2676119804382,7928,8116,10824,-178,-79,113,7188,-8192,11128,-57,145,-201,-13332,3304,6852,-1007,66,-110,-13480,-6532,6204,-462,187,-129,0
2657.3032450675964,7788,8220,11224,-230,-80,83,7244,-8148,11008,-56,146,-243,-13552,3324,7152,-974,113,-182,-13428,-6480,6100,-455,203,-119,0
2657.3382251262665,7932,8408,10824,-131,-131,65,7516,-7956,11148,-117,163,-226,-13404,3208,6980,-963,79,-86,-13628,-6504,5892,-467,202,-115,0
2657.373852014541,7892,8232,10928,-190,-137,90,7288,-8092,11240,-102,127,-222,-13460,3364,6828,-1010,70,-108,-13512,-6408,6132,-498,184,-130,0
2657.4096541404724,7728,7968,10604,-201,-111,111,7548,-8008,10828,-55,168,-161,-13424,3376,6844,-770,62,-64,-13628,-6396,5996,-510,115,-106,0
2657.4447889328003,7988,8188,10760,-90,-45,68,7524,-8008,11128,-100,167,-176,-13336,3380,6664,-991,18,-38,-13548,-6376,6076,-485,103,-155,0
2657.4806740283966,8024,8124,10924,-170,-21,67,7564,-8108,11208,-23,154,-144,-13356,3368,6664,-1019,65,-73,-13504,-6260,6068,-499,145,-115,0
2657.5159361362457,7952,8136,10716,-124,-52,108,7672,-8420,10772,-50,143,-122,-13064,3552,6908,-1094,76,-253,-13440,-6384,5888,-520,146,-119,0
2657.551779985428,7936,8108,10904,-152,-12,135,7544,-8180,10932,-78,167,-67,-13568,3116,6800,-1077,91,-254,-13452,-6408,6024,-552,90,-145,0
2657.587609052658,7872,8000,10976,-182,-27,120,7212,-8132,11056,-108,141,-130,-13260,3324,6832,-1008,82,-88,-13356,-6264,5936,-501,107,-107,0
2657.6212100982666,7848,8200,10824,-161,-17,118,7404,-8000,11072,-121,138,-184,-13332,3196,6844,-984,51,-103,-13412,-6456,6048,-480,164,-100,0
2657.6544311046605,7940,8164,10896,-162,-60,130,7348,-8184,11052,-96,132,-189,-13264,3320,7028,-1018,118,-82,-13492,-6416,6116,-493,182,-97,0
2657.6880021095276,7872,8212,10928,-159,-107,126,7392,-8108,10848,-46,128,-194,-13288,3324,7128,-1007,73,-71,-13424,-6436,6028,-487,183,-112,0
2657.7216119766235,7836,7964,10880,-172,-118,113,7540,-8132,11200,-74,222,-192,-13340,3280,6776,-967,93,-164,-13440,-6552,6120,-480,177,-90,0
2657.7550621032715,7688,8440,10768,-196,-51,86,7492,-8008,11120,-77,228,-188,-13356,3304,6880,-1001,74,-129,-13456,-6324,5908,-476,188,-93,0
2657.788600921631,7988,8156,10816,-185,-94,62,7488,-8072,11048,-58,159,-204,-13352,3212,6820,-990,64,-96,-13568,-6356,6068,-468,156,-81,0
2657.822343111038,8108,8228,10912,-186,-111,118,7308,-8152,10960,-120,154,-187,-13364,3264,6984,-998,160,-83,-13804,-6420,6112,-455,124,-86,0
2657.855814933777,7960,8132,10840,-209,-54,95,7528,-8164,10764,-142,148,-159,-13376,3332,6680,-926,92,-49,-13596,-6656,6028,-417,95,-117,0
2657.8891949653625,7956,8024,10756,-219,-254,86,7500,-8164,11156,-78,150,-138,-13368,3476,7092,-1013,105,-64,-13460,-6172,5996,-494,95,-103,0
2657.9227509498596,7904,8116,10976,-207,-54,176,7172,-8104,11172,19,129,-137,-13404,3184,6988,-971,127,-127,-13480,-6444,6228,-466,143,-87,0
2657.956001996994,7780,8188,10928,-194,-79,165,7648,-8436,11052,-59,110,-198,-13292,3320,7000,-988,127,-120,-13468,-6452,6100,-452,200,-58,0
2657.9895799160004,7860,8144,10808,-200,-134,169,7476,-8104,11408,-80,92,-208,-13348,3072,7120,-966,150,-109,-13524,-6432,6152,-491,139,-60,0
2658.0231461524963,7960,8168,10764,-237,-133,209,7440,-8068,11260,-105,98,-165,-13352,3108,6900,-920,101,-85,-13460,-6308,5992,-448,141,-71,0
2658.0568909645085,7880,8132,10820,-216,-110,178,7428,-8144,10992,-59,135,-123,-13360,3536,6892,-946,116,-92,-13428,-6516,6100,-439,121,-75,0
2658.090394973755,7900,8116,10792,-271,-136,153,7376,-8152,11088,-41,155,-173,-13060,3072,6872,-978,162,-130,-13484,-6204,5960,-417,161,-110,0
2658.123944044113,7776,8040,10920,-288,-145,134,7304,-8176,11252,-24,139,-225,-13252,3312,6896,-944,128,-128,-13512,-6428,5964,-435,199,-70,0
2658.157361984253,7920,8128,10968,-240,-171,113,7528,-8272,10928,-39,147,-248,-13368,3384,6824,-981,103,-161,-13424,-6448,6140,-462,241,-56,0
2658.1908390522003,7940,8080,10776,-505,-201,124,7500,-8116,11008,-19,132,-7,-13468,3472,6808,-965,162,-179,-13432,-6292,6024,-433,224,-60,0
2658.22434592247,8060,8068,10564,-266,-217,179,7480,-8112,10940,-9,142,-238,-13428,3288,6696,-954,169,-193,-13564,-6280,6044,-472,240,-59,0
2658.2580909729004,8080,8052,10816,-271,-218,191,7444,-8072,11072,10,74,-254,-13560,3220,6664,-1003,196,-138,-13568,-6364,6100,-438,198,-18,0
2658.291748046875,8016,7944,10780,-313,-217,204,7540,-8152,10928,-56,24,-220,-13388,3468,6908,-993,195,-131,-13532,-6444,6020,-443,194,-25,0
2658.3253331184387,8028,8044,10844,-283,-197,217,7528,-8164,10772,-64,114,-230,-13416,3256,6956,-1272,91,-107,-13640,-6432,5908,-484,172,-93,0
2658.3587379455566,8020,8076,10772,-217,-165,150,7516,-8120,11112,-68,171,-190,-13336,3232,6796,-1007,117,-131,-13660,-6360,6112,-494,144,-112,0
2658.392024040222,8108,8076,10828,-162,-146,134,7404,-8080,10984,-44,175,-174,-13372,3508,6820,-1005,68,-80,-13620,-6344,5996,-509,126,-105,0
2658.4256711006165,8088,8088,10916,-184,-93,117,7436,-8136,11020,-50,113,-162,-13404,3292,6848,-1035,45,-96,-13608,-6396,6068,-510,131,-105,0
2658.4589800834656,7996,8076,10740,-147,-93,114,7496,-8104,10924,-36,108,-160,-13352,3356,6848,-1040,82,-38,-13504,-6388,6064,-263,130,-91,0
2658.4924240112305,7984,8088,10832,-114,-33,128,7504,-8012,11024,-71,96,-172,-13300,3320,6836,-1004,97,-38,-13560,-6456,6036,-481,136,-111,0
2658.526011943817,8064,8040,10756,-57,-26,85,7552,-8076,10928,-120,113,-147,-13388,3344,6856,-968,70,-68,-13568,-6336,6168,-518,115,-124,0
2658.5597419738774,8088,8120,10932,-36,8,89,7528,-8256,10984,-115,143,-139,-13456,3560,6812,-1030,105,-64,-13504,-6304,6092,-540,105,-142,0
2658.595468044281,8096,8080,10796,-35,3,69,7580,-8124,11068,-126,157,-144,-13460,3288,6968,-1043,70,-29,-13428,-6324,6032,-764,125,-158,0
2658.6312079429626,8024,8100,10916,254,28,58,7620,-8152,11080,-99,177,-123,-13348,3296,6840,-1001,6,-18,-13588,-6328,6180,-528,70,-129,0
2658.667079925537,8048,8112,11144,23,27,30,7516,-8160,10752,-91,236,-95,-13408,3508,6976,-951,-6,-29,-13740,-6432,6008,-477,83,-193,0
2658.7027690410614,7936,8100,10984,8,61,52,7584,-8192,10952,-85,498,-88,-13308,3320,6816,-948,-251,-50,-13540,-6260,5912,-465,33,-160,0
2658.7381429672246,7992,8060,10588,-47,40,37,7556,-8208,10900,-27,198,-95,-13100,3572,7036,-1015,46,-23,-13520,-6332,6144,-474,63,-190,0
2658.7734699249268,7996,8124,10828,-122,56,57,7484,-8260,11020,36,156,-115,-13292,3188,6912,-1061,111,-47,-13484,-6440,6132,-446,74,-136,0
2658.809636116028,7892,8288,10916,3,46,58,7416,-8192,11220,-72,163,-172,-13204,3304,7016,-992,126,-57,-13740,-6152,6052,-452,84,-164,0
2658.844736099243,7968,8212,10920,-133,8,43,7392,-7972,11076,-70,168,-163,-13324,3320,7188,-1017,43,-56,-13524,-6352,6116,-466,84,-116,0
2658.880581140518,7928,8256,10884,-39,20,77,7668,-8092,11080,-90,208,-146,-13452,3344,7008,-1013,15,244,-13632,-6412,6084,-505,24,-147,0
2658.9171590805054,8000,8156,10912,-59,75,44,7640,-8144,10808,-23,171,-110,-13388,3196,6892,-995,126,19,-13348,-6656,6092,-425,255,-124,0
2658.9523580074306,7896,8244,10860,-101,47,60,7372,-8212,11028,-88,149,-132,-13444,3228,6892,-1064,167,-1,-13472,-6628,6024,-359,10,-90,0
2658.9887819290166,7944,8260,10864,-96,16,76,7360,-7996,10832,-37,175,-149,-13384,3300,6928,-1075,153,-97,-13552,-6412,5980,-373,90,-89,0
2659.0242171287537,7864,8352,10956,-93,-2,115,7480,-8192,11136,-3,116,-141,-13348,3396,6888,-1074,195,-54,-13404,-6376,6116,-486,128,-92,0
2659.0598940849304,7840,8224,10768,-136,-37,122,7500,-8080,11108,2,145,-156,-13500,3332,6816,-1061,212,-74,-13404,-6164,6116,-484,97,-125,0
2659.0950140953064,7920,8184,10776,-155,-68,112,7500,-8000,10980,-21,89,-196,-13400,3376,6760,-1015,227,-74,-13408,-6440,6312,-452,100,-122,0
2659.1307270526886,7808,8184,10788,-164,-58,129,7460,-8204,10948,21,120,-178,-13560,3136,6808,-1053,169,-110,-13760,-6224,5908,-428,133,-107,0
2659.1658740043645,7688,8272,10856,-151,-76,121,7308,-8180,11068,-33,122,-187,-13304,3300,6656,-1007,137,-68,-13428,-6484,5972,-466,159,-139,0
2659.201434135437,7828,8288,10808,-174,-125,95,7432,-7980,11020,-79,176,-195,-13432,3548,6848,-771,138,-133,-13408,-6384,6116,-468,126,-85,0
2659.23805809021,8032,8104,10860,-160,-77,72,7436,-8092,11008,-68,173,-205,-13356,3384,6828,-1019,125,-32,-13492,-6420,6200,-433,140,-137,0
2659.271602153778,7684,8216,10948,-190,-61,100,7464,-8224,10980,-29,137,-198,-13432,3100,6836,-1058,138,-80,-13436,-6156,6356,-469,120,-107,0
2659.3055040836334,7884,8172,10780,-144,-61,100,7556,-8176,11120,-31,154,-154,-13384,3284,6756,-1072,92,-49,-13524,-6408,6200,-489,125,-122,0
2659.339231967926,7772,8416,10776,-143,-112,109,7400,-8264,11020,-16,144,-177,-13408,3320,6812,-1058,119,-67,-13356,-6376,6216,-449,165,-117,0
2659.3728411197662,7820,8216,10972,-171,-72,117,7200,-8424,11252,-34,148,-195,-13356,3268,6820,-1046,150,-95,-13580,-6436,6108,-442,155,-116,0
2659.405841112137,8000,8264,10876,-147,-98,102,7356,-8160,10988,-57,210,-149,-13332,3432,6724,-1267,138,-68,-13452,-6332,6124,-473,114,-112,0
2659.439486026764,7788,8120,10736,-214,-95,128,7292,-8252,11052,255,146,-172,-13376,3364,6868,-1084,141,-71,-13404,-6428,6296,-452,143,-109,0
2659.4724271297455,7688,8444,10796,-178,-106,157,7428,-8120,11020,-250,164,-161,-13440,3232,6972,-1011,152,-79,-13524,-6528,6136,-449,120,-99,0
2659.5061230659485,7964,8240,10880,-184,-88,98,7472,-8060,11152,-34,165,-199,-13396,3272,7120,-917,112,-86,-13640,-6364,5940,-466,126,-148,0
2659.5399711132054,7944,8168,10828,-207,-103,80,7424,-8212,11156,-6,190,-199,-13440,3248,6852,-912,46,-95,-13444,-6304,6168,-441,136,-105,0
2659.5736341476445,8176,8208,10768,-164,-92,108,7440,-8212,11000,-10,134,-156,-13392,3328,6712,-1019,115,-73,-13500,-6428,6264,-461,110,-114,0
2659.607445001602,7848,8176,10928,-171,-85,120,7436,-8144,11056,-39,159,-139,-13368,3276,6808,-993,79,-27,-13492,-6232,6184,-469,91,-152,0
2659.6405489444733,7784,8432,10732,-207,-65,104,7300,-7992,11068,-55,174,-148,-13384,3416,6760,-971,122,-46,-13544,-6472,6324,-481,134,-151,0
2659.6741869449615,8036,8088,10552,-182,-70,119,7344,-8220,11032,-34,179,-182,-13448,3316,6812,-1013,139,-108,-13428,-6304,6104,-486,176,-112,0
2659.707736968994,8092,8124,10780,-206,-117,131,7396,-8252,11060,-256,169,-179,-13352,3376,6728,-1010,127,-122,-13576,-6300,6308,-488,212,-87,0
2659.741343021393,7844,8160,10808,-177,-142,142,7432,-8124,11032,-12,118,-195,-13324,3276,6816,-1005,143,-104,-13440,-6628,6368,-481,186,-60,0
2659.7748539447784,7732,8156,10896,-233,-177,139,7344,-8316,11036,-246,95,-233,-13416,3404,6968,-1009,189,-132,-13480,-6420,6140,-482,209,-54,0
2659.80819106102,7944,8244,10808,-216,-144,150,7468,-8188,11088,-28,107,-233,-13412,3188,6716,-982,137,-157,-13504,-6408,6200,-503,198,-72,0
2659.8713920116425,7948,8228,10832,-262,-166,204,7456,-8152,11032,-22,111,-215,-13376,3412,7036,-1002,119,-155,-13416,-6344,6152,-458,229,-68,0
2659.9044330120087,7900,7980,10844,-245,-209,184,7220,-7984,10908,-72,111,-243,-13424,3296,6816,-971,114,-163,-13508,-6284,6000,-481,236,-53,0
2659.9383199214935,8028,8172,10768,-245,-204,148,7444,-8224,11124,-50,127,-233,-13476,3200,6876,-1005,191,-169,-13500,-6268,6380,-512,228,-88,0
2659.9717631340027,7968,8164,10888,-276,-186,166,7496,-8184,11020,78,172,-236,-13520,3248,6896,-988,170,-138,-13496,-6332,6092,-503,216,-79,0
2660.00487613678,8008,7944,10716,-233,-168,193,7464,-8416,10760,52,118,-211,-13400,3304,6748,-952,157,-194,-13524,-6352,6092,-521,209,-73,0
2660.0383059978485,7940,8116,10848,-249,-226,204,7576,-8132,11180,55,203,-1,-13384,3272,6792,-974,149,-200,-13604,-6336,6040,-765,263,-57,0
2660.0717849731445,7980,8192,10796,-272,-199,184,7448,-8124,11120,24,183,-227,-13428,3324,6840,-973,204,-155,-13808,-6288,6012,-494,220,-93,0
2660.1051349639893,8020,8440,10836,-246,-170,169,7192,-8192,11124,-33,122,-181,-13404,3384,6784,-979,182,-76,-13528,-6308,6100,-503,208,-73,0
2660.1384420394897,8120,8064,10572,-292,-173,176,7432,-8100,11252,27,130,-210,-13388,3352,6804,-1008,203,-146,-13492,-6624,6032,-455,193,-96,0
2660.171931028366,7972,8268,10940,-218,-124,174,7468,-8068,11076,-18,108,-193,-13432,3260,6744,-981,195,-117,-13620,-6344,6080,-482,154,-88,0
2660.2053871154785,7968,8156,10700,-264,-124,127,7620,-8152,10992,-256,106,-229,-13504,3328,6864,-988,155,-110,-13496,-6204,6004,-464,218,-114,0
2660.2389020919804,8036,8412,11168,-276,-158,141,7392,-8172,11000,-15,50,-236,-13384,3528,6700,-1020,196,-96,-13496,-6296,5992,-491,200,-74,0
2660.2748789787292,8108,8072,10856,-3,-136,185,7544,-8144,11024,24,81,-182,-13496,3340,6752,-968,128,-138,-13484,-6380,6140,-497,166,-85,0
2660.310441970825,8112,8140,10728,-1,-127,162,7676,-8092,11096,-15,115,-160,-13452,3208,6728,-959,93,-99,-13528,-6224,5932,-493,164,-122,0
2660.3459980487823,8048,8104,10860,-226,-125,146,7388,-8128,10804,-57,115,-210,-13408,3524,6704,-1002,205,-133,-13512,-6324,6144,-497,170,-69,0
2660.3818171024323,8012,8072,10936,-195,-131,141,7652,-8020,10996,-11,121,-187,-13344,3220,6816,-1023,127,-133,-13488,-6276,6044,-495,191,-82,0
2660.4176630973816,7976,8032,10856,-216,-141,162,7452,-8096,11036,-253,51,-216,-13356,3392,6752,-1047,165,-168,-13720,-6268,6368,-493,198,-91,0
2660.4527361392975,8044,8012,10884,-105,-120,121,7496,-8172,10940,-82,84,-198,-13436,3236,6716,-963,31,-54,-13556,-6272,6140,-263,143,-105,0
2660.488632917404,8112,8036,11004,-172,-63,102,7472,-8100,10752,-61,165,-167,-13488,3268,6652,-1041,82,-73,-13632,-6252,6044,-491,106,-128,0
2660.5237679481506,8064,8032,10856,-137,-33,67,7564,-8192,11076,-21,171,-146,-13360,3080,6672,-1037,77,-79,-13508,-6528,6332,-466,173,-131,0
2660.5597310066223,8084,8136,10624,-113,-49,65,7572,-8100,11020,-77,190,-134,-13456,3304,6668,-1000,32,-49,-13556,-6380,6116,-487,159,-130,0
2660.5953350067134,7992,8064,10784,-102,-32,66,7424,-8072,10904,-82,151,-173,-13460,3232,6888,-968,57,-81,-13488,-6424,6100,-502,109,-144,0
2660.6308069229126,8136,7956,10896,-92,-20,39,7468,-7956,11052,-81,187,-165,-13364,3296,6832,-973,50,-55,-13576,-6156,6080,-488,129,-198,0
2660.6654980182648,8056,8144,10740,-71,-23,58,7660,-8164,11132,-43,213,-147,-13456,3248,6828,-968,63,-66,-13824,-6264,6072,-473,84,-155,0
2660.701338052749,8024,8372,10768,-89,12,66,7656,-8120,11088,-31,216,-104,-13456,3392,6800,-917,26,-21,-13552,-6388,6036,-487,102,-146,0
2660.737743139267,8188,8000,10772,-150,26,34,7384,-8124,11044,-30,190,-154,-13392,3228,6808,-924,105,-54,-13548,-6360,6180,-504,154,-161,0
2660.7727921009064,8120,8200,10952,-100,-30,77,7364,-8072,11180,-50,173,-150,-13480,3332,6748,-916,151,233,-13332,-6252,5924,-529,112,-134,0
2660.808622121811,8092,8368,10844,-145,8,101,7444,-7952,11100,-255,143,-149,-13440,3312,6908,-986,165,-82,-13524,-6260,6048,-492,174,-140,0
2660.8438889980316,8040,8228,10780,-151,-31,114,7424,-8124,11200,2,170,-138,-13436,3296,7040,-1014,141,-104,-13580,-6524,6096,-522,138,-135,0
2660.8797800540924,8016,8164,10872,-88,-8,47,7568,-8228,11248,-94,173,-179,-13440,3544,6932,-914,118,-90,-13816,-6344,6052,-527,85,-149,0
2660.9147260189056,8148,8088,10940,-147,253,38,7388,-8180,11100,-28,189,-150,-13488,3424,6704,-898,242,-121,-13320,-6300,6080,-480,81,-188,0
2660.9504659175873,8012,8384,10868,-105,41,63,7436,-8100,11080,-29,182,-120,-13392,3384,6736,-971,180,-36,-13580,-6264,6124,-498,67,-144,0
2660.983768939972,8008,8224,10548,-101,13,73,7556,-8360,11172,-10,175,-113,-13516,3360,6740,-979,140,-14,-13604,-6340,6124,-476,50,-173,0
2661.017212152481,7896,8120,10624,-157,20,55,7376,-8104,10932,-44,178,-142,-13384,3288,6636,-951,143,-31,-13336,-6180,6104,-466,53,-156,0
2661.050814151764,7832,8080,10912,-170,22,105,7380,-8228,11224,-27,149,-139,-13316,3404,6820,-951,202,-61,-13548,-6340,6180,-502,77,-160,0
2661.084214925766,7904,8168,10888,-119,-38,91,7308,-7980,10980,-251,134,-150,-13444,3168,6680,-993,148,-82,-13408,-6344,6344,-522,173,-140,0
2661.1175570487976,7744,8220,10988,-131,-99,118,7308,-8192,11100,-13,142,-186,-13392,3232,6728,-1004,190,-41,-13416,-6400,6080,-495,156,-106,0
2661.150979042053,7992,8092,10548,-142,-64,97,7392,-8112,11192,-44,98,-193,-13496,3344,6816,-941,160,-77,-13472,-6164,5912,-768,136,-115,0
2661.1844501495366,7720,8160,10796,-166,-45,85,7672,-8228,10960,-38,154,-162,-13524,3296,6784,-951,140,-97,-13808,-6480,6180,-481,135,-129,0
2661.2180781364445,8040,8184,10752,-171,-55,104,7312,-8164,11116,-253,159,-182,-13516,3328,6676,-937,219,-63,-13444,-6152,6312,-478,132,-124,0
2661.2519109249115,8008,8256,10816,-144,-93,97,7516,-8088,10828,-23,100,-224,-13540,3300,6688,-914,211,-105,-13504,-6480,5888,-449,120,-128,0
2661.285509109497,8080,8088,10916,-153,-54,98,7388,-8192,11092,-29,140,-164,-13380,3532,6824,-815,288,208,-13660,-6396,6212,-481,59,-134,0
2661.319435119629,8004,7952,10800,-158,14,68,7508,-8212,11084,-24,126,-153,-13504,3292,6716,-928,252,-44,-13496,-6332,6020,-476,78,-175,0
2661.3530220985413,7940,8164,10880,-241,-25,131,7396,-8084,11036,77,170,-169,-13468,3368,6540,-978,253,-42,-13444,-6512,6208,-468,145,-118,0
2661.3864619731903,7800,8256,10964,-159,-67,120,7232,-8084,11088,-11,133,-193,-13404,3252,6608,-1048,145,-86,-13484,-6420,6184,-478,202,-156,0
2661.41978096962,7712,8268,10888,-153,-92,100,7664,-8220,11132,-21,103,-205,-13504,3400,6672,-1055,79,-50,-13532,-6352,6248,-493,224,-119,0
2661.4533970355988,8028,8104,10788,-205,-145,113,7496,-8136,11108,7,146,-209,-13444,3376,6552,-968,-18,-96,-13536,-6304,5916,-506,159,-129,0
2661.4870800971985,7896,8176,10660,-168,-81,135,7336,-8160,11052,37,105,-177,-13424,3420,6412,-986,118,-82,-13564,-6376,6096,-495,127,-120,0
2661.520019054413,7976,8104,10880,-150,-43,100,7484,-8084,11016,-14,96,-206,-13504,3236,6680,-1009,84,-90,-13568,-6444,5952,-476,129,-157,0
2661.5537519454956,7992,8416,10916,-143,-79,69,7252,-8128,11336,-26,160,-200,-13500,3388,6892,-1017,31,-92,-13808,-6336,6232,-529,157,-173,0
2661.5873451232906,7696,7948,10864,-202,-27,97,7308,-8192,11208,-40,144,-152,-13400,3376,6524,-992,83,-49,-13468,-6400,6316,-544,129,-138,0
2661.620530128479,7896,8412,10808,-230,-32,119,7648,-8104,11136,-56,147,-194,-13428,3368,6828,-1025,122,-71,-13368,-6384,6156,-532,134,-142,0
2661.653738975525,8008,8136,10896,-215,-94,112,7176,-8160,11176,-34,181,-202,-13452,3400,6636,-1069,61,-87,-13516,-6312,5924,-506,170,-127,0
2661.687341928482,8032,8200,10916,-191,-103,83,7388,-8236,11024,-14,148,-211,-13388,3380,6636,-1085,60,-98,-13448,-6420,6140,-261,168,-97,0
2661.720377922058,7932,8152,10800,-232,-136,118,7336,-8208,10980,-32,160,-200,-13476,3380,6768,-1026,85,-73,-13492,-6416,6188,-522,203,-88,0
2661.7540769577026,7896,8160,10924,-180,-151,154,7172,-7960,11028,-19,154,-208,-13532,3492,6704,-1039,43,-86,-13452,-6452,5892,-481,225,-89,0
2661.787668943405,7992,8200,10832,-219,-145,116,7332,-8172,11000,-39,141,-240,-13460,3428,6632,-1021,83,-139,-13512,-6624,5912,-474,193,-89,0
2661.821079969406,7860,8176,10704,-246,-155,127,7444,-8076,11044,-31,136,-184,-13480,3324,6704,-1058,131,-146,-13468,-6292,6036,-481,195,-83,0
2661.854752063751,7688,8272,10820,-273,-138,152,7440,-8168,11136,-30,119,-207,-13376,3276,6804,-1068,87,-151,-13444,-6392,6084,-505,186,-87,0
2661.8881020545964,8132,8104,10808,-214,-151,138,7392,-8404,11076,-36,138,-212,-13412,3412,6448,-1038,77,-105,-13416,-6420,6148,-492,205,-89,0
2661.921700000763,8180,8104,10652,-223,-160,147,7344,-8124,11128,-18,145,-198,-13468,3296,6712,-1033,138,-144,-13556,-6392,5952,-498,203,-67,0
2661.957638025284,7976,8428,10768,-230,-163,197,7584,-8076,11124,11,97,-217,-13424,3376,6732,-1045,148,-133,-13484,-6352,6172,-469,207,-46,0
2661.9935250282288,8148,8156,10960,-218,-180,199,7420,-8060,10924,10,75,-188,-13584,3320,6788,-1015,155,-160,-13388,-6656,6104,-480,231,-53,0
2662.0289430618286,8112,8136,10952,-260,-191,191,7416,-8076,11144,-9,95,-201,-13352,3288,6812,-1010,110,-148,-13624,-6340,6024,-487,215,-78,0
2662.0644071102142,7936,8080,10964,-272,-198,183,7456,-8008,10908,-16,98,-239,-13560,3264,6688,-1019,182,-117,-13520,-6348,6060,-490,209,-80,0
2662.1003019809723,7932,8128,10844,-269,-182,176,7512,-8112,11092,17,97,-234,-13464,3308,6456,-1052,118,-145,-13820,-6364,6396,-488,192,-92,0
2662.1353991031647,8072,8156,10804,-248,-174,162,7432,-8196,11056,-20,110,-194,-13496,3324,6696,-1017,52,-105,-13600,-6284,5976,-475,177,-117,0
2662.170827150345,8040,8124,10904,-250,-165,159,7456,-8116,11080,-21,161,-215,-13528,3416,6824,-1034,40,-138,-13560,-6260,5964,-469,198,-111,0
2662.207149028778,8024,8112,10796,-259,-171,146,7428,-8036,11148,18,139,-202,-13404,3376,6640,-1068,17,-115,-13564,-6348,6192,-489,212,-115,0
2662.242248058319,7960,8108,10768,-3,-185,163,7668,-8168,10928,-8,150,-196,-13452,3276,6752,-1060,19,-120,-13640,-6332,5968,-766,197,-105,0
2662.2782990932465,8012,8092,10904,-278,-212,166,7456,-8024,10904,28,122,-221,-13400,3092,6804,-977,95,-145,-13544,-6328,6060,-474,196,-79,0
2662.3138921260834,8004,8232,10728,-252,-150,198,7460,-8024,10816,-9,57,-235,-13476,3552,6568,-1004,87,-96,-13404,-6388,6008,-442,174,-81,0
2662.349331140518,8124,8052,10764,-268,-146,173,7520,-8104,11148,-25,131,-185,-13516,3516,6524,-1040,59,-117,-13568,-6360,5880,-490,187,-122,0
2662.3842599391937,8076,8076,10720,-310,-193,177,7380,-8104,10988,34,119,-168,-13424,3184,6676,-1054,71,-78,-13552,-6512,5928,-456,176,-95,0
2662.419582128525,8104,8148,10560,-181,-136,138,7600,-8040,11088,-35,152,-201,-13528,3292,6664,-976,85,-124,-13552,-6256,5956,-486,179,-98,0
2662.4546821117406,8184,8080,10816,-229,-167,150,7496,-8088,11004,12,136,-220,-13560,3296,6672,-1064,125,-84,-13516,-6264,6056,-495,251,-67,0
2662.4906890392303,8008,8048,10756,-134,-141,132,7556,-8012,11060,-11,170,-182,-13512,3220,6672,-1000,50,-79,-13668,-6380,6076,-504,106,-153,0
2662.5255291461945,8132,7896,10724,-134,-45,97,7420,-8052,10976,-66,247,-144,-13444,3256,6904,-1277,20,-255,-13660,-6388,5932,-497,84,-165,0
2662.5614619255066,8184,7984,10556,-125,254,82,7432,-7996,11004,-87,234,-109,-13484,3136,6484,-984,-21,-49,-13524,-6376,6040,-470,84,-167,0
2662.5979840755463,8012,8016,10804,-77,-14,38,7428,-8172,11020,-38,238,-140,-13452,3260,6784,-975,12,-82,-13540,-6252,5956,-483,144,-174,0
2662.6314899921417,8092,8120,10896,-68,-27,33,7480,-8016,11220,-56,180,-191,-13380,3284,6620,-1018,51,-45,-13480,-6168,6060,-505,150,-144,0
2662.665053129196,7952,8072,10864,-27,-18,45,7432,-8016,11100,-86,167,-200,-13428,3272,6788,-1011,106,-63,-13372,-6364,6116,-477,140,-117,0
2662.698641061783,8092,8096,10824,-51,-16,40,7420,-8124,11172,-105,155,-164,-13348,3356,6672,-978,56,-43,-13372,-6360,6144,-485,137,-138,0
2662.73219704628,8140,8096,10600,-76,-35,88,7456,-8212,11144,-107,165,-138,-13520,3136,6504,-1029,63,-22,-13584,-6264,6044,-503,118,-126,0
2662.7655420303345,7988,8092,10920,-64,-2,86,7192,-8004,11156,-101,172,-119,-13496,3304,6684,-1023,73,-235,-13524,-6424,6120,-545,84,-118,0
2662.7991650104523,8016,8084,10912,-52,55,50,7360,-7988,11060,-96,1,-90,-13520,3296,6732,-972,-78,40,-13576,-6444,6140,-533,75,-163,0
2662.8326511383057,8084,8092,10768,-60,64,53,7396,-8100,11264,-113,248,-86,-13476,3292,6784,-958,-24,2,-13396,-6364,6136,-482,19,-188,0
2662.866451025009,8092,8024,10944,-101,73,56,7376,-8184,11088,-39,338,-28,-13496,3256,6800,-849,-183,248,-13516,-6376,6064,-556,55,-213,0
2662.8997049331665,7872,8048,10804,-74,58,39,7176,-8124,11072,41,320,-72,-13492,3312,6716,-993,-58,-37,-13400,-6412,6068,-581,74,-4,0
2662.933244943619,7924,8436,10948,-16,39,30,7260,-8380,10856,58,276,-63,-13484,3432,6872,-772,-19,-57,-13800,-6580,6092,-568,79,-233,0
2662.966947078705,8040,8104,10944,-70,-27,21,7404,-8084,11076,117,258,34,-13476,3212,6800,-999,-49,-39,-13544,-6364,5916,-558,122,-267,0
2663.0001089572906,7916,8164,10924,-154,-11,-9,6696,-8040,11248,140,642,-137,-13344,3456,6500,-1164,-65,-50,-13552,-6608,6372,-605,82,-272,0
2663.033581972122,8008,7964,10592,-62,16,3,7304,-8256,11496,33,434,-147,-13708,3500,7092,-1137,-122,-70,-13536,-6648,5996,-628,153,-316,0
2663.067146062851,7932,8176,10508,-59,-61,-9,7016,-8040,11220,217,391,-153,-13532,3304,6928,-1028,-102,-204,-13504,-6164,6060,-603,227,-272,0
2663.1006469726562,8060,7952,10732,-19,-74,-23,7308,-8000,11100,163,321,-105,-13348,3344,6848,-1039,-35,-131,-13492,-6472,6132,-595,124,-245,0
2663.134010076523,7968,8228,10848,-57,15,-36,6952,-8020,11140,80,300,-123,-13352,3312,6932,-1109,-22,-89,-13404,-6524,5908,-570,131,-276,0
2663.1677169799805,8016,8240,10732,-31,45,-18,7268,-8032,11316,88,322,-98,-13340,3288,6848,-1095,-57,-52,-13488,-6552,6024,-522,99,-234,0
2663.201173067093,7696,8356,10740,-94,65,-41,7252,-8048,11272,251,304,-104,-13420,3296,6672,-1019,-31,-256,-13468,-6444,6056,-480,94,-233,0
2663.2347490787506,8052,8312,10824,-109,50,-1,7060,-8048,11160,-43,308,-74,-13324,3080,7164,-1065,-32,-253,-13396,-6496,6092,-531,42,-238,0
2663.268301963806,7836,8248,10776,-126,84,29,7352,-8076,11324,31,213,-71,-13268,3468,6780,-1112,-253,-77,-13296,-6488,5920,-567,112,-208,0
2663.3017411231995,7868,8336,10980,-24,19,34,7216,-8088,11084,43,189,-153,-13424,3272,6964,-1079,90,-113,-13440,-6672,5984,-543,197,-161,0
2663.3352680206294,7824,8328,10884,-89,-74,46,7156,-8076,11196,-44,140,-190,-13276,3304,6836,-988,116,-87,-13524,-6600,6080,-486,177,-147,0
2663.369054079056,7864,8244,10732,-84,-62,95,7144,-7992,11276,-171,80,-165,-13136,3172,6968,-897,166,-243,-13500,-6620,6100,-456,83,-99,0
2663.402328014374,7876,8392,10780,-224,-31,130,7172,-7988,11260,-155,116,-104,-13428,3212,6992,-837,159,-255,-13464,-6564,5916,-362,65,-88,0
2663.4358699321747,8060,8316,10636,-208,38,122,7256,-8084,11100,-116,176,-109,-13568,3252,6804,-942,148,-43,-13464,-6556,5920,-421,115,-38,0
2663.469489097595,7876,8252,10660,-206,251,86,7276,-8200,11204,-27,60,-199,-13412,3324,6796,-953,213,-43,-13520,-6588,6160,-400,500,-88,0
2663.502902984619,8128,8184,10820,-91,-108,-7,7404,-8116,11232,14,165,-331,-13692,3320,6968,-930,63,-179,-13532,-6436,6092,-372,341,-227,0
2663.5365099906926,7984,8144,10872,-81,-189,-153,7416,-8096,11108,-57,353,-343,-13448,3296,6676,-884,-49,-148,-13444,-6556,6064,-327,2,-245,0
2663.5701880455017,8028,8240,10972,-253,-214,-209,7252,-8044,11036,-253,442,-343,-13420,3360,6904,-1024,-51,-104,-13524,-6468,5900,-157,206,-185,0
2663.6033589839935,7816,8232,10816,-556,-225,-166,7156,-8176,11008,-325,479,-289,-13396,3468,6712,-631,68,33,-13448,-6192,6116,-94,97,-49,0
2663.6396920681004,7780,8276,11092,-712,-244,-10,6776,-8264,11116,-467,364,-512,-12972,3720,6780,-727,224,-244,-13156,-6172,6248,-63,228,202,0
2663.675099134445,7208,8140,11140,-908,-426,315,6136,-8504,11232,-7,-290,-371,-13028,4344,6724,-1024,736,-209,-12984,-5896,6520,-402,535,593,0
2663.7104210853577,7308,8036,10844,-555,-657,738,6368,-8508,11172,-80,-612,-356,-13312,4072,6972,-1534,1144,-189,-13260,-6184,6356,-699,507,682,0
2663.746024131775,7612,7976,11124,-152,-534,930,7096,-8428,11504,110,-756,-196,-13644,3628,6984,-1372,1125,-289,-13660,-6620,6372,-939,600,767,0
2663.782375097275,7784,8116,10908,25,-576,846,7392,-8080,11504,116,-550,-234,-13572,3160,6836,-1367,869,-295,-13752,-6536,5824,-919,574,370,0
2663.8182759284973,8312,8396,10568,156,-413,675,7620,-7908,11304,33,-466,-251,-13780,2732,6764,-1199,694,-219,-13860,-6800,5420,-661,335,242,0
2663.853744983673,8368,8440,10488,39,-163,427,7972,-7808,11168,-87,-202,-253,-13928,2720,6780,-981,502,-143,-13900,-6616,5584,-483,263,63,0
2663.8887870311737,8572,8428,10448,-150,-196,175,7764,-7924,11124,-169,146,-1,-13752,3012,6568,-860,161,-144,-13672,-6240,5876,-345,276,-11,0
2663.9242730140686,8432,7928,10704,-320,-256,41,7688,-8012,11056,-142,331,-315,-13824,3248,6512,-898,47,-73,-13820,-6176,5944,-298,250,-122,0
2663.9594559669495,8360,7892,10684,-450,-290,-71,7644,-8244,11236,-172,467,-257,-13628,3408,6416,-834,-80,-96,-13868,-6048,5976,-299,169,-185,0
2663.9951231479645,8344,8152,10868,-377,-225,-60,7432,-8312,11212,-190,495,-258,-13484,3524,6384,-856,-70,-57,-13880,-6036,6096,-326,66,-185,0
2664.030867099762,8300,7936,10692,-291,-87,17,7312,-8272,11176,-146,30,682,-13252,4072,7360,-1782,859,352,-13684,-5992,6312,-414,-64,-117,0
2664.065716981888,8200,7812,10848,-290,30,213,6964,-7980,10928,-192,-264,118,-13432,3356,6648,-1428,670,191,-13596,-6236,6232,-472,-169,253,0
2664.1011910438538,8044,8016,10576,-510,153,312,7080,-8020,10988,-141,-591,206,-13264,3064,6608,-1489,865,101,-13468,-6416,6252,-346,-44,147,0
2664.1375291347504,7960,8300,10736,-305,99,355,7636,-8404,10476,-145,-484,1,-13712,3088,7140,375,628,254,-13624,-6040,5848,-240,-184,78,0
2664.1723301410675,8344,7844,10632,-264,-42,291,7896,-8336,10696,-374,571,183,-13880,3072,7048,-1091,-391,181,-13744,-6392,5668,-401,-144,-227,0
2664.2086119651794,8332,8176,10620,-215,112,-20,7112,-8244,11260,-322,859,271,-13460,3432,6936,-1413,-1023,222,-13420,-6476,6120,-554,-74,-328,0
2664.243982076645,7684,8248,10836,-156,146,-88,6972,-8276,11296,-221,713,20,-13296,3312,6720,-1118,-251,63,-13216,-6492,5936,-384,38,-201,0
2664.2804811000824,7728,8136,10832,-351,243,-56,6844,-8288,11192,-196,332,-300,-13016,3248,6556,-1067,128,-169,-13252,-6252,5920,-263,328,250,0
2664.313929080963,7776,7992,10968,-347,-247,139,7020,-8252,11056,-152,-107,-474,-13404,3432,6752,-1229,207,-314,-13412,-6212,6032,-317,490,27,0
2664.3476650714874,8068,7960,10812,-242,-378,144,7316,-8372,11180,-28,141,-389,-13680,3352,6632,-659,-129,-396,-13800,-6340,5916,-460,442,-7,0
2664.3810789585114,7940,8012,10924,-207,-320,107,7136,-8332,11164,-15,5,-583,-13584,3440,6600,-869,502,-231,-13908,-6104,5900,-457,376,83,0
2664.4144270420074,8376,7952,10732,-102,-258,231,7092,-8144,10260,-48,309,-429,-13340,3096,6496,-1115,146,-107,-13780,-6068,6296,-451,289,142,0
2664.4479179382324,8252,7796,10960,-185,-205,282,7524,-8460,10696,-281,-67,-475,-13472,3668,6240,-1264,313,-150,-13800,-5804,6112,-603,281,134,0
2664.481693029404,8192,7828,10804,-185,-195,374,7156,-8608,11024,-160,-8,-287,-13496,3544,6280,-1043,393,-165,-13624,-5924,6016,-626,156,98,0
2664.5165710449214,8448,7736,10760,-59,-73,389,7556,-8316,10932,151,1352,395,-13948,3696,6616,-912,150,40,-14320,-6092,6292,-698,-5,-180,0
2664.55064201355,8668,7980,11004,69,125,234,7316,-8508,11312,-89,250,255,-13632,3100,6760,-641,-20,104,-14476,-6420,5472,-826,-210,-447,0
2664.584188938141,8568,8212,10876,191,129,67,7552,-8152,11504,-169,29,141,-13588,3204,6540,-373,-59,307,-14224,-6220,5640,-812,-426,-548,0
2664.6180329322815,8744,8200,10664,-19,266,-82,7552,-8272,11240,-146,536,202,-13348,3416,6516,-619,-233,374,-13692,-6156,5948,-697,-392,-557,0
2664.6513040065765,8164,8048,10504,-66,408,-47,6956,-8372,11332,-13,519,12,-13316,3572,6488,-759,-5,258,-13564,-6228,5988,-638,-277,-360,0
2664.6847989559174,7772,8152,10668,-95,258,49,7072,-8372,11172,11,400,132,-13276,3280,6816,-907,-85,72,-13400,-6428,5892,-593,-23,-4,0
2664.7182779312134,8152,8092,10848,-85,23,78,6976,-8252,11172,43,582,61,-13284,3336,6704,-1005,-74,-93,-13336,-6464,5960,-549,173,-246,0
2664.7518339157104,7944,8240,10516,-176,-135,24,7008,-8224,11068,-82,679,-106,-13332,3316,6628,-1136,0,-190,-13376,-6396,5964,-491,224,-212,0
2664.785640001297,7972,8176,10656,-226,-166,23,6732,-8268,11020,-73,494,-199,-13432,3332,6504,-1257,103,-345,-13372,-6380,6036,-439,266,-178,0
2664.8192050457005,8092,8212,10668,-330,-150,-22,6932,-8324,11156,-65,371,-244,-13464,3336,6640,-1178,151,-239,-13520,-6380,6340,-389,238,-110,0
2664.8566110134125,8008,8172,10708,-357,-89,62,6884,-8148,11200,-29,478,-130,-13356,3496,6748,-1228,131,-128,-13344,-6148,5968,-328,155,-41,0
2664.89031791687,8092,8244,10992,-458,-33,89,6428,-8368,11112,-275,54,-156,-13188,3200,6664,-1468,-10,-63,-13504,-6376,6112,-307,231,89,0
2664.923942089081,7928,8132,11004,-461,-202,115,7108,-8424,11752,-257,-214,-362,-13804,3508,6560,-1194,95,-170,-13600,-6224,6208,-289,248,72,0
2664.9575390815735,8116,8052,10700,-344,-164,100,7080,-8524,11196,-245,61,-173,-13780,3664,6644,-1107,124,-99,-13908,-6112,6132,-473,138,-34,0
2664.9910781383514,8392,8108,10904,-251,9,158,7260,-8444,11128,370,166,150,-13800,3536,6448,-795,186,-74,-13760,-5924,6036,-485,31,-170,0
2665.024467945099,8316,7880,10792,-58,113,66,7272,-8528,11172,245,380,172,-13712,3548,6716,-1004,254,-123,-13712,-6200,5992,-767,39,-293,0
2665.0581691265106,8208,7940,10836,-116,132,-28,7176,-8376,10928,-23,175,11,-13780,3476,6436,-943,-116,-39,-13800,-6396,6012,-507,34,-246,0
2665.0914249420166,8208,7996,10804,-116,80,255,7276,-8384,11228,38,337,251,-13360,3260,6476,-877,60,24,-13752,-6220,6064,-495,-3,-182,0
2665.1250309944153,8092,8012,10684,-144,74,50,6972,-8348,11576,128,42,193,-13456,3760,6572,-1428,126,119,-13452,-6180,5892,-429,17,-118,0
2665.1581799983974,7992,7968,10584,-111,59,91,7092,-8304,10680,-39,80,-64,-13424,3456,6476,-1112,209,253,-13508,-6368,6232,-337,5,-85,0
2665.191777944565,7936,8116,10852,-245,81,104,6956,-8208,11260,-59,175,-74,-13344,3928,6852,-771,105,69,-13528,-6336,6264,-274,31,-78,0
2665.225589990616,7904,8204,10936,-227,64,56,6700,-8420,11032,-250,350,-193,-13392,4052,6708,-880,149,2,-13436,-6164,6080,-288,248,-79,0
2665.2591619491577,7884,8144,10884,-184,50,99,6992,-8588,11092,-265,50,-145,-13524,3484,6568,-548,142,28,-13652,-6384,6276,-221,17,-105,0
2665.292323112488,8040,8028,10820,-264,60,89,6956,-8424,11144,-189,-27,-227,-13552,3508,6688,-665,176,33,-13552,-6152,6096,-372,24,-106,0
2665.329446077347,8104,7940,10604,-199,-22,27,6872,-8576,11028,-54,220,-88,-13472,3728,6456,-781,46,4,-13468,-5976,6228,-610,58,-190,0
2665.364963054657,8116,7844,11148,-50,23,70,6972,-8688,11060,151,195,-164,-13468,3720,6452,-1315,66,-47,-13520,-6180,6224,-671,140,-178,0
2665.400787115097,7832,7952,10940,-59,-61,82,6668,-8576,10948,194,93,-239,-13080,3652,6904,-1170,136,-171,-13440,-6172,6256,-613,322,-100,0
2665.43621301651,7920,7940,11000,-25,-223,155,6904,-8628,10900,138,-174,-274,-13316,3548,6404,-1176,182,-107,-13608,-6148,6436,-685,229,-72,0
2665.4719309806824,8036,8020,10868,-1,-69,300,6872,-8532,11088,175,-177,-242,-13368,3560,6632,-1173,291,-43,-13724,-6160,6152,-601,114,12,0
2665.5077071189885,8164,8076,10856,-97,50,325,7412,-8340,10992,67,-106,-39,-13548,3360,6212,-1062,290,70,-13708,-6364,6128,-546,-19,16,0
2665.542783021927,8180,8160,10824,-180,-250,270,7224,-8264,11088,-174,34,-101,-13632,3240,6712,-952,186,0,-13532,-6420,6132,-391,99,-90,0
2665.5787580013275,7972,8076,10680,-247,-60,61,7156,-8424,11468,-230,89,-395,-13660,3284,6544,-803,-141,-200,-13376,-6768,5776,-178,253,-238,0
2665.6140780448914,8128,8404,10668,-365,-205,-162,7116,-8144,11228,237,360,-282,-13548,3120,6536,-703,-13,-390,-13252,-6160,5776,-143,530,-229,0
2665.6497840881348,7760,8204,10740,-371,-425,-135,7020,-8304,10904,-89,403,-649,-13328,3480,6500,-843,58,-592,-13408,-6208,6028,-154,863,-26,0
2665.6855320930486,7820,8048,10764,-328,-661,6,6604,-8172,10924,-76,62,-904,-13252,3168,6588,-1039,307,-588,-13544,-6016,6264,-289,1004,118,0
2665.720895051956,8016,8100,11124,-132,-613,237,7280,-8440,11044,-240,258,-463,-13360,3676,6632,-1048,598,-758,-13892,-6068,6436,-377,628,191,0
2665.7561480998993,8428,8020,11108,-86,-395,319,7392,-8312,10928,-49,-344,-489,-13864,3724,6540,-1066,427,-123,-14036,-6128,6244,-589,207,34,0
2665.791768074036,8680,7776,11140,-89,-111,244,7308,-8568,10916,-105,67,-76,-13800,3840,6400,-1153,164,136,-14496,-5740,6376,-890,-233,-110,0
2665.82763004303,8608,7840,10904,38,230,262,7516,-8936,10936,203,589,421,-13796,3760,6196,-1190,31,401,-13764,-6200,6288,-736,-380,-185,0
2665.8627650737762,8036,7836,11260,-135,475,185,7052,-8352,11100,253,231,242,-13520,3332,6404,-1117,-105,277,-13156,-6384,6052,-563,-355,-217,0
2665.8987851142883,7848,8136,11072,-121,341,161,6936,-8128,11168,-119,195,207,-13380,3212,6404,-891,-7,210,-13428,-6252,5688,-555,-209,-175,0
2665.933576107025,8080,8028,10936,-272,89,129,7144,-8220,11316,-70,268,-61,-13476,3132,6868,-923,-34,11,-13380,-6440,5916,-472,14,-192,0
2665.969778060913,8012,8316,10684,-274,-114,90,7004,-8088,11172,-135,290,-132,-13516,3048,6628,-903,64,-67,-13600,-6388,5756,-427,150,-144,0
2666.0033140182495,7936,8276,10644,-222,-170,14,7084,-8160,11260,-100,216,-249,-13564,3424,6572,-995,99,-49,-13660,-6320,6052,-501,102,-142,0
2666.0368859767914,8040,8176,10964,-273,-85,33,7128,-8336,11192,-74,190,-166,-13408,3568,6648,-1042,52,13,-13712,-6088,6132,-530,96,-149,0
2666.0704510211945,7996,7980,10808,-158,-27,58,6972,-8700,11196,25,57,-131,-13476,3640,6600,-1148,59,20,-13800,-6076,6080,-532,43,-131,0
2666.1036081314087,8004,7900,10772,-93,78,136,7092,-8496,11160,96,744,15,-13520,3732,6672,-1100,27,159,-13720,-6244,6292,-591,-81,-143,0
2666.1370470523834,8080,7996,10908,-56,241,145,7056,-8676,10948,151,224,121,-13524,3572,6424,-1084,48,95,-13516,-6208,6264,-598,-145,-186,0
2666.1705350875854,8084,8044,10924,37,249,147,7156,-8368,11104,65,136,72,-13540,3812,6696,-1022,-2,6,-13784,-6284,6000,-609,-69,-241,0
2666.2037620544434,8072,8072,10876,21,150,72,6956,-8388,11260,129,-44,-169,-13464,3396,6512,-1011,-60,240,-13520,-6248,6132,-524,-20,-285,0
2666.2373509407043,8072,8020,10616,-47,112,-11,6988,-8368,10976,53,450,-176,-13428,3356,6484,-1017,-108,-20,-13556,-6340,6228,-453,48,-289,0
2666.2710161209106,7992,7952,11212,-169,-2,-40,7112,-8316,11080,49,409,-325,-13416,3380,6820,-975,-156,-39,-13612,-6324,6040,-409,91,-245,0
2666.304388999939,8152,8132,10864,-272,-19,-25,7016,-8204,11128,-61,-183,-85,-13428,3536,6688,-885,-40,-105,-13564,-6336,6220,-340,176,-223,0
2666.3378670215607,7840,7944,10880,-326,-128,15,6976,-8280,11144,-179,264,-274,-13548,3496,6456,-937,248,-107,-13396,-6168,6240,-295,195,-125,0
2666.3714129924774,7688,8160,10884,-340,-153,66,6784,-8392,11168,-192,102,-296,-13312,3508,6584,-906,163,-48,-13496,-6212,6276,-357,162,-26,0
2666.4046471118927,7824,8132,10756,-276,-91,158,7028,-8324,10988,-356,-206,-366,-13248,3756,6904,-895,171,-26,-13472,-6412,6308,-430,154,-26,0
2666.438015937805,7992,8056,10916,-198,-46,146,6928,-8200,11272,-269,-101,-237,-13428,3620,6632,-1020,233,-43,-13464,-6264,6268,-529,99,-7,0
2666.471606016159,7860,7996,10788,-148,-12,181,6928,-8516,11164,-89,-93,-224,-13468,3820,6712,-1078,167,-152,-13556,-6376,6188,-500,194,-13,0
2666.5052750110626,7748,7684,10912,-114,4,130,6940,-8556,11244,3,-24,-505,-13568,3752,6644,-1165,107,-107,-13584,-6060,6288,-577,196,-109,0
2666.5387189388275,8156,7772,11232,-126,-49,71,7432,-8632,10768,81,401,-259,-13708,3596,6664,-1103,-64,18,-13656,-6092,6324,-632,118,-236,0
2666.5721340179443,8032,7928,11120,-211,-97,18,6976,-8656,11044,49,483,-128,-13420,3708,6620,-971,-173,-77,-13524,-6200,6304,-571,185,-280,0
2666.6053869724274,7844,7892,11176,-182,-166,30,6872,-8620,11200,119,325,-226,-13284,3588,6536,-989,-55,-283,-13344,-6204,6208,-555,316,-193,0
2666.638695001602,7604,8104,10936,-213,-275,139,6992,-8488,10892,186,18,-424,-13124,3368,6624,-1043,180,-392,-13276,-6352,6136,-749,263,-169,0
2666.6723041534424,7452,8172,10996,-273,-450,234,6920,-8164,10984,106,-70,-396,-13124,3076,6676,-867,157,-599,-13268,-6872,5836,-238,912,-62,0
2666.705999135971,7596,8268,10984,-6,-735,183,6788,-7968,11260,21,-227,-802,-13264,3212,6804,-870,363,-805,-13576,-6520,6028,-231,1084,135,0
2666.739819049835,8004,8304,10636,-364,-878,233,7028,-8104,11156,-79,20,-809,-13388,3268,6924,-810,481,-721,-13888,-6332,6096,-260,1267,226,0
2666.773455142975,8448,8120,10716,-354,-722,270,7784,-7916,11208,-136,-245,-666,-13364,2956,6816,-897,479,-405,-13376,-6124,6072,-320,260,129,0
2666.8070080280304,8228,8176,10732,-293,-341,293,7404,-8412,11384,17,-147,-260,-13844,3440,6404,-973,305,23,-14424,-5944,6332,-768,-247,51,0
2666.8405311107635,8704,8116,10880,-346,17,304,7604,-8292,10992,-103,178,-46,-13980,3544,6456,-1015,118,208,-13708,-6344,5964,-580,-291,-77,0
2666.8743240833282,8408,7824,10740,-271,186,200,7480,-8472,10980,-97,164,145,-13588,3592,6244,-1091,67,235,-13356,-6364,6032,-602,-177,-115,0
2666.9075140953064,7836,7732,11016,-226,153,242,7144,-8652,10804,-247,-78,-60,-13428,3612,6208,-1168,181,82,-13664,-6028,6092,-641,-63,-32,0
2666.9411261081696,8444,7696,10884,-171,72,508,7252,-8380,10992,33,266,73,-13636,3504,6584,-1157,124,103,-13532,-6152,6132,-651,-119,-168,0
2666.9744341373444,8040,7884,11024,-276,21,158,7184,-8488,11056,62,423,85,-13380,3464,6512,-1090,17,251,-13716,-6188,6232,-645,-248,-125,0
2667.011323928833,7936,8028,10976,-154,-37,229,7148,-8316,11012,72,90,29,-13392,3344,6460,-1038,268,34,-13748,-6164,6240,-593,-58,-27,0
2667.0475771427155,7980,8068,10784,-176,-64,239,7332,-8128,11212,-135,93,-149,-13528,3316,6524,-849,284,32,-13464,-6320,6016,-469,55,-11,0
2667.0823459625244,7996,8020,10856,-208,-171,167,7032,-8136,11168,-203,147,-217,-13268,3396,6628,-891,205,-1,-13504,-5904,6044,-444,69,-26,0
2667.1177089214325,8112,7820,10692,-187,-57,131,7336,-8364,11180,-86,249,-153,-13476,3540,6616,-1048,106,53,-13644,-5928,6332,-548,1,-120,0
2667.152745008468,8164,7904,10992,-143,63,10,7224,-8456,10988,-19,308,-102,-13404,3584,6496,-1103,-99,-255,-13608,-6084,6276,-604,40,-266,0
2667.1887581348415,8064,7744,10784,-69,74,-7,6912,-8276,11224,119,360,241,-13556,3728,6448,-1172,-97,-31,-13608,-6128,6196,-665,7,-504,0
2667.224426984787,8120,7960,10936,-30,129,57,7088,-8688,11060,97,191,-14,-13412,3476,6548,-1114,-39,5,-13576,-6404,6192,-641,6,-203,0
2667.2601029872894,8176,7940,10912,-21,60,87,7296,-7988,11128,-55,258,-36,-13496,3232,6532,-945,121,-61,-13536,-6320,6072,-499,27,-127,0
2667.29523897171,8116,8088,10696,-82,17,126,6948,-7952,11088,-146,78,-122,-13496,3400,6760,-986,61,247,-13620,-6252,6116,-274,64,-156,0
2667.3312051296234,8172,7936,10744,-162,54,94,7204,-8236,11144,-8,133,-48,-13504,3232,6764,-1008,69,-74,-13536,-6304,6000,-456,74,-186,0
2667.3672790527344,8160,8380,10972,-164,67,22,7296,-8068,11160,-108,207,-12,-13640,3280,6892,-881,-59,-22,-13584,-6640,5996,-390,-4,-237,0
2667.4023520946503,8172,7908,10716,-326,132,-125,7416,-8208,11052,-57,476,-12,-13684,3452,6576,-903,-243,46,-13600,-6188,6016,-413,-9,-380,0
2667.43741106987,8064,7876,10800,-241,111,-162,6944,-8636,11148,-52,391,-97,-13396,3644,6544,-1033,-277,-55,-13496,-6156,6152,-516,91,-450,0
2667.4732320308685,7884,7900,10996,5,89,-199,6968,-8648,11620,171,-662,-366,-13396,3684,6444,-1104,-218,-156,-13564,-6192,6308,-670,146,-494,0
2667.5087411403656,7968,7952,10908,15,51,-181,7144,-8444,11064,221,60,-236,-13496,3632,6740,-1189,-245,-191,-13616,-6236,6332,-723,117,-552,0
2667.5443999767303,8016,7980,10932,326,175,-178,7120,-8516,10920,403,278,-66,-13272,3644,6744,-1173,-272,-99,-13484,-6300,6300,-690,-25,-483,0
2667.580225944519,7928,8204,10936,165,212,-63,6992,-8208,10984,63,206,-37,-13264,3348,6676,-1055,-133,-25,-13372,-6408,6116,-569,19,-296,0
2667.6148121356964,7776,8160,10868,-75,58,-27,6972,-8304,11112,-219,796,16,-13336,3552,6812,-1027,-9,-72,-13456,-6304,5924,-546,112,-182,0
2667.651386022568,7876,8060,10984,-71,-84,50,7032,-8352,11236,-182,666,9,-13360,3508,6724,-1065,85,-111,-13324,-6584,6264,-530,163,-143,0
2667.684919118881,7904,8040,11136,-104,-98,124,6832,-8328,10916,-167,697,170,-13344,3680,6760,-1090,134,-24,-13344,-6280,6356,-566,90,-34,0
2667.718430042267,7872,8052,10892,-143,1,236,6720,-8388,11208,-90,316,47,-13548,3520,6832,-770,196,42,-13432,-6424,6264,-525,40,35,0
2667.7519049644466,7824,8132,11092,-219,-26,280,6824,-8392,11420,-143,-734,-198,-13364,3456,6768,-956,241,20,-13280,-6580,6212,-459,117,-6,0
2667.7856340408325,7920,8112,10852,-127,-95,220,6768,-8464,11728,109,-683,-590,-13568,3308,6656,-993,169,-104,-13448,-6396,5968,-499,161,-105,0
2667.8189339637756,7972,8300,10684,-25,-47,201,7724,-8312,11040,333,241,-288,-13428,3444,7520,-961,252,-149,-13552,-6592,6004,-560,122,-184,0
2667.8524179458614,8104,8384,10900,2,28,66,6936,-8228,10664,-72,467,-74,-13692,3360,7016,-1060,19,14,-13772,-6588,6088,-552,16,-214,0
2667.885910987854,8016,8256,10532,-46,102,-1,7340,-7980,11256,6,213,-105,-13596,3260,6816,-993,-22,-42,-13460,-6552,5924,-510,72,-224,0
2667.9194259643555,8052,7984,10980,-223,36,-14,7076,-8308,11148,75,340,-158,-13376,3548,6452,-1016,-56,-113,-13372,-6424,6380,-457,197,-194,0
2667.952938079834,7852,8208,10792,-234,-90,84,6820,-8304,11192,10,169,-228,-13296,3776,6668,-1060,104,-142,-13480,-6312,6404,-503,186,-99,0
2667.986635923385,7844,8136,11052,-293,-128,187,6916,-8488,11212,26,41,-220,-13348,3688,6704,-1082,141,-108,-13092,-6312,6340,-531,162,-39,0
2668.0197710990906,7792,8040,10888,-359,-136,244,6988,-8432,11144,48,69,-179,-13292,3612,6720,-1021,112,-96,-13380,-6376,6604,-259,103,-52,0
2668.0533640384674,7776,8016,10928,-328,-91,187,6936,-8404,11144,77,75,-171,-13468,3600,7144,-1049,51,-96,-13500,-6524,6368,-468,118,-115,0
2668.086902141571,7924,8052,10896,-347,-60,165,7044,-8360,11364,94,191,-159,-13416,3556,6912,-1016,19,-127,-13804,-6436,6384,-762,111,-157,0
2668.1203870773315,7988,8028,10964,-312,-14,141,7028,-8200,11500,90,192,-107,-13388,3440,6764,-1048,-5,-40,-13488,-6420,6204,-556,44,-165,0
2668.1537840366364,8168,8084,10764,-355,-25,129,7124,-8372,11404,70,218,-122,-13420,3464,6772,-1062,-72,-27,-13548,-6416,6056,-558,24,-4,0
2668.1874151229854,7860,7984,10876,-336,-37,44,7080,-8320,11244,117,305,-154,-13488,3508,6832,-1061,-155,-98,-13488,-6440,6136,-538,72,-302,0
2668.2208049297333,8088,8112,11024,-245,-59,6,7024,-8264,11052,82,326,-185,-13252,3488,6660,-1076,-147,-133,-13504,-6348,6168,-552,118,-245,0
2668.254219055176,7788,7996,10804,-192,-107,-256,7144,-8352,11048,104,279,-214,-13320,3440,6792,-1164,-106,-129,-13420,-6392,6112,-566,142,-494,0
2668.287691116333,7804,8064,10580,-213,-143,48,6924,-8260,9904,158,392,-352,-13224,3548,6588,-1620,670,-16,-13420,-6304,6264,-486,114,-178,0
2668.321182012558,7968,8016,10940,-145,-74,35,7156,-8128,11124,-57,-131,-420,-13348,3300,6608,-1342,175,-14,-13560,-6232,6108,-492,64,-205,0
2668.3547830581665,7948,7948,10944,-156,-6,62,7304,-8260,11128,-60,88,-275,-13424,3392,6604,-1180,100,58,-13804,-6648,6120,-483,252,-206,0
2668.38800907135,8160,8104,10820,-173,37,72,7344,-8408,11148,-13,535,85,-13488,3408,6816,-982,-271,76,-13664,-6564,6304,-441,-85,-239,0
2668.421440124512,8172,8120,10764,-213,154,-255,7352,-8192,11020,-107,437,54,-13440,3488,6732,-763,-164,78,-13428,-6476,6156,-323,-76,-209,0
2668.4548931121826,8180,8052,11248,-507,117,17,7036,-8232,11344,-156,395,76,-13308,3520,6672,-812,-222,91,-13360,-6452,6376,-409,-107,-184,0
2668.4884040355682,7868,8040,10804,-120,167,22,7016,-8316,11084,-93,339,61,-13476,3828,7028,-938,-191,124,-13460,-6548,6344,-531,-161,-282,0
2668.5219321250916,7772,8036,10860,-48,5,8,6892,-8300,11424,-9,359,139,-13288,3476,7164,-975,-220,132,-13364,-6880,6264,-506,-173,-297,0
2668.555501937866,7820,8116,11020,-22,283,-34,6988,-8288,11316,-65,425,86,-13348,3608,6948,-893,-367,98,-13248,-6524,6408,-473,-103,-299,0
2668.5891649723053,7616,8160,11196,-48,240,-35,6656,-8420,11128,-16,327,92,-13164,3736,6816,-955,-204,97,-13232,-6440,6496,-533,-101,-214,0
2668.622636079788,7620,8120,11076,-69,253,44,6696,-8436,11232,12,225,104,-13128,3652,6976,-1028,-90,102,-13324,-6536,6492,-560,-173,-203,0
2668.6557009220123,7708,8440,11144,-10,294,84,6888,-8324,11464,-28,510,133,-13276,3548,6928,-1273,-105,104,-13384,-6556,6548,-533,-191,-235,0
2668.6923599243164,7612,8140,10856,3,329,-18,7032,-8280,11188,-65,337,107,-13376,3564,7140,-941,-242,109,-13364,-6644,6304,-498,-181,-381,0
2668.7281079292297,7624,8240,10936,-17,265,-103,6656,-8252,11060,-110,506,59,-13224,3424,7000,-867,-337,83,-13304,-6580,6284,-411,-149,-323,0
2668.7637081146245,7568,8384,10848,-128,189,-142,6832,-8244,11160,-127,544,19,-13076,3508,6848,-835,-224,48,-13156,-6660,6200,-323,-82,-340,0
2668.799757003784,7608,8240,10912,-212,122,-136,6784,-8360,11136,-105,449,-65,-13208,3408,6964,-863,-201,-31,-13228,-6540,6316,-335,73,-325,0
2668.8348009586334,7480,8400,10912,-187,-10,-92,6608,-8380,11332,-51,453,-129,-13112,3660,7044,-999,-96,-82,-13532,-6456,6308,-417,135,-227,0
2668.8705220222473,7708,8284,11124,-155,-75,18,6844,-8296,11220,-26,288,-189,-13260,3520,7160,-1015,88,-121,-13268,-6708,6212,-426,238,-152,0
2668.9056580066685,7556,8284,10992,-152,-231,40,6756,-8188,11280,-81,156,-426,-13288,3232,7056,-885,44,-319,-13292,-6712,6148,-347,440,-141,0
2668.9412989616394,7632,8432,10744,-138,-415,2,6940,-8396,11372,-71,169,-487,-13172,3364,6904,-948,181,-308,-13460,-6428,6148,-375,475,-132,0
2668.977756023407,7724,8304,10808,-122,-411,43,7048,-8020,11400,-126,84,-460,-13160,3488,6872,-969,190,-477,-13528,-6432,6504,-409,366,-72,0
2669.0129311084747,7456,8260,10928,-35,-328,128,6796,-8260,11108,-91,-37,-336,-13128,3652,6580,-976,323,-158,-13200,-6440,6460,-407,238,11,0
2669.049442052841,7588,8108,10832,-88,-179,172,6400,-8280,11064,-79,-91,-175,-13104,3976,7064,-926,199,9,-13512,-6472,6784,-399,21,252,0
2669.085042953491,7656,8048,11112,-73,64,209,6780,-8656,11212,-90,85,152,-13028,4344,6980,-1109,129,249,-13376,-6128,6888,-568,-120,113,0
2669.120437145233,7544,7952,11292,-8,8,436,6268,-8464,11104,-75,-230,4,-12848,4148,6876,-1234,396,303,-13188,-6288,6848,-553,-161,344,0
2669.155518054962,7240,7964,11100,-101,263,594,6632,-8464,11188,-142,-428,86,-13172,3780,7148,-1075,540,97,-13148,-6544,6520,-545,80,330,0
2669.1909091472626,7464,8128,11060,-117,-82,546,6656,-8636,11152,-175,-229,-111,-13368,3380,6964,-1006,465,-204,-13148,-6532,6384,-563,406,183,0
2669.226249933243,7636,8104,11056,7,-429,439,7044,-8356,11220,-31,-161,-370,-13424,3428,7108,-1056,484,-357,-13356,-6504,6288,-568,556,27,0
2669.2622549533844,7880,8340,10780,-77,-534,262,6936,-8200,11120,-23,-168,-564,-13456,3232,7124,-979,411,-273,-13064,-6820,5936,-483,611,-104,0
2669.2976291179657,7768,8436,10564,-177,-639,82,7044,-8088,11248,-1,70,-623,-13368,3216,7388,-907,176,-533,-13348,-6672,6052,-470,688,-175,0
2669.334846019745,7744,8416,10532,-202,-618,-30,6988,-8108,11188,146,125,-662,-13240,3404,6932,-1056,216,-544,-13428,-6760,6132,-416,635,-132,0
2669.3684289455414,7912,8556,10812,-240,-460,-34,6968,-8024,11388,114,20,-623,-13348,3284,6904,-962,252,-465,-13540,-6692,6232,-338,767,-100,0
2669.4018111228943,7772,8460,11084,-284,-378,18,7044,-8132,11388,11,-39,-614,-13084,3520,6700,-969,311,-326,-13428,-6536,6212,-356,457,-21,0
2669.435276031494,7844,8352,10856,-407,-367,124,7004,-8236,11020,-79,66,-403,-13308,3512,6504,-965,435,-258,-13584,-6440,6280,-307,361,52,0
2669.4687979221344,7808,8276,10856,-357,-327,205,6932,-8280,10996,-102,-39,-395,-13188,3540,6964,-786,262,-288,-13420,-6396,6336,-283,356,101,0
2669.501970052719,7848,8236,10784,-470,-305,252,6992,-8388,11224,-102,-67,-365,-13308,3628,6824,-796,384,-183,-13576,-6376,6464,-263,328,160,0
2669.535859107971,7972,8132,10884,-388,-243,288,7120,-8468,11128,-149,-109,-289,-13388,3744,6680,-895,512,-54,-13640,-6400,6344,-392,247,185,0
2669.570354938507,8020,7920,11084,-451,-195,384,7052,-8544,10836,-147,-115,-194,-13324,3780,7096,-984,439,23,-13520,-6364,6492,-457,153,158,0
2669.6038291454315,7776,7944,10992,-402,-107,393,6912,-8572,11152,-84,-92,-146,-13372,3652,6836,-1050,421,-25,-13416,-6340,6496,-496,168,113,0
2669.6372909545894,7764,7924,11056,-299,-125,315,7372,-8536,10964,-34,-135,-233,-13432,3644,6848,-1036,394,-100,-13480,-6360,6288,-519,244,50,0
2669.6704869270325,7784,8016,11008,-230,-222,263,7012,-8496,11040,-17,-60,-328,-13376,3408,6524,-959,292,-208,-13308,-6320,6236,-467,338,-5,0
2669.7039210796356,7840,7904,10872,-267,-283,223,7148,-8372,10984,-10,61,-325,-13416,3416,6616,-908,173,-8,-13488,-6180,6204,-444,330,3,0
2669.7375271320343,8048,8032,10796,-234,-310,162,7128,-8252,11152,-26,77,-337,-13408,3496,6768,-904,207,-228,-13344,-6164,5920,-458,317,-79,0
2669.7711319923405,8092,7992,10916,-270,-245,105,7152,-8304,11124,43,64,-332,-13508,3452,7024,-943,176,-214,-13688,-6388,6068,-470,301,-118,0
2669.8047549724574,8176,8148,10984,-166,-164,80,7348,-8328,11220,133,105,-301,-13520,3384,6552,-770,247,-154,-13476,-6364,6108,-459,270,-113,0
2669.838278055191,7980,8212,10864,-180,-158,90,7320,-8376,11008,-49,110,-306,-13532,3424,6552,-954,160,-127,-13612,-6324,6132,-454,227,-166,0
2669.8783700466156,8152,8180,10948,-122,-159,64,7324,-8324,11200,-1,164,-230,-13780,3616,6732,-990,16,-133,-13636,-6248,6280,-509,219,-165,0
2669.911941051483,8148,8124,10828,-21,-77,47,7280,-8248,11048,27,189,-198,-13388,3496,6480,-911,3,-86,-13524,-6396,6144,-487,124,-211,0
2669.9456269741054,8016,8148,10708,-43,15,47,7228,-8216,10896,-69,174,-157,-13272,3344,6568,-923,61,-62,-13456,-6364,6172,-471,95,-143,0
2669.979243993759,8100,8140,10768,-42,-16,51,7164,-8276,11132,-87,167,-150,-13312,3456,6664,-947,37,-84,-13352,-6324,5976,-489,119,-179,0
2670.0128180980682,8148,7956,10864,-93,-28,64,7192,-8368,11124,-94,224,-166,-13448,3524,6672,-969,53,-74,-13480,-6372,5944,-484,118,-167,0
2670.04624414444,8044,8252,10904,-48,7,44,7132,-8220,11276,-77,202,-95,-13408,3516,6440,-1032,93,-255,-13500,-6456,6280,-508,73,-164,0
2670.0800240039825,7916,8096,10832,-78,62,93,7088,-8368,11208,-74,123,-93,-13352,3564,6892,-1109,76,74,-13464,-6468,6396,-521,82,-129,0
2670.1136651039124,7964,8168,10860,-138,11,104,7104,-8348,11180,-54,129,-138,-13420,3476,6840,-1096,162,-5,-13600,-6280,6264,-526,78,-118,0
2670.146991968155,7988,8132,10924,-47,50,99,7004,-8704,11116,-47,111,-150,-13424,3504,6880,-1100,139,-73,-13428,-6300,6332,-558,143,-126,0
2670.1802990436554,7948,8064,10928,-87,-30,59,7156,-8388,11072,12,131,-158,-13444,3564,6804,-1077,71,-78,-13416,-6340,6136,-559,169,-164,0
2670.2138271331787,7860,8068,10724,-41,250,53,7400,-8364,11104,-17,136,-202,-13452,3520,6856,-1079,121,-79,-13572,-6288,6200,-559,144,-173,0
2670.247386932373,7884,8064,10828,-75,14,84,7304,-8424,11176,-4,114,-223,-13488,3508,6524,-1051,103,-117,-13344,-6312,6208,-529,98,-223,0
2670.2811131477356,7976,8116,10924,-82,9,30,7172,-8684,10776,-10,184,-187,-13416,3368,6720,-1034,68,-82,-13616,-6384,5976,-531,102,-243,0
2670.314450979233,7952,8408,10952,-82,34,-8,7236,-8316,11092,-14,159,-181,-13400,3480,6548,-1059,15,-108,-13492,-6640,6232,-539,96,-265,0
2670.3508429527283,7904,8064,10796,-100,-37,-251,6948,-8252,11008,45,228,-191,-13508,3424,6676,-1052,-4,-112,-13500,-6376,6092,-530,153,-212,0
2670.3873419761658,7860,8268,10780,-93,-47,33,7056,-8316,11084,15,204,-199,-13336,3348,6548,-1033,70,-157,-13416,-6220,6340,-504,161,-181,0
2670.422374010086,7904,8156,10904,-132,-68,73,7096,-8256,11164,-30,127,-221,-13376,3476,6860,-1024,108,-101,-13432,-6184,6240,-496,161,-160,0
2670.458636045456,7916,7936,10856,-148,-99,85,7032,-7988,11024,-7,125,-214,-13364,3340,6800,-1022,148,-113,-13532,-6332,6176,-532,158,-132,0
2670.4937510490417,7840,8236,10940,-113,-61,114,7108,-8300,11124,-14,114,-206,-13368,3420,6964,-1038,104,-66,-13544,-6584,6232,-501,157,-116,0
2670.5293481349945,7796,8268,10740,-156,-98,115,7092,-8232,11092,-35,318,-141,-13560,3472,6440,-1079,198,-108,-13488,-6452,6048,-508,131,-127,0
2670.5643479824066,7824,8300,10872,-135,-43,102,7108,-8284,11148,-53,176,-180,-13404,3488,6800,-1002,100,-29,-13400,-6472,6380,-502,102,-106,0
2670.6003420352936,8012,8192,10792,-158,-21,125,7108,-8188,11212,-30,171,-158,-13332,3456,6676,-977,87,-43,-13524,-6444,6236,-494,94,-103,0
2670.635945081711,8048,8176,10500,-152,-17,119,7140,-8356,11100,-39,158,-143,-13492,3560,6872,-983,121,-40,-13576,-6508,6256,-514,109,-85,0
2670.6712930202484,7768,8228,10804,-177,-63,135,7168,-8228,11040,-49,165,-180,-13408,3324,6592,-913,107,-45,-13508,-6476,5912,-481,115,-139,0
2670.7071471214294,7972,8260,10992,-141,-21,128,7384,-8284,11108,-93,126,-140,-13448,3416,6596,-943,133,-41,-13620,-6340,6192,-473,91,-91,0
2670.7422721385956,7988,8176,10876,-196,-44,149,7260,-8416,11080,-51,117,-145,-13468,3504,6812,-1009,101,-57,-13496,-6380,6224,-483,135,-95,0
2670.7781660556793,7872,7952,10796,-212,-78,146,7120,-8312,11028,-11,112,-156,-13288,3488,6792,-1020,173,-79,-13564,-6476,6072,-464,144,-92,0
2670.81388092041,7904,8276,10984,-174,-88,125,7396,-8276,10968,-55,104,-195,-13444,3452,6880,-1004,177,-131,-13564,-6588,6304,-466,171,-95,0
2670.8500180244446,7880,7936,10916,-261,-137,144,7164,-8208,11032,-14,96,-234,-13420,3444,6644,-1280,210,-117,-13496,-6388,6208,-477,231,-105,0
2670.8853991031647,7908,8208,10876,-214,-146,151,7136,-8388,11088,-22,108,-215,-13380,3404,6784,-1001,216,-140,-13472,-6344,6268,-468,201,-70,0
2670.9209229946136,7808,8216,10916,-258,-130,170,7284,-8204,10976,-35,108,-195,-13392,3524,6828,-974,91,-87,-13348,-6512,6228,-466,156,-95,0
2670.956069946289,7904,8244,10984,-310,-96,169,7044,-8000,11296,-62,133,-199,-13152,3496,6788,-776,164,-102,-13420,-6444,6152,-455,166,-85,0
2670.9935030937195,7912,8204,10880,-302,-150,181,7144,-8200,11212,4,110,-198,-13264,3456,6648,-1020,179,-133,-13564,-6640,6132,-486,204,-46,0
2671.0271949768066,8016,7940,10936,-276,-189,207,7156,-8340,10988,32,94,-238,-13408,3460,6840,-1005,152,-138,-13432,-6364,6120,-488,241,-27,0
2671.060765028,7724,8108,10912,-1,-217,210,7144,-8280,11064,2,64,-232,-13420,3508,6612,-1279,167,-126,-13508,-6292,6156,-496,238,-29,0
2671.0943660736084,7708,8148,10880,-308,-225,236,7396,-8364,11204,63,95,-199,-13400,3432,6644,-1000,212,-109,-13816,-6300,6116,-257,229,7,0
2671.128098011017,7988,7988,10960,-276,-218,247,7284,-8304,11080,22,60,-209,-13452,3432,6492,-1052,201,-130,-13328,-6316,6380,-263,221,-38,0
2671.1615970134735,7988,8088,10952,-2,-197,216,7192,-8260,11096,20,96,-156,-13508,3360,6644,-1049,206,-92,-13512,-6180,6224,-492,186,-26,0
2671.1948959827423,8012,8132,10764,-279,-177,208,7288,-8228,11092,-6,83,-179,-13384,3372,6672,-1029,194,-73,-13500,-6156,5896,-465,149,-53,0
2671.228290081024,8044,8128,10560,-282,-163,178,7200,-8284,11224,-36,112,-205,-13420,3352,6780,-1000,185,-89,-13484,-6448,6184,-446,173,-103,0
2671.2618560791016,7984,8084,10772,-305,-168,161,7184,-8268,11192,1,117,-214,-13480,3460,6736,-1271,120,-137,-13504,-6516,6132,-441,195,-121,0
2671.2954750061035,8044,8148,10896,-300,-175,149,6928,-7992,11120,16,159,-200,-13420,3484,6732,-977,119,-117,-13504,-6412,6176,-464,176,-122,0
2671.329306125641,7992,8132,10932,-297,-189,162,7180,-8352,11516,42,143,-210,-13468,3340,6736,-1018,160,-110,-13552,-6376,5904,-446,187,-86,0
2671.362818956375,7968,8088,10992,-278,-150,166,7152,-8168,11112,251,114,-209,-13388,3432,6748,-771,178,-92,-13712,-6372,6136,-483,154,-83,0
2671.3957879543304,8160,8008,10848,-162,-107,178,7212,-8076,11056,-12,97,-164,-13388,3456,6748,-994,141,-69,-13532,-6308,6220,-517,154,-80,0
2671.429337978363,8020,7908,10912,-198,-101,137,7180,-8272,11028,-4,127,-175,-13456,3432,6576,-1031,124,-76,-13368,-6332,6120,-759,178,-126,0
2671.462882041931,8128,8164,10716,-165,-86,132,7152,-8120,11168,253,118,-175,-13468,3316,6752,-1277,155,-76,-13544,-6428,6092,-482,120,-122,0
2671.49644613266,8072,8132,10776,-106,-61,64,7396,-8292,11148,-76,185,-208,-13484,3456,6696,-965,92,-62,-13504,-6332,6276,-449,170,-173,0
2671.5300080776215,7928,8132,10896,-112,-37,20,7216,-8292,11088,-52,186,-217,-13524,3388,6632,-1022,102,-61,-13468,-6304,6104,-494,154,-173,0
2671.563673019409,8096,8188,11128,13,-27,47,7200,-8224,11204,-53,172,-144,-13376,3380,6524,-993,116,-65,-13584,-6292,6200,-491,117,-175,0
2671.5970499515533,8120,8020,10756,-36,9,47,7208,-8320,11080,-69,145,-138,-13548,3512,6452,-1023,40,-17,-13500,-6348,6272,-495,69,-136,0
2671.6302320957184,8080,8064,10948,-45,45,63,7280,-8232,11096,-103,146,-126,-13384,3456,6620,-1016,94,13,-13456,-6348,6280,-515,67,-163,0
2671.663586139679,8116,8112,10940,-44,60,53,7184,-8272,10976,-70,187,-92,-13476,3504,6528,-1046,134,-7,-13496,-6288,5908,-508,59,-159,0
2671.6971189975734,7940,8044,10872,-59,21,54,7152,-8364,11040,-59,157,-153,-13408,3444,6460,-1025,55,-65,-13412,-6396,6208,-499,121,-131,0
2671.730353116989,7944,8016,10916,-86,-4,77,7068,-7988,11040,-53,170,-149,-13368,3456,6700,-1010,-253,-49,-13392,-6444,6064,-494,105,-137,0
2671.7638170719147,7872,8088,10756,-37,-16,76,7212,-8288,11072,-83,210,-146,-13468,3540,6680,-1002,78,-60,-13504,-6164,6152,-485,117,-153,0
2671.7974071502686,7984,8076,11016,-59,13,20,7180,-8264,11176,-63,250,-161,-13424,3448,6752,-999,100,-76,-13816,-6656,6392,-482,127,-169,0
2671.830919981003,8020,8088,10852,-81,-41,30,6924,-8288,11008,-28,184,-158,-13464,3456,6812,-992,51,-104,-13376,-6396,6388,-475,162,-160,0
2671.8645410537724,7844,8256,10784,-104,-92,47,7092,-8252,10980,-66,190,-214,-13532,3440,6780,-991,54,-72,-13464,-6488,6224,-459,159,-139,0
2671.898103952408,7964,8248,10980,-80,-77,38,6912,-8304,11044,-115,196,-186,-13452,3396,6652,-960,68,-93,-13556,-6408,6072,-469,106,-170,0
2671.93140912056,7872,8220,10740,-136,-29,31,7240,-8468,10948,-89,179,-173,-13412,3432,6768,-959,246,-40,-13576,-6332,6136,-487,97,-150,0
2671.964930057525,7960,8136,10756,-162,8,61,7084,-8240,11212,10,176,-148,-13524,3436,6876,-1037,65,-47,-13428,-6332,6196,-458,118,-123,0
2671.998402118683,7956,8204,10816,-96,251,43,6940,-8276,11140,-31,157,-183,-13432,3516,6856,-976,91,-103,-13780,-6164,5920,-475,94,-137,0
2672.033965110779,8188,8260,10980,-112,7,86,7064,-8280,11216,-52,141,-156,-13416,3504,6700,-933,86,-32,-13560,-6376,6100,-492,84,-110,0
2672.0698239803314,7828,8288,10872,-131,-40,113,7104,-8308,11052,-70,132,-142,-13452,3536,6628,-989,116,-25,-13588,-6152,5940,-489,91,-100,0
2672.104902982712,7708,8204,10788,-145,-46,111,6920,-7948,11220,-50,126,-136,-13520,3416,6820,-1025,75,-256,-13280,-6376,6248,-489,125,-141,0
2672.1408360004425,7988,8272,10768,-174,-13,71,7172,-8356,11072,-52,173,-184,-13404,3380,7116,-1000,68,-42,-13568,-6548,6016,-440,103,-139,0
2672.176008939743,7736,8092,10560,-219,-35,48,7252,-8316,11228,-54,269,-166,-13468,3524,6728,-1015,99,20,-13496,-6152,6232,-459,121,-140,0
2672.2117850780487,7868,8200,10832,-184,-48,64,7108,-8452,11128,-45,222,-176,-13504,3440,6660,-1049,75,-55,-13408,-6380,6192,-479,133,-118,0
2672.2477350234985,7876,7972,10844,-201,-52,85,7068,-8196,10928,-45,128,-195,-13380,3596,6740,-987,78,-58,-13500,-6296,6188,-486,120,-138,0
2672.2826931476593,7832,8076,10732,-164,-61,106,7072,-8328,11248,-17,146,-167,-13408,3496,6600,-1025,82,-74,-13484,-6376,6216,-494,152,-106,0
2672.3181779384613,7848,8180,10876,-151,-76,104,7176,-8356,11016,-8,197,-181,-13476,3508,6904,-1028,82,-58,-13488,-6384,6208,-477,161,-132,0
2672.3533720970154,7964,8200,10568,-153,-88,123,7132,-8284,11056,-34,221,-155,-13552,3544,6688,-1019,101,-106,-13528,-6472,6240,-500,129,-135,0
2672.3887081146245,7704,8212,10888,-132,-58,96,7168,-8368,11088,-38,133,-171,-13484,3480,6744,-972,84,-28,-13472,-6460,6152,-493,131,-135,0
2672.423816919327,7840,8300,10828,-127,-66,71,7112,-8252,11020,-40,178,-175,-13408,3368,6928,-1268,90,-104,-13480,-6616,6200,-466,129,-118,0
2672.460011959076,7856,8116,10892,-162,-46,128,6940,-8284,11036,-41,184,-158,-13388,3528,6548,-1006,74,-37,-13436,-6476,6120,-468,103,-129,0
2672.494840145111,7688,8280,10576,-149,-82,105,7112,-8204,11164,-42,195,-169,-13392,3416,6792,-1009,59,-84,-13412,-6472,6296,-462,139,-145,0
2672.5304510593414,7992,8244,10780,-155,-66,74,7088,-8320,10984,-39,184,-165,-13532,3440,7072,-983,118,-62,-13480,-6464,6092,-444,120,-120,0
2672.5654571056366,7896,8192,10968,-157,-82,92,7128,-8336,11000,-25,177,-185,-13360,3456,6808,-1017,99,-77,-13468,-6476,6280,-491,150,-102,0
2672.6010439395905,7948,8220,10808,-162,-78,111,7168,-8228,11116,-45,143,-183,-13384,3556,6780,-1014,86,-62,-13420,-6412,6256,-476,150,-81,0
2672.6360700130463,7960,8152,10736,-169,-78,108,7120,-8360,11220,-56,141,-179,-13392,3492,6524,-1003,102,-81,-13432,-6648,6216,-485,146,-101,0
2672.6720180511475,7884,8220,11056,-176,-58,115,7076,-8348,11192,-36,152,-159,-13408,3416,6492,-999,112,-113,-13444,-6464,6152,-471,120,-112,0
2672.7078680992126,7860,8208,10820,-205,-79,138,7092,-8292,11248,-45,149,-167,-13328,3508,6856,-1014,132,-108,-13364,-6652,6252,-454,145,-115,0
2672.741343975067,7896,8160,11020,-224,-81,141,7120,-8356,11176,-34,136,-181,-13332,3436,6696,-1024,133,-88,-13432,-6420,6208,-461,176,-84,0
2672.77486205101,8024,8232,10840,-210,-117,162,7096,-8272,11060,-15,124,-194,-13408,3436,6688,-998,142,-131,-13532,-6324,6164,-480,188,-87,0
2672.8084530830383,7932,8192,11024,-207,-143,170,7116,-8312,11020,-256,103,-198,-13508,3484,6756,-982,158,-121,-13416,-6512,6160,-488,192,-77,0
2672.841887950897,7896,8284,10940,-242,-150,176,7068,-8360,11112,245,127,-219,-13444,3432,6768,-983,133,-171,-13428,-6556,6268,-487,222,-66,0
2672.875563144684,7868,8224,10980,-227,-189,167,7116,-8316,11120,-20,146,-254,-13420,3420,6456,-965,120,-167,-13544,-6636,6212,-470,186,-73,0
2672.9090719223022,8036,8424,10788,-216,-144,155,7148,-8324,11120,-38,160,-202,-13444,3480,6644,-981,145,-61,-13544,-6376,6112,-464,153,-71,0
2672.9424519538884,8188,8124,10496,-311,-117,169,7188,-8304,11148,9,130,-205,-13360,3516,6668,-1000,111,-130,-13524,-6288,6220,-493,173,-75,0
2672.9759800434113,8168,8248,10764,-296,-141,180,7396,-8272,11148,41,133,-214,-13472,3348,6696,-1276,150,-123,-13544,-6408,6172,-455,179,-60,0
2673.0098021030426,7688,8192,11000,-256,-124,163,7124,-8244,11152,1,119,-208,-13508,3392,6676,-972,148,-141,-13588,-6320,6240,-764,195,-101,0
2673.0432190895085,7944,8152,10832,-244,-146,186,7128,-8280,11324,-6,69,-237,-13444,3504,6896,-1032,132,-118,-13480,-6380,6140,-490,226,-50,0
2673.0766429901123,7940,8372,11004,-234,-172,182,7152,-8284,11240,8,117,-182,-13496,3368,6792,-977,145,-69,-13552,-6392,6220,-473,171,-89,0
2673.1102471351624,8004,8128,10848,-4,-152,204,6996,-8272,11148,-16,108,-158,-13612,3432,6792,-989,133,-96,-13532,-6472,6168,-463,162,-89,0
2673.143463134765,8152,8164,10880,-278,-114,152,7116,-8216,11168,-40,145,-173,-13396,3408,6812,-998,121,-110,-13412,-6452,6268,-458,125,-78,0
2673.1772351264954,7872,8176,10912,-263,-108,153,7100,-8268,11012,-14,143,-198,-13476,3424,6500,-970,104,-120,-13564,-6388,6248,-475,167,-86,0
2673.210793018341,7932,8204,10832,-512,-158,165,7072,-8240,11248,252,111,-211,-13464,3504,6740,-1014,150,-91,-13504,-6348,6168,-469,211,-63,0
2673.2439770698547,7996,7988,10996,-265,-176,191,7112,-8272,11080,-15,126,-222,-13368,3456,6620,-1007,184,-124,-13500,-6332,6076,-447,207,-52,0
2673.2774109840393,8068,8064,10840,-251,-194,184,7164,-8304,11136,-12,107,-210,-13436,3376,6468,-1019,148,-131,-13484,-6396,6168,-441,183,-86,0
2673.3110499382014,7992,8108,10736,-241,-178,173,7204,-8304,11224,21,115,-196,-13488,3364,6444,-982,141,-134,-13328,-6304,6244,-504,213,-62,0
2673.3444969654083,8012,8056,10928,-208,-144,149,7096,-8296,11072,31,147,-208,-13476,3404,6476,-1023,146,-116,-13488,-6340,6352,-489,200,-81,0
2673.378109931946,7980,8124,10852,-229,-131,175,7196,-8276,11080,-25,124,-209,-13428,3424,6648,-1043,163,-110,-13484,-6436,6216,-471,185,-106,0
2673.4115841388702,8020,8104,10832,-3,-130,151,7096,-8248,11028,-40,117,-201,-13476,3368,6756,-998,160,-125,-13420,-6640,6204,-476,178,-101,0
2673.4449820518494,8056,8048,10732,-257,-157,119,7168,-8320,11236,-25,123,-212,-13452,3508,6608,-977,149,-120,-13320,-6328,6188,-460,154,-109,0
2673.4783449172974,7980,8072,10844,-226,-105,133,6940,-8344,11016,-24,102,-188,-13460,3492,6612,-769,121,-72,-13472,-6280,6324,-454,142,-97,0
2673.5117700099945,8092,8100,10752,-194,-79,111,7080,-8256,11128,-36,126,-180,-13464,3536,6588,-1006,108,-34,-13452,-6420,6188,-471,114,-96,0
2673.5453069210052,8072,8048,10944,-141,-83,109,7204,-8384,11056,-53,142,-168,-13456,3384,6516,-1035,128,-54,-13444,-6396,6052,-462,136,-127,0
2673.57891702652,7972,8088,10772,-159,-52,93,7176,-8220,11196,-55,135,-180,-13560,3320,6644,-991,77,-99,-13484,-6372,6100,-461,104,-140,0
2673.612375974655,8092,8036,10672,-72,-251,101,7368,-8352,11024,-64,171,-143,-13448,3472,6656,-1012,97,8,-13800,-6324,6124,-757,117,-132,0
2673.645565032959,7936,8004,10888,-95,-7,81,7116,-8336,11180,-43,165,-159,-13376,3464,6688,-1089,106,-38,-13472,-6332,6160,-497,137,-144,0
2673.6791160106654,8008,8128,10808,-67,-19,73,7396,-8412,11080,-59,157,-168,-13400,3360,6684,-1050,74,-46,-13504,-6452,5944,-503,108,-159,0
2673.715143918991,7776,8120,10816,-256,17,27,7228,-8276,11204,-68,185,-168,-13496,3388,6568,-1027,63,-7,-13460,-6264,6188,-498,131,-175,0
2673.7504069805145,8024,8132,10556,-85,5,37,7124,-8332,11064,-67,170,-163,-13468,3448,6820,-1000,53,-76,-13632,-6356,6296,-481,123,-159,0
2673.7856209278107,8080,8124,10780,-65,245,40,7064,-8208,11124,-80,149,-123,-13396,3384,6700,-1013,81,-26,-13468,-6148,6292,-483,81,-166,0
2673.8208220005035,8140,8136,10764,-80,65,55,7124,-8356,11076,-98,166,-123,-13468,3508,6668,-1005,56,237,-13544,-6432,6180,-492,56,-180,0
2673.857166051864,7980,8160,10804,-76,63,26,7080,-8324,11184,-107,183,-132,-13416,3576,6684,-995,70,-34,-13376,-6412,6124,-504,85,-151,0
2673.89226102829,8156,8064,10788,-100,29,53,7096,-8340,11008,-49,136,-148,-13528,3528,6516,-1023,83,-82,-13448,-6624,5960,-487,131,-151,0
2673.9281899929047,7936,8152,10940,-151,-38,108,7024,-8368,11132,-23,157,-193,-13292,3432,6424,-1048,78,-60,-13520,-6308,6204,-491,165,-120,0
2673.9637389183044,8036,8124,10892,-96,-49,68,7124,-8284,11120,-58,199,-163,-13552,3480,6816,-997,127,-65,-13420,-6340,6168,-489,137,-107,0
2673.9991531372066,7976,8116,10824,-140,-51,87,7408,-8256,11132,-45,140,-156,-13500,3424,6700,-772,66,-31,-13812,-6368,6224,-482,112,-124,0
2674.0341129302974,8056,8156,10804,-126,-15,84,7076,-8280,11000,-76,159,-152,-13444,3472,6708,-1043,61,-47,-13584,-6456,6136,-764,102,-163,0
2674.0696840286255,7972,8384,10956,-127,-251,74,7064,-8256,11216,-30,150,-130,-13480,3404,6784,-1007,61,-71,-13476,-6636,6180,-479,116,-156,0
2674.104882955551,8188,8156,10776,-146,-18,89,7152,-8340,11100,-56,224,-174,-13536,3432,6792,-1018,94,-12,-13484,-6440,6168,-475,92,-134,0
2674.1408231258392,7996,8268,10836,-150,-27,55,6912,-8364,10780,-70,158,-192,-13476,3440,6800,-964,43,-56,-13392,-6376,6252,-485,112,-129,0
2674.1761951446533,7944,8228,10840,-174,-65,52,7112,-8376,11120,-50,167,-158,-13460,3480,6724,-1010,9,-40,-13324,-6436,6168,-483,96,-168,0
2674.21187210083,7972,8136,10764,-158,-36,58,6996,-8316,11224,254,190,-109,-13484,3416,6672,-1005,-24,-76,-13464,-6368,6216,-258,87,-161,0
2674.2479190826416,7888,8192,10656,-153,-24,91,7104,-8304,11144,-40,184,-133,-13368,3456,6644,-1020,90,-47,-13560,-6504,6136,-493,124,-146,0
2674.2828221321106,7928,8220,10920,-166,-11,72,7132,-8340,11228,-40,164,-156,-13416,3148,6400,-1004,78,-54,-13544,-6416,6300,-488,111,-146,0
2674.3187670707703,7932,8136,10880,-131,-55,78,7004,-8328,10992,-96,147,-158,-13396,3564,6588,-771,125,-46,-13456,-6364,6304,-512,133,-116,0
2674.3542699813843,7908,8160,10804,-205,-60,120,6956,-8384,11204,-25,129,-183,-13368,3452,6856,-1013,105,-42,-13492,-6388,6084,-495,114,-106,0
2674.3897790908813,7840,8348,10644,-111,-41,102,7072,-8336,11256,-84,121,-186,-13316,3504,6472,-1012,126,-31,-13400,-6428,6152,-498,113,-125,0
2674.4233911037445,7988,8264,10828,-169,-46,64,7444,-8372,11136,-82,212,-161,-13564,3480,6656,-990,243,-96,-13568,-6580,6276,-466,108,-148,0
2674.457344055176,7996,8232,10896,-178,-58,34,7196,-8332,11020,-37,182,-195,-13568,3372,6756,-1055,101,-76,-13380,-6380,6232,-462,126,-130,0
2674.4908370971684,7908,8416,10912,-124,-62,73,7024,-8244,10828,-55,123,-162,-13472,3456,6772,-1035,123,-75,-13428,-6408,6208,-455,119,-142,0
2674.5242321491246,7932,8208,10900,-148,-38,75,7104,-8324,11188,-43,178,-156,-13396,3496,6688,-988,40,-44,-13512,-6460,6252,-503,60,-184,0
2674.5577290058136,7692,8208,10772,-181,-18,73,7020,-8392,11100,-79,167,-160,-13332,3496,6808,-1011,65,-46,-13452,-6468,6244,-505,87,-129,0
2674.591220140457,7852,8256,10836,-166,-47,87,7168,-8312,11280,-26,147,-166,-13396,3496,6708,-1022,85,-91,-13448,-6436,6116,-504,110,-121,0
2674.6249051094055,7888,8176,10768,-195,-69,103,7084,-8360,11104,-27,147,-168,-13384,3380,6720,-1016,108,-71,-13452,-6612,5976,-496,143,-89,0
2674.658429145813,7900,8328,10876,-145,-82,134,7300,-8208,11132,-47,122,-172,-13344,3516,6460,-1041,130,-62,-13420,-6452,5988,-474,125,-115,0
2674.6919729709625,7972,8192,11032,-183,-99,145,7108,-8352,11200,-49,150,-164,-13336,3508,6908,-1023,125,-59,-13448,-6432,6248,-494,145,-110,0
2674.7255730628967,7864,8024,10932,-178,-47,116,7148,-8416,11152,-45,142,-193,-13368,3392,6700,-1024,114,-61,-13344,-6444,6528,-499,160,-120,0
2674.758821964264,7908,8148,10992,-210,-94,129,7080,-8356,11168,-18,142,-181,-13432,3424,6672,-1005,107,-108,-13392,-6384,6148,-489,169,-100,0
2674.7923130989075,7796,8228,10760,-237,-159,145,6960,-8396,11044,-13,109,-204,-13140,3472,6780,-996,125,-130,-13404,-6420,6096,-464,200,-61,0
2674.8260531425476,7736,8416,10872,-252,-125,168,6964,-8356,11128,-38,113,-227,-13348,3548,6760,-979,129,-140,-13452,-6400,6336,-483,179,-50,0
2674.8599491119385,7816,8232,10840,-272,-152,180,7164,-8276,11148,-25,122,-206,-13432,3488,6864,-980,155,-135,-13384,-6200,6324,-496,199,-60,0
2674.895781993866,7820,8116,10776,-251,-176,180,6972,-8332,11040,5,128,-214,-13392,3388,6588,-1014,130,-135,-13424,-6444,6216,-484,195,-90,0
2674.929687023163,7692,8188,10928,-262,-167,195,7096,-8232,11096,18,133,-205,-13456,3304,6736,-1006,171,-139,-13424,-6656,6152,-501,204,-79,0
2674.9632279872894,7708,8152,10808,-285,-156,194,7088,-8240,11176,45,120,-199,-13364,3424,6568,-1024,163,-186,-13460,-6152,6176,-506,227,-81,0
2674.99688911438,7940,8152,10848,-272,-213,189,7112,-8248,11184,27,159,-197,-13380,3368,6664,-983,189,-151,-13480,-6464,6208,-474,263,-72,0
2675.0304679870605,8040,8204,10848,-280,-242,203,7104,-8264,11092,10,154,-211,-13420,3368,6608,-1002,180,-124,-13524,-6440,6116,-489,217,-38,0
2675.063998937607,8060,8088,10816,-238,-162,183,7132,-8384,11272,-24,111,-207,-13780,3496,6724,-980,156,-98,-13548,-6360,6220,-501,153,-87,0
2675.097697019577,7744,8020,10516,-308,-149,192,7056,-8356,11120,50,123,-169,-13472,3556,6788,-1036,157,-135,-13480,-6400,6360,-485,216,-104,0
2675.1309819221497,7844,8060,10932,-328,-170,167,7036,-8332,11172,44,86,-221,-13468,3448,6728,-1019,149,-146,-13552,-6444,6208,-487,148,-96,0
2675.1643490791325,7928,8208,10820,-198,-163,141,7140,-8200,11148,12,106,-179,-13432,3524,6676,-995,134,-114,-13492,-6444,6100,-486,181,-107,0
2675.197947025299,7996,8004,10836,-299,-144,123,7132,-8280,11048,28,104,-198,-13384,3340,6604,-1006,120,-103,-13516,-6272,6184,-465,217,-54,0
2675.2315721511845,7964,7964,10800,-508,-158,186,7088,-8284,11208,-5,72,-207,-13416,3536,6788,-993,123,-87,-13520,-6316,6304,-463,165,-72,0
2675.2650690078735,8104,7988,10940,-298,-133,199,7028,-8340,11184,10,122,-155,-13448,3416,6872,-961,131,-81,-13528,-6464,6252,-464,96,-99,0
2675.298665046692,8124,8132,10844,-313,-87,163,7036,-8256,11092,-11,125,-183,-13484,3424,6872,-999,133,-100,-13432,-6484,6168,-483,110,-98,0
2675.3322761058807,8020,8020,10800,-269,-86,146,7048,-8308,11136,-33,129,-190,-13348,3408,6672,-989,102,-92,-13516,-6400,6276,-493,174,-64,0
2675.3656289577484,7952,8088,10868,-205,-140,159,7096,-8320,11156,3,141,-236,-13432,3400,6588,-1276,128,-143,-13532,-6320,6208,-466,220,-84,0
2675.4023439884186,7968,8028,10928,-271,-185,182,7112,-8296,11116,11,141,-207,-13460,3512,6684,-1041,182,-103,-13428,-6380,6200,-480,186,-94,0
2675.4385690689087,8036,8028,11088,-232,-108,134,7180,-8160,11056,-255,182,-191,-13456,3464,6656,-995,70,-93,-13816,-6296,6184,-483,123,-104,0
2675.4741060733795,8116,8032,10896,-190,-255,107,7124,-8180,11208,-30,182,-156,-13480,3408,6596,-1075,137,-41,-13488,-6248,6020,-517,106,-133,0
2675.509696960449,8168,8000,10952,-165,-57,108,7152,-8112,11144,4,147,-142,-13460,3172,6452,-1012,35,-75,-13524,-6280,6172,-521,127,-130,0
2675.545230150223,8048,8024,10808,-117,-70,134,7040,-8236,11188,-20,309,-107,-13488,3492,6860,-1276,25,30,-13720,-6336,6184,-522,74,-131,0
2675.5803809165955,8128,7996,10884,-161,-37,107,7032,-7964,11172,249,304,-89,-13480,3512,6840,-953,15,-18,-13568,-6208,6308,-509,68,-120,0
2675.6154739856725,8060,8100,10876,-85,-254,79,7048,-8340,11444,-24,160,-108,-13416,3496,6740,-995,62,-42,-13460,-6320,6384,-530,85,-112,0
2675.6517329216003,7952,7964,10788,-79,-32,109,7052,-8236,11136,252,150,-103,-13436,3484,6748,-978,113,-17,-13452,-6360,6272,-506,54,-82,0
2675.687665939331,8052,8088,10804,-169,16,133,7076,-8172,11188,-28,170,-27,-13420,3552,6860,-967,64,67,-13416,-6452,6368,-767,-35,-93,0
2675.7229080200195,8040,8060,10868,-272,40,98,7056,-8372,11132,-116,227,-25,-13344,3376,7068,-890,123,55,-13420,-6436,6280,-455,2,-78,0
2675.7593431472774,8032,8120,10808,-248,6,55,7016,-8332,11176,-118,217,-23,-13436,3560,6716,-924,111,54,-13464,-6324,6120,-490,7,-49,0
2675.795259952545,7556,7976,12692,217,-1819,-414,6792,-7992,11068,33,248,-57,-13344,3448,6864,-787,97,22,-13372,-6336,6328,-544,27,-77,0
2675.8309280872345,7860,8132,10928,-190,16,119,7044,-8620,11208,-18,143,-74,-13404,3404,6708,-1039,117,22,-13508,-6156,6196,-538,98,-69,0
2675.8671491146088,8000,8164,10984,-67,59,68,7056,-8140,11188,-81,167,-123,-13444,3332,6664,-992,127,-55,-13400,-6420,6056,-472,104,-115,0
2675.9022500514984,8068,8088,10936,-87,18,11,6964,-8392,11244,-2,189,-155,-13508,3360,6596,-971,131,-67,-13408,-6384,6248,-450,163,-146,0
2675.937749147415,8004,8144,10708,-22,-65,45,6932,-8284,11240,-89,150,-169,-13476,3444,6460,-1011,162,-114,-13500,-6280,6208,-400,187,-141,0
2675.972851037979,7936,7968,10912,72,-16,46,7020,-8508,11236,-58,163,-159,-13508,3396,6472,-1031,63,-103,-13412,-6296,6316,-472,139,-217,0
2676.008723974228,8084,7996,10584,62,-245,3,7096,-8260,11188,-4,220,-143,-13536,3624,6580,-1010,-20,-112,-13548,-6368,6416,-486,172,-312,0
2676.045653104782,7680,7916,10900,195,82,-70,7080,-8436,10952,53,294,-135,-13480,3500,6584,-1041,47,-222,-13380,-6208,6196,-501,209,-393,0
2676.079216003418,7968,8148,10808,228,87,-77,7040,-8348,11092,59,282,-167,-13400,3516,6496,-1089,-80,-153,-13576,-6304,6180,-514,222,-276,0
2676.112757921219,8028,8236,10832,-12,-18,32,6944,-8244,11080,51,213,-129,-13388,3524,6804,-1101,-27,-1,-13560,-6400,6300,-559,56,-235,0
2676.1460671424866,8020,8156,10888,-36,150,252,7080,-8328,11136,44,286,-26,-13468,3436,7116,-1089,-69,-5,-13496,-6520,6340,-603,-33,-358,0
2676.179831027984,7736,8200,10904,10,211,-79,6948,-8332,11200,167,348,-42,-13368,3404,6808,-1069,-150,-61,-13348,-6460,6220,-617,13,-397,0
2676.213078022003,7836,8240,10868,254,159,-119,6836,-8280,11092,132,333,-124,-13328,3548,6908,-1071,-99,-111,-13384,-6488,6308,-577,155,-321,0
2676.2465031147003,7772,8236,10880,-38,-24,-69,6900,-8388,11020,97,274,-172,-13328,3484,6908,-1081,-65,-126,-13560,-6644,6376,-566,190,-277,0
2676.279979944229,7784,8216,10816,-63,-53,-12,6892,-8276,11336,94,279,-171,-13336,3476,6680,-1097,-31,-94,-13316,-6532,6232,-587,189,-226,0
2676.313733100891,7700,8260,11000,18,-12,28,6844,-8232,11344,98,204,-182,-13404,3444,6940,-1114,46,-155,-13448,-6432,6252,-585,169,-207,0
2676.3471779823303,7796,8124,10968,10,-254,27,6852,-8216,11288,127,6,-129,-13348,3344,6632,-1110,48,-165,-13540,-6444,6216,-605,157,-203,0
2676.380718946457,7852,8344,10896,19,-37,135,6776,-8260,11232,98,167,-128,-13060,3520,6588,-1153,114,-80,-13316,-6536,6288,-611,173,-138,0
2676.413980960846,7740,8308,10812,10,-72,201,6764,-8228,11284,68,52,-151,-13324,3496,6924,-1136,178,-94,-13432,-6616,6296,-588,206,-101,0
2676.447582960129,7816,8312,10884,6,-4,167,6896,-8256,11348,61,140,-123,-13536,3344,7304,-1140,52,-61,-13480,-6652,6296,-605,124,-221,0
2676.481234073639,7832,8412,10832,2,45,65,6928,-8216,11224,62,283,-125,-13404,3420,6796,-1013,-6,-122,-13472,-6536,6184,-585,87,-196,0
2676.5147111415863,7808,8364,10604,-12,57,132,6828,-8072,11396,-101,133,-137,-13408,3344,6856,-1026,99,-33,-13636,-6444,6232,-559,35,-56,0
2676.548058986664,8148,8416,10724,-100,77,266,7048,-8012,11344,-179,75,16,-13416,3360,6788,-1034,4,147,-13656,-6616,6148,-503,-177,-73,0
2676.5814859867096,8032,8396,10756,-199,221,247,7128,-8032,11164,-165,252,166,-13388,3220,6676,-832,66,219,-13488,-6404,6284,-411,-296,-186,0
2676.615200996399,7816,8424,10536,-153,370,98,6808,-8028,11396,-121,290,177,-13196,3188,7008,-1012,-119,175,-13188,-6676,6232,-365,-305,-191,0
2676.648458003998,7664,8232,10764,-268,350,49,6428,-8316,11292,-110,301,74,-13212,3516,7072,-887,91,130,-13248,-6580,6392,-326,-91,-33,0
2676.6838030815125,7612,8468,10952,-292,92,196,6516,-8364,11392,-205,118,-23,-12984,3636,6808,-925,305,83,-13240,-6656,6432,-400,38,165,0
2676.7174110412598,7548,8188,10976,-375,-52,402,6572,-8232,11128,-265,-131,-93,-13168,3668,6760,-923,447,115,-13368,-6652,6588,-414,254,1,0
2676.7507951259613,7604,8032,10920,-316,-31,408,6808,-8224,11068,-303,-96,-82,-13352,3692,6740,-935,325,65,-13344,-6264,6500,-486,25,179,0
2676.7844219207764,7804,8052,11088,-274,-3,394,7156,-8624,11368,-215,6,-53,-13380,3688,6572,-1000,338,29,-13436,-6164,6380,-559,130,108,0
2676.81809592247,7788,8108,10900,-187,-68,382,6948,-8640,11272,-99,50,-99,-13444,3808,6756,-1060,364,-97,-13384,-6300,6604,-586,340,28,0
2676.8515210151672,7796,8104,10864,-124,-119,326,7036,-8420,11132,69,-96,-208,-13528,3400,6652,-1035,315,-170,-13668,-6460,6324,-560,319,-14,0
2676.8849790096283,8176,8340,10928,-13,-165,219,7072,-8668,11252,10,-11,-255,-13628,3456,6740,-776,275,-167,-13488,-6484,6068,-606,359,-68,0
2676.9185650348663,7784,8212,11004,-111,-216,146,6932,-8244,11036,-69,102,-306,-13632,3300,6892,-940,128,-190,-13640,-6408,6208,-565,575,-181,0
2676.951821088791,7940,8336,10944,-157,-179,7,6964,-8316,11128,-68,258,-318,-13496,3348,6820,-956,35,-147,-13656,-6680,6272,-397,365,-211,0
2676.9855790138245,7988,8192,10732,-238,-196,-46,7028,-8220,11216,-57,289,-509,-13448,3492,6552,-957,-25,-90,-13480,-6472,6592,-305,-62,-184,0
2677.0192489624023,7876,8096,10712,-169,-65,-253,6864,-8332,11100,-75,509,-131,-13416,3796,6424,-1030,19,35,-13460,-6360,6384,-389,-388,-142,0
2677.0523200035095,8096,8156,10536,-176,99,49,6840,-8408,11204,-99,265,-6,-13508,3684,6940,-1004,-96,76,-13460,-6232,6436,-487,-113,-202,0
2677.089255094528,7824,8300,10880,-89,169,94,6752,-8528,11448,-62,176,-19,-13348,3708,6636,-1065,99,117,-13364,-6400,6248,-578,-50,-142,0
2677.124855041504,7484,8240,11008,27,119,204,6824,-8536,11268,-70,57,-77,-13384,3652,6732,-1151,230,-245,-13364,-6152,6460,-614,20,-70,0
2677.1606750488286,7800,8316,10900,114,18,277,6780,-8344,11060,-23,-40,-27,-13332,3500,6724,-1199,268,251,-13252,-6508,6420,-613,20,-62,0
2677.1956040859222,7608,8432,10808,130,16,282,6756,-8352,11284,-73,-115,-35,-13280,3508,6840,-1111,240,-3,-13332,-6568,6180,-562,93,-69,0
2677.2312819957733,7776,8412,10816,59,24,260,6832,-8284,11300,-94,-84,-74,-13072,3380,6784,-1086,281,23,-13496,-6620,6412,-497,49,-54,0
2677.2671990394592,7896,8488,10844,-94,122,189,6944,-8368,11180,-133,183,34,-13548,3428,6768,-1078,198,150,-13440,-6580,6376,-465,-129,-133,0
2677.3022069931026,7688,8348,10924,-216,203,30,6828,-8468,11108,-169,254,-48,-13420,3376,6832,-951,-70,105,-13324,-6652,6448,-366,-111,-286,0
2677.33775305748,7552,8380,10968,-156,238,-165,6972,-8484,11352,-164,451,-56,-13712,3596,7096,-927,-230,46,-13452,-6476,6404,-391,-87,-385,0
2677.37282705307,7664,8316,11240,-194,220,-231,6780,-8464,11140,-24,563,-20,-13440,3780,7144,-1083,-285,48,-13468,-6288,6588,-550,-36,-372,0
2677.408126115799,7616,8340,11112,-86,140,-95,6500,-8500,11128,-13,393,-64,-13548,3688,6488,-1033,-96,28,-13116,-6340,6556,-565,-35,-286,0
2677.4433369636536,7524,8204,10732,63,138,-6,6736,-8624,11240,15,291,-71,-13244,3756,6568,-1072,-74,-125,-13224,-6216,6600,-595,101,-296,0
2677.47887301445,7580,8256,10888,119,54,63,6500,-8200,11104,94,146,-65,-13196,3628,6556,-1202,11,-74,-13364,-6348,6468,-690,118,-198,0
2677.514318943024,7680,8328,10804,72,36,193,6628,-8444,11080,82,-247,-59,-13104,3452,6748,-1173,198,-83,-13312,-6516,6348,-637,92,-147,0
2677.5495591163635,7560,8424,10912,28,-7,176,6828,-8324,11180,14,16,-136,-13480,3496,6768,-1125,46,-134,-13468,-6732,6312,-656,122,-271,0
2677.5848290920258,7648,8336,10708,-15,41,83,6900,-8436,11368,91,228,-50,-13376,3464,6936,-1121,84,-82,-13476,-6844,6164,-597,86,-5,0
2677.6201651096344,7700,8508,10760,27,83,32,6712,-8380,11268,38,13,-98,-13300,3504,6976,-1105,-27,-123,-13236,-6484,6476,-633,83,-329,0
2677.6549911499023,7504,8384,10832,-6,68,-70,6748,-8540,11364,119,317,-154,-13456,3668,7072,-1103,-167,-138,-13292,-6584,6516,-649,126,-414,0
2677.690861940384,7908,8440,10808,65,39,-74,6792,-8424,11500,163,374,-120,-13340,3464,6892,-1123,-231,-181,-13244,-6592,6444,-678,151,-429,0
2677.727608919144,7484,8384,10816,52,-16,-110,6904,-8660,11020,80,405,-152,-13196,3464,6700,-1063,-219,-149,-13172,-6704,6380,-603,170,-423,0
2677.761223077774,7528,8520,10856,101,-11,-115,6644,-8308,11504,56,382,-207,-13208,3432,6980,-780,-101,-194,-12844,-6756,6156,-556,194,-413,0
2677.794788122177,7476,8556,10756,110,-26,-115,6404,-8372,11080,84,349,-3,-13228,3480,6928,-996,-102,-332,-13212,-6788,6604,-568,281,-374,0
2677.8281669616695,7524,8612,10832,12,-149,-108,6584,-8408,11388,123,328,-296,-13368,3368,7020,-1041,-81,-337,-13244,-6680,6556,-512,298,-378,0
2677.861871004104,7680,8680,10584,59,-151,-105,6688,-8300,11388,34,263,-326,-13268,3424,6692,-1032,-30,-231,-13292,-6660,6500,-532,244,-314,0
2677.8956480026245,7556,8648,10872,-20,-126,-73,6452,-8436,11720,255,107,-335,-13176,3472,7300,-1093,-123,-148,-13316,-6672,6388,-519,181,-252,0
2677.929192066192,7568,8456,10900,-54,-10,-9,6568,-8404,11508,8,109,-204,-13164,3564,6964,-1279,69,-128,-13376,-6768,6408,-486,98,-240,0
2677.962685108185,7536,8612,10824,-29,43,26,6424,-8412,11392,11,197,-87,-13168,3488,7016,-901,56,-110,-13504,-6736,6352,-482,71,-176,0
2677.996371984482,7688,8656,10944,-94,79,95,6652,-8376,11468,-141,169,-37,-13204,3580,7008,-953,79,29,-13088,-6804,6608,-473,-34,-153,0
2678.030055999756,7644,8580,10708,-168,117,88,6708,-8252,11244,-182,156,-21,-13288,3452,6944,-915,87,6,-13272,-6672,6484,-470,-110,-217,0
2678.0636270046234,7508,8504,10828,-189,183,57,6700,-8348,11500,-158,288,-19,-13260,3404,6892,-944,24,43,-13168,-6744,6296,-455,-46,-218,0
2678.0973219871526,7324,8520,10932,-183,136,8,6440,-8340,11504,-106,221,-46,-13292,3508,6948,-1146,22,37,-13140,-6704,6412,-421,6,-222,0
2678.130622148514,7428,8532,10716,-152,41,16,6536,-8472,11404,-75,242,-145,-13204,3432,7024,-1022,-30,-77,-13084,-6812,6224,-452,125,-235,0
2678.1639521121974,7484,8608,10768,-141,-42,255,6516,-8396,11472,-36,175,-276,-13236,3464,6756,-1003,27,-167,-13224,-6680,6532,-469,156,-168,0
2678.197564125061,7648,8564,10612,-180,-111,68,6672,-8480,11540,-93,115,-230,-13256,3440,6860,-1272,105,-175,-13060,-6808,6508,-456,218,-93,0
2678.231122970581,7396,8640,10920,-239,-142,123,6560,-8456,11180,-45,76,-284,-13284,3464,6892,-1279,189,-129,-13228,-6764,6468,-427,228,-76,0
2678.264627933502,7484,8596,10848,-223,-167,123,6440,-8456,11204,-34,174,-211,-13284,3564,7068,-976,182,-139,-13212,-6708,6560,-457,184,-66,0
2678.2984421253204,7488,8632,11032,-239,-113,155,6444,-8500,11468,-9,144,-219,-13340,3340,7000,-1006,189,-87,-13252,-6720,6592,-498,133,-69,0
2678.3318231105804,7556,8672,10824,-240,-47,162,6492,-8588,11364,-48,82,-168,-13324,3556,7096,-1030,124,-112,-13108,-6676,6672,-551,93,-130,0
2678.365458011627,7392,8452,10812,-222,17,160,6548,-8532,11272,10,161,-105,-13184,3488,7004,-1060,110,-92,-13088,-6688,6576,-547,80,-138,0
2678.398941040039,7388,8548,11044,-171,5,138,6564,-8484,11384,35,119,-147,-13188,3436,6836,-774,118,-110,-13184,-6776,6376,-530,154,-150,0
2678.4324049949646,7552,8756,10840,-168,-27,152,6508,-8220,11336,37,123,-163,-13304,3536,7112,-1051,129,-111,-13268,-6748,6384,-520,171,-123,0
2678.466001033783,7376,8624,10684,-145,-91,173,6512,-8540,11416,46,118,-183,-13304,3464,6980,-1068,132,-141,-13180,-6696,6444,-530,165,-125,0
2678.499732017517,7488,8632,10808,-136,-75,196,6600,-8432,11480,45,82,-188,-13564,3464,6816,-1089,168,-151,-13220,-6792,6316,-516,161,-95,0
2678.5329909324646,7436,8572,10640,-141,-80,189,6572,-8436,11340,66,74,-163,-13388,3496,7036,-1053,167,-142,-13176,-6720,6212,-537,171,-141,0
2678.566601037979,7456,8568,10920,-127,-94,152,6904,-8332,11348,48,166,-179,-13272,3432,6980,-1040,94,-83,-13196,-6752,6496,-498,181,-141,0
2678.600168943405,7212,8592,10924,-177,-54,145,6532,-8256,11416,14,121,-164,-13244,3356,6880,-1008,110,-51,-13236,-6708,6424,-466,116,-122,0
2678.6337101459503,7184,8616,10996,-243,-45,148,6588,-8264,11024,-43,188,-167,-13220,3340,6924,-907,89,-97,-13052,-6756,6344,-399,128,-78,0
2678.667335987091,7360,8612,10956,-322,-90,138,6532,-8324,11476,-33,154,-251,-13260,3232,7084,-947,123,-156,-13196,-6880,6224,-407,210,-95,0
2678.7010209560394,7396,8560,10752,-323,-182,125,6512,-8184,11384,-68,126,-274,-13284,3088,6952,-939,120,-117,-13148,-6760,6248,-437,211,-78,0
2678.7344059944153,7468,8692,10648,-391,-160,161,6556,-8312,11060,-114,103,-259,-13080,3404,6780,-878,117,-59,-13176,-6708,6448,-361,130,-254,0
2678.7712700366974,7488,8568,10744,-467,-122,179,6448,-8448,11344,-155,131,-228,-13052,3376,6952,-847,176,-49,-13212,-6820,6484,-325,163,51,0
2678.8062329292297,7204,8472,10680,-549,-93,174,6572,-8248,11480,-268,65,-265,-13208,3392,6680,-798,233,248,-13192,-6828,6404,-267,113,45,0
2678.8420419692993,7440,8600,11000,-453,-92,124,6628,-8448,11304,-328,50,-317,-13284,3412,7012,-774,210,-47,-13132,-6688,6388,-296,155,19,0
2678.8774359226227,7544,8416,10936,-479,-196,130,6632,-8460,11360,-219,73,-269,-13252,3392,6852,-864,207,-30,-13272,-6552,6256,-305,226,11,0
2678.9131350517273,7532,8600,10780,-402,-232,106,6452,-8252,11412,-337,102,-356,-13348,3408,6632,-743,257,-24,-13332,-6616,6504,-196,177,30,0
2678.968236923218,7732,8304,10892,-460,-181,27,6452,-8420,11220,-358,132,-320,-13516,3672,6704,-723,121,-242,-13284,-6624,6492,-270,58,-52,0
2679.0149540901184,7536,8288,10908,-383,-83,25,6688,-8544,11112,-331,166,-167,-13376,3636,7064,-816,108,73,-13240,-6524,6412,-342,32,-76,0
2679.051181077957,7520,8200,10832,-322,-21,54,6412,-8564,11076,-219,186,-153,-13212,3568,6744,-846,83,35,-13112,-6512,6468,-380,50,-43,0
2679.0873000621796,7464,8268,10956,-189,-20,104,6588,-8572,11020,-229,97,-133,-13528,3404,6796,-894,127,35,-13284,-6444,6568,-365,64,18,0
2679.1224250793457,7452,8268,11064,-210,-11,150,6648,-8616,11152,-186,92,-123,-13292,3756,6824,-959,199,5,-13312,-6548,6624,-378,72,76,0
2679.1576659679413,7632,8340,10948,-221,-12,185,6696,-8668,11260,-221,95,-42,-13484,3768,6852,-899,160,105,-13260,-6596,6640,-457,27,255,0
2679.1927230358124,7444,8332,11092,-163,21,151,6612,-8684,11276,-227,159,-75,-13244,3592,6824,-933,114,40,-13172,-6568,6596,-483,41,-49,0
2679.2281899452214,7616,8412,10824,-186,-9,157,6508,-8548,11136,-164,152,-93,-13272,3580,6856,-953,160,25,-13052,-6632,6636,-518,97,-13,0
2679.2636530399323,7416,8460,10768,-189,-46,168,6488,-8572,11228,-192,14,-184,-13252,3640,6760,-994,186,-79,-13184,-6544,6540,-495,156,19,0
2679.2996270656586,7448,8432,10952,-166,-78,164,6880,-8648,11220,-157,-246,-211,-13464,3600,6804,-943,214,-64,-13100,-6500,6472,-499,204,-10,0
2679.3349609375005,7604,8544,10972,-193,-118,144,6784,-8496,11228,-183,49,-234,-13460,3500,6764,-944,185,-91,-13244,-6616,6428,-467,222,-26,0
2679.370414018631,7512,8480,10928,-210,-142,108,6860,-8456,11072,-175,146,-274,-13360,3608,6616,-901,165,-99,-13416,-6548,6460,-448,215,-74,0
2679.4071321487427,7556,8388,10820,-252,-142,85,6744,-8540,11508,-146,104,-270,-13304,3660,6648,-996,133,-91,-13104,-6644,6492,-436,166,-90,0
2679.4404809474945,7616,8376,10780,-220,-52,90,6768,-8604,11332,-107,99,-189,-13408,3652,6988,-950,90,-72,-13272,-6840,6692,-444,80,-110,0
2679.4738631248474,7576,8356,10928,-228,-6,103,6720,-8692,11176,-112,186,-116,-13380,3636,6940,-916,68,22,-13236,-6724,6476,-447,57,-113,0
2679.507379055023,7420,8504,11156,-329,-7,79,6604,-8480,11340,-161,203,-165,-13316,3624,6920,-867,88,38,-13280,-6644,6516,-373,65,-94,0
2679.5409910678864,7524,8516,10836,-271,12,52,6620,-8544,11496,-205,194,-172,-13260,3620,6660,-873,89,-7,-13228,-6528,6492,-405,80,-75,0
2679.5743799209595,7388,8216,10816,-335,-43,80,6596,-8608,11172,-163,187,-146,-13504,3648,6988,-941,130,-54,-13152,-6500,6512,-388,166,-62,0
2679.6079289913177,7500,8504,10824,-323,-100,125,6564,-8640,11176,-178,96,-249,-13172,3352,6892,-922,184,-43,-13284,-6576,6560,-374,181,-27,0
2679.641284942627,7216,8440,10916,-299,-104,123,6448,-8488,11088,-229,93,-248,-13316,3664,6732,-863,211,-37,-13312,-6484,6536,-354,178,-16,0
2679.6748390197754,7568,8368,10768,-331,-127,113,6724,-8688,11048,-205,65,-269,-13312,3792,6664,-882,170,-62,-13396,-6176,6620,-366,195,-11,0
2679.7084040641785,7620,8208,10936,-281,-135,103,6748,-8744,11268,-182,43,-263,-13384,3668,6700,-974,170,-112,-13332,-6216,6864,-416,200,-50,0
2679.7419810295105,7516,8300,11064,-228,-95,60,6740,-8600,11020,-155,64,-232,-13520,3704,6828,-942,94,-98,-13428,-6488,6808,-453,110,-146,0
2679.7753100395203,7508,8288,11220,-188,-1,35,6840,-8916,11088,-122,214,-181,-13444,3804,6624,-948,34,237,-13404,-6420,6796,-475,88,-177,0
2679.808954000473,7524,8252,11252,-189,255,57,6632,-8680,10880,-123,135,-179,-13272,3744,6408,-995,52,-13,-13200,-6168,6708,-480,67,-151,0
2679.842442035675,7616,8208,11080,-167,255,97,6804,-8740,11148,-83,158,-156,-13396,3728,6588,-952,92,-91,-13216,-6636,6644,-469,121,-135,0
2679.8760170936584,7524,8336,10984,-207,-58,98,6740,-8960,11156,-93,160,-196,-13312,3656,6764,-970,101,-114,-13196,-6492,6644,-462,144,-106,0
2679.915419101715,7324,8284,10828,-176,-109,91,6652,-8740,11212,-80,179,-207,-13104,3696,6696,-976,89,-112,-13068,-6520,6668,-452,168,-146,0
2679.949383020401,7452,8324,11132,-167,-64,64,6648,-8584,11036,-54,185,-179,-13344,3724,7020,-981,62,-124,-13088,-6520,6632,-489,151,-142,0
2679.982748031616,7388,8232,11104,-153,-58,77,6600,-8484,11132,-35,174,-211,-13336,3772,6716,-999,93,-111,-13116,-6484,6472,-481,169,-152,0
2680.0162041187286,7292,8316,10816,-165,-92,100,6624,-8588,11468,-28,150,-212,-13216,3676,6676,-1005,95,-48,-13320,-6464,6672,-490,187,-131,0
2680.0501859188084,7488,8452,10960,-180,-73,110,6636,-8632,11096,-64,150,-197,-13300,3796,6768,-1000,84,-67,-13256,-6564,6548,-501,128,-123,0
2680.083755970001,7356,8380,10940,-153,-62,141,6636,-8704,11192,-84,108,-162,-13092,3584,6668,-1002,120,-61,-13300,-6452,6596,-494,142,-100,0
2680.1174190044403,7572,8392,10928,-205,-67,161,6768,-8648,11208,-83,134,-153,-13356,3736,6764,-1279,160,-92,-13308,-6512,6568,-503,124,-59,0
2680.1509470939636,7464,8304,11068,-185,-45,142,6860,-8452,10976,-50,119,-148,-13352,3748,6840,-1004,168,-84,-13296,-6556,6640,-490,142,-43,0
2680.184478998184,7564,8384,11236,-179,-69,187,6892,-8956,11132,-33,108,-165,-13248,3764,6696,-995,174,-115,-13228,-6540,6704,-465,219,-62,0
2680.2182099819183,7460,8444,11000,-224,-160,172,6716,-8896,11008,-61,104,-226,-13400,3760,6836,-959,190,-110,-13428,-6564,6524,-465,255,-54,0
2680.2518990039825,7520,8356,10980,-229,-142,157,6740,-8844,11216,-67,134,-238,-13356,3756,6668,-942,154,-97,-13396,-6548,6592,-463,196,-63,0
2680.2854931354523,7596,8304,10912,-274,-102,147,6736,-8760,11108,-25,144,-208,-13364,3748,6536,-998,125,-84,-13216,-6648,6160,-470,205,-59,0
2680.3192999362946,7484,8296,11144,-328,-112,182,6488,-8720,11208,27,165,-189,-13412,3728,6812,-1032,127,-134,-13204,-6448,6548,-471,181,-106,0
2680.352872133255,7452,8372,11140,-3,-102,152,6708,-8692,11052,-256,149,-209,-13332,3596,6756,-985,91,-168,-13416,-6488,6532,-464,184,-140,0
2680.3862011432648,7576,8312,11108,-310,-130,125,6704,-8728,11156,13,130,-229,-13104,3680,6828,-968,130,-117,-13192,-6448,6532,-469,240,-86,0
2680.4198191165924,7676,8304,10752,-303,-143,161,6664,-8732,11112,-10,89,-226,-13228,3740,6460,-770,145,-125,-13276,-6380,6596,-488,225,-82,0
2680.4577491283417,7600,8316,11068,-266,-167,200,6456,-8680,10868,248,61,-177,-13348,3716,6856,-993,192,-105,-13424,-6432,6612,-506,181,-48,0
2680.4928319454193,7564,8336,10916,-252,-99,201,6436,-8476,11124,-8,117,-145,-13360,3680,6796,-998,194,-119,-13236,-6648,6560,-488,157,-58,0
2680.5287461280823,7552,8312,10924,-274,-108,200,6748,-8704,11232,19,98,-163,-13440,3396,6892,-998,153,-113,-13352,-6464,6604,-498,175,-66,0
2680.563905954361,7652,8236,11112,-4,-97,174,6640,-8648,11076,31,145,-179,-13296,3652,6756,-989,132,-146,-13288,-6488,6624,-465,197,-71,0
2680.5998210906982,7528,8248,10900,-297,-169,199,6724,-8640,11208,-2,147,-210,-13328,3612,6508,-1014,140,-132,-13312,-6500,6480,-478,209,-75,0
2680.6348149776454,7516,8340,10956,-285,-181,194,6744,-8656,11012,3,124,-198,-13472,3612,6748,-987,179,-125,-13508,-6516,6760,-461,190,-86,0
2680.6706440448766,7648,8380,11248,-285,-136,166,6820,-8604,11104,38,146,-196,-13308,3728,6816,-1004,202,-105,-13064,-6452,6544,-466,192,-75,0
2680.7062461376186,7592,8212,10912,-300,-171,191,6772,-8956,11060,249,101,-214,-13316,3664,6816,-990,167,-84,-13320,-6516,6552,-473,205,-88,0
2680.742700099945,7612,8424,10888,-269,-153,173,6472,-8688,11080,-21,81,-220,-13568,3652,6672,-962,168,-94,-13072,-6496,6556,-457,211,-82,0
2680.7782571315765,7552,8252,11204,-222,-163,160,6900,-8544,11152,-46,105,-214,-13308,3712,6732,-957,144,-101,-13384,-6156,6516,-478,175,-85,0
2680.8139250278473,7612,8160,11140,-198,-120,125,6736,-8664,11040,-62,140,-176,-13352,3720,6812,-979,100,-22,-13424,-6404,6540,-494,170,-106,0
2680.8498489856725,7728,8224,10984,-135,-81,105,6724,-8640,10760,-36,140,-167,-13420,3664,6728,-1006,96,-74,-13068,-6428,6176,-490,127,-178,0
2680.8849179744725,7644,8260,10912,-97,-35,95,6820,-8672,11216,-68,143,-174,-13192,3728,6600,-982,89,-31,-13364,-6180,6484,-484,109,-174,0
2680.9212851524353,7648,8192,10900,-112,-39,58,6740,-8608,11200,-69,130,-182,-13400,3640,6760,-997,88,-64,-13060,-6364,6476,-465,121,-156,0
2680.957144021988,7596,7948,10896,-101,-4,65,6812,-8884,11100,-116,152,-144,-13336,3576,6688,-989,72,-68,-13352,-6424,6568,-474,79,-137,0
2680.9925529956818,7580,8228,10924,-81,3,79,6712,-8564,11160,-67,152,-169,-13504,3780,6656,-1273,52,-12,-13288,-6316,6460,-504,102,-161,0
2681.028034925461,7512,8024,11040,-113,-2,64,6748,-8620,11224,-57,155,-168,-13464,3608,6844,-1006,66,-72,-13220,-6512,6628,-486,115,-153,0
2681.0634319782257,7536,8312,10912,-50,251,28,6700,-8664,11440,-113,170,-118,-13420,3716,6872,-989,5,-41,-13376,-6484,6716,-473,79,-164,0
2681.1000559329987,7556,8016,11104,-169,255,44,6452,-8660,11160,-122,173,-160,-13540,3732,6848,-951,45,-68,-13264,-6488,6492,-484,112,-156,0
2681.1334710121155,7516,8248,10908,-92,-15,42,6448,-8644,11212,-111,159,-140,-13268,3736,6596,-967,68,-31,-13268,-6192,6660,-459,77,-125,0
2681.167223930359,7604,8208,10996,-131,44,86,6676,-8892,11080,-123,153,-115,-13428,3752,6448,-947,49,20,-13520,-6408,6444,-467,29,-156,0
2681.2007400989532,7488,8252,10904,-118,57,88,6892,-8712,11068,-93,140,-108,-13560,3700,6828,-977,69,-253,-13532,-6408,6564,-481,37,-145,0
2681.234204053879,7484,8228,10984,-116,48,80,6524,-8728,11152,-94,131,-143,-13372,3716,6820,-961,98,-76,-13228,-6564,6608,-492,100,-114,0
2681.26756811142,7552,8256,11188,-127,18,81,6828,-8916,10788,-57,157,-158,-13388,3620,6432,-997,95,-61,-13236,-6448,6472,-490,141,-99,0
2681.3011610507965,7524,8312,10944,-157,-72,99,6688,-8704,11088,-85,136,-192,-13396,3588,6828,-987,86,-52,-13216,-6396,6516,-489,158,-83,0
2681.33452296257,7536,8272,11180,-101,-37,86,6776,-8728,11136,-91,123,-183,-13408,3732,6744,-986,71,-10,-13328,-6424,6608,-474,123,-119,0
2681.3684301376343,7672,8292,11256,-168,-252,80,6728,-8712,11104,-66,137,-174,-13400,4076,6404,-1001,48,-59,-13384,-6508,6592,-478,136,-144,0
2681.402025938034,7496,8236,11096,-156,-8,71,6720,-8768,11056,-56,163,-151,-13360,3824,6756,-1008,55,-55,-13276,-6400,6560,-762,122,-147,0
2681.4352929592133,7568,8312,10932,-143,-33,80,6676,-8744,11080,-89,152,-176,-13552,3584,6696,-981,80,-72,-13276,-6484,6548,-480,118,-150,0
2681.4682569503784,7428,8264,10968,-142,-71,78,6688,-8452,11156,-122,136,-183,-13268,3816,6788,-974,71,-39,-13332,-6512,6680,-496,99,-142,0
2681.5018949508667,7528,8260,11008,-124,22,62,6584,-8860,11236,-104,178,-148,-13308,3772,6700,-981,33,-32,-13280,-6432,6568,-496,78,-162,0
2681.5353360176086,7488,8280,11052,-168,4,91,6476,-8644,11212,-30,166,-139,-13552,3676,6820,-979,55,-64,-13320,-6412,6660,-503,135,-123,0
2681.56893491745,7320,8464,11016,-125,-32,119,6604,-8680,11132,-55,118,-181,-13296,3684,6664,-965,98,-83,-13264,-6852,6632,-489,141,-106,0
2681.6025729179382,7468,8284,11016,-94,-5,95,6624,-8740,11112,-74,172,-173,-13368,4064,6496,-963,63,-54,-13556,-6456,6420,-767,151,-111,0
2681.6358001232147,7508,8384,11132,-164,-42,118,6648,-8940,11000,-66,106,-208,-13320,3680,6660,-955,107,-67,-13336,-6512,6492,-504,128,-89,0
2681.6691410541534,7500,8280,11028,-114,-34,135,6588,-8680,11004,-88,113,-158,-13092,3680,6772,-975,121,-86,-13280,-6644,6652,-489,76,-91,0
2681.702639102936,7496,8260,10924,-105,-1,115,6668,-8656,11004,-81,147,-136,-13380,3684,6944,-960,81,243,-13272,-6432,6628,-499,98,-151,0
2681.735904932022,7456,8356,11244,-173,241,78,6892,-8780,11080,-91,162,-146,-13316,3752,6932,-947,63,-20,-13236,-6456,6616,-487,62,-157,0
2681.7694540023804,7456,8364,10972,-187,15,77,6708,-8832,10980,-70,164,-124,-13240,3716,6608,-986,55,-9,-13196,-6412,6776,-493,92,-138,0
2681.8029229640965,7512,8232,11072,-169,-25,88,6604,-8848,11056,-78,127,-174,-13532,3732,6564,-1017,65,-64,-13320,-6492,6600,-759,132,-119,0
2681.8365321159363,7404,8340,10888,-197,-38,92,6656,-8796,10896,-71,109,-195,-13356,4072,6764,-988,65,-74,-13232,-6420,6624,-520,121,-156,0
2681.8702371120453,7440,8272,11036,-151,-78,94,6692,-8748,11104,-32,137,-177,-13440,3700,6680,-1018,74,-46,-13244,-6428,6604,-535,123,-155,0
2681.9034121036534,7492,8280,11080,-105,-26,107,6648,-8744,11196,-28,199,-169,-13376,3788,6496,-980,52,-57,-13148,-6512,6708,-516,147,-155,0
2681.93709897995,7424,8132,11076,-126,-66,80,6632,-8780,10884,-24,213,-194,-13308,3808,6732,-959,15,-100,-13212,-6536,6648,-496,151,-175,0
2681.9706490039825,7384,8316,10996,-150,-63,53,6528,-8788,11136,-28,217,-168,-13396,3864,6836,-937,33,-96,-13144,-6524,6636,-504,119,-163,0
2682.0042819976807,7368,8352,11176,-182,-41,60,6444,-8740,10808,-51,217,-140,-13104,4008,6856,-981,68,-79,-13308,-6524,6488,-479,101,-157,0
2682.0377340316772,7364,8304,11128,-179,-29,92,6680,-8788,11124,-40,174,-153,-13072,3744,6848,-993,92,-29,-13300,-6196,6468,-504,86,-150,0
2682.071296930313,7400,8296,10864,-176,-25,96,6612,-8772,11232,-28,205,-130,-13292,3732,6536,-985,80,-37,-13152,-6532,6576,-504,90,-166,0
2682.1046221256256,7416,8268,11060,-199,-52,125,6716,-8748,11172,-56,193,-144,-13308,3728,6756,-961,122,-70,-13068,-6484,6644,-485,113,-118,0
2682.142436027527,7604,8420,11104,-174,-46,135,6908,-8500,11232,-45,172,-138,-13340,3632,6436,-943,153,-85,-13228,-6532,6528,-507,134,-93,0
2682.1777040958405,7412,8364,10944,-235,-103,165,6624,-8616,11136,-76,119,-158,-13368,3836,6652,-987,151,-72,-13224,-6556,6832,-490,142,-40,0
2682.2132890224457,7656,8288,11096,-244,-97,177,6600,-8776,11164,-54,131,-186,-13336,3832,6744,-968,205,-95,-13304,-6508,6548,-492,175,-69,0
2682.248883962631,7328,8316,11024,-265,-116,196,6572,-8828,11108,-37,138,-165,-13404,4052,6828,-985,169,-45,-13292,-6472,6608,-502,156,-48,0
2682.2843470573425,7476,8324,10944,-2,-128,177,6716,-8692,10968,-38,131,-183,-13412,3784,6844,-970,194,-64,-13168,-6416,6616,-474,177,-68,0
2682.3200359344482,7444,8236,11120,-287,-102,201,6428,-8864,10792,-20,145,-179,-13432,3700,6764,-956,146,-106,-13180,-6652,6652,-466,166,-50,0
2682.355648994446,7368,8324,10776,-290,-99,211,6692,-8832,11140,11,194,-165,-13324,3788,6448,-1003,191,-113,-13304,-6408,6596,-481,149,-85,0
2682.390746116638,7452,8312,11156,-298,-98,193,6604,-8836,11108,13,134,-218,-13316,3832,6804,-984,169,-143,-13480,-6656,6552,-474,196,-40,0
2682.4262220859528,7672,8160,11172,-321,-161,206,6644,-8748,11160,-5,121,-207,-13096,3792,6600,-995,200,-125,-13232,-6464,6620,-468,192,-32,0
2682.4618849754333,7488,8284,10992,-263,-132,206,6664,-8912,11068,-27,129,-166,-13404,3780,6776,-994,147,-119,-13268,-6372,6640,-496,147,-73,0
2682.4975550174713,7548,8196,10956,-337,-97,208,6728,-8824,11180,45,112,-154,-13272,3768,6772,-1280,140,-98,-13332,-6360,6600,-496,171,-72,0
2682.5336289405823,7500,8328,11116,-284,-159,190,6600,-8576,11240,21,132,-195,-13356,3728,6732,-975,126,-72,-13224,-6604,6580,-442,171,-111,0
2682.5695631504054,7488,8192,11116,-267,-119,149,6684,-8804,11096,-5,152,-189,-13500,3772,6748,-989,163,-149,-13524,-6392,6452,-508,220,-90,0
2682.604674100876,7632,8200,11016,-275,-184,166,6528,-8876,10964,-13,122,-199,-13296,3800,6536,-1042,141,-89,-13388,-6432,6580,-485,181,-71,0
2682.640289068222,7536,8256,11128,-309,-131,209,6588,-8760,10952,-36,94,-205,-13436,3736,6760,-982,173,-100,-13276,-6428,6532,-457,125,-97,0
2682.6754529476166,7524,7984,11008,-256,-54,162,6728,-8768,11112,-29,132,-138,-13324,3724,6520,-983,117,-62,-13396,-6516,6580,-460,92,-110,0
2682.7111079692845,7508,8444,11196,-231,-72,150,6636,-8700,11244,-63,154,-143,-13308,3680,6684,-962,139,-86,-13128,-6508,6700,-496,140,-112,0
2682.7471010684967,7440,8156,10904,-205,-140,159,6584,-8732,11108,-67,88,-201,-13252,3716,6484,-993,169,-113,-13176,-6496,6584,-462,200,-38,0
2682.7829189300537,7456,7956,11012,-251,-161,176,6568,-8552,11208,-57,73,-204,-13236,3876,6560,-981,188,-143,-13256,-6392,6592,-488,194,-45,0
2682.8166420459747,7520,8188,11108,-225,-148,175,6764,-8744,11148,-54,156,-186,-13352,3836,6576,-963,143,-91,-13368,-6500,6708,-481,158,-87,0
2682.850186109543,7572,8156,10780,-166,-142,110,6424,-8712,11052,-52,81,-169,-13376,3792,6616,-999,159,-46,-13312,-6476,6548,-475,150,-94,0
2682.8836109638214,7536,8132,10920,-144,-92,98,6716,-8788,10772,-37,189,-149,-13444,3824,6584,-1024,111,-101,-13364,-6364,6516,-480,114,-143,0
2682.917057991028,7540,8404,11224,-147,-15,97,6712,-8680,11120,-69,200,-148,-13484,3764,6500,-988,47,-63,-13568,-6156,6576,-470,84,-188,0
2682.9500679969788,7624,8176,11108,-167,-48,89,6556,-8712,11156,-80,161,-130,-13348,3768,6524,-971,72,-34,-13092,-6420,6644,-459,83,-157,0
2682.9836320877075,7516,8436,11100,-174,-254,54,6672,-8780,11160,-101,151,-138,-13396,3896,6436,-946,101,-29,-13212,-6452,6692,-460,114,-149,0
2683.0173659324646,7460,8416,11060,-142,-20,59,6616,-8812,11160,-100,195,-145,-13324,3744,6544,-950,67,-25,-13296,-6396,6648,-484,54,-163,0
2683.0506830215454,7424,8236,11224,-119,6,99,6456,-8952,11168,-112,150,-102,-13244,3832,6640,-973,123,-32,-13076,-6360,6452,-476,91,-107,0
2683.08393907547,7368,8260,11048,-207,251,145,6872,-8768,11120,-138,96,-122,-13328,3796,6712,-992,159,5,-13288,-6480,6620,-458,84,-48,0
2683.1175611019135,7452,8040,11228,-276,-57,157,6512,-8876,11096,-133,86,-150,-13224,3596,6888,-981,146,-23,-13160,-6396,6656,-478,79,-78,0
2683.151020050049,7444,8408,11184,-151,39,133,6552,-8752,11088,-22,135,-95,-13320,4000,6804,-1065,83,-256,-13292,-6440,6684,-575,70,-124,0
2683.1845149993896,7516,8004,11008,-114,64,91,6628,-8924,11144,68,138,-102,-13416,3908,6892,-1111,25,-123,-13376,-6404,6868,-600,124,-189,0
2683.2182080745697,7476,8120,11172,-92,49,80,6624,-8868,10756,109,163,-173,-13348,3936,6576,-1106,25,-183,-13332,-6416,6652,-594,165,-206,0
2683.251533985138,7456,8132,11116,-46,-9,20,6696,-8784,10964,128,189,-210,-13420,3752,6668,-1176,-59,-158,-13084,-6380,6408,-651,192,-285,0
2683.285262107849,7528,8068,11036,-51,-45,-35,6660,-8912,10984,180,263,-237,-13444,3856,6628,-1195,-112,-163,-13328,-6364,6660,-650,263,-315,0
2683.3188130855565,7492,8028,10912,-3,-57,-120,6692,-8820,11072,212,241,-249,-13460,3836,6448,-1224,-134,-498,-13348,-6164,6564,-643,249,-394,0
2683.351925134659,7456,8064,11208,76,-58,-161,6760,-8816,11236,260,253,-264,-13608,3840,6784,-1228,-179,-14,-13292,-6412,6668,-667,234,-422,0
2683.3853261470795,7420,8268,11080,90,-89,-160,6704,-8692,10960,220,318,-511,-13468,3804,6676,-1197,-172,-249,-13252,-6560,6900,-605,271,-402,0
2683.4189331531525,7344,8248,11184,-254,-182,-154,6204,-8472,11020,177,332,-321,-13312,3744,6688,-1125,-170,-260,-13236,-6584,6608,-580,310,-377,0
2683.4522569179535,7660,8256,10768,36,-203,-127,6484,-8636,11144,145,251,-300,-13228,3780,6644,-1173,-91,-280,-13192,-6532,6412,-679,279,-510,0
2683.4857001304626,7624,8208,10560,79,-98,82,6456,-8376,11312,158,95,-179,-13144,3620,6780,-1262,54,-161,-13104,-6760,6648,-759,154,-123,0
2683.519237995148,7576,8900,10784,195,35,299,6532,-8100,11192,82,-22,68,-13512,3352,6800,-1185,185,26,-13124,-6952,6360,-671,-73,-54,0
2683.552519083023,7572,8872,10832,66,184,350,6432,-7960,11416,-104,52,109,-13324,3152,7096,-1005,178,183,-13356,-7200,6240,-497,-153,-31,0
2683.5864131450653,7320,8880,10908,-228,194,222,6588,-8344,11436,-317,104,23,-13504,3148,6700,-813,163,228,-13232,-7032,6548,-303,-96,-7,0
2683.6199860572815,7252,8576,10876,-469,65,62,6412,-8596,11308,-435,251,-129,-13180,3560,6924,-669,160,87,-13032,-6796,6496,-240,42,-18,0
2683.6531529426575,6996,8624,11056,-574,-78,68,6644,-8756,11056,-484,198,-291,-13112,3724,6804,-648,135,51,-13132,-6540,6620,-190,142,40,0
2683.686777114868,7312,8104,11204,-588,-241,98,6180,-8900,10848,-545,147,-337,-13260,4036,6608,-631,314,56,-13208,-6292,6768,-156,131,100,0
2683.7202179431915,7388,8000,11172,-581,-229,156,6652,-8992,10984,-461,93,-307,-13384,4268,6764,-741,281,56,-13284,-6216,6660,-270,83,70,0
2683.7537939548492,7504,7888,11128,-438,-99,214,6460,-9216,10964,-243,110,-186,-13440,4172,6468,-883,233,-44,-13216,-6236,6936,-384,96,-21,0
2683.7897441387177,7480,7916,11248,-205,-88,181,6540,-9068,11020,-36,158,-161,-13348,4044,6448,-954,134,-141,-13228,-6636,6656,-491,5,-139,0
2683.825590133667,7348,8128,11396,-80,-133,147,6552,-8920,10824,113,218,-161,-13320,3820,6572,-1038,163,-238,-13276,-6436,6668,-570,312,-67,0
2683.861299991608,7488,8124,11136,-76,-228,244,6468,-8692,11220,193,135,-173,-13140,3800,6784,-1171,278,-3,-13252,-6432,6576,-617,359,2,0
2683.8976719379425,7424,8272,11008,-105,-234,308,6448,-8812,11116,226,33,-207,-13260,3764,6816,-1229,269,-231,-13368,-6616,6280,-645,330,39,0
2683.932834148407,7660,8344,11080,-108,-138,303,6560,-8532,11192,54,-49,-182,-13476,3604,7000,-1089,200,-128,-13464,-6732,6744,-570,169,0,0
2683.9676830768585,7712,8364,11048,-251,-48,255,6868,-8612,11252,-84,118,-113,-13588,3640,6748,-947,141,40,-13476,-6636,6544,-467,34,-40,0
2684.0035200119014,7736,8440,10960,-333,23,204,6640,-8664,11224,-178,141,-75,-13436,3784,6408,-932,150,14,-13376,-6452,6472,-408,-6,-56,0
2684.0392320156097,7572,8108,10924,-368,100,171,6764,-8752,11060,-208,94,-78,-13724,3792,6776,-943,124,77,-13364,-6504,6552,-425,-35,-80,0
2684.074397087097,7552,8144,11124,-346,73,174,6432,-8948,11168,-138,116,-83,-13412,3824,6856,-959,112,7,-13152,-6544,6600,-431,47,-85,0
2684.1098940372467,7168,8204,11000,-293,-50,115,6612,-8904,10816,-88,153,-178,-13332,4020,6764,-962,88,-71,-12868,-6492,6632,-462,156,-157,0
2684.1450469493866,7196,7936,11164,-236,-159,63,6620,-8824,11180,-41,233,-242,-13276,3852,6568,-974,12,-188,-13256,-6536,6616,-478,181,-208,0
2684.180635929108,7528,7948,11028,-249,-189,58,6648,-8760,11156,-14,196,-509,-13312,3748,6588,-996,25,-173,-13348,-6460,6720,-517,188,-204,0
2684.2154819965363,7424,8244,11164,-192,-121,53,6464,-8828,11080,19,180,-219,-13240,4052,6724,-1000,43,-179,-13344,-6500,6640,-522,164,-170,0
2684.25177693367,7384,8196,11108,-246,-127,111,6540,-8800,11112,86,183,-185,-13136,3848,6804,-1047,100,-144,-13076,-6572,6580,-500,254,-148,0
2684.287698984146,7296,8244,11164,-244,-254,149,6256,-8808,11100,101,198,-255,-13184,3764,6764,-1035,157,-476,-13108,-6532,6680,-453,374,-33,0
2684.3229060173035,7292,8248,11036,-276,-398,190,6312,-8744,11156,28,130,-333,-13140,3856,6636,-992,277,-4,-13168,-6356,6668,-488,448,47,0
2684.3586390018463,7628,7972,10784,-223,-425,297,6432,-8776,11092,-42,45,-330,-13304,3820,6684,-1011,375,-173,-13236,-6492,6856,-528,400,45,0
2684.3937859535217,7572,8112,10880,-158,-338,288,6708,-8720,10844,-61,21,-286,-13400,3832,6504,-1034,272,-227,-13484,-6436,6456,-551,278,-30,0
2684.431086063385,7812,8088,11076,-77,-161,180,6808,-8668,11084,-33,50,-224,-13580,3656,6400,-1033,109,-123,-13532,-6484,6408,-534,156,-168,0
2684.464196920395,7800,8240,10968,-92,-69,82,6852,-8528,11244,-75,117,-188,-13524,3540,6436,-942,60,-100,-13420,-6524,6436,-462,156,-170,0
2684.497975111008,7784,8248,11080,-133,-112,32,6688,-8536,11204,-143,204,-190,-13488,3524,6568,-927,113,-103,-13472,-6200,6360,-432,142,-135,0
2684.5318009853363,7744,8184,10840,-176,-100,62,6772,-8688,11108,-108,178,-155,-13464,3724,6448,-1015,95,-66,-13312,-6420,6476,-512,105,-126,0
2684.5652730464935,7680,8112,10788,-113,-30,114,6520,-8628,11036,-10,122,-96,-13388,3700,6688,-1068,125,13,-13368,-6576,6520,-492,55,-117,0
2684.598911046982,7600,8192,11044,-93,80,119,6536,-8456,11144,-66,111,-29,-13308,3796,6728,-1033,102,90,-13320,-6628,6832,-477,-91,-116,0
2684.6324551105495,7532,8260,11096,-150,196,82,6448,-8836,11104,-50,191,-27,-13368,3740,6780,-1280,68,64,-13072,-6588,6684,-475,-32,-177,0
2684.666074037552,7420,8000,11096,-146,154,67,6444,-8760,11412,-12,163,-73,-13360,3812,6916,-1055,72,-235,-13072,-6452,6612,-271,60,-165,0
2684.7000110149384,7640,8176,11160,25,71,31,6500,-8888,11092,-40,127,-130,-13240,3696,6776,-1041,46,-62,-13236,-6656,6668,-527,73,-177,0
2684.733672142029,7400,8232,11164,-35,58,40,6516,-8792,11144,-171,131,-157,-13420,3772,6616,-935,128,-59,-13392,-6548,6612,-439,83,-145,0
2684.76726102829,7632,8228,11084,-121,248,39,6480,-8772,10924,-284,145,-202,-13384,3832,6588,-866,100,244,-13296,-6396,6588,-404,86,-122,0
2684.800750017166,7580,8084,10944,-208,-6,72,6656,-8832,11000,-298,175,-153,-13548,4076,6576,-856,125,27,-13336,-6272,6584,-419,60,-88,0
2684.8344140052795,7648,7980,11072,-244,-6,132,6616,-8872,10904,-191,151,-92,-13460,3968,6480,-952,144,59,-13376,-6340,6560,-447,15,-74,0
2684.868073940277,7516,8068,11044,-146,77,149,6404,-8904,11076,-142,181,-52,-13156,3764,6652,-1032,161,54,-13232,-6396,6636,-478,23,-120,0
2684.9013409614563,7432,8104,11076,-63,78,113,6624,-8864,11120,-26,154,-87,-13416,3960,6804,-1066,76,-101,-13140,-6492,6628,-537,112,-168,0
2684.9380991458893,7392,8184,11200,-8,52,30,6460,-8824,11100,35,152,-160,-13296,3872,6612,-1097,26,-162,-13160,-6472,6452,-546,189,-230,0
2684.9715559482574,7248,8136,11072,-25,-98,4,6416,-8788,11080,60,191,-235,-13216,3832,6700,-1046,36,-223,-13084,-6568,6828,-531,292,-201,0
2685.005228996277,7272,8256,11032,-38,-142,254,6436,-8900,11020,-11,203,-308,-13340,3704,6612,-1273,51,-178,-13548,-6568,6604,-479,223,-204,0
2685.038727045059,7328,8256,11176,-103,-51,17,6572,-8760,11112,-131,181,-237,-13476,3688,7072,-910,-256,-38,-13500,-6384,6700,-497,87,-152,0
2685.0723600387573,7616,8292,11056,-209,18,56,6536,-8780,11052,-73,166,-104,-13280,3796,6512,-995,74,-15,-13408,-6584,6700,-473,64,-131,0
2685.105992078781,7448,8252,11008,-221,51,113,6608,-8808,11188,-53,156,-97,-13380,3740,6452,-991,104,-43,-13332,-6424,6592,-445,41,-107,0
2685.1392860412598,7428,8296,11244,-151,73,126,6556,-8812,11172,-37,123,-107,-13388,3748,6844,-991,115,253,-13372,-6612,6656,-477,58,-118,0
2685.172655105591,7624,8372,10800,-88,64,125,6532,-8812,11144,-40,122,-136,-13396,3604,6772,-992,126,-4,-13264,-6904,6560,-518,118,-101,0
2685.2063839435577,7436,8320,11176,-105,-33,132,6628,-8708,11176,-3,122,-175,-13228,3656,6716,-1025,114,-77,-13172,-6604,6416,-504,179,-103,0
2685.239683151245,7412,8284,10824,-129,-65,84,6532,-8796,10936,-53,132,-206,-13068,3720,6704,-997,59,-80,-13336,-6636,6428,-497,156,-105,0
2685.2733521461487,7432,8228,10996,-174,-67,67,6624,-8800,11056,-97,159,-176,-13480,4056,6744,-952,68,-113,-13312,-6484,6620,-433,157,-139,0
2685.3069729804993,7488,8220,11136,-192,-80,15,6636,-8928,11052,-108,258,-169,-13280,3844,6356,-963,72,-56,-13332,-6472,6708,-422,182,-146,0
2685.340651988983,7244,8232,11172,-208,-129,66,6552,-8968,11028,-132,165,-265,-13388,4008,6720,-887,115,-79,-13276,-6492,6416,-410,209,-86,0
2685.3742430210114,7620,7972,11188,-225,-124,85,6800,-8900,10960,-174,144,-223,-13368,3960,6588,-897,99,-50,-13288,-6328,6584,-417,154,-60,0
2685.4076039791107,7600,8112,10856,-246,-41,143,6584,-9032,10916,-94,174,-113,-13408,3980,6628,-1015,103,-29,-13340,-6192,6596,-518,65,-138,0
2685.4412391185765,7496,8116,11044,-121,55,135,6604,-8984,11012,107,133,-67,-13444,3888,6412,-1170,89,-88,-13268,-6460,6572,-619,73,-170,0
2685.4777319431305,7368,8444,11144,-5,107,92,6480,-8852,11252,210,135,-120,-13492,4032,6900,-1171,36,-63,-13200,-6480,6708,-593,93,-267,0
2685.5133299827576,7216,8360,11264,25,96,0,6472,-8892,10992,224,233,-154,-13100,3724,6780,-1176,-41,-217,-13208,-6664,6772,-572,162,-284,0
2685.5491490364075,7268,8692,11068,-23,-81,-14,6416,-8800,11180,155,190,-273,-13272,3668,6764,-1066,61,-491,-13184,-6720,6688,-506,505,-160,0
2685.5841541290283,7400,8508,11044,-103,-181,70,6488,-8580,11176,-67,173,-273,-13364,3684,6680,-978,140,-120,-13400,-6548,6512,-434,179,-79,0
2685.6197600364685,7416,8476,10976,-230,-81,125,6596,-8924,11004,-189,151,-168,-13356,3748,6640,-885,155,53,-13124,-6480,6652,-391,13,-63,0
2685.6547350883484,7608,8328,11068,-301,51,133,6532,-8784,11060,-214,165,-96,-13488,3756,6792,-886,205,43,-13380,-6488,6260,-399,-7,-20,0
2685.690278053284,7568,8280,11060,-309,63,168,6404,-8960,11084,-180,156,-91,-13368,3788,6488,-936,174,-18,-13268,-6480,6692,-413,66,-46,0
2685.7255840301514,7324,8332,11164,-281,-53,172,6448,-8884,11072,-43,122,-148,-13300,3836,6800,-991,176,-100,-13148,-6484,6864,-463,205,-77,0
2685.761843919754,7296,7960,11144,-197,-169,172,6376,-8932,11008,47,124,-231,-13228,3604,6884,-1015,200,-213,-13072,-6472,6676,-493,5,-66,0
2685.798027038574,7276,8208,11168,-179,-154,191,6424,-8820,10996,35,99,-240,-13208,3920,6800,-1048,194,-137,-13160,-6460,6848,-516,190,-42,0
2685.8334169387817,7340,8280,11096,-205,-137,195,6460,-8852,11056,42,111,-158,-13332,4076,6852,-1010,181,-92,-13548,-6508,6744,-518,110,-41,0
2685.8694379329686,7624,8184,11124,-254,-64,211,6400,-8852,11116,-3,97,-155,-13284,3748,6436,-987,228,-89,-13260,-6716,6724,-472,163,-41,0
2685.904340982437,7296,8336,11196,-223,-133,210,6496,-8936,11132,-10,117,-175,-13388,3832,6592,-949,219,-125,-13500,-6532,6420,-457,203,-24,0
2685.9401340484615,7464,8264,11220,-215,-128,185,6560,-8956,11028,-60,104,-204,-13448,3692,6732,-965,207,-121,-13232,-6468,6456,-467,193,-35,0
2685.9751081466675,7476,8176,11060,-292,-160,221,6584,-9156,11164,41,167,-197,-13456,3692,6592,-1024,210,-133,-13152,-6404,6604,-497,270,-58,0
2686.0108170509334,7356,8172,11064,-267,-274,192,6592,-8820,11036,68,127,-268,-13328,3792,6600,-1033,218,-153,-13172,-6488,6608,-452,331,-63,0
2686.0459430217743,7172,8212,10936,-159,-249,132,6424,-8852,11120,52,134,-287,-13412,3812,6780,-997,179,-233,-13200,-6596,6568,-507,260,-86,0
2686.081419944763,7560,8180,11180,-181,-185,149,6560,-8828,11080,53,97,-255,-13484,3836,6688,-1031,145,-118,-13380,-6472,6908,-484,193,-74,0
2686.1187241077423,7544,8240,10760,-219,-114,180,6588,-8744,11020,-12,138,-163,-13500,3780,6552,-955,131,-93,-13304,-6596,6560,-472,115,-84,0
2686.1518609523773,7584,8256,11080,-236,-14,116,6600,-8760,11164,-62,132,-141,-13388,3736,6684,-951,89,-72,-13072,-6524,6460,-475,51,-112,0
2686.1854190826416,7420,8264,11144,-252,3,120,6556,-8676,11100,-34,172,-119,-13232,3764,6444,-952,98,-32,-13304,-6596,6528,-447,76,-74,0
2686.218971967697,7456,8232,11076,-285,-61,167,6636,-8708,11080,-72,131,-141,-13268,3752,6556,-941,195,-54,-13148,-6452,6428,-443,140,-35,0
2686.2523279190063,7416,8212,11000,-268,-135,186,6520,-8780,11224,-70,71,-183,-13568,3736,6548,-969,210,-71,-13188,-6424,6708,-451,159,-30,0
2686.2856299877167,7512,8212,11120,-199,-136,201,6628,-8832,11048,-101,74,-190,-13404,3748,6404,-982,186,-80,-13260,-6404,6584,-481,149,-54,0
2686.319479942322,7548,8184,10908,-171,-89,167,6564,-8788,10912,-43,90,-154,-13548,3708,6576,-1018,134,-109,-13280,-6384,6516,-482,116,-115,0
2686.352777004242,7564,8256,11108,-118,-55,52,6628,-8836,11240,-10,149,-205,-13524,3884,6532,-1025,69,-105,-13232,-6508,6588,-474,164,-198,0
2686.3861939907074,7404,8184,11068,-85,-78,-12,6556,-8816,11128,-30,248,-234,-13424,3792,6708,-989,15,-92,-13348,-6520,6472,-433,184,-250,0
2686.4199879169464,7352,7992,11056,-119,-104,-40,6516,-8888,11116,-136,215,-272,-13424,3792,6632,-916,58,-102,-13084,-6464,7048,-381,189,-176,0
2686.453371047973,7484,8220,11060,-167,-113,12,6644,-8844,11192,-223,172,-243,-13360,3832,6536,-898,80,-60,-13304,-6320,6848,-429,122,-113,0
2686.4867689609528,7532,8100,10952,-224,-49,97,6644,-8788,10956,-247,161,-155,-13372,3908,6568,-967,50,34,-13084,-6388,6648,-488,0,-89,0
2686.5201940536494,7616,8180,11064,-225,77,126,6584,-8892,11060,-216,77,-58,-13312,3928,6468,-1003,128,79,-13072,-6436,6496,-522,-31,-74,0
2686.5538289546967,7408,8256,11008,-112,75,178,6564,-9016,11040,-116,42,-97,-13460,3784,6508,-1057,167,-18,-13128,-6560,6608,-519,119,-109,0
2686.587412118912,7304,8276,11240,-63,-52,120,6568,-8892,11108,-55,112,-212,-13460,3636,6688,-1018,160,-171,-13156,-6544,6548,-509,235,-105,0
2686.6210520267487,7652,8296,11128,22,-68,92,6500,-8704,11128,-64,175,-179,-13388,3712,6856,-955,72,-107,-13144,-6540,6556,-503,108,-133,0
2686.653985977173,7564,8312,10800,-89,-19,69,6448,-8720,11148,-121,191,-143,-13428,3604,6528,-964,40,-246,-13564,-6592,6524,-460,24,-187,0
2686.687562942505,7540,8264,11104,-210,66,40,6612,-8732,11196,-122,231,-122,-13376,3624,6652,-945,2,45,-13408,-6656,6840,-444,-52,-212,0
2686.7211079597473,7572,8336,10848,-228,174,-57,6520,-8820,11060,-2,215,-97,-13384,3796,6904,-874,-207,79,-13336,-6532,6696,-433,-12,-259,0
2686.7544209957123,7256,8152,11192,-267,109,-36,6616,-8948,11104,-165,291,-122,-13428,3604,6472,-916,-97,21,-13220,-6444,6692,-436,72,-233,0
2686.7880420684814,7340,8108,11300,-221,10,9,6440,-9012,10804,-179,285,-122,-13308,4064,6432,-971,15,246,-13192,-6424,6748,-468,78,-179,0
2686.8215861320496,7348,7936,11156,-150,-19,50,6324,-9032,10756,-96,203,-139,-13288,4064,6632,-1023,119,-41,-13084,-6360,6764,-464,133,-107,0
2686.855082988739,7260,8240,11376,-111,-67,145,6352,-9120,10988,-47,141,-157,-13200,3836,6808,-1018,193,-147,-13072,-6516,6688,-481,228,-89,0
2686.8884749412537,7412,7968,11316,-17,-132,166,6308,-8892,11020,35,137,-195,-13276,4084,6784,-1049,154,-237,-13188,-6520,6608,-547,256,-99,0
2686.9218699932094,7316,8324,11068,8,-157,84,6448,-9100,11172,19,153,-246,-13344,3780,6640,-1019,104,-200,-13240,-6460,6584,-530,250,-166,0
2686.9553949832916,7212,8408,10948,-103,-133,47,6516,-8712,10812,-51,146,-280,-13512,3832,6636,-1009,96,-90,-13464,-6412,6420,-512,185,-132,0
2686.988759994507,7532,8216,11212,-130,-40,35,6516,-8992,11092,-84,146,-225,-13508,3636,6536,-1018,48,-80,-13216,-6476,6552,-539,151,-181,0
2687.0220861434937,7524,8164,11268,-145,-2,26,6588,-9052,11072,-58,166,-238,-13492,3816,6408,-1053,43,-122,-13348,-6300,6600,-558,161,-243,0
2687.055549144745,7364,8184,11104,-44,6,24,6616,-8916,10888,-34,186,-185,-13352,4000,6640,-1070,-19,-125,-13304,-6504,6592,-577,135,-227,0
2687.089285135269,7460,8308,10936,-40,11,53,6432,-8896,10924,-24,182,-146,-13304,3800,6444,-1073,61,-120,-13220,-6540,6556,-536,147,-187,0
2687.12272810936,7392,8340,11048,-39,-73,77,6460,-8912,11108,-39,146,-184,-13316,3676,6784,-1008,112,-129,-13200,-6840,6632,-486,183,-135,0
2687.1586599349976,7384,8500,10928,-80,-47,148,6420,-8816,11088,-32,120,-172,-13324,3720,6776,-980,114,-88,-13268,-6596,6600,-520,132,-120,0
2687.1938071250916,7660,8380,11128,-155,-57,138,6504,-8788,11148,15,113,-171,-13352,3768,6816,-1054,118,-107,-13112,-6500,6448,-533,146,-153,0
2687.2294120788574,7280,8372,11024,-112,-42,89,6300,-8920,11048,81,131,-200,-13296,3756,6656,-1092,100,-101,-13300,-6600,6628,-533,230,-153,0
2687.264575004577,7288,8364,11048,-87,-77,62,6144,-8756,11072,40,142,-244,-13364,3736,6656,-1005,33,-155,-13568,-6608,6672,-480,101,-125,0
2687.3002030849457,7408,8396,11048,-129,21,65,6384,-8928,11076,-41,194,-149,-13416,3860,6668,-927,28,-232,-13112,-6496,6704,-457,38,-156,0
2687.33535695076,7284,8304,11188,-205,16,91,6144,-8988,11128,53,251,-110,-13292,3856,6824,-1042,51,-40,-13196,-6480,6500,-514,146,-106,0
2687.371287107468,7276,8436,11224,-153,6,159,6408,-8756,11052,39,158,-160,-13264,3880,6636,-1055,173,-112,-13280,-6356,6656,-534,123,-41,0
2687.4061300754547,7396,8324,11036,-15,82,171,6552,-8960,10820,-11,42,-143,-13488,3864,6392,-1114,180,-137,-13352,-6496,6596,-608,175,-89,0
2687.441882133484,7472,8120,10864,-58,-59,125,6756,-9016,10932,132,87,-201,-13596,3808,6640,-1204,21,-167,-13220,-6352,6588,-637,203,-272,0
2687.478045940399,7664,8064,10924,216,38,-66,6708,-8948,10956,238,200,-213,-13580,3640,6656,-1218,-105,-186,-13304,-6492,6576,-627,203,-379,0
2687.5134699344635,7348,8352,11064,46,-46,-178,6572,-8820,10896,182,370,-219,-13324,3668,6524,-939,-169,-201,-13340,-6500,6680,-385,167,-358,0
2687.549315929413,7356,8480,11044,-170,-12,-191,6340,-8868,11168,22,402,-218,-13196,3980,6900,-991,-106,-115,-13296,-6392,6724,-469,148,-146,0
2687.584403991699,7200,8692,10988,-214,-69,143,6216,-8888,11200,107,89,-168,-13124,4068,6756,-1092,225,-145,-13008,-6648,6660,-503,227,-49,0
2687.620288133621,7016,8432,11032,-146,-89,244,6156,-8752,11200,171,193,-141,-13512,3948,6764,-1132,263,-168,-13228,-6584,6612,-644,194,-41,0
2687.65551495552,7284,8340,11044,-48,5,303,6268,-8760,11096,281,78,-102,-13236,3796,6708,-1239,234,-172,-12960,-6672,6576,-676,0,-254,0
2687.6915359497066,7084,8592,11172,-42,-146,291,6388,-8560,11216,354,157,-144,-13380,3444,6760,-1053,228,-220,-13236,-6980,6560,-496,232,-73,0
2687.727546930313,7280,8688,11040,-168,-32,188,6496,-8484,11352,178,340,-95,-13412,3580,6724,-971,180,-69,-13344,-6800,6412,-453,114,-11,0
2687.7629590034485,7404,8712,10820,-403,-44,1,6156,-8616,11400,21,29,-125,-13220,3496,6668,-921,340,-11,-13136,-6756,6408,-397,153,120,0
2687.800639152527,7292,8604,10820,-418,-151,343,6448,-8608,11112,-59,-15,-178,-13364,3656,6688,-864,496,-86,-13400,-6576,6396,-392,167,160,0
2687.834286928177,7260,8268,10824,-497,-158,365,6604,-8928,11208,-118,29,-178,-13440,4072,6608,-958,451,37,-13244,-6264,6456,-465,163,201,0
2687.8677101135254,7480,8000,11072,-513,-161,408,6488,-8740,11144,-59,-95,-198,-13528,3872,6264,-1050,380,-51,-13564,-6116,6568,-537,186,93,0
2687.9010140895844,7528,7788,10824,-384,-90,298,6736,-9092,10828,133,19,-176,-13656,3992,6456,-1164,149,-121,-13412,-6128,6524,-639,172,-136,0
2687.934499979019,7576,7696,11132,-186,-24,104,6696,-9148,11040,318,146,-112,-13680,3952,6644,-1240,-61,-208,-13340,-6332,6716,-696,211,-305,0
2687.9680709838867,7488,8008,11344,-98,15,-19,6700,-9092,10752,411,268,-167,-13644,3876,6896,-1249,-151,-11,-13356,-6480,6692,-632,237,-438,0
2688.001857995987,7368,8160,11204,58,-28,-95,6468,-8888,11144,396,340,-178,-13452,3704,6672,-1231,-219,-262,-13212,-6480,6604,-647,268,-415,0
2688.0353360176086,7184,8292,11172,53,-132,-81,6316,-8832,11132,347,233,-285,-13368,3612,6484,-1532,-104,-308,-13204,-6600,6580,-640,360,-336,0
2688.0687041282654,7388,8388,11204,90,-188,-41,6388,-8640,11196,169,240,-299,-13316,3540,6608,-1158,-37,-304,-13148,-6808,6576,-558,369,-265,0
2688.1022930145264,7224,8484,11088,25,-279,-40,6368,-8600,11504,-44,187,-368,-13248,3572,6732,-980,83,-6,-13236,-6692,6552,-439,368,-193,0
2688.135502099991,7332,8636,11156,-58,-338,-32,6536,-8516,11384,-284,100,-414,-13404,3560,6404,-848,83,-124,-13460,-6688,6516,-333,275,-192,0
2688.1691040992737,7392,8412,10828,-162,-4,-46,6532,-8520,11144,-409,207,-318,-13492,3464,6724,-790,-92,-253,-13364,-6636,6548,-335,42,-264,0
2688.202651977539,7404,8480,10784,-205,34,-93,6220,-8652,11044,-279,326,-112,-13508,3652,6708,-897,-131,70,-13424,-6552,6336,-464,-89,-275,0
2688.2362129688263,7424,8396,10844,-219,192,21,6200,-8656,11048,-84,219,6,-13316,3532,6720,-1061,-29,21,-12844,-6708,6280,-535,-54,-208,0
2688.269793987274,7260,8568,10816,-8,172,81,6592,-8232,11316,56,78,-24,-13312,3424,6904,-1120,47,-70,-13048,-6792,6172,-563,60,-199,0
2688.303300142288,7180,8624,10860,0,23,97,6372,-8500,11336,103,105,-134,-13228,3472,6684,-1094,82,-102,-13076,-6944,6352,-570,222,-162,0
2688.3368351459503,7076,8672,11248,-6,-110,72,6252,-8508,11396,34,135,-221,-13256,3080,6864,-990,154,-121,-13100,-6904,6504,-466,280,-84,0
2688.3704969882965,7192,8584,11108,-85,-206,87,6360,-8552,11016,-103,190,-219,-13332,3572,6828,-854,194,-50,-13340,-6652,6652,-392,209,-255,0
2688.4038851261134,7276,8576,11148,-267,-135,117,6608,-8888,11220,-511,231,-151,-13284,3740,6660,-813,231,51,-13288,-6472,6636,-330,68,60,0
2688.437395095825,7440,8668,11108,-367,-42,183,6552,-8748,11120,-366,136,-109,-13476,3760,6420,-768,231,147,-13360,-6516,6584,-277,-22,69,0
2688.4707491397858,7300,8328,10964,-349,12,200,6580,-8888,11112,-418,145,-68,-13444,3844,6660,-744,507,189,-13340,-6652,6572,-290,-87,32,0
2688.5042901039124,7476,7936,11220,-511,133,145,6580,-8944,11012,-438,69,-100,-13520,3728,6488,-760,180,135,-13252,-6332,6828,-333,-68,-25,0
2688.537773132324,7392,8228,11156,-254,116,96,6472,-8920,10924,-341,113,-135,-13432,3756,6448,-828,94,54,-13284,-6404,6564,-357,8,-111,0
2688.571177005768,7172,8252,10944,-157,52,98,6520,-8960,11244,-248,86,-171,-13456,3732,6680,-902,79,242,-13204,-6436,6544,-435,91,-125,0
2688.604396104812,7212,8380,10912,-100,79,64,6528,-8772,11152,-209,65,-175,-13444,3704,6576,-999,92,-25,-13208,-6548,6416,-470,94,-115,0
2688.6377379894257,7448,8372,11056,-165,37,60,6448,-8836,11100,-163,117,-163,-13460,3724,6680,-926,79,-47,-13216,-6520,6512,-426,76,-155,0
2688.671103954315,7228,8456,11028,-157,-27,32,6404,-8736,11216,-100,230,-130,-13500,3740,6772,-887,-30,-38,-13116,-6604,6624,-429,107,-132,0
2688.7046449184418,7200,8544,11124,-49,-47,64,6368,-8828,11148,-75,244,-104,-13220,3792,6496,-966,98,-40,-13256,-6568,6736,-474,139,-105,0
2688.7383100986485,7092,8540,11060,-92,-58,105,6140,-8760,11088,-149,61,-208,-13172,3704,6612,-979,204,-31,-13044,-6888,6752,-379,161,-52,0
2688.7719149589534,7080,8424,11172,-147,-111,108,6368,-8856,11196,-232,-13,-271,-13156,3812,7096,-918,171,-96,-13208,-6580,6780,-397,149,-64,0
2688.8052639961243,6936,8428,10956,-190,-86,70,6328,-8824,10760,-151,138,-253,-13564,3936,6836,-924,72,-94,-13212,-6472,6848,-486,153,-130,0
2688.842101097107,7192,8360,10772,-207,-42,42,6424,-8840,11236,-79,149,-230,-13420,3720,6472,-980,72,-90,-13156,-6388,6680,-482,217,-121,0
2688.8773999214172,7396,8320,11164,-159,-115,60,6624,-8872,11196,-33,161,-240,-13428,3640,6488,-1014,71,-173,-13344,-6468,6420,-480,259,-141,0
2688.913404941559,7284,8428,10840,-118,-157,87,6436,-8880,11132,-11,139,-241,-13512,3744,6560,-1032,93,-157,-13364,-6508,6536,-566,242,-104,0
2688.948702096939,7360,8400,11092,-111,-141,106,6488,-8788,11072,-23,81,-231,-13376,3672,6680,-1032,111,-121,-13224,-6596,6408,-502,240,-143,0
2688.9841740131374,7248,8444,11096,-116,-119,112,6436,-8828,11176,-75,72,-230,-13440,4008,6604,-1017,83,-161,-13388,-6516,6556,-257,211,-129,0
2689.0203680992126,7308,8448,10808,-133,-102,77,6512,-8836,11160,-95,100,-226,-13344,3784,6712,-1010,110,-14,-13276,-6664,6640,-480,97,-115,0
2689.0555369853973,7248,8464,11248,-189,26,44,6216,-8960,11172,-108,135,-172,-13464,3816,6400,-1009,67,-44,-13160,-6552,6708,-423,67,-117,0
2689.0915620326996,7176,8676,11212,-183,34,78,6300,-9124,11104,-57,152,-144,-13456,3888,6780,-1019,41,-24,-13164,-6532,6596,-488,113,-141,0
2689.1275410652165,7136,8272,11108,-160,-29,111,6364,-9036,11256,-57,181,-131,-13224,3848,6672,-1275,75,-70,-13116,-6480,6864,-263,157,-149,0
2689.1628539562225,6968,8212,11056,-132,-83,98,6360,-8952,11252,-12,150,-209,-13552,3732,6764,-1045,93,-127,-13092,-6516,6660,-536,244,-131,0
2689.1987431049347,6980,8444,11020,-141,-137,127,6152,-8844,11140,-25,98,-196,-13304,3752,6576,-1038,134,-128,-13176,-6568,6664,-544,240,-65,0
2689.234044075012,7196,8480,10984,-125,-131,135,6380,-8900,11088,-43,88,-204,-13460,3720,6548,-1046,135,-139,-13196,-6568,6552,-507,241,-93,0
2689.2701671123505,7288,8564,11104,-129,-155,156,6548,-8752,11156,-45,124,-215,-13364,3660,6608,-999,150,-157,-13224,-6584,6516,-477,202,-62,0
2689.3050911426544,7328,8468,10764,-196,-114,132,6468,-8884,11052,-29,147,-208,-13124,3712,6592,-986,184,-74,-13292,-6576,6564,-462,203,-36,0
2689.341248989105,7220,8488,11060,-240,-134,202,6408,-8840,11120,-6,74,-184,-13352,3652,6680,-1013,199,-187,-13192,-6600,6620,-495,233,-40,0
2689.377244949341,7336,8452,11240,-230,-149,190,6612,-8912,11260,-6,145,-184,-13448,3720,6528,-993,180,-119,-13232,-6524,6560,-500,224,-46,0
2689.4119341373444,7284,8428,10840,-244,-153,187,6408,-8904,11052,-27,128,-208,-13424,3820,6576,-971,161,-170,-13228,-6568,6400,-481,223,-57,0
2689.4477519989014,7196,8392,10804,-219,-91,177,6444,-8880,11144,-12,83,-208,-13404,3720,6624,-1018,178,-88,-13104,-6408,6540,-503,175,-73,0
2689.484153032303,7196,8380,10888,-308,-89,205,6356,-8900,11112,31,46,-195,-13456,4080,6572,-1056,141,-137,-13272,-6584,6508,-536,216,-55,0
2689.517553091049,7232,8452,11048,-283,-108,222,6500,-8840,11120,38,63,-169,-13408,3716,6516,-1029,187,-143,-13200,-6532,6568,-477,186,-93,0
2689.5507121086125,7244,8424,11104,-264,-111,197,6500,-8864,11244,-21,73,-221,-13424,3760,6696,-951,200,-121,-13172,-6540,6492,-489,250,-31,0
2689.5843529701233,7296,8352,11260,-323,-203,211,6480,-8900,11116,-20,35,-289,-13460,3744,6648,-981,134,-150,-13220,-6496,6492,-507,12,-1,0
2689.618201971054,7392,8444,10848,-323,-174,204,6492,-8780,10944,-249,68,-215,-13492,3772,6496,-1031,193,-142,-13296,-6568,6568,-495,201,-48,0
2689.6513171195984,7300,8352,10944,-292,-135,196,6496,-8852,11144,-38,135,-177,-13476,3700,6404,-985,106,-88,-13340,-6592,6468,-477,131,-83,0
2689.684911966324,7304,8252,10752,-327,-94,195,6484,-8800,11128,-26,140,-173,-13436,3612,6668,-1017,126,-93,-13256,-6492,6604,-504,161,-112,0
2689.7183039188385,7276,8384,11080,-271,-93,171,6492,-8836,11176,-14,120,-196,-13424,3700,6516,-981,113,-84,-13220,-6540,6444,-478,176,-96,0
2689.751708984375,7328,8360,11044,-264,-175,163,6528,-8872,11100,1,162,-205,-13464,3772,6544,-989,150,-162,-13136,-6496,6532,-476,210,-76,0
2689.7855060100555,7276,8336,11188,-259,-194,176,6424,-8872,11076,6,138,-221,-13496,3716,6568,-1001,156,-133,-13244,-6416,6672,-473,236,-90,0
2689.819246053696,7392,8248,10976,-226,-166,188,6508,-8816,11112,-33,137,-211,-13352,3756,6624,-964,159,-156,-13512,-6460,6468,-458,226,-79,0
2689.8528521060944,7372,8400,11044,-212,-159,186,6404,-8840,11012,-34,92,-198,-13396,3764,6604,-1004,154,-84,-13160,-6416,6524,-488,224,-96,0
2689.886197090149,7404,8296,11076,-194,-158,172,6616,-8828,11032,-85,96,-202,-13376,3668,6828,-974,140,-72,-13332,-6532,6588,-488,181,-76,0
2689.9199941158295,7400,8344,11080,-166,-97,128,6560,-8780,11100,-77,115,-184,-13404,3676,6572,-978,111,-14,-13396,-6504,6444,-475,136,-130,0
2689.959675073624,7376,8236,10832,-143,-44,72,6636,-8808,11076,-108,78,-166,-13428,3644,6656,-1011,78,234,-13528,-6464,6392,-506,107,-170,0
2689.993902921676,7412,8340,10952,-102,-25,47,6568,-8900,11084,-84,175,-134,-13392,3756,6516,-1266,60,-31,-13384,-6520,6472,-503,85,-208,0
2690.027585029602,7572,8352,10836,-87,-17,36,6508,-8808,10916,-68,151,-160,-13468,3696,6504,-1026,52,-33,-13304,-6548,6464,-499,112,-168,0
2690.0607600212097,7312,8308,10984,-57,-6,28,6404,-8964,11020,-27,241,-142,-13436,3788,6532,-1010,70,-92,-13124,-6540,6532,-762,151,-188,0
2690.094183921814,7340,8272,11256,-102,-42,60,6476,-8744,11052,-57,187,-172,-13312,3708,6660,-1011,61,-84,-13208,-6524,6516,-483,151,-119,0
2690.127865076065,7328,8620,10936,-97,-11,73,6416,-8868,11016,-73,185,-149,-13396,3788,6612,-1016,55,-62,-13260,-6460,6480,-524,115,-146,0
2690.1612589359283,7648,8308,10860,-148,-255,69,6492,-8852,11016,-36,194,-119,-13464,3756,6744,-1009,12,-46,-13136,-6584,6620,-534,147,-187,0
2690.194879055023,7228,8436,11048,-95,4,35,6588,-8836,11204,-44,193,-143,-13504,3604,6532,-1010,15,-66,-13112,-6488,6468,-497,107,-187,0
2690.2284209728246,7300,8448,11088,-71,35,28,6468,-8840,11140,-80,205,-151,-13504,3708,7148,-994,-8,-64,-13324,-6572,6476,-522,107,-179,0
2690.2619900703426,7276,8652,10996,-173,36,32,6436,-8864,11212,-53,197,-160,-13380,3800,6696,-1047,-5,-32,-13064,-6488,6472,-761,111,-171,0
2690.2954540252686,7348,8328,11080,-131,-12,47,6504,-8916,11012,-42,155,-128,-13460,3724,6424,-1014,37,-33,-13308,-6436,6560,-262,113,-159,0
2690.3292939662933,7316,8368,11088,-110,15,49,6584,-8904,10876,-49,140,-103,-13444,3732,6620,-992,-18,-32,-13408,-6592,6544,-262,98,-196,0
2690.362729072571,7448,8384,11092,-95,28,44,6508,-8880,11152,-39,224,-120,-13424,3744,6596,-977,-7,-54,-13220,-6536,6496,-258,70,-213,0
2690.3960471153255,7192,8408,11140,-112,62,34,6372,-8792,11112,-38,221,-120,-13336,3612,6720,-1007,23,-57,-13164,-6536,6584,-486,97,-180,0
2690.4297909736633,7232,8424,11168,-110,-31,20,6388,-8912,11088,-28,193,-155,-13408,3712,6636,-1056,111,-74,-13236,-6564,6572,-508,188,-178,0
2690.4634680747986,6980,8692,11260,-92,-74,70,6444,-8816,11040,-29,142,-231,-13100,3740,6508,-1272,87,-20,-13268,-6616,6668,-260,161,-170,0
2690.496850013733,7188,8448,10992,-101,-56,54,6180,-8928,11140,-69,133,-186,-13388,3760,6728,-1033,121,-45,-13280,-6524,6568,-520,144,-165,0
2690.5333371162415,7244,8220,11256,-143,-63,90,6412,-8932,11044,-42,144,-215,-13468,3784,6472,-1051,73,-118,-13544,-6856,6588,-530,166,-129,0
2690.5693039894104,7332,8400,10960,-103,-42,96,6516,-8892,11108,-58,184,-161,-13344,3744,6704,-1005,61,-70,-13216,-6540,6572,-504,143,-159,0
2690.6043429374695,7308,8272,10992,-140,-65,79,6356,-8852,11160,-39,136,-210,-13552,3740,6452,-993,56,-78,-13212,-6644,6556,-503,149,-152,0
2690.6397190093994,7252,8400,10808,-135,-57,91,6392,-8864,11192,-62,143,-182,-13444,3796,6528,-998,70,-14,-13296,-6692,6484,-507,146,-125,0
2690.6750781536102,7248,8492,10896,-142,-72,66,6476,-8812,11132,-72,201,-151,-13400,3696,6572,-971,32,-96,-13148,-6604,6472,-512,114,-133,0
2690.7104630470276,7356,8340,10792,-155,-43,89,6440,-8908,11240,-34,167,-155,-13076,3716,6552,-1032,153,-61,-13264,-6616,6452,-524,143,-154,0
2690.7459881305695,7244,8220,10884,-120,-35,106,6652,-8864,11172,-24,168,-167,-13288,3668,6460,-1022,110,-46,-13224,-6892,6400,-475,188,-133,0
2690.7820270061493,7316,8460,11108,-136,-106,94,6148,-8716,10844,-57,147,-214,-13348,3644,6688,-974,74,-54,-13320,-6600,6544,-482,159,-114,0
2690.817806959152,7216,8528,10964,-141,-69,110,6440,-8920,11072,-95,140,-172,-13424,3720,6724,-986,135,-66,-13344,-6568,6540,-492,101,-121,0
2690.8530089855194,7208,8360,10884,-175,-32,116,6464,-8984,11200,-43,117,-158,-13364,3712,6748,-1056,87,-66,-13248,-6480,6492,-497,127,-150,0
2690.888710975647,7084,8212,11248,-205,-65,110,6324,-8864,11204,-13,97,-180,-13344,3628,6704,-994,87,-78,-13120,-6672,6412,-506,162,-89,0
2690.924031019211,7284,8552,10764,-139,-55,99,6480,-8792,11152,-93,131,-149,-13448,3764,6724,-942,15,-102,-13484,-6640,6608,-463,130,-115,0
2690.9601421356206,7332,8372,11128,-203,-36,77,6392,-8832,11156,-86,150,-120,-13452,3824,6868,-929,-29,-72,-13480,-6500,6344,-458,120,-100,0
2690.995397090912,7280,8696,11020,-173,-32,109,6428,-8912,11196,-38,105,-132,-13292,3780,6620,-988,29,-64,-13184,-6512,6404,-471,141,-79,0
2691.031189918518,7108,8424,11224,-209,-33,160,6360,-8852,11040,-45,76,-156,-13200,4072,6444,-992,137,-46,-13192,-6592,6612,-471,157,-59,0
2691.0675499439244,7204,8420,10852,-216,-58,170,6368,-8864,11148,-57,36,-191,-13292,3584,6844,-1015,163,-78,-13188,-6720,6528,-484,196,-46,0
2691.1030061244965,7216,8396,10908,-239,-105,188,6356,-9180,11140,-21,69,-224,-13320,3816,6688,-1009,201,-149,-13216,-6660,6656,-492,238,-5,0
2691.1386489868164,7136,8380,11228,-238,-165,177,6416,-8864,11056,-13,64,-238,-13432,3676,6664,-1019,204,-169,-13332,-6548,6452,-461,0,-32,0
2691.1747159957886,7104,8368,11152,-275,-165,215,6608,-8872,11480,22,118,-212,-13336,3856,6848,-1009,202,-163,-13204,-6536,6544,-465,214,-21,0
2691.2084300518036,7228,8284,10828,-274,-159,208,6604,-8852,11128,-255,98,-230,-13588,3756,6888,-992,165,-140,-13236,-6556,6576,-465,216,-53,0
2691.2420129776006,7296,8296,10956,-291,-132,194,6616,-8840,11068,-13,154,-228,-13512,3692,6624,-991,206,-140,-13304,-6544,6364,-486,220,-43,0
2691.2755670547485,7316,8492,11000,-272,-186,195,6496,-8880,11080,32,110,-213,-13428,3768,6696,-1003,189,-126,-13300,-6560,6560,-764,234,-53,0
2691.3091371059418,7252,8372,11212,-289,-194,214,6584,-8792,11076,251,111,-248,-13408,3632,6364,-1276,181,-148,-13364,-6600,6516,-492,209,-40,0
2691.342626094818,7364,8380,11012,-283,-159,206,6496,-8900,11120,21,119,-196,-13324,3644,6632,-994,168,-179,-13516,-6616,6564,-482,177,-69,0
2691.376163959503,7308,8388,11192,-271,-125,188,6452,-8864,10792,-11,106,-207,-13424,3712,6520,-993,159,-157,-13228,-6600,6404,-485,223,-83,0
2691.409781932831,7248,8328,11044,-271,-157,177,6388,-8860,11060,5,88,-201,-13396,3752,6516,-1007,168,-108,-13412,-6544,6432,-503,174,-90,0
2691.4433290958405,7388,8408,10940,-224,-88,186,6312,-8812,11004,-12,94,-203,-13340,3708,6428,-1029,215,-107,-13320,-6624,6416,-482,193,-68,0
2691.476953983307,6936,8400,11048,-217,-155,200,6412,-8864,11092,-8,45,-243,-13356,3656,6840,-1009,204,-95,-13308,-6468,6472,-467,205,-43,0
2691.5105109214783,7256,8376,11036,-2,-166,199,6420,-8772,11184,-45,85,-219,-13444,3684,6752,-955,160,-102,-13260,-6528,6424,-498,164,-66,0
2691.543879032135,7236,8360,11192,-201,-134,184,6580,-8860,11044,-18,76,-189,-13448,3812,6612,-775,168,-93,-13536,-6488,6476,-539,198,-68,0
2691.5777339935303,7372,8316,11160,-201,-137,164,6500,-8852,11124,4,76,-193,-13408,3704,6588,-1274,168,-67,-13248,-6632,6416,-523,223,-96,0
2691.611074924469,7316,8320,11116,-146,-96,149,6588,-8820,11044,-2,102,-203,-13412,3676,6600,-995,118,-55,-13400,-6596,6440,-481,184,-113,0
2691.644380092621,7360,8276,11260,-184,-75,97,6560,-8860,10836,-61,143,-183,-13320,3724,6676,-964,92,-84,-13432,-6648,6720,-495,146,-137,0
2691.6780450344086,7448,8360,10980,-169,-64,82,6568,-8884,10844,-44,157,-161,-13496,3680,6500,-995,71,-92,-13340,-6500,6648,-525,96,-177,0
2691.71141910553,7672,8356,11084,-97,18,49,6612,-8800,11052,-61,139,-117,-13476,3788,6452,-990,12,237,-13376,-6536,6152,-502,74,-201,0
2691.744728088379,7416,8400,11148,-39,45,20,6496,-8836,11204,-57,188,-114,-13340,3776,6428,-979,52,-248,-13348,-6520,6144,-500,61,-196,0
2691.7782080173492,7348,8384,11044,-78,30,30,6432,-8736,11044,-85,141,-135,-13324,3664,6732,-999,45,-25,-13556,-6568,6540,-501,95,-177,0
2691.8118419647217,7272,8336,11088,-75,36,49,6436,-8736,11108,-84,114,-176,-13332,3796,6496,-1003,79,-62,-13184,-6608,6516,-499,122,-156,0
2691.845610141754,7268,8424,10868,-79,-45,50,6396,-8732,11056,-89,127,-173,-13560,3820,6896,-989,89,-88,-13244,-6548,6528,-508,175,-114,0
2691.8790969848633,7216,8480,11024,-45,-39,61,6180,-8860,11040,-91,193,-99,-13340,3708,6260,-993,189,-77,-13180,-6616,6428,-517,150,-132,0
2691.9123809337616,7316,8424,10776,-94,12,55,6220,-8868,11128,-94,133,-158,-13420,3840,6736,-1008,91,-54,-13244,-6656,6584,-492,136,-137,0
2691.9459829330444,7208,8436,11020,-112,-15,66,6508,-8892,10936,-53,152,-145,-13364,3716,6792,-1003,79,-77,-13336,-6540,6524,-530,133,-153,0
2691.979525089264,7352,8376,11160,-82,-15,67,6588,-8944,11068,-52,149,-155,-13488,3800,6556,-771,51,-103,-13244,-6592,6368,-521,175,-178,0
2692.013114929199,7304,8464,11184,-104,-47,84,6480,-8896,11176,-73,151,-173,-13336,3744,6584,-989,66,-85,-10800,-6280,6728,-327,187,-158,0
2692.04682803154,7200,8692,11604,-75,-103,84,6608,-8744,11112,-108,146,-165,-13436,3764,6464,-977,79,-8,-13296,-6584,6380,-493,102,-147,0
2692.0802290439606,7276,8320,10784,-152,57,39,6504,-8840,11140,-43,180,-139,-13416,3728,6480,-1020,56,-36,-13304,-6532,6340,-507,92,-139,0
2692.113829135895,7380,8428,11224,-175,15,86,6436,-8872,10844,-3,169,-136,-13420,3772,6684,-990,64,-78,-13312,-6540,6380,-507,124,-143,0
2692.1472311019897,7152,8392,10880,-82,18,68,6432,-8916,11168,-56,132,-169,-13340,3788,6600,-1006,99,-69,-13252,-6504,6512,-483,114,-131,0
2692.180405139923,7252,8456,11100,-109,55,46,6512,-8892,11068,-75,128,-178,-13444,3776,6752,-972,63,-94,-13088,-6548,6448,-487,122,-104,0
2692.218038082123,7268,8692,10944,-138,26,91,6464,-8924,11172,-79,98,-134,-13440,3792,6720,-965,66,-74,-13228,-6512,6164,-522,80,-169,0
2692.2533299922943,7220,8400,10920,-91,8,74,6504,-8856,11044,-62,136,-117,-13396,3728,6616,-1272,56,-17,-13060,-6568,6472,-259,117,-161,0
2692.288223028183,7180,8396,11244,-103,-253,38,6536,-9164,11244,-70,146,-178,-13340,3768,6508,-981,55,-18,-13268,-6516,6520,-455,106,-159,0
2692.323847055435,7140,8400,11024,-191,-23,46,6472,-8716,11112,-66,197,-141,-13396,3736,6772,-997,32,-58,-13184,-6468,6468,-508,124,-161,0
2692.3592259883885,7132,8460,11100,-159,-21,67,6268,-8992,11160,-33,151,-190,-13396,3756,6576,-1005,74,-86,-13188,-6576,6544,-485,130,-151,0
2692.394357919693,7180,8452,11092,-166,-45,80,6468,-8960,10792,-41,131,-190,-13380,3792,6672,-1009,101,-112,-13268,-6564,6516,-485,163,-137,0
2692.4299581050873,7248,8444,10996,-145,-82,71,6472,-8872,11184,-34,144,-180,-13444,3796,6484,-1002,80,-115,-13212,-6560,6476,-492,155,-153,0
2692.465609073639,7276,8400,11040,-166,-85,95,6464,-8904,11240,-11,146,-200,-13384,3972,6404,-1008,94,-100,-13296,-6648,6492,-495,146,-131,0
2692.5015161037445,7268,8420,11044,-152,-67,86,6420,-8900,11160,-30,152,-160,-13396,3632,6796,-1008,89,-36,-13260,-6880,6540,-501,158,-123,0
2692.5377810001373,7132,8504,11132,-139,-53,93,6496,-8860,11180,-70,160,-178,-13388,3700,6568,-987,68,-80,-13244,-6600,6456,-467,148,-148,0
2692.5727939605713,7232,8440,11040,-168,-34,57,6408,-8772,11120,-23,164,-168,-13332,3764,6704,-990,88,-86,-13320,-6540,6528,-500,101,-113,0
2692.608263015747,7184,8516,11112,-182,-29,101,6496,-8908,10996,-53,153,-152,-13356,3660,6416,-1019,105,-86,-13272,-6552,6500,-472,132,-124,0
2692.6433570384975,7216,8688,10812,-180,-33,118,6428,-8892,11056,-54,123,-163,-13388,3804,6704,-1001,164,-77,-13208,-6424,6572,-485,131,-102,0
2692.6792509555817,7144,8692,11256,-176,-47,103,6560,-9196,11124,-42,123,-196,-13312,3736,6552,-1004,110,-47,-13252,-6592,6644,-470,131,-74,0
2692.71484208107,7196,8412,11116,-195,-71,110,6516,-8716,11028,-29,158,-194,-13404,3792,6524,-994,116,-124,-13220,-6588,6456,-494,162,-118,0
2692.750349998474,7384,8700,10892,-178,-61,97,6500,-8852,11252,-31,150,-169,-13448,3796,6676,-1040,110,-68,-13244,-6652,6504,-499,154,-92,0
2692.786159992218,6952,8228,10996,-204,-63,145,6404,-8944,10880,-23,123,-168,-13428,3696,6908,-1009,139,-54,-13264,-6508,6544,-474,177,-66,0
2692.821866989136,7152,8448,11092,-223,-85,173,6336,-8780,11032,-20,119,-180,-13520,3780,6684,-1008,166,-98,-13296,-6564,6564,-502,167,-56,0
2692.8583860397334,7148,8400,11032,-226,-105,190,6148,-9144,11008,-8,120,-190,-13368,3800,6696,-994,166,-96,-13304,-6600,6520,-484,188,-58,0
2692.891799926758,7128,8476,11036,-241,-128,204,6432,-8924,10940,251,129,-192,-13344,3872,6556,-1007,161,-170,-13188,-6556,6564,-479,189,-40,0
2692.9253990650177,6912,8424,10768,-236,-138,189,6440,-8820,11060,-8,87,-191,-13324,3764,6692,-1273,153,-141,-13252,-6468,6584,-479,222,-67,0
2692.958657979965,7136,8460,10940,-244,-145,207,6448,-8716,11124,45,92,-200,-13400,4016,6792,-1012,180,-142,-13236,-6584,6516,-504,219,-54,0
2692.9921460151672,7316,8340,11160,-270,-171,206,6408,-8864,11160,20,114,-214,-13484,3764,6588,-1002,191,-152,-13384,-6612,6516,-500,196,-46,0
2693.0255830287933,7152,8432,11060,-260,-130,225,6496,-8952,11076,-16,129,-187,-13424,3740,6620,-986,168,-180,-13416,-6600,6436,-500,183,-80,0
2693.0590929985046,7432,8396,11056,-310,-105,195,6500,-8892,11180,57,152,-180,-13548,3772,6548,-1046,128,-125,-13340,-6576,6440,-501,178,-69,0
2693.092695951462,7300,8388,11008,-307,-175,172,6456,-8868,11320,54,82,-213,-13404,3636,6504,-1052,225,-92,-13252,-6568,6420,-472,199,-74,0
2693.126107931137,7200,8196,11156,-226,-109,157,6472,-8864,11084,-15,135,-205,-13496,3772,6468,-996,152,-104,-13100,-6544,6456,-466,183,-83,0
2693.159565925598,7408,8336,11260,-257,-133,175,6460,-8916,11132,29,112,-229,-13348,3652,6420,-1040,131,-142,-13268,-6464,6496,-489,183,-65,0
2693.1932470798492,7252,8384,11040,-266,-132,165,6384,-8836,11028,6,100,-204,-13392,3708,6540,-1007,134,-125,-13336,-6508,6500,-493,163,-97,0
2693.2262139320374,7244,8356,10896,-232,-73,158,6476,-8844,11072,-3,102,-163,-13404,3768,6616,-986,126,-54,-13284,-6576,6460,-474,113,-110,0
2693.260069131851,7292,8348,11232,-241,-58,165,6404,-8808,11140,248,127,-156,-13408,3648,6616,-988,114,-75,-13220,-6576,6468,-483,147,-112,0
2693.2937519550323,7408,8604,11112,-231,-96,144,6432,-8912,11056,-34,113,-170,-13444,3708,6728,-987,141,-120,-13252,-6572,6532,-483,176,-71,0
2693.3273320198055,7196,8388,11096,-211,-162,171,6472,-8892,11136,25,112,-178,-13448,3712,6544,-1005,180,-129,-13248,-6552,6200,-479,199,-89,0
2693.360610961914,7232,8468,11152,-203,-176,175,6492,-8864,11152,-29,95,-216,-13468,3772,6480,-971,215,-113,-13096,-6476,6416,-486,173,-95,0
2693.3941090106964,7376,8328,11056,-173,-115,187,6604,-8780,11096,-28,110,-185,-13448,3728,6596,-998,199,-67,-13376,-6480,6440,-473,166,-74,0
2693.427536010742,7352,8364,11252,-118,-97,135,6460,-8792,11016,-44,102,-197,-13464,3784,6480,-1004,148,-62,-13296,-6512,6532,-475,152,-116,0
2693.4607751369476,7300,8276,11160,-134,-74,97,6448,-8832,11132,-68,120,-184,-13488,3756,6508,-1003,100,-108,-13256,-6584,6536,-502,132,-149,0
2693.4941730499268,7388,8388,10884,-138,-51,73,6576,-8952,11048,-31,176,-154,-13504,3636,6576,-999,117,-54,-13300,-6668,6488,-493,127,-119,0
2693.5277421474457,7208,8276,11112,-132,-26,67,6540,-8740,11040,-34,148,-164,-13504,3708,6600,-990,51,-41,-13280,-6524,6368,-457,117,-185,0
2693.561299085617,7364,8336,11160,-126,-16,40,6532,-8804,11052,-76,170,-170,-13344,3804,6672,-1005,81,-40,-13312,-6528,6500,-474,120,-141,0
2693.5948679447174,7260,8272,11128,-120,-18,71,6444,-8820,11088,-51,116,-173,-13440,3728,6904,-1001,90,-69,-13240,-6600,6372,-487,91,-149,0
2693.6281781196594,7256,8260,11172,-73,-12,70,6528,-8816,11100,-87,123,-155,-13388,3636,6564,-1021,103,-59,-13276,-6548,6544,-258,128,-118,0
2693.6617529392242,7224,8400,11204,-105,-22,89,6432,-8904,11028,-49,133,-167,-13364,3788,6392,-1003,115,-66,-13148,-6612,6548,-453,131,-123,0
2693.6953620910645,7324,8408,11024,-147,-40,78,6528,-8888,11168,-76,170,-191,-13456,3668,6660,-970,116,-61,-13540,-6556,6412,-475,133,-136,0
2693.728780031204,7300,8412,11124,-88,9,94,6420,-9024,11140,-50,133,-141,-13428,3788,6564,-769,72,-35,-13500,-6496,6448,-530,127,-142,0
2693.762304067612,7236,8412,11008,-177,-32,86,6452,-8960,11156,-25,144,-177,-13568,3828,6480,-1008,45,-108,-13060,-6416,6488,-508,133,-138,0
2693.7958369255066,7308,8468,11104,-94,-31,79,6436,-8836,10992,-38,160,-154,-13396,3740,6512,-971,85,-78,-13408,-6588,6544,-499,89,-134,0
2693.8294610977173,7228,8476,10992,-99,5,55,6492,-8916,11164,-82,152,-169,-13472,3684,6644,-984,61,-30,-13544,-6808,6560,-503,115,-166,0
2693.8623781204224,7224,8388,11076,-157,-22,69,6528,-8820,11104,-83,161,-173,-13500,3708,6652,-1005,55,-19,-13236,-6532,6500,-479,95,-164,0
2693.9002001285553,7272,8340,11076,-127,-30,96,6560,-8904,11216,-98,152,-153,-13336,3740,6596,-962,83,-70,-13200,-6540,6484,-478,73,-166,0
2693.9354979991913,7396,8376,11036,-136,34,78,6628,-8956,11092,-74,163,-119,-13472,3776,6500,-986,75,-20,-13236,-6516,6404,-494,75,-162,0
2693.9717531204224,7236,8424,11028,-159,34,83,6208,-8940,11112,-71,144,-165,-13416,3752,6568,-981,64,-23,-13216,-6612,6628,-479,86,-152,0
2694.0077419281006,6936,8352,10852,-162,-40,102,6208,-8904,11144,-106,189,-174,-13488,3668,6904,-1020,67,-90,-13292,-6560,6212,-473,132,-159,0
2694.0429100990295,7236,8392,11188,-171,-55,56,6644,-8940,11028,-17,152,-178,-13388,3792,6516,-1011,72,-78,-13144,-6520,6412,-482,153,-136,0
2694.0788469314575,7164,8444,11100,-133,-59,96,6436,-8840,10780,-56,147,-177,-13432,3780,6624,-1008,103,-89,-13228,-6564,6428,-496,147,-117,0
2694.114124059677,7172,8452,11096,-157,-21,103,6548,-8852,11020,-34,130,-148,-13408,3728,6636,-1015,138,-89,-13288,-6568,6420,-486,123,-143,0
2694.14936709404,7232,8400,11076,-145,-52,110,6624,-9108,11056,-52,146,-175,-13288,3700,6644,-985,115,-98,-13236,-6680,6516,-493,147,-96,0
2694.184998989105,6972,8384,11164,-143,-68,100,6312,-8708,11024,245,130,-172,-13532,3716,6760,-995,85,-129,-13376,-6476,6460,-488,157,-112,0
2694.220772981644,6912,8496,11136,-138,-64,96,6476,-8832,10772,-43,142,-203,-13364,3700,6460,-1012,82,-73,-13248,-6576,6580,-499,118,-123,0
2694.255959033966,7168,8392,10968,-180,-51,92,6456,-8740,11256,-61,167,-177,-13384,3716,6640,-971,70,-61,-13344,-6488,6456,-509,144,-123,0
2694.2918260097504,7232,8488,10968,-163,-25,90,6508,-8900,11040,-39,147,-195,-13476,3824,6604,-1000,91,-71,-13064,-6532,6456,-486,141,-128,0
2694.3274550437927,7340,8420,11112,-128,-31,99,6440,-8740,11240,-14,135,-164,-13420,3752,6512,-1277,103,-54,-13060,-6620,6500,-486,129,-93,0
2694.3634181022644,6952,8504,11016,-153,-56,96,6592,-8872,11236,-54,150,-195,-13376,3744,6576,-994,97,-95,-13232,-6612,6460,-468,163,-146,0
2694.3987240791325,7000,8520,10960,-164,-50,83,6428,-8928,11060,-56,157,-202,-13464,3740,6648,-950,107,-90,-13088,-6644,6480,-487,130,-120,0
2694.433958053589,6924,8400,11208,-144,-48,121,6640,-8864,10856,-50,159,-163,-13396,3784,6528,-1011,99,-75,-13224,-6616,6520,-515,122,-149,0
2694.469412088394,7200,8196,11024,-203,-50,100,6528,-9016,10960,-252,131,-172,-13428,3712,6548,-1029,99,-99,-13248,-6600,6412,-513,153,-112,0
2694.504570007324,7024,8556,11020,-127,-48,94,6448,-8892,11176,-62,137,-158,-13344,3648,6748,-985,82,-45,-13320,-6872,6492,-487,140,-121,0
2694.5412840843205,7292,8280,11368,-193,-35,75,6456,-8852,11184,-36,155,-135,-13428,3752,6680,-1013,73,-79,-13560,-6552,6432,-493,149,-146,0
2694.574725151062,7032,8324,11256,-165,-33,84,6524,-8900,10796,-35,147,-161,-13432,3800,6452,-1046,57,-86,-13176,-6472,6416,-483,128,-168,0
2694.608413934708,7416,8436,11048,-132,-25,91,6396,-8932,11016,-37,148,-134,-13444,3904,6608,-774,75,-36,-13096,-6640,6524,-497,104,-181,0
2694.6416559219365,7168,8520,10756,-119,1,69,6300,-8976,11080,-56,193,-137,-13428,3724,6880,-1014,94,-34,-13244,-6604,6544,-482,106,-147,0
2694.675024032593,7020,8452,11048,-163,5,94,6356,-8984,11148,-45,138,-165,-13528,3880,6816,-1012,98,-101,-13192,-6596,6520,-486,136,-127,0
2694.7083439826965,7136,8460,10992,-178,-50,110,6424,-8844,10956,-38,127,-194,-13336,3796,6592,-1023,98,-124,-13192,-6608,6548,-490,188,-139,0
2694.741776943207,7144,8416,11156,-186,-118,123,6144,-8948,11096,-38,117,-187,-13440,3768,6568,-989,97,-88,-13276,-6604,6384,-496,138,-95,0
2694.7769310474396,7216,8452,10916,-151,-108,119,6276,-8884,11164,-31,118,-200,-13428,3864,6568,-979,113,-126,-13140,-6548,6176,-501,171,-110,0
2694.810627937317,7224,8488,11072,-191,-83,145,6516,-8904,11188,-31,144,-150,-13420,3748,6588,-1002,114,-97,-13296,-6584,6412,-487,137,-123,0
2694.8443241119385,7220,8656,11132,-176,-55,116,6468,-8952,11080,-31,177,-159,-13436,3740,6604,-1004,129,-62,-13172,-6420,6468,-485,149,-129,0
2694.8776540756226,7144,8432,11160,-185,-52,106,6492,-8872,10848,10,164,-168,-13280,3808,6412,-1012,122,-47,-13220,-6660,6544,-492,140,-140,0
2694.9111881256104,6920,8472,11196,-166,-69,104,6632,-9200,10784,-53,149,-175,-13328,3732,6520,-981,89,-92,-13352,-6704,6488,-467,132,-124,0
2694.944715976715,7168,8524,11104,-188,-42,105,6480,-8920,11072,-44,162,-183,-13504,3720,6412,-1000,83,-105,-13252,-6544,6400,-479,110,-120,0
2694.9820420742035,7036,8388,11260,-176,-81,101,6516,-8872,11092,-40,140,-172,-13352,3808,6580,-1016,78,-94,-13200,-6564,6648,-483,145,-116,0
2695.0160949230194,7140,8400,10916,-166,-66,125,6576,-8808,11132,-7,154,-155,-13540,3708,6548,-1014,123,-83,-13216,-6584,6540,-518,149,-83,0
2695.0500700473785,7036,8476,10828,-193,-83,146,6332,-8812,11108,21,144,-186,-13416,3748,6404,-993,157,-139,-13184,-6652,6512,-483,195,-62,0
2695.0836651325226,7020,8532,10976,-236,-138,158,6348,-8928,10960,-12,134,-214,-13428,3796,6464,-1019,158,-151,-13200,-6684,6536,-489,210,-39,0
2695.1173400878906,7184,8520,10904,-209,-174,189,6348,-8912,10952,-23,123,-200,-13268,3764,6608,-1004,183,-135,-13508,-6580,6468,-509,208,-40,0
2695.150538921356,7068,8692,10796,-236,-149,205,6432,-8904,10816,1,114,-182,-13344,3848,6636,-1039,164,-93,-13188,-6884,6432,-512,203,-63,0
2695.1840240955353,6920,8692,11200,-271,-170,190,6344,-8908,10988,33,144,-190,-13452,3724,6532,-779,130,-107,-13560,-6408,6348,-501,200,-114,0
2695.217740058899,7208,8484,11124,-201,-137,154,6316,-8960,11152,-2,101,-188,-13456,3628,6408,-1007,140,-128,-13172,-6436,6504,-476,182,-71,0
2695.2512741088867,7184,8396,11188,-289,-172,184,6444,-8968,11016,-6,128,-186,-13468,3824,6764,-1006,149,-130,-13504,-6528,6352,-492,228,-55,0
2695.2847850322723,7324,8420,11136,-270,-166,173,6596,-9024,11052,13,95,-213,-13368,3740,6472,-1021,141,-124,-13304,-6584,6496,-486,228,-82,0
2695.3181750774384,7188,8368,11112,-229,-148,204,6440,-8808,11040,26,118,-172,-13392,3676,6704,-1002,131,-76,-13384,-6564,6444,-488,152,-79,0
2695.3517661094666,7276,8404,10860,-241,-118,198,6468,-8884,11048,25,100,-153,-13428,3760,6620,-1017,148,-122,-13292,-6580,6416,-483,162,-73,0
2695.3850810527806,7248,8448,11084,-239,-113,161,6608,-8872,11032,-5,143,-178,-13476,3632,6768,-989,146,-161,-13268,-6600,6452,-503,177,-66,0
2695.418653011322,7116,8360,10992,-255,-148,174,6512,-8808,11044,-14,112,-212,-13408,3724,6516,-995,194,-122,-13252,-6508,6200,-482,210,-88,0
2695.452376127243,7260,8352,10960,-264,-191,192,6624,-8884,11060,11,122,-201,-13356,3840,6660,-996,169,-110,-13348,-6584,6460,-492,220,-69,0
2695.485794067383,7212,8352,10800,-238,-178,199,6520,-8756,11072,-248,143,-221,-13456,3756,6472,-1006,182,-114,-13084,-6504,6400,-498,179,-54,0
2695.5193970203404,7184,8404,11120,-269,-177,191,6432,-8940,11004,0,120,-180,-13428,3852,6388,-993,194,-143,-13076,-6508,6384,-483,211,-48,0
2695.555629968643,7364,8384,11160,-245,-185,180,6512,-8860,11060,15,138,-213,-13320,3756,6488,-1276,154,-146,-13364,-6580,6492,-767,226,-76,0
2695.591278076172,7236,8360,11116,-193,-183,176,6484,-8932,11240,25,133,-211,-13432,3728,6572,-995,158,-128,-13256,-6468,6416,-490,217,-46,0
2695.6271481513977,7292,8432,10988,-208,-186,179,6612,-8920,11164,-39,103,-209,-13508,3764,6520,-970,157,-58,-13488,-6568,6400,-461,165,-83,0
2695.6618621349335,7312,8308,10912,-218,-101,122,6648,-8892,11168,-50,152,-185,-13564,3800,6416,-1001,75,-51,-13332,-6480,6316,-500,137,-118,0
2695.698476076126,7376,8332,11296,-156,-95,124,6504,-8712,11104,32,137,-184,-13440,3736,6660,-959,104,-121,-13316,-6560,6352,-485,132,-131,0
2695.7334370613094,7204,8452,11096,-79,-41,70,6412,-8852,10984,-40,169,-190,-13504,3748,6568,-959,106,-75,-13348,-6624,6480,-459,104,-162,0
2695.7692091464996,7296,8272,10752,-123,-56,95,6520,-8812,11076,-63,150,-162,-13548,3824,6424,-986,84,-97,-13532,-6492,6412,-483,133,-128,0
2695.8043320178986,7264,8292,10884,-113,-18,90,6472,-8828,11112,-71,137,-146,-13436,3668,6868,-1007,91,-25,-13388,-6500,6160,-260,85,-116,0
2695.8401489257812,7336,8344,10776,-62,-33,109,6456,-8792,11048,-89,97,-143,-13492,3692,6612,-1016,94,-51,-13116,-6632,6304,-497,91,-139,0
2695.8755600452423,7184,8408,10952,-53,-15,60,6472,-8884,11116,-107,120,-153,-13488,3740,6608,-976,60,-54,-13268,-6604,6424,-490,107,-171,0
2695.9109220504765,7220,8424,11112,-145,-52,34,6412,-8956,11056,-76,149,-185,-13432,3824,6648,-983,16,-74,-13276,-6552,6444,-458,120,-170,0
2695.946072101593,7128,8412,11196,-156,-12,39,6440,-9080,11008,-73,219,-162,-13332,3792,6412,-980,23,-29,-13172,-6828,6656,-481,110,-152,0
2695.9818921089172,7220,8348,11176,-152,-44,59,6196,-8952,11004,-70,193,-157,-13440,4080,6428,-998,31,-71,-13320,-6568,6184,-469,118,-130,0
2696.017524957657,7276,8424,11068,-140,-55,77,6436,-8916,11100,-55,135,-159,-13420,3788,6376,-980,50,-88,-13284,-6508,6448,-485,123,-151,0
2696.0532360076904,7188,8352,10876,-114,-17,94,6388,-8772,11016,-62,124,-155,-13416,3824,6560,-973,68,-55,-13068,-6540,6480,-477,125,-114,0
2696.0881731510162,7228,8268,10964,-156,-72,112,6460,-8824,11012,-55,135,-162,-13452,3792,6748,-991,62,-112,-13260,-6508,6500,-501,103,-127,0
2696.1238889694214,7288,8376,11060,-118,-11,77,6372,-8880,11032,-58,167,-172,-13368,3768,6532,-1001,40,-79,-13384,-6684,6332,-525,121,-147,0
2696.159290075302,7340,8436,10972,-157,-63,65,6428,-8900,11064,-41,143,-175,-13468,3748,6848,-994,70,-58,-13072,-6564,6304,-489,119,-136,0
2696.1941261291504,7144,8488,11060,-143,-255,68,6512,-8884,11248,-47,150,-159,-13400,3772,6420,-1001,36,-10,-13080,-6608,6648,-476,89,-161,0
2696.229761123657,7356,8644,11052,-155,-7,77,6488,-8900,11020,-79,136,-136,-13448,3728,6576,-1009,51,-51,-13264,-6776,6616,-468,78,-155,0
2696.2632319927216,7144,8396,11060,-134,12,56,6460,-8888,10868,-74,139,-166,-13376,3748,6588,-1012,36,-68,-13188,-6696,6344,-471,104,-155,0
2696.2968730926514,6960,8192,11168,-127,-10,66,6412,-9128,11140,-62,147,-161,-13440,4088,6576,-988,49,-69,-13172,-6584,6432,-481,125,-122,0
2696.330512046814,7008,8680,11104,-140,-38,76,6412,-8904,11024,-71,156,-180,-13408,3732,6708,-1008,81,-46,-13264,-6572,6504,-493,115,-161,0
2696.363847017288,7204,8428,11052,-144,-56,59,6188,-8708,11196,-52,173,-191,-13364,4064,6480,-940,-86,-43,-13268,-6616,6428,-455,129,-175,0
2696.3971700668335,7228,8408,11072,-138,-56,88,6380,-8892,11060,-46,127,-181,-13404,3804,6580,-994,96,-78,-13376,-6608,6440,-481,112,-138,0
2696.430745124817,6956,8356,11220,-133,-57,53,6416,-8924,11160,-60,126,-184,-13548,3800,6544,-996,68,-81,-13340,-6544,6508,-498,158,-130,0
2696.464329957962,7148,8456,10952,-120,-55,79,6436,-8864,11088,-62,134,-158,-13400,3812,6516,-999,73,-75,-13228,-6576,6480,-483,143,-133,0
2696.498034954071,7096,8504,11080,-137,-54,101,6396,-8968,11208,-34,111,-185,-13360,3824,6760,-999,100,-33,-13228,-6580,6492,-485,161,-98,0
2696.5316541194916,7160,8436,10904,-97,-76,104,6644,-8888,11008,-41,147,-180,-13444,3812,6480,-975,118,-33,-13184,-6620,6496,-470,151,-121,0
2696.5653159618378,7188,8700,11224,-149,-74,92,6428,-8708,11220,-52,127,-200,-13384,3740,6408,-991,98,-116,-13168,-6852,6440,-483,122,-132,0
2696.5986199378967,7260,8492,11080,-119,-19,72,6504,-9028,11000,-84,167,-169,-13492,4024,6624,-985,70,-69,-13436,-6672,6532,-482,83,-117,0
2696.631989955902,7244,8464,10828,-195,-20,89,6608,-9184,11240,-19,165,-129,-13468,3804,6444,-1047,62,-70,-13224,-6580,6460,-517,134,-148,0
2696.6674370765686,7168,8460,11188,-124,-45,101,6600,-8836,11176,-26,139,-191,-13516,3760,6748,-988,91,-93,-13548,-6728,6444,-465,141,-144,0
2696.700984954834,7144,8552,10912,-130,-40,75,6452,-8936,11180,-107,133,-173,-13504,3772,6768,-948,22,-97,-13260,-6608,6464,-477,136,-169,0
2696.7344911098485,7260,8688,11248,-127,-95,88,6396,-8824,11108,-43,144,-176,-13400,3780,6468,-1027,55,-74,-13304,-6524,6648,-489,136,-138,0
2696.7681789398193,7396,8428,11088,-126,-42,76,6368,-8876,10872,-74,162,-146,-13400,3776,6460,-981,15,-30,-13228,-6640,6644,-468,90,-153,0
2696.8017530441284,7116,8488,11100,-113,18,40,6536,-8884,11056,-75,194,-104,-13396,3792,6400,-974,35,-254,-13148,-6608,6220,-478,60,-145,0
2696.835442066192,7112,8476,11024,-143,10,69,6320,-8956,11104,-70,158,-130,-13352,4036,6640,-984,84,-53,-13148,-6624,6372,-489,130,-121,0
2696.8689489364624,7156,8392,11000,-156,-49,89,6184,-9176,11156,-29,141,-163,-13252,3676,6704,-1010,112,-131,-13156,-6644,6460,-483,150,-115,0
2696.90211892128,7184,8452,10868,-160,-74,113,6376,-8872,11052,-41,126,-185,-13400,4068,6520,-990,113,-87,-13072,-6612,6632,-766,205,-114,0
2696.935693025589,7160,8284,11024,-165,-107,118,6376,-9008,11084,-19,116,-188,-13436,3756,6612,-1035,127,-76,-13348,-6732,6524,-469,179,-104,0
2696.9695789813995,7152,8548,11068,-168,-83,118,6404,-8892,11092,-14,108,-160,-13424,3872,6628,-997,89,-87,-13392,-6572,6480,-491,137,-108,0
2697.0028841495514,7216,8504,11108,-183,-29,110,6508,-8896,11104,-12,158,-161,-13480,3860,6836,-1001,86,-116,-13280,-6556,6416,-481,140,-109,0
2697.036498069763,7124,8436,11036,-165,-83,126,6440,-9008,11064,-13,146,-161,-13388,3740,6832,-769,143,-145,-13220,-6572,6540,-475,166,-124,0
2697.0700211524963,7176,8496,11044,-182,-101,144,6376,-8924,11048,-20,144,-193,-13344,3736,6820,-983,135,-94,-13176,-6912,6464,-485,167,-62,0
2697.1035821437836,7164,8504,10856,-211,-110,156,6320,-8972,11192,-44,130,-189,-13404,3776,6696,-989,144,-77,-13108,-6620,6512,-495,188,-77,0
2697.1370029449463,7056,8560,11160,-210,-137,163,6388,-8988,10944,-15,131,-193,-13380,3936,6880,-1011,159,-153,-13260,-6564,6612,-490,188,-57,0
2697.170550107956,7052,8464,11176,-204,-165,171,6384,-8936,10960,25,138,-198,-13440,4084,6544,-1002,154,-152,-13204,-6620,6420,-484,220,-71,0
2697.2037529945374,7136,8440,11152,-206,-103,171,6164,-8972,11084,40,147,-169,-13400,3728,6600,-769,176,-104,-13232,-6672,6568,-478,222,-41,0
2697.2406611442566,7416,8480,11116,-240,-174,181,6404,-8884,11072,40,147,-208,-13468,3764,6764,-993,174,-163,-13096,-6568,6624,-476,223,-83,0
2697.275573015213,7204,8204,11052,-239,-179,176,6152,-8872,11180,12,142,-214,-13404,3816,6428,-971,161,-147,-13560,-6536,6416,-490,170,-52,0
2697.311728954315,7248,8372,11004,-229,-145,187,6456,-8892,11048,0,115,-189,-13464,3900,6592,-1035,139,-108,-13344,-6492,6232,-498,214,-69,0
2697.3480710983276,7220,8688,10816,-285,-151,188,6416,-8884,11036,48,103,-198,-13412,3772,6500,-1047,200,-129,-13256,-6628,6436,-465,190,-117,0
2697.3830990791325,7244,8420,11092,-199,-127,175,6436,-8848,11108,10,140,-187,-13704,3684,6416,-1018,137,-157,-13280,-6584,6580,-465,185,-70,0
2697.4193711280823,7228,8428,11016,-260,-133,172,6440,-8948,11148,-247,94,-209,-13464,3852,6544,-984,151,-134,-13404,-6508,6448,-473,198,-63,0
2697.454430103302,7300,8416,11096,-223,-129,176,6512,-8856,11080,-246,102,-184,-13408,3828,6528,-1006,147,-85,-13300,-6472,6548,-481,176,-90,0
2697.491187095642,7244,8392,11188,-209,-122,174,6464,-8832,11092,8,91,-166,-13348,3760,6632,-999,130,-114,-13276,-6420,6560,-455,146,-119,0
2697.5273110866547,7216,8472,10940,-216,-96,161,6436,-8928,11168,9,126,-142,-13352,3784,6532,-999,110,-63,-13568,-6528,6440,-490,167,-79,0
2697.562159061432,7244,8400,11116,-241,-131,147,6648,-8836,11092,-2,113,-203,-13412,3708,6880,-1014,153,-130,-13292,-6516,6244,-470,210,-65,0
2697.5974380970006,7320,8340,11076,-220,-180,177,6204,-9200,11148,19,140,-231,-13408,3800,6648,-1032,172,-126,-13076,-6536,6376,-491,218,-53,0
2697.633213043213,7252,8696,10932,-186,-212,197,6416,-8968,11064,-22,84,-229,-13420,3760,6708,-1006,178,-91,-13308,-6656,6628,-466,190,-59,0
2697.669238090515,7316,8464,10992,-180,-130,166,6572,-8884,11080,-16,111,-196,-13448,3588,6436,-988,149,-78,-13268,-6500,6372,-455,168,-84,0
2697.7043330669403,7376,8264,10972,-172,-103,142,6480,-8780,11040,-60,123,-173,-13528,3620,6692,-1009,136,-88,-13516,-6476,6496,-495,150,-112,0
2697.7399799823766,7348,8308,10992,-139,-71,122,6440,-8836,11168,-43,137,-175,-13420,3696,6828,-999,73,-51,-13508,-6556,6412,-467,116,-152,0
2697.7749519348145,7300,8352,11164,-137,-45,84,6436,-8844,11144,-61,142,-157,-13396,3696,6572,-982,53,-73,-13268,-6524,6512,-463,125,-154,0
2697.8107781410217,7264,8348,11252,-135,-44,60,6408,-8888,11060,-89,157,-171,-13496,3704,6484,-1002,61,-93,-13260,-6556,6520,-461,73,-157,0
2697.8472969532013,7284,8432,10840,-81,-13,46,6404,-8712,11228,-75,164,-168,-13396,3776,6580,-999,80,-36,-13316,-6620,6552,-474,100,-167,0
2697.8834171295166,7228,8356,11088,-66,-36,75,6412,-8916,10980,-65,145,-163,-13308,3776,6600,-986,84,-79,-13344,-6596,6404,-486,107,-159,0
2697.9169170856476,6996,8700,11024,-83,15,61,6384,-8904,11172,-45,137,-160,-13408,3748,6708,-986,90,-86,-13172,-6608,6492,-465,152,-161,0
2697.950534105301,7192,8440,11096,-136,-22,67,6300,-9172,11052,-78,147,-169,-13492,3784,6820,-988,91,-36,-13236,-6536,6360,-474,111,-130,0
2697.983794927597,7232,8700,11076,-80,11,78,6596,-8852,11100,-81,162,-130,-13564,3800,6544,-997,87,-56,-13252,-6536,6480,-765,81,-145,0
2698.017445087433,6916,8356,10884,-133,39,69,6652,-8976,11492,-42,127,-136,-13468,3756,6668,-1027,49,-85,-13508,-6416,6604,-763,143,-154,0
2698.0508489608765,7256,8568,10908,-96,24,68,6468,-8840,11212,-65,137,-159,-13400,3728,6828,-981,50,-61,-13368,-6540,6572,-766,83,-161,0
2698.0842709541325,7204,8204,10960,-79,51,51,6556,-9120,11060,-114,139,-114,-13532,3756,6560,-1000,45,252,-13568,-6612,6408,-497,99,-180,0
2698.117924928665,7324,8460,11000,-181,6,58,6484,-8860,11112,-31,150,-170,-13380,3764,6504,-991,81,-45,-13216,-6620,6348,-487,131,-117,0
2698.1512520313263,6972,8460,10948,-159,-53,108,6340,-8952,11068,-39,111,-169,-13368,3900,6556,-1004,115,-96,-13212,-6480,6500,-483,157,-51,0
2698.184755086899,7136,8456,11156,-127,-37,134,6348,-8956,11060,249,121,-162,-13436,3588,6720,-1004,132,-127,-13252,-6608,6548,-485,162,-121,0
2698.2182500362396,6912,8204,11032,-181,-27,127,6488,-8876,10824,-41,141,-185,-13400,3708,6396,-989,81,-66,-13164,-6500,6552,-488,131,-146,0
2698.251790046692,7096,8208,10932,-187,-89,85,6404,-8912,11044,-32,163,-174,-13108,3796,6576,-950,71,-67,-13244,-6548,6492,-491,152,-126,0
2698.2849900722504,7176,8500,11108,-142,-112,108,6372,-8832,11068,-38,150,-213,-13344,3752,6568,-979,106,-106,-13152,-6596,6488,-472,170,-85,0
2698.3185610771175,7168,8644,11184,-172,-100,103,6628,-8920,11212,-52,124,-195,-13424,3816,6472,-985,71,-133,-13256,-6608,6260,-492,170,-120,0
2698.352119922638,7224,8512,11248,-123,-58,117,6516,-8872,11260,-62,138,-173,-13356,3840,6624,-981,83,-32,-13448,-6536,6316,-496,143,-101,0
2698.3853321075444,7272,8196,10952,-173,-53,144,6468,-8748,11160,-62,135,-164,-13428,3664,6504,-995,136,-46,-13304,-6592,6432,-482,145,-137,0
2698.418926000595,7284,8524,11012,-159,-82,125,6468,-8864,11096,-45,115,-216,-13336,3824,6820,-774,141,-101,-13168,-6548,6320,-479,171,-111,0
2698.4524281024933,6948,8692,11068,-161,-74,129,6464,-8888,10896,-1,149,-181,-13380,3808,6608,-1010,102,-108,-13276,-6600,6168,-496,170,-102,0
2698.485999107361,7132,8532,11032,-163,-87,107,6412,-8780,11088,-25,147,-189,-13436,3876,6544,-983,104,-104,-13248,-6624,6488,-485,144,-152,0
2698.5196330547333,7188,8424,11028,-175,-73,100,6316,-8900,11096,-36,162,-179,-13412,3840,6544,-980,76,-55,-13272,-6540,6572,-479,144,-117,0
2698.5532591342926,7156,8428,11080,-202,-70,107,6412,-8976,11140,-47,133,-182,-13464,3592,6640,-1008,75,-38,-13232,-6548,6624,-510,156,-108,0
2698.5866661071777,7124,8472,11140,-151,-67,145,6312,-8852,11124,-33,129,-166,-13072,3788,6520,-964,171,-84,-13256,-6452,6540,-475,157,-90,0
2698.62021112442,7100,8436,11112,-208,-106,148,6156,-8840,11036,-57,130,-190,-13496,3716,6492,-980,159,-105,-13304,-6584,6412,-462,171,-61,0
2698.653599023819,7252,8436,10924,-183,-86,169,6552,-8860,10972,-66,141,-171,-13356,3732,6548,-961,155,-79,-13308,-6496,6424,-492,140,-49,0
2698.6870341300964,7268,8380,10864,-234,-45,177,6464,-8904,11080,-22,119,-145,-13752,3788,6676,-1051,126,-48,-13340,-6548,6400,-507,168,-98,0
2698.7204411029816,7464,8488,11000,-192,-79,150,6484,-8936,11128,-29,138,-170,-13568,3692,6528,-1014,95,-90,-13352,-6556,6396,-499,121,-141,0
2698.753925085068,7204,8508,11096,-113,-31,103,6620,-8904,10940,-115,154,-161,-13448,3704,6616,-987,26,-65,-13480,-6604,6412,-478,71,-135,0
2698.7875990867615,7316,8444,11136,-175,-4,62,6476,-9132,11100,-72,163,-145,-13424,3808,6632,-987,38,-45,-13536,-6588,6424,-468,97,-173,0
2698.821263074875,6976,8624,10956,-139,21,52,6460,-8872,11048,-85,148,-142,-13488,4044,6504,-1274,27,237,-13388,-6608,6544,-480,69,-141,0
2698.8548769950867,7412,8476,10764,-128,21,40,6324,-8956,11016,-89,155,-130,-13452,3800,6612,-983,23,-30,-13252,-6848,6804,-479,56,-171,0
2698.8881249427795,7100,8236,11096,-137,54,66,6168,-9208,11000,-92,162,-137,-13092,4060,6644,-986,37,-48,-13212,-6540,6452,-482,90,-155,0
2698.9244489669804,7160,8524,11040,-141,-5,59,6400,-8972,11020,-72,151,-178,-13332,3588,6668,-1004,49,-82,-13208,-6620,6608,-488,135,-178,0
2698.9606599807735,7100,8556,11028,-113,-52,88,6364,-8968,11064,-65,171,-198,-13352,3788,6728,-992,49,-39,-13252,-6504,6484,-482,155,-133,0
2698.996109008789,7132,8564,10988,-151,-59,77,6476,-8864,11160,-71,142,-204,-13460,3836,6700,-1002,87,-101,-13292,-6568,6476,-483,143,-107,0
2699.031811952591,7124,8508,11036,-112,-88,80,6288,-8948,11008,-74,142,-191,-13432,3888,6548,-993,105,-60,-13332,-6632,6548,-477,166,-123,0
2699.068037033081,7156,8508,11056,-162,-47,133,6412,-8952,11184,-58,116,-177,-13412,3820,6636,-989,133,-27,-13284,-6608,6476,-480,169,-99,0
2699.103534936905,7244,8516,11016,-167,-61,115,6404,-8964,11000,-71,101,-185,-13304,3776,6576,-1013,116,-66,-13220,-6660,6632,-504,157,-83,0
2699.1387951374054,7168,8572,11032,-114,-101,158,6152,-8916,11188,-65,120,-204,-13320,3768,6524,-1004,130,-65,-13252,-6608,6612,-498,167,-69,0
2699.1739671230316,7212,8560,10872,-133,-39,125,6468,-8960,10948,-130,148,-168,-13536,3752,6612,-964,101,-59,-13280,-6588,6452,-480,82,-109,0
2699.2095630168915,7112,8436,11020,-159,5,82,6444,-8976,11024,-70,125,-165,-13468,3900,6400,-1005,73,-32,-13228,-6588,6536,-499,109,-132,0
2699.244910955429,7052,8588,11124,-158,-23,107,6420,-8916,11028,-17,121,-165,-13100,3784,6608,-1008,110,-71,-13340,-6764,6452,-457,153,-121,0
2699.2804441452026,7016,8384,11228,-116,253,100,6240,-8988,11156,-50,129,-187,-13328,3936,6732,-982,85,-104,-13156,-6532,6540,-498,180,-110,0
2699.3156039714813,7416,8520,11028,-165,-58,146,6376,-9032,11224,-41,104,-198,-13440,3612,6868,-980,110,-120,-13556,-6488,6640,-496,143,-134,0
2699.351758956909,7400,8560,11032,-171,-58,128,6364,-8928,11140,-70,126,-173,-13072,3804,6496,-1280,96,-74,-13252,-6460,6424,-526,160,-140,0
2699.3878369331364,6956,8472,10832,-176,-114,106,6292,-9212,10932,-83,127,-186,-13388,3860,6612,-1004,89,-91,-13320,-6532,6568,-504,191,-141,0
2699.4232580661774,7112,8468,11136,-190,-86,100,6328,-8960,11036,-52,142,-192,-13372,3612,6584,-973,84,-71,-13064,-6608,6404,-457,133,-111,0
2699.4586770534515,7112,8516,11120,-205,-75,92,6180,-8992,11004,-60,142,-157,-13408,3848,6600,-979,71,-82,-13300,-6472,6452,-486,152,-106,0
2699.4933729171753,7152,8468,11148,-208,-56,112,6156,-8984,10808,-25,155,-182,-13376,3856,6612,-1004,83,-83,-13332,-6600,6364,-473,170,-112,0
2699.528855085373,7236,8452,10868,-170,-81,127,6452,-8952,11108,-25,141,-186,-13484,3796,6632,-1008,105,-100,-13420,-6572,6520,-497,146,-95,0
2699.5655279159546,7408,8436,11016,-235,-85,145,6468,-8924,11140,-18,117,-173,-13364,3808,6552,-1021,141,-101,-13336,-6624,6420,-464,195,-92,0
2699.599226951599,7132,8612,11104,-2,-117,171,6348,-8992,11096,-11,117,-169,-13372,3732,6656,-1006,177,-87,-13268,-6576,6380,-479,196,-32,0
2699.6326401233673,7104,8452,11016,-222,-138,171,6152,-9020,11056,-11,107,-204,-13384,4052,6700,-1006,183,-169,-13188,-6608,6552,-479,214,-66,0
2699.666118144989,6996,8532,11004,-243,-143,184,6276,-8924,11108,16,137,-197,-13348,3776,6592,-984,188,-120,-13200,-6636,6500,-483,222,-59,0
2699.6999270915985,7072,8416,11200,-268,-165,219,6372,-9176,11248,13,139,-202,-13456,3872,6608,-992,166,-125,-13360,-6540,6648,-467,201,-64,0
2699.7333941459656,7172,8440,11148,-290,-156,188,6352,-9008,11108,32,126,-164,-13452,3856,6436,-995,165,-99,-13292,-6640,6508,-492,197,-55,0
2699.7668681144714,7144,8360,11184,-282,-132,204,6516,-8908,10924,15,109,-172,-13476,3780,6492,-993,167,-111,-13320,-6568,6428,-476,226,-68,0
2699.8005769252777,7276,8448,10760,-261,-180,223,6492,-8916,11100,33,131,-215,-13580,3788,6560,-975,164,-133,-13280,-6528,6456,-499,217,-45,0
2699.8342361450195,7180,8660,11008,-282,-171,220,6624,-9200,11120,30,128,-201,-13528,3780,6444,-977,207,-177,-13400,-6892,6424,-464,240,-10,0
2699.8677940368652,7324,8304,11048,-292,-184,252,6376,-8992,11028,-19,99,-194,-13352,3864,6164,-991,238,-171,-13384,-6584,6608,-470,237,-2,0
2699.9010479450226,7248,8192,11056,-279,-198,209,6528,-9016,11072,7,83,-225,-13336,3812,6488,-1021,180,-125,-13340,-6592,6452,-452,251,-37,0
2699.9343669414525,7368,8524,10868,-239,-160,219,6156,-8916,10960,-20,62,-203,-13576,3800,6448,-959,187,-97,-13332,-6608,6632,-451,163,-41,0
2699.9677879810333,7192,8404,11000,-266,-171,226,6432,-8972,10856,25,129,-181,-13420,3732,6660,-991,134,-144,-13364,-6588,6448,-479,186,-87,0
2700.0440311431885,7164,8380,10924,-281,-169,187,6432,-8912,11128,24,120,-189,-13368,3668,6472,-992,160,-121,-13332,-6532,6356,-462,199,-78,0
2700.0777299404144,7276,8380,11032,-228,-130,214,6424,-8928,11100,-23,84,-192,-13420,4036,6532,-967,129,-88,-13236,-6444,6384,-495,159,-69,0
2700.1112229824066,7280,8296,11056,-318,-118,179,6464,-9196,11172,36,93,-178,-13392,3804,6592,-1060,148,-107,-13324,-6420,6476,-503,200,-76,0
2700.1443469524384,7180,8356,10996,-253,-185,194,6540,-8988,11148,37,108,-198,-13312,3772,6588,-997,150,-111,-13408,-6660,6404,-455,197,-97,0
2700.1778230667114,7240,8352,11168,-167,-126,151,6532,-8944,11156,-46,111,-227,-13532,3804,6760,-983,113,-126,-13396,-6580,6256,-494,198,-99,0
2700.2113020420074,7368,8288,11192,-206,-131,143,6480,-8752,11204,-28,102,-202,-13604,3608,6356,-1029,111,-112,-13408,-6404,6400,-492,166,-121,0
2700.2448620796204,7308,8308,11028,-155,-96,98,6464,-8944,10912,-51,122,-162,-13480,3768,6304,-984,57,-30,-13376,-6492,6308,-492,104,-156,0
2700.2781739234924,7404,8284,10976,-122,14,69,6448,-8824,11052,-85,152,-92,-13552,3896,6396,-992,12,53,-13320,-6544,6376,-465,47,-188,0
2700.3117730617523,7240,8332,11168,-141,28,48,6476,-8712,11036,-83,141,-120,-13396,3804,6536,-983,-5,-11,-13268,-6568,6476,-455,102,-178,0
2700.3456170558934,7420,8372,10940,-102,-250,65,6488,-8896,10944,-76,153,-169,-13468,3608,6632,-996,68,-63,-13268,-6504,6400,-465,155,-159,0
2700.37891292572,7124,8476,11136,-133,-57,80,6464,-8916,11084,-67,141,-188,-13464,3744,6564,-995,91,-111,-13524,-6504,6640,-477,169,-153,0
2700.4123480319977,7244,8436,11096,-121,-91,102,6476,-8920,11068,-90,116,-197,-13396,3808,6584,-986,103,-32,-13164,-6556,6628,-444,189,-106,0
2700.4458870887756,7312,8368,10756,-108,-67,86,6400,-8716,11152,-108,147,-198,-13308,3824,6616,-976,104,-26,-13396,-6552,6348,-490,152,-123,0
2700.4793310165405,7348,8420,10768,-118,-56,70,6188,-8924,10992,-73,148,-181,-13360,3868,6580,-990,106,-60,-13280,-6508,6544,-505,123,-131,0
2700.5129170417786,7288,8588,11072,-97,-23,71,6444,-8948,11060,-79,175,-133,-13516,3780,6336,-990,80,-89,-13332,-6560,6164,-464,96,-147,0
2700.5466351509094,7236,8236,11068,-124,-12,84,6404,-8956,11056,-101,154,-160,-13408,3820,6184,-999,57,-32,-13352,-6592,6488,-480,115,-122,0
2700.5799441337585,7260,8192,11120,-151,-3,60,6404,-8784,11088,-109,128,-179,-13376,3764,6408,-969,64,-44,-13276,-6540,6156,-471,122,-101,0
2700.6180880069733,7128,8372,11016,-111,-33,57,6440,-8984,10868,-93,118,-184,-13376,3776,6568,-999,53,-50,-13300,-6476,6416,-491,135,-162,0
2700.6533701419826,7156,8412,10784,-137,-22,87,6556,-8912,10988,-46,108,-171,-13368,3808,6480,-1032,72,-19,-13548,-6460,6396,-479,130,-147,0
2700.6894071102142,7260,8428,11088,-128,-8,90,6392,-9040,10852,-77,134,-167,-13420,3764,6584,-992,73,-35,-13288,-6484,6172,-462,123,-140,0
2700.7245559692383,7340,8400,10992,-115,-6,81,6572,-8900,11024,-88,162,-175,-13464,3820,6480,-946,53,-40,-13448,-6548,6400,-453,92,-140,0
2700.760283946991,7384,8452,11080,-113,23,57,6420,-8900,10780,-85,145,-155,-13464,3904,6608,-996,29,-41,-13204,-6444,6484,-473,103,-149,0
2700.7955510616302,7156,8380,11116,-173,17,54,6564,-9032,11108,-30,161,-162,-13468,3860,6480,-1028,22,-44,-13352,-6572,6620,-494,130,-155,0
2700.831920146942,6972,8464,10888,-118,-2,75,6480,-8932,11092,-33,137,-169,-13532,3712,6688,-1020,47,-93,-13360,-6408,6408,-464,103,-130,0
2700.8678920269012,7068,8584,11148,-153,9,46,6904,-8904,10972,-15,203,-178,-13408,3868,6724,-938,12,-59,-13416,-6548,6480,-502,162,-144,0
2700.9032940864563,7236,8452,10792,-171,-23,58,6480,-9104,11020,-21,145,-186,-13360,3636,6584,-1016,15,-37,-13436,-6536,6416,-472,131,-153,0
2700.9392011165614,7072,8328,11096,-166,-27,74,6520,-8940,10936,-48,160,-140,-13424,3796,6548,-1278,36,-69,-13520,-6580,6384,-497,84,-161,0
2700.9749960899353,7196,8508,11096,-158,54,90,6428,-8992,11152,-44,130,-124,-13344,3860,6656,-981,-252,-62,-13312,-6564,6424,-494,66,-174,0
2701.0105690956116,7180,8440,11136,-143,2,56,6504,-8964,11116,-47,133,-160,-13548,3760,6644,-1004,52,-54,-13316,-6580,6360,-495,147,-166,0
2701.0460970401764,7144,8460,11132,-164,-66,78,6456,-8916,10832,-55,127,-176,-13380,4088,6612,-990,79,-91,-13064,-6848,6396,-495,156,-131,0
2701.082015037536,7036,8684,11252,-200,-86,103,6348,-8908,10936,-45,145,-182,-13376,3788,6652,-980,104,-38,-13284,-6496,6396,-495,138,-105,0
2701.1180391311646,7236,8364,10992,-172,-95,109,6452,-8868,10996,-63,133,-180,-13352,3728,6668,-983,105,-58,-13272,-6580,6588,-463,126,-112,0
2701.1534600257874,7204,8476,11144,-190,-256,122,6480,-8948,11128,-50,137,-140,-13420,3844,6448,-969,94,-76,-13388,-6460,6488,-490,130,-98,0
2701.189309120178,7240,8360,11260,-185,-74,103,6540,-8988,11056,-47,118,-159,-13404,4088,6420,-975,72,-40,-13340,-6512,6384,-484,139,-148,0
2701.2244169712067,7132,8416,10996,-183,-67,124,6592,-8984,11156,-59,137,-185,-13348,3648,6864,-973,96,-38,-13560,-6588,6316,-469,147,-149,0
2701.2604520320892,7096,8436,10984,-174,-50,104,6440,-9012,11072,-55,151,-157,-13420,3596,6484,-995,86,-71,-13260,-6580,6636,-473,126,-122,0
2701.2937231063843,7132,8200,11116,-150,-54,94,6456,-9080,11256,-73,146,-199,-13412,3796,6488,-1007,99,-95,-13072,-6592,6444,-476,150,-123,0
2701.3271391391754,6912,8580,11056,-206,-44,113,6384,-9004,11244,-32,155,-167,-13060,3940,6532,-1020,90,-85,-13068,-6560,6528,-476,154,-83,0
2701.360677957535,6932,8428,11144,-160,-59,119,6392,-8996,11068,-35,131,-182,-13504,3892,6412,-1021,92,-85,-13536,-6580,6464,-474,158,-115,0
2701.3940989971165,6968,8396,11232,-182,-93,116,6560,-9036,10768,-30,133,-197,-13408,3896,6236,-980,118,-138,-13108,-6604,6364,-433,188,-95,0
2701.4275500774384,7168,8520,10800,-151,-77,107,6468,-9036,10968,-98,128,-203,-13452,3884,6504,-966,118,-117,-13396,-6560,6360,-476,134,-92,0
2701.4610610008244,7300,8288,11052,-177,-72,138,6468,-9024,11104,-44,150,-169,-13464,3848,6616,-1015,120,-91,-13212,-6580,6320,-496,173,-87,0
2701.494511127472,7012,8432,11048,-217,-99,137,6348,-8992,11084,16,128,-191,-13336,3636,6644,-1041,126,-91,-13300,-6636,6524,-512,214,-84,0
2701.5280549526215,7372,8460,11160,-153,-121,140,6476,-9208,11112,-25,115,-182,-13508,3800,6708,-1018,149,-125,-13320,-6696,6648,-476,193,-96,0
2701.5617411136627,7156,8540,11044,-226,-84,141,6400,-9028,11240,12,121,-194,-13516,3920,6540,-769,119,-144,-13368,-6552,6468,-503,219,-71,0
2701.595257997513,7232,8412,11092,-246,-125,149,6448,-8948,11004,16,129,-212,-13444,3920,6500,-1005,136,-105,-13264,-6460,6576,-488,199,-72,0
2701.6284589767456,6972,8208,11084,-236,-111,186,6432,-8960,10760,13,139,-176,-13392,3876,6540,-972,121,-81,-13324,-6544,6556,-501,149,-101,0
2701.6619009971614,7192,8316,11172,-249,-87,171,6376,-9044,11072,8,135,-156,-13512,4068,6532,-994,120,-100,-13352,-6524,6148,-493,158,-95,0
2701.6954929828644,7124,8476,11128,-261,-129,204,6440,-8864,11080,254,119,-197,-13324,3832,6664,-999,146,-136,-13296,-6444,6412,-482,199,-79,0
2701.7291169166565,7144,8436,11148,-277,-121,206,6484,-8972,10940,17,151,-199,-13356,3740,6468,-1006,159,-164,-13128,-6500,6392,-471,220,-30,0
2701.7626399993896,7248,8480,11164,-307,-174,192,6412,-8912,11020,24,142,-210,-13440,3768,6568,-1003,220,-107,-13312,-6504,6352,-474,230,-32,0
2701.7964630126953,7236,8384,11068,-256,-170,250,6432,-8964,11164,1,-7,-262,-13348,3816,6632,-1004,194,-84,-13400,-6472,6356,-462,196,-15,0
2701.8301980495453,7188,8412,11012,-254,-182,221,6420,-8976,11000,18,104,-220,-13344,3620,6492,-999,180,-116,-13264,-6536,6320,-468,206,-69,0
2701.8637840747833,7268,8392,10976,-249,-140,167,6468,-8980,11060,4,122,-223,-13496,3764,6812,-998,176,-110,-13404,-6516,6252,-497,187,-42,0
2701.897292137146,7204,8336,11012,-232,-137,169,6456,-9000,11112,5,82,-183,-13448,3832,6524,-1012,180,-138,-13340,-6576,6496,-502,193,-74,0
2701.930822134018,7236,8412,11084,-209,-127,174,6368,-9180,10752,24,118,-199,-13408,3828,6544,-975,161,-152,-13400,-6528,6304,-470,181,-61,0
2701.964374065399,7148,8308,11172,-249,-149,180,6556,-8984,11056,-6,101,-204,-13508,3708,6440,-982,139,-115,-13336,-6608,6484,-766,195,-66,0
2701.9979209899902,7228,8264,11108,-230,-167,169,6412,-9012,11084,-5,126,-219,-13436,3832,6628,-976,162,-110,-13324,-6552,6192,-484,235,-44,0
2702.031466960907,7276,8344,11040,-223,-163,191,6460,-8928,10988,24,106,-251,-13444,3928,6652,-1017,146,-141,-13424,-6504,6320,-488,219,-55,0
2702.0651209354405,7256,8328,11076,-181,-197,170,6584,-8940,10784,7,121,-219,-13316,3796,6548,-1000,195,-155,-13392,-6588,6304,-472,235,-88,0
2702.098703145981,7328,8356,11008,-216,-186,153,6480,-8728,11140,-6,114,-222,-13452,3760,6336,-996,172,-92,-13348,-6496,6324,-464,208,-66,0
2702.1322450637817,7320,8360,11124,-184,-135,164,6500,-8932,11020,-34,119,-197,-13392,3868,6512,-967,157,-103,-13396,-6464,6372,-496,168,-65,0
2702.1657271385193,7304,8272,11128,-182,-103,159,6512,-8908,11008,-12,56,-188,-13508,3808,6388,-1272,109,-59,-13428,-6456,6168,-766,172,-123,0
2702.199442148208,7272,8228,11032,-177,-114,138,6536,-8900,10908,-9,103,-164,-13476,3584,6528,-1275,124,-63,-13372,-6532,6604,-495,112,-105,0
2702.2329161167145,7300,8424,10844,-78,-55,91,6488,-8928,10804,-48,141,-149,-13500,3944,6456,-978,99,-70,-13400,-6500,6156,-464,127,-130,0
2702.269175052643,7380,8204,11184,-101,-67,67,6520,-8916,10808,-97,110,-172,-13412,3860,6472,-996,75,-65,-13380,-6488,6412,-512,154,-181,0
2702.304002046585,7396,8312,11048,-63,1,63,6596,-8872,11048,-116,106,-129,-13492,3872,6460,-1004,16,19,-13556,-6412,6300,-490,78,-183,0
2702.339709997177,7328,8336,10780,-53,52,35,6528,-8908,11252,-137,122,-110,-13484,3828,6408,-959,58,-19,-13316,-6568,6412,-490,62,-167,0
2702.374866962433,7204,8688,11216,-81,37,45,6440,-8984,10964,-108,152,-133,-13388,3880,6616,-977,74,-21,-13304,-6624,6588,-478,107,-165,0
2702.4106750488286,7136,8344,10980,-91,-18,66,6372,-9136,11136,-117,149,-163,-13288,3896,6500,-991,79,-16,-13244,-6484,6332,-480,167,-145,0
2702.4461169242854,7328,8420,11032,-82,-50,51,6484,-8944,11256,-81,136,-191,-13212,3964,6580,-993,74,-107,-13468,-6472,6404,-487,162,-126,0
2702.481864929199,7288,8340,11024,-128,-43,66,6420,-9032,11016,-74,159,-150,-13532,3936,6548,-998,40,-24,-13420,-6488,6444,-502,92,-168,0
2702.517399072647,7272,8456,11052,-99,22,34,6540,-9216,11012,-36,163,-119,-13408,4064,6404,-987,53,-35,-13408,-6544,6368,-473,130,-167,0
2702.553785085678,7264,8436,11152,-144,-9,47,6356,-9048,11056,-35,151,-175,-13404,3992,6360,-1011,103,-107,-13360,-6608,6500,-495,167,-166,0
2702.5896129608154,7152,8376,11004,-103,-84,73,6468,-9188,11128,-31,104,-207,-13492,3772,6464,-1005,73,-53,-13208,-6516,6424,-515,197,-101,0
2702.6248109340668,7148,8404,11008,-133,-113,96,6584,-9216,11028,-60,119,-195,-13432,3716,6524,-978,114,-104,-13260,-6620,6412,-487,162,-134,0
2702.6605629920964,7284,8440,11248,-126,-39,100,6440,-8952,11096,-103,112,-173,-13500,3760,6572,-954,127,-40,-13412,-6524,6332,-506,123,-106,0
2702.69557094574,7236,8320,11028,-151,252,94,6624,-8772,11112,-57,122,-192,-13520,3588,6620,-988,80,-80,-13340,-6524,6272,-514,135,-133,0
2702.7312920093536,7272,8396,11100,-138,-21,92,6604,-8956,10968,-13,149,-152,-13472,3820,6448,-986,58,-94,-13376,-6460,6204,-485,90,-138,0
2702.7662270069122,7348,8632,11024,-88,64,5,6648,-9052,10932,-74,168,-165,-13468,3788,6532,-972,38,-58,-13416,-6584,6396,-493,95,-171,0
2702.8017270565033,7228,8480,11244,-127,14,50,6504,-8944,10868,-58,154,-153,-13436,3796,6264,-980,52,-54,-13384,-6480,6252,-510,128,-175,0
2702.8379120826726,7352,8396,10956,-119,23,41,6508,-8720,10920,-63,149,-150,-13528,3780,6568,-1045,-250,-30,-13324,-6604,6348,-524,69,-171,0
2702.8732879161835,7256,8484,11220,-124,34,40,6468,-8996,10968,-55,174,-141,-13348,3884,6652,-1033,-24,-52,-13292,-6544,6452,-467,111,-182,0
2702.908695936203,7388,8480,10864,-163,-22,45,6200,-9188,11168,-58,160,-147,-13512,3676,6560,-979,38,-54,-13316,-6484,6412,-468,149,-147,0
2702.9445099830627,7196,8512,11072,-193,-16,70,6348,-8980,11212,-89,161,-177,-13276,3952,6652,-992,51,-29,-13268,-6632,6276,-468,152,-122,0
2702.9781260490417,7084,8352,11096,-194,-64,93,6340,-9048,10900,-40,121,-178,-13312,3888,6684,-1004,68,-40,-13316,-6664,6400,-465,146,-97,0
2703.01175904274,7140,8456,10944,-172,-48,117,6452,-9012,11156,-57,109,-161,-13444,3816,6632,-1001,98,-97,-13340,-6592,6424,-493,154,-138,0
2703.0453090667725,6936,8208,11232,-141,-75,128,6512,-9108,10960,-61,134,-178,-13428,3960,6500,-1014,101,-97,-13380,-6588,6392,-494,167,-103,0
2703.07858800888,7332,8404,11000,-145,-97,99,6448,-9072,10976,-13,157,-169,-13436,3856,6440,-1008,102,-40,-13444,-6472,6400,-495,166,-118,0
2703.1119561195374,7152,8392,11128,-166,-90,98,6480,-9060,10916,-17,144,-199,-13344,3832,6652,-1014,55,-64,-13116,-6540,6304,-483,155,-148,0
2703.1452860832214,7228,8444,10992,-150,-71,89,6500,-9016,11252,-31,153,-217,-13460,3748,6772,-998,60,-99,-13456,-6488,6416,-485,147,-139,0
2703.1785509586334,7268,8392,11120,-158,-39,90,6532,-8980,11080,-50,176,-187,-13544,3824,6604,-1021,76,-93,-13400,-6576,6260,-468,115,-129,0
2703.212068080902,7256,8436,11124,-158,-20,99,6556,-9068,10884,-55,140,-162,-13508,3880,6672,-1009,84,-46,-13424,-6512,6460,-470,109,-141,0
2703.245609998703,7120,8400,11172,-179,-19,75,6600,-9212,11248,-23,159,-140,-13396,3848,6604,-999,52,-30,-13396,-6556,6472,-490,123,-181,0
2703.279057979584,7164,8392,11052,-175,-35,69,6344,-8976,11028,-31,168,-159,-13416,3880,6576,-972,58,-90,-13348,-6592,6400,-496,129,-139,0
2703.3124539852142,7140,8444,11156,-165,-47,80,6372,-8980,11124,-58,173,-174,-13128,3840,6488,-992,81,-104,-13268,-6576,6432,-474,172,-149,0
2703.346167087555,7160,8528,10944,-149,-86,85,6444,-9068,10876,-61,143,-197,-13448,3888,6628,-1004,128,-95,-13328,-6544,6460,-486,164,-93,0
2703.3795421123505,7108,8448,11200,-153,-102,138,6420,-8968,11036,-59,140,-185,-13540,3936,6528,-985,140,-82,-13308,-6656,6304,-473,168,-54,0
2703.4129040241246,6960,8500,11148,-177,-100,161,6408,-9028,11088,-16,128,-193,-13352,3896,6576,-1017,126,-138,-13216,-6592,6496,-489,218,-62,0
2703.4464399814606,7096,8464,11148,-207,-143,170,6408,-9084,11032,-10,110,-183,-13356,3848,6572,-977,194,-192,-13340,-6660,6384,-492,187,-58,0
2703.4796619415283,6984,8596,11144,-244,-151,193,6152,-9204,10772,-4,132,-218,-13260,3956,6596,-1018,158,-123,-13348,-6580,6248,-487,235,-46,0
2703.5129070281982,7212,8344,11160,-241,-145,193,6500,-9056,11088,9,123,-221,-13372,3956,6548,-778,169,-109,-13472,-6440,6396,-499,222,-82,0
2703.5465910434723,7412,8356,11096,-223,-159,198,6440,-9028,10872,49,120,-210,-13388,3888,6652,-1013,188,-133,-13364,-6528,6284,-490,197,-80,0
2703.5800290107727,7232,8200,11124,-224,-169,196,6468,-9168,11192,44,107,-211,-13548,3800,6428,-1273,162,-192,-13304,-6492,6396,-478,238,-46,0
2703.6135840415955,7220,8300,11056,-260,-186,194,6480,-9012,10996,48,126,-237,-13412,3812,6492,-997,153,-142,-13376,-6592,6424,-497,229,-89,0
2703.6468091011047,7340,8672,11032,-200,-183,186,6548,-9084,10988,-254,124,-197,-13480,3924,6528,-991,182,-100,-13452,-6516,6268,-491,162,-69,0
2703.6801800727844,7340,8380,10772,-267,-130,177,6540,-8996,10784,25,123,-207,-13412,3924,6428,-1071,154,-124,-13292,-6580,6492,-493,218,-79,0
2703.7136509418488,7224,8200,10760,-253,-171,171,6488,-8992,10980,64,76,-199,-13424,3776,6400,-1278,137,-131,-13564,-6536,6368,-473,175,-54,0
2703.7473380565643,7288,8484,11252,-220,-120,140,6204,-8996,10920,-18,149,-215,-13492,3604,6596,-995,118,-117,-13404,-6548,6268,-476,188,-94,0
2703.780576944351,7352,8664,11140,-248,-176,129,6484,-9192,11248,37,119,-221,-13516,3900,6556,-1277,141,-103,-13332,-6460,6348,-492,222,-104,0
2703.814227104187,7248,8400,11124,-222,-137,166,6508,-8960,10888,31,74,-179,-13424,3900,6480,-985,138,-117,-13376,-6492,6372,-481,161,-94,0
2703.847578048706,7276,8324,11176,-212,-119,165,6516,-8912,11036,16,122,-178,-13416,3628,6632,-978,126,-129,-13340,-6548,6276,-504,125,-104,0
2703.8809900283813,7340,8516,11068,-213,-120,165,6536,-8940,10760,10,105,-160,-13340,3628,6444,-981,121,-83,-13340,-6552,6600,-490,159,-76,0
2703.9144110679626,6984,8392,11140,-242,-136,171,6396,-8860,10968,-254,108,-211,-13392,3796,6532,-972,186,-114,-13408,-6496,6300,-500,219,-81,0
2703.9500849246974,7292,8392,11124,-237,-232,191,6512,-8904,10996,6,93,-236,-13296,3792,6564,-1016,239,-88,-13264,-6396,6252,-471,254,-20,0
2703.9856140613556,7236,8380,10924,-220,-205,205,6552,-8896,11048,-10,111,-238,-13336,3784,6412,-1010,213,-84,-13412,-6608,6292,-482,204,-28,0
2704.0218501091003,7392,8372,11208,-199,-165,176,6604,-9012,11004,-23,113,-203,-13548,3856,6388,-988,181,-149,-13392,-6524,6236,-506,161,-82,0
2704.057557106018,7392,8280,10936,-159,-128,171,6600,-8928,11232,-18,86,-184,-13456,3868,6512,-985,119,-47,-13524,-6452,6240,-486,159,-104,0
2704.0933640003204,7468,8404,10896,-118,-93,91,6516,-8880,11044,-42,135,-165,-13444,3748,6376,-999,59,-46,-13372,-6448,6304,-460,140,-162,0
2704.1293280124664,7316,8336,11052,-66,-64,34,6492,-8884,10908,-24,149,-185,-13448,3704,6712,-1008,62,-60,-13408,-6508,6288,-466,128,-200,0
2704.164339065552,7300,8340,11040,-114,-35,29,6500,-9192,10984,-73,164,-178,-13504,4092,6576,-995,36,-14,-13376,-6548,6324,-476,127,-153,0
2704.1995999813084,7320,8368,11232,-81,-36,31,6544,-8976,11104,-66,136,-176,-13408,3788,6636,-979,76,-57,-13340,-6576,6416,-482,120,-151,0
2704.2348070144653,7320,8368,11152,-103,245,37,6416,-8880,11020,-69,141,-172,-13476,3820,6480,-1007,63,-47,-13372,-6760,6240,-481,84,-146,0
2704.2703671455383,7288,8408,11124,-86,2,39,6528,-9024,11076,-64,129,-178,-13440,3816,6464,-1003,73,-34,-13068,-6412,6152,-476,133,-150,0
2704.3056190013885,7232,8696,10876,-108,-12,49,6512,-9004,11044,-69,155,-170,-13404,3776,6512,-975,53,-88,-13368,-6496,6328,-474,132,-150,0
2704.3408119678497,7336,8508,11044,-53,22,73,6508,-9032,11048,-48,151,-155,-13384,3868,6536,-1019,40,-44,-13352,-6528,6316,-515,88,-154,0
2704.376174926758,7172,8352,11108,-98,254,56,6564,-8944,11092,-21,148,-157,-13520,3788,6520,-1053,41,-64,-13380,-6636,6232,-514,138,-177,0
2704.4118731021886,7232,8456,11028,-82,-249,46,6408,-8840,10948,-48,154,-163,-13556,3804,6596,-1015,25,-37,-13276,-6680,6308,-473,115,-195,0
2704.4474689960484,7168,8460,10976,-150,40,23,6560,-9164,11056,-64,150,-179,-13468,3752,6580,-993,49,-26,-13304,-6608,6548,-472,129,-162,0
2704.4834549427032,7320,8688,10768,-141,-30,42,6572,-8968,10936,-59,137,-187,-13508,3596,6476,-1003,42,-62,-13328,-6480,6264,-466,124,-150,0
2704.5192260742188,7360,8412,10728,-121,-6,30,6548,-8960,10928,-66,174,-149,-13384,3800,6592,-989,6,-49,-13428,-6596,6496,-462,52,-230,0
2704.554971933365,7288,8620,10984,-86,24,48,6552,-8964,10960,-68,170,-106,-13448,3840,6432,-978,8,-17,-13388,-6532,6336,-475,52,-199,0
2704.590435028076,7240,8484,10780,-113,27,44,6452,-8984,11204,-58,137,-121,-13368,3816,6684,-1006,33,-64,-13408,-6572,6284,-471,86,-191,0
2704.6260290145874,7204,8436,11088,-124,13,42,6604,-8880,10832,-29,211,-116,-13320,3912,6296,-1044,42,-99,-13544,-6472,6280,-498,134,-179,0
2704.6594939231873,7168,8256,11036,-135,-49,42,6180,-8912,10960,-7,145,-196,-13288,3772,6520,-1000,63,-56,-13288,-6592,6320,-489,120,-115,0
2704.6930170059204,7180,8208,11164,-93,-34,54,6468,-8876,10756,-81,125,-166,-13356,3840,6584,-992,106,-52,-13320,-6572,6348,-467,141,-122,0
2704.7266330718994,7220,8664,11256,-147,-48,103,6416,-8880,11096,-40,132,-184,-13348,3832,6580,-1007,88,-70,-13380,-6540,6476,-489,123,-127,0
2704.7601270675655,7112,8240,10760,-138,-29,73,6352,-8968,10972,-45,161,-187,-13524,3836,6452,-996,83,-100,-13320,-6612,6336,-481,118,-136,0
2704.793767929077,7216,8484,11100,-150,-72,80,6444,-8956,10864,-31,144,-165,-13392,3856,6596,-995,52,-66,-13528,-6848,6332,-465,150,-161,0
2704.8274581432343,7184,8468,11040,-151,-55,107,6400,-8980,11072,-41,159,-176,-13280,3812,6640,-976,81,-64,-13276,-6572,6308,-494,129,-121,0
2704.8608911037445,7284,8500,11104,-166,-38,93,6636,-8884,10768,-64,147,-188,-13464,4092,6644,-942,80,-42,-13324,-6640,6424,-470,132,-113,0
2704.89404296875,7188,8460,10784,-178,-43,95,6464,-9056,10984,-55,144,-178,-13424,3808,6488,-971,96,-83,-13408,-6500,6268,-491,116,-138,0
2704.9276361465454,7268,8408,10936,-139,-41,103,6500,-9024,10968,-44,102,-182,-13356,3860,6692,-988,78,-73,-13560,-6556,6388,-507,115,-139,0
2704.9611189365387,7264,8436,11096,-125,-39,98,6524,-8912,10752,-18,115,-185,-13292,3792,6460,-1002,119,-53,-13264,-6576,6352,-484,137,-141,0
2704.9944710731506,7244,8492,11048,-175,-64,116,6560,-8972,10956,-38,165,-186,-13460,4080,6544,-1015,69,-72,-13336,-6524,6356,-464,152,-121,0
2705.0305449962616,7232,8488,10760,-144,-30,99,6644,-8948,10880,-78,161,-175,-13528,3952,6612,-973,96,-70,-13064,-6472,6360,-488,70,-134,0
2705.064196109772,7220,8212,11028,-170,-48,93,6456,-9084,11076,-27,115,-162,-13436,3832,6552,-1274,76,-100,-13280,-6800,6508,-502,131,-149,0
2705.0978119373326,7328,8468,11168,-173,-94,114,6444,-9004,11024,-18,127,-145,-13536,3716,6564,-1019,80,-79,-13064,-6628,6436,-483,130,-155,0
2705.1312260627747,7152,8600,10836,-132,-48,97,6476,-9036,11056,-67,135,-150,-13452,3756,6584,-997,91,-57,-13332,-6652,6356,-455,137,-124,0
2705.164818048477,7220,8480,11100,-202,-41,86,6460,-9020,11092,-52,139,-163,-13372,3888,6664,-1008,108,-32,-13252,-6600,6348,-465,125,-118,0
2705.198282957077,7260,8404,11004,-168,-40,64,6400,-8968,11064,-44,127,-140,-13396,3828,6632,-978,-244,-45,-13248,-6608,6432,-473,133,-145,0
2705.231791973114,7180,8360,10904,-146,-48,93,6484,-9216,10776,-36,150,-149,-13384,3908,6720,-988,88,-69,-13248,-6672,6188,-471,82,-133,0
2705.2655160427094,7240,8580,10976,-153,-27,72,6452,-9072,10932,-43,143,-164,-13416,3916,6540,-1013,72,-95,-13404,-6548,6196,-451,101,-172,0
2705.299194097519,7396,8284,11116,-161,-50,88,6396,-9020,10920,-30,149,-175,-13392,3820,6596,-1023,78,-81,-13088,-6640,6632,-492,159,-125,0
2705.3326699733734,6960,8516,11236,-177,-74,132,6400,-8964,11016,12,145,-209,-13240,3852,6548,-1041,124,-91,-13264,-6636,6324,-479,190,-63,0
2705.366115093231,7120,8460,10964,-207,-129,169,6436,-9100,11016,25,116,-200,-13460,3600,6536,-1023,159,-147,-13512,-6508,6368,-492,217,-52,0
2705.3995990753174,7348,8496,10752,-185,-149,198,6576,-9056,10916,21,114,-229,-13304,3892,6796,-1001,201,-165,-13292,-6592,6372,-470,212,-26,0
2705.433148145676,7240,8476,11224,-223,-134,197,6416,-8952,10936,32,126,-195,-13412,3804,6496,-1006,191,-143,-13244,-6672,6476,-482,175,-46,0
2705.466870069504,7184,8696,11008,-208,-149,199,6492,-9004,10992,39,141,-183,-13392,3820,6492,-997,162,-118,-13380,-6616,6408,-487,169,-62,0
2705.5003221035004,6916,8544,10788,-237,-132,185,6520,-8820,11164,43,137,-202,-13416,3656,6496,-1024,184,-138,-13280,-6456,6400,-477,184,-43,0
2705.5338110923767,7200,8532,10968,-263,-131,175,6464,-8972,11072,32,123,-210,-13444,3604,6400,-1271,186,-129,-13556,-6424,6184,-504,222,-62,0
2705.567404985428,7136,8556,11032,-255,-154,222,6420,-8896,11216,37,140,-223,-13468,3836,6904,-1029,145,-155,-13280,-6552,6332,-492,217,-54,0
2705.6007499694824,7196,8460,11080,-264,-186,215,6452,-9004,10908,21,147,-228,-13420,3824,6500,-1019,184,-121,-13484,-6620,6352,-489,222,-68,0
2705.6376390457153,7304,8492,11228,-284,-180,213,6244,-9024,10832,54,97,-214,-13476,3784,6572,-1279,162,-165,-13364,-6488,6280,-473,209,-40,0
2705.672805070877,7244,8400,11084,-256,-156,219,6456,-8980,10968,65,90,-218,-13484,4080,6552,-1029,183,-128,-13456,-6444,6468,-491,215,-51,0
2705.7083399295807,7348,8356,11052,-251,-166,198,6532,-8896,11056,47,128,-218,-13488,3788,6444,-1006,155,-154,-13300,-6576,6208,-481,207,-61,0
2705.743287086487,7188,8444,11064,-278,-161,164,6520,-8972,11052,11,139,-199,-13424,3792,6532,-979,171,-118,-13348,-6548,6144,-469,224,-87,0
2705.7792789936066,7268,8492,10916,-286,-162,193,6564,-9052,10752,6,81,-209,-13396,3912,6552,-1025,172,-86,-13384,-6452,6424,-458,177,-18,0
2705.8143730163574,7396,8388,11128,-291,-126,208,6504,-9188,11060,44,113,-162,-13380,3852,6644,-1029,143,-76,-13364,-6444,6240,-501,193,-61,0
2705.849951982498,7216,8436,11048,-323,-178,206,6440,-8900,10840,77,121,-194,-13448,3808,6484,-1025,155,-146,-13476,-6596,6208,-469,174,-58,0
2705.8848021030426,7296,8524,11064,-155,-165,169,6524,-8880,11068,16,128,-201,-13432,4060,6408,-1003,139,-95,-13468,-6520,6400,-488,182,-68,0
2705.920336008072,7324,8320,11436,-233,-167,153,6512,-9216,11068,14,72,-202,-13496,3816,6632,-1014,169,-135,-13320,-6424,6588,-494,222,-68,0
2705.955743074417,7172,8340,11148,-157,-141,170,6556,-8872,11236,-8,94,-204,-13336,3720,6400,-1031,146,-95,-13420,-6508,6252,-480,174,-96,0
2705.9917850494385,7360,8432,10928,-158,-104,142,6524,-8860,11108,-34,106,-134,-13456,3856,6660,-991,119,-26,-13456,-6596,6284,-480,98,-132,0
2706.0281620025635,7348,8328,11088,-176,-66,93,6532,-8908,10920,-44,130,-138,-13416,3676,6608,-1014,90,-38,-13344,-6524,6252,-470,110,-133,0
2706.0638670921326,7324,8412,10908,-118,-40,66,6524,-8908,10968,-65,121,-184,-13468,3664,6332,-1001,60,-77,-13296,-6600,6168,-445,152,-145,0
2706.099282026291,7560,8372,10772,-109,-61,72,6496,-8844,10768,-63,118,-184,-13512,3828,6448,-1003,100,-70,-13468,-6572,6376,-480,140,-136,0
2706.13425207138,7344,8308,11256,-109,-67,60,6592,-8864,11020,-74,131,-189,-13448,3840,6564,-985,119,-54,-13344,-6524,6320,-466,130,-160,0
2706.169974088669,7308,8384,11000,-82,-50,61,6564,-8884,11052,-100,104,-173,-13404,4032,6480,-964,109,-5,-13544,-6612,6436,-457,91,-169,0
2706.205577135086,7444,8388,11116,-125,-256,76,6556,-8932,10836,-78,144,-157,-13396,3872,6544,-993,68,-46,-13368,-6620,6400,-454,100,-154,0
2706.2414770126343,7292,8412,11060,-94,-13,28,6472,-8924,11204,-78,135,-156,-13388,3748,6440,-997,75,-31,-13284,-6544,6508,-475,109,-178,0
2706.2780389785767,7180,8364,11084,-63,-43,51,6428,-8868,11000,-42,139,-178,-13384,3632,6592,-966,49,-74,-13316,-6616,6184,-479,119,-146,0
2706.3115949630737,7184,8468,11048,-140,-42,59,6476,-8920,10952,-90,162,-157,-13364,3816,6632,-976,70,-59,-13376,-6556,6468,-476,98,-148,0
2706.345258951187,7236,8436,10996,-131,249,56,6484,-8936,11096,-100,174,-169,-13448,3812,6536,-973,83,-58,-13352,-6532,6304,-473,100,-157,0
2706.3786361217494,7204,8436,11140,-130,-10,90,6528,-8896,10816,-49,141,-168,-13456,3780,6448,-1015,56,-37,-13356,-6504,6360,-477,108,-156,0
2706.411961078644,7380,8408,10824,-102,4,81,6552,-8952,11060,-33,150,-142,-13372,3780,6276,-1009,67,-70,-13360,-6628,6304,-483,100,-142,0
2706.445322036743,7236,8412,10944,-153,7,73,6532,-8944,11180,-42,137,-169,-13404,3732,6612,-1003,64,-46,-13288,-6592,6316,-466,143,-124,0
2706.479045152664,7280,8432,11260,-173,-3,73,6444,-8880,11032,-60,165,-187,-13392,3872,6480,-974,73,-61,-13268,-6464,6264,-468,106,-155,0
2706.5126471519466,7272,8404,11000,-121,22,86,6468,-9168,11252,-57,158,-150,-13360,3884,6588,-990,68,-39,-13548,-6476,6196,-506,95,-112,0
2706.546252965927,7280,8424,11076,-138,-18,95,6580,-8944,10752,-19,139,-155,-13408,3836,6512,-1050,28,-29,-13384,-6464,6244,-499,114,-156,0
2706.5801000595093,7236,8500,10964,-168,-249,77,6652,-8916,11260,-51,159,-155,-13392,3784,6612,-1012,44,-41,-13368,-6524,6424,-487,85,-153,0
2706.6136219501495,7180,8416,10908,-151,7,71,6492,-8972,11144,-36,135,-146,-13416,3800,6492,-986,33,-51,-13212,-6508,6320,-482,108,-184,0
2706.647143125534,7264,8488,11096,-218,-8,38,6488,-8892,11048,-54,134,-163,-13464,4052,6620,-1017,27,-25,-13236,-6540,6396,-474,103,-156,0
2706.6807091236115,7144,8428,10964,-158,-17,69,6420,-8944,11028,-53,137,-149,-13464,3804,6544,-1016,35,-6,-13364,-6584,6236,-484,90,-210,0
2706.7144060134888,7244,8528,11228,-153,21,78,6428,-9004,10968,-48,171,-141,-13464,3892,6668,-1001,36,-256,-13492,-6548,6416,-456,67,-202,0
2706.747969150543,7416,8528,11192,-145,8,58,6432,-8864,11248,-32,148,-135,-13392,3860,6400,-1006,27,-27,-13312,-6616,6352,-467,110,-166,0
2706.7816309928894,7364,8192,11016,-169,-40,67,6476,-8956,11084,-52,137,-169,-13352,3840,6624,-1012,49,-72,-13248,-6620,6284,-449,128,-156,0
2706.815325975418,7156,8504,11180,-164,-86,99,6436,-8756,10876,-30,120,-196,-13384,3760,6424,-1001,84,-126,-13308,-6564,6360,-462,165,-106,0
2706.848808050156,7244,8444,11064,-186,-94,123,6376,-8992,11168,-31,121,-214,-13440,3768,6448,-1002,119,-104,-13472,-6524,6340,-493,153,-135,0
2706.8823029994965,7284,8420,10980,-157,-67,98,6528,-8976,11004,-62,115,-174,-13488,3788,6660,-1002,106,-59,-13332,-6452,6360,-470,143,-118,0
2706.9156970977783,7252,8432,10900,-183,-60,136,6604,-9028,11256,-49,141,-171,-13504,3984,6520,-1012,90,-10,-13092,-6528,6488,-460,87,-152,0
2706.9492650032043,7388,8452,11108,-180,-47,78,6588,-8752,10944,-27,142,-170,-13360,3884,6600,-992,70,-98,-13304,-6540,6420,-458,137,-151,0
2706.9827189445496,7180,8412,11016,-188,-84,108,6528,-8976,10972,-35,187,-136,-13508,3832,6408,-968,137,-74,-13064,-6628,6384,-497,133,-134,0
2707.0162439346313,6940,8664,11008,-177,-70,106,6480,-8964,10928,-59,166,-162,-13424,3872,6568,-996,63,-51,-13296,-6508,6412,-486,140,-120,0
2707.049915075302,7236,8496,10952,-191,-51,94,6484,-8716,11112,-53,149,-195,-13376,3948,6784,-1003,59,-42,-13312,-6532,6376,-457,136,-143,0
2707.083354949951,7272,8456,11008,-184,-59,106,6412,-8872,11012,-45,140,-165,-13412,3912,6668,-1028,102,-98,-13320,-6508,6484,-474,136,-109,0
2707.1169660091405,7268,8632,10804,-192,-70,127,6396,-8944,11052,-25,132,-162,-13332,3908,6576,-1278,80,-123,-13284,-6496,6504,-477,146,-112,0
2707.1500980854034,7188,8392,10948,-188,-75,113,6492,-9008,11260,-27,134,-179,-13436,3844,6588,-1020,75,-99,-13232,-6624,6496,-489,168,-110,0
2707.183457136154,7156,8404,11208,-164,-97,124,6432,-8996,11164,9,142,-191,-13396,3844,6448,-1030,149,-101,-13248,-6632,6408,-488,184,-88,0
2707.217266082764,7140,8508,11028,-189,-133,146,6368,-8880,11120,253,113,-221,-13064,3872,6420,-1003,150,-109,-13272,-6620,6548,-489,244,-67,0
2707.2507970333095,6964,8680,11180,-243,-156,186,6424,-9004,10924,-18,117,-213,-13568,4052,6672,-1028,171,-152,-13300,-6596,6344,-476,204,-58,0
2707.2841539382935,7192,8556,10788,-202,-133,188,6536,-9160,10988,-9,133,-170,-13316,3800,6576,-986,157,-102,-13252,-6628,6464,-502,154,-35,0
2707.3206920623775,6956,8360,11064,-283,-98,211,6588,-9024,11072,34,111,-174,-13316,4064,6552,-1044,142,-112,-13252,-6508,6424,-487,214,-77,0
2707.3561329841614,7196,8504,11236,-257,-169,175,6444,-8932,11172,49,106,-206,-13476,3724,6636,-1004,154,-129,-13332,-6620,6480,-482,211,-65,0
2707.391797065735,7220,8400,11008,-239,-135,181,6516,-8728,10956,21,142,-196,-13512,3700,6580,-1003,150,-116,-13348,-6912,6308,-491,206,-56,0
2707.4277329444885,7400,8348,11260,-264,-175,161,6528,-8952,11024,17,111,-232,-13404,3632,6452,-1057,149,-139,-13368,-6656,6188,-468,238,-65,0
2707.4627900123596,7256,8396,11168,-237,-162,187,6592,-8836,10968,22,115,-219,-13504,3780,6444,-1037,140,-100,-13364,-6544,6284,-486,165,-77,0
2707.4981100559235,7232,8412,10988,-232,-129,204,6464,-9072,10940,14,122,-169,-13324,3608,6524,-1023,147,-102,-13432,-6604,6324,-454,134,-69,0
2707.5338950157166,7232,8448,11116,-286,-120,175,6492,-8892,10800,19,127,-174,-13404,4052,6476,-772,146,-110,-13288,-6548,6304,-470,158,-78,0
2707.5698900222774,7300,8420,11052,-267,-130,178,6492,-8952,10996,15,143,-218,-13420,3716,6676,-1008,134,-122,-13216,-6552,6436,-474,196,-74,0
2707.605119943619,7252,8668,11068,-274,-190,185,6624,-9196,10880,42,145,-234,-13352,3888,6664,-1029,163,-143,-13544,-6560,6364,-498,228,-48,0
2707.640738964081,7284,8236,11228,-239,-208,201,6488,-8996,11220,9,80,-217,-13324,3756,6620,-769,160,-116,-13340,-6504,6412,-468,202,-52,0
2707.67555308342,7236,8376,11116,-273,-195,200,6548,-8904,10896,-5,81,-187,-13524,3888,6668,-1005,142,-134,-13088,-6524,6548,-472,209,-44,0
2707.7114679813385,7340,8608,11132,-278,-179,187,6564,-8728,11108,41,85,-230,-13364,3800,6524,-1035,138,-139,-13396,-6560,6412,-478,202,-69,0
2707.7472789287567,7332,8332,11104,-223,-165,152,6464,-8824,10760,29,137,-220,-13408,3736,6632,-1031,130,-138,-13416,-6864,6160,-486,204,-98,0
2707.781784057617,7268,8324,11036,-228,-202,191,6480,-8900,11104,-247,115,-205,-13404,3788,6516,-995,132,-120,-13412,-6516,6428,-477,176,-87,0
2707.8179519176483,7612,8348,10972,-197,-158,124,6480,-8908,10912,-27,140,-174,-13376,3716,6480,-968,83,-69,-13320,-6524,6368,-491,157,-131,0
2707.8532180786133,7228,8368,11216,-192,-104,119,6608,-8884,10836,-40,133,-182,-13384,3612,6212,-1003,55,-56,-13332,-6460,6228,-474,134,-139,0
2707.888780117035,7404,8300,10972,-134,-94,70,6560,-8848,11196,-37,152,-187,-13452,3756,6632,-1016,83,-74,-13456,-6496,6388,-488,117,-166,0
2707.9239690303802,7188,8248,11236,-112,-22,93,6600,-8900,10816,-46,141,-143,-13412,3840,6440,-996,92,-63,-13328,-6496,6216,-472,124,-154,0
2707.9619560241695,7360,8344,11024,-115,-54,72,6520,-8844,10976,-64,137,-158,-13452,3748,6596,-1005,84,-50,-13328,-6492,6440,-461,119,-134,0
2707.995476961136,7344,8372,11008,-128,-62,95,6580,-8888,11260,-84,133,-169,-13312,3864,6564,-988,76,-76,-13268,-6468,6624,-444,138,-131,0
2708.0292661190033,7592,8212,11092,-147,-25,82,6236,-8936,10756,-94,141,-150,-13340,3808,6492,-963,74,-57,-13552,-6548,6408,-459,92,-172,0
2708.062847137451,7324,8240,11116,-145,-8,76,6432,-8976,10904,-75,161,-120,-13412,3864,6520,-1048,45,238,-13264,-6552,6652,-482,96,-171,0
2708.0961480140686,7280,8312,10816,-133,-27,58,6508,-8928,11100,-31,139,-135,-13420,3844,6468,-1020,47,-26,-13364,-6596,6416,-488,133,-157,0
2708.1297039985657,7292,8432,10792,-57,-2,57,6440,-8708,11084,-87,163,-168,-13292,3892,6580,-968,29,-35,-13472,-6604,6440,-458,108,-167,0
2708.163188934326,7276,8332,11108,-156,2,40,6512,-8952,11128,-66,136,-172,-13376,3800,6348,-999,36,-83,-13320,-6592,6340,-474,145,-158,0
2708.1967260837555,7292,8368,11008,-160,-52,59,6532,-8896,11088,-73,129,-182,-13428,3884,6592,-1035,38,-87,-13400,-6476,6356,-454,137,-165,0
2708.230325937271,7236,8336,10920,-122,-21,47,6536,-9032,11128,-62,155,-148,-13360,4076,6468,-997,41,-40,-13300,-6548,6576,-475,81,-175,0
2708.2638640403748,7280,8356,11028,-113,33,69,6452,-8912,11184,-65,122,-132,-13424,4044,6628,-1000,34,-248,-13356,-6568,6380,-490,60,-140,0
2708.2973539829254,7368,8412,11152,-147,254,89,6488,-8876,10864,-78,138,-153,-13428,3716,6560,-994,45,-67,-13552,-6472,6168,-470,97,-163,0
2708.3308341503143,7276,8432,10920,-140,255,79,6528,-8964,11232,-46,142,-162,-13376,3776,6400,-773,69,-87,-13384,-6536,6368,-487,108,-148,0
2708.364221096039,7328,8360,11096,-177,-58,66,6604,-8936,11048,-48,136,-191,-13420,3844,6172,-998,32,-43,-13444,-6572,6392,-466,125,-172,0
2708.39768409729,7344,8412,10952,-137,-27,90,6456,-9176,10828,-42,128,-170,-13316,4076,6400,-770,72,-37,-13060,-6424,6364,-491,112,-149,0
2708.431062936783,7372,8312,11092,-149,-56,100,6508,-8944,11120,-61,134,-172,-13348,3804,6712,-993,66,-61,-13540,-6556,6396,-464,101,-123,0
2708.4645121097565,7408,8344,11040,-129,-28,75,6528,-8972,11036,-66,153,-167,-13368,3872,6520,-772,33,-100,-13376,-6548,6332,-460,133,-129,0
2708.4980630874634,7316,8408,10952,-173,-40,72,6620,-8884,11072,-33,133,-185,-13408,3908,6668,-1005,69,-77,-13248,-6580,6652,-482,130,-144,0
2708.531677007675,7192,8476,11020,-158,-67,82,6336,-9024,11040,-68,127,-191,-13424,3844,6452,-1005,81,-35,-13180,-6596,6644,-470,124,-118,0
2708.5650260448456,7196,8444,11192,-173,-74,82,6480,-8888,11028,-68,130,-183,-13364,3852,6772,-998,71,-61,-13152,-6624,6328,-450,136,-136,0
2708.598310947418,7312,8424,11012,-150,-65,86,6536,-8900,11144,-59,134,-188,-13408,3780,6652,-1000,112,-78,-13284,-6596,6352,-471,150,-156,0
2708.6317031383514,7268,8620,11244,-172,-58,80,6420,-8900,11012,-25,139,-185,-13320,3588,6644,-772,68,-99,-13148,-6500,6548,-493,155,-131,0
2708.66502904892,7340,8556,10784,-139,-58,110,6536,-8968,10888,-47,122,-180,-13284,3928,6548,-1015,93,-30,-13108,-6448,6332,-481,133,-116,0
2708.698454141617,7296,8356,11056,-159,-64,105,6540,-8972,11080,-34,128,-154,-13496,3912,6688,-1024,100,-87,-13300,-6596,6312,-504,155,-145,0
2708.7319719791412,7208,8460,11108,-135,-51,102,6548,-8940,10896,-22,124,-183,-13360,3780,6656,-1036,61,-117,-13288,-6568,6636,-473,172,-143,0
2708.765480041504,7284,8348,11044,-132,-76,112,6464,-8924,10924,-28,134,-211,-13156,3852,6644,-996,115,-64,-13480,-6560,6336,-469,176,-107,0
2708.798900127411,7304,8696,11100,-148,-85,93,6500,-8888,11076,-40,166,-222,-13372,3868,6556,-990,110,-58,-13332,-6568,6400,-438,115,-129,0
2708.832442998886,7216,8472,11096,-161,-13,91,6452,-8976,10808,-56,169,-145,-13456,3848,6624,-977,100,-18,-13428,-6528,6476,-465,96,-123,0
2708.8660061359406,7280,8288,10952,-192,-20,97,6488,-8968,11260,-9,124,-152,-13404,3860,6580,-1059,85,-103,-13268,-6568,6320,-484,134,-119,0
2708.899451971054,7216,8524,11072,-196,-40,130,6416,-8872,10900,-17,137,-174,-13336,3632,6836,-1030,89,-93,-13164,-6600,6264,-518,194,-108,0
2708.9328570365906,7416,8680,11028,-133,-67,109,6480,-8936,11124,-39,136,-181,-13348,3616,6684,-1002,93,-85,-13376,-6684,6392,-473,157,-124,0
2708.966043949127,7268,8696,10824,-222,-89,119,6568,-8964,11152,-18,140,-191,-13412,3896,6664,-1042,71,-60,-13300,-6576,6516,-453,175,-104,0
2709.0033020973206,7280,8436,11156,-209,-100,137,6420,-8876,10888,-5,88,-197,-13412,3888,6528,-1041,140,-115,-13384,-6584,6172,-472,186,-100,0
2709.038682937622,7132,8436,10996,-183,-109,161,6448,-9032,11220,-251,100,-190,-13088,3760,6576,-1017,116,-109,-13112,-6520,6548,-495,149,-93,0
2709.0736989974976,7148,8408,11020,-238,-54,149,6468,-8976,11044,-18,132,-164,-13548,3824,6716,-1017,101,-140,-13228,-6628,6424,-465,200,-69,0
2709.109566926956,7144,8356,11064,-271,-115,137,6524,-8916,10980,2,161,-159,-13420,3792,6672,-1014,140,-62,-13288,-6576,6504,-470,210,-56,0
2709.1449151039124,7256,8636,11068,-232,-165,186,6496,-8956,11104,56,111,-220,-13320,3848,6568,-1030,164,-143,-13284,-6488,6424,-489,242,-44,0
2709.1925270557404,7264,8392,11116,-249,-178,179,6572,-8864,11032,31,137,-236,-13332,3832,6436,-1049,166,-160,-13308,-6572,6276,-488,237,-45,0
2709.239578008652,7356,8352,10852,-247,-163,218,6440,-8912,11092,57,129,-197,-13488,3876,6700,-1035,153,-137,-13400,-6536,6556,-467,254,-63,0
2709.280575990677,7244,8352,11092,-244,-157,191,6480,-8904,10936,22,105,-202,-13488,3820,6836,-1060,164,-126,-13340,-6504,6424,-519,235,-62,0
2709.3161809444427,7280,8372,11072,-237,-179,188,6504,-8820,11072,23,120,-221,-13448,3708,6564,-769,136,-113,-13360,-6584,6300,-470,198,-58,0
2709.351788043976,7412,8368,11208,-259,-196,173,6464,-8924,11032,12,118,-210,-13408,3760,6536,-1048,149,-141,-13352,-6612,6284,-487,175,-69,0
2709.3876781463623,7280,8408,10992,-247,-143,168,6524,-8864,11028,33,186,-207,-13416,3860,6248,-1016,113,-98,-13364,-6636,6292,-503,217,-83,0
2709.422867059708,7464,8392,10760,-245,-149,154,6484,-8832,11072,21,158,-198,-13492,3696,6720,-1032,115,-123,-13348,-6496,6308,-481,202,-111,0
2709.4582090377808,7284,8444,11132,-257,-172,162,6480,-8848,10788,49,154,-232,-13396,4072,6512,-1027,134,-92,-13396,-6488,6284,-484,228,-50,0
2709.493420124054,7276,8408,11040,-259,-179,205,6536,-8952,11000,19,150,-204,-13404,3656,6568,-1278,143,-75,-13356,-6556,6348,-482,212,-61,0
2709.5299141407013,7384,8344,11140,-218,-151,170,6456,-8780,11104,15,72,-228,-13424,4072,6636,-1034,153,-172,-13552,-6552,6408,-508,199,-52,0
2709.5649580955505,7236,8340,11112,-199,-172,160,6456,-8808,10760,-6,120,-228,-13296,3800,6536,-1019,166,-56,-13404,-6416,6316,-474,173,-64,0
2709.600844144821,7472,8276,11116,-194,-104,133,6576,-8804,11104,-47,126,-207,-13492,3784,6716,-996,118,-100,-13488,-6492,6200,-445,126,-109,0
2709.6359729766846,7504,8236,11024,-112,-30,100,6556,-8832,11028,-28,122,-154,-13468,3804,6752,-1019,83,-67,-13396,-6460,6288,-480,119,-159,0
2709.671756029129,7484,8204,10780,-186,-66,66,6616,-8868,11044,-248,114,-149,-13424,3672,6516,-1048,53,-23,-13416,-6576,6268,-484,154,-198,0
2709.7053689956665,7324,8408,10832,-107,-25,84,6832,-8824,11128,-45,120,-151,-13424,3592,6696,-995,59,-18,-13440,-6504,6244,-469,111,-147,0
2709.7389810085297,7416,8276,11132,-126,-23,80,6484,-9188,10764,-41,141,-158,-13448,3780,6644,-1028,78,-79,-13432,-6508,6320,-443,141,-187,0
2709.772588968277,7300,8296,11128,-141,-66,81,6540,-8904,10948,-72,114,-156,-13564,4060,6708,-1024,41,-76,-13364,-6524,6148,-458,125,-189,0
2709.8060071468353,7332,8340,11000,-70,-2,58,6536,-8804,10832,-71,105,-122,-13548,3780,6424,-998,42,-61,-13328,-6408,6432,-444,78,-169,0
2709.8399879932404,7392,8404,11072,-75,27,28,6444,-8912,11148,-69,164,-131,-13392,3880,6544,-981,24,22,-13288,-6624,6396,-463,70,-179,0
2709.8735649585724,7288,8400,11256,-132,13,36,6376,-8944,10812,-94,148,-124,-13288,3820,6664,-1003,19,-15,-13280,-6516,6296,-472,83,-194,0
2709.906975030899,7240,8344,11188,-124,253,56,6484,-8920,11092,-61,146,-144,-13324,3772,6480,-1014,58,-58,-13480,-6560,6320,-479,125,-144,0
2709.9404289722443,7264,8384,10972,-115,-13,49,6460,-8912,11048,-39,144,-184,-13336,3632,6652,-1011,80,-99,-13316,-6520,6356,-470,167,-135,0
2709.973932981491,7388,8352,11064,-136,-41,96,6412,-8804,11020,-48,116,-215,-13548,3816,6400,-1013,95,-97,-13356,-6592,6540,-495,156,-125,0
2710.0074610710144,7264,8356,10772,-101,-55,83,6488,-8848,10796,-52,122,-189,-13460,3816,6500,-989,107,-13,-13400,-6432,6208,-493,132,-103,0
2710.0467281341553,7276,8404,11252,-143,-32,106,6528,-8904,11084,-44,160,-170,-13472,3840,6720,-1014,71,252,-13540,-6568,6356,-453,135,-150,0
2710.080486059189,7368,8324,11016,-155,2,80,6536,-8960,11108,-19,127,-152,-13480,3836,6832,-1031,26,-90,-13504,-6548,6328,-469,122,-163,0
2710.114063024521,7352,8324,10836,-126,-16,81,6552,-8860,11152,-42,116,-179,-13164,3880,6712,-1034,45,-74,-13336,-6608,6464,-486,136,-165,0
2710.14741897583,7380,8392,11120,-157,-43,34,6512,-8932,11016,-52,144,-176,-13340,3820,6676,-977,29,-47,-13284,-6612,6348,-466,120,-178,0
2710.1810660362244,7356,8392,11076,-161,-255,53,6560,-8928,11040,-50,135,-162,-13272,3824,6796,-1000,34,-36,-13312,-6460,6412,-469,114,-160,0
2710.2144570350647,7288,8204,11008,-148,-13,68,6592,-8944,11052,-24,128,-178,-13260,3792,6528,-1040,45,-33,-13368,-6572,6424,-486,106,-161,0
2710.2481050491333,7144,8500,11004,-120,-18,94,6448,-8824,10964,-37,140,-189,-13416,3856,6708,-1046,66,-67,-13460,-6504,6388,-497,142,-120,0
2710.2818360328674,7268,8420,11060,-145,-26,93,6456,-8856,10948,-28,106,-172,-13268,3784,6664,-1280,91,-59,-13300,-6892,6336,-484,145,-116,0
2710.3153030872345,7288,8256,10896,-158,-76,100,6536,-8904,11124,-56,126,-185,-13324,3732,6520,-999,93,-100,-13360,-6576,6412,-479,149,-125,0
2710.348978996277,7096,8656,11168,-159,-92,111,6528,-8900,11080,-69,120,-193,-13400,4000,6604,-969,90,-84,-13348,-6560,6256,-455,152,-124,0
2710.382369041443,7328,8408,11052,-155,-55,104,6580,-8952,10848,-62,114,-170,-13316,3848,6824,-1009,92,-37,-13300,-6464,6308,-500,121,-154,0
2710.41579914093,7264,8288,10840,-194,-55,85,6500,-8956,11008,-5,134,-162,-13336,3868,6784,-1045,58,-9,-13212,-6628,6332,-496,139,-128,0
2710.4497470855713,7080,8216,10920,-172,-22,87,6564,-8872,11104,0,127,-174,-13400,3668,6744,-1043,73,-73,-13448,-6588,6396,-487,140,-137,0
2710.4831800460815,7280,8564,11012,-164,-26,75,6588,-8880,11112,-58,114,-166,-13388,3764,6688,-1011,70,-72,-13316,-6528,6316,-486,143,-134,0
2710.5166959762573,7328,8616,10988,-204,-80,77,6552,-8716,11016,-55,118,-187,-13344,3756,6628,-1027,76,-49,-13320,-6644,6428,-454,144,-124,0
2710.5502800941467,7304,8432,11060,-160,-53,95,6544,-8868,10952,-39,132,-160,-13372,3596,6700,-1010,48,-16,-13384,-6436,6384,-450,121,-147,0
2710.5837831497192,7196,8384,10964,-191,-53,82,6528,-8984,11032,-58,116,-146,-13560,4028,6468,-984,39,-15,-13312,-6468,6368,-482,82,-127,0
2710.6174120903015,7152,8560,11092,-176,-11,100,6508,-9040,11032,-54,147,-153,-13328,3892,6764,-1005,43,-64,-13252,-6616,6312,-475,105,-145,0
2710.6507160663605,7164,8372,10984,-192,-39,85,6424,-9216,11028,-58,151,-177,-13336,3832,6628,-975,76,-89,-13288,-6468,6312,-476,142,-113,0
2710.687880039215,7240,8404,11132,-194,-62,105,6556,-8824,11016,-33,130,-184,-13316,3584,6740,-1036,98,-65,-13216,-6540,6444,-492,149,-112,0
2710.722846031189,7380,8428,10992,-185,-73,114,6476,-8932,11144,-18,109,-186,-13164,3780,6772,-1279,68,-98,-13352,-6576,6448,-494,168,-137,0
2710.75767493248,7336,8364,10944,-158,-94,111,6504,-8884,11052,-5,137,-183,-13384,3876,6576,-1019,111,-63,-13504,-6616,6348,-483,146,-125,0
2710.7936000823975,7244,8424,11040,-173,-62,116,6536,-8956,11144,-17,154,-174,-13500,3952,6716,-1011,101,-77,-13312,-6460,6472,-477,156,-136,0
2710.8291270732884,7284,8444,11024,-189,-55,83,6556,-8860,10900,-17,155,-179,-13344,3840,6628,-1005,82,-77,-13528,-6536,6224,-485,180,-108,0
2710.864053964615,7364,8352,11176,-179,-95,159,6400,-8868,10996,2,138,-177,-13284,3856,6580,-1270,129,-75,-13464,-6572,6640,-474,161,-58,0
2710.899724960327,7244,8468,11108,-196,-83,155,6548,-8900,11212,-34,133,-173,-13420,4088,6876,-1046,137,-84,-13356,-6568,6284,-494,163,-67,0
2710.9350459575653,7260,8376,11064,-505,-101,184,6504,-8940,10852,33,135,-178,-13116,4068,6768,-1054,133,-128,-13288,-6608,6428,-506,204,-75,0
2710.970775127411,7192,8440,11000,-220,-123,186,6544,-8880,11000,16,133,-202,-13324,3772,6652,-1025,184,-123,-13076,-6540,6424,-496,208,-42,0
2711.0061740875244,7292,8404,10900,-217,-105,189,6484,-8944,11152,26,138,-189,-13364,3776,6828,-1279,139,-144,-13396,-6588,6188,-504,191,-36,0
2711.0423250198364,7388,8432,11004,-272,-138,209,6544,-8900,11292,34,111,-194,-13356,3816,6720,-1022,192,-147,-13356,-6464,6380,-503,176,-17,0
2711.0782289505005,7300,8432,10916,-512,-145,230,6612,-8820,11016,49,132,-186,-13348,4048,6612,-1035,204,-77,-13504,-6776,6584,-509,171,-66,0
2711.113825082779,7364,8200,11068,-196,-120,190,6616,-8808,11108,37,141,-190,-13388,3708,6684,-1017,132,-170,-13356,-6568,6364,-486,216,-88,0
2711.1489479541774,7296,8344,10864,-205,-146,174,6608,-8872,11084,3,126,-222,-13128,3804,6692,-1042,165,-95,-13388,-6532,6388,-485,200,-58,0
2711.184390068054,7400,8396,11096,-215,-130,188,6500,-8840,11232,14,84,-182,-13372,3824,6532,-1046,156,-105,-13384,-6632,6168,-519,194,-97,0
2711.220687150955,7348,8348,11024,-215,-138,182,6568,-8864,10752,18,128,-180,-13360,3796,6552,-1045,148,-133,-13368,-6528,6448,-492,217,-42,0
2711.256192922592,7364,8464,11020,-220,-145,171,6628,-8856,11000,38,133,-187,-13332,3784,6900,-1084,131,-79,-13300,-6480,6248,-766,229,-53,0
2711.2923970222473,7352,8280,11104,-248,-174,173,6544,-8892,11160,73,124,-211,-13356,3716,6752,-1052,165,-138,-13132,-6512,6344,-475,202,-80,0
2711.3292350769043,7328,8296,11020,-252,-227,189,6540,-8832,11044,61,158,-218,-13404,4088,6492,-1031,152,-122,-13188,-6556,6616,-472,248,-73,0
2711.3628940582275,7348,8336,10992,-261,-211,169,6604,-8868,11112,30,142,-228,-13100,3840,6480,-1032,136,-117,-13472,-6532,6204,-466,223,-89,0
2711.396206140518,7336,8384,10872,-244,-155,186,6592,-9180,10948,50,132,-197,-13392,3932,6668,-1019,120,-102,-13536,-6500,6292,-508,174,-88,0
2711.429750919342,7308,8264,11228,-296,-130,176,6572,-8744,11036,74,150,-208,-13356,3792,6608,-1052,116,-160,-13440,-6540,6320,-489,183,-95,0
2711.4633650779724,7204,8248,10892,-213,-146,166,6560,-8740,11160,58,127,-178,-13396,3628,6524,-993,126,-133,-13384,-6548,6380,-469,170,-88,0
2711.4968259334564,7172,8356,11012,-260,-118,149,6552,-8844,11112,8,89,-169,-13372,4044,6732,-1003,155,-102,-13508,-6420,6408,-482,197,-89,0
2711.530501127243,7448,8200,10924,-188,-134,178,6640,-8772,10988,-18,68,-192,-13504,3696,6504,-1053,150,-67,-13392,-6464,6316,-502,180,-96,0
2711.563852071762,7524,8344,10972,-158,-93,152,6612,-8472,10752,250,66,-159,-13468,3740,6524,-989,104,-27,-13344,-6636,6352,-501,117,-147,0
2711.597393989563,7560,8352,10980,-172,-74,106,6592,-8752,10752,-81,98,-149,-13492,3724,6824,-996,84,-55,-13564,-6416,6256,-457,81,-153,0
2711.6309690475464,7436,8308,11040,-176,-37,70,6448,-8696,11232,-50,14,-189,-13416,3724,6788,-1032,50,-55,-13364,-6496,6304,-462,103,-179,0
2711.66437292099,7468,8336,10952,-186,-60,78,6536,-8776,10956,-59,148,-182,-13380,3804,6904,-1011,62,-17,-13348,-6440,6404,-468,96,-172,0
2711.697767019272,7324,8396,10940,-136,-78,84,6488,-8788,11252,-49,166,-163,-13336,3752,6612,-989,71,-72,-13320,-6648,6248,-466,120,-146,0
2711.7311959266663,7404,8232,11116,-162,-63,51,6548,-8800,11160,-74,123,-179,-13444,3860,6632,-1008,92,-92,-13400,-6568,6236,-470,153,-166,0
2711.764522075653,7376,8328,10880,-135,-58,85,6592,-8788,11028,-63,126,-190,-13424,4088,6468,-1033,109,-89,-13400,-6468,6340,-479,150,-143,0
2711.7982919216156,7376,8324,10984,-134,-84,84,6440,-8892,10832,-72,131,-185,-13388,3964,6860,-1014,91,-78,-13544,-6576,6384,-480,141,-135,0
2711.831890106201,7432,8392,10888,-106,-75,61,6604,-8948,11048,-71,130,-183,-13460,4064,6676,-994,56,-52,-13384,-6476,6472,-457,121,-138,0
2711.865576028824,7244,8004,11196,-129,-47,71,6540,-8800,11136,-87,133,-174,-13380,3732,6664,-992,41,-54,-13400,-6584,6376,-500,102,-150,0
2711.8989551067352,7384,8312,11020,-134,-12,65,6584,-8904,11016,-61,153,-144,-13404,3776,6612,-1006,66,-85,-13260,-6500,6304,-482,115,-164,0
2711.9324810504913,7376,8192,10784,-148,2,67,6564,-8844,11060,-55,149,-165,-13340,3656,6628,-976,55,-40,-13436,-6456,6292,-460,116,-157,0
2711.966038942337,7616,8376,11004,-136,3,62,6548,-8872,10956,-42,178,-160,-13420,3784,6640,-1003,47,-15,-13508,-6220,6296,-498,99,-161,0
2711.9995880126953,7660,8408,10900,-143,-9,61,6604,-8932,11236,-248,87,-170,-13372,3780,6592,-1059,13,-72,-13112,-6580,6220,-512,146,-178,0
2712.0332300662994,7308,8384,10784,-90,-21,80,6532,-8872,11036,-26,134,-184,-13536,3776,6476,-1030,16,-59,-13356,-6412,6368,-762,140,-159,0
2712.0667951107025,7392,8336,10996,-158,-10,96,6476,-8828,11172,-70,144,-179,-13416,3756,6416,-1003,37,-78,-13464,-6600,6168,-479,116,-181,0
2712.100100040436,7328,8372,11156,-183,-36,54,6588,-8824,11152,-56,139,-189,-13448,3828,6824,-1022,47,-77,-13412,-6532,6444,-463,92,-167,0
2712.133500099182,7364,8436,10984,-135,6,54,6524,-8816,11132,-64,107,-135,-13376,3840,6888,-1004,7,-6,-13204,-6592,6408,-478,62,-193,0
2712.1671240329742,7256,8304,10952,-160,19,70,6492,-8956,10840,-79,142,-136,-13324,3620,6548,-985,20,-256,-13324,-6604,6360,-495,37,-165,0
2712.2002351284027,7380,8296,10852,-153,25,48,6540,-8860,11096,-84,148,-148,-13328,3768,6744,-988,44,-36,-13204,-6524,6452,-484,82,-137,0
2712.2338140010834,7252,8276,11068,-175,-9,71,6624,-8904,11192,-78,134,-173,-13280,3864,6592,-982,59,-74,-13368,-6544,6504,-475,140,-147,0
2712.2674109935765,7200,8324,11228,-159,-78,101,6460,-8860,11116,-25,137,-190,-13280,3732,6680,-1014,78,-76,-13236,-6520,6324,-489,186,-135,0
2712.3008620738983,7236,8348,11100,-152,-93,102,6540,-8768,11048,-56,133,-183,-13324,3752,6496,-991,93,-58,-13068,-6616,6352,-465,142,-116,0
2712.334109067917,7348,8328,10832,-184,-66,103,6528,-8892,11072,-42,111,-185,-13072,3764,6716,-990,141,-72,-13280,-6560,6460,-476,134,-120,0
2712.371243953705,7396,8348,11172,-163,-65,98,6640,-8856,11144,-30,127,-181,-13340,3796,6820,-1017,109,-41,-13304,-6608,6224,-498,135,-129,0
2712.407091140747,7352,8344,11096,-145,-83,83,6556,-8836,11136,-78,101,-175,-13568,3752,6792,-1007,67,-40,-13132,-6572,6360,-461,128,-165,0
2712.4423160552974,7236,8212,11260,-154,-64,111,6460,-8844,11148,-76,133,-170,-13084,3656,6596,-969,52,-60,-13328,-6636,6344,-472,104,-174,0
2712.477536916733,7432,8436,10948,-151,11,75,6600,-8908,11068,-81,161,-192,-13348,4060,6576,-987,64,-34,-13268,-6564,6636,-472,91,-124,0
2712.5132219791412,7268,8284,11256,-212,-34,85,6384,-8944,11064,3,121,-175,-13376,3816,6756,-1039,73,-82,-13196,-6512,6296,-484,157,-113,0
2712.548738002777,7168,8356,11060,-165,-69,126,6432,-8808,11144,-12,120,-203,-13088,3788,6492,-1000,139,-69,-13432,-6576,6364,-465,146,-71,0
2712.5839791297913,7380,8420,10908,-117,-45,109,6640,-8872,11220,-45,137,-187,-13396,3664,6756,-994,117,-90,-13096,-6548,6304,-497,151,-130,0
2712.619532108307,7324,8384,11164,-189,-55,128,6580,-8864,11172,-17,116,-173,-13256,3960,7116,-1006,123,-59,-13400,-6628,6432,-496,127,-90,0
2712.6544260978694,7384,8364,11024,-142,-35,125,6612,-8748,11188,-58,101,-150,-13352,3792,6796,-990,97,-77,-13344,-6880,6416,-478,106,-127,0
2712.6900410652165,7340,8424,11080,-149,16,122,6612,-8852,10976,-49,160,-164,-13364,3828,6768,-1007,102,-58,-13152,-6636,6360,-503,87,-98,0
2712.7253320217133,7352,8344,11148,-168,-45,95,6544,-8792,11132,-21,155,-128,-13548,3784,6900,-1025,107,-81,-13212,-6548,6400,-485,123,-112,0
2712.7608981132507,7288,8356,11012,-200,-61,128,6488,-8856,11224,-23,135,-188,-13316,3812,6712,-1030,117,-94,-13340,-6564,6436,-473,187,-71,0
2712.796056032181,7248,8456,11076,-252,-125,142,6496,-8864,10976,15,155,-191,-13280,3772,6868,-1023,123,-162,-13248,-6464,6356,-503,239,-72,0
2712.832360982895,7280,8320,11032,-225,-160,160,6520,-8848,11132,17,140,-233,-13344,3860,6640,-1055,161,-127,-13448,-6508,6184,-491,241,-59,0
2712.8676030635834,7344,8280,11208,-250,-175,190,6544,-8832,11172,33,132,-225,-13060,3852,6716,-1022,181,-146,-13408,-6612,6408,-474,213,-52,0
2712.903489112854,7208,8340,11080,-283,-171,189,6532,-8884,11092,10,154,-208,-13368,3796,6668,-1008,182,-115,-13112,-6476,6600,-482,188,-41,0
2712.9391140937805,7288,8200,10964,-254,-182,166,6576,-8820,11152,36,139,-211,-13324,3776,6584,-998,127,-144,-13316,-6548,6492,-496,209,-60,0
2712.9740121364594,7252,8340,10768,-301,-143,182,6544,-8912,11076,34,178,-209,-13384,3716,6660,-1032,144,-163,-13384,-6472,6212,-507,218,-72,0
2713.009686946869,7360,8460,11024,-275,-155,185,6552,-8760,10988,63,147,-213,-13328,3784,6876,-1022,140,-122,-13352,-6500,6604,-494,212,-48,0
2713.0431320667267,7280,8252,10924,-258,-147,183,6532,-8920,11232,17,121,-198,-13384,3756,6700,-1045,192,-121,-13384,-6596,6388,-257,213,-51,0
2713.0767259597774,7436,8244,11088,-248,-156,191,6584,-8780,11084,33,147,-214,-13320,3708,6640,-1010,181,-135,-13332,-6472,6236,-476,209,-57,0
2713.1101031303406,7324,8276,11048,-264,-185,200,6632,-8860,11016,36,125,-214,-13308,3828,6632,-1022,183,-119,-13388,-6448,6644,-469,188,-47,0
2713.1434569358826,7332,8232,10940,-239,-168,195,6556,-8748,11068,25,120,-210,-13564,3788,6500,-1008,147,-126,-13408,-6564,6368,-474,189,-98,0
2713.176819086075,7468,8236,11132,-7,-155,186,6624,-8924,11172,23,147,-185,-13316,3700,6652,-1005,164,-88,-13356,-6600,6248,-445,198,-41,0
2713.2103540897374,7188,8252,10984,-249,-159,196,6520,-8748,11080,16,133,-190,-13380,3788,6536,-1015,127,-98,-13356,-6600,6356,-456,189,-60,0
2713.2439501285553,7384,8264,11072,-234,-145,193,6592,-8772,11068,33,118,-174,-13328,3764,6580,-1008,143,-123,-13356,-6604,6324,-491,176,-64,0
2713.277549982071,7456,8284,11072,-242,-171,176,6484,-8736,11040,25,161,-186,-13476,3780,6724,-1017,165,-82,-13204,-6544,6156,-461,182,-63,0
2713.3108720779414,7488,8224,11212,-16,-167,155,6632,-8780,11176,9,-111,-236,-13440,3788,6752,-782,206,-49,-13452,-6444,6288,-478,201,-36,0
2713.344327926636,7360,8248,11000,-249,-184,200,6472,-8780,11028,21,52,-197,-13452,3688,6784,-1014,172,-85,-13396,-6496,6276,-493,198,-47,0
2713.3777661323547,7320,8272,10900,-247,-158,191,6608,-8780,10812,8,54,-210,-13408,3740,6680,-1009,130,-118,-13404,-6432,6240,-499,206,-70,0
2713.4110000133514,7524,8240,11160,-191,-139,180,6544,-8824,11088,21,85,-193,-13472,3708,6716,-1015,122,-118,-13432,-6476,6240,-480,171,-116,0
2713.4444501399994,7472,7952,11108,-201,-149,156,6896,-8940,11232,-7,114,-178,-13272,3732,6656,-1007,122,-69,-13464,-6508,6196,-487,136,-90,0
2713.4781200885773,7584,8248,11016,-161,-65,108,6608,-8720,11052,-60,113,-146,-13444,3668,6676,-961,81,-30,-13376,-6464,6276,-472,81,-146,0
2713.5114901065826,7428,8188,10800,-169,-25,43,6696,-8792,11080,-20,125,-150,-13448,3688,6432,-1020,50,-45,-13568,-6428,6152,-483,110,-190,0
2713.544886112213,7208,8368,10988,-72,-32,23,6520,-8724,11032,-15,105,-150,-13376,3676,6404,-1010,36,-79,-13444,-6572,6352,-450,83,-161,0
2713.5785899162292,7468,8344,11152,-61,-55,36,6404,-8808,11112,-115,144,-184,-13464,3764,6556,-969,88,-31,-13364,-6500,6280,-473,139,-149,0
2713.6119220256805,7524,8228,10928,-66,-46,62,6620,-8824,11056,-65,93,-183,-13508,3696,6612,-1039,38,-32,-13380,-6440,6420,-493,135,-197,0
2713.645285129547,7648,8328,11260,-77,-32,65,6552,-8772,11148,-45,119,-154,-13148,3796,6556,-1020,31,-75,-13304,-6596,6360,-455,77,-192,0
2713.6789381504054,7292,8284,11124,-77,5,46,6564,-8784,11280,-104,119,-149,-13448,3696,6716,-998,46,-46,-13360,-6552,6308,-469,68,-164,0
2713.712408065796,7388,8268,11044,-86,3,31,6528,-8768,11100,-82,155,-156,-13252,3732,6416,-986,12,-5,-13520,-6424,6220,-466,74,-141,0
2713.7461071014404,7412,8292,11248,-98,-243,40,6580,-8780,11108,-75,166,-163,-13568,3836,6708,-1001,55,251,-13340,-6520,6328,-469,95,-134,0
2713.7799570560455,7444,7948,10756,-101,-18,65,6524,-8816,11096,-3,134,-176,-13392,3744,6852,-1017,70,-44,-13320,-6524,6352,-495,119,-146,0
2713.8131389617924,7424,8300,11104,-125,-37,96,6632,-8900,11088,-29,102,-189,-13460,3800,6636,-1018,83,-79,-13324,-6624,6336,-508,152,-138,0
2713.8467321395874,7640,8208,11024,-115,-49,89,6608,-8888,11088,-70,107,-192,-13468,3796,6604,-987,81,-74,-13460,-6452,6216,-500,129,-170,0
2713.8802940845494,7548,8280,11220,-121,-67,62,6632,-8732,11184,-48,101,-160,-13432,3812,6620,-978,87,-68,-13264,-6496,6372,-492,107,-159,0
2713.913807153702,7180,8288,11240,-127,-11,95,6408,-8708,11436,-41,98,-168,-13376,3628,6536,-1003,52,-57,-13336,-6448,6248,-468,75,-154,0
2713.9474210739136,7188,8260,11068,-142,-10,43,6604,-8812,11000,-43,133,-153,-13336,3764,6868,-1032,16,-30,-13344,-6604,6304,-474,110,-169,0
2713.9810180664062,7356,8348,11040,-124,-21,50,6568,-8764,11120,-59,147,-165,-13364,3784,6760,-1006,26,-53,-13268,-6484,6408,-490,85,-172,0
2714.014009952545,7496,8316,11096,-153,0,41,6636,-8736,10936,-36,148,-186,-13520,3680,6412,-968,47,-68,-13336,-6520,6272,-480,89,-169,0
2714.051847934723,7464,8308,11040,-151,-45,76,6640,-8816,11088,-61,110,-162,-13060,3808,6788,-988,35,-66,-13344,-6532,6256,-756,96,-134,0
2714.0874950885773,7372,8356,11084,-141,252,81,6588,-8736,11140,-22,121,-166,-13328,3848,6740,-1015,81,-61,-13280,-6600,6424,-495,96,-123,0
2714.1237220764165,7356,8344,11152,-126,-16,83,6580,-8844,11168,-26,97,-166,-13260,3840,6604,-1040,84,-59,-13328,-6544,6444,-501,161,-135,0
2714.1592581272125,7260,8256,10964,-134,-84,97,6524,-8680,11148,-19,102,-187,-13336,3716,6608,-1015,76,-61,-13296,-6584,6412,-504,161,-133,0
2714.194046974182,7308,8380,10992,-136,-60,121,6496,-8760,11060,-51,130,-186,-13288,3612,6420,-974,103,-84,-13376,-6504,6196,-483,106,-122,0
2714.2299201488495,7372,8300,10840,-170,-59,98,6664,-8780,11008,-15,115,-147,-13332,3828,6488,-1040,74,-57,-13280,-6580,6336,-259,117,-147,0
2714.264806985855,7332,8416,11120,-160,-37,103,6596,-8804,11048,3,136,-177,-13404,3832,6708,-1050,51,-53,-13340,-6672,6456,-498,110,-125,0
2714.300845146179,7388,8464,10916,-151,-46,103,6556,-8876,10864,-56,105,-210,-13300,3764,6848,-769,59,-16,-13556,-6404,6188,-506,93,-140,0
2714.3360230922694,7288,8312,10760,-198,-45,70,6644,-8820,11124,-38,139,-174,-13436,3764,6660,-1040,60,-44,-13404,-6596,6628,-457,154,-163,0
2714.371868133545,7320,8316,10992,-137,-72,68,6604,-8756,11112,-40,130,-162,-13568,4072,6652,-1002,48,-48,-13432,-6488,6488,-488,112,-159,0
2714.4076290130615,7304,8316,11008,-127,-50,74,6828,-8832,11112,-24,110,-138,-13380,3768,6700,-986,62,-24,-13144,-6584,6392,-464,97,-135,0
2714.44263792038,7304,8380,11164,-156,-40,83,6620,-8900,11112,-56,128,-163,-13092,3800,6836,-975,91,-63,-13348,-6568,6476,-497,118,-131,0
2714.4787340164185,7380,8236,10768,-159,-76,84,6640,-8832,11048,-29,134,-192,-13256,3796,6736,-1002,104,-47,-13240,-6504,6368,-485,140,-108,0
2714.5141501426697,7300,8244,11092,-162,-81,129,6604,-8944,11112,-3,132,-181,-13332,3736,6656,-1028,100,-121,-13256,-6576,6600,-486,144,-126,0
2714.5493841171265,7336,8316,11096,-131,-74,110,6560,-8836,10996,-36,110,-180,-13216,3876,6608,-769,76,-46,-13340,-6616,6380,-487,145,-95,0
2714.584648132324,7304,8408,11020,-194,-63,98,6568,-8780,11260,10,121,-170,-13376,3744,6772,-1015,96,-88,-13544,-6516,6320,-473,150,-110,0
2714.6206810474396,7340,8356,11160,-195,-32,116,6572,-8800,11132,8,156,-167,-13308,3784,6900,-1041,101,-96,-13548,-6504,6360,-484,162,-108,0
2714.655550003052,7256,8448,11068,-187,-73,128,6556,-8868,11076,24,148,-190,-13320,3824,6632,-1280,126,-90,-13264,-6620,6480,-498,189,-82,0
2714.692209005356,7520,8644,11232,-213,-114,166,6612,-8788,11052,7,121,-192,-13076,3832,6792,-1008,142,-69,-13324,-6584,6512,-496,183,-68,0
2714.725588083267,7324,8404,11112,-199,-125,168,6564,-8732,11156,255,130,-213,-13400,3828,6440,-1032,132,-146,-13288,-6548,6420,-766,180,-74,0
2714.7591609954834,7168,8408,11136,-220,-134,159,6472,-8744,11076,5,165,-194,-13564,3880,6848,-1277,140,-177,-13384,-6532,6484,-486,211,-66,0
2714.7927219867706,7320,8308,10948,-249,-134,177,6508,-8736,11212,9,136,-207,-13356,4088,6508,-991,128,-138,-13316,-6484,6616,-503,172,-71,0
2714.826457977295,7360,8320,10852,-214,-138,194,6584,-8788,11176,35,168,-184,-13296,3760,6648,-1061,161,-126,-13296,-6512,6404,-494,200,-53,0
2714.860016107559,7348,8388,11132,-269,-131,220,6588,-8764,11224,60,115,-195,-13296,3756,6584,-1036,162,-107,-13388,-6540,6280,-765,208,-62,0
2714.8933560848236,7340,8356,11036,-218,-169,183,6568,-8812,11076,35,123,-217,-13560,3708,6740,-1018,186,-164,-13320,-6480,6376,-495,209,-26,0
2714.9269671440125,7420,8316,11060,-240,-161,215,6620,-8748,10956,11,135,-202,-13420,3716,6516,-774,191,-134,-13360,-6520,6296,-495,184,-35,0
2714.9604909420013,7496,8340,11092,-251,-141,229,6576,-8948,10976,44,135,-178,-13552,3668,6616,-1046,142,-106,-13364,-6532,6368,-762,151,-68,0
2714.9940090179443,7436,8312,10988,-298,-159,189,6848,-8480,11188,42,88,-173,-13396,3660,6580,-1046,131,-83,-13428,-6568,6316,-508,188,-78,0
2715.027616977692,7444,8344,10900,-220,-131,186,6680,-8632,11012,43,131,-209,-13380,3764,6764,-1007,148,-102,-13448,-6560,6492,-491,157,-99,0
2715.0634911060333,7216,8228,11040,-302,-150,158,6616,-8724,11060,17,131,-210,-13296,3804,6680,-1006,149,-134,-13412,-6504,6232,-469,205,-62,0
2715.0974519252777,7492,8132,11004,-268,-146,171,6472,-8468,11124,24,126,-173,-13440,3836,6392,-1033,112,-130,-13408,-6484,6576,-482,161,-72,0
2715.1310000419617,7440,8344,10936,-243,-102,166,6868,-8712,11236,39,128,-187,-13284,3792,6412,-992,108,-97,-13372,-6404,6384,-478,126,-100,0
2715.164477109909,7364,8292,11232,-240,-105,180,6616,-8664,11232,42,107,-168,-13420,3688,6908,-1039,108,-68,-13368,-6540,6356,-489,150,-86,0
2715.1980481147766,7616,8240,11192,-510,-116,154,6516,-8732,11152,-6,74,-209,-13304,3756,6904,-1035,113,-58,-13188,-6520,6348,-509,168,-40,0
2715.2316040992737,7400,8292,11032,-237,-147,161,6436,-8760,11080,24,122,-195,-13312,3660,6860,-1038,156,-124,-13312,-6440,6148,-496,220,-70,0
2715.26488995552,7208,7984,11252,-237,-205,183,6588,-8804,11064,8,64,-213,-13364,3596,6708,-1010,197,-152,-13392,-6496,6392,-499,192,-71,0
2715.2985310554504,7504,8312,11244,-186,-147,171,6616,-8688,11068,-17,86,-222,-13344,3696,6816,-1019,148,-105,-13344,-6556,6348,-474,171,-73,0
2715.332086086273,7496,8212,10792,-209,-131,151,6724,-8624,10992,-13,75,-210,-13080,3600,6588,-997,159,-50,-13420,-6464,6256,-475,142,-109,0
2715.3656699657445,7188,8184,10776,-100,-85,111,6696,-8752,11208,-33,82,-176,-13528,3680,6856,-1027,96,-53,-13460,-6464,6164,-499,144,-132,0
2715.399074077606,7484,8280,11120,-117,-79,94,6712,-8688,11060,-51,129,-175,-13416,3736,6676,-999,63,-58,-13372,-6476,6368,-462,119,-154,0
2715.4326050281525,7556,8236,11004,-104,-63,66,6640,-8700,11212,-73,141,-149,-13372,3744,6568,-990,69,-69,-13244,-6592,6636,-485,110,-154,0
2715.466201066971,7504,8216,10844,-149,-35,65,6612,-8684,11160,-69,150,-183,-13368,3720,6868,-1021,69,-24,-13552,-6516,6172,-482,120,-155,0
2715.4995861053467,7520,8308,11088,-74,-20,70,6444,-8760,10948,-83,141,-170,-13416,3740,6740,-990,69,-21,-13544,-6548,6152,-475,106,-147,0
2715.533112049103,7424,8216,11032,-87,-23,52,6584,-8896,11232,-64,115,-161,-13400,3716,6740,-997,79,-46,-13352,-6512,6268,-473,72,-149,0
2715.566610097885,7544,8264,11156,-74,-50,54,6560,-8664,11088,-58,112,-149,-13332,3748,6740,-1014,106,-82,-13408,-6524,6300,-475,118,-141,0
2715.600077152252,7480,8208,11084,-87,-68,63,6600,-8716,11100,-60,122,-181,-13568,3772,6892,-976,102,-76,-13308,-6592,6488,-478,90,-139,0
2715.633605003357,7452,8328,11008,-73,-15,51,6612,-8940,11068,-92,142,-174,-13412,3744,6564,-948,76,7,-13352,-6652,6392,-497,88,-140,0
2715.6672110557556,7516,8272,11024,-80,-3,87,6444,-8884,10908,-44,130,-141,-13408,3772,6688,-1029,73,-68,-13332,-6452,6264,-542,101,-180,0
2715.7003231048584,7428,8260,11132,-115,-8,75,6604,-8780,11168,-4,100,-170,-13568,3784,6640,-1023,76,-54,-13332,-6556,6284,-493,123,-163,0
2715.73805809021,7420,8244,11084,-38,-253,58,6752,-8772,10976,-68,125,-173,-13384,3748,6792,-980,82,-82,-13436,-6448,6208,-481,90,-139,0
2715.7736201286316,7524,8340,11044,-127,-30,35,6768,-8800,11096,-39,133,-195,-13076,3704,6568,-993,58,-14,-13416,-6516,6336,-478,129,-158,0
2715.8091819286346,7456,8252,10876,-128,-20,39,6612,-8820,11180,-54,117,-157,-13376,4060,6788,-1001,42,-66,-13376,-6508,6496,-484,110,-186,0
2715.8442590236664,7332,8284,11196,-100,1,80,6692,-8756,11236,-59,142,-138,-13360,3788,6644,-980,26,-44,-13368,-6560,6336,-473,65,-163,0
2715.8805580139165,7392,8352,11148,-111,11,53,6592,-8776,11088,-35,121,-126,-13148,3772,6848,-979,63,-31,-13368,-6564,6420,-470,75,-161,0
2715.9158499240875,7364,8364,11120,-134,242,97,6616,-8748,10804,-72,150,-164,-13308,3788,6800,-961,91,-63,-13376,-6588,6336,-480,90,-142,0
2715.951555013656,7304,8332,10972,-113,-66,67,6652,-8728,11040,-16,112,-181,-13508,3784,6892,-1016,89,-49,-13368,-6428,6340,-502,133,-130,0
2715.9876511096954,7308,8312,10792,-121,-64,109,6624,-8780,11036,-18,93,-211,-13344,3768,6556,-1031,108,-65,-13356,-6548,6340,-764,121,-136,0
2716.0226759910583,7316,8344,11196,-134,-83,98,6580,-8768,11256,-16,94,-193,-13448,3764,6604,-769,91,-42,-13432,-6628,6620,-490,120,-143,0
2716.058546066284,7216,8384,10792,-151,-58,96,6676,-8960,11244,-12,106,-161,-13060,3680,6576,-1022,92,-59,-13544,-6516,6608,-491,104,-127,0
2716.0937349796295,7652,8332,11008,-150,-49,97,6904,-8768,11176,-16,119,-184,-13344,3632,6748,-998,78,-25,-13276,-6556,6332,-497,101,-135,0
2716.129660129547,7448,8464,11000,-143,-82,108,6600,-8660,11144,-38,112,-198,-13292,3772,6880,-990,78,-83,-13384,-6608,6532,-488,109,-135,0
2716.165048122406,7344,8336,10772,-137,-33,101,6412,-8680,11132,-58,123,-163,-13316,3828,6820,-976,79,-67,-13296,-6624,6516,-453,50,-143,0
2716.2007739543915,7436,8284,11160,-170,-44,85,6724,-8760,11084,-251,99,-170,-13368,3816,6764,-1036,72,-28,-13108,-6560,6296,-483,103,-166,0
2716.236246109009,7336,8384,11036,-153,-89,125,6444,-8748,11088,-1,105,-172,-13088,3748,6532,-1027,104,-60,-13188,-6636,6632,-459,157,-86,0
2716.2718040943146,7316,8368,11224,-98,-78,100,6448,-8780,11100,-34,108,-192,-13324,3856,6544,-994,95,-51,-13392,-6592,6436,-492,115,-145,0
2716.3076970577245,7440,8296,11092,-166,-87,112,6576,-8772,11104,-18,105,-183,-13260,3832,6792,-1011,125,-109,-13428,-6516,6388,-487,129,-111,0
2716.342545032501,7480,8336,10992,-148,-71,137,6716,-8768,11080,-25,81,-159,-13328,3852,6764,-995,105,-67,-13124,-6548,6432,-490,83,-149,0
2716.3792009353638,7324,8408,11208,-145,-49,117,6872,-8780,10980,-38,104,-175,-13128,3684,6696,-983,98,-73,-13276,-6588,6428,-491,108,-111,0
2716.412451028824,7408,8388,11184,-151,-54,91,6444,-8736,11084,-38,124,-154,-13512,3716,6536,-957,76,-36,-13260,-6616,6472,-470,107,-135,0
2716.446056127548,7364,8356,11044,-183,-74,111,6672,-8736,11120,-25,119,-169,-13200,3712,6672,-1018,62,-19,-13068,-6540,6328,-483,102,-145,0
2716.479761123657,7360,8420,10976,-198,-95,109,6544,-8792,10832,-19,123,-169,-13304,3804,6668,-769,59,-63,-13332,-6524,6352,-494,150,-105,0
2716.5133831501007,7400,8308,11012,-197,-123,116,6660,-8768,10936,-20,132,-200,-13368,3792,6632,-1005,114,-91,-13404,-6508,6380,-457,157,-141,0
2716.546648979187,7520,8352,10776,-180,-95,111,6624,-8928,10820,250,153,-187,-13124,3892,6420,-1042,89,-86,-13212,-6628,6540,-486,161,-138,0
2716.5801141262054,7388,8344,11212,-207,-79,105,6772,-8464,10824,-256,141,-189,-13340,4060,6608,-1031,94,-80,-13256,-6620,6400,-456,147,-139,0
2716.613718032837,7640,8344,11116,-214,-98,124,6728,-8712,11040,-10,159,-191,-13420,3824,6768,-976,90,-72,-13296,-6620,6460,-481,146,-106,0
2716.647169113159,7232,8332,10972,-193,-79,137,6676,-8700,11156,14,141,-173,-13264,3764,6840,-1007,102,-125,-13320,-6532,6180,-478,158,-78,0
2716.680776119232,7280,8348,11076,-211,-106,133,6568,-8880,11076,30,147,-195,-13312,3764,6900,-1009,125,-133,-13396,-6584,6172,-482,180,-86,0
2716.714422941208,7212,8356,11260,-237,-104,152,6436,-8784,11260,23,143,-176,-13544,4072,6620,-1041,152,-75,-13272,-6868,6180,-489,176,-49,0
2716.747895002365,7400,8436,11096,-231,-128,179,6840,-8720,11084,21,153,-193,-13284,3992,6720,-1035,167,-81,-13084,-6584,6444,-498,171,-49,0
2716.7816619873047,7268,8368,11156,-230,-97,206,6400,-8768,11140,47,168,-166,-13560,3704,6872,-1030,185,-91,-13316,-6480,6480,-490,202,-30,0
2716.8152899742126,7612,8340,10968,-251,-118,218,6568,-8752,11260,35,143,-181,-13364,3776,6752,-1047,170,-116,-13340,-6540,6300,-516,202,-44,0
2716.8487780094147,7252,8320,11132,-263,-141,202,6660,-8668,11292,47,130,-211,-13360,3748,6820,-1043,164,-150,-13408,-6612,6184,-497,187,-43,0
2716.8823499679565,7172,8364,11132,-5,-157,187,6520,-8748,11120,26,142,-195,-13408,3888,6732,-1017,192,-133,-13340,-6540,6396,-257,213,-51,0
2716.915840148926,7492,8284,11040,-245,-159,185,6676,-8660,11256,38,142,-211,-13388,3712,6808,-1273,165,-114,-13280,-6516,6628,-449,181,-44,0
2716.9491510391235,7244,8352,10796,-247,-149,175,6796,-8636,11076,32,86,-213,-13344,3764,6516,-1004,139,-106,-13364,-6528,6144,-505,189,-76,0
2716.9827029705048,7672,8332,10880,-7,-121,181,6708,-8616,11352,42,137,-215,-13476,3820,6484,-1038,172,-143,-13348,-6480,6324,-485,215,-52,0
2717.0162329673767,7448,8272,11020,-281,-129,174,6764,-8672,11144,47,114,-191,-13100,3724,6752,-1021,138,-148,-13332,-6592,6392,-479,184,-78,0
2717.0500791072845,7476,8232,10752,-255,-149,165,6880,-8740,11244,-256,127,-173,-13424,3692,6572,-1024,176,-146,-13288,-6428,6480,-490,187,-59,0
2717.0835139751434,7636,8200,10932,-242,-152,190,6624,-8944,11076,58,92,-209,-13184,3724,6620,-1036,154,-135,-13380,-6576,6396,-508,209,-74,0
2717.1171169281006,7500,8288,10956,-254,-160,192,6688,-8720,11060,48,150,-213,-13284,3784,6788,-1034,151,-136,-13340,-6532,6372,-485,196,-63,0
2717.1501750946045,7424,8276,10932,-244,-137,190,6688,-8672,11164,43,115,-218,-13380,3732,6636,-1019,192,-140,-13100,-6460,6460,-490,215,-55,0
2717.1837379932404,7492,8296,11080,-294,-153,165,6624,-8692,11152,37,140,-210,-13408,3696,6692,-982,132,-102,-13340,-6616,6384,-461,161,-75,0
2717.2174921035767,7628,8220,11084,-240,-139,184,6708,-8456,11240,27,147,-156,-13400,3800,6892,-1270,137,-91,-13068,-6436,6284,-509,138,-64,0
2717.2511129379272,7588,8252,10912,-334,-110,179,6692,-8688,11080,46,138,-191,-13344,3716,6692,-1060,129,-76,-13128,-6556,6408,-494,168,-113,0
2717.284789085388,7416,8192,11000,-248,-153,173,6600,-8616,11048,53,93,-205,-13448,3688,6588,-1002,107,-90,-13472,-6608,6328,-478,177,-104,0
2717.3184950351715,7528,8340,10968,-3,-156,133,6692,-8656,11340,37,164,-216,-13388,3780,6468,-1005,133,-114,-13360,-6396,6360,-513,191,-68,0
2717.3519310951233,7636,8280,11064,-242,-158,144,6672,-8672,11068,30,110,-194,-13396,3832,6704,-1029,131,-140,-13480,-6520,6396,-454,170,-101,0
2717.3853559494014,7532,8264,10872,-191,-108,122,6800,-8536,11052,-12,124,-161,-13488,3700,6888,-993,90,-53,-13348,-6580,6392,-487,104,-191,0
2717.423205137253,7600,7988,10912,-188,-56,57,6548,-8652,11048,-17,165,-136,-13424,3608,6600,-995,29,-62,-13432,-6532,6344,-489,88,-150,0
2717.4591901302338,7572,8196,11064,-147,-39,55,6420,-8636,11120,-40,140,-154,-13060,3640,6684,-960,41,-246,-13320,-6520,6152,-460,94,-159,0
2717.4945011138916,7452,8260,10760,-129,-79,68,6668,-8692,11224,-65,146,-180,-13352,3740,6444,-1008,62,-62,-13332,-6436,6392,-452,131,-131,0
2717.530702114105,7536,8244,10976,-156,-57,119,6620,-8572,11240,-76,100,-186,-13332,3712,6428,-992,131,-58,-13228,-6480,6440,-462,131,-116,0
2717.566112995148,7504,8168,10920,-119,-116,119,6692,-8628,11352,-76,98,-174,-13536,3756,6460,-960,125,-55,-13200,-6548,6368,-464,101,-115,0
2717.6019611358643,7596,8200,11000,-81,-53,114,6696,-8656,10984,-75,84,-162,-13288,3704,6848,-1016,88,-28,-13408,-6532,6384,-508,83,-163,0
2717.6377189159393,7636,8268,10924,-98,-19,80,6900,-8604,11184,-43,118,-144,-13396,3752,6560,-1000,47,-5,-13320,-6616,6312,-484,70,-174,0
2717.67281293869,7524,8236,11032,-78,-10,64,6720,-8604,11188,-52,150,-128,-13356,3720,6580,-1001,22,-25,-13240,-6508,6520,-488,79,-168,0
2717.7087011337285,7452,8244,10800,-103,-254,51,6552,-8656,11268,-99,156,-155,-13312,3756,6764,-985,65,244,-13268,-6536,6204,-488,80,-174,0
2717.7443430423737,7468,8308,10980,-139,-10,70,6588,-8476,11124,-108,141,-175,-13336,3788,6644,-1001,63,-8,-13136,-6500,6644,-480,103,-121,0
2717.780468940735,7672,8316,11044,-138,-47,81,6668,-8584,11244,-94,130,-163,-13288,3736,6628,-992,66,-48,-13120,-6520,6572,-492,125,-145,0
2717.8161640167236,7504,8252,11228,-101,-51,64,6756,-8656,11060,-34,109,-168,-13348,3832,6828,-1003,70,-62,-13380,-6456,6384,-492,117,-136,0
2717.8523211479187,7468,8424,10920,-117,-16,88,6728,-8652,11068,-51,146,-202,-13396,3804,6712,-980,71,-65,-13364,-6568,6440,-479,108,-173,0
2717.888154029846,7472,8324,11108,-142,-45,38,6432,-8688,11144,-54,150,-200,-13384,3756,6596,-992,62,-90,-13364,-6580,6512,-457,127,-172,0
2717.9238240718846,7568,8368,11060,-91,-22,72,6744,-8696,11124,-69,155,-137,-13368,3808,6740,-988,50,-14,-13356,-6460,6352,-259,86,-185,0
2717.959620952606,7528,8276,11024,-125,-42,68,6700,-8680,11480,5,121,-173,-13308,3724,6880,-1061,43,-62,-13088,-6600,6436,-504,134,-145,0
2717.9947531223297,7536,8360,11152,-91,-30,69,6744,-8576,11136,-26,128,-161,-13544,3700,6884,-774,62,-37,-13392,-6600,6360,-477,98,-166,0
2718.030648946762,7448,8296,10936,-167,-20,56,6780,-8620,11172,-66,138,-154,-13400,3916,6684,-975,70,-38,-13360,-6512,6280,-492,125,-186,0
2718.0664689540863,7468,8280,11096,-191,-57,73,6464,-8596,11116,-81,119,-172,-13340,3760,6628,-1008,86,-24,-13320,-6536,6284,-471,82,-128,0
2718.1000261306763,7364,8328,11096,-157,-53,91,6764,-8636,11016,-60,103,-185,-13544,3724,6500,-999,82,-4,-13324,-6904,6500,-483,87,-179,0
2718.1333479881287,7540,8232,10996,-137,-50,108,6668,-8724,11048,-50,97,-143,-13336,3772,6908,-965,45,-47,-13308,-6592,6380,-764,71,-181,0
2718.1668820381165,7416,8316,11204,-149,-37,74,6708,-8956,11164,-72,98,-151,-13340,3824,6808,-1009,45,-47,-13124,-6900,6448,-499,97,-155,0
2718.2005181312566,7512,8300,10824,-180,-70,85,6584,-8924,10996,-60,114,-178,-13368,3832,6716,-988,83,-56,-13308,-6468,6160,-504,128,-132,0
2718.2340581417084,7484,8344,11048,-139,-115,105,6784,-8620,11132,-13,118,-183,-13312,3824,6668,-772,89,-58,-13344,-6448,6564,-499,151,-109,0
2718.2675731182094,7648,8300,11208,-169,-108,105,6596,-8652,11132,-26,124,-186,-13280,3752,6692,-1012,120,-62,-13376,-6632,6336,-766,110,-116,0
2718.3010160923004,7660,8320,11060,-177,-98,108,6476,-8904,10952,-28,133,-178,-13332,4072,6480,-1002,95,-59,-13240,-6484,6560,-488,113,-125,0
2718.3344690799713,7472,8316,11124,-177,-67,92,6740,-8660,11212,-35,141,-182,-13340,3792,6696,-1007,82,-47,-13148,-6552,6372,-257,118,-131,0
2718.368000984192,7600,8252,10940,-175,-92,99,6700,-8744,11048,-8,113,-185,-13060,3864,6784,-1004,74,-36,-13508,-6556,6436,-520,150,-152,0
2718.4012949466705,7476,8240,11088,-171,-100,115,6624,-8688,11108,-39,120,-199,-13180,3724,6776,-1038,75,-82,-13480,-6628,6364,-477,125,-104,0
2718.4344141483307,7512,8328,10992,-170,-103,111,6724,-8708,10992,-30,141,-180,-13328,3832,6792,-980,67,-77,-13308,-6556,6400,-491,131,-123,0
2718.4679980278015,7364,8268,11072,-166,-99,104,6708,-8712,11292,-26,142,-190,-13356,3904,6716,-1003,83,-65,-13548,-6612,6584,-461,106,-142,0
2718.501497030258,7424,8408,10916,-166,-83,110,6740,-8708,11152,-28,125,-158,-13400,3600,6664,-1019,91,-75,-13256,-6776,6412,-469,123,-111,0
2718.5349090099335,7504,8324,10984,-171,-67,105,6696,-8636,10944,16,160,-175,-13104,3796,6856,-997,83,-96,-13520,-6544,6160,-477,124,-139,0
2718.568316936493,7484,8328,11176,-153,-79,79,6632,-8680,10976,47,154,-189,-13308,3784,6740,-1012,94,-101,-13240,-6616,6504,-477,175,-156,0
2718.601866006851,7356,8272,11044,-165,-112,83,6420,-8652,11080,21,142,-226,-13548,4088,6524,-991,121,-109,-13256,-6548,6436,-424,215,-120,0
2718.634793996811,7480,8308,10904,-149,-125,99,6660,-8736,11068,-21,144,-222,-13308,3832,6652,-974,97,-98,-13296,-6452,6268,-482,156,-97,0
2718.6684291362762,7552,8340,10976,-180,-98,119,6708,-8620,11008,-24,156,-161,-13376,3912,6628,-1279,64,-77,-13524,-6484,6636,-530,115,-109,0
2718.7018570899963,7512,8324,11068,-271,-70,139,6704,-8632,11032,30,155,-148,-13312,3800,6816,-1069,104,-51,-13064,-6600,6508,-490,123,-86,0
2718.7354900836945,7528,8400,10992,-207,-48,139,6576,-8648,11116,-39,129,-125,-13336,3780,6712,-1050,141,243,-13260,-6676,6492,-483,108,-65,0
2718.769362926483,7484,8656,11140,-307,-60,179,6584,-8452,11200,-9,140,-138,-13292,3792,6680,-1016,166,-56,-13084,-6896,6460,-457,147,-21,0
2718.8028399944305,7512,8316,10760,-295,-80,215,6620,-8684,10936,-14,107,-127,-13220,3780,6896,-1032,196,-66,-13176,-6704,6312,-494,170,-255,0
2718.8359990119934,7596,8268,10892,-236,-101,263,6660,-8688,11092,-2,52,-129,-13460,3748,6692,-774,225,-85,-13156,-6628,6428,-484,144,5,0
2718.869777917862,7268,8352,10928,-212,-83,256,6676,-8640,11084,-3,101,-142,-13372,3708,6804,-980,198,-102,-13312,-6492,6444,-490,98,250,0
2718.9030261039734,7472,8212,10812,-289,-64,207,6744,-8732,11252,4,134,-155,-13328,3728,6740,-1021,122,-93,-13248,-6504,6176,-501,169,-63,0
2718.936639070511,7504,8204,11040,-271,-89,167,6780,-8760,11232,46,176,-221,-13388,3708,6880,-1066,108,-137,-13308,-6532,6468,-478,238,-68,0
2718.9702060222626,7520,8296,11064,-281,-205,127,6656,-8776,11096,112,188,-270,-13208,3836,6756,-1052,68,-212,-13308,-6540,6548,-483,293,-90,0
2719.003781080246,7472,7992,11244,-240,-226,108,6432,-8664,11220,79,159,-321,-13400,3920,6820,-1051,133,-238,-13108,-6580,6452,-470,311,-96,0
2719.037333011627,7548,8296,11052,-227,-236,113,6708,-8740,11100,43,151,-303,-13376,3712,6828,-1009,156,-226,-13348,-6648,6468,-467,265,-91,0
2719.0733649730682,7628,7980,11244,-246,-219,148,6828,-8660,11188,51,159,-504,-13404,3760,6528,-1021,120,-129,-13428,-6488,6568,-474,211,-94,0
2719.1092400550842,7540,8188,10920,-511,-151,167,6740,-8492,11108,-250,128,-195,-13392,3748,6868,-1039,118,-137,-13296,-6608,6544,-489,194,-62,0
2719.1444289684296,7496,8208,10936,-287,-116,211,6684,-8648,11176,27,111,-162,-13536,3676,6904,-1010,148,-65,-13132,-6480,6296,-501,133,-52,0
2719.180186986923,7604,8232,10872,-281,-114,238,6692,-8684,11164,22,100,-146,-13104,3632,6664,-1032,167,-101,-13304,-6580,6192,-489,148,-56,0
2719.215574979782,7564,8292,10988,-306,-135,212,6628,-8556,11248,45,51,-160,-13100,3800,6680,-1045,152,-95,-13288,-6480,6240,-760,138,-48,0
2719.2512249946594,7452,8248,10980,-1,-164,228,6660,-8540,11248,34,121,-187,-13404,3704,6632,-1063,148,-82,-13548,-6616,6336,-504,194,-74,0
2719.287168979645,7468,8288,11080,-264,-166,206,6752,-8448,11112,70,126,-174,-13224,3676,6772,-1028,157,-129,-13556,-6656,6320,-501,197,-74,0
2719.3228631019592,7592,8264,10952,-9,-160,165,6716,-8684,11180,49,139,-215,-13340,3680,6792,-1003,126,-172,-13340,-6544,6312,-457,232,-83,0
2719.357680082321,7512,8176,11012,-18,-212,157,6668,-8548,11172,12,109,-252,-13404,3712,6832,-1015,177,-117,-13516,-6604,6288,-450,233,-53,0
2719.393486022949,7888,8124,11052,-206,-192,151,6768,-8588,11212,-49,133,-234,-13392,3828,6408,-970,150,-98,-13432,-6340,6168,-474,166,-66,0
2719.429624080658,7440,8020,11120,-215,-127,104,6748,-8632,11108,-44,114,-208,-13372,3584,6620,-1031,79,-73,-13516,-6608,6444,-476,142,-154,0
2719.4646971225734,7640,8160,11008,-242,-96,115,6708,-8536,11156,-34,116,-168,-13336,3832,6736,-974,58,-24,-13504,-6412,6236,-486,121,-112,0
2719.5007181167603,7428,8152,11256,-128,-56,100,6704,-8656,11188,-73,115,-152,-13380,3868,6640,-1014,67,-17,-13384,-6448,6396,-488,97,-137,0
2719.536068916321,7916,8116,11132,-176,-67,88,6868,-8640,11140,2,78,-133,-13368,3612,6544,-1029,104,-60,-13344,-6620,6192,-481,83,-140,0
2719.5723490715027,7872,8172,10984,-115,-11,151,6840,-8508,11096,-38,76,-98,-13328,3736,6748,-1041,101,-40,-13392,-6504,6484,-471,58,-144,0
2719.608113050461,7528,8140,11024,-105,-255,88,6644,-8552,11140,-49,107,-125,-13388,3672,6732,-1002,62,-33,-13292,-6496,6608,-491,38,-198,0
2719.6434519290924,7592,8136,10884,-165,-19,60,6676,-8536,11228,-66,127,-174,-13264,3716,6748,-1015,18,-48,-13312,-6460,6468,-444,109,-154,0
2719.6788051128387,7424,8436,11016,-125,-33,52,6608,-8528,11092,-44,176,-199,-13340,3620,6784,-968,80,-96,-13292,-6508,6232,-454,147,-132,0
2719.7144010066986,7588,8304,10972,-129,-111,54,6840,-8696,11120,-23,168,-210,-13360,3728,6836,-975,90,-88,-13364,-6504,6260,-441,171,-135,0
2719.7499721050262,7556,8216,10984,-136,-80,41,6788,-8680,10788,-46,147,-207,-13284,3808,6808,-1014,86,-70,-13340,-6456,6464,-440,155,-137,0
2719.7836401462555,7652,8248,11056,-147,-79,73,6712,-8508,11052,-63,134,-203,-13344,3812,6876,-997,85,-43,-13356,-6252,6404,-458,99,-111,0
2719.8173661231995,7616,8236,10916,-175,-50,94,6768,-8664,11244,-17,157,-189,-13456,3824,6860,-1020,79,-54,-13336,-6460,6364,-482,166,-104,0
2719.8510091304775,7636,8144,11008,-184,-57,117,6720,-8588,11136,-7,123,-200,-13284,3724,6700,-1036,102,-102,-13212,-6560,6404,-483,206,-114,0
2719.8843569755554,7544,8292,11120,-167,-129,157,6852,-8588,11260,10,116,-189,-13108,3756,6908,-1038,144,-96,-13328,-6560,6160,-465,152,-68,0
2719.917676925659,7604,8184,11004,-139,-99,154,6880,-8568,11440,-44,78,-199,-13400,3728,6804,-991,132,-41,-13468,-6412,6444,-520,118,-91,0
2719.9512081146245,7716,8144,11208,-190,-34,124,6816,-8708,11052,-43,125,-100,-13448,3856,6872,-1051,55,-30,-13256,-6460,6348,-499,53,-153,0
2719.9847469329834,7580,8160,11116,-506,2,129,6768,-8576,11188,63,169,-125,-13280,3748,6740,-1044,53,-68,-13220,-6580,6312,-454,87,-120,0
2720.018329143524,7564,7940,11124,-159,-28,100,6740,-8544,11092,-24,119,-169,-13360,3756,6828,-980,83,-132,-13356,-6552,6360,-468,117,-119,0
2720.051862001419,7568,8340,11084,-204,-57,90,6480,-8528,11216,-22,127,-162,-13416,3772,6600,-1020,52,-99,-13136,-6468,6160,-480,152,-146,0
2720.0912849903107,7520,8228,11064,-194,-70,115,6676,-8556,11176,-16,136,-184,-13564,3732,6816,-1011,91,-113,-13288,-6488,6308,-468,152,-114,0
2720.1249420642853,7708,8224,10876,-155,-93,111,6784,-8548,11112,-8,123,-195,-13408,3800,6688,-1039,92,-74,-13328,-6548,6416,-487,163,-126,0
2720.158210039139,7564,8316,10992,-150,-84,98,6828,-8264,11192,-47,145,-195,-13304,3632,6612,-1006,70,-94,-13380,-6584,6308,-474,159,-174,0
2720.191771030426,7688,8236,11016,-223,-92,74,6784,-8692,11072,-49,167,-190,-13344,3756,6704,-1006,64,-79,-13096,-6508,6652,-473,162,-169,0
2720.225434064865,7584,8184,10804,-135,-72,38,6724,-8532,11232,-53,130,-201,-13396,3784,6784,-1278,74,-95,-13256,-6520,6516,-454,99,-155,0
2720.2589440345764,7592,8232,10996,-154,-22,46,6700,-8596,11120,-33,123,-152,-13368,3724,6740,-1001,42,-46,-13300,-6492,6428,-470,95,-179,0
2720.292629003525,7544,8104,10920,-134,-8,42,6908,-8588,11068,-61,132,-151,-13332,3724,6664,-1036,93,-8,-13340,-6436,6364,-503,123,-125,0
2720.3260350227356,7484,8444,10924,-129,-37,92,6748,-8560,11244,-46,107,-174,-13544,3720,6612,-1053,85,-47,-13100,-6620,6620,-444,124,-78,0
2720.3596980571747,7544,8032,11032,-171,-64,130,6800,-8572,11120,-31,125,-160,-13420,3668,6816,-1014,92,-92,-13332,-6632,6572,-468,131,-113,0
2720.3929460048676,7648,8148,10972,-142,-52,118,6716,-8488,11232,-75,111,-186,-13336,3692,6816,-988,74,-95,-13088,-6492,6564,-483,119,-145,0
2720.4266340732574,7652,8152,10968,-114,-50,46,6728,-8596,11092,-83,126,-182,-13348,3616,6796,-1002,52,-62,-13148,-6516,6644,-471,79,-167,0
2720.4602479934692,7532,8220,11092,-128,-12,38,6536,-8556,11208,-58,138,-166,-13324,3708,6776,-1017,49,-21,-13120,-6432,6628,-454,101,-131,0
2720.4937970638275,7484,8228,11000,-146,-24,76,6432,-8528,11188,-43,138,-176,-13368,3848,6764,-993,69,-29,-13320,-6624,6488,-476,91,-158,0
2720.527405977249,7596,8184,11144,-126,-28,67,6788,-8664,11024,-54,135,-178,-13428,3716,6708,-994,62,-40,-13324,-6636,6360,-481,114,-161,0
2720.561044931412,7464,8224,11148,-121,-28,76,6680,-8692,10844,-62,142,-193,-13568,4056,6808,-1000,83,-58,-13076,-6584,6208,-482,117,-162,0
2720.594732999801,7460,7940,10984,-107,-53,105,6740,-8540,11168,-56,118,-189,-13536,3848,6888,-769,72,-65,-13340,-6576,6632,-488,148,-131,0
2720.628123044968,7524,8280,11052,-122,-36,83,6692,-8528,11220,-50,128,-182,-13276,3808,6648,-1011,63,-78,-13312,-6476,6376,-494,113,-129,0
2720.661391019821,7620,8156,10868,-125,-24,97,6684,-8660,11060,-41,114,-140,-13340,4036,6920,-1275,90,-42,-13344,-6728,6188,-499,85,-146,0
2720.694869995117,7512,8280,10920,-130,-22,118,6676,-8640,11220,-43,137,-133,-13060,3740,6712,-1033,99,-33,-13320,-6540,6500,-497,65,-128,0
2720.7281160354614,7480,8252,10880,-128,-14,134,6772,-8648,11104,-50,95,-146,-13408,3588,6764,-1012,82,-26,-13160,-6540,6208,-491,110,-120,0
2720.764569044113,7524,8300,11148,-146,-42,121,6792,-8648,11212,-46,134,-161,-13548,3752,6868,-1280,92,-85,-13280,-6572,6436,-458,115,-147,0
2720.799572944641,7468,8312,10976,-141,-69,110,6696,-8672,11180,-40,122,-183,-13280,3756,6744,-1268,109,-64,-13312,-6568,6500,-447,151,-120,0
2720.835524082184,7428,8276,10912,-158,-46,101,6728,-8612,11344,0,137,-217,-13392,3752,6792,-1020,96,-78,-13260,-6572,6448,-462,182,-124,0
2720.871562957764,7480,8292,10916,-142,-127,77,6812,-8624,11224,-37,129,-219,-13276,3740,6664,-996,98,-87,-13380,-6556,6172,-478,154,-148,0
2720.9071459770203,7540,8212,10980,-196,-102,85,6720,-8588,11072,-42,142,-205,-13408,3704,6732,-1006,63,-39,-13456,-6552,6468,-458,97,-136,0
2720.9425320625305,7560,8216,10952,-143,-35,84,6864,-8576,11160,-29,171,-181,-13484,3812,6832,-1025,73,-66,-13268,-6472,6476,-504,113,-148,0
2720.978055000305,7452,8156,11152,-234,-17,79,6692,-8600,11108,26,123,-148,-13308,3692,6896,-1078,75,-62,-13212,-6720,6432,-511,163,-104,0
2721.0134561061855,7480,8356,10804,-126,-38,128,6404,-8524,11208,-30,139,-157,-13168,3692,6684,-1280,103,-68,-13412,-6644,6488,-486,120,-95,0
2721.049556016922,7532,8252,10752,-178,-68,109,6824,-8600,11196,-1,129,-179,-13372,3824,6892,-1043,111,-46,-13060,-6516,6564,-494,151,-98,0
2721.0845980644226,7556,8276,11060,-192,-78,151,6768,-8564,11092,-254,107,-157,-13244,3752,7084,-1073,91,-59,-13184,-6580,6420,-435,137,-87,0
2721.1204121112823,7432,8252,10824,-228,-42,172,6572,-8580,11120,13,119,-160,-13264,3780,6752,-993,144,-71,-13228,-6724,6428,-469,144,-71,0
2721.1555490493774,7456,8292,11008,-260,-74,162,6712,-8696,11148,1,122,-182,-13292,3820,6768,-1014,157,-76,-13312,-6624,6288,-482,174,-66,0
2721.191684961319,7412,8184,11052,-234,-102,164,6684,-8648,11076,9,147,-198,-13516,3788,6704,-1005,125,-128,-13096,-6580,6420,-491,202,-72,0
2721.227671146393,7492,8224,11220,-222,-165,165,6452,-8540,11236,40,156,-214,-13508,3740,6660,-1034,183,-136,-13552,-6520,6464,-475,248,-42,0
2721.2627930641174,7480,8196,10928,-511,-192,206,6692,-8548,11172,30,132,-269,-13376,3728,6644,-1018,208,-167,-13432,-6504,6560,-502,265,-60,0
2721.298496961593,7568,8224,10972,-244,-197,185,6772,-8596,10828,42,99,-217,-13328,3748,6804,-1032,187,-158,-13480,-6588,6556,-482,246,-58,0
2721.333745956421,7596,8416,10912,-263,-142,210,6716,-8552,11220,65,139,-185,-13260,3756,6672,-1076,190,-122,-13328,-6492,6368,-766,239,-54,0
2721.3696160316467,7636,8136,11100,-280,-183,203,6796,-8484,11168,54,40,-228,-13360,3732,6668,-1064,177,-156,-13408,-6472,6340,-484,232,-36,0
2721.4058430194855,7536,8440,10764,-308,-196,208,6808,-8396,11240,69,120,-212,-13360,3724,6804,-1010,183,-123,-13428,-6520,6380,-470,181,-56,0
2721.4393060207367,7636,8220,11172,-300,-168,205,6836,-8520,11372,34,117,-202,-13340,3692,6820,-1010,138,-132,-13320,-6428,6408,-495,187,-67,0
2721.47282409668,7840,8088,11012,-307,-145,210,6692,-8488,11068,47,127,-183,-13384,3764,6816,-1050,136,-130,-13272,-6528,6416,-494,186,-79,0
2721.5066390037537,7624,8244,11016,-315,-137,209,6736,-8536,11096,79,130,-188,-13088,3716,6608,-1062,131,-91,-13300,-6424,6188,-494,195,-84,0
2721.5401740074158,7608,8164,11000,-303,-157,204,6804,-8512,11060,84,117,-200,-13292,3672,6860,-1029,122,-114,-13408,-6568,6456,-474,213,-68,0
2721.573395013809,7560,8128,10940,-302,-156,199,6724,-8488,11296,62,114,-222,-13316,3696,6744,-1048,179,-156,-13308,-6512,6444,-471,207,-89,0
2721.6070079803467,7620,8108,11116,-318,-215,205,6768,-8528,11148,77,126,-244,-13296,3692,6760,-1011,153,-150,-13344,-6464,6572,-470,214,-67,0
2721.6402001380925,7676,8136,10948,-246,-188,199,6788,-8440,11192,26,121,-208,-13336,3752,6664,-1000,142,-78,-13316,-6556,6384,-477,183,-61,0
2721.673637151718,7444,8000,11060,-302,-176,191,6752,-8524,11168,40,150,-179,-13340,3692,6708,-1049,115,-62,-13412,-6516,6376,-487,194,-104,0
2721.7072360515594,7808,8152,11028,-332,-186,180,6780,-8388,11132,91,76,-212,-13376,3620,6756,-1057,91,-117,-13460,-6552,6416,-482,176,-82,0
2721.740776062012,7684,8136,10956,-154,-164,140,6792,-8464,11188,5,115,-208,-13364,3724,6772,-1021,110,-97,-13528,-6656,6320,-453,147,-106,0
2721.7742619514465,7636,8124,11140,-240,-120,133,6864,-8456,11108,1,77,-201,-13324,3692,6452,-1019,144,-104,-13492,-6376,6480,-473,184,-107,0
2721.807505130768,7740,8052,11040,-185,-96,144,6864,-8492,11216,-22,95,-160,-13276,3668,6728,-1014,111,-39,-13460,-6444,6640,-452,138,-126,0
2721.8411481380463,7632,8060,10936,-122,-47,142,6824,-8520,11072,-18,71,-144,-13360,3664,6804,-1003,111,-42,-13428,-6472,6608,-455,71,-146,0
2721.874776124954,7604,8076,11012,-155,-12,90,6752,-8516,11176,-33,147,-146,-13136,3696,6580,-990,43,-59,-13332,-6408,6212,-485,84,-168,0
2721.9080381393433,7608,8012,11056,-116,-44,68,6712,-8472,11036,-47,150,-148,-13356,3796,6688,-995,66,-50,-13380,-6644,6228,-462,115,-157,0
2721.9416260719295,7744,8144,11188,-83,-39,58,6792,-8400,11192,-14,139,-190,-13420,3724,6412,-1039,86,-43,-13384,-6500,6344,-447,158,-158,0
2721.9752259254456,7688,8060,10976,-108,-62,74,6716,-8460,11092,-52,115,-193,-13404,3708,6936,-978,107,-57,-13304,-6452,6524,-500,112,-126,0
2722.008564949036,7680,8148,11008,-61,-51,68,6780,-8532,11236,-126,121,-166,-13316,3788,6880,-990,78,-30,-13304,-6528,6428,-474,94,-151,0
2722.042254924774,7608,8132,11080,-96,-15,67,6748,-8556,11224,-87,132,-156,-13140,3780,6660,-981,91,-84,-13376,-6412,6380,-484,119,-146,0
2722.0758049488068,7424,8012,11168,-42,-29,90,6804,-8492,11276,-55,126,-150,-13392,3764,6736,-1031,105,-49,-13548,-6528,6172,-258,112,-124,0
2722.1093809604645,7524,8188,11044,-77,-21,89,6696,-8512,11096,-62,125,-140,-13320,3692,6740,-1043,46,-34,-13388,-6516,6404,-527,112,-151,0
2722.1426820755005,7428,8136,11052,-68,-5,73,6764,-8508,11476,-66,151,-151,-13412,3696,6860,-1013,60,-46,-13288,-6472,6216,-507,108,-131,0
2722.1762001514435,7532,8116,10844,-93,-249,63,6736,-8504,11196,-89,129,-154,-13100,3732,6504,-1022,64,-69,-13356,-6492,6456,-478,110,-158,0
2722.2093579769135,7700,8164,10964,-102,-32,58,6668,-8476,11212,-56,148,-161,-13568,3752,6804,-1268,48,-45,-13332,-6540,6388,-509,99,-151,0
2722.242942094803,7632,8180,11116,-119,5,62,6852,-8652,11308,-46,128,-158,-13292,3680,6736,-987,80,-38,-13484,-6464,6196,-488,113,-113,0
2722.276617050171,7676,8120,10772,-91,5,62,6756,-8500,11220,-29,108,-180,-13308,3628,6612,-1010,68,-62,-13244,-6584,6612,-455,92,-157,0
2722.3100969791412,7600,8320,11024,-152,-70,78,6772,-8472,11092,-75,143,-175,-13296,3708,6680,-970,84,-85,-13332,-6500,6504,-461,99,-145,0
2722.343495130539,7596,8412,11060,-120,-9,92,6796,-8520,11132,-95,134,-161,-13404,3704,6584,-976,46,-72,-13412,-6420,6384,-494,79,-173,0
2722.377459049225,7660,8208,10984,-171,-19,63,6792,-8480,11188,-27,119,-153,-13252,3648,6600,-1055,45,-46,-13264,-6584,6468,-530,125,-169,0
2722.4107480049133,7648,8224,11004,-143,252,96,6736,-8448,11372,-44,141,-164,-13336,3672,6880,-1046,70,-28,-13560,-6652,6488,-476,76,-174,0
2722.4475979804993,7560,8152,11100,-98,-6,44,6832,-8492,11032,-62,112,-138,-13300,3612,6792,-993,41,-19,-13428,-6636,6484,-766,86,-172,0
2722.483850002289,7548,8200,11100,-155,9,75,6720,-8612,11432,-28,90,-140,-13292,3744,6768,-1057,92,-32,-13260,-6464,6416,-511,106,-116,0
2722.5196859836574,7520,8076,10824,-121,-13,156,6744,-8488,11028,-28,76,-131,-13340,3744,6548,-1054,65,-256,-13256,-6436,6540,-499,61,-98,0
2722.5550351142883,7536,8096,11000,-103,-1,119,6808,-8588,11432,-59,107,-117,-13284,3776,6668,-1007,71,-3,-13320,-6616,6248,-499,61,-118,0
2722.5909421443935,7544,8144,10968,-118,-4,80,6660,-8656,11232,-65,135,-133,-13320,3748,6968,-1007,86,234,-13524,-6644,6424,-487,94,-123,0
2722.6272320747375,7528,8212,10936,-161,-65,72,6908,-8496,11244,-57,127,-149,-13256,3600,6904,-1025,105,-78,-13476,-6504,6636,-495,159,-129,0
2722.6623589992523,7440,8220,11220,-150,-96,113,6752,-8700,11200,-22,107,-198,-13268,3716,6872,-1052,135,-83,-13292,-6516,6628,-484,212,-79,0
2722.6982209682465,7564,8224,11008,-146,-116,137,6768,-8532,11252,4,121,-194,-13112,3684,6840,-1265,154,-91,-13416,-6568,6480,-489,194,-55,0
2722.733745098114,7524,8248,11140,-273,-141,156,6800,-8532,11348,42,108,-222,-13412,3620,6692,-1010,147,-147,-13092,-6444,6460,-464,209,-64,0
2722.7697269916534,7560,8268,11100,-223,-164,165,6776,-8580,11212,12,113,-239,-13372,3728,7068,-1019,149,-179,-13316,-6588,6308,-499,7,-83,0
2722.8050379753113,7612,8128,10936,-511,-211,195,6776,-8520,11116,21,136,-228,-13292,3696,6620,-1017,144,-152,-13104,-6468,6244,-491,233,-48,0
2722.840884923935,7564,8136,10928,-271,-200,182,6732,-8368,11096,22,136,-243,-13168,3684,6700,-1274,187,-164,-13372,-6480,6460,-435,219,-47,0
2722.876120090484,7644,8208,11168,-256,-190,195,6824,-8484,11304,20,115,-6,-13296,3692,6692,-1010,185,-132,-13312,-6456,6484,-477,235,-15,0
2722.912346124649,7532,7960,11104,-290,-180,219,6824,-8564,11128,21,124,-261,-13344,3708,6948,-1009,205,-155,-13400,-6528,6652,-475,270,32,0
2722.948730945587,7432,8120,11148,-288,-214,275,6756,-8528,11144,64,58,-239,-13404,3756,6500,-1038,260,-165,-13076,-6404,6632,-501,285,8,0
2722.9838569164276,7708,7960,10936,-220,-10,263,6796,-8480,11088,78,87,-12,-13320,3660,6564,-1034,275,-149,-13316,-6436,6524,-484,258,255,0
2723.01953291893,7428,8060,11072,-236,-235,268,6792,-8484,11256,36,67,-272,-13356,3684,6632,-1021,273,-164,-13328,-6500,6156,-453,297,8,0
2723.055058002472,7624,8176,11076,-243,-239,273,6540,-8496,11192,4,-354,-255,-13340,3748,6552,-1262,271,-133,-13476,-6372,6332,-481,233,23,0
2723.091239929199,7756,8120,10768,-239,-224,266,6804,-8500,11144,41,9,-210,-13472,3704,6712,-1046,204,-192,-13444,-6628,6564,-455,268,-15,0
2723.12481212616,7428,8004,11076,-342,-234,247,6812,-8684,11176,107,56,-231,-13412,3600,6660,-1046,223,-159,-13416,-6472,6336,-442,240,22,0
2723.1581571102142,7648,8172,11124,-503,-195,231,6756,-8596,11020,35,52,-273,-13540,3688,6804,-1038,258,-116,-13320,-6452,6268,-431,239,38,0
2723.191689014435,7672,8104,10828,-372,-272,266,6828,-8540,11296,112,-19,-295,-13408,3624,6536,-978,263,-156,-13472,-6372,6384,-424,328,67,0
2723.22495508194,7656,8036,10912,-400,-275,285,6748,-8448,11108,52,-23,-290,-13392,3596,6600,-1018,279,-188,-13552,-6656,6468,-408,236,-12,0
2723.2584631443024,7720,8008,10848,-383,-228,247,6896,-8472,11120,155,-21,-219,-13396,3616,6600,-1050,182,-164,-13444,-6480,6376,-465,221,-53,0
2723.291953086853,7752,8024,10988,-357,-278,231,6832,-8376,11176,195,53,-236,-13384,3684,6720,-1064,160,-173,-13436,-6444,6360,-482,265,-60,0
2723.325479030609,7788,8036,11080,-336,-505,190,6876,-8444,11264,161,31,-296,-13368,3332,6420,-786,131,-141,-13444,-6368,6268,-453,255,-80,0
2723.3590869903564,7836,7964,11024,-371,-298,181,6972,-8368,11040,122,99,-292,-13460,3500,6416,-1031,144,-179,-13376,-6344,6276,-432,275,-51,0
2723.3922641277313,7788,8020,11000,-454,-372,190,7004,-8412,11164,159,86,-311,-13408,3704,6528,-1046,152,-194,-13316,-6656,6320,-289,253,-96,0
2723.425879955292,7760,7984,10892,-412,-328,210,6928,-8388,11352,105,26,-271,-13440,3676,6648,-1055,200,-151,-13332,-6416,6280,-463,210,-6,0
2723.4591660499573,8008,7952,11276,-445,-305,272,6876,-8368,11184,175,2,-270,-13448,3808,6556,-1087,214,-135,-13368,-6348,6372,-465,272,-3,0
2723.4928810596466,7688,7860,10884,-322,-353,278,6960,-8252,11148,165,249,-270,-13408,3692,6660,-1043,214,-169,-13468,-6400,6360,-486,200,-14,0
2723.526400089264,8004,7856,11044,-477,-310,0,6972,-8252,11312,74,-29,-507,-13476,3596,6996,-1064,186,-172,-13268,-6308,6200,-523,246,-53,0
2723.559818029404,8140,7940,10816,-293,-335,229,7052,-8324,11344,83,-15,-248,-13520,3564,6628,-1056,167,-152,-13548,-6644,6184,-549,219,-77,0
2723.5935940742493,7800,8116,10928,-254,-509,187,7012,-8168,11220,-10,-77,-246,-13416,3508,6496,-1043,88,-77,-13552,-6360,6208,-515,136,-114,0
2723.627331972122,8040,7840,10908,-300,-200,140,7060,-8340,11120,68,69,-186,-13392,3812,6624,-1043,100,-38,-13560,-6420,6360,-450,112,-137,0
2723.6605820655823,7932,7876,10592,-207,-102,120,7008,-8212,11172,-55,25,-178,-13484,3440,6688,-957,84,-10,-13360,-6320,6152,-427,51,-167,0
2723.6941170692444,7968,7868,10932,-256,-107,53,6932,-8296,11280,-87,-56,-233,-13408,3700,6612,-994,106,-82,-13408,-6316,6164,-477,97,-145,0
2723.727368116379,8028,7856,11140,-509,-56,49,6976,-8316,11456,-87,15,-232,-13528,3544,6908,-1004,63,-70,-13408,-6300,6316,-498,164,-133,0
2723.7612669467926,7904,7892,11004,-234,-103,137,7020,-8432,11244,-78,42,-251,-13536,3608,6680,-986,157,-59,-13496,-6336,6408,-503,172,-69,0
2723.7948710918427,8068,7940,10968,-214,-133,137,7036,-8220,11060,-116,-35,-231,-13556,3528,6636,-1012,139,-53,-13780,-6612,6152,-468,84,-114,0
2723.8285460472107,7968,7912,10916,-165,-39,123,6932,-8216,11132,-100,11,-184,-13452,3596,6708,-1038,86,-1,-13436,-6372,6352,-257,55,-130,0
2723.862097978592,7900,7812,11032,-205,-255,97,7028,-8336,11020,-122,86,-171,-13444,3616,6660,-1006,43,-49,-13388,-6332,6248,-545,76,-149,0
2723.8951921463013,7956,7880,11060,-165,-30,74,7096,-8320,11172,-91,35,-182,-13468,3688,6620,-1008,114,-43,-13564,-6504,6248,-476,106,-121,0
2723.92866897583,7920,7780,11180,-157,-31,85,7076,-8284,11144,-99,90,-179,-13480,3396,6672,-777,115,-10,-13508,-6340,6336,-766,73,-144,0
2723.962222099304,8008,7904,11116,-144,-26,95,7012,-8376,11204,-94,117,-166,-13376,3672,6688,-1007,88,-25,-13440,-6380,6200,-534,114,-146,0
2723.9956319332123,7856,7872,11264,-186,-54,99,6952,-8352,11328,-86,91,-179,-13372,3792,7120,-996,100,-77,-13168,-6488,6260,-552,112,-147,0
2724.0292060375214,7856,7812,11104,-147,-141,100,6956,-8364,11100,-117,20,-286,-13368,3368,6424,-1008,30,-99,-13516,-6440,6344,-588,132,-162,0
2724.062875032425,8184,7848,11036,-134,-95,98,7124,-8388,11220,-58,25,-241,-13424,3568,6908,-1014,77,-86,-13472,-6352,6356,-636,147,-154,0
2724.0964100360866,7964,7888,11076,-124,-88,121,7092,-8388,11336,-15,74,-177,-13360,3644,6612,-1068,247,-82,-13488,-6620,6448,-655,124,-168,0
2724.1337211132054,7736,7940,11064,-120,-55,143,7044,-8276,11204,-63,27,-210,-13360,3336,6420,-1048,124,-37,-13448,-6344,6156,-472,76,-117,0
2724.1694910526276,7952,7840,11044,-90,-18,122,7000,-8280,10880,-159,63,-181,-13328,3684,6544,-863,117,248,-13552,-6284,6396,-477,85,-161,0
2724.2049310207367,7860,7712,10752,-100,-55,66,7180,-8496,11092,-12,131,-164,-13504,3728,6856,-1058,33,-110,-13384,-6304,6276,-557,158,-186,0
2724.240380048752,7936,7920,11056,-35,-17,99,7136,-8264,11080,115,125,-109,-13568,3592,6524,-1164,57,-102,-13428,-6448,6396,-630,118,-194,0
2724.2758879661565,7976,7688,10852,-33,2,99,7032,-8304,11280,77,135,-101,-13496,3580,6472,-1055,47,-75,-13532,-6604,6264,-575,80,-134,0
2724.3118410110474,7920,7688,11044,-99,-1,121,6988,-8556,11244,37,-42,-205,-13320,3552,6484,-1007,81,-69,-13384,-6356,6252,-608,142,-143,0
2724.3477969169617,7848,7840,11004,14,-81,134,7132,-8328,11128,-14,98,-180,-13456,3488,6544,-1039,50,-128,-13372,-6172,6624,-559,146,-152,0
2724.383373975754,7864,7924,11040,22,-26,150,7380,-8300,11092,253,65,-182,-13728,3624,6588,-1051,97,-40,-13484,-6336,6392,-603,120,-192,0
2724.419131040573,7972,7948,11244,-256,-42,99,7148,-8308,11060,6,212,-113,-13468,3592,6656,-1102,250,-68,-13516,-6188,6320,-620,92,-214,0
2724.4547910690308,8176,7968,10916,-40,7,119,7072,-8556,11208,92,106,-114,-13428,3696,6680,-1157,56,-99,-13412,-6424,6352,-645,129,-177,0
2724.490271091461,7892,8096,11108,-21,32,154,7056,-8272,11064,122,-38,-139,-13128,3544,6892,-1054,97,-69,-13436,-6452,6288,-578,88,-131,0
2724.5254950523376,7884,7916,11156,-10,-19,155,7392,-8392,11128,-40,104,-141,-13468,3676,6556,-1111,38,-108,-13064,-6568,6296,-591,134,-201,0
2724.5613131523132,7808,7976,10924,-3,-61,88,7052,-8292,11496,185,103,-165,-13476,3644,6804,-1164,66,-122,-13436,-6608,6312,-606,175,-244,0
2724.5973510742188,7696,8020,10888,117,18,51,6932,-8172,11132,6,214,-134,-13424,3400,6776,-1050,252,-112,-13392,-6616,6348,-523,111,-250,0
2724.6321749687195,8004,8132,11124,-83,17,34,7124,-8256,11332,21,207,-159,-13360,3832,6748,-1085,25,-76,-13464,-6592,6248,-548,125,-207,0
2724.6681599617004,7944,8144,10908,-55,45,79,7132,-8272,11092,-24,160,-98,-13336,3500,6660,-1120,112,-43,-13320,-6600,6276,-490,67,-155,0
2724.7036099433894,7728,8088,10924,-73,50,93,7044,-8264,11044,-26,141,-64,-13388,3512,6804,-1037,29,47,-13364,-6576,6328,-504,14,-175,0
2724.738829135895,7784,8008,10960,-61,74,73,7084,-8280,11108,-19,237,-46,-13364,3544,6796,-1032,-27,50,-13420,-6612,6308,-501,11,-229,0
2724.7755579948425,7784,8144,11056,-95,83,56,7104,-8224,11160,-84,320,-77,-13332,3536,6636,-973,-244,-16,-13332,-6540,6224,-425,11,-216,0
2724.809275150299,7784,8076,10984,-140,68,35,7056,-8240,11064,-96,268,-100,-13316,3496,6804,-1019,21,39,-13492,-6496,6144,-446,40,-186,0
2724.8429000377655,7840,8068,10968,-141,31,48,7040,-8292,11460,-94,266,-110,-13296,3536,6792,-966,26,-248,-13496,-6656,6164,-411,88,-189,0
2724.876645088196,7696,8068,10888,-85,34,33,7036,-8240,11116,-106,327,-88,-13416,3476,6580,-970,-16,-56,-13400,-6560,6328,-403,65,-198,0
2724.909960985184,7848,8088,11160,-120,39,35,7024,-8404,11140,-58,269,-95,-13540,3680,6836,-1045,50,3,-13288,-6480,6296,-434,28,-170,0
2724.943202018738,7864,8004,11016,-45,64,46,7112,-8228,11140,-128,120,-77,-13328,3628,6680,-1009,97,54,-13328,-6456,6180,-460,46,-174,0
2724.9768130779266,7860,8124,11104,-69,35,90,7004,-8308,11292,-173,110,-84,-13088,3708,6596,-972,103,248,-13424,-6508,6408,-412,54,-134,0
2725.012409925461,7856,8164,10988,-124,68,106,7116,-8368,11080,-146,151,-101,-13540,3512,6652,-978,134,252,-13420,-6504,6320,-418,63,-172,0
2725.045899152756,7736,7976,11208,-126,53,48,7060,-8376,11148,-123,3,-64,-13376,3720,7032,-988,-21,254,-13308,-6460,6392,-453,48,-204,0
2725.084312915802,7752,8020,11072,-61,83,55,7016,-8436,11216,-56,232,-76,-13364,3684,6836,-1032,8,-243,-13356,-6492,6564,-512,55,-170,0
2725.1181409358974,7484,8088,11000,-16,59,72,7024,-8496,11092,-64,192,-90,-13376,3604,6748,-1066,-252,-37,-13504,-6640,6428,-500,92,-234,0
2725.151603937149,7676,7988,10940,-18,52,49,6992,-8224,11080,-41,232,-95,-13432,3636,6716,-1042,32,-91,-13516,-6456,6652,-520,110,-236,0
2725.1853029727936,7704,8120,11056,-25,33,61,6968,-8396,11072,-53,217,-97,-13452,3648,6440,-1042,36,-39,-13488,-6604,6468,-504,69,-2,0
2725.2186701297765,7720,8072,11184,-14,21,18,6956,-8508,11284,-17,244,-99,-13364,3740,6644,-1116,20,-19,-13536,-6404,6444,-552,128,-280,0
2725.252249956131,7660,8132,10892,-43,70,-10,6860,-8504,11304,32,225,-131,-13296,3556,6724,-1083,-15,-77,-13324,-6688,6352,-508,127,-275,0
2725.2857580184937,7704,8280,10976,-9,52,-16,7144,-8256,11136,-19,273,-107,-13396,3572,6816,-1024,-16,-63,-13228,-6564,6412,-493,63,-277,0
2725.319097995758,7656,8180,10856,-89,20,-256,6952,-8328,11268,17,269,-125,-13464,3380,6800,-949,-33,221,-13396,-6528,6344,-459,84,-251,0
2725.3523490428925,7660,8200,10892,-111,18,-8,7016,-8320,11252,-65,257,-161,-13252,3620,6676,-1011,-254,-20,-13264,-6548,6272,-260,98,-219,0
2725.3859601020813,7612,8236,11032,-92,22,50,6788,-8396,11388,-42,246,-108,-13296,3796,6732,-1057,16,31,-13296,-6644,6444,-544,81,-225,0
2725.4195640087128,7676,8264,11064,-84,28,50,6904,-8476,11100,-56,223,-97,-13348,3408,6912,-1005,-19,-47,-13296,-6656,6456,-546,34,-253,0
2725.4530739784245,7756,8260,11036,-75,53,41,6836,-8332,11108,-63,210,-87,-13060,3588,6836,-1011,-32,6,-13304,-6636,6328,-257,29,-195,0
2725.4866509437566,7552,8256,10876,-89,83,26,6844,-8412,11120,-56,209,-108,-13296,3336,6748,-1047,50,227,-13156,-6664,6276,-505,50,-230,0
2725.5200769901276,7648,8176,10960,-91,35,41,6848,-8344,11252,-36,187,-107,-13260,3576,6944,-980,-22,-24,-13212,-6604,6568,-481,71,-196,0
2725.553628921509,7628,8200,10940,-92,32,25,7104,-8336,11132,-29,204,-156,-13404,3640,6616,-769,19,-61,-13224,-6740,6496,-484,97,-207,0
2725.5873329639435,7428,8276,11196,-74,4,39,6780,-8372,11268,-26,179,-142,-13252,3612,6748,-1042,43,-54,-13220,-6656,6528,-502,92,-221,0
2725.6205880641937,7664,8272,10876,-146,2,20,6892,-8372,11212,-19,209,-161,-13408,3604,6884,-943,-12,-59,-13324,-6644,6532,-438,94,-211,0
2725.6538670063014,7584,8160,10976,-106,-3,1,7036,-8444,11080,19,235,-183,-13276,3616,6864,-1082,4,-37,-13196,-6620,6264,-453,146,-253,0
2725.6873691082005,7464,8284,10856,-92,-35,-21,6940,-8444,11080,-5,264,-195,-13224,3652,6892,-1032,-32,-149,-13140,-6408,6488,-472,191,-257,0
2725.7208011150365,7664,7940,10804,-78,-77,-27,6868,-8368,11124,-49,251,-205,-13112,3592,6832,-971,-32,-121,-13228,-6704,6444,-497,177,-258,0
2725.754455089569,7620,8224,10828,-114,-56,0,6856,-8324,11136,-51,248,-200,-13204,3772,6700,-962,-48,-71,-13228,-6704,6592,-442,110,-24,0
2725.7906899452214,7552,8376,10992,-156,-14,10,6832,-8472,11480,-83,261,-121,-13336,3564,6856,-921,-55,-47,-13284,-6732,6524,-423,28,-213,0
2725.8256781101227,7636,8420,11140,-209,9,61,6688,-8332,11484,-128,282,-73,-13208,3660,6968,-957,-71,14,-13244,-6720,6368,-444,34,-162,0
2725.861722946167,7672,8360,10900,-171,61,125,6724,-8328,11264,-151,192,-56,-13260,3564,6976,-940,90,25,-13352,-6636,6292,-412,-20,-85,0
2725.897171020508,7620,8212,11256,-158,80,152,6788,-8356,11240,-133,105,-41,-13224,3612,6664,-963,95,69,-13056,-6548,6348,-470,53,-76,0
2725.9323670864105,7412,8208,10980,-254,25,202,6856,-8396,11324,-63,104,-81,-13172,3624,6844,-1276,89,-21,-12816,-6696,6292,-462,99,-80,0
2725.967391014099,7452,8380,10924,-180,-16,118,6772,-8276,11132,-68,136,-157,-13568,3496,7024,-949,71,-35,-13228,-6800,6420,-430,112,-82,0
2726.0025930404663,7508,8296,10892,-4,-63,58,6740,-8372,11124,-72,233,-214,-13492,3584,6944,-934,34,-80,-13132,-6724,6416,-387,168,-144,0
2726.03750705719,7732,8240,10868,-274,-67,-10,6684,-8320,11236,-91,300,-199,-13396,3692,6940,-922,-26,-39,-13324,-6416,6464,-364,105,-250,0
2726.0733621120453,7608,8436,10884,-292,242,-74,6768,-8404,11344,-53,358,-194,-13172,3648,6724,-922,-83,-73,-13172,-6716,6580,-327,120,-497,0
2726.1091799736023,7344,8156,11120,-257,-27,-125,6488,-8468,11344,-21,363,-301,-13028,3772,7016,-894,-57,-171,-13308,-6764,6496,-280,259,-204,0
2726.1440091133118,7252,7972,11252,-267,-192,-109,6628,-8540,11372,-30,312,-414,-13172,3812,6960,-872,30,-288,-13200,-6628,6492,-348,418,-108,0
2726.179659128189,7228,8372,11256,-187,-369,-16,6824,-8376,11220,-134,287,-451,-13300,3760,6708,-851,104,-235,-13552,-6568,6392,-386,389,-83,0
2726.2146661281586,7692,8240,11004,-301,-355,116,6828,-8384,11144,-157,215,-326,-13236,3700,6832,-894,167,-166,-13508,-6540,6476,-356,227,4,0
2726.250335931778,7644,8284,10788,-402,-129,206,6824,-8384,11252,-109,136,-155,-13216,3740,6844,-943,228,-4,-13324,-6620,6416,-341,60,49,0
2726.2855751514435,7652,8264,10944,-459,-15,242,6824,-8432,11304,-18,134,-37,-13472,3696,7008,-982,194,53,-13316,-6620,6364,-469,33,-4,0
2726.3213851451874,7868,8368,10912,-369,39,236,6968,-8372,11272,9,105,-74,-13356,3652,6968,-1106,100,47,-13516,-6700,6316,-546,53,-137,0
2726.357331991196,7580,8108,10984,-307,-253,110,6776,-8460,11268,115,160,-151,-13196,3652,6872,-1099,-7,-19,-13060,-6752,6568,-531,108,-182,0
2726.392240047455,7380,8084,10956,-512,-57,46,6612,-8440,11148,154,168,-202,-13100,3704,7040,-1076,22,-163,-12992,-6748,6672,-473,206,-178,0
2726.4286630153656,7632,8192,11468,-263,-153,14,6608,-8516,11160,81,176,-288,-13064,3808,6856,-1029,20,-224,-13152,-6720,6564,-458,274,-137,0
2726.4644651412964,7412,8128,11000,-296,-235,51,6656,-8576,11336,31,181,-293,-13108,3796,6804,-952,66,-183,-13192,-6632,6476,-447,314,-93,0
2726.498222112656,7420,8240,11044,-333,-242,83,6640,-8308,11152,-28,159,-304,-13196,3688,6816,-927,151,-152,-13220,-6588,6536,-401,285,-17,0
2726.531620979309,7552,8172,11164,-390,-291,158,6612,-8212,11680,-61,17,-323,-13148,3836,6664,-972,241,-131,-13284,-6704,6644,-384,280,47,0
2726.565304994583,7648,8212,10928,-423,-265,191,6816,-8268,11012,-132,0,-364,-13256,3364,7024,-903,171,-120,-13328,-6652,6468,-379,224,27,0
2726.5987799167633,7428,8372,10840,-416,-234,160,6856,-8424,11356,-90,81,-266,-13376,3712,6896,-933,158,-121,-13344,-6644,6572,-422,205,-41,0
2726.631828069687,7680,8204,10880,-341,-178,172,6800,-8324,11476,-9,91,-250,-13464,3688,7020,-782,86,-140,-13148,-6636,6336,-257,234,-79,0
2726.665642976761,7684,8052,10976,-342,-175,161,6764,-8372,11232,118,86,-216,-13148,3604,6668,-1121,120,-105,-13380,-6520,6328,-539,225,-102,0
2726.6992359161377,7744,8280,10776,-205,-141,152,6912,-8220,11180,67,128,-187,-13548,3612,7116,-1054,32,-53,-13428,-6788,6548,-511,128,-117,0
2726.7326509952545,7700,8412,11200,-273,-45,111,6872,-8324,11208,6,152,-143,-13380,3612,6972,-1016,12,-14,-13344,-6624,6568,-467,79,-139,0
2726.766202926636,7700,7936,11184,-303,-3,83,6936,-8416,11260,-17,152,-131,-13160,3652,6864,-1007,60,25,-13264,-6512,6484,-426,66,-95,0
2726.7997081279755,7608,8036,11104,-270,252,165,6820,-8260,11200,-91,116,-93,-13284,3716,6732,-971,94,66,-13144,-6576,6456,-430,75,-96,0
2726.8331871032715,7500,8028,11044,-247,-36,131,6868,-8480,11092,-144,94,-107,-13196,3688,6800,-928,115,-233,-13304,-6604,6640,-431,35,-62,0
2726.8669080734253,7432,7976,11004,-179,-252,112,6728,-8704,11164,-162,86,-149,-13268,3668,6908,-943,99,-30,-13232,-6608,6484,-432,70,-73,0
2726.900272130966,7524,8004,11036,-162,-60,134,6712,-8548,11216,-115,77,-205,-13184,3804,6744,-986,152,-40,-13208,-6584,6508,-442,152,-59,0
2726.9337010383606,7604,8168,11228,-121,-110,123,6732,-8684,11148,-71,64,-217,-13204,3688,6776,-1019,148,-98,-13188,-6480,6552,-463,226,-72,0
2726.9673750400543,7588,8032,11064,-56,-128,150,6688,-8592,11188,15,81,-226,-13224,3756,6948,-1054,143,-116,-13256,-6512,6692,-512,11,-85,0
2727.0010380744934,7640,8052,11084,-134,-193,152,6820,-8468,11084,-14,93,-246,-13260,3688,7100,-1011,102,-130,-13312,-6544,6552,-509,220,-122,0
2727.034373998642,7620,8084,11092,-162,-112,116,6756,-8316,11212,-11,96,-217,-13080,3596,6920,-1012,95,-107,-13272,-6692,6292,-497,180,-101,0
2727.0679290294647,7648,8156,11136,-222,-93,95,6860,-8332,11172,-26,168,-165,-13176,3632,6956,-1273,108,-99,-13296,-6648,6432,-465,151,-104,0
2727.1015260219574,7632,8272,11096,-219,-103,141,6828,-8344,11292,-53,153,-171,-13304,3544,6952,-992,113,-34,-13384,-6696,6440,-458,104,-85,0
2727.134659051895,7628,8220,11100,-202,-54,107,6944,-8360,11168,-82,103,-169,-13476,3592,6992,-975,108,-29,-13304,-6720,6580,-467,99,-100,0
2727.1682670116425,7736,8040,11000,-212,-33,97,6792,-8432,11228,-73,153,-158,-13256,3784,6908,-993,42,-66,-13308,-6512,6444,-489,141,-123,0
2727.2019000053406,7608,8080,11020,-208,-81,121,6788,-8324,11264,30,127,-181,-13188,3804,6972,-1047,90,-125,-13152,-6600,6476,-491,188,-94,0
2727.2351360321045,7616,8112,11108,-168,-36,150,6900,-8284,11120,67,130,-187,-13256,3708,6880,-1068,119,-101,-13296,-6568,6476,-494,180,-68,0
2727.268769979477,7656,8156,11048,-183,-98,131,6888,-8392,11212,17,110,-154,-13348,3680,7056,-1034,103,-34,-13348,-6520,6568,-518,154,-85,0
2727.302092075348,7720,8096,10936,-201,-80,152,6820,-8672,11048,5,103,-132,-13228,3820,7144,-1049,110,-76,-13316,-6600,6468,-525,109,-98,0
2727.3354160785675,7636,8160,11024,-140,-46,194,6832,-8344,11100,-3,66,-129,-13256,3736,7000,-1079,162,-65,-13296,-6516,6576,-505,102,-55,0
2727.368777990341,7592,8440,11156,-131,-31,159,6808,-8444,11060,-50,87,-148,-13244,3684,7112,-1045,134,-40,-13136,-6584,6492,-497,90,-104,0
2727.4023649692535,7636,8016,11124,-191,-35,102,6904,-8520,11028,-93,99,-169,-13532,3744,7028,-979,83,-29,-13396,-6872,6540,-493,62,-146,0
2727.435821056366,7884,8020,11108,-172,-33,90,6780,-8464,11276,-80,123,-190,-13068,3728,6884,-986,56,-28,-13368,-6504,6476,-490,79,-160,0
2727.4717030525208,7684,7956,11172,-170,-35,96,6852,-8376,11148,-72,129,-147,-13180,3664,6824,-1003,90,-19,-13396,-6492,6432,-518,130,-107,0
2727.507749080658,7592,8036,11088,-177,-67,139,6708,-8668,11084,-58,80,-181,-13272,3660,6920,-1044,110,-97,-13188,-6588,6492,-463,162,-101,0
2727.542645931244,7668,8076,11100,-133,-107,106,6828,-8372,11388,-54,97,-205,-13256,3652,6872,-1055,130,-45,-13184,-6620,6412,-465,165,-94,0
2727.578216075897,7600,8100,11040,-136,-100,136,6860,-8404,11396,-46,91,-195,-13208,3420,6904,-996,137,-67,-13080,-6608,6652,-474,118,-115,0
2727.61393904686,7620,8032,11052,-99,-53,94,6920,-8332,11120,-70,128,-215,-13212,3572,6924,-1017,87,-53,-13264,-6468,6452,-466,148,-126,0
2727.6492590904236,7592,8360,11088,-218,-43,81,6808,-8448,11252,-56,120,-204,-13240,3668,6984,-988,86,-119,-13336,-6620,6492,-429,144,-126,0
2727.684445142746,7692,8112,11004,-198,-38,71,6816,-8404,11404,-41,152,-189,-13152,3676,6876,-1015,105,-60,-13304,-6568,6404,-407,126,-105,0
2727.7202389240265,7428,8028,11064,-6,-65,134,6772,-8456,11088,-47,124,-185,-13084,3724,7128,-968,135,-65,-13240,-6500,6604,-448,155,-59,0
2727.7554471492767,7548,8040,11036,-2,-118,163,6740,-8344,11168,-42,115,-176,-13180,3728,6952,-1002,173,-44,-13184,-6620,6544,-453,205,-27,0
2727.7910029888153,7552,8164,11108,-251,-159,180,6840,-8400,11224,-31,89,-195,-13244,3740,7100,-991,171,-133,-13216,-6512,6556,-446,210,-28,0
2727.82721209526,7516,8064,11232,-271,-178,206,6780,-8520,11304,-11,116,-226,-13188,3764,6768,-1032,219,-172,-13208,-6548,6444,-444,2,-11,0
2727.861792087555,7616,8060,11116,-287,-225,207,6816,-8436,11252,42,122,-267,-13276,3696,6976,-1015,222,-208,-13280,-6600,6524,-454,273,-248,0
2727.89763212204,7620,8032,11060,-292,-240,206,6812,-8440,11040,246,111,-285,-13208,3660,7088,-985,221,-162,-13312,-6444,6148,-430,2,16,0
2727.9333820343018,7460,8064,11176,-325,-243,222,6900,-8332,11236,8,101,-261,-13288,3724,6932,-990,183,-168,-13292,-6508,6528,-429,238,-1,0
2727.9699161052704,7724,7964,11076,-373,-2,212,6736,-8432,11196,-42,127,-264,-13216,3676,6876,-981,211,-122,-13344,-6496,6548,-422,244,-22,0
2728.004930973053,7744,7968,11048,-361,-238,212,6968,-8320,11192,10,103,-267,-13216,3656,6636,-1081,349,-184,-13260,-6408,6476,-436,1,-27,0
2728.0412969589233,7756,7992,11032,-347,-250,223,6912,-8376,11264,41,88,-501,-13400,3636,7096,-992,189,-124,-13344,-6496,6364,-446,233,244,0
2728.0775821208954,7712,8072,11048,-359,-254,221,6928,-8352,11208,79,106,-246,-13288,3328,6716,-1026,208,-132,-13348,-6476,6564,-469,230,2,0
2728.1139330863953,7844,7916,11184,-361,-18,263,6664,-8276,11256,64,76,-226,-13544,3648,6756,-1271,198,-141,-13356,-6504,6328,-442,220,-9,0
2728.1471741199493,7784,8172,11240,-337,-254,237,7000,-8324,11148,71,137,-220,-13284,3548,6920,-1017,171,-123,-13340,-6464,6264,-449,228,-28,0
2728.1808049678802,7756,7932,11220,-303,-234,231,6876,-8308,11284,67,90,-201,-13356,3600,6864,-1013,191,-118,-13328,-6488,6492,-458,205,-38,0
2728.2143499851227,7780,7976,11004,-326,-7,209,6924,-8364,11312,69,113,-210,-13316,3628,6964,-1003,171,-130,-13356,-6488,6640,-438,187,-46,0
2728.2479310035706,7720,7936,11124,-306,-223,224,6992,-8312,11148,35,110,-199,-13420,3620,6980,-997,157,-129,-13556,-6640,6172,-463,182,-52,0
2728.281579017639,7912,7796,11144,-244,-143,144,7012,-8328,11176,37,125,-174,-13392,3712,6656,-1041,95,-71,-13372,-6504,6184,-506,165,-139,0
2728.314898967743,7804,7912,11096,-237,-176,133,6736,-8272,11196,47,118,-196,-13520,3608,6744,-1059,104,-76,-13100,-6504,6400,-467,178,-93,0
2728.348459005356,7840,7884,11164,-153,-104,87,6708,-8252,11156,-33,107,-199,-13276,3676,6876,-998,90,-80,-13336,-6384,6376,-470,139,-144,0
2728.3819210529327,7872,7856,10964,-189,-86,66,6964,-8284,11072,-65,71,-219,-13280,3732,6748,-983,48,-75,-13296,-6280,6412,-479,167,-120,0
2728.41550207138,8184,7872,11064,-146,-51,65,7028,-8220,11216,-42,118,-158,-13340,3592,6832,-999,87,-75,-13476,-6428,6436,-455,88,-152,0
2728.4493300914764,7940,8168,11288,-192,6,91,6968,-8304,11216,-85,116,-120,-13472,3612,6836,-996,52,225,-13144,-6536,6644,-438,53,-150,0
2728.482933998108,7696,7968,11160,-216,46,80,6948,-8252,11224,-35,240,-77,-13408,3592,6944,-975,9,-3,-13228,-6520,6508,-455,44,-155,0
2728.5165989398956,7716,7868,11260,-139,54,35,6896,-8348,11244,-98,210,-130,-13428,3720,6828,-1036,49,-26,-13240,-6444,6392,-445,109,-160,0
2728.5501239299774,7664,7936,10928,-187,-42,62,6904,-8272,11296,-27,177,-148,-13204,3692,6948,-1063,52,-84,-13220,-6464,6496,-480,141,-124,0
2728.5835270881653,7760,7852,11244,-171,-61,80,6784,-8320,11212,-18,157,-183,-13288,3364,6840,-1027,74,-93,-13388,-6568,6272,-453,148,-134,0
2728.617495059967,7872,7948,11216,-203,-54,86,6800,-8596,11312,-31,179,-183,-13092,3388,6808,-1011,121,-58,-13388,-6468,6348,-467,114,-146,0
2728.6508700847626,7772,7880,11212,-190,-37,57,6832,-8324,11296,-66,163,-141,-13296,3696,6672,-778,64,230,-13076,-6448,6508,-481,107,-153,0
2728.6844189167023,7856,7832,11172,-170,31,114,6932,-8356,11232,-74,110,-141,-13376,3552,6772,-779,83,-244,-13364,-6480,6436,-453,44,-117,0
2728.7177410125732,7772,7912,11100,-155,26,96,6984,-8292,11240,-74,117,-125,-13104,3628,6812,-1003,81,-235,-13136,-6256,6580,-476,30,-134,0
2728.7512109279633,7832,7928,11228,-153,52,72,6944,-8328,11212,-93,167,-98,-13084,3684,6856,-1275,29,242,-13568,-6196,6596,-484,81,-136,0
2728.78489613533,7752,7932,11040,-154,16,62,7096,-8648,11452,-72,168,-137,-13224,3600,6840,-998,49,-39,-13268,-6464,6412,-471,97,-141,0
2728.8183670043945,7756,8140,11036,-160,-12,77,6956,-8424,11228,-104,192,-154,-13568,3652,6784,-1026,69,12,-13376,-6364,6432,-461,84,-125,0
2728.852122068405,7760,7908,11064,-125,30,91,6944,-8372,11276,-66,171,-128,-13252,3704,6880,-1266,54,-254,-13320,-6508,6360,-486,90,-139,0
2728.8854370117188,7748,7864,11088,-146,31,90,6856,-8300,11168,-19,168,-151,-13268,3716,6912,-1031,63,-87,-13288,-6508,6420,-470,88,-165,0
2728.9187150001526,7732,7952,11040,-132,-251,84,6792,-8384,11280,-64,189,-140,-13300,3716,7148,-774,123,-34,-13360,-6480,6532,-467,87,-168,0
2728.952280044556,7816,7968,11236,-100,53,57,7008,-8340,11272,-66,202,-154,-13408,3408,6772,-1016,81,5,-13340,-6552,6512,-445,69,-173,0
2728.9859199523926,7744,7940,11180,-137,254,24,7036,-8368,11008,-48,223,-141,-13336,3692,7016,-1001,-61,-2,-13096,-6160,6484,-473,81,-206,0
2729.0193641185765,7664,7888,11160,-184,29,32,6860,-8360,11156,49,244,-125,-13284,3584,6848,-1007,-13,-68,-13100,-6484,6500,-470,107,-170,0
2729.0529379844666,7700,8092,11160,-76,-17,24,6796,-8364,11300,-21,223,-181,-13316,3548,7036,-987,25,-107,-13244,-6520,6600,-398,130,-141,0
2729.0866770744324,7704,8168,11184,-169,-60,7,6812,-8344,11464,-76,213,-191,-13236,3808,6876,-981,55,-78,-13224,-6396,6544,-410,111,-166,0
2729.1200840473175,7788,7948,11188,-171,-21,33,6892,-8392,11224,-80,173,-178,-13304,3768,6832,-989,112,-256,-13212,-6412,6496,-363,55,-119,0
2729.1559150218964,7716,8076,11248,-180,3,106,6876,-8412,11192,-111,117,-118,-13156,3700,7008,-979,148,250,-13284,-6472,6616,-357,58,-15,0
2729.191281080246,7664,8084,11164,-179,17,165,6752,-8364,11236,-130,85,-108,-13216,3724,6796,-899,223,-239,-13360,-6504,6596,-371,39,48,0
2729.2272040843964,7688,8108,11152,-235,23,255,6968,-8280,11064,-192,-23,-115,-13124,3628,7052,-832,504,13,-13300,-6556,6412,-376,64,59,0
2729.2624831199646,7708,7748,11136,-228,-21,320,6984,-8444,11040,-150,-10,-37,-13544,3632,7064,-931,191,8,-13248,-6240,6472,-369,92,-11,0
2729.2985119819646,7632,7828,11116,-214,-109,387,7124,-8400,11200,5,79,-2,-13508,3648,6908,-982,155,-88,-13308,-6496,6584,-366,158,-89,0
2729.333368062973,7684,7788,11244,-204,-57,324,6928,-8644,11192,-6,110,-44,-13372,3836,6808,-1067,95,-68,-13096,-6344,6600,-408,103,-120,0
2729.3695390224457,7836,7884,11112,-218,-250,276,6808,-8412,11180,20,141,-3,-13324,4092,6716,-1140,45,4,-13416,-6272,6548,-562,255,-109,0
2729.4044411182404,7756,7816,11180,-245,111,232,6876,-8504,11164,154,152,41,-13548,3872,6828,-1300,50,26,-13320,-6296,6532,-702,59,-168,0
2729.440083026886,7492,7740,11212,-94,66,202,6808,-8504,11232,217,131,-41,-13304,3688,6736,-1338,-14,-110,-13252,-6436,6608,-709,154,-5,0
2729.4754281044,7580,7828,11316,43,1,90,6680,-8684,11128,180,122,-150,-13084,3704,7048,-1273,-14,-191,-13236,-6436,6900,-642,236,-281,0
2729.5116600990295,7568,7920,11376,-60,-95,9,6688,-8456,11196,218,219,-274,-13148,3580,7120,-1161,-54,-209,-13260,-6548,6600,-533,313,-252,0
2729.5475211143494,7636,8144,11428,-175,-233,9,6880,-8384,11188,56,196,-348,-13236,3676,6976,-1058,34,-507,-13104,-6196,6844,-462,348,-179,0
2729.5830619335175,7756,7904,11108,-211,-330,97,6844,-8648,11512,36,201,-323,-13248,3656,6748,-963,92,-214,-13340,-6496,6568,-430,302,-128,0
2729.618269920349,7880,7844,11068,-271,-315,78,6836,-8380,11184,-39,162,-346,-13176,3612,7036,-911,94,-219,-13288,-6428,6512,-375,275,-180,0
2729.653403043747,7796,7792,11048,-267,-275,20,6956,-8288,11260,-66,201,-365,-13532,3700,7088,-969,54,-261,-13364,-6508,6632,-431,305,-194,0
2729.688183069229,7752,7948,11144,-214,-304,36,6880,-8368,11020,-27,219,-338,-13268,3624,6764,-1012,12,-21,-13232,-6528,6556,-454,336,-202,0
2729.7239301204686,7780,8140,11204,-313,-308,53,6832,-8492,11428,94,506,-332,-13232,3584,6876,-1051,43,-286,-13504,-6668,6372,-470,391,-219,0
2729.7593100070953,7640,8032,11088,-194,-395,69,6812,-8168,11696,91,191,-395,-13196,3344,6940,-777,143,-333,-13564,-6788,6380,-389,475,-128,0
2729.7945261001587,7560,8252,11248,-277,-768,91,6748,-8072,11308,-46,89,-440,-13192,3364,6944,-893,294,-292,-13304,-6696,6412,-333,471,-256,0
2729.8299629688263,7516,8100,10756,-398,-538,203,6720,-8020,11392,-217,68,-382,-13224,3588,7004,-835,356,-169,-13332,-6532,6352,-343,337,105,0
2729.8633580207825,8048,7920,11104,-412,-378,292,6824,-8428,11388,-242,24,-263,-13268,3816,6704,-859,319,-63,-13436,-6468,6308,-387,175,89,0
2729.896717071533,8020,7912,10968,-435,-241,314,6944,-8184,11248,-255,25,-119,-13452,3616,6972,-921,261,76,-13408,-6452,6152,-425,65,54,0
2729.9303770065308,7948,7804,11072,-400,-104,308,7020,-8400,11188,-252,50,-89,-13436,3636,6948,-940,181,134,-13424,-6432,6572,-471,34,-5,0
2729.963590145111,8164,7748,11204,-312,-100,509,6964,-8428,11256,-239,33,-115,-13444,3692,6960,-955,141,43,-13468,-6236,6456,-768,59,-50,0
2729.997416973114,8028,7880,11072,-249,-168,243,6980,-8404,11200,-206,38,-112,-13444,3784,6464,-1053,87,32,-13480,-6212,6244,-573,46,-56,0
2730.0306811332703,8044,7632,11072,-193,-150,256,6988,-8392,11160,-134,21,-48,-13304,3836,6776,-1097,77,240,-13240,-6340,6156,-554,60,-106,0
2730.0641369819646,7884,7624,11148,-152,-115,171,7088,-8480,11256,26,68,-148,-13376,3708,6732,-1074,26,-136,-13508,-6420,6432,-541,170,-249,0
2730.1036460399628,7856,7684,11032,-11,-141,31,6920,-8532,11064,-250,139,-276,-13296,3732,6872,-1124,-49,-152,-13332,-6312,6900,-552,257,-269,0
2730.137079000473,7908,7792,11172,-61,-213,-48,6676,-8284,11488,-11,271,-291,-13156,3724,6848,-1044,-134,-127,-13072,-6380,6632,-475,172,-309,0
2730.170613050461,7736,7760,11092,-125,-146,-98,6876,-8444,11076,-115,231,-280,-13252,3756,6904,-978,-102,-123,-13060,-6444,6596,-450,189,-274,0
2730.204190969467,7680,7744,11232,-221,-112,-62,6768,-8396,11224,-33,203,-252,-13172,3740,7036,-1010,-94,-146,-13300,-6492,6420,-427,152,-261,0
2730.237678050995,7828,7944,10992,-150,-29,-8,6820,-8380,11512,-31,218,-159,-13212,3688,7060,-989,-56,-86,-13388,-6464,6408,-473,30,-213,0
2730.2712371349335,7712,8028,11008,-177,35,86,6824,-8232,11416,-18,155,-57,-13212,3588,7124,-776,12,-56,-13136,-6576,6340,-522,64,-153,0
2730.3047420978546,7744,7968,10980,-103,-44,126,6756,-8356,11300,105,128,-146,-13196,3336,7012,-1084,73,-132,-13148,-6696,6268,-528,204,-149,0
2730.3383181095123,7812,8012,11076,-83,-115,129,6712,-8116,11344,80,92,-245,-13108,3412,7108,-1104,139,-216,-13512,-6420,6560,-569,300,-104,0
2730.3717870712285,7784,8000,10848,-41,-214,171,6824,-8176,11040,11,38,-237,-13276,3448,6764,-1081,188,-163,-13320,-6572,6144,-548,274,-91,0
2730.4053630828857,7928,7956,11256,-129,-212,164,6952,-8228,11212,26,46,-241,-13216,3548,6916,-1062,163,-139,-13336,-6480,6424,-534,272,-100,0
2730.43871808052,8036,7872,10928,-99,-121,145,6936,-8344,11372,255,75,-226,-13476,3544,6936,-1062,95,-120,-13504,-6568,6352,-260,161,-150,0
2730.4722430706024,8092,7872,11236,-64,-52,41,7076,-8344,11188,-50,190,-264,-13536,3400,6976,-985,-23,-126,-13532,-6584,6388,-471,167,-244,0
2730.5059330463414,8052,7792,11172,-128,-34,-76,7072,-8416,11288,-28,244,-272,-13404,3548,6788,-942,-87,-117,-13388,-6348,6360,-405,156,-285,0
2730.539365053177,8088,7692,11112,-106,-65,-136,7328,-8416,11112,-33,318,-287,-13376,3596,6784,-964,-137,-136,-13400,-6352,6524,-416,172,-341,0
2730.5729219913483,7960,7728,11068,-227,-71,-104,6804,-8200,11124,-13,311,-2,-13132,3724,6880,-993,-127,-90,-13332,-6396,6516,-394,171,-290,0
2730.6062150001526,7468,7920,11104,-211,-110,-9,6624,-8468,11188,20,194,-258,-13052,3684,7004,-976,27,-89,-13092,-6460,6596,-400,219,-150,0
2730.639552116394,7636,7936,11156,-173,-181,118,6756,-8428,11032,-71,45,-267,-13048,3700,7008,-1004,175,-176,-12868,-6476,6528,-461,288,-29,0
2730.672898054123,7780,7884,11020,-170,-261,203,6736,-8300,11112,-90,9,-248,-13104,3596,7100,-1028,205,-150,-13256,-6412,6396,-569,189,-36,0
2730.7066690921783,8100,7860,10784,-103,-145,223,6788,-8236,11236,-77,21,-116,-13208,3584,6960,-1125,139,22,-13312,-6604,6500,-626,70,-87,0
2730.7400090694427,8020,7864,11060,-89,-25,152,6852,-8348,11292,-39,82,-64,-13296,3548,6812,-1069,75,42,-13388,-6692,6480,-590,59,-118,0
2730.7736070156097,7736,8116,11040,-150,59,155,6788,-8180,11508,-60,126,248,-13292,3532,6848,-1068,113,86,-13524,-6588,6180,-514,-44,-56,0
2730.8072030544286,8104,8120,11036,-240,60,169,6748,-8164,11012,-187,108,-25,-13364,3532,7016,-950,118,52,-13212,-6596,6328,-484,28,-85,0
2730.8438749313354,7896,7968,10880,-187,-5,144,6688,-8256,11188,-7,85,-144,-13264,3444,6996,-1026,126,-88,-13164,-6592,6268,-490,163,-129,0
2730.8792309761047,8012,7944,11000,-36,-93,99,6960,-8432,11216,-59,101,-215,-13556,3444,6928,-989,122,-144,-13160,-6580,6564,-471,156,-138,0
2730.914608001709,8004,7880,11068,-155,-142,59,7032,-8324,11184,-138,193,-235,-13276,3508,6816,-873,65,-24,-13160,-6580,6516,-358,158,-128,0
2730.949656009674,7828,7800,11004,-305,-116,46,6868,-8412,11104,-150,219,-228,-13164,3652,6712,-865,62,-69,-13356,-6504,6452,-321,84,-86,0
2730.984811067581,7948,7916,10920,-200,-19,70,6736,-8444,11128,-224,166,-140,-13328,3632,7012,-840,67,10,-13408,-6476,6516,-358,23,-141,0
2731.020364999771,7916,7752,11120,-239,59,99,6932,-8336,11248,-173,123,-121,-13324,3692,6916,-910,54,243,-13520,-6652,6608,-452,-29,-147,0
2731.0558490753174,7920,7780,10960,-60,53,75,6812,-8504,11016,-50,115,-135,-13236,3724,6780,-1040,-249,-39,-13188,-6340,6460,-560,146,-206,0
2731.0912420749664,7728,7740,10944,6,-47,21,6908,-8496,11120,130,157,-236,-13540,3816,6920,-1193,-21,-231,-13136,-6176,6504,-622,264,-287,0
2731.127387046814,7832,7760,11112,91,-139,-39,6920,-8448,11124,132,229,-326,-13252,3436,6988,-1094,-91,-177,-13272,-6496,6516,-555,323,-506,0
2731.162209033966,7784,7956,11008,-30,-217,-5,6768,-8336,11140,127,211,-310,-13172,3624,6816,-1069,11,-233,-13540,-6540,6508,-440,344,-168,0
2731.1984851360326,7816,7972,11188,-197,-279,76,6724,-8356,11192,93,247,-292,-13108,3644,7108,-1037,135,-179,-13236,-6556,6460,-410,312,-40,0
2731.233613014221,7716,8020,11008,-324,-265,176,6748,-8404,11304,66,137,-249,-13112,3788,7060,-1021,7,-187,-13280,-6548,6524,-470,313,23,0
2731.2691349983215,7696,7924,11060,-300,-325,245,6916,-8396,11304,47,12,-272,-13112,3416,6932,-1072,282,-225,-13316,-6588,6448,-537,334,-40,0
2731.30411195755,7884,7884,11020,-237,-314,165,7044,-8448,11256,39,65,-302,-13340,3472,7044,-1054,98,-181,-13332,-6644,6360,-583,505,-187,0
2731.3394689559937,7872,7916,11252,-193,-182,50,6680,-8240,11268,71,160,-231,-13320,3492,7028,-1063,10,-81,-13412,-6628,6568,-766,185,-176,0
2731.3744859695435,8060,8116,10996,-213,-82,53,7100,-7968,11336,-25,194,-165,-13260,3296,6852,-923,116,-83,-13548,-6616,6220,-369,79,-63,0
2731.410135984421,8092,8100,10948,-385,-55,167,7028,-8224,11328,-67,161,-108,-13292,3464,7004,-908,165,-12,-13408,-6592,6256,-436,77,-19,0
2731.44553899765,8136,7952,10952,-304,-41,286,6936,-8200,11308,16,109,-79,-13272,3432,7076,-1074,206,-31,-13312,-6592,6336,-519,122,-2,0
2731.4830350875854,8020,7904,11212,-173,-86,265,6948,-8040,11088,46,-26,-155,-13076,3364,6844,-1034,3,-52,-13320,-6604,6312,-511,181,15,0
2731.5166420936584,7952,7872,11036,-217,-132,194,7152,-8324,11120,-103,59,-226,-13332,3392,7020,-944,199,-15,-13484,-6548,6420,-421,130,-33,0
2731.550096035004,7724,8116,11008,-316,-171,162,6932,-8336,11220,-190,167,-203,-13388,3556,7016,-839,109,-242,-13280,-6508,6484,-309,75,-87,0
2731.5836780071254,8112,7492,11080,-396,-93,107,6896,-8444,11056,-112,265,-165,-13356,3564,6956,-841,63,-58,-13536,-6356,6564,-351,96,-138,0
2731.6174280643463,7912,7764,11080,-263,-107,114,6764,-8212,11368,-3,143,-179,-13300,3720,7100,-1023,91,-116,-13224,-6356,6576,-452,166,-156,0
2731.650326013565,7700,7736,10864,-160,-123,109,7048,-8468,11068,107,143,-189,-13240,3696,6780,-1088,31,-158,-13104,-6460,6508,-534,211,-210,0
2731.6837680339813,7844,7632,11032,-104,-174,29,6844,-8704,11180,230,234,-257,-13248,3672,6820,-1146,-6,-228,-13244,-6516,6400,-506,323,-267,0
2731.717399120331,7784,7852,10792,-72,-236,-22,6868,-8440,11096,216,269,-375,-13212,3596,7028,-1104,-32,-314,-13256,-6444,6588,-491,427,-214,0
2731.750720977783,7824,7784,11240,-142,-338,-19,6888,-8296,11240,133,280,-357,-13236,3836,6768,-1029,33,-336,-13092,-6352,6476,-531,403,-216,0
2731.784399032593,7988,8176,11052,-138,-396,83,6820,-8264,11140,87,249,-338,-13152,3340,6672,-1042,123,-39,-13312,-6488,6452,-465,383,-103,0
2731.81821513176,7904,7880,10880,-176,-327,167,6960,-8204,11076,21,162,-272,-13192,3460,6952,-1035,233,-185,-13356,-6468,6400,-456,275,-52,0
2731.8515949249268,8168,7940,10808,-207,-133,208,6912,-7956,11180,-17,8,-182,-13276,3360,7036,-1026,235,-106,-13552,-6584,6304,-521,127,-95,0
2731.884736061096,8068,7884,11028,-237,-4,170,7056,-8184,11200,15,36,-122,-13316,3344,7028,-1118,104,-17,-13404,-6652,6408,-570,63,-167,0
2731.918307065964,8176,7876,10908,-156,52,75,7012,-8040,11364,31,19,-82,-13360,3072,6980,-1106,20,1,-13352,-6816,6336,-529,253,-238,0
2731.9518949985504,8064,8168,10888,-133,141,44,6936,-8116,11320,-121,135,-71,-13376,3184,6704,-919,33,96,-13424,-6772,6228,-484,-33,-143,0
2731.9855909347534,8100,8236,11016,-262,79,142,6888,-8068,11444,-270,96,-52,-13344,3120,6732,-854,176,123,-13460,-6556,6124,-394,-45,-5,0
2732.019282102585,8184,8032,10672,-295,51,286,6980,-8416,11320,-237,15,-4,-13276,3364,6932,-917,245,118,-13112,-6548,6368,-445,-71,14,0
2732.052654981613,8052,7820,10952,-200,39,282,7020,-8216,11224,-103,-28,-25,-13244,3456,6860,-1053,237,16,-13268,-6500,6564,-499,18,-29,0
2732.086072921753,7876,7724,10952,-126,79,173,6992,-8272,11180,-88,251,-105,-13284,3492,6956,-995,110,38,-13256,-6628,6368,-453,49,-139,0
2732.1198110580444,7920,7792,11040,-140,33,34,6948,-8504,11092,-142,180,-166,-13180,3348,7108,-884,20,2,-13284,-6480,6432,-388,115,-179,0
2732.1528639793396,7844,7524,11292,-247,-94,-40,6744,-8640,11056,-108,208,-264,-13276,3832,6520,-943,13,-103,-13536,-6316,6568,-430,210,-200,0
2732.1866500377655,7856,7668,11216,-159,-105,-19,6892,-8572,11132,-31,166,-290,-13264,3784,6660,-1008,-250,-189,-13296,-6304,6524,-451,244,-183,0
2732.220258951187,7964,7664,11124,-59,-111,-255,6720,-8680,11160,59,144,-263,-13284,3700,6800,-1061,48,-195,-13312,-6492,6516,-484,188,-3,0
2732.2536740303044,7948,7732,11048,-11,-87,253,6996,-8252,11236,60,185,-239,-13188,3348,7040,-1053,-12,-159,-13364,-6440,6488,-477,200,-237,0
2732.2874240875244,7960,7812,10944,-78,-115,-255,6868,-8408,11120,-43,219,-283,-13232,3608,6832,-988,21,-130,-13060,-6436,6564,-452,259,-179,0
2732.3210849761963,7916,7856,11144,-215,-171,57,7112,-8332,11332,-127,176,-283,-13236,3516,6992,-966,87,-129,-13260,-6496,6216,-459,272,-102,0
2732.3547461032867,8008,7864,11040,-218,-227,157,6664,-8232,11284,-163,82,-243,-13228,3552,7016,-1020,170,-98,-13224,-6564,6388,-528,224,-65,0
2732.3880660533905,8004,7864,10852,-138,-164,202,6960,-8192,11280,-101,108,-121,-13252,3496,6992,-1066,142,-51,-13472,-6612,6248,-544,98,-91,0
2732.4216351509094,8076,7944,10788,-147,-40,196,6864,-8296,11464,-22,28,-94,-13284,3420,6924,-1133,114,-24,-13328,-6584,6480,-601,57,-126,0
2732.4550309181213,8136,7976,10700,-65,69,135,7000,-8284,11380,6,6,-61,-13336,3364,7124,-1134,69,-51,-13312,-6520,6344,-587,72,-169,0
2732.488238096237,8180,7944,11060,-24,27,74,6900,-8172,11384,14,105,-116,-13104,3304,6976,-1044,-18,-103,-13324,-6712,6184,-496,85,-227,0
2732.5243849754333,8068,8132,10940,-103,-15,20,6940,-8100,11260,-85,196,-150,-13284,3376,7000,-891,17,-22,-13508,-6748,6224,-372,33,-161,0
2732.5599739551544,8048,8116,10904,-261,-11,77,6672,-7980,11360,-157,198,-167,-13244,3520,6904,-849,119,-38,-13568,-6504,6264,-348,50,-71,0
2732.5950770378113,7856,7880,10836,-381,-35,125,6824,-8440,11320,-73,118,-157,-13156,3588,6944,-937,174,-246,-13216,-6440,6496,-385,119,-27,0
2732.6306970119476,7832,7832,11152,-308,-67,151,6792,-8452,11172,-3,107,-187,-13224,3608,7100,-948,158,-79,-13304,-6476,6564,-382,198,-49,0
2732.665686130524,7724,7700,11140,-321,-171,128,6860,-8568,11148,-25,99,-274,-13212,3672,6948,-958,177,-130,-13148,-6400,6584,-455,266,-56,0
2732.701427936554,7860,7924,11160,-229,-243,96,6888,-8484,10960,18,138,-303,-13296,3680,6884,-1014,99,-153,-13268,-6496,6472,-467,273,-114,0
2732.73769402504,8004,7680,11064,-189,-194,101,6964,-8344,11080,61,198,-223,-13312,3804,6848,-966,55,-192,-13360,-6384,6356,-486,135,-198,0
2732.773323059082,7968,7728,10956,-155,-92,66,6940,-8380,11160,83,190,-189,-13508,3604,7052,-773,46,-91,-13456,-6540,6396,-514,137,-162,0
2732.8097410202026,8112,7892,11084,-151,-46,101,6924,-8312,11096,96,167,-153,-13212,3540,6760,-1071,54,-113,-13320,-6436,6524,-556,170,-130,0
2732.8445539474487,8036,7824,10920,-182,-89,134,6932,-8216,11204,94,115,-206,-13272,3400,6924,-1067,110,-164,-13284,-6452,6252,-520,508,-104,0
2732.8801281452174,7992,7840,11108,-208,-216,148,6972,-8196,11240,47,133,-238,-13532,3424,6848,-1045,112,-179,-13120,-6536,6476,-766,248,-109,0
2732.915027141571,8008,8172,10976,-204,-213,118,6892,-8420,11160,53,159,-208,-13308,3328,7104,-1034,106,-131,-13288,-6556,6336,-497,216,-121,0
2732.951187133789,8088,7940,11104,-220,-154,139,6872,-8240,11356,73,181,-210,-13248,3464,7000,-1063,141,-123,-13096,-6588,6164,-473,217,-73,0
2732.9861991405487,7976,7912,11060,-198,-152,154,6868,-8252,11252,68,108,-221,-13264,3508,7076,-1066,147,-141,-13148,-6696,6252,-259,226,-120,0
2733.0223929882054,8052,7896,10920,-147,-169,116,6932,-8284,11448,67,102,-255,-13272,3456,7084,-1064,86,-148,-13332,-6724,6400,-527,228,-169,0
2733.0578010082245,7776,7884,11036,-160,-170,94,6844,-8380,11220,48,160,-269,-13296,3524,7152,-787,51,-175,-13240,-6556,6288,-500,216,-175,0
2733.0932710170746,7904,7828,11256,-162,-148,52,6868,-8244,11232,57,168,-273,-13204,3464,6912,-1012,37,-136,-13356,-6328,6324,-477,223,-150,0
2733.128690958023,7720,8136,11200,-137,-212,51,6992,-8388,11060,51,208,-239,-13332,3412,6684,-976,41,-184,-13452,-6452,6420,-455,205,-134,0
2733.1652200222015,8008,7764,11064,-263,-150,122,6940,-8220,11324,2,185,-223,-13324,3456,6980,-991,147,-74,-13328,-6500,6248,-421,207,-53,0
2733.198718070984,8028,7816,10948,-235,-159,172,6944,-8188,11312,-21,84,-203,-13160,3468,7120,-973,231,-80,-13364,-6436,6408,-427,184,-28,0
2733.2322220802307,8004,7904,10896,-240,-151,229,6896,-8176,11456,-100,39,-178,-13304,3432,6988,-980,221,-98,-13412,-6528,6296,-462,147,-52,0
2733.265852928161,8064,7736,11056,-173,-134,207,7084,-8292,11172,-87,99,-157,-13312,3536,7000,-1277,115,-81,-13392,-6528,6332,-529,127,-123,0
2733.299453020096,8104,7664,10920,-165,-53,94,6888,-8208,11500,254,137,-178,-13276,3372,6924,-1041,69,-73,-13340,-6536,6260,-515,132,-205,0
2733.3329269886017,8108,7784,10856,-122,23,21,6912,-8136,11212,-22,203,-152,-13512,3484,7060,-1021,-24,-51,-13568,-6628,6464,-520,62,-263,0
2733.366583108902,8132,7780,11040,-110,-13,-252,6988,-8184,11248,-73,212,-165,-13268,3404,6996,-941,-18,-19,-13284,-6504,6216,-474,113,-193,0
2733.399754047394,8144,7848,10968,-202,-7,40,6876,-8144,11176,-106,211,-137,-13164,3432,6956,-993,36,244,-13372,-6480,6424,-440,92,-90,0
2733.4333319664006,8164,7876,10980,-202,-3,132,6844,-8156,11248,-89,126,-120,-13204,3364,6980,-996,118,-30,-13188,-6536,6244,-455,113,-84,0
2733.466969013214,7988,7680,10792,-186,-55,147,6848,-8164,11272,-73,74,-144,-13188,3364,6968,-1020,164,-25,-13064,-6572,6344,-499,99,-98,0
2733.5004920959473,7976,7836,11092,-136,-37,130,6864,-8200,11308,-49,107,-172,-13252,3496,6956,-973,124,-9,-13240,-6632,6436,-473,112,-120,0
2733.533846139908,7948,7828,11236,-205,-44,80,6800,-8228,11352,-91,160,-200,-13252,3464,7108,-957,113,-72,-13244,-6600,6468,-469,147,-109,0
2733.567502975464,7980,7848,11116,-251,-123,92,6768,-8272,11296,-41,193,-169,-13244,3592,7020,-980,89,-79,-13388,-6436,6476,-478,148,-93,0
2733.601083993912,8064,7808,11112,-307,-84,130,6780,-8260,11020,-48,187,-127,-13232,3532,7160,-976,108,-17,-13524,-6412,6192,-464,100,-55,0
2733.634607076645,7996,7728,11232,-269,-96,210,6828,-8288,11280,-24,149,-105,-13192,3384,7016,-1007,162,-29,-13244,-6556,6212,-479,134,15,0
2733.6680800914764,7976,7828,11252,-276,-102,230,6880,-8216,11496,-29,50,-151,-13272,3488,7012,-981,233,-86,-13500,-6548,6248,-516,127,-14,0
2733.7015991210938,8404,7820,11220,-261,-166,180,7032,-8256,11224,-18,47,-151,-13544,3396,7080,-949,133,-54,-13392,-6460,6352,-496,108,-92,0
2733.7353699207306,8108,7748,10984,-216,-85,97,7080,-8200,11152,-26,155,-163,-13252,3496,6940,-1021,97,-75,-13140,-6520,6380,-485,152,-127,0
2733.7686669826508,7988,7640,10972,-194,-57,55,6968,-8304,11136,14,159,-224,-13264,3384,6936,-956,67,-91,-13512,-6404,6576,-465,188,-142,0
2733.8020429611206,8108,7796,11032,-191,-100,37,7144,-8276,11096,-46,153,-254,-13348,3504,6888,-970,38,-144,-13448,-6436,6376,-433,176,-205,0
2733.8355491161346,8036,7708,10992,-156,-145,-3,7048,-8296,11208,24,302,-199,-13360,3356,7160,-771,57,-144,-13504,-6304,6612,-499,169,-241,0
2733.8690280914307,8100,7692,10928,-131,-76,-4,7044,-8296,11268,65,258,-201,-13220,3556,7000,-1279,-79,-165,-13440,-6516,6472,-525,143,-244,0
2733.902302980423,8152,7904,11068,-145,-25,-10,6964,-8256,11400,88,233,-186,-13208,3548,7024,-1072,-46,-104,-13080,-6612,6552,-501,170,-238,0
2733.9357140064244,7920,7844,11112,-120,-37,-8,6868,-8224,11340,29,206,-207,-13140,3504,7012,-1115,-10,-103,-13084,-6576,6196,-496,159,-189,0
2733.9690351486206,8156,8132,10968,-89,-58,76,6776,-8180,11268,8,118,-159,-13176,3480,7080,-1091,40,-92,-13076,-6484,6540,-568,77,-141,0
2734.0026309490204,7904,7832,10996,-102,1,110,6792,-8336,11360,95,95,-147,-13264,3508,7092,-1142,96,-131,-13288,-6632,6516,-560,160,-162,0
2734.0364949703217,7844,7884,11156,-69,-12,127,6760,-7944,11376,146,68,-205,-13128,3472,7380,-1156,149,-132,-13312,-6740,6496,-610,206,-163,0
2734.070027112961,7988,7992,10960,37,-102,97,7084,-8056,11452,-57,100,-216,-13240,3224,6904,-971,60,-75,-13484,-6888,6364,-569,177,-160,0
2734.10355591774,8140,7884,11020,-144,-129,113,6984,-8072,11220,-138,163,-230,-13296,3284,6928,-852,58,-50,-13388,-6456,6256,-423,160,-91,0
2734.1370661258698,8172,7800,10824,-280,-112,119,6952,-8148,11288,-115,185,-198,-13276,3488,6872,-1010,116,-66,-13436,-6552,6252,-397,144,-98,0
2734.170653104782,8044,7804,10752,-228,-2,87,7000,-8284,11324,2,151,-107,-13264,3368,7132,-1050,102,11,-13460,-6632,6408,-465,7,-178,0
2734.2078919410706,8092,7904,11080,-173,131,55,6744,-8256,11432,-72,139,-82,-13148,3308,6972,-1004,30,103,-13312,-6624,6396,-467,18,-159,0
2734.2438330650334,7896,8180,11508,-225,65,93,6772,-8208,11416,-232,114,-134,-13268,3480,7044,-938,120,61,-13116,-6524,6308,-454,39,-27,0
2734.2791249752045,7712,7840,10756,-254,-46,195,6864,-8272,11292,-212,16,-97,-13184,3500,7112,-978,210,72,-13200,-6452,6484,-460,15,-15,0
2734.3143830299377,7980,7792,10888,-169,3,2,6828,-8216,11308,-88,-253,-43,-13224,3504,7260,-1060,232,31,-13216,-6568,6408,-535,4,-21,0
2734.349563121796,7908,7788,11180,-89,85,222,7004,-8248,11316,-54,51,-48,-13224,3436,7024,-1055,175,107,-13120,-6644,6648,-511,7,-91,0
2734.3849370479584,7688,7928,11040,-131,117,120,7016,-8360,11224,-99,81,-86,-13284,3512,7000,-988,87,30,-13296,-6584,6344,-489,60,-151,0
2734.4208419322968,7736,7740,11168,-182,5,50,6952,-8352,11112,-102,103,-199,-13276,3456,7064,-916,-70,-64,-13352,-6540,6528,-497,163,-138,0
2734.4571530818935,7984,7848,10760,-210,-127,75,6892,-8276,11032,-122,164,-189,-13112,3636,7124,-990,62,241,-13564,-6360,6484,-472,106,-105,0
2734.4923119544983,7956,7792,11212,-202,-62,128,6912,-8252,11228,-79,133,-163,-13240,3628,7000,-990,107,-69,-13220,-6352,6532,-463,124,-112,0
2734.5281169414525,7984,7904,11168,-186,-27,120,6948,-8408,11264,51,100,-147,-13280,3468,7084,-1086,85,-112,-13216,-6512,6812,-499,159,-165,0
2734.563882112503,7888,7752,11096,-140,-32,103,6920,-8268,11224,83,138,-176,-13136,3436,7128,-1087,104,-80,-13068,-6420,6428,-510,190,-136,0
2734.599391937256,7956,7820,10928,-121,-74,55,6676,-8212,11408,40,147,-222,-13228,3448,7112,-1058,105,-162,-13088,-6628,6452,-540,219,-168,0
2734.634865999222,7872,7884,11036,-157,-107,75,6880,-8124,11428,81,130,-214,-13192,3516,6984,-1058,140,-109,-13308,-6580,6404,-536,155,-139,0
2734.670403003692,7960,7852,10860,-155,-62,144,6916,-8208,11260,23,113,-151,-13120,3488,6824,-1055,119,-85,-13252,-6516,6516,-485,75,-89,0
2734.7056341171265,7992,7916,10900,-133,26,126,6884,-8192,11512,24,103,-116,-13268,3340,7300,-1038,110,-10,-13548,-6800,6344,-493,10,-150,0
2734.7410929203033,8072,7988,10964,-108,88,77,6956,-8164,11352,255,110,-121,-13308,3320,7028,-970,73,-35,-13288,-6580,6312,-473,58,-166,0
2734.776205062866,8036,7876,11080,-185,37,62,7060,-8252,11392,65,174,-164,-13304,3372,7120,-1013,56,-66,-13252,-6716,6428,-763,204,-119,0
2734.8119480609894,7944,7904,11128,-236,-165,115,7144,-8208,11448,20,169,-269,-13164,3460,7164,-965,126,-172,-13296,-6548,6528,-456,284,-36,0
2734.848463058472,7920,7972,11124,-309,-367,178,6908,-8180,11248,-118,120,-261,-13084,3464,6972,-902,177,-112,-13396,-6568,6480,-465,231,14,0
2734.8820500373845,8164,7768,11108,-346,-282,239,6908,-7964,11064,-155,110,-193,-13316,3616,6960,-901,162,-37,-13296,-6444,6508,-471,120,3,0
2734.915519952774,7924,7668,10832,-348,-202,240,6656,-7948,11488,-87,134,-107,-13236,3508,6960,-960,173,-53,-13500,-6468,6572,-431,85,-39,0
2734.9489901065826,7932,7672,11012,-346,-96,196,6840,-8408,11240,34,75,-161,-13244,3648,7160,-1000,181,-41,-13224,-6468,6404,-458,140,-54,0
2734.9824759960175,7780,7688,11024,-279,-155,150,6784,-8500,11264,75,110,-210,-13268,3516,7096,-998,149,-78,-13240,-6516,6496,-542,292,-95,0
2735.015697002411,7828,7612,11208,-178,-247,161,6844,-8540,11072,148,88,-297,-13132,3708,6820,-1103,158,-251,-13108,-6288,6572,-641,438,-94,0
2735.0489490032196,8004,7492,11088,-96,-378,150,7084,-8240,11044,188,71,-336,-13176,3540,6976,-1175,90,-223,-13556,-6368,6640,-622,377,-74,0
2735.0827319622044,8140,7772,10940,-161,-346,211,6688,-8088,11172,108,105,-250,-13160,3476,7028,-1088,186,-90,-13436,-6440,6496,-488,199,41,0
2735.118823051452,8084,7964,11048,-324,-163,290,6660,-8080,11012,-52,164,-90,-13248,3408,7132,-973,232,40,-13408,-6720,6628,-378,8,28,0
2735.1524500846863,8128,7944,10992,-359,-16,295,6924,-8052,11468,-131,68,-3,-13356,3456,7148,-900,237,95,-13376,-6760,6636,-426,-104,-72,0
2735.1861610412598,8140,7880,10836,-267,83,208,6916,-8044,11528,-101,32,2,-13384,3240,7172,-1011,196,77,-13300,-6572,6264,-549,-56,-132,0
2735.219671010971,8132,7728,10932,-158,96,106,7024,-8248,11220,-43,28,-124,-13256,3324,7100,-1082,63,-41,-13184,-6596,6120,-605,146,-179,0
2735.2531130313873,8060,7652,11004,-114,-45,16,7196,-8252,11056,59,199,-1,-13208,3084,6700,-1068,25,-155,-13192,-6440,6348,-472,308,-216,0
2735.2867710590363,8092,7636,11176,-156,-149,-5,7044,-8244,11120,94,237,-305,-13260,3540,6688,-769,-17,-194,-13428,-6324,6428,-474,275,-192,0
2735.3202900886536,8108,7760,11140,-86,-121,48,6892,-8240,11516,96,167,-246,-13156,3564,6904,-1066,93,-156,-13468,-6640,6500,-527,224,-110,0
2735.3538870811462,8032,7724,11196,-117,-94,107,6924,-8280,11188,29,90,-172,-13248,3592,7040,-1125,145,-75,-13384,-6512,6576,-501,92,-96,0
2735.3872580528255,8060,7704,11024,-128,48,181,6884,-8008,11452,-41,109,-82,-13104,3432,6972,-1071,118,4,-13356,-6496,6212,-486,-84,-96,0
2735.420732975006,8008,7760,11104,-165,122,171,6756,-8224,11392,-102,104,-251,-13140,3532,7152,-1033,131,149,-13068,-6516,6468,-499,-135,-60,0
2735.453539133072,8108,7828,11052,-161,191,219,6792,-8300,11336,-23,69,50,-13184,3484,7396,-1111,169,101,-13224,-6600,6432,-553,-87,-68,0
2735.4871270656586,7880,7808,11184,-118,132,235,6788,-8268,11312,11,17,-16,-13176,3392,7144,-1107,189,14,-13196,-6628,6316,-592,70,-57,0
2735.520630121231,7904,7820,11108,-84,24,241,6824,-8164,11356,96,3,-64,-13272,3480,7064,-1123,182,-35,-13224,-6552,6560,-630,114,-44,0
2735.5539290905,8156,7724,11188,-97,-92,204,6816,-8148,11372,99,77,-141,-13156,3516,7028,-1150,120,-75,-13088,-6624,6488,-632,3,-62,0
2735.5875351428986,8016,7848,11220,-167,-165,219,6828,-8340,11296,160,30,-192,-13188,3472,7028,-1169,205,-145,-13300,-6568,6524,-593,277,-32,0
2735.62113904953,8048,7696,11264,-142,-145,158,7004,-8152,11140,205,121,-188,-13308,3384,6904,-1144,136,-187,-13416,-6652,6416,-562,262,-72,0
2735.65442109108,8132,7812,11020,-272,-214,119,7132,-8112,11248,84,141,-210,-13380,3368,6992,-989,87,-134,-13472,-6676,6632,-388,62,-174,0
2735.688097000122,8168,7704,10996,-171,62,-43,7120,-7948,11452,12,328,-171,-13488,3348,6980,-933,-54,-96,-13068,-6440,6384,-408,59,-271,0
2735.721822023392,8128,7880,10860,-95,92,-94,7040,-8056,11316,75,272,-173,-13332,3304,7080,-916,-124,-79,-13564,-6596,6340,-378,84,-306,0
2735.755481004715,8132,7796,11092,-155,133,-124,6868,-8012,11136,-51,239,-218,-13132,3520,7148,-926,-251,-44,-13180,-6412,6648,-350,135,-209,0
2735.789183139801,7744,7760,11168,-85,148,-60,7008,-8308,11424,5,148,-216,-13324,3572,6932,-969,46,-111,-13332,-6324,6380,-473,230,-145,0
2735.8226590156555,8152,7652,11304,-88,-113,87,7012,-8268,11016,29,182,-196,-13272,3828,6792,-1046,65,-123,-13432,-6248,6432,-535,193,-98,0
2735.855663061142,8064,7536,11160,-42,-21,106,6760,-8420,11196,182,212,-145,-13236,3632,6672,-1207,66,-201,-13252,-6240,6420,-654,172,-153,0
2735.892910003662,8056,7620,11088,108,15,122,7152,-8324,11432,256,19,-119,-13260,3392,7164,-1390,25,-264,-13120,-6668,6668,-686,299,-258,0
2735.927670955658,7724,7800,11212,131,-8,-5,6792,-8248,11300,445,288,-213,-13192,3652,7176,-1304,-151,-31,-13376,-6548,6488,-750,208,-431,0
2735.9634239673615,8044,7844,11136,2,106,-68,6936,-8204,11540,438,233,-127,-13080,3500,7352,-1389,-197,-166,-13412,-6536,6176,-928,165,-320,0
2735.9998281002045,7996,7912,10984,120,-37,60,7032,-7856,11300,358,246,-45,-13168,3100,7068,-1252,-189,-94,-13268,-6828,6572,-612,53,-272,0
2736.034842967987,7780,8020,10860,-152,92,255,6852,-7696,11360,273,342,-57,-13104,3256,7076,-1144,-75,-87,-13176,-6940,6460,-489,108,-195,0
2736.0708351135254,7660,8184,11168,-247,-80,99,6676,-7924,11788,154,507,-170,-13012,3228,7168,-1004,116,-147,-13084,-6880,6384,-416,286,-61,0
2736.106068134308,7696,8160,11016,-319,-261,146,6660,-7876,11536,-97,216,-320,-13032,3164,7328,-850,254,-189,-13132,-6768,6512,-290,313,249,0
2736.1424510478973,7744,8160,10852,-356,-333,129,6704,-7956,11532,-101,112,-361,-13312,3568,7260,-873,382,-125,-13132,-6504,6344,-342,296,37,0
2736.1777279376984,7860,7792,10824,-510,-168,144,6740,-8092,11264,73,32,-365,-13108,3520,7008,-974,345,-245,-13228,-6580,6332,-462,367,-4,0
2736.2133989334106,7980,7748,11004,-169,-118,100,7072,-7984,11468,123,38,-293,-13336,3256,6816,-773,178,-191,-13604,-6552,6268,-768,245,-114,0
2736.2486670017242,8332,7760,10796,-100,-16,88,7232,-7948,11292,108,171,-181,-13808,3340,6932,-1103,31,-125,-13660,-6444,6348,-627,95,-213,0
2736.283541917801,8196,7764,10952,-77,145,64,7084,-8020,11492,203,234,-69,-13384,3236,6980,-1262,-88,-55,-13412,-6612,6248,-640,68,-2,0
2736.3187899589534,7752,7984,10904,128,245,129,6932,-7736,11600,132,82,-35,-13284,3076,7056,-1165,71,-45,-13436,-6788,6308,-642,64,-126,0
2736.3546140193935,8080,8444,11248,-40,-253,159,7080,-7700,11500,-287,-7,-146,-13072,2864,7068,-815,122,86,-13424,-6952,6180,-335,87,-45,0
2736.3902270793915,8080,7848,11124,-429,-142,40,7080,-7684,11516,-681,172,-241,-13300,3400,6956,-592,255,151,-13444,-6396,6432,-173,-82,-123,0
2736.4251019954686,8088,7584,10848,-488,46,-54,6840,-8320,11292,-608,246,-103,-13304,3788,6920,-741,-138,272,-13476,-6120,6504,-327,-107,-140,0
2736.46114897728,8048,7640,11216,-477,147,35,6772,-8456,11372,-250,279,84,-13064,3900,7120,-1040,-118,181,-13228,-6272,6596,-460,-175,-200,0
2736.496174097061,7744,7528,11124,-235,297,110,6896,-8668,11284,115,255,166,-13100,3772,7200,-1248,-153,119,-13048,-6440,6640,-669,-86,-239,0
2736.533390045166,7544,7668,11236,81,192,152,6432,-8340,11536,404,201,44,-12924,3488,7364,-1379,-56,-194,-12588,-6776,6580,-760,163,-256,0
2736.566919088364,7240,8064,11280,225,-67,128,6428,-8008,11476,523,104,-188,-13032,3184,7280,-1365,88,-357,-12724,-7108,6388,-760,425,-215,0
2736.6004199981694,7340,8224,11052,280,-4,130,6520,-7736,11716,324,159,-333,-12900,3060,7440,-1148,203,-365,-13280,-7260,6492,-582,492,-137,0
2736.6338870525365,7560,8396,11156,14,-301,69,6412,-7592,11612,31,228,-368,-12948,3056,7384,-832,267,-192,-13136,-7000,6580,-345,379,10,0
2736.667387008667,7928,8224,11016,-374,-194,101,6820,-7668,11504,-299,58,-340,-13176,3232,7108,-725,402,-53,-13440,-6672,6192,-286,224,166,0
2736.700912952423,8212,7984,11104,-500,-151,208,6936,-7972,11536,-445,-176,-287,-13260,3256,6812,-514,450,34,-13436,-6516,6352,-302,168,181,0
2736.734312057495,8192,7740,11004,-430,-110,268,7324,-8048,11124,-445,-92,-172,-13340,3484,7148,-751,242,58,-13460,-6380,6368,-413,27,57,0
2736.7677969932556,8248,7588,10928,-500,25,174,7296,-8088,11368,-267,20,-96,-13660,3412,6980,-914,110,105,-13544,-6460,6040,-484,-7,-121,0
2736.8014800548553,8144,7628,10992,-65,97,59,7208,-8064,11352,-53,103,-129,-13500,3532,7008,-989,-52,-256,-13388,-6652,6280,-506,18,-292,0
2736.8349311351776,8084,7840,11028,35,133,8,7164,-8008,11396,26,167,-91,-13296,3348,7140,-1005,-59,-16,-13424,-6608,6648,-503,5,-265,0
2736.8684310913086,8184,7948,11200,11,163,22,6904,-8184,11436,-37,193,-68,-13064,3336,7108,-978,-34,55,-13396,-6552,6408,-479,-8,-195,0
2736.901355981827,7880,7700,11256,-36,150,100,6804,-8076,11392,-170,106,-61,-13296,3392,6980,-972,36,119,-13220,-6820,6532,-426,-12,-117,0
2736.9351420402527,7616,7988,11072,-188,105,71,6736,-8040,11440,-235,213,-91,-13016,3480,7356,-810,75,144,-13120,-6768,6628,-287,-38,-99,0
2736.9686660766606,7628,7924,11160,-263,84,61,6580,-8436,11460,-368,264,-125,-12816,3672,6932,-782,33,30,-13160,-6540,6660,-360,37,-58,0
2737.0019590854645,7660,7784,11284,-201,-254,58,6588,-8568,11328,-360,177,-161,-12980,3620,7004,-936,73,28,-13048,-6644,6436,-552,96,-102,0
2737.0354421138763,7648,7616,11088,-198,-25,99,6540,-8392,11340,-151,-7,-226,-13108,3620,7092,-981,71,-54,-12916,-6588,6508,-534,242,-171,0
2737.069014072418,7588,7860,11172,-111,-77,68,6716,-8072,11296,-21,-7,-302,-13152,3516,7184,-985,114,-181,-13272,-6732,6392,-633,317,-158,0
2737.102399110794,7672,7952,11120,-102,-238,52,6748,-7944,11632,-3,118,-334,-13240,3380,7108,-932,95,-476,-13236,-6640,6640,-561,379,-169,0
2737.135983943939,7808,7976,11004,-109,-268,48,6904,-8044,11392,-26,152,-330,-13216,3360,7080,-979,130,-246,-13384,-6628,6332,-407,291,-95,0
2737.1698899269104,7728,8076,10956,-66,-156,103,6852,-8144,11448,-46,138,-511,-13252,3252,7216,-966,253,-140,-13416,-6728,6140,-383,208,8,0
2737.203423976898,7764,8060,11064,-117,-63,165,6932,-7932,11512,-177,20,-208,-13284,3112,7096,-933,269,-54,-13396,-6424,6368,-388,112,33,0
2737.2371249198914,7860,8108,11032,-205,-39,209,7032,-8004,11324,-3,27,-150,-13536,3324,7036,-825,239,63,-13416,-6900,6388,-347,73,56,0
2737.2706201076508,7908,7972,10948,-311,-12,204,6988,-8100,11268,-240,124,-117,-13152,3416,7040,-870,184,-233,-13408,-6836,6636,-361,61,-20,0
2737.3041429519653,7956,7944,11220,-369,-49,174,6972,-8216,11460,-111,211,-156,-13280,3436,7184,-945,139,-83,-13332,-6640,6484,-370,116,-49,0
2737.337635040283,7812,7784,11152,-286,-52,114,6936,-8216,11332,-92,193,-153,-13208,3528,7012,-970,162,-85,-13312,-6540,6460,-471,87,-108,0
2737.3711371421814,7796,7784,11084,-304,-88,129,6868,-8264,11372,-51,168,-162,-13184,3336,6672,-994,116,-31,-13192,-6500,6428,-472,136,-114,0
2737.40442109108,7808,7800,11292,-295,-101,147,6732,-7948,11292,-11,143,-199,-13148,3676,7092,-997,190,-62,-13224,-6432,6512,-447,165,-42,0
2737.438064098358,7600,7780,11160,-358,-169,195,6760,-8272,11064,-249,77,-199,-13076,3684,6948,-1040,233,-118,-13136,-6552,6632,-453,232,-249,0
2737.471662044525,7632,7768,11200,-294,-238,243,6800,-8276,11404,5,-24,-252,-13148,3572,6932,-987,259,-198,-13188,-6488,6556,-418,279,52,0
2737.5048179626465,7676,7788,11184,-335,-265,259,6784,-8152,11332,-71,-61,-274,-13160,3732,7220,-1271,347,-138,-13204,-6600,6516,-477,281,66,0
2737.538306951523,7940,7804,11096,-348,-284,255,6892,-8192,11368,-23,123,-240,-13300,3556,7124,-959,269,-146,-13316,-6444,6432,-500,285,50,0
2737.5759551525116,8024,7876,10972,-272,-261,257,6980,-8156,11504,44,140,-217,-13252,3448,7120,-1034,282,-161,-13384,-6460,6464,-453,285,37,0
2737.6113400459294,8020,7816,11044,-313,-235,238,7008,-8076,11288,35,155,-222,-13124,3488,7048,-1031,249,-155,-13336,-6528,6160,-515,2,-6,0
2737.6476969718933,8016,7680,11064,-253,-237,207,6988,-8160,11184,63,109,-204,-13264,3172,7152,-1028,171,-120,-13396,-6460,6196,-524,227,-89,0
2737.6828560829163,8060,7768,11196,-225,-230,176,7100,-8068,11332,41,183,-219,-13404,3312,6768,-1040,109,-178,-13400,-6500,6284,-487,213,-79,0
2737.7176411151886,8020,7740,10920,-249,-209,142,6996,-7992,11328,27,171,-220,-13204,3260,7176,-1002,147,-114,-13460,-6572,6176,-450,174,-95,0
2737.753854036331,8064,7808,10888,-289,-218,161,7008,-8104,11360,31,163,-204,-13256,3328,6992,-1021,96,-104,-13240,-6600,6336,-423,202,-120,0
2737.7898371219635,8180,7880,11184,-324,-173,99,7144,-7996,11616,-23,124,-204,-13568,3124,7128,-961,94,-114,-13300,-6612,6172,-363,141,-141,0
2737.8249061107635,7912,7908,10892,-233,-153,55,6956,-8028,11344,-91,182,-224,-13104,3376,7148,-937,43,-71,-13536,-6516,6380,-366,165,-120,0
2737.8612179756165,8048,7844,11108,-264,-120,54,6884,-8104,11360,-110,142,-238,-13144,3608,6952,-921,86,-108,-13332,-6484,6464,-390,180,-96,0
2737.896233081817,8020,7876,10808,-234,-71,77,6960,-8076,11308,-75,158,-197,-13220,3520,7048,-960,108,-36,-13252,-6452,6464,-421,137,-84,0
2737.932280063629,7944,7732,11224,-181,-10,126,6824,-8216,11284,-86,115,-121,-13352,3508,6996,-966,139,13,-13408,-6440,6604,-485,63,-57,0
2737.967481136322,8044,7724,11116,-163,34,162,6908,-8192,11328,-83,92,-115,-13288,3552,6680,-1005,155,240,-13392,-6448,6400,-479,65,-64,0
2738.0034251213074,8132,7492,11252,-121,18,168,6952,-8288,11436,-98,72,-92,-13424,3432,7076,-998,163,-18,-13364,-6388,6460,-525,92,-48,0
2738.0392560958862,8140,7648,11116,-127,-47,193,6876,-8224,11400,-67,57,-135,-13232,3448,6884,-1023,180,-90,-13272,-6436,6516,-493,155,-64,0
2738.075035095215,7924,7712,11080,-173,-38,152,6928,-8136,11168,-52,70,-180,-13356,3436,6828,-982,136,-67,-13444,-6544,6188,-463,152,-105,0
2738.1108009815216,8028,7920,11080,-192,-70,114,7084,-8060,11332,-49,167,-173,-13392,3488,7116,-981,81,-101,-13384,-6524,6492,-456,122,-159,0
2738.146124124527,8000,7636,11100,-220,-42,13,6808,-8196,11356,-25,201,-196,-13364,3364,7096,-983,-25,-113,-13368,-6520,6348,-478,107,-200,0
2738.1815140247345,7968,7792,11092,-162,-9,-59,6928,-8160,11372,-4,204,-223,-13564,3420,6700,-1044,-76,-113,-13544,-6460,6168,-494,148,-251,0
2738.21826505661,8164,7756,11248,-132,-21,-34,7048,-7972,11348,-30,204,-205,-13144,3384,6916,-975,-77,-73,-13064,-6556,6380,-481,84,-243,0
2738.251960992813,7916,7804,11188,-121,36,-18,7024,-8108,11264,-81,175,-171,-13284,3440,6800,-998,-26,-27,-13344,-6500,6528,-457,73,-229,0
2738.2854840755463,7920,7856,11268,-158,3,25,6956,-8164,11384,-52,169,-189,-13212,3532,7016,-982,56,-30,-13280,-6484,6444,-455,124,-154,0
2738.319097042084,7792,7760,11016,-168,-12,117,6872,-8112,11384,-58,59,-146,-13104,3384,6888,-976,177,-71,-13168,-6544,6516,-461,131,-51,0
2738.3525860309605,7924,7912,11204,-97,-60,152,6712,-8356,11260,-95,97,-137,-13164,3520,7012,-987,187,-59,-13352,-6592,6480,-464,106,-21,0
2738.3857691287994,7956,7816,11088,-141,-60,167,6996,-8120,11228,-168,34,-209,-13304,3388,7096,-794,337,239,-13316,-6476,6536,-470,84,-35,0
2738.419280052185,7944,7824,11148,-163,254,138,6868,-8112,11200,-179,15,-185,-13284,3408,6980,-779,251,12,-13236,-6544,6480,-434,55,-44,0
2738.4530880451202,7884,7788,11372,-115,26,138,7104,-8152,11352,-161,29,-167,-13236,3492,6912,-990,148,-7,-13448,-6492,6228,-475,26,-121,0
2738.486722946167,7912,7776,11124,-104,43,63,7080,-8204,11068,-103,146,-139,-13376,3416,6932,-960,29,-72,-13452,-6608,6420,-512,78,-179,0
2738.5200090408325,7972,7840,11104,-152,-9,34,6744,-8192,11372,-59,181,-156,-13264,3424,6948,-971,13,-100,-13400,-6436,6408,-460,100,-202,0
2738.5538210868835,7852,7752,11020,-171,-24,23,7100,-8012,11288,-46,155,-229,-13304,3504,7148,-1009,42,-86,-13288,-6480,6504,-474,185,-160,0
2738.5872809886932,7888,7820,11220,-146,-58,24,7004,-8180,11260,-46,183,-213,-13244,3516,6948,-1007,24,-72,-13400,-6524,6392,-495,195,-184,0
2738.6207950115204,7924,7792,11076,-102,-61,47,6932,-8124,11328,-16,153,-214,-13208,3600,7156,-1051,69,-55,-13384,-6504,6604,-504,155,-155,0
2738.6542930603027,7704,7764,11240,-143,-28,62,7156,-7964,11160,-34,87,-192,-13328,3468,7172,-1045,87,-40,-13236,-6488,6580,-486,144,-137,0
2738.6879749298096,7816,7772,11220,-146,-32,95,6972,-8240,11220,-48,140,-177,-13220,3628,7128,-1032,86,-63,-13188,-6648,6388,-491,116,-132,0
2738.7217309474945,7916,7764,11244,-131,-25,101,6912,-8204,11236,-36,119,-146,-13196,3556,6860,-1048,107,-64,-13328,-6548,6404,-521,94,-132,0
2738.755522966385,7928,7804,11168,-125,10,97,6988,-8080,11200,-33,138,-124,-13232,3452,6980,-1268,74,-68,-13312,-6656,6328,-533,124,-139,0
2738.7891409397125,7796,7820,11208,-142,-38,123,7028,-8200,11304,-2,109,-129,-13344,3376,6860,-1083,168,-12,-13244,-6496,6388,-540,137,-137,0
2738.82261800766,7844,7868,10808,-125,-24,120,6976,-8092,11132,47,131,-154,-13304,3428,6936,-1068,116,-106,-13308,-6636,6432,-522,171,-107,0
2738.856069087982,7932,7884,11092,-166,-78,148,7036,-8112,11264,45,135,-172,-13288,3416,6848,-1060,127,-175,-13224,-6528,6556,-259,214,-58,0
2738.88971209526,7860,7892,11076,-156,-151,133,6972,-8152,11296,19,87,-196,-13156,3432,7072,-1060,119,-149,-13396,-6664,6548,-525,228,-57,0
2738.923320055008,7892,7940,11272,-156,-171,174,6948,-8420,11288,-8,105,-206,-13248,3420,7224,-1058,166,-105,-13332,-6464,6540,-537,210,-63,0
2738.9570519924164,7952,7764,11160,-175,-187,149,6980,-8152,11384,-21,93,-195,-13496,3492,7244,-1016,157,-89,-13340,-6624,6432,-509,214,-63,0
2738.990214109421,7808,7900,11140,-223,-142,170,6876,-8160,11372,-6,87,-207,-13216,3396,6984,-994,191,-138,-13324,-6544,6504,-499,222,249,0
2739.0233631134033,7884,7732,11148,-213,-205,171,6900,-8108,11040,254,102,-239,-13064,3336,7072,-1025,223,-126,-13332,-6512,6408,-478,217,-65,0
2739.0572080612183,7960,7812,11052,-235,-184,162,6988,-7944,11448,25,102,-224,-13072,3464,7144,-769,204,-131,-13176,-6472,6548,-475,203,-51,0
2739.0907721519466,7968,7852,11148,-259,-214,184,6972,-7988,11148,27,97,-508,-13264,3484,6976,-992,238,-130,-13296,-6456,6476,-468,221,-53,0
2739.1242101192474,7864,7812,11084,-250,-242,196,6832,-8248,11316,30,96,-262,-13280,3464,6884,-1001,198,-172,-13436,-6424,6456,-487,241,9,0
2739.157560110092,8000,7748,11148,-232,-268,199,7080,-8096,11072,32,70,-249,-13500,3504,7012,-1025,195,-178,-13336,-6376,6384,-480,247,-34,0
2739.1910250186925,8016,7720,11176,-225,-509,210,7044,-8336,11356,-1,110,-231,-13208,3424,7008,-977,148,-138,-13416,-6420,6468,-493,234,-66,0
2739.2241480350494,7908,7932,11084,-264,-233,188,7044,-8040,11504,-2,93,-208,-13272,3412,7132,-1259,166,-133,-13312,-6460,6376,-458,153,-70,0
2739.262151002884,7996,7760,11148,-221,-167,159,7052,-8144,11048,-3,109,-167,-13336,3512,6720,-997,143,-55,-13372,-6444,6232,-484,138,-75,0
2739.2981030941014,8036,7848,10760,-290,-157,177,6960,-8096,11348,31,90,-176,-13184,3332,7072,-1096,184,-125,-13300,-6504,6640,-455,149,-75,0
2739.333153963089,7908,7872,10920,-191,-104,165,7084,-8036,11372,-30,74,-187,-13404,3404,7052,-1000,200,-76,-13400,-6452,6576,-437,152,-111,0
2739.368236064911,8136,7920,11192,-232,-158,94,7152,-8172,11316,-52,129,-245,-13240,3416,6940,-995,91,-97,-13388,-6436,6164,-447,166,-93,0
2739.4044110774994,8036,7712,11032,-195,-82,97,7116,-8076,11284,-69,82,-182,-13096,3464,7080,-1055,41,-210,-13324,-6540,6356,-437,74,-136,0
2739.458302974701,7972,7808,11128,-213,22,91,7072,-8108,11284,-6,155,-142,-13100,3428,7084,-1037,55,-42,-13320,-6440,6424,-487,118,-171,0
2739.5040781497955,7856,7748,11224,-99,-27,97,6988,-8256,11384,-36,130,-187,-13220,3448,7144,-1050,81,-107,-13316,-6436,6476,-528,191,-101,0
2739.5424139499664,8020,7860,11108,-40,-120,121,7104,-8188,11388,-48,104,-216,-13400,3420,7096,-1004,104,-178,-13384,-6504,6248,-517,200,-126,0
2739.578509092331,7964,7788,11148,-90,-147,105,7140,-7988,11168,-53,119,-191,-13380,3360,6940,-1009,92,-119,-13444,-6536,6560,-503,150,-144,0
2739.613270998001,8024,7756,10988,-97,-46,90,7068,-8104,11324,-75,163,-192,-13504,3368,6972,-1001,88,-33,-13456,-6636,6492,-440,98,-144,0
2739.649192094803,8032,7452,11124,-156,253,104,7060,-8120,11144,19,169,-121,-13236,3400,6968,-999,24,-68,-13428,-6492,6492,-481,145,-152,0
2739.6849670410156,7888,7732,11256,-198,-40,93,7044,-8092,11464,-255,156,-142,-13216,3336,6684,-1034,84,-92,-13528,-6484,6216,-484,176,-83,0
2739.720757007599,7784,7756,10976,-180,-39,132,7028,-8052,11244,249,90,-183,-13184,3460,6684,-1004,152,-49,-13220,-6600,6644,-492,200,-68,0
2739.7575631141663,7816,7804,11144,-183,-140,161,6892,-8152,11080,-78,91,-218,-13184,3380,6956,-1004,166,-128,-13072,-6496,6544,-475,176,-73,0
2739.792407989502,7924,7772,10884,-181,-122,129,6984,-8120,11336,-39,76,-224,-13212,3480,7136,-993,132,-105,-13216,-6444,6516,-524,153,-143,0
2739.8285851478577,7880,7752,10548,-117,-95,82,7040,-8124,11212,-2,124,-197,-13244,3384,6940,-1031,113,-114,-13408,-6412,6536,-525,129,-145,0
2739.863606929779,7988,7724,10988,-103,-58,88,7068,-8036,11332,5,138,-182,-13456,3120,6728,-1068,121,-98,-13388,-6568,6464,-484,176,-88,0
2739.8994829654694,7748,7932,11084,-153,-86,116,7056,-8152,11124,-53,107,-227,-13264,3468,7032,-1011,130,-90,-13336,-6592,6404,-453,161,-108,0
2739.9329750537872,8068,7804,11220,-157,-57,98,7152,-8088,11488,-115,115,-187,-13364,3444,6972,-960,146,-44,-13436,-6480,6464,-485,105,-113,0
2739.966474056244,8136,7768,11048,-129,-75,144,7376,-8148,11496,-143,126,-152,-13372,3516,6768,-997,96,-241,-13344,-6576,6380,-527,111,-123,0
2740.0000410079956,8112,7748,10940,-187,-41,150,7100,-8152,11184,-64,128,-135,-13220,3176,6868,-1048,114,-15,-13080,-6472,6520,-479,118,-98,0
2740.0335409641266,8068,7860,11092,-175,12,143,7000,-8092,11232,-64,109,-150,-13368,3376,7056,-1037,125,-38,-13340,-6564,6428,-475,95,-138,0
2740.0670709609985,7860,7812,11000,-160,-10,71,7000,-8256,11360,-42,142,-141,-13564,3436,6700,-974,91,-68,-13568,-6468,6412,-479,127,-139,0
2740.100464105606,7724,7748,11120,-187,12,66,7096,-8184,11148,7,146,-186,-13232,3540,6908,-1037,64,-91,-13068,-6488,6176,-471,202,-107,0
2740.1397790908813,7968,7832,10928,-137,-69,102,7008,-8184,11296,-23,142,-169,-13216,3428,7072,-999,94,-97,-13208,-6448,6472,-501,159,-126,0
2740.1735451221466,7836,7760,11208,-175,-84,77,6892,-8132,11248,-23,155,-176,-13172,3496,6972,-964,74,-37,-13248,-6480,6452,-458,119,-154,0
2740.207113027572,7948,7812,11240,-182,-71,95,6936,-8172,11328,-12,163,-204,-13172,3500,7088,-951,70,-106,-13276,-6476,6516,-475,194,-143,0
2740.2407381534576,7880,7756,11156,-214,-130,108,6948,-8184,11496,10,128,-235,-13296,3408,6856,-970,109,-168,-13384,-6532,6344,-471,209,-76,0
2740.2740640640254,7952,7772,11056,-248,-191,94,7116,-8124,11188,-48,137,-1,-13188,3364,6904,-994,97,-131,-13420,-6444,6416,-483,197,-117,0
2740.3075881004333,7720,7720,10828,-193,-129,81,7028,-8164,11284,-30,185,-234,-13316,3400,6836,-1016,61,-88,-13332,-6412,6272,-480,178,-137,0
2740.341086149216,8092,7720,11260,-158,-104,69,7104,-8128,11196,30,159,-188,-13392,3408,6764,-776,40,-103,-13480,-6388,6348,-485,163,-124,0
2740.3745589256287,8012,7884,11032,-150,254,100,7080,-8160,11400,38,117,-148,-13532,3428,6992,-1091,107,-109,-13336,-6428,6364,-487,170,-78,0
2740.4078891277313,8068,7804,11096,-135,-38,141,7080,-8112,11308,-26,105,-142,-13212,3360,6996,-1076,132,-88,-13524,-6404,6372,-511,109,-102,0
2740.441686153412,8044,7816,11076,-131,-42,155,7020,-8068,11340,-69,61,-132,-13244,3344,6880,-1010,112,31,-13392,-6488,6436,-519,41,-119,0
2740.474972963333,7988,7684,11176,-177,30,119,7112,-8032,11284,-135,132,-130,-13336,3364,6872,-970,62,66,-13444,-6500,6456,-456,34,-105,0
2740.5085849761963,8032,7812,10936,-177,59,99,6924,-8064,11128,-147,130,-107,-13300,3456,7080,-988,78,32,-13124,-6532,6412,-497,61,-133,0
2740.5419681072235,7908,7880,10888,-137,71,113,6916,-8100,11048,-75,86,-104,-13252,3388,7088,-1038,115,-251,-13340,-6440,6556,-766,72,-107,0
2740.5756490230565,7712,7820,10932,-99,41,114,7124,-8184,11220,-29,103,-144,-13276,3380,7096,-770,107,-38,-13364,-6500,6468,-501,124,-111,0
2740.6093080043793,7956,7788,11224,-97,4,98,6996,-8156,11232,-35,109,-189,-13204,3400,7164,-1011,107,-78,-13252,-6604,6420,-475,169,-96,0
2740.6424329280853,7964,7816,10968,-105,-40,79,7096,-8040,11220,-76,123,-209,-13228,3340,7036,-968,98,-84,-13428,-6452,6532,-453,143,-152,0
2740.675640106201,8172,7868,11104,-136,-73,71,6980,-8160,11184,-98,171,-220,-13284,3536,7084,-981,27,-70,-13372,-6484,6444,-504,126,-166,0
2740.7094531059265,7780,7852,10976,-171,-8,48,7032,-8236,11352,-32,218,-168,-13224,3540,6744,-1010,254,-80,-13336,-6504,6456,-495,123,-164,0
2740.7428591251373,7784,7832,11260,-137,8,57,7116,-8164,11228,-33,203,-158,-13200,3576,6988,-770,52,-36,-13296,-6552,6392,-462,126,-128,0
2740.7765669822693,7984,7812,11216,-185,-48,73,7032,-8224,11288,-124,145,-184,-13312,3528,6996,-962,67,-251,-13424,-6488,6168,-480,134,-129,0
2740.8101439476013,8108,7812,11064,-162,-18,82,6920,-7968,11176,-117,120,-182,-13376,3436,6872,-956,90,-52,-13556,-6148,6404,-480,96,-108,0
2740.843591928482,7964,7812,11004,-160,-250,99,7036,-8108,11272,-101,139,-110,-13152,3496,6800,-989,102,250,-13368,-6152,6572,-462,44,-109,0
2740.8772671222687,7980,7772,11172,-151,36,117,6972,-8140,11264,-32,138,-103,-13548,3388,7100,-1005,109,241,-13448,-6504,6464,-489,44,-171,0
2740.913362979889,7896,7824,11164,-163,38,107,7048,-8108,11304,-52,143,-122,-13264,3432,7044,-1277,101,-27,-13124,-6460,6404,-473,111,-137,0
2740.9492180347443,7740,7856,11204,-132,-53,92,6948,-8224,11308,-16,146,-160,-13184,3424,6860,-1013,93,-71,-13328,-6320,6144,-486,176,-154,0
2740.984171152115,7768,7724,10976,-149,-67,114,6960,-8148,11060,19,125,-211,-13180,3404,6932,-1032,99,-102,-13180,-6484,6428,-487,184,-117,0
2741.019665956497,7852,7864,10956,-122,-78,111,7060,-8124,11404,-9,148,-216,-13276,3328,6924,-1012,131,-99,-13268,-6536,6496,-471,214,-134,0
2741.0548119544983,7832,7856,11296,-227,-126,116,6756,-8280,11480,-31,133,-216,-13212,3504,6968,-991,119,-84,-13316,-6432,6488,-447,200,-69,0
2741.090525150299,7916,7808,11264,-211,-165,126,7032,-7952,11252,-14,141,-236,-13144,3448,7084,-990,139,-89,-13300,-6452,6400,-475,222,-34,0
2741.1259360313416,7856,7892,11024,-214,-186,143,7016,-7956,11292,253,119,-233,-13236,3484,6956,-1021,162,-167,-13092,-6648,6512,-490,241,-71,0
2741.160952091217,7700,7844,11056,-193,-174,177,6984,-8144,11224,-20,108,-246,-13248,3448,6940,-990,177,-126,-13380,-6444,6388,-488,225,-59,0
2741.1961250305176,7900,7848,10932,-234,-212,149,7048,-8028,11168,0,143,-243,-13204,3404,6884,-983,175,-153,-13064,-6472,6284,-470,248,-54,0
2741.2317979335785,7996,7800,10928,-246,-181,194,6996,-8104,11268,30,159,-213,-13484,3384,6984,-996,204,-131,-13284,-6520,6384,-507,2,-47,0
2741.2677919864655,7984,7832,11084,-219,-197,172,7068,-8080,11344,40,118,-210,-13368,3572,6948,-1020,191,-124,-13308,-6468,6328,-470,223,-42,0
2741.3027000427246,7996,7696,10772,-199,-168,166,7072,-8128,11032,35,99,-211,-13420,3492,6824,-1032,191,-118,-13460,-6512,6404,-490,196,-64,0
2741.338343143463,8056,7828,11024,-215,-168,182,7100,-8168,11364,10,116,-225,-13068,3512,6740,-1008,170,-84,-13512,-6600,6336,-452,158,-59,0
2741.3742449283604,8004,7704,10952,-295,-111,161,7168,-8028,11288,-34,99,-174,-13092,3472,7060,-986,199,-55,-13408,-6492,6584,-462,113,-62,0
2741.4096210002895,8116,7708,11140,-265,-127,143,7188,-8152,11280,251,127,-173,-13316,3396,6724,-999,151,-52,-13360,-6452,6236,-463,89,-99,0
2741.4446289539337,8024,7740,11152,-298,-133,128,7000,-8228,11120,33,130,-158,-13272,3536,6976,-1046,128,-79,-13384,-6240,6624,-466,118,-85,0
2741.4802629947662,7884,7896,11020,-223,-83,122,6988,-8080,11288,1,130,-195,-13216,3396,7004,-976,131,-65,-13284,-6620,6444,-443,151,-63,0
2741.514944076538,7972,7780,11176,-291,-143,117,7052,-8140,11312,0,137,-229,-13300,3456,6900,-936,109,-96,-13372,-6440,6448,-431,208,-57,0
2741.550248146057,7900,8188,11044,-466,-126,104,6972,-8236,11244,-44,90,-232,-13200,3456,6824,-989,146,-151,-13200,-6340,6280,-433,188,-94,0
2741.5854699611664,7892,7676,11180,-295,-179,171,6940,-8084,11416,23,131,-210,-13328,3368,6908,-983,193,-106,-13384,-6460,6536,-550,177,-105,0
2741.6190779209137,8164,7768,10972,-189,-154,170,7136,-8116,11200,-57,70,-205,-13140,3396,7112,-959,132,-50,-13404,-6388,6288,-435,107,-54,0
2741.6519899368286,8104,7932,11220,-218,-134,142,7108,-8036,10896,-54,108,-171,-13316,3516,6820,-975,143,-48,-13384,-6412,6268,-468,143,-112,0
2741.6855130195618,8188,7624,11180,-207,-133,138,7112,-8072,11180,-102,117,-205,-13492,3280,6768,-1276,155,-93,-13316,-6380,6288,-443,158,-119,0
2741.7190749645233,8104,7580,10792,-202,-69,94,7088,-8104,11280,-4,150,-171,-13072,3520,6700,-1017,77,-105,-13324,-6420,6296,-517,168,-139,0
2741.7524421215057,7992,7744,11192,-158,-44,63,7248,-8116,11192,-12,160,-167,-13376,3472,7088,-782,45,-70,-13444,-6448,6196,-500,146,-121,0
2741.786199092865,8064,7648,11132,-141,-54,107,7172,-8148,11396,-16,141,-175,-13280,3344,6728,-1011,91,-64,-13392,-6180,6464,-471,149,-125,0
2741.819946050644,8088,7700,11192,-161,-41,95,6924,-8116,11272,-51,128,-164,-13256,3440,6664,-1018,93,-52,-13364,-6240,6404,-475,135,-171,0
2741.853455066681,8088,7732,11220,-156,-34,63,7024,-8144,11332,-38,162,-172,-13332,3392,6924,-985,49,-51,-13352,-6392,6480,-485,113,-209,0
2741.886960029602,8008,7748,10752,-169,-24,58,7028,-8092,11272,-75,201,-157,-13192,3492,6812,-959,8,-98,-13460,-6460,6404,-470,100,-156,0
2741.9204330444336,8100,7812,11116,-169,-33,75,7076,-8084,11328,-102,223,-160,-13320,3508,6676,-959,48,-40,-13496,-6460,6428,-461,83,-151,0
2741.9538559913635,8016,7656,11148,-207,-16,47,7068,-8104,11420,-54,183,-154,-13232,3424,6984,-990,8,-34,-13320,-6612,6404,-454,127,-167,0
2741.9874341487885,7948,7824,11000,-186,-28,81,6828,-8088,11408,18,190,-165,-13208,3160,7088,-981,63,-61,-13328,-6544,6272,-470,122,-142,0
2742.0210769176483,8176,7804,11132,-114,-11,48,6972,-8144,11320,-74,166,-192,-13228,3372,6984,-913,32,-77,-13244,-6404,6356,-514,127,-125,0
2742.0545201301575,8188,7840,11172,-112,-38,89,6980,-8136,11284,-107,133,-137,-13224,3492,6800,-972,130,-49,-13296,-6472,6392,-481,85,-128,0
2742.0877599716187,8024,7780,11080,-118,-28,112,7028,-8040,11448,-118,164,-120,-13308,3560,6840,-956,144,39,-13288,-6460,6336,-472,76,-109,0
2742.1213500499725,7704,7660,11056,-124,39,110,7148,-8108,11460,-81,168,-101,-13312,3444,6888,-1042,127,-24,-13356,-6440,6272,-473,103,-143,0
2742.1544079780574,7896,7704,11196,-86,22,73,7048,-7948,11228,-77,125,-136,-13384,3568,7288,-1008,76,-51,-13368,-6504,6372,-258,101,-180,0
2742.187952041626,8012,7720,11244,-110,-32,7,7328,-8212,11056,-113,163,-177,-13324,3432,7012,-975,48,-70,-13388,-6376,6516,-502,104,-177,0
2742.2216050624847,7984,7660,11148,-140,-4,16,6988,-7948,11080,-103,172,-213,-13240,3444,6996,-999,49,-28,-13188,-6424,6424,-467,138,-161,0
2742.255033016205,7944,7788,11112,-170,-44,53,7004,-8272,11184,-69,184,-185,-13232,3540,7112,-976,46,-49,-13100,-6232,6648,-468,156,-134,0
2742.288646936416,8056,7728,11012,-142,-34,42,7104,-8168,11220,-85,133,-187,-13312,3556,6976,-986,74,-105,-13316,-6488,6184,-478,100,-177,0
2742.3222699165344,8168,7920,11252,-123,-56,62,7012,-8196,11164,-65,136,-189,-13244,3472,6816,-1280,83,-88,-13304,-6484,6400,-490,135,-182,0
2742.3556139469147,7932,7884,11024,-118,-62,89,6916,-8096,11364,-52,118,-156,-13240,3432,6968,-968,102,-88,-13540,-6500,6468,-492,140,-132,0
2742.389086008072,8096,7780,10888,-132,-31,107,7104,-8168,11272,-100,138,-177,-13280,3424,6968,-1000,73,-22,-13300,-6504,6492,-508,114,-126,0
2742.4226100444794,7744,7788,10852,-129,-64,58,7104,-8232,11340,-99,145,-169,-13332,3484,6876,-993,82,-25,-13348,-6488,6408,-536,149,-114,0
2742.456123113632,8044,7860,11124,-116,-56,95,7072,-8128,11280,-51,116,-143,-13088,3416,6692,-1025,102,-59,-13340,-6448,6496,-535,151,-89,0
2742.4900131225586,7976,7768,10900,-88,-78,175,7140,-8128,11292,-39,57,-134,-13304,3436,7096,-1087,154,-106,-13384,-6636,6496,-546,133,-58,0
2742.5236139297485,7932,7868,11204,-63,-50,168,7072,-8236,11468,-25,79,-124,-13256,3304,6916,-1075,130,229,-13320,-6444,6568,-548,116,-80,0
2742.557224035263,7928,7856,11180,-97,-10,144,7096,-8436,11268,-50,65,-108,-13272,3460,6996,-1027,146,35,-13376,-6440,6508,-262,63,-78,0
2742.5933690071106,7896,7812,11408,-119,14,117,7060,-8420,11204,-58,114,-147,-13372,3404,6976,-1019,87,-256,-13280,-6540,6580,-492,102,-129,0
2742.6293089389806,7820,7932,11044,-170,-23,80,7016,-8120,11204,-66,134,-153,-13232,3456,7008,-987,40,-6,-13244,-6496,6636,-488,102,-155,0
2742.6641170978546,7892,7744,10992,-180,-38,85,6940,-8212,11268,-78,152,-195,-13336,3448,6936,-969,67,-88,-13272,-6508,6436,-445,164,-126,0
2742.699161052704,7944,7808,11048,-169,-90,53,6992,-8204,11228,-54,145,-216,-13264,3444,7012,-975,80,-57,-13352,-6488,6480,-446,186,-100,0
2742.7349629402165,8152,7800,11108,-167,-84,75,6984,-8144,11300,-65,154,-512,-13540,3400,7028,-970,60,-97,-13096,-6584,6336,-475,200,-135,0
2742.770844936371,7920,7784,11092,-179,-123,66,6960,-8224,11008,-54,179,-230,-13236,3500,6976,-956,65,-86,-13420,-6412,6424,-474,176,-138,0
2742.8071110248566,7968,7844,11168,-139,-101,56,7076,-8228,11188,-3,163,-220,-13480,3584,6844,-1009,77,-62,-13396,-6500,6472,-491,157,-135,0
2742.8423540592194,7920,7860,10984,-142,-66,84,7072,-8232,11308,10,113,-165,-13228,3492,7164,-1033,81,-49,-13128,-6432,6516,-498,145,-105,0
2742.8774859905243,7868,7792,10920,-157,-69,126,6964,-8096,11196,-13,128,-133,-13232,3584,6920,-1015,119,-18,-13384,-6424,6436,-489,84,-104,0
2742.9126789569855,8172,7880,10840,-153,242,140,6980,-8152,11260,-55,113,-135,-13316,3492,6952,-1001,112,246,-13380,-6392,6492,-506,73,-105,0
2742.9486870765686,7900,7716,11112,-195,251,111,7012,-8288,11196,-256,127,-133,-13296,3540,6856,-1049,77,-238,-13196,-6588,6608,-264,115,-103,0
2742.984035015106,7876,7836,11120,-136,-9,133,6964,-8076,11260,-10,143,-154,-13244,3368,7108,-1025,122,-88,-13092,-6600,6404,-494,135,-127,0
2743.019891023636,7932,7864,11204,-158,-129,93,7116,-8152,11152,-55,182,-193,-13260,3508,6952,-970,87,-39,-13568,-6492,6344,-472,151,-133,0
2743.054978132248,7728,7744,11164,-188,-25,55,7004,-8144,11208,-64,154,-174,-13260,3440,6932,-1279,66,-75,-13332,-6468,6464,-424,118,-116,0
2743.0908789634705,7900,7764,11032,-177,-15,77,6984,-8096,11248,-9,150,-163,-13224,3516,6848,-1016,99,-47,-13288,-6508,6424,-474,120,-103,0
2743.1259541511536,7860,7792,10832,-202,-60,87,7052,-8192,11396,4,157,-176,-13180,3480,7080,-1004,108,-108,-13312,-6512,6320,-437,172,-108,0
2743.1610529422765,7832,7888,11204,-231,-141,136,7164,-8284,11028,-31,158,-212,-13268,3512,7016,-977,148,-129,-13540,-6440,6484,-469,224,-59,0
2743.1959941387177,7932,7816,11028,-215,-223,164,6904,-8160,11180,-8,130,-212,-13176,3464,7040,-990,156,-187,-13068,-6476,6556,-493,238,-51,0
2743.2334649562836,7792,7812,11156,-267,-242,196,7036,-8152,11304,-10,92,-218,-13256,3476,7004,-1009,195,-120,-13216,-6332,6412,-519,241,-32,0
2743.2671170234685,7896,7776,10756,-200,-197,211,6984,-7980,11136,4,89,-200,-13180,3464,6972,-972,187,-110,-13356,-6444,6492,-495,215,-36,0
2743.3006870746613,7996,7764,10756,-250,-175,220,7068,-8244,11232,15,112,-199,-13308,3468,7012,-1009,188,-136,-13424,-6472,6520,-473,178,-39,0
2743.3342199325566,8124,7824,11348,-211,-132,200,7016,-8164,11460,2,123,-187,-13300,3468,7072,-985,192,-136,-13364,-6512,6256,-505,207,-51,0
2743.3679509162903,8036,7780,11096,-223,-151,189,7088,-8200,11280,36,132,-187,-13084,3456,6784,-771,164,-135,-13444,-6216,6544,-760,209,-48,0
2743.4016120433807,8032,7796,11036,-210,-185,201,7188,-8152,11244,-5,111,-216,-13324,3448,6800,-1010,177,-79,-13348,-6472,6352,-476,214,-42,0
2743.43505191803,7928,7796,11144,-228,-190,177,7072,-8064,11188,-26,91,-207,-13088,3212,6768,-981,170,-96,-13420,-6500,6236,-473,179,-34,0
2743.4685959815974,8072,7724,11260,-244,-172,146,6920,-8176,11372,0,132,-215,-13396,3472,6848,-978,167,-77,-13392,-6420,6400,-479,183,-67,0
2743.5021121501923,8080,7772,11084,-235,-168,142,7080,-7964,11308,33,135,-220,-13340,3472,6904,-1019,141,-147,-13304,-6484,6536,-485,178,-97,0
2743.535556077957,7972,7748,10816,-226,-152,145,7228,-8172,11236,9,131,-186,-13568,3340,7024,-1015,163,-115,-13352,-6396,6636,-467,159,-133,0
2743.56924700737,8188,7728,11064,-248,-172,142,7016,-8128,11344,-9,144,-214,-13220,3376,7100,-1010,110,-92,-13436,-6652,6580,-438,164,-101,0
2743.602842092514,7956,7832,11068,-252,-151,135,7020,-8064,11324,-18,134,-210,-13256,3392,7084,-1036,2,-83,-13396,-6376,6196,-455,139,-81,0
2743.635903120041,8092,7684,11256,-214,-154,156,7020,-8116,11296,-35,114,-188,-13424,3476,6876,-1015,136,-129,-13372,-6448,6356,-486,161,-100,0
2743.669538021088,7812,7732,10796,-223,-162,136,7080,-8080,11148,31,117,-195,-13364,3496,6964,-1030,111,-90,-13372,-6432,6640,-482,163,-96,0
2743.703032016754,7696,7788,10992,-178,-59,125,7100,-8148,11204,-6,118,-174,-13224,3148,6708,-1016,121,-43,-13196,-6400,6604,-470,148,-132,0
2743.736797094345,7992,7804,10992,-196,-91,124,7016,-8044,11148,-31,153,-200,-13456,3456,6852,-987,90,-46,-13420,-6364,6392,-463,175,-111,0
2743.7705259323125,7980,7636,11300,-195,-45,82,7120,-7948,11380,-32,136,-198,-13320,3500,6880,-988,69,-65,-13364,-6316,6388,-462,130,-120,0
2743.8041410446167,8084,7696,10760,-200,-23,91,7188,-8160,11092,-33,157,-131,-13356,3564,6672,-997,76,-26,-13464,-6392,6288,-452,61,-126,0
2743.8374850749974,8048,7616,11172,-184,-4,92,7008,-8164,11020,-56,141,-113,-13092,3512,7028,-998,79,-19,-13352,-6432,6144,-468,62,-136,0
2743.8711500167847,8020,7816,11112,-183,250,90,6988,-8088,11304,-63,145,-145,-13348,3440,6932,-982,82,-21,-13324,-6472,6180,-465,92,-135,0
2743.9042999744415,7996,7636,11088,-122,16,88,7052,-8156,11372,-89,135,-147,-13276,3496,6700,-1000,61,-51,-13372,-6264,6648,-508,115,-156,0
2743.9379580020905,8116,7712,11112,-130,-51,60,7140,-8024,11132,-14,157,-174,-13268,3408,6892,-1027,57,-48,-13256,-6452,6620,-463,141,-124,0
2743.97154712677,7964,7720,11024,-131,-29,64,6984,-8040,11500,-28,163,-171,-13208,3520,6992,-1022,96,-71,-13384,-6504,6352,-471,153,-146,0
2744.00515294075,7960,7704,11172,-122,5,58,7076,-8244,11212,-73,143,-177,-13252,3420,6936,-984,49,-53,-13428,-6476,6332,-449,106,-177,0
2744.038598060608,7940,7804,11160,-169,14,62,7072,-8168,11180,-51,156,-149,-13356,3492,7032,-1010,61,253,-13424,-6348,6352,-455,90,-179,0
2744.072140932083,8168,7444,11152,-163,-6,85,7076,-7976,11164,-39,151,-142,-13304,3508,7048,-771,58,-27,-13212,-6384,6452,-484,119,-128,0
2744.1057801246643,7948,7752,10972,-145,-12,88,7024,-8096,11400,-81,137,-151,-13156,3448,7036,-993,83,-37,-13348,-6452,6436,-481,106,-133,0
2744.1389639377594,8156,7736,11016,-156,-4,72,6984,-8200,11424,-85,124,-160,-13288,3468,6892,-982,42,-60,-13540,-6540,6404,-461,115,-131,0
2744.172105073929,7960,7768,11080,-141,-40,73,7152,-8060,11204,-80,127,-177,-13364,3516,6976,-994,71,-45,-13356,-6444,6248,-472,119,-131,0
2744.205595970154,8028,7776,11060,-128,-248,82,6948,-8148,11268,-62,159,-175,-13080,3532,6656,-1024,96,-52,-13280,-6440,6436,-481,135,-150,0
2744.2391381263733,7972,7716,11140,-151,-17,84,7004,-8216,11364,-69,137,-149,-13316,3476,6860,-1004,71,-56,-13452,-6464,6496,-491,143,-132,0
2744.2744410037994,7872,7848,11180,-130,-21,71,7096,-8156,11264,-93,132,-179,-13064,3380,6984,-995,88,-27,-13344,-6436,6308,-453,105,-120,0
2744.310361146927,8128,7772,11040,-95,-256,63,7148,-8192,11220,-80,146,-165,-13160,3420,7136,-1009,70,-48,-13408,-6480,6324,-501,115,-124,0
2744.3456399440765,7944,7464,11248,-116,0,77,7016,-8228,11008,-40,152,-170,-13348,3448,7112,-1036,64,-62,-13372,-6416,6420,-520,140,-165,0
2744.3805861473083,8144,7724,11024,-139,24,94,7412,-8160,11320,-3,120,-132,-13316,3416,6916,-1039,56,-14,-13264,-6508,6164,-510,96,-146,0
2744.415638923645,7992,7844,10976,-102,21,69,6948,-7944,11208,-91,172,-140,-13336,3472,6756,-774,94,-59,-13404,-6544,6272,-494,98,-144,0
2744.4514529705048,7876,7820,11260,-173,28,81,7068,-8432,11280,-36,134,-152,-13300,3552,6948,-972,60,-8,-13376,-6388,6288,-453,99,-114,0
2744.487738132477,7868,7824,11100,-144,49,85,6972,-8204,11192,-49,154,-137,-13260,3484,6816,-1023,83,-29,-13312,-6416,6572,-467,120,-125,0
2744.5228769779205,8060,8028,11088,-117,32,123,6984,-8092,11312,-58,126,-151,-13256,3528,6924,-1024,81,9,-13244,-6500,6376,-480,79,-133,0
2744.5581860542297,7844,7876,11236,-130,-255,96,6912,-8192,11180,-72,132,-151,-13212,3496,7124,-980,104,-41,-13176,-6360,6356,-475,113,-123,0
2744.5946741104126,7796,7844,11144,-164,-21,100,7012,-8084,11156,-42,120,-166,-13280,3448,7156,-998,117,-84,-13360,-6468,6640,-487,140,-114,0
2744.629599094391,7992,7816,11004,-135,-60,104,7020,-8060,11192,-23,122,-189,-13244,3524,6880,-992,95,-47,-13352,-6476,6564,-476,157,-110,0
2744.664845943451,8176,7748,11120,-158,-65,109,7080,-8252,11504,-27,110,-225,-13276,3420,6916,-1005,119,-74,-13068,-6416,6648,-758,182,-99,0
2744.7002420425415,7912,7844,10812,-166,-128,108,7088,-8116,11264,-34,120,-199,-13280,3836,6892,-1011,121,-58,-13332,-6496,6444,-484,127,-109,0
2744.735705137253,7796,7920,11016,-165,-1,125,7380,-7940,11296,-18,171,-125,-13344,3552,7148,-1044,124,-79,-13392,-6512,6464,-484,162,-114,0
2744.7709560394287,7956,7776,11008,-154,-52,120,7064,-8192,11352,-7,88,-157,-13348,3464,7036,-1044,148,-16,-13356,-6636,6576,-518,114,-124,0
2744.80611205101,7888,7848,11024,-121,-54,130,7072,-8244,11048,-56,101,-163,-13148,3420,6996,-1038,114,-62,-13312,-6484,6528,-487,83,-93,0
2744.8418769836426,7692,7716,11128,-147,-18,137,7112,-8204,11336,-44,128,-127,-13080,3456,6684,-1014,123,-252,-13356,-6508,6496,-486,111,-121,0
2744.8778100013733,7808,7748,11124,-170,-29,108,7100,-8012,11280,-53,144,-196,-13296,3468,6728,-1006,79,-77,-13296,-6456,6532,-494,134,-115,0
2744.912665128708,7904,7800,11104,-192,-72,110,7000,-7952,11068,-24,124,-186,-13304,3444,7020,-1002,86,-75,-13168,-6352,6400,-484,164,-132,0
2744.9482049942017,7920,7780,11108,-146,-68,108,7084,-8140,11364,14,145,-179,-13268,3492,6920,-1029,101,-64,-13244,-6568,6216,-488,171,-110,0
2744.9816920757294,7780,8092,11204,-168,-90,103,6980,-8120,11068,-14,121,-222,-13260,3408,6964,-991,111,-117,-13268,-6596,6256,-473,199,-82,0
2745.01527094841,7824,7960,11032,-157,-100,114,7292,-8040,11296,-81,106,-210,-13264,3452,7112,-938,139,-93,-13336,-6524,6512,-472,174,-124,0
2745.048979997635,8008,7856,11016,-158,-111,139,7016,-8220,11208,-77,118,-185,-13200,3488,7008,-1020,144,-75,-13288,-6440,6460,-487,124,-87,0
2745.0824661254883,7860,7736,11224,-183,-84,134,6960,-8024,11324,-255,89,-157,-13172,3492,7092,-1047,102,-63,-13280,-6428,6460,-499,155,-88,0
2745.1161251068115,7848,7792,11072,-168,-42,160,7024,-8088,11444,21,106,-153,-13264,3448,6936,-1064,134,2,-13384,-6540,6516,-766,98,-83,0
2745.1521100997925,7884,7840,11168,-133,-62,145,7104,-8212,11208,-78,102,-137,-13284,3500,6996,-994,47,-253,-13400,-6440,6532,-522,86,-94,0
2745.1859569549565,7972,7788,10984,-156,12,111,7076,-8236,11176,-37,123,-110,-13080,3476,7116,-1276,102,-28,-13360,-6420,6644,-492,73,-71,0
2745.219531059265,7948,7688,11220,-168,-15,117,7068,-8128,11180,-23,113,-144,-13164,3388,6912,-1015,42,-21,-13124,-6460,6452,-455,103,-110,0
2745.2530770301814,7840,7892,11016,-201,-25,112,7100,-8168,11128,-48,134,-175,-13244,3368,7000,-1015,88,-90,-13080,-6508,6160,-431,106,-136,0
2745.2867119312286,7736,7860,11188,-170,-57,67,6932,-8140,11364,-59,175,-197,-13276,3460,7056,-940,88,-60,-13256,-6524,6408,-420,155,-166,0
2745.3201360702515,7784,7856,11076,-210,-81,40,6984,-8220,11408,-35,207,-231,-13224,3520,7068,-962,51,-126,-13344,-6472,6460,-437,239,-143,0
2745.3537549972534,7912,7876,11148,-195,-149,71,7012,-8244,11388,251,161,-235,-13304,3424,6976,-968,82,-177,-13252,-6484,6560,-448,235,-74,0
2745.3870880603786,7860,7900,11240,-246,-196,117,6964,-8448,11164,-18,111,-276,-13308,3420,6940,-1004,185,-163,-13348,-6472,6560,-470,235,-51,0
2745.420594930649,7788,7768,10908,-247,-241,182,6972,-8240,11364,5,84,-254,-13264,3512,6892,-986,209,-139,-13324,-6448,6476,-493,220,-41,0
2745.4540579319005,7808,7896,11128,-187,-184,193,7060,-8212,11284,-10,88,-203,-13272,3404,6932,-989,175,-71,-13316,-6332,6536,-484,173,-31,0
2745.487643003464,8116,7744,11172,-215,-194,199,7128,-8428,11100,10,108,-201,-13552,3556,7136,-1278,195,-111,-13392,-6376,6572,-267,190,-22,0
2745.5209369659424,8064,7508,11080,-212,-174,205,7096,-8012,11360,29,112,-173,-13212,3516,6948,-1042,229,-129,-13432,-6400,6464,-261,178,-41,0
2745.5544250011444,8168,7828,11204,-224,-170,229,7080,-8292,11292,-20,77,-173,-13488,3428,6912,-967,174,-93,-13452,-6504,6388,-485,144,-41,0
2745.587911128998,7980,7768,11224,-264,-180,168,7188,-8264,11132,-13,108,-191,-13376,3432,6880,-989,164,-72,-13364,-6456,6552,-481,197,-57,0
2745.6215801239014,8152,7680,11008,-252,-184,165,7028,-8116,11116,85,109,-190,-13268,3416,6936,-1018,143,-120,-13316,-6456,6404,-462,198,-61,0
2745.6544830799103,7940,7704,11092,-217,-157,138,7108,-8100,11268,44,128,-222,-13292,3460,6864,-998,173,-131,-13360,-6292,6424,-463,192,-89,0
2745.6880829334254,8024,7688,11116,-225,-160,146,7028,-8204,11140,28,132,-223,-13340,3528,6860,-975,140,-105,-13432,-6364,6524,-459,171,-91,0
2745.721955060959,7972,7756,11056,-290,-168,142,7112,-7964,11068,33,138,-217,-13224,3460,7060,-979,184,-99,-13332,-6656,6452,-423,160,-80,0
2745.7553899288177,8176,7776,11288,-285,-163,158,7048,-8080,11180,-17,133,-168,-13336,3388,6996,-999,131,-75,-13564,-6364,6384,-445,112,-88,0
2745.788962125778,8140,7720,11096,-510,-146,174,6960,-8116,11400,4,108,-165,-13560,3492,7148,-1006,113,-100,-13564,-6580,6408,-464,161,-75,0
2745.8225021362305,7980,7800,10984,-216,-141,125,7016,-8148,11224,23,99,-200,-13184,3416,7040,-1276,108,-121,-13320,-6448,6532,-505,158,-108,0
2745.856034040451,7992,7748,11084,-206,-177,134,7004,-8236,11468,-41,88,-213,-13228,3380,7016,-999,105,-133,-13324,-6432,6484,-468,180,-86,0
2745.889713048935,7996,7776,11096,-186,-152,105,7020,-8036,11028,-74,127,-234,-13424,3392,6960,-971,134,-109,-13556,-6176,6440,-533,200,-140,0
2745.923135995865,7932,7668,11112,-203,-217,120,7092,-8184,11352,-256,161,-204,-13200,3484,6872,-773,104,-92,-13388,-6392,6716,-527,236,-120,0
2745.959743976593,8064,7744,11212,-118,-92,96,7120,-8036,11208,-63,74,-195,-13336,3368,6892,-965,111,-59,-13320,-6384,6512,-397,79,-102,0
2745.9950480461125,8076,7696,11152,-225,-60,106,7236,-8124,11120,-88,159,-156,-13320,3412,7032,-984,106,-245,-13368,-6408,6436,-446,99,-115,0
2746.0308310985565,8052,7880,10876,-153,-38,88,7092,-8156,11212,-92,168,-155,-13276,3408,6916,-1270,53,-64,-13392,-6444,6516,-442,115,-154,0
2746.066092967987,8008,7736,11180,-145,19,20,7188,-7948,11280,-24,196,-184,-13332,3440,7072,-959,20,-44,-13404,-6556,6392,-474,100,-187,0
2746.101865053177,8028,7744,11376,-131,6,22,7108,-8220,11308,-53,184,-171,-13276,3488,7100,-1007,14,-76,-13280,-6524,6484,-473,145,-186,0
2746.1379170417786,7892,7440,11116,-118,-37,44,7028,-8052,11124,-59,153,-184,-13240,3488,7120,-996,68,-60,-13304,-6500,6412,-457,122,-144,0
2746.1730539798737,7904,7680,11140,-129,-2,34,6964,-8064,11272,-80,136,-206,-13312,3544,6732,-1004,74,-41,-13420,-6468,6620,-462,136,-143,0
2746.2087740898132,7908,7468,11064,-117,-6,71,7048,-8184,11284,-41,144,-155,-13084,3512,6928,-1279,31,-71,-13424,-6544,6444,-465,115,-129,0
2746.24419093132,7960,7716,11152,-96,-255,100,7008,-8124,11368,-84,165,-159,-13396,3524,7032,-1015,70,-34,-13300,-6440,6448,-260,82,-156,0
2746.279547929764,8072,7784,11232,-128,34,84,7044,-8028,11468,-83,140,-144,-13420,3544,6968,-1005,88,3,-13312,-6420,6364,-476,80,-109,0
2746.3147001266484,8028,7800,11028,-128,0,73,7028,-8436,11392,-69,82,-143,-13368,3500,7012,-1272,55,53,-13400,-6460,6428,-468,42,-119,0
2746.350317955017,7992,7700,11060,-108,32,93,7104,-8056,11284,-94,91,-146,-13328,3432,6768,-1003,40,223,-13264,-6332,6404,-490,73,-149,0
2746.38546705246,7912,7744,11088,-132,-248,53,7128,-8296,11492,-86,96,-187,-13088,3352,7136,-1015,35,-52,-13388,-6636,6480,-767,115,-191,0
2746.4217550754547,7876,7724,11228,-131,-46,67,7112,-8284,11292,-16,172,-178,-13096,3448,6812,-1007,18,-72,-13544,-6476,6360,-492,157,-188,0
2746.456113100052,8188,7752,11168,-97,-54,56,7100,-8216,11228,-39,161,-207,-13196,3356,6884,-972,58,-77,-13268,-6444,6436,-450,129,-123,0
2746.4923429489136,7692,7844,11156,-100,-63,55,7052,-8196,11220,-69,135,-198,-13228,3436,6984,-990,80,-79,-13352,-6464,6540,-467,131,-147,0
2746.5275049209595,7932,7744,11112,-135,-20,67,7064,-8140,11468,-100,177,-178,-13324,3504,7084,-948,83,-24,-13408,-6548,6476,-471,47,-149,0
2746.5634911060333,7992,7924,11152,-135,-35,21,7132,-8308,11164,-65,209,-165,-13360,3624,6928,-968,2,-32,-13312,-6596,6500,-495,88,-196,0
2746.5999360084534,7872,7760,11096,-158,10,39,7036,-8420,11240,-23,214,-161,-13232,3508,7016,-1020,47,-62,-13308,-6612,6500,-495,98,-182,0
2746.6335849761963,7908,7896,11032,-149,-22,33,7060,-8068,11260,-78,159,-163,-13332,3532,6960,-958,40,-26,-13340,-6556,6532,-485,101,-158,0
2746.6671190261845,7944,7804,11120,-182,-34,20,6964,-8228,11180,-88,216,-181,-13064,3448,6716,-947,63,-37,-13316,-6436,6220,-421,128,-170,0
2746.700653076172,7840,7808,11052,-165,-47,64,7076,-8200,11304,-64,165,-171,-13224,3432,6908,-984,58,-58,-13556,-6464,6500,-470,129,-126,0
2746.734358072281,7904,7820,11008,-157,10,88,7032,-8364,11164,-33,148,-159,-13276,3528,7064,-962,62,-96,-13568,-6656,6476,-470,92,-151,0
2746.7675819396973,7920,7796,11212,-170,-49,64,6984,-8136,11292,-59,197,-187,-13296,3412,7160,-957,40,-46,-13564,-6444,6620,-455,88,-158,0
2746.8010909557343,7852,7840,11300,-168,-18,59,7044,-8172,11260,-100,161,-173,-13400,3452,6808,-971,76,-84,-13168,-6448,6636,-430,140,-133,0
2746.8348009586334,7868,7816,11256,-161,-81,63,7100,-8136,11248,-44,155,-181,-13232,3428,6888,-967,97,-70,-13228,-6424,6484,-469,148,-154,0
2746.868267059326,7796,7748,11132,-168,-61,77,6920,-8180,11476,-54,165,-193,-13232,3536,6916,-987,83,-69,-13568,-6460,6496,-470,121,-126,0
2746.901612997055,7864,7764,11108,-134,-80,88,7004,-8196,11108,-52,138,-179,-13268,3568,7064,-988,83,-48,-13364,-6540,6460,-510,149,-117,0
2746.935231924057,7912,7776,11100,-163,-49,101,7000,-8228,11188,-26,131,-182,-13256,3528,6956,-1001,87,-40,-13280,-6368,6516,-524,139,-140,0
2746.9687390327454,7832,7896,10884,-157,-25,84,7020,-8116,11156,-43,172,-160,-13228,3520,6776,-1031,70,-92,-13332,-6476,6356,-484,149,-96,0
2747.0021889209747,7832,7848,10832,-138,-29,98,6912,-8240,11436,-35,144,-183,-13204,3524,6936,-1040,132,-73,-13332,-6564,6460,-474,120,-132,0
2747.0357830524445,7776,7820,10836,-172,-33,112,7028,-8448,11504,-53,137,-169,-13244,3456,6928,-991,90,-57,-13428,-6472,6520,-468,128,-111,0
2747.0693521499634,7896,7816,11068,-178,-53,100,7040,-8136,11220,-43,197,-167,-13308,3404,6936,-952,88,-55,-13272,-6236,6548,-468,178,-102,0
2747.1028530597687,7856,7880,11204,-224,-121,118,7068,-8204,11328,3,167,-207,-13280,3508,7144,-977,132,-90,-13304,-6492,6532,-430,233,-82,0
2747.1365020275116,7884,7832,10976,-223,-187,137,7008,-8212,11156,-14,135,-224,-13252,3496,7100,-981,154,-176,-13460,-6496,6400,-476,221,-25,0
2747.1699869632725,7776,7828,11200,-211,-206,169,7040,-8436,11244,-15,110,-214,-13240,3512,6740,-995,173,-162,-13220,-6448,6568,-494,234,-77,0
2747.2031779289246,7844,7820,11064,-214,-235,203,6960,-8188,11304,29,92,-219,-13084,3332,7088,-1016,167,-115,-13088,-6456,6484,-478,1,-52,0
2747.2368371486664,7868,7720,11140,-243,-198,188,6960,-8152,11096,-238,125,-209,-13244,3580,7084,-967,176,-98,-13348,-6492,6440,-491,190,-1,0
2747.270322084427,7964,7820,11092,-241,-148,207,7060,-8252,11040,-3,118,-176,-13252,3548,7080,-980,198,-85,-13344,-6420,6392,-501,170,-48,0
2747.30366897583,7980,7800,11284,-285,-176,222,7088,-8416,11480,51,96,-182,-13236,3520,6920,-1038,168,-139,-13252,-6424,6440,-478,174,-50,0
2747.337510108948,7908,7856,10964,-502,-148,198,7020,-8092,11516,59,87,-156,-13260,3408,6964,-1048,174,-151,-13388,-6492,6444,-468,188,-38,0
2747.3710839748383,7920,7872,11180,-212,-171,177,7104,-8168,11304,25,79,-195,-13468,3460,6992,-1017,174,-60,-13404,-6468,6424,-515,206,-41,0
2747.4040660858154,8020,7788,11088,-296,-169,181,7072,-7944,11020,29,110,-228,-13304,3468,6880,-997,185,-91,-13448,-6320,6536,-470,187,-37,0
2747.4376730918884,7956,7764,11036,-265,-144,184,7116,-8192,11236,39,135,-186,-13272,3524,6928,-993,134,-127,-13368,-6612,6544,-449,140,-66,0
2747.4711930751805,8056,7832,10932,-298,-138,185,7056,-8128,11232,15,125,-154,-13296,3368,6880,-1019,162,-113,-13568,-6184,6452,-470,112,-70,0
2747.5047340393066,7804,7732,11052,-269,-150,185,7092,-8188,11284,1,134,-170,-13352,3360,7096,-970,144,-42,-13064,-6424,6432,-760,128,-83,0
2747.538454055786,7864,7716,11000,-217,-139,151,6972,-8172,11376,-5,99,-198,-13292,3488,6916,-990,123,-89,-13284,-6444,6400,-461,181,-96,0
2747.5720870494843,7784,7788,11096,-238,-193,148,7048,-8404,11160,22,105,-247,-13152,3412,6924,-995,148,-125,-13412,-6432,6488,-490,218,-80,0
2747.6053740978246,7936,7696,11156,-231,-182,123,7096,-8072,11176,-11,109,-511,-13300,3416,6876,-1008,118,-123,-13076,-6632,6472,-500,205,-100,0
2747.6418979167934,7964,7732,11036,-225,-185,141,7088,-8144,11128,-17,126,-218,-13516,3776,6784,-983,148,-95,-13396,-6324,6592,-469,205,-91,0
2747.6780869960785,8032,7592,11124,-206,-111,117,7116,-8104,11220,-37,142,-190,-13060,3516,6888,-999,137,-130,-13360,-6364,6500,-485,167,-95,0
2747.7137010097504,8028,7456,11180,-172,-109,119,7192,-8104,11176,-34,136,-185,-13364,3448,6688,-996,112,-81,-13376,-6396,6424,-482,133,-118,0
2747.7489631175995,7976,7720,11060,-137,-73,95,7136,-8120,11156,-35,140,-166,-13360,3488,7052,-1034,73,-33,-13296,-6436,6400,-476,121,-140,0
2747.7849719524384,7992,7644,10756,-174,-18,85,7160,-8092,11108,-69,171,-145,-13276,3532,7160,-1001,91,-63,-13432,-6404,6444,-469,99,-161,0
2747.8208050727844,8156,7616,11196,-141,-6,49,7084,-8268,11128,254,139,-155,-13304,3496,6992,-1016,29,-51,-13368,-6324,6436,-502,125,-131,0
2747.8559460639954,8164,7452,11072,-113,247,102,7040,-8092,11048,-32,129,-140,-13284,3608,6832,-1028,95,-64,-13312,-6404,6436,-513,98,-136,0
2747.8912789821625,7844,7704,11044,-103,255,111,7032,-8048,11064,-48,99,-169,-13184,3472,7024,-1065,114,-32,-13088,-6392,6400,-492,153,-110,0
2747.9270889759064,7940,7720,11080,-116,-31,127,7048,-8060,11180,-38,121,-141,-13384,3396,7012,-1018,111,-60,-13400,-6364,6648,-505,135,-107,0
2747.962383031845,8092,7688,11064,-101,-35,142,7008,-8224,11048,-77,96,-117,-13292,3536,7044,-1067,118,220,-13324,-6152,6652,-568,106,-105,0
2747.9988300800323,7956,7612,11144,-134,24,144,7016,-8216,11256,-18,76,-70,-13424,3580,7060,-1092,123,38,-13396,-6212,6524,-579,57,-141,0
2748.0340621471405,7896,7880,11016,-46,89,160,7044,-8132,11460,-45,86,-70,-13364,3504,7032,-1090,99,3,-13432,-6476,6580,-564,48,-112,0
2748.0694019794464,7908,7832,11152,-76,39,107,7136,-8384,11152,-52,123,-105,-13368,3416,6960,-1000,80,29,-13212,-6452,6520,-258,119,-140,0
2748.1044070720673,7960,7780,11100,-115,27,111,7136,-8164,11176,-82,122,-144,-13372,3572,6876,-984,70,-73,-13436,-6600,6156,-487,98,-136,0
2748.140205144882,7788,7792,11244,-155,9,83,7072,-8060,11208,-71,154,-141,-13292,3472,6996,-985,74,-2,-13372,-6488,6428,-461,90,-178,0
2748.17561006546,7948,7720,11020,-163,18,47,7040,-8088,11212,-65,199,-168,-13548,3448,7080,-933,6,-127,-13096,-6640,6616,-423,119,-177,0
2748.210951089859,7952,7760,11116,-179,-61,254,6920,-8192,11308,-90,231,-229,-13188,3456,6704,-950,-10,-94,-13400,-6516,6380,-427,160,-217,0
2748.247148990631,7816,7836,11072,-148,-51,-24,7048,-8104,11252,-49,205,-231,-13368,3488,7016,-920,-10,-125,-13288,-6456,6436,-443,167,-204,0
2748.2836899757385,7932,7840,10980,-170,-38,22,7072,-8132,11420,-9,170,-216,-13204,3452,7060,-987,42,-64,-13260,-6408,6416,-467,152,-151,0
2748.317332983017,7892,7792,11196,-141,-48,62,7056,-7940,11472,-54,144,-196,-13244,3624,7292,-1010,87,-35,-13408,-6640,6264,-482,120,-110,0
2748.3509600162506,7712,7504,11252,-154,-36,106,6956,-8244,11464,-38,95,-138,-13076,3548,7164,-1010,118,-21,-13388,-6168,6540,-491,72,-97,0
2748.3842051029205,7876,7700,11220,-128,255,150,7092,-8256,11140,-53,118,-129,-13284,3544,6780,-1025,115,-56,-13568,-6640,6508,-493,65,-101,0
2748.4177651405334,7884,7728,11216,-148,250,163,7044,-8284,11160,-24,114,-116,-13288,3808,6916,-1018,119,3,-13568,-6436,6504,-491,68,-69,0
2748.4511771202087,7900,7784,11088,-109,-7,143,7036,-8288,11108,-74,84,-122,-13312,3524,7028,-1049,125,-5,-13516,-6484,6484,-511,86,-81,0
2748.4847021102905,7856,7776,11164,-164,-27,133,6964,-8280,11292,-79,135,-151,-13304,3564,6856,-982,107,-43,-13356,-6356,6468,-453,101,-120,0
2748.5182321071625,8124,7740,11160,-163,-64,106,7148,-8212,11260,-56,126,-177,-13256,3620,6988,-997,72,-70,-13260,-6448,6444,-494,122,-149,0
2748.551769018173,7816,7912,11116,-161,-49,85,7124,-8156,11168,-4,147,-182,-13324,3472,6864,-998,44,-106,-13260,-6464,6576,-463,127,-143,0
2748.5851130485535,7900,7752,11080,-165,-60,66,7088,-8212,11488,-24,194,-198,-13180,3476,7112,-1004,32,-118,-13356,-6452,6400,-449,192,-129,0
2748.6189551353455,7924,7756,11164,-178,-110,45,6976,-8188,11204,-54,165,-237,-13212,3472,6716,-981,66,-41,-13296,-6476,6428,-460,161,-158,0
2748.652009010315,7912,7768,11168,-167,-67,82,7056,-8232,11244,-58,143,-224,-13184,3532,7000,-965,84,-52,-13324,-6432,6532,-473,130,-142,0
2748.685750961304,7976,7660,11040,-179,-103,68,7068,-8272,11340,-16,161,-185,-13304,3516,7076,-1013,77,-94,-13256,-6436,6536,-495,148,-144,0
2748.7193660736084,7876,7820,11152,-181,-40,109,7096,-8052,11180,6,144,-184,-13260,3468,7160,-1011,64,-95,-13184,-6552,6512,-492,114,-127,0
2748.7529079914093,7912,7824,11084,-143,-65,101,7108,-8256,11060,-55,114,-182,-13316,3496,7100,-1002,88,-63,-13276,-6356,6644,-509,115,-123,0
2748.7867591381073,7700,7916,11020,-189,-64,100,7120,-8124,11216,-53,102,-151,-13308,3500,6928,-1016,103,-38,-13292,-6396,6464,-474,96,-100,0
2748.8202850818634,7696,7812,11100,-206,-48,94,7068,-8120,11160,-54,153,-166,-13252,3512,6820,-773,109,-10,-13388,-6160,6504,-478,112,-139,0
2748.85386800766,7844,7744,11124,-186,-39,119,7140,-8224,11280,-36,154,-139,-13272,3496,7024,-982,83,-54,-13348,-6496,6496,-463,107,-121,0
2748.88725399971,7836,7788,11128,-166,-29,102,7052,-8252,11248,-53,131,-133,-13196,3400,6944,-994,108,-53,-13260,-6452,6516,-753,107,-125,0
2748.9207241535187,7920,7804,11112,-174,-31,113,7016,-8444,11108,-73,113,-161,-13172,3536,7096,-986,94,-80,-13068,-6484,6308,-477,114,-140,0
2748.9544661045074,7840,7764,11176,-165,-58,106,7040,-8280,11328,-26,147,-164,-13284,3496,6696,-1005,89,-54,-13256,-6364,6448,-468,163,-133,0
2748.9881160259247,7796,7884,11104,-193,-103,118,7020,-8216,11172,-19,145,-194,-13212,3532,6816,-1047,116,-46,-13264,-6420,6500,-480,151,-106,0
2749.0216960906982,7888,7716,11180,-163,-110,103,7072,-8208,11224,5,128,-204,-13184,3492,6940,-1036,115,-108,-13128,-6468,6484,-493,185,-127,0
2749.0552439689636,7920,7696,10996,-163,-52,127,7020,-8244,11168,-11,122,-178,-13088,3512,6984,-1276,102,-130,-13160,-6460,6564,-491,135,-114,0
2749.0887920856476,8080,7800,11248,-178,-44,89,7112,-8172,11428,-253,203,-155,-13316,3548,6944,-994,78,-130,-13428,-6412,6460,-462,180,-95,0
2749.122461080551,7896,7820,11020,-217,-114,124,6980,-8252,11288,43,172,-182,-13252,3524,6976,-1028,114,-117,-13108,-6508,6840,-478,216,-57,0
2749.155694961548,7764,7900,11012,-237,-191,186,7012,-8288,11304,3,132,-185,-13204,3556,7160,-991,160,-87,-13344,-6424,6612,-515,206,-66,0
2749.189432144165,7860,8152,11180,-195,-182,168,7008,-8364,11192,-38,103,-170,-13240,3540,7056,-983,143,-117,-13288,-6436,6608,-524,153,-67,0
2749.222769021988,7732,7784,11228,-229,-187,225,7048,-8396,11200,3,123,-180,-13348,3428,6952,-1017,202,-143,-13260,-6516,6592,-466,185,-80,0
2749.256416082382,7804,7896,10844,-208,-149,200,6988,-8228,11224,32,136,-197,-13268,3420,6744,-996,204,-105,-13296,-6492,6420,-465,212,-253,0
2749.289749145508,7944,7844,11192,-210,-169,162,7196,-8152,11212,-1,160,-187,-13316,3524,6972,-971,154,-98,-13568,-6448,6424,-467,184,-57,0
2749.326084136963,8024,7860,10824,-247,-189,173,6996,-8080,11332,16,131,-196,-13272,3444,7104,-964,180,-126,-13340,-6380,6344,-443,189,-54,0
2749.3618910312653,7996,7816,11048,-265,-173,201,6964,-8188,11192,25,135,-201,-13252,3436,6816,-976,222,-128,-13396,-6332,6152,-453,205,-19,0
2749.398328065872,8068,7752,11208,-220,-165,208,7144,-8160,11252,24,116,-190,-13208,3440,6956,-1031,193,-109,-13368,-6440,6444,-520,190,-61,0
2749.4339039325714,8012,7724,10876,-191,-132,180,7156,-8136,11200,11,117,-182,-13260,3488,6744,-1019,160,-132,-13260,-6384,6416,-504,165,-69,0
2749.4692399501805,7800,7652,11072,-213,-147,145,7044,-8228,11328,10,91,-196,-13532,3424,6996,-1019,113,-108,-13144,-6164,6516,-490,205,-109,0
2749.5040469169617,8128,7700,11248,-246,-158,129,7072,-8132,11128,16,171,-221,-13240,3556,6896,-983,117,-118,-13356,-6436,6412,-468,218,-78,0
2749.539724111557,8124,7804,10804,-244,-201,129,6720,-8112,11192,20,132,-226,-13080,3576,6872,-1048,158,-167,-13344,-6376,6724,-437,239,-70,0
2749.5745420455933,7952,7740,11008,-267,-201,173,6948,-8132,11508,15,114,-237,-13224,3344,6828,-1019,199,-119,-13336,-6176,6516,-466,205,-34,0
2749.610495090484,7884,7732,11432,-230,-222,206,6988,-8420,11352,-11,94,-201,-13244,3576,6972,-1011,204,-115,-13296,-6416,6484,-475,182,-30,0
2749.645529985428,7936,7768,11180,-234,-182,205,7012,-8216,11220,-24,76,-190,-13304,3352,7116,-1001,170,-113,-13368,-6500,6536,-485,167,-64,0
2749.6818749904633,7996,7640,11240,-220,-182,163,6992,-8088,11164,-2,94,-198,-13244,3392,7036,-1002,128,-77,-13400,-6388,6412,-768,177,-89,0
2749.717891931534,8084,7700,11152,-227,-163,127,7368,-8120,11260,-12,95,-189,-13220,3432,7028,-1037,116,-115,-13408,-6648,6368,-523,165,-89,0
2749.7527351379395,8156,7688,10988,-204,-133,153,7164,-8132,11340,8,124,-186,-13424,3348,6660,-1024,110,-52,-13360,-6472,6452,-513,177,-88,0
2749.787600040436,7996,7652,11088,-162,-102,145,7008,-7992,11280,-41,102,-189,-13280,3408,6896,-1016,123,-87,-13108,-6376,6408,-480,132,-116,0
2749.8233330249786,8036,7644,10984,-164,-66,110,7164,-8056,11240,-43,107,-179,-13268,3380,7136,-988,104,-36,-13092,-6340,6392,-459,112,-136,0
2749.858318090439,8028,7608,11000,-172,17,73,7140,-8132,11228,-72,161,-142,-13376,3528,6896,-999,64,-21,-13144,-6260,6488,-454,81,-140,0
2749.89394402504,8020,7744,11072,-196,9,77,7140,-7952,11128,-45,138,-141,-13292,3500,7056,-980,62,-255,-13392,-6384,6572,-442,76,-145,0
2749.9295251369476,7876,7696,11148,-150,28,82,7116,-8188,11320,-44,177,-132,-13292,3504,6840,-1009,50,-6,-13312,-6420,6384,-459,87,-132,0
2749.9654450416565,7912,7612,11156,-136,-3,85,7016,-7956,11280,-40,156,-157,-13348,3624,6968,-1021,81,-65,-13548,-6380,6288,-481,139,-159,0
2749.9989371299744,7852,7652,11376,-88,-254,62,6748,-8240,11308,-58,151,-168,-13268,3496,6840,-990,49,-63,-13392,-6420,6528,-505,107,-177,0
2750.032408952713,7848,7732,11220,-121,-254,65,7072,-8132,11280,-92,151,-167,-13252,3332,7080,-991,57,-46,-13296,-6428,6500,-503,108,-134,0
2750.0659160614014,7884,7676,11116,-127,-19,91,7108,-8056,11384,-42,150,-153,-13464,3512,6812,-1044,76,-5,-13336,-6336,6352,-475,108,-129,0
2750.099483013153,7960,7720,11516,-130,-11,92,7064,-8180,11320,-35,153,-162,-13372,3484,6756,-1037,66,-32,-13256,-6276,6532,-489,137,-126,0
2750.13267993927,7968,7744,11204,-152,-11,78,7052,-8160,11272,-61,167,-140,-13076,3416,6908,-980,90,-78,-13432,-6464,6712,-492,69,-144,0
2750.1719501018524,8004,7716,11124,-107,-15,65,7108,-7952,11048,-68,149,-151,-13416,3804,6832,-993,64,-41,-13376,-6400,6572,-518,92,-185,0
2750.2054519653325,7992,7776,11200,-171,-44,34,6960,-8128,11292,-56,139,-156,-13284,3524,6868,-1011,255,-35,-13392,-6404,6460,-485,107,-164,0
2750.2387371063232,8128,7804,11152,-101,64,57,7052,-8048,11292,-58,167,-151,-13104,3400,6864,-1002,49,-33,-13400,-6432,6492,-501,65,-178,0
2750.2722029685974,7748,7792,11164,-93,-65,44,7116,-8156,11460,-64,151,-162,-13088,3420,6772,-986,1,-31,-13292,-6412,6496,-498,101,-196,0
2750.305876970291,7948,7728,11108,-161,-248,34,7012,-8192,11240,-39,169,-172,-13064,3504,6932,-1019,61,-43,-13368,-6468,6464,-459,108,-162,0
2750.3391840457916,8188,7748,11112,-183,-250,51,7024,-8108,11264,-60,156,-160,-13356,3472,7084,-1002,49,244,-13276,-6432,6608,-479,82,-180,0
2750.3727180957794,7900,7784,11188,-146,5,55,7056,-8184,11040,-61,131,-130,-13108,3500,7072,-994,38,-4,-13284,-6428,6632,-486,72,-187,0
2750.4060671329494,7952,7676,11252,-138,-11,74,7064,-8144,11008,-79,108,-164,-13196,3636,6840,-977,71,-46,-13084,-6656,6528,-469,85,-166,0
2750.4397420883174,7928,7788,10980,-121,-27,85,7108,-8092,11320,-47,131,-173,-13068,3512,6924,-1008,55,-62,-13076,-6368,6172,-486,164,-136,0
2750.4733340740204,7968,7736,11124,-148,-55,73,6984,-8184,11176,-20,147,-178,-13232,3484,7164,-1024,99,-85,-13228,-6632,6528,-504,131,-142,0
2750.506858110428,7884,7748,11056,-121,-67,109,6956,-8224,11224,-42,146,-192,-13240,3484,7016,-992,79,-59,-13176,-6444,6600,-257,130,-132,0
2750.5404510498047,7968,7668,11020,-128,-85,82,6976,-8180,11212,-50,151,-169,-13232,3504,6928,-987,68,-41,-13360,-6384,6668,-257,126,-132,0
2750.5737829208374,7928,7772,10764,-146,-68,92,7060,-8148,11256,-58,105,-162,-13536,3556,6984,-1018,71,-50,-13376,-6428,6580,-471,90,-131,0
2750.6073710918427,7988,7736,11220,-138,-40,97,7100,-8144,11192,24,134,-158,-13528,3484,6944,-1040,65,-91,-13392,-6472,6468,-485,135,-124,0
2750.6406819820404,7880,7800,11076,-167,-40,89,6920,-8252,11168,-27,143,-151,-13232,3508,7088,-1004,79,-21,-13280,-6500,6488,-484,113,-176,0
2750.6740980148315,7924,7640,11244,-148,-49,99,7052,-8180,11148,-37,135,-157,-13292,3536,6996,-992,66,-26,-13288,-6440,6632,-505,118,-127,0
2750.70774102211,7864,7732,11232,-149,-61,66,7016,-8048,11448,-79,111,-185,-13368,3484,7160,-978,68,-42,-13304,-6428,6428,-508,137,-138,0
2750.7412800788884,7868,7716,11048,-159,-59,70,7052,-8224,11220,-35,133,-166,-13308,3484,6860,-1001,66,-82,-13288,-6352,6636,-542,151,-128,0
2750.774270057678,7904,7888,10984,-142,-43,92,6968,-8224,11164,-25,165,-163,-13208,3544,6972,-1013,69,-59,-13312,-6480,6588,-468,148,-110,0
2750.807932138443,7936,7844,11244,-166,-68,112,7072,-8188,11040,-23,144,-162,-13256,3500,7136,-1011,80,-36,-13356,-6440,6568,-468,156,-109,0
2750.8415889739986,7896,7816,10972,-151,-81,107,7100,-8096,11352,-55,138,-163,-13284,3416,6820,-970,105,-82,-13392,-6440,6448,-481,116,-96,0
2750.8749759197235,7860,7728,11188,-133,-77,110,7068,-8120,11456,-86,145,-152,-13284,3576,7096,-987,125,-89,-13324,-6416,6544,-499,136,-94,0
2750.9082930088043,7788,7684,11132,-220,-76,114,7024,-8152,11072,4,136,-171,-13160,3488,6868,-1037,93,-114,-13272,-6528,6572,-449,163,-61,0
2750.9418461322784,7772,7772,11180,-184,-60,141,6996,-8192,11280,-57,114,-149,-13156,3464,7000,-1034,149,-58,-13064,-6412,6852,-501,129,-115,0
2750.9754581451416,7888,7780,11132,-105,-66,103,7060,-8140,11388,-103,140,-168,-13560,3556,6916,-994,119,-3,-13432,-6408,6500,-508,91,-134,0
2751.0127959251404,7884,7728,11040,-178,-1,64,7044,-8032,10976,-87,179,-143,-13484,3808,6772,-1005,61,-46,-13264,-6392,6400,-455,100,-110,0
2751.0481009483337,7828,7744,11112,-182,7,111,7016,-8144,11396,-35,160,-113,-13368,3540,6872,-1025,91,-24,-13456,-6476,6540,-487,75,-112,0
2751.0838611125946,7912,7836,11044,-173,10,119,7036,-8388,11188,-63,153,-117,-13104,3340,6988,-1040,105,-252,-13236,-6416,6452,-498,47,-133,0
2751.119360923767,7900,7820,11220,-157,18,120,7020,-8228,11164,-69,154,-123,-13248,3340,6912,-974,71,-13,-13208,-6464,6560,-499,83,-145,0
2751.1546261310577,7832,7720,11156,-124,-36,116,7128,-8288,11112,-46,146,-164,-13156,3376,7080,-992,79,-118,-13272,-6488,6588,-469,194,-92,0
2751.1899070739746,7880,7776,11328,-167,-79,120,6964,-8144,11216,26,142,-189,-13168,3708,7036,-1036,101,-85,-13208,-6472,6572,-498,204,-78,0
2751.224931001663,7744,7760,11268,-154,-95,113,7028,-8148,11132,-12,124,-185,-13200,3484,6792,-1027,133,-114,-13276,-6428,6656,-479,204,-95,0
2751.260365009308,7804,7756,11028,-169,-109,110,7120,-7960,11316,-42,140,-206,-13160,3688,6936,-1001,110,-98,-13392,-6516,6580,-461,182,-118,0
2751.2955510616302,7868,7800,11088,-154,-101,90,7132,-8224,11156,-27,169,-209,-13096,3352,7152,-995,85,-108,-13288,-6452,6592,-485,190,-142,0
2751.331727027893,7860,7840,11108,-151,-103,110,7060,-8196,11040,-34,143,-220,-13244,3532,7044,-1059,96,-91,-13260,-6528,6504,-506,178,-156,0
2751.367676973343,7872,7872,11040,-146,-104,104,7076,-8364,11440,-44,141,-188,-13204,3544,6668,-1009,120,-76,-13256,-6436,6528,-469,135,-99,0
2751.4025230407715,7868,7820,11132,-172,-87,116,7124,-8160,11208,-57,166,-198,-13248,3548,6916,-993,119,-53,-13384,-6448,6436,-497,148,-120,0
2751.4376900196075,7700,7904,11112,-164,-53,107,7052,-8172,11236,-17,140,-146,-13524,3472,6896,-1040,144,-27,-13320,-6388,6208,-489,107,-135,0
2751.4737391471863,7680,7796,10868,-116,-33,118,7092,-8400,11104,-32,139,-127,-13196,3464,6988,-1037,99,-47,-13284,-6456,6428,-469,116,-105,0
2751.5092539787292,7868,7828,11168,-200,245,123,7040,-8176,11172,10,142,-168,-13268,3460,6964,-1011,129,-62,-13228,-6596,6444,-459,154,-106,0
2751.5441651344295,7872,7784,11140,-187,-108,148,6908,-8248,11488,19,140,-194,-13252,3560,7064,-1017,139,-121,-13364,-6488,6760,-500,200,-37,0
2751.579437971115,8144,7752,11336,-202,-184,198,7016,-8352,11416,-5,81,-186,-13552,3824,7024,-1047,156,-123,-13532,-6488,6660,-522,228,-69,0
2751.6146371364594,7800,7900,11080,-176,-188,161,7020,-8096,11408,-252,78,-212,-13216,3456,7012,-1002,145,-112,-13528,-6488,6632,-508,146,-88,0
2751.650547027588,7900,7756,11048,-180,-176,151,6884,-8096,11276,-26,142,-195,-13292,3540,6928,-958,156,-96,-13092,-6492,6488,-477,181,-30,0
2751.6838071346283,7860,7772,11120,-276,-135,148,7040,-8140,11348,28,134,-213,-13232,3812,6948,-991,173,-123,-13452,-6364,6372,-446,211,-57,0
2751.7176039218903,7924,7756,11172,-8,-152,154,7112,-8416,11016,44,137,-206,-13084,3484,6980,-1006,125,-131,-13308,-6488,6596,-479,216,-50,0
2751.7511780261993,7964,7716,11140,-271,-168,177,7052,-8200,11344,56,126,-211,-13392,3528,6956,-985,177,-118,-13316,-6480,6476,-489,191,-78,0
2751.7843351364136,7984,7788,11200,-243,-211,170,6972,-8156,11344,22,106,-223,-13312,3508,6888,-976,165,-136,-13308,-6348,6416,-460,212,-40,0
2751.8178730010986,7908,7780,11236,-510,-210,170,6956,-8164,11416,43,82,-235,-13192,3504,7076,-1029,186,-122,-13368,-6388,6476,-496,223,-41,0
2751.8514680862427,8024,7772,10920,-206,-210,179,7056,-8184,11368,37,128,-227,-13248,3384,6712,-1016,184,-119,-13464,-6436,6428,-495,240,-41,0
2751.8846759796143,8004,7744,11100,-207,-221,180,7080,-8120,11180,250,97,-209,-13308,3412,6924,-1038,171,-88,-13340,-6364,6520,-506,182,-52,0
2751.918226957321,7896,7732,10960,-242,-177,163,7092,-8168,11196,32,86,-185,-13336,3404,6888,-1035,139,-151,-13400,-6496,6568,-481,175,-32,0
2751.951805114746,7832,7696,11100,-237,-120,172,7128,-8176,11052,29,82,-180,-13532,3532,7044,-771,139,-98,-13208,-6364,6404,-455,157,-87,0
2751.985440015793,7944,7652,11096,-247,-142,149,7044,-7972,11280,-9,118,-212,-13316,3484,7148,-1273,130,-75,-13076,-6508,6492,-482,188,-101,0
2752.0187020301814,7968,7636,10852,-215,-169,151,7128,-8076,11216,-39,123,-201,-13180,3524,7148,-996,126,-96,-13384,-6400,6516,-463,182,-95,0
2752.0523500442505,7916,7752,11184,-212,-177,109,7024,-8132,11444,-82,143,-229,-13284,3520,6772,-966,132,-98,-13332,-6188,6252,-483,178,-119,0
2752.085727930069,7980,7616,10952,-177,-120,98,7008,-8164,11144,-72,151,-194,-13276,3452,7120,-995,104,-87,-13320,-6384,6516,-468,143,-149,0
2752.119229078293,8024,7644,10976,-156,-87,100,7124,-8092,11292,-27,128,-193,-13312,3392,6848,-1003,92,-63,-13368,-6156,6164,-481,140,-148,0
2752.1526420116425,8100,7668,11108,-162,-53,90,7108,-8128,11300,-50,163,-160,-13324,3412,6824,-1008,76,-58,-13392,-6432,6508,-469,102,-136,0
2752.186150074005,8076,7820,11156,-169,40,76,6992,-8360,11416,-57,148,-146,-13368,3536,6844,-1004,83,-60,-13392,-6396,6376,-468,98,-117,0
2752.2196979522705,8204,7704,11172,-136,-14,101,6940,-8164,11272,-58,142,-137,-13284,3452,6804,-1009,86,-41,-13296,-6408,6400,-512,129,-119,0
2752.2530510425568,8008,7620,11004,-129,254,96,7064,-8220,11172,-30,113,-115,-13300,3448,6776,-1058,81,-30,-13220,-6316,6208,-547,103,-121,0
2752.2860910892487,7916,7736,11152,-79,37,113,7040,-8048,11068,-71,155,-129,-13276,3456,7040,-1045,73,33,-13568,-6528,6524,-501,94,-111,0
2752.319703102112,7836,7728,11124,-103,-34,78,7180,-8140,11312,-86,155,-157,-13564,3468,6864,-998,102,-59,-13420,-6448,6580,-483,92,-113,0
2752.3532400131226,7876,7720,11180,-132,53,71,7040,-8216,11320,-50,129,-141,-13232,3804,7064,-1017,85,-50,-13280,-6336,6496,-495,85,-114,0
2752.3865261077885,7940,7680,11188,-97,37,91,7068,-8188,11324,-94,136,-105,-13384,3548,6960,-1279,36,-252,-13212,-6424,6512,-487,67,-164,0
2752.4200150966644,7900,7732,11092,-130,55,66,7032,-8152,11100,-64,111,-118,-13272,3576,6844,-995,69,-245,-13236,-6464,6524,-487,77,-161,0
2752.453505039215,7832,7824,11116,-133,19,76,6976,-8192,11152,-92,132,-140,-13264,3488,7124,-980,103,-40,-13424,-6328,6388,-482,64,-171,0
2752.486918926239,8028,7760,11064,-106,-16,79,7156,-7960,11300,-64,148,-173,-13076,3480,6684,-996,75,-79,-13332,-6492,6436,-474,152,-144,0
2752.520462036133,7992,7764,11072,-160,-72,81,7016,-8156,11180,-51,162,-192,-13548,3444,6924,-1011,65,-79,-13356,-6464,6548,-481,178,-144,0
2752.5540161132812,8032,7732,11100,-135,-67,66,7068,-8168,11260,-74,135,-226,-13272,3448,6848,-984,87,-111,-13292,-6408,6372,-463,163,-151,0
2752.587461948395,7864,7732,11032,-176,-91,42,7032,-8184,11428,-41,164,-233,-13276,3492,7000,-956,70,-74,-13088,-6636,6492,-445,124,-152,0
2752.62105512619,7884,7836,11184,-202,-22,47,7012,-7948,11488,-65,176,-188,-13352,3484,6900,-1272,67,-89,-13376,-6432,6560,-458,148,-120,0
2752.6540961265564,7820,7724,11220,-167,-82,53,7084,-8440,11124,-31,172,-154,-13308,3564,7104,-1000,64,-50,-13500,-6552,6508,-489,125,-166,0
2752.691801071167,7912,7776,11252,-155,-29,62,6996,-8176,11432,-55,118,-149,-13216,3564,6960,-1009,96,-26,-13344,-6332,6552,-485,68,-104,0
2752.7276859283447,7872,7712,11024,-118,2,113,7108,-8160,11188,-122,121,-141,-13216,3608,6680,-1004,89,-29,-13324,-6352,6528,-503,55,-133,0
2752.763003110885,7884,7668,11024,-163,-5,92,6992,-8216,11432,-36,89,-119,-13152,3544,7024,-1008,60,-59,-13316,-6448,6616,-498,97,-133,0
2752.798676967621,7888,7744,11180,-170,12,120,6908,-8160,11212,3,128,-124,-13148,3584,6936,-1049,123,-56,-13320,-6204,6728,-500,118,-114,0
2752.8337569236755,7908,7812,11164,-152,-47,123,7012,-8000,11024,-61,116,-139,-13228,3588,6872,-1013,70,-72,-13440,-6488,6652,-511,124,-84,0
2752.8697299957275,7924,7884,10792,-163,-59,135,7092,-8256,11272,-85,94,-148,-13432,3360,6952,-1013,142,-62,-13088,-6504,6524,-497,59,-123,0
2752.9048180580135,7816,7788,11140,-153,-27,123,7168,-8104,11200,-50,129,-162,-13292,3560,6920,-999,66,-56,-13264,-6488,6400,-477,149,-112,0
2752.940587043762,7700,7792,11172,-173,-49,66,7024,-8176,11176,-28,133,-189,-13144,3504,6996,-988,58,-107,-13316,-6504,6572,-482,155,-164,0
2752.97559094429,7908,7856,11116,-186,-49,59,7060,-8140,11172,21,173,-182,-13304,3488,7144,-990,117,-95,-13368,-6424,6728,-434,193,-115,0
2753.011234998703,7880,7812,11084,-248,-101,79,7024,-8200,11428,18,163,-230,-13136,3580,6932,-1009,133,-144,-13316,-6532,6488,-451,3,-88,0
2753.046152114868,7896,8048,11180,-225,-188,120,7016,-8236,11296,26,122,-241,-13140,3584,7088,-993,170,-164,-13360,-6492,6604,-483,252,-46,0
2753.0820441246033,7692,7768,11480,-210,-213,169,7056,-8084,11136,-30,76,-234,-13272,3472,6816,-1022,175,-90,-13244,-6220,6596,-257,201,-67,0
2753.117984056473,7868,7804,11204,-230,-209,192,7004,-8168,11156,7,103,-192,-13060,3572,6804,-1040,197,-126,-13292,-6644,6516,-480,192,-17,0
2753.153027057648,8104,7752,11260,-231,-159,238,7072,-8128,11220,61,92,-171,-13272,3368,6736,-1038,223,-106,-13264,-6452,6604,-482,204,-23,0
2753.1888060569763,7740,7808,11244,-247,-202,193,7060,-8188,11272,33,94,-176,-13388,3540,7064,-1276,174,-147,-13352,-6380,6476,-521,199,-50,0
2753.2238831520085,7748,7776,11188,-224,-215,184,6972,-8028,11384,4,120,-193,-13272,3480,6932,-777,200,-123,-13092,-6360,6588,-500,231,-51,0
2753.259894132614,7944,7856,11120,-227,-205,188,7064,-8096,11264,46,94,-230,-13368,3544,6884,-1001,179,-159,-13320,-6612,6460,-492,211,-38,0
2753.294974088669,7876,7776,11004,-252,-216,192,7072,-8120,11280,65,109,-229,-13348,3448,6844,-1008,219,-170,-13376,-6440,6596,-474,214,-43,0
2753.331265926361,7992,7748,11124,-265,-2,177,7116,-8160,11092,20,122,-246,-13268,3428,6872,-1276,172,-127,-13132,-6636,6608,-447,209,-44,0
2753.3647820949554,8072,7776,11088,-246,-239,166,7120,-8164,11244,26,103,-200,-13528,3448,6956,-996,159,-106,-13332,-6420,6464,-437,167,-82,0
2753.3981170654297,8080,7732,11228,-240,-161,138,7148,-8100,11088,-16,125,-225,-13068,3444,6800,-1034,110,-81,-13560,-6216,6508,-489,150,-91,0
2753.4317331314087,8088,7920,10884,-238,-157,135,7068,-8052,11096,-36,109,-186,-13304,3436,6880,-1014,122,-75,-13392,-6428,6644,-502,165,-114,0
2753.465357065201,7948,7684,11060,-173,-93,126,7160,-8088,11208,-42,95,-190,-13300,3536,6720,-997,101,-80,-13436,-6400,6632,-469,114,-136,0
2753.49879193306,8020,7676,10796,-161,-47,85,7064,-8052,11196,-82,132,-149,-13252,3420,6752,-987,75,215,-13548,-6348,6188,-483,98,-157,0
2753.532238960266,8092,7696,10980,-171,34,39,6948,-8264,11412,-51,174,-179,-13352,3368,6800,-998,101,-49,-13404,-6336,6504,-461,111,-135,0
2753.5660099983215,8040,7688,11032,-177,-14,89,7108,-8168,11264,-253,190,-150,-13256,3436,6920,-777,100,-28,-13400,-6356,6524,-468,149,-92,0
2753.5996980667114,7964,7704,11292,-185,-83,100,6972,-8440,11472,-253,148,-179,-13568,3520,7000,-771,100,-75,-13384,-6404,6596,-495,172,-62,0
2753.633010149002,7964,7624,11264,-197,-123,121,7112,-8036,11320,-35,159,-186,-13348,3540,6672,-969,94,-133,-13368,-6444,6720,-499,153,-112,0
2753.6667799949646,8016,7812,11032,-155,-118,114,7100,-8172,11240,-86,136,-195,-13288,3380,6912,-985,115,-88,-13396,-6156,6648,-502,98,-154,0
2753.700282096863,7992,7576,11116,-154,-102,41,7036,-8104,11072,-26,137,-196,-13208,3484,6788,-1023,75,-57,-13280,-6272,6560,-484,121,-157,0
2753.7338490486145,8120,7520,11108,-173,14,44,7040,-7992,11028,48,155,-121,-13252,3428,6916,-769,69,-35,-13348,-6420,6468,-477,72,-170,0
2753.7674469947815,7948,7820,11116,-76,44,50,7048,-8056,11264,-86,133,-150,-13304,3436,6720,-999,62,-8,-13420,-6180,6564,-510,94,-157,0
2753.801113128662,8120,7656,11216,-216,10,46,7108,-8152,11472,-25,187,-158,-13296,3536,6768,-1017,49,-29,-13332,-6352,6496,-474,133,-132,0
2753.8346800804134,8072,7736,11156,-209,10,85,6992,-8096,11204,-51,177,-142,-13140,3504,7068,-1032,51,-39,-13264,-6416,6620,-451,122,-112,0
2753.8681790828705,8060,7704,11008,-148,-256,111,6992,-8048,11168,-45,152,-123,-13072,3428,7016,-1004,74,26,-13392,-6516,6416,-469,106,-114,0
2753.901384115219,8136,7760,11140,-161,-17,89,7016,-8432,11160,-101,135,-157,-13236,3580,7080,-985,85,41,-13272,-6532,6668,-476,82,-137,0
2753.935060977936,7920,7724,11048,-115,-21,122,7100,-8128,11068,-108,131,-132,-13388,3484,6892,-954,61,-39,-13388,-6424,6448,-494,84,-152,0
2753.968579053879,8068,7688,11048,-116,254,80,7112,-8212,11292,-51,160,-132,-13240,3524,6868,-1021,23,-77,-13388,-6360,6480,-498,70,-133,0
2754.0021491050725,7940,7756,11072,-112,10,54,7108,-8104,11268,-51,159,-140,-13280,3508,6916,-1003,34,230,-13312,-6392,6500,-258,72,-133,0
2754.0356829166412,7892,7708,11016,-129,14,48,7112,-8180,11196,-71,153,-175,-13196,3516,7156,-977,73,-28,-13452,-6504,6520,-460,102,-186,0
2754.0692501068115,7864,7724,11084,-166,0,42,7008,-8132,11204,-46,152,-170,-13536,3540,6796,-970,70,-18,-13108,-6636,6588,-469,115,-137,0
2754.1028020381927,7972,7924,11212,-166,11,49,6976,-8192,11252,-43,149,-210,-13260,3556,6932,-980,68,-95,-13280,-6424,6512,-459,132,-137,0
2754.135910987854,7864,7684,11016,-150,-31,90,7028,-7956,11332,-41,157,-200,-13220,3556,6960,-1000,70,-74,-13332,-6364,6556,-478,155,-139,0
2754.1694719791412,7948,7720,11160,-115,-42,62,6992,-8192,11100,-50,156,-195,-13248,3596,6964,-1015,61,-53,-13324,-6472,6524,-485,113,-161,0
2754.202938079834,7816,7740,11124,-141,-51,61,7000,-8252,11224,-74,147,-168,-13228,3440,7096,-993,45,-42,-13184,-6444,6460,-499,84,-177,0
2754.2365710735326,8008,7816,11120,-152,-31,80,7008,-8244,11212,-56,146,-147,-13240,3600,6968,-847,-199,-37,-13452,-6196,6604,-508,73,-158,0
2754.270117998123,7700,7760,11192,-124,26,72,7136,-8192,11232,-44,171,-126,-13240,3460,6748,-777,74,-54,-13088,-6204,6420,-767,86,-122,0
2754.3037800788884,7912,7792,10784,-139,-8,91,7060,-8160,11288,-26,123,-142,-13208,3568,7008,-1012,68,-16,-13272,-6512,6468,-517,117,-126,0
2754.3368449211125,7800,7840,11144,-167,-34,93,7028,-8136,11404,-57,119,-167,-13252,3536,6892,-1011,95,-11,-13372,-6512,6464,-474,140,-117,0
2754.373482942581,7724,7772,11108,-140,-45,99,7096,-8144,11072,-54,121,-169,-13092,3528,6996,-989,76,-72,-13272,-6180,6464,-495,152,-86,0
2754.409403085708,8160,7724,11220,-186,-59,93,7060,-8204,11160,-30,139,-184,-13304,3436,7016,-1035,71,-70,-13568,-6480,6532,-489,173,-133,0
2754.4450039863586,7912,7788,11020,-156,-47,80,6976,-8164,11300,5,143,-157,-13228,3512,6852,-1034,84,-88,-13560,-6516,6524,-469,129,-107,0
2754.4809119701385,7908,7852,11160,-170,-74,82,7108,-8088,11392,-48,157,-172,-13208,3432,6988,-966,129,-74,-13424,-6476,6568,-476,149,-134,0
2754.516106128692,7968,7788,11200,-225,-14,86,7044,-8160,11148,-10,135,-182,-13276,3636,6936,-1003,116,-76,-13280,-6348,6540,-466,153,-98,0
2754.551923990249,7832,7812,11152,-195,-88,140,6972,-8028,11244,-6,124,-147,-13192,3548,7044,-1001,124,-82,-13332,-6364,6644,-458,179,-51,0
2754.587811946869,7832,7828,11228,-233,-135,164,7044,-8432,11040,-22,135,-198,-13176,3560,6944,-994,177,-82,-13468,-6460,6464,-261,166,-44,0
2754.623208999634,7896,7704,11144,-205,-154,180,6956,-8152,11196,-43,77,-212,-13248,3496,6924,-988,166,-93,-13168,-6408,6460,-485,173,-68,0
2754.6587390899654,7896,7640,11180,-187,-162,185,7124,-8172,11320,242,124,-213,-13240,3416,7012,-1009,133,-144,-13160,-6608,6484,-489,251,-80,0
2754.6943960189815,7884,7748,11260,-208,-199,175,7048,-8112,11192,85,129,-233,-13504,3800,6908,-1032,179,-143,-13292,-6592,6636,-520,257,-83,0
2754.7299511432648,7704,7784,10912,-162,-196,166,7136,-8152,11288,16,130,-223,-13288,3472,6904,-774,201,-157,-13128,-6408,6588,-475,257,-80,0
2754.7650520801544,8024,7800,11136,-215,-214,184,7168,-8200,11384,33,94,-220,-13200,3432,6904,-985,181,-105,-13436,-6380,6564,-477,182,-70,0
2754.800796031952,7964,7788,11044,-184,-191,156,7124,-8176,11296,255,129,-209,-13356,3476,6840,-1010,185,-148,-13452,-6188,6556,-493,199,-18,0
2754.8362340927124,7844,7732,11060,-193,-153,173,7108,-8176,11300,30,92,-187,-13376,3440,6956,-1059,175,-92,-13312,-6152,6540,-486,231,-62,0
2754.8718740940094,7996,7724,11296,-219,-189,171,7116,-7964,11108,36,79,-197,-13324,3560,6612,-1017,152,-69,-13384,-6400,6604,-500,185,-70,0
2754.907452106476,8152,7424,11072,-214,-169,165,7088,-7952,11252,13,109,-207,-13284,3500,6848,-994,104,-88,-13416,-6392,6604,-478,165,-85,0
2754.943016052246,7940,7740,11100,-205,-165,136,7060,-8176,11360,37,108,-191,-13272,3576,6968,-1022,132,-142,-13336,-6344,6516,-502,161,-119,0
2754.9787249565125,8036,7748,11088,-174,-171,120,7032,-8260,11200,49,109,-209,-13172,3440,7116,-1036,128,-112,-13324,-6540,6624,-261,175,-101,0
2755.0145540237427,8152,7456,11112,-189,-151,126,7032,-8140,11332,18,103,-195,-13344,3440,6688,-1041,142,-131,-13336,-6424,6460,-487,180,-83,0
2755.0480790138245,8184,7932,11156,-214,-145,144,7100,-8124,11192,-49,115,-215,-13360,3376,6876,-1002,143,-89,-13296,-6180,6544,-472,177,-84,0
2755.08177113533,7980,7736,11004,-173,-145,161,7060,-8056,11220,-52,92,-182,-13288,3496,6932,-978,130,-54,-13364,-6340,6496,-491,132,-100,0
2755.1152961254124,7992,7656,11104,-211,-129,163,7304,-8032,11008,-27,108,-187,-13368,3400,6740,-1012,97,-66,-13388,-6204,6444,-495,158,-117,0
2755.1486370563507,8060,7724,11148,-179,-66,98,7148,-8020,11188,-17,122,-185,-13392,3428,6896,-769,92,-73,-13384,-6344,6544,-483,130,-152,0
2755.1845350265503,8084,7704,11468,-136,-52,41,6944,-8160,11048,-88,169,-181,-13316,3516,6980,-996,79,-70,-13388,-6408,6408,-467,156,-164,0
2755.2184529304504,8064,7880,11016,-171,-10,35,6988,-8028,11220,-57,124,-196,-13288,3528,6540,-987,65,-28,-13376,-6160,6408,-449,109,-159,0
2755.2541620731354,8020,7712,11180,-126,32,56,7208,-8216,11276,-47,160,-131,-13332,3524,6732,-1018,61,-253,-13356,-6324,6428,-447,66,-134,0
2755.2876999378204,8020,7712,11108,-129,66,66,7016,-8016,11236,-64,108,-122,-13508,3828,6828,-1033,72,-27,-13452,-6388,6520,-488,47,-170,0
2755.3212850093846,7928,7764,11156,-115,69,53,7044,-8172,11300,-111,149,-148,-13276,3428,7160,-995,114,-49,-13360,-6472,6432,-487,56,-152,0
2755.3547811508174,7968,7704,11076,-111,35,50,7084,-8436,11444,-68,156,-168,-13348,3488,6956,-978,46,-18,-13296,-6420,6496,-496,99,-131,0
2755.3880510330205,7920,7724,11056,-88,0,50,7008,-8092,11296,-38,159,-167,-13552,3580,6848,-995,68,-66,-13260,-6420,6508,-472,164,-132,0
2755.4214849472046,7852,7740,11060,-119,-8,69,7064,-8388,11188,-25,130,-172,-13460,3512,6700,-989,93,-89,-13288,-6444,6692,-491,168,-155,0
2755.4548370838165,7700,7700,11172,-91,-44,58,7124,-8140,11456,-71,183,-205,-13520,3488,6992,-971,75,-60,-13356,-6424,6628,-464,150,-161,0
2755.4885020256042,7948,7728,11128,-148,-35,77,7032,-8436,11368,-68,151,-182,-13272,3452,6920,-956,42,-84,-13332,-6452,6496,-471,119,-172,0
2755.52219414711,7964,7792,11232,-138,-33,44,7120,-8108,11260,-71,184,-180,-13348,3500,6988,-998,29,-72,-13416,-6420,6476,-469,130,-179,0
2755.5557010173798,7960,7784,11104,-156,-29,62,7112,-8188,11360,-37,184,-162,-13304,3512,6904,-1015,72,-65,-13304,-6632,6448,-455,148,-139,0
2755.5891561508174,7948,7696,11036,-166,-29,76,6972,-8136,11344,-53,149,-170,-13252,3468,6928,-983,34,-40,-13068,-6652,6624,-475,117,-173,0
2755.6225249767303,7896,7708,11080,-179,-33,59,7124,-8144,11348,-95,151,-172,-13256,3584,6824,-969,36,-33,-13364,-6404,6584,-494,116,-154,0
2755.655841112137,7968,7716,11144,-138,-49,79,7020,-8148,11160,-60,150,-166,-13252,3480,6828,-985,42,-28,-13128,-6344,6508,-761,111,-146,0
2755.689686059952,7688,7780,11188,-130,-9,60,7048,-8088,11272,-21,115,-172,-13364,3368,6968,-1012,27,-6,-13292,-6424,6548,-498,94,-160,0
2755.7233390808105,7744,7800,11108,-143,7,59,7032,-8092,11328,-12,150,-127,-13228,3492,6828,-1013,63,-26,-13332,-6420,6624,-486,94,-161,0
2755.756942033768,8040,7796,11196,-145,-34,57,7112,-8152,11180,-44,116,-164,-13316,3452,6780,-1014,68,-41,-13364,-6640,6604,-432,94,-177,0
2755.7905349731445,7952,7752,11084,-139,-23,69,7120,-8180,11036,-63,151,-166,-13292,3448,6948,-965,57,-51,-13312,-6476,6508,-489,69,-149,0
2755.823925971985,7748,7760,11120,-181,-37,96,6988,-8180,11412,-63,154,-140,-13228,3492,6824,-968,59,-19,-13236,-6360,6544,-501,124,-140,0
2755.857397079468,7720,7816,11176,-196,-48,93,7016,-8228,11324,-36,88,-205,-13160,3548,6976,-1011,95,-93,-13212,-6448,6608,-479,176,-128,0
2755.8905510902405,7708,7752,11116,-116,-56,91,7016,-8244,11296,-45,141,-217,-13244,3460,7352,-1011,90,-101,-13288,-6536,6596,-496,182,-95,0
2755.9240050315857,7872,7800,11440,-156,-79,105,7072,-8144,11208,-59,118,-205,-13332,3328,6788,-1004,105,-61,-13372,-6520,6532,-497,156,-128,0
2755.9575560092926,7892,7708,11232,-151,-15,104,7128,-8196,11148,-65,129,-175,-13520,3512,6776,-1031,59,-39,-13364,-6376,6528,-487,126,-133,0
2755.9911971092224,7984,7776,11040,-149,-60,87,7072,-8168,11256,-69,159,-143,-13340,3472,6976,-989,41,-35,-13416,-6452,6548,-466,65,-140,0
2756.0242359638214,8160,7740,11136,-172,-3,64,7396,-8160,11328,-40,178,-120,-13308,3472,7084,-998,73,-20,-13372,-6160,6532,-467,51,-169,0
2756.0620410442352,8140,7784,11092,-168,4,68,7044,-8148,11360,-93,151,-117,-13236,3444,7144,-956,70,-63,-13064,-6368,6620,-466,112,-140,0
2756.098076105118,8040,7772,11120,-144,-22,100,7024,-8136,11356,-16,110,-149,-13308,3736,6972,-999,100,-71,-13324,-6500,6532,-485,183,-97,0
2756.133274078369,7800,7676,11240,-176,-96,133,7112,-8132,11292,-19,98,-192,-13180,3808,7068,-1061,146,-84,-13228,-6452,6644,-508,171,-96,0
2756.1681849956512,7872,7816,11132,-156,-109,141,7084,-8188,11184,-37,99,-202,-13100,3624,7132,-1053,138,-68,-13328,-6172,6492,-492,157,-109,0
2756.2043900489807,7924,7776,11124,-182,-66,112,6840,-8172,11048,-29,160,-132,-13336,3584,6940,-1007,78,-64,-13368,-6188,6468,-490,109,-136,0
2756.240016937256,7992,7772,11212,-179,-68,111,7116,-8196,11136,-41,188,-139,-13188,3396,6968,-777,77,-79,-13380,-6532,6504,-461,125,-117,0
2756.2752821445465,7932,7832,11344,-183,-73,107,7032,-8420,11056,-7,157,-159,-13304,3464,6992,-1043,74,-55,-13064,-6480,6428,-453,115,-111,0
2756.310802936554,8064,7812,11032,-197,-76,107,7044,-8120,11068,-51,138,-170,-13276,3528,6900,-983,102,-79,-13456,-6504,6580,-475,144,-117,0
2756.3470969200134,7916,7776,11224,-190,-83,113,7164,-8096,11268,-6,135,-174,-13400,3836,7004,-994,124,-95,-13272,-6400,6512,-467,179,-98,0
2756.3822960853577,7824,7772,11228,-228,-123,129,7076,-8208,11464,-4,177,-211,-13172,3796,7004,-995,111,-156,-13528,-6472,6548,-480,223,-85,0
2756.4181640148163,7692,7768,11120,-211,-183,159,7008,-7980,11016,-12,139,-222,-13260,3520,6884,-1017,122,-117,-13364,-6508,6660,-488,230,-72,0
2756.453258037567,8048,7744,11132,-215,-170,187,7088,-8356,11140,-6,100,-224,-13296,3544,6768,-1027,181,-101,-13560,-6440,6500,-479,208,-72,0
2756.489112138748,7856,7796,11284,-214,-175,186,6980,-8156,11016,-19,130,-196,-13216,3568,7008,-1277,162,-112,-13504,-6452,6496,-495,236,-70,0
2756.524222135544,7916,7716,11064,-219,-160,197,6840,-8244,11208,36,104,-201,-13296,3496,6844,-1033,189,-96,-13216,-6380,6528,-499,195,-46,0
2756.5597081184387,7888,7448,11192,-218,-158,200,7096,-8164,11444,32,83,-205,-13564,3464,6972,-1017,176,-94,-13256,-6396,6556,-491,221,-63,0
2756.5946221351624,7884,7756,11144,-254,-157,183,7108,-8124,11352,37,111,-213,-13232,3544,6964,-1015,178,-102,-13356,-6168,6224,-477,189,-41,0
2756.630569934845,7716,7756,11208,-251,-168,198,7040,-8036,11140,19,135,-195,-13348,3472,6836,-1036,194,-125,-13312,-6424,6572,-499,230,-60,0
2756.669368982315,7844,7680,11172,-273,-202,174,7088,-8264,11072,62,105,-230,-13284,3496,6884,-1020,147,-150,-13552,-6452,6544,-486,232,-91,0
2756.7048311233525,7944,7812,11084,-233,-205,154,6996,-8060,11268,50,157,-214,-13312,3428,6916,-1019,128,-117,-13392,-6436,6604,-467,186,-83,0
2756.738480091095,7996,7756,11260,-249,-201,147,6948,-8192,11516,3,109,-244,-13336,3460,6860,-976,180,-100,-13452,-6372,6328,-443,204,-52,0
2756.7718970775604,8144,7708,11184,-294,-188,145,7124,-8152,11128,21,97,-197,-13272,3516,6712,-775,155,-139,-13392,-6424,6308,-441,164,-91,0
2756.8055090904236,7992,7692,11092,-259,-157,180,7084,-8020,11348,-9,78,-163,-13368,3564,7156,-1007,136,-103,-13456,-6412,6600,-464,89,-86,0
2756.8390879631042,7984,7828,11028,-271,-126,180,7052,-8120,11340,5,68,-148,-13068,3344,6684,-1044,212,-52,-13356,-6472,6488,-477,84,-66,0
2756.872190952301,7884,7624,10996,-250,-109,163,7032,-8088,11240,-38,72,-163,-13340,3472,6916,-989,86,-75,-13292,-6396,6560,-766,154,-95,0
2756.905236005783,8040,7676,11056,-175,-122,159,7048,-8084,11292,-14,95,-198,-13376,3436,6668,-982,106,-141,-13320,-6276,6440,-477,187,-82,0
2756.938998937607,7724,7632,11140,-233,-168,152,7064,-7944,11168,13,105,-198,-13280,3488,6852,-1004,164,-110,-13228,-6364,6552,-422,169,-101,0
2756.972398042679,7728,7552,10976,-222,-125,109,7104,-8044,11252,-2,126,-219,-13320,3448,6884,-1000,149,-60,-13404,-6428,6492,-470,145,-153,0
2757.0058341026306,7972,7664,11064,-227,-129,111,7152,-8152,11132,-31,156,-187,-13188,3796,7152,-986,94,-98,-13244,-6112,6304,-575,202,-174,0
2757.0393509864807,7728,7656,11028,-126,-96,69,6960,-8132,11008,18,188,-209,-13332,3496,7040,-1068,46,-164,-13296,-6264,6580,-555,202,-204,0
2757.0726499557495,8044,7464,10972,-6,-75,37,7052,-8028,11208,2,139,-179,-13304,3568,6916,-1059,45,-69,-13496,-6336,6644,-405,139,-140,0
2757.1062290668488,8176,7820,11284,-176,31,64,7160,-8044,11196,22,188,-156,-13448,3464,6948,-990,13,-73,-13408,-6584,6444,-535,118,-178,0
2757.1396400928497,8032,7920,11156,-171,-19,42,7036,-8048,11240,-87,186,-183,-13408,3452,6904,-1005,30,-24,-13552,-6412,6516,-544,145,-244,0
2757.1730401515965,8104,7700,10872,-99,49,-26,7136,-8040,11284,-11,194,-186,-13260,3512,6980,-1016,-256,-61,-13540,-6460,6444,-585,106,-251,0
2757.206743955612,8032,7756,10976,-99,18,251,7044,-8092,11300,248,215,-152,-13296,3428,6996,-1031,-30,-71,-13324,-6596,6424,-517,129,-190,0
2757.2402441501617,7872,7776,11340,-126,5,46,7116,-8064,11304,-30,167,-147,-13252,3636,6972,-1031,30,-76,-13532,-6488,6428,-768,137,-181,0
2757.273829936981,7856,7788,11044,-110,-25,20,6972,-8104,11336,-30,143,-182,-13204,3560,6968,-775,58,-20,-13336,-6476,6552,-552,116,-183,0
2757.3073959350586,7948,7764,11060,-126,-21,27,7116,-8112,11316,-41,170,-191,-13264,3472,7248,-987,-29,-251,-13408,-6500,6616,-541,98,-180,0
2757.3410320281982,7796,7808,11016,-155,-11,30,7064,-8064,11024,-66,210,-161,-13304,3568,6896,-1011,-17,-66,-13356,-6372,6400,-562,103,-175,0
2757.3742661476135,8104,7692,11056,-106,-67,41,7348,-8004,11356,-42,185,-167,-13284,3584,6908,-1268,-23,-81,-13376,-6472,6544,-592,132,-203,0
2757.407608985901,7960,7616,11168,-164,-60,76,6968,-8084,11176,-29,227,-178,-13292,3456,6968,-1029,-15,-54,-13260,-6496,6608,-574,117,-222,0
2757.4411039352417,7960,7800,11172,-130,-35,73,7000,-8112,11364,-26,168,-191,-13208,3420,6956,-1035,56,-28,-13344,-6436,6500,-598,90,-195,0
2757.4745330810547,7832,7756,11192,-191,-123,79,7028,-8060,11364,-107,155,-192,-13368,3508,6996,-1009,84,-19,-13356,-6440,6488,-612,120,-145,0
2757.50848197937,8060,7796,11188,-190,-103,87,7020,-8080,11316,-74,114,-202,-13272,3428,6748,-1050,109,-86,-13352,-6388,6528,-593,145,-129,0
2757.5419960021973,8140,7624,11224,-120,-116,103,7128,-8084,11144,-26,107,-177,-13236,3508,6884,-1029,19,-98,-13384,-6480,6408,-560,124,-163,0
2757.575428009033,7932,7708,10812,-102,-65,84,7344,-8076,11236,12,145,-152,-13216,3560,6880,-994,24,-94,-13412,-6444,6528,-499,61,-204,0
2757.6089839935303,7980,7760,11140,-115,-60,88,7016,-8112,11252,-27,171,-137,-13336,3468,6860,-1020,31,-47,-13268,-6484,6516,-484,87,-158,0
2757.6424620151524,7940,7932,11376,-89,-34,89,7068,-8140,11452,-10,190,-177,-13292,3504,7076,-1004,71,-102,-13304,-6452,6540,-493,129,-187,0
2757.6760070323944,7916,7712,11136,-83,-43,60,7152,-8080,11340,51,166,-177,-13252,3360,7068,-986,57,-125,-13272,-6420,6560,-471,177,-118,0
2757.7125129699707,7960,7788,11204,-145,-110,112,6692,-8128,11480,52,181,-210,-13236,3508,7088,-1006,120,-149,-13252,-6480,6652,-401,245,-58,0
2757.74862909317,7688,7784,11244,-138,-249,171,6992,-8096,11364,-34,86,-277,-13184,3528,7060,-943,238,-176,-13272,-6408,6620,-389,259,-19,0
2757.7839090824127,8160,7852,11252,-161,-266,212,7052,-8072,11496,-107,108,-247,-13220,3400,6972,-909,313,-121,-13320,-6512,6484,-414,193,-33,0
2757.82036113739,8056,7804,11188,-188,-235,221,7096,-7964,11356,-191,88,-205,-13304,3456,6876,-898,287,-34,-13060,-6652,6412,-419,168,38,0
2757.8554940223694,7932,7852,11040,-230,-146,241,7080,-7996,11228,-135,55,-194,-13248,3384,6976,-935,261,-67,-13368,-6492,6476,-405,146,3,0
2757.891289949417,7972,7796,11128,-507,-140,230,7160,-8088,11388,-122,88,-147,-13336,3464,7028,-945,244,-23,-13112,-6228,6528,-447,118,-16,0
2757.927144050598,8080,7804,10884,-211,-128,216,6996,-8060,11412,-80,51,-118,-13308,3484,6736,-955,185,-18,-13256,-6432,6468,-476,140,11,0
2757.963009119034,7980,7788,11132,-205,-132,235,7080,-8032,11512,-30,72,-149,-13316,3500,6820,-995,248,-67,-13268,-6388,6456,-462,158,5,0
2757.9986691474915,8004,7916,11176,-209,-178,260,7084,-8060,11008,-48,16,-209,-13488,3424,6840,-988,498,-27,-13152,-6280,6432,-455,196,23,0
2758.033764123916,8000,7660,11376,-195,-191,251,7144,-8220,11260,-46,100,-167,-13336,3540,7140,-995,245,-79,-13132,-6156,6636,-449,158,15,0
2758.068917989731,7968,7768,11036,-188,-133,201,7132,-8276,11340,-58,62,-189,-13468,3436,6832,-998,163,-65,-13384,-6320,6592,-486,169,-74,0
2758.104880094528,8080,7616,11088,-194,-159,157,7060,-8188,11084,4,91,-190,-13324,3600,6748,-952,122,-87,-13068,-6284,6520,-439,196,-81,0
2758.1402289867406,7956,7668,11116,-228,-125,140,7064,-8124,11204,-59,133,-217,-13344,3564,6892,-1001,136,-116,-13248,-6348,6204,-475,189,-117,0
2758.175557136536,8032,7656,11112,-174,-170,88,7212,-8168,11432,-32,134,-258,-13372,3580,6860,-1079,140,-140,-13360,-6320,6452,-498,235,-140,0
2758.2113399505615,8092,7620,11012,-116,-154,41,7184,-8120,11296,8,138,-272,-13212,3532,6736,-1057,81,-172,-13380,-6388,6552,-521,229,-213,0
2758.247708082199,8080,7760,10760,-42,-79,20,7068,-8056,11200,-254,179,-224,-13352,3604,6824,-1279,37,-97,-13468,-6432,6488,-487,119,-244,0
2758.2829740047455,8148,7748,11188,-94,-28,249,7208,-8136,11376,10,165,-208,-13316,3384,6880,-964,54,-112,-13388,-6188,6436,-467,171,-200,0
2758.3187670707703,8044,7684,11048,-136,-26,46,7164,-7980,11180,255,180,-169,-13492,3488,6924,-993,24,-50,-13420,-6304,6428,-472,101,-154,0
2758.3542499542236,8128,7848,11052,-141,41,86,7132,-8004,11388,-74,171,-114,-13332,3448,6716,-1002,54,-24,-13368,-6472,6380,-476,63,-172,0
2758.3895189762115,7992,7796,11092,-159,48,78,7036,-8048,11500,-108,151,-147,-13296,3392,7056,-1001,58,-17,-13432,-6472,6476,-487,56,-146,0
2758.422961950302,8180,7828,11032,-151,43,66,6932,-7960,11328,-115,155,-119,-13272,3276,7100,-950,42,253,-13244,-6408,6628,-472,63,-141,0
2758.4566900730133,8028,7788,10868,-150,40,88,6956,-7940,11048,-96,206,-152,-13284,3484,6904,-947,44,7,-13244,-6400,6420,-468,127,-71,0
2758.490086078644,7940,7756,10912,-183,-19,105,6988,-8056,11236,-71,137,-149,-13192,3472,6908,-934,112,-29,-13144,-6484,6416,-454,114,-128,0
2758.5235130786896,7988,7664,11192,-135,26,89,7356,-8424,11332,-91,136,-171,-13256,3356,6672,-992,78,-24,-13352,-6424,6552,-456,118,-104,0
2758.5573329925537,8012,7764,11028,-152,-28,89,7080,-8140,11268,-76,142,-164,-13096,3524,7132,-935,58,-9,-13324,-6388,6548,-459,113,-143,0
2758.5908200740814,8012,7688,10952,-155,13,78,7044,-8108,11192,-70,129,-170,-13380,3340,6864,-959,90,-65,-13408,-6436,6468,-487,107,-126,0
2758.6243410110474,7972,7588,11192,-179,-253,69,7192,-8188,11272,-67,140,-158,-13256,3500,6684,-981,70,-11,-13260,-6428,6696,-458,94,-134,0
2758.6577529907227,8044,7504,11192,-147,21,46,7132,-8200,11180,-79,171,-174,-13396,3428,6732,-981,76,-243,-13420,-6416,6452,-441,78,-178,0
2758.6912610530853,7892,7764,11120,-202,31,49,7148,-8068,11112,-99,144,-170,-13552,3488,7036,-947,65,-30,-13336,-6392,6576,-460,78,-172,0
2758.7248151302338,8044,7464,11164,-176,22,37,7076,-8300,11268,-71,199,-159,-13540,3504,6744,-965,66,-64,-13440,-6384,6572,-454,79,-147,0
2758.758250951767,7948,7788,11252,-178,12,80,7152,-8176,11296,-47,151,-141,-13216,3480,6932,-1033,37,-65,-13080,-6420,6416,-483,132,-148,0
2758.791808128357,7692,7888,11072,-126,-17,62,7100,-8152,11332,-13,132,-170,-13236,3508,6868,-1030,37,-66,-13128,-6652,6524,-528,109,-208,0
2758.8255181312566,7928,7688,11096,-126,-34,73,7132,-8396,11332,-13,123,-157,-13160,3420,7032,-1051,48,-27,-13284,-6436,6544,-515,107,-149,0
2758.859142065048,7840,7892,11208,-107,-8,84,7348,-8108,11344,-11,112,-187,-13116,3476,7032,-1043,84,-134,-13240,-6420,6620,-527,144,-167,0
2758.89234995842,7900,7776,11048,-132,-18,89,7080,-8088,11324,-35,137,-183,-13244,3536,6976,-1015,90,-81,-13436,-6500,6520,-502,114,-118,0
2758.925933122635,8044,7752,11120,-121,-52,107,7044,-8164,11092,-67,119,-132,-13324,3508,6992,-1015,117,-44,-13540,-6428,6408,-527,108,-132,0
2758.959311962128,7972,7752,11248,-138,-17,136,7008,-8188,11020,-48,112,-137,-13252,3384,6984,-1274,50,-22,-13060,-6564,6456,-520,102,-161,0
2758.9929299354553,7912,7812,10996,-172,-250,142,7016,-8100,11200,-29,98,-150,-13348,3556,7088,-1277,82,-30,-13260,-6604,6572,-494,91,-122,0
2759.0266561508174,7944,7848,11076,-166,-41,107,7088,-8396,11496,-97,136,-157,-13376,3476,6884,-1010,90,-60,-13408,-6500,6528,-481,121,-152,0
2759.060205936432,8004,7768,11040,-202,-13,70,7168,-8192,11240,-58,149,-187,-13304,3572,6884,-952,54,-86,-13260,-6504,6468,-457,138,-148,0
2759.0936810970306,7688,7688,11156,-174,-36,64,7080,-8100,11328,-51,183,-151,-13500,3508,6728,-995,54,-52,-13188,-6492,6496,-444,134,-120,0
2759.1272950172424,7920,7712,10772,-186,-21,48,6972,-8160,11252,-42,153,-166,-13264,3468,7032,-972,91,-13,-13268,-6216,6880,-477,77,-131,0
2759.1602561473846,7884,7800,11072,-172,-29,60,7268,-8192,11492,-94,74,-172,-13152,3468,7116,-998,65,-23,-13116,-6444,6552,-462,87,-168,0
2759.193953037262,7988,7800,11248,-159,-249,79,7104,-8260,11308,-56,123,-161,-13220,3496,6728,-989,79,-52,-13236,-6412,6564,-476,90,-112,0
2759.2275910377502,7932,7772,11140,-141,-59,135,7016,-8164,11196,-26,102,-145,-13256,3512,6860,-1035,120,-45,-13312,-6356,6516,-490,144,-79,0
2759.2611010074615,7876,7692,11072,-158,-52,139,7012,-8224,11200,-27,111,-171,-13268,3548,6868,-1028,127,-10,-13208,-6336,6660,-504,135,-98,0
2759.2944610118866,7884,7812,11344,-163,-110,130,7040,-8152,11188,-39,109,-192,-13232,3476,7028,-1027,127,-46,-13260,-6340,6736,-513,135,-135,0
2759.3281259536743,7856,7768,10860,-173,-47,98,7000,-8244,11120,-43,159,-160,-13200,3496,7004,-772,98,-92,-13284,-6432,6560,-476,124,-127,0
2759.3616061210632,7680,7776,11124,-160,-76,98,7072,-8116,11220,-44,163,-174,-13380,3556,7044,-1010,90,-74,-13564,-6452,6480,-473,148,-123,0
2759.3974940776825,7908,7736,11088,-176,-68,79,7080,-8120,11196,-22,164,-179,-13260,3808,7016,-1017,94,-81,-13268,-6556,6548,-481,175,-145,0
2759.4330520629883,7900,7868,11152,-200,-51,92,7028,-8152,11324,-44,150,-213,-13116,3356,7152,-1000,83,-99,-13568,-6440,6592,-473,153,-134,0
2759.468758106232,7932,7832,11116,-188,-78,89,7088,-8360,11044,-21,167,-178,-13292,3488,7044,-1003,92,-95,-13204,-6428,6632,-482,156,-142,0
2759.5041699409485,7864,7860,11296,-221,-100,108,7044,-8184,11188,6,131,-209,-13224,3360,6864,-1011,128,-125,-13308,-6440,6688,-490,209,-87,0
2759.5396709442134,7740,7816,11172,-197,-108,151,7060,-8240,11308,-12,117,-174,-13296,3532,6944,-1030,146,-113,-13372,-6548,6616,-506,212,-74,0
2759.5747261047363,7832,7836,11188,-216,-145,177,6992,-8104,11252,-9,114,-178,-13208,3544,6948,-1021,180,-112,-13264,-6404,6700,-489,175,-59,0
2759.6103179454803,8064,7828,11100,-203,-157,180,7036,-8132,11052,-9,101,-177,-13488,3472,7384,-1029,168,-129,-13332,-6504,6560,-498,191,-30,0
2759.645502090454,7864,7768,11220,-221,-142,188,6980,-8124,11340,-1,88,-184,-13236,3532,6784,-1009,171,-152,-13264,-6420,6496,-482,211,-54,0
2759.6816070079803,7720,7832,11168,-244,-170,194,7060,-8216,11348,255,129,-203,-13252,3456,6688,-1034,139,-78,-13568,-6428,6528,-467,202,-65,0
2759.7178471088414,8176,7760,11152,-226,-184,165,7080,-8412,11140,-252,101,-212,-13380,3448,6984,-1031,180,-135,-13336,-6456,6608,-447,209,-41,0
2759.753170013428,8164,7800,11152,-212,-212,187,7096,-8080,11252,6,96,-222,-13292,3620,6784,-1021,160,-145,-13344,-6448,6568,-477,211,-87,0
2759.7889721393585,7960,7704,11212,-4,-230,173,7116,-8144,11284,12,111,-222,-13252,3612,6828,-1007,156,-103,-13340,-6396,6468,-457,201,-86,0
2759.8240959644318,7756,7732,11156,-251,-190,165,7084,-8152,11308,-255,115,-216,-13368,3456,6948,-979,165,-86,-13392,-6604,6460,-479,188,-63,0
2759.8590810298924,8056,7796,11140,-246,-159,169,7208,-8180,11332,-13,100,-186,-13280,3504,6884,-1010,142,-80,-13552,-6392,6548,-503,200,-60,0
2759.8948731422424,7996,7488,11200,-297,-197,176,7024,-8168,11332,50,80,-174,-13496,3460,7116,-770,144,-121,-13084,-6440,6344,-472,181,-81,0
2759.930365085602,7948,7896,11068,-213,-136,171,7096,-8028,11280,29,106,-219,-13248,3468,7024,-1012,146,-109,-13100,-6476,6368,-481,159,-88,0
2759.965476036072,7928,7740,11100,-228,-169,136,7028,-7944,11512,-7,144,-212,-13288,3524,6676,-969,113,-151,-13312,-6420,6524,-470,216,-75,0
2760.0014591217046,8024,7688,11252,-271,-163,149,7108,-8128,11248,3,133,-185,-13080,3452,7088,-1020,117,-105,-13404,-6392,6516,-456,201,-87,0
2760.0387971401215,8092,7712,11204,-249,-130,168,7152,-8048,11288,-3,123,-158,-13388,3548,7120,-770,129,-62,-13064,-6440,6576,-469,119,-101,0
2760.072268009186,8172,7604,10964,-505,-122,159,6928,-8100,11048,-14,135,-163,-13240,3524,6892,-1005,122,-85,-13440,-6436,6620,-473,103,-115,0
2760.1058509349823,8032,7724,11064,-234,-86,119,7072,-8088,11228,-26,119,-191,-13264,3488,7096,-990,126,-105,-13348,-6444,6572,-505,170,-126,0
2760.139078140259,8000,7724,11156,-197,-132,136,7176,-8072,11368,-50,112,-192,-13284,3452,6844,-1005,99,-87,-13304,-6308,6572,-478,170,-108,0
2760.1726059913635,7944,7676,11024,-214,-131,125,7112,-8388,11236,-19,125,-206,-13228,3680,6896,-1010,117,-99,-13412,-6296,6592,-468,211,-126,0
2760.2135801315308,7980,7720,11028,-165,-94,124,7056,-8072,11112,-47,100,-173,-13320,3464,6792,-1033,113,-118,-13068,-6392,6572,-465,157,-116,0
2760.2474410533905,8128,7712,11072,-207,-114,112,7160,-8176,11204,-48,154,-179,-13376,3448,6820,-982,121,-56,-13280,-6372,6580,-476,84,-117,0
2760.2808890342712,8148,7680,11140,-151,-24,88,7056,-8124,11224,-76,183,-156,-13276,3548,6824,-1008,98,-33,-13416,-6460,6572,-474,122,-150,0
2760.3146021366124,8096,7624,11052,-165,-23,97,7100,-8116,11224,-37,150,-159,-13372,3508,7004,-1039,107,-22,-13348,-6436,6636,-485,143,-154,0
2760.3481760025024,8028,7608,11096,-141,-55,89,7096,-8192,11272,-41,155,-156,-13548,3488,6988,-1020,101,-53,-13492,-6260,6452,-492,122,-172,0
2760.381649017334,8044,7744,11144,-181,-21,76,7156,-7932,11252,-87,142,-173,-13220,3532,6976,-1017,70,-71,-13408,-6348,6560,-485,97,-147,0
2760.4148099422455,8056,7636,11180,-132,-25,64,7124,-8320,11476,-47,150,-165,-13552,3532,6744,-1007,56,-9,-13292,-6340,6524,-492,120,-164,0
2760.44832611084,7980,7684,11240,-136,-27,86,7100,-8120,11252,-41,173,-161,-13204,3476,6928,-1014,85,-11,-13392,-6436,6484,-480,117,-120,0
2760.4819769859314,7972,7784,11156,-136,-10,67,7044,-8132,11296,-41,132,-160,-13264,3512,6732,-1027,91,-61,-13084,-6464,6520,-502,137,-142,0
2760.5155270099644,7928,7652,11112,-121,-11,80,7108,-8116,11008,-38,156,-181,-13556,3544,7004,-1002,76,-93,-13304,-6152,6644,-497,126,-154,0
2760.5491650104523,7724,7728,11144,-126,-63,79,7100,-8120,11444,-43,157,-194,-13172,3472,6808,-1274,110,-69,-13340,-6392,6572,-488,135,-155,0
2760.5827491283417,7976,7768,10972,-128,-42,74,7060,-8056,11360,-72,128,-174,-13232,3500,6736,-1004,70,-60,-13316,-6456,6628,-483,111,-122,0
2760.6164250373845,8092,7660,11124,-158,-24,72,7032,-8036,11284,-98,140,-137,-13256,3448,6900,-976,75,-19,-13416,-6388,6512,-484,86,-138,0
2760.649714946747,8028,7696,10928,-157,-16,82,7076,-8008,11144,-57,189,-128,-13400,3532,6964,-1026,60,-243,-13308,-6388,6548,-494,93,-143,0
2760.6833720207214,7936,7640,11240,-192,-7,72,7088,-8208,11448,-39,141,-149,-13240,3372,6916,-1049,50,-50,-13280,-6616,6480,-484,97,-158,0
2760.7170510292053,7980,7772,11160,-134,8,75,7128,-8128,11288,-50,158,-157,-13528,3456,6872,-770,43,-12,-13380,-6444,6472,-485,99,-146,0
2760.750468969345,8020,7732,11080,-157,-23,47,7080,-8072,11276,-106,176,-154,-13232,3488,7076,-963,12,-10,-13076,-6648,6544,-495,87,-212,0
2760.7839510440826,7924,7652,11088,-198,246,56,7104,-8136,11300,-45,140,-162,-13316,3496,6944,-999,64,-50,-13296,-6328,6520,-473,96,-119,0
2760.8175821304326,8016,7756,11148,-150,-32,101,7068,-8148,11220,-51,163,-122,-13248,3524,6968,-982,32,-31,-13228,-6384,6500,-474,125,-179,0
2760.851010084152,7796,7696,11208,-141,20,101,7140,-8184,11284,-44,121,-138,-13200,3548,6848,-969,55,-24,-13284,-6424,6648,-479,73,-172,0
2760.8842971324925,7956,7708,11308,-134,252,74,6932,-7968,11388,-98,147,-158,-13076,3820,6736,-970,26,-7,-13244,-6476,6668,-494,79,-163,0
2760.9179141521454,7944,7512,11008,-158,-9,66,7124,-8216,11304,-63,134,-167,-13220,3508,6848,-951,53,-55,-13360,-6356,6596,-467,140,-144,0
2760.9517090320587,7944,7784,10784,-149,-90,90,6920,-8144,11468,-45,143,-206,-13472,3636,7060,-985,74,-48,-13284,-6428,6216,-490,175,-136,0
2760.9851751327515,7696,7716,11160,-117,-74,87,6972,-8232,11316,-28,123,-208,-13240,3812,6692,-1010,62,-72,-13096,-6636,6536,-486,184,-119,0
2761.0189020633698,7984,7700,11260,-119,-79,111,7092,-8132,11336,-41,141,-184,-13316,3628,6788,-975,33,-73,-13556,-6204,6580,-470,132,-148,0
2761.0523319244385,8188,7808,11148,-164,-57,101,7120,-8156,11252,-41,159,-159,-13504,3668,7008,-962,84,-72,-13332,-6504,6504,-500,116,-128,0
2761.0898520946503,7992,7608,11108,-150,-33,104,7104,-8104,11328,-22,155,-164,-13352,3616,6980,-1005,69,-40,-13304,-6420,6404,-503,102,-142,0
2761.1249661445618,8176,7716,11032,-148,-38,105,6964,-8108,11148,-15,151,-135,-13224,3476,6984,-1003,103,-25,-13096,-6524,6492,-479,114,-122,0
2761.1607210636134,7868,7712,11068,-170,-50,100,7036,-8116,11424,-54,119,-156,-13232,3524,6944,-1032,95,-31,-13364,-6504,6644,-489,142,-132,0
2761.1959631443024,7832,7812,11020,-162,-78,99,7040,-8268,11428,-27,157,-191,-13244,3776,6976,-1278,100,-127,-13176,-6440,6636,-498,128,-128,0
2761.2313220500946,7984,7700,10780,-108,-50,110,7028,-8124,11180,4,150,-145,-13104,3340,6832,-1037,115,-37,-13356,-6424,6620,-526,115,-87,0
2761.267317056656,7936,7696,11012,-111,-63,129,7016,-8168,11264,-11,97,-141,-13240,3552,6920,-1049,114,-80,-13108,-6176,6572,-523,165,-77,0
2761.3023381233215,7900,7728,11172,-125,-75,166,7020,-8160,11280,252,97,-171,-13256,3536,6980,-1055,140,-76,-13256,-6428,6500,-502,163,-81,0
2761.3380789756775,7832,7716,11124,-157,-89,159,7072,-8176,11344,-30,118,-176,-13280,3552,6924,-991,115,-92,-13396,-6512,6640,-478,157,-90,0
2761.3738629817963,7972,7744,11068,-194,-111,148,6992,-8224,11464,-41,141,-168,-13288,3516,6768,-986,138,-102,-13336,-6396,6484,-464,172,-96,0
2761.40993309021,7852,7864,11076,-226,-137,164,7020,-7944,11484,-18,150,-194,-13204,3492,6672,-1015,174,-112,-13324,-6516,6468,-451,197,-36,0
2761.444977045059,7696,7780,11212,-191,-120,131,7136,-8120,11184,-26,124,-209,-13200,3516,6952,-979,160,-125,-13256,-6440,6620,-496,167,-63,0
2761.480875015259,7896,7636,11108,-195,-147,149,7100,-8176,11380,-39,158,-183,-13260,3672,7212,-1007,133,-86,-13252,-6220,6488,-492,183,-96,0
2761.5159499645233,7944,7720,11056,-221,-161,148,7004,-8084,11168,20,125,-189,-13204,3580,7000,-1028,130,-115,-13304,-6448,6636,-507,187,-81,0
2761.5512630939484,7984,7760,11064,-152,-138,134,7116,-8116,11244,3,137,-206,-13272,3428,7052,-1025,138,-125,-13500,-6428,6404,-476,179,-87,0
2761.5873119831085,7980,7844,11204,-222,-162,135,6936,-8120,11360,9,159,-224,-13328,3572,6996,-970,143,-152,-13348,-6268,6608,-463,228,-76,0
2761.6223480701447,8080,7736,11100,-234,-149,174,7028,-8052,11160,49,138,-213,-13228,3460,6828,-994,184,-144,-13380,-6376,6612,-457,215,-59,0
2761.6582510471344,8020,7852,11088,-231,-183,181,7116,-8080,11200,20,87,-187,-13244,3572,6948,-774,180,-141,-13384,-6392,6492,-497,198,-84,0
2761.692969083786,8092,7480,11260,-204,-204,207,7104,-8076,11232,15,69,-203,-13204,3544,6996,-1019,158,-87,-13304,-6384,6520,-482,134,-53,0
2761.729784965515,7936,7724,11076,-187,-155,170,7028,-8160,10852,14,58,-191,-13060,3360,7032,-776,167,-118,-13296,-6476,6576,-476,154,-98,0
2761.7633631229405,7980,7696,11056,-184,-144,170,7064,-8180,11372,36,32,-206,-13376,3564,6940,-1067,165,-166,-13344,-6352,6540,-478,233,-20,0
2761.7967250347137,8068,7668,11188,-207,-203,183,7132,-8100,11220,68,76,-202,-13232,3564,6900,-1068,167,-145,-13568,-6496,6572,-509,236,-78,0
2761.8303179740906,8064,7708,11176,-150,-193,191,7172,-8048,11260,14,52,-235,-13316,3520,6900,-1080,206,-93,-13392,-6640,6508,-495,227,-67,0
2761.863657951355,7972,7640,11004,-201,-194,190,7160,-8132,11204,61,82,-174,-13548,3404,6968,-989,138,-93,-13200,-6340,6428,-499,189,-53,0
2761.8974180221558,8032,7656,11216,-196,-154,171,7084,-8052,11220,-256,102,-183,-13324,3496,6692,-1078,135,-112,-13284,-6400,6516,-517,196,-53,0
2761.9310309886932,8152,7488,10792,-227,-161,173,7000,-8084,11368,-16,82,-211,-13316,3560,6688,-1013,167,-91,-13348,-6476,6620,-497,146,-53,0
2761.9643909931183,8020,7520,11056,-258,-169,202,6944,-8048,11480,-30,94,-195,-13552,3468,6916,-975,145,-80,-13544,-6200,6500,-459,152,-74,0
2761.9976971149445,8140,7624,11056,-275,-156,144,7188,-8072,11164,-68,127,-206,-13156,3468,6936,-987,114,-80,-13248,-6324,6652,-463,171,-103,0
2762.0312049388885,8024,7896,11108,-255,-179,122,7196,-8148,11220,-30,211,-192,-13392,3392,6972,-987,71,-123,-13380,-6392,6472,-447,191,-114,0
2762.0647161006927,8076,7632,11072,-240,-154,97,7052,-8040,11364,-21,177,-211,-13184,3492,6996,-921,54,-117,-13428,-6392,6416,-442,175,-124,0
2762.0982069969177,8164,7560,11088,-209,-130,110,7020,-7952,11496,-30,174,-191,-13284,3420,6924,-998,103,-63,-13380,-6460,6556,-441,143,-80,0
2762.13169503212,8096,7620,11256,-200,-77,118,7136,-8044,11284,-58,222,-187,-13292,3436,7056,-1002,90,-16,-13428,-6340,6460,-474,155,-125,0
2762.165190935135,8128,7668,11180,-165,-98,111,7108,-8196,11176,-39,162,-155,-13436,3428,6704,-989,71,-24,-13308,-6248,6344,-497,125,-113,0
2762.1986899375916,8124,7576,10884,-140,-26,125,7104,-8156,11124,-56,113,-160,-13392,3640,6964,-977,79,-40,-13296,-6352,6604,-487,119,-109,0
2762.2321960926056,8148,7588,11012,-170,-24,127,6944,-8188,11312,-63,135,-128,-13332,3588,6864,-987,92,-34,-13480,-6364,6544,-471,97,-112,0
2762.2658619880676,8164,7556,11164,-144,-72,134,7076,-8112,11140,-53,138,-131,-13364,3512,6896,-1050,103,-20,-13468,-6376,6584,-502,112,-133,0
2762.299292087555,8088,7632,11008,-141,-32,98,7064,-8196,11388,-26,130,-160,-13396,3504,6752,-1041,96,-53,-13368,-6368,6524,-504,153,-173,0
2762.3326659202576,8056,7888,11172,-86,-14,79,6984,-8068,11352,-4,119,-159,-13220,3392,7080,-1032,66,-78,-13540,-6652,6540,-486,117,-189,0
2762.3662021160126,8096,7696,11148,-115,-38,55,7120,-8100,11020,-73,177,-184,-13236,3492,6980,-989,15,-72,-13300,-6448,6368,-465,137,-183,0
2762.399812936783,8064,7632,11216,-148,12,254,7004,-8092,11324,-49,162,-182,-13284,3576,6928,-995,60,-49,-13356,-6412,6524,-453,124,-158,0
2762.433473110199,8084,7652,10992,-120,-25,57,7080,-8028,11392,-19,175,-181,-13332,3460,6900,-1016,44,-32,-13204,-6428,6652,-447,110,-162,0
2762.467052936554,8020,7820,11220,-149,-12,64,7040,-8088,11304,-22,157,-159,-13260,3536,6708,-1003,82,-99,-13332,-6472,6576,-490,143,-149,0
2762.500396966934,7960,7692,11112,-151,-97,95,7152,-7976,11472,-34,150,-173,-13352,3500,6936,-1004,83,-108,-13420,-6424,6596,-504,145,-91,0
2762.5338151454926,7952,7672,11068,-156,-132,112,6972,-8060,11448,-55,158,-194,-13188,3440,7084,-968,108,-132,-13296,-6436,6400,-508,189,-117,0
2762.5673520565033,8008,7648,11120,-126,-134,123,7068,-8136,11260,13,120,-232,-13300,3504,7056,-1009,131,-131,-13228,-6156,6596,-524,249,-103,0
2762.600821018219,8032,7744,10980,-153,-120,129,7088,-8080,11448,-39,93,-215,-13412,3416,6864,-1005,119,-92,-13460,-6452,6384,-765,186,-89,0
2762.6345260143285,8444,7736,11132,-149,-138,103,7204,-8000,11232,-89,142,-174,-13368,3472,6896,-969,110,-49,-13396,-6452,6544,-477,82,-179,0
2762.6681339740753,8136,7896,11160,-209,-19,56,7204,-8036,11304,-37,160,-153,-13404,3440,6912,-999,93,-48,-13452,-6288,6416,-450,75,-113,0
2762.7016191482544,8152,7892,11116,-178,14,50,7144,-8224,11132,-28,162,-175,-13272,3436,6852,-980,97,251,-13264,-6272,6556,-473,120,-151,0
2762.735007047653,7956,7896,10972,-175,-29,99,7116,-8052,11248,-39,126,-177,-13320,3572,6968,-993,140,-69,-13404,-6296,6556,-482,112,-122,0
2762.7724680900574,8044,7680,11176,-165,-36,85,7068,-8140,11016,-75,104,-204,-13276,3424,7020,-1001,107,-15,-13300,-6452,6564,-460,138,-145,0
2762.8084459304814,8112,7720,11212,-181,-67,94,7060,-8436,11032,-45,181,-172,-13288,3556,7064,-1001,68,-87,-13312,-6444,6448,-456,124,-165,0
2762.843840122223,7948,7688,11404,-163,-50,80,6996,-8156,11252,-30,174,-193,-13304,3552,7000,-988,57,-59,-13304,-6324,6572,-502,148,-150,0
2762.8787529468536,8100,7724,11220,-137,-18,105,7024,-8136,11200,-18,156,-167,-13212,3560,7068,-1003,93,-84,-13360,-6420,6724,-485,136,-117,0
2762.915023088455,8104,7728,10960,-164,-44,100,6960,-8196,11244,-28,199,-145,-13316,3776,6964,-946,-9,-102,-13364,-6444,6568,-489,95,-145,0
2762.9508481025696,7908,7732,11024,-136,-32,70,7028,-8104,11340,-17,200,-160,-13240,3484,6920,-968,40,-42,-13252,-6408,6556,-475,148,-130,0
2762.9860150814056,8132,7744,11112,-155,-70,104,7056,-8152,11284,-3,163,-212,-13216,3528,6836,-983,93,-123,-13072,-6200,6472,-482,184,-124,0
2763.0222630500793,7972,7716,11140,-149,-107,123,7104,-8060,11212,-40,133,-218,-13272,3508,6912,-1041,177,-66,-13388,-6376,6632,-486,158,-104,0
2763.0575411319733,8140,7704,10948,-186,-115,110,7176,-8156,11296,-8,128,-188,-13564,3536,7156,-1053,116,-57,-13292,-6400,6436,-490,132,-125,0
2763.0934751033783,8092,7432,11056,-192,-35,96,7084,-7972,11364,11,143,-162,-13068,3452,6696,-1015,84,-64,-13188,-6512,6532,-507,117,-133,0
2763.129109144211,8136,7772,11052,-138,-54,95,7108,-8104,11432,-64,142,-164,-13344,3448,6892,-1029,84,-66,-13364,-6656,6528,-485,141,-142,0
2763.164570093155,8108,7636,11136,-141,-21,41,7044,-8204,11208,-6,144,-180,-13360,3380,6680,-989,106,-83,-13508,-6352,6544,-466,103,-172,0
2763.200142145157,7948,7656,11108,-165,5,59,7040,-8076,11208,-17,184,-117,-13296,3520,6820,-1026,63,-71,-13332,-6360,6476,-463,146,-103,0
2763.2355439662933,7984,7784,11024,-185,-252,90,7184,-8136,11492,-28,142,-162,-13244,3400,7004,-994,50,-48,-13236,-6364,6628,-483,121,-136,0
2763.2712121009827,7908,7680,10996,-159,-35,61,7052,-8152,11188,-78,133,-165,-13272,3420,6772,-963,71,-45,-13280,-6152,6616,-463,91,-138,0
2763.3072011470795,8032,7700,10988,-163,-26,81,7024,-7920,11332,-46,190,-158,-13236,3572,7008,-983,57,-71,-13144,-6460,6460,-493,130,-114,0
2763.3422861099243,8188,7920,11104,-149,-58,89,7052,-8120,11384,-49,185,-190,-13176,3512,7008,-1006,115,-84,-13172,-6412,6608,-455,152,-101,0
2763.378215074539,8040,7668,11056,-163,-42,107,6972,-8120,11088,-22,115,-203,-13512,3328,6892,-1011,147,-116,-13224,-6356,6480,-484,176,-81,0
2763.4142429828644,7956,7632,11080,-167,-118,115,7084,-8124,11352,-41,116,-210,-13256,3564,7148,-974,105,-104,-13380,-6648,6576,-466,149,-154,0
2763.4478981494904,7988,7760,11124,-179,-38,100,7180,-8200,11352,-28,174,-170,-13248,3652,6968,-959,72,-74,-13392,-6156,6572,-471,170,-117,0
2763.481528043747,8052,7780,11208,-158,-48,89,7064,-8268,11272,-27,166,-213,-13152,3504,6976,-990,103,-69,-13340,-6380,6484,-479,181,-116,0
2763.514780044556,8092,7800,11168,-176,-82,108,7060,-8120,11144,-45,121,-175,-13188,3452,6984,-1036,122,-109,-13524,-6460,6452,-466,147,-138,0
2763.548490047455,7944,7704,10956,-173,-57,98,7076,-8112,11364,-37,137,-172,-13292,3532,6692,-983,100,-63,-13308,-6444,6640,-464,87,-136,0
2763.5819749832153,7928,7740,11036,-159,-20,65,7080,-8004,11032,-96,152,-178,-13332,3556,6864,-1000,68,-37,-13392,-6368,6484,-464,90,-168,0
2763.6156010627747,8172,7916,11036,-148,9,52,7164,-8064,11244,-64,132,-160,-13364,3496,7060,-1273,29,-31,-13076,-6368,6440,-462,99,-200,0
2763.6489651203156,7988,7788,11100,-108,39,36,7060,-8188,11256,250,222,-123,-13272,3564,6768,-1024,17,-35,-13188,-6372,6560,-471,100,-156,0
2763.682650089264,7900,7716,11040,-141,8,78,7088,-8004,11160,-12,169,-146,-13256,3436,6872,-1025,84,-81,-13332,-6508,6620,-758,106,-157,0
2763.7161049842834,8168,7728,11140,-146,-11,88,7088,-8120,11216,-75,131,-152,-13324,3528,6956,-999,32,-96,-13552,-6556,6456,-768,118,-183,0
2763.7499520778656,7884,7804,11052,-125,-54,52,7016,-8104,11444,-74,149,-187,-13224,3464,6872,-1002,16,-80,-13100,-6460,6492,-463,152,-157,0
2763.7833330631256,7932,7716,11120,-140,-54,20,7068,-8080,11248,-5,188,-175,-13200,3400,6968,-977,13,-68,-13536,-6460,6636,-453,158,-158,0
2763.816901922226,7980,7716,11008,-173,-35,54,7108,-8124,11232,-52,170,-170,-13176,3556,6960,-984,45,-50,-13360,-6400,6592,-473,76,-164,0
2763.8505849838257,8076,7692,11104,-164,-25,65,7076,-8156,11300,-75,141,-140,-13224,3764,6920,-1037,-20,-58,-13288,-6420,6556,-505,73,-125,0
2763.884016990661,7920,7804,11224,-192,7,79,7048,-8224,11444,-47,179,-140,-13256,3616,6984,-1007,-10,-36,-13072,-6192,6452,-489,103,-130,0
2763.9176990985866,7900,7736,11140,-143,23,99,7084,-8152,11384,-18,148,-150,-13192,3524,7172,-996,41,242,-13356,-6484,6520,-258,82,-102,0
2763.9512310028076,7736,7860,11432,-136,-17,99,7052,-8120,11304,-105,177,-109,-13232,3600,6648,-992,14,-252,-13376,-6456,6636,-766,90,-111,0
2763.9845559597015,7712,7724,11172,-181,14,132,7028,-8156,11128,-46,133,-112,-13176,3836,6700,-985,84,22,-13280,-6304,6500,-499,71,-94,0
2764.0180201530457,7920,7708,11220,-151,11,133,7040,-8100,11028,-57,146,-90,-13240,3512,6940,-1006,114,247,-13280,-6416,6612,-437,69,-114,0
2764.0513730049133,7892,7688,11028,-185,11,112,7156,-8168,11300,-57,169,-125,-13212,3544,6880,-1009,133,12,-13264,-6460,6432,-439,52,-99,0
2764.084878921509,7972,7720,11080,-226,9,83,7032,-8272,11400,-102,177,-149,-13284,3464,7096,-952,63,-251,-13288,-6460,6772,-391,68,-110,0
2764.1184310913086,8132,7772,11200,-234,13,77,7068,-8180,11384,-86,185,-178,-13316,3492,7108,-950,35,-61,-13204,-6508,6356,-458,149,-135,0
2764.1518380641937,7920,7768,11152,-179,-98,74,6688,-8388,11316,-61,136,-205,-13188,3488,6916,-989,63,-141,-13288,-6392,6548,-477,185,-161,0
2764.185296058655,7844,7788,11256,-176,-61,98,7020,-8200,11320,-38,157,-198,-12868,3544,6976,-1011,82,-81,-13244,-6404,6884,-459,188,-114,0
2764.218672990799,7880,7796,11120,-167,-100,102,7016,-7956,11100,-7,118,-206,-13144,3576,6976,-1011,123,-72,-13248,-6480,6772,-474,176,-74,0
2764.2521500587463,7964,7776,11272,-243,-88,152,6684,-7972,11220,8,118,-166,-13188,3636,7064,-1009,172,-113,-13320,-6480,6540,-511,193,-72,0
2764.2856850624084,7724,7452,11100,-173,-168,173,7012,-8264,11304,-28,109,-204,-13172,3632,6964,-1047,175,-148,-13328,-6492,6728,-260,231,-41,0
2764.319240093231,7972,7716,11076,-187,-205,187,7016,-8220,11188,-253,70,-193,-13200,3584,6952,-1030,218,-118,-13196,-6528,6572,-522,166,-38,0
2764.352863073349,7920,7792,10980,-170,-177,186,7000,-8100,11312,-18,41,-174,-13084,3540,7004,-1272,192,-53,-13248,-6376,6644,-520,159,-65,0
2764.3864750862126,7872,7648,11064,-230,-165,183,7028,-8240,11012,8,118,-182,-13248,3776,7104,-1038,152,-113,-13360,-6348,6608,-544,217,-49,0
2764.4195261001587,7940,7760,11228,-223,-196,184,7020,-8364,11432,90,117,-212,-13124,3492,6928,-1060,195,-113,-13224,-6404,6620,-505,239,-69,0
2764.4576349258423,7896,7764,11100,-190,-214,162,7044,-8120,11328,50,114,-236,-13308,3588,7100,-998,117,-177,-13556,-6420,6616,-765,287,-99,0
2764.492774963379,7716,7696,11456,-212,-235,166,7056,-8048,11076,52,138,-219,-13264,3520,7004,-997,169,-148,-13384,-6500,6488,-513,232,-46,0
2764.5280759334564,8152,7792,11244,-250,-250,152,7016,-8148,11444,21,145,-202,-13264,3552,6920,-770,183,-201,-13288,-6516,6532,-478,229,-39,0
2764.5636689662933,7764,7728,11232,-11,-260,161,7136,-7964,11184,51,91,-227,-13060,3432,6832,-1016,208,-171,-13100,-6188,6476,-448,187,-73,0
2764.599224090576,8004,7728,10968,-283,-212,180,7060,-8048,11444,23,87,-217,-13344,3356,7136,-1039,207,-140,-13148,-6164,6620,-458,165,-75,0
2764.634382009506,8016,7708,11008,-499,-165,201,7040,-8088,11088,56,69,-203,-13184,3460,6852,-1064,198,-91,-13356,-6428,6524,-495,183,-59,0
2764.67018198967,7992,7744,11024,-236,-202,216,6976,-8144,11320,39,21,-190,-13100,3452,6912,-1071,164,-122,-13276,-6488,6516,-495,169,-53,0
2764.7055740356445,8028,7556,11040,-231,-188,197,6928,-8104,11360,32,78,-209,-13240,3484,6944,-1279,151,-143,-13404,-6172,6544,-504,196,-71,0
2764.7415039539337,8020,7616,11120,-231,-235,199,7108,-8140,11376,48,81,-208,-13212,3332,6840,-1073,175,-155,-13312,-6284,6536,-759,209,-54,0
2764.777540922165,8012,7632,11184,-213,-239,169,7104,-8068,11012,45,38,-218,-13164,3432,6956,-1079,243,-160,-13364,-6268,6596,-490,172,-39,0
2764.8125569820404,8112,7644,11184,-216,-213,186,7100,-8072,11296,9,53,-222,-13520,3460,7088,-1046,178,-83,-13116,-6376,6560,-481,172,-90,0
2764.8475351333614,8096,7652,11232,-198,-177,143,7152,-8152,11064,-71,107,-212,-13328,3412,6804,-1041,135,-107,-13068,-6324,6584,-475,154,-92,0
2764.88325214386,8132,7660,11124,-179,-144,141,7136,-8184,11248,-50,95,-187,-13252,3504,6808,-1040,99,-41,-13292,-6352,6476,-490,169,-117,0
2764.918895959854,8128,7596,11052,-166,-87,112,7040,-8048,11456,-28,149,-157,-13284,3376,6728,-1035,71,-57,-13544,-6288,6532,-492,136,-141,0
2764.9539730548854,8020,7924,10960,-147,249,105,7100,-7980,11196,-27,139,-153,-13340,3456,6704,-1015,102,-59,-13364,-6404,6476,-481,128,-142,0
2764.9898059368134,8156,7448,11088,-179,-15,83,7100,-8044,11116,-33,186,-135,-13212,3400,6964,-1276,77,-90,-13328,-6440,6532,-481,141,-148,0
2765.0248079299927,8072,7692,11196,-150,-32,79,7092,-8012,11396,-47,182,-162,-13272,3368,7052,-1042,82,-22,-13496,-6352,6524,-456,137,-151,0
2765.060068130493,8024,7648,11232,-140,-29,86,7024,-8056,11368,-72,155,-165,-13544,3496,7012,-987,57,-51,-13364,-6404,6548,-485,144,-146,0
2765.0955829620366,8068,7920,11064,-89,-31,77,7144,-8072,11112,-57,145,-154,-13288,3568,6972,-1015,80,-57,-13324,-6436,6492,-502,119,-122,0
2765.129270076752,8008,7516,11020,-134,-10,86,7004,-8120,11296,-16,162,-137,-13188,3540,6924,-1012,82,-39,-13268,-6352,6568,-499,116,-141,0
2765.1626939773564,8048,7872,11188,-136,17,85,7120,-8172,11112,-65,143,-172,-13512,3556,7076,-1014,75,-52,-13320,-6348,6616,-497,108,-154,0
2765.1959750652313,8188,7664,11132,-134,-10,82,7068,-8144,11388,-65,125,-147,-13492,3572,7044,-1001,76,-40,-13364,-6408,6672,-510,112,-152,0
2765.232245922088,8036,7660,11140,-126,-252,71,7068,-8156,11220,-31,210,-131,-13140,3532,6696,-1062,112,-58,-13348,-6392,6564,-515,104,-155,0
2765.266037940979,7744,7740,11072,-130,-248,67,6932,-8092,11220,-51,139,-141,-13264,3504,6816,-984,84,-53,-13136,-6428,6632,-500,103,-147,0
2765.2995409965515,7792,7620,11012,-152,-22,112,7056,-7996,11236,-85,132,-158,-13348,3488,6896,-998,74,-35,-13300,-6424,6596,-507,80,-134,0
2765.333027124405,8048,7572,11104,-116,3,91,7092,-8088,11336,-54,90,-156,-13300,3496,6656,-1011,71,-11,-13364,-6652,6644,-498,84,-152,0
2765.3667080402374,8048,7756,11036,-131,-253,77,7084,-8136,11184,-59,118,-150,-13368,3568,6896,-996,75,-71,-13060,-6420,6460,-764,129,-160,0
2765.3996429443364,7956,7696,11236,-134,21,75,7044,-8072,11340,-67,117,-146,-13292,3476,7124,-1002,82,-51,-13100,-6488,6556,-484,106,-155,0
2765.43311214447,8072,7924,10816,-88,19,58,7180,-8168,11416,-65,123,-164,-13236,3460,6876,-1020,52,-20,-13328,-6636,6488,-503,80,-182,0
2765.466800928116,7968,7468,11208,-141,-4,70,7004,-8160,11252,-27,125,-138,-13192,3572,6976,-1075,52,-36,-13200,-6656,6636,-257,115,-123,0
2765.500106096268,7696,7504,11020,-90,21,104,7020,-8060,11460,-48,132,-139,-13280,3452,6980,-1060,94,-23,-13324,-6528,6872,-518,83,-131,0
2765.5335059165955,8000,7784,11060,-100,11,76,6940,-8132,11024,-83,125,-147,-13256,3552,6896,-990,115,-48,-13560,-6152,6648,-528,83,-122,0
2765.5671720504765,7720,7920,11144,-127,45,121,7032,-8084,11112,-66,93,-122,-13488,3704,6868,-1044,78,237,-13288,-6380,6552,-509,107,-104,0
2765.600606918335,7996,7432,11224,-106,35,139,7040,-8128,11412,-22,47,-101,-13232,3592,7092,-1093,146,54,-13308,-6476,6744,-526,52,-84,0
2765.6343269348145,8188,7668,11352,-111,41,151,7124,-8120,11264,-62,35,-89,-13244,3532,6824,-1040,166,-240,-13300,-6488,6824,-516,74,-124,0
2765.667598962784,8012,7716,11088,-133,-17,121,6924,-8148,11324,-106,132,-108,-13264,3540,7008,-976,120,-35,-13224,-6532,6532,-523,65,-145,0
2765.700854063034,7876,7932,11216,-127,2,97,7188,-8148,11220,-68,143,-176,-13224,3456,6780,-945,48,-78,-13148,-6440,6516,-456,147,-140,0
2765.7343709468846,7684,7840,11248,-177,-80,79,7176,-8100,11176,-30,213,-188,-13240,3352,6936,-972,53,-93,-13200,-6452,6504,-468,228,-156,0
2765.767956018448,7948,7736,11076,-172,-123,41,7100,-8004,11428,-53,21,-229,-13332,3412,6836,-987,81,-103,-13264,-6508,6596,-443,202,-175,0
2765.8014330863953,8184,7716,11036,-190,-81,22,7152,-7988,11284,-68,213,-241,-13264,3524,7152,-970,51,-128,-13392,-6424,6596,-436,178,-193,0
2765.834944009781,8008,7740,11056,-185,-74,45,7068,-8088,11340,-51,179,-217,-13244,3464,6980,-996,14,-123,-13372,-6424,6616,-469,198,-117,0
2765.8685250282288,7900,7800,11072,-186,-40,63,7100,-8164,11196,-5,161,-185,-13212,3612,6656,-986,72,-48,-13272,-6392,6656,-481,155,-92,0
2765.9015040397644,7924,7700,11308,-173,-64,131,7000,-8120,11180,25,132,-167,-13324,3528,6956,-1032,101,-94,-13296,-6484,6488,-497,150,-87,0
2765.9349911212926,7860,7768,11420,-222,-87,182,7016,-8144,11316,-26,128,-164,-13140,3360,7200,-993,123,-115,-13328,-6592,6408,-502,180,-60,0
2765.9686670303345,8180,7744,11020,-169,-160,175,6916,-8128,11352,-34,89,-180,-13204,3628,6840,-1003,160,-128,-13348,-6432,6900,-527,162,-53,0
2766.0022871494293,7856,7736,11108,-186,-132,198,6920,-7944,11292,-31,80,-200,-13232,3584,6952,-1014,183,-85,-13184,-6424,6592,-519,137,-30,0
2766.035742998123,7924,7680,11008,-215,-147,201,7028,-8196,11096,-23,105,-194,-13136,3628,6904,-1280,169,-92,-13188,-6168,6412,-485,201,-49,0
2766.0691070556645,7896,7632,11028,-209,-163,172,7020,-8400,11344,26,140,-201,-13076,3492,7052,-1273,191,-166,-13320,-6472,6628,-477,232,-64,0
2766.1021690368652,8012,7736,11120,-208,-176,158,7204,-8148,11272,59,130,-218,-13372,3420,6868,-1016,151,-169,-13292,-6360,6600,-465,224,-76,0
2766.1397209167485,8100,7684,11064,-208,-214,134,7128,-8028,11496,39,147,-252,-13288,3488,6952,-1043,155,-141,-13236,-6408,6404,-459,507,-81,0
2766.175010919571,8076,7736,11196,-219,-210,158,7120,-8012,11064,17,146,-243,-13264,3464,6840,-1003,144,-124,-13356,-6448,6508,-489,185,-65,0
2766.2104499340057,8176,7640,11168,-264,-192,122,7388,-7972,11344,-247,107,-184,-13132,3420,6960,-1023,127,-96,-13276,-6632,6564,-492,178,-100,0
2766.2458629608154,7940,7716,11004,-285,-153,140,7096,-8016,11356,56,75,-184,-13272,3440,7160,-1041,140,-87,-13252,-6416,6456,-455,157,-77,0
2766.2819600105286,8044,7672,11236,-188,-133,139,7092,-8036,11332,-250,110,-194,-13288,3416,6976,-1004,111,-136,-13268,-6416,6620,-480,192,-86,0
2766.317820072174,7948,7668,11032,-3,-135,135,7116,-8084,11372,17,115,-195,-13376,3480,6712,-1007,142,-86,-13108,-6164,6540,-479,175,-62,0
2766.3526129722595,8108,7476,11020,-204,-172,161,7132,-8020,11348,44,131,-142,-13304,3580,6968,-770,108,-49,-13360,-6324,6604,-489,122,-53,0
2766.3881270885468,7988,7668,11092,-210,-100,183,7008,-8068,11364,-2,119,-146,-13308,3548,6908,-990,123,-53,-13168,-6448,6632,-475,122,-83,0
2766.4232320785522,7968,7928,11080,-229,-129,152,7036,-8036,11308,-4,84,-191,-13208,3492,6896,-982,137,-109,-13092,-6372,6460,-472,148,-89,0
2766.4592390060425,8012,7668,11260,-193,-115,134,7084,-8076,11416,-44,105,-208,-13256,3520,6860,-986,127,-101,-13352,-6360,6432,-479,199,-109,0
2766.4944591522217,8064,7608,11012,-220,-158,131,7080,-8012,11012,-249,172,-231,-13200,3472,6908,-1008,110,-159,-13296,-6332,6512,-488,218,-78,0
2766.5301170349126,8064,7504,10988,-159,-136,112,7168,-8000,11200,-48,142,-241,-13068,3360,6984,-1005,104,-107,-13412,-6384,6504,-490,203,-124,0
2766.5650610923767,8204,7896,11068,-145,-107,91,7160,-8028,11344,-64,72,-211,-13300,3512,6828,-985,135,-79,-13420,-6204,6544,-468,128,-120,0
2766.6003239154816,8092,7668,11196,-157,-27,90,7136,-8036,11460,-45,166,-166,-13404,3440,6952,-1002,65,-40,-13424,-6332,6228,-493,112,-102,0
2766.635502099991,8108,7560,11064,-150,249,89,7208,-8068,11420,-28,175,-135,-13364,3456,6916,-1280,87,-75,-13372,-6496,6500,-455,115,-180,0
2766.671574115753,8124,7656,11056,-129,34,87,7412,-8052,11184,-52,170,-161,-13244,3488,7100,-1045,87,-30,-13392,-6432,6552,-479,97,-128,0
2766.707253932953,8064,7732,11108,-144,1,61,7092,-8140,11396,-64,174,-186,-13312,3376,6804,-1012,36,-39,-13272,-6404,6528,-516,105,-163,0
2766.742099046707,8016,7728,11244,-133,-29,51,7104,-8072,11384,-75,176,-179,-13208,3484,7052,-1014,33,-76,-13344,-6180,6508,-457,128,-186,0
2766.7778220176697,7956,7760,11104,-124,250,36,7132,-8152,11280,-57,204,-183,-13192,3408,6892,-992,30,-30,-13336,-6488,6592,-459,159,-168,0
2766.811366081238,8072,7744,11104,-150,8,37,7036,-8064,11288,-64,166,-179,-13212,3488,6912,-994,65,-100,-13496,-6372,6468,-449,116,-167,0
2766.844815969467,8040,7676,11104,-162,5,41,7108,-8000,11384,-78,187,-191,-13544,3472,7068,-956,62,-51,-13300,-6440,6648,-466,113,-146,0
2766.8784329891205,8100,7716,11064,-133,-35,52,7080,-8040,11324,-88,180,-188,-13356,3572,6960,-948,22,-74,-13416,-6464,6472,-477,114,-155,0
2766.911816120148,8024,7688,11204,-122,56,55,6972,-8096,11456,-65,163,-171,-13348,3560,6916,-1020,13,-48,-13340,-6468,6480,-498,133,-170,0
2766.9454829692845,8020,7680,11124,-146,26,49,7060,-8088,11248,-39,174,-151,-13272,3460,6940,-967,45,-246,-13380,-6496,6492,-499,103,-159,0
2766.97918510437,8088,7472,11032,-110,253,53,6912,-8124,11024,-125,138,-176,-13392,3560,6844,-1010,82,-7,-13392,-6224,6592,-485,109,-133,0
2767.012629032135,7996,7704,11012,-146,-10,57,7184,-8136,11480,-79,117,-172,-13340,3440,7000,-960,91,-33,-13328,-6304,6620,-468,86,-150,0
2767.0461900234222,8000,7676,11092,-174,16,65,7176,-8080,11328,-67,158,-143,-13328,3484,6920,-1002,66,-14,-13356,-6364,6700,-461,109,-129,0
2767.07977104187,8016,7740,11156,-137,21,76,7092,-8132,11268,-51,168,-125,-13324,3520,7152,-975,49,1,-13328,-6488,6600,-488,78,-138,0
2767.1132929325104,8048,7912,11080,-131,44,59,7016,-8156,11360,-99,114,-130,-13224,3492,6948,-982,73,-253,-13320,-6424,6580,-487,80,-184,0
2767.146812915802,7692,7684,11476,-131,3,72,6984,-8176,11268,-76,124,-135,-13276,3468,6964,-979,53,-7,-13296,-6496,6372,-494,82,-178,0
2767.180391073227,7912,7484,11108,-116,-20,80,6944,-8112,11308,-12,145,-171,-13276,3488,7024,-1012,98,-74,-13188,-6492,6568,-474,122,-135,0
2767.2137219905853,7896,7508,11140,-182,-9,92,7000,-8088,11244,-32,147,-173,-13428,3460,6972,-1031,75,-87,-13260,-6400,6556,-465,167,-149,0
2767.247313976288,8176,7748,11236,-132,-100,79,7060,-8088,11316,-87,144,-209,-13280,3516,7040,-982,71,-76,-13108,-6196,6644,-491,155,-164,0
2767.2808260917664,7932,7716,11140,-158,-53,100,7052,-8060,11016,-43,127,-197,-13256,3488,7060,-974,95,-72,-13360,-6628,6580,-485,137,-133,0
2767.314497947693,7876,7688,11144,-149,-38,84,7068,-8072,11436,-49,155,-189,-13340,3540,7020,-996,85,-69,-13312,-6488,6548,-461,162,-122,0
2767.347743988037,8168,7784,11084,-168,-62,90,7160,-8084,11364,-41,181,-207,-13264,3528,7084,-1011,70,-82,-13280,-6476,6548,-440,114,-160,0
2767.3812339305878,7868,7720,11160,-184,-54,62,7064,-8096,11496,-61,190,-170,-13228,3500,7024,-1009,80,-47,-13160,-6536,6828,-497,129,-140,0
2767.4144690036774,7812,7684,10832,-168,-67,73,6992,-8164,11252,-86,151,-212,-13212,3588,7008,-912,-98,-40,-13112,-6512,6460,-456,115,-161,0
2767.4481410980225,7888,7896,11112,-173,-75,90,6988,-8188,11368,-61,149,-195,-13328,3592,6956,-974,49,-73,-13212,-6460,6492,-474,119,-157,0
2767.481810092926,7944,7784,11192,-159,-8,73,6996,-8212,11216,-35,170,-152,-13308,3536,7000,-998,110,-64,-13304,-6492,6552,-467,130,-111,0
2767.5154299736023,7884,7856,11044,-191,-40,104,6968,-8104,11404,-40,127,-206,-13272,3508,7028,-985,84,-109,-13256,-6296,6620,-470,151,-133,0
2767.548972129822,7868,7748,11080,-191,-64,90,7124,-8060,11208,-51,117,-190,-13124,3332,6848,-974,104,-83,-13336,-6444,6472,-436,157,-136,0
2767.582227945328,7944,7784,11244,-184,-75,79,7028,-8040,11388,-33,159,-185,-13300,3516,7136,-981,77,-68,-13400,-6444,6660,-459,139,-95,0
2767.6158499717712,7996,7740,11232,-211,-109,104,7100,-8212,11184,-22,142,-178,-13308,3528,7000,-1007,71,-140,-13212,-6488,6828,-468,148,-115,0
2767.6493120193486,7840,7744,11108,-231,-103,115,7060,-8164,11376,35,129,-196,-13120,3568,7072,-1054,135,-129,-13304,-6404,6620,-475,154,-69,0
2767.682909965515,7956,7864,11192,-163,-136,159,7004,-8088,11452,-58,135,-207,-13380,3544,7088,-987,114,-120,-13096,-6548,6880,-495,216,-80,0
2767.716475009918,7944,7792,11144,-248,-163,110,7156,-8376,11468,12,104,-202,-13176,3824,6972,-1010,168,-103,-13236,-6612,6548,-483,193,-67,0
2767.7499949932094,8160,7712,11416,-199,-162,170,7028,-8256,11184,27,85,-194,-13168,3636,6912,-1048,147,-83,-13268,-6396,6632,-474,181,-70,0
2767.7834119796753,7960,7704,11188,-232,-111,209,7096,-8184,11152,8,83,-160,-13216,3492,7144,-1034,170,-62,-13236,-6464,6716,-475,118,-52,0
2767.821671009064,8004,7712,11168,-237,-110,185,7080,-8212,11200,-14,91,-157,-13292,3556,7100,-1001,155,-84,-13260,-6248,6892,-462,125,-42,0
2767.8578069210052,7948,7752,11248,-221,-154,216,7004,-7960,11264,17,124,-173,-13332,3492,7036,-1033,163,-155,-13312,-6320,6480,-766,221,-58,0
2767.892470121384,8036,7728,11184,-210,-225,213,7024,-8076,11392,42,55,-216,-13324,3408,6752,-1269,173,-162,-13496,-6356,6548,-489,269,-44,0
2767.9274289608,8076,7636,11044,-233,-203,202,7128,-8112,11160,31,95,-221,-13216,3492,6764,-1035,187,-125,-13328,-6164,6472,-491,241,-37,0
2767.9634931087494,8088,7860,11156,-242,-258,209,7028,-8020,11212,26,107,-217,-13316,3464,6948,-1047,207,-123,-13300,-6336,6456,-479,229,-77,0
2767.999284029007,8092,7632,11140,-228,-172,187,7104,-8080,11148,41,92,-188,-13292,3476,6980,-1029,158,-137,-13332,-6432,6672,-488,214,-39,0
2768.0350320339203,8024,7704,11116,-238,-177,167,7180,-8132,11192,46,100,-178,-13468,3756,6676,-1045,135,-104,-13068,-6644,6540,-481,196,-65,0
2768.0708429813385,7968,7612,11108,-232,-121,194,7044,-8036,11316,-253,71,-174,-13308,3456,6852,-1015,152,-132,-13300,-6408,6528,-482,138,-34,0
2768.1061050891876,8092,7600,11284,-206,-190,201,7092,-8024,11260,-9,79,-192,-13288,3452,6844,-994,158,-102,-13368,-6380,6512,-499,144,-70,0
2768.1423821449284,7976,7604,11024,-225,-159,171,7340,-8096,11280,-2,102,-183,-13092,3572,7088,-1034,107,-105,-13252,-6388,6536,-481,204,-109,0
2768.1788089275365,7912,7760,11048,-203,-172,154,7012,-8156,11484,22,129,-200,-13272,3424,6976,-1039,139,-153,-13316,-6452,6452,-470,177,-123,0
2768.2135860919952,8104,7588,11032,-189,-143,97,7056,-7984,11140,-33,119,-214,-13232,3520,7076,-1014,98,-117,-13304,-6160,6500,-765,238,-103,0
2768.24942111969,8128,7688,11188,-184,-142,121,7156,-8004,11252,-18,98,-192,-13568,3472,6800,-1007,108,-65,-13412,-6296,6460,-465,120,-93,0
2768.284861087799,8180,7616,10936,-206,-51,151,7340,-8164,11216,-7,142,-121,-13232,3356,6832,-1032,131,-17,-13384,-6396,6584,-446,74,-88,0
2768.3206589221954,8056,7696,11008,-219,-20,134,7156,-8016,11104,-33,115,-122,-13304,3480,6856,-1063,141,-30,-13236,-6384,6608,-452,91,-102,0
2768.355663061142,8080,7552,11072,-217,49,98,7096,-8112,11512,105,124,-126,-13332,3444,7000,-1058,125,235,-13280,-6404,6432,-565,194,-142,0
2768.390681028366,7988,7864,11168,-197,250,59,7108,-8428,11340,-91,220,-148,-13100,3484,7132,-985,22,-65,-13292,-6360,6588,-465,182,-145,0
2768.4260859489445,7988,7644,11072,-12,-66,58,7100,-8136,11024,-61,109,-191,-13300,3520,6916,-1279,108,-64,-13440,-6376,6636,-462,101,-147,0
2768.4623711109166,8036,7648,11080,-142,-9,53,7028,-8044,11316,-82,148,-185,-13252,3524,6996,-1013,81,-64,-13312,-6388,6556,-494,109,-168,0
2768.4959831237793,8040,7616,11040,-186,-17,115,7036,-8076,11336,-69,126,-170,-13344,3520,6916,-1055,52,-69,-13292,-6436,6536,-501,135,-107,0
2768.529860973358,8048,7660,11104,-158,-50,113,7112,-8172,11284,-45,120,-163,-13260,3544,6892,-1023,101,-63,-13316,-6400,6476,-495,150,-118,0
2768.5634200572968,8028,7680,11160,-151,-52,136,7068,-8120,11276,-61,121,-152,-13300,3540,7036,-1278,74,-49,-13268,-6612,6424,-502,150,-134,0
2768.597093105316,8040,7684,11168,-143,-77,112,6916,-8012,11340,-48,130,-183,-13356,3548,7036,-1040,87,-67,-13396,-6332,6624,-526,135,-109,0
2768.6306741237645,8012,7616,10952,-117,-67,121,7088,-8016,11316,-35,120,-152,-13248,3524,7156,-1047,88,-62,-13356,-6340,6476,-547,131,-121,0
2768.664188146591,8088,7804,11180,-100,-62,140,7108,-8040,11096,-46,113,-149,-13436,3460,6896,-1061,92,-63,-13400,-6460,6540,-526,126,-133,0
2768.6978321075444,7972,7668,11108,-144,-20,140,6920,-7988,11320,-45,126,-139,-13424,3420,6828,-1004,110,-63,-13332,-6464,6468,-474,111,-89,0
2768.7313971519466,8128,7804,11260,-194,-36,113,7144,-8008,11268,-19,136,-160,-13320,3496,7044,-1006,113,-48,-13508,-6476,6592,-487,139,-100,0
2768.7649450302124,7952,7908,11148,-204,-139,153,7064,-8068,11408,-19,117,-219,-13204,3460,7008,-989,135,-95,-13088,-6436,6592,-486,186,-59,0
2768.798597097397,8020,7732,11076,-184,-223,165,7116,-8068,11316,-45,88,-233,-13340,3392,6960,-1003,162,-131,-13340,-6464,6592,-477,238,-54,0
2768.8319370746613,8176,7484,11180,-215,-250,163,7140,-7952,11280,-60,59,-4,-13544,3412,6776,-985,163,-147,-13308,-6384,6636,-493,213,-57,0
2768.8655581474304,8060,7844,10992,-216,-248,184,7064,-8088,11324,-22,92,-11,-13256,3464,6956,-941,160,-142,-13164,-6388,6528,-501,218,-89,0
2768.899095058441,8004,7576,11172,-206,-229,147,7064,-8068,11200,-6,80,-270,-13248,3496,7152,-988,130,-153,-13328,-6364,6628,-486,250,-94,0
2768.932634115219,7964,7720,11156,-215,-226,127,6968,-8024,11512,13,97,-250,-13356,3560,6808,-973,141,-134,-13380,-6188,6620,-492,221,-48,0
2768.9661960601807,8040,7652,11012,-182,-230,153,6920,-8308,11104,-11,85,-217,-13400,3524,6952,-944,153,-148,-13544,-6352,6628,-490,227,-54,0
2768.9998691082005,8068,7660,11172,-189,-198,171,7060,-8072,11420,-16,12,-259,-13308,3456,6856,-971,121,-172,-13536,-6328,6640,-493,192,-50,0
2769.033396959305,8156,7840,11208,-163,-115,149,7232,-8012,11104,-53,199,-177,-13316,3484,6836,-996,136,-88,-13428,-6228,6532,-488,144,-98,0
2769.067044019699,7980,7456,11012,-146,-72,95,7300,-8064,11112,-32,160,-157,-13448,3484,6848,-776,45,-39,-13436,-6252,6520,-518,120,-165,0
2769.1005349159245,8420,7536,10932,-157,25,100,7364,-8028,11152,30,172,-132,-13232,3568,6952,-1028,76,-4,-13296,-6352,6556,-476,111,-129,0
2769.1336610317226,8092,7704,11132,-141,58,90,7148,-8084,11308,-73,159,-150,-13164,3512,7012,-1008,155,-95,-13456,-6656,6540,-484,118,-139,0
2769.16716003418,8108,7448,11328,-171,-39,93,7208,-8116,11368,-55,190,-163,-13164,3520,6880,-1008,44,-90,-13388,-6364,6496,-509,174,-140,0
2769.200739145279,8112,7920,11076,-132,-33,75,7144,-8020,11280,-58,184,-148,-13240,3540,6956,-1042,79,-29,-13356,-6392,6496,-455,98,-125,0
2769.23436498642,7988,7440,10776,-132,-11,79,7084,-8020,11264,-73,126,-135,-13488,3556,6952,-1001,81,-12,-13328,-6496,6556,-503,69,-162,0
2769.267930984497,7780,7764,11136,-121,-56,78,7036,-8124,11220,-71,167,-163,-13140,3496,6940,-994,62,-37,-13276,-6500,6676,-461,82,-120,0
2769.301526069641,7728,7696,11108,-147,-33,100,7052,-8064,11340,-79,167,-172,-13268,3508,7060,-975,61,-76,-13428,-6652,6592,-486,144,-162,0
2769.334990978241,8100,7700,11112,-155,-74,117,7140,-8072,11264,-39,170,-197,-13232,3600,6820,-957,68,-104,-13420,-6460,6400,-481,201,-99,0
2769.3684570789337,8052,7684,11132,-130,-117,85,7032,-7980,11324,-57,157,-226,-13132,3460,6880,-973,92,-71,-13388,-6340,6492,-473,190,-111,0
2769.402142047882,8044,7608,10920,-155,-140,76,7100,-8088,11332,-88,107,-260,-13088,3472,7044,-954,135,-47,-13340,-6312,6452,-478,192,-84,0
2769.4355599880214,8168,7664,11088,-164,-144,89,7060,-8092,11128,-51,152,-217,-13340,3496,6732,-975,104,-99,-13424,-6336,6532,-492,208,-94,0
2769.4717330932617,8124,7712,11156,-149,-86,121,7220,-8064,11192,-32,149,-202,-13376,3404,6960,-1035,194,-83,-13460,-6248,6596,-482,161,-111,0
2769.507396936416,8240,7700,11144,-178,-76,96,7140,-8020,11292,-52,127,-162,-13552,3420,6872,-981,92,-44,-13472,-6384,6432,-463,106,-157,0
2769.542349100113,8188,7924,10808,-167,-41,97,7092,-8124,11512,-77,208,-159,-13236,3484,7064,-946,77,-13,-13372,-6364,6416,-474,103,-123,0
2769.5775051116943,8144,7728,11096,-158,-27,61,7132,-8076,11328,-68,187,-182,-13356,3508,7312,-983,77,-102,-13408,-6404,6544,-504,94,-156,0
2769.613091945648,8060,7656,11080,-140,-35,66,7088,-8096,11196,-49,189,-173,-13284,3504,7032,-1018,24,-45,-13208,-6432,6488,-494,84,-137,0
2769.648119926452,8012,7668,11116,-136,-18,81,7024,-8108,11452,-33,168,-163,-13152,3388,6660,-997,58,-67,-13080,-6344,6528,-451,150,-122,0
2769.6976370811462,8104,7772,11100,-208,-82,106,7064,-8096,11348,-23,108,-192,-13264,3376,6996,-959,105,-111,-13116,-6592,6516,-455,158,-92,0
2769.745661020279,8028,7756,11056,-173,-143,101,7096,-8184,11168,-52,134,-200,-13252,3548,7076,-977,53,-86,-13108,-6364,6612,-481,151,-98,0
2769.7857069969177,8140,7652,10980,-212,-112,99,6952,-8028,11168,-21,206,-200,-13252,3464,6688,-968,55,-89,-13404,-6452,6180,-463,126,-124,0
2769.8210129737854,7936,7768,11240,-176,-68,58,7188,-8072,11396,-42,187,-202,-13368,3504,6736,-988,19,-76,-13300,-6356,6476,-471,120,-175,0
2769.8571150302887,8116,7672,10972,-202,-47,38,7136,-8132,11188,-36,177,-191,-13560,3576,6900,-945,87,-24,-13416,-6216,6420,-484,125,-158,0
2769.8923490047455,8128,7596,10896,-171,-13,72,7132,-8056,11436,-256,169,-167,-13368,3540,6916,-1028,66,-33,-13356,-6408,6412,-454,110,-132,0
2769.9276070594788,8176,7608,11172,-179,12,81,7108,-8104,11268,-12,173,-135,-13284,3772,6940,-999,85,-11,-13364,-6348,6544,-440,89,-149,0
2769.9627771377563,7936,7620,11100,-207,-53,65,7008,-8108,11280,-75,174,-173,-13180,3500,7020,-977,70,-48,-13532,-6624,6692,-461,85,-134,0
2769.9987499713898,8104,7640,11036,-172,252,56,7124,-8172,11224,-53,172,-170,-13248,3468,6848,-932,81,-61,-13312,-6420,6564,-470,134,-177,0
2770.033847093582,8172,7904,11200,-141,-28,63,6992,-8148,11144,-40,177,-163,-13216,3488,7080,-974,69,-101,-13476,-6196,6508,-456,151,-138,0
2770.0694699287415,8024,7692,11132,-194,-55,86,7040,-7980,11156,-31,162,-210,-13156,3500,6716,-970,89,-72,-13288,-6364,6540,-463,185,-141,0
2770.1049170494084,8096,7780,11176,-200,-106,71,7400,-8048,11284,-39,203,-219,-13252,3512,6776,-948,63,-128,-13264,-6472,6536,-452,172,-154,0
2770.1411521434784,8036,7640,11020,-208,-42,43,7152,-8076,11212,-39,163,-233,-13292,3472,6988,-953,71,-110,-13364,-6392,6560,-455,169,-134,0
2770.1747529506683,8088,7636,11056,-191,-80,48,6972,-8100,11296,-31,139,-215,-13356,3412,6840,-1005,89,-111,-13284,-6404,6672,-512,171,-148,0
2770.2080590724945,8052,7732,11080,-174,-97,110,7024,-8056,11176,-37,127,-190,-13140,3432,7068,-1013,101,-102,-13288,-6432,6588,-500,147,-126,0
2770.2475690841675,8008,7748,10944,-166,-48,104,7124,-8140,11036,-48,145,-165,-13288,3464,6924,-949,62,-99,-13412,-6356,6644,-484,122,-120,0
2770.2812809944153,8068,7784,10944,-152,-17,127,6912,-8100,11276,-65,127,-152,-13228,3540,7356,-997,52,-37,-13428,-6292,6604,-506,111,-96,0
2770.31454205513,8096,7632,10992,-150,-55,126,7112,-8184,11384,-27,125,-142,-13256,3476,6760,-1036,109,-43,-13276,-6396,6604,-497,123,-114,0
2770.348083972931,7980,7640,11104,-163,-42,128,7140,-8120,11076,-19,140,-135,-13284,3504,6924,-1004,99,-47,-13332,-6424,6488,-490,135,-119,0
2770.381536960602,8016,7656,11064,-175,-78,118,7104,-7968,11068,-39,164,-144,-13224,3548,7156,-992,90,-99,-13352,-6468,6524,-482,166,-131,0
2770.4148499965668,8040,7712,11100,-170,-95,127,7056,-8144,11436,255,187,-167,-13116,3432,6932,-970,111,-84,-13332,-6520,6572,-507,157,-111,0
2770.4482190608974,8048,7640,11140,-152,-95,107,6988,-8132,11308,-2,114,-165,-13228,3572,7048,-1002,74,-50,-13120,-6400,6580,-537,193,-119,0
2770.48188495636,7984,7668,10940,-180,-69,117,7072,-8020,11328,6,158,-180,-13220,3516,6832,-1052,155,-49,-13356,-6372,6624,-533,147,-91,0
2770.5153589248657,7992,7764,11096,-126,-84,125,7072,-8088,11232,-22,135,-153,-13240,3516,6820,-995,61,-109,-13120,-6488,6600,-757,139,-122,0
2770.5489439964294,8040,7736,11084,-174,-63,57,7052,-8152,11212,-34,164,-178,-13332,3552,7116,-976,66,-79,-13324,-6360,6520,-521,127,-115,0
2770.5824389457703,8032,7708,11208,-205,-45,83,7080,-8112,11132,2,120,-158,-13252,3504,7100,-1010,39,-31,-13172,-6364,6544,-492,148,-105,0
2770.6157970428467,8032,7664,11040,-143,-23,132,7176,-8120,11508,14,124,-161,-13096,3440,6656,-1279,99,-86,-13540,-6636,6524,-503,153,-135,0
2770.6490471363068,8012,7724,11268,-131,-1,120,7116,-8144,11240,-42,111,-117,-13196,3536,7008,-779,98,-32,-13356,-6432,6680,-483,76,-137,0
2770.682804107666,8108,7664,11152,-169,-12,108,7084,-8024,11408,-45,159,-138,-13184,3488,6964,-1000,80,-42,-13324,-6392,6428,-517,118,-128,0
2770.716231107712,7968,7688,11020,-148,10,126,6976,-8172,11304,-34,141,-153,-13236,3492,6976,-1029,86,-81,-13548,-6460,6548,-476,167,-98,0
2770.7499980926514,7976,7736,10900,-176,-95,130,7076,-8040,11392,15,120,-184,-13196,3468,7108,-769,135,-84,-13384,-6504,6520,-473,176,-80,0
2770.7834861278534,7752,7896,11128,-177,-48,114,7136,-8100,11172,-30,147,-175,-13320,3516,7116,-1018,82,-100,-13376,-6640,6652,-477,156,-120,0
2770.816967010498,7948,7456,11128,-191,-108,84,7100,-8152,11304,-30,156,-177,-13272,3496,7056,-983,84,-60,-13244,-6328,6656,-483,146,-143,0
2770.8507001399994,8100,7516,11100,-205,-62,76,7084,-8192,11316,-5,184,-203,-13244,3640,7144,-990,65,-102,-13412,-6332,6584,-477,156,-103,0
2770.8840119838715,8040,7764,11136,-176,-63,83,6948,-8096,11104,11,155,-173,-13188,3808,7140,-1005,90,-80,-13260,-6504,6592,-489,195,-119,0
2770.9173769950867,8016,7684,11044,-184,-99,116,7056,-8064,11008,-30,140,-183,-13292,3540,7220,-1001,111,-96,-13436,-6408,6484,-508,141,-119,0
2770.951173067093,7936,7744,10988,-158,-95,131,7012,-8064,11228,-59,151,-185,-13240,3476,7020,-1017,128,-41,-13400,-6656,6572,-505,149,-120,0
2770.9846501350403,8016,7696,11068,-199,-84,109,7080,-8128,11268,-36,164,-181,-13412,3588,6920,-993,100,-83,-13064,-6376,6512,-491,121,-124,0
2771.0183150768285,8020,7716,11100,-205,-66,88,7084,-8060,11360,-32,162,-147,-13360,3472,6840,-1018,91,-107,-13068,-6308,6480,-499,104,-120,0
2771.0517299175262,8116,7716,11124,-173,-65,89,7064,-8124,11276,13,151,-142,-13348,3468,6984,-1039,33,-75,-13320,-6384,6576,-499,137,-146,0
2771.0852861404414,8080,7776,11280,-187,-34,108,7052,-8100,11272,38,149,-169,-13108,3496,7036,-1048,118,-53,-13268,-6440,6456,-499,137,-115,0
2771.1187410354614,8060,7744,11296,-167,-103,126,6932,-8120,11300,15,91,-191,-13212,3620,7052,-1040,156,-114,-13292,-6452,6500,-466,181,-104,0
2771.1544349193573,8000,7708,11124,-143,-111,121,7072,-8016,11304,-27,114,-184,-13204,3428,6988,-1058,126,-47,-13328,-6400,6600,-485,143,-130,0
2771.1901531219482,8104,7732,11196,-147,-60,139,7064,-8088,11256,-27,124,-154,-13268,3328,7368,-1052,85,-61,-13312,-6628,6548,-257,166,-122,0
2771.2256729602814,8044,7648,11100,-184,-68,110,7000,-8136,11352,8,107,-159,-13140,3488,6964,-1054,114,-75,-13320,-6448,6740,-478,125,-122,0
2771.261659145355,7956,7712,11068,-127,-36,96,6976,-8028,11268,-31,76,-182,-13216,3432,6992,-1049,121,-95,-13340,-6428,6588,-494,143,-124,0
2771.2977950572968,8156,7704,11196,-160,-73,83,7084,-8104,11392,-64,117,-194,-13336,3532,7020,-975,72,-78,-13432,-6392,6524,-496,115,-161,0
2771.332575082779,7988,7664,11000,-248,-16,97,7028,-8152,11324,31,149,-187,-13256,3328,6660,-1007,67,-75,-13176,-6424,6444,-460,167,-135,0
2771.368139028549,8112,7720,11140,-167,-63,114,6992,-8092,11384,44,143,-172,-13192,3484,6968,-1026,97,-109,-13344,-6512,6564,-510,134,-149,0
2771.403571128845,8008,7764,11200,-141,-54,119,6712,-8188,11460,-48,78,-169,-13184,3452,7116,-1016,102,-53,-13564,-6480,6404,-494,101,-107,0
2771.4395000934605,7976,7680,11020,-173,-63,80,7088,-7988,11384,-62,142,-141,-13248,3548,7080,-982,56,-75,-13424,-6400,6588,-488,105,-134,0
2771.475157022476,7956,7728,11144,-172,-31,123,6912,-8108,11408,-21,139,-131,-13224,3468,6968,-987,105,-75,-13372,-6372,6560,-498,150,-104,0
2771.510782957077,7984,7652,11220,-195,-87,139,7152,-8004,11376,18,150,-174,-13208,3428,7044,-1025,95,-77,-13260,-6452,6484,-259,155,-98,0
2771.546091079712,7956,7680,11052,-133,-107,122,7072,-8044,11288,-17,111,-172,-13248,3484,7080,-1032,111,-120,-13324,-6508,6564,-479,156,-125,0
2771.5818259716034,8020,7484,11024,-166,-65,118,7036,-8076,11276,-27,109,-192,-13260,3368,7000,-1002,119,-115,-13324,-6408,6788,-514,156,-171,0
2771.617746114731,8068,7712,11156,-169,-58,91,7124,-8120,11260,-4,149,-181,-13324,3340,6772,-989,74,-139,-13356,-6384,6588,-467,149,-99,0
2771.652573108673,8016,7688,11152,-184,-73,121,7064,-8052,11064,16,155,-151,-13304,3540,6996,-1015,84,-56,-13288,-6384,6676,-478,183,-108,0
2771.6881520748134,8016,7732,11104,-234,-103,115,7092,-8068,11292,-7,123,-162,-13164,3504,6692,-1023,112,-73,-13312,-6540,6444,-468,133,-101,0
2771.7241520881653,8020,7804,11000,-172,-100,114,7088,-8088,11412,-75,130,-215,-13264,3612,7096,-1028,149,-64,-13316,-6312,6612,-495,150,-95,0
2771.759829044342,7980,7676,11172,-127,-133,145,7008,-8100,11464,6,84,-169,-13216,3584,7112,-1041,139,-66,-13260,-6484,6528,-498,153,-92,0
2771.796592950821,7892,7740,11232,-114,-53,154,7044,-7980,11256,-35,120,-161,-13308,3424,6980,-990,119,-61,-13400,-6488,6520,-500,129,-96,0
2771.830104112625,8080,7440,11156,-137,-84,111,7392,-8176,11488,-119,181,-162,-13304,3556,6644,-1073,171,-20,-13100,-6460,6688,-503,134,-154,0
2771.8636751174927,8064,7688,11024,-160,-94,110,7216,-7972,11036,-46,129,-161,-13276,3472,6968,-1001,88,-30,-13360,-6508,6484,-485,53,-151,0
2771.8969891071324,8064,7664,11000,-211,-253,76,7024,-8044,11240,34,212,-108,-13132,3384,6920,-995,-254,-97,-13376,-6408,6600,-472,95,-175,0
2771.930572986603,8144,7752,11180,-187,-27,36,6988,-8088,11392,62,212,-177,-13164,3468,7160,-1280,-246,-130,-13276,-6392,6560,-441,165,-184,0
2771.9639170169826,7984,7764,11260,-197,-90,45,6692,-8016,11412,3,184,-191,-13308,3572,7048,-987,79,-97,-13196,-6400,6556,-491,188,-123,0
2771.997419118881,7856,7780,11160,-189,-171,118,6944,-8196,11340,-37,97,-232,-13220,3748,6964,-1002,147,-65,-13184,-6444,6696,-502,189,-62,0
2772.0310480594635,7972,7780,11136,-145,-168,161,7048,-8060,11272,-83,66,-212,-13228,3524,7348,-953,174,-112,-13296,-6540,6580,-510,184,-78,0
2772.0644991397858,8064,7576,11052,-170,-152,166,6992,-8048,11420,-100,140,-171,-13228,3448,6980,-979,108,-88,-13376,-6444,6648,-502,105,-66,0
2772.0982270240784,7996,7728,11124,-201,-59,152,6952,-8128,11296,-80,88,-147,-13204,3460,7360,-983,111,243,-13132,-6508,6444,-517,98,-63,0
2772.13164806366,8072,7708,10992,-162,-12,126,6996,-8104,11392,-33,103,-124,-13292,3464,7004,-1029,176,-255,-13380,-6428,6512,-504,119,-85,0
2772.164799928665,8060,7600,11212,-162,-41,128,7412,-8028,11156,-54,107,-152,-13372,3560,6880,-1044,161,-39,-13384,-6376,6528,-508,118,-137,0
2772.198112010956,8020,7844,11196,-140,-49,122,7160,-8160,11316,-65,102,-143,-13312,3544,6792,-1048,145,-68,-13396,-6324,6516,-504,65,-120,0
2772.231789112091,8148,7732,11056,-166,-25,89,7172,-8068,11280,-58,45,-186,-13184,3452,7000,-1113,112,-78,-13172,-6200,6420,-511,127,-121,0
2772.2651669979095,8060,7728,11060,-215,-104,136,7080,-7952,11100,19,163,-165,-13176,3448,6828,-1006,139,-50,-13288,-6608,6504,-448,143,-114,0
2772.2988390922546,7952,7824,11100,-151,-97,78,7116,-7984,11244,-117,173,-219,-13216,3492,7052,-967,67,-22,-13140,-6424,6476,-417,115,-130,0
2772.332391023636,8076,7840,11200,-252,3,45,7140,-8052,11456,-83,181,-193,-13132,3460,6956,-983,74,-125,-13200,-6496,6668,-435,159,-153,0
2772.3659081459045,7992,7812,11276,-214,-42,75,7024,-8068,11016,-44,159,-200,-13116,3456,7000,-1278,123,-80,-13224,-6444,6608,-479,167,-131,0
2772.3994030952454,7844,7636,10960,-183,-50,93,7052,-8016,11312,-78,135,-219,-13208,3556,6956,-984,88,-23,-13312,-6400,6680,-515,140,-131,0
2772.4328739643097,7864,7712,11156,-123,-92,87,7072,-8220,11096,-85,102,-194,-13248,3624,6964,-1001,120,-32,-13320,-6324,6636,-492,101,-97,0
2772.4665870666504,8008,7616,11180,-159,-27,136,7032,-8120,11212,-20,68,-143,-13276,3544,6664,-1019,187,-21,-13352,-6408,6608,-261,106,-62,0
2772.4999871253967,8040,7580,11008,-151,-61,182,7140,-8188,11420,-71,78,-131,-13276,3468,6904,-1277,164,-81,-13344,-6408,6556,-517,158,-51,0
2772.533664941788,8028,7604,11260,-168,-79,166,7124,-8052,11312,-36,115,-150,-13144,3544,6812,-970,169,-84,-13416,-6408,6548,-479,158,-71,0
2772.5671670436855,8184,7424,11096,-171,-90,143,7216,-8140,11296,-28,98,-177,-13288,3512,6956,-1021,119,-93,-13264,-6288,6152,-475,184,-87,0
2772.6004221439366,8048,7660,11044,-159,-65,104,7116,-8124,11476,-11,178,-157,-13348,3444,6872,-935,18,-121,-13252,-6172,6580,-445,185,-149,0
2772.6338880062103,8000,7804,11008,-158,-82,58,7104,-8100,11288,-36,203,-215,-13564,3516,6992,-950,14,-144,-13544,-6188,6644,-429,202,-152,0
2772.6673130989075,7988,7864,11048,-181,-100,39,7036,-8072,11264,-29,207,-232,-13276,3456,6764,-904,0,-102,-13268,-6476,6616,-463,142,-183,0
2772.7005140781403,7988,7744,10920,-128,-35,22,7120,-8036,11216,-44,183,-177,-13292,3508,6816,-995,-5,-57,-13392,-6524,6448,-486,119,-180,0
2772.7339839935303,8020,7680,11188,-103,29,55,6940,-7980,11236,-21,297,-126,-13152,3424,6660,-993,3,-40,-13332,-6248,6512,-450,70,-139,0
2772.7676079273224,7932,7688,11088,-150,51,46,7056,-8060,11300,-40,160,-147,-13224,3480,6920,-1029,68,-53,-13072,-6496,6504,-452,97,-158,0
2772.8009440898895,7860,7788,11308,-162,12,97,7084,-8136,11260,-65,160,-157,-13256,3560,7096,-991,72,-36,-13060,-6504,6528,-491,128,-125,0
2772.837793111801,7956,7700,11260,-122,-58,130,7116,-8176,11300,-70,127,-142,-13072,3504,6996,-1046,97,-40,-13424,-6516,6468,-538,124,-124,0
2772.8726489543915,8056,7712,11012,-144,-66,192,7156,-8088,11336,-61,104,-133,-13152,3436,7044,-1081,147,-51,-13280,-6484,6592,-504,90,-105,0
2772.9081981182094,7948,7788,11088,-123,-56,104,7084,-8116,11356,-100,97,-172,-13288,3496,7004,-1030,159,-22,-13352,-6488,6528,-456,99,-117,0
2772.9436190128326,8012,7636,11104,-186,31,76,7360,-8104,11444,-16,150,-173,-13296,3524,6996,-986,107,-43,-13276,-6628,6564,-419,99,-129,0
2772.9793751239777,8000,7712,11480,-178,30,70,7060,-8172,11272,-22,184,-138,-13256,3664,7012,-1006,82,-27,-13364,-6452,6692,-410,127,-142,0
2773.01478099823,7932,7660,11312,-225,-22,114,6980,-7980,11280,-12,164,-193,-13244,3528,6992,-998,111,-115,-13280,-6484,6564,-460,153,-81,0
2773.0502700805664,7908,7840,11172,-188,-135,98,6868,-8216,11428,-105,145,-224,-13160,3484,7048,-929,156,-121,-13216,-6468,6716,-450,206,-62,0
2773.085505962372,8004,7624,11084,-165,-205,131,7124,-8076,11204,-45,131,-261,-13092,3440,7084,-1044,173,-167,-13148,-6416,6404,-457,272,-42,0
2773.120917081833,7940,7700,11132,-200,-185,154,7008,-8048,11136,0,103,-512,-13136,3540,7112,-1017,212,-177,-13304,-6420,6636,-495,273,-55,0
2773.1561019420624,8020,7796,11168,-210,-217,181,7140,-8128,11016,-256,109,-258,-13064,3812,7068,-1010,173,-182,-13236,-6612,6908,-494,255,-33,0
2773.191861152649,8008,7664,11276,-241,-183,157,7164,-8136,11244,2,89,-242,-13300,3560,7100,-1065,198,-117,-13432,-6380,6668,-490,236,-33,0
2773.227812051773,7784,7656,11144,-217,-219,192,7076,-8112,11432,33,70,-225,-13316,3436,7040,-1099,207,-161,-13424,-6628,6468,-493,241,-48,0
2773.2632451057434,8180,7700,11108,-267,-225,222,7208,-8072,11180,3,51,-210,-13296,3456,6956,-1272,225,-106,-13132,-6624,6460,-494,209,-42,0
2773.2990980148315,8044,7768,11052,-212,-219,201,7136,-8040,11212,-256,63,-203,-13316,3416,6696,-1014,222,-108,-13424,-6472,6412,-525,208,-68,0
2773.334324121475,8072,7688,11116,-234,-203,201,7052,-8060,11048,-12,98,-195,-13264,3360,6888,-968,183,-103,-13500,-6376,6572,-468,181,-64,0
2773.369786024093,8076,7564,11036,-266,-181,165,7188,-8072,11244,5,85,-198,-13296,3476,7088,-988,167,-123,-13560,-6336,6496,-488,160,-96,0
2773.4050691127777,8088,7636,11020,-232,-175,151,7084,-8132,11392,45,123,-198,-13268,3456,7108,-1011,166,-144,-13316,-6312,6524,-445,201,-85,0
2773.440845012665,8008,7728,11096,-249,-180,172,7180,-8132,11372,25,97,-231,-13128,3496,6960,-785,169,-108,-13068,-6352,6480,-468,185,-60,0
2773.4775590896606,8052,7864,11072,-243,-214,182,7020,-8140,11284,34,70,-233,-13240,3432,6692,-980,196,-174,-13212,-6488,6588,-470,213,-44,0
2773.5111219882965,8180,7584,11148,-271,-232,151,7124,-8032,11376,19,104,-238,-13160,3364,6896,-981,158,-140,-13356,-6356,6628,-471,228,-62,0
2773.544534921646,8076,7700,10964,-260,-237,177,7108,-8072,11324,44,129,-234,-13512,3456,7136,-1003,138,-100,-13348,-6320,6636,-479,214,-84,0
2773.5785031318665,8412,7584,11204,-273,-244,161,6928,-8052,11324,65,153,-227,-13304,3464,7012,-1277,92,-108,-13372,-6304,6488,-482,214,-85,0
2773.6121051311493,8160,7680,11020,-264,-236,172,6920,-8052,11380,67,93,-225,-13264,3324,7060,-774,152,-134,-13116,-6472,6520,-457,149,-87,0
2773.6451659202576,8164,7580,11140,-242,-202,115,7384,-8092,11108,15,106,-216,-13512,3476,7024,-956,115,-141,-13344,-6372,6556,-505,184,-118,0
2773.678745985031,8000,7576,11208,-311,-213,147,7104,-8072,11512,73,178,-191,-13388,3504,6880,-780,135,-107,-13372,-6336,6268,-416,184,-74,0
2773.711949110031,7948,7592,10984,-265,-212,145,7228,-8052,11260,10,138,-184,-13304,3456,6904,-1034,104,-63,-13400,-6376,6192,-453,132,-105,0
2773.745625972748,8180,7580,11004,-256,-140,145,7144,-8016,11288,13,129,-190,-13256,3400,7096,-1030,105,-62,-13364,-6188,6484,-473,93,-136,0
2773.7791740894318,8040,7608,11016,-197,-123,106,7116,-7972,11188,-63,91,-192,-13120,3568,6924,-986,73,-94,-13552,-6380,6440,-482,109,-137,0
2773.812746047973,8168,7540,10888,-151,-65,103,7112,-8176,11468,-76,166,-199,-13336,3140,6868,-1039,90,-71,-13228,-6356,6476,-460,151,-166,0
2773.8464219570164,8152,7564,11020,-172,-27,77,7236,-7980,11296,-39,143,-182,-13152,3400,6652,-1009,70,-35,-13416,-6332,6336,-439,139,-136,0
2773.879739999771,8420,7528,11064,-180,17,71,7388,-7968,11316,-47,183,-169,-13444,3408,6948,-996,55,-6,-13480,-6492,6396,-459,137,-165,0
2773.9129769802094,8136,7576,11112,-180,-255,53,7092,-8032,11464,-32,156,-173,-13368,3504,7024,-1012,81,-75,-13296,-6260,6628,-455,125,-188,0
2773.9468181133266,8208,7604,11000,-152,11,46,7128,-7980,11036,-55,170,-193,-13244,3560,6972,-1275,32,-99,-13096,-6352,6472,-466,107,-154,0
2773.980395078659,8184,7556,11204,-119,254,38,7096,-8124,11400,-34,147,-200,-13124,3504,6972,-1001,24,-77,-13524,-6428,6548,-482,157,-185,0
2774.013678073883,8188,7572,11200,-119,-1,34,7052,-7980,11260,-47,185,-195,-13264,3524,6904,-1016,17,-71,-13260,-6424,6512,-497,164,-184,0
2774.047240972519,8084,7628,11156,-129,-7,24,7072,-8004,11292,-82,168,-217,-13356,3424,6900,-1015,30,-87,-13388,-6340,6636,-471,114,-157,0
2774.0804879665375,8108,7652,11036,-167,-9,22,7156,-8032,11056,-100,220,-165,-13288,3488,7092,-972,2,-58,-13340,-6356,6580,-501,89,-183,0
2774.1140480041504,8096,7580,11172,-153,9,57,7060,-8112,11224,-62,156,-163,-13252,3524,7096,-1019,44,-58,-13344,-6492,6568,-479,135,-131,0
2774.147402048111,8076,7436,11252,-173,-253,88,7044,-8044,11404,-17,142,-178,-13184,3408,7044,-1001,123,-71,-13068,-6648,6484,-480,109,-117,0
2774.1808729171753,8048,7576,11088,-122,-46,56,6920,-8016,11356,-90,132,-199,-13344,3428,7016,-973,89,-108,-13480,-6656,6548,-472,113,-155,0
2774.2141289711,7996,7592,11016,-167,-72,82,7232,-8040,11312,-74,139,-171,-13320,3456,7000,-1013,66,-103,-13388,-6420,6444,-475,93,-119,0
2774.247668027878,8440,7648,11052,-162,-66,86,7080,-7992,11244,-43,127,-134,-13216,3328,6780,-1002,88,13,-13240,-6640,6500,-488,67,-131,0
2774.2808980941772,8192,7548,10976,-131,15,112,7120,-7900,11292,-72,120,-122,-13264,3460,7036,-1061,52,-248,-13120,-6172,6420,-498,65,-137,0
2774.3144240379333,8124,7640,11044,-160,7,108,7148,-8000,11300,-86,126,-141,-13304,3088,7036,-984,42,-38,-13388,-6580,6276,-461,51,-137,0
2774.3476679325104,8140,7668,11160,-172,4,88,6924,-8040,11296,-89,152,-159,-13280,3556,7100,-976,82,243,-13564,-6452,6564,-477,102,-141,0
2774.381113052368,8036,7608,11072,-148,-17,65,7104,-8060,11284,-103,162,-164,-13256,3424,7164,-982,44,-42,-13300,-6392,6536,-483,122,-142,0
2774.414276123047,8168,7572,11144,-136,-50,64,7080,-8076,11460,-77,138,-187,-13220,3472,7132,-962,86,-56,-13184,-6304,6716,-438,124,-148,0
2774.447895050049,7980,7536,11048,-168,-53,65,7096,-8080,11244,-60,121,-192,-13184,3444,7104,-1009,68,-91,-13256,-6412,6452,-471,142,-152,0
2774.481395959854,7992,7668,11172,-154,-69,88,7024,-8212,11392,-49,91,-239,-13200,3488,7104,-978,27,-34,-13340,-6604,6680,-397,54,-128,0
2774.517697095871,8044,7484,11240,-119,-44,81,7080,-8132,11244,-79,158,-169,-13520,3464,7040,-958,65,-99,-13564,-6436,6592,-536,96,-154,0
2774.552840948105,7964,7672,11196,-134,-94,53,7396,-8128,11500,-98,151,-193,-13200,3508,7144,-974,78,-19,-13252,-6164,6580,-543,239,-153,0
2774.58903503418,7984,7620,11108,-101,-38,65,7148,-8000,11416,-123,139,-172,-13392,3400,6996,-992,14,-46,-13344,-6536,6504,-589,285,-168,0
2774.6244370937347,8108,7748,11016,-118,-77,55,6992,-8116,11460,-104,171,-156,-13300,3456,6924,-967,55,-47,-13064,-6180,6524,-594,272,-173,0
2774.660073041916,8016,7932,11192,-143,-29,61,6940,-7952,11360,-123,93,-185,-13224,3408,7020,-1044,39,-37,-13384,-6480,6556,-541,277,-115,0
2774.6952929496765,8032,7660,11204,-197,-33,53,7128,-8072,11056,-68,173,-187,-13100,3500,7056,-1073,73,-74,-13344,-6408,6524,-484,116,-138,0
2774.7310020923615,8132,7736,10932,-157,-18,48,7116,-8024,11328,-48,137,-200,-13256,3508,6948,-1039,29,-25,-13328,-6420,6652,-451,19,-148,0
2774.7661459445953,8148,7708,11204,-118,-41,49,7084,-8056,11352,-49,115,-138,-13176,3516,7056,-1123,111,-76,-13296,-6436,6632,-383,8,-137,0
2774.8018901348114,8124,7444,11052,-179,-10,103,7060,-8120,11252,-66,113,-155,-13236,3512,6924,-1090,92,-22,-13268,-6436,6540,-435,80,-110,0
2774.8375940322876,8012,7604,11188,-161,9,116,7004,-8132,11372,-57,102,-128,-13196,3424,7028,-1057,97,-41,-13084,-6228,6540,-473,116,-121,0
2774.8722519874573,7948,7680,11160,-150,22,117,7196,-8096,11352,-58,97,-141,-13212,3580,6852,-1047,147,-253,-13212,-6152,6564,-494,158,-86,0
2774.9079561233525,8064,7608,11212,-110,-41,156,7124,-8076,11192,-65,96,-139,-13232,3580,7024,-1053,128,224,-13324,-6392,6652,-464,130,-96,0
2774.942722082138,8012,7584,11132,-135,-71,132,7176,-8204,11196,-92,113,-172,-13232,3492,7092,-1032,121,-16,-13480,-6424,6620,-484,136,-114,0
2774.978672027588,8060,7712,11156,-139,-85,99,7124,-7944,11152,-75,132,-198,-13268,3496,6968,-1004,97,-37,-13356,-6460,6512,-490,167,-140,0
2775.0136051177974,7940,7676,11040,-139,-100,93,7028,-8184,11292,-57,183,-207,-13340,3468,7328,-990,40,-88,-13276,-6460,6288,-480,160,-140,0
2775.0497200489044,8056,7712,11340,-117,-115,66,7104,-8024,11196,-83,181,-228,-13260,3420,7040,-932,36,-117,-13416,-6564,6548,-448,152,-145,0
2775.084882974624,8088,7708,11124,-133,-93,56,7124,-8020,11408,-84,170,-215,-13076,3556,7108,-989,66,-80,-13412,-6484,6500,-434,116,-154,0
2775.120311021805,7960,7604,11252,-225,-106,45,7108,-8148,11132,-37,225,-197,-13268,3464,6824,-973,49,-104,-13208,-6436,6680,-458,140,-150,0
2775.1555559635162,7952,7736,11036,-185,-95,77,7112,-8096,11468,-23,158,-185,-13172,3360,7128,-954,55,-96,-13332,-6520,6524,-418,138,-155,0
2775.191316127777,8008,7700,11072,-170,-113,92,7132,-8116,11452,-58,172,-202,-13132,3536,6916,-943,101,-46,-13256,-6592,6588,-476,160,-90,0
2775.2246680259705,8056,7704,11224,-216,-88,127,7032,-8100,11276,-31,115,-175,-13240,3480,7116,-1031,156,-61,-13536,-6360,6472,-477,165,-58,0
2775.2611050605774,8108,7636,11096,-166,-147,191,7072,-8068,11352,-29,112,-142,-13288,3608,6996,-999,122,-68,-13192,-6420,6692,-499,117,-76,0
2775.294851064682,8036,7640,11144,-184,-121,197,7044,-8136,11360,-44,138,-156,-13160,3528,6992,-963,169,-85,-13316,-6496,6592,-478,121,-49,0
2775.3281469345093,7984,7768,11116,-227,-96,193,7204,-8144,11120,-76,116,-171,-13344,3492,7132,-959,181,-107,-13328,-6440,6668,-466,161,-70,0
2775.36172914505,8116,7692,11192,-213,-176,182,7060,-8180,11264,-16,133,-192,-13180,3492,7076,-998,130,-87,-13244,-6440,6508,-477,218,-54,0
2775.3950541019444,8060,7768,11068,-226,-183,168,7104,-8156,11440,23,172,-185,-13292,3408,7004,-966,176,-138,-13284,-6648,6548,-470,240,-34,0
2775.428321123123,8024,7560,11156,-206,-224,161,7036,-8176,11372,-248,138,-245,-13272,3492,7044,-966,183,-119,-13288,-6392,6476,-479,228,-77,0
2775.4617891311646,8040,7624,11184,-201,-178,128,7168,-8112,11152,26,88,-235,-13252,3448,6912,-969,134,-106,-13444,-6480,6584,-472,222,-82,0
2775.4953739643097,8032,7628,10996,-203,-186,152,7344,-8080,11300,-12,181,-206,-13300,3368,6892,-986,143,-126,-13376,-6332,6364,-480,208,-69,0
2775.5287709236145,8128,7864,11164,-209,-182,129,7116,-8144,11324,17,148,-234,-13316,3380,6732,-973,138,-153,-13372,-6384,6532,-464,219,-99,0
2775.5622210502625,8152,7752,11096,-207,-169,131,7012,-8040,11372,-20,112,-221,-13304,3480,7108,-1002,151,-129,-13236,-6476,6608,-484,201,-91,0
2775.595847129822,8204,7676,11168,-207,-141,151,7148,-8156,11204,-15,96,-218,-13276,3524,6848,-1001,147,-98,-13284,-6380,6516,-509,194,-90,0
2775.629245042801,8180,7436,11176,-199,-160,138,7152,-8080,11016,19,124,-197,-13312,3556,6880,-1022,177,-87,-13408,-6360,6624,-512,171,-88,0
2775.662491083145,8188,7668,11080,-208,-144,148,7132,-8112,11420,27,127,-210,-13340,3432,6788,-1015,126,-116,-13472,-6344,6512,-489,176,-101,0
2775.6960549354553,8164,7632,10988,-208,-150,177,7188,-8164,11044,38,117,-184,-13220,3416,6784,-1021,167,-118,-13320,-6332,6460,-474,165,-67,0
2775.7295351028442,8180,7632,11052,-192,-177,160,7392,-8140,11260,10,111,-203,-13208,3412,7044,-776,181,-107,-13320,-6432,6660,-489,174,-83,0
2775.762630939484,8104,7648,11140,-198,-151,159,7112,-8068,11272,-7,77,-199,-13256,3424,7052,-1005,123,-94,-13280,-6372,6500,-497,166,-73,0
2775.7961189746857,8084,7624,11064,-210,-147,159,7144,-8088,11180,-37,118,-178,-13212,3508,6688,-986,148,-83,-13280,-6472,6496,-516,148,-80,0
2775.8297979831696,8180,7672,11044,-206,-142,156,7072,-8112,11144,-22,120,-179,-13308,3508,6920,-1014,128,-103,-13536,-6572,6244,-522,167,-97,0
2775.8633620738983,8088,7608,11144,-220,-150,137,7148,-7996,11356,16,114,-173,-13264,3340,6856,-1017,138,-102,-13368,-6172,6504,-486,192,-95,0
2775.896812915802,8104,7600,11060,-177,-72,127,7096,-8072,11212,34,118,-191,-13296,3360,7032,-998,139,-74,-13348,-6416,6552,-485,142,-122,0
2775.9304370880127,8180,7856,11048,-183,-117,102,7228,-8148,11272,-19,137,-232,-13220,3572,6984,-991,119,-91,-13376,-6152,6556,-498,194,-112,0
2775.9638941287994,8132,7640,11068,-227,-120,109,7108,-8040,11104,0,131,-175,-13268,3472,6956,-1018,93,-105,-13448,-6196,6468,-482,147,-104,0
2775.997395992279,8100,7640,11048,-170,-109,114,7160,-8028,11332,244,166,-149,-13248,3516,7024,-1031,107,-102,-13388,-6372,6588,-480,117,-115,0
2776.030851125717,8116,7584,10900,-196,-34,132,7088,-8068,11332,-27,132,-155,-13304,3448,6788,-775,111,-62,-13288,-6292,6464,-494,101,-131,0
2776.0644309520726,8088,7552,11096,-196,-13,108,7052,-8060,11424,-77,139,-140,-13308,3560,6964,-991,105,-32,-13372,-6200,6400,-508,141,-125,0
2776.098212003708,8064,7604,11236,-133,-255,91,7184,-8068,11264,-23,167,-153,-13492,3528,6996,-1001,77,-65,-13400,-6388,6632,-534,173,-129,0
2776.1316530704494,8176,7652,10996,-163,-36,95,7144,-8144,11468,255,156,-145,-13356,3412,6700,-1056,77,-74,-13532,-6616,6624,-501,170,-121,0
2776.1648409366608,7936,7624,11000,-161,-42,116,7172,-8092,11236,-31,135,-158,-13312,3412,7116,-1012,118,-118,-13296,-6504,6508,-496,167,-116,0
2776.201187133789,8216,7680,11104,-203,-36,121,7044,-8124,11264,-33,148,-189,-13520,3560,6964,-983,125,-100,-13536,-6164,6512,-489,153,-103,0
2776.236137151718,8200,7632,11028,-151,-6,124,6916,-8060,11360,-48,155,-148,-13288,3408,6884,-1025,113,-70,-13076,-6332,6580,-504,163,-142,0
2776.271758079529,8076,7648,11436,-161,-25,89,7136,-7988,11256,-31,169,-149,-13348,3420,6832,-1050,87,-67,-13492,-6468,6348,-487,137,-142,0
2776.307193994522,8056,7576,10820,-174,20,76,7036,-8040,11440,-42,159,-163,-13224,3364,7044,-999,82,-25,-13372,-6400,6484,-485,160,-116,0
2776.342143058777,8056,7624,11116,-174,250,78,7008,-8132,11272,-47,167,-170,-13280,3436,6880,-1004,66,-82,-13352,-6352,6524,-491,162,-137,0
2776.378184080124,8144,7636,11096,-183,-27,82,7096,-8148,11312,-52,177,-164,-13236,3420,6736,-998,51,-61,-13548,-6208,6604,-492,168,-140,0
2776.413404941559,8216,7584,11236,-154,-3,102,7080,-8028,11316,-29,160,-150,-13220,3472,7076,-774,85,-84,-13536,-6156,6404,-471,167,-145,0
2776.449161052704,7996,7632,11144,-160,-8,90,7024,-8060,11084,-19,133,-170,-13272,3372,7016,-1005,80,-57,-13200,-6400,6148,-490,149,-114,0
2776.4845571517944,8024,7688,11000,-154,-21,100,7152,-8116,11356,-51,162,-181,-13304,3356,6980,-986,115,-45,-13320,-6360,6436,-482,131,-112,0
2776.5197429656982,8028,7684,11140,-165,-7,143,7208,-8056,11196,-57,119,-145,-13260,3512,6964,-1012,112,-32,-13416,-6264,6504,-517,133,-123,0
2776.5550220012665,8152,7564,11040,-176,-26,113,7072,-8124,11400,-18,106,-130,-13200,3476,6912,-1063,101,-51,-13500,-6368,6604,-528,158,-120,0
2776.590451002121,8120,7704,11064,-161,-49,115,7024,-7984,11376,34,117,-119,-13244,3532,7064,-1008,62,-54,-13348,-6492,6476,-508,73,-145,0
2776.6262080669403,8128,7612,11188,-116,-80,134,7084,-8008,11280,-52,117,-140,-13468,3332,7044,-1064,52,-2,-13420,-6460,6436,-512,131,-140,0
2776.6621720790863,8152,7548,11088,-203,9,84,7108,-8060,11192,51,104,-189,-13356,3480,6740,-1033,72,-75,-13428,-6316,6544,-465,149,-112,0
2776.697751045227,8152,7596,11164,-167,27,117,7064,-8024,11124,-6,146,-128,-13260,3560,6704,-1020,46,234,-13508,-6592,6612,-505,70,-123,0
2776.733824014664,8120,7628,11216,-179,14,98,7064,-8040,11344,-13,121,-136,-13164,3456,7092,-995,87,-235,-13332,-6208,6548,-460,66,-134,0
2776.7697401046753,8060,7756,10928,-154,248,91,7052,-8112,11344,-70,134,-152,-13256,3404,7004,-994,40,-59,-13340,-6480,6564,-487,89,-135,0
2776.8045179843903,8072,7448,11188,-154,-46,77,7100,-8080,11356,-49,152,-169,-13264,3480,7108,-994,50,-22,-13240,-6444,6564,-502,136,-150,0
2776.8418331146245,7952,7688,11212,-180,-71,64,7020,-8024,11500,12,171,-182,-13212,3440,7012,-997,28,-129,-13304,-6452,6484,-473,174,-136,0
2776.8754100799565,8088,7636,11188,-176,-43,85,7152,-7992,11360,-28,148,-196,-13136,3464,7016,-1000,56,-86,-13340,-6428,6424,-483,173,-127,0
2776.9087359905243,8124,7660,11148,-160,-96,87,7084,-8116,11508,-28,129,-211,-13284,3560,7068,-981,60,-61,-13416,-6420,6532,-767,160,-155,0
2776.9421660900116,8056,7640,10816,-183,-15,56,7060,-8044,11328,-24,169,-210,-13124,3556,6840,-980,101,-37,-13304,-6392,6564,-762,147,-151,0
2776.975737094879,7944,7660,11496,-183,-21,85,7124,-8100,11164,-4,166,-159,-13156,3400,6996,-1006,73,-67,-13116,-6364,6556,-765,152,-140,0
2777.009145975113,8024,7576,11172,-168,-24,98,7032,-8076,11348,-15,121,-169,-13212,3472,7052,-1020,72,-53,-13344,-6436,6624,-528,144,-125,0
2777.0428290367126,8160,7908,11072,-152,-22,111,7076,-8124,11488,-94,106,-162,-13244,3544,7132,-1015,61,-39,-13528,-6476,6452,-532,125,-135,0
2777.07639503479,7984,7572,11164,-134,-54,107,7380,-8008,11280,-41,100,-167,-13244,3432,6724,-1017,107,-31,-13304,-6488,6608,-503,98,-131,0
2777.1099729537964,8128,7544,11024,-154,-14,106,7076,-8088,11300,-31,152,-145,-13256,3460,6940,-1000,101,-59,-13068,-6472,6584,-499,129,-133,0
2777.143233060837,8104,7748,11204,-132,-41,106,7068,-8032,11340,-37,127,-162,-13244,3568,7216,-997,102,-106,-13340,-6464,6456,-518,158,-168,0
2777.176857948303,7940,7676,11052,-134,7,112,7108,-8048,11160,-34,162,-188,-13224,3456,6956,-1058,116,-84,-13284,-6404,6540,-261,146,-140,0
2777.2104821205135,8036,7576,11088,-128,-58,105,7120,-8080,11348,-32,141,-169,-13176,3476,6912,-1006,97,-54,-13384,-6532,6536,-516,185,-124,0
2777.2440559864044,8056,7660,11116,-153,-71,70,7036,-8044,11268,-13,153,-185,-13076,3504,6996,-770,79,-62,-13380,-6440,6616,-486,185,-157,0
2777.277307987213,7796,7636,11168,-161,-92,66,7040,-8000,11364,-57,155,-172,-13260,3484,7132,-980,99,-92,-13360,-6376,6524,-476,150,-112,0
2777.3107330799103,8108,7692,11044,-164,-75,110,7092,-8156,11324,-72,160,-164,-13156,3384,7160,-983,113,-57,-13388,-6368,6548,-768,138,-111,0
2777.3442800045013,8108,7648,11116,-179,-69,98,7104,-8380,11236,-15,147,-180,-13244,3556,6964,-1037,136,-80,-13332,-6408,6536,-518,158,-119,0
2777.3780169487004,7976,7732,11260,-178,-52,113,7068,-8044,11356,44,138,-171,-13264,3472,6712,-1030,121,-40,-13548,-6480,6388,-489,156,-102,0
2777.4112341403966,8020,7592,11052,-149,-117,125,7080,-8160,11280,-48,139,-184,-13268,3496,6888,-1016,98,-116,-13376,-6456,6560,-519,189,-92,0
2777.4443030357365,8012,7588,11160,-210,-81,113,7184,-8048,11160,-13,143,-178,-13568,3632,6940,-769,109,-109,-13340,-6396,6412,-768,181,-103,0
2777.4777591228485,7904,7752,10852,-185,-107,126,7084,-8024,11232,-247,134,-155,-13268,3376,7020,-1029,162,-40,-13336,-6472,6512,-473,166,-84,0
2777.511219024658,8136,7744,11060,-209,-79,149,6960,-8112,11100,-11,98,-142,-13228,3536,6980,-995,135,-68,-13364,-6444,6440,-504,146,-66,0
2777.544760942459,8112,7652,11164,-187,-103,122,6980,-8120,11396,-13,113,-198,-13236,3468,7188,-1014,181,-114,-13084,-6512,6452,-491,152,-83,0
2777.5785100460052,8036,7624,11232,-183,-122,165,6992,-8164,11068,254,134,-200,-13248,3444,6892,-1268,194,-162,-13320,-6324,6620,-258,203,-65,0
2777.6120131015778,7992,7672,11200,-168,-200,163,7100,-7944,11332,21,114,-209,-13264,3512,7136,-1043,164,-132,-13308,-6456,6432,-514,252,-80,0
2777.6455631256104,8088,7672,11164,-192,-187,163,7152,-8060,11364,20,99,-226,-13228,3464,6928,-1072,204,-106,-13228,-6544,6440,-494,244,-33,0
2777.6791701316833,8112,7652,11000,-185,-178,179,7092,-8068,11500,24,112,-210,-13116,3464,7100,-1033,193,-128,-13428,-6404,6524,-478,217,-64,0
2777.71240901947,8100,7544,10944,-196,-135,136,6988,-8096,11392,20,129,-200,-13316,3448,6968,-1011,214,-137,-13320,-6472,6416,-459,223,-43,0
2777.7459750175476,8196,7636,11144,-226,-157,152,7244,-8040,11360,-7,130,-201,-13232,3524,6740,-1049,157,-148,-13344,-6556,6396,-467,221,-69,0
2777.779566049576,8040,7604,11140,-223,-216,161,7168,-8092,11196,7,96,-191,-13548,3416,7044,-1039,147,-110,-13436,-6460,6492,-464,172,-100,0
2777.813064098358,8092,7720,11056,-212,-158,157,7136,-8020,11464,-7,92,-211,-13520,3476,6964,-999,121,-40,-13388,-6644,6568,-454,157,-78,0
2777.84655213356,8148,7516,11132,-249,-115,159,7172,-8040,11240,-246,102,-195,-13328,3412,6964,-1033,121,-121,-13360,-6364,6472,-502,193,-105,0
2777.883206129074,8140,7592,11128,-239,-142,165,6988,-7956,11192,66,81,-180,-13276,3448,6860,-1013,94,-155,-13252,-6484,6432,-460,206,-83,0
2777.9187490940094,8120,7604,10884,-172,-105,138,6948,-8004,11268,19,102,-220,-13292,3384,7040,-999,148,-81,-13532,-6408,6432,-441,275,-63,0
2777.954251050949,8088,7592,11148,-249,-119,147,7412,-8084,11060,27,129,-231,-13432,3436,6992,-990,44,-143,-13080,-6184,6412,-440,345,-100,0
2777.9898369312286,8228,7620,11208,-252,-105,159,7064,-7952,11344,55,93,-196,-13236,3504,6924,-993,64,-93,-13380,-6388,6396,-374,343,-84,0
2778.0249240398407,8088,7620,11016,-313,-68,198,7144,-8008,11360,49,114,-184,-13264,3404,6932,-936,46,-115,-13456,-6380,6348,-336,256,-112,0
2778.0609200000763,8164,7596,11228,-361,87,188,7136,-8016,11268,67,123,-167,-13236,3440,7044,-911,-62,-68,-13552,-6288,6344,-279,515,-142,0
2778.0962030887604,8048,7576,10960,-459,204,227,7028,-8000,11284,79,133,-158,-13256,3480,6812,-960,-110,-69,-13348,-6276,6396,-389,813,-119,0
2778.132483005524,8152,7512,11080,-407,119,177,7112,-7940,11268,17,157,-151,-13300,3572,6864,-952,-55,-131,-13556,-6240,6332,-421,256,-127,0
2778.168064117432,7948,7556,11220,-315,-17,139,7068,-7940,11244,-252,134,-209,-13320,3364,6840,-1002,-256,-70,-13472,-6340,6308,-410,278,-101,0
2778.2038609981537,8064,7400,11188,-157,-35,106,7168,-7996,11332,-6,142,-199,-13228,3480,6960,-1057,82,-64,-13480,-6360,6272,-430,115,-135,0
2778.2398269176483,8096,7544,11176,-140,-74,108,6920,-8048,11068,-38,160,-167,-13380,3528,6976,-1050,102,-72,-13460,-6596,6280,-439,85,-121,0
2778.2750220298767,8104,7672,11116,-155,-60,93,7180,-7908,11264,-83,190,-146,-13304,3504,7048,-1012,37,-32,-13436,-6420,6392,-412,72,-134,0
2778.3107330799103,8016,7504,11172,-246,-19,115,7040,-8036,11288,-79,178,-162,-13308,3328,7044,-988,64,-42,-13344,-6456,6380,-423,61,-140,0
2778.3461561203003,8020,7508,11148,-229,7,116,7068,-7960,11356,-74,177,-154,-13144,3484,7068,-1003,97,-1,-13460,-6220,6216,-461,47,-127,0
2778.3817849159245,8216,7584,11068,-204,24,102,7060,-7972,11160,-55,131,-170,-13508,3452,6940,-967,28,-8,-13444,-6460,6288,-431,94,-131,0
2778.4162011146545,8028,7552,11200,-182,4,105,6952,-8012,11112,-60,137,-183,-13296,3404,7100,-988,52,-26,-13488,-6396,6528,-456,120,-144,0
2778.452539920807,8024,7444,11220,-162,-9,97,7060,-7964,11372,-79,126,-207,-13256,3356,6944,-1007,70,-67,-13452,-6568,6288,-461,111,-149,0
2778.48818397522,8052,7544,11100,-183,-38,70,7092,-8020,11320,-66,168,-176,-13288,3552,7076,-1001,93,-24,-13444,-6404,6156,-444,119,-151,0
2778.5249581336975,8116,7536,11292,-160,-26,63,7392,-7848,11444,-79,167,-158,-13200,3364,7028,-1006,110,-44,-13432,-6432,6500,-465,78,-133,0
2778.5584290027614,8028,7484,11268,-177,-27,63,7076,-8048,11280,-91,210,-135,-13156,3452,7092,-1004,92,-25,-13340,-6528,6428,-443,60,-124,0
2778.5920259952545,8056,7568,11120,-159,0,56,7052,-8040,11448,-86,188,-164,-13216,3432,7204,-997,90,-13,-13424,-6444,6264,-473,39,-134,0
2778.6253089904785,7988,7500,11116,-135,-12,78,7020,-8024,11328,-91,166,-135,-13284,3468,7272,-970,104,-9,-13452,-6428,6368,-764,24,-132,0
2778.6586821079254,8116,7556,11012,-88,-23,70,7108,-8060,11328,-81,144,-121,-13204,3432,7088,-1005,110,-35,-13412,-6424,6332,-264,-16,-122,0
2778.692013978958,7968,7592,11232,-27,-49,32,7052,-8072,11404,-122,116,-145,-13220,3588,7048,-1015,134,-33,-13444,-6420,6368,-533,-88,-117,0
2778.7253069877625,8048,7680,11048,-2,-92,43,7252,-8160,11424,-126,124,-135,-13108,3476,7084,-960,135,-7,-13508,-6320,6180,-565,-87,-143,0
2778.7589480876923,7980,7548,11072,5,-84,30,7192,-8060,11280,-81,180,-141,-13352,3412,7036,-994,149,-12,-13384,-6364,6352,-550,-36,-92,0
2778.79229593277,8044,7528,11320,-55,-65,38,7104,-8048,11388,-147,166,-164,-13168,3460,6944,-1005,184,-48,-13408,-6428,6476,-502,-27,-139,0
2778.825654029846,8164,7572,11168,-102,-26,72,7168,-8052,11296,-127,115,-151,-13216,3508,6964,-1003,169,227,-13328,-6420,6388,-527,16,-132,3
2778.8593780994415,8116,7540,11144,-154,-67,14,7052,-8360,11352,-106,171,-165,-13240,3516,6748,-961,106,-14,-13336,-6332,6540,-543,47,-152,3
2778.892545938492,7932,7612,11084,-162,-54,75,6988,-8088,11492,-62,156,-151,-13136,3516,7044,-1017,66,-51,-13360,-6540,6624,-457,74,-108,3
2778.926036119461,8024,7628,11132,-136,-39,69,7024,-8048,11280,-87,178,-179,-13224,3504,7116,-980,92,-51,-13356,-6448,6264,-497,20,-127,3
2778.9598009586334,8076,7592,11172,-127,-14,39,7068,-8124,11360,-97,143,-158,-13320,3484,6960,-996,121,-54,-13228,-6348,6208,-490,83,-117,3
2778.993444919586,7712,7544,11076,-139,-12,107,7084,-8156,11424,-33,148,-132,-13156,3592,7020,-779,78,-81,-13508,-6356,6592,-505,103,-115,3
2779.026945114136,7904,7608,11108,-98,-28,113,7028,-8116,11388,-11,100,-141,-13272,3764,7420,-1051,84,-55,-13256,-6372,6584,-544,123,-136,3
2779.0604391098022,7768,7552,11020,-83,-73,123,6976,-8184,11396,-34,99,-145,-13256,3440,7120,-1024,57,-76,-13412,-6488,6404,-491,106,-152,3
2779.0939240455627,8016,7464,11160,-105,-59,83,6944,-8088,11376,-46,84,-175,-13220,3436,6932,-995,106,-125,-13380,-6396,6500,-458,155,-135,0
2779.1274249553685,8016,7676,11188,-111,-62,90,7052,-8020,11028,-2,182,-198,-13204,3336,6928,-1059,170,-124,-13332,-6488,6376,-462,178,-125,0
2779.1607990264893,7840,7664,11096,-126,-66,107,7032,-8160,11292,23,117,-172,-13088,3492,6948,-1072,120,-83,-13296,-6520,6252,-459,177,-107,0
2779.194466114044,8080,7596,11452,-128,-119,102,6984,-8068,11456,0,116,-208,-13256,3376,6936,-1027,101,-61,-13452,-6436,6604,-486,187,-111,0
2779.2277579307556,8136,7576,11228,-171,-72,119,7396,-8164,11436,14,118,-186,-13276,3384,7208,-972,73,-99,-13416,-6420,6464,-476,166,-98,0
2779.2612431049347,8064,7860,11192,-183,-94,111,7056,-8132,11416,7,130,-193,-13232,3440,6864,-1007,69,-127,-13432,-6356,6452,-433,181,-83,0
2779.2947380542755,8016,7448,11108,-206,-168,140,7072,-8068,11228,-10,127,-200,-13232,3548,7108,-1009,125,-113,-13360,-6504,6544,-506,157,-72,0
2779.3275780677795,7860,7652,11264,-150,-178,143,7040,-8040,11500,-47,108,-210,-13176,3464,7104,-994,107,-119,-13332,-6460,6468,-482,152,-73,0
2779.361123085022,7924,7736,11040,-200,-193,156,7072,-8096,11336,-41,119,-229,-13232,3476,7020,-992,114,-145,-13364,-6400,6436,-485,148,-58,0
2779.394546031952,7976,7592,11196,-188,-191,146,7036,-8032,11208,-24,96,-225,-13196,3492,6660,-999,122,-120,-13352,-6296,6408,-489,148,-70,0
2779.427768945694,8152,7648,11084,-203,-185,155,6964,-8132,11196,26,105,-197,-13308,3504,7128,-1046,177,-88,-13068,-6376,6576,-520,151,-45,0
2779.4612669944763,8064,7640,10996,-176,-216,175,7164,-7980,11372,16,130,-203,-13216,3480,6784,-1070,170,-162,-13368,-6420,6488,-506,167,-19,0
2779.4947431087494,8080,7732,11068,-186,-205,164,7416,-8016,11304,4,90,-233,-13260,3464,7404,-1054,186,-181,-13320,-6392,6488,-481,151,-63,0
2779.528151988983,8008,7580,11116,-210,-230,152,7092,-7980,11376,21,115,-231,-13296,3428,6948,-1045,189,-131,-13448,-6172,6484,-491,161,-41,0
2779.5645661354065,8092,7864,10984,-186,-181,189,6912,-7956,11256,-2,100,-195,-13276,3544,7144,-1026,180,-119,-13380,-6152,6352,-499,114,-29,0
2779.6001451015472,8264,7592,11064,-223,-200,186,7108,-8040,11332,-21,64,-201,-13264,3396,6988,-1030,209,-115,-13348,-6448,6384,-476,100,-85,0
2779.6359491348267,8000,7572,11508,-241,-154,171,7072,-7992,11472,35,74,-172,-13304,3384,6832,-1025,171,-80,-13436,-6196,6636,-489,93,-61,0
2779.6711671352386,8040,7664,11268,-180,-124,139,7188,-8008,11268,-35,128,-210,-13292,3340,7132,-1004,163,-76,-13432,-6656,6476,-470,127,-95,0
2779.7072379589085,8176,7548,11208,-245,-157,129,7196,-8168,11320,51,110,-214,-13264,3496,7084,-1019,128,-108,-13324,-6312,6596,-505,178,-66,0
2779.741974115372,8148,7592,11064,-215,-215,153,7400,-8072,11504,41,92,-191,-13200,3432,6968,-1030,148,-115,-13388,-6288,6480,-436,136,-78,0
2779.7776429653168,8040,7548,11080,-206,-153,179,7140,-8016,11436,29,95,-170,-13308,3420,7068,-773,173,-74,-13084,-6436,6468,-440,111,-85,0
2779.813141107559,8000,7592,11180,-211,-171,169,7208,-8012,11396,-5,87,-213,-13220,3436,6976,-998,145,-131,-13364,-6412,6436,-475,142,-82,0
2779.8487820625305,8112,7620,11092,-175,-153,168,7024,-8020,11232,-49,65,-196,-13280,3392,6936,-1013,163,-128,-13368,-6176,6388,-511,165,-105,0
2779.884109020233,8108,7584,11000,-209,-177,122,7208,-7788,11168,254,95,-232,-13508,3448,6760,-1037,157,-111,-13560,-6656,6372,-501,185,-106,0
2779.9203269481654,8132,7512,11068,-148,-130,158,7340,-8008,11176,-8,98,-224,-13264,3364,6664,-1000,135,-66,-13344,-6368,6468,-471,155,-100,0
2779.9555249214172,8200,7576,11192,-165,-135,122,6976,-7976,11124,-249,125,-186,-13076,3524,7044,-1014,162,-76,-13356,-6252,6320,-467,130,-129,0
2779.9915900230408,8200,7524,10772,-164,-27,99,7100,-7964,11208,-24,122,-187,-13360,3540,7052,-1022,110,-58,-13436,-6364,6448,-471,103,-154,0
2780.027487039566,8248,7604,11040,-159,3,96,7156,-8044,11220,-42,184,-143,-13108,3384,6964,-1035,106,-32,-13448,-6192,6172,-445,103,-132,0
2780.062602043152,8216,7540,11184,-179,5,72,7128,-7932,11448,-63,164,-130,-13244,3420,6864,-1029,71,-72,-13344,-6364,6384,-445,71,-139,0
2780.098132133484,8120,7624,11096,-133,8,76,7160,-8104,11312,-103,166,-165,-13344,3572,6940,-985,81,-22,-13408,-6408,6416,-445,64,-166,0
2780.13286113739,8152,7580,11044,-132,26,78,7196,-8040,11248,-90,168,-140,-13240,3528,6920,-984,47,239,-13340,-6640,6412,-464,85,-156,0
2780.168226003647,8072,7608,10952,-115,26,72,7136,-8060,11440,-50,141,-168,-13252,3452,7060,-990,75,-35,-13368,-6156,6436,-465,111,-151,0
2780.205414056778,8040,7608,11132,-142,-255,73,7036,-8044,11140,-34,150,-175,-13280,3508,6956,-994,74,-75,-13316,-6396,6452,-448,119,-130,0
2780.238776922226,8072,7440,11024,-173,-42,70,7084,-8076,11372,-51,174,-178,-13288,3492,7100,-995,75,-47,-13360,-6452,6712,-468,111,-151,0
2780.2782139778137,8380,7636,11172,-146,-9,79,7072,-8076,11228,-103,139,-162,-13384,3488,7084,-983,65,-73,-13368,-6300,6480,-506,82,-123,0
2780.3118460178375,8116,7524,11024,-164,-39,78,6952,-8044,11344,-63,141,-154,-13292,3488,7028,-984,28,-30,-13264,-6376,6484,-502,118,-158,0
2780.3454849720006,7988,7636,11056,-132,-184,51,7084,-7920,11368,-7,182,-165,-13284,3392,6748,-1019,67,-30,-13136,-6360,6460,-491,68,-173,0
2780.378833055496,8140,7696,11072,-128,-8,80,6924,-8072,11208,-45,182,-153,-13328,3348,7220,-1000,5,-61,-13316,-6648,6604,-481,115,-169,0
2780.4120609760284,8120,7648,11124,-191,-22,35,7376,-8016,11448,-38,170,-178,-13196,3456,6764,-981,46,-36,-13444,-6180,6576,-456,95,-145,0
2780.4455339908604,8068,7648,11212,-166,8,75,7384,-7996,10840,-39,192,-143,-13268,3444,6796,-1020,47,14,-13412,-6596,6432,-469,90,-146,0
2780.4791769981384,8112,7560,11152,-161,7,69,7220,-7988,11224,-54,171,-136,-13296,3472,7048,-985,60,-239,-13384,-6376,6856,-462,43,-153,0
2780.5125739574432,8000,7628,11212,-165,18,88,7072,-8012,11276,-88,155,-123,-13252,3484,7068,-946,61,-3,-13076,-6424,6440,-464,64,-141,0
2780.5460820198055,7984,7664,11200,-160,-17,82,7004,-8096,11404,-94,170,-141,-13256,3536,7028,-1004,84,-61,-13316,-6344,6588,-465,85,-144,0
2780.5797579288483,8164,7596,11096,-141,-46,78,7044,-7964,11424,-48,153,-180,-13200,3392,7152,-1016,75,-63,-13340,-6472,6480,-479,133,-114,0
2780.613158941269,7984,7624,11236,-155,-19,83,7044,-8036,11268,-18,131,-174,-13248,3552,7000,-1013,90,-64,-13252,-6404,6460,-463,122,-115,0
2780.6462030410767,8052,7608,11164,-139,-66,82,6932,-7964,11288,-20,140,-184,-13536,3484,6936,-1037,77,-81,-13384,-6444,6652,-494,126,-114,0
2780.679925918579,7980,7704,11004,-172,-46,99,7068,-7960,11356,-50,128,-152,-13296,3440,7020,-1005,78,-77,-13320,-6372,6500,-453,108,-140,0
2780.7135651111603,8040,7636,11264,-143,-24,95,7072,-8100,11132,-63,137,-164,-13508,3544,7008,-992,101,-50,-13340,-6376,6596,-477,128,-127,0
2780.7470791339874,8084,7604,11180,-137,-64,96,7112,-7988,11436,-35,159,-183,-13244,3544,7140,-1022,86,-50,-13416,-6164,6520,-470,110,-126,0
2780.7805531024933,8044,7584,10984,-160,-59,111,6996,-7972,11184,-61,147,-169,-13272,3488,7128,-983,118,-72,-13360,-6440,6472,-476,111,-127,0
2780.8139719963074,7992,7636,11188,-156,-36,70,7092,-8000,11300,-75,161,-194,-13328,3424,6888,-981,88,-80,-13328,-6204,6616,-464,92,-130,0
2780.8473789691925,8112,7636,11160,-172,-93,101,7068,-8144,11332,-30,132,-177,-13500,3480,7400,-1018,75,-52,-13080,-6192,6492,-500,120,-106,0
2780.8807570934296,8060,7568,11224,-149,-50,91,7112,-8088,11164,-250,131,-199,-13344,3552,7064,-1004,92,-58,-13336,-6444,6592,-481,122,-165,0
2780.9142169952393,8012,7632,11280,-131,-29,74,7116,-8028,11096,-22,132,-172,-13340,3484,7160,-1041,101,-63,-13340,-6644,6560,-497,131,-104,0
2780.9479320049286,7992,7552,11084,-152,-49,130,7072,-8008,11460,-31,125,-188,-13256,3460,7016,-1009,87,-85,-13100,-6644,6544,-467,122,-158,0
2780.9815380573273,8056,7648,11092,-169,-98,123,7116,-7968,11316,-79,137,-178,-13192,3388,6744,-993,85,-63,-13400,-6548,6516,-468,142,-138,0
2781.0148260593414,8084,7652,11252,-136,-71,115,7036,-7908,11396,-78,148,-175,-13228,3532,6828,-985,119,-32,-13348,-6332,6536,-506,126,-102,0
2781.0482161045074,8124,7600,11080,-168,-94,99,7096,-8140,11204,-53,120,-158,-13264,3452,7100,-770,73,-36,-13084,-6356,6628,-481,140,-144,0
2781.081934928894,8004,7660,11072,-206,-104,112,7044,-7704,11316,15,160,-158,-13184,3436,6928,-974,44,-45,-13312,-6480,6632,-506,116,-130,0
2781.1154861450195,8048,7716,11160,-127,-58,91,7408,-8056,11352,-81,142,-184,-13132,3484,6940,-972,37,-80,-13456,-6404,6528,-495,108,-156,0
2781.14869594574,8084,7656,11188,-163,-52,50,7168,-8088,11220,-46,162,-184,-13252,3412,7092,-1037,66,-60,-13340,-6336,6476,-483,130,-153,0
2781.182277917862,7980,7692,11220,-155,-39,90,7080,-8064,11324,-30,150,-156,-13288,3484,7136,-1027,67,-54,-13340,-6432,6496,-480,109,-118,0
2781.21568107605,8028,7636,11140,-150,-40,112,7164,-8116,11292,-65,142,-137,-13208,3468,7032,-986,94,-20,-13064,-6376,6528,-457,78,-122,0
2781.2530419826508,8108,7688,11152,-167,-31,114,7088,-8100,11492,-51,139,-148,-13064,3508,7060,-995,98,-77,-13352,-6600,6404,-470,95,-137,0
2781.2881789207454,8020,7688,11088,-182,-59,93,7108,-8112,11268,-44,143,-173,-13244,3504,7048,-984,77,-47,-13360,-6408,6684,-492,154,-111,0
2781.323523044586,8044,7660,11176,-155,-61,96,7068,-8068,11204,2,153,-178,-13220,3592,6932,-1014,83,-94,-13560,-6280,6552,-501,190,-126,0
2781.359568119049,8028,7596,11016,-170,-90,91,7000,-8104,11268,20,119,-202,-13080,3472,7012,-1040,109,-102,-13084,-6580,6476,-477,204,-80,0
2781.3949699401855,7952,7692,11164,-189,-140,123,7112,-7992,11344,16,117,-200,-13192,3452,7056,-1006,117,-113,-13308,-6464,6644,-482,177,-89,0
2781.430932044983,8176,7624,11184,-157,-113,134,6928,-8128,11332,-9,126,-211,-13244,3424,7100,-979,113,-153,-13200,-6356,6632,-262,196,-104,0
2781.466160058975,8164,7744,11148,-202,-186,130,6928,-8148,11332,-22,138,-216,-13360,3528,7064,-1057,112,-125,-13288,-6644,6572,-494,221,-93,0
2781.501827001572,8084,7740,11320,-205,-203,167,7080,-8008,11020,-12,108,-191,-13176,3400,6996,-1007,149,-116,-13112,-6496,6424,-490,168,-37,0
2781.537730932236,8008,7624,11020,-209,-165,172,7148,-7960,11068,-61,129,-193,-13192,3412,6928,-963,172,-83,-13248,-6544,6508,-502,153,-62,0
2781.572904109955,8168,7548,11100,-199,-115,182,7096,-8128,11184,21,79,-202,-13336,3440,7072,-1280,118,-125,-13520,-6368,6460,-520,223,-77,0
2781.6076509952545,7976,7652,11108,-171,-148,157,7080,-8040,11352,60,123,-217,-13092,3432,7096,-1030,165,-118,-13392,-6432,6580,-490,246,-65,0
2781.6429390907288,8068,7544,11064,-174,-154,152,7068,-8044,11384,43,116,-221,-13084,3392,7108,-1046,163,-120,-13548,-6292,6460,-513,233,-36,0
2781.6791939735413,8072,7664,11184,-220,-198,171,7396,-7968,11028,34,159,-190,-13312,3428,6992,-1013,167,-102,-13084,-6280,6544,-510,203,-33,0
2781.7142720222473,8012,7484,11040,-207,-160,195,7060,-8056,11312,30,116,-191,-13492,3492,7040,-1044,180,-142,-13180,-6640,6472,-473,172,-60,0
2781.7495789527893,8112,7656,11008,-221,-147,176,7196,-7972,11396,42,117,-194,-13220,3452,6684,-990,125,-84,-13136,-6204,6564,-452,180,-77,0
2781.7847621440887,8060,7632,11256,-186,-177,151,7100,-8032,11264,0,121,-201,-13116,3544,6996,-1010,152,-135,-13368,-6612,6632,-485,165,-116,0
2781.8202409744263,8124,7604,11132,-230,-139,113,7076,-8068,11232,-9,96,-186,-13180,3460,7056,-770,129,-88,-13272,-6596,6440,-488,156,-87,0
2781.8549749851227,7944,7640,11128,-205,-146,142,7100,-8064,11304,246,105,-214,-13124,3072,6936,-1004,143,-118,-13068,-6240,6460,-499,189,-72,0
2781.8914711475372,8060,7488,11072,-176,-203,169,7112,-8052,11416,16,78,-221,-13524,3460,6728,-1059,175,-163,-13376,-6376,6540,-474,223,-44,0
2781.9248371124268,8148,7504,11024,-227,-190,189,7116,-8060,11200,49,86,-244,-13268,3392,7056,-1052,189,-139,-13332,-6560,6516,-497,210,-53,0
2781.9582591056824,8052,7556,10760,-207,-237,166,7048,-8040,11340,18,132,-218,-13344,3436,6948,-977,173,-114,-13384,-6160,6456,-494,204,-83,0
2781.9917891025543,8084,7560,11236,-166,-191,151,7116,-8112,11324,-12,116,-254,-13240,3368,7000,-991,108,-137,-13364,-6404,6456,-503,213,-53,0
2782.025356054306,7960,7540,11128,-188,-171,120,7132,-7988,11260,-15,81,-215,-13304,3500,6732,-999,109,-167,-13344,-6392,6380,-473,164,-87,0
2782.058758020401,8172,7584,11228,-181,-168,147,7152,-8008,11132,-43,134,-175,-13100,3172,6668,-1003,82,-95,-13400,-6308,6372,-495,145,-98,0
2782.092301130295,8388,7604,11060,-188,-90,102,7388,-7748,11244,-43,131,-172,-13264,3468,6932,-1011,114,-82,-13408,-6372,6424,-503,124,-143,0
2782.1257021427155,8204,7636,10936,-159,-61,99,7192,-7972,11200,-53,120,-141,-13092,3332,7052,-1021,84,-49,-13444,-6340,6412,-464,86,-162,0
2782.158915042877,8212,7584,11044,-145,-40,68,7140,-8036,11356,-95,155,-163,-13512,3356,6948,-989,91,-85,-13136,-6244,6468,-477,131,-142,0
2782.1923949718475,7972,7508,11196,-176,6,92,6936,-7684,11340,-34,152,-154,-13264,3360,6972,-1022,82,-38,-13340,-6304,6504,-493,137,-157,0
2782.2259039878845,7948,7520,11140,-116,-17,106,7172,-8048,11228,-38,173,-137,-13272,3404,6916,-770,110,2,-13352,-6152,6572,-469,90,-154,0
2782.2591331005096,8180,7572,11132,-173,20,87,6940,-8020,11508,-58,131,-133,-13272,3380,7148,-995,64,-30,-13384,-6476,6508,-475,70,-159,0
2782.2926280498505,8124,7652,11024,-158,26,44,7084,-8112,11320,-87,169,-155,-13292,3532,6968,-979,36,-66,-13096,-6308,6520,-466,112,-173,0
2782.3260400295258,8064,7544,11480,-152,-5,52,7088,-8092,11296,-65,149,-165,-13176,3456,6804,-999,44,-54,-13304,-6280,6604,-488,132,-167,0
2782.3596811294556,8068,7676,11052,-132,-37,69,6964,-8052,11400,-16,186,-162,-13236,3528,6904,-1266,37,-57,-13288,-6452,6440,-481,126,-152,0
2782.39276099205,8176,7652,11180,-164,-26,53,7152,-8096,11332,-74,128,-183,-13236,3560,7100,-981,75,-58,-13268,-6344,6628,-483,118,-127,0
2782.4265301227574,8048,7668,11200,-145,-17,79,7048,-8172,11332,-63,148,-177,-13232,3432,7088,-1012,86,-77,-13360,-6340,6512,-504,125,-159,0
2782.459953069687,7988,7636,11124,-129,-50,90,7196,-8024,11264,-45,164,-183,-13224,3464,6944,-992,61,-89,-13300,-6368,6632,-493,176,-131,0
2782.4936060905457,7980,7604,11220,-144,-63,85,7420,-8016,11220,-69,147,-168,-13284,3508,6976,-1003,72,-46,-13332,-6388,6492,-494,144,-134,0
2782.527172088623,8068,7884,11160,-154,-55,89,7156,-8092,11420,-91,157,-185,-13536,3468,7044,-1002,61,-21,-13376,-6356,6572,-503,84,-142,0
2782.5607149600983,8428,7652,10944,-160,-46,75,7236,-8092,11516,-51,161,-141,-13376,3456,7032,-983,57,-19,-13352,-6392,6532,-481,104,-171,0
2782.5944941043854,8196,7628,11020,-172,-248,57,7044,-8028,11484,-62,132,-143,-13548,3416,7044,-974,45,-45,-13320,-6340,6484,-480,46,-147,0
2782.6280169487004,8076,7616,11204,-137,-23,91,7220,-7988,11392,-92,119,-150,-13072,3432,6824,-991,51,-50,-13464,-6340,6508,-478,86,-151,0
2782.6613180637364,8092,7552,10960,-165,-41,59,7180,-8112,11308,-41,119,-155,-13120,3420,7108,-1279,32,-29,-13248,-6220,6288,-493,125,-147,0
2782.6944739818573,8000,7464,10768,-118,-3,88,7100,-8092,11300,-38,129,-157,-13156,3120,7056,-1031,48,-44,-13320,-6412,6516,-502,100,-168,0
2782.7280950546265,8160,7684,11056,-130,-59,59,7192,-8144,11104,-96,165,-178,-13560,3388,6980,-989,62,-66,-13344,-6324,6584,-478,146,-186,0
2782.7617399692535,8104,7568,11024,-168,-3,43,7124,-8012,11296,-57,160,-174,-13220,3724,7016,-1006,28,-76,-13264,-6284,6448,-447,147,-143,0
2782.795375108719,8076,7708,11164,-143,-49,52,7116,-8084,11320,-52,148,-158,-13120,3512,6996,-1051,55,-45,-13316,-6168,6880,-464,115,-145,0
2782.8287630081177,8144,7592,11068,-145,-8,91,7060,-8024,11488,-78,136,-169,-13284,3448,7272,-1014,84,-249,-13516,-6480,6476,-473,65,-168,0
2782.862316131592,7968,7688,11100,-148,-16,83,7120,-8096,11324,-109,125,-123,-13168,3504,7148,-976,63,-55,-13396,-6336,6672,-758,94,-170,0
2782.895628929138,8000,7596,11108,-138,-56,86,7052,-8140,11272,-65,147,-179,-13192,3440,7212,-969,61,-67,-13388,-6380,6468,-507,154,-140,0
2782.9329509735107,8096,7716,11144,-159,-68,90,7108,-8048,11240,19,134,-189,-13168,3412,7300,-1053,71,-93,-13304,-6336,6480,-511,192,-116,0
2782.9691729545593,7984,7648,11112,-126,-84,88,7104,-7992,11324,-42,134,-198,-13232,3560,7032,-773,74,-43,-13448,-6384,6416,-761,146,-131,0
2783.0048861503606,8140,7604,11060,-155,-58,117,6908,-8048,11236,-33,137,-182,-13236,3440,7140,-1017,74,-52,-13368,-6360,6492,-508,145,-110,0
2783.0406780242924,8084,7616,11068,-138,-43,93,7152,-7988,11264,-43,157,-171,-13200,3376,7060,-1045,81,-84,-13332,-6388,6588,-489,150,-136,0
2783.0760979652405,8152,7740,11120,-178,-57,104,7020,-8020,11216,-46,131,-173,-13296,3456,7148,-779,93,-42,-13376,-6432,6464,-481,145,-132,0
2783.112370967865,8040,7776,11136,-145,-60,106,7096,-8060,11176,-61,145,-178,-13236,3424,7080,-999,85,-64,-13128,-6500,6636,-486,129,-118,0
2783.148036956787,8024,7656,11168,-170,-28,74,7108,-8096,11448,-42,121,-169,-13280,3572,7188,-982,60,-76,-13268,-6288,6436,-484,130,-128,0
2783.183176994324,8068,7616,11200,-164,-37,81,7000,-8104,11404,-30,140,-189,-13240,3508,6728,-1004,83,-72,-13320,-6468,6436,-469,129,-114,0
2783.2191269397736,8100,7728,11080,-168,-72,118,7140,-8048,11284,-28,131,-182,-13216,3448,6964,-1033,89,-98,-13356,-6324,6608,-477,181,-84,0
2783.254287958145,8080,7900,11188,-158,-54,120,7056,-8160,11268,-25,113,-185,-13244,3536,6976,-1008,110,-51,-13064,-6436,6516,-485,159,-116,0
2783.2903110980988,8036,7744,11304,-126,-82,109,7112,-8088,11316,-5,150,-169,-13280,3448,6944,-1278,68,-139,-13528,-6416,6576,-507,199,-108,0
2783.325595140457,7964,7612,11100,-158,-93,128,7116,-8096,11328,-31,154,-206,-13296,3464,7224,-1271,126,-120,-13104,-6388,6868,-766,200,-109,0
2783.3613460063934,7964,7716,11128,-190,-122,143,7004,-8048,11196,-52,137,-189,-13484,3488,6892,-987,136,-103,-13372,-6416,6636,-467,132,-92,0
2783.396194934845,8080,7772,11144,-180,-93,150,7104,-8024,11208,-86,149,-173,-13300,3500,7080,-1273,110,-49,-13376,-6356,6668,-768,143,-83,0
2783.4318439960484,7952,7556,11140,-227,-98,149,7084,-8096,11020,-21,132,-157,-13192,3412,6752,-773,110,-107,-13232,-6368,6544,-261,177,-110,0
2783.4679980278015,8044,7760,11016,-148,-54,126,7136,-7960,11416,-2,138,-184,-13276,3412,7032,-1058,112,-114,-13300,-6544,6408,-495,203,-96,0
2783.5032200813293,7948,7676,11152,-192,-123,120,7036,-8140,11300,-13,173,-234,-13220,3456,6896,-982,128,-113,-13336,-6256,6608,-490,227,-77,0
2783.539255142212,8140,7608,11196,-187,-102,138,7100,-8108,11272,-16,134,-199,-13216,3388,7072,-1029,143,-78,-13328,-6280,6484,-492,221,-84,0
2783.5753221511845,8132,7624,11032,-154,-123,161,7184,-8064,11340,-12,131,-170,-13180,3428,7132,-994,107,-85,-13440,-6488,6580,-473,110,-96,0
2783.608946084976,8104,7764,11148,-203,-89,152,7096,-8024,11340,-59,138,-173,-13260,3408,7076,-974,131,-99,-13428,-6424,6484,-467,115,-110,0
2783.6424310207367,8140,7848,10888,-201,-125,141,7000,-8092,11400,-64,128,-156,-13260,3440,7388,-986,126,-132,-13328,-6412,6472,-259,142,-115,0
2783.6759140491486,8004,7696,11212,-164,-136,134,7048,-8000,11332,-254,102,-188,-13252,3420,6992,-1034,162,-86,-13292,-6380,6524,-513,207,-78,0
2783.7093999385834,8116,7612,11004,-187,-164,171,7068,-8108,11260,12,79,-194,-13272,3424,6960,-1035,165,-106,-13356,-6348,6536,-519,219,-71,0
2783.742672920227,8024,7608,11220,-187,-126,172,7128,-8140,11184,9,88,-217,-13180,3444,7036,-1060,396,-117,-13248,-6440,6820,-516,107,-44,0
2783.7762150764465,8140,7580,11132,-225,-58,169,7144,-8072,11020,86,54,-187,-13088,3452,7144,-1037,347,-123,-13340,-6336,6652,-445,126,-23,0
2783.8100130558014,8212,7632,11204,-233,-111,177,6932,-8108,11480,25,101,-194,-13220,3420,6976,-1028,238,-116,-13368,-6404,6432,-535,243,-49,0
2783.8436410427094,8056,7664,11068,-224,-146,186,7404,-8016,11132,39,138,-205,-13252,3512,6872,-951,563,-100,-13448,-6344,6636,-604,-13,-60,0
2783.8772399425507,8316,7608,11052,-208,-8,184,7124,-8096,11232,65,30,-183,-13300,3420,7056,-953,382,-92,-13404,-6368,6336,-449,88,-68,0
2783.9102931022644,8184,7504,11156,-242,-123,164,7084,-7996,11364,253,77,-223,-13328,3452,6868,-1061,183,-98,-13212,-6372,6492,-563,232,-86,0
2783.943652153015,8120,7620,11092,-156,-129,129,7124,-8172,11280,-33,72,-223,-13532,3440,6780,-893,199,-100,-13380,-6352,6564,-583,135,-68,0
2783.9774141311646,8132,7552,11032,-105,-11,137,7208,-7988,11284,-254,36,-207,-13420,3344,6904,-988,142,-87,-13408,-6324,6256,-521,89,-64,0
2784.0108180046086,8180,7648,11140,-65,-84,132,7152,-7952,11196,-96,49,-237,-13296,3344,6952,-985,65,-90,-13328,-6380,6588,-572,113,-110,0
2784.044261932373,8200,7612,10980,34,-160,144,6920,-7968,11124,-161,46,-218,-13324,3436,6892,-977,49,-96,-13348,-6356,6576,-575,122,-86,0
2784.077866077423,8032,7604,11036,-130,-55,139,7148,-8032,10780,-43,122,-216,-13264,3404,7152,-909,-146,-105,-13124,-6292,6212,-406,610,-99,0
2784.1113679409027,8148,7604,10844,-219,139,89,7028,-8020,11680,-290,234,-158,-13092,3432,7180,-969,-240,-149,-13280,-6300,5948,-186,1396,-95,0
2784.1445429325104,8044,7552,11188,-702,177,122,7192,-8036,11104,163,417,-208,-13244,3424,6576,-919,-506,-96,-13592,-6352,6776,-537,666,-147,0
2784.178220033645,8148,7636,11156,-300,-75,51,7408,-8116,11304,-32,217,-159,-13236,3572,6720,-990,-161,41,-13412,-6388,6592,-382,-137,-122,0
2784.211848974228,8060,7564,11048,-385,-26,153,7064,-8164,11408,4,144,-121,-13160,3532,7040,-775,-44,-250,-13400,-6196,6428,-480,-330,-140,0
2784.245507955551,8056,7452,11188,-222,-83,146,7184,-8184,11228,248,88,-147,-13296,3576,6944,-1087,4,-62,-13360,-6420,6296,-336,-36,-140,0
2784.2791509628296,7972,7600,11148,-144,79,129,7176,-8108,11332,28,137,-174,-13284,3432,7088,-1037,-48,-27,-13332,-6404,6356,-420,109,-169,0
2784.3126649856567,8184,7660,11196,-219,-21,98,7200,-8044,11276,-9,231,-199,-13224,3500,7140,-958,-79,-59,-13408,-6168,6620,-402,323,-227,0
2784.3465869426727,8164,7544,11316,-2,122,71,7068,-8012,11432,37,203,-154,-13192,3420,7076,-935,-210,-23,-13448,-6280,6452,-324,430,-191,0
2784.380038022995,8032,7572,11120,-395,177,107,6928,-8008,11492,36,222,-136,-13300,3364,6808,-879,-149,-14,-13528,-6184,6532,-302,421,-217,0
2784.4132349491124,8032,7648,11068,-503,60,160,7080,-8028,11292,-16,224,-140,-13144,3428,7056,-944,-94,-27,-13568,-6164,6480,-423,321,-198,0
2784.4469151496887,7920,7544,11292,-386,-20,136,7040,-8136,11444,-20,157,-165,-13132,3516,7040,-993,70,-47,-13280,-6372,6524,-455,189,-149,0
2784.4804770946503,8128,7548,11268,-262,-83,141,7168,-8028,11332,251,167,-167,-13164,3452,7104,-1073,119,-61,-13348,-6444,6288,-474,87,-140,0
2784.5143599510193,8036,7524,11508,-188,-110,113,6984,-8000,11280,5,133,-189,-13160,3444,6952,-1086,125,-68,-13140,-6268,6600,-465,104,-122,0
2784.5479240417485,8140,7608,11148,-175,-105,133,7072,-8040,11348,-33,143,-170,-13216,3376,7068,-996,125,-34,-13416,-6168,6420,-486,82,-146,0
2784.5813550949097,8056,7544,11064,-226,-43,125,7228,-8012,11416,-43,140,-175,-13536,3420,7008,-962,64,-19,-13568,-6452,6384,-461,186,-138,0
2784.6188130378723,7964,7620,11216,-271,50,95,7176,-8100,11264,-54,177,-172,-13284,3532,7068,-933,47,-27,-13376,-6164,6480,-493,153,-129,0
2784.654326915741,8020,7664,11104,-239,6,90,6912,-8024,11380,-69,150,-125,-13204,3380,6928,-987,72,-248,-13352,-6148,6468,-519,28,-133,0
2784.6898069381714,7968,7520,11252,-117,-100,37,7128,-8048,11456,-89,162,-157,-13220,3492,6944,-991,56,-40,-13412,-6348,6524,-503,-39,-131,0
2784.7255349159245,8080,7604,11212,-39,-104,40,7128,-8064,11312,-96,170,-172,-13200,3476,7048,-972,85,-43,-13392,-6336,6556,-521,-13,-144,0
2784.7619619369507,8044,7544,11012,-72,-139,21,7204,-8080,11276,-104,142,-175,-13224,3472,6880,-1009,164,7,-13328,-6356,6476,-565,-133,-126,0
2784.797811985016,8092,7552,11376,67,-154,-256,6936,-8112,11536,-137,81,-162,-13324,3476,7220,-974,121,-50,-13504,-6416,6488,-631,-10,-150,0
2784.8328680992126,8044,7628,11240,78,-150,-5,6916,-8160,11364,-138,101,-172,-13228,3396,6868,-1053,302,-18,-13076,-6252,6352,-595,-200,-132,3
2784.867609977722,8140,7512,11172,12,-73,48,7076,-8112,11064,-100,113,-164,-13212,3564,7116,-966,235,-62,-13064,-6492,6408,-596,-116,-116,3
2784.903384923935,8104,7524,11200,-30,-51,6,7188,-8036,11344,-143,117,-172,-13240,3560,7108,-910,148,-248,-13188,-6420,6436,-562,-44,-99,3
2784.939213037491,8180,7568,10852,-53,-63,44,7128,-8168,11284,-95,137,-196,-13080,3496,6944,-886,147,-82,-13112,-6448,6632,-563,-11,-130,3
2784.9742510318756,8052,7532,11136,-68,-63,58,7048,-7972,11296,-108,100,-173,-13248,3584,6980,-938,149,-6,-13284,-6364,6696,-597,47,-193,3
2785.0101470947266,7812,7448,11504,-78,-18,60,7072,-8128,11308,-14,115,-159,-13200,3436,6988,-949,29,-93,-13248,-6444,6560,-611,74,-163,3
2785.0450489521027,8036,7636,11204,-44,-29,74,7072,-8020,11072,-14,121,-190,-13148,3540,7320,-970,41,-67,-13184,-6468,6504,-572,83,-151,3
2785.080682992935,8012,7676,11176,-63,-104,80,7152,-8108,11360,-38,154,-208,-13312,3532,7156,-955,49,-118,-13324,-6152,6504,-555,141,-164,3
2785.116136074066,8052,7484,11124,-82,-35,94,7108,-8088,11432,-16,83,-177,-13168,3560,6748,-871,-124,-47,-13332,-6472,6528,-524,146,-175,0
2785.151535987854,8116,7664,11260,-85,-22,83,7220,-8000,11288,-24,125,-146,-13236,3560,6968,-931,62,-90,-13292,-6220,6588,-509,101,-147,0
2785.1875789165497,7980,7736,11108,-128,-23,75,7056,-8092,11164,-91,117,-143,-13128,3496,6920,-990,108,-13,-13340,-6516,6544,-455,87,-127,0
2785.222671031952,8048,7648,11044,-168,220,105,7028,-8152,11368,-74,173,-177,-13264,3772,6912,-963,52,-60,-13320,-6428,6620,-491,141,-100,0
2785.2581601142883,8020,7460,11240,-164,-12,103,7016,-8160,11476,-12,142,-175,-13168,3516,7316,-954,59,-84,-13528,-6648,6492,-509,209,-117,0
2785.2942049503326,7928,7592,11260,-157,-40,108,7024,-8028,11324,36,159,-181,-13132,3592,6944,-945,59,-122,-13304,-6384,6576,-489,187,-103,0
2785.328108072281,7936,7688,11264,-162,-72,118,7024,-8096,11208,40,136,-191,-13200,3484,7076,-997,90,-115,-13268,-6472,6564,-450,192,-82,0
2785.3616280555725,7972,7800,11016,-156,-138,115,6968,-8092,11360,-3,141,-213,-13492,3784,6996,-1027,105,-96,-13568,-6476,6432,-458,205,-79,0
2785.3949689865112,8052,7652,11488,-165,-107,152,7080,-8028,11304,-24,145,-178,-13180,3520,6932,-975,122,-77,-13400,-6424,6564,-480,207,-74,0
2785.4282851219177,8012,7648,11152,-139,-182,114,7096,-8040,11388,34,151,-193,-13260,3484,7228,-769,161,-169,-13300,-6488,6584,-433,153,-58,0
2785.4616589546204,8048,7656,11064,-115,-203,135,7052,-8068,11308,24,168,-201,-13188,3400,7396,-1025,179,-124,-13192,-6356,6576,-425,172,-75,0
2785.4971239566803,7884,7636,11072,-174,-168,108,7012,-8040,11216,-1,145,-213,-13140,3544,6904,-959,154,-128,-13256,-6492,6516,-505,210,-50,0
2785.5308339595795,7948,7704,11040,-180,-197,144,7108,-8140,11192,15,174,-207,-13236,3548,7136,-1037,169,-123,-13392,-6472,6444,-461,180,-32,0
2785.5642540454865,8104,7760,11100,-185,-168,145,7160,-8012,11252,51,137,-181,-13204,3496,7108,-938,199,-164,-13132,-6528,6564,-527,193,-61,0
2785.5977799892426,8020,7448,11120,-217,-137,183,7400,-8092,11116,82,106,-190,-13216,3476,6964,-902,267,-109,-13392,-6368,6496,-542,193,-92,0
2785.6309499740605,8056,7652,10928,-228,-108,196,7068,-8116,11344,39,64,-198,-13204,3336,7032,-824,330,-91,-13256,-6160,6424,-585,176,-94,0
2785.6644389629364,8156,7768,11228,-229,-76,193,7120,-7980,11340,-252,39,-197,-13276,3520,7072,-848,285,-125,-13164,-6168,6364,-580,149,-63,0
2785.6982231140137,8176,7560,11124,-228,-81,204,6956,-7720,11360,29,76,-199,-13212,3536,6956,-944,270,-130,-13348,-6400,6424,-564,149,-84,0
2785.7317049503326,8068,7600,11192,-216,-138,177,7136,-7992,11148,31,96,-185,-13136,3500,6848,-968,269,-117,-13384,-6324,6520,-497,95,-32,0
2785.765144109726,8068,7620,11228,-244,-104,149,7116,-8012,11320,19,114,-169,-13076,3536,7140,-930,298,-102,-13260,-6324,6376,-555,134,-91,0
2785.798658132553,7968,7708,11196,-268,-47,168,7124,-8084,11168,3,118,-183,-13360,3620,6900,-927,318,-80,-13296,-6460,6400,-628,18,-98,0
2785.831804037094,8112,7620,11156,-247,-83,151,7084,-8040,11336,35,45,-190,-13112,3496,6660,-953,429,-159,-13332,-6400,6452,-622,69,-82,0
2785.8653371334076,7952,7544,11172,-236,-58,187,7064,-7952,11056,22,48,-229,-13296,3504,7024,-1102,241,-103,-13296,-6536,6468,-518,153,-92,0
2785.8986370563507,7960,7564,11264,-198,-247,149,7372,-8176,11356,-15,154,-224,-13248,3512,6828,-1113,143,-108,-13288,-6348,6672,-500,140,-101,0
2785.9320390224457,8064,7592,11204,-275,-257,126,7164,-8028,11184,-13,154,-232,-13376,3432,6796,-1150,97,-121,-13416,-6384,6508,-385,179,-62,0
2785.9656751155853,8184,7556,11248,-245,-163,175,7144,-7964,11272,5,149,-180,-13328,3468,6816,-1110,118,-105,-13436,-6476,6556,-499,69,-117,0
2785.999220132828,8028,7612,10828,-230,-126,119,7224,-8168,11276,-48,128,-138,-13348,3468,6760,-1118,129,-77,-13356,-6444,6596,-474,55,-128,0
2786.0328109264374,8080,7892,11256,-270,-136,138,7140,-8068,11276,-39,127,-173,-13292,3472,7148,-1085,122,-58,-13120,-6644,6544,-447,86,-97,0
2786.0665359497066,8096,7596,11148,-270,-81,112,7328,-8044,11204,-53,123,-190,-13336,3464,6824,-1046,17,-78,-13252,-6388,6524,-423,153,-127,0
2786.1000509262085,8116,7564,11184,-176,-103,121,6912,-8032,11428,-58,112,-190,-13448,3488,6980,-976,52,-43,-13380,-6416,6564,-422,110,-126,0
2786.1335010528564,8096,7452,11056,-150,-58,121,7128,-8012,11444,-56,103,-190,-13312,3432,6844,-1022,43,-76,-13392,-6392,6492,-415,94,-139,0
2786.1671731472015,8144,7596,11004,-154,-55,116,7152,-7988,11368,-56,113,-187,-13332,3436,6956,-1052,17,-90,-13348,-6360,6476,-378,168,-102,0
2786.200604915619,8168,7584,11156,-171,-23,65,6988,-8088,11464,-217,210,-213,-13332,3428,7372,-829,-311,-51,-13388,-6396,6380,-279,373,-150,0
2786.2341821193695,8104,7556,11260,-267,-127,7,7240,-7992,11236,62,400,-175,-13060,3512,7268,-929,-287,-67,-13340,-6392,6680,-359,554,-155,0
2786.2700629234314,8100,7604,11052,-370,35,15,7008,-8012,11344,72,345,-132,-13232,3512,6948,-880,-423,-91,-13480,-6348,6452,-281,331,-129,0
2786.304862976074,8092,7588,11200,-82,-29,47,7124,-8020,11428,-58,305,-129,-13188,3484,6780,-874,-170,-115,-13544,-6212,6744,-265,135,-114,0
2786.3402709960938,8036,7548,11216,-101,-83,118,7008,-8044,11284,-74,69,-182,-13124,3592,6820,-985,-65,-41,-13320,-6320,6456,-471,-73,-166,0
2786.375062942505,8072,7588,11180,-26,-279,167,7016,-8048,11444,-189,14,-187,-13200,3428,7292,-858,-62,-24,-13228,-6332,6376,-433,227,-136,0
2786.4106850624084,7992,7668,11000,-115,-218,85,7088,-8092,11316,-58,176,-196,-13280,3420,7048,-951,-218,-59,-13388,-6380,6484,-196,331,-110,0
2786.446004152298,8068,7592,10892,-122,-106,103,7140,-7948,11352,-10,161,-196,-13280,3544,7104,-1006,-82,-81,-13396,-6344,6532,-241,238,-115,0
2786.4816551208496,7976,7656,11028,-143,-87,70,7052,-8068,11220,1,247,-173,-13152,3560,7192,-1013,-94,-77,-13392,-6368,6380,-353,275,-109,0
2786.5172300338745,8132,7608,11072,-220,-24,32,7092,-7920,11320,-59,268,-178,-13220,3464,7096,-998,-128,-48,-13392,-6380,6444,-429,341,-106,0
2786.5519580841064,8148,7616,11108,-216,48,36,7272,-8020,11276,-134,272,-153,-13156,3488,7048,-1023,-115,-250,-13336,-6244,6348,-445,386,-104,0
2786.5880210399628,8092,7516,11056,-261,82,64,7064,-8140,11200,17,226,-148,-13220,3540,7096,-1063,-92,-72,-13328,-6332,6636,-398,230,-123,0
2786.623374938965,8012,7436,11044,-195,40,81,7108,-7968,11392,69,160,-162,-13120,3480,7324,-1038,-31,-17,-13232,-6400,6484,-477,-8,-171,0
2786.658679962158,8036,7624,11160,-141,-104,75,7152,-7996,11264,-41,171,-156,-13184,3488,7044,-972,60,-30,-13304,-6376,6728,-261,16,-185,0
2786.6938309669495,8080,7540,11212,-155,-88,81,7080,-8020,11300,44,125,-168,-13240,3604,7104,-977,139,-35,-13372,-6332,6604,-504,-105,-174,0
2786.729732990265,7948,7668,11040,-50,-92,82,7032,-7988,11660,-81,189,-118,-13160,3572,7396,-932,105,-78,-13360,-6448,6616,-547,209,-189,0
2786.7649860382085,8104,7656,11008,-63,98,48,7116,-8044,11424,-14,174,-156,-13084,3588,7148,-963,80,-19,-13480,-6188,6728,-603,-14,-187,0
2786.8006489276886,8040,7584,11140,-64,-33,64,7080,-7940,11404,-137,113,-165,-13072,3420,7172,-900,40,-45,-13340,-6496,6420,-757,25,-161,0
2786.8356170654297,7912,7680,11180,-100,-67,50,7084,-7752,11440,-128,170,-179,-13192,3452,7328,-896,42,-38,-13380,-6348,6424,-558,215,-161,0
2786.8712289333344,8124,7624,11228,-90,-4,38,7040,-7928,11348,-60,140,-185,-13076,3452,7092,-939,87,-72,-13340,-6364,6648,-465,22,-136,0
2786.907112121582,8052,7624,11244,-158,-60,123,7052,-7984,11388,-31,107,-227,-12844,3456,7332,-961,81,-119,-13360,-6452,6520,-459,144,-139,0
2786.9427621364594,7952,7608,11200,-162,-21,78,7080,-8088,11272,-78,94,-207,-13280,3580,7056,-962,-13,-72,-13472,-6364,6444,-433,6,-140,0
2786.976053953171,8012,7560,11200,-180,98,68,7112,-8032,11300,-62,193,-147,-13200,3548,7292,-970,20,-65,-13428,-6360,6564,-447,309,-137,0
2787.0098910331726,8092,7604,11152,-174,152,46,7080,-8020,11224,-37,152,-162,-13272,3536,7196,-910,-227,-53,-13332,-6432,6484,-459,239,-156,0
2787.0432939529414,7980,7668,11060,-188,145,36,7268,-7912,11240,-47,505,-146,-12932,3784,7056,-934,14,-45,-13264,-6628,6508,-436,132,-108,0
2787.0770020484924,7904,7668,11164,-244,39,74,7128,-7940,11304,-22,162,-179,-13140,3504,6980,-964,54,-68,-13320,-6352,6584,-394,138,-122,0
2787.110470056534,7856,7688,11152,-247,-50,124,7068,-8040,11292,-32,139,-165,-13064,3560,7004,-1000,-30,-41,-13372,-6284,6588,-409,114,-117,0
2787.143832921982,8028,7568,11192,-189,-133,112,7156,-8104,11244,-255,162,-166,-13112,3524,7232,-959,-6,-46,-13520,-6352,6660,-462,21,-151,0
2787.1774921417236,7932,7572,11084,-172,-122,153,7096,-8048,11312,-4,138,-169,-13084,3596,7276,-1002,8,-49,-13288,-6356,6488,-453,96,-144,0
2787.211076974869,8188,7572,11188,-129,-80,115,6992,-8060,11472,-26,156,-176,-13108,3564,7296,-946,119,-95,-13332,-6392,6376,-511,160,-97,0
2787.2445809841156,8064,7448,11072,-145,53,84,7048,-8044,11324,-59,169,-158,-13172,3564,7320,-976,96,-83,-13432,-6620,6544,-532,156,-125,0
2787.2781710624695,7972,7904,11140,-110,71,63,7136,-8008,11384,-55,174,-153,-13148,3504,7284,-780,-12,-30,-13404,-6344,6652,-616,115,-133,0
2787.311414003372,7936,7668,11072,-107,74,75,7028,-8072,11264,-104,172,-148,-13012,3612,7204,-800,61,-67,-13340,-6152,6460,-528,107,-99,0
2787.344885110855,7728,7916,11260,-175,42,107,7044,-8128,11380,-120,111,-168,-13028,3500,7244,-832,34,-91,-13332,-6432,6456,-761,142,-106,0
2787.3785059452057,7964,7484,11176,-157,-26,106,6960,-8068,11380,-133,137,-155,-12896,3692,6984,-924,-30,-129,-13532,-6384,6432,-521,150,-84,0
2787.411782979965,7836,7572,11336,-148,-93,113,7056,-8104,11368,-89,148,-180,-12940,3372,7396,-952,-62,-115,-13324,-6604,6500,-491,163,-126,0
2787.4453449249268,7844,7732,11204,-87,-70,96,7024,-8072,11232,-83,126,-199,-13080,3572,7296,-898,-90,-95,-13416,-6148,6620,-520,192,-91,0
2787.4787509441376,8176,7864,11364,206,-83,107,7068,-8112,11496,-78,167,-185,-12824,3532,7284,-915,-59,-129,-13304,-6300,6508,-538,166,-120,0
2787.5123929977417,8132,7720,11024,-130,-90,111,7040,-8036,11064,-74,156,-189,-12932,3488,7176,-914,-99,-163,-13100,-6296,6544,-459,197,-93,0
2787.5459709167485,8164,7616,11160,-134,-144,143,6984,-8000,11072,17,169,-199,-13052,3812,7228,-960,-38,-126,-13488,-6344,6740,-418,128,-88,0
2787.57967209816,7920,7760,11316,-118,-172,163,7104,-8032,11456,18,117,-171,-13304,3412,7180,-978,26,-69,-13320,-6480,6480,-449,98,-81,0
2787.613121032715,8068,7736,11248,-113,-143,136,7104,-8092,11372,-33,84,-176,-13120,3588,7296,-950,-251,-70,-13256,-6324,6540,-455,114,-97,0
2787.646348953247,7728,7844,11168,-90,-162,140,7032,-8060,11020,16,101,-190,-13080,3556,7148,-961,45,-134,-13296,-6384,6580,-493,101,-105,0
2787.6798260211945,7684,7688,11172,-37,-218,147,7076,-8008,11360,27,93,-214,-13096,3388,7184,-982,99,-136,-13400,-6308,6500,-507,143,-64,0
2787.7132019996643,7952,7604,11092,-42,-209,152,6964,-8020,11344,42,65,-208,-13300,3580,7316,-979,148,-104,-13364,-6436,6640,-512,91,-70,0
2787.7468090057373,8176,7724,11456,-88,-221,154,7048,-8068,11352,-31,73,-200,-13100,3488,7260,-989,134,-97,-13412,-6428,6416,-495,143,-76,0
2787.7803969383244,8040,7640,11084,-69,-176,117,6972,-8168,11396,16,90,-190,-13112,3600,7504,-985,126,-124,-13364,-6576,6564,-510,117,-105,0
2787.8139181137085,8168,7700,11336,-70,-175,117,7068,-8064,11244,-253,66,-203,-13072,3676,7208,-1034,113,-129,-13304,-6160,6564,-467,152,-96,0
2787.8473551273346,8188,7732,11236,-71,-207,121,6924,-8048,11232,-9,95,-189,-13032,3688,7412,-996,127,-110,-13288,-6316,6532,-487,116,-84,0
2787.8807070255284,8164,7728,11104,-90,-246,119,7032,-8172,11388,-58,74,-220,-13120,3552,7328,-996,124,-89,-13328,-6180,6524,-493,129,-95,0
2787.9140889644623,8176,7448,11244,-91,-212,132,6948,-8036,11308,-45,111,-212,-12804,3536,7244,-1008,117,-130,-13396,-6336,6656,-474,142,-113,0
2787.949914932251,7988,7740,11184,-112,-227,127,7072,-8084,11368,16,96,-204,-13032,3564,7244,-1029,118,-91,-13436,-6308,6856,-514,119,-107,0
2787.9849340915684,8128,7920,10956,-148,-188,152,7056,-7956,11276,18,90,-179,-12880,3596,7392,-1012,137,-109,-13296,-6624,6552,-504,162,-87,0
2788.0207180976868,7988,7644,11124,-100,-166,143,7080,-7988,11468,-43,98,-198,-13080,3584,7144,-1011,137,-119,-13292,-6168,6408,-510,137,-121,0
2788.0556600093846,8012,7840,10944,-101,-173,99,7012,-8020,11320,-46,111,-185,-12884,3500,6960,-1031,122,-66,-13360,-6428,6600,-491,114,-135,0
2788.0909230709076,8200,7736,10932,-130,-99,91,6984,-8020,11240,-68,135,-168,-12872,3380,7196,-1023,114,-65,-13380,-6348,6412,-500,95,-115,0
2788.1262300014496,8128,7792,11016,-159,-65,74,7160,-7716,11500,-62,155,-131,-13236,3820,7116,-778,62,228,-13380,-6368,6504,-465,101,-141,0
2788.1623051166534,8116,7656,11032,-179,-34,79,7068,-8092,11468,-37,156,-146,-13084,3640,7356,-1087,39,-1,-13276,-6348,6644,-457,92,-144,0
2788.198410987854,7936,7660,10820,-169,-45,45,7048,-8056,11396,249,147,-172,-12988,3532,7636,-1271,43,-47,-13312,-6344,6544,-479,78,-154,0
2788.2335250377655,8044,7720,11000,-89,-88,70,7004,-8084,11420,-79,140,-177,-13104,3392,7328,-1001,12,-36,-13264,-6344,6568,-452,102,-137,0
2788.2694170475006,8148,7792,10908,-150,-108,49,7052,-8096,11264,-56,153,-177,-13048,3660,7180,-973,14,-62,-13232,-6304,6468,-456,170,-134,0
2788.3045060634613,7980,7916,10768,-134,-70,73,6992,-8112,11248,-24,149,-132,-12856,3804,7280,-1060,43,253,-13344,-6356,6652,-428,117,-146,0
2788.3397541046143,7988,7764,11032,-171,-35,94,7036,-8036,11332,-15,171,-118,-12848,3412,7056,-1040,53,-26,-13092,-6460,6604,-427,97,-139,0
2788.374769926071,7996,7764,11132,-193,-13,84,6956,-8048,11324,-69,150,-132,-13028,3328,7612,-1041,25,-9,-13216,-6468,6536,-438,107,-143,0
2788.410304069519,8180,7796,11104,-190,-41,100,7116,-8008,11408,-37,124,-148,-13160,3652,7276,-1074,51,-86,-13212,-6280,6500,-441,143,-110,0
2788.4455931186676,8092,7484,11124,-148,-31,88,7020,-7980,11248,-2,133,-171,-13104,3508,7112,-1117,67,-64,-13292,-6396,6668,-439,191,-114,0
2788.4815521240234,7992,7800,11016,-142,-30,113,7100,-7976,11068,-9,88,-182,-13080,3544,7396,-1157,78,-89,-13336,-6376,6580,-429,210,-90,0
2788.5178549289703,8012,7756,11160,-196,-14,116,7104,-8088,11248,-21,100,-198,-13076,3468,7148,-1110,98,-60,-13340,-6332,6576,-408,150,-134,0
2788.5529539585114,8064,7740,11244,-194,37,90,7044,-8084,11460,-13,143,-139,-13156,3468,7348,-1111,92,-43,-13444,-6384,6476,-448,127,-159,0
2788.588189125061,8044,7740,11188,-221,24,67,7048,-8056,11312,-5,148,-181,-13020,3584,7340,-1179,64,-53,-13204,-6356,6480,-453,151,-136,0
2788.623976945877,7992,7776,11080,-207,-26,116,7008,-8020,11372,-16,117,-173,-12892,3568,7360,-1190,92,-60,-13192,-6192,6596,-401,104,-127,0
2788.6574940681458,8016,7752,11080,-224,10,98,6924,-8108,11428,-62,111,-142,-13008,3568,7328,-1122,59,-69,-13436,-6408,6576,-434,136,-140,0
2788.6910560131073,8152,7788,11096,-245,-8,92,7128,-8136,11276,-26,154,-162,-12816,3560,7264,-1118,5,-24,-13416,-6300,6768,-456,113,-151,0
2788.724489927292,7996,7792,11124,-206,-32,107,7036,-7956,11364,12,133,-160,-13296,3556,7420,-1137,101,-43,-13164,-6372,6524,-445,118,-111,0
2788.7579889297485,7928,7792,11036,-186,-34,117,7052,-8144,11416,-35,105,-194,-12964,3500,7376,-1107,115,-70,-13400,-6276,6548,-448,174,-124,0
2788.7913410663605,7936,7736,11152,-196,-70,116,7120,-8048,11260,-40,131,-178,-12868,3580,7408,-1074,99,-97,-13428,-6396,6616,-469,126,-123,0
2788.8248319625854,8088,7692,11216,-217,-19,100,7096,-8024,11508,-19,133,-145,-12832,3692,7320,-1065,77,-57,-13276,-6336,6436,-437,92,-122,0
2788.8586189746857,7948,7824,10828,-215,8,110,7040,-8072,11316,245,131,-139,-13012,3496,7652,-1073,91,-48,-13308,-6656,6540,-436,105,-127,0
2788.891935110092,8020,7804,11008,-176,23,99,7052,-8060,11248,-24,134,-150,-13080,3404,7276,-1076,118,-34,-13392,-6224,6896,-440,87,-102,0
2788.9255630970006,7968,7848,11064,-212,-19,100,7044,-8024,11296,-34,145,-156,-12952,3464,7380,-783,29,-66,-13508,-6156,6548,-428,85,-130,0
2788.9591879844666,7956,7916,11044,-207,-22,112,7104,-8088,11360,-31,135,-157,-13040,3532,7556,-1050,95,-59,-13228,-6168,6888,-450,112,-113,0
2788.9923241138454,7988,7636,11204,-188,-10,114,7024,-8136,11416,-36,137,-173,-12968,3564,7644,-983,120,-60,-13332,-6560,6572,-490,147,-105,0
2789.025761127472,7876,7656,11052,-179,-37,116,6936,-7996,11160,-5,127,-199,-13108,3636,7216,-1041,141,-71,-13272,-6316,6492,-479,155,-107,0
2789.059520959854,7796,7776,11168,-226,-7,113,6992,-8048,11424,19,112,-171,-13060,3624,7232,-1016,174,-65,-13320,-6348,6660,-462,123,-81,0
2789.0930280685425,7948,7820,11048,-220,-60,136,6916,-8028,11432,46,147,-179,-13104,3532,7196,-772,182,-75,-13400,-6336,6600,-465,173,-80,0
2789.126762151718,7924,7772,11088,-240,-108,135,7060,-8028,11424,15,139,-183,-13268,3820,7316,-1017,131,-129,-13232,-6348,6724,-495,192,-125,0
2789.160033941269,7720,7716,11084,-234,-147,139,6956,-8080,11368,0,161,-208,-12924,3832,7212,-1003,115,-113,-13352,-6444,6640,-473,200,-131,0
2789.1934340000153,7920,7768,11248,-245,-163,149,6924,-8052,11372,12,130,-198,-13296,3548,6932,-1028,136,-104,-13380,-6356,6636,-493,168,-84,0
2789.227052927017,8024,7772,10816,-251,-146,180,6700,-8012,11272,18,111,-175,-13008,3512,7288,-776,193,-101,-13268,-6384,6600,-500,127,-72,0
2789.2606019973755,7900,7740,11128,-254,-170,188,7116,-8008,11252,47,95,-197,-13040,3532,7308,-1276,208,-156,-13312,-6392,6580,-489,156,-56,0
2789.2941949367523,7964,7684,11032,-228,-191,206,7000,-8096,11452,67,105,-220,-12916,3576,7208,-1053,198,-116,-13116,-6300,6572,-496,188,-56,0
2789.3276770114894,7864,7724,11120,-251,-229,222,7088,-7984,11336,80,85,-206,-13048,3764,7140,-1009,190,-88,-13336,-6384,6524,-518,168,-36,0
2789.3611631393433,7948,7680,11040,-4,-243,199,7116,-7952,11384,69,133,-201,-13160,3556,7236,-776,205,-120,-13256,-6404,6524,-497,155,-99,0
2789.394506931305,8124,7776,11180,-261,-239,230,7024,-8048,11484,79,4,-235,-13032,3408,7396,-953,99,-139,-13292,-6388,6644,-525,132,-92,0
2789.4282381534576,8088,7696,11068,-274,-239,223,6996,-7968,11296,69,78,-203,-12816,3500,7356,-772,231,-137,-13288,-6280,6436,-504,123,-78,0
2789.461822986603,8004,7660,11108,-270,-188,225,7056,-7992,11472,95,46,-177,-13084,3496,7440,-996,156,-108,-13080,-6348,6588,-499,111,-114,0
2789.4955520629883,7956,7932,11072,-228,-154,179,7072,-7928,11256,73,108,-194,-13064,3504,7176,-979,196,-91,-13340,-6320,6632,-258,135,-75,0
2789.5289459228516,8032,7436,11140,-190,-148,168,7084,-7992,11372,12,96,-197,-13012,3408,7116,-976,190,-134,-13360,-6232,6688,-509,168,-106,0
2789.5626471042633,8068,7448,11224,-176,-145,152,7112,-7756,11524,23,87,-207,-13264,3468,7324,-1047,190,-131,-13320,-6436,6584,-499,161,-70,0
2789.59615111351,8028,7748,11240,-159,-115,134,7068,-7948,11496,-45,140,-213,-12964,3340,7408,-932,122,-121,-13076,-6260,6528,-537,200,-88,0
2789.6323199272156,8088,7520,10960,-136,-107,139,7088,-7720,11436,-256,141,-199,-13080,3612,7276,-938,159,-122,-13568,-6348,6476,-545,187,-88,0
2789.667494058609,8028,7620,11248,-194,-75,147,6964,-8072,11268,19,46,-205,-13060,3452,7196,-998,218,-98,-13332,-6632,6868,-525,193,-94,0
2789.703513145447,8084,7644,11108,-147,-70,135,7088,-7860,11336,-37,66,-195,-13120,3472,7112,-988,165,-46,-13308,-6276,6668,-533,97,-99,0
2789.739268064499,8100,7644,11068,-161,-32,95,7128,-7916,11332,-29,110,-192,-13080,3496,7192,-989,65,-50,-13252,-6328,6616,-543,104,-186,0
2789.7748460769653,8064,7788,11148,-162,49,109,7140,-7896,11276,22,123,-149,-13060,3444,7360,-954,100,-18,-13392,-6364,6584,-503,89,-148,0
2789.8102481365204,8076,7668,11120,-158,98,106,7100,-7900,11372,-70,143,-172,-12836,3500,7288,-897,134,-68,-13432,-6272,6476,-549,146,-153,0
2789.8456189632416,8176,7608,11068,-215,54,83,7012,-7928,11348,-59,81,-135,-13140,3548,7112,-948,68,-15,-13376,-6300,6644,-553,144,-141,0
2789.881119966507,8104,7604,11064,-173,73,104,7112,-7900,11288,-55,138,-124,-13064,3524,7260,-904,71,247,-13320,-6320,6644,-587,85,-189,0
2789.9173600673676,8080,7656,11236,-166,87,72,7060,-7996,11040,-96,123,-119,-13016,3608,7388,-841,76,254,-13100,-6572,6640,-651,67,-195,0
2789.9519889354706,7996,7624,11380,-217,117,61,7068,-7972,11340,-128,149,-141,-13000,3384,7312,-803,102,-21,-13304,-6320,6636,-637,124,-204,0
2789.9879670143127,8168,7932,11144,-107,79,56,7088,-8080,11384,-85,154,-155,-12892,3572,7224,-833,96,-46,-13316,-6304,6820,-648,134,-167,0
2790.0232050418854,8140,7620,11444,-160,66,63,6988,-8064,11504,-106,131,-174,-12976,3692,7228,-744,174,-56,-13228,-6428,6560,-721,163,-169,0
2790.0586829185486,7884,7692,11396,-215,60,89,7032,-7968,11508,-124,106,-178,-13284,3524,7264,-627,280,-40,-13216,-6392,6552,-827,172,-186,0
2790.093672037124,8036,7616,11072,-140,68,70,7108,-8048,11372,-168,117,-165,-13120,3564,7304,-697,284,-81,-13348,-6400,6544,-826,164,-168,0
2790.1291761398315,8076,7636,11212,-173,61,65,6916,-7996,11292,-127,127,-163,-13092,3552,7260,-804,235,-33,-13396,-6220,6556,-717,134,-154,0
2790.1641011238094,8056,7640,11076,-169,-22,93,7180,-8080,11280,-114,142,-154,-13124,3616,7136,-845,128,-100,-13088,-6492,6544,-634,115,-185,0
2790.199844121933,8000,7768,11108,-141,-46,84,7104,-8084,11336,-116,138,-153,-13012,3832,6940,-846,132,-27,-13344,-6512,6528,-607,101,-190,0
2790.2351689338684,8060,7496,11204,-138,-18,46,7052,-7996,11260,-129,154,-161,-13176,3624,7052,-829,75,-72,-13312,-6464,6640,-638,78,-180,0
2790.270637989044,8104,7764,10996,-155,-20,62,7116,-8044,11192,-132,136,-159,-13212,3680,7064,-825,103,-57,-13344,-6504,6552,-591,110,-157,0
2790.3139250278473,7864,7688,11068,-110,251,103,7004,-7980,11300,-118,146,-146,-12912,3696,7236,-853,120,-29,-13288,-6472,6480,-527,176,-171,0
2790.347526073456,7940,7632,11056,-162,-20,92,7056,-8136,11296,-112,121,-170,-12828,3636,7088,-896,107,-60,-13240,-6456,6552,-548,158,-159,0
2790.38099193573,7952,7720,11132,-124,-59,104,7104,-8080,11348,-113,160,-194,-13048,3588,7212,-942,157,-87,-13264,-6540,6560,-473,164,-105,0
2790.414404153824,7908,7752,11024,-116,-74,94,7104,-8084,11388,-103,151,-178,-13128,3660,7296,-942,112,-129,-13328,-6236,6596,-471,127,-110,0
2790.447688102722,8016,7688,11316,-124,-84,102,6960,-8032,11244,-96,164,-176,-13304,3708,6944,-927,138,-44,-13244,-6480,6496,-559,121,-141,0
2790.4811460971832,7904,7752,11088,-148,-87,127,7056,-8072,11304,-55,130,-178,-12960,3712,7120,-963,85,-44,-13256,-6512,6588,-608,145,-188,0
2790.5152950286865,7880,7700,10992,-135,-144,129,7108,-8092,11356,-70,132,-179,-13080,3712,7396,-928,30,-29,-13296,-6608,6596,-616,140,-142,0
2790.5485899448395,7772,7704,11240,-121,-142,96,7156,-8140,11388,-118,123,-208,-13164,3676,7148,-963,20,-73,-13380,-6492,6552,-531,193,-169,0
2790.5821380615234,8024,7916,11044,-176,-107,89,6912,-8100,11488,-42,140,-190,-13200,3676,7136,-1034,44,-95,-13536,-6640,6532,-506,166,-140,0
2790.615702152252,8164,7460,11252,-176,-91,120,7068,-8028,11484,16,139,-138,-13128,3672,7056,-1075,52,-60,-13264,-6440,6580,-488,141,-115,0
2790.648649930954,7876,7700,11048,-203,-77,119,7084,-8068,11308,255,171,-167,-13120,3688,7280,-1003,89,-80,-13240,-6580,6620,-526,125,-122,0
2790.682055950165,7880,7784,11136,-213,-60,125,7056,-8156,11484,-59,130,-186,-12996,3540,7000,-946,168,-125,-13352,-6468,6796,-541,107,-99,0
2790.7154829502106,7844,7860,11184,-214,-104,154,7084,-8196,11520,-34,90,-207,-13304,3768,7076,-958,395,-124,-13324,-6444,6552,-548,42,-45,0
2790.7487330436707,7924,7784,11036,-188,-192,204,7060,-8092,11388,-248,65,-210,-13052,3660,7204,-1202,382,-164,-13216,-6492,6676,-501,164,-30,0
2790.782158136368,7848,7504,11052,-238,-212,196,7028,-8008,11308,59,90,-243,-13108,3708,7024,-1300,323,-191,-13220,-6448,6888,-450,150,-28,0
2790.815446138382,7896,7620,11172,-238,-228,212,6796,-8096,11196,38,133,-216,-13120,3664,7072,-1157,408,-178,-13244,-6204,6436,-503,194,-68,0
2790.8487870693207,8008,7472,11084,-240,-205,197,7040,-8120,11412,65,102,-216,-13224,3660,7132,-1100,386,-129,-13100,-6644,6548,-518,185,-57,0
2790.8819749355316,8080,7660,11192,-255,-188,216,7140,-8060,11356,79,138,-236,-13144,3656,7092,-1147,395,-135,-13088,-6532,6540,-507,131,-46,0
2790.9154419898987,8044,7664,11200,-252,-192,228,7124,-8160,11016,81,123,-220,-13112,3588,6804,-1213,374,-166,-13336,-6372,6492,-447,171,-43,0
2790.9487669467926,8100,7684,11132,-227,-243,214,7212,-8056,11336,21,116,-211,-13228,3536,7000,-1248,309,-130,-13368,-6508,6440,-473,164,-29,0
2790.9821929931645,8056,7648,11124,-256,-248,188,7016,-8024,11408,66,144,-219,-13096,3588,7156,-1191,210,-99,-13364,-6444,6452,-477,149,-61,0
2791.0157210826874,8012,7576,11056,-221,-201,177,7172,-8076,11172,94,106,-215,-13168,3620,6912,-1149,247,-155,-13320,-6524,6716,-447,120,-61,0
2791.0487251281734,8084,7532,11048,-205,-152,154,7096,-8184,11280,68,148,-186,-13176,3484,6940,-1166,244,-145,-13312,-6420,6576,-425,126,-77,0
2791.0823669433594,8008,7904,11164,-191,-165,163,7084,-8048,11036,72,109,-221,-12872,3648,6812,-1106,188,-100,-13280,-6496,6516,-424,157,-72,0
2791.115795135498,8140,7620,11008,-191,-157,129,6956,-8180,11312,45,124,-219,-13292,3564,6968,-1173,211,-101,-13272,-6524,6588,-409,158,-52,0
2791.1490910053253,8064,7896,10880,-178,-130,168,7000,-7988,11320,60,119,-205,-13172,3632,6964,-1188,186,-137,-13412,-6464,6604,-429,174,-53,0
2791.1826601028442,8168,7560,11056,-199,-216,144,7100,-8000,11400,33,111,-223,-13252,3668,7000,-1109,134,-155,-13388,-6488,6664,-441,168,-67,0
2791.2161989212036,8036,7836,11052,-183,-180,137,7052,-8008,11424,19,105,-214,-13192,3544,7208,-1061,144,-92,-13312,-6544,6632,-467,118,-75,0
2791.2496750354767,8076,7760,11260,-123,-130,128,7072,-7976,11424,-30,82,-211,-13264,3552,7080,-989,165,-71,-13568,-6516,6500,-478,140,-114,0
2791.2830579280853,8428,7644,10768,-184,-84,122,7412,-8012,11320,-21,129,-205,-13252,3520,6988,-988,138,-106,-13304,-6316,6500,-514,193,-71,0
2791.319670915604,8360,7524,10956,-166,-129,142,7236,-7912,11248,-69,118,-165,-13248,3464,6972,-1027,68,-52,-13240,-6500,6548,-483,136,-123,0
2791.3550419807434,7940,7572,11020,-141,-66,108,6936,-7880,11232,-70,166,-130,-13204,3484,6744,-1002,92,-52,-13292,-6380,6568,-484,55,-169,0
2791.3902180194855,8076,7632,11460,-134,-14,70,7252,-7912,11296,-88,138,-135,-13516,3460,7052,-1012,97,-5,-13324,-6456,6544,-484,86,-156,0
2791.4250950813293,8056,7556,11220,-151,36,55,7400,-8028,11324,-75,195,-160,-13252,3516,6860,-1041,84,-79,-13312,-6352,6608,-466,173,-154,0
2791.4604909420013,8168,7656,11136,-129,1,51,7172,-8048,11344,12,199,-176,-13304,3588,7088,-1040,107,-56,-13104,-6344,6492,-468,216,-151,0
2791.495528936386,8140,7440,11036,-159,-245,68,7144,-7948,11296,-48,147,-177,-13180,3772,6820,-1274,63,-75,-13400,-6648,6596,-480,203,-144,0
2791.5312769412994,8132,7708,11220,-169,-10,55,7132,-7972,11212,-34,206,-172,-13224,3592,7080,-975,45,-40,-13304,-6508,6544,-460,240,-146,0
2791.5670690536494,8044,7640,11132,-197,29,73,7012,-8032,11252,-54,190,-160,-13204,3836,7312,-967,-6,-47,-13460,-6448,6596,-469,249,-140,0
2791.6023421287537,7992,7580,11056,-226,12,80,7352,-8008,11312,29,227,-161,-13300,3572,7104,-987,-25,-71,-13236,-6428,6508,-440,299,-174,0
2791.6380360126495,8136,7576,11132,-283,24,97,7068,-7948,11332,34,188,-127,-13204,3356,6912,-995,-26,-49,-13292,-6572,6580,-449,337,-123,0
2791.6734211444855,8116,7676,11076,-370,39,121,7116,-7940,11340,6,132,-153,-13120,3660,7132,-1004,34,-63,-13276,-6528,6480,-417,251,-159,0
2791.709317922592,8072,7428,11192,-326,45,102,7052,-7992,11296,5,159,-152,-13228,3376,6800,-1003,39,-84,-13300,-6608,6492,-409,188,-135,0
2791.7442419528966,8152,7580,11052,-206,45,96,7136,-7952,11468,-8,136,-119,-13160,3516,7132,-1005,77,-73,-13324,-6488,6608,-429,113,-150,0
2791.780380010605,8068,7592,11352,-148,253,108,7136,-7924,11296,-54,103,-166,-13232,3692,7028,-927,119,-43,-13268,-6432,6540,-473,108,-118,0
2791.815551996231,8068,7668,11124,-175,20,86,7084,-8056,11308,-65,95,-137,-13240,3580,7292,-825,118,-82,-13412,-6464,6584,-489,112,-124,0
2791.8512699604034,8012,7680,11172,-168,23,80,7356,-8000,11292,-104,133,-146,-13192,3708,7084,-867,83,-19,-13356,-6428,6436,-464,143,-148,0
2791.886106014252,8032,7544,11196,-303,41,66,7132,-8080,11344,-65,135,-121,-13216,3388,6944,-925,78,-95,-13388,-6376,6540,-483,171,-158,0
2791.9220099449158,8188,7560,11180,-238,93,83,7040,-7912,11256,-34,174,-132,-13100,3548,7144,-865,91,-18,-13184,-6508,6524,-548,147,-154,0
2791.9595849514008,7968,7616,11296,-201,59,56,7036,-8020,11484,-160,153,-118,-13172,3556,7180,-707,141,-63,-13112,-6476,6500,-520,101,-152,0
2791.9929780960083,7980,7620,11200,-198,41,14,7016,-8060,11352,-131,152,-169,-13076,3668,7044,-640,120,-68,-13288,-6416,6612,-600,167,-161,0
2792.0266790390015,8016,7532,11172,-186,50,35,7088,-8060,11164,-176,184,-141,-13092,3612,7136,-753,116,-69,-13284,-6436,6692,-589,65,-154,0
2792.059821128845,8044,7588,11256,-145,-10,50,7012,-8024,11104,-162,191,-138,-13124,3600,7136,-520,191,-61,-13388,-6548,6628,-754,-694,-158,0
2792.093371152878,8128,7876,11432,-64,-59,52,7080,-7972,11352,-209,502,-119,-13128,3608,6852,-761,231,-76,-13336,-6444,6544,-560,35,-129,0
2792.1269071102142,7956,7544,11188,-124,38,23,6992,-8092,11124,-178,215,-139,-13256,3648,7368,-804,223,-91,-13260,-6480,6620,-625,44,-144,0
2792.160033941269,7824,7912,11012,-88,39,52,7076,-8012,11240,-124,157,-151,-13168,3728,6928,-855,279,-83,-13084,-6312,6664,-493,157,-96,0
2792.193428039551,7848,7620,11116,-56,38,48,7048,-8028,11312,-76,130,-154,-13200,3700,6808,-825,319,-56,-13076,-6488,6528,-812,59,-159,0
2792.227100133896,8176,7700,11236,-55,-21,58,7080,-8120,11344,-166,180,-151,-13272,3740,6888,-813,380,-109,-13356,-6560,6608,-624,14,-122,0
2792.260375022888,7704,7636,11312,-96,40,94,7016,-8148,11388,-149,167,-119,-13204,3780,7052,-824,234,-82,-13068,-6480,6316,-791,149,-160,0
2792.2937331199646,7956,7892,11396,-120,69,22,7112,-8124,11404,-183,181,-130,-13184,3704,6784,-849,278,-93,-13248,-6568,6540,-672,107,-144,0
2792.327346086502,8188,7708,11252,-42,88,10,7032,-8104,11308,-193,128,-131,-13212,3768,7152,-759,306,-42,-13356,-6568,6876,-821,9,-145,0
2792.3605370521545,7860,7764,11072,22,119,-256,7092,-8380,11508,-289,107,-112,-13172,3700,7112,-752,373,-87,-13176,-6596,6764,-791,-26,-120,0
2792.3939599990845,7712,7648,11224,27,85,3,7124,-8148,11280,-295,94,-113,-13336,3716,6952,-903,5,-100,-13180,-6436,6480,-733,62,-122,0
2792.4274849891663,7784,7756,11488,-15,23,25,6980,-8120,11276,-240,111,-138,-13200,3804,6804,-946,199,-100,-13556,-6560,6428,-691,37,-97,0
2792.4609589576726,7888,7752,11196,250,-21,44,6944,-8152,11504,-220,166,-169,-13256,3736,6888,-961,86,-106,-13212,-6500,6500,-666,20,-128,0
2792.494562149048,7840,7720,11132,-39,-99,77,6964,-7940,11244,-180,151,-166,-13356,3600,6884,-955,45,-90,-13252,-6560,6580,-623,96,-100,0
2792.528160095215,7844,7804,11240,-88,-141,94,7028,-8144,11332,-155,148,-140,-13140,3696,6780,-941,28,-107,-13268,-6592,6628,-629,111,-101,0
2792.5614509582524,7760,7732,11236,-123,-114,101,7068,-8132,11092,-183,122,-139,-13196,3724,6956,-935,25,-120,-13288,-6556,6408,-569,83,-85,0
2792.5950269699097,7680,7752,11252,-126,-58,136,6972,-7948,11264,-194,86,-108,-13256,3760,6872,-959,29,-136,-13416,-6468,6580,-497,4,-64,0
2792.6285359859467,7888,7772,11248,-116,-82,142,7072,-8132,11152,-178,102,-115,-13216,3676,7020,-1071,-68,-100,-13240,-6556,6176,-441,126,-92,0
2792.6618790626526,7872,7712,11124,-198,-181,146,6980,-8228,11212,-96,104,-170,-13152,3740,7164,-1079,-120,-131,-13260,-6556,6620,-392,188,-74,0
2792.695451974869,7920,7776,11144,-150,-83,140,7008,-7956,11064,-38,104,-192,-13568,3608,6856,-1057,-39,-149,-13296,-6592,6588,-373,167,-59,0
2792.728989124298,7904,7856,11124,-206,-99,127,7036,-8260,11244,-39,95,-218,-13400,3724,6784,-1016,30,-121,-13240,-6548,6492,-409,202,-46,0
2792.7624449729924,7872,7740,11224,-233,-22,118,6916,-8272,11200,-64,65,-194,-13204,3816,6956,-995,12,-81,-13540,-6520,6416,-399,168,-35,0
2792.795913934708,7916,7740,11068,-157,-19,128,7136,-8232,11404,-63,98,-153,-13284,3756,6956,-1002,-4,-109,-13312,-6532,6840,-431,120,-79,0
2792.8294339179993,7904,7804,11188,-187,-25,127,7088,-8224,11432,-76,33,-149,-13256,3636,6912,-1078,3,-114,-13228,-6528,6616,-415,151,-80,0
2792.8629541397095,7876,7752,11156,-264,-16,154,7116,-8220,11404,-82,-233,-187,-13184,3688,6940,-1131,19,-112,-13268,-6496,6512,-409,170,-37,0
2792.8963520526886,7868,7756,11088,-249,59,127,6996,-8236,11260,-20,51,-203,-13192,3660,7140,-1163,47,-110,-13184,-6528,6484,-362,194,-47,0
2792.930071115494,7820,7732,11084,-254,-21,143,7064,-8184,11256,40,41,-216,-13236,3656,7024,-1145,52,-127,-13300,-6480,6488,-397,219,-44,0
2792.9635491371155,7708,7692,11072,-170,-59,155,7040,-8160,11128,2,34,-224,-13164,3624,7056,-1132,96,-121,-13280,-6512,6568,-331,113,-64,0
2793.0001990795135,7892,7752,11284,-169,-130,157,7060,-8040,11184,-19,51,-252,-13120,3600,6932,-1102,86,-68,-13336,-6544,6588,-277,100,-41,0
2793.0353810787205,8156,7728,11116,-215,-181,138,6916,-8256,11248,-3,92,-228,-13208,3752,7108,-1048,32,-116,-13252,-6504,6548,-383,121,-90,0
2793.070883989334,7824,7652,11176,-160,-244,156,7040,-8284,11184,-2,112,-225,-13292,3652,6972,-1055,75,-74,-13308,-6516,6452,-414,83,-105,0
2793.107190132141,7996,7800,11312,-197,-267,166,7128,-7980,11160,25,90,-233,-13180,3820,6932,-1068,87,-57,-13240,-6524,6904,-477,-253,-99,0
2793.1423420906067,7872,7668,11180,-131,-166,144,7036,-8440,11280,24,78,-213,-13216,3736,7088,-1107,141,-90,-13304,-6448,6408,-338,151,-91,0
2793.1782150268555,7844,7460,11144,-198,-155,159,7120,-8228,11112,47,108,-227,-13164,3780,6980,-1069,88,-80,-13260,-6456,6564,-418,203,-70,0
2793.2136490345006,7772,7688,11144,-181,-122,164,7144,-8280,11264,42,82,-243,-13264,3728,7076,-1026,144,-113,-13296,-6468,6532,-402,225,-66,0
2793.2492580413814,8188,7900,11172,-166,-174,155,7144,-8036,11176,32,107,-232,-13236,3596,7056,-1069,144,-88,-13064,-6496,6484,-441,216,-123,0
2793.2849209308624,7848,7676,11004,-206,-149,169,7032,-8152,11180,-39,118,-268,-13508,3752,7116,-792,152,-96,-13308,-6508,6480,-468,178,-127,0
2793.3203511238094,7888,7432,10948,-208,-103,122,7108,-8104,11208,26,150,-203,-13236,3568,6960,-779,164,-31,-13276,-6452,6548,-763,121,-163,0
2793.3555850982666,7752,7744,11460,-232,-74,148,7156,-8052,11360,86,134,-167,-13216,3332,7080,-1047,176,-28,-13268,-6360,6476,-470,169,-128,0
2793.39133310318,7928,7760,11132,-11,-157,156,6920,-8208,11228,148,116,-199,-13460,3340,7052,-1144,135,-65,-13216,-6500,6584,-425,197,-125,0
2793.4275739192963,7856,7628,11432,-270,-136,141,7068,-8172,11300,131,105,-191,-13200,3636,6916,-1169,186,-34,-13112,-6548,6528,-258,182,-165,0
2793.4627890586853,8128,7704,11228,-208,-124,150,7408,-8076,11516,111,110,-189,-13484,3684,7036,-1173,169,-82,-13236,-6460,6500,-463,209,-157,0
2793.4982731342316,7972,7480,11044,-289,-113,132,7124,-8084,11272,117,111,-219,-13232,3608,7076,-1233,138,218,-13308,-6500,6496,-532,201,-162,0
2793.533915042877,7748,7436,10928,-239,-42,127,7100,-8080,11332,52,125,-173,-13288,3616,6980,-1236,150,-17,-13284,-6512,6488,-533,97,-171,0
2793.569179058075,7736,7720,11168,-191,-27,128,7208,-8048,11260,65,160,-135,-13164,3672,6928,-1228,140,2,-13228,-6568,6872,-552,85,-168,0
2793.604530096054,7880,7476,11196,-235,-39,103,7104,-8104,11112,-18,129,-171,-13224,3640,7144,-1218,101,-41,-13064,-6488,6428,-512,93,-163,0
2793.6407549381256,7712,7624,11200,-131,-13,77,7128,-8192,11424,-11,164,-168,-13152,3572,7132,-1155,108,-46,-13264,-6548,6268,-572,105,-166,0
2793.67426109314,7900,7572,11156,-188,-33,100,7128,-8028,11184,25,145,-192,-13244,3568,7068,-1176,126,-22,-13208,-6436,6592,-579,135,-129,0
2793.707776069641,8148,7740,11232,-136,245,93,7044,-8032,11108,25,93,-193,-13124,3484,6940,-1156,125,-46,-13176,-6532,6672,-615,107,-144,0
2793.7413239479065,7932,7652,11144,-148,-90,106,7272,-8040,11272,21,80,-193,-13272,3636,6932,-996,239,-56,-13316,-6656,6512,-618,76,-166,0
2793.774796962738,8164,7548,11272,-150,6,115,7204,-8412,11016,51,103,-180,-13316,3564,7192,-1188,103,-13,-13236,-6500,6428,-611,112,-183,0
2793.8081250190735,8044,7896,11096,-194,-54,93,7176,-8132,11232,19,124,-184,-13228,3588,6880,-1149,86,-40,-13236,-6472,6616,-577,159,-151,0
2793.8418459892273,8116,7428,11172,-159,-30,104,7068,-7964,11252,5,152,-171,-13308,3492,6968,-776,118,-58,-13248,-6604,6504,-587,85,-183,0
2793.875534057617,7852,7672,11348,-152,13,77,6936,-8384,11208,-70,140,-140,-13208,3788,6772,-958,129,-31,-13236,-6532,6504,-554,13,-179,0
2793.908937931061,7988,7656,11096,-156,-44,44,7100,-8388,11288,-25,142,-162,-13284,3412,7072,-989,31,-40,-13192,-6568,6596,-580,138,-186,0
2793.9424481391907,7904,7664,11192,-130,-10,92,7064,-8052,11308,18,159,-139,-13176,3792,6928,-920,140,-52,-13200,-6444,6464,-554,112,-154,0
2793.9760279655457,7876,7636,11120,-129,6,107,7104,-8116,11024,-37,124,-180,-13172,3616,6992,-972,129,-38,-13184,-6584,6584,-609,151,-173,0
2794.0098230838776,7896,7740,11260,-103,-60,115,7240,-8060,11352,-59,94,-170,-13260,3596,7108,-882,102,-64,-13256,-6608,6660,-565,131,-150,0
2794.043159008026,8008,7800,11096,-125,-53,103,7056,-8040,11212,-35,105,-152,-13136,3552,7016,-985,116,-67,-13280,-6576,6516,-543,159,-160,0
2794.0767290592194,7728,7620,11140,-164,-38,116,7104,-7956,11436,-9,118,-163,-13228,3572,6752,-1062,88,-31,-13256,-6564,6532,-535,121,-151,0
2794.109941959381,7944,7748,11128,-131,-23,113,7148,-8012,11328,-29,118,-156,-13272,3580,7012,-1009,129,-256,-13264,-6624,6380,-549,107,-159,0
2794.1432409286494,7972,7716,11120,-174,-62,117,7100,-8020,11268,-70,143,-154,-13244,3540,6888,-1004,105,-54,-13248,-6608,6600,-548,118,-142,0
2794.1768419742584,7836,7720,11260,-164,-76,102,7380,-8092,11376,-29,156,-177,-13156,3836,7056,-994,87,-65,-13216,-6640,6568,-533,136,-128,0
2794.210536956787,7868,7772,11044,-151,-77,84,7132,-8072,11428,-42,174,-181,-13200,3600,7072,-960,92,-85,-13108,-6620,6636,-547,189,-109,0
2794.243731021881,7936,7676,11308,-160,-90,93,7168,-8136,11412,-40,175,-196,-13200,3636,6876,-1001,98,-49,-13320,-6588,6544,-526,191,-126,0
2794.277354955673,7976,7668,11180,-179,-64,94,7080,-8056,11196,-16,131,-181,-13284,3564,7100,-924,113,-52,-13332,-6552,6688,-505,157,-117,0
2794.3108320236206,7860,7700,11032,-189,-79,121,7400,-7940,11460,-55,130,-148,-13260,3600,7116,-923,81,-51,-13180,-6652,6380,-537,174,-128,0
2794.3440930843353,7928,7916,11132,-207,-63,114,7396,-8092,11120,-51,163,-177,-13268,3828,6980,-937,117,-72,-13192,-6872,6496,-484,200,-134,0
2794.3780341148376,7684,7896,11292,-200,-99,108,7208,-8080,11272,-56,167,-202,-13196,3824,7144,-967,37,-64,-13296,-6548,6588,-475,189,-129,0
2794.411436080932,7928,7512,11480,-207,-104,132,7052,-8144,11296,4,175,-170,-13048,3684,7056,-978,37,-84,-13200,-6548,6544,-495,195,-92,0
2794.4449150562286,7760,7744,11248,-207,-119,142,6912,-8164,11164,28,127,-182,-13184,3696,6980,-1004,86,-97,-13496,-6404,6800,-518,228,-109,0
2794.4785640239716,7692,7916,11200,-221,-138,146,7420,-8140,11500,5,120,-196,-13280,3636,6844,-1003,109,-127,-13192,-6640,6588,-573,240,-108,0
2794.5120940208435,7864,7728,11248,-211,-193,154,7052,-8128,11068,-9,95,-206,-13228,3652,6916,-1046,110,-128,-13224,-6608,6528,-572,205,-89,0
2794.5457479953766,7792,7668,11092,-195,-170,146,7356,-8040,11100,0,91,-221,-13184,3560,6840,-1124,151,-152,-13216,-6600,6440,-548,187,-49,0
2794.5794219970703,7900,7732,11068,-214,-148,166,6916,-8068,11204,33,185,-205,-13192,3616,6952,-1188,138,-87,-13260,-6680,6600,-520,205,-51,0
2794.612730026245,7800,7676,11096,-216,-152,157,6936,-8144,11336,45,138,-184,-13228,3660,6960,-1143,177,-123,-13304,-6608,6584,-629,199,-80,0
2794.64599108696,7876,7660,11212,-199,-120,155,7084,-7948,11196,25,131,-197,-13240,3620,7116,-1108,213,-130,-13224,-6420,6324,-603,151,-70,0
2794.6824929714203,7992,7748,11064,-207,-179,171,7144,-7984,11316,44,140,-222,-13248,3824,6956,-1137,213,-126,-13184,-6596,6488,-531,221,-83,0
2794.717658996582,8172,7596,11120,-188,-204,190,7176,-8064,11208,44,112,-205,-13216,3640,6936,-1139,200,-147,-13348,-6588,6608,-580,213,-90,0
2794.7537689208984,7972,7688,11156,-206,-202,176,7144,-8088,11084,12,98,-220,-13308,3588,7028,-1122,193,-74,-13252,-6624,6508,-610,181,-81,0
2794.7894949913025,7992,7592,11080,-183,-192,161,7200,-8064,11216,21,119,-194,-13252,3576,7140,-1091,169,-155,-13552,-6600,6344,-591,173,-89,0
2794.8249340057373,8024,7620,11244,-196,-178,154,7116,-8032,11100,12,100,-194,-13196,3504,7032,-1121,188,-117,-13328,-6596,6408,-564,176,-102,0
2794.8603930473328,7756,7724,11244,-203,-191,159,7136,-8136,11252,27,108,-212,-13316,3484,7000,-1118,168,-118,-13312,-6592,6544,-605,162,-92,0
2794.8955249786377,7956,7716,10948,-199,-113,175,7196,-8020,11492,-19,103,-183,-13256,3516,6924,-1084,196,-101,-13416,-6636,6424,-679,113,-82,0
2794.931788921356,7976,7704,11228,-187,-108,158,7156,-7944,11272,-36,89,-180,-13280,3600,6916,-1054,238,-125,-13308,-6604,6456,-840,107,-149,0
2794.966364145279,8004,7720,11156,-166,-185,189,7144,-7984,11288,-37,22,-171,-13156,3408,7016,-1159,194,-127,-13216,-6708,6372,-545,107,-88,0
2795.0023720264435,8008,7764,11232,-178,-177,174,7052,-7928,11264,-47,88,-243,-13264,3508,7204,-1137,153,-157,-13508,-6532,6636,-568,231,-54,0
2795.0374450683594,8028,7620,11140,-244,-173,155,7208,-8024,11160,-21,46,-206,-13244,3604,6856,-1124,187,-102,-13272,-6512,6472,-621,136,-77,0
2795.0729179382324,8024,7632,11108,-180,-209,181,7344,-8020,11096,-23,66,-147,-13244,3532,7060,-1138,146,-63,-13192,-6772,6456,-524,41,-132,0
2795.10928106308,7940,7580,11232,-222,-185,162,6920,-7980,11228,-64,65,-150,-13112,3424,6936,-1088,183,-95,-13348,-6496,6532,-565,52,-114,0
2795.143769979477,8020,7900,11068,-212,-214,153,7416,-8048,11436,-102,68,-183,-13356,3532,7132,-1015,108,-81,-13228,-6660,6516,-503,141,-99,0
2795.1793119907375,7956,7436,11048,-147,-235,141,7164,-8032,11180,-90,81,-194,-13360,3456,6960,-1052,17,-97,-13320,-6620,6412,-401,203,-123,0
2795.2144050598145,7944,7508,11208,-138,-253,146,6916,-7968,11216,-42,126,-206,-13096,3500,6900,-1103,20,-115,-13188,-6476,6352,-360,175,-135,0
2795.2499151229854,8112,7564,11160,-122,-207,111,7172,-8108,11052,-47,151,-219,-13364,3392,6808,-1082,-27,-71,-13348,-6624,6424,-307,151,-88,0
2795.2855961322784,8020,7620,11052,-153,-184,87,7212,-8144,11212,-55,202,-186,-13344,3464,7120,-1245,-120,-60,-13376,-6508,6388,-109,182,-72,0
2795.325880050659,8092,7632,11132,-175,-205,89,7176,-8040,11404,65,230,-191,-13260,3504,6980,-1277,-13,-45,-13340,-6580,6492,-228,178,-112,0
2795.3597090244293,8212,7628,11120,-186,-164,95,7180,-7972,11488,17,178,-186,-13164,3348,7388,-1039,-111,-60,-13224,-6720,6536,-101,114,-119,0
2795.3929331302643,8092,7656,11124,-171,-203,56,7104,-8032,11276,-25,208,-233,-13204,3456,7056,-1083,-256,228,-13228,-6464,6436,7,221,-90,0
2795.426661968231,7924,7612,11212,-181,-251,55,7164,-8124,11320,-29,232,-506,-13232,3464,7292,-935,-245,-33,-13556,-6520,6456,-75,243,-118,0
2795.4602489471436,8044,7616,11104,-209,-162,87,7264,-8000,11296,31,219,-217,-13236,3468,7132,-907,-512,-36,-13296,-6492,6584,-113,198,-96,0
2795.4938220977783,8040,7620,11132,-209,-129,78,7040,-8108,11488,68,277,-180,-13092,3532,7100,-969,-141,-86,-13400,-6596,6592,-242,176,-113,0
2795.527411937713,8096,7908,11116,-178,-119,92,7080,-7988,11272,-18,154,-180,-13088,3364,7164,-942,-97,-60,-13356,-6504,6604,-282,189,-130,0
2795.560694932937,8132,7576,10972,-173,-87,80,7088,-7976,11232,-30,160,-196,-13264,3472,6984,-899,-40,-50,-13256,-6456,6400,-334,179,-105,0
2795.5944409370422,8180,7728,10812,-194,-77,83,7176,-7860,11272,-73,160,-171,-13148,3524,7280,-836,-150,-23,-13232,-6456,6328,-186,197,-111,0
2795.6276600360866,8116,7556,11144,-168,-91,117,7224,-8084,11192,-45,219,-176,-13172,3480,6820,-899,-137,-35,-13360,-6488,6436,-309,146,-137,0
2795.6607620716095,8204,7636,11048,-243,-57,98,7144,-7972,11240,24,157,-166,-13204,3556,7012,-990,-36,-44,-13308,-6464,6628,-267,125,-118,0
2795.6941881179814,8060,7864,10984,-187,23,79,7332,-8036,11324,-59,77,-137,-13180,3560,7320,-963,-100,13,-13076,-6568,6596,-317,93,-152,0
2795.7277059555054,8068,7576,11100,-161,-43,50,7184,-8172,11292,-99,160,-146,-13196,3520,7188,-911,-71,8,-13216,-6460,6508,-223,3,-136,0
2795.7608680725098,8028,7616,11096,-285,-36,78,7368,-8008,11312,45,264,-138,-12824,3424,6764,-1101,82,-54,-13176,-6484,6604,-60,120,-61,0
2795.7945461273193,8188,7568,11172,-284,-115,110,7112,-8044,11024,38,186,-145,-13040,3572,7000,-1223,74,-20,-13332,-6668,6532,-4,122,-109,0
2795.8281309604645,8004,7592,11192,-185,-106,88,6936,-8088,11388,-22,162,-119,-13180,3556,7012,-1082,24,23,-13328,-6560,6692,-370,96,-169,0
2795.8616731166844,7996,7612,11260,-221,-41,128,7004,-8108,11332,5,151,-125,-13064,3532,7296,-1046,101,-9,-13228,-6532,6580,-11,29,-69,0
2795.894870996475,8000,7896,11208,-281,-102,162,7160,-7972,11496,48,74,-191,-13104,3456,6880,-1405,159,-68,-13560,-6536,6804,42,-382,-21,0
2795.9281511306763,8140,7516,11128,-251,-18,200,7120,-7988,11020,56,25,-197,-13140,3572,7100,-1376,313,-84,-13240,-6532,6396,-240,92,-58,0
2795.9618079662323,8152,7648,11248,-253,80,141,6956,-8164,11376,-163,73,-198,-13164,3468,7416,-1148,206,-68,-13332,-6428,6612,-63,109,-41,0
2795.9954681396484,8128,7580,11128,-270,64,85,7140,-8048,11284,-181,66,-209,-13120,3504,7164,-1214,146,-243,-13332,-6400,6744,-53,-147,-15,0
2796.0291039943695,8136,7632,11180,-342,154,130,7192,-8028,11208,-108,176,-134,-13208,3612,7092,-1088,9,-16,-13224,-6392,6428,-347,31,-117,0
2796.0623610019684,7924,7620,11284,-365,101,119,6984,-8064,11452,-47,149,-151,-13184,3488,7004,-1090,64,-59,-13116,-6204,6888,-368,89,-118,0
2796.0959990024567,7900,7488,11236,-283,104,118,7160,-8096,11268,-72,142,-123,-13104,3508,7308,-1020,16,-99,-13216,-6516,6764,-208,96,-79,0
2796.129478931427,7884,7540,11232,-369,189,193,7096,-8048,11312,-34,125,-162,-13100,3632,7088,-1021,-36,-63,-13176,-6308,7144,-308,189,-148,0
2796.1627340316772,7956,7468,11188,-459,235,221,7160,-8020,11332,58,167,-164,-12860,3480,7316,-950,-45,-70,-13196,-6352,6664,-374,343,-167,0
2796.19637298584,8072,7584,11220,-486,445,222,7124,-8080,11444,96,170,-177,-13136,3396,7344,-938,-175,-119,-13468,-6288,6612,-315,576,-148,0
2796.22979593277,8636,9104,12916,-443,596,190,6920,-8084,11288,115,211,-181,-13060,3520,7076,-840,-157,-143,-13564,-6452,6932,-751,394,-190,0
2796.2632801532745,7932,7592,11308,-320,271,106,7060,-8132,11364,48,177,-159,-13160,3540,7076,-770,49,-161,-13328,-6384,6868,-604,413,-156,0
2796.296905040741,8020,7564,11260,165,-75,36,7000,-7964,11328,-51,136,-181,-13036,3488,7444,-822,-16,-138,-13320,-6404,6632,-554,432,-128,0
2796.330395936966,7900,7492,11248,-120,-7,106,7100,-7988,11272,-57,206,-203,-13120,3620,7144,-879,178,-159,-13208,-6372,6804,-693,310,-68,0
2796.3676719665527,7940,7516,11208,77,-406,82,7364,-8044,11364,-83,136,-186,-13132,3812,7268,-892,218,-165,-13556,-6364,6148,-505,269,-72,0
2796.4028871059418,7980,7436,11452,-259,-88,178,7116,-7968,11344,42,164,-182,-13164,3496,7092,-900,195,-129,-13280,-6376,6632,-556,372,-92,0
2796.4385221004486,8080,7536,11492,-345,19,131,7056,-7992,11328,-83,194,-186,-12832,3428,7156,-874,169,-154,-13356,-6328,6444,-555,372,-102,0
2796.4738659858704,7956,7444,11108,-312,128,133,7060,-8104,11192,46,114,-191,-13308,3492,7000,-869,209,-119,-13316,-6380,6652,-547,367,-76,0
2796.5091469287872,7448,7660,12032,-463,764,199,7056,-8088,11296,89,62,-147,-13100,3472,7104,-904,288,-154,-13296,-6448,6516,-455,490,-79,0
2796.5445170402527,7944,7492,11352,-547,710,288,7072,-7940,11356,111,-31,-144,-13092,3532,7140,-844,376,-142,-13440,-6464,6436,-299,484,-74,0
2796.580232143402,7868,7500,11380,-427,631,322,7388,-8060,11456,-126,-94,-131,-13152,3500,7044,-969,333,-123,-13400,-6356,6776,-494,480,-81,0
2796.615483045578,7884,7484,11024,-15,56,227,7408,-7984,11500,-244,-226,-103,-13076,3432,7148,-1236,586,-93,-13080,-6264,6508,-626,91,-75,0
2796.6508080959325,7832,7428,11660,264,-148,249,7128,-8116,11096,-416,-422,-126,-13096,3832,7084,-1370,383,-106,-13568,-6388,6640,-705,105,-77,0
2796.685889005661,7864,7364,11248,81,-312,132,7404,-8084,11116,-267,-267,-120,-13236,3500,7376,-1282,438,-72,-13376,-6436,6380,-829,-264,-77,0
2796.721204996109,7932,7468,11284,19,-254,43,7212,-8200,11004,-240,-131,-131,-13328,3516,7212,-1009,243,-40,-13400,-6188,6380,-699,-199,-68,0
2796.756250143051,7844,7384,11380,-208,-240,145,7256,-8284,11068,-360,-50,-146,-13276,3488,7136,-1026,8,-72,-13312,-6396,6636,-675,86,-85,0
2796.7922630310054,7980,7500,11308,-126,-222,120,7216,-8064,11192,-357,-45,-157,-13212,3396,7144,-1072,-252,-82,-13504,-6424,6708,-685,84,-138,0
2796.827600955963,7832,7484,11412,-145,-121,105,7208,-8128,11076,-422,33,-136,-13132,3468,7224,-1182,204,-117,-13336,-6488,6652,-682,-11,-104,0
2796.8634209632874,7876,7392,11068,-120,-51,115,7224,-8180,11048,-185,81,-142,-13140,3332,7048,-852,126,-141,-13288,-6328,6476,-650,78,-114,0
2796.899181127548,7948,7336,11460,-240,90,108,7284,-8140,11088,-38,167,-155,-13216,3456,7120,-1174,81,-110,-13360,-6472,6572,-526,74,-82,0
2796.934214115143,7956,7660,11132,-211,213,95,7332,-8396,11444,-4,116,-115,-13252,3480,6992,-1310,237,-159,-13344,-6392,6592,-528,30,-80,0
2796.9696130752563,7876,7492,11460,-124,166,77,7340,-8088,11128,1,111,-134,-13176,3332,6920,-1345,310,-138,-13192,-6452,6496,-408,95,-99,0
2797.005700111389,7880,7472,11096,-287,127,82,7244,-8092,11352,9,152,-171,-13172,3392,7040,-1200,192,-109,-13236,-6608,6520,-435,138,-86,0
2797.0392150878906,8140,7592,11284,-201,66,78,7324,-8136,11088,-74,120,-149,-13284,3408,7136,-1267,240,-64,-13328,-6460,6596,-451,161,-103,0
2797.0725729465485,7868,7424,11476,-236,40,63,7264,-8448,11372,50,175,-160,-13244,3496,7172,-1329,224,-96,-13332,-6656,6476,-442,211,-139,0
2797.1063690185547,7872,7504,11152,-281,6,76,7232,-8044,11228,120,169,-156,-13188,3328,7112,-1225,129,-62,-13328,-6164,6708,-470,252,-106,0
2797.1395819187164,8076,7644,11432,-259,12,103,7200,-8092,11144,106,212,-163,-13232,3408,7156,-1196,150,-86,-13488,-6292,6836,-431,279,-103,0
2797.1727950572968,7828,7336,11440,-318,-68,89,7180,-8176,11344,138,179,-180,-13552,3408,6948,-1151,107,-54,-13444,-6152,6636,-488,242,-70,0
2797.2064549922943,7844,7424,11328,-222,-26,130,7040,-8180,11036,15,139,-93,-13196,3580,7136,-1129,88,-3,-13112,-6364,6664,-462,137,-77,0
2797.239988088608,7912,7584,11360,-176,-63,115,7244,-7944,11484,-32,155,-102,-13232,3424,7132,-1066,74,-29,-13268,-6352,6520,-490,134,-96,0
2797.273555994034,7820,7664,11720,-180,-41,125,7144,-8184,11348,-121,146,-148,-13164,3364,7152,-1073,117,-72,-13304,-6368,6464,-480,178,-144,0
2797.307356119156,7744,7460,11356,-138,-50,87,7312,-8228,11168,-88,148,-145,-13168,3424,7092,-1051,3,-111,-13436,-6372,6576,-456,149,-137,0
2797.3410260677338,7908,7500,11440,-128,-12,94,7324,-8224,11212,-8,165,-172,-13216,3400,7032,-1052,255,-70,-13268,-6236,6524,-430,184,-146,0
2797.374144077301,7784,7380,11460,-186,-64,91,7232,-8208,11012,-254,145,-208,-13168,3216,7096,-1006,48,-80,-13292,-6280,6644,-435,181,-129,0
2797.40743803978,7820,7400,11380,-127,-122,77,7224,-8072,11104,-76,168,-212,-13164,3352,6932,-1035,9,-101,-13352,-6384,6560,-467,171,-135,0
2797.441129922867,7828,7412,11432,-148,-125,112,7256,-8180,11244,-85,144,-200,-13248,3420,7272,-1022,25,-123,-13404,-6380,6496,-475,175,-113,0
2797.4745531082153,7840,7392,11448,-153,-165,116,7268,-8116,11240,-45,164,-188,-13132,3348,6960,-1277,-23,-105,-13076,-6152,6524,-541,198,-159,0
2797.508157014847,7776,7456,11356,-122,-136,110,6964,-8176,11240,-23,172,-193,-13144,3380,7060,-940,28,-51,-13364,-6328,6616,-507,124,-151,0
2797.541713953018,7808,7500,11296,-166,-129,101,7232,-8132,11228,-44,140,-189,-13252,3364,7208,-928,51,-47,-13416,-6424,6584,-464,82,-149,0
2797.5749630928044,8112,7404,11432,-167,-178,96,7304,-8224,11164,-76,129,-195,-13308,3432,7196,-945,252,-53,-13356,-6388,6416,-489,46,-172,0
2797.608498096466,7924,7480,11312,-182,-185,88,7412,-8384,11040,52,120,-167,-13160,3280,7028,-1004,-16,-92,-13232,-6496,6712,-425,54,-122,0
2797.6419200897217,7636,7496,11516,-136,-137,119,7180,-8152,11164,49,116,-217,-13048,3340,7148,-1031,86,-106,-13080,-6500,6660,-413,81,-127,0
2797.6752460002895,7884,7464,11424,-143,-211,128,7416,-8148,11260,-32,80,-242,-13232,3340,7264,-1031,95,-83,-13488,-6636,6560,-458,101,-96,0
2797.7088029384613,8188,7460,11260,-147,-208,150,7272,-8124,11140,-100,106,-190,-13176,3228,6904,-976,70,-32,-13512,-6388,6396,-394,255,-77,0
2797.742285013199,8080,7440,11140,-154,-57,125,7356,-8052,11116,-58,112,-138,-13284,3300,7060,-770,79,-21,-13388,-6384,6384,-362,72,-114,0
2797.7757580280304,7912,7336,11420,-192,247,90,7376,-8200,11232,-33,181,-121,-13380,3324,7140,-1039,254,19,-13396,-6504,6556,-389,46,-175,0
2797.808948993683,7952,7496,11452,-218,-31,56,7292,-8188,11308,1,171,-151,-13312,3416,7216,-1003,-7,-22,-13336,-6376,6588,-396,39,-175,0
2797.8425500392914,7872,7528,11464,-186,-67,79,7224,-8232,11324,254,153,-188,-13172,3088,7096,-1046,51,-117,-13112,-6288,6532,-451,151,-118,0
2797.8757979869843,7752,7672,11332,-168,-148,97,6928,-8380,11084,-9,172,-191,-13172,3452,7088,-1029,56,-92,-13260,-6176,6856,-413,145,-95,0
2797.9090490341187,7764,7444,11388,-156,-149,97,6912,-8432,11032,32,140,-195,-13032,3448,7096,-985,97,-43,-13268,-6432,6656,-464,141,-95,0
2797.942505121231,7792,7516,11392,-220,-154,152,7104,-8156,11172,-22,89,-189,-13084,3400,7288,-1048,113,-42,-13264,-6336,6724,-469,100,-84,0
2797.9759299755096,7764,7492,11532,-181,-172,171,7216,-8216,11044,-30,117,-171,-13164,3380,7040,-990,96,-77,-13460,-6624,6604,-398,93,-81,0
2798.009215116501,7820,7484,11448,-197,-169,141,7168,-8096,11200,19,178,-209,-13228,3452,7232,-1016,14,-51,-13308,-6400,6548,-357,232,-108,0
2798.0458500385284,7916,7376,11476,-170,-158,88,6936,-7944,11112,-13,202,-202,-13248,3360,7328,-964,6,-87,-13360,-6472,6404,-486,219,-118,0
2798.081810951233,7860,7508,11180,-168,-178,87,7280,-8144,11280,-20,179,-237,-13208,3388,7116,-933,83,-105,-13192,-6304,6600,-477,138,-101,0
2798.1173939704895,7968,7652,11516,-159,-144,97,7244,-8100,11028,-22,123,-230,-13220,3308,7096,-922,127,-61,-13400,-6364,6564,-480,129,-109,0
2798.152825117111,7900,7480,11160,-156,-146,135,7392,-8108,11160,-21,117,-184,-13204,3344,7164,-968,101,-107,-13404,-6372,6404,-418,103,-78,0
2798.1885890960693,7960,7192,11140,-234,-74,133,7232,-8100,11192,-40,122,-174,-13192,3096,7080,-929,66,-14,-13336,-6352,6488,-441,63,-120,0
2798.223999977112,7736,7416,11020,-287,-58,126,7220,-8144,11180,-47,114,-156,-13120,3392,6976,-891,123,-62,-13388,-6560,6572,-404,86,-141,0
2798.259202003479,7892,7436,11536,-145,-120,91,6988,-8448,11212,-14,164,-190,-13160,3376,7220,-689,133,-30,-13440,-6508,6516,-500,128,-158,0
2798.2941849231725,7764,7432,11392,-172,-175,116,7164,-8264,11204,6,176,-199,-13136,3476,7136,-585,159,-50,-13304,-6364,6656,-584,196,-110,0
2798.329805135727,7888,7512,11440,-210,-163,137,7140,-8392,11140,26,120,-221,-13100,3396,7296,-657,197,-66,-13400,-6336,6868,-541,132,-129,0
2798.3649859428406,7848,7220,11492,-264,-148,145,7240,-8164,11160,16,135,-216,-13132,3532,7052,-678,205,-91,-13244,-6332,6788,-459,91,-96,0
2798.4006979465485,7900,7452,11428,-210,-49,144,7256,-7996,10904,16,126,-188,-13232,3628,7088,-799,160,-36,-13312,-6348,6540,-475,74,-128,0
2798.4371731281285,7992,7388,11348,-170,-93,116,7272,-8124,11188,72,177,-142,-13236,3488,7180,-859,147,-55,-13364,-6324,6592,-465,86,-115,0
2798.4723539352417,7844,7444,11392,-9,-43,109,7256,-8164,11388,27,157,-206,-13024,3448,7196,-931,130,-99,-13164,-6468,6728,-432,78,-138,0
2798.5082881450653,7896,7444,11408,-246,-90,108,7248,-8028,11232,7,196,-182,-13124,3380,7268,-970,128,-90,-13368,-6504,6596,-447,87,-104,0
2798.5432410240173,7980,7204,11328,-250,-94,76,7212,-8112,11160,32,208,-195,-13216,3460,7076,-1009,106,-131,-13248,-6424,6584,-471,82,-163,0
2798.579379081726,8184,7508,11268,-226,-129,114,7084,-8024,11144,-8,154,-182,-13068,3424,6964,-1280,92,-68,-13380,-6452,6688,-454,7,-115,0
2798.6148200035095,8148,7532,11124,-170,-84,98,7224,-8024,11120,-87,147,-146,-13164,3476,7124,-1017,135,-21,-13072,-6196,6448,-468,27,-147,0
2798.650490999222,7932,7664,11332,-241,18,111,7276,-8160,11092,-56,172,-183,-13104,3424,6960,-1005,115,6,-13204,-6232,6740,-462,89,-102,0
2798.6870899200444,7848,7420,11364,-178,-47,114,7136,-8132,11188,-52,134,-154,-13144,3412,7324,-1007,100,-73,-13300,-6488,6736,-476,56,-102,0
2798.720559120178,7856,7492,11276,-162,-31,154,7172,-8152,11152,-86,70,-126,-13308,3496,7196,-1018,139,-74,-13408,-6532,6776,-432,-256,-129,0
2798.754240989685,7932,7528,11220,-170,-61,113,7156,-8052,11388,-135,139,-148,-13304,3460,7232,-937,140,-47,-13524,-6304,6540,-431,22,-129,0
2798.787729024887,8032,7344,11300,-176,-248,127,7220,-8120,11068,-38,147,-156,-13136,3480,7076,-930,18,-48,-13088,-6296,6524,-474,13,-123,0
2798.821295976639,8040,7304,11284,-206,-77,103,7292,-8068,11196,-253,185,-109,-13168,3436,7200,-1032,47,-6,-13192,-6376,6900,-456,-4,-114,0
2798.854854106903,7824,7324,11440,-237,-252,98,7120,-8200,11220,-2,155,-175,-13160,3564,7252,-1018,125,-128,-13232,-6204,6772,-423,100,-115,0
2798.888170003891,7780,7668,11744,-205,-121,119,7096,-8216,11264,21,94,-215,-13096,3524,7372,-984,152,-177,-13232,-6332,6808,-435,158,-99,0
2798.9219059944153,8176,7380,11328,-146,-127,135,7212,-8152,11204,-80,87,-210,-13240,3456,7152,-999,130,-131,-13412,-6372,6604,-451,144,-103,0
2798.9555170536046,7888,7356,11364,-150,-150,119,7260,-8028,11064,-37,151,-189,-13148,3504,7048,-971,93,-84,-13320,-6472,6700,-435,103,-110,0
2798.9892439842224,7864,7472,11320,-187,-76,115,7244,-8156,11208,-72,177,-178,-13200,3728,7192,-917,61,-38,-13128,-6656,6668,-479,74,-136,0
2799.0229110717773,7936,7460,11424,-216,-76,98,7356,-8088,11064,-75,184,-172,-13168,3412,6976,-956,71,-59,-13096,-6400,6672,-458,83,-118,0
2799.0565569400787,7808,7240,11188,-177,-92,86,6968,-8124,11128,-73,160,-201,-13248,3536,7052,-947,69,-115,-13300,-6360,6648,-478,105,-104,0
2799.0903100967407,8152,7364,11376,-179,-106,91,7260,-8160,11144,-54,104,-187,-13220,3432,7068,-959,106,-95,-13348,-6180,6620,-489,97,-113,0
2799.1239490509033,8172,7484,11272,-154,-89,108,7216,-8152,10980,-56,149,-174,-13296,3456,6952,-944,84,-86,-13540,-6160,6908,-527,60,-124,0
2799.157422065735,7788,7420,11284,-140,-41,83,7284,-8020,11164,-79,186,-164,-13164,3568,7076,-975,50,-82,-13276,-6636,6832,-475,76,-158,0
2799.1909401416774,7868,7456,11340,-165,-35,89,7160,-8120,11068,-105,148,-156,-13120,3572,7004,-1007,125,-109,-13060,-6476,6700,-434,76,-117,0
2799.2244350910187,7904,7476,11548,-127,-24,82,7220,-8100,11148,-111,145,-150,-13196,3408,6968,-1009,133,-91,-13344,-6408,6668,-487,101,-128,0
2799.2581050395966,8076,7408,11388,-104,-40,76,7240,-8192,11108,-165,181,-161,-13188,3468,7408,-1017,64,-99,-13208,-6316,6916,-522,80,-144,0
2799.291645050049,7880,7360,11260,-141,255,63,7212,-8168,11336,-150,170,-147,-13292,3500,7056,-964,89,-46,-13268,-6444,6732,-519,51,-167,0
2799.324937105179,7880,7468,11324,-84,-12,47,7212,-8152,11208,-170,172,-140,-13208,3480,7116,-928,96,-24,-13236,-6404,6816,-520,29,-147,0
2799.3585340976715,7932,7540,11024,-30,48,5,7228,-8220,11184,-194,160,-155,-13284,3520,7048,-850,130,-70,-13232,-6248,6708,-555,29,-191,0
2799.3917739391327,7964,7456,11212,-76,147,24,7132,-8152,11092,-189,170,-116,-13172,3492,6980,-966,98,-75,-13304,-6236,6784,-544,57,-155,0
2799.4254751205444,7844,7344,11444,-33,92,13,7248,-8120,11080,-162,191,-108,-13228,3532,7332,-982,56,-62,-13160,-6620,6816,-515,48,-192,0
2799.4590809345245,7900,7492,11328,-24,75,20,7228,-8188,11264,-210,150,-132,-13228,3480,7048,-1005,250,-68,-13236,-6176,6824,-509,34,-192,0
2799.4924490451813,7780,7488,11272,-5,106,20,7192,-8236,11168,-246,108,-112,-13120,3460,7200,-1037,33,-30,-13248,-6488,6708,-503,110,-184,0
2799.5260429382324,7816,7508,11132,7,64,43,7136,-8280,11220,-236,132,-133,-13184,3464,7284,-1056,42,-69,-13204,-6656,6764,-767,69,-166,0
2799.5595021247864,7536,7504,11360,-36,61,72,7084,-8164,11320,-228,43,-132,-13192,3328,7288,-1012,81,-87,-13156,-6180,6916,-538,76,-164,0
2799.5928320884705,7792,7592,11444,-36,55,54,7152,-8372,11212,-213,75,-145,-13044,3520,7144,-1042,73,-71,-13204,-6504,6708,-535,69,-110,0
2799.6264469623566,7840,7552,11232,-16,49,56,7132,-8264,11212,-214,96,-149,-13060,3620,7056,-1277,59,-61,-13208,-6416,6784,-533,61,-118,0
2799.6596829891205,7736,7508,11316,-46,41,43,7188,-8204,11020,-193,99,-144,-13160,3476,7380,-1070,26,-88,-13204,-6588,6772,-547,65,-92,0
2799.6928250789642,7892,7484,11340,-55,54,60,7216,-8232,11208,-161,49,-137,-13216,3344,7268,-1132,31,-84,-13196,-6648,6812,-485,67,-144,0
2799.7298130989075,7816,7636,11332,-67,22,88,6920,-8052,11132,-116,55,-155,-13212,3544,7164,-1090,52,-48,-13184,-6424,6760,-491,33,-81,0
2799.764976978302,7792,7488,11328,-77,-25,114,7156,-8348,11148,-102,101,-189,-13140,3572,7048,-1132,96,-91,-13256,-6376,7088,-467,30,-39,0
2799.80069899559,7772,7644,11408,-119,-19,135,7160,-8304,11160,-56,43,-190,-13180,3500,7028,-1111,130,-48,-13156,-6452,6884,-499,43,-35,0
2799.8371570110326,7872,7640,11464,-120,-117,153,7240,-8204,11144,-40,50,-173,-13200,3416,7080,-1053,165,-60,-13172,-6436,6656,-759,44,-62,0
2799.8728990554814,7776,7548,11260,-72,-97,137,7220,-8300,11160,-46,90,-190,-13080,3476,6980,-1127,122,-90,-13052,-6460,6776,-487,93,-77,0
2799.9083049297333,7720,7528,11296,-155,-86,130,7104,-8212,10752,8,171,-218,-13040,3520,7212,-1040,191,-109,-13256,-6296,6668,-592,180,-69,0
2799.962527036667,7708,7620,11284,-153,-139,160,7224,-8272,11068,52,121,-216,-13160,3504,6924,-981,183,-78,-13124,-6428,6452,-914,331,-85,0
2800.0090079307556,7880,7352,11888,-87,-146,168,7276,-8384,11096,70,34,-225,-13168,3500,7184,-988,249,-119,-13348,-6412,6732,-661,300,-89,0
2800.04599404335,7864,7568,11316,-129,-165,159,7224,-8244,11364,109,86,-219,-13244,3336,7128,-977,187,-145,-13344,-6492,6692,-545,371,-53,0
2800.081953048706,7776,7548,11436,-204,-236,146,7176,-8232,11016,62,135,-278,-13224,3536,7148,-1041,133,-130,-13204,-6344,6808,-567,332,-85,0
2800.1177060604095,7820,7464,11048,-235,-244,142,7328,-8312,11056,41,120,-237,-13208,3528,7028,-1052,138,-122,-13232,-6356,6720,-582,320,-76,0
2800.1530139446254,7876,7544,11160,-184,-228,179,7236,-8156,11108,73,124,-171,-13184,3524,7000,-999,168,-76,-13300,-6408,6716,-559,262,-100,0
2800.1893100738525,7832,7664,11112,-235,-145,161,7216,-8204,10976,100,102,-184,-13284,3376,6976,-990,171,-40,-13220,-6428,6864,-537,237,-71,0
2800.224496126175,7920,7648,11296,-208,-152,163,7412,-8244,11140,62,71,-193,-13176,3464,7060,-1035,170,-87,-13240,-6520,6608,-534,271,-96,0
2800.259747028351,7788,7532,11168,-186,-202,150,7276,-8372,11224,75,132,-222,-13240,3364,7156,-1066,178,-112,-13192,-6308,6692,-527,309,-65,0
2800.2954430580135,7852,7620,11248,-192,-208,204,7124,-8120,11128,130,108,-236,-13112,3524,6768,-1040,210,-117,-13240,-6416,6848,-489,326,-36,0
2800.337239980697,7824,7584,11184,-204,-198,190,7268,-8236,11104,106,83,-226,-13196,3448,7148,-1093,232,-124,-13244,-6360,6560,-411,339,-27,0
2800.374336004257,7992,7524,11280,-248,-114,155,7368,-8236,10984,83,106,-214,-13304,3472,7172,-1063,151,-77,-13256,-6424,6628,-485,308,-62,0
2800.4076640605927,7952,7560,11228,-220,-165,133,7352,-8188,11136,73,138,-202,-13208,3488,7196,-1273,110,-83,-13360,-6244,6636,-473,306,-99,0
2800.4412679672246,7984,7548,11164,-197,-90,127,7288,-8096,11164,3,98,-185,-13260,3356,7112,-1017,73,-59,-13224,-6488,6636,-446,264,-130,0
2800.4749200344086,7692,7580,11316,-203,-31,108,7352,-8180,11080,-256,130,-185,-13080,3548,7136,-963,-19,-70,-13264,-6332,6460,-432,309,-123,0
2800.50847196579,7880,7496,11364,-222,-47,73,7204,-8020,10864,25,172,-183,-13232,3388,7028,-919,-52,-51,-13136,-6260,6564,-426,283,-167,0
2800.5420200824738,7868,7488,11280,-231,-24,98,7272,-8140,11108,45,194,-163,-13220,3488,7152,-924,-42,-45,-13532,-6440,6648,-425,277,-133,0
2800.575427055359,7884,7488,11252,-246,250,117,7240,-8172,11008,45,146,-157,-13212,3356,7268,-1005,32,-2,-13284,-6328,6644,-370,292,-96,0
2800.6088190078735,7868,7484,11496,-218,16,102,7260,-8108,11140,27,159,-177,-13308,3432,7120,-988,82,-60,-13244,-6400,6820,-427,221,-112,0
2800.6422729492188,7888,7484,11372,-225,-15,74,7280,-8216,11188,-35,182,-176,-13120,3460,6940,-962,1,-62,-13216,-6656,6656,-473,221,-150,0
2800.6756200790405,8148,7504,11356,-186,-50,83,7136,-8100,11336,-25,146,-172,-13252,3504,7184,-986,-7,-49,-13472,-6316,6380,-453,204,-130,0
2800.709249019623,7984,7448,11292,-223,-44,92,7168,-8248,11140,-16,167,-193,-13188,3596,7024,-781,-23,-50,-13328,-6412,6888,-459,194,-146,0
2800.7423069477086,7784,7556,11028,-230,-48,71,7208,-8144,11172,-19,174,-176,-13104,3444,7212,-773,3,-54,-13368,-6216,6600,-452,119,-160,0
2800.7756221294403,7872,7472,11340,-187,8,65,7228,-8208,11172,-25,178,-151,-13224,3444,7096,-995,29,236,-13332,-6632,6604,-444,130,-164,0
2800.809242963791,7912,7536,11020,-200,-51,47,7240,-8188,11260,-41,180,-176,-13164,3544,7116,-1007,23,-31,-13548,-6348,6664,-454,158,-169,0
2800.842908143997,7944,7488,11472,-194,-7,51,7268,-8104,11116,-15,186,-124,-13192,3440,7044,-1055,33,-14,-13520,-6652,6540,-442,113,-133,0
2800.87620306015,7880,7548,11200,-155,16,102,7228,-8164,11312,-20,169,-122,-13152,3392,7092,-1011,40,-33,-13528,-6412,6768,-444,112,-125,0
2800.9095900058746,7904,7472,11500,-170,21,78,7184,-8064,11220,-47,198,-153,-13192,3520,7328,-1026,56,227,-13384,-6268,6596,-452,39,-147,0
2800.9430570602417,7884,7556,11408,-169,24,89,7240,-7944,11152,-70,164,-154,-13172,3464,7356,-1007,49,-36,-13268,-6176,6576,-444,93,-159,0
2800.976470947265,7832,7584,11236,-159,251,68,7224,-8140,11180,-32,181,-142,-13156,3540,6996,-1057,28,-35,-13436,-6376,6516,-453,131,-166,0
2801.010040998459,7844,7488,11204,-137,35,65,7372,-8180,11236,-19,182,-160,-13160,3416,7248,-1036,39,-44,-13236,-6452,6692,-458,116,-139,0
2801.043622970581,7860,7616,11336,-157,-26,82,7268,-8432,11200,-43,138,-177,-13072,3500,7340,-1025,44,-51,-13088,-6644,6660,-443,118,-114,0
2801.076858997345,7784,7496,11408,-182,-255,67,7144,-8140,11092,-43,154,-155,-13252,3536,7240,-1042,55,-59,-13348,-6348,6564,-432,134,-145,0
2801.1104440689087,7860,7528,11164,-169,-13,62,7192,-8180,11252,250,232,-157,-13180,3420,7316,-1055,27,-77,-13292,-6476,6648,-445,145,-175,0
2801.143741130829,7808,7608,11416,-174,-34,70,6912,-8152,11020,-3,178,-139,-13124,3476,7164,-1280,36,-80,-13192,-6624,6444,-436,129,-138,0
2801.1768920421605,7720,7552,11256,-175,-36,87,7208,-8128,11148,-62,193,-149,-13180,3420,7068,-1020,41,-85,-13300,-6440,6568,-478,117,-160,0
2801.210521936416,7772,7460,11108,-172,-87,87,7212,-8112,11172,-67,183,-168,-13124,3384,7004,-1024,-38,10,-13212,-6304,6536,-471,95,-169,0
2801.2437450885773,7820,7624,11384,-214,-147,104,7192,-8232,11132,-78,155,-160,-13060,3540,7176,-956,-7,-20,-13108,-6160,6884,-478,57,-144,0
2801.2772209644318,7752,7536,11296,-110,-47,85,7216,-8140,11196,-8,161,-173,-13104,3452,7328,-1030,48,-67,-13304,-6472,6624,-473,126,-149,0
2801.3107039928436,7788,7516,11252,-158,-51,64,7204,-7960,11196,-35,163,-177,-13164,3464,7220,-986,21,-74,-13236,-6336,6500,-482,125,-165,0
2801.3441810607906,8004,7560,11212,-145,-63,93,7376,-8140,11068,-54,159,-205,-13088,3412,7040,-1030,41,-30,-13236,-6180,6908,-471,126,-139,0
2801.377466917038,7784,7620,11408,-142,-60,77,6948,-8136,11196,-65,172,-167,-13112,3440,6952,-993,53,252,-13288,-6472,6660,-472,113,-134,0
2801.4145979881287,7724,7408,11152,-172,-62,129,7180,-8240,11260,-74,173,-163,-13040,3816,7096,-1031,64,-41,-13188,-6188,6644,-490,147,-115,0
2801.4504339694977,7796,7540,11396,-199,-79,114,7332,-8440,11088,2,159,-146,-12856,3544,7016,-1067,46,-35,-13200,-6428,6400,-504,138,-102,0
2801.485146045685,7836,7624,11188,-182,-83,128,7108,-8160,11220,-14,156,-172,-13012,3472,7412,-990,65,-104,-13252,-6520,6576,-483,142,-113,0
2801.520195007324,7816,7544,11560,-198,-136,105,7212,-8140,11380,13,135,-199,-13044,3536,7132,-1015,96,-111,-13312,-6364,6676,-476,200,-63,0
2801.5555479526524,7764,7564,11384,-194,-127,155,7240,-8004,11256,2,101,-203,-13284,3424,7148,-1053,87,-150,-13208,-6420,6776,-491,180,-62,0
2801.591334104538,7844,7636,11512,-173,-155,159,7180,-8136,11156,-2,109,-193,-13100,3476,7280,-1003,50,-67,-13336,-6460,6680,-473,141,-69,0
2801.6275639534,7784,7472,11400,-197,-146,144,6948,-8156,11120,-22,146,-188,-12996,3464,7168,-984,31,-70,-13508,-6168,6580,-466,150,-70,0
2801.662894964218,7948,7576,11348,-211,-109,139,7160,-8228,11108,-33,130,-199,-13100,3512,7224,-981,-12,-63,-13260,-6376,6612,-485,181,-67,0
2801.6977920532227,7720,7512,11276,-186,-121,152,7244,-8196,11204,32,163,-242,-13012,3436,7036,-1031,69,-144,-13320,-6348,6460,-505,261,-33,0
2801.733374118805,7792,7560,11292,-159,-123,167,7332,-8196,11032,62,100,-212,-12900,3504,7188,-1061,46,-134,-13300,-6492,6676,-460,271,-73,0
2801.768748998642,7792,7540,11352,-184,-186,160,7200,-8132,11348,98,116,-229,-13284,3440,7372,-1272,117,-149,-13560,-6628,6588,-465,254,-18,0
2801.8041319847107,7932,7496,11392,-187,-169,140,7272,-8128,11248,59,134,-245,-13188,3488,7176,-1056,73,-119,-13096,-6436,6496,-459,247,-59,0
2801.8398349285126,7888,7484,11344,-180,-183,136,7372,-8124,11092,18,142,-209,-13140,3520,7216,-775,64,-134,-13240,-6448,6636,-260,217,-112,0
2801.8750240802765,7916,7512,11300,-156,-152,154,6936,-8144,11080,2,90,-203,-13064,3496,7572,-1003,94,-89,-13196,-6604,6832,-472,180,-44,0
2801.9101800918575,8144,7528,11228,-134,-155,127,7188,-8152,11296,-22,86,-202,-13084,3352,7256,-1004,105,-120,-13292,-6416,6612,-510,164,-75,0
2801.9455001354218,7900,7564,11224,-112,-140,140,7088,-8056,11332,-69,27,-232,-13096,3504,7112,-944,141,-106,-13292,-6160,6500,-602,174,-72,0
2801.9809470176697,7896,7560,11508,-67,-191,138,7116,-8088,11252,-122,-23,-231,-13092,3484,7232,-940,72,-91,-13284,-6416,6716,-559,202,-63,0
2802.0161850452423,7852,7460,11308,-60,-338,128,7220,-8068,11064,-20,69,-237,-13024,3420,7336,-1015,54,-107,-13372,-6260,6616,-516,3,-74,0
2802.053328037262,7884,7564,11320,-149,-237,129,7036,-8128,11088,16,91,-221,-13192,3356,6944,-1007,114,-143,-13296,-6304,6556,-768,147,-86,0
2802.0867030620575,7884,7548,11276,-112,-260,159,7220,-8104,11032,-68,101,-235,-13096,3420,7300,-945,101,-83,-13352,-6612,6652,-508,73,-84,0
2802.1202480793,7932,7528,11296,-163,-219,129,7216,-8072,11208,-51,139,-192,-13100,3404,7512,-921,92,-80,-13360,-6440,6580,-486,79,-69,0
2802.1537289619446,8016,7584,11252,-144,-198,137,7292,-8188,11112,-52,101,-207,-12808,3520,7276,-950,94,-35,-13552,-6340,6612,-507,62,-83,0
2802.1872079372406,8024,7500,11216,-173,-154,129,7304,-8084,11452,-46,112,-201,-13116,3452,7108,-979,65,-95,-13492,-6392,6684,-428,58,-82,0
2802.2204511165614,7944,7468,11096,-217,-78,131,6924,-8060,11112,-58,95,-154,-13040,3420,7196,-920,75,-78,-13232,-6204,6636,-532,27,-123,0
2802.253793001175,8144,7652,11040,19,16,101,7312,-8096,11204,-328,253,-160,-13084,3552,6992,-1024,94,-33,-13428,-6360,6700,-639,-54,-167,0
2802.2871379852295,8016,7532,11356,33,-48,58,7312,-8248,11016,-129,154,-156,-13200,3520,7048,-789,120,-46,-13312,-6268,6580,-552,19,-144,0
2802.3205449581146,8080,7524,11016,-94,69,101,7388,-8112,11140,-149,159,-92,-13160,3436,7208,-889,108,-36,-13492,-6372,6528,-407,-22,-160,0
2802.3543009757996,8116,7484,11268,-229,-33,105,7312,-8056,11128,101,224,-121,-13032,3372,7272,-769,116,-35,-13324,-6168,6464,-370,71,-161,0
2802.387468099594,7928,7660,11292,-192,-89,36,7192,-8208,10904,-29,409,-154,-13264,3556,7280,-944,-186,-27,-13132,-6344,6720,-572,89,-223,0
2802.4206950664525,7708,7604,11152,35,42,3,7240,-8304,11084,-502,245,-159,-13068,3612,7344,-1026,-510,-72,-13168,-6648,6500,-618,88,-187,0
2802.45436000824,7976,7596,11408,-47,-42,31,7172,-8244,11040,-308,228,-175,-12996,3504,7712,-906,-502,-102,-13184,-6488,6628,-196,92,-157,0
2802.4877190589905,7848,7612,11284,130,-232,-6,6972,-8192,10956,-370,433,-223,-13036,3444,7076,-1061,-412,-95,-13244,-6444,6748,-340,-74,-177,0
2802.521188020706,8100,7568,11336,65,-507,-68,7344,-8172,11384,188,529,-260,-13164,3476,7000,-1356,-161,-89,-13436,-6204,7148,-155,-121,-121,0
2802.5547990798946,8008,7580,11132,-133,-178,-96,7244,-8144,11352,629,482,-216,-13072,3528,7240,-1726,47,-1,-13376,-6192,6424,-341,-310,-146,0
2802.5882420539856,8168,7596,11256,-399,-21,-128,7100,-8232,11236,621,371,-195,-12892,3440,7204,-1514,-84,45,-13156,-6420,6872,-702,-393,-270,0
2802.6216490268707,7780,7680,11084,-214,-57,-62,6988,-8108,11292,238,191,-109,-12936,3536,7320,-1246,-7,250,-13220,-6372,6836,-734,-471,-207,0
2802.6548941135406,7904,7752,11232,-108,-8,21,7136,-8156,11244,-52,-57,-114,-13004,3372,7432,-1207,105,48,-13252,-6460,6896,-842,-481,-189,0
2802.68833899498,7936,7660,11164,30,-110,-1,7096,-8088,11320,27,35,-102,-13024,3436,7456,-1197,278,71,-13292,-6204,6876,-952,-350,-163,0
2802.7219240665436,8180,7616,11488,-173,74,52,7264,-8044,11504,392,95,-118,-13080,3276,7196,-1347,399,-241,-13060,-6484,6864,-953,-190,-148,0
2802.7555379867554,7884,7464,11104,-211,222,44,7020,-8000,11232,417,89,-143,-13000,3348,7312,-1167,556,-52,-13036,-6480,6656,-533,-59,-129,0
2802.789171934128,7808,7700,11068,-158,182,30,7136,-8044,11096,179,58,-166,-13256,3376,7384,-989,645,-42,-13148,-6532,6868,-386,25,-105,0
2802.822658061981,7896,7492,11444,-31,74,65,7092,-8000,11212,-49,66,-153,-12960,3824,7560,-1030,413,-46,-13164,-6520,6900,-431,144,-112,0
2802.8560190200806,7836,7524,11316,-107,184,101,7056,-7984,11304,-17,154,-117,-12992,3504,7316,-994,294,-2,-13176,-6456,6756,-527,158,-131,0
2802.889219045639,7696,7684,11496,-145,132,103,7120,-7968,11080,252,205,-129,-13116,3356,7256,-966,322,-66,-13192,-6504,6816,-535,113,-122,0
2802.9228179454803,7784,7728,11268,-86,74,79,7148,-8060,11168,3,184,-143,-13144,3408,7300,-998,309,-60,-13144,-6440,6784,-544,83,-131,0
2802.9564769268036,7892,7900,11460,-113,85,61,7172,-8056,11244,-80,161,-121,-13296,3612,7344,-951,5,-35,-13160,-6468,6988,-570,73,-157,0
2802.9899511337285,7708,7436,11048,-91,146,45,7028,-8052,11308,-63,172,-127,-12812,3348,7304,-923,304,-40,-13148,-6448,6700,-529,69,-166,0
2803.0234780311584,7788,7604,11240,-93,91,40,6988,-8052,11220,-62,173,-141,-13064,3496,7236,-909,289,-98,-13144,-6620,6896,-525,114,-126,0
2803.0569310188293,7816,7424,11464,-73,29,52,7108,-8132,11284,-123,135,-147,-13184,3476,7356,-880,266,-69,-13172,-6620,7092,-497,100,-130,0
2803.0941021442413,7724,7512,11240,-78,-15,62,7080,-8100,11184,-141,145,-150,-12952,3496,7616,-889,205,-48,-13172,-6464,6936,-457,155,-115,0
2803.1288969516754,7824,7720,11212,-94,-256,55,7344,-8012,11404,-129,130,-143,-12860,3440,7272,-923,184,-104,-13100,-6384,7104,-448,102,-168,0
2803.1641199588776,7844,7436,11252,-78,-11,53,7148,-8056,11276,-102,122,-146,-13096,3376,7268,-931,116,-55,-13216,-6448,6860,-434,123,-157,0
2803.2004101276398,7452,7924,11028,-80,-14,61,7132,-8004,11500,-133,117,-146,-12836,3572,7304,-954,53,-83,-13216,-6448,6848,-383,156,-124,0
2803.2355351448055,7720,7752,11224,-105,-10,68,7088,-8016,11108,-66,130,-149,-13036,3492,7304,-1011,63,-45,-12968,-6428,6984,-372,158,-133,0
2803.271224975586,7516,7776,11248,-108,-8,69,7152,-8176,11332,-121,87,-150,-13012,3508,7196,-894,19,-86,-13180,-6248,6788,-407,162,-121,0
2803.3072731494904,7744,7716,11256,-93,-83,94,7056,-8132,11244,-172,93,-173,-13160,3472,7304,-959,-8,-86,-12916,-6544,6868,-379,172,-116,0
2803.3422939777374,7736,7840,11164,-105,-71,87,7128,-8152,11084,-149,19,-136,-13096,3464,7240,-945,-36,-18,-13160,-6228,6960,-390,174,-132,0
2803.378149986267,7664,7772,11184,-97,-62,122,7420,-8088,11192,-122,101,-158,-13104,3500,7196,-991,-44,-83,-13216,-6428,6940,-379,157,-121,0
2803.413236141205,7784,7736,11412,-92,-53,88,7168,-8188,11180,-136,77,-138,-13108,3368,7456,-991,-95,-16,-13144,-6392,6764,-391,103,-135,0
2803.448785066604,7680,7892,11092,-79,-13,101,7136,-8244,11080,-99,52,-172,-13264,3600,7380,-1086,-40,-87,-13092,-6360,6956,-366,77,-122,0
2803.4842240810394,7708,7808,11316,-113,-42,108,7020,-8224,11208,-89,100,-161,-13120,3372,7252,-1077,14,-47,-13028,-6420,7016,-370,139,-145,0
2803.5198581218724,7660,7676,11244,-137,-74,116,7112,-8136,11060,-72,116,-212,-13164,3456,7328,-1090,46,-73,-13360,-6380,6960,-336,137,-85,0
2803.5554349422455,7680,7668,11360,-154,-78,148,7104,-8188,10992,-49,110,-186,-12816,3564,7252,-1092,86,-128,-13172,-6492,6896,-325,206,-101,0
2803.590672969818,7672,7792,11264,-167,-74,163,7396,-8404,11080,-1,117,-188,-12984,3496,7240,-1080,94,-149,-13156,-6464,7084,-290,199,-73,0
2803.625694990158,7696,7792,11184,-173,-104,180,7120,-8112,11452,-11,129,-179,-12916,3508,7284,-1067,98,-101,-13204,-6540,6884,-320,233,-62,0
2803.6612601280212,7760,7792,11284,-190,-101,170,7344,-8156,11132,13,119,-185,-13164,3512,7372,-1072,56,-108,-13296,-6516,7004,-273,213,-89,0
2803.6962361335754,7816,7808,11084,-176,-57,171,7276,-8200,11288,23,126,-163,-13128,3420,7404,-1052,140,-121,-13128,-6324,6660,-309,214,-117,0
2803.7336900234222,7728,7768,11200,-5,-81,147,7160,-8236,11276,44,141,-177,-13284,3356,7392,-1042,94,-121,-13052,-6444,7124,-319,218,-82,0
2803.767357110977,7760,7776,11364,-185,-59,163,7164,-7996,11252,77,200,-140,-13112,3340,7460,-1071,111,-165,-13176,-6524,6672,-352,245,-110,0
2803.8005220890045,7424,7800,11208,-178,-69,136,7256,-8392,11300,77,250,-175,-13108,3580,7304,-1012,88,-134,-13144,-6640,6872,-383,311,-114,0
2803.8342089653015,7804,7828,11268,-244,-59,142,7200,-8156,11636,70,-18,-178,-13064,3480,7300,-1063,151,-135,-13144,-6336,6944,-386,330,-67,0
2803.8676660060883,7856,7744,11504,-242,-85,200,6992,-8124,11308,93,135,-140,-13180,3512,7364,-1043,215,-125,-13272,-6408,6780,-358,253,-48,0
2803.9010751247406,7712,7744,11272,-272,-20,203,7080,-8120,11284,118,155,-123,-13048,3464,7284,-1266,213,-109,-13156,-6428,7064,-300,198,-106,0
2803.934720039368,7888,7700,11236,-317,-12,217,7096,-8084,11232,84,98,-135,-13092,3512,7368,-957,187,-100,-13244,-6340,6756,-271,3,-68,0
2803.9682779312134,7680,7708,11148,-260,-12,207,7164,-8140,11172,115,96,-186,-13032,3460,7236,-1277,204,-134,-13068,-6400,6792,-512,296,-57,1
2804.0018839836125,7660,7704,11276,-283,-93,231,7096,-7960,11160,121,83,-239,-13080,3516,7116,-1049,229,-110,-13128,-6284,6952,-310,318,-42,1
2804.035532951355,7740,7444,11492,-512,-96,246,7096,-8056,11192,128,128,-221,-13164,3384,7336,-1006,229,-68,-13224,-6396,6804,-358,327,-60,1
2804.0691339969635,7480,7716,11052,-288,-103,210,7232,-8044,11264,145,22,-245,-13052,3516,7332,-1039,182,-127,-13060,-6392,6776,-239,237,-34,1
2804.1023230552673,7728,7696,11452,-205,-51,190,6940,-8080,11252,100,23,-211,-13068,3456,7356,-979,191,-152,-13168,-6380,6904,-443,333,-55,1
2804.135558128357,7828,7652,11232,-310,-83,200,7176,-7688,11168,118,50,-231,-13132,3252,7328,-1273,111,-96,-13080,-6440,6812,-328,329,-58,1
2804.1691241264343,7764,7640,11268,-373,-48,187,7088,-8072,11308,123,77,-204,-13072,3328,7212,-951,92,-87,-13264,-6656,7080,-279,338,-55,1
2804.2028119564056,7720,7652,11260,-336,-45,166,7216,-7960,11272,84,190,-214,-13112,3572,7284,-1008,46,-131,-13100,-6288,6704,-509,386,-52,1
2804.2364580631256,7752,7452,11196,-318,-67,164,7048,-8000,11396,104,38,-219,-13132,3348,7388,-1005,131,-110,-13292,-6340,6792,-334,362,-28,0
2804.2698359489445,7772,7604,11064,-272,-98,191,7248,-8040,11044,110,272,-205,-13124,3432,7652,-947,102,-104,-13236,-6280,6780,-320,369,-77,0
2804.303111076355,7688,7636,11476,-231,-81,152,7168,-7936,11204,70,117,-209,-13044,3420,7004,-911,33,-113,-13084,-6208,6888,-273,348,-88,0
2804.33682012558,7808,7576,11128,-207,-44,174,7184,-7968,11276,52,20,-189,-13068,3340,7280,-1025,95,-120,-13244,-6208,6860,-319,346,-79,0
2804.370401144028,7716,7652,11444,-209,-21,137,6956,-8004,11020,17,25,-208,-13152,3432,7160,-987,65,-106,-13284,-6212,6784,-368,298,-117,0
2804.403685092926,7856,7436,10976,-145,37,104,6932,-7960,11232,6,76,-162,-13212,3360,6984,-939,42,-37,-13392,-6180,6736,-428,236,-159,0
2804.437464952469,7772,7516,11008,-155,51,72,7176,-8060,11468,24,124,-130,-13076,3340,7400,-978,-1,-62,-13248,-6280,6736,-450,237,-178,0
2804.471101999283,7820,7580,11304,-195,69,64,7224,-7892,11340,32,66,-167,-13068,3344,7404,-948,-7,-17,-13332,-6216,6704,-445,211,-162,0
2804.5045270919804,7512,7648,11384,-116,107,69,7220,-7912,11252,-21,84,-168,-13060,3392,7232,-901,-16,-12,-13280,-6200,6712,-513,126,-180,0
2804.538181066513,7776,7728,11380,-138,37,40,7164,-8060,11264,-63,33,-186,-13096,3540,7164,-881,-39,-49,-13348,-6240,6756,-544,132,-186,0
2804.5717210769653,7632,7596,11308,-89,68,52,7232,-8024,11500,-164,85,-107,-13124,3428,7224,-859,-15,-23,-13288,-6304,6872,-606,43,-167,0
2804.605232000351,7664,7608,11276,-50,124,60,7300,-7956,11292,-102,59,-118,-13184,3372,7244,-868,-47,17,-13196,-6320,6724,-760,39,-204,0
2804.6386280059814,7552,7840,11384,-253,120,53,7140,-8020,11164,-162,100,-131,-13096,3372,7384,-821,-33,-6,-13264,-6352,6800,-672,35,-219,0
2804.671987056732,7648,7652,11376,-94,181,37,7248,-8112,11284,-197,46,-160,-13120,3432,7232,-856,1,-34,-13276,-6372,6844,-711,3,-11,0
2804.705598115921,7728,7640,11308,-18,61,42,7212,-8068,11352,-179,64,-177,-13248,3504,7224,-905,15,-24,-13328,-6236,6752,-697,58,-233,0
2804.7387819290166,7780,7692,11452,-58,58,45,6936,-7992,11484,-121,55,-171,-12812,3432,7260,-873,23,-30,-13212,-6284,6716,-663,120,-210,0
2804.7759580612183,7644,7656,11148,-54,-39,29,7160,-8064,11132,-162,87,-191,-12868,3464,7252,-913,251,-136,-13276,-6304,6756,-604,104,-201,0
2804.8113050460815,7580,7628,11340,-65,-74,56,7348,-7984,11220,-167,86,-204,-13208,3448,7336,-903,42,-78,-13072,-6340,6844,-601,75,-171,0
2804.847378015518,7804,7692,11132,-76,-52,57,7276,-8072,11336,-160,65,-208,-13132,3440,7400,-972,82,-75,-13196,-6416,6932,-584,121,-155,0
2804.882252931595,7428,7920,11172,-103,-68,56,7300,-8120,11280,-164,56,-137,-13084,3464,7200,-906,42,-44,-13272,-6384,6736,-606,139,-167,0
2804.917520046234,7660,7720,11364,-92,-64,53,7236,-8048,11272,-190,125,-130,-13048,3436,7352,-966,42,-50,-13216,-6424,6816,-767,148,-162,0
2804.9530920982365,7916,7692,11024,-127,-55,56,7244,-8112,11272,-189,134,-170,-12992,3548,7292,-971,52,-51,-13168,-6228,6824,-483,158,-166,0
2804.9887869358063,7680,7724,11436,-122,-45,79,7180,-8124,11276,-165,121,-145,-12952,3428,7384,-974,63,-63,-13312,-6332,6668,-521,165,-141,0
2805.023900985718,7628,7832,11292,-111,-54,72,7232,-8112,11192,-134,62,-129,-13056,3668,7248,-953,152,-65,-13184,-6160,6800,-499,142,-136,0
2805.059490919113,7664,7804,11284,-93,-91,102,7232,-8096,11228,-173,87,-155,-13036,3472,7184,-799,252,-94,-13188,-6448,6752,-569,157,-155,0
2805.0950100421906,7440,7748,11128,-55,-196,91,7228,-8168,11072,-218,80,-184,-12996,3504,7304,-843,200,-89,-13212,-6288,6680,-451,185,-123,0
2805.1307270526886,7572,7760,11400,-78,-219,119,7292,-8152,11160,-192,112,-179,-13056,3528,7316,-884,136,-29,-13076,-6344,6760,-408,290,-126,0
2805.1656091213226,7680,7836,11440,-105,-228,100,7144,-8180,11200,-126,91,-169,-13092,3560,7208,-928,87,-97,-13192,-6416,6760,-389,302,-124,0
2805.2013571262364,7428,7772,11328,-72,-194,98,7180,-8180,11096,-168,30,-147,-13092,3512,7380,-857,22,-77,-13376,-6384,6868,-304,299,-167,0
2805.237394094467,7468,7680,11284,2,-228,106,7356,-8316,11112,-505,-122,-198,-13204,3372,7420,-879,-44,-68,-13252,-6372,6792,-245,376,-163,0
2805.2728769779205,7696,7792,11676,-97,-272,113,7276,-8188,10936,-512,-36,-153,-12896,3452,7204,-873,-190,-58,-13164,-6296,6688,-319,395,-186,0
2805.3076379299164,7624,7704,11464,-163,-289,87,7204,-8416,10776,-461,145,-158,-13308,3540,7224,-817,-245,-118,-13220,-6340,7048,-347,475,-193,0
2805.347212076187,7708,7724,11232,-94,-190,77,7156,-8232,11168,-285,193,-125,-12976,3652,7304,-793,-253,-106,-13252,-6352,6776,-173,498,-136,0
2805.3826739788055,7604,7784,11340,-26,-143,121,7224,-8148,11016,-315,210,-104,-12976,3624,7276,-676,-88,-158,-13252,-6428,6736,-98,448,-79,0
2805.4186849594116,7700,8112,11208,64,-240,127,7304,-8140,11072,-248,156,-166,-13008,3476,7432,-747,262,-77,-13480,-6188,6884,-169,205,-34,0
2805.4522569179535,7728,7680,11148,87,-345,135,7244,-8292,11072,-380,80,-234,-12952,3452,7576,-791,421,-85,-13276,-6440,6660,-365,313,-28,0
2805.485775947571,7800,7872,11496,-124,-270,99,7256,-8272,10876,-87,187,-221,-12980,3804,7344,-918,465,-101,-13216,-6456,6664,-425,233,-15,0
2805.5192661285405,7728,7796,11352,-235,-334,104,7328,-8372,11180,-200,286,-512,-12984,3620,7252,-855,266,-130,-13288,-6352,6700,-475,461,-69,0
2805.5529029369354,7796,7872,11156,-161,-434,64,7228,-8348,11028,-303,350,-256,-13220,3740,7332,-803,162,-152,-13368,-5960,6864,-527,305,-88,0
2805.586697101593,7868,7736,11104,-118,-416,62,7240,-8316,10804,-281,343,-197,-12816,3692,7324,-915,170,-173,-13252,-6256,6656,-494,311,-63,0
2805.620180130005,7880,7528,11056,-129,-428,123,7200,-8316,10968,-234,360,-206,-13112,3592,7120,-981,222,-134,-13568,-6388,6808,-492,327,-60,0
2805.6533310413365,7824,7768,11240,-127,-389,128,7260,-8352,11128,-135,341,-238,-13260,3348,6952,-972,187,-180,-13560,-6312,6704,-535,268,-48,0
2805.6869361400604,7752,7876,11112,-218,-497,107,7212,-8264,11184,-107,436,-225,-13096,3580,7284,-963,109,-192,-13320,-6248,6700,-518,374,-36,0
2805.720468044281,7848,7792,11052,-181,-391,98,7176,-8308,11284,-61,388,-223,-13248,3568,7136,-1002,118,-165,-13364,-6356,6596,-496,332,-53,0
2805.754070997238,7876,7832,11064,-266,-415,119,7156,-8356,10968,37,282,-223,-13044,3684,7296,-1004,110,-119,-13128,-6308,6708,-478,315,-50,0
2805.787477016449,7880,7884,11024,-289,-297,157,7176,-8384,11104,18,253,-178,-13100,3604,7200,-1057,130,-66,-13304,-6320,6588,-440,232,-62,0
2805.8209960460663,7692,7772,11244,-276,-176,148,7080,-8388,11200,22,205,-180,-13104,3560,7336,-1083,180,-121,-13408,-6336,6712,-484,239,-69,0
2805.8544161319733,7988,7820,10908,-288,-162,154,7136,-8404,11248,53,206,-156,-12888,3832,7216,-1137,162,-95,-13348,-6260,6756,-470,154,-45,0
2805.8876819610596,7868,7756,11164,-290,-185,152,6984,-8392,11108,73,128,-215,-13164,3624,7236,-1197,151,-101,-13308,-6228,6596,-496,225,-74,0
2805.9211649894714,7840,7776,11068,-291,-218,158,7080,-8368,11104,117,143,-222,-13084,3488,7080,-1185,146,-88,-13336,-6360,6424,-491,214,-88,0
2805.9547390937805,7712,7836,10912,-241,-263,133,7108,-8248,11116,119,200,-251,-13132,3648,7304,-1202,162,-124,-13452,-6164,6548,-257,215,-86,0
2805.9882459640503,8008,7780,11104,-236,-322,138,7188,-8352,11148,104,161,-269,-13100,3520,7664,-1205,161,-142,-13416,-6280,6636,-493,208,-87,0
2806.0218350887294,8016,7832,10964,-253,-295,172,7168,-8284,11044,129,163,-204,-13148,3496,6984,-1123,104,-105,-13464,-6332,6444,-471,162,-85,0
2806.0554320812225,7732,7784,11152,-243,-255,185,7116,-8204,11104,48,107,-181,-13112,3464,7180,-1095,155,-68,-13400,-6216,6400,-471,87,-103,0
2806.088981151581,8008,7764,11192,-232,-509,157,7124,-8408,11180,24,93,-189,-13100,3560,7408,-1079,119,-29,-13256,-6252,6640,-530,74,-102,0
2806.1225941181183,7960,7844,10980,-199,-267,144,7132,-8308,11172,25,98,-209,-12876,3488,7400,-1110,140,-60,-13428,-6332,6484,-531,134,-77,0
2806.155786037445,8068,7772,11148,-146,-277,149,7236,-8256,11040,23,137,-214,-13020,3532,7304,-1123,156,-101,-13364,-6160,6568,-491,176,-67,0
2806.189399957657,8072,7640,11020,-136,-230,116,7260,-8208,10984,253,141,-212,-13132,3532,7108,-1143,225,-95,-13316,-6332,6544,-448,116,-130,0
2806.2229290008545,8080,7728,11064,-136,-219,117,7296,-8196,11136,32,157,-190,-13108,3528,7244,-1109,141,-33,-13336,-6164,6408,-419,115,-99,0
2806.256595134735,8016,7792,10804,-148,-150,64,7396,-8276,11172,-36,176,-185,-13184,3588,7100,-1122,154,-48,-13504,-6204,6512,-481,81,-151,0
2806.2900841236115,8100,7708,10988,-88,-132,72,7180,-8244,11300,-39,164,-190,-13196,3504,7116,-1110,127,-64,-13320,-6220,6504,-483,88,-138,0
2806.3236739635468,8124,7860,11096,-14,-159,52,7220,-8240,11272,-57,196,-167,-13092,3444,7288,-1099,174,-61,-13408,-6272,6556,-450,-84,-131,0
2806.356971025467,8648,7900,10932,-75,-144,50,7376,-8288,11092,-134,139,-162,-13112,3584,7276,-1099,171,-25,-13312,-6352,6600,-487,6,-118,0
2806.3901851177216,8072,7684,10912,-93,-25,41,7184,-8356,11068,-112,155,-142,-13104,3600,7296,-1142,129,-10,-13284,-6164,6888,-503,23,-151,0
2806.4236381053925,8160,7796,10872,-111,-6,63,6968,-8224,11220,-58,160,-144,-13148,3512,7288,-1055,125,-36,-13368,-6204,6432,-498,66,-148,0
2806.4615530967712,7972,7896,10756,-104,-19,66,7380,-8272,11124,-44,139,-167,-13120,3428,7244,-1040,131,-88,-13332,-6236,6444,-485,45,-156,0
2806.497663974762,7904,7756,11080,-113,-49,42,6948,-8268,11124,-70,148,-181,-13052,3488,7240,-1025,94,-81,-13452,-6296,6664,-458,66,-132,0
2806.53276515007,8208,7900,10752,-142,-46,50,7232,-8320,11212,-54,163,-169,-13132,3464,7308,-1021,66,-255,-13396,-6344,6404,-441,89,-117,0
2806.568745136261,7976,7812,10784,-89,252,63,6916,-8292,11096,-77,173,-155,-13132,3488,7060,-1053,81,-53,-13340,-6276,6664,-458,89,-134,0
2806.603606939316,8184,7768,10944,-131,51,62,6980,-8260,11248,-93,151,-155,-13080,3488,7344,-1006,51,-39,-13388,-6224,6748,-529,83,-126,0
2806.6387081146245,8044,7796,10760,-169,62,36,7116,-8364,10996,-95,163,-149,-12980,3464,6936,-957,19,-19,-13392,-6268,6692,-481,99,-118,0
2806.6737420558934,8060,7796,11096,-216,54,59,7120,-8292,11076,-44,156,-145,-13076,3516,7312,-980,-29,-60,-13340,-6292,6684,-510,117,-159,0
2806.7098250389095,7692,7844,10784,-156,-41,71,7124,-8364,11180,-47,157,-158,-13196,3484,7388,-977,20,-72,-13568,-6408,6732,-494,105,-139,0
2806.74564409256,8060,8084,10780,-216,5,81,7116,-8316,11088,-40,141,-163,-13136,3448,7284,-1030,60,-9,-13412,-6308,6660,-512,102,-143,0
2806.780811071396,8068,7860,11148,-211,11,100,7060,-8360,11128,-54,157,-155,-13184,3584,7340,-977,41,-35,-13244,-6200,6768,-483,64,-119,0
2806.8162009716034,8188,7928,11172,-214,-7,69,7124,-8356,11216,-49,143,-159,-13088,3524,7304,-985,78,-63,-13088,-6296,6464,-505,77,-145,0
2806.8519060611725,7976,7812,11024,-191,2,102,7168,-8360,11132,-56,166,-158,-13100,3428,7372,-984,118,-108,-13300,-6240,6752,-493,109,-153,0
2806.8879749774933,8048,7824,11168,-212,-12,90,7152,-8344,11112,-44,292,-72,-13236,3524,6952,-975,156,-75,-13244,-6316,6792,-521,82,-160,0
2806.923329114914,7900,7844,11148,-204,-253,101,7068,-8264,11044,-27,146,-173,-12812,3556,7276,-978,112,-54,-13332,-6348,6664,-514,77,-124,0
2806.9582829475403,7928,7956,11008,-202,-10,98,7044,-8260,11108,-9,127,-168,-13036,3516,7188,-1000,134,-76,-13320,-6336,6656,-520,94,-128,0
2806.9944291114807,7960,7776,11016,-200,-22,121,7124,-8276,11104,-7,117,-164,-13116,3396,7192,-984,135,-42,-13224,-6340,6632,-487,125,-131,0
2807.030158996582,7920,7860,11020,-228,-33,108,7096,-8228,11204,-18,148,-180,-13040,3344,7264,-980,123,-91,-13088,-6244,6656,-494,151,-111,0
2807.065204143524,8012,7784,11188,-199,-28,127,7124,-8416,11160,-21,141,-180,-13080,3596,6952,-988,144,-74,-13544,-6340,6688,-496,132,-116,0
2807.1012530326843,8164,7844,11196,-197,-19,119,6920,-8356,11212,-252,153,-152,-12992,3540,7176,-985,142,-30,-13268,-6316,6724,-482,134,-106,0
2807.1345920562744,7968,7824,11044,-217,-46,110,7020,-8344,11048,8,137,-168,-12900,3644,7336,-1006,161,-75,-13356,-6340,6844,-494,99,-132,0
2807.1680409908295,8168,7756,10956,-213,-32,117,7072,-8268,11140,27,134,-180,-12872,3340,7044,-1010,120,-100,-13560,-6356,6624,-472,85,-140,0
2807.2016611099243,7960,7908,11192,-212,-15,135,7080,-8276,11160,19,126,-158,-13056,3816,7236,-1023,140,-80,-13376,-6288,6580,-465,123,-114,0
2807.235265016556,8180,7828,11032,-215,-30,108,7084,-8316,11180,29,82,-194,-13076,3564,7312,-1064,160,-50,-13272,-6320,6664,-465,117,-116,0
2807.2685680389404,7884,7812,11052,-183,-68,98,7136,-8352,11056,21,118,-177,-13120,3536,7216,-1034,160,-67,-13288,-6368,6788,-485,145,-123,0
2807.301945924759,7852,7716,11068,-213,-63,110,7108,-8296,11220,3,154,-202,-12852,3508,7004,-1039,127,-103,-13296,-6348,6532,-464,151,-115,0
2807.335474014282,7684,7804,11196,-228,-57,111,7016,-8232,11100,8,135,-185,-13124,3820,7396,-1035,169,-106,-13252,-6324,6680,-466,140,-99,0
2807.3688859939575,8004,7792,11200,-226,-47,128,7132,-8248,11464,17,163,-175,-13144,3580,7436,-1010,131,-47,-13372,-6228,6716,-473,134,-127,0
2807.4021599292755,7696,7720,11256,-261,-38,119,7104,-8324,11272,74,142,-168,-13120,3768,7420,-1079,76,-70,-13300,-6324,6640,-489,148,-130,0
2807.4358100891113,7868,7828,11172,-252,-112,149,7076,-8212,11192,117,143,-169,-13084,3328,7352,-1129,129,-114,-13324,-6428,6716,-466,125,-82,0
2807.4693191051483,7984,7888,11040,-215,-114,129,7116,-8292,11140,2,190,-229,-13192,3500,7200,-1013,190,-146,-13332,-6244,6648,-531,183,-91,0
2807.5026791095734,7976,7832,11116,-240,-149,131,7136,-8224,11008,46,147,-198,-12948,3548,7128,-1086,170,-111,-13256,-6232,6736,-473,152,-50,0
2807.5363509655,7700,7804,11260,-246,-118,166,7040,-8204,11040,107,211,-178,-13060,3564,7448,-1151,166,-30,-13268,-6288,6756,-433,147,-44,0
2807.57009601593,7768,7780,11112,-268,-66,145,7116,-8140,11144,105,148,-163,-13208,3464,7392,-1044,161,-58,-13304,-6384,6792,-444,128,-52,0
2807.6036210060124,7948,7820,11184,-233,-68,177,7104,-8252,11264,69,139,-163,-13012,3472,7204,-1009,164,-143,-13228,-6336,6468,-475,142,-28,0
2807.6367280483246,8120,7744,11092,-229,-98,146,7076,-8248,11488,69,198,-231,-13252,3452,7272,-994,210,-118,-13564,-6272,6808,-768,192,-22,0
2807.670161962509,7980,7828,11152,-172,-167,158,7092,-8204,11224,107,193,-235,-13112,3488,7272,-1008,241,-114,-13348,-6276,6684,-532,227,-37,0
2807.703655958176,8168,7664,11144,-146,-202,174,6992,-8188,11196,119,148,-230,-13080,3488,7116,-1046,507,-117,-13284,-6304,6684,-258,175,-30,0
2807.737277030945,8004,7844,11016,-201,-138,161,7148,-8124,11208,185,163,-246,-13128,3552,7004,-1092,270,-138,-13440,-6176,6908,-523,149,-67,0
2807.771059989929,8088,7764,11092,-503,-117,169,7144,-7968,11132,232,194,-212,-13228,3476,7188,-1114,273,-139,-13080,-6276,6596,-516,158,-68,0
2807.8045139312744,8020,7728,11040,-279,-126,183,7220,-8136,11348,251,173,-201,-13212,3408,7236,-1134,244,-106,-13412,-6276,6772,-555,158,-67,0
2807.838200092316,8184,7708,11072,-302,-81,179,7056,-8120,11480,256,157,-203,-13224,3492,7100,-1127,341,-72,-13464,-6352,6756,-571,120,-61,0
2807.8718090057373,8000,7760,11240,-338,-117,147,7044,-8100,11156,197,165,-219,-13052,3464,7364,-1062,315,-100,-13340,-6160,6428,-532,133,-59,0
2807.9049160480495,7972,7756,11260,-317,-106,170,7400,-8072,11192,165,161,-201,-13072,3464,7156,-1031,309,-117,-13392,-6152,6712,-544,202,-61,0
2807.9385781288147,7980,7744,11072,-353,-108,188,7148,-8396,11388,169,161,-203,-13100,3576,7108,-1020,332,-144,-13292,-6232,6616,-572,190,-66,0
2807.972109079361,8008,7908,11032,-282,-100,191,7112,-8068,11464,167,158,-225,-13120,3344,7388,-1055,463,-127,-13296,-6292,6748,-567,152,-69,0
2808.0056030750275,8028,7712,11140,-268,-100,166,7152,-8064,11404,202,208,-230,-13244,3548,7036,-860,722,-141,-13304,-6288,6808,-551,65,-34,0
2808.0392451286316,8004,7432,11072,-273,-34,167,7152,-8032,11368,247,231,-253,-13352,3440,7028,-966,779,-129,-13376,-6216,6820,-549,-16,-1,0
2808.072875022888,8020,7732,11068,-250,28,153,7152,-8040,11292,171,152,-213,-13140,3500,7176,-978,528,-91,-13280,-6328,6488,-477,84,-9,0
2808.1059539318085,7988,7716,10944,-232,-192,450,7156,-7960,11188,203,212,-233,-13308,3500,6708,-1174,822,-94,-13332,-6380,6736,-484,-49,6,0
2808.143388032913,8008,7648,11256,-238,58,137,7156,-7964,11264,279,224,-199,-13248,3472,7108,-1110,581,-76,-13360,-6192,6552,-424,-34,-68,0
2808.1792640686035,7968,7640,11088,-166,164,138,7068,-8016,11484,201,149,-214,-13348,3336,6864,-1152,339,-60,-13420,-6252,6592,-407,31,-103,0
2808.21501994133,8008,7676,11140,-201,56,110,7080,-7960,11492,13,221,-233,-13392,3488,6712,-1230,274,-44,-13456,-6152,6780,-334,-87,-68,0
2808.250811100006,8140,7560,11140,-81,-254,163,7112,-7952,11428,110,147,-228,-13296,3520,6816,-1202,-9,37,-13120,-6204,6672,-214,-250,-130,0
2808.2861840724945,8136,7908,11168,100,-44,139,7288,-8160,11384,-20,40,-205,-13324,3516,6820,-1113,-10,74,-13348,-6228,6792,-261,-232,-120,0
2808.3224070072174,7968,7684,11116,102,-16,98,7124,-8012,11304,-49,81,-224,-13320,3480,6860,-1161,-48,242,-13256,-6256,6876,-261,-253,-148,0
2808.358031988144,7708,7828,11072,165,-129,63,7056,-7888,11440,-42,158,-196,-13216,3464,7036,-1196,-79,-21,-13096,-6292,6876,-424,-222,-176,0
2808.3928661346436,7980,7740,11100,70,-39,29,7076,-7856,11280,-2,197,-195,-13524,3520,6720,-1056,-40,253,-13284,-6052,7136,-620,10,-199,0
2808.4277539253235,7944,7716,11160,-254,-7,-241,7052,-7948,11184,-44,160,-178,-13260,3496,6856,-971,105,-86,-13500,-6356,7152,-773,52,-194,0
2808.4632880687714,7904,7704,10804,-142,74,45,7088,-8032,11460,-43,138,-179,-13348,3476,6884,-896,232,250,-13280,-6236,6872,-817,95,-193,0
2808.4993231296535,7984,7740,11300,-222,102,60,7216,-7948,11304,-64,202,-142,-13392,3496,6844,-936,221,-86,-13288,-6240,6840,-824,140,-233,0
2808.5343511104584,7964,7688,11048,-224,69,46,7284,-7980,11432,-13,147,-130,-13256,3516,7020,-853,221,-55,-13184,-6380,6984,-905,171,-212,0
2808.570205926895,7876,7800,11096,-262,119,87,7064,-7816,11376,-39,135,-150,-13276,3308,7124,-817,287,-23,-13300,-6288,6664,-840,129,-201,0
2808.6055829524994,7976,7756,11076,-9,20,65,7084,-7884,11492,-116,124,-150,-13284,3424,7212,-848,171,-71,-13188,-6380,6832,-792,154,-197,0
2808.641238927841,7716,7688,11052,-281,21,59,7140,-8164,11424,-112,171,-136,-13240,3484,6916,-871,142,-22,-13164,-6308,6896,-753,138,-186,0
2808.6777210235596,7944,7800,11448,-232,254,78,7148,-7980,11412,-80,211,-123,-13256,3564,6668,-899,130,-38,-13308,-6196,7132,-760,121,-182,0
2808.7127690315247,7960,7696,11092,-227,-8,49,7364,-7776,11396,-61,215,-152,-13200,3500,6920,-920,132,-75,-13552,-6320,6784,-757,163,-186,0
2808.7481811046605,7900,7680,11320,-229,-62,80,7128,-7928,11392,-114,187,-168,-13348,3504,6784,-1035,77,-72,-13228,-6256,6848,-637,80,-174,0
2808.78443813324,8004,7696,11032,-163,-111,60,7208,-7972,11272,-116,191,-152,-13316,3564,6848,-1044,162,-9,-13296,-6352,6932,-627,5,-142,0
2808.8181240558624,7868,7648,11140,-153,-86,73,7200,-8104,11232,-90,192,-131,-13292,3624,6812,-1040,215,-43,-13184,-6380,6820,-695,-34,-167,0
2808.8517279624934,7884,7932,11088,-125,-35,86,7040,-8008,11408,-55,161,-125,-13296,3480,6700,-943,205,-58,-13168,-6436,6824,-687,29,-175,0
2808.885139942169,7860,7744,11212,-107,-32,73,6980,-7696,11476,-153,143,-145,-13248,3472,7016,-812,152,-43,-13192,-6412,6720,-639,42,-189,0
2808.9183800220494,7844,7632,11140,-176,-30,26,7008,-7892,11420,-113,130,-160,-13560,3584,6800,-807,104,-12,-13300,-6364,6740,-669,64,-208,0
2808.9517970085144,7848,7636,11244,-116,-14,64,7028,-7776,11268,-74,148,-135,-13304,3480,6504,-820,136,-249,-13200,-6508,6916,-769,11,-204,0
2808.985281944275,7832,7696,11056,-71,22,86,6960,-8184,11324,-86,108,-129,-13312,3608,6992,-835,199,-39,-13224,-6384,6884,-835,41,-194,0
2809.0187261104584,7904,7764,11308,-99,38,84,6972,-8080,11228,-97,132,-134,-13280,3484,6836,-905,157,-58,-13200,-6420,6836,-884,32,-220,0
2809.0522179603577,7860,7696,11228,-72,-48,56,7092,-8104,11388,-182,121,-153,-13064,3532,6760,-1017,64,-32,-13148,-6644,6796,-886,67,-189,0
2809.085709095001,7852,7824,11080,-23,-59,21,7012,-8040,11340,-122,-31,-163,-13388,3352,7016,-1253,162,-35,-13168,-6592,6764,-937,12,-187,0
2809.1192460060124,7884,7696,11216,-68,-78,79,6960,-8116,11476,-44,11,-167,-13220,3636,6712,-1071,270,-98,-13164,-6468,6784,-1124,-29,-182,0
2809.1524369716644,7808,7792,11172,-93,-65,108,7036,-8068,11332,-46,19,-173,-13296,3592,6760,-831,318,-73,-13148,-6464,6692,-1298,-70,-200,0
2809.186376094818,7808,7716,11076,-45,-113,120,7044,-8176,11312,-115,-11,-154,-13444,3604,6940,-902,136,-132,-13272,-6472,6648,-1052,45,-127,3
2809.2199659347534,7916,7824,11316,11,-182,141,7088,-8112,11452,-167,19,-182,-13468,3668,6620,-901,160,-113,-13260,-6556,6848,-936,108,-140,3
2809.2535049915314,7776,7856,11072,15,-195,149,7144,-8032,11380,-138,86,-156,-13292,3636,6776,-921,225,-239,-13132,-6520,6836,-870,60,-144,3
2809.2872619628906,7804,7800,10960,-59,-101,159,7420,-8028,11220,-53,65,-165,-13320,3572,6860,-821,1,-103,-13108,-6404,6680,-828,78,-102,3
2809.3207659721375,7792,7708,11168,-71,-150,166,7040,-8100,11484,-63,84,-174,-13400,3740,7036,-880,55,-139,-13112,-6528,6692,-728,130,-128,3
2809.354393005371,7932,7732,11328,-69,-159,140,7052,-8132,11352,-36,141,-162,-13344,3328,6836,-935,142,-216,-12844,-6860,6848,-567,230,-67,3
2809.387594938278,7868,7796,11048,-171,-141,164,7080,-8052,11356,9,159,-191,-13364,3552,6656,-955,273,-218,-13212,-6564,6752,-491,222,-256,0
2809.4212141036987,7884,7820,11284,-176,-105,167,6956,-8080,11480,45,125,-197,-13404,3596,6728,-905,314,-216,-13204,-6628,6756,-570,214,-45,0
2809.4547090530396,7916,7828,11108,-183,-134,156,7132,-8092,11456,-49,96,-187,-13324,3740,6860,-872,213,-208,-13320,-6536,6760,-659,207,-103,0
2809.4882299900055,7924,7776,11128,-166,-190,177,7148,-7980,11104,-55,101,-166,-13424,3620,6680,-908,130,-131,-13144,-6660,6700,-678,174,-68,0
2809.521872997284,8104,7904,10976,-138,-106,152,7072,-8016,11284,-47,86,-112,-13444,3660,6764,-834,184,-151,-13232,-6632,6620,-729,504,-70,0
2809.5552570819855,7944,7788,10852,-177,-117,142,7052,-7984,11472,-73,162,-128,-13332,3556,6872,-804,188,-112,-13180,-6564,6600,-918,204,-103,0
2809.5887529850006,7964,7896,11160,-206,-197,132,6992,-8048,11444,-70,136,-143,-13404,3536,6828,-954,120,-122,-13160,-6652,6424,-713,226,-103,0
2809.622318983078,7912,7888,10824,-205,-205,156,7092,-7972,11288,-48,108,-189,-13368,3488,6828,-972,153,-177,-13160,-6628,6496,-787,225,-68,0
2809.655580997467,7904,7848,11112,-262,-179,117,7128,-8164,11204,-37,128,-187,-13444,3548,6644,-843,277,-173,-13200,-6568,6460,-868,223,-105,0
2809.689372062683,8172,7728,11192,-215,-138,175,6956,-7992,11244,-78,-29,-176,-13328,3380,6632,-856,309,-105,-13148,-6564,6688,-902,147,-119,0
2809.7231709957123,7892,7800,10952,-176,-121,214,7128,-7964,11256,-138,30,-115,-13340,3524,6640,-860,307,-55,-13160,-6640,6560,-928,-8,-101,0
2809.7568521499634,7908,7788,11140,-104,-158,167,7420,-8112,11320,-137,-37,-121,-13384,3604,6564,-784,401,-81,-13256,-6676,6564,-926,-123,-170,0
2809.792703151703,7716,7812,11264,-145,-175,177,7400,-8152,11388,-121,-5,-129,-13440,3620,6696,-797,107,8,-13132,-6576,6560,-905,-158,-150,0
2809.8287961483,8016,7764,10812,-95,-149,152,6984,-8172,11184,-118,-358,-225,-13468,3616,6496,-775,533,-101,-13184,-6604,6516,-854,-126,-118,0
2809.8639259338374,7848,7888,11020,-145,-176,175,7120,-8160,11104,-122,99,-196,-13284,3652,6540,-695,386,-97,-13072,-6592,6540,-883,-153,-143,0
2809.8996341228485,8052,7704,11024,-98,-170,155,7232,-8052,11176,-230,-120,-162,-13552,3400,6808,-711,348,-55,-13076,-6644,6536,-751,-67,-163,0
2809.935028076172,8028,7748,11068,-78,-90,140,7272,-8180,11104,-214,14,-114,-13484,3532,6640,-841,204,-58,-13220,-6628,6504,-697,-37,-169,0
2809.9710121154785,8088,7764,11092,-90,-48,85,7248,-8136,11156,-198,76,-133,-13456,3716,6544,-754,257,-28,-13140,-6752,6880,-639,-151,-184,0
2810.0062301158905,7736,7736,11256,-83,-53,79,7244,-8120,11124,-225,91,-120,-13516,3836,6532,-747,280,-53,-13232,-6748,6664,-604,-93,-178,0
2810.0423929691315,7940,7904,11188,-87,-11,84,7092,-8160,11316,-288,-71,-132,-13448,3560,6524,-727,275,-39,-13112,-6784,6556,-621,8,-187,0
2810.07811498642,8188,7780,10992,-84,28,43,7188,-8148,11120,-219,93,-158,-13468,3704,6540,-772,207,-40,-12816,-6784,6604,-677,-15,-179,0
2810.1134819984436,8104,7888,11096,-57,-10,76,7240,-8184,11188,-204,62,-116,-13360,3716,6512,-676,393,-99,-12820,-6740,6676,-689,-28,-200,0
2810.1486949920654,7968,7680,11224,11,49,52,7164,-8224,11264,-284,134,-116,-14056,3680,6396,-656,276,-31,-13132,-6864,6676,-679,-65,-214,0
2810.1835899353027,7940,7896,11168,-20,-32,67,6972,-8260,11196,-342,57,-114,-13488,3748,6332,-599,372,-91,-13160,-6764,6656,-635,-67,-177,0
2810.21915602684,7972,7904,11264,47,-72,74,7108,-8268,11292,-331,-51,-137,-13480,4004,6168,-577,379,-31,-13196,-6628,6692,-603,-46,-188,0
2810.254140138626,7960,7840,10868,40,-27,84,7176,-8364,11232,-290,110,-92,-13556,3732,6396,-636,350,6,-12976,-6776,6636,-634,29,-162,0
2810.289225101471,7844,7832,10952,-50,-30,77,7196,-8236,11148,-242,146,-99,-13500,3696,6460,-542,266,-94,-13300,-6768,6828,-661,74,-199,0
2810.324844121933,7876,8156,11068,-63,-58,76,7256,-8336,11024,-284,139,-115,-13476,3804,6504,-522,239,-57,-13036,-6840,6724,-724,196,-216,0
2810.3660719394684,7820,8012,11256,-79,-134,55,7160,-8348,11092,-205,153,-148,-13480,3800,6324,-641,120,-41,-13000,-6868,6644,-613,197,-193,0
2810.4020500183105,7956,7956,11024,-71,-221,64,7220,-8344,10760,-200,126,-147,-13504,3980,6492,-714,40,-76,-13072,-6776,6564,-607,229,-206,0
2810.4395880699158,7852,7984,11172,-75,-276,33,7092,-8356,11020,-194,134,-117,-13496,3888,6380,-702,79,-86,-12968,-6796,6696,-639,262,-183,0
2810.4731030464172,7928,8008,11024,-110,-244,110,7160,-8368,10856,-254,120,-119,-13544,3768,6420,-678,169,-52,-12840,-6888,6784,-650,311,-203,0
2810.506758928299,7948,7724,11108,-36,-375,65,7276,-8256,11044,-272,91,-126,-13412,3952,6256,-698,189,-35,-13088,-6668,6612,-778,354,-192,0
2810.540312051773,7992,7712,11028,-43,-153,64,7200,-8392,11060,-235,130,-136,-13496,3796,6200,-705,-118,-4,-12824,-6928,6620,-836,418,-207,0
2810.5738410949707,7704,8160,10948,-60,-128,65,7200,-8444,11096,-164,98,-122,-13488,3956,6640,-721,162,-75,-13148,-6860,6608,-763,288,-160,0
2810.6071310043335,7984,7924,10848,-1,-116,82,7248,-8196,10860,-123,141,-101,-13592,3912,6424,-768,108,-38,-13308,-6700,6800,-675,235,-186,0
2810.64053106308,7944,7744,10988,-67,-96,102,7164,-8396,11016,-158,107,-147,-13492,3840,6356,-820,69,-53,-13080,-6888,6452,-559,183,-141,0
2810.6740169525146,8000,7992,10844,-69,-105,101,7164,-8372,10940,-154,106,-155,-13320,3900,6300,-840,41,-60,-13124,-6932,6772,-551,158,-157,0
2810.7074661254883,8044,8008,10860,-80,-44,100,7252,-8408,11012,-129,198,-146,-13784,3960,6104,-847,72,-54,-13132,-6904,6564,-558,155,-161,0
2810.7411041259766,7932,7992,10984,-92,250,76,7372,-8396,10948,-213,124,-145,-13556,3896,6208,-867,56,-48,-13060,-6924,6476,-535,131,-156,0
2810.774551153183,7948,7936,10960,-77,251,78,7192,-8404,10964,-151,117,-157,-13544,3876,6260,-882,79,-60,-13148,-6860,6396,-525,187,-126,0
2810.807956933975,7952,8108,10596,-115,-59,86,7176,-8464,11180,-143,126,-175,-13428,3952,6640,-884,66,-68,-13112,-6924,6544,-510,142,-118,0
2810.841289997101,7968,7972,10804,-87,-53,50,7168,-8636,10896,-109,134,-151,-13484,4032,6324,-880,74,-69,-13112,-6904,6692,-523,133,-133,0
2810.8749120235443,7876,7940,11248,-85,-14,86,7228,-8676,10756,-104,127,-139,-13452,3992,6428,-928,123,-103,-13032,-6992,6584,-538,157,-121,0
2810.9083211421967,7680,8032,10608,-129,22,103,7152,-8468,11072,-47,128,-147,-13536,3924,6272,-920,154,-57,-13076,-6992,6552,-564,170,-118,0
2810.9415950775146,7880,7916,10780,-127,-229,107,6924,-8408,10804,-70,78,-157,-13536,3956,6388,-942,69,-98,-12948,-6820,6576,-564,165,-144,0
2810.9752080440526,8016,8064,10872,-108,-34,99,7204,-8196,10800,-83,111,-164,-13636,4000,6644,-930,122,-118,-12992,-7088,6504,-546,162,-93,0
2811.0087659358974,7784,8028,11248,-141,-67,103,7144,-8496,10984,-65,82,-168,-13668,3956,6252,-955,131,-101,-13116,-6920,6452,-527,203,-96,0
2811.0421469211574,8000,8084,10840,-177,-13,114,7196,-8292,10996,-251,124,-136,-13412,3952,6580,-961,105,-90,-13020,-6976,6548,-523,155,-82,0
2811.0757400989532,8004,8048,10976,-165,-8,103,7176,-8576,11020,14,160,-131,-13556,4052,6436,-1007,37,-82,-13268,-6884,6600,-561,183,-105,0
2811.1091730594635,8012,8020,10948,-219,-8,132,7176,-8440,11084,105,169,-144,-13484,4276,6340,-1068,96,-131,-13088,-7032,6568,-510,145,-94,0
2811.142333984375,7984,8064,10940,-157,-29,161,7276,-8336,11068,23,121,-182,-13424,3900,6420,-1279,102,-120,-13308,-6976,6460,-526,126,-85,0
2811.175817966461,7888,8040,10964,-233,-64,130,7400,-8208,11068,22,160,-200,-13464,3904,6168,-771,95,-68,-13308,-6876,6516,-506,199,-45,0
2811.2091131210327,7872,7936,10932,-231,-60,172,7080,-8212,10820,26,141,-151,-13324,4008,6380,-1059,99,-99,-12964,-6724,6496,-547,207,-63,1
2811.2427871227264,7888,8012,10816,-247,-35,194,7172,-8496,11048,70,143,-187,-13460,4056,6228,-1082,122,-131,-13152,-6968,6424,-469,168,-42,1
2811.2764461040497,7700,8044,11244,-234,-78,185,7248,-8476,10856,56,133,-193,-13524,3872,6188,-1090,83,-134,-13088,-6936,6428,-460,121,-59,1
2811.309818029404,7864,8040,10920,-279,-38,188,7264,-8704,11232,79,121,-214,-13628,3920,6452,-1077,114,-123,-13096,-6904,6548,-469,174,-24,1
2811.343394994736,8188,8052,10984,-237,-70,192,7184,-8440,11100,107,65,-205,-13520,3856,6316,-1130,89,-134,-13016,-6904,6356,-471,240,-44,1
2811.3772490024567,8008,8096,10956,-270,-142,214,6912,-8416,10980,97,62,-243,-13464,3976,6344,-1151,119,-138,-13120,-6864,6492,-467,510,-30,1
2811.4107909202576,7968,7992,10936,-289,-142,197,7220,-8432,10960,89,129,-264,-13420,3896,6220,-1126,67,-153,-13028,-6988,6640,-414,219,246,1
2811.4440989494324,8168,7936,10928,-327,-153,177,7176,-8352,11088,117,188,-241,-13424,3848,6344,-1119,70,-122,-13132,-7012,6472,-393,204,-14,1
2811.480215072632,8084,8176,11044,-320,-116,225,7260,-8416,11040,64,17,-258,-13328,3888,6308,-1189,59,-153,-13048,-6880,6192,-398,213,8,1
2811.5155789852142,8112,8020,11040,-331,-137,202,7188,-8312,11252,107,28,-247,-13784,3892,6524,-1206,63,-153,-13132,-6700,6500,-387,218,-6,0
2811.5515100955963,7964,7900,10972,-311,-141,206,7220,-8408,11212,91,-62,-249,-13352,3932,6560,-1238,64,-137,-13164,-6868,6408,-400,198,-51,0
2811.587419986725,8180,7992,10916,-276,-185,185,7288,-8312,11112,79,85,-282,-13452,4068,6308,-1227,13,-139,-13112,-6824,6624,-409,176,-44,0
2811.62282204628,8052,8140,10952,-269,-125,180,7248,-8256,11056,65,-15,-286,-13556,3872,6348,-1193,36,-109,-13016,-6860,6528,-403,206,-55,0
2811.6583580970764,8112,7784,10828,-309,-117,176,7368,-8228,10976,80,37,-275,-13536,3872,6380,-1215,40,-131,-13172,-6832,6416,-415,170,-43,0
2811.6933879852295,7988,7844,10936,-245,-112,181,7248,-8244,10844,66,89,-216,-13476,3732,6384,-1203,31,-131,-13148,-6936,6636,-398,173,-62,0
2811.728693008423,7992,7912,10980,-279,-142,170,7320,-8284,11036,70,80,-232,-13504,3808,6304,-1184,5,-154,-13088,-6828,6588,-422,202,-40,0
2811.7641911506653,7912,7832,10928,-212,-113,146,7276,-8304,11060,252,111,-212,-13576,3920,6208,-1182,6,-36,-13140,-6852,6416,-421,116,-78,0
2811.7995331287384,8260,7756,11024,-157,-116,147,7328,-8344,10956,5,88,-202,-13500,3764,6168,-1163,-59,-100,-13220,-6960,6580,-440,161,-153,0
2811.8353910446167,8096,7924,10968,-212,-34,111,7256,-8292,10940,35,88,-180,-13464,3652,6160,-1169,-90,-39,-13144,-6856,6444,-398,130,-117,0
2811.8708169460297,8108,7900,10816,-151,-251,85,7320,-8324,10860,-26,116,-183,-13576,3824,6500,-1188,-77,-94,-13156,-6856,6512,-430,126,-170,0
2811.907186985016,8008,7800,10760,-222,21,50,7296,-8244,11204,32,75,-171,-13484,3820,6352,-1105,-30,-97,-13148,-6772,6452,-414,123,-117,0
2811.942198038101,8024,7892,10988,-160,9,109,7228,-8268,11036,-30,115,-127,-13424,4092,6388,-1137,-95,-80,-13264,-6844,6532,-426,90,-169,0
2811.9781560897827,8056,7840,11244,-149,-4,113,7248,-8336,11140,-255,135,-158,-13412,4056,6428,-1149,-56,-20,-13136,-6864,6640,-465,47,-156,0
2812.0133290290833,7928,8012,10912,-166,22,77,7268,-8268,11040,-38,166,-137,-13460,3856,6456,-1117,-53,-50,-13216,-6892,6524,-459,130,-188,0
2812.049222946167,7904,7860,10968,-161,-23,62,7252,-8336,11200,-22,156,-152,-13440,3748,6428,-1098,-81,-107,-13096,-6892,6408,-450,140,-143,0
2812.084491968155,8088,7688,11124,-179,-47,83,7212,-8312,10904,16,200,-191,-13336,4040,6600,-1115,-12,-107,-13088,-6884,6576,-412,137,-145,0
2812.122116088867,8016,7928,11056,-157,-34,72,7276,-8312,11036,-40,141,-195,-13476,4052,6544,-1073,4,-60,-13116,-6832,6540,-442,120,-150,0
2812.1553449630737,8180,7868,11224,-186,-58,64,7372,-8288,11120,-251,148,-197,-13420,4044,6436,-1080,-5,-85,-13188,-6888,6568,-397,128,-131,0
2812.1886830329895,8088,7884,11052,-186,-72,78,7332,-8280,11004,-26,157,-206,-13368,3780,6412,-1130,-16,-99,-13128,-6856,6512,-404,143,-161,0
2812.22221493721,7944,7940,11248,-193,-53,92,7316,-8220,11144,-7,165,-176,-13516,3824,6496,-1091,-42,-38,-13216,-7112,6644,-420,105,-134,0
2812.2557089328766,8012,7924,10768,-158,-9,73,7300,-8336,11124,-54,145,-178,-13488,3844,6532,-1087,-48,-25,-13164,-6796,6564,-434,79,-148,0
2812.2891349792485,8000,7844,10824,-183,-29,88,7332,-8296,11076,-52,100,-170,-13560,3608,6604,-1107,-26,-49,-13116,-6904,6520,-409,103,-151,0
2812.3229370117188,7884,7968,10904,-183,-19,84,7528,-8288,11024,-40,138,-182,-13388,3872,6624,-1118,-22,-58,-13188,-6864,6552,-438,115,-151,0
2812.3566570281982,7888,7944,10892,-191,-23,57,7288,-8348,11044,-22,192,-173,-13512,3788,6532,-1095,-6,-73,-13132,-6744,6416,-441,136,-139,0
2812.3901491165166,7996,7976,11044,-154,-41,88,7260,-8288,11120,-16,130,-149,-13404,3636,6464,-1065,23,-61,-13196,-6676,6624,-449,116,-141,0
2812.4237101078033,7976,7868,10788,-203,-17,87,7280,-8304,11100,-11,162,-195,-13344,3792,6888,-1058,42,-31,-13164,-6824,6520,-420,125,-127,0
2812.457263946533,7996,7684,10756,-203,-45,82,7292,-8224,11168,-78,138,-163,-13300,3756,6564,-1057,60,-43,-13104,-6904,6536,-411,122,-111,0
2812.490697145462,7980,7976,11016,-203,-46,107,7280,-8376,11232,-57,133,-158,-13380,3876,6840,-1052,39,-89,-13308,-6804,6624,-471,142,-110,0
2812.5241689682007,7904,7836,11040,-213,-69,106,7256,-8028,11140,5,119,-163,-13452,3772,6632,-1061,63,-85,-13212,-6804,6476,-443,176,-140,0
2812.557685136795,7688,7956,10920,-170,-65,90,7236,-8368,11236,-50,120,-169,-13432,3724,6620,-1042,35,-58,-13128,-6864,6628,-453,109,-138,0
2812.5911769866943,8104,7852,11024,-195,-56,69,7348,-8328,11256,-29,147,-170,-13328,3808,6700,-1042,-13,-34,-13104,-6872,6552,-444,134,-164,0
2812.6247980594635,7740,7844,11016,-177,-44,76,7292,-8336,11048,-37,130,-154,-13492,3844,6652,-1054,22,-104,-13164,-6852,6588,-456,142,-142,0
2812.6581180095673,8056,7892,10804,-149,-37,94,7324,-8304,11136,-33,125,-164,-13408,3884,6624,-1038,20,-84,-13076,-6804,6408,-446,103,-160,0
2812.691724061966,7692,8108,10964,-151,-24,81,7216,-8296,11164,-38,129,-151,-13304,3804,6772,-1067,56,-39,-13072,-6892,6596,-455,111,-129,0
2812.7250299453735,7776,7864,10996,-180,-42,82,7420,-8316,11240,-53,170,-137,-13396,3872,6640,-1071,38,-58,-13272,-6884,6496,-439,148,-113,0
2812.758628129959,7784,7940,11044,-147,-55,90,7280,-8372,11212,-36,138,-167,-13288,3676,6660,-1039,45,-123,-12804,-6716,6568,-470,189,-105,0
2812.7919621467586,7804,7900,11108,-192,-94,92,7320,-8312,11084,0,125,-193,-13376,3748,6472,-1065,43,-118,-13304,-6956,6608,-457,158,-105,0
2812.8256261348724,7852,7712,11244,-156,-80,93,7288,-8224,10964,-33,154,-195,-13416,3808,6704,-1059,80,-120,-13104,-6840,6508,-455,189,-138,0
2812.8591670989986,8000,7716,11040,-185,-101,93,7328,-8328,11092,-11,168,-206,-13404,3808,6904,-1053,75,-92,-12892,-6888,6572,-449,175,-131,0
2812.8923070430756,8028,8164,11096,-164,-57,92,7260,-8332,11100,-16,188,-167,-13376,3740,6620,-1046,56,-96,-13124,-6676,6588,-464,178,-133,0
2812.925709962845,7988,7968,11068,-179,-71,114,7204,-8252,11204,-22,173,-192,-13364,3808,6784,-1060,77,-116,-13304,-6836,6608,-428,171,-96,0
2812.959228038788,7872,7972,11068,-191,-43,126,7288,-8236,10784,-18,147,-185,-13368,3816,6564,-1075,104,-54,-13096,-7092,6444,-452,162,-121,0
2812.9924380779266,7884,7916,11096,-228,-72,99,7404,-8212,11180,-30,131,-190,-13392,3872,6872,-1071,75,-58,-13168,-6836,6512,-437,164,-91,0
2813.026155948639,7980,8028,11132,-229,-99,116,7168,-8236,11092,9,156,-183,-13348,3848,6648,-1083,95,-90,-13060,-6848,6572,-441,173,-36,0
2813.0597479343414,7884,7916,11144,-220,-143,167,7240,-8380,11092,15,170,-217,-13344,3800,6780,-1108,75,-181,-13068,-6888,6568,-467,223,-69,0
2813.0930840969086,8144,7968,11156,-239,-178,154,7328,-8248,10796,7,156,-219,-13364,3776,6692,-1086,94,-127,-13136,-6860,6532,-452,237,-53,0
2813.12659406662,8128,7868,10812,-225,-153,158,7232,-8436,11208,18,161,-226,-13364,3780,6752,-1082,51,-93,-13244,-6772,6548,-434,260,-24,0
2813.1633400917053,7972,7932,10904,-253,-152,138,7192,-8320,11072,37,241,-215,-13308,3748,6728,-1111,53,-146,-13100,-6848,6508,-406,248,-45,0
2813.198704957962,7964,7860,11056,-257,-160,150,7180,-8164,10984,60,224,-201,-13108,3756,6556,-1108,78,-140,-12996,-6856,6484,-370,225,-25,0
2813.2342829704285,7980,7904,11104,-4,-127,170,7372,-8240,11372,78,154,-212,-13396,3764,6692,-1118,43,-155,-13220,-6836,6600,-404,214,-14,0
2813.2694470882416,8060,7760,11012,-272,-152,155,7292,-8376,11256,93,223,-213,-13336,3652,6768,-1101,73,-149,-13112,-6836,6508,-409,267,-29,0
2813.305109977722,8004,7856,11144,-269,-142,152,7180,-8220,11084,135,155,-220,-13536,3696,6712,-1131,87,-145,-13104,-6908,6588,-405,220,-44,0
2813.340316057205,8184,7920,11112,-208,-129,148,7188,-8196,11240,85,183,-214,-13260,3716,6848,-1096,46,-105,-13096,-6780,6496,-406,236,-49,0
2813.375545978546,8152,7744,11060,-267,-142,137,7224,-8228,11144,124,184,-225,-13568,3728,6692,-1104,52,-136,-13240,-6704,6552,-382,219,-42,0
2813.4116859436035,7948,7760,11060,-8,-115,166,7256,-8352,11080,98,174,-194,-13568,3684,6740,-1100,59,-69,-13216,-6772,6504,-407,145,-65,0
2813.447727918625,8028,7760,10944,-252,-106,174,7220,-8060,11148,94,129,-169,-13328,3784,6788,-1111,111,-51,-13104,-6808,6464,-380,97,-70,0
2813.4829430580135,7828,7856,10928,-263,-140,152,7308,-8168,11252,56,94,-168,-13396,3684,6740,-1091,69,-101,-13156,-6880,6532,-410,197,-67,0
2813.517749071121,7952,7788,10852,-250,-146,157,7240,-8156,11084,65,112,-236,-13376,3712,6788,-1095,45,-106,-13124,-6764,6488,-426,230,-75,0
2813.553610086441,7948,7816,10836,-207,-201,160,7252,-8176,11288,86,139,-248,-13084,3684,6660,-1093,78,-137,-13192,-6672,6516,-406,228,-43,0
2813.5887310504913,8016,7720,10912,-210,-195,174,7228,-8204,11172,57,145,-239,-13364,3728,6744,-1074,108,-146,-13188,-6704,6612,-419,204,-44,0
2813.6236550807953,8016,7876,11104,-256,-179,150,7368,-8104,11012,79,142,-233,-13328,3680,6812,-1080,117,-153,-13216,-6688,6524,-402,185,-72,0
2813.6591551303864,8092,7788,11228,-245,-163,137,7232,-7960,11132,14,133,-210,-13528,3592,6688,-1053,86,-142,-13244,-6732,6484,-428,184,-122,0
2813.6944520473485,8096,7760,11052,-205,-143,133,7276,-8396,11172,-56,129,-200,-13492,3736,6720,-1054,63,-78,-12916,-6736,6512,-450,164,-136,0
2813.7302401065826,8092,7872,11000,-205,-91,114,7316,-8060,11100,-44,154,-184,-13264,3636,6764,-994,48,-96,-13184,-6712,6444,-462,109,-154,0
2813.7655210494995,8168,7792,10800,-158,-51,85,7232,-8144,11188,-20,147,-182,-13376,3620,6692,-1062,18,-52,-13208,-6620,6508,-456,109,-145,0
2813.802528142929,8084,7720,11000,-185,-35,77,7408,-8160,11224,21,135,-126,-13380,3668,6728,-1070,31,-26,-13196,-6700,6636,-406,114,-121,0
2813.836100101471,8068,7924,10972,-168,-23,104,7212,-8124,11116,4,159,-183,-13340,3584,6708,-1067,64,-70,-13136,-6720,6476,-373,148,-119,0
2813.869770050049,8164,7756,10960,-178,-65,99,7168,-8108,11132,-21,142,-207,-13372,3744,6852,-1085,-65,-104,-13232,-6712,6540,-401,182,-155,0
2813.9030361175537,8020,7788,11100,-168,-113,80,7332,-8208,11236,-54,175,-198,-13396,3620,6744,-1054,-44,-99,-13208,-6688,6544,-385,172,-138,0
2813.9367640018463,7932,7768,10992,-145,-69,85,7396,-8068,11188,-30,162,-153,-13216,3724,6732,-1083,-43,-27,-13164,-6676,6624,-353,128,-135,0
2813.9703390598297,7980,7820,11236,-178,-18,78,7272,-8200,11164,6,171,-181,-13256,3624,6828,-1094,-31,13,-13252,-6796,6576,-328,151,-134,0
2814.0037610530853,8116,7704,11068,-159,-2,56,7216,-8072,11068,-20,145,-170,-13260,3644,6944,-1184,-114,-37,-13192,-6800,6636,-308,208,-149,0
2814.0374281406403,8008,7816,11048,-185,-97,49,7236,-8440,11156,28,171,-213,-13252,3708,6788,-1232,-215,-43,-13044,-6736,6416,-270,231,-140,0
2814.071012020111,7972,7816,11072,-193,-94,64,7216,-8148,11192,8,157,-250,-13204,3672,6700,-1223,-252,-66,-13100,-6660,6420,-220,328,-141,0
2814.1043140888214,7968,7728,11036,-194,-176,42,7204,-8108,11340,3,496,-237,-13100,3368,6632,-1299,-186,-95,-13140,-6744,6432,-151,330,-118,0
2814.1378281116486,8072,7772,10908,-208,-195,50,7396,-8408,11188,-19,260,-286,-13252,3664,7028,-1262,-217,-67,-13280,-6744,6584,-138,364,-107,0
2814.171287059784,8088,7696,10924,-215,-213,73,7304,-8096,11204,255,196,-286,-13548,3648,6936,-1248,-191,-65,-13260,-6720,6492,-90,297,-108,0
2814.204782962799,8128,7756,11164,-276,-158,72,7348,-8084,11160,-54,236,-246,-13288,3736,7092,-1218,-233,-31,-13204,-6468,6552,-138,250,-131,0
2814.238497018814,7976,7820,11016,-258,-138,52,7220,-8160,11244,-41,180,-243,-13244,3640,6984,-1155,-159,-13,-13160,-6748,6552,-231,175,-154,0
2814.272073984146,8008,7756,11208,-221,-78,40,7296,-8116,11232,-54,195,-215,-13080,3620,6784,-1104,-15,-254,-13184,-6708,6900,-308,122,-134,0
2814.305657148361,7984,7752,11192,-174,-41,63,7192,-7960,11436,-44,181,-147,-13224,3616,7012,-1084,29,-32,-13140,-6632,6652,-356,137,-115,0
2814.339276075363,8032,7744,11000,-159,-55,92,7192,-8064,11204,-18,226,-144,-13236,3668,6916,-1061,-34,-63,-13188,-6580,6548,-391,113,-125,0
2814.3729801177974,8028,7748,11152,-152,-47,101,7152,-8160,11080,-42,124,-167,-13152,3608,6936,-1069,65,-57,-13164,-6720,6596,-412,109,-133,0
2814.4065079689026,8056,7804,11000,-137,-74,111,7112,-8152,11192,-44,111,-184,-13180,3648,7032,-1064,63,-39,-13160,-6892,6564,-412,94,-132,0
2814.4400560855865,8044,7856,10932,-129,-120,101,7256,-8188,11300,-95,110,-153,-13324,3620,6888,-1020,49,-37,-13220,-6436,6500,-381,160,-126,0
2814.473703145981,8028,7864,10816,-107,-67,125,7168,-8096,11036,-65,103,-142,-13216,3596,7108,-987,71,-25,-13104,-6632,6660,-380,141,-110,0
2814.5072669982906,8016,7788,11044,-122,21,96,7280,-8212,11192,-95,114,-153,-13248,3644,6948,-920,128,-56,-13220,-6608,6532,-424,136,-100,0
2814.5408070087433,8064,7824,11212,-159,26,121,7324,-8132,11048,-68,103,-179,-13408,3616,7020,-1045,131,-63,-13224,-6588,6624,-389,80,-96,0
2814.574357032776,8056,7764,11064,-178,254,86,7188,-8180,11188,-69,134,-225,-13200,3584,7420,-1081,63,-51,-13152,-6624,6476,-223,177,-110,0
2814.607761144638,7996,7752,11172,-224,-125,90,7472,-8136,11108,-81,245,-202,-13160,3536,7068,-1091,-145,-39,-13216,-6668,6580,-140,206,-82,0
2814.6410529613495,7972,7804,11152,-244,-182,60,7260,-7952,11100,-40,260,-259,-13144,3652,6848,-1133,-41,-90,-13132,-6584,6488,-174,276,-93,0
2814.674721956253,8004,7816,10824,-274,-158,92,6952,-8428,11036,-1,9,-508,-13224,3664,7036,-1095,2,-73,-13292,-6404,6744,-276,246,-90,0
2814.7081921100616,8092,7812,11168,-230,-127,100,7164,-8096,11308,-19,193,-226,-13160,3652,6980,-1072,100,-74,-13244,-6660,6856,-284,205,-85,0
2814.741828918457,7936,7796,10796,-236,-143,103,7300,-8096,11108,-19,168,-227,-13136,3600,7336,-1107,69,-93,-13156,-6556,6800,-277,224,-105,0
2814.7754089832306,8024,7828,11048,-239,-144,114,6936,-8140,11220,23,207,-238,-13148,3556,7168,-1129,65,-55,-13208,-6660,6636,-252,233,-80,0
2814.8087410926814,8088,7780,11144,-249,-124,101,7276,-8144,11160,32,213,-212,-13228,3588,7044,-1105,19,-129,-13164,-6528,6704,-308,249,-113,0
2814.8453810214996,8176,7812,11124,-305,-107,118,7168,-8192,11252,96,228,-223,-13244,3580,7336,-773,-70,-121,-13332,-6544,6704,-268,277,-71,0
2814.8805940151215,8012,7916,11064,-175,-77,158,7108,-8084,11464,-30,159,-234,-13148,3540,7084,-1058,-82,-151,-13212,-6588,6744,-184,302,-80,0
2814.915969133377,8148,7824,11240,-290,-40,131,7236,-8168,11224,-252,149,-268,-13276,3384,6980,-1070,-76,-128,-13288,-6508,6768,9,470,-64,0
2814.9518010616302,8020,7724,11104,-313,141,205,7196,-8052,11112,146,101,-214,-13172,3652,7000,-1207,-181,-141,-14928,-6512,7224,327,761,-12,0
2814.988086938858,8144,7696,11292,-387,443,306,7244,-8008,11372,130,83,-176,-13104,3376,7252,-1335,-108,-244,-13316,-6560,6640,579,439,57,0
2815.022974014282,8124,7700,11036,-397,653,280,7088,-8140,11360,134,105,-178,-13204,3584,7356,-1413,-159,-195,-13308,-6428,6804,762,609,21,0
2815.058175086975,7876,7868,11076,-516,1109,586,7180,-8120,11460,218,143,-156,-13236,3512,6912,-1462,-428,-227,-13280,-6500,6300,534,865,-119,0
2815.0934839248657,8128,7704,11060,-760,141,414,7204,-7944,11036,143,2,-295,-13068,3384,6864,-1533,-506,-107,-13148,-6416,6560,11,479,-80,0
2815.1286659240723,7800,7556,11076,-218,-330,187,7400,-8028,11064,19,195,-266,-13308,3480,7404,-1280,-201,-128,-13076,-6380,6628,-262,531,-83,0
2815.1640150547028,7816,7552,11368,-284,-372,178,7308,-8204,11164,-31,104,-251,-13080,3408,7408,-1022,-310,-223,-13512,-6280,6412,-392,945,-148,0
2815.1994540691376,8444,7588,11232,-456,-164,172,7436,-7992,11224,107,504,-237,-13128,3488,7236,-1188,-130,-104,-13408,-6436,6580,-632,556,-142,0
2815.234612941742,7696,7584,11324,-418,-43,182,7104,-8120,11396,28,156,-138,-12936,3448,7400,-1093,-167,-131,-13552,-6384,6540,-520,630,-149,0
2815.2702169418335,8016,7620,11408,-472,-62,211,7284,-8016,11208,30,132,-171,-12964,3408,7268,-1089,116,-145,-13552,-6340,6172,-509,989,-147,0
2815.3057060241695,7872,7556,11320,-567,-132,210,7252,-7956,11500,101,201,-181,-13064,3388,7144,-1172,29,-156,-13460,-6416,6536,-684,791,-59,0
2815.341369152069,7952,7560,11176,-274,-153,88,7196,-8156,11424,37,177,-164,-13028,3504,7276,-1133,199,-156,-13520,-6424,6400,-812,358,-77,0
2815.3789970874786,8032,7520,11252,-12,-171,22,7192,-8076,11292,-43,115,-167,-12856,3508,7368,-1275,275,-124,-13332,-6500,6328,-901,102,-85,0
2815.4142870903015,7956,7548,11364,-7,-244,49,7216,-8092,11504,-108,184,-157,-12932,3440,7260,-806,356,-109,-13484,-6424,6332,-927,-49,-106,0
2815.450035095215,8064,7596,11052,-27,-236,8,7212,-8024,11384,-147,172,-159,-12908,3408,7344,-672,334,-85,-13496,-6356,6220,-624,129,-65,0
2815.4862151145935,8100,7536,11180,-227,-132,127,7208,-8080,11240,-135,125,-163,-13092,3268,7160,-768,302,-42,-13436,-6472,6180,-549,171,-87,0
2815.519289970398,8060,7544,11068,-183,-122,109,7120,-8116,11216,-158,108,-139,-13312,3456,7220,-787,278,-57,-13476,-6372,6244,-492,144,-94,0
2815.5529410839085,7992,7492,11308,-110,-57,72,7272,-8076,11244,-133,94,-155,-13308,3496,7196,-884,192,-79,-13524,-6348,6384,-267,147,-155,0
2815.586735010147,7992,7496,11188,-113,-58,55,7208,-7992,11224,-72,153,-135,-13008,3568,7400,-821,240,-80,-13404,-6384,6388,-564,48,-140,0
2815.6200909614563,7992,7588,11216,-13,-247,253,7216,-8092,11164,-133,123,-131,-13056,3276,7324,-806,249,-39,-13384,-6464,6272,-500,215,-137,0
2815.653335094452,8064,7496,11332,-178,254,30,7272,-8004,11144,-86,192,-203,-13160,3504,6916,-836,115,-38,-13496,-6340,6340,-423,216,-145,0
2815.6869480609894,7952,7564,11244,-197,-18,74,7156,-7988,11256,-105,167,-144,-13028,3488,7156,-863,137,-13,-13492,-6152,6584,-388,238,-134,0
2815.722330093384,7952,7580,11332,-212,-24,102,7328,-8100,11244,-76,211,-118,-13160,3476,7412,-863,161,4,-13548,-6204,6352,-406,211,-151,0
2815.7558720111847,7964,7548,11280,-194,-37,74,7052,-8096,11344,-102,212,-107,-12956,3492,7212,-824,76,-22,-13392,-6400,6320,-471,148,-167,0
2815.7894570827484,7844,7540,11132,-134,-84,57,6952,-8028,11196,-88,188,-176,-13036,3404,7088,-812,46,-10,-13476,-6372,6276,-766,171,-155,0
2815.822960138321,7692,7488,11480,-111,-64,40,7076,-8100,11196,-15,177,-160,-12988,3516,7360,-897,25,-70,-13444,-6440,6300,-480,198,-151,0
2815.856610059738,7968,7876,11352,-99,-16,42,7416,-8096,11016,9,215,-202,-13208,3716,7332,-920,12,-82,-13428,-6416,6404,-533,253,-139,0
2815.8901250362396,7728,7584,11356,-149,-29,66,7144,-8132,11144,21,224,-166,-13116,3580,7408,-878,-254,-51,-13352,-6428,6224,-541,196,-201,0
2815.9235849380493,7920,7652,11176,-159,-68,70,7204,-8128,11280,-25,185,-172,-13128,3448,7272,-865,68,-58,-13468,-6424,6324,-557,163,-189,0
2815.956941127777,8092,7612,11020,-105,-76,65,7104,-8108,11324,-36,182,-131,-13060,3612,7136,-886,72,-73,-13504,-6436,6288,-573,123,-146,0
2815.9904229640965,8136,7596,11124,-116,-59,67,7232,-7784,11428,12,135,-144,-13292,3624,7356,-833,123,-70,-13336,-6524,6232,-583,109,-151,0
2816.0238089561462,8080,7676,11024,-136,-102,73,7220,-8100,11268,-19,137,-125,-13296,3504,7384,-829,192,-40,-13404,-6400,6384,-588,117,-183,0
2816.0575330257416,8136,7916,11476,-149,-46,87,7128,-7988,11332,-43,129,-153,-13128,3468,7316,-867,253,-40,-13420,-6468,6356,-604,112,-183,0
2816.0911149978638,8164,7612,11260,-115,-58,80,7392,-8132,11172,19,187,-135,-13160,3716,7188,-756,214,-43,-13364,-6624,5944,-622,143,-163,0
2816.1245119571686,8048,7608,11012,-135,-80,108,7144,-8084,11012,18,193,-114,-13116,3480,7300,-534,146,-61,-13452,-6536,6320,-569,150,-167,1
2816.157930135727,7992,7640,11444,-73,-114,38,7016,-8132,11340,-48,164,-145,-13256,3628,7044,-835,238,-68,-13456,-6576,6344,-686,99,-168,1
2816.1912989616394,7820,7876,10876,11,-109,50,6924,-8080,11324,-57,129,-195,-12972,3532,7048,-847,302,-36,-13432,-6520,6324,-718,59,-153,1
2816.2247619628906,7920,7492,11136,-22,-140,31,6964,-7748,11456,-51,132,-163,-13200,3572,7108,-862,296,-27,-13436,-6532,6312,-714,5,-161,1
2816.2586231231694,8104,7640,11276,-254,-96,50,7088,-7948,11356,-58,150,-139,-13160,3808,7124,-886,250,-81,-13388,-6472,6160,-665,42,-150,1
2816.2919030189514,8124,7648,11244,-48,-98,53,7208,-8052,11268,252,138,-142,-13092,3780,7264,-923,150,-96,-13380,-6600,6212,-669,54,-163,1
2816.3253469467163,7976,7732,11100,-28,-53,81,7196,-7900,11312,-34,218,-145,-13180,3556,6952,-953,237,-32,-13332,-6592,6000,-589,66,-119,1
2816.3590810298924,8072,7676,11160,-90,-44,53,7112,-7992,11240,-48,507,-177,-13144,3376,7028,-931,251,-28,-13456,-6448,6284,-594,122,-123,0
2816.3922281265254,7700,7688,11332,-164,-12,72,7208,-8044,11244,-53,172,-172,-13104,3596,7136,-963,314,-77,-13444,-6432,6248,-590,178,-94,0
2816.4256939888005,8104,7588,11308,-107,-80,72,7180,-8108,11084,-71,67,-157,-13172,3712,6932,-995,273,-62,-13400,-6516,6232,-557,164,-134,0
2816.459272146225,7980,7668,11280,-58,-11,101,7140,-8096,11192,-67,69,-136,-13192,3680,7420,-1068,198,-38,-13328,-6524,6200,-637,163,-147,0
2816.4926741123204,7872,7656,11164,-99,-40,73,7144,-8032,11272,-76,99,-159,-13268,3632,7392,-773,194,-67,-13384,-6644,6304,-591,142,-149,0
2816.529892921448,7780,7772,11156,-85,-37,85,7376,-8068,11068,-9,133,-174,-13068,3716,6988,-1084,276,-100,-13408,-6644,6180,-627,191,-131,0
2816.565572977066,8056,7880,11032,-71,-43,93,7132,-7992,11016,9,135,-148,-13100,3580,7160,-1105,226,-119,-13376,-6540,6184,-592,214,-97,0
2816.6013829708095,7704,7736,11128,-68,-42,84,7176,-8096,11244,15,150,-133,-13184,3704,7012,-1140,227,-110,-13424,-6520,6224,-588,159,-99,0
2816.6371800899506,8148,7424,10956,-104,-22,112,7168,-8088,11392,25,104,-140,-13112,3636,6924,-1200,184,-110,-13364,-6556,6208,-546,261,-134,0
2816.674404144287,8148,7820,11180,-126,-3,103,7184,-8124,11296,7,154,-141,-13184,3636,7120,-1230,112,-129,-13568,-6520,6268,-521,319,-109,0
2816.7095041275024,7952,7760,11100,-174,-96,141,6916,-8092,11376,34,186,-172,-13188,3660,7204,-1227,81,-97,-13392,-6536,6220,-509,320,-95,0
2816.744677066803,7980,7676,11144,-176,-145,170,7112,-8068,11316,11,140,-202,-13244,3632,7400,-1190,76,-153,-13368,-6684,6280,-520,416,-69,0
2816.7805449962616,7680,7812,11112,-190,-205,152,7028,-8108,11268,-8,145,-205,-13160,3364,6928,-1190,42,-133,-13480,-6556,6248,-528,407,-55,0
2816.815626144409,7992,7772,11436,-173,-217,180,7124,-8176,11420,28,109,-185,-13064,3572,6916,-1228,59,-113,-13492,-6480,6072,-532,377,-83,0
2816.851408958435,8116,7760,11064,-188,-130,191,6960,-8192,11200,41,156,-180,-13120,3664,7116,-1258,28,-152,-13360,-6420,6196,-506,374,-73,0
2816.887356042862,7856,7720,11116,-201,-190,206,7080,-8084,11432,102,203,-200,-13168,3596,7004,-1290,103,-164,-13464,-6560,6176,-495,310,-45,0
2816.922023057937,7952,7788,11156,-181,-191,191,7112,-8000,11352,96,200,-221,-13152,3528,6956,-1337,115,-167,-13460,-6472,5908,-547,340,-74,0
2816.957627058029,8000,7688,11484,-191,-165,176,7256,-7824,11312,68,156,-208,-13204,3492,7396,-1333,93,-161,-13460,-6628,5896,-528,2,-56,0
2816.9926469326015,8056,7772,11164,-199,-204,198,7148,-7964,11280,36,120,-224,-13188,3496,7072,-1363,138,-134,-13556,-6488,6048,-527,187,-60,0
2817.0276670455933,8052,7632,11168,-222,-155,198,7112,-8004,11392,86,94,-191,-13164,3476,6952,-1342,128,-146,-13428,-6556,6044,-501,160,-67,0
2817.0638420581818,8056,7436,11156,-210,-115,217,7080,-7956,11356,105,101,-168,-13216,3080,7136,-1426,149,-160,-13440,-6556,6136,-446,128,-87,0
2817.099266052246,8040,7788,11196,-197,-107,134,7132,-7972,11332,95,168,-216,-13092,3476,7284,-1329,155,-110,-13500,-6472,6132,-430,152,-71,0
2817.134505033493,8012,7676,11040,-237,-88,154,7112,-7916,11484,87,123,-198,-13260,3372,7228,-1227,182,-147,-13508,-6540,6044,-203,107,10,0
2817.1713559627533,8008,7664,11212,-194,-105,171,7152,-7792,11380,43,151,-173,-13256,3328,7360,-974,108,-130,-13456,-6524,5908,250,-143,61,0
2817.204873085022,8052,7772,11200,-331,43,182,7048,-7940,11252,-12,169,-176,-13172,3388,7296,-894,153,-134,-13436,-6532,6292,331,-242,39,0
2817.2384560108185,7712,7688,11152,-433,-52,235,7096,-7896,11280,16,115,-224,-13156,3408,7388,-886,216,-130,-13416,-6540,6632,275,-178,76,0
2817.2719490528107,7968,7676,11024,-457,-357,290,6936,-7832,11324,62,29,-262,-13088,3488,6480,-1112,716,-80,-13428,-6552,6660,46,-888,49,0
2817.3055770397186,7872,7640,11132,-18,-447,286,7128,-7756,11364,25,-38,-224,-13080,3552,7180,-840,775,-22,-13068,-6312,5696,-438,-338,12,0
2817.3389670848846,8024,7324,11240,-38,-426,268,7084,-8044,11292,-63,-54,-265,-13116,3268,7704,-773,29,-218,-13540,-6640,5868,-506,1914,-60,0
2817.3726720809937,8300,7632,11236,-293,-443,507,7256,-7944,11332,124,212,-287,-13400,3076,6928,-1517,-234,-334,-13664,-6404,6492,247,2903,16,0
2817.405720949173,8228,7556,11000,-429,-276,214,7240,-7840,11468,128,150,-244,-13388,3396,6980,-1352,-268,-241,-13556,-6356,6252,95,2451,-87,0
2817.439275979996,8048,7628,11020,-573,-125,448,7416,-7712,11352,207,175,-160,-13204,3452,7064,-1292,-154,-170,-13552,-6288,6096,-524,708,-80,0
2817.4729321002965,8116,7620,11004,-407,-173,271,7100,-7996,11344,138,48,-183,-13156,3280,7136,-1292,113,-128,-13532,-6272,5876,40,292,35,0
2817.5066399574284,8424,7200,11180,-288,-141,285,7216,-7916,11268,123,-12,-218,-13316,3232,7108,-1316,126,-133,-13632,-6280,5908,-261,62,-32,0
2817.5398421287537,8192,7512,11296,-328,-176,192,7236,-7984,11360,67,49,-236,-13244,3312,7108,-1181,93,-115,-13324,-6404,6092,-516,-162,-78,0
2817.5730509757996,8388,7524,11156,-178,-203,126,7164,-7796,11300,24,109,-207,-13096,3248,7076,-1216,250,-112,-13624,-6404,5936,-555,-63,-80,0
2817.6065011024475,8408,7636,11068,-172,-171,134,7276,-7864,11352,-32,110,-238,-13300,3240,6992,-1042,213,-110,-13744,-6300,5836,-634,-89,-83,0
2817.6397860050206,8152,7524,11212,-115,-225,116,7096,-8152,11640,-129,97,-252,-13224,3256,7128,-968,219,-161,-13660,-6364,6084,-608,-76,-71,0
2817.6735260486603,8232,7532,11176,-142,-218,119,7396,-8180,11516,-121,82,-249,-13200,3320,7120,-1034,284,-94,-13560,-6356,5964,-465,91,-53,0
2817.7069659233093,8228,7436,11008,-134,-207,178,7252,-7888,11252,-87,41,-200,-13232,3236,7100,-936,208,-54,-13488,-6264,5832,-557,89,-70,0
2817.7404611110687,8236,7592,11056,-148,-236,154,7216,-7812,11468,-113,76,-247,-13200,3124,7316,-897,214,-69,-13544,-6384,6124,-650,-84,-103,0
2817.7740471363068,8252,7568,11064,-104,-232,112,7360,-7876,11100,-128,78,-229,-13100,3248,7220,-865,155,-124,-13588,-6372,5640,-561,174,-78,0
2817.8074600696564,8272,7540,11252,-96,-282,85,7224,-7976,11368,-89,152,-264,-13412,3236,6952,-914,79,-137,-13628,-6276,6112,-498,215,-120,0
2817.841071128845,8280,7548,10824,-81,-5,77,7288,-8108,11320,-47,175,-512,-13260,3320,7136,-927,99,-145,-13572,-6208,6112,-575,197,-108,0
2817.8747589588165,8380,7612,11152,-127,-235,116,7212,-7932,11364,6,109,-240,-13244,3296,7000,-952,124,-100,-13592,-6272,5664,-475,511,-77,0
2817.9079020023346,8264,7496,11024,-86,-284,131,7324,-7912,11124,-53,109,-247,-13228,3340,7088,-946,113,-107,-13564,-6292,5920,-495,208,-91,0
2817.941642999649,8320,7444,11192,-104,-279,140,7236,-7868,11320,-55,141,-221,-13192,3436,7156,-927,76,-59,-13536,-6320,5844,-543,125,-124,0
2817.9749670028687,8296,7228,10924,-111,-237,95,7308,-7744,11072,-76,2,-159,-13264,3224,7156,-873,41,-65,-13540,-6268,6036,-591,54,-179,0
2818.0084660053253,8416,7524,10764,-123,-123,68,7308,-7916,11316,4,265,-169,-13204,3316,7072,-881,-35,-254,-13624,-6280,5816,-592,111,-142,0
2818.0421710014343,8388,7560,10924,-71,-148,69,7244,-8012,11564,-26,210,-173,-13356,3240,7044,-880,12,-78,-13672,-6160,5964,-549,95,-154,0
2818.0756509304047,8436,7672,11168,-77,-206,82,7332,-8028,11404,-24,174,-177,-13332,3244,7112,-783,-24,-121,-13852,-6156,6040,-535,98,-181,0
2818.1090359687805,8404,7544,11072,-78,-225,53,7264,-7884,11300,-77,213,-209,-13152,3212,7088,-716,-98,-120,-13624,-6312,5892,-592,187,-252,0
2818.142298936844,8340,7596,11200,-141,-222,38,7124,-7748,11276,-73,241,-222,-13124,3264,7004,-589,-144,-61,-13536,-6304,5980,-546,206,-192,0
2818.175761938095,8296,7568,10896,-206,-278,69,7104,-7932,11392,-11,187,-211,-13072,3352,7376,-560,-194,-64,-13532,-6392,6064,-489,247,-138,0
2818.2125630378723,8252,7620,11040,-295,-302,94,7080,-7896,11440,-7,180,-240,-13180,3336,7400,-539,-250,-137,-13512,-6452,6052,-502,381,-117,0
2818.2481219768524,8248,7624,11176,-322,-317,107,7108,-8060,11428,-23,201,-221,-13224,3392,6972,-584,-243,-162,-13340,-6172,5908,-498,579,-80,0
2818.2840809822083,8372,7440,10880,-370,-380,183,7096,-7960,11308,-18,167,-303,-13020,3364,7188,-645,-199,-192,-13548,-6376,5956,-550,663,-57,0
2818.319659948349,8280,7584,11004,-361,-288,197,7168,-7884,11448,-23,150,-257,-13256,3320,7136,-666,-207,-181,-13476,-6324,5860,-634,623,-104,0
2818.35507106781,8396,7532,10984,-375,-264,201,7148,-7800,11264,-76,172,-511,-13040,3304,7132,-613,-193,-105,-13536,-6348,5748,-568,461,-112,0
2818.3902320861816,8480,7484,10864,-392,-44,119,7252,-7772,11144,-127,182,-184,-13128,3264,7088,-712,-147,-96,-13728,-6260,5724,-591,315,-116,0
2818.425663948059,8472,7392,11000,-378,88,107,7344,-7812,11244,-107,231,-151,-13148,3536,7160,-784,-116,-34,-13732,-6252,5944,-576,125,-132,0
2818.4613180160522,8528,7592,11208,-353,247,85,7352,-7796,11432,-80,285,-90,-13220,3284,7148,-899,-253,11,-13824,-6344,5732,-529,-35,-57,0
2818.4961309432983,8684,7528,11204,-360,510,59,7192,-7736,11480,-113,236,-114,-13260,3520,7124,-931,50,-64,-13672,-6360,5752,-442,58,-71,0
2818.531842947006,8320,7516,11196,-218,304,91,7344,-7944,11544,-30,193,-92,-13220,3456,7248,-937,60,-99,-13652,-6464,5676,-500,110,-151,0
2818.568097114563,8384,7556,11044,-155,274,3,6988,-7720,11416,-76,292,-146,-13060,3448,7028,-989,-5,-256,-13668,-6252,5780,-522,94,-142,0
2818.6033871173854,8324,7340,11088,-178,394,24,7364,-8156,11060,-99,230,-81,-13060,3480,7060,-1008,77,-55,-13652,-6344,5932,-536,51,-121,0
2818.6387050151825,8072,7452,11048,-170,419,29,7000,-7952,11372,-19,202,-58,-12952,3504,7340,-976,137,-241,-13564,-6396,5752,-495,-49,-140,0
2818.6742770671844,8188,7508,11184,-140,338,58,7068,-7980,11424,-72,163,-80,-13060,3468,7384,-974,77,-40,-13560,-6384,5908,-562,-15,-152,0
2818.7096340656285,8424,7552,11132,-108,506,75,6980,-7968,11452,-67,172,-126,-12992,3548,7360,-909,115,-76,-13640,-6404,5884,-552,112,-136,0
2818.7447829246526,7960,7504,11476,-81,81,108,7148,-7968,11268,-20,82,-172,-13152,3516,7224,-921,124,-172,-13536,-6252,5848,-578,132,-94,0
2818.7800641059875,8136,7508,11104,-98,-19,150,7184,-7956,11464,-15,252,-129,-12884,3468,7372,-918,115,-109,-13660,-6388,5820,-541,214,-95,1
2818.815588951111,8192,7512,11140,-128,-36,153,7156,-7948,11324,-78,115,-205,-13276,3488,7164,-974,170,-111,-13676,-6388,5888,-607,184,-99,1
2818.8526561260223,8240,7492,11024,-153,-57,138,7156,-8180,11288,-53,46,-216,-13184,3396,7252,-972,207,-74,-13764,-6424,5848,-594,143,-114,1
2818.8861079216003,8304,7536,11096,-142,-26,132,7256,-7832,11324,-84,199,-143,-13168,3404,7240,-902,-14,-52,-13716,-6204,5728,-766,91,-150,1
2818.91978096962,8336,7564,10816,-152,46,105,7152,-7880,11432,-35,191,-136,-13120,3388,7236,-959,82,-10,-13584,-6488,5676,-551,19,-129,1
2818.953495979309,8280,7580,11120,-167,79,81,7124,-8024,11144,-59,129,-143,-13064,3408,7352,-956,87,-69,-13612,-6400,5856,-558,54,-162,1
2818.987223148346,7996,7620,11276,-163,31,73,7160,-7972,11352,-65,145,-177,-12844,3528,7328,-953,148,-117,-13660,-6408,5924,-484,74,-93,1
2819.020530939102,8100,7584,11188,-184,-8,128,7072,-7876,11340,-75,40,-198,-13052,3336,7360,-961,156,-32,-13532,-6400,5840,-533,71,-53,1
2819.053985118866,8172,7516,11212,-176,1,115,7140,-8048,11464,-87,107,-192,-13124,3524,7168,-1003,147,-72,-13640,-6412,5844,-522,149,-89,0
2819.0874500274654,8280,7448,11100,-139,-41,109,7088,-7928,11452,-57,108,-194,-13224,3572,7136,-1278,170,-98,-13572,-6320,5832,-539,95,-74,0
2819.120820045471,7968,7500,11068,-146,-57,112,7200,-7940,11404,-30,126,-230,-13128,3440,7396,-1026,124,-84,-13616,-6492,5872,-527,81,-125,0
2819.1540961265564,8228,7596,11048,-149,-87,103,7092,-7744,11556,-65,81,-249,-13084,3484,7012,-966,142,-58,-13636,-6420,5616,-523,32,-106,0
2819.1876521110535,8264,7484,11016,-143,-52,111,7132,-7936,11352,-88,104,-190,-13052,3552,7116,-1011,89,-58,-13640,-6356,5876,-531,86,-138,0
2819.2208590507507,8228,7400,11220,-149,-18,102,7200,-7728,11096,-15,131,-177,-13088,3452,7004,-1021,99,-74,-13688,-6420,5948,-563,20,-138,0
2819.254369020462,8244,7580,11204,-110,-43,85,6972,-7988,11348,-49,108,-157,-13092,3440,6944,-1018,176,-76,-13676,-6396,5832,-551,6,-146,0
2819.2879271507263,8164,7588,11100,-132,-45,73,7172,-7888,11396,-119,85,-183,-13192,3380,7388,-1001,141,-30,-13812,-6356,5884,-514,28,-127,0
2819.3212151527405,8152,7508,11100,-173,-22,83,7204,-7888,11188,-48,165,-204,-13080,3444,7068,-998,151,-47,-13548,-6332,5728,-517,48,-110,0
2819.3548481464386,7944,7500,11056,-109,-29,108,7076,-8040,11352,-81,93,-174,-13160,3488,7308,-1067,180,-75,-13580,-6412,5872,-509,32,-108,0
2819.3882009983063,8144,7632,11080,-101,-7,90,6952,-7988,11304,-34,135,-144,-12908,3440,7556,-1045,156,-76,-13612,-6444,6128,-504,-48,-125,0
2819.4216790199284,8148,7468,11052,-140,-2,35,7140,-8012,11396,-128,112,-148,-13192,3444,7120,-769,118,14,-13544,-6564,5796,-557,-63,-121,0
2819.4550549983974,8172,7580,11244,-144,-6,91,7108,-7964,11340,-108,118,-198,-13176,3468,7284,-1027,178,-31,-13560,-6160,5956,-522,-34,-129,0
2819.4886679649353,8068,7524,11212,-155,-24,98,7232,-8008,11316,-34,118,-162,-13076,3436,7420,-1056,174,-86,-13488,-6648,6080,-523,45,-110,0
2819.522175073624,8136,7568,11172,-155,-60,112,7192,-7992,11240,-56,99,-197,-13136,3380,7140,-1025,150,-113,-13316,-6656,5968,-538,61,-104,0
2819.5557169914246,8100,7556,11048,-143,-89,113,7096,-7984,11316,-48,88,-208,-13304,3480,7160,-1011,200,-112,-13676,-6172,6052,-546,32,-105,0
2819.589296102524,8104,7640,11116,-153,-65,98,7200,-8060,11224,-84,132,-195,-13108,3604,7092,-965,159,-86,-13328,-6308,6016,-550,70,-85,0
2819.622663974762,8144,7616,11508,-143,-109,113,7228,-7988,11324,-47,90,-199,-13120,3484,7100,-1039,203,-112,-13696,-6388,5988,-553,39,-110,0
2819.656028032303,8132,7668,11160,-135,-68,113,7200,-7960,11304,-55,100,-164,-13172,3484,7116,-1024,182,-97,-13648,-6408,5976,-541,20,-140,0
2819.689841032028,8140,7500,11148,-135,-10,86,6960,-7932,11372,-97,73,-172,-13192,3500,7276,-1046,223,-80,-13540,-6468,6100,-549,-47,-151,0
2819.7234950065613,8044,7612,11128,-123,-22,91,7408,-7996,11320,-65,129,-169,-13152,3400,7148,-1043,211,-56,-13548,-6568,5708,-567,-8,-132,0
2819.756998062134,8168,7472,11128,-125,-37,75,7192,-8052,11256,-56,119,-174,-13124,3504,7408,-1023,196,-41,-13364,-6416,5976,-540,251,-154,0
2819.7905530929565,8032,7612,11164,-154,-42,93,7140,-8092,11360,-59,125,-210,-13180,3392,7252,-1036,208,-74,-13616,-6344,6032,-563,14,-88,0
2819.824201107025,8128,7580,11164,-133,-93,128,7072,-8024,11236,-42,89,-187,-13152,3468,7272,-1011,7,-66,-13516,-6428,5856,-270,38,-87,0
2819.857903003692,8068,7624,11220,-155,-106,135,7096,-8008,11124,-51,101,-189,-13184,3524,7148,-997,231,-102,-13608,-6468,6000,-533,75,-89,0
2819.894408941269,8064,7856,11236,-154,-56,160,7216,-8032,11364,-67,63,-169,-13164,3424,7120,-1035,216,-47,-13328,-6452,6016,-538,62,-106,0
2819.9302871227264,8144,7500,11276,-159,-83,121,7420,-8064,11504,-50,111,-177,-13232,3628,7260,-1061,211,-36,-13552,-6452,5980,-575,255,-131,0
2819.965542078018,8112,7624,11100,-156,-38,93,7080,-8020,11352,-5,95,-181,-13204,3532,7112,-1058,145,-60,-13556,-6468,6060,-525,8,-122,0
2820.0019350051884,8124,7652,11064,-102,-46,77,7068,-8004,11156,-71,99,-150,-13244,3472,7076,-1012,219,-49,-13540,-6632,5952,-533,17,-127,0
2820.0378060340886,8240,7620,11104,-137,-100,56,7216,-8148,11468,-32,76,-202,-13116,3508,7076,-1072,239,-137,-13444,-6320,5924,-534,69,-122,0
2820.072811126709,8160,7528,11156,-72,-93,76,7252,-8036,11308,-79,72,-204,-13220,3540,7108,-1044,243,-48,-13752,-6188,6240,-535,35,-112,0
2820.1083800792694,8176,7596,11004,-101,-48,108,7104,-8016,11168,-97,20,-179,-13192,3400,6924,-1053,209,-40,-13496,-6552,6052,-533,-38,-199,0
2820.1434020996094,8400,7508,10800,-67,56,48,7328,-7724,11244,-157,94,-120,-13272,3540,7108,-1095,213,36,-13564,-6428,6004,-580,-89,-227,0
2820.179450035095,8088,7544,11176,-77,123,-12,7232,-8052,11360,-158,117,-101,-13160,3460,7092,-1024,124,24,-13752,-6440,5848,-576,-93,-214,0
2820.2148439884186,8148,7460,11116,-80,116,11,7224,-8008,11240,-104,157,-118,-13100,3440,7072,-1083,136,23,-13484,-6356,6052,-551,-17,-210,0
2820.2506799697876,8044,7624,11028,-46,87,20,7164,-7960,11276,-148,112,-148,-13192,3536,7012,-1081,195,-40,-13476,-6444,6080,-560,4,-170,0
2820.2855529785156,8076,7620,11252,-13,41,35,7224,-7968,11272,-158,39,-155,-13188,3548,7416,-1049,170,-55,-13484,-6468,6132,-550,18,-187,0
2820.321911096573,9724,6396,9136,-737,-100,-24,7244,-8088,11220,-232,144,-149,-13164,3504,6992,-1000,188,207,-13516,-6500,6204,-536,16,-196,0
2820.3584380149846,8052,7664,11048,-42,5,30,7408,-7992,11308,-159,156,-132,-13148,3468,7208,-1068,43,40,-13432,-6540,6052,-517,56,-174,0
2820.399963140488,8028,7668,10800,-65,247,32,7156,-8176,11020,-124,208,-123,-13200,3496,7176,-983,68,-2,-13452,-6532,6052,-539,-3,-189,0
2820.436180114746,7992,7672,11216,-71,-19,4,7360,-8100,11424,-145,229,-114,-13184,3456,7064,-952,44,11,-13724,-6628,6044,-570,40,-205,0
2820.4721829891205,8008,7760,11148,-53,-56,11,7220,-8156,11264,-159,198,-166,-13216,3336,7076,-998,47,207,-13456,-6480,6136,-565,86,-158,0
2820.5080440044403,7944,7756,11028,-36,-54,9,7096,-8072,11516,-111,199,-152,-13252,3484,7100,-1051,108,-73,-13452,-6476,5988,-625,127,-196,0
2820.5438680648804,8112,7724,10840,-31,-62,11,7188,-8092,11208,-70,195,-123,-13196,3584,6924,-1002,68,-79,-13588,-6492,6116,-593,130,-198,0
2820.5774331092834,8088,7772,11120,-48,-87,22,7224,-8088,11256,-79,166,-159,-13256,3532,7144,-1012,114,250,-13436,-6552,6052,-635,140,-220,0
2820.6109640598297,8020,7796,10952,-50,-118,30,6940,-8036,11328,-83,169,-112,-13148,3476,6916,-1053,115,-6,-13436,-6596,6160,-658,233,-205,0
2820.644254922867,8068,7832,10936,-33,-165,40,7040,-8132,11212,-101,149,-163,-13120,3448,7200,-1034,171,-42,-13512,-6524,5928,-606,128,-161,0
2820.677919149399,7952,7836,11140,-31,-135,70,7168,-8232,11284,-117,125,-149,-13212,3432,7252,-1279,180,220,-13460,-6412,6364,-546,56,-156,0
2820.7111690044403,8052,7896,11128,-58,-79,113,7128,-8140,11352,-106,83,-151,-13272,3356,7048,-1136,137,6,-13392,-6568,6332,-603,71,-188,0
2820.7445430755615,8056,7688,11256,-112,-91,105,7412,-8152,11316,-38,90,-147,-13140,3596,6912,-1156,78,-248,-13432,-6556,6072,-577,104,-167,0
2820.7783241271973,7984,7784,11064,-75,-61,92,7184,-8100,11152,-36,128,-111,-13156,3360,7376,-1144,151,-42,-13548,-6680,6036,-564,115,-201,0
2820.8119020462036,8120,7828,11120,-87,-60,63,6964,-8092,11148,-68,134,-142,-13132,3440,7024,-1088,111,-60,-13492,-6492,5992,-579,147,-192,0
2820.8455510139465,8020,7772,11092,-117,-81,46,7092,-8172,11340,-21,104,-169,-13112,3532,7164,-1155,153,-74,-13400,-6576,5892,-582,132,-192,0
2820.87920999527,8056,7504,10980,-90,-59,48,7180,-8168,11232,-45,111,-157,-13528,3504,7084,-1071,120,-55,-13444,-6584,6216,-568,124,-182,0
2820.912444114685,7976,7868,11108,-90,-81,63,7116,-8148,11228,-8,134,-156,-13192,3468,7084,-1091,118,-33,-13488,-6876,6332,-559,87,-182,0
2820.946401119232,7764,7896,11132,-99,-64,81,7220,-8092,11292,-59,117,-141,-13152,3572,6992,-1096,158,-23,-13452,-6612,6044,-552,83,-152,0
2820.979830980301,7708,7844,11256,-116,-70,62,7408,-8100,11116,-43,134,-137,-13192,3544,7048,-1076,138,-83,-13416,-6544,6136,-498,145,-170,0
2821.013495922088,8032,7788,11048,-133,-40,83,7100,-8088,11492,-7,144,-133,-13092,3440,7092,-1105,101,-70,-13360,-6584,6396,-566,185,-132,0
2821.0471630096436,7940,7868,10872,-99,-76,116,7136,-8092,11132,-28,102,-166,-13132,3452,7076,-1123,163,-60,-13432,-6636,6236,-579,201,-143,0
2821.0807449817657,8024,7848,10984,-94,-112,115,7144,-8136,11508,-37,114,-180,-13188,3480,7100,-1102,172,-45,-13408,-6888,5892,-548,153,-144,0
2821.1142470836644,8012,7748,11148,-113,-74,68,6956,-8116,11160,-46,92,-151,-13256,3432,6924,-1113,114,-103,-13444,-6632,5956,-586,188,-175,0
2821.1472599506374,8040,7784,11224,-135,-99,91,7156,-8100,11148,-16,154,-189,-13092,3516,7108,-1072,49,-79,-13420,-6636,6080,-554,160,-153,0
2821.180752038956,8016,7848,11264,-146,-103,116,7168,-8092,11308,-20,122,-151,-13156,3752,6912,-1058,137,-66,-13488,-6688,5912,-605,162,-145,0
2821.2143371105194,7952,7856,11020,-118,-58,98,7208,-8196,11316,-61,123,-169,-13280,3452,7124,-1087,111,-76,-13388,-6872,6056,-572,126,-151,0
2821.24790596962,8140,7788,11012,-132,-92,78,7188,-8208,11328,-67,138,-175,-13064,3564,7208,-1118,102,-59,-13444,-6576,6388,-608,157,-174,0
2821.2816450595856,7968,7808,11124,-144,-70,89,7136,-8136,11112,-10,140,-153,-13148,3548,6868,-1125,119,-97,-13320,-6584,5972,-563,144,-123,0
2821.315243959427,7964,7880,11116,-123,-110,112,7132,-8088,11072,17,57,-206,-13100,3496,7256,-1127,112,-120,-13368,-6636,6024,-567,217,-116,0
2821.34871506691,7992,7836,11260,-147,-89,117,7116,-8124,11168,-40,96,-192,-13248,3412,7196,-1093,55,-95,-13436,-6692,5992,-767,230,-127,0
2821.3822231292725,8160,7856,11200,-178,-37,109,7236,-8220,11232,-33,128,-150,-13272,3404,7088,-1044,36,-59,-13484,-6896,5992,-419,136,-112,0
2821.415806055069,8132,7872,10816,-231,24,110,7192,-8080,11188,-18,161,-151,-13212,3480,7316,-1279,83,-77,-13420,-6592,5936,-216,74,-54,0
2821.449448108673,8020,7884,11068,-293,116,117,7356,-7988,11288,-67,121,-168,-13172,3480,7132,-774,75,-64,-13344,-6876,6076,-97,-39,-29,0
2821.482936143875,7972,7828,11004,-336,158,100,6988,-8124,11328,-57,157,-145,-13112,3552,7128,-968,48,-84,-13348,-6608,6012,-33,12,-23,0
2821.5166261196136,7828,7884,10988,-320,132,108,7060,-8176,11336,-122,180,-146,-13160,3516,7024,-995,-48,-38,-13452,-6640,6056,-72,74,-18,0
2821.5522050857544,7940,7808,11120,-321,87,111,7392,-8072,11220,-160,246,-173,-13156,3384,7112,-1044,-171,-86,-13376,-6616,6124,253,222,-24,0
2821.588114976883,7832,7860,10964,-339,-29,89,7164,-8156,11332,-120,248,-236,-13100,3460,7008,-1145,-1,-68,-13344,-6576,6164,-167,55,-6,0
2821.623693943024,7996,7872,10980,-332,-170,121,7148,-8396,11204,-72,111,-233,-13084,3496,6936,-1191,288,-98,-13344,-6460,6448,-131,-587,16,0
2821.659343957901,7932,7764,11136,-103,-134,184,7208,-7984,11168,85,-7,-188,-13072,3516,6956,-1189,563,-48,-13484,-6532,6376,-341,-1134,-71,0
2821.694633960724,7740,7684,11012,157,-240,149,7012,-8292,11208,-117,72,-139,-13312,3472,8076,-893,-40,-56,-13436,-6668,5388,-1054,1264,-148,0
2821.730530977249,7968,7896,11248,-207,-16,23,7236,-8184,11564,-151,131,-264,-13396,3352,7300,-1530,-586,-224,-13672,-6408,6516,493,1550,34,0
2821.7654831409454,7984,7804,11040,-471,40,135,7024,-7960,11240,45,170,-181,-13040,3372,6944,-1586,-793,-124,-13432,-6436,5948,219,3158,-97,0
2821.8012969493866,7904,7924,10812,-550,1087,202,7036,-8160,11172,214,44,-114,-13052,3480,7184,-1595,-336,-88,-13336,-6620,6292,-39,1493,-104,0
2821.8373589515686,7952,7868,11324,-864,1096,269,7052,-8208,11140,145,105,-62,-13168,3384,7556,-1614,-378,-97,-13420,-6336,5632,461,1196,87,0
2821.871801137924,7772,7636,11324,-359,1039,205,7200,-8180,11184,200,148,-196,-13084,3232,7580,-1704,-333,-227,-13480,-6296,5940,195,706,-53,0
2821.907623052597,7604,7424,11228,-591,186,508,7212,-8100,11240,8,207,-274,-13312,3200,7372,-1086,-299,-185,-13320,-6508,5888,-76,499,-62,0
2821.942332983017,7924,7696,11496,-1,-95,185,6984,-8132,11376,-74,228,-243,-12932,3344,7376,-920,-136,-51,-13708,-6436,5872,-435,-128,-107,0
2821.9781839847565,7936,7732,11348,-286,-359,123,7096,-8180,11216,-162,263,-505,-13192,3392,7076,-692,-92,-47,-13528,-6464,6248,-852,-479,-96,0
2822.0134270191193,7480,7652,11436,51,-668,15,7128,-8204,11228,-206,241,-244,-13132,3424,7212,-624,83,-59,-13676,-6532,6032,-776,-710,-165,0
2822.049168109894,7764,7720,11156,-7,-668,36,6952,-7960,11264,-104,208,-196,-12992,3380,7176,-591,291,-37,-13812,-6200,6012,-832,-270,-113,0
2822.0849969387054,7780,7732,11264,-125,-461,167,7368,-8200,11244,-58,89,-250,-13096,3572,7168,-612,305,-60,-13488,-6496,5944,-639,11,-67,0
2822.120913028717,7804,7740,11080,-215,-436,159,7236,-8144,11244,-8,120,-512,-12992,3332,7228,-616,405,-81,-13348,-6504,6064,-679,-168,-57,0
2822.1558539867406,7968,7608,10808,-142,-387,115,7212,-8156,11092,-6,86,-248,-13076,3424,7516,-716,221,-154,-13508,-6376,5908,-445,81,-67,0
2822.1914489269257,7876,7656,11380,-206,-314,170,7232,-8084,11412,97,124,-246,-13116,3336,7288,-844,145,-169,-13628,-6268,6044,-347,215,-46,0
2822.227061986923,7920,7672,11260,-241,-247,181,7140,-8116,11144,74,105,-213,-13060,3360,7320,-859,141,-100,-13716,-6452,5952,-295,216,-29,0
2822.260474920273,8032,7708,11168,-229,-169,181,7380,-8188,11240,24,117,-212,-13136,3400,7244,-901,114,-109,-13548,-6468,6004,-264,272,-54,0
2822.293916940689,7956,7680,11116,-303,-232,182,7180,-8036,11156,65,140,-200,-13152,3404,7336,-917,130,-99,-13488,-6452,6132,-267,292,-66,0
2822.3275229930878,7996,7792,11216,-239,-145,192,7096,-8104,11248,-5,89,-218,-13132,3296,7292,-937,97,-124,-13536,-6436,5976,-320,277,-98,0
2822.3609650135045,8044,7700,11212,-278,-189,138,7152,-8196,11328,-28,128,-214,-13164,3400,7316,-933,128,-77,-13512,-6332,5972,-341,227,-141,0
2822.3945989608765,8008,7668,11040,-230,-61,121,7408,-8164,11488,-19,150,-161,-13200,3352,7296,-995,103,-30,-13516,-6272,5948,-345,106,-154,0
2822.427719116211,7948,7620,10948,-173,6,104,7196,-8024,11504,18,184,-115,-13276,3352,7304,-1004,44,19,-13564,-6480,5916,-394,52,-184,0
2822.4611539840694,7928,7680,11224,-247,32,117,7176,-8128,11476,-25,200,-126,-13004,3404,7372,-1278,67,-48,-13464,-6388,5960,-415,39,-177,0
2822.4948229789734,7960,7684,11196,-205,-2,58,7144,-8264,11260,-81,191,-175,-13268,3432,7248,-769,47,-74,-13592,-6428,6068,-478,121,-200,0
2822.5280640125275,7956,7640,11304,-155,-63,105,7288,-8188,11488,-5,155,-182,-13064,3520,7256,-1017,79,-35,-13600,-6604,6348,-538,69,-160,0
2822.5617010593414,7916,7652,11192,-173,-407,69,7136,-8152,11112,-17,146,-164,-12824,3384,7264,-1002,111,-38,-13540,-6452,6036,-498,91,-153,0
2822.5948770046234,7920,7632,11040,-215,-70,111,6912,-8096,11244,-34,122,-176,-13100,3480,7232,-1043,220,-74,-13480,-6392,6176,-483,27,-157,0
2822.62818813324,7724,7604,11408,-165,-91,81,7152,-8148,11292,-17,95,-164,-13072,3416,7296,-946,118,-45,-13484,-6416,6048,-543,2,-131,0
2822.6613340377808,8104,7648,11140,-141,-76,93,6916,-8092,11228,-38,180,-130,-13228,3440,7288,-902,41,-56,-13564,-6364,6180,-554,17,-208,0
2822.6948590278625,8000,7500,11024,-151,-135,66,7068,-8404,11200,-35,168,-172,-13068,3408,7276,-867,83,-102,-13532,-6528,6148,-768,21,-183,0
2822.7281749248505,7992,7908,11464,-157,-140,66,7168,-8084,11324,-50,214,-152,-12988,3280,7256,-894,92,-69,-13528,-6508,6064,-511,36,-163,0
2822.761934041977,8032,7620,11220,-185,-166,44,7128,-8148,11236,-73,183,-144,-13148,3568,6944,-847,145,-61,-13476,-6448,6344,-569,-53,-170,0
2822.7955141067505,8020,7640,11160,-158,-179,76,7136,-8124,11220,-22,145,-145,-13228,3388,7264,-793,78,-38,-13480,-6416,5976,-527,15,-144,0
2822.829015016556,7944,7732,11072,-144,-216,79,7020,-8060,11412,11,150,-137,-13072,3444,7212,-814,133,-87,-13496,-6388,6136,-534,-60,-161,0
2822.8624770641327,8032,7680,11328,-80,-5,57,7336,-7944,11320,-75,130,-157,-13192,3440,7208,-831,96,-71,-13540,-6420,5904,-584,-60,-174,0
2822.8958039283752,8156,7680,11156,-117,-159,89,7184,-8092,11276,-69,167,-120,-13092,3480,7240,-931,147,-21,-13816,-6520,6044,-563,-97,-132,0
2822.929244041443,8144,7688,11152,-119,-129,122,7208,-7976,11276,-64,117,-106,-13072,3408,7296,-941,169,253,-13468,-6444,6356,-553,-65,-147,0
2822.9628710746765,8020,7664,11192,-86,-106,97,7084,-8088,11036,-48,106,-117,-13144,3544,7180,-967,173,26,-13496,-6448,6248,-552,-75,-163,0
2822.9961359500885,7964,7716,11100,-116,-127,78,7108,-8120,11196,-90,127,-148,-13064,3448,7376,-948,162,-38,-13340,-6484,6480,-582,-102,-181,0
2823.0297300815582,8024,7704,11064,-133,-151,41,7040,-8220,11340,-71,136,-168,-13080,3460,7272,-940,140,-62,-13540,-6504,6220,-543,-39,-143,0
2823.063164949417,7932,7624,11068,-106,-156,63,7084,-8244,11492,-56,118,-161,-13068,3584,7304,-973,162,-51,-13408,-6416,6220,-549,-32,-133,0
2823.096892118454,7944,7656,11080,-121,-143,93,6964,-8216,11312,-28,98,-161,-12968,3340,6944,-932,160,-32,-13436,-6508,6136,-552,28,-116,1
2823.1303119659424,8104,7656,11056,-135,-174,62,7136,-8164,11220,-45,121,-195,-13044,3488,7232,-948,152,-85,-13428,-6392,6216,-533,41,-140,1
2823.163556098938,8004,7596,11100,-136,-183,100,7164,-8156,11292,-73,127,-171,-13012,3456,7128,-970,169,-102,-13532,-6548,6296,-551,39,-142,1
2823.1973419189453,8020,7668,11048,-140,-138,104,7200,-8104,11140,-42,143,-162,-13284,3568,7160,-920,124,-74,-13504,-6512,6152,-550,21,-164,1
2823.232749938965,8036,7740,11024,-136,-106,57,7176,-8172,11200,-35,188,-131,-13072,3480,7368,-921,80,-64,-13512,-6220,6160,-526,2,-165,1
2823.268774986267,8076,7784,10940,-138,-67,63,7356,-8152,11480,-50,137,-148,-13040,3572,6964,-954,105,-36,-13444,-6448,5916,-547,-11,-130,1
2823.3041939735413,7984,7812,11016,-154,-68,91,7116,-8064,11188,-48,117,-163,-13108,3456,7068,-997,202,-53,-13392,-6552,6192,-527,10,-111,1
2823.339709997177,7852,7716,11076,-202,-60,90,7160,-8100,11132,-62,132,-137,-13180,3548,6996,-953,112,-22,-13396,-6524,6360,-504,18,-121,1
2823.374985933304,8044,7684,11200,-174,-107,110,7148,-7960,11276,-89,97,-196,-13000,3416,7372,-955,193,-56,-13360,-6488,6344,-495,59,-108,0
2823.4107501506805,8008,7636,11100,-202,-129,138,7100,-8196,11076,-65,89,-197,-13284,3568,7148,-1013,190,-41,-13508,-6512,6284,-494,53,-96,0
2823.445543050766,8060,7704,11016,-195,-100,105,7368,-8140,11140,-73,100,-209,-13072,3512,7100,-971,152,-65,-13368,-6504,6344,-507,42,-128,0
2823.4815020561214,8004,7652,11124,-159,-104,111,7088,-8252,11232,-46,133,-168,-13244,3532,7332,-973,125,-74,-13412,-6624,6280,-260,69,-110,0
2823.5175559520726,8068,7820,11024,-193,-18,91,7096,-8192,11296,-33,141,-192,-13112,3416,7252,-1009,136,-76,-13528,-6408,6284,-491,95,-113,0
2823.5527279376984,7988,7924,11204,-178,-67,89,7100,-8108,11128,-64,104,-172,-13096,3588,7208,-968,128,-74,-13388,-6456,6284,-515,75,-122,0
2823.588005065918,8044,7920,11172,-166,-103,109,7088,-8168,11216,-34,93,-196,-13264,3408,7092,-998,163,-40,-13364,-6484,6324,-507,77,-92,0
2823.623712062836,7764,7760,11132,-167,-107,109,7120,-8184,11100,-34,129,-184,-13128,3588,7224,-992,118,-93,-13488,-6592,6284,-503,111,-93,0
2823.659358024597,8036,7848,11100,-198,-90,108,7392,-8108,11092,-33,134,-155,-13076,3548,7200,-964,143,-57,-13376,-6472,6248,-525,53,-121,0
2823.6941499710083,8092,7752,11088,-166,-119,96,7236,-8056,11236,-36,143,-167,-13032,3544,7228,-987,130,-70,-13352,-6504,6496,-574,73,-158,0
2823.729644060135,8044,7744,10960,-236,-78,99,7132,-8116,11084,9,127,-165,-12856,3516,7260,-962,93,-76,-13320,-6560,6216,-568,80,-101,0
2823.7646911144257,7952,7892,11004,-141,-55,133,7084,-8136,11408,-41,184,-168,-13068,3388,7400,-945,187,-120,-13384,-6540,6276,-591,47,-117,0
2823.8001661300655,8012,7776,10996,-218,-110,89,7012,-7968,11040,-15,115,-222,-13032,3528,7188,-936,209,-133,-13132,-6404,6212,-604,131,-43,0
2823.835154056549,7936,7748,11036,-176,-114,135,7176,-8444,11208,-251,185,-166,-13128,3564,6936,-903,229,-80,-13380,-6472,6320,-661,63,-88,0
2823.872262954712,7972,7756,11096,-159,-60,130,7164,-8020,11132,-39,132,-157,-13160,3452,7308,-825,267,-73,-13468,-6516,6292,-701,-51,-113,0
2823.905503034592,7948,7772,11100,-176,-85,121,7040,-8232,11516,-84,85,-172,-13132,3560,7276,-781,291,-129,-13380,-6584,6308,-690,-31,-47,0
2823.9392571449284,7920,7616,11052,-180,-91,108,7124,-8396,11088,-44,129,-199,-12848,3700,6964,-810,282,-119,-13400,-6544,6420,-717,-14,-29,0
2823.9729030132294,8068,7648,11244,-166,-127,133,7124,-8196,11232,-255,112,-226,-13124,3524,6912,-936,315,-113,-13568,-6496,6308,-710,39,-20,0
2824.006649017334,8012,7624,11092,-143,-171,146,7116,-8164,11124,5,85,-231,-13120,3560,7176,-903,299,-146,-13356,-6532,6296,-709,63,-47,0
2824.040195941925,8032,7680,11140,-143,-163,122,7108,-8144,11120,1,109,-214,-13264,3472,7144,-969,324,-142,-13428,-6500,6440,-627,93,-56,0
2824.073758125305,8180,7652,11272,-190,-183,121,7184,-8184,11208,5,78,-196,-13256,3620,7032,-960,262,-167,-13432,-6500,6420,-640,98,-68,0
2824.1073801517487,8140,7732,11080,-185,-201,124,7200,-8168,11284,35,125,-202,-13216,3536,6960,-959,235,-151,-13444,-6528,6364,-670,47,-88,0
2824.1406841278076,8144,7668,11016,-186,-143,109,7196,-8140,11384,10,49,-190,-13260,3340,7060,-975,269,-125,-13328,-6608,6256,-635,50,-76,0
2824.1742689609528,8024,7736,11052,-180,-154,155,7176,-8196,11184,-22,82,-203,-13272,3532,7108,-969,235,-91,-13332,-6512,6292,-607,103,-63,0
2824.207530975342,8084,7632,11048,-194,-147,117,6948,-8108,11156,15,83,-217,-13248,3536,7224,-975,188,-130,-13340,-6544,6308,-615,50,-46,0
2824.2410340309143,8204,7668,11120,-191,-137,128,7060,-8068,11024,56,92,-216,-13176,3796,7032,-1274,223,-132,-13360,-6564,6192,-601,89,-50,0
2824.27450299263,8092,7632,11068,-176,-168,152,7176,-8156,11228,41,77,-212,-13108,3524,7116,-1007,225,-136,-13344,-6444,6320,-604,66,-46,0
2824.3081970214844,8096,7632,11088,-174,-134,148,7080,-8104,11188,47,98,-220,-13180,3396,7068,-778,209,-92,-13416,-6496,6240,-590,65,-51,0
2824.3417761325836,8060,7800,11256,-225,-163,151,7104,-8056,11276,12,82,-205,-13124,3560,6952,-1027,226,-113,-13392,-6468,6340,-608,27,-43,0
2824.3753390312195,8188,7724,11192,-184,-115,156,7244,-8144,11172,-24,104,-168,-13272,3508,7052,-1050,207,-109,-13400,-6564,6332,-592,29,-61,0
2824.4085640907288,8160,7432,10932,-186,-105,129,7208,-8420,11100,-7,50,-180,-13236,3568,7264,-1067,165,-115,-13388,-6528,6260,-585,47,-112,0
2824.4421939849854,8140,7704,11104,-178,-81,135,7212,-8064,11208,-2,76,-169,-13064,3516,7120,-1026,203,-52,-13268,-6660,6384,-584,-8,-104,0
2824.4756700992584,8164,7704,11212,-133,-62,92,7140,-8136,11268,-76,99,-200,-13172,3572,6924,-1008,170,-68,-13412,-6488,6420,-575,44,-115,0
2824.509335041046,8304,7928,11124,-184,-59,82,7180,-8076,11032,-39,102,-143,-13268,3500,6992,-1017,160,-42,-13340,-6428,6276,-563,-11,-126,0
2824.5428559780125,8200,7636,11028,-134,-21,97,7240,-8000,11044,-32,150,-93,-13272,3584,6832,-1016,162,-44,-13428,-6456,6340,-554,-47,-158,0
2824.5764689445496,8128,7576,11024,-157,16,78,7168,-8064,11156,-74,160,-118,-13232,3556,7040,-1041,149,245,-13308,-6528,6240,-543,-45,-142,0
2824.6099779605865,8108,7656,10920,-145,19,69,7072,-8124,11312,-105,131,-136,-13284,3580,6988,-1000,153,-255,-13488,-6560,6356,-532,253,-136,0
2824.6432271003723,8060,7760,11204,-81,-7,56,7284,-8132,11464,-82,146,-153,-13264,3448,6972,-1011,109,-48,-13540,-6496,6576,-552,40,-121,0
2824.67689704895,7996,7652,11096,83,-496,12,7096,-8040,11276,-59,158,-167,-13168,3540,7044,-1000,141,-58,-13264,-6640,6356,-549,30,-107,0
2824.710294008255,8008,7720,11124,-70,-22,46,6956,-8092,11444,-80,138,-177,-13220,3480,6868,-983,119,-72,-13544,-6560,6204,-761,-7,-130,0
2824.743767976761,8124,7676,11040,-123,3,40,7144,-8124,11240,-75,126,-177,-13068,3540,6992,-1019,126,-45,-13368,-6540,6400,-502,35,-117,0
2824.77743601799,7992,7772,11124,-135,20,86,7164,-8208,11352,-100,185,-150,-13248,3824,6972,-980,91,-51,-13352,-6520,6352,-541,47,-136,0
2824.8108661174774,8092,7724,11012,-113,-51,67,7192,-8096,11268,-59,170,-151,-13188,3540,7068,-990,60,-58,-13320,-6632,6460,-497,61,-185,0
2824.8443880081177,8092,7756,11088,-105,-22,60,7216,-8000,11240,-77,135,-151,-13236,3484,6972,-1015,82,-76,-13272,-6620,6464,-519,48,-159,0
2824.8779349327087,7940,7788,11228,-116,-18,65,7136,-8204,11284,-97,138,-159,-13148,3632,7108,-1007,57,-74,-13304,-6488,6400,-504,105,-166,0
2824.9139840602875,8004,7744,10988,-137,-9,59,7160,-8144,11196,-73,162,-153,-13276,3488,6948,-1018,44,-78,-13368,-6492,6220,-492,73,-138,0
2824.949023962021,8024,7764,11064,-127,-25,77,7420,-8116,11204,-39,117,-144,-13172,3792,7144,-1039,77,-9,-13324,-6568,6332,-499,54,-147,0
2824.9849331378937,8024,7832,11244,-131,-22,66,7188,-7964,11228,-49,142,-170,-13220,3468,7092,-1044,65,-81,-13560,-6408,6368,-461,97,-146,0
2825.0204780101776,8072,7880,10800,-146,-26,76,6944,-8176,11216,-61,150,-148,-13328,3540,6880,-1019,57,-19,-13384,-6624,6404,-460,58,-132,0
2825.0558841228485,8048,7816,11036,-151,-39,73,7172,-8152,11108,-70,162,-162,-13240,3348,7132,-1058,42,-27,-13188,-6564,6420,-496,95,-157,0
2825.0912590026855,8044,7772,11040,-166,-31,94,7168,-7972,11032,-58,126,-147,-13224,3352,7072,-1085,61,-31,-13108,-6532,6508,-501,58,-123,0
2825.127594947815,8040,7816,11048,-98,10,74,7420,-8112,11208,-66,145,-140,-13188,3556,7080,-1093,63,-45,-13076,-6604,6648,-470,71,-158,0
2825.162863969803,8008,7780,11124,-140,5,63,7316,-8380,11308,-43,134,-165,-13312,3608,7032,-1076,25,-59,-13276,-6436,6500,-460,108,-144,0
2825.19851398468,8048,7828,10788,-120,-10,72,7084,-8136,11136,-45,123,-149,-13200,3692,6780,-1111,16,-31,-13180,-6596,6184,-443,123,-146,0
2825.233938932419,7984,7752,11020,-117,-44,92,6912,-7944,11276,-75,127,-140,-13156,3820,7124,-1078,-7,-11,-13212,-6652,6428,-467,89,-143,0
2825.269879102707,7980,7892,11156,-142,255,97,6976,-8232,11076,-96,141,-146,-13260,3496,6960,-1058,13,-8,-13352,-6596,6400,-441,78,-126,0
2825.3048050403595,8024,7776,11180,-172,-33,92,7112,-8216,11120,-105,136,-136,-13252,3580,7120,-1019,-249,-71,-13208,-6604,6380,-458,128,-138,0
2825.3402140140533,8028,7796,11036,-139,-78,105,7344,-8104,11160,-25,149,-183,-13092,3552,7128,-1047,63,-46,-13292,-6528,6400,-472,156,-106,0
2825.375004053116,8020,7880,11116,-133,-72,125,7224,-8172,11068,-48,121,-190,-13304,3560,7076,-1048,80,-82,-13264,-6524,6520,-468,167,-119,0
2825.413279056549,7764,7828,11112,-158,-87,107,7192,-7964,11032,-42,145,-170,-13232,3788,7032,-1030,77,-92,-13304,-6604,6424,-476,134,-139,0
2825.449737071991,8044,7784,11056,-156,-38,102,7180,-8172,11124,-13,165,-171,-13264,3620,7028,-981,67,-65,-13280,-6512,6364,-471,158,-127,0
2825.4850521087646,8164,7856,11048,-174,-53,97,7412,-8232,11052,-37,148,-159,-13252,3548,6772,-773,100,-48,-13552,-6892,6520,-498,142,-133,0
2825.5203161239624,8132,7848,11116,-128,-36,96,7092,-8228,11224,-75,131,-184,-13108,3564,7132,-1017,88,-49,-13280,-6584,6392,-483,118,-130,0
2825.5557010173798,7724,7772,11184,-161,-66,106,7124,-8152,11112,-68,154,-177,-13264,3528,7152,-980,52,-77,-13288,-6624,6484,-502,133,-120,0
2825.591460943222,7940,7772,11032,-168,-58,89,7116,-8152,11464,-54,140,-163,-13112,3464,7220,-1007,87,-121,-13256,-6616,6632,-497,148,-126,0
2825.624992132187,8076,7912,11184,-170,-55,101,7152,-8220,11208,-25,137,-168,-13284,3816,7068,-1028,102,-107,-13436,-6568,6492,-516,167,-139,0
2825.6585359573364,7996,7840,11140,-139,-90,96,7140,-8228,11256,-29,132,-181,-13216,3548,6940,-1006,52,-69,-13220,-6628,6480,-758,147,-144,0
2825.692018032074,8044,7856,10960,-131,-97,104,7096,-8252,11212,-53,143,-156,-13192,3528,7156,-994,100,-106,-13312,-6572,6448,-519,166,-100,0
2825.7252099514008,8008,7684,11032,-152,-88,106,7200,-8212,11304,-76,133,-169,-13208,3792,7228,-982,136,-90,-13376,-6512,6424,-518,118,-94,0
2825.7587671279907,8084,7876,10988,-169,-91,114,7144,-8324,11148,-41,156,-166,-13080,3412,6920,-992,103,-56,-13164,-6512,6156,-529,117,-135,0
2825.792252063751,8116,7760,11020,-188,-67,128,6916,-8428,11148,-9,108,-156,-13140,3524,6848,-1046,125,-41,-13248,-6596,6328,-513,125,-120,0
2825.8259570598602,7996,7880,11016,-148,-42,113,7116,-8408,11504,-65,128,-187,-13132,3552,7148,-1035,114,-20,-13208,-6588,6268,-257,107,-134,0
2825.8595089912415,7980,7816,11104,-196,-58,66,7296,-8152,11152,-36,129,-167,-13200,3616,7208,-1010,98,-81,-13352,-6516,6528,-506,128,-136,0
2825.892730951309,8124,7784,11052,-183,-53,104,7144,-8176,11048,-53,120,-150,-13168,3344,7032,-1006,89,-96,-13252,-6520,6296,-261,130,-107,0
2825.926471948624,8004,7724,11000,-151,-53,117,7236,-7996,11140,-23,130,-156,-13184,3528,7100,-1056,113,-36,-13236,-6628,6324,-505,114,-143,0
2825.9597709178925,8008,7936,11092,-168,-29,102,6916,-8244,11404,-44,142,-150,-13100,3676,7368,-985,131,-28,-13316,-6600,6384,-480,110,-129,0
2825.993463039398,8164,7920,11172,-240,-54,93,7160,-8312,11140,-39,188,-185,-13156,3588,7340,-1039,144,-80,-13212,-6592,6424,-469,175,-85,0
2826.0269560813904,7892,7932,11128,-234,-130,130,7112,-8252,11268,27,157,-191,-13216,3564,7004,-1036,130,-143,-13164,-6572,6500,-517,211,-59,0
2826.0605149269104,8028,7856,11068,-248,-130,140,7052,-8296,11192,12,111,-227,-13112,3516,7036,-1073,184,-139,-13084,-6564,6168,-536,217,-75,0
2826.0940289497375,8000,7744,11236,-218,-156,160,7116,-8288,11092,-14,132,-219,-13152,3544,7048,-1051,201,-96,-13328,-6588,6528,-511,212,-55,0
2826.1275701522827,8076,7732,11240,-234,-137,140,7132,-8168,11180,-256,130,-212,-13124,3608,6928,-1050,146,-100,-13296,-6468,6464,-492,194,-61,0
2826.1608231067657,8008,7792,11056,-228,-105,149,7192,-8108,11008,3,200,-185,-13280,3500,7020,-1057,150,-149,-13548,-6628,6356,-494,170,-62,0
2826.19434094429,7836,7908,10756,-234,-79,157,7084,-8264,11020,31,145,-174,-13128,3540,6908,-1042,187,-155,-13356,-6576,6540,-761,180,-41,0
2826.2277119159694,7996,7824,11064,-240,-82,177,6924,-8408,11208,36,123,-210,-13080,3448,7308,-1088,216,-125,-13316,-6448,6508,-484,177,-66,0
2826.261240005493,8020,7816,11208,-279,-133,183,7096,-8100,11196,15,143,-236,-13204,3472,7136,-1050,219,-125,-13328,-6616,6480,-507,196,-40,0
2826.2949471473694,8052,7740,11000,-250,-169,158,7156,-7968,11484,42,135,-230,-13236,3404,7020,-1051,187,-126,-13504,-6412,6456,-499,209,-73,0
2826.328591108322,8008,7800,11012,-5,-138,186,7152,-8040,11172,68,180,-233,-13204,3468,7012,-1043,162,-184,-13272,-6636,6212,-511,209,-64,0
2826.3619971275334,8100,7836,11060,-271,-146,171,7096,-8044,11220,70,132,-228,-13200,3396,7088,-1038,184,-127,-13088,-6608,6652,-463,170,-74,0
2826.395339012146,7996,7724,10856,-241,-137,140,7372,-8356,11316,62,140,-198,-13308,3500,7128,-1031,172,-132,-13080,-6480,6492,-464,158,-67,0
2826.4289939403534,8048,7752,11128,-250,-150,165,7216,-8080,11044,43,124,-225,-13232,3472,7068,-1007,139,-95,-13084,-6624,6336,-485,168,-114,0
2826.4624969959254,8036,7784,11044,-280,-112,154,7012,-8208,11348,39,174,-169,-13264,3564,7016,-1011,133,-95,-13372,-6572,6348,-452,155,-58,0
2826.4960980415344,8116,7496,11244,-267,-128,160,7192,-8112,11112,16,161,-181,-13196,3512,6872,-1014,187,-121,-13180,-6540,6356,-478,167,-62,0
2826.529892921448,7804,7708,11092,-288,-119,166,7100,-8136,11340,27,71,-202,-13284,3544,6964,-1037,170,-170,-13416,-6532,6192,-468,180,-76,0
2826.56329202652,8036,7780,11172,-264,-124,155,7100,-8080,11508,68,147,-191,-13196,3528,7112,-990,102,-115,-13244,-6708,6328,-456,161,-81,0
2826.600301027298,8048,7648,11092,-243,-143,145,6916,-8196,11164,26,239,-204,-13068,3480,6856,-993,121,-102,-13372,-6480,6204,-473,215,-110,0
2826.6360330581665,8064,7880,10988,-235,-118,148,7196,-8156,11152,-4,136,-195,-13300,3624,6852,-1013,116,-113,-13304,-6572,6504,-463,149,-102,0
2826.6720769405365,8116,7736,10840,-205,-84,127,7264,-8096,11184,6,173,-130,-13188,3472,6820,-969,80,-27,-13248,-6584,6408,-482,87,-137,0
2826.708179950714,7972,7756,11140,-190,-25,108,7068,-8104,11176,-40,142,-165,-13128,3460,7096,-999,63,-245,-13296,-6652,6160,-472,76,-183,0
2826.7434251308446,8012,7824,10852,-177,-39,83,7208,-8092,11312,-45,182,-151,-13088,3564,7120,-963,31,-62,-13168,-6408,6240,-502,162,-160,0
2826.7793221473694,8116,7728,10952,-138,-40,83,7180,-8052,11484,-11,161,-151,-13276,3440,7076,-1021,77,-50,-13372,-6488,6476,-483,143,-131,0
2826.8144359588623,8128,7688,11124,-168,-34,107,7160,-8132,11120,-18,109,-179,-13256,3416,7052,-1010,103,-82,-13352,-6504,6580,-504,163,-129,0
2826.8506660461426,8092,7908,11036,-145,-84,112,6920,-8068,11320,-45,69,-184,-13252,3436,7092,-983,103,-64,-13368,-6568,6340,-466,152,-128,0
2826.8860580921173,8044,7852,11116,-198,-31,97,6920,-8152,11508,-49,46,-154,-13284,3424,6944,-964,92,-15,-13132,-6444,6492,-473,142,-165,0
2826.9223330020905,8056,7768,11212,-142,-35,73,6956,-8028,11236,-36,127,-174,-13256,3416,6952,-953,61,-57,-13280,-6568,6396,-500,110,-166,0
2826.9580171108246,7764,7688,10912,-137,-34,93,7108,-8068,11192,-37,150,-163,-13140,3596,7020,-954,63,249,-13292,-6780,6480,-503,76,-126,0
2826.992933034897,7984,7740,11232,-189,-8,89,7068,-8172,11100,-87,133,-155,-13188,3784,7088,-981,92,-10,-13268,-6532,6608,-516,100,-188,0
2827.02880191803,8056,7668,11248,-143,-21,88,7212,-8184,11432,-37,120,-153,-13204,3488,6940,-1010,69,-40,-13320,-6572,6328,-501,131,-195,0
2827.0639140605927,7964,7780,11192,-129,-29,86,7156,-8192,11236,-44,210,-168,-13276,3604,7088,-1016,65,-48,-13272,-6572,6580,-535,104,-145,0
2827.0994911193848,8052,7528,11080,-114,-20,86,7164,-8140,11252,-14,134,-143,-13192,3532,6896,-1005,120,-33,-13200,-6528,6440,-263,58,-177,0
2827.134922981262,8136,7772,10976,-115,-16,96,7012,-8020,11308,-19,102,-170,-13208,3488,7052,-996,62,-36,-13084,-6412,6428,-497,89,-145,0
2827.1705441474915,8184,7804,11120,-152,-26,76,7132,-8116,11196,-26,206,-134,-13204,3824,7044,-939,79,7,-13416,-6624,6412,-479,25,-165,0
2827.2056131362915,8032,7780,11100,-160,-247,97,7148,-8004,11084,-92,153,-122,-13276,3592,7132,-937,49,-252,-13320,-6564,6388,-480,33,-162,0
2827.2426409721375,7968,7624,11180,-199,-251,114,7248,-8200,11152,-37,237,-100,-13256,3524,6952,-1033,84,-36,-13340,-6592,6152,-551,75,-188,0
2827.2760801315308,7860,7728,11040,-162,25,96,7056,-8100,11288,6,129,-149,-13132,3544,6956,-1038,126,-22,-13240,-6612,6352,-518,30,-157,0
2827.309912919998,7960,7816,11132,-136,-17,84,7140,-8184,11408,-74,176,-171,-13180,3456,7084,-985,13,-34,-13396,-6700,6480,-443,18,-172,0
2827.3434660434723,8124,7728,11212,-209,-6,55,7176,-8072,11272,-29,219,-154,-13216,3804,7076,-943,56,-248,-13500,-6404,6440,-370,24,-144,0
2827.3770909309387,8148,7784,10836,-211,41,80,6976,-8120,11208,-60,134,-120,-13172,3580,6768,-872,125,245,-13232,-6600,6484,-368,3,-89,0
2827.410404920578,7980,7868,10796,-2,-8,134,7060,-8136,11444,-86,145,-95,-13124,3560,7024,-898,104,31,-13216,-6860,6576,-292,4,-45,0
2827.4439079761505,8116,7864,11208,-251,-3,137,7024,-8228,11220,-131,209,-125,-13132,3596,6992,-897,124,46,-13544,-6848,6508,-330,7,-72,0
2827.4774169921875,7960,7776,11216,-271,13,167,7036,-8116,11280,-140,105,-106,-13224,3376,7044,-862,185,-241,-13300,-6420,6448,-415,37,-49,0
2827.5111520290375,7872,7784,11044,-216,-14,195,7056,-8204,11232,-122,98,-109,-13168,3680,7140,-961,135,-20,-13208,-6520,6424,-405,29,-50,0
2827.5448150634766,8016,7632,10908,-185,-49,222,7028,-8144,11280,-10,144,-72,-13172,3580,7128,-1042,123,-79,-13228,-6448,6508,-369,88,-84,0
2827.578506946564,8048,7644,11068,-129,-86,224,7104,-8156,11188,61,140,-71,-13068,3348,6712,-1101,123,-91,-13276,-6616,6608,-455,90,-136,0
2827.61185503006,7948,7628,11104,-157,-53,182,7184,-8140,11192,107,176,-85,-13268,3520,7040,-1077,83,-76,-13072,-6644,6532,-472,44,-148,0
2827.644809961319,8032,7732,11244,-73,3,107,7060,-8080,11168,107,178,-116,-13272,3568,7076,-1071,91,-86,-13320,-6496,6464,-502,105,-140,0
2827.6784570217133,8072,7852,11084,-97,86,126,6984,-8064,11500,84,102,-73,-13256,3552,7112,-1099,58,230,-13256,-6520,6632,-760,72,-95,0
2827.711813926697,8068,7708,11060,-142,129,133,7120,-8200,11368,90,106,-72,-13128,3652,7016,-1121,143,13,-13272,-6464,6584,-470,38,-60,0
2827.7452630996704,7916,7732,11072,-118,189,197,7044,-7944,11436,134,77,-34,-12936,3620,7016,-1127,186,43,-13268,-6532,6500,-499,96,-10,0
2827.778748035431,7868,7768,11100,-168,76,252,7016,-7940,11292,121,52,-53,-13272,3484,7100,-1117,162,-58,-13036,-6780,6572,-405,65,-81,0
2827.812196969986,7856,7476,11444,-218,243,121,6936,-8032,11320,109,146,-177,-13240,3552,7128,-975,169,-152,-13216,-6704,6676,-384,119,-161,0
2827.8454649448395,7860,7772,11476,-148,-50,91,6916,-8188,11296,89,193,-233,-13156,3524,7036,-991,239,-159,-13144,-6636,6660,-437,215,-80,0
2827.87907409668,7816,7800,11084,-121,-147,182,7104,-8132,11500,-2,41,-281,-13284,3524,7024,-1013,364,-163,-13224,-6440,6616,-514,200,35,0
2827.9123210906982,8044,7900,11116,-123,-163,240,7016,-8112,11296,-42,18,-273,-13224,3652,6748,-1045,407,-84,-13640,-6376,6368,-503,146,104,0
2827.9458010196686,8280,7520,11052,-340,-81,242,7420,-8140,10988,39,126,-248,-13556,3536,6740,-1081,367,-130,-13460,-6532,6552,-765,198,-79,0
2827.979243993759,8100,7284,11140,-455,-24,45,7216,-8292,11212,144,316,-212,-13596,3708,7004,-1141,86,-160,-13328,-6632,6528,-500,198,-187,0
2828.0127210617065,8032,7592,11032,-177,-94,88,7144,-8220,11524,145,304,-155,-13152,3744,6788,-1094,61,-135,-13340,-6472,6804,-571,190,-126,0
2828.0462510585785,7936,7796,11228,-183,-71,136,6956,-8056,11332,82,171,-151,-13068,3504,6760,-956,180,-132,-13144,-6512,6580,-559,204,-58,0
2828.0799601078033,7884,7704,10948,-181,-63,216,6964,-8032,11364,63,103,-179,-13096,3820,6952,-946,411,-128,-13064,-6616,6424,-500,165,60,0
2828.1133091449738,7916,7756,11248,-269,-6,192,7176,-7984,11516,30,138,-199,-13332,3336,7300,-872,272,-166,-13228,-6764,6252,-495,263,-134,0
2828.1467990875244,7812,7732,11240,-357,-157,44,7028,-8028,11420,28,279,-339,-13232,3468,7016,-866,102,-215,-13176,-6584,6432,-485,294,-167,0
2828.1803109645844,7864,7656,11212,-264,-158,-5,7028,-8204,11216,60,399,-297,-13084,3768,6936,-878,36,-150,-13312,-6456,6656,-547,267,-108,0
2828.213658094406,7692,7708,11140,-245,-137,96,7028,-8080,11316,50,207,-216,-13332,3708,6920,-927,-9,-113,-13280,-6536,6516,-767,175,-93,0
2828.247148036957,7928,7628,11208,-10,-80,138,7372,-8064,11364,26,249,-228,-13080,3372,6844,-820,121,-138,-13244,-6564,6384,-472,190,-129,0
2828.283504009247,7904,7612,11016,-245,-215,105,7060,-8088,11516,9,139,-283,-13556,3652,6844,-850,83,-178,-13276,-6444,6508,-492,291,-67,0
2828.318750143051,8076,7760,10920,-243,-226,191,7156,-7900,11412,-9,51,-230,-13232,3532,7044,-955,126,-125,-13352,-6524,6400,-509,216,-22,0
2828.354264974594,7940,7696,11184,-231,-144,230,7072,-7892,11252,-65,-8,-180,-13344,3576,7052,-905,115,-248,-13088,-6504,6400,-568,100,-24,0
2828.389663934708,8172,7496,11236,-221,-103,260,7188,-7888,11344,-77,253,-107,-13396,3408,6944,-883,28,33,-13560,-6496,6596,-481,1,-82,0
2828.4247500896454,8168,7696,11228,-322,49,184,7232,-7984,11300,-119,36,-87,-13156,3512,7148,-831,-104,104,-13384,-6736,6388,-407,-14,-108,0
2828.4608500003815,7908,7756,11292,-361,55,105,7164,-8160,11316,-197,240,-91,-13240,3796,7060,-707,-68,45,-13240,-6576,6636,-343,-37,-79,0
2828.496189117432,7888,7668,11380,-308,1,85,6968,-8156,11508,-213,126,-145,-13124,3584,7004,-748,-61,249,-13036,-6340,6396,-476,237,-92,0
2828.532040119171,7768,7380,11132,-180,-267,114,6840,-8236,11208,-69,101,-248,-13180,3652,6952,-1038,-34,-165,-13384,-6200,6548,-422,215,-31,0
2828.5676181316376,8120,7436,11124,15,21,206,7048,-8148,11216,65,-26,-90,-13252,3760,6860,-1042,183,16,-13356,-6460,6580,-570,22,27,0
2828.602798938751,8188,7820,11328,50,-23,368,7388,-7888,11448,-89,-94,-68,-13204,3192,6920,-856,357,250,-13120,-6832,6436,-398,166,98,0
2828.6381180286407,7792,7572,11316,-511,-165,201,6960,-8088,11028,-221,20,-233,-13464,3732,7012,-843,186,-15,-13412,-6508,6652,-310,198,12,0
2828.673800945282,8084,7484,11208,-193,25,110,7088,-8252,11244,-160,122,-129,-13272,3948,6688,-932,80,60,-13248,-6304,6724,-519,55,-60,0
2828.7095880508423,8040,7372,11156,-71,44,129,7168,-8136,11000,-232,124,-76,-13252,3712,6760,-903,-14,56,-13224,-6368,6508,-458,-18,-146,0
2828.7450671195984,8044,7420,11200,-109,74,107,7292,-8432,11108,-144,105,-96,-13448,3556,6700,-936,-9,-240,-13256,-6332,6448,-411,96,-127,0
2828.780303001404,8080,7444,11368,-222,-23,1,7296,-8092,11516,-65,233,-197,-13332,3620,6884,-1035,-121,-134,-13228,-6484,6456,-393,207,-298,0
2828.815570116043,7984,7424,11100,-104,-69,-64,7028,-8152,11388,57,507,-200,-13216,3640,7132,-1124,-162,-150,-13328,-6432,6544,-467,104,-276,0
2828.8518669605255,7844,7724,11072,95,21,-42,7016,-8124,11440,41,138,-185,-13168,3672,7040,-1141,-135,-181,-13332,-6504,6460,-621,248,-254,0
2828.8875751495366,7940,7656,11316,-10,-105,-24,7208,-8028,11272,72,185,-251,-13196,3464,6660,-1065,-121,-148,-13540,-6480,6692,-527,240,-246,0
2828.9244129657745,7920,7568,11204,-73,-45,-69,7128,-8008,11028,-12,187,-512,-13140,3760,6916,-1048,-74,-81,-13244,-6320,6484,-409,136,-193,0
2828.958158969879,7756,7552,11188,-152,-1,-30,7096,-8216,11144,-21,186,-137,-13272,3764,6688,-1061,-95,-4,-13552,-6360,6784,-476,51,-183,0
2828.991800069809,7968,7588,11260,-121,125,52,7040,-8268,11328,-12,187,-46,-13096,3840,6928,-1070,-4,3,-13112,-6648,6756,-476,-62,-134,0
2829.025321960449,7796,7768,11240,-27,176,113,6972,-8168,11268,-78,89,-27,-13144,3644,6960,-1084,132,17,-13068,-6516,6588,-445,-27,-161,0
2829.0590641498566,7836,7728,11204,-117,101,43,7176,-8080,11280,-89,64,-133,-13192,3588,7104,-1025,91,-1,-13272,-6584,6408,-767,12,-214,0
2829.092278957367,7920,7788,11064,-68,30,42,7080,-8088,11288,-88,136,-210,-13264,3508,6988,-777,68,-59,-13132,-6620,6632,-533,122,-214,0
2829.125631093979,7784,7780,11072,-144,-105,-12,7180,-8108,11420,-95,181,-287,-13256,3504,7132,-989,-107,-102,-13280,-6864,6600,-442,180,-298,0
2829.159088134765,7752,7876,10924,-194,-38,-74,7088,-7980,11516,-70,216,-225,-13196,3720,7196,-900,35,-91,-13376,-6344,6468,-611,115,-197,0
2829.1926300525665,8028,7780,11032,32,-29,88,7072,-8116,11324,61,155,-75,-13048,3564,6748,-1128,194,-100,-13320,-6608,6516,-258,205,-21,0
2829.226166009903,7884,7836,11000,22,-38,235,7016,-7876,11292,113,70,-103,-13220,3140,7096,-1015,381,-61,-13380,-6940,6580,-459,-16,-36,0
2829.2597920894623,7892,8252,11068,-57,30,207,7040,-7948,11488,-106,252,-128,-13260,3624,7388,-825,474,20,-13244,-6424,6892,-529,23,97,0
2829.2932181358337,7920,7804,11104,-134,-100,286,6932,-7988,11252,-203,-26,-108,-13004,3800,6964,-910,458,46,-13136,-6552,6816,-458,143,136,0
2829.3267369270325,7848,7592,11156,-227,-60,286,7400,-8300,11108,-108,5,-100,-13248,3644,6964,-966,433,54,-13184,-6456,6704,-482,53,-25,0
2829.3602550029755,7752,7408,11256,-170,53,63,7128,-8316,11072,-137,122,-176,-13232,3600,7252,-966,134,-49,-13064,-6412,6700,-497,159,-182,0
2829.393583059311,7764,7440,11244,-241,-101,-61,7024,-8376,11044,-2,354,-270,-13348,3908,6952,-1015,27,-190,-13488,-6284,6752,-506,173,-311,0
2829.4269609451294,7936,7528,11260,-167,19,-69,6924,-8328,11276,76,260,-221,-13120,3844,6708,-1085,21,-18,-13208,-6388,6428,-599,286,-187,0
2829.4605619907375,7984,7700,11308,13,-184,153,7164,-8432,11080,142,11,-234,-13084,3748,6680,-1177,274,-290,-13240,-6576,6620,-618,343,-11,0
2829.4940280914307,7880,7772,11172,-69,-252,198,7128,-8060,11008,150,30,-320,-13344,3708,7096,-1066,453,-264,-13084,-6872,6676,-455,317,-70,0
2829.5273950099945,7932,7876,11428,-508,-216,66,7176,-8100,11296,46,153,-324,-13456,3740,7316,-1276,201,-262,-13468,-6484,6404,-470,351,-108,0
2829.5610389709473,8064,7656,11204,-290,-234,70,6980,-8012,11060,42,315,-240,-13228,4056,7132,-1096,96,-213,-13304,-6288,6680,-607,282,-118,0
2829.5947799682617,8168,7920,10800,-210,-126,127,6984,-8068,11384,80,210,-155,-13192,3728,6772,-1121,223,-104,-13232,-6564,6648,-559,92,-70,0
2829.628266096115,7816,7756,11112,-210,-254,129,7024,-8212,11216,57,90,-148,-13320,3560,7040,-1058,148,251,-13412,-6652,6764,-438,71,-162,0
2829.661843061447,7968,7440,11416,-383,87,-12,7128,-8236,11036,-38,212,-168,-13232,3792,6832,-988,-31,-36,-13200,-6472,6448,-524,62,-242,0
2829.6955070495605,7816,7652,11220,-285,16,46,7036,-8132,11380,42,213,-155,-13244,3500,6764,-1230,-251,-132,-12816,-6532,6288,-478,221,-130,0
2829.728951931,7820,7840,11112,-256,-167,138,6916,-7708,11288,102,132,-253,-13076,3536,6992,-1147,118,-203,-13116,-6812,6152,-502,236,-181,0
2829.762540102005,7748,7892,11184,-318,-246,4,6932,-8184,11360,37,271,-351,-13376,3524,7396,-990,-26,-187,-13196,-6796,6632,-441,209,-289,0
2829.7957921028137,7860,7796,11120,-329,-180,-102,7000,-8036,11476,249,393,-361,-13208,3516,6880,-1019,-99,-182,-13236,-6600,6212,-482,311,-251,0
2829.829330921173,7776,7788,11168,-273,-246,-18,6960,-8044,11236,19,199,-383,-12984,3636,6796,-1150,16,-159,-13244,-6452,6512,-617,282,-133,0
2829.862983942032,7900,7572,11056,-222,-240,112,7064,-8120,11184,81,97,-239,-13088,3788,6672,-1146,192,-157,-13280,-6276,6472,-620,333,-251,0
2829.896399974823,8048,7520,11504,-200,-210,257,7396,-7944,11012,45,35,-190,-13388,3640,6672,-1186,197,-138,-13460,-6420,6616,-618,221,-9,0
2829.9297621250153,8164,7548,11368,-213,-242,296,7280,-7972,11208,56,79,-137,-13408,3612,6828,-1082,154,-35,-13332,-6588,6612,-444,70,-25,0
2829.966171979904,8032,7688,11328,-243,-70,7,7248,-8144,11464,-13,93,-91,-13256,3496,7180,-1029,127,-69,-13172,-6692,6532,-441,64,-61,0
2830.0019199848175,7732,7856,11140,-202,-70,247,6920,-7692,11604,51,174,-81,-13076,3368,7168,-1032,172,-77,-13172,-6812,6496,-388,62,10,0
2830.0380170345306,7720,7892,11236,-231,-101,214,6944,-7956,11496,-47,21,-189,-13144,3380,7280,-942,264,-62,-13112,-6800,6392,-394,150,4,0
2830.073324918747,7704,7872,11140,-273,-212,142,6932,-7688,11352,-197,65,-328,-13148,3436,7040,-920,178,-131,-13128,-6592,6380,-383,510,-72,0
2830.109153985977,7972,7600,11124,-286,-276,44,7388,-7972,11072,-197,27,-387,-13556,3504,6852,-973,100,-127,-13184,-6452,6500,-488,293,-118,0
2830.1444511413574,8012,7492,11156,-255,-302,28,7060,-8036,11172,-80,243,-293,-13324,3600,6728,-945,-253,-166,-13464,-6416,6464,-425,185,-126,0
2830.193825006485,8196,7576,11196,-247,-85,62,7196,-7992,11456,-50,190,-146,-13304,3600,6968,-1011,59,-25,-13360,-6456,6472,-457,254,-54,0
2830.240478992462,8184,7596,11172,-202,20,170,7192,-7976,11144,-68,89,-68,-13268,3480,6860,-949,134,19,-13544,-6548,6468,-478,4,-35,0
2830.2817211151123,8076,7840,11048,-221,31,199,7192,-8212,11256,-101,106,-50,-13380,3828,6888,-991,111,81,-13364,-6432,6484,-534,18,-82,0
2830.317198038101,8056,7464,11260,-217,22,133,6924,-8244,11176,-116,164,-70,-13448,3668,7052,-1090,58,39,-13320,-6412,6640,-589,64,-136,0
2830.3524401187897,8020,7532,11100,-230,69,115,7176,-8096,11332,-68,141,-85,-13276,3680,6944,-1046,-45,30,-13248,-6152,6572,-841,102,-237,0
2830.388057947159,7712,7656,11312,-147,-2,74,6932,-8108,11180,-63,217,-84,-13380,3544,7032,-1052,-99,221,-13248,-6452,6620,-823,172,-254,0
2830.4292371273045,7780,7432,11368,-219,-23,30,7000,-8084,11104,-49,214,-191,-13216,3476,7088,-984,-48,-69,-13200,-6544,6484,-673,193,-249,0
2830.4644050598145,7864,7772,10796,-147,-117,67,7012,-8084,11500,-54,183,-206,-12968,3504,7140,-969,-245,-116,-13216,-6696,6400,-434,157,-194,0
2830.49951505661,7860,7712,11252,-139,-96,42,6980,-8008,11380,-53,135,-267,-13076,3632,7036,-886,70,-79,-13220,-6720,6596,-290,86,-205,0
2830.5350840091705,7944,7636,11168,-101,-85,-248,7004,-8000,11036,-60,191,-242,-13300,3648,6924,-925,29,-137,-13204,-6656,6508,-356,103,-191,0
2830.570508003235,7996,7628,11100,-98,-102,-4,7128,-8116,11500,-35,230,-220,-13252,3560,6828,-970,58,-192,-13268,-6416,6648,-585,159,-216,0
2830.6067020893097,7980,7600,11080,-82,-175,8,7156,-8056,11176,36,179,-243,-13172,3564,7036,-1093,-4,-181,-13244,-6532,6228,-763,268,-215,0
2830.639799118042,8112,7848,11236,-42,-157,49,7136,-8064,11348,20,135,-246,-13228,3572,7100,-1055,45,-91,-13340,-6888,6484,-750,218,-239,0
2830.6734669208527,8140,7732,11128,-74,-153,54,7192,-8000,11408,43,148,-216,-13228,3488,6956,-1079,68,-73,-13452,-6792,6588,-538,156,-152,0
2830.7070310115814,8036,7664,11144,-171,-63,45,7236,-8124,11308,3,161,-203,-13140,3588,6968,-1017,49,-102,-13280,-6496,6488,-476,157,-138,0
2830.740359067917,7944,7908,11316,-207,-91,65,7144,-8132,11220,-17,161,-209,-13232,3784,7068,-1054,49,-88,-13328,-6648,6444,-282,161,-151,0
2830.7734389305115,8128,7624,11096,-114,-98,61,6996,-8132,11260,-13,99,-202,-13152,3568,7012,-1269,44,-85,-13288,-6540,6580,-528,108,-195,0
2830.8070759773254,8164,7568,11484,-83,-64,57,7088,-8428,11272,-20,231,-178,-13308,3692,7044,-1098,-38,-99,-13288,-6412,6524,-538,110,-263,0
2830.8404381275177,8036,7608,11108,-114,-81,5,7088,-8100,11360,22,271,-195,-13196,3560,7100,-1093,-97,-159,-13184,-6616,6176,-609,177,-270,0
2830.874104976654,7860,7820,11332,-127,-136,24,6940,-8064,11324,55,297,-209,-13244,3620,7048,-1054,-72,-140,-13212,-6732,6516,-545,200,-240,0
2830.9073610305786,7888,7828,11140,-110,-81,14,6884,-8072,11360,69,240,-4,-13132,3536,7140,-1078,-241,-106,-13160,-6688,6764,-509,195,-187,0
2830.9407501220703,8180,7684,11500,-121,-132,55,7100,-7972,11364,-250,163,-269,-13168,3480,7124,-1010,50,-153,-13132,-6720,6556,-492,165,-169,0
2830.9741320610046,7900,7788,11128,-157,-141,106,7040,-8072,11416,-255,128,-230,-13196,3476,7228,-1010,94,-148,-13136,-6424,6612,-523,163,-129,0
2831.0077040195465,8156,7704,10916,-138,-117,118,6980,-8016,11024,37,193,-212,-13192,3480,6996,-1032,98,-137,-13228,-6784,6600,-468,170,-132,0
2831.0410380363464,8148,7712,11036,-164,-99,87,7112,-8056,11392,1,250,-165,-13136,3536,7028,-991,85,-88,-13308,-6736,6448,-492,117,-159,0
2831.0747170448303,7968,7788,11216,-188,-41,96,6956,-7992,11368,-22,229,-154,-13236,3444,7120,-777,40,-52,-13276,-6700,6428,-468,85,-141,0
2831.1082770824432,7960,7744,11008,-210,-48,105,7068,-8072,11424,-50,161,-159,-13140,3372,7208,-1073,106,-102,-13200,-6704,6400,-464,146,-112,0
2831.1416730880737,8096,7840,11060,-217,-48,98,7020,-8012,11348,-19,109,-189,-13092,3444,7148,-1070,103,-119,-13216,-6680,6408,-455,191,-58,0
2831.175239086151,7936,7740,11168,-261,-114,148,6920,-8004,11424,12,102,-226,-13176,3536,7100,-773,127,-116,-13216,-6664,6360,-479,233,-64,0
2831.208568096161,7732,7436,11456,-278,-177,204,7056,-8128,11368,-17,70,-240,-13264,3524,7224,-992,170,-133,-13256,-6664,6492,-436,264,11,0
2831.2421429157257,8172,7456,11120,-313,-220,185,6984,-8052,11336,-41,74,-245,-13128,3640,7044,-981,186,-163,-13092,-6592,6524,-421,249,17,0
2831.275684118271,7916,7600,11340,-324,-216,224,7000,-8004,11516,-69,73,-222,-13288,3808,7352,-991,185,-106,-13244,-6656,6536,-477,219,-34,0
2831.309364080429,7964,7672,11232,-289,-149,187,7072,-8052,11460,-41,70,-190,-13132,3488,7060,-964,174,-108,-13268,-6636,6572,-454,200,-34,0
2831.3427119255066,7904,7624,11260,-311,-171,158,7012,-8148,11248,-3,138,-208,-13148,3548,6928,-1017,168,-146,-13240,-6632,6528,-434,231,-28,0
2831.3763720989227,7960,7584,11036,-290,-158,178,6948,-8144,11384,45,125,-201,-13240,3544,7060,-1030,174,-124,-13332,-6572,6192,-488,211,-40,0
2831.409471035004,8020,7608,11116,-255,-164,165,7128,-8092,11412,66,144,-229,-13216,3472,6896,-1030,171,-153,-13312,-6416,6204,-471,230,-62,0
2831.4429359436035,7968,7432,11160,-246,-181,170,7168,-7996,11336,47,93,-240,-13184,3464,6688,-1062,122,-189,-13060,-6604,6592,-472,237,-51,0
2831.476639986038,8048,7620,11196,-266,-222,194,7140,-8060,11436,36,117,-1,-13224,3424,6956,-1060,150,-144,-13296,-6448,6404,-472,2,-33,0
2831.510090112686,8116,7660,11112,-253,-221,181,7164,-7988,11040,46,129,-243,-13188,3488,7088,-1055,140,-144,-13364,-6732,6444,-464,219,-77,0
2831.5436439514165,8000,7712,11244,-252,-158,165,7068,-8048,11264,21,107,-221,-13228,3468,7192,-1037,137,-124,-13280,-6576,6492,-450,195,-26,0
2831.5773520469666,8008,7692,11088,-255,-159,148,7100,-7992,11492,28,87,-197,-13304,3428,7108,-998,116,-123,-13408,-6592,6352,-459,189,-64,0
2831.6107189655304,8060,7612,11192,-246,-159,160,7088,-7988,11376,27,87,-201,-13268,3464,7412,-1033,127,-112,-13180,-6584,6480,-438,170,-72,0
2831.647614002228,8064,7644,11112,-510,-188,166,7048,-8016,11292,19,114,-220,-13248,3448,7004,-1012,132,-94,-13256,-6692,6360,-450,210,-49,0
2831.682811975479,7796,7616,11092,-233,-197,162,7340,-7812,11052,-8,126,-201,-13288,3444,6984,-943,125,-138,-13364,-6516,6148,-447,224,-40,0
2831.718714952469,8088,7624,11280,-231,-158,145,7348,-8120,11252,2,142,-231,-13248,3400,7080,-997,143,-137,-13088,-6904,6416,-444,215,-39,0
2831.7542979717255,8140,7588,11184,-235,-156,135,7132,-7884,11072,-28,105,-234,-13212,3480,6936,-1018,180,-120,-13540,-6556,6196,-477,175,-99,0
2831.789962053299,8068,7528,11136,-196,-117,139,7312,-8048,11396,-60,95,-191,-13216,3416,7036,-999,95,-53,-13260,-6556,6292,-481,139,-115,0
2831.8250019550323,8112,7644,11016,-202,-142,107,7400,-8044,11252,-59,129,-169,-13196,3324,6968,-999,93,-52,-13228,-6540,6356,-479,106,-123,0
2831.8606679439545,8044,7600,11088,-162,-55,101,6980,-8000,11276,-70,166,-169,-13300,3552,7100,-1002,31,-250,-13296,-6480,6296,-499,102,-180,0
2831.895499944687,8168,7512,11240,-188,-13,53,7124,-8036,11260,-27,139,-152,-13220,3380,7016,-1031,52,-83,-13080,-6612,6376,-490,121,-165,0
2831.931025981903,8156,7696,11004,-128,25,81,7072,-7908,11236,-41,113,-162,-13272,3348,7044,-1009,83,-24,-13260,-6580,6268,-458,117,-171,0
2831.966239929199,8388,7612,11212,-138,-72,77,7108,-8040,11284,-76,140,-180,-13172,3512,7060,-1011,48,-68,-13400,-6644,6356,-494,159,-137,0
2832.0023651123047,8160,7524,11128,-148,-65,93,7096,-7996,11360,-40,145,-169,-13236,3496,7056,-1276,63,-59,-13280,-6576,6372,-471,121,-162,0
2832.0382051467896,8068,7564,10840,-147,-23,110,7060,-8032,11312,-46,138,-138,-13184,3508,6972,-989,45,-1,-13516,-6696,6616,-469,74,-191,0
2832.0738251209254,7984,7624,11188,-164,43,45,7032,-7912,11356,-89,167,-157,-13224,3508,7128,-971,12,-23,-13156,-6760,6392,-498,65,-186,0
2832.109586954117,7960,7728,11112,-140,32,37,7156,-8168,11388,-81,207,-159,-13176,3564,7128,-1000,4,-39,-13344,-6416,6448,-503,94,-188,0
2832.144895076752,8076,7564,11232,-127,255,67,7024,-7968,11332,-26,151,-176,-13148,3576,6840,-770,49,-54,-13196,-6408,6428,-483,145,-155,0
2832.1805160045624,8004,7528,11232,-123,-52,86,7104,-8008,11376,-25,156,-165,-13128,3468,7208,-1016,54,-94,-13132,-6608,6360,-482,173,-158,0
2832.215903043747,8008,7604,11080,-163,-77,83,7060,-8052,11484,-62,169,-181,-13224,3452,7012,-1006,86,-70,-13060,-6616,6424,-485,148,-158,0
2832.251438140869,8112,7560,11032,-168,-71,67,7060,-8052,11224,-61,185,-193,-13268,3540,7288,-1060,28,-43,-13256,-6580,6448,-476,121,-123,0
2832.2877440452576,7992,7564,11048,-161,-40,89,7100,-8004,11476,-44,129,-176,-13252,3448,7056,-1052,125,-81,-13144,-6608,6352,-506,79,-156,0
2832.3214521408086,8140,7628,11088,-154,-31,70,7100,-8020,11304,-34,137,-155,-13244,3588,6936,-771,77,234,-13284,-6724,6508,-511,86,-155,0
2832.354835987091,7940,7648,11080,-129,246,71,7116,-7988,11352,-59,159,-144,-13216,3516,6904,-1018,35,250,-13340,-6608,6448,-489,85,-171,0
2832.3882160186768,8032,7648,11244,-165,-52,51,7132,-7980,11380,-79,163,-162,-13156,3468,6944,-1271,79,-23,-13340,-6616,6412,-463,125,-145,0
2832.4217410087585,8080,7440,11128,-154,-41,88,7048,-8088,11012,-72,149,-138,-13204,3556,7072,-981,36,-74,-13272,-6652,6424,-487,107,-132,0
2832.454955101013,7900,7776,11324,-154,-25,90,7032,-7980,11384,-55,165,-151,-13084,3448,6948,-998,91,-72,-13292,-6660,6420,-497,125,-137,0
2832.4886040687566,7956,7436,11236,-165,-91,99,7384,-7696,11608,-51,108,-174,-13228,3524,7044,-1005,112,-23,-13176,-6648,6524,-465,133,-115,0
2832.5223109722137,8060,7432,11512,-159,-66,114,6968,-8088,11300,-59,117,-200,-13120,3516,7056,-964,125,-48,-13220,-6428,6408,-487,135,-121,0
2832.55579996109,7684,7664,11260,-160,-36,108,7108,-8180,11340,-65,120,-201,-13200,3440,7024,-995,94,-57,-13108,-6552,6444,-481,137,-124,0
2832.589252948761,8020,7648,11156,-164,-86,96,7100,-8100,11248,-80,157,-208,-13188,3516,6968,-982,77,-83,-13556,-6660,6500,-479,124,-100,0
2832.6228749752045,7968,7608,11092,-195,-45,104,7112,-8044,11324,-44,140,-148,-13224,3460,6976,-1017,50,-56,-13252,-6860,6504,-492,136,-142,0
2832.655911922455,8000,7616,11172,-168,-16,103,7116,-7916,11396,-35,152,-161,-13188,3412,7160,-967,79,-255,-13172,-6760,6384,-447,119,-116,0
2832.689568042755,7980,7636,11048,-153,-50,87,7128,-8016,11340,-78,139,-184,-13144,3508,7100,-978,86,-71,-13184,-6584,6160,-452,138,-140,0
2832.7229809761047,7988,7728,11492,-186,-21,86,7140,-8020,11424,-24,132,-193,-13116,3596,7036,-1015,86,-73,-13244,-6644,6492,-457,155,-123,0
2832.7566680908203,8012,7456,11112,-169,-22,106,7088,-8020,11232,-37,149,-159,-13116,3468,7040,-994,85,-74,-13336,-6648,6456,-484,110,-129,0
2832.7902269363403,8104,7616,11148,-161,-37,110,7132,-8008,11356,-58,148,-133,-13196,3824,7072,-999,101,-14,-13212,-6608,6460,-466,72,-128,0
2832.8236780166626,7988,7680,11100,-169,-4,88,7072,-8080,11496,-81,117,-178,-13128,3536,7120,-997,88,-37,-13156,-6880,6360,-452,92,-152,0
2832.857248067856,7904,7684,11172,-177,-42,104,7064,-8128,11460,-74,162,-161,-13144,3392,6932,-986,88,-80,-13184,-6412,6468,-482,145,-142,0
2832.890604019165,7988,7692,11080,-150,-73,107,7032,-7984,11388,-28,155,-170,-13140,3532,7268,-1005,123,-94,-13240,-6592,6612,-473,178,-111,0
2832.9242770671844,7928,7616,11212,-153,-80,99,7052,-8068,11024,-31,136,-181,-13220,3616,7092,-1280,114,-94,-13132,-6688,6428,-495,148,-127,0
2832.9579060077667,7948,7664,11400,-179,-87,95,7312,-7988,11096,-38,148,-172,-13192,3796,7080,-1012,117,-67,-13196,-6596,6488,-479,148,-125,0
2832.991549015045,8036,7700,11184,-204,-38,117,7084,-8020,11348,-4,156,-168,-13216,3484,7040,-1020,109,-63,-13260,-6616,6620,-508,154,-117,0
2833.025313138962,8008,7532,11156,-189,-38,116,7104,-7948,11304,-254,144,-161,-13180,3772,7140,-1015,107,-89,-13244,-6832,6472,-495,165,-97,0
2833.0589480400085,7984,7652,11176,-199,-69,109,6964,-7956,11412,-3,149,-190,-13120,3424,7340,-1270,116,-108,-13308,-6516,6192,-465,165,-116,0
2833.0924220085144,8012,7688,11188,-213,-82,102,7100,-8024,11276,-19,159,-189,-13140,3512,7272,-1003,115,-121,-13276,-6696,6636,-464,174,-84,0
2833.1261651515965,7988,7868,11168,-226,-112,121,7160,-7980,11276,-4,153,-192,-13184,3564,7064,-1008,116,-111,-13484,-6672,6412,-490,207,-97,0
2833.1595120429993,7980,7640,11140,-208,-138,159,7044,-8072,11160,19,136,-186,-13016,3628,7120,-1005,119,-106,-13244,-6652,6400,-495,219,-35,0
2833.193084001541,7844,7604,11168,-204,-130,166,6972,-7948,11304,-8,155,-208,-13192,3448,7156,-1037,142,-131,-13320,-6668,6532,-484,234,-49,0
2833.226832151413,7956,7528,11244,-205,-164,157,7308,-8020,11432,11,137,-208,-13216,3492,6948,-1026,128,-121,-13276,-6704,6560,-490,252,-40,0
2833.2605080604553,8020,7572,11048,-227,-144,149,7008,-7936,11384,10,141,-231,-13160,3364,6972,-1009,171,-174,-13276,-6912,6428,-466,204,-37,0
2833.2939360141754,7944,7564,11104,-242,-135,152,7060,-8044,11340,5,158,-215,-13128,3480,7112,-771,177,-134,-13324,-6636,6400,-487,199,-32,0
2833.330982923508,8124,7624,11460,-214,-130,183,6980,-7932,11280,19,114,-183,-13272,3472,7120,-772,156,-98,-13384,-6596,6500,-506,201,-72,0
2833.3660781383514,8060,7724,11148,-237,-146,177,7208,-7888,11288,22,96,-179,-13228,3496,7204,-1015,148,-159,-13288,-6656,6404,-498,192,-83,0
2833.401920080185,7976,7476,11240,-172,-112,133,7104,-7972,11512,21,113,-199,-13224,3448,7144,-1052,164,-134,-13524,-6556,6364,-455,172,-53,0
2833.4384980201726,8020,7684,11308,-217,-127,125,7236,-8068,11076,39,151,-201,-13256,3552,7048,-1019,114,-117,-13312,-6536,6560,-487,203,-57,0
2833.473528146744,8004,7584,11012,-237,-111,169,7072,-8284,11312,36,129,-200,-13148,3580,7084,-1038,139,-138,-13364,-6572,6408,-464,185,-73,0
2833.5096530914307,8048,7576,11120,-185,-137,185,7132,-8076,11152,15,111,-174,-13232,3596,7160,-1030,144,-69,-13304,-6640,6448,-463,125,-96,0
2833.5449709892273,7980,7668,11188,-219,-110,169,7120,-7984,11240,-7,122,-142,-13176,3548,6884,-1012,135,-57,-13268,-6616,6512,-460,118,-93,0
2833.580734014511,8008,7608,11220,-199,-104,142,7084,-7968,11436,243,78,-201,-13164,3576,7144,-993,137,-83,-13144,-6608,6364,-491,194,-87,0
2833.6155519485474,8004,7644,11092,-168,-161,161,7136,-7992,11344,14,114,-222,-12928,3440,7036,-1013,143,-156,-13240,-6500,6624,-492,247,-77,0
2833.650927066803,8080,7540,11172,-205,-196,156,7020,-7956,11380,18,135,-230,-13256,3432,7140,-773,148,-125,-13332,-6608,6452,-499,205,-47,0
2833.6862189769745,8104,7504,11016,-208,-181,146,7360,-7956,11340,-16,120,-232,-13264,3340,7012,-987,124,-132,-13212,-6508,6460,-450,184,-89,0
2833.721362113952,8044,7628,11220,-181,-153,146,7212,-7712,11464,-29,113,-224,-13332,3636,7136,-989,109,-70,-13368,-6524,6380,-484,163,-114,0
2833.7577130794525,8128,7540,11128,-165,-154,126,7260,-7924,11228,-57,90,-198,-13064,3400,6788,-1279,81,-94,-13092,-6600,6408,-501,145,-133,0
2833.79274892807,8016,7676,11016,-140,-78,93,7220,-8192,11036,-54,157,-179,-13284,3444,7112,-1277,78,-81,-13228,-6620,6444,-481,98,-162,0
2833.828689098358,8056,7588,11052,-147,-46,72,7152,-7932,11364,-49,169,-153,-13112,3432,6984,-1000,58,-53,-13280,-6576,6268,-465,132,-157,0
2833.8640460968018,8120,7572,11140,-181,-26,71,7136,-8028,11396,-40,137,-166,-13112,3500,7064,-991,61,-102,-13272,-6412,6468,-478,136,-160,0
2833.8997690677643,8048,7524,11252,-151,-34,87,7064,-7956,11348,-19,155,-169,-13148,3556,7088,-1015,66,-55,-13328,-6548,6352,-506,114,-165,0
2833.934935092926,7984,7624,11192,-132,-59,80,7004,-7960,11428,-50,142,-158,-13068,3412,7076,-996,89,-57,-13312,-6844,6184,-496,118,-138,0
2833.9713101387024,8032,7612,11168,-164,-64,89,7228,-7936,11152,-64,120,-169,-13176,3484,6800,-1015,64,-44,-13284,-6668,6376,-480,121,-131,0
2834.004926919937,8024,7532,11144,-159,-34,74,7156,-7900,11464,-74,159,-162,-13188,3484,7044,-987,60,-68,-13244,-6668,6412,-486,111,-120,0
2834.03831410408,8176,7576,11156,-163,-22,103,7068,-8016,11300,-81,153,-156,-13200,3528,7124,-989,56,1,-13244,-6572,6500,-502,85,-162,0
2834.071839094162,7920,7492,11092,-148,-11,89,7044,-8120,11528,-29,150,-143,-13132,3432,7196,-1041,36,-31,-13248,-6620,6464,-489,90,-172,0
2834.105572938919,8056,7608,11220,-160,21,58,7096,-7948,11256,-29,142,-144,-13152,3508,6932,-994,73,-67,-13312,-6640,6304,-480,89,-151,0
2834.1386399269104,8144,7620,11036,-121,-7,60,7096,-7928,11048,-89,147,-177,-13328,3508,7260,-981,49,-63,-13276,-6720,6424,-464,116,-175,0
2834.1721489429474,8180,7484,11180,-163,0,63,7156,-7928,11272,-46,130,-160,-13236,3556,7028,-985,52,-57,-13268,-6588,6368,-465,120,-152,0
2834.205734014511,8020,7516,10792,-144,-5,78,7136,-7992,11360,-57,144,-143,-13204,3472,6996,-999,69,-13,-13260,-6612,6496,-460,102,-138,0
2834.2389590740204,8104,7552,11424,-154,-36,105,7068,-7952,11312,-42,100,-133,-13172,3764,7024,-995,95,-28,-13296,-6636,6512,-496,48,-155,0
2834.272406101227,8060,7632,11132,-176,20,89,7116,-8076,11396,-127,102,-151,-13252,3500,7040,-975,41,-45,-13336,-6572,6408,-478,71,-164,0
2834.3063740730286,8024,7632,11112,-157,8,72,7040,-7736,11308,-79,114,-149,-13204,3496,6920,-980,71,-79,-13268,-6664,6444,-502,100,-134,0
2834.339688062668,7724,7612,11164,-140,-57,95,7020,-7952,11328,-54,123,-191,-13100,3528,7128,-1014,94,-54,-13112,-6616,6432,-472,147,-133,0
2834.373167037964,7720,7624,11076,-162,-75,105,7136,-8060,11476,-44,129,-181,-13300,3540,7108,-770,90,-61,-13188,-6612,6464,-479,125,-147,0
2834.4066281318665,7704,7528,11140,-138,-73,92,7076,-7992,11316,-42,125,-188,-13236,3440,7048,-990,98,-90,-13284,-6532,6576,-493,131,-133,0
2834.4399881362915,8040,7620,11196,-178,-42,79,7160,-7980,11312,-60,141,-179,-13272,3552,7032,-990,91,-103,-13252,-6876,6428,-481,136,-125,0
2834.473685979843,7968,7896,11212,-161,-62,73,7132,-7952,11308,-64,134,-185,-13248,3572,7024,-1002,87,-54,-13204,-6536,6480,-487,129,-151,0
2834.507313013077,8020,7644,11292,-171,-44,100,7116,-7960,11280,-37,92,-176,-13232,3476,7080,-993,72,-30,-13124,-6672,6440,-485,116,-142,0
2834.5405089855194,8028,7908,11012,-191,-55,81,6924,-7972,11260,-67,147,-175,-13248,3540,7100,-984,62,-56,-13272,-6672,6468,-488,114,-130,0
2834.5739760398865,8116,7552,11332,-172,-50,87,7080,-7964,11116,-70,146,-171,-13212,3544,7024,-1001,95,-99,-13320,-6672,6496,-472,135,-147,0
2834.6076850891113,7988,7564,10988,-166,-44,84,7072,-8068,11368,-21,99,-176,-13132,3500,7076,-994,70,-19,-13320,-6616,6416,-504,130,-125,0
2834.640785932541,8188,7676,11012,-138,-63,85,7080,-8084,11248,-38,141,-177,-13144,3468,7092,-1004,116,-78,-13204,-6840,6516,-488,136,-110,0
2834.6741690635686,8064,7632,11060,-169,-35,126,7164,-7920,11380,-27,120,-180,-13276,3536,7092,-1013,105,-84,-13224,-6664,6400,-492,132,-122,0
2834.7077310085297,7868,7916,11176,-159,-79,107,7144,-8088,11436,-38,126,-188,-13256,3480,7132,-987,100,-93,-13280,-6888,6340,-484,159,-128,0
2834.7410569190974,7988,7572,11192,-167,-102,90,7084,-8000,11384,-38,156,-182,-13160,3472,7052,-1010,76,-49,-13140,-6672,6588,-482,143,-111,0
2834.7744090557094,7932,7624,11072,-198,-50,90,7080,-7984,11324,-61,147,-173,-13204,3496,7392,-983,93,-49,-13292,-6584,6416,-489,103,-145,0
2834.8080780506134,8140,7512,11256,-185,-45,111,7060,-8112,11312,-36,143,-157,-13192,3788,6984,-1012,99,-83,-13268,-6628,6436,-497,116,-133,0
2834.841458082199,7988,7624,11120,-183,-50,92,7128,-8044,11268,-19,137,-149,-13188,3488,7160,-1039,70,-113,-13208,-6648,6416,-478,130,-157,0
2834.8749639987946,7900,7696,11188,-146,-17,97,7044,-8064,11412,-44,137,-151,-13160,3492,6988,-997,79,-45,-13232,-6760,6492,-472,128,-128,0
2834.9082469940186,8164,7684,11196,-150,-63,85,7116,-8024,11288,-50,139,-181,-13160,3392,7096,-971,76,-57,-13540,-6612,6436,-494,150,-122,0
2834.9415941238403,7936,7632,11076,-189,-37,104,7064,-8132,11160,-56,120,-185,-13240,3588,7068,-1017,57,-51,-13176,-6580,6476,-465,152,-106,0
2834.9749650955205,8008,7640,11172,-149,-73,118,7196,-8048,11260,-26,148,-147,-13140,3544,6932,-992,97,-100,-13236,-6672,6548,-473,95,-126,0
2835.01180100441,8024,7640,11132,-193,-37,116,7052,-8076,11276,-73,117,-148,-13252,3352,7312,-994,117,-32,-13524,-6616,6392,-471,80,-121,0
2835.0475790500645,7956,7656,11072,-189,-22,87,7136,-8048,11456,-89,166,-163,-13216,3600,7076,-956,58,-65,-13228,-6632,6384,-488,117,-137,0
2835.08278298378,8152,7668,11024,-177,-22,83,7084,-8092,11488,-15,144,-167,-13136,3460,7180,-1018,78,-95,-13292,-6544,6408,-501,178,-119,0
2835.118101119995,8044,7604,11024,-200,-77,114,7060,-8048,11184,16,161,-203,-13108,3540,6968,-1032,77,-87,-13204,-6624,6472,-493,171,-104,0
2835.153356075287,8072,7624,11088,-174,-94,123,7128,-8116,11404,-21,123,-204,-13152,3508,7204,-1030,111,-102,-13312,-6660,6448,-476,169,-111,0
2835.1891870498657,8128,7888,11136,-206,-79,130,7132,-8032,11204,27,145,-183,-13132,3540,7112,-977,76,-123,-13312,-6644,6460,-480,176,-80,0
2835.224095106125,8044,7628,11012,-203,-109,136,6980,-8072,11308,4,149,-192,-13144,3532,7072,-995,143,-83,-13268,-6716,6384,-482,195,-62,0
2835.2597320079803,7944,7892,11328,-211,-130,142,7088,-7992,11360,-3,128,-190,-13200,3616,6948,-1001,111,-132,-13196,-6680,6468,-481,202,-91,0
2835.29509305954,7980,7480,11032,-216,-105,144,7104,-7940,11380,-36,135,-194,-13524,3496,7288,-992,129,-99,-13264,-6704,6380,-492,191,-104,0
2835.3303151130676,7916,7576,11048,-212,-120,144,6916,-8092,11404,-22,139,-199,-13096,3524,6948,-1038,105,-99,-13356,-6620,6408,-488,185,-57,0
2835.3655350208282,7748,7508,11236,-207,-115,149,7084,-8060,11384,34,173,-167,-13232,3440,6968,-1029,128,-118,-13176,-6612,6652,-470,223,-72,0
2835.401365995407,7948,7428,11244,-218,-96,147,7092,-8072,11372,18,166,-201,-13124,3580,7304,-1047,149,-121,-13280,-6652,6368,-473,224,-64,0
2835.440341949463,8000,7584,11160,-223,-150,157,7068,-8084,11368,-3,133,-202,-13176,3484,7268,-1053,156,-155,-13328,-6604,6332,-470,244,-61,0
2835.4772250652313,8104,7596,11256,-198,-193,175,7136,-8052,11280,31,124,-231,-13140,3476,6840,-775,158,-176,-13320,-6620,6384,-484,214,-68,0
2835.512251138687,7996,7592,11196,-199,-172,181,7228,-7936,11524,-255,125,-208,-13248,3468,7144,-1018,156,-120,-13280,-6608,6492,-493,222,-66,0
2835.548047065735,8064,7616,11428,-200,-159,183,6928,-7888,11484,2,118,-207,-13164,3520,7032,-1039,162,-145,-13220,-6632,6432,-467,188,-60,0
2835.583125114441,8056,7668,11060,-216,-125,167,7092,-7772,11276,-238,126,-203,-13212,3368,7156,-1001,118,-92,-13276,-6596,6496,-443,148,-67,0
2835.6188960075374,8132,7860,11008,-191,-145,176,7168,-8128,11320,-19,90,-193,-13272,3608,7080,-1280,153,-59,-13340,-6564,6392,-498,201,-100,0
2835.6552419662476,8112,7496,11212,-239,-174,181,7096,-7992,11352,15,120,-179,-13152,3456,7184,-1014,134,-121,-13164,-6612,6452,-479,182,-65,0
2835.6886179447174,7984,7540,11116,-155,-135,156,7112,-8172,11424,42,107,-206,-13132,3352,7352,-1011,139,-132,-13284,-6568,6576,-470,196,-86,0
2835.7223291397095,7992,7588,11240,-193,-197,146,7116,-8132,11316,1,145,-217,-13508,3504,7116,-1001,137,-153,-13332,-6620,6408,-451,232,-56,0
2835.7557260990143,8012,7556,11152,-219,-163,168,7184,-7960,11216,23,136,-219,-13220,3540,7100,-1055,133,-101,-13324,-6604,6312,-455,180,-56,0
2835.7892620563507,8148,7556,11040,-190,-138,211,7168,-7904,11324,14,158,-153,-13220,3488,7052,-775,138,-47,-13392,-6656,6460,-464,124,-81,0
2835.8224670886993,8120,7444,11256,-228,-104,187,7380,-7992,11344,-19,112,-128,-13232,3484,6912,-1034,142,-104,-13288,-6560,6448,-460,113,-122,0
2835.8560180664062,8068,7580,11272,-218,-131,128,7072,-8012,11388,-55,112,-192,-13200,3424,7164,-992,145,-125,-13156,-6592,6412,-495,150,-102,0
2835.8892929553986,8084,7584,11048,-166,-143,143,7168,-7948,11440,-9,85,-215,-13184,3500,7080,-991,120,-104,-13312,-6524,6324,-506,218,-54,0
2835.922712087631,8152,7560,11172,-167,-205,154,6948,-8004,11032,5,106,-222,-13148,3352,6996,-1023,141,-115,-13260,-6492,6424,-493,196,-72,0
2835.9557950496674,8028,7512,11108,-173,-169,123,7128,-7880,11224,-64,95,-252,-13176,3420,7088,-1277,136,-130,-13512,-6548,6480,-492,161,-97,0
2835.9892570972443,8132,7596,11168,-152,-169,119,7148,-8032,11028,-65,111,-217,-13220,3520,7016,-971,90,-86,-13352,-6528,6400,-477,132,-135,0
2836.022800922394,8212,7544,11016,-176,-67,76,7160,-7888,11372,-62,144,-154,-13524,3512,7080,-1001,49,-71,-13280,-6516,6236,-494,130,-152,0
2836.0562319755554,8152,7496,11076,-168,-82,81,7140,-8008,11272,-35,190,-156,-13204,3472,7016,-1029,57,-49,-13192,-6668,6484,-481,122,-173,0
2836.0900881290436,8180,7628,11236,-143,-84,82,7200,-7960,11264,-29,155,-174,-13184,3424,7068,-1038,49,-40,-13532,-6604,6280,-468,107,-157,0
2836.1236460208893,8136,7580,11212,-155,-58,76,7388,-7908,11356,-67,167,-172,-13204,3484,7176,-982,63,-54,-13076,-6632,6644,-466,79,-166,0
2836.1569719314575,8236,7556,11072,-147,-40,45,7060,-7696,11124,-49,153,-165,-13264,3624,7220,-990,48,-61,-13120,-6652,6428,-263,117,-171,0
2836.1904780864716,8336,7608,11100,-148,-44,98,7184,-7844,11472,-7,132,-130,-13252,3392,7160,-1010,60,-61,-13264,-6756,6392,-478,125,-167,0
2836.224070072174,7868,7556,11060,-145,-254,86,7088,-7856,11372,-33,149,-178,-13272,3504,6980,-1019,102,-56,-13268,-6724,6508,-472,116,-182,0
2836.2578561306004,8108,7644,11284,-115,-53,70,7128,-7988,11424,-60,174,-165,-13212,3544,7108,-1006,17,-60,-13280,-6524,6516,-475,98,-150,0
2836.291403055191,8096,7588,11076,-149,-38,78,7116,-7868,11416,-47,154,-122,-13240,3556,7316,-955,25,-81,-13376,-6560,6528,-487,55,-175,0
2836.324882030487,7992,7616,11144,-133,32,70,7148,-8128,11384,-84,124,-134,-13244,3392,7080,-1009,84,-36,-13320,-6632,6432,-492,72,-172,0
2836.358417034149,8116,7684,11108,-125,8,121,7156,-7976,11344,-40,95,-153,-13232,3492,7244,-996,103,-245,-13292,-6724,6320,-474,83,-132,0
2836.391767978668,8160,7568,11100,-132,-13,64,7168,-8012,11496,-64,109,-149,-13168,3480,7124,-1006,63,-253,-13472,-6576,6332,-505,99,-176,0
2836.425234079361,8008,7588,11244,-170,-19,55,7100,-8100,11416,-66,145,-184,-13212,3532,6964,-971,47,-85,-13240,-6468,6192,-505,132,-147,0
2836.45872092247,8004,7596,11300,-145,-51,56,7160,-7976,11292,-44,156,-171,-13244,3464,7128,-1012,44,-108,-13184,-6568,6388,-497,138,-152,0
2836.4923520088196,8116,7576,11256,-159,-35,65,7108,-8076,11312,-48,151,-176,-13136,3540,7168,-998,96,-50,-13544,-6624,6488,-458,150,-141,0
2836.5257520675655,8016,7560,11192,-157,-68,99,7064,-8060,11460,-62,112,-186,-13120,3484,7056,-1020,112,-243,-13216,-6692,6540,-476,130,-124,0
2836.5592489242554,8052,7584,11128,-175,-96,102,7080,-8064,11232,-66,110,-183,-13220,3556,7312,-1008,93,-13,-13232,-6632,6564,-459,103,-123,0
2836.592935085296,8020,7564,11268,-174,-41,90,7100,-7968,11432,-54,123,-185,-13244,3512,7292,-991,80,-85,-13248,-6420,6496,-468,104,-184,0
2836.6268150806427,7992,7612,11236,-144,-59,81,7384,-8032,11272,-66,151,-164,-13180,3432,7068,-772,65,-82,-13352,-6620,6488,-494,122,-150,0
2836.6598670482635,8112,7512,11228,-128,-39,82,7112,-8156,11276,-37,133,-163,-13172,3496,7132,-1005,76,-48,-13284,-6608,6436,-496,84,-148,0
2836.6977739334106,8028,7700,11004,-167,-49,66,7200,-8056,11200,-27,125,-165,-13192,3532,7380,-1010,61,-253,-13196,-6608,6168,-508,122,-122,0
2836.7329001426697,8024,7424,11020,-148,-23,96,7180,-8008,11232,-31,117,-179,-13244,3448,7076,-999,70,-86,-13196,-6408,6636,-464,142,-159,0
2836.767455101013,8036,7912,10772,-147,-66,100,7344,-7980,11396,-30,121,-190,-13060,3420,7144,-775,79,-36,-13328,-6404,6388,-468,142,-134,0
2836.803316116333,8068,7684,11204,-155,-61,114,7148,-8000,11044,-58,130,-180,-13192,3536,6940,-982,79,-64,-13232,-6624,6416,-477,145,-135,0
2836.8386940956116,8012,7524,11080,-153,-51,86,7192,-8004,11352,-61,143,-170,-13240,3476,7008,-1000,68,-76,-13204,-6676,6212,-469,128,-140,0
2836.8744220733643,8048,7728,11104,-142,-50,80,7108,-7956,11288,-50,133,-167,-13124,3508,7400,-1000,58,-87,-13288,-6416,6468,-479,127,-135,0
2836.910215139389,8008,7672,11080,-142,-41,80,7108,-8040,11340,-29,129,-179,-13236,3424,6964,-1000,77,-46,-13232,-6600,6552,-494,136,-129,0
2836.9449441432953,8012,7580,11200,-116,-27,90,7128,-8024,11036,-17,136,-179,-13144,3544,7060,-1022,109,-66,-13264,-6532,6424,-475,151,-138,0
2836.9806151390076,8092,7604,11460,-151,-69,112,7108,-8076,11284,-54,141,-173,-13168,3540,7024,-998,97,-20,-13476,-6584,6476,-484,139,-113,0
2837.0162420272827,8020,7588,11360,-141,-82,116,7020,-8092,11160,-27,122,-177,-13164,3572,6912,-773,94,-82,-13244,-6656,6520,-473,132,-110,0
2837.0522649288177,7984,7676,11236,-145,-80,133,7120,-8040,11252,-44,118,-173,-13196,3488,7392,-773,97,-39,-13132,-6688,6520,-487,174,-134,0
2837.0877430438995,8012,7532,11128,-157,-91,112,6968,-8028,11316,-10,123,-189,-13196,3496,7076,-771,86,-117,-13220,-6432,6368,-479,170,-133,0
2837.122803926468,7980,7580,11132,-147,-74,120,7256,-7960,11296,-46,119,-179,-13292,3432,7372,-997,91,-68,-13160,-6664,6432,-462,140,-92,0
2837.1584789752965,8128,7668,11168,-147,-76,93,6936,-8020,11212,-65,129,-189,-13184,3800,7164,-1003,92,-69,-13172,-6584,6448,-495,130,-163,0
2837.1933550834656,7956,7528,11148,-179,-2,88,6956,-8016,11040,-30,127,-154,-13112,3460,7160,-1055,75,-97,-13188,-6748,6388,-477,125,-131,0
2837.229223012924,7956,7760,11068,-141,-7,113,7204,-7832,11424,-27,98,-184,-13228,3420,7236,-983,86,-118,-13260,-6768,6444,-500,143,-125,0
2837.2643251419067,8080,7628,11064,-155,-74,91,7176,-7728,11432,-59,124,-190,-13196,3548,7300,-1017,118,-65,-13208,-6556,6520,-479,163,-113,0
2837.3000180721283,8068,7664,11192,-180,-25,98,7112,-7984,11348,-29,128,-160,-13060,3564,7088,-1033,65,-58,-13228,-6736,6364,-474,143,-99,0
2837.3361780643463,8064,7664,11072,-192,-3,114,7048,-7980,11208,-16,154,-119,-13080,3536,7064,-1269,127,-30,-13300,-6592,6560,-466,124,-76,0
2837.369868993759,8000,7728,11172,-183,-6,131,7196,-8192,11284,-36,143,-146,-13156,3540,7104,-1023,98,-67,-13312,-6892,6476,-468,129,-111,0
2837.4032390117645,7932,7656,11356,-232,-55,136,7036,-8068,11008,-38,117,-189,-13044,3424,7288,-1000,83,-133,-13200,-6452,6652,-455,189,-90,0
2837.436840057373,7884,7664,11116,-178,-105,119,7128,-8012,11396,-254,133,-210,-13304,3480,7136,-1034,141,-134,-13228,-6864,6300,-484,249,-39,0
2837.4700400829315,8160,7668,11180,-200,-129,170,7020,-8076,11368,21,114,-220,-13136,3480,7256,-1044,134,-139,-13216,-6448,6508,-499,259,-35,0
2837.503706932068,8016,7572,11104,-190,-152,137,7108,-8104,11272,-19,130,-231,-13252,3484,6980,-1039,124,-139,-13100,-6852,6192,-464,217,-68,0
2837.5373029708862,7960,7612,11236,-203,-117,136,7108,-7940,11504,17,130,-217,-13268,3512,7160,-1040,134,-122,-13172,-6640,6584,-476,220,-64,0
2837.5708520412445,8036,7596,11204,-216,-93,145,7208,-8024,11404,14,172,-186,-13148,3524,7072,-1058,140,-157,-13268,-6644,6452,-471,212,-55,0
2837.6043579578404,7980,7588,11288,-194,-162,154,7164,-7984,11440,18,117,-182,-13272,3564,7180,-1031,142,-144,-13292,-6572,6452,-483,224,-58,0
2837.6376140117645,8056,7588,11144,-175,-114,155,7128,-8188,11476,18,114,-213,-13140,3432,7084,-1002,147,-103,-13264,-6604,6564,-486,209,-64,0
2837.6710879802704,8024,7732,11188,-197,-131,158,7172,-8032,11480,25,140,-229,-13224,3552,6952,-1023,137,-110,-13080,-6644,6440,-490,182,-58,0
2837.7043931484222,8032,7684,11116,-192,-131,116,7068,-8040,11364,12,121,-208,-13308,3488,7036,-1062,134,-149,-13532,-6568,6540,-469,196,-67,0
2837.7380731105804,8032,7620,11368,-208,-135,152,7080,-8152,11384,18,135,-199,-13276,3464,7036,-1018,112,-140,-13296,-6564,6316,-468,233,-64,0
2837.771642923355,8064,7484,10800,-200,-129,171,7376,-7948,11304,25,123,-212,-13192,3532,7412,-994,155,-125,-13268,-6560,6428,-462,209,-58,0
2837.805227994919,7948,7464,11084,-175,-148,163,7052,-7752,11408,254,128,-215,-13232,3520,7076,-1041,147,-117,-13220,-6632,6464,-476,220,-59,0
2837.838788032532,8024,7920,11180,-189,-168,169,7092,-7920,11368,-22,74,-201,-13176,3436,6996,-1005,154,-143,-13280,-6440,6632,-475,208,-36,0
2837.8723409175873,8016,7660,11108,-205,-125,168,7164,-7888,11392,-22,110,-184,-13132,3416,7000,-1010,180,-100,-13532,-6608,6388,-460,168,-69,0
2837.90528011322,8072,7552,11040,-186,-139,162,7372,-7992,11228,-8,125,-177,-13280,3464,6972,-1031,117,-77,-13432,-6592,6184,-259,183,-77,0
2837.938849925995,8040,7544,11252,-208,-120,136,7188,-7884,11420,47,91,-182,-13116,3460,7032,-1076,158,-108,-13300,-6676,6328,-485,184,-92,0
2837.97216296196,7944,7584,11136,-164,-77,146,7112,-7704,11404,-13,101,-198,-13248,3428,6964,-1006,112,-126,-13220,-6604,6316,-464,175,-67,0
2838.005733013153,8044,7516,11464,-203,-130,127,7176,-8160,11316,-6,143,-237,-13132,3560,7100,-995,100,-157,-13296,-6564,6416,-483,214,-73,0
2838.0389969348907,8132,7564,11052,-193,-110,132,7072,-8076,11392,3,109,-196,-13212,3560,7064,-1020,113,-57,-13360,-6436,6336,-472,171,-80,0
2838.0724239349365,8128,7548,11104,-172,-101,170,7184,-7920,11440,-17,123,-152,-13208,3452,7032,-988,119,-51,-13548,-6576,6440,-484,90,-132,0
2838.106094121933,8072,7580,11260,-194,-84,151,7124,-7896,11204,-52,128,-169,-13172,3432,7300,-981,96,-75,-13168,-6576,6412,-502,80,-111,0
2838.1392171382904,7928,7532,11124,-165,-63,108,7224,-7876,11244,-113,81,-171,-13168,3448,7184,-998,84,-69,-13256,-6508,6272,-262,149,-175,0
2838.172742128372,8012,7604,11080,-104,-82,85,7404,-8012,11468,-33,164,-195,-13244,3372,7008,-1021,70,-59,-13308,-6588,6396,-494,170,-163,0
2838.206363916397,8204,7584,11132,-159,-64,102,6920,-7772,11140,-252,147,-176,-13204,3388,7072,-1036,101,-81,-13312,-6548,6156,-487,184,-148,0
2838.240108013153,8116,7484,11148,-162,-57,74,7096,-7940,11348,-46,136,-190,-13192,3352,7044,-1005,74,-53,-13108,-6608,6308,-454,127,-125,0
2838.2737951278687,8080,7604,11188,-184,-35,83,7128,-8032,11496,-60,153,-173,-13192,3500,7140,-982,78,-110,-13320,-6604,6376,-464,131,-121,0
2838.3073630332947,7936,7632,11012,-165,1,98,7244,-7976,11440,-66,141,-184,-13292,3388,7396,-1004,37,-58,-13348,-6548,6424,-482,148,-162,0
2838.340525150299,8044,7536,11140,-144,-7,100,7168,-7928,11324,-20,148,-155,-13148,3428,7076,-1026,73,-91,-13236,-6808,6432,-450,119,-174,0
2838.3781950473785,8044,7616,11140,-161,15,63,7088,-7940,11496,-53,164,-148,-13144,3424,7180,-1009,50,-24,-13296,-6636,6616,-467,122,-171,0
2838.4132349491124,8128,7592,11432,-182,15,64,6952,-7992,11288,-49,156,-134,-13196,3456,7076,-989,31,-59,-13332,-6424,6516,-481,89,-176,0
2838.4486429691315,8056,7640,11024,-145,11,63,7072,-8020,11452,-69,128,-159,-13224,3500,7192,-1005,27,-32,-13296,-6608,6480,-487,101,-138,0
2838.483628034592,8016,7652,11132,-116,252,110,7048,-7944,11344,-41,132,-154,-13228,3488,7048,-1007,60,-62,-13228,-6620,6332,-493,138,-133,0
2838.519184112549,8024,7624,11140,-127,-41,101,7356,-7756,11516,-45,133,-158,-13188,3504,7244,-1002,101,-96,-13148,-6556,6432,-471,151,-98,0
2838.5541450977325,8052,7484,11228,-166,-60,87,7216,-7980,11256,-60,139,-192,-13276,3440,6880,-971,72,-21,-13516,-6560,6568,-473,96,-116,0
2838.589187145233,8068,7560,11016,-154,-24,81,7220,-7928,11340,-69,146,-156,-13264,3484,7024,-986,73,-26,-13364,-6536,6388,-496,80,-178,0
2838.6242220401764,8032,7620,11148,-167,245,58,7132,-7996,11236,-56,111,-165,-13172,3372,7096,-998,40,-26,-13272,-6640,6424,-490,109,-153,0
2838.6595129966736,8012,7924,11152,-132,7,64,7136,-7912,11308,-17,107,-140,-13228,3476,7120,-998,57,-53,-13156,-6700,6516,-486,114,-141,0
2838.6946470737457,7800,7688,11104,-124,2,50,7036,-8168,11296,-97,133,-142,-13208,3416,7060,-998,48,-35,-13248,-6632,6392,-490,89,-186,0
2838.7303581237793,8104,7588,11160,-188,46,49,7148,-7876,11380,-39,144,-146,-13180,3500,6976,-991,69,-15,-13076,-6552,6416,-471,119,-113,0
2838.7656531333923,7952,7592,11156,-118,249,92,7148,-8052,11244,-34,129,-131,-13160,3564,7028,-995,59,-15,-13204,-6712,6424,-476,109,-154,0
2838.80175113678,8188,7464,11168,-158,-12,98,7208,-7984,11424,-63,134,-145,-13200,3516,7088,-965,86,-30,-13112,-6644,6552,-462,56,-141,0
2838.8372840881348,8100,7424,11136,-183,255,97,7352,-7920,11364,-102,119,-159,-13108,3452,7308,-982,77,-27,-13288,-6752,6448,-483,133,-130,0
2838.871822118759,7940,7736,11032,-153,-34,80,7092,-7976,11400,-51,146,-188,-13060,3504,7048,-1009,72,-130,-13272,-6576,6632,-499,153,-156,0
2838.9080390930176,8008,7656,11208,-173,-68,76,7144,-7964,11416,-35,136,-198,-13104,3428,7068,-988,89,-74,-13216,-6552,6392,-500,167,-117,0
2838.943834066391,8032,7620,11020,-147,-56,86,7196,-7996,11284,-48,117,-191,-13108,3388,7120,-1020,103,-77,-13304,-6608,6460,-493,146,-128,0
2838.9792709350586,8084,7548,11144,-163,-57,88,7104,-8072,11368,-36,143,-187,-13248,3440,7192,-1008,109,-34,-13416,-6632,6556,-486,145,-163,0
2839.0157611370087,7956,7568,11248,-162,-41,87,7168,-8120,11292,-28,144,-176,-13184,3428,7164,-992,92,-35,-13244,-6716,6408,-511,146,-143,0
2839.0495541095734,7940,7576,11068,-153,-27,90,7076,-8028,11092,-27,136,-189,-13136,3488,7172,-1040,89,-99,-13200,-6424,6144,-480,109,-130,0
2839.083183050156,7968,7752,11108,-166,-30,121,7124,-8016,11304,-79,134,-160,-13096,3484,7164,-987,96,-61,-13232,-6904,6652,-460,135,-153,0
2839.1167929172516,8004,7732,11240,-167,-54,67,7176,-8036,11340,-53,132,-167,-13212,3484,7076,-946,76,-61,-13296,-6600,6436,-486,108,-133,0
2839.1499691009526,8056,7652,11208,-176,-34,98,7188,-8192,11508,-19,150,-177,-13200,3584,7136,-1016,116,-72,-13320,-6632,6452,-496,173,-107,0
2839.183130025864,8064,7636,11120,-190,-20,115,7104,-8060,11416,-44,136,-176,-13116,3456,7164,-1040,93,-67,-13288,-6640,6600,-496,151,-116,0
2839.2167501449585,8064,7636,11180,-157,-19,119,7152,-7952,11352,-19,158,-180,-13160,3408,7136,-1046,107,-76,-13208,-6632,6412,-482,155,-96,0
2839.2504849433894,7952,7672,11152,-168,-50,126,7108,-8076,11380,-14,107,-212,-13164,3496,7284,-1037,114,-99,-13212,-6876,6576,-486,180,-101,0
2839.2838850021362,8168,7760,11168,-208,-56,110,7012,-8188,11220,-13,163,-207,-13100,3504,7364,-1003,99,-104,-13216,-6504,6156,-468,152,-105,0
2839.3173871040344,8052,7700,11108,-212,-114,122,7136,-8008,11464,-17,161,-190,-13212,3520,7400,-984,119,-82,-13260,-6572,6372,-476,152,-73,0
2839.3509991168976,8140,7572,11192,-228,-103,142,7064,-8040,11332,2,96,-184,-13152,3532,7040,-1003,120,-146,-13132,-6636,6432,-499,199,-73,0
2839.384171009064,7932,7440,11448,-246,-129,171,7104,-7948,11484,25,115,-180,-13244,3484,7240,-1047,140,-114,-13240,-6676,6392,-493,180,-91,0
2839.4176590442657,8012,7648,11196,-176,-97,130,7008,-8172,11040,-57,143,-169,-13180,3516,7220,-993,97,-102,-13068,-6872,6424,-495,174,-79,0
2839.451187133789,8188,7532,11180,-237,-79,89,7204,-8032,11388,6,168,-193,-13176,3664,7132,-1013,93,-106,-13220,-6600,6416,-457,216,-64,0
2839.4845769405365,7992,7632,11216,-216,-85,182,7244,-7920,11200,4,153,-198,-13216,3460,7176,-1048,96,-139,-13496,-6612,6476,-493,214,-71,0
2839.5180790424347,7968,7564,11248,-219,-76,169,7100,-7752,11500,17,171,-159,-13216,3392,7088,-1009,151,-61,-13248,-6592,6464,-448,182,-71,0
2839.5514440536494,8012,7632,11268,-239,-104,142,6940,-7952,11208,-17,111,-150,-13064,3516,7372,-1009,159,-93,-13212,-6660,6408,-485,179,-53,0
2839.5847949981694,7896,7652,11376,-226,-104,172,7028,-8008,11264,-22,137,-191,-13228,3508,7284,-772,137,-156,-13120,-6608,6344,-498,223,-84,0
2839.6184120178223,7908,7612,11132,-191,-131,162,7188,-7976,11184,22,154,-199,-13192,3624,7124,-1053,141,-160,-13276,-6512,6316,-509,215,-88,0
2839.6518659591675,7924,7612,11456,-221,-177,150,7108,-7968,11324,47,119,-226,-13288,3512,7120,-773,168,-137,-13228,-6620,6344,-483,229,-54,0
2839.685560941696,7696,7632,11184,-206,-146,186,6912,-7692,11020,13,121,-204,-13164,3504,7020,-990,171,-102,-13068,-6600,6400,-465,196,-64,0
2839.719183921814,8076,7572,11196,-221,-133,149,7232,-7988,11432,8,156,-231,-13256,3416,7220,-1011,128,-82,-13216,-6528,6420,-468,162,-87,0
2839.7525510787964,8060,7584,11184,-231,-155,159,7152,-8072,11536,9,111,-186,-13228,3552,7280,-1017,129,-89,-13292,-6468,6236,-490,193,-77,0
2839.7861630916595,8032,7664,11184,-200,-124,148,7292,-7684,11256,2,118,-212,-13224,3464,6884,-1030,160,-138,-13072,-6652,6148,-479,187,-51,0
2839.8196330070496,7984,7688,11148,-229,-157,148,7096,-8028,11324,-30,117,-195,-13112,3468,7136,-1015,157,-113,-13188,-6540,6404,-483,176,-69,0
2839.852936029434,7932,7468,11180,-223,-123,145,7196,-7960,11376,-18,121,-197,-13144,3512,7076,-995,126,-86,-13252,-6540,6648,-488,193,-99,0
2839.886400938034,8056,7508,11324,-193,-143,133,7400,-7948,11324,1,117,-214,-13200,3340,7320,-1037,136,-146,-13080,-6540,6216,-447,197,-73,0
2839.919942140579,7908,7536,11260,-190,-142,165,7188,-7916,11052,28,118,-196,-13112,3392,7224,-1280,145,-117,-13100,-6520,6444,-494,185,-82,0
2839.953159093857,8020,7640,11308,-179,-153,120,7232,-7724,11512,6,113,-212,-13240,3416,7108,-1012,121,-103,-13504,-6616,6332,-495,148,-99,0
2839.986855983734,7984,7532,11276,-194,-149,146,7100,-7908,11240,-37,132,-187,-13232,3480,7016,-982,110,-79,-13200,-6616,6208,-495,133,-76,0
2840.019870996475,8132,7676,11076,-163,-125,138,7208,-7940,11388,-81,124,-193,-13192,3348,7220,-1006,96,-49,-13320,-6564,6368,-501,119,-117,0
2840.0578351020813,8128,7612,11076,-157,-99,93,7232,-7996,11228,-52,135,-180,-13232,3420,6996,-1045,82,-57,-13244,-6544,6248,-489,105,-151,0
2840.092653989792,7972,7888,11100,-184,-60,78,7160,-7896,11392,0,130,-160,-13192,3408,7064,-1018,83,-17,-13368,-6636,6400,-479,99,-153,0
2840.128638982773,8056,7592,11164,-129,-35,65,7180,-8016,11344,-78,167,-162,-13204,3460,7224,-976,57,-64,-13480,-6624,6320,-493,98,-151,0
2840.1641349792485,8056,7556,11164,-204,-34,55,7152,-7940,11384,-45,164,-173,-13168,3540,7092,-1000,24,-15,-13504,-6544,6212,-487,115,-149,0
2840.199182033539,8100,7600,11100,-123,-26,108,6976,-7720,11148,-73,162,-172,-13192,3496,7000,-769,61,-64,-13492,-6584,6432,-462,102,-138,0
2840.2341849803925,8060,7508,11180,-149,-22,89,7132,-8008,11288,-58,126,-122,-13224,3392,6920,-985,34,-240,-13284,-6696,6460,-483,39,-168,0
2840.2696759700775,7948,7604,11368,-165,-10,68,6924,-7960,11244,-70,142,-110,-13188,3516,7156,-947,56,-68,-13072,-6692,6532,-486,81,-156,0
2840.3050570487976,8044,7640,11116,-143,-31,61,7028,-7916,11400,-77,141,-139,-13200,3496,7132,-990,57,-38,-13220,-6664,6324,-495,106,-163,0
2840.340296983719,8008,7520,10992,-154,-78,58,7152,-7836,11180,-57,161,-160,-13128,3416,7180,-998,74,-69,-13492,-6584,6404,-487,154,-154,0
2840.3757009506226,7888,7544,11432,-140,-53,90,7088,-7960,11364,-61,155,-189,-13104,3452,7380,-997,107,-59,-13308,-6904,6648,-443,161,-133,0
2840.4108970165253,8032,7524,11064,-145,-103,88,7172,-8024,11316,-51,120,-215,-13204,3468,7084,-1005,92,-63,-13212,-6700,6572,-467,134,-157,0
2840.452225923538,8100,7620,11144,-172,-51,63,7316,-8048,11340,-74,184,-161,-13284,3428,6940,-976,48,-52,-13288,-6636,6496,-479,149,-169,0
2840.4880940914154,8076,7652,11144,-133,-42,63,7188,-8004,11156,-57,132,-154,-13136,3528,7056,-992,28,-98,-13568,-6408,6520,-485,112,-124,0
2840.5230560302734,8108,7568,11144,-115,-47,87,7128,-7984,11212,-64,129,-168,-13052,3360,7388,-986,44,-27,-13280,-6660,6488,-259,100,-151,0
2840.558869123459,8068,7684,10844,-160,-43,50,7140,-7968,11228,-90,119,-160,-13112,3504,6968,-982,62,-40,-13384,-6596,6436,-486,124,-166,0
2840.5943999290466,8008,7628,11180,-142,-36,75,7384,-8000,11364,-58,118,-177,-13108,3420,7236,-983,76,-25,-13176,-6576,6460,-263,147,-134,0
2840.6295380592346,7976,7680,11376,-136,-71,80,7072,-8044,11320,-60,128,-168,-13096,3428,7148,-1035,61,-89,-13300,-6740,6636,-479,145,-152,0
2840.6648139953613,8156,7608,11124,-139,-92,77,7404,-8020,11344,-54,121,-148,-13240,3464,7080,-1004,86,-80,-13108,-6912,6252,-498,112,-142,0
2840.700348138809,8008,7632,11192,-145,-63,107,7072,-8084,11228,-57,149,-190,-13148,3456,7288,-997,89,-47,-13208,-6436,6348,-477,136,-111,0
2840.7337419986725,8024,7588,11268,-139,-62,110,7116,-8076,11216,-79,160,-166,-13084,3504,7136,-960,66,-45,-13340,-6676,6468,-478,124,-119,0
2840.767338991165,7988,7696,11076,-151,-88,114,7068,-8012,11332,-93,152,-147,-13180,3508,7244,-998,81,-28,-13292,-6488,6352,-496,149,-132,0
2840.800784111023,7968,7592,11100,-148,-65,98,7132,-7972,11340,-14,134,-153,-13168,3488,6968,-1011,60,-87,-13256,-6592,6568,-491,142,-140,0
2840.83428812027,7988,7648,11100,-168,-35,121,7084,-8004,11352,-3,154,-142,-13088,3416,7252,-1023,99,-35,-13520,-6728,6228,-472,120,-97,0
2840.8674509525295,8080,7592,11268,-147,-91,94,7372,-7952,11344,-89,173,-166,-13176,3480,7364,-962,68,-44,-13228,-6568,6464,-484,108,-158,0
2840.900717973709,7984,7684,11084,-174,-3,85,7112,-7976,11100,-31,113,-158,-13116,3464,7028,-989,65,-82,-13208,-6572,6376,-463,159,-105,0
2840.9341039657593,8020,7636,11288,-135,-58,110,6932,-7948,11348,-17,132,-149,-13304,3500,7196,-1062,96,-62,-13180,-6468,6336,-465,123,-120,0
2840.9675240516663,8028,7600,11124,-181,-47,121,7140,-8016,11356,-59,138,-139,-13180,3460,7224,-981,90,242,-13280,-6744,6532,-464,81,-172,0
2841.001214981079,8056,7608,11288,-173,-17,91,6920,-8040,11504,-73,141,-156,-13176,3524,7316,-996,90,-50,-13260,-6592,6468,-473,115,-120,0
2841.0346720218654,7944,7648,11148,-157,-44,88,7092,-7900,11364,-54,149,-173,-13192,3508,7252,-997,88,-83,-13536,-6704,6628,-498,141,-139,0
2841.0679099559784,7960,7612,11112,-141,-54,98,7132,-8052,11364,-9,126,-197,-12884,3480,7248,-1020,117,-83,-13212,-6452,6204,-484,185,-124,0
2841.1015751361847,7956,7608,11292,-160,-53,104,7100,-8016,11448,-250,125,-193,-12932,3564,7016,-1031,121,-72,-13320,-6624,6540,-469,191,-108,0
2841.134952068329,8164,7628,11328,-152,-103,108,7136,-8024,11224,-8,147,-199,-13144,3524,7120,-1026,112,-67,-13356,-6740,6556,-467,173,-101,0
2841.168216943741,7752,7624,11128,-178,-56,119,7420,-8020,11480,-18,172,-174,-13200,3588,7088,-1019,74,-102,-13312,-6604,6488,-468,171,-111,0
2841.201756954193,7996,7908,11512,-175,-71,138,7192,-8040,11280,25,150,-150,-13164,3384,7544,-1277,70,-127,-13308,-6600,6424,-484,206,-79,0
2841.2353279590607,8128,7652,11192,-195,-101,149,7052,-8076,11452,-7,115,-185,-13212,3476,6968,-1022,157,-68,-13308,-6688,6504,-480,209,-63,0
2841.2686710357666,7968,7636,11160,-187,-117,160,7140,-8048,11208,-52,103,-209,-13172,3424,7104,-1006,141,-91,-13112,-6444,6480,-489,167,-82,0
2841.3021490573883,7992,7520,11192,-216,-111,128,6960,-7948,11352,-7,118,-193,-13048,3632,7112,-1004,112,-145,-13312,-6644,6408,-489,191,-102,0
2841.3355720043182,7988,7672,11124,-191,-128,139,7156,-7976,11284,32,148,-195,-13292,3504,7224,-1035,149,-138,-13172,-6688,6376,-465,187,-14,0
2841.369236946106,8000,7672,11268,-203,-87,146,7044,-8024,11428,42,150,-198,-12844,3444,6936,-1007,178,-121,-13304,-6604,6576,-492,237,-31,0
2841.4027829170227,7976,7676,11156,-217,-147,167,7188,-8032,11404,8,110,-203,-13280,3524,7172,-1278,137,-128,-13300,-6564,6600,-474,211,-50,0
2841.436156988144,7984,7696,11184,-197,-134,203,7204,-7948,11344,13,128,-212,-13196,3500,7380,-1277,203,-78,-13376,-6456,6360,-471,210,-69,0
2841.4698770046234,7984,7600,11176,-190,-159,174,7144,-8020,11104,26,132,-216,-13216,3336,6964,-1007,170,-141,-13096,-6592,6440,-472,189,-60,0
2841.503695011139,8084,7532,11140,-182,-151,160,7132,-7976,11324,2,132,-200,-13176,3424,7184,-1024,145,-111,-13320,-6640,6476,-463,162,-63,0
2841.5372171401978,7988,7660,11060,-194,-128,162,6928,-7864,11288,9,106,-164,-13196,3468,7224,-775,141,-123,-13336,-6556,6460,-509,147,-82,0
2841.5708730220795,8040,7564,11164,-184,-96,168,7140,-8148,11328,-2,109,-164,-13124,3404,7044,-1045,130,-73,-13352,-6632,6208,-487,141,-50,0
2841.604413032532,8052,7568,11292,-168,-131,145,7144,-8012,11460,-1,107,-212,-13116,3400,7092,-1279,162,-106,-13292,-6572,6376,-493,219,-72,0
2841.6377041339874,7728,7560,11192,-190,-160,135,7236,-8020,11368,7,119,-232,-13024,3492,7380,-1042,148,-87,-13312,-6600,6600,-488,236,-39,0
2841.671298980713,8096,7620,11084,-167,-217,181,7108,-8112,11288,23,108,-236,-13232,3504,7132,-1045,168,-153,-13112,-6556,6528,-481,235,-61,0
2841.7045760154724,8096,7452,11228,-201,-211,148,7112,-8168,11508,-256,133,-242,-13184,3452,7100,-1005,134,-180,-13544,-6536,6336,-461,212,-67,0
2841.741893053055,8084,7484,11216,-170,-195,157,7196,-7892,11268,10,100,-203,-13144,3540,7232,-975,144,-127,-13256,-6416,6420,-477,159,-104,0
2841.7784831523895,8064,7500,11156,-176,-103,130,7212,-8032,11304,20,127,-175,-13172,3408,7264,-1275,117,-105,-13264,-6540,6248,-489,142,-128,0
2841.813362121582,8064,7904,11072,-162,-103,144,7140,-7984,11456,38,115,-186,-13076,3344,7136,-1021,119,-81,-13384,-6900,6356,-465,143,-98,0
2841.8488781452174,8404,7640,11192,-147,-113,135,6960,-8188,11516,-247,112,-194,-13140,3516,6940,-1001,137,-110,-13172,-6564,6304,-492,176,-80,0
2841.8837389945984,8416,7556,11184,-195,-155,135,7324,-8008,11380,-31,93,-203,-13116,3508,7340,-1005,87,-76,-13332,-6544,6544,-500,167,-62,0
2841.9192159175873,8052,7580,11000,-128,-167,171,6972,-8160,11452,-6,145,-175,-13172,3368,7040,-993,122,-90,-13352,-6612,6232,-476,126,-85,0
2841.9546160697937,8096,7620,10768,-128,-92,145,7392,-8028,11472,-51,127,-187,-13212,3288,7000,-999,120,-55,-13308,-6568,6288,-507,100,-144,0
2841.9901781082153,8076,7552,10984,-130,-76,72,7120,-7856,11020,-56,130,-180,-13168,3512,7080,-965,67,-53,-13432,-6624,6196,-489,125,-142,0
2842.025619983673,8152,7632,10964,-150,-23,65,7116,-7960,11244,-61,134,-126,-13228,3384,7288,-982,26,-62,-13340,-6568,6368,-460,121,-160,0
2842.061142921448,7960,7560,11164,-153,-56,52,7224,-8032,11304,-28,182,-178,-13180,3432,7340,-998,30,-62,-13260,-6612,6268,-474,148,-146,0
2842.0971210002895,8352,7580,11248,-145,-40,86,7368,-7940,11368,-51,125,-182,-13192,3464,7176,-1004,52,-129,-13304,-6680,6348,-471,136,-140,0
2842.1325581073766,8092,7624,11232,-142,-82,81,7120,-8032,11112,-32,141,-176,-13104,3432,6948,-1028,110,-34,-13296,-6576,6584,-450,141,-135,0
2842.1676809787746,8068,7688,11096,-104,-80,96,7120,-7972,11184,-57,148,-166,-13216,3444,6972,-999,81,-94,-13348,-6648,6440,-477,120,-156,0
2842.2035751342773,8056,7688,11080,-136,-63,73,7244,-7704,11468,-61,179,-165,-13204,3440,7304,-977,54,-13,-13372,-6556,6168,-494,95,-177,0
2842.239347934723,8188,7604,11056,-140,7,48,7360,-7696,11436,-53,141,-135,-13132,3460,7260,-1004,26,-56,-13256,-6696,6416,-483,89,-165,0
2842.274411916733,8060,7660,10908,-166,-5,60,7136,-7952,11232,-55,130,-154,-13284,3404,7032,-1002,81,9,-13288,-6528,6448,-482,70,-161,0
2842.3101420402527,8204,7696,11008,-139,-12,79,7140,-7928,11380,-47,154,-159,-13148,3480,7272,-1002,74,-53,-13292,-6524,6380,-503,77,-185,0
2842.3456170558934,8172,7592,11380,-142,-43,98,7220,-8080,11404,-50,117,-168,-13192,3432,7120,-1011,34,-105,-13248,-6644,6340,-485,129,-161,0
2842.381506919861,7948,7612,11200,-154,-27,82,7420,-7916,11312,-29,133,-130,-13208,3360,7408,-1011,61,-58,-13216,-6704,6384,-473,70,-158,0
2842.414906024933,7712,7548,11228,-122,-54,70,7196,-8000,11304,-119,122,-162,-13172,3432,7088,-966,46,-11,-13364,-6656,6376,-479,121,-194,0
2842.448415994644,8056,7516,11092,-176,11,53,7248,-7968,11492,-48,131,-172,-13172,3444,7080,-966,55,-24,-13236,-6504,6300,-458,121,-145,0
2842.482082128525,8064,7668,10984,-132,-32,83,7192,-7948,11188,-35,124,-153,-13160,3476,7160,-1010,45,-58,-13228,-6704,6400,-464,91,-149,0
2842.515547037124,8032,7620,11148,-159,-3,69,7136,-8188,11272,-57,119,-141,-13212,3532,6968,-949,49,-24,-13268,-6660,6448,-485,66,-186,0
2842.548737049103,7952,7692,11052,-154,-8,61,7112,-7960,11308,-103,138,-162,-13168,3456,7100,-967,75,251,-13208,-6668,6588,-489,82,-169,0
2842.5823469161987,8020,7616,11136,-124,-37,89,7264,-8004,11248,-84,140,-154,-13200,3552,6992,-998,79,-43,-13260,-6804,6484,-260,130,-148,0
2842.615816116333,8028,7624,11104,-133,-56,121,7088,-7996,11480,-43,92,-178,-13136,3488,7328,-1039,98,-95,-13176,-6564,6540,-752,156,-128,0
2842.6489939689636,8048,7640,11472,-151,-70,102,7160,-8016,11292,-46,139,-173,-13204,3484,7248,-1014,92,-85,-13364,-6600,6368,-483,139,-108,0
2842.682662963867,8072,7688,11052,-135,-102,86,7168,-8016,11300,-37,123,-196,-13152,3504,7080,-1000,95,-38,-13312,-6648,6452,-488,144,-152,0
2842.716201066971,7960,7700,11144,-164,-48,106,7048,-8012,11416,-64,154,-167,-13284,3416,7168,-998,96,-65,-13272,-6596,6216,-497,124,-135,0
2842.74946308136,8016,7860,11164,-145,-94,104,7108,-8028,11404,-33,142,-180,-13220,3456,7264,-990,95,-83,-13260,-6648,6456,-469,145,-104,0
2842.782845020294,7964,7628,11068,-141,-66,89,7120,-7900,11160,-60,105,-193,-13140,3452,7120,-995,79,-54,-13268,-6672,6440,-490,127,-121,0
2842.8164200782776,7984,7868,11136,-147,-42,99,7116,-7908,11016,-61,118,-179,-13188,3496,7196,-973,67,-52,-13092,-6892,6172,-462,107,-152,0
2842.850100040436,8072,7664,11216,-159,-47,81,6916,-8056,11264,-50,125,-175,-13236,3484,7236,-1008,41,-49,-13064,-6496,6444,-503,116,-146,0
2842.883548974991,8140,7636,11100,-167,-50,79,7052,-7744,11352,15,128,-166,-12836,3360,7276,-1047,95,-80,-13228,-6700,6496,-451,146,-119,0
2842.9172499179845,7836,7768,11140,-174,-39,102,7052,-8020,11280,-39,135,-179,-12892,3440,6948,-1017,114,-84,-13288,-6664,6644,-483,152,-113,0
2842.9504039287567,8032,7708,11196,-157,-111,99,7136,-7984,11344,-77,134,-225,-13332,3596,7372,-986,80,-113,-13344,-6632,6484,-507,148,-101,0
2842.9837460517883,8172,7660,11100,-183,-71,129,7088,-7992,11284,-34,137,-143,-13200,3480,7220,-954,79,-41,-13280,-6608,6408,-478,112,-104,0
2843.017387151718,8048,7712,11096,-151,-45,154,6916,-7900,11276,-35,126,-148,-13176,3472,7184,-770,110,-26,-13316,-6604,6440,-473,123,-96,0
2843.0508899688725,7920,7560,11176,-175,-17,120,7096,-7924,11252,-26,130,-149,-13140,3444,7260,-1015,128,-51,-13232,-6596,6536,-484,126,-115,0
2843.084464073181,7972,7628,11212,-180,-34,114,7160,-7920,11404,-61,152,-178,-13100,3436,7176,-1005,90,-88,-13308,-6544,6568,-482,155,-114,0
2843.1181371212006,8140,7680,11196,-188,-35,90,7128,-7972,11268,7,154,-168,-13128,3472,7328,-1056,72,-120,-13240,-6576,6452,-489,216,-86,0
2843.1514410972595,7876,7604,11052,-177,-130,124,7096,-7992,11312,-33,144,-236,-13052,3568,7200,-1045,113,-128,-13532,-6840,6460,-485,219,-76,0
2843.185152053833,7992,7900,11092,-208,-149,142,7112,-7968,11280,12,67,-245,-13144,3376,7348,-1059,181,-108,-13228,-6532,6608,-450,216,-26,0
2843.2188761234283,8028,7784,11052,-195,-151,155,7156,-7972,11272,-39,119,-213,-13088,3448,7160,-1030,181,-117,-13168,-6600,6448,-456,188,-57,0
2843.2521529197693,7824,7668,11048,-229,-143,143,7136,-7960,11320,-7,154,-202,-12848,3520,6912,-770,164,-119,-13272,-6416,6204,-423,202,-54,0
2843.2856800556183,8000,7648,11044,-212,-102,158,7136,-7988,11068,-2,165,-198,-13120,3380,7204,-1004,144,-124,-13240,-6608,6220,-474,180,-95,0
2843.319184064865,8028,7676,11120,-203,-99,138,6916,-7716,11364,22,151,-188,-13212,3440,7176,-1043,137,-91,-13528,-6472,6388,-510,179,-51,0
2843.352616071701,8084,7756,11248,-216,-64,166,7180,-7928,11216,25,118,-166,-13144,3388,7376,-1039,143,-84,-13224,-6628,6528,-500,209,-62,0
2843.3859200477605,8072,7624,11252,-206,-114,162,7196,-7720,11388,35,106,-200,-13176,3396,7228,-1028,141,-131,-13288,-6512,6144,-497,207,-64,0
2843.4236280918126,8040,7716,11084,-172,-117,183,7136,-7944,11304,18,124,-212,-13264,3488,7112,-994,149,-135,-13548,-6592,6272,-471,216,-64,0
2843.459386110306,8032,7692,11000,-178,-139,182,6932,-7916,11464,12,129,-213,-13204,3432,7080,-978,148,-127,-13244,-6660,6480,-484,194,-68,0
2843.494341135025,8112,7432,10844,-192,-143,136,6936,-7724,11120,22,123,-197,-13180,3392,7056,-1265,138,-144,-13320,-6636,6536,-468,199,-87,0
2843.5298240184784,8128,7736,10988,-194,-138,145,7256,-7980,11244,20,140,-203,-13168,3480,7168,-1010,117,-92,-13084,-6616,6376,-451,207,-76,0
2843.565361022949,8060,7448,11220,-200,-132,149,6916,-8000,11364,33,119,-208,-13108,3488,7164,-999,167,-154,-13136,-6544,6316,-471,208,-42,0
2843.600583076477,8060,7592,11120,-216,-144,151,7320,-7768,11360,23,133,-222,-13156,3440,7108,-997,147,-128,-13232,-6652,6512,-463,206,-83,0
2843.635806083679,8128,7572,11088,-192,-158,142,7116,-7884,11092,2,103,-210,-13224,3380,7140,-1272,123,-131,-13560,-6836,6284,-490,184,-94,0
2843.6712040901184,8036,7568,11060,-180,-137,158,7208,-8180,11380,14,132,-204,-13060,3540,7120,-1029,136,-144,-13308,-6520,6452,-491,207,-67,0
2843.7062270641327,8092,7632,11204,-165,-140,172,7232,-7696,11368,21,106,-205,-13188,3392,7108,-997,145,-86,-13316,-6500,6216,-494,182,-68,0
2843.7417371273045,8116,7596,11072,-192,-120,156,7400,-8100,11344,13,127,-186,-13152,3464,7144,-1000,141,-134,-13312,-6552,6304,-483,186,-98,0
2843.777750015259,8124,7584,10768,-187,-117,163,7252,-7940,11416,-28,86,-210,-13024,3424,7032,-769,150,-86,-13312,-6628,6360,-455,173,-58,0
2843.813318967819,8060,7656,11028,-214,-115,150,7188,-7932,11472,-29,113,-198,-13264,3392,6920,-986,125,-69,-13376,-6432,6364,-496,124,-100,0
2843.848746061325,8320,7604,11064,-170,-113,112,7272,-7916,11184,-8,114,-171,-13236,3380,7000,-1039,94,-103,-13408,-6500,6440,-489,129,-141,0
2843.883866071701,8168,7848,11080,-157,-69,84,7128,-7836,11280,-3,130,-191,-13120,3396,7136,-1016,117,-75,-13080,-6660,6236,-478,88,-121,0
2843.9191510677338,8184,7440,11128,-142,-94,55,7232,-7888,11260,-108,162,-212,-13212,3468,7108,-969,80,-63,-13380,-6648,6416,-260,178,-164,0
2843.954008102417,8232,7552,10752,-138,-33,51,7308,-8168,11016,-45,115,-175,-13252,3500,6920,-1037,46,-78,-13268,-6476,6464,-448,136,-140,0
2843.989614009857,8188,7624,10984,-144,-12,77,7220,-7912,11132,-20,146,-139,-13180,3512,6940,-1277,44,9,-13336,-6512,6344,-463,51,-161,0
2844.0247030258174,8100,7732,11072,-165,2,86,7208,-7976,11356,-93,117,-134,-13148,3428,7196,-982,85,-15,-13352,-6576,6568,-476,73,-153,0
2844.060842037201,7988,7660,10912,-134,7,47,6952,-7948,11472,-93,170,-153,-13132,3404,7304,-947,-19,-46,-13180,-6696,6484,-495,87,-156,0
2844.094311952591,8076,7584,11092,-155,-15,73,6964,-7736,11388,-19,133,-166,-13096,3416,6920,-1026,79,-78,-13228,-6504,6224,-767,181,-143,0
2844.127902030945,8088,7668,11232,-122,-51,95,7200,-7908,11272,-16,139,-181,-13168,3444,7188,-1033,85,-69,-13276,-6700,6436,-487,135,-121,0
2844.161127090454,8036,7644,11232,-138,-62,66,7080,-7920,11260,-79,111,-178,-13256,3500,6992,-974,72,-76,-13492,-6584,6392,-474,99,-145,0
2844.1948621273045,8060,7652,11184,-166,-28,76,7400,-8028,11060,-48,158,-182,-13244,3504,7008,-988,56,-42,-13300,-6576,6220,-460,135,-145,0
2844.228214979172,8016,7632,10892,-152,-7,80,7404,-7976,11324,-56,176,-155,-13176,3448,7092,-1037,37,-96,-13336,-6580,6476,-487,133,-186,0
2844.2613649368286,8040,7580,11220,-142,-9,76,7164,-7908,11416,-42,132,-153,-13204,3472,7400,-993,62,-58,-13260,-6444,6368,-476,106,-189,0
2844.2952051162724,8160,7484,11212,-156,1,48,7208,-7784,11320,-77,141,-178,-13204,3448,7224,-963,30,-52,-13100,-6448,6428,-484,111,-171,0
2844.328674077988,8104,7632,10900,-115,-30,71,7388,-7936,11356,-53,105,-166,-13216,3444,7100,-981,31,-5,-13240,-6628,6500,-502,102,-147,0
2844.362184047699,8084,7708,11240,-144,3,64,7012,-7724,11284,-52,131,-147,-13212,3580,7320,-971,49,-49,-13236,-6636,6524,-503,115,-149,0
2844.3954639434814,8092,7680,11128,-138,-7,55,7192,-7900,11248,-49,134,-146,-13216,3480,7136,-995,80,-69,-13496,-6876,6608,-508,152,-154,0
2844.4288330078125,7980,7904,11100,-151,-32,80,7072,-7772,11172,-33,117,-181,-13124,3528,7312,-1010,93,-71,-13256,-6500,6388,-480,111,-118,0
2844.462119102478,7948,7656,11156,-131,-31,73,7180,-7932,11312,-54,151,-174,-13152,3448,7272,-1005,96,-39,-13228,-6544,6624,-484,145,-131,0
2844.495666027069,8032,7716,11120,-168,-37,77,7216,-7896,11280,-54,157,-194,-13124,3412,7320,-976,80,-61,-13076,-6564,6404,-481,125,-127,0
2844.5291740894318,7992,7432,11228,-154,-37,70,7152,-7976,11172,-79,120,-179,-13280,3508,7304,-1003,62,-25,-13324,-6528,6376,-489,123,-148,0
2844.562880039215,8124,7640,11128,-189,-30,103,7168,-8028,11376,-49,117,-151,-13208,3608,7188,-1041,49,-71,-13212,-6616,6368,-497,115,-163,0
2844.59637594223,8072,7776,11080,-120,12,81,7100,-7972,11364,-39,119,-141,-13200,3460,7236,-1000,93,6,-13316,-6744,6452,-473,84,-149,0
2844.629631996155,8000,7632,11076,-129,-20,61,7204,-7952,11276,-82,153,-155,-13164,3548,7248,-940,91,-35,-13300,-6412,6380,-498,121,-173,0
2844.662917137146,8008,7612,11068,-172,35,88,6956,-8040,11512,-7,122,-186,-13116,3412,7076,-1004,59,-54,-13268,-6624,6424,-451,167,-141,0
2844.696619987488,8112,7652,11008,-133,-25,98,7088,-8124,11284,-26,144,-154,-13040,3460,7252,-1268,83,-73,-13260,-6704,6384,-481,123,-143,0
2844.7302889823914,8120,7728,11096,-169,15,116,6972,-7956,11284,-63,123,-155,-13208,3480,7296,-966,54,-28,-13228,-6620,6552,-461,66,-124,0
2844.7637319564815,7936,7748,11224,-190,11,111,7160,-8064,11412,-88,147,-132,-13156,3372,7236,-972,53,-27,-13196,-6552,6220,-473,121,-143,0
2844.797387123108,7920,7712,11020,-147,-23,103,7180,-7888,11316,-60,145,-151,-13184,3444,7128,-985,80,-72,-13264,-6568,6504,-482,157,-124,0
2844.8309619426727,7916,7692,11080,-170,-35,109,7132,-7924,11504,2,141,-170,-13108,3452,6940,-1024,99,-79,-13180,-6900,6468,-513,163,-108,0
2844.8643550872803,7968,7724,11100,-146,-59,105,7412,-7972,11428,-20,133,-204,-13180,3568,7260,-1017,138,-91,-13320,-6792,6448,-486,155,-128,0
2844.8976750373845,7860,7644,11140,-187,-56,91,7204,-7988,11344,-54,142,-181,-13164,3336,7096,-1004,110,-49,-13320,-6680,6500,-482,129,-113,0
2844.9312160015106,8020,7712,11212,-183,-43,95,7204,-7940,11256,-39,165,-165,-13156,3460,7204,-1000,72,-57,-13228,-6652,6520,-486,143,-117,0
2844.9644391536713,7944,7676,11156,-164,-30,105,6920,-7688,11016,-24,151,-162,-13140,3432,7220,-1011,97,-107,-13216,-6432,6356,-478,160,-137,0
2844.9980340003967,7956,7668,11112,-169,-33,97,7156,-7936,11328,-72,121,-202,-13184,3412,7232,-998,88,-75,-13500,-6884,6364,-459,142,-111,0
2845.0315611362457,8076,7772,11172,-179,-19,111,7192,-8016,11288,-76,168,-158,-13124,3500,7248,-998,74,-44,-13292,-6628,6148,-491,113,-146,0
2845.064764022827,8008,7700,11192,-177,0,95,7276,-7760,11412,-45,137,-159,-13188,3528,6932,-1007,80,-71,-13256,-6672,6456,-494,128,-132,0
2845.102376937866,7924,7672,11304,-207,-43,114,7044,-7948,11388,33,151,-168,-12992,3444,6912,-1029,129,-88,-13228,-6680,6556,-468,168,-78,0
2845.1379640102386,7920,7684,11100,-162,-28,116,7176,-7992,11492,-31,159,-191,-13208,3448,7132,-1033,106,-39,-13076,-6804,6480,-491,185,-76,0
2845.1727290153503,8116,7440,11200,-179,-81,128,7252,-7952,11236,-21,149,-191,-13208,3528,7164,-983,46,-104,-13292,-6560,6492,-490,144,-82,0
2845.208691120148,7984,7744,11148,-211,-57,124,6920,-7964,11424,29,99,-177,-13128,3372,7280,-1011,102,-112,-13212,-6664,6360,-466,178,-58,0
2845.2441539764404,8008,7496,11220,-208,-68,174,7124,-7956,11244,27,126,-193,-13052,3580,7408,-1040,118,-106,-13212,-6904,6532,-472,144,-69,0
2845.2795021533966,8024,7712,11140,-210,-47,141,6984,-8180,11396,-52,124,-180,-13176,3500,7136,-1020,114,-79,-13284,-6872,6348,-486,108,-60,0
2845.314635038376,8068,7488,11136,-235,-51,144,7188,-7912,11304,-47,120,-169,-13088,3556,7100,-785,110,-128,-13356,-6724,6516,-491,188,-85,0
2845.3497540950775,7920,7628,11116,-197,-124,155,6912,-7728,11312,-4,124,-214,-12856,3448,7096,-1055,135,-75,-13100,-6712,6420,-502,222,-99,0
2845.3853459358215,7932,7676,11228,-206,-142,132,7080,-8060,11268,248,144,-233,-13064,3532,7136,-1019,141,-131,-13240,-6548,6412,-474,509,-55,0
2845.4210109710693,8040,7624,11224,-210,-134,155,7224,-7948,11280,6,98,-5,-13208,3556,7392,-1038,203,-101,-13412,-6588,6520,-440,280,-36,0
2845.458617925644,8084,7708,11148,-251,-135,183,7176,-8016,11144,-255,120,-229,-13284,3460,7144,-995,168,-164,-13288,-6520,6328,-456,202,-86,0
2845.494280099869,8044,7592,11236,-251,-119,136,7196,-7880,11180,10,149,-203,-13220,3492,7404,-991,162,-94,-13292,-6648,6344,-477,195,-65,0
2845.529932975769,7988,7596,11480,-212,-152,135,7020,-7992,11272,-13,97,-200,-13164,3524,7268,-1019,131,-154,-13560,-6584,6376,-482,197,-76,0
2845.5651061534886,7976,7716,11200,-209,-109,153,7396,-7696,11336,5,138,-186,-13220,3360,7292,-1034,135,-138,-13228,-6652,6412,-478,173,-51,0
2845.600765943527,8088,7632,11168,-210,-139,141,7136,-7972,11152,38,135,-199,-13164,3432,7272,-1028,155,-164,-13328,-6592,6396,-470,207,-81,0
2845.635313034057,8000,7716,11024,-194,-138,153,7276,-7868,11036,3,106,-221,-13104,3416,7396,-1033,184,-100,-13204,-6568,6432,-495,173,-58,0
2845.671061038971,8012,7724,11200,-205,-141,172,7164,-7816,11320,17,147,-201,-13164,3444,7252,-1003,167,-148,-13116,-6556,6420,-477,203,-61,0
2845.7070689201355,8092,7588,11108,-212,-136,180,7136,-7820,11236,35,126,-213,-13132,3356,7048,-1002,171,-140,-13208,-6484,6300,-466,204,-39,0
2845.742907047272,8052,7680,11104,-212,-149,165,7244,-7896,11248,-6,100,-211,-13204,3392,7108,-1021,160,-115,-13308,-6632,6588,-458,179,-63,0
2845.776435136795,8020,7764,11148,-209,-177,182,7176,-7700,11392,22,138,-207,-13180,3384,7172,-1019,143,-84,-13272,-6528,6392,-473,175,-43,0
2845.8100860118866,8096,7560,11184,-222,-131,156,7188,-7712,11316,-8,117,-184,-13108,3516,7144,-1013,129,-95,-13556,-6548,6368,-471,161,-81,0
2845.8436210155487,8020,7592,11136,-218,-142,163,6960,-7852,11068,-3,100,-193,-13296,3448,6996,-771,140,-98,-13068,-6552,6388,-459,166,-70,0
2845.8771760463715,7988,7560,11148,-207,-133,134,7172,-7880,11348,-14,69,-212,-13148,3472,7004,-1031,110,-161,-13348,-6540,6396,-492,188,-96,0
2845.91051697731,7968,7508,11132,-210,-161,148,7056,-7896,11328,32,105,-191,-13204,3432,7060,-997,134,-135,-13380,-6664,6416,-485,178,-73,0
2845.943838119507,8024,7592,11144,-195,-154,178,7120,-7900,11296,14,114,-202,-13192,3412,7052,-771,164,-113,-13276,-6836,6372,-494,165,-88,0
2845.9793870449066,8216,7624,11084,-207,-143,162,7380,-8160,11292,6,126,-214,-13296,3496,7120,-773,133,-109,-13384,-6520,6404,-490,185,-78,0
2846.0129151344295,7952,7548,11224,-170,-149,123,7272,-7856,11392,-29,102,-202,-13496,3432,7000,-1021,124,-90,-13364,-6568,6296,-504,135,-105,0
2846.0466029644012,8188,7552,11336,-158,-107,122,7208,-7816,11188,-47,124,-158,-13200,3368,6988,-1011,92,-57,-13384,-6584,6288,-766,119,-147,0
2846.0800869464874,8172,7596,11236,-144,-26,77,7280,-7792,11344,-76,130,-155,-13216,3304,6924,-1034,57,-16,-13320,-6428,6484,-467,78,-171,0
2846.1135630607605,7980,7644,11064,-163,-53,66,7224,-7820,11252,-47,183,-146,-13196,3376,6892,-1010,28,-42,-13304,-6492,6316,-461,117,-228,0
2846.146913051605,7960,7600,11248,-224,-37,80,7228,-7712,11344,13,150,-143,-13188,3360,7264,-1013,53,-48,-13076,-6676,6420,-421,114,-163,0
2846.1805090904236,7976,7880,11152,-131,-17,76,7144,-8020,11188,-88,184,-173,-13252,3416,7396,-976,76,-90,-13208,-6580,6380,-480,133,-163,0
2846.2142231464386,8128,7580,11152,-195,-47,52,7220,-7896,11188,-42,170,-186,-13312,3464,7080,-1005,3,-53,-13072,-6560,6488,-477,143,-149,0
2846.247611999512,8116,7616,11212,-128,-11,87,7408,-8072,11296,-30,147,-145,-13172,3496,6924,-774,-249,-37,-13340,-6580,6424,-452,79,-159,0
2846.2811250686646,8076,7656,11172,-165,15,54,7220,-7892,11288,-52,131,-155,-13180,3432,7228,-980,29,-255,-13264,-6608,6384,-487,21,-191,0
2846.3148210048676,7964,7624,11268,-186,39,48,7136,-7964,11372,-109,125,-105,-13012,3436,7280,-947,56,5,-13236,-6660,6492,-489,51,-170,0
2846.3482990264893,7968,7636,11128,-135,52,62,7216,-7940,11432,-81,125,-140,-13164,3464,7152,-985,59,-81,-13236,-6532,6384,-490,91,-136,0
2846.381691932678,8076,7668,11204,-157,-41,102,6924,-7904,11392,-36,117,-156,-13084,3472,7388,-1033,74,-50,-13348,-6496,6276,-527,141,-145,0
2846.4152960777283,8112,7616,11208,-130,-86,109,7400,-7908,11232,-54,143,-180,-13132,3392,6980,-1264,111,-80,-13096,-6672,6384,-470,156,-113,0
2846.448790073395,8120,7620,11116,-153,-73,68,7196,-7748,11288,-61,115,-173,-13180,3452,7108,-989,86,-61,-13072,-6556,6152,-481,106,-143,0
2846.4825949668884,8132,7580,11040,-160,-55,70,7188,-8156,11376,-54,150,-169,-13140,3500,7208,-1006,52,-88,-13372,-6624,6376,-469,147,-161,0
2846.515811920166,8112,7692,11084,-162,-16,77,7132,-7936,11324,-22,176,-156,-13144,3432,7208,-983,19,-82,-13348,-6472,6400,-461,125,-155,0
2846.549348115921,8008,7616,11064,-163,-29,58,7156,-7904,11508,-55,137,-158,-13160,3492,7408,-1003,57,-14,-13236,-6608,6452,-492,110,-198,0
2846.582921028137,7916,7824,11192,-148,-31,67,7224,-8016,11140,-54,150,-164,-13072,3364,7260,-986,26,-39,-13292,-6632,6464,-493,111,-185,0
2846.6166059970856,8092,7668,11112,-143,-17,63,6924,-8164,11476,-66,146,-178,-13108,3468,7116,-995,43,-77,-13340,-6640,6468,-481,107,-162,0
2846.6498260498047,7972,7680,11064,-163,-63,57,7164,-7964,11568,-51,116,-163,-13108,3384,7152,-1009,70,-66,-13228,-6488,6360,-499,121,-152,0
2846.683439016342,7980,7644,11104,-160,-56,103,7304,-8060,11280,-52,124,-184,-13184,3352,6992,-990,94,-37,-13232,-6580,6508,-496,160,-117,0
2846.71715092659,8056,7644,11040,-157,-75,101,7208,-7880,11356,-35,129,-189,-13180,3372,7228,-1020,80,-35,-13392,-6584,6416,-479,115,-147,0
2846.7528150081635,7996,7476,11164,-138,-75,100,7012,-8172,11084,-55,163,-178,-13180,3412,6920,-992,65,-68,-13268,-6568,6412,-501,127,-117,0
2846.7876789569855,8000,7676,11100,-150,-103,99,7388,-7864,11320,-62,166,-195,-13024,3476,7276,-986,84,-92,-13532,-6904,6344,-452,127,-139,0
2846.8231871128082,8088,7700,11120,-148,-78,86,7236,-7920,11324,-59,132,-162,-13136,3492,7284,-989,89,-35,-13356,-6532,6424,-465,120,-126,0
2846.8588540554047,7980,7632,11172,-167,-52,85,6944,-8036,11220,-52,132,-143,-13132,3492,7148,-993,49,-81,-13232,-6448,6452,-486,119,-161,0
2846.893891096115,8032,7612,11164,-174,-32,98,7408,-7824,11436,-4,126,-117,-13140,3456,7332,-1015,84,-13,-13232,-6720,6468,-467,109,-155,0
2846.9291720390324,7700,7664,11156,-162,-97,80,7184,-8000,11284,-109,138,-179,-13132,3360,6956,-994,50,-51,-13252,-6632,6540,-481,130,-156,0
2846.9641721248627,8124,7568,11244,-202,-47,75,7164,-7960,11204,-15,311,-89,-12996,3496,6968,-1074,145,-73,-13140,-6424,6440,-467,154,-131,0
2846.999011993408,8040,7452,11368,-150,-55,110,7136,-8144,11500,-31,184,-173,-12980,3436,7076,-1029,102,-47,-13200,-6652,6484,-469,109,-132,0
2847.035136938095,8076,7620,11132,-165,-37,124,7144,-7904,11276,-46,119,-155,-13240,3412,6952,-992,84,-19,-13192,-6896,6456,-469,91,-138,0
2847.0711369514465,8036,7648,11124,-172,-40,114,7196,-7888,11396,-68,130,-144,-13148,3396,7188,-968,94,-62,-13148,-6632,6368,-504,122,-136,0
2847.1071920394897,8012,7676,11204,-147,-51,126,7236,-8000,11304,-36,150,-166,-13124,3380,7232,-998,100,-78,-13252,-6600,6444,-469,164,-110,0
2847.1422929763794,8016,7656,11284,-185,-73,120,7096,-7980,11376,34,163,-194,-13052,3484,7088,-1044,83,-95,-13304,-6620,6360,-491,190,-94,0
2847.177997112274,7988,7688,11300,-191,-99,115,7276,-7920,11300,-11,151,-195,-13232,3496,7000,-1037,111,-100,-13212,-6548,6416,-464,149,-74,0
2847.2134330272675,7980,7864,11244,-220,-103,92,6924,-7908,11388,19,124,-164,-13144,3484,7252,-982,104,-103,-13312,-6616,6476,-467,181,-99,0
2847.249228000641,8012,7728,11392,-203,-120,135,7272,-7960,11380,-16,152,-174,-13268,3524,7392,-991,136,-134,-13240,-6568,6412,-503,194,-107,0
2847.2843840122223,7712,7676,11160,-218,-162,143,7228,-7816,11364,-26,122,-206,-13128,3568,7224,-994,132,-133,-13288,-6572,6412,-476,175,-57,0
2847.319535970688,7964,7620,11064,-240,-126,150,7044,-7684,11380,-43,138,-216,-13012,3488,7008,-1015,144,-113,-13228,-6640,6516,-447,200,-60,0
2847.3547780513763,8032,7676,11156,-243,-108,133,7216,-7972,11440,4,153,-203,-13136,3580,7240,-1028,143,-88,-13276,-6560,6468,-470,199,-47,0
2847.3904559612274,8112,7676,11436,-236,-92,150,7000,-7940,11348,46,134,-192,-13112,3396,7048,-1277,145,-176,-13296,-6628,6552,-496,232,-54,0
2847.426236152649,8020,7876,11236,-205,-104,172,7412,-8092,11356,11,156,-183,-13140,3476,7228,-1047,157,-162,-13264,-6640,6404,-491,199,-13,0
2847.4598231315613,8088,7436,11364,-192,-140,153,7244,-7864,11184,20,112,-199,-13192,3476,7112,-1076,174,-133,-13272,-6680,6364,-490,217,-39,0
2847.4934089183807,8000,7616,11208,-181,-161,165,7112,-7908,11272,-12,140,-224,-13164,3392,7476,-1279,156,-129,-13312,-6588,6420,-757,232,-71,0
2847.527121067047,7968,7676,11172,-196,-177,179,7152,-7856,11368,-12,121,-204,-13152,3448,7296,-1027,159,-111,-13276,-6600,6400,-466,192,-53,0
2847.5605139732365,8160,7652,11084,-226,-155,161,7224,-7884,11432,6,124,-183,-13124,3568,7316,-995,156,-123,-13272,-6552,6648,-469,162,-45,0
2847.5942249298096,8040,7596,11096,-219,-127,154,7240,-7848,11220,-16,73,-190,-13100,3400,7104,-1009,138,-137,-13348,-6636,6420,-478,174,-88,0
2847.627860069275,7992,7424,11188,-208,-138,171,7420,-7796,11448,44,68,-188,-13132,3408,7164,-989,132,-90,-13252,-6636,6152,-458,161,-63,0
2847.660947084427,8096,7652,11048,-165,-113,162,7176,-7880,11444,-255,106,-193,-13200,3324,7124,-1012,135,-90,-13308,-6564,6648,-468,196,-81,0
2847.6944789886475,8056,7572,11120,-217,-154,110,7120,-7828,11408,21,183,-226,-13204,3492,7036,-1023,152,-143,-13320,-6444,6372,-463,237,-38,0
2847.7281069755554,8368,7620,11080,-205,-162,144,7212,-7928,11312,38,136,-190,-13148,3448,7284,-1277,123,-102,-13280,-6480,6356,-464,159,-89,0
2847.761740922928,8108,7544,11184,-202,-149,158,7204,-7880,11276,24,94,-165,-13200,3456,7080,-1003,120,-90,-13260,-6620,6368,-472,123,-68,0
2847.7949340343475,8140,7920,11196,-212,-127,156,7132,-7828,11368,-255,92,-177,-13184,3424,7156,-1277,171,-39,-13316,-6664,6436,-497,139,-96,0
2847.828444957733,7976,7504,10808,-215,-139,136,7160,-7860,11264,-31,97,-192,-13168,3376,7184,-981,92,-74,-13140,-6640,6476,-534,185,-123,0
2847.8619470596313,8012,7624,10840,-170,-164,117,7256,-7956,11204,12,118,-214,-13156,3388,6964,-1011,121,-136,-13272,-6412,6408,-497,195,-106,0
2847.8953769207005,8080,7564,11244,-171,-177,123,7124,-7796,11216,-3,124,-229,-13096,3372,7072,-1280,131,-139,-13256,-6552,6320,-457,150,-87,0
2847.928961992264,8160,7580,10816,-134,-175,105,7212,-7852,11360,-67,129,-213,-13220,3372,7184,-944,123,-87,-13356,-6564,6344,-480,123,-144,0
2847.9625670909886,7992,7628,11244,-153,-92,85,7312,-7844,11340,-57,133,-179,-13280,3416,7168,-1004,63,-45,-13352,-6516,6204,-450,123,-140,0
2847.9958069324493,8268,7532,11248,-182,-100,82,7236,-7856,11008,-10,177,-203,-13236,3432,7420,-1038,63,-90,-13296,-6564,6372,-460,140,-153,0
2848.0293149948125,7984,7924,11140,-152,-69,69,7276,-7928,11476,-22,176,-165,-13256,3344,7224,-1031,68,-88,-13308,-6548,6436,-496,101,-142,0
2848.062926054001,8056,7880,11148,-145,-54,94,7196,-7884,11112,-80,169,-162,-13152,3352,7088,-986,78,-65,-13220,-6872,6336,-476,97,-164,0
2848.0966341495514,8212,7648,11064,-159,-48,49,7172,-7848,11112,-59,178,-175,-13208,3428,7380,-1003,49,-55,-13372,-6600,6508,-491,102,-183,0
2848.1302189826965,8136,7636,11000,-139,-23,73,7124,-7804,11392,-68,169,-142,-13100,3452,7180,-996,26,-10,-13252,-6580,6312,-476,105,-157,0
2848.163537025452,8168,7684,10944,-121,-15,79,6936,-8192,11368,-28,148,-135,-13184,3376,7172,-1017,45,-59,-13260,-6576,6448,-482,68,-146,0
2848.1970949172974,8048,7716,11048,-117,-22,72,7284,-7684,11320,-56,120,-159,-13092,3472,7044,-1018,74,-58,-13184,-6636,6456,-494,123,-163,0
2848.2306051254272,8032,7712,11072,-146,-32,61,7172,-8148,11304,-53,172,-168,-13492,3368,7288,-959,69,-56,-13308,-6612,6472,-477,120,-153,0
2848.2639610767365,8160,7680,11124,-130,-34,74,7136,-7872,11396,-84,140,-160,-13176,3428,7204,-989,52,-22,-13364,-6696,6404,-477,108,-138,0
2848.297660112381,8136,7672,11084,-149,-59,76,7252,-7968,11352,-92,150,-178,-13104,3572,7172,-997,61,-43,-13552,-6556,6432,-490,113,-178,0
2848.3311600685124,8172,7580,11176,-156,-88,59,7228,-7704,11332,-39,138,-179,-13120,3424,7220,-995,39,-68,-13308,-6592,6408,-486,87,-172,0
2848.364371061325,8032,7676,10912,-113,-21,63,7216,-7808,11476,-33,143,-146,-13248,3324,7124,-981,55,7,-13300,-6628,6388,-491,70,-192,0
2848.3976809978485,8040,7592,11192,-104,-31,41,7320,-8184,11288,-92,174,-145,-13148,3364,7144,-959,27,-27,-13420,-6520,6368,-459,103,-171,0
2848.4341230392456,8116,7620,11200,-171,1,49,7128,-7884,11196,-21,163,-172,-13088,3448,7108,-1021,52,-49,-13296,-6408,6500,-464,110,-153,0
2848.4691989421844,8080,7604,11248,-100,-21,109,7116,-7856,11416,-65,139,-125,-13120,3464,7140,-997,90,-50,-13328,-6644,6432,-471,79,-147,0
2848.5041930675507,8136,7632,11320,-142,-7,103,6928,-8136,11456,-90,131,-146,-12832,3464,7240,-962,81,245,-13260,-6704,6436,-488,48,-164,0
2848.5395200252533,8036,7612,11080,-123,-20,73,6924,-7740,11316,-109,133,-157,-13304,3408,7140,-995,53,-36,-13240,-6440,6224,-503,83,-148,0
2848.575052022934,8008,7700,11160,-99,-30,79,7128,-7924,11432,-53,167,-153,-13140,3460,7360,-984,46,-61,-13204,-6720,6500,-480,167,-137,0
2848.610825061798,7788,7692,11196,-128,-79,85,7108,-7912,11288,-9,134,-189,-13072,3376,7256,-1018,96,-102,-13284,-6628,6428,-489,163,-118,0
2848.645481109619,8076,7720,10824,-119,-98,97,7128,-7704,11264,-60,157,-199,-13096,3444,7268,-1023,83,-45,-13488,-6636,6400,-498,116,-129,0
2848.6808829307556,8060,7636,11148,-140,-63,98,7192,-8136,11332,-59,123,-189,-13164,3456,7124,-1002,97,-84,-13372,-6644,6536,-481,145,-152,0
2848.7161560058594,8072,7504,10796,-142,-57,102,7196,-7956,11392,-52,175,-189,-13132,3404,7260,-983,45,-50,-13272,-6584,6404,-492,147,-135,0
2848.7517609596252,8076,7428,11008,-154,-66,94,7164,-7984,11328,-42,136,-187,-13188,3356,7212,-1010,95,-103,-13172,-6572,6340,-469,123,-114,0
2848.7876081466675,8052,7728,11180,-159,-47,108,7212,-8156,11360,-48,128,-159,-13172,3416,7368,-992,90,-50,-13256,-6620,6488,-482,132,-138,0
2848.822658061981,8048,7704,11112,-156,-56,86,7164,-7908,11348,-21,150,-187,-12860,3540,7056,-998,97,-81,-13292,-6724,6536,-480,173,-100,0
2848.8582279682164,7976,7652,11048,-182,-65,121,6924,-7904,11284,15,152,-158,-13164,3604,7264,-1035,105,-95,-13260,-6584,6600,-481,161,-95,0
2848.893378019333,8056,7916,11044,-184,-111,140,7392,-7964,11500,17,148,-174,-13024,3408,7320,-1017,113,-170,-13284,-6624,6392,-500,200,-89,0
2848.9286770820618,8152,7684,11060,-184,-133,137,7096,-7744,11472,-8,110,-205,-13168,3488,7096,-1003,121,-85,-13268,-6692,6440,-461,195,-72,0
2848.963922023773,8024,7788,11148,-161,-159,166,7136,-7908,11508,-10,142,-208,-13144,3460,7152,-1014,159,-114,-13284,-6588,6564,-487,203,-66,0
2848.9997169971466,7792,7760,10952,-208,-154,135,7080,-7936,11380,-27,124,-215,-13204,3452,7376,-985,140,-51,-13236,-6848,6404,-476,197,-74,0
2849.0348739624023,7964,7768,11124,-200,-103,159,6964,-7876,11312,-15,149,-174,-13160,3472,7380,-1279,155,-98,-13400,-6496,6456,-478,146,-30,0
2849.070675134659,8032,7688,11244,-211,-83,169,7216,-7900,11300,22,106,-171,-13096,3432,7252,-1040,130,-124,-13188,-6680,6368,-510,192,-75,0
2849.1063981056213,8128,7748,11064,-193,-85,137,7204,-7900,11332,63,138,-198,-12984,3392,7176,-1053,145,-105,-13232,-6732,6464,-492,183,-41,0
2849.1396839618683,8152,7668,11048,-169,-127,133,6924,-7984,11288,10,151,-217,-13196,3388,7152,-1032,127,-121,-13564,-6584,6428,-478,203,-66,0
2849.1729710102086,8188,7556,11180,-233,-130,115,7224,-7900,11352,32,130,-206,-13072,3376,7212,-1005,151,-164,-13140,-6492,6368,-458,237,-39,0
2849.206488132477,8080,7612,11184,-184,-95,157,7184,-7860,11248,16,159,-150,-13208,3368,7240,-1000,139,-123,-13316,-6576,6544,-449,173,-69,0
2849.2399461269374,8084,7716,11228,-191,-92,156,7296,-7836,11276,16,126,-182,-13164,3516,7164,-1016,145,-73,-13264,-6644,6480,-467,104,-94,0
2849.2735760211945,7992,7648,11276,-230,-92,139,7136,-7904,11432,-13,116,-142,-13208,3400,7172,-985,136,-67,-13256,-6656,6296,-466,117,-83,0
2849.307259082794,8056,7568,11220,-200,-102,157,7100,-7880,11300,-254,98,-185,-13104,3480,7164,-769,153,-74,-13280,-6580,6300,-512,175,-73,0
2849.3407690525055,8108,7760,11016,-165,-133,144,7160,-7876,11328,44,128,-204,-13148,3384,7084,-1061,186,-158,-13288,-6556,6288,-501,226,-58,0
2849.374319076538,8160,7436,11016,-171,-150,145,7200,-7796,11108,36,111,-226,-13300,3436,7184,-1052,206,-146,-13560,-6608,6472,-495,208,-65,0
2849.4076161384583,8044,7440,11084,-189,-172,169,7180,-7828,11328,14,137,-225,-13160,3308,7000,-997,171,-134,-13500,-6560,6508,-458,198,-53,0
2849.4411211013794,8108,7528,10996,-203,-147,168,7220,-7896,11360,3,160,-224,-13192,3480,7296,-994,153,-111,-13352,-6608,6324,-470,185,-69,0
2849.4745509624486,8092,7632,11116,-213,-145,164,7248,-7872,11284,10,149,-198,-13240,3456,7176,-1035,148,-128,-13428,-6540,6504,-484,181,-62,0
2849.507975101471,8180,7652,11100,-187,-113,161,7176,-7852,11364,2,124,-178,-13164,3120,7188,-1055,144,-136,-13104,-6500,6288,-467,154,-63,0
2849.5415740013123,8084,7516,11228,-214,-130,129,7236,-7880,11420,-34,115,-208,-13152,3464,7220,-987,104,-51,-13108,-6696,6484,-475,157,-140,0
2849.574949026108,8132,7424,11260,-184,-81,118,7212,-7808,11484,-27,123,-192,-13176,3412,7128,-995,94,-89,-13260,-6568,6288,-489,123,-111,0
2849.6084561347966,8188,7496,11148,-151,-110,121,7180,-7900,11428,-11,115,-179,-13192,3400,7136,-1026,128,-97,-13260,-6580,6648,-495,140,-121,0
2849.6418030261993,8164,7584,11232,-156,-79,88,7112,-7768,11268,-26,143,-176,-13244,3524,7176,-1022,127,-90,-13272,-6464,6448,-474,128,-166,0
2849.675307035446,8352,7500,11060,-141,-75,115,7192,-7712,11336,-52,136,-191,-13140,3480,7092,-986,110,-45,-13152,-6596,6172,-483,118,-109,0
2849.7086279392242,8192,7660,10860,-158,-68,87,7248,-7820,11424,-68,146,-183,-13248,3328,7036,-1017,66,-40,-13380,-6508,6284,-455,163,-114,0
2849.7421641349792,8196,7664,10880,-188,-72,102,7244,-7852,11512,-63,160,-191,-13144,3556,7004,-981,66,-77,-13072,-6596,6248,-465,135,-120,0
2849.775486946106,8152,7748,11076,-162,-50,89,7200,-7888,11404,-55,168,-148,-13156,3464,7284,-974,82,-85,-13424,-6552,6460,-488,91,-133,0
2849.809154033661,8004,7620,11108,-165,-41,72,7196,-7972,11288,-52,154,-164,-13132,3472,7396,-994,34,-79,-13392,-6640,6392,-492,111,-160,0
2849.842782974243,8008,7912,11016,-142,-42,74,7160,-7808,11332,-23,137,-167,-13072,3364,7264,-1014,40,-33,-13276,-6672,6412,-474,113,-161,0
2849.8757519721985,8180,7748,11292,-119,-26,79,6968,-7884,11304,-73,167,-177,-13192,3448,7296,-997,42,-70,-13548,-6572,6164,-467,108,-148,0
2849.908991098404,8164,7600,11028,-166,-20,29,7388,-7828,11224,-18,147,-182,-13216,3468,7176,-977,53,-58,-13120,-6524,6648,-458,113,-160,0
2849.9424290657043,8304,7604,11072,-159,-256,52,7156,-7920,11112,-41,140,-138,-13268,3564,6980,-1009,55,246,-13544,-6532,6616,-478,104,-144,0
2849.9757771492004,8180,7680,10940,-153,-13,104,7268,-7920,11452,-44,101,-115,-13112,3288,7164,-970,62,-252,-13344,-6804,6440,-487,75,-133,0
2850.009264945984,7940,7708,11052,-174,250,93,7192,-7840,11360,-83,102,-146,-13160,3428,7076,-1000,88,-60,-13324,-6616,6336,-482,96,-143,0
2850.0428559780125,8160,7556,11240,-158,-49,89,7204,-7844,11256,-73,126,-170,-13296,3480,7304,-988,70,-66,-13304,-6632,6460,-481,135,-134,0
2850.076430082321,8164,7668,11088,-129,-33,73,7268,-7936,11396,-26,142,-190,-13200,3540,7340,-998,64,-40,-13564,-6596,6568,-497,151,-194,0
2850.1122031211853,7752,7448,11108,-144,-31,80,7296,-7880,11224,-35,146,-166,-13048,3432,7228,-1012,88,-90,-13308,-6568,6448,-484,124,-132,0
2850.148150920868,8004,7676,11192,-132,-62,79,6936,-7840,11404,-50,113,-182,-13204,3424,7328,-985,81,-48,-13284,-6596,6464,-479,132,-160,0
2850.183228969574,8168,7656,11168,-159,-30,87,7252,-7888,11456,-61,124,-172,-13148,3532,7244,-971,66,-61,-13244,-6696,6452,-490,110,-154,0
2850.2188930511475,8092,7628,11064,-147,-55,53,7316,-8100,11428,-61,116,-186,-13168,3516,7188,-1000,50,-51,-13188,-6560,6520,-481,132,-148,0
2850.253284931183,8404,7656,11196,-135,-73,93,7132,-7960,11380,-64,111,-154,-13104,3516,7068,-990,93,-58,-13236,-6852,6192,-470,118,-152,0
2850.2886850833893,8000,7620,10888,-135,-33,89,7164,-7920,11300,-79,116,-157,-13212,3368,7280,-976,81,-59,-13276,-6404,6424,-496,88,-164,0
2850.3238451480865,8184,7592,11460,-182,-59,72,6940,-7940,11380,-59,127,-178,-13100,3428,7044,-769,51,-10,-13252,-6624,6476,-259,110,-187,0
2850.359213113785,8056,7700,11172,-122,-41,104,7136,-7812,11392,9,125,-173,-13120,3424,7180,-1009,93,-91,-13296,-6716,6176,-481,126,-145,0
2850.394488096237,8084,7692,11116,-132,-15,81,7104,-7900,11500,-52,151,-179,-13092,3416,7152,-1014,109,-51,-13268,-6584,6500,-480,153,-119,0
2850.430140018463,8188,7440,11100,-171,-98,104,7252,-7688,11348,-63,141,-184,-13152,3512,7296,-956,97,-95,-13540,-6544,6408,-517,120,-122,0
2850.472064971924,7932,7752,11164,-154,-44,108,7080,-7848,11412,-53,120,-162,-13232,3364,7376,-989,91,-39,-13296,-6584,6452,-504,115,-129,0
2850.508486032486,8120,7704,11104,-130,-34,84,7124,-7836,11392,-25,126,-182,-13172,3408,7008,-999,73,-60,-13236,-6596,6456,-455,112,-153,0
2850.5433001518254,8024,7712,10880,-156,-55,66,7372,-8164,11504,-57,148,-162,-13096,3472,7212,-987,68,-52,-13244,-6568,6476,-496,128,-127,0
2850.5793509483337,8116,7704,11064,-155,-43,87,7228,-7972,11292,-37,137,-151,-13160,3428,7176,-1009,65,-93,-13268,-6476,6404,-499,88,-150,0
2850.614352941513,8148,7736,11232,-132,-20,122,7204,-7880,11384,-60,147,-138,-13096,3512,7196,-997,75,-4,-13224,-6628,6520,-507,108,-110,0
2850.6498041152954,8052,7640,11108,-168,-44,99,6960,-7844,11320,-49,122,-189,-13220,3488,7276,-1013,104,-87,-13328,-6492,6420,-503,154,-118,0
2850.6849360466003,8008,7916,11152,-181,-72,106,7208,-7952,11388,-42,135,-182,-13088,3476,7144,-1047,100,-79,-13284,-6480,6460,-491,171,-119,0
2850.7199001312256,8028,7660,11028,-149,-65,76,7384,-7900,11096,-25,128,-192,-12876,3440,7400,-983,111,-70,-13272,-6628,6456,-481,152,-120,0
2850.754805088043,7964,7740,11056,-162,-65,107,7152,-7908,11248,-25,144,-176,-13176,3504,7192,-981,118,-59,-13304,-6724,6420,-440,143,-127,0
2850.790472984314,8036,7692,10960,-216,-89,74,7112,-7976,11428,-67,135,-196,-13108,3544,7200,-1005,85,-67,-13236,-6576,6144,-479,149,-133,0
2850.8240151405334,8120,7648,11184,-189,-21,78,7184,-7980,11320,-1,139,-176,-13164,3328,7072,-993,68,-97,-13220,-6900,6504,-492,151,-98,0
2850.8575949668884,8032,7792,10980,-141,-21,118,6952,-7684,11288,-18,158,-164,-13200,3340,7112,-1027,112,-30,-13304,-6720,6236,-458,166,-107,0
2850.8907921314244,8000,7692,11144,-183,-54,81,7184,-7940,11432,-31,146,-177,-13168,3524,7376,-1012,117,-60,-13284,-6652,6224,-764,140,-111,0
2850.92423415184,8168,7708,11232,-188,-49,141,7260,-7944,11424,0,141,-161,-13088,3428,7080,-1006,99,-105,-13180,-6668,6644,-481,158,-73,0
2850.9575579166412,8052,7836,11140,-190,-99,144,6912,-7924,11416,14,93,-179,-13168,3392,7268,-1027,130,-86,-13296,-6680,6416,-459,174,-77,0
2850.9917290210724,8060,7508,11132,-212,-76,150,7112,-7856,11304,-18,124,-175,-13092,3428,7344,-990,138,-117,-13536,-6688,6436,-475,155,-38,0
2851.0256900787354,8116,7700,11188,-247,-83,107,7084,-7960,11292,-26,145,-191,-13144,3424,7264,-978,135,-100,-13184,-6612,6440,-497,192,-72,0
2851.059179067612,7952,7624,11120,-237,-76,161,7036,-7864,11360,4,134,-197,-13188,3468,7348,-1031,128,-86,-13132,-6636,6592,-481,206,-73,0
2851.0927579402924,7904,7612,11160,-226,-98,142,7204,-8020,11364,-13,167,-215,-13180,3392,7240,-1012,154,-138,-13248,-6656,6552,-476,217,-85,0
2851.1263971328735,8136,7676,11192,-233,-127,145,7100,-8056,11420,255,170,-218,-13184,3504,7392,-1042,161,-151,-13352,-6608,6556,-481,232,-70,0
2851.1596739292145,8080,7728,11124,-217,-151,164,6964,-7688,11360,10,145,-198,-13140,3480,6932,-1274,187,-128,-13344,-6692,6428,-474,207,-29,0
2851.1933009624486,8012,7688,11056,-222,-103,152,7244,-7900,11424,15,113,-227,-13208,3336,7260,-1036,202,-114,-13308,-6572,6440,-489,213,-51,0
2851.2268309593205,8000,7700,10992,-251,-119,162,6928,-7920,11260,-16,134,-218,-13148,3404,7184,-1000,141,-120,-13352,-6672,6436,-465,219,-54,0
2851.2601969242096,8104,7720,11064,-220,-120,116,6948,-7692,11328,-4,152,-210,-13104,3396,7128,-981,102,-134,-13296,-6680,6420,-480,190,-86,0
2851.2936930656433,8104,7724,11168,-199,-109,117,7188,-7864,11412,57,151,-213,-13216,3408,6996,-1009,114,-171,-13264,-6620,6368,-487,163,-102,0
2851.3271119594574,8152,7632,10888,-199,-92,123,7152,-7776,11412,39,110,-206,-13224,3356,7144,-772,133,-134,-13288,-6548,6372,-474,195,-79,0
2851.360291957855,8156,7720,10992,-209,-100,128,6912,-7844,11388,21,105,-174,-13120,3448,7180,-1006,164,-78,-13308,-6608,6268,-452,177,-60,0
2851.393485069275,8076,7828,11084,-211,-119,169,7104,-7876,11336,-17,134,-198,-13168,3408,7240,-1037,170,-113,-13560,-6524,6164,-259,160,-47,0
2851.4272079467773,8076,7544,11144,-200,-133,191,7308,-7916,11444,1,98,-203,-13152,3376,7248,-1045,169,-102,-13256,-6812,6192,-500,213,-54,0
2851.460652112961,8108,7672,11060,-511,-133,148,6944,-7860,11512,35,83,-207,-13060,3452,7132,-1022,178,-100,-13216,-6652,6460,-474,164,-78,0
2851.494199991226,8128,7756,11076,-169,-143,124,6956,-8140,11372,-17,122,-198,-13220,3376,7372,-769,161,-92,-13232,-6624,6396,-469,184,-54,0
2851.5277111530304,8092,7612,11228,-226,-113,121,7260,-7924,11360,22,142,-228,-13168,3528,6744,-982,105,-129,-13400,-6500,6432,-459,175,-72,0
2851.5608220100403,8444,7552,11220,-215,-76,150,6996,-7828,11092,12,126,-172,-13120,3376,7020,-1049,129,-117,-13432,-6528,6408,-452,156,-62,0
2851.5944669246674,8160,7664,11100,-204,-123,154,7256,-7932,11188,1,132,-179,-13128,3376,6968,-1013,151,-64,-13352,-6656,6436,-441,90,-114,0
2851.6279389858246,8100,7692,11008,-234,-106,144,7124,-7880,11444,-9,103,-182,-13100,3408,7068,-1002,155,-104,-13268,-6600,6440,-465,135,-111,0
2851.66118311882,8164,7584,11032,-184,-112,133,7240,-7892,11420,-8,105,-197,-13104,3568,7412,-1000,84,-118,-13344,-6504,6356,-259,171,-93,0
2851.6947979927063,8096,7540,10984,-181,-143,126,7052,-7880,11468,4,107,-212,-13208,3384,7376,-997,127,-175,-13312,-6428,6404,-259,185,-98,0
2851.728026151657,8176,7440,10940,-156,-116,104,7248,-7840,11264,-67,104,-221,-13132,3372,7020,-773,131,-105,-13340,-6524,6384,-477,162,-128,0
2851.7613401412964,8180,7660,11116,-115,-98,76,7212,-7832,11288,-62,125,-209,-13236,3412,6984,-999,117,-67,-13312,-6512,6564,-488,93,-109,0
2851.7975239753723,8168,7688,11176,-165,-47,80,7192,-7896,11268,-46,172,-164,-13208,3444,6992,-975,60,-58,-13368,-6544,6392,-488,126,-150,0
2851.8332800865173,8412,7592,11196,-143,-18,103,7184,-7784,11340,-254,184,-151,-13212,3424,7100,-1029,76,-34,-13344,-6584,6236,-476,161,-158,0
2851.8691160678864,8260,7576,10940,-154,-33,77,7316,-7788,11424,-54,136,-169,-13228,3412,7228,-1005,76,-57,-13568,-6620,6436,-474,88,-150,0
2851.9043550491333,8116,7692,11172,-157,-47,49,7272,-7880,11284,-83,140,-171,-13076,3104,7196,-983,56,-20,-13272,-6556,6340,-495,117,-183,0
2851.9397490024567,8176,7656,11112,-145,-32,53,7084,-7780,11528,-59,146,-167,-13152,3424,6916,-995,37,-71,-13296,-6460,6444,-497,102,-145,0
2851.974884033203,8056,7676,11028,-142,-25,71,7388,-7868,11024,-38,157,-160,-13076,3360,7308,-1017,78,-31,-13072,-6588,6540,-469,77,-163,0
2852.0102989673615,8104,7692,11156,-154,-21,90,7216,-7860,11456,-41,177,-159,-13200,3440,7404,-980,62,-58,-13268,-6628,6368,-500,80,-156,0
2852.045594930649,8080,7724,11068,-149,-28,83,7168,-7756,11368,-51,127,-163,-13088,3424,7172,-1021,45,-21,-13192,-6612,6376,-519,110,-170,0
2852.0817749500275,8120,7688,11048,-141,-19,59,7280,-7908,11412,-34,132,-146,-13192,3436,7020,-1003,89,-61,-13552,-6596,6244,-491,100,-138,0
2852.1162519454956,8264,7744,11040,-147,253,83,7216,-7904,11360,-66,169,-157,-13168,3436,7140,-973,43,-19,-13136,-6540,6180,-452,97,-134,0
2852.152346134186,8040,7588,11092,-169,-17,63,7204,-7960,11416,-70,163,-152,-13196,3524,6944,-1044,40,-57,-13324,-6540,6576,-485,107,-170,0
2852.188159942627,8044,7512,11048,-142,-15,96,6916,-7908,11408,-13,127,-147,-13096,3324,7380,-1014,45,-32,-13112,-6564,6440,-495,94,-157,0
2852.2238359451294,8096,7652,11184,-121,-14,30,7244,-7848,11272,-115,148,-172,-13128,3412,7312,-981,55,-38,-13228,-6592,6536,-498,102,-153,0
2852.2592599391937,8120,7452,11204,-179,2,43,7280,-7940,11324,-38,151,-164,-13192,3476,7244,-1010,70,-67,-13232,-6484,6540,-493,103,-159,0
2852.2949171066284,8060,7636,11096,-146,11,68,7148,-7888,11296,-61,175,-147,-13160,3476,7252,-771,93,-14,-13284,-6516,6432,-489,81,-152,0
2852.330547094345,8044,7720,11188,-184,-17,98,7248,-7820,11428,-52,126,-153,-12812,3508,7132,-1006,96,-43,-13212,-6640,6540,-456,61,-130,0
2852.365508079529,8020,7656,11084,-167,-30,67,7080,-7900,11376,-86,153,-152,-13108,3444,7348,-962,80,-51,-13116,-6676,6396,-467,95,-144,0
2852.400825023651,7992,7636,11172,-120,-25,73,7240,-7896,11352,-49,145,-159,-13096,3452,6984,-977,88,-75,-13288,-6556,6644,-509,148,-130,0
2852.4374511241913,7712,7740,11128,-141,-79,109,7168,-7888,11404,8,126,-187,-13104,3472,7240,-1041,104,-77,-13076,-6648,6420,-499,173,-106,0
2852.4710199832916,8084,7656,11204,-145,-102,103,7148,-7908,11304,-44,141,-194,-13096,3376,7272,-1277,110,-100,-13060,-6520,6528,-506,160,-118,0
2852.504497051239,8020,7692,11204,-156,-74,104,7216,-7808,11076,-32,128,-188,-13244,3532,7208,-995,111,-104,-13284,-6572,6152,-522,137,-142,0
2852.5381331443787,8192,7744,11064,-142,-24,86,7316,-7932,11312,-47,160,-168,-13160,3520,7284,-1003,95,-46,-13252,-6436,6416,-257,139,-128,0
2852.571689128876,8064,7624,11220,-127,-22,80,7220,-7936,11412,-42,125,-177,-13108,3380,7108,-1008,87,-57,-13292,-6408,6540,-498,134,-156,0
2852.604754924774,8076,7632,11220,-156,-66,109,7172,-7684,11268,-56,144,-168,-13188,3412,7184,-999,92,-103,-13568,-6624,6316,-498,122,-171,0
2852.638008117676,8084,7620,11036,-156,-46,74,7152,-7908,11352,-52,152,-176,-13072,3368,7120,-937,71,-34,-13156,-6548,6248,-492,108,-149,0
2852.6715841293335,8064,7572,11104,-151,-25,93,7208,-7968,11556,-64,110,-170,-13296,3532,6928,-1016,98,-81,-13172,-6520,6564,-477,136,-138,0
2852.7051730155945,8048,7716,11132,-138,-62,102,7140,-7820,11368,-7,143,-158,-13096,3424,6920,-1027,109,-47,-13236,-6592,6436,-476,147,-93,0
2852.7388050556183,8064,7728,11180,-173,-52,107,7416,-7840,11360,-16,138,-148,-13120,3452,7284,-995,105,-92,-13196,-6644,6500,-758,119,-109,0
2852.7721650600433,7916,7764,11076,-171,-50,116,7172,-7876,11140,-55,138,-161,-13092,3464,6988,-1012,91,-99,-13284,-6628,6416,-500,162,-115,0
2852.805696964264,8064,7688,11144,-136,-50,120,7136,-7956,11352,-44,149,-175,-13096,3404,7392,-1017,107,-55,-13308,-6536,6572,-493,147,-131,0
2852.8391320705414,7944,7764,11092,-170,-81,107,7208,-7912,11396,-2,139,-190,-13180,3392,6924,-984,90,-61,-13304,-6728,6320,-509,159,-115,0
2852.8726909160614,8016,7640,11064,-148,-54,87,7140,-8188,11244,-37,150,-187,-13120,3376,7384,-1003,134,-107,-13268,-6588,6464,-481,153,-97,0
2852.9061501026154,7960,7440,11016,-180,-82,103,7380,-7868,11424,-61,154,-171,-13204,3464,7164,-982,129,-69,-13400,-6424,6616,-468,122,-112,0
2852.9397470951085,8128,7664,11240,-177,-51,125,7404,-7912,11232,-48,142,-170,-13192,3516,7072,-1006,127,-89,-13544,-6528,6616,-494,130,-91,0
2852.973380088806,8100,7584,10756,-204,-46,93,7196,-7868,11396,-21,144,-170,-13092,3388,7232,-1027,93,-93,-13208,-6564,6468,-491,128,-154,0
2853.006961107254,8068,7784,11120,-170,-32,86,7188,-7788,11496,14,150,-169,-13072,3364,7220,-1047,127,-91,-13284,-6664,6460,-483,152,-114,0
2853.0401520729065,8028,7788,11216,-167,-98,92,7172,-7952,11480,-46,144,-203,-13104,3576,7252,-1009,96,-107,-13280,-6612,6452,-500,148,-113,0
2853.0738101005554,8000,7592,11048,-206,-26,125,7096,-7920,11428,25,128,-177,-13164,3508,7184,-1006,103,-95,-13172,-6608,6540,-468,201,-79,0
2853.1074070930486,7904,7724,11256,-177,-81,138,7056,-8188,11384,252,128,-169,-13140,3404,7020,-1005,135,-101,-13300,-6716,6528,-466,147,-72,0
2853.1408910751343,7916,7708,11124,-191,-60,149,7172,-7860,11428,-39,119,-165,-13200,3480,7268,-1007,157,-79,-13352,-6600,6460,-477,113,-79,0
2853.1743929386134,8012,7764,11104,-230,-75,111,7124,-7888,11300,-52,136,-180,-13100,3416,7324,-958,114,-92,-13272,-6588,6420,-458,164,-69,0
2853.207934141159,8116,7740,11200,-223,-89,131,7400,-7892,11340,-11,119,-200,-13120,3432,6972,-1046,133,-134,-13212,-6620,6448,-499,237,-29,0
2853.2413971424103,8084,7720,11100,-199,-145,152,7052,-7928,11492,59,143,-194,-13116,3500,6944,-1067,170,-170,-13236,-6588,6556,-480,242,-59,0
2853.2748529911046,7900,7656,10988,-208,-138,158,7196,-7876,11224,20,115,-229,-13052,3404,7076,-1043,165,-145,-13268,-6552,6548,-491,232,-63,0
2853.3084609508514,8100,7656,11196,-200,-145,166,7192,-7940,11332,45,136,-238,-13188,3460,7292,-1035,214,-104,-13296,-6524,6452,-501,221,-28,0
2853.341938972473,8024,7572,11120,-213,-115,165,7216,-7912,11032,40,142,-199,-13212,3484,7420,-1279,204,-137,-13372,-6556,6428,-497,201,-55,0
2853.3755910396576,8092,7452,11064,-203,-163,191,7280,-7896,11304,15,115,-196,-13228,3460,6980,-1023,161,-156,-13308,-6632,6588,-495,195,-80,0
2853.409166097641,7952,7436,11108,-202,-121,175,7232,-7896,11308,5,99,-199,-13304,3432,7276,-1031,179,-137,-13320,-6528,6412,-474,171,-68,0
2853.4427459239964,8140,7596,11072,-232,-141,151,7188,-7768,11304,-11,102,-194,-13156,3164,7148,-1016,137,-93,-13324,-6788,6368,-488,165,-56,0
2853.479159116745,8032,7468,11084,-213,-159,176,7176,-7888,11452,19,130,-200,-13172,3340,7192,-993,146,-122,-13244,-6512,6632,-489,190,-46,0
2853.5142300128937,8032,7616,11224,-194,-161,164,7192,-7904,11368,48,89,-202,-13124,3416,6944,-1047,166,-96,-13288,-6524,6480,-530,193,-47,0
2853.550143957138,8008,7600,11056,-187,-131,200,7228,-7964,11280,40,93,-181,-13152,3508,6968,-1077,192,-128,-13452,-6592,6524,-768,167,-38,0
2853.5850989818573,8100,7908,10892,-186,-122,206,7416,-7684,11320,24,98,-195,-13188,3304,7084,-1040,174,-92,-13312,-6544,6440,-497,167,-59,0
2853.6206181049347,8124,7436,10864,-203,-164,189,7204,-7856,11324,-14,92,-197,-13560,3352,7160,-1041,166,-120,-13516,-6876,6356,-492,163,-68,0
2853.6554040908813,8064,7932,11096,-213,-166,194,7232,-7836,11468,-256,97,-200,-13280,3560,7216,-994,163,-119,-13212,-6472,6332,-474,194,-92,0
2853.6912140846252,8088,7668,11144,-226,-165,129,7396,-7856,11500,-254,143,-244,-13108,3304,7164,-1001,159,-124,-13212,-6644,6148,-452,198,-99,0
2853.7272560596466,8064,7592,11156,-230,-171,124,6912,-7748,11492,-19,132,-231,-13172,3424,6964,-997,124,-118,-13388,-6576,6352,-448,198,-77,0
2853.7624039649963,7972,7864,11056,-193,-174,129,7200,-7896,11392,29,136,-218,-13172,3412,6932,-1038,104,-134,-13356,-6512,6328,-462,175,-110,0
2853.797452926636,8152,7568,11008,-216,-161,107,7240,-7860,11388,39,106,-219,-13164,3400,7068,-1012,123,-85,-13356,-6568,6284,-464,153,-134,0
2853.8332340717316,8160,7608,11256,-170,-105,137,7152,-7708,11500,-54,131,-189,-13032,3408,7060,-977,105,-105,-13412,-6528,6428,-473,128,-118,0
2853.8688211441045,8124,7576,11020,-193,-132,113,7288,-7848,11252,-59,143,-176,-13252,3512,7076,-1025,119,-16,-13356,-6452,6356,-505,68,-155,0
2853.904340982437,8160,7564,11152,-156,-13,137,7196,-7736,11180,-49,128,-109,-13264,3580,7160,-1054,95,-7,-13336,-6504,6404,-457,59,-117,0
2853.9395320415497,7936,7596,11196,-169,29,119,7260,-7896,11400,-30,144,-100,-13228,3304,7168,-1040,89,5,-13360,-6548,6440,-468,68,-136,0
2853.9744601249695,8096,7612,11048,-192,5,84,7156,-7856,11536,-76,172,-126,-13148,3440,7108,-1023,47,-40,-13340,-6608,6476,-500,86,-151,0
2854.0102260112762,8116,7460,11024,-144,-43,70,7352,-7748,11432,-60,187,-167,-13264,3412,7128,-996,50,-29,-13384,-6648,6548,-497,120,-150,0
2854.0453181266785,8200,7584,11160,-128,-73,76,7284,-7760,11312,-48,149,-196,-13104,3392,7020,-998,62,-101,-13296,-6636,6468,-482,178,-151,0
2854.0808260440826,8048,7608,10764,-139,-71,74,7172,-7884,11376,-64,159,-203,-13188,3412,7060,-1010,64,-39,-13552,-6588,6568,-466,124,-151,0
2854.1174669265747,8020,7504,11188,-182,-50,88,7244,-7796,11460,-36,162,-171,-13068,3532,7188,-977,75,-62,-13376,-6544,6180,-472,135,-166,0
2854.151093006134,7944,7720,11256,-155,-25,56,7276,-7820,11300,-73,189,-177,-13284,3408,7116,-979,26,-82,-13332,-6464,6548,-494,118,-148,0
2854.1844520568848,7960,7704,11144,-130,-72,67,7240,-7908,11400,-22,148,-156,-13200,3364,7332,-989,58,-33,-13284,-6640,6356,-498,123,-163,0
2854.2181770801544,8092,7704,11204,-135,-40,60,7164,-7852,11360,-59,98,-160,-13156,3432,7108,-1007,60,-10,-13312,-6456,6488,-512,106,-143,0
2854.251774072647,8016,7564,11076,-120,-45,68,7380,-7904,11268,-74,135,-136,-13232,3464,7164,-994,59,-52,-13376,-6528,6648,-479,103,-141,0
2854.284693002701,8096,7636,11304,-118,-28,69,7240,-7912,11380,-38,171,-166,-13164,3360,7296,-994,78,-67,-13316,-6520,6416,-483,94,-140,0
2854.3182320594788,8056,7904,11160,-159,-5,87,7300,-7860,11436,-58,137,-166,-13080,3356,7196,-994,93,-11,-13372,-6472,6512,-462,86,-164,0
2854.3518409729004,8140,7504,11168,-153,-9,88,7296,-7728,11272,-66,119,-159,-13140,3392,7180,-1006,82,-18,-13316,-6464,6500,-458,77,-144,0
2854.3851380348206,8036,7640,11180,-140,-51,68,7240,-7888,11344,-80,171,-172,-13224,3344,7220,-969,71,-68,-13268,-6636,6460,-478,138,-141,0
2854.418776988983,7980,7472,11072,-180,-63,58,7120,-7876,11276,-64,166,-207,-13224,3376,7112,-994,52,-90,-13204,-6548,6476,-457,163,-196,0
2854.4523589611053,8116,7664,11240,-155,-107,39,7108,-7756,11468,-69,188,-223,-13216,3424,7364,-950,38,-52,-13316,-6608,6512,-457,165,-169,0
2854.4855859279633,8168,7724,11192,-137,-87,72,7148,-7892,11720,-61,139,-184,-13228,3560,7408,-992,54,-48,-13352,-6540,6500,-476,101,-151,0
2854.519114971161,8164,7908,11140,-130,-26,63,7192,-7940,11432,-32,99,-137,-13172,3460,7132,-994,93,-69,-13312,-6640,6532,-513,102,-136,0
2854.5526411533356,8092,7664,11264,-158,-18,121,7196,-7852,11312,-14,129,-142,-13092,3480,7264,-1008,104,-48,-13280,-6584,6516,-490,70,-128,0
2854.586163043976,8080,7788,11108,-116,-25,90,7188,-7892,11424,-110,134,-130,-13268,3360,6948,-1278,79,213,-13552,-6576,6484,-516,89,-140,0
2854.619756937027,8152,7652,11316,-157,-34,68,6912,-7888,11296,-14,134,-149,-13172,3480,7176,-981,71,-251,-13212,-6536,6416,-496,73,-142,0
2854.6529910564423,8072,7696,11000,-139,-27,117,7184,-7956,11416,-40,163,-118,-13120,3484,7040,-1011,73,-37,-13260,-6572,6432,-467,109,-137,0
2854.686756134033,8036,7732,11056,-119,-46,102,7208,-7800,11316,-66,129,-170,-13108,3356,7056,-997,75,-95,-13228,-6872,6508,-481,93,-127,0
2854.7200000286102,8008,7660,11040,-169,-53,83,7412,-7844,11396,-72,166,-167,-13052,3452,7196,-982,105,-86,-13224,-6564,6476,-456,119,-162,0
2854.7537140846252,8072,7708,11132,-136,-68,44,7196,-7864,11392,-82,172,-190,-13124,3448,6996,-963,45,-94,-13300,-6688,6396,-499,147,-150,0
2854.786921977997,7968,7672,11016,-112,-72,75,7128,-7876,11464,-36,184,-209,-13100,3432,7108,-1018,103,-81,-13240,-6524,6148,-476,169,-129,0
2854.820470094681,8008,7700,11032,-126,-71,86,7220,-7816,11396,-32,136,-218,-13100,3356,7200,-1042,103,-113,-13224,-6652,6468,-476,180,-131,0
2854.8539950847626,8056,7648,11072,-142,-96,109,7112,-7888,11516,-49,136,-192,-12824,3460,7140,-1010,101,-88,-13276,-6576,6512,-484,133,-103,0
2854.8873369693756,8004,7720,11096,-134,-37,137,7136,-7928,11188,-30,141,-163,-13164,3436,7192,-1003,91,-16,-13068,-6636,6464,-492,110,-137,0
2854.9206640720367,8032,7652,11048,-172,-56,112,7116,-7952,11440,-55,151,-152,-13188,3432,7220,-1037,88,-36,-13248,-6540,6500,-521,137,-115,0
2854.9543991088867,8044,7600,11244,-134,-59,118,7176,-7884,11320,-39,122,-150,-13164,3504,7128,-1034,105,-38,-13204,-6672,6448,-484,132,-115,0
2854.9879291057587,8036,7636,11048,-171,-63,123,7000,-7936,11464,-65,145,-161,-13176,3412,7336,-986,79,-69,-13228,-6680,6500,-468,123,-118,0
2855.021404981613,8096,7900,11044,-159,-48,87,7084,-8108,11668,-65,149,-188,-13108,3468,7168,-983,108,-71,-13236,-6612,6396,-478,149,-125,0
2855.0549449920654,7972,7668,11116,-163,-64,91,7148,-7880,11368,-11,170,-139,-13288,3424,7100,-997,108,-72,-13232,-6588,6428,-462,155,-80,0
2855.088456153869,8048,7736,11236,-162,-76,101,7120,-8016,11416,-14,153,-189,-13048,3396,7244,-1003,107,-95,-13236,-6628,6592,-434,169,-115,0
2855.1221029758453,7988,7716,11168,-214,-86,152,7420,-8124,11508,-4,134,-186,-13116,3444,7168,-1009,118,-126,-13220,-6692,6580,-471,192,-72,0
2855.1580510139465,8160,7428,11056,-210,-132,143,7140,-7904,11384,-21,110,-218,-13072,3464,7320,-1010,133,-68,-13528,-6504,6460,-504,185,-61,0
2855.1938769817352,8008,7772,11200,-196,-157,162,6924,-7828,11416,-8,126,-197,-13132,3428,7004,-1032,129,-125,-13200,-6612,6568,-500,218,-51,0
2855.229182958603,8028,7868,11180,-193,-124,148,7260,-7848,11316,-10,117,-189,-13084,3384,7324,-1013,176,-83,-13136,-6440,6160,-486,191,-71,0
2855.2641100883484,8004,7920,11036,-215,-105,158,7112,-7848,11396,254,136,-187,-13164,3540,7208,-1015,140,-141,-13244,-6616,6508,-465,195,-55,0
2855.2997410297394,8028,7668,11132,-214,-86,157,7224,-7828,11384,-256,146,-166,-13032,3460,6968,-1044,158,-65,-13112,-6648,6492,-467,158,-34,0
2855.3352451324463,8128,7620,11140,-227,-100,161,7200,-7788,11392,25,151,-196,-13164,3420,7256,-1077,166,-129,-13520,-6856,6528,-468,226,-58,0
2855.370777130127,7984,7896,11040,-232,-136,174,7248,-7844,11284,57,106,-213,-13240,3376,7084,-1275,152,-114,-13292,-6452,6400,-469,194,-47,0
2855.4061510562897,8112,7828,11048,-176,-131,148,7048,-7824,11464,7,128,-233,-13208,3404,7080,-1012,156,-123,-13312,-6528,6352,-463,221,-80,0
2855.441959142685,7964,7896,11148,-239,-133,127,6916,-7860,11020,12,178,-231,-13168,3472,7160,-996,165,-111,-13336,-6608,6420,-472,211,-55,0
2855.480548143387,8028,7656,11092,-229,-96,180,7188,-7820,11408,34,123,-172,-13172,3448,7348,-1036,170,-70,-13256,-6592,6440,-454,144,-71,0
2855.5171921253204,8044,7664,11148,-223,-102,180,7124,-7724,11476,26,105,-181,-12876,3152,7108,-772,194,-98,-13332,-6672,6640,-481,111,-48,0
2855.5524530410767,8048,7560,11024,-252,-116,140,7156,-7828,11368,-42,95,-177,-13200,3376,7208,-959,105,-99,-13276,-6588,6612,-502,137,-70,0
2855.588026046753,8040,7696,11020,-168,-148,167,7168,-7840,11320,4,76,-211,-13244,3436,7060,-1023,172,-78,-13376,-6572,6504,-258,216,-61,0
2855.623516082764,8028,7592,11132,-216,-207,175,6924,-7816,11396,23,124,-237,-13172,3360,7144,-1022,186,-171,-13180,-6564,6452,-478,247,-41,0
2855.6593430042267,8136,7600,11132,-145,-207,178,7228,-7776,11460,-7,103,-241,-13200,3304,7076,-1277,174,-120,-13316,-6556,6404,-475,205,-49,0
2855.694311141968,8180,7628,11076,-218,-188,163,7204,-7872,11476,2,106,-231,-13292,3496,7192,-1010,184,-158,-13304,-6532,6208,-453,203,-37,0
2855.730152130127,8228,7644,11036,-225,-173,164,7320,-7828,11304,24,72,-222,-13236,3332,7152,-991,152,-98,-13288,-6612,6500,-481,198,-70,0
2855.765547037124,8224,7588,11216,-200,-186,166,7244,-7760,11448,-17,101,-218,-13156,3376,7220,-1015,159,-90,-13328,-6572,6432,-474,177,-71,0
2855.802959918976,7948,7580,11116,-210,-170,149,7132,-7796,11384,-20,67,-227,-13140,3376,7072,-997,152,-112,-13232,-6600,6400,-486,161,-70,0
2855.836462020874,8164,7512,11244,-210,-176,157,6964,-7848,11344,-49,54,-232,-13188,3360,7360,-996,105,-102,-13372,-6404,6416,-498,189,-69,0
2855.870064973831,8180,7548,11212,-219,-170,139,7020,-7900,11264,17,54,-198,-13192,3476,7016,-1053,126,-103,-13340,-6460,6464,-528,172,-66,0
2855.9034619331364,8212,7920,10892,-184,-190,194,7116,-7776,11276,16,98,-199,-13212,3456,7212,-1065,160,-112,-13400,-6536,6608,-540,224,-40,0
2855.9371440410614,8236,7664,11096,-143,-173,202,7252,-7752,11172,24,99,-229,-13212,3472,6992,-1046,167,-196,-13320,-6412,6168,-478,215,-45,0
2855.970724105835,8168,7652,10956,-154,-174,178,7296,-7716,11376,-256,183,-214,-13100,3384,7012,-1280,183,-145,-13324,-6500,6172,-497,201,-50,0
2856.0041909217834,8228,7636,11032,-115,-225,197,7232,-7720,11508,-33,111,-247,-13140,3368,6912,-990,265,-108,-13240,-6512,6648,-592,316,-15,0
2856.037405014038,8264,7680,10988,-191,-284,216,7376,-7732,11336,-70,-29,-245,-13220,3356,6964,-1043,307,-88,-13396,-6524,6620,-633,253,-17,0
2856.0708930492406,8376,7620,10852,-108,-102,243,7492,-7816,11244,-50,-31,-158,-13432,3344,6920,-1030,203,-70,-13584,-6412,6412,-366,55,0,0
2856.104483127594,8264,7460,11248,-262,-82,217,7208,-7916,11264,253,67,-131,-13208,3388,7004,-1004,165,-17,-13340,-6432,6340,-611,160,-59,0
2856.1380779743195,8200,7608,11048,-148,-116,192,7292,-7876,11344,-48,2,-147,-13212,3396,6956,-1107,147,-55,-13200,-6504,6280,-527,137,-99,0
2856.1713910102844,8168,7584,11252,-141,-127,187,7192,-7832,11424,-27,51,-185,-13220,3080,7292,-1101,151,-77,-13228,-6548,6316,-563,180,-109,0
2856.204941034317,8196,7688,11084,-157,-162,147,7088,-7804,11448,-256,78,-199,-12848,3368,7008,-1020,139,-138,-13292,-6532,6460,-491,193,-61,0
2856.2385630607605,8216,7700,11256,-183,-107,184,7224,-7732,11520,6,59,-166,-13164,3560,6936,-1036,191,-122,-13356,-6536,6432,-475,182,-8,0
2856.271959066391,8140,7624,11200,-173,-166,219,7276,-7700,11280,-70,46,-204,-13140,3396,7028,-1012,224,-121,-13328,-6460,6572,-474,154,16,0
2856.3055140972137,8128,7604,11188,-217,-213,163,6944,-7840,11284,-83,25,-248,-13200,3272,7092,-769,239,-99,-13228,-6580,6576,-538,228,-33,0
2856.339019060135,7936,7592,11248,-181,-279,212,7220,-7896,11304,-103,7,-308,-13196,3332,7088,-982,233,-172,-13228,-6452,6648,-476,269,-24,0
2856.3724780082703,8212,7576,10924,-174,-289,211,7400,-7732,11332,-48,15,-284,-13256,3088,6832,-980,5,-194,-13404,-6480,6628,-466,319,4,0
2856.4058399200444,8320,7552,11252,-155,-509,216,7344,-7808,11312,12,85,-511,-13256,3340,7048,-1041,267,-191,-13408,-6420,6268,-451,267,31,0
2856.4394121170044,8364,7584,10940,-191,-256,208,7392,-7816,11492,-40,8,-280,-13300,3360,6948,-1026,262,-154,-13380,-6528,6324,-451,247,1,0
2856.472937107086,8392,7456,11028,-225,-254,212,7444,-7732,11288,-255,14,-271,-13308,3312,7040,-1036,246,-144,-13468,-6488,6236,-504,224,-6,0
2856.5066571235657,8432,7576,11128,-147,-222,195,7340,-7752,11268,22,99,-211,-13260,3404,6948,-773,160,-142,-13376,-6412,6340,-464,183,-44,0
2856.5399990081787,8200,7484,11100,-166,-144,180,7312,-7716,11132,52,63,-176,-13244,3240,7120,-1044,143,-163,-13368,-6436,6344,-764,171,-69,0
2856.5735070705414,8412,7452,11028,-181,-186,133,7452,-7816,11268,42,108,-211,-13380,3364,7096,-1066,106,-147,-13424,-6512,6284,-485,169,-127,0
2856.6069440841675,8436,7604,11148,-191,-162,101,7428,-7828,11236,253,125,-200,-13380,3524,6848,-1069,57,-64,-13448,-6524,6304,-548,125,-138,0
2856.640193939209,8404,7488,11324,-199,-143,100,7324,-7828,11320,60,70,-189,-13200,3088,7116,-1057,38,-170,-13276,-6604,6336,-527,183,-123,0
2856.6756870746613,8112,7628,11140,-159,-164,102,7344,-7756,11064,22,110,-246,-13244,3200,7152,-1017,79,-145,-13332,-6452,6300,-443,185,-132,0
2856.7093091011047,8356,7516,11080,-163,-212,77,7384,-7516,11016,-28,159,-245,-13252,3080,6956,-1009,33,-153,-13292,-6356,6268,-472,201,-197,0
2856.742739915848,8392,7532,10824,-119,-117,30,7408,-7728,11136,-24,175,-222,-13180,3296,6828,-1006,40,-104,-13408,-6392,6080,-469,173,-242,0
2856.776160955429,8408,7348,10816,-168,17,34,7468,-7536,11012,95,289,-122,-13320,3124,6848,-1065,22,-78,-13392,-6328,6104,-504,129,-219,0
2856.8097269535065,8360,7528,10944,-169,95,27,7404,-7776,11312,156,314,-123,-13336,3248,6804,-1185,29,-106,-13468,-6532,6324,-490,222,-215,0
2856.8461439609528,8200,7664,11080,-166,40,46,7468,-7788,11452,135,144,-166,-13328,3136,7056,-1092,9,-98,-13624,-6436,6400,-539,164,-11,0
2856.8822300434113,8312,7660,11136,-53,22,30,7404,-7736,11468,-18,207,-147,-13308,3380,6972,-993,-32,-84,-13128,-6536,6380,-542,89,-240,0
2856.9180901050568,8256,7656,11148,-54,28,35,7268,-7484,11412,-55,208,-132,-13140,3336,7100,-992,13,-6,-13420,-6480,6376,-502,106,-197,0
2856.953164100647,8324,7664,10888,-144,4,86,7192,-7896,11264,-75,182,-70,-13156,3244,6968,-1009,26,26,-13364,-6428,6356,-509,7,-164,0
2856.9886660575867,8208,7612,11176,-179,136,94,7352,-7700,11464,-70,139,-56,-13148,3220,7276,-956,148,119,-13268,-6532,6340,-527,-3,-155,0
2857.023493051529,8276,7592,11148,-157,94,82,7308,-7768,11432,-115,123,-55,-13164,3340,6932,-968,74,60,-13312,-6544,6384,-526,-1,-162,0
2857.05871796608,8164,7652,11032,-98,81,91,7228,-7796,11376,-101,172,-92,-13168,3364,7240,-979,69,35,-13360,-6508,6360,-530,62,-130,0
2857.0939071178436,8344,7424,11016,-136,43,142,7396,-7768,11424,-164,137,-114,-13168,3120,6996,-942,107,250,-13388,-6436,6340,-483,89,-92,0
2857.1297249794,8304,7608,11004,-143,24,125,7368,-7900,11284,-144,107,-121,-13148,3544,7140,-938,114,-247,-13308,-6460,6288,-488,48,-127,0
2857.164808988571,8252,7612,11260,-154,33,91,7352,-7660,11344,-88,198,-112,-13296,3552,7056,-976,79,-29,-13324,-6592,6160,-488,59,-167,0
2857.200657129288,8256,7644,10940,-147,34,71,7356,-7712,11316,-77,167,-108,-13232,3072,6928,-983,35,-256,-13340,-6608,6460,-502,86,-151,0
2857.236176967621,8160,7532,10916,-137,43,63,7436,-7816,11368,-125,115,-126,-13292,3268,7052,-968,59,-50,-13320,-6492,6288,-489,56,-146,0
2857.2718911170964,8288,7616,10924,-161,71,57,7240,-7840,11376,-96,138,-151,-13272,3372,6832,-980,57,-34,-13116,-6536,6160,-463,81,-167,0
2857.3074340820312,8220,7620,11176,-155,21,48,7392,-7828,11468,-101,198,-161,-13176,3304,7228,-983,37,-19,-13060,-6488,6200,-480,99,-135,0
2857.3434360027313,8372,7568,10924,-168,1,78,7196,-7796,11332,-106,182,-140,-13276,3376,7104,-954,17,-54,-13380,-6436,6644,-473,106,-161,0
2857.3796219825745,8224,7672,11076,-171,-22,54,7256,-7776,11168,-116,150,-170,-13252,3372,7076,-968,66,-35,-13076,-6584,6436,-477,101,-150,0
2857.4149820804596,8276,7636,11100,-189,13,86,7252,-7780,11340,-85,217,-171,-13108,3532,7068,-969,54,-51,-13072,-6548,6392,-430,96,-143,0
2857.4504959583282,8248,7676,10896,-185,16,57,7296,-7756,11500,-118,172,-161,-13200,3384,6960,-996,81,-18,-13420,-6856,6432,-450,110,-170,0
2857.4872059822083,7988,7596,10988,-167,19,46,7268,-7928,11508,-102,156,-180,-13288,3376,7380,-985,27,-32,-13060,-6620,6244,-446,109,-160,0
2857.5206921100616,8160,7508,10952,-176,20,49,7212,-7804,11428,-78,192,-224,-13176,3436,7016,-950,36,-83,-13352,-6584,6320,-455,118,-197,0
2857.5544509887695,8356,7692,10960,-189,19,37,7212,-7864,11456,-88,189,-175,-13188,3412,7120,-934,15,-13,-13292,-6552,6484,-466,66,-157,0
2857.5881080627446,8228,7616,11120,-196,8,40,7228,-7880,11280,-75,226,-150,-13192,3420,7188,-949,-24,-16,-13256,-6496,6188,-473,74,-211,0
2857.621654033661,8248,7600,10980,-198,25,35,6996,-7856,11556,-47,234,-126,-13148,3484,7364,-982,-1,-30,-13264,-6484,6424,-458,59,-188,0
2857.654923915863,8132,7684,10928,-165,89,34,7352,-7808,11372,-54,210,-146,-13208,3332,7100,-963,-33,-3,-13492,-6788,6324,-481,31,-210,0
2857.688485145569,8228,7636,11072,-173,36,-7,7280,-7856,11352,-69,222,-144,-13196,3324,7000,-920,1,-46,-13400,-6476,6312,-459,74,-223,0
2857.7221579551697,8012,7672,11108,-217,72,-12,7308,-7960,11280,-87,253,-110,-13136,3088,7100,-936,-76,-50,-13292,-6512,6236,-429,65,-216,0
2857.7557179927826,8148,7444,11120,-207,46,33,7272,-7832,11220,-44,3,-125,-13120,3444,7168,-952,-4,18,-13240,-6540,6524,-440,46,-182,0
2857.7892849445343,8088,7720,11072,-204,43,59,7220,-7816,11360,-43,214,-87,-13216,3500,7296,-972,-16,-4,-13332,-6672,6460,-263,31,-201,0
2857.822715997696,8020,7604,11024,-174,51,53,7400,-7716,11372,-69,236,-118,-13164,3412,7124,-996,15,-17,-13212,-6592,6528,-494,54,-169,0
2857.8558681011204,8080,7596,10984,-144,22,61,7260,-7896,11304,-7,184,-98,-13092,3436,7228,-1011,-246,-35,-13212,-6644,6544,-521,96,-164,0
2857.889326095581,8104,7568,11192,-127,29,97,7036,-7972,11404,-31,158,-113,-13076,3448,7144,-1032,73,-6,-13184,-6572,6588,-259,108,-143,0
2857.9229059219365,8044,7648,11096,-134,-38,101,7200,-7708,11412,-56,182,-128,-13144,3468,7164,-1006,70,-22,-13264,-6536,6508,-525,100,-149,0
2857.956681966781,8180,7488,11112,-154,-32,137,7228,-8120,11432,-37,167,-109,-13116,3372,7196,-1017,80,-35,-13096,-6508,6652,-516,95,-102,0
2857.990340948105,8140,7624,11168,-158,14,98,7216,-7916,11492,1,146,-108,-13140,3484,7128,-1034,70,-14,-13084,-6600,6652,-503,84,-167,0
2858.023848056793,8152,7648,11076,-157,-14,98,7140,-7856,11220,-46,190,-129,-13232,3512,7132,-1023,92,-32,-13264,-6728,6424,-489,91,-143,0
2858.0573649406433,8088,7696,11040,-150,5,111,7164,-8000,11504,-52,181,-122,-13196,3292,7252,-977,60,-39,-13240,-6552,6412,-471,85,-144,0
2858.0908710956573,8032,7776,11048,-159,-42,78,7236,-7868,11304,-100,193,-178,-13188,3356,7140,-997,53,-57,-13260,-6420,6476,-466,117,-177,0
2858.124467134476,8044,7696,11008,-193,-39,52,7404,-7696,11436,-61,200,-179,-13208,3460,6936,-997,-9,-57,-13192,-6672,6572,-473,126,-203,0
2858.157935142517,8112,7720,10952,-164,-52,51,7208,-7884,11372,-49,175,-172,-13148,3524,7292,-963,-49,-75,-13296,-6628,6452,-507,152,-162,0
2858.191622018814,8048,7888,11128,-164,-54,62,7392,-7784,11364,-13,154,-178,-13024,3448,7196,-1008,75,-66,-13240,-6440,6480,-517,126,-174,0
2858.2251930236816,8080,7452,11088,-140,-35,109,6976,-7936,11276,-14,121,-150,-13064,3556,7200,-1031,109,-70,-13204,-6652,6580,-764,121,-138,0
2858.2589530944824,8044,7748,11172,-162,-17,130,7180,-7936,11332,-42,134,-163,-13160,3392,7112,-988,128,-30,-13548,-6604,6524,-480,119,-92,0
2858.2924461364746,8088,7704,11208,-167,-60,152,7088,-7804,11352,-72,101,-142,-13188,3428,7108,-1010,156,-18,-13328,-6620,6440,-493,111,-72,0
2858.326003074646,8068,7636,11152,-190,-56,133,7168,-7956,11292,-75,148,-143,-13128,3392,7428,-1014,86,-23,-13236,-6568,6436,-479,116,-89,0
2858.3595690727234,8100,7732,11280,-206,-77,126,6952,-7788,11284,-50,163,-160,-13088,3496,7168,-1029,113,-98,-13220,-6672,6520,-482,122,-139,0
2858.3928849697113,8104,7676,11084,-143,-60,106,7096,-7860,11352,-62,159,-189,-13112,3340,7244,-1001,94,-66,-13356,-6576,6468,-481,121,-149,0
2858.4266350269318,8008,7708,11084,-151,-48,64,7128,-7992,11452,-44,140,-181,-13172,3384,7040,-953,95,-70,-13228,-6584,6568,-480,123,-148,0
2858.4600989818573,8176,7620,11128,-208,-25,89,7232,-8016,11280,-36,137,-177,-13152,3392,7084,-977,75,-69,-13288,-6544,6464,-458,143,-129,0
2858.4933290481567,8068,7588,11088,-154,-20,95,7264,-7884,11408,-39,141,-178,-13120,3408,7008,-1017,104,-111,-13244,-6564,6500,-444,118,-129,0
2858.530431985855,8052,7740,11068,-179,-87,104,7112,-7828,11352,-44,153,-167,-13228,3336,7316,-962,115,-43,-13312,-6620,6624,-472,107,-141,0
2858.565519094467,8068,7660,11108,-156,-34,79,7084,-8192,11400,-115,121,-163,-13112,3496,7384,-972,49,-44,-13164,-6516,6652,-503,115,-115,0
2858.6018121242523,8104,7660,11152,-149,-42,99,7412,-8164,11240,-38,132,-170,-13108,3396,6972,-1032,101,-55,-13192,-6672,6404,-487,180,-84,0
2858.637547016144,7972,7680,11084,-170,-34,116,7132,-7884,11468,-254,124,-168,-13080,3460,6932,-779,146,-82,-13136,-6456,6460,-483,163,-91,0
2858.672353029251,8116,7676,11116,-145,-92,129,7052,-8124,11232,-40,151,-178,-13092,3460,7248,-1013,99,-101,-13236,-6672,6572,-490,169,-109,0
2858.708181142807,8036,7636,11216,-183,-46,103,7188,-7684,11408,-19,121,-177,-13056,3468,7212,-1025,124,-46,-13356,-6568,6580,-495,154,-138,0
2858.7436521053314,8072,7424,11044,-182,-52,103,7112,-7864,11352,-17,133,-199,-13120,3424,7232,-1023,97,-130,-13252,-6720,6476,-461,167,-73,0
2858.779300928116,8092,7932,11032,-176,-80,107,7188,-7860,11276,-33,141,-193,-13144,3444,7392,-1002,110,-99,-13168,-6872,6556,-471,162,-101,0
2858.8149750232697,8024,7444,11196,-197,-123,111,7100,-7840,11332,-24,140,-229,-13064,3416,6912,-971,91,-99,-13256,-6620,6460,-499,178,-92,0
2858.8510711193085,8096,7784,11040,-189,-126,116,7112,-8172,11564,-11,105,-207,-13144,3456,7340,-991,131,-109,-13176,-6604,6544,-480,202,-67,0
2858.8858959674835,8072,7440,10956,-188,-109,147,7376,-7892,11188,4,128,-212,-13140,3536,7048,-1003,139,-117,-13308,-6568,6340,-495,188,-82,0
2858.921879053116,8024,7640,11100,-216,-138,133,7184,-7876,11372,254,131,-221,-13144,3636,7396,-1011,150,-124,-13240,-6592,6516,-481,192,-83,0
2858.957421064377,8112,7868,11068,-208,-141,148,7364,-7848,11340,22,109,-217,-13124,3492,7068,-1007,185,-129,-13232,-6692,6648,-502,203,-70,0
2858.99329996109,8036,7796,11160,-211,-162,139,7108,-7808,11360,19,136,-207,-13072,3376,7380,-1005,176,-117,-13216,-6580,6544,-459,199,-37,0
2859.0295040607452,7984,7640,11124,-211,-143,144,7168,-7784,11400,-3,108,-219,-13188,3424,7028,-997,172,-143,-13492,-6652,6160,-490,208,-33,0
2859.0648980140686,8124,7616,11136,-212,-157,174,7188,-7876,11576,12,88,-207,-13220,3428,7376,-1039,152,-80,-13236,-6480,6472,-498,205,-62,0
2859.1007421016693,8080,7596,11148,-237,-132,168,7252,-7788,11504,-10,70,-200,-13220,3484,7092,-1019,159,-163,-13568,-6600,6540,-487,165,-61,0
2859.135298013687,8088,7784,11032,-182,-113,155,7232,-7892,11392,8,121,-212,-13152,3316,7244,-1016,157,-129,-13256,-6636,6496,-488,148,-111,0
2859.1718750000005,8140,7908,11200,-188,-129,139,7232,-7848,11436,-4,130,-200,-13220,3432,7160,-978,112,-129,-13228,-6556,6560,-504,208,-84,0
2859.2053070068364,8104,7660,11164,-506,-98,160,6940,-7724,11320,8,103,-198,-13112,3532,6924,-1012,140,-103,-13512,-6652,6224,-468,181,-86,0
2859.2389240264893,8376,7436,11136,-192,-150,155,7180,-7928,11488,34,109,-179,-13104,3168,7188,-997,181,-85,-13288,-6540,6452,-462,133,-68,0
2859.2723629474644,7936,7424,11256,-234,-124,142,7212,-7868,11500,-21,101,-171,-13124,3364,7420,-993,153,-104,-13280,-6564,6616,-449,95,-88,0
2859.3059120178223,8076,7652,11160,-242,-142,159,7152,-7848,11376,-23,93,-187,-13116,3464,7224,-978,130,-114,-13544,-6580,6316,-463,179,-82,0
2859.339350938797,7948,7588,10960,-201,-179,164,7164,-7820,11336,-5,102,-222,-13120,3480,6992,-1039,168,-119,-13240,-6556,6516,-497,226,-50,0
2859.3727381229405,8372,7560,11020,-226,-199,172,7140,-8000,11284,58,143,-251,-13136,3372,7160,-1052,176,-148,-13232,-6504,6452,-528,230,-82,0
2859.405981063843,8400,7608,10888,-180,-166,146,7184,-7808,11472,37,88,-212,-13076,3368,7068,-1052,144,-133,-13312,-6544,6420,-477,173,-69,0
2859.439738035202,8184,7584,11064,-182,-164,137,7232,-7852,11432,9,87,-213,-13272,3404,7012,-771,154,-113,-13292,-6612,6556,-455,180,-67,0
2859.4732270240784,8168,7604,11272,-223,-120,151,7208,-7788,11420,-253,103,-170,-13292,3808,6992,-1006,140,-102,-13344,-6504,6464,-486,167,-37,0
2859.5069329738617,8180,7580,11064,-191,-142,167,7232,-7824,11360,-8,123,-192,-13312,3436,7156,-1029,161,-107,-13400,-6548,6380,-496,180,-61,0
2859.540293931961,8136,7544,11076,-213,-142,133,7200,-7784,11372,-19,101,-193,-13088,3312,7084,-983,134,-75,-13352,-6596,6480,-503,148,-101,0
2859.5736629962926,8192,7592,10968,-210,-113,138,7144,-7888,11380,-56,131,-199,-13212,3368,7384,-992,109,-120,-13244,-6528,6536,-452,169,-122,0
2859.6073520183563,8228,7524,11148,-161,-142,121,7260,-7860,11296,248,133,-179,-13160,3412,7276,-1046,93,-82,-13308,-6468,6404,-458,168,-153,0
2859.6403250694275,8140,7632,10832,-180,-68,85,7244,-7884,11160,-44,170,-167,-13244,3372,7344,-993,70,-28,-13372,-6548,6432,-479,105,-135,0
2859.673593044281,8108,7576,10752,-179,-15,98,7268,-7820,11408,-19,169,-158,-13284,3428,7168,-1039,48,-41,-13264,-6524,6460,-457,95,-145,0
2859.707279920578,8060,7636,11144,-134,-22,106,6956,-7868,11396,-14,166,-179,-13216,3416,7056,-1014,65,-108,-13228,-6564,6412,-505,161,-159,0
2859.7407240867615,8088,7512,10864,-166,14,99,7136,-7728,11376,-46,169,-166,-13192,3472,7056,-988,82,-91,-13468,-6572,6392,-464,140,-116,0
2859.7740321159363,8356,7848,11220,-172,-59,117,7216,-7896,11388,-52,165,-172,-13268,3404,6960,-978,73,-37,-13364,-6524,6652,-475,128,-123,0
2859.8076651096344,8140,7608,11000,-151,-31,95,7252,-7804,11272,-51,151,-168,-13288,3448,7172,-1010,69,-11,-13304,-6456,6424,-487,102,-154,0
2859.841297149658,8148,7680,11172,-168,-33,92,7196,-7856,11528,-55,151,-167,-13176,3172,7152,-1029,65,-56,-13160,-6616,6500,-474,97,-109,0
2859.874887943268,8108,7616,11088,-145,-8,60,7232,-7784,11336,-47,160,-156,-13152,3404,7108,-1019,44,-53,-13280,-6564,6464,-492,86,-160,0
2859.908131122589,7944,7592,11148,-163,-20,31,7144,-7980,11376,-41,193,-166,-13292,3420,7148,-978,38,-71,-13324,-6508,6484,-481,132,-156,0
2859.941810131073,8100,7516,11140,-182,-16,70,7140,-7736,11272,-74,175,-163,-13196,3376,7068,-1009,33,-250,-13348,-6496,6516,-484,99,-150,0
2859.9752810001373,8232,7612,11024,-129,-36,79,7140,-7784,11328,-29,154,-157,-13108,3376,7364,-997,71,-1,-13252,-6576,6616,-469,90,-143,0
2860.0089571475983,8048,7568,11128,-173,-30,86,7096,-7856,11432,-73,127,-146,-13152,3376,7304,-999,84,-68,-13228,-6520,6508,-466,100,-120,0
2860.042629957199,8076,7632,11144,-158,-34,98,7228,-7864,11352,-101,141,-145,-13116,3540,7292,-964,63,-49,-13192,-6616,6440,-496,102,-147,0
2860.0760440826416,8144,7652,11036,-114,-51,91,7208,-7888,11356,-44,186,-172,-13188,3112,7076,-985,67,-68,-13556,-6584,6176,-489,114,-173,0
2860.1099870204926,8164,7596,11116,-159,-61,82,7404,-8152,11340,-34,164,-159,-13184,3464,6956,-999,61,-31,-13164,-6552,6556,-483,129,-142,0
2860.1433429718018,8068,7620,10972,-119,-68,88,7216,-7836,11340,-60,143,-169,-13140,3344,7316,-982,72,-62,-13184,-6500,6436,-474,95,-149,0
2860.176722049713,8140,7712,11068,-161,-90,83,7144,-7916,11372,-39,140,-168,-13204,3460,7148,-989,96,-56,-13276,-6476,6488,-497,102,-150,0
2860.213853120804,7980,7576,11156,-157,-41,87,7156,-7888,11300,-59,174,-149,-13152,3540,7092,-1022,61,-22,-13296,-6524,6388,-495,118,-169,0
2860.2497749328613,8112,7668,11156,-123,-62,122,7196,-7808,11544,-56,139,-133,-13124,3372,7112,-1278,74,-28,-13172,-6664,6504,-510,109,-116,0
2860.284956932068,8152,7764,11056,-133,-73,95,7184,-7740,11340,-71,107,-141,-13152,3392,7360,-944,-11,-49,-13248,-6636,6640,-505,99,-136,0
2860.3203880786896,7996,7756,11192,-151,-33,82,7160,-7948,11504,-77,170,-156,-13240,3436,7276,-1003,46,-42,-13196,-6576,6204,-493,101,-138,0
2860.355469942093,8128,7536,11028,-147,-84,104,7028,-7716,11200,-38,147,-155,-13220,3428,7332,-1013,39,-75,-13316,-6604,6436,-504,147,-147,0
2860.3907029628754,8152,7612,11100,-150,-47,118,7204,-7816,11324,-41,128,-158,-13192,3472,7120,-1011,84,-91,-13216,-6516,6580,-481,129,-138,0
2860.4386360645294,8088,7572,10920,-153,-59,117,7172,-7880,11032,-38,136,-179,-13264,3416,7204,-1002,94,-58,-13308,-6624,6492,-489,131,-85,0
2860.485820055008,7992,7932,11028,-180,-81,125,7248,-7864,11240,-17,151,-188,-13184,3456,7296,-998,106,-65,-13264,-6872,6424,-478,166,-77,0
2860.5290160179134,8188,7644,11148,-183,-108,134,7240,-7868,11444,-8,142,-169,-13188,3388,7276,-1005,120,-80,-13260,-6628,6448,-508,136,-116,0
2860.5643510818486,8088,7444,11120,-201,-99,148,7204,-7896,11444,-21,102,-163,-13148,3432,7272,-1009,99,-47,-13188,-6656,6468,-488,159,-123,0
2860.5993690490723,8036,7716,11040,-170,-94,124,7144,-7868,11632,-6,133,-171,-13248,3576,7028,-1021,87,-110,-13220,-6684,6416,-489,135,-81,0
2860.6346781253815,8052,7708,11088,-157,-113,106,7172,-7960,11612,-90,114,-179,-13236,3472,7164,-994,81,-75,-13216,-6600,6492,-502,143,-134,0
2860.6702449321747,8056,7632,11092,-219,-54,104,7144,-7704,11272,-11,147,-182,-13080,3424,6980,-987,101,-80,-13244,-6460,6608,-463,194,-97,0
2860.7056369781494,8184,7708,11104,-201,-58,140,7416,-8140,11364,14,147,-164,-13240,3532,7040,-1052,116,-78,-13344,-6460,6584,-428,184,-92,0
2860.741336107254,8136,7620,11100,-233,-55,139,7376,-7828,11396,-3,121,-171,-13132,3432,7216,-990,148,-81,-13252,-6556,6492,-486,133,-58,0
2860.776190042496,8120,7680,11120,-229,-97,137,7192,-7812,11404,-45,139,-180,-13256,3416,7248,-983,114,-55,-13304,-6584,6640,-470,174,-45,0
2860.8119690418243,8068,7640,11116,-193,-134,137,7396,-7908,11416,-35,82,-206,-13112,3428,6972,-1005,110,-128,-13112,-6620,6480,-501,221,-46,0
2860.84805393219,8032,7660,11288,-196,-187,140,7120,-7804,11512,22,127,-202,-13072,3360,7152,-1040,142,-173,-13276,-6592,6604,-478,206,-57,0
2860.881350040436,8060,7648,11088,-201,-127,163,7156,-7804,11220,-20,97,-213,-13128,3400,7172,-992,167,-126,-13244,-6492,6504,-490,205,-49,0
2860.915200948715,8172,7596,11224,-193,-157,139,7108,-7844,11476,-252,124,-238,-13100,3392,7220,-996,163,-147,-13248,-6552,6424,-478,190,-88,0
2860.9487240314484,8112,7644,11024,-217,-117,158,7120,-7912,11340,1,140,-215,-13192,3448,6964,-979,144,-116,-13320,-6500,6580,-474,234,-35,0
2860.9823200702667,8388,7696,11044,-215,-146,144,7416,-7732,11464,8,108,-221,-12868,3480,7180,-1007,135,-125,-13228,-6524,6504,-496,213,-76,0
2861.0156531333923,8092,7612,11256,-214,-179,125,7012,-7796,11360,-22,105,-228,-13176,3452,7088,-996,160,-156,-13400,-6548,6408,-455,207,-68,0
2861.049211025238,8260,7624,11132,-224,-197,137,7232,-7864,11408,-30,95,-265,-13200,3452,7108,-976,142,-141,-13308,-6524,6388,-458,214,-86,0
2861.0827620029454,8104,7484,10984,-220,-166,139,7156,-7816,11388,-20,108,-245,-13264,3460,7232,-986,168,-94,-13288,-6608,6440,-448,212,-116,0
2861.1165621280666,8204,7572,10756,-218,-185,131,7200,-7808,11536,-254,80,-234,-13204,3336,7240,-996,156,-145,-13108,-6584,6436,-456,232,-43,0
2861.149941921234,8160,7644,11204,-216,-190,131,7280,-7828,11492,-15,103,-242,-13176,3380,7076,-1007,175,-162,-13320,-6540,6200,-460,215,-45,0
2861.1833789348602,8388,7744,10976,-223,-151,153,7408,-7860,11332,-17,81,-269,-13236,3476,6932,-966,164,-143,-13376,-6528,6384,-459,230,-65,0
2861.217006921768,8220,7608,10976,-199,-203,142,7128,-7824,11392,-8,47,-249,-13276,3096,7008,-1018,164,-111,-13304,-6536,6364,-433,215,-70,0
2861.250622034073,8164,7540,11072,-233,-215,160,7212,-7864,11380,-21,65,-248,-13168,3580,6984,-1274,174,-144,-13304,-6460,6564,-443,234,-55,0
2861.2840161323547,8124,7624,11012,-225,-183,140,7104,-7820,11372,-54,110,-227,-13116,3388,7096,-978,149,-96,-13476,-6512,6428,-459,205,-58,0
2861.31764292717,8192,7680,11204,-226,-187,123,7328,-7688,11316,-73,74,-220,-13244,3424,7064,-984,168,-107,-13384,-6516,6476,-461,199,-83,0
2861.3512489795685,8276,7600,10960,-217,-152,93,7260,-7688,11488,-34,107,-247,-13192,3496,7036,-994,46,-115,-13320,-6508,6488,-472,142,-167,0
2861.3843750953674,8100,7552,10944,-169,-103,51,7152,-7900,11340,-31,125,-217,-13188,3340,6980,-1009,130,-68,-13320,-6560,6440,-480,114,-156,0
2861.4176540374756,8276,7488,11132,-119,-83,68,7192,-8164,11252,-112,117,-192,-13216,3464,7108,-1007,86,-37,-13292,-6480,6428,-467,121,-174,0
2861.451096057892,8264,7524,11032,-205,-11,73,7284,-7836,11336,-16,177,-198,-13204,3400,7064,-1009,97,-63,-13380,-6516,6356,-438,93,-132,0
2861.484360933304,8336,7516,11088,-133,12,112,7344,-7772,11360,-35,137,-126,-13060,3456,6960,-1034,92,244,-13436,-6468,6372,-469,68,-115,0
2861.517967939377,8200,7600,10912,-163,14,110,7180,-7816,11304,-45,101,-97,-13156,3400,7036,-1003,121,34,-13244,-6656,6444,-477,32,-123,0
2861.551573038101,8208,7540,11176,-165,-244,93,7196,-8144,11480,-91,119,-120,-13176,3372,7192,-994,69,-223,-13268,-6556,6620,-530,67,-114,0
2861.5850219726562,8188,7592,11048,-129,-52,94,7248,-7852,11424,-65,162,-156,-13264,3416,7188,-985,39,-49,-13180,-6488,6404,-515,113,-133,0
2861.618726015091,8112,7608,11108,-160,-80,81,7316,-7860,11396,-38,171,-186,-13084,3428,7080,-987,25,-116,-13308,-6572,6296,-493,165,-164,0
2861.6519780159,8192,7636,11032,-146,-51,64,7264,-7828,11436,-31,183,-193,-13224,3544,7012,-1007,55,-81,-13312,-6652,6488,-496,158,-168,0
2861.685539960861,8328,7532,11092,-143,-60,55,6984,-7816,11300,-25,193,-185,-13236,3392,7264,-996,37,-44,-13544,-6620,6640,-471,115,-193,0
2861.7189979553223,8176,7628,11084,-162,-27,7,7136,-7892,11276,-61,179,-189,-13312,3372,7024,-958,246,-51,-13288,-6600,6528,-494,119,-194,0
2861.752498149872,8152,7648,11132,-144,-47,53,7068,-7956,11336,-71,184,-190,-13124,3400,7064,-998,24,-116,-13532,-6512,6448,-480,154,-141,0
2861.7860050201416,7936,7616,10784,-142,-71,74,7108,-7784,11532,-44,145,-186,-13212,3440,7020,-1006,61,-80,-13312,-6540,6428,-467,114,-141,0
2861.8196420669556,8432,7588,11248,-175,-31,107,6912,-7832,11416,-79,147,-151,-13236,3488,7196,-993,65,-29,-13252,-6520,6380,-470,41,-119,0
2861.853016138077,8236,7656,11168,-164,-62,62,7220,-7856,11204,-94,173,-133,-13184,3468,7028,-981,50,-1,-13324,-6408,6488,-494,87,-151,0
2861.8897860050206,8444,7544,11084,-152,-48,74,7108,-8004,11472,-28,144,-128,-13212,3408,7084,-1002,66,-40,-13304,-6444,6252,-481,119,-143,0
2861.9253170490265,8140,7472,10860,-132,-26,99,7040,-7876,11356,-41,157,-171,-13116,3364,7164,-1011,121,-60,-13236,-6624,6408,-489,114,-129,0
2861.96142911911,8416,7616,11048,-135,-84,89,7304,-7804,11284,-30,192,-179,-13128,3488,7320,-998,44,-98,-13288,-6512,6500,-516,124,-151,0
2861.997558116913,8268,7620,11084,-134,-37,120,6956,-7716,11308,-45,157,-140,-13116,3448,7036,-972,94,-67,-13276,-6624,6564,-469,60,-130,0
2862.0328090190887,8216,7700,11124,-142,252,106,7212,-7836,11268,-68,107,-126,-13120,3408,7096,-996,72,-240,-13332,-6556,6460,-479,73,-151,0
2862.068251132965,8140,7664,10988,-153,-20,93,7192,-7836,11296,-58,150,-147,-13200,3272,7268,-996,55,-52,-13296,-6820,6468,-485,118,-144,0
2862.103853940964,8152,7880,11248,-176,-64,77,7268,-7784,11516,-79,201,-156,-13144,3412,7176,-954,31,-52,-13316,-6460,6464,-498,122,-161,0
2862.138705968857,8116,7700,11148,-135,-78,68,7376,-8148,11432,-16,174,-168,-13200,3456,7132,-1019,60,-126,-13244,-6488,6480,-494,163,-145,0
2862.1737120151524,8076,7572,10984,-156,-83,62,7244,-7868,11264,-57,177,-196,-13192,3420,7188,-984,61,-65,-13300,-6460,6484,-471,159,-152,0
2862.209815979004,8192,7616,10992,-174,-73,79,7376,-7868,11176,-42,145,-217,-13128,3388,7028,-1011,114,-105,-13248,-6556,6460,-475,165,-110,0
2862.2455129623413,8176,7556,11056,-161,-87,110,7208,-7820,11492,-50,148,-179,-13144,3540,6972,-983,79,-47,-13568,-6652,6388,-470,144,-138,0
2862.281275033951,8156,7608,11104,-175,-89,118,7396,-7836,11296,-37,158,-169,-13192,3100,7092,-1006,127,-68,-13388,-6420,6612,-467,115,-109,0
2862.317323923111,8020,7636,11048,-173,-63,104,7196,-7880,11484,-54,150,-187,-13148,3512,7076,-769,66,-104,-13208,-6576,6548,-480,134,-126,0
2862.352327108383,8124,7636,11132,-183,-53,91,7068,-7896,11232,-53,149,-189,-13184,3392,7060,-1005,100,-50,-13092,-6520,6488,-500,135,-127,0
2862.3879821300507,8272,7728,10932,-174,-49,102,7108,-7868,11460,-40,154,-156,-13156,3436,7224,-1038,107,-109,-13544,-6568,6472,-492,140,-130,0
2862.4234580993652,8120,7648,10992,-151,-28,114,7220,-7852,11320,-22,141,-185,-13116,3488,7176,-1033,108,-46,-13216,-6608,6340,-468,150,-107,0
2862.4593870639806,7936,7620,11184,-165,-45,99,7084,-7852,11452,-28,150,-169,-13040,3480,7108,-991,106,-96,-13252,-6548,6436,-483,178,-104,0
2862.4942350387573,8096,7636,11160,-178,-63,110,7224,-8008,11512,-20,142,-188,-13132,3484,7076,-997,125,-142,-13232,-6572,6572,-462,148,-101,0
2862.530643939972,8160,7732,11132,-216,-96,122,7120,-7912,11280,-27,164,-191,-13148,3472,7184,-986,130,-124,-13300,-6576,6508,-478,158,-95,0
2862.564227104187,8132,7624,11124,-236,-73,143,7192,-7908,11364,-12,164,-190,-13100,3360,7244,-1018,107,-74,-13244,-6536,6488,-477,180,-93,0
2862.5976979732513,8156,7600,11004,-213,-84,128,7232,-7880,11428,-19,106,-190,-13092,3432,7200,-997,143,-120,-13292,-6568,6492,-493,227,-88,0
2862.6311769485474,8156,7616,11036,-193,-123,134,7200,-7896,11500,-19,130,-196,-13092,3512,7420,-1022,129,-137,-13272,-6612,6436,-486,205,-75,0
2862.6646931171417,8168,7668,11040,-202,-134,132,7096,-7736,11056,-256,134,-209,-13204,3416,7196,-1021,128,-160,-13236,-6788,6268,-486,194,-87,0
2862.6983420848846,7936,7932,10880,-200,-110,161,7092,-7796,11452,-8,114,-208,-13192,3444,7232,-995,145,-130,-13260,-6612,6328,-484,200,-75,0
2862.7318530082703,8252,7452,11252,-213,-97,156,7072,-7952,11328,-10,154,-206,-13176,3460,7144,-1016,173,-91,-13196,-6540,6588,-498,191,-80,0
2862.765401124954,8168,7592,11144,-209,-128,168,7188,-7756,11268,6,118,-197,-13204,3436,7140,-989,173,-98,-13276,-6540,6520,-496,209,-88,0
2862.798985004425,7956,7576,11008,-186,-149,148,7340,-7928,11384,34,115,-215,-13212,3400,7224,-1022,141,-156,-13240,-6512,6444,-483,220,-70,0
2862.8325779438014,8376,7676,11296,-176,-158,154,7420,-7808,11504,-254,137,-217,-13152,3412,7208,-1276,179,-152,-13388,-6620,6488,-463,202,-45,0
2862.8663489818573,8136,7576,11020,-209,-155,152,7248,-7848,11280,9,139,-201,-13104,3400,6972,-995,136,-134,-13404,-6512,6244,-482,147,-68,0
2862.899717092514,8296,7588,11156,-201,-128,141,7240,-7872,11392,-16,100,-182,-13212,3404,6920,-1275,116,-98,-13360,-6600,6424,-505,170,-113,0
2862.933328151703,8180,7636,11036,-221,-119,163,7204,-7796,11264,31,77,-173,-13240,3372,7148,-1275,121,-57,-13124,-6616,6624,-469,152,-81,0
2862.9666430950165,8084,7664,11196,-160,-62,117,6940,-7804,11404,-10,124,-209,-13244,3432,7196,-997,167,-110,-13268,-6488,6180,-485,188,-61,0
2863.0000131130214,8188,7584,11176,-231,-104,96,7400,-7856,11484,1,112,-225,-13160,3456,7044,-984,130,-112,-13128,-6476,6260,-494,200,-57,0
2863.03360915184,8220,7632,11108,-191,-124,150,7252,-7820,11184,12,144,-190,-13248,3392,7056,-1019,152,-130,-13296,-6512,6320,-443,139,-87,0
2863.067188024521,8196,7700,11184,-206,-135,167,7260,-7792,11396,-8,93,-148,-13032,3428,7176,-1007,136,-58,-13324,-6540,6352,-479,73,-91,0
2863.100692987442,8128,7640,11016,-224,-124,148,7128,-7872,11456,-42,126,-167,-13160,3336,7108,-977,141,-100,-13280,-6532,6480,-503,123,-86,0
2863.134038925171,8028,7596,11144,-177,-118,136,7212,-7692,11340,-21,102,-188,-13284,3348,7032,-994,132,-171,-13244,-6552,6368,-490,190,-102,0
2863.167624950409,8232,7640,10868,-160,-185,149,7276,-7820,11428,19,118,-204,-13168,3348,7176,-1051,142,-130,-13232,-6540,6644,-495,217,-40,0
2863.2011930942535,7968,7592,11084,-150,-148,153,7260,-7812,11412,-13,113,-226,-12916,3364,7228,-997,190,-120,-13284,-6540,6492,-500,174,-81,0
2863.2348289489746,8252,7456,11088,-184,-182,156,7248,-7876,11464,-73,91,-233,-13200,3112,6972,-959,128,-75,-13436,-6192,6484,-470,178,-65,0
2863.2684130668645,8192,7604,10784,-191,-145,148,7232,-7904,11304,-58,97,-213,-13492,3424,7056,-1001,126,-91,-13324,-6556,6468,-471,128,-117,0
2863.301908016205,8220,7620,10992,-162,-96,104,7336,-7832,11440,-68,107,-183,-13184,3392,7176,-774,68,-108,-13288,-6500,6320,-483,109,-146,0
2863.3354489803314,8276,7480,10968,-167,-57,68,7240,-7928,11384,-47,149,-188,-13116,3392,7068,-1024,92,-53,-13348,-6520,6392,-458,129,-160,0
2863.3689990043645,8244,7604,11108,-175,-5,83,7276,-7736,11388,-57,146,-173,-13248,3500,7120,-1031,76,-37,-13176,-6568,6364,-468,132,-160,0
2863.4023129940033,8264,7488,11044,-188,-29,49,7316,-7940,11424,-47,158,-182,-13164,3420,7404,-989,69,-68,-13348,-6552,6528,-475,101,-171,0
2863.435832977295,8208,7656,11104,-145,-19,67,7252,-7868,11404,-74,150,-164,-13144,3488,7108,-999,52,-81,-13260,-6548,6376,-483,116,-182,0
2863.469017982483,8140,7508,11144,-141,-30,71,7228,-7876,11344,-42,150,-180,-13084,3352,7056,-1017,55,-47,-13276,-6532,6372,-496,115,-155,0
2863.5025861263275,8224,7632,10972,-142,-32,59,7180,-7928,11328,-31,170,-162,-13296,3436,7048,-1013,70,-19,-13236,-6504,6464,-496,105,-159,0
2863.536144018173,8132,7708,10816,-178,-27,101,7180,-7704,11488,-56,169,-160,-13208,3400,7180,-1006,94,-10,-13220,-6708,6196,-499,101,-165,0
2863.5730500221252,8200,7560,10832,-143,1,81,7288,-7756,11616,-88,155,-151,-13064,3432,7144,-978,35,-20,-13416,-6612,6544,-510,92,-138,0
2863.608174085617,8216,7552,11172,-128,-37,97,7292,-7908,11476,-83,158,-146,-13172,3384,7308,-1014,53,249,-13084,-6636,6192,-509,83,-187,0
2863.6444211006165,8192,7588,10868,-140,-26,53,7192,-7704,11352,-33,102,-150,-13232,3340,6960,-999,68,-51,-13284,-6556,6540,-457,54,-192,0
2863.680248975754,8136,7660,11088,-119,-16,43,7240,-7888,11364,-83,157,-173,-13176,3328,7188,-961,25,-37,-13260,-6628,6404,-464,96,-194,0
2863.715507030487,8144,7680,11076,-143,-2,-15,7204,-7820,11444,-52,198,-183,-13144,3472,7064,-958,18,-28,-13228,-6484,6608,-447,131,-169,0
2863.7509009838104,8172,7700,11040,-172,25,31,7128,-7828,11256,-79,178,-152,-12836,3396,7092,-986,64,250,-13248,-6552,6544,-439,143,-59,0
2863.786211013794,8072,7616,10936,-157,-4,109,7136,-7900,11408,-101,104,-144,-13132,3508,7100,-988,92,21,-13292,-6524,6604,-494,67,-105,0
2863.822284936905,8120,7648,10896,-153,-39,143,6952,-7864,11344,-121,98,-135,-13148,3508,7328,-994,104,-245,-13348,-6624,6632,-527,38,-115,0
2863.858216047287,8196,7596,10920,-129,-26,133,7220,-7788,11468,-118,179,-90,-13100,3516,7132,-997,45,34,-13344,-6608,6500,-534,78,-138,0
2863.8933839797974,8204,7732,10800,-126,254,100,7260,-7912,11352,-48,158,-110,-13076,3428,7176,-1029,71,-16,-13300,-6520,6488,-506,119,-117,0
2863.9297449588776,8080,7612,11344,-140,-19,92,7192,-7744,11184,250,150,-133,-13108,3400,7228,-1032,112,-95,-13304,-6608,6488,-497,116,-103,0
2863.9649109840393,8088,7624,11144,-126,-42,96,7204,-7848,11440,-60,128,-193,-13360,3444,6992,-990,110,-58,-13296,-6584,6468,-476,140,-124,0
2864.0005991458893,8048,7664,11164,-162,-26,89,7256,-7916,11036,-22,178,-198,-13264,3452,7092,-984,83,-85,-13224,-6544,6540,-437,141,-123,0
2864.037089109421,8156,7656,11112,-137,-71,59,7400,-7692,11404,-37,178,-222,-13152,3472,7340,-1000,68,-110,-13244,-6692,6380,-463,181,-148,0
2864.07221198082,8188,7620,11184,-150,-100,64,7108,-7968,11032,-86,159,-212,-13132,3440,7320,-990,76,-57,-13224,-6548,6220,-478,181,-176,0
2864.1081581115723,8168,7672,11064,-150,-84,67,7236,-7824,11332,-73,161,-228,-13060,3548,7336,-982,59,-58,-13240,-6536,6556,-464,128,-176,0
2864.1434099674225,8148,7704,11152,-180,-38,65,7268,-7960,11360,-54,169,-190,-13200,3464,7396,-982,49,-68,-13264,-6624,6568,-475,115,-151,0
2864.1793920993805,8136,7436,11064,-129,-40,100,7212,-7836,11472,-21,148,-144,-13156,3436,7116,-1037,87,-43,-13236,-6640,6324,-509,148,-163,0
2864.2153520584106,8088,7624,10964,-113,-37,133,7208,-7772,11364,-6,145,-178,-12868,3404,7240,-1057,122,-98,-13196,-6896,6524,-506,170,-104,0
2864.2489540576935,8072,7712,11068,-144,-57,129,7196,-7796,11448,-14,131,-193,-12824,3388,7248,-1022,143,-64,-13088,-6608,6260,-485,181,-102,0
2864.28245306015,8140,7664,10960,-186,-67,132,7100,-7828,11400,-35,148,-162,-13004,3496,7260,-1006,147,-68,-13064,-6548,6192,-492,164,-90,0
2864.3158421516414,8104,7668,11080,-201,-100,155,7412,-7972,11300,-32,130,-172,-13200,3496,7200,-1022,84,-74,-13096,-6508,6536,-501,153,-101,0
2864.349441051483,8064,7820,11188,-215,-69,139,7112,-7856,11276,-20,141,-160,-13232,3408,6952,-1006,122,-63,-13256,-6724,6416,-486,165,-87,0
2864.3824930191045,7964,7784,11004,-201,-116,106,7068,-7908,11472,-9,129,-192,-13108,3356,6948,-985,111,-107,-13272,-6896,6636,-482,156,-72,0
2864.4161479473114,8112,7608,11164,-161,-144,94,7236,-7868,11396,-75,149,-206,-13208,3408,7328,-981,129,-121,-13564,-6472,6520,-490,205,-77,0
2864.4499521255493,8128,7460,11032,-233,-90,106,7124,-7884,11280,-251,137,-203,-13028,3476,7108,-989,86,-135,-13276,-6448,6476,-440,237,-64,0
2864.483201980591,8032,7556,11092,-219,-97,153,7104,-7824,11188,15,163,-184,-13088,3488,7164,-1007,117,-93,-13088,-6464,6516,-456,198,-68,0
2864.5167350769043,8128,7640,11184,-247,-85,139,7236,-7892,11332,33,147,-172,-13160,3436,6984,-1014,167,-95,-13328,-6452,6500,-471,166,-48,0
2864.550328016281,8040,7580,11516,-223,-78,154,7232,-7936,11368,-29,114,-165,-13128,3476,6996,-1273,160,-115,-13540,-6592,6540,-500,164,-26,0
2864.5834081172943,8116,7712,11188,-209,-106,190,7128,-7744,11372,13,108,-184,-13152,3364,7076,-1016,169,-127,-13284,-6520,6436,-261,193,-39,0
2864.6168990135193,8144,7548,11184,-225,-146,212,7176,-7864,11360,39,122,-203,-13296,3384,7124,-1078,187,-110,-13296,-6524,6436,-520,263,-61,0
2864.6503870487213,8104,7544,11056,-166,-120,184,7236,-7796,11320,24,109,-232,-13152,3468,7184,-1047,161,-144,-13296,-6568,6336,-496,216,-73,0
2864.6836700439453,8068,7616,10988,-173,-189,137,7188,-7936,11428,25,152,-192,-13184,3396,7280,-1007,133,-134,-13384,-6556,6436,-506,206,-75,0
2864.7171959877014,8040,7716,11124,-206,-129,136,7264,-7904,11412,29,126,-216,-13252,3408,7236,-1010,143,-112,-13320,-6472,6416,-488,193,-67,0
2864.7507500648494,8184,7588,10820,-225,-125,137,7208,-7944,11404,255,143,-196,-13120,3400,7160,-1039,141,-130,-13324,-6524,6472,-457,194,-69,0
2864.7841370105743,8248,7716,11064,-200,-110,144,6932,-7800,11328,5,97,-211,-13224,3404,7376,-1277,159,-123,-13180,-6508,6532,-478,194,-60,0
2864.8177440166473,8124,7592,10764,-198,-142,150,6924,-7796,11428,-22,85,-220,-13224,3432,7156,-999,191,-132,-13280,-6584,6540,-491,202,-66,0
2864.8513081073766,8384,7624,11048,-217,-132,174,6988,-7776,11368,-15,107,-224,-13192,3416,6960,-986,138,-153,-13392,-6576,6368,-511,178,-79,0
2864.88467001915,8232,7568,11016,-200,-127,151,7148,-7832,11260,18,102,-214,-13160,3396,7124,-1030,166,-99,-13272,-6496,6376,-503,192,-74,0
2864.918177127838,8232,7552,11144,-194,-174,161,7200,-7784,11424,21,83,-205,-13232,3388,6996,-1038,143,-102,-13304,-6596,6228,-476,207,-38,0
2864.951779127121,8364,7612,10984,-177,-166,159,6956,-7880,11376,32,50,-204,-13256,3112,6980,-1034,152,-129,-13564,-6500,6524,-482,170,-72,0
2864.9851729869843,8228,7528,11036,-210,-133,149,7288,-7904,11368,-23,125,-203,-13192,3456,7404,-999,110,-116,-13320,-6576,6524,-464,142,-56,0
2865.0187180042267,7964,7576,11152,-207,-102,147,7292,-7864,11376,-52,110,-183,-13240,3424,7096,-771,143,-103,-13064,-6492,6600,-475,141,-75,0
2865.052453994751,8236,7560,11068,-188,-129,144,7268,-7880,11324,-57,106,-182,-13244,3368,7152,-994,124,-66,-13180,-6516,6472,-505,157,-99,0
2865.085855960846,7988,7600,11108,-212,-124,140,7408,-7820,11328,-13,112,-188,-13176,3352,7212,-1018,97,-32,-13308,-6528,6436,-484,126,-152,0
2865.119477033615,8224,7624,11000,-152,-92,86,7256,-7860,11484,-55,135,-188,-13252,3328,7080,-1006,73,-72,-13280,-6628,6468,-475,100,-125,0
2865.152953147888,8264,7516,10984,-164,-60,53,7396,-7916,11316,-57,162,-185,-13176,3408,7396,-1007,81,-84,-13348,-6652,6588,-465,160,-150,0
2865.1867430210114,8252,7572,11088,-179,-15,76,7292,-7784,11496,-32,171,-147,-13172,3488,7300,-1039,53,-40,-13256,-6476,6496,-462,92,-91,0
2865.2199299335484,8172,7620,11024,-193,3,89,7336,-7860,11104,-42,180,-144,-13264,3400,7232,-775,92,-37,-13236,-6640,6544,-485,68,-121,0
2865.2575120925903,8232,7576,11200,-190,-45,67,6940,-7892,11392,-82,134,-133,-13124,3452,7208,-1020,59,-235,-13344,-6524,6408,-490,82,-129,0
2865.2929010391235,8144,7516,11192,-164,-47,83,7376,-7856,11464,-81,156,-176,-13124,3404,7380,-1010,59,-40,-13208,-6580,6448,-497,103,-160,0
2865.329210996628,8088,7572,11052,-158,-53,91,7000,-7844,11444,-18,157,-173,-13160,3404,7144,-997,54,-65,-13104,-6556,6404,-481,144,-105,0
2865.3643410205846,8172,7552,11188,-177,-22,78,7192,-7820,11392,-41,164,-183,-13280,3420,6944,-1010,97,-65,-13280,-6616,6488,-489,144,-135,0
2865.4001510143285,8084,7528,11292,-149,-74,77,7188,-7800,11280,-39,150,-180,-13284,3424,7148,-999,82,-61,-13416,-6576,6624,-441,146,-149,0
2865.4353790283203,8236,7648,11280,-175,-29,89,7340,-7776,11408,-80,150,-189,-13344,3416,7236,-998,67,-77,-13116,-6508,6432,-480,117,-156,0
2865.470674991608,8224,7600,11020,-182,-68,78,7292,-7864,11288,-57,151,-176,-13104,3452,7376,-986,61,-47,-13568,-6572,6408,-476,147,-127,0
2865.5061979293823,8168,7568,11096,-149,-48,90,7168,-7888,11544,-40,152,-158,-13276,3408,6944,-1004,75,-39,-13220,-6648,6556,-479,112,-142,0
2865.5450789928436,8428,7616,11064,-162,-28,91,7168,-7916,11484,-76,123,-177,-13188,3444,7312,-983,79,-37,-13348,-6620,6424,-467,78,-155,0
2865.5815110206604,8416,7528,11124,-173,-33,60,7208,-7896,11292,-49,139,-162,-13104,3336,7196,-1011,59,-57,-13340,-6544,6412,-523,121,-164,0
2865.618091106415,7976,7664,11100,-143,-36,104,7144,-7864,11424,-27,153,-152,-13148,3348,7100,-1003,84,-49,-13208,-6608,6456,-464,136,-145,0
2865.6533329486847,8128,7580,11192,-138,-26,75,7224,-7868,11340,-52,131,-190,-13296,3508,7236,-991,119,-55,-13364,-6592,6428,-486,143,-119,0
2865.6887431144714,8228,7676,11144,-149,-68,68,6968,-8164,11284,-68,150,-163,-13068,3536,7116,-968,56,-79,-13396,-6572,6588,-479,85,-148,0
2865.7239310741425,8156,7880,10980,-155,-56,97,7276,-7844,11264,-48,118,-136,-12900,3388,7176,-978,86,-13,-13568,-6480,6188,-485,88,-132,0
2865.7598490715027,7952,7588,11072,-164,20,122,7292,-7868,11428,-56,74,-153,-13156,3452,7100,-992,90,-62,-13464,-6616,6452,-510,111,-165,0
2865.7949271202087,8316,7660,11088,-130,-7,102,7184,-7912,11316,-66,127,-167,-13228,3376,7220,-1007,76,-41,-13312,-6616,6432,-489,115,-153,0
2865.830146074295,8108,7636,11328,-169,-64,75,7164,-7908,11008,-61,158,-189,-13200,3420,7240,-971,71,-71,-13124,-6568,6436,-264,129,-152,0
2865.865625143051,8020,7532,11040,-145,-56,75,7212,-7908,11424,-41,172,-180,-13216,3516,7196,-972,43,-100,-13264,-6520,6584,-501,149,-161,0
2865.902181148529,8100,7608,11064,-179,-48,76,6976,-7708,11332,-50,171,-180,-13248,3392,7320,-970,81,-83,-13260,-6540,6544,-480,166,-130,0
2865.9357669353485,7956,7904,11204,-154,-63,107,6912,-8184,11424,-50,147,-175,-13112,3488,7104,-1003,94,-43,-13264,-6472,6476,-452,129,-110,0
2865.9693150520325,8144,7576,11100,-153,-67,104,7220,-7912,11120,-42,132,-168,-13124,3456,7084,-1018,85,-72,-13096,-6804,6464,-464,131,-124,0
2866.002825975418,8168,7716,11168,-187,-50,99,7276,-7908,11452,-66,135,-170,-13156,3460,7040,-969,61,-51,-13096,-6652,6176,-469,124,-135,0
2866.0363781452174,8116,7444,11152,-181,-42,94,6928,-7796,11256,-59,122,-184,-13208,3516,7396,-1013,67,-81,-13508,-6600,6164,-477,141,-154,0
2866.069664001465,8176,7644,11120,-143,-91,90,7228,-7936,11396,-43,145,-188,-13192,3344,7244,-1003,76,-57,-13348,-6588,6416,-493,118,-123,0
2866.102993965149,8164,7932,10788,-142,-53,94,7168,-7808,11384,-26,131,-168,-13092,3496,7104,-1007,80,-62,-13152,-6608,6636,-505,125,-144,0
2866.1366751194005,8096,7620,10872,-160,-37,110,7224,-7888,11220,-22,137,-160,-13048,3448,7200,-983,44,-102,-13192,-6548,6460,-472,156,-127,0
2866.1702971458435,8408,7564,10968,-158,-77,99,7136,-7880,11336,-42,133,-197,-13108,3416,7384,-1017,106,-80,-13204,-6524,6436,-478,127,-128,0
2866.203766107559,8212,7572,11084,-166,-63,90,7416,-7692,11376,-62,143,-178,-13208,3348,7044,-1004,115,-78,-13272,-6620,6520,-477,152,-135,0
2866.2373900413513,8108,7656,11036,-165,-56,105,7196,-7804,11488,-49,205,-169,-13132,3500,7184,-976,97,-12,-13188,-6600,6496,-463,146,-131,0
2866.2706260681152,8068,7628,11092,-186,-60,114,7152,-7856,11372,-57,150,-182,-13112,3448,7116,-991,94,-63,-13268,-6492,6644,-468,135,-137,0
2866.304034948349,8096,7892,11160,-181,-94,121,7184,-7888,11588,-36,143,-188,-13112,3436,7204,-1276,104,-81,-13304,-6552,6608,-474,140,-110,0
2866.337723016739,8124,7556,11124,-146,-69,104,7228,-7944,11312,-32,140,-178,-13152,3444,7412,-1011,124,-114,-13496,-6568,6484,-482,149,-132,0
2866.371295928955,8140,7624,11232,-161,-46,116,7188,-7916,11392,-34,121,-166,-13276,3448,7252,-1011,121,-11,-13220,-6620,6680,-483,132,-124,0
2866.4045050144196,8128,7596,11088,-190,-64,119,7264,-7848,11252,7,169,-160,-13116,3556,7188,-1002,116,-62,-13180,-6580,6528,-486,152,-100,0
2866.438308954239,8096,7652,11028,-192,-75,111,7204,-7932,11384,-33,123,-188,-13236,3408,7160,-994,91,-109,-13260,-6912,6452,-468,170,-75,0
2866.471739053726,8064,7696,11156,-207,-100,142,7168,-7900,11408,26,132,-189,-13116,3464,7244,-1017,114,-134,-13312,-6552,6424,-477,179,-79,0
2866.505348920822,8216,7476,11180,-190,-67,145,7220,-7868,11328,-28,157,-186,-13228,3524,7272,-1275,135,-120,-13296,-6728,6532,-761,170,-93,0
2866.5390589237213,8104,7656,11212,-189,-124,123,7128,-7928,11412,-40,118,-180,-13220,3452,7156,-985,147,-104,-13300,-6568,6540,-487,181,-86,0
2866.572655916214,8140,7712,11088,-195,-121,141,7268,-7888,11108,-40,136,-189,-13232,3440,7260,-1004,145,-84,-13312,-6548,6532,-515,180,-71,0
2866.60600399971,8160,7608,11132,-217,-108,122,7176,-8004,11476,-22,141,-206,-13196,3480,7416,-1053,80,-113,-13260,-6584,6488,-258,186,-103,0
2866.639522075653,8084,7720,11240,-199,-89,146,7132,-7780,11616,13,91,-163,-13136,3348,7356,-1037,137,-140,-13148,-6620,6560,-472,152,-80,0
2866.6729459762573,8004,7732,11240,-165,-85,150,7128,-7800,11364,-40,157,-203,-13224,3424,7060,-999,128,-97,-13268,-6532,6644,-260,213,-86,0
2866.7068099975586,8176,7652,11220,-245,-62,153,7364,-7976,11436,49,167,-203,-13132,3516,7108,-1027,130,-130,-13544,-6652,6368,-464,247,-58,0
2866.7403180599213,8240,7604,11112,-210,-115,159,7192,-7932,11464,28,134,-191,-13212,3484,6908,-1027,130,-69,-13260,-6556,6436,-486,186,-53,0
2866.7738420963287,8136,7596,10960,-216,-101,170,7220,-7840,11448,-253,96,-152,-13480,3444,7192,-992,166,-90,-13376,-6584,6408,-460,116,-69,0
2866.8074390888214,8168,7624,11044,-242,-75,161,7120,-7924,11312,-27,104,-166,-13180,3416,7028,-996,164,-110,-13240,-6612,6400,-489,141,-79,0
2866.841066122055,8168,7624,11216,-206,-119,148,7100,-7904,11360,-16,126,-184,-13188,3440,7168,-1042,174,-111,-13264,-6532,6448,-473,194,-96,0
2866.874742984772,8112,7672,11236,-194,-141,169,7220,-7836,11364,16,120,-205,-13168,3460,7200,-770,157,-127,-13064,-6564,6144,-524,240,-60,0
2866.9106299877167,8076,7512,11064,-178,-152,164,7160,-7748,11264,30,102,-225,-13240,3352,7168,-1014,163,-135,-13304,-6524,6540,-481,223,-58,0
2866.947117090225,8256,7504,10960,-206,-191,170,7144,-7904,11344,18,105,-244,-13184,3488,6984,-1038,185,-133,-13224,-6488,6580,-430,205,-44,0
2866.9822580814366,8288,7608,11244,-205,-137,179,7196,-7792,11296,-24,129,-206,-13172,3524,7076,-1000,182,-139,-13248,-6592,6332,-477,171,-55,0
2867.0174119472504,8248,7544,11124,-222,-147,151,6952,-7928,11364,6,112,-218,-13284,3416,7276,-1016,137,-120,-13456,-6572,6484,-482,163,-76,0
2867.053013086319,8164,7588,10944,-197,-132,149,7216,-7868,11344,-28,102,-193,-13204,3356,7204,-1010,150,-108,-13064,-6540,6364,-472,155,-68,0
2867.088725090027,8208,7512,10892,-218,-139,140,7124,-7844,11344,-21,122,-217,-13140,3360,7228,-990,133,-116,-13508,-6480,6500,-486,168,-94,0
2867.123876094818,8240,7588,11180,-188,-140,131,7248,-7864,11376,-5,97,-208,-13156,3440,6916,-1016,131,-89,-13356,-6584,6564,-483,173,-70,0
2867.1593301296234,8392,7624,11008,-213,-146,157,7176,-7904,11376,12,128,-183,-13140,3412,7020,-1017,122,-75,-13384,-6544,6420,-465,190,-88,0
2867.1948981285095,8160,7548,11000,-171,-133,163,7252,-7812,11376,-24,112,-210,-13140,3460,6956,-1019,144,-79,-13336,-6488,6480,-766,182,-73,0
2867.230528116226,8176,7604,11080,-184,-162,142,7196,-7792,11488,-23,112,-213,-13296,3352,7116,-1008,103,-118,-13240,-6508,6176,-491,177,-59,0
2867.266170024872,8168,7548,10980,-191,-134,144,7188,-7792,11464,-79,130,-201,-13232,3088,7056,-999,137,-54,-13136,-6500,6396,-473,140,-102,0
2867.3022611141205,8176,7476,10940,-172,-116,124,7280,-7836,11356,-84,91,-174,-13292,3500,7128,-1017,83,-50,-13312,-6460,6420,-257,117,-158,0
2867.3374350070953,8328,7560,10904,-182,-102,86,7272,-7776,11340,-34,142,-169,-13152,3340,7156,-1037,118,-83,-13296,-6516,6620,-473,104,-148,0
2867.3728389739986,8296,7624,11000,-160,4,92,7204,-7828,11516,-13,184,-150,-13204,3400,7056,-1033,75,-16,-13296,-6556,6620,-447,110,-154,0
2867.408671140671,8208,7592,10936,-179,-40,57,7236,-7936,11408,-59,175,-174,-13216,3468,7204,-987,50,-30,-13192,-6476,6340,-475,151,-142,0
2867.443356990814,8204,7540,11140,-204,-57,71,7236,-7896,11332,-32,150,-162,-13108,3452,7100,-998,62,-54,-13352,-6532,6508,-470,107,-129,0
2867.4796190261845,8208,7576,11052,-169,-26,107,7240,-7868,11448,-59,147,-141,-13148,3252,7280,-982,73,235,-13064,-6568,6564,-453,67,-150,0
2867.514696121216,8112,7612,11096,-174,-17,115,7180,-7868,11452,-47,134,-160,-13124,3368,7160,-1004,64,-17,-13244,-6564,6460,-471,96,-176,0
2867.550408124924,8136,7520,11164,-182,-42,72,7208,-7928,11428,-50,154,-155,-13164,3388,7220,-992,36,-61,-13320,-6652,6528,-497,116,-160,0
2867.585935115814,8152,7828,11080,-107,-55,54,7164,-7844,11368,-44,176,-200,-13164,3452,7180,-995,80,-109,-13284,-6524,6408,-501,128,-166,0
2867.6194870471954,8192,7644,10940,-163,-44,74,7416,-7828,11264,-22,139,-176,-13136,3480,7044,-1013,99,-57,-13280,-6472,6516,-459,128,-135,0
2867.6529071331024,8436,7632,11316,-151,-80,89,7168,-7804,11344,-53,151,-212,-13164,3428,6920,-995,85,-40,-13120,-6624,6516,-459,150,-113,0
2867.6867089271545,8296,7552,11176,-178,-67,88,7264,-7756,11352,-23,174,-176,-13112,3576,7144,-983,84,-32,-13244,-6468,6448,-473,116,-158,0
2867.7201471328735,8296,7600,11168,-147,-55,89,7264,-7856,11412,-27,179,-170,-13252,3328,7140,-996,35,-82,-13064,-6436,6400,-502,124,-152,0
2867.75367808342,8228,7736,11188,-159,-28,77,7184,-7876,11352,-33,146,-162,-13228,3420,7164,-1279,81,-53,-13068,-6532,6572,-491,137,-121,0
2867.787234067917,8140,7576,11112,-157,-55,96,7412,-7864,11244,-76,142,-175,-13184,3392,7200,-988,43,-31,-13264,-6564,6464,-487,106,-151,0
2867.8208141326904,8208,7572,11076,-146,-48,77,7140,-7916,11488,-73,140,-150,-13172,3460,7100,-989,35,-23,-13272,-6620,6468,-493,92,-159,0
2867.854402065277,8264,7624,11064,-168,-56,89,7168,-7836,11320,-48,155,-159,-13300,3424,6972,-1010,46,-45,-13324,-6528,6428,-483,130,-139,0
2867.8876819610596,8128,7632,11156,-144,-58,102,7168,-8028,11620,-56,133,-158,-13192,3468,7332,-1012,64,-65,-13236,-6640,6468,-489,106,-142,0
2867.921168088913,8256,7732,11064,-166,-76,110,7200,-7816,11396,-34,140,-180,-13112,3332,7276,-1019,74,-54,-13216,-6564,6568,-475,137,-129,0
2867.954574108124,8204,7608,11088,-153,-52,63,7068,-7832,11396,-50,113,-181,-13156,3436,7168,-1004,90,-13,-13252,-6560,6452,-472,134,-137,0
2867.9881229400635,8184,7680,11024,-159,-39,97,7164,-7920,11088,-55,127,-159,-13096,3160,6948,-990,114,-35,-13096,-6504,6424,-476,131,-131,0
2868.0217781066895,8408,7492,11204,-143,-62,99,7136,-7716,11168,-38,139,-164,-13156,3492,7392,-1003,57,-61,-13552,-6576,6376,-504,132,-154,0
2868.055217027664,8172,7600,11200,-161,-45,98,7248,-7888,11388,-44,139,-127,-13148,3452,7112,-1007,49,-92,-13248,-6420,6284,-484,112,-123,0
2868.0888340473175,8148,7920,11120,-119,-39,77,7260,-7796,11344,-58,147,-162,-13172,3408,7216,-984,48,-46,-13356,-6536,6412,-480,108,-173,0
2868.122442007065,8392,7608,11104,-140,-77,50,6992,-7920,11396,-63,166,-185,-13164,3516,7024,-981,74,-40,-13300,-6460,6532,-479,142,-111,0
2868.155745983124,7960,7560,11024,-165,254,86,7200,-7836,11356,-22,138,-147,-12916,3404,6940,-1005,80,-31,-13248,-6576,6404,-472,154,-144,0
2868.1893241405487,8140,7512,11056,-147,-77,92,7116,-7876,11408,-22,144,-144,-13164,3432,7040,-769,67,-67,-13316,-6528,6580,-473,141,-132,0
2868.222872018814,8128,7672,11064,-181,-61,88,7188,-7804,11152,-50,140,-145,-13204,3528,7236,-984,93,-74,-13256,-6648,6492,-477,97,-134,0
2868.2566549777985,8176,7532,10976,-160,-32,76,7232,-7940,11368,-65,147,-190,-13104,3432,7112,-1018,53,-61,-13208,-6492,6452,-498,133,-131,0
2868.2902750968933,8168,7548,11136,-125,-34,100,7176,-7820,11432,-21,141,-152,-13308,3452,7076,-1051,112,-62,-13296,-6720,6388,-477,161,-158,0
2868.3238599300385,8092,7636,10756,-163,-51,93,7252,-7784,11344,-8,161,-130,-13276,3448,7028,-1053,149,-58,-13256,-6600,6436,-501,167,-121,0
2868.3574619293213,8116,7600,10964,-145,-93,116,6968,-7756,11300,-76,143,-167,-13064,3456,7004,-1028,117,-78,-13320,-6676,6532,-459,130,-108,0
2868.3908519744873,8416,7652,11180,-156,-84,124,7148,-7868,11376,-26,153,-172,-13192,3444,7092,-969,75,-102,-13340,-6592,6292,-463,134,-145,0
2868.4243659973145,8144,7668,11144,-181,-89,85,7172,-7940,11404,-68,175,-168,-13164,3496,7252,-992,79,-41,-13412,-6624,6440,-492,151,-132,0
2868.45805311203,8140,7636,11004,-149,-97,96,7276,-7860,11288,-64,144,-154,-13152,3508,7196,-1017,77,-57,-13264,-6596,6572,-464,144,-111,0
2868.4917459487915,8060,7636,11016,-159,-57,103,7232,-7896,11348,-58,128,-139,-13116,3376,7316,-770,101,-49,-13284,-6892,6316,-489,108,-119,0
2868.5252490043645,8152,7676,11144,-169,-30,110,7168,-7684,11348,-40,159,-175,-13164,3448,7376,-988,70,-58,-13280,-6600,6424,-481,105,-142,0
2868.5585391521454,8164,7588,11272,-175,-75,120,7180,-7924,11352,-63,165,-193,-13116,3476,7132,-999,69,-70,-13312,-6512,6528,-462,167,-124,0
2868.594460964203,8104,7564,11240,-155,-59,106,7080,-7948,11292,-8,152,-159,-13184,3420,7016,-1031,83,-65,-13268,-6608,6440,-493,162,-140,0
2868.6301009655,8412,7456,11096,-159,-57,84,7200,-7888,11368,-39,117,-181,-13184,3440,7176,-1024,96,-61,-13248,-6620,6784,-486,157,-105,0
2868.6656291484833,7940,7612,11108,-169,-82,110,7284,-7840,11496,-34,146,-181,-13112,3440,7228,-1001,95,-68,-13232,-6588,6400,-489,166,-125,0
2868.7009940147404,8184,7820,11040,-178,-88,108,7120,-7896,11516,-34,135,-172,-13084,3464,7208,-1016,97,-47,-13524,-6592,6456,-478,164,-121,0
2868.7371039390564,8020,7632,10796,-150,-79,107,7156,-7796,11464,-48,153,-200,-13080,3432,7048,-996,117,-27,-13312,-6592,6536,-452,150,-94,0
2868.7722449302673,8228,7644,11020,-164,-63,112,7240,-7884,11464,-45,169,-161,-13116,3388,7304,-970,105,-81,-13296,-6624,6372,-486,99,-85,0
2868.808170080185,8196,7576,10756,-188,-37,81,7284,-7912,11504,-23,145,-140,-13224,3484,7232,-1014,64,-59,-13316,-6540,6524,-484,142,-145,0
2868.8438460826874,8240,7636,11164,-177,-71,119,7412,-7840,11392,25,143,-168,-13060,3368,7252,-1031,89,-130,-13224,-6628,6508,-496,141,-103,0
2868.87956404686,8220,7584,11044,-144,-95,110,7200,-7916,11404,-63,142,-196,-13132,3456,7184,-1010,98,-113,-13492,-6584,6540,-485,188,-115,0
2868.9148099422455,8180,7620,10936,-207,-73,97,7084,-7944,11276,-1,132,-200,-13092,3548,7172,-990,81,-83,-13280,-6596,6564,-463,165,-63,0
2868.950176000595,8184,7620,11116,-174,-77,149,7172,-8124,11268,249,117,-204,-13116,3456,7248,-1036,98,-50,-13308,-6512,6564,-453,162,-78,0
2868.985363006592,8188,7700,11032,-205,-61,141,7164,-7896,11492,-8,133,-158,-13088,3468,7184,-1006,134,-49,-13272,-6640,6636,-441,120,-102,0
2869.0212831497192,8256,7584,11144,-230,-77,111,6940,-7848,11744,-45,144,-190,-13144,3452,7092,-954,131,-116,-13520,-6500,6452,-480,163,-78,0
2869.057986974716,8092,7580,11160,-195,-145,119,7168,-7928,11336,-35,129,-197,-13252,3416,7248,-991,114,-121,-13156,-6312,6216,-507,179,-67,0
2869.092905044556,8264,7640,10960,-203,-162,151,7112,-7928,11380,15,131,-230,-13120,3396,7116,-1020,179,-98,-13324,-6592,6584,-483,242,-51,0
2869.1291239261627,8108,7572,11172,-196,-113,165,7204,-7856,11268,2,92,-233,-13216,3444,6952,-1044,187,-145,-13288,-6516,6448,-497,218,-58,0
2869.1642820835114,8008,7612,11164,-211,-127,176,7244,-7916,11384,27,95,-215,-13192,3472,7120,-1003,171,-130,-13316,-6524,6504,-502,196,-37,0
2869.2003240585327,8244,7564,11080,-188,-121,145,7168,-7868,11308,3,165,-190,-13204,3464,6948,-780,119,-150,-13312,-6576,6424,-475,204,-72,0
2869.235762119293,8000,7580,10784,-201,-141,163,7252,-7800,11372,-247,123,-186,-13208,3384,7260,-1278,140,-152,-13296,-6604,6524,-477,206,-62,0
2869.271605014801,8148,7464,11032,-213,-132,175,7168,-7824,11256,252,116,-230,-13092,3348,7372,-1012,158,-144,-13392,-6612,6448,-487,178,-60,0
2869.305377960205,8192,7636,11300,-172,-151,133,7172,-7804,11332,-24,97,-201,-13172,3456,7280,-967,103,-93,-13284,-6584,6360,-487,171,-110,0
2869.3392140865326,8172,7440,11056,-193,-88,120,7164,-7956,11256,34,106,-191,-13180,3424,6924,-1036,122,-123,-13272,-6488,6452,-483,200,-82,0
2869.3727090358734,8152,7860,11128,-168,-101,130,7404,-7764,11440,91,96,-191,-13056,3304,7204,-1035,152,-109,-13264,-6492,6340,-457,207,-74,0
2869.4055449962616,8288,7580,11160,-165,-133,128,7156,-7880,11284,1,122,-214,-13116,3424,6940,-975,168,-144,-13332,-6612,6196,-487,213,-50,0
2869.43919301033,8192,7668,11108,-202,-129,148,7228,-7928,11200,-33,136,-195,-13124,3112,7352,-989,135,-142,-13368,-6568,6704,-480,188,-47,0
2869.4729120731354,8300,7608,11160,-189,-119,160,7212,-7780,11536,2,111,-173,-13112,3136,7276,-979,178,-112,-13268,-6500,6304,-470,154,-65,0
2869.5064060688014,8264,7680,10868,-174,-156,148,7272,-7824,11400,19,91,-185,-13172,3400,7136,-1016,145,-81,-13328,-6500,6384,-463,167,-51,0
2869.5399820804596,8412,7492,11060,-199,-139,159,7288,-7824,11280,-15,120,-186,-13256,3404,6976,-1019,147,-80,-13272,-6556,6436,-469,147,-87,0
2869.5734469890594,8248,7564,10860,-177,-79,132,7268,-7808,11368,-15,87,-179,-13192,3460,7068,-1018,142,-77,-13296,-6552,6532,-512,140,-85,0
2869.6067450046535,8220,7644,11016,-196,-105,134,7276,-7804,11404,-35,116,-166,-13164,3288,7264,-1024,100,-49,-13220,-6408,6476,-497,163,-53,0
2869.6399841308594,8236,7556,11108,-172,-126,142,7220,-7856,11312,-12,87,-209,-13292,3384,7192,-1006,131,-111,-13228,-6472,6436,-484,181,-106,0
2869.6735191345215,8144,7568,11220,-179,-149,111,7264,-7888,11200,-26,111,-212,-13148,3088,7124,-998,100,-127,-13352,-6492,6560,-511,189,-97,0
2869.706959962845,8220,7560,11208,-148,-141,136,7396,-7820,11372,-30,120,-211,-13184,3096,7092,-982,133,-110,-13372,-6444,6496,-480,144,-115,0
2869.740488052368,8236,7508,10988,-141,-152,85,7296,-7856,11340,-81,164,-213,-13180,3300,7320,-968,119,-77,-13304,-6472,6428,-459,156,-135,0
2869.7740099430084,8280,7592,11012,-162,-63,83,6920,-7728,11352,-52,146,-194,-13152,3440,7040,-1006,95,-51,-13440,-6520,6280,-472,117,-145,0
2869.8073921203613,8208,7524,11132,-177,-51,30,7196,-7896,11224,-76,174,-155,-13260,3400,7208,-984,34,-55,-13272,-6512,6524,-495,116,-188,0
2869.8410041332245,8268,7572,11096,-154,-53,65,7212,-7772,11276,-12,185,-132,-13092,3312,7048,-1279,25,-82,-13268,-6584,6652,-487,107,-158,0
2869.8747169971466,8024,7640,11068,-126,-27,73,7268,-7716,11488,-34,141,-173,-13180,3416,6924,-1032,87,-19,-13348,-6548,6352,-475,101,-156,0
2869.9078850746155,8132,7592,10988,-161,-17,93,7308,-8064,11488,-46,163,-157,-13108,3344,7028,-975,77,-15,-13076,-6552,6644,-489,112,-128,0
2869.941431045532,8308,7604,11144,-162,-33,115,7144,-7888,11400,-46,146,-162,-13124,3356,7024,-1019,81,-31,-13124,-6504,6432,-452,116,-125,0
2869.9749650955205,8264,7580,11208,-132,-50,108,7252,-7740,11372,-37,159,-136,-13156,3336,7220,-1030,69,-25,-13104,-6588,6480,-457,89,-149,0
2870.0084121227264,8416,7628,11012,-173,-2,74,7420,-7784,11320,-59,123,-166,-13192,3408,7380,-994,52,-54,-13196,-6576,6432,-473,97,-173,0
2870.041656970978,8240,7576,11096,-176,-4,53,7244,-7784,11308,-75,133,-168,-13112,3516,7384,-979,41,-20,-13256,-6572,6416,-506,126,-149,0
2870.0752930641174,8172,7548,11116,-145,-5,93,7192,-7804,11348,-48,140,-168,-13172,3316,7172,-1269,70,-56,-13312,-6568,6604,-486,118,-128,0
2870.108314037323,8152,7552,11076,-147,-30,56,7236,-7812,11424,-46,166,-184,-12816,3484,7172,-1019,90,-91,-13316,-6588,6612,-488,160,-142,0
2870.1417260169983,8244,7628,10872,-158,-34,84,7144,-7908,11288,-62,155,-184,-13160,3468,7252,-982,84,-80,-13288,-6576,6484,-503,144,-132,0
2870.1753690242767,8136,7580,10888,-161,-70,99,7120,-7768,11372,-59,128,-166,-13192,3384,7124,-996,98,-55,-13384,-6508,6500,-496,130,-114,0
2870.2086961269374,8268,7588,11252,-142,-86,89,7252,-7792,11304,-64,145,-177,-13120,3452,7192,-998,73,-44,-13312,-6548,6572,-477,136,-122,0
2870.242193937301,8160,7588,11080,-156,-53,44,7264,-7832,11512,-58,138,-198,-13224,3456,6920,-998,72,-85,-13216,-6524,6440,-467,131,-129,0
2870.278496980667,8232,7648,11052,-155,-26,90,7236,-7712,11336,-54,144,-166,-13084,3368,7136,-982,42,-10,-13328,-6584,6364,-768,124,-158,0
2870.314419031143,8172,7732,11012,-148,-6,83,7224,-7836,11332,-44,135,-146,-13184,3336,7232,-995,72,-28,-13104,-6612,6532,-456,99,-158,0
2870.3501811027527,8092,7672,11200,-163,-20,90,7212,-7772,11360,-34,114,-183,-13084,3412,7220,-1009,107,230,-13324,-6532,6444,-482,103,-118,0
2870.385402917862,8208,7616,11096,-151,-13,79,7212,-7692,11352,-42,131,-152,-13144,3404,7200,-1009,60,-25,-13256,-6620,6368,-758,134,-141,0
2870.4212939739227,8112,7652,11040,-176,-60,109,7364,-7780,11396,-15,149,-169,-13092,3328,7140,-1007,62,-94,-13324,-6664,6496,-518,129,-155,0
2870.45778298378,8164,7624,10936,-132,-35,99,7268,-7736,11436,-86,147,-166,-13200,3580,7184,-960,80,-58,-13296,-6552,6256,-477,123,-173,0
2870.492598056793,7968,7560,11212,-192,-10,56,7256,-7820,11476,-67,156,-192,-13200,3468,7156,-977,54,-96,-13060,-6556,6356,-457,146,-150,0
2870.5277550220494,8240,7588,11000,-165,15,85,6948,-7876,11324,-13,183,-160,-13068,3480,7272,-1280,88,-46,-13280,-6636,6492,-451,128,-116,0
2870.5691859722137,7940,7548,10984,-178,-12,100,7188,-7844,11468,-69,143,-155,-13300,3424,7224,-975,100,-19,-13268,-6584,6164,-480,74,-157,0
2870.6050391197205,8016,7752,11112,-176,-23,76,7260,-7900,11376,-115,130,-147,-13112,3416,7308,-967,78,-82,-13192,-6592,6364,-492,94,-150,0
2870.6402311325073,8032,7624,11088,-122,-34,101,7168,-7872,11256,-64,147,-163,-13156,3424,6932,-977,68,-74,-13284,-6564,6492,-500,175,-116,0
2870.6757159233093,8152,7588,11096,-164,-59,111,7132,-7912,11280,-21,134,-198,-13028,3500,6916,-1059,100,-104,-13124,-6568,6460,-500,152,-127,0
2870.7117919921875,8108,7612,11248,-122,-67,103,7204,-7688,11364,-55,100,-183,-13208,3368,7128,-994,106,-102,-13092,-6532,6416,-508,137,-117,0
2870.747442960739,8060,7912,11188,-165,-58,97,7176,-8108,11440,-41,130,-166,-13140,3400,7228,-1003,76,-49,-13260,-6612,6444,-474,136,-121,0
2870.783427000046,8092,7632,11060,-175,-56,93,7224,-7808,11300,-24,153,-173,-13172,3456,7336,-1015,90,-108,-13076,-6508,6540,-464,152,-121,0
2870.8194119930267,8204,7568,11164,-166,-84,102,7220,-7828,11348,-29,135,-175,-13108,3352,7196,-1279,106,-48,-13276,-6584,6352,-474,142,-141,0
2870.8545320034027,8136,7616,11032,-196,-69,82,7224,-7904,11272,-87,159,-183,-13188,3544,7228,-978,59,-75,-13568,-6584,6532,-491,123,-161,0
2870.889848947525,8196,7700,11128,-178,-55,79,7252,-7684,11380,-69,170,-181,-13108,3404,7244,-980,78,-14,-13216,-6548,6576,-499,154,-123,0
2870.9266080856323,8124,7572,11072,-151,-58,79,7204,-7936,11312,-42,125,-177,-13176,3388,7260,-993,72,-89,-13264,-6504,6516,-505,150,-121,0
2870.960016965866,8076,7600,11080,-184,-49,71,7248,-7684,11268,-17,135,-161,-13160,3428,7136,-997,97,-97,-13272,-6864,6364,-471,146,-128,0
2870.993432998657,8136,7636,11148,-172,-61,81,7196,-7936,11488,-21,158,-183,-13092,3392,7416,-999,119,-72,-13308,-6612,6508,-486,173,-108,0
2871.0273289680486,8160,7664,11212,-157,-70,90,6924,-8084,11512,-33,160,-221,-13292,3424,7316,-996,68,-48,-13372,-6628,6532,-477,140,-115,0
2871.060948133468,7984,7628,11068,-174,-67,104,7408,-7856,11404,-49,139,-199,-13136,3468,7120,-979,96,-70,-13544,-6540,6436,-495,173,-132,0
2871.0943291187286,8160,7660,11200,-165,-50,104,7180,-7856,11324,-38,164,-180,-13168,3424,7296,-1007,105,-118,-13348,-6644,6488,-473,169,-103,0
2871.1275889873505,8116,7656,11068,-187,-61,114,7204,-8096,11428,-35,151,-202,-13156,3368,7040,-1011,113,-70,-13296,-6508,6512,-466,153,-110,0
2871.160567998886,8108,7520,11008,-205,-42,126,7140,-7876,11300,-8,149,-160,-13228,3368,7384,-1008,114,-91,-13220,-6580,6468,-477,141,-92,0
2871.1942510604854,8352,7600,11408,-181,-78,134,7140,-7964,11524,-60,118,-169,-13180,3484,7116,-1017,132,-95,-13260,-6592,6572,-258,148,-82,0
2871.2277240753174,8156,7636,11196,-214,-83,138,7336,-7744,11100,255,111,-168,-13136,3376,7232,-1012,77,-148,-13176,-6712,6364,-500,197,-68,0
2871.2612791061406,8064,7900,11256,-135,-90,120,7208,-7792,11264,-19,158,-173,-13160,3352,7136,-997,94,-78,-13200,-6628,6436,-489,152,-67,0
2871.294745922088,8048,7920,11232,-201,-117,88,7216,-7992,11344,-33,132,-206,-13188,3364,7328,-983,98,-93,-13228,-6520,6508,-497,190,-82,0
2871.3281309604645,8068,7536,11164,-222,-31,124,7144,-7840,11276,8,132,-169,-13172,3480,7364,-1047,125,-86,-13200,-6556,6500,-473,172,-64,0
2871.36172413826,8112,7588,11216,-212,-77,157,7212,-7860,11352,15,129,-154,-13120,3396,7144,-779,127,-104,-13284,-6544,6536,-480,122,-90,0
2871.3948550224304,8172,7656,11100,-221,-64,156,7164,-7900,11400,-46,129,-163,-13200,3440,7384,-975,161,-65,-13272,-6588,6560,-469,91,-80,0
2871.4284319877625,7936,7608,11220,-224,-70,154,7164,-8048,11304,-74,91,-175,-13140,3460,7252,-955,105,-61,-13268,-6496,6624,-522,171,-32,0
2871.4619250297546,8184,7428,11452,-181,-95,154,7260,-7864,11324,23,129,-176,-13168,3384,7408,-1039,128,-107,-13080,-6580,6500,-518,227,-80,0
2871.495409965515,7948,7664,10808,-188,-167,160,7164,-7908,11280,37,114,-213,-12940,3336,6940,-1054,168,-174,-13340,-6464,6452,-487,211,-78,0
2871.5286450386047,8100,7568,11108,-166,-143,140,7284,-7856,11352,255,133,-205,-13180,3340,7288,-1045,190,-155,-13256,-6540,6600,-496,205,-86,0
2871.5623509883885,8348,7924,11036,-195,-127,156,7204,-7824,11388,17,115,-176,-13216,3416,7216,-1035,180,-85,-13544,-6552,6544,-481,194,-60,0
2871.595788002014,7940,7656,11068,-209,-102,141,7180,-7908,11516,7,136,-206,-13256,3516,7136,-1010,136,-128,-13344,-6620,6180,-473,187,-64,0
2871.6289179325104,8100,7636,11184,-208,-111,144,7212,-7780,11096,246,127,-197,-13168,3304,7332,-1013,120,-139,-13340,-6488,6500,-475,187,-76,0
2871.6623799800873,8084,7676,11060,-223,-159,159,6928,-7716,11348,-5,125,-213,-13136,3412,7200,-1025,161,-119,-13308,-6588,6200,-465,170,-88,0
2871.6958010196686,8192,7632,11080,-217,-151,137,7168,-7948,11444,-14,105,-197,-13196,3360,7116,-1011,135,-84,-13304,-6520,6632,-491,196,-86,0
2871.7292449474335,8152,7516,11072,-199,-118,135,7284,-7860,11504,253,136,-198,-13172,3484,7164,-1038,102,-99,-13076,-6588,6508,-465,172,-89,0
2871.7628531455994,7948,7664,11140,-207,-111,130,7196,-7936,11412,9,99,-200,-13284,3404,7236,-1016,124,-136,-13184,-6612,6612,-489,194,-88,0
2871.7965009212494,8140,7624,11256,-204,-108,146,7292,-7804,11308,23,115,-202,-13172,3452,7120,-776,143,-144,-13268,-6544,6464,-481,175,-87,0
2871.830053091049,8256,7556,10808,-184,-146,130,6936,-7876,11328,-4,114,-189,-13128,3392,7280,-1034,161,-113,-13284,-6572,6356,-468,180,-71,0
2871.8635771274567,8432,7652,10768,-197,-135,150,7228,-7884,11304,-255,107,-192,-13196,3384,6984,-1013,171,-114,-13308,-6568,6512,-761,154,-67,0
2871.897038936615,7940,7596,11088,-203,-125,135,7236,-7856,11364,-2,92,-180,-13244,3320,7184,-1020,123,-139,-13252,-6508,6460,-497,162,-107,0
2871.9304370880127,8212,7536,10900,-179,-105,152,7208,-7800,11120,-15,84,-194,-13316,3360,7052,-1007,122,-99,-13544,-6548,6228,-503,160,-94,0
2871.9677979946136,8108,7472,11072,-197,-102,130,7248,-7892,11512,-12,111,-201,-13180,3200,7156,-1004,153,-90,-13232,-6636,6432,-486,145,-122,0
2872.0030739307404,8032,7588,11044,-211,-105,100,7200,-7824,11404,-32,125,-184,-13120,3324,7208,-1000,130,-98,-13544,-6484,6228,-482,166,-94,0
2872.0381550788884,8192,7620,10992,-186,-118,107,7272,-7852,11272,-65,98,-206,-13252,3412,6964,-1000,112,-63,-13344,-6456,6460,-498,136,-132,0
2872.0739409923553,8280,7612,11240,-156,-108,100,7152,-7884,11332,-56,117,-197,-13244,3404,7120,-1018,75,-62,-13272,-6600,6480,-498,125,-163,0
2872.1099071502686,8180,7572,10944,-128,-91,89,7264,-7788,11436,253,159,-167,-13100,3336,7056,-1005,86,-61,-13284,-6600,6432,-491,128,-160,0
2872.1450021266937,8196,7620,10928,-183,-75,62,7192,-7892,11444,-58,188,-156,-13272,3468,6988,-999,63,-49,-13076,-6424,6584,-486,153,-162,0
2872.180647134781,8356,7520,11004,-216,-26,89,7320,-7848,11344,-18,160,-152,-13200,3332,7000,-1015,59,249,-13568,-6512,6424,-478,133,-112,0
2872.215623140335,8288,7584,11028,-139,-41,82,7228,-7812,11660,-36,162,-124,-13224,3464,7212,-1042,55,-44,-13304,-6656,6480,-482,69,-150,0
2872.2517189979553,8164,7692,11076,-191,-21,92,7208,-7844,11484,-72,132,-147,-13160,3368,6976,-983,80,-59,-13484,-6576,6276,-512,43,-176,0
2872.2877559661865,8144,7516,11124,-167,-27,100,7180,-7816,11424,-61,142,-160,-13160,3364,7380,-1001,60,-60,-13208,-6512,6500,-503,129,-120,0
2872.3228430747986,7992,7500,11156,-127,-83,85,7172,-7812,11444,-51,135,-148,-13092,3332,7284,-1032,92,-59,-13336,-6620,6356,-492,146,-143,0
2872.358808040619,8296,7544,11148,-188,-72,124,7240,-7800,11200,-48,182,-168,-13188,3392,7256,-1002,84,-53,-13144,-6564,6172,-497,121,-129,0
2872.393998146057,8168,7636,11244,-154,-65,118,7184,-7800,11384,-80,125,-182,-13192,3408,6912,-976,92,-25,-13344,-6484,6424,-474,129,-122,0
2872.429738998413,8192,7612,11140,-212,-98,92,7388,-7840,11404,-63,126,-181,-13180,3432,7136,-999,74,-63,-13348,-6616,6592,-481,129,-161,0
2872.465533018112,8212,7624,11032,-161,-55,95,7196,-7844,11480,-52,162,-175,-13220,3392,7092,-986,58,-49,-13316,-6592,6384,-500,133,-166,0
2872.5012729167934,8016,7664,11140,-153,-85,71,7416,-7824,11404,-58,137,-187,-13144,3328,7184,-1005,90,-98,-13216,-6516,6560,-492,136,-156,0
2872.5376250743866,8228,7572,11252,-177,-52,80,7312,-7796,11392,-61,139,-187,-13252,3328,6964,-995,82,-73,-13072,-6548,6612,-495,85,-181,0
2872.572551012039,8144,7660,11076,-165,-35,71,7140,-7808,11276,-61,169,-193,-13084,3348,7164,-990,65,-31,-13300,-6492,6476,-501,117,-154,0
2872.608505010605,8096,7632,10852,-170,-50,90,7300,-7876,11348,-28,140,-170,-13216,3440,7180,-1000,71,-36,-13344,-6572,6488,-503,117,-123,0
2872.6418540477753,7984,7616,11112,-156,-40,90,7260,-7868,11112,-43,133,-166,-13076,3412,7340,-987,87,-46,-13320,-6540,6408,-491,118,-131,0
2872.675430059433,8160,7908,11216,-171,-43,99,7124,-7912,11668,-56,121,-186,-13216,3420,7152,-1277,85,-88,-13296,-6536,6416,-459,163,-126,0
2872.708960056305,8256,7628,11168,-176,-69,92,7128,-7820,11332,-34,129,-181,-13144,3424,7392,-1022,67,-97,-13284,-6512,6476,-486,128,-139,0
2872.742465019226,8328,7604,11240,-150,-66,93,7188,-7856,11316,-35,160,-183,-13212,3472,7320,-981,91,-66,-13240,-6464,6464,-511,144,-145,0
2872.7756791114807,8124,7608,11064,-184,-60,86,7024,-8132,11444,-34,132,-201,-13260,3412,7204,-1002,70,-63,-13312,-6652,6424,-443,157,-145,0
2872.8092651367188,8204,7552,11116,-159,-84,58,7256,-7848,11016,-61,159,-193,-13196,3344,7284,-1003,71,-74,-13552,-6508,6560,-470,133,-121,0
2872.8428909778595,8192,7620,11156,-172,-81,129,7220,-7912,11320,-51,159,-156,-13080,3476,7056,-984,84,-58,-13288,-6584,6564,-498,117,-135,0
2872.8764870166774,8136,7560,11056,-189,-73,97,7220,-7704,11376,-63,173,-140,-13264,3436,7044,-983,85,-87,-13244,-6632,6532,-473,102,-131,0
2872.9098660945892,8232,7716,10988,-182,-35,84,7096,-7820,11440,-19,117,-169,-13208,3280,7204,-1021,87,-18,-13240,-6592,6392,-492,127,-127,0
2872.943411111832,8284,7724,10988,-116,-52,87,7404,-7820,11412,-103,140,-185,-13180,3388,7224,-999,69,-34,-13124,-6552,6516,-504,135,-125,0
2872.9770491123204,8128,7628,10768,-167,-42,77,7184,-7840,11400,-44,145,-162,-13064,3480,7136,-959,89,-57,-13208,-6524,6484,-492,144,-101,0
2873.0107920169826,8128,7468,11164,-171,-38,110,7300,-7792,11492,-19,143,-162,-13236,3480,7260,-1030,83,-38,-13060,-6596,6520,-448,130,-129,0
2873.0443530082703,8424,7624,11168,-162,-19,110,7240,-7940,11384,-34,141,-133,-13128,3448,7184,-1006,84,-41,-13232,-6612,6144,-457,83,-128,0
2873.0779139995575,8124,7664,11032,-197,-30,86,7204,-7880,11316,-81,138,-172,-13092,3392,7052,-995,115,-55,-13196,-6904,6468,-484,117,-121,0
2873.1115190982814,8168,7628,11208,-159,-43,80,7128,-7948,11416,-74,158,-167,-13124,3328,7324,-990,64,-92,-13280,-6572,6468,-501,158,-119,0
2873.14466714859,8356,7652,11080,-137,-52,77,7212,-7836,11284,-39,150,-190,-13156,3364,7172,-1002,131,-138,-13292,-6604,6644,-490,165,-136,0
2873.1782641410828,8120,7428,10768,-163,-72,102,7196,-7916,11376,-25,143,-200,-13008,3448,7364,-1034,102,-138,-13124,-6648,6420,-506,173,-135,0
2873.211920976639,8268,7508,11200,-178,-107,99,7124,-7920,11376,-23,141,-202,-13088,3504,7124,-999,104,-95,-13220,-6584,6564,-481,168,-121,0
2873.2454860210414,8128,7604,11100,-174,-66,101,7204,-7980,11276,-14,166,-182,-13176,3332,7136,-960,86,-73,-13332,-6688,6508,-493,154,-123,0
2873.2791330814366,8192,7608,11132,-157,-77,92,7232,-7796,11296,-28,158,-165,-13312,3408,7284,-1008,95,-49,-13260,-6408,6480,-482,157,-123,0
2873.3126039505005,8148,7612,11248,-160,-54,101,7056,-8100,11100,-41,128,-186,-13104,3380,7088,-1013,123,-91,-13300,-6616,6388,-471,144,-104,0
2873.3464329242706,8156,7608,10884,-175,-104,93,7004,-7848,11408,-42,147,-199,-13156,3376,7224,-997,88,-106,-13364,-6548,6564,-498,146,-164,0
2873.3799390792847,8112,7624,11012,-165,-44,70,7168,-7928,11012,-78,156,-168,-13220,3468,7336,-989,90,-56,-13296,-6620,6464,-475,123,-150,0
2873.4136650562286,8200,7584,11048,-161,-59,88,7252,-7908,11408,-15,147,-171,-12816,3492,7112,-1002,97,-91,-13268,-6572,6516,-472,158,-110,0
2873.4473531246185,8176,7584,11172,-168,-29,111,7204,-7924,11032,-29,177,-175,-13100,3380,7036,-997,55,-81,-13232,-6552,6528,-463,140,-129,0
2873.480982065201,8060,7932,11044,-196,-49,83,7164,-7788,11300,-31,155,-196,-13164,3496,7416,-993,106,-67,-13284,-6576,6580,-475,171,-93,0
2873.514636993408,7944,7672,11016,-198,-84,99,7220,-7884,11300,-18,161,-197,-13168,3316,7248,-1004,123,-88,-13368,-6540,6500,-475,179,-87,0
2873.5481090545654,8052,7628,11184,-219,-114,127,7168,-7984,11452,-39,150,-200,-13124,3336,7092,-991,86,-147,-13408,-6604,6444,-476,192,-76,0
2873.5818130970006,8208,7676,11232,-193,-116,119,7308,-7884,11516,-23,149,-209,-13164,3508,7316,-982,107,-138,-13328,-6616,6420,-471,186,-107,0
2873.6150839328766,8100,7628,11164,-205,-110,120,7116,-7920,11300,-40,115,-213,-13124,3428,6928,-1273,117,-94,-13204,-6608,6448,-492,188,-74,0
2873.6517341136932,8120,7664,11092,-220,-92,141,7244,-7864,11368,-8,165,-184,-13124,3360,7296,-999,144,-112,-13352,-6588,6492,-473,177,-67,0
2873.687679052353,8416,7552,10836,-194,-99,158,7244,-7892,11116,-13,139,-157,-13152,3492,7184,-1036,119,-63,-13288,-6584,6592,-753,149,-81,0
2873.7226901054382,8120,7612,11116,-210,-86,141,7204,-7980,11332,3,127,-168,-13180,3416,7108,-1053,120,-139,-13236,-6564,6312,-499,185,-92,0
2873.7581419944763,8192,7700,11080,-218,-82,142,7164,-7796,11336,50,96,-181,-13140,3400,7252,-1048,140,-89,-13160,-6532,6372,-500,188,-79,0
2873.7933640480046,8144,7736,11228,-181,-111,155,7128,-7924,11372,-4,147,-221,-13188,3372,7276,-1050,137,-150,-13332,-6512,6516,-460,197,-58,0
2873.828850030899,8180,7548,11032,-234,-92,139,6924,-7812,11092,45,152,-205,-13176,3376,7004,-1013,151,-102,-13316,-6496,6492,-459,219,-78,0
2873.864347934723,8180,7592,11164,-205,-110,164,7156,-7788,11304,11,117,-168,-13216,3408,7120,-769,154,-127,-13276,-6588,6448,-472,148,-91,0
2873.899733066559,8152,7544,11064,-221,-108,147,7276,-7840,11432,-17,131,-171,-13144,3304,7232,-1017,140,-76,-13288,-6664,6516,-470,120,-80,0
2873.9349291324615,8416,7604,10984,-227,-84,137,7116,-7864,11268,-47,158,-156,-13312,3464,7084,-984,103,-121,-13348,-6552,6520,-762,166,-85,0
2873.9704570770264,8284,7604,11048,-188,-100,158,7208,-7904,11472,-21,106,-210,-13292,3568,7100,-780,140,-91,-13220,-6912,6476,-257,203,-94,0
2874.0056800842285,8120,7488,11008,-184,-162,150,7144,-7860,11288,49,124,-235,-13252,3360,7252,-1073,174,-121,-13344,-6540,6408,-493,230,-58,0
2874.0409049987793,8372,7488,11108,-170,-149,168,6952,-7832,11208,-31,99,-213,-13144,3348,7248,-1030,172,-116,-13240,-6632,6500,-477,196,-46,0
2874.0762300491333,8124,7656,11136,-176,-150,146,7316,-7768,11416,-10,108,-192,-13172,3428,7140,-992,177,-112,-13448,-6472,6480,-496,175,-53,0
2874.112862110138,8208,7512,11020,-205,-125,181,7312,-7840,11276,-6,142,-204,-13180,3456,7080,-1041,146,-127,-13340,-6496,6580,-497,196,-69,0
2874.1486661434174,8180,7488,11172,-186,-105,166,7420,-8088,11364,12,96,-199,-13240,3392,7100,-1050,143,-118,-13356,-6632,6436,-464,164,-93,0
2874.183294057846,8164,7556,11068,-195,-128,153,7252,-7780,11340,-23,80,-177,-13204,3360,6912,-1013,135,-114,-13292,-6508,6412,-496,123,-78,0
2874.219381093979,8248,7544,11072,-184,-119,116,7196,-7788,11340,-57,95,-167,-13212,3424,7076,-1004,151,-49,-13240,-6408,6448,-517,106,-104,0
2874.254068136215,8148,7544,11076,-200,-122,131,7232,-7932,11288,17,100,-175,-13152,3324,7032,-1037,118,-74,-13260,-6504,6416,-488,145,-78,0
2874.290183067322,7992,7572,10972,-188,-90,154,7040,-7832,11280,-252,91,-208,-12892,3292,7012,-1024,165,-146,-13308,-6616,6468,-448,182,-70,0
2874.3237459659576,8288,7536,11232,-190,-171,122,7248,-7868,11272,-39,88,-227,-13224,3424,7272,-999,130,-96,-13340,-6528,6488,-475,147,-115,0
2874.3573999404907,8312,7456,10992,-145,-117,116,7336,-7852,11488,-130,117,-192,-13264,3260,7116,-951,78,-62,-13504,-6504,6364,-516,91,-153,0
2874.390779018402,8256,7464,11084,-155,-98,106,7316,-7752,11044,-38,124,-157,-13240,3400,7124,-1025,133,-35,-13116,-6644,6588,-464,134,-163,0
2874.4243011474614,8300,7560,11024,-181,-14,78,7288,-7796,11272,-30,164,-147,-13132,3400,7124,-1018,88,-64,-13332,-6560,6636,-435,130,-139,0
2874.4578499794,8256,7516,11008,-198,-16,79,7196,-7812,11336,-44,170,-153,-13212,3456,7340,-1013,87,-69,-13128,-6540,6524,-765,81,-156,0
2874.491322994232,8296,7556,11160,-154,-33,68,7200,-7844,11472,-35,137,-160,-13152,3432,7080,-778,87,-32,-13248,-6588,6512,-767,119,-159,0
2874.5249531269073,8372,7620,10776,-163,-33,68,7272,-7820,11500,-62,161,-170,-13176,3348,7168,-997,65,-58,-13280,-6544,6432,-481,128,-150,0
2874.558568954468,8260,7576,11132,-170,-50,71,6948,-7932,11440,-31,163,-190,-13192,3516,6960,-993,91,-93,-13324,-6504,6384,-487,155,-158,0
2874.5921030044556,8224,7524,11160,-171,-87,93,7160,-7876,11364,-53,135,-183,-13132,3420,7280,-1007,66,-72,-13280,-6512,6564,-506,142,-121,0
2874.6257700920105,8408,7556,11152,-169,-47,71,7252,-7876,11232,-63,160,-163,-13164,3288,7128,-967,127,-77,-13292,-6540,6532,-458,100,-156,0
2874.658751010895,8188,7580,11040,-159,-33,93,7216,-7840,11340,-47,132,-172,-13188,3412,7324,-995,81,-42,-13512,-6432,6512,-458,104,-132,0
2874.691919088364,8224,7628,11104,-168,-59,57,7168,-7860,11416,-113,174,-161,-13180,3420,7408,-980,31,-27,-13316,-6516,6468,-512,99,-168,0
2874.725835084915,8288,7508,11064,-144,-62,48,7304,-7884,11540,-48,140,-149,-13212,3404,7196,-1008,37,-45,-13132,-6548,6460,-760,96,-142,0
2874.7594559192657,8208,7428,11028,-114,-18,80,7208,-7744,11348,-33,156,-154,-13152,3344,7164,-1001,80,-52,-13524,-6652,6152,-467,107,-144,0
2874.7929580211644,8232,7556,11188,-129,-31,75,7316,-7812,11488,-59,144,-178,-13216,3292,7156,-1015,75,-14,-13328,-6460,6636,-496,144,-148,0
2874.826504945755,8304,7584,11148,-178,-69,103,7208,-7908,11296,-22,129,-171,-13096,3444,7080,-967,61,-33,-13536,-6548,6456,-475,145,-142,0
2874.8599259853363,8296,7572,11244,-149,-52,101,7244,-7884,11356,-59,151,-164,-13188,3260,7412,-986,109,-39,-13312,-6588,6400,-465,112,-147,0
2874.8933489322662,8288,7648,11224,-127,-31,108,7400,-7816,11056,-80,127,-152,-13208,3464,7224,-977,96,-35,-13060,-6576,6472,-468,84,-173,0
2874.926681995392,8156,7664,11188,-140,-21,64,6932,-7808,11460,-61,143,-156,-13056,3464,7008,-997,91,-58,-13184,-6504,6584,-486,98,-135,0
2874.9602041244507,8116,7616,11120,-142,-28,98,7248,-7904,11380,-37,142,-149,-13224,3388,7172,-777,50,-44,-13504,-6512,6524,-476,128,-178,0
2874.9939291477203,8136,7640,11176,-140,-31,46,7216,-7848,11332,-44,162,-170,-13108,3360,7176,-994,83,-86,-13220,-6572,6508,-472,150,-115,0
2875.0274090766907,8156,7672,10980,-147,-42,72,7080,-7844,11420,-59,142,-199,-13136,3556,7264,-1008,77,-75,-13284,-6572,6620,-479,148,-149,0
2875.0610179901123,8052,7592,11136,-152,-84,100,7216,-7840,11356,-35,153,-198,-13128,3420,6960,-1003,116,-112,-13256,-6556,6532,-458,166,-110,0
2875.0944249629974,8208,7560,10940,-157,-64,95,7264,-7768,11420,-41,131,-173,-13188,3376,7112,-996,83,-84,-13264,-6652,6540,-476,139,-109,0
2875.127902984619,8228,7644,11080,-150,-73,108,7296,-7948,11312,-65,149,-199,-13100,3328,7192,-953,98,-76,-13260,-6508,6396,-485,145,-161,0
2875.1611909866333,8232,7624,11188,-159,-59,103,7200,-7820,11348,-33,114,-177,-13192,3404,7000,-1018,74,-87,-13384,-6560,6500,-520,111,-153,0
2875.1947691440582,8240,7640,11060,-138,-46,103,7216,-7812,11384,-37,138,-153,-13140,3364,7188,-1017,87,-65,-13232,-6580,6408,-471,128,-135,0
2875.2280530929565,8240,7580,11024,-176,-28,105,7304,-7772,11296,-55,164,-175,-13096,3460,7316,-995,94,-81,-13144,-6432,6220,-482,143,-154,0
2875.2615900039673,8160,7668,11140,-146,-45,105,7224,-7864,11332,-40,116,-171,-13200,3424,7228,-973,96,-36,-13176,-6532,6480,-490,94,-127,0
2875.2949619293213,8192,7608,11008,-153,-58,109,7284,-7824,11376,-52,137,-160,-13068,3448,7180,-1036,101,-63,-13224,-6600,6340,-460,154,-140,0
2875.331607103348,8132,7568,10920,-196,-76,114,7180,-7732,11500,-14,104,-144,-13092,3448,7060,-1006,74,-57,-13336,-6572,6420,-490,115,-98,0
2875.3675670623775,8336,7764,11072,-144,-32,104,7224,-7788,11312,-78,123,-174,-13212,3344,7160,-1007,83,-45,-13372,-6504,6184,-490,120,-148,0
2875.402256965637,8228,7556,10964,-190,-10,64,7132,-7824,11308,-49,131,-158,-13232,3408,6964,-978,85,-65,-13176,-6500,6352,-459,158,-122,0
2875.4380581378937,8140,7564,11216,-172,-30,110,7184,-7900,11264,-26,141,-143,-13072,3472,7384,-1015,94,-25,-13192,-6572,6504,-493,113,-120,0
2875.473685979843,8388,7560,11092,-173,-38,104,7060,-7876,11480,-53,128,-146,-13112,3496,7120,-1012,107,-38,-13324,-6552,6464,-467,63,-134,0
2875.5092849731445,8408,7560,11212,-178,-33,56,7148,-7848,11348,-86,109,-180,-13184,3424,6984,-952,75,-15,-13304,-6660,6488,-486,124,-153,0
2875.5443940162654,8336,7612,11136,-129,-37,99,7216,-7912,11372,-51,137,-163,-13212,3380,7336,-1001,89,-86,-13384,-6516,6444,-501,178,-109,0
2875.582708120346,7968,7620,10832,-140,-43,121,6912,-7868,11336,14,119,-180,-13060,3088,7376,-1018,93,-82,-13268,-6552,6460,-491,192,-125,0
2875.6188950538635,8072,7664,10960,-136,-101,97,7168,-7816,11356,-42,151,-200,-13132,3600,7084,-1014,110,-119,-13364,-6432,6596,-473,175,-137,0
2875.6533520221706,8028,7616,11268,-183,-57,112,7208,-7808,11276,-5,122,-208,-13128,3376,7312,-1273,82,-52,-13252,-6588,6536,-470,148,-97,0
2875.6886360645294,8216,7572,11184,-188,-59,119,7212,-7948,11396,-3,163,-174,-13148,3352,7104,-987,110,-113,-13272,-6708,6628,-490,162,-142,0
2875.7236750125885,8148,7644,11032,-179,-82,138,7140,-7840,11380,-9,161,-187,-13144,3428,7052,-1029,103,-99,-13284,-6672,6524,-487,180,-108,0
2875.7596459388733,8132,7608,11152,-196,-110,112,7184,-7844,11360,-16,133,-197,-13124,3472,7268,-991,86,-134,-13348,-6412,6560,-469,186,-75,0
2875.7945580482483,7940,7696,11456,-180,-104,112,7232,-7836,11344,-62,126,-221,-13152,3476,7376,-1012,150,-93,-13516,-6560,6492,-479,207,-96,0
2875.830656051636,8212,7916,11200,-207,-112,124,7232,-7792,11276,-10,125,-189,-13208,3432,7272,-983,104,-110,-13296,-6592,6400,-498,170,-76,0
2875.8656809329987,8160,7448,11080,-205,-58,154,7160,-7824,11160,-29,146,-185,-13100,3388,7156,-1033,136,-89,-13252,-6560,6480,-477,191,-61,0
2875.901202917099,8200,7576,11184,-232,-86,158,7128,-7836,11340,14,114,-182,-13180,3372,7132,-1032,138,-99,-13252,-6572,6392,-503,200,-62,0
2875.9361951351166,8128,7640,11024,-203,-102,160,7212,-7864,11264,-7,130,-195,-13100,3164,7420,-781,163,-148,-13384,-6608,6496,-490,184,-61,0
2875.9729459285736,8236,7568,11072,-189,-116,153,7316,-7780,11384,-12,121,-209,-13256,3344,7108,-780,180,-170,-13368,-6500,6468,-490,214,-44,0
2876.0067000389095,8116,7612,11076,-177,-140,141,7252,-7868,11396,-10,149,-208,-13208,3388,7276,-1268,171,-106,-13352,-6628,6492,-485,222,-78,0
2876.040219068527,8268,7656,11024,-206,-122,158,7212,-7804,11208,-11,117,-226,-13152,3424,7304,-996,145,-70,-13080,-6548,6444,-474,186,-54,0
2876.0738120079045,8440,7424,11232,-191,-113,159,7216,-7820,11356,-25,139,-177,-13216,3508,7300,-1277,113,-111,-13428,-6560,6228,-492,155,-69,0
2876.107376098633,8156,7580,11000,-214,-116,154,7192,-7812,11404,-9,96,-180,-13224,3376,7016,-1274,129,-129,-13240,-6496,6564,-479,142,-106,0
2876.140762090683,8376,7632,11016,-178,-64,133,7176,-7768,11520,37,118,-195,-13204,3376,7132,-1027,150,-97,-13548,-6592,6464,-451,135,-92,0
2876.1743500232697,8232,7536,11108,-174,-148,122,7116,-7900,11324,-11,119,-203,-13072,3424,6988,-979,155,-147,-13520,-6524,6456,-486,206,-73,0
2876.208673000336,8432,7516,11116,-238,-118,135,7328,-7836,11356,29,137,-202,-13120,3464,7216,-1031,149,-109,-13232,-6436,6296,-466,192,-81,0
2876.242805957794,8208,7596,11032,-151,-144,174,7272,-7764,11332,15,118,-181,-13200,3072,7180,-985,118,-74,-13324,-6596,6176,-763,142,-73,0
2876.27645111084,8096,7588,11056,-204,-97,174,7176,-7756,11444,-28,91,-160,-13148,3372,7404,-984,143,-75,-13232,-6640,6504,-465,116,-98,0
2876.3097910881042,8176,7572,11080,-199,-126,147,7188,-7932,11396,-45,109,-210,-13220,3280,7396,-1005,121,-116,-13220,-6636,6316,-498,165,-69,0
2876.3433921337128,8272,7596,11096,-151,-139,127,7276,-8164,11408,-256,109,-206,-13060,3412,7232,-974,108,-114,-13216,-6544,6456,-505,197,-92,0
2876.377097129822,8192,7604,11016,-191,-128,141,7132,-7828,11384,46,162,-186,-13056,3276,7080,-1025,143,-146,-13300,-6584,6384,-475,196,-85,0
2876.410331964493,7976,7508,11088,-171,-160,143,7184,-7788,11276,-256,98,-211,-13128,3360,7308,-998,146,-81,-13332,-6420,6484,-455,188,-79,0
2876.4438841342926,8240,7584,10924,-190,-124,137,7264,-7896,11352,-5,111,-205,-13260,3428,7196,-995,156,-78,-13280,-6564,6452,-500,177,-64,0
2876.4774041175842,8228,7564,11144,-217,-120,129,7272,-7860,11276,-16,155,-214,-13232,3580,7248,-989,154,-135,-13388,-6532,6400,-483,159,-100,0
2876.5108439922333,8328,7640,11056,-173,-154,121,7180,-7764,11332,-7,114,-199,-13136,3292,7076,-997,136,-120,-13176,-6604,6588,-462,168,-125,0
2876.5441701412205,8296,7528,10752,-172,-102,88,7288,-7848,11320,-57,121,-197,-13188,3244,7172,-978,105,-60,-13304,-6604,6552,-486,112,-162,0
2876.5777740478516,8264,7548,11208,-153,-61,85,7404,-7780,11408,-47,161,-177,-13100,3328,7136,-999,88,-43,-13284,-6504,6496,-493,112,-156,0
2876.611237049103,8268,7632,11232,-151,-58,67,7244,-7860,11352,-29,155,-166,-13196,3332,7308,-985,84,-87,-13364,-6536,6272,-466,111,-140,0
2876.644423007965,8236,7592,11220,-158,-30,76,7192,-7808,11268,7,155,-164,-13264,3440,7092,-1011,88,-47,-13292,-6524,6460,-475,138,-119,0
2876.6800389289856,8344,7592,11008,-190,-68,90,7208,-7816,11404,-38,145,-184,-13188,3456,7164,-1020,98,-29,-13228,-6512,6472,-523,143,-163,0
2876.7133181095123,8208,7560,10768,-146,-75,91,7224,-7816,11396,-69,142,-184,-13120,3360,7168,-1009,71,-55,-13268,-6524,6628,-531,97,-149,0
2876.747017145157,8208,7660,10812,-140,-70,78,7220,-7788,11432,-45,153,-185,-13164,3396,7008,-988,72,-85,-13208,-6544,6168,-487,143,-148,0
2876.780319929123,8428,7504,10808,-138,-52,79,6964,-7892,11376,-38,162,-183,-13252,3360,7224,-1014,82,-38,-13192,-6572,6504,-455,136,-137,0
2876.813804149628,8028,7504,11200,-173,-40,40,6984,-7868,11512,-17,151,-171,-13156,3484,7204,-984,70,-19,-13160,-6608,6552,-477,85,-156,0
2876.847408056259,8252,7596,11000,-165,-20,70,7184,-7828,11476,-93,154,-142,-13252,3392,7316,-999,54,-13,-13276,-6472,6416,-512,78,-150,0
2876.880938053131,8300,7600,11132,-181,-15,79,7188,-7836,11444,-36,129,-152,-13200,3428,7084,-998,48,-51,-13260,-6576,6424,-489,93,-159,0
2876.914384126663,8256,7580,11108,-120,-17,89,7216,-7744,11508,-37,148,-163,-13200,3136,7096,-998,51,-50,-13340,-6596,6372,-495,90,-143,0
2876.9479360580444,8220,7544,11028,-127,-40,55,7184,-7932,11464,-45,152,-194,-13100,3376,7060,-981,62,-35,-13372,-6444,6496,-491,150,-160,0
2876.981467962265,8252,7512,10972,-152,-46,89,7152,-7904,11364,-33,183,-165,-13184,3384,7244,-1001,75,-45,-13092,-6504,6212,-462,119,-159,0
2877.0189509391785,8164,7572,11104,-137,-23,78,7204,-7832,11280,-29,129,-144,-13168,3440,7400,-1015,49,-69,-13336,-6576,6584,-466,75,-164,0
2877.054347038269,8156,7692,11008,-160,14,66,6920,-7848,11388,-71,145,-152,-13140,3468,7408,-974,82,-5,-13308,-6588,6384,-480,73,-153,0
2877.0902431011204,8336,7668,11040,-157,-33,83,7352,-7876,11372,-107,169,-148,-13244,3404,7416,-941,63,-49,-13132,-6568,6356,-485,104,-157,0
2877.125205039978,8160,7552,11204,-138,-43,83,7184,-7952,11412,-51,138,-173,-13140,3376,7260,-1007,74,-83,-13268,-6636,6452,-485,141,-115,0
2877.161155939102,8152,7908,11164,-147,-59,91,7172,-7908,11420,-30,127,-173,-13016,3116,7360,-985,86,-78,-13172,-6568,6400,-499,181,-133,0
2877.1970679759975,8280,7680,11068,-157,-106,97,7020,-7852,11336,-59,141,-199,-13152,3424,7104,-980,108,-88,-13560,-6568,6592,-480,145,-133,0
2877.232416152954,8108,7664,11036,-183,-47,76,7248,-7848,11652,-47,165,-189,-13268,3436,6972,-979,90,-21,-13244,-6576,6392,-471,145,-161,0
2877.267564058304,8080,7752,10768,-156,-50,90,7268,-7816,11476,-41,169,-180,-13324,3480,7220,-973,93,-84,-13392,-6684,6348,-462,173,-138,0
2877.3031849861145,8244,7668,11048,-169,-48,94,6996,-7868,11192,-34,112,-177,-13144,3384,7272,-1008,82,-57,-13296,-6884,6528,-470,125,-122,0
2877.3393170833588,8220,7612,11236,-146,-46,76,7236,-7792,11028,-77,138,-168,-13216,3372,7124,-965,69,-32,-13272,-6608,6436,-476,81,-128,0
2877.3744080066685,8268,7452,10988,-142,-33,58,7220,-7876,11292,-59,146,-190,-13144,3412,7100,-1008,97,-47,-13200,-6592,6468,-482,129,-154,0
2877.4098579883575,8268,7640,11216,-144,-27,110,7420,-7860,11308,-22,95,-173,-13100,3552,7104,-1003,95,-71,-13260,-6624,6432,-477,138,-126,0
2877.444916009903,8152,7428,11024,-168,-80,76,7188,-7816,11376,-25,131,-180,-13196,3496,7004,-1002,84,-78,-13144,-6540,6620,-504,136,-135,0
2877.480710029602,8184,7572,11168,-148,-81,101,7188,-7804,11088,-11,141,-205,-13096,3436,7304,-1002,109,-56,-13244,-6524,6388,-487,138,-158,0
2877.5171089172363,8180,7888,11108,-142,-55,83,7240,-7932,11300,-48,152,-173,-13192,3388,7356,-1004,92,-84,-13308,-6636,6468,-493,154,-114,0
2877.552546977997,8440,7572,11296,-154,-68,101,7212,-7788,11400,-39,151,-177,-13224,3412,6936,-1003,112,-53,-13312,-6528,6448,-485,165,-148,0
2877.5879850387573,8164,7596,11104,-180,-48,78,7260,-7888,11432,-13,156,-161,-13160,3388,7200,-984,86,-29,-13264,-6512,6552,-476,148,-115,0
2877.623904943466,8252,7692,11188,-168,-47,108,7240,-7868,11256,-45,151,-167,-13180,3448,7364,-1024,115,-76,-13236,-6576,6512,-501,118,-101,0
2877.6595339775085,8152,7580,11088,-167,-60,99,7324,-7880,11352,-13,134,-179,-13212,3500,7376,-1015,82,-70,-13320,-6568,6480,-525,124,-108,0
2877.693146944046,8388,7760,11088,-158,-37,102,7192,-7884,11440,250,127,-151,-13180,3448,7384,-1043,82,-88,-13204,-6636,6476,-762,140,-101,0
2877.7269279956818,8116,7452,11252,-137,-44,95,7240,-7848,11264,-40,139,-169,-13060,3376,7212,-976,69,-58,-13260,-6556,6544,-480,122,-168,0
2877.7602140903473,7948,7584,11200,-151,-38,87,7236,-7912,11480,-44,126,-185,-13104,3372,6992,-1008,107,-39,-13200,-6496,6644,-489,154,-145,0
2877.7938129901886,7996,7612,11064,-141,-15,113,7208,-7824,11364,10,145,-158,-13164,3484,7036,-1056,72,-69,-13312,-6512,6540,-479,134,-129,0
2877.8271939754486,7964,7836,11132,-137,-25,111,7284,-7880,11336,-43,147,-160,-13244,3172,7360,-1002,115,-63,-13260,-6852,6564,-469,100,-165,0
2877.8608169555664,8156,7656,11136,-176,-46,101,7156,-7852,11384,-69,115,-157,-13192,3392,7276,-962,96,-55,-13144,-6612,6428,-463,107,-153,0
2877.89403796196,8148,7644,11260,-156,-22,92,7216,-8016,11292,-62,168,-161,-12956,3372,7360,-993,76,-37,-13104,-6580,6404,-485,142,-108,0
2877.9274909496307,8360,7460,11244,-161,-39,92,7184,-7904,11352,-9,160,-183,-13060,3344,7220,-1035,115,-96,-13240,-6544,6600,-502,188,-103,0
2877.9610710144043,8056,7444,11124,-166,-64,126,7156,-7860,11388,21,120,-193,-13284,3452,7396,-1052,112,-106,-13264,-6584,6568,-508,177,-101,0
2877.9948909282684,8144,7692,11084,-157,-103,152,7228,-7956,11332,-20,116,-188,-13140,3468,7168,-995,110,-89,-13256,-6556,6468,-488,182,-78,0
2878.0279870033264,8172,7928,11080,-191,-87,164,7236,-7780,11068,-18,132,-193,-13244,3452,7276,-1026,97,-83,-13248,-6496,6448,-487,155,-64,0
2878.0616710186005,8092,7612,11108,-202,-93,138,7088,-7776,11460,-20,156,-174,-13204,3432,7356,-1007,113,-82,-13276,-6624,6512,-473,176,-84,0
2878.0953929424286,8088,7728,11100,-223,-88,144,7272,-7904,11388,-29,133,-167,-13068,3336,7260,-1041,129,-83,-13228,-6572,6500,-484,188,-76,0
2878.1286749839783,8152,7696,11016,-227,-78,136,6988,-8108,11224,-8,137,-194,-13180,3412,7160,-1016,111,-119,-13200,-6680,6524,-473,200,-70,0
2878.16205906868,8152,7672,10984,-219,-72,119,7392,-7868,11208,-6,151,-202,-13232,3408,7204,-1275,106,-109,-13308,-6640,6452,-485,192,-104,0
2878.1954960823055,8108,7680,11136,-200,-76,135,7244,-7856,11280,39,151,-176,-13044,3384,7096,-1038,109,-133,-13224,-6600,6524,-469,195,-61,0
2878.2291469573975,8120,7644,11196,-213,-137,161,7236,-7888,11412,13,135,-188,-13160,3380,7344,-1005,141,-143,-13268,-6580,6616,-490,208,-82,0
2878.262480020523,8204,7620,10992,-217,-131,183,7208,-7888,11352,13,116,-214,-13084,3280,7408,-769,174,-140,-13404,-6576,6536,-467,195,-58,0
2878.2960519790654,8056,7872,11248,-185,-158,185,7232,-7796,11432,39,109,-204,-13180,3348,7092,-1029,179,-132,-13260,-6600,6624,-476,202,-91,0
2878.3298511505127,8144,7612,11048,-186,-131,153,7040,-7784,11308,-248,147,-179,-13120,3320,7260,-1005,149,-74,-13244,-6500,6392,-474,158,-77,0
2878.363265037536,7996,7592,10796,-177,-136,146,7168,-7868,11424,-19,89,-170,-13184,3380,7280,-1277,156,-85,-13388,-6540,6416,-480,169,-52,0
2878.3966450691223,8076,7568,11072,-197,-115,144,7220,-7752,11428,3,106,-198,-13176,3560,7416,-1279,142,-138,-13536,-6612,6572,-478,197,-85,0
2878.4300220012665,8248,7636,11128,-207,-120,142,6952,-7808,11560,22,158,-189,-12816,3376,7220,-994,139,-129,-13364,-6584,6632,-470,172,-73,0
2878.4637200832367,8300,7580,11084,-208,-140,166,7280,-7868,11224,10,117,-195,-13192,3488,7144,-1276,157,-118,-13312,-6548,6484,-494,195,-72,0
2878.4973390102386,8196,7584,11060,-245,-152,144,7256,-7908,11440,14,62,-191,-13176,3332,7212,-1031,128,-108,-13200,-6528,6492,-485,172,-115,0
2878.5311291217804,8156,7612,11124,-177,-113,146,7400,-7828,11392,254,88,-224,-13140,3296,7176,-1012,107,-65,-13552,-6460,6396,-466,144,-58,0
2878.5647571086884,8180,7664,10752,-197,-181,121,7244,-7868,11360,-2,131,-247,-13212,3420,7112,-1040,122,-143,-13388,-6416,6508,-482,215,-104,0
2878.5979900360107,8172,7564,11044,-220,-133,174,7180,-7940,11328,12,106,-190,-13128,3344,7044,-1013,148,-136,-13312,-6480,6360,-472,160,-74,0
2878.6315109729767,8300,7576,11036,-186,-133,181,7420,-7812,11348,38,96,-155,-13196,3216,7188,-1051,132,-59,-13352,-6628,6268,-478,120,-71,0
2878.6646490097046,8236,7584,11080,-228,-101,152,6972,-7864,11364,-29,112,-160,-13148,3256,7108,-1019,146,-48,-13308,-6500,6272,-497,125,-104,0
2878.701837062836,8152,7596,11080,-206,-112,119,7224,-7804,11424,-14,103,-193,-13236,3088,7148,-985,99,-59,-13180,-6572,6512,-510,153,-85,0
2878.7382140159607,7968,7632,10768,-187,-132,150,7176,-7748,11456,-252,98,-188,-13288,3364,7196,-993,104,-133,-13224,-6484,6392,-481,204,-100,0
2878.773303985596,7948,7592,11220,-186,-164,154,7252,-7820,11348,35,113,-241,-12812,3108,7080,-1055,148,-120,-13524,-6508,6548,-486,191,-59,0
2878.8087210655212,8276,7544,11196,-186,-157,142,7284,-7752,11268,-33,111,-220,-13184,3364,7084,-971,126,-67,-13524,-6520,6252,-462,161,-126,0
2878.8439090251923,8292,7532,11104,-198,-125,108,7256,-7828,11456,-52,83,-217,-13168,3400,7176,-970,131,-92,-13244,-6464,6436,-486,118,-96,0
2878.879212141037,8216,7512,10984,-147,-95,90,7324,-7892,11336,-92,152,-162,-13184,3568,7224,-983,77,-32,-13368,-6656,6532,-488,125,-147,0
2878.914505004883,8216,7528,11024,-153,-55,92,7276,-7908,11392,-38,168,-172,-13172,3256,7012,-1052,102,-82,-13332,-6468,6380,-505,133,-133,0
2878.950263977051,8200,7584,11008,-169,-72,85,7328,-7812,11388,-48,144,-177,-13196,3392,6660,-1015,62,-60,-13400,-6520,6528,-491,115,-161,0
2878.9856691360474,8296,7612,11136,-152,-52,75,7256,-7848,11408,-78,177,-170,-13292,3508,6936,-1002,48,-38,-13348,-6540,6500,-529,106,-188,0
2879.020945072174,8160,7596,11192,-139,-52,60,7380,-7808,11408,-42,121,-141,-13144,3520,7016,-993,42,-64,-13272,-6524,6492,-487,98,-138,0
2879.056133031845,8148,7568,10800,-147,4,92,7264,-7892,11404,-56,138,-170,-13128,3304,7168,-989,102,-59,-13176,-6596,6400,-478,102,-148,0
2879.0916659832005,8276,7580,11268,-163,-87,66,7252,-7792,11248,-94,132,-162,-13228,3344,7044,-972,60,-52,-13404,-6548,6420,-484,134,-168,0
2879.1275720596313,8264,7576,11108,-138,-45,41,7184,-7812,11336,-27,142,-156,-13132,3108,7252,-990,59,-30,-13288,-6532,6424,-486,103,-185,0
2879.162827014923,8268,7568,11056,-145,-11,80,7212,-7836,11340,-97,144,-140,-13300,3300,7084,-998,75,-44,-13256,-6536,6356,-472,108,-150,0
2879.1980669498444,7960,7656,11256,-152,0,85,7184,-7784,11048,-55,144,-154,-13160,3368,7228,-989,85,-255,-13060,-6612,6460,-486,71,-159,0
2879.233861923218,8000,7624,11024,-144,-250,86,7264,-7864,11452,-77,138,-150,-13148,3412,7228,-995,65,-27,-13344,-6500,6392,-483,77,-166,0
2879.269727945328,8268,7616,11244,-161,-41,86,7204,-7832,11492,-85,127,-174,-13188,3424,6964,-1030,59,-32,-13176,-6636,6600,-492,111,-172,0
2879.3047370910645,7960,7604,10960,-133,-52,64,7296,-7688,11516,-38,161,-205,-13188,3240,7272,-1013,62,-47,-13212,-6424,6600,-507,157,-146,0
2879.340955018997,8216,7560,10964,-147,-53,76,7308,-7936,11416,-65,134,-184,-13212,3468,6948,-992,104,-44,-13340,-6568,6536,-473,130,-107,0
2879.3744299411774,8428,7596,11084,-154,-65,84,7084,-7968,11344,-64,123,-174,-13256,3380,7268,-1010,85,-73,-13092,-6592,6504,-462,108,-146,0
2879.4077620506287,8184,7876,11084,-152,-52,93,7220,-7984,11300,-44,127,-170,-13196,3456,7172,-960,86,-36,-13280,-6536,6436,-463,104,-134,0
2879.4414010047913,8224,7672,11092,-153,-34,104,7160,-7828,11268,-76,149,-185,-13056,3340,6992,-989,86,-43,-13312,-6600,6344,-475,112,-170,0
2879.474949121475,8252,7660,11080,-171,-61,54,7264,-7828,11284,-84,149,-156,-13096,3416,7320,-985,73,-11,-13356,-6584,6564,-508,135,-145,0
2879.508527994156,8140,7540,10892,-164,-74,75,7220,-7848,11416,-57,170,-168,-13196,3376,7224,-992,93,-89,-13260,-6592,6488,-487,115,-146,0
2879.5421519279485,8164,7620,11124,-144,-53,121,7180,-7868,11344,-39,140,-151,-12896,3152,7376,-993,83,-84,-13340,-6608,6448,-499,122,-130,0
2879.575663089752,8184,7676,10960,-133,-48,126,7224,-7880,11284,-54,115,-173,-13044,3340,7208,-1009,87,-76,-13216,-6532,6612,-492,132,-140,0
2879.609120130539,8304,7668,11032,-162,-53,97,7188,-7764,11256,-60,131,-182,-13172,3408,7068,-980,98,-46,-13252,-6652,6560,-479,122,-125,0
2879.6425199508667,8216,7688,11088,-160,-62,102,7256,-7904,11404,-37,153,-179,-13132,3384,7184,-960,74,-38,-13084,-6424,6492,-493,155,-121,0
2879.6759829521175,8184,7572,11128,-134,-60,117,7284,-7848,11332,-60,129,-160,-13268,3472,7000,-984,93,-77,-13236,-6616,6448,-472,135,-117,0
2879.7095310688014,8140,7644,11024,-151,-51,104,7188,-7888,11380,-45,151,-178,-13180,3460,7080,-1000,99,-68,-13168,-6612,6440,-477,141,-129,0
2879.7430169582367,8056,7684,11164,-169,-70,117,7416,-7820,11380,-29,154,-155,-13204,3356,7068,-964,102,-55,-13284,-6612,6544,-475,134,-147,0
2879.776535987854,8152,7652,11204,-142,-52,115,7184,-7884,11140,-26,97,-192,-13160,3448,7216,-1010,95,-58,-13204,-6508,6408,-498,124,-112,0
2879.8102049827576,8168,7628,10988,-175,-57,116,7196,-7712,11356,-54,116,-155,-13180,3448,7376,-1002,106,-61,-13280,-6628,6556,-506,143,-129,0
2879.84375500679,8020,7660,11164,-173,-45,82,7240,-7836,11416,-34,157,-173,-13084,3464,7100,-992,95,-101,-13296,-6604,6484,-484,146,-158,0
2879.8774249553685,8124,7552,11148,-138,-58,109,7196,-7836,11296,-38,143,-152,-13196,3412,6948,-996,87,-70,-13236,-6576,6408,-490,164,-107,0
2879.910684108734,8140,7904,10860,-164,-60,131,7100,-7892,11300,-26,121,-184,-13112,3464,7172,-986,96,-43,-13216,-6592,6272,-501,143,-85,0
2879.9443480968475,8172,7628,11016,-144,-64,95,7296,-7888,11256,-49,119,-161,-13140,3344,7072,-1004,121,-60,-13568,-6588,6504,-499,149,-118,0
2879.978055000305,8200,7552,10928,-129,-48,129,7332,-7840,11068,-254,186,-126,-13040,3304,6664,-1025,156,-94,-13544,-6632,6352,-467,165,-117,0
2880.011740922928,8080,7652,10876,-175,-45,113,7272,-7796,11176,-35,158,-139,-13164,3324,7224,-938,114,-82,-13300,-6608,6676,-488,144,-117,0
2880.045308113098,7952,7456,11076,-209,-66,99,7320,-8152,11260,-10,179,-181,-13228,3488,7152,-1000,87,-113,-13224,-6592,6448,-484,142,-117,0
2880.0789630413055,8420,7620,10936,-240,-31,122,7264,-7892,11368,36,177,-158,-13088,3372,7368,-1019,18,-102,-13216,-6756,6620,-466,140,-110,0
2880.1123530864716,8068,7744,11088,-153,-77,121,7220,-7860,11408,-45,162,-145,-13140,3384,7616,-1007,92,-67,-13304,-6680,6504,-260,132,-91,0
2880.1456439495087,8348,7708,11096,-186,-109,122,7248,-7924,11508,-34,109,-230,-13108,3352,7196,-991,118,-146,-13180,-6508,6396,-499,231,-112,0
2880.1791429519653,8140,7620,11196,-198,-106,144,7268,-7860,11160,255,151,-197,-13080,3488,7232,-1065,104,-131,-13240,-6536,6584,-421,210,-65,0
2880.2127499580383,8200,7676,10776,-185,-106,146,7016,-7856,11352,15,199,-138,-13236,3472,7256,-1013,108,-86,-13220,-6456,6400,-477,152,-91,0
2880.2462339401245,8212,7568,11100,-222,-60,142,7196,-7844,11424,250,174,-176,-13132,3432,7356,-992,104,-77,-13244,-6584,6388,-451,158,-74,0
2880.2799170017242,8412,7676,10988,-221,-58,122,7196,-7844,11500,-14,170,-195,-13260,3444,7260,-775,131,-89,-13312,-6604,6468,-471,195,-44,0
2880.3133120536804,8244,7716,10964,-221,-111,158,7208,-7888,11376,38,128,-176,-13216,3420,7324,-1043,158,-158,-13400,-6512,6500,-475,232,-49,0
2880.3495519161224,8244,7624,11172,-204,-105,181,7300,-7756,11088,27,107,-215,-13132,3360,7180,-1047,203,-139,-13536,-6552,6532,-502,204,-58,0
2880.384707927704,8144,7544,10988,-162,-183,180,7240,-7828,11204,1,120,-216,-13180,3508,7228,-1019,193,-164,-13308,-6580,6488,-470,232,-38,0
2880.4202730655666,8060,7608,11044,-227,-111,175,7220,-7836,11416,34,137,-222,-13180,3432,7128,-1026,139,-94,-13440,-6472,6536,-478,214,-69,0
2880.4554929733276,8304,7688,11148,-218,-135,147,7264,-7784,11468,23,164,-194,-13164,3556,7292,-1008,135,-138,-13344,-6512,6540,-497,197,-92,0
2880.491704940796,8220,7612,11004,-216,-134,146,7172,-7888,11400,45,124,-194,-13264,3288,7196,-1009,125,-92,-13280,-6524,6456,-508,181,-74,0
2880.5276920795445,8200,7492,11048,-187,-138,138,7172,-7720,11284,-11,118,-227,-13088,3424,7348,-998,123,-101,-13296,-6532,6668,-467,177,-78,0
2880.562711954117,7960,7632,10772,-220,-154,146,7216,-7788,11372,-11,121,-225,-13068,3376,7256,-989,136,-138,-13064,-6512,6468,-478,180,-42,0
2881.283122062683,8256,7632,11064,-165,-30,99,7208,-7840,11280,-69,145,-153,-13104,3344,6920,-1020,50,-15,-13188,-6548,6468,-499,118,-148,0
2881.3174369335175,8232,7908,11096,-150,-34,81,7304,-7824,11424,-51,136,-171,-13164,3416,7308,-989,74,-52,-13288,-6516,6392,-508,107,-145,0
2881.351040124893,8260,7596,11060,-160,-15,73,7240,-7716,11448,-70,154,-145,-13216,3368,7312,-985,54,-77,-13540,-6552,6408,-496,99,-138,0
2881.384206056595,8388,7588,11008,-165,-48,79,7300,-7816,11340,-44,153,-156,-13176,3336,7132,-1020,84,-44,-13252,-6632,6596,-468,139,-175,0
2881.4178109169,8156,7604,10964,-148,-33,66,7252,-7776,11180,-22,133,-186,-13132,3144,7400,-989,73,-43,-13268,-6412,6492,-458,135,-138,0
2881.4513099193573,8212,7636,10992,-158,-42,91,7264,-7820,11408,-59,153,-192,-13148,3144,7172,-974,66,-44,-13356,-6628,6424,-461,122,-163,0
2881.4848489761353,8268,7540,11144,-148,-71,58,7296,-7788,11324,-73,146,-168,-13272,3424,7088,-1019,27,-90,-13104,-6544,6452,-495,136,-162,0
2881.518439054489,8192,7660,11188,-176,-76,67,7240,-7872,11372,-72,140,-164,-13096,3400,7272,-1019,53,-93,-13304,-6656,6436,-484,101,-174,0
2881.5519621372223,8300,7584,10972,-140,-29,84,7120,-7768,11376,-75,140,-155,-13212,3352,7188,-984,85,246,-13360,-6540,6524,-495,93,-145,0
2881.5853250026703,8212,7688,11108,-130,-21,54,7280,-7824,11424,-60,156,-155,-13172,3448,6940,-970,57,-8,-13292,-6524,6480,-485,101,-135,0
2881.6191101074214,8192,7556,11028,-185,-3,95,7308,-7796,11364,-40,150,-149,-13116,3416,7152,-769,71,-76,-13236,-6512,6452,-474,101,-151,0
2881.65243601799,8244,7676,11128,-139,-33,96,7232,-7696,11304,-59,120,-153,-13124,3516,7152,-1042,67,-45,-13488,-6536,6568,-478,68,-170,0
2881.6859741210938,8144,7564,11260,-162,-46,106,7352,-7820,11424,-84,105,-151,-13220,3336,7280,-982,72,-40,-13472,-6588,6516,-504,82,-141,0
2881.719691991806,7960,7504,10860,-159,-38,90,7068,-7852,11392,-120,143,-149,-13188,3512,7220,-959,86,241,-13236,-6804,6204,-499,64,-132,0
2881.7532620429993,8188,7604,11104,-161,-43,76,7240,-7848,11416,-60,165,-160,-13072,3468,7148,-963,51,-55,-13272,-6572,6436,-473,142,-148,0
2881.787097930908,8204,7640,11012,-157,-62,80,7108,-7852,11456,-20,159,-205,-13072,3388,7268,-774,107,-80,-13244,-6604,6616,-462,171,-122,0
2881.8203530311584,8144,7640,11008,-168,-76,91,7228,-7816,11648,-35,131,-208,-13180,3500,7168,-1006,106,-92,-13260,-6660,6604,-465,117,-140,0
2881.853853940964,8252,7596,11056,-171,-50,86,7196,-7800,11412,-61,146,-166,-13024,3480,7188,-994,62,-72,-13400,-6552,6560,-494,128,-124,0
2881.887284040451,8044,7564,11244,-169,-26,91,7136,-8012,11332,-49,173,-172,-13240,3384,7272,-979,79,-255,-13252,-6564,6596,-463,149,-140,0
2881.920711040497,8356,7736,11116,-163,-53,99,7380,-7808,11428,-44,162,-166,-13148,3404,7144,-1034,112,-71,-13348,-6576,6664,-478,119,-119,0
2881.9543459415436,8092,7600,11052,-174,-27,120,6912,-7884,11376,-38,121,-180,-13164,3400,7332,-983,65,-85,-13172,-6572,6460,-499,143,-114,0
2881.9880270957947,8220,7644,11124,-196,-44,98,7208,-8032,11316,-67,179,-172,-13164,3420,7400,-978,103,-77,-13268,-6828,6548,-476,145,-87,0
2882.0213510990143,8040,7624,11168,-200,-31,97,7184,-7936,11424,24,183,-163,-13156,3448,7304,-1029,105,-137,-13312,-6672,6484,-471,171,-88,0
2882.0588071346283,8200,7660,11020,-199,-83,155,7396,-7988,11376,-2,127,-209,-13116,3476,7348,-1011,137,-132,-13200,-6652,6516,-518,184,-105,0
2882.093934059143,8024,7636,11180,-163,-133,149,7312,-7828,11364,-36,111,-229,-13144,3364,7176,-1275,155,-150,-13352,-6584,6508,-514,212,-74,0
2882.1302740573883,8108,7612,11176,-183,-137,134,7200,-7788,11308,-13,103,-212,-13144,3384,7236,-1023,138,-70,-13296,-6604,6488,-490,206,-104,0
2882.1655321121216,8108,7652,11212,-216,-110,149,7276,-7884,11300,-28,164,-169,-13204,3424,7336,-990,112,-42,-13288,-6568,6452,-483,196,-48,0
2882.20187997818,8216,7620,11108,-247,-94,152,7196,-8184,11304,4,177,-167,-13076,3496,7356,-1037,147,-164,-13244,-6540,6608,-502,197,-59,0
2882.2377870082855,8084,7576,11196,-232,-63,130,7216,-7868,11480,58,133,-173,-13108,3360,7036,-1048,174,-79,-13288,-6632,6596,-471,181,-44,0
2882.273311138153,8060,7924,11044,-199,-105,136,7240,-7760,11304,3,152,-201,-13208,3312,7344,-1029,153,-121,-13564,-6512,6432,-464,207,-38,0
2882.3087949752808,8216,7560,11212,-226,-113,160,7184,-7880,11368,39,116,-225,-13228,3464,7112,-1043,173,-145,-13252,-6472,6428,-456,235,-19,0
2882.3442120552063,8276,7564,11092,-188,-153,187,7208,-7788,11376,61,100,-203,-13256,3472,7020,-1040,166,-106,-13364,-6672,6440,-474,174,-42,0
2882.3801620006566,8204,7520,11108,-196,-120,174,7260,-7676,11404,7,87,-159,-13284,3420,6956,-1000,172,-137,-13568,-6632,6596,-475,92,-78,0
2882.4155740737915,8000,7612,11040,-233,-85,149,7228,-7804,11476,-33,61,-179,-13128,3284,7152,-980,144,-99,-13228,-6560,6408,-493,160,-77,0
2882.451147079468,8236,7580,11140,-188,-110,150,7180,-7868,11452,-3,102,-186,-13160,3344,7088,-1023,130,-148,-13288,-6548,6464,-522,215,-65,0
2882.4872050285335,7948,7580,11408,-191,-170,178,6928,-7808,11532,53,108,-220,-13128,3344,7004,-1036,182,-135,-13284,-6576,6472,-482,232,-54,0
2882.5225069522858,8268,7628,11072,-169,-175,157,6968,-7756,11188,-29,97,-228,-13080,3344,7084,-1000,195,-116,-13480,-6484,6600,-458,210,-36,0
2882.5580410957336,8248,7608,11024,-230,-194,146,7088,-7788,11464,-6,70,-241,-13244,3392,7156,-993,179,-169,-13292,-6428,6456,-489,204,-69,0
2882.593388080597,8368,7640,11120,-204,-158,148,7272,-7880,11360,-24,170,-211,-13216,3456,7148,-997,148,-135,-13400,-6488,6344,-445,216,-58,0
2882.6287569999695,7984,7532,11024,-172,-147,179,6932,-7796,11436,11,103,-184,-13136,3384,7172,-1027,145,-107,-13376,-6524,6500,-484,192,-76,0
2882.6634349823,8300,7644,10848,-190,-162,153,7252,-7876,11476,1,82,-211,-13240,3424,7292,-1021,131,-69,-13060,-6476,6624,-500,153,-100,0
2882.699553012848,8300,7536,11068,-197,-124,147,7176,-7776,11332,-21,111,-226,-13252,3304,6924,-967,115,-106,-13508,-6208,6632,-471,187,-127,0
2882.7330119609833,8216,7600,11196,-174,-130,103,7372,-7696,11312,-61,124,-221,-13292,3356,7340,-975,96,-92,-13308,-6536,6440,-473,147,-125,0
2882.7666730880737,8204,7492,10896,-144,-123,115,7300,-7836,11224,-87,136,-200,-13212,3316,7108,-995,103,-89,-13296,-6540,6480,-497,106,-134,0
2882.8003709316254,8280,7492,11176,-155,-113,86,7224,-7788,11268,-47,142,-213,-13228,3272,7112,-1041,134,-92,-13304,-6516,6512,-459,159,-119,0
2882.833848953247,8300,7576,10976,-209,-21,86,7360,-7852,11472,-17,152,-187,-13308,3304,7192,-1016,131,-37,-13440,-6384,6336,-458,136,-114,0
2882.8672280311584,8380,7536,11080,-179,-72,124,7296,-7804,11088,-38,154,-167,-13180,3124,7140,-1005,76,-60,-13392,-6520,6464,-491,105,-143,0
2882.900488138199,8296,7572,11252,-189,-16,75,7308,-7920,11320,-61,160,-161,-13204,3400,7056,-1266,44,-45,-13328,-6448,6420,-489,118,-198,0
2882.9339389801025,8412,7612,11052,-147,-23,72,7180,-7824,11324,-18,130,-157,-13080,3308,7120,-1013,71,-30,-13248,-6664,6540,-494,76,-166,0
2882.967558145523,8236,7484,11152,-129,-20,64,7184,-7756,11308,-62,158,-153,-13236,3352,7148,-1009,45,-11,-13260,-6544,6600,-479,115,-162,0
2883.0010340213776,8236,7604,11064,-157,-253,43,7288,-7880,11392,-34,163,-142,-13208,3360,7164,-983,68,-60,-13240,-6460,6448,-461,110,-166,0
2883.0346260070805,8260,7580,11128,-158,3,82,7260,-7792,11340,-31,170,-135,-13072,3316,6968,-984,48,-30,-13208,-6592,6304,-461,81,-169,0
2883.067966938019,8164,7632,11080,-149,14,83,7312,-7808,11284,-67,154,-149,-13216,3344,7248,-982,52,238,-13296,-6540,6524,-454,60,-159,0
2883.1014721393585,8184,7560,11088,-169,-13,62,7264,-7852,11476,-115,170,-153,-13132,3356,7148,-968,56,-24,-13388,-6528,6412,-468,91,-140,0
2883.1348021030426,8440,7596,11116,-125,-20,40,7224,-7816,11420,-113,149,-186,-13096,3380,7076,-963,43,-47,-13560,-6232,6264,-485,126,-129,0
2883.16845202446,8208,7524,11072,-127,-74,66,7228,-7856,11268,-53,166,-177,-13128,3084,7240,-992,43,-72,-13060,-6620,6496,-496,159,-150,0
2883.2020189762115,8172,7564,10980,-127,-65,66,7348,-7880,11300,-29,157,-177,-13120,3176,7244,-773,80,-87,-13492,-6504,6420,-488,165,-122,0
2883.235501050949,8328,7604,11032,-142,-60,77,7224,-7836,11356,-51,161,-196,-13232,3444,7112,-1006,116,-46,-13344,-6656,6540,-480,131,-173,0
2883.2691371440887,8304,7540,11160,-163,-12,90,7412,-7792,11384,-46,122,-164,-13132,3420,7380,-1008,87,-24,-13068,-6480,6452,-492,101,-126,0
2883.3029720783234,8204,7576,11204,-124,-24,85,7236,-7804,11308,-46,146,-134,-13196,3456,7000,-1258,82,-11,-13060,-6496,6568,-467,112,-152,0
2883.3366849422455,8304,7708,11192,-113,-10,83,7092,-7912,11400,-45,143,-147,-13044,3392,7100,-1008,70,-50,-13256,-6592,6560,-504,114,-133,0
2883.370155096054,8192,7552,11068,-154,-50,98,7204,-7776,11308,-51,108,-170,-13172,3420,6924,-1034,69,-60,-13248,-6584,6508,-470,105,-149,0
2883.4038820266724,8160,7592,10960,-156,-29,53,7268,-7868,11236,-100,142,-183,-13244,3352,7028,-970,56,-84,-13260,-6572,6556,-458,100,-166,0
2883.43741106987,8220,7448,10972,-139,-16,96,7140,-7912,11448,-63,147,-161,-13068,3408,7232,-1280,92,-74,-13324,-6628,6488,-478,108,-151,0
2883.4709811210632,8440,7672,11120,-124,-32,84,7232,-7896,11432,-44,97,-172,-13068,3392,7228,-1004,123,-8,-13108,-6624,6588,-508,114,-133,0
2883.5045080184937,7944,7644,10976,-131,-62,80,7272,-7716,11024,-51,148,-165,-13136,3104,7408,-1009,86,-39,-13180,-6440,6476,-478,104,-122,0
2883.5382039546967,8180,7728,11020,-126,-56,93,7196,-7760,11328,-55,161,-174,-13220,3380,7248,-984,73,-39,-13296,-6556,6476,-474,109,-78,0
2883.571834087372,8224,7664,11144,-146,-39,125,7196,-8084,11396,-74,125,-153,-13144,3432,7228,-1004,89,-58,-13560,-6524,6600,-476,128,-165,0
2883.6054019927974,8152,7608,11140,-129,-53,105,7208,-7884,11380,-65,161,-154,-13160,3424,6916,-1000,45,-74,-13184,-6584,6540,-501,104,-133,0
2883.638710975647,8148,7696,11056,-129,-28,100,7192,-7860,11300,-60,145,-148,-13132,3380,7160,-999,36,-18,-13256,-6608,6540,-490,102,-145,0
2883.672302007675,8208,7708,11208,-135,-41,59,7224,-7852,11400,-34,168,-142,-13232,3344,7196,-966,53,-50,-13264,-6644,6564,-500,84,-123,0
2883.705407142639,8380,7604,11088,-126,245,106,7188,-7964,11476,-10,140,-145,-13160,3408,7224,-1004,82,-27,-13200,-6600,6580,-477,142,-101,0
2883.7432160377502,8216,7792,11056,-127,-44,122,7224,-7836,11416,-43,116,-134,-13196,3400,7240,-996,123,-72,-13212,-6576,6564,-489,80,-127,0
2883.779219150543,8232,7628,10992,-169,-44,110,7160,-7840,11392,-92,166,-159,-13072,3512,7140,-930,51,-11,-13260,-6644,6552,-491,75,-134,0
2883.8145949840546,8144,7560,11212,-193,-74,110,7200,-7704,11456,-94,172,-159,-13080,3416,7296,-979,74,-30,-13228,-6644,6496,-463,168,-116,0
2883.8506820201874,7976,7660,11240,-167,-78,113,7192,-7880,11260,-32,148,-168,-13040,3320,7164,-1060,116,-94,-13560,-6556,6500,-445,190,-116,0
2883.885936021805,8164,7664,10956,-164,-60,107,7232,-7920,11372,44,144,-196,-13172,3460,7184,-1059,114,-80,-13140,-6692,6516,-461,189,-111,0
2883.9211931228638,8052,7692,10972,-200,-68,106,7252,-7804,11376,-5,157,-217,-13152,3420,7304,-1015,95,-106,-13236,-6680,6468,-479,168,-107,0
2883.9562380313873,8256,7440,11108,-199,-99,112,7204,-7848,11364,-248,124,-230,-13232,3496,7336,-1003,94,-104,-13216,-6620,6536,-494,188,-76,0
2883.9921810626984,8232,7688,11068,-195,-171,116,7256,-7832,11288,-34,150,-202,-13220,3456,7264,-1011,108,-148,-13516,-6544,6556,-472,205,-47,0
2884.0274341106415,8208,7476,11140,-204,-128,145,7276,-7788,11500,-46,129,-200,-13100,3424,7240,-1020,113,-94,-13284,-6612,6456,-493,175,-85,0
2884.0631160736084,8076,7668,11196,-233,-108,142,7220,-7872,11196,-14,150,-205,-13084,3492,7296,-775,146,-149,-13316,-6480,6540,-479,181,-83,0
2884.0987610816956,7956,7644,11112,-235,-107,147,7156,-7832,11412,-7,142,-194,-13092,3440,7144,-1033,172,-108,-13340,-6588,6516,-473,174,-59,0
2884.133677005768,8148,7664,11028,-202,-59,159,7280,-7916,11444,36,137,-196,-13184,3072,7136,-1055,150,-154,-13408,-6588,6388,-505,218,-52,0
2884.1699531078334,8288,7676,11124,-192,-134,165,7256,-7828,11280,19,90,-224,-13180,3400,6956,-1064,223,-143,-13308,-6524,6488,-492,212,-37,0
2884.2049651145935,8188,7536,11196,-196,-153,160,7284,-7828,11284,11,71,-243,-13144,3384,7160,-1034,187,-146,-13284,-6548,6380,-487,211,-53,0
2884.2407209873204,8156,7608,11116,-199,-168,140,7332,-7828,11200,2,108,-238,-13196,3444,7136,-1277,179,-115,-13304,-6560,6532,-464,192,-51,0
2884.2755970954895,8140,7600,10908,-225,-114,166,7300,-7912,11264,-44,97,-209,-13264,3384,7196,-1058,220,-135,-13360,-6492,6220,-464,163,-36,0
2884.3108389377594,8156,7612,11064,-241,-138,152,7300,-7772,11416,-30,52,-203,-13260,3376,7268,-1089,219,-84,-13312,-6608,6468,-530,169,-76,0
2884.347064971924,8300,7572,11072,-222,-125,154,7276,-7776,11360,14,103,-189,-13220,3248,7084,-1030,153,-104,-13084,-6512,6484,-455,152,-78,0
2884.3825409412384,8140,7668,11032,-164,-120,135,7272,-7844,11464,-10,108,-208,-13152,3380,7340,-996,131,-128,-13384,-6600,6480,-451,169,-102,0
2884.415813922882,8244,7548,11072,-220,-141,109,7280,-7828,11204,3,143,-239,-13200,3400,7180,-959,93,-131,-13352,-6480,6424,-483,218,-58,0
2884.449142932892,8304,7648,11116,-207,-139,164,7216,-7840,11484,-10,113,-214,-13296,3392,6676,-1017,157,-119,-13540,-6584,6556,-468,179,-72,0
2884.4827849864964,8324,7608,10964,-180,-149,184,7420,-7728,11212,8,83,-175,-13184,3120,6936,-987,174,-88,-13304,-6644,6404,-478,140,-72,0
2884.51602602005,8340,7584,10976,-193,-91,137,7268,-7736,11484,-252,91,-185,-13200,3308,7308,-1000,171,-101,-13200,-6548,6176,-479,142,-70,0
2884.5495250225067,8244,7588,11164,-204,-121,141,7180,-7800,11436,-54,63,-198,-13204,3332,7152,-979,110,-123,-13456,-6576,6384,-494,170,-84,0
2884.582874059677,8312,7528,11124,-163,-157,149,7144,-7740,11504,14,101,-210,-13224,3292,7096,-773,162,-102,-13264,-6452,6420,-482,218,-74,0
2884.6165261268616,8136,7564,10984,-177,-155,145,7280,-7740,11364,24,93,-231,-13164,3356,7140,-1042,155,-138,-13416,-6444,6404,-476,172,-95,0
2884.64981508255,8236,7548,10944,-175,-185,134,7304,-7728,11328,-42,142,-196,-13172,3428,7064,-978,116,-134,-13300,-6496,6472,-452,144,-90,0
2884.683342933655,8268,7524,11140,-172,-109,117,7412,-7744,11384,-74,89,-206,-13160,3464,6940,-983,135,-69,-13328,-6560,6412,-504,116,-128,0
2884.7167661190033,8256,7532,11088,-138,-119,116,7284,-7864,11244,-52,127,-176,-13168,3380,6944,-990,107,-65,-13408,-6240,6432,-489,138,-157,0
2884.749985933304,8348,7560,11028,-116,-31,85,7308,-7836,11304,-38,161,-152,-13244,3284,6972,-1033,89,-25,-13396,-6548,6188,-482,119,-165,0
2884.783522129059,8304,7548,11216,-149,-3,63,7356,-7856,11264,-43,194,-171,-13264,3368,7228,-1010,74,-68,-13100,-6436,6416,-492,119,-160,0
2884.816964149475,8260,7480,10772,-167,-49,86,7260,-7848,11540,-63,182,-171,-13168,3480,7068,-1005,86,-65,-13564,-6420,6392,-482,96,-167,0
2884.8505721092224,8280,7592,10788,-178,-47,83,7284,-7772,11320,-45,181,-148,-13128,3360,7144,-999,52,-29,-13316,-6492,6408,-485,115,-140,0
2884.883763074875,8336,7544,10948,-146,-35,74,7304,-7884,11416,-58,154,-175,-13096,3308,7132,-1013,59,-64,-13076,-6572,6616,-474,137,-153,0
2884.9170949459076,8248,7628,11148,-148,-23,90,7152,-7800,11396,-30,158,-169,-13204,3520,7032,-1278,65,-89,-13192,-6548,6492,-481,133,-122,0
2884.9504039287567,8060,7572,11144,-171,-16,61,7256,-7864,11464,-53,168,-165,-13240,3316,7152,-999,57,-32,-13236,-6492,6172,-446,99,-113,0
2884.98384809494,8288,7620,10980,-165,-50,93,7240,-7840,11320,-73,167,-167,-13076,3376,7140,-1002,97,-255,-13356,-6548,6360,-498,97,-125,0
2885.017416000366,8288,7468,10800,-136,-28,90,7308,-7828,11260,-74,146,-177,-13224,3336,7104,-995,74,-55,-13272,-6536,6528,-502,113,-179,0
2885.051146030426,8300,7632,11124,-164,-17,97,7216,-7788,11512,-49,111,-170,-13192,3316,7044,-994,61,-72,-13212,-6516,6452,-516,97,-177,0
2885.0847780704494,8220,7712,10968,-97,-32,69,7276,-7828,11372,-36,121,-181,-13152,3260,7340,-1007,56,-73,-13348,-6600,6480,-474,95,-159,0
2885.118073940277,8276,7532,11000,-159,-33,53,7428,-7900,11376,-58,208,-148,-13212,3576,7008,-906,23,-12,-13376,-6504,6472,-450,94,-198,0
2885.1513381004333,7968,7640,11084,-173,45,48,7228,-7784,11272,-28,184,-142,-13148,3500,7228,-775,74,-249,-13320,-6492,6432,-475,127,-153,0
2885.1847660541534,8212,7644,11072,-156,-16,80,7232,-7864,11296,-44,138,-118,-13176,3360,7016,-1011,80,-20,-13284,-6664,6516,-483,59,-163,0
2885.218290090561,8224,7556,11140,-171,254,85,7252,-7836,11388,-76,125,-127,-13172,3328,6940,-997,86,-41,-13268,-6588,6532,-479,54,-157,0
2885.2518141269684,7968,7572,11152,-140,-19,94,7292,-7816,11312,-85,177,-159,-13092,3360,7304,-983,81,-40,-13296,-6484,6492,-264,97,-178,0
2885.2854321002965,8384,7608,10968,-124,-30,95,7268,-7884,11272,-87,103,-165,-13140,3384,7324,-995,80,-5,-13232,-6576,6432,-524,100,-178,0
2885.3186831474304,8416,7436,11072,-125,-55,73,7156,-7780,11188,-47,118,-198,-13132,3384,7096,-1012,43,-36,-13240,-6624,6428,-521,116,-143,0
2885.352257013321,8372,7668,11100,-156,-27,95,7248,-7780,11428,-74,127,-191,-13136,3428,7164,-998,73,-66,-13200,-6572,6552,-480,141,-162,0
2885.3854520320892,8108,7564,10840,-140,-73,66,7184,-7756,11448,-33,169,-192,-13228,3436,7196,-987,66,-66,-13344,-6560,6492,-483,112,-155,0
2885.42365694046,8220,7732,11260,-151,-43,101,7312,-7796,11416,-72,104,-189,-13236,3400,7168,-1003,110,-53,-13552,-6576,6428,-491,148,-123,0
2885.4592299461365,7976,7660,11032,-173,-90,80,7220,-7824,11384,-93,103,-176,-13124,3332,7076,-986,128,-41,-13240,-6572,6468,-482,121,-149,0
2885.4944429397583,8184,7688,11060,-184,-33,80,7224,-7788,11500,-79,147,-169,-13264,3432,7404,-997,54,-81,-13360,-6576,6468,-458,115,-152,0
2885.5303840637207,8164,7592,11132,-166,-17,59,7256,-7844,11524,-73,120,-171,-13128,3336,7052,-971,85,-58,-13220,-6648,6460,-504,113,-169,0
2885.5654480457306,8296,7648,11104,-169,-39,96,7228,-7884,11332,-58,140,-161,-13160,3500,7316,-994,100,-79,-13288,-6604,6628,-489,107,-140,0
2885.603399038315,8200,7652,11140,-152,-45,81,7304,-7860,11208,-19,145,-159,-13224,3468,7152,-1012,78,-44,-13204,-6516,6492,-469,116,-122,0
2885.639708042145,8228,7764,11128,-135,-52,102,7172,-7748,11348,-28,122,-169,-13104,3376,7188,-1003,98,-73,-13288,-6544,6424,-491,124,-136,0
2885.675430059433,8108,7644,10856,-158,-65,105,7276,-7876,11404,-37,116,-165,-13216,3404,7148,-981,106,-113,-13420,-6548,6464,-477,155,-104,0
2885.710916042328,8144,7616,10888,-168,-45,98,7416,-7844,11324,-46,126,-194,-13208,3456,7200,-997,155,-92,-13116,-6532,6544,-469,134,-114,0
2885.7461810112004,8216,7676,11124,-185,-97,94,6936,-7904,11328,-94,104,-179,-13156,3456,7236,-1271,117,-46,-13184,-6568,6448,-511,146,-141,0
2885.7817080020905,8172,7644,11024,-186,-20,90,7288,-7900,11364,-36,119,-155,-13100,3456,7112,-1031,105,-62,-13184,-6652,6484,-474,130,-115,0
2885.8176000118256,8076,7700,10892,-172,-24,106,7240,-7756,11028,-20,167,-149,-13260,3472,7248,-1036,122,-87,-13244,-6568,6544,-509,140,-125,0
2885.8528151512146,8228,7480,11032,-203,-38,80,7220,-7804,11476,-45,166,-177,-13100,3444,7272,-1006,111,-94,-13248,-6556,6400,-488,144,-112,0
2885.888745069504,8172,7612,11108,-186,-13,117,7220,-7876,11420,-17,109,-187,-12880,3508,7132,-1022,82,-105,-13216,-6488,6448,-485,203,-94,0
2885.923350095749,8168,7640,11064,-183,-76,147,7264,-7936,11276,-254,129,-167,-13024,3444,7180,-1036,124,-100,-13292,-6576,6544,-450,173,-73,0
2885.9591391086574,8168,7932,11096,-215,-125,158,7240,-7872,11380,254,130,-177,-13196,3344,7040,-1003,115,-103,-13312,-6632,6548,-505,157,-72,0
2885.9943120479584,8092,7908,11208,-226,-93,136,6956,-7944,11456,-69,116,-188,-12864,3448,7056,-991,116,-114,-13216,-6524,6468,-499,198,-53,0
2886.0296490192413,8152,7664,11044,-183,-115,132,7420,-7820,11340,12,156,-175,-13112,3352,7236,-1270,109,-123,-13312,-6616,6624,-489,220,-49,0
2886.065145969391,8164,7628,11048,-217,-76,164,7192,-7856,11332,52,184,-189,-13060,3440,7092,-1036,125,-144,-13208,-6524,6484,-491,218,-74,0
2886.098724126816,7936,7608,11256,-221,-111,175,7240,-7796,11328,19,108,-202,-13056,3440,7280,-1018,176,-127,-13336,-6572,6576,-762,227,-39,0
2886.1322650909424,8432,7648,11260,-191,-105,155,7248,-7768,11332,33,156,-184,-13116,3412,7356,-1033,189,-116,-13228,-6548,6436,-453,221,-34,0
2886.165750026703,8244,7656,11020,-224,-122,195,7260,-7756,11068,35,203,-189,-13168,3348,7116,-998,151,-135,-13352,-6556,6496,-465,216,-44,0
2886.1990261077885,8248,7552,11116,-189,-114,160,7320,-7880,11352,21,133,-200,-13180,3360,7132,-1035,168,-169,-13252,-6636,6480,-467,201,-60,0
2886.2324500083923,8120,7644,11024,-213,-132,129,7224,-7780,11384,37,94,-221,-13220,3580,6936,-1029,166,-95,-13212,-6568,6392,-470,166,-95,0
2886.265785932541,8216,7684,10880,-194,-119,149,7288,-7840,11356,-48,118,-181,-13080,3428,7128,-986,115,-82,-13324,-6496,6508,-763,152,-100,0
2886.299314022064,8244,7684,11152,-197,-118,146,7156,-7848,11384,70,127,-168,-13168,3404,7136,-1035,130,-111,-13268,-6660,6452,-483,193,-57,0
2886.332885980606,8084,7604,11100,-155,-99,150,7260,-7808,11496,36,79,-225,-13100,3352,7256,-1010,183,-165,-13228,-6532,6420,-491,195,-83,0
2886.366549015045,8132,7612,11228,-209,-147,135,7276,-7776,11360,2,131,-225,-13188,3424,7040,-1041,150,-154,-13264,-6564,6428,-478,186,-68,0
2886.3997840881348,8244,7596,10848,-206,-198,152,7296,-7812,11500,-22,117,-186,-13240,3376,7088,-1018,108,-89,-13372,-6556,6440,-478,181,-84,0
2886.4331359863286,8308,7576,11192,-176,-151,154,7156,-7784,11212,-253,59,-235,-13200,3276,7136,-957,122,-132,-13344,-6532,6328,-421,173,-60,0
2886.466908931732,8284,7496,11184,-214,-125,163,7264,-7804,11312,-16,111,-180,-13152,3324,7108,-1018,147,-87,-13280,-6412,6440,-463,159,-68,0
2886.5003230571747,7952,7656,11232,-244,-121,151,7212,-7836,11300,-22,92,-170,-13220,3452,7244,-994,163,-127,-13244,-6560,6420,-768,158,-93,0
2886.533667087555,8428,7564,11076,-196,-141,150,7240,-7768,11108,-7,86,-194,-13164,3340,7232,-1002,133,-84,-13292,-6536,6412,-765,196,-63,0
2886.567295074463,8256,7520,11180,-168,-132,126,7332,-7840,11484,-16,83,-191,-13140,3396,6924,-993,134,-135,-13092,-6516,6188,-506,225,-77,0
2886.600769996643,8224,7456,10964,-183,-170,142,7340,-7876,11324,27,113,-4,-13172,3456,7304,-1020,105,-169,-13076,-6496,6616,-518,247,-102,0
2886.6342461109166,8340,7508,11080,-160,-152,139,7200,-7788,11304,-30,81,-230,-13196,3376,7160,-1005,146,-145,-13256,-6556,6532,-478,199,-88,0
2886.66769695282,8236,7564,10996,-176,-187,149,7236,-7708,11372,-26,94,-219,-13180,3312,7048,-1002,154,-73,-13272,-6408,6492,-483,131,-86,0
2886.7012820243835,8368,7500,11064,-164,-154,109,7228,-7772,11224,-95,113,-194,-13208,3316,7032,-965,123,-46,-13324,-6452,6368,-507,119,-115,0
2886.7347950935364,8296,7496,10916,-142,-116,107,7280,-7848,11496,-94,152,-201,-13228,3356,7120,-998,77,-68,-13224,-6428,6380,-483,138,-145,0
2886.7684149742126,8376,7480,11048,-169,-51,77,7164,-7712,11292,-45,177,-200,-13168,3296,7392,-1030,93,-99,-13332,-6440,6564,-502,142,-181,0
2886.8019249439244,8236,7564,11164,-169,-20,72,7244,-7800,11232,6,191,-163,-13244,3268,6984,-1022,84,-96,-13548,-6488,6192,-476,115,-188,0
2886.8353049755096,8236,7512,11064,-161,-23,71,7300,-7816,11292,-30,172,-143,-13216,3272,7124,-1020,50,-46,-13376,-6472,6160,-491,132,-161,0
2886.8689229488373,8288,7572,11176,-151,-54,78,7304,-7752,11268,-78,140,-141,-13224,3536,7080,-1010,79,-46,-13388,-6608,6184,-490,119,-168,0
2886.9021141529083,8288,7592,11200,-160,-41,79,7152,-7784,11392,-61,173,-145,-13188,3424,7216,-1014,72,-49,-13332,-6608,6592,-483,107,-169,0
2886.935413122177,8224,7564,11120,-159,-31,77,7244,-7724,11344,-45,188,-157,-13088,3392,7220,-988,41,222,-13264,-6584,6556,-498,85,-133,0
2886.968924999237,8104,7604,11120,-171,-17,75,7256,-7864,11352,-50,157,-160,-13176,3368,7332,-992,46,-7,-13248,-6532,6540,-462,90,-154,0
2887.0024280548096,8348,7568,11112,-168,-40,83,7216,-7768,11408,-52,160,-172,-13144,3396,7160,-984,38,-24,-13148,-6564,6456,-459,92,-152,0
2887.0360219478607,8224,7592,11096,-151,-8,75,7372,-7784,11460,-84,155,-167,-13196,3332,7244,-973,48,-22,-13328,-6464,6436,-481,79,-171,0
2887.071743965149,8300,7576,11076,-159,-13,67,7308,-7736,11396,-70,146,-162,-13232,3352,7040,-989,51,-58,-13236,-6508,6492,-469,95,-168,0
2887.1080911159515,8140,7456,10976,-139,-39,52,7304,-7780,11384,-51,137,-172,-13272,3572,7388,-999,34,-78,-13564,-6404,6496,-479,118,-156,0
2887.1429121494293,8276,7624,10792,-151,-6,59,7244,-7856,11336,-62,145,-188,-13152,3436,7180,-977,66,-56,-13136,-6524,6456,-497,114,-163,0
2887.1793370246887,8216,7628,11252,-155,-73,72,7332,-7828,11400,-62,139,-176,-13160,3360,7124,-977,55,-52,-13440,-6504,6468,-458,116,-174,0
2887.2140600681305,8376,7584,11000,-159,-39,69,7296,-7880,11396,-68,145,-166,-13356,3336,7072,-978,37,-67,-13404,-6620,6480,-479,103,-195,0
2887.249867916107,8252,7604,11080,-177,-57,46,7180,-7888,11408,-48,110,-150,-13064,3536,6944,-1277,42,-49,-13280,-6536,6520,-487,85,-171,0
2887.2847940921783,7948,7688,11136,-119,26,91,7164,-7808,11372,-37,135,-139,-13136,3580,7228,-993,66,-23,-13156,-6624,6592,-468,75,-161,0
2887.320694923401,8264,7584,11076,-133,-32,53,7252,-7728,11464,-81,184,-181,-13100,3436,7040,-961,38,-33,-13348,-6540,6588,-489,105,-177,0
2887.356070995331,8196,7552,10964,-170,249,82,7252,-7840,11384,-43,156,-153,-13156,3396,7144,-1009,52,-70,-13180,-6620,6544,-469,155,-153,0
2887.3918149471283,8416,7608,11108,-126,-28,82,7196,-7912,11396,-21,167,-144,-13140,3344,7080,-1008,49,-30,-13184,-6640,6512,-496,75,-168,0
2887.4281389713287,8176,7632,11104,-147,-45,98,7276,-7804,11368,-89,169,-131,-13080,3404,7268,-946,59,-28,-13200,-6660,6388,-491,81,-130,0
2887.4635169506073,8164,7632,11032,-147,-34,90,7196,-7792,11384,-94,148,-143,-13092,3432,7116,-950,79,-72,-13220,-6616,6436,-489,119,-139,0
2887.4992690086365,8420,7916,11020,-150,-61,108,7272,-7880,11408,-46,111,-176,-13120,3504,7248,-1026,103,-71,-13172,-6436,6428,-474,165,-102,0
2887.5345289707184,7944,7456,10996,-153,-52,132,7276,-7820,11016,-12,154,-177,-13140,3164,7116,-992,154,-63,-13208,-6460,6420,-485,138,-117,0
2887.570590019226,8344,7660,11120,-134,-53,102,7300,-7808,11444,-52,113,-202,-13188,3392,7260,-985,111,-59,-13188,-6556,6564,-491,119,-133,0
2887.6056780815125,8420,7636,11256,-159,-40,120,7332,-7844,11356,-46,136,-156,-13272,3428,7056,-1004,90,-73,-13244,-6540,6168,-481,132,-117,0
2887.641247034073,8208,7584,11212,-169,-53,97,7316,-7856,11380,-30,151,-175,-13176,3396,7056,-999,62,-49,-13264,-6576,6492,-464,154,-110,0
2887.677459001541,7972,7724,11104,-172,-51,94,7252,-7880,11348,-49,124,-131,-13172,3480,7228,-1017,66,-38,-13272,-6544,6436,-483,125,-143,0
2887.712783098221,8368,7540,10824,-187,-14,89,7196,-7856,11472,-66,126,-142,-13120,3488,7252,-1013,80,-58,-13144,-6584,6468,-460,112,-145,0
2887.748188018799,8136,7448,11188,-176,-23,87,7240,-7900,11444,-47,170,-151,-13200,3316,7044,-991,89,-64,-13276,-6560,6532,-457,128,-101,0
2887.781783103943,7992,7672,11188,-168,-37,108,6940,-7808,11352,-13,176,-170,-13168,3388,7268,-1013,105,-80,-13164,-6632,6600,-477,165,-113,0
2887.815395116806,8116,7688,11000,-194,-50,128,7188,-7848,11416,-23,161,-191,-13108,3480,7272,-991,103,-81,-13208,-6560,6512,-504,169,-92,0
2887.8489079475403,8168,7724,11104,-202,-130,149,7188,-7812,11376,-4,141,-211,-13112,3328,7228,-1003,137,-110,-13236,-6780,6592,-486,206,-86,0
2887.882385969162,8172,7640,11280,-181,-130,152,7324,-7764,11432,-21,126,-194,-13116,3408,7276,-1008,121,-143,-13264,-6692,6172,-491,208,-32,0
2887.915815114975,8192,7680,10980,-196,-119,140,7264,-7824,11392,-28,121,-192,-13132,3464,7124,-1009,173,-92,-13072,-6540,6444,-509,195,-63,0
2887.949193954468,8160,7560,10940,-234,-104,126,7204,-7800,11328,-7,123,-196,-13132,3360,7224,-1004,97,-88,-13216,-6596,6452,-510,189,-86,0
2887.982782125473,8192,7568,11040,-230,-94,125,7268,-7756,11464,22,138,-167,-13100,3428,7132,-1009,127,-78,-13284,-6696,6396,-470,155,-37,0
2888.0164289474487,8116,7628,11064,-185,-88,140,7284,-7820,11284,25,159,-204,-13092,3392,7372,-1044,133,-139,-13224,-6596,6504,-473,191,-87,0
2888.050013065338,7980,7568,11236,-252,-106,122,7376,-7820,11476,15,153,-227,-13072,3464,7000,-1003,141,-147,-13248,-6512,6596,-455,214,-37,0
2888.083697080612,8292,7644,11156,-224,-77,172,7224,-7780,11408,20,142,-185,-13212,3456,7392,-1031,155,-125,-13184,-6560,6436,-474,195,-55,0
2888.117152929306,8212,7560,11096,-180,-109,163,7344,-7824,11332,25,130,-156,-13232,3360,7120,-994,154,-99,-13284,-6576,6580,-499,137,-52,0
2888.150500059128,8432,7568,11052,-220,-103,157,7104,-7860,11448,-20,89,-208,-13160,3484,7032,-984,152,-90,-13296,-6628,6404,-479,169,-57,0
2888.1839871406555,8244,7472,11124,-206,-86,149,7172,-7880,11308,-53,113,-187,-13196,3424,7144,-992,135,-143,-13284,-6488,6508,-507,177,-83,0
2888.2177300453186,8252,7636,11020,-190,-121,137,7220,-7784,11292,-11,116,-201,-13148,3372,7112,-1043,148,-147,-13068,-6536,6536,-503,212,-101,0
2888.251137018204,8156,7572,11056,-198,-112,146,7300,-7808,11304,17,115,-197,-13072,3340,7152,-1042,142,-117,-13208,-6592,6412,-485,200,-51,0
2888.2847690582275,8284,7668,11168,-187,-158,125,7224,-7824,11292,-23,107,-213,-13188,3440,7172,-769,174,-108,-13324,-6544,6448,-456,209,-76,0
2888.3182849884033,8104,7548,11100,-220,-148,135,7196,-7928,11392,-7,127,-196,-13232,3428,7064,-1012,164,-121,-13252,-6568,6492,-481,194,-57,0
2888.3517160415654,8244,7564,10996,-197,-149,138,7284,-7868,11340,2,122,-220,-13224,3468,7188,-1025,167,-145,-13228,-6572,6588,-477,196,-72,0
2888.3850710392,8268,7584,11164,-195,-145,151,7316,-7784,11436,17,125,-226,-13152,3320,7172,-1015,139,-165,-13300,-6540,6456,-478,170,-76,0
2888.418762922287,8228,7540,11036,-192,-133,145,7236,-7756,11496,-21,116,-212,-13236,3400,7000,-1003,135,-78,-13368,-6504,6164,-464,146,-99,0
2888.452269077301,8216,7548,11240,-201,-134,141,7288,-7996,11320,-7,102,-213,-13232,3432,7308,-995,119,-79,-13388,-6408,6436,-488,169,-99,0
2888.4857671260834,8300,7608,11200,-199,-125,142,7264,-7904,11272,-28,127,-206,-13100,3392,6984,-1009,142,-119,-13388,-6616,6588,-477,178,-78,0
2888.5191259384155,8344,7588,11136,-157,-123,129,7268,-7696,11492,10,103,-219,-13192,3376,7044,-1016,151,-138,-13252,-6520,6264,-492,209,-85,0
2888.552724123001,8424,7504,11064,-207,-103,133,7284,-7828,11428,-22,107,-217,-13224,3376,7212,-1032,119,-103,-13108,-6576,6528,-485,156,-79,0
2888.586161136627,8444,7636,10768,-217,-112,133,7328,-7828,11108,-43,130,-221,-13152,3420,7200,-984,128,-89,-13288,-6500,6344,-473,169,-105,0
2888.6200671195984,8220,7648,11144,-181,-135,136,7288,-7796,11440,-66,129,-211,-13236,3104,7336,-1015,115,-71,-13456,-6516,6408,-475,132,-112,0
2888.6534991264343,8412,7520,10976,-176,-119,91,7272,-7808,11300,-68,95,-192,-13092,3332,7056,-993,110,-111,-13408,-6516,6532,-504,126,-148,0
2888.687092065811,8212,7588,10984,-137,-78,72,7328,-7672,11404,-41,138,-188,-13160,3384,6924,-976,72,-87,-13264,-6520,6476,-456,88,-150,0
2888.7206330299377,8228,7696,11116,-173,-73,61,7212,-7808,11296,-54,172,-197,-13140,3320,7280,-1004,88,-77,-13268,-6508,6292,-461,140,-153,0
2888.757416009903,8352,7484,11084,-214,-25,24,7176,-7688,11076,-28,183,-181,-13132,3372,7064,-998,32,-87,-13340,-6364,6524,-442,144,-158,0
2888.7927711009975,8292,7548,11104,-147,-64,104,7248,-7828,11236,-16,172,-152,-13172,3356,7068,-1017,56,-2,-13340,-6516,6524,-484,107,-170,0
2888.827713966369,8204,7616,11124,-153,-38,103,7240,-7892,11416,-44,126,-142,-13228,3444,6944,-1018,103,-31,-13272,-6480,6516,-500,52,-159,0
2888.8632860183716,8188,7608,11228,-148,-18,94,7280,-7888,11444,-78,129,-145,-13136,3404,7132,-1000,76,-44,-13120,-6492,6564,-495,101,-127,0
2888.898745059967,8304,7544,10952,-121,-35,102,7328,-7820,11424,-59,169,-139,-13188,3368,7340,-1019,69,-55,-13312,-6460,6556,-521,144,-130,0
2888.9340641498566,8316,7628,11100,-155,-49,102,7268,-7856,11324,-11,144,-162,-12848,3440,7068,-1049,75,-59,-13220,-6564,6504,-501,143,-128,0
2888.969957113266,8256,7544,11016,-145,-7,103,7224,-7880,11416,-80,132,-189,-13100,3380,7040,-966,62,-40,-13192,-6592,6460,-485,120,-157,0
2889.004945039749,8096,7524,10964,-162,-64,94,7332,-7832,11352,-33,152,-189,-13160,3412,7100,-1003,83,-60,-13368,-6500,6452,-468,121,-149,0
2889.0407199859615,8240,7652,11492,-141,-37,71,7252,-7836,11272,-36,160,-172,-13124,3496,6964,-986,58,-60,-13204,-6492,6400,-487,142,-141,0
2889.077111005783,8316,7436,11212,-119,-65,80,7260,-7756,11320,-43,138,-165,-13136,3364,7076,-1009,72,-73,-13276,-6644,6572,-515,105,-157,0
2889.112786054611,8432,7596,10780,-164,-41,99,7020,-7796,11348,-44,147,-171,-13308,3272,7196,-986,64,-71,-13076,-6524,6400,-490,109,-176,0
2889.148108005524,8256,7620,11084,-134,-41,73,7276,-7864,11508,-75,143,-172,-13152,3420,7200,-980,68,-27,-13276,-6476,6568,-504,115,-145,0
2889.183874130249,8180,7656,10792,-146,-32,107,7316,-7848,11316,-33,151,-169,-13140,3452,7040,-995,83,-82,-13304,-6528,6628,-759,97,-128,0
2889.219555139541,8228,7688,11188,-139,-6,112,7252,-7936,11068,-45,132,-157,-13256,3436,7232,-1016,96,-44,-13556,-6828,6476,-478,107,-145,0
2889.254643917084,8228,7544,11040,-129,-31,98,7228,-7792,11356,-53,100,-163,-13100,3352,7076,-999,76,-69,-13308,-6496,6512,-474,147,-129,0
2889.2904310226445,8216,7644,11000,-145,-60,93,7260,-7692,11384,-76,116,-177,-13204,3488,7192,-978,69,-37,-13500,-6524,6480,-469,129,-158,0
2889.3261029720306,8120,7676,11212,-144,-93,106,7236,-7796,11008,-90,161,-174,-13252,3420,7216,-769,51,-48,-13292,-6640,6500,-504,112,-183,0
2889.3620381355286,8136,7608,11096,-171,-53,81,7292,-7820,11420,-28,151,-181,-13164,3368,7172,-1006,32,-52,-13224,-6600,6372,-478,113,-145,0
2889.3995950222015,8304,7696,10936,-135,-27,97,7276,-7824,11384,-72,160,-169,-13060,3376,7288,-1016,61,-60,-13280,-6600,6468,-485,96,-153,0
2889.433072090149,8260,7672,10968,-170,-32,43,7268,-7884,11320,-45,169,-176,-13256,3332,7156,-985,56,-6,-13132,-6448,6540,-480,104,-138,0
2889.4667699337006,8276,7656,11172,-154,44,104,7232,-7688,11416,-36,106,-131,-13064,3344,7240,-1005,84,-15,-13256,-6540,6560,-477,100,-140,0
2889.5001969337463,7968,7572,11108,-152,2,139,7192,-7860,11420,-44,148,-97,-13092,3352,7084,-1014,108,-63,-13256,-6628,6460,-442,67,-123,0
2889.5336749553685,8068,7480,11152,-171,-22,126,7128,-7792,11348,-74,96,-132,-13068,3512,7088,-1004,101,-49,-13268,-6592,6540,-484,72,-116,0
2889.5673649311066,8440,7596,10944,-172,-52,100,7232,-7832,11440,-84,140,-138,-13132,3392,7388,-972,61,-42,-13316,-6572,6480,-485,100,-131,0
2889.6008980274205,8208,7644,11052,-131,-35,91,7268,-7816,11480,-74,162,-172,-13140,3424,7228,-997,92,-29,-13208,-6560,6536,-481,147,-144,0
2889.634383916855,8212,7604,11236,-157,-26,100,7332,-7928,11412,-13,135,-172,-13152,3404,7256,-1015,77,-101,-13180,-6584,6576,-468,151,-129,0
2889.667736053467,8380,7584,11076,-158,-57,105,7276,-7860,11372,-39,157,-207,-13196,3360,6972,-990,84,-85,-13184,-6628,6604,-490,160,-169,0
2889.7009451389313,8248,7612,11252,-139,-35,63,7416,-7900,11488,-55,136,-198,-13112,3476,7160,-1001,100,-87,-13232,-6496,6556,-487,163,-144,0
2889.7346539497375,8160,7672,11092,-160,-47,77,7248,-7920,11356,-37,163,-180,-13140,3404,7200,-1280,94,-61,-13272,-6592,6632,-461,168,-145,0
2889.7681469917297,7992,7656,11232,-172,-48,103,7212,-7880,11428,-36,196,-186,-13236,3468,7144,-1005,102,-65,-13340,-6624,6632,-467,149,-106,0
2889.801707983017,8072,7500,11056,-199,-49,93,7272,-7780,11248,-252,158,-182,-13276,3416,6940,-1023,87,-113,-13316,-6496,6688,-491,129,-101,0
2889.8349990844727,8256,7672,11016,-226,-43,95,7144,-8000,11420,-21,153,-200,-13128,3376,7252,-965,98,-71,-13244,-6600,6740,-486,140,-88,0
2889.8685951232906,7940,7692,11076,-220,-65,132,7208,-7792,11344,-19,112,-200,-13120,3468,7204,-1002,116,-89,-13256,-6624,6560,-501,169,-85,0
2889.9018490314484,8180,7664,11040,-167,-102,132,7252,-7876,11268,-35,94,-178,-13140,3372,7332,-1007,122,-107,-13236,-6424,6464,-538,190,-72,0
2889.9355189800262,8144,7620,11000,-188,-120,151,7208,-7880,11324,-24,130,-206,-13180,3344,7264,-1005,143,-169,-13256,-6596,6568,-498,194,-82,0
2889.9691009521484,8228,7664,11092,-217,-120,140,7232,-7880,11512,18,149,-200,-13176,3520,7328,-1270,163,-158,-13244,-6616,6360,-486,230,-71,0
2890.00253200531,8164,7592,11188,-235,-63,130,7244,-7892,11352,7,149,-195,-13132,3392,7100,-1001,160,-112,-13292,-6444,6504,-468,198,-62,0
2890.0360629558563,8172,7692,11056,-246,-105,136,7260,-7688,11456,-30,134,-184,-13216,3368,7088,-1022,170,-115,-13380,-6524,6524,-492,199,-56,0
2890.069760084152,8216,7616,10916,-245,-112,153,7328,-7872,11372,23,136,-207,-13100,3384,7208,-1031,118,-110,-13384,-6516,6564,-477,205,-95,0
2890.103290081024,8204,7608,10916,-211,-84,137,7176,-7804,11232,17,115,-194,-13124,3348,7092,-1007,169,-106,-13284,-6628,6452,-466,165,-54,0
2890.1367111206055,8196,7616,10752,-213,-135,122,7296,-7816,11480,253,170,-207,-13080,3468,7120,-1006,155,-121,-13440,-6460,6504,-465,190,-82,0
2890.1704580783844,8388,7616,11064,-222,-83,131,7280,-7904,11472,29,138,-184,-13164,3452,7072,-1015,109,-104,-13516,-6576,6640,-481,184,-98,0
2890.2037329673767,8428,7616,11240,-218,-83,137,7180,-7828,11432,44,128,-150,-13184,3400,7416,-1035,133,-77,-13564,-6820,6436,-502,156,-71,0
2890.2374300956726,8232,7640,11076,-211,-103,166,7248,-7732,11364,5,106,-169,-13276,3096,7404,-1005,143,-85,-13288,-6628,6396,-472,108,-83,0
2890.2710051536565,8096,7452,11148,-232,-96,141,7220,-7756,11352,-29,82,-171,-13060,3456,6912,-993,146,-118,-13288,-6568,6448,-473,139,-76,0
2890.3043241500854,8164,7620,10844,-187,-134,157,7236,-7860,11424,-7,114,-169,-13264,3404,7000,-1000,115,-128,-13272,-6436,6520,-486,193,-67,0
2890.338035106659,8196,7672,11004,-195,-155,155,7244,-7864,11300,37,145,-197,-13180,3420,7120,-1000,147,-152,-13308,-6488,6480,-475,179,-89,0
2890.3716440200806,8144,7488,11028,-166,-142,154,7272,-7800,11364,6,135,-194,-13096,3476,7068,-1030,153,-104,-13172,-6528,6520,-487,199,-83,0
2890.404778003692,8304,7636,10884,-190,-184,157,7260,-7796,11352,21,128,-230,-13084,3336,7128,-771,161,-149,-13380,-6620,6172,-467,178,-82,0
2890.4412240982056,8336,7592,11228,-216,-103,135,7356,-7824,11468,-17,132,-191,-13232,3420,7036,-1001,132,-63,-13316,-6492,6472,-507,152,-103,0
2890.4775500297546,8288,7516,11052,-179,-113,141,7236,-7808,11352,-15,114,-188,-13288,3284,6968,-1004,115,-113,-13296,-6548,6232,-501,162,-115,0
2890.5123751163483,8292,7652,11092,-167,-93,127,6996,-7796,11264,-16,140,-197,-13140,3564,7148,-1021,57,-74,-13336,-6488,6640,-501,143,-159,0
2890.5487430095673,8140,7564,10936,-200,-83,104,7340,-7700,11332,-81,131,-196,-13172,3328,7100,-1000,100,-51,-13260,-6540,6516,-494,115,-132,0
2890.5841560363774,8140,7544,11036,-165,-65,71,7196,-7520,11040,-40,145,-192,-13120,3528,7112,-1008,96,-121,-13276,-6444,6524,-475,154,-138,0
2890.6258931159973,8228,7592,11172,-158,-31,116,7260,-7740,11384,-8,155,-165,-13208,3340,7124,-1042,112,-66,-13120,-6604,6464,-474,122,-122,0
2890.661870956421,8308,7648,11220,-175,-50,106,7276,-7804,11512,-40,130,-182,-13256,3344,7232,-1004,104,-91,-13320,-6616,6540,-497,116,-161,0
2890.7173340320587,8428,7524,11348,-125,-83,98,7288,-7756,11484,-87,150,-192,-13160,3536,7420,-945,59,-44,-13300,-6552,6588,-499,122,-195,0
2890.763847112656,8292,7612,10956,-132,-94,53,7272,-7864,11080,-66,134,-164,-13208,3388,7204,-1030,27,-24,-13320,-6536,6424,-526,113,-197,0
2890.7996439933777,8120,7444,11204,-174,-3,58,6928,-7512,11308,-30,177,-149,-13208,3340,7384,-1009,5,-13,-13220,-6480,6488,-461,63,-198,0
2890.8352530002594,8272,7640,11176,-155,255,45,7212,-7756,11124,-51,185,-166,-13192,3568,7100,-957,51,-76,-13292,-6552,6328,-456,62,-185,0
2890.8711299896245,8268,7568,11060,-164,-256,33,7320,-7820,11444,-83,178,-197,-13308,3444,7036,-969,37,-44,-13280,-6416,6348,-473,137,-191,0
2890.9061629772186,8248,7528,10860,-127,-38,69,7344,-7868,11292,-47,167,-177,-13124,3564,6920,-980,82,-53,-13256,-6552,6588,-473,95,-138,0
2890.9423630237575,8176,7620,11036,-158,-34,93,7240,-7828,11036,-65,138,-166,-13080,3392,7112,-1002,103,245,-13120,-6520,6496,-455,59,-165,0
2890.9776339530945,8008,7732,11168,-140,-20,68,7212,-7900,11448,-91,138,-186,-13188,3432,6944,-941,58,-45,-13360,-6572,6604,-497,92,-157,0
2891.01296710968,8272,7576,11096,-153,22,61,6972,-7876,11392,-85,184,-184,-13156,3456,6972,-940,32,-31,-13220,-6460,6452,-504,89,-165,0
2891.04856801033,8268,7596,11068,-165,-39,50,7244,-7844,11476,-28,159,-189,-13120,3408,7324,-1018,41,-92,-13184,-6560,6540,-500,149,-156,0
2891.085298061371,8100,7904,11116,-136,-36,44,7224,-7944,11280,-61,195,-187,-13100,3100,7124,-931,53,-44,-13312,-6888,6480,-425,143,-179,0
2891.118684053421,8216,7608,11008,-172,-133,40,6912,-7856,11424,-61,158,-226,-13144,3484,7092,-977,97,-78,-13268,-6416,6492,-477,156,-182,0
2891.152087926864,8180,7604,11012,-159,-79,31,7244,-7892,11304,-76,157,-226,-13188,3400,7412,-966,87,-95,-13288,-6592,6624,-504,125,-161,0
2891.185707092285,7948,7612,11084,-167,-84,52,7252,-7932,11200,-34,142,-205,-13108,3424,7164,-1023,59,-112,-13304,-6832,6616,-487,163,-168,0
2891.218991994858,8272,7596,11244,-126,-96,75,7388,-7752,11396,-57,179,-196,-13248,3332,6928,-976,77,-29,-13288,-6568,6504,-488,144,-152,0
2891.2523300647736,8168,7636,11048,-159,-60,57,7184,-7848,11404,-56,164,-166,-13112,3272,7428,-962,78,-42,-13280,-6512,6488,-490,113,-182,0
2891.2858171463013,8000,7676,11160,-145,-9,47,7184,-7912,11372,-37,168,-157,-13160,3488,7272,-1048,28,-41,-13376,-6564,6512,-540,108,-181,0
2891.320554971695,7996,7692,11256,-144,-26,83,7220,-7888,11228,-2,169,-140,-13124,3364,7204,-974,85,-80,-13228,-6600,6540,-480,128,-132,0
2891.3542580604553,8100,7668,10916,-152,-31,107,7112,-7848,11428,-255,149,-155,-13208,3416,7336,-1024,101,-80,-13256,-6684,6548,-508,177,-120,0
2891.387540102005,8028,7604,11156,-174,-77,91,7296,-7880,11288,-54,136,-186,-13140,3404,7000,-978,103,-96,-13340,-6600,6516,-505,126,-151,0
2891.421005010605,8240,7920,11024,-150,-63,95,7240,-7896,11356,-16,183,-151,-13076,3488,7272,-970,86,-48,-13264,-6604,6508,-481,156,-148,0
2891.454474925995,8168,7656,10952,-180,9,85,7112,-7832,11336,27,184,-161,-13128,3388,7200,-990,82,-47,-13248,-6584,6596,-461,172,-121,0
2891.488170146942,8192,7632,11096,-195,-37,97,7204,-7776,11492,-254,164,-180,-13112,3360,7220,-999,117,-65,-13172,-6656,6540,-474,174,-130,0
2891.521749973297,8116,7632,11084,-243,-80,109,7288,-7880,11580,-15,170,-186,-13124,3456,7288,-965,94,-147,-13060,-6448,6604,-491,157,-71,0
2891.5553369522095,8140,7704,11100,-211,-128,149,7048,-7856,11424,-49,139,-225,-13172,3532,7272,-992,89,-183,-13192,-6620,6616,-767,226,-96,0
2891.589052915573,8052,7688,11100,-151,-141,121,7228,-7832,11428,-21,105,-242,-13128,3524,7292,-1007,124,-152,-13276,-6652,6420,-486,224,-80,0
2891.6225781440735,8080,7616,11132,-199,-150,142,7108,-7808,11268,252,166,-234,-13092,3448,7244,-1043,144,-109,-13244,-6616,6448,-477,246,-70,0
2891.655818939209,8408,7580,11024,-232,-128,135,7312,-7744,11576,17,140,-222,-13136,3540,7240,-1008,120,-136,-13068,-6668,6564,-469,170,-102,0
2891.6891870498657,8080,7636,11056,-214,-79,155,7080,-7820,11364,27,136,-214,-13260,3420,7176,-1011,127,-162,-13208,-6584,6556,-465,178,-59,0
2891.7227299213414,8300,7908,11248,-235,-88,133,7264,-7888,11380,13,139,-189,-13064,3356,7348,-989,176,-162,-13288,-6600,6524,-459,228,-61,0
2891.7564330101013,8196,7652,11212,-232,-87,151,7260,-7896,11472,26,113,-226,-13152,3396,7232,-1048,164,-129,-13564,-6620,6496,-463,225,-70,0
2891.7899730205536,8240,7748,11108,-198,-140,132,7292,-7816,11296,11,115,-231,-13212,3484,7176,-1003,100,-132,-13060,-6608,6480,-474,227,-84,0
2891.8235690593724,8120,7588,11088,-191,-153,144,7236,-7776,11308,37,97,-211,-13180,3532,7268,-1268,191,-147,-13544,-6564,6572,-529,224,-84,0
2891.8571600914006,8192,7564,11060,-173,-147,128,7160,-7896,11484,30,122,-215,-13108,3324,7076,-1049,162,-151,-13284,-6564,6628,-497,211,-75,0
2891.8902471065526,8436,7592,10976,-179,-98,150,7172,-7684,11256,39,129,-197,-13240,3364,7096,-1030,152,-129,-13240,-6580,6520,-469,167,-99,0
2891.923768043518,8216,7592,11016,-194,-80,145,7304,-7668,11488,26,163,-178,-13176,3396,7104,-1015,179,-81,-13508,-6460,6524,-484,160,-67,0
2891.9574069976807,8244,7656,11036,-190,-124,170,7180,-7852,11304,-6,174,-133,-13176,3432,7088,-1019,182,-90,-13312,-6660,6492,-517,180,-21,0
2891.991035938263,8232,7620,11024,-180,-118,161,7088,-7824,11332,-23,108,-159,-13260,3408,7004,-1115,196,-93,-13500,-6520,6204,-765,199,-36,0
2892.0240540504456,7976,7524,10924,-150,-130,176,7252,-7764,11072,-52,118,-157,-13144,3332,7208,-1271,181,-102,-13280,-6500,6500,-485,160,-56,0
2892.0578689575195,8336,7528,11016,-179,-108,201,7188,-7772,11364,-36,101,-169,-13240,3352,7256,-993,181,-47,-13428,-6672,6388,-508,172,-51,0
2892.0913050174713,8184,7564,10976,-186,-93,150,7176,-7752,11484,-22,156,-170,-13172,3308,7048,-986,157,-97,-13300,-6528,6468,-485,149,-105,0
2892.127655982971,8252,7532,11032,-173,-96,136,7220,-7828,11476,-9,109,-199,-13240,3364,7176,-1041,181,-75,-13356,-6420,6476,-483,168,-115,0
2892.163248062134,8200,7520,10852,-182,-104,136,7256,-7800,11412,-4,122,-228,-13200,3272,7088,-979,131,-101,-13288,-6424,6524,-478,173,-105,0
2892.1986939907074,8272,7544,11120,-192,-102,116,7280,-7528,11448,-55,145,-230,-13084,3372,7184,-955,125,-106,-13272,-6568,6484,-468,187,-57,0
2892.2338349819183,8252,7652,11056,-219,-102,110,7164,-7800,11356,-29,99,-184,-13192,3392,7056,-964,135,-107,-13364,-6456,6376,-436,185,-64,0
2892.269595146179,8240,7624,10820,-218,-141,103,7228,-7760,11344,-5,160,-221,-13144,3448,7252,-944,25,-122,-13104,-6628,6508,-456,192,-109,0
2892.3049669265747,8212,7624,11132,-263,-146,118,7104,-7704,11376,-2,140,-222,-13012,3352,7208,-942,119,-100,-13184,-6620,6456,-445,154,-88,0
2892.3407340049744,8228,7628,10912,-172,-139,92,7128,-7764,11296,-90,192,-228,-13276,3216,7084,-909,119,-121,-13280,-6480,6436,-438,173,-108,0
2892.3761711120605,8364,7488,10764,-236,-111,109,7420,-7800,11280,-109,150,-189,-13224,3392,6960,-997,109,-50,-13068,-6500,6504,-455,95,-122,0
2892.412364959717,8344,7492,10956,-174,-9,108,7252,-7512,11312,-43,188,-130,-13052,3172,7400,-1029,97,-2,-13292,-6516,6468,-401,58,-129,0
2892.4480240345006,8200,7624,10808,-226,86,84,7184,-7788,11456,-48,253,-55,-13224,3076,7292,-1016,53,4,-13288,-6488,6460,-420,11,-182,0
2892.4832680225372,8240,7612,11260,-235,105,42,7328,-7756,11304,-70,238,-82,-13184,3376,7268,-938,-253,-243,-13332,-6508,6552,-456,1,-194,0
2892.5188999176025,8276,7528,11136,-183,97,60,7260,-7836,11324,-38,229,-92,-13248,3448,7416,-962,-57,8,-13516,-6620,6560,-486,28,-199,0
2892.554302930832,7936,7524,11220,-214,94,53,7312,-7804,11392,17,273,-81,-13092,3516,7100,-1247,-24,26,-13256,-6444,6596,-482,-2,-183,0
2892.5902719497685,8228,7636,11468,-176,32,86,7204,-7832,11340,-57,215,-64,-13084,3516,6964,-1272,-34,30,-13336,-6648,6540,-504,-39,-180,0
2892.6256771087646,8164,7532,11188,-163,57,94,7080,-7864,11424,-49,254,-12,-13076,3604,7012,-1000,-58,81,-13244,-6492,6616,-580,-76,-150,0
2892.661302089691,8132,7604,11056,-164,102,137,7096,-7960,11416,-42,154,63,-13124,3540,6956,-1095,40,104,-13160,-6528,6860,-559,-73,-97,0
2892.696198940277,8036,7516,11216,-134,134,191,6984,-7900,11372,7,148,61,-13116,3452,7148,-1123,45,92,-13144,-6540,6616,-637,-44,-79,0
2892.732339143753,8152,7584,11168,-106,96,211,7152,-7764,11324,-2,157,32,-13088,3536,7348,-1031,66,54,-13148,-6644,6572,-676,-29,-148,0
2892.7685029506683,8084,7680,11056,-92,44,200,7184,-7820,11412,-4,135,-47,-13192,3456,7296,-1276,43,43,-13204,-6560,6456,-673,47,-70,0
2892.801995038986,8160,7584,11220,-113,-9,186,7116,-7776,11304,-73,53,-85,-13140,3388,7240,-1089,114,57,-13300,-6564,6496,-619,74,-36,0
2892.835641145706,8308,7508,10940,-85,-34,220,7260,-7816,11280,-47,100,-45,-13504,3296,7156,-1003,152,55,-13392,-6524,6516,-581,20,-75,0
2892.869187116623,8244,7572,11108,-143,13,182,7192,-7716,11424,-41,84,-62,-13252,3288,6964,-1046,137,251,-13284,-6656,6640,-514,68,-88,0
2892.9024460315704,8240,7436,11148,-169,-248,136,7252,-7920,11448,-82,95,-108,-13184,3384,7200,-1008,51,19,-13456,-6688,6552,-473,61,-148,0
2892.9361519813538,8192,7632,11036,-187,42,75,7236,-7772,11124,-120,222,-129,-13228,3152,7388,-995,26,29,-13252,-6756,6416,-456,55,-156,0
2892.9700260162354,8248,7848,11492,-222,37,32,7340,-7804,11328,-105,226,-127,-13180,3412,7076,-979,-4,58,-13224,-6712,6452,-407,45,-192,0
2893.0036640167236,8100,7856,11144,-2,53,34,7132,-7764,11272,-101,306,-113,-13236,3440,7372,-928,-64,42,-13288,-6768,6652,-405,1,-198,0
2893.037138938904,8152,7688,11180,-229,57,-9,7172,-7756,11528,-162,272,-140,-13120,3456,7400,-914,-64,-5,-13228,-6772,6628,-415,31,-230,0
2893.0707631111145,8124,7700,11228,-251,45,-31,6944,-7912,11616,-170,272,-194,-12976,3456,7384,-863,-20,248,-13128,-6592,6636,-390,42,-188,0
2893.104236125946,7988,7604,11236,-274,47,-254,6976,-7904,11448,-113,208,-187,-13040,3572,7316,-927,35,17,-13204,-6568,6444,-386,101,-120,0
2893.1376271247864,8164,7656,11224,-241,-4,52,7068,-7920,11356,-135,160,-169,-13296,3584,7268,-873,21,39,-13120,-6624,6728,-391,82,-140,0
2893.1711089611053,8168,7572,11120,-239,-11,50,7088,-7864,11372,-154,195,-176,-13004,3496,7148,-855,141,-18,-13192,-6532,6400,-360,57,-73,0
2893.20467710495,7980,7484,11216,-213,-61,68,7100,-7980,11316,-165,143,-200,-13012,3640,7068,-869,111,-59,-13136,-6572,6684,-393,112,-131,0
2893.2380740642548,8116,7528,11164,-204,-53,38,7084,-7960,11468,-93,193,-219,-13180,3692,7204,-903,48,-31,-13224,-6576,6892,-427,120,-152,0
2893.271605014801,8028,7536,11188,-165,-25,38,6920,-7708,11368,-74,191,-236,-13160,3688,7188,-974,63,-103,-13076,-6688,6460,-457,173,-155,0
2893.3051879405975,7948,7484,11188,-128,-107,47,7084,-8164,11428,-55,139,-260,-12992,3632,6968,-953,80,-105,-13248,-6540,6808,-486,95,-175,0
2893.3388891220093,7976,7596,11148,-160,-48,10,7032,-7908,11504,-44,113,-243,-13024,3576,7384,-919,91,-65,-13204,-6608,6692,-435,83,-164,0
2893.372452020645,7936,7612,11284,-117,-82,22,7180,-7968,11364,-59,106,-256,-13192,3528,7156,-933,146,-92,-13192,-6472,6668,-519,157,-125,0
2893.405792951584,8032,7524,11072,-103,-85,82,6928,-7684,11308,-18,143,-182,-13028,3668,7204,-1000,56,-57,-13248,-6456,6692,-537,168,-117,0
2893.4393191337585,7996,7592,11176,-83,-54,120,7128,-7888,11324,9,95,-148,-13124,3620,7228,-1064,93,-61,-13132,-6564,6816,-597,82,-134,0
2893.4729380607605,7956,7532,11300,-109,-34,150,6944,-7684,11032,70,145,-75,-13144,3664,7276,-1034,60,-43,-13296,-6512,6656,-616,93,-95,0
2893.5068130493164,7980,7700,11324,-164,-45,191,7052,-7916,11056,-17,44,-119,-13020,3540,7368,-1280,129,-91,-13152,-6520,6820,-630,141,-25,0
2893.5399849414825,7964,7672,11432,-94,-117,242,7024,-7968,11452,15,-28,-148,-13164,3608,7228,-1081,167,-121,-13144,-6572,6400,-652,177,11,0
2893.5733790397644,8032,7520,11148,-73,-179,285,6928,-7876,11032,32,84,-142,-13168,3592,7072,-1158,314,-155,-13188,-6672,6512,-593,246,255,0
2893.6070640087128,8044,7636,11216,-98,-219,510,7096,-7796,11284,9,-39,-265,-12836,3400,7120,-769,188,-261,-13184,-6404,6628,-530,320,3,0
2893.6400339603424,8084,7432,11272,-161,-255,0,7164,-7776,11508,-13,29,-7,-13176,3352,7208,-1276,183,-210,-13244,-6812,6612,-464,350,31,0
2893.6737260818486,8016,7664,11184,-509,-268,173,7104,-7804,11420,-22,54,-282,-12816,3344,7468,-989,193,-5,-13192,-6804,6556,-434,347,-13,0
2893.707361936569,8164,7704,11044,-208,-275,132,7232,-7828,11408,-3,141,-326,-13180,3312,7300,-947,203,-286,-13200,-6760,6516,-403,399,-55,0
2893.740567922592,8440,7664,11032,-209,-291,58,7256,-7784,11588,249,177,-384,-13252,3328,7188,-987,164,-511,-13240,-6712,6640,-416,398,-104,0
2893.773900985718,7984,7884,11116,-289,-252,42,7212,-8016,11424,44,271,-349,-13128,3516,7400,-997,115,-473,-13504,-6512,6604,-403,376,-106,0
2893.811670064926,8280,7564,11120,-232,-205,81,7136,-7856,11420,-26,123,-302,-13112,3572,7356,-998,78,-175,-13348,-6680,6628,-427,210,-97,0
2893.8476779460907,8128,7580,11144,-221,-177,61,7080,-7924,11380,-59,125,-267,-12808,3536,7032,-946,157,-128,-13156,-6496,6608,-324,106,-135,0
2893.882779121399,8072,7616,11132,-204,-114,61,7108,-7892,11364,-133,78,-313,-13016,3820,7124,-959,183,-123,-13164,-6488,6492,-467,222,-92,0
2893.918731927872,8020,7576,11168,-177,-240,108,7144,-7880,11500,-136,11,-319,-12880,3504,7056,-1273,198,-175,-13228,-6428,6500,-479,305,-26,0
2893.954409122467,8148,7412,11040,-194,-249,163,7244,-7980,11136,-68,-66,-294,-13084,3448,7060,-1020,343,-156,-13544,-6448,6568,-431,507,13,0
2893.989380121231,8208,7476,11180,-159,-256,222,7228,-8108,11108,-68,-21,-290,-13064,3520,6916,-1045,401,-179,-13304,-6616,6516,-463,253,35,0
2894.0244719982147,8272,7448,11108,-180,-298,268,7336,-8068,11332,-20,-26,-287,-13232,3496,7196,-1063,506,-172,-13092,-6224,6452,-550,317,-245,0
2894.060333967209,8364,7508,11260,-143,-294,215,7344,-7812,11284,46,-8,-267,-13540,3524,7004,-1058,230,-202,-13416,-6460,6516,-537,296,-33,0
2894.0954830646515,8320,7436,11052,-156,-250,197,7320,-7888,11364,40,38,-502,-13160,3424,7132,-1133,184,-156,-13364,-6588,6508,-528,233,-89,0
2894.1316969394684,8200,7488,11024,-166,-224,135,7284,-7720,11252,27,108,-237,-13224,3528,7280,-985,3,-150,-13292,-6552,6500,-524,149,-182,0
2894.1679780483246,8280,7612,10968,-119,-158,55,7232,-7784,11516,-19,235,-197,-13080,3352,7316,-989,-99,-139,-13288,-6576,6544,-511,131,-281,0
2894.2030119895935,8180,7524,11036,-122,-59,-17,7260,-7816,11352,-8,280,-235,-13136,3348,6924,-1276,-73,-140,-13192,-6648,6552,-490,109,-299,0
2894.2386400699615,8228,7580,10992,-136,-21,-76,7216,-7748,11368,16,279,-262,-13212,3240,7308,-976,-91,-178,-13284,-6560,6400,-428,152,-262,0
2894.2743990421295,8208,7452,11056,-198,-53,-87,7232,-7796,11392,-64,298,-263,-13160,3268,7184,-1008,-44,-96,-13348,-6520,6616,-407,149,-205,0
2894.310138940811,8428,7440,11224,-192,-29,-14,7368,-7732,11320,-50,293,-199,-13156,3420,6928,-976,-249,-121,-13464,-6456,6360,-472,144,-196,0
2894.345216989517,8256,7456,10784,-120,-67,45,7304,-7892,11440,33,110,-226,-13140,3428,7064,-1047,124,-96,-13348,-6604,6228,-478,127,-127,0
2894.380671977997,8304,7404,11092,-33,-56,102,7356,-7876,11304,125,122,-174,-13272,3384,6972,-1082,194,-99,-13496,-6536,6416,-487,98,-187,0
2894.415363073349,8396,7524,11104,-79,-15,55,7676,-7860,11300,7,188,-176,-13320,3272,7036,-1050,87,-90,-13436,-6568,6448,-427,90,-209,0
2894.451970100403,8224,7560,10792,-160,23,24,7284,-7896,11372,12,194,-180,-13040,3512,7244,-1057,-12,-63,-13468,-6436,6540,-467,85,-189,0
2894.485460996628,8400,7624,11068,-176,253,70,7212,-7880,11356,16,197,-102,-12972,3532,7300,-1111,39,246,-13144,-6500,6632,-536,105,-134,0
2894.519066095352,8164,7484,11068,-178,-32,137,6756,-7860,11312,8,64,-119,-13136,3560,7260,-1072,118,-60,-13312,-6740,6712,-502,95,-66,0
2894.5525779724126,8176,7720,11148,-196,-9,203,7064,-7908,11376,-137,250,-164,-12984,3432,6972,-980,187,-11,-13184,-6860,6468,-499,106,-39,0
2894.5859961509705,8016,7580,10988,-185,-123,2,7000,-7944,11464,-135,-21,-128,-12884,3620,7252,-1056,166,223,-13004,-6368,6652,-614,195,50,0
2894.6193199157715,8000,7368,10928,-142,-198,379,6844,-7708,11512,41,-18,-77,-12924,3572,7188,-1162,288,-54,-13072,-6448,6560,-750,271,95,0
2894.6524410247803,8000,7440,11152,-16,-147,404,7208,-7884,11020,100,-158,-172,-13100,3356,7044,-1197,462,-227,-13288,-6492,6568,-695,302,99,0
2894.6859700679775,8320,7444,11172,30,-328,390,7380,-7832,11252,141,-175,-8,-13120,3308,7152,-1204,471,-284,-13104,-6524,6624,-611,418,71,0
2894.7193710803986,8204,7616,11108,-54,-305,378,7512,-7696,11340,130,-116,-246,-13436,3312,7260,-1191,349,-212,-13636,-6572,6352,-628,396,79,0
2894.752871990204,8600,7684,10992,-113,-276,336,7692,-7804,11364,116,-13,-169,-13536,3196,7168,-1185,264,-102,-13648,-6552,6248,-664,261,33,0
2894.7865819931026,8700,7660,11172,-99,-176,314,7576,-7736,11236,28,-10,-43,-13412,3332,7000,-1179,222,35,-13596,-6408,6504,-639,83,19,0
2894.8197751045227,8596,7564,11064,-211,-21,363,7568,-7776,11284,-5,17,74,-13084,3528,6936,-1162,240,150,-13444,-6552,6560,-599,-45,14,0
2894.8531880378723,8680,7508,11104,-224,117,261,7348,-7780,11500,-12,119,141,-13528,3180,7052,-1140,175,223,-13352,-6656,6532,-563,-158,-51,0
2894.886603116989,8164,7584,11040,-268,166,215,7220,-7736,11328,-30,152,87,-13104,3260,7148,-1029,77,209,-13124,-6636,6512,-535,-90,-96,0
2894.9200789928436,8080,7592,11132,-224,93,196,7160,-7828,11412,-25,192,-10,-12804,3392,7296,-1098,87,40,-13064,-6724,6524,-524,51,-95,0
2894.953722000122,8040,7428,11108,-184,242,175,7112,-7784,11500,-59,118,-114,-13232,3324,7280,-997,195,-97,-13252,-6640,6428,-765,163,-53,0
2894.9873580932617,8024,7904,11080,-129,-139,172,7140,-7832,11412,-97,48,-202,-13112,3428,7072,-1047,139,-140,-13172,-6660,6460,-754,222,-33,0
2895.020509958267,8256,7656,10972,-189,-192,187,7172,-7748,11416,-110,-255,-253,-13040,3352,7224,-1004,225,-118,-13168,-6884,6460,-438,211,-42,0
2895.0540900230408,7936,7644,10968,-165,-147,143,7264,-7668,11296,-122,59,-248,-13180,3240,7136,-958,242,-110,-13308,-6588,6424,-407,192,-70,0
2895.087466955185,8400,7908,11000,-213,-139,78,7184,-7708,11520,-144,119,-511,-13516,3436,6928,-949,243,-98,-13464,-6160,6500,-442,148,-71,0
2895.1210501194005,8284,7824,10912,-283,-40,149,7380,-7748,11152,-91,83,-142,-13204,3372,6656,-984,193,24,-13460,-6392,6416,-441,113,-34,0
2895.154312133789,8192,7196,11036,-222,-5,167,7492,-7892,11264,-79,102,-96,-13248,3404,7032,-1020,122,91,-13360,-6404,6604,-456,-36,-87,0
2895.18793797493,8408,7448,11100,-210,81,152,7296,-7972,11168,-64,132,-68,-13124,3480,6956,-991,109,61,-13316,-6152,6500,-495,-34,-134,0
2895.221368074417,8376,7476,10836,-145,82,137,7288,-7908,11356,-91,158,-89,-13304,3568,7020,-1037,55,6,-13288,-6640,6220,-531,72,-160,0
2895.254796028137,8292,7172,11256,-107,55,118,7632,-7832,11272,-21,88,-110,-13136,3568,7048,-1065,74,-39,-13176,-6428,6460,-258,108,-175,0
2895.2882640361786,8228,7500,11016,-203,-19,111,7276,-7784,11384,0,129,-175,-13128,3396,6968,-1045,124,-51,-12880,-6468,6452,-477,189,-90,0
2895.321787118912,8328,7612,10784,-191,-63,131,7304,-7784,11320,-53,97,-251,-13096,3380,7332,-1044,106,-82,-13236,-6576,6436,-435,242,-70,0
2895.35524892807,8360,7600,11076,-228,-160,96,7400,-7856,11476,-39,101,-262,-13100,3312,7212,-981,126,-158,-13312,-6484,6544,-439,247,-89,0
2895.388725042343,8256,7840,11236,-209,-174,93,7328,-7912,11372,-92,81,-304,-13180,3388,7212,-988,128,-173,-13208,-6476,6460,-455,297,-83,0
2895.42222905159,8380,7592,11144,-150,-269,88,7224,-7852,11448,-44,49,-349,-13256,3464,7248,-1040,97,-191,-13552,-6504,6624,-483,317,-123,0
2895.455626010895,8280,7500,11132,-131,-502,87,7296,-7796,11300,15,77,-299,-13244,3416,6964,-1088,51,-128,-13388,-6516,6436,-509,265,-143,0
2895.492350101471,8308,7628,11148,-150,-113,97,7356,-7848,11288,-251,123,-190,-13244,3416,7276,-1052,-7,-125,-13364,-6636,6632,-555,152,-188,0
2895.5281131267548,8424,7636,10980,-96,-54,41,7316,-7864,11392,8,104,-206,-13220,3300,7132,-1010,-4,-110,-13208,-6620,6540,-493,108,-227,0
2895.5634200572968,8228,7892,11116,-117,-46,18,7352,-7736,11376,-64,201,-2,-13140,3284,7088,-958,-7,-90,-13232,-6576,6292,-455,195,-133,0
2895.5988509655,8284,7636,11172,-232,-155,62,7212,-7688,11240,-122,138,-220,-13156,3288,7108,-1012,42,-71,-13204,-6588,6520,-419,180,-91,0
2895.637943983078,8252,7544,11060,-219,-127,91,7180,-7868,11088,-114,84,-249,-13068,3172,7184,-959,115,-108,-13304,-6420,6452,-403,169,-84,0
2895.673485994339,8280,7624,11040,-208,-138,113,7452,-7776,11304,-179,76,-254,-13240,3360,7064,-922,104,-132,-13328,-6468,6352,-382,508,-37,0
2895.7090950012207,8632,7572,10904,-226,-178,129,7184,-7892,11348,-157,36,-266,-13104,3372,7064,-948,140,-81,-13356,-6436,6148,-380,219,-43,0
2895.744400024414,8368,7568,11108,-209,-165,127,7196,-7892,11224,-90,60,-240,-13348,3380,7144,-952,135,-65,-13384,-6304,6448,-407,208,-110,0
2895.7802441120148,8424,7180,11040,-189,-67,97,7396,-7940,11020,-44,137,-213,-13060,3464,6980,-1030,85,-96,-13368,-6420,6428,-455,162,-117,0
2895.815402984619,8396,7420,10952,-186,-86,91,7324,-7892,11312,-40,161,-189,-13308,3436,7052,-1014,28,-84,-13412,-6444,6216,-478,132,-162,0
2895.850839138031,8408,7548,11188,-123,-43,60,7316,-7892,11044,-47,165,-153,-13220,3412,7068,-1012,19,-64,-13360,-6436,6460,-764,82,-191,0
2895.886004924774,8476,7488,11108,-144,2,96,7284,-7792,11264,-15,188,-106,-13124,3508,7356,-1011,20,-37,-13344,-6512,6420,-491,62,-153,0
2895.9219410419464,8332,7560,11300,-142,20,77,7268,-7896,11356,-41,154,-135,-13176,3408,7068,-1014,68,-41,-13120,-6512,6336,-485,123,-127,0
2895.957729101181,8220,7636,11032,-134,-29,104,7252,-7880,11516,-54,112,-168,-13104,3360,6912,-1058,104,-58,-13276,-6496,6376,-473,150,-97,0
2895.9926431179047,8412,7572,11060,-149,-100,133,7248,-7824,11292,-31,123,-183,-13160,3376,7120,-1280,119,-86,-13452,-6536,6596,-510,162,-87,0
2896.0286209583282,8304,7552,10864,-118,-74,119,7316,-7932,11312,-9,126,-178,-13104,3368,7108,-1035,123,-66,-13268,-6540,6428,-763,181,-95,0
2896.0636830329895,8352,7544,10992,-116,-129,111,7452,-7836,11208,-7,121,-189,-13272,3092,7412,-1078,144,-131,-13280,-6516,6212,-501,178,-93,0
2896.0993571281433,8300,7544,11028,-146,-114,105,7400,-7848,11260,-1,129,-207,-13396,3384,7212,-1049,119,-135,-13324,-6616,6192,-456,171,-96,0
2896.1350741386414,8672,7644,10844,-182,-75,105,7332,-7804,11460,-20,152,-186,-13264,3344,7336,-997,105,-105,-13416,-6472,6640,-491,162,-131,0
2896.1686511039734,8216,7456,10976,-176,-100,99,7420,-7828,11348,-34,153,-212,-13560,3268,7236,-944,84,-83,-13556,-6540,6448,-478,164,-119,0
2896.2023589611053,8304,7648,10888,-162,-105,85,7280,-7876,11032,-32,130,-223,-13168,3560,6912,-994,101,-70,-13268,-6520,6408,-445,204,-84,0
2896.2358441352844,8280,7504,10940,-175,-108,121,7428,-7800,11384,-5,116,-234,-13164,3316,7284,-1009,142,-147,-13332,-6512,6412,-435,223,-93,0
2896.269460916519,8276,7532,11100,-216,-152,145,7388,-7780,11236,-13,113,-239,-13204,3440,7152,-1009,194,-128,-13396,-6488,6444,-450,200,-50,0
2896.302675008774,8380,7504,11164,-229,-180,165,7172,-7924,11448,-35,121,-210,-13184,3456,7060,-1011,196,-72,-13380,-6476,6476,-493,248,-38,0
2896.336035013199,8288,7476,11208,-199,-177,167,7532,-7920,11208,-8,71,-219,-13256,3484,7100,-1056,193,-124,-13132,-6512,6556,-498,218,-40,0
2896.369784116745,8248,7588,11032,-112,-110,165,7396,-7840,11360,25,66,-219,-13256,3264,7180,-1035,173,-155,-13512,-6536,6500,-485,208,-60,0
2896.4030039310455,8324,7524,11216,-177,-138,143,7660,-7880,11472,-11,115,-226,-13192,3432,7076,-775,191,-133,-13296,-6376,6480,-497,238,-41,0
2896.4366030693054,8400,7592,10920,-212,-87,167,7664,-7928,11464,42,62,-226,-13500,3072,7012,-1071,219,-122,-13312,-6464,6440,-481,234,-45,0
2896.4701430797577,8480,7496,11048,-190,-148,171,7440,-7836,11316,-15,34,-195,-13200,3356,7120,-1045,184,-88,-13464,-6520,6556,-503,166,-65,0
2896.5034790039062,8412,7652,10952,-201,-132,180,7500,-7724,11212,11,101,-195,-13284,3328,7000,-1048,198,-104,-13416,-6568,6524,-486,158,-62,0
2896.536931991577,8324,7560,10988,-217,-107,157,7372,-7724,11280,-44,98,-211,-13160,3352,7164,-1002,179,-156,-13432,-6360,6376,-511,198,-72,0
2896.5707480907445,8348,7592,10916,-153,-143,168,7368,-7856,11292,-15,93,-245,-13236,3320,7132,-1033,203,-144,-13340,-6436,6432,-461,220,-64,0
2896.6041600704193,8472,7552,10996,-181,-178,176,7200,-7776,11504,25,99,-229,-13308,3552,7092,-774,196,-153,-13552,-6196,6148,-535,239,-58,0
2896.637417078018,8356,7524,11000,-145,-199,169,7464,-7772,11280,40,48,-260,-13340,3252,7276,-1047,166,-147,-13348,-6504,6640,-504,222,-69,0
2896.67107796669,8448,7608,11024,-182,-189,140,7392,-7720,11212,14,69,-253,-13264,3256,6924,-992,173,-184,-13328,-6444,6424,-495,201,-73,0
2896.7045221328735,8424,7572,11084,-178,-147,156,7552,-7796,11316,14,91,-226,-13248,3252,6964,-1027,194,-141,-13480,-6400,6280,-489,209,-30,0
2896.7382919788365,8424,7520,10800,-179,-166,168,7560,-7732,11292,-10,64,-226,-13252,3236,7068,-1273,203,-136,-13348,-6456,6332,-467,222,-63,0
2896.7718329429626,8476,7636,10880,-217,-143,165,7224,-7788,11484,-40,84,-225,-13276,3284,7124,-979,181,-95,-13416,-6404,6468,-448,187,-81,0
2896.805444955826,8236,7512,10808,-187,-158,145,7416,-7712,11372,-35,96,-200,-13256,3476,7076,-955,160,-76,-13436,-6380,6388,-472,189,-86,0
2896.83896112442,8444,7580,11152,-195,-132,154,7496,-7816,11264,-38,109,-202,-13364,3240,6920,-993,142,-108,-13304,-6436,6304,-481,174,-71,0
2896.8724210262294,8332,7552,10892,-203,-122,145,7660,-7856,11320,-2,62,-206,-13296,3360,7068,-1008,132,-109,-13308,-6400,6324,-497,190,-75,0
2896.9054651260376,8420,7572,10852,-165,-126,150,7604,-7820,11264,-15,73,-223,-13264,3184,6980,-769,151,-94,-13468,-6444,6444,-474,185,-96,0
2896.9392309188843,8400,7452,11128,-195,-157,161,7528,-7848,11344,253,92,-223,-13280,3148,6848,-1039,157,-101,-13424,-6388,6316,-469,179,-83,0
2896.972850084305,8232,7584,10816,-167,-80,118,7472,-7768,11212,-43,84,-189,-13168,3212,6968,-1017,133,-82,-13336,-6288,6344,-476,123,-103,0
2897.0064849853516,8488,7352,11032,-135,-78,137,7532,-7780,11200,-49,129,-164,-13272,3240,6984,-1068,104,-73,-13492,-6356,6352,-487,138,-164,0
2897.040055036545,8536,7404,10988,-172,-29,86,7496,-7508,11256,-28,170,-145,-13312,3260,7004,-1082,97,-53,-13340,-6428,6344,-493,93,-146,0
2897.0734050273895,8420,7544,10952,-142,30,95,7520,-7708,11160,-5,166,-132,-13308,3296,6796,-1058,70,-35,-13368,-6488,6368,-460,117,-118,0
2897.1071100234985,8452,7500,11132,-175,-252,70,7552,-7880,11008,-55,172,-205,-13396,3384,7144,-1021,76,-68,-13364,-6488,6208,-465,152,-169,0
2897.140219926834,8368,7524,10864,-196,-251,64,7464,-7708,11028,-67,183,-164,-13548,3264,6972,-1030,45,-7,-13436,-6388,6332,-461,129,-114,0
2897.178519010544,8260,7544,10932,-132,-51,105,7376,-7760,11232,-38,134,-141,-13244,3240,7040,-1000,43,-100,-13364,-6480,6452,-483,102,-130,0
2897.2138121128082,8388,7528,10844,-154,-13,87,7472,-7780,11300,-56,156,-151,-13312,3480,6920,-1279,6,-36,-13372,-6540,6296,-459,102,-180,0
2897.249470949173,8484,7536,10936,-179,-46,60,7432,-7520,11312,-78,175,-162,-13328,3320,7176,-984,27,-62,-13348,-6528,6564,-490,77,-170,0
2897.2844951152806,8412,7556,11144,-119,-18,40,7440,-7788,11304,-53,176,-185,-13280,3312,6920,-989,35,-42,-13400,-6460,6332,-463,104,-162,0
2897.3207709789276,8376,7552,11236,-136,-34,81,7388,-7764,11272,-43,143,-173,-13312,3264,6936,-979,35,-75,-13436,-6540,6336,-488,121,-152,0
2897.3562071323395,8404,7556,10860,-114,-83,84,7476,-7804,11160,-56,156,-194,-13272,3284,7008,-990,53,-90,-13344,-6480,6492,-456,127,-155,0
2897.391780138016,8476,7636,10868,-147,-256,62,7468,-7772,11192,-67,132,-199,-13352,3280,7148,-959,23,-60,-13476,-6392,6364,-471,105,-164,0
2897.4281129837036,8512,7488,11128,-158,-46,98,7264,-7776,11296,-65,184,-153,-13240,3244,7100,-994,39,-24,-13452,-6644,6260,-485,100,-167,0
2897.463823080063,8344,7540,10980,-154,-34,57,7404,-7876,11100,-54,156,-152,-13248,3264,7052,-1271,67,-39,-13336,-6496,6468,-460,106,-153,0
2897.4997420310974,8380,7580,10600,-162,-18,77,7444,-7708,11284,-89,173,-159,-13140,3084,6944,-992,40,-13,-13392,-6476,6596,-466,95,-147,0
2897.535129070282,8440,7468,10984,-146,-19,80,7412,-7812,11256,-89,188,-176,-13228,3328,7100,-973,64,-39,-13404,-6492,6388,-473,97,-169,0
2897.570750951767,8348,7540,10776,-145,-10,78,7436,-7744,11224,-49,150,-167,-13540,3580,7044,-1003,34,11,-13292,-6444,6304,-482,123,-162,0
2897.6054940223694,8412,7524,10840,-138,-1,89,7396,-7844,11288,-37,145,-146,-13312,3280,7252,-990,-2,-69,-13120,-6476,6216,-509,109,-157,0
2897.64071393013,8344,7572,11208,-155,-44,71,7440,-7748,11436,-49,166,-184,-13184,3256,7128,-999,82,-47,-13412,-6516,6312,-483,111,-139,0
2897.6758720874786,8396,7584,11000,-127,-35,82,7488,-7684,11368,-90,138,-156,-13256,3304,7212,-998,80,-63,-13368,-6204,6196,-488,104,-159,0
2897.711261034012,8328,7576,10920,-170,-44,89,7568,-7872,11308,-44,169,-151,-13144,3368,7176,-984,59,-56,-13332,-6468,6404,-460,116,-138,0
2897.7477469444275,8308,7608,10768,-160,-51,125,7180,-7760,11144,-35,150,-163,-13108,3152,7156,-1032,90,-102,-13388,-6512,6344,-488,90,-126,0
2897.782627105713,8400,7584,10996,-150,-74,88,7524,-7744,11304,-90,148,-167,-13092,3272,6932,-973,17,-72,-13368,-6548,6640,-505,106,-165,0
2897.818268060684,8424,7652,10864,-167,-5,61,7424,-7880,11260,-27,158,-169,-13256,3300,6944,-997,64,-28,-13384,-6420,6360,-484,99,-151,0
2897.8518550395966,8428,7480,11068,-155,8,61,7484,-7792,11188,-34,175,-159,-13296,3248,7056,-999,72,-59,-13380,-6444,6456,-452,104,-136,0
2897.8853340148926,8328,7620,10864,-158,-12,97,7636,-7812,11280,-22,170,-169,-13284,3376,7272,-996,81,-51,-13312,-6636,6480,-458,94,-132,0
2897.9189400672913,8352,7460,11116,-167,-248,80,7252,-7848,11264,-71,169,-149,-13136,3448,7112,-949,22,-65,-13376,-6416,6436,-497,77,-166,0
2897.9524171352386,8252,7516,10996,-168,-50,87,7384,-7804,11240,-58,136,-170,-13176,3320,7232,-985,102,-46,-13236,-6372,6368,-521,126,-153,0
2897.98592209816,8340,7836,11192,-156,-61,104,7380,-7784,11296,-39,153,-171,-13160,3212,6948,-1007,122,-45,-13548,-6496,6308,-492,169,-96,0
2898.019381046295,8352,7428,11040,-164,-36,103,7664,-7884,11228,-41,127,-177,-13232,3368,6916,-1020,128,-58,-13348,-6504,6420,-482,154,-120,0
2898.052899122238,8432,7544,11044,-173,-85,116,7440,-7768,11348,-48,151,-171,-13200,3364,7084,-1276,93,-76,-13232,-6488,6460,-477,137,-126,0
2898.0866651535034,8268,7516,11012,-169,-44,84,7596,-7892,11488,-25,167,-175,-13252,3344,7132,-1036,106,-78,-13428,-6520,6492,-481,149,-133,0
2898.1201970577245,8432,7632,11064,-182,-50,110,7380,-7816,11148,-27,169,-187,-13232,3324,7140,-771,86,-70,-13304,-6524,6460,-466,163,-128,0
2898.1537370681763,8316,7704,10992,-185,-71,111,7380,-7804,11160,-33,121,-179,-13168,3376,7072,-1006,115,-42,-13388,-6552,6428,-468,146,-112,0
2898.1873979568486,8312,7516,10764,-175,-98,121,7432,-7800,11304,-33,157,-192,-13220,3144,7056,-1017,93,-45,-13424,-6460,6640,-482,154,-99,0
2898.2211809158325,8332,7632,11068,-193,-88,121,7484,-7836,11144,244,115,-168,-13232,3388,7188,-969,83,-52,-13324,-6392,6412,-497,153,-110,0
2898.2547080516815,8328,7564,10956,-199,-103,136,7356,-7888,11240,30,131,-169,-13164,3264,7036,-1024,126,-130,-13320,-6552,6440,-487,177,-97,0
2898.28831410408,8308,7612,11112,-188,-162,145,7316,-7756,11276,19,116,-195,-13236,3128,6976,-1001,147,-133,-13348,-6548,6416,-468,222,-63,0
2898.3218760490417,8228,7620,11036,-181,-139,127,7456,-7696,11244,-24,98,-215,-13252,3376,7228,-991,135,-97,-13384,-6476,6176,-511,207,-79,0
2898.3554539680486,8484,7596,10956,-199,-183,135,7476,-7852,11284,-46,127,-184,-13124,3288,7284,-964,114,-97,-13344,-6480,6560,-490,161,-85,0
2898.388824939728,8432,7628,11008,-209,-89,152,7400,-7828,11376,-14,92,-177,-13088,3304,7100,-1002,217,-102,-13408,-6432,6152,-486,156,-51,0
2898.422380924225,8376,7612,11028,-227,-55,181,7336,-7860,11168,2,64,-173,-13180,3284,7208,-1042,193,-102,-13272,-6508,6328,-489,191,-38,0
2898.455832004547,8392,7576,10956,-228,-71,186,7432,-7812,11448,-248,93,-165,-13328,3560,7168,-1031,149,-99,-13224,-6580,6440,-472,198,-33,0
2898.48930811882,8384,7544,11084,-505,-136,153,7476,-7884,11212,-20,64,-218,-13184,3348,7088,-1005,169,-122,-13328,-6520,6348,-499,238,-71,0
2898.522930145264,8360,7492,10884,-189,-175,152,7440,-7848,11324,6,58,-244,-13168,3572,7156,-1027,152,-140,-13428,-6436,6320,-502,220,-66,0
2898.5567729473114,8400,7508,11092,-179,-193,154,7532,-7836,11240,56,133,-228,-13216,3344,6968,-1001,192,-163,-13392,-6440,6492,-501,246,-72,0
2898.5902130603786,8296,7524,10964,-183,-117,149,7308,-7716,11216,13,102,-236,-13284,3352,6940,-998,184,-168,-13332,-6640,6648,-467,205,-48,0
2898.623757123947,8396,7564,10864,-212,-148,182,7576,-7848,11072,13,62,-220,-13284,3112,6816,-997,194,-122,-13432,-6412,6596,-478,204,-32,0
2898.6568751335144,8644,7596,10780,-233,-145,166,7556,-7756,11272,-18,63,-197,-13340,3212,7084,-992,174,-87,-13376,-6520,6288,-477,162,-59,0
2898.6905801296234,8192,7664,11028,-229,-145,193,7416,-7768,11412,-14,101,-158,-13152,3284,6920,-981,154,-106,-13388,-6400,6336,-480,160,-69,0
2898.7239480018616,8412,7520,10904,-206,-141,172,7520,-7776,11500,-16,78,-195,-13288,3204,7092,-1004,188,-135,-13412,-6552,6312,-509,201,-71,0
2898.7574369907375,8320,7520,11208,-202,-157,165,7456,-7796,11340,-246,109,-204,-13248,3252,7128,-1280,168,-133,-13420,-6596,6404,-265,191,-103,0
2898.7910449504852,8396,7548,11104,-187,-150,158,7492,-7812,11248,7,59,-217,-13204,3336,7044,-1042,186,-132,-13372,-6488,6252,-480,223,-55,0
2898.8241069316864,8212,7476,11080,-204,-160,152,7600,-7752,11204,11,91,-230,-13336,3276,6960,-1007,148,-90,-13388,-6516,6484,-487,183,-83,0
2898.8617651462555,8316,7528,11108,-216,-142,158,7496,-7836,11228,1,71,-221,-13564,3208,7144,-1010,156,-95,-13372,-6148,6632,-489,208,-99,0
2898.8981659412384,8440,7564,10952,-236,-157,138,7592,-7748,11088,-26,108,-232,-13196,3340,7048,-1003,122,-144,-13472,-6456,6424,-478,190,-97,0
2898.9334149360657,8448,7536,10968,-195,-151,118,7460,-7920,11244,-10,138,-211,-13228,3228,6872,-1007,99,-89,-13400,-6268,6328,-466,159,-129,0
2898.9699470996857,8460,7392,10964,-174,-115,122,7544,-7772,11224,-54,162,-193,-13260,3568,6980,-1009,115,-52,-13368,-6356,6360,-466,133,-122,0
2899.0049710273743,8668,7536,10936,-193,-45,79,7672,-7844,11200,-63,161,-172,-13236,3272,7016,-1042,115,-72,-13396,-6448,6336,-483,119,-108,0
2899.0404250621796,8496,7500,10544,-185,-20,86,7472,-7832,11224,-251,175,-165,-13280,3456,7040,-1033,55,-59,-13396,-6352,6312,-460,124,-134,0
2899.075492143631,8456,7548,11000,-170,-40,115,7528,-7804,11248,-34,176,-154,-13220,3236,6988,-1037,67,-66,-13460,-6516,6372,-489,134,-126,0
2899.1108341217046,8256,7536,10896,-146,-46,113,7424,-7860,11324,-78,118,-178,-13256,3248,6984,-1015,73,-82,-13120,-6628,6352,-498,140,-126,0
2899.1459820270534,8356,7528,10928,-155,-78,95,7552,-7752,11472,-61,194,-161,-13168,3208,7068,-992,101,-81,-13396,-6516,6432,-478,116,-133,0
2899.181838989258,8400,7516,10848,-177,-69,112,7384,-7716,11344,-69,147,-180,-13088,3272,7148,-985,94,-64,-13496,-6444,6356,-460,90,-137,0
2899.2174170017242,8444,7480,11056,-182,-22,101,7580,-7740,11508,-85,163,-159,-13368,3304,7100,-1020,27,-53,-13364,-6612,6428,-478,80,-181,0
2899.2538211345673,8428,7552,10820,-223,-41,42,7444,-7920,11236,-43,178,-165,-13252,3532,6968,-1008,10,-1,-13284,-6472,6412,-469,78,-165,0
2899.2892129421234,8360,7656,11056,-122,47,49,7232,-7768,11324,-58,200,-153,-13304,3124,7364,-1001,69,-64,-13344,-6472,6260,-469,75,-156,0
2899.3242270946503,8232,7472,11056,-168,-41,28,7484,-7764,11064,-45,180,-176,-13232,3296,7036,-997,44,-62,-13400,-6396,6364,-463,151,-159,0
2899.360579967499,8444,7500,11124,-152,-9,74,7440,-7764,11160,-49,156,-156,-13196,3228,6924,-1020,23,-25,-13496,-6540,6420,-461,71,-174,0
2899.3962340354924,8364,7532,10936,-122,15,71,7456,-7768,11264,-74,186,-123,-13364,3264,7028,-1001,25,-25,-13436,-6508,6540,-497,40,-184,0
2899.432275056839,8340,7636,11200,-156,18,39,7496,-7780,11324,-100,197,-105,-13312,3380,7032,-962,24,-14,-13352,-6448,6384,-480,61,-147,0
2899.467572927475,8388,7600,10804,-172,-243,89,7428,-7816,11224,-56,163,-139,-13284,3216,6980,-973,90,-69,-13536,-6324,6384,-486,84,-146,0
2899.5039300918575,8400,7556,11064,-172,-10,81,7428,-7772,11192,-48,156,-166,-13148,3300,7056,-1038,72,-44,-13240,-6444,6428,-491,146,-144,0
2899.537461042404,8276,7612,10936,-166,-82,90,7648,-7864,11088,-31,177,-174,-13308,3228,7100,-1022,63,-44,-13276,-6564,6444,-490,151,-140,0
2899.571047067642,8444,7544,11096,-153,-54,84,7436,-7796,11384,-47,152,-203,-13212,3360,7144,-992,67,-53,-13560,-6648,6408,-490,158,-165,0
2899.6047899723053,8340,7524,11032,-142,-55,79,7168,-7844,11208,-36,142,-180,-13228,3272,7028,-996,80,-90,-13340,-6556,6200,-476,129,-150,0
2899.6379849910736,8304,7528,11088,-132,-43,74,7660,-7884,11476,-51,140,-162,-13232,3248,7064,-995,61,-81,-13400,-6424,6528,-447,141,-144,0
2899.6711530685425,8408,7916,10928,-136,-31,79,7420,-7760,11420,-56,179,-169,-13264,3256,7008,-1012,70,-39,-13376,-6468,6392,-501,123,-168,0
2899.704663038254,8356,7560,11224,-164,-53,76,7488,-7728,11296,-71,133,-175,-13244,3264,7004,-969,67,-58,-13408,-6496,6612,-497,101,-162,0
2899.738345146179,8388,7668,10992,-153,-57,85,7392,-7816,11212,-67,174,-172,-13296,3096,6996,-968,70,-42,-13464,-6424,6564,-481,105,-121,0
2899.771837949753,8292,7464,11220,-163,-25,87,7416,-7968,11272,-66,152,-183,-13296,3336,6968,-986,87,-21,-13348,-6276,6272,-494,131,-97,0
2899.805477142334,8180,7416,11048,-160,-28,120,7184,-7872,11408,-43,112,-147,-13280,3328,6976,-775,131,-59,-13316,-6488,6500,-462,138,-131,0
2899.838979959488,8348,7560,10936,-165,-65,121,7396,-7868,11260,-14,116,-217,-13172,3232,7008,-1049,115,-64,-13284,-6456,6564,-480,165,-103,0
2899.8721799850464,8252,7512,11028,-157,-64,112,7260,-7820,11216,-41,134,-192,-13272,3236,7348,-1002,135,-107,-13400,-6484,6484,-479,147,-104,0
2899.9055240154266,8580,7632,11128,-158,-37,100,7644,-7740,11620,-57,123,-176,-13236,3304,7280,-985,130,-76,-13316,-6548,6496,-481,102,-129,0
2899.938976049423,8444,7604,10756,-164,-77,114,7460,-7836,11104,-61,155,-171,-13208,3416,7020,-981,65,-256,-13344,-6444,6500,-516,135,-131,0
2899.9725041389465,8336,7456,10848,-191,-37,115,7332,-7760,11416,-38,141,-162,-13184,3312,7328,-1013,89,-74,-13252,-6572,6312,-496,134,-142,0
2900.0060839653015,8300,7680,10924,-161,-21,84,7552,-7768,11296,-56,153,-159,-13248,3088,7348,-1000,52,-59,-13360,-6540,6384,-495,106,-147,0
2900.040018081665,8284,7596,10904,-160,-48,52,7396,-7844,11236,-59,203,-178,-13264,3444,7076,-987,67,-109,-13424,-6452,6172,-481,149,-188,0
2900.0733180046086,8348,7616,10852,-200,-30,64,7456,-7820,11100,-53,127,-183,-13180,3516,7152,-1023,79,-71,-13380,-6480,6452,-478,132,-118,0
2900.1071600914006,8404,7900,11020,-155,-45,101,7412,-7776,11312,-41,120,-157,-13064,3256,7096,-1022,100,-28,-13108,-6524,6456,-465,110,-134,0
2900.1403119564056,8440,7656,11148,-178,-43,127,7432,-7796,11508,-59,146,-149,-13308,3308,7108,-1004,109,-52,-13324,-6504,6548,-492,99,-136,0
2900.173735141754,8216,7524,10884,-155,-26,108,7460,-7848,11360,-49,152,-151,-13276,3352,7164,-1002,131,-86,-13492,-6500,6172,-481,114,-142,0
2900.2072949409485,8288,7564,11192,-165,-48,87,7484,-7956,11404,-24,172,-170,-13208,3232,7060,-1034,99,-106,-13308,-6464,6404,-482,173,-115,0
2900.2409570217133,8300,7644,10848,-200,-57,133,7384,-7812,11332,61,125,-163,-13232,3568,7404,-1048,118,-55,-13384,-6464,6556,-502,171,-102,0
2900.2743771076202,8300,7632,11160,-189,-97,113,7460,-7852,11132,-25,141,-194,-13220,3252,7356,-986,69,-88,-13312,-6568,6468,-489,173,-107,0
2900.3079330921173,8376,7536,11016,-210,-108,128,7384,-7872,11328,6,103,-201,-13264,3328,6968,-969,111,-117,-13336,-6504,6368,-471,194,-67,0
2900.3414220809937,8352,7568,11036,-186,-171,123,7488,-7784,11220,-35,108,-218,-13312,3280,7100,-1001,127,-158,-13348,-6496,6408,-483,243,-89,0
2900.3748509883885,8684,7536,11020,-196,-156,150,7676,-7708,11120,-12,104,-205,-13500,3532,7080,-956,135,-78,-13312,-6484,6540,-493,181,-80,0
2900.4082169532776,8216,7592,11164,-221,-114,111,7468,-7808,11016,-36,142,-194,-13236,3560,6724,-995,118,-104,-13296,-6456,6392,-475,178,-68,0
2900.441699028015,8368,7480,10952,-221,-106,126,7460,-7884,11292,254,147,-170,-13208,3392,7172,-984,204,-149,-13368,-6428,6360,-504,200,-71,0
2900.4752831459045,8340,7556,11184,-237,-91,138,7536,-7836,11052,27,107,-168,-13256,3340,7164,-1033,172,-155,-13376,-6408,6272,-508,201,-51,0
2900.5112941265106,8412,7604,10932,-183,-124,153,7620,-7808,11496,41,108,-206,-13276,3256,6704,-986,181,-153,-13404,-6656,6392,-521,210,-58,0
2900.547107934952,8440,7600,11048,-163,-122,169,7504,-7812,11400,25,88,-204,-13332,3316,7168,-936,167,-113,-13360,-6504,6356,-516,198,-68,0
2900.5822761058807,8444,7664,10912,-181,-149,156,7572,-7768,11108,13,92,-186,-13308,3280,7064,-958,201,-167,-13452,-6392,6352,-509,213,-31,0
2900.617457151413,8424,7552,11188,-200,-129,181,7508,-7776,11360,-14,107,-226,-13224,3312,7144,-956,181,-109,-13540,-6496,6308,-479,182,-57,0
2900.658895969391,8376,7524,11092,-192,-164,186,7532,-7808,11144,-23,86,-201,-13400,3272,7232,-920,187,-95,-13436,-6436,6316,-264,185,-78,0
2900.6937971115112,8464,7540,10992,-235,-132,158,7508,-7840,11340,10,78,-182,-13284,3200,7144,-959,181,-115,-13348,-6472,6456,-503,147,-80,0
2900.7298660278325,8444,7488,11112,-196,-78,130,7184,-7840,11260,14,77,-202,-13292,3336,7192,-984,182,-88,-13332,-6496,6328,-506,145,-89,0
2900.764939069748,8392,7516,10812,-187,-139,119,7468,-7764,11268,-15,128,-217,-13492,3080,6776,-932,226,-150,-13124,-6348,6328,-535,200,-69,0
2900.8003990650177,8376,7516,10984,-209,-114,127,7440,-7836,11200,-3,94,-182,-13548,3352,7108,-971,224,-89,-13376,-6424,6412,-521,166,-70,0
2900.835529088974,8356,7236,11024,-181,-118,173,7456,-7768,11204,253,76,-155,-13564,3296,7092,-772,202,-110,-13388,-6396,6376,-484,120,-62,0
2900.870880126953,8400,7596,11032,-219,-110,163,7476,-7672,11240,-10,80,-176,-13312,3296,7052,-994,196,-94,-13360,-6452,6400,-513,121,-76,0
2900.9061081409454,8692,7596,10932,-214,-79,130,7500,-7784,11424,-44,81,-156,-13376,3320,6920,-973,179,-105,-13352,-6444,6300,-540,132,-127,0
2900.942806959152,8388,7416,10832,-138,-127,126,7524,-7820,11268,-49,102,-201,-13520,3316,6968,-1008,175,-95,-13344,-6612,6636,-548,181,-112,0
2900.9777040481567,8400,7480,10896,-156,-96,146,7624,-7776,11140,7,106,-206,-13332,3352,7028,-966,187,-109,-13360,-6484,6224,-540,197,-88,0
2901.013291120529,8680,7472,11192,-129,-140,121,7456,-7752,11112,-78,116,-201,-13304,3260,6804,-889,254,-138,-13320,-6596,6164,-530,147,-164,0
2901.0492689609528,8472,7568,11088,-157,-86,83,7520,-7732,11132,-54,155,-219,-13320,3324,6892,-949,508,-75,-13496,-6644,6232,-611,116,-154,0
2901.0848820209503,8632,7656,10968,-150,-69,80,7608,-7828,11260,-68,121,-138,-13388,3368,7032,-964,363,-109,-13520,-6452,6364,-673,-48,-162,0
2901.120325088501,8540,7496,11052,-123,241,106,7656,-7768,11268,-114,181,-143,-13332,3284,7072,-1168,112,-89,-13444,-6436,6312,-610,62,-153,0
2901.1555929183965,8424,7472,10968,-139,-96,91,7528,-7724,11228,-63,152,-168,-13540,3292,7088,-1169,-57,-19,-13376,-6432,6164,-481,184,-112,0
2901.191363096237,8684,7500,11188,-158,-93,73,7576,-7804,11056,-58,163,-188,-13100,3224,7028,-1088,-68,-63,-13324,-6416,6312,-413,94,-113,0
2901.2248449325566,8368,7640,10856,-131,-138,86,7464,-7852,11348,-124,150,-167,-13316,3336,6840,-788,188,-93,-13420,-6500,6504,-669,8,-160,0
2901.258577108383,8332,7544,10900,-102,-54,73,7392,-7916,11024,-144,84,-131,-13252,3416,6688,-877,436,-81,-13324,-6432,6612,-804,-31,-164,0
2901.292109966278,8344,7612,11052,-64,100,93,7528,-7760,11280,-209,65,-97,-13256,3308,6856,-1072,349,-52,-13436,-6508,6176,-857,-11,-192,0
2901.3254840373993,8388,7500,10984,-52,43,89,7428,-7840,11268,-202,145,-106,-13336,3304,6992,-813,144,-77,-13260,-6568,6384,-866,155,-223,0
2901.359358072281,8484,7604,10792,-96,113,74,7480,-7776,11212,-192,88,-75,-13304,3240,6884,-699,190,-68,-13372,-6476,6432,-775,90,-188,0
2901.392781019211,8400,7580,10788,-102,61,76,7428,-7896,11300,-207,245,-101,-13084,3572,6860,-777,190,-66,-13328,-6544,6232,-804,51,-202,0
2901.4265389442444,8356,7620,10848,-17,90,62,7364,-7876,11048,-252,63,-54,-13416,3540,6892,-827,130,-63,-13352,-6528,6276,-846,-21,-213,0
2901.4600191116333,8388,7668,11044,-41,97,55,7428,-7828,11296,-237,65,-108,-13400,3216,7064,-791,190,-3,-13372,-6472,5932,-745,-252,-211,0
2901.4935851097107,8376,7520,10832,-118,103,40,7520,-7932,11064,-183,85,-111,-13368,3260,6844,-883,160,-8,-13084,-6556,6304,-721,86,-173,0
2901.5273129940033,8420,7592,10924,-104,100,71,7488,-7912,11284,-138,103,-125,-13352,3352,6920,-882,93,-53,-13408,-6596,6304,-641,91,-211,0
2901.560992002487,8356,7876,11224,-123,65,75,7432,-7840,11132,-125,82,-103,-13504,3560,7084,-814,54,-49,-13340,-6620,6372,-598,80,-195,0
2901.594514131546,8284,7688,10960,-112,87,63,7424,-7832,11220,-178,116,-116,-13384,3200,6944,-865,-39,-40,-13320,-6656,6276,-471,106,-157,0
2901.6280059814453,8312,7548,11216,-181,24,91,7436,-7976,11140,-127,168,-146,-13536,3076,6760,-901,-48,-20,-13260,-6672,6228,-501,168,-136,0
2901.6611800193787,8256,7588,10952,-276,18,114,7536,-7904,11160,-85,118,-152,-13560,3448,6872,-971,-31,-40,-13268,-6608,6396,-501,186,-152,0
2901.694685935974,8256,7632,10856,-205,253,110,7476,-8144,11180,-104,94,-192,-13324,3368,6892,-945,-41,-61,-13348,-6620,6360,-453,230,-135,0
2901.7280230522156,8172,7632,11024,-141,-83,96,7480,-7748,11244,-83,137,-198,-13532,3352,6936,-916,20,-51,-13316,-6600,6288,-490,200,-132,0
2901.7614250183105,8404,7592,11056,-124,-54,71,7548,-7888,11084,-122,92,-190,-13392,3328,7004,-924,8,-22,-13360,-6624,6648,-426,132,-161,0
2901.7951509952545,8216,7636,11008,-121,-60,86,7520,-7932,11220,-98,122,-194,-13232,3380,7152,-1002,-39,-18,-13384,-6616,6380,-360,169,-142,0
2901.8285279273987,8304,7556,10944,-147,-72,73,7496,-7960,10980,-73,122,-176,-13348,3412,6872,-993,-64,-69,-13560,-6636,6352,-339,182,-132,0
2901.8619849681854,8332,7616,10828,-162,-56,81,7464,-7704,11032,-143,120,-168,-13312,3420,7004,-985,-118,-38,-13236,-6548,6408,-344,193,-159,0
2901.8953161239624,8256,7604,10904,-201,-35,60,7576,-7880,11220,-103,33,-102,-13500,3496,6864,-1069,0,-246,-13280,-6620,6412,-323,164,-109,0
2901.928784132004,8252,7636,11088,-159,-43,62,7628,-7900,11108,-113,129,-196,-13296,3388,6768,-995,-71,-16,-13400,-6656,6188,-297,177,-84,0
2901.962341070175,8368,7572,11056,-132,-53,72,7500,-7888,11216,-57,186,-169,-13172,3324,6800,-987,-67,-56,-13356,-6572,6356,-327,122,-125,0
2901.99582195282,8288,7556,11108,-132,-83,82,7368,-7936,11244,-54,116,-180,-13184,3408,7004,-928,-50,-56,-13236,-6532,6324,-338,189,-131,0
2902.0293331146245,7968,7636,11096,-139,-74,70,7504,-8012,11116,-74,122,-183,-13168,3372,7128,-926,-12,-44,-13072,-6704,6344,-348,145,-106,0
2902.0628979206085,8316,7800,11256,-154,-46,98,7380,-8024,11184,-129,108,-184,-13096,3412,6940,-903,4,-24,-13460,-6564,6304,-388,93,-131,0
2902.096610069275,8620,7476,11228,-158,-62,63,7552,-7920,11176,-122,224,-156,-13192,3544,6784,-866,255,-252,-13320,-6604,6516,-361,114,-77,0
2902.1301820278168,8276,7628,10900,-202,-30,74,7492,-8168,11228,-135,77,-190,-13304,3444,6996,-804,54,-37,-13268,-6484,6612,-363,78,-96,0
2902.1634221076965,8288,7720,10972,-148,25,76,7568,-7924,11124,-137,126,-131,-13312,3436,6916,-730,-248,247,-13392,-6904,6320,-320,22,-86,0
2902.199681043625,8220,7660,11220,-149,11,49,7532,-8000,11236,-125,175,-154,-13268,3432,7012,-729,-35,-73,-13376,-6488,6288,-313,67,-52,0
2902.234918117523,8432,7588,11052,-229,68,90,7384,-8012,11152,-87,141,-158,-13284,3476,6820,-843,19,-48,-13324,-6500,6372,-391,109,-58,3
2902.2702629566193,8248,7624,11064,-180,-44,144,7492,-7944,11128,34,198,-135,-13176,3488,6820,-1057,63,-75,-13276,-6576,6648,-395,103,-45,3
2902.3053851127625,8212,7624,11156,-236,-118,149,7508,-7748,11048,59,171,-204,-12884,3476,7148,-1126,122,-104,-13420,-6424,6496,-378,157,-32,3
2902.340994119644,8240,7672,11080,-267,-129,143,7560,-8032,11128,21,146,-222,-13172,3504,7212,-1169,95,-168,-13368,-6528,6624,-348,223,-33,3
2902.375903129577,7976,7640,11180,-510,-168,155,7448,-7992,11076,121,131,-234,-13140,3608,7048,-1287,128,-145,-13448,-6468,6412,-407,260,-38,3
2902.411858081817,8180,7584,11256,-248,-172,182,7512,-8088,11208,173,120,-218,-13200,3524,6944,-1294,97,-142,-13244,-6480,6636,-404,273,-15,3
2902.448450088501,8292,7588,11084,-205,-248,165,7496,-7948,11128,195,128,-246,-13364,3452,6920,-1326,166,-208,-13300,-6520,6332,-400,304,-24,3
2902.4833879470825,8296,7580,11260,-254,-232,194,7548,-7976,11156,215,192,-253,-13344,3432,7020,-1369,141,-139,-13368,-6548,6640,-459,281,-42,0
2902.5194449424744,8248,7636,10824,-262,-270,186,7528,-7872,11260,234,215,-251,-13236,3364,6664,-1303,138,-196,-13384,-6600,6360,-462,292,-34,0
2902.5548350811005,8328,7328,11056,-229,-228,175,7532,-7908,11264,187,138,-510,-13312,3352,7120,-1327,149,-177,-13208,-6552,6368,-429,268,-35,0
2902.590404987335,8432,7572,10968,-238,-248,160,7488,-7752,11328,174,158,-243,-13284,3324,6872,-1527,203,-167,-13352,-6480,6164,-421,228,-45,0
2902.6256089210506,8336,7528,10864,-236,-190,175,7524,-7700,11192,166,90,-240,-13296,3408,7064,-1231,169,-117,-13480,-6512,6328,-470,165,-69,0
2902.6609370708466,8392,7596,11080,-221,-167,163,7552,-7876,11116,104,80,-240,-13364,3272,6976,-1247,171,-134,-13436,-6468,6496,-443,129,-61,0
2902.6961071491246,8384,7524,11056,-218,-139,175,7512,-7880,11148,92,107,-195,-13068,3236,7056,-1172,197,-121,-13344,-6568,6340,-430,167,-54,0
2902.731943130493,8380,7620,11132,-213,-170,179,7468,-7872,11160,81,107,-228,-13276,3328,7144,-1193,213,-104,-13556,-6648,6364,-463,177,-97,0
2902.7679691314697,8408,7524,11012,-207,-150,175,7548,-7804,11192,46,86,-248,-13308,3356,7056,-1093,199,-141,-13120,-6656,6476,-442,185,-39,0
2902.8034319877625,8232,7464,11044,-221,-162,193,7468,-7720,11196,25,109,-217,-13320,3408,7012,-1093,225,-122,-13420,-6208,6312,-455,168,-33,0
2902.8409090042114,8652,7460,10932,-208,-182,188,7528,-7868,11120,34,108,-173,-13280,3384,7060,-1099,203,-121,-13436,-6488,6300,-493,171,-82,0
2902.8745100498204,8200,7448,11260,-223,-166,165,7544,-7788,11112,32,94,-212,-13396,3316,6944,-1082,136,-107,-13080,-6476,6276,-470,182,-78,0
2902.9077620506287,8360,7528,10756,-177,-136,127,7500,-7804,11112,27,125,-204,-13324,3212,6864,-1079,138,-132,-13400,-6556,6308,-437,173,-83,0
2902.9414279460907,8420,7592,11076,-195,-137,100,7488,-7856,11176,6,147,-237,-13404,3316,6824,-1095,203,-107,-13316,-6328,6156,-469,161,-88,0
2902.9749541282654,8692,7492,11248,-199,-130,90,7424,-7816,11112,-49,100,-179,-13256,3568,7076,-1033,138,-56,-13376,-6432,6404,-469,100,-124,0
2903.0083060264587,8192,7552,10764,-131,-112,109,7664,-7772,11048,-50,119,-136,-13544,3232,7076,-1041,112,-53,-13368,-6580,6256,-467,57,-122,0
2903.0420019626617,8372,7592,10980,-159,-87,102,7636,-7708,11132,-75,139,-153,-13256,3264,6956,-1010,111,-94,-13388,-6436,6392,-257,84,-153,0
2903.075546979904,8452,7484,11048,-163,-58,93,7496,-7732,11084,-59,161,-166,-13272,3224,6972,-1279,63,-52,-13344,-6516,6392,-260,125,-141,0
2903.1092250347137,8496,7516,11084,-143,-49,67,7588,-7804,11100,-24,142,-177,-13256,3272,6928,-1273,157,-73,-13328,-6616,6396,-533,142,-138,0
2903.1425890922546,8380,7500,10864,-179,-33,90,7432,-7800,11276,-5,162,-186,-13184,3276,7004,-961,153,-63,-13064,-6424,6332,-522,141,-123,0
2903.1762530803685,8312,7572,10760,-136,-88,97,7420,-7796,11308,-62,181,-183,-13256,3312,7000,-961,64,-70,-13360,-6460,6316,-464,148,-124,0
2903.210035085678,8456,7608,10912,-179,-98,69,7496,-7796,11104,-59,268,-174,-13232,3196,6992,-1011,137,-80,-13336,-6392,6412,-486,131,-140,0
2903.243444919586,8376,7544,11128,-202,-65,87,7512,-7780,11224,-6,217,-191,-13324,3544,7040,-940,119,-75,-13336,-6456,6320,-483,153,-150,0
2903.277149915695,8192,7604,10756,-178,-74,88,7592,-7864,11020,-28,216,-168,-13324,3248,7056,-907,82,-58,-13348,-6432,6416,-258,135,-146,0
2903.3107719421387,8436,7496,10976,-174,-56,91,7500,-7792,11260,-61,201,-180,-13252,3284,7120,-958,122,-43,-13396,-6440,6144,-537,106,-170,0
2903.3443610668182,8444,7632,10820,-146,-53,52,7528,-7824,11148,-71,175,-185,-13068,3228,7168,-933,106,-52,-13412,-6436,6352,-527,97,-177,0
2903.3780660629272,8412,7480,10992,-162,-60,76,7588,-7820,11328,-32,202,-147,-13388,3352,7176,-938,85,-89,-13080,-6424,6376,-546,115,-174,0
2903.4113340377808,8356,7544,11192,-118,-35,94,7524,-7736,11140,-27,162,-133,-13336,3264,6936,-958,91,-72,-13328,-6556,6284,-526,112,-162,0
2903.4449350833893,8356,7608,10848,-141,-11,53,7500,-7904,11292,-32,180,-171,-13532,3212,6892,-966,83,-50,-13372,-6456,6280,-531,137,-198,0
2903.4784409999847,8432,7580,10804,-158,-97,78,7508,-7756,11456,-80,207,-172,-13528,3284,7128,-935,13,-42,-13312,-6480,6260,-494,121,-162,0
2903.5120301246643,8208,7508,10904,-146,-49,110,7528,-7772,11288,-110,166,-123,-13064,3096,7148,-894,87,-54,-13408,-6500,6204,-518,113,-160,0
2903.545611143112,8204,7556,10972,-144,0,85,7472,-7800,11108,-105,143,-129,-13228,3496,6764,-878,138,-35,-13444,-6584,6460,-586,99,-149,0
2903.5792851448055,8292,7580,11040,-135,16,71,7412,-7808,11180,-153,179,-140,-13376,3396,7120,-823,121,-31,-13312,-6592,6344,-589,98,-211,0
2903.612857103348,8264,7620,11012,-102,-13,56,7504,-7868,11220,-192,204,-167,-13196,3432,7008,-929,89,-15,-13316,-6508,6516,-558,88,-182,0
2903.6463501453404,8364,7512,10992,-77,-41,52,7664,-7704,11028,-108,174,-170,-13280,3376,6980,-964,76,-28,-13256,-6480,6324,-561,122,-184,0
2903.6799371242523,8324,7532,11064,-120,-34,36,7664,-7808,11076,-110,159,-165,-13224,3352,7072,-916,65,-47,-13092,-6472,6504,-258,104,-156,0
2903.713618993759,8316,7596,11180,-126,3,55,7384,-7856,11008,-60,153,-165,-13232,3364,6920,-948,98,-66,-13568,-6456,6436,-532,131,-142,0
2903.747244119644,8376,7464,10852,-179,-30,96,7368,-7896,11180,-70,116,-147,-13244,3376,6980,-960,171,-60,-13516,-6472,6352,-543,123,-118,0
2903.780767917633,8292,7560,10804,-140,-31,119,7636,-7828,11292,-63,123,-174,-13212,3360,6856,-989,189,-41,-13404,-6536,6212,-573,131,-144,0
2903.8143389225006,8380,7604,11172,-165,-36,110,7488,-7872,11292,-31,133,-162,-13372,3076,7120,-929,162,-64,-13240,-6548,6292,-570,133,-156,0
2903.8480689525604,8248,7512,10996,-122,-27,89,7668,-7852,11280,-47,145,-177,-13524,3160,7056,-1007,69,-58,-13268,-6536,6232,-536,160,-138,0
2903.8844051361084,8308,7580,10932,-168,-32,103,7508,-7748,11264,-14,114,-179,-13076,3544,7076,-1013,42,-118,-13372,-6504,6184,-506,168,-106,0
2903.9202289581294,8256,7628,10844,-194,-31,110,7548,-7704,11324,-252,96,-140,-13356,3400,7008,-1034,72,-62,-13220,-6484,6400,-525,122,-145,0
2903.9561800956726,8308,7580,11228,-186,-29,96,7500,-7760,11244,-23,128,-164,-13260,3304,7016,-1032,108,-84,-13432,-6532,6364,-502,107,-148,0
2903.991795063019,8464,7564,11040,-181,-10,115,7440,-7832,11444,-23,115,-166,-13216,3340,7132,-1014,113,-54,-13328,-6592,6268,-526,119,-115,0
2904.0278611183167,8288,7584,10952,-173,-47,116,7460,-7960,11512,-31,94,-157,-13260,3120,7048,-1030,92,-17,-13220,-6576,6300,-484,126,-122,0
2904.0625290870667,8308,7556,10996,-177,-45,115,7452,-7828,11132,-11,93,-174,-13256,3580,7108,-1048,46,-18,-13320,-6660,6340,-467,153,-135,0
2904.097645044327,8380,7656,11044,-185,-52,96,7412,-7992,11064,-38,106,-168,-13148,3576,6916,-1066,-10,-32,-13336,-6608,6148,-451,150,-113,0
2904.1333930492406,8344,7652,11100,-180,-58,111,7472,-7840,11208,-38,153,-183,-13204,3444,6932,-1037,-29,-37,-13324,-6588,6364,-446,158,-126,0
2904.1681740283966,8400,7500,11012,-180,-38,94,7392,-8164,11312,-28,158,-191,-13128,3072,6784,-1078,2,-48,-13328,-6444,6476,-423,171,-114,0
2904.204504966736,8280,7604,11164,-170,-43,108,7572,-7900,11248,-27,158,-164,-13224,3400,7000,-1079,3,-91,-13264,-6608,6284,-424,165,-102,0
2904.2404351234436,8292,7620,11048,-182,-61,124,7540,-7920,11236,15,148,-181,-13212,3108,7388,-1110,15,-22,-13100,-6488,6568,-394,155,-116,0
2904.2755999565125,8296,7608,11060,-224,-70,121,7464,-7920,11188,-12,143,-207,-13436,3372,6972,-1030,108,-83,-13364,-6624,6512,-426,156,-78,0
2904.3118281364445,8316,7432,10816,-226,-65,130,7416,-7804,11320,253,119,-188,-13356,3356,7176,-1023,95,-101,-13448,-6504,6404,-429,156,-59,0
2904.3480961322784,8276,7592,10928,-227,-120,141,7176,-7972,11380,-30,92,-183,-13072,3472,7084,-1048,55,-102,-13376,-6568,6484,-450,157,-79,0
2904.3830480575566,8296,7716,10912,-134,-74,139,7176,-7884,11444,-55,120,-185,-13220,3252,7164,-938,125,-87,-13476,-6496,6432,-762,106,-81,0
2904.418756008148,8240,7596,11048,-159,-69,105,7416,-7912,11212,-11,109,-200,-13240,3376,6960,-1012,115,-81,-13072,-6492,6156,-471,193,-36,0
2904.4542911052704,8300,7508,10916,-228,-32,134,7488,-7868,11184,30,117,-158,-13224,3376,7060,-1109,48,-119,-13336,-6460,6368,-439,259,-53,0
2904.490021944046,8312,7668,10804,-210,-73,159,7556,-7956,11360,0,121,-158,-13240,3344,7280,-936,45,-103,-13344,-6600,6524,-528,170,-77,0
2904.5261509418488,8276,7664,11040,-205,-66,131,7484,-7760,11360,-79,122,-148,-13512,3568,7152,-863,48,-122,-13076,-6548,6448,-517,158,-62,0
2904.5596740245815,8324,7556,11148,-165,-93,127,7532,-7824,11424,-95,113,-193,-13272,3536,6920,-884,57,-105,-13340,-6476,6180,-466,187,-71,0
2904.5931761264806,8376,7480,11260,-147,-151,156,7504,-8160,11296,-89,88,-221,-13240,3436,7116,-915,41,-103,-13300,-6516,6504,-478,283,-63,0
2904.6269481182094,8368,7516,10964,-83,-194,133,7432,-7872,11260,-93,140,-233,-13160,3240,7012,-814,9,-101,-13428,-6564,6448,-536,244,-77,0
2904.660304069519,8240,7528,10984,-116,-140,122,7504,-7904,11064,-80,94,-225,-13248,3328,7004,-791,46,-131,-13348,-6224,6528,-491,189,-43,0
2904.6934890747066,8372,7532,11020,-169,-145,116,7560,-8192,11296,-30,77,-212,-13180,3396,7112,-898,65,-130,-13436,-6452,6212,-421,174,-54,0
2904.726891040802,8372,7632,10992,-194,-143,167,7576,-8032,11080,-53,93,-215,-13192,3396,7176,-943,60,-103,-13364,-6540,6184,-488,217,-113,0
2904.760149002075,8436,7596,11012,-178,-116,141,7572,-7856,11216,-55,92,-207,-13244,3300,7136,-910,77,-120,-13412,-6552,6324,-484,160,-58,0
2904.793426990509,8384,7540,11072,-187,-139,121,7464,-8012,11216,-63,123,-241,-13212,3372,7016,-944,76,-133,-13168,-6464,6300,-471,179,-86,0
2904.8272280693054,8332,7624,10980,-190,-160,135,7660,-7868,11148,-68,107,-245,-13220,3328,7028,-996,118,-102,-13156,-6452,6336,-477,147,-35,0
2904.8605849742894,8356,7548,11140,-202,-141,156,7536,-7908,11224,-43,78,-199,-13192,3360,7076,-1038,91,-85,-13100,-6472,6356,-451,161,-79,0
2904.8937540054326,8348,7584,10984,-184,-131,127,7488,-7804,11296,-19,112,-184,-13068,3384,7016,-1040,98,-125,-13108,-6492,6392,-465,153,-103,0
2904.927325963974,8356,7708,10944,-189,-158,150,7552,-7896,11180,-10,80,-201,-13204,3336,6960,-1082,55,-135,-13340,-6512,6304,-479,169,-103,0
2904.9607110023494,8396,7528,10848,-176,-164,149,7444,-7700,11172,-40,128,-206,-13064,3408,7064,-785,105,-74,-13064,-6248,6308,-460,158,-105,0
2904.994318008423,8244,7680,10976,-214,-118,136,7524,-7860,11160,-60,130,-206,-13272,3456,6984,-1280,93,-68,-13416,-6436,6328,-427,101,-94,0
2905.0279269218445,8452,7580,10988,-160,-145,125,7532,-7696,11152,-61,146,-188,-13512,3488,7032,-1090,82,-35,-13476,-6460,6408,-471,65,-139,0
2905.0612580776215,8400,7540,10908,-189,-107,89,7632,-7928,11092,-66,111,-178,-13216,3392,6980,-1111,70,-55,-13260,-6448,6256,-450,105,-138,0
2905.0948209762573,8404,7604,10912,-158,-9,74,7452,-7836,11220,-23,134,-184,-13192,3356,7112,-1107,77,-43,-13372,-6448,6312,-404,101,-156,0
2905.1281290054326,8376,7564,11048,-163,-29,70,7496,-7896,11068,-31,190,-180,-13320,3380,6960,-1089,59,-55,-13340,-6448,6492,-437,137,-145,0
2905.1618299484253,8388,7596,10928,-181,-35,77,7476,-7884,11300,9,148,-153,-13224,3300,6996,-1082,64,-41,-13404,-6636,6184,-443,72,-126,0
2905.195461034775,8372,7556,10932,-146,-52,112,7488,-7920,11304,-14,122,-162,-13124,3260,7000,-1090,81,-17,-13360,-6500,6304,-426,78,-177,0
2905.2292580604553,8224,7456,11244,-168,-48,123,7548,-7832,11340,-44,151,-184,-13204,3436,7076,-1097,79,-68,-13152,-6564,6344,-412,64,-146,0
2905.2626259326935,8296,7608,11208,-184,-31,97,7252,-7828,11228,-34,187,-183,-13140,3300,6928,-1055,35,-34,-13424,-6484,6532,-422,65,-166,0
2905.295870065689,8396,7576,11124,-158,-45,94,7464,-7800,11240,-252,136,-171,-13164,3392,7156,-1086,73,-42,-13416,-6456,6352,-436,64,-109,0
2905.329327106476,8616,7512,10956,-187,-15,93,7476,-7704,11152,-5,159,-193,-13164,3340,7240,-1111,41,-34,-13440,-6528,6288,-423,83,-126,0
2905.3630130290985,8348,7620,11044,-175,-53,97,7436,-7756,11140,-41,138,-200,-13184,3376,7116,-1062,57,-127,-13508,-6560,6472,-431,98,-129,0
2905.3965039253235,8328,7564,10804,-186,-55,90,7468,-7844,11196,-17,143,-197,-13152,3288,7076,-1035,84,-90,-13272,-6500,6448,-405,139,-124,0
2905.430011034012,8340,7536,11224,-192,-67,106,7564,-7808,11084,-48,142,-163,-13104,3324,7604,-1006,-227,-35,-13332,-6456,6372,-417,142,-115,0
2905.463618040085,8276,7576,10972,-161,-54,89,7648,-7820,11272,-52,160,-155,-13540,3112,7208,-1050,22,-29,-13348,-6436,6244,-450,122,-152,0
2905.4973640441895,8392,7612,11200,-182,-52,95,7556,-7852,11196,-55,190,-167,-13088,3324,7268,-1004,40,-3,-13488,-6540,6312,-437,110,-163,0
2905.530822992325,8348,7604,10952,-177,-25,102,7456,-7876,11156,-65,150,-157,-13248,3304,6960,-1007,69,-16,-13528,-6188,6608,-439,96,-129,0
2905.5678341388702,8336,7616,10976,-190,-60,86,7536,-7948,11168,-32,147,-156,-13212,3304,7100,-1006,20,-65,-13384,-6528,6380,-447,122,-153,0
2905.603390932083,8328,7596,11220,-189,-31,114,7464,-7896,11152,-35,190,-162,-13100,3320,7152,-1014,51,-11,-13384,-6532,6384,-453,131,-133,0
2905.639279127121,8280,7528,11220,-167,-27,91,7456,-7864,11236,-37,133,-186,-13172,3292,7076,-977,79,-47,-13460,-6512,6520,-450,129,-143,0
2905.6780869960785,8324,7552,11036,-166,-50,110,7556,-7764,11188,-73,138,-178,-13060,3544,6956,-996,62,-80,-13472,-6512,6396,-428,142,-125,0
2905.7137320041656,8320,7608,11036,-191,-102,126,7476,-8136,11320,-82,165,-181,-13252,3392,7212,-1017,11,-36,-13368,-6436,6472,-453,166,-123,0
2905.7489359378815,8272,7572,11080,-194,-87,89,7468,-7936,11140,-53,167,-160,-13288,3244,7344,-1003,-9,-88,-13356,-6460,6408,-473,131,-140,0
2905.783931016922,8340,7632,11068,-157,-69,95,7516,-7792,11348,-75,183,-157,-13220,3156,7120,-1024,-21,-47,-13316,-6584,6428,-457,149,-159,0
2905.8199419975285,8340,7656,11000,-172,-146,61,7564,-7920,11060,-64,199,-196,-13148,3352,6992,-1069,-8,-58,-13356,-6376,6476,-439,183,-122,0
2905.854959964752,8304,7584,10872,-159,-86,50,7452,-7924,11220,-43,216,-195,-13216,3232,7088,-1088,42,-40,-13348,-6480,6412,-444,166,-145,0
2905.8903279304504,8616,7600,10792,-138,-54,88,7428,-7816,11252,-7,194,-167,-13168,3256,7260,-1059,51,-76,-13304,-6548,6452,-446,122,-123,0
2905.925481081009,8244,7664,10936,-176,-77,98,7500,-7884,11180,-84,167,-166,-13188,3376,7092,-994,32,-25,-13316,-6564,6400,-476,135,-128,0
2905.960904121399,8316,7596,10876,-155,-50,102,7632,-7928,11228,-97,152,-164,-13104,3336,7216,-986,38,-106,-13112,-6468,6428,-466,157,-114,0
2905.996190071106,8372,7608,11000,-150,-74,84,7664,-7980,11152,-28,150,-195,-13008,3424,7268,-1051,90,-86,-13344,-6484,6324,-457,210,-96,0
2906.0317599773407,8412,7648,10760,-153,-65,112,7524,-7928,11248,-33,141,-197,-13184,3124,7408,-1063,24,-55,-13360,-6532,6396,-480,212,-144,0
2906.067682981491,8372,7620,10988,-138,-126,100,7536,-7836,11060,-54,134,-214,-13228,3332,7268,-1031,10,-49,-13348,-6476,6488,-446,203,-142,0
2906.1027879714966,8288,7520,11252,-163,-90,67,7456,-7976,11064,-81,148,-199,-13160,3432,7212,-1032,25,-71,-13320,-6408,6364,-443,172,-144,0
2906.1383121013646,8400,7556,10980,-172,-109,75,7428,-7940,11168,-81,167,-183,-13232,3576,7192,-1057,44,-63,-13384,-6528,6472,-471,179,-118,0
2906.1738619804382,8376,7568,10964,-143,-103,95,7496,-7876,11220,-68,149,-185,-13264,3408,7160,-770,33,-63,-13280,-6556,6292,-442,150,-125,0
2906.2103950977325,8332,7592,10904,-157,-50,87,7496,-7888,11048,-69,135,-200,-13184,3376,7040,-1016,38,-16,-13272,-6424,6484,-468,128,-116,0
2906.2438149452214,8384,7592,11080,-165,-27,80,7460,-7868,11136,-24,141,-165,-13132,3280,7368,-1011,51,-72,-13264,-6576,6496,-462,146,-127,0
2906.27743601799,8328,7552,10956,-108,7,114,7468,-7940,11224,-17,136,-157,-13064,3224,7220,-1036,78,-105,-13296,-6552,6556,-443,164,-124,0
2906.3107790946965,8296,7544,11012,-155,-20,98,7524,-7860,11064,1,155,-155,-13176,3340,7168,-1046,58,-72,-13384,-6560,6492,-468,166,-120,0
2906.3442890644073,8376,7652,10868,-174,-78,91,7504,-7860,11272,253,126,-184,-13136,3304,7332,-1048,70,-73,-13568,-6592,6584,-457,151,-88,0
2906.3778500556946,8424,7648,11004,-204,-63,133,7432,-7820,11184,-12,147,-198,-12884,3520,7028,-998,99,-132,-13344,-6584,6508,-472,173,-46,0
2906.4110519886017,8368,7640,10964,-203,-114,152,7272,-7928,11348,-39,115,-198,-13176,3512,6928,-1041,106,-82,-13348,-6540,6232,-471,203,-59,0
2906.4466540813446,8276,7592,11008,-230,-137,130,7504,-7744,11180,-29,114,-175,-13180,3364,7344,-1069,84,-90,-13280,-6504,6360,-448,179,-56,0
2906.480203151703,8328,7652,10980,-207,-134,160,7444,-7808,11252,24,127,-201,-13236,3336,7240,-1062,74,-110,-13352,-6468,6368,-474,186,-86,0
2906.5139560699463,8332,7660,11132,-223,-132,126,7672,-7956,11220,-27,107,-203,-13112,3216,7216,-1045,103,-101,-13424,-6392,6464,-472,232,-112,0
2906.5475270748134,8432,7576,10768,-261,-65,122,7368,-7920,11168,65,114,-193,-13060,3352,7236,-1087,93,-125,-13312,-6428,6352,-417,213,-74,0
2906.5808489322662,8288,7500,10912,-226,-94,173,7420,-7932,11316,86,136,-185,-13196,3072,7192,-1087,123,-85,-13336,-6412,6304,-428,227,-62,0
2906.6143860816956,8224,7568,10920,-275,-121,166,7476,-7804,10884,40,106,-198,-13192,3228,7460,-1081,153,-71,-13372,-6524,6308,-430,144,-58,0
2906.6477329730988,8328,7844,10888,-220,-102,127,7192,-7756,11508,250,78,-213,-13156,3376,7372,-1006,153,-128,-13356,-6428,6468,-438,155,-35,0
2906.6812551021576,8400,7552,10900,-197,-145,154,7432,-7916,11192,58,107,-174,-13108,3316,7156,-968,171,-128,-13332,-6304,6152,-456,181,-41,0
2906.7149379253387,8348,7636,10772,-174,-114,169,7468,-7804,11076,83,100,-193,-13032,3240,7228,-1020,253,-123,-13464,-6444,6600,-455,199,-46,0
2906.748430967331,8344,7520,10796,-186,-108,178,7524,-7856,11280,116,109,-210,-13180,3264,7296,-1035,194,-127,-13144,-6472,6628,-444,208,-60,0
2906.781844139099,8208,7528,10844,-204,-143,126,7532,-7848,11160,36,111,-238,-13132,3308,7368,-1038,192,-85,-13376,-6532,6408,-430,190,-37,0
2906.815442085266,8368,7460,11088,-210,-91,154,7444,-7700,11364,13,68,-222,-13136,3292,7024,-987,142,-162,-13484,-6524,6432,-470,145,-87,0
2906.848783969879,8432,7624,11048,-196,-124,173,7556,-7792,11360,40,123,-206,-13140,3292,7312,-973,174,-146,-13388,-6504,6408,-453,165,-47,0
2906.8823330402374,8348,7588,11164,-196,-144,164,7468,-7772,11180,21,96,-213,-13156,3212,7252,-992,202,-99,-13392,-6488,6460,-460,160,-66,0
2906.9156510829926,8404,7584,11016,-196,-145,144,7492,-7820,11348,-18,87,-223,-13264,3284,7292,-989,198,-89,-13368,-6316,6428,-477,168,-101,0
2906.949285030365,8352,7580,10944,-217,-121,142,7544,-7860,11400,7,83,-207,-13152,3552,7420,-1000,158,-79,-13348,-6460,6444,-507,150,-85,0
2906.9829230308533,8348,7472,11088,-204,-104,142,7472,-7768,11116,24,108,-184,-13160,3296,7160,-1030,171,-128,-13348,-6484,6528,-454,153,-54,0
2907.0165071487427,8400,7576,11004,-190,-145,154,7512,-7828,11164,47,114,-208,-13212,3316,7160,-1012,157,-127,-13320,-6340,6392,-460,172,-88,0
2907.0499060153966,8388,7576,10916,-184,-138,156,7556,-7756,11188,-9,55,-191,-13164,3416,7144,-1276,155,-95,-13356,-6640,6616,-481,153,-87,0
2907.0834650993347,8344,7460,10772,-173,-103,126,7580,-7884,11104,255,91,-191,-13084,3316,7044,-989,130,-63,-13328,-6392,6632,-452,162,-82,0
2907.1171109676366,8244,7508,10884,-179,-108,121,7620,-7920,11488,-25,105,-182,-13164,3304,7124,-992,166,-83,-13404,-6284,6420,-462,114,-92,0
2907.150531053543,8472,7468,11072,-198,-119,104,7620,-7888,11076,-62,97,-194,-13212,3276,7192,-1006,120,-94,-13324,-6172,6172,-493,122,-149,0
2907.1840131282806,8212,7536,10992,-176,-69,77,7664,-7900,11164,-48,136,-177,-13232,3188,7120,-1033,75,-21,-13372,-6192,6340,-498,122,-144,0
2907.21732711792,8420,7596,10856,-118,-19,77,7472,-7720,11188,-40,149,-186,-13208,3200,7324,-1016,75,-50,-13384,-6344,6492,-442,126,-147,0
2907.2541439533234,8412,7468,11044,-165,-24,42,7480,-7832,11208,-22,177,-173,-13488,3088,6996,-981,57,-104,-13392,-6252,6152,-451,145,-168,0
2907.2894530296326,8680,7500,10928,-146,22,69,7480,-7820,11160,-255,154,-127,-13128,3316,7064,-1005,90,-17,-13320,-6416,6268,-491,117,-153,0
2907.3249320983887,8364,7628,11000,-138,11,93,7552,-7688,11048,-42,153,-162,-13156,3204,7292,-1014,93,-30,-13244,-6248,6456,-464,99,-164,0
2907.3601241111755,8376,7544,11176,-156,17,81,7680,-7808,11188,-80,166,-120,-13164,3272,7140,-965,57,-15,-13296,-6416,6376,-493,107,-165,0
2907.3954570293427,8316,7488,10932,-125,6,84,7556,-7700,11164,-82,174,-129,-13176,3288,6912,-967,63,-43,-13344,-6168,6652,-471,106,-177,0
2907.4309079647064,8700,7544,11008,-146,-22,61,7492,-7828,11232,-49,175,-167,-13220,3336,6976,-1001,61,-48,-13392,-6332,6344,-489,149,-180,0
2907.4662170410156,8304,7584,10984,-134,38,86,7472,-7856,11232,-25,167,-142,-13112,3084,7060,-1009,94,-17,-13292,-6416,6456,-463,108,-134,0
2907.5023670196533,8460,7584,10852,-143,-41,76,7536,-7688,11152,-91,155,-189,-13296,3352,7204,-961,100,-16,-13364,-6620,6460,-468,126,-174,0
2907.5383200645447,8404,7588,11116,-133,-10,52,7460,-7864,11212,-43,129,-176,-13092,3376,7188,-966,98,-19,-13408,-6656,6496,-497,114,-156,0
2907.5734491348267,8372,7624,10944,-163,-28,69,7576,-7840,11092,-42,151,-157,-13276,3236,7320,-974,88,-82,-13340,-6392,6448,-493,149,-159,0
2907.609482049942,8376,7508,11124,-128,-63,79,7512,-7812,11100,-73,173,-181,-13204,3256,7036,-988,90,-24,-13360,-6432,6408,-487,120,-157,0
2907.6449840068817,8336,7580,10940,-141,-16,65,7532,-7888,11352,-71,157,-168,-13132,3384,6928,-970,67,-49,-13336,-6384,6424,-502,124,-160,0
2907.6812200546265,8416,7508,10960,-168,-41,89,7496,-7824,11368,-68,168,-166,-13068,3372,7344,-962,113,-45,-13088,-6208,6600,-494,117,-135,0
2907.717248916626,8328,7580,10828,-145,-25,88,7408,-7876,11080,-36,146,-155,-13204,3256,7380,-978,137,-248,-13332,-6456,6236,-490,128,-132,0
2907.7519829273224,8432,7588,11148,-121,-5,90,7672,-7852,11204,-37,138,-155,-13136,3356,7060,-962,106,-89,-13348,-6452,6568,-468,122,-151,0
2907.788079023361,8308,7608,11016,-147,-10,102,7528,-7812,11128,-20,230,-167,-13164,3236,7084,-967,126,-23,-13248,-6536,6432,-497,161,-124,0
2907.8230950832367,8256,7500,10844,-143,-40,91,7572,-7748,11380,-54,137,-172,-13204,3372,7196,-950,154,-118,-13060,-6640,6652,-475,123,-111,0
2907.8590300083165,8436,7600,11024,-187,-94,108,7500,-7824,11096,-73,131,-178,-13188,3352,7112,-942,118,-115,-13484,-6444,6504,-521,116,-130,0
2907.894458055496,8316,7660,10900,-162,-56,104,7428,-7868,11100,-58,132,-171,-13152,3380,7228,-977,104,-37,-13308,-6188,6412,-511,95,-134,0
2907.9279301166534,8300,7436,10756,-139,-2,92,7632,-7876,11432,-50,133,-140,-13136,3196,7356,-968,77,-57,-13424,-6500,6412,-495,94,-115,0
2907.961663007736,8324,7692,11040,-130,-36,58,7504,-7820,11404,-95,144,-173,-13232,3580,7080,-992,96,-36,-13384,-6344,6384,-494,96,-132,0
2907.9952960014343,8316,7524,10900,-126,45,59,7540,-7828,11208,-118,124,-170,-13164,3112,7168,-990,77,-88,-13336,-6344,6548,-480,121,-135,0
2908.0287721157074,8364,7604,11052,-133,-16,103,7544,-7912,11264,-43,114,-158,-13212,3280,7056,-1001,88,-55,-13372,-6436,6480,-467,106,-128,0
2908.0621509552,8304,7588,10896,-190,-25,102,7452,-7812,11220,-55,123,-134,-13216,3380,7184,-987,125,-54,-13408,-6512,6828,-490,54,-124,0
2908.095694065094,8276,7736,11240,-185,-46,110,7192,-7840,11176,-104,106,-180,-13212,3348,7228,-951,165,-30,-13548,-6488,6576,-513,114,-106,0
2908.1292769908905,8292,7648,11148,-180,-39,116,7576,-7804,11076,-17,150,-170,-13128,3076,7240,-982,122,-74,-13568,-6568,6464,-505,145,-136,0
2908.1629190444946,8340,7664,11044,-154,-35,128,7524,-7804,11156,-31,112,-186,-13136,3580,7364,-1003,169,-87,-13324,-6488,6392,-497,145,-103,0
2908.1966519355774,8348,7580,11000,-170,-55,135,7668,-7932,11012,-2,88,-179,-13160,3580,7376,-998,197,-109,-13388,-6452,6444,-490,172,-107,0
2908.230201005936,8272,7504,11096,-254,-96,130,7444,-7872,11428,34,118,-196,-13192,3396,6916,-980,159,-58,-13436,-6408,6516,-486,145,-96,0
2908.2635300159454,8316,7592,11148,-237,-94,138,7436,-7712,11512,-1,102,-226,-13208,3360,7376,-1001,114,-112,-13392,-6444,6416,-473,192,-70,0
2908.2971420288086,8356,7684,11136,-219,-152,139,7544,-7688,11340,-46,78,-204,-13276,3340,7108,-988,120,-108,-13500,-6472,6284,-526,195,-72,0
2908.3307600021362,8328,7740,10888,-208,-103,149,7492,-7840,11296,-83,55,-197,-13148,3272,7312,-966,104,-124,-13352,-6424,6488,-763,163,-80,0
2908.3640279769897,8432,7604,10880,-197,-117,149,7588,-7796,11212,-37,87,-207,-13136,3260,7192,-995,139,-115,-13336,-6332,6152,-499,123,-101,0
2908.3974099159245,8436,7472,10960,-227,-101,131,7536,-7824,11300,35,75,-201,-13116,3372,7120,-1033,117,-80,-13344,-6436,6632,-490,160,-76,0
2908.4310491085052,8336,7592,11016,-218,-65,169,7396,-7880,11216,75,112,-175,-13188,3232,7184,-1040,203,-77,-13092,-6408,6608,-450,203,-43,0
2908.4643890857697,8256,7716,11008,-268,-96,156,7424,-7880,11180,64,76,-211,-13184,3564,7140,-1054,188,-158,-13100,-6624,6612,-521,227,-30,0
2908.498095035553,8372,7636,10924,-244,-157,165,7648,-7876,11008,25,114,-205,-13164,3224,7160,-1041,142,-185,-13380,-6520,6380,-490,226,-37,0
2908.5317330360413,8408,7508,11060,-235,-182,184,7472,-7816,11148,22,125,-210,-13192,3076,7040,-1032,233,-198,-13320,-6340,6304,-465,201,-47,0
2908.565365076065,8636,7624,11132,-236,-186,164,7544,-7796,11188,23,79,-211,-13216,3308,7372,-1031,185,-96,-13428,-6652,6148,-458,191,-44,0
2908.5989460945134,8680,7524,10920,-233,-147,153,7540,-7836,11120,19,123,-211,-13308,3256,7132,-1041,186,-74,-13396,-6324,6568,-462,155,-67,0
2908.632287025452,8352,7580,10948,-215,-96,172,7524,-7868,11332,4,135,-166,-13136,3336,7660,-1013,132,-125,-13380,-6428,6448,-502,154,-79,0
2908.6656270027165,8352,7592,11240,-236,-116,142,7524,-7832,11260,7,123,-201,-13204,3524,7264,-1018,191,-152,-13408,-6432,6220,-475,173,-93,0
2908.6991860866547,8352,7512,10796,-220,-155,137,7512,-7812,11204,32,95,-230,-13156,3268,7008,-1010,166,-147,-13416,-6452,6532,-455,240,-59,0
2908.732887029648,8280,7544,11120,-232,-171,169,7548,-7884,11496,254,100,-229,-13256,3380,7072,-1043,159,-135,-13084,-6356,6616,-490,214,-81,0
2908.766106128692,8484,7600,11056,-191,-153,177,7512,-7812,11220,25,73,-224,-13272,3292,7032,-1032,181,-125,-13392,-6464,6480,-485,173,-81,0
2908.7998189926147,8428,7644,10836,-205,-163,172,7516,-7744,11200,-18,75,-233,-13276,3308,7180,-1016,179,-155,-13328,-6384,6460,-466,189,-59,0
2908.8334410190582,8484,7420,11032,-219,-151,147,7592,-7796,11384,-16,113,-212,-13312,3324,6992,-986,156,-136,-13416,-6528,6424,-477,194,-74,0
2908.8670639991765,8440,7572,10936,-226,-149,154,7560,-7864,11112,-11,106,-212,-13340,3268,7108,-1011,142,-93,-13384,-6372,6308,-495,181,-121,0
2908.9004471302032,8500,7536,10928,-195,-125,138,7532,-7816,11228,-22,119,-215,-13256,3248,7408,-772,144,-119,-13436,-6268,6336,-502,170,-101,0
2908.9375400543213,8284,7532,10908,-188,-128,143,7588,-7708,11184,-8,109,-191,-13332,3300,7132,-1000,128,-68,-13368,-6388,6360,-451,163,-141,0
2908.973741054535,8240,7672,10988,-176,-145,91,7432,-7776,11220,-44,137,-188,-13296,3216,7100,-1009,115,-56,-13364,-6380,6400,-491,136,-124,0
2909.0097291469574,8520,7484,10880,-196,-104,99,7564,-7800,11204,-33,171,-184,-13232,3264,7076,-1008,131,-72,-13544,-6160,6300,-487,113,-147,0
2909.0452971458435,8236,7460,11068,-183,-77,110,7616,-7816,11044,-31,187,-165,-13284,3268,7356,-1020,106,-74,-13340,-6368,6336,-495,156,-145,0
2909.080820083618,8532,7564,10956,-213,-35,83,7624,-7732,11208,-33,207,-175,-13516,3556,7348,-1048,111,-58,-13424,-6420,6320,-448,146,-124,0
2909.116250038147,8200,7496,11024,-205,-70,89,7632,-7808,11152,-32,187,-165,-13296,3072,7196,-1030,90,-57,-13564,-6184,6468,-485,106,-139,0
2909.151843070984,8212,7568,11208,-170,-86,70,7556,-7732,11244,-70,173,-191,-13548,3324,6980,-996,81,-77,-13460,-6432,6576,-462,115,-166,0
2909.187479019165,8400,7448,11012,-159,-60,87,7544,-7752,11132,-58,155,-182,-13100,3264,7184,-1008,84,-65,-13396,-6292,6160,-486,119,-161,0
2909.2232711315155,8352,7592,10848,-167,-81,62,7540,-7752,11212,-45,169,-164,-13232,3364,7088,-1009,59,-72,-13456,-6620,6504,-476,106,-179,0
2909.2587599754333,8640,7600,11208,-153,-19,55,7564,-7748,11048,-47,208,-159,-13208,3312,7164,-1007,32,-39,-13368,-6420,6408,-488,110,-163,0
2909.2943010330205,8388,7532,11104,-158,-43,62,7524,-7860,11312,-48,186,-170,-13268,3280,7196,-1009,71,-57,-13444,-6384,6476,-490,129,-187,0
2909.3301379680634,8340,7520,11036,-192,-36,68,7504,-7824,11024,-53,173,-174,-13208,3260,7200,-968,94,-48,-13416,-6224,6328,-482,62,-157,0
2909.3654980659485,8448,7536,10948,-165,-17,90,7656,-7900,11212,-56,200,-151,-13344,3320,7060,-1024,32,-46,-13332,-6264,6508,-488,117,-153,0
2909.401972055435,8384,7596,10956,-175,-72,86,7536,-7828,11352,-24,200,-145,-13224,3260,6928,-1024,81,-51,-13404,-6444,6152,-471,76,-176,0
2909.437968015671,8664,7676,10768,-124,11,77,7496,-7796,11260,-75,209,-142,-13172,3204,7160,-1016,96,212,-13356,-6364,6392,-457,103,-135,0
2909.4728140830994,8460,7460,10880,-166,-64,52,7524,-7784,11080,-57,183,-161,-13464,3376,6980,-985,60,-11,-13444,-6336,6600,-500,144,-166,0
2909.5090961456294,8424,7676,11208,-166,-250,92,7588,-7872,11460,-3,148,-152,-13236,3500,7112,-1030,69,-27,-13564,-6208,6456,-450,88,-159,0
2909.543998003006,8380,7568,10976,-162,-16,68,7596,-7756,11272,11,221,-150,-13236,3252,7048,-1007,72,-60,-13408,-6528,6504,-455,84,-168,0
2909.5805039405823,8284,7536,11212,-192,-17,69,7596,-7704,11200,-90,158,-122,-13216,3276,7152,-957,87,-48,-13396,-6424,6460,-497,57,-158,0
2909.6140179634094,8372,7592,10852,-159,-25,83,7468,-7892,11296,-80,144,-148,-13148,3304,7228,-962,75,-4,-13268,-6440,6616,-499,128,-141,0
2909.6472070217133,8476,7524,10928,-133,-64,111,7464,-7788,11132,-4,163,-184,-13164,3304,7100,-1018,114,-65,-13296,-6368,6420,-477,146,-122,0
2909.6807770729065,8392,7580,11164,-137,-57,126,7460,-7828,11000,-47,171,-173,-13068,3244,6980,-967,39,-62,-13560,-6484,6180,-479,146,-121,0
2909.7145481109615,8232,7596,10928,-133,-79,97,7532,-7792,11084,-57,167,-184,-13176,3316,7272,-1001,132,-108,-13344,-6372,6528,-495,148,-152,0
2909.748060941696,8384,7452,11072,-174,-47,97,7564,-7840,11252,-42,132,-214,-13296,3544,7208,-984,90,-69,-13336,-6448,6524,-472,146,-156,0
2909.7816591262817,8660,7484,11164,-162,-54,92,7488,-7832,11056,-30,165,-183,-13256,3356,7344,-1005,108,-72,-13376,-6476,6412,-456,133,-148,0
2909.8151900768285,8352,7528,10940,-166,-52,89,7492,-7856,11416,-54,201,-184,-13204,3284,6912,-1014,106,-43,-13336,-6456,6452,-497,146,-156,0
2909.8486371040344,8392,7644,11100,-152,-53,70,7516,-7888,11252,-56,170,-184,-13564,3368,7104,-992,77,-87,-13428,-6464,6388,-457,142,-136,0
2909.8818850517273,8288,7460,10772,-188,-49,88,7428,-7788,11208,-49,165,-185,-13200,3076,7164,-1002,108,-37,-13448,-6524,6328,-478,125,-150,0
2909.915461063385,8340,7592,11008,-196,-26,102,7484,-7884,11420,-29,145,-177,-13184,3400,7348,-1016,115,-35,-13276,-6452,6492,-492,130,-148,0
2909.9487359523773,8300,7604,10996,-157,-45,95,7488,-7892,11184,-36,145,-169,-13180,3376,7080,-1021,88,-70,-13364,-6528,6336,-461,149,-124,0
2909.9824090003967,8400,7608,11016,-159,-37,92,7436,-7796,11084,-254,145,-188,-13152,3288,7236,-1026,113,-79,-13288,-6472,6484,-481,151,-85,0
2910.0160341262817,8320,7544,10968,-165,-30,80,7396,-7908,11428,-42,124,-163,-13136,3300,7372,-1038,116,-77,-13556,-6460,6488,-481,132,-158,0
2910.0497319698334,8336,7680,10764,-170,-52,90,7608,-7724,11128,-31,125,-186,-13164,3352,7228,-975,120,-108,-13500,-6416,6328,-496,126,-118,0
2910.083440065384,8424,7580,11076,-183,-64,103,7572,-7908,11204,-37,144,-161,-13172,3448,7228,-1012,111,-60,-13344,-6396,6412,-515,126,-131,0
2910.1171751022334,8384,7496,10844,-186,-49,107,7488,-7824,11244,-52,154,-155,-13200,3344,7088,-1038,99,-48,-13356,-6444,6508,-464,129,-91,0
2910.1504049301147,8336,7608,11188,-163,-20,102,7464,-7836,11220,-16,130,-163,-13188,3292,7288,-1006,93,-74,-13304,-6468,6424,-477,137,-129,0
2910.1839740276337,8200,7564,11076,-173,-69,93,7552,-7824,11312,-38,171,-179,-13180,3332,7096,-1017,84,-125,-13140,-6444,6176,-502,144,-108,0
2910.217530965805,8416,7544,11048,-185,-12,106,7584,-7892,11224,-4,138,-150,-13164,3080,7016,-998,111,-74,-13404,-6328,6464,-476,140,-86,0
2910.2510979175568,8364,7508,11112,-175,-59,135,7520,-7824,11232,14,115,-187,-13188,3344,7160,-1279,119,-33,-13332,-6408,6492,-463,163,-103,0
2910.2848341464996,8356,7524,11068,-224,-72,125,7552,-7800,11324,-27,129,-153,-13148,3300,7280,-963,137,-55,-13396,-6436,6456,-476,135,-92,0
2910.318418979645,8240,7588,11204,-215,-125,131,7516,-7916,11516,-83,97,-197,-13204,3264,7220,-968,129,-93,-13328,-6508,6448,-478,177,-90,0
2910.3516290187836,8328,7624,10804,-176,-128,123,7580,-7892,11096,-20,116,-193,-13120,3096,7248,-1000,89,-144,-13284,-6476,6452,-503,188,-110,0
2910.384752035141,8416,7512,11188,-196,-118,143,7416,-7848,11200,63,111,-199,-13132,3352,7172,-1059,135,-110,-13112,-6404,6428,-467,214,-60,0
2910.4183189868927,8336,7632,10952,-199,-130,142,7440,-7768,11240,11,116,-215,-13268,3312,7208,-997,144,-125,-13436,-6460,6360,-484,179,-57,0
2910.452014923096,8360,7672,11040,-213,-104,134,7464,-7728,11124,5,103,-203,-13192,3336,7196,-1011,140,-118,-13392,-6420,6396,-481,167,-65,0
2910.485538959503,8412,7612,11100,-208,-112,124,7540,-7876,11300,6,120,-207,-13296,3276,7056,-1000,168,-169,-13364,-6488,6180,-494,224,-78,0
2910.5191600322723,8452,7484,11188,-195,-143,167,7500,-7856,11240,-249,96,-201,-13268,3112,7044,-1006,178,-172,-13244,-6476,6476,-483,208,-69,0
2910.5524909496307,8320,7600,10908,-205,-146,157,7532,-7864,11092,-3,119,-214,-13288,3324,7272,-769,183,-140,-13320,-6532,6360,-493,205,-56,0
2910.5856599807735,8376,7592,10860,-188,-151,151,7552,-7912,11304,-27,97,-200,-13216,3564,7152,-996,148,-125,-13428,-6436,6568,-500,154,-93,0
2910.6238150596614,8424,7476,10968,-187,-101,159,7620,-7772,11236,21,56,-214,-13308,3324,7236,-999,146,-129,-13448,-6528,6508,-479,163,-81,0
2910.6592180728912,8372,7484,10936,-190,-105,142,7516,-7896,11244,21,89,-190,-13244,3304,7000,-1278,148,-118,-13352,-6472,6332,-488,147,-79,0
2910.7014911174774,8368,7512,11068,-169,-122,151,7492,-7828,11132,8,79,-198,-13252,3264,7032,-998,154,-120,-13408,-6372,6232,-491,202,-70,0
2910.7377820014954,8324,7532,11148,-193,-157,148,7396,-7824,11240,-24,96,-212,-13244,3256,7160,-1010,178,-111,-13104,-6620,6208,-483,184,-52,0
2910.7725789546967,8412,7532,11156,-184,-135,168,7516,-7740,11072,-21,78,-207,-13212,3320,7300,-974,174,-159,-13424,-6256,6484,-462,157,-71,0
2910.8081200122833,8460,7360,10980,-185,-119,167,7476,-7912,11148,10,83,-221,-13192,3576,6924,-999,165,-67,-13488,-6444,6468,-493,179,-86,0
2910.843850135803,8404,7512,10952,-206,-151,152,7580,-7820,11168,1,89,-174,-13248,3204,7160,-1015,113,-118,-13360,-6488,6640,-492,159,-99,0
2910.8794569969177,8472,7524,10872,-173,-119,125,7500,-7716,11212,-24,104,-221,-13244,3224,6920,-1017,119,-116,-13320,-6456,6384,-459,163,-74,0
2910.9149870872498,8500,7672,11216,-203,-123,115,7592,-7808,11224,-2,128,-198,-13220,3304,6824,-1011,106,-79,-13328,-6256,6460,-473,167,-91,0
2910.9508199691772,8480,7492,11056,-192,-104,153,7584,-7720,11112,-25,125,-176,-13212,3096,7052,-1025,136,-113,-13340,-6360,6432,-463,127,-69,0
2910.9859890937805,8500,7524,10960,-195,-95,169,7632,-7784,11016,-11,119,-155,-13264,3152,7000,-1277,129,-62,-13436,-6224,6588,-477,130,-118,0
2911.0220561027527,8376,7548,10808,-192,-85,134,7540,-7784,11224,-69,135,-170,-13240,3280,7096,-1006,120,-70,-13380,-6388,6368,-475,122,-103,0
2911.0581710338593,8348,7560,11060,-156,-79,100,7620,-7772,11380,-37,156,-189,-13216,3308,7036,-1000,102,-105,-13496,-6160,6360,-495,141,-127,0
2911.0938589572906,8420,7456,11156,-161,-112,93,7596,-7828,11172,-38,138,-192,-13200,3124,6900,-995,68,-66,-13340,-6352,6328,-512,115,-113,0
2911.1291501522064,8452,7476,11052,-118,-66,94,7584,-7808,11164,-57,137,-185,-13360,3296,6964,-1034,126,-100,-13524,-6368,6464,-474,124,-129,0
2911.1642041206364,8424,7564,10928,-183,-88,79,7652,-7788,11192,-35,154,-201,-13336,3208,7004,-1008,130,-58,-13476,-6384,6276,-464,136,-136,0
2911.1993341445923,8504,7488,11008,-159,-25,52,7608,-7764,11076,-42,176,-199,-13232,3304,6956,-1009,68,-92,-13412,-6172,6208,-474,142,-141,0
2911.234852075577,8220,7452,10808,-139,-55,80,7636,-7912,11328,-35,146,-167,-13256,3560,6944,-1016,74,-58,-13408,-6516,6500,-477,119,-144,0
2911.270267009735,8444,7528,10920,-152,-75,71,7468,-7736,11172,-53,181,-192,-13152,3264,7140,-1276,70,-61,-13088,-6404,6468,-472,126,-156,0
2911.3038210868835,8436,7496,10968,-167,-63,61,7496,-7820,11152,-58,194,-191,-13308,3336,7056,-1038,48,-85,-13364,-6356,6600,-479,134,-156,0
2911.3373451232906,8336,7636,11088,-151,-54,70,7460,-7820,11332,-37,183,-147,-13180,3356,7132,-1021,64,-50,-13376,-6456,6480,-509,82,-152,0
2911.3710451126094,8368,7580,11160,-108,-40,99,7516,-7916,11480,-53,152,-165,-13272,3304,7412,-1017,67,-76,-13136,-6656,6512,-470,99,-146,0
2911.4038710594177,8352,7548,10936,-147,-55,58,7556,-7800,11188,-74,175,-156,-13252,3280,7000,-1004,72,-51,-13296,-6612,6576,-482,130,-163,0
2911.4373791217804,8436,7500,10752,-163,-51,82,7528,-7876,11248,-65,165,-194,-13192,3240,7260,-1016,82,-74,-13084,-6376,6480,-483,114,-140,0
2911.470983028412,8592,7492,11112,-137,-47,69,7608,-7888,11316,-63,149,-150,-13280,3252,7328,-1002,89,-64,-13468,-6328,6412,-487,122,-165,0
2911.5044729709625,8388,7596,11028,-146,-64,123,7712,-7928,11164,-28,178,-149,-13212,3360,7072,-1010,88,-54,-13324,-6364,6324,-488,119,-155,0
2911.5380399227142,8208,7492,10820,-157,-63,94,7464,-7844,11176,-55,147,-163,-13164,3224,7056,-1025,22,-38,-13356,-6376,6404,-481,111,-135,0
2911.5715761184692,8420,7552,11032,-136,-24,78,7504,-7820,11196,-39,162,-171,-13284,3280,7088,-989,43,-53,-13104,-6460,6568,-480,89,-156,0
2911.6052889823914,8420,7508,11008,-153,-26,41,7540,-7724,11204,-98,192,-180,-13372,3280,7040,-973,36,-54,-13448,-6332,6412,-496,102,-146,0
2911.638319015503,8524,7460,10916,-179,-256,57,7588,-7784,11332,-50,159,-161,-13160,3292,7068,-1007,46,-34,-13324,-6420,6476,-457,115,-151,0
2911.671751022339,8392,7560,10876,-121,-15,93,7424,-7848,11252,-21,183,-149,-13192,3120,7164,-1016,62,-13,-13560,-6496,6264,-462,104,-143,0
2911.7054290771484,8424,7640,10988,-135,-10,105,7580,-7836,11276,-62,153,-133,-13264,3252,7056,-1001,78,-7,-13332,-6488,6412,-461,63,-130,0
2911.7391409873962,8352,7608,10992,-158,-52,90,7504,-7756,11440,-115,150,-163,-13204,3368,7080,-928,76,-50,-13324,-6156,6408,-768,91,-142,0
2911.772598028183,8308,7500,10896,-126,-60,118,7496,-7736,11048,-88,154,-125,-13176,3264,7192,-1007,72,-69,-13252,-6364,6508,-505,140,-161,0
2911.8061349391937,8436,7536,10944,-128,-103,101,7544,-7780,11288,-41,155,-185,-13192,3376,7032,-1017,119,-74,-13404,-6312,6460,-762,154,-143,0
2911.8395450115204,8456,7596,10852,-126,-88,112,7244,-7836,11040,-62,177,-185,-13160,3280,6988,-1043,99,-57,-13380,-6656,6416,-475,143,-143,0
2911.8728909492493,8316,7600,10868,-142,-73,109,7468,-7788,11180,-37,151,-189,-13240,3328,7220,-979,61,-102,-13084,-6476,6564,-466,147,-155,0
2911.906175136566,8452,7476,10968,-148,-39,65,7504,-7856,11028,-114,156,-188,-13268,3296,7204,-989,86,-90,-13336,-6512,6468,-478,129,-121,0
2911.9399490356445,8428,7612,10852,-146,-76,96,7452,-7888,11280,-43,151,-154,-13180,3256,7252,-1008,95,-67,-13316,-6368,6476,-482,154,-179,0
2911.9734950065613,8344,7600,10752,-163,-72,106,7536,-7820,11164,-51,155,-181,-13128,3088,7036,-1009,83,-41,-13436,-6452,6500,-497,144,-134,0
2912.0071420669556,8392,7604,11196,-165,-56,71,7560,-7828,11152,-78,156,-171,-13204,3392,7136,-995,76,-36,-13360,-6436,6392,-489,137,-156,0
2912.0406329631805,8380,7636,10884,-151,-66,90,7568,-7892,11244,-54,132,-183,-13212,3368,7408,-972,10,-66,-13304,-6404,6224,-501,132,-171,0
2912.0740580558777,8288,7480,10952,-138,-43,75,7420,-7812,11196,-33,142,-185,-13260,3084,7228,-1024,73,-72,-13384,-6468,6452,-506,132,-130,0
2912.1076140403748,8404,7632,10896,-119,-45,95,7520,-7840,11160,-36,134,-176,-13212,3344,7040,-1022,105,-64,-13416,-6632,6460,-485,152,-134,0
2912.140893936157,8436,7456,10792,-150,-48,111,7624,-7876,11176,-23,154,-146,-13136,3288,7044,-1011,99,-48,-13296,-6472,6428,-495,144,-120,0
2912.1745200157166,8324,7680,11028,-146,-74,94,7540,-7888,11336,-14,134,-179,-13196,3248,7160,-1015,110,-69,-13352,-6456,6568,-456,165,-115,0
2912.208083152771,8356,7556,10880,-176,-63,93,7512,-7812,11180,-56,150,-191,-13196,3280,7120,-969,97,-106,-13312,-6512,6452,-474,145,-115,0
2912.241725921631,8400,7632,11040,-158,-50,98,7504,-7852,11392,-75,139,-161,-13208,3256,7164,-965,109,-69,-13428,-6656,6408,-483,110,-93,0
2912.277545928955,8388,7496,11072,-171,-41,83,7564,-7788,11448,-45,164,-155,-13196,3208,7088,-1005,49,-70,-13356,-6392,6480,-472,139,-130,0
2912.3131461143494,8292,7540,10944,-188,-32,113,7648,-7692,11108,238,233,-162,-13136,3156,7112,-1047,92,-68,-13216,-6584,6516,-457,158,-130,0
2912.348741054535,8404,7564,11192,-175,-58,73,7516,-7784,11064,-42,195,-170,-13208,3372,7220,-981,84,-66,-13348,-6152,6452,-496,125,-132,0
2912.3840589523315,8328,7520,11048,-199,245,75,7388,-7816,11120,-4,132,-175,-13204,3328,7420,-1034,99,-69,-13436,-6416,6408,-473,164,-89,0
2912.420336008072,8280,7572,11100,-173,-57,135,7644,-7816,11208,-8,138,-185,-13188,3248,7040,-1029,102,-72,-13508,-6432,6508,-463,164,-95,0
2912.4555101394653,8224,7560,10996,-236,-20,122,7536,-7880,11316,-20,125,-159,-13152,3120,7104,-1006,128,-90,-13304,-6460,6300,-451,167,-58,0
2912.491301059723,8248,7576,11188,-254,-79,124,7652,-7924,11344,-72,110,-195,-12988,3404,7276,-969,109,-87,-13332,-6460,6384,-476,190,-78,0
2912.5277841091156,8248,7652,10904,-228,-111,125,7528,-7824,11036,-15,163,-207,-13220,3264,6968,-1013,127,-91,-13296,-6444,6468,-497,205,-97,0
2912.5630910396576,8424,7608,11224,-228,-104,149,7620,-7872,11196,26,126,-222,-13160,3268,7024,-1036,161,-133,-13388,-6384,6528,-506,206,-54,0
2912.5986890792847,8360,7552,11212,-201,-106,160,7676,-7880,11200,4,111,-211,-13232,3396,7112,-1275,169,-107,-13404,-6352,6452,-474,195,-78,0
2912.633630037308,8408,7556,10884,-234,-95,130,7476,-7872,11100,28,102,-210,-13236,3296,6984,-982,180,-145,-13372,-6460,6552,-477,190,-45,0
2912.6692929267883,8332,7596,10792,-213,-109,173,7616,-7924,11296,6,134,-197,-13184,3252,7144,-954,137,-91,-13316,-6200,6448,-459,218,-71,0
2912.7045681476593,8408,7536,10844,-219,-141,173,7548,-7808,11204,9,105,-221,-13200,3260,7140,-1003,169,-160,-13404,-6452,6388,-478,210,-76,0
2912.7401809692383,8304,7544,10856,-224,-147,148,7496,-7840,11088,-13,109,-214,-13184,3316,7392,-1048,265,-111,-13392,-6464,6296,-471,209,-58,0
2912.7755761146545,8380,7588,11184,-214,-125,148,7508,-7816,11156,-9,110,-227,-13252,3328,7136,-992,163,-138,-13388,-6404,6336,-486,161,-60,0
2912.8113210201263,8252,7612,11000,-194,-100,152,7456,-7804,11360,16,100,-188,-13192,3260,7288,-1042,140,-127,-13400,-6472,6164,-486,216,-68,0
2912.8477840423584,8328,7548,10924,-185,-142,151,7524,-7776,11236,2,79,-208,-13176,3304,6916,-989,139,-123,-13348,-6364,6380,-486,168,-68,0
2912.8829040527344,8296,7516,11016,-200,-78,150,7620,-7756,11252,-13,98,-204,-13276,3300,7124,-997,187,-109,-13364,-6404,6204,-495,198,-57,0
2912.917712926864,8348,7568,11052,-170,-104,157,7552,-7808,11324,-15,95,-182,-13216,3528,7100,-1000,131,-112,-13360,-6404,6448,-497,205,-75,0
2912.9533910751343,8472,7492,11108,-211,-128,173,7472,-7768,11268,19,86,-196,-13248,3072,7152,-993,161,-121,-13352,-6400,6472,-493,211,-52,0
2912.9871129989624,8420,7544,10508,-218,-118,174,7600,-7760,11280,-18,96,-198,-13292,3240,6976,-1002,176,-120,-13424,-6652,6248,-452,172,-50,0
2913.0207791328426,8372,7536,10912,-233,-103,165,7580,-7784,11116,-15,78,-194,-13204,3404,7216,-1006,138,-107,-13484,-6156,6468,-456,178,-49,0
2913.0544459819794,8432,7480,11056,-304,255,156,7512,-7860,11208,25,39,-182,-13200,3220,6972,-1042,140,-112,-13532,-6464,6376,-439,183,-109,0
2913.087676048279,8404,7540,11000,-298,9,130,7592,-7880,11300,53,94,-168,-13224,3204,6984,-1011,115,-67,-13352,-6228,6484,-445,214,-97,0
2913.1212129592896,8240,7472,10936,-175,-74,94,7528,-7796,11088,-15,98,-211,-13152,3536,7400,-958,137,-130,-13464,-6304,6340,-489,225,-91,0
2913.1544189453125,8484,7512,10828,-153,-149,117,7540,-7784,11208,-25,101,-203,-13292,3332,7092,-1038,121,-97,-13452,-6372,6148,-472,181,-69,0
2913.1879370212555,8232,7428,10756,-312,-97,171,7612,-7760,11188,1,65,-158,-13276,3228,7148,-1046,175,-74,-13080,-6440,6360,-461,117,-70,0
2913.221601009369,8400,7536,10828,-249,-53,137,7532,-7764,11208,-18,93,-162,-13212,3312,7072,-1014,125,-44,-13416,-6504,6436,-459,119,-99,0
2913.2552559375763,8356,7532,11048,-214,-161,111,7520,-7772,11236,-78,121,-201,-13208,3248,7256,-936,60,-43,-13320,-6172,6608,-526,107,-148,0
2913.2888860702515,8460,7436,11004,-102,-183,91,7568,-7848,11192,-89,161,-198,-13204,3336,7208,-948,57,-82,-13352,-6304,6156,-493,128,-189,0
2913.3225450515747,8360,7544,11000,-141,-123,120,7452,-7500,11084,-41,139,-193,-13304,3224,7172,-1050,113,-139,-13336,-6368,6296,-472,207,-117,0
2913.3561170101166,8628,7440,10716,-118,-52,74,7828,-7816,11196,-48,139,-205,-13204,3320,7044,-1026,114,-69,-13528,-6352,6300,-450,152,-129,0
2913.3895270824432,8376,7516,10904,-171,-33,83,7548,-7764,11244,-50,157,-168,-13260,3288,6968,-985,76,-34,-13468,-6404,6548,-468,129,-140,0
2913.423098087311,8696,7580,10908,-189,-39,83,7576,-7796,11152,-66,172,-175,-13296,3288,7300,-1006,38,-64,-13320,-6316,6384,-511,167,-164,0
2913.45654797554,8680,7564,10828,-200,-33,79,7476,-7796,11324,-49,171,-189,-13252,3176,7184,-1023,98,-47,-13424,-6332,6304,-490,129,-127,0
2913.4900851249695,8668,7576,11048,-163,-72,100,7656,-7704,11208,-47,156,-197,-13212,3328,7204,-997,85,-69,-13488,-6444,6444,-470,130,-132,0
2913.5237050056458,8428,7584,10920,-178,-29,73,7572,-7776,11228,-82,146,-170,-13292,3304,7364,-984,48,-78,-13424,-6336,6608,-494,83,-183,0
2913.5574340820312,8424,7424,10948,-180,-22,89,7544,-7920,11312,-33,187,-150,-13236,3256,7024,-1019,35,-25,-13536,-6620,6260,-467,92,-169,0
2913.5910160541534,8360,7540,11228,-153,252,68,7440,-7840,11248,-9,167,-146,-13108,3140,7224,-996,79,-53,-13416,-6404,6380,-475,89,-150,0
2913.624485015869,8344,7648,11228,-156,-6,70,7640,-7856,11032,-63,137,-171,-13244,3236,7012,-987,41,-47,-13440,-6216,6160,-529,187,-195,0
2913.65797996521,8444,7544,10944,-177,-65,45,7600,-7764,11124,-99,183,-155,-13292,3328,7100,-986,32,-72,-13360,-6364,6448,-481,83,-174,0
2913.691556930542,8224,7500,10756,-172,-9,97,7600,-7900,11220,-67,164,-132,-13216,3352,7068,-987,98,-40,-13308,-6416,6304,-473,88,-155,0
2913.724897146225,8356,7512,10888,-148,-254,103,7508,-7776,11108,-55,161,-135,-13160,3324,7140,-773,74,-14,-13456,-6300,6300,-470,52,-140,0
2913.7584259510045,8392,7592,10876,-115,13,87,7560,-7828,11112,-79,165,-117,-13188,3288,7068,-1030,51,-9,-13380,-6452,6448,-490,113,-192,0
2913.792011976242,8392,7524,10752,-151,-13,75,7544,-7812,11260,-85,163,-125,-13236,3556,7324,-979,48,-36,-13380,-6648,6496,-496,65,-140,0
2913.82550907135,8452,7532,11008,-143,-18,76,7504,-7904,11224,-60,133,-150,-13276,3408,7348,-1011,1,-56,-13308,-6452,6512,-500,86,-163,0
2913.8593549728394,8292,7460,10968,-123,-11,80,7552,-7840,11108,-71,192,-158,-13276,3104,7380,-964,26,-59,-13364,-6376,6424,-262,84,-188,0
2913.8926990032196,8448,7616,10952,-125,-63,76,7496,-7832,11244,-66,165,-149,-13184,3324,7268,-977,64,-2,-13464,-6656,6484,-487,69,-157,0
2913.9259181022644,8268,7544,11112,-109,-69,109,7572,-7844,11256,-57,138,-134,-13188,3328,7196,-993,52,-51,-13336,-6432,6292,-475,96,-164,0
2913.9625339508057,8280,7444,10900,-149,-55,103,7552,-7860,11160,-62,110,-175,-13232,3184,7184,-955,37,-9,-13236,-6508,6548,-479,77,-163,0
2913.997648000717,8388,7572,11032,-161,-37,68,7480,-7880,11260,-73,169,-156,-13264,3080,7028,-947,3,-88,-13484,-6460,6416,-497,105,-154,0
2914.0339319705963,8400,7492,11092,-148,-35,78,7376,-7820,11288,-65,228,-162,-13164,3088,7144,-953,24,-76,-13388,-6396,6436,-511,106,-166,0
2914.069566011429,8220,7640,10952,-161,-1,91,7444,-7740,11088,-25,174,-150,-13244,3364,7176,-1003,80,-20,-13360,-6408,6496,-486,78,-175,0
2914.104774951935,8288,7612,11056,-148,-4,94,7516,-7880,11192,-68,156,-135,-13188,3384,7184,-772,66,-37,-13444,-6540,6608,-768,72,-140,0
2914.1403529644012,8308,7592,11040,-129,-11,72,7480,-7852,11272,-35,150,-135,-13156,3328,7208,-1017,66,-235,-13504,-6448,6380,-764,91,-121,0
2914.175858974457,8292,7608,11252,-149,-23,112,7512,-7816,11136,-35,153,-155,-13156,3272,7344,-1009,60,-65,-13400,-6436,6384,-486,78,-150,0
2914.211348056793,8320,7592,11064,-133,-30,131,7432,-7904,11488,-46,129,-132,-13304,3388,7376,-1029,107,-39,-13324,-6392,6408,-499,84,-131,0
2914.2475509643555,8232,7536,10964,-140,-13,133,7452,-7856,11220,-38,147,-129,-13188,3332,7252,-1006,91,-77,-13544,-6488,6224,-493,121,-108,0
2914.2822840213776,8324,7604,11052,-163,-17,140,7496,-7932,11232,-21,155,-149,-13156,3352,7140,-1030,112,-52,-13364,-6412,6476,-469,109,-129,0
2914.3181121349335,8240,7592,11028,-183,-25,103,7484,-7824,11080,12,136,-151,-13152,3360,7192,-1036,115,-79,-13080,-6544,6484,-471,166,-99,0
2914.352891921997,8344,7584,10780,-223,-29,118,7620,-8136,11280,-22,148,-168,-13276,3456,7324,-992,100,-115,-13216,-6496,6464,-482,133,-103,0
2914.389188051224,8240,7508,11048,-193,-52,143,7544,-7768,11288,-14,128,-156,-13088,3408,7392,-970,90,-105,-13384,-6452,6464,-538,172,-101,0
2914.424226999283,8288,7512,11036,-178,-106,143,7464,-7912,11484,-20,144,-181,-13224,3264,7060,-1002,121,-116,-13372,-6436,6452,-766,202,-105,0
2914.459969043732,8376,7508,11016,-185,-106,151,7500,-7912,11184,-11,164,-173,-13200,3360,7336,-975,111,-99,-13072,-6436,6548,-472,167,-98,0
2914.4949700832367,8376,7564,10896,-227,-40,127,7392,-7868,11064,25,192,-145,-13168,3324,7276,-1002,113,-103,-13568,-6476,6464,-495,116,-114,0
2914.53125500679,8340,7560,11024,-216,-41,108,7476,-7912,11248,-248,190,-143,-13088,3452,7188,-1013,68,-65,-13336,-6352,6468,-516,142,-124,0
2914.5672810077667,8320,7640,11124,-218,-27,113,7464,-7840,11060,46,139,-150,-13208,3304,7088,-1048,120,-101,-13316,-6568,6496,-760,131,-54,0
2914.6039700508118,8220,7588,10984,-185,-53,136,7464,-7788,11124,30,26,-223,-13236,3556,7260,-1067,169,-123,-13268,-6476,6472,-511,178,-70,0
2914.637437105179,8304,7552,11016,-217,-109,150,7468,-7936,11240,39,101,-200,-13208,3352,7228,-957,65,-107,-13432,-6252,6464,-764,227,-56,0
2914.670783996582,8220,7436,10996,-202,-101,174,7548,-7784,11156,-9,57,-172,-13192,3368,7272,-1277,156,-101,-13388,-6184,6488,-495,153,-50,0
2914.7042131423946,8644,7600,10816,-192,-134,173,7604,-7720,11280,24,118,-164,-13236,3252,7416,-1024,164,-119,-13392,-6564,6468,-462,112,-94,0
2914.7376589775085,8340,7588,11032,-205,-72,129,7540,-7824,11244,-34,117,-172,-13216,3096,7204,-995,173,-102,-13328,-6564,6484,-478,103,-97,0
2914.770879983902,8332,7584,11028,-221,-77,114,7456,-7900,11328,-20,138,-168,-13256,3248,7216,-976,110,-75,-13304,-6416,6352,-497,163,-103,0
2914.8043861389165,8632,7612,11016,-174,-117,106,7384,-7800,11352,16,138,-232,-13172,3472,7060,-1013,135,-126,-13220,-6420,6516,-508,209,-87,0
2914.8379261493683,8304,7472,10788,-157,-122,139,7464,-7744,11188,-255,131,-217,-13148,3092,7108,-997,155,-145,-13316,-6324,6624,-498,172,-83,0
2914.871340036392,8376,7524,10944,-170,-148,136,7500,-7908,11212,-249,134,-194,-13260,3272,7236,-981,137,-126,-13340,-6276,6420,-260,171,-92,0
2914.904711008072,8436,7448,10904,-200,-149,132,7376,-7756,11264,-14,106,-200,-13160,3396,6956,-1005,150,-94,-13392,-6420,6480,-494,180,-78,0
2914.938409090042,8628,7540,10940,-192,-128,166,7496,-7800,11228,7,130,-207,-13248,3540,6928,-1013,186,-105,-13384,-6404,6544,-494,180,-60,0
2914.9713129997253,8412,7644,11124,-203,-120,164,7556,-7876,11152,10,121,-159,-13344,3300,7096,-1007,167,-104,-13428,-6432,6384,-478,134,-86,0
2915.0048401355743,8316,7564,11048,-191,-127,150,7448,-7916,11280,-8,162,-166,-13292,3360,7100,-994,137,-80,-13368,-6460,6432,-521,143,-100,0
2915.038414001465,8368,7508,11036,-174,-105,131,7520,-7804,11344,-12,157,-195,-13184,3304,7028,-990,88,-104,-13400,-6456,6604,-259,135,-117,0
2915.071933031082,8320,7504,11028,-170,-111,89,7476,-7800,11048,6,200,-194,-13212,3124,7124,-975,72,-77,-13384,-6624,6164,-511,117,-160,0
2915.105536937713,8204,7484,11232,-161,-115,78,7508,-7812,11208,11,201,-184,-13204,3228,7320,-989,85,-93,-13360,-6616,6524,-529,96,-151,0
2915.139014005661,8340,7484,10928,-160,-67,111,7464,-7896,11196,23,160,-157,-13108,3284,7176,-1000,74,-66,-13552,-6368,6544,-483,106,-157,0
2915.1724140644073,8376,7480,10856,-149,-106,101,7380,-7880,11260,7,201,-173,-13224,3316,6976,-987,115,-46,-13508,-6420,6544,-484,43,-157,0
2915.205903053284,8392,7572,10972,-122,-50,95,7188,-7824,11136,-40,155,-145,-13152,3396,6956,-963,89,-245,-13468,-6372,6424,-520,55,-139,0
2915.2395050525665,8428,7512,10832,-121,-67,71,7516,-7792,11124,-37,149,-176,-13276,3256,7252,-1018,97,-59,-13564,-6444,6452,-496,55,-181,0
2915.272915124893,8656,7672,10964,-151,10,82,7508,-7748,11220,21,180,-142,-13312,3184,7072,-986,56,246,-13492,-6408,6500,-508,35,-165,0
2915.3066160678864,8412,7572,11000,-137,8,57,7600,-7848,11304,-47,205,-158,-13140,3560,7232,-974,46,-43,-13340,-6456,6420,-455,32,-161,0
2915.3401150703426,8488,7524,10992,-188,-18,41,7236,-7860,11500,-34,244,-156,-13164,3352,7092,-994,61,-26,-13356,-6332,6648,-505,59,-172,0
2915.3736140728,8352,7556,10980,-142,-21,87,7444,-7688,11452,-33,127,-141,-13208,3092,7100,-1006,96,-82,-13272,-6588,6400,-461,97,-115,0
2915.406818151474,8320,7656,11004,-174,-76,111,7328,-7668,11244,-112,145,-224,-13064,3124,7064,-954,93,-123,-13196,-6564,6636,-313,161,-106,0
2915.4405789375305,8140,7616,10908,-239,-202,8,7328,-7608,11192,-155,186,-319,-12996,3224,7404,-859,60,-197,-13260,-6624,6540,-284,209,-177,0
2915.473555088043,8248,7688,10908,-280,-173,-44,7536,-7804,11392,-164,244,-337,-13284,3428,7312,-871,40,-122,-13528,-6468,6500,-380,255,-201,0
2915.5072560310364,8552,7596,11052,-251,-126,-25,7456,-7860,11284,-75,244,-253,-13324,3804,7204,-953,16,-12,-13520,-6196,6744,-488,123,-190,0
2915.540750026703,8616,7500,11080,-136,37,48,7452,-7980,11200,13,182,-66,-13288,3556,6692,-1006,44,74,-13400,-6272,6868,-524,7,-130,0
2915.5741760730743,8500,7352,11132,-30,100,138,7448,-7960,11168,-3,157,-23,-13256,3820,7136,-1053,60,108,-13556,-5996,6600,-554,-83,-139,0
2915.607572078705,8364,7364,11112,-71,152,174,7420,-8084,11072,16,181,85,-13080,3556,6744,-1086,44,111,-13264,-6260,6556,-616,-61,-121,0
2915.644381046295,8296,7436,11192,-101,114,205,7380,-7936,11168,-256,192,78,-13160,3384,6976,-1124,57,71,-13396,-6384,6560,-644,-49,-134,0
2915.67955493927,8372,7572,11228,-79,99,220,7424,-7824,11116,-9,194,54,-13160,3500,7100,-1087,44,107,-13292,-6468,6496,-638,-30,-116,0
2915.717266082764,8208,7640,11240,-81,57,205,7412,-7820,11336,-91,156,-7,-13200,3224,7296,-1054,63,12,-13292,-6556,6448,-533,27,-145,0
2915.7532010078426,7984,7664,10796,-121,-5,133,7404,-7764,11508,-72,196,-75,-13196,3200,7364,-1000,41,254,-13356,-6800,6412,-517,59,-191,0
2915.789379119873,8280,7560,10900,-139,9,73,7176,-7848,11336,-68,201,-122,-13256,3228,7256,-960,42,-250,-13172,-6548,6500,-492,48,-215,0
2915.8245489597325,7964,7616,10996,-125,17,35,7660,-7832,11488,-55,231,-171,-13120,3296,7324,-977,70,-37,-13224,-6612,6596,-491,92,-502,0
2915.8598041534424,8168,7624,10960,-121,15,-40,7384,-7792,11152,-25,271,-205,-12860,3312,7164,-964,25,-89,-13116,-6564,6428,-476,126,-241,0
2915.8949630260468,8332,7696,10980,-146,-47,2,7348,-7864,11236,-88,200,-211,-12816,3116,7412,-995,30,-94,-13276,-6468,6524,-494,142,-177,0
2915.9310431480408,8204,7608,10872,-147,-66,39,7276,-7820,11272,-73,179,-193,-13136,3264,7328,-998,60,-98,-13292,-6540,6644,-461,143,-171,0
2915.9671421051025,8260,7888,10808,-140,-38,65,6940,-7756,11396,-87,87,-212,-13076,3404,7192,-1010,93,-23,-13400,-6508,6544,-461,109,-63,0
2916.0024199485774,8284,7656,10884,-201,-82,134,7268,-7904,11300,-142,105,-120,-13220,3396,7192,-1012,163,22,-13320,-6424,6640,-474,70,-46,0
2916.0387029647827,8272,7568,11172,-179,30,171,7300,-7972,11220,-101,32,-114,-13116,3556,7104,-990,188,48,-13236,-6396,6428,-439,12,-55,0
2916.073552131653,8228,7588,11056,-116,39,151,7676,-7980,11232,-91,59,-103,-13084,3460,7348,-1272,187,18,-13220,-6496,6564,-454,31,-116,0
2916.109610080719,8300,7532,11100,-208,14,168,7616,-7764,11304,-136,84,-89,-13080,3508,7176,-1019,163,58,-13120,-6436,6832,-493,90,-70,0
2916.144912958145,8244,7492,11076,-210,249,187,7348,-7968,11080,-125,109,-65,-13140,3516,7412,-1278,155,-241,-13240,-6528,6404,-536,83,-31,0
2916.1812350749974,8264,7632,11080,-127,-11,191,7320,-8004,11204,-49,104,-99,-13120,3372,7192,-1035,152,-33,-13304,-6488,6724,-511,128,-69,0
2916.2174720764165,8320,7464,11220,-126,248,155,7172,-7900,11180,31,108,-154,-13008,3472,7280,-1053,169,-65,-13184,-6428,6604,-512,165,-84,0
2916.25248003006,8252,7676,11076,-189,-65,108,7404,-7832,11172,13,128,-217,-13136,3364,7204,-1279,150,-145,-13196,-6608,6680,-495,201,-118,0
2916.2891960144043,8312,7444,11044,-181,-90,88,7440,-7952,11384,3,111,-293,-13228,3404,6980,-769,161,-139,-13268,-6520,6700,-496,213,-133,0
2916.3228719234467,8260,7652,11012,-140,-174,80,7404,-7876,11208,42,119,-309,-13096,3152,7304,-958,82,-472,-13208,-6612,6884,-494,289,-122,0
2916.356511116028,8260,7720,10920,-136,-218,107,7348,-7764,11392,-22,56,-288,-13112,3272,7068,-944,104,-251,-13248,-6536,6420,-498,313,-54,0
2916.389969110489,8264,7696,11028,-193,-212,136,7376,-7840,11220,-253,127,-281,-13100,3304,6996,-920,170,-186,-13208,-6624,6564,-433,226,-50,0
2916.423532962799,8144,7728,10936,-254,-153,108,7384,-7764,11160,-62,166,-285,-13052,3288,7180,-871,238,-149,-13116,-6596,6540,-319,222,-102,0
2916.456984996796,8148,7688,10928,-325,-186,39,7360,-7852,11208,-93,206,-387,-13156,3264,7156,-813,183,-274,-13180,-6580,6508,-307,366,-105,0
2916.4905290603638,8228,7660,11104,-340,-295,-27,7372,-7788,11364,-111,160,-494,-13188,3116,7404,-883,152,-372,-13212,-6540,6372,-353,526,-100,0
2916.5238220691685,8168,7680,10912,-311,-390,-3,7304,-7712,11436,-39,39,-521,-13300,3364,7316,-897,184,-367,-13320,-6520,6528,-326,257,31,0
2916.557270050049,8324,7576,10940,-315,-335,100,7304,-7804,11292,-10,76,-413,-13208,3528,7316,-928,291,-3,-13476,-6368,6508,-331,409,102,0
2916.5907840728764,8416,7604,11100,-337,-309,220,7376,-8004,11180,-102,-94,-312,-13304,3684,6984,-934,385,-132,-13536,-6328,6540,-408,288,136,0
2916.6242821216583,8436,7348,11116,-511,-236,243,7528,-7972,11100,-121,-119,-296,-13084,3456,7012,-955,425,-111,-13324,-6316,6612,-375,224,61,0
2916.6576659679413,8340,7480,11044,-261,-186,247,7192,-8192,10856,-115,-110,-280,-13264,3548,7052,-905,356,-99,-13428,-6304,6584,-411,181,70,0
2916.6913890838623,8528,7416,11148,-348,-162,218,7732,-7968,11088,-150,-26,-249,-13316,3448,7012,-721,138,-118,-13328,-6268,6504,-381,218,38,0
2916.724832057953,8444,7376,11072,-385,-173,191,7512,-7976,11040,-148,68,-278,-13396,3404,7044,-818,163,-114,-13320,-6148,6512,-384,281,6,0
2916.7581470012665,8356,7436,11008,-352,-231,105,7496,-7756,11084,-109,162,-290,-13112,3384,6760,-866,154,-80,-13412,-6200,6636,-342,209,-20,0
2916.7917110919952,8504,7576,11136,-313,-218,116,7676,-7808,11060,-144,90,-280,-13088,3424,6808,-957,333,-61,-13364,-6336,6524,-314,229,83,0
2916.8252379894257,8404,7564,10816,-422,-141,197,7368,-7860,11224,-198,-56,-214,-13256,3488,6700,-896,283,69,-13328,-6148,6616,-341,92,136,0
2916.858771085739,8352,7564,11096,-384,-91,504,7660,-8092,11332,-179,33,-142,-13316,3476,7008,-942,340,33,-13400,-6208,6564,-438,83,-254,0
2916.8918931484222,8460,7308,11100,-218,-178,221,7800,-8060,10796,-38,154,-119,-12984,3492,7284,-948,23,-136,-13308,-6272,6452,-531,127,-153,0
2916.9254620075226,8508,7240,10936,-35,-79,125,7524,-7964,11448,152,145,-195,-13152,3408,6820,-1146,81,-156,-13468,-6424,6516,-611,191,-195,0
2916.959048986435,8264,7460,11020,-96,-127,132,7468,-7764,11176,34,193,-143,-13540,3292,7016,-979,19,-109,-13416,-6496,6600,-570,132,-168,0
2916.992569923401,8384,7808,11052,-142,-135,139,7588,-7780,11124,35,154,-115,-13244,3380,7076,-928,108,-111,-13376,-6280,6192,-553,105,-117,0
2917.0258491039276,8512,7536,10960,-77,-140,191,7428,-7820,11084,30,47,-175,-13212,3328,7048,-781,168,-92,-13420,-6272,6144,-516,204,-56,0
2917.059313058853,8452,7480,10968,-136,-145,205,7504,-7744,11164,21,144,-198,-13208,3284,6824,-1035,195,-153,-13332,-6504,6500,-450,220,-38,0
2917.0925800800323,8444,7512,10876,-204,-220,163,7516,-7936,11152,-115,188,-266,-13180,3276,7080,-920,223,-173,-13548,-6344,6416,-369,249,-59,0
2917.1260640621185,8544,7540,10956,-281,-504,117,7604,-7848,11196,-130,166,-319,-13344,3464,6956,-899,231,-145,-13452,-5892,6444,-313,309,-77,0
2917.1592490673065,8388,7396,11040,-302,-240,116,7476,-7968,11180,-72,79,-321,-13312,3472,7012,-917,214,-190,-13348,-6164,6452,-384,301,-88,0
2917.192780017853,8596,7236,10992,-170,-264,75,7652,-8052,11172,-32,150,-315,-13344,3548,7012,-954,51,-207,-13496,-6148,6620,-488,239,-167,0
2917.226453065872,8524,7428,11052,-179,-181,59,7660,-8032,11100,17,387,-231,-13364,3516,7016,-989,46,-194,-13408,-5892,6436,-501,222,-166,0
2917.259863138199,8412,7356,11088,-119,-123,88,7528,-7940,11172,91,160,-223,-13288,3424,6844,-1020,132,-179,-13516,-6224,6556,-534,205,-165,0
2917.293333053589,8456,7468,11132,-107,-176,116,7404,-7856,11180,128,144,-210,-13284,3440,6848,-1073,140,-207,-13500,-6428,6492,-554,234,-183,0
2917.330798149109,8348,7404,11000,-75,-217,121,7536,-7892,11408,71,214,-216,-13248,3352,6964,-1018,98,-194,-13244,-6348,6560,-547,281,-169,0
2917.367141008377,8292,7460,11100,-67,-227,101,7572,-7872,11144,52,154,-277,-13208,3144,6856,-1007,144,-265,-13144,-6296,6204,-571,315,-136,0
2917.4024491310124,8488,7404,10992,-55,-341,136,7584,-7792,11156,33,81,-334,-13524,3272,7120,-969,140,-313,-13376,-6320,6376,-550,347,-193,0
2917.4388320446014,8516,7596,11036,-92,-365,59,7560,-7744,11308,56,139,-397,-13388,3196,6928,-1000,93,-307,-13544,-6364,6384,-525,382,-171,0
2917.4742131233215,8564,7588,11024,-164,-347,51,7576,-7780,11272,20,174,-374,-13472,3256,7044,-948,51,-286,-13588,-6436,6256,-491,308,-158,0
2917.509366989136,8688,7572,10984,-170,-356,25,7584,-7776,11260,68,160,-325,-13324,3208,7020,-979,128,-493,-13376,-6320,6344,-458,279,-174,0
2917.5446989536285,8540,7484,10964,-167,-323,47,7596,-7780,11120,53,87,-313,-13224,3308,7056,-967,65,-206,-13520,-6296,6184,-487,250,-133,0
2917.5806510448456,8484,7516,10880,-208,-14,100,7592,-7680,11204,-22,69,-236,-13368,3276,6904,-972,113,-152,-13380,-6296,6336,-258,191,-68,0
2917.6160650253296,8592,7436,11032,-155,-255,144,7664,-7800,11080,-9,69,-244,-13520,3348,7104,-1009,121,-177,-13420,-6388,6344,-473,219,-69,0
2917.6518609523773,8612,7372,10876,-176,-242,141,7560,-7800,11272,45,49,-212,-13360,3372,6728,-1034,102,-135,-13384,-6236,6336,-498,222,-51,0
2917.687704086304,8580,7412,10984,-163,-248,201,7552,-7856,11320,71,-14,-215,-13224,3316,7088,-1101,209,-88,-13516,-6236,6648,-569,222,17,0
2917.723505973816,8656,7420,10888,-156,-210,273,7572,-7936,11140,106,-104,-161,-13516,3472,7096,-1173,205,-53,-13400,-6276,6428,-588,156,-252,0
2917.7592539787292,8580,7288,10784,-112,-146,294,7632,-8180,11148,107,34,-174,-13388,3396,6876,-1104,135,-113,-13412,-6368,6552,-574,181,-30,0
2917.794935941696,8648,7368,10864,-88,-154,255,7564,-7712,11244,11,-11,-175,-13160,3224,6744,-1138,161,-51,-13360,-6232,6204,-567,230,-45,0
2917.8303411006927,8612,7428,10564,-155,-61,209,7564,-7604,10984,18,43,-121,-13300,3188,6672,-1125,158,-30,-13328,-6160,6096,-531,157,-59,0
2917.8654029369354,8512,7212,10748,-246,65,143,7704,-7636,11168,-22,179,-107,-13352,3116,6876,-1088,38,19,-13440,-6252,6208,-406,153,-93,0
2917.901813030243,8480,7212,10844,-352,141,81,7464,-7576,11160,-33,233,-94,-13260,3084,7120,-1100,8,-237,-13460,-6196,5888,-310,168,7,0
2917.937889099121,8612,7624,10512,-436,123,147,7632,-7616,11368,-194,77,-144,-13384,3320,7088,-995,192,113,-13668,-6488,6264,-244,87,114,0
2917.9741549491882,8792,7648,10996,-479,95,151,7728,-7672,11232,-342,5,-157,-13332,3176,7084,-894,184,114,-13488,-6324,5940,-269,108,77,0
2918.007655143738,8640,7448,10984,-412,35,165,7556,-7704,11232,-273,182,-95,-13424,3148,7024,-897,120,52,-13488,-6152,6296,-314,59,16,0
2918.040862083435,8608,7480,10824,-322,72,137,7492,-7776,11160,-246,155,-93,-13360,3256,7244,-920,113,99,-13456,-6184,6284,-385,59,-43,0
2918.0744149684906,8692,7268,10868,-239,157,110,7744,-7884,11172,-66,104,-93,-13360,3328,6980,-1047,103,88,-13444,-6232,6508,-465,23,-146,0
2918.108013153076,8648,7408,10924,-92,310,88,7688,-7776,11220,21,141,-28,-13488,3516,6928,-1062,-54,111,-13792,-6244,6452,-494,-75,-242,0
2918.1413109302525,8600,7400,10864,-92,359,252,7680,-7856,11312,249,266,17,-13384,3400,7048,-1031,-114,108,-13476,-6188,6644,-481,-82,-236,0
2918.174775123596,8560,7444,11116,-175,312,-17,7696,-7904,11432,-106,304,-14,-13336,3344,6832,-938,-79,150,-13488,-6356,6592,-399,-40,-182,0
2918.208328008652,8452,7440,11140,-3,240,-30,7532,-7760,11320,-234,210,-143,-13296,3272,6940,-856,3,65,-13328,-6208,6536,-306,59,-162,0
2918.241950035095,8280,7392,10864,-331,56,-15,7432,-7776,11052,-315,508,-197,-13272,3092,6856,-798,-11,40,-13284,-6192,6396,-241,128,-66,0
2918.275402069092,8468,7540,10912,-405,59,29,7512,-7532,11008,-366,165,-218,-13192,3256,6804,-779,125,25,-13452,-6208,6484,-180,88,11,0
2918.3089339733124,8496,7360,11024,-431,14,23,7620,-7836,11456,-393,157,-248,-13256,3368,7128,-751,187,51,-13580,-6200,6536,-140,119,-8,0
2918.342360973358,8580,7408,10916,-499,65,22,7608,-7892,11140,-414,139,-236,-13352,3440,7188,-740,148,112,-13512,-6192,6196,-180,75,3,0
2918.3758590221405,8596,7324,11224,-536,152,-4,7512,-7868,11200,-383,201,-164,-13364,3508,7080,-793,102,179,-13488,-6132,6424,-236,25,-18,0
2918.4091889858246,8492,7412,11016,-484,150,30,7432,-7908,11128,-347,164,-114,-13452,3516,6992,-853,67,165,-13408,-6100,6604,-237,-58,-6,0
2918.443048000336,8492,7404,11056,-444,222,65,7616,-8132,11428,-343,157,-61,-13068,3588,7136,-831,57,241,-13604,-6200,6620,-278,-94,-30,0
2918.476639986038,8660,7204,11108,-453,288,43,7568,-8160,11024,-384,193,-8,-13276,3548,7244,-798,7,509,-13388,-6244,6672,-246,-155,-30,0
2918.5102150440216,8336,7420,11152,-462,282,68,7456,-8076,11260,-433,175,47,-13244,3568,7008,-756,-37,368,-13548,-6248,6540,-256,-256,18,0
2918.5433859825134,8684,7352,11020,-474,371,138,7440,-8028,10996,-441,224,176,-13232,3656,7076,-754,-251,449,-13500,-6240,6544,-216,-340,58,0
2918.5769231319427,8348,7356,11276,-550,411,141,7464,-8100,11084,-765,199,138,-13192,3372,6884,-731,95,440,-13376,-6224,6616,-188,-365,51,0
2918.6104390621185,8252,7344,11108,-575,437,141,7520,-8132,11124,-543,215,156,-13224,3836,7024,-664,-24,465,-13424,-6120,6892,-228,-324,52,0
2918.6437540054326,8284,7136,11008,-605,354,143,7424,-8236,11000,-484,280,146,-13160,3716,7276,-728,-4,406,-13272,-6108,6688,-187,-271,65,0
2918.67741894722,8084,7140,11248,-575,340,140,7460,-8236,10972,-396,301,115,-13156,3784,7008,-666,-8,391,-13340,-6104,6804,-233,-224,46,0
2918.7110431194305,8172,7108,11380,-551,320,98,7208,-8436,10944,-418,359,79,-13196,3876,6928,-625,-32,323,-13368,-6068,6740,-262,-213,-16,0
2918.744336128235,8384,7132,11528,-535,344,77,7296,-8336,11024,-410,273,60,-13248,4084,6996,-686,32,308,-13456,-5908,6896,-241,-247,-10,0
2918.7777440547943,8432,7060,11408,-507,416,62,7512,-8276,11004,-432,282,80,-13180,4068,7144,-811,-20,396,-13496,-6000,6960,-276,-301,-57,0
2918.8112959861755,8192,7064,11488,-497,487,-15,7516,-8392,10968,-426,357,123,-13308,3884,6984,-696,-137,447,-13492,-6196,6956,-512,-469,-180,0
2918.8448469638824,8104,7080,11528,-451,544,-101,7376,-8408,10996,-428,500,147,-13264,4120,7100,-581,-251,440,-13448,-6072,7112,-208,-573,-293,0
2918.8781991004944,8052,7020,11480,-398,596,-186,7360,-8364,10940,-391,608,189,-13100,4092,7100,-604,-342,395,-13188,-5988,6952,-206,-543,-387,0
2918.9115719795227,7936,6980,11416,-422,619,-225,7164,-8488,10960,-328,673,184,-12924,4328,6996,-664,-392,378,-13164,-5936,7160,-238,-526,-355,0
2918.945230960846,7956,7020,11372,-375,628,-182,7080,-8416,10872,-319,534,143,-12880,4136,7100,-692,-278,331,-13088,-6004,7008,-245,-446,-295,0
2918.978590965271,7704,7024,11448,-385,423,-142,6976,-8532,10952,-275,487,78,-12892,4344,7068,-725,-219,228,-13264,-6060,7092,-291,-267,-292,0
2919.0155589580536,7464,6932,11564,-267,280,-170,7112,-8596,10968,-161,418,-84,-12920,4184,7192,-796,-121,72,-12872,-6028,7204,-384,-164,-385,0
2919.0513501167297,7772,7012,11512,-163,267,-184,7140,-8484,10888,-101,433,-119,-13248,4096,6924,-920,-117,58,-13164,-6032,7128,-448,-135,-428,0
2919.0876829624176,7828,7100,11468,-113,202,-177,7184,-8472,10856,-28,406,-147,-13032,3900,6916,-942,-119,-15,-12988,-5976,7048,-478,-44,-387,0
2919.1228170394897,7772,7108,11540,-24,84,-126,6856,-8520,10940,55,360,-178,-12812,4248,7268,-1019,-124,-166,-12884,-5912,6948,-580,130,-349,0
2919.1587541103363,7760,7032,11536,-250,9,-72,7052,-8688,10792,184,257,-198,-12844,4188,7100,-1101,-32,-502,-12844,-5928,7052,-692,221,-341,0
2919.194184064865,7544,6944,11464,218,-186,-256,7156,-8596,11072,305,162,-322,-12720,4196,7124,-1209,64,-388,-12888,-6068,7324,-691,414,-316,0
2919.230150938034,7704,7012,11600,228,-320,25,6860,-8688,10788,354,151,-365,-12880,4092,7196,-1287,94,-468,-13104,-6024,7112,-760,522,-320,0
2919.2655730247498,7888,7040,11524,251,-440,58,7000,-8456,10928,331,142,-424,-12876,4196,7132,-1273,104,-463,-13068,-6048,7252,-755,529,-229,0
2919.301260948181,7784,7116,11544,179,-396,85,6984,-8548,11048,307,30,-362,-12992,4296,7132,-1269,131,-422,-13248,-6340,6992,-740,530,-136,0
2919.337264060974,8164,7276,11488,100,-388,178,7352,-8388,11204,211,38,-325,-12932,4284,7176,-1239,197,-378,-13172,-6192,7096,-723,462,-117,0
2919.37285900116,8060,7240,11432,147,-407,184,7196,-8328,10980,202,-37,-376,-13152,3972,6924,-1158,506,-353,-13340,-6312,7052,-650,400,-144,0
2919.4089250564575,8052,7256,11744,36,-354,154,7496,-8304,11064,137,49,-340,-13416,3900,7104,-1119,133,-307,-13592,-6356,7144,-562,343,-219,0
2919.4443860054016,8276,7448,11396,-76,-142,32,7496,-8048,11344,90,215,-274,-13208,3660,7128,-1047,-69,-106,-13400,-6456,6828,-571,241,-293,0
2919.4795360565186,8100,7520,11172,-156,-101,-60,7304,-8124,11200,81,327,-220,-13032,3792,7304,-1038,-128,-128,-13232,-6232,6760,-563,192,-269,0
2919.5147631168365,7976,7392,11232,-99,-99,4,7060,-8052,11148,107,220,-172,-12732,3800,6980,-1118,30,-49,-13188,-6360,6924,-494,145,-127,0
2919.5503480434418,7792,7408,11200,-156,-48,126,6992,-8168,11148,67,67,-200,-12824,3840,7288,-1040,163,-58,-13132,-6608,7056,-436,143,-61,0
2919.586151123047,7772,7404,11360,-242,-38,114,7068,-8224,11112,-6,79,-211,-12952,3924,7440,-983,217,-73,-13012,-6192,6972,-474,218,-93,0
2919.6216180324554,7724,7308,11744,-66,-185,156,6976,-8304,10812,-12,45,-271,-12820,4004,7440,-1027,152,-162,-12996,-6196,7108,-481,240,-77,0
2919.6570789813995,7724,7300,11528,-104,-259,141,6956,-8356,11204,30,76,-304,-12940,3980,7172,-1031,252,-243,-13264,-6252,7052,-475,321,-73,0
2919.690570116043,7700,7268,11764,-157,-222,108,7364,-8412,11132,-34,59,-349,-13156,3856,7264,-1039,160,-287,-13164,-6184,6920,-547,396,-165,0
2919.7240369319916,7712,7216,11460,-50,-380,69,7268,-8256,11004,56,97,-407,-12856,3888,6984,-1104,202,-307,-13104,-6096,6832,-525,402,-113,0
2919.7576420307164,7876,7408,11356,-9,-370,130,7072,-8236,11172,78,-46,-404,-12924,4080,6984,-1070,327,-340,-13144,-6060,6932,-517,415,-69,0
2919.791342020035,7908,7300,11372,-4,-383,187,6960,-8252,11260,37,-177,-426,-13080,3824,7104,-1071,338,-380,-13516,-6376,6796,-560,462,-69,0
2919.8247990608215,8080,7208,11240,31,-394,168,7596,-8424,10808,74,-2,-389,-13220,3916,6952,-1107,160,-391,-13396,-6108,6876,-621,438,-168,0
2919.8586659431458,8288,7220,11508,53,-326,175,7404,-8440,11056,146,156,-289,-13156,3812,7288,-1166,139,-395,-13376,-6180,7016,-624,326,-188,0
2919.8921251297,8248,7284,11516,-6,-215,113,7320,-8172,10960,171,116,-215,-13180,3940,7156,-1177,128,-247,-13460,-6252,6908,-618,266,-151,0
2919.9256279468536,8176,7168,11356,-35,-182,170,7324,-8212,11208,102,61,-209,-13172,3864,7120,-1178,115,-183,-13392,-6204,6916,-627,291,-88,0
2919.9590749740605,8120,7668,11112,-19,-167,244,7356,-8136,11068,106,23,-118,-13076,3832,7112,-1189,116,-152,-13204,-6164,6848,-687,189,-62,0
2919.9926121234894,7984,7248,11212,65,-153,322,7200,-8328,10856,149,152,-59,-12816,3908,6972,-1256,211,-171,-13120,-6224,7068,-755,177,-104,0
2920.0258939266205,7684,7208,11284,106,-144,289,7092,-8304,11152,274,68,-86,-12832,3764,7400,-1258,160,-228,-13264,-6424,6984,-779,228,-136,0
2920.0595300197606,7948,7580,11332,95,-93,241,7364,-8116,11312,239,92,-102,-13132,3636,7280,-1218,117,-153,-13420,-6484,6872,-693,230,-131,0
2920.0929300785065,8380,7616,11448,-54,-134,177,7288,-8024,11344,103,1,-131,-13212,3552,7120,-1177,74,-115,-13348,-6472,6896,-624,175,-129,0
2920.1266429424286,8048,7584,11484,-104,-100,141,7292,-7996,11376,63,129,-200,-13100,3436,7208,-1061,127,-178,-13156,-6644,6728,-546,145,-133,0
2920.160113096237,8036,7464,11160,-157,-120,101,7236,-7980,11136,35,123,-237,-12984,3448,7072,-981,111,-179,-13552,-6156,6752,-485,208,-128,0
2920.1938099861145,8164,7488,11096,-222,-208,109,7204,-8016,11248,-44,120,-271,-13072,3668,7076,-984,113,-183,-13408,-6400,6724,-397,197,-91,0
2920.2273421287537,8128,7568,11316,-270,-186,103,7388,-7952,11068,-91,140,-258,-13204,3484,7016,-918,194,-120,-13360,-6392,6804,-374,166,-98,0
2920.2608699798584,8144,7572,11192,-312,-196,85,7284,-8180,11012,-106,127,-275,-13092,3832,6928,-899,179,-138,-13312,-6204,6564,-404,207,-93,0
2920.294354915619,8152,7460,11268,-299,-218,125,7356,-8024,11080,-57,100,-254,-13156,3712,6972,-946,205,-162,-13356,-6268,6780,-424,248,-46,0
2920.3278889656067,8096,7320,11432,-220,-228,166,7348,-8432,11012,-4,83,-264,-13144,3864,7044,-1270,203,-175,-13068,-6396,6584,-475,217,-79,0
2920.361699104309,8200,7252,11164,-202,-275,176,7408,-8180,11168,17,17,-249,-13232,3612,7380,-1003,181,-108,-13380,-6260,6808,-466,209,-77,0
2920.395008087158,8156,7324,11236,-236,-182,155,7360,-8108,11196,7,52,-200,-13112,3768,7020,-769,178,-54,-13360,-6252,6748,-497,217,-48,0
2920.4285039901733,8416,7260,11492,-219,-207,213,7312,-8432,11176,15,81,-176,-13204,3768,7220,-1044,202,-114,-13332,-6256,6880,-500,217,-65,0
2920.461986064911,8148,7304,11036,-202,-194,196,7212,-8164,11320,0,59,-185,-12972,3732,7344,-1045,212,-116,-13544,-6256,6800,-461,129,-42,0
2920.495476961136,7936,7316,11068,-203,-169,191,7224,-8120,11040,-24,30,-212,-13212,3668,7068,-978,207,-153,-13304,-6312,6800,-487,132,-85,0
2920.5291409492493,8212,7268,11232,-235,-171,144,7224,-8224,11148,-21,106,-210,-13160,3796,6936,-978,137,-129,-13264,-6268,6776,-484,219,-104,0
2920.562798976898,8152,7388,11220,-198,-232,158,7236,-8120,11160,45,92,-246,-13204,3732,6972,-984,154,-151,-13228,-6252,6856,-451,228,-97,0
2920.596043109894,8032,7240,11276,-162,-202,119,7240,-8108,11160,19,111,-298,-13124,3632,7156,-985,149,-233,-13288,-6296,6820,-452,254,-120,0
2920.6296529769897,8116,7328,11396,-220,-266,92,7332,-8136,11176,37,145,-308,-13156,3588,7032,-993,122,-4,-13440,-6264,6776,-469,290,-139,0
2920.6626420021057,8396,7412,11400,-250,-271,95,7248,-8056,11248,-8,98,-312,-13080,3656,6948,-1001,141,-215,-13344,-6276,6804,-438,217,-88,0
2920.700408935547,8256,7380,11188,-509,-202,128,7288,-8008,11312,-28,40,-512,-13124,3596,7120,-993,167,-102,-13336,-6360,6748,-462,203,-48,0
2920.741802930832,8316,7376,11128,-191,-199,189,7456,-7952,11252,-32,3,-245,-13224,3516,7044,-773,227,-101,-13444,-6280,6604,-467,188,-58,0
2920.7779281139374,8368,7296,11020,-226,-169,173,7676,-7972,11032,-53,43,-219,-13236,3736,6920,-1069,220,-108,-13544,-6228,6752,-490,186,-76,0
2920.813154935837,8416,7268,11124,-168,-137,130,7392,-7972,11160,-68,82,-224,-13260,3540,7028,-1013,169,-104,-13296,-6312,6732,-468,167,-96,0
2920.8492209911346,8276,7316,11172,-202,-90,117,7448,-8076,11196,-16,134,-193,-13256,3704,7024,-775,109,-87,-13392,-5892,6652,-491,167,-110,0
2920.8844130039215,8280,7248,11424,-181,-22,102,7296,-8080,11060,-18,146,-157,-13128,3664,7008,-1051,90,-40,-13356,-6228,6712,-464,87,-123,0
2920.9309179782867,8296,7332,11188,-202,4,130,7412,-8128,11092,-52,73,-163,-13180,3652,7120,-1053,164,-15,-13416,-5988,6460,-444,111,-71,0
2920.9783189296722,8128,7304,11260,-184,-71,149,7360,-8148,11160,-53,88,-166,-13224,3628,7096,-1038,165,-59,-13316,-6272,6764,-492,153,-100,0
2921.0226299762726,8420,7340,11248,-152,-51,116,7524,-7988,11004,-32,174,-181,-13180,3740,7076,-1007,150,-76,-13564,-6244,6732,-493,154,-124,0
2921.058300971985,8424,7264,11132,-160,-60,86,7312,-8104,11012,-12,160,-176,-13212,3776,7148,-1032,99,-108,-13272,-6228,6904,-489,125,-128,0
2921.0939459800725,8200,7308,11236,-155,-54,44,7396,-8080,11196,-14,168,-177,-13168,3652,7044,-990,13,-72,-13560,-6280,6856,-492,136,-173,0
2921.1299710273743,8356,7192,11220,-178,-251,66,7360,-8120,11040,-35,183,-162,-13312,3624,7132,-1000,49,-74,-13336,-6312,6680,-477,129,-180,0
2921.1653621196747,8428,7408,11248,-169,-25,49,7216,-8008,11152,-30,170,-179,-13244,3588,7064,-999,59,-127,-13312,-6276,6696,-500,127,-175,0
2921.200807094574,7992,7200,11216,-189,-52,93,7392,-8048,11196,-66,168,-183,-13236,3600,6880,-988,78,-9,-13304,-6272,6644,-479,116,-126,0
2921.2370879650116,8228,7276,11140,-184,-69,109,7316,-8052,11072,-58,120,-162,-13184,3620,7028,-1047,119,-47,-13360,-6344,6412,-485,116,-146,0
2921.272299051285,8296,7344,11164,-165,-39,133,7304,-8060,11128,-48,94,-161,-13180,3608,7120,-1026,91,-47,-13316,-6252,6724,-522,124,-138,0
2921.307600975036,8272,7328,11356,-144,-45,115,7356,-8108,11092,-42,83,-176,-13124,3572,7108,-771,85,-14,-13072,-6228,6748,-505,99,-116,0
2921.3434360027313,8304,7320,11468,-126,-59,110,7364,-8100,11172,-28,138,-145,-13156,3336,6940,-998,111,-53,-13340,-6188,6844,-504,83,-124,0
2921.3767859935765,8444,7372,11140,-147,-47,97,7412,-8020,11144,-50,107,-148,-13204,3536,6928,-1002,76,-95,-13532,-6336,6896,-484,99,-123,0
2921.410125017166,8160,7356,11252,-166,-31,79,7488,-8088,11172,-57,167,-164,-13216,3644,7288,-980,60,-39,-13556,-6236,6852,-464,105,-176,0
2921.443848133087,8440,7644,11140,-180,-40,71,7328,-8080,11116,-87,159,-193,-13092,3656,7092,-953,90,-12,-13364,-6396,6780,-469,57,-177,0
2921.4773440361023,8336,7252,11036,-164,-81,48,7372,-8184,11076,-85,174,-187,-13232,3716,7036,-949,21,-48,-13564,-6340,6672,-487,85,-178,0
2921.5106930732727,8404,7376,11480,-159,-72,60,7352,-8108,11404,-28,162,-176,-13160,3692,6944,-1021,18,-48,-13216,-6336,6828,-475,84,-179,0
2921.5440299510956,8208,7608,11444,-123,-21,73,7308,-8092,11220,-67,143,-166,-13180,3680,7096,-988,44,-67,-13348,-6328,6704,-506,109,-152,0
2921.5777981281285,8332,7348,11228,-190,-70,57,7372,-8024,11072,-58,154,-177,-13132,3732,7004,-948,92,-37,-13544,-6280,6708,-444,141,-145,0
2921.6110479831696,7972,7388,11332,-209,-42,81,7216,-8028,11180,-42,142,-179,-13172,3456,6948,-1009,61,-38,-13160,-6300,6756,-456,150,-150,0
2921.644434928894,7940,7292,11488,-135,-58,95,7320,-8020,11188,-45,131,-174,-13164,3676,7164,-1000,92,-80,-13564,-6236,6756,-473,103,-164,0
2921.6779141426086,8408,7488,11316,-171,-37,88,7388,-8068,10944,-41,177,-144,-13064,3672,7200,-980,72,-62,-13328,-6368,6792,-503,97,-155,0
2921.71141910553,8248,7400,11048,-165,-23,87,7344,-8136,11220,-92,158,-145,-13124,3640,7028,-958,56,-17,-13308,-6276,6732,-476,85,-147,0
2921.7450580596924,8432,7432,11104,-165,-27,74,7264,-8060,10760,-38,132,-180,-13132,3820,6948,-995,123,-62,-13348,-6288,6768,-485,136,-114,0
2921.7783970832825,8188,7644,11504,-171,-36,116,7376,-8044,11092,-40,129,-196,-13100,3380,7084,-1011,110,-87,-13376,-6236,6772,-494,158,-102,0
2921.8119139671326,8112,7388,11108,-157,-62,111,7316,-8100,11200,-79,113,-195,-13116,3704,7068,-980,89,-72,-13436,-6204,6704,-520,134,-130,0
2921.8455109596252,7948,7440,11184,-163,-45,93,7328,-8108,11096,-50,128,-174,-13172,3636,7132,-774,107,-45,-13244,-6248,6892,-505,149,-138,0
2921.8789949417114,8224,7384,11440,-180,-44,111,7388,-8128,11228,-39,162,-163,-13224,3720,6896,-1013,96,-36,-13300,-6240,6776,-497,119,-105,0
2921.9122691154485,8164,7244,11080,-177,-42,102,7372,-8088,11244,-49,143,-135,-13160,3744,6872,-991,76,-64,-13308,-6312,6768,-482,103,-120,0
2921.945872068405,8116,7368,11372,-171,-43,95,7316,-8032,11260,-50,146,-159,-13100,3680,7208,-992,75,-94,-13188,-6272,6676,-497,140,-167,0
2921.9793910980225,8424,7344,11240,-160,-44,87,7300,-8020,11224,-91,129,-186,-13244,3744,7160,-996,66,-82,-13312,-6328,6864,-499,132,-113,0
2922.0129261016846,8204,7268,11308,-147,-78,82,7372,-8296,11208,-52,158,-166,-13168,3716,6960,-1005,107,-28,-13308,-6288,6780,-474,142,-139,0
2922.0466890335083,8080,7332,11200,-145,-43,88,7316,-8188,11120,-10,143,-173,-13092,3800,6932,-1019,72,-70,-13220,-6404,6732,-487,130,-121,0
2922.0800321102142,8164,7300,11268,-147,-30,105,7384,-8056,11224,-28,161,-167,-13148,3716,6952,-1009,85,-77,-13408,-6340,6844,-492,148,-124,0
2922.113155126572,7956,7524,11504,-177,-75,117,7236,-8100,11164,-31,134,-199,-13100,3640,7080,-992,102,-82,-13304,-6340,6784,-494,181,-129,0
2922.1468601226807,8072,7396,11072,-164,-76,100,7284,-8184,11096,-48,147,-171,-13060,3632,7104,-995,130,-65,-13252,-6300,6896,-491,146,-101,0
2922.180098056793,7940,7420,11208,-154,-59,106,7308,-8052,11240,-41,127,-170,-13200,3756,7076,-1057,111,-27,-13308,-6356,6816,-487,131,-90,0
2922.213629961014,8132,7392,11240,-187,-57,109,7388,-8156,11220,-253,132,-151,-13252,3680,6956,-1034,90,-93,-13304,-6280,6784,-498,146,-131,0
2922.2472820281982,8200,7388,11220,-208,-35,105,7340,-8048,11168,2,134,-147,-13184,3604,7076,-1024,85,-113,-13312,-6428,6752,-466,115,-96,0
2922.280627012253,8104,7520,11388,-167,-75,114,7280,-8052,11072,-61,138,-181,-13092,3624,7204,-1268,102,-86,-13236,-6388,6724,-495,144,-96,0
2922.314262151718,8156,7428,11208,-188,-92,92,7244,-8112,11208,-9,151,-210,-13168,3592,7084,-996,121,-93,-13200,-6148,6656,-443,184,-79,0
2922.3500940799713,8416,7400,11044,-236,-61,123,7352,-8060,11088,-24,110,-201,-13132,3608,6932,-998,114,-106,-13208,-6288,6808,-447,184,-80,0
2922.3854410648346,8164,7320,11324,-188,-135,153,7200,-8128,11192,-6,149,-185,-13152,3696,6968,-1000,120,-82,-13280,-6348,6804,-449,181,-59,0
2922.4219081401825,7948,7616,11108,-220,-91,129,7312,-8132,11152,-61,158,-192,-13048,3620,7244,-965,137,-89,-13288,-6336,6752,-454,154,-87,0
2922.4581229686737,8164,7316,11212,-216,-105,125,7276,-7956,11188,-30,114,-189,-13256,3668,7088,-965,101,-146,-13256,-6260,6744,-471,175,-68,0
2922.4935090541844,8200,7368,11224,-225,-136,149,7340,-8048,11200,252,124,-219,-13220,3672,7036,-1006,129,-104,-13112,-6240,6756,-500,212,-48,0
2922.528785943985,8112,7296,11184,-185,-124,146,7324,-8088,11176,-21,68,-213,-13308,3712,7128,-1011,186,-119,-13256,-6396,6720,-484,220,-74,0
2922.563327074051,8252,7184,11420,-199,-173,162,7364,-8036,10892,-10,87,-217,-13176,3660,6956,-1009,158,-136,-13068,-6176,6812,-493,208,-85,0
2922.598653078079,8188,7372,11212,-210,-125,140,7368,-8128,11192,-9,138,-231,-13228,3652,7000,-1044,135,-100,-13308,-6256,7044,-482,212,-52,0
2922.6334099769592,8156,7288,11324,-197,-144,157,7180,-8096,11236,-13,82,-198,-13160,3648,7084,-1022,99,-131,-13320,-5892,6696,-501,219,-72,0
2922.6697380542755,8200,7236,11092,-189,-155,155,7380,-8072,11152,-19,119,-189,-13160,3536,7116,-991,159,-98,-13540,-6292,6760,-476,169,-63,0
2922.7050590515137,8232,7380,11252,-179,-125,125,7376,-7944,11052,-25,94,-225,-13228,3664,7024,-987,142,-121,-13260,-6204,6716,-487,185,-66,0
2922.740625143051,8120,7312,11012,-217,-123,124,7360,-8072,11048,-36,111,-213,-13132,3592,6964,-997,141,-119,-13404,-6220,6816,-485,169,-73,0
2922.7755820751186,8216,7304,11228,-187,-159,149,7376,-8080,11124,-17,109,-209,-13228,3640,7040,-1014,142,-151,-13340,-6200,6652,-497,182,-101,0
2922.811268091202,8312,7348,11312,-169,-175,131,7376,-8068,11144,-17,119,-194,-13224,3760,7208,-1014,148,-120,-13524,-6220,6492,-506,191,-81,0
2922.8462059497833,8208,7364,11184,-191,-177,147,7400,-8068,11088,-3,117,-216,-13128,3824,7000,-999,154,-133,-13296,-6200,6744,-480,207,-48,0
2922.881922006607,8204,7452,11184,-217,-169,175,7364,-8056,11232,-34,110,-228,-13312,3640,7068,-993,142,-106,-13292,-6252,6756,-469,181,-79,0
2922.9183459281926,8212,7308,11148,-210,-199,180,7656,-8028,11148,-57,90,-196,-13224,3720,6928,-1278,154,-46,-13392,-6264,6672,-525,157,-96,0
2922.9537699222565,8288,7272,11356,-200,-139,137,7408,-7952,11028,3,89,-183,-13116,3676,7020,-1029,125,-125,-13212,-6240,6676,-471,155,-101,0
2922.989344120025,8204,7240,11076,-171,-65,130,7236,-8000,10920,-37,100,-161,-13064,3588,7088,-1000,101,-93,-13296,-6152,6772,-501,141,-106,0
2923.02484703064,8256,7176,11360,-170,-102,89,7532,-8080,11008,-62,147,-198,-13256,3580,6888,-975,135,-74,-13116,-6396,6492,-469,135,-144,0
2923.0585451126094,8292,7168,10900,-193,-44,95,7428,-8020,11088,-15,147,-170,-13236,3636,6968,-1023,94,-9,-13080,-6208,6772,-453,87,-137,0
2923.091877937317,8276,7312,11092,-158,-31,98,7404,-7932,11064,-22,153,-138,-13152,3724,6876,-1036,127,-69,-13104,-6268,6872,-460,86,-123,0
2923.125308036804,8216,7632,11488,-202,8,71,7400,-8000,11184,-26,143,-150,-13108,3612,6992,-1009,93,-68,-13304,-6336,6724,-440,98,-161,0
2923.1586289405823,8204,7392,11252,-190,-46,90,7372,-8072,11136,-70,158,-180,-13220,3352,7164,-978,51,-47,-13124,-6212,6692,-464,152,-140,0
2923.192062139511,8144,7344,11124,-144,-56,74,7280,-8104,11120,-51,125,-204,-13200,3348,7400,-1012,91,-63,-13296,-6216,6780,-463,165,-129,0
2923.225559949875,8188,7300,11228,-169,-62,119,7356,-7952,11192,26,124,-216,-13288,3828,6972,-1029,116,-86,-13288,-6216,6680,-482,179,-132,0
2923.2592470645905,8444,7400,11184,-157,-61,98,7388,-8068,11152,-64,150,-176,-13204,3620,7344,-1000,82,-58,-13388,-6280,6864,-467,111,-134,0
2923.2926409244537,8208,7400,11020,-199,-49,103,7396,-8172,11036,-50,126,-196,-13160,3652,7024,-1000,133,-71,-13356,-6180,6748,-470,108,-138,0
2923.326148033142,8284,7248,11212,-143,-38,94,7360,-8032,11160,-38,120,-143,-13192,3664,6892,-1002,88,-17,-13436,-6224,6776,-528,115,-131,0
2923.359791994095,8296,7168,11460,-167,-32,98,7240,-8076,11160,-20,111,-156,-13164,3616,7156,-1010,39,-45,-13356,-6192,6724,-509,96,-105,0
2923.3927891254425,8252,7424,11152,-145,-26,118,7360,-7988,11060,-44,138,-133,-13200,3684,7008,-997,54,-90,-13316,-6260,6812,-499,116,-117,0
2923.426537036896,8168,7288,11292,-143,-44,88,7480,-7992,10976,-66,110,-171,-13192,3572,7004,-1010,80,-71,-13308,-6200,6736,-493,103,-145,0
2923.459986925125,8236,7344,11160,-160,-27,70,7328,-8156,11056,-43,167,-163,-13200,3652,7088,-999,95,-8,-13400,-6216,6536,-470,132,-152,0
2923.49346613884,8444,7288,11056,-132,-37,88,7340,-8116,11220,-56,171,-155,-13224,3696,7148,-1000,43,-23,-13248,-6232,6908,-474,133,-142,0
2923.526971101761,8260,7364,11436,-153,-47,66,7440,-7996,11412,-34,162,-153,-13208,3328,6948,-989,69,-76,-13212,-6196,6792,-480,123,-144,0
2923.560492038727,7992,7420,11064,-177,-26,58,7308,-7988,11172,-38,175,-173,-13196,3636,7100,-978,62,-58,-13172,-6288,6876,-494,123,-167,0
2923.5939581394196,7980,7356,11300,-158,-45,84,7332,-8016,11160,-63,158,-164,-13136,3708,7128,-1013,103,-43,-13316,-6316,6800,-465,99,-145,0
2923.627589941025,8360,7296,11240,-165,-42,83,7624,-8056,11052,-65,153,-161,-13236,3716,6912,-773,54,-13,-13124,-6224,6796,-509,119,-140,0
2923.6610810756683,8096,7364,11316,-166,-46,96,7348,-8104,11036,-28,168,-148,-13140,3824,6968,-1043,68,-25,-13072,-6268,6724,-493,102,-174,0
2923.6945469379425,8128,7452,11164,-135,6,84,7376,-7952,11268,-42,145,-161,-13100,3668,6980,-1012,58,-48,-13308,-6304,6744,-497,105,-151,0
2923.7281019687653,8244,7444,11264,-147,-72,83,7356,-8080,11156,-70,177,-160,-13172,3700,6992,-966,64,-52,-13296,-6248,6784,-452,106,-156,0
2923.7617731094365,8044,7264,11268,-187,-6,85,7420,-8108,10988,-5,153,-185,-13084,3676,6940,-991,106,-18,-13296,-6324,6888,-468,132,-137,0
2923.7950501441956,8144,7344,11100,-162,-47,99,7428,-8088,11040,-71,112,-169,-13148,3632,7248,-972,90,-46,-13192,-6432,6784,-472,104,-158,0
2923.828686952591,8196,7376,11268,-167,-57,96,7420,-8132,11104,-56,123,-153,-13092,3716,7024,-1001,81,-83,-13376,-6184,6660,-463,74,-152,0
2923.8623270988464,8128,7372,11364,-140,-75,89,7444,-8092,11156,-73,135,-169,-13144,3636,7024,-977,76,-79,-13544,-6320,6668,-484,132,-163,0
2923.895569086075,8196,7264,11220,-161,-31,72,7404,-8092,11292,-43,148,-195,-13188,3668,7008,-981,53,-54,-13292,-6316,6800,-487,135,-136,0
2923.929188966751,7944,7284,11164,-169,-61,110,7368,-8060,11016,-28,160,-187,-13032,3556,7004,-1275,84,-51,-13164,-6212,6760,-501,169,-138,0
2923.9627289772034,8176,7628,10872,-146,-50,85,7452,-8044,11260,-38,144,-185,-13228,3644,6896,-999,107,-46,-13280,-6256,6856,-456,164,-149,0
2923.9962520599365,8012,7360,11228,-157,-95,85,7472,-8040,11036,-18,130,-181,-13184,3784,7032,-965,75,-104,-13424,-6336,6708,-482,124,-139,0
2924.032334089279,8156,7440,11488,-162,-48,101,7344,-8172,11384,-47,147,-162,-13256,3684,6856,-998,88,-58,-13292,-6348,6684,-496,140,-138,0
2924.0681540966034,8072,7384,11260,-157,-95,88,7404,-8044,11140,-26,125,-182,-13148,3624,7344,-1010,89,-86,-13204,-6364,6780,-493,149,-119,0
2924.103578090668,8088,7424,11124,-168,-79,107,7176,-8076,11124,-30,146,-161,-13136,3632,7068,-1014,97,-57,-13236,-6240,6756,-482,143,-131,0
2924.1397371292114,7960,7476,11152,-217,-69,74,7264,-8000,11224,-54,174,-174,-13156,3624,7072,-993,127,-51,-13236,-6244,6744,-486,134,-150,0
2924.175001144409,8096,7332,11344,-183,-50,98,7364,-8076,11216,-59,141,-183,-13100,3740,7172,-1022,80,-109,-13344,-6292,6776,-512,136,-108,0
2924.2108891010284,8080,7448,11484,-171,-47,70,7400,-8024,10960,-27,206,-148,-13112,3752,7084,-1269,119,-80,-13244,-6200,6720,-491,153,-141,0
2924.2455010414124,7980,7364,11260,-172,-42,118,7348,-8096,11124,-24,144,-192,-13100,3744,7148,-985,83,-70,-13312,-6296,6780,-496,148,-142,0
2924.2814331054688,7936,7376,11236,-165,-57,128,7336,-8096,11036,249,162,-169,-13152,3744,7064,-1022,108,-50,-13320,-6192,6840,-459,148,-139,0
2924.317451000213,8172,7516,11360,-211,-67,112,7284,-8020,11024,-18,143,-194,-13168,3736,7052,-988,136,-71,-13380,-6276,6776,-472,157,-92,0
2924.3528389930725,8208,7404,11224,-211,-43,121,7676,-8048,11180,-62,134,-181,-13216,3632,7192,-992,135,-58,-13380,-6248,6776,-467,119,-96,0
2924.3886849880214,8088,7316,11012,-208,-91,134,7172,-8112,11076,-52,147,-141,-13152,3768,7136,-776,97,-23,-13216,-6212,6784,-261,145,-136,0
2924.4241950511932,8008,7548,11232,-214,-47,147,7472,-8092,11060,-24,105,-143,-13244,3632,6996,-772,63,-90,-13248,-6276,6800,-492,132,-110,0
2924.4599940776825,8080,7472,11160,-183,-25,105,7352,-8084,11212,-34,143,-184,-13236,3560,7276,-971,81,-54,-13144,-6344,6780,-491,138,-115,0
2924.4956080913544,8132,7340,11148,-169,-111,82,7320,-8120,11112,-38,134,-199,-13152,3756,7100,-993,112,-55,-13260,-6012,6884,-497,190,-105,0
2924.531285047531,8172,7272,11108,-201,-56,127,7348,-8204,11092,-6,150,-200,-13152,3780,7276,-1031,90,-63,-13304,-6308,6700,-454,173,-111,0
2924.5671391487126,8412,7464,11252,-218,-89,126,7392,-8108,11164,-14,117,-165,-13100,3824,7052,-1273,123,-34,-13140,-6304,6884,-434,150,-95,0
2924.602427959442,8080,7452,11488,-239,-77,140,7392,-8120,11128,-41,146,-173,-13176,3612,7188,-963,97,-70,-13260,-6292,6840,-459,143,-72,0
2924.6382670402527,8180,7340,11244,-230,-109,122,7324,-8168,11224,-53,135,-206,-13204,3656,7092,-999,96,-70,-13328,-6320,6700,-488,184,-62,0
2924.6739859580994,8336,7388,11464,-192,-134,132,7288,-8016,11028,7,130,-196,-13244,3692,7016,-1266,115,-89,-13304,-6276,6612,-487,226,-70,0
2924.709468126297,7956,7316,11480,-207,-121,162,7296,-8056,11124,24,112,-214,-13116,3812,7108,-1278,164,-154,-13212,-6332,6848,-499,204,-92,0
2924.74285697937,8440,7384,11132,-214,-179,165,7372,-8144,11088,17,119,-201,-13196,3692,6968,-968,137,-155,-13512,-6188,6752,-455,206,-78,0
2924.7764480113983,8152,7288,11096,-200,-135,143,7296,-8080,11104,-16,116,-197,-13076,3764,7212,-1017,180,-108,-13176,-6272,6668,-489,199,-70,0
2924.8101170063014,8204,7288,11268,-219,-156,151,7380,-8128,11216,250,137,-188,-13276,3748,6992,-1022,156,-82,-13376,-6172,6720,-484,201,-70,0
2924.8435211181645,8396,7356,11144,-198,-127,183,7356,-8044,11112,-19,97,-202,-12856,3624,7164,-1011,121,-132,-13312,-6244,6760,-454,194,-83,0
2924.8772690296173,8104,7396,11260,-205,-168,144,7372,-8052,11172,3,131,-203,-13092,3744,7100,-1006,131,-141,-13332,-6272,6752,-485,182,-84,0
2924.9106709957123,8176,7292,11308,-207,-166,132,7432,-8076,11272,-38,118,-220,-13124,3732,6916,-1005,121,-147,-13244,-6172,6780,-484,154,-76,0
2924.94416308403,8204,7268,11300,-216,-139,156,7388,-8092,11008,-29,108,-213,-13160,3612,7048,-1006,119,-121,-13336,-6232,6680,-480,188,-101,0
2924.9777660369873,8300,7296,11232,-181,-138,140,7592,-8040,11400,-246,137,-174,-13180,3596,6988,-998,96,-98,-13392,-6272,6800,-476,190,-90,0
2925.0114550590515,8232,7292,11236,-194,-144,135,7392,-8068,11188,245,142,-202,-13104,3616,7000,-1003,141,-93,-13536,-6180,6728,-463,181,-96,0
2925.0449271202087,8120,7300,11068,-205,-148,146,7300,-8004,11052,-29,90,-207,-13172,3596,7140,-994,138,-155,-13340,-6284,6768,-494,166,-85,0
2925.0782039165497,8196,7356,11208,-184,-146,113,7424,-8048,11152,6,22,-231,-13152,3624,6952,-982,117,-114,-13068,-6288,6744,-491,174,-55,0
2925.1117300987244,8240,7320,11092,-179,-150,166,7644,-8104,11152,13,101,-219,-13100,3612,6988,-999,127,-101,-13176,-6200,6816,-486,180,-60,0
2925.145019054413,8272,7352,11148,-207,-112,136,7388,-8004,11156,-53,105,-211,-13280,3684,7048,-959,126,-65,-13336,-6232,6420,-472,121,-79,0
2925.178369998932,8232,7224,11172,-200,-141,134,7384,-8076,11092,-74,131,-163,-13252,3668,7012,-1004,114,-53,-13348,-6204,6736,-486,88,-149,0
2925.2118871212006,8320,7256,11224,-174,-73,113,7188,-8044,11112,-52,104,-155,-13204,3676,6988,-1050,95,-73,-13516,-6248,6904,-501,110,-120,0
2925.245499134064,8196,7280,11140,-130,-46,83,7672,-8100,11148,-15,134,-165,-13188,3656,7060,-996,136,-61,-13568,-6264,6728,-478,97,-131,0
2925.2788009643555,8264,7432,11180,-178,-55,64,7356,-8148,11124,-36,155,-190,-13136,3744,6944,-1015,125,-61,-13108,-6216,6776,-498,151,-164,0
2925.3124480247498,8252,7232,11196,-242,-9,72,7404,-8156,11000,9,132,-173,-13148,3724,6924,-1021,140,-75,-13544,-6108,6684,-453,120,-138,0
2925.345967054367,8364,7264,11196,-174,-36,104,7420,-8064,11052,-18,118,-152,-13088,3636,6972,-1039,109,-73,-13428,-6296,6908,-485,89,-161,0
2925.3797669410706,8244,7380,11268,-174,-31,105,7428,-8068,11112,-30,167,-150,-13064,3668,7124,-1046,106,-39,-13340,-6252,6832,-474,63,-150,0
2925.4132690429688,8252,7328,11212,-193,-47,80,7376,-8048,11176,-64,139,-173,-13136,3656,7056,-997,21,-24,-13240,-6288,6900,-485,120,-139,0
2925.4468760490417,8176,7328,11364,-163,-59,81,7356,-8104,11176,-39,158,-147,-13144,3620,7012,-773,31,-21,-13308,-6296,6808,-500,81,-124,0
2925.480168104172,8196,7260,11196,-148,-66,87,7452,-8180,11124,-49,178,-158,-13100,3716,7044,-769,78,-56,-13484,-6208,6692,-480,119,-151,0
2925.513776063919,8044,7324,11316,-145,-63,89,7248,-8060,11268,-47,127,-196,-13076,3704,7020,-1011,78,-59,-13168,-6320,6832,-497,105,-148,0
2925.5473420619965,8260,7336,11072,-169,-96,113,7676,-8040,11460,-31,122,-187,-13176,3700,7152,-1005,122,-42,-13388,-6252,6852,-475,134,-123,0
2925.580910921097,8332,7380,11424,-174,-32,96,7376,-8136,11188,-62,115,-200,-13176,3780,6972,-989,108,-21,-13280,-6236,6684,-469,115,-131,0
2925.6144881248474,8268,7328,11428,-178,-80,77,7368,-8188,11152,-22,141,-169,-13260,3640,6948,-1015,116,-78,-13368,-6192,6680,-490,138,-145,0
2925.6477489471436,8304,7368,11144,-146,-77,110,7416,-8068,11148,-44,125,-169,-13152,3620,6980,-1022,94,-66,-13376,-6272,6640,-478,120,-138,0
2925.6810750961304,8212,7296,11204,-158,-56,70,7192,-8056,11180,-52,109,-209,-13136,3676,7044,-986,80,-9,-13064,-6204,6820,-492,97,-175,0
2925.717726945877,8264,7352,11196,-151,-45,63,7168,-8124,11148,-55,129,-149,-13160,3720,7024,-970,78,-61,-13276,-6344,6748,-463,83,-154,0
2925.755520105362,8436,7300,11164,-140,-32,76,7420,-8036,11212,-37,165,-173,-13172,3756,7088,-1031,100,-67,-13228,-6288,6768,-486,99,-136,0
2925.791715145111,7976,7396,11080,-145,-11,91,7272,-8092,11160,-28,128,-188,-13160,3680,7056,-773,48,-45,-13224,-6220,6740,-473,121,-151,0
2925.8277649879456,8108,7184,11228,-146,-67,85,7176,-8128,11204,-55,132,-175,-13032,3596,6976,-1015,98,-57,-13144,-6244,6788,-493,125,-132,0
2925.863279104233,8056,7404,11356,-157,-56,91,7280,-8124,11060,-49,132,-182,-13096,3656,7176,-978,124,-84,-13216,-6208,7116,-505,126,-152,0
2925.898869037628,8044,7328,11196,-173,-70,89,7376,-8024,11092,-44,171,-203,-13128,3764,7000,-982,121,-55,-13296,-6188,6832,-494,131,-136,0
2925.934412956238,8244,7360,11252,-150,-41,110,7412,-8132,11188,-60,118,-165,-13260,3664,6996,-1023,129,-86,-13356,-6156,6812,-470,119,-121,0
2925.9703459739685,8312,7220,11276,-144,-71,99,7668,-8140,11208,-31,125,-165,-13312,3652,7072,-981,72,-34,-13180,-6292,6952,-478,131,-151,0
2926.0055119991302,8188,7340,11476,-173,-11,99,7376,-7980,11308,-15,146,-147,-13144,3588,7056,-1019,79,-55,-13164,-6340,6688,-488,82,-173,0
2926.0419869422913,8216,7384,11508,-126,-57,56,7224,-8024,11040,-85,159,-162,-13216,3676,7004,-988,76,-80,-13268,-6248,6836,-508,148,-150,0
2926.0780980587006,8108,7172,11184,-176,18,98,7348,-8044,11020,-10,167,-177,-12856,3732,7096,-1004,99,-42,-13244,-6192,6804,-472,105,-109,0
2926.113429069519,8408,7292,11012,-159,-22,90,7240,-8148,11220,246,120,-172,-13196,3612,7076,-1008,99,-85,-13272,-6232,6836,-463,123,-117,0
2926.149176120758,8348,7444,11260,-163,-42,104,7344,-8088,11256,-45,123,-158,-13076,3724,7092,-977,88,-61,-13472,-6348,6772,-462,98,-136,0
2926.1843400001526,8092,7336,11244,-188,-29,103,7308,-8184,11148,-73,158,-161,-13204,3748,7300,-968,60,-32,-13264,-6272,6856,-480,120,-124,0
2926.2201390266414,8332,7296,11196,-140,-32,86,7376,-8016,11124,-57,158,-169,-13104,3740,7100,-982,81,-78,-13244,-6280,6800,-497,148,-113,0
2926.2552590370174,8188,7384,11388,-160,-69,113,7384,-8164,11208,-12,162,-179,-13072,3660,7008,-1056,129,-64,-13256,-6208,6832,-503,160,-119,0
2926.290910959244,7940,7292,11168,-162,-82,120,7268,-8396,11072,-52,140,-187,-13160,3640,7084,-1010,89,-62,-13200,-6400,6880,-486,147,-110,0
2926.3272280693054,8156,7412,11332,-162,-85,105,7556,-8204,11212,-43,74,-189,-13144,3712,7236,-1002,113,-78,-13108,-6300,6812,-470,144,-125,0
2926.363971948624,8144,7384,11312,-191,-42,109,7388,-8180,11116,-9,165,-189,-13244,3692,7128,-1002,72,-109,-13348,-6252,6772,-475,131,-126,0
2926.397171974182,8204,7328,11260,-176,-49,101,7184,-8120,11136,-40,126,-175,-13128,3716,7084,-1015,119,-69,-13552,-6276,6752,-476,135,-146,0
2926.4308631420135,8172,7444,11160,-184,-49,88,7320,-8152,11088,-44,155,-178,-13236,3688,7020,-1013,92,-49,-13396,-6376,6808,-464,137,-142,0
2926.464429140091,8196,7372,11252,-166,-45,116,7360,-8072,11276,-72,122,-212,-13204,3692,7080,-1021,106,-60,-13168,-6368,6824,-467,152,-147,0
2926.498060941696,8236,7416,11056,-162,-52,88,7368,-8180,11096,-14,163,-173,-13216,3688,7256,-1016,87,-81,-13228,-6284,6760,-466,152,-120,0
2926.531450986862,8244,7396,11260,-162,-17,99,7236,-8104,11424,-41,155,-198,-13108,3652,6948,-1011,85,-82,-13280,-6252,6928,-465,129,-139,0
2926.5649349689484,8076,7396,11168,-177,-49,81,7360,-8136,11224,-49,132,-166,-13092,3676,7016,-1032,139,-63,-13200,-6240,6864,-482,153,-118,0
2926.598248958588,8176,7356,11216,-192,-54,125,7292,-8080,11096,-47,153,-170,-13120,3748,6988,-1018,122,-51,-13236,-6252,6800,-470,150,-117,0
2926.6316730976105,8124,7404,11336,-177,-81,129,7268,-8024,11044,-35,142,-181,-13176,3636,7104,-1001,111,-57,-13080,-6300,6700,-474,159,-104,0
2926.6649401187897,8128,7384,11300,-198,-57,131,7404,-8192,11184,-256,135,-182,-13152,3676,7164,-1011,108,-71,-13352,-6340,6796,-493,168,-91,0
2926.6982719898224,8152,7376,11240,-183,-64,122,7384,-8092,11124,-26,138,-179,-13080,3656,6972,-993,110,-102,-13288,-6268,6844,-485,161,-92,0
2926.7317299842834,8360,7284,11516,-192,-62,154,7380,-8356,11076,-26,133,-188,-13064,3724,7280,-1015,108,-105,-13256,-6284,6632,-480,174,-102,0
2926.7653000354767,8384,7340,11256,-182,-117,129,7416,-8088,11068,-36,132,-221,-13084,3612,7344,-1003,115,-136,-13272,-6300,6840,-458,187,-91,0
2926.7987070083614,8284,7348,11444,-204,-103,111,7488,-8144,11244,-32,151,-209,-13160,3624,7040,-984,79,-100,-13356,-6364,6840,-495,169,-50,0
2926.832239151001,7968,7320,11256,-219,-111,158,7344,-8056,10944,-29,137,-188,-13172,3696,7152,-1015,78,-148,-13308,-6180,6712,-483,173,-59,0
2926.865841150284,8088,7300,11212,-222,-105,140,7292,-7952,11160,6,115,-163,-13100,3688,6964,-1037,91,-81,-13452,-6224,6764,-471,209,-87,0
2926.8989470005035,8164,7188,11092,-172,-80,114,7372,-8012,11272,-58,144,-190,-13164,3644,7144,-1017,114,-115,-13344,-6288,6732,-468,155,-85,0
2926.9324970245366,8408,7332,11352,-212,-109,117,7316,-8108,11172,-42,152,-188,-13124,3696,7140,-981,134,-143,-13268,-6128,6704,-475,220,-74,0
2926.965908050537,8280,7372,11256,-235,-74,144,7256,-8240,11124,22,129,-179,-13168,3764,7164,-1020,153,-101,-13540,-6116,6804,-469,160,-43,0
2926.999248981476,8156,7284,11256,-201,-116,164,7516,-8020,10936,-6,110,-170,-13144,3676,6964,-1033,150,-100,-13248,-6352,6816,-464,181,-81,0
2927.03284907341,8072,7348,11292,-218,-102,163,7452,-8068,11240,-35,123,-154,-13288,3680,7180,-1007,165,-72,-13248,-6384,6748,-472,151,-97,0
2927.06667304039,8140,7336,11448,-196,-85,122,7368,-8116,11220,-40,149,-161,-13076,3664,7228,-1002,80,-109,-13528,-6244,6732,-506,139,-100,0
2927.1000390052795,8172,7424,11224,-168,-134,130,7384,-8064,11400,-36,141,-162,-13116,3708,7140,-1036,116,-128,-13456,-6216,6884,-499,196,-101,0
2927.133507013321,8100,7256,11300,-196,-149,150,7308,-8060,11224,8,141,-187,-13112,3700,6756,-1020,148,-78,-13188,-6228,6760,-510,201,-100,0
2927.1668260097504,8224,7276,11316,-185,-135,146,7312,-8072,11232,-17,85,-206,-13056,3696,7172,-1003,153,-93,-13304,-6252,7040,-492,217,-79,0
2927.2001209259033,8188,7324,11508,-179,-189,143,7436,-8008,11096,-10,144,-220,-13132,3720,6952,-975,103,-158,-13304,-6152,6708,-469,172,-90,0
2927.233711004257,8088,7324,11392,-175,-116,130,7332,-8124,11048,-254,153,-192,-13240,3768,7044,-965,60,-168,-13560,-6252,6772,-506,198,-127,0
2927.267420053482,8172,7280,11316,-146,-122,126,7372,-8120,11152,36,145,-205,-13160,3656,7024,-987,25,-125,-13368,-6284,6660,-257,222,-121,0
2927.3007769584656,8140,7320,11196,-161,-150,137,7440,-7988,11252,33,3,-161,-13048,3668,6924,-1077,233,-110,-13544,-6180,6788,-479,156,-89,0
2927.3343930244446,8156,7328,11184,-178,-108,142,7348,-8100,11140,-3,129,-184,-13192,3748,7024,-949,84,-104,-13060,-6184,6704,-509,125,-165,0
2927.367790937424,8324,7328,11336,-167,-100,108,7324,-8140,11244,19,137,-169,-13172,3676,6892,-1272,33,-122,-13268,-6232,6764,-526,170,-144,0
2927.4039170742035,8424,7168,11252,-137,-106,104,7316,-7912,11160,57,169,-145,-13116,3640,7052,-986,52,-94,-13192,-6384,6656,-490,162,-124,0
2927.439474105835,8148,7308,11228,-159,-83,96,7304,-7964,11096,-38,185,-166,-13144,3816,7044,-895,137,-88,-13280,-6228,6692,-486,175,-112,0
2927.4748780727386,8164,7324,11324,-176,-120,93,7664,-8060,11104,-7,253,-104,-13160,3740,7068,-961,107,-65,-13532,-6188,6868,-477,135,-84,0
2927.5112221241,7964,7412,11124,-143,-62,111,7320,-7960,11148,-24,133,-141,-13028,3548,6884,-964,103,-44,-13300,-6304,6492,-479,107,-120,0
2927.5470709800725,8260,7400,11356,-192,-48,107,7408,-8124,11044,-11,155,-152,-13112,3660,7140,-978,86,-50,-13268,-6192,6744,-466,128,-143,0
2927.5825231075287,8212,7328,11328,-196,-15,83,7336,-8184,11280,-26,216,-108,-13184,3752,7212,-976,43,-55,-13384,-6208,6820,-480,79,-142,0
2927.6177940368652,8224,7308,11124,-154,-19,53,7352,-7944,11204,-25,183,-99,-13156,3704,7072,-1018,47,-46,-13060,-6196,6836,-504,95,-140,0
2927.653356075287,8060,7372,11124,-150,-1,73,7304,-8160,11112,-22,163,-100,-13160,3692,7388,-1018,53,-27,-13304,-6288,6876,-522,119,-160,0
2927.6886420249934,8168,7308,11272,-150,-58,94,7268,-8068,11188,-9,156,-172,-13124,3704,7100,-1026,95,-79,-13308,-6188,6776,-488,150,-128,0
2927.723932981491,8040,7376,11292,-137,-42,78,7244,-8080,11140,-41,108,-188,-13208,3868,7092,-1020,95,-26,-13276,-6216,6704,-492,147,-122,0
2927.7594969272614,8172,7236,11224,-155,-41,110,7292,-8032,11064,-38,149,-177,-13136,3792,7080,-974,51,-69,-13296,-6264,6664,-503,99,-157,0
2927.7949600219727,8268,7348,11356,-146,-26,64,7324,-8064,11056,-73,167,-146,-13140,3676,7088,-981,36,-90,-13304,-6268,6772,-504,110,-163,0
2927.8307399749756,8220,7344,11328,-161,-55,57,7368,-8128,11232,-66,155,-210,-13180,3788,7044,-999,-50,-58,-13228,-6296,6900,-499,116,-164,0
2927.8655869960785,8140,7336,11248,-153,-49,63,7300,-8124,10976,-1,202,-152,-13100,3728,7136,-1043,73,-53,-13272,-6260,6744,-479,85,-157,0
2927.900927066803,8432,7348,11316,-130,-29,67,7324,-8080,11128,-8,153,-156,-13280,3736,7008,-1000,86,-82,-13216,-6372,6812,-511,138,-186,0
2927.9361660480495,8160,7388,11160,-141,-53,85,7312,-8024,11436,-39,128,-158,-13148,3664,7152,-993,97,-4,-13228,-6316,6784,-517,119,-159,0
2927.971750020981,8032,7372,11504,-157,-61,110,7284,-7972,11232,-27,123,-150,-13156,3736,7132,-962,47,-73,-13320,-6336,6780,-755,110,-154,0
2928.007694005966,8000,7380,11144,-155,-39,105,7268,-8036,11128,-3,167,-168,-13204,3724,7076,-1009,91,-60,-13324,-6296,6876,-455,151,-118,0
2928.0443191528325,8032,7452,11276,-178,-78,116,7332,-8028,11032,-24,145,-159,-13256,3644,7244,-1056,136,-88,-13240,-6420,6724,-526,151,-155,0
2928.077634096145,8308,7420,11248,-168,-69,96,7308,-8128,11300,-63,185,-148,-13108,3784,7204,-1043,109,-56,-13280,-6372,6912,-510,108,-159,0
2928.1113719940186,8196,7392,11408,-173,-49,78,7288,-7976,11176,-13,133,-172,-13120,3708,7012,-977,40,-47,-13284,-6200,6904,-503,144,-159,0
2928.1447670459747,7956,7652,11028,-172,-54,81,7360,-8048,11068,-45,184,-162,-13132,3660,6980,-988,71,-51,-13272,-6336,6756,-500,112,-155,0
2928.1782801151276,8080,7340,11016,-168,-70,89,7344,-8128,11140,-22,200,-167,-13124,3780,6916,-967,50,-110,-13208,-6168,6696,-501,106,-177,0
2928.2115070819855,7952,7352,11268,-166,-38,65,7216,-8132,11104,-25,132,-152,-13244,3736,7420,-983,96,-69,-13196,-6340,6784,-467,128,-128,0
2928.2448060512543,8176,7312,11316,-176,-53,104,7388,-8092,11396,-42,177,-137,-13288,3736,7140,-992,55,-59,-13216,-6284,6708,-483,140,-146,0
2928.27823805809,8232,7180,11420,-199,-75,98,7244,-8092,11252,-39,167,-160,-13052,3680,7072,-1007,141,-58,-13188,-6332,6864,-473,118,-141,0
2928.311728954315,8052,7676,11380,-164,-32,113,7320,-8116,11172,-35,132,-167,-13160,3700,7120,-1027,133,-103,-13316,-6360,6772,-480,116,-119,0
2928.3452999591827,7944,7436,11012,-187,-41,119,7332,-8164,11424,-50,152,-156,-13156,3800,7136,-1039,96,-87,-13568,-6344,6748,-767,142,-112,0
2928.378942012787,8052,7404,11104,-185,-66,79,7252,-8020,11240,-255,178,-153,-12836,3704,6920,-976,71,-93,-13208,-6412,6656,-476,136,-122,0
2928.4123170375824,8196,7416,11044,-178,-63,107,7460,-8008,11140,-44,163,-179,-13144,3792,7420,-770,47,-62,-13484,-6308,6880,-263,139,-154,0
2928.4457910060883,7952,7352,11136,-203,-51,82,7316,-8156,11288,-9,218,-147,-13076,3672,6768,-1071,17,-71,-13292,-6376,6944,-459,136,-126,0
2928.4791350364685,8148,7336,11100,-165,-20,64,7364,-7724,11160,-34,174,-153,-12864,3628,7096,-1011,43,-83,-13136,-6464,6804,-473,107,-148,0
2928.512638092041,8124,7404,11416,-134,-35,67,7452,-8112,11088,-21,261,-158,-13164,3788,7280,-1279,80,-63,-13200,-6216,6676,-461,149,-140,0
2928.5464611053467,8216,7380,11332,-247,18,80,7180,-8048,11040,-8,171,-162,-13052,3596,7060,-1012,82,-83,-13184,-6216,6780,-420,157,-96,0
2928.579873085022,8188,7360,11220,-235,-61,96,7192,-8068,11148,0,157,-147,-13080,3588,7124,-1036,122,-20,-13276,-6260,6872,-422,96,-106,0
2928.6133971214294,8116,7432,11280,-214,-41,151,7396,-8080,11044,-16,169,-108,-13168,3736,7088,-994,92,-99,-13200,-6264,6896,-443,127,-82,0
2928.6467430591583,7952,7632,11348,-235,-33,138,7248,-8164,11148,-51,127,-151,-13036,3680,7044,-980,106,-112,-13160,-6400,6852,-449,169,-73,0
2928.6800999641414,7960,7392,11264,-193,-64,128,7260,-8084,11172,-41,102,-187,-13112,3712,7380,-963,195,-52,-13284,-6316,6824,-435,150,-69,0
2928.7137100696564,8128,7412,11360,-194,-17,177,7304,-8036,11144,-41,101,-139,-13284,3628,7116,-1001,172,-44,-13276,-6296,6852,-378,112,23,0
2928.7472281455994,8136,7332,11256,-228,245,188,6964,-8044,11120,-60,88,-127,-13184,3748,7024,-985,247,-78,-13356,-6252,6908,-314,149,35,0
2928.780596971512,8432,7376,11268,-255,-11,170,7376,-8092,11072,-93,134,-156,-13216,3832,7044,-1047,256,-49,-13288,-6308,6832,-337,133,42,0
2928.8141479492188,8120,7388,11356,-266,44,203,7284,-8028,11280,-77,38,-144,-13084,3756,7012,-1021,281,-28,-13184,-6172,6836,-349,110,81,0
2928.8476850986485,8168,7320,11308,-233,-79,294,7236,-8108,11216,-108,106,-102,-12836,3656,6864,-919,298,-53,-13264,-6156,6668,-298,241,96,0
2928.8810861110687,8120,7128,11084,-263,-160,274,7204,-8224,11108,-4,134,-157,-13200,3860,7324,-1054,216,-161,-13464,-6360,6732,-325,214,-86,0
2928.9145970344543,8108,7112,11296,-52,-119,154,7216,-8132,10792,100,153,-166,-13212,3804,7048,-1123,85,-237,-13076,-6176,6720,-532,269,-209,0
2928.9481680393214,8256,7212,11196,-39,-119,127,7220,-8068,11192,184,188,-165,-13140,3684,7032,-1210,65,-212,-13368,-6148,6880,-492,299,-149,0
2928.9817070961,8204,7432,11312,-132,-155,173,7192,-8160,11136,176,178,-158,-13092,3676,7008,-1148,80,-140,-13296,-6300,6908,-501,239,-68,0
2929.015314102173,7992,7268,11332,-148,-126,152,7212,-8012,11200,138,155,-215,-13112,3708,7056,-1138,133,-149,-13364,-6292,6848,-549,238,-115,0
2929.0486390590668,8172,7356,11332,-111,-191,144,7176,-8076,11260,109,146,-216,-13140,3776,7068,-1144,73,-194,-13180,-6340,6800,-554,268,-116,0
2929.0849759578705,8032,7372,11380,-198,-195,118,6972,-8016,11228,98,177,-249,-13172,3572,7248,-1108,83,-218,-13308,-6196,6824,-514,238,-135,0
2929.1207189559937,8064,7236,11220,-216,-135,44,7200,-8076,11112,98,187,-268,-13212,3792,7216,-1093,77,-219,-13140,-6172,6848,-541,274,-186,0
2929.155750989914,8376,7284,11252,-168,-178,11,7208,-8216,11068,150,229,-285,-13200,3696,6800,-1090,-11,-201,-13252,-6088,6756,-547,300,-221,0
2929.1914241313934,8116,7404,11188,-81,-193,21,7256,-8064,11448,126,161,-308,-13112,3656,7012,-1136,109,-277,-13064,-6312,6724,-530,287,-156,0
2929.2275631427765,8216,7540,11160,47,-195,117,7356,-7840,11452,30,-36,-320,-13164,3416,7048,-1086,201,-194,-13384,-6296,6600,-560,277,-109,0
2929.2619681358337,8344,7460,11240,-30,-199,128,7512,-7680,11172,-91,48,-508,-13296,3352,6996,-998,88,-155,-13540,-6348,6476,-426,150,-124,0
2929.298126935959,8236,7572,11088,-169,-34,74,7492,-7712,11028,-149,190,-134,-13356,3348,7088,-956,36,66,-13500,-6312,6564,-393,-42,-154,0
2929.3334109783173,8464,7548,11112,-324,85,70,7444,-7824,11028,-146,286,5,-13180,3528,7148,-889,-56,166,-13312,-6280,6776,-342,-132,-143,0
2929.3683071136475,8224,7476,11244,-436,150,38,7268,-8032,11436,-211,277,0,-13076,3588,7196,-858,-254,164,-13212,-6280,6880,-316,-94,-121,0
2929.404377937317,8032,7280,11480,-459,69,90,7060,-8196,11456,-3,247,-109,-12972,3772,7224,-828,97,102,-13040,-6140,6988,-383,83,-86,0
2929.4394891262054,7920,7172,11580,-365,-182,127,7044,-8300,11032,-307,61,-280,-12920,3852,7104,-859,247,-83,-12956,-6168,7032,-355,318,-46,0
2929.474885940552,7916,7124,11284,-345,-317,122,7092,-8060,11088,-225,136,-399,-13308,3756,7132,-835,261,-171,-13208,-6192,6868,-383,312,-51,0
2929.5108880996704,8044,7300,11148,-289,-333,81,7264,-8104,11132,-209,205,-323,-13100,3796,7052,-828,156,-155,-13276,-6292,6960,-280,282,-95,0
2929.546168088913,8204,7260,11364,-415,-203,45,7408,-8036,11212,-221,229,-271,-13092,3824,6992,-747,107,-48,-13456,-6252,6784,-284,177,-75,0
2929.5819251537323,8364,7512,11236,-385,-98,142,7308,-8096,11384,-416,150,-77,-13264,3780,7164,-894,210,61,-13484,-6140,6604,-519,-42,-28,0
2929.6179690361023,8464,7452,10960,-266,-80,269,7436,-7864,11152,-419,-32,7,-13216,3556,7028,-903,142,157,-13404,-6200,6552,-566,-102,-252,0
2929.653391122818,8320,7316,11124,-242,-23,337,7416,-8064,11232,-393,-245,118,-13256,3568,6960,-950,109,191,-13376,-6124,6524,-620,-133,-1,0
2929.6887950897217,8552,7308,11300,-253,-36,357,7464,-8132,11128,-290,23,108,-13544,3680,6980,-1137,38,208,-13452,-5916,6524,-633,-81,-18,0
2929.7256700992584,8364,7120,11004,-187,41,286,7588,-8356,11164,-72,167,69,-13232,3808,6848,-1144,-60,119,-13124,-6192,6816,-598,-25,-202,0
2929.7590589523315,8120,7108,11152,-49,107,61,7668,-8376,10832,124,229,-77,-13120,3676,7100,-1183,-182,-74,-13184,-6288,6904,-611,72,-388,0
2929.792599916458,8192,6956,11480,56,39,-117,7336,-8308,11128,132,333,-179,-13112,3696,7300,-1040,-308,-166,-13156,-6336,7068,-257,133,-437,0
2929.826250076294,7740,7252,11312,-45,19,-268,7192,-8252,10916,1,432,-320,-12988,3744,7464,-864,-323,-163,-13264,-6376,7152,-309,164,-436,0
2929.8599400520325,7956,7404,11692,-216,-97,-266,6980,-8292,11172,-135,490,-388,-12972,3904,7136,-723,-227,-144,-13184,-6228,6984,-233,183,-348,0
2929.8933930397034,8016,7364,11480,-330,-182,-195,7028,-8296,11252,-219,390,-403,-12868,3980,7164,-731,-68,-178,-13156,-6244,6992,-246,294,-201,0
2929.9269869327545,7996,7416,11360,-363,-284,13,6836,-7968,11028,-229,223,-341,-13052,4000,7144,-820,127,-138,-13156,-6232,6968,-344,205,-70,0
2929.960557937622,7988,7392,11232,-279,-291,173,6868,-8188,11044,-218,39,-281,-12916,3812,7236,-928,337,-125,-13092,-6208,6676,-415,205,35,0
2929.9939699172974,8160,7336,11252,-186,-214,286,7140,-8156,11308,-52,-119,-512,-13024,3752,7172,-1070,420,-79,-13260,-6176,6628,-563,233,45,0
2930.027503013611,8244,7220,11220,-92,-106,264,7344,-8204,11128,61,-82,-165,-13152,3732,7404,-1171,260,-41,-13324,-6360,6732,-625,154,-35,0
2930.061047077179,8420,7288,11224,-53,28,170,7588,-8032,11216,104,54,-104,-13328,3596,7276,-1122,50,-76,-13468,-6300,6636,-607,47,-150,0
2930.0943319797516,8436,7360,11284,-76,33,127,7612,-8080,11148,63,237,-38,-13564,3564,7308,-1013,-57,-73,-13404,-6456,6488,-562,34,-169,0
2930.127871990204,8468,7472,11268,-159,43,107,7404,-8080,11360,30,241,-91,-13188,3580,7192,-1272,62,-34,-13360,-6252,6708,-472,41,-131,0
2930.161229133606,8364,7252,11064,-175,27,60,7300,-8096,11152,8,217,-88,-13036,3704,6964,-1012,35,-238,-13272,-6340,6660,-433,23,-170,0
2930.1950061321254,8252,7344,11148,-187,61,60,7136,-8276,10984,-1,155,-168,-13040,3692,6972,-998,55,-23,-13152,-6180,6968,-437,82,-125,0
2930.228562116623,8108,7212,11444,-216,0,17,7156,-8256,11016,-37,200,-240,-13028,3912,7096,-936,89,-113,-13212,-6376,6984,-375,182,-189,0
2930.2619681358337,8056,7180,11432,-275,-57,-48,6932,-8384,11148,-33,231,-292,-12948,3960,7340,-926,35,-181,-13096,-6124,7012,-386,270,-223,0
2930.295515060425,8180,7212,11700,-241,-137,-23,7132,-8308,11168,37,228,-310,-13096,3860,6948,-996,39,-188,-13192,-6180,7028,-413,348,-162,0
2930.3290960788727,8416,6956,11648,-180,-221,56,7104,-8312,11028,-2,170,-312,-13036,3920,7100,-1021,74,-156,-13312,-6272,7116,-426,305,-121,0
2930.362852096557,8092,7272,11456,-228,-207,99,7108,-8252,11232,-34,128,-506,-12980,3948,7116,-1034,158,-130,-13376,-6140,7024,-458,222,-69,0
2930.396101951599,8380,7312,11420,-225,-195,185,7044,-8224,11068,-93,132,-200,-12992,3828,7088,-1005,204,-91,-13288,-6228,6744,-547,233,-20,0
2930.4298470020294,8252,7300,11216,-221,-201,279,7060,-8120,11048,-95,27,-145,-13188,3572,7104,-1092,248,-68,-13568,-6300,6720,-553,162,22,0
2930.4636120796204,8288,7284,11044,-195,-165,296,7404,-7984,11228,-97,3,-83,-13140,3628,7212,-1087,212,252,-13392,-6460,6784,-544,52,-27,0
2930.4971511363983,8228,7424,11028,-211,-39,221,7036,-8080,11372,-63,81,-75,-13080,3624,7372,-1070,193,46,-13300,-6428,6452,-498,50,-68,0
2930.530441045761,8208,7504,11188,-268,16,173,7256,-8136,11128,-116,130,-101,-13208,3572,6960,-934,151,-254,-13356,-6340,6796,-450,103,-63,0
2930.5639810562134,8320,7484,11140,-290,-65,166,7500,-8116,11076,-135,251,-118,-13176,3608,6908,-847,177,-18,-13316,-6212,6432,-458,157,-41,0
2930.5974659919734,8364,7292,11276,-293,-127,186,7264,-8384,11120,-173,125,-135,-12960,3792,6992,-963,152,4,-13548,-6168,6756,-452,127,41,0
2930.6309020519257,8220,7160,11096,-290,-107,236,7152,-8092,11108,-124,48,-119,-13008,3764,7056,-993,230,34,-13244,-6412,6804,-408,61,252,0
2930.6643199920654,8184,7244,11008,-267,-77,228,7236,-8204,11204,-86,2,-144,-13104,3740,7328,-946,211,-238,-13208,-6200,6852,-439,91,-32,0
2930.6981189250946,8232,7092,11076,-264,-22,172,7192,-8500,11156,-62,67,-177,-13196,3840,6924,-957,203,-76,-13296,-6208,7072,-466,99,-110,0
2930.731481075287,8116,7160,11416,-183,-46,91,7296,-8396,11224,-255,80,-197,-13220,3928,7280,-951,17,-133,-13252,-6072,6940,-428,128,-193,0
2930.773975133896,8024,7004,11368,-120,13,-51,7252,-8336,10868,103,312,-205,-13112,3628,7072,-949,-62,-204,-13252,-5896,7376,-399,105,-280,0
2930.810086965561,8100,7004,11440,-167,3,-113,7180,-8364,11212,96,322,-267,-12812,3880,6968,-952,-109,-219,-13172,-6140,7160,-432,223,-302,0
2930.845071077347,8036,7100,11424,-126,-86,-116,7136,-8380,11256,143,310,-345,-12988,3644,7124,-1028,-75,-342,-13228,-6172,6884,-462,390,-287,0
2930.88072013855,8120,7076,11324,-130,-281,-24,7012,-8436,11140,146,215,-393,-12924,3708,7020,-1083,20,-357,-13184,-6100,6800,-531,439,-185,0
2930.915564060211,8220,7128,11280,-110,-380,86,7144,-8020,11180,27,117,-346,-12828,3676,6996,-1095,159,-316,-13348,-6252,6792,-479,346,-74,0
2930.9519050121307,8216,7476,11208,-217,-342,179,7204,-8004,11252,-7,63,-502,-13280,3636,6960,-1069,255,-154,-13364,-6288,6712,-438,216,-30,0
2930.9877450466156,8280,7304,10968,-223,-113,204,6924,-8100,11012,-51,51,-142,-13252,3644,7272,-1058,272,-22,-13404,-6300,6556,-513,89,-45,0
2931.0232770442963,8216,7440,10996,-197,2,253,7244,-7976,11472,-71,44,-57,-13216,3604,7088,-1097,265,38,-13384,-6276,6644,-564,62,28,0
2931.0583360195164,8444,7392,11212,-207,5,287,7336,-7776,11180,-157,-15,-35,-13012,3484,7024,-1068,249,155,-13320,-6396,6604,-513,2,48,0
2931.0945439338684,8340,7372,11148,-276,17,292,7220,-8196,11228,-92,139,75,-13132,3696,6928,-1091,228,135,-13368,-6312,6820,-492,-63,249,0
2931.12992811203,8240,7248,11188,-511,114,227,7336,-8440,11040,-116,72,32,-13228,3772,7044,-1010,88,157,-13552,-6228,6860,-516,-77,-78,0
2931.1648900508885,8268,7144,11248,-149,124,154,7308,-8308,11188,-21,170,-28,-13120,3768,7076,-1033,48,9,-13228,-6196,6896,-489,38,-169,0
2931.2008130550385,8168,7064,11372,-141,65,38,7240,-8296,11028,-13,164,-185,-13116,3764,7044,-904,33,-41,-13228,-6148,6984,-431,153,-161,0
2931.2372200489044,8124,7080,11304,-152,-42,-13,7308,-8312,10976,-56,218,-267,-13060,3872,6712,-887,13,-154,-13272,-6008,7000,-422,213,-185,0
2931.2721071243286,8244,6988,11396,-178,-171,-33,7208,-8508,11056,-37,236,-308,-13160,4076,6960,-964,-15,-97,-13268,-5992,6856,-434,226,-205,0
2931.3076279163365,8384,7028,11512,-177,-124,-44,7236,-8480,10872,28,154,-315,-13120,3968,7048,-1030,-251,-185,-13212,-5988,7164,-481,272,-274,0
2931.3432800769806,8352,7044,11520,-117,-124,-56,7264,-8360,11200,30,243,-280,-13096,4088,6964,-1057,-71,-217,-13332,-6080,6952,-489,205,-289,0
2931.379384994507,8160,6948,11044,-109,-69,-50,7248,-8188,11300,18,245,-226,-13092,3804,7164,-988,-90,-155,-13296,-6012,6880,-494,205,-292,0
2931.415790081024,8032,7180,11308,-113,-22,-25,7144,-8148,11216,101,251,-208,-13240,3772,6996,-1122,-239,-188,-13164,-6292,6820,-523,191,-231,0
2931.4493401050568,8196,7348,11308,-73,-53,51,7128,-8072,11212,109,144,-180,-13280,3648,7204,-1143,49,-202,-13224,-6356,6480,-542,223,-211,0
2931.4829330444336,8200,7536,11192,-82,-97,103,7096,-7976,11284,52,169,-179,-13036,3788,7384,-1044,76,-66,-13164,-6596,6852,-527,152,-141,0
2931.5166280269623,8172,7536,11104,-106,-113,110,7120,-7988,11396,-63,92,-166,-13052,3576,7208,-988,99,-56,-13296,-6460,6556,-516,113,-108,0
2931.5501091480255,8184,7508,11084,-144,-84,154,7232,-7928,11016,-90,106,-151,-13044,3520,7296,-951,170,-58,-13264,-6352,6648,-509,142,-75,0
2931.5835289955135,8180,7416,11216,-222,-95,180,7072,-7968,11228,-119,106,-158,-13052,3636,6980,-961,154,10,-13312,-6304,6728,-478,94,-27,0
2931.6171469688416,8244,7284,11236,-238,-90,196,7316,-8032,11124,-174,101,-116,-13152,3664,7192,-913,207,65,-13488,-6256,6828,-447,36,-256,0
2931.6504220962524,8376,7292,11312,-280,-52,223,7260,-8092,11192,-179,104,-77,-13144,3668,7192,-889,237,102,-13400,-6232,6776,-481,1,-21,0
2931.683866977692,8308,7236,11452,-303,16,216,7324,-8236,11124,-160,60,-28,-13204,3748,7068,-947,218,118,-13308,-6140,6820,-446,-19,0,0
2931.7173430919647,8260,7100,11160,-261,32,262,7240,-8292,11056,-129,85,30,-13044,3836,7028,-956,160,94,-13324,-6184,7004,-459,-54,-1,0
2931.7510039806366,8232,7128,11460,-236,71,241,7184,-8348,11280,-88,50,-16,-13268,3968,6924,-976,178,105,-13136,-6264,7000,-472,-55,-74,0
2931.7843649387364,8144,6920,11028,-218,74,163,7196,-8412,11196,-55,84,-68,-13300,3920,7016,-979,129,39,-13056,-6164,7072,-472,35,-131,0
2931.818020105362,8088,7020,11732,-145,16,100,7404,-8468,11232,-53,113,-185,-12968,3928,7332,-1013,60,-83,-13120,-6356,7140,-524,184,-151,0
2931.8516471385956,8132,7096,11396,-106,-120,23,7300,-8420,10956,-58,146,-252,-12868,4084,6912,-989,12,-145,-13236,-6060,6992,-553,196,-202,0
2931.8850729465485,8268,7028,11372,-106,-152,21,7304,-8324,11080,-25,223,-221,-13244,3888,6988,-993,-80,-184,-13360,-6088,6836,-542,174,-241,0
2931.9186909198766,8288,7172,11132,-128,-133,6,7404,-8292,11052,52,214,-233,-13144,3716,6960,-1044,-51,-192,-13156,-6340,6820,-402,236,-268,0
2931.952166080475,8172,7324,11320,-187,-48,-38,7212,-8128,11088,149,324,-237,-13168,3828,7276,-1018,-81,-159,-13240,-6392,6780,-409,191,-221,0
2931.9854760169983,8164,7452,11172,-142,-59,-7,6928,-8096,11468,85,241,-201,-13092,3716,7600,-1034,-12,-164,-13228,-6472,6924,-497,199,-184,0
2932.019268989563,8116,7392,11220,-120,-53,65,7088,-8180,11328,44,141,-229,-12956,3692,7284,-771,98,-206,-13120,-6384,6808,-504,198,-162,0
2932.0529041290283,8032,7320,11188,-100,-124,74,7084,-8064,11120,46,145,-267,-12956,3596,7272,-1046,92,-180,-13156,-6160,6724,-516,202,-148,0
2932.0866091251373,8180,7316,11096,-101,-181,74,7112,-8084,11264,-43,105,-285,-12968,3728,7220,-993,124,-141,-13256,-6288,6660,-537,231,-111,0
2932.120103120804,8304,7260,11120,-186,-145,87,7272,-8164,11180,-23,147,-235,-13144,3700,7272,-1279,88,-107,-13292,-6164,6784,-474,250,-110,0
2932.153389930725,8368,7268,11076,-199,-82,89,7256,-8088,11116,-20,183,-173,-13136,3808,7088,-1063,64,-26,-13428,-6164,6912,-510,101,-119,0
2932.187236070633,8324,7364,11200,-170,-9,115,7612,-8080,11252,-41,158,-79,-13060,3700,7044,-974,67,7,-13484,-6276,6812,-492,30,-81,0
2932.220690011978,8260,7316,11140,-231,16,145,6948,-8400,11244,-87,148,-90,-13080,3748,6992,-956,136,16,-13336,-6204,6824,-473,54,-20,0
2932.2541880607605,8280,7284,11276,-508,15,198,7176,-8216,11088,-90,85,-91,-13160,3728,7336,-1005,166,252,-13260,-6288,6804,-484,110,-33,0
2932.2876789569855,8176,7208,11300,-235,-94,197,7188,-8276,11144,-62,85,-141,-13088,3800,7100,-1030,198,-32,-13208,-6348,6892,-477,157,-17,0
2932.320862054825,8068,6976,11380,-220,-113,201,7192,-8316,11228,-106,66,-167,-13072,3888,7408,-1025,201,-54,-13224,-6136,6924,-497,146,-66,0
2932.3545401096344,8328,7380,11296,-223,-121,183,7204,-8328,11132,-96,108,-181,-13068,3808,6940,-1010,114,-68,-13212,-6372,7160,-502,172,-43,0
2932.388006925583,8396,7112,11056,-255,-103,150,7196,-8296,11120,-54,144,-132,-13088,3604,7252,-775,124,-74,-13236,-6380,7124,-457,128,-62,0
2932.4213740825653,8408,7172,11344,-270,-43,179,7112,-8292,11112,-25,154,-120,-12960,3848,7180,-1042,89,-45,-13136,-6372,7008,-443,135,-83,0
2932.459871053696,8260,7272,11384,-264,-26,204,7052,-8180,11152,-14,126,-84,-12812,3820,7240,-998,135,-62,-13232,-6348,6904,-455,95,-47,0
2932.4950001239777,8136,7376,11436,-203,-62,181,7156,-8124,11472,-71,99,-149,-13044,3684,7060,-966,167,-97,-13200,-6260,6792,-765,106,-53,0
2932.5308070182805,8096,7220,11416,-158,-66,178,6988,-8292,10752,25,90,-195,-13068,3672,7248,-1036,208,-125,-13296,-6256,7096,-495,0,-22,0
2932.56613111496,8088,6924,11136,-123,-129,152,7332,-8324,11108,113,218,-252,-13024,3628,7128,-1018,206,-197,-13188,-6020,7152,-523,271,-60,0
2932.602364063263,8436,7216,11392,-146,-183,82,7352,-8220,11120,28,199,-274,-13200,3804,7420,-994,114,-234,-13492,-6188,6884,-484,235,-116,0
2932.6376581192017,8660,6920,11376,-170,-115,82,7340,-8392,11220,42,112,-237,-13264,3800,6984,-939,38,-94,-13464,-6156,6992,-470,113,-114,0
2932.6728060245514,8360,7144,11340,-188,-54,90,7304,-8204,11092,68,213,-147,-13072,3796,6940,-1035,106,-120,-13300,-6132,6800,-430,132,-97,0
2932.7086319923405,8324,7212,11304,-146,8,140,7272,-8276,11192,84,138,-146,-13120,3812,6968,-1068,114,-50,-13364,-6148,6828,-544,97,-121,0
2932.7442879676814,8348,7140,11164,-75,-35,144,7216,-8284,11196,86,115,-97,-13052,3840,7220,-1142,73,-100,-13184,-6200,6832,-596,99,-148,0
2932.780138015747,8092,7028,11252,-61,-45,173,7196,-8428,11116,73,63,-129,-13072,3728,7092,-1185,104,-99,-13120,-6344,6804,-571,150,-116,0
2932.815436124801,8140,7192,11008,-55,-44,128,7232,-8196,11164,117,49,-173,-13024,3820,7100,-1123,125,-123,-13252,-6248,6904,-628,154,-98,0
2932.8517150878906,8084,7288,11324,-38,-128,188,7328,-8228,11196,58,83,-167,-13088,3644,6972,-1144,43,-126,-13304,-6260,6908,-615,131,-147,0
2932.887748003006,8136,6944,11228,-63,-67,122,7160,-8156,11084,93,172,-126,-13048,3628,6984,-1142,53,-135,-13220,-6292,6792,-258,87,-174,0
2932.9228949546814,7972,7204,11408,-18,22,71,7400,-7940,11252,157,120,-152,-13120,3780,7244,-1129,56,-130,-13248,-6184,6840,-607,109,-192,0
2932.957622051239,8240,7256,11028,-35,22,84,7216,-8144,11176,93,194,-114,-13104,3572,7248,-1128,250,-72,-13476,-6400,6832,-572,101,-230,0
2932.9934179782867,8156,7244,11032,-16,53,-11,7268,-8124,11228,115,222,-178,-13120,3584,7088,-1139,-31,-161,-13188,-6272,6800,-535,125,-293,0
2933.029093980789,8212,7204,11348,-7,34,-43,7076,-8216,11412,184,251,-192,-13180,3836,7252,-1113,-44,-179,-13096,-6264,6792,-628,173,-256,0
2933.0640890598297,8240,7392,11284,13,-24,34,7316,-8032,11112,153,205,-155,-13148,3496,7188,-1139,-43,-143,-13248,-6400,6772,-513,139,-267,0
2933.1000170707703,8204,7288,11304,-10,40,-31,7304,-8188,11232,180,188,-179,-13096,3364,7212,-1121,10,-114,-13280,-6196,7060,-260,102,-259,0
2933.133352994919,8264,7420,11228,-14,49,21,7168,-8124,11036,236,225,-120,-13268,3700,7176,-1161,71,-127,-13212,-6380,7124,-558,119,-196,0
2933.1669800281525,8040,7340,11332,-18,105,24,7012,-8056,11216,216,170,-139,-12976,3540,7392,-1122,83,-137,-13028,-6564,6932,-440,138,-206,0
2933.2002990245815,7960,7640,11368,-82,74,-6,7052,-7892,11268,149,215,-201,-12972,3820,7388,-997,68,-118,-13084,-6184,6876,-523,110,-201,0
2933.2338449954987,8348,7456,11136,-7,49,37,7000,-7920,11348,-21,137,-189,-12828,3620,7376,-987,96,-69,-13156,-6320,7152,-546,146,-171,0
2933.2672460079193,7980,7392,11196,-56,-15,16,7048,-8104,11284,5,217,-202,-13060,3596,7196,-968,56,-64,-13272,-6300,6888,-475,70,-187,0
2933.3004591464996,8328,7404,11220,-152,54,69,7256,-8048,11108,-68,189,-58,-13196,3720,7252,-975,3,44,-13400,-6088,6520,-682,-74,-133,0
2933.333923101425,8400,7336,11300,-84,43,175,7416,-8056,11160,-128,183,84,-13256,3740,7076,-1088,-77,190,-13108,-6188,6884,-628,-126,-162,0
2933.367511987686,8068,7300,11048,-87,157,180,7176,-8072,11320,106,201,104,-13308,3676,7400,-1144,-36,108,-13224,-6648,7084,-583,-212,-178,0
2933.400824069977,8072,7384,11316,-62,289,192,7156,-8052,11288,107,141,102,-13116,3576,7368,-1122,50,61,-13208,-6324,6776,-626,-84,-149,0
2933.43442606926,8216,7492,11344,-63,117,178,6964,-7988,11128,-38,209,46,-13020,3596,7260,-1083,-56,71,-13208,-6488,6820,-587,-88,-200,0
2933.4678020477295,8124,7364,11172,-57,157,40,7152,-8168,11324,-53,255,25,-13264,3712,7228,-1042,-85,120,-13180,-6172,6752,-543,-104,-230,0
2933.5010619163513,7956,7400,11236,-239,155,60,6944,-8044,11364,-17,218,254,-12992,3744,7392,-1029,-255,126,-13096,-6420,6968,-497,-64,-152,0
2933.534567117691,7948,7408,11324,-193,162,110,7024,-8056,11336,-107,104,-25,-12908,3676,7308,-974,68,103,-13036,-6428,6864,-461,-43,-130,0
2933.568144083023,8008,7416,11356,-241,64,72,7064,-8080,11492,-109,147,-94,-12948,3796,7116,-903,142,10,-12992,-6648,6828,-339,58,-99,0
2933.601385116577,7740,7460,11304,-334,53,93,6944,-8056,11256,-129,158,-147,-12936,3796,7396,-906,132,35,-13028,-6420,7080,-342,61,-56,0
2933.6348309516907,7940,7336,11380,-229,20,142,6956,-8160,11400,-144,36,-131,-13252,3904,7544,-942,149,24,-13300,-6212,7144,-447,63,-44,0
2933.66814494133,7932,7316,11368,-270,10,154,6976,-8104,11500,-104,51,-143,-12904,3832,7528,-883,165,-44,-13192,-6420,7128,-362,74,-11,0
2933.701574087143,7712,7172,11436,-221,-256,129,7020,-8132,11272,-176,78,-180,-13028,4076,7360,-847,154,-40,-13152,-6460,7156,-452,83,-55,0
2933.735029935837,8032,7344,11408,-170,-44,138,7108,-8156,11024,-177,42,-184,-13060,3744,7204,-960,189,-13,-13176,-6208,7152,-762,114,-100,0
2933.768588066101,7928,7240,11312,-217,-72,125,6964,-8188,11200,-89,105,-208,-13136,3724,7128,-970,50,-38,-13104,-6148,6808,-573,137,-112,0
2933.801969051361,8180,7284,11404,-223,-114,105,7208,-8224,11180,-171,159,-192,-13124,3740,7232,-1004,-14,246,-13472,-6392,6760,-566,125,-129,0
2933.8353230953217,8148,7296,11280,-182,-67,91,7260,-8188,11120,-150,220,-131,-13180,3736,7100,-929,-16,36,-13268,-6276,7012,-477,84,-150,0
2933.8689589500427,8108,7324,11356,-258,89,41,7264,-8168,11216,-125,308,-74,-13088,4008,7156,-956,-17,44,-13192,-6288,6928,-350,-19,-196,0
2933.9021561145782,8040,7300,11380,-208,139,251,7092,-8108,11264,-72,332,-23,-12948,3800,7220,-992,-82,100,-13100,-6448,6980,-354,-73,-206,0
2933.9356260299683,7940,7440,11068,-163,183,23,6924,-8196,11452,-51,269,-37,-12972,3832,7456,-955,-251,-3,-13004,-6588,7136,-335,-27,-179,0
2933.9692001342773,7788,7432,11484,-226,123,46,6868,-8112,11492,-133,200,-128,-13040,3800,7388,-886,77,8,-12980,-6292,7028,-390,67,-114,0
2934.002460002899,7892,7472,11576,-266,-49,118,6832,-8120,11356,-284,83,-176,-12888,3944,7604,-861,122,40,-13280,-6456,7132,-439,118,-4,0
2934.0359959602356,7928,7484,11228,-266,-186,236,6940,-8252,11432,-323,23,-177,-12920,3848,7340,-831,234,27,-13092,-6436,7084,-440,69,20,0
2934.069708108902,7780,7452,11432,-222,-228,263,6924,-8060,11276,-339,16,-155,-12980,3812,7380,-809,224,19,-13180,-6436,7068,-447,-19,31,0
2934.1029801368713,8188,7480,11308,-271,-105,279,7060,-7944,11372,-284,52,-65,-13000,3808,7288,-846,222,43,-13064,-6332,7092,-454,2,-6,0
2934.1408059597015,7928,7260,11188,-210,27,215,7096,-8200,11232,-209,130,-131,-13092,3964,7288,-870,137,244,-12900,-6348,7068,-494,27,-94,0
2934.176087141037,8084,7160,11396,-153,-43,130,7136,-8332,11108,-57,170,-126,-13060,4040,7380,-952,77,-17,-13204,-6080,7020,-614,88,-182,0
2934.212264060974,8072,7144,11148,-75,-6,47,7128,-8212,11068,39,281,-136,-13080,3896,7232,-1009,-69,-139,-13080,-6312,7092,-574,98,-327,0
2934.247533082962,7940,7220,11360,-77,-26,-75,7132,-8428,11392,23,387,-271,-13156,3748,7200,-890,-73,-131,-13048,-6408,7048,-502,100,-378,0
2934.2831289768214,8044,7308,11372,-195,-80,-119,7096,-8280,10984,-49,466,-293,-13308,4020,7308,-770,-100,-72,-13216,-6196,7396,-421,48,-327,0
2934.3187839984894,7964,7308,11600,-287,-3,-127,7000,-8316,11232,-114,455,-214,-13032,4060,7316,-790,-87,15,-13284,-6244,7060,-409,-5,-288,0
2934.3543829917908,8032,7276,11388,-206,-6,-242,6640,-8364,11300,-92,139,-120,-12768,4212,7076,-877,-14,-86,-13060,-6232,7024,-616,160,-43,0
2934.3902981281285,7864,7344,11368,-105,-93,220,6704,-8296,11160,6,-130,-169,-12596,3920,6916,-1010,357,-153,-13256,-6256,7136,-440,84,95,0
2934.425425052643,7980,7248,11460,-47,-89,338,7060,-8424,11120,-2,-174,-162,-13036,4004,7192,-1077,386,-93,-13144,-5920,7004,-537,222,101,0
2934.4608969688416,7968,7092,11300,-143,-141,362,7180,-8204,11240,29,-9,-138,-13112,4128,7204,-1180,230,-79,-13196,-6344,7208,-595,224,30,0
2934.496185064316,8068,7172,11352,-132,-160,259,7136,-8200,11180,-7,13,-152,-12916,3908,7096,-1131,154,-80,-13044,-6428,7012,-550,169,-46,0
2934.5326130390167,7984,7348,11024,-150,-253,194,7156,-8064,11136,-115,128,-238,-13040,3652,7360,-1137,55,-153,-13080,-6516,6960,-409,258,-76,0
2934.5680289268494,7932,7484,11108,-2,-228,132,7172,-8140,11292,-182,113,-231,-12816,3764,7480,-1106,-26,-141,-13056,-6540,6912,-410,252,-121,0
2934.603084087372,7876,7500,11136,-252,-148,31,6960,-8060,11440,-109,222,-512,-12936,3708,7392,-1011,47,-85,-13292,-6408,6972,-377,156,-182,0
2934.638678073883,7984,7492,11340,-300,253,-14,7032,-8016,11152,-183,188,-237,-12832,3688,7384,-982,-9,-247,-13216,-6540,6988,-223,86,-76,0
2934.673800945282,7872,7544,11240,-398,-42,-13,7000,-8032,11240,-320,185,-228,-12832,3816,7352,-679,113,49,-13232,-6308,7196,-192,34,-78,0
2934.7092909812927,7864,7360,11172,-450,8,3,7096,-8224,11164,-242,262,-174,-13048,4156,7404,-751,99,138,-13096,-5924,7292,-336,-65,-189,0
2934.7445709705353,8164,7104,11272,-319,124,1,6940,-8544,11188,-74,189,-81,-13080,4284,7308,-851,-55,36,-13016,-6012,7380,-430,-53,-192,0
2934.7805800437927,7844,7192,11448,-135,152,-22,6940,-8344,11140,26,231,-177,-12900,3960,7248,-920,18,-54,-13012,-6296,7224,-348,8,-249,0
2934.8139309883118,7852,7232,11340,-136,70,-79,7040,-8464,11276,29,212,-258,-13032,4012,7300,-983,-122,-215,-13156,-6112,7116,-479,151,-249,0
2934.8474769592285,8132,7288,11400,-44,-30,-34,7096,-8224,11136,56,189,-177,-13024,4140,7412,-1122,-151,-83,-13340,-6264,7292,-575,70,-1,0
2934.8806920051575,8052,7204,11372,-67,60,-63,7284,-8164,10992,47,233,-180,-13096,3920,7124,-987,-156,-89,-13164,-6468,7148,-332,-7,-346,0
2934.9140379428864,7868,7376,11536,-127,71,-215,7000,-8272,11244,-51,430,-273,-13144,3756,7184,-922,-237,-266,-13080,-6420,6848,-380,172,-443,0
2934.9475629329686,8028,7456,11208,-129,-136,-287,7308,-8184,11208,-66,484,-412,-13096,3708,7228,-874,-245,-331,-13100,-6520,7084,-304,247,-454,0
2934.9810791015625,8076,7520,11196,-227,-208,-324,7032,-8032,11144,-173,393,-456,-13044,3588,7144,-823,-126,-200,-13196,-6176,6912,-316,262,-305,0
2935.0144920349126,8064,7488,11196,-310,-215,-121,6988,-8088,11196,-235,130,-370,-12796,3908,6996,-867,-12,-47,-12908,-5972,7104,-460,263,-80,0
2935.0481209754944,7796,7364,11096,-120,-275,186,6552,-8288,10892,-72,-230,-231,-12332,4100,6788,-1064,355,-140,-12604,-5804,7176,-600,166,66,0
2935.0818450450897,7540,6900,11480,88,-160,452,6536,-8512,10784,197,-331,-71,-12644,4516,7320,-1209,505,-79,-13036,-6168,7784,-502,-47,85,0
2935.115282058716,7668,7136,11652,-39,181,341,6896,-8660,10992,140,-157,-30,-13032,4288,7588,-1155,288,-32,-13032,-6484,7512,-573,33,-90,0
2935.1488330364227,7452,7268,11636,-39,97,187,6728,-8600,11424,57,254,-23,-12636,4040,7412,-1171,99,4,-12796,-6548,7512,-620,74,-192,0
2935.1823179721832,7444,7472,11604,-64,51,120,6828,-8344,11392,95,202,-182,-12848,3848,7440,-959,20,-174,-12920,-6572,7220,-597,171,-204,0
2935.215707063675,7660,7492,11620,-34,-284,52,6908,-8392,11412,90,159,-442,-12992,3808,7228,-1033,129,-752,-12968,-6488,6640,-666,632,-188,0
2935.2492260932922,7700,7552,11316,12,-636,48,7100,-8056,11280,93,-33,-653,-13004,3800,7216,-1184,219,-609,-12844,-6564,6704,-661,800,-102,0
2935.2829599380493,8104,7640,10976,11,-673,115,7332,-7932,11488,87,-167,-632,-13032,3768,7196,-1129,409,-448,-13332,-6364,6800,-595,608,21,0
2935.316470146179,8264,7592,11136,-88,-462,197,6988,-7956,11076,-1,-224,-466,-12988,3748,6976,-1028,466,-10,-13328,-6252,7156,-492,474,90,0
2935.3498640060425,8248,7332,11200,-201,-310,290,7388,-8080,11112,-110,-164,-323,-13176,3740,7220,-1056,348,-123,-13224,-6296,7156,-448,294,72,0
2935.3830759525295,8192,7360,11488,-283,-106,183,7504,-8172,11076,-22,90,-220,-13196,3584,7408,-1051,509,-91,-13312,-6352,6924,-383,110,-122,0
2935.4168939590454,8036,7360,11224,-245,-3,80,7260,-8292,11512,100,213,-157,-13120,3736,7236,-1003,56,-112,-13200,-6480,6884,-394,109,-212,0
2935.4504771232605,7844,7564,11396,-235,-26,27,7364,-8100,11048,-31,267,-195,-13024,3556,7296,-928,-36,-147,-13036,-6572,7052,-400,181,-251,0
2935.4840059280396,7808,7612,11032,-193,-111,-18,6916,-8072,11456,-25,307,-221,-12984,3720,7576,-925,-29,-143,-13088,-6576,7144,-441,189,-211,0
2935.517643928528,7908,7900,11348,-195,-111,47,7000,-8224,11516,3,199,-252,-12876,3888,7468,-968,78,-141,-12996,-6580,6924,-392,222,-96,0
2935.5510561466217,7812,7588,11388,-224,-125,117,6968,-8232,11496,-50,88,-510,-12608,3872,7256,-990,214,-134,-13032,-6528,7172,-355,288,20,0
2935.584552049637,7752,7564,11512,-249,-181,202,6924,-8080,11508,-133,-27,-282,-12872,3900,7172,-925,323,-98,-13132,-6148,7400,-403,220,95,0
2935.618278026581,7756,7376,11404,-1,-195,246,7072,-8232,11240,-132,-61,-224,-12952,4000,7100,-884,330,-69,-13268,-6272,7132,-382,200,108,0
2935.6515920162205,7976,7288,11308,-350,-88,219,7024,-8336,11104,-62,90,-212,-12956,4080,7208,-919,335,-66,-13040,-6172,7116,-364,293,112,0
2935.6851620674133,7688,7136,11456,-323,-195,283,7120,-8344,11040,-111,-27,-250,-13084,4116,7048,-968,335,-140,-13068,-5956,7188,-413,290,127,0
2935.7187349796295,7992,7196,11460,-264,-236,309,7372,-8296,11012,-62,-63,-169,-13168,4024,7144,-1066,331,-160,-13236,-6100,7004,-556,236,67,0
2935.7522361278534,8140,7252,11260,-182,-178,290,7360,-8380,11136,-5,-250,-156,-13500,3840,7024,-1091,218,-137,-13076,-6196,6912,-569,182,-31,0
2935.7902801036835,8212,7276,11348,-141,-148,207,7344,-8424,11124,-8,32,-206,-13172,3788,6944,-1113,139,-142,-13304,-6208,6896,-534,199,-20,0
2935.825690984726,8404,7328,11348,-157,-147,194,7144,-8096,11040,27,21,-187,-13112,3756,7036,-1137,217,-115,-13280,-6264,7016,-533,258,-50,0
2935.8609321117406,7992,7436,11516,-111,-180,187,7320,-8132,11208,18,73,-226,-13160,3652,7132,-1059,124,-168,-13136,-6356,6948,-261,220,-111,0
2935.8960869312286,8112,7320,11172,-143,-199,126,7292,-8024,11152,46,120,-249,-13164,3764,7120,-1066,133,-176,-13204,-6436,6908,-466,277,-114,0
2935.931887149811,8176,7496,11252,-196,-206,110,6932,-8100,11236,27,136,-269,-12924,3656,7320,-1078,134,-251,-13156,-6640,6828,-476,294,-117,0
2935.968090057373,8012,7492,11196,-217,-216,112,7132,-8000,11236,-5,78,-268,-12808,3764,7288,-1043,207,-174,-13228,-6392,7128,-441,241,-51,0
2936.0033991336823,7964,7568,11400,-207,-180,130,7192,-8220,11392,-43,74,-250,-13048,3760,7248,-989,212,-86,-13180,-6284,7068,-447,226,-53,0
2936.0392539501186,8028,7236,11260,-223,-159,167,7240,-8156,11268,-72,94,-234,-13048,4080,7292,-940,133,-158,-13188,-6204,6984,-460,175,-56,0
2936.0749480724335,7760,7328,11360,-198,-134,165,6976,-8088,11212,-31,149,-174,-13072,3936,7220,-1016,124,-89,-13228,-6252,7092,-258,163,-85,0
2936.1108469963074,8024,7256,11012,-150,-94,158,7404,-8128,11200,-34,121,-147,-13036,3780,7256,-1005,157,-90,-13204,-6176,6960,-483,126,-89,0
2936.1470689773564,8200,7324,11296,-184,-39,162,7252,-8164,11088,-43,110,-178,-13088,4040,6928,-1007,159,-74,-13124,-6272,6864,-461,91,-98,0
2936.1823461055756,8236,7324,11304,-185,-251,122,7268,-8392,11424,-61,150,-165,-13208,3752,7044,-1018,125,-17,-13204,-6192,6828,-488,138,-111,0
2936.2174670696254,8132,7260,11216,-190,-38,112,7200,-8244,11092,-52,145,-172,-13052,3912,7016,-1078,92,-87,-13100,-6144,7000,-512,158,-118,0
2936.2528970241547,8164,7372,11416,-195,-61,127,7288,-8176,11060,-19,142,-160,-13012,3744,6948,-1058,112,-100,-13536,-6372,7156,-450,157,-119,0
2936.2876369953156,7952,7272,11468,-155,-44,94,7308,-8364,11192,-72,164,-190,-13148,3648,7052,-991,117,-109,-13204,-6216,7156,-452,141,-152,0
2936.3236989974976,7988,7332,11496,-221,-48,72,7260,-8132,11024,-78,177,-230,-13020,3792,7172,-997,90,-64,-13284,-6232,7028,-422,141,-144,0
2936.359293937683,8128,7228,11512,-224,-35,66,7292,-8056,11076,-63,145,-195,-13100,3788,7168,-1034,57,-56,-13308,-6284,6916,-433,123,-139,0
2936.3943300247192,8084,7396,11172,-170,-36,89,7152,-8184,11192,-45,148,-195,-13080,3784,7280,-1006,81,-33,-12964,-6296,7028,-440,70,-133,0
2936.429913043976,8000,7400,11340,-206,11,66,7220,-8144,11444,-72,193,-177,-13192,3756,7140,-973,127,-49,-13228,-6148,6860,-417,83,-162,0
2936.465739965439,7960,7444,11360,-192,-32,35,7128,-8108,11316,-80,164,-228,-12816,3664,7256,-935,69,-75,-13184,-6280,6912,-464,177,-180,0
2936.4990770816803,7980,7324,11336,-183,-90,47,7148,-8072,11080,-51,171,-216,-12932,3724,7072,-960,95,-88,-13276,-6192,6976,-462,198,-146,0
2936.5326030254364,8032,7384,11124,-170,-95,80,7116,-8076,11168,-19,91,-1,-13052,3892,7136,-1044,168,-111,-13144,-6260,6936,-455,199,-133,0
2936.5661211013794,8124,7360,11256,-169,-144,90,7372,-8164,11152,-37,142,-269,-13092,3716,7408,-1002,212,-94,-13392,-6388,7068,-483,193,-98,0
2936.5994861125946,8064,7316,11392,-211,-32,98,7248,-7980,11176,-107,60,-214,-13300,3780,7380,-1003,190,-66,-13552,-6208,6880,-453,139,-94,0
2936.6327400207524,8440,7320,11404,-204,-55,133,7364,-7968,10932,-99,58,-190,-13160,3928,7004,-1029,144,0,-13228,-6400,7040,-488,145,-68,0
2936.670391082764,8140,7384,11348,-154,-41,161,7224,-8396,11028,-69,81,-163,-13092,3792,7076,-1031,163,-36,-13236,-6376,6936,-469,63,-59,0
2936.7046139240265,8024,7320,11288,-190,-15,117,7304,-8200,11120,-86,112,-171,-13068,3876,7400,-995,140,-17,-13216,-6324,6940,-454,102,-115,0
2936.7383120059967,8100,7192,11300,-191,-49,107,7224,-8252,11124,-79,125,-186,-13112,3608,7120,-1016,107,-56,-13188,-6316,7068,-510,148,-130,0
2936.7718341350555,7988,7336,11284,-177,-55,91,7300,-8116,11112,-46,84,-172,-12988,3784,6952,-1029,113,-46,-13164,-6188,7044,-494,141,-125,0
2936.8053181171417,8092,7316,11352,-136,-64,74,7360,-8084,11188,-16,145,-194,-13108,3716,7208,-1000,107,-84,-13164,-6372,6896,-453,164,-119,0
2936.8387610912323,7980,7288,11272,-198,-98,70,7240,-8264,11192,-19,143,-216,-12860,3740,6976,-978,117,-111,-13096,-6372,6952,-482,201,-141,0
2936.8722739219666,8012,7348,11292,-171,-85,53,7312,-8116,11056,-49,139,-228,-13096,3668,7020,-1057,183,-102,-13240,-6308,6948,-479,154,-131,0
2936.9054341316223,8136,7356,11336,-169,-105,78,7216,-8224,11124,-38,153,-227,-13172,3780,7132,-1033,120,-66,-13184,-6256,6936,-520,194,-132,0
2936.93922996521,8016,7364,11152,-201,-83,101,7000,-8184,11076,-21,111,-171,-13108,3668,7296,-1007,153,-53,-13208,-6340,7108,-484,116,-135,0
2936.9728441238403,8072,7344,11504,-146,-44,89,7292,-8060,11196,-72,101,-169,-13108,3704,7448,-1042,142,-26,-13248,-6208,6972,-490,92,-127,0
2937.006152153015,8156,7264,11028,-181,-28,81,7252,-8136,11260,-31,139,-171,-13064,3788,7020,-965,157,-52,-13216,-6236,6996,-476,95,-115,0
2937.0396609306335,8044,7296,11468,-185,-5,113,7304,-8200,11100,-22,86,-167,-13144,3716,7420,-1046,162,-46,-13192,-6376,6988,-492,128,-123,0
2937.0731329917908,8036,7212,11448,-149,-48,145,7172,-8268,11088,-21,67,-151,-13060,3792,7120,-1026,124,-45,-13124,-6244,7004,-508,131,-91,0
2937.1069259643555,7980,7404,11268,-178,-32,125,7208,-8416,11220,-63,72,-148,-13120,3756,6924,-987,136,-251,-13220,-6364,7036,-481,50,-106,0
2937.140110015869,8064,7180,11512,-226,-15,96,7216,-8284,11192,-86,158,-170,-13096,3808,7184,-1029,72,-21,-13280,-6296,6988,-505,91,-155,0
2937.17365694046,8132,7300,11516,-173,-51,92,7260,-8320,11064,-44,142,-187,-13268,3708,7376,-1031,97,-106,-13148,-6212,7092,-498,181,-140,0
2937.2072229385376,8160,7296,11164,-188,-51,95,7152,-8384,10964,-21,145,-180,-13048,3732,7032,-1042,131,-108,-13140,-6240,7044,-492,168,-113,0
2937.240662097931,8092,7656,11252,-182,-85,93,7248,-8436,11224,-43,137,-244,-13028,3752,7116,-998,124,-48,-13224,-6160,7008,-469,167,-91,0
2937.2743170261383,8024,7360,11392,-211,-95,102,7196,-8264,11184,-22,82,-234,-13092,3748,7176,-1006,140,-35,-13376,-6256,7036,-480,176,-117,0
2937.307685136795,8064,7296,11376,-178,-97,111,7332,-8216,11160,-30,116,-213,-13136,3696,7276,-1270,133,-98,-13184,-6196,6980,-499,142,-129,0
2937.3414459228516,8260,7376,11308,-175,-85,121,7232,-8240,11156,-27,130,-168,-13108,3784,7100,-1043,119,-88,-13216,-6332,6724,-479,162,-89,0
2937.3749959468846,8100,7460,11388,-201,-60,112,7256,-8212,11200,-41,88,-195,-12824,3728,7112,-771,157,-62,-13172,-6248,6960,-478,118,-124,0
2937.4080541133885,8108,7320,11316,-160,-72,112,7288,-8192,11200,-70,118,-183,-13128,3796,7264,-1008,46,-45,-13292,-6244,7128,-488,132,-148,0
2937.4415171146393,8176,7296,11444,-165,-61,83,7168,-8204,11084,-13,149,-183,-13192,3760,7024,-1013,89,-93,-13092,-6296,6892,-471,126,-124,0
2937.4781250953674,7988,7440,11244,-169,-23,109,7224,-8064,10876,7,128,-180,-12988,3804,7080,-1027,157,-74,-13084,-6360,6920,-495,154,-94,0
2937.513283967972,8000,7356,11284,-169,-60,90,7292,-8436,11172,-56,115,-221,-13176,3820,7108,-1011,169,-90,-13208,-6320,6952,-487,153,-115,0
2937.5486280918126,8028,7328,11424,-159,-78,114,7332,-8232,11092,-54,124,-171,-13140,3728,7104,-968,125,-61,-13308,-6244,6964,-460,152,-103,0
2937.584275007248,8168,7368,11288,-153,-59,115,7272,-8236,11060,-6,116,-162,-13136,3864,7004,-990,134,-49,-13320,-6208,7080,-455,120,-127,0
2937.6206820011134,8076,7408,11348,-191,-33,93,7032,-8324,11256,-25,117,-180,-13312,3812,7404,-983,133,-63,-13204,-6208,7048,-445,95,-75,0
2937.655370950699,8008,7324,11344,-185,-35,102,7240,-8172,11088,-71,112,-177,-13124,3764,7040,-976,111,-36,-13252,-6236,6964,-511,108,-103,0
2937.6908531188965,8120,7360,11496,-150,-43,110,7176,-8256,11232,-38,140,-148,-13160,3872,7260,-1016,130,-39,-13184,-5952,7092,-495,148,-116,0
2937.7254951000214,8052,7352,11396,-159,-47,109,7236,-8236,11232,-72,89,-199,-13072,3712,7140,-1013,110,-110,-13228,-6268,6984,-512,180,-118,0
2937.7610659599304,8096,7360,11336,-172,-67,84,7224,-8448,11236,248,145,-205,-13256,3740,7040,-1003,129,-58,-13128,-6224,6916,-260,151,-109,0
2937.796096086502,8036,7312,11276,-140,-77,103,7272,-8204,11176,-19,126,-193,-13128,3752,7196,-1052,39,-105,-13316,-6288,7020,-475,203,-120,0
2937.83186006546,8128,7288,11344,-164,-84,114,7228,-8216,11200,-42,108,-216,-13096,3600,7088,-1031,167,-59,-13368,-6348,6988,-480,178,-100,0
2937.867686033249,8056,7364,11388,-167,-75,102,7240,-8228,11108,-34,134,-201,-13164,3780,7044,-993,97,-89,-13260,-6288,7048,-474,151,-142,0
2937.9024579524994,8132,7360,11440,-184,-79,77,7328,-8432,11084,-48,170,-197,-13140,3828,7208,-994,112,-61,-13228,-6240,6980,-461,169,-124,0
2937.9381380081177,8072,7376,11264,-204,-63,94,7356,-8156,11172,-22,159,-177,-13124,3788,7368,-985,96,-76,-13172,-6376,6964,-487,150,-128,0
2937.9738659858704,8040,7408,11384,-197,-65,109,7272,-8268,11428,-33,109,-184,-13072,3780,7116,-1020,118,-80,-13216,-6280,6920,-505,184,-100,0
2938.0091819763184,8000,7324,11384,-194,-72,104,7244,-7988,11140,2,130,-205,-13304,3652,7156,-1036,153,-87,-13204,-6188,6920,-475,184,-106,0
2938.0444009304047,7944,7328,11312,-196,-85,134,7252,-8184,11260,-19,105,-187,-13096,3776,6984,-1012,127,-103,-13180,-6380,7008,-499,199,-86,0
2938.0802941322327,8064,7412,11412,-171,-121,132,7216,-8144,11116,-47,99,-219,-13164,3720,7056,-1006,135,-98,-13156,-6232,7008,-488,174,-73,0
2938.1154839992523,8064,7300,11248,-170,-109,155,7252,-8408,11244,-35,100,-187,-13248,3852,7144,-986,123,-95,-13196,-6308,6664,-486,147,-69,0
2938.1511521339417,7992,7252,11468,-175,-112,144,7296,-8180,11228,-40,98,-186,-13212,3816,7060,-1007,105,-100,-13220,-6268,6664,-483,164,-73,0
2938.1846930980682,8044,7616,11100,-186,-95,156,7204,-8240,11236,-2,119,-216,-13204,3784,7056,-1006,76,-116,-13224,-6252,6912,-496,165,-93,0
2938.218245983124,8064,7304,11392,-202,-110,135,7392,-8000,11012,-22,127,-197,-13312,3796,7052,-1001,150,-112,-13224,-6244,7152,-486,182,-83,0
2938.2518639564514,8140,7316,11464,-199,-105,120,7312,-7956,11088,-8,123,-202,-13072,3620,7108,-1000,104,-106,-13192,-6284,6960,-488,210,-101,0
2938.2852251529694,8084,7220,11236,-160,-138,111,7264,-8112,11084,-246,151,-189,-13160,3756,7132,-993,72,-171,-13160,-6312,6928,-472,198,-95,0
2938.3188660144806,8120,7240,11372,-174,-120,121,7320,-8264,11112,253,151,-222,-13104,3696,6904,-1000,146,-133,-13336,-6368,7044,-511,183,-126,0
2938.3523900508885,8028,7376,11396,-187,-124,146,7212,-8132,11244,-12,129,-197,-13224,3864,6972,-1011,119,-96,-13272,-6292,6968,-481,176,-90,0
2938.385950088501,8088,7380,11412,-161,-140,148,7268,-8164,11132,-15,136,-192,-13168,3692,7084,-1009,87,-99,-13076,-6208,7008,-495,182,-92,0
2938.4194679260254,8068,7384,11516,-168,-130,147,7300,-8224,11092,-5,133,-199,-13268,3708,7412,-1038,166,-106,-13064,-6264,7120,-482,200,-87,0
2938.4529349803925,8056,7292,11456,-191,-121,114,7320,-8184,11124,250,135,-196,-13108,3732,7100,-1022,123,-121,-13256,-6204,7104,-507,184,-58,0
2938.486664056778,8096,7424,11260,-198,-119,149,7308,-8228,11000,-28,102,-186,-13208,3748,7100,-982,146,-91,-13220,-6272,6816,-452,138,-83,0
2938.5200769901276,8120,7280,11452,-191,-122,152,7308,-8120,11220,-36,144,-162,-13100,3724,6976,-1013,119,-50,-13184,-6204,6960,-497,152,-102,0
2938.5536279678345,8052,7336,11376,-222,-122,161,7264,-8180,11036,35,106,-163,-13088,3672,7032,-1007,84,-38,-13336,-6320,6964,-464,146,-108,0
2938.58735203743,8064,7392,11192,-137,-29,126,7176,-8152,10820,-33,131,-183,-13164,3588,7016,-997,157,-96,-13228,-6264,6776,-504,135,-102,0
2938.6207230091095,8044,7320,11484,-228,-113,100,7184,-8104,11172,-20,97,-224,-13020,3800,7040,-971,83,-115,-13296,-6092,6944,-460,225,-88,0
2938.6541790962215,8116,7320,11292,-217,-116,127,7384,-8392,10972,-1,114,-191,-13188,3764,7064,-1271,115,-115,-13220,-6196,6940,-442,172,-78,0
2938.6876730918884,8160,7288,11388,-204,-109,129,7288,-8248,11456,-43,118,-180,-13124,3792,7016,-977,107,-39,-13176,-6240,6964,-466,97,-99,0
2938.7210371494293,8100,7384,11284,-220,-82,134,6932,-8140,11232,-32,147,-150,-13092,3812,7016,-990,127,-38,-13216,-6252,6872,-482,122,-78,0
2938.754744052887,8092,7268,11272,-187,-69,112,7220,-8196,11164,-63,144,-179,-13100,3796,7080,-989,86,-101,-13276,-6272,7160,-487,153,-108,0
2938.7882199287415,8068,7244,11388,-199,-98,135,7364,-8184,11248,-4,157,-202,-13160,3600,7024,-984,105,-121,-13232,-6288,6756,-489,169,-107,0
2938.821831941604,8124,7188,11364,-170,-140,150,7320,-8276,11200,-7,119,-195,-13076,3760,7040,-1007,121,-119,-13196,-6240,7004,-496,193,-109,0
2938.8555519580846,8148,7288,11328,-154,-105,101,7300,-7988,11140,-46,115,-204,-13104,3716,7120,-1012,106,-59,-13244,-6168,6976,-464,144,-85,0
2938.889029979706,8144,7284,11028,-188,-106,130,7296,-7996,11132,-19,115,-202,-13124,3744,7080,-1006,132,-75,-13236,-6208,6984,-477,177,-113,0
2938.9224040508266,8164,7288,11040,-185,-83,124,7416,-8140,11084,-19,166,-189,-13252,3784,7192,-1036,105,-81,-13264,-6272,6904,-443,135,-113,0
2938.955836057663,8236,7308,11156,-176,-28,113,7412,-8084,11052,-5,150,-172,-13136,3748,7308,-999,84,-87,-13180,-6296,6728,-477,140,-123,0
2938.9894590377808,8116,7276,11236,-184,-49,86,7296,-8192,11108,-18,165,-180,-13128,3636,7156,-1019,72,-53,-13280,-6156,6960,-467,125,-130,0
2939.0229361057286,8132,7388,11360,-175,-45,70,7352,-8400,11088,-49,155,-174,-13176,3796,7140,-1008,62,-40,-13312,-6224,7104,-462,108,-131,0
2939.0565769672394,8020,7296,11036,-181,-38,99,7380,-8108,11212,-60,167,-168,-13088,3800,7148,-996,113,-44,-13512,-6196,6880,-459,109,-151,0
2939.0901460647583,8140,7260,11476,-190,-25,76,7260,-8232,11168,-70,129,-190,-13224,3800,7004,-1010,90,-85,-13160,-6320,7032,-459,116,-107,0
2939.123498916626,8084,7252,11332,-163,-77,94,7244,-8208,11200,-45,122,-207,-13164,3740,7288,-1005,78,-62,-13172,-6236,6956,-480,138,-119,0
2939.160056114197,8068,7308,11260,-173,-56,106,7212,-8220,11120,-28,154,-198,-13160,3728,6932,-1010,100,-80,-13204,-6248,6960,-485,129,-147,0
2939.1949729919434,7960,7392,11448,-177,-73,87,7288,-8160,11040,-48,133,-175,-12824,3748,7152,-991,114,-95,-13276,-6248,6656,-471,120,-110,0
2939.2310230731964,8140,7260,11260,-154,-59,111,7216,-8212,10884,-62,102,-177,-13164,3824,7132,-997,125,-65,-13252,-6256,6912,-500,113,-129,0
2939.266235113144,8116,7276,11360,-195,-49,100,7364,-8252,11048,-71,111,-142,-13220,3672,7008,-930,-142,7,-13320,-6296,6920,-479,88,-151,0
2939.3020629882812,8052,7316,11224,-172,-24,108,7400,-8148,11168,-36,152,-139,-13164,3692,7076,-1047,98,-9,-13184,-6304,6792,-492,38,-143,0
2939.338320016861,8100,7284,11312,-122,-47,64,7356,-8216,11164,-67,193,-174,-13192,3620,6936,-996,56,-56,-13232,-6156,6868,-500,121,-172,0
2939.3734209537506,8156,7268,11144,-190,30,59,7300,-8216,11072,-26,170,-184,-13188,3840,6944,-979,68,-80,-13564,-6132,6772,-483,137,-116,0
2939.409150123596,8156,7240,11272,-180,-44,95,7336,-8132,11120,-51,161,-153,-13120,3820,7124,-1017,71,-49,-13260,-6212,7000,-439,121,-103,0
2939.444262981415,8128,7352,11260,-204,-42,106,7264,-8152,11152,-41,147,-172,-13160,3812,7128,-1036,95,-57,-13256,-6408,6920,-467,77,-136,0
2939.480346918106,8000,7292,11488,-194,-42,88,7284,-8240,11240,-103,170,-173,-13084,3876,7184,-958,83,-59,-13164,-6296,7020,-479,89,-161,0
2939.515473127365,8068,7324,11296,-155,-48,82,7260,-8200,11112,-43,172,-167,-13188,3740,7020,-974,54,-73,-13192,-6200,7008,-493,122,-151,0
2939.551043987274,8092,7264,11288,-161,-66,73,7184,-7944,11128,-16,162,-174,-12820,3772,7076,-1018,99,-88,-13104,-6184,7060,-261,178,-104,0
2939.58731508255,8096,7288,11264,-169,-78,104,7312,-8156,11092,-50,124,-188,-13128,3688,7356,-1010,138,-85,-13176,-6168,7008,-496,125,-118,0
2939.6221849918365,8132,7388,11072,-179,-87,91,7252,-7984,11100,-23,121,-186,-13068,3720,7096,-1020,137,-90,-13240,-6196,6908,-488,118,-110,0
2939.657716989517,8096,7356,11344,-166,-75,119,7320,-8088,11052,-54,127,-168,-13104,3776,7048,-990,107,-95,-13156,-6244,7024,-499,151,-128,0
2939.6929111480713,8128,7392,11424,-173,-70,115,7324,-8192,11120,-3,136,-165,-13140,3652,7144,-1041,105,-73,-13224,-6272,6916,-500,131,-128,0
2939.7276799678802,8020,7356,11480,-170,-67,112,7252,-8120,11012,-51,147,-168,-13104,3764,7024,-1004,68,-57,-13172,-6232,7048,-496,135,-136,0
2939.7634971141815,8092,7332,11392,-181,-99,85,7300,-8384,11188,-55,156,-177,-13184,3748,6968,-980,80,-50,-13208,-6272,6928,-504,124,-150,0
2939.8002650737762,8056,7328,11332,-188,-78,108,7292,-8120,11184,-31,164,-175,-13060,3772,7160,-991,75,-70,-13172,-6204,6940,-498,128,-145,0
2939.8338630199432,8032,7396,11492,-177,-58,78,7272,-8120,11196,-26,169,-179,-12812,3740,6976,-1010,82,-38,-13120,-6288,6952,-494,144,-137,0
2939.8673810958862,8136,7364,11352,-170,-85,101,7220,-8132,11048,-43,167,-177,-13196,3816,7000,-1002,94,-50,-13116,-6172,6924,-500,137,-114,0
2939.900591135025,7960,7316,11156,-183,-87,102,7312,-8216,11108,-36,139,-187,-13408,3980,7352,-957,84,-105,-13140,-6356,6904,-477,153,-118,0
2939.9341371059418,7940,7352,11340,-191,-96,97,7240,-7996,11172,-70,105,-202,-13100,3832,7356,-987,121,-55,-13220,-6212,6872,-467,127,-115,0
2939.9673199653625,8068,7360,11408,-173,-87,133,7384,-8232,11168,-59,149,-151,-13200,4072,6916,-957,22,-101,-13220,-6268,6912,-505,121,-110,0
2940.000818967819,8188,7360,11492,-175,-98,110,7312,-8236,11232,-35,137,-187,-13072,3708,7188,-1044,107,-50,-13240,-6304,7000,-487,127,-124,0
2940.034446954727,8120,7328,11268,-164,-70,123,7368,-8140,11188,-15,137,-150,-13068,3680,7316,-1022,101,-66,-13136,-6364,6868,-506,100,-111,0
2940.068063020706,8084,7360,11316,-154,-45,92,7276,-8156,11020,-65,153,-176,-13196,3836,7124,-1005,108,-80,-13212,-6188,7008,-486,104,-158,0
2940.1016731262207,8124,7300,11100,-199,-19,67,7368,-8416,11128,-20,144,-171,-13164,3804,7056,-1001,70,-70,-13068,-6244,6996,-456,151,-124,0
2940.1350710392,8120,7240,11244,-191,-62,91,7308,-8204,11068,-34,127,-153,-12892,3832,6912,-773,94,-16,-13332,-6292,6940,-472,129,-114,0
2940.1686770915985,7964,7324,11264,-169,-64,98,7228,-8216,11116,-43,150,-159,-13456,3872,7004,-959,76,-23,-13196,-6276,7040,-461,117,-111,0
2940.202059030533,8000,7344,11372,-185,-68,104,7252,-8340,11244,-66,120,-145,-13104,3772,7064,-982,96,-72,-13128,-6284,7072,-463,126,-153,0
2940.2355840206146,7948,7404,11364,-209,-84,90,7348,-8184,11396,-48,152,-174,-13088,3728,7224,-1022,50,-121,-13132,-6276,6896,-469,142,-89,0
2940.269181966781,7964,7272,11208,-188,-87,117,7280,-8168,11208,-18,168,-182,-13072,3732,7068,-993,61,-91,-13196,-6244,7056,-499,189,-106,0
2940.3029410839085,8008,7352,11508,-202,-91,146,7240,-8196,11028,15,109,-198,-13076,3888,7188,-1024,87,-71,-13112,-6296,7052,-489,192,-99,0
2940.336676120758,8056,7316,11408,-170,-149,119,7204,-8216,11104,-21,100,-206,-13204,3796,7260,-990,96,-79,-13308,-6196,6976,-492,179,-63,0
2940.3703389167786,8020,7296,11336,-214,-110,155,7132,-8180,11128,-41,119,-215,-13148,3836,7152,-1007,61,-99,-13300,-6212,6932,-503,181,-65,0
2940.4038231372833,7960,7312,11308,-203,-154,144,7340,-8228,11184,-66,123,-198,-13084,3836,7304,-770,135,-104,-13228,-6356,7108,-501,168,-75,0
2940.4374480247498,8084,7388,11380,-198,-116,158,7164,-8208,11128,-39,113,-178,-13036,3692,6984,-1017,88,-120,-13156,-6200,6736,-484,178,-73,0
2940.4707159996033,8068,7288,11344,-200,-123,143,7292,-8184,11196,-38,158,-174,-13160,3780,7072,-983,97,-123,-13076,-6228,6940,-472,171,-74,0
2940.504257917404,8060,7296,11148,-181,-125,91,7236,-8268,11388,3,140,-203,-13220,3732,7272,-974,83,-99,-13112,-6376,6740,-477,190,-117,0
2940.537992954254,8084,7252,11268,-193,-118,132,7280,-8248,10872,12,144,-204,-13084,3824,7252,-1001,106,-125,-13188,-6220,6976,-492,193,-89,0
2940.571597099304,8032,7300,11372,-171,-130,147,7344,-8260,11108,23,110,-223,-13312,3656,7356,-1045,129,-151,-13208,-6380,6732,-493,204,-79,0
2940.6049330234528,8040,7340,11316,-196,-136,133,7224,-8096,11096,5,126,-205,-13112,3800,7432,-1020,134,-117,-13348,-6208,7032,-465,217,-81,0
2940.6381261348724,8092,7256,11440,-181,-139,158,7348,-8076,11132,-17,112,-211,-13152,3848,7044,-1010,153,-93,-13224,-6220,7016,-468,202,-66,0
2940.6718411445618,7964,7384,11428,-191,-182,174,7316,-8168,11132,-256,138,-191,-13148,3776,6972,-1271,144,-104,-13200,-6200,6944,-504,227,-70,0
2940.705590963364,8092,7296,11456,-198,-148,154,7304,-8148,11040,-20,147,-193,-13180,3824,6828,-1009,161,-116,-13524,-6396,6868,-462,154,-73,0
2940.7391600608826,8288,7308,11128,-183,-110,142,7236,-8172,11252,-60,109,-186,-13108,3652,7268,-1000,151,-101,-13204,-6388,6916,-767,169,-71,0
2940.772658109665,8040,7232,11352,-206,-130,150,7244,-8212,11076,-26,107,-179,-13060,3680,7092,-1056,140,-91,-13160,-6276,6712,-500,176,-57,0
2940.813528060913,7944,7364,11116,-147,-115,129,7296,-8084,11104,-7,95,-195,-12916,3692,7084,-1069,138,-108,-13236,-6244,7000,-483,152,-88,0
2940.8508501052856,8076,7372,11284,-182,-142,112,7268,-8160,11068,-10,146,-214,-13080,3752,7028,-956,78,-144,-13224,-6388,7092,-477,227,-83,0
2940.885829925537,8168,7188,11456,-205,-128,129,7304,-8224,11032,9,89,-212,-13236,3856,7040,-997,113,-92,-13204,-5980,6964,-468,191,-72,0
2940.9220271110535,8204,7252,11024,-160,-115,137,7284,-8048,11156,-11,123,-194,-13196,3656,7092,-978,123,-61,-13264,-6272,6904,-467,122,-82,0
2940.958055973053,8144,7280,11232,-228,-72,139,7336,-8140,10992,-22,105,-184,-13116,3816,7248,-988,134,-96,-13280,-6296,6864,-462,131,-88,0
2940.993031024933,8224,7328,11348,-199,-75,127,7348,-8236,11044,-37,162,-187,-13092,3736,7208,-982,69,-78,-13236,-5988,6872,-490,149,-141,0
2941.0288591384888,8068,7236,11452,-140,-101,115,7360,-7944,11232,-20,110,-194,-12996,3724,6940,-1021,107,-116,-13132,-6220,6904,-507,175,-131,0
2941.064301967621,8216,7220,11396,-186,-124,126,7376,-8116,11072,-7,108,-207,-13208,3732,7032,-1006,133,-121,-13200,-6244,6960,-485,192,-77,0
2941.1002881526947,8220,7204,11472,-175,-136,123,7352,-8404,10788,-63,105,-209,-13292,3728,7140,-1006,185,-120,-13224,-6108,6660,-474,157,-117,0
2941.1353299617767,8104,7336,11336,-187,-82,115,7324,-8068,11188,-57,106,-183,-13124,3772,7120,-1000,177,-48,-13312,-6092,7116,-485,143,-106,0
2941.1708109378815,8440,6920,11316,-171,-72,106,7328,-8140,11240,-34,159,-181,-13184,3668,7144,-1033,113,-105,-13444,-6288,7104,-442,158,-107,0
2941.2071571350098,8196,7376,11488,-177,-76,117,7320,-8132,11140,-22,150,-194,-13088,3776,7380,-1020,134,-86,-13332,-6236,6940,-473,156,-144,0
2941.2426080703735,8120,7252,11468,-194,-44,70,7368,-8048,11108,-69,133,-184,-13224,3740,6984,-986,90,-24,-13516,-6256,6940,-472,91,-152,0
2941.277689933777,8172,7264,11200,-187,-57,56,7388,-8200,11156,-59,176,-166,-13132,3672,7100,-1011,49,-66,-13176,-6192,7120,-259,98,-184,0
2941.313555955887,8404,7208,11220,-129,-64,73,7352,-8160,11240,30,167,-163,-13280,3780,6936,-1007,77,-8,-13300,-6360,6956,-460,126,-154,0
2941.3489270210266,8120,7364,11100,-136,12,57,7232,-8072,11260,-44,127,-200,-13172,3688,7176,-982,71,-87,-13204,-6292,7160,-481,104,-184,0
2941.3848149776454,8192,7316,11400,-181,-86,58,7236,-8288,11112,-67,159,-192,-13140,3748,7128,-1002,55,-51,-13260,-6380,6728,-486,128,-162,0
2941.420023918152,8108,7320,11488,-148,-45,97,7292,-8216,11220,-46,167,-113,-13120,3692,7136,-979,78,-82,-13264,-6304,6796,-491,46,-103,0
2941.4549639225006,8120,7356,11248,-154,-23,122,7320,-8088,10788,-35,145,-136,-13108,3724,7016,-1039,136,-32,-13100,-6208,7144,-499,115,-111,0
2941.491366147995,8120,7276,11232,-156,-8,104,7276,-8164,11324,-63,112,-160,-13136,3624,7068,-1012,120,-35,-13264,-6348,6884,-482,109,-143,0
2941.524861097336,8116,7260,11460,-154,-63,68,7376,-8068,11156,-58,107,-181,-13144,3800,7120,-1004,83,-17,-13180,-6236,7144,-482,118,-160,0
2941.5584559440613,8276,7308,11280,-129,-41,60,7264,-8212,11120,-32,155,-169,-13112,3780,7056,-978,10,-26,-13256,-6140,7020,-498,117,-164,0
2941.591933965683,8204,7256,11304,-109,-76,36,7524,-8184,11168,-31,165,-195,-13188,3836,7032,-995,58,-80,-13288,-6144,6912,-501,102,-150,0
2941.6251311302185,8100,7260,11396,-136,-28,54,7312,-8188,11188,-28,140,-181,-13016,3784,7156,-1007,97,-36,-13216,-6200,6956,-481,110,-141,0
2941.6583940982814,8176,7288,11312,-147,-63,95,7408,-8132,11032,-33,140,-188,-13108,3844,6956,-1005,112,-251,-13232,-6328,6868,-478,146,-124,0
2941.691834926605,7940,7372,11276,-159,-45,118,7264,-8224,11164,-33,134,-169,-13144,3772,7112,-1008,122,-78,-13176,-6324,6948,-435,118,-129,0
2941.7267429828644,8140,7336,11348,-155,-42,113,7268,-8260,11112,-54,132,-202,-13164,3764,7164,-990,83,-62,-13212,-6292,7052,-477,143,-133,0
2941.760241985321,8048,7340,11476,-148,-56,84,7316,-8232,11212,-53,166,-178,-13048,3876,7224,-996,72,-41,-13228,-6280,7052,-488,101,-143,0
2941.793837070465,8248,7372,11216,-137,-16,99,7284,-7952,11128,-31,167,-151,-13172,3592,7416,-987,94,-51,-13168,-6260,6824,-488,84,-155,0
2941.8272099494934,8140,7196,11084,-112,-29,75,7312,-8436,11168,-24,142,-170,-13288,3744,6912,-980,64,-91,-13232,-6248,6796,-762,135,-148,0
2941.8606650829315,8420,7340,11120,-126,-40,74,7292,-8116,11208,-40,156,-160,-13304,3732,7020,-1002,87,-45,-13184,-6204,6924,-462,119,-130,0
2941.893937110901,8116,7196,11180,-142,-75,81,7176,-8124,11200,-47,151,-170,-13136,3780,7052,-984,72,-83,-13304,-6260,6948,-473,159,-146,0
2941.9274089336395,8080,7400,11096,-151,-84,98,7324,-8192,11044,-57,148,-216,-13064,3816,7176,-1005,124,-123,-13248,-6216,6984,-475,146,-120,0
2941.961077928543,8112,7292,11496,-136,-93,93,7308,-7944,11140,-48,110,-195,-13172,3764,7076,-969,84,-85,-13400,-6188,7016,-494,114,-118,0
2941.9944379329686,8092,7308,11428,-151,-63,96,7276,-8196,11056,-53,142,-167,-13188,3768,7024,-1001,83,-50,-13220,-6216,7068,-489,126,-121,0
2942.0277190208435,8048,7304,11232,-137,-72,94,7340,-8148,11156,-26,120,-173,-12980,3688,7108,-1005,87,-38,-13080,-6360,6960,-504,100,-157,0
2942.061126947403,8172,7296,11468,-152,-44,111,7244,-8052,11140,-32,140,-163,-13244,4084,7284,-1013,88,-80,-13280,-6296,6932,-510,122,-158,0
2942.0947000980377,8120,7364,11428,-144,-46,111,7304,-8264,11168,-35,157,-159,-13180,3772,7328,-1007,86,-102,-13124,-6192,7164,-483,114,-129,0
2942.1280279159546,8080,7372,11252,-127,-42,118,7308,-8192,11056,-13,115,-186,-13124,3780,7108,-1002,80,-45,-13168,-6276,6976,-477,140,-124,0
2942.1612350940704,8000,7412,11444,-101,-77,98,7252,-8128,11056,-10,143,-201,-13172,3796,7120,-1003,125,-92,-13252,-6400,7012,-499,145,-136,0
2942.194850921631,8108,7276,11408,-145,-78,110,7260,-8080,11108,-51,109,-182,-12816,3828,6912,-1008,113,-97,-13140,-6324,7088,-466,180,-105,0
2942.228210926056,8144,7444,11376,-156,-67,110,7224,-7940,11224,-49,143,-191,-13024,3712,7392,-975,131,-113,-13316,-6332,6720,-445,107,-110,0
2942.2618060112004,8092,7348,11368,-177,-87,79,7356,-8336,11172,-66,154,-182,-13184,3832,6936,-769,112,-72,-13220,-6340,6920,-504,163,-123,0
2942.295550107956,8024,7388,11500,-190,-83,97,7276,-8236,11076,-18,146,-150,-13236,3700,6956,-772,66,-40,-13236,-6380,6912,-464,145,-93,0
2942.3290219306946,8120,7180,11312,-126,-30,111,7184,-8068,11052,-40,149,-152,-13180,3648,7024,-1013,130,-60,-13212,-6400,6944,-489,96,-123,0
2942.362734079361,7936,7400,11476,-148,-63,89,7284,-8300,11076,-40,148,-180,-13108,3824,6996,-986,94,-90,-13136,-6228,6976,-523,211,-113,0
2942.3960740566254,8148,7348,11328,-195,-56,118,7236,-8148,11092,-4,129,-161,-13088,3792,7368,-1035,82,-127,-13260,-6248,7032,-476,179,-66,0
2942.429676055908,8064,7300,11316,-169,-94,140,7256,-7956,11132,246,89,-158,-13084,3676,6748,-1013,135,-51,-13152,-6316,6992,-497,163,-92,0
2942.463163137436,8092,7176,11440,-199,-67,119,7296,-8124,11088,-33,109,-167,-13056,3660,7136,-987,123,-65,-13236,-6216,7084,-452,158,-100,0
2942.4968049526215,7936,7336,11060,-188,-88,126,7308,-8164,11156,-64,148,-176,-13084,3808,7164,-960,55,-102,-13200,-6316,7128,-479,164,-119,0
2942.5343711376186,8164,7412,11340,-156,-101,95,7336,-8440,11232,14,151,-187,-13092,3756,7296,-1008,101,-129,-13228,-6244,6964,-486,215,-76,0
2942.5699241161346,8064,7316,11064,-178,-133,143,7388,-8180,11096,-6,99,-217,-13272,3716,7144,-1021,164,-138,-13304,-6276,6940,-484,195,-85,0
2942.6049060821533,8116,7288,11392,-180,-134,138,7308,-8188,11084,-26,76,-223,-13220,3860,7084,-1013,129,-131,-13244,-6208,6940,-461,221,-68,0
2942.640205144882,7992,7360,11460,-205,-142,154,7380,-8176,11232,250,96,-195,-12852,3984,6992,-1004,142,-122,-13532,-6312,6864,-485,205,-40,0
2942.6751019954686,8304,7304,11008,-196,-108,130,7432,-7960,11256,17,133,-168,-13188,3764,7232,-1042,109,-141,-13308,-6164,7136,-462,183,-73,0
2942.7107610702515,8216,7396,11064,-170,-97,139,7196,-8144,11060,3,118,-199,-13088,3764,6868,-1018,126,-95,-13244,-6296,7040,-470,174,-83,0
2942.7471439838414,8044,7464,11368,-188,-111,143,7308,-8192,11192,-34,99,-216,-13284,3744,6968,-1002,140,-99,-13208,-6208,7148,-502,184,-86,0
2942.7822999954224,8084,7364,11276,-208,-127,130,7328,-8152,11156,-29,128,-188,-13124,3748,7128,-978,92,-97,-13152,-6008,6976,-466,176,-91,0
2942.8181779384613,8444,7364,11076,-207,-148,120,7328,-8236,11256,-252,112,-188,-13120,3732,7180,-1005,106,-86,-13248,-6204,6900,-458,190,-80,0
2942.8536789417267,8160,7320,11132,-194,-140,108,7364,-8136,11056,-10,113,-203,-13100,3748,7100,-985,118,-138,-13316,-6212,6944,-503,184,-81,0
2942.8891799449925,8140,7304,11012,-187,-130,141,7360,-8096,11020,1,99,-204,-13160,3712,7024,-1279,125,-97,-13248,-6092,6892,-477,177,-116,0
2942.924199104309,8064,7388,11292,-203,-141,127,7268,-8088,11236,-17,126,-183,-12864,3588,7260,-974,131,-145,-13216,-6092,6960,-501,165,-69,0
2942.9603381156926,8224,7352,11148,-197,-120,161,7412,-8100,11152,-41,93,-171,-13124,3664,7024,-983,140,-74,-13200,-6164,6840,-507,136,-69,0
2942.9954800605774,8160,7236,11164,-194,-127,149,7364,-8444,11216,-15,94,-181,-13200,3720,7136,-1027,126,-70,-13488,-6220,6928,-480,168,-98,0
2943.0313589572906,8076,7276,11168,-185,-94,139,7264,-8044,11112,22,114,-181,-13104,3732,7044,-1042,125,-73,-13228,-6176,7004,-469,143,-107,0
2943.0675370693207,8104,7380,11372,-169,-88,114,7368,-8100,11088,-60,124,-209,-13172,3692,7076,-968,115,-58,-13304,-6216,6656,-500,167,-140,0
2943.102560043335,7980,7212,11076,-213,-83,91,7172,-8120,11160,-42,156,-201,-13184,3736,7012,-978,87,-111,-13216,-6152,7152,-472,128,-135,0
2943.138205051422,8276,7280,11152,-163,-48,112,7308,-8012,11112,-44,131,-153,-13156,3756,6948,-1022,98,-54,-13456,-5900,6796,-461,85,-121,0
2943.1743400096893,7960,7296,11204,-185,-17,115,7344,-8192,11064,-36,135,-167,-12808,3676,7016,-1041,130,-46,-13252,-6252,6888,-462,110,-124,0
2943.20765709877,8116,7212,11240,-220,-32,80,7308,-8120,11204,-70,140,-170,-13160,3668,6908,-996,91,-23,-13104,-6168,6900,-468,127,-130,0
2943.2412979602814,8148,7316,11240,-177,-40,74,7304,-8232,11124,-35,150,-174,-13124,3784,7040,-1016,77,-48,-13260,-6220,6864,-497,160,-160,0
2943.274960041046,8028,7236,11516,-188,-61,77,7212,-8040,11108,-18,128,-201,-13148,3740,6932,-1040,131,-73,-13208,-6168,6676,-481,159,-123,0
2943.308690071106,8188,7220,11176,-164,-52,84,7364,-8040,11420,-34,131,-215,-13136,3808,6956,-1009,140,-101,-13208,-6024,6980,-464,157,-122,0
2943.342134952545,8108,7356,11380,-182,-93,94,7336,-8144,11184,-60,141,-200,-13032,3764,7212,-978,109,-83,-13188,-6184,7004,-485,134,-144,0
2943.375613927841,8204,7408,11228,-202,-60,118,7296,-8160,11080,-35,152,-187,-13112,3800,7232,-989,95,-55,-13068,-6232,6716,-466,114,-136,0
2943.408710002899,8176,7264,11032,-180,-56,105,7168,-8088,11104,-30,143,-175,-13140,3752,7132,-1062,107,-64,-13236,-6244,6656,-475,146,-145,0
2943.4424519538884,8168,7468,11356,-150,-20,86,7392,-8128,11216,-46,146,-153,-13144,3780,7168,-993,95,-98,-13552,-6260,7104,-485,101,-127,0
2943.475974082947,8040,7324,11276,-177,-45,88,7304,-8072,10900,-73,150,-158,-13124,3744,6960,-993,67,-69,-13188,-6144,6984,-463,117,-143,0
2943.509593963623,7948,7268,11248,-163,-31,51,7344,-8216,11140,-58,163,-190,-13232,3676,7160,-990,83,-16,-13200,-6164,6948,-507,142,-172,0
2943.542813062668,8152,7396,11132,-163,-65,80,7268,-8268,11084,2,134,-177,-13144,3708,7220,-1001,99,-58,-13144,-6228,6944,-507,132,-155,0
2943.5764329433446,8172,7344,11188,-169,-39,101,7356,-8440,11132,-27,147,-163,-13112,3652,7076,-1012,105,-56,-13252,-6188,6844,-476,126,-132,0
2943.609871149063,8104,7356,11364,-182,-75,97,7104,-8100,11152,-45,162,-183,-13128,3660,7076,-1006,107,-58,-13224,-6132,6848,-486,123,-130,0
2943.6431879997253,8144,7352,11004,-184,-61,78,7344,-8196,11124,-75,129,-193,-13140,3708,7040,-942,79,-15,-13276,-6216,7032,-486,82,-131,0
2943.676833152771,8172,7328,11448,-177,-97,117,7272,-8012,11088,-71,117,-160,-13088,3744,7108,-1012,71,-246,-13208,-6236,6988,-259,150,-139,0
2943.7103509902954,8192,7232,11276,-187,-79,122,7392,-8272,11008,-43,120,-168,-13100,3752,7100,-1022,69,-81,-13192,-6300,6972,-485,136,-152,0
2943.743808031082,8180,7372,11252,-159,-16,53,7428,-8068,11036,-25,128,-185,-13116,3712,7112,-1009,86,-67,-13104,-6336,7036,-519,88,-156,0
2943.777388095856,8228,7312,11272,-156,-64,69,7292,-8176,11132,-57,155,-198,-13192,3760,7120,-966,62,-80,-13292,-6204,6932,-479,133,-204,0
2943.810935020447,8216,7296,11456,-199,3,69,7216,-8156,11012,-6,171,-182,-13200,3788,7100,-988,82,-50,-13180,-6232,6996,-466,103,-145,0
2943.844423055649,8092,7392,11456,-164,-28,88,7324,-8232,11028,-47,157,-178,-13288,3788,7144,-1023,78,-71,-13268,-6244,7120,-459,139,-128,0
2943.8779571056366,8080,7188,11504,-192,-42,116,7292,-8112,11220,-56,122,-159,-12972,3864,7248,-995,84,-86,-13252,-6200,7016,-486,111,-151,0
2943.9111890792847,8132,7408,11420,-197,-50,84,7328,-8104,11008,-44,301,-160,-13152,3828,6920,-969,101,-66,-13184,-6248,6688,-476,95,-178,0
2943.9447519779205,8004,7248,11032,-160,-40,95,7252,-8132,11180,-45,145,-165,-13308,3708,7152,-1003,83,-38,-13224,-6308,6932,-489,147,-124,0
2943.9782459735866,8124,7400,11444,-167,-89,76,7316,-7956,11040,-34,123,-172,-13040,3804,7180,-1277,101,-54,-13148,-6288,6820,-493,157,-133,0
2944.0117111206055,7936,7260,11192,-174,-43,80,7380,-8192,11236,-38,119,-182,-13076,3776,7120,-1034,121,-72,-13080,-6308,6944,-482,133,-131,0
2944.045000076294,8120,7272,11356,-161,-64,92,7392,-8192,11088,-36,117,-182,-13132,3884,6940,-957,-69,-93,-13276,-6248,6952,-498,153,-123,0
2944.078612089157,8072,7304,11380,-177,-42,90,7268,-7940,11236,-39,174,-173,-13144,3824,7132,-1004,137,-38,-13324,-6288,6940,-508,153,-131,0
2944.1122031211853,7940,7264,11012,-167,-79,133,7324,-8180,11216,-53,132,-191,-13040,3788,7180,-1010,92,-72,-13172,-6296,7020,-493,169,-114,0
2944.1456091403966,8016,7252,11268,-164,-74,112,7308,-8404,11148,-46,152,-159,-13252,4080,6956,-995,111,-81,-13236,-6352,6868,-495,127,-132,0
2944.1789770126343,8184,7320,11312,-169,-60,79,7392,-8164,11152,-45,146,-169,-13152,3788,7196,-978,80,-89,-13276,-6220,6816,-490,125,-130,0
2944.2170691490173,8116,7376,11368,-198,-41,78,7276,-8140,11156,-49,142,-176,-13208,3804,7092,-988,61,-80,-13144,-6256,7092,-498,134,-145,0
2944.2524330616,8144,7320,11208,-174,-77,79,7340,-8180,11024,-14,148,-179,-13280,3760,7020,-990,102,-64,-13164,-6192,6956,-506,142,-126,0
2944.2884171009064,8084,7368,11364,-176,-48,96,7328,-8172,10800,-13,157,-190,-13276,3756,7348,-987,60,-81,-13192,-6300,6980,-486,134,-122,0
2944.3238921165466,8044,7336,11348,-182,-81,120,7312,-8116,11180,-12,155,-195,-13172,3752,6912,-1016,104,-102,-13128,-6176,6968,-493,168,-153,0
2944.3597419261932,8076,7268,11396,-170,-78,107,7344,-8176,11384,-20,148,-183,-13096,3784,7216,-983,109,-28,-13180,-6356,6936,-496,142,-85,0
2944.3949270248413,8104,7288,11360,-174,-78,104,7332,-8144,11052,-49,123,-173,-13116,3768,7100,-974,79,-80,-13068,-6324,6820,-484,137,-133,0
2944.4301230907445,8384,7428,11276,-189,-60,132,7312,-8092,11060,-72,146,-156,-13216,3736,7140,-993,59,-54,-13092,-6252,7020,-486,121,-105,0
2944.4653611183167,8116,7260,11208,-200,-36,110,7368,-8156,11452,-34,135,-163,-13152,3784,7416,-1025,54,-84,-13156,-6264,6824,-480,143,-111,0
2944.5009529590607,8068,7204,11132,-197,-43,118,7324,-8048,11188,2,170,-193,-13088,3656,7396,-1015,58,-110,-13200,-6356,6968,-500,123,-135,0
2944.5371000766754,8104,7420,11392,-185,-52,90,7308,-7996,11064,-69,171,-188,-13112,3816,7168,-1007,54,-91,-13216,-6248,6960,-484,153,-122,0
2944.572466135025,8072,7344,11372,-216,-50,93,7232,-8152,11232,-30,128,-179,-12824,3756,7032,-1021,118,-96,-13132,-6140,6952,-469,192,-109,0
2944.6081891059875,8088,7276,11296,-207,-66,116,7264,-8144,11204,0,147,-170,-13052,3808,7040,-1000,123,-87,-13240,-6344,7148,-469,147,-100,0
2944.6434140205383,8016,7356,11372,-232,-44,155,7260,-8388,11048,-30,102,-181,-13128,3824,7036,-1002,150,-52,-13108,-6296,6972,-449,127,-73,0
2944.6793179512024,8120,7392,11316,-7,-86,141,7336,-8412,11124,-67,108,-181,-13108,3784,7228,-997,129,-77,-13192,-6244,6964,-476,138,-73,0
2944.7145280838013,7940,7172,11360,-196,-77,143,7332,-8160,11096,-8,159,-189,-12836,3792,7044,-977,84,-106,-13168,-6300,6912,-497,180,-84,0
2944.749964952469,8020,7284,11408,-176,-128,145,7332,-8192,11036,21,100,-219,-13080,3744,7040,-1012,104,-111,-13172,-6152,6928,-486,222,-79,0
2944.7854170799255,8136,7296,11280,-199,-123,132,7332,-8088,11128,-255,66,-508,-13028,3772,7132,-1009,132,-129,-13200,-6236,6736,-481,214,-83,0
2944.8209640979767,7944,7204,11252,-197,-167,148,7336,-8244,11012,-252,83,-213,-13204,3828,7008,-1017,120,-134,-13236,-6188,6976,-477,173,-75,0
2944.8573429584503,7944,7192,11212,-209,-104,158,7348,-8164,11224,8,128,-224,-13148,3832,7080,-1038,112,-107,-13192,-6244,7100,-505,180,-66,0
2944.890865087509,8168,7292,11224,-198,-123,139,7352,-8148,11172,-255,157,-183,-13148,3672,7044,-1013,90,-147,-13296,-6340,6816,-487,198,-64,0
2944.924493074417,8184,7400,11536,-221,-116,158,7348,-7992,11172,-39,102,-181,-13072,3752,7264,-1003,141,-77,-13164,-6192,6828,-457,140,-74,0
2944.9580841064453,8224,7368,11228,-200,-98,128,7308,-8076,11220,-52,135,-182,-13096,3684,7376,-976,132,-100,-13296,-6344,6944,-489,140,-59,0
2944.9916100502014,8204,7176,11388,-208,-110,127,7640,-8160,11208,1,98,-180,-13212,3736,7036,-1047,99,-122,-13116,-6240,6976,-495,175,-90,0
2945.0248670578003,8068,7288,11240,-185,-123,145,7284,-8124,11156,47,141,-177,-13048,3588,6996,-1007,101,-91,-13124,-6280,7128,-460,173,-68,0
2945.058320045471,8172,7344,11432,-194,-89,145,7140,-8144,11152,-15,117,-214,-12888,3680,7084,-993,147,-92,-13252,-6396,7100,-488,178,-68,0
2945.0918331146245,8096,7264,11272,-219,-133,160,7348,-8172,11160,-42,116,-185,-13168,3724,7120,-997,125,-135,-13232,-6320,6988,-261,185,-70,0
2945.12540602684,8196,7124,11408,-167,-117,157,7584,-8168,11220,-3,81,-170,-13092,3764,7124,-984,144,-111,-13224,-6304,6872,-480,157,-63,0
2945.1587901115417,8224,7300,11244,-206,-114,146,7280,-8120,11056,-11,114,-194,-13176,3828,7136,-1007,117,-75,-13312,-6124,7000,-455,170,-75,0
2945.192279100418,8120,7280,11292,-234,-82,175,7280,-8180,11172,-9,114,-186,-13160,3760,7016,-978,148,-70,-13156,-6192,6820,-472,156,-76,0
2945.2257499694824,8104,7348,11364,-197,-89,142,7364,-8060,10896,-36,78,-155,-12904,3648,6920,-1280,148,-86,-13304,-6208,6900,-508,125,-72,0
2945.259552001953,8056,7188,11244,-159,-136,136,7296,-8192,10940,-39,91,-169,-13080,3716,7072,-1024,135,-122,-13168,-6260,6980,-510,195,-86,0
2945.2931320667267,8100,7296,11472,-200,-75,105,7340,-8120,11128,251,108,-201,-13108,3652,7356,-1018,128,-152,-13248,-6228,6888,-494,187,-94,0
2945.326728105545,8104,7276,11308,-190,-119,125,7236,-8120,11148,-31,116,-243,-13120,3676,7132,-1022,138,-131,-13268,-6156,6900,-477,244,-59,0
2945.360258102417,8148,7300,11292,-222,-139,158,7388,-8168,11104,-30,88,-245,-13224,3884,7048,-1000,148,-118,-13168,-6300,6928,-460,223,-69,0
2945.393733024597,8168,7288,11200,-218,-168,144,7388,-8144,11036,-30,107,-228,-13116,3688,7028,-986,168,-122,-13244,-6216,6940,-463,168,-74,0
2945.4274151325226,8212,7276,11372,-186,-152,137,7292,-8124,11152,-53,131,-218,-13196,3644,6968,-1035,158,-79,-13316,-6168,7056,-472,109,-93,0
2945.4609310626984,8216,7276,11332,-181,-71,85,7384,-8420,11188,-58,134,-190,-13116,3704,7152,-983,59,-90,-13308,-6088,6872,-258,129,-131,0
2945.4943740367894,8252,7356,11216,-168,-67,107,7360,-8104,11224,-2,151,-147,-12832,3708,7024,-1006,114,-34,-13252,-6236,6752,-453,73,-122,0
2945.527964115143,8228,7312,11152,-160,-28,90,7344,-8064,11048,-80,116,-165,-13160,3704,7376,-1038,170,-250,-13288,-6344,7164,-487,135,-106,0
2945.56147313118,8160,7272,11188,-201,-26,77,7472,-8096,11184,-4,168,-176,-13084,3740,6980,-986,86,-56,-13232,-5932,6816,-510,145,-119,0
2945.5950400829315,8136,7316,11116,-145,-22,116,7280,-8040,11132,-40,153,-144,-13136,3748,6904,-1280,147,-88,-13224,-6248,6836,-464,116,-95,0
2945.6285030841827,8264,7328,11072,-193,-32,144,7292,-8128,11080,-36,111,-171,-13136,3680,7132,-1031,156,-67,-13172,-6176,6916,-484,106,-144,0
2945.6620049476624,8148,7308,11380,-182,-28,96,7168,-8108,11108,-50,170,-167,-13156,3724,7068,-1015,123,-41,-13292,-6232,6852,-489,113,-158,0
2945.6955399513245,8108,7420,11144,-148,-32,64,7388,-8232,11228,-13,167,-158,-13168,3792,6916,-984,104,-75,-13268,-6208,6948,-506,109,-161,0
2945.7290110588074,8392,7348,11304,-125,-16,54,7356,-8180,11092,-38,176,-181,-13216,3748,6948,-981,58,-91,-13240,-6148,7112,-495,105,-170,0
2945.7626860141754,8116,7220,11364,-181,-9,39,7292,-8120,11160,-25,165,-198,-13060,3808,7072,-1011,95,-90,-13228,-6388,6960,-484,135,-168,0
2945.796590089798,8088,7260,11508,-183,-34,83,7484,-8160,11152,-29,116,-183,-13100,3984,6972,-996,110,-68,-13244,-6296,7140,-500,151,-155,0
2945.8328409194946,8184,7288,11276,-164,-62,107,7280,-8188,10968,-34,129,-175,-13124,3756,7148,-1001,102,-53,-13156,-6212,6784,-471,148,-132,0
2945.869333982468,8176,7272,11392,-130,-54,80,7336,-8100,11288,-99,148,-189,-13152,3764,7144,-1008,97,-60,-13280,-6196,6944,-495,140,-141,0
2945.9043850898743,8196,7204,11088,-137,-61,50,7388,-8052,11112,-43,200,-148,-13192,3768,7012,-1007,85,-13,-13324,-6164,7012,-760,116,-173,0
2945.939968109131,8100,7228,11168,-159,-8,72,7376,-8164,11016,-20,181,-170,-13068,3732,7396,-998,90,-84,-13356,-6200,6868,-469,122,-177,0
2945.9748990535736,7940,7356,11196,-203,-24,75,7308,-8052,11024,-45,158,-169,-13088,3800,7156,-992,91,-28,-13152,-6292,6976,-481,91,-149,0
2946.0103559494014,8208,7280,11452,-148,-38,78,7280,-8164,11184,-63,144,-141,-13148,3668,6876,-1007,27,-77,-13224,-6240,6892,-533,125,-159,0
2946.045515060425,8140,7372,11212,-142,-58,95,7368,-7940,11180,-48,110,-175,-13152,3744,7032,-1005,95,-22,-13192,-6152,7148,-508,91,-141,0
2946.0812849998474,8132,7328,11348,-125,-83,90,7352,-8068,11148,-65,141,-158,-13136,3728,7336,-972,248,-39,-13256,-6292,7128,-492,109,-149,0
2946.1176619529724,8156,7336,11368,-158,-8,58,7324,-8108,11132,-71,119,-176,-13208,3596,7240,-885,-94,-7,-13184,-5948,7032,-478,86,-157,0
2946.1525020599365,8168,7284,11356,-173,1,89,7396,-8132,10948,-35,169,-145,-13116,3884,7028,-1013,55,-50,-13312,-6308,7064,-481,100,-160,0
2946.187705039978,7992,7196,11480,-135,8,107,7332,-8160,11068,-35,131,-148,-13112,3756,7012,-1004,83,-16,-13196,-6264,7004,-464,104,-134,0
2946.223093032837,8380,7428,11292,-169,-45,85,7304,-8160,11240,-79,147,-159,-13288,3832,7100,-983,70,-60,-13204,-6304,7120,-491,91,-143,0
2946.258964061737,8064,7292,11344,-143,-58,96,7260,-8200,11072,-74,176,-172,-13172,3844,7024,-989,90,-56,-13116,-6288,6948,-502,167,-162,0
2946.294090986252,8116,7284,11312,-150,-60,93,7248,-8144,11148,-24,126,-187,-13300,3996,7288,-1031,121,-72,-13296,-6340,6860,-509,182,-106,0
2946.3295390605927,8056,7312,11308,-135,-44,103,7224,-8136,10996,-44,97,-198,-13012,3756,7380,-1016,141,-75,-13200,-6216,6964,-760,186,-114,0
2946.3646941185,8088,7320,11516,-173,-87,102,7152,-8204,11168,-10,116,-177,-12844,3772,6912,-1037,143,-86,-13088,-6260,6924,-479,158,-134,0
2946.400663137436,8212,7328,11480,-204,-31,88,7404,-8028,11144,-26,142,-167,-13132,3772,7072,-978,48,-57,-13260,-6348,6976,-493,170,-138,0
2946.4361259937286,8176,7368,11348,-183,-65,106,7336,-8104,11164,-28,113,-181,-13184,3760,7064,-1005,132,-67,-13264,-6376,6888,-463,149,-142,0
2946.471771001816,8188,7328,11300,-185,-52,110,7284,-8100,11140,-64,113,-165,-13100,3732,7140,-980,80,-53,-13300,-6244,6876,-486,140,-143,0
2946.507772922516,8056,7312,11368,-183,-57,92,7356,-8112,11128,-49,150,-149,-13164,3784,7168,-976,97,-102,-13188,-6256,7016,-474,153,-133,0
2946.5433559417725,8124,7364,11416,-206,-55,104,7312,-8108,11308,-17,177,-168,-13152,3888,7016,-1024,75,-84,-13276,-6328,7076,-489,184,-86,0
2946.5771679878235,8168,7332,11448,-204,-69,128,7300,-8136,10988,12,146,-155,-13104,3736,7124,-993,73,-71,-13192,-6228,6856,-462,149,-76,0
2946.610680103302,8104,7304,11512,-189,-99,155,7316,-8068,11024,-8,124,-188,-13184,3796,7020,-1009,102,-87,-13180,-6320,7052,-479,214,-57,0
2946.643979072571,8080,7352,11352,-196,-136,130,7228,-8164,11108,-39,96,-189,-13164,3668,7168,-1009,148,-119,-13108,-6212,7004,-502,207,-67,0
2946.677572965622,8036,7328,11136,-190,-151,147,7348,-8160,11144,-39,114,-201,-13124,3816,7052,-1014,137,-144,-13208,-6300,7152,-449,197,-76,0
2946.7111990451813,8128,7384,11044,-201,-67,166,7372,-8156,11060,-40,136,-172,-13108,3776,7076,-997,110,-67,-13304,-6216,6756,-485,159,-66,0
2946.74454498291,8264,7236,11424,-206,-102,176,7384,-8240,11040,-14,145,-174,-13108,3768,7180,-1016,110,-61,-13252,-6232,6696,-496,176,-66,0
2946.778408050537,8016,7288,11308,-246,-72,144,7288,-8096,11300,252,105,-169,-13104,3688,7296,-1015,125,-77,-13160,-6196,7032,-444,163,-76,0
2946.8119101524353,8064,7376,11512,-199,-47,125,7596,-8124,11256,-17,129,-177,-13056,3736,6988,-997,119,-133,-13292,-6296,6760,-488,174,-67,0
2946.845541000366,8052,7248,11248,-226,-109,110,7372,-8052,11208,25,137,-209,-13144,3748,7168,-968,103,-169,-13320,-6072,7004,-490,187,-93,0
2946.8791210651398,8120,7348,11440,-170,-90,145,7336,-8112,11128,-8,152,-188,-13148,3780,7028,-1030,136,-120,-13268,-6240,6892,-471,177,-87,0
2946.9120769500732,8092,7244,11268,-184,-145,169,7280,-8156,11148,-255,94,-183,-13164,3832,7008,-994,155,-94,-13292,-6316,6840,-452,111,-83,0
2946.945542097092,8176,7372,11384,-206,-93,146,7300,-8008,11120,-42,125,-175,-13016,3684,7244,-962,117,-102,-13188,-6308,6856,-457,152,-64,0
2946.979164123535,8092,7340,11236,-211,-100,150,7200,-8200,11156,-42,151,-189,-13160,3688,7056,-1008,112,-134,-13252,-6216,6904,-767,173,-84,0
2947.012475967407,8160,7280,11396,-177,-120,122,7192,-8172,11144,18,97,-206,-13032,3784,7108,-1023,113,-123,-13248,-6184,6960,-766,203,-85,0
2947.0460131168365,8136,7260,11232,-173,-130,170,7316,-8108,11184,5,105,-200,-13080,3828,7128,-1034,164,-65,-13116,-6252,6680,-259,192,-52,0
2947.0797181129456,8168,7356,11144,-206,-182,162,6976,-8072,10760,-10,89,-219,-13020,3704,7212,-965,139,-151,-13156,-6296,7004,-476,219,-48,0
2947.1126480102535,8188,7308,11360,-228,-121,147,7376,-8244,11212,-11,126,-206,-13160,3824,7096,-1000,183,-94,-13288,-6160,6720,-472,192,-49,0
2947.1458349227905,8380,7240,11276,-207,-140,143,7380,-8120,11120,-6,140,-204,-13180,3728,7160,-1000,130,-88,-13524,-6192,6752,-494,220,-75,0
2947.1794199943542,8176,7312,11424,-188,-145,141,7288,-8032,11184,-25,118,-200,-13164,3780,7116,-1002,134,-97,-13276,-6208,6872,-471,165,-87,0
2947.2128579616547,8128,7308,11060,-211,-100,143,7420,-8116,11160,-52,114,-183,-13148,3780,7068,-973,130,-118,-13092,-6208,6960,-479,119,-104,0
2947.2465679645534,8136,7268,11272,-191,-129,110,7304,-8188,11112,-39,102,-195,-13216,3776,7032,-994,96,-90,-13324,-6168,7044,-494,165,-116,0
2947.2801089286804,8120,7204,11328,-171,-112,124,7332,-8092,11172,-13,107,-178,-13100,3604,6928,-1017,128,-102,-13116,-6356,7152,-502,136,-68,0
2947.3134911060333,7940,7308,11296,-168,-111,127,7400,-8104,11232,-26,124,-202,-12980,3704,7060,-990,101,-80,-13244,-6268,7072,-480,154,-114,0
2947.347382068634,8116,7264,11276,-165,-92,118,7184,-8172,11160,-51,103,-205,-13064,3788,7096,-988,111,-65,-13308,-6124,6840,-490,127,-134,0
2947.380945920944,8264,7360,11300,-158,-111,92,7300,-8032,10760,-62,101,-194,-13112,3796,7132,-999,106,-78,-13192,-6216,6888,-512,142,-146,0
2947.414157152176,8132,7136,11308,-162,-78,84,7260,-7960,11048,-42,171,-167,-13204,3744,7056,-1008,95,-95,-13484,-6232,6668,-494,146,-107,0
2947.4476370811462,8092,7296,11500,-200,-13,91,7372,-8076,11084,-62,163,-175,-13104,3760,7092,-1011,111,-48,-13348,-6192,6876,-500,108,-137,0
2947.481158018112,8276,7356,11224,-200,-60,115,7168,-7940,11148,-63,147,-157,-13160,3984,7172,-1004,128,-9,-13240,-6236,6856,-497,99,-138,0
2947.514678001404,8104,7240,11304,-187,-68,93,7420,-8076,11124,-38,129,-167,-13108,3716,7164,-1275,70,-71,-13080,-6232,7144,-471,105,-179,0
2947.55069899559,8056,7232,11280,-152,9,62,7388,-8100,11196,-10,159,-155,-13208,3740,6960,-1271,86,-16,-13192,-6276,6908,-260,96,-188,0
2947.5856280326843,8160,7272,11340,-165,-40,78,7388,-8180,11160,-53,168,-201,-13168,3804,6920,-960,43,-58,-13176,-6204,7048,-486,138,-175,0
2947.6208579540253,8088,7232,11304,-213,253,67,7280,-8216,11052,-14,142,-177,-13108,3692,7108,-1016,78,-67,-13496,-6168,6904,-465,113,-138,0
2947.656145095825,8152,7312,11284,-158,-66,94,7348,-8092,11120,-9,155,-144,-12880,3692,7012,-1002,72,-51,-13156,-6292,6900,-498,84,-130,0
2947.6922841072083,8068,7284,11276,-196,-6,110,7400,-8104,11112,-59,133,-170,-13144,3792,7096,-960,88,-3,-13296,-6304,7012,-471,76,-143,0
2947.7280609607697,8176,7352,11356,-166,-23,78,7468,-8144,11176,-111,113,-147,-13196,3796,6984,-979,57,-80,-13160,-6276,6656,-529,96,-174,0
2947.7632961273193,8136,7224,11288,-123,-30,67,7368,-8084,11048,-26,159,-186,-13104,3648,7076,-1014,60,-53,-13268,-6292,6932,-503,121,-170,0
2947.7992820739746,8124,7300,11392,-147,-74,91,7340,-8148,11044,-22,164,-196,-13012,3756,6964,-1012,64,-84,-13176,-6312,6848,-498,139,-145,0
2947.8341860771175,8140,7336,11264,-149,-107,63,7288,-8188,11048,-58,219,-161,-13188,3684,7048,-1006,90,-34,-13372,-6240,6984,-492,140,-110,0
2947.8694999217987,8344,7260,11080,-149,-64,77,7360,-8400,11128,-45,148,-178,-13124,3820,6940,-1022,80,-89,-13268,-6276,7160,-509,135,-136,0
2947.904605150223,8100,7288,11444,-165,-77,87,7308,-8144,11088,-41,170,-169,-13112,3748,7116,-1010,40,-27,-13292,-6236,6672,-471,149,-147,0
2947.940603017807,8112,7308,11288,-173,-57,74,7344,-8140,11196,-26,174,-182,-13128,3800,7364,-1000,67,-82,-13264,-6264,6952,-489,136,-138,0
2947.975559949875,8192,7300,11252,-173,-56,82,7380,-8132,11144,-46,180,-154,-13156,3792,7136,-1025,72,-42,-13152,-6368,7028,-515,119,-148,0
2948.0111660957336,8032,7268,11416,-159,-69,92,7384,-8104,11052,-64,164,-170,-13084,3688,7124,-1010,73,-106,-13176,-6208,6960,-469,131,-137,0
2948.047173023224,8112,7232,11284,-140,-48,113,7288,-8180,11124,-56,147,-172,-13168,3788,7196,-1007,65,-44,-13200,-6304,7052,-487,119,-144,0
2948.082382917404,8120,7344,11328,-132,-82,125,7360,-8164,11120,-52,120,-180,-13076,3780,7156,-1030,77,-70,-13196,-6280,6996,-506,169,-130,0
2948.11824798584,8368,7336,11280,-152,-86,84,7236,-8184,11060,-66,116,-200,-12920,4044,7164,-1001,64,-89,-13268,-6280,6984,-518,135,-120,0
2948.1536490917206,8152,7196,11244,-112,-99,119,7236,-8176,11292,-98,89,-169,-13052,3792,7184,-1030,42,-55,-13264,-6260,6976,-503,151,-148,0
2948.1910281181335,8348,7364,11372,-109,-121,115,7376,-8184,11156,-96,81,-195,-13076,3592,7264,-1031,89,-73,-13216,-6284,6824,-755,142,-137,0
2948.2242591381073,8104,7296,11304,-137,-87,106,7264,-8148,11016,-85,103,-180,-13236,3796,7052,-971,72,-83,-13148,-6312,7144,-478,98,-133,0
2948.2581009864807,8040,7336,11296,-141,-61,115,7188,-8096,11152,-99,112,-147,-13104,3700,7176,-976,127,-38,-13232,-6216,6740,-484,118,-125,0
2948.2916100025177,8096,7256,11440,-165,-82,99,7304,-8204,11076,-78,136,-172,-13112,3788,7216,-1021,53,-13,-13200,-6196,6952,-501,136,-123,0
2948.32496714592,7980,7268,11384,-192,-72,119,7320,-8012,11168,-63,146,-163,-13084,4088,6920,-1022,-32,-60,-13200,-6528,6672,-495,132,-148,0
2948.358577013016,8052,7384,11144,-156,-28,88,7284,-8132,11164,-47,164,-158,-13164,3792,7360,-1023,101,-41,-13176,-6332,7092,-509,125,-149,0
2948.3916630744934,8088,7400,11492,-167,-66,44,7424,-8172,11148,-86,139,-181,-13140,3872,7188,-963,94,-68,-13136,-6228,6984,-490,153,-130,0
2948.424814939499,8008,7224,11452,-193,-24,113,7280,-8212,11064,-14,154,-152,-13080,3824,7072,-1003,91,-84,-13200,-6304,6988,-475,160,-130,0
2948.4583871364594,8120,7304,11296,-205,-39,130,7328,-8144,11216,-19,126,-182,-13064,3680,7220,-1008,87,-142,-13208,-6272,6976,-476,154,-90,0
2948.491786956787,8112,7332,11256,-213,-88,164,7216,-8120,11184,-60,139,-181,-13028,3808,7272,-958,67,-83,-13248,-6332,6860,-464,158,-83,0
2948.5250260829926,8036,7276,11376,-237,-113,132,7332,-8216,11168,-57,155,-193,-13144,3748,7256,-959,122,-82,-13196,-6200,6856,-465,157,-73,0
2948.5585770606995,8136,7392,11328,-194,-103,119,7304,-8192,11152,-20,129,-171,-13064,3812,7084,-1017,134,-113,-13160,-6216,6944,-477,176,-78,0
2948.591984987259,8016,7276,11380,-209,-87,171,7212,-8140,11064,35,130,-180,-13040,3756,7168,-1280,165,-141,-13172,-6244,6984,-502,190,-54,0
2948.625191926956,8076,7248,11364,-197,-52,169,7360,-8236,11112,244,93,-189,-12940,3796,6948,-988,155,-99,-13108,-6236,6980,-496,201,-60,0
2948.658527135849,8348,7236,11052,-227,-139,186,7336,-8180,11036,14,113,-190,-13060,3644,6980,-1000,155,-115,-13248,-6292,6872,-464,173,-47,0
2948.6920740604405,8360,7316,11264,-209,-116,159,7360,-8100,10952,20,150,-187,-13168,3736,7120,-1001,155,-134,-13280,-6244,6908,-491,199,-49,0
2948.72549700737,8168,7256,11340,-191,-161,141,7172,-8084,11208,19,137,-208,-13028,3756,7168,-984,136,-150,-13232,-6248,6824,-472,195,-55,0
2948.7590720653534,8264,7396,11168,-189,-131,153,7272,-8096,11120,-28,124,-205,-13112,3644,7332,-1009,129,-91,-13244,-6332,6892,-460,168,-73,0
2948.792289018631,8076,7288,11340,-207,-136,112,7240,-8240,11204,-71,157,-209,-13128,3744,7136,-980,114,-90,-13100,-6248,6940,-501,144,-92,0
2948.8256330490112,8416,7240,11116,-210,-105,109,7384,-8168,11196,-11,99,-199,-13076,3864,7224,-984,144,-90,-13232,-6232,6992,-257,156,-57,0
2948.859164953232,7940,7332,11412,-187,-116,135,7272,-8192,11172,-251,101,-200,-13288,4040,6668,-1018,126,-143,-13264,-6200,7012,-502,152,-42,0
2948.892466068268,8064,7280,11316,-173,-134,146,7320,-8148,11024,-16,86,-195,-13200,3764,7032,-1008,150,-100,-13248,-6160,7008,-487,182,-72,0
2948.9258100986485,8240,7260,11092,-196,-130,157,7240,-8420,11052,-13,114,-186,-13104,3776,7020,-1012,172,-118,-13272,-6232,6804,-501,177,-58,0
2948.9592530727386,8240,7248,11480,-191,-168,166,7424,-8436,11136,-6,133,-198,-13060,3800,6992,-1028,191,-138,-13324,-6312,7008,-507,214,-56,0
2948.9927151203156,8240,7304,11388,-180,-155,184,7360,-8248,11208,-10,67,-194,-13308,3752,6952,-1033,134,-131,-13244,-6220,6964,-490,173,-81,0
2949.0263879299164,7980,7280,11332,-164,-154,148,7360,-8188,11120,255,87,-182,-13080,3796,7244,-1006,132,-109,-13260,-6244,7000,-765,154,-94,0
2949.0599200725555,8008,7352,11220,-215,-153,147,7440,-8124,11040,-28,103,-191,-13160,3756,7184,-1012,138,-82,-13308,-6228,6672,-480,174,-86,0
2949.093657016754,8360,7288,11272,-208,-119,131,7348,-8168,11128,-43,114,-199,-13212,3704,7044,-1000,150,-57,-13216,-5940,6956,-484,124,-92,0
2949.1272311210632,8184,7200,11332,-180,-138,123,7364,-8416,11168,-35,117,-190,-13144,3896,7160,-1012,138,-118,-13148,-6376,6836,-506,141,-76,0
2949.1605291366577,8444,7308,11268,-230,-134,127,7404,-8192,11140,-17,89,-204,-13104,3740,7012,-993,86,-145,-13120,-6280,7104,-488,157,-99,0
2949.1941311359406,8132,7240,11232,-162,-107,105,7356,-8072,10920,-38,115,-198,-13060,3752,7044,-974,147,-99,-13280,-6236,6900,-466,156,-79,0
2949.230005979538,8228,7268,11380,-208,-174,104,7288,-8184,11096,-48,130,-244,-13108,3820,7368,-941,145,-102,-13288,-6128,6824,-492,183,-107,0
2949.2648501396175,8312,7092,11084,-174,-95,108,7336,-8068,11004,-52,167,-185,-13108,3784,7120,-1018,115,-52,-13232,-6072,6780,-486,103,-115,0
2949.3000490665436,8248,7624,11232,-157,-43,96,7416,-8016,11068,-16,151,-140,-13196,3676,6972,-1030,121,18,-13256,-6272,6896,-472,80,-128,0
2949.335011959076,8168,7272,11244,-198,-2,103,7392,-8184,11148,-16,176,-128,-13188,3856,7088,-1003,92,-70,-13232,-6224,6840,-501,87,-138,0
2949.3708670139313,8432,7228,11344,-174,-30,87,7216,-8136,11244,-22,186,-164,-13216,3676,7140,-995,77,-1,-13128,-6216,7144,-502,108,-167,0
2949.4061131477356,8240,7224,11120,-140,-52,55,7280,-8168,11060,-42,161,-164,-13040,3732,7064,-1033,127,-71,-13228,-6104,7020,-474,176,-141,0
2949.4417531490326,8224,7176,11160,-161,-64,96,7260,-8100,11144,-54,139,-190,-13084,3604,7252,-1026,154,-27,-13204,-6280,7032,-494,142,-120,0
2949.4777071475983,8300,7388,11380,-147,-105,94,7356,-8428,11016,-33,132,-180,-13164,4028,7248,-997,113,-59,-13236,-6208,7004,-472,128,-127,0
2949.512789964676,8424,7296,11388,-149,-6,64,7284,-8400,11120,-41,171,-205,-13072,3836,7128,-1019,112,-16,-13228,-6244,6820,-503,120,-157,0
2949.5476720333095,8264,7224,11336,-150,-47,91,7468,-8268,11252,-28,166,-161,-13132,4036,7040,-1022,68,-49,-13268,-6300,6916,-507,100,-157,0
2949.5833771228786,8032,7276,11284,-147,-18,82,7352,-8072,11080,-29,135,-147,-12844,3772,7052,-1022,79,-46,-13204,-6256,6780,-499,75,-145,0
2949.6192660331726,8128,7236,11332,-127,-45,60,7304,-8124,11068,-47,154,-158,-13064,3740,7372,-999,50,-45,-13244,-6232,7108,-505,91,-163,0
2949.6540200710297,8156,7264,11328,-137,-43,66,7436,-8088,11060,-68,189,-195,-13168,3704,7164,-962,95,-36,-13240,-6164,6952,-494,115,-178,0
2949.689203977585,8140,7284,11224,-107,-61,63,7316,-8148,11112,-48,163,-183,-13084,3772,6984,-992,66,-94,-13372,-6176,6956,-503,111,-151,0
2949.7244260311127,7964,7228,11344,-148,-14,83,7348,-8160,11112,-33,162,-164,-13100,3776,7080,-1011,80,-45,-13280,-6224,6884,-497,115,-148,0
2949.760169029236,8204,7332,11140,-164,-23,97,7336,-8056,11016,-12,148,-172,-13132,3816,7076,-1008,80,-74,-13260,-6312,6872,-491,118,-153,0
2949.7955279350285,8116,7404,11108,-132,-38,68,7344,-8016,11020,-40,134,-148,-13060,3776,7396,-1022,108,-68,-13116,-6244,6744,-473,98,-142,0
2949.8313980102535,8164,7340,11492,-141,-50,64,7284,-8184,11172,-37,170,-171,-13168,3836,7088,-770,110,-38,-13272,-6300,6948,-487,82,-154,0
2949.8677661418915,7948,7280,11368,-130,-57,102,7288,-8108,11128,-88,107,-141,-13120,3780,7120,-999,79,-5,-13244,-6140,6888,-505,93,-154,0
2949.9031569957733,8428,7408,11408,-145,-27,90,7360,-8288,11100,-40,107,-147,-13096,3832,7104,-1022,97,-41,-13172,-6296,6952,-508,110,-173,0
2949.9367060661316,8324,7376,11320,-139,-38,85,7312,-8092,11244,-3,125,-166,-13160,3756,7108,-1279,73,-80,-13144,-6280,6944,-495,83,-152,0
2949.970371961593,8188,7348,11388,-116,-43,81,7396,-8164,11200,-53,162,-149,-13124,3680,7000,-1009,52,-62,-13164,-6352,7160,-501,121,-190,0
2950.003853082657,8048,7264,11236,-146,-7,50,7300,-8176,11064,-61,131,-197,-13120,3776,7064,-972,35,-39,-13196,-6200,7012,-480,119,-165,0
2950.0374569892883,8204,7268,11380,-128,-3,59,7360,-8356,11044,-46,164,-160,-13076,3784,7020,-1044,85,-60,-13060,-6300,6656,-493,129,-128,0
2950.0707931518555,8308,7432,11268,-154,-34,103,7392,-8192,11088,-35,160,-151,-13032,3840,7092,-775,89,-59,-13220,-6304,7120,-472,97,-151,0
2950.1043100357056,8264,7320,11260,-158,-19,78,7280,-8408,11040,-58,137,-163,-13096,3768,7076,-970,60,-55,-13188,-6308,6968,-495,91,-174,0
2950.137507915497,8116,7288,11464,-155,-44,77,7388,-8180,11232,-64,159,-140,-13140,3848,7180,-977,64,-51,-13232,-6264,7132,-488,124,-156,0
2950.171056985855,8116,7276,11448,-152,-77,73,7252,-8132,11200,-54,126,-165,-13056,3748,7400,-990,40,-46,-13308,-6192,6844,-508,151,-147,0
2950.2046999931335,8068,7304,11204,-148,-29,89,7284,-7948,11196,13,147,-184,-13012,3724,7080,-1045,104,-117,-13192,-6276,6944,-518,150,-130,0
2950.2383029460907,8148,7356,11172,-124,-104,114,7184,-8144,11252,-42,131,-192,-13152,3716,7068,-1050,118,-96,-13136,-6384,6944,-473,155,-120,0
2950.2717089653015,8148,7376,11312,-145,-42,97,7288,-8120,11172,-25,135,-175,-13144,3824,7216,-997,86,-79,-13204,-6240,6888,-491,137,-142,0
2950.30530500412,8188,7352,11260,-142,-47,86,7388,-8180,11300,-40,165,-165,-13168,3756,7008,-1013,85,-58,-13236,-6392,6864,-468,129,-139,0
2950.3389580249786,8084,7308,11400,-156,-32,107,7396,-8276,11156,-26,132,-173,-13296,3720,7040,-1048,107,-52,-13248,-6224,7156,-507,136,-147,0
2950.372476100921,8108,7400,11508,-181,-34,102,7288,-8116,11124,-39,147,-164,-13000,3756,7168,-982,61,-83,-13228,-6356,7028,-462,120,-111,0
2950.4057610034943,8116,7340,11344,-192,-40,96,7248,-8144,11192,-24,167,-193,-13096,3828,7320,-968,250,-117,-13168,-6312,7052,-486,164,-129,0
2950.4392669200897,8168,7336,11268,-202,-55,138,7360,-8200,11200,-27,154,-195,-12948,3812,7092,-972,87,-47,-13148,-6552,7012,-500,157,-66,0
2950.472820043564,8128,7632,11416,-199,-117,133,7372,-8156,11136,-3,131,-184,-13104,3792,7084,-977,95,-88,-13200,-6316,6960,-484,179,-66,0
2950.5065569877625,8124,7320,11380,-207,-137,145,7240,-8116,10808,-47,133,-203,-13084,3748,7084,-958,98,-95,-13208,-6420,7020,-504,196,-66,0
2950.5400729179382,8108,7356,11352,-220,-126,147,7384,-7956,11120,-33,134,-205,-13064,3776,7176,-987,121,-135,-13184,-6328,6960,-495,201,-83,0
2950.573632955551,8108,7348,11336,-197,-97,143,7344,-8432,11056,-43,118,-204,-13024,3760,7336,-1008,145,-154,-13164,-6324,7012,-463,205,-57,0
2950.6072499752045,8104,7372,11212,-230,-74,134,7344,-8216,11072,12,129,-192,-13108,3864,6988,-1014,134,-108,-13252,-6172,6972,-468,223,-61,0
2950.6405580043793,8096,7304,11396,-208,-83,155,7340,-8204,11052,39,146,-181,-13148,3692,7048,-1013,148,-121,-13220,-6308,6860,-459,213,-68,0
2950.673784017563,8092,7372,11472,-193,-129,167,7388,-8076,11132,-42,126,-195,-13212,3640,7104,-988,156,-154,-13260,-6300,7008,-460,179,-45,0
2950.707417011261,8208,7356,11356,-211,-169,161,7364,-8196,11240,-41,94,-176,-13152,3752,7008,-998,147,-119,-13220,-6284,6912,-491,216,-45,0
2950.740751028061,8396,7260,11324,-246,-145,177,7380,-8136,11280,9,79,-199,-13208,3796,7156,-1032,148,-125,-13192,-6376,6856,-471,195,-78,0
2950.7742469310765,8092,7380,11036,-193,-89,112,7396,-8144,11132,12,123,-217,-13132,3632,7052,-1016,100,-80,-13296,-6344,6912,-487,167,-95,0
2950.80788397789,8124,7292,11284,-189,-108,120,7312,-8124,11160,-53,154,-210,-13072,3828,7064,-973,118,-120,-13216,-6312,6936,-259,198,-127,0
2950.847707986832,8080,7312,11408,-189,-77,169,7392,-8160,11152,-5,81,-184,-12904,3856,7124,-1043,142,-108,-13228,-6148,6776,-482,179,-56,0
2950.881739139557,8084,7376,11236,-178,-135,168,7376,-8076,11080,17,135,-157,-13100,3756,7176,-778,144,-76,-13252,-6276,6924,-475,150,-61,0
2950.9181950092316,8064,7456,11408,-207,-96,153,7228,-8036,11256,-34,81,-174,-13032,3796,7024,-985,159,-69,-13240,-6252,6824,-507,105,-64,0
2950.9536099433894,8016,7296,11284,-177,-117,135,7288,-8096,11196,-47,61,-177,-13140,3776,6980,-991,154,-74,-13220,-6260,6860,-260,149,-56,0
2950.98943400383,8416,7220,11036,-158,-111,154,7296,-8140,11092,-16,73,-178,-12868,3800,7108,-1006,139,-144,-13224,-6184,7048,-469,196,-93,0
2951.0249850749974,8152,7288,11240,-214,-151,179,7296,-8072,11040,10,142,-174,-13048,3740,6924,-772,176,-112,-13220,-6296,6948,-503,210,-92,0
2951.060707092285,8048,7344,11312,-195,-194,165,7368,-7968,11252,-26,79,-219,-13116,3720,7000,-1008,126,-151,-13252,-6228,7000,-480,181,-102,0
2951.0959601402283,8100,7624,11372,-185,-133,131,7324,-8120,11384,-45,49,-210,-13152,3900,7164,-969,136,-147,-13200,-6248,6932,-482,157,-79,0
2951.132164955139,8252,7276,11252,-169,-149,137,7356,-8176,11048,-24,166,-203,-13176,3688,7016,-1010,132,-137,-13224,-6176,7120,-467,200,-106,0
2951.1768450737004,8144,7348,11116,-186,-173,149,7288,-8008,11112,-30,118,-205,-13096,3808,7116,-775,143,-121,-13136,-6244,6980,-453,153,-96,0
2951.225281953812,8064,7336,11172,-176,-119,131,7320,-8200,11036,-76,100,-198,-13312,3808,6972,-947,104,-24,-13068,-6176,6872,-766,95,-131,0
2951.2704081535335,8236,7184,11252,-190,-73,129,7368,-8276,11160,-34,86,-146,-13116,3780,6996,-1035,126,-31,-13188,-6168,6872,-440,126,-109,0
2951.3053879737854,8100,7144,11168,-158,255,107,7388,-7988,11008,-17,122,-175,-13064,3728,7032,-772,170,-29,-13208,-6228,6856,-443,116,-134,0
2951.3416619300842,8244,7232,11172,-162,-61,114,7512,-8128,11040,-66,137,-174,-13164,3724,7080,-1014,56,-73,-13272,-6132,7064,-262,130,-135,0
2951.3776600360866,8224,7324,11376,-133,-41,108,7200,-8140,11092,-18,143,-145,-13164,3780,7064,-997,76,-62,-13268,-6252,6848,-470,90,-142,0
2951.4133269786835,8216,7284,11236,-149,17,104,7380,-8132,10960,-28,112,-132,-13204,3740,6992,-984,128,2,-13216,-6288,6752,-447,66,-90,0
2951.448158979416,8308,7236,11212,-183,4,119,7208,-8100,11060,-44,114,-131,-13064,3692,7084,-1041,136,-30,-13140,-6276,6896,-429,92,-108,0
2951.4839301109314,8100,7284,11280,-169,-18,87,7200,-8120,11100,-64,117,-155,-13072,3744,6988,-1027,85,-33,-13196,-6148,6760,-396,110,-118,0
2951.51984500885,8084,7312,11420,-230,-35,90,7400,-8204,11032,-21,147,-178,-13152,3800,7272,-1006,63,-53,-13196,-6304,6688,-468,114,-157,0
2951.556641101837,8224,7400,11264,-119,-39,84,7356,-8084,11160,-48,148,-179,-13148,3736,7028,-995,78,-116,-13224,-6268,6936,-506,125,-181,0
2951.590116977692,8208,7320,11200,-105,-57,67,7264,-8124,11040,-47,100,-181,-13188,3780,7228,-994,128,-62,-13160,-5968,6896,-496,119,-131,0
2951.6237740516663,8192,7332,11304,-112,-37,96,7300,-8096,11072,-53,110,-174,-13112,3664,7052,-774,77,-38,-13192,-6004,7068,-474,108,-139,0
2951.6571900844574,8248,7168,11188,-182,-11,102,7316,-8100,11112,-63,135,-154,-13096,3668,7080,-1277,96,-49,-13172,-6304,6832,-500,110,-139,0
2951.690714120865,8060,7416,11236,-163,252,105,7628,-8124,11036,-66,146,-154,-13124,3748,7244,-1043,109,-67,-13284,-6260,6800,-500,101,-145,0
2951.7241530418396,8208,7260,11264,-183,-39,103,7372,-8172,11348,-76,127,-157,-13104,3780,7140,-1038,85,-75,-13384,-6228,6904,-494,126,-137,0
2951.7577199935913,8204,7304,11376,-138,-40,61,7320,-8176,11152,-72,137,-158,-13116,3712,7120,-1035,83,-32,-13080,-6204,6884,-499,133,-133,0
2951.791239023208,8168,7176,11212,-179,8,49,7656,-8128,11084,-27,141,-158,-13136,3716,7016,-1013,81,-37,-13304,-6248,6980,-502,130,-163,0
2951.8248369693756,8168,7224,11268,-150,-1,68,7356,-8172,11076,-40,126,-155,-13156,3820,6916,-1048,94,-68,-13208,-6244,7100,-469,118,-183,0
2951.8584411144257,8028,7280,11440,-105,-14,84,7340,-7972,10760,-53,152,-170,-13140,3720,7148,-1038,72,-86,-13196,-6296,6904,-500,155,-137,0
2951.8916730880737,8424,7348,11212,-163,-253,83,7336,-8132,11080,-78,136,-152,-13172,3796,7012,-1020,52,-26,-13292,-6216,6936,-490,154,-129,0
2951.925358057022,7960,7392,11356,-146,-20,87,7272,-8164,11196,-81,130,-156,-13120,3804,7024,-1046,68,-36,-13208,-6196,7040,-499,144,-172,0
2951.958778142929,8080,7272,11204,-134,-14,88,7352,-8164,10984,-70,148,-145,-13076,3820,7120,-1016,58,-51,-13144,-6312,7036,-478,140,-119,0
2951.992313146591,8160,7344,11380,-186,-14,90,7348,-8352,11052,-40,131,-177,-13120,3792,7392,-1044,79,-79,-13224,-6180,6792,-487,154,-145,0
2952.0255670547485,8152,7432,11340,-176,-33,91,7376,-8200,11116,-54,136,-169,-13132,3704,7320,-1032,65,-64,-13260,-6268,6908,-498,183,-140,0
2952.0595009326935,8156,7316,11096,-170,-24,94,7332,-8012,11052,-49,140,-156,-13124,3728,7012,-1039,90,-62,-13216,-6256,6924,-492,206,-145,0
2952.092997074127,8088,7280,11144,-177,-62,98,7208,-8236,11116,-29,154,-183,-13164,3804,6956,-1025,98,-50,-13296,-6176,6940,-479,204,-149,0
2952.126747131348,8188,7264,11376,-179,-18,92,7176,-8104,11008,-32,169,-176,-13104,3800,7028,-1036,109,-96,-13228,-6268,6976,-469,184,-125,0
2952.1599519252777,8016,7384,11260,-189,-15,103,7364,-8160,10892,-34,138,-166,-13144,3744,7032,-1034,112,-122,-13320,-6204,6952,-465,200,-92,0
2952.193125963211,8040,7352,11380,-204,-17,94,7372,-8136,11152,-25,160,-171,-13080,3660,7272,-1023,75,-65,-13260,-6376,7016,-468,228,-116,0
2952.226984977722,8036,7388,11156,-256,-29,115,7348,-8368,11132,-17,175,-137,-13148,3692,7192,-994,106,-32,-13184,-6268,6740,-438,184,-84,0
2952.260507106781,8088,7288,11376,-245,-64,121,7392,-8000,11368,-17,147,-167,-13180,3796,7000,-1002,92,-57,-13288,-6200,6752,-478,231,-146,0
2952.294009923935,8060,7348,11368,-267,-62,154,7344,-8196,11028,3,159,-125,-13036,3744,7116,-1048,51,-104,-13228,-6240,6788,-474,208,-103,0
2952.3275010585785,8112,7376,11024,-217,-62,156,7332,-8160,11204,-33,149,-163,-13112,3792,7184,-1002,60,-62,-13308,-6364,6876,-476,215,-116,0
2952.3607709407806,8056,7356,11532,-233,-95,104,7312,-8244,11112,-37,188,-208,-13112,3692,7164,-964,87,-90,-13160,-6260,6904,-465,306,-100,0
2952.3943231105804,8096,7304,11280,-285,-46,146,7296,-8176,11076,226,145,-204,-13096,3740,6968,-781,135,-151,-13304,-6192,6808,-413,293,-78,0
2952.42773103714,8056,7292,11368,-234,-136,143,7360,-8160,11024,20,150,-197,-13104,3776,7164,-955,90,-115,-13288,-6288,6720,-454,227,-91,0
2952.4613089561462,8104,7336,11384,-264,-76,139,7336,-8040,11040,-8,136,-179,-13088,3724,7188,-1026,122,-124,-13204,-6332,7040,-463,206,-100,0
2952.4947810173035,8056,7252,11412,-259,-78,161,7188,-8000,11340,-52,166,-178,-13092,3732,7104,-974,41,-100,-13288,-6304,6748,-448,240,-84,0
2952.5282530784607,8140,7344,11020,-200,-75,124,7316,-8060,11148,-5,120,-196,-13160,3668,7064,-987,75,-153,-13284,-6272,6848,-460,238,-78,0
2952.5616381168365,8044,7240,11272,-251,-131,148,7316,-8120,11004,37,196,-178,-13012,3728,7128,-1015,126,-133,-13296,-6244,6800,-476,267,-73,0
2952.597531080246,8424,7204,11316,-210,-135,176,7352,-7940,10972,-8,165,-217,-13260,3684,7020,-982,120,-124,-13536,-6160,6664,-465,238,-68,0
2952.6334149837494,8192,7220,11304,-254,-146,144,7360,-8156,11172,9,224,-195,-13084,3724,7060,-1007,145,-121,-13236,-6224,6716,-439,195,-54,0
2952.6694629192352,8000,7160,11348,-230,-144,152,7188,-8164,11188,-10,138,-201,-13224,3596,7224,-1012,151,-132,-13340,-6256,6896,-490,197,-85,0
2952.7046360969543,8116,7316,11516,-210,-112,139,7280,-8196,11136,-8,163,-177,-13284,3728,6924,-969,83,-66,-13272,-6204,6808,-493,167,-86,0
2952.7411811351776,8176,7288,11424,-196,-112,124,7328,-8136,11172,255,133,-199,-13012,3716,7272,-982,135,-120,-13228,-6196,6856,-440,166,-103,0
2952.7762191295624,8104,7264,11024,-229,-117,142,7312,-8200,11072,-256,111,-207,-13180,3764,7092,-1041,296,-107,-13240,-6184,6672,-766,169,-66,0
2952.812325000763,8164,7200,11472,-168,-130,101,7308,-8156,11128,-24,44,-218,-13092,3816,6936,-1013,195,-152,-13548,-6224,6852,-532,185,-81,0
2952.847368955612,8124,7260,11452,-171,-150,128,7300,-7968,11248,-13,102,-193,-13128,3788,7056,-1022,175,-136,-13276,-6188,6804,-487,163,-79,0
2952.8830859661102,8104,7204,11328,-164,-138,122,7664,-8232,11156,-28,-39,-270,-13036,3812,7192,-920,191,-114,-13292,-6268,6756,-491,176,-88,0
2952.9192430973053,8412,7184,11404,-208,-151,147,7312,-8168,11124,-10,97,-238,-13148,3724,7096,-985,162,-154,-13264,-6272,6672,-550,162,-64,3
2952.9545810222626,8408,7272,11460,-162,-124,134,7648,-8068,11164,-46,72,-186,-13200,3620,7172,-976,129,-73,-13536,-6400,6812,-490,121,-72,3
2952.990320920944,8332,7172,11220,-190,-100,118,7476,-8408,11044,-70,32,-199,-13252,3740,6996,-1094,257,-84,-13300,-6260,6876,-257,113,-92,3
2953.0255999565125,8200,7300,11092,-188,-89,135,7364,-8048,11048,250,166,-144,-13252,3848,7084,-1276,173,-29,-13288,-6204,6828,-491,63,-114,3
2953.0609400272374,8112,6928,11016,-130,-61,105,7272,-8164,11108,-74,156,-161,-13152,3616,7264,-963,98,-73,-13236,-6244,6908,-481,97,-105,3
2953.097515106201,8304,7140,11232,-202,-51,80,7648,-8200,11040,-66,185,-175,-13176,3828,6956,-987,32,-76,-13344,-6360,6840,-499,106,-165,3
2953.1332769393925,8320,7208,11232,-161,-24,89,7476,-8224,11076,14,214,-127,-13216,3692,7020,-1274,16,-4,-13200,-6224,6716,-478,84,-135,3
2953.1681730747223,8424,7240,11020,-163,-14,71,7388,-8364,11008,-26,227,-137,-13264,3660,7164,-1261,5,-86,-13228,-6280,6916,-461,121,-163,3
2953.203994035721,8088,7272,11316,-182,-61,71,7392,-8192,11164,-74,192,-174,-13076,3804,7180,-1007,38,-86,-13276,-6324,6896,-495,130,-156,0
2953.242123126984,8404,7204,11412,-113,-40,77,7396,-8144,11072,-41,165,-181,-13112,3988,7148,-1042,23,-85,-13204,-6360,6792,-460,171,-174,0
2953.2756879329686,8140,7320,11240,-161,-27,84,7320,-8136,11168,-15,142,-241,-13032,3740,7044,-1044,72,-88,-13104,-6244,6804,-457,188,-161,0
2953.309219121933,8136,7332,11360,-168,-66,82,7384,-8172,11232,-63,146,-219,-13184,3740,7040,-772,62,-78,-13356,-6240,6788,-463,150,-126,0
2953.3428349494934,8128,7292,11388,-178,-36,58,7412,-8140,11224,-56,177,-180,-13216,3768,7144,-769,74,-76,-13264,-6220,6888,-431,152,-135,0
2953.3764519691467,8160,7256,11348,-170,-24,77,7364,-8180,10968,-65,135,-161,-13152,3756,7084,-1043,106,-62,-13204,-6180,6832,-451,149,-149,0
2953.409632921219,8232,7304,11324,-148,-51,109,7352,-8136,11060,-46,131,-174,-13108,3704,7144,-984,26,-66,-13244,-6280,6932,-470,155,-133,0
2953.4434690475464,7936,7392,11296,-155,-37,98,7368,-8188,11044,-67,132,-166,-12896,3764,7040,-998,37,-19,-13324,-6200,7020,-433,134,-135,0
2953.47718501091,8396,7292,11436,-161,-47,54,7284,-8188,11072,-44,146,-167,-13108,3696,7056,-992,39,-55,-13104,-6172,6844,-467,127,-125,0
2953.5107529163365,8292,7200,11428,-166,-62,63,7400,-8108,10996,-45,143,-181,-13120,3752,7068,-987,38,-73,-13280,-6212,6976,-475,143,-179,0
2953.544389009476,8240,7184,11340,-131,-37,43,7400,-8360,11056,12,192,-171,-13056,3796,7056,-1009,31,-99,-13424,-6232,6960,-486,139,-174,0
2953.5780761241913,8116,7276,11284,-151,-28,75,7212,-8448,11144,-20,169,-187,-13060,3724,7024,-1000,51,-78,-13172,-6148,6868,-468,142,-156,0
2953.611499071121,8064,7276,11380,-200,-45,55,7428,-8260,11136,-24,216,-174,-13112,3780,7100,-998,103,-22,-13308,-6232,6916,-467,118,-152,0
2953.644993066788,8248,7364,11488,-192,-24,77,7364,-8108,11148,-13,206,-155,-13124,3760,7352,-992,94,-41,-13268,-6192,6824,-466,94,-144,0
2953.678614139557,8172,7196,11484,-198,-27,73,7276,-8140,11112,10,187,-133,-12832,3772,7056,-1025,74,-93,-13148,-6264,7144,-485,133,-138,0
2953.7121031284332,8016,7356,11008,-181,-16,83,7360,-8136,11168,36,224,-153,-13144,3776,7008,-1044,109,-59,-13188,-6300,6872,-479,146,-148,0
2953.745372056961,8168,7404,11300,-157,-14,92,7296,-8108,11148,15,207,-148,-13196,3688,7196,-1021,118,-20,-13332,-6336,6952,-470,152,-165,0
2953.7789881229405,8188,7272,11360,-205,14,29,7308,-8204,11212,29,210,-205,-13132,3696,6984,-1028,160,-54,-13244,-6256,6876,-473,163,-122,0
2953.81245803833,8164,7268,11384,-211,-25,71,7240,-8132,11128,59,228,-157,-13280,3796,7384,-1014,124,-79,-13304,-5992,7136,-473,158,-133,0
2953.845890045166,8052,7216,11316,-163,246,84,7208,-8140,11232,23,176,-129,-13044,3732,7132,-1077,114,-70,-13176,-6284,6972,-455,159,-134,0
2953.879368066788,8092,7296,11380,-190,22,92,7252,-8184,11148,6,162,-171,-12840,4020,7272,-1012,157,-47,-13248,-6268,6948,-474,127,-140,0
2953.9126329422,8108,7264,11408,-202,-29,67,7360,-8160,11168,-56,184,-175,-13076,3708,7228,-1023,155,-80,-13208,-6232,6756,-485,127,-157,0
2953.9458789825444,8008,7200,11300,-168,-37,78,7252,-8100,11256,23,181,-182,-13080,3668,7060,-1033,86,-135,-13272,-6164,6840,-466,202,-128,0
2953.979392051697,8056,7280,11328,-185,-26,69,7360,-8068,11092,46,185,-176,-13084,3728,7100,-1062,162,-133,-13188,-6256,6924,-765,198,-118,0
2954.012937068939,8116,7236,11300,-166,-49,68,7304,-8372,11156,-254,145,-178,-13084,3636,7152,-1036,134,-66,-13312,-6184,7032,-504,188,-136,0
2954.046200990677,8056,7268,11416,-178,-1,80,7292,-8140,11084,8,145,-201,-13068,3732,7112,-1031,175,-77,-13364,-6280,6872,-514,194,-141,0
2954.079770088196,8136,7260,11312,-189,-51,89,7340,-8152,11216,-17,182,-171,-13192,3704,6916,-1054,92,-111,-13072,-6280,6944,-480,172,-126,0
2954.113420009613,8120,7372,11308,-171,-37,104,7328,-8124,11244,9,162,-185,-13144,3692,7116,-1061,174,-94,-13368,-6300,7004,-490,168,-119,0
2954.1468670368195,8008,7376,11284,-204,-94,117,7600,-8080,11200,8,217,-157,-13104,3720,7128,-1019,87,-88,-13212,-6268,6960,-475,172,-97,0
2954.1804959774017,7960,7348,11516,-202,-119,109,7396,-8148,11240,-14,119,-211,-12812,3824,7008,-1045,201,-102,-13252,-6280,6996,-505,184,-83,0
2954.2140929698944,8024,7300,11280,-206,-137,146,7204,-8180,11088,-55,88,-222,-13136,3728,7216,-1060,178,-111,-13312,-6268,6856,-492,184,-76,0
2954.2472429275513,8052,7276,11344,-231,637,101,7156,-8204,11168,39,60,-168,-13260,3776,7152,-1096,225,-111,-13108,-6188,6864,-559,174,-135,0
2954.2834279537205,7868,7224,11364,-155,-148,131,7196,-8096,11148,-29,151,-207,-13092,3660,7084,-999,136,-92,-13228,-6236,6876,-507,204,-98,0
2954.3193390369415,8044,7228,11396,-181,-143,132,7232,-8128,11096,-18,87,-231,-13156,3708,7032,-1024,203,-149,-13136,-6196,6776,-483,208,-60,0
2954.3543820381165,8116,7276,11396,-165,-165,163,7404,-8132,11168,-29,80,-215,-13224,3656,7152,-1060,210,-68,-13400,-6172,6748,-545,179,-57,0
2954.3896610736847,8224,7212,11260,-190,-151,166,7400,-8136,11044,-21,127,-181,-13104,3696,6952,-1056,173,-109,-13336,-6276,6756,-535,200,-102,0
2954.42476606369,8164,7332,11464,-168,-107,152,7300,-8040,11240,-5,103,-204,-13092,3624,7148,-1052,184,-44,-13332,-6216,6828,-509,132,-72,0
2954.460891008377,8000,7348,11400,-177,-152,151,7332,-8044,11072,-32,100,-217,-13188,3656,7056,-1030,168,-126,-13272,-6192,6724,-502,179,-64,0
2954.4970910549164,8188,7176,11456,-239,-96,140,7284,-8044,10864,-6,140,-172,-13204,3780,6936,-1037,132,-87,-13272,-6256,6816,-506,193,-57,0
2954.5324070453644,8200,7208,11096,-221,-130,111,7340,-8008,11312,-251,198,-158,-13104,3708,6808,-1013,71,-80,-13156,-6176,6924,-450,216,-113,0
2954.5675740242004,8088,7252,11360,-287,-73,166,7240,-7968,11264,-16,77,-168,-13184,3660,7012,-1009,167,-118,-13232,-6320,6864,-470,154,-87,0
2954.6032941341405,8068,7204,11408,-283,-100,150,7168,-8052,11256,-48,48,-213,-13116,3696,6980,-984,216,-79,-13184,-6308,6728,-518,172,-72,0
2954.638701915741,8204,7332,11316,-195,-118,148,7380,-8100,11076,-29,40,-219,-13164,3700,7152,-1060,185,-92,-13180,-6268,6876,-529,223,-66,0
2954.673485994339,8108,7260,11324,-237,-137,170,7228,-8140,11072,-13,84,-211,-13076,3696,7076,-1036,179,-119,-13184,-6272,6816,-512,281,-31,0
2954.709142923355,8044,7248,11356,-287,-141,158,7184,-8032,11152,-9,110,-233,-13144,3724,6940,-970,156,-95,-13344,-6228,6776,-485,307,-41,0
2954.7440180778503,8116,7204,11364,-270,-87,153,7268,-8064,11236,-54,84,-221,-13460,3772,7408,-923,154,-127,-13188,-6184,6732,-522,265,-35,0
2954.7799201011658,7984,7212,11316,-253,-127,157,7648,-8236,11224,-44,99,-191,-13172,3752,6964,-926,93,-101,-13396,-6268,6836,-258,251,-37,0
2954.8148789405823,8204,7200,11408,-508,-163,130,7304,-8060,11204,-117,161,-201,-13188,3692,6964,-938,116,-79,-13396,-6256,6836,-500,228,-57,0
2954.8511369228363,8200,7168,11324,-250,-83,115,7360,-8120,11204,-91,163,-177,-13192,3672,6960,-875,95,-63,-13332,-6272,6748,-523,97,-120,0
2954.8861219882965,7940,6952,11300,-258,-75,85,7444,-8112,11032,-126,207,-158,-13208,3680,6848,-942,-13,-9,-13236,-6080,6668,-534,135,-114,0
2954.9233469963074,8060,6940,11300,-188,-48,122,7216,-8036,11100,16,171,-160,-13152,3656,6940,-936,10,-91,-13204,-6232,6436,-490,139,-128,0
2954.9568300247192,8424,7180,11464,-206,60,86,7272,-8128,11188,-71,200,-162,-13180,3688,7088,-960,80,240,-13212,-6128,6676,-481,120,-137,0
2954.9904689788814,8240,6920,11284,-284,-30,75,7344,-8168,11160,-97,212,-177,-13236,3716,7100,-954,21,-39,-13308,-6228,6716,-435,161,-118,0
2955.023796081543,8160,7216,11380,-241,-17,100,7304,-8144,11156,-73,207,-141,-13116,4028,6924,-942,85,-37,-13388,-6200,6760,-468,182,-103,0
2955.057398080826,8120,7132,11320,-3,251,141,7256,-8116,11232,-38,149,-139,-13136,3704,7048,-979,127,-54,-13296,-6280,6684,-487,228,-89,0
2955.0909061431885,8192,7232,11376,-282,-25,135,7272,-8152,11100,-39,166,-169,-13176,3712,7128,-951,70,-75,-13260,-6312,7144,-441,287,-138,0
2955.124199151993,8168,7164,11488,-236,-9,83,7264,-8124,11292,-52,244,-204,-13112,3708,7312,-917,38,-56,-13300,-6192,6824,-457,259,-165,0
2955.1574461460114,8116,7072,11412,-232,-20,48,7404,-7972,11072,-35,180,-198,-13064,3760,7024,-914,71,-81,-13348,-6328,6716,-438,253,-167,0
2955.191031932831,7948,7380,11480,-202,-80,76,7392,-8196,11064,-56,266,-179,-13116,3764,6832,-884,53,-151,-13288,-6200,6652,-438,244,-142,0
2955.2245259284973,7940,7096,11520,-212,-20,84,7288,-8016,11080,-44,167,-189,-13152,3660,7212,-935,251,-87,-13340,-6328,6772,-390,242,-96,0
2955.2581770420074,8244,7368,11488,-241,-60,102,7240,-8136,11088,-250,220,-177,-13188,3684,7076,-935,252,-50,-13344,-5904,6672,-402,277,-97,0
2955.2916860580444,7960,7228,11392,-260,-49,128,7252,-7984,11188,-9,155,-183,-13120,3700,7056,-914,-8,-55,-13480,-6376,6556,-361,285,-112,0
2955.3248760700226,8124,7128,11328,-246,-25,137,7324,-8144,11108,-36,165,-158,-13252,3728,7160,-912,-34,-90,-13384,-6308,6976,-405,278,-115,0
2955.3584220409393,8444,7136,11376,-238,-29,99,7356,-8084,11140,-54,200,-156,-13092,3748,6940,-947,33,-45,-13384,-6200,6848,-406,286,-135,0
2955.3916671276093,7968,7192,11336,-252,41,91,7416,-8088,11132,-53,212,-143,-13108,3700,6952,-925,246,-9,-13360,-6192,6680,-414,206,-162,0
2955.4251301288605,8272,7116,11512,-225,60,93,7280,-8104,11192,-11,225,-152,-13244,3716,7052,-941,11,-20,-13388,-6204,6900,-370,170,-173,0
2955.4588561058044,8048,7208,11316,-240,91,99,7284,-8228,11176,11,175,-150,-13060,3832,6940,-859,37,-39,-13100,-6280,6776,-387,152,-168,0
2955.4923560619354,8080,6928,11116,-285,38,127,7288,-8164,11248,10,135,-153,-13076,3796,7300,-735,76,-114,-13092,-6304,6652,-364,272,-134,0
2955.5256719589233,7988,7116,11652,-326,49,137,7224,-7964,11164,29,146,-190,-13088,3800,7152,-804,31,-99,-13364,-6284,6700,-392,303,-99,0
2955.5594210624695,8080,7096,11608,-262,14,161,7412,-8180,11140,11,132,-221,-13208,3812,7080,-906,59,-92,-13324,-6312,6744,-421,318,-117,0
2955.5929300785065,7908,7084,11572,-511,-44,173,7232,-8176,11200,-6,82,-205,-13024,3924,7016,-893,85,-89,-13068,-6252,6780,-407,335,-79,0
2955.626718044281,8016,7096,11376,-297,-22,192,7220,-8076,11176,-11,64,-207,-13076,3800,7392,-790,98,-149,-13264,-6184,6696,-447,333,-76,0
2955.6600410938263,8100,7100,11396,-318,-32,213,6968,-8400,11108,37,33,-238,-13124,3760,7084,-719,215,-132,-13316,-6336,6708,-422,328,-97,0
2955.693642139435,8088,7024,11344,-290,-54,222,6920,-8104,11040,46,35,-247,-13056,3740,7136,-799,142,-133,-13208,-6148,6420,-425,327,-95,0
2955.726896047592,8104,7044,11448,-378,-77,220,7284,-8124,11240,7,94,-243,-13204,3840,7216,-793,113,-124,-13428,-6148,6568,-380,449,-111,0
2955.7604010105133,8088,6972,11408,-439,-96,267,7308,-8192,11120,9,125,-240,-13120,3644,7068,-872,11,-174,-13368,-6172,6552,-316,549,-131,0
2955.7939989566803,8080,7044,11692,-504,-3,252,7208,-8084,11056,63,103,-223,-13044,3824,7136,-994,-24,-201,-13404,-6256,6420,-203,716,-105,0
2955.8274660110474,8076,7036,11720,-545,125,278,7184,-8088,11212,151,221,-233,-13164,3752,6980,-930,-185,-199,-13520,-6304,6560,-172,784,-132,0
2955.863613128662,8120,6956,11600,-629,113,289,7260,-8120,11180,99,170,-267,-13116,3592,7160,-903,-124,-224,-13476,-6064,6640,-125,1015,-109,0
2955.8978841304775,8156,6844,11672,-793,350,434,7380,-8088,11128,114,148,-209,-13020,3756,7012,-933,-297,-135,-13528,-6072,6068,-58,1098,-174,0
2955.9313440322876,8264,6832,11520,-995,163,520,7360,-7908,11176,87,511,-86,-13304,3784,7376,-994,-235,-81,-13788,-6156,6604,-279,-61,-187,0
2955.9681220054626,8088,6656,11840,-886,-85,380,7300,-7896,11332,-24,2,-241,-13092,3812,6984,-1150,-511,-46,-13444,-6212,6400,-206,-196,-145,0
2956.0036709308624,7920,6736,11520,-384,-87,162,7284,-8064,11224,-201,189,-206,-13060,3776,7052,-1209,-259,255,-13320,-5892,6716,-463,-455,-132,0
2956.0392360687256,8008,6840,11480,-98,-354,23,7240,-8100,10972,-261,223,-306,-12960,3816,7072,-1319,48,-81,-13352,-5940,6404,-435,-178,-107,0
2956.0749731063843,8044,6712,11604,28,-209,-8,7336,-7956,11156,-217,234,-238,-12980,3744,6876,-1310,32,-118,-13416,-6176,6556,-470,-325,-71,0
2956.1110260486603,7960,6720,11556,12,-424,-38,7180,-8184,11172,-314,227,-300,-12920,3784,7128,-1096,247,-42,-13428,-6200,6656,-404,-138,-65,0
2956.1471741199493,8072,6868,11680,-350,-482,73,7304,-8424,11188,-260,158,-268,-13056,3780,7356,-1183,12,-90,-13584,-5928,6888,-217,103,-38,0
2956.1822011470795,8212,6860,11620,-224,-295,87,7632,-8116,11144,-151,299,-507,-12956,4064,7184,-1194,-144,-31,-13412,-6152,6772,-366,-26,-134,0
2956.217854976654,8140,6828,11284,-135,-135,49,7304,-8192,11208,-133,173,-226,-13032,3896,7372,-1525,249,-44,-13336,-6104,6756,-309,12,-76,0
2956.2537231445312,8076,6808,11476,-166,-95,48,7216,-8116,11180,-136,223,-216,-13060,3788,7396,-1269,-252,-32,-13364,-5928,6820,-422,-21,-119,0
2956.289139986038,8172,6764,11460,-116,-132,46,7296,-8104,11240,-122,275,-121,-13016,3740,7316,-1195,-115,-24,-13384,-5896,6908,-368,-20,-150,0
2956.3245091438293,8116,6824,11564,-57,-93,42,7260,-8116,11220,-206,225,-144,-12992,3620,7324,-1158,-99,-72,-13408,-6160,6896,-453,-46,-104,0
2956.3608400821686,8152,6920,11524,-77,-138,37,7208,-8136,11216,-203,131,-230,-13000,3716,7292,-1149,123,-41,-13404,-6388,6744,-542,-32,-92,0
2956.396224975586,8052,6912,11384,-60,-121,42,7276,-8012,11244,-206,162,-172,-13112,3692,7252,-962,174,-90,-13380,-6132,6708,-530,11,-77,0
2956.4318439960484,8252,6792,11760,-61,-137,50,7244,-8224,11076,-198,152,-146,-12996,3740,7156,-931,103,-109,-13560,-6356,6676,-484,126,-109,0
2956.467950105667,8212,6852,11584,-91,-106,63,7216,-7956,11172,-121,119,-157,-13016,3684,7404,-995,65,-42,-13336,-6156,6780,-522,26,-137,0
2956.5034930706024,8028,6852,11720,-75,-38,44,7200,-8236,11100,-119,185,-150,-12988,3748,7244,-938,-16,-58,-13396,-6112,6632,-506,-7,-145,0
2956.5391681194305,7956,6740,11604,-100,29,31,7188,-8244,11076,-181,164,-154,-12984,3828,7212,-944,22,-49,-13392,-6016,6784,-474,89,-117,0
2956.574098110199,8132,6872,11592,-106,-43,89,7172,-8168,11040,-137,121,-173,-12940,3660,7412,-968,103,-41,-13408,-6112,6696,-480,95,-106,0
2956.610239982605,8292,7136,11280,-140,-34,111,7200,-8064,11200,-112,117,-151,-12984,3712,7268,-948,29,-25,-13384,-6048,6708,-450,66,-83,0
2956.64351606369,8128,6676,11332,-197,-26,105,7296,-8220,11132,-146,157,-149,-13312,3744,7612,-892,-14,-37,-13236,-6132,6808,-453,82,-135,0
2956.677192926407,8080,6660,11312,-168,-65,83,7408,-8288,11220,-145,131,-175,-12928,3720,7304,-896,36,-97,-13260,-6000,6716,-469,80,-172,0
2956.7107341289525,8432,6856,11392,-105,-64,45,7256,-7980,11176,-130,91,-170,-12912,3696,7244,-956,62,-39,-13284,-5976,6680,-479,168,-106,0
2956.744105100632,8104,6692,11404,-144,-71,90,7308,-8248,11012,-98,126,-180,-12900,3720,6964,-948,141,-37,-13364,-6160,6816,-427,194,-97,0
2956.7774040699005,8268,6900,11344,-162,-168,123,7224,-8400,11008,-113,84,-202,-12988,3724,7288,-908,117,-130,-13432,-6372,6668,-369,179,-101,0
2956.8108949661255,8440,6936,11568,-193,-117,113,7300,-8160,11128,-104,43,-198,-12964,3764,7316,-936,108,-74,-13544,-6168,6772,-405,169,-80,0
2956.8445019721985,7944,6832,11528,-223,-154,130,6996,-8272,11212,-66,130,-196,-13020,3692,7380,-978,22,-60,-13364,-6368,6808,-632,294,-134,0
2956.878072977066,8040,6924,11560,-230,-79,113,7164,-8160,11148,-20,129,-186,-12844,3644,7556,-894,45,-70,-13548,-5928,6844,-492,212,-102,0
2956.9115691185,8080,6760,11616,-244,-120,170,7276,-8264,11008,-71,103,-201,-12908,3724,7400,-890,118,-118,-13524,-6340,6740,-631,251,-145,0
2956.9449031353,8276,6908,11608,-235,-73,106,7280,-8436,11220,-103,125,-211,-13044,3684,7668,-889,49,-80,-13464,-6204,6752,-545,186,-189,3
2956.9783630371094,8260,6836,11480,-220,-69,119,7276,-8192,11072,-42,98,-194,-12964,3744,7404,-853,40,-113,-13360,-6080,6796,-409,152,-124,3
2957.0118720531464,8188,6660,11612,-180,-128,89,7228,-8276,11100,-29,131,-176,-12948,3696,7596,-831,65,-76,-13452,-6156,6648,-455,194,-134,3
2957.0454530715942,8140,6852,11564,-226,-103,75,7256,-8312,11588,-7,-55,-195,-12988,3764,7532,-534,-52,-19,-13416,-6364,6808,-501,142,-133,3
2957.0791730880737,8152,6844,11616,-180,-160,124,7296,-8256,11112,-33,119,-206,-13012,3856,7212,-855,60,-104,-13276,-6044,6904,-507,214,-100,3
2957.1126561164856,8032,6784,11656,-160,-190,135,7292,-8264,11040,-33,104,-206,-13000,3788,6980,-866,64,-127,-13324,-6084,6748,-543,195,-134,3
2957.1458010673523,8232,6808,11456,-82,-114,114,7252,-8140,11060,-11,126,-170,-12988,3760,7424,-908,62,-48,-13388,-6148,6492,-549,326,-127,3
2957.179328918457,8160,6888,11536,-174,-18,83,7588,-8208,11144,-14,202,-148,-13040,3808,7264,-836,18,-22,-13484,-6052,6836,-407,123,-178,3
2957.2128939628606,8132,6908,11640,-210,20,67,7304,-8284,11228,-6,196,-146,-13024,3856,7512,-879,29,-68,-13364,-6392,6776,-526,96,-142,3
2957.2466950416565,8256,6804,11384,-171,-58,105,7296,-8252,11140,-9,196,-133,-13000,3796,7316,-911,-254,-76,-13332,-6208,6688,-517,44,-166,3
2957.280288934708,7936,7164,11684,-185,-77,96,7276,-8416,11144,16,229,-125,-12880,3732,7340,-878,35,-95,-13252,-6032,6636,-445,37,-155,3
2957.3138699531555,8072,7148,11712,-127,-83,86,7184,-8244,11352,-18,167,-168,-12880,3864,7672,-904,90,-89,-13340,-6348,6764,-463,24,-122,0
2957.34748005867,8080,6904,11696,-145,-103,141,7096,-8216,11260,-23,141,-185,-12972,4000,7416,-919,76,-114,-13336,-6384,6888,-259,82,-151,0
2957.3809700012207,8096,6820,11396,-108,-178,130,7164,-8240,11032,-12,132,-222,-12880,3616,7216,-958,156,-104,-13068,-6052,6708,-508,254,-140,0
2957.4144909381866,8248,6768,11436,-121,-120,88,7280,-8396,10984,-35,138,-177,-13068,3884,7336,-942,126,-62,-13468,-6140,6556,-437,-126,-157,0
2957.447968006134,8212,6812,11500,-146,-21,48,7320,-8284,11172,2,214,-126,-13020,3836,7252,-916,143,-72,-13144,-6112,6804,-474,-173,-186,0
2957.481609106064,8408,6856,11552,-108,42,51,7332,-8252,11184,27,187,-148,-12904,4040,7308,-980,216,-95,-13292,-6204,6824,-492,-110,-209,0
2957.5153250694275,8204,6988,11764,-88,-26,72,7232,-8260,11208,17,187,-141,-12924,3880,7404,-1008,137,-63,-13320,-6200,6760,-521,-61,-164,0
2957.548799991608,8184,6964,11440,-109,-107,110,7288,-8116,11156,-11,201,-162,-12976,3708,7636,-952,72,-13,-13268,-6232,7056,-497,-62,-190,0
2957.5822949409485,8068,6988,11724,-147,-49,71,7308,-8240,11092,-19,225,-139,-12976,3808,7300,-1003,122,-45,-13248,-6244,6812,-478,-103,-171,0
2957.6156990528107,8212,7156,11272,-139,-62,42,7144,-8160,11132,-41,179,-145,-13208,3988,7248,-973,150,-64,-13188,-5952,6876,-410,-79,-134,0
2957.6528799533844,8128,6928,11280,-141,-39,66,7272,-8232,11240,-29,169,-151,-12944,3948,7176,-1000,193,-15,-13200,-6204,7048,-463,-125,-170,0
2957.6876740455627,8352,6704,11488,-131,-9,66,6944,-8196,11124,-22,157,-157,-12940,3872,7192,-924,103,-96,-13180,-6220,7088,-461,-97,-118,0
2957.7234239578247,8124,6888,11464,-100,-33,63,7248,-8112,10784,-42,145,-159,-12944,3820,7504,-909,151,-15,-13328,-6172,6972,-480,-91,-140,0
2957.7582471370697,8152,6888,11564,-116,-24,65,7184,-8220,11228,-76,160,-137,-12880,3860,7264,-1009,189,-45,-13220,-5924,6684,-499,-28,-103,0
2957.793944120407,8128,6876,11524,-152,-25,66,7208,-8252,11068,-29,138,-165,-13024,3844,7204,-1020,148,-27,-13316,-6120,6988,-509,-255,-143,0
2957.829752922058,8124,6952,11408,-78,-50,65,7064,-8220,11132,-68,163,-127,-12852,3908,7656,-955,132,-98,-13336,-6236,6988,-516,-32,-133,0
2957.8650879859924,8324,7020,11632,-63,248,17,7244,-8152,11140,-39,138,-171,-12920,3932,7212,-958,188,-23,-13236,-6060,6988,-475,-38,-120,0
2957.9004449844365,8188,6880,11476,-110,31,42,7140,-8204,11236,-51,87,-140,-12996,3956,7256,-949,248,-79,-13236,-6180,7072,-469,-16,-122,0
2957.935574054718,8168,6900,11768,-86,254,62,7232,-8448,11244,-75,105,-111,-12964,4064,7292,-983,221,253,-13236,-6208,7108,-507,-24,-109,0
2957.9717700481415,8068,7036,11368,-55,-4,48,7212,-8220,11176,-88,122,-130,-12952,3896,7288,-948,233,-59,-13228,-6236,7012,-766,-124,-93,0
2958.007672071457,7972,6988,11508,13,-24,51,7096,-8208,11140,-118,106,-132,-12956,3972,7220,-983,301,-56,-13096,-6052,7032,-515,-93,-112,0
2958.0427529811855,8068,6976,11772,-23,248,84,7200,-8256,11100,-25,81,-135,-12960,3896,7232,-1042,298,-49,-13164,-6120,7048,-533,-8,-70,0
2958.0784709453583,8000,7004,11384,88,33,40,7232,-8424,11048,-47,66,-152,-12972,3864,7400,-1078,344,-113,-13204,-6188,7280,-583,-142,-43,0
2958.1134021282196,7944,7056,11612,216,7,38,7252,-8348,11176,-19,40,-131,-13284,3936,7140,-1121,510,-107,-13208,-6192,7140,-641,-192,-40,0
2958.1491670608525,8060,7096,11628,209,55,42,7140,-8200,11248,8,31,-141,-13056,4088,7232,-1103,465,-131,-13176,-6200,7152,-659,-104,-5,0
2958.184252023697,8108,7308,11276,169,-7,56,7200,-8216,11312,-28,70,-140,-12808,3880,7316,-1141,451,-127,-13172,-6232,6988,-597,21,-30,0
2958.2195069789886,8044,7088,11456,122,-65,107,6996,-8216,10836,-48,82,-170,-12892,3808,7176,-1118,334,-106,-13268,-6304,7048,-578,43,-67,0
2958.2546260356903,8104,7104,11408,252,-255,80,7176,-8216,11144,-49,82,-172,-13048,3988,7028,-1082,339,-103,-13176,-6196,7044,-526,23,-47,0
2958.291636943817,8080,7164,11308,-96,-20,84,7192,-8252,11052,251,59,-176,-13048,4000,7172,-1112,265,-104,-13200,-6056,7168,-524,79,-62,0
2958.3249909877777,7956,7076,11268,-72,21,105,7216,-8328,11200,36,31,-198,-13104,3944,7048,-1117,297,-105,-13232,-6164,7076,-543,109,-36,0
2958.3587379455566,7952,7164,11316,-78,1,128,7224,-8352,10820,60,53,-200,-13200,3908,6964,-1078,217,-151,-13188,-6176,7104,-511,142,-67,0
2958.3921570777893,8144,7308,11400,-91,27,133,7280,-8208,11060,24,75,-213,-13068,3812,6980,-1154,301,-177,-13172,-6168,7080,-486,177,-69,0
2958.425533056259,8020,7112,11672,-121,33,126,7196,-8228,11096,27,80,-181,-12988,3908,7052,-1058,208,-139,-13200,-6060,7148,-494,204,-27,0
2958.459036111832,8072,7036,9708,-1147,-88,34,7420,-8340,11152,-76,44,-154,-13100,3872,7132,-1068,199,-103,-13196,-5960,6920,-550,213,-58,0
2958.492588996887,8180,7104,11368,-166,120,143,7260,-8244,11212,-18,70,-174,-13052,3900,7280,-1055,147,-68,-13276,-6344,7048,-539,205,-82,0
2958.5260140895844,8020,7136,11356,-178,177,130,7292,-8180,11200,77,72,-158,-13124,3864,7064,-1033,130,-80,-13104,-6280,7056,-498,123,-103,0
2958.559767007828,7916,7192,11524,-197,149,112,7268,-8080,11128,27,86,-204,-13132,3828,7028,-996,136,-116,-13220,-6164,7024,-464,152,-108,0
2958.5934579372406,7972,7204,11444,-209,120,141,7300,-8248,11088,48,72,-185,-13048,3940,7140,-987,91,-145,-13204,-6208,6936,-461,128,-56,0
2958.627221107483,8056,7040,11448,-168,88,162,7272,-8220,11132,31,77,-183,-12928,3792,7352,-1014,126,-100,-13156,-6188,7068,-406,170,-90,0
2958.6603870391846,7940,7080,11476,-142,80,152,7180,-8168,11208,41,79,-173,-12932,3868,7404,-1013,117,-80,-13272,-6252,7184,-447,124,-78,0
2958.693902015686,7808,7088,11416,-138,31,149,7292,-8172,11080,-16,33,-180,-13052,3812,7140,-1011,161,-71,-13172,-6248,7372,-435,229,-61,0
2958.727478027344,7712,7032,11664,-103,16,138,7176,-8152,11160,13,23,-182,-13128,3772,6972,-993,120,-157,-13228,-6144,6932,-478,231,-72,0
2958.761076927185,7728,7112,11288,-102,-21,137,7132,-8164,11148,49,39,-219,-13048,3864,7164,-1035,121,-146,-13276,-6100,7028,-441,234,-42,0
2958.794867038727,7952,7124,11372,-68,-34,166,7372,-8228,10968,6,66,-214,-13024,3688,7000,-1035,157,-88,-13252,-6220,7084,-434,222,-61,0
2958.8281350135803,7960,7156,11600,-87,-76,129,7376,-8100,11164,23,20,-200,-13096,3816,6980,-982,166,-80,-13232,-6140,6952,-422,215,-77,0
2958.8617000579834,8056,7124,11540,-100,-30,120,7444,-8272,11072,26,51,-203,-13144,3784,6980,-1017,149,-91,-13312,-6024,7052,-464,228,-116,0
2958.8948271274567,8064,7092,11420,-71,-21,108,7280,-8196,11032,20,118,-159,-12916,3768,7100,-1074,110,-94,-13304,-6052,6984,-446,179,-104,0
2958.928303003311,7900,7132,11548,-59,0,95,7260,-8140,11020,-245,108,-150,-13192,3768,6976,-1020,115,-60,-13216,-6120,7048,-411,202,-142,0
2958.9619081020355,7940,7032,11376,-54,35,46,7344,-8164,11068,-16,129,-147,-13088,3716,6972,-1044,135,-29,-13152,-6068,7032,-403,225,-143,0
2958.995470046997,7908,7088,11484,-91,44,62,7412,-8120,11088,-14,165,-141,-13112,3708,7076,-1042,88,-65,-13084,-5896,6992,-410,189,-129,0
2959.029072999954,7972,7136,11528,-87,45,74,7416,-8180,11060,15,134,-147,-13132,3800,7228,-1050,77,-91,-13424,-6052,7008,-370,227,-133,0
2959.0626361370087,7988,7124,11612,-95,46,55,7292,-8132,11020,-21,119,-153,-13088,3824,7104,-1105,156,-71,-13212,-5912,7092,-370,233,-106,0
2959.0958530902863,7800,7140,11336,-133,-12,35,7332,-8248,11164,-44,165,-165,-13160,4060,7352,-1278,102,-33,-13204,-6112,6960,-392,509,-95,0
2959.1293160915375,7856,7204,11592,-84,57,59,7324,-8140,11076,-68,138,-173,-13132,3872,7104,-1026,61,-72,-13316,-6064,7008,-388,180,-105,0
2959.162567138672,7772,7216,11544,-96,-23,73,7316,-8164,11160,-48,175,-145,-13100,3940,7076,-1076,80,-73,-13256,-6076,6988,-425,177,-111,0
2959.19620013237,7776,7164,11568,-151,39,45,7260,-8216,11124,-6,180,-139,-13112,3848,7200,-1128,139,-52,-13276,-6348,6960,-443,146,-161,0
2959.229804992676,7880,7208,11548,-93,90,10,7384,-8288,11396,-37,190,-137,-13152,3784,7196,-1124,91,-6,-13204,-6108,6920,-454,113,-149,0
2959.2634069919586,7796,7280,11620,-107,-14,12,7368,-8100,11148,-50,206,-149,-12872,3768,7020,-1099,96,-54,-13208,-5984,7048,-445,66,-113,0
2959.2968289852142,7772,7196,11460,-96,30,15,7312,-8148,11172,-27,172,-145,-13120,3736,7192,-1111,115,-78,-13268,-6300,7128,-406,42,-118,0
2959.3338100910187,7856,7248,11496,-61,-35,48,7280,-8108,10780,-29,156,-154,-13288,3800,6968,-1154,145,-5,-13304,-6160,7080,-491,-13,-127,0
2959.369153022766,7828,7268,11632,-63,-11,46,7316,-8132,10968,-52,149,-125,-13116,3728,7180,-1156,195,-20,-13300,-6132,7064,-530,-21,-138,0
2959.4044151306152,7868,7168,11444,-109,-59,53,7372,-8144,11040,-59,147,-159,-13120,3820,7168,-1115,172,-36,-13224,-6132,7124,-529,-45,-145,0
2959.4401540756226,7828,7232,11268,-71,-80,74,7352,-8168,11076,-45,174,-148,-13092,3740,7008,-1130,177,-66,-13236,-5984,7024,-555,-111,-146,0
2959.475666999817,7848,7224,11756,-64,-65,59,7308,-8240,11080,-51,142,-162,-13112,3840,6684,-1195,310,-80,-13176,-6052,7236,-574,-111,-140,0
2959.5118529796605,7688,7184,11416,-69,-103,74,7284,-8160,11112,-30,137,-169,-13144,4060,7136,-1113,0,-50,-13208,-6160,7404,-608,-198,-150,0
2959.547965049744,7844,7276,11396,-86,-55,84,7348,-8260,11172,-60,141,-186,-13248,3784,7136,-1059,220,-17,-13104,-6072,7136,-582,-204,-170,0
2959.583521127701,7916,6940,11556,-105,-116,98,7264,-8220,11160,-41,182,-179,-13472,3676,6940,-1095,207,-99,-13212,-6120,7344,-531,-132,-183,0
2959.618744134903,7796,7200,11580,-104,-83,75,7252,-8204,11188,-55,163,-178,-13140,3740,7200,-1085,492,-31,-13208,-6120,7192,-510,-97,-138,0
2959.654813051224,7848,7364,11484,-125,-61,49,7336,-8164,11240,-116,164,-160,-13220,3676,7256,-1030,231,-68,-13148,-5892,6960,-513,-76,-128,0
2959.6905801296234,7836,7320,11584,-119,-256,66,7224,-8244,11088,-117,157,-180,-13180,3800,6996,-1037,193,-39,-13144,-6052,7328,-531,-15,-138,0
2959.7255260944366,7772,7260,11680,-122,-243,62,7292,-8164,11100,-66,143,-178,-13112,3704,7088,-927,-37,-14,-13104,-6104,7220,-257,35,-148,0
2959.761533975601,7724,7356,11272,-90,32,66,7296,-8256,11148,-19,146,-175,-13152,3588,6788,-947,192,-45,-13232,-6216,7192,-653,112,-149,0
2959.7976770401006,7776,7280,11616,-115,4,85,7240,-8100,11220,-64,128,-175,-13196,3828,6832,-732,278,-36,-13112,-5908,7416,-713,224,-155,0
2959.8328940868378,7884,7408,11572,-118,-1,92,7248,-8164,11044,-34,108,-165,-13188,3816,7116,-910,217,-50,-13176,-6152,7212,-555,235,-126,0
2959.8691279888153,7912,7304,11496,-187,-44,111,7220,-8312,11064,-66,154,-159,-13200,3640,7192,-983,103,-56,-13152,-6072,7184,-505,214,-141,0
2959.904324054718,7820,7348,11600,-139,-27,112,7552,-7956,11056,-23,164,-149,-13128,4076,7152,-1078,70,-61,-13072,-6228,7224,-501,160,-154,0
2959.9399790763855,7740,7352,11280,-169,-52,89,7284,-8212,11128,-88,125,-160,-13140,3800,7076,-1038,89,-36,-13172,-6160,7236,-521,86,-127,0
2959.976179122925,7748,7416,11744,-162,-253,59,7312,-7944,11108,-66,134,-159,-13136,3752,6916,-1267,238,-74,-13120,-6104,6972,-462,163,-126,0
2960.009962081909,7724,7316,11512,-149,0,73,7208,-7996,11116,-54,153,-135,-13096,3740,7040,-1057,86,-112,-13028,-6196,7256,-492,165,-118,0
2960.0432159900665,7904,7264,11280,-163,-43,103,7268,-8236,11212,-20,173,-157,-13096,3768,7100,-1078,114,-99,-13180,-6208,7168,-445,182,-62,0
2960.076863050461,7796,7448,11752,-232,-95,144,7208,-8284,11200,-42,144,-180,-13180,3732,7004,-1063,134,-90,-13128,-6400,7412,-395,193,-61,0
2960.1104710102086,7708,7320,11600,-240,-143,143,7208,-8236,11264,-84,115,-207,-13232,3792,7096,-998,86,-86,-13192,-6192,7232,-474,207,-51,0
2960.143765926361,7880,7272,11420,-177,-152,142,7248,-8448,11432,-29,110,-210,-13000,3800,6868,-1279,131,-125,-13236,-6000,7412,-503,216,-71,0
2960.1773619651794,7804,7220,11508,-207,-143,155,7256,-8288,11120,6,95,-204,-13112,3756,6840,-1054,174,-166,-13128,-6184,7184,-496,205,-40,0
2960.2111771106725,7752,7256,11472,-213,-207,155,7276,-8216,11184,20,71,-210,-13248,3788,7036,-1013,134,-135,-13112,-6192,7248,-447,197,-45,0
2960.2445120811462,7868,7308,11660,-215,-142,147,7264,-8132,11080,14,102,-208,-13100,3780,6844,-1036,162,-82,-13084,-6140,7208,-449,188,-60,0
2960.2780859470367,7824,7288,11536,-250,-169,160,7268,-8220,11088,10,130,-227,-13068,3792,7128,-1093,159,-122,-13204,-6160,7192,-393,140,-58,0
2960.311649084091,7788,7412,11364,-227,-195,174,7308,-8180,11116,21,117,-213,-13208,3660,6976,-1086,171,-130,-13208,-6152,7108,-357,131,-43,0
2960.3447630405426,7944,7284,11500,-247,-208,203,7420,-8148,11064,-254,109,-226,-13164,3636,6976,-1096,177,-115,-13188,-6228,7200,-479,191,-33,0
2960.37828707695,7732,7232,11412,-211,-214,139,7572,-8212,11112,-26,96,-207,-13188,3764,6972,-1043,165,-93,-13228,-6112,7200,-472,164,-75,0
2960.411716938019,7948,7240,11516,-249,-186,146,7212,-8224,11088,29,111,-213,-13236,3840,6748,-1006,112,-69,-13156,-6024,7104,-520,276,-107,0
2960.445019006729,7900,7208,11380,-237,-167,121,7296,-8148,10908,255,94,-194,-13172,3684,6880,-982,155,-117,-13104,-6144,7240,-261,243,-62,0
2960.4786150455475,7840,7248,11520,-213,-178,145,7332,-8176,11040,255,110,-211,-13268,3720,6912,-1010,91,-136,-13244,-6068,7328,-440,196,-94,0
2960.511992931366,7776,7280,11424,-214,-161,149,7296,-7960,11032,20,75,-215,-13196,3772,7012,-991,158,-108,-13264,-6252,7244,-480,185,-82,0
2960.545140981674,7776,7180,11532,-193,-170,144,7332,-8152,11088,-1,104,-220,-13172,3748,6880,-988,123,-137,-13240,-6148,7180,-472,188,-43,0
2960.5788910388947,7884,7248,11444,-202,-213,156,7352,-8208,11084,-27,76,-210,-13244,3640,6824,-985,149,-99,-13348,-6072,7156,-476,140,-40,0
2960.61235499382,7928,7208,11296,-222,-172,186,7372,-8408,11140,-34,77,-169,-13272,3712,6948,-993,157,-121,-13128,-6032,7196,-257,167,-40,0
2960.64564704895,7976,7332,11492,-237,-170,150,7320,-8196,11012,8,75,-193,-13224,3800,7028,-1009,136,-105,-13224,-6076,7184,-500,130,-87,0
2960.6791999340057,7848,7276,11416,-150,-85,116,7320,-8040,11152,-18,121,-185,-13100,3736,6944,-1000,122,-93,-13280,-6124,7124,-468,90,-126,0
2960.7126829624176,7864,7336,11388,-192,-114,107,7376,-8120,11144,-35,138,-202,-13188,3684,6852,-962,123,-122,-13160,-5956,6996,-470,146,-96,0
2960.7464311122894,8156,7256,11420,-211,-103,112,7364,-8108,10776,-67,128,-194,-13220,3708,6828,-999,114,-104,-13236,-6040,7036,-506,112,-106,0
2960.7798259258266,7960,7192,11392,-139,-65,120,7648,-8168,11080,-42,140,-128,-13284,3636,6796,-963,131,246,-13252,-6136,7148,-494,64,-112,0
2960.8133471012115,7960,7296,11460,-177,249,107,7288,-7964,11040,-48,141,-154,-13324,3760,6752,-989,110,-241,-13144,-6052,7084,-484,70,-126,0
2960.8467791080475,7824,7328,11472,-190,4,96,7388,-8216,11180,-68,145,-155,-13224,3692,6808,-963,118,-23,-13192,-5960,7140,-488,74,-145,0
2960.886799097061,7952,7172,11500,-129,23,84,7176,-8184,11188,-41,160,-163,-13296,3772,6936,-1013,113,-83,-13216,-6132,7212,-514,85,-121,0
2960.9207379817963,7872,7296,11408,-175,-2,84,7300,-8180,11060,-30,131,-155,-13228,3780,6792,-985,121,-47,-13128,-6064,7220,-266,117,-114,0
2960.953989982605,7832,7316,11652,-131,-50,108,7208,-8288,11096,-72,132,-179,-13268,3736,6912,-963,124,-55,-13192,-6052,7196,-494,124,-116,0
2960.990051984787,7884,7276,11472,-172,-36,104,7452,-8220,11036,-87,132,-168,-13204,3736,7024,-945,122,-74,-13148,-6124,7156,-497,90,-147,0
2961.02525305748,7836,7232,11568,-159,-20,65,7344,-8408,11096,-49,160,-155,-13348,3852,7116,-957,116,-56,-13144,-5980,7176,-551,87,-153,0
2961.06120800972,7852,7348,11504,-152,-22,76,7312,-8152,11164,-57,176,-138,-13232,3768,7036,-986,122,-39,-13120,-6128,7328,-512,87,-154,0
2961.0971901416774,7772,7244,11428,-147,-37,71,7236,-8244,11060,-73,159,-159,-13208,3744,7028,-916,123,-12,-12828,-6076,7176,-515,43,-157,0
2961.132238149643,7792,7188,11696,-174,-13,79,7372,-8124,10944,-87,129,-160,-13212,3660,6940,-976,119,-13,-13148,-6092,7236,-495,51,-158,0
2961.1675159931183,7768,7212,11380,-156,-44,111,7296,-8204,10976,-64,124,-173,-13256,3748,6960,-981,93,-65,-13188,-6132,7180,-537,100,-129,0
2961.202861070633,7924,7324,11440,-100,-33,85,7340,-7960,11048,-72,139,-194,-13260,3688,7028,-987,119,-52,-13212,-6108,6992,-259,104,-164,0
2961.2381429672246,7860,7208,11368,-157,239,80,7456,-8232,11128,-70,144,-148,-13064,3756,6924,-968,69,-49,-13192,-6144,7080,-506,49,-119,0
2961.2731599807735,7932,7304,11488,-135,-28,87,7352,-8244,11180,-91,145,-161,-13204,3768,6964,-929,83,-7,-13096,-6044,7196,-481,41,-165,0
2961.3092629909515,7836,7320,11400,-117,245,87,7368,-8180,11036,-93,114,-139,-13232,3804,6672,-882,64,-40,-13268,-6004,7124,-520,34,-159,0
2961.3439090251923,7820,7180,11692,-153,-11,74,7296,-8312,11120,-73,112,-126,-13152,3592,6980,-996,83,-24,-13236,-6136,7188,-511,51,-178,0
2961.379282951355,7848,7244,11284,-146,-10,71,7280,-8176,10928,-36,144,-140,-13140,3856,6980,-981,31,-33,-13120,-6348,7220,-498,24,-190,0
2961.4148581027985,7832,7328,11736,-102,-18,78,7324,-8276,11172,-108,128,-145,-13152,3856,6892,-853,-63,-239,-13164,-6092,7204,-494,41,-177,0
2961.4507920742035,7808,7344,11416,-152,50,54,7284,-8256,10844,-81,98,-168,-13212,3844,7000,-868,-13,-55,-13032,-6352,7412,-478,25,-153,0
2961.486244916916,7904,7288,11408,-90,14,52,7288,-8240,10988,-101,100,-173,-13124,3864,6968,-921,247,-54,-13176,-5940,7408,-483,37,-188,0
2961.5223660469055,7760,7264,11560,-96,38,58,7208,-8260,11044,-136,131,-166,-13144,3788,7092,-905,50,-62,-13172,-6220,7268,-445,9,-191,0
2961.5578050613403,7744,7360,11480,-120,16,55,7252,-8272,11240,-117,173,-163,-13192,3840,7096,-920,76,-35,-13080,-6188,7292,-506,38,-138,0
2961.592574119568,7744,7252,11484,-159,31,67,7320,-8248,11112,-53,151,-151,-13120,3704,7104,-955,101,-16,-13140,-6096,7152,-490,56,-139,0
2961.629068136215,7772,7340,11400,-166,-9,89,7236,-8440,11256,-255,127,-183,-13152,3584,6792,-1005,101,-43,-13120,-6192,7236,-519,92,-132,0
2961.664603948593,7884,7220,11748,-139,40,101,7240,-8164,11232,-26,131,-183,-13160,3744,7104,-1000,73,-73,-13088,-6152,7316,-501,58,-117,0
2961.698385953903,7696,7380,11504,-153,45,80,7376,-8348,11172,-35,265,-179,-13160,3820,6820,-960,146,-103,-13128,-6172,7156,-490,34,-123,0
2961.731854915619,7836,7328,11636,-125,48,73,7364,-8368,10836,-52,144,-159,-13140,3904,6952,-922,82,-106,-13140,-6120,7280,-767,63,-145,0
2961.7652800083165,7804,7264,11516,-132,29,72,7388,-8240,11248,-58,152,-180,-13236,3748,7056,-950,99,-40,-13124,-6280,7216,-546,66,-154,0
2961.798913002014,7712,7420,11444,-134,43,78,7300,-7944,10812,-64,129,-177,-13248,3624,6992,-976,160,-61,-12808,-6168,7228,-545,95,-154,0
2961.8324041366577,7664,7304,11484,-150,38,77,7312,-8292,11076,-58,167,-166,-13300,3860,7064,-1027,86,-75,-13096,-6192,7348,-511,95,-151,0
2961.865872144699,7688,7312,11508,-165,26,73,7264,-8300,11040,-27,165,-141,-13152,3804,6992,-1038,144,-115,-12844,-6104,7280,-514,38,-139,0
2961.899332046509,7800,7376,11588,-186,24,91,7276,-8308,11132,-16,120,-161,-13092,3836,6956,-1035,115,-80,-13084,-6164,7256,-548,84,-140,0
2961.932907104492,7616,7336,11632,-182,-11,100,7268,-8328,11176,249,107,-163,-13140,3896,6864,-1060,168,-44,-12856,-6104,7320,-551,82,-90,0
2961.966398000717,7640,7388,11588,-149,-26,118,7336,-8252,11260,-37,117,-197,-13188,3864,7248,-1028,136,-83,-13084,-6124,7248,-597,120,-108,0
2962.0000381469727,7780,7308,11452,-149,-101,128,7348,-8276,11052,-47,100,-192,-13232,3824,6984,-966,115,-136,-13192,-6208,7320,-581,123,-80,0
2962.0334300994873,7468,7312,11456,-128,-99,150,7292,-8288,11128,-39,108,-205,-13148,3820,6916,-963,116,-128,-13276,-6256,7564,-597,150,-71,0
2962.0672631263733,7484,7348,11768,-198,-71,101,7256,-8196,11012,-82,125,-205,-13256,4052,7040,-965,159,-95,-13284,-6376,7380,-587,118,-62,0
2962.1008870601654,7820,7400,11444,-181,-71,133,7288,-8264,11112,-68,126,-174,-13264,3588,7068,-1040,107,-69,-13120,-6372,7304,-610,153,-90,0
2962.1341681480408,7796,7248,11744,-216,-94,125,7608,-8440,10780,-13,118,-171,-13276,3828,6952,-1035,42,-95,-13032,-6356,7220,-589,192,-90,0
2962.1677050590515,7684,7356,11648,-189,-70,126,7292,-8252,10816,24,134,-184,-13156,3784,6912,-1017,66,-130,-13152,-6184,7284,-600,149,-112,0
2962.2014360427856,7672,7388,11512,-151,-85,111,7332,-8328,10824,-54,148,-207,-13164,3756,6984,-905,76,-138,-13068,-6112,7332,-629,132,-62,0
2962.234938144684,7696,7276,11532,-156,-131,118,7316,-8240,10980,-52,130,-219,-13200,3936,7012,-932,97,-130,-13036,-6084,7260,-612,169,-97,0
2962.268463134765,7960,7316,11620,-110,-66,155,7448,-8204,10980,-45,104,-168,-13132,3908,6988,-1019,35,-99,-13036,-6188,7236,-617,126,-114,0
2962.3020141124725,7792,7380,11332,-126,-89,135,7176,-8440,11140,-68,133,-156,-13220,3756,6936,-1009,97,-84,-13128,-6236,7232,-617,102,-95,0
2962.3353919982906,7824,7320,11616,-153,-30,139,7296,-8160,10960,-82,117,-162,-13180,3756,7044,-1052,97,-96,-12824,-6212,7336,-615,104,-104,0
2962.368968963623,7704,7396,11456,-117,-50,118,7276,-8248,10936,-102,141,-190,-13200,3876,6756,-1070,85,-105,-13056,-6200,7240,-639,120,-115,0
2962.4023289680486,7660,7348,11488,-115,-105,117,7240,-8288,10972,-29,106,-200,-13096,3872,6792,-1103,106,-126,-12856,-6264,7188,-656,225,-107,0
2962.4356570243835,7784,7364,11400,-103,-140,151,7240,-8304,11072,-55,77,-196,-13156,3896,6684,-1110,56,-139,-13140,-6340,7352,-676,204,-94,0
2962.4694380760193,7484,7356,11720,-110,-153,141,7352,-8356,11152,-83,101,-215,-13160,3844,6852,-1078,114,-149,-13084,-6248,7228,-613,164,-83,0
2962.503005027771,7804,7604,11336,-123,-105,109,7328,-8300,10976,-82,87,-218,-13168,3796,7104,-1086,76,-139,-13180,-6216,7136,-672,205,-116,0
2962.536716938019,7816,7308,11476,-105,-129,118,7344,-8232,10752,-64,123,-200,-13252,3816,6784,-1083,-6,-138,-13060,-6392,7300,-699,216,-136,0
2962.5703799724574,7820,7408,11412,-99,-77,128,7320,-8264,11068,-69,99,-189,-13176,3720,7032,-1088,84,-99,-13096,-6312,7216,-682,154,-124,0
2962.6038789749146,7756,7300,11564,-138,-54,115,7364,-8208,11076,-63,102,-208,-13148,4036,7148,-1121,103,-42,-13208,-6216,6916,-666,125,-94,0
2962.637326002121,7784,7276,11448,-107,-64,95,7380,-8304,10960,-95,110,-202,-13232,3808,7028,-1103,72,-118,-13100,-6240,7164,-706,86,-125,0
2962.6732630729675,7824,7316,11476,-102,-11,95,7332,-8236,11212,-106,99,-179,-13140,3816,6884,-1150,98,-55,-13028,-6296,7200,-685,80,-139,0
2962.7085051536565,7748,7344,11352,-35,-7,67,7492,-8328,10964,-67,85,-191,-13260,3676,7072,-1185,81,-51,-13064,-6220,7188,-667,42,-174,0
2962.743926048279,7732,7456,11300,-73,67,49,7332,-8296,10972,-90,127,-172,-13112,3732,6872,-1190,66,-57,-13060,-6260,7184,-644,42,-167,0
2962.778979063034,7648,7368,11504,-69,101,42,7404,-8352,10992,-79,119,-174,-13168,3808,6924,-1190,79,-63,-13032,-6256,7256,-648,53,-149,0
2962.8146159648895,7820,7424,11524,-115,90,59,7376,-8276,11092,-50,152,-163,-13200,3684,7012,-1137,81,-1,-13148,-6244,7208,-623,78,-145,0
2962.8507030010223,7724,7512,11568,-119,87,89,7308,-8384,10984,-61,138,-146,-13212,3784,7052,-1071,117,-52,-13140,-6220,7156,-628,82,-147,0
2962.885462999344,7604,7408,11624,-157,71,47,7300,-8288,11036,-59,151,-176,-13200,3712,6952,-1092,92,-14,-13232,-6316,7392,-609,74,-186,0
2962.9208631515503,7748,7400,11424,-126,67,57,7208,-8248,10936,27,192,-154,-13232,3804,7088,-1037,84,-26,-13144,-6292,7248,-603,71,-173,0
2962.956169128418,7500,7412,11524,-132,117,49,7420,-8376,10924,-17,176,-188,-13276,3740,6664,-988,121,-14,-13068,-6268,7264,-571,81,-193,0
2962.991807937622,7684,7448,11476,-173,100,42,7392,-8348,10972,30,143,-195,-12904,3732,7020,-1011,163,-71,-12976,-6280,7392,-562,89,-153,0
2963.028011083603,7664,7356,11408,-137,56,62,7420,-8356,10976,0,160,-139,-13180,3852,6880,-1043,192,-32,-13000,-6272,7236,-516,102,-146,0
2963.063403129577,7684,7552,11472,-170,41,81,7352,-8284,11024,26,139,-161,-13060,3776,7048,-1018,242,-254,-13056,-6392,7256,-768,125,-136,0
2963.0996530056004,7524,7448,11492,-250,37,110,7344,-8288,11184,5,126,-139,-13200,3800,7032,-981,255,-65,-12992,-6316,7152,-491,142,-123,0
2963.1344399452214,7584,7428,11572,-150,37,93,7428,-8344,11028,-8,133,-170,-13096,3728,7076,-1032,148,-32,-12828,-6280,7180,-513,123,-132,0
2963.170151948929,7576,7176,11588,-179,-7,80,7336,-8232,10884,32,147,-182,-13168,3728,6844,-1042,205,-67,-13248,-6272,6988,-476,159,-131,0
2963.2056720256805,7652,7672,11412,-176,255,76,7296,-8348,10956,23,102,-196,-13196,3732,6852,-1064,219,-19,-13008,-6400,7192,-465,131,-146,0
2963.2407801151276,7680,7504,11760,-184,-44,83,7280,-8324,11124,25,141,-168,-13220,3752,7012,-1018,226,-95,-13084,-6312,7192,-433,183,-145,0
2963.277365922928,7596,7408,11548,-201,-28,92,7404,-8256,10976,248,161,-178,-13236,3840,6728,-771,176,-73,-13296,-6336,7224,-460,142,-143,0
2963.312772989273,7512,7676,11480,-206,-12,82,7416,-8292,11220,9,113,-181,-13168,3728,6888,-1031,177,-47,-13084,-6308,7312,-480,107,-157,0
2963.3482179641724,7512,7536,11508,-156,-29,106,7252,-8312,11084,-4,135,-160,-13144,3780,7048,-1011,188,-14,-12996,-6312,7172,-493,103,-140,0
2963.381655931473,7620,7168,11436,-209,-8,70,7332,-8212,11084,-35,134,-158,-13212,4072,7040,-1020,180,-45,-13068,-6340,7276,-457,115,-176,0
2963.4147770404816,7548,7528,11576,-197,-39,128,7236,-8260,11188,9,143,-172,-13236,3748,6888,-778,127,-75,-13020,-6320,7412,-496,134,-138,0
2963.4482369422913,7516,7440,11408,-149,-73,89,7276,-8268,10928,-15,114,-180,-13100,3764,6980,-980,189,-10,-13100,-6356,7236,-479,84,-157,0
2963.4814870357513,7568,7496,11584,-172,-15,100,7292,-8376,11060,-15,117,-204,-13140,3744,7008,-1018,184,-61,-13028,-6296,7192,-460,25,-137,0
2963.5152060985565,7544,7396,11624,-146,-71,103,7372,-8356,11236,-11,116,-187,-13324,3744,6972,-1044,168,-81,-13268,-6328,7204,-370,106,-130,0
2963.5487079620366,7644,7668,11304,-179,-88,122,7296,-8376,11224,-23,128,-193,-13184,3752,7060,-998,96,-66,-13072,-6444,7252,-317,96,-114,0
2963.582263946533,7624,7484,11572,-198,-72,117,7348,-8152,11008,-23,142,-176,-13208,3856,6764,-978,98,-3,-13036,-6368,7256,-302,152,-120,0
2963.6157879829407,7572,7504,11404,-176,-50,114,7608,-8272,11020,-42,134,-157,-13264,4048,7156,-951,131,-43,-12828,-6296,7324,-376,149,-104,0
2963.648957967758,7600,7412,11320,-210,-83,129,7260,-8356,11128,-256,129,-148,-13212,3692,6876,-990,78,-59,-12988,-6384,7404,-418,229,-119,0
2963.682536125183,7572,7232,11100,-241,-51,138,7208,-8216,11120,13,114,-158,-13212,3648,7000,-971,113,-81,-13024,-6384,7188,-478,226,-119,0
2963.7159309387207,7620,7660,11768,-192,-67,107,7352,-8312,11120,-75,178,-174,-13256,3792,6940,-945,77,-41,-13068,-6260,7376,-503,276,-133,0
2963.7492730617523,7508,7484,11556,-244,-85,98,7232,-8440,10788,-44,162,-180,-13160,3616,6884,-908,80,-58,-12876,-6304,7204,-466,228,-126,0
2963.7828581333165,7624,7648,11716,-198,-70,116,7272,-8284,11012,-38,129,-179,-13248,3588,6856,-944,101,-120,-13088,-6332,7180,-450,205,-93,0
2963.8166201114655,7468,7408,11752,-240,-154,153,7324,-8216,11200,253,114,-176,-13112,3816,7020,-987,128,-95,-13032,-6160,7388,-421,187,-85,0
2963.850089073181,7640,7456,11768,-244,-130,174,7244,-8340,10952,-62,107,-184,-13288,3912,7044,-944,84,-109,-12856,-6156,7284,-430,144,-65,0
2963.883499145508,7604,7672,11592,-244,-132,159,7320,-8324,11228,-33,120,-191,-13248,3800,6992,-978,61,-59,-13012,-6284,7196,-454,194,-91,0
2963.9168651103973,7576,7168,11584,-203,-148,173,7284,-8312,11072,-12,95,-204,-13184,3772,6868,-997,124,-140,-12864,-6220,7248,-434,138,-64,0
2963.9500899314885,7476,7392,11524,-226,-151,188,7224,-8364,11056,12,60,-237,-13184,3788,7004,-1011,180,-162,-12976,-6240,7284,-422,58,-43,0
2963.983654975891,7640,7184,11612,-207,-208,185,7272,-8328,10864,-2,89,-209,-13192,3980,7088,-955,108,-93,-13232,-6300,7332,-452,84,-76,0
2964.0172510147095,7656,7608,11512,-214,-160,164,7380,-8300,10752,-19,92,-212,-13280,3720,7044,-945,116,-69,-13124,-6244,7192,-431,178,-69,0
2964.05078792572,7692,7392,11476,-211,-192,161,7368,-8260,10920,5,113,-209,-13320,3780,6660,-1020,82,-114,-12820,-6236,7048,-196,371,-49,0
2964.084263086319,7452,7404,11020,-236,-62,141,7496,-8212,11028,9,178,-187,-13112,3824,6684,-988,157,-155,-13048,-6372,7536,-1158,453,-138,0
2964.1175820827484,7548,7416,11484,-221,-132,184,7236,-8320,11096,-42,131,-212,-13272,3696,7128,-989,117,-142,-13236,-6260,7172,-528,291,-64,0
2964.1508350372314,7428,7352,11320,-231,-76,120,7356,-8264,11148,-29,101,-185,-13228,3740,7116,-920,140,-97,-13148,-6256,7312,-581,214,-88,0
2964.1844849586487,7648,7340,11772,-221,-158,139,7376,-8320,11044,4,131,-188,-13260,3800,6840,-984,109,-123,-13120,-6304,7240,-530,237,-92,0
2964.2182331085205,7592,7432,11588,-240,-136,144,7344,-8352,11216,6,148,-199,-13132,3792,7084,-992,131,-114,-13104,-6364,7172,-496,275,-94,0
2964.2518820762634,7704,7408,11396,-228,-172,167,7352,-8348,11056,254,136,-203,-13272,3680,6808,-947,138,-112,-13124,-6236,7100,-487,276,-47,0
2964.285476922989,7608,7360,11300,-210,-207,173,7312,-8244,11064,-19,93,-205,-13256,4056,7156,-978,149,-145,-13068,-6348,7108,-507,277,-65,0
2964.319165945053,7540,7396,11676,-194,-206,168,7288,-8316,11240,-16,92,-217,-13096,3764,7040,-978,156,-106,-13096,-6272,7396,-509,4,-106,0
2964.354943037033,7708,7448,11600,-230,-177,180,7344,-8240,10972,-38,98,-181,-13304,3768,7144,-953,154,-102,-13124,-6288,7104,-479,245,-71,0
2964.390196084976,7812,7400,11500,-195,-168,191,7368,-8332,11016,-45,104,-177,-13264,3696,6856,-957,129,-69,-13132,-6216,7084,-516,221,-73,0
2964.425460100174,7784,7292,11488,-256,-178,156,7660,-8336,11100,-9,106,-193,-13268,3812,6740,-1037,105,-115,-12880,-6156,7008,-502,176,-88,0
2964.461184978485,7444,7264,12472,164,-1450,-41,6980,-8068,10996,92,142,-203,-13148,3756,6880,-999,106,-78,-13088,-6392,7216,-464,160,-111,0
2964.4961869716644,7756,7372,11436,-180,-141,104,7408,-8292,10988,-55,155,-202,-13196,3752,6936,-974,87,-102,-13132,-6252,7084,-501,191,-127,0
2964.532721042633,7784,7244,11588,-185,-148,98,7452,-8236,10804,-67,131,-201,-13220,4080,6552,-982,85,-56,-13112,-6260,7228,-475,161,-88,0
2964.56777215004,7820,7384,11308,-193,-80,122,7456,-8156,11012,-101,149,-176,-13304,3656,6772,-977,113,-38,-13072,-6212,7160,-403,116,-127,0
2964.6035120487213,7760,7348,11464,-193,-17,86,7184,-8300,10972,-44,156,-145,-13524,3740,7036,-1010,79,-11,-13156,-6228,7040,-446,115,-140,0
2964.639279127121,7916,7628,11624,-184,-39,68,7344,-8256,10872,-89,233,-140,-13164,3768,6732,-982,72,-13,-13152,-6304,6972,-460,169,-160,0
2964.6749320030212,7680,7176,11672,-156,-32,78,7184,-8312,11124,-85,175,-161,-13256,3920,6996,-971,54,-82,-13124,-6212,7032,-463,179,-150,0
2964.7103679180145,7760,7324,11540,-161,-75,109,7372,-8296,11208,-63,147,-202,-13168,3848,6808,-1023,71,-50,-13272,-6300,7328,-492,223,-156,0
2964.74542593956,7776,7256,11376,-125,-56,67,7316,-8268,11060,-65,129,-187,-13232,3768,6660,-996,65,-97,-13064,-6308,7080,-479,190,-146,0
2964.7812571525574,7808,7332,11644,-176,-85,69,7300,-8244,11076,-49,180,-178,-13244,3756,6872,-953,78,-48,-13212,-6240,7128,-459,194,-128,0
2964.81719493866,7692,7676,11692,-165,-54,62,7320,-8356,11112,-99,176,-199,-13288,3624,6832,-1019,16,-59,-13092,-6292,7372,-463,161,-152,0
2964.852870941162,7592,7420,11520,-141,-56,53,7356,-8324,11100,-67,187,-149,-13160,3624,7136,-978,20,-6,-13172,-6188,7032,-519,147,-185,0
2964.8881499767303,7824,7364,11272,-108,-10,80,7404,-8320,11012,-89,150,-161,-13192,3736,7148,-990,37,-24,-13060,-6264,7084,-489,127,-172,0
2964.9236559867854,7688,7184,11516,-156,-20,66,7376,-8272,10960,-129,145,-163,-13344,3732,6796,-980,-336,44,-13256,-6252,7044,-454,126,-165,0
2964.9588420391083,7824,7360,11284,-141,-30,67,7532,-8240,11012,-127,128,-151,-13180,3812,6980,-946,31,-86,-13068,-6400,7220,-508,134,-154,0
2964.995535135269,7744,7380,11624,-147,-254,63,7360,-8292,10988,-95,188,-159,-13300,3748,6736,-990,-17,-21,-13088,-6276,7116,-514,147,-151,0
2965.0291500091553,7744,7436,11508,-121,-74,43,7388,-8352,11080,-80,109,-165,-13368,3644,7124,-967,-80,-34,-13140,-6324,7184,-271,135,-184,0
2965.0626180171967,7756,7452,11376,-120,-37,44,7304,-8308,11160,-87,214,-170,-13208,3864,6876,-1009,44,-69,-13136,-6312,6992,-521,134,-159,0
2965.0961260795593,7740,7400,11508,-128,-12,59,7408,-8236,11048,-98,119,-164,-13224,3836,6952,-964,6,-38,-13120,-6288,7420,-504,106,-149,0
2965.1297760009766,7740,7428,11520,-129,-16,62,7240,-8368,10944,-111,167,-140,-13236,3856,7024,-1063,-26,-13,-13244,-6252,7052,-505,91,-148,0
2965.1631441116333,7856,7404,11640,-145,-3,45,7252,-8388,10972,-62,133,-144,-13264,3948,7176,-1056,-77,-24,-13076,-6252,7404,-525,116,-166,0
2965.1969871520996,7496,7612,11592,-161,-29,65,7360,-8324,11012,-85,151,-148,-13168,3744,6984,-1061,-18,-6,-13148,-6392,7164,-505,104,-142,0
2965.2305669784546,7616,7384,11612,-124,-32,54,7376,-8436,10800,-93,158,-176,-13148,3704,7020,-1044,-24,-53,-13060,-6344,7064,-486,138,-163,0
2965.2640230655666,7708,7376,11424,-153,-16,44,7352,-8372,11132,-63,386,-107,-13208,3956,6776,-1094,100,-93,-13024,-6236,7200,-472,147,-147,0
2965.297605037689,7688,7432,11304,-134,-47,67,7444,-8340,10756,-68,151,-158,-13052,3928,6892,-1073,35,-83,-13132,-6312,7100,-502,134,-153,0
2965.331221103668,7628,7348,11636,-128,-11,75,6996,-8252,11120,-57,138,-160,-13136,3816,6956,-1091,56,-48,-13164,-6204,6916,-503,133,-127,0
2965.3647429943085,7604,7472,11544,-141,-17,92,7396,-8304,10724,-88,153,-164,-13116,3748,6888,-1040,63,-48,-13000,-6352,7288,-476,111,-136,0
2965.397781133652,7844,7660,11304,-169,-7,83,7268,-8312,11068,-88,148,-160,-13188,3604,6892,-1010,41,-88,-13112,-6380,7092,-487,141,-159,0
2965.4313030242924,7880,7184,11424,-149,-15,88,7268,-8372,11068,-62,139,-167,-13204,3824,7072,-1103,71,-74,-13000,-6288,7128,-762,178,-109,0
2965.464630126953,7524,7448,11492,-147,-26,94,7288,-8292,10912,-62,111,-181,-13116,3832,6920,-1097,46,-40,-13044,-6376,7128,-540,140,-120,0
2965.4982500076294,7864,7672,11516,-81,-57,87,7320,-8404,10996,-79,230,-43,-13136,3804,6764,-1093,122,-60,-13000,-6344,7112,-541,180,-136,0
2965.5318751335144,7668,7404,11488,-112,-81,92,7204,-8344,11260,-88,162,-158,-13244,3908,6972,-1112,127,-66,-13276,-6268,7016,-259,169,-113,0
2965.565551996231,7676,7376,11460,-136,-111,106,7364,-8500,10824,-31,189,-195,-13244,3636,7124,-1093,55,-93,-13072,-6184,7124,-553,238,-125,0
2965.598792076111,7696,7524,11340,-113,-168,121,7348,-8448,10760,-18,201,-176,-13068,3820,7060,-779,141,-71,-13064,-6332,7168,-493,239,-89,0
2965.6322021484375,7760,7484,11544,-206,-161,133,7200,-8424,10992,-37,131,-196,-13232,3616,7048,-1007,192,-67,-12808,-6332,7124,-500,263,-92,0
2965.665584087372,7684,7508,11388,-255,-199,148,7180,-8468,11104,-52,118,-214,-13160,3820,7372,-1028,117,-115,-13048,-6348,7088,-477,262,-65,0
2965.6991550922394,7684,7432,11528,-214,-172,158,7336,-8424,11076,-18,107,-184,-13100,3808,6976,-981,101,-129,-13300,-6308,7200,-432,270,-72,0
2965.732670068741,7720,7444,11544,-200,-178,169,7204,-8396,10868,8,128,-203,-13060,3880,6916,-977,179,-166,-13136,-6312,7016,-443,505,-71,0
2965.766217947006,7708,7440,11540,-210,-157,173,7292,-8416,11088,-249,109,-198,-13216,3816,6972,-954,209,-122,-13176,-6320,7008,-442,277,-73,0
2965.799649953842,7712,7448,11416,-246,-164,177,7320,-8592,11068,87,113,-213,-13112,3872,6924,-955,277,-155,-13112,-6220,7064,-390,258,-48,0
2965.8331661224365,7792,7360,11468,-272,-165,203,7328,-8336,11052,162,82,-233,-13180,3640,7280,-1020,435,-155,-13128,-6308,7060,-305,202,25,0
2965.866923093796,7708,7400,11512,-273,-226,194,7376,-8376,10840,65,52,-215,-13244,3676,6936,-1085,380,-157,-13084,-6376,6936,-314,285,-13,0
2965.902411937713,7820,7464,11396,-261,-196,184,7276,-8284,11072,29,110,-192,-13232,3748,6872,-1035,343,-69,-13208,-6336,7000,-356,206,-32,0
2965.9365820884705,7708,7392,11336,-307,-185,177,7316,-8272,11068,55,105,-170,-13276,3828,6980,-1051,393,-30,-13044,-6272,7100,-330,198,-39,0
2965.9698791503906,7780,7356,11352,-349,-199,212,7332,-8304,11044,126,58,-174,-13156,3708,7068,-1183,471,-116,-13244,-6248,7036,-319,190,-60,0
2966.0031950473785,7732,7384,11452,-277,-243,181,7368,-8360,11120,97,80,-219,-13256,3716,7132,-1190,308,-126,-13064,-6332,7056,-307,277,-53,0
2966.039775133133,7704,7372,11492,-313,-264,122,7312,-8400,11032,24,119,-240,-13224,3772,6960,-1011,239,-111,-13208,-6260,7172,-369,265,-58,0
2966.0750100612645,7764,7292,11496,-265,-257,174,7400,-8384,10956,24,131,-211,-13088,3844,6816,-1070,370,-90,-13092,-6244,7144,-360,172,-28,0
2966.1111500263214,7876,7268,11424,-258,-187,213,7424,-8184,11040,84,32,-199,-13296,3748,6916,-1185,329,-42,-13108,-6192,6764,-301,156,-37,0
2966.147402048111,7864,7372,11360,-292,-218,200,7320,-8264,10916,37,57,-187,-13216,3804,6676,-1142,196,-47,-13224,-6176,7180,-389,193,-40,0
2966.1828429698944,7860,7276,11404,-244,-211,170,7304,-8340,11068,-37,72,-229,-13496,3720,6988,-1040,243,-109,-13260,-6272,7088,-434,138,-78,0
2966.2183899879456,7864,7372,11504,-218,-212,134,7360,-8280,10956,7,76,-234,-13280,3744,6740,-990,309,-66,-13140,-5924,7028,-419,187,-18,0
2966.253879070282,7860,7192,11484,-260,-199,171,7436,-8228,10936,12,75,-245,-13284,3732,6828,-872,226,-108,-13240,-6224,6924,-447,244,-85,0
2966.289469957352,7844,7288,11360,-223,-229,161,7388,-8296,10944,-87,104,-219,-13060,3796,6796,-799,182,-60,-13188,-6204,7028,-505,170,-106,0
2966.324625015259,7820,7172,11312,-224,-165,144,7428,-8344,10844,-126,127,-203,-13236,3820,6896,-763,84,-104,-13140,-6020,7060,-470,93,-95,0
2966.360069990158,8004,7248,11448,-212,-166,144,7516,-8344,11028,-57,121,-191,-13392,3584,7068,-829,73,-51,-13268,-6284,6936,-541,138,-171,0
2966.3954980373383,8012,7308,11356,-86,-157,88,7404,-8072,10916,-122,229,-154,-13244,3732,6888,-684,-16,-81,-13236,-6152,7088,-605,61,-176,0
2966.4313480854034,7912,7368,11484,-92,-45,87,7456,-8352,11108,-105,215,-159,-13296,3760,6932,-729,-69,-40,-13316,-6128,7016,-588,26,-188,0
2966.4671890735626,8144,7308,11436,-149,-46,48,7336,-8368,11124,-139,223,-182,-13236,3904,6760,-860,-138,-27,-13164,-6228,7160,-640,77,-229,0
2966.50238609314,7884,7428,11372,-84,-60,91,7248,-8216,11000,-105,205,-136,-13256,3808,6876,-767,-115,-43,-13156,-6304,7180,-622,46,-206,0
2966.5388081073766,7876,7368,11412,-50,-47,64,7332,-8276,10760,-112,141,-167,-13192,3820,6924,-854,-72,-65,-13092,-6296,6976,-599,72,-166,0
2966.574429988861,7848,7360,11432,-100,-90,41,7376,-8256,11056,-135,186,-180,-13192,3760,6856,-1020,-118,-41,-13248,-6272,7044,-591,77,-193,0
2966.6106040477753,7892,7296,11316,-113,-5,68,7336,-8320,11088,-180,200,-127,-13264,3828,6956,-739,-187,-54,-13152,-6156,7072,-593,25,-186,0
2966.6456871032715,7836,7252,11472,-83,-22,65,7392,-8236,11084,-190,192,-123,-13200,4072,6676,-798,-112,2,-13132,-6216,7128,-610,63,-165,0
2966.6827969551086,7908,7360,11324,-60,-26,63,7436,-8348,10900,-135,161,-127,-13172,3880,6840,-873,-129,-12,-13108,-6204,6996,-615,52,-216,0
2966.716392993927,8072,7172,11368,-75,-34,36,7340,-8272,10816,-172,235,-153,-13296,3872,6664,-911,-201,-53,-13136,-6300,6948,-684,67,-222,0
2966.749836921692,7864,7376,11412,-41,-52,26,7264,-8376,11040,-175,255,-145,-13064,3636,6924,-889,-353,-77,-13200,-6240,6992,-755,38,-259,0
2966.783416032791,7684,7376,11472,14,-39,18,7332,-8488,10908,-130,245,-176,-13168,3852,7084,-1048,-148,-40,-13088,-6284,6984,-654,106,-220,0
2966.8171610832214,7880,7320,11392,-30,-89,9,7412,-8432,10908,-82,232,-171,-13300,3968,6968,-1154,255,-66,-13188,-6384,7064,-659,134,-195,0
2966.850471973419,7864,7392,11416,-96,-64,30,7564,-8416,10976,-50,207,-157,-13112,3908,7108,-1090,-35,-81,-13248,-6280,6936,-723,75,-214,0
2966.8838369846344,7748,7412,11400,-30,-248,14,7252,-8352,11192,-145,191,-165,-13136,3872,7008,-1035,-21,-25,-13052,-6388,7208,-1024,32,-188,0
2966.919382095337,7768,7492,11440,-36,30,23,7332,-8448,11036,-160,125,-170,-13120,3844,7004,-999,41,-29,-13148,-6400,7000,-775,-42,-189,0
2966.9529700279236,7684,7444,11356,-51,45,31,7288,-8408,10980,-152,102,-181,-13132,4088,6948,-1062,83,-76,-13012,-6460,7124,-802,-62,-177,0
2966.9866039752965,7712,7516,11188,10,76,16,7324,-8428,10968,-169,68,-171,-13080,3816,7040,-1083,92,-52,-12812,-6600,7088,-808,-96,-191,0
2967.0201201438904,7784,7480,11184,56,58,56,7280,-8412,10996,-208,79,-159,-13088,3920,7156,-1075,134,-60,-13016,-6444,6968,-628,-68,-157,0
2967.053202152252,7856,7408,11316,-18,-67,47,7296,-8404,10948,-118,90,-173,-13216,3788,7036,-1117,125,-76,-13012,-6396,7064,-574,73,-133,0
2967.086836099624,7756,7508,11460,-151,-23,56,7336,-8356,10944,-64,100,-171,-13176,3768,6724,-1071,176,-56,-13148,-6444,7028,-564,56,-130,0
2967.1203479766846,7832,7468,11432,-113,-33,97,7380,-8432,10916,-81,102,-169,-13160,3912,7176,-1106,114,-25,-13124,-6416,7012,-496,21,-117,0
2967.153481960296,7704,7544,11344,-165,-64,115,7328,-8468,11016,-93,106,-143,-13148,3908,6956,-1071,146,-53,-12888,-6188,7332,-502,15,-121,0
2967.187268972397,7808,7508,11304,-127,-26,125,7248,-8400,10740,-64,122,-150,-13084,3932,6992,-1096,137,-1,-13016,-6640,7260,-402,73,-95,0
2967.22079205513,7812,7468,11492,-153,-12,132,7296,-8420,10936,-26,135,-138,-13064,3852,6752,-1038,160,-68,-13232,-6320,6924,-423,124,-128,0
2967.2540669441223,7636,7424,11544,-208,15,144,7324,-8416,10928,-255,120,-165,-13128,3952,6996,-1085,145,-82,-13052,-6388,7144,-413,155,-108,0
2967.2876250743866,7764,7500,11400,-166,255,123,7168,-8512,10964,-23,118,-179,-13164,3792,7112,-1057,141,-109,-13044,-6436,7160,-412,191,-103,0
2967.321303129196,7736,7472,11392,-239,-63,142,7308,-8444,10904,20,141,-183,-13012,3928,6960,-1005,169,-79,-13032,-6356,7108,-440,215,-101,0
2967.354922056198,7732,7492,11448,-223,-83,146,7268,-8472,10996,15,131,-225,-13232,3936,6912,-978,162,-92,-13052,-6428,7076,-420,231,-65,0
2967.3881509304047,7728,7500,11312,-197,-189,141,7332,-8400,11000,21,154,-199,-13200,3612,7012,-1008,174,-147,-13132,-6484,7084,-432,232,-56,0
2967.421751976013,7788,7456,11332,-173,-158,149,7328,-8448,10996,4,133,-201,-13292,3668,7132,-995,171,-141,-13252,-6436,6968,-456,208,-69,0
2967.4550869464874,7804,7436,11668,-233,-144,118,7320,-8376,10876,9,161,-157,-13200,3836,6852,-1064,147,-94,-13292,-6344,7324,-471,218,-85,0
2967.4882769584656,7872,7556,11312,-242,-138,133,7280,-8348,11100,93,211,-171,-13184,3812,6940,-1049,144,-96,-12836,-6436,7364,-483,194,-79,0
2967.521912097931,7776,7508,11344,-144,-125,113,7348,-8500,11080,45,199,-188,-13180,3868,7068,-1018,179,-143,-13124,-6440,7156,-551,218,-88,0
2967.555333137512,7828,7452,11764,-195,-86,129,7252,-8348,11104,33,128,-236,-13180,3852,6972,-1043,225,-161,-13200,-6324,7120,-480,220,-51,0
2967.5889420509334,7868,7628,11076,-150,-116,176,7032,-8404,11012,47,143,-181,-13272,3892,7104,-1053,226,-118,-13120,-6352,7096,-490,191,-86,0
2967.622358083725,7868,7480,11408,-180,-134,166,7376,-8248,11092,38,140,-170,-13120,3848,6952,-985,178,-107,-13104,-6596,7340,-487,152,-49,0
2967.655350923538,7784,7500,11336,-200,-90,167,6968,-8412,10960,-42,145,-160,-13112,3864,7044,-948,162,-129,-13112,-6348,7364,-507,152,-69,0
2967.68868803978,7816,7448,11388,-166,-75,129,7404,-8460,11040,8,168,-182,-13272,3864,7140,-976,145,-97,-12808,-6636,7012,-511,193,-76,0
2967.7250270843506,7784,7436,11384,-179,-134,142,7280,-8428,10920,4,151,-206,-13140,3824,6920,-961,167,-133,-13008,-6404,6968,-532,234,-86,0
2967.760409116745,7456,7488,11304,-175,-111,154,7276,-8356,10940,36,129,-207,-13144,3820,7104,-977,203,-126,-12972,-6160,6996,-475,246,-51,0
2967.7957050800323,7720,7440,11476,-204,-130,164,7332,-8352,10996,40,124,-241,-13160,3848,6904,-971,205,-107,-13140,-6340,7128,-496,279,-76,0
2967.831745147705,7816,7392,11284,-241,-138,178,7292,-8204,10796,41,140,-221,-13216,3912,6936,-991,145,-118,-12864,-6156,7092,-507,243,-55,0
2967.8676760196686,7844,7520,11484,-192,-159,162,7292,-8380,11052,33,138,-191,-13184,4092,6824,-978,136,-114,-13068,-6360,7148,-491,254,-65,0
2967.9025390148163,7820,7428,11456,-4,-171,162,7308,-8356,11028,35,154,-189,-13180,3732,6912,-949,123,-137,-13148,-6280,7032,-470,234,-109,0
2967.9382441043854,7752,7456,11340,-235,-149,145,7244,-8324,11060,16,136,-220,-13192,4072,7152,-909,73,-74,-13168,-6324,6988,-479,510,-119,0
2967.974231004715,7836,7452,11504,-512,-153,148,7304,-8340,10848,67,161,-186,-13220,3784,6820,-1002,100,-82,-13160,-6152,6944,-494,243,-89,0
2968.0098199844365,7856,7484,11380,-200,-213,153,7188,-8288,11256,45,135,-210,-13160,3796,6952,-965,125,-83,-13100,-6376,7076,-456,214,-112,0
2968.0448129177094,7796,7472,11124,-146,-206,126,7252,-8340,10972,-19,126,-209,-13136,3820,6796,-990,85,-79,-13172,-6284,6852,-429,197,-125,0
2968.0802540779114,7932,7428,11248,-147,-153,103,7356,-8276,11208,-46,155,-221,-13196,3844,6792,-958,86,-54,-13116,-6348,6872,-441,250,-151,0
2968.115597009659,7796,7676,11156,-152,-119,84,7332,-8264,11184,-252,180,-173,-13224,3820,6948,-942,68,-61,-13192,-6356,7040,-474,161,-133,0
2968.151358127594,7960,7480,11296,-175,-98,96,7372,-8356,11036,-9,176,-153,-13284,3596,6880,-1275,39,-60,-13184,-6320,6916,-435,175,-154,0
2968.1874029636383,7868,7660,11588,-195,-63,94,7544,-8300,10964,1,147,-147,-13216,3812,6916,-969,102,18,-13248,-6532,7016,-407,129,-161,0
2968.2228400707245,7824,7424,11272,-139,-59,48,7276,-8368,11108,-66,172,-171,-13380,3788,7016,-947,47,-22,-13080,-6444,7060,-460,172,-184,0
2968.2591321468353,7836,7444,11728,-198,-113,85,7368,-8700,11052,-43,185,-181,-13104,3928,7008,-963,47,-60,-13044,-6360,7368,-446,171,-180,0
2968.294387102127,7872,7480,11308,-140,-80,84,7224,-8372,11076,-17,188,-151,-13096,4052,6716,-981,51,-36,-13228,-6580,7156,-434,111,-161,0
2968.33048415184,7716,7376,11300,-146,-54,94,6972,-8312,11068,-57,153,-147,-13208,3776,7104,-1266,67,-27,-13104,-6336,7048,-407,128,-165,0
2968.3672580718994,7884,7528,11768,-180,-61,96,7280,-8364,10992,-61,171,-163,-13252,3816,6868,-1019,98,-2,-13120,-6392,7024,-399,146,-151,0
2968.4004690647125,7772,7552,11508,-157,-50,75,7340,-8428,11200,-62,163,-156,-13224,4072,6880,-1004,74,-74,-13120,-6324,6940,-426,152,-171,0
2968.4340829849243,7744,7492,11444,-160,-49,94,7252,-8304,10804,-19,130,-171,-13092,3640,6848,-1047,96,-76,-13008,-6164,7068,-459,177,-132,0
2968.467489004135,7920,7392,11376,-119,-79,96,7224,-8288,10956,-58,113,-199,-13212,4064,6944,-1022,99,-72,-13088,-6420,7112,-455,191,-130,0
2968.5010709762573,7688,7540,11060,-147,-64,77,7316,-8284,11024,-78,150,-202,-13100,3916,6924,-1011,74,-42,-13256,-6320,6728,-424,163,-133,0
2968.5340991020203,7864,7444,11240,-184,-19,78,7324,-8396,11060,-60,128,-164,-13180,4092,6948,-1053,103,-61,-13200,-6272,7316,-441,122,-148,0
2968.5673959255214,7876,7436,11484,-169,-15,54,7320,-8252,11004,-3,156,-160,-13128,3836,6964,-1057,90,-62,-13068,-6208,6944,-465,154,-149,0
2968.6009929180145,7844,7416,11268,-116,7,82,7308,-8280,10876,-36,122,-170,-13152,3844,7196,-1016,55,-48,-13172,-6188,6932,-474,136,-188,0
2968.6343920230865,7848,7516,11348,-140,-41,67,7240,-8364,11052,-89,182,-98,-13088,3588,6772,-1050,116,-23,-13184,-6180,6996,-456,129,-157,0
2968.667717933655,7884,7540,11368,-152,-6,69,7320,-8344,10924,-56,118,-171,-13164,3928,6984,-1040,38,-39,-13188,-6604,7152,-473,122,-160,0
2968.7011959552765,7784,7468,11384,-123,-13,72,7292,-8432,11168,-36,140,-173,-13160,3860,6996,-1044,8,-73,-13160,-6400,7020,-503,169,-167,0
2968.734638929367,7792,7484,11408,-153,-254,60,7244,-8356,11000,-23,150,-187,-13192,3860,6900,-1053,62,-64,-13136,-6184,7096,-484,182,-146,0
2968.7681620121,7796,7548,11488,-184,-12,67,7460,-8384,11052,-10,121,-198,-13144,3780,7048,-984,90,-23,-13048,-6364,6980,-545,146,-139,0
2968.8017859458923,7772,7480,11344,-178,-256,96,7220,-8276,10952,-31,149,-151,-13176,3856,6964,-976,85,-38,-13148,-6304,7072,-537,115,-149,0
2968.8355209827423,7772,7432,11268,-202,-45,96,7364,-8392,11092,-37,78,-169,-13248,3864,7124,-1032,70,-38,-13160,-6340,7008,-487,118,-104,0
2968.8690049648285,7728,7428,11116,-152,-87,107,7308,-8340,11040,-21,98,-153,-13176,3800,6936,-1052,52,-54,-13100,-6384,7004,-460,121,-124,0
2968.902266025543,7832,7684,11448,-107,-69,85,7428,-8292,11100,-94,114,-149,-13140,3856,7124,-1068,55,-21,-13184,-6324,7020,-458,123,-149,0
2968.9357731342316,7964,7560,11408,-209,6,65,6928,-8388,10920,-89,111,-159,-13116,3824,6980,-1070,-25,-35,-13084,-6336,7028,-425,156,-143,0
2968.96918296814,7748,7484,11248,-162,27,87,7268,-8384,10888,-51,140,-147,-13176,3652,7048,-1187,12,-50,-13084,-6400,6956,-373,176,-123,0
2969.002949953079,7720,7616,11332,-160,248,116,7252,-8212,11040,-68,92,-153,-13172,3980,7028,-1009,105,-53,-13312,-6464,7028,-414,192,-93,0
2969.0361659526825,7452,7556,11648,-208,42,91,7128,-8304,11072,-71,153,-141,-13184,3940,6856,-1007,209,235,-13280,-6180,7180,-431,163,-121,0
2969.0696959495544,7728,7384,11452,-177,254,102,7236,-8416,11012,-95,109,-146,-13164,3916,6860,-922,510,-51,-13228,-6348,6980,-448,164,-93,0
2969.1031961441045,7704,7508,11316,-149,-17,104,7292,-8336,10936,-57,109,-168,-13296,3612,6844,-1069,219,-50,-13048,-6340,6980,-455,175,-97,0
2969.136848926544,7452,7240,11324,-162,-38,146,7000,-8376,10864,-41,100,-170,-13072,3952,6984,-1089,126,-125,-12836,-6452,6956,-490,198,-74,0
2969.1700899600983,7644,7536,11280,-187,-92,119,7272,-8348,10940,-61,114,-191,-13168,3844,6856,-1084,150,-76,-12812,-6372,7040,-497,197,-76,0
2969.2036471366882,7748,7444,11508,-212,-112,109,7344,-8436,10996,-59,86,-192,-13076,3920,7148,-1046,195,-93,-13144,-6440,7140,-517,166,-84,0
2969.2372291088104,7800,7504,11356,-180,-106,140,7340,-8232,11084,-97,113,-202,-13084,3864,7088,-1110,205,-69,-13184,-6164,6976,-565,171,-38,0
2969.270612001419,7892,7564,11392,-201,-92,126,7172,-8436,11144,-110,122,-189,-13144,3632,7048,-1108,199,-99,-13156,-6344,6848,-610,146,-88,0
2969.3042030334473,7712,7448,11352,-211,-58,112,7272,-8332,11020,-114,127,-167,-13120,3756,7056,-1019,178,-76,-13076,-6344,6900,-568,150,-92,0
2969.3378069400787,7688,7440,11364,-241,-24,131,7244,-8364,11036,-98,116,-169,-13140,3628,7012,-969,140,-47,-13148,-6376,7008,-589,177,-85,0
2969.3712289333344,7804,7464,11392,-205,-85,140,7220,-8220,11008,-79,61,-182,-13224,3972,6932,-968,86,-97,-13068,-6296,7048,-686,188,-93,0
2969.4080040454865,7788,7440,11456,-117,-61,109,7308,-8440,10940,-140,36,-179,-13136,3868,6952,-1036,130,-107,-13252,-6640,7396,-726,59,-111,0
2969.4436740875244,7776,7472,11460,-41,-77,105,7316,-8680,11232,-127,27,-180,-13140,3816,7084,-1048,107,-119,-13092,-6376,6960,-528,30,-71,0
2969.4794981479645,7828,7500,11376,-256,10,104,7316,-8380,11212,-124,64,-161,-13236,4008,7096,-1110,128,-128,-13196,-6652,7128,-501,41,-60,0
2969.514992952347,7904,7520,11416,-122,-29,95,7184,-8244,10900,-149,89,-158,-13256,3584,6996,-985,140,-85,-13216,-6148,7164,-763,13,-89,0
2969.5512731075287,7680,7564,11308,-113,-97,140,7372,-8416,10932,-57,88,-155,-13092,3872,6912,-959,98,-56,-13136,-6428,6980,-496,47,-70,0
2969.587327003479,7868,7544,11284,-138,-118,109,7332,-8344,10944,-24,56,-146,-13060,3724,6664,-990,127,-47,-13168,-6436,6924,-507,9,-35,0
2969.6221921443935,7752,7532,11416,-184,-143,101,7316,-8372,10856,-94,131,-191,-13124,3764,6860,-872,111,-255,-13080,-6348,7048,-493,74,-59,0
2969.6576590538025,7788,7372,11328,-265,-199,160,7300,-8536,11068,-70,71,-222,-13164,3884,6888,-966,187,-92,-12912,-6292,7068,-417,92,-34,0
2969.69264292717,7776,7180,11456,-178,-270,171,7428,-8444,10896,-27,51,-185,-13184,3888,6936,-989,133,-88,-13080,-6412,7088,-767,96,-68,0
2969.728711128235,7796,7528,11212,-150,-143,169,7328,-8408,10860,-66,40,-171,-13168,3740,7108,-1026,154,-95,-13088,-6656,7156,-492,254,-87,0
2969.763878107071,7748,7496,11284,-159,-110,133,7360,-8428,10936,-74,86,-184,-13292,3872,6956,-1034,152,-90,-12848,-6360,6980,-452,-7,-55,0
2969.79946899414,7772,7452,11588,-130,-66,112,7376,-8456,10952,-31,69,-192,-13268,3600,6704,-1016,160,-42,-13060,-6288,7108,-483,53,-71,0
2969.8349289894104,7808,7304,11256,-174,-77,118,7348,-8456,10816,-42,60,-179,-13164,3712,6860,-771,158,-107,-13180,-6296,7020,-502,86,-59,0
2969.87038898468,7868,7476,11428,-137,-88,126,7352,-8436,10848,-101,72,-190,-13132,3848,7008,-964,141,-82,-13040,-6152,7068,-529,35,-76,0
2969.9050230979924,7904,7648,11372,-163,-71,91,7428,-8664,10944,-130,85,-178,-13152,3864,7024,-956,166,-20,-13132,-6244,7012,-538,114,-113,0
2969.9408650398254,7908,7396,11400,-166,-82,66,7400,-8196,10824,-142,144,-189,-13240,3840,6804,-944,89,-47,-13080,-6400,7140,-533,205,-114,0
2969.9762239456177,7884,7268,11500,-145,-81,90,7628,-8452,10968,-58,165,-168,-13212,3920,6796,-973,51,-74,-13140,-6344,7120,-468,228,-136,0
2970.0120179653168,7768,7444,11476,-395,-1513,-136,7344,-8112,10888,-98,211,-167,-13296,3772,6916,-928,83,-65,-13292,-6380,6984,-447,205,-130,0
2970.0476961135864,7908,7592,11504,-164,-44,46,7228,-8572,10968,-65,164,-161,-13164,3964,7060,-958,54,-16,-13056,-6332,7356,-504,178,-200,0
2970.081223964691,7844,7508,11344,-102,-104,84,7384,-8220,10908,-1,156,-174,-13220,3832,6908,-948,40,-72,-13064,-6472,7140,-520,222,-168,0
2970.1148841381073,7724,7596,11452,-59,-27,63,7352,-8520,10780,-65,159,-196,-13128,3872,7008,-946,105,-98,-13132,-6364,6880,-535,173,-153,0
2970.148231983185,7796,7580,11464,-186,-14,63,7420,-8420,10868,-88,177,-170,-13184,3892,7100,-889,42,-67,-13180,-6356,7064,-558,199,-143,0
2970.181726932525,7828,7636,11488,-198,-38,115,7372,-8228,10748,-60,159,-144,-13288,3984,7096,-910,71,-250,-13144,-6204,6964,-554,131,-136,0
2970.2149550914764,7832,7500,11196,-149,27,124,7340,-8424,10960,-60,122,-113,-13080,3864,7052,-952,129,-5,-13116,-6424,7012,-611,120,-124,0
2970.2485020160675,7744,7504,11192,-130,48,112,7304,-8544,10836,-44,119,-142,-13220,4012,6940,-984,148,-5,-13108,-6460,7020,-590,95,-152,0
2970.2820389270782,7784,7652,11328,-133,-30,84,7664,-8492,10988,-47,134,-181,-13256,3888,7044,-983,102,-69,-13088,-6388,7020,-611,128,-172,0
2970.3155529499054,7716,7512,11172,-136,-60,56,7420,-8648,10868,-52,162,-168,-13160,3956,6956,-991,82,-37,-13108,-6196,6880,-625,144,-182,0
2970.3491311073303,7796,7584,11416,-102,-109,58,7372,-8428,10936,-88,169,-173,-13132,3976,6652,-1040,108,-57,-13288,-6320,7028,-582,150,-150,0
2970.3825509548187,7760,7528,11452,-115,-99,79,7424,-8488,10916,-51,164,-198,-13088,4076,6688,-1015,137,-64,-13140,-6380,6916,-564,155,-149,0
2970.415853023529,7840,7540,11412,-134,-66,79,7388,-8496,10848,-41,126,-192,-13140,3876,6968,-1016,140,-57,-13192,-6368,6960,-508,129,-152,0
2970.4493589401245,8164,7648,11016,-158,-75,89,7336,-8396,10972,-47,131,-140,-13180,3884,7052,-1086,121,-50,-13192,-6488,7116,-491,160,-159,0
2970.4830889701843,7824,7572,11232,-138,-30,77,7340,-8212,11000,-57,157,-172,-13200,3880,6896,-1077,107,-32,-12812,-6396,6920,-554,123,-144,0
2970.516708135605,7816,7604,11316,-130,-37,76,7268,-8272,10756,-19,151,-183,-13132,3948,6796,-1084,147,-37,-13172,-6444,6940,-507,127,-136,0
2970.550113916397,7740,7572,11292,-127,-39,101,7212,-8488,11128,-45,160,-195,-13256,3900,6960,-1074,112,-87,-12840,-6384,6952,-505,106,-121,0
2970.5835099220276,7816,7632,11332,-157,-78,94,7308,-8404,10928,-8,143,-194,-13116,3928,7104,-1091,167,-91,-13132,-6400,7124,-489,90,-129,0
2970.6171619892125,7744,7500,11396,-149,-65,105,7288,-8264,10896,-19,160,-168,-13128,3892,7040,-1145,133,-86,-13016,-6216,6996,-471,148,-105,0
2970.6504650115967,7776,7540,11320,-170,-61,94,7356,-8484,10920,-48,151,-226,-13216,3888,6792,-1144,116,-67,-13096,-6392,7056,-418,194,-125,0
2970.6839859485626,7932,7524,11324,-150,-79,109,7436,-8516,10784,-73,140,-210,-13252,4088,6940,-1137,150,-67,-13140,-6420,7132,-436,185,-98,0
2970.7175760269165,7808,7596,11348,-154,-62,117,7320,-8488,10904,-11,136,-196,-13064,3616,6952,-1095,135,-93,-13132,-6476,7104,-419,189,-128,0
2970.750850915909,7892,7580,11316,-155,-36,114,7392,-8236,10784,-9,118,-192,-13260,3920,6824,-1095,151,-91,-13160,-6484,7056,-458,153,-96,0
2970.784359931946,7824,7508,11536,-183,-40,129,7452,-8456,10896,-31,139,-142,-13180,3988,6892,-1092,152,-32,-13036,-6380,7008,-481,124,-106,0
2970.818055152893,7840,7540,11300,-156,-23,119,7628,-8396,10836,-68,101,-147,-13072,3864,6736,-1113,160,-55,-13040,-6188,7004,-455,143,-90,0
2970.8514881134033,7700,7528,11144,-158,-46,134,7320,-8624,10824,-35,133,-162,-13200,3672,6816,-1112,171,-99,-13064,-6400,7196,-447,138,-113,0
2970.8846809864044,7760,7552,11220,-139,-72,127,7408,-8484,10988,-1,146,-202,-13160,3888,6944,-1087,171,-90,-13012,-6416,7036,-470,156,-81,0
2970.924112081528,7696,7744,11296,-161,-76,124,7344,-8476,10884,-1,133,-218,-13132,3804,6864,-778,150,-143,-13140,-6616,7100,-483,165,-77,0
2970.957916021347,7784,7628,11348,-238,-85,162,7432,-8384,10888,-16,113,-214,-13124,3856,6928,-1028,150,-123,-13112,-6432,6992,-459,153,-32,0
2970.99161195755,7856,7520,11156,-232,-129,136,7316,-8540,10940,-8,95,-192,-13208,3864,7080,-1073,125,-37,-13160,-6392,7136,-481,162,-90,0
2971.0252690315247,7788,7604,11340,-251,-83,154,7384,-8448,11056,22,101,-176,-13164,3772,7148,-999,95,-53,-13060,-6412,7128,-480,122,-85,0
2971.058571100235,7828,7596,11348,-231,-14,154,7300,-8384,10756,8,120,-173,-13112,3764,6936,-1043,127,-79,-13184,-6468,6960,-460,153,-92,0
2971.0961129665375,7844,7568,11284,-247,-106,142,7468,-8484,10768,49,93,-215,-13256,3868,7084,-1016,170,-154,-13100,-6384,7044,-434,190,-23,0
2971.1323199272156,7864,7528,11512,-237,-100,175,7372,-8460,10968,53,130,-197,-13180,3868,6772,-1096,151,-112,-13176,-6600,7080,-442,131,-24,0
2971.1680181026454,7840,7496,11408,-246,-124,173,7416,-8492,10876,44,88,-179,-13224,3756,6940,-1144,139,-74,-13116,-6276,7124,-351,104,-15,0
2971.2031569480896,7824,7424,11604,-261,-117,190,7304,-8416,10796,41,110,-170,-13116,3888,7100,-1185,109,-109,-13180,-6376,7156,-304,110,-27,0
2971.2387800216675,7772,7592,11296,-265,-83,164,7380,-8428,11024,103,135,-205,-13144,3912,6908,-1182,142,-128,-13124,-6260,6968,-347,159,-64,0
2971.2742159366608,7744,7448,11376,-317,-154,189,7332,-8456,10900,125,126,-215,-13120,3788,6924,-1253,138,-88,-12848,-6432,7020,-352,227,-7,0
2971.3090920448303,7820,7484,11360,-284,-93,171,7388,-8568,10896,108,86,-223,-13188,3780,6980,-1185,139,-130,-13108,-6356,7076,-281,174,250,0
2971.345047950744,7820,7460,11380,-292,-178,173,7408,-8476,10896,86,99,-236,-13192,3884,6776,-1128,112,-113,-13160,-6312,7164,-320,151,-19,0
2971.380743980408,7868,7576,11284,-266,-95,172,7312,-8704,11056,31,85,-204,-13432,3868,6784,-1092,104,-105,-13104,-6360,7084,-398,91,-5,0
2971.415600061416,7884,7564,11364,-241,-121,169,7452,-8352,10948,47,97,-219,-13216,3732,6964,-1081,71,-97,-13164,-6296,7104,-434,94,-77,0
2971.4518980979924,7924,7456,11304,-235,-107,167,7328,-8428,11048,-48,70,-210,-13120,3896,6676,-974,55,-37,-13108,-6268,7148,-454,83,-51,0
2971.4877791404724,7808,7496,11260,-216,-79,165,7648,-8448,10832,-10,60,-185,-13112,3780,6996,-990,69,-89,-13156,-6204,7100,-446,102,-99,0
2971.522681951523,7820,7492,11408,-222,-95,145,7208,-8448,11160,8,93,-197,-13272,3748,6904,-987,-7,-79,-13196,-6252,7112,-265,108,-94,0
2971.5581619739532,7824,7508,11492,-193,-125,133,7184,-8332,10912,84,60,-205,-13148,3824,6900,-903,0,-90,-13076,-6368,7132,-480,102,-124,0
2971.5938370227814,7884,7424,11368,-202,-136,159,7344,-8336,10876,63,81,-214,-13192,3788,6972,-834,72,-132,-13088,-6304,7040,-499,111,-115,0
2971.629153966904,7684,7488,11328,-220,-88,147,7416,-8352,10964,42,53,-207,-13272,3812,6936,-780,162,-102,-13216,-6264,7044,-497,43,-79,0
2971.664144039154,7940,7456,11416,-203,-110,186,7396,-8420,11004,45,39,-198,-13188,3968,6752,-589,233,-70,-13084,-6212,7076,-572,-20,-95,0
2971.699558019638,7932,7416,11440,-211,-41,145,7400,-8340,10840,92,76,-194,-13184,3632,6788,-406,333,-67,-13172,-6348,7012,-534,-92,-131,0
2971.735398054123,8148,7472,11480,-156,38,141,7496,-8396,10844,51,73,-173,-13344,3812,7100,-563,403,-55,-13144,-6396,7380,-500,-31,-147,0
2971.7687771320343,7904,7500,11472,-198,27,92,7512,-8416,10952,19,152,-196,-13252,3856,6916,-686,215,-86,-13112,-6236,6996,-503,-33,-170,0
2971.8022599220276,7856,7404,11388,-188,56,92,7536,-8300,10776,85,105,-142,-13264,3884,6604,-702,79,-77,-13112,-6204,7180,-528,-126,-146,0
2971.835753917694,7772,7480,11312,-94,171,107,7460,-8436,10924,17,174,-121,-13524,3832,6840,-560,135,-32,-13100,-6260,7020,-479,-101,-140,0
2971.8692929744725,7816,7580,11432,-163,236,110,7356,-8620,11060,-13,137,-135,-13204,3880,6704,-680,265,-76,-13024,-6344,6924,-553,-66,-125,0
2971.902734041214,7692,7484,11472,-198,181,116,7436,-8344,10828,-16,160,-167,-13256,3884,6956,-656,121,-96,-13080,-6340,7180,-626,-21,-141,0
2971.9362349510193,7928,7308,11424,-122,229,94,7344,-8312,10884,-29,211,-148,-13216,3840,6680,-779,372,-115,-13164,-6320,7348,-586,-41,-118,0
2971.96951007843,7816,7452,11380,-194,165,84,7244,-8356,10880,3,216,-181,-13160,3848,6696,-915,503,-97,-14152,-6616,7124,-680,-132,-113,0
2972.003119945526,7744,7284,11420,-13,249,107,7180,-8340,11236,-76,200,-192,-13176,4080,6132,-801,731,-95,-13084,-6312,7308,-1024,-278,-128,0
2972.0367250442505,7772,7484,11360,-191,284,135,7356,-8448,10780,-54,121,-161,-13276,3820,6872,-1034,765,-97,-13028,-6360,7284,-658,-129,-127,0
2972.0700719356537,7776,7380,11736,-171,102,109,7424,-8408,11196,-126,216,-143,-13304,3884,6700,-1177,159,-62,-13080,-6320,7068,-574,52,-151,0
2972.1033029556274,7560,7168,11460,-66,-2,106,7308,-8444,11028,-99,222,-183,-13536,4032,6648,-1111,141,-80,-13284,-6180,7276,-697,1,-197,0
2972.136826992035,7664,7464,11480,-33,148,86,7436,-8416,10816,-178,198,-134,-13388,3720,6684,-1156,95,-39,-13076,-6456,7236,-701,21,-175,0
2972.1704609394073,7700,7412,11052,-49,44,40,7432,-8340,10960,-188,195,-147,-13324,3952,6744,-923,-9,-43,-13036,-6368,7016,-743,23,-215,0
2972.203912973404,7776,7484,11424,-88,53,23,7468,-8364,11000,-160,175,-147,-13192,3892,6764,-731,-27,-65,-13012,-6336,7260,-750,28,-211,0
2972.2374589443207,7912,7456,11472,-21,47,58,7316,-8288,11236,-200,155,-142,-13332,3960,6704,-551,-22,-13,-12992,-6336,7188,-749,46,-213,0
2972.2708880901337,7612,7632,11384,-26,51,42,7376,-8384,11016,-249,155,-167,-13300,3880,6736,-543,54,9,-13048,-6432,7072,-734,42,-161,0
2972.304209947586,7620,7424,11388,-65,-255,48,7324,-8396,10936,-270,88,-173,-13244,3960,6780,-537,17,-18,-13000,-6392,7248,-664,133,-154,0
2972.337713956833,7912,7464,11476,-86,-135,110,7436,-8408,10896,-200,89,-194,-13324,4004,7004,-700,-95,-46,-12908,-6496,7084,-513,236,-170,0
2972.3711750507355,7460,7452,11504,-91,-145,82,7400,-8496,10852,-194,107,-151,-13216,4076,6772,-696,-195,-47,-13028,-6508,7348,-450,258,-161,0
2972.4044079780574,7652,7612,11360,-66,-80,67,7320,-8448,10896,-117,109,-161,-13232,4056,6552,-642,-83,-16,-13096,-6384,7264,-395,180,-160,0
2972.4379830360413,7676,7476,11424,-22,-105,80,7612,-8484,11224,-186,47,-153,-13244,3992,6880,-589,-95,-55,-12972,-6456,7100,-432,296,-164,0
2972.471396923065,7676,7536,11300,-68,-131,80,7372,-8524,10996,-172,57,-202,-13180,4072,6624,-614,-74,-45,-12948,-6436,7180,-414,273,-156,0
2972.5049250125885,7728,7636,11572,-38,-109,107,7468,-8480,10864,-172,96,-170,-13296,4152,6792,-589,-12,-46,-13280,-6608,7320,-355,282,-119,0
2972.5386860370636,7648,7660,11360,-79,-127,106,7412,-8468,10936,-155,65,-173,-13248,4112,6676,-696,-248,-18,-13008,-6492,7384,-362,319,-132,0
2972.571990966797,7628,7596,11392,-137,-103,92,7236,-8700,10832,-162,117,-149,-13292,4228,6668,-703,48,-69,-13032,-6504,7248,-261,292,-124,0
2972.60537314415,7920,7572,11428,-144,-129,104,7172,-8228,10904,-156,117,-155,-13204,4160,6696,-692,85,-82,-12988,-6588,7136,-418,280,-134,0
2972.6386611461644,7564,7532,11348,-142,-92,89,7408,-8524,10696,-161,131,-170,-13204,4212,6684,-691,122,-55,-12920,-6436,7080,-432,223,-139,0
2972.671802997589,7760,7592,11440,-115,-101,105,7420,-8488,10780,-149,107,-176,-13300,4140,6560,-640,142,-46,-12960,-6412,7216,-526,123,-127,0
2972.7054121494293,7916,7600,11480,-114,-80,130,7476,-8604,10844,-141,94,-184,-13296,4156,6792,-606,231,-72,-13112,-6480,7200,-634,26,-122,0
2972.7389590740204,7436,7524,11464,-101,-48,93,7496,-8208,11000,-135,96,-166,-13320,4152,6688,-696,198,-91,-12976,-6480,7212,-562,104,-108,0
2972.776221036911,7768,7608,11416,-191,-81,114,7360,-8396,10808,-31,126,-165,-13276,4152,6756,-809,123,-94,-13432,-6448,7332,-447,73,-117,0
2972.8122551441193,7808,7604,11044,-232,-89,108,7304,-8504,10816,-92,137,-157,-13064,4196,6680,-774,168,-79,-12988,-6592,7192,-496,142,-152,0
2972.8486609458923,7644,7612,11448,-180,-94,86,7432,-8552,10772,-94,127,-185,-13236,4200,6696,-791,182,-88,-12976,-6520,7176,-767,146,-108,0
2972.8836331367493,7920,7536,11476,-172,-110,114,7460,-8552,10808,-75,125,-157,-13208,4320,6508,-840,174,-77,-13072,-6372,7324,-533,175,-135,0
2972.9194750785828,7652,7648,11488,-139,-84,123,7440,-8516,10768,-10,127,-192,-13240,4184,6460,-852,191,-90,-13048,-6500,7236,-544,119,-100,0
2972.9545769691467,7464,7628,11476,-188,-65,135,7396,-8484,10892,-2,119,-212,-13256,4220,6600,-928,217,-132,-12944,-6472,7168,-539,159,-85,0
2972.9902889728546,7576,7668,11400,-215,-132,138,7424,-8508,10764,13,128,-200,-13264,4176,6752,-879,220,-125,-13000,-6480,7156,-541,143,-84,0
2973.0254621505737,7784,7764,11368,-239,-173,155,7628,-8524,10880,-26,103,-186,-13096,4260,6648,-891,0,-125,-13116,-6476,7252,-600,106,-58,0
2973.0613090991974,7684,7604,11480,-241,-119,174,7520,-8552,10752,-7,92,-169,-13280,4204,6604,-929,207,-68,-12992,-6364,7260,-555,141,-73,0
2973.0973150730133,7836,7488,11356,-257,-96,182,7364,-8508,10872,44,139,-159,-13208,4208,6860,-1041,163,-136,-12972,-6508,7124,-516,105,-94,0
2973.132355928421,7640,7664,11380,-173,-54,140,7468,-8520,10764,4,113,-188,-13544,4292,6908,-959,188,-121,-12960,-6468,7120,-553,138,-83,0
2973.1676599979405,7604,7492,11380,-225,-107,122,7184,-8628,10832,12,131,-198,-13288,4184,6596,-985,193,-172,-13036,-6260,7416,-262,226,-99,0
2973.2028269767766,7720,7524,11288,-202,-148,144,7448,-8456,10756,4,189,-197,-13332,4244,6548,-1274,180,-162,-12940,-6656,7108,-505,214,-93,0
2973.238093137741,7932,7552,11380,-156,-168,161,7416,-8544,10872,-17,148,-195,-13268,4060,6528,-1081,189,-156,-12956,-6196,7160,-492,181,-69,0
2973.273551940918,7700,7544,11440,-212,-162,143,7440,-8444,10896,-21,145,-179,-13348,4112,6428,-1083,226,-128,-12984,-6404,7092,-482,170,-105,0
2973.3093159198766,7616,7572,11408,-195,-154,130,7208,-8680,10496,-32,204,-187,-13364,4284,6664,-1141,224,-157,-13008,-6436,6952,-493,226,-92,0
2973.345051050186,7520,7520,11376,-192,-158,150,7404,-8476,10844,18,200,-206,-13508,3872,6324,-1186,176,-174,-12868,-6184,7376,-535,276,-93,0
2973.380665063858,7616,7548,11428,-211,-175,151,7328,-8484,10736,23,176,-192,-13156,3916,6532,-1151,182,-109,-12988,-6464,7068,-479,269,-102,0
2973.4164249897003,7752,7608,11472,-213,-209,143,7640,-8496,10848,2,156,-202,-13148,4212,6480,-1130,194,-145,-12940,-6200,7184,-463,259,-111,0
2973.4500529766083,7752,7524,11396,-194,-184,160,7440,-8560,10848,16,165,-207,-13336,4248,6472,-1136,192,-187,-13016,-6416,7212,-468,281,-96,0
2973.4834899902344,7672,7592,11448,-196,-212,112,7232,-8684,11000,20,169,-193,-13408,4204,6448,-1165,127,-188,-12976,-6492,7364,-481,289,-113,0
2973.517053127289,7772,7572,11376,-211,-217,150,7416,-8572,10828,6,180,-217,-13372,4096,6620,-1160,100,-131,-13028,-6488,7216,-440,242,-81,0
2973.5506069660187,7772,7612,11176,-249,-163,138,7436,-8276,10796,-26,143,-209,-13360,4340,6532,-1107,101,-94,-13084,-6388,7100,-448,205,-82,0
2973.5838079452515,7844,7604,11340,-203,-167,135,7388,-8492,10932,-4,143,-203,-13304,4180,6652,-1152,111,-124,-13136,-6184,7060,-478,160,-118,0
2973.617248058319,7828,7612,11236,-213,-163,133,7412,-8588,10840,41,125,-185,-13368,3888,6552,-1150,96,-135,-12956,-6468,7256,-466,200,-82,0
2973.6505451202393,7804,7524,11332,-202,-136,165,7392,-8632,10940,5,131,-203,-13196,4088,6524,-1147,153,-107,-12876,-6468,6928,-460,175,-85,0
2973.6839480400085,7884,7540,11264,-147,-139,120,7396,-8560,10792,-9,112,-202,-13372,4152,6452,-1179,105,-65,-12808,-6368,7052,-482,176,-86,0
2973.7175810337067,7776,7564,11212,-223,-175,129,7376,-8428,10868,3,125,-172,-13348,4152,6568,-1147,81,-115,-13124,-6468,7076,-463,158,-63,0
2973.7510430812836,7992,7504,11216,-208,-98,156,7392,-8480,10880,25,117,-152,-13292,4100,6676,-1150,117,-86,-13104,-6188,7048,-487,142,-78,0
2973.7843270301814,7772,7524,11408,-189,-70,172,7624,-8660,10876,-31,88,-134,-13384,4324,6528,-1177,165,-69,-12976,-6584,7128,-491,116,-98,0
2973.8180129528046,7868,7584,11400,-205,-103,117,7344,-8208,10924,-51,126,-184,-13560,4032,6492,-1151,131,-29,-12964,-6492,7148,-462,126,-152,0
2973.851597070694,7780,7460,11344,-196,-96,83,7376,-8536,10916,-31,136,-193,-13360,4188,6484,-1153,111,-93,-13088,-6408,7000,-495,158,-151,0
2973.884817123413,7816,7564,11452,-153,-46,55,7356,-8680,10836,-25,186,-188,-13248,4140,6612,-1109,65,-100,-13120,-6412,7188,-478,207,-151,0
2973.9182620048523,7764,7540,11452,-166,-58,45,7392,-8576,10884,-31,155,-208,-13080,4052,6532,-1096,69,-111,-13120,-6368,7148,-437,190,-119,0
2973.9518420696254,7860,7580,11312,-191,-67,93,7204,-8252,10876,-43,137,-190,-13252,4184,6884,-1046,110,-49,-13252,-6368,7116,-461,155,-111,0
2973.9852571487427,7860,7516,11308,-208,-38,88,7448,-8484,10960,-53,147,-175,-13324,4120,6600,-1050,87,-28,-13124,-6620,7096,-421,160,-121,0
2974.0188550949097,7772,7484,11436,-196,-61,106,7436,-8516,10828,-14,150,-189,-13568,4040,6884,-1080,86,-89,-13152,-6468,7148,-479,160,-123,0
2974.0525839328766,7724,7516,11312,-174,-49,91,7268,-8336,10856,6,194,-184,-13380,4124,6660,-1099,22,-66,-12876,-6464,7140,-439,162,-142,0
2974.08606505394,7836,7616,11432,-149,-35,62,7336,-8696,11024,16,180,-170,-13368,4092,6580,-1132,41,-98,-12920,-6488,7060,-411,95,-141,0
2974.119826078415,7816,7640,11384,-175,-56,72,7368,-8424,10808,-5,182,-157,-13272,4060,6720,-1101,33,-15,-12884,-6532,7084,-403,126,-130,0
2974.152918100357,7820,7612,11380,-148,-63,73,7480,-8552,10900,-255,165,-186,-13284,4044,6588,-1123,-12,-76,-12964,-6480,7092,-385,181,-126,0
2974.186630964279,7760,7648,11348,-173,-63,57,7368,-8432,10960,-8,187,-178,-13296,4084,6752,-1113,19,-89,-13080,-6436,7012,-413,233,-115,0
2974.2201149463654,7696,7500,11332,-197,-40,64,7416,-8508,10848,-28,160,-180,-13260,4052,6556,-1068,34,-94,-13072,-6504,7188,-398,180,-137,0
2974.253667116165,7852,7528,11484,-188,-78,96,7524,-8488,10860,-16,132,-188,-13296,4088,6664,-1072,46,-59,-13144,-6364,7128,-397,190,-120,0
2974.287266969681,7816,7512,11464,-194,-51,98,7548,-8460,10720,-33,132,-158,-13360,4116,6720,-1049,61,-45,-13292,-6288,6912,-433,149,-117,0
2974.3207309246063,7872,7512,11396,-203,-34,87,7448,-8600,10772,-6,149,-152,-13088,4084,6536,-1068,63,-46,-13100,-6336,6912,-443,128,-115,0
2974.3543729782104,7848,7580,11364,-190,-35,102,7500,-8500,10796,-24,156,-140,-13236,4028,6856,-1048,29,-62,-13084,-6164,7144,-431,124,-133,0
2974.3875670433044,7880,7524,11492,-164,-34,115,7324,-8460,10976,-26,191,-147,-13060,4104,6676,-1043,15,-40,-13132,-6172,7084,-419,122,-151,0
2974.420933008194,7828,7516,11304,-208,-25,72,7336,-8504,10932,-24,172,-151,-13556,4116,6820,-1053,23,-96,-13136,-6388,7132,-416,152,-117,0
2974.458298921585,7828,7504,11332,-178,-52,92,7600,-8476,10860,-32,165,-184,-13264,4028,6900,-1044,-4,-85,-12836,-6204,7392,-432,166,-147,0
2974.493415117264,7808,7540,11348,-160,-89,48,7348,-8532,10924,-35,171,-208,-13312,4028,6620,-1068,28,-91,-13016,-6444,7000,-423,203,-117,0
2974.5294890403748,7808,7520,11484,-169,-75,81,7424,-8492,10796,-64,140,-211,-13228,4000,6620,-1049,53,-62,-13260,-6480,7108,-392,196,-119,0
2974.5650050640106,7772,7596,11420,-193,-69,94,7376,-8444,10856,-74,162,-189,-13252,4012,6752,-1064,30,-76,-13148,-6384,7224,-449,167,-125,0
2974.600685119629,7816,7540,11400,-214,-90,74,7376,-8548,10884,-42,126,-174,-13256,4056,6664,-1078,-35,-45,-13088,-6364,6988,-455,179,-129,0
2974.6356620788574,7844,7652,11372,-211,-42,124,7428,-8436,11000,0,147,-149,-13252,3916,6872,-1086,-28,-74,-12820,-6424,7216,-460,76,-158,0
2974.671424150467,7892,7612,11428,-178,-97,79,7412,-8420,10708,-71,152,-197,-13296,4048,6832,-1135,-95,-56,-13288,-6188,6976,-374,202,-159,0
2974.7075350284576,7728,7464,11440,-177,-83,74,7456,-8504,10836,31,145,-202,-13380,4020,6656,-1202,-170,-57,-12960,-6364,7168,-309,288,-115,0
2974.7422549724574,7796,7496,11388,-139,-136,95,7284,-8488,11164,255,155,-172,-13216,3996,7076,-1041,-494,-45,-13268,-6432,7084,-287,279,-119,0
2974.778589963913,7772,7492,11376,-175,-118,88,7408,-8500,10876,-47,86,-173,-13284,3972,6836,-1169,-139,-24,-12824,-6552,7396,-290,268,-116,0
2974.8135440349574,7708,7644,11288,-206,-128,88,7212,-8544,10908,-51,229,-170,-13164,4036,6948,-1166,-81,-81,-13116,-6416,7100,-334,245,-128,0
2974.849244117737,7732,7540,11392,-167,-78,85,7212,-8252,10828,-30,159,-201,-13220,3944,6676,-1142,-80,-24,-13008,-6296,7244,-371,267,-95,0
2974.8849201202393,7716,7512,11296,-182,-91,123,7396,-8500,10916,253,131,-213,-13116,4024,7092,-1110,254,-93,-13172,-6460,7420,-38,253,-100,0
2974.920839071274,7760,7512,11276,-173,-121,115,7356,-8472,10860,-20,149,-213,-13188,4048,6820,-1058,12,-77,-13140,-6332,7144,-414,239,-87,0
2974.956190109253,7772,7532,11344,-208,-72,126,7440,-8576,10880,-20,181,-124,-13820,3928,6704,-1067,27,-77,-13308,-6656,7372,-433,229,-81,0
2974.9916441440582,7808,7580,11440,-199,-84,112,7476,-8216,10916,-7,147,-200,-13200,3968,6984,-1086,4,-79,-13152,-6384,7068,-408,232,-71,0
2975.0277121067047,7740,7540,11292,-216,-103,142,7416,-8396,10896,16,145,-213,-13172,3980,6716,-1052,10,-68,-13124,-6152,7268,-427,212,-73,0
2975.06258392334,7756,7596,11080,-236,-108,138,7320,-8520,10812,-39,149,-193,-13152,4040,6828,-1038,76,-94,-13060,-6444,7076,-404,216,-65,0
2975.098923921585,7812,7596,11276,-221,-104,135,7336,-8528,10984,-19,148,-202,-13224,4004,6868,-1051,43,-141,-13152,-6312,7136,-443,206,-78,0
2975.132486104965,7812,7464,11324,-237,-91,150,7408,-8452,10912,255,126,-194,-13072,3972,6840,-1032,28,-145,-13160,-6376,7256,-424,228,-94,0
2975.1655440330505,7752,7492,11360,-234,-95,169,7376,-8584,11004,13,117,-225,-13176,3988,6764,-1053,65,-118,-13084,-6324,7016,-434,250,-79,0
2975.1992840766907,7724,7568,11364,-219,-100,158,7324,-8512,11208,38,139,-200,-13196,3960,6880,-1049,62,-89,-13072,-6252,7068,-443,245,-72,0
2975.2329411506653,7836,7608,11296,-189,-131,176,7448,-8424,10992,12,110,-512,-13248,3976,6684,-1066,68,-137,-13096,-6172,7260,-452,279,-55,0
2975.266483068466,7700,7380,11480,-245,-114,167,7364,-8416,10928,8,125,-206,-13224,3948,6784,-1060,89,-160,-13144,-6336,7080,-416,290,-33,0
2975.3000309467316,7840,7436,11336,-247,-133,143,7376,-8424,10776,-3,133,-192,-13248,3912,6780,-1035,110,-112,-13160,-6388,7000,-447,211,-71,0
2975.3336091041565,7884,7508,11560,-232,-83,186,7416,-8232,10912,-20,99,-165,-13228,4008,6724,-1055,64,-77,-13100,-6284,7208,-467,183,-48,0
2975.3669841289525,7776,7472,11460,-238,-152,174,7488,-8428,10864,16,126,-148,-13360,3888,6868,-1073,80,-87,-12852,-6480,7032,-450,180,-102,0
2975.4003241062164,7864,7488,11392,-222,-67,147,7672,-8420,10896,39,104,-196,-13188,3848,6948,-1048,88,-122,-13064,-6332,7028,-482,160,-102,0
2975.433846950531,7660,7452,11492,-212,-104,138,7328,-8456,10860,25,141,-216,-13276,3992,6932,-1003,95,-110,-13124,-6312,7036,-471,225,-66,0
2975.4672000408173,7720,7440,11372,-260,-120,148,7416,-8424,10864,22,118,-218,-13200,3864,6824,-1064,77,-131,-13168,-6276,6972,-435,226,-70,0
2975.5007791519165,7780,7448,11340,-216,-132,158,7460,-8248,10832,23,118,-168,-13136,3848,6932,-1041,96,-45,-13092,-6352,7064,-448,154,-124,0
2975.5342559814453,7784,7504,11336,-273,-82,164,7180,-8348,10940,-254,127,-144,-13124,3936,6832,-1080,117,-84,-13200,-6320,7068,-455,171,-63,0
2975.567579984665,7772,7476,11436,-237,-112,133,7360,-8380,10996,-24,126,-179,-13264,3640,7104,-1076,74,-104,-13020,-6300,7284,-447,166,-101,0
2975.601098060608,7832,7456,11372,-229,-95,130,7308,-8396,10756,-1,146,-211,-13060,4000,7016,-1065,117,-88,-13044,-6260,7004,-482,190,-104,0
2975.6346440315247,7844,7460,11344,-201,-137,135,7392,-8424,10768,-252,130,-216,-13100,3844,6892,-1093,121,-114,-13080,-6308,6980,-467,218,-115,0
2975.66761803627,7928,7608,11220,-158,-137,112,7260,-8428,10852,-52,89,-225,-13228,3944,6892,-1071,129,-135,-13188,-6260,7292,-427,152,-116,0
2975.701117038727,7728,7432,11316,-175,-144,96,7516,-8436,10852,-55,134,-218,-13228,3988,7000,-1043,108,-73,-13128,-6276,6896,-444,174,-121,0
2975.734596967697,7920,7472,11352,-182,-61,101,7508,-8544,10900,-34,110,-193,-13224,3928,6924,-1048,49,-48,-13204,-6376,6956,-459,175,-168,0
2975.767986059189,7828,7344,11276,-148,-33,57,7508,-8692,10812,-12,169,-174,-13268,3608,6848,-1062,48,-58,-13192,-6284,7116,-439,149,-154,0
2975.8016400337215,7792,7468,11392,-155,-7,91,7664,-8412,10904,-56,160,-163,-13168,3956,6952,-1011,70,-76,-13196,-6284,7020,-457,160,-148,0
2975.835242986679,7792,7504,11460,-169,-64,77,7336,-8500,10960,-55,156,-181,-13172,3948,6844,-1029,82,-66,-13240,-6444,7332,-441,170,-157,0
2975.868546962738,7908,7468,11388,-175,-38,67,7664,-8664,11204,-25,185,-177,-13280,3956,6928,-1032,40,-56,-13160,-6304,7104,-483,154,-143,0
2975.9017519950867,7744,7520,11268,-140,-44,69,7364,-8440,11040,-54,140,-183,-13204,3960,7088,-1017,39,-43,-13216,-6344,6960,-484,130,-159,0
2975.937525033951,7812,7520,11512,-171,-20,55,7420,-8496,10932,-25,152,-147,-13144,3964,6980,-1058,56,-80,-13176,-6284,7008,-459,166,-142,0
2975.9711689949036,7804,7632,11408,-176,-55,106,7380,-8412,11024,-20,171,-190,-13144,3616,7060,-1035,68,-91,-12872,-6248,6948,-473,218,-94,0
2976.004758119583,7752,7320,11488,-173,-112,99,7344,-8488,11028,-32,151,-221,-13100,4032,6712,-1036,75,-88,-13104,-6340,7096,-450,243,-78,0
2976.0383110046387,7880,7616,11292,-193,-125,129,7388,-8276,11036,-53,110,-192,-13232,4012,7100,-1038,98,-19,-13200,-6304,6972,-497,166,-86,0
2976.0718281269073,7860,7664,11336,-181,-93,117,7344,-8420,10908,-52,147,-154,-13188,3936,6896,-1036,51,-31,-13060,-6288,7100,-483,194,-133,0
2976.1052110195164,7772,7520,11332,-202,-87,110,7360,-8372,10836,-4,137,-169,-12860,3920,6952,-1054,73,-30,-13180,-6272,6996,-458,155,-146,0
2976.143396139145,7932,7524,11400,-113,-20,94,7496,-8356,10912,-60,152,-168,-13196,4020,7020,-1055,63,-79,-13160,-6388,7144,-433,172,-149,0
2976.1789751052856,7904,7428,11388,-178,-53,66,7420,-8384,10936,-6,155,-180,-13184,3896,7144,-1048,53,-52,-13224,-6228,6928,-432,235,-106,0
2976.214611053467,7916,7388,11412,-187,-73,107,7452,-8396,10972,-9,144,-181,-13240,3928,6856,-1090,83,-73,-13132,-6388,7016,-451,153,-73,0
2976.2504580020905,7896,7360,11428,-174,-93,125,7344,-8412,10868,3,135,-194,-13080,3868,6696,-1128,165,-42,-13196,-6168,6928,-420,134,-110,0
2976.285593032837,7908,7524,11368,-241,-57,110,7240,-8424,10888,-4,111,-189,-13168,3876,7032,-1176,89,-58,-13036,-6344,7264,-402,79,-127,0
2976.321044921875,7828,7484,11384,-195,-46,85,7364,-8652,11192,38,102,-153,-13216,4016,6756,-1267,138,-49,-13148,-6276,7076,-420,53,-144,0
2976.3562099933624,7908,7428,11140,-184,32,66,7396,-8668,10892,50,93,-174,-13156,3928,6944,-1281,256,-12,-13204,-6284,7072,-348,30,-133,0
2976.3918111324306,7896,7436,11020,-188,77,94,7736,-8336,11240,61,-46,-214,-13024,3840,6964,-1264,236,-46,-13172,-6380,7112,-324,131,-106,0
2976.4280591011047,7856,7412,11356,-238,-19,76,7420,-8428,10956,-34,107,-206,-13424,4004,6972,-1081,86,-21,-13060,-6304,7008,-330,202,-132,0
2976.4630930423737,7800,7400,11364,-228,-28,88,7236,-8332,10896,-82,218,-176,-13132,3644,6788,-1089,210,-86,-13136,-6168,6988,-372,119,-126,0
2976.498799085617,7900,7484,11340,-197,-81,90,7436,-8388,10936,-30,130,-222,-13244,3872,7048,-1080,182,-35,-13176,-6348,7004,-511,128,-73,0
2976.533915042877,7936,7388,11316,-182,-83,113,7412,-8424,10908,-19,162,-203,-13784,4160,7284,-1059,-44,-112,-13180,-6320,7144,-248,176,-99,0
2976.5692081451416,7756,7472,11388,-192,-100,31,7056,-8476,11128,-52,235,-195,-13160,3928,7208,-946,-15,-64,-13120,-6208,7276,-351,108,-112,0
2976.604033946991,7744,7464,11284,-164,-37,32,7340,-8196,10864,-63,220,-175,-13172,3968,7012,-926,157,-58,-13180,-6232,7120,-349,64,-133,0
2976.6392030715942,7844,7424,11540,-148,-42,38,7272,-8456,11028,-32,210,-170,-13164,3916,6872,-973,164,-89,-13152,-6344,7180,-441,83,-143,0
2976.6743631362915,7832,7604,11560,-123,-256,71,7368,-8456,10956,-46,186,-145,-13144,3824,6804,-1095,136,-67,-13004,-6248,7076,-403,78,-144,0
2976.7099640369415,7784,7476,11316,-107,-52,86,7232,-8232,10852,-36,152,-177,-12812,3864,6664,-1045,218,-127,-12908,-6208,7116,-505,90,-132,0
2976.7455401420593,7820,7516,11464,-128,-17,88,7376,-8532,10868,-43,150,-184,-13144,3884,6916,-916,200,-118,-13200,-6244,6988,-517,74,-121,0
2976.7814929485326,7844,7468,11332,-151,-43,112,7372,-8388,11064,-64,130,-193,-13284,3928,6812,-942,300,-68,-13220,-6292,7156,-537,45,-138,0
2976.815031051636,7840,7472,11400,-152,-13,112,7180,-8376,10900,-76,151,-159,-13208,3908,6824,-935,225,-55,-13052,-6324,7076,-563,20,-121,0
2976.848510980606,7748,7556,11388,-215,6,130,7352,-8480,11004,-15,169,-135,-13204,3776,6720,-909,193,-62,-13136,-6376,7076,-582,65,-149,0
2976.8818171024323,7736,7604,11180,-147,-251,107,7372,-8368,11004,-5,179,-143,-13128,3928,6996,-830,168,-99,-13136,-6452,7136,-645,76,-160,0
2976.9153809547424,7704,7540,11528,-149,-55,65,7272,-8704,10760,-79,138,-179,-13212,3912,6892,-810,157,-108,-13084,-6320,6988,-644,126,-160,0
2976.948709964752,7792,7488,11396,-170,-19,110,7280,-8344,11000,-70,122,-154,-13204,3860,6824,-854,130,-83,-13048,-6260,7152,-583,126,-119,0
2976.981994152069,7868,7444,11432,-142,-54,130,7336,-8404,10988,-51,154,-145,-13180,3876,6768,-935,198,-41,-13140,-6388,7084,-588,74,-100,0
2977.0158591270447,7728,7596,11492,-185,-47,158,7328,-8436,10988,-59,119,-149,-13240,3980,6724,-916,216,-34,-12820,-6268,7312,-567,69,-101,0
2977.0494620800014,7748,7416,11416,-215,-34,127,7308,-8512,10864,-98,145,-156,-13208,3888,6776,-937,153,-75,-13268,-6212,7176,-578,67,-110,0
2977.08326292038,7572,7464,11392,-190,-87,143,7252,-8416,10988,-98,135,-146,-13148,3896,6848,-895,133,-139,-13104,-6264,7168,-589,148,-89,0
2977.1169271469116,7468,7500,11396,-151,-97,154,7288,-8420,10988,-35,137,-196,-13144,3940,6816,-970,183,-129,-13108,-6328,7132,-596,166,-76,0
2977.150337934494,7772,7488,11448,-138,-82,155,7276,-8672,10896,-23,116,-218,-13268,3992,6712,-895,177,-103,-13112,-6448,7076,-597,143,-74,0
2977.183576107025,7768,7488,11400,-208,-97,158,7428,-8428,10948,-55,114,-177,-13248,3944,6756,-818,168,-143,-13196,-6288,7028,-616,158,-94,0
2977.2172610759735,7856,7448,11460,-161,-96,168,7332,-8472,11160,-69,131,-157,-13292,3884,6948,-751,110,-148,-13084,-6328,7128,-680,133,-138,0
2977.2509040832524,7844,7500,11404,-162,-83,162,7428,-8520,10884,-64,152,-163,-13312,3944,6988,-795,124,-103,-13100,-6308,7092,-666,112,-117,0
2977.2842650413513,7784,7460,11424,-175,-79,161,7176,-8404,10784,-74,108,-165,-13212,3860,6712,-853,151,-91,-13016,-6252,7156,-660,109,-139,0
2977.3179409503937,7736,7520,11340,-143,-116,133,7620,-8704,10760,-81,125,-174,-13256,3904,6848,-841,102,-66,-13312,-6292,7100,-664,100,-137,0
2977.351347923279,7800,7240,11352,-156,-111,138,7300,-8392,10876,-98,133,-170,-13220,3936,6828,-771,110,-127,-12888,-6304,7116,-681,127,-147,0
2977.3845720291138,7484,7232,11268,-127,-105,140,7292,-8456,10788,-75,112,-192,-13272,3952,6804,-794,126,-158,-13200,-6184,7096,-673,134,-137,0
2977.418256044388,7740,7476,11360,-152,-119,133,7344,-8700,10832,-123,124,-168,-13212,3948,6796,-856,87,-104,-13092,-6264,6928,-668,134,-122,0
2977.451784133911,7760,7508,11460,-123,-134,120,7304,-8440,10932,-79,107,-179,-13216,3872,6792,-874,88,-105,-13128,-6304,7136,-643,149,-108,0
2977.485384941101,7800,7228,11336,-106,-156,141,7440,-8448,10840,-91,106,-195,-13184,3872,6816,-834,91,-83,-13080,-6360,7160,-685,191,-118,0
2977.5189499855046,7764,7484,11356,-115,-151,139,7364,-8468,10900,-110,103,-178,-13264,3992,6720,-818,98,-127,-13140,-6192,7152,-646,170,-110,0
2977.55234003067,7872,7476,11252,-108,-131,145,7568,-8624,10912,-110,92,-178,-13516,4036,6712,-857,63,-116,-13208,-6364,7116,-634,187,-117,0
2977.585461139679,8140,7548,11392,-105,-132,164,7404,-8424,10824,-157,82,-160,-13268,3916,6872,-941,58,-57,-13096,-6348,6984,-637,133,-114,0
2977.6192190647125,7800,7464,11376,-140,-139,103,7428,-8524,10928,-96,125,-161,-13324,3852,6880,-975,69,-103,-13080,-6392,7048,-591,175,-133,0
2977.6524131298065,7816,7476,11372,-148,-126,102,7360,-8700,10988,-41,126,-193,-13144,3960,6728,-981,70,-122,-13068,-6428,7008,-554,163,-136,0
2977.6858079433446,7812,7460,11056,-97,-135,88,7360,-8424,10876,-109,158,-202,-13192,3912,6848,-946,57,-99,-13184,-6440,7108,-569,174,-137,0
2977.719169139862,7796,7440,11100,-133,-174,71,7392,-8520,10880,-155,129,-196,-13180,4032,6748,-953,23,-57,-13216,-6328,6956,-574,130,-139,0
2977.7526140213013,7888,7248,11228,-57,-49,96,7348,-8492,10904,-135,120,-144,-13276,3948,6712,-967,25,-45,-13112,-6384,6984,-600,71,-170,0
2977.7856280803685,7992,7576,11432,-74,-17,67,7388,-8416,10956,-119,139,-143,-13136,4084,6780,-955,9,-8,-13040,-6360,7012,-578,87,-183,0
2977.8232231140137,7772,7488,11212,-113,-12,46,7332,-8480,11056,-152,148,-131,-13188,3652,6752,-984,20,-58,-13164,-6356,7096,-565,60,-163,0
2977.8587930202484,7808,7468,11336,-64,-31,62,7356,-8572,10948,-148,151,-154,-13132,4136,6880,-919,44,-76,-13036,-6412,7028,-603,125,-190,0
2977.8939230442047,7792,7432,11420,-67,-59,39,7260,-8508,10984,-155,150,-192,-13180,4064,6768,-937,62,-82,-12992,-6364,7020,-565,162,-157,0
2977.930078983307,7780,7568,11304,-75,-56,80,7264,-8564,10932,-103,133,-191,-13224,3864,6728,-1016,69,-59,-12848,-6656,7012,-542,150,-144,0
2977.964872121811,7860,7544,11468,-117,-63,89,7404,-8276,10872,-88,145,-176,-13244,3920,6876,-1010,58,-49,-13296,-6420,6940,-491,138,-137,0
2978.0005440711975,7880,7572,11064,-150,-12,45,7452,-8560,10964,-122,211,-157,-13144,4048,6920,-929,42,-57,-13016,-6440,7024,-554,134,-152,0
2978.035761117935,7796,7564,11264,-105,13,68,7324,-8628,10860,-123,177,-158,-13268,4100,6880,-916,74,-73,-13016,-6444,7104,-554,128,-147,0
2978.0713870525365,7744,7540,11180,-125,-24,94,7368,-8464,10896,-77,168,-166,-13260,3944,6764,-934,59,-54,-12828,-6480,6984,-485,111,-116,0
2978.1073639392853,7772,7588,11260,-166,244,86,7276,-8564,10812,-93,166,-184,-13272,3980,6928,-910,75,-55,-13128,-6448,6964,-506,144,-124,0
2978.1423399448395,7744,7596,11260,-176,-66,82,7416,-8580,10896,-65,179,-168,-13116,3992,6836,-961,73,-11,-13080,-6380,6940,-479,154,-88,0
2978.1781690120697,7756,7556,11380,-178,-89,87,7328,-8512,10780,-52,166,-176,-13132,4048,6880,-975,37,-88,-13148,-6444,7140,-455,151,-128,0
2978.2135369777684,7784,7580,11272,-174,-90,81,7352,-8528,10824,-49,193,-162,-13144,4016,7068,-962,65,-48,-13112,-6468,6992,-475,139,-137,0
2978.2491340637207,7784,7636,11228,-158,-38,85,7308,-8524,10872,-70,143,-175,-13088,4004,6864,-949,55,-93,-13112,-6392,7044,-481,150,-131,0
2978.28409409523,7760,7440,11516,-166,-73,80,7376,-8532,10824,-54,144,-165,-13132,4064,6772,-935,67,-42,-13152,-6492,7112,-472,125,-110,0
2978.3197259902954,7924,7608,11428,-151,-53,94,7312,-8536,10992,-71,124,-145,-13184,4012,6840,-966,77,-96,-13044,-6520,6948,-456,109,-157,0
2978.3550069332123,7820,7628,11404,-180,-105,100,7572,-8592,10732,-65,136,-149,-13152,4072,6860,-1008,61,-49,-13272,-6444,7132,-496,139,-133,0
2978.390640974045,7712,7572,11424,-187,-140,84,7300,-8596,10896,-29,142,-188,-13184,4044,6916,-927,104,-77,-13164,-6528,6940,-502,132,-148,0
2978.425495147705,7856,7628,11280,-101,-153,80,7400,-8608,10816,-116,145,-177,-13256,4024,6800,-861,88,-94,-13156,-6584,7028,-468,138,-150,0
2978.462137937546,7740,7500,11236,-158,-156,42,7372,-8532,10820,-40,134,-217,-13156,4036,6872,-918,133,-71,-13036,-6460,6980,-397,170,-128,0
2978.4955360889435,7796,7600,11516,-159,-108,111,7416,-8516,10980,-52,108,-181,-13116,4116,6700,-894,163,-42,-13020,-6440,6948,-353,154,-92,0
2978.529206991196,7716,7592,11488,-161,-105,108,7328,-8608,10872,-25,117,-159,-13144,3904,6716,-872,242,-55,-13096,-6544,7076,-335,142,-103,0
2978.5629570484166,7848,7928,11100,-196,-91,94,7352,-8616,10848,-20,97,-160,-13148,4100,6748,-629,284,-82,-13308,-6520,7028,-381,85,-109,0
2978.5964810848236,7896,7708,11228,-192,-93,104,7168,-8520,10928,-59,134,-169,-13272,4052,6664,-445,494,-114,-11856,-6380,7028,-402,-18,-109,0
2978.6297640800476,7700,7564,11148,-120,-118,130,7284,-8932,10632,-66,85,-178,-13172,4072,6676,-926,524,-105,-13052,-6380,7044,-318,-13,-77,0
2978.6630489826202,7860,7564,11384,-177,-161,131,7276,-8528,10840,26,62,-232,-13268,4000,6496,-1096,554,-100,-12948,-6420,7124,-337,63,-38,0
2978.696609020233,7580,7612,11204,-134,-127,119,7336,-8536,10924,22,97,-218,-13244,4136,6568,-1059,701,-148,-13004,-6516,7092,-349,70,-57,0
2978.7299571037292,7700,7676,11512,-138,-21,122,7276,-8640,10848,-249,47,-183,-13320,4292,6708,-1065,669,-93,-13140,-6412,7144,-405,73,-68,0
2978.7635159492493,7820,7424,11156,-98,85,97,7368,-8616,10932,-35,51,-179,-13328,4108,6864,-1280,414,-95,-12932,-6456,6940,-482,197,-121,0
2978.797213077545,7772,7580,11368,-158,2,115,7332,-8588,10836,-8,129,-181,-13248,4336,6612,-889,404,-51,-12872,-6148,6964,-471,213,-91,0
2978.830507040024,7744,7688,11128,-158,100,130,7384,-8648,11020,-111,44,-188,-13540,4088,6868,-672,450,-26,-13168,-6416,6772,-548,123,-119,0
2978.8639590740204,7848,7636,11428,-131,89,116,7200,-8652,10712,-82,35,-204,-13436,4252,6704,-887,359,-59,-12896,-6384,6992,-758,134,-101,0
2978.8973541259766,7696,7632,11480,-225,13,134,7404,-8548,10804,-19,103,-152,-13316,4064,6660,-847,161,-48,-13040,-6616,7056,-527,217,-137,0
2978.9310309886932,7692,7568,11364,-198,23,120,7372,-8596,10940,18,141,-193,-13264,4032,6488,-952,235,-55,-13016,-6396,7052,-534,264,-98,0
2978.9645020961766,7848,7652,11332,-193,-40,115,7252,-8620,10812,-58,126,-198,-13328,4156,6540,-908,183,-55,-13136,-6412,7164,-539,225,-126,0
2978.9981660842896,7776,7576,11340,-277,-47,174,7308,-8584,10884,-32,137,-171,-13564,4120,6548,-814,236,-60,-13104,-6388,7128,-574,191,-95,0
2979.0317780971527,7724,7560,11420,-203,-88,181,7340,-8548,10904,-12,151,-159,-13248,4176,6452,-789,221,-71,-13104,-6468,7060,-621,200,-120,0
2979.0652899742126,7500,7640,11288,-230,-89,192,7320,-8564,10752,-18,110,-178,-13152,4156,6512,-837,190,-100,-12876,-6516,7044,-568,196,-64,0
2979.09912610054,7756,7520,11288,-222,-88,170,7404,-8576,10740,-6,161,-182,-13472,4188,6520,-805,166,-102,-13188,-6444,7096,-598,184,-144,0
2979.1325221061707,7808,7528,11300,-251,-88,146,7336,-8636,10848,-5,175,-175,-13296,4196,6468,-816,156,-38,-13032,-6392,6988,-671,125,-116,0
2979.1660261154175,7772,7516,11480,-193,-118,143,7288,-8692,10868,-41,154,-194,-13220,4248,6544,-947,106,-74,-13036,-6456,7052,-641,186,-126,0
2979.199466943741,7728,7544,11468,-237,-94,175,7364,-8512,10852,27,155,-204,-13384,4316,6196,-1032,133,-124,-13092,-6420,7188,-655,199,-90,0
2979.2326040267944,7824,7560,11436,-252,-182,189,7348,-8584,10888,57,139,-204,-13336,4180,6664,-1125,134,-154,-13172,-6332,6980,-595,212,-41,0
2979.2664160728455,7920,7580,11272,-223,-208,186,7488,-8600,10788,88,146,-193,-13376,4180,6492,-1052,154,-72,-13104,-6624,6872,-610,246,-92,0
2979.299689054489,7736,7568,11396,-255,-152,174,7416,-8568,10800,87,149,-207,-13392,4048,6468,-1076,135,-121,-13056,-6464,6956,-592,213,-88,0
2979.3332901000977,7836,7576,11432,-216,-156,148,7664,-8612,10832,75,148,-245,-13516,4196,6484,-1083,78,-165,-13184,-6492,6872,-559,253,-97,0
2979.3669350147247,7788,7552,11420,-216,-175,132,7344,-8520,10792,69,161,-204,-13356,4064,6476,-1164,62,-133,-13188,-6648,7088,-496,164,-71,0
2979.39981508255,7884,7488,11496,-173,-115,130,7360,-8628,10736,59,156,-204,-13448,4156,6484,-1211,69,-105,-13096,-6440,6896,-498,187,-75,0
2979.4333889484406,7760,7548,11284,-219,-145,147,7436,-8280,10900,33,164,-194,-13324,4160,6572,-1179,64,-136,-13124,-6408,7016,-502,178,-117,0
2979.469717025757,7956,7568,11328,-228,-140,118,7356,-8208,10964,62,178,-165,-13336,4344,6172,-1220,51,-81,-13172,-6480,6928,-470,177,-101,0
2979.5050230026245,7812,7524,11332,-227,-130,135,7376,-8524,10824,28,142,-172,-13368,4196,6592,-1205,84,-153,-13152,-6460,7124,-506,176,-65,0
2979.5408051013947,7804,7464,11328,-204,-117,157,7600,-8584,10656,14,110,-186,-13436,4144,6416,-1163,86,-110,-13164,-6456,6896,-482,205,-57,0
2979.5759880542755,7808,7536,11496,-183,-140,162,7488,-8248,10948,43,89,-100,-13364,4048,6696,-1178,71,-87,-13152,-6416,6868,-493,183,-73,0
2979.611873149872,7800,7448,11324,-227,-119,158,7504,-8552,10784,20,122,-168,-13396,4104,6540,-1163,125,-136,-13276,-6472,6712,-452,125,-80,0
2979.6480350494385,7860,7272,11428,-250,-80,121,7400,-8488,10968,5,152,-173,-13316,4032,6644,-1129,67,-48,-13180,-6656,6980,-491,198,-75,0
2979.6834709644318,7752,7524,11356,-286,-75,129,7392,-8488,10912,56,147,-197,-13296,3896,6568,-1133,53,-105,-13076,-6224,6956,-467,214,-83,0
2979.719836950302,7892,7524,11496,-499,-105,118,7196,-8500,10796,21,142,-229,-13316,4060,6372,-1192,52,-151,-13160,-6356,6948,-476,216,-100,0
2979.7550480365753,7852,7516,11428,-280,-120,115,7300,-8504,10696,27,119,-212,-13336,4068,6544,-1223,58,-90,-13176,-6332,6980,-410,257,-52,0
2979.7903900146484,7916,7460,11320,-270,-99,143,7336,-8508,10780,62,126,-224,-13532,4032,6536,-1167,70,-124,-13208,-6460,7056,-424,240,-78,0
2979.8259999752045,7976,7520,11324,-275,-93,110,7348,-8516,10696,22,136,-196,-13392,4016,6560,-1128,59,-80,-13180,-6548,7012,-458,164,-88,0
2979.8621270656586,7784,7500,11336,-195,-58,88,7452,-8416,10808,-36,120,-192,-13564,3984,6848,-1129,44,-60,-13168,-6348,6904,-468,182,-122,0
2979.8981580734253,8048,7556,11416,-170,-32,75,7416,-8496,10844,-24,207,-157,-13340,3976,6500,-1136,1,-91,-13128,-6644,7120,-457,159,-144,0
2979.933671951294,7812,7492,11432,-193,253,61,7448,-8408,10948,-18,170,-140,-13568,4008,6728,-1092,2,-42,-13168,-6492,6716,-435,158,-162,0
2979.9687700271606,7812,7464,11368,-198,-255,46,7384,-8484,10916,-64,185,-154,-13324,4048,6612,-1110,21,-76,-13164,-6388,6676,-386,157,-141,0
2980.0041041374207,7876,7556,11440,-173,-38,54,7372,-8512,10844,-64,139,-149,-13540,3896,6544,-1109,29,-74,-13116,-6348,6848,-457,212,-142,0
2980.0391020774846,7816,7580,11340,-187,-70,92,7376,-8540,10820,-12,147,-168,-13396,4268,6552,-1076,44,-89,-13108,-6152,7152,-450,208,-98,0
2980.075036048889,7772,7476,11280,-137,-16,54,7408,-8520,10780,-63,147,-168,-13396,4008,6808,-1067,45,-72,-13240,-6656,7012,-460,167,-130,0
2980.110953092575,7900,7488,11344,-170,-26,55,7388,-8528,10936,-41,156,-154,-13320,3856,6516,-1035,35,-55,-13152,-6372,7152,-428,161,-118,0
2980.146867990494,7784,7520,11300,-160,23,61,7372,-8684,10884,-39,184,-154,-13420,4052,6588,-1059,25,-256,-13196,-6644,6948,-482,114,-139,0
2980.180225133896,7776,7540,11460,-134,249,73,7348,-8476,10760,-38,185,-88,-13296,3996,6572,-1067,254,-83,-13128,-6480,6920,-446,89,-149,0
2980.2137060165405,7752,7504,11652,-189,19,79,7416,-8496,10832,-50,151,-125,-13316,3996,6512,-1038,27,-66,-13188,-6524,7040,-451,103,-158,0
2980.247256040573,7776,7544,11436,-165,-7,79,7336,-8648,10888,-59,146,-159,-13088,3844,6484,-1002,44,-10,-13092,-6416,7104,-464,124,-151,0
2980.2802679538727,7732,7468,11340,-150,-31,70,7372,-8560,11024,-52,153,-179,-13364,3952,6860,-1032,72,-79,-13100,-6336,7072,-470,191,-132,0
2980.313633918762,7744,7488,11252,-146,-25,66,7364,-8508,10996,-16,144,-185,-13300,3984,6392,-1024,109,-84,-13244,-6468,7156,-443,193,-109,0
2980.347414970398,7852,7496,11364,-159,-65,88,7384,-8544,10844,-28,116,-195,-13388,4104,6588,-1005,90,-82,-13132,-6448,6952,-459,169,-132,0
2980.3809509277344,7792,7468,11328,-169,-38,60,7336,-8540,10940,-38,136,-165,-13376,3984,6624,-1034,86,-47,-13220,-6360,6996,-462,131,-116,0
2980.414323091507,7808,7524,11572,-165,-38,78,7312,-8428,10892,-54,169,-172,-13284,4044,6724,-999,52,-44,-13124,-6428,7036,-491,163,-127,0
2980.4479479789734,7840,7564,11440,-166,-21,75,7308,-8508,10900,-43,165,-168,-13548,4036,6836,-1013,82,-71,-13120,-6332,6908,-445,150,-140,0
2980.481337070465,7836,7512,11436,-150,-51,69,7600,-8376,10992,-48,121,-170,-13296,4056,6608,-992,94,-88,-13136,-6200,7000,-475,136,-157,0
2980.514955997467,7728,7480,11464,-161,-41,63,7176,-8520,10784,-79,160,-183,-13388,3960,6600,-1018,75,-75,-13076,-6576,6980,-432,153,-146,0
2980.5486321449284,7800,7572,11380,-167,-21,67,7456,-8584,10956,-55,137,-153,-13324,4028,6636,-989,69,-24,-13128,-6388,7140,-463,143,-143,0
2980.5820360183716,7732,7824,11332,-144,-47,86,7340,-8568,10936,-23,153,-169,-13480,4008,7136,-995,107,-53,-13048,-6512,7136,-458,169,-113,0
2980.6155009269714,7832,7512,11264,-173,-53,97,7424,-8484,10920,-60,128,-178,-13104,3984,6600,-1012,102,-76,-13108,-6616,6912,-459,179,-146,0
2980.6488230228424,7772,7676,11304,-139,-90,85,7340,-8244,10952,-81,122,-165,-13188,4076,6496,-992,102,-88,-13128,-6332,7164,-496,163,-129,0
2980.6823251247406,7916,7508,11288,-155,-45,106,7344,-8444,10968,-58,113,-174,-13532,4008,6816,-987,123,-78,-13164,-6484,6680,-477,159,-100,0
2980.715637922287,7784,7596,11084,-160,-54,80,7360,-8452,10884,-72,169,-200,-13448,3884,6800,-944,151,-44,-13220,-6636,6764,-482,132,-138,0
2980.7491319179535,7808,7492,11456,-166,-249,105,7400,-8544,10840,-81,140,-148,-13408,4164,6624,-976,122,-43,-13236,-6596,6960,-469,101,-117,0
2980.7822439670563,7728,7468,11428,-198,-26,127,7344,-8552,10840,-49,136,-144,-13124,4336,6436,-1112,52,-62,-13044,-6476,6936,-422,172,-126,0
2980.8157439231873,7748,7624,11504,-172,-23,101,7340,-8264,10900,-3,189,-94,-13496,4032,6180,-1045,136,-29,-12876,-6436,6836,-409,146,-93,0
2980.8493061065674,7628,7628,11504,-162,-26,80,7340,-8560,10872,-77,135,-185,-13484,4056,6804,-769,159,-63,-13124,-6464,6996,-457,153,-109,0
2980.8827800750732,7820,7452,11396,-174,-16,93,7272,-8508,10864,-14,119,-199,-13256,4064,6652,-1119,133,-89,-12904,-6220,6864,-409,176,-90,0
2980.916011095047,7712,7480,11464,-121,-52,74,7208,-8484,10864,-38,166,-163,-13212,4060,6832,-1170,135,-67,-13048,-6448,6968,-426,153,-103,0
2980.9544129371643,7692,7620,11400,-165,32,95,7356,-8488,10956,245,175,-130,-13284,4056,6616,-1083,-129,-13,-13292,-6516,6696,-373,140,-77,0
2980.9879519939423,7796,7492,11284,-242,18,78,7312,-8552,10788,-27,195,-164,-13276,4092,6564,-1230,64,-75,-13092,-6548,7008,-371,152,-52,0
2981.021518945694,7712,7504,11732,-214,-69,80,7312,-8536,10984,-9,184,-153,-13264,4016,6732,-1235,74,-109,-13172,-6328,6996,-407,197,-47,0
2981.0552051067352,7628,7672,11308,-215,-64,132,7256,-8492,10936,50,148,-201,-13292,4048,6772,-1152,144,-96,-13112,-6400,6988,-418,176,-52,0
2981.088525056839,7924,7572,11724,-221,-106,153,7236,-8492,10804,18,113,-202,-13104,3980,6616,-1134,142,-101,-13080,-6508,6936,-406,132,-23,0
2981.1220221519466,7668,7608,11348,-184,-161,143,7384,-8548,10948,-27,97,-217,-13404,3948,6800,-1124,66,-79,-13112,-6268,7012,-361,138,-26,0
2981.158592939377,7744,7496,11372,-173,-70,140,7268,-8460,10848,254,134,-204,-13384,4056,6612,-1124,50,-102,-13084,-6432,6948,-378,167,-80,0
2981.1941530704494,7732,7492,11436,-217,-87,117,7268,-8532,10868,33,151,-176,-13332,3912,6636,-1102,51,-74,-13212,-6380,7060,-380,131,-46,0
2981.2292120456696,7428,7608,11488,-219,-83,159,7376,-8396,10872,-15,138,-164,-13280,3936,6576,-1046,101,-95,-13088,-6152,7088,-398,134,-57,0
2981.2644381523132,7728,7540,11508,-252,-114,155,7364,-8584,10968,-12,91,-223,-13256,4096,6712,-1010,146,-122,-13088,-6376,7144,-414,143,-41,0
2981.2996320724487,7792,7472,11332,-265,-84,165,7336,-8668,10796,15,119,-230,-13540,3972,6556,-990,133,-95,-13244,-6284,7052,-456,152,-43,0
2981.334705114364,7704,7428,11440,-234,-90,169,7332,-8544,10796,29,80,-203,-13400,3956,6720,-1040,134,-146,-13172,-6280,7032,-468,135,-79,0
2981.3703100681305,7700,7500,11372,-199,-68,151,7172,-8660,10868,22,98,-214,-13068,4000,6468,-1042,194,-119,-13144,-6396,7036,-487,111,-60,0
2981.405074119568,7812,7544,11284,-242,-75,168,7408,-8244,10800,53,97,-190,-13336,3984,6676,-1016,258,-121,-13164,-6404,6948,-455,81,-49,0
2981.4582850933075,7848,7480,11396,-255,-25,169,7348,-8564,10888,40,62,-182,-13328,3964,6504,-922,214,-86,-13280,-6300,6708,-496,100,-41,0
2981.5043201446533,7664,7380,11312,-248,-53,184,7388,-8492,10892,28,74,-167,-13304,3988,6500,-968,262,-106,-13208,-6332,7156,-497,96,-19,0
2981.5432019233704,7868,7644,11368,-300,-15,197,7624,-8464,10868,43,67,-186,-13112,4072,6568,-927,403,-115,-13104,-6332,7012,-496,42,-50,0
2981.5792560577393,7708,7488,11360,-298,-56,208,7244,-8448,10848,13,85,-171,-13436,3920,6620,-997,510,-75,-13216,-6344,7048,-474,100,-36,0
2981.6145880222325,7796,7416,11392,-275,-112,182,7272,-8480,10776,-4,124,-177,-13372,3992,6616,-1035,108,-61,-13080,-6316,6984,-517,138,-120,0
2981.6502621173854,7676,7416,11348,-316,-152,146,7396,-8688,10836,22,119,-191,-13400,4032,6524,-979,137,-96,-13164,-6468,7024,-489,107,-106,0
2981.685590982437,7796,7516,11444,-232,-88,161,7348,-8232,10816,-11,111,-202,-13196,3956,6544,-989,151,-129,-13212,-6288,6940,-487,122,-107,0
2981.7215139865875,7752,7360,11352,-268,-103,156,7384,-8488,10836,-31,125,-197,-13336,4036,6460,-985,108,-95,-13104,-5956,7044,-487,136,-77,0
2981.7560470104218,7780,7428,11448,-238,-122,161,7344,-8436,10836,-38,180,-145,-13420,3948,6576,-1072,118,-91,-13156,-6284,7092,-464,-2,-94,0
2981.7923769950867,7872,7440,11356,-248,-121,142,7420,-8372,10936,-66,164,-161,-13248,4032,6652,-1000,122,-56,-13300,-6284,6972,-476,253,-111,0
2981.8282039165497,7884,7476,11360,-203,-109,118,7388,-8576,10940,-96,171,-180,-13308,3960,6644,-1093,40,-61,-12820,-6332,7084,-502,15,-140,0
2981.8617701530457,7776,7440,11444,-158,-121,72,7304,-8420,10984,-120,194,-188,-13360,3980,6844,-1131,-23,-79,-12852,-6376,7116,-538,93,-180,0
2981.895143032074,7636,7444,11472,-120,-97,58,7356,-8408,10880,-62,219,-197,-13096,3996,6492,-1064,10,-86,-13204,-6204,6888,-502,98,-147,0
2981.9286670684814,7852,7436,11448,-201,-85,51,7332,-8472,10784,-80,223,-200,-13380,3920,6844,-1074,-23,-102,-13072,-6340,7024,-431,184,-147,0
2981.9623489379883,7884,7392,11684,-180,-146,98,7316,-8488,10956,-110,186,-184,-13264,3864,6580,-1004,-126,-94,-13032,-6320,7132,-501,170,-157,0
2981.9957690238953,7696,7644,11280,-189,-125,52,7368,-8592,11008,-115,189,-177,-13384,3932,6700,-1068,-126,-37,-13136,-6300,7124,-499,117,-174,0
2982.029134988785,7680,7168,11460,-163,-64,62,7412,-8600,11084,-105,200,-147,-13436,3896,6632,-1045,-63,-38,-13156,-6340,7068,-525,115,-147,0
2982.0627160072327,7844,7172,11484,-136,-18,71,7348,-8464,10996,-88,195,-122,-13280,3904,6464,-1097,-31,-75,-13184,-6340,7100,-546,84,-182,0
2982.096540927887,7752,7532,11344,-159,-25,69,7288,-8628,11208,-110,175,-133,-13248,4028,6676,-1036,-31,-89,-13080,-6256,6960,-601,44,-168,0
2982.13002204895,7792,7388,11348,-172,-16,48,7300,-8528,10832,-109,202,-128,-13284,3896,6580,-968,25,-48,-13104,-6360,7196,-638,55,-163,0
2982.1634941101074,7772,7484,11416,-133,-22,68,7368,-8560,10900,-76,183,-126,-13292,3964,6640,-987,60,-1,-13084,-6200,7028,-627,84,-166,0
2982.1969950199127,7716,7388,11356,-156,-35,63,7268,-8504,10940,-79,169,-166,-13304,3952,6584,-930,53,-48,-13072,-6484,6972,-630,93,-166,0
2982.2304730415344,7812,7408,11280,-114,-52,65,7596,-8496,10908,-70,148,-137,-13324,3988,6488,-914,96,-86,-13112,-6416,7028,-648,97,-192,0
2982.264014005661,7684,7556,11732,-134,-100,76,7300,-8544,10908,-94,114,-185,-13080,3952,6592,-913,122,-54,-13180,-6472,7064,-652,57,-181,0
2982.297380924225,7700,7496,11536,-96,-43,76,7264,-8444,10892,-117,132,-188,-13556,3992,6868,-890,156,-43,-13132,-6412,7084,-622,63,-161,0
2982.3311040401454,7840,7548,11704,-114,-36,77,7268,-8536,10804,-103,146,-133,-13368,4048,6664,-958,125,-12,-13092,-6360,7008,-682,38,-191,0
2982.364501953125,7792,7484,11268,-137,-36,78,7556,-8504,10948,-77,151,-125,-13320,3956,6704,-1009,141,-67,-13192,-6472,6920,-643,58,-170,0
2982.397752046585,7604,7480,11404,-135,-21,87,7236,-8488,11104,-31,148,-150,-13120,3644,6464,-945,130,217,-13148,-6496,6956,-690,39,-186,0
2982.4312880039215,7628,7504,11628,-103,-39,61,7232,-8252,10812,-110,104,-153,-13280,4004,6728,-925,164,-26,-13144,-6636,7124,-698,67,-206,0
2982.464884996414,7740,7632,11280,-105,-61,54,7296,-8460,10876,-48,96,-166,-13208,3960,6660,-960,228,-20,-13084,-6456,6976,-678,103,-189,0
2982.498533964157,7796,7220,11428,-58,-16,81,7352,-8476,10816,-72,84,-174,-13320,3980,6632,-989,200,-35,-12864,-6480,7020,-656,90,-172,0
2982.5320250988007,7484,7512,11388,-61,-14,94,7260,-8516,10888,-51,105,-164,-13324,4116,6680,-925,166,-71,-13124,-6524,7084,-661,97,-183,0
2982.565551996231,7884,7464,11336,-72,11,63,7268,-8536,10920,-100,105,-145,-13296,3980,6848,-854,155,-70,-13128,-6440,7136,-663,86,-160,0
2982.5987379550934,7712,7524,11436,-99,-21,36,7360,-8544,10992,-142,129,-135,-13368,4016,6752,-910,123,-11,-12816,-6492,7040,-638,124,-154,0
2982.632178068161,7712,7520,11464,-72,-21,63,7468,-8592,10808,-84,114,-164,-13312,3888,6568,-1062,147,-35,-13228,-6552,7012,-561,179,-115,0
2982.665715932846,7884,7500,11204,-132,-47,119,7328,-8580,10852,-51,111,-183,-13376,3968,6536,-1037,163,-79,-13048,-6504,7044,-524,176,-61,0
2982.6992769241333,7796,7576,11652,-128,-47,102,7344,-8540,10868,-47,115,-192,-13360,4100,6648,-941,159,-94,-13000,-6428,7116,-258,173,-92,0
2982.7328131198883,7652,7588,11548,-199,-71,117,7300,-8592,10940,248,151,-162,-13292,4016,6824,-930,123,-67,-13076,-6560,7028,-486,226,-122,0
2982.7664370536804,7612,7500,11264,-192,-101,121,7324,-8520,10876,-41,132,-198,-13348,3924,6812,-996,112,-134,-13048,-6444,7044,-494,261,-67,0
2982.799651145935,7740,7596,11428,-197,-172,177,7344,-8536,10888,-56,83,-222,-13404,3996,6660,-1008,124,-163,-13112,-6564,7036,-460,223,-48,0
2982.8353810310364,7912,7576,11496,-189,-133,139,7324,-8232,10824,-67,132,-197,-13248,4008,6468,-1010,108,-115,-13036,-6544,6960,-439,220,-51,0
2982.8707849979405,7772,7536,11504,-235,-140,137,7216,-8492,10860,-24,160,-211,-13272,4028,6776,-1273,95,-80,-13040,-6532,7140,-432,234,-62,0
2982.905604124069,7684,7484,11444,-224,-103,159,7320,-8568,10924,15,103,-178,-13284,3920,6448,-1029,119,-120,-13096,-6532,7144,-478,254,-34,0
2982.941257953644,7684,7492,11308,-201,-135,141,7300,-8628,10916,27,100,-195,-13336,4092,6668,-1068,111,-134,-13044,-6452,7056,-437,259,-52,0
2982.9774539470673,7716,7484,11424,-227,-163,199,7328,-8560,10792,16,130,-203,-13320,4012,6660,-1062,129,-146,-13104,-6460,7104,-454,506,-20,0
2983.012293100357,7792,7496,11428,-236,-180,192,7204,-8560,10904,6,79,-223,-13356,4016,6704,-1044,138,-141,-13292,-6452,7140,-438,251,-33,0
2983.047680139541,7680,7552,11480,-218,-185,200,7348,-8620,10760,11,87,-229,-13368,3964,6644,-1039,73,-111,-13148,-6400,7024,-429,243,-19,0
2983.083615064621,7772,7524,11040,-244,-170,170,7320,-8432,10888,4,103,-210,-13556,4132,6680,-1038,101,-93,-13236,-6296,6880,-418,204,-43,0
2983.119199037552,7884,7540,11452,-224,-112,178,7352,-8560,10980,11,108,-175,-13472,3968,6884,-1050,104,-88,-13224,-6428,6816,-413,231,-34,0
2983.1544151306152,7832,7672,11340,-284,-173,158,7356,-8576,10828,79,144,-201,-13356,3932,6608,-1114,110,-139,-13308,-6240,6888,-384,267,-59,0
2983.190176010132,7748,7580,11340,-239,-153,159,7264,-8524,10900,56,147,-233,-13256,4000,6752,-1055,84,-93,-13120,-6460,6968,-359,283,-68,0
2983.2251930236816,7696,7496,11408,-503,-200,117,7288,-8540,10816,43,153,-507,-13332,4048,6592,-1033,104,-155,-13064,-6292,7000,-356,301,-60,0
2983.2612221241,7864,7368,11452,-270,-232,182,7340,-8544,10856,82,90,-233,-13416,3948,6660,-1103,56,-107,-13212,-6632,6756,-349,288,-21,0
2983.296231985092,7840,7464,11412,-247,-239,199,7416,-8416,10760,64,121,-180,-13108,3912,6440,-770,43,-63,-13152,-6208,6992,-339,205,-64,0
2983.332519054413,7808,7472,11456,-509,-186,181,7292,-8668,10856,254,107,-200,-13324,3952,6452,-1077,83,-57,-13116,-6424,6880,-354,182,-74,0
2983.368492126465,7844,7400,11408,-225,-195,151,7392,-8544,10916,-46,101,-208,-13352,3936,6708,-1004,42,-54,-13116,-6388,7008,-448,222,-107,0
2983.4038250446324,7784,7232,11368,-154,-162,126,7404,-8452,10956,-29,167,-200,-13424,3824,6552,-989,45,-92,-13220,-6372,7140,-445,263,-151,0
2983.439322948456,7832,7404,11012,-196,-158,147,7316,-8604,10844,-252,116,-230,-13488,3924,6472,-976,57,-35,-13140,-6372,6928,-461,219,-152,0
2983.474625110626,7872,7612,11188,-154,-134,128,7352,-8676,10600,-5,142,-204,-13364,4040,6504,-984,78,-44,-13228,-6408,7140,-421,160,-148,0
2983.5103321075444,8140,7356,11268,-163,-83,95,7396,-8476,11008,-56,150,-196,-13292,3980,6828,-969,106,-63,-13256,-6368,6972,-434,142,-127,0
2983.5437750816345,8024,7668,11404,-178,-102,123,7344,-8556,11040,-26,153,-179,-13424,3880,6708,-1003,73,-81,-13180,-6356,7028,-399,173,-136,0
2983.5774340629578,7828,7472,11320,-169,-89,91,7400,-8408,10968,-25,171,-165,-13356,4000,6664,-995,30,-94,-13080,-6604,6948,-422,186,-178,0
2983.6110939979553,7892,7456,11528,-186,-68,105,7356,-8472,10900,-40,192,-188,-13408,4012,6608,-976,35,-41,-12852,-6488,6976,-405,134,-145,0
2983.644045114517,7760,7672,11524,-179,-83,50,7272,-8464,10952,-54,204,-186,-13344,3980,6736,-1000,71,-47,-13148,-6484,7060,-404,139,-162,0
2983.677703142166,7856,7520,11424,-161,-41,57,7296,-8536,10968,-40,175,-165,-13304,4016,6564,-986,33,-69,-13216,-6460,6928,-436,110,-146,0
2983.711207151413,7852,7416,11404,-164,-28,66,7340,-8480,10780,-34,163,-153,-13284,3984,6724,-968,50,230,-13308,-6508,6976,-450,117,-142,0
2983.744719982147,7864,7432,11308,-147,-6,82,7296,-8548,10904,-51,143,-153,-13304,3960,6888,-1010,57,-38,-13056,-6316,6968,-461,122,-128,0
2983.77838397026,7792,7472,11388,-161,-52,92,7364,-8684,10884,-56,109,-186,-13480,3896,6624,-988,85,-40,-13120,-6384,6924,-454,111,-99,0
2983.8116879463196,7796,7504,11460,-143,-64,104,7644,-8504,10940,-80,149,-193,-13264,3928,7220,-1005,-82,-43,-13304,-6496,6860,-453,145,-121,0
2983.8449869155884,7904,7512,11252,-132,-34,113,7440,-8560,10888,-119,128,-161,-13400,4000,6852,-774,-234,-64,-13252,-6304,6944,-455,111,-111,0
2983.8785901069646,7884,7384,11316,-170,-19,89,7436,-8540,10836,-36,174,-124,-13088,3916,6632,-1043,55,-43,-13060,-6400,6984,-451,114,-140,0
2983.9118509292603,7868,7488,11384,-170,-13,108,7396,-8480,10860,-255,213,-129,-13304,3928,6748,-1038,32,-44,-13212,-6384,6864,-460,77,-179,0
2983.9454641342163,7872,7436,11344,-129,22,66,7320,-8380,11004,-89,168,-151,-13216,3940,6824,-1060,24,-40,-13156,-6356,6928,-448,91,-161,0
2983.979152917862,7884,7392,11288,-212,-29,82,7248,-8628,10840,-13,210,-139,-13200,3988,6708,-1074,94,-88,-13192,-6288,6704,-465,150,-117,0
2984.012619972229,7784,7456,11428,-203,-39,109,7212,-8556,11236,-34,153,-170,-13472,4056,6688,-1278,94,-84,-13112,-6168,7052,-459,143,-102,0
2984.0461909770966,7740,7672,11380,-167,-50,97,7248,-8504,10972,-40,126,-156,-13264,4016,6748,-1056,134,-37,-13204,-6400,7140,-464,113,-108,0
2984.0800220966335,7716,7552,11452,-173,-39,137,7208,-8220,10752,-64,120,-174,-13216,3976,6784,-1056,127,-38,-13040,-6492,6912,-459,138,-81,0
2984.113671064377,7692,7388,11368,-237,-133,158,7240,-8620,10928,-23,141,-194,-13220,4028,6552,-1075,152,-157,-13148,-6368,6968,-457,198,-46,0
2984.1472210884094,7828,7444,11392,-169,-180,177,7236,-8496,11016,20,109,-243,-13072,3968,6460,-1089,179,-172,-13084,-6216,6944,-507,242,-46,0
2984.1807601451874,7696,7416,11480,-189,-170,183,7324,-8508,10840,-16,58,-238,-13300,3976,6728,-1044,196,-148,-13120,-6620,6952,-514,216,-46,0
2984.2143161296844,7864,7584,11268,-148,-197,180,7344,-8484,10788,-4,64,-229,-13348,3924,6880,-1048,144,-150,-13132,-6348,6984,-450,250,-41,0
2984.2479119300842,7836,7476,11244,-201,-152,181,7280,-8412,10776,7,112,-228,-13360,3908,6408,-772,154,-144,-13280,-6592,6936,-468,226,-60,0
2984.281301021576,7824,7504,11472,-222,-179,156,7356,-8456,11072,15,141,-210,-13436,3984,6692,-1008,121,-140,-13212,-6400,6932,-454,244,-62,0
2984.314969062805,7960,7348,11304,-209,-157,189,7336,-8496,10764,251,133,-214,-13408,3972,6764,-1012,139,-132,-13272,-6328,6892,-482,210,-44,0
2984.348463058472,7796,7492,11036,-216,-159,170,7372,-8396,10924,-5,105,-219,-13292,3856,6836,-1274,182,-121,-13124,-6292,6832,-441,202,-28,0
2984.3818900585175,7920,7468,11364,-208,-161,166,7356,-8532,10852,1,96,-206,-13308,3920,6408,-1015,139,-76,-13132,-6268,7000,-470,223,-33,0
2984.4154131412506,7896,7204,11420,-219,-193,201,7296,-8496,10932,55,83,-198,-13268,3880,6812,-1274,148,-136,-13164,-6316,6884,-472,197,-67,0
2984.448744058609,7756,7392,11364,-177,-206,179,7276,-8484,10896,38,100,-197,-13348,3928,6500,-1037,108,-149,-13224,-6408,7016,-482,164,-75,0
2984.4823191165924,7752,7212,11288,-169,-202,171,7372,-8464,10916,-8,107,-211,-13264,3972,6752,-1004,108,-93,-13208,-6316,6808,-511,155,-77,0
2984.518242120743,7876,7452,11332,-182,-192,163,7308,-8456,10820,-41,100,-199,-13312,3880,6448,-1042,113,-75,-13176,-6196,6784,-447,193,-106,0
2984.5539751052856,8188,7360,11324,-171,-151,143,7244,-8488,10788,-20,82,-204,-13444,3880,6644,-1031,134,-63,-13372,-6340,6724,-482,147,-107,0
2984.589255094528,8004,7452,11292,-138,-65,152,7188,-8448,10984,-56,127,-165,-13396,3860,6904,-1034,96,-49,-13228,-6152,6768,-486,105,-128,0
2984.6249721050262,7952,7472,11276,-180,-36,69,7484,-8500,10940,-252,177,-146,-13396,3896,6664,-1046,103,-51,-13244,-6316,6996,-476,118,-155,0
2984.6606030464172,7948,7412,11324,-165,32,62,7432,-8428,10992,255,171,-156,-13388,3960,6752,-1013,97,-53,-13184,-6164,6864,-442,112,-130,0
2984.695718050003,7940,7168,11316,-152,7,44,7396,-8540,10764,-47,205,-143,-13300,3972,6480,-1006,24,-65,-13192,-6228,6768,-449,144,-163,0
2984.7317690849304,7892,7380,11424,-154,-2,66,7324,-8508,10792,-50,138,-172,-13244,3828,6672,-1040,75,-30,-13228,-6172,6768,-485,165,-157,0
2984.767513990402,8128,7620,11276,-130,9,80,7236,-8428,10956,-50,167,-127,-13452,3884,6624,-1018,52,-47,-13064,-6340,6952,-468,101,-145,0
2984.802356004715,7832,7304,11456,-151,21,59,7156,-8464,11044,-34,164,-119,-13360,3984,7140,-1041,84,-56,-13156,-6316,7068,-471,131,-151,0
2984.838030099869,7800,7444,11272,-193,245,81,7340,-8388,10836,-55,185,-146,-13356,3928,6768,-769,60,-26,-13224,-6156,6996,-489,102,-144,0
2984.8731801509857,7908,7400,11408,-107,9,71,7328,-8404,10988,-91,199,-118,-13388,4004,6700,-1017,67,-254,-13256,-6356,6988,-498,105,-131,0
2984.9087851047516,7796,7552,11192,-163,-23,88,7244,-8472,10820,-29,152,-131,-13068,3916,6408,-1042,80,-56,-13200,-6400,6932,-500,94,-144,0
2984.94419503212,7788,7420,11440,-133,46,91,7332,-8600,10924,-84,136,-136,-13260,3892,6600,-1038,84,-51,-13188,-6300,7028,-258,113,-126,0
2984.979511976242,7860,7452,11440,-141,5,95,7348,-8608,10760,-51,135,-163,-13552,3908,6780,-1021,81,-85,-13228,-6568,6992,-262,92,-149,0
2985.0147819519043,7920,7516,11484,-145,41,66,7360,-8476,10824,-9,167,-159,-13336,3924,6520,-1242,33,-42,-13204,-6260,6916,-544,104,-175,0
2985.0509021282196,7928,7376,11424,-182,-248,72,7320,-8496,10892,-16,178,-161,-13452,3972,6752,-1049,57,-83,-13240,-6336,7048,-477,102,-183,0
2985.0857570171356,8148,7492,11176,-144,25,33,7368,-8464,10908,-95,143,-180,-13364,3956,6760,-1266,40,-38,-13216,-6368,6888,-464,94,-187,0
2985.121348142624,7780,7504,11484,-173,7,25,7360,-8500,10896,-71,220,-172,-13528,3980,6744,-962,-3,-61,-13196,-6336,7024,-429,105,-191,0
2985.1562089920044,7872,7568,11400,-195,-253,18,7320,-8468,10824,-64,202,-191,-13180,4000,6696,-985,68,-82,-13156,-6380,6980,-449,90,-149,0
2985.1918029785156,7636,7472,11360,-157,-29,66,7216,-8496,10808,-68,188,-183,-13192,4000,6736,-984,48,-37,-13288,-6372,6980,-457,116,-166,0
2985.2254300117493,7748,7544,11380,-174,-32,57,7244,-8700,10892,-62,135,-186,-13568,3988,6772,-1027,90,-48,-13112,-6556,7144,-437,136,-155,0
2985.2591350078583,7816,7496,11296,-141,-56,90,7260,-8312,10884,-25,132,-200,-13240,3964,6732,-984,72,-87,-13212,-6596,6928,-471,193,-133,0
2985.2925281524654,7824,7384,11472,-161,-88,99,7332,-8560,10940,-57,147,-203,-13236,3996,6664,-998,93,-74,-13276,-6640,7008,-452,134,-120,0
2985.325850009918,7804,7496,11440,-131,-87,115,7344,-8568,10916,-87,151,-178,-13244,3972,6748,-1004,48,-29,-13164,-6620,7116,-479,154,-128,0
2985.359316110611,7836,7508,11252,-183,-74,107,7352,-8628,10908,-26,120,-163,-13548,3912,6688,-1055,88,-50,-13192,-6612,6984,-445,143,-120,0
2985.3927760124207,7752,7472,11460,-148,-31,98,7224,-8476,10876,-76,128,-169,-13216,3928,6892,-1008,106,-57,-13064,-6152,6964,-507,109,-99,0
2985.426518917084,7788,7512,11428,-162,-51,83,7292,-8212,11004,-68,158,-164,-13520,4048,6788,-974,82,-71,-13144,-6280,6944,-499,127,-157,0
2985.460016965866,7920,7464,11408,-186,-23,82,7388,-8412,10952,-104,93,-174,-13244,3984,6680,-989,81,-61,-13192,-6296,6948,-461,133,-130,0
2985.4933099746704,7856,7516,11400,-159,-254,69,7652,-8460,11172,-50,151,-149,-13292,3940,6840,-979,47,-21,-13076,-6320,7068,-457,115,-171,0
2985.5269701480865,7784,7552,11768,-166,-46,58,7252,-8496,10924,-11,170,-174,-13304,4052,6840,-995,70,-31,-13184,-6384,6948,-435,97,-132,0
2985.5603210926056,7700,7560,11456,-178,-14,70,7184,-8472,10812,-60,170,-181,-13196,4020,6760,-991,93,-120,-13204,-6272,7016,-451,146,-118,0
2985.593852043152,7788,7520,11276,-200,-50,91,7352,-8548,10868,-50,166,-180,-13368,3904,6932,-1008,89,-106,-13184,-6340,7100,-491,170,-112,0
2985.627382993698,7784,7676,11076,-193,-77,102,7304,-8556,10780,10,143,-211,-13272,4072,6676,-1038,138,-69,-13148,-6276,6912,-463,191,-108,0
2985.660645008087,7876,7512,11448,-216,-79,137,7120,-8556,10836,254,120,-222,-13192,3968,6748,-1013,117,-119,-13124,-6332,7076,-487,192,-76,0
2985.6940839290614,7772,7540,11264,-226,-175,149,7088,-8496,10948,-13,107,-215,-13544,3984,6816,-980,147,-133,-13204,-6396,7092,-474,196,-86,0
2985.727683067322,7736,7588,11296,-200,-131,142,7272,-8516,10840,-18,111,-207,-13348,3904,6812,-973,113,-137,-13056,-6388,7156,-485,198,-56,0
2985.761044025421,7848,7516,11312,-238,-162,122,7660,-8692,10836,-9,155,-219,-13284,3908,6652,-1026,119,-93,-13060,-6376,6996,-479,216,-70,0
2985.7945001125336,7832,7432,11428,-269,-165,169,7244,-8464,10856,-256,119,-206,-13516,3872,6696,-985,126,-121,-13128,-6344,6672,-430,195,-34,0
2985.828020095825,7804,7508,11284,-231,-147,165,7280,-8492,10912,-34,105,-230,-13332,4024,6748,-1005,152,-99,-13192,-6364,6992,-452,151,-80,0
2985.8612411022186,7844,7428,11380,-245,-106,135,7276,-8648,10872,40,151,-204,-13208,3944,6800,-1054,71,-147,-13200,-6340,7116,-474,203,-40,0
2985.8946399688725,7752,7384,11420,-238,-165,186,7268,-8380,11016,71,124,-211,-13240,4028,6820,-1045,133,-138,-13192,-6292,7012,-467,236,-40,0
2985.9281880855565,7748,7564,11372,-190,-161,160,7316,-8540,10992,31,114,-212,-13216,3936,6732,-1005,174,-121,-13152,-6340,7096,-458,224,-59,0
2985.9640419483185,7832,7464,11508,-223,-195,201,7288,-8476,10912,1,108,-212,-13364,3960,6900,-988,140,-129,-13208,-6348,6952,-488,204,-63,0
2985.9978790283203,7820,7468,11284,-216,-162,180,7292,-8432,10928,1,97,-197,-13352,3968,6772,-1280,150,-142,-13140,-6304,6976,-448,165,-81,0
2986.0315370559692,7896,7352,11408,-199,-100,172,7372,-8444,10828,9,96,-209,-13304,3832,6796,-1016,134,-113,-13096,-6348,6656,-463,142,-71,0
2986.064978122711,7792,7652,11440,-233,-114,146,7256,-8576,10864,-16,140,-185,-13184,3932,6732,-1046,167,-80,-13212,-6304,6968,-483,148,-71,0
2986.0985231399536,7856,7392,11536,-238,-94,157,7364,-8472,10940,-14,107,-178,-13180,4000,6512,-1041,131,-45,-13288,-6304,6952,-486,174,-90,0
2986.131983995437,7832,7396,11404,-202,-124,165,7300,-8488,11160,-7,109,-208,-13308,3848,6908,-1054,164,-113,-13100,-6380,6852,-473,202,-35,0
2986.165318965912,7672,7348,11372,-200,-181,135,7332,-8460,10888,15,99,-236,-13304,3988,6712,-1025,154,-132,-13204,-6252,6984,-475,250,-83,0
2986.2019960880284,7820,7368,11392,-216,-178,139,7356,-8548,10992,-7,88,-510,-13476,3964,6612,-992,155,-137,-13268,-6348,6968,-452,230,-79,0
2986.237956047058,7932,7260,11536,-213,-231,127,7324,-8460,10828,-6,86,-249,-13372,3940,6716,-1004,122,-143,-13104,-6316,6872,-496,156,-153,0
2986.2731771469116,8032,7304,11244,-173,-178,118,7408,-8436,10992,-35,119,-216,-13364,3900,6780,-1004,73,-21,-13288,-6304,6916,-481,138,-193,0
2986.308772087097,7852,7324,11284,-188,-76,71,7336,-8436,10896,21,231,-155,-13084,3912,6792,-1065,43,-118,-13104,-6204,6988,-490,168,-164,0
2986.3440749645233,7680,7188,11416,-252,-63,81,7360,-8436,10968,71,191,-206,-13228,3900,6840,-1053,90,-135,-13048,-6320,6984,-473,232,-108,0
2986.380257129669,7888,7192,11464,-195,-164,127,7320,-8464,11064,-27,110,-218,-13328,3892,6756,-1058,107,-136,-13260,-6384,7056,-491,215,-79,0
2986.415270090103,7904,7472,11352,-236,-175,119,7332,-8372,10860,-16,91,-243,-13080,3916,6896,-1018,112,-118,-13184,-6292,6800,-761,128,-103,0
2986.4510641098022,7708,7596,11452,-219,-151,129,7420,-8228,10896,-57,154,-170,-13412,3852,6572,-1007,42,-44,-13172,-6340,6816,-463,97,-139,0
2986.4860301017766,8000,7412,11268,-219,-81,86,7304,-8432,10904,250,176,-149,-13356,3928,6832,-1064,87,-97,-13124,-6360,6952,-453,95,-150,0
2986.522551059723,7940,7400,11428,-222,-27,86,7252,-8460,11028,-24,168,-169,-13108,3840,6740,-1003,127,-17,-13112,-6340,6672,-444,127,-121,0
2986.5580179691315,7808,7432,11560,-214,-93,125,7256,-8200,10924,-42,118,-175,-13124,3888,6564,-1023,154,-66,-13144,-6316,6952,-456,131,-104,0
2986.5929911136627,7872,7444,11328,-190,-89,136,6928,-8412,10760,-56,90,-170,-13152,3848,6840,-770,163,-51,-13060,-6236,6992,-483,162,-81,0
2986.628109931946,8108,7276,11360,-178,-83,141,7340,-8456,10828,-52,105,-191,-13508,3872,6716,-999,142,-77,-13184,-6264,6984,-484,184,-93,0
2986.663651943207,7912,7340,11424,-177,-73,142,7328,-8612,10976,-26,124,-181,-13276,3864,6812,-998,128,-86,-13268,-6388,6904,-482,154,-91,0
2986.6991600990295,8024,7348,11412,-166,-59,128,7388,-8396,11124,-45,124,-176,-13060,3912,6828,-1007,113,-80,-13260,-6348,6964,-501,134,-142,0
2986.7341001033783,8012,7276,11348,-200,-7,121,7360,-8256,10956,-47,174,-145,-13320,4000,6780,-1271,71,-9,-13288,-6352,6900,-484,89,-157,0
2986.7699439525604,7884,7180,11352,-170,17,81,7208,-8384,10892,-30,171,-131,-13324,3864,6604,-1048,112,-61,-13116,-6648,7096,-468,103,-118,0
2986.805037021637,7908,7192,11380,-183,245,76,7316,-8476,10972,-29,151,-179,-13264,3948,6544,-1039,138,-71,-13280,-6400,6984,-440,141,-127,0
2986.841362953186,7872,7416,11296,-201,-46,111,7228,-8488,10948,-31,162,-203,-13216,3944,6760,-977,102,-45,-13172,-6252,6976,-443,106,-123,0
2986.8748819828033,7948,7280,11476,-170,-33,67,7372,-8528,10888,-76,149,-170,-13476,3940,6664,-1020,78,-23,-13420,-6268,6920,-489,88,-169,0
2986.908107995987,7868,7364,11324,-186,-60,79,7368,-8356,11112,-56,156,-149,-13548,4072,6896,-1034,61,-85,-13188,-6332,6752,-462,91,-162,0
2986.9416069984436,7968,7480,11472,-153,37,88,7336,-8384,11116,-29,167,-142,-13232,3840,6740,-1034,49,-41,-13224,-6408,6872,-456,53,-168,0
2986.975053071976,7856,7472,11404,-132,44,21,7352,-8444,10964,-99,181,-158,-13368,3880,6728,-992,63,5,-13140,-6340,6968,-516,104,-155,0
2987.008376121521,7900,7304,11572,-154,54,43,7372,-8496,11124,-132,136,-179,-13268,4088,6860,-793,71,-15,-13172,-6284,6928,-475,106,-170,0
2987.042106151581,7816,7344,11236,-123,24,84,7672,-8592,10844,-64,144,-131,-13316,4092,6744,-1271,68,-56,-13216,-6280,7028,-459,95,-172,0
2987.0755519866943,7980,7468,11344,-143,75,75,7340,-8388,10808,-67,388,-100,-13232,3936,6492,-1278,118,-56,-12908,-6368,6916,-465,70,-140,0
2987.108999967575,7796,7500,11508,-196,40,60,7276,-8532,10892,-127,182,-159,-13364,3984,6700,-951,69,-24,-13124,-6400,6924,-462,83,-168,0
2987.14221906662,7808,7336,11372,-148,33,69,7224,-8288,10948,-103,184,-156,-13208,3960,6748,-985,70,-14,-13164,-6312,7156,-485,119,-176,0
2987.1757340431213,7832,7496,11504,-159,-34,66,7204,-8512,10960,-40,134,-158,-13288,3880,6756,-999,102,-101,-13280,-6312,6948,-481,154,-152,0
2987.209195137024,7908,7392,11304,-171,-20,97,7332,-8520,10868,-72,110,-195,-13284,3992,6844,-993,107,-73,-13196,-6340,7088,-479,149,-150,0
2987.242672920227,7896,7376,11512,-191,-44,82,7056,-8640,11092,-8,152,-168,-13212,3964,6700,-1275,85,-82,-13252,-6348,7028,-486,146,-137,0
2987.2763900756836,7764,7352,11448,-202,-24,109,7236,-8468,10972,-50,140,-166,-13188,3900,6712,-1018,107,-36,-13124,-6304,6980,-463,170,-116,0
2987.3100209236145,7788,7376,11596,-215,-77,88,7332,-8456,10792,-14,124,-174,-13276,3884,6700,-1029,98,-39,-13224,-6584,7000,-491,137,-115,0
2987.3436760902405,7836,7460,11468,-192,-27,112,7308,-8692,10980,-60,98,-192,-13240,3940,6844,-1043,204,-46,-13140,-6156,6956,-493,143,-90,0
2987.3773560523987,7752,7348,11560,-243,-114,146,7384,-8484,10812,-51,79,-227,-13336,3916,6792,-986,156,-129,-13116,-6420,6864,-454,159,-70,0
2987.411054134369,7896,7440,11520,-223,-204,160,7336,-8496,10888,-29,98,-226,-13300,3988,6796,-776,114,-120,-13180,-6364,7012,-441,210,-61,0
2987.444319963455,7716,7404,11504,-222,-226,167,7240,-8592,10824,-255,91,-243,-13304,3976,6788,-1037,139,-120,-13124,-6392,7036,-472,235,-68,0
2987.477900981903,7828,7380,11504,-234,-223,190,7264,-8496,10760,4,92,-248,-13240,3912,6860,-985,128,-96,-13040,-6352,7060,-506,221,-39,0
2987.511346101761,7820,7396,11460,-223,-207,189,7240,-8428,10840,28,104,-9,-13296,3900,6616,-995,158,-164,-13268,-6300,6744,-466,228,-61,0
2987.544897079468,7808,7320,11464,-251,-221,178,7304,-8532,10836,27,103,-230,-13236,3904,6848,-1038,127,-167,-13172,-6264,6888,-491,207,-71,0
2987.5785541534424,7688,7184,11264,-263,-167,157,7360,-8504,10916,22,125,-209,-13356,3884,6684,-1022,148,-97,-13236,-6352,6924,-450,184,-47,0
2987.611992120743,7956,7360,11360,-230,-133,180,7292,-8292,10900,6,121,-160,-13528,3856,6472,-1037,126,-82,-13504,-6228,6988,-501,174,-74,0
2987.6455259323125,7720,7172,11100,-234,-147,162,7664,-8432,10896,31,130,-171,-13376,3952,6892,-1045,95,-68,-13188,-6364,7020,-463,148,-135,0
2987.6792340278625,7704,7288,11412,-246,-139,143,7324,-8324,10948,18,160,-172,-13280,3856,6900,-989,70,-93,-13064,-6296,6848,-499,100,-104,0
2987.712641954422,7684,7348,11432,-108,-100,95,7412,-8440,10916,-80,152,-192,-13416,4068,6856,-999,93,-117,-13124,-6264,6852,-454,144,-176,0
2987.746465921402,8012,7248,11344,-188,-59,46,7380,-8464,10948,-43,178,-177,-13336,3912,6868,-1002,31,-87,-13076,-6332,6912,-455,120,-188,0
2987.780067920685,8064,7332,11336,-136,32,57,7268,-8404,10944,-29,206,-107,-13268,3876,6632,-980,35,252,-13236,-6356,6944,-436,62,-183,0
2987.8135249614716,7912,7432,11584,-169,71,41,7332,-8500,10868,-35,203,-103,-13244,3904,6804,-988,80,-238,-13188,-6384,7060,-445,91,-160,0
2987.847018003464,7852,7460,11484,-194,26,89,7384,-8480,10908,-82,175,-132,-13232,4008,6788,-1010,80,-21,-13136,-6172,7104,-474,92,-144,0
2987.883708000183,7820,7296,11268,-186,-17,114,7152,-8576,10924,-87,159,-164,-13352,4340,7108,-1012,70,-39,-13204,-6572,7032,-522,130,-121,0
2987.9193201065063,7788,7360,11324,-145,-59,127,7288,-8500,10780,-49,133,-159,-13228,3928,6856,-1051,81,-51,-13168,-6372,6996,-766,135,-129,0
2987.954148054123,7688,7344,11224,-164,-22,126,7372,-8404,11020,-50,94,-170,-13252,3860,6812,-1038,144,-45,-13104,-6632,7036,-476,126,-126,0
2987.989767074585,7868,7280,11284,-165,-31,94,7236,-8416,10992,-65,146,-163,-13224,3928,6828,-950,104,-62,-13224,-6356,6980,-467,106,-151,0
2988.025141000748,7844,7316,11652,-185,-23,65,7360,-8672,11168,-52,200,-189,-13348,3896,6852,-967,86,-74,-13172,-6296,6912,-478,139,-165,0
2988.0604119300842,7980,7392,11580,-180,-45,82,7372,-8404,10960,-56,159,-194,-13264,3904,6872,-1014,113,-81,-13188,-6308,7092,-473,151,-139,0
2988.0956339836125,7916,7604,11516,-153,-71,89,7284,-8564,10940,-80,140,-176,-13304,3912,7064,-987,97,-39,-13180,-6260,6864,-477,154,-129,0
2988.1310989856725,7844,7292,11348,-207,-30,94,7340,-8200,10880,-91,170,-183,-13312,3920,6772,-1002,100,-68,-13168,-6336,7000,-440,128,-118,0
2988.1673760414124,7880,7396,11440,-218,-38,84,7368,-8460,10988,-4,144,-187,-13288,3972,6760,-1027,92,-73,-13248,-6296,7028,-472,147,-119,0
2988.2028601169586,7844,7404,11496,-217,-26,120,7296,-8684,10888,11,173,-176,-13508,4036,6628,-1280,57,-104,-13244,-6296,6952,-477,143,-122,0
2988.23765707016,7768,7504,11536,-222,-70,130,7364,-8536,11016,48,157,-185,-13292,3840,6760,-1066,106,-122,-13128,-6544,7016,-437,164,-114,0
2988.2734589576726,7868,7620,11280,-202,-158,133,7200,-8488,10996,11,96,-234,-13212,3988,6508,-995,93,-109,-13140,-6440,6948,-468,177,-87,0
2988.3093209266663,7744,7420,11424,-215,-156,144,7264,-8324,10928,-63,99,-217,-13168,3824,6824,-977,150,-113,-13136,-6452,7032,-466,170,-66,0
2988.3441200256348,7816,7416,11408,-200,-143,171,7204,-8440,10940,-51,109,-211,-13136,4000,6672,-994,141,-82,-13000,-6340,6880,-476,207,-69,0
2988.3796739578247,7832,7416,11548,-4,-173,168,7300,-8356,10980,-5,99,-213,-13104,3880,6704,-1035,138,-100,-13196,-6620,7140,-463,202,-78,0
2988.41502904892,7956,7444,11388,-220,-123,132,7268,-8368,11256,20,113,-196,-13264,3988,6740,-1272,145,-82,-13308,-6376,6972,-474,161,-82,0
2988.4510459899902,7936,7340,11480,-223,-105,158,7276,-8504,11016,21,152,-204,-13080,3948,6720,-998,143,-133,-13188,-6276,6976,-489,228,-33,0
2988.487195968628,8056,7176,11364,-224,-141,179,7252,-8516,10972,7,64,-210,-13076,3968,6432,-1019,143,-136,-13160,-6396,7084,-462,180,-73,0
2988.5238411426544,8004,7360,11284,-195,-143,184,7352,-8436,10908,43,80,-164,-13084,3876,6728,-1001,162,-67,-13240,-6328,6920,-464,135,-78,0
2988.557398080826,8120,7436,11308,-208,-93,159,7332,-8684,10772,15,108,-168,-13244,3868,6720,-1046,115,-88,-13192,-6372,6888,-463,118,-58,0
2988.590817928314,7884,7424,11448,-248,-93,163,7356,-8448,11180,-13,132,-163,-13064,3968,6796,-774,107,-110,-13084,-6216,6844,-483,148,-98,0
2988.6243281364445,7836,7300,11428,-201,-95,139,7324,-8448,11092,6,121,-196,-13200,3904,6848,-1008,122,-101,-12968,-6272,6672,-498,186,-93,0
2988.657510995865,7888,7296,11348,-239,-145,160,7252,-8508,10808,29,82,-225,-13276,3916,6736,-1026,142,-134,-13208,-6312,7004,-465,216,-51,0
2988.6912870407104,7984,7348,11380,-202,-197,163,7344,-8496,10924,-17,114,-229,-13076,3936,6732,-1011,135,-96,-13244,-6316,6992,-440,198,-87,0
2988.7248101234436,7856,7228,11380,-222,-168,138,7336,-8696,10964,-26,102,-200,-13068,3976,6780,-982,153,-120,-13272,-6296,6984,-451,162,-72,0
2988.7583270072937,8188,7312,11656,-164,-123,134,7332,-8412,10916,-18,124,-196,-13460,3940,6688,-1049,113,-123,-13240,-6260,6928,-486,179,-124,0
2988.7918190956116,8084,7380,11448,-191,-126,155,7420,-8316,11012,14,124,-189,-13328,3872,6796,-1039,121,-81,-13244,-6392,6992,-477,178,-114,0
2988.8254480361934,7700,7624,11348,-187,-78,148,7344,-8452,10888,-42,111,-188,-13300,3868,6784,-997,122,-50,-13204,-6232,7016,-471,118,-106,0
2988.859153032303,8016,7296,11472,-190,-111,115,7328,-8272,10992,-64,138,-211,-13368,3924,6740,-1015,98,-75,-13176,-6264,6932,-496,120,-85,0
2988.892398118973,7948,7348,11112,-165,-82,115,7300,-8424,10888,-44,132,-183,-13304,3996,6504,-1016,96,-111,-13244,-6340,6980,-483,144,-154,0
2988.925670146942,8068,7360,11328,-149,-78,96,7356,-8464,10760,-18,169,-166,-13308,3732,6784,-1044,78,-47,-13144,-6352,6848,-495,108,-133,0
2988.9591929912567,8164,7340,11264,-171,-55,86,7268,-8368,11000,-58,178,-177,-13308,3888,6700,-1009,105,-21,-13208,-6252,7044,-470,116,-152,0
2988.992748975754,7996,7364,11416,-173,-71,84,7380,-8444,11156,-59,156,-182,-13348,3928,6628,-994,112,-44,-13088,-6380,7152,-441,126,-167,0
2989.0266070365906,7968,7324,11476,-157,-42,115,7296,-8428,11244,-41,149,-176,-13300,4008,6908,-985,84,-67,-13260,-6276,6848,-488,120,-155,0
2989.0601840019226,7944,7268,11372,-172,-53,88,7308,-8448,10916,-10,150,-157,-13284,3928,6772,-1054,64,-73,-13204,-6284,7108,-487,128,-145,0
2989.0938079357147,7956,7292,11504,-187,-46,90,7300,-8388,10932,20,129,-148,-13180,3860,6680,-1059,87,-27,-13124,-6340,6952,-455,87,-147,0
2989.127243041992,7928,7384,11564,-159,-38,72,7240,-8240,10780,-78,137,-163,-13284,3952,6796,-1020,95,-243,-13216,-6296,7032,-466,98,-166,0
2989.1604931354523,7928,7300,11616,-214,-38,74,7252,-8552,11112,-45,85,-184,-13288,3900,6684,-989,102,-55,-13184,-6224,6920,-475,117,-145,0
2989.1941640377045,7808,7280,11512,-155,-68,114,7428,-8520,10848,-40,127,-183,-13312,3876,6668,-1029,91,-85,-13232,-6580,6988,-486,103,-125,0
2989.2276949882507,7980,6964,11512,-159,-14,115,7344,-8324,10924,-58,138,-143,-13404,4016,6832,-1008,97,244,-13172,-6288,7116,-513,95,-141,0
2989.2612409591675,8176,7524,11480,-143,-11,104,7268,-8336,10872,-65,141,-129,-13528,3980,6968,-1045,62,14,-13100,-6272,7076,-259,56,-144,0
2989.2948870658875,8172,7376,11272,-155,-9,142,7356,-8472,10932,-44,133,-116,-13276,3856,6832,-1038,51,-12,-13192,-6288,6948,-526,116,-121,0
2989.3282890319824,7800,7264,11696,-201,-65,125,7308,-8416,10880,50,178,-167,-13548,3848,6692,-1033,41,-128,-13276,-6480,6912,-442,206,-114,0
2989.361825942993,7716,7640,11460,-240,-160,131,7268,-8704,11252,61,167,-240,-13280,3772,6712,-1000,95,-203,-13076,-6412,6932,-431,258,-143,0
2989.3950560092926,7900,7320,11512,-186,-233,73,7292,-8364,10972,27,146,-327,-13404,3740,6880,-955,86,-213,-13436,-6656,7044,-437,198,-191,0
2989.4285619258885,8180,7324,11372,-186,-207,16,7260,-8356,10896,-15,211,-276,-13360,3972,6676,-946,255,-122,-13272,-6284,6916,-425,114,-260,0
2989.4620151519775,7952,7328,11424,-208,-80,-27,7296,-8368,10984,-28,5,-227,-13176,3976,6600,-963,-10,-101,-13144,-6244,7000,-435,164,-166,0
2989.4956071376805,8136,7328,11504,-245,-76,48,7268,-8480,10792,-26,176,-188,-13252,3888,6448,-779,98,-42,-13168,-6220,7028,-454,138,-123,0
2989.5291509628296,8164,7320,11576,-1,-41,128,7164,-8408,11056,-90,114,-153,-13212,3964,6796,-1032,184,-13,-13156,-6352,7120,-499,132,-37,0
2989.5655279159546,7764,7288,11472,-204,-57,182,7360,-8204,11196,-70,65,-131,-13344,3904,6728,-1029,167,-14,-13252,-6228,7008,-540,88,-63,0
2989.6007640361786,8024,7336,11416,-144,-56,217,7352,-8448,10824,-26,99,-79,-13320,3868,6716,-1072,127,45,-13104,-6400,7008,-546,85,-75,0
2989.6358749866486,7708,7316,11476,-125,20,199,7372,-8412,11048,3,95,-69,-13324,3776,6780,-1079,159,-43,-13236,-6420,6656,-528,109,-76,0
2989.6711909770966,7928,7352,11364,-121,-22,178,7348,-8348,10960,-34,90,-122,-13092,3640,6904,-1070,146,-16,-13160,-6180,6720,-518,96,-92,0
2989.707226037979,8188,7356,11772,-141,2,116,7380,-8408,10736,-74,144,-139,-13264,3592,6676,-1047,122,-16,-13224,-6420,7136,-458,65,-181,0
2989.7424941062927,7920,7288,11372,-160,56,63,7360,-8408,10940,-95,216,-125,-13436,3964,6656,-975,65,7,-13156,-6364,6896,-448,77,-163,0
2989.778140068054,7812,7312,11464,-226,25,22,6732,-8600,11212,-5,222,-180,-13292,4008,6888,-1263,52,-62,-13140,-6304,7036,-402,128,-135,0
2989.8145749568935,7872,7384,11424,-154,-49,44,7268,-8356,11000,-140,186,-202,-13068,3972,6744,-950,116,-83,-13172,-6380,7088,-411,132,-163,0
2989.8505749702454,7688,7296,11280,-175,-74,17,7504,-8304,11080,-106,126,-234,-13344,3912,6456,-960,97,-52,-13192,-6196,7012,-475,144,-150,0
2989.8857710361485,7908,7208,11292,-149,-11,49,7296,-8220,10912,-89,161,-205,-13232,3976,6628,-980,76,-4,-13208,-5900,6932,-465,141,-144,0
2989.9211180210114,7944,7244,11376,-138,26,84,7288,-8572,10844,-47,153,-137,-13188,4084,6904,-1076,80,-8,-13164,-6300,7128,-503,65,-131,0
2989.9561109542847,7784,7388,11672,-134,104,121,7160,-8576,10880,-36,152,-27,-13292,4040,6888,-1108,45,-240,-13288,-6336,7020,-531,50,-113,0
2989.9918451309204,7828,7340,11532,-154,66,173,6968,-8692,10968,-34,182,-53,-13296,3888,6800,-1044,40,-18,-13060,-6312,6952,-528,68,-124,0
2990.027857065201,7800,7416,11396,-106,17,142,7344,-8240,10868,-28,110,-135,-13232,3804,6936,-1067,50,-77,-13172,-6496,6860,-259,189,-118,0
2990.0635240077972,7924,7316,11292,-121,-38,88,7260,-8312,10968,19,160,-186,-13152,3628,6784,-1034,95,-164,-13104,-6420,7056,-460,208,-126,0
2990.0988540649414,7832,7348,11348,-123,-63,42,7292,-8408,10984,11,163,-2,-13568,3840,6864,-984,96,-138,-13052,-6376,7028,-432,213,-157,0
2990.133773088455,7880,7368,11332,-199,-63,18,7156,-8504,11096,-51,197,-287,-13284,3924,6708,-914,43,-170,-13140,-6408,7028,-397,197,-185,0
2990.1693680286407,7948,7332,11312,-210,-138,254,7260,-8528,10976,-24,216,-298,-13228,3972,6720,-925,37,-123,-13144,-6312,6944,-418,244,-125,0
2990.206610918045,7884,7168,11592,-254,-192,57,7232,-8512,10976,-12,193,-270,-13208,3972,7156,-974,40,-149,-13120,-6228,7116,-433,204,-129,0
2990.2400851249695,7860,7364,11456,-253,-167,78,7244,-8496,10880,-20,183,-246,-13304,4000,6852,-991,66,-154,-13244,-6320,7132,-441,194,-107,0
2990.273633956909,7876,7380,11496,-212,-140,125,6916,-8404,11100,-17,110,-200,-13224,3952,6772,-1010,107,-124,-13152,-6320,7044,-478,172,-24,0
2990.307289123535,7736,7408,11412,-204,-126,170,7244,-8460,11032,35,68,-170,-13180,4036,6768,-1027,168,-96,-13284,-6396,7056,-518,179,-46,0
2990.340804100036,7800,7272,11456,-155,-112,202,7212,-8404,11152,46,94,-157,-13292,3996,6836,-1072,169,-99,-13192,-6280,6928,-515,211,-12,0
2990.3741090297694,7880,7420,11304,-138,-135,221,7308,-8672,10960,20,82,-161,-13520,4080,6884,-1036,199,-117,-13124,-6444,7040,-509,189,-29,0
2990.4073560237885,8016,7424,11400,-190,-140,209,7332,-8320,10992,-23,103,-176,-13264,3804,6872,-1045,189,-124,-13104,-6348,7052,-487,193,-33,0
2990.4407601356506,7892,7332,11444,-205,-130,205,7324,-8204,10980,-37,98,-167,-13340,3908,6788,-995,182,-22,-13508,-6344,7000,-482,158,-40,0
2990.4742319583893,7856,7260,11300,-195,-144,172,7632,-8500,10960,-41,120,-177,-13384,3928,6672,-1018,152,-96,-13208,-6356,6976,-475,143,-77,0
2990.507732152939,8008,7268,11512,-234,-158,181,7328,-8588,10996,-10,121,-176,-13312,3836,6736,-1279,115,-113,-13124,-6296,6884,-448,147,-88,0
2990.5411920547485,7900,7348,11464,-185,-91,143,7280,-8456,11028,0,114,-184,-13360,3940,6536,-1043,141,-106,-13156,-6252,6848,-445,130,-102,0
2990.5745949745174,7800,7292,11752,-192,-127,92,7332,-8684,10752,4,151,-231,-13328,3912,6652,-998,133,-125,-13116,-6148,7024,-465,210,-68,0
2990.6079890728,7920,7196,11480,-240,-137,132,7264,-8440,10752,0,123,-227,-13488,3904,6828,-1048,115,-148,-13088,-6216,6828,-466,204,-68,0
2990.6413140296936,7936,7248,11396,-166,-174,149,7328,-8424,10976,30,122,-213,-13304,3932,6848,-1066,113,-115,-13272,-6324,6864,-474,172,-67,0
2990.675064086914,7868,7388,11348,-195,-130,140,7240,-8472,11044,14,103,-177,-13256,3900,6772,-1026,125,-63,-13112,-6376,6984,-481,137,-100,0
2990.7083580493927,7868,7356,11480,-221,-117,102,7320,-8684,10816,-10,117,-187,-13312,3940,6844,-1006,115,-101,-13084,-6324,7000,-470,168,-70,0
2990.7419469356537,7864,7376,11616,-169,-137,133,7240,-8392,10800,14,144,-203,-13284,3864,6596,-1049,116,-85,-13140,-6336,6956,-495,186,-89,0
2990.775490999222,8152,7360,11388,-214,-168,141,7196,-8352,10956,252,113,-200,-13184,3852,6520,-1027,120,-114,-13164,-6344,6956,-492,210,-88,0
2990.80895113945,7944,7616,11176,-154,-144,152,7288,-8360,10976,-255,82,-207,-13156,3608,6772,-1014,137,-153,-13252,-6364,6680,-472,198,-93,0
2990.842544078827,7988,7240,11416,-190,-186,133,7352,-8692,11028,-253,96,-213,-13244,3908,6796,-968,142,-142,-13200,-6300,6988,-458,196,-109,0
2990.8760550022125,7988,7252,11396,-177,-135,110,7356,-8336,10896,-46,134,-212,-13300,3992,6872,-991,138,-73,-13084,-6240,6728,-485,154,-104,0
2990.909301996231,8088,7192,11332,-164,-66,98,7424,-8312,10828,-42,123,-162,-13364,3880,6908,-1009,87,-42,-13252,-6332,7092,-493,120,-152,0
2990.942867040634,8156,7336,11340,-159,-57,96,7300,-8248,10848,-32,164,-139,-13292,3624,6840,-1032,97,-45,-13260,-6260,6888,-464,111,-128,0
2990.9805450439453,8096,7260,11340,-156,-24,65,7332,-8412,11236,-62,168,-157,-13560,3956,6796,-1006,77,-38,-13164,-6268,6908,-469,88,-135,0
2991.014116048813,7952,7212,11396,-177,-40,77,7276,-8552,10936,-39,184,-126,-13352,3880,6732,-1032,58,-23,-13140,-6384,6972,-462,109,-164,0
2991.0476081371307,7952,7308,11400,-176,-75,109,7212,-8340,10928,-15,164,-151,-13236,3880,6864,-981,113,-57,-13072,-6316,6900,-426,117,-137,0
2991.0810859203334,7932,7276,11452,-98,-20,84,7260,-8408,11076,-83,181,-176,-13284,3836,6816,-988,93,-41,-13212,-6228,7012,-485,143,-173,0
2991.1146111488342,7896,7344,11432,-166,-72,75,7252,-8384,11032,-58,185,-166,-13568,3992,6888,-997,40,-40,-13232,-6352,7032,-471,131,-112,0
2991.1479411125183,7944,7308,11356,-140,-48,105,7168,-8204,10856,-36,142,-151,-13292,3884,6876,-977,119,-38,-13280,-6208,6976,-501,82,-116,0
2991.1815259456635,7884,7320,11264,-147,-10,118,7268,-8480,10924,-30,109,-152,-13276,3804,6992,-1027,127,-61,-12808,-6384,6932,-487,76,-137,0
2991.2148609161377,7868,7372,11412,-151,-22,89,7340,-8364,10812,-43,149,-153,-13224,3988,6804,-1002,76,-36,-13172,-6392,6872,-493,124,-143,0
2991.251748085022,7856,7560,11268,-170,-75,80,7280,-8440,11228,-51,130,-201,-13272,3928,6804,-1035,92,-82,-13092,-6300,7072,-490,137,-168,0
2991.287451982498,7928,7352,11496,-166,-111,76,7272,-8424,10788,-64,177,-195,-13300,4084,6680,-987,70,-95,-13208,-6328,6980,-481,128,-137,0
2991.322284936905,7804,7284,11236,-169,-68,79,7260,-8284,10884,-65,144,-198,-13180,3936,6696,-1013,105,-55,-13192,-6324,6884,-466,167,-138,0
2991.3580279350285,8004,7296,11460,-174,-89,98,7312,-8440,10944,-36,149,-205,-13560,3864,6616,-778,73,-88,-13256,-6320,6888,-462,141,-141,0
2991.3933210372925,7992,7256,11456,-167,-77,116,7344,-8428,10896,-49,122,-171,-13228,3928,6740,-1018,76,-22,-13144,-6300,6996,-456,136,-129,0
2991.4288880825043,8052,7360,11772,-152,-86,85,7312,-8540,11008,-47,152,-164,-13340,4000,6864,-1003,68,-33,-13200,-6364,6992,-475,90,-125,0
2991.464196920395,7988,7336,11308,-140,-60,108,7316,-8664,11120,-54,162,-176,-13096,4084,6744,-1017,41,-50,-13216,-6296,6932,-468,130,-163,0
2991.499773979187,7940,7304,11400,-150,-56,55,7344,-8696,10756,-31,163,-133,-13300,3912,6712,-772,75,-76,-13172,-6316,6864,-480,121,-154,0
2991.535436153412,7760,7304,11320,-142,-32,60,7260,-8272,10988,-47,157,-155,-13312,3648,6740,-1006,84,-24,-13164,-6308,7068,-455,112,-132,0
2991.5710549354553,7796,7332,11344,-141,-34,92,7216,-8428,10836,-18,136,-164,-13088,3920,6828,-1005,99,-57,-13080,-6388,7016,-478,126,-148,0
2991.6062440872192,7968,7376,11764,-152,-88,55,7300,-8472,10924,-54,160,-189,-13340,3888,6832,-992,81,-48,-12832,-6324,6668,-475,146,-186,0
2991.6419329643254,7872,7384,11348,-154,-63,112,7252,-8212,11176,-51,140,-193,-13228,3976,6844,-988,74,-86,-13236,-6580,7128,-454,135,-126,0
2991.677822113037,7928,7296,11416,-159,-55,92,7260,-8444,10876,-39,138,-185,-13212,3900,6704,-978,99,-34,-13092,-6352,7124,-502,136,-144,0
2991.7123630046844,7984,7344,11428,-164,-67,91,7316,-8452,10852,-38,133,-189,-13252,4032,6824,-1009,115,-51,-13196,-6212,6936,-483,126,-122,0
2991.7480070590973,7980,7256,11328,-162,-40,96,7312,-8424,10948,-20,145,-148,-13140,3844,6780,-1007,128,-43,-13088,-6332,7028,-480,144,-99,0
2991.7832391262054,8112,7256,11304,-177,-33,84,7284,-8508,10952,-30,144,-168,-13328,3872,6832,-1032,89,-64,-13276,-6336,6976,-466,111,-122,0
2991.818218946457,7696,7288,11288,-171,-58,106,7172,-8356,10980,-48,153,-156,-13160,3672,6796,-996,72,-70,-13184,-6276,7036,-454,140,-156,0
2991.85306596756,7692,7184,11204,-177,-77,79,7340,-8688,11044,-39,154,-173,-13060,3968,6816,-1020,85,-94,-13084,-6308,7140,-474,138,-133,0
2991.8890309333806,7840,7356,11484,-177,-43,103,7304,-8388,10876,-6,158,-174,-13284,3968,6716,-1007,82,-99,-13128,-6360,7048,-455,155,-132,0
2991.922646999359,7888,7640,11328,-195,-75,73,7236,-8384,11036,-30,170,-200,-13280,3828,6696,-986,117,-89,-13288,-6364,7076,-437,169,-122,0
2991.9562201499934,7940,7176,11736,-176,-98,121,7256,-8480,10960,-46,151,-182,-13312,3916,6796,-774,79,-25,-13172,-6308,7000,-494,133,-81,0
2991.9897489547734,7808,7336,11464,-212,-109,111,7212,-8532,11124,6,151,-166,-13224,3948,6920,-1033,67,-83,-13140,-6352,7064,-489,163,-94,0
2992.0233170986176,7872,7180,11304,-179,-112,143,7232,-8344,11128,-9,144,-172,-13468,3608,6932,-996,102,-122,-13180,-6420,6912,-492,113,-93,0
2992.0568540096283,7932,7388,11372,-140,-99,109,7228,-8372,11076,-55,128,-205,-13496,3964,6512,-1043,149,-109,-13196,-6332,7048,-266,191,-100,0
2992.0905730724335,7904,7268,11460,-210,-87,137,7224,-8508,10968,16,110,-187,-13296,3936,6796,-1057,114,-61,-13132,-6300,7080,-451,225,-50,0
2992.1238200664525,7860,7356,11392,-193,-120,153,7252,-8424,10888,23,128,-158,-13224,3844,7016,-1039,111,-54,-13200,-6388,7016,-462,127,-41,0
2992.1572110652924,8008,7388,11224,-200,-99,136,7316,-8480,11020,17,108,-167,-13068,3972,6844,-1003,190,-144,-13216,-6260,7056,-452,145,-84,0
2992.1907451152806,7892,7264,11148,-225,-102,128,7120,-8428,10900,-22,160,-188,-13244,4088,6756,-1020,107,-113,-13128,-6248,6968,-451,159,-55,0
2992.2242100238805,7920,7400,11264,-215,-136,123,7236,-8432,11076,-247,120,-225,-13292,3940,6896,-1048,147,-95,-13232,-6296,6952,-467,176,-72,0
2992.2575709819794,7888,7304,11460,-193,-159,167,7184,-8264,11024,39,86,-224,-13296,3892,6744,-1057,151,-75,-13132,-6312,6948,-485,241,-58,0
2992.2912199497223,7856,7284,11484,-176,-140,144,7300,-8340,10928,11,95,-224,-13208,3808,6752,-985,155,-129,-13176,-6348,7008,-488,214,-74,0
2992.3245959281926,7940,7400,11408,-194,-137,121,7320,-8408,10908,14,128,-210,-13228,3648,6808,-773,151,-129,-13288,-6356,7136,-477,197,-45,0
2992.3581371307373,7972,7364,11464,-209,-112,134,7328,-8476,11064,251,87,-205,-13340,3972,6848,-1280,131,-105,-13236,-6296,6756,-474,200,-91,0
2992.3915791511536,7896,7408,11408,-189,-138,158,7260,-8396,11052,17,149,-208,-13312,3904,6776,-771,128,-76,-13096,-6368,7072,-466,191,-68,0
2992.424973011017,8040,7452,11392,-205,-122,143,7324,-8364,11212,-249,126,-193,-13232,3832,6740,-1016,119,-124,-13140,-6284,6888,-465,167,-83,0
2992.4587011337285,8064,7348,11424,-198,-162,135,7280,-8380,10988,-6,121,-203,-13556,3848,6688,-1009,152,-97,-13176,-6340,7020,-472,171,-91,0
2992.4917249679565,7884,7244,11440,-193,-141,132,7276,-8408,11224,-21,122,-202,-13296,3808,6724,-971,99,-77,-13068,-6356,6912,-475,196,-93,0
2992.524843931198,7944,7328,11268,-174,-146,123,7320,-8284,10844,-8,125,-203,-13552,3752,6728,-1004,78,-100,-13216,-6388,7144,-496,186,-66,0
2992.5583350658417,8024,7328,11332,-171,-137,138,7368,-8428,11080,11,115,-202,-13532,3896,6508,-995,112,-117,-13148,-6272,7052,-499,180,-102,0
2992.5919189453125,7876,7172,11488,-204,-143,123,7344,-8408,10948,5,110,-183,-13508,3672,6764,-990,120,-113,-13264,-6288,7044,-456,217,-72,0
2992.6254880428314,8100,7392,11308,-212,-135,163,7272,-8392,11128,-58,110,-207,-13248,3896,6900,-1013,109,-79,-13312,-6272,6792,-486,167,-58,0
2992.6590571403503,8028,7312,11520,-160,-137,133,7372,-8312,10952,-28,82,-182,-13364,3872,6788,-1040,131,-48,-13232,-6284,6976,-508,155,-114,0
2992.6924800872803,8048,7272,11320,-155,-119,155,7252,-8400,10824,-8,108,-168,-13380,3908,6708,-1041,103,-55,-13172,-6264,6988,-496,158,-107,0
2992.726072072983,7924,7408,11392,-180,-80,150,7296,-8304,10904,5,124,-163,-13236,3784,6720,-1036,109,-58,-13172,-6320,7044,-478,119,-118,0
2992.7594549655914,7968,7336,11380,-130,-69,86,7356,-8384,10944,-63,163,-184,-13084,3616,6672,-1004,104,-99,-13164,-6256,6928,-489,159,-131,0
2992.792969942093,8056,7228,11312,-180,-75,75,7376,-8448,11020,-50,146,-178,-13324,3896,6700,-998,60,-31,-13252,-6152,6920,-485,142,-136,0
2992.826714038849,8028,7272,11296,-161,-44,96,7404,-8352,11028,-20,163,-169,-13068,3928,6724,-992,81,-11,-13200,-6332,7088,-484,88,-140,0
2992.8602170944214,8120,7288,11504,-171,-17,98,7240,-8296,10828,-23,156,-147,-13328,3952,6836,-1000,109,-10,-13208,-6224,7048,-439,111,-147,0
2992.893485069275,7948,7360,11228,-198,-26,99,7300,-8428,11112,-67,151,-132,-13304,3832,6680,-1017,82,-84,-12916,-6296,7064,-480,135,-169,0
2992.930767059326,7980,7268,11324,-138,-22,77,7276,-8388,10992,-69,183,-176,-13124,4048,6812,-1014,61,-59,-13192,-6328,6944,-493,142,-149,0
2992.9671709537506,7924,7284,11428,-119,-71,78,7184,-8424,10980,-19,141,-219,-13252,3652,6660,-1005,107,-66,-13096,-6244,6928,-473,141,-139,0
2993.0025210380554,7976,7284,11412,-145,-59,78,7296,-8356,11152,-71,150,-167,-13176,3696,6836,-1000,102,-82,-13252,-6256,6936,-462,162,-122,0
2993.0376200675964,7968,7432,11384,-150,-74,74,7220,-8320,10856,-48,169,-197,-13284,3928,6892,-983,88,-46,-13152,-6376,6912,-482,152,-154,0
2993.0736091136932,7912,7280,11424,-166,-42,88,7204,-8692,11012,-43,154,-157,-13304,3960,6808,-1008,86,-66,-13212,-6300,6964,-508,141,-165,0
2993.1090080738068,7988,7436,11252,-153,-55,105,7348,-8368,10776,-30,158,-172,-13172,3800,6840,-1008,95,-50,-13208,-6272,6912,-482,118,-124,0
2993.143863916397,8168,7332,11448,-149,-58,98,7340,-8388,11032,-57,147,-169,-13240,3908,6756,-1001,112,-68,-13148,-6288,7036,-490,111,-141,0
2993.1796650886536,7988,7404,11328,-169,-44,75,7240,-8352,11240,-81,144,-192,-13260,3928,6784,-982,101,-16,-13224,-6288,7012,-476,114,-135,0
2993.2150769233704,8012,7332,11420,-175,-53,88,7264,-8392,11028,-30,181,-179,-13268,3808,6804,-1277,70,-76,-13296,-6296,7200,-476,111,-133,0
2993.2508659362793,8132,7312,11320,-152,-13,80,7320,-8444,10968,-7,168,-188,-13308,3832,6764,-1024,89,-41,-13112,-6272,7020,-490,140,-139,0
2993.286117076874,8028,7372,11336,-171,-34,71,7224,-8388,11108,-13,160,-170,-13232,3856,6836,-1004,101,-30,-13296,-6352,6920,-450,110,-128,0
2993.3221130371094,8052,7332,11272,-181,-57,71,7196,-8380,11076,-70,138,-161,-13220,3844,6856,-988,53,-44,-13100,-6304,6960,-462,115,-141,0
2993.357978105545,7992,7348,11396,-157,-56,80,7324,-8504,11000,-56,124,-147,-13144,3872,6684,-1045,88,-35,-13172,-6324,7032,-466,128,-140,0
2993.3933341503143,7964,7296,11424,-179,-67,107,7316,-8388,10948,11,166,-154,-13344,3908,6916,-1002,40,-80,-13120,-6392,7012,-504,126,-155,0
2993.4286761283875,7912,7400,11492,-141,8,76,7316,-8396,11004,-66,153,-145,-13272,3632,6772,-770,34,-246,-13184,-6208,6912,-493,83,-158,0
2993.463683128357,7976,7344,11464,-168,-26,50,7216,-8412,10968,-54,165,-179,-13292,3872,6608,-979,54,-78,-13288,-6252,7016,-454,109,-160,0
2993.498825073242,7992,7280,11356,-151,-38,80,7284,-8400,10760,-28,154,-122,-13296,4028,6860,-997,34,-77,-13060,-6316,6992,-467,106,-164,0
2993.53365111351,7696,7424,11180,-171,-24,96,7252,-8392,11016,-32,172,-151,-13304,3788,6872,-1006,71,-72,-13084,-6364,7068,-459,75,-158,0
2993.5700149536133,7708,7640,11440,-170,-39,106,7180,-8424,11016,-74,153,-191,-13204,3880,6772,-1000,89,-76,-13220,-6392,7064,-466,111,-143,0
2993.6034901142125,7888,7356,11348,-193,-33,99,7332,-8448,11116,-78,160,-170,-13268,3860,6828,-975,78,-68,-13232,-6308,6916,-451,123,-160,0
2993.6367731094365,7920,7672,11012,-144,-67,121,7312,-8336,10952,-33,171,-164,-13556,3864,6704,-777,117,-59,-12884,-6332,6988,-496,154,-119,0
2993.670264005661,7932,7192,11460,-158,-51,111,7156,-8316,11260,-10,120,-191,-13232,3816,6968,-1013,108,-92,-13288,-6280,7012,-463,152,-142,0
2993.703768968582,8104,7368,11496,-179,-73,104,7288,-8412,10980,-26,96,-198,-13216,3972,6740,-1020,106,-60,-13228,-6336,7012,-486,144,-142,0
2993.7373530864716,7952,7360,11312,-159,-51,106,7252,-8460,10760,-35,126,-174,-13296,3808,6764,-999,115,-110,-13224,-6336,7016,-489,139,-122,0
2993.7708621025085,7940,7356,11488,-178,-40,86,6792,-8676,11176,13,186,-187,-13268,3888,6848,-1041,76,-58,-13144,-6352,7004,-490,141,-120,0
2993.8042471408844,8012,7296,11344,-165,-59,111,7292,-8404,10972,-34,149,-184,-13188,3840,6784,-1005,93,-47,-13120,-6252,6948,-491,127,-119,0
2993.8377590179443,7916,7432,11384,-174,-65,91,7224,-8356,10996,-67,133,-180,-13280,3840,6676,-1001,70,-62,-13212,-6376,7008,-484,107,-124,0
2993.87126493454,7784,7304,11368,-174,-54,115,7184,-8316,10972,-61,148,-166,-13232,3964,6792,-993,84,-70,-13216,-6288,7128,-466,143,-128,0
2993.904335975647,8152,7428,11472,-177,-63,100,7304,-8456,10948,-42,154,-193,-13060,3940,6744,-1007,112,-31,-13180,-6276,7024,-470,164,-126,0
2993.9376640319824,7908,7344,11352,-177,-84,107,7328,-8468,11024,-9,158,-189,-13200,3880,6712,-1007,81,-66,-13068,-6216,6964,-477,156,-132,0
2993.971362113952,7896,7172,11028,-157,-68,113,7176,-8196,10968,-41,113,-193,-13224,3824,6840,-1038,111,-90,-13156,-6324,7040,-466,152,-147,0
2994.0049130916595,7956,7320,11516,-166,-67,121,7252,-8324,10980,-19,150,-185,-13244,3844,6812,-1023,107,-105,-13144,-6232,6992,-457,173,-115,0
2994.038239002228,7820,7640,11516,-197,-104,123,7264,-8348,11132,-23,138,-201,-13272,3672,6656,-988,134,-63,-13236,-6200,6976,-476,131,-112,0
2994.0717780590057,8128,7416,11348,-191,-94,125,7140,-8452,11036,-35,134,-186,-13120,3940,6672,-1001,58,-86,-13104,-6288,7188,-525,169,-57,0
2994.1054549217224,7920,7324,11568,-220,-111,139,7236,-8456,10976,2,97,-188,-13252,3864,6872,-1028,132,-117,-13104,-6420,6952,-469,173,-91,0
2994.1389789581294,7812,7508,11336,-185,-93,155,7252,-8256,11140,-10,110,-199,-13244,3844,6692,-1036,167,-75,-13096,-6620,6984,-491,152,-88,0
2994.1724729537964,7872,7300,11300,-172,-126,108,7320,-8420,11132,-33,156,-198,-13344,4000,6732,-992,104,-106,-13136,-6268,7136,-483,193,-76,0
2994.2061109542847,8168,7408,11388,-235,-61,126,7208,-8376,10844,0,122,-213,-13324,3888,6688,-997,82,-96,-13184,-6280,7004,-460,202,-87,0
2994.239753961563,8128,7312,11316,-190,-106,149,7208,-8404,11076,24,121,-195,-13324,3872,6668,-1009,114,-63,-13216,-6340,7048,-463,156,-66,0
2994.273339986801,8012,7412,11332,-230,-76,166,7248,-8380,11000,-16,135,-167,-13300,3904,6844,-1007,177,-75,-13156,-6384,7112,-455,146,-54,0
2994.3070690631866,7968,7396,11416,-241,-93,131,7216,-8424,11076,-27,127,-178,-13248,3796,6784,-978,133,-144,-13084,-6328,7020,-490,159,-94,0
2994.3406450748444,7972,7332,11392,-191,-127,175,7320,-8340,11164,0,106,-190,-13312,3984,6804,-1031,112,-128,-13148,-6288,6960,-492,181,-76,0
2994.3738019466405,7888,7408,11428,-201,-142,174,7184,-8376,11004,41,94,-195,-13164,3884,6764,-1279,145,-94,-13188,-6252,6804,-493,217,-48,0
2994.4072680473328,8176,7288,11160,-191,-143,152,7300,-8376,10948,16,81,-239,-13244,3864,6824,-1012,168,-161,-12852,-6364,7008,-481,224,-58,0
2994.440808057785,8176,7404,11424,-208,-165,170,7292,-8404,11072,-1,106,-230,-13204,3960,6948,-1003,117,-163,-13200,-6396,6916,-459,205,-74,0
2994.474519968033,7912,7340,11356,-210,-135,147,7188,-8436,10952,5,132,-220,-13124,3856,6764,-1019,105,-148,-13208,-6164,6968,-484,179,-105,0
2994.5076761245728,7880,7284,11400,-217,-140,128,7204,-8312,10988,25,140,-195,-13204,3852,6900,-1059,100,-65,-13420,-6228,6712,-480,206,-105,0
2994.540866136551,7720,7372,11396,-201,-182,141,7316,-8324,11256,3,110,-201,-13300,3808,6736,-1014,99,-133,-13252,-6332,7116,-445,170,-66,0
2994.5743129253387,7980,7392,11360,-193,-190,129,7332,-8392,11204,-34,112,-187,-13560,3908,6796,-1008,124,-141,-13220,-6128,7008,-512,149,-97,0
2994.610883951187,8000,7288,11448,-209,-101,133,7376,-8468,10856,30,126,-185,-13288,3952,6732,-1041,117,-100,-13164,-6284,7108,-483,173,-107,0
2994.646152973175,7904,7328,11256,-196,-133,173,7256,-8276,11076,42,114,-177,-13280,3912,6784,-1272,123,-137,-13176,-6260,7092,-484,163,-87,0
2994.6825079917908,8084,7332,11340,-146,-117,119,6984,-8348,10988,-34,113,-218,-13564,3832,7096,-1007,129,-97,-13144,-6188,6984,-472,171,-104,0
2994.7180540561676,8028,7200,11360,-192,-152,131,7296,-8332,11012,-14,136,-191,-13356,3852,6740,-1011,100,-115,-13280,-6224,6664,-478,155,-104,0
2994.7532629966736,8168,7224,11484,-198,-77,157,7280,-8364,11104,5,143,-189,-13272,3840,6908,-1012,106,-108,-13136,-6252,7160,-459,136,-101,0
2994.7888610363007,7988,7332,11264,-204,-75,166,7296,-8376,10936,5,126,-147,-13272,3804,6660,-1036,134,-15,-13120,-6296,6848,-472,93,-131,0
2994.8241350650787,7996,7364,11400,-180,-53,121,7372,-8308,11064,-51,114,-183,-13272,3816,6896,-1044,128,-91,-13188,-6252,7048,-483,117,-112,0
2994.860190153122,7864,7268,11312,-189,-48,103,7336,-8412,11128,-47,138,-188,-13092,4072,6872,-1029,109,-5,-13172,-6216,6960,-481,156,-152,0
2994.895448923111,7692,7240,11480,-144,-107,49,7304,-8404,10980,-61,173,-199,-13272,3816,6832,-970,58,-104,-13168,-6180,6964,-484,204,-171,0
2994.9308109283447,8052,7244,11380,-164,-43,81,7220,-8376,10824,-18,158,-226,-13092,3712,6584,-989,87,-76,-13064,-6148,7008,-452,177,-91,0
2994.9676229953766,8044,7388,11216,-187,-89,102,7320,-8288,10784,-24,131,-187,-13144,3884,6800,-973,94,-76,-13220,-6344,6996,-441,150,-116,0
2995.0028169155125,7992,7396,11316,-182,-102,111,7308,-8436,10948,-39,160,-191,-13260,3936,6796,-997,87,-55,-13168,-6280,6984,-462,124,-126,0
2995.0381710529327,8008,7364,11364,-175,-62,81,7260,-8288,10860,-72,165,-186,-13256,3876,6880,-1015,57,-27,-13196,-6164,6948,-490,119,-146,0
2995.0736651420593,8040,7224,11404,-163,-28,68,7264,-8360,11004,-38,166,-153,-13292,3780,6764,-775,79,-87,-13236,-6332,6952,-502,115,-177,0
2995.109221935272,8024,7384,11576,-167,-58,112,7240,-8664,11108,-39,157,-160,-13152,3888,6848,-1013,64,-55,-13124,-6256,7084,-479,120,-130,0
2995.1439089775085,7972,7376,11352,-160,-57,75,7292,-8376,11160,-45,152,-157,-13468,3584,6660,-1012,93,-81,-13092,-6228,7040,-493,120,-157,0
2995.1798939704895,8040,7420,11344,-174,-78,113,7364,-8224,11040,-57,140,-194,-13304,3816,6904,-1008,86,-39,-13232,-6364,7160,-478,134,-130,0
2995.2149641513824,7744,7328,11332,-170,-102,90,7276,-8364,11048,-38,122,-198,-13248,3860,6964,-1005,78,-47,-13120,-6256,6988,-487,153,-142,0
2995.2517240047455,8004,7384,11276,-172,-62,99,7324,-8276,11116,-55,161,-184,-13300,3788,6804,-972,104,-42,-13180,-6336,7024,-478,128,-141,0
2995.285280942917,7928,7308,11460,-167,-68,94,7240,-8380,11068,-62,146,-156,-13112,3928,6704,-1017,97,-74,-13160,-6272,7120,-479,137,-132,0
2995.3187589645386,7932,7252,11352,-167,-45,83,7276,-8352,10776,-36,155,-192,-13104,3860,6732,-1029,116,-37,-13132,-6216,7032,-483,117,-132,0
2995.352333068848,8060,7276,11564,-142,-21,93,7428,-8392,11232,-46,137,-173,-13084,3864,6852,-989,115,-60,-13268,-6248,7052,-482,76,-171,0
2995.385612010956,8056,7304,11508,-141,-47,75,7288,-8312,10976,-48,157,-177,-13200,3908,6808,-772,61,-30,-13192,-6316,7016,-515,109,-162,0
2995.4192819595337,8012,7220,11608,-167,-63,84,7308,-8380,10972,-44,142,-188,-13300,3824,6868,-1007,56,-49,-13088,-6364,7108,-484,122,-152,0
2995.4529280662537,7728,7324,11316,-159,-73,98,7280,-8400,11068,-23,146,-169,-13216,3828,6736,-981,82,-86,-13256,-6228,6680,-477,141,-135,0
2995.486578941345,7764,7388,11028,-163,-86,96,7316,-8380,10800,-15,158,-188,-13240,3904,6764,-1278,86,-85,-13204,-6264,6980,-469,138,-132,0
2995.5199151039124,7728,7348,11424,-176,-73,72,7280,-8348,11028,-51,141,-198,-13080,3656,6752,-985,100,-36,-12848,-6312,7016,-469,138,-140,0
2995.5532970428467,7852,7188,11436,-183,-89,99,7236,-8372,10896,-62,108,-194,-13360,3952,6868,-974,104,-88,-13208,-6336,7000,-459,104,-121,0
2995.5870249271393,8056,7300,11504,-154,-44,87,7260,-8428,11228,-54,163,-186,-13332,3928,6664,-1035,79,-30,-13172,-6236,6984,-491,113,-137,0
2995.620168924332,7700,7244,11760,-200,-74,83,7200,-8412,11036,-41,150,-165,-13556,3860,7008,-1032,7,-54,-13080,-6380,7244,-488,124,-129,0
2995.6534781455994,7904,7392,11348,-169,-18,109,7200,-8364,11244,-23,134,-172,-13184,3772,6776,-1000,103,-19,-13276,-6644,7028,-504,101,-146,0
2995.687169075012,8112,7196,11368,-122,-71,84,7260,-8236,11052,-68,163,-175,-13304,3756,6752,-996,88,-49,-13192,-6304,6952,-507,150,-140,0
2995.7205369472504,7756,7380,11412,-190,-45,111,7256,-8288,10756,-29,134,-162,-13244,3920,6708,-1051,46,-54,-13132,-6332,7092,-465,129,-111,0
2995.7542481422424,7696,7316,11420,-139,-51,123,7236,-8420,11232,-256,159,-151,-13188,3900,6760,-1272,88,-63,-13232,-6240,6996,-463,83,-143,0
2995.7878630161285,7912,7300,11532,-164,-36,113,7296,-8384,11120,-66,152,-135,-13240,3876,6832,-986,66,-48,-13140,-6280,6968,-471,84,-119,0
2995.8212139606476,7724,7332,11680,-194,-12,79,7188,-8396,10860,-74,159,-172,-13224,3836,6880,-993,45,-33,-13140,-6132,7124,-473,116,-142,0
2995.8546171188354,7856,7236,11344,-166,-24,83,7288,-8408,10792,-60,153,-157,-13260,3880,6720,-1000,100,-52,-13136,-6312,7076,-489,139,-126,0
2995.8879261016846,7916,7240,11436,-197,-64,115,7184,-8392,10960,12,139,-176,-13232,3640,6832,-1017,111,-96,-13120,-6304,6888,-476,173,-90,0
2995.9213371276855,8172,7372,11488,-173,-84,114,7364,-8532,11236,-39,127,-191,-13252,3976,6832,-1027,123,-125,-13172,-6260,6964,-457,194,-89,0
2995.9551889896393,7876,7380,11568,-171,-93,125,7328,-8596,11112,-48,149,-210,-13256,3896,6752,-1005,91,-74,-13268,-6292,7012,-492,182,-105,0
2995.9910149574284,7944,7332,11368,-188,-30,136,7332,-8356,11116,-17,162,-175,-13232,3824,6648,-1002,21,-71,-13252,-6316,6928,-467,161,-116,0
2996.024850130081,7692,7364,11444,-174,-90,110,7260,-8392,11008,20,147,-179,-13220,3932,7140,-1025,110,-116,-13208,-6392,7060,-484,181,-76,0
2996.0581281185146,8176,7652,11428,-194,-86,133,7248,-8356,11088,-46,122,-188,-13492,3812,6836,-1015,131,-116,-13168,-6320,7048,-494,177,-85,0
2996.091701030731,8176,7432,11324,-213,-119,118,7236,-8352,11132,-43,151,-198,-13264,3916,7000,-1009,110,-73,-13176,-6276,7172,-463,160,-106,0
2996.124925136566,7716,7284,11376,-195,-102,134,7380,-8380,11260,-35,126,-207,-13200,3952,6788,-1001,116,-105,-13240,-6288,7144,-484,182,-79,0
2996.1582341194153,7864,7404,11316,-196,-123,145,7248,-8328,11008,247,102,-196,-13504,3872,7120,-993,118,-110,-13124,-6148,7048,-485,221,-55,0
2996.1917800903325,7836,7276,11324,-211,-112,146,7256,-8380,11100,1,104,-233,-13248,3588,7000,-999,130,-132,-13140,-6256,6992,-470,199,-57,0
2996.225394964218,7756,7372,11288,-220,-153,149,7348,-8292,10860,18,99,-219,-13284,3824,6904,-1277,162,-99,-13144,-6192,7132,-259,205,-56,0
2996.2589659690857,7956,7284,11308,-214,-160,151,7248,-8316,10992,-17,112,-205,-13268,3888,7056,-997,148,-83,-13288,-6312,6912,-470,189,-54,0
2996.2962040901184,8060,7328,11280,-212,-121,161,7364,-8300,11008,251,107,-199,-13232,3932,6984,-984,157,-51,-13208,-6236,6844,-469,172,-74,0
2996.3325560092926,8028,7276,11376,-204,-139,165,7288,-8328,11060,-11,93,-174,-13324,3836,6680,-1048,115,-85,-13140,-6192,7024,-494,169,-74,0
2996.368129014969,8108,7236,11340,-244,-133,145,7392,-8352,11064,58,107,-164,-13076,3704,6832,-1078,144,-100,-13232,-6268,7024,-470,179,-77,0
2996.4028799533844,8060,7404,11468,-159,-101,108,7336,-8308,11072,0,101,-204,-13276,3804,6664,-1020,117,-143,-13244,-6272,6976,-487,148,-99,0
2996.437691926956,8060,7364,11488,-203,-125,100,7332,-8360,11196,12,146,-212,-13224,3880,6820,-986,80,-89,-13176,-5948,7140,-448,194,-74,0
2996.4735190868378,8068,7188,11420,-186,-134,108,7236,-8276,11000,18,126,-198,-13224,3884,6804,-1023,56,-155,-13236,-6292,7000,-455,160,-110,0
2996.508708000183,7988,7340,11460,-193,-139,137,7268,-8308,10964,28,84,-167,-13204,3796,6836,-1009,152,-82,-13172,-6372,6964,-467,121,-80,0
2996.5441799163814,7888,7388,11456,-216,-96,152,7180,-8364,11152,-25,91,-173,-13216,3836,7160,-1023,112,-93,-13172,-6236,6972,-460,151,-58,0
2996.579435110092,7832,7280,11288,-190,-116,154,7260,-8336,11044,-34,127,-172,-13268,3856,6892,-1050,101,-114,-13192,-6236,6912,-259,173,-85,0
2996.6144959926605,7980,7352,11460,-193,-126,143,7236,-8356,11024,3,108,-215,-13200,3944,6872,-1066,125,-66,-13128,-6284,6884,-497,216,-80,0
2996.6497349739075,7868,7328,11336,-181,-126,147,7260,-8324,11064,-4,88,-203,-13328,3780,6832,-1012,142,-109,-13148,-6364,6984,-472,192,-94,0
2996.6876730918884,8004,7296,11268,-182,-143,119,7328,-8360,11244,-21,114,-201,-13272,3856,6676,-983,125,-88,-13192,-6204,6956,-449,174,-84,0
2996.723037958145,8052,7336,11276,-227,-117,135,7312,-8296,11092,-40,122,-206,-13396,3776,6788,-979,127,-82,-13188,-6256,6996,-258,149,-125,0
2996.758768081665,7940,7272,11280,-171,-109,99,7296,-8284,10984,-28,160,-176,-13340,3796,6852,-1012,98,-59,-13492,-6184,6816,-504,153,-108,0
2996.794286966324,8152,7268,11468,-160,-83,91,7344,-8240,11044,-66,131,-178,-13252,3752,6860,-1008,89,-60,-13224,-5940,6920,-479,137,-162,0
2996.8295669555664,8068,7344,11628,-186,-34,87,7328,-8336,11260,-59,172,-158,-13552,3920,6836,-996,30,-57,-13228,-6184,7004,-486,137,-153,0
2996.864722967148,8076,7252,11416,-174,-91,71,7216,-8324,11052,-70,170,-169,-13336,3876,6776,-1006,85,-11,-13228,-6300,7104,-464,113,-168,0
2996.9006350040436,8104,7368,11404,-151,-57,98,7228,-8364,11036,-36,145,-156,-13216,3832,6764,-1013,66,-64,-13188,-6308,7064,-485,123,-115,0
2996.9368970394135,7960,7276,11308,-115,-60,92,7248,-8336,10956,-26,179,-173,-13232,3804,6840,-1006,67,-84,-13072,-6232,6992,-475,150,-127,0
2996.970694065094,8032,7284,11544,-156,-82,70,7208,-8332,11024,-25,165,-193,-13180,3768,7000,-989,40,-113,-13220,-6328,6904,-469,128,-145,0
2997.0041770935054,8068,7252,11356,-157,-54,97,7276,-8384,11104,-54,139,-152,-13268,3872,6780,-996,59,-66,-13196,-6288,7132,-488,100,-138,0
2997.0377349853516,8060,7228,11372,-130,-69,96,7320,-8400,11048,-18,166,-153,-13292,3840,6860,-1032,60,-20,-13080,-6112,6952,-510,108,-170,0
2997.0712399482727,7936,7360,11312,-172,-62,106,7316,-8276,11052,-249,176,-138,-13216,3716,6900,-991,50,-65,-13120,-6280,6932,-474,114,-151,0
2997.1043610572815,7952,7400,11532,-121,-28,83,7324,-8344,11216,-49,171,-161,-13384,3892,6916,-1017,26,-39,-13144,-6280,6968,-492,135,-161,0
2997.1376299858093,8188,7332,11264,-141,-45,55,7248,-8420,11036,-54,177,-191,-13184,3800,6816,-983,33,-67,-13208,-6212,7068,-452,157,-157,0
2997.1734931468964,8056,7280,11384,-172,-24,85,7340,-8372,11008,-49,169,-144,-13280,3856,6748,-998,17,-18,-13244,-6224,7044,-469,104,-162,0
2997.2071609497066,7960,7316,11108,-153,-30,71,7304,-8276,11088,-24,213,-134,-13236,3584,6904,-1001,36,-34,-13184,-6272,7068,-459,100,-181,0
2997.240723133087,8008,7344,11296,-143,-25,109,7200,-8348,10928,-55,170,-147,-13068,3844,6704,-988,66,-70,-13168,-6272,7108,-476,106,-161,0
2997.2744290828705,7696,7336,11432,-170,-65,109,7288,-8276,10956,-59,161,-149,-13220,4068,7140,-1008,36,-57,-13192,-6352,7004,-506,120,-134,0
2997.307636976242,7696,7304,11508,-115,-14,84,7216,-8424,10964,-19,161,-158,-13228,3824,6860,-1037,72,-46,-13096,-6172,7120,-503,141,-167,0
2997.3410749435425,8080,7356,11088,-180,-58,83,7236,-8348,11164,-9,173,-170,-13092,3864,6900,-1029,124,-56,-13144,-6284,7004,-482,150,-126,0
2997.3746259212494,7688,7304,11388,-151,-78,94,7220,-8300,11136,-33,140,-170,-13108,3832,6792,-987,73,-81,-13156,-6272,7048,-468,132,-156,0
2997.407758951187,7920,7352,11412,-145,-99,92,7336,-8320,11172,-39,130,-167,-13280,3840,6904,-996,79,-85,-13256,-6360,7004,-473,138,-139,0
2997.4412660598755,7932,7404,11264,-158,-74,75,7356,-8384,11024,-32,160,-174,-13244,3888,6820,-997,68,-17,-13204,-6288,6964,-485,127,-142,0
2997.4749801158905,8056,7312,11104,-141,-55,102,7316,-8332,11064,-2,150,-166,-13304,3928,6832,-997,60,-57,-13088,-6332,6960,-470,145,-126,0
2997.5082120895386,7980,7296,11448,-162,-55,85,7372,-8284,11004,-43,163,-175,-13216,3900,7064,-943,-26,-109,-13124,-6276,7068,-491,134,-125,0
2997.541790008545,8008,7252,11308,-170,-61,68,7244,-8396,11160,-80,194,-171,-13084,3984,6668,-954,250,-74,-13108,-6288,6944,-484,131,-174,0
2997.5754470825195,8024,7300,11380,-158,-61,71,7300,-8452,10844,-10,200,-174,-13200,3816,6676,-1012,59,-74,-13196,-6220,7080,-477,156,-154,0
2997.6085460186005,7944,7364,11264,-170,-61,78,7248,-8416,11208,-20,167,-185,-13240,3636,6808,-990,54,-83,-13104,-6340,7008,-452,136,-122,0
2997.641777038574,8000,7296,11476,-165,-72,83,7232,-8316,11164,-18,146,-184,-13488,3900,7116,-1018,97,-124,-13160,-6296,7068,-471,162,-129,0
2997.675509929657,7944,7648,11444,-162,-102,106,7428,-8336,10988,16,120,-192,-13232,3908,6796,-1011,55,-112,-13108,-6356,7000,-497,165,-126,0
2997.7090260982513,8056,7468,11416,-167,-105,110,7316,-8328,11100,-54,149,-197,-13156,3872,6876,-995,120,-62,-13164,-6240,7080,-471,150,-132,0
2997.7424309253693,8104,7404,11388,-160,-59,128,7172,-8384,11064,-69,118,-156,-13152,3872,6904,-993,128,-52,-13236,-6296,7092,-477,132,-126,0
2997.7760620117188,7908,7332,11268,-137,-81,100,7276,-8336,11056,-33,144,-151,-13312,3884,6832,-1018,66,-50,-13128,-6388,6984,-490,128,-133,0
2997.809664964676,7940,7392,11320,-178,-75,84,7124,-8360,11100,-1,146,-169,-13144,3880,6652,-1033,109,-109,-13260,-6328,7140,-502,130,-137,0
2997.843410015106,7944,7464,11504,-119,-35,80,7368,-8316,11036,-69,157,-193,-13268,3628,7136,-1277,96,-73,-13184,-6316,7000,-493,107,-110,0
2997.8771669864655,7876,7400,11180,-171,-65,89,7272,-8388,11072,-54,127,-170,-13236,3888,6748,-981,85,-45,-13164,-6144,6864,-480,154,-129,0
2997.9103169441223,7972,7372,11304,-163,-27,106,7292,-8352,11092,-38,157,-170,-13236,3812,6956,-1030,134,-34,-13220,-6272,6920,-466,134,-89,0
2997.94375705719,7964,7388,11400,-161,6,107,7188,-8388,11192,-44,110,-148,-13188,4080,6780,-1278,168,-28,-13164,-6196,6948,-467,104,-109,0
2997.9818971157074,7892,7392,11428,-195,-25,137,7308,-8428,11232,-68,112,-160,-13296,4088,6860,-973,110,-51,-13076,-6296,7132,-452,138,-104,0
2998.017693042755,7916,7364,11344,-197,-40,91,7256,-8312,11136,-29,126,-161,-13244,3900,6860,-1016,89,-60,-13056,-6316,7124,-483,164,-83,0
2998.052668094635,7920,7348,11436,-172,-77,125,7024,-8408,11036,-251,99,-199,-13212,3864,6848,-1015,114,-84,-13288,-6304,6788,-487,198,-64,0
2998.088714122772,7864,7368,11568,-186,-113,142,7208,-8336,10928,-2,66,-225,-13216,3968,6836,-1048,159,-127,-13156,-6376,7120,-485,219,-71,0
2998.1235909461975,8180,7412,11376,-175,-165,139,7264,-8396,10976,-45,92,-199,-13512,4084,6892,-991,77,-118,-13256,-6240,7020,-479,210,-60,0
2998.15966296196,7708,7244,11372,-201,-91,139,7152,-8324,10792,-33,127,-199,-13304,3900,6692,-1008,136,-125,-13204,-6272,6932,-476,193,-61,0
2998.1950130462646,8156,7364,11468,-211,-139,148,7308,-8352,10888,7,122,-204,-13228,3872,7100,-1277,128,-73,-13168,-6268,7152,-474,202,-32,0
2998.2307131290436,7984,7436,11352,-248,-102,180,7280,-8328,11056,-23,120,-193,-13244,3852,6744,-1019,140,-137,-13192,-6312,7040,-467,166,-52,0
2998.2654769420624,7748,7612,11468,-197,-94,146,7356,-8368,11204,-26,124,-197,-13072,3956,6732,-1005,158,-56,-13180,-6208,7028,-486,163,-73,0
2998.301113128662,8060,7336,11220,-199,-115,133,7240,-8376,11088,12,91,-189,-13316,3860,6684,-1035,124,-123,-13236,-6316,6988,-468,209,-62,0
2998.33619594574,8064,7376,11332,-184,-123,165,7292,-8312,10792,47,105,-196,-13152,3624,6720,-1007,117,-115,-13140,-6200,6832,-475,207,-78,0
2998.3721201419826,8092,7292,11308,-183,-129,122,7188,-8336,10848,248,105,-231,-13300,3872,6864,-1022,133,-102,-13260,-6284,7068,-481,206,-80,0
2998.4077141284943,8012,7240,11084,-190,-146,130,7324,-8392,11216,4,121,-195,-13208,3856,6792,-988,138,-90,-13224,-6348,6972,-477,177,-79,0
2998.442896127701,8024,7312,11372,-172,-136,165,7180,-8264,11040,11,117,-168,-13068,4036,6820,-1013,134,-134,-13268,-6232,7052,-466,165,-67,0
2998.477653980255,8056,7396,11348,-201,-104,145,7340,-8316,11224,5,117,-150,-13248,3748,6932,-1028,153,-68,-13152,-6268,7040,-460,145,-42,0
2998.513379096985,8024,7392,11280,-228,-108,171,7232,-8444,11096,-2,129,-183,-13260,3872,6832,-1020,122,-113,-13164,-6388,6988,-490,124,-78,0
2998.5486829280853,8008,7284,11272,-166,-119,145,7312,-8372,11052,-4,92,-146,-13472,4088,6848,-1280,150,-80,-13168,-5964,7000,-520,139,-69,0
2998.5837581157684,7952,7300,11440,-168,-128,147,7288,-8344,10968,11,75,-191,-13292,3708,6780,-1042,136,-139,-13156,-6348,6840,-507,187,-74,0
2998.6193211078644,8136,7252,11420,-176,-178,132,7340,-8248,11036,-29,85,-236,-13280,3820,7012,-1041,159,-118,-13228,-6208,7028,-468,219,-88,0
2998.6526391506195,7980,7224,11420,-185,-166,157,7296,-8312,10804,-255,80,-241,-13220,3792,6880,-988,124,-115,-13208,-6240,6976,-487,226,-75,0
2998.6862139701843,8096,7348,11476,-201,-195,133,7308,-8268,11204,250,106,-240,-13328,3796,6756,-996,136,-128,-13284,-6220,6960,-438,189,-92,0
2998.719931125641,8024,7264,11408,-174,-158,141,7352,-8448,11044,-9,127,-203,-13292,3920,6792,-999,140,-122,-13296,-6228,7076,-454,159,-85,0
2998.7534849643707,8188,7248,11328,-198,-137,135,7228,-8380,11048,-43,112,-207,-13336,3880,6840,-989,73,-131,-13216,-6148,7064,-495,159,-145,0
2998.7872459888454,8032,7372,11304,-180,-126,122,7268,-8300,11260,21,132,-156,-13260,3796,6804,-1067,85,-64,-13236,-6316,6920,-463,109,-114,0
2998.820765018463,8028,7384,11216,-145,-47,109,7304,-8232,10984,-35,128,-173,-13156,3764,6860,-1029,161,-56,-13160,-6240,6916,-471,90,-104,0
2998.8541741371155,8100,7336,11044,-191,-90,105,7252,-8380,11152,-64,97,-201,-13216,3588,6924,-1015,131,-45,-13236,-6220,7072,-477,143,-99,0
2998.887506008148,8108,7272,11344,-172,-90,121,7340,-8448,11000,-43,127,-166,-13296,3748,6792,-1032,78,-65,-13248,-6276,6912,-502,119,-150,0
2998.9211349487305,8032,7364,11168,-114,-68,109,7324,-8220,10844,-14,141,-162,-13200,3812,6868,-1034,101,-57,-13184,-5988,7084,-462,108,-123,0
2998.9548420906067,8104,7368,11288,-150,-32,92,7356,-8332,10996,-47,151,-179,-13316,3780,6964,-989,118,244,-13228,-6284,7036,-458,113,-165,0
2998.9882400035854,8088,7188,11388,-179,-56,99,7328,-8408,11160,-22,175,-182,-13092,3820,6912,-769,104,-40,-13140,-6304,6996,-464,133,-178,0
2999.0218980312347,8100,7316,11412,-141,-56,70,7200,-8352,11200,-47,162,-185,-13168,3892,6688,-1002,66,-55,-13216,-6248,6984,-490,135,-175,0
2999.0554919242854,8096,7280,11344,-159,-69,80,7248,-8444,11076,-48,154,-168,-13224,3620,6868,-1004,112,-64,-13196,-6260,7084,-474,182,-151,0
2999.089249134064,8056,7352,11248,-150,-85,72,7292,-8272,10756,-47,148,-179,-13292,3904,6620,-995,116,-101,-13148,-6212,7064,-473,148,-125,0
2999.1228420734406,7956,7372,11340,-160,-75,122,7216,-8368,11240,-32,130,-191,-13240,3632,6740,-1010,105,-62,-13196,-6248,7028,-495,151,-134,0
2999.156229019165,8044,7420,11308,-140,-66,119,7316,-8376,11060,-51,140,-167,-13244,3872,6912,-1004,115,-42,-13148,-6160,6736,-472,154,-128,0
2999.1896970272064,8024,7284,11348,-157,-93,101,7344,-8324,11044,-79,148,-171,-13272,3840,6896,-990,55,-76,-13172,-6276,6976,-500,147,-164,0
2999.223212003708,8108,7264,11324,-114,-74,68,7316,-8344,11200,-35,150,-158,-13224,3828,6852,-1278,71,-73,-13232,-6260,7016,-469,121,-150,0
2999.2569150924683,8036,7292,11308,-158,-27,73,7356,-8316,11028,-11,153,-184,-13204,3732,6784,-1015,99,-72,-13240,-6368,6896,-451,119,-153,0
2999.2906091213226,8044,7404,11384,-193,-48,70,7412,-8340,11220,-62,156,-167,-13252,3892,7052,-1003,88,-35,-13216,-6260,7116,-485,82,-148,0
2999.3241951465607,8144,7272,11320,-155,-76,45,7308,-8404,11236,-38,166,-150,-13308,3848,6948,-1012,40,-3,-13176,-6212,7100,-515,121,-173,0
2999.357722043991,8052,7320,11348,-141,-54,86,7264,-8312,11216,-34,137,-161,-13256,3792,6716,-1036,57,-65,-13200,-6324,6656,-472,114,-138,0
2999.3907980918884,7980,7656,11288,-123,-41,89,7360,-8376,11064,-48,157,-160,-13232,3760,6704,-1011,85,-68,-13196,-6256,7096,-466,85,-186,0
2999.4242870807648,7980,7168,11360,-142,-29,61,7292,-8272,11200,-86,159,-178,-13292,3584,6796,-989,86,-42,-13124,-6196,6940,-465,109,-142,0
2999.458028078079,8068,7260,11292,-153,3,80,7364,-8408,10964,-35,149,-152,-13292,3888,6728,-1021,80,232,-13248,-6288,6968,-463,71,-141,0
2999.4915959835052,8068,7312,11108,-125,248,94,7264,-8292,11044,-23,132,-137,-13284,3888,6724,-1027,73,-253,-13244,-6264,6984,-460,80,-157,0
2999.525043010712,7956,7304,11424,-160,-19,87,7240,-8576,11100,-63,156,-153,-13128,3848,6916,-999,86,-22,-13068,-6340,7108,-456,89,-169,0
2999.5584940910335,7924,7384,11352,-177,-25,58,7336,-8320,11232,-73,167,-156,-13148,3920,6876,-972,71,-78,-13172,-6264,6936,-493,109,-152,0
2999.5920579433446,7960,7256,11320,-95,-42,84,7308,-8432,11100,-48,149,-180,-13104,3900,6872,-1031,125,-82,-13112,-6224,6848,-501,159,-141,0
2999.625211954117,8188,7344,11516,-153,-98,102,7268,-8324,11084,-12,114,-205,-13256,3764,6948,-1040,115,-92,-13116,-6264,7044,-496,169,-117,0
2999.662678003311,7980,7384,11352,-78,-55,95,7288,-8292,11064,-62,119,-196,-13288,3904,7096,-988,140,-74,-13200,-6220,7116,-474,151,-128,0
2999.6987431049347,7980,7220,11076,-177,-40,82,7312,-8388,11164,-34,127,-201,-13072,3972,6992,-982,95,-103,-13184,-6264,7008,-491,161,-143,0
2999.7342491149902,8028,7312,11316,-179,-60,115,7164,-8324,11040,-8,136,-181,-13192,3764,6900,-1006,66,-57,-13116,-6308,6928,-469,160,-140,0
2999.7698879241943,8032,7288,11400,-154,-62,81,7312,-8276,11024,-29,145,-180,-13220,3604,6952,-1012,111,-119,-13172,-6308,7108,-478,152,-142,0
2999.805382013321,8076,7376,11300,-176,-50,101,7188,-8264,11128,-54,124,-190,-13272,3828,7012,-981,68,-61,-13176,-6244,6944,-467,103,-145,0
2999.841232061386,8104,7328,11456,-185,-31,83,7304,-8404,11152,-56,144,-182,-13092,3888,7128,-1003,72,-35,-13180,-6272,7128,-501,137,-140,0
2999.8773419857025,7904,7328,11356,-153,-57,102,7216,-8336,11192,4,122,-150,-13176,3784,6988,-1276,111,-78,-13104,-6296,7040,-466,130,-114,0
2999.911931037903,7704,7396,11364,-118,-43,117,7224,-7964,11196,-36,109,-207,-13260,3888,6872,-1012,133,-50,-13104,-6552,7096,-487,157,-130,0
2999.948032140732,7980,7340,11336,-172,-75,111,7332,-8372,11168,-66,131,-186,-13188,3960,7140,-973,116,-94,-13192,-6236,7164,-478,138,-114,0
2999.983232975006,7964,7364,11072,-122,-81,121,7396,-8268,10992,-25,133,-172,-13252,3872,6752,-1008,116,-40,-13236,-6352,7008,-474,121,-112,0
3000.0188269615173,7992,7332,11212,-125,-29,107,7220,-8264,11028,-37,96,-155,-13184,3800,6832,-1004,109,-52,-13056,-6356,7160,-455,116,-111,0
3000.053815126419,7856,7404,11076,-146,-19,97,7276,-8332,11220,-79,124,-140,-13280,3896,7020,-989,124,-35,-13092,-6208,7052,-487,97,-133,0
3000.0891940593724,7840,7384,11324,-172,-28,110,7244,-8356,10928,-79,161,-157,-13212,3840,6800,-1036,99,-64,-13172,-6232,7084,-519,130,-135,0
3000.124503135681,7728,7380,11384,-163,-47,114,7264,-8320,11196,-32,149,-170,-13208,4004,6880,-1037,123,-73,-12816,-6640,6756,-488,160,-135,0
3000.1601910591125,7912,7320,11428,-156,-59,100,7224,-8376,11012,-17,119,-204,-13144,3920,7016,-1280,135,-144,-13236,-6288,7044,-495,189,-90,0
3000.195550918579,8028,7364,11448,-193,-102,120,7236,-8392,11048,-8,124,-208,-13144,3892,6824,-1039,119,-115,-13240,-6324,7076,-480,240,-77,0
3000.2316579818726,8120,7340,11400,-207,-124,135,7300,-8376,11228,-19,99,-211,-13252,3768,6712,-999,124,-121,-13472,-6368,7036,-485,214,-60,0
3000.2676949501038,8056,7400,11276,-209,-134,121,7304,-8200,10792,-26,125,-199,-13192,3848,6944,-993,131,-101,-13160,-6180,7092,-458,195,-80,0
3000.303456068039,8064,7400,11300,-191,-114,153,7300,-8312,11016,-36,132,-191,-13252,3628,6716,-986,134,-143,-13200,-6336,7112,-464,196,-99,0
3000.3369760513306,7928,7420,11036,-220,-110,148,7248,-8312,11060,-31,109,-193,-13272,3772,7088,-995,103,-113,-13164,-6312,7144,-465,183,-74,0
3000.370604991913,8056,7316,11340,-235,-63,155,7248,-8292,10916,12,143,-177,-13164,3872,6912,-1006,130,-104,-13172,-6176,6944,-452,182,-44,0
3000.4038350582123,8020,7328,11296,-215,-100,163,7324,-8380,11208,-254,112,-206,-13276,3736,7108,-998,127,-96,-13196,-6208,6980,-482,215,-50,0
3000.4372529983525,8100,7372,11356,-189,-119,162,7348,-8396,11180,-11,91,-221,-13168,3860,6976,-1014,116,-153,-13140,-6260,7140,-509,223,-57,0
3000.4707040786743,8008,7372,11340,-192,-119,158,7332,-8240,10988,-32,97,-220,-13492,3756,6768,-1010,167,-134,-13268,-6276,6896,-465,191,-42,0
3000.5042719841003,8052,7364,11316,-204,-142,142,7372,-8248,11112,-14,93,-224,-13228,3800,6888,-1038,136,-76,-13168,-6320,6984,-470,173,-76,0
3000.537528038025,8076,7360,11492,-209,-114,165,7292,-8288,11064,-9,111,-184,-13252,3884,6828,-1031,147,-80,-13188,-6284,7060,-472,151,-74,0
3000.5712349414825,8036,7332,11068,-189,-91,145,7308,-8316,10996,-16,108,-183,-13304,3880,6716,-1034,121,-77,-13132,-6216,7020,-479,159,-87,0
3000.6047830581665,8088,7312,11408,-203,-85,137,7296,-8396,11152,1,113,-190,-13280,4064,6848,-1035,117,-125,-13240,-6188,6932,-487,180,-83,0
3000.6378979682922,8032,7220,11180,-197,-100,137,7256,-8368,10960,-5,109,-183,-13200,3788,6884,-1013,131,-79,-13224,-6280,7016,-469,175,-77,0
3000.670958995819,8032,7376,11420,-198,-97,126,7416,-8376,11060,-22,103,-200,-13188,3968,6788,-1044,127,-105,-13288,-6352,7020,-475,181,-91,0
3000.704472064972,7708,7292,11400,-183,-148,139,7260,-8232,10872,-22,109,-184,-13336,3800,6896,-1004,126,-140,-13240,-6220,7012,-494,197,-77,0
3000.7380671501164,7976,7336,11220,-182,-157,175,7368,-8212,11256,-23,92,-207,-13304,3884,6864,-1010,130,-113,-13228,-6236,6912,-512,214,-90,0
3000.771662950516,7988,7284,11308,-183,-150,154,7384,-8308,11036,-255,117,-206,-13268,3788,6856,-1009,152,-91,-13332,-6188,7132,-498,210,-84,0
3000.8052949905396,7992,7344,11352,-183,-120,139,7376,-8308,11240,-6,85,-204,-13312,3788,6728,-1037,111,-82,-13148,-6204,6996,-487,202,-103,0
3000.8386471271515,8056,7284,11408,-186,-146,133,7376,-8308,11196,-14,128,-219,-13224,3808,6792,-998,101,-126,-13256,-6320,6876,-470,175,-89,0
3000.871843099594,8024,7328,11260,-226,-113,134,7252,-8284,11156,-48,112,-194,-13320,3896,6904,-980,116,-112,-13344,-6176,6980,-474,132,-100,0
3000.9052579402924,8196,7300,11276,-196,-97,103,7380,-8376,11228,-46,115,-165,-13248,3756,7088,-1047,81,-53,-13152,-6264,7136,-765,142,-135,0
3000.9387640953064,8088,7316,11292,-192,-120,117,7336,-8288,11060,31,141,-194,-13208,3804,6876,-1273,97,-62,-13176,-6344,6984,-445,138,-96,0
3000.9722261428833,8056,7448,11304,-150,-77,115,7328,-8276,11108,-73,131,-204,-13256,3800,6824,-971,121,-88,-13280,-5916,6880,-506,133,-119,0
3001.010805130005,8108,7212,11268,-195,-71,87,7428,-8396,11120,-37,86,-200,-13244,3624,6656,-769,97,-99,-13248,-6164,7012,-491,146,-140,0
3001.044461965561,8136,7248,11372,-104,-102,101,7564,-8224,10932,-24,146,-160,-13200,3816,6804,-1021,65,-71,-13296,-6208,7068,-472,89,-186,0
3001.077610015869,8008,7400,11376,-171,23,100,7332,-8140,11072,-34,171,-142,-13272,3692,6968,-1276,93,31,-13172,-6232,7124,-457,32,-143,0
3001.1110911369324,8040,7280,11428,-203,-5,79,7416,-8256,11044,-78,196,-133,-13232,3908,7032,-1000,42,-39,-13216,-6184,6984,-465,111,-171,0
3001.1442110538483,7968,7264,11212,-144,-12,53,7200,-8304,10816,-43,191,-175,-13288,3732,6768,-775,93,-65,-13100,-6304,6992,-487,144,-172,0
3001.177539110184,8156,7388,11240,-150,-36,74,7268,-8336,10896,-29,114,-172,-13204,3764,6620,-775,115,-36,-13160,-6276,6988,-499,151,-140,0
3001.2112381458282,8032,7328,11276,-151,-96,79,7368,-8188,11004,-58,127,-200,-13200,3776,7156,-997,123,-74,-13184,-6272,6924,-453,167,-123,0
3001.24454498291,7940,7376,11264,-168,-63,93,7336,-8276,10924,-56,112,-185,-13256,3952,6764,-987,116,-103,-13064,-6232,7080,-462,143,-152,0
3001.2780780792236,8152,7348,11380,-202,-50,76,7616,-8424,11152,-19,157,-178,-13256,3820,6756,-1000,106,-58,-13244,-6276,6988,-480,129,-177,0
3001.3138959407806,8020,7336,11220,-161,-29,68,7332,-8284,11156,-14,166,-178,-13216,3840,6884,-999,60,-78,-13116,-6244,6916,-502,114,-155,0
3001.349535942077,8020,7296,11356,-160,-44,66,7328,-8256,11024,-22,173,-162,-13196,3764,6780,-1024,64,-25,-13112,-6264,7036,-471,91,-141,0
3001.3848350048065,8024,7304,11344,-170,-49,80,7280,-8384,10912,-50,164,-167,-13232,3812,6856,-985,46,-65,-13224,-6268,7052,-478,83,-175,0
3001.4202620983124,7968,7384,11244,-163,-39,56,7356,-8260,11040,-62,145,-206,-13224,3600,7140,-986,40,-16,-13164,-6260,7024,-493,145,-166,0
3001.455691099167,8048,7400,11376,-171,-52,91,7312,-8284,11064,-66,147,-179,-13184,3876,6840,-1004,75,-61,-13072,-6248,6960,-479,118,-110,0
3001.491161108017,7996,7456,11428,-168,-55,69,7352,-8248,11080,-34,156,-197,-13244,3820,6908,-1001,93,-23,-13088,-6252,7004,-483,130,-135,0
3001.5270731449127,7944,7344,11276,-165,-51,101,7168,-8236,10892,-42,141,-181,-13264,3800,6840,-1000,101,-65,-13132,-6140,7020,-498,153,-150,0
3001.5623259544373,7992,7368,11316,-143,-56,96,7248,-8340,11128,-52,139,-179,-13252,3880,6812,-1010,101,-94,-13160,-6260,7100,-471,125,-112,0
3001.5981159210205,8108,7320,11328,-139,-48,99,7364,-8272,11048,-67,170,-164,-13256,4060,6784,-1004,123,-245,-13176,-6220,6936,-476,98,-168,0
3001.633635997772,8016,7296,11512,-166,-21,86,7348,-8376,11148,-59,148,-156,-13232,3960,6880,-1275,74,-9,-13144,-6364,6992,-484,106,-175,0
3001.669748067856,8008,7372,11268,-171,-39,89,7364,-8284,10972,-16,146,-128,-13264,3808,6940,-1018,38,-46,-13212,-6408,6976,-485,61,-153,0
3001.7049140930176,7956,7436,11260,-133,-38,63,7312,-8320,11140,-49,512,-178,-13268,3732,6568,-974,148,-107,-13068,-6332,6820,-491,135,-146,0
3001.740163087845,8020,7324,11248,-187,-23,50,7364,-8392,11044,-34,116,-196,-13256,3832,6768,-992,68,-49,-13168,-6244,7076,-472,141,-160,0
3001.7753591537476,7988,7248,11272,-159,-37,84,7252,-8372,10968,-31,159,-171,-13248,3912,6780,-1012,60,-54,-13216,-6256,7116,-457,145,-124,0
3001.8108451366425,7940,7380,11368,-173,-5,88,7200,-8360,11120,-31,137,-155,-13248,3840,6964,-981,87,-11,-13184,-6336,7064,-464,119,-130,0
3001.8459389209747,8044,7484,11348,-215,-25,84,7236,-8340,11168,-81,135,-174,-13224,3876,7148,-970,34,-55,-13116,-6340,7124,-484,110,-141,0
3001.8812370300293,8000,7420,11408,-178,-29,83,7276,-8380,10952,-32,129,-169,-13148,3788,6900,-1008,13,-87,-13132,-6236,6936,-486,166,-141,0
3001.9172739982605,8036,7380,11500,-174,-51,112,7236,-8316,11060,-28,151,-158,-13176,3856,6744,-1087,142,-63,-13236,-6252,7052,-484,186,-114,0
3001.952054977417,8044,7608,11208,-201,-1,119,7224,-8396,11012,-21,136,-181,-13212,3764,7052,-1035,115,-81,-13164,-6264,7088,-467,169,-106,0
3001.9878079891205,7980,7384,11552,-190,-94,130,7376,-8288,11052,-5,118,-180,-13280,3856,6984,-1004,76,-73,-13152,-6344,7072,-467,168,-109,0
3002.021265029907,7952,7404,11468,-214,-55,126,7376,-8444,11064,-17,139,-175,-13232,3964,6856,-1042,115,-96,-13204,-6264,7088,-754,183,-122,0
3002.054836988449,8016,7396,11308,-178,-94,150,7252,-8332,10988,13,121,-204,-13240,3928,7024,-999,113,-163,-13140,-6352,6980,-446,217,-77,0
3002.0883369445805,7920,7420,11324,-182,-152,171,7336,-8260,11040,-69,103,-206,-13264,3744,6852,-991,147,-95,-13200,-6412,7068,-491,185,-59,0
3002.1216299533844,8016,7268,11388,-215,-137,133,7240,-8264,10968,-64,109,-193,-13136,3652,7036,-993,88,-99,-13184,-6176,6960,-487,209,-64,0
3002.1550390720367,7952,7300,11456,-239,-118,144,7348,-8284,11108,-25,78,-178,-13256,3924,7136,-1013,137,-92,-13184,-6232,6736,-460,176,-69,0
3002.188714981079,8128,7372,11284,-219,-93,166,7188,-8396,10756,1,91,-190,-13188,3756,6844,-1014,153,-110,-13264,-6244,6944,-489,195,-60,0
3002.2223620414734,8024,7360,11080,-207,-66,151,7216,-8276,11016,1,107,-198,-13276,4052,6708,-1008,126,-129,-13124,-6252,7012,-459,245,-30,0
3002.2559621334076,8156,7360,11456,-207,-128,179,7308,-8288,10936,-2,111,-195,-13264,4068,6892,-1049,173,-135,-13172,-6256,6824,-493,196,-44,0
3002.2895460128784,8016,7320,11388,-221,-152,171,7436,-8372,11016,-3,93,-198,-13200,3892,6868,-1004,160,-110,-13108,-6248,6896,-475,211,-53,0
3002.3232431411743,8088,7388,11328,-240,-143,171,7348,-8304,11096,-25,118,-204,-13316,3892,6676,-1005,138,-125,-13248,-6272,7020,-460,181,-60,0
3002.3566761016846,7992,7316,11380,-194,-139,179,7172,-8268,10752,-24,93,-158,-13212,3812,6824,-1048,136,-83,-13248,-6088,6924,-503,156,-91,0
3002.3900661468506,8072,7332,11324,-214,-123,152,7364,-8308,11112,16,93,-183,-13244,3784,6860,-1030,106,-141,-13220,-6324,7044,-451,173,-85,0
3002.4234960079193,8068,7380,11312,-204,-67,125,7352,-7968,11204,35,128,-179,-13292,3744,6892,-1024,101,-83,-13152,-6344,7052,-464,134,-98,0
3002.4571030139923,7952,7428,11332,-186,-100,130,7328,-8356,11152,-34,103,-230,-13312,3908,6968,-1022,94,-85,-13264,-6192,6924,-479,199,-112,0
3002.490893125534,8120,7224,11444,-221,-102,135,7340,-8332,11016,2,94,-213,-13132,3808,7004,-998,112,-145,-13224,-6248,6976,-452,193,-74,0
3002.5242860317226,8032,7252,11244,-171,-130,168,7292,-8176,11080,7,136,-166,-13288,3788,6780,-769,99,-106,-13160,-6348,7136,-488,145,-74,0
3002.5577371120453,8036,7352,11408,-213,-98,147,7228,-8232,11088,-8,111,-193,-13172,3760,6816,-1028,168,-91,-13228,-6268,6944,-454,133,-95,0
3002.5911049842834,7924,7340,11332,-230,-115,162,7384,-8296,11212,-53,102,-171,-13068,3780,6964,-988,134,-32,-13192,-6244,7016,-510,128,-92,0
3002.624619960785,8024,7368,11272,-177,-115,135,7304,-8272,10956,-13,92,-196,-13168,3780,6784,-994,110,-89,-13228,-6208,6740,-258,169,-90,0
3002.6580669879913,8012,7276,11412,-186,-147,127,7336,-8200,10968,-11,98,-214,-13204,3788,6892,-1010,155,-116,-13152,-6236,6868,-503,187,-115,0
3002.691304922104,7980,7168,11412,-169,-153,135,7396,-8384,11000,-35,88,-216,-13240,3728,6780,-1017,131,-91,-13200,-6288,6664,-485,136,-119,0
3002.7248849868774,8236,7264,11252,-153,-151,83,7476,-8236,10876,-30,113,-204,-13276,3612,6692,-1006,132,-33,-13208,-6176,7008,-482,122,-130,0
3002.7581269741054,8064,7308,11260,-162,-42,61,7472,-8276,10908,-33,156,-173,-13272,3856,6680,-1037,118,-47,-13344,-6264,7160,-479,132,-144,0
3002.79181599617,8216,7276,11308,-174,-10,83,7444,-8284,10996,-11,163,-155,-13192,3816,6828,-1040,54,-62,-13152,-6244,6788,-490,123,-171,0
3002.825497150421,8024,7236,11516,-161,-47,86,7376,-8216,10996,-6,176,-180,-13276,3776,6860,-1014,75,-80,-13272,-6144,7032,-478,113,-138,0
3002.859213113785,7980,7320,11356,-184,-60,46,7352,-8016,10816,-40,164,-188,-13288,3788,6912,-1020,89,-92,-13176,-6348,6952,-498,125,-179,0
3002.892820119858,7992,7384,11504,-167,-59,70,7288,-8292,11036,-66,158,-165,-13280,3784,6928,-974,51,-26,-13308,-6236,6788,-497,128,-127,0
3002.9264321327214,8044,7268,11328,-134,-33,83,7316,-8312,11000,-28,144,-172,-13316,3900,6920,-1005,65,-24,-13176,-6224,7004,-497,111,-160,0
3002.9599170684814,8040,7380,11336,-152,-36,64,7360,-8292,10796,-27,169,-155,-13280,3756,7032,-1017,59,-62,-13204,-6280,7000,-492,128,-152,0
3002.9961421489716,7944,7388,11388,-172,-56,76,7292,-8336,11036,-47,143,-162,-13064,3796,6688,-1006,98,-58,-13112,-6204,6992,-474,138,-136,0
3003.0322620868683,8052,7368,11220,-184,-54,90,7332,-8268,11220,-81,122,-180,-13148,3588,6952,-987,108,-57,-13344,-6284,6932,-485,116,-108,0
3003.0675671100616,8044,7256,11292,-159,-85,124,7356,-8280,10932,-58,109,-147,-13248,3868,6796,-1008,105,-61,-13148,-6280,6928,-263,128,-124,0
3003.1033840179443,8100,7308,11356,-144,-83,104,7384,-8280,11124,-38,140,-182,-13264,3728,6720,-1004,73,-55,-13228,-6244,6848,-484,103,-159,0
3003.138778924942,8324,7168,11144,-139,-59,88,7356,-8224,10980,-21,126,-156,-13280,3744,6896,-1006,100,-44,-13284,-6252,7064,-512,101,-145,0
3003.1741659641266,8076,7348,11500,-164,-8,54,7308,-8196,10844,-52,173,-155,-13240,3776,6668,-993,55,247,-13220,-6212,6952,-495,126,-155,0
3003.210263967514,7968,7268,11424,-165,11,45,7380,-8256,10852,-27,147,-160,-13548,3648,6868,-989,22,-73,-13232,-6312,7028,-453,132,-159,0
3003.2455711364746,8152,7300,11276,-120,-21,98,7320,-8292,10960,-42,159,-162,-13124,3792,6796,-985,81,243,-13168,-6184,7164,-467,83,-157,0
3003.2811551094055,7976,7340,11484,-186,-38,65,7280,-8276,11048,-87,175,-173,-13164,3932,6788,-1001,81,-75,-13120,-6312,7088,-470,91,-168,0
3003.3161849975586,8004,7352,11316,-177,-51,58,7296,-8388,11196,-88,187,-159,-13260,3884,7028,-986,86,-53,-13120,-6232,7024,-479,128,-175,0
3003.35177397728,8004,7304,11324,-134,-39,100,7400,-8332,10960,-12,140,-188,-13184,3824,6896,-1026,72,-51,-13164,-6280,7040,-468,151,-137,0
3003.3880319595337,7972,7320,11356,-168,-94,85,7272,-8280,10924,-19,139,-198,-13192,3852,6852,-1022,92,-63,-13176,-6292,7044,-482,170,-145,0
3003.4234831333165,8068,7380,11392,-157,-83,81,7336,-8328,11096,-43,117,-185,-13244,3936,6680,-1001,105,-46,-13116,-6372,7040,-511,161,-125,0
3003.4591920375824,7988,7288,11396,-157,-50,118,7396,-8336,10964,-42,128,-176,-13764,3988,6680,-1069,168,-118,-13172,-6360,6836,-468,111,-140,0
3003.4941151142125,8076,7356,11328,-146,-71,105,7360,-8320,11172,-61,128,-201,-13496,3816,6668,-1002,98,-73,-13220,-6324,6936,-483,153,-139,0
3003.5296931266785,8076,7404,11360,-160,-66,103,7320,-8288,10976,-37,130,-167,-13276,3600,6744,-777,86,-87,-13152,-6288,7108,-487,107,-141,0
3003.565043926239,7896,7352,11440,-162,-54,84,7332,-8352,10800,-42,133,-157,-13244,3776,6960,-1016,98,-55,-13224,-6328,6896,-489,108,-130,0
3003.600315093994,8012,7344,11264,-180,-31,86,7268,-8364,11112,-50,151,-170,-13244,3848,6972,-998,71,-92,-13184,-6260,7048,-460,124,-151,0
3003.6353321075444,7996,7376,11148,-167,-55,101,7236,-8304,11056,-21,150,-159,-13356,3876,6856,-1018,103,-41,-13168,-6308,6936,-462,142,-121,0
3003.6710250377655,8000,7400,11292,-144,-44,87,7176,-8280,11152,-42,154,-164,-13164,3872,6852,-1019,90,-64,-13200,-6332,6912,-478,145,-121,0
3003.7045929431915,8012,7364,11124,-143,-51,119,7256,-8428,10864,-38,123,-174,-13200,3896,6892,-1024,100,-68,-13188,-6320,6952,-492,141,-121,0
3003.7381279468536,7968,7348,11396,-158,-75,113,7252,-8316,11104,-46,144,-199,-13240,3912,6976,-770,85,-99,-13116,-6320,7164,-502,183,-95,0
3003.771717071533,8084,7344,11308,-190,-96,121,7344,-8256,11092,-36,146,-161,-13220,3868,6860,-1023,115,-107,-13256,-6240,6988,-471,165,-109,0
3003.8050990104675,7984,7404,11456,-212,-38,118,7344,-8236,10956,-45,148,-168,-13232,3948,7088,-969,94,-53,-13084,-6272,7012,-466,154,-96,0
3003.8387501239777,8128,7392,11468,-213,-67,129,7280,-8284,11076,-33,148,-166,-13136,3880,6948,-1024,81,-50,-13120,-6208,7060,-493,134,-82,0
3003.872362136841,8024,7268,11276,-207,-122,159,7284,-8328,11256,-26,104,-196,-13252,3812,6844,-1042,137,-125,-13184,-6360,7100,-500,194,-93,0
3003.9057121276855,7964,7448,11232,-151,-118,122,7348,-8284,11040,-21,126,-216,-13156,3896,6872,-997,120,-127,-12920,-6348,6696,-500,181,-98,0
3003.9395520687103,7952,7316,11476,-199,-123,119,7304,-8396,10856,-31,125,-201,-13244,3832,6776,-1006,102,-157,-13224,-6396,7160,-510,212,-82,0
3003.9729969501495,7948,7288,11472,-251,-69,144,7332,-8372,11016,5,116,-196,-13216,3592,6744,-965,94,-133,-13104,-6204,7060,-455,199,-41,0
3004.0067110061646,8040,7220,11596,-224,-102,148,7308,-8272,11128,23,107,-177,-13184,3656,7132,-991,128,-61,-13140,-6304,7088,-466,169,-64,0
3004.0400080680847,8084,7336,11356,-263,-82,165,7300,-8280,11088,-34,116,-180,-13228,3780,6808,-1002,153,-40,-13180,-6296,7148,-447,125,-46,0
3004.073606967926,8092,7348,11396,-254,-68,165,7404,-8332,11120,-33,136,-168,-13232,3932,7056,-968,112,-107,-13216,-6216,6932,-470,150,-48,0
3004.107358932495,8024,7276,11352,-209,-81,164,7344,-8244,11000,-28,128,-205,-13220,3772,7080,-1019,136,-137,-13140,-6260,6808,-258,171,-73,0
3004.1407749652863,8020,7264,11392,-195,-145,142,7332,-8388,11168,13,119,-190,-13220,3780,6712,-1029,166,-134,-12844,-6280,6928,-484,220,-52,0
3004.174315929413,8040,7200,11196,-187,-135,168,7316,-8296,10964,-22,93,-215,-13276,3824,6740,-1026,155,-107,-13216,-6260,6956,-505,218,-45,0
3004.207903146744,8044,7148,11448,-187,-156,157,7484,-8340,11204,6,90,-216,-13224,3904,6840,-1016,132,-122,-13204,-6228,6796,-438,174,-60,0
3004.2409839630127,7984,7320,11328,-224,-86,158,7368,-8344,10980,251,94,-202,-13236,3816,6884,-1037,132,-108,-13216,-6156,6664,-503,215,-67,0
3004.2745900154114,8132,7348,11372,-188,-126,148,7388,-8248,11132,-7,131,-194,-13248,3784,6836,-1026,116,-98,-13264,-6376,6736,-466,189,-70,0
3004.308182954788,8060,7344,11508,-198,-135,163,7332,-8228,11172,-25,103,-193,-13312,3888,6968,-1021,126,-60,-13540,-6348,6952,-462,159,-87,0
3004.341803073883,8000,7372,11268,-213,-137,158,7296,-8248,11024,-38,103,-203,-13292,3764,6740,-1018,131,-56,-13192,-6196,6912,-467,147,-80,0
3004.3754229545593,8028,7304,11340,-198,-124,149,7368,-8304,11224,-9,113,-212,-13492,3836,6664,-1002,100,-74,-13164,-6396,7052,-488,173,-70,0
3004.4086921215057,8012,7304,11012,-196,-120,129,7332,-8192,10968,4,122,-198,-13224,3844,7104,-1278,91,-146,-13184,-6208,6940,-490,177,-58,0
3004.4424080848694,8136,7276,11376,-173,-112,139,7396,-8220,10852,16,110,-176,-13208,4052,6724,-1018,117,-109,-13136,-6216,6956,-467,183,-61,0
3004.476040124893,7992,7312,11292,-183,-137,151,7356,-8292,10908,255,106,-202,-13548,3812,6804,-976,84,-102,-13124,-6244,6948,-487,171,-73,0
3004.5097420215607,8064,7220,11388,-192,-173,153,7256,-8256,11016,16,99,-186,-13276,3876,6824,-1022,80,-114,-13272,-6156,6932,-489,180,-86,0
3004.5434460639954,8108,7252,11508,-171,-130,150,7280,-8332,10840,17,153,-183,-13276,3644,6696,-955,45,-125,-13208,-6184,6980,-478,189,-124,0
3004.5771050453186,8136,7284,11088,-190,-138,149,7376,-8184,10992,20,177,-221,-13208,3784,6800,-990,96,-76,-13532,-6196,6736,-492,175,-118,0
3004.610860109329,8116,7320,11380,-184,-112,80,7192,-8288,10960,-49,144,-206,-13284,3848,6860,-1013,71,-70,-13208,-6132,6988,-494,86,-140,0
3004.6438500881195,8104,7216,11472,-159,-93,74,7304,-8280,11076,8,150,-171,-13124,3748,6700,-1036,64,-28,-13224,-6168,6892,-518,137,-198,0
3004.6806490421295,8148,7228,11232,-158,-68,49,7408,-8236,11072,41,201,-169,-13208,3660,6960,-1031,14,-82,-13208,-6260,6964,-452,102,-170,0
3004.716099023819,8228,7320,11400,-164,-65,36,7212,-8288,10928,-37,509,-155,-13232,3836,6836,-957,-103,-67,-13092,-6180,6976,-481,142,-179,0
3004.7516570091248,7956,7364,11484,-195,-48,78,7392,-8304,11024,23,299,-140,-13300,3600,6688,-977,93,-54,-13240,-5924,6936,-502,114,-133,0
3004.787707090378,7936,7604,11052,-121,-33,72,7424,-8404,10764,11,321,-100,-13232,3692,6908,-996,-1,232,-13216,-6340,6948,-498,99,-160,0
3004.8226759433746,8032,7396,11272,-184,-22,67,7228,-8228,11120,-51,278,-123,-13168,3776,7108,-959,-71,-21,-13140,-6296,6944,-481,107,-166,0
3004.8584880828857,8044,7352,11304,-189,-249,71,7304,-8272,10996,-48,269,-159,-13240,3872,7088,-921,-125,-62,-13168,-6288,7052,-496,111,-167,0
3004.893403053284,7948,7264,11364,-123,-28,59,7212,-8276,11092,-12,243,-129,-13228,4092,6664,-794,-51,-104,-13204,-6204,6964,-497,100,-172,0
3004.9292371273045,8140,7264,11192,-158,-47,74,7336,-8340,10816,54,339,-95,-13260,3772,6816,-883,46,-104,-13188,-5904,7344,-461,100,-139,0
3004.964543104172,8056,7320,11224,-144,-33,68,7272,-8252,11152,13,190,-102,-13272,3792,7032,-907,52,-44,-13252,-6252,7080,-512,112,-120,0
3004.999449014664,8036,7272,11380,-151,-108,100,6952,-7976,11100,-44,146,-163,-13268,3864,7036,-908,73,-50,-13560,-6352,6960,-480,108,-141,0
3005.035551071167,8176,7292,11300,-175,-41,71,7296,-8332,11008,-59,161,-162,-13400,3880,6768,-968,44,-41,-13232,-6400,7092,-509,112,-169,0
3005.071594953537,8116,7268,11240,-163,-66,77,7240,-8344,11168,-48,193,-153,-13212,4060,6920,-968,15,-90,-13176,-6164,6736,-480,122,-157,0
3005.107810020447,7944,7384,11440,-158,-30,75,7280,-8300,11120,-41,173,-134,-13104,3748,6992,-992,42,-59,-13156,-6296,6932,-468,85,-161,0
3005.1428639888763,8112,7280,11468,-159,-38,51,7292,-8440,10872,-75,182,-121,-13184,3956,6916,-999,8,-24,-13228,-6156,6992,-511,86,-166,0
3005.1787559986115,7980,7300,11372,-157,-30,31,7184,-8236,11180,-31,167,-123,-13216,3592,6756,-1000,32,-72,-13156,-6316,7004,-437,127,-146,0
3005.2141659259796,8180,7336,11212,-121,-27,84,7072,-8276,11140,-27,148,-152,-13144,3728,6912,-994,62,-53,-13136,-6324,6944,-494,125,-160,0
3005.250020980835,8024,7320,11424,-121,-128,52,7328,-8276,11116,-95,166,-164,-13224,3748,7012,-1011,38,-94,-13172,-6260,6948,-504,128,-144,0
3005.2850880622864,8060,7196,11500,-126,-105,91,7204,-8312,11132,-86,112,-191,-13172,3596,7040,-956,82,-77,-13108,-6232,6940,-454,115,-120,0
3005.3215119838715,8064,7268,11320,-142,-31,92,7208,-8220,11092,-26,100,-156,-13216,3852,6936,-995,153,-88,-13120,-6412,7044,-475,77,-122,0
3005.3551630973816,7996,7384,11392,-143,-256,104,7248,-8256,10792,-32,96,-143,-13204,3800,6888,-1016,125,228,-13252,-6316,7108,-488,85,-150,0
3005.3885140419,7988,7444,11272,-151,-16,98,7360,-8284,11088,-71,123,-127,-13208,3904,7000,-945,18,-10,-13196,-6296,6924,-489,98,-127,0
3005.4219279289246,8056,7228,11416,-149,-14,90,7280,-8284,11120,-42,146,-134,-13188,3976,6948,-1001,37,-61,-13156,-6240,7068,-494,108,-152,0
3005.4554641246796,7988,7344,11388,-129,-48,84,7264,-8292,10948,-34,137,-150,-12872,3832,7044,-992,67,-123,-13144,-6296,6896,-505,135,-164,0
3005.4890780448914,8000,7472,11504,-133,-44,94,7220,-8320,11144,-37,115,-180,-13180,3852,6872,-996,105,-83,-13164,-6248,6940,-490,181,-121,0
3005.5226440429688,7940,7332,11208,-146,-87,93,7344,-8276,11172,-3,127,-204,-13228,3872,6952,-1273,141,-66,-13244,-6260,7068,-484,191,-163,0
3005.5560879707336,8000,7368,11380,-134,-77,103,7220,-8272,11128,0,174,-202,-13216,3848,7156,-963,67,-58,-13080,-6344,6960,-484,155,-161,0
3005.589774131775,8108,7316,11444,-145,-101,107,7228,-8204,11272,-51,196,-194,-13160,3932,6952,-1003,85,-105,-13068,-6364,7016,-436,160,-151,0
3005.6232919692993,7708,7640,11304,-163,-84,60,7260,-8296,10780,-51,196,-168,-13188,3864,7160,-1010,71,-133,-13144,-6332,7040,-466,164,-155,0
3005.6564950942993,8128,7364,11508,-148,-83,102,7224,-8308,11132,-21,228,-164,-13044,3936,7112,-1017,53,-105,-13252,-6324,7020,-478,171,-122,0
3005.6900410652165,8008,7372,11368,-187,-32,86,7248,-8276,10968,-26,185,-149,-13148,3792,6924,-1031,78,-87,-13064,-6312,6996,-467,170,-97,0
3005.7235901355743,7996,7492,11296,-213,-54,126,7136,-8204,11100,8,174,-163,-13144,3836,7020,-1013,106,-98,-13232,-6320,6948,-471,183,-91,0
3005.7568480968475,7960,7456,11504,-244,-92,138,7268,-8288,11136,-29,179,-169,-12936,3884,6904,-1039,123,-98,-13116,-6360,6944,-495,198,-35,0
3005.7903389930725,8040,7428,11424,-199,-117,172,7192,-8232,11052,-62,128,-182,-13148,3912,7044,-986,141,-123,-13156,-6312,6928,-505,211,-54,0
3005.823720932007,8024,7312,11364,-223,-131,153,7240,-8228,11136,-44,110,-192,-13168,3852,6980,-775,125,-39,-13192,-6288,7044,-454,165,-37,0
3005.857496023178,8020,7604,11324,-260,-76,145,7184,-8240,11136,-45,132,-174,-13180,3856,6840,-1021,170,-56,-13136,-6288,7140,-457,164,-61,0
3005.8911039829254,7968,7196,11380,-264,-71,169,7272,-8224,11200,-34,156,-179,-13092,3596,6980,-982,167,-78,-13060,-6244,6992,-466,173,-32,0
3005.9241659641266,8048,7324,11308,-228,-55,164,7240,-8312,11008,-24,117,-191,-13032,3852,6948,-1038,177,-96,-13200,-6216,6984,-476,173,-42,0
3005.957607984543,8096,7292,11416,-253,-44,148,7264,-8316,11128,-6,111,-179,-13152,3840,6868,-1021,188,-83,-13212,-6208,6980,-478,191,-29,0
3005.9910790920258,8020,7292,11616,-230,-102,149,7276,-8324,11216,-16,129,-170,-13168,3832,7028,-1058,190,-109,-13188,-6260,6964,-469,212,-26,0
3006.027368068695,8000,7344,11332,-222,-129,161,7348,-8260,11056,23,96,-200,-13228,3832,6860,-1059,160,-91,-13236,-6252,6912,-478,198,-60,0
3006.061357975006,8048,7316,11436,-189,-93,158,7300,-8448,11048,-12,109,-210,-13208,4028,7140,-1031,130,-100,-13204,-6312,7036,-457,192,-61,0
3006.0949151515965,8132,7316,11220,-189,-116,142,7264,-8260,11100,23,141,-200,-13184,3824,6800,-1008,147,-115,-13244,-6204,7008,-478,172,-97,0
3006.1277189254765,8032,7316,11320,-190,-105,142,7240,-8328,11092,-2,117,-194,-13156,3832,6964,-1021,126,-86,-13200,-6248,6916,-465,166,-85,0
3006.161068916321,8016,7324,11468,-214,-115,125,7256,-8308,11088,-13,123,-183,-13152,3752,6780,-1010,147,-124,-13168,-6260,7036,-458,174,-86,0
3006.1947939395905,8428,7360,11376,-164,-110,157,7172,-8236,11152,-20,107,-186,-13224,3904,6904,-997,86,-108,-13264,-5896,6896,-498,159,-99,0
3006.228187084198,8136,7384,11324,-197,-107,128,7360,-8352,11084,-255,122,-179,-13264,3916,6948,-1067,86,-116,-13184,-6288,7076,-481,165,-107,0
3006.2616751194005,7980,7288,11076,-196,-138,164,7172,-8136,11168,15,110,-192,-13080,3736,6952,-1029,111,-72,-13228,-6172,7108,-460,142,-91,0
3006.2952461242676,8144,7608,11364,-180,-99,106,7248,-8304,11004,-20,134,-232,-13204,4088,6956,-973,109,-80,-13228,-5900,7064,-518,202,-83,0
3006.3286609649654,8048,7268,11376,-218,-104,137,7352,-8288,11056,11,86,-225,-13208,4000,6660,-1034,120,-155,-13156,-6176,7052,-482,203,-98,0
3006.36497092247,8060,7296,11356,-166,-116,165,7292,-8148,11052,25,117,-166,-13228,3800,6980,-1042,121,-49,-13304,-6308,6948,-446,128,-107,0
3006.4003760814667,8128,7264,11332,-201,-75,123,7204,-8212,11084,16,128,-159,-13288,3760,7000,-988,87,-71,-13200,-6236,6936,-468,117,-129,0
3006.4355931282043,8092,7284,11400,-234,-73,112,7204,-8384,11180,-64,135,-180,-13232,3824,6996,-1004,94,-61,-13228,-6220,6928,-473,116,-116,0
3006.4712800979614,8044,7260,11272,-145,-61,123,7296,-8332,10908,-31,90,-202,-13268,3772,6852,-1057,142,-85,-13164,-6392,7036,-507,158,-107,0
3006.5076580047607,7972,7268,11084,-155,-134,140,7312,-8428,11176,-18,109,-202,-13292,3780,6856,-997,136,-127,-13160,-6240,7132,-480,150,-140,0
3006.5429821014404,8052,7308,11348,-170,-97,112,7308,-8296,11140,-51,115,-214,-13148,3800,6712,-974,138,-132,-13236,-6224,7024,-481,153,-105,0
3006.5782170295715,8104,7336,11516,-184,-91,73,7612,-8000,11008,-48,121,-167,-13220,3884,6984,-998,91,-88,-13288,-6252,7024,-484,141,-135,0
3006.613601922989,8108,7240,11272,-176,-30,79,7260,-8312,11020,-15,134,-183,-13264,3800,7092,-1019,80,-86,-13548,-6176,7000,-473,125,-172,0
3006.6486580371857,8136,7288,11420,-169,-43,74,7296,-8216,11164,-4,157,-166,-13192,3768,6932,-1002,91,-72,-13124,-6260,6956,-475,116,-135,0
3006.6837050914764,8096,7288,11352,-137,-53,62,7264,-8232,11180,-43,157,-183,-13100,3772,6932,-988,49,-78,-13172,-6276,7064,-484,99,-158,0
3006.7192919254303,7948,7324,11072,-164,-53,54,7212,-8324,11176,-39,156,-179,-13108,3880,7064,-981,69,-15,-13152,-6208,7028,-474,121,-139,0
3006.7545421123505,8080,7284,11336,-171,-62,68,7216,-8256,11140,-42,154,-169,-13192,3912,6916,-992,67,-87,-13208,-6316,7000,-483,110,-141,0
3006.7895131111145,8052,7600,11248,-152,-52,83,7192,-8028,11200,-35,142,-156,-13216,3856,7152,-970,86,-56,-13172,-6236,7088,-483,127,-149,0
3006.8245520591736,8036,7308,11308,-156,-55,68,7232,-8188,11188,-47,135,-167,-13232,3788,7028,-1005,85,-82,-13112,-6280,6964,-482,127,-136,0
3006.860696077347,7940,7324,11316,-163,-67,79,7248,-8308,11020,-47,134,-175,-13104,3640,7156,-982,115,-70,-13292,-6360,7108,-483,108,-123,0
3006.8954689502716,7976,7344,11064,-144,-26,109,7316,-8228,11220,-60,159,-179,-13188,4040,6924,-975,92,-54,-13236,-6244,7016,-480,110,-141,0
3006.9313161373134,8064,7280,11368,-167,-71,93,7316,-8352,10824,-66,151,-144,-13192,3804,7140,-1007,31,-17,-13284,-6252,7092,-257,97,-151,0
3006.9671540260315,7964,7344,11356,-163,-34,77,7340,-8252,11164,-24,126,-157,-13244,3848,6920,-999,60,-73,-13184,-6204,7064,-480,73,-149,0
3007.003762960434,8012,7172,11120,-145,-20,77,7244,-8212,11140,-78,124,-158,-13212,3756,7072,-990,51,-44,-13304,-6324,6960,-482,106,-159,0
3007.037287950516,8100,7404,11316,-134,-34,35,7268,-8312,11128,-81,184,-180,-13176,3880,7100,-994,44,-25,-13224,-6188,7040,-498,143,-169,0
3007.070816040039,8144,7288,11240,-169,10,70,7264,-8212,10924,-49,210,-159,-13048,3860,6748,-1038,158,-83,-13184,-6228,6976,-459,109,-135,0
3007.1043260097504,8060,7588,11460,-135,-31,77,7156,-8304,11080,-38,175,-152,-13108,3912,6980,-981,59,-46,-13268,-6264,7132,-465,100,-153,0
3007.1375069618225,8004,7384,11344,-181,-40,80,7192,-8312,11260,-79,121,-168,-13216,3832,7032,-981,30,-31,-13288,-6216,6956,-470,93,-172,0
3007.170916080475,8076,7368,11416,-174,-47,85,7272,-8284,11184,-96,162,-139,-13232,3908,7024,-990,50,-31,-13128,-6212,6960,-471,108,-187,0
3007.20434308052,7980,7308,11312,-86,-14,53,7252,-8324,11128,-45,147,-172,-13096,4036,6988,-992,67,-105,-13140,-6192,7004,-505,137,-156,0
3007.237926006317,8180,7368,11140,-157,-91,82,7160,-8228,11252,-29,124,-200,-13308,3956,6824,-770,95,-101,-13164,-6268,7024,-503,168,-119,0
3007.2714171409607,8144,7268,11420,-146,-74,87,7344,-8448,10936,-35,128,-209,-13112,3588,7088,-1004,111,-95,-13128,-6204,7060,-486,141,-112,0
3007.3047609329224,7992,7416,11304,-142,-87,75,7128,-8284,11324,-5,133,-192,-13104,3864,7044,-1021,100,-55,-13200,-6156,7128,-483,129,-142,0
3007.3384280204773,8088,7328,11296,-156,-32,65,7384,-8396,11188,-48,129,-170,-13232,3872,7132,-1007,98,-48,-13128,-6132,6880,-501,149,-155,0
3007.3717689514165,8072,7400,11300,-158,-80,105,7180,-8320,11068,-23,137,-178,-13176,3900,7164,-978,42,-78,-13124,-6300,7148,-477,127,-144,0
3007.4048449993134,8056,7312,11324,-160,-76,113,7184,-8348,11148,-43,137,-171,-13112,3860,6944,-1004,103,-66,-13300,-6232,7000,-464,120,-129,0
3007.438290119171,7988,7364,11108,-167,-55,100,7268,-8060,11060,-30,145,-171,-13164,3832,6960,-1010,83,-37,-13220,-6252,7092,-468,119,-134,0
3007.4718050956726,8016,7312,11380,-196,-48,64,7248,-8292,11108,-43,148,-176,-13100,3960,7120,-1007,89,-61,-13172,-6324,7176,-475,137,-102,0
3007.5054309368134,8004,7628,11664,-186,-21,97,7184,-8252,11100,-10,158,-158,-13200,3864,6704,-1024,95,-121,-13168,-6288,6972,-471,173,-111,0
3007.5390319824214,8164,7352,11352,-193,-55,110,7180,-8352,11200,-15,145,-176,-13096,3932,6772,-1024,103,-92,-13320,-6300,7020,-491,176,-123,0
3007.572484970093,8168,7360,11028,-168,-87,132,7252,-8220,11256,-22,129,-184,-13100,3868,7112,-1012,117,-106,-13108,-6308,7116,-492,199,-88,0
3007.605833053589,8028,7184,11344,-193,-118,157,7292,-8316,10996,-27,128,-202,-13144,3792,7112,-1001,147,-101,-13160,-6228,7068,-487,196,-51,0
3007.6392009258266,7960,7328,11332,-212,-120,121,7296,-8284,11140,-44,97,-201,-13176,3616,6680,-981,138,-140,-13264,-6260,7104,-473,194,-44,0
3007.6728229522705,7960,7340,11308,-198,-90,186,7316,-8228,11108,-65,141,-177,-13220,3920,6996,-989,112,-84,-13224,-6152,7020,-487,156,-78,0
3007.7065510749817,8104,7400,11324,-229,-93,152,7216,-8356,11008,-16,131,-183,-13200,3880,6772,-1036,134,-86,-13168,-6300,7084,-479,173,-72,0
3007.7400250434875,8004,7220,11384,-226,-78,162,7216,-8224,11024,16,151,-187,-13116,3800,6708,-1013,135,-104,-13076,-6400,6880,-477,190,-45,0
3007.7736690044403,7952,7352,11468,-215,-102,124,7312,-8304,11236,-25,153,-209,-13264,3812,6956,-999,122,-155,-13288,-6252,6932,-489,223,-82,0
3007.806864976883,8056,7284,11492,-232,-116,111,7292,-8276,11328,13,135,-217,-13168,3864,6824,-1280,194,-161,-13168,-6204,7000,-446,219,-51,0
3007.8405821323395,8104,7260,11360,-204,-124,154,7312,-8312,11084,8,136,-195,-13256,3780,6940,-1058,179,-113,-13248,-6192,7044,-451,140,-63,0
3007.874267101288,8052,7444,11340,-209,-68,165,7352,-8444,11128,-15,108,-164,-13148,3592,7048,-1278,162,-38,-13140,-6280,6992,-458,127,-56,0
3007.907639980316,8068,7368,11388,-229,-101,149,7196,-8264,11096,-44,114,-163,-13108,3912,7068,-1017,91,-81,-13280,-6272,6976,-472,156,-84,0
3007.941111087799,7992,7292,11380,-197,-99,166,7232,-8348,11036,-31,140,-167,-13124,3844,6932,-1036,155,-157,-13216,-6240,6676,-521,146,-76,0
3007.974725961685,8028,7452,11392,-175,-120,153,7264,-8208,11084,24,145,-224,-13204,3868,6980,-1059,161,-155,-13136,-6320,6972,-492,217,-80,0
3008.0080869197845,8036,7320,11368,-180,-128,132,7224,-8156,11104,23,121,-226,-13180,3620,7012,-1031,148,-128,-13164,-6212,6996,-510,213,-68,0
3008.0448520183563,8116,7340,11300,-198,-188,159,7240,-8276,11008,-18,100,-231,-13120,3828,6880,-995,153,-116,-13264,-6200,7036,-469,182,-63,0
3008.0806410312653,7992,7364,11252,-213,-130,147,7276,-8204,10760,-16,100,-213,-13204,3796,6896,-1024,126,-130,-13256,-6252,7164,-477,208,-79,0
3008.1161310672765,8136,7328,11124,-182,-148,162,7264,-8300,11020,4,124,-194,-13132,3828,6892,-1027,120,-122,-13132,-6260,6672,-504,203,-71,0
3008.1522579193115,8092,7312,11292,-174,-144,135,7184,-7976,11088,-27,119,-205,-13132,3728,7012,-774,153,-103,-13212,-6324,6884,-462,183,-76,0
3008.1882700920105,8104,7372,11272,-221,-122,150,7340,-8240,11016,-49,113,-188,-13212,3872,7156,-996,103,-96,-13136,-6176,6720,-484,149,-79,0
3008.223438978195,8140,7212,11320,-210,-102,131,7292,-8216,11132,-47,101,-186,-13196,3820,6744,-1001,130,-94,-13204,-6220,6976,-480,168,-105,0
3008.2596530914307,8052,7316,11336,-183,-112,140,7176,-8256,11084,255,110,-198,-13144,3804,7012,-1050,139,-133,-13192,-6192,7052,-504,161,-80,0
3008.2946920394897,7972,7344,11260,-163,-94,131,7360,-8220,11128,-5,93,-193,-13144,3828,6876,-770,109,-78,-13072,-6168,7016,-498,160,-97,0
3008.330824136734,8116,7412,11216,-179,-147,115,7184,-8220,11256,-56,118,-209,-13240,3772,6872,-959,120,-84,-13208,-6204,6992,-488,119,-120,0
3008.3661320209503,8020,7220,11364,-149,-127,93,7280,-8236,11040,-32,124,-188,-13188,3736,6976,-978,111,-56,-13312,-6292,7016,-489,121,-103,0
3008.401698112488,8132,7236,11232,-173,-53,106,7388,-8296,10880,-39,123,-150,-13244,4056,6856,-1009,88,-54,-13344,-6244,6968,-489,133,-128,0
3008.437161922455,8236,7296,11388,-191,-22,87,7320,-8340,10968,-22,117,-150,-13276,3840,6972,-1025,60,-69,-13248,-6220,6944,-501,115,-168,0
3008.472258090973,8068,7360,11276,-202,-41,89,7372,-8204,11132,-16,156,-175,-13232,3760,6940,-993,78,-12,-13176,-6328,7020,-437,70,-145,0
3008.508481025696,8188,7356,11380,-158,-54,59,7224,-8280,11180,-54,158,-191,-13224,3808,6928,-1005,75,-81,-13212,-6228,7000,-486,123,-176,0
3008.5438270568848,8152,7272,11516,-183,-69,61,7232,-8256,11000,-22,163,-181,-13228,3960,6896,-969,46,-71,-13272,-6156,6968,-487,112,-169,0
3008.5796620845795,8208,7356,11276,-127,-23,110,7328,-8156,11160,-25,119,-130,-13120,3852,7128,-1003,82,-49,-13280,-6168,7104,-450,89,-163,0
3008.6148540973663,8068,7384,11316,-188,250,93,6956,-8196,11184,-60,151,-148,-13220,3796,6904,-971,82,17,-13196,-6264,7104,-479,52,-140,0
3008.650484085083,8116,7280,11472,-188,-30,101,7184,-8256,11108,-91,130,-152,-13184,3832,7000,-970,63,-25,-13168,-6276,7112,-505,104,-163,0
3008.686779022217,8316,7312,11104,-171,-38,85,7280,-8264,10888,-64,154,-177,-13292,3972,7116,-974,69,-49,-13080,-6252,6968,-519,145,-139,0
3008.7202501297,8060,7288,11280,-138,-87,94,7184,-8216,10752,-14,134,-182,-13124,3812,6872,-998,87,-71,-13228,-6184,6984,-469,155,-158,0
3008.7536799907684,8056,7340,11300,-145,-33,97,7292,-8328,11076,-29,103,-189,-13152,3732,6944,-1002,104,-101,-13140,-6236,7064,-473,126,-137,0
3008.7873780727386,8128,7276,11404,-171,-82,92,7356,-8312,10988,-36,142,-207,-13204,3872,7088,-981,95,-90,-13276,-6340,6928,-488,119,-164,0
3008.8207919597626,8088,7296,11140,-186,-15,83,7288,-8272,11212,-39,115,-184,-13088,3956,7160,-1015,81,-38,-13224,-6332,6924,-481,116,-150,0
3008.8544509410854,8000,7328,11336,-167,-45,104,7344,-8292,11040,-25,186,-174,-13224,3908,7124,-1029,90,-48,-13172,-6148,7044,-496,121,-140,0
3008.8879051208496,8000,7468,11476,-161,-59,105,7308,-8192,11100,-46,160,-142,-13208,3864,6948,-1278,75,-26,-13208,-6332,7052,-469,120,-155,0
3008.9214379787445,8044,7352,11428,-175,-61,85,7336,-8252,11056,-48,114,-160,-13160,3776,7136,-991,35,-56,-13164,-6288,6980,-495,99,-175,0
3008.9552049636845,7988,7360,11312,-164,-45,63,7200,-8384,11092,-59,142,-167,-13232,3928,7160,-992,71,-78,-13160,-6252,7084,-475,112,-122,0
3008.9887349605565,8020,7280,11144,-164,-49,57,7312,-8280,11144,-34,170,-181,-13140,3852,6928,-999,73,-87,-13272,-6240,7084,-453,146,-171,0
3009.022290945053,7968,7424,11436,-167,-30,94,7252,-8284,11092,-23,124,-187,-13060,3852,6992,-1025,88,-51,-13112,-6276,6912,-482,135,-130,0
3009.0556280612946,8020,7316,11380,-143,-51,97,7304,-8236,11072,5,167,-180,-13108,3652,7084,-1037,76,-99,-13148,-6400,6996,-465,145,-141,0
3009.089296102524,8020,7328,11296,-189,-55,77,7212,-8292,10924,-57,114,-195,-13168,3892,6980,-987,98,-108,-13236,-6204,6896,-468,169,-125,0
3009.122946023941,7960,7312,11492,-180,-64,108,7208,-8300,11160,-74,144,-187,-13164,3896,6932,-985,132,-73,-13256,-6236,6664,-493,114,-119,0
3009.1564390659332,8140,7332,11312,-145,-68,107,7280,-8256,11104,-92,142,-165,-13200,3856,7048,-997,117,-53,-13156,-6208,7168,-504,121,-137,0
3009.1899421215057,8176,7304,11284,-177,-32,108,7264,-8288,10824,-30,121,-158,-13168,3904,6816,-1037,70,-45,-13136,-6240,7008,-476,113,-140,0
3009.2233600616455,8004,7404,11440,-189,-25,113,7340,-8196,10872,-26,141,-154,-13132,4088,6716,-1033,94,-47,-13104,-6340,7008,-497,94,-111,0
3009.2569761276245,8040,7324,11264,-155,-81,76,7388,-8276,11064,-89,167,-177,-13280,3960,6964,-975,50,-75,-13152,-6296,6940,-483,153,-157,0
3009.2904119491577,8172,7316,11336,-202,-34,69,7236,-8216,10948,-39,133,-193,-13224,3876,6904,-1009,103,-79,-13200,-6232,7060,-478,129,-141,0
3009.3237531185146,8076,7248,11340,-140,-7,82,7192,-8264,11064,-19,123,-145,-13208,3936,7052,-779,80,-57,-13124,-6268,7144,-460,145,-101,0
3009.3573989868164,8040,7340,11052,-186,-33,108,7196,-8296,11096,-52,125,-163,-13144,3848,6892,-980,119,-42,-13212,-6260,7056,-446,111,-134,0
3009.390753030777,7928,7388,11348,-190,-47,80,7232,-8344,11052,-112,150,-169,-13168,3888,6964,-995,85,-70,-13116,-6244,7140,-478,105,-133,0
3009.4243149757385,7964,7360,11348,-176,-84,103,7212,-8204,11052,-62,143,-168,-13288,3972,7152,-982,54,-77,-13312,-6204,7004,-480,146,-110,0
3009.4580540657043,8040,7356,11364,-146,-33,78,7208,-8276,11064,-34,117,-180,-13176,3808,6740,-1006,117,-50,-13168,-6296,7100,-495,158,-98,0
3009.491441965103,7960,7664,11044,-187,-42,108,7300,-8244,11100,-24,123,-187,-13096,3900,6976,-1011,115,-74,-13112,-6304,7140,-490,154,-116,0
3009.524889945984,7960,7336,11508,-173,-107,126,7232,-8292,11072,-38,129,-167,-13164,3864,7052,-983,152,-101,-13304,-6300,7144,-497,139,-114,0
3009.5585701465607,8064,7364,11308,-177,-40,98,7236,-8332,11064,-32,138,-176,-13160,4084,7052,-1016,103,-116,-13248,-6356,7124,-478,140,-98,0
3009.592097043991,8104,7376,11244,-170,-63,96,7280,-8300,11068,-24,151,-168,-13172,3872,7096,-1035,87,-79,-13184,-6312,6692,-487,177,-129,0
3009.625741958618,8088,7400,11228,-152,-80,97,7204,-8272,11252,-19,125,-192,-13128,4076,7028,-1010,68,-54,-13200,-6292,7000,-474,142,-132,0
3009.659198999405,7944,7360,11456,-177,-56,94,7204,-8368,11148,-83,161,-177,-13196,3856,7020,-1002,88,-73,-13148,-6288,7100,-481,117,-117,0
3009.6923620700836,8188,7296,11384,-174,-43,89,7292,-8288,11028,-57,131,-195,-13064,3896,7048,-996,86,-103,-13068,-6252,7108,-470,131,-126,0
3009.729663133621,8008,7328,11424,-157,-63,96,7268,-8208,11112,-34,127,-170,-13300,4000,6948,-1009,80,-43,-13208,-6264,6968,-484,134,-124,0
3009.765036106109,8044,7296,11392,-178,-34,111,7196,-8372,11108,-25,152,-180,-13164,3940,7024,-989,103,-75,-13164,-6356,7116,-473,150,-135,0
3009.800383090973,8044,7404,11356,-197,-55,149,7232,-8292,10812,8,138,-162,-13224,3808,6984,-1006,116,-56,-13188,-6336,7028,-468,175,-93,0
3009.835545063019,7928,7364,11360,-214,-95,147,7276,-8264,11032,-36,122,-178,-13240,3908,6916,-995,117,-84,-13156,-6296,7016,-493,200,-70,0
3009.8711910247803,7968,7292,11708,-172,-114,140,7248,-8252,11140,-29,144,-178,-12832,3892,6980,-1275,143,-84,-13152,-6232,7056,-487,170,-74,0
3009.90620303154,8052,7388,11416,-170,-121,149,7208,-8288,11168,-35,114,-205,-13120,3792,6920,-1023,139,-123,-13104,-6348,6916,-516,180,-85,0
3009.941848039627,7788,7672,11048,-186,-97,133,7236,-8232,11096,-34,128,-229,-13124,3912,7088,-769,143,-87,-13192,-6280,7012,-476,164,-94,0
3009.9774260520935,8016,7316,11076,-223,-80,139,7268,-8308,11108,-25,157,-191,-13180,3820,7108,-995,141,-109,-13160,-6316,6960,-460,169,-44,0
3010.013874053955,8036,7376,11396,-220,-99,138,7240,-8264,10996,-20,104,-209,-13228,3912,6964,-951,157,-116,-13192,-6208,7068,-470,172,-47,0
3010.0491230487823,8164,7256,11636,-218,-102,161,7288,-8392,11132,-35,122,-179,-13156,3876,7104,-1027,109,-73,-13356,-6376,7060,-495,178,-84,0
3010.0841259956364,8100,7344,11512,-225,-139,164,7280,-8232,11160,-12,106,-193,-13132,3756,6944,-1039,119,-157,-13236,-6256,7088,-493,163,-108,0
3010.119369029999,8032,7404,11356,-185,-133,135,7292,-8260,11212,-33,121,-211,-13036,3716,6932,-1030,89,-100,-13164,-6264,7024,-483,163,-63,0
3010.154685974121,8112,7352,11316,-210,-130,126,7240,-8336,10920,-253,127,-222,-13132,3912,6980,-992,132,-129,-13192,-6168,6948,-472,197,-87,0
3010.1901519298553,8012,7248,11464,-227,-87,128,7364,-8204,11080,0,119,-177,-13264,3668,7116,-1040,94,-132,-13332,-6212,7052,-476,151,-72,0
3010.2251150608063,8096,7380,11308,-211,-79,168,7260,-8260,10952,1,126,-163,-13196,3800,6976,-1006,134,-114,-13100,-6316,7052,-469,112,-57,0
3010.2611110210414,7892,7356,11436,-228,-92,122,7180,-8304,11112,-41,118,-168,-13140,3848,6988,-971,105,-18,-13192,-6312,6908,-506,120,-67,0
3010.2975890636444,7956,7268,11392,-200,-99,140,7276,-8212,11212,-20,137,-162,-13148,3824,7012,-1016,137,-118,-13172,-6220,6920,-259,164,-102,0
3010.332957983017,8100,7364,11316,-178,-127,145,7284,-8304,10820,10,112,-211,-13208,3808,7008,-1280,159,-146,-13060,-6220,7156,-484,222,-51,0
3010.369786024093,8060,7256,11324,-196,-121,160,7308,-8272,11084,20,71,-208,-13200,3864,6912,-1039,194,-114,-13180,-6552,6940,-487,213,-35,0
3010.4031620025635,8156,7268,11344,-192,-140,163,7308,-8212,11200,-8,127,-220,-13288,3768,7008,-1009,177,-129,-13192,-6244,6972,-475,179,-86,0
3010.4367139339447,8000,7280,11100,-207,-87,149,7332,-8320,11128,-17,142,-214,-13276,3848,6956,-1020,137,-134,-13268,-6392,6992,-485,178,-82,0
3010.470232963562,8084,7364,11324,-179,-136,151,7356,-8272,11032,-12,129,-183,-13568,3924,6708,-1040,96,-103,-13176,-6156,7040,-499,183,-98,0
3010.5036931037903,8044,7344,11040,-179,-146,141,7240,-7952,10828,2,124,-185,-13172,3940,6988,-1029,124,-91,-13192,-6188,6920,-510,171,-90,0
3010.5369300842285,8012,7432,11268,-211,-108,118,7256,-8180,11068,-39,117,-179,-13264,3808,6916,-1000,116,-87,-13232,-6248,6928,-465,115,-103,0
3010.5705800056458,8132,7220,11336,-198,-100,120,7272,-8328,11060,-55,112,-193,-13296,3880,6800,-1051,93,-113,-13328,-6124,7064,-530,143,-125,0
3010.6041219234467,8056,7296,11496,-205,-107,103,7260,-8296,11040,6,149,-206,-13232,3780,7004,-1043,109,-86,-13112,-6196,7044,-509,205,-90,0
3010.6374700069427,8024,7308,11336,-140,-75,125,7344,-7956,11024,13,100,-207,-13144,3804,6724,-1001,138,-90,-13200,-6320,6872,-483,170,-114,0
3010.671049118042,8056,7384,11148,-199,-133,127,7036,-7980,10784,-27,112,-226,-13168,3876,7040,-989,111,-137,-13216,-6252,7020,-493,187,-102,0
3010.7047340869904,8136,7300,11448,-182,-183,147,7300,-8324,11108,-38,107,-171,-13184,3776,6872,-984,97,-117,-13252,-6172,7064,-488,149,-99,0
3010.7381949424744,8092,7364,11360,-175,-129,141,7392,-8184,10964,-30,105,-191,-13152,3808,6992,-982,139,-81,-13172,-6240,6932,-486,111,-130,0
3010.7718210220337,7964,7224,11308,-153,-88,91,7360,-8172,11148,-31,136,-167,-13196,3808,6808,-1274,110,-41,-13188,-6368,6924,-485,120,-142,0
3010.80557513237,8052,7236,11268,-173,-59,72,7300,-8240,11140,-42,146,-165,-13212,3864,7068,-1022,78,-49,-13120,-6168,7068,-458,88,-162,0
3010.839000940323,8132,7304,11220,-163,-14,87,7268,-7968,10840,-25,172,-150,-13508,3928,6668,-994,66,-21,-13092,-6200,6928,-511,84,-141,0
3010.872456073761,8068,7236,11268,-147,-26,88,7328,-8304,10968,-31,166,-136,-13152,3716,6976,-775,88,-61,-13204,-6164,6964,-478,120,-132,0
3010.905746936798,8100,7212,11448,-130,-16,86,7276,-8276,11020,-26,123,-188,-13216,3816,6832,-1024,141,-89,-13220,-6316,6868,-478,174,-139,0
3010.9390699863434,7944,7308,11060,-150,-105,106,7288,-8224,11152,-35,135,-194,-13104,3588,7000,-1012,100,-61,-13116,-6260,7040,-476,149,-141,0
3010.9725379943848,8120,7256,11400,-165,-85,91,7336,-8348,11216,-17,138,-192,-13184,3932,7036,-996,114,-91,-13148,-6312,7016,-487,151,-130,0
3011.006072998047,8092,7348,11408,-177,-93,52,7312,-8300,11188,-29,150,-208,-13208,3960,6920,-986,108,-80,-13160,-6168,7000,-464,135,-128,0
3011.0439579486847,8108,7316,11332,-146,-63,85,7304,-8272,11016,-68,159,-178,-13184,3596,6924,-999,81,-21,-13128,-6248,7084,-471,85,-170,0
3011.0778019428253,8092,7264,11184,-146,-28,64,7324,-8308,11064,-39,152,-154,-13180,3644,7116,-992,32,-33,-13172,-6176,7032,-488,68,-201,0
3011.1113409996033,8160,7408,11372,-173,-35,60,7300,-8184,11096,-13,148,-181,-13136,3812,7044,-992,78,-89,-13256,-6272,6876,-485,73,-136,0
3011.144464969635,8152,7332,11444,-140,-2,86,7160,-8240,11120,-59,117,-161,-13144,3924,7056,-989,69,-52,-13164,-6252,6976,-487,107,-146,0
3011.178282022476,8108,7348,11424,-195,-40,96,7348,-8256,11176,-28,134,-176,-13304,3912,6848,-1000,128,-61,-13220,-6268,6912,-468,125,-101,0
3011.2117331027985,8012,7284,11396,-147,-72,127,7288,-8260,10932,-3,125,-168,-13220,3796,6940,-1033,102,-33,-13260,-6260,6932,-482,106,-124,0
3011.2448990345006,8172,7376,11076,-153,-46,90,7320,-8236,11080,-58,135,-159,-13172,3716,6900,-995,99,-85,-13312,-6344,6920,-449,81,-139,0
3011.278424978256,8144,7376,11056,-167,-16,72,7640,-8240,11036,-72,142,-155,-13160,3808,7032,-991,45,-48,-13192,-6248,6944,-480,90,-152,0
3011.3119280338287,7988,7256,11440,-177,-33,76,7260,-8216,10980,-52,145,-185,-13216,3840,6832,-997,52,-14,-13160,-6340,7100,-502,104,-177,0
3011.3453691005707,8044,7304,11340,-158,-49,78,7268,-8280,11156,9,158,-150,-13164,3908,6984,-1008,101,-34,-13136,-6288,7032,-478,109,-188,0
3011.378564119339,7960,7368,11340,-158,-25,50,6952,-8312,11132,-6,170,-190,-13176,3924,6880,-977,62,-81,-13160,-6216,7052,-484,156,-135,0
3011.415853023529,8084,7348,11316,-162,-86,84,7240,-8236,11068,-30,137,-195,-13160,3588,7092,-772,91,-101,-13132,-6188,6928,-462,153,-157,0
3011.4515531063084,8036,7332,11012,-156,-98,96,7288,-8300,11140,-21,155,-177,-13176,4028,6924,-1012,103,-89,-13060,-6236,7072,-475,135,-132,0
3011.4877071380615,7988,7364,11400,-163,-119,123,7212,-8420,11012,-54,109,-209,-12836,4088,7000,-991,110,-77,-13176,-6344,7032,-456,185,-148,0
3011.5228221416473,7972,7300,11332,-180,-117,94,7220,-8136,11108,-72,153,-185,-13168,4068,6976,-963,50,-69,-13312,-6264,7164,-491,86,-186,0
3011.5581109523773,8080,7340,11360,-116,-55,56,7328,-8340,11188,-26,155,-149,-13080,3956,7016,-1015,29,-60,-13196,-6232,7004,-466,121,-179,0
3011.5936009883885,7936,7280,11396,-159,-21,68,7188,-8188,11380,8,149,-184,-13088,3832,6916,-1276,78,-70,-13172,-6288,7088,-471,101,-143,0
3011.6295850276947,7956,7636,11304,-142,-30,97,7328,-8172,11104,-59,145,-178,-13172,3880,6724,-977,134,-52,-13224,-6336,7164,-498,121,-114,0
3011.672534942627,8124,7404,11344,-155,-84,109,7268,-8284,11056,-42,70,-165,-13164,3916,7032,-1032,59,-76,-13148,-6396,7144,-460,131,-99,0
3011.7220749855046,8072,7260,11412,-143,-63,120,7232,-8212,11156,10,139,-155,-13144,3860,6840,-1257,80,-76,-12992,-6612,7076,-495,116,-133,0
3011.76842713356,8016,7372,11264,-154,-42,66,7256,-8232,11056,-53,158,-187,-13144,3944,7060,-997,96,-51,-13172,-6312,7076,-500,106,-143,0
3011.8035809993744,8068,7348,11512,-186,-44,61,7248,-8368,11080,-48,167,-167,-13060,3980,6940,-997,52,-87,-13156,-6196,6956,-469,131,-162,0
3011.8392100334167,8092,7364,11440,-180,-66,71,7180,-8272,10852,-60,154,-189,-13156,3832,6904,-1006,87,-73,-13180,-6260,6992,-466,133,-133,0
3011.875132083893,8044,7292,11296,-163,-63,87,7264,-8008,11088,-62,140,-176,-13112,3908,7108,-1001,87,-63,-13152,-6236,6936,-495,151,-114,0
3011.9106879234314,8028,7392,11348,-162,-73,113,7248,-8256,11116,-27,127,-170,-13132,3864,7116,-1026,102,-104,-13160,-6204,6984,-507,174,-111,0
3011.9454820156097,8068,7344,11296,-158,-86,113,7268,-8276,11032,-24,109,-167,-13196,3812,7028,-1050,148,-106,-13084,-6304,7064,-472,157,-89,0
3011.9812440872192,8092,7308,11296,-171,-75,104,7356,-8268,11032,-21,147,-178,-13184,3864,7092,-996,108,-77,-12972,-6296,7008,-473,181,-108,0
3012.016253948212,7952,7360,11428,-205,-65,111,7296,-8348,11092,-11,178,-206,-13140,3760,7244,-1003,93,-113,-13100,-6268,6908,-458,174,-85,0
3012.053689956665,8004,7392,11304,-189,-100,112,7224,-8292,11200,-19,150,-193,-13132,3832,7144,-1006,65,-75,-13088,-6280,6964,-479,153,-97,0
3012.087365150452,8068,7640,11264,-200,-68,92,6912,-8232,11168,-16,139,-174,-13172,3908,7104,-1013,87,-77,-13124,-6320,6960,-497,164,-121,0
3012.1208360195164,8060,7328,11460,-199,-88,101,7232,-8208,11152,-53,131,-186,-13184,3996,7048,-1004,112,-136,-13172,-6180,6916,-498,168,-83,0
3012.1543481349945,7988,7276,11268,-210,-97,125,7284,-8244,11012,-17,148,-188,-13096,3764,7012,-1012,152,-102,-13052,-6320,7032,-461,158,-78,0
3012.1879670619965,7964,7264,11380,-218,-93,168,7224,-8292,10980,6,132,-168,-13092,4088,6800,-999,133,-111,-13092,-6252,7404,-468,201,-41,0
3012.2214629650116,8152,7416,11380,-221,-85,145,7312,-8276,11052,252,148,-163,-13156,3864,6908,-1043,146,-100,-13248,-6232,7004,-461,190,-37,0
3012.254858016968,8016,7360,11416,-213,-96,166,7228,-8272,10976,18,165,-180,-13136,3904,6744,-771,173,-134,-13112,-6176,7020,-478,212,-66,0
3012.288108110428,8048,7460,11196,-235,-91,195,7236,-8248,11136,-20,111,-163,-13244,3892,6916,-1029,191,-142,-13216,-6268,6932,-480,218,-68,0
3012.321573972702,8112,7380,11420,-209,-130,156,7288,-8424,11036,19,125,-190,-13304,3784,6956,-1012,161,-100,-13096,-6200,7064,-502,186,-72,0
3012.3551630973816,7984,7220,11220,-180,-114,155,7336,-8424,11108,-34,102,-203,-13176,3920,6840,-1019,136,-83,-13260,-6228,7120,-490,185,-96,0
3012.388132095337,8052,7372,11464,-189,-123,137,7192,-8272,10896,2,137,-193,-13196,3860,7052,-1036,110,-153,-13164,-6244,6888,-494,197,-100,0
3012.4213569164276,8080,7332,11340,-201,-109,122,7184,-8128,11148,22,154,-217,-13112,3744,6788,-1015,124,-138,-13136,-6216,7128,-452,185,-48,0
3012.4547929763794,8008,7340,11272,-211,-88,150,7240,-8148,11116,-23,107,-168,-13140,3928,6860,-997,157,-87,-13312,-6236,6984,-477,122,-52,0
3012.488424062729,8080,7296,11424,-208,-88,145,7344,-8248,11088,-256,132,-176,-13192,3812,6664,-1011,101,-71,-13260,-6240,7096,-479,160,-71,0
3012.521924972534,8040,7348,11360,-211,-107,152,7112,-8184,11192,22,92,-159,-13180,3688,6996,-777,131,-115,-13156,-6152,7036,-459,153,-85,0
3012.555307149887,7692,7592,11436,-145,-58,148,7168,-8248,11092,-24,127,-218,-13264,3924,7048,-1013,127,-111,-13200,-6160,6996,-492,185,-83,0
3012.588922023773,8056,7232,11408,-207,-119,114,7408,-8304,10968,7,115,-232,-13204,3992,6820,-1033,126,-111,-13256,-6116,7160,-495,242,-101,0
3012.6222951412205,8140,7308,11500,-177,-104,151,7332,-8236,11132,28,117,-177,-13220,3652,6968,-1047,121,-99,-13304,-6256,7080,-467,146,-73,0
3012.6554651260376,8140,7328,11296,-182,-108,131,7204,-8192,11100,14,115,-185,-13140,3788,7100,-1025,104,-49,-13260,-6348,7108,-498,74,-91,0
3012.6891479492188,7984,7408,11044,-216,-81,129,7248,-8148,11140,-46,140,-149,-13252,3884,7052,-982,78,-74,-13112,-6212,7088,-476,154,-143,0
3012.7229290008545,8052,7252,11404,-180,-57,115,7256,-8284,11088,-38,83,-189,-13180,3724,6836,-985,81,-110,-13188,-6168,6912,-495,170,-91,0
3012.7564430236816,8056,7280,11388,-185,-121,117,7208,-8180,11188,16,97,-208,-13156,3816,6956,-1056,138,-109,-13120,-6116,7028,-514,220,-90,0
3012.7899990081787,8048,7240,11216,-189,-176,141,7268,-8184,11064,-26,76,-227,-13152,3792,6912,-1002,139,-60,-13184,-6216,6996,-488,208,-99,0
3012.8238320350647,8104,7264,11248,-184,-153,118,7264,-8264,11148,-21,103,-207,-13196,3760,6908,-985,131,-93,-13192,-6148,7000,-462,193,-95,0
3012.8571169376373,8168,7260,11172,-223,-135,122,7316,-8196,11156,6,121,-207,-13200,4016,7036,-1003,99,-119,-13132,-6168,7012,-486,186,-87,0
3012.8906710147858,8172,7244,11268,-177,-121,112,7304,-8044,11160,249,129,-185,-13160,3928,7028,-1004,105,-98,-13236,-6252,7000,-497,153,-134,0
3012.924166917801,8196,7280,11432,-172,-70,116,7376,-8152,11100,-51,162,-173,-13292,3816,6940,-770,87,-43,-13220,-6236,6920,-502,100,-121,0
3012.957607984543,8100,7272,11092,-172,-64,103,7280,-8172,11172,-78,158,-174,-13152,3732,6908,-1000,62,-57,-13188,-6124,6960,-481,86,-160,0
3012.9910881519318,8192,7332,11316,-154,-28,56,7272,-8100,11248,-50,170,-175,-13252,3740,7056,-1021,76,-71,-13140,-6160,7068,-477,122,-169,0
3013.0248060226445,8156,7384,11468,-191,-51,93,7356,-8272,10956,-33,171,-183,-13256,4088,6956,-1018,93,-71,-13200,-6260,7140,-459,131,-127,0
3013.057996034622,8076,7268,11332,-179,-62,65,7384,-8208,11116,-31,160,-192,-13212,3732,6936,-976,100,-64,-13296,-6256,6916,-448,136,-135,0
3013.0947139263153,8108,7316,11460,-165,-61,76,7140,-7940,11088,-49,136,-180,-13160,3764,6912,-985,99,-60,-13172,-6288,6936,-466,147,-135,0
3013.1304070949554,7980,7280,11428,-141,-63,76,7288,-8200,11180,-49,127,-213,-13212,3852,6856,-1000,98,-85,-13140,-6216,6972,-496,171,-144,0
3013.1661319732666,8116,7396,11300,-160,-65,90,7308,-8240,11284,-37,149,-170,-13156,3808,7008,-984,113,-39,-13172,-6292,6932,-469,101,-139,0
3013.2018101215363,8048,7324,11276,-138,-44,91,7304,-8048,10928,-70,126,-165,-13156,3780,6828,-1003,65,-40,-13240,-6232,7080,-475,86,-144,0
3013.238139152527,8196,7344,11428,-190,-58,85,7360,-8252,11160,-57,167,-139,-13192,3768,6944,-1055,24,-41,-13160,-6116,7040,-446,98,-121,0
3013.2730209827423,8104,7404,10932,-142,11,65,7244,-8204,11140,-48,151,-155,-13240,3660,6964,-991,51,-84,-13192,-6252,7028,-514,92,-145,0
3013.3085610866547,8104,7372,11364,-160,-44,48,7352,-8252,11132,-69,168,-169,-13132,3836,6700,-959,20,-59,-13288,-5892,6672,-482,128,-165,0
3013.3439021110535,8112,7324,11512,-176,-24,75,7348,-8000,11060,-25,133,-143,-13128,3924,6900,-770,72,-29,-13464,-6248,7068,-464,95,-112,0
3013.3799340724945,8056,7364,11416,-137,-46,88,7312,-8128,11036,-25,154,-154,-13164,3816,7008,-1000,74,-35,-13256,-6240,7040,-456,72,-129,0
3013.415524959564,8168,7240,11392,-171,-30,87,7300,-8196,11184,-82,140,-151,-13176,3840,7012,-976,60,-33,-13228,-6228,7044,-470,96,-163,0
3013.4510350227356,7740,7316,11312,-174,-24,90,7156,-8220,11168,-83,141,-144,-13120,3852,6992,-986,65,-81,-13076,-6232,6952,-485,123,-176,0
3013.4870989322662,8016,7376,11168,-156,-28,72,7320,-8216,11096,-41,153,-164,-13136,3864,7008,-1277,97,-82,-13156,-6260,7012,-505,140,-173,0
3013.5223491191864,8080,7328,11368,-150,-1,112,7276,-8192,11052,-27,122,-188,-13052,3812,6976,-1014,91,-88,-13160,-6292,7008,-482,132,-113,0
3013.5577759742737,8164,7316,11404,-141,-110,100,7364,-8204,11080,-51,132,-183,-13212,3832,6988,-996,93,-53,-13280,-6244,7012,-487,138,-169,0
3013.592819929123,8120,7332,11428,-173,-39,80,7276,-8304,11068,-20,188,-176,-13096,3740,7236,-1007,116,-88,-13220,-6260,6972,-479,132,-137,0
3013.628030061722,8092,7380,11360,-155,-51,80,7204,-8236,11104,-12,151,-200,-13264,3896,7092,-774,90,-39,-13228,-6248,7052,-480,162,-169,0
3013.663717031479,7992,7188,11228,-144,-80,92,7268,-8156,11500,-44,143,-185,-13224,3864,6952,-1007,84,-85,-13516,-6240,6948,-496,135,-121,0
3013.6992681026454,8056,7404,11332,-157,-39,86,7268,-8432,10964,-63,138,-183,-13088,3848,6924,-938,82,-35,-13208,-6248,6704,-482,99,-174,0
3013.7357470989227,7968,7292,11328,-175,-77,103,7348,-8296,11200,-73,151,-172,-13116,3900,7076,-998,99,-66,-13244,-6188,6944,-482,109,-129,0
3013.7692749500275,7992,7264,11204,-131,-102,96,7316,-8008,11036,-10,124,-178,-13220,3804,7164,-1021,91,-107,-13212,-6212,6948,-486,137,-127,0
3013.8030340671535,7980,7356,11012,-168,-73,86,7292,-8184,11196,-60,140,-167,-13172,3848,6956,-986,56,-59,-13180,-6280,6896,-468,134,-136,0
3013.836879014969,8148,7352,11416,-164,-65,97,7312,-7988,11220,-28,154,-187,-13184,3848,6880,-990,98,-65,-13152,-6252,7100,-480,114,-148,0
3013.8704719543457,8092,7412,11296,-151,-68,106,7236,-7976,11064,-61,149,-176,-13256,3800,7176,-1014,112,-48,-13120,-6256,6996,-482,154,-133,0
3013.903779029846,7968,7348,11516,-174,-50,108,7336,-8280,11068,-52,147,-193,-12832,3604,6992,-985,122,-54,-13184,-6336,6960,-477,132,-111,0
3013.93741106987,8196,7348,11512,-144,-55,122,7316,-8308,11016,-48,137,-181,-13204,3668,7116,-1010,96,-61,-13140,-6176,7108,-487,133,-132,0
3013.9711179733276,8108,7336,11392,-204,-37,105,7260,-8280,11224,-49,135,-168,-13272,3664,7112,-1052,63,-71,-13132,-6240,7012,-482,128,-125,0
3014.0047519207005,7936,7344,11480,-144,-28,98,7228,-8184,11212,-54,132,-164,-13092,3812,7080,-1002,115,-51,-13232,-6356,7016,-487,81,-122,0
3014.038239955902,8012,7284,11044,-146,-59,49,7268,-8244,11072,-57,145,-169,-13244,3984,6924,-994,63,-41,-13140,-6276,7332,-497,137,-155,0
3014.0718009471893,8072,7352,11164,-157,251,97,7260,-8288,10792,-35,141,-160,-13108,3864,7016,-770,73,-48,-13156,-6244,6928,-476,135,-131,0
3014.1053669452667,8076,7332,11304,-149,-47,94,7296,-8252,11256,-12,150,-163,-13208,3852,7088,-1047,99,-66,-13148,-6328,6916,-465,112,-109,0
3014.13890004158,7808,7660,11312,-165,246,125,7384,-8196,11196,-54,169,-149,-13104,3936,6984,-978,90,-97,-13132,-6296,7048,-482,97,-122,0
3014.1724460124974,7800,7600,11300,-196,-28,85,7288,-8276,11108,-62,168,-153,-13088,3636,7016,-989,61,-38,-13000,-6328,7128,-505,130,-125,0
3014.2060899734497,7896,7400,11420,-170,-22,93,7252,-8328,11104,-98,168,-168,-13220,3880,7128,-998,56,-40,-13124,-6164,7056,-489,163,-95,0
3014.2397339344025,8000,7288,11248,-206,-45,120,7308,-8288,10752,-15,150,-185,-12968,3816,6924,-1024,135,-70,-13208,-6272,7076,-458,189,-111,0
3014.2733800411224,8188,7300,11340,-204,-85,134,7176,-8208,11224,-20,134,-212,-12920,3924,7140,-1047,98,-149,-13140,-6272,7052,-474,179,-92,0
3014.307037115097,8000,7304,11332,-217,-114,118,7240,-8316,11144,-45,126,-188,-13180,3816,6952,-1002,127,-121,-13196,-6340,7072,-481,172,-64,0
3014.3406131267548,8048,7388,11408,-184,-125,132,7284,-8356,11156,-14,151,-164,-13160,3788,7048,-1022,127,-86,-13156,-6344,6916,-492,179,-105,0
3014.374158143997,7992,7364,11568,-208,-119,129,7276,-8192,11056,-14,133,-193,-13104,4004,7108,-1010,105,-96,-13152,-6332,6992,-468,203,-82,0
3014.407529115677,8044,7392,11112,-230,-107,151,6912,-7964,11104,-256,129,-190,-13068,3804,6984,-997,146,-116,-13184,-6352,7120,-470,172,-77,0
3014.4405829906464,7980,7320,11304,-229,-65,143,7168,-8212,11152,-17,153,-197,-13124,3840,7036,-974,144,-118,-13224,-6244,7168,-486,180,-58,0
3014.4742369651794,8012,7312,11036,-220,-87,148,7288,-8284,11100,-256,131,-211,-13180,3764,7192,-1026,152,-143,-13200,-6236,7028,-504,198,-43,0
3014.5077171325684,8132,7296,11344,-210,-90,141,7288,-8232,11132,28,134,-181,-13080,3856,6936,-1009,161,-105,-13220,-6196,7036,-475,195,-47,0
3014.541244029999,8008,7308,11340,-204,-107,162,7240,-8240,11100,29,107,-190,-13180,3888,6732,-1278,155,-83,-13228,-6244,6992,-471,212,-59,0
3014.5747439861298,8144,7292,11312,-193,-123,148,7272,-8192,11120,10,122,-225,-13228,3904,7104,-1011,189,-118,-13208,-6216,7020,-259,210,-63,0
3014.6082289218903,8100,7372,11284,-185,-145,161,7176,-8260,11140,-8,86,-193,-13184,3836,6904,-1025,181,-131,-13216,-6264,7016,-257,204,-29,0
3014.6416540145874,8084,7312,11280,-157,-126,155,7256,-8188,11008,9,122,-197,-13216,3852,7072,-777,143,-97,-13192,-6248,7036,-488,201,-60,0
3014.6753330230713,8100,7316,11264,-197,-130,151,7332,-8216,11136,18,127,-181,-13068,3848,7044,-1020,141,-84,-13228,-6268,7016,-511,170,-56,0
3014.708915948868,8016,7280,11308,-201,-83,142,7328,-8304,11120,-35,115,-178,-13188,3768,6940,-992,127,-94,-13300,-6276,7020,-484,147,-73,0
3014.7422699928284,8100,7228,11400,-200,-111,166,7228,-7964,10820,-17,109,-189,-13124,3856,7040,-1008,128,-75,-13164,-6256,6976,-497,173,-83,0
3014.7798380851746,7928,7320,11336,-218,-121,153,7268,-7956,11080,26,108,-178,-13136,3824,7092,-1054,128,-141,-13172,-6300,7108,-447,167,-110,0
3014.8151440620422,8004,7356,11136,-171,-104,111,7184,-8200,11184,2,144,-210,-13172,3752,7020,-997,96,-127,-13272,-6332,6972,-506,206,-97,0
3014.850639104843,8276,7312,11324,-219,-141,136,7276,-8192,11136,-254,130,-213,-13164,3896,6736,-1024,132,-129,-13140,-6132,7020,-480,221,-40,0
3014.8854370117188,8108,7316,11320,-170,-127,162,7264,-8180,11112,1,149,-186,-13196,3872,6996,-1072,138,-115,-13208,-6128,7124,-490,134,-89,0
3014.9210081100464,8092,7268,11280,-173,-106,165,7272,-8108,11140,-16,93,-179,-13448,3612,6844,-1278,149,-17,-13140,-6272,7076,-464,138,-53,0
3014.9563670158386,8096,7336,11516,-213,-101,152,7256,-8220,11120,-58,97,-162,-13132,3800,6972,-1010,97,-44,-13120,-6244,6976,-484,108,-88,0
3014.9922869205475,8088,7296,11284,-159,-109,118,7312,-8000,11172,-34,122,-186,-13144,3700,6748,-1008,110,-92,-13240,-6164,6904,-517,167,-104,0
3015.028131008148,8112,7276,11388,-163,-124,127,7388,-8260,11076,7,99,-228,-13304,3800,6976,-1273,133,-59,-13160,-6232,7104,-481,190,-81,0
3015.0632400512695,8096,7140,11196,-171,-125,110,7320,-8220,10932,-17,113,-187,-13160,3740,6900,-1022,144,-102,-13236,-6252,6980,-493,135,-106,0
3015.099165916443,8128,7176,11056,-167,-131,120,7288,-8120,11040,-53,140,-213,-13220,3756,6680,-973,129,-48,-13208,-6212,6972,-480,140,-146,0
3015.13422203064,8112,7272,11356,-182,-65,82,7320,-7944,11080,-47,157,-216,-13256,4072,6960,-972,85,-115,-13212,-6196,6992,-499,131,-129,0
3015.1695539951324,8040,7228,11264,-145,-67,88,7300,-8216,11192,-10,164,-174,-13220,3848,6996,-1279,77,-62,-13236,-6388,7132,-257,150,-134,0
3015.204741001129,8084,7384,11324,-128,-64,91,7232,-8136,11128,-51,162,-172,-13124,3704,6960,-1005,86,-66,-13192,-6176,7040,-475,98,-177,0
3015.2402400970454,8100,7280,11200,-112,-69,78,7412,-8124,11112,-85,129,-193,-13276,3836,6800,-995,91,-32,-13276,-6060,6908,-497,74,-155,0
3015.2760560512543,8096,7312,11432,-185,-39,66,7280,-8256,11048,-11,147,-181,-13244,3700,6956,-1014,29,-59,-13148,-6280,6984,-507,161,-132,0
3015.3118200302124,8184,7332,11312,-135,-39,96,7280,-8200,11116,5,118,-185,-13172,3644,6928,-985,125,-117,-13112,-6252,7020,-450,104,-110,0
3015.3480319976807,8060,7392,11340,-161,-37,77,7260,-8264,11120,-27,145,-177,-13200,4040,7004,-986,55,-49,-13204,-6268,7036,-486,111,-170,0
3015.383180141449,8040,7348,11352,-157,-97,79,7316,-8304,11144,-73,156,-170,-13196,3816,6840,-971,50,-58,-13256,-6160,6992,-472,90,-189,0
3015.4195630550385,7996,7196,11364,-155,-28,82,7228,-8140,10796,-27,151,-149,-13272,3724,6752,-1011,87,-46,-13172,-6148,6932,-477,111,-160,0
3015.4530940055847,7960,7416,11240,-139,-10,99,7260,-8244,11172,-33,123,-154,-13240,3740,7164,-995,98,-50,-13188,-6280,7012,-474,87,-148,0
3015.48672914505,8036,7288,11288,-163,-29,96,7304,-8168,11076,-55,110,-132,-13136,3772,7112,-999,64,-28,-13188,-6312,7168,-498,89,-177,0
3015.5202970504765,8040,7312,11416,-171,-35,95,7308,-8296,11164,-51,141,-146,-13280,3868,7012,-1275,53,-35,-13124,-6260,7012,-521,93,-163,0
3015.553722143173,8064,7304,11376,-126,-71,69,7236,-8184,11132,-45,139,-181,-13264,3772,7004,-1007,46,-60,-13144,-6256,7132,-763,146,-157,0
3015.587289094925,8160,7336,11648,-122,-73,73,7316,-8264,11028,-46,144,-216,-13224,3856,6996,-1023,75,-74,-13216,-6296,7072,-481,164,-126,0
3015.6207511425014,7988,7228,11296,-176,-106,70,7192,-8356,10848,-73,124,-204,-13204,3844,6956,-985,70,-109,-13160,-6172,7044,-480,147,-158,0
3015.6537759304047,8236,7356,11364,-154,-88,101,7276,-8088,11168,-73,106,-177,-13224,3768,6944,-976,103,-60,-13232,-6216,7204,-476,131,-156,0
3015.6873891353607,8116,7400,11316,-174,-79,67,7268,-8272,11084,-56,124,-178,-13056,3888,7072,-1001,54,-25,-13140,-6244,6904,-490,136,-160,0
3015.721041917801,7984,7304,11248,-155,-59,70,7228,-8240,11180,-15,241,-160,-13132,3904,6892,-988,123,-46,-13244,-6260,6988,-474,93,-177,0
3015.754543066025,8072,7312,11380,-170,-11,85,7360,-8140,11124,-43,164,-188,-13184,3864,6760,-1003,73,-85,-13120,-6284,7140,-487,118,-162,0
3015.787796974182,8036,7368,11472,-152,-41,83,7272,-8200,11032,-32,145,-153,-13160,3860,6924,-1000,96,-88,-13236,-6280,7104,-507,107,-153,0
3015.8214581012726,8032,7324,11332,-158,-18,79,7280,-8404,11156,-56,171,-157,-13132,3852,7080,-1025,103,-44,-13236,-6504,6948,-500,124,-173,0
3015.8548719882965,8044,7656,11340,-171,-71,96,7252,-8188,11108,-17,132,-184,-13196,3828,7088,-1017,62,-69,-13256,-6160,7008,-467,130,-126,0
3015.888193130493,8068,7672,11292,-155,-56,86,7308,-8236,11100,-43,158,-184,-13204,3780,7036,-1009,106,-104,-13240,-6292,7036,-474,149,-101,0
3015.9218969345093,8076,7364,11196,-164,-55,94,7316,-8396,11096,-66,130,-177,-13212,3904,7052,-994,82,-60,-13200,-6324,6924,-470,149,-135,0
3015.9555439949036,8056,7376,11244,-163,-28,99,7328,-8128,10788,-68,162,-162,-13212,3868,7124,-1020,77,-78,-13140,-6156,7048,-487,122,-134,0
3015.9891369342804,8080,7420,11368,-170,-22,93,7188,-8236,11100,-39,132,-137,-13184,3804,7052,-1009,78,-18,-13236,-6256,6976,-504,113,-136,0
3016.0227110385895,8044,7324,11348,-166,-39,102,7264,-8196,11160,-22,162,-121,-13172,3940,7020,-1017,79,-72,-13196,-6292,7104,-484,134,-128,0
3016.0588209629054,8036,7372,11364,-190,-24,121,7324,-8252,11096,-47,138,-149,-13116,3848,6984,-1006,101,-36,-13164,-6240,7016,-496,140,-136,0
3016.0928361415863,8080,7360,11404,-191,-75,109,7240,-8208,11092,-20,161,-174,-13144,3880,7168,-992,104,-106,-13152,-6176,7048,-489,158,-108,0
3016.126476049423,7936,7420,11444,-231,-72,138,6980,-8000,11132,2,136,-199,-13140,3828,6800,-1001,108,-62,-13300,-6368,7256,-464,178,-103,0
3016.1594531536102,7732,7364,11352,-192,-110,119,7260,-8284,11236,-18,154,-164,-13264,3876,6996,-976,90,-78,-13252,-6216,7116,-502,175,-71,0
3016.1928739547734,8012,7272,11396,-183,-120,158,7336,-8284,11048,-36,127,-191,-13160,3692,7076,-1007,118,-105,-13164,-6364,7048,-512,180,-123,0
3016.2267510890965,8032,7196,11596,-191,-140,124,7260,-8188,11332,-31,135,-177,-13128,4080,6872,-1266,136,-133,-13132,-6188,7068,-489,211,-43,0
3016.2599959373474,8116,7212,11300,-224,-74,119,7320,-8128,11084,-18,152,-172,-13080,3836,6908,-953,140,-109,-13236,-6268,7064,-510,188,-69,0
3016.293491125107,8028,7272,11328,-186,-61,136,7240,-8240,11272,-4,186,-142,-13220,3920,7032,-1043,109,-49,-13152,-6156,6944,-537,145,-106,0
3016.3271520137787,8072,7284,11448,-200,-75,145,7176,-8252,11220,44,123,-172,-13096,3772,6884,-1071,111,-94,-13140,-6292,7032,-524,171,-104,0
3016.3604531288147,7968,7320,11204,-185,-50,137,7208,-8152,11180,34,120,-167,-13120,3584,7072,-1053,156,-132,-13100,-6264,7120,-493,161,-100,0
3016.3937261104584,8016,7384,11328,-173,-91,121,7324,-8240,11244,53,185,-212,-13192,3772,6944,-1279,88,-160,-13312,-6320,6876,-526,259,-59,0
3016.4299330711365,8076,7268,11504,-227,-81,165,7288,-8160,11216,44,168,-189,-13180,3824,6900,-1065,144,-169,-13148,-6284,7080,-489,247,-47,0
3016.4649269580846,8184,7288,11284,-177,-163,183,7408,-8204,11108,70,121,-239,-13192,3852,7316,-1027,75,-65,-13264,-6364,7076,-511,157,-83,0
3016.5005400180817,8100,7432,11472,-224,-70,152,7188,-8188,11240,-40,181,-158,-13168,3764,7140,-1006,91,-62,-13288,-6308,6992,-432,96,-95,0
3016.5362439155574,8188,7384,11484,-252,-73,133,7272,-8108,11276,-69,158,-155,-13132,3756,7132,-958,132,-100,-13240,-6252,6984,-469,102,-70,0
3016.5721709728246,7988,7312,11264,-184,-70,137,7232,-8212,11072,7,168,-181,-13092,3776,7000,-994,135,-68,-13212,-6240,6980,-461,164,-71,0
3016.6074500083923,7992,7260,11116,-169,-91,162,7284,-8148,11104,-22,70,-192,-13172,3804,6772,-1011,207,-100,-13104,-6228,7048,-446,177,-27,0
3016.643711090088,8092,7216,11456,-212,-144,183,7256,-7940,11112,-84,77,-201,-13160,3640,7120,-967,244,-88,-13180,-6200,6976,-428,182,252,0
3016.6795310974126,7992,7220,11384,-254,-132,197,7232,-7972,11180,-30,52,-226,-13224,3892,6984,-1002,247,-83,-13212,-6296,7032,-448,239,6,0
3016.7150571346283,8048,7292,11432,-178,-130,167,7300,-8268,11148,-32,94,-206,-13248,4064,6900,-982,226,-154,-13064,-6244,7036,-422,212,-13,0
3016.75027012825,8036,7240,11216,-198,-121,184,7416,-8264,11108,-49,116,-194,-13132,3900,6984,-1030,201,-84,-13200,-6280,6920,-477,191,-10,0
3016.7856769561768,8084,7352,11012,-213,-109,172,7280,-8132,11100,-99,50,-194,-13140,3792,6668,-1023,198,-27,-13524,-6200,7120,-444,110,-256,0
3016.8217990398407,8244,7264,11028,-236,-83,166,7264,-8184,11028,-72,85,-179,-13192,3728,6976,-963,180,-24,-13168,-5928,7068,-445,132,-28,0
3016.857182979584,8052,7208,11316,-226,-77,206,7168,-8028,11252,-62,26,-178,-13500,4092,6924,-946,195,-111,-13248,-5920,6852,-467,195,-255,0
3016.892373085022,8104,7240,11420,-205,-127,213,7248,-8196,11076,-14,31,-162,-13204,3808,7040,-1049,266,-16,-13112,-6180,7044,-487,149,-28,0
3016.9280500411987,8072,7292,11320,-177,-51,180,7172,-8036,11060,-74,16,-146,-13052,3828,6832,-1008,233,-72,-13148,-5916,7120,-453,163,-80,0
3016.963176012039,8008,7176,11276,-143,-106,207,7208,-8292,10952,-35,91,-113,-13220,3748,6840,-1131,282,-130,-13100,-6116,7092,-453,176,-92,0
3016.999300956726,8128,7272,11112,-99,-68,153,7376,-8220,10980,74,-253,-137,-13184,3816,6948,-1129,181,-108,-13264,-6128,6736,-476,197,-167,0
3017.0349259376526,8216,7068,11272,-59,-13,94,7480,-8352,10936,124,59,-97,-13304,3880,6944,-1129,-18,-125,-13124,-5964,6932,-517,144,-248,0
3017.0701699256897,8292,7224,11496,-98,-24,62,7676,-8000,10876,207,235,-61,-13284,4036,6920,-1184,-42,-55,-13404,-6200,6964,-495,27,-237,0
3017.1054720878606,8252,7352,11376,-67,51,50,7336,-8152,11196,82,220,-58,-13348,3676,7048,-1191,-37,-15,-13232,-5940,7140,-623,48,-281,0
3017.1390681266785,8060,7144,11424,-117,58,26,7236,-8376,11076,161,255,-71,-13236,3936,6952,-1221,-100,-75,-13184,-6020,7088,-636,139,-266,0
3017.1725029945374,8068,7164,11452,-71,17,26,7256,-8228,11144,205,256,-95,-13188,3836,6808,-1350,-90,-136,-13044,-6148,7028,-623,221,-296,0
3017.2060630321503,7692,7020,11348,26,-15,22,7128,-8284,11092,264,199,-169,-13204,3864,6844,-1300,-67,-213,-12816,-6240,6944,-686,228,-292,0
3017.2397191524506,7932,7336,11260,128,-37,69,7372,-8180,11060,149,91,-182,-13156,3776,7148,-1277,-71,-128,-13240,-6424,6984,-686,213,-261,0
3017.273106098175,8112,7576,11072,87,-122,52,7348,-7936,11180,34,208,-201,-13088,3520,6676,-1089,-52,-166,-13208,-6480,6904,-474,214,-271,0
3017.3067729473114,8352,7532,11484,-178,-158,-33,7420,-7936,11180,250,270,-308,-13272,3528,7036,-934,-33,-205,-13308,-6576,6864,-335,208,-234,0
3017.340350151062,7952,7648,11148,-290,-101,-73,6948,-7780,11316,-86,333,-2,-13180,3592,7124,-837,25,-129,-13284,-6508,6860,-269,121,-164,0
3017.3737499713898,7972,7476,11292,-334,-104,-17,7124,-8164,11440,-158,243,-250,-13144,3564,7260,-771,144,-13,-13140,-6432,6988,-14,75,-149,0
3017.40709900856,8160,7184,11516,-343,-78,41,7092,-8068,11100,-285,84,-246,-13124,3820,7072,-782,187,-235,-13112,-6208,7068,-363,71,-130,0
3017.4407269954686,8004,7280,11256,-298,-121,86,7200,-8280,11216,-291,31,-253,-13140,3872,6980,-856,122,243,-13092,-6188,7108,-429,110,-133,0
3017.4737911224365,7936,7388,11516,-307,-124,98,7360,-8240,10760,-271,41,-186,-13240,3944,7248,-924,-22,0,-13212,-6148,7088,-512,112,-181,0
3017.5074169635773,8080,6968,11476,-194,-52,46,7396,-8248,11212,-118,214,-101,-13236,3896,6880,-1002,-73,253,-13236,-6120,7284,-543,106,-222,0
3017.5410521030426,8080,7260,11684,-200,-35,63,7276,-8328,10928,-46,247,-71,-13196,3812,7004,-1043,-26,-241,-13172,-6236,7064,-453,97,-139,0
3017.5747621059418,8108,7304,11440,-235,-53,149,7300,-8208,11176,-67,226,-101,-13152,3720,6968,-964,68,-40,-13252,-6364,7028,-426,82,-99,0
3017.6081891059875,7980,7472,11184,-256,-50,196,7200,-8100,11300,-137,108,-105,-13056,3648,7256,-973,163,-39,-13132,-6340,6920,-407,76,-38,0
3017.6416399478912,8124,7444,11324,-509,-69,236,7260,-8108,11140,-166,55,-146,-12928,3784,7192,-928,199,40,-13112,-6400,6960,-399,54,-44,0
3017.6752231121063,7984,7392,11220,-272,-70,185,7292,-8072,10812,-199,107,-139,-13068,3692,7128,-922,199,12,-13192,-6304,6896,-397,83,-75,0
3017.7087409496307,8144,7360,11380,-339,-74,133,7248,-8288,11068,-200,215,-132,-13224,3816,7012,-898,129,53,-13208,-6272,7060,-431,84,-107,0
3017.7423870563507,8100,7276,11764,-398,-67,101,7224,-8356,11276,-75,191,-151,-13160,3892,7096,-928,75,-55,-13184,-6216,7168,-418,184,-57,0
3017.7758030891414,7992,7496,11496,-411,-146,144,7384,-8448,11088,-35,170,-186,-13100,3608,7136,-957,122,-108,-13196,-6336,7140,-446,183,-42,0
3017.8094279766083,7980,7652,11504,-241,-310,226,7116,-8272,11116,-233,70,-202,-13020,3632,6916,-891,194,-93,-13132,-6172,7184,-258,161,16,0
3017.843117952347,8100,7260,11488,-269,-270,266,7060,-8448,11240,-227,0,-188,-12824,4028,6840,-887,284,-32,-13080,-6068,7012,-511,141,55,0
3017.876627922058,8140,7152,11092,-254,-211,290,7128,-8292,11028,-149,1,-145,-13076,3884,6644,-769,339,-237,-13204,-6040,7068,-486,143,34,0
3017.9099659919734,8148,7096,11088,-320,-106,259,7248,-8240,11036,-32,57,-99,-13164,3772,6916,-990,218,-13,-13224,-6196,7108,-429,101,-15,0
3017.9436280727386,8112,7284,11408,-295,-23,189,7200,-8304,11060,-55,129,-135,-13356,3680,7056,-958,145,-47,-13192,-6180,7136,-397,81,-69,0
3017.977108001709,8200,7152,11468,-269,-90,149,7668,-8408,11144,-94,140,-145,-13224,3984,7148,-923,60,-48,-13192,-6200,6924,-517,104,-159,0
3018.0106110572815,8212,7220,11348,-139,-152,77,7168,-8256,11000,-103,143,-216,-13216,3776,6940,-1000,26,-78,-13196,-6044,6688,-491,137,-181,0
3018.0441539287567,8184,7064,11252,-99,-65,51,7240,-8388,11024,35,118,-247,-13048,3644,7136,-1061,54,-144,-13144,-6140,7020,-474,6,-158,0
3018.0776309967046,8148,7124,11476,-162,-67,38,7304,-8244,10992,105,184,-254,-13172,3780,6996,-1038,75,-196,-13160,-5904,7040,-489,262,-138,0
3018.1138179302216,8148,7096,11520,-203,-86,51,7304,-8324,11012,55,225,-233,-13172,3920,6972,-1059,-2,-127,-13184,-6168,7108,-443,509,-143,0
3018.1492640972137,8104,7084,11496,-187,-133,58,7248,-8312,11172,60,185,-252,-13196,3868,7196,-1090,85,-193,-13260,-6244,6996,-476,248,-149,0
3018.1846940517426,7992,7380,11288,-150,-137,110,7168,-8256,11152,11,132,-228,-13248,3752,7032,-1033,99,-137,-13148,-6436,7080,-443,197,-116,0
3018.2202501297,8012,7316,11284,-167,-147,124,7220,-8244,11076,-79,138,-232,-13188,3584,7412,-956,108,-115,-13140,-6376,7136,-493,178,-85,0
3018.254954099655,8060,7252,11224,-182,-214,135,7124,-7956,11124,-116,118,-217,-13236,3764,6996,-971,144,-79,-13168,-6272,7040,-496,213,-66,0
3018.2907700538635,8108,7252,11120,-147,-147,130,7296,-8168,11092,-85,89,-224,-13248,3696,7052,-1001,127,-64,-13204,-6208,6896,-488,183,-99,0
3018.3259379863734,8204,7224,11312,-155,-128,121,7292,-8176,11060,-55,98,-211,-13176,3828,6964,-990,127,-95,-13228,-6372,7128,-466,187,-81,0
3018.361726999283,8204,7252,11328,-205,-109,107,7440,-8236,11092,-33,180,-175,-13220,3712,6984,-967,66,-49,-13276,-6240,6840,-489,114,-125,0
3018.3975949287415,8428,7420,11360,-195,-50,106,7348,-8404,11116,-7,147,-159,-13224,3768,6796,-1067,92,-103,-13192,-6100,6696,-519,176,-105,0
3018.432788133621,8152,7136,11440,-157,-79,122,7256,-8276,11116,95,90,-215,-13216,3772,7028,-1104,117,-152,-13112,-6260,7248,-499,186,-140,0
3018.468148946762,8196,7152,11284,-120,-39,94,7256,-8124,11244,102,131,-192,-13100,3844,7248,-1085,70,-123,-13148,-6256,7156,-499,178,-136,0
3018.502793073654,8148,7264,11552,-161,-81,89,7240,-8228,11000,51,107,-205,-13156,3852,6920,-999,126,-102,-13160,-6380,7052,-450,209,-78,0
3018.537688970566,7936,7224,11332,-235,-90,149,7364,-8256,11256,32,113,-183,-13184,3864,6932,-1069,155,-61,-13116,-5992,7148,-481,168,-37,0
3018.573720932007,8140,7284,11408,-168,-84,165,7112,-8204,11108,58,60,-186,-13072,3872,7020,-1072,201,-151,-13168,-6212,7052,-456,172,-95,0
3018.6094789505005,7996,7232,11444,-134,-99,127,7116,-8200,10792,76,94,-205,-13084,3748,7044,-1071,180,-116,-13212,-6248,7092,-528,182,-125,0
3018.6444439888005,8168,7224,11200,-83,-75,83,7332,-8156,11000,-1,108,-212,-13248,3728,6904,-1039,120,-156,-13304,-6192,6924,-554,159,-144,0
3018.6801519393925,7968,7416,11300,-90,-99,79,7400,-8088,11008,0,131,-185,-13276,3716,6848,-982,79,-71,-13516,-6252,6956,-498,123,-133,0
3018.715287923813,8356,7304,11264,-206,-72,103,7400,-7988,11180,-29,149,-161,-13188,3736,7156,-1017,102,-75,-13120,-6164,7164,-456,103,-104,0
3018.750764131546,8256,7272,11008,-205,-13,153,7412,-8052,11136,-33,104,-138,-13564,3828,6676,-1007,161,-71,-13300,-6316,6888,-465,121,-99,0
3018.7867410182953,8228,7296,11332,-189,-64,159,7340,-8048,11248,-79,99,-182,-13208,3636,7092,-960,201,-17,-13560,-6280,6880,-477,120,-38,0
3018.820380926132,8200,7312,11392,-205,-102,170,7312,-8156,11184,-124,94,-160,-13192,3756,6744,-978,188,-3,-13216,-6248,6928,-464,180,-28,0
3018.8539159297943,8140,7276,11192,-207,-121,165,7228,-8260,11188,-150,81,-201,-13168,3860,6964,-955,176,-51,-13172,-6124,7084,-478,150,-74,0
3018.8873920440674,8088,7232,11264,-209,-135,148,7240,-8268,11124,-149,122,-164,-13240,3876,6940,-957,141,235,-13296,-6220,7148,-475,71,-118,0
3018.920967102051,8292,7128,11312,-191,-45,101,7288,-8276,11140,-99,153,-121,-13220,3804,6972,-953,-53,243,-13276,-5916,7340,-462,-8,-176,0
3018.954477071762,8244,7084,11356,-171,58,42,7312,-8272,11236,-46,235,-64,-13192,3900,6924,-1032,-89,17,-13168,-5900,7064,-512,22,-226,0
3018.9881880283356,8024,7116,11352,-166,44,31,7236,-8312,11032,95,238,-124,-13276,3808,7364,-1098,-31,-105,-13052,-6240,7112,-482,148,-218,0
3019.0214269161224,7928,7192,11560,-115,-2,2,7140,-8320,10960,152,204,-244,-13000,3864,7080,-1116,54,-233,-12968,-6312,7068,-520,339,-213,0
3019.0547599792485,7740,7248,11684,-29,-163,5,7120,-8364,11252,13,117,-406,-13080,3780,6696,-998,166,-298,-13140,-6108,7036,-489,421,-137,0
3019.0881910324097,8212,7388,11460,-32,-321,47,7316,-8056,10816,-181,75,-394,-13168,3608,6700,-933,215,-156,-13284,-6100,6952,-483,502,-141,0
3019.1217839717865,8412,7216,11376,-103,-220,77,7452,-8032,10940,-234,212,-191,-13380,3592,7008,-883,59,51,-13460,-6192,6880,-420,63,-139,0
3019.155156135559,8472,7372,11388,-316,-12,129,7472,-8048,11200,-279,291,250,-13328,3676,6964,-888,69,125,-13704,-6184,6992,-384,-93,-69,0
3019.188719034195,8400,7388,11436,-415,82,206,7296,-8416,11336,-283,189,31,-13424,3736,7004,-959,124,130,-13264,-6164,6796,-388,-134,-35,0
3019.2223260402684,8244,7272,11028,-239,114,258,7256,-8112,11196,1,57,28,-13216,3624,7176,-1151,181,43,-13112,-6356,6784,-575,-56,-107,0
3019.2556149959564,8120,7344,11148,-8,62,221,7284,-8044,11104,157,29,-38,-13148,3596,6980,-1173,74,-6,-13024,-6456,6788,-675,85,-171,0
3019.2894570827484,8016,7236,11400,37,76,86,7136,-8096,11140,219,147,-153,-13044,3628,6916,-1138,-21,-97,-12848,-6152,6972,-562,186,-248,0
3019.3231251239777,7884,7200,11408,-249,31,-34,6992,-8356,11204,249,175,-266,-13068,3868,7164,-1097,-254,-219,-13072,-6408,7152,-525,286,-271,0
3019.3561210632324,7872,7224,11528,-21,-69,-50,6932,-8376,11252,121,173,-333,-13088,3976,7008,-994,45,-192,-13248,-6228,7184,-767,257,-229,0
3019.3896610736847,8120,7412,11308,-87,-127,-51,7256,-8300,10920,-79,227,-276,-13280,3920,7044,-896,76,-64,-13216,-6368,7400,-464,114,-237,0
3019.4231951236725,8236,7184,11428,-236,-60,15,7304,-8296,11008,-200,284,-110,-13172,3940,6680,-864,79,30,-13340,-6120,7140,-357,2,-117,0
3019.456737995148,8200,7144,11340,-376,246,137,7268,-8276,11036,-281,160,-51,-13272,3700,6988,-865,111,67,-13340,-6100,6936,-379,-71,-33,0
3019.4903860092163,8316,7128,11196,-338,7,220,7416,-8256,11092,-201,94,-22,-13272,3864,6768,-972,208,58,-13216,-6132,6968,-469,-31,-66,0
3019.523791074753,8268,7152,11248,-192,45,206,7336,-8440,11160,-43,67,-33,-13204,3752,7016,-1074,122,23,-12852,-6192,6708,-533,37,-92,0
3019.5573580265045,8056,7232,11324,-146,41,173,7180,-8264,11172,67,74,-130,-13076,3640,7032,-1118,72,-59,-13088,-6344,7000,-551,196,-140,0
3019.5908341407776,7908,7280,11464,-93,-85,117,7192,-8196,11040,58,130,-200,-13304,3732,7140,-1102,74,-130,-13096,-6392,6968,-533,280,-188,0
3019.6241829395294,7960,7356,11496,-72,-167,60,7196,-7948,11052,6,202,-226,-13100,3708,7012,-1046,21,-145,-13312,-6320,7000,-513,237,-214,0
3019.657441139221,7992,7464,11324,-118,-150,19,7116,-8128,11116,-13,247,-233,-13080,3816,7144,-962,-10,-115,-13248,-6372,7056,-452,206,-185,0
3019.6910951137543,8008,7372,11272,-214,-131,16,7176,-8092,11180,-123,243,-263,-13152,3740,7388,-916,45,-76,-13156,-6336,7188,-403,164,-162,0
3019.7245831489563,8120,7384,11436,-238,-38,35,7144,-8248,11084,-123,221,-166,-13160,3848,7052,-875,77,-39,-13140,-6336,7092,-400,109,-61,0
3019.7580370903015,8104,7296,11488,-305,-27,109,7088,-8224,11240,-130,125,-162,-13100,3940,6852,-917,165,240,-13164,-6264,7096,-434,127,-35,0
3019.794253110885,8008,7156,11480,-272,-116,174,6956,-8704,11056,-31,49,-220,-13088,3872,6880,-1003,251,-73,-13304,-6196,7264,-433,245,45,0
3019.8295619487762,8156,7248,11616,-225,-209,217,7196,-8356,11132,-100,251,-265,-12828,3884,6936,-946,2,-121,-12900,-6296,7108,-445,249,-21,0
3019.865458011627,8144,7268,11428,-162,-270,210,7364,-8316,11184,-138,57,-252,-13296,3892,7056,-936,222,-65,-13320,-6120,7176,-483,212,242,0
3019.900910139084,8204,6968,11320,-236,-178,190,7312,-8256,10944,-146,112,-191,-13244,3904,6924,-990,117,-86,-13216,-5908,7016,-491,173,-31,0
3019.936140060425,8100,7196,11332,-218,-86,189,7240,-8048,11036,-43,113,-167,-13196,3740,6680,-1090,187,-79,-12868,-6216,6856,-510,196,-78,0
3019.9717290401454,7940,7328,11036,-191,-119,150,7420,-8160,11204,-41,69,-236,-13156,3584,6980,-1080,186,-88,-13280,-6124,6876,-566,224,-96,0
3020.007616996765,8296,7120,11292,-199,-127,111,7384,-8292,11076,-50,70,-243,-13256,3608,6824,-1064,63,-78,-13244,-6136,6904,-495,184,-131,0
3020.0426399707794,8252,7284,11264,-189,-71,60,7216,-7968,10968,73,221,-172,-13316,3772,6960,-1042,-55,-104,-13220,-6232,7128,-423,128,-171,0
3020.078458070755,8100,7240,11392,-158,-20,56,7420,-8220,11212,113,187,-227,-13176,3800,6824,-1056,34,-176,-13080,-6300,7104,-389,172,-164,0
3020.113377094269,7972,7292,11304,-173,-52,24,7112,-8316,11172,152,192,-281,-13204,3796,7308,-1024,50,-254,-13140,-6244,6996,-457,511,-168,0
3020.148782014847,7908,7264,11292,-107,-121,25,7148,-8264,11200,122,154,-328,-13296,3992,6924,-1042,105,-476,-12844,-6276,7044,-463,294,-161,0
3020.1836819648743,8096,7264,11476,-192,-197,72,7164,-8256,11040,137,177,-317,-12940,3888,7088,-1039,123,-243,-13220,-6252,7108,-495,297,-102,0
3020.2195479869843,7972,7316,11384,-138,-193,97,6928,-8252,11168,88,132,-292,-13132,3768,7016,-1092,195,-211,-13172,-6280,7076,-767,286,-84,0
3020.2544469833374,8156,7376,11300,-98,-192,165,7296,-8232,11168,60,106,-254,-13140,3812,7052,-1032,149,-208,-13312,-6324,6992,-599,502,-96,0
3020.2902960777283,8360,7272,11240,-101,-174,171,7244,-8144,11248,29,96,-222,-13072,3660,6972,-1046,145,-115,-13328,-6296,6844,-577,189,-54,0
3020.3256850242615,8400,7340,11136,-113,-141,197,7392,-7972,11168,-32,44,-193,-13248,3584,6916,-1009,238,-85,-13284,-6320,6836,-259,188,-3,0
3020.3607800006866,7968,7328,11272,-219,-173,217,7396,-8008,11240,-109,36,-219,-13200,3664,6888,-946,320,-62,-13404,-6260,6776,-448,172,26,0
3020.3957800865173,8276,7144,11352,-291,-205,213,7384,-8120,11100,-232,36,-214,-13248,3720,6676,-929,288,-25,-13244,-6012,6972,-426,137,1,0
3020.4327840805054,8388,7200,11168,-299,-155,227,7312,-8040,11256,-192,80,-141,-13236,3712,6556,-933,217,13,-13236,-6056,7068,-444,89,-15,0
3020.4662029743195,8180,7140,11312,-230,-75,207,7332,-8304,11080,-92,81,-129,-13264,3848,6808,-1003,151,-8,-13188,-6112,7056,-440,87,-65,0
3020.49991106987,8192,7096,11248,-217,6,135,7372,-8192,11064,-63,179,-116,-13332,4064,6992,-1020,57,251,-13248,-6184,7040,-446,73,-196,0
3020.533347129822,8300,7160,11400,-166,89,51,7348,-8316,11184,-3,221,-116,-13200,3604,7048,-1052,-45,235,-13168,-6192,7052,-539,21,-259,0
3020.5668470859528,8196,7328,11444,-128,85,-2,7372,-8252,11188,27,225,-124,-13216,3864,7008,-1059,-70,-56,-13084,-6200,7088,-499,179,-212,0
3020.600244998932,7892,7228,11472,-138,-66,49,7120,-8192,11160,15,166,-213,-13060,3808,6992,-1048,39,-173,-13004,-6228,7112,-431,229,-137,0
3020.633500099182,8020,7324,11368,-121,-150,79,6924,-8188,11088,-109,82,-270,-12988,3804,7016,-986,171,-153,-13104,-6148,6980,-483,253,-95,0
3020.6674170494084,8104,7284,11324,-137,-254,141,7228,-8312,11052,-165,76,-273,-13192,3788,6696,-923,176,-106,-13220,-6212,6992,-481,224,-74,0
3020.7010581493378,8424,7188,11364,-221,-193,152,7356,-8424,11012,-152,116,-213,-13288,3816,6752,-965,135,-55,-13076,-6124,6956,-428,185,-93,0
3020.734462976456,8204,7232,11444,-231,-95,108,7456,-8356,11104,-82,182,-162,-13324,3708,6772,-962,53,-58,-13368,-6180,6972,-479,106,-189,0
3020.767925977707,8308,7212,11284,-162,-42,31,7464,-8128,11160,-92,178,-176,-13216,3812,6856,-959,16,-60,-13132,-6184,6824,-502,51,-236,0
3020.8017230033875,8324,7208,11144,-144,-17,25,7304,-8172,11236,-67,211,-141,-13184,3728,6972,-930,-66,-41,-13264,-6160,7104,-760,56,-214,0
3020.8353929519653,8192,7372,11308,-111,6,52,7264,-8128,11144,-130,175,-167,-13124,3784,6868,-988,44,-22,-13276,-6388,6896,-461,106,-142,0
3020.868786096573,8168,7276,11200,-180,-63,133,7280,-8220,11128,-113,96,-153,-13304,3752,7108,-999,108,-226,-13208,-6256,6964,-449,109,-113,0
3020.9019429683685,8212,7384,11116,-198,-80,146,7196,-8164,11020,-176,116,-152,-13128,3740,7396,-955,-65,46,-13200,-6236,7000,-427,69,-99,0
3020.935490131378,8120,7400,11316,-226,-93,160,7200,-8252,11000,-223,71,-133,-13196,3904,7212,-935,117,57,-13308,-6196,6952,-442,-18,-77,0
3020.9689450263977,8152,7260,11228,-232,-27,166,7324,-8216,11132,-245,134,-69,-13220,3844,6888,-923,84,103,-13232,-6172,6928,-476,-2,-100,0
3021.002578020096,8136,7228,11360,-220,-8,185,7284,-8288,11220,-147,125,-62,-13180,3848,7052,-943,83,88,-13152,-6192,6976,-490,4,-139,0
3021.0357749462128,8204,7216,11232,-179,-51,195,7288,-8232,11104,-148,62,-91,-13236,3748,7140,-962,82,11,-13240,-6236,7016,-494,4,-121,0
3021.073348045349,8148,7236,11228,-168,-21,107,7224,-8364,11020,-114,158,-105,-13244,3820,7324,-944,93,18,-13156,-6216,7136,-466,31,-189,0
3021.1072380542755,8056,7212,11328,-194,252,65,7188,-8396,11028,-35,134,-175,-13120,3912,7052,-946,66,-39,-12956,-6200,7100,-452,131,-183,0
3021.1406369209294,8068,7180,11344,-142,-105,70,7108,-8684,11136,253,144,-259,-12888,3960,6820,-984,59,-146,-13016,-6176,7164,-457,511,-147,0
3021.1741399765015,7992,7140,11496,-146,-167,64,6936,-8332,11000,51,142,-346,-12868,3880,6988,-1011,78,-236,-13096,-6116,7144,-477,301,-203,0
3021.2075860500336,8240,7088,11080,-86,-176,20,7236,-8292,11248,67,147,-332,-13168,3876,7044,-1033,52,-238,-13276,-6016,7040,-526,244,-195,0
3021.240854024887,8180,7412,11268,-42,-151,254,7296,-8440,11032,57,146,-302,-13112,3872,6956,-1058,-4,-183,-13176,-6080,7076,-557,291,-251,0
3021.2743480205536,8120,7164,11284,-43,-128,-18,7284,-8376,11064,69,202,-286,-13212,3832,7088,-1087,-42,-206,-13344,-6176,6968,-259,228,-249,0
3021.3079121112823,8364,7344,11424,-82,-136,-18,7472,-8168,10792,-65,237,-221,-13324,3668,7020,-973,-89,-151,-13332,-6424,6864,-462,163,-500,0
3021.341439962387,8200,7468,11392,-268,-58,33,7292,-8064,11212,-139,282,-169,-13092,3736,7040,-880,32,-35,-13168,-6216,6968,-355,82,-117,0
3021.3749029636383,8204,7352,11296,-337,-37,81,7204,-8264,11456,-98,199,-129,-13028,3796,7100,-964,139,-3,-13172,-6280,6964,-357,156,-57,0
3021.4080560207367,8240,7344,11432,-289,-127,183,7420,-8052,11492,-48,88,-201,-13164,3740,7248,-1020,170,-92,-13136,-6244,7012,-431,211,-16,0
3021.4414920806885,8048,7340,11336,-209,-223,153,7240,-8280,11216,-63,115,-253,-12864,3764,7068,-1010,154,-156,-13092,-6316,7348,-483,246,-90,0
3021.477590084076,8124,7260,11500,-166,-223,104,7204,-8344,11032,-82,173,-286,-13196,3888,7084,-972,38,-155,-13156,-6344,7064,-517,188,-173,0
3021.5134420394897,7984,6944,11356,-123,-125,51,7264,-8400,11108,2,197,-239,-13196,3936,7128,-967,-19,-234,-13136,-6268,6972,-761,277,-215,0
3021.549068927765,8120,7400,11292,-106,-132,-4,7328,-8408,11108,75,264,-271,-13180,3908,7040,-973,-68,-190,-13240,-6240,7076,-496,222,-239,0
3021.584365129471,8196,7280,11472,-113,-130,-33,7312,-8288,10756,69,287,-240,-13048,3876,7092,-892,-84,-227,-13252,-6252,7108,-443,216,-182,0
3021.619714975357,7952,7280,11472,-174,-96,37,7232,-8352,11052,17,173,-279,-13188,3820,6864,-980,117,-167,-13248,-5912,7068,-387,265,-105,0
3021.6544640064244,8420,7240,11452,-273,-181,91,7236,-8340,11132,2,120,-311,-13112,3836,6760,-1023,204,-199,-13176,-6236,7084,-430,327,-89,0
3021.6911809444427,8168,7324,11292,-204,-251,111,7216,-8156,11048,-23,132,-300,-13096,3824,7136,-1004,183,-149,-13188,-6228,7052,-435,288,-44,0
3021.7262120246887,7940,7320,11352,-230,-243,159,7176,-8292,11148,-52,169,-265,-13104,3764,7080,-999,172,-170,-13176,-6360,7164,-464,260,-63,0
3021.7619330883026,8216,7232,11208,-208,-208,151,7332,-8224,11364,34,140,-213,-13264,3788,7300,-1071,140,-160,-13172,-6216,7124,-536,253,-110,0
3021.797898054123,8280,7268,11468,-114,-174,128,7408,-8284,11184,83,100,-219,-13296,3680,7100,-1087,103,-125,-13228,-6200,6712,-572,231,-146,0
3021.8331351280212,8256,7356,11280,-107,-127,112,7332,-8120,11092,60,99,-223,-13264,3576,6984,-1063,104,-132,-13220,-6312,6932,-560,159,-149,0
3021.8692879676814,8268,7428,11164,-187,-77,104,7292,-8116,11136,44,167,-171,-13072,3692,7140,-1026,124,-55,-13276,-6348,6664,-464,152,-82,0
3021.904860019684,8220,7444,11060,-280,-68,171,7192,-7952,11160,-33,104,-166,-13104,3660,7028,-960,201,-75,-13208,-6376,6904,-447,162,-17,0
3021.940215110779,8140,7380,11260,-260,-74,201,7240,-8148,11016,-92,59,-163,-12984,3804,6952,-931,236,-27,-13300,-6212,7052,-487,143,-6,0
3021.975023984909,8228,7360,11072,-187,-96,227,7256,-8184,10848,-112,8,-163,-13180,3688,6924,-936,246,-22,-13308,-6252,6736,-491,60,-28,0
3022.010756969452,8348,6940,11180,-108,-77,174,7460,-8196,11112,-153,38,-151,-13236,3864,7076,-912,159,-245,-13268,-6096,6656,-501,70,-105,0
3022.045581102371,8352,7072,11396,-199,1,124,7508,-8276,10896,-82,106,-132,-13216,3860,6964,-770,120,-34,-13320,-5964,6808,-446,95,-138,0
3022.080929040909,8380,7068,11344,-233,54,60,7480,-8372,10880,-15,206,-129,-13304,3820,6856,-1049,51,-17,-13552,-6048,6956,-402,76,-191,0
3022.116119146347,8232,7200,11204,-284,57,69,7320,-8296,10984,21,241,-88,-13200,3824,6972,-1048,22,-36,-13232,-6376,7048,-425,84,-150,0
3022.151865005493,8108,7364,11416,-186,-36,132,7160,-8316,11156,251,143,-143,-12876,3676,7200,-1070,73,-143,-12832,-6252,6920,-465,176,-123,0
3022.1853001117706,8016,7164,11296,-99,-70,120,7096,-8328,11112,41,75,-223,-13020,3776,6936,-1118,120,-175,-13140,-6336,6996,-519,238,-147,0
3022.2190279960632,8144,7224,11272,-54,-119,79,7352,-8236,11060,20,120,-275,-13184,3748,6840,-1078,81,-152,-13240,-6320,7064,-526,317,-160,0
3022.2525379657745,8064,7260,11268,-96,-163,41,7292,-8148,11164,255,186,-296,-13204,3808,7084,-989,11,-171,-13216,-6244,6948,-503,285,-194,0
3022.2857761383057,8208,7324,11280,-110,-213,8,7336,-8172,11048,-96,244,-283,-13244,3756,7032,-929,9,-152,-13472,-6192,6948,-483,176,-209,0
3022.319447994232,8384,7328,11028,-200,-118,41,7280,-8164,11036,-155,225,-220,-13288,3716,6964,-945,53,239,-13440,-6096,6728,-435,58,-142,0
3022.352870941162,8636,7360,11148,-10,-45,96,7304,-8172,11236,-125,192,-113,-13128,3716,6892,-971,85,-249,-13280,-6068,6980,-462,79,-34,0
3022.386120080948,8268,7364,11128,-235,-37,201,7212,-8120,11156,-40,66,-103,-13068,3692,7000,-1062,233,-9,-13228,-6312,6908,-465,111,-24,0
3022.4197630882263,8196,7332,11240,-147,-55,214,7236,-8136,11112,-17,34,-127,-13152,3656,6796,-1276,230,-46,-13240,-6272,7092,-538,100,-41,0
3022.4533729553223,8220,7380,11448,-110,-57,191,7384,-8252,11276,-27,44,-173,-13192,3724,7116,-1032,165,-89,-13124,-6280,7072,-549,181,-57,0
3022.486942052841,8428,7312,11236,-96,-103,185,7228,-8392,11048,5,82,-173,-13164,3748,7100,-982,170,-35,-13252,-6288,7044,-467,153,-64,0
3022.52028298378,8332,7508,11072,-199,-130,174,7284,-8224,11196,-159,88,-189,-13148,3784,6924,-895,187,-255,-13228,-6232,7080,-438,74,-50,0
3022.5539360046387,8408,7244,11272,-236,-67,149,7252,-8056,11140,-143,116,-153,-13216,3824,6988,-843,181,-1,-13260,-6380,6936,-408,91,-26,0
3022.5872571468353,8440,6960,11276,-277,-48,151,7336,-8396,10952,-108,108,-172,-13292,3800,6920,-959,188,-87,-13188,-6028,7004,-423,152,-64,0
3022.620763063431,8328,7112,11028,-198,-77,103,7320,-8408,11152,-34,112,-209,-13232,3796,7004,-1041,126,-101,-13160,-6116,7156,-477,184,-130,0
3022.654222011566,8432,7096,11272,-95,-109,49,7268,-8316,10996,5,136,-263,-13108,4052,6808,-1041,9,-141,-13200,-6076,7128,-494,282,-166,0
3022.687670946121,8240,7120,11348,-105,-212,-12,7324,-8428,10980,4,165,-320,-13276,3848,6980,-969,17,-224,-13440,-5900,7008,-499,268,-223,0
3022.7209639549255,8360,7000,11212,-92,-144,-1,7404,-8280,10992,41,195,-292,-13192,3880,6672,-1027,-29,-187,-13192,-6060,7020,-467,244,-500,0
3022.754583120346,8276,6988,11280,-76,-57,-57,7336,-7956,10764,4,243,-244,-13152,3696,6900,-1014,-9,-160,-13320,-6200,6944,-447,161,-271,0
3022.788311958313,8380,7284,11244,-157,17,-31,7172,-8096,10856,-41,264,-205,-13204,3792,6884,-1029,-48,-50,-13472,-6068,6792,-455,122,-221,0
3022.821831941604,8332,7256,11120,-172,18,7,7320,-8172,10896,-18,246,-154,-13160,3644,6964,-1091,-47,-17,-13120,-6296,6828,-490,148,-203,0
3022.8554649353027,8196,7396,11228,-198,-39,67,7252,-7944,11208,20,205,-170,-13064,3768,7084,-1118,38,-67,-13312,-6148,6720,-528,170,-135,0
3022.888972043991,8224,7656,11052,-159,-64,136,7224,-8096,11240,-10,116,-129,-13100,3716,7228,-1082,92,-64,-13192,-6652,6900,-469,150,-95,0
3022.922438144684,8068,7504,11392,-156,-33,134,7060,-8072,11220,-63,154,-127,-13040,3536,7252,-1009,90,-38,-13040,-6396,6952,-479,114,-98,0
3022.9561090469365,8112,7604,11108,-161,18,165,7040,-8132,11420,-67,131,-137,-13096,3704,7420,-952,163,-5,-13244,-6348,6972,-758,95,-74,0
3022.9894919395447,8280,7452,11516,-129,-34,144,7212,-7972,11220,-153,106,-153,-13204,3688,7008,-919,156,-244,-13344,-6340,6908,-565,37,-113,0
3023.022966146469,8284,7344,11472,-132,-39,97,7336,-8164,11040,-176,140,-132,-13228,3804,7048,-912,89,49,-13260,-6280,6952,-527,250,-141,0
3023.056617975235,8276,7276,11168,-204,2,96,7208,-8212,10992,-161,159,-115,-13256,3784,7160,-913,72,40,-13296,-6204,6824,-452,249,-148,0
3023.0897850990295,8348,7196,11316,-507,47,98,7356,-8304,11028,-137,134,-71,-13176,3896,7024,-907,102,54,-13240,-6172,7020,-459,17,-92,0
3023.1233079433446,8312,7212,11392,-263,30,152,7224,-8444,11020,-131,82,-62,-13172,3912,7160,-951,140,49,-13256,-6068,6976,-480,-16,-59,0
3023.1591629981995,8256,7180,11344,-211,-1,199,7264,-8384,10896,-133,67,-55,-13312,3796,6896,-971,137,98,-12856,-6120,7012,-502,34,-92,0
3023.1943559646606,8116,6916,11256,-148,-6,194,7304,-8348,11076,-41,53,-99,-12840,3960,6968,-1080,192,-28,-13136,-6100,6924,-454,67,-59,0
3023.2299411296844,8044,7212,11304,-157,-6,153,7332,-8332,11044,-42,29,-143,-13120,3808,6964,-1036,135,24,-13264,-6240,7064,-479,98,-100,0
3023.264776945114,8108,7312,11328,-229,-44,109,7300,-8332,11128,-138,133,-133,-13200,4012,6996,-942,54,0,-13140,-6264,7016,-482,63,-124,0
3023.3005480766296,8232,7320,11180,-237,-63,108,7212,-8372,11108,-134,159,-120,-13200,3612,7084,-965,34,-21,-13188,-6204,6940,-511,37,-143,0
3023.335345029831,8012,7292,11200,-154,-61,132,7212,-8360,11068,-139,69,-115,-13184,3836,7028,-1017,65,236,-13124,-6224,6936,-499,60,-182,0
3023.3708629608154,8124,7316,11104,-108,4,81,7380,-8252,10952,-38,85,-157,-13208,3732,6972,-1012,64,-85,-13308,-6184,7160,-496,72,-189,0
3023.4056060314174,8332,7248,11240,-99,52,41,7208,-8292,10968,43,274,-98,-13256,3840,6968,-1003,-25,-84,-13172,-5916,6704,-519,86,-228,0
3023.4415209293365,8204,7288,11164,-135,76,-2,7288,-8284,11084,106,294,-151,-13096,3832,7108,-1064,-87,-79,-13168,-6308,7136,-453,156,-214,0
3023.4776051044464,8008,7388,11432,-147,73,-46,7132,-8404,11308,163,252,-218,-13028,3836,7080,-1033,25,-197,-13184,-6328,7312,-497,228,-166,0
3023.5128121376038,8096,7400,11452,-131,-63,43,7176,-8296,11240,150,94,-295,-13116,3952,7016,-1036,139,-229,-13108,-6236,7132,-486,294,-118,0
3023.5486969947815,7936,7372,11232,-125,-201,84,7196,-8356,11056,115,136,-278,-13160,3928,7064,-1070,90,-231,-13208,-6200,7132,-508,312,-157,0
3023.5833330154414,8060,7136,11232,-103,-147,26,7184,-8416,11120,156,172,-269,-13080,3936,6904,-1075,62,-203,-13312,-6192,7176,-505,208,-200,0
3023.6191351413727,8132,7384,11348,-90,-84,25,7152,-8364,11032,180,221,-257,-13040,3816,7060,-1081,44,-255,-12964,-6348,7140,-459,292,-140,0
3023.654377937317,7984,7316,11404,-106,-108,21,7088,-8320,11176,191,239,-305,-13092,3808,7156,-1117,117,-318,-13112,-6272,6696,-567,283,-160,0
3023.689522981644,8212,7340,11344,-16,-140,133,7180,-8312,11140,316,106,-235,-12868,3856,6876,-1247,126,-287,-13244,-6288,7152,-711,325,-48,0
3023.724704027176,8200,7640,11156,77,-121,181,7356,-7988,11048,336,144,-204,-13224,3396,7404,-1184,223,-282,-13080,-6552,6960,-481,2,-145,0
3023.760323047638,8080,7528,11048,-5,-250,38,7224,-7980,11240,274,144,-311,-13072,3704,6932,-1013,508,-229,-13384,-6324,6824,-506,274,-84,0
3023.795804977417,8316,7544,11212,-46,-109,174,7220,-8016,11184,64,82,-191,-13060,3716,6988,-1063,278,-104,-13496,-6044,6696,-649,166,51,0
3023.831545114517,8600,7392,11232,-64,-52,299,7496,-8012,11236,127,-102,6,-13368,3748,6820,-1256,511,69,-13504,-6052,6812,-835,1,65,0
3023.8650441169734,8204,7644,11056,-52,160,371,7528,-7908,11084,277,-68,154,-13184,3416,6912,-1322,269,124,-13180,-6564,6808,-594,-63,20,0
3023.898584127426,8112,7504,11108,-180,255,321,7264,-8008,11172,232,24,57,-13060,3448,7228,-1157,295,26,-13312,-6584,6976,-429,9,254,0
3023.931990146637,7960,7568,11396,-213,165,272,7104,-8068,11392,97,-2,-92,-13120,3680,7280,-1073,323,-49,-13020,-6372,6956,-547,194,73,0
3023.965294122696,7820,7212,11304,-157,-121,288,7052,-8152,11412,-41,-81,-223,-12992,3704,7028,-1050,401,-96,-12984,-6296,7016,-542,259,56,0
3023.9989330768585,8092,7324,11284,-82,-208,275,7292,-7960,11120,-177,-117,-512,-13056,3864,6944,-958,385,-19,-13292,-5996,6980,-588,172,56,0
3024.0324070453644,8248,7124,11356,-225,-209,276,7328,-8100,10880,-220,-15,-182,-13176,3864,6916,-883,276,243,-13260,-6008,7200,-439,174,66,0
3024.065913915634,8148,7064,11096,-311,-130,203,7452,-8392,10864,-243,178,-159,-13292,3924,7048,-889,103,-20,-13440,-5928,7032,-389,95,-90,0
3024.0994160175323,8380,6916,11408,-313,-3,85,7516,-8328,10828,-96,192,-94,-13356,3896,6572,-999,12,12,-13376,-5960,6920,-520,92,-159,0
3024.1327509880066,8440,7072,11220,-190,13,65,7332,-8312,11060,-29,228,-129,-13204,3840,6804,-1089,-42,-77,-13220,-6036,6936,-485,124,-215,0
3024.1660649776454,8332,7140,11028,-10,32,18,7500,-8296,10844,42,157,-194,-13332,3672,6872,-1107,-57,-203,-13208,-6060,6772,-579,189,-262,0
3024.199522018432,8260,7236,11268,-20,-61,47,7488,-8068,10924,72,205,-171,-13076,3332,6828,-1101,-101,-176,-13388,-6104,6780,-555,275,-229,0
3024.2329480648045,8288,7384,11092,27,-33,72,7256,-8060,11144,85,201,-113,-13212,3604,6860,-1235,-43,-123,-13164,-6332,6840,-501,174,-225,0
3024.2666461467743,8132,7492,11212,-37,31,68,7296,-7892,11364,139,222,-110,-13224,3456,7072,-1218,31,-87,-13272,-6448,6824,-488,212,-242,0
3024.300096988678,7932,7700,11252,-91,33,-14,7180,-8028,11436,93,301,-194,-13132,3472,7492,-991,-30,-140,-13268,-6848,6976,-528,66,-324,0
3024.333675146103,7752,7844,11208,-155,-82,-96,7072,-7812,11384,-129,336,-249,-13004,3456,7292,-520,-26,-60,-13212,-6612,6992,-541,77,-305,0
3024.3672199249268,7992,7816,11460,-205,-65,-69,6936,-7888,11512,-4,231,-274,-13028,3716,7420,-760,42,-39,-13256,-6204,6692,-459,120,-103,0
3024.400493144989,8108,7440,11128,-177,-63,53,7084,-7944,11020,-168,120,-209,-13104,3968,6976,-897,178,45,-13232,-5920,6992,-460,125,-57,0
3024.4340250492096,8048,7412,11504,-199,3,101,7276,-8308,10908,-99,91,-125,-13256,4016,6996,-944,98,57,-13112,-6136,6992,-545,-8,-128,0
3024.4674010276794,7992,7096,11236,-192,125,105,7376,-8244,10944,-15,171,-64,-13232,4052,6876,-997,-6,34,-13260,-5912,7056,-619,-57,-199,0
3024.5010011196136,8284,7000,11448,-67,121,111,7500,-8232,10956,38,197,-20,-13312,3980,6828,-1062,-53,40,-13528,-6020,6980,-761,-30,-218,0
3024.5344240665436,8280,7304,11492,-16,153,159,7400,-8244,11252,105,124,252,-13128,3724,6924,-1113,38,39,-13484,-6260,6840,-599,-8,-140,0
3024.5677230358124,8400,7380,11184,-105,59,170,7348,-8028,11044,-50,64,-53,-13220,3356,6992,-998,128,51,-13132,-6468,6752,-431,-4,-79,0
3024.6011769771576,8084,7460,11320,-268,35,148,7236,-8032,11240,-171,91,-93,-13088,3680,7104,-926,179,59,-13216,-6284,6700,-309,66,-254,0
3024.6344051361084,8152,7424,11052,-347,42,164,7276,-8248,11340,-135,155,-96,-13192,3748,7196,-1015,168,48,-13304,-6332,7020,-324,39,-82,0
3024.6676869392395,8100,7320,11312,-282,79,71,7168,-8256,11236,-64,180,-103,-13308,3700,7348,-971,33,-244,-12992,-6648,7300,-476,36,-179,0
3024.7011280059814,7992,7328,11384,-202,22,30,7028,-8324,11300,-19,214,-182,-13132,3704,7108,-965,10,-93,-13140,-6156,6708,-530,149,-232,0
3024.734699010849,7980,7664,11352,-141,-38,18,7084,-8016,11164,37,201,-273,-13152,3820,7240,-1028,8,-153,-13300,-6324,6992,-533,227,-187,0
3024.7681610584254,7972,7192,11356,-151,-171,2,7248,-8320,11176,37,191,-263,-13160,3820,7108,-1048,-20,-191,-13192,-6300,7136,-505,2,-163,0
3024.801653146744,8056,7440,11408,-175,-128,51,7180,-8088,11256,55,199,-226,-13136,3752,7140,-1047,93,-100,-13236,-6360,7056,-521,120,-159,0
3024.83811712265,8144,7404,11300,-101,-49,69,7192,-8080,11164,-43,173,-146,-13264,3716,7108,-1003,75,-99,-12888,-6276,6972,-536,133,-116,0
3024.873445034027,7968,7484,11196,-192,-36,99,7204,-8064,11168,-2,144,-165,-13112,3744,7092,-1020,193,-56,-13308,-6216,6664,-479,177,-56,0
3024.909336090088,8140,7384,11248,-192,-56,174,7304,-8140,11012,17,107,-138,-13096,3640,7076,-1280,171,-50,-13092,-6364,6884,-465,93,-20,0
3024.944925069809,8212,7228,11216,-245,11,183,7316,-8076,11136,-79,145,-87,-13200,3676,7140,-927,131,49,-13288,-6472,7048,-420,19,-53,0
3024.9801981449127,8384,7468,11448,-265,34,135,7256,-8084,11232,-124,214,-109,-13200,3668,7044,-923,149,-16,-13112,-6384,6940,-406,69,-68,0
3025.015285015106,7968,7420,11316,-272,-25,126,7180,-7940,11032,-95,188,-144,-13184,3816,7100,-939,88,-43,-13108,-6336,6948,-457,112,-101,0
3025.0510680675507,8180,7336,11276,-224,-51,122,7184,-7960,11152,-19,140,-127,-12980,3828,7004,-1046,143,-111,-13164,-6276,7112,-485,175,-80,0
3025.0861730575566,8132,7336,11068,-149,-24,139,7388,-8120,11044,-32,160,-132,-13080,3804,6868,-1047,136,-37,-13200,-6260,6984,-759,145,-102,0
3025.1217360496526,7988,7384,11408,-194,-36,119,7164,-8256,11096,-16,164,-141,-13172,3904,7020,-1010,85,-66,-13200,-6312,7100,-263,100,-123,0
3025.1562309265137,8060,7304,11324,-199,-12,98,7332,-8232,11168,-16,179,-161,-13116,4040,6868,-1042,74,-67,-13132,-6224,7112,-528,160,-107,0
3025.192451000213,7836,7296,11044,-176,-52,132,6928,-8276,11088,-2,169,-145,-13080,3740,6752,-1083,138,-44,-13200,-6284,7164,-491,162,-121,0
3025.228260040283,8004,7288,11336,-163,-31,111,6936,-8284,11124,-18,141,-171,-13092,3824,6964,-979,124,-60,-13120,-6244,7032,-458,126,-98,0
3025.2637989521027,8016,7472,11372,-185,-84,84,7236,-8208,11084,-93,153,-225,-13120,3856,6912,-941,83,-23,-13132,-6252,6960,-490,151,-75,0
3025.299833059311,8084,7304,11344,-500,-114,101,7408,-8400,11184,-87,103,-218,-13112,3724,7140,-972,113,-109,-13152,-6280,6708,-460,172,-84,0
3025.3349809646606,7992,7352,11512,-200,-86,87,7188,-8144,11224,-74,101,-251,-13132,3788,7048,-995,140,-78,-13180,-6604,7076,-428,161,-88,0
3025.370861053467,8044,7288,11148,-215,-105,83,7332,-8060,11076,-144,88,-202,-13288,3700,7200,-980,144,-93,-13252,-6292,6980,-480,79,-157,0
3025.4061279296875,7956,7180,11164,-211,4,72,7260,-8088,11460,-8,181,-169,-12812,3800,7068,-914,27,-13,-13168,-6296,7032,-488,65,-167,0
3025.441962957382,8052,7368,11396,-208,-46,40,7156,-8244,11352,-18,135,-182,-13148,3736,7084,-988,-13,-14,-13184,-6232,7064,-768,119,-136,0
3025.4796240329742,8032,7416,11320,-156,-118,92,7224,-8284,11104,-74,132,-195,-13136,3680,6912,-895,93,-85,-13200,-6332,7160,-493,75,-127,0
3025.5131270885468,8044,7404,11408,-168,-146,101,7184,-8084,11252,-98,135,-194,-13248,3776,7212,-871,100,-55,-13216,-6404,7048,-489,80,-107,0
3025.5468270778656,7976,7336,11500,-252,-78,92,7060,-8100,11092,-133,66,-206,-13052,3772,7188,-913,68,-23,-13148,-6292,7052,-420,90,-59,0
3025.5803251266484,8068,7276,11340,-272,-76,131,7240,-8124,10976,-139,53,-190,-13052,3816,7096,-1112,222,74,-13132,-6140,6916,-490,55,-90,0
3025.6138319969177,8092,7216,11300,-227,-50,122,7312,-8396,11320,-146,0,-212,-13120,3936,7096,-971,186,-244,-13196,-6356,7108,-430,14,-91,0
3025.647197008133,8092,7252,11152,-233,-24,122,7168,-8352,11128,-132,64,-175,-13280,3708,7184,-959,16,-58,-13124,-6312,7016,-453,49,-103,0
3025.6805901527405,8080,7320,11264,-171,-67,88,7268,-8168,11188,-139,93,-241,-13120,3912,6768,-1111,152,-57,-13188,-6164,7012,-525,114,-126,0
3025.7142810821533,7964,7256,11492,-152,-98,106,7268,-8344,11124,-118,96,-193,-13144,3904,7116,-1046,138,-49,-13140,-6272,7008,-484,148,-128,0
3025.7478830814366,7932,7348,11180,-169,-58,95,7124,-8412,11240,-68,64,-241,-13076,3756,7140,-1274,7,-86,-13288,-6248,7164,-511,210,-90,0
3025.7815160751343,7916,7252,11504,-197,-145,120,7232,-8164,11164,-57,78,-240,-13196,3972,7124,-1047,143,-122,-13132,-6324,7024,-504,228,-85,0
3025.8152339458466,8004,7348,11312,-238,-125,126,7256,-8296,11504,-4,37,-277,-13072,3924,7084,-1079,157,-191,-13148,-6252,7180,-486,280,-59,0
3025.8487169742584,7964,7280,11492,-199,-256,153,7140,-8284,11264,-43,32,-293,-13120,3720,7392,-1039,205,-196,-13220,-6288,7088,-462,266,-26,0
3025.8820991516113,8016,7368,11348,-175,-293,141,7272,-8256,11136,-99,57,-257,-12844,3640,7044,-1007,208,-162,-13168,-6436,7084,-459,501,-44,0
3025.915503025055,7992,7328,11284,-161,-243,162,7284,-8164,11120,-130,74,-289,-13104,3772,6848,-951,319,-159,-13084,-6356,7080,-442,219,-36,0
3025.9492349624634,8076,7300,11316,-228,-252,131,7228,-8200,11116,-96,101,-272,-13064,3740,6740,-988,270,-193,-13136,-6292,7052,-429,223,-42,0
3025.982789039612,8076,7316,11456,-182,-199,126,7184,-8132,11212,-94,13,-12,-13188,3840,7128,-957,205,-158,-13224,-6236,7020,-462,181,-48,0
3026.0163910388947,8156,7424,11308,-208,-107,122,7256,-8176,11100,-62,59,-236,-13216,3788,7064,-925,145,-94,-13264,-6176,6728,-424,176,-60,0
3026.049736022949,8076,7324,11256,-251,-103,137,7260,-8076,11120,-51,109,-237,-13156,3784,6952,-945,163,-108,-13344,-6244,7076,-450,233,-33,0
3026.085524082184,8356,7268,11292,-166,-148,175,7228,-8324,10996,65,48,-209,-13152,3972,6928,-1026,286,-84,-13116,-6104,6868,-541,114,-20,0
3026.119450092316,8212,7292,11264,-277,-122,240,7352,-8272,11092,-91,20,-194,-13200,3752,7100,-968,234,-100,-13148,-6224,6936,-563,270,3,0
3026.152332067489,8116,7320,11088,-185,-248,232,7328,-8188,11144,-102,31,-183,-13252,3808,7052,-968,187,-50,-13280,-6164,7008,-428,222,1,0
3026.1859240531926,8120,7388,11364,-210,-167,219,7268,-8140,11028,-66,90,-157,-13232,3756,6908,-979,271,-59,-13228,-6248,7100,-391,143,254,0
3026.2194731235504,8132,7168,11392,-303,-78,247,7344,-8212,11088,-54,46,-131,-13144,3860,6952,-1024,260,-12,-13264,-6356,7044,-440,122,22,0
3026.2529051303864,8152,7220,11196,-509,-39,246,7332,-8320,10784,-79,48,-130,-13088,3728,7108,-990,203,-60,-13116,-6188,7012,-484,131,-66,0
3026.28622508049,8144,7356,11324,-196,-42,196,7388,-8204,11108,-24,87,-166,-13200,3772,6876,-963,100,-70,-13560,-6148,6968,-464,124,-87,0
3026.319916009903,7968,7176,11284,-217,-72,117,7356,-8276,11040,-81,109,-191,-13196,3752,6940,-1010,99,-53,-13228,-5968,6948,-475,174,-116,0
3026.3533730506897,8004,7292,11312,-189,-132,100,7356,-8016,11000,-47,143,-247,-13124,3820,6948,-963,98,-134,-13208,-6060,7004,-478,218,-129,0
3026.386868953705,8340,7244,11200,-173,-172,107,7244,-8232,11020,-2,102,-241,-12856,3796,7012,-991,124,-139,-13188,-6152,6992,-489,198,-111,0
3026.420328140259,8164,7212,11292,-132,-157,103,7216,-8236,11036,-85,92,-506,-13196,3828,6840,-1014,136,-124,-13252,-6116,6928,-483,185,-123,0
3026.45388507843,8216,7208,11028,-185,-114,106,7328,-8224,10972,-71,143,-195,-13168,3892,7136,-1007,122,-50,-13288,-6100,6848,-456,126,-115,0
3026.4874329566956,8228,7388,11024,-199,-249,108,7448,-8196,11100,9,179,-135,-13240,3856,7128,-1006,-251,-30,-13212,-5892,7032,-462,137,-156,0
3026.523833990097,8384,7012,11308,-131,13,97,7396,-8152,11200,13,204,-135,-13196,3824,6824,-1276,-8,-52,-13240,-5960,7032,-484,111,-177,0
3026.5591831207275,8372,7312,11360,-137,-3,90,7348,-8164,11136,-33,178,-175,-13164,3732,6712,-1034,104,-37,-13172,-6220,6664,-474,96,-156,0
3026.5943670272827,8172,7352,11236,-114,-26,56,7304,-8156,11324,-55,180,-177,-13220,3852,7004,-976,28,-58,-13116,-6208,6992,-507,117,-174,0
3026.629930973053,8060,7420,11108,-154,-33,66,7332,-8212,11080,-62,188,-174,-13212,3832,7048,-1030,48,-53,-13188,-6240,7076,-474,123,-172,0
3026.6650071144104,7956,7320,11392,-141,-44,64,7288,-8028,11128,-2,185,-163,-13140,3812,6864,-1023,59,-79,-13104,-6264,6968,-480,135,-185,0
3026.700859069824,8088,7364,11452,-154,5,21,7316,-7960,11252,-24,170,-190,-13216,3676,7420,-971,69,-75,-13092,-6340,7056,-470,93,-169,0
3026.736125946045,8032,7364,11428,-176,249,30,7360,-8164,11172,-72,168,-179,-13304,3836,6976,-985,120,-65,-13120,-6176,7068,-458,102,-152,0
3026.7720050811768,8100,7308,11292,-175,-68,84,7312,-8348,11080,-87,124,-180,-13152,3804,7028,-998,156,-9,-13164,-6184,7152,-492,94,-141,0
3026.8077931404114,8064,7328,11436,-228,-22,87,7300,-8272,11136,121,143,-156,-13192,3864,6936,-1140,123,-32,-13284,-5916,7028,-582,35,-148,0
3026.843020915985,8196,7352,11144,-112,-53,73,7308,-8420,11272,-54,163,-126,-13144,3832,7200,-943,69,252,-13228,-6260,7068,-536,77,-161,0
3026.8785650730133,8240,7312,11392,-109,-28,68,7320,-8348,11140,-111,133,-173,-13148,3852,7036,-967,69,-52,-13296,-6184,6940,-414,76,-148,0
3026.9136991500854,8084,7252,11176,-217,15,82,7316,-8192,10868,-40,172,-147,-13160,3608,6656,-973,75,-228,-13088,-5904,7036,-401,84,-175,0
3026.9496400356293,8088,7296,11500,-165,-6,71,7444,-8200,11092,-76,166,-117,-13196,4080,6936,-986,14,-35,-13212,-6184,6940,-493,65,-138,0
3026.9850680828094,8376,7352,11376,-136,-15,80,7264,-8216,10940,-64,174,-124,-13120,3808,7072,-1277,22,239,-13268,-6156,7112,-530,85,-145,0
3027.0207850933075,8188,7252,11324,-149,-13,96,7344,-8204,11072,-42,174,-111,-13168,3780,6704,-778,20,-7,-13184,-6244,7104,-515,122,-146,0
3027.056142091751,8048,7308,11380,-120,-14,53,7264,-8232,11084,51,172,-147,-12888,3968,6836,-1157,103,-72,-13000,-6064,7092,-593,62,-140,0
3027.0925409793854,8068,7248,11044,-58,-5,90,7120,-8332,11068,32,135,-194,-13312,3724,6656,-1279,205,-113,-13064,-6268,6860,-609,149,-148,0
3027.128196954727,8036,7256,11240,-110,-158,79,7236,-8204,11076,-99,34,-259,-13200,3856,7156,-1017,150,-122,-13288,-6248,7164,-456,166,-166,0
3027.165197134018,7964,7244,11664,-175,-95,49,7264,-8144,11060,-34,140,-246,-13160,3788,6956,-997,103,-94,-13140,-6304,7024,-401,180,-152,0
3027.198801994324,8144,7408,11428,-509,-101,51,7364,-8284,11100,-31,173,-210,-13148,3880,6764,-1006,41,-111,-13096,-6164,7048,-469,222,-122,0
3027.2323219776154,7980,7284,11456,-236,-82,115,7344,-8308,11104,-18,169,-201,-13160,3804,7012,-772,80,-73,-13236,-6312,7116,-490,217,-84,0
3027.265725135803,7940,7668,11468,-275,-130,157,7264,-8196,11060,-29,168,-187,-13228,3612,6932,-1006,124,-93,-13224,-6408,6972,-475,197,-65,0
3027.299504041672,8108,7412,11356,-250,-164,188,7144,-8292,11436,-44,67,-219,-13264,3948,7404,-1015,107,-134,-13132,-6216,6912,-501,206,-54,0
3027.3328289985657,8188,7356,11388,-136,-210,218,7196,-8156,11244,-66,71,-199,-13140,3808,6912,-989,135,-137,-13148,-6236,7016,-519,151,-34,0
3027.366532087326,8092,7360,11156,-87,-141,184,7288,-8156,11056,-97,79,-212,-13084,3736,7024,-961,165,-105,-13288,-6324,6944,-494,159,-70,0
3027.4021520614624,8164,7328,11424,-209,-164,174,7312,-8428,11128,-110,57,-198,-13180,3800,6876,-986,198,-89,-13276,-6188,6992,-475,178,-31,0
3027.4357240200043,8220,7292,11212,-225,-37,196,7384,-8208,10936,-50,91,-153,-13188,3700,6792,-972,218,-99,-13232,-6084,7012,-435,149,-47,0
3027.4692089557648,8444,7264,11024,-227,-64,202,7392,-7944,10764,-17,93,-146,-13216,3796,6972,-1277,209,-90,-13172,-6260,6924,-484,158,-37,0
3027.5027589797974,8132,7272,11080,-235,-92,173,7348,-8300,11100,-22,82,-195,-13100,3756,7176,-770,1,-84,-13256,-6292,7084,-441,200,-45,0
3027.5359280109406,8112,7292,11368,-221,-144,139,7332,-8288,10816,-62,25,-261,-13160,3856,6992,-1040,262,-135,-13236,-6264,7008,-468,241,-63,0
3027.5695340633392,8080,7248,11324,-208,-219,151,7276,-8240,11032,-45,71,-283,-13264,3908,7044,-984,217,-123,-13192,-6364,7040,-503,243,-67,0
3027.6031999588013,8076,7272,11360,-203,-170,128,7280,-8272,11040,-54,61,-508,-13152,3880,6880,-983,182,-159,-13236,-6140,7040,-459,236,-79,0
3027.6366951465607,8140,7272,11448,-205,-125,139,7452,-8320,11060,-39,79,-240,-13188,4016,6820,-1050,186,-136,-13156,-6132,7032,-428,168,-52,0
3027.6700451374054,8148,7320,11360,-188,-171,144,7336,-8288,11068,6,73,-215,-13120,3804,6992,-976,98,-68,-13208,-6228,6692,-467,194,-60,0
3027.70352101326,8176,7288,11408,-229,-96,141,7336,-8008,11256,-34,120,-192,-13136,3780,6860,-1004,161,-100,-13176,-6172,6984,-445,232,-56,0
3027.737245082855,8128,7304,11308,-218,-123,155,7440,-8328,10900,-46,120,-197,-13184,3832,6948,-997,133,-163,-13228,-6220,6976,-499,190,-109,0
3027.7708089351654,8128,7388,11460,-179,-118,135,7440,-8148,10804,-71,107,-213,-13192,3696,6948,-979,95,-122,-13180,-6144,7024,-497,193,-115,0
3027.8043899536133,8284,7272,11380,-158,-87,110,7296,-8068,10924,-64,136,-207,-13220,3708,7036,-1016,120,-111,-13236,-6132,6920,-459,144,-123,0
3027.837928056717,8236,7236,11132,-171,-40,114,7392,-8140,11048,9,139,-182,-13160,3692,6876,-1033,105,-27,-13244,-6276,6656,-443,151,-155,0
3027.8714370727535,8276,7200,11148,-174,-3,65,7556,-8204,11112,34,167,-177,-13232,3664,6976,-1052,77,-87,-13276,-6128,7024,-463,196,-166,0
3027.9047639369965,8116,7196,11364,-183,27,82,7380,-8008,11072,23,174,-141,-13244,3704,6860,-1063,67,-84,-13080,-6196,6680,-453,173,-156,0
3027.938355922699,8108,7268,11512,-216,23,92,7192,-8020,11044,255,176,-143,-13220,3812,6772,-1046,94,-84,-13248,-6268,7136,-476,149,-104,0
3027.971899032593,8348,7372,11664,-201,-39,124,7372,-8340,11216,10,135,-148,-13200,3808,6952,-1040,109,-30,-13280,-6216,7084,-496,135,-120,0
3028.005541086197,8084,7328,11512,-162,-81,137,7308,-8208,11032,-31,114,-130,-13204,3816,7148,-1030,100,-54,-13352,-6272,7028,-760,155,-101,0
3028.039160013199,8020,7284,11488,-163,-103,126,7284,-8304,11008,-8,99,-206,-12864,3824,7012,-1031,108,-126,-13096,-6148,7100,-486,210,-74,0
3028.072715997696,7996,7280,11300,-155,-135,139,7316,-8432,11148,-41,69,-254,-13228,3592,6676,-987,89,-162,-13296,-6184,7000,-536,204,-140,0
3028.105982065201,8204,7360,11192,-136,-138,79,7528,-8168,10968,-63,144,-222,-13520,3680,6792,-981,249,-101,-13560,-6228,6976,-505,110,-217,0
3028.139647960663,8300,7184,11164,-199,-50,12,7504,-8108,11120,-13,260,-140,-13244,3756,6844,-946,-134,-41,-13324,-6192,6972,-413,90,-250,0
3028.1728270053864,8388,7272,11040,-512,70,-13,7068,-7948,11144,-11,284,-162,-13172,3696,7000,-977,18,-87,-13184,-6184,7084,-361,120,-180,0
3028.2098450660706,8036,7244,11328,-229,37,36,7268,-8388,11040,-14,182,-237,-13164,3896,7024,-971,59,-136,-13208,-6168,7028,-458,233,-133,0
3028.245311975479,7968,7248,11180,-167,-84,81,7336,-8332,11116,8,109,-227,-13300,3820,7112,-1004,166,-135,-13076,-6236,6936,-469,285,-77,0
3028.2812061309814,8072,7432,11332,-126,-135,133,7360,-8144,11072,36,49,-246,-13412,3724,7176,-1020,183,-155,-13260,-6168,7032,-257,205,-125,0
3028.317558050156,8300,7404,11500,-203,-126,118,7432,-8192,11096,41,152,-204,-13132,3776,7164,-1027,26,-96,-13524,-5948,7020,-469,216,-109,0
3028.352774143219,8124,7272,11376,-234,-85,119,7308,-8308,10804,44,167,-174,-12996,3892,7024,-1109,118,-67,-13260,-6180,7056,-467,223,-57,0
3028.388118982315,7956,7372,11356,-195,-100,163,7408,-8236,11016,-17,59,-160,-13152,3812,6976,-1074,193,-43,-13304,-6000,7080,-552,99,-104,0
3028.4238040447235,8160,7280,11284,-134,-93,184,7404,-8144,11024,-110,98,-85,-13256,3688,7008,-997,120,-231,-13360,-6236,6936,-535,-21,-121,0
3028.4596450328827,8252,7296,11200,-167,19,115,7532,-8212,11004,-102,183,-74,-13288,3720,6904,-949,18,58,-13288,-6188,6800,-461,252,-145,0
3028.4950311183934,8224,7376,11076,-207,54,113,7476,-8080,11124,-12,151,-59,-13212,3756,6800,-1003,56,37,-13252,-6216,6868,-417,59,-123,0
3028.53075504303,7972,7336,11292,-201,-15,114,7492,-8148,11060,-59,165,-142,-13204,3780,7048,-995,90,-27,-12908,-6208,6996,-408,131,-121,0
3028.5661931037903,8056,7280,11324,-193,-52,95,7356,-8296,11068,-11,127,-185,-13152,3844,7024,-999,121,-103,-13292,-5968,7156,-438,204,-58,0
3028.6014490127563,8016,7236,11388,-197,-111,121,7248,-8308,11040,-8,128,-235,-13144,3912,6948,-1016,94,-143,-13092,-6124,6884,-411,310,-66,0
3028.6373579502106,8080,7176,11332,-188,-194,142,7260,-8268,10936,-31,115,-251,-13152,3740,6876,-1018,133,-146,-13220,-6228,7108,-461,218,-82,0
3028.6723001003265,8184,7200,11232,-172,-143,84,7340,-8280,11068,-50,192,-203,-13172,3892,7028,-990,91,-92,-13192,-5952,7020,-473,151,-129,0
3028.70778298378,8020,7348,11512,-182,-46,84,7268,-8296,11192,-69,204,-162,-13248,3700,7040,-978,63,-37,-13208,-5972,7020,-456,141,-145,0
3028.7427520751953,8136,7248,11428,-169,-48,85,7248,-8252,11088,-90,120,-160,-13156,3820,7108,-1272,150,-44,-13072,-6236,7012,-456,123,-111,0
3028.778419971466,8252,7244,11300,-154,-49,130,7212,-8256,10864,-66,98,-140,-13184,3840,6732,-1000,89,-33,-13256,-6192,6676,-512,101,-97,0
3028.8136420249934,8212,7264,11212,-116,-17,135,7368,-8236,10904,-49,71,-143,-13272,3696,6704,-770,160,-37,-13256,-5916,6720,-490,150,-90,0
3028.849543094635,8184,7244,11084,-191,-62,126,7652,-8440,11036,-8,44,-186,-13328,3688,6900,-1054,163,-101,-13180,-6352,6924,-471,213,-93,0
3028.8828411102295,8168,7160,11316,-167,-113,119,7508,-8144,11064,-9,118,-174,-13220,3740,6764,-980,123,-99,-13260,-6380,6656,-467,182,-136,0
3028.9163711071014,8424,7248,11444,-170,-133,109,7288,-8144,11168,-34,107,-221,-13192,3808,7040,-1036,157,-104,-13540,-6368,7092,-490,180,-109,0
3028.9498419761658,8120,7184,11356,-198,-52,106,7588,-8208,11064,-32,152,-195,-13312,3820,6832,-1274,52,-73,-13256,-6172,6976,-478,143,-148,0
3028.983169078827,8252,7324,11444,-200,-19,79,7324,-8160,11180,-1,200,-119,-13216,3828,7064,-976,33,-30,-13212,-6396,7068,-477,83,-155,0
3029.01684308052,8104,7316,11392,-169,-6,57,7352,-8260,11096,-68,201,-134,-13172,3584,6700,-949,30,-50,-13260,-6100,7100,-510,84,-189,0
3029.0503671169286,8068,7196,11660,-176,7,82,7288,-8340,11072,-12,203,-126,-13224,3584,6748,-996,-9,-50,-13268,-6188,7060,-497,118,-135,0
3029.083778142929,8044,7212,11352,-148,0,122,7272,-8244,10944,16,243,-111,-13244,3924,6944,-984,-66,-46,-13224,-6216,7028,-475,130,-142,0
3029.117399930954,8112,7272,11328,-161,-2,102,7256,-8328,11064,-56,188,-151,-13184,3832,7324,-930,-53,-27,-13188,-6164,7044,-473,79,-118,0
3029.1508231163025,7944,7384,11272,-182,-2,93,7236,-8224,11108,-78,169,-136,-13188,3800,7048,-957,66,-66,-13144,-6124,6952,-494,110,-112,0
3029.1840050220494,8328,7340,11388,-135,-41,129,7276,-8200,10912,-63,163,-151,-13188,3784,7056,-974,96,-76,-13096,-6272,7032,-461,131,-128,0
3029.217437982559,8092,7344,11348,-170,-39,137,7240,-8120,11220,-61,107,-193,-13140,3844,7156,-1048,160,-14,-13164,-6164,6920,-495,145,-82,0
3029.251142978668,8440,7308,11460,-226,-51,131,7348,-8220,11388,-71,126,-183,-13256,3788,6948,-1054,169,-22,-13216,-6148,7036,-491,154,-140,0
3029.2843749523163,8028,7296,11392,-211,-78,105,7252,-8288,11108,-39,123,-206,-13260,3808,7024,-1277,85,-160,-13228,-6216,7084,-486,174,-129,0
3029.317955970764,8108,7328,11320,-196,-68,87,7412,-8244,10980,-54,177,-201,-13192,3812,7000,-923,53,-118,-13248,-6212,6868,-465,200,-146,0
3029.3515391349792,8080,7288,11284,-182,-126,77,7308,-7968,11188,-87,175,-192,-13140,3760,7020,-1003,83,-58,-13212,-6220,6932,-429,182,-123,0
3029.3847029209137,8136,7252,11508,-245,-77,106,7312,-8212,11192,-29,122,-205,-13160,3836,7016,-970,76,-242,-13212,-6240,6984,-453,216,-114,0
3029.4182651042934,8076,7368,11448,-190,-11,72,7172,-8228,10884,-74,128,-189,-13104,3876,6872,-904,-14,-64,-13240,-6128,7036,-486,341,-111,0
3029.4517891407013,8116,7176,11768,-198,1,102,7372,-8284,10924,-37,165,-184,-13308,3952,6936,-906,-18,-37,-13256,-6092,6840,-505,398,-140,0
3029.4850521087646,7992,7200,11400,-219,10,120,7384,-8264,11176,-62,185,-159,-13172,3928,6904,-877,-27,-22,-13200,-6220,7008,-498,359,-144,0
3029.5186879634857,8128,7400,11432,-218,58,105,7440,-8236,10984,-68,109,-140,-13204,3740,6956,-902,-28,-17,-13260,-6236,7144,-515,326,-157,0
3029.552330970764,8104,7220,11676,-187,64,117,7312,-8164,11168,-38,109,-176,-13116,3888,6932,-871,13,-27,-13280,-5936,6916,-498,356,-156,0
3029.5856070518494,8008,7212,11356,-511,59,140,7224,-8288,11112,-128,51,-189,-13272,3888,7044,-839,39,-53,-13188,-6272,6936,-437,323,-137,0
3029.619284152984,8072,7376,11308,-215,69,132,7208,-8188,11116,-131,136,-179,-13268,3964,7136,-825,-29,-46,-13356,-6316,6912,-367,357,-104,0
3029.6525559425354,8092,7280,11308,-241,43,97,7428,-8308,11028,-157,211,-174,-13252,3772,7232,-793,-145,-15,-13360,-5908,6888,-474,489,-147,0
3029.685786008835,8104,7272,11724,-270,110,51,7276,-8256,11088,-130,178,-187,-13276,4088,7380,-759,-82,-91,-13520,-6276,6876,-423,570,-143,0
3029.7191200256348,7972,7288,11384,-228,105,55,7252,-8272,10972,-151,322,-152,-13104,3588,7132,-805,-219,-84,-13224,-6336,7120,-450,366,-140,0
3029.7527339458466,8080,7308,11392,-211,51,28,7252,-8312,10992,-97,273,-163,-13016,3760,6856,-858,-37,-43,-13252,-6076,7120,-441,189,-154,0
3029.7862141132355,8024,7168,11276,-217,29,57,7292,-8320,11132,-81,188,-163,-13012,3964,6920,-797,1,-30,-13172,-6176,6936,-551,120,-169,0
3029.8200249671936,7992,7196,11500,-142,-53,113,7288,-8296,11040,-64,68,-148,-13084,4024,6848,-796,36,-242,-13228,-6148,7068,-579,-230,-176,0
3029.8533251285553,8004,7360,11320,-94,-106,172,7288,-8384,10964,-15,46,-131,-13140,4112,6932,-562,88,-37,-13284,-6232,6992,-630,-385,-184,0
3029.889703989029,8184,7256,11432,-111,-76,149,7192,-8376,11220,-37,81,-165,-13088,3932,7016,-600,354,-59,-13120,-6248,6768,-622,-43,-154,0
3029.9255340099335,8112,7224,11412,-208,25,113,7312,-8316,10932,10,157,-181,-13224,3928,7412,-899,153,-131,-13196,-6192,6708,-582,217,-145,0
3029.9611661434174,8120,7200,11304,-189,-23,103,7320,-8268,11180,24,247,-161,-13256,4032,7016,-964,65,-85,-13540,-6264,6924,-545,182,-145,0
3029.9961950778966,8108,7232,11432,-165,-21,62,7264,-8296,11052,252,177,-184,-13032,3840,6948,-856,121,-72,-13300,-6232,6960,-478,56,-126,0
3030.032063961029,7700,7260,11468,-232,-9,114,7324,-8316,10980,-45,122,-177,-13088,3936,6824,-886,222,-53,-13136,-6144,6784,-501,18,-121,0
3030.0681071281433,8004,7264,11308,-284,-31,138,7304,-8336,11176,-58,138,-183,-13076,3968,7072,-937,213,-73,-13252,-6240,6932,-520,149,-102,0
3030.1033170223236,8104,7216,11348,-249,-64,148,7296,-8384,11148,-46,146,-173,-13252,4012,7032,-959,164,-126,-13540,-6236,6896,-489,226,-64,0
3030.1391439437866,8072,7276,11428,-273,-59,162,7256,-8344,11152,-45,163,-196,-13116,3952,7152,-977,198,-117,-13216,-6304,6844,-514,225,-86,0
3030.1742310523987,7980,7400,11468,-267,-104,150,7188,-8280,11136,-34,162,-223,-13160,4064,6932,-968,150,-128,-13296,-6348,6924,-482,268,-64,0
3030.2101950645447,8132,7416,11336,-282,-97,145,7416,-8236,10772,-41,136,-242,-13048,3896,7072,-951,184,-156,-13288,-6192,6868,-519,280,-18,0
3030.2451450824738,8080,7196,11444,-276,-128,175,7264,-8232,11040,-87,129,-510,-13204,3916,7076,-963,138,-147,-13208,-6228,6924,-532,225,-50,0
3030.2803089618683,7764,7396,11416,-297,-130,152,7368,-8308,11188,-48,140,-273,-13116,3912,7084,-953,103,-125,-13288,-6132,6880,-483,232,-52,0
3030.316134929657,8004,7180,11488,-297,-141,120,7268,-8000,11072,-30,82,-250,-13156,4000,6908,-981,187,-134,-13316,-6236,6928,-474,238,-46,0
3030.3518419265747,8168,7208,11284,-302,-113,169,7216,-8224,10984,-60,21,-236,-13088,3936,6956,-890,37,-89,-13384,-6340,7008,-569,139,-17,0
3030.3876519203186,8160,7356,11408,-321,-130,153,7260,-8220,11212,-96,102,-227,-13204,3928,7008,-968,78,-48,-13348,-6220,6916,-438,149,-51,3
3030.4227640628815,8024,7060,11304,-330,-117,142,7360,-8264,11012,-13,128,-226,-13216,3880,7004,-971,251,-115,-13256,-6248,6988,-420,150,-52,3
3030.4587531089783,7964,7092,11672,-275,-119,119,7356,-8368,11044,-23,147,-238,-13224,4000,7156,-1021,45,-111,-13396,-5960,6808,-531,306,-104,3
3030.4942071437836,8096,7128,11592,-276,-163,110,7340,-8388,11020,-15,179,-505,-13144,3844,7136,-968,7,-148,-13344,-6060,6760,-465,284,-79,3
3030.5311620235443,7984,7108,11516,-203,-154,146,7252,-8256,11224,-47,189,-204,-13100,4288,6792,-996,36,-130,-13248,-6148,6780,-449,256,-67,3
3030.564743041992,8084,7180,11324,-228,-155,177,7276,-8316,11040,-43,122,-181,-13156,3928,7016,-1039,94,-60,-13256,-6204,6832,-456,257,-97,3
3030.598119020462,7988,7420,11688,-215,-182,161,7276,-8228,10896,-20,150,-206,-13092,3912,7000,-1039,34,-66,-13228,-6100,6808,-482,226,-108,3
3030.6317250728607,8040,7196,11320,-201,-166,121,7288,-8212,11020,-23,167,-205,-13184,4004,6912,-1073,253,-135,-13304,-6188,6896,-766,248,-88,0
3030.665223121643,8080,7060,11576,-180,-145,147,7320,-8204,11016,-10,160,-203,-12864,4000,6776,-1052,-10,-147,-13332,-6240,6856,-488,508,-75,0
3030.6986129283905,8140,7032,11428,-200,-98,126,7416,-8272,10852,-37,140,-209,-13084,3964,6844,-1043,67,-77,-13192,-6116,6756,-429,259,-83,0
3030.7321641445164,8204,7100,11416,-218,-97,135,7360,-8236,10904,-30,147,-216,-12984,3980,6904,-1054,112,-116,-13296,-6096,6848,-404,194,-106,0
3030.7655379772186,8068,7040,11388,-179,253,105,7656,-8212,11124,-47,149,-199,-13100,3900,6928,-1064,14,-129,-13408,-6148,6732,-462,209,-134,0
3030.799087047577,8216,7020,11400,-188,28,92,7392,-7960,11040,-55,210,-146,-13224,3920,7072,-1105,33,-95,-13372,-6172,6468,-449,227,-137,0
3030.8326420784,8152,7096,11464,-239,125,65,7176,-7964,11128,-11,200,-156,-13200,3792,7044,-1124,16,217,-13332,-6132,6468,-426,163,-115,0
3030.866231918335,8140,7124,11716,-508,68,82,7320,-8260,11244,-68,248,-135,-13116,3944,7132,-1162,-4,-34,-13384,-6224,6876,-395,172,-136,0
3030.8991670608525,8024,7284,11420,-241,79,57,7336,-8212,11080,-77,191,-117,-13132,3936,7144,-1154,249,-52,-13164,-6196,6864,-440,153,-132,0
3030.9326939582825,7936,7120,11420,-204,34,105,7240,-7968,11324,-251,203,-142,-13000,3868,6932,-1124,18,-51,-13172,-6256,6832,-441,104,-185,0
3030.966248989105,7976,7176,11480,-183,29,57,7284,-8336,10988,-71,235,-173,-13056,3904,7016,-1104,34,-26,-13252,-6244,6828,-490,105,-163,0
3030.9997999668126,7896,7104,11512,-186,-29,52,7208,-8296,11120,-40,175,-179,-12876,4080,7120,-1076,4,-31,-13140,-6244,7016,-473,118,-140,0
3031.0334219932556,8000,7224,11588,-177,23,65,7280,-8304,11168,-73,183,-128,-13112,3992,7072,-1063,40,-21,-13336,-6216,6856,-504,55,-155,0
3031.0673699378967,8028,6948,11272,-125,21,82,7380,-8292,10972,-74,182,-109,-13288,3616,7080,-1069,57,-249,-13260,-6272,6664,-504,78,-159,0
3031.105658054352,8152,7136,11616,-132,24,73,7288,-8304,11156,-40,187,-151,-13148,3796,6988,-1029,31,-43,-13332,-6220,6776,-490,94,-164,0
3031.1396770477295,8016,7144,11652,-187,-51,64,7368,-8252,11132,-85,173,-167,-13080,3932,7108,-993,43,-67,-13228,-6292,6828,-483,121,-157,0
3031.1730279922485,8036,7076,11456,-180,-64,44,7388,-8352,10952,-51,211,-191,-12900,3928,6992,-1004,41,-57,-13208,-6196,6668,-488,134,-187,0
3031.206932067871,7960,7356,11372,-155,-81,43,7300,-8328,10936,-56,192,-201,-13032,3924,6996,-995,76,-68,-13376,-6196,6860,-465,118,-151,0
3031.240415096283,8068,7032,11480,-150,-45,77,7412,-8276,11036,-61,131,-224,-12924,3980,7032,-1017,97,-52,-13076,-6120,6764,-447,137,-135,0
3031.2738559246063,8172,7060,11684,-191,-120,53,7300,-8340,11112,-64,163,-179,-13056,3964,7056,-989,62,-73,-13108,-6196,7088,-456,150,-129,0
3031.3073790073395,8140,7148,11384,-179,-94,96,7264,-8320,11052,-58,149,-174,-13044,3932,7028,-772,58,-84,-13156,-6260,7140,-487,123,-138,0
3031.3407139778137,8020,7192,11468,-152,-51,90,7268,-8316,10784,-74,182,-168,-13032,3952,7132,-1046,112,-39,-13312,-6236,6992,-490,113,-128,0
3031.3740940093994,7968,7056,11432,-139,-37,102,7252,-8368,11100,-73,164,-136,-13084,3872,7144,-1015,82,-66,-13292,-6208,6776,-762,95,-124,0
3031.4075131416325,7984,7244,11468,-153,-46,82,7228,-8372,11028,-40,171,-137,-13176,3912,7108,-995,120,-104,-13244,-6240,6880,-497,120,-142,0
3031.4410560131073,7688,7228,11316,-182,-34,77,6992,-8212,11160,-255,139,-173,-13144,3944,6928,-1050,98,-86,-13272,-6256,6840,-470,138,-115,0
3031.4746670722966,8036,7380,11588,-169,-85,113,7188,-8300,11016,-16,132,-195,-13072,3884,7376,-1037,138,-93,-13212,-6264,6668,-480,143,-80,0
3031.508147954941,8052,7212,11616,-172,-148,107,6968,-8384,11112,7,112,-239,-12996,3936,6916,-1028,196,-129,-13544,-6308,6772,-490,208,-81,0
3031.5413229465485,7968,7188,11436,-141,-238,126,7168,-8404,11108,-52,76,-510,-13012,3872,7188,-1041,189,-138,-13276,-5972,6888,-493,175,-66,0
3031.5792529582977,8072,7088,11544,-129,-205,156,7272,-8348,11224,-58,82,-213,-12976,3944,6992,-990,182,-133,-13568,-5900,6792,-494,151,-54,0
3031.6149599552155,8084,7000,11432,-164,-175,148,7260,-8316,11080,-37,71,-205,-13112,4016,7048,-1276,197,-84,-13356,-6204,6792,-506,161,-38,0
3031.6507840156555,8068,7072,11400,-160,-161,161,7296,-8300,11060,2,76,-195,-13160,3840,7076,-1050,193,-132,-13396,-6236,6828,-497,131,-63,0
3031.6861059665684,8036,7028,11664,-149,-162,149,7280,-8288,11080,2,82,-197,-13040,3924,7136,-988,151,-129,-13092,-6216,6864,-502,159,-73,0
3031.7220561504364,8056,7096,11552,-153,-178,177,7300,-8320,11080,19,77,-219,-13088,3972,7144,-1034,147,-130,-13340,-6216,6856,-488,207,-60,0
3031.757899045944,8124,7416,11292,-175,-218,161,7360,-8268,11240,4,69,-244,-12816,3868,7012,-1270,205,-152,-13376,-6228,6928,-488,170,-44,0
3031.793245077133,8108,7200,11412,-182,-206,153,7176,-8284,11188,-25,77,-210,-13060,3900,7176,-1024,159,-81,-13316,-6208,6824,-483,127,-61,0
3031.8282940387726,8148,7068,11640,-220,-180,156,7312,-8320,10884,25,56,-214,-13308,4020,7140,-1068,168,-123,-13340,-6212,6828,-481,151,-93,0
3031.863920927048,8084,7212,11400,-160,-161,157,7260,-8252,11184,5,63,-186,-13100,3776,6924,-1034,181,-77,-13220,-6284,6812,-467,135,-84,0
3031.899722099304,8156,7196,11432,-185,-151,94,7344,-8256,11232,-8,85,-251,-13140,3928,7096,-1013,174,-166,-13164,-6144,6684,-511,212,-72,0
3031.9350061416626,8076,7120,11448,-195,-161,140,7280,-8296,11032,-7,56,-221,-13184,3976,6792,-1071,173,-84,-13408,-6152,6856,-464,156,-41,0
3031.970642089844,8084,7156,11436,-167,-147,174,7396,-8300,11176,-33,98,-167,-13096,3904,7056,-1014,175,-85,-13060,-6208,6848,-439,75,-57,0
3032.006114959717,8048,7160,11392,-199,-119,144,7316,-8228,10824,-40,94,-157,-13264,3948,6976,-1012,202,-101,-13312,-6384,6784,-504,87,-59,0
3032.041785955429,8004,7120,11268,-158,-114,132,7368,-8276,11020,-69,97,-168,-13068,3592,7096,-1005,154,-65,-13560,-6044,6724,-521,77,-69,0
3032.077605009079,8236,7160,11404,-164,-111,130,7300,-8376,11204,-255,115,-194,-13072,3840,6948,-1057,192,-118,-13308,-6204,6648,-491,139,-83,0
3032.1130559444427,8080,7136,11304,-129,-116,130,7260,-8376,11096,-7,71,-194,-13172,3940,6984,-1022,184,-72,-13268,-6224,6800,-497,165,-52,0
3032.1485669612885,8188,7104,11396,-148,-160,116,7336,-8212,11028,-21,93,-216,-13144,4088,6964,-1021,172,-116,-13416,-5920,6940,-453,133,-73,0
3032.1839089393616,8208,7080,11392,-157,-160,118,7272,-8272,10904,12,106,-206,-13188,3956,6964,-1040,177,-84,-13380,-6104,6764,-466,125,-68,0
3032.22026515007,8152,7104,11504,-159,-133,143,7356,-8204,11044,-19,75,-183,-13148,3904,7160,-1067,153,-107,-13316,-6096,6820,-493,93,-108,0
3032.2538580894466,8136,6916,11296,-149,-84,97,7396,-8224,11028,-24,123,-162,-13076,3948,6872,-1279,119,-75,-13500,-6152,6888,-512,119,-135,0
3032.2872700691223,7964,7112,11416,-166,-104,127,7336,-8244,10888,-19,150,-202,-13136,3864,6900,-1035,118,-34,-13308,-6172,6436,-475,115,-151,0
3032.3208611011505,8060,7176,11492,-169,-53,92,7556,-8276,10972,-28,159,-170,-13084,3816,7100,-1051,90,-36,-13328,-6080,6656,-478,113,-137,0
3032.3545260429382,7936,7064,11236,-175,-16,99,7304,-8312,11068,-26,178,-179,-13124,3828,6984,-1034,95,-88,-13392,-6156,6684,-477,111,-108,0
3032.387679100036,8100,7180,11464,-157,-21,78,7220,-8232,10964,-19,161,-154,-12832,3796,6940,-1060,154,-96,-13124,-6180,6820,-410,108,-110,0
3032.4210109710693,8184,7104,11416,-168,-59,98,7660,-8308,11072,-24,108,-187,-13124,3884,7140,-1018,181,-76,-13284,-6180,6732,-431,147,-92,0
3032.4545469284058,8012,6944,11452,-169,-65,97,7348,-8288,10752,-41,128,-179,-13104,3980,6840,-1027,175,-68,-13320,-6228,6684,-449,122,-91,0
3032.48819899559,8432,7120,11496,-128,-55,107,7380,-8324,11192,-40,120,-177,-13112,3932,7044,-1041,116,-87,-13568,-6284,6900,-504,103,-122,0
3032.5218350887294,7968,7096,11336,-161,-85,95,7372,-8304,11160,-14,161,-150,-13164,3840,7048,-1038,120,-81,-13316,-6356,6880,-449,93,-134,0
3032.5555131435394,8044,7144,11260,-136,0,69,7300,-8212,11016,19,165,-134,-13140,3892,6792,-1005,105,-61,-13068,-6196,7100,-445,71,-141,0
3032.5889830589294,8200,7100,11420,-165,-91,66,7364,-8332,11132,-7,131,-185,-13144,3812,7332,-1041,85,-59,-13256,-6180,6776,-447,98,-93,0
3032.622451066971,8140,7112,11480,-176,-163,125,7408,-8232,11072,-23,105,-175,-13140,3900,7012,-771,108,-33,-13316,-6144,6820,-428,58,-89,0
3032.655813932419,8140,7156,11436,-100,-176,144,7204,-8340,11088,-40,65,-175,-13112,3832,6956,-1038,132,-78,-13236,-6208,6828,-444,9,-111,0
3032.6893339157104,8060,7136,11300,-133,-117,154,7304,-8332,10996,-64,99,-178,-13120,3800,7056,-989,110,-79,-13404,-6092,6824,-489,82,-120,0
3032.723133087158,8184,7100,11396,-149,-65,96,7488,-8264,11132,-56,153,-181,-13240,3832,7160,-1006,78,-64,-13288,-6156,6800,-496,121,-153,0
3032.756731033325,8252,7144,11420,-137,-104,77,7388,-8244,10952,-50,158,-179,-13180,4064,6988,-1009,242,-46,-13356,-6136,7004,-469,86,-135,0
3032.7897341251373,8216,7252,11316,-118,-114,116,7292,-8224,11100,-7,110,-193,-13064,3884,6956,-1058,74,-56,-13336,-6200,6912,-451,33,-94,0
3032.8232300281525,8120,7088,11356,-111,-179,134,7312,-8288,10960,-80,51,-200,-13248,3816,6956,-1011,167,-100,-13392,-6140,6912,-483,-18,-130,0
3032.8568940162654,8196,7252,11232,-95,-176,131,7388,-8316,11012,-31,32,-208,-13092,3812,7208,-1003,157,-77,-13376,-6180,6716,-489,58,-89,0
3032.8901970386505,8232,7084,11344,-120,-106,117,7668,-8356,11040,-9,112,-187,-13220,4044,7064,-1021,44,-1,-13352,-6168,6840,-463,102,-162,0
3032.9237070083614,8260,7184,11412,-165,8,102,7364,-8220,11088,-8,183,-123,-13140,4088,7376,-1011,20,-21,-13512,-6208,6840,-482,56,-135,0
3032.9573979377747,8104,6916,11380,-206,13,86,7300,-8296,10932,-60,141,-162,-13160,3944,7080,-979,78,-58,-13272,-6248,6700,-461,125,-84,0
3032.990942955017,8088,7280,11300,-168,-72,91,7328,-8276,11212,-74,110,-181,-13112,3864,6876,-963,80,-113,-13316,-6168,6932,-468,123,-94,0
3033.024487018585,8212,6976,11320,-128,-91,113,7328,-8276,11076,-55,98,-195,-13180,3992,6920,-1001,59,-75,-13284,-6212,6936,-475,142,-153,0
3033.0582189559937,7956,7356,11344,-139,-38,96,7380,-8220,11020,-52,145,-170,-13012,3836,6936,-981,40,-61,-13192,-6148,6668,-479,142,-127,0
3033.0918619632725,8092,7100,11400,-193,-41,89,7300,-8280,11108,-36,134,-188,-13028,3952,6992,-955,105,-55,-13212,-6180,6852,-422,177,-73,0
3033.1254301071167,8140,7204,11424,-184,-37,141,7420,-8320,11048,-50,114,-183,-13120,3976,7144,-983,58,-87,-13288,-6184,6992,-476,154,-82,0
3033.158425092697,8204,7096,11360,-164,-30,114,7648,-8316,11056,-38,96,-176,-13216,3840,7092,-1006,74,-74,-13372,-6152,6968,-491,186,-110,0
3033.1918959617615,7940,7416,11428,-190,-62,137,7288,-8228,11024,-31,115,-170,-13148,3928,7216,-1004,52,-65,-13212,-6344,6944,-480,123,-124,0
3033.2252080440526,8128,7224,11408,-118,-32,108,7372,-8248,10996,-54,121,-163,-13384,3920,6832,-1114,94,-55,-13540,-6108,6756,-475,129,-117,0
3033.26265001297,8088,7156,11164,-179,-56,39,7660,-8296,11152,-31,146,-200,-13164,3856,6944,-979,69,-92,-13300,-6084,6796,-482,159,-162,0
3033.2987339496613,8104,7176,11468,-193,-16,88,7420,-8168,10936,-25,155,-189,-13160,3876,6864,-1002,65,-86,-13392,-5900,6924,-442,158,-109,0
3033.3342111110687,8144,7136,11392,-201,13,94,7408,-8288,11240,252,145,-171,-13132,3852,6952,-911,-161,-51,-13300,-6192,6824,-425,109,-134,0
3033.3696999549866,8076,7228,11416,-213,13,82,7400,-8336,11092,-68,137,-188,-12816,3932,7012,-987,56,-48,-13436,-6196,6924,-447,164,-124,0
3033.405079126358,8080,7108,11348,-173,-18,135,7356,-8344,11084,-62,143,-158,-13064,3956,7212,-1000,50,-87,-13188,-6048,6672,-497,181,-125,0
3033.4405670166016,8376,7384,11376,-201,-28,115,7388,-8256,11096,-20,142,-184,-13128,3952,7128,-1036,102,-124,-13264,-6092,6720,-490,215,-99,0
3033.4761679172516,8156,7332,11492,-226,-5,140,7332,-8244,11064,-27,139,-199,-12988,4008,6896,-1275,93,-67,-13236,-6172,7160,-459,203,-95,0
3033.5117540359497,8100,7232,11772,-247,-52,146,7240,-8244,10968,-27,159,-171,-13204,3792,7692,-1056,40,-79,-13332,-6136,6788,-441,190,-91,0
3033.54803609848,8084,7116,11464,-235,-24,127,7364,-8332,11208,-80,122,-181,-13168,3832,6936,-1005,94,-99,-13216,-6128,6888,-461,181,-87,0
3033.5834000110626,8036,7092,11516,-206,-39,111,7344,-8272,10996,-13,119,-193,-13092,4032,7076,-1033,102,-67,-13368,-6124,6760,-486,213,-116,0
3033.619117975235,8200,6936,11340,-264,-30,109,7468,-8212,10996,-25,307,-195,-12928,3828,6820,-1010,117,-65,-13332,-6160,6716,-442,176,-151,0
3033.6541199684143,8004,7060,11424,-271,-17,89,7304,-8276,10864,-39,192,-174,-13100,3948,6972,-1005,62,-83,-13296,-5920,7000,-441,225,-140,0
3033.690246105194,8052,7132,11220,-275,-38,116,7348,-8332,11116,-24,161,-199,-13136,3904,7088,-810,-304,-102,-13312,-6188,6924,-462,210,-121,0
3033.7256441116333,8060,7092,11480,-234,-18,98,7356,-8276,11048,-34,137,-187,-13152,3908,7164,-993,67,-63,-13236,-6080,6940,-477,202,-124,0
3033.761171102524,8120,7168,11388,-245,-25,80,7360,-8300,11020,-20,166,-194,-13072,3936,6972,-1011,65,-90,-13196,-6092,6788,-469,268,-120,0
3033.7960889339447,8000,7112,11284,-306,-10,116,7412,-8292,11112,5,172,-195,-13140,3628,6972,-1279,81,-67,-13320,-6216,6856,-450,271,-116,0
3033.831696033478,8124,7236,11416,-293,15,107,7376,-8220,11168,-52,145,-165,-13092,3856,7012,-940,67,-85,-13344,-6180,6968,-479,263,-109,0
3033.867784023285,7976,7076,11364,-305,0,123,7324,-8304,11216,-32,158,-164,-13296,3920,7484,-961,-86,-100,-13164,-6172,6856,-471,278,-116,0
3033.9031529426575,8044,7100,11304,-307,22,132,7316,-7976,11140,-8,289,-111,-13288,4068,6800,-1003,91,-103,-13400,-6228,6840,-437,275,-94,0
3033.936849117279,8100,7268,11372,-281,9,116,7636,-8440,10860,-85,159,-158,-13188,3608,7108,-987,84,-63,-13368,-6400,6784,-470,225,-152,0
3033.970626115799,8020,7088,11344,-269,70,84,7380,-8264,11196,-113,164,-177,-12848,3920,7144,-907,-245,-48,-13312,-6028,6848,-481,273,-148,0
3034.004212141037,8068,7052,11512,-267,84,105,7308,-8296,10996,-13,180,-183,-13104,3920,6928,-1002,49,-68,-13132,-6156,6740,-493,290,-112,0
3034.037733078003,8036,7124,11460,-304,17,93,7308,-8176,11012,-52,171,-154,-13100,3860,7120,-958,-19,-65,-13444,-6188,6824,-429,184,-107,0
3034.0713169574738,8140,7112,11428,-296,40,118,7256,-8264,10764,-59,184,-162,-13052,3944,7244,-951,85,-59,-13300,-6244,6852,-446,197,-142,0
3034.1049790382385,8076,7056,11540,-293,26,95,7244,-8228,11132,-67,164,-155,-13156,3904,7120,-986,103,-91,-13300,-6156,6692,-483,240,-127,0
3034.138580083847,8164,7128,11576,-227,14,125,7456,-8280,11024,-14,140,-184,-13120,3840,7124,-972,66,-89,-13292,-6348,6808,-478,270,-131,0
3034.1721410751343,8136,6976,11364,-253,0,122,7272,-8372,11104,-11,144,-186,-13120,3888,6984,-1043,115,-65,-13344,-6360,7156,-469,246,-102,0
3034.2055349349976,8056,7092,11676,-282,-78,134,7292,-8172,11008,-7,124,-220,-13084,3880,6984,-1022,102,-103,-13292,-6168,6792,-470,233,-113,0
3034.239193916321,7960,6996,11536,-249,-67,134,7320,-8336,11116,-46,158,-189,-13060,4008,7124,-989,133,-111,-13184,-6072,6736,-488,210,-113,0
3034.272485971451,8024,6972,11320,-244,-77,105,7352,-8264,11136,-31,160,-186,-12812,3948,6896,-991,98,-99,-13480,-6144,6700,-489,244,-71,0
3034.3056769371033,8176,7016,11540,-261,-56,133,7296,-8388,11132,-33,142,-181,-13092,3636,7036,-1044,102,-45,-13224,-6160,6788,-465,177,-120,0
3034.3393189907074,8104,7096,11452,-227,-88,105,7324,-8300,10976,-43,142,-187,-13088,3964,7176,-994,78,-106,-13452,-6140,6760,-477,145,-112,0
3034.3727729320526,8424,7016,11312,-216,-71,89,7360,-8336,11096,-59,188,-175,-13140,4056,7008,-1031,106,-112,-13364,-6096,6740,-490,143,-169,0
3034.406070947647,8028,7140,11340,-199,-62,93,7848,-8012,10664,-6,477,-178,-12916,3860,6784,-995,71,-72,-13280,-6120,6804,-469,217,-114,0
3034.4397859573364,7752,7072,11448,-201,-58,108,7296,-8252,11216,47,128,-181,-12996,3872,7056,-1048,159,-95,-13360,-6208,6688,-478,147,-71,0
3034.473302125931,7964,6984,11636,-249,-102,110,7260,-8340,11120,-53,119,-178,-13120,3908,6968,-1000,126,-99,-13300,-6176,6800,-488,170,-110,0
3034.5068049430847,8004,6912,11560,-204,-104,120,7288,-8204,11184,-35,156,-207,-13308,3884,7140,-987,95,-98,-13452,-6036,6744,-502,140,-140,0
3034.540297985077,8100,7028,11468,-200,-73,123,7296,-8328,10784,-15,139,-143,-13120,3892,6932,-1051,110,-67,-13328,-6088,6728,-479,171,-111,0
3034.5738549232483,8028,7056,11472,-208,-80,95,7360,-8236,10928,-25,160,-168,-12820,4036,7116,-1013,124,-58,-13264,-6188,6768,-443,115,-124,0
3034.6071150302887,8048,7028,11400,-209,-47,98,7244,-8304,11188,-94,126,-145,-13088,3904,6912,-1007,142,-8,-13364,-6128,6752,-498,30,-145,0
3034.6405389308934,8084,6920,11484,-181,12,57,7392,-8344,10924,-126,161,-120,-13100,3992,7220,-991,9,-50,-13164,-6356,6692,-766,38,-200,0
3034.674108982086,8116,7132,11556,-188,69,37,7316,-8264,10904,-28,280,-79,-13056,3956,6952,-1000,51,235,-13392,-6148,6676,-482,18,-211,0
3034.7075519561768,8040,6728,11548,-186,73,245,7208,-8320,10996,-28,292,-104,-13088,3892,6980,-998,48,2,-13316,-6104,6668,-447,69,-205,0
3034.7411420345306,7984,6984,11544,-219,65,34,7268,-8280,10976,-59,247,-150,-13280,3848,6928,-1001,71,-44,-13384,-5932,6856,-458,110,-175,0
3034.7747409343724,8052,7084,11624,-222,-44,73,7324,-8264,11112,-47,154,-176,-13168,3944,7408,-993,95,-57,-13196,-5944,6712,-448,174,-145,0
3034.8080649375916,7964,7064,11516,-208,-62,49,7304,-8280,11152,-81,183,-189,-13068,3916,6984,-772,155,-59,-13536,-6236,6808,-445,151,-132,0
3034.841210126877,7984,7012,11324,-213,-49,50,7252,-8296,11136,-85,201,-173,-12960,3944,7164,-998,98,-57,-13252,-6152,6816,-442,136,-154,0
3034.874908924103,8036,7024,11560,-188,-38,34,7064,-8260,11144,-77,226,-181,-13296,4000,7120,-1002,59,-33,-13084,-6068,6832,-461,89,-193,0
3034.910665035248,7840,7076,11576,-185,-253,72,7248,-8304,11040,-35,186,-162,-13032,3936,7380,-988,96,-27,-13256,-6248,6792,-452,100,-121,0
3034.9455411434174,7880,6960,11560,-184,-35,87,7180,-8396,11192,-14,164,-162,-13080,3988,7132,-1015,90,-79,-13272,-6216,6716,-481,137,-131,0
3034.9810490608215,7720,7036,11684,-200,-51,95,7204,-8316,11072,-23,165,-164,-13012,3940,7104,-1008,76,-60,-13372,-6176,6768,-479,145,-93,0
3035.017074108124,8064,7052,11540,-185,-137,111,7188,-8344,11028,2,124,-182,-13100,3992,7120,-1007,109,-84,-13224,-6380,6692,-482,149,-33,0
3035.052318096161,7944,6964,11672,-155,-183,157,7200,-8240,11004,-4,81,-230,-12832,3860,7164,-983,94,-105,-13360,-6188,6956,-470,170,-82,0
3035.088068008423,7992,7132,11736,-150,-237,163,7364,-8276,10968,18,82,-221,-13036,3968,7128,-1051,80,-142,-13336,-6236,6788,-435,112,-82,0
3035.122736930847,7980,7048,11684,-125,-225,164,7304,-8320,10908,43,63,-206,-13064,3912,7148,-1051,-255,-67,-13264,-6016,6808,-462,38,-92,0
3035.1580469608307,7944,6960,11516,-53,-304,162,7336,-8332,10972,51,47,-199,-13084,3892,7048,-1072,39,-114,-13356,-6388,6856,-443,-31,-112,0
3035.1928939819336,8080,7044,11540,-3,-321,167,7292,-8384,10832,110,80,-244,-13308,4004,6996,-1144,104,-124,-13320,-5944,6880,-441,-21,-125,0
3035.2283980846405,8040,7016,11548,9,-305,178,7216,-8308,11100,104,93,-208,-13124,3948,7132,-1095,61,-130,-13544,-6148,6832,-506,-35,-96,0
3035.263350009918,8092,7036,11536,7,-322,153,7192,-8316,11092,41,72,-214,-13072,3664,7224,-1061,121,-149,-13296,-6288,6840,-541,43,-128,0
3035.299163103104,7968,7056,11484,-72,-9,171,7312,-8236,11248,14,251,-214,-13232,3872,7220,-1048,169,-117,-13272,-6244,6908,-547,143,-43,0
3035.334428071976,8068,7028,11388,-146,-221,188,7324,-8224,11056,10,51,-219,-13132,3920,7152,-1039,188,-104,-13176,-6200,6736,-504,165,-27,0
3035.369856119156,8204,7000,11532,-221,-188,166,7196,-8188,11112,-22,81,-219,-13084,3968,7132,-993,177,-108,-13076,-6124,6860,-492,152,-67,0
3035.4051530361176,8172,7052,11376,-184,-158,171,7360,-8212,10892,-63,87,-191,-13144,3868,7352,-783,108,-76,-13316,-6076,6816,-508,106,-101,0
3035.440638065338,8152,7008,11496,-216,-129,134,7316,-8280,11256,-8,77,-160,-13052,3868,7176,-1073,90,-68,-13560,-6180,7164,-464,125,-66,0
3035.4761729240417,8040,7108,11744,-167,-71,144,7304,-8120,11068,-13,88,-147,-13040,3904,7088,-1010,160,-59,-13260,-6216,6720,-471,119,-119,0
3035.511693954468,8104,7044,11540,-192,-104,106,7352,-8424,11140,-49,89,-190,-13104,4044,7104,-1018,76,-73,-13400,-6040,6700,-481,206,-91,0
3035.547662019729,7976,6928,11364,-164,-82,156,7256,-8316,10912,-33,70,-168,-13224,3964,7280,-1072,61,-53,-13260,-6020,6672,-468,141,-79,0
3035.5833189487457,8168,7060,11460,-172,-54,129,7380,-8204,10812,-19,132,-153,-13120,3840,7232,-1278,106,-20,-13188,-6304,7152,-451,41,-98,0
3035.616874933243,7908,7048,11416,-193,-63,104,7320,-8244,11004,-48,164,-166,-12936,3864,7128,-1273,79,-47,-13228,-6388,6800,-459,113,-124,0
3035.6502671241765,8320,7064,11440,-162,-24,74,7372,-8248,10996,-87,154,-178,-13184,3964,7012,-1020,44,-53,-13204,-6140,6808,-482,141,-172,0
3035.683751106262,8156,7064,11480,-152,-25,59,7252,-8224,10912,-9,156,-157,-12972,3876,7092,-1048,88,-78,-13272,-6100,6804,-481,128,-152,0
3035.7174451351166,8004,6972,11384,-136,-35,91,7332,-7972,10940,-7,163,-181,-13080,3896,7156,-1019,128,-97,-13260,-6100,6836,-451,174,-116,0
3035.7508311271667,8200,7072,11572,-197,-52,96,7316,-8284,10936,-24,130,-204,-13068,3872,7356,-998,153,-76,-13388,-6088,6852,-476,156,-128,0
3035.7842359542847,8076,7004,11540,-204,-54,72,7272,-8288,11256,8,132,-165,-13132,3912,6900,-1277,190,-95,-13324,-6012,6968,-475,138,-102,0
3035.8176579475403,8208,7056,11540,-195,-26,103,7260,-8264,11208,-5,133,-157,-13296,3872,7208,-1052,197,-128,-13412,-6224,6936,-506,111,-144,0
3035.8511650562286,8108,7152,11332,-153,13,82,7264,-8156,10804,-4,144,-177,-13048,3800,7280,-1013,210,-75,-13184,-6172,6864,-576,66,-156,0
3035.8845870494843,8056,7080,11492,-179,23,83,7260,-8228,11116,9,179,-140,-13160,3628,7048,-1041,243,-25,-13336,-6196,6964,-597,54,-173,0
3035.9182040691376,8012,7084,11292,-229,47,79,7364,-8244,11084,-20,156,-159,-13080,3836,6924,-1014,278,-40,-13192,-6196,6636,-555,49,-166,0
3035.9515309333806,8064,7112,11472,-214,3,96,7260,-8276,11044,-20,118,-179,-13096,3792,7100,-979,204,-87,-13280,-6220,6844,-549,64,-149,0
3035.985090970993,8132,6976,11496,-215,-253,71,7328,-8200,11096,253,124,-176,-12928,3972,7320,-1010,185,-107,-13296,-6088,6772,-547,126,-143,0
3036.0187311172485,8068,7020,11628,-210,-18,74,7276,-8208,11148,-255,154,-174,-13120,3880,7164,-1024,163,-88,-13288,-6256,6780,-521,140,-153,0
3036.052304983139,8104,7116,11484,-188,-25,45,7340,-8248,10884,-4,152,-171,-13144,4072,7088,-973,153,-35,-13292,-6188,6896,-488,132,-141,0
3036.085699081421,8040,7008,11620,-174,15,81,7344,-8264,11052,-93,154,-163,-13084,3864,7032,-1000,150,-254,-13080,-6140,6920,-530,92,-133,0
3036.121551990509,8120,7048,11604,-143,-6,74,7392,-8364,11128,-92,153,-120,-12804,3888,7148,-1021,89,-45,-13168,-5960,6672,-508,61,-152,0
3036.1553699970245,7960,7100,11500,-168,29,74,7208,-8056,11100,-65,130,-118,-12828,3912,7020,-1038,117,-41,-13076,-6388,6884,-462,16,-137,0
3036.1887509822845,7984,7076,11496,-135,97,53,7304,-8208,11028,-118,99,-131,-13136,3660,7032,-947,82,-24,-13220,-6228,6664,-471,27,-164,0
3036.222281932831,8036,7100,11372,-205,85,36,7248,-8376,11216,-70,139,-143,-13056,3872,7192,-979,66,-238,-13216,-5996,6996,-430,127,-129,0
3036.255723953247,7944,7004,11516,-202,49,53,7328,-8284,11048,-48,160,-158,-12808,3852,7184,-1272,55,-45,-13196,-6240,7000,-490,124,-143,0
3036.2890701293945,8036,6984,11540,-175,17,80,7328,-8284,11068,-50,151,-155,-13312,3888,6960,-946,76,-73,-13492,-6388,6984,-482,102,-137,0
3036.3226969242096,8000,7080,11604,-208,17,84,7220,-8316,10972,-66,139,-171,-13124,3932,6940,-931,68,-35,-13260,-5944,6944,-476,117,-138,0
3036.355859041214,8048,7120,11516,-165,-5,78,7596,-8380,11192,-103,148,-131,-13096,3892,7136,-941,64,-30,-13252,-6352,7048,-535,109,-133,0
3036.3891739845276,8028,7092,11580,-179,-33,69,7292,-8284,11000,-53,176,-190,-13288,3908,7072,-939,30,-105,-13176,-5904,6884,-517,175,-145,0
3036.4224820137024,7724,7052,11356,-144,252,98,7188,-8244,10944,-51,151,-174,-13084,4016,7044,-977,113,-72,-13192,-6368,6664,-510,143,-125,0
3036.4561800956726,7988,7012,11660,-171,-44,117,7308,-8436,10788,-52,120,-195,-13120,4020,6900,-980,109,-93,-13220,-6292,7032,-508,140,-105,0
3036.4895889759064,8044,7000,11416,-170,-62,91,7368,-8272,11144,-54,160,-128,-13104,3920,6940,-1014,111,-52,-13224,-6152,6968,-499,117,-136,0
3036.5232920646667,7980,7056,11608,-183,-50,98,7324,-8268,11136,-47,124,-154,-13312,3948,6928,-1040,103,-73,-13248,-6268,6824,-494,110,-139,0
3036.5568850040436,8036,7188,11604,-168,-29,105,7380,-8268,11088,-56,137,-175,-13224,3944,7116,-1036,49,-79,-13220,-6204,6856,-491,120,-129,0
3036.5927679538727,7692,7092,11764,-200,-21,90,7204,-8316,11256,-34,129,-170,-13004,3776,7156,-775,63,-33,-13252,-6272,7080,-471,119,-96,0
3036.6287569999695,7968,7164,11480,-214,-28,90,7288,-8248,11132,-4,158,-181,-13128,3908,7356,-1100,94,-92,-13256,-6124,6948,-482,97,-103,0
3036.6654829978943,7776,7128,11672,-228,-94,100,7196,-8328,11128,-14,135,-202,-13032,3868,7164,-1066,88,-91,-13324,-6256,6992,-472,155,-84,0
3036.701106071472,8188,7136,11528,-151,-118,139,7316,-8420,11056,-54,121,-198,-13096,3828,7148,-1051,93,-76,-13220,-6216,6856,-531,138,-118,0
3036.7361140251164,7956,7360,11488,-192,-169,117,7232,-8340,11108,-50,108,-209,-13256,4000,7420,-1036,108,-148,-13236,-6168,6896,-468,226,-77,0
3036.7717599868774,7776,7076,11368,-242,-156,166,7236,-8300,11060,-50,122,-223,-13060,3868,7172,-1062,158,-118,-13204,-6228,6712,-466,273,-45,0
3036.807604074478,8072,7136,11572,-234,-188,167,7384,-8448,11092,-43,93,-200,-13292,3964,7196,-1091,180,-127,-13236,-6288,6976,-478,236,-54,0
3036.842901945114,7956,7044,11568,-220,-126,175,7308,-8304,11252,1,134,-175,-13004,3804,7064,-1013,103,-139,-13264,-6372,6744,-490,206,-56,0
3036.878123044968,8016,7068,11300,-174,-87,153,7336,-8236,11100,-4,107,-198,-13136,3856,7044,-1022,171,-137,-13256,-6300,6860,-454,206,-50,0
3036.913286924362,8068,7044,11616,-176,-123,124,7348,-8296,11080,-11,126,-212,-13144,3860,7216,-986,144,-156,-13556,-6124,6880,-506,272,-22,0
3036.949314117432,8072,7020,11472,-231,-146,142,7268,-8268,11020,-46,117,-197,-13052,3920,7036,-769,89,-93,-13216,-5948,6928,-471,233,-45,0
3036.9848330020905,8084,7100,11544,-178,-138,154,7356,-8332,11120,-29,131,-157,-13128,3872,7068,-976,86,-122,-13436,-6152,6852,-494,179,-100,0
3037.0203211307526,8032,7064,11460,-215,-109,151,7352,-8292,11448,-65,109,-136,-13048,3860,7140,-932,120,-79,-13372,-6180,6824,-471,175,-50,0
3037.0554609298706,7808,7072,11624,-205,-113,148,7192,-8268,11248,-114,134,-180,-13276,3848,7396,-943,78,-113,-13248,-6116,6900,-503,183,-80,0
3037.0912759304047,8084,7008,11280,-142,-157,153,7368,-8248,11176,-59,114,-208,-13128,3836,7016,-958,47,-111,-13224,-6116,6832,-519,231,-94,0
3037.1274421215057,8068,7068,11604,-135,-190,149,7360,-8368,11004,-75,83,-214,-12992,3948,7116,-996,58,-159,-13256,-6128,7000,-472,247,-95,0
3037.1625471115112,8032,6956,11476,-175,-194,146,7288,-8272,10972,-68,109,-210,-13000,3856,7032,-982,72,-67,-13064,-5980,7096,-424,218,-102,0
3037.1980171203613,8000,6960,11512,-179,-134,140,7352,-8276,11004,-87,91,-190,-13080,3860,7136,-974,38,-93,-13316,-6172,6836,-451,220,-102,0
3037.2333221435547,8104,7108,11700,-154,-135,113,7416,-8344,10960,-103,147,-185,-13120,3920,7168,-1275,11,-61,-13304,-6352,6828,-480,211,-131,0
3037.2687799930573,8048,7128,11404,-163,-109,125,7296,-7976,11188,-94,175,-187,-12820,3584,7320,-1011,12,-41,-13248,-6172,6664,-428,184,-151,0
3037.3020210266113,8116,7004,11060,-226,-76,120,7356,-8244,11132,-132,174,-158,-13184,3944,7216,-996,-31,-25,-13556,-6200,6848,-401,177,-131,0
3037.3357100486755,8100,7000,11500,-201,-46,99,7376,-8340,10940,-142,159,-163,-13112,3888,6916,-1025,-128,-68,-13356,-6096,6792,-405,192,-169,0
3037.3690659999847,8084,7076,11480,-192,-44,83,7324,-8328,10856,-124,161,-170,-12804,3792,7160,-1052,-95,-66,-13376,-6204,6740,-401,205,-155,0
3037.402456998825,8008,6972,11676,-156,-87,86,7268,-8264,11104,-157,121,-155,-13280,3908,7204,-1005,-103,-29,-13204,-6192,6892,-380,201,-153,0
3037.4358720779414,8060,7052,11756,-169,-112,76,7320,-8432,11060,-187,125,-189,-12976,3808,7212,-1012,-135,-32,-13260,-6216,6768,-405,244,-135,0
3037.469227075577,7972,7048,11540,-196,-111,96,7288,-8312,11228,-205,168,-181,-13036,3760,7176,-1019,-92,-82,-13288,-6128,6752,-389,225,-184,0
3037.5026891231537,8116,7060,11372,-196,-144,74,7596,-8228,10996,-233,496,-123,-12940,3916,7360,-952,-392,-69,-13376,-6172,6904,-387,225,-140,0
3037.5364229679108,8136,6960,11616,-196,-122,108,7376,-8444,11240,-235,193,-126,-13160,3864,7176,-1116,-147,-32,-13436,-6192,6924,-359,214,-173,0
3037.5701010227203,8072,7080,11688,-175,-91,59,7364,-8368,10996,-176,183,-141,-13068,3968,7200,-1129,-117,-29,-13376,-6264,6860,-375,157,-154,0
3037.603721141815,8008,7016,11520,-134,-94,34,7416,-8420,10960,-248,503,-156,-12860,3808,7152,-1084,-96,-35,-13296,-6200,6656,-311,235,-165,0
3037.636878967285,8200,6956,11444,-174,-98,37,7348,-8472,10828,-247,206,-154,-12900,3872,7016,-1130,33,-98,-13248,-6124,6928,-299,207,-144,0
3037.6704959869385,8108,7080,11448,-152,-96,66,7288,-8668,10800,-228,162,-176,-13024,3948,7400,-1182,69,-40,-13300,-6084,6820,-274,180,-135,0
3037.7040560245514,8216,7160,11424,-140,-83,92,7312,-8388,11008,-296,254,-149,-13028,3844,7040,-1132,91,-67,-13100,-6168,6764,-237,180,-161,0
3037.737582921982,8068,7016,11560,-136,-135,54,7220,-8396,11088,-362,164,-169,-12928,3840,7304,-1338,29,-240,-13376,-6356,6952,-218,151,-132,0
3037.771264076233,8092,7108,11628,-71,-113,73,7260,-8440,10992,-203,163,-124,-12928,3844,7556,-1254,-171,-22,-13080,-6068,6808,-211,167,-149,0
3037.804774045944,8016,7092,11404,-135,-89,77,7292,-8224,10752,-156,152,-164,-12864,3644,7252,-1531,86,-109,-13260,-6340,6840,-328,172,-161,0
3037.837970018387,8072,6992,11556,-80,-67,93,6692,-8608,10584,-316,494,-242,-13024,3892,7432,-1301,67,-57,-13384,-6228,6788,-351,149,-152,0
3037.8715069293976,8088,7012,11752,-72,-101,72,7204,-8480,10892,-205,144,-189,-12976,3916,7276,-1251,131,-48,-13072,-6344,6816,-341,202,-138,0
3037.9047770500183,8040,7040,11504,-160,-71,74,7156,-8240,10884,-245,-10,-157,-12988,3932,7468,-1196,168,-80,-13068,-6400,6672,-309,222,-104,0
3037.9382350444794,8068,7080,11504,-171,-83,64,7428,-8400,10992,-201,165,-181,-13012,3824,7424,-1150,-41,-113,-13332,-6320,6736,-306,266,-116,0
3037.9718351364136,8028,7108,11516,-156,-97,104,7304,-8396,10884,-187,161,-173,-12892,3936,7208,-1160,130,-93,-13236,-6184,6996,-343,264,-130,0
3038.0054171085358,8028,7132,11488,-142,-106,87,7364,-8464,10936,-239,80,-169,-13060,3796,7524,-1099,142,-32,-13316,-6156,6892,-327,181,-127,0
3038.0387840270996,8032,6920,11400,-219,-71,81,7316,-8604,11252,-120,205,-184,-12936,3872,7352,-1041,16,-71,-13364,-6152,6824,-334,227,-132,0
3038.072360992432,8052,6920,11356,-193,-81,89,7232,-8696,10884,-93,159,-183,-12924,3800,7296,-1093,130,-88,-13296,-6092,6916,-321,269,-115,0
3038.105824947357,8064,7116,11460,-159,-79,102,7276,-8500,10808,-78,128,-221,-12976,3628,7252,-1080,190,-129,-13340,-6140,6748,-365,260,-114,0
3038.1391689777374,8416,6972,11588,-155,-116,70,6984,-8676,11252,-81,247,-226,-12780,3796,7796,-943,-98,-64,-13388,-6132,7024,-396,268,-136,0
3038.1726810932164,8052,7040,11448,-200,-98,77,7320,-8552,10936,-36,169,-191,-12864,3728,7356,-1035,86,-71,-13288,-6020,6764,-305,235,-75,0
3038.2059891223907,8152,7072,11360,-203,-65,131,7216,-8704,10968,-52,174,-155,-12860,3828,7392,-1012,84,-79,-13328,-6184,6704,-380,235,-109,0
3038.239716053009,8016,7096,11512,-180,-88,135,7264,-8524,10792,-80,186,-135,-12884,3800,7584,-967,95,-71,-13380,-6104,6736,-338,218,-114,0
3038.275428056717,8040,7112,11576,-205,-89,114,7280,-8516,11016,-103,212,-153,-12908,3836,7196,-964,112,-61,-13392,-6144,6832,-373,246,-112,0
3038.310708999634,8324,6996,11448,-190,-48,116,7284,-8540,10940,-50,231,-152,-12848,3708,7460,-960,40,-47,-13236,-6320,6760,-406,280,-124,0
3038.3460609912872,8056,7136,11504,-198,-70,94,7260,-8596,10916,35,285,-174,-12924,3756,7380,-889,-26,-79,-13304,-6116,6876,-396,306,-102,0
3038.382208108902,8108,7104,11556,-237,-140,107,7248,-8600,10948,24,241,-187,-12900,3920,7408,-949,-248,-107,-13472,-6044,6856,-378,321,-53,0
3038.4174020290375,8132,7020,11504,-196,-192,122,7216,-8488,10800,12,177,-206,-12940,3596,7396,-966,42,-117,-13412,-6028,6884,-429,319,-54,0
3038.4531650543213,7984,7024,11500,-181,-209,143,7204,-8548,10772,24,259,-186,-12836,3812,7372,-927,115,-125,-13448,-6024,6888,-427,328,-33,0
3038.4887459278107,7996,7132,13076,1076,-1475,-149,7200,-8548,10864,86,241,-197,-12868,3652,7368,-924,138,-83,-13568,-5988,6656,-466,297,-52,0
3038.5241601467133,8428,7076,11528,-225,-173,121,7184,-8560,10992,56,218,-194,-12904,3796,7380,-947,124,-119,-13076,-5976,6796,-497,248,-35,0
3038.5596799850464,8080,7064,11456,-197,-175,134,7208,-8540,11136,32,101,-205,-12964,3752,7588,-896,155,-91,-13472,-6036,6816,-258,503,-30,0
3038.595034122467,8060,7064,11592,-169,-164,124,7236,-8600,11164,22,104,-221,-12972,3764,7380,-925,184,-176,-13376,-6144,6736,-492,268,-17,0
3038.6306159496307,8144,7136,11444,-176,-241,156,7412,-8488,10944,35,112,-215,-13016,3732,7180,-892,225,-162,-13492,-6040,6772,-530,287,250,0
3038.666159152984,8280,7076,11384,-183,-270,173,7316,-8200,10960,31,70,-208,-12940,3756,7284,-874,186,-128,-13348,-6064,6800,-542,294,-32,0
3038.7027950286865,8260,7020,11428,-185,-243,159,7220,-8536,11028,34,107,-207,-12972,3804,7320,-898,203,-104,-13484,-5964,6712,-555,269,-9,0
3038.7381660938263,8420,7040,11488,-156,-212,160,7232,-8436,10932,33,63,-175,-12816,3912,7356,-877,236,-55,-13416,-6024,6896,-561,185,-27,0
3038.7734689712524,8280,7048,11504,-209,-157,196,7412,-8624,10976,109,59,-209,-12976,3964,7236,-872,221,-116,-13444,-5988,6744,-570,173,-35,0
3038.8092370033264,8292,7000,11656,-162,-191,138,7344,-8508,10892,70,131,-209,-13292,3840,7168,-836,155,-98,-13456,-6064,6708,-533,208,-98,0
3038.844578027725,8104,7028,11388,-178,-144,109,7232,-8488,10908,83,125,-221,-12940,3832,7524,-840,143,-150,-13360,-6152,6748,-496,226,-87,0
3038.8797969818115,8172,7004,11340,-184,-173,92,7328,-8692,11240,95,114,-265,-12956,4072,7276,-781,127,-120,-13380,-6028,6608,-524,209,-112,0
3038.9150779247284,8240,7108,11400,-174,-160,90,7264,-8484,11020,90,173,-258,-12900,3980,7240,-808,154,-120,-13428,-5996,6852,-527,217,-120,0
3038.9506120681763,8196,6956,11548,-217,-170,78,7280,-8424,10960,45,238,-232,-13048,3756,7172,-905,142,-159,-13484,-5992,6816,-489,151,-93,0
3038.9842009544373,8232,7028,11496,-207,-180,95,7224,-8440,10872,-29,223,-203,-13000,3848,7168,-879,164,-104,-13376,-6072,6728,-475,149,-78,0
3039.017771959305,8236,7044,11412,-177,-79,112,7344,-8364,11056,-61,177,-162,-12952,3972,7240,-902,96,-45,-13536,-5968,6700,-528,110,-129,0
3039.0513989925385,8364,7020,11080,-186,-29,98,7252,-8404,10812,-25,206,-165,-12932,4048,7296,-906,63,-32,-13480,-6048,6572,-521,88,-148,0
3039.0847599506374,8224,6984,11500,-169,-252,106,7192,-8404,11048,20,181,-130,-12992,3764,7168,-896,144,-48,-13412,-6204,6768,-529,41,-135,0
3039.1182630062103,8208,7072,11760,-146,-30,86,7404,-8416,10812,-64,167,-186,-13048,3584,7104,-883,184,-75,-13424,-6044,6716,-556,164,-144,0
3039.151530981064,8308,7004,11356,-202,-42,74,7212,-8360,10952,-90,173,-168,-12996,3896,7400,-904,66,-44,-13556,-5996,6668,-498,91,-129,0
3039.185014009476,8264,7100,11296,-148,-18,114,7320,-8448,10996,-61,186,-97,-12968,3936,7384,-871,50,17,-13388,-6092,6876,-471,19,-186,0
3039.2187650203705,8376,7068,11328,-181,36,99,7208,-8420,10960,-84,178,-125,-12924,4056,7336,-916,149,27,-13348,-6056,6784,-445,20,-164,0
3039.2523231506348,8128,7036,11372,-202,11,60,7152,-8524,10892,-114,201,-126,-12960,3844,7120,-789,129,-30,-13364,-6036,6828,-496,43,-160,3
3039.2858130931854,8416,6988,11488,-179,19,54,7232,-8572,10940,-69,171,-179,-12960,3888,7388,-705,92,-67,-13456,-6044,6788,-484,82,-151,3
3039.319174051285,7980,7040,11352,-196,-30,83,7128,-8480,10920,-70,213,-163,-12812,3848,7300,-840,95,-107,-13396,-5940,6788,-439,75,-119,3
3039.3528511524205,7964,6948,11344,-195,-47,97,7204,-8472,11128,-65,152,-199,-12988,3936,6920,-879,175,-87,-13396,-6056,6804,-441,109,-119,3
3039.3861989974976,8200,7024,11488,-170,-64,91,7280,-8556,11016,-195,157,-194,-12836,4312,7204,-1013,130,-82,-13512,-5964,6904,-513,87,-144,3
3039.4198219776154,8256,6956,11416,-128,-37,118,7224,-8608,10952,-147,185,-129,-12940,3896,7288,-720,18,-105,-13376,-6044,6788,-521,71,-142,3
3039.4534010887146,8116,7012,11496,-102,-47,86,7224,-8504,11152,-96,199,-147,-12984,4004,7456,-771,64,-114,-13380,-6068,6824,-567,91,-162,3
3039.4871120452885,8184,6988,11424,-95,-37,96,7188,-8500,11240,-95,191,-138,-12932,3936,7284,-695,52,-69,-13268,-6148,6892,-550,116,-190,3
3039.5204451084137,8216,7032,11340,-103,-35,79,7204,-8456,10996,-128,187,-134,-12876,3904,7316,-699,57,-27,-13408,-6188,6728,-568,13,-211,3
3039.5540010929108,8180,7088,11308,-97,-253,89,7236,-8628,10908,-197,164,-165,-13056,4000,6936,-793,73,-67,-13364,-6128,6804,-486,45,-151,0
3039.587616920471,8200,7036,11484,-75,-24,72,7412,-8616,11220,-186,147,-139,-13028,4052,7216,-726,-53,-75,-13376,-6132,6728,-527,77,-202,0
3039.6211659908295,8184,7128,11432,-104,-10,67,7056,-8564,10940,-209,152,-116,-13048,4080,7176,-802,-11,-87,-13460,-5912,6832,-560,62,-167,0
3039.6543910503387,8172,7056,11444,-62,249,79,7264,-8560,10940,-211,138,-135,-13020,3976,7312,-750,255,-76,-13280,-6112,6664,-583,38,-182,0
3039.688080072403,8160,7104,11448,-22,16,76,7204,-8560,10828,-264,140,-133,-13064,4024,7376,-817,23,-64,-13432,-6028,6788,-537,-8,-153,0
3039.7213561534886,8160,7124,11496,40,11,72,7308,-8472,10828,-362,58,-111,-13052,4040,7060,-913,21,-59,-13392,-6136,6728,-623,-72,-178,0
3039.754877090454,8196,7072,11124,42,40,53,7168,-8668,10868,-269,70,-110,-13032,4212,7612,-979,45,-46,-13292,-6076,6764,-591,-75,-225,0
3039.788325071335,8072,7148,11496,61,56,13,7216,-8520,10820,-241,175,-109,-12992,4072,7156,-913,31,-58,-13236,-6252,6820,-610,-125,-199,0
3039.821757078171,8144,7256,11264,79,-25,-32,7276,-8556,11140,-243,166,-147,-12904,4040,7272,-832,38,-64,-13244,-6132,6760,-599,-143,-223,0
3039.8551621437073,7976,7176,11432,6,-10,-38,7124,-8536,10860,-228,146,-159,-12896,3984,7324,-977,134,-72,-13304,-6100,6844,-541,-135,-153,0
3039.8887610435486,8088,7280,11372,10,-36,-254,7208,-8608,10804,-255,70,-160,-12940,4064,7524,-975,31,-82,-13288,-6140,6968,-575,-110,-172,0
3039.9217591285706,7924,7200,11480,40,-24,24,7084,-8896,10808,-223,83,-139,-12904,4032,7312,-1011,112,-49,-13256,-6188,7000,-555,-115,-150,0
3039.957960128784,8040,7228,11476,27,-6,47,7148,-8660,10848,-266,54,-142,-12860,3968,7240,-1039,55,-75,-13268,-6140,6888,-589,-109,-134,0
3039.993462085724,8156,7260,11396,72,-11,42,7104,-8732,10856,-251,29,-161,-12900,4060,7464,-1160,100,-44,-13236,-6136,6800,-609,-94,-119,0
3040.02868103981,8048,7272,11376,77,-20,37,6936,-8456,10836,-119,-9,-143,-12916,4036,6968,-1174,148,-30,-13224,-5964,6824,-680,-159,-81,0
3040.0637440681458,8152,7256,11332,122,12,45,7212,-8684,10920,-182,-95,-135,-13052,4080,7124,-1202,101,-7,-13320,-6076,6968,-679,-284,-80,0
3040.0992510318756,8008,7164,11464,121,45,42,6932,-8728,10968,-100,-98,-133,-12948,4056,7404,-1152,167,-34,-13252,-6344,6920,-607,-121,-57,0
3040.134094953537,8040,7292,11392,20,34,52,7272,-8692,10920,-52,-48,-129,-12964,3944,7376,-1162,139,-106,-13168,-6188,6964,-616,-104,-67,0
3040.1700949668884,8140,7332,11272,-17,20,71,7400,-8672,10896,-19,4,-154,-13048,3984,7100,-1240,97,-61,-13536,-6248,7024,-528,-70,-39,0
3040.204952001572,7992,7364,11396,-75,71,80,7184,-8724,10520,22,11,-164,-13048,3936,7240,-1232,220,-93,-13228,-6160,7092,-557,-45,-68,0
3040.2407190799713,7972,7336,11416,-156,72,105,7200,-8708,10828,30,-16,-190,-12876,4048,7200,-1271,248,-92,-13204,-5908,7060,-492,-12,-27,0
3040.276216983795,8032,7316,11192,-180,103,156,7264,-8752,10748,71,-21,-170,-12872,3860,7388,-1337,252,-102,-13144,-6120,6932,-484,-29,-1,0
3040.3122510910034,8296,7632,10420,-754,191,73,7340,-8624,10764,123,-82,-154,-12836,3944,7336,-1371,240,-126,-13196,-6176,7048,-615,-7,-31,0
3040.3481199741364,7968,7308,11412,-236,185,164,7164,-8700,10828,207,-53,-170,-12940,4048,7648,-1340,200,-81,-13128,-6164,6836,-431,12,19,0
3040.3835711479187,7920,7316,11408,-199,78,176,7280,-8588,10884,158,-41,-220,-12992,3900,7180,-1389,274,-125,-13324,-6176,7160,-414,51,-9,0
3040.4192609786987,8052,7284,11392,-216,28,198,7352,-8688,10552,91,-27,-196,-13060,3896,7452,-1388,180,-93,-13380,-6352,7080,-507,66,-50,0
3040.4545941352844,8020,7308,11408,-248,43,163,7340,-8608,10712,99,-10,-184,-13056,3616,7296,-1308,165,-58,-13208,-6244,7064,-460,20,-25,0
3040.4903640747066,8044,7240,11448,-163,82,160,7324,-8620,10792,119,20,-158,-13044,3888,6932,-1198,123,-84,-13132,-6140,6944,-489,69,-53,0
3040.525481939316,8152,7280,11596,-172,-14,96,7276,-8468,10760,64,30,-200,-12960,3900,7348,-1208,138,-55,-13228,-6016,7320,-415,98,-62,0
3040.5608370304108,7972,7208,11368,-133,46,114,7332,-8852,10960,42,4,-148,-12940,3876,7236,-1281,38,-77,-13264,-6016,7132,-463,73,-80,0
3040.5988121032715,7912,7340,11376,-75,66,134,7292,-8768,10836,14,13,-109,-12928,3896,7352,-1116,41,-78,-13236,-6124,7248,-474,29,-101,0
3040.632233142853,8004,7348,11404,-72,62,116,7336,-8644,10756,-17,-41,-145,-12936,4072,7388,-1142,59,-45,-13232,-6068,7416,-490,-11,-78,0
3040.6656510829926,7924,7308,11364,-24,21,88,7272,-8632,10816,-80,-7,-161,-12936,4056,7196,-1187,41,-89,-13276,-5972,7176,-464,0,-93,0
3040.699299097061,7776,7204,11456,12,61,106,7364,-8612,10556,-20,11,-157,-12976,3960,7212,-1231,22,-125,-13132,-6084,6952,-447,64,-102,0
3040.732859134674,7896,7176,11376,43,19,95,7280,-8624,10652,-28,-6,-187,-12948,3816,7132,-1271,12,-126,-13136,-6012,7052,-422,85,-103,0
3040.7661161422734,7888,7248,11284,36,248,96,7348,-8576,10748,-86,-254,-152,-12900,3796,7284,-1149,34,-79,-13232,-6120,7104,-460,43,-83,0
3040.7998299598694,7956,7392,11500,82,-13,38,7320,-8656,10856,-126,255,-153,-12808,3888,7196,-1076,72,-51,-13276,-6088,7100,-496,51,-151,0
3040.8333871364594,7752,7400,11508,90,-12,50,7188,-8568,10756,-123,70,-127,-12884,3760,7508,-1129,82,-45,-13260,-6340,7048,-466,44,-140,0
3040.8672089576726,7940,7444,11372,-5,19,50,7464,-8524,10864,-43,99,-148,-12840,3800,7224,-1070,33,-64,-13132,-5908,7088,-457,113,-148,0
3040.900251150131,7948,7508,11368,-42,63,65,7412,-8560,10768,-26,101,-146,-12980,3712,7108,-1083,45,245,-13272,-6072,6980,-475,104,-150,0
3040.933582067489,7956,7276,11304,-106,81,65,7316,-8600,10836,-13,132,-139,-12916,3732,7344,-1114,152,-247,-13244,-6356,6924,-560,102,-174,0
3040.9672570228577,8044,7392,11472,-70,63,76,7360,-8908,10712,-53,136,-154,-12996,4080,7276,-1152,153,-41,-13132,-6108,7092,-463,99,-146,0
3041.0005979537964,7884,7240,11472,-69,106,62,7396,-8740,10744,-28,153,-164,-12944,3908,7256,-1116,149,-111,-13164,-5896,6936,-523,133,-151,0
3041.034245967865,7820,7476,11300,-88,57,53,7424,-8632,10784,1,120,-208,-12992,3788,7300,-1095,216,-107,-13060,-6028,7152,-468,155,-186,0
3041.0678610801697,7812,7532,11408,-131,14,56,7388,-8712,10752,13,128,-207,-12940,3788,7608,-1099,215,-40,-13204,-6240,7236,-424,204,-132,0
3041.1013050079346,7796,7436,11464,-170,-33,119,7420,-8660,10856,-5,129,-204,-12952,3808,7392,-1084,179,-28,-13256,-5932,7160,-447,210,-128,0
3041.1391141414642,7872,7424,11508,-180,-32,120,7404,-8732,10788,25,121,-181,-13008,3764,7004,-1113,138,-68,-13136,-6332,6976,-490,185,-139,0
3041.172837972641,7860,7420,11044,-173,-13,93,7440,-8648,10980,72,135,-169,-13048,3716,7252,-1074,152,-45,-13224,-6144,7212,-474,153,-188,0
3041.2061960697174,7784,7432,11328,-228,26,72,7388,-8548,10908,16,179,-188,-12972,3796,7304,-1054,113,-27,-13216,-5988,7144,-441,183,-170,0
3041.239921092987,7832,7396,11360,-231,-57,74,7360,-8704,10804,58,199,-182,-12916,3768,7252,-1086,62,-48,-13260,-6048,7128,-444,171,-165,0
3041.2734501361847,7916,7408,11640,-190,-15,84,7328,-8600,10704,57,192,-145,-12940,3816,7240,-1120,51,-58,-13200,-6400,7092,-416,141,-181,0
3041.3072969913483,7820,7432,11456,-187,38,81,7384,-8664,10860,55,177,-147,-12804,3752,7396,-1120,81,-59,-13228,-6104,6932,-428,125,-154,0
3041.3407640457153,7832,7444,11480,-188,26,96,7332,-8616,10736,34,167,-146,-13036,3600,6940,-1106,93,-34,-13236,-6124,7184,-477,100,-157,0
3041.374289035797,7788,7512,11416,-178,32,98,7296,-8624,11232,28,141,-155,-12856,3660,7380,-1143,110,-18,-13216,-6140,7072,-463,124,-165,0
3041.4074079990387,7724,7660,11448,-189,11,103,7352,-8552,10796,45,130,-162,-12984,3800,7196,-1157,96,-49,-13060,-6076,7116,-500,172,-127,0
3041.4409489631653,7740,7236,11460,-151,11,110,7364,-8612,10756,5,126,-213,-12920,3812,7268,-1102,130,-89,-13180,-6100,7016,-479,164,-144,0
3041.4745619297028,7816,7364,11420,-159,-41,100,7304,-8656,10964,54,148,-201,-13024,3624,7204,-1057,156,-68,-13200,-6236,7380,-470,153,-150,0
3041.507956981659,7712,7432,11168,-192,95,79,7364,-8560,10868,18,109,-199,-12996,3828,7244,-1092,241,-71,-13104,-6028,7096,-487,87,-174,0
3041.5416629314423,7836,7352,11552,-115,-14,86,7340,-8600,10884,69,161,-190,-13052,3740,7328,-1000,209,-26,-13232,-6116,7112,-481,177,-147,0
3041.5753049850464,7740,7664,11348,-216,-43,109,7240,-8512,10900,87,157,-185,-12936,3732,7236,-1044,255,-68,-13200,-6172,7152,-471,114,-122,0
3041.608623981476,7788,7464,11536,-189,-20,106,7356,-8588,10884,39,170,-168,-12944,3712,7204,-1094,200,-49,-13284,-6064,7188,-443,112,-132,0
3041.6449151039124,7736,7180,11652,-196,-43,75,7440,-8636,10720,81,181,-158,-12968,3736,7292,-1071,184,-61,-13152,-6132,7372,-489,144,-159,0
3041.6803431510925,7812,7428,11336,-197,-40,124,7336,-8668,10508,146,188,-191,-12972,3736,7020,-1043,228,-117,-13148,-6208,7048,-460,238,-106,0
3041.7158820629124,7688,7424,11372,-175,38,113,7188,-8552,10980,137,194,-203,-13008,3708,7180,-1001,227,-61,-13224,-6052,6916,-444,195,-139,0
3041.7511961460114,7860,7276,11308,-227,-27,103,7388,-8440,10888,172,219,-189,-12976,3628,7084,-999,391,-86,-13152,-5956,7112,-486,171,-127,0
3041.78741812706,7844,7428,11408,-235,53,129,7324,-8444,10760,181,174,-149,-13020,3656,7368,-1059,362,-49,-13172,-6096,7384,-418,151,-124,0
3041.8229389190674,7820,7468,11300,-212,92,151,7408,-8520,10888,177,135,-127,-13044,3676,7136,-1112,228,-32,-13140,-6128,7104,-355,160,-101,0
3041.8591749668126,7692,7492,11616,-215,154,168,7308,-8424,11100,146,153,-146,-13020,3776,7248,-1105,243,-56,-13136,-6368,7100,-347,177,-119,0
3041.8943750858307,7436,7436,11428,-211,86,153,7304,-8440,10940,94,140,-156,-13044,3684,6936,-1088,162,-75,-13136,-5992,7260,-398,218,-150,0
3041.9430940151215,7736,7316,11460,-181,65,120,7292,-8528,10636,98,154,-172,-13036,3696,7236,-1097,138,-99,-13204,-6124,7072,-418,256,-118,0
3041.9899201393127,7876,7416,11456,-209,45,138,7368,-8460,11020,98,136,-159,-13256,3748,7340,-1074,177,-107,-13244,-6048,7288,-411,271,-104,0
3042.031364917755,7736,7168,11772,-224,13,162,7308,-8664,10960,130,185,-202,-13116,3664,7420,-1099,202,-102,-13280,-6360,6924,-429,261,-68,0
3042.06720995903,7724,7496,11528,-197,-13,155,7444,-8520,10832,98,138,-203,-13048,3656,7392,-1073,179,-121,-13220,-6152,7236,-431,252,-62,0
3042.1024029254913,7772,7484,11544,-215,-11,161,7344,-8448,11088,78,177,-198,-13000,3724,7640,-1075,157,-131,-13124,-5912,6916,-442,280,-74,0
3042.138236999512,7432,7508,11488,-229,-17,138,7348,-8520,11004,107,192,-192,-13128,3708,7248,-1067,199,-88,-13232,-6108,7116,-469,239,-92,0
3042.1736879348755,7776,7432,11392,-208,23,127,7300,-8404,11008,100,182,-198,-13080,3704,7244,-1070,187,-138,-13096,-5936,7020,-468,226,-42,0
3042.2096560001373,7672,7452,11532,-212,-8,134,7332,-8396,11188,112,161,-221,-12984,3608,7256,-1037,233,-120,-13216,-6140,7052,-267,272,-68,0
3042.2449960708614,7492,7332,11296,-197,-46,147,7336,-8404,11180,107,199,-214,-13072,3604,7232,-1048,265,-140,-13232,-6088,6984,-521,247,-79,0
3042.282352924347,7676,7380,11628,-187,-77,150,7420,-8384,10980,104,198,-216,-13124,3740,7072,-1017,244,-170,-13244,-5908,7040,-515,234,-70,0
3042.315880060196,7796,7372,11552,-199,-101,186,7676,-8680,10824,79,148,-199,-13100,3440,7212,-1051,226,-129,-13280,-6000,6940,-554,216,-72,0
3042.349431991577,7816,7388,11592,-72,-182,133,7324,-8480,10988,-16,104,-230,-13244,3596,7184,-1039,152,-126,-13464,-6112,7072,-585,197,-50,0
3042.3828580379486,7748,7348,11452,-34,-219,133,7264,-8356,11112,-12,143,-180,-13208,3788,7084,-989,221,-94,-13212,-6048,7036,-620,115,-74,0
3042.416482925415,7696,7468,11632,-89,-173,136,7260,-8460,10924,5,144,-184,-13156,3360,7184,-1014,211,-102,-13256,-6092,7232,-608,130,-78,0
3042.449615955353,7692,7340,11292,-66,-166,123,7172,-8376,10980,11,122,-207,-13008,3668,7140,-1042,250,-103,-13212,-6080,7036,-639,132,-84,0
3042.483155965805,7684,7364,11504,-109,-186,134,7344,-8416,10760,27,119,-215,-13056,3740,7032,-969,247,-93,-13144,-6060,7100,-630,116,-95,0
3042.516632080078,7756,7472,11588,-124,-137,119,7360,-8292,10968,254,105,-242,-13152,3628,6980,-1013,302,-113,-13188,-6044,7012,-637,110,-63,0
3042.5500299930573,7460,7436,11380,-124,-133,131,7672,-8424,10980,-10,108,-226,-13060,3676,7156,-1012,237,-141,-13112,-6224,7112,-632,107,-78,0
3042.583629131317,7796,7428,11584,-143,-175,141,7268,-8396,11048,-17,121,-214,-13104,3636,7284,-946,265,-103,-13276,-6396,7056,-648,102,-91,0
3042.617385149002,7928,7668,11280,-131,-143,143,7604,-8376,10920,-24,129,-196,-13140,3684,7004,-973,231,-51,-13420,-5976,7044,-646,51,-107,0
3042.6507041454315,7900,7296,11380,-164,-120,108,7388,-8232,10924,7,149,-171,-13224,3628,7208,-1009,207,-67,-13208,-6104,6984,-601,53,-155,0
3042.6838870048523,7492,7420,11496,-205,-95,116,7244,-8352,10844,37,137,-153,-13080,3632,7184,-1007,186,-100,-13120,-6048,7136,-564,86,-116,0
3042.717577934265,7692,7444,11544,-123,-97,121,7176,-8332,11212,-29,144,-205,-13080,3612,7128,-980,196,-118,-13240,-6160,6720,-578,58,-132,0
3042.7510521411896,7832,7400,11340,-151,-142,93,7372,-8388,10864,-40,123,-196,-13184,3788,7024,-997,152,-121,-13296,-6008,6952,-556,123,-117,0
3042.7845549583435,7832,7316,11372,-120,-86,105,7440,-8304,10748,-252,194,-156,-13104,3652,7140,-1011,174,-9,-13492,-6260,7088,-520,7,-161,0
3042.8182539939885,7808,7452,11636,-120,-254,73,7268,-8464,11060,-256,151,-108,-13184,3356,7120,-1000,183,-251,-13264,-6124,7112,-529,-36,-155,0
3042.851792097092,7808,7388,11744,-167,11,46,7376,-8364,10796,-47,201,-142,-13060,3596,7120,-977,166,-28,-13224,-6376,7056,-537,19,-168,0
3042.884726047516,7712,7428,11556,-127,-1,68,7288,-8412,10900,-62,181,-167,-13132,3720,7032,-969,128,-61,-13184,-5932,6952,-552,52,-155,0
3042.9182181358337,7772,7332,11504,-129,-33,81,7276,-8428,10980,-26,163,-173,-13028,3712,7148,-996,163,-24,-13192,-6344,7164,-524,138,-149,0
3042.951821088791,7780,7388,11328,-119,-49,104,7288,-8344,11164,-17,117,-188,-13060,3600,7056,-1000,201,-60,-13176,-6340,7028,-504,126,-104,0
3042.985037088394,7708,7376,11308,-164,-96,77,7332,-8416,10928,-37,123,-185,-13288,3716,7132,-964,152,-97,-13252,-6096,6668,-510,88,-145,0
3043.018697023392,7808,7432,11412,-163,-68,58,7304,-8348,10964,-48,186,-183,-13216,3736,7088,-987,156,-35,-13268,-5944,7060,-519,82,-166,0
3043.0521810054775,7780,7444,11516,-175,-42,81,7328,-8428,10984,-5,149,-159,-13180,3680,6968,-1047,101,-34,-13244,-6232,6992,-767,67,-141,0
3043.085690021515,7744,7548,11408,-167,-58,92,7296,-8412,11156,-27,188,-127,-13164,3668,7100,-1008,76,-11,-13144,-6260,7184,-521,70,-135,0
3043.1192929744725,7808,7468,11444,-180,-14,71,7256,-8324,11060,-44,177,-176,-13132,3548,7028,-1007,106,-62,-13184,-6148,7040,-483,56,-171,0
3043.1524641513824,7752,7380,11272,-197,-36,95,7264,-8436,10960,-38,138,-161,-13204,3760,6956,-990,81,-65,-13184,-6124,6976,-527,98,-157,0
3043.186079978943,7768,7488,11512,-173,-50,53,7364,-8428,11020,-34,138,-164,-13244,3668,7056,-992,106,-53,-13212,-6084,7108,-503,130,-167,0
3043.2197680473328,7792,7412,11528,-158,-41,70,7280,-8440,10784,-9,176,-170,-13216,3348,7164,-994,113,-18,-13248,-5964,7140,-270,85,-127,0
3043.2533581256866,7780,7168,11396,-182,-47,59,7284,-8328,11252,-16,121,-189,-13112,3748,7028,-1001,121,-49,-13172,-6396,7404,-519,97,-141,0
3043.286952018738,7744,7224,11484,-175,-60,75,7316,-8248,11004,-33,145,-161,-13136,3612,7340,-989,118,-77,-13136,-6124,7348,-263,76,-156,0
3043.3234379291534,7836,7524,11348,-159,-45,90,7348,-8340,11008,-67,171,-175,-13152,3780,7056,-1016,74,11,-13292,-6384,7156,-533,61,-166,0
3043.3591780662537,7684,7320,11504,-162,-39,83,7232,-8448,11004,-19,163,-152,-13520,3772,7104,-1280,81,-72,-13132,-6200,7052,-548,77,-155,0
3043.394503116608,7648,7464,11348,-171,-16,79,7320,-8384,11028,-27,158,-163,-13136,3672,7052,-1022,84,-45,-13124,-6344,7108,-541,78,-159,0
3043.4306750297546,7768,7460,11432,-150,-62,54,7320,-8416,11092,-70,172,-173,-13124,3596,7124,-967,70,-3,-13208,-6240,7148,-495,103,-172,0
3043.467073917389,7836,7248,11712,-179,-64,39,7276,-8408,10776,-45,170,-182,-13132,3744,7140,-994,108,-66,-13260,-6088,7056,-488,124,-137,0
3043.501970052719,7744,7444,11444,-137,-82,81,7288,-8600,10904,-39,156,-149,-13108,3692,7092,-996,84,-55,-13132,-6116,7112,-527,119,-147,0
3043.537609100342,7700,7392,11392,-135,-109,101,7256,-8320,10896,-77,151,-159,-13232,3680,7136,-966,90,-51,-13140,-6164,7128,-511,120,-152,0
3043.5731930732727,7452,7524,11276,-156,-89,83,7272,-8412,10972,-79,192,-160,-13200,3660,7076,-1010,80,-80,-13176,-6228,6952,-489,105,-126,0
3043.6091790199284,7716,7364,11320,-170,-84,87,7348,-8348,11036,-53,163,-156,-13152,3736,7096,-980,84,-24,-13028,-6108,6720,-538,138,-143,0
3043.6448431015015,7644,7656,11372,-162,-100,89,7180,-8292,10976,-40,151,-154,-13196,3592,7164,-1000,105,-82,-13196,-6212,7064,-505,177,-111,0
3043.680200099945,7732,7272,11596,-134,-79,117,7112,-8324,11004,-76,122,-178,-13148,3736,7144,-913,23,-20,-13288,-6148,7172,-259,151,-133,0
3043.7158501148224,7664,7540,11344,-137,-66,113,7308,-8432,10912,-65,107,-160,-13272,3608,7040,-1003,118,-82,-13184,-6216,7412,-498,171,-97,0
3043.7512960433965,7808,7508,11468,-119,-69,103,7380,-8460,10980,-52,143,-179,-13260,3620,6944,-984,107,-85,-13268,-6148,7156,-498,175,-116,0
3043.7878339290614,7620,7184,11416,-136,-26,111,7304,-8652,10792,-78,113,-182,-13240,3708,6900,-1000,114,-45,-13120,-6260,7160,-268,153,-110,0
3043.8227620124817,7772,7532,11428,-150,-45,94,7236,-8380,11040,-58,166,-176,-13108,3772,6928,-984,114,-92,-13096,-6224,7148,-490,128,-111,0
3043.858160018921,7780,7460,11748,-189,-54,96,7264,-8480,10936,-48,151,-165,-13208,3704,6952,-947,115,-69,-13188,-6140,7080,-489,176,-111,0
3043.893404006958,7736,7420,11640,-210,-95,124,6968,-8368,11248,-20,135,-200,-13288,3744,7120,-980,129,-121,-13232,-6220,7228,-507,197,-93,0
3043.929418087005,7688,7644,11144,-165,-109,131,7252,-8692,11096,-5,120,-194,-13144,3660,7000,-996,153,-89,-13236,-6176,7096,-498,190,-92,0
3043.96662402153,7780,7548,11520,-169,-104,137,7396,-8388,10824,-16,101,-229,-13176,3668,7096,-980,132,-120,-13116,-6176,7116,-261,250,-48,0
3044.000165939331,7696,7496,11420,-220,-117,143,7260,-8364,11020,-17,136,-204,-13236,3688,7064,-975,167,-151,-13288,-6264,7004,-504,206,-69,0
3044.0336821079254,7436,7496,11436,-188,-118,134,7300,-8388,11100,-43,122,-191,-13208,3776,7164,-973,154,-111,-13224,-5904,7408,-502,180,-62,0
3044.067390918732,7820,7440,11484,-209,-109,169,7300,-8448,11116,-45,76,-180,-13256,3656,7196,-976,146,-84,-13080,-6212,7092,-527,210,-64,0
3044.1008780002594,7752,7544,11352,-224,-111,150,7244,-8416,10760,-18,83,-196,-13156,3652,7056,-1011,160,-95,-13144,-6240,7116,-257,172,-56,0
3044.133790969848,7736,7464,11372,-182,-69,132,7676,-8364,11020,-15,109,-189,-13288,3664,7120,-974,117,-125,-13128,-6324,7096,-502,190,-83,0
3044.167243003845,7700,7388,11388,-196,-110,141,7208,-8312,11040,-35,134,-212,-12932,3744,7020,-937,140,-120,-13180,-6364,7136,-486,219,-85,0
3044.2007069587708,7808,7376,11396,-216,-78,144,7400,-8216,10908,-3,133,-185,-13180,3684,6888,-998,201,-91,-13192,-6204,7124,-509,153,-73,0
3044.2342720031734,7748,7428,11404,-206,-126,165,7420,-8356,10980,-27,91,-164,-13212,3780,7088,-948,173,-28,-13200,-6272,7100,-495,118,-61,0
3044.2679109573364,7452,7212,11296,-187,-98,147,7340,-8392,11028,-46,115,-154,-13092,3704,7044,-1003,138,-76,-13172,-6300,7032,-496,130,-68,0
3044.3013060092926,7700,7672,11280,-243,-88,151,7312,-8420,10868,-42,86,-162,-13224,3764,6964,-985,118,-124,-13156,-6140,7080,-763,168,-68,0
3044.334656953812,7804,7324,11276,-174,-114,158,7328,-8216,10852,11,119,-195,-13252,3716,6792,-999,158,-103,-13104,-6400,6992,-529,221,-69,0
3044.3682820796967,7828,7656,11592,-174,-131,147,7312,-8400,10940,249,128,-197,-13116,3720,6844,-1013,175,-99,-12816,-6128,7164,-501,214,-61,0
3044.401482105255,7704,7420,11596,-188,-151,145,7308,-8388,10960,-17,107,-222,-13276,3644,6936,-1000,157,-107,-13192,-6268,7132,-503,220,-93,0
3044.4351220130925,7776,7400,11344,-189,-120,139,7320,-8432,11108,-12,109,-222,-13224,3816,7076,-994,164,-126,-13104,-6184,7068,-483,197,-124,0
3044.46870303154,7736,7452,11372,-195,-117,112,7336,-8440,11192,-27,126,-206,-13276,3736,6960,-987,107,-115,-13328,-6144,7144,-503,202,-118,0
3044.5022201538086,7872,7668,11344,-182,-105,121,7392,-8320,10972,-39,135,-198,-13240,3680,7012,-1007,98,-44,-13200,-6136,7036,-487,138,-125,0
3044.535751104355,7748,7208,11632,-178,-91,71,7296,-8376,10968,-65,155,-195,-13272,3708,6876,-941,118,-54,-13216,-6060,6976,-483,138,-133,0
3044.56916308403,7916,7304,11300,-177,-43,77,7176,-8308,11036,-68,149,-174,-13332,3684,6956,-1012,123,-44,-13216,-6124,7196,-540,115,-175,0
3044.6026220321655,7848,7188,11372,-171,249,64,7400,-8416,10956,-40,165,-161,-13160,3744,6944,-1023,77,-86,-13184,-6204,7156,-499,119,-156,0
3044.6361079216003,7768,7668,11456,-164,-21,73,7380,-8428,11012,-51,152,-157,-13144,3700,7156,-996,69,-66,-13128,-6156,6956,-440,111,-126,0
3044.6699171066284,7864,7412,11344,-142,-3,76,7388,-8456,10960,-32,153,-149,-13272,3644,7032,-1024,111,-255,-13296,-6272,7020,-496,151,-135,0
3044.703330039978,7844,7400,11532,-184,-76,68,7388,-8428,10960,-61,142,-205,-13252,3760,7020,-991,115,-87,-13152,-6176,7076,-473,155,-131,0
3044.7369050979614,7772,7496,11404,-161,-44,79,7360,-8396,10756,-80,129,-176,-13204,3740,6956,-971,98,-31,-13256,-5912,7144,-501,125,-115,0
3044.770087957382,7556,7664,11472,-160,-58,73,7268,-8416,10940,-65,159,-149,-13068,3676,6932,-1024,73,-42,-13196,-6288,6928,-507,107,-165,0
3044.8033080101013,7732,7472,11484,-152,-47,81,7296,-8428,10996,-26,134,-155,-13224,3676,7032,-1018,70,-40,-13260,-6164,7332,-497,121,-136,0
3044.8368170261383,7916,7196,11336,-141,252,94,7260,-8412,11176,-64,145,-134,-13208,3676,7148,-999,61,-60,-13472,-6264,7124,-508,89,-157,0
3044.8702931404114,7836,7432,11616,-166,-41,37,7360,-8388,10940,-70,148,-165,-13200,3780,6772,-954,31,-45,-13240,-6384,6976,-487,88,-170,0
3044.9035670757294,7772,7432,11548,-166,-17,39,7248,-8348,10992,-39,178,-151,-13216,3808,7144,-984,48,-24,-13196,-5916,6988,-495,131,-167,0
3044.9371480941772,7900,7624,11332,-134,-18,79,7312,-8352,11044,-41,139,-142,-13176,3600,7040,-955,16,-23,-13144,-6204,7000,-487,78,-154,0
3044.9707119464874,7796,7668,11132,-170,-43,65,7212,-8388,11036,-52,114,-138,-13152,3712,6980,-989,112,-59,-13096,-6164,7072,-527,73,-178,0
3045.007739067077,7740,7524,11448,-189,-39,56,7348,-8316,10988,-96,151,-162,-13196,3680,6876,-972,105,-19,-13200,-6232,7000,-485,114,-154,0
3045.042712926864,7804,7576,11284,-167,-31,71,7212,-8296,11064,-49,143,-146,-13168,3772,6680,-1001,67,-23,-13196,-5972,6832,-512,134,-156,0
3045.0784981250763,7724,7444,11436,-163,-51,74,7332,-8408,10948,-31,143,-177,-13132,3744,7000,-1017,81,-30,-13232,-6308,7124,-489,119,-141,0
3045.1134209632874,7732,7652,11396,-154,-71,88,7264,-8320,11096,-46,123,-186,-13160,3708,6884,-771,130,-71,-13260,-6204,7396,-501,120,-154,0
3045.1486649513245,7448,7460,11328,-191,-78,95,7192,-8332,10992,-55,129,-180,-13236,3756,6916,-1033,110,-36,-13224,-6264,7152,-502,163,-158,0
3045.183489084244,7920,7432,11476,-157,-39,62,7340,-8464,10828,-40,161,-185,-13216,3764,6756,-1017,95,-98,-13136,-6192,7136,-491,188,-152,0
3045.2189590930934,7764,7516,11580,-161,-78,80,7356,-8372,10920,-45,133,-181,-13176,3692,7100,-993,40,-57,-13252,-6244,7100,-499,149,-135,0
3045.2543470859528,7908,7400,11636,-172,-87,79,7252,-8388,10856,-49,151,-176,-13128,3624,6912,-975,91,-70,-13192,-6324,7028,-491,109,-152,0
3045.2902159690857,7772,7440,11508,-194,-41,88,7332,-8480,10968,-60,174,-160,-13180,3632,7068,-999,61,-52,-13268,-6176,6956,-525,132,-118,0
3045.3250849246974,7932,7452,11480,-189,-76,101,7324,-8404,10888,-9,141,-170,-13168,3796,7004,-1037,119,-84,-13096,-6208,6964,-493,156,-105,0
3045.3607721328735,7620,7524,11360,-143,-5,104,7268,-8420,10916,-34,132,-173,-13164,3724,6944,-1014,120,-43,-13200,-6236,6992,-518,111,-135,0
3045.397131919861,7684,7404,11644,-168,-94,95,7304,-8432,10780,-46,145,-168,-13332,3780,6948,-975,67,-39,-13096,-6240,7112,-482,167,-117,0
3045.432484149933,7800,7516,11416,-179,-33,122,7316,-8456,10776,-20,141,-155,-13104,3748,7064,-985,100,-89,-13088,-6268,6992,-492,140,-111,0
3045.4681580066685,7816,7492,11560,-148,-54,113,7304,-8452,10932,-16,112,-150,-13132,3728,7028,-1015,110,-44,-13076,-6248,6956,-487,144,-107,0
3045.5037739276886,7728,7504,11480,-192,-38,133,7332,-8420,10880,-67,137,-167,-13192,3760,7208,-1006,144,-91,-13212,-6388,7212,-484,148,-96,0
3045.5393550395966,7648,7524,11760,-220,-87,126,7264,-8628,11048,-44,132,-181,-13104,3784,7136,-1010,113,-93,-13060,-6312,7188,-489,198,-76,0
3045.5749390125275,7588,7476,11520,-213,-137,137,7232,-8496,11260,-22,125,-219,-13132,3784,7108,-990,151,-131,-13188,-6232,7108,-523,223,-51,0
3045.610368013382,7684,7628,11728,-193,-156,132,7284,-8692,10864,-41,95,-222,-13212,3780,7056,-984,177,-127,-13156,-6248,7040,-490,252,-85,0
3045.6465470790863,7768,7364,11356,-212,-140,140,7240,-8552,10904,-19,85,-225,-13188,3700,6908,-981,146,-131,-13168,-6172,7148,-502,257,-45,0
3045.680139064789,7696,7300,11760,-197,-135,161,7312,-8700,10904,8,117,-200,-13256,3588,6904,-1020,126,-129,-13216,-6252,7120,-504,231,-41,0
3045.713520050049,7704,7432,11712,-199,-134,169,7364,-8404,10992,-37,132,-212,-13256,3728,7024,-995,151,-89,-13152,-6200,6980,-480,200,-57,0
3045.7472970485687,7736,7408,11408,-187,-121,154,7444,-8392,10884,-6,158,-189,-13148,3776,7088,-987,158,-119,-13204,-6256,7036,-528,182,-84,0
3045.7807700634003,7732,7548,11476,-199,-150,167,7364,-8380,10984,-21,112,-198,-13300,3684,6956,-977,146,-132,-13176,-6220,7024,-472,178,-45,0
3045.8139600753784,7816,7464,11624,-171,-148,176,7280,-8616,10988,-13,127,-181,-13232,3780,6916,-1012,180,-134,-13216,-6244,6952,-492,204,-44,0
3045.8475790023804,7548,7432,11412,-193,-145,157,7312,-8380,11000,5,121,-196,-13212,3716,6896,-995,149,-96,-13116,-6224,6996,-475,213,-77,0
3045.8809499740605,7928,7668,11512,-170,-147,159,7384,-8432,11132,5,127,-200,-13156,3768,7392,-1006,115,-101,-13304,-6256,7072,-765,223,-82,0
3045.914379119873,7748,7256,11396,-176,-105,134,7328,-8368,11240,-20,144,-203,-13220,3724,6944,-999,143,-137,-13196,-6196,7000,-495,203,-88,0
3045.9479701519012,7912,7200,11524,-185,-136,132,7260,-8412,10972,-14,111,-209,-13236,3764,7136,-968,133,-114,-13208,-6184,7008,-759,224,-77,0
3045.9816701412205,7720,7428,11588,-192,-125,143,7356,-8208,11192,-45,95,-198,-13172,3724,7016,-971,171,-60,-13164,-6104,6996,-502,194,-81,0
3046.014750957489,7832,7196,11108,-182,-159,148,7340,-8220,10880,-17,110,-216,-13172,3760,7148,-988,163,-73,-13244,-6164,6992,-506,188,-51,0
3046.0481679439545,7800,7636,11276,-169,-166,151,7316,-8620,10760,-23,97,-201,-13256,3764,6996,-1017,161,-88,-13184,-6184,6860,-493,165,-55,0
3046.0817539691925,7784,7172,11424,-158,-107,141,7332,-8416,10960,-21,112,-202,-13068,3700,6836,-995,139,-100,-13268,-6184,7028,-484,159,-80,0
3046.1154251098633,7788,7288,11340,-174,-121,152,7360,-8352,10900,-28,125,-190,-13208,3792,7116,-983,160,-88,-13260,-5900,7072,-503,151,-122,0
3046.1514620780945,7848,7348,11260,-136,-98,78,7308,-8356,10868,-16,142,-209,-13324,3624,6920,-986,92,-59,-13252,-6148,6912,-497,135,-154,0
3046.185473918915,7848,7344,11488,-149,-66,80,7380,-8408,11040,-30,154,-183,-13312,3728,6872,-998,78,-30,-13192,-6128,6892,-499,155,-136,0
3046.2190840244293,7808,7404,11400,-128,-42,37,7344,-8220,10976,-40,182,-152,-13144,3620,6880,-1001,73,-41,-13240,-6180,6944,-458,129,-158,0
3046.2524559497833,7784,7456,11308,-152,-26,72,7172,-8420,11012,-60,188,-146,-13120,3732,6992,-984,64,-68,-13320,-6208,6992,-467,85,-178,0
3046.285994052887,7852,7200,11460,-121,23,38,7408,-8452,11048,-71,162,-129,-13096,3688,7144,-1035,67,-24,-13120,-6152,6992,-495,90,-176,0
3046.3195009231567,7712,7592,11504,-183,7,44,7316,-8432,11188,-30,212,-130,-13184,3748,6880,-1045,46,250,-13204,-6244,7088,-465,111,-167,0
3046.353007078171,7712,7516,11464,-101,21,72,7512,-8344,11080,-73,149,-158,-13208,3620,7076,-996,58,-5,-13216,-6304,7088,-504,124,-138,0
3046.3865621089935,7812,7432,11432,-158,-63,59,7276,-8412,11216,-78,164,-194,-13304,3892,7160,-981,85,-101,-13228,-6076,6924,-485,139,-137,0
3046.4199600219727,7708,7496,11292,-137,-51,100,7260,-8572,11076,-30,147,-145,-13152,3724,7000,-1025,55,-89,-13168,-6264,7088,-530,131,-137,0
3046.4534969329834,7768,7472,11392,-116,-57,73,7388,-8388,11000,-41,140,-131,-13532,3688,7092,-999,51,-39,-13312,-6284,7052,-506,46,-183,0
3046.4871389865875,7772,7508,11476,-146,-28,77,7320,-8400,10988,-117,177,-128,-13132,3784,6968,-1006,40,26,-13176,-6280,6952,-531,55,-160,0
3046.520515918732,7752,7252,11400,-170,5,69,7352,-8416,11000,-78,160,-153,-13196,3680,7012,-962,84,-47,-13088,-5892,6800,-485,53,-166,0
3046.553836107254,7488,7656,11348,-131,-19,52,7288,-8376,10916,-31,184,-169,-12900,3696,6680,-994,70,-98,-13204,-6280,6944,-487,129,-142,0
3046.5875210762024,7556,7480,11356,-125,-6,81,7380,-8372,11000,-25,122,-198,-13156,3740,7004,-1011,82,-76,-13116,-5892,6956,-478,179,-176,0
3046.6208579540253,7772,7428,11504,-129,-66,51,7340,-8420,11208,-77,148,-228,-13244,3696,6948,-975,44,-45,-13304,-6180,6964,-461,153,-182,0
3046.6540679931645,7796,7484,11360,-156,-72,62,7280,-8564,11036,-67,177,-173,-13208,3736,7004,-957,33,-60,-13208,-6188,7060,-458,128,-162,0
3046.691483974457,7656,7432,11212,-155,-27,57,7252,-8456,11128,-50,194,-131,-13152,3716,6932,-998,24,-67,-13192,-6192,6928,-463,141,-143,0
3046.72762298584,7756,7552,11440,-157,-76,70,7292,-8352,11080,-77,200,-145,-13136,3820,6924,-1007,86,252,-13272,-6340,7184,-497,95,-166,0
3046.7629299163814,7720,7676,11336,-157,4,93,7220,-8380,11232,-83,133,-118,-13140,3732,7140,-982,58,-15,-13188,-6268,7080,-531,94,-178,0
3046.798135995865,7700,7572,11500,-139,-19,86,7208,-8476,11000,-53,168,-123,-13176,3716,7068,-976,32,-255,-13100,-6260,7152,-765,130,-167,0
3046.833071947098,7660,7480,11444,-143,-31,91,7188,-8492,11052,-40,120,-153,-13224,3744,6924,-1013,97,-79,-13032,-6272,7096,-513,123,-116,0
3046.868677139282,7672,7492,11324,-122,-71,127,7204,-8508,10976,-66,69,-157,-13164,3708,7020,-1014,147,-57,-13120,-6288,7072,-511,126,-110,0
3046.9033789634705,7632,7504,11560,-151,-66,105,7344,-8680,10952,-21,98,-182,-13244,3840,7040,-1009,164,-58,-13096,-6308,6980,-466,165,-158,0
3046.9383060932164,7544,7512,11412,-137,-73,68,7244,-8200,10960,-71,97,-216,-13216,3748,6852,-972,140,-110,-13228,-6180,7020,-471,153,-143,0
3046.9738359451294,7788,7528,11456,-149,-93,96,7256,-8452,10992,-84,114,-178,-13208,3864,7004,-988,122,-57,-13192,-6388,7024,-496,142,-136,0
3047.0097019672394,7784,7432,11512,-172,-58,79,7324,-8552,10956,-16,151,-198,-13200,3848,7000,-1036,113,-49,-13112,-6296,7000,-491,164,-175,0
3047.045506954193,7656,7584,11400,-168,-40,93,7388,-8288,10964,-29,98,-184,-13124,3712,7052,-771,91,-85,-13140,-6324,7076,-476,139,-137,0
3047.0809020996094,7808,7596,11496,-159,-70,82,7412,-8196,10764,-81,136,-206,-13060,3716,7028,-985,86,-32,-13200,-6236,7060,-474,141,-118,0
3047.116236925125,7932,7472,11288,-171,-44,56,7224,-8504,10940,-33,150,-196,-13148,3800,7000,-967,62,-85,-13156,-6276,7012,-490,134,-149,0
3047.1523010730743,7684,7572,11352,-125,-68,88,7332,-8632,11056,-39,92,-153,-13188,3680,7084,-992,108,-93,-13184,-6292,7132,-489,128,-138,0
3047.1885759830475,7652,7544,11416,-151,-36,102,7228,-8216,10956,-76,121,-168,-13100,3808,6920,-996,129,-40,-13228,-6240,7088,-473,133,-91,0
3047.224313020706,7436,7576,11396,-191,-50,90,7224,-8444,11032,-116,136,-152,-13292,3740,7144,-978,105,-33,-13116,-6292,7004,-510,134,-129,0
3047.2597029209137,7556,7504,11480,-193,-57,109,7268,-8384,10788,-50,187,-194,-13200,3784,6824,-973,122,-82,-13148,-6320,6924,-259,169,-101,0
3047.2946350574493,7648,7524,11552,-209,-83,139,7344,-8508,10896,9,119,-182,-13012,3716,6952,-1008,167,-100,-13124,-6312,7108,-490,223,-26,0
3047.331339120865,7908,7520,11344,-188,-154,169,7364,-8456,10956,-47,74,-226,-13252,3856,6932,-1002,141,-100,-13216,-6220,7068,-479,208,-77,0
3047.36491894722,7540,7300,11404,-226,-154,159,7280,-8524,10988,-38,131,-197,-13152,3760,7096,-970,126,-104,-13188,-6164,7152,-514,193,-77,0
3047.398278951645,7688,7464,11448,-197,-130,150,7304,-8528,10844,-37,130,-204,-13212,3716,6996,-988,130,-135,-13192,-6232,7052,-261,210,-50,0
3047.4319200515747,7684,7196,11392,-230,-97,143,7292,-8556,11040,-14,127,-195,-13312,3820,7032,-999,181,-126,-13104,-6244,7164,-487,205,-61,0
3047.465502023697,7700,7600,11448,-195,-130,158,7404,-8476,10868,-34,109,-185,-13164,3688,6780,-1002,149,-93,-13256,-6252,7032,-460,192,-47,0
3047.4990911483765,7724,7484,11400,-199,-102,161,7228,-8408,10932,-32,137,-208,-13196,3792,6840,-976,165,-74,-13184,-6316,7032,-495,198,-37,0
3047.532419919968,7820,7632,11408,-218,-118,128,7340,-8464,10844,-26,96,-202,-13224,3840,6916,-1006,160,-138,-13268,-6276,7044,-495,226,-31,0
3047.5656831264496,7748,7484,11456,-220,-136,184,7284,-8436,10868,5,142,-199,-13064,3588,6940,-1006,153,-148,-13192,-6200,7096,-493,219,-39,0
3047.599236011505,7760,7464,11424,-189,-149,172,7336,-8444,10904,13,105,-196,-13144,3688,6936,-1034,140,-96,-13172,-6240,7316,-496,232,-75,0
3047.63250207901,7728,7536,11312,-187,-170,150,7420,-8448,10996,10,119,-203,-13212,3716,7024,-1001,152,-95,-13248,-6388,7120,-501,222,-64,0
3047.6662521362305,7804,7388,11412,-220,-104,156,7396,-8448,11216,-10,145,-203,-13184,3744,6916,-966,162,-94,-13284,-6372,6852,-484,175,-66,0
3047.6996960639954,7840,7532,11376,-208,-149,192,7308,-8444,11004,-25,150,-153,-13232,3612,6816,-1019,143,-126,-13160,-6264,7096,-487,188,-53,0
3047.7331869602203,7776,7216,11460,-236,-129,180,7408,-8448,11160,10,107,-183,-13260,3760,6696,-1035,174,-121,-13192,-6248,6988,-481,184,-81,0
3047.766896009445,7836,7496,11264,-207,-136,153,7244,-8420,10840,6,105,-179,-13096,3712,6972,-1017,137,-66,-13140,-6192,6984,-496,170,-104,0
3047.800472974777,7784,7356,11356,-215,-123,132,7296,-8520,10968,-255,136,-194,-13192,3788,7152,-943,134,-91,-13160,-5892,7028,-474,209,-63,0
3047.8339769840245,7840,7388,11432,-239,-135,134,7328,-8232,10948,249,134,-207,-13332,3784,6848,-1013,129,-101,-13272,-5916,6788,-488,201,-48,0
3047.8676059246063,7816,7488,11480,-207,-129,173,7388,-8448,10868,3,119,-156,-13236,3740,6896,-992,99,-70,-13216,-6168,6996,-459,131,-71,0
3047.900766134262,7872,7500,11328,-189,-88,125,7304,-8444,10780,-40,114,-168,-13160,3680,7024,-978,124,-53,-13212,-6232,7020,-494,114,-114,0
3047.9342401027684,7772,7484,11404,-177,-88,135,7304,-8220,10764,-52,117,-179,-13156,3752,6932,-969,95,-61,-13204,-6232,6972,-500,118,-121,0
3047.9679341316223,7736,7472,11204,-154,-50,79,7332,-8396,10828,-58,140,-186,-13216,3664,6844,-1016,77,-36,-13464,-6172,6900,-523,148,-131,0
3048.001580953598,7888,7352,11280,-155,-64,74,7268,-8452,10876,-11,135,-186,-13220,3796,6776,-990,101,-97,-13140,-6192,6920,-509,163,-124,0
3048.0352139472966,7868,7188,11376,-149,-34,84,7400,-8404,10920,-71,138,-195,-13180,3736,6852,-960,118,-77,-13184,-6176,7056,-476,125,-117,0
3048.0687630176544,7872,7444,11520,-170,-40,85,7336,-8408,10884,-77,133,-155,-13340,3744,6968,-999,97,-49,-13280,-6184,6980,-463,128,-132,0
3048.102220058441,7828,7216,11348,-155,255,90,7264,-8432,10952,-55,163,-188,-13228,3736,6880,-1037,87,-17,-13288,-6212,6908,-489,137,-162,0
3048.1353321075444,7748,7516,11356,-131,-8,68,7296,-8456,11016,-62,159,-171,-13236,3764,7128,-1037,55,-52,-13288,-6152,7040,-493,147,-177,0
3048.1689569950104,7724,7500,11432,-121,-29,104,7292,-8468,11044,-78,136,-156,-13232,3844,6968,-1030,114,-61,-13172,-6288,7008,-488,126,-126,0
3048.202600002289,7748,7508,11272,-160,-35,75,7276,-8540,10796,-81,162,-164,-13188,3772,7060,-1011,90,-27,-13232,-6236,7156,-493,98,-130,0
3048.2361030578613,7608,7504,11584,-173,-25,72,7320,-8228,10916,-65,155,-174,-13204,3744,6924,-982,74,-45,-13200,-6304,7072,-506,127,-150,0
3048.269809961319,7608,7496,11404,-126,-48,93,7364,-8356,10972,-48,136,-161,-13296,3836,7012,-991,87,-41,-13236,-6216,7004,-484,108,-102,0
3048.3034369945526,7724,7508,11312,-135,-23,87,7264,-8472,10956,-60,162,-179,-13196,3772,6904,-976,99,-64,-13216,-6272,7024,-490,126,-128,0
3048.337005138397,7728,7504,11392,-166,-22,82,7312,-8200,11128,-45,127,-200,-13304,3720,6980,-961,96,-76,-13192,-6224,7072,-460,159,-112,0
3048.374002933502,7776,7280,11528,-154,-41,96,7176,-8496,10916,-60,137,-180,-13328,3820,6872,-957,66,-63,-13216,-6180,7008,-499,161,-131,0
3048.409721136093,7784,7332,11504,-179,-39,92,7412,-8432,10808,-34,136,-165,-13208,4012,7108,-1040,48,-10,-13212,-6168,7008,-497,135,-163,0
3048.4455530643463,7828,7464,11264,-212,-20,84,7308,-8528,11048,19,155,-147,-13172,3772,6800,-1012,58,-6,-13252,-6320,6960,-499,90,-160,0
3048.481523990631,7896,7600,11320,-189,-252,72,7344,-8400,10940,-53,148,-154,-13248,3720,7116,-952,12,-37,-13252,-6252,7076,-504,108,-156,0
3048.5176219940186,7792,7536,11308,-240,-60,37,7168,-8428,10896,-8,171,-167,-13244,3780,6768,-976,47,-31,-13240,-6220,6928,-483,120,-157,0
3048.5525691509247,7788,7524,11368,-205,9,69,7264,-8420,10924,-59,152,-143,-13240,3804,6724,-973,49,-17,-13280,-6216,6956,-493,108,-166,0
3048.588163137436,7836,7452,11380,-172,-11,72,7276,-8388,10952,-43,139,-127,-13168,3728,7044,-965,37,-245,-13228,-6200,7056,-477,85,-175,0
3048.6238379478455,7440,7456,11652,-207,-41,75,7212,-8496,10888,-95,132,-157,-13156,3824,7108,-964,35,-46,-13152,-6220,6888,-472,97,-141,0
3048.6598241329193,7668,7476,11440,-163,-57,89,7316,-8488,10844,-51,139,-163,-13168,3924,6976,-981,97,-35,-13116,-6212,6948,-484,120,-138,0
3048.6948449611664,7840,7524,11320,-165,-58,101,7248,-8536,10880,-26,112,-177,-13180,3848,7044,-997,92,-30,-13148,-6276,7064,-520,161,-144,0
3048.731167078018,7728,7452,11376,-140,-29,101,7292,-8400,11012,-47,100,-187,-13180,3800,7132,-969,131,-107,-13212,-6156,7092,-494,178,-122,0
3048.7662241458893,7712,7588,11468,-170,-106,106,7256,-8692,10908,-43,146,-176,-13292,3836,7008,-1005,101,-74,-13204,-6172,7092,-487,151,-122,0
3048.801819086075,7792,7544,11384,-169,-34,69,7312,-8468,10800,-64,156,-165,-13232,3716,6848,-992,95,-75,-13176,-6216,6992,-523,175,-131,0
3048.8380229473114,7720,7528,11504,-151,-64,89,7336,-8356,11032,-65,149,-166,-13116,4084,6880,-981,53,-46,-13228,-6288,6924,-474,148,-139,0
3048.8733539581294,7588,7644,11560,-186,-40,123,7228,-8452,11008,-47,178,-159,-13216,3956,7068,-1002,90,-82,-13228,-6300,6992,-499,135,-134,0
3048.90833902359,7724,7608,11332,-174,-63,117,7248,-8412,10884,-67,182,-153,-13152,3844,6968,-986,112,-56,-13192,-6304,7144,-486,139,-103,0
3048.9433469772334,7916,7460,11440,-231,-63,80,7276,-8536,10916,-18,162,-176,-13216,3836,6904,-1003,101,-73,-13224,-6204,7132,-491,175,-90,0
3048.9787991046906,7880,7668,11472,-215,-129,179,7164,-8492,10776,22,89,-230,-13032,3808,7160,-1009,183,-133,-13152,-6384,6708,-484,211,-70,0
3049.0143470764165,7720,7576,11668,-190,-179,156,7388,-8516,10828,-32,95,-225,-13180,3888,7088,-945,135,-111,-13152,-6280,6992,-766,204,-80,0
3049.0479230880737,7664,7168,11312,-218,-155,161,7252,-8444,10940,-7,108,-204,-13164,3860,6912,-934,125,-109,-13116,-6204,6964,-474,167,-54,0
3049.0815839767456,7880,7520,11216,-202,-85,186,7280,-8452,10872,34,82,-182,-13040,4088,7160,-898,169,-107,-13160,-6308,6796,-440,128,-42,0
3049.1149640083313,7764,7440,11316,-202,-60,193,7240,-8208,10984,8,-15,-168,-13432,3756,7088,-912,241,-67,-13300,-6340,7104,-410,106,-50,0
3049.148303985596,7780,7568,11752,-253,24,199,7432,-8496,10840,-14,-21,-172,-13292,3728,7112,-873,146,-14,-13192,-6268,6904,-384,173,-44,0
3049.181678056717,7780,7392,11508,-230,-59,194,7364,-8396,10784,-35,7,-197,-13148,3788,7144,-805,-1,-46,-13164,-6312,7004,-375,208,-69,0
3049.2149789333344,7448,7468,11360,-201,32,191,7364,-8700,11132,110,-52,-192,-13204,4072,6740,-680,280,-124,-13312,-6208,7092,-343,246,-64,0
3049.2486169338226,7860,7244,11744,-285,79,186,7408,-8484,10816,123,-9,-211,-13068,3732,6944,-849,237,-119,-13188,-6260,6948,-274,402,-255,0
3049.282217025757,7692,7228,11756,-307,252,179,7360,-8428,10808,124,34,-230,-13076,4084,6820,-726,21,-70,-13164,-6080,7080,-297,400,-70,0
3049.315619945526,7636,7364,11172,-263,122,192,7372,-8508,10936,212,72,-162,-13228,3912,6684,-570,147,-87,-13248,-6192,7048,-242,357,-36,0
3049.349240064621,7680,7304,11496,-326,147,504,7384,-8220,10948,250,99,-152,-13152,3848,6900,-609,311,-61,-13288,-6104,7032,-192,408,-58,0
3049.382725954056,7696,7232,11376,-301,188,240,7348,-8472,11088,210,53,-180,-13160,3792,7080,-717,522,245,-13444,-6004,6664,222,856,-51,0
3049.4159359931946,7876,7216,11604,-281,501,225,7392,-8376,10772,245,147,-193,-13072,4080,6828,-1203,166,-95,-13184,-6364,6720,280,918,0,0
3049.449471950531,7680,7184,11572,-182,-165,146,7392,-8372,10764,-20,140,-218,-13372,3752,6936,-1222,256,-154,-13224,-5908,6764,105,894,5,0
3049.4831070899963,7624,7388,11436,-138,-351,65,7272,-8288,10892,-9,229,-277,-13140,3844,6984,-1305,260,-153,-13236,-6104,6656,173,599,-11,0
3049.5165390968323,7436,7420,11352,-125,-381,32,7296,-8284,10948,-40,268,-2,-13172,3840,6636,-1378,6,-188,-13472,-6112,6676,298,470,51,0
3049.550028085708,7808,7384,11248,-139,-373,60,7328,-8308,11188,-85,252,-210,-13224,3780,6808,-1422,82,-161,-13368,-6040,6840,196,419,-6,0
3049.5835001468654,7892,7432,11704,-211,-310,80,7392,-8360,10980,-119,285,-213,-13236,3620,6772,-1378,19,-91,-13512,-5952,6776,-27,502,-33,0
3049.6170771121974,7704,7500,11428,-192,-244,78,7204,-8304,10772,-90,259,-191,-13288,3836,6940,-1323,-46,-86,-13564,-5992,6992,-217,160,-124,0
3049.6506879329686,7788,7316,11680,-221,-144,102,7372,-8292,10824,-98,171,-170,-13320,3748,6660,-1199,-113,-89,-13408,-6028,6904,-607,20,-203,0
3049.6842300891876,7764,7412,11456,-334,-90,107,7436,-8632,10944,-102,145,-169,-13264,3796,6856,-1103,-111,252,-13388,-5984,6984,-891,-160,-208,0
3049.717509031296,7812,7496,11420,-250,-75,129,7304,-8348,11008,-151,107,-166,-13148,3808,6788,-1091,-34,-19,-13320,-5960,7028,-705,-118,-145,0
3049.751095056534,7724,7540,11440,-215,-64,82,7272,-8372,11036,-182,111,-178,-13228,3900,7084,-1112,32,-27,-13264,-6044,6944,-839,-145,-196,0
3049.7845110893254,7716,7356,11448,-181,-13,52,7260,-8476,10956,-218,116,-210,-13160,3624,6920,-974,60,-74,-13260,-6104,6924,-1103,-160,-236,0
3049.817800998688,7744,7468,11432,-128,5,31,7336,-8384,10892,-234,93,-159,-13180,3792,7008,-936,122,-57,-13336,-5952,7156,-485,-44,-186,0
3049.851376056671,7820,7452,11520,-116,48,87,7272,-8476,10848,-197,60,-152,-13200,3740,6936,-1077,111,-34,-13064,-5964,6800,-454,47,-90,0
3049.884719133377,7668,7384,11560,-191,53,112,7320,-8356,10848,-194,79,-164,-13184,3688,7020,-1106,63,-32,-13260,-6100,6924,-469,48,-140,0
3049.9180591106415,7816,7416,11592,-154,72,79,7424,-8460,10940,-152,94,-174,-13236,3784,6912,-1140,-23,-41,-13356,-5988,7056,-552,20,-192,0
3049.9515969753265,7712,7332,11628,-201,56,67,7444,-8428,10936,-63,84,-143,-13180,3740,7060,-1114,-41,-40,-13568,-6068,6944,-454,74,-189,0
3049.9852299690247,7672,7404,11504,-203,98,88,7320,-8404,10856,-30,87,-141,-13160,3800,7108,-1116,-17,-23,-13228,-6396,6708,-298,67,-158,0
3050.0186381340027,7684,7484,11480,-190,50,66,7224,-8420,10800,-23,342,-121,-13084,3812,6564,-1142,126,-37,-13292,-6020,6840,-511,78,-156,0
3050.0559210777283,7932,7392,11432,-281,24,102,7324,-8428,10916,-23,132,-151,-13088,3772,6912,-1172,62,-71,-13280,-5908,6912,-107,109,-109,0
3050.0913050174713,7904,7420,11572,-228,119,129,7288,-8660,10864,34,142,-143,-13168,3660,7196,-1250,60,-11,-13368,-6056,6900,-102,189,-121,0
3050.1271290779114,7692,7400,11500,-290,133,151,7344,-8260,10988,51,143,-138,-13228,3748,7024,-1228,1,-38,-13252,-6000,7076,-28,290,-76,0
3050.1617889404297,7424,7232,11292,-328,48,149,7360,-8348,10872,-32,154,-154,-13132,3716,7076,-1180,22,-76,-13224,-5944,7028,-24,497,-79,0
3050.198033094406,7636,7344,11604,-233,28,126,7304,-8460,10876,-31,145,-149,-13132,3768,7232,-1242,15,-83,-13288,-5964,7020,-48,286,-95,0
3050.2331330776215,7520,7288,11456,-301,30,176,7316,-8456,10948,-8,163,-172,-13056,3884,6844,-1230,101,-104,-13140,-6036,7160,-195,300,-67,0
3050.2686920166016,7644,7372,11664,-335,39,141,7412,-8448,10908,-65,156,-158,-13188,3744,6928,-1152,59,-85,-13272,-5912,7060,-306,197,-101,0
3050.3037440776825,7456,7344,11532,-258,252,131,7356,-8516,10856,-83,163,-174,-13208,3680,7084,-1166,-14,236,-13416,-5872,7108,-464,116,-127,0
3050.3393189907074,7680,7352,11672,-145,-94,76,7360,-8484,10972,-106,151,-157,-13176,3692,7168,-1037,-71,-81,-13384,-5964,7000,-468,116,-181,0
3050.3744399547577,7780,7472,11616,-114,-76,93,7328,-8672,10928,-114,162,-165,-13184,3676,7048,-1032,-4,-87,-13080,-6048,7044,-441,158,-141,0
3050.4106941223145,7648,7356,11736,-142,-77,126,7252,-8392,10968,-136,154,-149,-13180,3756,7124,-1020,36,-62,-13428,-6032,6912,-395,151,-142,0
3050.445578098297,7540,7172,11552,-162,-38,89,7376,-8404,10884,-150,150,-162,-13112,3684,7252,-1025,20,-80,-13328,-5940,6976,-421,146,-118,0
3050.481711149216,7584,7356,11536,-197,15,129,7304,-8512,10888,-77,159,-144,-13148,3808,7088,-1033,55,-54,-13288,-5868,7128,-505,168,-113,0
3050.517534971237,7540,7428,11660,-186,-26,125,7332,-8520,10848,-55,143,-173,-13116,3632,7092,-1075,52,-100,-13320,-5984,7128,-472,200,-114,0
3050.552397966385,7488,7400,11544,-180,-85,153,7316,-8444,11196,-35,152,-169,-13164,3660,7368,-1056,78,-119,-13208,-5948,6916,-552,205,-110,0
3050.5886011123657,7632,7464,11768,-202,-99,148,7284,-8676,10880,-64,105,-216,-13256,3764,7108,-1060,91,-98,-13500,-6016,6948,-543,269,-79,0
3050.6237969398494,7616,7376,11564,-199,-152,138,7312,-8404,10956,-68,104,-210,-13148,3556,7272,-1055,72,-78,-13524,-5988,7100,-527,226,-98,0
3050.6594121456146,7636,7424,11408,-240,-131,143,7296,-8552,10932,-18,147,-167,-13096,3748,7128,-1069,38,-74,-13380,-5924,7024,-581,205,-107,0
3050.6952970027924,7880,7196,11668,-270,-146,157,7252,-8244,10992,20,115,-174,-13088,3732,7132,-1069,89,-85,-13312,-5956,7072,-575,195,-104,0
3050.728753089905,7676,7644,11600,-227,-77,138,7268,-8380,10988,9,143,-179,-13220,3648,7012,-771,72,-76,-13304,-6036,7096,-396,-729,-72,0
3050.7625329494476,7516,7320,12252,-111,-229,183,7352,-8412,10956,-42,163,-213,-13144,3776,7064,-1001,62,-155,-13288,-5636,7076,-592,260,-107,0
3050.796056032181,7580,7380,11672,-282,-122,160,7404,-8704,10916,11,164,-214,-13180,3744,7028,-1082,42,-129,-13420,-5744,6704,-554,243,-83,0
3050.829260110855,7932,7328,11708,-232,-134,151,7372,-8300,10972,46,140,-195,-13136,3660,7124,-1043,29,-70,-13360,-6068,7032,-552,226,-119,0
3050.8625910282135,7708,7320,11768,-223,-107,157,7368,-8452,10924,24,121,-159,-13092,3712,7160,-1041,95,-64,-13260,-6020,7104,-566,187,-102,0
3050.8959641456604,7768,7176,11524,-246,-93,167,7344,-8436,10800,17,154,-170,-13196,3704,7152,-1065,53,-103,-13284,-5656,6928,-593,170,-103,0
3050.9294440746307,7696,7300,11576,-216,-108,163,7344,-8208,10892,1,163,-182,-13136,3608,7044,-1074,57,-107,-13544,-5992,7136,-656,190,-96,0
3050.9630670547485,7712,7280,11448,-268,-127,159,7308,-8400,10768,52,144,-220,-13028,3776,7048,-1274,138,-147,-13268,-5948,6776,-631,229,-120,0
3050.996454000473,7584,7360,11272,-219,-129,173,7272,-8428,10988,15,140,-216,-13064,3692,7088,-976,149,-108,-13228,-5976,6968,-600,187,-121,0
3051.029925107956,7892,7368,11472,-267,-156,165,7364,-8452,11044,2,146,-209,-13100,3644,7112,-1081,217,-144,-13320,-5948,7160,-615,160,-131,0
3051.0633339881897,7648,7276,11588,-228,-100,166,7372,-8396,10904,5,149,-199,-13132,3708,7092,-1016,140,-150,-13360,-6052,7008,-679,149,-123,0
3051.096971035004,7760,7216,11632,-227,-138,135,7336,-8196,10784,-254,180,-191,-13188,3572,7176,-1002,123,-97,-13328,-5948,6984,-680,148,-102,0
3051.1305010318756,7624,7264,11548,-218,-116,132,7256,-8412,10948,254,154,-192,-13156,3548,7068,-778,180,-88,-13096,-5932,6956,-642,112,-112,0
3051.1682651042934,7672,7180,11440,-266,-142,147,7364,-8388,11060,-12,141,-206,-13100,3656,7016,-986,211,-105,-13388,-6076,7044,-672,79,-125,0
3051.202146053314,7928,7204,11736,-212,-94,123,7288,-8416,10880,4,161,-209,-13296,3364,7284,-1010,165,-121,-13364,-6028,6988,-669,61,-135,0
3051.235454082489,7900,7268,11536,-177,-115,135,7364,-8448,10764,-5,152,-184,-13208,3600,6772,-1022,160,-50,-13328,-5992,6992,-649,23,-152,0
3051.2690789699554,7852,7280,11264,-142,-77,109,7400,-8444,10924,247,160,-184,-13148,3628,7064,-1003,191,-45,-13260,-6008,6896,-627,32,-112,0
3051.302645921707,7920,7332,11328,-177,-112,93,7204,-8384,11208,-38,146,-202,-13184,3516,7188,-1004,186,-102,-13256,-6068,6988,-583,43,-165,0
3051.336025953293,7764,7280,11556,-172,-97,102,7652,-8420,10904,-32,190,-171,-13112,3716,6948,-994,139,-67,-13380,-6040,6856,-630,-9,-151,0
3051.3696949481964,7820,7260,11536,-162,-73,100,7360,-8232,11156,10,161,-155,-13184,3648,7184,-1042,173,-64,-13340,-5964,7140,-618,21,-144,0
3051.4032111167908,7696,7256,11628,-181,-59,97,7320,-8400,10804,13,166,-161,-13124,3740,7164,-1032,141,-34,-13348,-6028,6900,-573,-7,-155,0
3051.436592102051,7820,7320,11688,-112,25,83,7664,-8344,11080,-34,183,-154,-13184,3672,6980,-1062,186,-43,-13308,-6036,7100,-584,-23,-164,0
3051.4699511528015,7904,7308,11308,-108,-18,49,7328,-8508,11084,-36,179,-174,-13236,3744,6900,-957,137,-91,-13484,-6016,6948,-587,22,-165,0
3051.503639936447,7812,7240,11584,-155,22,69,7268,-8472,10884,-24,162,-139,-13176,3644,7096,-999,113,-79,-13348,-6032,6888,-576,-12,-161,0
3051.537178039551,7752,7320,11504,-116,26,76,7376,-8392,10976,-37,127,-124,-13196,3704,7284,-984,131,31,-13192,-6032,6816,-526,-70,-169,0
3051.5707881450653,7708,7328,11640,-171,43,69,7196,-8408,10976,-60,130,-132,-13224,3732,7084,-987,138,-242,-13172,-6172,7064,-576,-52,-178,0
3051.6043260097504,7720,7300,11528,-174,21,60,7248,-8416,10760,-41,149,-161,-13212,3676,7128,-1013,125,-61,-13204,-6048,7124,-576,-58,-164,0
3051.637547969818,7676,7304,11584,-149,87,63,7316,-8480,10948,11,120,-185,-13140,3816,7144,-1026,158,-51,-13268,-6036,6972,-601,-3,-161,0
3051.6709709167485,7688,7348,11584,-179,85,43,7324,-8324,10868,27,134,-183,-13112,3580,7056,-1003,171,-50,-13268,-6136,6984,-556,35,-139,0
3051.704241037369,7500,7236,11708,-184,85,93,7332,-8292,10844,-8,131,-187,-13144,3600,7076,-1011,205,-42,-13304,-6024,7108,-523,45,-177,0
3051.741893053055,7668,7292,11608,-207,46,95,7328,-8400,11068,17,143,-149,-13240,3600,7124,-1061,128,-67,-13244,-6112,7052,-488,103,-164,0
3051.7774629592896,7784,7280,11552,-228,94,91,7340,-8384,11032,10,158,-170,-13244,3516,7052,-1279,94,-59,-13252,-6116,7108,-501,140,-161,0
3051.813770055771,7680,7260,11528,-222,80,90,7392,-8368,10916,-8,153,-165,-13208,3732,6920,-1061,86,-96,-13172,-6128,7012,-505,155,-154,0
3051.8498120307922,7624,7268,11612,-240,73,100,7240,-8340,10968,18,130,-146,-13180,3628,7120,-1052,80,-41,-13284,-6360,7148,-500,170,-150,0
3051.8847920894623,7584,7372,11560,-223,45,81,7256,-8388,10872,-43,146,-172,-13248,3572,7156,-1275,94,-56,-13228,-6156,7024,-447,208,-164,0
3051.920269012451,7556,7332,11344,-213,246,83,7328,-8380,10976,-4,149,-161,-13196,3688,7120,-1041,69,-76,-13172,-6096,7008,-419,207,-151,0
3051.9556469917297,7600,7264,11504,-222,45,79,7316,-8372,11044,19,150,-170,-13240,3644,7020,-1045,29,-62,-13256,-6160,6928,-436,211,-157,0
3051.9911780357365,7560,7276,11528,-262,45,78,7288,-8408,10864,21,164,-177,-13192,3628,7156,-1054,66,-116,-13244,-5892,7068,-399,217,-169,0
3052.0272409915924,7672,7296,11496,-291,31,53,7276,-8356,10988,-17,168,-219,-13204,3728,6984,-1039,66,-133,-13212,-6084,6984,-349,265,-163,0
3052.0622289180756,7484,7280,11616,-290,39,98,7244,-8304,11100,-23,174,-188,-13164,3444,6984,-1016,145,-77,-13352,-6124,7108,-398,281,-145,0
3052.098217010498,7552,7264,11524,-317,32,92,7196,-8464,11232,-19,163,-190,-13232,3692,7228,-1061,110,-89,-13172,-6336,7020,-417,290,-131,0
3052.1336920261383,7456,7284,11676,-347,26,115,7304,-8332,11052,-15,126,-183,-13060,3716,7040,-1099,92,-65,-13536,-6212,7092,-385,233,-110,0
3052.169631958008,7600,7404,11620,-321,59,120,7256,-8344,10944,-71,122,-175,-13264,3616,7148,-1255,243,-57,-13540,-5932,6928,-424,224,-126,0
3052.204872131348,7676,7308,11564,-382,39,113,7304,-8420,10836,-74,151,-150,-13084,3620,6952,-1076,121,-44,-13192,-6092,7068,-372,244,-89,0
3052.2406470775604,7540,7216,11676,-312,38,144,7344,-8444,10932,-75,151,-150,-13228,3612,7144,-1071,145,-253,-13300,-6084,7140,-413,169,-91,0
3052.276165008545,7544,7196,11584,-297,23,124,7264,-8440,11088,-79,139,-170,-13092,3592,6940,-1083,139,-36,-13340,-6220,7004,-410,103,-111,0
3052.3117990493774,7556,7116,11620,-290,-8,110,7256,-8384,10844,-66,175,-160,-13184,3664,7176,-992,147,-23,-13496,-6088,7064,-483,126,-108,0
3052.347743988037,7564,7216,11632,-303,-35,86,7400,-8368,10920,-67,177,-151,-13144,3644,7296,-1262,141,-22,-13288,-5896,6976,-473,180,-101,0
3052.3833060264587,7564,7244,11752,-295,-122,121,7240,-8428,10872,-54,170,-177,-13040,3700,7028,-1264,128,-101,-13140,-6024,6944,-460,234,-66,0
3052.416790008545,7456,7116,11748,-278,-132,152,7284,-8676,10976,-96,142,-237,-13152,3696,7136,-1004,182,-145,-13516,-6040,6948,-452,223,-44,0
3052.4504330158234,7600,7208,11680,-252,-155,167,7208,-8652,10896,-82,113,-224,-13084,3696,7140,-987,164,-134,-13312,-6068,7092,-439,242,-33,0
3052.4839789867406,7504,7168,11760,-225,-155,151,7348,-8260,10904,-75,161,-185,-13208,3616,7088,-945,81,-102,-13220,-6076,7024,-434,260,-64,0
3052.5175111293793,7484,7116,11592,-199,-206,135,7276,-8464,10940,-64,161,-194,-13256,3596,7280,-966,75,-80,-13236,-6092,6984,-390,291,-65,0
3052.5509510040283,7524,7216,11680,-166,-223,142,7276,-8388,10964,-104,134,-178,-13204,3624,6944,-973,101,-124,-13304,-6132,7048,-349,228,-12,0
3052.5842850208282,7616,7272,11680,-158,-170,155,7232,-8436,10992,-84,165,-180,-13168,3612,7028,-937,83,-130,-13320,-6008,7020,-402,511,-59,0
3052.6177411079407,7604,7136,11696,-193,-153,141,7284,-8408,11128,-62,139,-204,-13100,3580,7144,-970,51,-88,-13296,-6072,7068,-418,499,-41,0
3052.6514360904694,7496,7244,11684,-203,-151,166,7264,-8396,11008,27,129,-174,-13212,3512,7116,-996,90,-108,-13268,-6044,6988,-422,509,-43,0
3052.684863090515,7492,7392,11644,-169,-132,153,7316,-8452,10892,-22,93,-208,-13196,3416,7052,-982,123,-80,-13292,-6108,6948,-440,250,-67,0
3052.718318939209,7652,7040,11804,-200,-191,156,7280,-8516,10780,-37,140,-210,-13184,3556,7228,-959,88,-126,-13364,-5992,7072,-445,227,-85,0
3052.7516169548035,7632,7160,11636,-167,-182,122,7356,-8400,10924,-15,136,-160,-13188,3616,7068,-990,75,-129,-13384,-5892,6988,-437,199,-81,0
3052.785243988037,7920,7136,11588,-180,-150,146,7356,-8340,10968,-7,125,-160,-13212,3636,7060,-1003,118,-53,-13276,-6112,6840,-456,147,-70,0
3052.8191399574284,7600,7252,11620,-203,-110,127,7340,-8376,10848,-44,102,-162,-13216,3684,7032,-1023,122,-37,-13280,-6012,7076,-461,160,-86,0
3052.852687120437,7508,7108,11616,-184,-84,147,7344,-8456,11040,-38,111,-150,-13140,3532,7152,-1044,94,-59,-13332,-5956,6936,-480,160,-86,0
3052.88604593277,7544,7088,11820,-203,-149,159,7276,-8480,10864,-2,121,-186,-13176,3712,7076,-1030,107,-128,-13252,-5988,6952,-499,209,-98,0
3052.9195580482483,7532,7088,11576,-179,-163,129,7204,-8216,10940,-23,136,-232,-13208,3616,6936,-965,107,-148,-13268,-5960,7008,-505,231,-104,0
3052.952870130539,7632,6936,11768,-188,-209,110,7280,-8528,11028,-28,136,-3,-13172,3720,6996,-982,98,-153,-13228,-6040,6880,-490,241,-81,0
3052.9865751266484,7624,7056,11688,-206,-202,115,7356,-8420,10980,1,139,-227,-13192,3596,6996,-978,130,-114,-13336,-6008,7156,-464,231,-78,0
3053.0201621055603,7676,7124,11672,-208,-171,125,7232,-8412,10900,-7,115,-218,-13160,3744,7084,-992,141,-116,-13480,-6080,7124,-460,211,-78,0
3053.053694009781,7624,7128,11628,-224,-144,81,7280,-8208,10968,-35,153,-214,-13184,3632,7132,-966,119,-74,-13332,-6028,6944,-493,116,-134,0
3053.087135076523,7700,7144,11576,-169,-126,103,7316,-8368,10840,-81,167,-154,-13172,3504,7064,-978,72,-60,-13304,-5912,6952,-522,104,-164,0
3053.120645046234,7616,7348,11616,-165,-78,77,7272,-8356,10860,-33,177,-154,-13172,3608,6912,-1000,55,-56,-13420,-6064,6860,-492,106,-156,0
3053.1538479328156,7736,7148,11516,-174,-43,81,7280,-8332,10952,-22,180,-158,-13192,3516,6876,-1278,89,-65,-13392,-6072,6672,-483,110,-124,0
3053.187336921692,7584,7132,11672,-183,-47,82,7412,-8424,10756,-54,151,-173,-13164,3368,7040,-992,116,-76,-13396,-6020,7112,-452,128,-153,0
3053.2207810878754,7776,7224,11656,-187,-41,101,7332,-8436,10952,-78,159,-161,-13208,3332,6996,-974,140,-60,-13284,-5940,6944,-478,125,-148,0
3053.254305124283,7592,7212,11680,-178,-59,76,7240,-8448,10960,-47,152,-165,-13200,3632,6992,-1277,125,-25,-13196,-6068,6884,-497,135,-139,0
3053.2879600524902,7644,7092,11376,-152,-57,83,7240,-8460,10960,-59,178,-170,-13212,3648,7280,-973,115,-1,-13432,-6032,7032,-495,118,-151,0
3053.3216919898987,7456,7148,11328,-160,-27,66,7252,-8448,10992,-66,170,-163,-13180,3624,6980,-984,61,-32,-13368,-5956,7160,-492,99,-166,0
3053.3553740978246,7624,7380,11548,-172,-1,86,7220,-8472,11008,-59,186,-158,-13156,3684,7132,-981,75,-60,-13300,-6052,6916,-509,107,-162,0
3053.390783071518,7452,7048,11672,-161,-20,73,7268,-8444,10968,-34,214,-156,-13236,3640,7176,-994,53,-37,-13248,-6068,7032,-513,101,-182,0
3053.4272520542145,7504,7180,11676,-180,-39,55,7244,-8448,10856,-50,149,-188,-13176,3628,6924,-1026,124,-69,-13252,-5992,6936,-524,145,-159,0
3053.4622609615326,7620,7164,11996,-174,-54,87,7260,-8372,10928,-36,140,-178,-13216,3604,7180,-975,111,-49,-13312,-6000,6940,-531,138,-163,0
3053.4985089302063,7732,7192,11664,-176,-88,61,7308,-8412,11052,-34,168,-169,-13240,3668,7356,-1009,98,-68,-13272,-5968,7128,-504,127,-161,0
3053.5337800979614,7672,7132,11540,-153,-80,55,7300,-8396,10928,-100,208,-175,-13140,3600,6968,-980,123,-18,-13396,-6192,7064,-260,95,-159,0
3053.5696430206294,7768,6940,11680,-191,-68,73,7332,-8408,11180,-112,114,-161,-13172,3340,7104,-914,118,-37,-13412,-6072,6744,-490,55,-140,0
3053.6049969196324,7576,7136,11724,-152,253,60,7308,-8468,10768,-86,182,-137,-13312,3732,7136,-988,59,-42,-13304,-6028,6656,-534,71,-186,0
3053.640865087509,7536,7128,11768,-220,-30,84,7264,-8500,10948,-52,148,-136,-13176,3704,7136,-1005,82,-8,-13180,-6036,6896,-514,76,-145,0
3053.67617893219,7572,7220,11748,-151,6,94,7232,-8456,11080,-70,169,-136,-13244,3400,7036,-991,83,-36,-13292,-6124,6960,-531,52,-147,0
3053.711818933487,7672,7316,11628,-185,-19,51,7216,-8480,11080,-113,138,-162,-13336,3616,7076,-996,106,-43,-13320,-6004,6976,-487,131,-160,0
3053.747383117676,7604,7184,11708,-171,-17,79,7156,-8200,10772,-78,121,-141,-13152,3812,7004,-1015,139,-51,-13236,-5920,7036,-487,88,-156,0
3053.7836561203003,7540,7248,11624,-152,20,84,7196,-8540,10952,-63,109,-122,-13172,3716,7196,-1014,99,209,-13296,-6068,7084,-507,64,-150,0
3053.819265127182,7572,7240,11716,-170,255,83,7252,-8444,10892,-99,139,-143,-13108,3648,7084,-955,72,-10,-13200,-6016,6864,-505,85,-134,0
3053.8549361228943,7616,7256,11580,-181,-9,75,7296,-8460,11016,-133,162,-177,-13140,3728,7068,-963,103,-93,-13180,-6032,7152,-504,118,-128,0
3053.8903319835663,7464,7068,11972,-167,-33,88,7264,-8516,10828,-49,137,-182,-13032,3672,7044,-983,140,-43,-13260,-6016,6744,-510,160,-146,0
3053.9255640506744,7464,7184,11644,-179,-73,97,7252,-8504,11000,-65,105,-200,-13028,3644,7152,-769,123,-74,-13216,-6120,7084,-415,-387,-88,0
3053.9613411426544,7876,7256,11884,-44,-108,139,7220,-8528,11016,-71,119,-195,-13128,3636,7072,-991,92,-32,-13320,-6372,7048,-456,153,-130,0
3053.9973890781403,7564,7276,11760,-188,-11,98,7248,-8452,10896,-67,154,-160,-13200,3660,7376,-969,139,-58,-13220,-6056,7128,-496,120,-133,0
3054.0322139263153,7612,7200,11972,-230,-48,95,7260,-8504,11024,-250,149,-167,-13144,3656,7024,-986,120,-85,-13216,-6156,6724,-503,171,-101,0
3054.0679020881653,7660,7156,11764,-256,-93,131,7320,-8484,11048,-21,170,-173,-13120,3704,7168,-962,93,-40,-13464,-6132,6996,-496,179,-60,0
3054.101431131363,7488,7260,11732,-257,-140,141,7184,-8488,10908,-35,180,-187,-13208,3656,7028,-976,142,-81,-13288,-6064,6944,-761,187,-81,0
3054.1347420215607,7592,7264,11668,-269,-164,137,7172,-8196,10924,-17,139,-221,-13200,3720,6940,-1007,157,-60,-13336,-5904,7164,-520,228,-66,0
3054.1681520938873,7568,7112,11684,-260,-122,134,7176,-8444,11072,-256,155,-205,-13128,3640,7144,-982,119,-118,-13280,-6140,6924,-470,220,-75,0
3054.2015810012817,7532,7132,11680,-284,-103,133,7412,-8568,10764,43,150,-192,-13100,3684,7084,-1009,159,-116,-13184,-6052,6908,-499,227,-85,0
3054.235230922699,7600,7128,11592,-262,-98,140,7400,-8244,10876,38,110,-220,-13192,3656,7152,-1006,154,-121,-13344,-6016,6892,-485,218,-78,0
3054.268742084503,7584,7116,11784,-10,-118,142,7320,-8208,10888,17,156,-221,-13148,3640,7076,-978,114,-90,-13340,-6108,6968,-452,262,-59,0
3054.3023269176483,7584,7108,11496,-250,-109,166,7188,-8480,10992,7,166,-183,-13068,3680,6660,-1015,134,-89,-13336,-5992,6868,-469,217,-52,0
3054.3358271121974,7584,7124,11652,-241,-117,141,7320,-8568,10988,244,108,-172,-13176,3728,6908,-1013,178,-106,-13308,-6144,6676,-507,185,-53,0
3054.3694450855255,7624,7088,11772,-262,-88,153,7316,-8468,10912,32,140,-176,-13272,3672,6944,-976,174,-80,-13320,-6136,7116,-469,156,-72,0
3054.4027519226074,7628,7144,11664,-197,-47,125,7216,-8696,11116,-23,115,-172,-13100,3836,7028,-975,78,-65,-13224,-6076,7068,-477,163,-87,0
3054.4359941482544,7672,7064,11884,-234,-86,107,7176,-8496,10996,-27,188,-207,-13104,3672,6980,-961,126,-109,-13568,-6020,6880,-464,203,-56,0
3054.469593048096,7648,7092,11540,-229,-99,113,7196,-8476,10904,-35,110,-196,-13184,3712,6996,-995,205,-132,-13312,-5936,6880,-464,194,-61,0
3054.503217935562,7740,7152,11572,-200,-132,131,7236,-8464,10992,-17,112,-185,-13280,3692,6952,-996,156,-60,-13308,-6052,7124,-460,133,-86,0
3054.5365409851074,7612,7128,11768,-220,-115,150,7388,-8404,10980,-22,116,-182,-13144,3644,7068,-989,76,-56,-13344,-5920,6672,-451,132,-82,3
3054.5700969696045,7588,7156,11956,-198,-122,126,7272,-8452,11008,-27,168,-169,-13252,3712,6700,-988,111,-76,-13260,-6088,6916,-505,146,-94,3
3054.603716135025,7508,7132,11616,-161,-130,126,7064,-8376,11008,251,99,-211,-13264,3712,7052,-988,74,-138,-13240,-5936,6948,-522,219,-51,3
3054.636959075928,7620,7076,11596,-143,-176,119,7236,-8428,10836,30,102,-225,-13188,3832,6948,-981,81,-159,-13244,-6052,6772,-513,222,-76,3
3054.670483112335,7652,7040,11616,-133,-192,107,7264,-8396,10896,-16,125,-251,-13160,3708,6972,-997,178,-102,-13396,-6040,6940,-458,209,-102,3
3054.703799009323,7684,7052,11640,-130,-177,89,7380,-8504,10860,-34,110,-239,-13312,3636,7108,-963,97,-65,-13476,-6092,6908,-486,146,-119,3
3054.737226963043,7712,7056,11608,-141,-105,88,7340,-8200,11228,-47,144,-192,-13112,3692,7156,-960,43,-102,-13412,-6040,6728,-257,148,-165,3
3054.7708771228786,7736,7108,11560,-165,-51,54,7216,-8476,10780,-4,196,-161,-13212,3708,6952,-996,40,-81,-13356,-5972,6892,-511,132,-183,0
3054.8044250011444,7732,6920,11624,-140,-20,62,7200,-8660,11232,-27,163,-173,-13148,3568,6952,-984,124,-41,-13336,-6040,6852,-439,131,-107,0
3054.837685108185,7732,7088,11680,-126,-53,62,7252,-8356,10996,-75,107,-166,-13200,3760,7048,-980,116,-28,-13276,-6028,6832,-455,125,-124,0
3054.8711299896245,7656,7084,12000,-153,-75,83,7240,-8688,10980,-82,111,-167,-13188,3768,7020,-977,127,-44,-13280,-6028,6796,-508,115,-142,0
3054.9045131206512,7736,7064,11584,-79,-61,67,7280,-8448,11104,-74,166,-181,-13084,3584,6952,-1001,63,-64,-13288,-5988,6940,-494,115,-175,0
3054.9378759860992,7708,7256,11792,4,-78,58,7284,-8548,11060,-128,141,-162,-13204,3736,7088,-1280,52,9,-13268,-6168,6892,-258,110,-139,0
3054.971657037735,7904,7248,11608,-28,-85,38,7140,-8336,11068,-113,145,-189,-13280,3668,7048,-959,38,-16,-13304,-6084,7032,-490,94,-172,0
3055.0050101280212,7600,7188,11940,-29,-83,73,6968,-8232,10856,-86,175,-164,-13096,3784,6944,-944,67,-30,-13336,-6024,6912,-539,102,-169,0
3055.0382890701294,7628,7188,11708,-39,-67,74,7196,-8496,10788,-56,122,-155,-13284,3704,7000,-962,39,-54,-13328,-6060,6904,-528,130,-145,0
3055.0744500160217,7492,7204,11772,-57,-110,85,7268,-8500,10928,-256,159,-159,-13168,3660,6968,-977,37,-8,-13288,-6096,7156,-491,79,-161,0
3055.1101911067963,7628,7112,11584,-27,-61,44,7320,-8252,10888,-52,178,-139,-13204,3636,7092,-914,8,12,-13416,-6060,6656,-512,88,-154,0
3055.144781112671,7928,7140,11552,-116,-29,37,7388,-8460,10924,-14,234,-154,-13144,3584,6816,-909,39,-64,-13260,-6016,6928,-457,91,-140,0
3055.180204153061,7652,7184,11580,-161,11,49,7420,-8504,11036,-256,189,-150,-13168,3696,6992,-965,15,-50,-13460,-5964,7160,-473,121,-155,0
3055.2153120040894,7660,7232,11764,-164,-9,67,7232,-8488,10860,-5,129,-144,-12812,3588,7032,-980,62,-70,-13256,-6080,6956,-423,89,-150,0
3055.251132965088,7596,6940,11668,-174,26,76,7212,-8540,10928,-45,152,-141,-13216,3680,7164,-953,103,-29,-13480,-5900,7112,-479,121,-164,0
3055.2872130870815,7620,7220,11508,-198,8,45,7248,-8508,11200,-33,178,-131,-13148,3844,7096,-954,65,-64,-13280,-6052,6660,-460,124,-151,0
3055.3223221302032,7632,7408,11684,-179,18,49,7196,-8684,11252,-4,159,-183,-13100,3748,6968,-993,67,-41,-13528,-5928,7036,-471,163,-152,0
3055.357433080673,7560,7180,11524,-184,-254,85,6952,-8332,11060,-20,126,-205,-13232,3660,7032,-972,133,-70,-13328,-6116,6972,-472,147,-120,0
3055.3928480148315,7608,7240,11684,-159,-252,80,7200,-8524,11024,-16,134,-177,-13232,3768,7032,-972,105,-3,-13336,-6108,7012,-426,150,-135,0
3055.4281680583954,7584,7280,11540,-217,252,88,7212,-8232,10780,-29,142,-170,-13220,3580,6980,-969,154,-47,-13212,-5896,7008,-440,157,-112,0
3055.4636759757996,7528,7260,11592,-206,-22,94,7256,-8480,11000,-55,136,-162,-13212,3732,7068,-1010,160,-33,-13076,-6364,6752,-432,162,-131,0
3055.4994690418243,7588,7204,11768,-170,-33,109,7292,-8440,10940,-79,112,-180,-13244,3620,7056,-990,172,-67,-13400,-6044,6968,-473,148,-100,0
3055.534465074539,7608,7244,11556,-189,-255,96,7296,-8404,10964,-74,128,-146,-13176,3736,7032,-968,139,-55,-13280,-6112,6848,-439,126,-120,0
3055.570734024048,7620,7380,11624,-204,241,105,7228,-8448,11044,-64,136,-151,-13316,3788,6868,-919,197,-59,-13548,-6028,6920,-456,129,-114,0
3055.6056039333344,7644,7376,11892,-184,47,89,7220,-8548,10956,-255,138,-142,-13136,3784,7092,-963,171,-114,-13428,-6044,7000,-439,151,-115,0
3055.641384124756,7568,7244,11752,-224,235,122,7172,-8416,11004,-15,132,-165,-13100,3748,7140,-974,163,-89,-13280,-5912,6968,-437,203,-68,0
3055.677258014679,7516,7200,11708,-217,-73,117,6936,-8548,11132,-4,117,-199,-13164,3640,7156,-968,173,-130,-13180,-6148,6896,-400,245,-87,0
3055.712270975113,7612,7116,11636,-241,-110,138,7168,-8360,11052,-23,159,-216,-13180,3712,6976,-970,164,-104,-13288,-6036,7000,-387,235,-71,0
3055.7475891113286,7524,7148,11588,-233,-105,145,7388,-8468,11004,-8,113,-199,-13140,3664,6984,-1005,186,-75,-13076,-6000,7036,-393,243,-44,0
3055.7811400890346,7508,7164,11488,-509,-68,138,6980,-8420,10756,52,148,-186,-13200,3700,6692,-1027,193,-106,-13312,-6152,6976,-394,205,-71,0
3055.8147871494293,7656,6988,11548,-231,255,115,7248,-8496,11212,25,171,-179,-13244,3652,7280,-1006,132,-94,-13300,-6108,6952,-375,221,-52,0
3055.848062038421,7612,7172,11648,-251,-76,105,7292,-8452,11032,30,216,-198,-13176,3728,7104,-1012,101,-147,-13376,-5904,6944,-299,263,-40,0
3055.8814709186554,7668,7208,11584,-499,-31,139,7220,-8548,10964,38,152,-215,-13196,3856,6916,-1066,181,-122,-13340,-6024,6692,-352,266,-88,0
3055.915261030197,7600,6956,11696,-209,-61,133,7328,-8308,10936,45,169,-194,-13144,3724,6916,-1062,134,-145,-13328,-6128,6928,-394,161,-85,0
3055.9486110210414,7600,7156,11856,-208,-69,143,7340,-8232,11184,21,282,-136,-13180,3624,6816,-1146,157,-152,-13364,-5952,6940,-429,193,-108,0
3055.982111930847,7548,7256,11804,-177,-109,147,7080,-8496,11020,0,194,-162,-13200,3736,6956,-1099,110,-161,-13296,-5964,6836,-489,214,-96,0
3056.0156259536743,7572,7156,12012,-139,-144,121,7332,-8436,10976,11,221,-192,-13272,3792,6976,-1062,95,-138,-13360,-6132,7068,-761,217,-119,0
3056.0491371154785,7536,7120,11772,-151,-173,116,7160,-8388,10920,-7,143,-226,-13112,3656,6932,-1116,161,-103,-13260,-5972,6980,-481,228,-106,0
3056.0828931331635,7428,7224,11764,-175,-162,149,7124,-8348,11076,-55,85,-246,-13196,3644,6988,-1102,262,-131,-13344,-5992,6860,-474,224,-63,0
3056.1164779663086,7668,7088,11680,-185,-177,144,7228,-8252,11028,-81,75,-212,-13296,3716,7052,-1044,198,-143,-13412,-5984,6876,-470,171,-44,0
3056.1494741439815,7924,6912,11548,-189,-148,137,7308,-8484,10936,-80,147,-181,-13208,3740,7040,-982,83,-96,-13416,-6008,6988,-505,140,-115,0
3056.185282945633,7624,7236,11740,-190,-175,139,7256,-8404,10964,-108,111,-178,-13212,3624,6924,-1011,144,-42,-13120,-6068,6972,-467,165,-74,0
3056.2193210124974,7624,7256,11772,-220,-175,143,7228,-8404,10912,-152,62,-190,-13120,3676,6912,-999,118,-94,-13336,-6044,7132,-455,120,-67,0
3056.2523980140686,7676,7204,11560,-185,-126,122,7272,-8444,10828,-127,87,-216,-13208,3768,6952,-962,126,-80,-13484,-5916,6784,-512,76,-138,0
3056.286010980606,7660,7184,11616,-196,-113,109,7308,-8464,10924,-92,102,-181,-13180,3660,6944,-984,78,-55,-13068,-5924,7004,-490,93,-112,0
3056.3194999694824,7660,7168,11520,-167,-79,131,7280,-8384,10936,-80,60,-183,-13244,3660,7112,-956,150,-4,-13060,-5996,6852,-476,58,-110,0
3056.3529441356654,7720,7180,11560,-154,-85,70,7252,-8460,10712,-130,138,-178,-13076,3748,6904,-1022,83,-40,-13404,-5928,6868,-477,86,-131,0
3056.3865480422974,7764,6932,11596,-164,-75,83,7264,-8704,10908,-143,138,-159,-13364,3784,6916,-1014,114,-63,-13388,-5936,6940,-475,72,-140,0
3056.420094013214,7688,7128,11560,-144,-5,130,7236,-8200,11144,-140,67,-108,-13128,3672,6972,-1037,117,-46,-13356,-6024,6876,-484,46,-120,0
3056.4536390304565,7768,6928,11688,-146,18,141,7236,-8444,10776,-122,94,-104,-13248,3680,7068,-1052,92,244,-13276,-6104,7120,-479,65,-128,0
3056.4872901439667,7572,7152,11684,-137,-13,85,7220,-8536,11240,-163,148,-129,-13228,3636,7076,-1039,58,-19,-13356,-6044,6696,-766,87,-148,0
3056.5206620693207,7624,7188,11708,-137,-42,83,7400,-8524,10972,-140,114,-172,-13212,3768,6988,-1021,84,-65,-13340,-5956,7088,-506,102,-196,0
3056.554244041443,7476,7188,11684,-117,-40,48,7248,-8556,11256,-108,168,-191,-13088,3720,7068,-1044,58,-66,-13524,-5992,7136,-489,89,-208,0
3056.587754011154,7608,7116,11556,-150,-45,55,7204,-8496,10756,-110,144,-187,-13220,3716,7108,-1009,40,-96,-13092,-6100,6760,-471,91,-177,0
3056.6214251518254,7584,7180,11672,-161,-40,42,7184,-8540,11020,-136,129,-200,-13192,3788,6932,-769,75,-40,-13232,-6068,6960,-491,135,-152,0
3056.6548039913177,7556,7276,11624,-155,-98,87,7420,-8544,10952,-144,105,-189,-13204,3764,6964,-994,192,-98,-13144,-5992,6960,-495,134,-109,0
3056.690038919449,7636,7108,11696,-131,-94,98,7188,-8704,10796,-157,90,-174,-13240,3704,7040,-986,121,-67,-13356,-5972,6892,-508,122,-132,0
3056.723463058472,7648,7244,11760,-120,-86,104,7240,-8684,10960,-185,111,-182,-13256,3600,7092,-997,102,-37,-13268,-6000,6928,-482,101,-140,0
3056.760141134262,7684,7208,11656,-139,-64,91,7204,-8600,11016,-174,108,-143,-13284,3708,6972,-1020,116,-89,-13112,-5968,6936,-484,77,-162,0
3056.7953701019287,7768,7308,11584,-133,-65,87,7280,-8404,10936,-155,121,-146,-13184,3684,7048,-979,71,-21,-13400,-6092,6944,-491,94,-146,0
3056.8302731513977,7540,7284,11580,-121,-24,69,7208,-8520,10852,-138,104,-138,-13208,3692,7048,-996,67,-36,-13376,-5992,6908,-483,82,-177,0
3056.866184949875,7668,7212,11704,-128,-49,91,7276,-8492,10784,-148,100,-158,-13248,3696,6680,-995,129,1,-13084,-6040,6916,-506,118,-115,0
3056.901731967926,7636,7184,11688,-155,-50,91,7140,-8652,11216,-118,132,-152,-13276,3604,6980,-1004,102,-74,-13284,-5984,6912,-495,137,-121,0
3056.9376680850983,7432,7124,11688,-136,-45,69,7232,-8628,10940,-108,123,-155,-13244,3692,7012,-977,94,-65,-13196,-6072,7004,-499,123,-106,0
3056.9729731082916,7544,7412,11748,-145,-54,99,7224,-8560,10868,-105,104,-163,-13112,3772,7164,-1009,78,-48,-13260,-5980,7112,-506,127,-130,0
3057.0093269348145,7608,7384,11468,-137,-49,96,7220,-8576,10816,-88,131,-139,-13160,3824,7112,-1019,85,-65,-13152,-6028,7148,-522,109,-133,0
3057.045074939728,7660,7200,11508,-132,-63,96,7200,-8612,10772,-66,181,-152,-13152,3748,6916,-977,39,-84,-13064,-6012,7072,-503,124,-155,0
3057.080873966217,7624,7296,11684,-117,-72,85,7164,-8624,11068,-100,170,-174,-13104,3692,7024,-1002,14,-58,-13224,-6064,7032,-471,148,-131,0
3057.116102933884,7580,7232,11544,-127,-101,90,7188,-8548,10884,-73,133,-177,-13128,3696,7152,-992,38,-91,-13268,-6036,6912,-497,157,-116,0
3057.1513340473175,7448,7404,11688,-124,-67,107,7260,-8520,10868,-75,142,-192,-13240,3728,6860,-1036,26,-84,-13264,-6084,7032,-451,155,-131,0
3057.1873230934143,7552,7200,11588,-145,-103,74,7224,-8648,10856,-110,166,-184,-13264,3832,7068,-968,26,-90,-13356,-6000,7080,-466,152,-128,0
3057.222239971161,7444,7276,11604,-133,-67,86,7072,-8488,10908,-116,173,-178,-13220,3680,7164,-994,2,-82,-13384,-5928,6940,-488,150,-144,0
3057.258223056793,7588,7180,11612,-153,-98,96,7248,-8664,10812,-41,169,-150,-13240,3748,6936,-1077,12,-119,-13172,-6008,6992,-490,172,-161,0
3057.2938420772552,7672,7256,11548,-161,-88,109,7292,-8520,10876,-16,163,-159,-13172,3688,7120,-1049,53,-46,-13520,-6152,7032,-479,123,-144,0
3057.3292820453644,7424,7232,11520,-122,-77,97,7224,-8636,10868,-100,154,-155,-13164,3652,7012,-1278,81,-85,-13428,-6096,6952,-511,143,-142,0
3057.3645031452174,7656,7176,11664,-148,-109,129,7204,-8584,10920,-80,121,-145,-13148,3728,6988,-1075,22,-110,-13260,-5980,6996,-457,187,-68,0
3057.4022171497345,7592,7196,11424,-148,-76,169,7288,-8516,10892,-86,73,-147,-13184,3668,7144,-1060,90,-18,-13284,-6132,7056,-484,140,-68,0
3057.4356610774994,7616,7204,11520,-172,-69,143,7116,-8512,10844,-98,97,-163,-13120,3672,6944,-986,127,-44,-13208,-5892,6972,-468,95,-53,0
3057.4692339897156,7528,7192,11572,-175,-34,131,7104,-8640,10916,-123,105,-170,-13080,3632,7044,-983,97,-138,-13140,-6100,6980,-456,180,-44,0
3057.5028569698334,7560,7200,11664,-199,-129,145,7408,-8680,10896,-60,74,-242,-13212,3712,6924,-1094,174,-121,-13344,-6008,7028,-467,237,-32,0
3057.5362210273743,7596,7220,11632,-228,-155,150,6940,-8656,10616,-19,72,-238,-13180,3652,6688,-1060,190,-115,-13352,-6028,7032,-460,1,-24,0
3057.569612979889,7472,7284,11612,-215,-166,162,7184,-8708,10712,-35,43,-255,-13116,3648,6944,-1003,167,-72,-13372,-6064,6984,-465,241,-31,0
3057.603438138962,7636,7092,11608,-225,-187,150,7232,-8452,11004,-32,69,-212,-13220,3720,6744,-1060,161,-73,-13332,-6008,6808,-457,193,-253,0
3057.638832092285,7772,7304,11448,-246,-156,165,7396,-8600,10928,14,90,-187,-13240,3596,7004,-1033,164,-103,-13416,-6012,7004,-445,198,-23,0
3057.672362089157,7728,7268,11636,-254,-159,134,7192,-8548,10900,42,180,-187,-13192,3648,6940,-1039,153,-81,-13388,-6068,6992,-450,188,-46,0
3057.705904006958,7460,7248,11376,-235,-129,152,7292,-8520,10884,4,109,-194,-13240,3660,7148,-1002,103,-61,-13272,-6004,6736,-469,184,-66,0
3057.7395560741425,7784,7176,11628,-264,-104,157,7304,-8576,10824,8,93,-192,-13120,3672,6980,-1010,167,-97,-13304,-6036,6776,-477,181,-69,0
3057.772681951523,7700,7112,11684,-239,-150,170,7176,-8660,10900,1,125,-190,-13204,3708,6944,-975,125,-108,-13556,-5928,6684,-493,183,-80,0
3057.8063790798187,7720,6960,11648,-268,-135,149,7336,-8692,10864,37,106,-217,-13244,3696,6932,-969,177,-72,-13404,-5940,7008,-486,162,-95,0
3057.839877128601,7704,7332,11736,-214,-103,153,7180,-8576,11000,23,100,-199,-13104,3708,7056,-1042,151,-69,-13284,-5932,6920,-469,153,-58,0
3057.873492002487,7628,7388,11688,-256,-116,143,7208,-8600,10840,5,109,-212,-13144,3680,6948,-989,174,-76,-13324,-5924,6940,-449,173,-75,0
3057.90695810318,7560,7196,11684,-270,-126,155,7232,-8624,10824,-11,111,-201,-13108,3700,6724,-1015,253,-113,-13408,-5904,6996,-464,187,-44,0
3057.9405970573425,7748,7344,11552,-212,-90,156,7236,-8624,10844,-22,84,-212,-13200,3712,7164,-776,245,-60,-13504,-5948,6656,-448,152,-30,0
3057.9742550849915,7852,7140,11400,-269,-55,137,7376,-8700,10636,-45,97,-191,-13252,3708,6944,-1002,117,-27,-13448,-5968,6912,-461,108,-82,0
3058.0075781345367,7700,7168,11736,-226,-94,118,7296,-8568,10792,254,108,-168,-13244,3560,6900,-1035,124,-41,-13356,-6032,7004,-491,122,-118,0
3058.041105031967,7724,7176,11532,-147,-16,109,7224,-8644,10856,-41,165,-166,-13204,3700,7012,-977,103,-22,-13344,-5884,6992,-451,112,-135,0
3058.0748150348663,7716,7104,11676,-200,-24,53,7672,-8592,10900,1,155,-160,-13188,3684,7092,-1017,112,-97,-13404,-6004,6848,-445,141,-140,0
3058.1082770824432,7788,7140,11548,-158,11,59,7300,-8524,10904,-9,187,-133,-13200,3688,6924,-1026,84,-36,-13396,-5992,7024,-482,67,-162,0
3058.141387939453,7680,7204,11600,-128,17,97,7308,-8568,10764,-16,153,-109,-13168,3680,6940,-1029,89,-20,-13128,-6060,6952,-464,70,-156,0
3058.1749041080475,7680,7196,11768,-162,-14,65,7260,-8592,10868,-63,165,-155,-13180,3552,7008,-1016,120,-47,-13284,-6116,6936,-483,80,-147,0
3058.2084040641785,7616,7176,11676,-162,-253,80,7260,-8632,10716,-102,125,-179,-13100,3736,7376,-980,132,-63,-13292,-5960,7000,-486,118,-115,0
3058.2419250011444,7724,7244,11560,-147,-3,67,7220,-8664,10836,-36,192,-153,-13216,3764,6980,-1006,102,-100,-13256,-5980,7100,-499,172,-155,0
3058.2752940654755,7544,7076,11544,-122,-45,75,7272,-8588,10932,-24,154,-177,-13092,3828,6932,-1038,96,-40,-13252,-6072,6992,-257,163,-118,0
3058.308768987656,7616,7156,11520,-114,-58,89,7304,-8624,10752,-44,133,-181,-13072,3692,6868,-989,83,-67,-13328,-5960,6936,-527,134,-178,0
3058.3424389362335,7672,7116,11580,-131,-3,84,7192,-8572,10904,-46,166,-167,-13416,3716,7196,-786,31,-55,-13364,-5896,7160,-555,103,-168,0
3058.376011133194,7724,7256,11620,-136,18,82,7180,-8584,11008,-7,166,-142,-13232,3668,7008,-992,6,-105,-13384,-5984,6932,-583,138,-166,0
3058.409220933914,7624,7140,11804,-153,-15,85,7212,-8536,10880,-252,174,-163,-13208,3688,7148,-1014,76,-63,-13320,-6084,7136,-552,159,-188,0
3058.4459750652313,7760,7332,11480,-169,-33,83,7280,-8588,10828,-35,190,-173,-13252,3744,7076,-981,92,-42,-13536,-6048,6924,-484,120,-150,0
3058.4817831516266,7488,7192,11644,-191,-39,83,7380,-8556,11000,-61,141,-206,-13184,3776,6940,-976,118,-67,-13388,-5936,6960,-485,120,-127,0
3058.5180101394653,7432,7244,11600,-186,-32,70,7344,-8620,11056,-26,133,-179,-13208,3720,7032,-1054,104,-52,-13272,-5952,6884,-458,127,-108,0
3058.5533311367035,7668,7136,11628,-179,-54,110,7280,-8608,10996,-9,120,-180,-13128,3620,7176,-1018,162,-63,-13548,-6052,7036,-498,121,-120,0
3058.5896480083466,7776,7288,11616,-195,-40,74,7208,-8552,10844,248,141,-163,-13068,3452,7208,-976,120,-53,-13568,-6044,6676,-485,100,-126,0
3058.6250131130214,7672,7184,11552,-161,-10,65,7212,-8604,10920,-54,146,-145,-13268,3756,7032,-772,137,8,-13284,-5656,6968,-472,94,-120,0
3058.6608719825745,7648,7152,11744,-181,-23,98,7452,-8656,10620,-22,78,-158,-13188,3648,7012,-1067,168,-62,-13520,-5944,7028,-509,127,-120,0
3058.696049928665,7548,7124,11792,-179,-52,108,7180,-8596,10980,21,122,-176,-13204,3640,7088,-1084,214,-43,-13280,-6048,6924,-490,109,-117,0
3058.731914997101,7716,7232,11672,-154,-50,98,7308,-8492,10892,-84,133,-203,-13384,3680,7196,-972,57,-25,-13304,-6020,7036,-490,106,-121,0
3058.7684519290924,7612,7196,11700,-211,3,39,7296,-8596,10836,-56,140,-207,-13220,3732,6872,-964,116,-46,-13556,-5912,7036,-475,126,-142,0
3058.803791999817,7728,7276,11576,-159,-38,92,7236,-8584,10768,-31,142,-177,-13244,3772,6908,-1015,71,-35,-13112,-5968,7080,-475,108,-171,0
3058.8394899368286,7548,7224,11620,-156,-247,67,7344,-8640,10976,-19,149,-162,-13184,3652,7380,-1018,105,-46,-13424,-5996,7028,-464,79,-148,0
3058.874740123749,7552,7256,11788,-179,-22,73,7244,-8604,10928,-62,172,-162,-13188,3684,6992,-980,58,233,-13260,-6004,7080,-493,118,-144,0
3058.910635948181,7592,7408,11652,-163,-34,99,7140,-8580,10580,-49,184,-158,-13184,3676,7148,-980,21,-46,-13260,-6096,6720,-488,104,-147,0
3058.9471549987793,7604,7180,11620,-161,-42,91,7200,-8604,10916,-11,174,-184,-13128,3696,6712,-1036,122,-71,-13108,-5988,6956,-540,148,-124,0
3058.9822430610657,7632,7156,11668,-171,-48,91,7300,-8604,10888,-20,146,-174,-13172,3668,7344,-968,134,-72,-13260,-6016,6940,-768,137,-139,0
3059.0181419849396,7496,7416,11612,-177,-91,85,7392,-8692,10828,-33,157,-157,-13288,3692,6992,-951,81,-26,-13300,-5988,6992,-497,154,-152,0
3059.053817987442,7608,7264,11592,-153,-38,102,7292,-8600,10704,-29,167,-156,-13148,3708,6680,-993,115,-92,-13284,-6084,6980,-511,150,-109,0
3059.090590953827,7580,7176,11840,-154,-40,97,7232,-8588,10932,-38,150,-148,-13220,3764,6988,-1022,62,-31,-13540,-6064,6736,-490,138,-118,0
3059.12420296669,7640,7264,11640,-185,-50,80,7220,-8496,10872,-93,173,-158,-13208,3676,7048,-998,134,-52,-13240,-5972,7104,-473,127,-126,0
3059.1573979854584,7640,7200,11640,-193,-32,113,7264,-8552,10764,-93,143,-192,-13104,3740,7028,-1016,149,-92,-13280,-5936,7052,-482,108,-140,0
3059.1910281181335,7668,7400,11716,-184,-49,94,7176,-8540,10996,-45,121,-175,-13124,3800,7192,-1274,174,-67,-13204,-5992,6980,-503,126,-111,0
3059.2247331142426,7632,7288,11652,-186,-54,89,7256,-8600,10908,-5,144,-183,-13168,3712,7240,-986,88,-45,-13224,-6016,7108,-504,164,-116,0
3059.2580339908604,7504,7252,12020,-172,-67,100,7168,-8652,10812,-12,165,-176,-13132,3796,6960,-972,67,-81,-13228,-6128,7068,-525,174,-95,0
3059.2915620803833,7588,7272,11568,-177,-121,136,7264,-8668,10916,-28,139,-202,-13248,3748,7032,-965,107,-129,-13076,-6072,7064,-260,195,-61,0
3059.324900150299,7600,7272,11716,-188,-143,144,7160,-8504,10928,-39,90,-213,-13204,3772,7060,-949,167,-93,-13112,-5948,7048,-485,177,-56,0
3059.3582150936127,7712,7228,11628,-209,-127,137,6968,-8696,10920,-45,144,-201,-13224,3736,7160,-939,132,-59,-13552,-5972,7052,-566,157,-68,0
3059.391597032547,7596,7224,11596,-235,-113,136,7192,-8592,10956,37,136,-162,-13196,3660,6948,-1008,101,-103,-13236,-6032,7096,-525,164,-106,0
3059.4252650737762,7560,6952,11588,-206,-105,118,7232,-8596,10816,50,136,-187,-13204,3688,7004,-989,117,-127,-13280,-6132,6904,-525,146,-78,0
3059.4587259292603,7644,7232,11620,-174,-112,99,7352,-8632,10908,-2,138,-217,-13172,3660,7216,-944,104,-139,-13348,-5992,7108,-506,223,-94,0
3059.4923090934753,7580,6948,11624,-222,-113,79,7292,-8588,10900,37,173,-233,-13224,3724,6952,-966,110,-159,-13304,-5980,6712,-495,215,-97,0
3059.525813102722,7452,6948,11564,-189,-137,77,7240,-8580,10764,27,182,-230,-13124,3696,7052,-990,177,-106,-13424,-6048,6908,-497,197,-64,0
3059.5591361522675,7652,7288,11992,-205,-160,129,7264,-8508,10868,-27,117,-175,-13264,3684,6820,-969,152,-51,-13284,-5976,7028,-480,141,-52,0
3059.592756032944,7528,7320,11660,-226,-101,158,7224,-8592,10972,-36,135,-156,-13240,3700,6980,-947,147,-66,-13552,-5984,6896,-542,100,-45,0
3059.6265070438385,7592,7160,11684,-190,-101,182,7116,-8536,11016,-40,116,-139,-13272,3692,7036,-967,141,-39,-13260,-5932,7040,-551,124,-57,0
3059.659740924835,7632,7172,11560,-150,-111,180,7200,-8496,10776,29,96,-167,-13172,3604,7032,-991,142,-57,-13296,-5992,7104,-567,154,-51,0
3059.693187952041,7648,7116,11760,-186,-105,188,7192,-8548,10896,254,107,-161,-13184,3648,6736,-1019,166,-31,-13212,-6052,6992,-581,170,-64,0
3059.7268850803375,7572,7208,11852,-164,-157,176,7200,-8536,10744,2,71,-182,-13200,3692,7052,-998,169,-92,-13268,-6060,7016,-272,176,-75,0
3059.7601981163025,7444,7188,11732,-194,-119,152,7292,-8536,10940,-1,97,-188,-13324,3624,6688,-934,188,-94,-13240,-5980,6876,-532,171,-96,0
3059.7938261032104,7616,7244,11656,-179,-128,133,7188,-8580,10984,22,141,-185,-13292,3688,6892,-987,111,-77,-13388,-5936,6816,-522,162,-89,0
3059.8274199962616,7660,7240,11664,-218,-139,129,7292,-8580,11176,-8,139,-209,-12928,3716,7016,-939,125,-81,-13304,-5968,6980,-529,175,-80,0
3059.860785007477,7548,7180,11624,-219,-115,118,7252,-8608,10856,-58,101,-230,-13228,3828,7128,-962,116,-99,-13408,-5948,6832,-756,154,-148,0
3059.8940060138702,7688,7116,11644,-200,-102,92,6968,-8452,10892,-38,141,-178,-13272,3908,7068,-1013,115,-101,-13220,-5836,7028,-559,141,-118,0
3059.927495956421,7856,7140,11736,-201,-141,112,7296,-8544,10964,26,146,-168,-13296,3664,7084,-973,64,-94,-13332,-5976,6984,-496,141,-132,0
3059.960823059082,7932,7184,11560,-122,-69,85,7312,-8608,10800,-49,132,-218,-13176,3776,6976,-949,124,-69,-13384,-5980,6992,-520,143,-150,0
3059.9944591522217,7440,7152,11592,-161,-117,104,7200,-8520,10840,-40,174,-192,-13172,3716,6696,-974,54,-56,-13400,-5944,7032,-520,129,-141,0
3060.0281281471252,7652,7184,11580,-155,-54,113,7204,-8408,10552,-35,117,-164,-13228,3628,6804,-935,85,-47,-13284,-6032,6816,-521,57,-119,0
3060.0616960525513,7732,7192,11704,-134,12,123,7356,-8432,11084,-62,137,-127,-13164,3628,6964,-1006,131,246,-13064,-6092,6868,-542,77,-130,0
3060.0949480533604,7688,7216,11736,-162,-14,101,7328,-8548,10996,-81,143,-135,-13236,3804,6920,-1002,117,-28,-13292,-6068,6992,-536,118,-165,0
3060.1318271160126,7632,7292,11768,-145,-38,67,7348,-8572,10740,-62,143,-179,-13316,3816,6892,-976,90,-91,-13456,-6020,6744,-562,133,-135,0
3060.167746067047,7516,7168,11688,-130,-24,67,7168,-8556,10856,-42,183,-174,-13220,3792,6780,-933,98,-52,-13096,-5944,6672,-539,126,-192,0
3060.203019142151,7620,7184,11336,-144,-46,54,7248,-8620,10848,-57,155,-185,-13236,3764,7048,-966,82,-50,-13328,-5964,7028,-524,132,-151,0
3060.238704919815,7656,7148,11732,-169,-50,60,7232,-8636,10784,-66,145,-194,-13232,3724,6920,-986,96,-71,-13280,-5984,7116,-522,112,-151,0
3060.2743301391606,7664,7192,11756,-165,-10,90,7304,-8620,10816,-62,113,-177,-13240,3776,7044,-978,117,-9,-13320,-5952,6988,-530,116,-108,0
3060.309881925583,7532,7088,11756,-162,-43,81,7224,-8612,11028,-94,152,-177,-13172,3764,6976,-968,119,-73,-13260,-6040,7012,-540,118,-143,0
3060.3454849720006,7668,7236,11664,-166,-82,92,6912,-8620,10816,-70,165,-178,-13320,3784,6916,-962,83,-56,-13224,-6028,6804,-543,126,-154,0
3060.381201982498,7900,7212,11672,-147,-62,78,7188,-8564,10924,-50,144,-195,-13216,3840,6924,-975,90,-80,-13132,-6060,6940,-551,95,-170,0
3060.4174449443817,7464,6920,11520,-137,-71,62,7292,-8524,10896,-29,148,-180,-13220,3640,6700,-987,66,-78,-13560,-6020,6788,-542,95,-156,0
3060.452795982361,7908,7252,11732,-130,-44,75,7276,-8528,10956,-31,127,-180,-13244,3764,6964,-951,73,-37,-13300,-6052,6956,-529,93,-175,0
3060.48796415329,7596,7268,11596,-153,-59,44,7308,-8648,10816,-15,147,-193,-13520,3704,7008,-1013,106,-86,-13384,-6080,6992,-257,121,-159,0
3060.5235619544983,7624,7232,11692,-171,-68,56,7184,-8544,10872,-47,148,-160,-13212,3724,6972,-978,80,-12,-13336,-6068,6912,-506,146,-156,0
3060.559261083603,7444,7212,12000,-146,-57,100,7388,-8560,10920,-71,168,-155,-13248,3692,6568,-998,112,-41,-13244,-5960,6832,-507,89,-112,0
3060.5947339534764,7660,7204,11556,-173,-50,101,7252,-8584,10904,-66,184,-180,-13152,3752,6892,-977,181,-39,-13108,-6084,7036,-528,79,-137,0
3060.6307530403137,7616,7112,11624,-154,-253,103,7308,-8920,10940,-42,107,-161,-13240,4084,7092,-966,75,-3,-13292,-6056,7100,-522,98,-139,0
3060.665909051895,7520,7240,11740,-135,-36,127,7244,-8636,10940,-43,125,-147,-13212,3768,7152,-985,117,-38,-13228,-6076,6792,-529,96,-114,0
3060.7017490863805,7880,7208,11624,-148,-15,128,7240,-8648,10860,-25,138,-186,-13256,3760,6704,-1009,82,-33,-13404,-6016,7008,-507,110,-129,0
3060.737611055374,7592,7204,11672,-122,-42,88,7184,-8588,10944,-28,145,-178,-13224,3756,7132,-1005,57,-97,-13216,-6052,6956,-528,123,-147,0
3060.7739300727844,7496,6924,11680,-138,-71,65,7248,-8692,10800,-26,154,-192,-13236,3732,7024,-995,99,-75,-13208,-6076,7004,-758,173,-125,0
3060.8075499534607,7536,7136,11752,-164,-84,58,7196,-8640,10820,-83,160,-202,-13244,3724,6952,-975,111,-93,-13284,-6016,6788,-486,121,-153,0
3060.8407089710236,7432,6980,11860,-146,-93,49,7204,-8588,10848,-54,184,-182,-13316,3660,6740,-1010,79,-115,-13344,-5988,6680,-506,140,-179,0
3060.8744540214534,7540,7232,11660,-196,-72,52,7196,-8544,10828,253,13,-59,-13184,3880,6660,-1278,97,-79,-13260,-6100,7108,-757,146,-134,0
3060.9079139232635,7588,7340,11592,-144,-31,74,7248,-8572,10820,-36,149,-165,-13236,3692,6960,-1015,133,-57,-13516,-6140,6672,-494,88,-149,0
3060.9412879943848,7676,7372,11560,-146,-24,44,7272,-8608,10784,-84,150,-181,-13224,3736,6848,-1009,141,-27,-13500,-5964,6964,-483,107,-136,0
3060.974944114685,7516,7136,11644,-175,-25,97,7268,-8696,11072,-70,102,-165,-13252,3700,6792,-1030,130,-42,-13224,-6020,6828,-476,131,-121,0
3061.0085880756374,7520,7340,11604,-181,-24,109,7248,-8616,10932,-17,133,-129,-13204,3652,7136,-952,171,-71,-13168,-6116,7040,-496,83,-89,0
3061.0419380664825,7488,7224,11508,-157,-11,102,7152,-8652,11000,-78,122,-142,-13568,3824,7048,-982,98,-44,-13264,-6232,7028,-489,94,-78,0
3061.075557947159,7404,7268,11828,-233,-45,116,7128,-8636,10784,-63,154,-192,-13124,3740,6964,-972,98,-42,-13248,-6064,6948,-479,148,-95,0
3061.1091730594635,7500,7264,11564,-194,-84,140,7376,-8460,10888,-18,111,-197,-13184,3756,6980,-1008,153,-100,-13288,-6068,7108,-766,188,-53,0
3061.14235496521,7504,7248,11740,-199,-148,152,7188,-8588,10828,-17,109,-199,-13264,3756,7004,-1017,163,-134,-13224,-6052,7044,-490,232,-43,0
3061.1758410930634,7524,7224,11564,-210,-143,134,7104,-8588,10896,-41,84,-220,-13208,3788,7148,-966,125,-116,-13268,-5932,7148,-487,193,-63,0
3061.2154679298405,7432,7196,11644,-212,-125,176,7208,-8624,10928,-250,115,-190,-13312,3848,6936,-1007,123,-103,-13244,-6032,7012,-507,174,-62,0
3061.249587059021,7688,7064,11728,-196,-110,133,7264,-8708,10816,22,154,-173,-13260,3744,6868,-984,104,-141,-13252,-6056,7032,-508,174,-77,0
3061.2832369804382,7628,7172,11716,-207,-132,161,7288,-8568,10860,22,115,-192,-13176,3656,6980,-1009,128,-112,-13308,-6036,6948,-495,198,-76,0
3061.316874027252,7640,6924,11368,-199,-157,138,7256,-8512,10848,-2,133,-212,-13180,3696,7104,-982,100,-89,-13284,-6052,6884,-493,173,-109,0
3061.3498940467834,7692,7244,11716,-212,-141,125,7252,-8560,10896,-27,148,-220,-13236,3740,7092,-961,98,-107,-13280,-5896,7152,-500,189,-79,0
3061.383301973343,7724,7296,11548,-208,-173,132,7236,-8596,11104,252,167,-190,-13220,3680,6992,-1018,48,-144,-13300,-6052,7012,-467,202,-86,0
3061.4169061183934,7720,7280,11728,-201,-169,129,7280,-8612,10792,48,154,-209,-13276,3720,6704,-1278,121,-130,-13268,-6080,6704,-759,209,-88,0
3061.4504561424255,7664,7232,11796,-200,-132,131,7236,-8684,10952,16,144,-179,-13556,3732,6892,-966,146,-70,-13104,-6364,7076,-479,146,-105,0
3061.4840030670166,7724,7208,11616,-203,-127,142,7228,-8584,10796,7,146,-207,-13260,3692,6748,-984,135,-78,-13236,-5892,6852,-479,182,-85,0
3061.517629146576,7644,7284,11744,-174,-138,148,7240,-8604,10940,-26,116,-152,-13284,3800,6848,-960,155,-97,-13328,-6080,7148,-518,131,-72,0
3061.550989151001,7644,7128,11604,-194,-110,171,7196,-8624,10828,-247,143,-156,-13296,3716,6684,-774,102,-84,-13328,-6108,6944,-521,156,-84,0
3061.5848219394684,7660,7152,11640,-223,-161,138,7288,-8480,10936,52,115,-177,-13192,3564,6852,-1278,126,-74,-13340,-6144,6996,-499,173,-95,0
3061.618348121643,7636,7220,11600,-155,-135,116,7276,-8528,10804,-21,130,-222,-13224,3636,6864,-993,149,-76,-13348,-6052,6836,-502,160,-122,0
3061.65146112442,7436,7164,11612,-223,-127,111,7352,-8624,10784,-39,137,-212,-13284,4016,6816,-946,99,-112,-13328,-5928,7048,-472,200,-98,0
3061.6850020885468,7440,7400,11528,-206,-118,116,7260,-8612,10788,-16,150,-161,-13176,3796,6876,-993,114,-93,-13312,-5956,6936,-470,128,-104,0
3061.718593120575,7816,7104,11536,-152,-65,113,7336,-8504,10896,-50,123,-136,-13344,3904,6860,-1002,98,233,-13320,-5992,7020,-486,52,-136,0
3061.751960992813,7656,6952,11476,-152,-58,77,7284,-8596,10976,-78,132,-147,-13132,3764,7064,-992,96,-12,-13292,-6112,6848,-487,85,-156,0
3061.7852799892426,7488,7172,11512,-176,-23,76,7244,-8488,10840,-61,163,-150,-13288,3740,7028,-1002,63,-65,-13300,-6116,6912,-511,141,-161,0
3061.8229241371155,7660,7084,11684,-118,-38,77,7252,-8464,10884,-29,160,-179,-13120,3712,6704,-1038,63,-88,-13336,-6032,6992,-495,165,-126,0
3061.858771085739,7592,7272,11568,-157,-35,94,7264,-8600,10876,-45,111,-199,-13176,3676,6948,-1002,155,-72,-13228,-6024,6852,-508,149,-111,0
3061.8938701152806,7720,7296,11796,-113,-69,93,7420,-8596,10820,-84,155,-194,-13272,3748,6876,-958,90,-48,-13376,-6060,6788,-474,110,-150,0
3061.929836988449,7720,7208,11704,-175,-50,82,7304,-8564,10964,-93,153,-170,-13244,3652,6884,-961,61,-70,-13380,-6040,6908,-489,86,-160,0
3061.965523004532,7716,6948,11656,-144,-28,83,7256,-8616,10928,-71,117,-143,-13172,3596,6928,-996,60,-65,-13292,-6140,6936,-505,115,-149,0
3062.0010979175568,7544,7360,11524,-113,-16,80,7128,-8656,10788,-71,148,-157,-13228,3744,6776,-1022,112,-21,-13372,-6104,7040,-506,97,-154,0
3062.036237001419,7624,7352,11692,-182,-30,75,7220,-8572,10916,-70,145,-178,-13172,3764,7040,-971,103,-52,-13308,-6036,6960,-486,107,-129,0
3062.072328090668,7552,7140,11656,-181,-45,107,7212,-8632,10804,-46,119,-173,-13324,3824,6904,-970,112,-98,-13188,-6068,6860,-497,125,-144,0
3062.108087062836,7588,7184,11640,-126,-69,100,7308,-8612,11044,-39,115,-183,-13120,3764,6676,-1012,130,-64,-13256,-6108,6912,-504,134,-154,0
3062.143450021744,7624,7188,11612,-113,-31,85,7204,-8524,10772,-46,133,-190,-13208,3840,6884,-1004,120,-74,-13288,-6008,6840,-480,173,-130,0
3062.1792080402374,7616,7212,11764,-167,-64,95,7240,-8604,10600,-63,132,-179,-13156,3776,6800,-962,134,-45,-13312,-6020,6956,-484,142,-114,0
3062.214322090149,7616,7180,11684,-151,-59,98,7248,-8608,10936,-82,133,-152,-13280,3732,7020,-977,116,-27,-13296,-6068,7036,-499,115,-129,0
3062.2502870559692,7696,7216,11756,-152,-26,112,7316,-8644,10756,-38,154,-148,-13264,3840,6868,-1047,76,-71,-13352,-6056,7156,-259,129,-131,0
3062.285895109176,7668,7288,11496,-152,-39,119,7280,-8636,10976,-15,161,-139,-13212,3700,6892,-1005,76,239,-13288,-6184,6904,-508,81,-130,0
3062.3212230205536,7700,7356,11700,-144,-49,86,7312,-8548,10816,-93,166,-174,-13264,3724,6812,-926,98,-54,-13284,-5992,6916,-487,94,-144,0
3062.355970144272,7532,7136,11576,-195,-6,69,7188,-8596,11048,-31,155,-160,-13160,3808,6784,-974,87,-45,-13244,-6032,6884,-473,110,-123,0
3062.3917210102086,7560,7304,11632,-116,-31,82,7204,-8600,10888,-46,148,-141,-13236,3820,7004,-986,102,-59,-13132,-6108,6960,-498,106,-162,0
3062.4277210235596,7736,7280,11828,-151,-43,88,7380,-8636,10984,-85,156,-142,-13256,3752,6696,-971,85,-48,-13284,-6096,6976,-466,87,-133,0
3062.463380098343,7516,7268,11604,-184,-41,57,7016,-8608,10824,-85,146,-169,-13140,3768,6824,-968,76,-57,-13260,-6088,6996,-495,106,-141,0
3062.496922969818,7556,7244,11520,-145,-36,101,7248,-8552,10932,-58,141,-180,-13428,3744,6860,-991,92,-63,-13556,-6052,7088,-510,130,-144,0
3062.5306100845337,7616,7220,11620,-165,-81,90,7244,-8600,11048,-34,138,-198,-13232,3616,6804,-1002,107,-50,-13192,-6124,7044,-521,172,-134,0
3062.564213991165,7668,7196,11628,-142,-67,81,7384,-8676,11020,-99,95,-212,-13024,3772,6684,-1004,139,-48,-13268,-5892,6676,-505,153,-127,0
3062.597818136215,7544,7188,11632,-155,-82,102,7220,-8644,10788,-33,119,-194,-13240,3804,6808,-993,96,-63,-13520,-6088,7032,-486,111,-127,0
3062.6311769485474,7524,7296,11732,-155,-39,89,7024,-8604,10888,-43,145,-188,-13224,3760,6888,-976,101,-81,-13268,-6096,7048,-485,121,-127,0
3062.6645200252533,7548,7240,11576,-157,-34,89,7412,-8560,10932,-48,141,-172,-13216,3696,6968,-995,93,-38,-13332,-6060,6952,-501,115,-137,0
3062.699443101883,7448,7268,11700,-130,-44,87,7216,-8460,11188,-88,109,-172,-13184,4092,6808,-978,70,-50,-13268,-6060,6908,-518,125,-123,0
3062.7329540252686,7512,6996,11668,-131,-34,72,7248,-8612,10948,-84,157,-185,-13204,3796,6852,-999,107,-49,-13188,-5892,6928,-487,137,-128,0
3062.766468048096,7452,7236,11576,-155,-41,100,7212,-8712,10948,-61,152,-171,-13208,3816,6672,-956,133,-37,-13072,-6088,6992,-485,95,-131,0
3062.800034046173,7484,7252,11596,-159,-14,100,7268,-8688,10836,-30,147,-162,-13276,3832,6892,-1012,144,-67,-13188,-6004,6980,-492,159,-138,0
3062.8335149288177,7536,7316,11724,-145,-51,95,7420,-8680,10848,-22,168,-184,-13116,3864,7012,-1014,132,-108,-13332,-6180,7168,-498,175,-113,0
3062.867303133011,7476,7320,11636,-151,-58,112,7200,-8672,10780,-40,125,-206,-13252,3820,6988,-1009,107,-117,-13244,-6112,7060,-761,217,-100,0
3062.900414943695,7556,7372,11824,-155,-143,106,7248,-8592,10912,-52,138,-224,-13240,3760,6848,-1004,120,-87,-13340,-6084,7008,-469,185,-91,0
3062.9339599609375,7476,7316,11560,-190,-92,132,6932,-8516,10896,-51,136,-195,-13184,3808,7108,-958,122,-77,-13256,-6068,6972,-501,158,-59,0
3062.9674451351166,7608,7292,11664,-187,-137,152,7184,-8576,10920,-38,138,-178,-13296,3856,7100,-1023,109,-89,-13292,-6104,7044,-498,174,-98,0
3063.0010509490967,7472,7244,11632,-208,-155,139,7276,-8700,10856,12,138,-196,-13204,3732,6880,-772,111,-95,-13304,-6124,6880,-484,167,-68,0
3063.034513950348,7632,7352,11528,-155,-85,136,7204,-8560,10912,-15,179,-171,-13192,3772,7024,-997,125,-114,-13268,-6336,6944,-490,164,-99,0
3063.068249940872,7548,7276,11704,-208,-103,110,7276,-8688,10856,-16,161,-233,-13364,3836,6696,-957,131,-107,-13312,-6020,6932,-463,203,-77,0
3063.101855993271,7628,7288,11680,-184,-110,125,7196,-8628,10804,251,134,-183,-13300,3852,6808,-977,110,-62,-13312,-6036,7000,-497,190,-92,0
3063.1353011131287,7652,7268,11572,-157,-119,166,7240,-8556,10944,11,143,-170,-13276,3704,6964,-997,98,-95,-13180,-6376,7012,-477,140,-60,0
3063.16895198822,7608,7248,11708,-177,-115,142,7224,-8620,10828,-14,142,-163,-13260,3588,6964,-997,134,-79,-13308,-6084,6932,-500,119,-78,0
3063.2025620937347,7564,7344,11636,-191,-99,128,7244,-8656,10884,-12,173,-193,-13280,3756,7104,-973,149,-98,-13280,-6064,7084,-494,133,-82,0
3063.2358660697937,7556,7192,11584,-175,-111,143,7248,-8620,10912,-2,122,-206,-13196,3828,6816,-1001,137,-84,-13196,-6092,6976,-485,187,-70,0
3063.2694771289825,7556,6996,11656,-190,-142,154,7124,-8576,10896,6,121,-211,-13220,3800,6892,-1017,128,-113,-13248,-6052,6980,-497,205,-68,0
3063.3028831481934,7588,7224,11656,-156,-156,140,7216,-8520,10996,251,111,-250,-13192,3716,7068,-1026,164,-135,-13204,-6088,7016,-483,214,-52,0
3063.3364729881287,7904,7304,11596,-173,-156,143,7228,-8600,10940,-2,103,-192,-13336,3816,6980,-981,161,-147,-13352,-6172,7096,-492,196,-70,0
3063.3696961402893,7700,7244,11652,-171,-155,128,7300,-8560,10828,12,137,-191,-13212,3804,6792,-1024,151,-95,-13332,-6136,6976,-491,193,-76,0
3063.4030389785767,7700,7308,11680,-189,-153,151,7336,-8660,10856,7,148,-203,-13212,3784,6912,-1012,107,-100,-13216,-6040,6840,-483,197,-85,0
3063.436721086502,7528,7308,11592,-207,-175,151,7120,-8480,11004,-33,125,-220,-13144,3736,7004,-947,135,-101,-13276,-6156,6944,-472,155,-59,0
3063.4724860191345,7632,7292,11692,-239,-141,119,7296,-8636,10896,-41,152,-199,-13268,3884,6804,-989,112,-56,-13076,-5988,6772,-510,127,-103,0
3063.5080721378326,7640,7148,11668,-198,-189,125,7168,-8632,10784,30,99,-198,-13140,3792,7008,-1018,110,-81,-13288,-6100,7012,-521,144,-115,0
3063.5430920124054,7724,7280,11512,-131,-138,113,7284,-8516,10824,-26,118,-205,-13136,3644,6840,-979,112,-72,-13088,-6076,6920,-507,117,-160,0
3063.579209089279,7728,7400,11580,-109,-85,69,7368,-8576,10916,-44,118,-160,-13224,3832,6860,-1019,76,-73,-13380,-5952,6948,-464,124,-162,0
3063.614504098892,7724,7248,11540,-143,-50,91,7292,-8544,10796,3,164,-153,-13260,3772,6960,-928,124,-25,-13348,-6016,7044,-493,83,-164,0
3063.649724960327,7820,7280,11536,-131,-32,105,7216,-8492,10836,-9,140,-153,-13192,3800,6716,-996,121,-23,-13312,-6028,6976,-497,103,-107,0
3063.6847529411316,7924,7348,11328,-166,-61,145,7180,-8536,11096,-63,108,-161,-13184,3708,6776,-1000,134,-66,-13200,-5948,7052,-485,198,-76,0
3063.7206609249115,7508,7272,11544,-156,-161,135,7200,-8556,11228,-68,86,-213,-13068,3908,7144,-994,115,-96,-13244,-6080,7092,-534,169,-140,0
3063.7561140060425,7704,7244,11532,-138,-106,95,7232,-8668,10888,-53,147,-184,-13192,3752,6812,-999,71,-81,-13320,-6136,6680,-494,135,-137,0
3063.792216062546,7512,7328,11776,-163,-114,76,7248,-8592,11004,-45,178,-201,-13204,4088,6876,-958,60,-77,-13216,-6028,7008,-474,108,-129,0
3063.8274290561676,7476,7316,11632,-217,-76,75,7220,-8700,10888,-8,193,-155,-13180,3592,6768,-1015,67,-66,-13240,-6100,7116,-471,133,-140,0
3063.8631751537323,7488,7372,11580,-177,-66,106,7180,-8716,10796,0,141,-224,-13164,3700,6884,-981,121,-112,-13184,-6080,6736,-481,198,-74,0
3063.8987579345703,7620,7292,11604,-150,-149,140,7176,-8712,10864,-81,70,-226,-13256,4076,6860,-998,178,-133,-13320,-5932,7136,-512,193,-79,0
3063.9343309402466,7768,7264,11488,-134,-158,138,7340,-8540,10956,-79,108,-223,-13528,3816,6752,-964,140,-53,-13396,-6012,6964,-509,155,-94,0
3063.9695479869843,7824,7236,11412,-148,-72,125,7328,-8604,10876,-68,151,-182,-13256,3880,6820,-974,60,-31,-13128,-6136,6996,-499,103,-135,0
3064.0047199726105,7820,7188,11656,-150,-51,118,7308,-8604,10952,-28,158,-146,-13136,3844,6864,-1028,62,-36,-13196,-6124,6848,-489,93,-139,0
3064.040555000305,7672,7304,11672,-139,-68,66,7176,-8592,10896,-9,178,-145,-13308,3756,6772,-1059,96,-100,-13076,-6112,7116,-505,112,-123,0
3064.075752019882,7452,7300,11608,-166,-66,81,7268,-8572,10824,-57,128,-183,-13248,3732,7132,-982,118,-38,-13224,-6080,7052,-767,120,-114,0
3064.1111681461334,7564,7268,11640,-168,-75,121,7272,-8664,10968,-73,112,-198,-13244,3828,6824,-1033,137,-99,-13260,-6340,6972,-473,174,-106,0
3064.1466801166534,7584,7240,11600,-149,-104,126,7124,-8680,10992,-52,102,-188,-13284,3948,6896,-1002,161,-85,-13260,-6104,6968,-520,137,-100,0
3064.1802179813385,7796,7196,11456,-140,-86,145,7316,-8640,10796,-65,117,-169,-13244,3852,6952,-998,131,-50,-13280,-6028,6848,-504,111,-147,0
3064.21372795105,7740,7312,11504,-136,-51,100,7276,-8620,10868,-39,147,-169,-13264,3872,6780,-1008,74,-42,-13336,-6128,6976,-493,124,-135,0
3064.2472081184387,7612,7284,11720,-154,-56,85,7224,-8648,10904,-38,189,-144,-13088,3584,6960,-992,72,-77,-13276,-6088,7044,-482,98,-126,0
3064.28071308136,7604,7336,11784,-126,-40,86,7204,-8628,10804,-35,127,-178,-13152,3868,6844,-993,121,-116,-13324,-6112,6944,-473,158,-114,0
3064.3142700195312,7728,7268,11404,-110,-60,90,7172,-8548,10948,-41,115,-218,-13528,3692,6852,-1032,120,-115,-13480,-6320,6972,-490,187,-107,0
3064.347760915756,7700,7316,11720,-131,-101,104,7340,-8520,10804,-54,102,-208,-13340,3832,6828,-1001,122,-73,-13084,-6052,7152,-487,146,-140,0
3064.3812251091003,7780,7276,11668,-144,-85,99,7240,-8584,10932,-62,141,-185,-13264,3776,6844,-1010,115,-65,-13352,-6016,6988,-480,168,-141,0
3064.414370059967,7800,7236,11584,-167,-88,85,7360,-8588,10864,-58,164,-190,-13324,3740,6900,-995,107,-100,-13284,-6176,7032,-469,147,-117,0
3064.447713136673,7800,7384,11520,-135,-32,77,7264,-8656,10940,-89,140,-156,-13244,3832,6648,-982,85,-49,-13368,-5928,6876,-502,85,-167,0
3064.481231927872,7660,7208,11624,-159,-32,50,7264,-8644,10948,-23,177,-121,-13232,3784,6812,-1078,43,-28,-13152,-6168,7036,-523,101,-163,0
3064.5148351192474,7584,7384,11588,-149,-29,94,7228,-8616,10848,-21,148,-160,-13192,3732,7124,-1044,87,-40,-13216,-6356,6980,-495,73,-138,0
3064.5482280254364,7636,7428,11584,-107,16,59,7204,-8588,10760,-112,180,-152,-13268,3736,7128,-990,114,-26,-13272,-6136,7068,-532,128,-171,0
3064.582050085068,7856,7204,11552,-148,32,63,7040,-8640,10888,-69,130,-140,-13228,4032,6684,-1008,78,-57,-13280,-6072,6988,-472,131,-148,0
3064.615527153015,7564,7196,11596,-92,18,79,7176,-8660,10804,-56,158,-129,-13164,3896,6828,-992,92,-21,-13220,-5956,6928,-472,62,-161,0
3064.648787021637,7616,7356,11732,-100,30,56,7240,-8556,10792,-58,193,-163,-13224,4072,6656,-969,64,13,-13344,-6088,7096,-487,67,-152,0
3064.6823670864105,7680,7300,11532,-142,30,39,7292,-8532,10792,-114,157,-135,-13188,3748,6728,-983,49,-30,-13168,-6124,7088,-470,84,-155,0
3064.7157721519466,7632,7256,11552,-138,-251,56,7172,-8928,10792,-82,180,-150,-13160,3860,7068,-929,59,-85,-13516,-6068,6960,-497,111,-170,0
3064.7490949630737,7736,7376,11520,-106,-44,67,7260,-8692,10936,-82,152,-156,-13384,3700,7184,-772,60,-57,-13208,-6156,6960,-484,138,-138,0
3064.782676935196,7596,7396,11724,-116,-32,95,7176,-8600,10848,-66,88,-185,-13140,3828,6904,-931,-39,-19,-13268,-6108,7160,-522,174,-144,0
3064.8161730766296,7628,7328,11404,-117,-72,95,7264,-8636,10920,-92,127,-192,-13284,3888,6956,-1019,90,-53,-13216,-6168,6988,-484,146,-118,0
3064.8497810363774,7884,7340,11532,-115,-23,75,7212,-8732,10932,-73,137,-177,-13500,3860,6828,-994,92,-72,-13500,-5916,6968,-482,154,-149,0
3064.8833050727844,7644,7296,11568,-123,-33,81,7408,-8620,11000,-36,163,-169,-13200,3780,6888,-975,94,-83,-13232,-6112,7012,-505,152,-143,0
3064.9162340164185,7508,7320,11456,-120,-55,100,7216,-8664,10804,-86,122,-190,-13228,3772,6908,-1018,102,-25,-13284,-6188,6904,-502,164,-121,0
3064.9498329162598,7576,7352,11620,-123,-37,73,7268,-8624,10836,-90,114,-191,-13244,3980,6860,-993,139,-54,-13308,-6128,6924,-765,143,-138,0
3064.9834349155426,7624,7452,11624,-114,-30,98,7496,-8872,10960,-100,74,-178,-13264,3808,6696,-1005,99,-87,-13228,-6020,6712,-489,165,-135,0
3065.0170860290527,7564,7372,11600,-148,-58,77,7060,-8668,10812,-51,146,-196,-13232,3892,6816,-952,140,-90,-13312,-6072,7164,-504,169,-129,0
3065.050708055496,7648,7224,11628,-132,-20,90,7176,-8740,10756,-24,128,-179,-13248,3876,6940,-996,99,-92,-13068,-6040,6972,-501,189,-125,0
3065.084228992462,7596,7384,11660,-146,-73,96,7308,-8676,10840,-29,138,-205,-13220,3596,6796,-986,102,-65,-13224,-6140,6944,-515,202,-95,0
3065.1179020404816,7496,7348,11616,-156,-134,132,6976,-8816,10872,-51,101,-221,-13200,3748,6684,-990,126,-109,-13216,-6192,6984,-486,190,-80,0
3065.1533129215245,7608,7468,11268,-156,-151,116,7252,-8600,10824,-68,115,-210,-13240,3848,6872,-1013,121,-86,-13328,-6168,7052,-499,171,-84,0
3065.1895649433136,7632,7336,11652,-166,-133,143,7224,-8744,10860,-39,117,-156,-13188,3964,6980,-1027,106,-133,-13244,-6068,7088,-267,169,-65,0
3065.224853992462,7928,7464,11544,-186,-115,160,7240,-8636,10916,-16,98,-192,-13244,3812,6896,-1279,125,-90,-13208,-6220,7012,-488,174,-63,0
3065.2607159614563,7580,7496,11604,-145,-99,123,7244,-8700,10976,-30,95,-190,-13300,3840,6960,-999,111,-107,-13288,-6176,7056,-499,201,-81,0
3065.2955570220947,7612,7412,11748,-199,-121,125,7264,-8648,10848,-13,118,-211,-13176,3868,6760,-975,138,-121,-13280,-6040,7052,-478,207,-83,0
3065.3316969871526,7672,7304,11472,-180,-154,131,7360,-8608,10832,-3,145,-194,-13164,3872,6884,-1010,120,-109,-13308,-6112,6936,-481,215,-90,0
3065.3675739765167,7456,7168,11272,-147,-128,186,7328,-8628,11052,3,131,-185,-13180,3832,6860,-1000,157,-101,-13332,-6092,6988,-484,168,-88,0
3065.402549982071,7600,7424,11424,-194,-94,162,7308,-8652,10896,-20,107,-189,-13304,4012,7152,-986,138,-57,-13232,-6220,7144,-506,142,-80,0
3065.4381210803986,7592,7352,11480,-173,-135,154,7260,-8924,11120,-21,109,-196,-13244,3744,7132,-1012,78,-136,-13204,-6340,7152,-508,182,-101,0
3065.4733431339264,7688,7312,11372,-158,-145,155,7176,-8672,10840,16,111,-197,-13224,3816,6712,-959,194,-117,-13220,-6008,6968,-534,212,-90,0
3065.5091750621796,7640,7348,11520,-164,-159,151,6916,-8596,10864,-13,61,-215,-13228,3896,6872,-1015,180,-176,-13284,-6160,6660,-493,194,-58,0
3065.5440671443935,7608,7408,11540,-188,-213,166,7224,-8680,10824,-5,82,-218,-13232,3824,6956,-990,176,-108,-13296,-6212,6956,-476,216,-72,0
3065.5803639888763,7660,7392,11572,-190,-150,140,7340,-8608,10768,-13,75,-215,-13272,3788,6864,-1022,125,-142,-13336,-6048,6740,-510,220,-88,0
3065.615463972092,7664,7660,11508,-195,-173,152,7364,-8612,10736,-23,110,-209,-13328,3904,6820,-769,179,-90,-13236,-6076,6932,-496,205,-102,0
3065.650871038437,7892,7196,11708,-178,-150,138,7216,-8676,10844,-36,92,-221,-13248,3692,6916,-1023,134,-138,-13240,-6100,7008,-497,166,-75,0
3065.686206102371,7464,7304,11308,-193,-133,151,7296,-8500,10824,-41,102,-205,-13508,3848,6884,-997,126,-77,-13268,-6052,6976,-503,167,-114,0
3065.721796989441,7888,7192,11520,-165,-119,112,7268,-8556,10740,-37,124,-172,-13564,3676,7076,-992,100,-93,-13244,-6148,6880,-497,142,-147,0
3065.7576501369476,7744,7392,11492,-139,-95,105,7296,-8648,10932,-50,126,-179,-13472,3816,6684,-1016,92,-104,-13384,-6136,6992,-476,137,-114,0
3065.7928080558777,7700,7384,11604,-113,-86,76,7288,-8684,10768,-45,131,-196,-13180,3816,6868,-1008,113,-56,-13316,-6128,6820,-507,146,-134,0
3065.8284261226654,7724,7392,11288,-150,-86,64,7348,-8664,10908,-49,130,-177,-13340,3716,6904,-995,107,-46,-13328,-6088,7008,-480,137,-121,0
3065.8619439601894,7696,7404,11384,-144,-26,98,7304,-8576,10856,-96,147,-175,-13256,3908,6920,-984,107,-79,-13312,-6080,6920,-487,133,-129,0
3065.895364999771,7740,7360,11408,-125,-40,91,7356,-8704,10784,-60,126,-152,-13256,3624,7012,-1032,73,-67,-13368,-6020,6960,-506,156,-146,0
3065.9285480976105,7676,7376,11592,-162,-51,94,7260,-8528,10944,-34,47,-31,-13256,3884,6532,-944,156,-22,-13248,-6200,6968,-495,127,-177,0
3065.961849927902,7868,7676,11740,-101,11,43,7284,-8632,11000,-69,154,-119,-13172,3864,6892,-978,32,-246,-13212,-6200,6948,-495,109,-194,0
3065.995593070984,7672,7456,11536,-166,-19,44,6916,-8452,10756,-72,172,-191,-13352,3872,6860,-994,82,-79,-13236,-5996,7060,-491,144,-153,0
3066.0292439460754,7716,7376,11492,-111,-28,81,6924,-8928,10856,-58,135,-161,-13244,3592,6880,-979,57,-68,-13312,-5960,6944,-501,122,-100,0
3066.062693119049,7628,7416,11492,-113,-24,94,7240,-8564,10776,-69,150,-125,-13260,3760,6660,-1009,61,-20,-13268,-6152,6916,-525,92,-142,0
3066.0964090824127,7628,7676,11612,-161,-24,88,7340,-8588,10716,-75,139,-135,-13256,3848,6872,-996,71,-25,-13268,-6108,6984,-492,101,-148,0
3066.1299221515656,7596,7584,11740,-182,-62,96,7240,-8732,10772,-50,153,-152,-13168,3592,6692,-982,60,-42,-13180,-6192,6928,-258,115,-161,0
3066.163680076599,7640,7668,11272,-127,-28,73,7324,-8680,10808,-51,162,-164,-13368,3808,6752,-992,87,-64,-13296,-6120,6916,-523,153,-143,0
3066.197196006775,7860,7424,11480,-127,-75,79,7264,-8488,10888,-18,97,-190,-13208,3836,6904,-1022,114,-74,-13320,-5980,6820,-501,167,-132,0
3066.233484983444,7764,7464,11536,-133,-79,87,7272,-8616,10920,-72,124,-189,-13208,3920,6860,-993,86,-76,-13544,-6056,7084,-501,138,-162,0
3066.267394065857,7632,7472,11396,-202,-70,55,7340,-8868,10808,-78,140,-178,-13212,3736,6848,-1007,74,-77,-13440,-6400,6748,-497,129,-154,0
3066.3010210990906,7580,7388,11760,-158,-47,99,7260,-8732,10840,-27,146,-158,-13328,3864,6656,-995,53,-32,-13540,-6104,7024,-527,129,-150,0
3066.334470033645,7772,7404,11768,-168,-38,107,7264,-8620,10860,-46,139,-154,-13264,3932,6856,-1051,37,-20,-13324,-6212,6888,-506,158,-135,0
3066.368168115616,7624,7652,11388,-146,-54,77,7260,-8760,10868,-38,129,-159,-13344,3644,6784,-978,77,-67,-13284,-6180,6780,-504,105,-144,0
3066.4015929698944,7672,7476,11264,-162,-44,54,7272,-8924,10940,-80,152,-185,-13200,3860,6804,-974,76,-85,-13288,-6088,6920,-495,113,-125,0
3066.4349770545964,7524,7456,11612,-171,-49,73,7188,-8800,10936,-68,141,-177,-13276,3920,6944,-1002,95,-43,-13220,-6228,7088,-499,123,-144,0
3066.4684331417084,7576,7372,11596,-126,-44,79,7176,-8632,10988,-53,131,-167,-13232,3928,6920,-1036,88,-43,-13248,-6140,7136,-520,98,-141,0
3066.5019500255585,7548,7388,11432,-137,-41,94,7176,-8684,10908,-60,110,-182,-13180,3780,6980,-1024,94,-65,-13336,-6348,7012,-496,133,-142,0
3066.5354509353638,7900,7656,11368,-179,-72,79,7204,-8668,10976,-72,112,-206,-13188,3856,6700,-1016,132,-97,-13264,-6148,7060,-474,167,-131,0
3066.569092988968,7596,7460,11688,-173,-86,95,7284,-8656,10580,-93,78,-215,-13560,3872,6804,-962,155,-85,-13548,-5924,6872,-498,157,-99,0
3066.6025810241695,7684,7676,11448,-148,-91,110,7368,-8752,10680,-65,132,-172,-13208,3912,6840,-1018,108,-32,-13288,-6132,6684,-517,134,-173,0
3066.6357841491695,7568,7416,11400,-197,-74,115,7168,-8600,10956,-16,82,-187,-13220,3744,6964,-1043,80,-73,-13332,-6164,6928,-511,114,-113,0
3066.6691329479218,7648,7200,11672,-141,-46,105,7280,-8700,10896,-74,148,-153,-13232,3808,6748,-987,52,-86,-13076,-6236,7152,-507,133,-122,0
3066.702712059021,7540,7492,11316,-152,-33,75,7248,-8692,10796,-77,196,-154,-13268,3840,6468,-993,79,-85,-13208,-6032,7128,-488,135,-131,0
3066.7361550331116,7620,7428,11388,-151,-15,74,7232,-8708,10808,-61,119,-165,-13304,3948,6856,-1010,70,-31,-13232,-6016,6916,-483,116,-131,0
3066.7696919441223,7580,7208,11444,-133,-18,102,7204,-8688,10912,-55,129,-137,-13208,3816,6976,-1032,42,-5,-13304,-6176,6928,-490,101,-144,0
3066.803292989731,7592,7444,11596,-153,-14,112,7184,-8472,10880,-76,110,-166,-13068,3888,7000,-918,-49,-70,-13232,-6368,7020,-261,126,-162,0
3066.8400869369507,7600,7456,11464,-162,-18,91,7220,-8864,10820,-44,140,-165,-13272,3844,6956,-968,43,-59,-13220,-6124,6892,-496,124,-121,0
3066.8752570152283,7596,7436,11604,-132,-26,78,7292,-8700,10832,-38,134,-189,-13224,3836,6732,-1007,77,-67,-13276,-6104,6992,-269,164,-106,0
3066.911124944687,7476,7420,11704,-198,-78,114,7200,-8696,10764,-12,131,-184,-13172,3928,6944,-988,89,-59,-13224,-6108,6968,-524,186,-84,0
3066.9471931457524,7448,7432,11476,-176,-120,129,7004,-8464,10856,-37,139,-206,-13096,3860,7136,-1021,69,-104,-13252,-6216,7020,-506,214,-69,0
3066.9823379516606,7616,7676,11276,-192,-145,137,7304,-8928,10684,-29,126,-216,-13296,3756,6916,-1006,122,-96,-13228,-6268,6980,-507,216,-111,0
3067.0181410312653,7600,7396,11612,-188,-120,153,7216,-8688,10944,-21,144,-198,-13220,3756,6896,-988,108,-77,-13296,-6144,6964,-480,229,-74,0
3067.0534319877625,7644,7452,11508,-186,-115,169,7236,-8460,10916,-19,137,-170,-13240,3808,7044,-1043,141,-105,-13252,-6128,7052,-482,189,-41,0
3067.089297056198,7536,7484,11584,-188,-93,163,7276,-8952,10968,-18,103,-202,-13212,3912,6848,-978,138,-96,-13544,-6088,6776,-497,170,-72,0
3067.1250100135803,7452,7392,11672,-192,-116,143,7268,-8476,10936,-20,142,-181,-13240,3884,7140,-990,103,-117,-13256,-6016,6848,-491,215,-72,0
3067.160398006439,7532,7472,11376,-213,-110,164,7312,-8748,10764,20,107,-211,-13296,3792,6792,-995,99,-162,-13256,-6360,7096,-506,207,-50,0
3067.1958060264587,7660,7476,11552,-189,-132,163,7316,-8472,10876,35,129,-223,-13356,3948,6748,-1023,116,-120,-13252,-6104,6704,-489,240,-83,0
3067.231786966324,7632,7460,11464,-186,-161,176,7256,-8624,10868,16,112,-212,-13232,3584,6900,-1030,134,-165,-13488,-6200,7108,-498,226,-49,0
3067.2678430080414,7608,7452,11580,-207,-175,154,7256,-8732,10752,-28,123,-219,-13312,3988,6916,-934,150,-102,-13532,-6208,6928,-458,196,-57,0
3067.302999973297,7744,7500,11420,-203,-128,160,7292,-8640,10752,-39,93,-190,-13256,3860,6996,-991,160,-57,-13332,-5964,6872,-470,161,-60,0
3067.3388619422913,7552,7308,11524,-192,-109,180,7300,-8820,10920,-26,98,-157,-13192,4084,6744,-1014,118,-82,-13316,-5964,6788,-505,144,-48,0
3067.3742549419403,7712,7376,11532,-230,-164,184,7420,-8644,10876,22,97,-190,-13172,3764,6816,-1277,162,-102,-13356,-6096,6912,-481,153,-85,0
3067.4095101356506,7428,7456,11552,-160,-90,142,7364,-8616,10840,0,114,-170,-13288,3916,6852,-998,108,-90,-13172,-6008,6984,-478,190,-107,0
3067.444491147995,7688,7408,11512,-221,-134,100,7276,-8668,10860,-255,120,-236,-13224,3932,6756,-986,86,-142,-13264,-6048,7000,-478,225,-57,0
3067.4818229675293,7636,7348,11600,-194,-147,156,7252,-8900,10504,-2,93,-201,-13168,3820,6688,-993,139,-134,-13508,-6124,7164,-487,168,-100,0
3067.5154700279236,7908,7360,11464,-180,-138,137,7268,-8616,10768,-35,123,-188,-13268,3776,6684,-995,125,-91,-13548,-6044,6896,-482,100,-129,0
3067.549225091934,7616,7360,11412,-186,-61,112,7296,-8652,10928,-15,127,-160,-13252,3812,6880,-968,98,-70,-13164,-6088,6880,-497,114,-116,0
3067.5828609466553,7700,7420,11368,-136,-92,95,7216,-8688,10788,-81,146,-188,-13272,3808,6732,-990,72,-51,-13316,-6116,6888,-508,122,-161,0
3067.6164939403534,7736,7360,11268,-155,-63,76,7348,-8600,10676,-48,152,-191,-13264,3760,6740,-1005,96,-72,-13180,-6124,6952,-490,150,-130,0
3067.6493580341335,7744,7324,11592,-177,-39,83,7260,-8656,10796,-50,158,-182,-13184,3604,6656,-1041,88,-44,-13192,-6148,6880,-499,172,-147,0
3067.6830360889435,7432,7372,11404,-150,-28,115,7412,-8892,10752,-60,101,-165,-13284,4088,6848,-1047,132,-58,-13312,-6112,6756,-485,150,-125,0
3067.716547012329,7736,7364,11648,-173,-14,114,7320,-8644,10928,-52,127,-160,-13276,3896,6904,-1005,114,-29,-13376,-6120,7012,-480,113,-147,0
3067.7501039505005,7736,7336,11440,-163,-254,112,7216,-8648,10836,-33,109,-167,-13184,3872,6924,-1272,94,-33,-13260,-6120,6784,-513,129,-107,0
3067.7836470603943,7660,7528,11512,-138,-29,78,7356,-8632,10652,-61,118,-151,-13136,3748,6912,-1042,66,-37,-13532,-6172,7156,-508,143,-118,0
3067.817367076874,7888,7308,11604,-155,-8,110,7240,-8620,10988,-75,155,-164,-13172,3864,6840,-996,93,-64,-13244,-6088,6916,-490,118,-148,0
3067.851119041443,7640,7660,11544,-185,-26,82,7316,-8472,10804,-51,162,-144,-13220,3924,6924,-1006,47,-54,-13208,-6148,6936,-471,118,-133,0
3067.884314060211,7840,7492,11648,-164,-43,71,7164,-8676,10768,-68,140,-159,-13256,3860,6764,-991,69,-247,-13216,-6212,6920,-491,108,-117,0
3067.917927980423,7656,7628,11456,-150,-38,91,7356,-8664,10916,-49,133,-162,-13272,3716,6956,-1005,93,-31,-13296,-6084,6912,-495,117,-136,0
3067.9514479637146,7456,7180,11716,-128,-43,76,7260,-8660,10500,-39,139,-184,-13196,3908,6768,-1021,94,-75,-13224,-6088,6908,-488,127,-127,0
3067.984712123871,7616,7652,11508,-161,-45,85,7592,-8656,10996,-50,137,-193,-13236,3856,6916,-995,89,-91,-13320,-6088,7112,-484,130,-119,0
3068.0184569358826,7716,7344,11692,-136,-47,121,7248,-8784,10776,-55,135,-158,-13264,3932,6856,-1015,95,-20,-13188,-5960,6896,-497,128,-144,0
3068.0519030094147,7604,7368,11296,-197,-62,104,7320,-8688,10776,-254,146,-154,-13216,4068,6968,-1276,64,-38,-13300,-6176,6988,-502,142,-153,0
3068.085387945175,7648,7436,11760,-177,-60,89,7280,-8648,10856,3,157,-157,-13176,3872,6744,-1041,76,-71,-13108,-6192,6676,-509,111,-126,0
3068.1189670562744,7764,7444,11448,-146,-63,76,7328,-8648,10820,-32,172,-166,-13320,3816,6944,-1012,50,-71,-13300,-6100,6840,-502,125,-156,0
3068.1521849632263,7680,7484,11664,-191,-28,62,7332,-8620,10848,-45,160,-182,-13496,3780,6956,-939,82,-44,-13328,-6052,6936,-510,107,-126,0
3068.1856570243835,7736,7476,11408,-178,-27,108,7348,-8616,10676,6,322,-156,-13124,3852,6524,-996,103,-14,-13296,-5908,6940,-476,85,-136,0
3068.2193009853363,7444,7524,11376,-174,-45,104,7392,-8700,10852,-50,141,-152,-13236,3704,7028,-990,66,-47,-13276,-6224,6908,-487,108,-134,0
3068.252793073654,7612,7340,11312,-186,-69,82,7348,-8912,10896,-61,130,-158,-13212,3872,6868,-1002,115,-64,-13236,-6176,7028,-498,92,-122,0
3068.286201000213,7608,7372,11620,-205,-25,96,7212,-8936,10772,-53,110,-176,-13172,3788,6972,-1039,81,-76,-13360,-6164,7000,-490,121,-139,0
3068.319953918457,7580,7496,11520,-146,-70,89,7160,-8640,10920,-20,134,-188,-13196,3872,6880,-1019,98,-59,-13220,-5916,6864,-491,161,-116,0
3068.3534660339355,7700,7464,11536,-218,-64,114,7220,-8664,10792,-19,124,-193,-13176,3896,6860,-1021,112,-62,-13164,-6368,7000,-482,158,-80,0
3068.3869709968567,7708,7412,11432,-168,-111,131,7220,-8792,10700,-49,93,-183,-13068,3912,6976,-981,130,-74,-13276,-6104,7120,-764,168,-110,0
3068.4205100536346,7700,7468,11584,-187,-61,150,7268,-8708,10836,-256,115,-189,-13264,3604,6976,-1012,103,-98,-13268,-6136,6688,-485,180,-111,0
3068.4540119171143,7632,7412,11548,-204,-85,143,7232,-8660,11000,-6,221,-125,-13180,3848,6448,-1271,106,-92,-13328,-6140,6700,-489,192,-108,0
3068.4872140884404,7648,7472,11504,-214,-99,134,7236,-8672,10844,-46,105,-204,-13148,3888,6864,-1015,73,-75,-13344,-6176,7016,-480,133,-131,0
3068.524078130722,7624,7648,11560,-182,-82,115,7268,-8628,10876,-48,125,-173,-13256,3828,6864,-960,106,-90,-13400,-5912,6968,-258,109,-154,0
3068.559664964676,7444,7332,11480,-160,-37,80,7264,-8768,10588,-47,130,-166,-13180,3924,6988,-1035,76,-13,-13304,-6140,6876,-476,115,-170,0
3068.5949671268463,7564,7464,11496,-173,-23,123,7240,-8724,10820,10,145,-170,-13128,3848,7084,-1055,82,-65,-13184,-6152,6868,-457,130,-153,0
3068.6306989192963,7560,7472,11456,-153,-19,101,7296,-8604,10916,-66,125,-161,-13168,3788,6972,-981,96,-43,-13268,-5896,6920,-475,96,-114,0
3068.6662080287933,7700,7472,11608,-160,-44,120,7272,-8648,10868,-34,123,-162,-13192,3864,6984,-987,91,-46,-13328,-6104,7012,-504,125,-127,0
3068.7024331092834,7668,7408,11372,-129,-17,119,7192,-8676,10828,-25,139,-130,-13224,4076,6832,-1001,109,-59,-13400,-6400,7144,-478,129,-125,0
3068.7386910915375,7544,7324,11744,-137,-12,127,7248,-8640,10768,-24,104,-173,-13176,3596,6864,-1007,115,-46,-13308,-6164,6936,-471,109,-120,0
3068.7737760543823,7588,7416,11572,-151,18,101,7316,-8624,10732,-73,145,-144,-13196,3868,7048,-982,92,-54,-13208,-5912,6736,-495,119,-160,0
3068.8091881275177,7556,7488,11664,-161,-5,115,7248,-8788,10776,-90,140,-115,-13212,4092,7160,-771,55,-16,-13276,-6088,6960,-496,135,-105,0
3068.8443059921265,7616,7556,11472,-173,9,97,7104,-8800,10844,-75,150,-178,-13124,3880,7000,-1037,75,-69,-13184,-6208,6972,-479,155,-147,0
3068.8801000118256,7604,7444,11684,-190,-30,94,7212,-8708,10640,-24,153,-187,-13108,3944,6828,-1015,108,-67,-13264,-6224,6864,-482,180,-117,0
3068.915521144867,7688,7388,11664,-188,-47,103,7244,-8492,10896,252,146,-192,-13224,3904,6784,-1027,114,-74,-13192,-6204,7156,-486,195,-90,0
3068.9512050151825,7564,7484,11372,-212,-64,137,7296,-8688,10964,-8,138,-198,-13224,4004,6920,-1009,100,-146,-13260,-5976,7092,-463,190,-97,0
3068.9875271320343,7604,7464,11272,-205,-113,134,7272,-8800,10916,-31,131,-235,-13240,3892,6972,-1004,98,-131,-13176,-6164,6716,-491,209,-72,0
3069.0228660106654,7624,7328,11448,-189,-131,150,7288,-8672,10692,-37,109,-201,-13184,3916,6656,-1003,79,-134,-13276,-6192,6940,-466,206,-70,0
3069.0587661266327,7572,7480,11452,-221,-130,129,7288,-8620,10808,-252,124,-193,-13104,3932,6780,-963,93,-127,-13292,-6148,6656,-492,170,-78,0
3069.094367980957,7604,7448,11372,-218,-93,155,7224,-8544,10564,29,121,-190,-13100,3724,6968,-997,130,-79,-13228,-6220,6816,-479,203,-79,0
3069.129827976227,7568,7460,11540,-217,-113,148,7192,-8656,10496,15,123,-194,-13180,4072,7124,-984,129,-149,-13568,-6120,6824,-467,214,-63,0
3069.1666901111603,7456,7216,11304,-200,-129,177,7276,-8648,10836,15,113,-205,-13204,3600,6992,-1015,142,-104,-13268,-6140,7028,-484,205,-49,0
3069.200266122818,7712,7660,11380,-189,-157,167,7252,-8680,10616,9,132,-218,-13212,3612,6760,-776,139,-111,-13324,-6152,6832,-476,207,-63,0
3069.2337310314174,7600,7440,11408,-217,-151,190,7248,-8672,10796,249,84,-178,-13568,3796,7128,-1004,150,-106,-13256,-5920,6704,-479,220,-44,0
3069.2674040794373,7624,7656,11668,-199,-167,195,7252,-8572,10796,43,73,-195,-13216,3760,6924,-1032,175,-101,-13300,-6052,6760,-477,204,-33,0
3069.3010079860687,7704,7328,11440,-197,-131,169,7180,-8648,10780,4,75,-217,-13276,3780,6812,-1041,148,-104,-13228,-6048,7080,-500,162,-28,0
3069.3343510627747,7680,7356,11492,-187,-123,181,7312,-8720,10656,24,57,-187,-13184,4088,7104,-1050,137,-110,-13548,-6076,6892,-514,209,-99,0
3069.3680601119995,7712,7356,11588,-184,-109,161,7348,-8636,10788,42,112,-194,-13552,3792,6880,-1039,104,-101,-13304,-6120,6772,-492,216,-100,0
3069.4013960361485,7696,7388,11540,-192,-144,119,7288,-8600,10512,43,109,-219,-13244,3848,6744,-1263,125,-154,-13224,-6104,6792,-480,183,-124,0
3069.4350781440735,7660,7308,11588,-198,-134,121,7236,-8580,10568,32,133,-228,-13324,3640,6872,-986,117,-155,-13260,-6136,6916,-481,182,-109,0
3069.468636035919,7672,7324,11728,-180,-136,95,7296,-8640,10936,13,152,-511,-13232,3852,7032,-1009,80,-138,-13312,-6136,6816,-452,226,-127,0
3069.501845121384,7736,7328,11596,-204,-152,104,7392,-8568,10920,15,121,-245,-13180,3872,7076,-996,52,-107,-13340,-6076,6772,-463,212,-121,0
3069.535407066345,7636,7456,11596,-215,-142,119,7372,-8660,10952,-255,125,-504,-13256,3808,6668,-976,115,-132,-13328,-6156,6816,-439,166,-98,0
3069.5686690807343,7676,7512,11460,-236,-102,112,7392,-8636,10868,-48,108,-197,-13232,3876,6948,-957,109,-100,-13424,-6172,6764,-452,147,-113,0
3069.6023530960083,7588,7228,11552,-162,-62,96,7260,-8648,10852,-19,135,-169,-13220,3776,6816,-1277,76,-61,-13188,-5896,6772,-495,94,-168,0
3069.6358110904694,7660,7364,11600,-215,-43,91,7328,-8668,11212,12,142,-139,-13156,3752,6872,-1040,78,-32,-13292,-6220,6884,-485,128,-127,0
3069.6693141460414,7688,7584,11520,-95,16,119,7352,-8588,10996,-56,161,-133,-13296,3796,7032,-995,105,-12,-13264,-6332,6688,-485,128,-167,0
3069.7028379440308,7844,7396,11412,-194,-13,80,7332,-8688,10884,-66,106,-165,-13188,3868,6732,-1008,91,-98,-13496,-6088,6828,-488,140,-102,0
3069.7363901138306,7924,7288,11328,-140,-6,116,7388,-8696,10800,-30,114,-130,-13132,3864,6804,-769,101,232,-13376,-5960,6684,-476,84,-150,0
3069.7696781158447,7660,7400,11580,-152,-9,100,7320,-8636,10892,-54,95,-120,-13204,3808,6904,-1019,130,43,-13312,-6180,6896,-464,53,-149,0
3069.803405046463,7572,7364,11596,-163,-8,94,7324,-8504,10808,-66,123,-151,-13272,3952,6856,-999,67,-17,-13180,-6108,7004,-476,103,-165,0
3069.8371040821075,7496,7336,11364,-173,-17,95,7320,-8668,10808,-39,162,-148,-13228,3828,6908,-967,53,-71,-13204,-6156,6960,-495,125,-153,0
3069.8705611228943,7660,7392,11536,-163,-57,72,7176,-8732,10808,-40,135,-175,-13192,3872,6696,-1011,121,-74,-13204,-6148,6824,-484,155,-127,0
3069.9038939476013,7608,7344,11280,-190,-90,119,7128,-8708,10784,-35,130,-200,-13184,3872,6824,-1009,139,-56,-13300,-6124,6928,-491,172,-125,0
3069.937417984009,7604,7348,11672,-184,-99,128,7240,-8640,10820,-62,90,-209,-13224,3928,6940,-998,96,-69,-13272,-6068,7120,-469,165,-102,0
3069.9710960388184,7684,7452,11496,-185,-103,123,7204,-8476,10880,-12,110,-199,-13192,3808,6796,-964,102,-106,-13332,-5972,6868,-532,158,-138,0
3070.0042810440063,7720,7340,11580,-196,-63,107,7296,-8672,10876,-2,149,-186,-13224,3588,7104,-993,89,-109,-13292,-6168,6892,-476,116,-131,0
3070.037744998932,7468,7440,11472,-203,-110,85,7316,-8556,10800,-8,142,-191,-13140,3704,6828,-1022,95,-102,-13192,-6240,6768,-486,154,-113,0
3070.0712780952454,7504,7372,11492,-170,-93,128,7304,-8508,10776,-51,144,-210,-13340,3772,6784,-990,94,-63,-13064,-6156,6840,-496,162,-137,0
3070.104809999466,7656,7416,11556,-193,-94,88,7348,-8524,10780,-55,142,-205,-13236,3772,6876,-1002,97,-72,-13524,-6324,7040,-449,131,-134,0
3070.138190984726,7780,7184,11452,-216,-70,98,7280,-8704,10860,-42,146,-179,-13268,3788,6668,-974,76,-112,-13116,-6104,6824,-489,138,-138,0
3070.1712639331818,7652,7368,11764,-181,-43,100,7256,-8612,10888,-22,135,-184,-13256,3816,6784,-1038,123,-91,-13312,-6072,6960,-476,116,-116,0
3070.20823597908,7640,7420,11676,-187,-37,113,7208,-8652,10760,-13,141,-172,-13140,3900,6840,-1036,132,-82,-13308,-6092,6824,-483,156,-113,0
3070.2432620525365,7612,7432,11556,-189,-92,100,7312,-8636,10888,-43,113,-213,-13204,3592,7164,-999,146,-61,-13340,-6164,6872,-453,134,-135,0
3070.278748035431,7648,7376,11620,-168,-101,122,7556,-8700,10812,-50,128,-191,-13224,3912,6756,-977,97,-46,-13352,-6176,6888,-486,114,-137,0
3070.3144459724426,7868,7384,11576,-171,-63,96,7316,-8720,10816,-24,136,-182,-13268,3888,6880,-1041,92,-65,-13260,-6092,6756,-479,123,-133,0
3070.350249052048,7604,7552,11456,-194,-40,107,7236,-8568,10744,-22,126,-151,-13260,3776,7076,-1045,69,-14,-13332,-6156,6872,-483,98,-156,0
3070.385339975357,7720,7456,11428,-163,244,53,7356,-8584,11000,-106,130,-171,-13304,3868,6900,-989,0,-45,-13256,-6240,6976,-488,84,-166,0
3070.4208030700684,7440,7384,11588,-230,-5,53,7276,-8628,10896,-19,141,-191,-13244,3872,6896,-1023,44,-54,-13296,-6108,6956,-443,148,-162,0
3070.455904006958,7668,7412,11552,-178,-39,69,7312,-8636,10908,-40,150,-164,-13304,3928,6740,-961,66,-75,-13308,-6052,6828,-491,99,-139,0
3070.4912509918213,7620,7420,11732,-159,-7,67,7392,-8612,10908,-31,150,-155,-13132,4072,7012,-1015,26,-52,-13280,-6164,7064,-478,65,-179,0
3070.5261600017548,7568,7588,11636,-201,2,58,7216,-8648,10788,-66,126,-161,-13232,3968,7056,-979,49,252,-13260,-6164,6948,-454,59,-158,0
3070.561854124069,7512,7288,11440,-185,-28,65,7228,-8592,11176,-50,151,-105,-13244,3864,6920,-1056,55,-77,-13268,-6400,6888,-506,101,-166,0
3070.597898006439,7876,7660,11560,-169,-254,94,7348,-8520,10944,-31,170,-169,-13260,3892,7024,-1011,62,-66,-13172,-6348,6800,-489,136,-145,0
3070.632693052292,7592,7496,11512,-193,-62,82,7196,-8640,10708,-38,104,-201,-13116,3876,6704,-773,108,-71,-13296,-6128,6960,-491,160,-107,0
3070.6680810451508,7528,7432,11416,-169,-133,108,7532,-8560,10644,-51,141,-184,-13204,3812,6928,-1022,135,-49,-13260,-5936,7020,-476,153,-115,0
3070.703836917877,7608,7508,11424,-184,-30,97,7280,-8624,10788,-18,80,-209,-13204,3764,6880,-999,160,-45,-13228,-6312,6876,-492,159,-123,0
3070.739221096039,7644,7200,11644,-170,-64,82,7356,-8628,10756,-49,138,-184,-13076,3772,6844,-986,102,-34,-13536,-6164,6944,-490,165,-133,0
3070.7738399505615,7868,7320,11584,-151,-36,99,7256,-8656,10924,-90,107,-147,-13244,3864,6872,-1072,136,-52,-13340,-6156,6792,-498,110,-139,0
3070.8093609809875,7672,7300,11508,-182,-36,96,7300,-8688,10808,-64,138,-161,-13268,3720,6896,-967,75,-44,-13060,-6096,7140,-474,105,-90,0
3070.8456461429596,7456,7496,11612,-195,-17,97,7312,-8664,10808,-69,169,-127,-13180,3808,6664,-992,89,-58,-13060,-6236,6872,-450,147,-112,0
3070.87907409668,7528,7444,11620,-219,-39,127,7320,-8688,10784,-15,144,-167,-13192,3936,6924,-1012,106,-91,-13076,-6148,6860,-485,164,-105,0
3070.9124319553375,7532,7436,11488,-217,-118,163,7176,-8512,10996,8,90,-189,-13200,3908,7084,-1052,162,-107,-13140,-6304,6848,-499,209,-48,0
3070.946072101593,7508,7668,11700,-203,-179,159,7148,-8576,10872,-29,89,-215,-13256,4064,7116,-947,175,-129,-13280,-6196,7060,-488,207,-76,0
3070.9795680046086,7600,7444,11504,-175,-160,177,7236,-8516,10844,-70,122,-203,-13256,3888,6992,-946,110,-114,-13248,-6080,6808,-468,154,-44,0
3071.0128700733185,7644,7296,11320,-207,-119,162,7232,-8628,10880,-10,131,-163,-13200,3956,6800,-995,97,-104,-13264,-5904,7016,-468,193,-38,0
3071.046056032181,7524,7372,11488,-221,-141,167,7240,-8660,10852,42,129,-193,-13188,3772,7112,-1020,116,-105,-13260,-6288,6816,-475,169,-90,0
3071.0795850753784,7584,7348,11684,-171,-90,114,7340,-8676,10928,8,140,-184,-13228,3620,6660,-1005,56,-147,-13372,-6288,7088,-478,168,-84,0
3071.1130990982056,7640,7380,11576,-226,-124,122,7296,-8660,10928,13,195,-200,-13264,3760,6948,-974,74,-155,-13548,-6120,6920,-423,207,-39,0
3071.1466760635376,7448,7384,11664,-209,-127,169,7332,-8680,10808,5,114,-234,-13268,3856,6880,-1026,125,-107,-13108,-6008,6880,-479,226,-39,0
3071.1799890995026,7596,7416,11464,-204,-145,201,7256,-8528,10716,7,96,-177,-13256,3872,6812,-1008,149,-70,-13308,-6076,6776,-457,176,-64,0
3071.2133259773254,7700,7408,11512,-206,-134,162,7364,-8652,10888,-256,76,-167,-13268,4064,6892,-1004,159,-61,-13396,-6260,6916,-474,121,-95,0
3071.2513921260834,7620,7296,11540,-190,-102,161,7320,-8564,10820,21,134,-188,-13292,3928,7028,-1280,102,-88,-13332,-6104,6832,-490,156,-94,0
3071.284994125366,7684,7456,11652,-188,-110,134,7212,-8676,10716,69,133,-184,-13224,3788,6768,-1031,102,-102,-13260,-6160,6936,-475,231,-106,0
3071.3186540603638,7616,7456,11504,-228,-162,151,7300,-8588,10756,79,96,-202,-13280,3596,7068,-772,145,-115,-13196,-6116,6864,-463,220,-88,0
3071.3522870540614,7624,7224,11448,-203,-185,152,7248,-8664,10856,23,94,-227,-13228,4008,6932,-1008,160,-130,-13336,-6044,6812,-477,208,-62,0
3071.3855159282684,7652,7368,11388,-204,-182,156,7300,-8480,11040,11,73,-222,-13228,3884,6936,-994,143,-139,-13344,-6088,6960,-480,214,-67,0
3071.419229030609,7684,7308,11640,-187,-172,164,7340,-8624,10948,20,98,-220,-13216,3816,6928,-983,141,-126,-13340,-6128,7132,-484,198,-59,0
3071.4526720047,7788,7284,11560,-185,-146,137,7272,-8536,10864,-254,108,-217,-13160,3780,6900,-1035,146,-83,-13552,-6124,6672,-481,142,-99,0
3071.4862010478973,7704,7344,11556,-192,-98,104,7328,-8536,10608,-51,101,-181,-13212,3740,7048,-982,138,-66,-13292,-6084,6852,-473,142,-131,0
3071.520122051239,7804,7296,11476,-191,-30,87,7344,-8616,10780,-52,144,-177,-13220,3784,6900,-1016,90,-58,-13244,-6068,6732,-487,123,-154,0
3071.553589105606,7900,7328,11564,-168,-18,74,7368,-8564,10620,-37,178,-158,-13304,3796,6896,-1033,45,-63,-13424,-6048,6820,-486,100,-166,0
3071.5873570442204,7724,7276,11648,-135,-250,70,7380,-8656,10920,-27,189,-159,-13300,4076,7072,-1010,42,-73,-13388,-6244,6872,-489,120,-122,0
3071.6207599639893,7744,7448,11440,-165,-9,77,7336,-8536,10852,-53,165,-153,-13316,3784,6740,-1003,80,-36,-13232,-6096,6776,-454,133,-117,0
3071.6539001464844,7896,7428,11300,-164,-6,50,7208,-8556,10920,-94,159,-171,-13192,3796,6696,-960,104,-64,-13376,-6160,6824,-452,145,-138,0
3071.6874160766606,7788,7296,11672,-147,-49,70,7228,-8452,10856,-54,163,-178,-13216,3860,7124,-1277,80,-52,-13436,-6164,6704,-497,129,-142,0
3071.721013069153,7616,7412,11708,-188,-54,88,7288,-8656,10912,-37,146,-162,-13216,3816,7080,-773,64,-57,-13080,-6180,7036,-466,144,-157,0
3071.7545919418335,7616,7344,11360,-147,-51,90,7196,-8604,10776,-33,144,-162,-13236,3832,7112,-1020,99,-27,-13288,-6096,7060,-479,103,-154,0
3071.78821015358,7676,7368,11616,-163,254,53,7296,-8640,10884,-74,165,-153,-13288,3796,7000,-972,55,29,-13356,-6032,6944,-467,114,-151,0
3071.821831941604,7816,7368,11632,-216,12,69,7232,-8596,10792,-59,175,-141,-13220,3988,7028,-992,54,-29,-13412,-6044,6968,-481,89,-149,0
3071.8553371429443,7716,7292,11688,-160,27,91,7252,-8640,10780,-41,145,-113,-13204,3608,6968,-1004,64,-42,-13316,-6100,6840,-493,69,-129,0
3071.8923950195312,7664,7384,11600,-125,-9,88,7328,-8604,10816,-42,148,-132,-13192,3876,6972,-1280,83,-75,-13308,-6140,6852,-443,81,-114,0
3071.928763151169,7692,7380,11540,-192,-21,94,7416,-8724,10940,-74,171,-157,-13156,3908,6876,-962,135,-25,-13480,-6324,6888,-497,70,-146,0
3071.963431119919,7608,7172,11636,-152,-17,110,7216,-8556,10956,-35,135,-160,-13176,3796,6824,-994,66,-99,-13316,-6252,6908,-472,129,-155,0
3071.999613046646,7636,7364,11572,-202,-59,76,7412,-8536,10788,-27,147,-186,-13064,3752,6896,-1000,93,-41,-13244,-6164,6676,-475,174,-139,0
3072.034979104996,7516,7424,11560,-164,-78,61,6932,-8608,11084,-47,128,-216,-13104,3592,7192,-1006,89,-94,-13352,-6180,7140,-480,159,-165,0
3072.070518016815,7728,7320,11660,-197,-82,81,7280,-8616,10948,-65,153,-172,-13228,3860,6880,-1036,87,-37,-13392,-6160,6788,-474,121,-140,0
3072.1055569648743,7716,7656,11768,-193,-25,84,7356,-8660,10976,-54,168,-153,-13216,3852,6920,-1015,51,-66,-13260,-6188,7008,-493,121,-146,0
3072.1408219337463,7424,7200,11460,-179,-10,99,7340,-8620,10916,-60,168,-144,-13244,3904,6900,-1018,79,-26,-13268,-6220,6880,-497,100,-139,0
3072.1880350112915,7636,7384,11556,-155,-33,75,7272,-8576,10824,-93,164,-155,-13160,3588,6812,-990,77,-33,-13248,-5892,7156,-465,126,-142,0
3072.2351739406586,7608,7648,11528,-219,-57,134,7184,-8736,10936,-31,150,-170,-13100,3880,6820,-1017,117,-119,-13264,-6116,6992,-487,179,-78,0
3072.277745008468,7596,7444,11580,-168,-91,133,7348,-8644,10868,-16,101,-165,-13080,3860,7068,-1024,158,-66,-13296,-6140,6992,-496,183,-97,0
3072.3128390312195,7548,7612,11732,-206,-99,124,7252,-8580,10872,-48,124,-202,-13160,3780,7144,-999,137,-75,-13340,-6152,7000,-483,143,-111,0
3072.3477180004124,7644,7292,11512,-209,-73,113,7220,-8656,10928,-66,145,-204,-13236,3888,6796,-995,94,-46,-13276,-6188,7008,-460,137,-81,0
3072.3835871219635,7620,7348,11652,-186,-52,127,7316,-8696,10848,-10,172,-170,-13240,3924,7028,-1074,88,-48,-13324,-6036,7072,-493,118,-147,0
3072.4198191165924,7628,7300,11620,-227,-72,102,7324,-8588,10884,-5,175,-182,-13216,3780,7020,-1279,122,-75,-13564,-6212,6876,-477,134,-143,0
3072.4554760456085,7604,7348,11808,-131,-12,73,7276,-8652,11216,-74,156,-184,-13252,3780,6844,-1006,84,-37,-13556,-5936,6916,-467,135,-134,0
3072.4909880161285,7596,7252,11772,-214,-34,66,7268,-8660,10768,-41,147,-187,-13252,3824,6880,-1001,126,-69,-13224,-6052,6936,-445,171,-100,0
3072.527266025543,7912,7396,11388,-165,-48,117,7244,-8644,10808,-54,130,-152,-13272,3844,6824,-1015,90,-48,-13244,-6164,6792,-462,134,-102,0
3072.5607900619507,7872,7632,11444,-146,-39,103,7272,-8572,10792,-28,158,-142,-13208,3816,6880,-1040,82,-67,-13316,-6276,6964,-446,116,-100,0
3072.5943551063538,7524,7444,11600,-185,-29,102,6976,-8924,10896,-62,145,-151,-13172,4084,7088,-984,48,-50,-13308,-6072,6840,-477,110,-140,0
3072.627874135971,7656,7676,11712,-203,-256,97,7236,-8672,10912,-73,149,-131,-13140,3856,6900,-1013,88,-35,-13272,-6080,6940,-494,143,-124,0
3072.6611120700836,7600,7188,11672,-143,-31,93,7268,-8584,10692,-28,139,-162,-13148,3884,6880,-780,127,-97,-13208,-6128,6868,-503,168,-98,0
3072.694363117218,7516,7352,11580,-155,-35,125,7240,-8672,10948,-35,114,-209,-13160,3912,6816,-989,124,-92,-13268,-6140,6872,-486,195,-64,0
3072.7279510498047,7592,7336,11704,-140,-76,111,7152,-8640,10876,-43,113,-185,-13148,3748,6968,-994,106,-110,-13388,-6068,6872,-463,168,-86,0
3072.761400938034,7564,7432,11500,-179,-75,135,7200,-8752,10824,-39,113,-163,-13236,3936,6816,-978,117,-75,-13532,-6088,6896,-465,143,-107,0
3072.7951231002808,7540,7360,11620,-185,-42,120,7236,-8756,10976,-42,126,-183,-13168,3780,6840,-1017,101,-68,-13088,-6052,7108,-495,159,-120,0
3072.828639984131,7832,7416,11284,-161,-53,104,7300,-8640,10852,-28,141,-144,-13100,3800,6908,-998,75,-35,-13288,-5924,6836,-489,96,-135,0
3072.8621830940247,7424,7368,11512,-183,-16,118,6948,-8668,10788,-28,158,-163,-13160,3820,6880,-1012,91,-59,-13284,-6144,6972,-469,136,-140,0
3072.8953289985657,7576,7404,11400,-185,-49,94,7312,-8652,10732,-47,158,-188,-13252,3616,6836,-973,109,-57,-13552,-6072,7008,-511,125,-129,0
3072.9289350509644,7608,7408,11576,-169,-60,87,7256,-8652,10916,0,156,-205,-13240,3840,6928,-773,93,-55,-13260,-6396,7032,-477,148,-153,0
3072.962429046631,7632,7660,11624,-170,-83,75,7276,-8636,10828,-29,109,-176,-13212,3804,6896,-1012,88,-71,-13120,-6144,6980,-500,159,-135,0
3072.9960501194005,7536,7388,11384,-151,-86,83,7372,-8640,10572,-14,126,-213,-13220,3932,7024,-1007,136,-96,-13252,-6232,6676,-477,145,-117,0
3073.0298230648045,7476,7336,11484,-195,-114,110,7332,-8572,10980,-29,143,-207,-13200,3824,6960,-993,122,-67,-13116,-6216,7072,-468,121,-120,0
3073.0632860660553,7576,7372,11496,-204,-81,105,7204,-8776,10788,-74,113,-172,-13268,3904,6860,-1013,91,-70,-13464,-6144,7104,-499,132,-157,0
3073.096815109253,7528,7360,11548,-219,-67,113,7268,-8952,10572,-8,125,-151,-13256,4092,6716,-1014,72,-38,-13456,-6096,7096,-513,129,-123,0
3073.130247116089,7580,7496,11444,-170,-43,121,7272,-8640,10848,-24,163,-165,-13208,3744,6860,-1279,58,-34,-13152,-5972,6660,-522,111,-158,0
3073.163453102112,7584,7428,11752,-157,-73,73,7296,-8728,10968,-47,149,-181,-13256,3896,6884,-993,83,-92,-13288,-6348,6656,-498,126,-157,0
3073.197056055069,7672,7264,11576,-187,-33,98,7268,-8708,10772,-43,140,-174,-13088,4044,6984,-997,81,-68,-13512,-6132,7156,-459,154,-149,0
3073.2304470539093,7556,7412,11468,-174,-50,84,7272,-8496,10892,-9,161,-176,-13088,3608,6904,-1018,83,-28,-13064,-6168,6968,-466,84,-132,0
3073.2638680934906,7508,7444,11612,-170,-36,81,7588,-8820,10908,-76,78,-201,-13136,3880,6996,-1038,157,-16,-13156,-6160,6984,-452,126,-141,0
3073.297408103943,7412,7464,11680,-229,-34,82,7236,-8640,10836,-33,166,-159,-13180,3916,7000,-978,55,-79,-13256,-6076,6924,-460,121,-107,0
3073.3311121463776,7480,7372,11668,-193,-39,111,7180,-8628,10860,-42,130,-159,-13252,3948,6812,-988,102,-71,-13280,-6096,7036,-509,147,-99,0
3073.3648159503937,7596,7504,11352,-206,-128,136,7116,-8636,10980,0,91,-193,-13232,3940,6880,-1022,99,-72,-13276,-6084,7072,-480,173,-70,0
3073.3981931209564,7548,7376,11456,-188,-85,155,7128,-8896,10764,-42,93,-183,-13236,3908,6848,-1009,167,-77,-13280,-6160,6996,-768,169,-66,0
3073.431718111038,7532,7336,11744,-179,-133,169,7416,-8656,10552,-246,92,-183,-13140,3960,6956,-1016,145,-97,-13220,-6136,7000,-502,160,-60,0
3073.465489149093,7604,7372,11680,-176,-63,138,7308,-8632,10936,-15,115,-191,-13252,3780,6908,-986,134,-132,-13260,-6176,6872,-492,221,-81,0
3073.49926495552,7584,7368,11676,-193,-152,152,7176,-8684,10952,11,121,-219,-13240,3956,7140,-1046,140,-196,-13240,-6208,6992,-257,221,-49,0
3073.532835960388,7616,7380,11708,-201,-187,164,7184,-8516,10888,17,90,-214,-13124,3676,7132,-964,155,-137,-13320,-6204,7148,-462,215,-78,0
3073.5701920986176,7572,7284,11460,-173,-190,142,7372,-8684,10588,-21,148,-234,-13224,3592,7132,-977,112,-122,-13432,-5952,6872,-477,232,-116,0
3073.605494976044,7664,7260,11556,-239,-146,127,7332,-8640,10932,41,133,-227,-13280,3896,6992,-1000,69,-185,-13260,-6132,7036,-473,205,-86,0
3073.6407499313354,7536,7344,11536,-197,-151,119,7240,-8596,10888,64,131,-220,-13280,3888,6872,-1273,120,-122,-13304,-6044,7072,-467,185,-126,0
3073.676180124283,7636,7404,11656,-176,-114,81,7280,-8456,10736,46,132,-217,-13072,3928,6756,-1000,109,-142,-13088,-6016,6956,-456,162,-62,0
3073.7120399475098,7588,7336,11632,-219,-145,181,7268,-8596,10856,49,135,-179,-13200,3612,7088,-990,116,-143,-13292,-6064,6724,-468,163,-42,0
3073.7481451034546,7684,7356,11688,-176,-126,208,7244,-8520,10916,51,85,-169,-13208,3756,6816,-1036,171,-96,-13228,-6136,6744,-494,205,-50,0
3073.7836809158325,7540,7460,11644,-185,-134,202,7284,-8560,10908,26,73,-207,-13192,3732,6856,-1279,195,-135,-13336,-6192,6904,-492,194,-48,0
3073.8193011283875,7428,7404,11280,-231,-167,141,7244,-8552,10756,13,83,-226,-13212,3848,6876,-1002,137,-94,-13208,-6124,6856,-503,186,-82,0
3073.8550379276276,7884,7336,11464,-198,-161,125,7320,-8624,10948,-6,114,-227,-13276,3872,7020,-994,93,-114,-13312,-6140,6872,-471,216,-88,0
3073.8908450603485,7664,7368,11632,-221,-134,123,7288,-8652,10840,-256,97,-241,-13232,3924,6660,-1013,141,-129,-13552,-6048,6656,-445,170,-101,0
3073.9262080192566,7680,7212,11484,-202,-115,125,7380,-8612,10884,4,96,-201,-13252,4068,7080,-1003,195,-45,-13536,-6004,7120,-475,139,-100,0
3073.9624819755554,7708,7376,11404,-209,-110,147,7288,-8740,10700,-245,101,-178,-13268,4092,6768,-972,102,-37,-13272,-6004,6852,-504,123,-105,0
3073.998125076294,7800,7292,11392,-163,-111,136,7264,-8540,10952,-43,119,-168,-13284,3768,6880,-998,120,-47,-13324,-6036,6800,-501,111,-136,0
3074.0332901477814,7704,7364,11496,-162,-32,104,7328,-8656,10736,-49,152,-162,-13088,3764,7036,-1008,91,-26,-13568,-6056,6844,-482,123,-160,0
3074.069577932358,7684,7336,11652,-166,-27,81,7620,-8516,10896,-16,163,-143,-13336,3788,6752,-995,73,-74,-13504,-5908,6960,-460,101,-192,0
3074.1045341491695,7724,7292,11512,-167,253,47,7320,-8616,10888,-54,170,-165,-13076,3856,6916,-981,67,-43,-13280,-6100,6912,-462,112,-153,0
3074.140285015106,7456,7180,11772,-163,2,61,7268,-8664,10904,-75,157,-152,-13240,3588,6684,-1012,87,-71,-13236,-6112,6984,-483,129,-124,0
3074.175456047058,7540,7376,11740,-149,252,73,7264,-8656,10852,-63,156,-186,-13200,3872,6744,-980,93,-58,-13228,-6064,6872,-460,135,-170,0
3074.2119741439815,7592,7360,11740,-147,-7,69,7292,-8936,10852,-61,177,-181,-13240,3616,6824,-998,62,-78,-13280,-6180,6984,-452,125,-158,0
3074.2455110549927,7804,7604,11656,-137,-37,75,7296,-8728,10908,-58,152,-157,-13280,3892,6992,-1007,85,-23,-13524,-6140,7068,-478,108,-168,0
3074.2792060375214,7524,7368,11576,-144,-13,79,7296,-8576,10908,-57,122,-162,-13208,4072,6736,-1009,124,-13,-13272,-6092,7008,-494,110,-131,0
3074.31293797493,7604,7416,11608,-153,-15,88,7236,-8568,10508,-42,130,-156,-13300,4076,6680,-977,126,-62,-13296,-6336,7008,-500,144,-138,0
3074.346771001816,7920,7392,11616,-137,-52,108,7276,-8592,10840,-43,126,-197,-13204,3832,7032,-1031,82,-79,-13564,-6080,6664,-491,137,-143,0
3074.3799290657043,7612,7316,11444,-162,-21,93,7304,-8612,10912,-20,166,-193,-13268,3792,6908,-1037,79,-88,-13384,-6080,6876,-502,138,-116,0
3074.4134249687195,7660,7316,11676,-153,-19,77,7280,-8512,10864,-41,149,-172,-13212,3740,7000,-1000,133,-78,-13360,-6044,7056,-509,126,-154,0
3074.4471530914307,7660,7228,11632,-176,-57,91,7228,-8584,10800,-53,171,-180,-13260,3824,6840,-978,98,-24,-13376,-6184,6752,-451,116,-149,0
3074.4807410240173,7732,7384,11500,-152,-33,88,7276,-8552,10892,-76,148,-150,-13320,3876,6932,-980,94,-31,-13448,-6056,6860,-475,76,-163,0
3074.5143480300903,7620,7244,11616,-197,-32,75,7320,-8676,10888,-14,167,-141,-13200,3900,7080,-1086,38,-35,-13316,-6064,6776,-498,113,-175,0
3074.5480720996857,7628,7336,11680,-179,-37,94,7252,-8564,10860,31,359,-183,-13032,3664,6696,-1015,97,-42,-13092,-6244,7132,-461,100,-188,0
3074.581789970398,7644,7620,11636,-150,-17,67,7220,-8580,10928,-86,146,-172,-13132,3824,6900,-1008,84,-30,-13092,-6104,6924,-497,92,-150,0
3074.6153640747066,7588,7328,11276,-167,-17,58,7156,-8616,10928,-60,148,-171,-13244,4028,6680,-1005,107,-34,-13336,-6104,6848,-483,120,-157,0
3074.6486830711365,7456,7388,11276,-165,-12,98,7308,-8688,10816,-40,130,-141,-13224,3896,7120,-1033,67,-9,-13296,-6168,7028,-486,106,-158,0
3074.682484149933,7448,7344,11380,-180,-249,100,7212,-8556,10756,-55,146,-132,-13244,3624,6984,-983,85,-31,-13332,-6164,7068,-465,74,-133,0
3074.7160210609436,7500,7356,11608,-149,24,44,7164,-8588,11080,-118,128,-169,-13204,3892,7068,-955,79,-29,-13224,-6156,7032,-470,78,-151,0
3074.7493550777435,7492,7368,11556,-170,21,63,7196,-8664,10844,-82,159,-169,-13232,3812,6796,-970,65,-103,-13208,-6088,6932,-499,119,-143,0
3074.782366991043,7548,7368,11456,-175,-78,93,7164,-8648,10924,-29,122,-190,-13036,3872,6916,-1000,79,-86,-13132,-6132,6916,-495,171,-140,0
3074.815808057785,7488,7380,11600,-145,-59,110,7336,-8636,10824,-24,114,-212,-13228,3880,7052,-1009,69,-87,-13252,-6132,7012,-487,193,-113,0
3074.8493490219116,7564,7228,11596,-167,-74,104,7236,-8596,10848,-55,139,-201,-13124,3904,6892,-1015,110,-108,-13320,-6132,6940,-467,150,-97,0
3074.8826339244843,7620,7356,11592,-196,-50,72,7368,-8620,10840,-22,153,-163,-13080,3588,6712,-998,136,-54,-13444,-6196,6856,-506,136,-81,0
3074.91601395607,7624,7416,11660,-202,245,136,7240,-8656,10936,-16,141,-148,-13268,3928,7124,-970,24,-64,-13332,-6096,6996,-473,144,-105,0
3074.9495689868927,7540,7392,11768,-191,-76,144,7172,-8628,10916,-31,113,-176,-13252,3908,6764,-1025,129,-69,-13364,-6120,7076,-484,158,-75,0
3074.9829981327057,7448,7404,11540,-209,-108,168,7344,-8600,10812,-56,109,-210,-13156,3812,6916,-1003,120,-134,-13324,-6124,7080,-488,187,-74,0
3075.016536951065,7540,7404,11620,-216,-166,128,7280,-8548,10944,-51,140,-226,-13168,3848,6928,-1030,138,-118,-13264,-6088,7000,-457,208,-59,0
3075.050082921982,7500,7288,11680,-202,-129,131,7212,-8608,11008,-10,117,-221,-13312,4036,6932,-1015,127,-111,-13116,-6176,6932,-475,217,-74,0
3075.083713054657,7636,7360,11604,-206,-144,157,7184,-8700,10944,4,133,-234,-13204,3856,6976,-1009,120,-121,-13296,-6096,6956,-466,216,-80,0
3075.11723613739,7428,7372,11668,-212,-124,125,7304,-8660,10852,34,122,-211,-13220,3952,6812,-1000,113,-161,-13088,-5932,6816,-470,215,-77,0
3075.150475025177,7884,7172,11604,-212,-122,142,7340,-8700,10972,32,99,-224,-13164,3848,6700,-1006,158,-133,-13296,-6200,6792,-486,219,-28,0
3075.1837120056152,7744,7348,11448,-209,-134,183,7364,-8584,10864,-10,117,-198,-13356,3916,6876,-1001,161,-79,-13536,-6052,6956,-469,172,-49,0
3075.2172889709473,7728,7320,11632,-259,-136,161,7348,-8664,10844,23,93,-199,-13304,3876,6896,-1040,154,-62,-13336,-6108,6980,-467,163,-50,0
3075.2543399333954,7696,7320,11588,-224,-165,202,7360,-8580,10800,44,85,-169,-13228,3768,7052,-1040,135,-109,-13536,-6168,6712,-477,174,-81,0
3075.289561986923,7660,7420,11728,-174,-119,134,7328,-8636,10844,254,123,-177,-13276,3860,7076,-995,105,-70,-13560,-5892,6748,-490,167,-96,0
3075.3247570991516,7624,7304,12020,-247,-117,136,7252,-8684,10976,33,123,-191,-13180,3908,6760,-1003,92,-108,-13292,-5972,6808,-445,200,-101,0
3075.3605790138245,7680,7284,11640,-207,-113,152,7264,-8560,10848,48,168,-205,-13316,3860,6788,-1012,116,-91,-13320,-6056,6868,-507,155,-103,0
3075.395988941192,7656,7652,11672,-236,-111,160,7188,-8540,11028,47,112,-182,-13100,3824,7140,-1024,124,-66,-13240,-6176,7044,-448,94,-116,0
3075.4314379692078,7608,7348,11448,-248,-120,146,7244,-8576,10916,253,115,-203,-13100,3644,7156,-999,139,-43,-13232,-5908,6936,-480,159,-79,0
3075.467525959015,7620,7316,11528,-206,-103,158,7260,-8628,10752,-55,115,-233,-13248,3768,6840,-980,141,-119,-13328,-6140,6840,-496,192,-105,0
3075.5024330616,7584,7256,11432,-205,-168,150,7232,-8640,10832,-9,86,-252,-13004,3788,6852,-1006,173,-104,-13364,-6064,7024,-490,206,-109,0
3075.5382220745087,7512,7304,11712,-171,-127,140,7332,-8468,10884,-37,92,-227,-13072,3764,6808,-1004,136,-74,-13300,-6140,6924,-492,183,-127,0
3075.5734150409694,7720,7308,11452,-208,-56,90,7444,-8532,10972,-55,164,-194,-13476,3812,6916,-980,98,-82,-13280,-5984,6880,-433,132,-145,0
3075.609799146652,7728,7248,11620,-177,-26,53,7388,-8608,10768,-43,176,-190,-13364,3840,6624,-1009,76,-60,-13548,-6052,6816,-446,151,-132,0
3075.6448850631714,7872,7376,11468,-188,-16,70,7260,-8508,10896,-61,166,-164,-13140,3792,7120,-1022,59,-74,-13376,-6096,6688,-461,168,-150,0
3075.6804180145264,7612,7408,11616,-169,-20,52,7156,-8580,10924,-78,185,-192,-13244,3904,6688,-1003,49,-61,-13352,-6048,6840,-447,156,-155,0
3075.715845108032,7600,7172,11564,-151,-14,64,7320,-8604,10804,-78,162,-177,-13100,3940,7008,-1001,110,-53,-13424,-6112,7024,-466,119,-130,0
3075.751694917679,7720,7260,11680,-157,9,87,7172,-8684,10808,-75,129,-121,-13140,3820,6808,-1072,123,-240,-13268,-6016,7100,-498,100,-101,0
3075.7876610755925,7556,7356,11560,-141,29,132,7252,-8476,10952,-15,108,-131,-13104,3864,6732,-1019,102,-41,-13204,-6148,6968,-767,120,-100,0
3075.8227491378784,7552,7256,11596,-165,-64,111,7304,-8596,10868,-23,135,-185,-13276,4000,7016,-1000,48,-96,-13252,-5956,6808,-482,176,-134,0
3075.8587980270386,7564,7336,11540,-158,-67,102,7296,-8580,10948,-40,134,-182,-13236,3888,6820,-958,73,-92,-13320,-6084,6888,-484,123,-120,0
3075.8945689201355,7524,7312,11564,-169,-54,100,6988,-8592,10864,-11,123,-171,-13180,3760,6908,-1021,89,-52,-13328,-6140,7000,-475,129,-141,0
3075.928062915802,7596,7372,11676,-223,-103,83,7328,-8484,10884,-52,129,-187,-13268,3644,6964,-1007,85,-90,-13364,-6200,6868,-455,102,-163,0
3075.961548089981,7648,7392,11272,-131,-33,25,7400,-8556,11016,-76,175,-194,-13096,3840,7132,-966,19,-43,-13516,-6192,6824,-467,104,-170,0
3075.995064973831,7928,7640,11716,-203,-3,6,7304,-8456,10968,-89,154,-193,-13248,3836,6692,-958,65,-58,-13412,-6096,6820,-448,119,-120,0
3076.028666973114,7456,7400,11320,-196,17,57,7356,-8676,10868,-103,130,-167,-13340,3612,6856,-982,125,254,-13252,-5968,6916,-443,82,-101,0
3076.061911106109,7752,7316,11608,-231,-12,96,7416,-8488,10996,-110,114,-141,-13204,3756,6908,-1008,114,77,-13312,-6136,6972,-423,45,-88,0
3076.0954830646515,7856,7248,11472,-219,27,92,7228,-8660,10744,-134,147,-105,-13240,3848,6880,-983,119,36,-13328,-6048,7036,-458,36,-115,0
3076.1289949417114,7520,7636,11672,-241,249,120,7168,-8648,10824,-122,127,-137,-13312,3752,6680,-956,75,-32,-13312,-6148,6848,-465,57,-107,0
3076.1623210906982,7504,7260,11528,-209,7,88,7220,-8616,10928,-99,132,-135,-13136,3912,6664,-965,91,27,-13336,-6136,6932,-462,65,-89,0
3076.1956779956818,7500,7380,11760,-247,41,131,7120,-8616,10820,-98,139,-137,-13080,3876,6880,-1268,161,52,-13256,-6140,7048,-458,102,-51,0
3076.2292840480804,7424,7312,11692,-185,255,133,7180,-8604,11012,-178,59,-163,-13248,3908,6880,-997,204,38,-13328,-6084,7116,-453,80,-17,0
3076.2650570869446,7504,7308,11616,-244,22,127,7240,-8588,10516,-104,47,-154,-13160,3952,7048,-979,150,31,-13284,-5996,6944,-469,98,-69,0
3076.299206018448,7572,7288,11736,-232,32,152,7248,-8664,10900,-80,101,-98,-13468,3980,6860,-1010,118,245,-13364,-6116,7016,-493,97,-84,0
3076.3327379226685,7552,7384,11612,-217,254,133,7340,-8700,10856,-71,130,-123,-13252,3932,7128,-1011,42,-25,-13228,-6396,7092,-479,79,-95,0
3076.366059064865,7564,7232,11640,-198,5,145,7264,-8732,10968,-63,118,-134,-13312,3772,6992,-1018,79,27,-13328,-6120,6944,-524,63,-141,0
3076.399673938751,7612,7372,11432,-197,15,110,7340,-8600,10780,-81,126,-157,-13160,3828,6940,-1028,96,-25,-13500,-6060,6844,-448,83,-95,0
3076.433100938797,7588,7332,11540,-221,-34,123,7220,-8604,10936,-91,137,-155,-13212,3884,6464,-982,116,-70,-13308,-6128,7064,-444,118,-103,0
3076.4668130874634,7576,7276,11512,-216,-26,109,7324,-8644,10908,-64,180,-160,-13224,3832,6952,-1002,84,-82,-13228,-6132,6996,-451,134,-99,0
3076.5003669261932,7408,7336,11544,-240,-8,90,7236,-8560,11000,-47,170,-214,-13164,4080,6864,-997,107,-87,-13268,-6204,6884,-452,181,-162,0
3076.533977985382,7588,7460,11376,-216,-54,70,7296,-8516,10932,-92,146,-230,-13228,3624,6948,-989,120,-93,-13376,-6116,7012,-451,173,-108,0
3076.567487001419,7640,7364,11676,-221,-69,83,7220,-8608,10904,-105,165,-195,-13240,4064,6712,-1038,100,-28,-13064,-6080,7036,-475,156,-82,0
3076.601081132889,7372,7324,11780,-241,-75,139,7220,-8772,10856,-31,100,-175,-13216,3964,6960,-974,-22,-87,-13280,-5996,6976,-519,158,-62,0
3076.634654045105,7448,7284,11592,-179,-62,207,7096,-8716,10804,251,48,-124,-13088,3992,6892,-1079,187,-74,-13276,-6132,7144,-528,117,245,0
3076.6680450439453,7508,7360,12012,-179,-38,192,7100,-8784,10788,-44,12,-162,-13168,4032,6992,-1014,229,-8,-13544,-6016,7100,-504,116,26,0
3076.7013671398163,7540,7088,11540,-216,-32,225,7236,-8856,10976,-26,40,-144,-13264,4080,6856,-1009,150,-18,-13316,-6044,7080,-509,153,3,0
3076.73486995697,7488,7196,11600,-186,-63,223,6988,-8756,10520,-249,91,-125,-13292,3976,6736,-959,97,-117,-13288,-6092,6904,-260,117,-90,0
3076.7682049274445,7624,7396,11508,-182,-45,191,7204,-8692,10680,-1,140,-146,-13168,3864,6808,-1010,63,-92,-13248,-6004,7032,-487,132,-132,0
3076.801779985428,7536,7360,11544,-203,-41,109,7312,-8660,10804,10,156,-187,-13212,4028,7124,-1004,64,-83,-13240,-6060,6948,-483,152,-132,0
3076.83570599556,7636,7340,11692,-184,-90,120,7380,-8604,10780,19,151,-186,-13228,3952,6744,-1023,18,-74,-13444,-5988,6968,-487,205,-113,0
3076.869066953659,7556,7336,11436,-206,-133,108,7376,-8636,10540,32,141,-216,-13112,3848,6896,-1277,89,-142,-13252,-6024,6868,-489,210,-112,0
3076.9023339748383,7552,7268,11564,-184,-138,99,7296,-8620,10628,14,115,-239,-13184,3864,7036,-769,119,-131,-13204,-6032,6904,-489,218,-106,0
3076.9397420883174,7652,7316,11656,-239,-172,149,7248,-8672,10992,5,115,-208,-13144,4000,6888,-1011,161,-96,-13420,-6060,6952,-461,175,-79,0
3076.974937915802,7616,7316,11756,-225,-111,165,7200,-8840,10992,-2,91,-159,-13136,3980,6672,-1037,151,-40,-13352,-6012,7064,-259,164,-16,0
3077.0106041431427,7588,7296,11656,-250,-105,227,7212,-8476,11244,-15,47,-105,-13224,3988,6900,-1008,177,255,-13348,-5968,7024,-491,103,21,0
3077.045846939087,7556,7240,11568,-259,-90,265,7224,-8564,10896,-25,35,-129,-13160,3844,6704,-1016,217,-2,-13312,-6168,6956,-478,114,-22,0
3077.0817661285405,7632,7228,11596,-249,-77,207,7228,-8656,10868,-68,69,-133,-13180,3916,6692,-980,141,-21,-13328,-5952,7032,-477,99,-68,0
3077.118037939072,7572,7260,11784,-279,-73,151,7304,-8456,10792,-244,132,-148,-13200,3892,6788,-1006,36,-67,-13180,-5900,6656,-464,132,-149,0
3077.1528639793396,7464,7296,11660,-174,-101,101,7200,-8568,10812,224,188,-210,-13288,3824,6884,-932,82,-163,-13200,-6104,6724,-444,165,-162,0
3077.1885290145874,7524,7224,11568,-166,-83,63,7236,-8948,10608,-52,136,-253,-13228,3932,6948,-994,130,-77,-13304,-5944,6808,-420,150,-107,0
3077.2238869667053,7684,7176,11632,-210,-53,89,7312,-8656,10780,-59,78,-200,-13296,3864,6808,-989,165,-38,-13432,-5944,6992,-433,124,-37,0
3077.2592029571533,7768,7264,11620,-236,78,119,7632,-8660,10648,-110,99,-90,-13072,3936,6508,-993,136,75,-13468,-6000,7156,-419,41,-37,0
3077.2943041324615,7588,7168,11608,-275,67,141,7352,-8948,10948,-132,102,-98,-13316,3944,6804,-1280,176,32,-13160,-5916,7084,-486,77,-114,0
3077.3295190334325,7560,7152,11664,-200,88,106,7336,-8760,10980,-102,129,-121,-13252,4004,6800,-995,63,-3,-13308,-5940,7116,-480,101,-129,0
3077.3647129535675,7244,7172,11792,-154,29,88,7264,-8720,10596,-51,192,-135,-13104,4012,6932,-1042,24,-101,-13232,-6032,7096,-449,122,-194,0
3077.400671005249,7440,7208,11612,-126,254,255,7212,-8740,10928,-58,208,-211,-13076,3972,6968,-1007,46,-20,-13112,-6080,7088,-477,124,-207,0
3077.4361300468445,7528,7376,11600,-151,46,-7,7200,-8696,10932,-74,161,-187,-13248,3876,6964,-985,90,-12,-13356,-5972,7012,-471,134,-107,0
3077.4722881317134,7912,7268,11748,-175,0,76,7268,-8732,10660,-51,77,-188,-13188,4076,6976,-1036,154,244,-13372,-6064,7076,-475,116,-97,0
3077.508090019226,7476,7204,11720,-176,13,117,7236,-8696,10908,-50,112,-143,-13176,3960,7076,-1275,77,-25,-13176,-6012,6984,-537,140,-135,0
3077.5436289310455,7672,7224,11720,-167,-35,83,7156,-8732,10772,-56,156,-144,-13208,4048,6984,-1051,33,-28,-13304,-6120,7080,-517,101,-143,0
3077.579360961914,7544,7336,11520,-169,16,81,7372,-8668,10912,-63,94,-186,-13212,3880,6912,-998,124,-35,-13336,-5980,7148,-485,77,-99,0
3077.612846136093,7196,7344,11596,-188,18,97,7264,-8664,10868,-87,103,-185,-13476,4032,6876,-990,122,-29,-13280,-5980,6900,-481,82,-87,0
3077.646078109741,7584,7292,11692,-162,-24,110,7392,-8664,10788,-49,80,-181,-13264,3660,6916,-999,126,238,-13352,-6000,6952,-524,126,-114,0
3077.679561138153,7536,7260,11724,-151,-19,94,7264,-8460,10784,-22,142,-159,-13324,3856,6748,-1030,50,-57,-13328,-6000,7028,-501,117,-143,0
3077.712993144989,7456,7224,11412,-181,16,88,7316,-8648,10824,-52,175,-167,-13348,3652,6920,-987,25,-43,-13368,-6132,7068,-476,82,-181,0
3077.7466430664062,7516,7216,11728,-158,32,53,7508,-8624,10712,-79,130,-152,-13060,3980,6788,-1021,86,-64,-13252,-6140,6948,-480,82,-185,0
3077.7799320220947,7548,7252,11672,-168,15,42,7288,-8628,10732,-35,209,-188,-13184,3980,6864,-1014,65,-69,-13172,-6076,6704,-457,142,-184,0
3077.8134801387787,7636,7256,11592,-167,-44,51,7256,-8628,10916,-42,310,-229,-13292,3932,6724,-941,48,-68,-13088,-6100,6944,-469,172,-195,0
3077.847244977951,7496,7236,11608,-169,-75,58,7336,-8584,10856,-16,190,-212,-13244,3960,6872,-999,19,-102,-13104,-5924,7104,-259,172,-179,0
3077.8805119991302,7656,7364,11724,-153,-85,60,7304,-8752,10856,0,182,-205,-13492,3960,6700,-968,139,-123,-13260,-5976,7080,-474,150,-184,0
3077.91374707222,7660,7368,12000,-170,-47,52,7248,-8736,10624,-27,354,-158,-13288,3892,6668,-977,125,-125,-13248,-6024,7084,-452,170,-189,0
3077.9473700523376,7240,7292,11560,-202,-84,53,7172,-8552,10864,-84,175,-226,-13132,3896,7148,-909,63,-67,-13268,-6060,6912,-461,140,-164,0
3077.9808690547943,7524,7180,11720,-169,-48,74,7380,-8540,10888,-64,225,-177,-13188,4108,6956,-1005,58,-31,-13324,-5964,7256,-768,93,-151,0
3078.0143530368805,7472,7408,11688,-206,247,61,7212,-8844,10696,8,133,-152,-13132,4336,6808,-1090,88,-73,-13172,-6036,7156,-525,99,-145,0
3078.047636985779,7576,7304,11636,-124,255,119,7236,-8476,10828,-256,144,-125,-13336,4328,6664,-1108,58,-50,-13344,-6120,6932,-511,87,-199,0
3078.0810720920563,7496,7268,11560,-114,-19,75,7420,-8716,10852,-7,179,-148,-13304,3920,6784,-992,40,-66,-13240,-6032,6980,-258,138,-207,0
3078.1148121356964,7316,7380,11656,-111,-41,33,7380,-8804,10684,54,374,-152,-13204,3984,6764,-993,103,-147,-13060,-6016,6972,-477,199,-205,0
3078.1480939388275,7484,7376,11568,-102,-37,34,7228,-8576,10764,16,122,-252,-13148,3992,6656,-772,103,-109,-13420,-6136,6912,-448,129,-210,0
3078.1814420223236,7512,7176,11532,-202,-26,32,7152,-8560,10844,-80,171,-171,-13196,3936,6684,-950,18,-62,-13208,-5924,7180,-450,24,-151,0
3078.2149369716644,7172,7284,11528,-231,6,41,7244,-8580,10992,-109,195,-195,-13144,3936,6872,-920,51,6,-13184,-6032,7108,-411,85,-128,0
3078.2484271526337,7200,7304,11712,-199,18,39,7220,-8724,11000,-87,173,-206,-13152,3976,6948,-926,103,-65,-13140,-6116,6788,-420,142,-154,0
3078.281923055649,7348,7324,12000,-239,-52,56,7108,-8764,10788,-43,165,-224,-13208,4000,6856,-987,98,-103,-13224,-5976,6920,-437,211,-144,0
3078.315498113632,7256,7324,11648,-189,-71,76,7296,-8660,10800,-56,171,-202,-13160,3876,7096,-981,96,-116,-13208,-6380,7068,-450,144,-135,0
3078.349144935608,7484,7360,11660,-194,-71,40,7216,-8916,10844,-67,190,-223,-13164,3936,7152,-945,102,-121,-13292,-6096,7064,-459,161,-148,0
3078.3823590278625,7388,7284,11948,-190,-43,67,7236,-8652,10864,-18,158,-212,-13072,4008,6740,-984,84,-114,-13268,-6048,6924,-489,194,-106,0
3078.4157760143285,7400,7320,12012,-198,-111,114,7416,-8892,10812,16,131,-221,-13184,3880,6884,-995,93,-142,-13288,-6024,7072,-502,207,-67,0
3078.449221134186,7376,7332,11552,-202,-154,166,7356,-8596,10876,-38,145,-200,-13088,4040,6988,-985,112,-112,-13228,-6352,7156,-509,155,-17,0
3078.4830729961395,7384,7252,11684,-244,-103,181,7108,-8760,10820,-87,76,-177,-13140,4272,6904,-1026,196,-32,-13244,-5980,7132,-540,130,-10,0
3078.516745090484,7336,7236,11648,-215,-100,222,7280,-8824,10752,-27,57,-134,-13176,4032,6808,-770,205,-48,-13164,-5968,7244,-534,129,-22,0
3078.5502281188965,7348,7236,11956,-221,-7,237,7244,-8696,10780,-246,57,-141,-13280,4068,6780,-1031,172,-28,-13288,-5964,7032,-496,143,10,0
3078.5835850238805,7472,7276,11832,-282,-100,227,7232,-8824,10740,-1,102,-148,-13264,4048,6872,-998,140,-52,-13512,-6056,7012,-519,147,-28,0
3078.6210899353027,7404,7220,11736,-273,-145,191,7264,-8728,10880,43,166,-176,-13164,3952,6752,-1001,84,-164,-13552,-6068,6952,-525,218,-101,0
3078.6561989784245,7672,7296,11476,-202,-162,151,7256,-8636,10828,25,119,-210,-13236,4056,6876,-941,62,-145,-13232,-6176,6996,-445,194,-137,0
3078.692307949066,7468,7260,11692,-232,-173,85,7336,-8648,10832,-2,182,-255,-13200,3848,6956,-990,43,-162,-13272,-6020,7156,-460,205,-135,0
3078.727523088455,7508,7316,11564,-332,-503,101,7212,-8540,10828,45,159,-234,-13172,3856,6876,-999,119,-117,-13560,-6396,7040,-445,158,-89,0
3078.763478040695,7484,7352,11644,-237,-146,120,7332,-8556,10936,-32,175,-206,-13184,3896,7048,-947,136,-51,-13332,-6156,6980,-445,147,-100,0
3078.7992010116577,7476,7304,11664,-277,-127,79,7236,-8640,10948,-26,140,-6,-13216,3968,6860,-958,107,-129,-13288,-5984,7092,-417,151,-95,0
3078.8349099159245,7500,7224,11740,-268,-139,108,7252,-8672,10752,-21,179,-187,-13152,4064,6788,-935,110,-34,-13340,-5856,7120,-441,155,-56,0
3078.8702499866486,7676,7240,11592,-282,-139,172,7268,-8456,10676,-30,96,-130,-13252,3920,6812,-1280,147,16,-13496,-6040,6964,-482,94,-25,0
3078.9054069519043,7420,7156,11888,-278,-77,214,7420,-8760,10808,-56,70,-112,-13160,4096,6664,-1014,196,11,-13244,-5896,7144,-532,84,-6,0
3078.941226005554,7448,6928,11760,-195,-40,221,7260,-8880,10848,-21,79,-108,-13152,4008,6696,-1034,178,-54,-13280,-5996,6976,-495,81,-42,0
3078.9771749973297,7480,7184,11768,-170,-62,176,7376,-8708,10652,-256,72,-156,-13088,3920,6892,-1013,163,-58,-13152,-5980,7004,-473,134,-116,0
3079.012151002884,7532,7176,11556,-168,-39,80,7196,-8692,10784,-79,168,-186,-13244,4000,6760,-983,90,-67,-13532,-5968,6956,-455,135,-144,0
3079.047425031662,7528,7144,11560,-221,-38,22,7328,-8700,10840,-53,187,-184,-13236,4044,7132,-991,49,-41,-13124,-6000,7156,-456,163,-160,0
3079.0833129882812,7580,7284,11552,-231,-254,70,7420,-8612,10932,-73,171,-156,-13184,3976,6772,-1006,81,-255,-13392,-6048,7196,-467,129,-107,0
3079.1190960407257,7500,7176,11972,-207,9,84,7308,-8912,10796,-72,125,-148,-13252,4012,7096,-1060,234,243,-13292,-6076,6952,-433,94,-118,0
3079.154428958893,7548,7296,11732,-177,60,55,7300,-8732,10684,-85,165,-143,-13252,4068,6980,-979,84,3,-13304,-6028,7000,-415,85,-134,0
3079.190216064453,7576,7236,11704,-177,60,60,7304,-8608,10752,-129,163,-180,-13164,4036,6736,-992,98,-26,-12964,-5900,7100,-452,106,-181,0
3079.2252271175385,7284,7124,12000,-154,-97,122,6968,-8772,10716,-34,126,-147,-13148,4160,6992,-1075,130,-77,-13060,-6024,7432,-603,126,-124,0
3079.2610099315643,7332,7420,11964,-37,-252,70,7304,-8812,10896,50,31,-183,-13396,4024,6772,-772,243,-104,-13416,-6192,7148,-350,100,-172,0
3079.294466972351,7408,7168,11920,-146,11,-40,7380,-8740,10920,-48,243,-286,-13340,3984,6976,-886,-60,-110,-13136,-6088,7052,-398,167,-277,0
3079.32807803154,7432,7200,11652,-138,-115,10,7028,-8468,10820,-155,342,-204,-12980,4148,6872,-939,-91,-115,-13100,-5656,7036,-541,217,-186,0
3079.3616890907288,7348,7156,11724,-182,-147,103,7044,-8852,10996,23,102,-207,-13060,4024,6692,-1125,147,-154,-13560,-5800,7072,-680,279,-50,0
3079.3952441215515,7480,7240,11732,-132,-167,277,7280,-8616,10936,70,-80,-208,-13272,3956,6808,-1133,349,-119,-13364,-6064,6992,-603,215,-45,0
3079.428635120392,7424,7264,11560,-67,-125,285,7512,-8528,10876,-13,-41,-148,-13524,3928,6664,-1083,246,-256,-13216,-6028,6692,-533,164,1,0
3079.4620809555054,7524,7184,11676,-116,-126,239,7392,-8656,10992,-16,72,-115,-13196,4000,6804,-1017,103,-27,-13308,-5952,7064,-570,144,-20,0
3079.495666027069,7496,7212,11600,-178,-41,259,7264,-8636,10876,16,67,-37,-13224,3916,6896,-1094,132,-2,-13304,-6048,7020,-590,72,-33,0
3079.5293021202087,7564,7328,11740,-120,-48,506,7168,-8924,10932,20,46,-54,-13308,3888,6848,-1140,187,-6,-13096,-6348,7116,-541,104,-74,0
3079.5630741119385,7540,7188,11780,-89,255,197,7320,-8948,10940,-32,4,-102,-13192,3844,6832,-1040,149,-47,-13096,-5988,6992,-466,122,-83,0
3079.5966551303864,7380,7292,11904,-102,-50,156,7168,-8628,10796,-78,30,-210,-13080,3880,6932,-1017,120,-105,-13036,-6132,6956,-446,178,-84,0
3079.6299300193787,7400,7348,11692,-162,-204,96,6940,-8480,10764,-22,88,-305,-13120,3888,7076,-986,126,-213,-13148,-6388,7144,-456,296,-159,0
3079.66338801384,7344,7320,11956,-177,-14,50,7052,-8776,10780,-23,122,-358,-13136,3972,7016,-1041,211,-207,-13264,-6312,6956,-429,348,-138,0
3079.696953058243,7536,7280,12016,-182,-221,41,7164,-8788,10904,-49,97,-337,-13168,4108,6856,-964,118,-171,-13092,-5976,7156,-460,298,-130,0
3079.730593919754,7512,7396,11604,-180,-209,97,7272,-8744,10780,-252,113,-278,-13228,4040,6776,-974,167,-119,-13320,-5880,7032,-503,228,-159,0
3079.7641990184784,7524,7116,11748,-159,-126,108,7280,-8824,10752,-8,33,-241,-13304,4148,6932,-1074,295,-47,-13392,-5948,7084,-538,180,-76,0
3079.797714948654,7612,7192,11888,-137,-116,183,7296,-8676,10776,6,-38,-151,-13288,4100,6644,-1069,215,-26,-13416,-5936,7096,-530,80,-106,0
3079.831197977066,7536,7248,11768,-118,-250,192,7308,-8724,10640,-42,33,-79,-13124,3948,6820,-1034,142,-5,-13288,-5948,6944,-463,56,-80,0
3079.8647980690002,7520,7264,11720,-167,38,187,7384,-8720,10600,-88,109,-68,-13184,3848,6780,-1009,105,-59,-13236,-5996,6996,-535,52,-107,0
3079.8982360363007,7416,7164,11572,-126,-255,153,7380,-8804,10784,-12,85,-129,-13280,3856,6712,-1050,136,-78,-13268,-6108,6964,-530,120,-168,0
3079.9318239688873,7616,7300,11656,-81,-30,114,7384,-8616,10896,41,81,-207,-13184,3784,7140,-1008,80,-93,-13208,-6132,6828,-481,212,-144,0
3079.9654269218445,7432,7308,11724,-118,-109,47,7408,-8520,10776,-9,174,-290,-13260,3748,6720,-1018,78,-168,-13376,-6064,6960,-404,270,-187,0
3079.998974084854,7524,7384,11624,-172,-129,254,7320,-8628,10540,-49,179,-280,-13540,3844,7096,-980,144,-155,-13304,-5996,7008,-466,219,-208,0
3080.0322511196136,7556,7224,11684,-148,-93,52,7384,-8744,10784,40,209,-187,-13532,4332,7028,-769,51,-124,-13376,-6064,7204,-526,165,-196,0
3080.0656640529633,7456,7252,11836,-192,-79,81,7240,-8764,10824,69,160,-179,-13172,3984,6824,-1022,12,-124,-13244,-6032,7100,-768,172,-115,0
3080.0992100238805,7512,7284,11828,-170,-91,117,7420,-8620,10820,8,168,-192,-13108,4104,7028,-1048,107,-85,-13160,-6036,7120,-491,154,-59,0
3080.132486104965,7440,7236,11820,-180,-150,158,7360,-8756,10852,-64,89,-169,-13164,4028,6812,-947,167,-135,-13148,-5984,6976,-478,158,-20,0
3080.166007041931,7464,7140,11920,-215,-152,207,7260,-8744,10776,-1,61,-168,-13120,4036,6704,-1000,180,-115,-13364,-5936,6968,-520,211,-23,0
3080.199522018432,7404,7152,11580,-192,-159,234,7356,-8896,10876,16,38,-145,-13196,3976,6784,-1015,154,-118,-13264,-6012,7016,-541,213,-36,0
3080.232964038849,7516,7128,11524,-129,-167,256,7360,-8696,10796,87,86,-155,-13252,3880,6696,-1043,164,-124,-13160,-5984,6920,-531,209,-104,0
3080.2691230773926,7520,7200,11660,-99,-149,158,7332,-8656,10880,98,126,-217,-13136,3960,6788,-1072,103,-196,-13244,-6060,7112,-536,216,-171,0
3080.3043110370636,7576,7344,11848,-70,-147,106,7644,-8632,10976,123,165,-246,-13336,3788,6672,-1089,87,-210,-13340,-6072,6936,-520,274,-127,0
3080.339735031128,7588,7292,11672,-137,-216,109,7304,-8212,10744,89,138,-296,-13232,3868,6916,-1049,139,-503,-13304,-6088,6760,-517,277,-132,0
3080.3748230934143,7564,7236,11600,-91,-254,121,7400,-8572,11000,86,98,-282,-13312,3884,6836,-1005,135,-295,-13272,-5976,6992,-486,299,-167,0
3080.4102790355682,7560,7328,11664,-76,-225,62,7352,-8484,10884,91,149,-299,-13292,3784,6892,-1019,78,-260,-13568,-6032,7084,-469,505,-184,0
3080.4455480575566,7592,7328,11720,-162,-204,30,7284,-8536,10908,-255,175,-307,-13224,3832,6804,-1002,111,-189,-13340,-6052,6916,-426,250,-130,0
3080.481392145157,7572,7640,11684,-275,-243,93,7316,-8532,10912,-78,169,-277,-13180,3756,6832,-953,139,-116,-13348,-5916,7104,-391,192,-66,0
3080.5162489414215,7856,7316,11660,-305,-187,96,7336,-8552,10796,-127,114,-242,-13312,3884,6888,-914,163,-97,-13092,-6048,6992,-410,133,-102,0
3080.5522639751434,7748,7008,11544,-242,-101,113,7252,-8696,10748,-79,116,-178,-13280,3896,6796,-982,131,-52,-13264,-5700,6688,-496,145,-101,0
3080.587757110596,7600,6912,11604,-166,-116,166,7400,-8664,10508,44,75,-160,-13168,4000,6780,-1060,141,-93,-13252,-5904,6672,-518,131,-123,0
3080.6227700710297,7500,7144,11288,-86,-12,142,7212,-8728,10508,-34,83,-129,-13224,3976,6536,-1047,214,-33,-13344,-5932,7112,-523,117,-119,0
3080.6586520671844,7432,7148,11620,-60,-253,132,7400,-8960,10548,-12,75,-118,-13084,3996,6900,-1048,109,-131,-13504,-5940,6928,-257,110,-98,0
3080.693845033645,7464,6920,11556,-80,6,172,7448,-8604,10788,-256,104,-83,-13060,3856,6604,-1118,183,-53,-13380,-5952,6980,-567,119,-112,0
3080.7296710014343,7672,7196,11668,-57,58,195,7648,-8608,10736,-11,140,-64,-13304,3840,6864,-1110,77,-3,-13372,-6076,7020,-551,98,-123,0
3080.7648320198055,7560,7232,11656,-96,17,126,7472,-8596,10808,-51,238,-137,-13100,3772,6816,-1043,-6,-34,-13312,-6068,7008,-534,89,-216,0
3080.800673007965,7516,7336,11540,-80,43,20,7372,-8508,10948,-54,1,-144,-13216,3772,7156,-771,26,-56,-13184,-6112,7104,-479,111,-216,0
3080.8359119892125,7668,7172,11340,-143,46,-10,7268,-8476,10792,-79,220,-164,-13200,3836,6764,-1007,-243,-73,-13292,-6164,6964,-463,104,-176,0
3080.8711249828334,7540,7380,11552,-186,24,49,7236,-8540,10696,-93,214,-148,-13264,3788,6928,-1010,53,-32,-13276,-6184,6972,-489,90,-161,0
3080.9074449539185,7580,7392,11680,-168,42,68,7308,-8600,11156,-36,203,-120,-13268,3696,6684,-1008,51,-243,-13240,-6096,6832,-763,90,-138,0
3080.9431149959564,7660,7396,11584,-162,48,98,7252,-8484,10736,-62,158,-117,-13088,3628,6684,-1004,38,-10,-13276,-6084,7028,-259,97,-103,0
3080.976680994034,7500,7240,11564,-187,-21,138,7236,-8524,10836,-54,121,-123,-13152,4036,6716,-1045,55,-42,-13388,-6124,7076,-530,114,-108,0
3081.010278940201,7552,7320,11592,-125,241,158,7176,-8560,10856,-47,97,-136,-13164,3840,6756,-771,174,241,-13384,-6040,7136,-555,107,-104,0
3081.0438220500946,7540,7268,11604,-139,-256,111,7316,-8648,10856,-39,114,-141,-13348,3888,6984,-1036,78,-10,-13080,-5976,6868,-509,85,-123,0
3081.0773479938507,7580,7240,11624,-155,19,134,7324,-8704,10880,-29,95,-101,-13216,3896,6772,-1027,113,-250,-13324,-5996,6964,-514,87,-153,0
3081.110605955124,7600,7216,11620,-133,23,120,7276,-8520,10788,-24,140,-122,-13180,3868,7148,-1041,126,-25,-13220,-6016,6996,-536,58,-133,0
3081.143893957138,7568,7244,11748,-152,16,96,7312,-8944,10804,-53,117,-146,-13188,3832,6916,-1007,111,3,-13332,-6064,6988,-476,90,-148,0
3081.1772310733795,7588,7404,11592,-194,-12,94,7292,-8760,10912,-48,140,-150,-13156,3876,6960,-991,90,-15,-13272,-6124,7012,-467,86,-149,0
3081.211076974869,7612,7256,11556,-208,-14,81,7364,-8664,10752,-62,186,-185,-13220,3864,6708,-969,53,-48,-13296,-5992,7040,-467,130,-168,0
3081.244444131851,7504,7340,11704,-181,-73,45,7296,-8592,10928,-50,157,-193,-13168,3912,6988,-1016,122,-94,-13168,-6132,7020,-491,155,-133,0
3081.2825160026546,7504,7332,11980,-176,-68,83,7232,-8600,10964,-53,120,-201,-13088,3876,6824,-1006,80,-45,-13304,-6056,7016,-487,175,-126,0
3081.3160679340363,7512,7284,11636,-171,-22,88,7288,-8616,10808,-50,115,-199,-13104,3920,6816,-1016,144,-67,-13068,-6036,6672,-487,169,-108,0
3081.3497200012207,7540,7340,11560,-171,-59,113,7260,-8648,10812,-42,111,-183,-13172,3936,7072,-1018,116,-78,-13168,-6396,7080,-502,162,-107,0
3081.383103132248,7524,7396,11756,-180,-48,111,7248,-8620,10844,-34,107,-179,-13296,3832,7140,-1014,149,-80,-13560,-5904,6952,-484,127,-111,0
3081.4166910648346,7448,7372,11656,-204,-31,113,7336,-8656,10756,-90,74,-164,-13192,3896,6868,-977,160,8,-13108,-6104,7020,-487,56,-108,0
3081.4502990245815,7564,7328,11652,-164,-11,83,7248,-8684,10632,-48,117,-134,-13236,3996,6700,-960,17,-248,-13304,-6040,7008,-533,59,-136,0
3081.4836370944977,7432,7196,11696,-238,4,126,7316,-8676,10924,0,148,-104,-13524,3880,6832,-1038,39,-47,-13292,-6084,7020,-462,126,-114,0
3081.517053127289,7520,7356,11632,-146,12,113,7624,-8632,10836,-39,195,-120,-13088,3792,7048,-992,148,-136,-13328,-6200,6800,-465,104,-131,0
3081.5505430698395,7448,7356,11656,-185,-55,54,7328,-8636,10904,-84,121,-238,-13236,3888,6864,-970,191,-49,-13428,-6108,6960,-440,192,-99,0
3081.5839190483093,7520,7308,11620,-214,-98,104,7292,-8776,10852,-46,102,-237,-13276,3872,6840,-980,177,-66,-13200,-6012,7144,-452,216,-58,0
3081.6175479888916,7512,7340,11620,-224,-137,128,7284,-8456,10920,-39,103,-229,-13224,3880,6864,-996,153,-101,-13344,-6096,7000,-433,197,-41,0
3081.6508679389954,7512,7360,11744,-241,-130,145,7172,-8612,10860,-39,114,-236,-13160,3888,7020,-971,172,-94,-13196,-6056,7100,-458,198,-51,0
3081.6840529441833,7548,7348,11748,-241,-141,120,7320,-8656,10904,-56,107,-271,-13164,3916,7004,-976,129,-150,-13228,-6096,7008,-448,216,-83,0
3081.717576980591,7668,7308,11572,-195,-151,127,7172,-8568,10888,-13,124,-227,-13240,3964,6840,-986,106,-102,-13268,-6056,7092,-474,228,-50,0
3081.7510781288147,7496,7276,11632,-217,-172,156,7188,-8692,10924,-250,108,-234,-13208,3904,6828,-1019,159,-148,-13288,-6116,7000,-494,265,-49,0
3081.7844319343567,7484,7212,11744,-198,-203,149,7332,-8588,10764,-10,63,-273,-13192,3888,6868,-998,211,-171,-13300,-6112,7076,-472,271,-27,0
3081.8180799484253,7612,7188,11648,-230,-248,161,7336,-8676,10740,5,74,-508,-13240,3888,6896,-1014,184,-159,-13452,-6024,6900,-485,509,-32,0
3081.8516530990605,7660,7264,11528,-227,-178,192,7176,-8476,10836,6,90,-214,-13264,3920,6748,-1001,162,-117,-13324,-6060,6980,-476,511,-68,0
3081.884777069092,7424,7224,11748,-216,-169,193,7360,-8648,10816,12,80,-234,-13292,3824,6876,-1018,157,-147,-13392,-6068,6888,-476,228,-71,0
3081.918209075928,7892,7400,11508,-202,-182,146,7380,-8508,10792,-26,85,-211,-13268,3780,6784,-999,159,-111,-13352,-6116,6952,-484,206,-82,0
3081.9543919563293,7700,7416,11576,-205,-153,158,7236,-8676,10644,-44,78,-196,-13516,4040,6896,-985,158,-94,-13356,-5932,6972,-496,161,-96,0
3081.989387989044,7608,7232,11544,-183,-135,132,7272,-8724,10888,17,133,-193,-13220,3968,6676,-1018,70,-80,-13380,-6084,6688,-484,171,-94,0
3082.024729013443,7524,7268,11668,-177,-94,115,7360,-8644,10776,26,161,-161,-13232,3844,6648,-988,90,-79,-13348,-6088,6984,-270,132,-121,0
3082.061197042465,7648,7240,11772,-188,-114,114,7324,-8636,10900,-3,139,-189,-13220,3928,6824,-1008,140,-139,-13340,-6156,6884,-454,151,-93,0
3082.09616613388,7552,7288,11564,-184,-146,155,7276,-8580,10892,-40,91,-180,-13292,3860,6816,-975,144,-75,-13380,-5988,6868,-480,149,-71,0
3082.131791114807,7552,7248,11556,-187,-100,172,7300,-8472,10752,-34,109,-187,-13268,3908,6772,-1042,151,-94,-13308,-6012,6876,-511,186,-99,0
3082.1676981449127,7600,7220,11496,-192,-135,142,7392,-8536,10792,19,103,-195,-13256,3716,6672,-1031,125,-98,-13372,-6108,7092,-490,146,-126,0
3082.2026319503784,7436,7320,11428,-107,-45,65,7212,-8576,10836,-87,129,-199,-13340,3740,6724,-979,168,-47,-13356,-6060,6968,-486,157,-144,0
3082.238135099411,7884,7160,11716,-185,252,39,7424,-8672,10728,-52,150,-189,-13472,3844,6684,-1005,97,-33,-13352,-6108,7052,-462,133,-159,0
3082.2737119197845,7696,7200,11428,-134,33,76,7648,-8636,10748,-39,109,-154,-13320,3844,6812,-1274,131,30,-13292,-5992,6928,-484,79,-166,0
3082.3096539974213,7656,7240,11676,-147,51,95,7348,-8640,10756,-42,112,-118,-13080,3880,6740,-1053,145,10,-13484,-5972,6860,-482,49,-178,0
3082.3448691368103,7512,7208,11968,-165,75,74,7288,-8700,10996,-58,407,-127,-13312,4056,6624,-1047,149,-27,-13236,-5972,7124,-496,110,-156,0
3082.3802399635315,7548,7244,11708,-113,18,82,7324,-8648,10832,-84,128,-167,-13172,3928,7072,-987,88,-63,-13288,-6012,6904,-479,164,-136,0
3082.415544986725,7200,7184,11696,-139,-60,96,7276,-8932,11004,-10,126,-191,-13216,3972,6892,-1021,133,-60,-13536,-6068,6976,-477,207,-104,0
3082.4519219398494,7464,7312,11732,-161,-34,71,7376,-8636,10520,-69,117,-194,-13264,3760,6776,-992,81,-43,-13328,-6064,6960,-494,143,-153,0
3082.4883501529694,7772,7236,11596,-142,-13,84,7332,-8616,10808,-56,135,-183,-13392,3876,7012,-1019,95,-111,-13560,-6028,7072,-477,113,-160,0
3082.5236649513245,7596,7224,11532,-170,8,68,7396,-8932,11000,-58,138,-144,-13248,3828,6940,-1001,89,-19,-13336,-6076,6896,-494,130,-173,0
3082.5592601299286,7560,7244,11688,-173,-16,81,7392,-8568,10912,-38,158,-157,-13228,3832,6772,-991,76,-89,-13108,-6044,6920,-512,136,-138,0
3082.594099998474,7472,7276,11432,-169,-32,85,7376,-8720,10716,-45,129,-198,-13136,3896,6908,-1002,135,-74,-13368,-6048,6972,-497,136,-159,0
3082.629730939865,7552,7284,11612,-170,-49,77,7228,-8444,10936,-37,117,-198,-13300,3852,6788,-1020,93,-4,-13208,-5888,6932,-506,132,-149,0
3082.663110971451,7892,7212,11640,-145,-80,77,7360,-8660,10908,-26,133,-180,-13312,3916,6908,-1271,48,-96,-13296,-5920,7004,-761,152,-140,0
3082.6966280937195,7596,7296,11724,-160,-31,93,7320,-8540,11208,-14,103,-177,-13264,4024,6804,-1028,79,-83,-13544,-5928,7044,-489,127,-153,0
3082.730315923691,7492,7344,11632,-179,-56,78,7336,-8616,10748,-37,140,-189,-13316,3844,6788,-971,72,-73,-13292,-6020,7084,-482,126,-149,0
3082.7633130550385,7564,7276,11688,-178,-34,87,7404,-8608,10756,-69,138,-175,-13724,4168,6988,-773,99,-46,-13260,-6056,6916,-485,86,-138,0
3082.7966611385345,7660,7304,11576,-175,-25,76,7296,-8708,10764,-56,6,-125,-13292,3940,6536,-1006,136,-44,-13160,-5956,6900,-508,131,-129,0
3082.8301529884334,7572,7204,11944,-188,-69,85,7264,-8740,10812,-22,126,-163,-13292,3892,6872,-1027,70,-72,-13272,-6076,6972,-491,127,-145,0
3082.8636350631714,7448,7332,11644,-139,-42,108,7188,-8608,10800,-57,157,-160,-13296,3848,6816,-1017,69,-34,-13284,-6152,7000,-475,116,-135,0
3082.896826982498,7524,7240,11592,-171,-63,80,7440,-8668,10788,-70,151,-194,-13276,3864,6408,-972,81,-69,-13340,-6036,7008,-509,118,-152,0
3082.930583000183,7548,7240,11680,-168,-10,55,7468,-8640,10764,-35,142,-185,-13312,3892,6920,-1030,83,-86,-13332,-5976,6856,-482,107,-154,0
3082.964246034622,7432,7180,11764,-182,-53,79,7388,-8612,10796,12,166,-164,-13252,3860,6804,-1006,93,-81,-13272,-5940,7064,-497,93,-147,0
3082.997591972351,7484,7336,11748,-146,-17,87,7200,-8652,10756,-36,167,-164,-13296,3804,6876,-1008,127,-58,-13264,-6372,7044,-479,73,-168,0
3083.0311400890346,7316,7300,11536,-174,8,89,7264,-8652,10848,-51,151,-168,-13232,3952,6772,-979,92,-43,-13212,-5908,6944,-495,118,-141,0
3083.0645151138306,7436,6952,11420,-147,-13,93,7180,-8532,10804,-130,118,-173,-13180,3944,6724,-1001,76,-56,-13500,-6124,6916,-499,151,-82,0
3083.0982949733734,7628,7292,11632,-152,-36,114,7288,-8704,10876,-28,139,-190,-13312,3920,6848,-1280,125,-127,-13228,-6040,6852,-503,169,-92,0
3083.131781101227,7448,7284,11592,-152,-13,99,7348,-8636,10772,-30,103,-174,-13224,3672,6896,-1031,153,-74,-13236,-6064,7028,-499,159,-106,0
3083.165281057358,7488,7332,11608,-189,-82,149,7596,-8724,10908,-17,128,-179,-13184,3944,6836,-1013,127,-61,-13280,-6080,7004,-493,165,-43,0
3083.1984231472015,7220,7188,11680,-193,-102,137,7348,-8748,10812,-19,115,-207,-13280,4084,6968,-1004,118,-114,-13520,-6352,6976,-503,213,-81,0
3083.231915950775,7172,7236,11708,-220,-134,143,7336,-8940,10776,-43,105,-203,-13336,3856,6900,-982,109,-119,-13184,-6060,7044,-486,206,-62,0
3083.265303134918,7420,7344,11684,-208,-160,151,7224,-8620,10832,-45,103,-196,-13160,3896,6728,-995,158,-131,-13240,-6020,6904,-481,163,-90,0
3083.2990550994873,7484,7328,11656,-186,-143,150,7332,-8644,10892,-51,99,-212,-13284,4064,6856,-992,146,-119,-13192,-6052,7000,-470,214,-69,0
3083.3326520919804,7468,7224,11580,-185,-107,127,7316,-8932,10832,-4,118,-212,-13248,3932,7140,-986,120,-109,-13280,-5968,6692,-490,215,-73,0
3083.3662300109863,7668,7280,11756,-188,-123,126,7320,-8656,10964,25,149,-195,-13352,3920,6848,-1001,125,-141,-13220,-6112,7024,-510,206,-81,0
3083.3993520736694,7544,7224,11732,-164,-117,139,7624,-8920,10812,28,117,-215,-13264,4092,6664,-1013,151,-182,-13060,-6052,6696,-259,216,-68,0
3083.432953119278,7456,7364,11700,-192,-194,157,7372,-8624,10680,-10,73,-228,-13068,4036,6820,-1277,144,-117,-13104,-6032,7144,-477,214,-41,0
3083.4667279720306,7520,7292,11548,-200,-160,166,7488,-8560,10808,-18,92,-194,-13340,3936,6524,-961,185,-85,-13528,-5924,6800,-767,176,-61,0
3083.5000710487366,7672,7340,11604,-181,-126,157,7512,-8596,10648,-10,118,-154,-13388,3924,6664,-1017,93,-59,-13376,-5988,6884,-502,164,-72,0
3083.5336859226227,7484,7244,11684,-252,-177,186,7392,-8636,10848,38,98,-187,-13252,3856,6692,-1055,153,-115,-13332,-5996,6884,-494,143,-60,0
3083.567337036133,7600,7296,11464,-165,-105,108,7384,-8652,10880,254,132,-192,-13276,3788,6852,-1004,102,-100,-13364,-6100,6900,-487,172,-93,0
3083.6006360054016,7576,7280,11756,-207,-136,102,7424,-8652,10792,-8,139,-230,-13560,3980,6544,-983,108,-102,-13524,-5964,7112,-471,202,-67,0
3083.637155056,7708,7240,11624,-195,-150,142,7372,-8644,10660,6,136,-215,-13312,3880,6752,-1004,111,-123,-13508,-6064,6948,-478,174,-94,0
3083.6723320484166,7544,7252,11688,-181,-135,164,7432,-8672,10788,31,110,-192,-13560,3884,6832,-997,84,-28,-13104,-6100,7096,-464,106,-104,0
3083.7074360847473,7572,7276,11580,-204,-142,147,7244,-8580,10752,-19,125,-167,-13060,3952,6608,-1008,94,-121,-13108,-6084,7016,-481,159,-73,0
3083.7428901195526,7556,7196,11848,-200,-134,126,7360,-8664,10720,-28,107,-227,-13244,3880,6688,-998,124,-101,-13304,-6036,6920,-503,191,-85,0
3083.778293132782,7600,7268,11764,-158,-125,142,7520,-8648,10704,-42,83,-220,-13216,3816,6680,-984,156,-109,-13336,-6044,7076,-768,197,-66,0
3083.8132400512695,7568,7264,11300,-179,-126,142,7380,-8596,10760,-63,69,-216,-13272,4060,6820,-991,180,-31,-13428,-5952,7160,-485,152,-103,0
3083.849431037903,7700,7232,11724,-155,-79,100,7424,-8608,10528,-62,120,-186,-13364,3824,6716,-1000,153,-75,-13324,-6048,6996,-468,126,-139,0
3083.8847839832306,7548,7240,11680,-160,17,72,7480,-8644,10772,-45,153,-173,-13288,3804,6756,-1010,110,-56,-13344,-5948,7064,-472,113,-149,0
3083.9206881523132,7436,7176,11764,-141,23,77,7448,-8572,10732,-54,168,-151,-13256,3744,6948,-771,60,-53,-13412,-6028,6960,-466,147,-153,0
3083.95636510849,7616,7320,11612,-107,-20,63,7348,-8464,10860,-83,136,-189,-13232,3796,6928,-1023,144,-70,-13436,-6072,6924,-469,136,-147,0
3083.992802143097,7456,7356,11628,-117,7,44,7288,-8576,10732,-136,138,-179,-13320,3924,6856,-1004,123,-10,-13528,-5948,7108,-470,95,-154,0
3084.028260946274,7584,7192,11604,-153,38,70,6908,-8800,10932,-26,191,-149,-13276,3968,6992,-1029,57,-36,-13524,-6052,6984,-480,130,-163,0
3084.0634019374847,7468,7272,11704,-135,7,76,7364,-8600,10976,-48,151,-129,-13144,3796,6712,-980,88,-83,-13076,-6124,6980,-459,93,-133,0
3084.0993530750275,7536,7292,11656,-91,34,47,7340,-8924,10944,-64,133,-172,-13252,3912,6760,-1014,86,-69,-13324,-5936,7068,-477,125,-129,0
3084.134416103363,7528,7316,11576,-168,-40,97,7368,-8656,10788,-46,123,-132,-13280,3936,6652,-1271,139,-71,-13204,-6016,7040,-500,142,-117,0
3084.170470952988,7564,7252,11640,-117,13,151,7396,-8608,10576,-56,62,-158,-13204,3900,6672,-1055,181,-17,-13332,-6020,6912,-531,104,-112,0
3084.2061600685124,7516,7304,11688,-105,-29,135,7280,-8628,10736,-60,104,-156,-13072,3852,6828,-1039,149,-29,-13068,-6156,6916,-762,102,-134,0
3084.2419290542603,7452,7264,11676,-168,-35,53,7624,-8644,10660,-79,123,-194,-13276,3924,6784,-989,94,-40,-13260,-6128,7164,-491,110,-157,0
3084.2796070575714,7484,7296,11528,-206,-41,55,7460,-8572,10924,-59,152,-196,-13292,3848,6568,-1007,86,-60,-13416,-5900,6888,-493,113,-158,0
3084.3129611015324,7588,7320,11688,-196,-36,62,7396,-8452,10912,-65,113,-215,-13240,3952,6764,-1037,108,-43,-13308,-6060,7112,-449,119,-130,0
3084.346776008606,7532,7268,11736,-198,-39,74,7472,-8716,10512,-10,324,-227,-13112,3972,6524,-987,205,-71,-13360,-6048,6980,-477,144,-152,0
3084.3802080154414,7644,7204,11572,-181,-39,82,7428,-8620,10784,-32,131,-161,-13284,3872,6620,-1280,126,-95,-13296,-6016,6928,-490,167,-144,0
3084.413684129715,7492,7340,11672,-154,-56,90,7372,-8644,10804,-48,121,-179,-13344,3920,6708,-1034,100,-79,-13296,-6024,7164,-479,149,-156,0
3084.4472949504852,7540,7280,11568,-151,-52,77,7644,-8548,10880,-47,178,-172,-13068,4068,6512,-770,63,-54,-13356,-6048,6856,-484,102,-174,0
3084.480803012848,7528,7252,11560,-154,-39,53,7180,-8616,10868,-60,153,-167,-13264,3948,6680,-971,48,-30,-13508,-6324,7152,-491,127,-182,0
3084.5143871307373,7216,7300,11512,-184,-5,71,7304,-8672,10596,-37,145,-149,-13300,3652,6656,-983,93,-41,-13348,-6028,6848,-481,105,-156,0
3084.547977924347,7580,7336,11848,-162,-8,75,7320,-8616,10896,-38,150,-150,-13260,4024,6892,-992,104,-74,-13396,-6072,6832,-494,105,-136,0
3084.58144402504,7416,7336,11688,-158,253,117,7256,-8644,10884,-43,98,-180,-13208,3912,6832,-1019,117,-53,-13320,-6012,6936,-485,136,-128,0
3084.6149740219116,7488,7356,11584,-171,-63,93,7564,-8444,10388,-58,127,-193,-13024,3868,6752,-995,172,-47,-13284,-6056,6980,-470,161,-112,0
3084.6484339237213,7484,7244,11744,-184,-66,85,7352,-8692,10892,-60,107,-165,-13280,3952,6756,-999,113,-50,-13256,-6132,7096,-478,151,-123,0
3084.681905031204,7512,7244,11556,-171,-65,88,7344,-8672,10988,-58,106,-183,-13528,4000,6580,-996,141,-67,-13348,-6040,6936,-490,161,-138,0
3084.715502023697,7484,7216,11660,-167,-41,109,7412,-8664,10828,-85,107,-160,-13368,4092,6860,-988,129,-85,-13356,-5948,7044,-500,144,-107,0
3084.7492389678955,7484,7260,11640,-144,-3,91,7420,-8720,10664,-21,162,-154,-13300,3912,6908,-1001,59,-75,-13216,-5984,7080,-497,109,-99,0
3084.7828900814056,7480,7380,11628,-197,-15,119,7368,-8764,10748,-42,159,-156,-13264,3896,6872,-1010,105,-48,-13316,-6056,7036,-472,144,-115,0
3084.8164401054382,7220,7368,11624,-186,-41,112,7360,-8648,10764,-9,123,-179,-13280,3928,6716,-1004,113,-78,-13248,-6144,7044,-506,179,-94,0
3084.8499600887294,7480,7328,11584,-182,-108,149,7200,-8768,10820,-12,127,-196,-13224,3972,6852,-1000,141,-104,-13224,-6136,6996,-495,192,-73,0
3084.8836240768433,7452,7356,11576,-185,-165,144,7196,-8684,10752,-8,131,-221,-13236,3836,6800,-989,151,-158,-13120,-6020,6740,-484,216,-72,0
3084.9173579216003,7440,7392,11732,-212,-159,152,7420,-8572,10816,-63,121,-231,-13280,3952,6848,-989,125,-111,-13308,-6120,6936,-470,138,-56,0
3084.9509761333466,7548,7208,11632,-193,-125,139,7344,-8940,10752,-24,153,-169,-13380,4016,6720,-1050,73,-100,-13364,-5920,6904,-496,172,-118,0
3084.9844679832454,7564,7304,11692,-255,-111,142,7408,-8496,10744,26,138,-153,-13536,3912,6904,-1035,85,-78,-13288,-6112,6932,-483,164,-108,0
3085.0181789398193,7512,7400,11684,-195,-70,144,7372,-8600,10792,-13,125,-193,-13280,3860,6816,-994,134,-97,-13328,-6032,7044,-759,198,-93,0
3085.0518450737004,7620,7148,11796,-227,-138,124,7396,-8744,10772,-21,119,-215,-13236,3900,6676,-1006,114,-110,-13408,-6016,6896,-481,224,-68,0
3085.085478067398,7488,7416,11960,-201,-113,175,7516,-8652,10756,7,118,-206,-13092,3972,6520,-1034,124,-127,-13256,-6024,6944,-497,201,-71,0
3085.119136095047,7576,7292,11612,-207,-120,179,7276,-8568,10500,-255,99,-182,-13320,4072,6808,-1278,80,-60,-13424,-6044,6836,-485,123,-94,0
3085.152430057525,7592,7312,11632,-223,-94,159,7448,-8692,10976,-44,134,-140,-13220,3912,6676,-992,122,-59,-13212,-6108,6840,-475,149,-97,0
3085.1858870983124,7492,7256,11752,-222,-96,148,7396,-8628,10744,-34,145,-169,-13264,3848,6664,-1024,92,-67,-13276,-6020,6820,-507,164,-95,0
3085.2195229530334,7524,7360,11732,-190,-119,128,7356,-8644,10848,32,106,-192,-13292,3780,6728,-1007,126,-136,-13348,-6004,6984,-495,185,-104,0
3085.2530200481415,7576,7328,11332,-232,-156,154,7384,-8576,10496,-11,108,-214,-13232,3852,6584,-1000,163,-126,-13252,-6056,6932,-488,211,-66,0
3085.286644935608,7568,7324,11668,-200,-139,156,7364,-8588,10676,-25,82,-217,-13300,3944,6680,-997,169,-121,-13176,-6020,6860,-487,204,-92,0
3085.32301902771,7524,6948,11668,-213,-169,146,7632,-8928,10972,-12,121,-201,-13344,4052,6792,-1037,143,-160,-13436,-6072,7032,-494,166,-82,0
3085.3582429885864,7576,7276,11712,-196,-156,146,7500,-8676,10728,1,108,-208,-13568,3888,6680,-1005,98,-125,-13408,-6056,6848,-499,191,-90,0
3085.393888950348,7664,7204,11644,-194,-134,132,7456,-8588,10768,-7,118,-216,-13300,3904,6600,-985,137,-129,-13304,-5984,6880,-489,196,-94,0
3085.4296109676366,7496,7220,11704,-221,-145,139,7400,-8564,10588,-49,97,-213,-13416,3800,6804,-962,137,-124,-13360,-6028,6828,-493,172,-125,0
3085.4651229381566,7500,7332,11624,-196,-116,114,7452,-8624,10688,-43,135,-193,-13284,4084,6524,-1045,101,-67,-13368,-5996,6860,-264,140,-143,0
3085.500878095627,7620,7216,11628,-173,-64,81,7540,-8572,10844,-67,166,-173,-13396,3824,6588,-985,137,-94,-13404,-6000,6972,-495,117,-165,0
3085.5359461307526,7672,7188,11676,-121,-4,52,7504,-8576,10700,-32,185,-149,-13276,3848,6700,-1276,116,-35,-13116,-5992,6800,-485,127,-158,0
3085.5713131427765,7580,7264,11596,-191,-42,99,7284,-8608,10736,-41,167,-159,-13440,3832,6556,-982,99,-29,-13420,-6072,6920,-458,104,-145,0
3085.6072220802307,7460,7316,11772,-152,251,117,7328,-8620,10924,-62,133,-163,-13368,4032,6716,-1275,96,-3,-13076,-5964,6948,-767,137,-156,0
3085.642471075058,7624,7164,11544,-169,-14,90,7180,-8628,10968,-11,135,-161,-13464,4024,6736,-1069,80,-45,-13312,-6100,6928,-503,123,-138,0
3085.678143978119,7612,7292,11640,-171,-30,111,7380,-8528,10884,-34,123,-158,-13068,3924,6728,-1030,75,-49,-13272,-6208,6952,-501,101,-146,0
3085.713460922241,7604,7340,11664,-131,1,54,7516,-8600,10804,-57,132,-168,-13344,3924,6780,-996,65,-51,-13316,-6132,7000,-506,117,-181,0
3085.7486710548405,7640,7280,11608,-189,-21,49,7416,-8668,10800,-40,150,-166,-13228,3856,6748,-1025,56,-20,-13280,-6064,6936,-523,105,-137,0
3085.7844519615173,7476,7296,11644,-157,15,95,7392,-8560,10868,-32,140,-129,-13252,3904,6464,-1272,54,-17,-13384,-6056,6924,-476,79,-143,0
3085.820331096649,7612,7288,11476,-157,6,77,7472,-8588,10536,-64,165,-149,-13336,3916,6596,-1010,36,237,-13272,-6124,6992,-487,61,-158,0
3085.855484008789,7456,7340,11948,-169,17,32,7356,-8632,10964,-92,153,-153,-13192,3912,6756,-953,88,-26,-13376,-6100,6928,-489,77,-150,0
3085.891298055649,7572,7320,11540,-164,-25,82,7416,-8640,10524,-49,132,-193,-13148,3932,6908,-1006,65,-60,-13300,-6140,6728,-544,130,-144,0
3085.927211999893,7552,7224,11972,-177,-47,95,7404,-8556,10540,254,124,-171,-13092,3904,6476,-997,113,-37,-13296,-6088,6892,-530,150,-116,0
3085.9638681411743,7568,7248,11676,-140,-25,84,7468,-8640,10712,-41,139,-171,-13732,3984,6384,-1176,228,-87,-13252,-6124,6896,-492,161,-136,0
3085.9974460601807,7528,7244,11696,-200,-37,90,7456,-8664,10824,-33,137,-148,-13112,3916,6780,-1019,83,-71,-13352,-6128,6740,-511,132,-137,0
3086.031039953232,7648,7252,11576,-159,-41,81,7636,-8664,10888,-61,178,-167,-13568,4008,6788,-961,88,-80,-13316,-6056,6876,-523,101,-148,0
3086.064512014389,7388,7304,11720,-179,-30,75,7168,-8616,10780,-18,161,-152,-13076,3872,6748,-1000,80,-21,-13268,-6192,6876,-516,124,-158,0
3086.098170042038,7508,7308,11756,-180,-55,86,7172,-8636,10880,-52,157,-164,-13276,3916,6676,-884,-70,-1,-13304,-6136,6880,-488,65,-168,0
3086.1314730644226,7496,7304,11700,-187,-40,78,7428,-8680,10988,-73,129,-192,-13216,3840,6696,-1021,126,-44,-13328,-6024,6920,-514,130,-153,0
3086.1649560928345,7524,7316,11692,-178,-12,102,7424,-8520,10752,-38,140,-156,-13260,3984,6772,-992,57,-77,-13316,-6100,6912,-527,114,-136,0
3086.1984190940857,7540,7312,11632,-155,-29,90,7364,-8900,10968,-29,137,-185,-13268,3936,6816,-1017,109,-69,-13236,-6076,7000,-544,118,-118,0
3086.231861114502,7420,7328,11620,-153,-62,114,7400,-8660,10792,-36,134,-186,-13556,3932,6752,-996,114,-63,-13524,-6096,6964,-482,129,-117,0
3086.2655270099644,7436,7320,11728,-182,-76,94,7416,-8664,10684,-41,147,-186,-13072,3940,7128,-965,105,-78,-13320,-6088,7032,-497,143,-133,0
3086.301602125168,7576,7168,11616,-173,-55,90,7648,-8532,10628,-62,144,-146,-13352,3936,6636,-1006,84,-75,-13100,-6124,6968,-551,127,-121,0
3086.3353209495544,7520,7240,11788,-178,-61,116,7560,-8692,10552,-22,158,-147,-13220,3888,6816,-1042,67,-67,-13296,-6376,7048,-543,148,-118,0
3086.3687341213226,7456,7412,11544,-171,-47,111,7380,-8620,10632,-37,157,-157,-13324,3612,7392,-792,-199,-58,-13364,-6116,7120,-506,112,-129,0
3086.4021799564366,7424,7356,11748,-183,-49,68,7664,-8660,10664,-87,139,-175,-13268,3956,6692,-979,98,-72,-13060,-6016,6964,-499,121,-120,0
3086.4356520175934,7420,7296,11556,-195,-15,96,7436,-8932,10652,-51,137,-175,-13276,3944,6592,-999,-139,-51,-13236,-6048,6920,-487,126,-154,0
3086.4693689346313,7240,7260,11612,-173,-10,108,7280,-8616,10524,-36,141,-133,-13268,3984,6648,-1006,88,-74,-13340,-6108,7028,-512,110,-131,0
3086.5029549598694,7276,7360,11636,-143,4,103,7348,-8464,10600,-48,132,-144,-13276,3864,6800,-1017,95,-28,-13340,-6200,7060,-477,108,-125,0
3086.536638021469,7452,7292,11636,-165,-3,85,7344,-8712,10860,-61,179,-150,-13300,3904,6892,-861,-165,-24,-13348,-6148,6972,-502,116,-114,0
3086.5702600479126,7304,7352,11624,-201,-31,98,7384,-8688,10736,-45,138,-173,-13212,3984,6740,-979,114,-52,-13196,-6076,6964,-501,166,-86,0
3086.603924036026,7512,7384,11668,-201,-90,142,7376,-8640,10804,-44,124,-207,-13236,3964,6820,-1010,156,-137,-13208,-6080,6912,-521,195,-57,0
3086.6374070644374,7520,7392,11696,-190,-119,147,7308,-8692,10792,-18,94,-208,-13236,3956,6832,-1006,170,-118,-13252,-6064,7024,-499,221,-68,0
3086.671056985855,7536,7280,11728,-226,-159,159,7396,-8692,10876,-32,84,-215,-13260,3980,6788,-986,125,-102,-13292,-6084,6988,-494,184,-61,0
3086.7042260169983,7440,7312,11640,-207,-114,165,7344,-8736,10744,-2,134,-189,-13240,4012,6708,-1009,122,-84,-13396,-6140,6900,-472,204,-95,0
3086.7379219532013,7624,7328,11660,-220,-122,132,7332,-8644,10856,-251,132,-222,-13316,3948,6748,-985,119,-124,-13276,-6104,6832,-504,167,-71,0
3086.7713849544525,7520,7320,11704,-216,-134,158,7380,-8612,10896,-12,118,-189,-13232,4068,6700,-984,93,-119,-13284,-5988,6984,-493,191,-71,0
3086.8046629428864,7464,7256,11724,-218,-134,152,7348,-8644,10928,-16,98,-200,-13216,3948,6632,-1004,148,-126,-13280,-6176,6864,-257,196,-83,0
3086.837989091873,7612,7320,11676,-226,-181,150,7368,-8564,10796,-18,115,-236,-13312,3924,6872,-995,128,-103,-13344,-6136,6900,-496,175,-83,0
3086.871598005295,7508,7180,11672,-215,-160,160,7404,-8608,10500,1,133,-208,-13280,3976,6856,-1006,128,-142,-13300,-6160,6888,-489,200,-78,0
3086.9048509597774,7460,7252,11844,-212,-141,144,7432,-8616,10848,16,118,-213,-13236,3936,6768,-1001,136,-184,-13248,-6160,6964,-475,210,-95,0
3086.9383869171143,7476,7276,11604,-232,-156,160,7488,-8620,10804,23,125,-203,-13276,3820,6816,-1003,143,-141,-13344,-5980,6920,-490,182,-86,0
3086.9718270301814,7612,7252,11716,-222,-149,151,7644,-8560,10516,-23,113,-224,-13308,3960,6728,-975,157,-119,-13332,-6140,6956,-512,153,-98,0
3087.0093240737915,7688,7356,11600,-184,-131,153,7216,-8740,10912,-5,133,-166,-13288,4000,6852,-1050,75,-57,-13076,-6080,6664,-501,144,-79,0
3087.044523000717,7660,7236,11612,-244,-138,175,7176,-8660,10560,32,105,-174,-13240,3824,6796,-1033,85,-118,-13280,-6036,6808,-524,145,-88,0
3087.0805680751805,7536,7176,11624,-219,-141,142,7300,-8584,10696,-1,124,-183,-13252,4084,6796,-1004,98,-83,-13280,-6128,6864,-510,147,-86,0
3087.115942001343,7532,7260,11664,-211,-141,114,7400,-8676,10952,-19,134,-226,-13236,3920,6688,-963,141,-111,-13312,-5984,6948,-496,196,-88,0
3087.1517510414124,7564,7204,11800,-235,-156,132,7500,-8648,10920,0,71,-208,-13088,3876,6420,-1011,146,-77,-13284,-6132,6816,-462,161,-80,0
3087.187726020813,7616,6928,11700,-198,-139,144,7188,-8656,10588,-15,101,-173,-13108,4084,6864,-991,150,-47,-13396,-6124,7032,-484,153,-118,0
3087.2227580547333,7600,7324,11596,-199,-127,125,7364,-8680,10736,-65,129,-161,-13528,3912,6860,-980,130,-60,-13316,-5904,6696,-257,106,-130,0
3087.258255958557,7620,7232,11712,-188,-99,106,7360,-8584,10788,-81,135,-184,-13332,4020,6672,-995,125,-81,-13212,-6068,7016,-257,124,-163,0
3087.293926000595,7552,7184,11512,-112,-53,97,7352,-8616,10724,-41,147,-188,-13292,3852,6764,-1032,97,-105,-13552,-5920,6844,-507,157,-132,0
3087.329504966736,7884,7392,11596,-166,-89,96,7368,-8620,10608,-36,128,-186,-13328,3860,6612,-987,106,-64,-13316,-6128,7152,-472,156,-137,0
3087.365014076233,7560,7244,11656,-126,-24,94,7360,-8616,11000,-65,146,-177,-13336,3900,6740,-995,126,-73,-13084,-6088,6808,-476,137,-139,0
3087.4009981155396,7652,7196,11604,-148,-49,79,7388,-8608,10740,-57,128,-185,-13316,3892,6848,-1009,135,-77,-13284,-5944,7056,-445,141,-159,0
3087.436187982559,7588,7236,11792,-138,-17,69,7360,-8588,10892,-61,130,-193,-13376,3928,6680,-984,87,-52,-13108,-6392,6664,-486,152,-122,0
3087.4719121456146,7540,7268,11660,-126,-67,77,7356,-8556,10932,-79,183,-166,-13244,3856,6828,-1016,86,-49,-13368,-6092,6972,-484,115,-115,0
3087.507877111435,7548,7292,11512,-159,-39,69,7364,-8952,10976,-49,149,-161,-13348,3816,6836,-1006,118,-40,-13236,-6148,6952,-510,94,-160,0
3087.5429310798645,7472,7340,11612,-176,-51,58,7444,-8616,10640,-74,154,-165,-13220,3912,6944,-986,56,-60,-13296,-6060,7068,-508,108,-139,0
3087.5793261528015,7476,6996,11892,-145,-18,81,7332,-8748,10976,-32,162,-178,-13292,3928,6444,-772,83,-45,-13260,-6044,7124,-500,126,-134,0
3087.6140570640564,7468,7340,11804,-119,-51,80,7516,-8648,10700,-20,163,-158,-13512,3652,6764,-966,104,-68,-13384,-6092,6696,-504,124,-159,0
3087.6499509811406,7592,7300,11616,-152,-68,63,7388,-8624,10804,-61,137,-200,-13264,3912,6848,-981,112,-85,-13312,-5908,6904,-457,134,-138,0
3087.6835050582886,7756,7208,11616,-156,-53,99,7628,-8604,10852,-74,149,-156,-13320,3944,6712,-993,103,-71,-13568,-6012,6892,-503,105,-137,0
3087.717294931412,7552,7224,11572,-153,-54,99,7384,-8752,10684,-20,152,-153,-13248,3960,6660,-1042,72,-66,-13200,-6092,6968,-515,123,-170,0
3087.750762939453,7492,7208,11680,-189,-61,102,7480,-8612,10760,5,172,-137,-13344,3908,6740,-1022,54,240,-13344,-6076,6916,-488,92,-154,0
3087.784191131592,7604,7288,11716,-132,-25,74,7208,-8580,10596,-56,155,-160,-13556,3680,7880,-962,-50,20,-13328,-6080,6868,-494,102,-179,0
3087.8177349567413,7536,7204,11568,-176,-15,41,7172,-8624,10524,-79,177,-161,-13156,3976,6844,-1003,76,-69,-13084,-5984,7120,-479,107,-144,0
3087.851336956024,7612,7236,11636,-162,-41,78,7292,-8656,10768,-74,175,-149,-13280,3932,6700,-1049,73,-23,-13292,-6076,6808,-496,122,-162,0
3087.8861050605774,7624,6964,11584,-142,-1,102,7592,-8896,10908,-56,137,-135,-13356,3968,6448,-980,55,-254,-13296,-6072,6992,-510,105,-157,0
3087.919935941696,7504,7384,11620,-118,-6,89,7340,-8872,10924,-121,165,-129,-13288,3860,7056,-863,-101,-27,-13164,-6164,7068,-501,61,-151,0
3087.9534850120544,7544,7200,11620,-184,-64,87,7408,-8692,10908,-62,180,-157,-13080,4064,6852,-984,50,-74,-13304,-6124,7060,-510,138,-175,0
3087.987221956253,7548,7240,11676,-132,-35,68,7348,-8660,10540,-37,160,-169,-13204,4024,7152,-1003,107,-89,-13288,-6040,7144,-510,142,-114,0
3088.020775079727,7408,7304,11656,-169,-108,104,7228,-8660,10660,-30,123,-179,-13180,3912,6800,-999,144,-70,-13244,-6076,6964,-768,155,-119,0
3088.0543529987335,7612,7268,11492,-124,-56,95,7444,-8640,10772,-25,109,-176,-13208,3952,6772,-1001,126,-76,-13340,-6092,6796,-487,169,-125,0
3088.087732076645,7628,7140,11572,-179,-87,116,7360,-8632,10776,-33,170,-188,-13348,3932,6688,-976,85,-74,-13244,-6028,7056,-490,135,-118,0
3088.121253013611,7528,7152,11724,-160,-37,99,7380,-8592,10528,-52,183,-181,-13568,4000,6812,-1004,66,-89,-13280,-6176,7000,-480,145,-133,0
3088.154895067215,7576,7312,11628,-170,-86,100,7424,-8612,10980,-42,181,-175,-13304,3956,6724,-923,64,-50,-13288,-6172,7024,-502,124,-146,0
3088.1883070468903,7552,7188,11708,-148,-41,82,7376,-8792,10664,-53,194,-160,-13328,3892,6724,-953,-24,-56,-13364,-6192,6976,-459,100,-116,0
3088.2217791080475,7508,7280,11724,-157,-52,63,7184,-8664,10916,-70,241,-147,-13280,3968,6860,-906,-130,-67,-13252,-6060,6768,-449,110,-177,0
3088.255308151245,7508,7268,11652,-174,-26,67,7324,-8648,10804,-14,1,-159,-13180,4048,6736,-983,2,-80,-13332,-6172,7012,-467,119,-126,0
3088.288582086563,7564,7260,11536,-195,-35,89,7408,-8624,10792,-37,188,-145,-13088,3980,6752,-979,91,-57,-13296,-6124,6888,-530,129,-172,0
3088.322207927704,7508,7288,11692,-138,-38,67,7296,-8580,10792,-22,194,-190,-13224,4056,6776,-995,-28,-86,-13300,-6160,6888,-464,178,-104,0
3088.3556759357452,7296,7392,11632,-183,-71,114,7272,-8948,10872,-55,192,-181,-13256,3904,6832,-967,23,-100,-13316,-6176,6892,-460,187,-117,0
3088.3890709877014,7464,7240,11616,-188,-92,116,7236,-8648,10812,-78,143,-201,-13332,4000,7048,-992,162,-92,-13520,-6396,6964,-457,149,-89,0
3088.4224870204926,7492,7200,11660,-186,-84,139,7292,-8740,10672,-49,129,-168,-13284,3908,7012,-993,140,-92,-13256,-6072,7020,-504,153,-103,0
3088.4561491012573,7664,7264,11732,-222,-117,152,7364,-8732,10828,-9,88,-179,-13296,3844,6652,-1043,115,-119,-13288,-6236,6876,-484,206,-47,0
3088.4896790981293,7232,7172,11688,-201,-81,140,7364,-8624,10772,-12,128,-186,-13252,3904,6796,-1030,129,-85,-13304,-6124,6804,-476,163,-76,0
3088.523322105408,7468,7296,11552,-179,-116,104,7240,-8700,10840,-35,158,-193,-13232,4044,6812,-987,110,-91,-13244,-6136,6928,-476,193,-71,0
3088.5569360256195,7488,7208,11560,-232,-109,127,7272,-8720,10500,8,157,-190,-13060,3932,6832,-990,110,-125,-13140,-6044,6928,-470,209,-91,0
3088.5903410911565,7512,7252,12024,-202,-131,155,7360,-8684,10636,252,97,-198,-13204,4052,6668,-1008,158,-121,-13288,-6200,6756,-484,174,-75,0
3088.6238491535187,7544,7300,11568,-197,-85,141,7316,-8740,10788,-31,147,-180,-13280,3672,6836,-993,113,-104,-13536,-6344,7104,-446,144,-89,0
3088.6573100090027,7444,7356,11644,-182,-83,139,7332,-8764,10884,-36,109,-209,-13164,3976,6852,-989,93,-74,-13332,-5944,6864,-475,161,-89,0
3088.6939580440526,7532,7384,11592,-182,-145,154,7400,-8476,10780,6,122,-208,-13252,3972,6812,-1009,177,-136,-13268,-5900,6860,-505,189,-94,0
3088.730317115784,7564,7252,11648,-196,-166,175,7340,-8692,10736,15,138,-222,-13160,3952,6624,-1022,158,-134,-13268,-6116,6968,-481,214,-71,0
3088.7660999298096,7604,7284,11572,-193,-157,145,7316,-8688,10824,-256,97,-225,-13144,3884,6788,-1015,195,-96,-13316,-6212,6984,-489,203,-66,0
3088.802385091781,7544,7280,11736,-209,-183,153,7364,-8680,10884,-255,91,-208,-13072,3920,6708,-993,186,-110,-13348,-6140,7012,-463,178,-65,0
3088.8386011123657,7612,7264,11768,-190,-142,137,7344,-8628,10680,-2,142,-205,-13536,3872,6832,-774,80,-160,-13332,-6096,6888,-470,181,-87,0
3088.8734250068665,7660,7296,11764,-201,-139,160,7372,-8588,10676,-253,141,-202,-13340,3912,6680,-1008,103,-92,-13272,-6164,6928,-472,201,-86,0
3088.9092700481415,7596,7280,11636,-201,-126,123,7340,-8540,10676,-15,134,-202,-13236,3940,6684,-1267,150,-123,-13268,-6080,6872,-478,174,-91,0
3088.9444489479065,7488,7200,11680,-206,-134,133,7280,-8656,10848,-14,143,-202,-13512,3900,7100,-1017,137,-94,-13548,-6016,6912,-502,186,-85,0
3088.9807739257812,7656,7240,11676,-188,-144,119,7380,-8684,10848,25,151,-192,-13188,3952,6748,-998,100,-109,-13092,-6164,6736,-502,171,-95,0
3089.0160300731654,7612,7296,11728,-166,-123,115,7364,-8620,10708,11,137,-193,-13304,3972,6796,-997,129,-118,-13148,-6084,6920,-476,170,-99,0
3089.051854133606,7624,7232,11656,-169,-129,123,7392,-8552,10824,-11,123,-210,-13280,3884,6660,-966,110,-93,-13104,-6360,6848,-499,174,-93,0
3089.087737083435,7608,7288,11668,-159,-131,102,7280,-8576,10820,-48,101,-202,-13244,3984,6864,-996,128,-108,-13364,-6036,6916,-482,161,-141,0
3089.1227350234985,7736,7264,11720,-199,-70,114,7424,-8476,10820,-73,159,-159,-13280,3928,6808,-979,116,-25,-13388,-6052,6892,-481,124,-145,0
3089.158663034439,7636,7244,11440,-160,-255,107,7320,-8648,10732,-45,149,-152,-13296,3964,6820,-1044,86,-57,-13348,-6072,6812,-488,118,-124,0
3089.1934349536896,7576,7204,11664,-214,-42,86,7356,-8628,10840,-30,169,-147,-13340,3628,6856,-995,101,-33,-13520,-5940,6796,-465,77,-164,0
3089.22913312912,7504,7328,11716,-118,29,47,7356,-8520,10788,-68,180,-157,-13252,3936,6724,-975,76,-38,-13092,-6388,6692,-457,95,-139,0
3089.2641990184784,7604,7268,11648,-185,-52,38,7412,-8692,10884,-60,176,-196,-13232,3964,6724,-987,87,-41,-13332,-6064,7036,-470,152,-122,0
3089.3001711368565,7536,7248,11720,-150,-56,118,7392,-8616,10552,-34,126,-151,-13276,3928,6664,-1274,84,-39,-13228,-6008,6904,-490,125,-138,0
3089.3366329669952,7504,7228,11572,-175,254,79,7308,-8604,10812,-34,152,-134,-13244,3852,6972,-1042,52,-12,-13288,-6196,6972,-462,66,-161,0
3089.370311021805,7680,7280,11688,-177,13,77,7372,-8664,11008,-84,168,-155,-13244,3916,6776,-987,88,-16,-13232,-6072,6996,-472,60,-178,0
3089.403846025467,7480,7320,11660,-197,36,57,7372,-8632,10804,-71,149,-144,-13248,3928,6788,-986,63,-35,-13248,-6056,6852,-474,96,-142,0
3089.4375190734863,7524,7192,11616,-155,21,69,7340,-8580,10896,-60,171,-169,-13228,3920,6656,-974,18,-81,-13220,-6060,6724,-468,131,-116,0
3089.4710841178894,7500,7228,11716,-232,-33,75,7216,-8580,10496,-35,123,-186,-13172,3924,6716,-986,121,-62,-13312,-6092,6728,-464,137,-112,0
3089.5044109821324,7452,7324,11340,-199,-34,77,7340,-8672,10500,-94,103,-216,-13232,3976,6668,-997,129,-47,-13112,-6072,7008,-452,143,-113,0
3089.5381309986115,7672,7264,11812,-213,-54,85,7604,-8580,10844,-69,141,-204,-13332,4008,6880,-978,103,-18,-13436,-6108,7052,-438,105,-134,0
3089.5717990398407,7620,7268,11636,-217,7,64,7196,-8688,10976,-55,182,-194,-13372,3984,6780,-979,94,-33,-13560,-5908,6952,-448,121,-127,0
3089.6053781509404,7516,7196,11708,-232,-12,52,7372,-8564,10800,-68,167,-177,-13256,3964,6720,-1014,90,-48,-13364,-6144,6780,-448,99,-124,0
3089.6386890411377,7476,7332,11632,-228,-15,71,7328,-8596,10836,-102,150,-158,-13248,3956,6764,-983,69,230,-13236,-6064,6976,-422,107,-159,0
3089.6722950935364,7576,7348,11496,-240,9,60,7648,-8608,10652,-105,209,-146,-13128,4048,6540,-1057,130,-244,-13332,-5936,6924,-450,89,-129,0
3089.705654144287,7508,7304,11888,-229,-9,56,7356,-8468,10928,-80,27,-110,-13244,4012,6180,-1033,205,-12,-13536,-6072,6996,-460,101,-105,0
3089.739319086075,7468,7268,11740,-210,-18,74,7324,-8692,10704,-30,119,-191,-13196,3920,6896,-994,134,-41,-13232,-6084,6840,-442,95,-122,0
3089.772927045822,7424,7252,11672,-181,-21,111,7296,-8764,10696,-71,153,-165,-13252,3996,6788,-1003,87,-62,-13160,-6128,7036,-468,134,-134,0
3089.8064990043645,7500,7412,11652,-188,-35,84,7388,-8744,10724,-42,152,-151,-13324,4008,6836,-1007,62,-82,-13208,-6092,6920,-468,167,-161,0
3089.840003013611,7444,7324,11580,-175,-88,86,7348,-8656,10728,-33,162,-180,-13188,3964,6952,-971,64,-20,-13356,-6020,7036,-459,137,-141,0
3089.8736419677734,7556,7292,11984,-183,-26,107,7304,-8672,10524,-73,159,-189,-13304,4048,6904,-1002,109,-77,-13340,-6084,6992,-474,101,-97,0
3089.9067940711975,7532,7236,11984,-179,-26,112,7364,-8848,10764,-31,124,-175,-13260,3968,6704,-1043,105,-79,-13296,-6076,6944,-491,141,-130,0
3089.9403319358826,7476,7240,11636,-190,-65,107,7348,-8608,10720,17,160,-183,-13260,3900,6896,-1028,90,-71,-13324,-6296,6824,-488,149,-139,0
3089.9738430976868,7464,7292,11672,-147,-74,61,7608,-8560,10972,-78,190,-189,-13208,3880,6792,-997,65,-52,-13324,-5908,7008,-502,104,-207,0
3090.0074601173405,7472,7232,11676,-205,-38,36,7372,-8680,10540,-44,196,-191,-13660,3996,6520,-1145,170,-46,-13168,-5944,6996,-451,149,-156,0
3090.0410420894623,7480,7224,11820,-186,-24,58,7332,-8628,10980,-60,157,-157,-13300,4044,6700,-990,100,-87,-13244,-6016,7028,-465,131,-145,0
3090.0748140811925,7492,7376,11812,-151,-15,121,7328,-8608,10752,-53,108,-128,-13244,4036,7144,-995,77,-61,-13220,-6116,6880,-449,120,-142,0
3090.1082241535187,7468,7312,11672,-193,4,101,7260,-8712,10980,-81,146,-167,-13264,3960,6768,-989,99,-63,-13268,-6188,6952,-471,116,-130,0
3090.1416120529175,7404,7268,11708,-170,-10,129,7248,-8492,10640,-58,149,-141,-13184,3844,6780,-1006,73,-70,-13152,-6120,6872,-481,136,-129,0
3090.1752359867096,7500,7308,11772,-129,-18,93,7324,-8464,10644,-17,166,-163,-13272,3948,7132,-1022,53,-99,-13172,-6208,7000,-491,179,-158,0
3090.208964109421,7364,7320,11348,-166,-51,77,6920,-8632,10772,-19,173,-191,-13144,3996,6664,-1011,78,-144,-13308,-6140,7156,-551,180,-106,0
3090.2425220012665,7504,7248,11732,-122,-70,100,7196,-8744,10880,35,160,-188,-13380,3980,6796,-982,44,-174,-13220,-6108,7012,-496,185,-137,0
3090.2760570049286,7532,7184,11672,-140,-97,117,7240,-8652,10796,10,168,-164,-13324,3912,6796,-994,61,-151,-13236,-6156,6824,-474,183,-155,0
3090.3096971511845,7496,7168,11600,-155,-103,120,7324,-8652,10880,5,183,-203,-13240,3928,6856,-1007,60,-116,-13356,-6196,6968,-471,212,-103,0
3090.342988014221,7672,7316,11644,-220,-108,104,7008,-8956,10912,-32,198,-207,-13200,3920,6840,-1011,78,-166,-13240,-5972,7036,-481,190,-94,0
3090.3816709518433,7388,7272,11716,-247,-159,113,7276,-8660,10808,-48,156,-213,-13084,4032,6548,-998,132,-81,-13208,-6072,6928,-491,177,-94,0
3090.4177260398865,7436,7396,11648,-230,-99,164,7244,-8732,10528,-25,81,-211,-13240,4052,6684,-1030,185,-75,-13064,-6024,7072,-495,205,-44,0
3090.452847957611,7404,7228,11788,-204,-78,192,7244,-8740,10696,17,55,-184,-13160,4012,6844,-1062,208,-104,-13276,-6056,7124,-523,185,-13,0
3090.4887199401855,7516,7160,11832,-158,-127,238,7328,-8752,10800,26,66,-170,-13400,3864,6816,-1058,87,-99,-13308,-6164,6788,-483,185,-62,0
3090.524516105652,7396,7308,11668,-175,-125,184,7360,-8660,10812,29,142,-186,-13200,3944,6668,-1060,187,-164,-13320,-6380,6776,-475,198,-75,0
3090.5600669384003,7436,7256,11696,-232,-156,174,7388,-8552,10888,-13,145,-202,-13332,3632,6868,-1007,96,-132,-13272,-6264,6800,-484,208,-76,0
3090.5954699516296,7508,7348,11660,-220,-182,127,7196,-8608,10944,-12,146,-221,-13224,3840,6752,-973,119,-132,-13560,-6164,6760,-460,233,-92,0
3090.6312100887294,7540,7332,11748,-506,-158,123,7404,-8596,10904,-28,158,-245,-13348,3860,6908,-969,134,-82,-13260,-6108,6860,-438,194,-91,0
3090.6671650409694,7492,7356,11648,-507,-167,103,7364,-8628,10912,-5,179,-223,-13252,3680,6800,-1007,122,-71,-13172,-6064,6756,-415,216,-124,0
3090.702520132065,7636,7280,11716,-274,-130,104,7408,-8608,10844,-40,150,-225,-13208,3980,6896,-967,132,-94,-13324,-5900,7088,-437,130,-111,0
3090.738219976425,7736,7188,11876,-248,-106,98,7324,-8752,10812,14,164,-188,-13256,4024,6740,-1032,117,-30,-13240,-5912,6944,-487,129,-90,0
3090.7737810611725,7448,7236,11560,-229,-137,154,7272,-8752,10972,64,121,-200,-13244,4116,6728,-1038,114,-91,-13548,-6028,7024,-538,183,-54,0
3090.8092870712285,7580,7144,11520,-130,-96,182,7292,-8620,10884,27,64,-172,-13260,4040,6856,-1049,128,-91,-13372,-6028,6712,-548,175,-34,0
3090.844537019729,7440,6912,12020,-202,-146,196,7320,-8760,10708,29,63,-171,-13232,4052,6808,-772,167,-101,-13304,-5900,7012,-515,213,-51,0
3090.8803110122685,7568,7088,11964,-146,-142,224,7376,-8696,10880,35,70,-145,-13416,3984,6768,-1075,135,-78,-13296,-6204,6892,-501,136,-56,0
3090.9158680438995,7588,7120,11668,-198,-104,193,7188,-8572,10868,22,83,-98,-13248,3884,6828,-787,97,-31,-13216,-6396,6976,-451,41,-75,0
3090.9515669345856,7584,7204,11612,-190,-70,120,7168,-8676,10908,-4,185,-133,-13564,3620,6680,-962,45,-85,-13284,-6180,6816,-467,95,-176,0
3090.9877331256866,7572,7292,11692,-203,-74,59,7228,-8600,10960,-63,241,-216,-13160,3800,6876,-954,-21,-102,-13244,-5892,6772,-448,111,-215,0
3091.023502111435,7508,7208,11536,-196,-69,14,7304,-8600,10840,-52,224,-235,-13148,3868,6740,-997,35,-135,-13104,-6316,6740,-445,159,-221,0
3091.0571200847626,7552,7232,11588,-219,-113,30,7240,-8488,10860,-39,173,-250,-13148,3784,6768,-983,93,-110,-13248,-6144,7016,-446,205,-173,0
3091.0908241271973,7600,7240,11572,-125,-105,45,7252,-8512,10804,-79,153,-237,-13216,3836,6804,-995,118,-78,-13344,-6128,6860,-436,146,-125,0
3091.1243429183965,7612,7268,11592,-169,-95,82,7280,-8516,10832,-56,123,-216,-13280,3972,6816,-986,123,-83,-13376,-6052,6852,-472,159,-122,0
3091.1575911045074,7600,7168,11572,-158,-55,112,7416,-8596,11000,-33,105,-208,-13256,3908,6796,-1042,140,-50,-13328,-5872,7152,-510,129,-67,0
3091.19081902504,7672,7168,11700,-121,-58,144,7320,-8628,10704,-33,93,-123,-13272,3844,6716,-1071,157,241,-13364,-6020,6984,-538,91,-105,0
3091.2241821289062,7636,7228,11684,-129,-26,152,7336,-8680,10652,-65,91,-117,-13292,4316,6864,-1054,127,-4,-13084,-6204,6976,-523,97,-114,0
3091.2576990127563,7500,7236,11720,-148,-18,122,7244,-8620,10664,-49,116,-121,-13304,3944,6876,-1031,140,-31,-13320,-6208,7104,-257,31,-145,0
3091.2913320064545,7624,7208,11816,-139,11,97,7336,-8676,10968,-39,173,-121,-13168,4008,6744,-1009,79,-6,-13288,-6048,6948,-487,92,-131,0
3091.330950975418,7640,7240,11620,-184,-19,114,7408,-8752,10968,-63,118,-156,-13256,4040,6836,-1028,137,-68,-13228,-6112,6932,-484,119,-116,0
3091.3648109436035,7500,7180,11732,-140,-67,74,7236,-8660,11004,-47,117,-201,-13180,3872,6852,-1048,108,-139,-13068,-6084,6900,-466,172,-134,0
3091.3979640007014,7652,7220,11560,-130,-130,77,7304,-8576,10796,-63,111,-258,-13252,3900,7072,-775,125,-107,-13280,-5940,7108,-479,210,-128,0
3091.431329011917,7576,7320,11536,-176,-174,88,7308,-8620,11000,-80,63,-254,-13532,3788,6784,-1070,196,-85,-13352,-6096,6960,-475,178,-54,0
3091.4648330211644,7556,7292,11692,-130,-69,112,7608,-8620,10956,-88,40,-227,-13392,3896,6884,-1044,209,-61,-13340,-6096,6944,-476,87,-102,0
3091.4984059333806,7628,7260,11948,-159,-53,148,7348,-8700,10616,7,81,-172,-13296,3972,6708,-1016,133,-22,-13300,-5916,6912,-505,82,-57,0
3091.5319211483,7624,7264,11584,-183,-34,180,7356,-8564,10752,-2,109,-100,-13336,3844,6816,-1044,123,35,-13312,-6176,6936,-536,34,-104,0
3091.565500974655,7552,7276,11644,-122,-21,130,7180,-8656,10828,-15,163,-82,-13200,3884,7060,-989,-63,-251,-13284,-6224,7044,-527,44,-146,0
3091.599065065384,7552,7284,11608,-159,-12,100,7332,-8464,10752,-33,230,-97,-13152,3904,6664,-1011,116,-254,-13320,-5928,6944,-461,38,-99,0
3091.6324911117554,7516,7216,11680,-166,49,74,7332,-8672,10508,-78,168,-126,-13232,3928,6856,-1018,100,-16,-13528,-6136,6980,-456,53,-134,0
3091.666134119034,7444,7368,11768,-173,-10,83,7348,-8772,10888,-76,163,-169,-13252,4056,6884,-1003,127,-61,-13304,-6196,7044,-432,104,-174,0
3091.69996714592,7220,7276,11736,-179,-9,61,7376,-8616,10792,-118,146,-207,-13204,3864,6768,-963,65,-59,-13188,-6036,7184,-444,116,-166,0
3091.7334990501404,7452,7252,11748,-185,-40,44,7028,-8680,10688,-71,196,-224,-13288,3988,6880,-985,45,-70,-13384,-6024,6896,-484,134,-154,0
3091.767091035843,7652,7264,11740,-167,-52,47,7372,-8604,10728,-47,164,-201,-13276,3956,6792,-982,69,-88,-13436,-6064,6928,-467,159,-197,0
3091.8006279468536,7560,7228,11460,-204,-99,58,7312,-8708,10712,-30,156,-201,-13264,3936,6776,-987,140,-61,-13228,-6068,7028,-448,117,-126,0
3091.8342189788814,7572,7256,11664,-192,-47,70,7284,-8936,10804,-66,168,-162,-13252,4048,6848,-1020,124,-63,-13268,-6076,7004,-462,100,-139,0
3091.86775803566,7648,7220,11548,-179,-33,101,7624,-8512,10992,-35,79,-170,-13284,4028,7108,-1042,130,-49,-13232,-6112,7076,-493,92,-124,0
3091.901031970978,7568,7256,11696,-140,-17,98,7288,-8684,10732,-35,136,-182,-13348,3952,7056,-1027,88,-42,-13252,-6088,7024,-475,113,-143,0
3091.9343049526215,7492,7288,11548,-157,-76,103,7320,-8684,10848,-41,153,-182,-13212,3972,6896,-998,97,-71,-13536,-5920,6912,-449,100,-120,0
3091.9678659439087,7428,7344,11680,-192,-72,111,7172,-8616,10884,-86,150,-199,-13152,3888,6644,-996,103,-43,-13252,-6088,6996,-479,94,-111,0
3092.0014431476593,7524,7336,11756,-230,-74,98,7284,-8488,10844,-71,125,-179,-13232,3884,6676,-591,-376,249,-13312,-5936,7016,-451,120,-89,0
3092.0375339984894,7440,7368,11608,-231,-54,62,7144,-8636,10868,-91,114,-210,-13220,4004,6964,-968,173,-31,-13184,-6116,7060,-424,130,-93,0
3092.073795080185,7604,7248,11792,-209,-57,84,7236,-8940,10824,-86,148,-184,-13244,3688,6860,-1003,95,-71,-13268,-6192,7344,-456,124,-131,0
3092.109260082245,7508,7288,11592,-209,-20,84,7248,-8748,10640,-72,143,-184,-13236,3912,6836,-993,118,-15,-13256,-6100,7000,-435,136,-121,0
3092.1444659233093,7436,7188,11716,-192,-47,101,7288,-8724,10620,-48,158,-189,-13136,3924,6740,-987,71,-86,-13220,-6136,7072,-475,156,-128,0
3092.1805391311646,7572,7220,11632,-154,-74,124,7228,-8464,10568,-23,165,-191,-13284,3988,7068,-1000,88,-76,-13272,-5896,6984,-493,178,-104,0
3092.21537899971,7616,7244,11740,-169,-69,124,7236,-8952,10872,248,149,-178,-13276,3968,7144,-1008,90,-128,-13304,-6132,7140,-474,185,-105,0
3092.250855922699,7544,7272,11524,-191,-97,129,7296,-8484,10808,-17,144,-215,-13216,3940,6888,-990,114,-106,-13200,-6200,6984,-449,187,-96,0
3092.2871599197388,7392,7348,11684,-209,-122,143,7364,-8696,10740,-40,129,-189,-13180,3960,6900,-952,150,-78,-13256,-6132,7160,-505,140,-68,0
3092.3224420547485,7612,7304,11828,-204,-97,166,7284,-8656,10868,-20,124,-177,-13272,4064,7016,-1029,87,-55,-13220,-6112,6928,-501,168,-88,0
3092.3587551116943,7560,7152,11704,-250,-141,165,7280,-8748,10724,25,152,-155,-13176,3952,6876,-1018,107,-91,-13240,-6124,6984,-499,172,-87,0
3092.3939509391785,7516,7248,11752,-192,-94,120,7320,-8920,10924,-7,129,-196,-13208,3912,6896,-986,79,-148,-13088,-6028,6940,-502,179,-120,0
3092.429687976837,7508,7324,11764,-234,-138,95,7372,-8476,10608,252,158,-229,-13232,3944,6668,-1014,109,-96,-13244,-6004,6916,-472,223,-86,0
3092.465045928955,7500,7268,11664,-177,-118,122,7352,-8712,10816,23,138,-195,-13164,3928,6888,-773,83,-161,-13232,-6068,6996,-497,201,-102,0
3092.5004389286046,7592,7284,11556,-107,-136,155,7296,-8684,10864,46,160,-122,-13192,3956,7068,-1031,61,-119,-13556,-6088,7108,-764,151,-129,0
3092.5359201431274,7412,7192,11544,-111,-78,130,7280,-8648,10824,35,146,-154,-13256,3924,7052,-1265,39,-142,-13364,-6228,7144,-494,157,-133,0
3092.5713131427765,7576,7212,11684,-153,-110,120,7364,-8624,10896,38,221,-217,-13184,3928,6836,-1009,8,-143,-13296,-6072,6872,-763,193,-110,0
3092.6077370643616,7504,7308,11700,-148,-156,90,7296,-8560,10924,21,151,-200,-13272,3936,6716,-1024,103,-119,-13072,-6108,6936,-505,209,-70,0
3092.6425580978394,7520,7312,11640,-217,-154,144,7228,-8716,10768,-11,70,-222,-13228,3940,6872,-1005,182,-104,-13292,-6032,7028,-479,218,-47,0
3092.679561138153,7548,7192,11720,-187,-197,192,7304,-8720,10552,-6,65,-217,-13208,3904,6648,-1020,181,-72,-13244,-6100,7032,-478,195,-44,0
3092.713110923767,7524,7144,11696,-190,-159,183,7404,-8512,10828,13,74,-197,-13264,3868,6812,-1266,167,-120,-13320,-5904,6988,-505,207,-35,0
3092.74689412117,7632,7408,11524,-197,-151,167,7344,-8712,10824,22,74,-196,-13184,3992,6684,-1019,123,-106,-13076,-6056,7032,-509,206,-49,0
3092.7804811000824,7568,7296,11660,-203,-176,179,7292,-8904,10828,5,115,-188,-13280,4056,6844,-992,133,-99,-13344,-6324,7116,-265,192,-87,0
3092.8138089179993,7576,7304,11728,-193,-149,150,7352,-8668,10704,25,123,-221,-13440,3852,6764,-1016,120,-105,-13240,-6060,6736,-493,174,-98,0
3092.8472850322723,7532,7256,11600,-191,-160,139,7248,-8668,10776,44,175,-179,-13276,3900,6928,-1025,50,-103,-13552,-5980,6928,-258,218,-123,0
3092.8806920051575,7508,7412,11724,-147,-174,153,7348,-8652,10872,45,159,-188,-13200,3984,6764,-1062,136,-141,-13356,-6152,7072,-257,176,-88,0
3092.9136729240417,7600,7196,11552,-189,-157,166,7352,-8576,10552,2,100,-199,-13200,3844,6784,-1272,158,-135,-13272,-6072,6984,-269,177,-79,0
3092.947406053543,7644,7220,11672,-203,-159,167,7324,-8608,10864,13,103,-199,-13276,3900,6736,-987,139,-80,-13276,-6152,6936,-509,197,-99,0
3092.9804980754852,7628,7232,11692,-177,-164,150,7320,-8624,10768,-32,76,-206,-13328,3888,6760,-975,116,-92,-13060,-6040,7032,-478,172,-123,0
3093.013792991638,7536,7412,11636,-167,-124,87,7368,-8652,10800,-49,129,-189,-13260,3876,6696,-1018,106,-92,-13252,-5992,7028,-482,135,-138,0
3093.047357082367,7680,7272,11552,-162,-45,81,7372,-8560,10852,-39,157,-132,-13060,4044,6760,-1029,94,-60,-13260,-6068,6944,-473,105,-138,0
3093.0807530879974,7424,6924,11696,-175,-255,67,7332,-8648,10816,-26,149,-156,-13296,3916,6688,-1043,92,-33,-13324,-6072,6936,-492,125,-167,0
3093.1143600940704,7732,7224,11552,-187,-53,68,7296,-8648,10908,-24,148,-131,-13232,3840,6860,-1042,72,-20,-13200,-6124,6904,-496,125,-153,0
3093.147711992264,7504,7252,11592,-116,30,91,7276,-8636,11000,-59,136,-138,-13248,3772,6848,-973,73,-92,-13308,-5896,6980,-507,110,-143,0
3093.181335926056,7656,7128,11668,-150,-42,82,7296,-8664,10996,-50,153,-171,-13152,3956,6828,-1004,74,-74,-13552,-5988,6868,-486,168,-120,0
3093.214921951294,7628,7144,11840,-167,-84,103,7240,-8908,10896,-35,101,-154,-13268,3964,6804,-1021,137,-33,-13064,-6016,6772,-485,148,-117,0
3093.248563051224,7572,7304,11736,-175,-36,125,7320,-8552,10896,-63,99,-138,-13272,3836,6724,-1031,116,-13,-13508,-6136,7024,-455,88,-99,0
3093.282119989395,7664,7356,11644,-223,-14,91,7332,-8620,10868,-110,155,-157,-13528,3916,7036,-1018,112,-4,-13304,-6116,6980,-439,62,-127,0
3093.3155291080475,7648,7260,11584,-241,7,81,7280,-8520,10936,-124,135,-160,-13244,3772,6696,-1001,97,-25,-13400,-5984,6856,-442,74,-110,0
3093.3492200374603,7624,7316,11300,-232,-10,76,7300,-8588,10800,-108,122,-177,-13556,3760,6824,-962,90,-29,-13196,-6060,6676,-441,113,-126,0
3093.382801055908,7584,7352,11632,-267,-12,67,7304,-8608,10924,-66,178,-198,-13224,3820,6932,-978,160,-5,-13348,-6052,6708,-415,159,-102,0
3093.4161801338196,7592,7208,11688,-249,-52,61,7236,-8596,10708,-115,103,-194,-13220,3928,6720,-958,126,-247,-13264,-6044,7064,-434,132,-95,0
3093.4499609470367,7512,7144,11748,-222,-41,106,7320,-8892,10932,-100,105,-195,-13200,3852,6704,-990,150,-15,-13200,-6068,6948,-454,142,-112,0
3093.4838309288025,7644,7112,11544,-218,-5,73,7336,-8808,10772,-55,108,-193,-13316,3968,6880,-1269,131,-67,-13284,-6064,7056,-456,127,-129,0
3093.5172579288483,7624,7176,11624,-215,-17,79,7308,-8664,10740,-78,133,-191,-13200,3924,6880,-1001,92,-62,-13344,-6044,7160,-425,158,-134,0
3093.5507450103764,7616,7260,11708,-250,-5,62,7276,-8588,10868,-113,108,-163,-13392,3680,7628,-836,141,5,-13388,-6076,6984,-451,131,-102,0
3093.584249019623,7476,7192,11708,-220,-15,75,7340,-8856,10948,-135,146,-159,-13196,3884,7300,-983,89,-13,-13236,-6024,7048,-441,97,-124,0
3093.6177089214325,7512,7160,11720,-184,-21,72,7412,-8820,10792,-84,137,-152,-13312,4204,6712,-988,92,-26,-13280,-6008,7020,-259,139,-100,0
3093.6511409282684,7456,7116,11700,-189,-41,116,7312,-8752,10804,-1,161,-148,-13172,3892,6852,-981,86,-118,-13240,-5904,7108,-499,158,-116,0
3093.6845140457153,7476,7276,11640,-161,-42,125,7660,-8772,10796,-38,135,-181,-13280,3892,6772,-996,109,-83,-13280,-6076,7004,-449,154,-149,0
3093.7211899757385,7644,7284,11996,-173,-46,54,7292,-8676,10896,-81,146,-241,-13268,4020,6792,-966,95,-142,-13168,-6120,7056,-467,157,-164,0
3093.7571909427643,7532,7132,11680,-176,-49,89,7312,-8948,10868,-33,155,-184,-13280,3920,6872,-975,77,-109,-13300,-6104,7136,-466,129,-133,0
3093.792154073715,7612,7316,11672,-140,-29,66,7220,-8620,10716,-38,202,-166,-13260,3992,6960,-1001,70,-70,-13332,-6068,7036,-490,91,-171,0
3093.827502012253,7544,7276,11668,-162,8,60,7440,-8544,10916,-69,203,-164,-13164,3616,6816,-984,62,-56,-13208,-6200,6976,-488,142,-152,0
3093.863202095032,7472,7248,11892,-205,-31,75,7348,-8644,10800,-86,178,-194,-13232,3932,6724,-987,77,-40,-13184,-6032,6976,-485,140,-109,0
3093.8989241123204,7668,7096,11616,-208,-58,95,7240,-8928,10600,-21,159,-164,-13228,4008,6784,-1050,125,-98,-13200,-5988,7012,-484,189,-138,0
3093.9343860149384,7492,7020,11748,-172,-113,95,7272,-8720,10692,41,358,-242,-13260,3892,6524,-985,131,-131,-13188,-6056,7088,-466,178,-100,0
3093.970226049423,7232,7192,11844,-173,-40,107,7304,-8740,10776,-3,135,-203,-13180,3856,6884,-1008,101,-119,-13236,-6048,6928,-524,193,-70,0
3094.0054581165314,7556,7168,11640,-169,-128,153,7288,-8736,10820,5,121,-179,-13180,4036,6776,-1055,98,-94,-13380,-6056,6964,-505,213,-52,0
3094.040761947632,7552,7200,11680,-188,-107,188,7300,-8728,10816,8,154,-195,-13268,3912,6688,-1003,79,-137,-13312,-6112,7028,-483,178,-101,0
3094.0771119594574,7544,7264,11784,-199,-114,146,7304,-8720,10848,-38,152,-189,-13276,3864,6824,-1002,62,-142,-13348,-6124,6912,-509,182,-94,0
3094.1119430065155,7552,7312,11616,-193,-141,130,7312,-8716,10860,5,150,-177,-13216,3924,6816,-1017,93,-161,-13328,-6072,6952,-475,236,-119,0
3094.147658109665,7672,7236,11652,-167,-120,107,7320,-8708,10876,53,182,-200,-13200,3924,6872,-999,103,-166,-13292,-6068,7008,-476,225,-104,0
3094.1827671527863,7508,7276,11652,-199,-160,113,7332,-8616,10856,26,175,-212,-13168,3924,6744,-976,37,-180,-13320,-6096,6908,-503,233,-122,0
3094.2175650596614,7528,7212,11656,-171,-180,136,7656,-8580,10836,56,178,-216,-13204,4092,6488,-1002,56,-197,-13244,-6036,6864,-513,212,-102,0
3094.253304004669,7588,7212,11672,-176,-201,133,7400,-8684,10756,74,161,-218,-13272,3892,6724,-1037,89,-143,-13452,-6204,6740,-512,240,-89,0
3094.2892451286316,7648,7200,11676,-181,-156,126,7236,-8592,10896,36,146,-221,-13196,3848,6980,-1015,157,-123,-13336,-6128,6904,-491,203,-91,0
3094.3245160579686,7544,7208,11624,-184,-129,152,7280,-8596,10688,12,101,-183,-13252,3988,6740,-771,153,-60,-13296,-6048,6984,-520,167,-68,0
3094.361228942871,7612,7116,11700,-152,-100,205,7332,-8608,10884,58,83,-153,-13208,4072,6888,-1043,181,-115,-13340,-5992,6920,-553,207,-50,0
3094.394705057144,7704,7140,11584,-137,-150,196,7624,-8776,10496,40,65,-150,-13272,4044,6660,-1072,113,-68,-13316,-6012,7028,-569,212,-53,0
3094.4283440113068,7456,7060,11668,-142,-137,228,7300,-8912,10504,35,69,-165,-13376,3968,6800,-1084,179,-80,-13440,-6032,6780,-553,191,-17,0
3094.461869955063,7624,7148,11672,-178,-174,232,7360,-8780,10816,39,66,-177,-13216,3920,6688,-1056,150,-119,-13252,-6080,6952,-515,189,-61,0
3094.495119094848,7640,7136,11584,-189,-168,205,7176,-8672,10896,43,96,-175,-13156,3872,6672,-1047,104,-159,-13240,-6024,6952,-522,215,-114,0
3094.5287449359894,7564,7228,11636,-178,-162,143,7196,-8660,10528,33,136,-200,-13268,3640,6820,-1018,132,-124,-13100,-6080,7112,-504,203,-138,0
3094.562336921692,7672,7144,11624,-184,-158,91,7208,-8592,10884,3,164,-222,-13200,3732,6860,-933,58,-135,-13224,-6104,6848,-458,136,-185,0
3094.5956630706787,7532,7268,11652,-164,-110,51,7348,-8436,10776,-61,189,-244,-13316,3728,6980,-957,51,-92,-13280,-6176,6832,-457,114,-213,0
3094.629270076752,7576,7264,11612,-143,-55,-39,7344,-8596,10904,-49,212,-222,-13188,3796,6848,-992,33,-120,-13300,-6108,6848,-432,112,-235,0
3094.6625120639806,7632,7296,11688,-207,-55,-8,7256,-8612,10944,-20,195,-174,-13204,4044,7068,-995,33,-79,-13372,-6132,7036,-472,107,-170,0
3094.6960420608525,7552,7248,11692,-145,32,40,7260,-8536,10808,-82,164,-148,-13212,4080,6712,-999,87,-11,-13332,-6092,7144,-516,96,-109,0
3094.729907989502,7564,7272,11520,-203,-51,114,7280,-8628,10924,-110,78,-166,-13244,3936,6856,-1007,162,21,-13128,-5948,6968,-494,116,-85,0
3094.7636880874634,7592,7120,11704,-141,-29,195,7388,-8660,10848,-100,70,-100,-13268,4268,6464,-978,122,52,-13092,-6076,6920,-525,73,-42,0
3094.7972440719604,7568,7232,11544,-139,4,216,7408,-8648,10744,-89,85,-34,-13228,3924,6804,-1047,105,28,-13408,-6024,6872,-539,4,-109,0
3094.8308420181274,7560,7156,11508,-129,77,137,7284,-8668,10764,-72,145,-47,-13296,3884,6692,-1007,80,8,-13164,-6116,6888,-504,13,-194,0
3094.864254951477,7548,7236,11812,-107,91,71,7416,-8640,10796,-79,191,-102,-13252,4076,6884,-989,18,228,-13244,-6156,6960,-500,51,-199,0
3094.897504091263,7564,7196,11636,-128,63,8,7288,-8672,10848,-63,228,-125,-13240,3600,6808,-949,-19,-41,-13296,-5992,6972,-484,81,-196,0
3094.9313030242924,7532,7184,11616,-178,-252,36,7284,-8640,10916,-76,179,-209,-13272,3864,6768,-980,104,-42,-13272,-6400,6708,-462,146,-138,0
3094.964872121811,7488,7392,11684,-209,-66,55,7300,-8732,10672,-116,80,-510,-13244,4028,6980,-917,78,-132,-13460,-6116,7024,-451,160,-131,0
3094.9981441497803,7612,7136,11600,-186,-57,62,7240,-8700,10884,-105,77,-243,-13252,3996,6740,-878,-15,-54,-13376,-6104,7000,-464,136,-117,0
3095.0317389965057,7504,6928,11600,-201,-64,75,7264,-8728,10892,-82,104,-179,-13352,4000,6852,-778,162,-22,-13376,-5992,7004,-485,139,-91,0
3095.065489053726,7636,7400,11788,-156,-27,121,7240,-8732,10720,-69,78,-151,-13312,3936,6868,-1060,124,-1,-13208,-6036,6964,-506,128,-147,0
3095.0991570949554,7536,7192,11564,-161,255,102,7244,-8588,10988,-79,103,-196,-13152,4048,6852,-1050,98,-44,-13392,-6292,6976,-471,103,-131,0
3095.1324889659886,7512,6928,11712,-175,16,51,7356,-8664,10732,-87,150,-199,-13520,3848,7056,-1005,99,-71,-13268,-6176,6964,-448,103,-176,0
3095.1658339500427,7660,7320,11588,-175,32,41,6940,-8620,10820,-46,184,-171,-13216,3840,6864,-988,45,-30,-13264,-6160,6876,-477,86,-196,0
3095.199200153351,7608,7280,11764,-138,23,16,7260,-8620,10776,-99,222,-160,-13228,3848,6872,-938,-16,-38,-13168,-6156,7136,-480,127,-210,0
3095.232903003692,7600,7284,11708,-199,-47,59,7316,-8580,10868,-59,170,-210,-13240,3836,6696,-953,28,-94,-13180,-6188,6928,-478,179,-122,0
3095.2666370868683,7560,7244,11648,-216,-109,84,7244,-8608,10808,-75,114,-231,-13256,3856,6536,-957,187,-94,-13232,-6088,7120,-478,196,-75,0
3095.3000819683075,7600,7252,11608,-189,-102,100,7368,-8580,10732,-68,243,-106,-13272,3700,6296,-1032,330,-99,-13308,-6080,6964,-446,179,-41,0
3095.3337421417236,7640,7212,11672,-153,-39,163,7360,-8836,10760,-99,43,-172,-13508,3988,6744,-1005,177,-38,-13376,-6000,6932,-492,131,-99,0
3095.367285013199,7576,7080,11652,-168,1,124,7284,-8872,10736,-35,122,-111,-13332,3944,6828,-1049,31,-253,-13240,-6108,7068,-526,116,-131,0
3095.403561115265,7572,7292,11724,-170,12,135,7812,-8556,10856,-52,140,-117,-13296,3856,6832,-1059,95,-50,-13232,-6236,6924,-553,93,-168,0
3095.43909406662,7532,7188,11752,-134,9,95,7244,-8628,10836,-37,157,-128,-13064,3932,6852,-776,53,-55,-13244,-5932,6968,-482,100,-141,0
3095.4740200042725,7576,7180,11512,-155,-4,51,7276,-8704,10724,-36,158,-169,-13176,3864,6680,-975,45,-59,-13288,-6296,7052,-453,117,-169,0
3095.5092320442204,7504,7324,11740,-168,-27,53,7252,-8548,10748,-59,176,-186,-13204,3844,6828,-968,5,-92,-13088,-6208,7032,-445,131,-200,0
3095.5439231395726,7500,7260,11712,-150,-47,31,7312,-8704,10652,-54,220,-189,-13132,3956,6844,-961,39,-47,-13232,-6080,7036,-465,133,-148,0
3095.579872131348,7528,7196,11696,-199,-49,69,7176,-8604,10832,-43,161,-220,-13192,3880,6896,-952,43,-131,-13228,-6080,6912,-488,204,-98,0
3095.6150851249695,7600,7152,11708,-187,-104,136,7272,-8732,10860,15,155,-207,-13120,3984,6848,-1018,110,-80,-13268,-5988,6956,-500,213,-89,0
3095.6505241394043,7476,7196,11748,-202,-171,167,7344,-8636,10796,36,116,-216,-13200,3892,6788,-1020,122,-139,-13172,-6176,7108,-266,221,-66,0
3095.6855421066284,7496,7300,12020,-161,-127,173,7248,-8740,10868,-23,127,-212,-13228,3916,6860,-1015,124,-139,-13336,-6176,6996,-264,190,-82,0
3095.7217559814453,7588,7136,11880,-173,-116,133,7240,-8664,10844,-26,146,-153,-13236,4104,6800,-1002,128,-85,-13228,-6092,6932,-532,148,-79,0
3095.758005142212,7476,7292,11864,-173,-84,150,7236,-8616,10568,11,93,-172,-13136,3884,6880,-1278,155,-126,-13252,-6112,6924,-516,194,-18,0
3095.79345703125,7604,7304,11620,-166,-118,209,7360,-8664,10796,11,67,-166,-13244,3856,6760,-997,203,-93,-13244,-6092,6888,-257,198,-23,0
3095.8294761180878,7552,7216,11788,-202,-142,207,7272,-8668,10796,9,100,-178,-13112,4052,6800,-964,171,-80,-13072,-5916,6684,-481,203,-50,0
3095.8645980358124,7600,7252,11708,-226,-148,162,7660,-8884,10992,-19,110,-192,-13276,3856,6796,-996,130,-141,-13268,-5968,6912,-259,208,-61,0
3095.900321006775,7500,7192,11752,-196,-154,184,7372,-8752,10516,11,105,-210,-13508,3960,6784,-1011,125,-103,-13288,-6180,6872,-461,182,-71,0
3095.9360749721527,7600,7216,11672,-170,-123,116,7272,-8932,10928,16,133,-217,-13268,3924,6816,-996,62,-138,-13336,-6136,7008,-489,178,-108,0
3095.971873044968,7548,7208,11928,-208,-117,91,7340,-8724,10864,20,218,-203,-13128,3880,6768,-955,44,-152,-13216,-6120,6952,-469,219,-105,0
3096.0082309246063,7592,7224,11724,-215,-160,122,7296,-8852,10896,17,184,-203,-13164,3848,6880,-1020,126,-107,-13304,-6100,6872,-477,195,-48,0
3096.045207977295,7640,7224,11604,-173,-132,136,7276,-8672,10816,-4,83,-211,-13192,3932,6784,-1277,149,-87,-13324,-6092,6892,-513,163,-70,0
3096.0786800384526,7616,7112,11704,-188,-173,199,7296,-8684,10888,50,63,-213,-13192,3948,6844,-1079,137,-153,-13224,-6080,6832,-523,207,-81,0
3096.1121299266815,7612,7132,11680,-171,-168,171,7284,-8548,10852,59,40,-209,-13184,3972,6984,-1050,140,-78,-13352,-6068,7004,-525,173,-37,0
3096.145523071289,7660,7388,11648,-139,-151,179,7184,-8696,10868,10,53,-192,-13312,3960,7052,-1036,195,-94,-13272,-5980,7048,-538,199,-44,0
3096.1791820526123,7428,7400,11880,-208,-179,188,7280,-8648,10808,10,17,-177,-13260,3924,6552,-1052,241,-101,-13332,-6024,6964,-505,196,-41,0
3096.212361097336,7572,7128,11488,-200,-123,188,7388,-8656,10760,-15,71,-143,-13236,3896,6824,-1031,136,-41,-13568,-6112,6968,-472,83,-29,0
3096.246011018753,7708,7176,11624,-194,-90,190,7384,-8608,10964,-35,114,-91,-13144,3928,6748,-962,82,255,-13556,-6028,6912,-480,61,-125,0
3096.279685020447,7540,7312,11532,-199,-58,132,7240,-8460,10760,-27,134,-137,-13200,3892,6860,-988,51,-90,-13228,-6360,6880,-521,142,-129,0
3096.3131260871887,7540,6920,11748,-128,-94,64,7360,-8604,10956,-23,171,-193,-13104,3944,6672,-986,37,-86,-13292,-6220,6904,-507,177,-180,0
3096.3492529392242,7724,7172,11560,-140,-59,41,7320,-8564,10956,-39,157,-225,-13236,3956,6420,-1002,111,-47,-13260,-6068,6788,-459,170,-137,0
3096.383234977722,7560,6980,11296,-177,-44,58,7312,-8568,10804,-57,139,-236,-13160,3864,6760,-1006,151,-110,-13224,-5968,6900,-457,168,-116,0
3096.4167959690094,7620,7188,11640,-136,-58,65,7356,-8644,10712,-84,130,-225,-13332,3872,6724,-769,142,-122,-13268,-6032,6936,-473,165,-123,0
3096.4506130218506,7724,7188,11604,-115,-12,64,7324,-8512,10996,-57,122,-177,-13524,3944,6732,-1029,111,-46,-13444,-6056,6964,-476,144,-132,0
3096.484221935272,7888,7408,11672,-132,15,107,7304,-8640,10848,-43,141,-148,-13280,3952,6768,-1033,82,-24,-13308,-6192,7004,-488,107,-149,0
3096.517701148987,7548,7188,11508,-157,-252,74,7332,-8584,10856,-91,184,-114,-13288,3788,6772,-999,94,-10,-13268,-6124,6928,-451,95,-148,0
3096.551209926605,7524,7404,11560,-166,5,44,7292,-8576,10908,-126,201,-161,-13148,3784,6868,-999,49,-54,-13296,-6140,6880,-434,70,-156,0
3096.5845839977264,7268,7344,11620,-187,9,32,7216,-8712,10804,-104,212,-176,-13468,3676,6868,-942,45,-80,-13284,-6160,6892,-442,95,-157,0
3096.6183030605316,7552,7340,11604,-209,-24,36,7204,-8524,10800,-103,171,-203,-13264,3944,6752,-976,74,-33,-13188,-6164,6972,-486,123,-164,0
3096.6516399383545,7600,7192,11752,-171,-19,47,7316,-8580,10804,-86,140,-190,-13196,3856,6632,-1041,132,-20,-13320,-5976,6764,-467,147,-111,0
3096.6852259635925,7644,7400,11604,-176,-48,91,7392,-8624,10724,-68,116,-220,-13248,3924,6876,-979,135,-80,-13308,-6064,7020,-475,175,-111,0
3096.7186291217804,7844,7312,11524,-160,-2,102,7276,-8640,10904,-80,80,-194,-13280,4064,6812,-1000,188,-53,-13396,-5980,6956,-493,103,-121,0
3096.751970052719,7884,7144,11768,-144,-249,99,7328,-8792,10984,-42,110,-142,-13336,4084,6660,-770,96,-33,-13076,-6064,6944,-527,77,-158,0
3096.7855291366577,7592,6928,11636,-169,-16,98,7384,-8744,10772,31,127,-123,-13308,3880,6844,-1067,7,-28,-13312,-6060,7112,-265,84,-189,0
3096.819249153137,7648,7360,11700,-103,35,87,7388,-8632,10972,-68,200,-111,-13296,3844,6800,-772,-21,-10,-13372,-6108,6896,-508,85,-187,0
3096.852788925171,7628,7284,11512,-158,-19,45,7412,-8612,10888,-75,212,-160,-13256,3828,6844,-983,51,-99,-13224,-6088,6828,-451,84,-199,0
3096.885980129242,7544,7208,11532,-189,249,33,7232,-8568,10968,-47,175,-184,-13184,3840,6928,-980,50,-60,-13296,-6036,6848,-451,125,-162,0
3096.9197170734406,7564,7236,11528,-182,-29,46,7236,-8672,10908,-65,166,-182,-13400,3960,6920,-1008,66,-32,-13236,-6336,6944,-477,110,-157,0
3096.9533610343933,7604,7380,11576,-168,249,71,7212,-8604,10892,-67,157,-193,-13212,3904,6776,-1008,89,-3,-13192,-6240,6884,-514,130,-170,0
3096.987153053284,7536,7264,11536,-140,248,69,7248,-8944,10556,-65,154,-175,-13220,4000,7052,-987,47,-54,-13224,-6400,6928,-500,137,-144,0
3097.02059006691,7456,7268,11600,-164,-55,105,7204,-8648,10672,-47,146,-148,-13212,3928,6800,-1006,77,-116,-13280,-6400,6912,-528,101,-126,0
3097.0538890361786,7480,7376,11724,-157,-69,130,7272,-8636,10868,-12,135,-178,-13124,4056,6796,-1048,139,-104,-13268,-6072,6972,-766,121,-128,0
3097.0912981033325,7544,7400,11672,-130,-24,119,7256,-8712,10784,-50,227,-12,-13264,4068,6592,-954,159,-14,-13284,-6092,6980,-259,107,-95,0
3097.127170085907,7428,7192,11684,-144,-27,122,7260,-8752,10700,-24,71,-166,-13276,4008,6832,-1006,149,-32,-13272,-6076,7156,-501,111,-126,0
3097.1624190807343,7548,7212,11728,-143,-29,116,7280,-8700,10860,-21,110,-184,-13256,3980,6688,-999,89,-90,-13284,-6076,7092,-485,158,-121,0
3097.1987540721893,7628,7296,11364,-179,-70,107,7288,-8640,10988,-30,127,-175,-13232,3968,6752,-990,107,-38,-13204,-6080,7132,-500,141,-127,0
3097.2339510917664,7488,7124,11556,-182,-39,96,7300,-8652,10876,-63,137,-197,-13236,3892,6784,-990,117,-99,-13220,-6340,6672,-476,138,-152,0
3097.2693819999695,7548,7180,11528,-199,-16,68,7292,-8676,10776,-40,189,-215,-13268,3844,6832,-1031,96,-88,-13120,-6100,6880,-456,125,-153,0
3097.304983139038,7528,7356,11572,-194,-49,79,7368,-8456,10804,-30,163,-178,-13300,3984,6836,-997,35,-63,-13228,-6336,6956,-483,149,-123,0
3097.3408761024475,7424,7284,11652,-221,-78,88,7300,-8940,10864,6,166,-214,-13204,4004,6600,-971,119,-94,-13288,-6216,6980,-484,161,-89,0
3097.3760590553284,7408,7376,11712,-214,-130,139,7188,-8632,10896,38,127,-210,-13140,3900,6848,-1001,113,-111,-13196,-6196,6848,-514,206,-57,0
3097.4124290943146,7184,7304,11696,-216,-191,159,7376,-8640,10848,-40,88,-246,-13216,3924,6932,-989,132,-138,-13284,-6088,6912,-479,202,-56,0
3097.4475820064545,7532,7328,11636,-166,-196,197,7252,-8660,10688,-76,105,-189,-13512,4032,6680,-1014,138,-65,-13536,-6100,6728,-516,178,-51,0
3097.4835529327393,7636,7156,11608,-209,-139,224,7288,-8648,10504,23,89,-160,-13256,3992,6888,-1049,149,-92,-13208,-6152,6936,-523,167,-57,0
3097.5192580223083,7524,7300,11568,-242,-144,213,7384,-8884,10896,46,122,-145,-13296,3952,6820,-1036,147,-96,-13272,-6176,6988,-496,148,-58,0
3097.5545670986176,7488,7300,11688,-213,-96,173,7392,-8644,10788,17,165,-186,-13292,3856,6684,-1001,112,-87,-13224,-5904,6932,-489,191,-55,0
3097.5896899700165,7640,7204,11864,-511,-164,191,7264,-8512,10816,28,89,-215,-13316,3952,6864,-1022,167,-149,-13516,-5992,7120,-488,206,-13,0
3097.625335931778,7676,7156,11520,-208,-183,197,7372,-8564,10716,28,56,-191,-13280,3960,6840,-1028,148,-107,-13300,-6108,6932,-490,179,-58,0
3097.661082983017,7928,7220,11880,-207,-197,224,7428,-8660,10764,17,91,-197,-13480,3844,6696,-1009,138,-84,-13200,-6096,7044,-477,127,-57,0
3097.69620013237,7520,7256,11644,-200,-145,171,7272,-8736,10968,28,105,-202,-13328,3916,6748,-1002,132,-173,-13216,-6136,7028,-257,159,-88,0
3097.732810020447,7516,6980,11536,-216,-116,147,7332,-8660,10768,35,103,-210,-13120,3912,6784,-1276,140,-136,-13076,-6068,7032,-522,211,-79,0
3097.766376018524,7636,7100,11748,-198,-202,162,7236,-8728,10900,73,109,-239,-13212,3944,6720,-1043,126,-125,-13300,-6080,6920,-485,222,-69,0
3097.7998769283295,7600,7248,11616,-213,-170,167,7248,-8452,10652,21,68,-237,-13220,3884,7068,-1011,163,-103,-13276,-6152,6892,-465,212,-62,0
3097.8334169387817,7612,7412,11716,-206,-179,160,7360,-8640,10984,-33,82,-229,-13240,3936,6804,-976,164,-115,-13312,-6048,6948,-458,197,-64,0
3097.867274045944,7648,7136,11408,-209,-140,124,7340,-8600,10884,-34,68,-221,-13096,3920,6452,-955,165,-137,-13268,-6000,6836,-495,156,-100,0
3097.9004130363464,7668,7420,11496,-175,-113,120,7396,-8620,10904,-20,146,-211,-13432,3840,6768,-1015,106,-42,-13268,-6108,7160,-503,145,-144,0
3097.933916091919,7480,7392,11588,-168,-59,87,7364,-8600,10980,-80,127,-186,-13204,3900,6564,-961,91,-13,-13420,-6068,7068,-467,126,-151,0
3097.9675459861755,7732,7260,11636,-180,-14,61,7248,-8544,10784,-64,151,-173,-13296,4084,6796,-1001,96,-26,-13352,-6012,6992,-471,120,-160,0
3098.000972032547,7616,7196,11704,-191,2,63,7316,-8620,10896,-69,172,-168,-13456,3956,6880,-1003,85,-58,-13364,-6000,6692,-498,131,-152,0
3098.0345261096954,7688,7188,11576,-130,-251,80,7308,-8636,10912,-52,160,-151,-13288,3908,6724,-1010,78,-52,-13224,-6344,6916,-513,129,-140,0
3098.067968130112,7576,7168,11572,-126,25,106,7364,-8612,10736,-71,143,-177,-13208,3880,6816,-1048,113,-17,-13244,-6120,6924,-493,130,-162,0
3098.1012749671936,7492,6976,11584,-150,250,104,7304,-8620,10808,-78,158,-169,-13276,4092,6700,-992,113,-35,-13260,-6400,7100,-471,169,-136,0
3098.1345500946045,7652,7236,11636,-190,-6,94,7268,-8644,10832,-79,146,-176,-13284,3848,6780,-966,85,-75,-13300,-5956,7156,-449,123,-157,0
3098.168133020401,7448,7292,11588,-169,2,97,7324,-8684,10848,-91,133,-169,-13240,3932,6712,-1010,81,-52,-13516,-6024,6964,-510,124,-157,0
3098.201637029648,7568,6924,11636,-188,-24,70,7340,-8708,10888,-47,140,-166,-13172,3884,6856,-1005,75,-32,-13220,-6180,6860,-485,142,-152,0
3098.2352499961853,7536,7296,11736,-154,9,58,7356,-8596,10880,-53,148,-190,-13184,3812,6704,-1001,96,-26,-13344,-6140,7016,-468,101,-162,0
3098.268762111664,7708,7240,11604,-145,-256,53,7412,-8664,10800,-62,144,-177,-13352,3880,6748,-984,68,-90,-13328,-6096,6940,-492,127,-149,0
3098.3022310733795,7604,7212,11584,-161,-12,53,7188,-8716,10644,-47,163,-181,-13172,3924,6756,-1032,48,-69,-13268,-6024,6884,-490,130,-132,0
3098.3356499671936,7612,7212,11680,-149,-255,94,7320,-8684,10984,-60,150,-126,-13236,3900,6696,-995,70,255,-13348,-6136,6960,-474,82,-141,0
3098.3692460060124,7580,7172,11700,-144,31,90,7260,-8700,10600,-53,132,-121,-13280,3884,6860,-1017,94,-3,-13376,-5936,7136,-486,87,-153,0
3098.4028351306915,7628,7288,11740,-188,2,70,7332,-8644,10752,-78,154,-136,-13276,3912,6800,-962,87,-63,-13068,-6172,7052,-510,76,-147,0
3098.436212062836,7616,7296,11632,-157,1,67,7292,-8684,10824,-35,175,-157,-13284,3960,6820,-1036,83,-81,-13228,-6172,7016,-496,113,-149,0
3098.4699759483337,7588,7272,11820,-179,-30,53,7432,-8664,10652,-51,142,-185,-13216,3864,6808,-1018,99,-76,-13152,-6112,6908,-501,162,-144,0
3098.5034761428833,7652,7248,11688,-179,-55,76,7340,-8856,10832,-63,121,-164,-13224,3888,6800,-996,93,-48,-13224,-6116,6844,-473,137,-162,0
3098.5370569229126,7532,7240,11732,-167,-75,76,7248,-8660,10548,-76,128,-197,-13096,3968,6904,-1018,101,-25,-13192,-6200,6888,-485,128,-161,0
3098.5704679489136,7548,7272,11636,-168,255,77,7232,-8704,10792,-52,118,-171,-13236,3904,6800,-1001,110,-51,-13284,-6116,6872,-466,150,-143,0
3098.603852033615,7636,7212,11604,-173,-58,71,7324,-8700,10848,-48,144,-176,-13064,3928,6712,-1010,82,-74,-13088,-6136,7000,-498,142,-109,0
3098.6372740268707,7532,7328,11624,-176,-80,118,7220,-8640,10780,-81,127,-182,-13156,3936,6792,-1007,98,-57,-13216,-6140,7032,-474,133,-96,0
3098.6708290576935,7616,7152,11520,-137,-61,104,7248,-8772,10820,-105,129,-167,-13224,3892,6676,-1004,114,-39,-13292,-6168,6984,-490,97,-127,0
3098.704164981842,7552,7260,11664,-181,-7,73,7452,-8692,10808,-59,129,-183,-13272,3964,6772,-1015,72,-47,-13228,-6016,6948,-485,123,-154,0
3098.737534046173,7616,7220,11668,-177,-73,113,7348,-8712,10644,4,106,-154,-13496,3988,6748,-1114,179,-88,-13148,-6372,6996,-497,193,-87,0
3098.774593114853,7536,7252,11728,-135,-67,140,7304,-8932,10832,-64,96,-199,-13248,3832,6804,-1027,125,-96,-13104,-6140,7012,-515,165,-104,0
3098.81032705307,7520,7284,11772,-169,-100,110,7412,-8700,10732,-13,117,-201,-13232,3964,6688,-1005,102,-104,-13384,-6084,6964,-466,144,-128,0
3098.8455359935765,7572,7252,11760,-152,-79,130,7172,-8760,10948,-43,143,-160,-13244,3940,6736,-971,44,-37,-13108,-6080,7056,-468,114,-100,0
3098.881837129593,7560,7244,11812,-163,-21,130,7264,-8552,10732,-62,122,-156,-13196,3588,6728,-1013,131,-52,-13288,-6148,6904,-470,152,-121,0
3098.9181060791016,7484,7228,11684,-134,-29,85,7300,-8652,10836,-55,152,-151,-13212,3900,6944,-1002,114,-86,-13264,-6172,6996,-511,129,-164,0
3098.953063964844,7504,7172,11636,-202,-66,81,7012,-8604,10756,-23,166,-171,-13304,3948,6660,-990,43,-98,-13264,-6124,7000,-466,178,-151,0
3098.9886820316315,7580,7308,11668,-178,-55,76,7280,-8480,10656,-34,141,-195,-13248,4324,6780,-1000,108,-59,-13172,-6156,7064,-468,162,-100,0
3099.0243849754333,7428,7272,11668,-204,-87,100,7284,-8656,10508,-56,122,-210,-13244,3908,6704,-1004,148,-142,-13200,-6052,6976,-490,181,-55,0
3099.0601150989532,7592,7164,11768,-166,-106,113,7188,-8644,10812,-40,109,-190,-13252,3936,6788,-1033,84,-67,-13300,-6120,7076,-483,195,-100,0
3099.095062017441,7568,7212,11288,-178,-39,97,7300,-8760,10880,-24,125,-173,-13292,3984,6736,-1012,82,-75,-13256,-6188,7000,-485,167,-115,0
3099.131155014038,7640,7364,11772,-180,-67,118,7320,-8648,10920,-57,114,-176,-13208,3896,7000,-1009,112,-47,-13420,-6100,6988,-484,140,-126,0
3099.1662299633026,7524,7192,11596,-171,-50,118,7176,-8948,10820,-47,159,-176,-13284,3908,6764,-1011,83,-111,-13296,-6200,6900,-487,144,-96,0
3099.2017381191254,7464,7276,11620,-209,-62,116,7308,-8684,10712,-29,152,-163,-13244,3968,7156,-1010,97,-105,-13228,-6084,7164,-499,159,-86,0
3099.2380170822144,7528,7164,11880,-219,-114,128,7316,-8692,10800,-22,123,-195,-13272,3900,6792,-1009,98,-62,-13500,-5892,6944,-480,206,-87,0
3099.2731981277466,7268,7352,11796,-201,-110,149,7248,-8680,10888,-18,107,-203,-13276,3952,6760,-1005,137,-127,-13268,-5900,6708,-473,207,-76,0
3099.3092179298405,7576,7392,11728,-228,-111,149,7264,-8688,10888,-14,148,-176,-13180,3944,6696,-960,115,-87,-13268,-6396,6832,-461,196,-92,0
3099.344509124756,7532,7404,11620,-201,-130,109,7248,-8628,10760,-13,137,-201,-13164,3896,7080,-992,94,-131,-13232,-6088,7068,-495,209,-65,0
3099.380532026291,7636,7284,11596,-198,-144,140,7328,-8624,10816,-8,89,-206,-13316,3904,6888,-1014,132,-97,-13388,-6144,6976,-489,195,-58,0
3099.4167771339417,7584,7348,11468,-211,-115,160,7260,-8692,10776,-16,135,-187,-13292,3892,6852,-1031,114,-105,-13288,-6092,6896,-461,210,-72,0
3099.4504549503326,7520,7176,11616,-198,-150,151,7332,-8696,10856,21,122,-199,-13204,3916,6792,-1002,146,-136,-13360,-6180,6976,-490,196,-78,0
3099.483958005905,7632,7208,11712,-190,-129,141,7340,-8652,10804,16,125,-218,-13228,3880,6532,-1002,126,-101,-13264,-6084,6924,-755,201,-91,0
3099.5174109935765,7616,7144,11624,-194,-160,160,7336,-8580,10992,9,122,-224,-13224,3912,6688,-1004,132,-109,-13344,-6036,6992,-469,193,-97,0
3099.5511000156403,7524,7236,11524,-205,-177,156,7404,-8628,10960,-4,111,-222,-13268,3988,6836,-1280,133,-137,-13228,-6328,7120,-466,192,-76,0
3099.584119081497,7584,7188,11748,-195,-180,164,7344,-8672,10896,32,133,-202,-13280,3876,6696,-995,102,-139,-13524,-6080,6916,-488,198,-79,0
3099.617644071579,7668,7232,11692,-227,-163,161,7384,-8580,10944,39,115,-187,-13276,4020,6748,-1014,120,-128,-13068,-6096,7116,-482,194,-64,0
3099.650960922241,7444,7208,11616,-216,-167,138,7352,-8608,10832,24,88,-210,-13336,3940,6928,-1007,138,-95,-13452,-6052,6792,-463,204,-97,0
3099.6844210624695,7624,7196,11744,-221,-159,167,7344,-8624,10956,243,98,-187,-13324,3988,6752,-997,139,-145,-13364,-5912,7108,-474,145,-69,0
3099.7179341316223,7492,7060,11748,-188,-140,147,7312,-8616,10724,-3,116,-172,-13548,3992,6772,-993,85,-92,-13228,-6068,6772,-494,152,-104,0
3099.7514839172363,7568,7128,11792,-251,-165,140,7236,-8916,10560,28,94,-203,-13268,3868,6820,-1053,119,-72,-13320,-6156,6824,-466,163,-83,0
3099.7849309444427,7608,7340,11484,-190,-118,138,7424,-8532,10864,-255,112,-192,-13248,3788,6756,-999,107,-56,-13236,-6180,6816,-487,173,-101,0
3099.8183910846706,7620,7184,11752,-188,-154,123,7356,-8692,10884,-33,121,-222,-13392,3860,6804,-980,135,-98,-13320,-5936,6996,-493,215,-72,0
3099.8518819808965,7544,7176,11584,-217,-161,168,7360,-8692,10756,-256,111,-198,-13388,3988,6712,-1022,141,-118,-13384,-6016,6952,-467,206,-83,0
3099.8852620124817,7612,7228,11632,-204,-157,175,7400,-8548,10800,25,103,-161,-13296,3944,6760,-1002,122,-38,-13384,-6100,6856,-484,119,-99,0
3099.918652057648,7564,7120,11712,-204,-81,120,7376,-8668,10868,11,145,-161,-13316,3904,6824,-1049,103,-38,-13236,-6156,6916,-478,119,-114,0
3099.9522111415863,7564,7280,11772,-200,-98,105,7292,-8620,10940,-41,112,-189,-13216,4016,6724,-998,70,-118,-13268,-6072,6832,-510,150,-146,0
3099.9855070114136,7624,7124,11532,-135,-125,106,7336,-8712,10864,-7,142,-203,-13188,3868,6772,-1002,122,-110,-13504,-5940,6816,-502,184,-101,0
3100.0193729400635,7608,7160,11648,-189,-115,134,7412,-8596,10988,-19,102,-213,-13212,3904,6672,-984,169,-103,-13232,-6068,6728,-492,170,-124,0
3100.052966117859,7604,7096,11980,-170,-135,115,7596,-8608,10952,-48,92,-221,-13312,3948,6864,-989,123,-66,-13488,-6068,6852,-471,137,-125,0
3100.0866339206696,7796,6912,11560,-172,-68,95,7464,-8660,10824,-63,131,-220,-13368,4068,6768,-1000,90,-42,-13084,-6008,6728,-479,133,-133,0
3100.1199629306793,7748,7064,11736,-175,-34,81,7460,-8712,10940,-71,138,-197,-13360,4012,6712,-1273,71,-99,-13544,-6060,7080,-478,142,-160,0
3100.1531579494476,7692,7152,11532,-173,-37,90,7300,-8616,10964,-35,150,-167,-13336,3944,6644,-1045,74,-62,-13360,-6088,6992,-478,127,-135,0
3100.186893939972,7684,7240,11656,-163,-17,71,7432,-8608,10880,-74,164,-168,-13272,4040,6660,-1017,98,13,-13536,-6136,6896,-482,131,-152,0
3100.220010995865,7708,7172,11596,-154,-12,49,7368,-8576,10760,-100,158,-182,-13280,3904,7128,-997,105,-5,-13220,-6088,6900,-476,117,-157,0
3100.2536380290985,7636,7228,11548,-162,-21,83,7176,-8852,10940,-90,155,-174,-13304,3932,6424,-1033,74,-74,-13232,-6064,6900,-490,127,-134,0
3100.287372112274,7632,6920,11524,-160,-19,88,7304,-8648,10804,-48,129,-169,-13260,3860,6916,-1002,60,-56,-13308,-6168,7020,-469,136,-136,0
3100.320816040039,7576,7204,11624,-162,-21,68,7548,-8600,10832,-40,150,-173,-13308,3920,6888,-1022,89,-69,-13084,-6148,6668,-477,139,-149,0
3100.3545949459076,7620,7180,11544,-154,-43,78,7336,-8688,10796,-68,128,-162,-13332,3908,6656,-1015,106,-57,-13184,-6164,7092,-492,152,-151,0
3100.387987136841,7916,7168,11660,-166,-29,78,7304,-8608,10792,-106,145,-190,-13348,3904,6996,-947,95,-12,-13448,-6056,6712,-493,134,-148,0
3100.4215059280396,7700,7112,11684,-183,-27,72,7356,-8672,10916,-64,117,-152,-13316,3972,6892,-1037,55,-256,-13320,-6000,7144,-492,120,-178,0
3100.4592440128326,7628,7188,11816,-181,-26,88,7292,-8540,10776,-13,142,-148,-13320,3960,6776,-943,-44,-80,-13352,-6008,6848,-512,128,-150,0
3100.494961977005,7472,7284,11636,-120,8,53,7388,-8628,10836,-85,127,-170,-13072,3976,6860,-1012,99,-64,-13348,-6252,6696,-483,109,-159,0
3100.5312600135803,7724,7252,11972,-192,-2,51,7364,-8580,10852,-54,180,-182,-13336,3848,6588,-976,77,-28,-13312,-6084,6828,-447,103,-172,0
3100.5675921440125,7736,7200,11740,-158,54,70,7356,-8456,10768,-71,172,-122,-13216,3988,6608,-995,50,-33,-13320,-6156,6948,-489,86,-158,0
3100.602318048477,7632,7212,11972,-130,22,78,7372,-8600,10812,-36,150,-114,-13200,3936,6876,-1035,51,31,-13276,-6088,6952,-481,61,-185,0
3100.637624025345,7512,7256,11668,-181,46,100,7364,-8660,10856,-95,175,-106,-13212,3600,7020,-994,33,-26,-13280,-6192,7060,-482,70,-150,0
3100.672959089279,7500,7228,11692,-180,252,94,7256,-8852,10952,-48,174,-121,-13204,3968,6920,-1018,43,-16,-13464,-5892,7060,-515,103,-147,0
3100.7087111473083,7576,7228,11544,-121,254,96,7356,-8660,10932,-22,156,-144,-13172,3976,6780,-1060,83,-247,-13244,-6368,6676,-518,126,-132,0
3100.7440419197083,7452,7348,11748,-148,17,119,7312,-8588,10828,-24,113,-148,-13508,3956,7156,-1007,100,-41,-13304,-6124,7000,-257,152,-142,0
3100.7801349163055,7572,7184,11672,-155,-59,115,7304,-8676,10988,-55,128,-166,-13128,3952,6868,-999,113,-49,-13404,-6396,6952,-518,114,-139,0
3100.8155329227448,7624,7196,11704,-177,-27,126,7292,-8668,10796,-4,122,-161,-13168,3940,6716,-1010,72,-75,-13268,-6340,7120,-479,139,-139,0
3100.8511769771576,7548,7228,11452,-190,-55,132,7364,-8616,10728,-14,133,-189,-13236,3896,6616,-1003,93,-68,-13292,-6208,6928,-490,132,-117,0
3100.8873319625854,7580,7220,11468,-179,-45,107,7392,-8568,11112,-42,120,-192,-13072,3956,6692,-1004,93,-74,-13308,-6252,6944,-460,144,-139,0
3100.9222700595856,7576,7204,11636,-182,-37,84,7328,-8680,10680,-100,148,-174,-13180,3880,6904,-965,117,-79,-13216,-6100,6920,-456,154,-121,0
3100.9574160575867,7608,6920,11732,-196,-57,80,7236,-8660,10500,-61,134,-210,-13248,3916,6764,-988,113,-54,-13164,-5892,6656,-448,185,-138,0
3100.9933199882507,7544,7144,11692,-184,-90,101,7308,-8696,10768,-32,121,-196,-13284,3920,6904,-988,132,-117,-13244,-5944,6728,-491,194,-111,0
3101.0292789936066,7492,7208,11568,-198,-31,117,7656,-8940,10592,-10,129,-182,-13244,3952,6872,-1023,107,-91,-13208,-6220,7060,-466,177,-109,0
3101.064106941223,7536,7244,11648,-222,-114,121,7328,-8712,10832,-41,116,-229,-13196,3960,6636,-996,175,-105,-13356,-5912,6728,-444,194,-100,0
3101.1000859737396,7616,7268,11564,-180,-156,180,7332,-8716,10752,-52,111,-232,-13284,3972,6704,-986,156,-133,-13260,-6152,6988,-481,208,-51,0
3101.1330120563507,7632,7172,11648,-227,-161,117,7336,-8836,10836,-5,109,-192,-13248,3880,6856,-1035,100,-111,-13352,-6304,6964,-505,226,-117,0
3101.1666741371155,7532,7208,11552,-238,-150,143,7364,-8628,10744,4,132,-193,-13220,3996,6812,-1279,87,-90,-13300,-6160,6932,-489,184,-79,0
3101.2001950740814,7640,7276,11680,-220,-116,116,7348,-8660,10820,-26,127,-224,-13116,3920,6816,-995,131,-94,-13240,-6080,7012,-489,215,-69,0
3101.233664035797,7612,7220,11616,-235,-144,128,7308,-8672,10752,-24,131,-235,-13184,3984,6796,-992,122,-146,-13560,-6048,6916,-455,205,-47,0
3101.2673790454865,7572,7192,11980,-206,-148,142,7180,-8668,10868,-22,98,-193,-13324,3948,6708,-1003,109,-108,-13368,-6100,6708,-451,169,-81,0
3101.301022052765,7644,6928,11740,-209,-142,192,7360,-8676,10660,-12,121,-159,-13264,3924,6784,-993,149,-71,-13424,-6148,6944,-471,146,-51,0
3101.334454059601,7676,7396,11772,-254,-153,174,7364,-8552,10796,-37,101,-185,-13304,3960,6828,-979,105,-55,-13332,-6140,6844,-485,144,-57,0
3101.3726959228516,7852,7400,11612,-203,-148,176,7184,-8700,10788,-4,116,-190,-13336,3920,6764,-991,118,-95,-13224,-6172,6832,-503,184,-78,0
3101.40665102005,7484,7140,11628,-191,-139,175,7372,-8636,10496,16,97,-198,-13184,3860,6864,-769,130,-70,-13272,-6024,7124,-486,200,-40,0
3101.4403369426727,7472,7172,11700,-211,-169,181,7340,-8676,10524,26,83,-198,-13312,3964,6876,-1280,183,-107,-13284,-6080,6852,-513,197,-59,0
3101.47380900383,7636,7184,11516,-207,-177,182,7340,-8648,10992,9,64,-180,-13288,4024,6772,-1279,162,-83,-13328,-6100,6872,-503,170,-76,0
3101.5075149536133,7636,6924,11672,-209,-100,160,7312,-8624,10772,29,108,-194,-13236,3920,6824,-1005,177,-97,-13304,-6068,6860,-532,157,-73,0
3101.541104078293,7684,7156,11572,-164,-117,143,7428,-8628,10716,27,116,-196,-13264,3920,6848,-999,96,-103,-13248,-6092,6728,-507,195,-89,0
3101.5747730731964,7436,7136,11636,-190,-153,141,7360,-8588,10824,-1,103,-217,-13288,3972,6752,-984,117,-144,-13340,-6148,6856,-470,188,-96,0
3101.608300924301,7608,7216,11580,-203,-154,104,7452,-8596,10800,-36,100,-237,-13280,3968,6840,-988,110,-133,-13340,-6096,6776,-457,204,-86,0
3101.641449928284,7524,7176,11548,-241,-134,89,7352,-8640,10880,-13,129,-239,-13336,3980,6772,-962,96,-103,-13312,-6052,6912,-475,207,-100,0
3101.6750500202174,7916,7368,11916,-204,-150,108,7396,-8600,10824,-22,132,-229,-13260,3940,6696,-1017,86,-110,-13356,-6104,7152,-468,185,-121,0
3101.708569049835,7656,7412,11632,-187,-124,131,7324,-8548,10808,255,129,-217,-13284,3864,6644,-1024,91,-94,-13288,-5912,6992,-500,185,-101,0
3101.742099046707,7912,7152,11652,-193,-117,123,7416,-8528,10864,-13,96,-202,-13064,3940,6764,-996,102,-94,-13216,-6204,6944,-483,175,-86,0
3101.775665998459,7628,7188,11576,-221,-104,133,7344,-8228,10836,-39,107,-198,-13268,3976,6728,-994,141,-91,-13360,-6116,6736,-486,130,-101,0
3101.80907702446,7752,7212,11532,-160,-91,139,7392,-8532,11172,-45,79,-158,-13276,4040,6588,-1048,129,-8,-13316,-6024,6964,-546,121,-104,0
3101.842705011368,7712,7036,11624,-168,-81,99,7376,-8612,10784,-256,104,-145,-13356,3940,6716,-1058,110,-23,-13296,-6092,6924,-544,102,-154,0
3101.875990152359,7684,7200,11636,-135,31,126,7464,-8560,10936,-40,118,-146,-13264,3824,6804,-1034,125,-55,-13296,-6116,7028,-493,68,-138,0
3101.9095849990845,7732,7204,11740,-154,-8,105,7464,-8688,10824,-89,141,-162,-13556,3592,6740,-970,104,-76,-13280,-6132,6884,-485,138,-161,0
3101.943097114563,7588,7140,11752,-177,-43,74,7432,-8484,10968,-36,154,-178,-13524,3992,6700,-1016,70,-73,-13140,-6076,6948,-464,131,-165,0
3101.976728916168,7772,7128,11688,-125,-254,81,7424,-8576,10728,-41,140,-168,-13536,4048,6832,-1013,44,-36,-13196,-5972,6872,-462,104,-167,0
3102.0102140903473,7672,7164,11688,-140,8,-255,7368,-8720,10808,-75,181,-179,-13308,3872,6572,-999,47,-49,-13284,-6164,6896,-445,97,-193,0
3102.0436890125275,7700,7096,11744,-187,255,15,7248,-8688,10556,-71,186,-187,-13276,4068,6888,-995,40,-86,-13356,-6400,6960,-456,87,-170,0
3102.0773370265965,7532,7292,11732,-202,254,43,7356,-8608,10876,-40,183,-177,-13224,3968,7036,-986,32,-61,-13184,-6032,6888,-474,128,-156,0
3102.11279296875,7644,7136,11656,-148,-68,92,7372,-8536,10792,-25,112,-197,-13232,3988,6840,-996,113,-76,-13300,-6080,6712,-511,150,-127,0
3102.1486270427704,7660,7200,11632,-172,-45,117,7416,-8544,10816,-72,97,-205,-13356,3892,6948,-1014,102,-67,-13348,-6344,6944,-507,138,-110,0
3102.1836841106415,7444,7248,11768,-151,-77,117,7452,-8516,10832,-43,125,-169,-13240,3884,6920,-1016,87,-82,-13320,-6392,7140,-504,122,-120,0
3102.218966960907,7636,7168,11624,-179,-2,73,7408,-8612,10680,-20,123,-153,-13304,3944,6744,-1005,59,-51,-13332,-6140,6828,-498,144,-134,0
3102.2543449401855,7640,7264,11780,-180,-17,84,7300,-8660,10840,-29,118,-176,-13508,3916,6780,-992,67,-40,-13276,-5996,6660,-492,140,-140,0
3102.2901351451874,7576,7412,11752,-171,-35,86,7372,-8616,10864,-60,139,-164,-13124,3984,6800,-1017,109,-16,-13568,-6268,7108,-459,127,-144,0
3102.3256039619446,7736,7152,11624,-165,-27,89,7508,-8664,10624,-94,130,-180,-13288,3924,6740,-1010,107,-44,-13168,-6048,6892,-499,118,-158,0
3102.3618180751805,7436,7088,11528,-189,-53,79,7432,-8560,10812,-13,141,-187,-13280,3920,6844,-1038,73,-75,-13224,-6136,6976,-471,118,-148,0
3102.3980381488805,7604,7168,11712,-170,-1,69,7344,-8644,10840,-15,123,-180,-13124,4040,6860,-986,100,-28,-13308,-6020,6864,-472,128,-131,0
3102.448543071747,7640,7384,11888,-173,-52,101,7492,-8724,10876,-33,150,-163,-13284,3996,6660,-976,62,-20,-13196,-6092,6812,-493,100,-110,0
3102.493129014969,7660,7232,11764,-121,-2,123,7176,-8640,10916,-17,99,-138,-13232,3956,7104,-1057,97,-21,-13260,-6176,6836,-491,118,-120,0
3102.534399032593,7496,7412,11728,-150,-11,109,7264,-8652,10568,-53,122,-147,-13212,3840,6716,-1001,96,-29,-13256,-6192,6844,-495,90,-138,0
3102.5704691410065,7508,7176,11528,-183,-21,94,7348,-8612,10840,-40,170,-153,-13272,3964,6764,-998,57,-39,-13252,-6164,6932,-468,114,-175,0
3102.605521917343,7668,7224,11544,-219,-25,80,7236,-8616,10836,-45,145,-183,-13220,3936,6840,-998,75,-64,-13288,-6116,6960,-503,142,-174,0
3102.6411790847774,7432,7160,11816,-164,-72,91,7332,-8704,10804,13,143,-201,-13112,3864,6832,-997,98,-63,-13236,-6164,6888,-489,149,-118,0
3102.6771750450134,7480,7216,11680,-190,-55,85,7460,-8640,10792,-59,124,-202,-13296,4076,6720,-993,101,-108,-13244,-6032,6880,-477,182,-111,0
3102.7122600078583,7548,6924,11780,-158,-101,93,7368,-8656,10764,-29,132,-191,-13248,3952,6816,-1010,105,-59,-13408,-6360,6876,-468,155,-109,0
3102.7480471134186,7628,7276,11524,-202,-77,97,7372,-8624,10716,-6,309,-176,-13204,3956,6736,-952,131,-48,-13432,-6124,6860,-470,161,-118,0
3102.7838361263275,7588,7152,11704,-190,-49,121,7376,-8680,10920,-52,127,-156,-13192,4000,6700,-1005,105,-62,-13260,-6168,6912,-481,142,-123,0
3102.8173451423645,7628,7076,11536,-171,3,92,7384,-8680,10584,-40,141,-156,-13324,3856,6756,-1016,56,-66,-13252,-6140,6968,-479,128,-107,0
3102.850831985473,7628,7240,11668,-216,-21,119,7440,-8636,10700,-26,141,-169,-13212,3876,6940,-1005,78,-84,-13284,-6192,6784,-470,152,-91,0
3102.884225130081,7608,7196,11832,-191,-42,109,7364,-8628,10984,-25,164,-170,-13184,4000,6896,-1000,87,-50,-13296,-6228,6764,-486,175,-101,0
3102.9177560806274,7524,7252,11728,-207,-106,108,7336,-8628,10968,-24,150,-177,-13200,3876,6976,-1021,92,-98,-13256,-6180,6940,-497,193,-105,0
3102.9512209892273,7552,7220,11584,-203,-130,150,7372,-8572,10828,-29,115,-216,-13272,3868,6728,-992,111,-144,-13276,-6236,7072,-503,197,-82,0
3102.984616994858,7552,7144,11996,-194,-112,114,7268,-8564,10784,-54,118,-215,-13216,3880,6984,-986,146,-99,-13140,-6156,6692,-487,205,-57,0
3103.0184149742126,7892,7404,11588,-208,-143,141,7372,-8632,10916,-35,126,-199,-13196,4032,6688,-993,125,-83,-13316,-6072,6792,-460,236,-77,0
3103.0519111156464,7524,7156,11552,-178,-117,172,7368,-8704,10604,-13,114,-194,-13248,4052,6760,-977,126,-66,-13224,-6092,6848,-504,207,-41,0
3103.0854880809784,7672,6928,11588,-210,-90,142,7396,-8644,10756,-15,104,-192,-13304,3956,6848,-1008,123,-77,-13380,-6124,6884,-481,188,-80,0
3103.1192600727086,7560,7156,11628,-190,-121,150,7416,-8668,10516,-35,92,-188,-13296,3592,6800,-993,112,-108,-13272,-6136,6820,-486,208,-43,0
3103.1525280475616,7548,7224,11564,-199,-134,161,7452,-8716,10812,3,99,-198,-13192,3936,7152,-1003,114,-142,-13320,-6044,6820,-477,195,-61,0
3103.186138153076,7672,7124,11704,-199,-140,165,7412,-8580,10772,6,104,-228,-13260,3884,6864,-1013,129,-124,-13332,-5900,7068,-477,212,-85,0
3103.2198951244354,7688,7180,11812,-180,-187,154,7492,-8580,10812,-251,119,-209,-13252,4088,7164,-1005,132,-114,-13224,-6060,6984,-491,214,-65,0
3103.2534940242767,7620,6976,11736,-205,-162,144,7456,-8504,10852,-5,118,-244,-13268,3960,6656,-985,115,-106,-13292,-6040,6936,-474,213,-52,0
3103.2871310710907,7636,6952,11596,-208,-135,160,7440,-8656,10776,-27,100,-185,-13240,4012,6648,-961,118,-108,-13420,-6100,6996,-463,147,-89,0
3103.3206140995026,7736,7084,11940,-179,-132,147,7396,-8624,10932,7,114,-151,-13340,3840,6876,-1035,97,-113,-13260,-6060,6876,-499,159,-82,0
3103.3539531230927,7624,7140,11584,-254,-122,154,7232,-8516,10836,41,107,-180,-13248,3904,6728,-1045,120,-100,-13316,-6144,6832,-483,158,-111,0
3103.387565135956,7544,7228,11572,-154,-81,148,7244,-8548,10900,251,86,-184,-13532,3608,6716,-986,111,-60,-13288,-6080,6792,-495,195,-115,0
3103.4211010932922,7444,7356,11656,-201,-129,127,7392,-8628,10844,16,98,-238,-13224,3916,6544,-1000,100,-125,-13376,-6016,6736,-506,230,-69,0
3103.4547131061554,7720,7036,11776,-184,-127,156,7356,-8656,10768,22,93,-181,-13268,3948,6708,-1027,96,-111,-13372,-5908,7008,-495,172,-57,0
3103.4883971214294,7776,7108,11608,-209,-110,182,7648,-8628,10764,20,118,-161,-13324,3672,6804,-991,117,-63,-13328,-6112,6808,-475,97,-109,0
3103.521898984909,7632,7292,11676,-211,-82,136,7428,-8648,10980,-35,159,-163,-13196,3960,6876,-1013,67,-78,-13236,-6132,6984,-495,109,-111,0
3103.555328130722,7780,7048,11752,-215,-74,123,7296,-8596,10928,-18,129,-187,-13064,3932,6776,-960,99,-57,-13272,-6140,6880,-527,148,-109,0
3103.5889780521393,7584,7420,11572,-167,-107,120,7408,-8560,10824,4,92,-191,-13460,3912,6776,-1004,120,-87,-13240,-5924,6876,-480,182,-103,0
3103.622461080551,7656,7144,11520,-221,-115,137,7184,-8668,10572,-3,104,-205,-13260,3916,6484,-1014,161,-110,-13252,-6068,6872,-259,195,-94,0
3103.655725955963,7772,7124,11756,-176,-135,118,7428,-8620,10792,-39,114,-218,-13180,3852,6868,-966,119,-94,-13276,-6136,6748,-463,186,-116,0
3103.6890909671783,7732,7108,11704,-184,-79,120,7544,-8588,10864,-65,130,-203,-13356,3884,6660,-973,104,-32,-13376,-6112,7104,-492,151,-128,0
3103.7226979732513,7784,7108,11536,-176,-7,74,7520,-8528,10816,-20,164,-158,-13332,3896,6824,-772,102,-54,-13344,-6144,6876,-488,142,-99,0
3103.756250143051,7732,7136,11524,-166,2,90,7176,-8660,10980,-42,152,-162,-13268,3932,7124,-1277,72,-25,-13392,-6400,6888,-493,107,-132,0
3103.7922210693364,7892,7136,11680,-164,-251,81,7392,-8656,10824,-65,171,-157,-13184,3944,6692,-1010,103,-65,-13296,-6064,7020,-484,121,-153,0
3103.8285660743713,7900,7232,11888,-138,-3,45,7480,-8656,10700,-63,152,-170,-13536,3888,6824,-980,54,-73,-13316,-6172,6812,-462,119,-101,0
3103.8636469841003,7664,7188,11560,-166,24,82,7656,-8604,10980,-63,159,-175,-13260,3952,6880,-1015,89,226,-13228,-6016,6872,-475,136,-132,0
3103.8997740745544,7536,7152,11636,-126,-8,88,7348,-8592,10692,-35,136,-158,-13156,3788,6848,-1001,89,-46,-13276,-6136,6808,-492,143,-146,0
3103.9355189800262,7556,7204,11656,-151,-38,79,7376,-8496,10760,-64,145,-184,-13264,3936,6764,-985,112,-55,-13356,-6136,6916,-472,128,-131,0
3103.9716811180115,7660,7236,11520,-172,-39,107,7204,-8620,10896,-65,132,-191,-13204,3916,6812,-1001,103,-29,-13420,-6088,6908,-493,149,-123,0
3104.0076880455017,7468,7016,11716,-125,-22,90,7500,-8556,10824,-58,121,-158,-13200,3888,6732,-1014,79,-37,-13072,-6124,6696,-510,139,-129,0
3104.0427701473236,7640,7140,11608,-155,-54,105,7348,-8592,10728,5,126,-168,-13172,3872,6840,-1031,104,-86,-13404,-6160,6828,-475,125,-146,0
3104.0786249637604,7604,7252,11600,-153,-2,87,7484,-8532,10928,-62,137,-144,-13284,3900,6940,-998,152,-41,-13260,-6264,6900,-531,103,-150,0
3104.114170074463,7560,7408,11596,-164,-21,59,7472,-8616,10928,-33,161,-176,-13216,4068,6836,-974,52,-66,-13384,-6048,6780,-481,145,-118,0
3104.1501059532166,7672,6960,11692,-197,-48,99,7448,-8684,10764,-33,116,-179,-13228,3952,6656,-1003,90,-68,-13264,-5912,6872,-472,134,-131,0
3104.1853880882263,7676,7132,11660,-196,-68,97,7328,-8596,10704,-27,123,-181,-13216,3916,6748,-1044,113,-54,-13264,-6152,6712,-490,96,-135,0
3104.221339941025,7648,7248,11560,-204,-103,85,7396,-8716,10844,-60,121,-168,-13184,3800,6916,-978,63,-91,-13068,-6212,6844,-261,123,-146,0
3104.25754404068,7672,7208,11832,-200,-103,104,7408,-8644,10800,-18,144,-182,-13244,3924,6700,-1018,70,-80,-13516,-6124,6848,-529,166,-118,0
3104.292318105697,7592,7092,11636,-204,-130,92,7176,-8572,10548,57,150,-216,-13152,3984,6700,-1014,72,-117,-13276,-6136,6948,-490,219,-107,0
3104.327697992325,7440,7116,11656,-257,-186,96,7396,-8624,10520,52,158,-236,-13268,4024,7056,-1011,88,-128,-13212,-6228,6952,-258,213,-70,0
3104.3628389835358,7608,7212,11696,-254,-253,136,7208,-8656,10812,9,113,-245,-13304,3896,6744,-1016,95,-143,-13428,-6236,6884,-498,195,-124,0
3104.398330926895,7736,7136,11660,-252,-231,115,7468,-8588,10824,-8,144,-232,-13068,4000,6740,-951,67,-99,-13384,-6096,6808,-476,156,-119,0
3104.4330711364746,7764,7144,11616,-494,-181,129,7528,-8596,10668,-20,127,-210,-13248,3800,6768,-1005,102,-74,-13088,-6176,6768,-505,156,-109,0
3104.4686031341553,7660,7148,11584,-227,-147,134,7452,-8568,10824,-6,151,-180,-13192,3936,6740,-1001,103,-51,-13312,-6344,6776,-489,128,-90,0
3104.5020940303802,7592,7168,11484,-237,-89,126,7372,-8588,10956,-10,89,-188,-13168,3944,6740,-1006,116,-57,-13496,-6400,6844,-467,160,-105,0
3104.535444021225,7660,7004,11712,-228,-99,117,7476,-8680,10572,-26,122,-181,-13296,3960,6704,-1016,126,-95,-13364,-6112,6656,-475,189,-113,0
3104.568964958191,7592,7128,11716,-184,-91,131,7484,-8532,10776,16,114,-196,-13524,3872,6660,-1017,91,-125,-13324,-6080,6696,-480,170,-132,0
3104.6024830341335,7624,7104,11616,-173,-109,107,7384,-8524,10836,-7,110,-201,-13348,3952,6776,-989,121,-100,-13364,-6332,6932,-492,132,-124,0
3104.6358139514923,7500,7108,11688,-209,-111,116,7440,-8448,10648,-29,160,-184,-13232,3972,6968,-1012,85,-44,-13568,-6156,6660,-447,111,-118,0
3104.669266939163,7640,7148,11676,-203,-81,95,7340,-8616,10796,-54,119,-154,-13256,4008,6844,-987,85,-44,-13344,-6096,6816,-486,111,-98,0
3104.7025949954987,7684,7092,11720,-188,-61,133,7332,-8736,10860,-19,112,-143,-13228,4008,6904,-1033,54,-79,-13300,-6336,6796,-528,131,-143,0
3104.735822916031,7764,7124,11640,-219,-74,135,7444,-8520,10696,-2,114,-149,-13176,3888,6876,-1058,96,241,-13104,-6124,6780,-765,126,-145,0
3104.7693259716034,7636,7140,11672,-173,-77,108,7188,-8548,10748,-75,139,-141,-13336,3932,6664,-1012,57,-29,-13284,-6172,6840,-479,124,-140,0
3104.802997112274,7648,7084,11716,-229,-60,96,7184,-8604,10736,2,165,-177,-13060,3936,6864,-970,52,-39,-13504,-6016,6908,-487,144,-118,0
3104.8366160392766,7660,7072,11576,-219,-42,108,7412,-8616,10496,2,134,-151,-13512,3924,6756,-1022,90,-91,-13304,-6288,6768,-509,173,-117,0
3104.870172023773,7636,7156,11604,-183,-77,116,7372,-8564,10920,5,109,-195,-13212,3960,6804,-1009,72,-79,-13364,-6240,6908,-465,140,-111,0
3104.903496026993,7648,7156,11620,-200,-47,98,7480,-8608,10948,-51,136,-195,-13264,3904,6832,-963,107,-73,-13248,-5892,6836,-482,156,-109,0
3104.9372820854187,7428,7084,11660,-221,-92,123,7468,-8540,10856,-58,117,-200,-13228,3920,6820,-994,73,-80,-13300,-5900,7144,-490,134,-105,0
3104.9710631370544,7888,7076,11676,-189,-47,104,7536,-8536,10748,-58,146,-167,-13292,3936,6748,-1034,94,-247,-13280,-6172,6672,-496,111,-140,0
3105.0047919750214,7636,7100,11644,-245,-36,134,7208,-8620,10676,253,153,-168,-13168,4044,6760,-1007,100,-53,-13332,-5892,6928,-493,94,-119,0
3105.0379390716553,7908,7372,11984,-209,-51,118,7664,-8632,10776,-27,138,-176,-13240,3940,6692,-1021,90,-84,-13236,-6164,6864,-466,145,-98,0
3105.0713410377502,7752,7384,11996,-208,-63,145,7380,-8652,10756,-38,141,-163,-13272,3916,7132,-988,104,-19,-13384,-6056,6868,-495,162,-124,0
3105.1049590110774,7932,7120,11676,-190,-53,116,7376,-8628,10844,-40,116,-188,-13144,3872,6820,-1011,101,-38,-13288,-6076,6920,-490,151,-120,0
3105.1382460594177,7660,7056,11680,-210,-73,127,7456,-8540,10712,-14,126,-170,-13236,3936,6672,-990,123,-64,-13284,-6128,7008,-466,145,-121,0
3105.1718089580536,7712,7160,11872,-212,-59,97,7364,-8352,10788,-32,123,-165,-13232,3992,7160,-1019,95,-57,-13232,-6172,7004,-463,130,-104,0
3105.2053310871124,7424,7136,11724,-215,-46,108,7388,-8608,10892,-44,131,-170,-13116,3996,6764,-1000,110,-74,-13352,-6176,6960,-484,141,-119,0
3105.2385931015015,7720,7420,11544,-200,-78,128,7424,-8612,10948,-17,96,-188,-13164,3892,6960,-1039,137,-71,-13308,-6088,6892,-261,166,-120,0
3105.2721340656285,7700,6984,11412,-158,-122,118,7576,-8604,10556,-23,66,-185,-13276,3980,6744,-1010,68,-96,-13304,-6196,6720,-514,149,-137,0
3105.3056859970093,7816,7056,11772,-179,-98,120,7452,-8644,10820,252,163,-177,-13256,3920,6832,-1021,29,-108,-13392,-6212,6856,-480,159,-161,0
3105.3391070365906,7628,7020,11492,-195,-101,73,7420,-8672,10800,-8,171,-185,-13240,3888,6748,-1009,53,-134,-13184,-5984,7076,-480,186,-150,0
3105.3727400302887,7596,7116,11796,-208,-136,106,7344,-8536,10840,-18,158,-208,-13152,3936,6960,-989,75,-85,-13276,-5916,6660,-499,179,-125,0
3105.406079053879,7660,7064,11792,-193,-161,131,7424,-8656,10572,-11,102,-225,-13304,4020,6984,-1020,130,-66,-13236,-6208,7124,-260,203,-90,0
3105.439597129822,7612,7020,11660,-171,-160,153,7396,-8536,10864,17,89,-220,-13176,3892,6868,-1039,95,-160,-13280,-6244,6736,-768,194,-120,0
3105.4753630161285,7820,6952,11564,-164,-89,120,7496,-8560,10708,-55,118,-182,-13252,3908,6720,-1051,102,-49,-13404,-6280,6808,-483,116,-159,0
3105.510829925537,7712,7096,11832,-196,-73,75,7536,-8544,10832,-33,154,-147,-13320,3936,6868,-989,53,-34,-13260,-6140,6880,-480,107,-164,0
3105.5459611415863,7708,7028,11656,-192,-8,94,7412,-8528,10632,-248,187,-122,-13256,3996,6840,-1032,18,-13,-13364,-6160,6868,-499,111,-158,0
3105.582057952881,7772,7072,11672,-203,-44,80,7200,-8572,10844,-28,194,-122,-13240,3924,7124,-775,48,-66,-13316,-5940,6680,-485,66,-147,0
3105.61790394783,7700,7132,11444,-198,-40,91,7396,-8528,10752,-34,155,-146,-13180,3848,6864,-1013,68,-9,-13216,-6152,6872,-465,112,-116,0
3105.653198003769,7512,7080,11616,-211,-62,129,7244,-8572,10992,-73,131,-174,-13204,3868,6872,-981,99,-47,-13536,-5952,6876,-519,129,-73,0
3105.6881580352783,7516,7352,11616,-196,-87,134,7480,-8212,10660,-58,119,-150,-13188,3988,6736,-986,122,-20,-13500,-6108,6840,-497,135,-77,0
3105.723925113678,7708,7056,11780,-192,-38,156,7360,-8664,10916,-34,112,-111,-13272,4004,6780,-1007,93,-49,-13252,-5964,7016,-487,96,-145,0
3105.759491920471,7700,7064,11668,-168,-34,117,7460,-8596,10936,9,135,-153,-13212,3920,6948,-1015,70,-87,-13284,-6276,6944,-486,124,-138,0
3105.794736146927,7724,7016,11692,-198,-17,81,7224,-8504,10960,-29,178,-182,-13216,4092,7064,-967,35,-72,-13336,-6212,6856,-460,149,-135,0
3105.8299329280853,7428,7152,12020,-248,-51,69,7372,-8504,10908,-59,169,-155,-13204,4032,6744,-993,78,-6,-13268,-6228,6816,-492,108,-126,0
3105.865217924118,7616,7032,11728,-235,-44,132,7428,-8644,10836,-65,148,-150,-13204,3924,6840,-969,93,-105,-13268,-6164,6764,-476,120,-125,0
3105.900409936905,7712,7052,11616,-182,-27,89,7432,-8576,10528,-96,142,-144,-13272,3896,6948,-959,69,-15,-13552,-6212,6900,-443,49,-155,0
3105.935585975647,7732,6944,11640,-214,60,55,7452,-8648,10936,-60,224,-125,-13164,4072,6980,-989,17,-25,-13180,-6196,6940,-257,61,-162,0
3105.971573114395,7572,7152,11576,-204,25,80,7328,-8636,10868,-2,190,-132,-13116,3992,6960,-990,26,-22,-13352,-6120,6928,-509,102,-152,0
3106.007756948471,7584,6992,11520,-154,251,80,7400,-8656,10496,-52,166,-168,-13144,4000,6896,-996,23,-52,-13316,-6312,6760,-503,133,-171,0
3106.0427510738373,7668,7168,11720,-218,-76,64,7172,-8572,10632,-46,190,-169,-13172,3928,6800,-951,-22,-55,-13252,-6236,6864,-497,86,-125,0
3106.0782430171967,7632,7052,11752,-192,-20,80,7676,-8696,10848,-16,197,-110,-13256,3940,6904,-956,254,-63,-13304,-6184,6744,-488,78,-143,0
3106.114841938019,7684,7136,11560,-155,-14,107,7320,-8624,10880,8,188,-142,-13172,3976,6908,-1014,48,-28,-13084,-6200,6660,-768,36,-151,0
3106.148111104965,7572,7180,11748,-135,-246,48,7416,-8664,10848,-41,207,-94,-13304,3844,7092,-974,-51,13,-13360,-6204,6880,-502,29,-208,0
3106.181743144989,7708,7080,11764,-177,57,64,7400,-8624,10680,-68,266,-49,-13252,4180,6756,-972,-109,59,-13260,-6148,7032,-515,-37,-198,0
3106.2151410579686,7592,7092,11828,-168,68,110,7320,-8788,10540,-7,230,-19,-13168,4016,6876,-1018,-19,238,-13148,-6212,6860,-550,26,-165,0
3106.2487630844116,7440,6972,11516,-183,40,122,7168,-8680,10740,-39,156,-91,-12988,3956,6904,-1060,108,-32,-13228,-6100,6936,-525,58,-132,0
3106.2822439670563,7612,7020,11704,-127,-32,135,7360,-8636,10552,5,147,-102,-13292,4040,6972,-1078,-8,-7,-13196,-6220,6916,-552,77,-165,0
3106.3155169487004,7608,7040,11656,-107,53,76,7408,-8956,10928,46,213,-62,-13232,3880,7004,-1045,-72,-12,-13396,-6256,7144,-519,1,-196,0
3106.3492379188538,7736,7224,11720,-108,87,64,7424,-8676,10984,19,221,-39,-13196,4076,7068,-1015,-54,-32,-13340,-6060,7012,-575,10,-267,0
3106.3855550289154,7716,7112,12028,-52,116,27,7364,-8716,10976,-10,240,-52,-13212,4020,6920,-1053,-77,-51,-13220,-6276,6660,-538,-45,-289,0
3106.4193589687347,7612,7020,11768,-35,172,15,7360,-8588,10828,12,291,-13,-13064,4024,6936,-1279,-88,-50,-13124,-6208,6896,-533,-16,-302,0
3106.4529509544373,7444,7028,12016,-47,114,20,7288,-8600,10668,-11,286,-59,-12940,3904,6896,-1037,-114,-52,-13060,-6344,6764,-768,75,-252,0
3106.4865810871124,7468,7140,11572,-71,105,40,7276,-8560,10804,-31,237,-90,-12992,3904,7120,-1021,-9,-48,-13164,-6344,6872,-462,67,-170,0
3106.5200769901276,7528,7244,11848,-123,98,65,7284,-8592,10548,-61,213,-116,-13164,4028,7160,-1051,28,-65,-13208,-6396,6856,-476,73,-184,0
3106.553602933884,7584,7196,11608,-97,167,66,7356,-8648,10964,-82,200,-49,-13124,3924,7240,-1095,28,26,-13064,-6240,7104,-548,-17,-227,0
3106.587415933609,7568,7036,11660,32,297,86,7356,-8452,10788,-84,170,55,-13068,4092,7036,-1127,-31,54,-13384,-6184,7252,-574,-125,-3,0
3106.6209149360657,7536,7144,11940,113,388,102,7240,-8772,10760,21,214,100,-13084,3944,7040,-1129,-45,57,-13136,-6180,7092,-534,-97,-292,0
3106.6541759967804,7192,7300,11588,30,346,59,6988,-8576,10616,-27,191,-23,-12936,3916,6992,-1125,-15,-36,-12892,-6356,7072,-518,62,-212,0
3106.6877470016484,7264,7372,11760,-27,90,34,7020,-8680,10968,-31,165,-178,-12880,3896,7392,-1031,55,-194,-13052,-6576,7040,-497,168,-150,0
3106.7210550308228,7324,7436,11868,-94,-19,73,7124,-8604,11112,-97,124,-232,-13008,3916,7108,-973,86,-213,-13116,-6192,7004,-420,182,-102,0
3106.7545330524445,7252,7320,11780,-141,-89,102,7192,-8932,10756,-77,104,-255,-13044,3948,7136,-1014,126,-157,-13124,-6356,7176,-451,176,-125,0
3106.7880520820618,7368,7252,11704,-370,242,44,7004,-8924,10844,-64,68,-247,-13012,3928,7100,-970,80,-75,-13116,-6292,6940,-450,140,-78,0
3106.8217539787292,7220,7396,11752,-240,14,150,7180,-8608,10876,-107,100,-156,-13116,4000,6908,-969,135,-236,-13264,-6356,7104,-494,122,82,0
3106.8554611206055,7512,7060,11844,-272,-73,269,7240,-8808,10760,-67,-36,-83,-13072,4316,6920,-1092,275,-237,-13204,-5984,7080,-643,131,104,0
3106.889004945755,7564,6940,11852,-176,-15,371,7364,-8872,10828,66,-99,255,-13228,4208,6828,-1168,223,-19,-13252,-6020,7336,-692,115,98,0
3106.922413110733,7564,6840,11884,-61,2,450,7408,-8816,10732,116,0,106,-13212,4164,6800,-1159,121,130,-13328,-6092,7092,-774,45,28,0
3106.955994129181,7504,7068,11748,-89,146,459,7212,-8728,10776,114,-57,181,-13124,4268,7096,-1287,175,82,-13028,-6176,7000,-860,12,13,0
3106.989771127701,7236,7144,11672,61,-6,413,7336,-8740,10640,156,-81,36,-12864,3732,6752,-1368,222,-117,-13032,-6520,6892,-728,177,255,0
3107.0232310295105,7276,7244,11532,68,-119,299,7368,-8360,10932,171,13,-227,-13148,3392,7176,-1153,253,-282,-13300,-6840,6668,-409,219,-147,0
3107.0568199157715,7524,7552,11608,-58,-212,63,7440,-8020,10776,-88,240,-340,-13276,3504,7380,-908,150,-220,-13176,-6556,6708,-429,274,-214,0
3107.0905880928044,7868,7224,11704,-246,-505,250,7244,-8552,10920,-144,253,-336,-13156,3676,7016,-826,32,-165,-13244,-6420,6836,-436,232,-202,0
3107.123880147934,7620,7224,11732,-235,-171,-33,7404,-8592,10872,-74,250,-325,-13276,3800,6992,-900,76,-164,-13208,-6468,7008,-332,173,-271,0
3107.1603491306305,7620,7252,11656,-224,-80,-95,7364,-8580,10860,-146,285,-354,-13104,4012,6740,-811,10,-150,-13364,-6316,6920,-232,168,-220,0
3107.195526123047,7580,7176,11888,-301,-88,-108,7160,-8660,10784,-207,328,-276,-12960,3968,7088,-831,-98,-43,-13052,-6212,7148,-305,102,-211,0
3107.2308630943294,7440,7120,11772,-281,19,-56,7144,-8528,10532,-165,297,-206,-12984,4148,7076,-871,50,-68,-12976,-5948,7140,-370,118,-210,0
3107.267091989517,7508,7108,11652,-208,-30,5,7092,-8672,10716,-117,228,-147,-12952,4280,6780,-956,53,13,-13112,-6028,7084,-464,135,-109,0
3107.3022401332855,7276,6960,11732,-138,35,115,7104,-8608,10648,-71,95,-98,-12848,4140,6992,-1034,164,27,-13056,-6256,7216,-459,34,-100,0
3107.3380420207977,7400,7176,11736,-167,123,111,7212,-8788,10536,-71,32,-138,-13204,3868,7032,-1069,190,14,-13280,-6316,7116,-467,59,-78,0
3107.37397313118,7500,7292,11884,-150,142,151,7288,-8820,10776,-113,74,-44,-13524,4108,7292,-1053,52,65,-13220,-6184,7020,-518,47,-83,0
3107.4092631340027,7452,7104,11836,-145,182,169,7304,-8732,10740,-89,222,41,-13140,4164,6984,-1006,-22,163,-13300,-6372,7228,-540,-98,-156,0
3107.4443850517273,7380,7268,11976,-230,322,45,7196,-8688,10972,-68,170,-46,-13000,3888,7092,-1005,75,126,-13060,-6488,6852,-438,-73,-210,0
3107.4795179367065,7392,7264,12012,-286,216,-17,7136,-8492,10524,-181,216,-123,-13084,3928,7016,-891,-16,135,-13116,-6296,6768,-391,-9,-154,0
3107.5147600173946,7272,7388,11676,-300,94,-34,7360,-8624,10496,-111,303,-198,-13152,4084,6736,-814,4,-91,-12900,-6304,6756,-307,92,-319,0
3107.5503170490265,7292,7116,11700,-196,-68,-196,7216,-8652,10800,67,280,-458,-13140,3856,6992,-1048,-55,-357,-13100,-6372,6808,-402,413,-381,0
3107.5854001045227,7448,7384,11652,-125,-305,-187,7336,-8476,11044,55,262,-500,-13092,3708,7080,-901,-232,-404,-13288,-6492,6888,-500,482,-201,0
3107.621295928955,7564,7396,11684,-201,-443,-21,7432,-8300,10748,-81,195,-258,-13148,3436,6696,-841,145,-313,-13188,-6276,6884,-420,421,-134,0
3107.6575469970703,7544,7072,11416,-98,-353,87,7212,-8680,10616,-100,249,-413,-12908,4204,6776,-961,340,-165,-13084,-5996,7060,-466,251,-121,0
3107.692323923111,7360,6988,11620,-52,-145,144,7108,-8752,10696,37,34,-174,-12940,4348,7348,-957,74,-36,-13156,-6200,7512,-336,-253,-158,0
3107.728038072586,7108,6924,11832,-112,164,38,6936,-9068,10800,-77,284,16,-12972,4552,7404,-989,-38,108,-13076,-6268,7468,-454,-112,-136,0
3107.7630529403687,7068,7096,12136,-190,250,161,6700,-9116,10908,-76,234,105,-12792,4496,7368,-1276,12,153,-13088,-6168,7412,-572,-86,32,0
3107.799572944641,7056,7124,12144,-273,113,7,7068,-9128,10772,-55,0,-108,-12880,4344,7116,-1055,320,-45,-12800,-6324,7096,-537,201,113,0
3107.8331100940704,7104,7108,11900,-226,-299,302,7280,-8884,10892,-15,-145,-377,-13184,4040,7024,-1163,405,-324,-13256,-6156,6984,-577,510,52,0
3107.866883993149,7584,7292,11728,-154,-408,291,7392,-8648,10748,23,-235,-381,-13172,3992,7056,-1143,275,-7,-13404,-6156,6956,-585,423,31,0
3107.900085926056,7524,7252,11600,-110,-281,291,7364,-8592,10692,-53,-118,-279,-13152,3924,6980,-948,251,-100,-13152,-6284,6840,-265,269,-256,0
3107.933706998825,7648,7192,11688,-128,-225,232,7500,-8524,10660,-26,-55,-319,-13172,3660,6924,-951,340,-239,-13100,-6416,6668,-487,331,-47,0
3107.9672579765324,7492,7372,11480,-207,-241,141,7580,-8380,10768,-39,32,-380,-13564,3632,6980,-953,205,-220,-13312,-6532,6700,-355,290,-107,0
3108.0007059574127,7660,7288,11288,-276,-113,7,7500,-8332,10828,-94,190,-313,-13260,3676,7128,-922,104,-142,-13236,-6552,6852,-268,164,-230,0
3108.0341341495514,7452,7368,11520,-299,-147,-129,7636,-8472,10896,-89,302,-357,-13180,3772,7196,-857,4,-174,-13088,-6504,6916,-302,224,-265,0
3108.0675859451294,7432,7448,11928,-347,-118,-158,7260,-8456,10924,-138,234,-425,-12804,3744,7224,-834,-8,-147,-13156,-6452,6912,-321,259,-181,0
3108.1010611057286,7404,7296,11684,-308,-220,-68,7228,-8596,10992,-170,127,-403,-13060,4092,6780,-900,197,-102,-13216,-6296,7044,-326,242,-122,0
3108.1343300342564,7396,7356,11692,-281,-146,41,7268,-8688,10804,-133,63,-355,-13108,4072,6928,-753,39,-70,-13264,-6292,7156,-320,173,-70,0
3108.1677601337433,7272,7156,11756,-1,-63,72,7240,-8796,10760,-153,-5,-271,-12816,3852,7132,-953,238,-37,-13024,-6240,7152,-413,202,-76,0
3108.2012140750885,7328,6992,11940,-225,-92,87,7144,-8824,10776,-105,19,-310,-12852,4344,7056,-916,222,-54,-13184,-6108,7196,-398,226,-71,0
3108.234822034836,7312,7348,11856,-211,-43,135,7288,-8840,10744,-95,-20,-217,-13060,4260,6924,-1001,184,-55,-13192,-6072,7184,-492,188,-24,0
3108.268242120743,7620,7016,11572,-193,-35,186,7168,-8832,10984,-84,51,-143,-13172,4236,6948,-935,76,-89,-13220,-5940,7028,-454,151,-73,0
3108.3017859458923,7308,6996,12012,-195,4,137,7360,-8788,10672,-112,127,-195,-13088,4136,6960,-946,81,-96,-13268,-6396,7024,-417,157,-54,0
3108.3354530334473,7584,7112,11956,-198,-13,93,7476,-8896,10640,-104,129,-164,-13168,4092,6960,-969,87,-79,-13192,-5896,6936,-409,192,-48,0
3108.3690650463104,7628,7128,11872,-270,-106,127,7340,-8872,10692,-19,125,-12,-13204,4036,6708,-998,75,-170,-13144,-6288,6936,-423,274,-76,0
3108.4025571346283,7488,7240,11888,-302,-193,113,7468,-8692,10816,32,196,-270,-13192,3956,7264,-966,11,-181,-13236,-6392,6972,-447,276,-109,0
3108.4360570907593,7432,7244,11768,-1,-289,85,7280,-8660,10868,-44,144,-280,-13120,3892,7304,-926,-247,-202,-13292,-6216,6964,-438,274,-91,0
3108.469742059708,7472,7188,11656,-292,-191,109,7352,-8632,10988,-12,93,-281,-13180,3992,7056,-945,123,-177,-13096,-6220,6684,-430,289,-35,0
3108.5033440589905,7544,7100,11560,-259,-146,146,7228,-8496,11248,139,55,-299,-12644,3704,7068,-1032,254,-215,-13068,-6272,6680,-414,271,5,0
3108.5369420051575,7588,7180,11920,-285,-198,196,7184,-8604,10804,-40,76,-186,-13120,3888,7096,-1029,195,-110,-13180,-6424,6920,-438,180,-23,0
3108.5705349445343,7652,7348,11604,-244,-115,205,7276,-8632,10932,-253,37,-197,-13064,3920,7136,-1015,229,-85,-13172,-6292,6924,-469,176,-22,0
3108.60387301445,7628,7316,11820,-247,-141,179,7200,-8600,10828,-43,83,-187,-13232,3872,7032,-974,216,-85,-13200,-6328,6832,-471,209,5,0
3108.637391090393,7600,7188,11796,-213,-191,195,7656,-8588,10792,-48,89,-207,-13204,3900,7144,-958,232,-83,-13220,-6208,6792,-453,252,-10,0
3108.670748949051,7228,7140,11704,-236,-200,179,7336,-8656,10548,-27,52,-232,-13060,3868,6972,-993,258,-79,-13308,-6268,6916,-468,202,-31,0
3108.704257965088,7464,7360,11612,-242,-141,158,7420,-8604,10756,-25,11,-214,-13180,3992,6912,-1017,283,-80,-13320,-6140,6732,-436,160,-28,0
3108.7379910945892,7544,7132,11712,-244,-103,153,7492,-8640,10760,-27,41,-230,-13216,3940,6844,-980,218,-73,-13072,-6200,7064,-441,202,-19,0
3108.7713639736176,7656,6988,11912,-228,-146,160,7364,-8484,10764,-25,53,-237,-13172,4060,6844,-977,180,-154,-13164,-5992,6992,-468,269,19,0
3108.804666996002,7660,6964,11820,-1,-206,179,7504,-8752,10560,-42,32,-209,-13200,4064,6880,-1029,161,-97,-13332,-6024,6996,-475,251,-10,0
3108.8413710594177,7512,6936,11652,-228,-133,201,7536,-8660,10624,-40,36,-185,-13172,4056,6948,-1033,162,-123,-13232,-6092,6752,-446,184,-41,0
3108.8776371479034,7668,7072,11860,-216,-147,180,7396,-8708,10900,-7,73,-217,-13180,4064,7020,-1053,198,-117,-13416,-6100,6980,-471,208,-71,0
3108.913248062134,7580,6912,11676,-181,-149,171,7516,-8772,10664,22,127,-183,-13168,4008,6848,-1077,124,-74,-13220,-6020,6940,-546,188,-136,0
3108.9486689567566,7560,7040,11824,-159,-110,130,7408,-8704,10756,-3,96,-163,-13112,3888,6824,-1077,157,-106,-13248,-6204,7020,-502,169,-99,0
3108.984143972397,7536,7108,11456,-178,-89,128,7416,-8600,10920,-40,99,-191,-13104,3876,6968,-1002,150,-120,-13104,-6388,6864,-476,152,-69,0
3109.019884109497,7592,7116,11708,-165,-54,86,7536,-8636,10708,-35,136,-178,-13436,3872,7136,-1026,137,-142,-13148,-6160,6892,-498,138,-175,0
3109.0549271106725,7580,7128,11656,-158,-42,63,7560,-8544,10908,-23,156,-183,-13112,3648,7160,-771,69,-86,-13236,-6348,6924,-504,156,-155,0
3109.0907039642334,7636,7216,11616,-123,-18,80,7448,-8504,10860,-50,151,-156,-13204,3756,7008,-1017,58,-93,-13284,-5952,6712,-466,168,-159,0
3109.1255910396576,7616,7104,11580,-131,-48,61,7548,-8452,10596,-76,152,-196,-13228,3892,7144,-1026,103,-78,-13304,-6304,6912,-464,173,-137,0
3109.1616599559784,7732,7136,11768,-177,-36,61,7540,-8844,10752,-74,134,-190,-13200,3948,6664,-1001,162,-72,-13540,-6040,6672,-438,138,-82,0
3109.197718143463,7564,7180,11776,-175,-3,92,7432,-8676,10564,-86,120,-162,-13168,4068,6812,-1016,126,-44,-13116,-5916,7060,-486,112,-73,0
3109.233147144317,7400,7036,11844,-152,-249,134,7420,-8812,10816,-41,80,-110,-13096,4232,6944,-1034,97,19,-13204,-6084,6960,-518,41,-140,0
3109.2686529159546,7508,7060,11660,-131,29,99,7476,-8764,10620,255,164,-117,-13228,4088,7084,-1044,63,-32,-13336,-6260,6976,-473,37,-137,0
3109.3036980628967,7496,7112,11704,-162,39,54,7540,-8748,10624,-62,180,-118,-13180,3984,7000,-988,255,-19,-13236,-6028,6928,-465,79,-155,0
3109.3395919799805,7476,7124,11980,-206,-246,74,7292,-8904,10744,-60,167,-115,-13060,4080,7048,-992,78,-37,-13148,-6368,6868,-261,105,-133,0
3109.375123977661,7564,7088,11964,-162,-60,126,7432,-8756,10776,-68,104,-160,-13168,4040,6880,-1016,113,-89,-13128,-6188,6992,-522,155,-103,0
3109.4108209609985,7340,7000,11692,-165,-125,125,7876,-8504,10552,-22,10,-183,-13064,4028,6820,-1149,215,-108,-13264,-6184,6972,-513,150,-113,0
3109.447217941284,7624,7068,11880,-150,-111,103,7188,-8904,10892,28,99,-247,-13220,3952,7144,-1026,94,-163,-13516,-6208,7156,-512,213,-124,0
3109.4838631153107,7528,7416,11548,-132,-126,100,7492,-8564,10700,-58,120,-189,-13240,3848,6924,-977,74,-98,-13568,-6252,6832,-507,162,-151,0
3109.517482995987,7544,7172,11676,-165,-96,97,7256,-8604,10556,-91,155,-192,-13212,3884,6760,-962,70,-54,-13280,-6204,6880,-482,103,-159,0
3109.5510590076447,7660,7152,11784,-160,-48,61,7544,-8920,10784,-48,165,-201,-13244,3932,7008,-954,-243,-42,-13312,-6208,6896,-462,85,-191,0
3109.5845370292664,7568,7168,11752,-169,-48,54,7476,-8672,10924,-29,197,-166,-13132,3908,6996,-989,47,-91,-13284,-6304,6968,-437,110,-170,0
3109.6180391311646,7516,7212,11672,-147,44,39,7376,-8584,10792,-87,187,-187,-13104,3996,6988,-772,86,-38,-13244,-6188,6892,-440,111,-129,0
3109.651333093643,7452,7184,11840,-180,-9,61,7324,-8692,10528,-80,148,-161,-13172,3920,6920,-960,132,-25,-13312,-6176,7060,-493,59,-126,0
3109.684883117676,7412,7072,11732,-168,-10,88,7388,-8700,10632,-83,150,-130,-13228,3968,7012,-992,75,-248,-13264,-6204,6852,-489,110,-98,0
3109.718511104584,7400,7108,11704,-169,-12,139,7380,-8764,10960,-60,117,-148,-13064,4008,6852,-1044,105,-22,-13236,-6236,6976,-495,111,-116,0
3109.7519810199738,7436,7152,11920,-171,-15,106,7268,-8712,10728,-64,91,-182,-13312,3996,6948,-1012,176,-60,-13268,-6244,6792,-446,123,-113,0
3109.7853269577026,7612,7180,11940,-219,-24,102,7676,-8700,10956,-96,130,-172,-12804,4264,6956,-963,114,-42,-13296,-6196,7088,-472,150,-108,0
3109.8188531398773,7516,7112,11816,-182,-59,78,7224,-8760,10624,-40,155,-215,-13160,4008,6900,-1000,114,-67,-13252,-6172,7032,-481,206,-121,0
3109.8522689342494,7620,7212,11776,-182,-96,68,7360,-8724,10760,-57,139,-216,-13204,3912,6828,-975,109,-163,-13204,-5944,6948,-445,216,-84,0
3109.88543510437,7472,7144,11756,-224,-145,100,7420,-8892,10584,-21,132,-234,-13096,3996,7128,-984,96,-149,-13240,-6156,7012,-459,268,-67,0
3109.918756008148,7552,7028,12020,-248,-176,114,7328,-8776,10708,-9,105,-253,-13172,4076,6812,-1027,165,-135,-13344,-6216,6944,-476,256,-66,0
3109.9520919322968,7244,7088,11808,-231,-188,144,7664,-8676,10732,-35,80,-231,-13092,3948,6860,-985,129,-130,-13180,-6140,6960,-476,197,-54,0
3109.98556303978,7600,7088,11844,-227,-181,157,7340,-8616,10632,-25,85,-205,-13192,3988,6988,-1007,151,-152,-13308,-5968,6900,-482,203,-39,0
3110.0192589759827,7476,7152,11848,-196,-140,181,7416,-8668,10684,16,103,-196,-13108,3920,6840,-1006,158,-171,-13280,-6224,7104,-468,202,-78,0
3110.0526111125946,7528,7124,11672,-195,-136,170,7468,-8716,10868,31,113,-187,-13220,3920,6856,-977,106,-108,-13336,-6216,7164,-493,177,-66,0
3110.0859739780426,7572,7212,11704,-210,-137,144,7188,-8844,10988,44,121,-198,-13208,4008,6952,-997,113,-107,-13088,-5904,7100,-259,185,-37,0
3110.1194450855255,7484,7012,11524,-214,-166,160,7496,-8616,10800,13,129,-195,-13244,3920,6708,-1003,120,-149,-13324,-6196,6880,-481,205,-73,0
3110.1526811122894,7528,7152,11740,-201,-142,144,7524,-8672,10804,12,141,-222,-13140,3840,7048,-961,134,-178,-13288,-6396,6856,-487,214,-78,0
3110.1863939762115,7592,7080,11728,-181,-186,156,7492,-8772,10644,31,134,-210,-13148,3972,6944,-993,135,-118,-13188,-6216,6888,-497,218,-87,0
3110.2199180126186,7568,7148,11700,-190,-186,155,7200,-8620,10692,-31,103,-266,-13180,3936,6888,-979,223,-86,-13260,-6388,6976,-473,209,-56,0
3110.2534890174866,7612,7040,11732,-184,-177,162,7548,-8608,10956,-24,90,-203,-13148,3932,6768,-979,166,-92,-13212,-6180,6856,-482,163,-65,0
3110.2869391441345,7648,7036,11648,-204,-164,182,7456,-8772,10688,-28,119,-203,-13288,4016,6816,-988,114,-117,-13296,-6132,6884,-471,191,-65,0
3110.3201489448547,7544,7008,12016,-194,-177,152,7532,-8464,10948,15,101,-224,-13256,3956,7044,-1008,161,-92,-13288,-6120,6828,-462,212,-79,0
3110.3537380695343,7548,7076,11860,-225,-157,160,7212,-8924,10932,9,99,-193,-13176,3948,6900,-980,99,-101,-13276,-6100,6968,-469,192,-104,0
3110.38730096817,7612,7152,11832,-172,-112,151,7388,-8648,10840,6,100,-168,-13144,3912,6872,-991,116,-110,-13272,-6212,6784,-478,177,-53,0
3110.4206581115723,7524,7036,11708,-212,-142,153,7408,-8676,10540,249,158,-198,-13168,3904,6800,-982,136,-103,-13404,-6120,6800,-465,139,-110,0
3110.4541690349574,7676,7104,11692,-125,-70,133,7612,-8652,10652,-53,116,-158,-13308,3876,6804,-966,65,-52,-13408,-6076,6812,-476,95,-152,0
3110.4875550270085,7624,6936,11700,-163,-252,84,7496,-8644,10568,-21,190,-125,-13308,4012,6780,-1012,44,-43,-13272,-5992,6764,-480,118,-141,0
3110.5238039493565,7604,6964,11680,-130,26,48,7640,-8504,10932,-16,174,-132,-13160,3792,6716,-1007,62,-73,-13552,-6200,6664,-466,110,-155,0
3110.5594720840454,7652,7136,12004,-117,13,67,7612,-8576,10744,-112,203,-176,-13228,3884,6836,-977,66,-63,-13492,-6064,6836,-475,159,-185,0
3110.5947189331055,7660,7140,11648,-174,22,68,7476,-8660,10848,-80,142,-169,-13224,3984,6816,-1009,83,-64,-13416,-5940,6720,-474,140,-142,0
3110.6302099227905,7724,7040,11704,-136,18,47,7436,-8548,10612,-76,210,-129,-13232,3956,6764,-1014,65,-17,-13280,-6156,6900,-459,73,-131,0
3110.665519952774,7540,7084,11548,-147,54,65,7640,-8676,10824,-79,197,-132,-13188,4092,6912,-968,91,-22,-13252,-6200,6940,-480,49,-162,0
3110.701408147812,7492,7136,11856,-151,59,38,7316,-8640,10704,-74,175,-142,-13184,3872,6804,-976,60,-40,-13252,-6172,6912,-453,76,-154,0
3110.737091064453,7520,6956,11548,-155,15,44,7428,-8772,10504,-73,190,-176,-13188,3916,6728,-1007,83,-79,-13500,-6236,7152,-490,127,-148,0
3110.7722949981694,7476,7144,11864,-142,-35,70,7168,-8652,10732,-42,152,-197,-13164,3968,6972,-982,80,-87,-13244,-6400,6936,-486,136,-133,0
3110.8081851005554,7440,7156,11528,-124,-49,76,7312,-8696,10548,-58,154,-208,-13172,4040,7060,-1001,71,-77,-13384,-6080,6848,-502,150,-148,0
3110.843188047409,7508,7072,11932,-144,-31,75,7500,-8716,10752,-53,156,-168,-13200,3984,6860,-1006,58,-35,-13536,-6096,6872,-520,149,-146,0
3110.8782711029053,7532,7088,11804,-128,-8,61,7500,-8748,10788,-32,165,-177,-13224,4068,7112,-1025,68,-74,-13280,-6096,7156,-760,137,-164,0
3110.9134950637817,7656,7068,11708,-149,-247,97,7484,-8708,10664,-45,175,-125,-13196,4012,6848,-994,41,-26,-13248,-6124,6848,-524,94,-137,0
3110.9492671489716,7640,7088,11796,-134,-1,77,7752,-8536,10908,-80,151,-156,-13100,3912,6960,-1034,70,-67,-13308,-6164,7016,-486,108,-112,0
3110.9845650196075,7560,7132,11648,-173,-37,75,7216,-8456,10988,-102,180,-157,-13220,3940,6856,-978,81,-27,-13220,-6120,6924,-490,113,-153,0
3111.020127058029,7388,7144,11860,-144,-38,90,7688,-8596,10572,-108,89,-129,-12864,3904,7068,-1075,103,-67,-13320,-6168,7156,-473,138,-112,0
3111.055239915848,7488,7184,11668,-131,-22,85,7532,-8656,10704,-41,164,-173,-13084,3944,6884,-992,92,-28,-13156,-6176,6660,-501,124,-136,0
3111.09108710289,7468,7080,11672,-165,-61,76,7428,-8656,10748,-61,166,-158,-13224,3996,6876,-985,88,-63,-13508,-6180,6916,-472,126,-131,0
3111.1258821487427,7492,7240,11604,-146,-33,80,7436,-8600,10712,-84,145,-177,-13104,3984,6980,-1001,87,-250,-13192,-6180,6980,-485,115,-102,0
3111.1629841327667,7592,7088,11708,-154,-84,90,7432,-8692,10716,-47,154,-149,-13156,3916,6956,-543,-446,-23,-13288,-6316,6892,-534,131,-151,0
3111.1964559555054,7472,7084,11912,-171,-48,85,7564,-8616,10592,-15,177,-176,-13120,4024,6972,-1019,114,-71,-13504,-6244,6664,-492,111,-150,0
3111.229756116867,7440,7252,11664,-165,-64,84,7248,-8464,10772,-88,172,-164,-13128,4004,6816,-1278,89,-27,-13092,-6228,7024,-466,124,-150,0
3111.2635509967804,7536,7188,11844,-184,-31,57,7180,-8760,10852,-67,135,-179,-13156,4056,6692,-940,103,-31,-13252,-6088,6948,-482,121,-105,0
3111.2971580028534,7508,7404,11720,-148,-10,104,7476,-8604,10748,-93,153,-127,-13228,4064,7140,-594,-67,-5,-13352,-5940,6920,-476,123,-121,0
3111.3303079605103,7556,7120,11568,-147,-43,104,7472,-8928,10724,-68,145,-150,-13192,4060,6992,-1016,100,-60,-13280,-6396,6952,-448,101,-124,0
3111.363971948624,7620,7212,11688,-198,10,78,7420,-8748,10792,-76,169,-139,-13172,3996,6988,-990,83,-44,-13260,-6352,6992,-486,119,-172,0
3111.4017231464386,7168,7152,11920,-185,-3,72,7376,-8684,10764,-57,161,-185,-13252,4056,6896,-1018,51,-58,-13204,-6252,6904,-504,176,-162,0
3111.4356069564815,7180,7096,11656,-130,-33,70,7416,-8804,10696,-40,148,-206,-13180,3988,6860,-775,68,-126,-13228,-6236,6956,-504,186,-114,0
3111.469186067581,7608,7140,11936,-141,-92,99,7428,-8468,10988,10,153,-191,-13104,4032,7060,-1030,123,-148,-13308,-6164,6908,-508,212,-69,0
3111.5029609203334,7244,7196,11816,-172,-106,126,7588,-8716,10508,-7,123,-237,-13036,4000,7004,-1276,142,-151,-13264,-6180,6936,-472,214,-77,0
3111.5360400676727,7668,7132,11920,-177,-144,131,7664,-8944,10884,4,116,-238,-13184,3996,6892,-998,134,-105,-13532,-6252,7128,-491,228,-94,0
3111.569927930832,7476,7136,11800,-191,-171,129,7308,-8928,10700,11,143,-234,-13152,3864,7000,-988,139,-135,-13220,-6188,6940,-495,250,-83,0
3111.6036851406097,7524,7268,11672,-212,-188,133,7372,-8688,10688,-31,117,-206,-13208,3960,6924,-985,135,-151,-13204,-6200,6948,-475,203,-69,0
3111.6370470523834,7476,7100,11680,-162,-164,132,7432,-8680,10700,-9,122,-229,-13228,3960,6852,-971,140,-161,-13384,-6216,6892,-489,182,-72,0
3111.6705729961395,7508,7220,11660,-206,-134,129,7404,-8456,10672,-23,143,-223,-13176,3888,6712,-1004,130,-100,-13352,-6264,6844,-487,196,-95,0
3111.7041289806366,7604,7220,11644,-218,-148,133,7348,-8636,10928,7,147,-224,-13144,3964,6808,-1037,118,-143,-13268,-6196,6976,-480,211,-72,0
3111.7375140190125,7456,7232,11784,-171,-143,138,7460,-8780,10704,18,128,-220,-13216,3948,6948,-1009,156,-132,-13152,-6184,6828,-482,220,-80,0
3111.7712409496307,7448,7412,11756,-223,-156,150,7476,-8688,10728,19,129,-229,-13252,4000,7012,-1020,164,-183,-13260,-6220,6928,-475,252,-66,0
3111.804748058319,7460,7220,11712,-211,-182,173,7352,-8608,10672,-14,64,-245,-13256,4008,7076,-1000,178,-154,-13296,-5892,6700,-488,229,-34,0
3111.838403940201,7548,7056,11896,-179,-185,164,7380,-8728,10928,-14,77,-197,-13204,4044,6692,-1049,154,-98,-13232,-5896,6776,-261,199,-55,0
3111.8719539642334,7652,7100,11788,-184,-179,149,7184,-8916,10808,51,122,-193,-13112,3944,6852,-1090,105,-105,-13568,-6164,6876,-503,175,-64,0
3111.905256032944,7504,6928,11636,-165,-117,138,7448,-8624,10704,13,130,-178,-13180,3768,6940,-1005,138,-111,-13532,-6192,7048,-465,116,-89,0
3111.938903093338,7572,7084,11572,-174,-107,108,7472,-8732,10948,-7,111,-181,-13176,3904,6804,-982,144,-140,-13384,-6168,6904,-484,196,-54,0
3111.9721770286565,7504,7092,11780,-228,-156,134,7648,-8452,10564,13,117,-195,-13192,3940,6900,-989,148,-119,-13376,-6116,7020,-494,206,-61,0
3112.005599975586,7572,7104,11596,-175,-150,158,7452,-8872,10988,-251,143,-187,-13160,3988,6972,-1003,124,-64,-13300,-6116,6892,-487,177,-100,0
3112.0392220020294,7608,7172,11792,-184,-148,140,7400,-8636,10832,-8,115,-181,-13148,4032,6716,-1038,178,-95,-13272,-6208,6888,-492,148,-82,0
3112.0728280544286,7504,7096,11684,-179,-117,125,7480,-8604,10788,-28,108,-196,-13216,3988,6932,-1012,126,-111,-13344,-6200,6820,-506,181,-108,0
3112.1064920425415,7564,7032,11708,-149,-140,116,7176,-8740,10692,-14,151,-194,-13248,3992,6888,-984,94,-123,-13276,-6172,6912,-517,192,-106,0
3112.1396410465245,7660,7164,11720,-134,-145,98,7480,-8568,10672,-39,148,-174,-12828,3956,6896,-982,116,-106,-13244,-6140,6772,-487,198,-120,0
3112.1733350753784,7560,7072,11572,-156,-63,95,7464,-8644,10760,-61,151,-182,-13176,3900,7044,-991,91,-77,-13264,-6228,6748,-507,137,-106,0
3112.2112569808965,7480,7160,11640,-170,-26,91,7472,-8584,10700,-36,194,-154,-13252,3916,7100,-991,65,-55,-13472,-5904,6772,-458,133,-129,0
3112.246204137802,7608,7108,11728,-157,51,56,7672,-8660,10628,-64,215,-143,-13176,3876,6856,-995,30,-50,-13364,-6372,6860,-499,125,-184,0
3112.2817909717564,7516,7412,11888,-150,13,79,7460,-8944,10868,-67,191,-135,-13244,3960,7116,-1019,64,-47,-13308,-6056,6784,-462,113,-143,0
3112.318608045578,7580,7152,11656,-123,14,72,7392,-8624,10872,-118,209,-141,-13144,3896,6832,-995,28,-41,-13088,-6372,6944,-486,112,-189,0
3112.353870153427,7544,7124,11832,-105,46,46,7492,-8704,10752,-102,238,-163,-13176,3960,7120,-955,-26,-57,-13248,-6040,6968,-485,120,-207,0
3112.3896191120148,7592,7160,11668,-129,-9,17,7672,-8476,10920,-44,242,-167,-13172,4024,7052,-1022,-27,-34,-13092,-6344,6912,-489,122,-185,0
3112.424915075302,7668,7156,11564,-102,10,52,7392,-8648,10696,-50,223,-170,-13080,3948,7028,-1010,24,-75,-13248,-6248,7000,-502,153,-159,0
3112.4602451324463,7528,7184,11820,-149,-41,53,7316,-8764,10744,-75,207,-159,-13216,4020,7016,-994,78,-48,-13280,-6252,6704,-464,169,-134,0
3112.4955480098724,7460,7208,11584,-163,-49,69,7328,-8640,10664,-111,159,-169,-13180,3912,6752,-982,81,-70,-13452,-6228,6708,-467,116,-103,0
3112.531336069107,7576,7164,11764,-122,-22,93,7360,-8948,10656,-96,147,-150,-13176,4224,6816,-1001,31,-14,-13192,-5972,6884,-525,84,-129,0
3112.5661840438843,7492,7184,11712,-140,-81,120,7320,-8768,10800,-3,144,-168,-13180,3904,7036,-1045,76,-100,-13324,-6252,6892,-539,130,-100,0
3112.602431058884,7512,7268,11740,-96,-49,88,7184,-8520,10640,-52,181,-142,-13140,3992,7120,-1005,1,-58,-13376,-6332,6752,-512,102,-149,0
3112.6381459236145,7576,7404,11764,-144,-35,28,7544,-8452,10560,-76,225,-169,-13180,3912,6756,-952,15,-64,-13536,-6388,7048,-463,101,-170,0
3112.673129081726,7588,7144,11880,-174,-21,36,7224,-8568,10572,-54,398,-90,-13224,3812,6956,-950,130,-112,-13116,-6220,6768,-418,132,-179,0
3112.7090859413147,7460,6968,11696,-179,-26,47,7424,-8652,10696,-75,203,-113,-13104,4004,6896,-994,20,-5,-13284,-6244,6952,-487,84,-179,0
3112.744081020355,7484,7264,11692,-167,17,62,7432,-8796,10744,-76,219,-116,-13084,4048,6736,-946,-21,250,-13312,-6256,6784,-481,39,-125,0
3112.7801449298854,7324,7164,11820,-203,0,48,7272,-8696,10772,-92,215,-119,-13124,4004,7312,-939,-15,-68,-13304,-6252,7092,-486,114,-137,0
3112.8149559497833,7460,7220,11700,-158,-18,54,7640,-8800,10768,-57,165,-175,-13144,3944,6824,-935,57,-59,-13252,-6388,7020,-490,148,-120,0
3112.851405143738,7376,7144,11612,-179,-75,95,7280,-8736,10596,-27,164,-174,-12920,3872,6664,-926,25,-123,-13196,-6192,6784,-487,142,-100,0
3112.8847110271454,7444,7180,11828,-126,-37,82,7400,-8772,10676,-81,170,-169,-13160,4040,6992,-989,53,-57,-13564,-6212,7160,-511,118,-109,0
3112.9181780815125,7500,7192,11696,-123,-47,89,7324,-8812,10852,-34,189,-139,-13212,4080,6900,-968,57,-13,-13468,-6220,6932,-497,135,-118,0
3112.9518010616302,7444,7168,11480,-172,-6,75,7384,-8660,10620,-38,211,-134,-13176,3944,6924,-1018,23,-22,-13236,-6276,6912,-478,159,-145,0
3112.9855859279633,7384,7268,11592,-165,-47,64,7332,-8724,10956,-23,204,-173,-13164,3960,6980,-992,5,-99,-13172,-6276,7048,-507,157,-123,0
3113.019184112549,7408,7284,11752,-147,-62,60,7368,-8720,10960,-74,166,-170,-13180,4264,7068,-1017,81,-130,-13264,-6260,7036,-471,131,-133,0
3113.05263710022,7660,7196,11704,-137,12,57,7400,-8840,10784,-55,212,-169,-13220,3892,7104,-1015,66,-62,-13240,-6344,6904,-477,141,-139,0
3113.0860230922694,7468,7236,11564,-188,-81,92,7332,-8724,10780,19,160,-202,-13212,3960,6940,-1007,109,-69,-13248,-6256,7128,-481,229,-101,0
3113.1196961402893,7372,7344,11716,-164,-102,139,7196,-8816,10832,-8,118,-213,-13040,4024,7048,-1003,154,-146,-13252,-5980,7020,-478,213,-65,0
3113.1528329849243,7460,7420,11584,-160,-186,137,7296,-8772,10872,-29,100,-6,-13156,4032,6924,-963,132,-141,-13316,-6192,6928,-515,216,-64,0
3113.1866829395294,7476,7240,11576,-180,-154,184,7184,-8628,10688,-31,125,-187,-13160,4108,6840,-1025,185,-153,-13220,-6284,6820,-477,178,-70,0
3113.220123052597,7516,7192,11784,-154,-145,186,7340,-8632,10800,-36,78,-184,-13092,4048,7052,-1010,154,-93,-13332,-6164,6880,-522,167,-79,0
3113.253653049469,7516,7280,11636,-149,-90,158,7384,-8756,10808,-11,136,-161,-13200,3880,6788,-1273,156,-35,-13280,-6300,6776,-528,142,-66,0
3113.2874150276184,7436,7240,11832,-231,-110,157,7412,-8652,10824,4,167,-178,-13300,3968,6980,-1034,174,-80,-13072,-6144,6720,-478,176,-93,0
3113.3212180137634,7460,6920,11956,-196,-117,136,7348,-8728,10852,1,148,-219,-13152,3912,6880,-1018,161,-137,-13280,-6216,6900,-505,219,-99,0
3113.354654073715,7448,7312,11604,-203,-185,125,7304,-8492,10884,8,133,-264,-13172,3944,7108,-1024,171,-185,-13308,-6176,6684,-493,255,-62,0
3113.3882229328156,7544,7412,11716,-194,-191,136,7168,-8960,10832,250,113,-291,-13240,4016,7036,-995,201,-174,-13400,-6104,6912,-476,225,-45,0
3113.421688079834,7628,7168,11660,-225,-192,140,7456,-8772,10600,-248,99,-258,-13180,3944,7032,-1005,149,-133,-13292,-6132,6768,-473,251,-62,0
3113.4552180767055,7608,7412,11696,-222,-206,168,7424,-8756,10832,11,133,-198,-13136,3964,6928,-1278,181,-88,-13428,-5984,6812,-482,201,-66,0
3113.4889020919804,7480,7168,11692,-202,-165,151,7480,-8632,10788,-8,166,-207,-13164,3920,7076,-1003,127,-122,-13220,-6384,6932,-501,168,-80,0
3113.5224390029907,7628,7184,11540,-204,-164,128,7348,-8632,10760,3,167,-190,-13212,3920,6568,-1086,475,-148,-13288,-5900,7080,-489,167,-91,0
3113.5558331012726,7408,7208,11688,-184,-158,148,7312,-8944,10808,28,173,-180,-13156,4024,6880,-1012,105,-92,-13204,-6256,6700,-505,190,-98,0
3113.5894320011134,7524,7248,11852,-190,-156,152,7288,-8616,10832,12,135,-212,-13088,4036,6968,-993,121,-86,-13068,-6136,6836,-490,168,-83,0
3113.6229391098022,7620,7212,11712,-202,-181,161,7352,-8600,10644,-4,114,-174,-13184,4008,6928,-994,135,-131,-13288,-6168,6796,-486,183,-66,0
3113.6564869880676,7612,6968,11584,-195,-147,167,7288,-8764,10892,-21,114,-194,-13140,3848,7080,-981,155,-110,-13372,-6164,6828,-485,194,-50,0
3113.6899940967564,7896,7188,11692,-182,-153,148,7356,-8680,10840,-31,121,-204,-13128,4016,6712,-1005,146,-93,-13332,-6232,6768,-496,172,-113,0
3113.7236421108246,7568,7224,11604,-149,-112,111,7344,-8452,10932,-48,154,-189,-13180,3892,7008,-1022,116,-62,-13072,-5960,6448,-492,148,-120,0
3113.757303953171,7660,7048,11736,-150,-52,88,7492,-8736,10516,-47,142,-147,-13132,3956,7032,-989,115,-44,-13328,-6168,6756,-508,125,-144,0
3113.7907960414886,7640,7116,11588,-157,5,87,7348,-8588,10780,-30,178,-164,-13096,3980,6688,-1004,97,-41,-13420,-6100,6692,-501,108,-147,0
3113.8243241310124,7564,7220,11620,-144,-3,66,7368,-8788,10940,-59,161,-155,-13180,3908,6916,-1052,74,-74,-13504,-6144,6784,-488,123,-165,0
3113.8577139377594,7568,7072,11944,-141,251,73,7396,-8772,10824,-66,152,-163,-13124,3904,6760,-993,47,-63,-13516,-6220,6756,-476,113,-170,0
3113.8944420814514,7400,7268,11676,-117,4,65,7396,-8932,10956,-71,165,-164,-13232,4012,6692,-1007,87,-35,-13360,-6200,6804,-511,142,-159,0
3113.9308581352234,7500,7308,11660,-100,-30,74,7304,-8720,10664,-76,135,-183,-13112,4008,7000,-967,138,-73,-13556,-6212,6916,-512,131,-142,0
3113.9659800529485,7556,7232,11628,-132,-26,71,7316,-8452,10852,-66,163,-162,-13164,3960,6900,-1030,142,-79,-13276,-6236,6864,-457,143,-136,0
3114.002531051636,7516,7280,11372,-159,-37,90,7400,-8648,10868,-112,135,-178,-13192,3984,7028,-994,114,-46,-13148,-6192,6676,-475,113,-119,0
3114.0381989479065,7528,7188,11824,-136,251,51,7372,-8676,10848,-95,170,-149,-13180,4028,6928,-1269,73,-85,-13552,-6100,6832,-496,108,-156,0
3114.0730199813843,7564,7376,11560,-180,-60,75,7232,-8704,10816,253,142,-173,-13196,3984,6920,-1056,78,-51,-13332,-6264,6792,-271,100,-154,0
3114.1086089611053,7532,7236,11728,-114,-28,75,7320,-8660,10828,-55,176,-174,-13284,3984,6940,-1017,49,-67,-13300,-6180,6748,-521,112,-155,0
3114.143450975418,7552,7228,11688,-155,-24,33,7404,-8820,10756,-70,139,-161,-13192,3968,7164,-1006,34,-2,-13552,-6192,6676,-487,108,-171,0
3114.1794970035553,7552,7408,11616,-166,-243,56,7388,-8556,10760,-37,188,-123,-13184,3968,6896,-1018,50,-66,-13340,-6200,6876,-498,76,-181,0
3114.214667081833,7568,7400,11696,-133,33,56,7400,-8752,10660,-64,164,-133,-13080,4056,7024,-1019,73,37,-13268,-6196,6904,-495,53,-134,0
3114.2508220672607,7524,7288,11684,-167,37,65,7236,-8772,10696,-82,185,-146,-13208,3956,6964,-991,33,-14,-13264,-6260,6800,-467,78,-174,0
3114.2871041297913,7372,7216,11652,-182,-45,82,7316,-8856,10712,-79,184,-158,-13300,3980,6960,-1012,79,-85,-13192,-6084,6736,-489,122,-151,0
3114.322541952133,7592,7268,11688,-184,-85,74,7132,-8712,10848,-17,134,-198,-13284,4044,6884,-991,82,-32,-13264,-6396,6696,-497,173,-125,0
3114.3576350212097,7648,6944,11704,-156,-82,103,7344,-8692,10816,-57,139,-198,-13056,4056,7080,-985,101,-78,-13336,-6212,6912,-476,146,-108,0
3114.3933460712433,7456,7252,11760,-143,-122,91,7624,-8736,10764,-64,138,-182,-13092,3968,6964,-1028,122,-84,-13344,-6212,6936,-476,153,-125,0
3114.429706096649,7504,7344,11620,-156,-50,84,7360,-8708,10900,-39,140,-191,-13204,3968,6800,-994,82,-48,-13284,-6192,6972,-508,123,-150,0
3114.4650449752808,7396,7240,11988,-159,-22,90,7360,-8760,10836,-39,161,-137,-13088,3952,6720,-1006,122,-107,-13524,-6160,7128,-522,108,-132,0
3114.5006060600285,7532,7260,11736,-149,-48,83,7328,-8756,10900,-57,120,-159,-13180,3944,6996,-1007,104,-53,-13204,-6228,6892,-505,124,-144,0
3114.536134004593,7432,7228,11992,-165,-37,74,7312,-8720,10884,-113,154,-188,-13164,3928,7096,-949,103,-29,-13084,-6184,6840,-480,122,-96,0
3114.569848060608,7548,7256,11544,-152,-54,90,7268,-8860,10556,-60,113,-155,-13080,3992,7116,-1011,111,-13,-13224,-6092,6808,-482,165,-121,0
3114.603609085083,7232,7244,11524,-174,-251,83,7296,-8804,10588,-26,141,-163,-13144,4020,6756,-1042,95,-68,-13272,-6184,6768,-258,142,-130,0
3114.6370599269867,7524,7260,11692,-146,-20,82,7292,-8756,10860,-19,146,-187,-13160,4024,6944,-1019,99,-108,-13228,-6220,6924,-511,187,-113,0
3114.6705961227417,7612,7304,11692,-126,-43,105,7328,-8744,10716,-14,141,-192,-13312,3972,6784,-987,129,-88,-13324,-6192,6948,-489,217,-81,0
3114.7038860321045,7372,7344,11468,-189,-113,132,7312,-8940,10764,-44,159,-183,-13192,4040,7028,-968,119,-66,-13220,-6168,7000,-457,189,-63,0
3114.737512111664,7600,7296,11768,-189,-120,165,7244,-8732,10828,-56,143,-178,-13124,4116,7060,-997,138,-50,-13220,-6020,6720,-533,173,-79,0
3114.7712910175323,7572,7280,11852,-200,-154,156,7308,-8720,10708,-15,118,-188,-13076,3984,7012,-1007,87,-86,-13260,-6204,6832,-492,183,-67,0
3114.8048400878906,7440,7332,11636,-211,-144,157,7220,-8644,10816,-24,159,-181,-13196,3932,6952,-1031,132,-89,-13232,-6340,6816,-471,177,-88,0
3114.8384349346165,7604,7300,11596,-191,-108,127,7276,-8672,10752,-1,144,-197,-13096,3948,7064,-950,132,-118,-13232,-6192,6800,-468,189,-93,0
3114.871945142746,7452,7168,11780,-1,-128,98,7260,-8908,10852,8,130,-204,-13104,3856,7068,-997,126,-123,-13276,-6016,6824,-491,213,-33,0
3114.9050199985504,7588,7208,11616,-192,-145,169,7368,-8768,10784,16,136,-195,-13152,3996,6880,-993,154,-138,-13480,-6396,6844,-490,186,-38,0
3114.9382970333095,7532,7292,11716,-207,-120,167,7564,-8460,10952,17,85,-193,-13188,3952,6888,-1004,145,-124,-13256,-6216,7024,-497,184,-63,0
3114.971867084503,7484,7252,11828,-209,-138,153,7360,-8692,10856,-25,106,-178,-13248,3944,7044,-992,154,-117,-13316,-6200,6832,-497,148,-87,0
3115.0054371356964,7560,7204,11732,-198,-123,141,7192,-8752,10836,-19,136,-185,-13184,3904,7092,-1013,124,-105,-13304,-6100,6656,-497,176,-75,0
3115.039052963257,7536,7196,11640,-182,-140,151,7388,-8760,10904,38,124,-205,-13128,3964,6892,-1274,144,-102,-13264,-6216,6800,-501,181,-92,0
3115.072649002075,7604,7312,11588,-206,-134,137,7320,-8812,10756,13,108,-221,-13120,3936,7004,-1005,135,-128,-13276,-6116,6728,-495,184,-75,0
3115.105968952179,7532,7388,11604,-187,-165,131,7384,-8760,10844,-9,146,-197,-13208,3964,7044,-1004,166,-140,-13228,-6240,6924,-481,197,-109,0
3115.139745950699,7532,7212,11648,-208,-102,127,7392,-8656,10696,-16,135,-216,-12824,4016,6696,-1014,104,-110,-13296,-5960,6804,-490,205,-100,0
3115.1734430789948,7512,7200,11604,-215,-158,155,7252,-8724,10896,2,147,-189,-13152,4008,6872,-772,128,-120,-13304,-6112,6840,-496,222,-81,0
3115.2071170806885,7560,7196,11724,-210,-185,148,7252,-8736,10776,-8,148,-230,-13208,3984,6988,-974,145,-88,-13304,-6176,7096,-488,194,-86,0
3115.2403581142426,7472,7212,11652,-211,-173,147,7396,-8704,10544,-34,114,-206,-13148,3972,6928,-990,152,-121,-13220,-6160,6776,-503,155,-94,0
3115.273967027664,7616,7188,11676,-194,-144,123,7308,-8724,10744,-19,131,-183,-13208,3924,6956,-998,119,-132,-13404,-6192,6736,-496,163,-134,0
3115.3077900409694,7588,7228,11672,-167,-127,110,7212,-8660,10776,-10,133,-194,-13124,3928,6676,-996,94,-72,-13348,-5948,6844,-492,109,-150,0
3115.3411209583282,7644,7220,11548,-149,-66,89,7372,-8460,10736,-49,136,-169,-13300,3896,7120,-1010,116,-26,-13296,-6396,6792,-768,103,-131,0
3115.3746819496155,7636,7344,11448,-149,-51,84,7404,-8632,10848,-72,144,-157,-13240,3984,6948,-974,141,-16,-13324,-6140,6740,-473,128,-125,0
3115.4076731204987,7656,7296,11644,-156,-40,89,7376,-8696,10744,-73,117,-136,-13212,3920,6780,-972,130,-28,-13368,-6136,6872,-508,74,-129,0
3115.4411170482635,7692,7228,11868,-126,-19,107,7192,-8792,10788,-68,148,-141,-13188,3972,6772,-1041,137,-16,-13236,-6160,6752,-539,111,-94,0
3115.474590063095,7492,7144,11808,-172,-27,85,7676,-8636,10520,-12,149,-153,-13152,3864,6968,-1064,95,-70,-13460,-6212,6788,-507,143,-166,0
3115.5081131458282,7600,7336,11736,-121,-15,64,7280,-8676,10924,-22,167,-145,-13228,3960,7044,-1008,111,-36,-13060,-6280,6752,-488,91,-166,0
3115.5412690639496,7608,7256,11992,-136,-28,3,7368,-8788,10672,-39,170,-172,-13120,4028,6952,-998,29,-40,-13252,-6236,6868,-464,124,-183,0
3115.57928109169,7616,7228,11736,-191,-5,43,7260,-8744,10716,-50,186,-177,-13104,4052,6824,-992,35,-37,-13480,-5932,6884,-478,102,-164,0
3115.6144070625305,7532,6928,11572,-133,-36,57,7388,-8740,10764,-45,164,-137,-13164,3984,6984,-990,49,-236,-13228,-6220,6816,-520,48,-168,0
3115.6499700546265,7460,7252,11852,-130,-8,71,7288,-8920,10600,-58,161,-137,-13120,4076,6956,-978,61,-50,-13180,-6168,6872,-528,64,-180,0
3115.685471057892,7536,7272,11908,-168,-17,60,7260,-8480,10828,-93,158,-159,-13140,4012,6892,-979,43,-40,-13244,-6204,6832,-498,107,-148,0
3115.7216689586644,7560,7216,11752,-139,-18,59,7268,-8660,10832,-51,159,-167,-13132,3924,6976,-995,96,-43,-13260,-6288,6708,-515,129,-176,0
3115.75768494606,7508,7212,11696,-192,-72,94,7280,-8668,10648,-30,118,-188,-13084,4008,7160,-983,105,-108,-13244,-6396,6752,-495,196,-121,0
3115.7927980422974,7524,6984,11688,-123,-38,103,7344,-8952,10584,-58,110,-166,-13216,3916,6816,-1004,101,-59,-13396,-6176,6836,-487,136,-107,0
3115.827616930008,7568,7224,11760,-163,-83,107,7400,-8760,10828,-39,124,-164,-13160,4000,7060,-993,99,-52,-13524,-6176,6904,-476,139,-124,0
3115.8637211322784,7504,7288,11604,-173,15,86,7344,-8664,10692,-62,162,-149,-13160,3944,6716,-1003,83,-26,-13060,-6160,6932,-484,130,-122,0
3115.8987560272217,7540,7264,11808,-140,-24,71,7280,-8752,10744,-50,171,-140,-13100,3984,7164,-1000,76,-40,-13280,-6260,7000,-498,113,-138,0
3115.9336810112004,7444,7204,11716,-154,20,91,7268,-8660,10824,-75,169,-140,-13180,3984,6928,-981,49,-44,-13320,-6264,6872,-493,103,-158,0
3115.969264984131,7516,7240,11656,-164,-31,84,7276,-8768,10952,-100,158,-152,-13116,4012,6696,-976,61,-62,-13264,-6140,6968,-467,118,-123,0
3116.0050389766693,7512,7260,11708,-141,8,110,7356,-8872,10632,-54,135,-162,-13180,4048,6880,-1019,111,-39,-13268,-6252,6836,-502,160,-143,0
3116.0407400131226,7492,7240,11696,-141,-13,93,7324,-8708,10904,-32,133,-180,-13132,3996,7056,-979,89,-103,-13472,-6152,6840,-495,161,-92,0
3116.0755231380463,7540,7296,11876,-163,-14,106,7320,-8940,10972,-17,125,-218,-13192,4012,6824,-986,118,-72,-13312,-6268,6880,-477,182,-94,0
3116.1117539405823,7592,7344,11948,-198,-115,108,7312,-8732,10552,-16,168,-204,-13084,3964,6984,-958,101,-133,-13088,-6400,7152,-466,189,-71,0
3116.147711992264,7492,7252,11856,-199,-182,155,7216,-8808,10864,29,133,-203,-13084,4016,7092,-1021,110,-154,-13284,-6272,6824,-490,232,-65,0
3116.182681083679,7660,7252,11660,-239,-470,182,7264,-8584,10876,46,119,-187,-13284,3896,6824,-1006,114,-144,-13340,-6316,6872,-502,206,-65,0
3116.2182009220123,7468,7336,11748,-167,-187,136,7340,-8644,10496,-28,137,-220,-13256,3940,6960,-996,132,-118,-13264,-6188,6888,-487,195,-65,0
3116.2515909671783,7476,7268,11656,-233,-150,126,7332,-8732,10620,-8,128,-193,-13196,3964,6844,-955,124,-128,-13244,-6176,6784,-468,190,-41,0
3116.2852561473846,7536,7240,11628,-214,-113,137,7296,-8692,10984,27,103,-172,-13276,3884,6816,-1023,126,-117,-13380,-6056,6760,-495,170,-57,0
3116.319067001343,7688,7312,11584,-180,-95,133,7312,-8656,10776,34,124,-164,-13224,3984,6876,-998,126,-73,-13476,-6196,6800,-478,160,-89,0
3116.3524100780487,7520,7160,11976,-193,-107,144,7340,-8716,10788,-26,143,-206,-13224,4020,7016,-993,144,-63,-13068,-6212,6788,-472,164,-59,0
3116.3856210708614,7488,7280,11604,-192,-130,152,7316,-8916,10504,-7,153,-202,-13176,3912,6932,-1015,135,-175,-13308,-6152,6820,-487,197,-70,0
3116.4215049743652,7524,7228,11392,-176,-144,164,7320,-8632,10736,49,93,-239,-13176,3944,6796,-1013,141,-167,-13284,-6180,6808,-492,256,-59,0
3116.4553730487823,7540,7180,12016,-209,-214,150,7332,-8652,10772,37,109,-247,-13072,3944,6876,-1006,141,-123,-13524,-6156,6768,-473,236,-65,0
3116.488799095154,7556,7308,11752,-194,-170,169,7280,-8868,10900,0,62,-219,-13244,4016,7136,-990,189,-96,-13484,-6272,6980,-462,187,-52,0
3116.5223250389095,7556,7044,11644,-209,-122,141,7348,-8820,10868,-11,117,-211,-13156,3924,6876,-1007,131,-134,-13552,-6200,6760,-459,176,-98,0
3116.5555939674377,7564,7416,11756,-200,-138,138,7348,-8800,10792,22,150,-209,-13100,4060,6940,-1033,107,-139,-13460,-6192,6784,-502,200,-82,0
3116.58905005455,7584,7320,11552,-191,-185,148,7268,-8960,11000,9,136,-216,-13160,4016,7120,-985,164,-102,-13236,-6236,7056,-486,197,-44,0
3116.6225719451904,7584,7232,11332,-203,-155,165,7292,-8632,10736,-37,117,-203,-13136,3936,6984,-968,164,-111,-13384,-6164,6796,-483,138,-88,0
3116.6557290554047,7688,7160,11676,-172,-105,133,7332,-8728,10768,-22,128,-196,-13220,4052,6872,-1007,93,-73,-13380,-6100,6620,-488,154,-116,0
3116.692621946335,7580,6936,11668,-168,-101,116,7212,-8652,10744,33,114,-148,-13268,3900,6940,-1041,90,-108,-13308,-6268,6832,-507,155,-129,0
3116.726138114929,7576,7208,11516,-105,-20,71,7372,-8608,10992,-50,160,-203,-13256,3904,6800,-992,81,-99,-13404,-6124,6836,-465,103,-128,0
3116.7596640586853,7624,7156,11716,-170,-45,63,7408,-8752,10904,-50,140,-162,-13244,3848,6840,-1014,69,-63,-13316,-6224,6760,-479,136,-143,0
3116.793002128601,7892,7320,11708,-158,-33,82,7468,-8636,10916,-45,144,-157,-13292,3964,6816,-984,97,-43,-13276,-6164,6736,-475,94,-110,0
3116.8266401290894,7544,7212,11568,-150,-23,126,7360,-8664,10860,-33,126,-114,-13168,3892,7036,-1027,119,-50,-13384,-6172,6656,-488,118,-101,0
3116.8600239753723,7512,7240,11640,-160,-12,128,7332,-8664,10788,-56,130,-165,-13268,3928,7076,-1272,99,-59,-13344,-6200,6784,-480,107,-144,0
3116.893410921097,7212,7216,11664,-133,-61,54,7280,-8720,10848,-69,152,-179,-13084,3900,7060,-982,82,-68,-13392,-6160,6888,-486,144,-163,0
3116.9268889427185,7440,7196,11796,-153,-74,56,7216,-8788,10940,-24,186,-200,-13144,4060,6980,-1002,43,-89,-13280,-6172,7044,-485,172,-157,0
3116.9601969718933,7232,7256,11628,-185,-111,82,7240,-8476,10964,253,164,-210,-13096,4180,6840,-997,79,-106,-13212,-6376,6672,-451,191,-80,0
3116.9935319423676,7468,7360,11652,-184,-111,125,7216,-8720,10872,-256,122,-209,-13060,4128,6892,-977,125,-141,-13460,-6212,6828,-508,228,-70,0
3117.027365922928,7584,7228,11620,-187,-192,177,7300,-8784,10856,-5,80,-220,-13132,4028,7088,-992,125,-128,-13320,-6184,6828,-495,204,-76,0
3117.0606820583344,7636,7168,11568,-167,-230,172,7316,-8744,10644,-30,79,-238,-13200,3968,6828,-991,68,-85,-13364,-6288,6736,-490,184,-106,0
3117.0942571163177,7732,7180,11692,-168,-146,151,7244,-8628,10648,-14,154,-180,-13276,3916,6852,-989,81,-73,-13432,-6208,6776,-495,106,-134,0
3117.1277549266815,7696,7212,11736,-177,-53,59,7436,-8600,10796,-6,195,-147,-13176,3904,6936,-1029,23,-97,-13388,-6100,6780,-453,73,-161,0
3117.1611890792847,7668,7320,11604,-175,19,61,7372,-8644,10788,-46,177,-143,-13132,3900,6880,-1022,108,-40,-13220,-6180,6860,-475,110,-118,0
3117.1948461532593,7660,7224,11720,-164,-42,93,7372,-8636,10936,-33,144,-185,-13312,3968,6788,-992,112,-62,-13260,-6148,6800,-472,141,-86,0
3117.2306640148163,7576,7180,11756,-155,-90,119,7356,-8620,10500,-67,122,-175,-13240,3936,6816,-968,65,-70,-13256,-5952,6760,-451,141,-131,0
3117.266175031662,7604,7420,11536,-178,-94,85,7288,-8652,10876,-31,143,-153,-13228,4000,6996,-985,62,-50,-13324,-6228,6748,-443,164,-108,0
3117.3019030094147,7472,7216,11720,-208,-76,99,7344,-8660,10756,-9,134,-160,-13152,4016,6916,-1014,121,-60,-13280,-6204,7060,-458,158,-101,0
3117.33749294281,7464,7232,11552,-161,-87,108,7184,-8656,10944,-17,147,-173,-13112,4056,6976,-1002,111,-34,-13324,-6196,6720,-487,167,-110,0
3117.372412919998,7524,7340,11660,-129,-86,120,7240,-8728,10788,-31,102,-211,-13188,4052,6960,-1004,127,-105,-13360,-6164,6820,-498,170,-120,0
3117.4087901115417,7428,7280,11308,-125,-77,139,7280,-8620,10780,-56,103,-175,-13160,3968,6940,-1012,125,-25,-13120,-6352,6772,-490,136,-96,0
3117.4434790611267,7632,7196,11540,-148,-68,109,7376,-8784,10932,-48,102,-183,-13144,3980,6720,-994,127,-71,-13064,-6348,6772,-458,135,-128,0
3117.4798300266266,7744,7288,11600,-144,-109,117,7360,-8684,10696,-45,123,-188,-13284,3996,6724,-993,99,-74,-13276,-6156,6812,-475,123,-115,0
3117.515365123749,7768,7368,11624,-163,-111,88,7676,-8696,10876,-22,152,-192,-13276,3932,6908,-987,81,-96,-13384,-6228,6708,-466,132,-133,0
3117.5508849620815,7664,7232,11656,-206,-85,89,7340,-8568,10968,-26,177,-182,-13176,3976,6912,-969,77,-95,-13340,-6128,6828,-468,109,-145,0
3117.585943937301,7476,7196,11624,-193,-106,57,7396,-8660,10752,24,192,-154,-13244,3996,6972,-1067,28,-58,-13288,-6016,6776,-482,142,-170,0
3117.6220760345454,7520,7240,11644,-226,-85,118,7212,-8524,10904,45,135,-156,-13080,3884,6856,-1037,113,-106,-13380,-6336,6812,-498,141,-112,0
3117.6578459739685,7620,7444,11488,-122,-51,109,7264,-8600,10912,-76,118,-183,-13188,3624,7216,-1037,127,-71,-13360,-6184,6840,-503,89,-146,0
3117.693516969681,7724,7236,11504,-163,16,91,7476,-8744,10684,-39,160,-154,-13152,4000,6956,-1022,53,-28,-13128,-6160,6896,-492,94,-135,0
3117.7291440963745,7568,7136,11632,-143,15,86,7216,-8740,10760,-57,173,-134,-13192,3948,7032,-1040,54,-41,-13288,-6200,6796,-482,67,-145,0
3117.764261007309,7536,7320,11572,-105,255,78,7308,-8484,10856,-73,169,-147,-13200,4024,7116,-992,80,-19,-13148,-6348,6832,-476,71,-161,0
3117.8006939888005,7440,7348,11752,-149,23,49,7268,-8640,10624,-92,176,-136,-13132,3952,7104,-1002,33,-60,-13284,-6128,6708,-477,124,-146,0
3117.8357219696045,7612,7208,11572,-167,-16,77,7236,-8720,10736,-31,196,-153,-13120,3976,7148,-1013,63,-60,-13172,-6184,6764,-496,146,-143,0
3117.8716809749603,7600,7356,11656,-142,-85,92,7288,-8640,10748,-27,132,-176,-13072,4292,6660,-979,132,-37,-13164,-6084,6808,-493,183,-105,0
3117.907259941101,7524,7280,11616,-170,-66,108,7260,-8776,10748,-53,73,-214,-13132,3952,7064,-1021,146,-69,-13188,-6168,6860,-472,195,-115,0
3117.940561056137,7636,7272,11656,-178,-66,103,7308,-8944,10520,-56,92,-190,-13140,4000,6816,-999,152,-98,-13416,-6176,6932,-468,129,-144,0
3117.9738831520085,7548,7232,11596,-142,-13,78,7428,-8584,10780,-45,136,-171,-13324,4004,6712,-992,74,-56,-13284,-6312,6776,-493,127,-162,0
3118.007331132889,7580,7292,11544,-144,-254,77,7440,-8712,10776,-8,180,-138,-13284,3976,7012,-1022,60,-24,-13392,-6136,6848,-528,97,-146,0
3118.0406880378723,7548,7248,11668,-148,-12,77,7360,-8480,10872,-39,145,-151,-13132,3984,6804,-1050,61,-32,-13296,-6148,6808,-520,113,-157,0
3118.0742540359497,7536,7252,11680,-132,-13,64,7300,-8716,10732,-70,137,-159,-13184,3928,7032,-1018,70,-87,-13260,-6252,6912,-465,101,-153,0
3118.108829975128,7672,7316,11700,-150,-51,57,7408,-8756,10620,-78,188,-190,-13184,4016,6980,-979,45,-70,-13292,-6300,6760,-496,146,-163,0
3118.1430671215057,7592,7272,11672,-140,-27,58,7276,-8872,10792,-26,181,-181,-13260,3984,7008,-982,90,-93,-13368,-6192,6812,-475,121,-144,0
3118.176682949066,7612,7420,11648,-165,-20,48,7352,-8700,11000,-35,188,-176,-13184,3996,7120,-1004,77,-70,-13320,-6340,7108,-475,124,-160,0
3118.2102949619293,7400,7328,11596,-186,-55,62,7236,-8668,10704,-67,143,-185,-13160,3944,6880,-975,94,-113,-13208,-6208,7056,-459,114,-135,0
3118.2438349723816,7432,7288,11636,-168,-59,99,7248,-8656,10820,-113,129,-160,-13088,3880,6964,-991,95,-30,-13496,-6244,6816,-460,117,-139,0
3118.277190923691,7672,7208,11604,-154,-9,107,7372,-8764,10820,-71,123,-135,-13164,4068,7056,-1036,76,-10,-13228,-6188,6824,-498,158,-125,0
3118.3109209537506,7524,7232,11736,-172,-24,115,7268,-8692,10696,16,151,-136,-13104,4036,6940,-1058,97,-71,-13224,-6264,6736,-520,164,-117,0
3118.344284057617,7440,7356,11608,-145,-35,113,7312,-8580,10876,-44,148,-152,-13248,3932,7032,-1036,81,-91,-13068,-6396,6796,-479,139,-107,0
3118.3777301311493,7584,7392,11676,-176,-65,106,7336,-8804,10816,-51,121,-177,-13124,3972,6856,-1023,105,-86,-13220,-6336,6892,-506,162,-86,0
3118.4112520217896,7612,7276,11524,-188,-67,140,7332,-8844,10716,-25,124,-191,-13292,3852,7044,-1024,129,-60,-13228,-5940,6784,-460,173,-57,0
3118.444436073303,7520,7316,11804,-197,-108,141,7288,-8636,10700,-18,95,-186,-13060,4048,6892,-994,133,-107,-13232,-6248,6768,-456,144,-50,0
3118.477739095688,7512,7308,11648,-190,-145,146,7260,-8748,10880,-31,100,-201,-13012,3984,6996,-979,137,-118,-13064,-6360,7024,-473,140,-89,0
3118.5112569332123,7500,7280,11612,-197,-114,162,7292,-8524,10920,-42,115,-209,-13192,4048,6912,-972,105,-110,-13276,-6184,6868,-458,174,-77,0
3118.5447680950165,7496,7320,11644,-196,-135,136,7244,-8788,10712,-5,109,-197,-13168,4072,6884,-993,102,-112,-13236,-6200,6636,-757,196,-66,0
3118.578336954117,7564,7272,11600,-189,-154,160,7348,-8696,10836,45,138,-232,-12852,3948,6936,-1011,151,-162,-13380,-6192,6744,-493,218,-49,0
3118.611874103546,7512,7356,11644,-180,-162,174,7236,-8704,10916,-9,65,-506,-13172,4012,6988,-1014,133,-173,-13080,-6124,6692,-480,230,-52,0
3118.645024061203,7644,7188,11720,-148,-189,180,7268,-8728,10852,17,104,-218,-13212,3872,6796,-1013,121,-139,-13336,-6240,6832,-493,206,-40,0
3118.6785759925842,7600,7288,11600,-201,-128,174,7308,-8680,10540,-2,110,-208,-13140,4004,6840,-1010,136,-92,-13420,-6160,6632,-466,186,-75,0
3118.712093114853,7648,7332,11572,-193,-134,143,7276,-8724,10816,24,94,-191,-13140,4064,6980,-1028,147,-112,-13320,-6244,6760,-494,223,-79,0
3118.7455921173096,7644,7408,11660,-171,-149,168,7328,-8696,10812,4,126,-194,-13080,4012,6924,-769,157,-125,-13088,-6252,6800,-488,177,-48,0
3118.7792780399323,7612,7336,11648,-189,-131,143,7360,-8676,10736,-21,100,-196,-13204,3948,6992,-1000,123,-107,-13320,-6172,6820,-484,181,-77,0
3118.8129050731654,7640,7292,11660,-192,-144,122,7312,-8664,10836,-21,131,-238,-13236,3936,7028,-998,121,-105,-13128,-6208,6772,-482,196,-81,0
3118.8463780879974,7604,7168,11536,-182,-158,120,7292,-8740,10884,6,115,-213,-13204,3944,6992,-994,116,-71,-13316,-6240,6804,-471,142,-84,0
3118.8798780441284,7608,7280,11668,-159,-131,137,7188,-8660,10856,4,119,-197,-13172,4092,6952,-995,119,-103,-13300,-6156,7152,-454,188,-100,0
3118.9159100055695,7576,7284,11540,-196,-125,158,7260,-8704,10812,-14,114,-209,-13140,3980,6660,-974,138,-81,-13448,-6192,6840,-464,156,-94,0
3118.95143198967,7648,7324,11656,-172,-127,145,7388,-8600,10888,-23,91,-176,-13160,4008,6984,-1024,114,-89,-13232,-5896,6448,-497,135,-113,0
3118.9876070022583,7676,7124,11568,-196,-130,146,7360,-8888,10988,17,118,-172,-13184,3940,6732,-1039,87,-106,-13552,-6192,6908,-510,155,-110,0
3119.0227439403534,7668,7276,11540,-164,-131,138,7672,-8620,10736,224,126,-175,-13120,3888,6924,-991,103,-55,-13392,-6396,6840,-757,104,-135,0
3119.058886051178,7864,7244,11584,-108,-32,76,7420,-8684,10796,-103,151,-188,-13252,3912,6664,-945,86,-103,-13364,-6088,6824,-486,129,-194,0
3119.0938041210175,7700,7116,11728,-163,-38,47,7408,-8664,10780,-58,163,-184,-13296,3976,6860,-996,73,-43,-13392,-6144,6732,-470,102,-160,0
3119.1298611164093,7808,7292,11360,-141,15,88,7352,-8664,10820,-61,152,-127,-13256,3908,6760,-998,75,-248,-13432,-6192,6752,-479,57,-157,0
3119.165359020233,7848,7232,11676,-159,-22,83,7340,-8904,10880,-72,159,-146,-13212,3952,6920,-1008,73,248,-13288,-6208,6760,-494,79,-173,0
3119.20090007782,7524,7244,11568,-137,-11,78,7308,-8724,10840,-54,184,-175,-13120,4064,6796,-972,71,-91,-13304,-6188,6736,-488,105,-119,0
3119.2360389232635,7556,7280,11576,-123,-49,73,7324,-8736,10612,244,155,-161,-13156,4048,7060,-990,73,-96,-13292,-6144,6948,-499,127,-143,0
3119.27183008194,7596,7304,11672,-147,-81,110,7252,-8588,10748,-34,129,-190,-12836,4012,7104,-1009,106,-18,-13320,-6212,6812,-496,98,-160,0
3119.3083181381226,7636,7372,11540,-148,-26,95,7264,-8668,10764,-49,155,-153,-13220,3912,6748,-1003,73,-58,-13364,-6180,6784,-489,86,-149,0
3119.3435089588165,7612,7268,11752,-166,-35,83,7268,-8768,10816,-47,198,-135,-13220,4076,6936,-1010,77,-36,-13296,-6196,6788,-480,79,-158,0
3119.379148006439,7592,7328,11672,-167,-15,79,7296,-8736,10772,-61,132,-172,-13104,3992,7000,-1001,83,-66,-13216,-6104,6848,-499,129,-155,0
3119.4142501354218,7648,7320,11596,-131,-65,88,7280,-8684,10572,-38,145,-198,-13160,4008,6952,-1003,96,-78,-13100,-6184,6684,-498,112,-141,0
3119.4499220848083,7620,7308,11624,-141,-55,80,7332,-8776,10776,-81,144,-170,-13160,3948,7052,-987,88,-50,-13272,-6268,6872,-474,102,-143,0
3119.484969139099,7560,7384,11564,-162,-3,41,7336,-8760,10836,-71,153,-160,-13132,4032,6860,-1003,105,-46,-13508,-6272,7036,-485,103,-142,0
3119.5208709239964,7628,7272,11544,-134,-12,87,7332,-8492,10820,-75,177,-160,-13224,3952,6744,-1008,67,-21,-13336,-6204,6892,-494,86,-149,0
3119.5561749935146,7560,7364,11496,-154,-249,68,7252,-8784,10812,-21,153,-122,-13196,4032,7044,-1278,79,-61,-13220,-6208,6852,-491,108,-143,0
3119.5920779705048,7496,7308,11660,-161,-33,82,7260,-8756,10784,-41,287,-160,-13196,3992,6808,-991,121,-71,-13208,-6200,6884,-457,130,-131,0
3119.6254560947414,7564,7396,11720,-123,-22,97,7268,-8724,10772,-87,144,-163,-13116,3968,6908,-970,95,-17,-13276,-6148,6892,-471,103,-124,0
3119.6593630313873,7452,7220,11604,-161,-44,92,7164,-8780,10804,-37,101,-143,-13112,4048,7032,-770,69,-29,-13196,-6128,6692,-502,138,-126,0
3119.692939043045,7488,7344,11488,-153,-51,124,7240,-8700,10788,10,113,-148,-13172,3928,6940,-1277,86,-33,-13372,-6312,6776,-481,138,-109,0
3119.7266190052032,7464,7360,11492,-120,-67,94,7256,-8536,10852,-83,133,-175,-13136,3880,6920,-1000,76,-28,-13560,-6268,7072,-490,110,-139,0
3119.7601799964905,7552,7396,11488,-176,-22,68,7312,-8732,10908,-67,155,-183,-13164,3872,7168,-976,58,-36,-13400,-6376,6872,-482,87,-116,0
3119.793725013733,7528,7328,11608,-156,-253,66,7448,-8776,10820,-49,152,-148,-13148,4040,6724,-1001,81,-75,-13188,-6140,6728,-464,124,-113,0
3119.8274359703064,7660,7288,11648,-113,-33,87,7356,-8620,10772,-39,131,-164,-13184,3968,6924,-1009,81,247,-13304,-6172,6744,-472,114,-138,0
3119.8610689640045,7560,7336,11580,-137,253,79,7416,-8668,10816,-55,153,-162,-13252,4256,7032,-972,40,-4,-13200,-6244,6824,-483,81,-141,0
3119.8944630622864,7512,7400,11644,-186,-255,90,7320,-8768,10708,-61,161,-135,-13168,3952,6836,-1012,37,-42,-13252,-6216,6840,-451,133,-116,0
3119.9280841350555,7576,7416,11664,-159,-19,103,7296,-8592,10980,-50,143,-158,-13108,3984,6896,-772,83,-99,-13488,-6256,6896,-472,149,-119,0
3119.9617071151733,7520,7308,11620,-176,-52,99,7220,-8804,10552,-20,127,-202,-13032,4040,6944,-1041,124,-98,-13260,-6308,6804,-490,154,-101,0
3119.9952950477605,7512,7332,11560,-153,-61,109,7232,-8736,10756,-17,124,-190,-12988,4012,6824,-1022,129,-123,-13268,-6276,6956,-459,175,-84,0
3120.028962135315,7604,7384,11560,-169,-62,120,7264,-8472,11244,-19,146,-169,-13136,4064,6912,-997,88,-96,-13288,-6260,6876,-468,149,-92,0
3120.0624439716335,7648,7248,11688,-165,-76,133,7224,-8900,10776,-40,164,-208,-13072,4140,7068,-994,90,-136,-13248,-6256,6908,-482,215,-107,0
3120.0959920883174,7460,7328,12028,-163,-151,115,7304,-8740,10864,-47,144,-208,-12876,4328,6676,-999,151,-103,-13140,-6252,6876,-483,196,-99,0
3120.1297121047974,7492,7192,11588,-190,-133,151,7204,-8668,10980,-45,98,-214,-13096,4048,6968,-979,156,-144,-13212,-6316,6872,-497,201,-72,0
3120.1631550788884,7456,7376,11264,-212,-126,154,7340,-8740,10812,-57,77,-221,-13116,4044,7032,-976,157,-122,-13208,-6156,6880,-462,207,-69,0
3120.1968240737915,7428,7316,11640,-187,-162,143,7388,-8940,10496,4,142,-223,-13112,3968,6944,-982,138,-100,-13276,-6252,6852,-509,224,-80,0
3120.2304520606995,7616,7388,11664,-196,-110,165,7276,-8828,10496,253,120,-220,-13120,3972,7024,-1014,112,-106,-13280,-6144,7124,-472,211,-72,0
3120.2639589309692,7632,7340,11720,-148,-144,137,7340,-8708,10824,7,116,-199,-13152,3932,6960,-1037,129,-123,-13244,-6160,7100,-471,209,-82,0
3120.2975311279297,7608,7332,11536,-189,-162,148,7412,-8724,10720,-5,87,-247,-12860,4000,6968,-1016,148,-105,-13356,-6216,6796,-467,225,-35,0
3120.3312389850616,7544,7336,11516,-194,-156,172,7344,-8604,10864,-33,106,-219,-13308,4032,6824,-978,133,-87,-13372,-6148,6808,-472,156,-30,0
3120.3644390106206,7708,7296,11636,-172,-140,175,7332,-8824,10864,-32,108,-176,-13192,4056,6752,-1001,122,-69,-13100,-6388,6844,-502,149,-54,0
3120.397901058197,7624,7348,11500,-213,-119,178,7376,-8684,10704,2,101,-191,-13120,3912,6936,-1038,151,-95,-13488,-6244,6768,-490,165,-43,0
3120.4316000938416,7572,7344,11556,-186,-102,145,7268,-8712,10776,15,111,-175,-13148,3880,7040,-1027,121,-121,-13256,-6156,6820,-506,126,-89,0
3120.464723110199,7592,7360,11764,-180,-107,112,7316,-8472,10844,-41,154,-200,-13208,3952,6668,-991,95,-85,-13220,-5928,6808,-500,189,-105,0
3120.4980189800262,7600,7376,11608,-228,-148,123,7288,-8672,10816,-5,112,-220,-13080,4348,6940,-1018,139,-137,-13284,-6144,6880,-483,201,-55,0
3120.531893968582,7552,7224,11556,-174,-163,160,7332,-8580,10688,-255,88,-182,-13076,4056,7120,-993,123,-92,-13356,-6192,6876,-476,144,-79,0
3120.5651071071625,7504,7384,11488,-198,-118,153,7280,-8676,10780,-28,106,-170,-13184,3976,6832,-1009,117,-107,-13076,-6200,6800,-483,117,-80,0
3120.6018381118774,7632,7332,11588,-211,-134,140,7336,-8468,10764,-10,126,-197,-13184,3980,6964,-986,109,-117,-13388,-6168,6904,-499,159,-73,0
3120.6381621360774,7632,7292,11456,-187,-111,152,7348,-8664,10960,-27,108,-205,-13140,3972,6780,-1000,112,-99,-13312,-6160,6428,-497,174,-121,0
3120.673767089844,7644,7276,11468,-169,-146,143,7348,-8636,10500,-3,128,-211,-13180,3844,7136,-999,128,-91,-13252,-6004,6708,-497,168,-66,0
3120.7098069190974,7620,7304,11436,-139,-91,115,7332,-8672,10620,-53,102,-195,-13168,4088,6832,-977,137,-74,-13384,-6112,6792,-473,126,-138,0
3120.7447731494904,7836,7272,11428,-188,-87,96,7516,-8556,10844,-33,132,-159,-13156,3956,6860,-988,96,-96,-13376,-6168,6920,-474,103,-158,0
3120.780352115631,7688,7376,11296,-145,-20,66,7432,-8616,10840,-41,154,-169,-13128,4084,7000,-1019,65,-55,-13320,-6140,6808,-481,143,-146,0
3120.8154759407043,7724,7356,11656,-154,-54,67,7400,-8640,10900,-33,159,-151,-12896,3908,6964,-997,65,-61,-13280,-5988,6764,-484,116,-164,0
3120.851324081421,7644,7184,11616,-133,-15,81,7352,-8684,10760,-88,122,-166,-13224,3936,7084,-1019,118,-6,-13416,-6300,6820,-466,121,-144,0
3120.8875579833984,7820,7380,11696,-189,-38,71,7208,-8692,10720,-72,141,-163,-13156,4020,6892,-985,105,-30,-13276,-6160,6800,-484,128,-135,0
3120.922737121582,7612,7308,11544,-147,-56,83,7344,-8720,10816,-41,127,-170,-13148,4072,7132,-993,70,-90,-13568,-6220,6812,-498,101,-134,0
3120.9586651325226,7528,7380,11652,-125,-25,73,7368,-8948,10772,-12,115,-156,-13248,4024,6912,-1032,70,-23,-13328,-6036,6916,-484,122,-165,0
3120.9939119815826,7552,7344,11612,-153,-50,84,7304,-8632,10800,-41,161,-172,-13100,3924,6904,-971,64,-92,-13148,-6196,6672,-499,132,-159,0
3121.0293040275574,7540,7396,11620,-194,-71,85,7268,-8668,10836,-77,129,-178,-13244,3988,6892,-989,112,-71,-13248,-6172,6800,-481,82,-97,0
3121.0640680789948,7636,7332,11604,-144,-42,126,7428,-8840,10808,-75,127,-160,-13272,3976,6820,-1027,76,242,-13248,-6140,6796,-540,98,-168,0
3121.099203109741,7836,7180,11616,-137,-64,81,7364,-8668,10792,9,132,-158,-13180,3936,7032,-1074,89,-53,-13084,-6224,6824,-527,117,-176,0
3121.134412050247,7428,7452,11544,-112,14,83,7168,-8668,10824,-49,168,-148,-13164,4024,7056,-992,60,-3,-13276,-6244,7116,-506,74,-159,0
3121.1695461273193,7612,7420,11600,-160,-48,61,7392,-8896,10828,-50,202,-151,-13240,4024,6880,-1011,50,-56,-13356,-6196,6896,-501,88,-186,0
3121.2049679756165,7576,7348,11592,-169,-6,50,7344,-8780,10684,-65,141,-150,-13124,4036,6660,-987,62,-65,-13144,-6172,6780,-484,95,-137,0
3121.2427310943604,7572,7320,11700,-158,-21,99,7304,-8476,10848,-50,152,-163,-13072,3952,6856,-1021,63,-239,-13312,-6368,6680,-479,64,-141,0
3121.2761631011963,7576,7360,11676,-151,-6,74,7280,-8912,10880,-56,158,-157,-13152,4092,7020,-1004,75,-23,-13304,-6272,7136,-486,59,-152,0
3121.3098900318146,7520,7624,11400,-167,7,84,7188,-8772,10628,-63,175,-137,-13152,4124,7136,-994,60,-39,-13172,-6400,6908,-472,75,-153,0
3121.3434181213374,7536,7364,11488,-148,5,82,7284,-8476,10800,-87,180,-158,-13060,4028,6840,-1034,69,-60,-13200,-6192,6904,-486,109,-141,0
3121.3771729469295,7464,7416,11528,-150,-65,103,7268,-8676,10760,-43,128,-169,-13276,4004,6712,-1006,134,-65,-13312,-6252,6996,-504,143,-102,0
3121.410403966904,7584,7380,11564,-122,-46,114,7208,-8616,10820,-65,140,-189,-13200,3976,7016,-1009,109,-36,-13224,-6224,6860,-487,148,-116,0
3121.4497871398926,7540,7300,11500,-147,-82,106,7312,-8784,10724,-47,107,-171,-13168,4048,6992,-1002,125,-37,-13232,-6156,6828,-492,115,-109,0
3121.4839539527893,7524,7252,11756,-144,251,92,7456,-8820,10736,-13,128,-169,-13176,3972,6860,-1026,83,-40,-13356,-6268,6872,-505,125,-109,0
3121.517478942871,7496,7572,11644,-155,-39,100,7340,-8644,10504,-33,121,-166,-13084,4072,7052,-1024,91,-62,-13260,-6260,6768,-503,144,-125,0
3121.5513010025024,7564,7392,11736,-134,-55,97,7384,-8468,10708,-74,149,-162,-13244,4012,7080,-993,75,-100,-13172,-6260,6888,-490,129,-129,0
3121.5847790241246,7576,7400,11724,-137,252,80,7288,-8712,10952,-70,150,-198,-13296,4072,6984,-987,63,-77,-13240,-6292,6664,-482,109,-159,0
3121.6181859970093,7532,7488,11604,-152,-46,84,7232,-8716,10888,8,168,-183,-13144,4064,6816,-1006,51,-78,-13164,-6344,6848,-465,182,-113,0
3121.6513299942017,7512,7424,11624,-166,-77,74,7276,-8648,10728,-5,159,-225,-12956,4016,7088,-1005,112,-100,-13240,-6272,6788,-471,182,-78,0
3121.684883117676,7440,7324,11644,-197,-123,124,7272,-8740,10920,-46,146,-217,-13120,4044,7108,-970,90,-169,-13292,-6268,6704,-469,189,-99,0
3121.7184240818024,7620,7456,11700,-180,-152,137,7336,-8708,10892,-17,124,-230,-13020,4028,6948,-973,74,-164,-13296,-6216,6904,-446,194,-95,0
3121.751811981201,7460,7496,11600,-172,-168,160,7244,-8708,10576,-27,98,-237,-13084,3928,6728,-980,147,-114,-13168,-6228,6908,-463,170,-33,0
3121.7854931354523,7608,7324,11544,-177,-124,159,7204,-8644,10716,-33,78,-192,-12992,4024,6960,-1034,169,-74,-13192,-6236,6944,-492,156,-23,0
3121.8192529678345,7540,7224,11584,-152,-82,152,7280,-8640,10812,-255,116,-157,-13172,4108,6976,-1027,157,-93,-13272,-6304,6896,-502,155,-63,0
3121.852443933487,7608,7400,11660,-183,-79,160,7380,-8912,10912,1,103,-143,-13224,3892,7072,-1024,113,-139,-13356,-6184,6800,-484,194,-45,0
3121.8858339786534,7612,7488,11612,-220,-122,171,7300,-8684,10712,8,128,-200,-13168,3988,7080,-1054,126,-119,-13208,-6228,6864,-762,217,-59,0
3121.9192960262294,7584,7380,11732,-191,-184,173,7316,-8756,10712,15,63,-233,-13108,4008,7136,-1055,228,-108,-13136,-6328,6856,-490,249,-28,0
3121.9527471065526,7552,7316,11528,-216,-209,208,7396,-8684,10672,-9,41,-231,-12868,3984,7004,-1037,205,-117,-13340,-6124,6876,-499,260,2,0
3121.9864270687103,7568,7400,11564,-211,-215,198,7420,-8808,10628,26,65,-228,-13140,3960,6800,-1006,142,-151,-13284,-6232,6796,-491,193,-74,0
3122.0198979377747,7720,7308,11608,-215,-165,163,7404,-8644,10732,-16,113,-219,-13156,4056,6996,-1032,122,-143,-13392,-6220,6880,-475,167,-107,0
3122.0529921054845,7640,7292,11620,-203,-148,119,7380,-8736,10992,9,148,-221,-13144,4016,7104,-1025,77,-112,-13268,-6192,6888,-475,174,-115,0
3122.0865910053253,7640,7408,11604,-190,-140,119,7292,-8692,10940,27,172,-227,-13140,4064,7156,-1013,83,-103,-13296,-6264,6660,-471,158,-124,0
3122.120053052902,7620,7332,11552,-172,-134,107,7232,-8636,10916,30,170,-196,-13152,3876,6848,-1035,99,-139,-13228,-6176,6812,-483,207,-118,0
3122.1532390117645,7624,7364,11628,-201,-177,108,7360,-8624,10540,1,122,-223,-13156,3936,7012,-1013,150,-130,-13428,-6268,6868,-465,184,-86,0
3122.1869590282445,7676,7396,11672,-192,-168,137,7280,-8616,10996,-16,109,-235,-13112,3968,6880,-997,140,-114,-13336,-6264,6840,-468,180,-86,0
3122.2205049991608,7656,7264,11592,-164,-154,125,7348,-8540,10496,-26,124,-220,-13096,3944,7028,-1012,129,-104,-13324,-6104,6700,-477,182,-112,0
3122.2540359497066,7676,7288,11492,-146,-136,147,7376,-8628,10900,-47,121,-197,-13160,3928,6884,-1007,128,-72,-13392,-6036,6960,-499,146,-84,0
3122.2912261486053,7624,7304,11432,-144,-65,102,7512,-8532,10764,-70,155,-153,-13136,4056,7060,-1279,126,-16,-13372,-6168,6704,-493,91,-179,0
3122.3262140750885,7664,7244,11292,-146,-19,102,7380,-8620,10656,-29,135,-147,-13168,3960,6900,-1039,99,-22,-13120,-6192,6768,-510,87,-144,0
3122.3624329566956,7692,7320,11528,-158,248,88,7372,-8636,10860,-42,157,-142,-13224,3952,6752,-1277,103,-42,-13348,-6236,6792,-464,89,-126,0
3122.3981161117554,7628,7636,11592,-144,-26,79,7384,-8764,10652,-29,149,-153,-13144,4012,6972,-1017,80,-21,-13160,-6192,6812,-471,153,-137,0
3122.4333980083466,7476,7420,11596,-150,-75,82,7364,-8788,10960,-57,147,-187,-13304,3936,6948,-984,83,-80,-13268,-6180,6840,-477,151,-137,0
3122.468841075897,7612,7364,11588,-145,-71,76,7268,-8912,10856,-45,115,-195,-13180,3912,6964,-988,91,-53,-13244,-6160,7164,-512,150,-153,0
3122.5044100284576,7424,7364,11584,-153,-59,100,7332,-8716,10908,-22,142,-182,-13152,4052,7156,-996,63,-43,-13424,-6156,6892,-482,114,-159,0
3122.540307044983,7564,7340,11644,-148,-45,74,7328,-8648,10828,-8,126,-163,-13228,3912,6952,-1020,51,-55,-13336,-6216,6676,-497,114,-131,0
3122.5753581523895,7636,7452,11660,-159,-43,74,7208,-8620,10824,-62,147,-148,-13124,4032,6988,-987,72,-32,-13300,-6216,6784,-478,61,-138,0
3122.611104011536,7636,7388,11436,-119,245,67,7448,-8488,10812,-87,177,-145,-13192,3900,6972,-1032,58,-22,-13296,-6236,7080,-517,72,-171,0
3122.6461219787598,7592,7176,11300,-169,16,76,7364,-8672,10508,-8,172,-157,-13152,3928,6812,-1030,52,-41,-13208,-6256,6816,-499,117,-116,0
3122.6823849678044,7616,7444,11356,-128,1,80,7380,-8608,10652,-56,148,-156,-13092,3972,6936,-1009,69,-65,-13388,-6172,6848,-505,80,-177,0
3122.717370033264,7456,7496,11480,-174,-46,65,7512,-8580,10692,-84,165,-160,-13168,4044,6692,-994,64,-18,-13304,-6064,6880,-486,133,-160,0
3122.753391981125,7664,7412,11664,-148,-11,69,7332,-8660,10612,-87,142,-152,-13136,4008,6996,-1029,49,-44,-13292,-6240,6820,-458,79,-142,0
3122.7891299724574,7584,7400,11580,-141,3,100,7420,-8808,10760,-90,125,-163,-13104,4084,6968,-1016,79,250,-13348,-6328,6948,-459,26,-164,0
3122.8241951465607,7528,7348,11628,-168,45,66,7300,-8768,10828,-106,131,-136,-13108,4024,7124,-1002,27,-4,-13220,-6272,6932,-485,52,-177,0
3122.8596580028534,7632,7348,11720,-219,17,59,7276,-8732,10804,-73,190,-150,-13092,4116,6900,-974,22,13,-13152,-6268,6756,-499,75,-182,0
3122.8950049877167,7492,7360,11704,-165,-35,76,7372,-8488,10808,-25,193,-96,-13000,4104,6700,-1076,161,-88,-13096,-6132,6952,-261,171,-129,0
3122.932131052017,7376,7424,11544,-176,-66,130,7364,-8740,10932,-56,83,-200,-13044,3960,7080,-977,145,-131,-13104,-6204,6868,-497,224,-78,0
3122.965492963791,7424,7340,11784,-148,-136,157,7220,-8796,10788,-61,72,-208,-13164,4072,6832,-1005,179,-70,-13500,-5924,6868,-514,173,-86,0
3122.9991590976715,7580,7376,11608,-132,-98,129,7444,-8680,10768,-53,86,-182,-13148,4032,7024,-992,91,-64,-13300,-6036,6900,-529,150,-121,0
3123.032660007477,7560,7356,11700,-167,-23,117,7388,-8520,10680,-55,148,-173,-13120,4000,6932,-991,45,-110,-13420,-6240,6724,-492,152,-136,0
3123.065618991852,7712,7384,11472,-153,-56,94,7528,-8624,10872,-55,150,-169,-13144,3988,7044,-1003,34,-78,-13392,-6216,6916,-477,144,-141,0
3123.099436044693,7672,7368,11456,-155,-4,94,7396,-8692,10900,-102,154,-174,-13188,3872,6680,-966,-9,-7,-13292,-6124,6912,-470,106,-193,0
3123.132826089859,7576,7368,11568,-178,-10,64,7624,-8612,10680,-85,169,-168,-13164,4040,6948,-1007,67,-22,-13268,-6188,6764,-469,116,-137,0
3123.1667981147766,7660,7652,11284,-200,-48,82,7272,-8756,10648,-58,174,-136,-13128,4040,6908,-1002,66,-39,-13252,-6364,6900,-469,142,-133,0
3123.2004020214085,7528,7428,11452,-176,-65,113,7328,-8788,10876,-255,137,-175,-13072,4028,7048,-1031,80,-103,-13188,-6216,6896,-470,183,-85,0
3123.2338540554047,7424,7384,11420,-168,-60,125,7232,-8852,10952,-8,128,-190,-13128,4000,6984,-1042,131,-126,-13208,-6420,6900,-474,208,-99,0
3123.2675740718846,7424,7372,11756,-194,-124,133,7364,-8868,10784,-33,73,-226,-13080,4000,6948,-972,125,-123,-13128,-6256,6852,-468,239,-24,0
3123.3009040355682,7400,7512,11656,-202,-145,132,7352,-8680,10804,-53,122,-220,-13060,4344,7020,-959,141,-93,-13304,-6328,7008,-474,174,-54,0
3123.3343980312347,7624,7440,11496,-201,-95,162,7360,-8860,10752,-43,119,-176,-13124,4072,7112,-1000,119,-92,-13256,-6148,7056,-489,157,-86,0
3123.3679111003876,7532,7460,11484,-217,-107,161,7308,-8496,11000,-20,141,-178,-13068,4044,7076,-1028,107,-116,-13220,-6284,6892,-460,183,-86,0
3123.401237010956,7484,7412,11668,-198,-59,141,7284,-8724,10696,-10,118,-184,-13084,3972,6948,-1073,141,-101,-13256,-6236,6864,-505,178,-67,0
3123.4348709583282,7576,7428,11676,-208,-110,105,7416,-8652,10652,-24,141,-206,-13200,4048,6980,-946,123,-122,-13560,-6180,6720,-454,206,-110,0
3123.4684560298924,7676,7296,11516,-218,-105,122,7372,-8804,10672,-2,120,-224,-13100,4284,6800,-991,105,-123,-13120,-6088,6832,-481,192,-85,0
3123.501857995987,7608,7348,11632,-188,-153,176,7352,-8456,10948,-5,102,-192,-13100,3892,6928,-1003,126,-145,-13380,-6228,6908,-484,170,-96,0
3123.535543918609,7576,7300,11568,-186,-127,150,7436,-8456,10956,-3,120,-174,-13128,3848,6920,-1001,142,-139,-13288,-6328,6784,-471,130,-68,0
3123.5686960220337,7552,7412,11524,-203,-99,171,7304,-8776,10776,-18,131,-160,-13104,3992,6968,-1006,110,-100,-13248,-6288,6880,-494,141,-79,0
3123.6024079322815,7596,7320,11696,-195,-141,122,7316,-8788,10768,-9,154,-156,-13112,4020,6876,-989,19,-89,-13300,-6188,6720,-522,186,-81,0
3123.635589122772,7568,7384,11652,-180,-134,135,7340,-8696,10524,16,136,-205,-13016,3864,6924,-773,133,-125,-13236,-6228,6952,-480,205,-69,0
3123.6691501140594,7656,7392,11564,-204,-128,159,7328,-8660,10668,-29,77,-236,-13128,3980,7020,-986,149,-149,-13128,-6208,7128,-467,188,-45,0
3123.7026109695435,7576,7384,11620,-178,-172,144,7360,-8468,10516,-15,78,-234,-13120,3992,7040,-1004,144,-101,-13256,-6280,7104,-483,237,-69,0
3123.7358729839325,7628,7344,11584,-205,-144,139,7228,-8480,10780,-17,85,-231,-13132,4112,7156,-1007,156,-128,-13504,-6128,6896,-478,231,-79,0
3123.769459962845,7608,7364,11580,-182,-165,142,7336,-8684,10652,-19,144,-216,-13204,3924,6888,-987,105,-113,-13260,-6188,6844,-517,213,-75,0
3123.803269147873,7848,7324,11492,-183,-159,136,7308,-8652,11000,-22,94,-199,-13176,4000,6924,-1019,140,-168,-13376,-6116,6836,-486,153,-70,0
3123.8368840217586,7612,7372,11484,-173,-108,150,7316,-8692,10752,-33,118,-178,-13148,4008,6992,-998,128,-72,-13356,-6132,6912,-510,166,-98,0
3123.870223045349,7552,7340,11728,-186,-94,147,7460,-8724,10952,-23,124,-187,-13120,4012,7020,-1027,99,-75,-13300,-5900,6760,-501,144,-141,0
3123.903687953949,7772,7384,11504,-158,-92,145,7420,-8620,10984,-22,135,-183,-13100,3928,6924,-1012,83,-91,-13088,-6308,7104,-499,144,-138,0
3123.937319993973,7568,7340,11304,-147,-66,96,7632,-8660,10992,-15,117,-174,-13104,3992,6980,-977,102,-95,-13096,-6212,6880,-481,134,-119,0
3123.974403142929,7564,7652,11460,-171,-70,83,7364,-8664,10780,-51,160,-190,-13120,3952,6980,-1016,84,-72,-13324,-6264,6840,-487,129,-143,0
3124.0104439258575,7592,7448,11468,-145,-39,75,7228,-8592,10872,-74,158,-185,-13184,3912,7164,-992,117,-22,-13548,-6236,6692,-476,121,-140,0
3124.0455000400543,7920,7236,11264,-168,-6,106,7404,-8760,10752,-45,137,-156,-13216,4012,7160,-1036,79,-102,-13240,-5996,6672,-476,138,-132,0
3124.0817930698395,7548,7248,11644,-181,-63,123,7384,-8696,10752,254,198,-118,-13080,3848,7108,-1280,20,26,-13492,-6192,6928,-570,58,-216,0
3124.117644071579,7720,7284,11648,-45,88,102,7304,-8936,10824,-7,200,-7,-13188,3872,6796,-1143,107,92,-13340,-6276,6976,-613,-24,-183,0
3124.152862071991,7432,7180,11948,-149,153,114,7220,-8768,10752,-25,242,-76,-13072,4020,6948,-950,-228,19,-13232,-6044,6840,-494,0,-92,0
3124.1891701221466,7452,7344,11744,-162,-1,153,7168,-8956,10656,-49,89,-49,-13096,3920,7060,-995,254,252,-13228,-6164,6844,-495,88,-111,0
3124.2243571281433,7528,7420,11556,-130,-38,138,7240,-8876,10708,-56,182,-173,-13132,3856,6936,-1034,104,-115,-13120,-6356,6808,-433,147,-164,0
3124.2605860233307,7512,7476,11296,-177,-146,46,7184,-8648,10952,-83,169,-14,-13116,3800,7060,-955,111,-167,-13268,-6540,6672,-434,231,-167,0
3124.2958440780644,7568,7468,11496,-177,-171,20,7452,-8620,10896,-73,182,-288,-13188,3972,7164,-908,250,-125,-13356,-6216,6680,-442,218,-200,0
3124.3313291072845,7636,7508,11480,-183,-106,-23,7380,-8660,10844,-46,274,-234,-13240,3840,7140,-975,24,-83,-13312,-5936,6740,-467,172,-231,0
3124.3675870895386,7924,7484,11540,-162,-37,-32,7324,-8460,10744,-22,130,-222,-13028,4008,6940,-1049,103,-65,-13252,-6012,6776,-486,110,-178,0
3124.4030361175537,7640,7364,11516,-129,254,81,7392,-8648,10796,-67,66,-122,-13268,4152,6876,-1040,145,-250,-13140,-6092,6900,-499,37,-97,0
3124.438148021698,7676,7316,11544,-161,80,158,7404,-8768,10828,-67,74,-89,-13308,4064,6868,-1053,153,49,-13184,-6068,7032,-499,43,-55,0
3124.473214149475,7588,7352,11636,-176,8,181,7420,-8820,10760,-60,67,-75,-13168,4024,7156,-1034,124,241,-13108,-6148,6936,-536,70,-114,0
3124.5091071128845,7568,7420,11472,-142,-22,161,7456,-8628,10620,-49,140,-143,-13240,3928,7128,-1005,61,-10,-13496,-6400,6828,-518,91,-146,0
3124.5443410873413,7596,7268,11516,-107,-53,94,7348,-8656,10932,-46,175,-137,-13152,3976,6996,-962,96,-79,-13260,-6280,6756,-490,120,-168,0
3124.5798490047455,7532,7444,11456,-162,-71,31,7232,-8732,10868,-58,172,-189,-13136,4012,7152,-998,72,-102,-13236,-6208,6804,-467,153,-174,0
3124.615900039673,7608,7468,11416,-179,-66,17,7380,-8732,10760,-57,137,-194,-13008,3992,7136,-977,51,-119,-13216,-6244,7000,-463,150,-154,0
3124.6492450237274,7480,7544,11496,-179,-56,49,7276,-8760,10724,-55,156,-218,-13124,3856,7100,-988,75,-97,-13204,-6272,6900,-461,159,-166,0
3124.682809114456,7524,7432,11424,-178,-84,66,7360,-8452,10524,-64,121,-217,-13032,4092,6924,-997,100,-35,-13284,-6260,6988,-476,148,-116,0
3124.7162539958954,7704,7460,11636,-176,-50,120,7240,-8728,10672,-69,92,-171,-13092,3876,6968,-998,95,-26,-13568,-6180,6832,-505,101,-94,0
3124.750087976456,7596,7320,11580,-165,-34,138,7360,-8832,10700,-21,107,-109,-13144,4024,6656,-1017,80,-51,-13248,-6216,6736,-520,81,-124,0
3124.783601999283,7564,7420,11608,-162,-77,142,7272,-8700,10616,-3,115,-148,-13120,3948,6776,-1052,77,-66,-13264,-6308,6828,-529,110,-123,0
3124.8170959949493,7436,7504,11544,-114,-54,122,7176,-8664,10700,-52,140,-163,-13032,3980,7104,-1045,71,-33,-13280,-6312,6792,-509,107,-159,0
3124.8506910800934,7672,7556,11688,-176,-28,51,7400,-8800,10508,-58,174,-187,-13124,3976,6756,-1022,53,-33,-13212,-6260,6856,-486,130,-178,0
3124.883945941925,7548,7528,11412,-156,-13,69,7292,-8800,10780,-91,136,-196,-13116,3984,6732,-987,30,-39,-13508,-6240,6824,-472,137,-152,0
3124.917335987091,7468,7504,11264,-155,-16,73,7308,-8648,10696,-59,135,-147,-13084,4000,6916,-955,51,-77,-13312,-6236,6948,-459,102,-146,0
3124.950739145279,7612,7232,11656,-163,-2,76,7272,-8748,10844,-95,148,-152,-13040,4116,6916,-969,39,-7,-13564,-6212,7024,-469,89,-164,0
3124.9840300083165,7560,7420,11640,-186,-35,75,7192,-8792,10732,-80,142,-149,-13032,4076,7120,-984,86,-19,-13096,-6236,6896,-474,143,-138,0
3125.0176360607147,7468,7664,11272,-166,-47,114,7368,-8880,10668,-43,129,-184,-13032,4324,7104,-1006,108,-94,-13176,-6240,6928,-506,159,-97,0
3125.051255941391,7596,7464,11636,-181,-76,97,7276,-8728,10620,-14,103,-210,-13052,4132,7064,-1057,122,-115,-13176,-6204,6888,-487,186,-89,0
3125.0845129489894,7632,7620,11344,-185,-113,146,7360,-8752,10632,-26,98,-198,-13140,4004,6980,-1028,155,-101,-13184,-6216,6936,-470,169,-60,0
3125.118124961853,7576,7512,11596,-171,-132,175,7348,-8768,10772,-35,94,-182,-13200,4112,7032,-1001,141,-121,-13248,-6332,6892,-477,184,-89,0
3125.1513190269466,7616,7416,11780,-171,-133,155,7304,-8456,10568,-31,114,-193,-13120,4036,6916,-985,112,-144,-13188,-6244,6996,-502,227,-60,0
3125.1846280097966,7528,7464,11656,-175,-174,137,7264,-8580,10880,-39,108,-228,-12996,3960,6976,-989,108,-158,-13232,-6200,6760,-479,212,-72,0
3125.2182750701904,7408,7552,11556,-228,-133,146,7300,-8644,10724,-61,122,-209,-13132,3964,6892,-963,94,-106,-13240,-6276,6852,-447,174,-50,0
3125.2519469261174,7536,7348,11564,-221,-114,129,7404,-8716,10792,-35,142,-196,-13040,4036,7068,-1012,118,-104,-13204,-6184,6860,-487,157,-110,0
3125.2854659557343,7652,7384,11588,-256,-88,134,7340,-8756,10876,38,134,-203,-13144,3988,6964,-1034,121,-62,-13196,-6192,6992,-456,204,-47,0
3125.3191580772404,7512,7500,11540,-188,-131,155,7252,-8708,10604,38,111,-206,-13052,4020,7068,-1000,126,-118,-13312,-6268,6764,-472,224,-96,0
3125.352743148804,7556,7408,11652,-160,-155,155,7196,-8748,10656,3,103,-214,-13212,3968,7124,-1003,103,-163,-13348,-6200,6848,-488,191,-48,0
3125.385973930359,7856,7360,11492,-216,-159,172,7464,-8680,10792,9,118,-191,-13112,3848,6912,-966,138,-144,-13252,-6204,6864,-468,151,-60,0
3125.4194951057434,7656,7176,11468,-185,-126,184,7432,-8732,10768,0,106,-139,-13052,3992,6824,-997,177,-68,-13144,-6236,6868,-461,138,-41,0
3125.4529271125793,7532,7420,11648,-188,-83,184,7308,-8724,10744,9,85,-127,-13168,4072,7068,-771,130,-73,-13276,-6236,6792,-486,113,-65,0
3125.4865679740906,7540,7196,11732,-181,-104,174,7324,-8468,10924,-11,75,-170,-13104,3916,7096,-1034,126,-76,-13240,-6228,6912,-495,144,-88,0
3125.5200300216675,7836,7644,11732,-195,-137,141,7280,-8720,10808,-9,113,-178,-13112,3960,7148,-1046,73,-123,-13288,-6224,6832,-258,190,-100,0
3125.5537581443787,7692,7368,11404,-162,-134,115,7336,-8788,10828,9,171,-179,-13152,4032,6996,-1025,71,-93,-13528,-6216,6860,-561,165,-120,0
3125.5873880386353,7752,7376,11500,-160,-126,127,7300,-8780,10680,20,126,-179,-13104,4144,7004,-1047,142,-17,-13084,-6120,6936,-526,137,-90,0
3125.620401144028,7676,7416,11348,-178,-86,166,7256,-8824,10664,8,16,-188,-13020,4080,6956,-1060,177,-70,-13252,-6156,6848,-482,136,-7,0
3125.6581721305847,7496,7392,11480,-221,-145,215,7264,-8732,10796,6,70,-173,-13124,3960,7112,-984,100,-144,-13220,-6252,6980,-488,184,-68,0
3125.6938641071324,7588,7380,11512,-184,-203,165,7660,-8488,10512,2,184,-212,-13184,3944,6992,-1006,127,-171,-13244,-6232,6812,-452,231,-67,0
3125.729465007782,7772,7672,11512,-207,-259,132,7436,-8640,10844,-26,147,-257,-13184,3900,7032,-995,89,-217,-13388,-6356,6824,-453,230,-125,0
3125.7644951343536,7556,7480,11376,-208,-190,102,7184,-8576,10932,-15,159,-241,-13180,3904,7080,-952,65,-104,-13368,-6192,6768,-469,203,-173,0
3125.8005170822144,7864,7388,11584,-198,-116,86,7416,-8472,10868,-2,215,-167,-13264,4288,6656,-984,44,-10,-13400,-6148,6880,-554,81,-212,0
3125.8354160785675,7776,7188,11584,-126,-3,66,7336,-8804,10740,-8,119,-97,-13064,3996,6896,-1072,189,49,-13252,-6084,6860,-551,31,-100,0
3125.8713541030884,7476,7368,11572,-112,37,143,7300,-8780,10680,-57,16,-90,-12948,4008,6788,-1079,194,253,-13132,-6116,6736,-496,58,-51,0
3125.906177997589,7592,7332,11580,-150,-6,175,7372,-8740,10592,-63,79,-116,-13272,3964,7036,-993,122,-40,-13272,-6216,6808,-450,126,-70,0
3125.941776037216,7636,7344,11660,-167,-99,153,7444,-8708,10820,-102,107,-213,-13132,3592,6968,-985,110,-116,-13252,-6224,6724,-443,187,-134,0
3125.977991104126,7676,7432,11552,-154,-161,82,7552,-8552,10836,-90,216,-229,-13264,3936,7100,-950,25,-146,-13380,-6268,6856,-464,218,-198,0
3126.0133941173553,7648,7496,11496,-135,-82,15,7444,-8680,10744,-33,197,-223,-13084,4032,6940,-1005,55,-58,-13320,-6208,6768,-453,120,-202,0
3126.0492651462555,7432,7396,11516,-169,-29,-15,7364,-8788,10848,-43,173,-179,-13060,4296,6660,-1000,42,-72,-13528,-6064,7016,-491,90,-202,0
3126.084370136261,7632,7348,11752,-126,21,52,7232,-8832,10652,10,225,-108,-13120,4296,6928,-1032,69,43,-13416,-6068,7168,-584,37,-199,0
3126.1201269626617,7864,7324,11472,-97,98,115,7288,-8840,10560,13,90,-37,-13020,4144,6740,-1134,117,28,-13184,-6144,7000,-579,-31,-101,0
3126.1549260616302,7444,7368,11604,-109,83,172,7236,-8784,10564,-43,-108,-90,-12948,3976,7020,-1093,224,226,-13128,-6292,6952,-502,63,-1,0
3126.1911289691925,7452,7168,11300,-187,-87,198,7372,-8628,10700,-70,58,-199,-13108,3772,7144,-934,46,-194,-13000,-6280,6756,-418,192,-96,0
3126.2272090911865,7512,7476,11500,-145,-228,120,7280,-8620,10872,-79,234,-263,-13392,3744,7240,-891,-14,-230,-13196,-6412,6728,-451,264,-229,0
3126.2625620365143,7772,7540,11372,-201,-219,-43,7380,-8552,10908,-25,269,-309,-13268,3908,7308,-1023,64,-177,-13352,-6640,6776,-434,237,-263,0
3126.29899597168,7688,7628,11264,-184,-114,-55,7428,-8644,10792,-41,186,-260,-13244,3940,7084,-971,46,-46,-13400,-6204,6900,-436,82,-260,0
3126.332482099533,7808,7464,11264,-185,33,-74,7452,-8740,10708,-67,269,-159,-13108,4184,6936,-1004,-33,65,-13280,-6136,6888,-496,31,-246,0
3126.3656990528107,7664,7336,11652,-175,91,-3,7404,-8844,10664,-3,194,-69,-12944,4224,6600,-1092,50,59,-13172,-5952,6820,-537,16,-115,0
3126.399169921875,7712,7392,11528,-126,91,134,7220,-8924,10564,-28,25,-2,-12868,4192,6880,-1128,170,55,-13100,-6120,6856,-540,-62,-50,0
3126.432641983032,7588,7380,11696,-171,73,224,7256,-8864,10592,-58,10,-23,-13056,4128,6944,-1033,179,80,-13156,-6352,6968,-467,-20,-42,0
3126.4683570861816,7404,7664,11672,-189,-10,201,7300,-8832,10620,-106,150,-85,-13176,3916,7236,-994,48,-78,-13112,-6304,6900,-492,127,-120,0
3126.502300977707,7624,7440,11612,-143,-129,110,7376,-8728,10764,-50,215,-154,-13200,3856,7188,-955,10,-95,-13304,-6352,6884,-534,179,-214,0
3126.5357439517975,7828,7564,11628,-74,-115,52,7344,-8640,10892,36,173,-201,-13092,4028,6976,-1051,110,-60,-13172,-6276,6912,-528,180,-191,0
3126.569286108017,7600,7484,11500,-111,-27,45,7352,-8620,10732,-45,122,-207,-13088,4032,6968,-1032,161,-68,-13216,-6312,6904,-469,131,-162,0
3126.6029291152954,7448,7452,11548,-133,-62,52,7328,-8856,11000,-82,97,-185,-12992,4048,6964,-995,138,-12,-13164,-6220,6888,-467,126,-142,0
3126.636034965515,7592,7384,11444,-172,-64,80,7420,-8848,10692,-64,154,-222,-13276,4336,6932,-1014,99,-40,-13208,-6240,7000,-474,168,-114,0
3126.6695659160614,7572,7428,11264,-181,-50,94,7404,-8788,10732,-54,109,-170,-13268,4028,6696,-996,82,-49,-13268,-6224,7032,-463,158,-95,0
3126.7031250000005,7908,7480,11488,-182,-67,121,7200,-8736,10868,-58,142,-146,-13092,3960,6972,-989,64,-39,-13468,-6252,6944,-476,112,-111,0
3126.7367811203003,7564,7468,11352,-199,-43,99,7372,-8716,11000,-59,164,-145,-13104,3984,7036,-998,31,-38,-13224,-6288,6820,-490,135,-149,0
3126.7699780464172,7700,7440,11448,-169,-20,96,7352,-8776,10760,251,202,-152,-13196,4060,6824,-1041,62,-24,-13164,-6196,6904,-520,111,-132,0
3126.8036739826202,7684,7524,11564,-150,-18,114,7240,-8816,10736,24,152,-112,-13084,4056,6976,-1080,99,-33,-13172,-6292,7032,-542,141,-102,0
3126.837252140045,7492,7464,11536,-137,-28,170,6984,-8840,10852,2,81,-129,-13032,4104,7084,-1080,159,-99,-13228,-6264,7064,-535,146,-46,0
3126.870624065399,7516,7444,11596,-154,-75,221,7344,-8784,10832,244,42,-129,-12996,4032,6936,-1036,163,-68,-13196,-6228,6920,-517,144,-19,0
3126.90371799469,7496,7472,11572,-186,-60,228,7256,-8928,10648,-42,66,-145,-12836,4080,6916,-1280,211,-27,-13184,-6228,6828,-486,130,-1,0
3126.9372861385345,7592,7408,11340,-181,-72,237,7420,-8708,10572,-50,98,-146,-13148,3860,7328,-995,105,-61,-13272,-6236,6792,-524,173,-67,0
3126.970674991608,7648,7404,11424,-217,-107,164,7340,-8860,10916,13,131,-169,-13104,3988,7160,-1037,70,-145,-13176,-5948,7112,-512,208,-119,0
3127.004147052765,7584,7672,11528,-216,-103,120,7428,-8720,10980,41,142,-190,-13184,3904,7120,-1036,118,-138,-13176,-6340,6752,-480,186,-115,0
3127.0376150608063,7644,7488,11588,-184,-113,103,7628,-8820,10696,-9,175,-230,-13108,3976,6744,-960,45,-100,-13548,-6224,6832,-464,218,-106,0
3127.070950984955,7824,7456,11668,-233,-126,110,7380,-8748,10632,12,154,-220,-13100,4016,6884,-1021,115,-112,-13568,-6148,6840,-476,209,-91,0
3127.104507923126,7784,7416,11628,-194,-115,164,7340,-8748,10772,11,104,-164,-13084,3960,6884,-1011,130,-108,-13356,-6244,6888,-467,169,-57,0
3127.13747215271,7644,7432,11564,-212,-117,177,7356,-8732,10824,-21,65,-156,-13088,3952,7024,-1033,179,-41,-13208,-6296,6912,-441,108,-42,0
3127.171030044556,7648,7432,11656,-236,-118,160,7272,-8652,10704,-46,123,-173,-12836,3936,7100,-1021,137,-90,-13312,-6188,6656,-442,153,-72,0
3127.2044429779053,7696,7480,11520,-232,-129,154,7280,-8668,10776,-27,128,-196,-13120,3980,7032,-1002,107,-119,-13176,-6228,6856,-465,216,-76,0
3127.2381761074066,7624,7528,11392,-214,-199,125,7296,-8756,10812,7,153,-265,-13064,4072,7056,-1017,148,-179,-13212,-6208,6952,-471,255,-78,0
3127.2716290950775,7628,7364,11760,-211,-185,116,7288,-8684,10772,255,114,-241,-12848,4000,7132,-1011,181,-145,-13272,-6196,7132,-493,231,-80,0
3127.3045971393585,7576,7188,11688,-195,-195,124,7216,-8708,10756,-31,72,-269,-13104,3996,6948,-1004,186,-83,-13176,-6232,6844,-421,212,-78,0
3127.342255115509,7600,7472,11400,-212,-146,148,7312,-8684,10800,-41,64,-285,-13168,4044,6968,-983,198,-132,-13256,-6200,6896,-429,267,-53,0
3127.377993106842,7912,7676,11560,-231,-231,170,7204,-8516,11004,-32,160,-254,-13224,4044,7076,-979,128,-174,-13376,-6100,7156,-462,509,-95,0
3127.4128849506374,7764,7456,11272,-207,-186,132,7496,-8696,10644,-12,160,-219,-13188,4040,7068,-1012,91,-74,-13396,-5936,6692,-456,179,-109,0
3127.4487719535828,7804,7452,11444,-210,-106,128,7432,-8712,10836,-35,125,-168,-13256,3840,6888,-1043,111,-25,-13388,-6228,6884,-556,78,-120,0
3127.4837930202484,7724,7292,11500,-154,-24,116,7636,-8724,10608,-7,145,-86,-13264,4132,7008,-1060,89,42,-13324,-6072,6832,-557,19,-175,0
3127.5192461013794,7768,7308,11636,-83,65,145,7584,-8788,10716,-7,135,-53,-13092,4032,7008,-1086,72,24,-13304,-6204,6824,-557,24,-161,0
3127.5540361404414,7560,7352,11264,-104,51,147,7316,-8732,10656,-22,98,-81,-13004,3952,7028,-1066,119,-47,-13164,-6164,6936,-765,77,-112,0
3127.589658021927,7532,7384,11568,-189,-37,135,7324,-8684,10828,-99,111,-143,-12808,3892,6996,-978,92,-48,-13188,-6312,6748,-436,113,-103,0
3127.624840974808,7432,7440,11560,-189,-119,113,7212,-8900,10560,-91,163,-219,-13144,3892,7152,-975,61,-131,-13200,-6280,6752,-486,218,-142,0
3127.6603260040283,7440,7252,11396,-182,-129,46,7628,-8720,10864,-31,212,-227,-13168,4260,7324,-975,10,-67,-13436,-6292,6800,-501,223,-208,0
3127.695508956909,7688,7544,11404,-133,-24,-20,7344,-8456,10824,-19,178,-185,-13212,4020,7076,-1002,81,-49,-13172,-6236,6976,-497,97,-181,0
3127.7311730384827,7916,7492,11336,-157,18,-13,7332,-8756,10748,-49,121,-170,-13012,4132,6864,-1003,85,9,-13128,-6172,6936,-463,116,-162,0
3127.767158985138,7600,7384,11484,-194,-16,86,7296,-8796,10652,-61,107,-167,-13016,3916,6956,-942,25,-81,-13196,-5984,6792,-465,86,-119,0
3127.8025319576263,7536,7372,11480,-167,-35,103,7252,-8744,10540,-26,143,-129,-13292,4080,6984,-1007,78,-82,-13260,-6292,6836,-478,91,-98,0
3127.8380820751186,7660,7500,11564,-200,255,103,7372,-8808,10772,-67,120,-165,-13072,4024,7064,-1017,130,-48,-13176,-6348,6896,-476,97,-141,0
3127.873054981232,7540,7436,11316,-198,-55,90,7368,-8720,10860,-46,173,-156,-13232,3992,7076,-942,47,-68,-13568,-6180,7108,-484,98,-175,0
3127.9087750911713,7708,7388,11504,-162,-58,60,7444,-8820,10804,-39,201,-151,-13200,4056,6844,-956,16,-74,-13132,-6192,6928,-559,136,-157,0
3127.943685054779,7632,7284,11436,-183,-46,33,7328,-8740,10812,-5,132,-191,-13020,4004,6780,-1023,124,-54,-13284,-6184,6876,-259,113,-135,0
3127.9802589416504,7872,7488,11596,-139,-14,96,7352,-8800,10552,-48,100,-205,-12976,4088,6800,-964,25,-61,-13236,-6272,6988,-492,90,-105,0
3128.013780117035,7556,7588,11464,-190,-58,121,7280,-8708,10680,-46,84,-155,-13100,4096,6740,-990,73,-82,-13288,-6204,6884,-472,79,-133,0
3128.0473370552063,7928,7304,11492,-171,245,75,7484,-8788,10816,-42,138,-169,-13272,3856,6912,-772,101,-54,-13200,-6180,6656,-496,123,-146,0
3128.080831050873,7580,7428,11528,-140,-58,85,7292,-8740,10844,-32,125,-168,-13164,3976,7208,-1038,70,-10,-13068,-6264,7044,-259,104,-156,0
3128.11442899704,7636,7568,11548,-140,-118,101,7352,-8736,10688,-80,100,-171,-13124,3968,6884,-1029,90,-20,-13076,-6272,6804,-484,85,-199,0
3128.1474521160126,7596,7672,11592,-155,-88,66,7388,-8716,10784,-86,142,-206,-13080,3968,7356,-987,37,-40,-13204,-6352,6856,-460,136,-178,0
3128.1807219982147,7600,7384,11528,-157,-74,69,7236,-8888,10796,-48,150,-203,-13020,4024,7132,-992,53,-63,-13200,-6192,6824,-515,159,-133,0
3128.2141621112823,7636,7460,11544,-103,-95,73,7332,-8680,10636,-32,115,-187,-13164,4016,7032,-1270,93,-44,-13260,-6224,6936,-260,147,-109,0
3128.2477481365204,7608,7452,11332,-146,-54,85,7416,-8696,10772,-38,100,-185,-13104,3924,7044,-979,91,-84,-13196,-6232,6712,-479,137,-78,0
3128.281229019165,7908,7520,11520,-175,-67,88,7324,-8744,10724,-111,94,-151,-13300,4004,7312,-975,92,-25,-13256,-6232,6792,-459,103,-82,0
3128.314868927002,7572,7376,11288,-193,-47,132,7248,-8832,10796,-70,109,-113,-12848,4120,6824,-1066,156,-14,-13140,-6140,6752,-520,101,-137,0
3128.348284959793,7600,7372,11672,-182,-43,152,7304,-8736,10508,-5,105,-137,-13016,4080,7124,-1036,76,-53,-13092,-6276,7136,-492,124,-105,0
3128.381730079651,7600,7500,11376,-158,-24,131,7340,-8676,10744,-34,146,-169,-13144,4032,6968,-769,79,-61,-13212,-6364,6860,-484,126,-140,0
3128.415214061737,7660,7472,11520,-171,-55,69,7452,-8820,10732,-45,156,-190,-13120,4060,7024,-1020,68,-89,-13092,-6260,6984,-495,148,-148,0
3128.4487140178685,7568,7456,11352,-188,4,89,7460,-8824,10500,-52,154,-164,-13312,3932,6848,-1025,95,-53,-13236,-6208,6920,-452,116,-110,0
3128.482110977173,7464,7552,11660,-209,-17,123,7328,-8564,10736,-12,132,-166,-13128,4004,7040,-1029,82,-36,-13112,-6272,6944,-473,135,-85,0
3128.515648126602,7508,7516,11624,-204,-40,123,7256,-8800,10752,-68,130,-140,-13208,4148,7072,-1016,101,-76,-13128,-6284,6912,-457,115,-87,0
3128.5491650104523,7532,7480,11572,-226,-110,119,7356,-8816,10844,-52,155,-187,-13104,4160,7008,-965,74,-183,-13208,-6212,6988,-471,193,-76,0
3128.5826499462128,7488,7200,11568,-231,-123,153,7284,-8848,10820,-46,152,-193,-13052,3868,7144,-1013,77,-138,-13144,-6352,6728,-501,0,-52,0
3128.6161091327667,7492,7440,11512,-237,-140,154,7244,-8756,10684,-8,107,-227,-13052,4132,7060,-1280,135,-110,-13172,-6228,6976,-456,217,-24,0
3128.649673938751,7612,7432,11676,-217,-95,139,7276,-8696,10720,-253,120,-225,-13080,4124,7000,-1018,159,-153,-13268,-6244,6932,-462,212,-60,0
3128.6831209659576,7620,7460,11688,-225,-156,186,7376,-8732,10824,24,123,-210,-13164,4108,7020,-993,138,-156,-13548,-6340,6708,-458,195,-64,0
3128.7166969776154,7700,7436,11540,-222,-97,173,7340,-8772,10848,19,119,-199,-13140,4048,6972,-987,100,-163,-13076,-5920,7088,-473,183,-76,0
3128.7501220703125,7904,7676,11408,-232,-104,151,7332,-8872,10512,22,102,-232,-13176,3948,6940,-954,80,-129,-13220,-6212,7020,-462,228,-46,0
3128.783632040024,7620,7500,11552,-233,-166,205,7372,-8744,10720,-10,134,-201,-13280,3980,7016,-998,156,-103,-13232,-6244,6872,-457,205,-44,0
3128.8171870708466,7636,7472,11388,-201,-191,160,7356,-8644,10768,-24,123,-214,-13212,3936,6916,-996,153,-71,-13312,-6252,6916,-459,166,-63,0
3128.8508710861206,7740,7280,11544,-275,-132,144,7456,-8764,10640,30,101,-180,-13224,4092,7004,-1014,103,-136,-13260,-6256,7000,-490,191,-95,0
3128.8842771053314,7656,7376,11492,-238,-158,157,7408,-8620,11000,62,136,-211,-13048,4116,7032,-1280,97,-177,-13192,-6236,6828,-451,185,-72,0
3128.9177961349487,7648,7356,11476,-199,-132,123,7660,-8944,10860,11,142,-208,-13008,4100,6932,-1004,127,-133,-13320,-6224,6928,-457,169,-78,0
3128.9513070583344,7684,7444,11716,-233,-151,139,7336,-8692,10896,40,113,-188,-13204,4088,7012,-1014,129,-139,-13372,-6124,6992,-444,148,-72,0
3128.9841930866246,7868,7432,11536,-248,-127,149,7328,-8660,10836,-253,149,-160,-13068,3996,7160,-1040,171,-63,-13260,-6092,6864,-467,151,-38,0
3129.021870136261,7724,7360,11552,-223,-109,193,7304,-8668,10876,-3,70,-155,-13048,4020,7136,-1048,165,-92,-13288,-6316,6844,-520,129,-38,0
3129.0582160949707,7568,7444,11504,-190,-86,166,7376,-8456,10784,-47,120,-166,-13168,3864,6980,-1035,158,-109,-13304,-6192,6928,-260,171,-82,0
3129.093677043915,7616,7272,11588,-205,-147,127,7440,-8688,10692,-30,122,-200,-13092,3988,6956,-769,97,-108,-13292,-6228,6852,-257,199,-136,0
3129.1287679672246,7656,7248,11452,-173,-137,79,7180,-8752,10708,-47,141,-200,-13192,4016,6936,-1011,109,-113,-13288,-6076,7024,-478,176,-162,0
3129.163852930069,7528,7280,11528,-182,-118,82,7540,-8780,10696,-47,159,-219,-13196,4032,6860,-995,121,-90,-13360,-6040,6532,-484,141,-160,0
3129.1992571353912,7736,7328,11416,-177,-57,84,7468,-8732,10808,-38,146,-182,-13180,4008,7004,-1010,101,-29,-13384,-6168,7008,-464,116,-126,0
3129.2347469329834,7828,7412,11424,-176,-49,77,7676,-8728,10900,-50,126,-146,-13292,4084,6964,-770,100,-23,-13544,-6180,6760,-477,131,-135,0
3129.270411968231,7884,7180,11400,-187,-31,77,7360,-8792,10968,-87,162,-136,-13060,4052,6952,-1006,86,2,-13212,-6220,6844,-472,110,-142,0
3129.3055460453033,7600,7348,11612,-149,-21,87,7328,-8752,10688,-79,163,-143,-13168,3976,7168,-999,42,-59,-13176,-6220,6940,-470,150,-156,0
3129.3408939838414,7640,7296,11392,-142,-248,72,7284,-8784,10956,-58,150,-150,-13032,4056,7192,-1014,37,-9,-13212,-6280,6964,-490,142,-168,0
3129.376111984253,7484,7168,11760,-167,-19,79,7316,-8712,10696,-53,163,-178,-13132,3928,7092,-1015,89,-68,-13340,-6392,6984,-465,128,-145,0
3129.41214299202,7660,7348,11728,-143,-15,79,7368,-8764,10776,-63,157,-178,-13200,3956,7132,-1007,60,-70,-13280,-6184,6944,-476,137,-143,0
3129.4474289417267,7644,7440,11588,-166,-15,73,7432,-8936,10584,-65,187,-192,-12808,4048,7352,-961,103,-32,-13272,-6296,7000,-499,126,-175,0
3129.4838881492615,7596,7432,11392,-161,-38,51,7424,-8792,10736,-58,168,-173,-13024,4056,6860,-988,79,-34,-13292,-6176,6800,-485,107,-160,0
3129.519819021225,7668,7388,11592,-144,-46,82,7376,-8712,10572,-54,150,-188,-13124,4024,6756,-1000,89,-44,-13060,-6272,7056,-512,115,-124,0
3129.5549540519714,7844,7360,11552,-150,-37,117,7348,-8692,10796,-65,139,-184,-12900,4092,6924,-1015,96,-38,-13292,-6204,6840,-490,131,-147,0
3129.5904490947723,7696,7496,11496,-175,-24,89,7412,-8784,10628,-53,131,-127,-13132,3960,7264,-1001,101,2,-13224,-6284,6784,-467,93,-123,0
3129.625538110733,7624,7448,11444,-183,-33,111,7260,-8828,10620,-34,165,-144,-13128,4112,6764,-994,57,-39,-13280,-6232,6972,-485,102,-155,0
3129.661679983139,7660,7380,11700,-174,-22,85,7296,-8744,10864,-48,148,-178,-13128,3956,7084,-1008,76,-79,-13308,-6256,6904,-475,120,-166,0
3129.695155143738,7640,7340,11600,-148,-43,76,7248,-8820,10840,-57,165,-169,-13188,3924,7068,-1273,63,-97,-13172,-6196,6844,-483,133,-148,0
3129.7286789417267,7660,7372,11452,-152,-48,58,7292,-8500,10652,-50,143,-200,-13028,4068,7048,-1027,78,-74,-13204,-6272,7076,-461,126,-151,0
3129.7622809410095,7680,7384,11656,-183,-40,85,7272,-8812,10616,-79,156,-187,-12992,4024,7004,-963,55,-23,-13488,-6240,6740,-452,101,-132,0
3129.795748949051,7592,7336,11580,-176,-24,45,7332,-8752,10732,-63,156,-141,-13124,4180,7132,-1026,52,-11,-13256,-6368,7000,-503,118,-149,0
3129.829159975052,7528,7356,11584,-207,-42,89,7328,-8628,10772,11,141,-151,-12808,4060,6928,-1049,70,-39,-13280,-6296,6984,-496,102,-156,0
3129.8626239299774,7548,7536,11368,-140,18,87,7316,-8452,10796,-40,148,-147,-13180,3964,7148,-1049,98,-57,-13156,-6400,6788,-525,107,-133,0
3129.8960859775543,7644,7212,11528,-176,-22,85,7320,-8500,10620,-78,142,-158,-13104,4016,6980,-990,83,-61,-13316,-6240,6820,-475,120,-158,0
3129.929666996002,7608,7352,11736,-178,14,96,7352,-8792,10652,-70,132,-155,-13040,4000,6960,-1278,67,-13,-13268,-6248,6964,-463,125,-114,0
3129.9632880687714,7768,7368,11696,-150,-254,122,7480,-8828,10708,-56,113,-134,-13096,4040,6960,-1025,67,-255,-13308,-6200,6816,-467,101,-105,0
3129.99689412117,7544,7380,11468,-182,-20,100,7412,-8732,10792,-48,127,-161,-13060,4024,7100,-969,74,-31,-13268,-6372,6972,-457,79,-151,0
3130.0302610397334,7564,7384,11556,-214,-19,82,7212,-8832,10544,-62,142,-178,-13120,3952,7132,-979,52,-72,-13228,-6244,6904,-464,98,-142,0
3130.0637590885162,7544,7416,11572,-170,-47,94,7316,-8816,10688,-53,159,-171,-13084,4012,7220,-996,78,-58,-13188,-6224,6760,-489,148,-133,0
3130.097347021103,7596,7376,11572,-182,-64,105,7316,-8780,10628,-26,129,-182,-12984,4060,6968,-1021,108,-77,-13176,-6132,6976,-489,203,-93,0
3130.1310710906982,7468,7436,11480,-187,-96,101,7368,-8724,10792,-41,134,-178,-12816,4092,7248,-1279,73,-62,-13228,-6292,7020,-490,185,-110,0
3130.164379119873,7640,7364,11708,-219,-84,113,7288,-8796,10756,-10,171,-186,-13116,3840,7016,-1010,103,-117,-13536,-6180,6960,-461,157,-87,0
3130.1977059841156,7508,7392,11652,-230,-72,140,7248,-8764,10668,-22,140,-174,-13132,4064,7108,-1016,115,-115,-13208,-6224,6856,-469,206,-74,0
3130.2313799858093,7552,7428,11560,-219,-139,140,7316,-8860,10908,-31,122,-218,-13132,4048,6976,-1018,121,-134,-13264,-6300,6956,-488,218,-71,0
3130.2648661136627,7592,7460,11528,-211,-158,175,7376,-8712,10616,-69,105,-199,-13072,4096,6792,-986,143,-117,-13216,-6172,7004,-491,192,-51,0
3130.2985439300537,7592,7432,11572,-249,-146,147,7344,-8740,10920,-65,110,-217,-13100,4032,7172,-968,147,-67,-13244,-6192,6944,-464,211,-57,0
3130.3320610523224,7524,7392,11604,-241,-168,151,7296,-8852,10720,-25,118,-235,-13092,3860,7004,-978,141,-165,-13188,-5988,6680,-497,229,-25,0
3130.3655660152435,7580,7400,11400,-242,-150,165,7344,-8804,10756,9,121,-213,-13204,3956,6952,-994,116,-144,-13244,-6248,6820,-495,230,-57,0
3130.399034023285,7712,7376,11656,-231,-137,140,7372,-8768,10676,30,131,-201,-13044,3944,6984,-995,115,-104,-13220,-5960,6972,-501,205,-80,0
3130.4323210716248,7680,7416,11596,-239,-152,138,7328,-8860,10900,14,140,-226,-13068,3988,6668,-774,139,-107,-13100,-6180,6900,-476,228,-65,0
3130.4656269550323,7616,7328,11484,-232,-162,160,7432,-8636,10692,-11,113,-218,-13068,3920,6988,-976,149,-131,-13364,-6184,6704,-489,193,-38,0
3130.499071121216,7700,7376,11552,-221,-155,192,7440,-8836,10652,-7,104,-210,-13112,4064,7208,-1004,174,-107,-13504,-6228,7160,-498,181,-68,0
3130.532602071762,7720,7280,11584,-223,-132,181,7228,-8740,10780,32,116,-175,-13248,3980,7184,-1057,119,-95,-13092,-6292,6872,-473,182,-58,0
3130.566108942032,7624,7324,11464,-215,-91,144,7344,-8688,10576,253,110,-196,-13092,3908,7116,-1028,102,-57,-13264,-6332,6896,-473,139,-113,0
3130.5998010635376,7600,7344,11708,-212,-145,87,7364,-8736,10780,-28,161,-178,-13120,4024,6952,-1000,86,-100,-13308,-6156,6888,-477,156,-125,0
3130.6333360672,7644,7308,11640,-243,-133,79,7400,-8696,10656,-18,152,-216,-13068,3984,6884,-988,61,-114,-13336,-6132,6852,-493,171,-178,0
3130.6694009304047,7720,7292,11564,-156,-95,116,7168,-8696,10584,-2,135,-148,-13084,4020,6856,-771,111,-79,-13264,-6164,6856,-507,102,-179,0
3130.704528093338,7656,7328,11592,-228,-67,117,7336,-8856,10696,-48,162,-130,-13120,4068,7028,-1045,128,-35,-13152,-6228,6916,-508,123,-132,0
3130.7401781082153,7708,7292,11596,-206,-71,120,7440,-8776,10788,26,141,-167,-13112,4004,7160,-1036,73,-106,-13136,-6228,7072,-509,212,-105,0
3130.7750470638275,7568,7392,11440,-200,-143,107,7324,-8768,10720,47,160,-228,-13144,3924,6988,-1052,47,-135,-13232,-5900,7112,-523,193,-139,0
3130.8107800483704,7664,7264,11628,-237,-218,103,7320,-8604,10656,43,150,-245,-12812,3984,6996,-1018,97,-149,-13292,-6388,6832,-485,170,-137,0
3130.8461170196533,7780,7368,11536,-230,-139,93,7448,-8600,10600,-42,139,-219,-13128,3872,6960,-981,31,-75,-13296,-6232,6852,-446,116,-133,0
3130.881612062454,7668,7336,11488,-197,-103,75,7280,-8736,10756,-41,180,-186,-13152,3936,7080,-971,60,-98,-13324,-6204,6904,-431,111,-162,0
3130.9177720546722,7696,7372,11580,-187,-11,80,7268,-8760,10764,-64,171,-151,-12928,4064,7096,-1023,85,-52,-13252,-6240,6712,-489,113,-110,0
3130.9528110027313,7680,7420,11492,-202,-41,103,7260,-8480,10564,-64,143,-150,-12984,4016,6800,-1015,112,-28,-13252,-6220,6848,-477,143,-105,0
3130.9876811504364,7676,7336,11592,-188,-56,114,7300,-8776,10536,-69,100,-174,-12804,4004,7024,-1010,134,-60,-13184,-6280,6812,-465,179,-80,0
3131.0234191417694,7560,7304,11612,-196,-76,122,7472,-8840,10764,-44,111,-168,-13164,4092,6952,-1008,102,-55,-13068,-6200,6676,-480,166,-107,0
3131.059695005417,7864,7288,11636,-156,-23,108,7308,-8808,10528,-25,119,-162,-13056,4084,6924,-1029,77,-46,-13324,-6296,6880,-504,129,-145,0
3131.0947959423065,7732,7352,11560,-118,18,87,7352,-8456,10584,-31,137,-124,-12980,3996,6984,-1045,101,3,-13200,-6164,6840,-483,103,-157,0
3131.130578994751,7544,7428,11708,-150,8,65,7168,-8932,10816,-35,148,-129,-13088,3928,6924,-1013,95,-53,-13216,-6388,7148,-488,143,-157,0
3131.166053056717,7656,7356,11656,-151,21,80,7268,-8764,10676,-71,142,-149,-13132,3920,7016,-989,95,-47,-13356,-6160,6964,-475,119,-118,0
3131.202213048935,7572,7344,11756,-139,248,80,7272,-8744,10776,-78,170,-141,-13112,4028,7140,-775,82,-20,-13240,-6260,6832,-490,151,-152,0
3131.2375349998474,7584,7380,11632,-160,-43,76,7348,-8748,10716,-19,124,-202,-13076,4000,7128,-1014,102,-71,-13192,-6276,7056,-479,161,-130,0
3131.273190021515,7596,7400,11588,-140,-18,63,7388,-8736,10828,-70,147,-173,-13204,4044,6784,-1022,47,-64,-13312,-6296,7160,-487,148,-152,0
3131.3096101284027,7584,7672,11556,-122,-42,44,7384,-8852,10720,-56,127,-193,-13048,4044,6948,-1008,84,-58,-13256,-6196,6968,-483,132,-176,0
3131.3452529907227,7624,7360,11552,-160,-253,49,7360,-8792,10900,-54,146,-155,-13104,4056,6988,-1022,37,-45,-13172,-6236,6928,-484,103,-163,0
3131.378988981247,7624,7372,11456,-123,24,71,7396,-8780,10544,-45,165,-164,-13304,4056,7144,-1046,72,-21,-13136,-6388,6912,-486,81,-172,0
3131.412456035614,7576,7540,11592,-145,32,61,7328,-8768,10780,-79,158,-155,-13000,3992,7048,-1047,69,-73,-13192,-6244,6944,-466,110,-140,0
3131.4459879398346,7500,7416,11420,-166,255,66,7276,-8752,10752,-77,161,-163,-13128,3948,7316,-998,86,-103,-13492,-6284,6656,-469,135,-153,0
3131.4840400218964,7668,7472,11476,-151,-38,80,7288,-8788,10808,-55,155,-175,-13128,3964,7068,-981,97,-45,-13140,-6252,6908,-497,167,-127,0
3131.5179710388184,7580,7412,11552,-205,-62,104,7360,-8728,10960,-30,112,-200,-13140,3968,6980,-1000,116,-50,-13204,-6192,6964,-499,177,-85,0
3131.551602125168,7552,7332,11552,-185,-64,134,7172,-8788,10880,-30,98,-215,-13028,4000,7056,-1031,109,-93,-13232,-6320,6904,-451,196,-66,0
3131.5850589275365,7644,7364,11624,-207,-74,134,7332,-8684,10852,-27,92,-175,-13112,3852,7092,-1018,140,-108,-13272,-6264,6876,-479,165,-78,0
3131.618761062622,7580,7288,11376,-179,-82,145,7336,-8736,10840,-39,101,-200,-13112,4064,7352,-1000,147,-114,-13268,-6200,6828,-497,203,-85,0
3131.6521260738373,7532,7296,11740,-198,-108,138,7272,-8792,10544,-42,132,-209,-13084,3976,7088,-1279,139,-92,-13244,-6248,6868,-481,168,-72,0
3131.6854000091553,7504,7372,11680,-201,-136,167,7372,-8728,10664,-30,116,-183,-12868,4036,7048,-1021,136,-103,-13200,-6112,6996,-477,173,-57,0
3131.7185540199284,7492,7340,11572,-218,-67,171,7268,-8812,10592,-43,132,-202,-12824,4060,6968,-989,136,-86,-13292,-6216,7040,-474,193,-41,0
3131.752115011215,7484,7280,11624,-212,-128,152,7320,-8768,10688,-34,109,-201,-13100,3972,6980,-1004,146,-115,-13224,-6220,6788,-472,234,-91,0
3131.785367012024,7608,7376,11592,-219,-119,134,7312,-8692,10496,-33,150,-201,-13184,3956,6960,-960,134,-101,-13196,-6228,6952,-463,213,-81,0
3131.8190829753876,7648,7292,11532,-226,-86,151,7388,-8740,10848,-10,149,-215,-13104,3984,6932,-995,116,-132,-13208,-6152,6948,-490,221,-73,0
3131.8526170253754,7660,7364,11676,-204,-137,164,7232,-8800,10932,-8,128,-206,-13000,4008,7044,-1015,155,-164,-13332,-6208,6808,-473,210,-37,0
3131.885596036911,7676,7368,11720,-214,-162,147,7264,-8776,10748,-254,103,-205,-13032,4020,7208,-967,140,-156,-13324,-6208,6880,-464,223,-45,0
3131.9193420410156,7620,7428,11620,-224,-154,153,7384,-8688,10640,-32,98,-191,-13172,3952,7004,-990,173,-91,-13364,-6216,6916,-453,168,-75,0
3131.9529690742493,7656,7320,11428,-195,-125,140,7348,-8740,10888,-29,121,-203,-13064,4108,7236,-1015,120,-85,-13424,-6228,6868,-490,156,-86,0
3131.9864690303802,7620,7248,11640,-242,-115,153,7332,-8764,10796,19,107,-194,-12996,3976,6960,-1053,130,-100,-13144,-6180,6676,-493,184,-66,0
3132.0200390815735,7468,7324,11708,-209,-125,173,7328,-8960,10972,37,125,-189,-13124,3688,7088,-1021,132,-86,-13072,-6152,6772,-471,153,-99,0
3132.0536110401154,7604,7360,11616,-167,-130,111,7364,-8684,10812,-3,156,-210,-13096,3956,7036,-967,73,-110,-13184,-6172,6784,-476,209,-87,0
3132.087028026581,7452,7272,11632,-252,-169,119,7304,-8788,10760,4,131,-221,-13140,3948,6916,-990,110,-125,-13088,-6208,6840,-440,201,-109,0
3132.1203320026398,7696,7256,11560,-217,-139,122,7184,-8524,10868,7,128,-166,-13084,4000,6800,-995,138,-99,-13364,-6368,7144,-493,163,-92,0
3132.1536819934845,7592,7308,11512,-219,-113,138,7428,-8704,10712,-3,135,-153,-13120,3884,6908,-769,187,-49,-13228,-6216,6912,-469,95,-71,0
3132.187152147293,7664,7288,11612,-202,-88,130,7324,-8772,10700,-11,135,-155,-13100,3932,6912,-1036,115,-53,-13516,-6200,7048,-499,115,-117,0
3132.2206439971924,7636,7336,11584,-196,-108,125,7388,-8768,10548,-24,154,-188,-13080,3980,7136,-1000,103,-118,-13492,-6236,6728,-500,187,-106,0
3132.2540040016174,7624,7304,11556,-146,-108,107,7356,-8748,10664,-13,126,-202,-12884,4032,7092,-1276,130,-101,-13304,-6164,6872,-479,202,-75,0
3132.287442922592,7676,7308,11560,-220,-117,123,7364,-8812,10572,-56,116,-205,-13256,3944,7092,-1016,115,-93,-13080,-6188,6888,-472,183,-113,0
3132.3209760189056,7688,7376,11588,-165,-93,118,7344,-8700,10700,-40,118,-191,-13132,3932,6920,-981,111,-53,-13544,-6268,6864,-482,160,-119,0
3132.357738018036,7752,7600,11648,-208,-70,93,7616,-8452,10700,-45,147,-179,-13200,4020,7132,-1003,102,-90,-13408,-6160,6756,-490,160,-144,0
3132.392372131348,7764,7372,11536,-187,-81,104,7332,-8824,10844,-30,140,-175,-13104,3996,6980,-1029,82,-71,-13224,-6228,6856,-508,148,-123,0
3132.427556991577,7712,7236,11484,-186,-89,110,7344,-8760,10780,-44,136,-180,-13116,3984,6864,-993,117,-80,-13352,-6196,6968,-488,106,-131,0
3132.4633009433746,7536,7316,11772,-175,-64,110,7228,-8696,10752,-57,162,-168,-12884,4012,7008,-1011,104,-86,-13296,-6164,6920,-477,131,-142,0
3132.4982481002808,7720,7360,12020,-164,-67,71,7172,-8728,10992,-55,156,-183,-13080,4008,7012,-998,70,-106,-13320,-6164,6920,-484,134,-139,0
3132.53384399414,7844,7300,11720,-149,-44,98,7256,-8688,10716,-31,157,-151,-13172,4000,7136,-999,101,-27,-13300,-6192,6752,-488,126,-154,0
3132.569265127182,7464,7276,11368,-172,-63,120,7412,-8704,10740,-31,143,-166,-13136,3844,6928,-992,76,-69,-13332,-6188,7004,-505,143,-137,0
3132.6050169467926,7708,7408,11552,-140,-103,117,7396,-8724,10544,-49,161,-164,-13176,3868,7028,-998,69,-54,-13400,-6120,6820,-526,152,-130,0
3132.6402089595795,7620,7676,11648,-157,-35,104,7376,-8688,10792,-29,134,-128,-12976,4076,6796,-1041,163,-250,-13096,-6156,6848,-470,82,-103,0
3132.6873030662537,7588,7224,11580,-149,-42,139,7300,-8800,10648,-60,111,-158,-13144,3988,6980,-996,139,-69,-13088,-6356,6768,-483,150,-122,0
3132.733108997345,7612,7304,11584,-212,-117,98,7320,-8648,10644,-14,174,-240,-13056,3920,7004,-1011,71,-141,-13168,-6316,6796,-449,185,-145,0
3132.7771401405334,7672,7376,11440,-184,-138,33,7364,-8688,10756,-74,233,-197,-13224,3888,6880,-976,15,-104,-13492,-6340,6864,-471,178,-202,0
3132.8122680187225,7736,7236,11564,-209,-64,-253,7356,-8740,10864,-21,202,-233,-13196,4112,7064,-979,44,-71,-13348,-6076,6892,-467,142,-188,0
3132.848494052887,7908,7340,11280,-196,-18,36,7348,-8692,10740,-50,184,-155,-13104,4048,6944,-770,48,-28,-13312,-6176,7096,-501,93,-155,0
3132.883449077606,7652,7396,11516,-187,13,115,7244,-8792,10828,-22,143,-118,-12920,4104,7092,-1280,123,235,-13140,-6152,7016,-494,53,-93,0
3132.9192039966583,7500,7280,11664,-198,3,136,7212,-8868,10724,-55,110,-124,-13048,3980,6988,-772,148,-14,-13244,-6396,6860,-482,83,-34,0
3132.9540791511536,7596,7308,11604,-185,-28,156,7332,-8852,10620,-68,148,-126,-13124,4080,6872,-1029,104,-54,-13472,-6288,6696,-523,113,-83,0
3132.989923000336,7612,7260,11656,-133,-47,139,7364,-8752,10800,-33,127,-188,-13084,3932,7012,-1015,106,-71,-13312,-6188,6784,-485,176,-112,0
3133.0253181457524,7708,7316,11648,-181,-98,112,7352,-8960,10504,-1,125,-209,-13120,3984,7048,-993,95,-110,-13344,-6276,6900,-481,189,-165,0
3133.0589129924774,7656,7376,11708,-146,-123,57,7280,-8912,10756,-51,157,-192,-13152,3940,6916,-967,59,-86,-13092,-6208,6888,-455,173,-147,0
3133.0924079418182,7748,7400,11540,-198,-77,64,7376,-8892,10632,-42,158,-221,-13284,4040,6940,-989,95,-108,-13204,-6188,6848,-438,154,-155,0
3133.1259050369263,7632,7336,11596,-195,-73,79,7396,-8900,10772,-25,167,-208,-13176,3976,7040,-992,84,-71,-13284,-6248,6840,-456,174,-132,0
3133.159150123596,7628,7372,11520,-211,-49,72,7372,-8752,10572,-43,143,-183,-12848,4064,6900,-1047,92,-49,-13304,-6288,6820,-489,118,-109,0
3133.192453145981,7836,7372,11648,-175,9,82,7360,-8760,10812,-67,123,-167,-13220,4056,7108,-1002,104,-58,-13516,-6156,6804,-500,114,-158,0
3133.2259349823,7684,7296,11636,-170,247,97,7336,-8780,10720,-62,161,-127,-13292,3964,7096,-770,64,-65,-13188,-6148,6856,-472,140,-167,0
3133.259519100189,7640,7420,11480,-162,-34,72,7416,-8756,10556,-43,142,-144,-12992,3992,6964,-1019,46,-27,-13108,-6364,6848,-510,115,-149,0
3133.2929451465607,7600,7340,11480,-163,-19,89,7324,-8960,10856,-42,170,-155,-13256,3868,7004,-1007,96,-39,-13200,-6276,6864,-511,138,-139,0
3133.3266060352325,7660,7344,11644,-186,-52,92,7368,-8664,10804,-57,164,-183,-13032,3936,7040,-1008,117,-80,-13212,-6208,6848,-456,139,-134,0
3133.3600521087646,7632,7432,11596,-171,-69,68,7220,-8816,10776,-45,139,-182,-13088,4072,7060,-1020,104,-57,-13176,-6256,6984,-484,139,-134,0
3133.392995119095,7456,7412,11556,-151,-18,88,7196,-8824,10736,-45,129,-188,-13136,4036,6976,-1010,97,-254,-13232,-6252,6968,-472,139,-107,0
3133.426780939102,7588,7256,11640,-170,-14,81,7232,-8768,10656,-44,146,-181,-13112,4004,7176,-967,73,-33,-13172,-6224,7052,-461,140,-151,0
3133.460258960724,7504,7396,11724,-181,-53,97,7304,-8924,10732,-83,150,-169,-13312,4056,7120,-953,90,-50,-13316,-6188,6824,-447,126,-111,0
3133.4936430454254,7712,7340,11600,-194,-28,76,7412,-8836,10840,-73,154,-140,-13064,4272,6912,-1002,75,-92,-13264,-6360,6968,-480,132,-140,0
3133.527338027954,7652,7348,11636,-191,-256,107,7576,-8796,10556,-12,162,-145,-13176,4008,6912,-1039,78,-103,-13536,-6232,6792,-477,161,-111,0
3133.560797929764,7480,7392,11532,-187,-25,112,7272,-8752,10776,21,156,-189,-13080,4020,7156,-1037,83,-69,-13196,-6276,6788,-487,186,-110,0
3133.593873977661,7476,7420,11488,-201,-135,114,7332,-8756,10844,-35,170,-186,-13112,3960,7392,-1022,85,-155,-13460,-6312,6696,-468,219,-71,0
3133.6275651454926,7512,7452,11560,-219,-135,124,7308,-8856,10832,-26,107,-241,-13024,4028,7100,-1000,136,-174,-13172,-6320,6984,-467,212,-32,0
3133.6607720851894,7588,7260,11532,-177,-134,173,7204,-8704,10616,-46,116,-185,-13000,3968,6932,-1008,122,-44,-13164,-6400,6940,-471,177,-68,0
3133.6941509246826,7512,7320,11400,-224,-100,180,7192,-8496,10724,-36,114,-189,-13060,3848,7012,-977,132,-61,-13248,-6292,6788,-461,176,-67,0
3133.7276561260223,7596,7400,11612,-243,-78,136,7272,-8832,10752,-48,161,-166,-12964,3964,7132,-983,106,-105,-13248,-6276,6832,-448,138,-77,0
3133.7610180377965,7656,7336,11360,-243,-65,115,7364,-8840,10820,-17,160,-170,-13084,4000,7008,-991,102,-128,-13244,-6140,6820,-486,184,-78,0
3133.7942249774933,7660,7260,11768,-198,-68,144,7348,-8836,10728,4,136,-207,-13076,4000,7056,-1029,119,-103,-13312,-6164,6716,-474,244,-27,0
3133.8279321193695,7584,7240,11464,-203,-127,156,7240,-8564,10592,10,104,-238,-13032,3976,7144,-1274,166,-106,-13220,-6396,6744,-477,3,-23,0
3133.8614439964294,7680,7280,11596,-173,-163,169,7676,-8944,10672,1,96,-227,-13036,3896,7024,-990,169,-124,-13396,-6144,6888,-443,210,-32,0
3133.8947710990906,7440,7316,11604,-195,-119,148,7404,-8732,10556,-25,131,-181,-13160,3980,7048,-999,150,-149,-13504,-6160,6876,-466,199,-61,0
3133.9283831119537,7808,7296,11552,-192,-107,158,7296,-8740,10816,25,143,-173,-13140,3988,7112,-1029,124,-124,-13404,-6196,6744,-478,188,-77,0
3133.9618730545044,7708,7264,11496,-180,-83,140,7348,-8828,10628,16,165,-178,-12968,3964,7024,-1031,92,-85,-13292,-6188,6892,-477,196,-82,0
3133.995507001877,7676,7404,11600,-214,-97,113,7328,-8632,10684,-25,175,-186,-13292,3872,6672,-997,113,-61,-13276,-6196,6976,-473,168,-79,0
3134.031924009323,7932,7352,11656,-206,-115,124,7420,-8676,10732,-21,151,-197,-13076,4092,6960,-987,101,-90,-13212,-6152,6868,-472,180,-77,0
3134.068186044693,7624,7280,11320,-201,-128,112,7304,-8772,10508,-19,151,-202,-13164,3884,7116,-1275,107,-103,-13300,-6192,6864,-483,188,-101,0
3134.103832960129,7640,7232,11348,-168,-112,120,7252,-8800,10656,12,143,-202,-13120,3916,7136,-988,129,-121,-13460,-6132,6820,-464,186,-91,0
3134.1392769813538,7728,7316,11604,-164,-81,115,7320,-8652,10628,-23,115,-199,-13084,3952,6948,-1018,146,-62,-13356,-6280,6896,-477,161,-98,0
3134.174983024597,7848,7364,11472,-167,-112,138,7416,-8784,10788,-28,123,-178,-13072,3972,7120,-988,110,-55,-13208,-6084,6852,-503,136,-110,0
3134.211207151413,7708,7240,11548,-142,-81,115,7664,-8708,10572,-26,142,-189,-13128,3956,6884,-1036,87,-83,-13564,-6164,6848,-489,166,-147,0
3134.2470870018005,7676,7252,11524,-154,-43,103,7496,-8820,10764,-25,164,-178,-13212,3924,7144,-990,81,-36,-13320,-6268,6812,-452,142,-155,0
3134.2819590568542,7660,7284,11512,-181,-39,98,7328,-8928,10880,-37,159,-164,-13180,4036,7004,-993,115,-31,-13280,-6148,6748,-462,98,-121,0
3134.3179910182953,7712,7228,11488,-149,-45,108,7268,-8780,10716,-47,147,-151,-13100,4032,7024,-1005,83,-49,-13268,-6004,6660,-512,113,-161,0
3134.353292942047,7568,7296,11548,-188,-67,92,7324,-8856,10732,-13,126,-164,-13036,3948,6988,-1050,31,-60,-13272,-6208,6664,-495,176,-154,0
3134.389177083969,7896,7436,11568,-133,-254,64,7228,-8680,10732,-42,160,-156,-12816,4020,6928,-1019,107,-46,-13396,-6272,6876,-468,116,-125,0
3134.424113035202,7648,7320,11628,-164,-26,56,7352,-8756,10692,-25,182,-186,-13088,4064,7020,-969,86,-53,-13224,-6388,6836,-453,149,-155,0
3134.460062980652,7724,7348,11636,-187,-39,84,7280,-8780,10856,-37,136,-153,-13164,4032,6932,-1012,82,-96,-13224,-6268,6756,-479,134,-145,0
3134.495279073715,7884,7260,11724,-139,-32,106,7332,-8824,10896,-46,123,-127,-13064,4012,6964,-1016,125,-2,-13304,-6236,6872,-491,87,-146,0
3134.5311341285706,7624,7440,11620,-145,-26,89,7296,-8452,10576,-79,165,-151,-13084,3988,7036,-1006,96,-60,-13272,-6308,6984,-497,90,-159,0
3134.566118955612,7572,7280,11596,-182,-61,70,7320,-8748,10784,-59,138,-157,-13128,3976,6972,-987,74,-62,-13236,-6240,6900,-261,135,-143,0
3134.6018669605255,7568,7360,11640,-153,-44,97,7260,-8632,10616,-57,131,-184,-13000,3968,6916,-1005,100,-26,-13272,-6264,6848,-501,178,-122,0
3134.638239145279,7612,7340,11576,-183,-83,89,7264,-8736,10672,-39,118,-214,-13312,3964,6880,-1006,111,-92,-13228,-6100,7060,-486,191,-99,0
3134.6734490394592,7856,7292,11504,-183,-112,120,7344,-8800,10848,-25,128,-199,-13100,4060,7088,-960,132,-85,-13364,-6172,6852,-478,162,-92,0
3134.709013938904,7428,7264,11560,-218,-133,117,7380,-8740,10748,-10,182,-199,-13128,3980,7008,-970,84,-76,-13428,-6328,6964,-480,169,-128,0
3134.7425849437714,7668,7344,11708,-215,-121,101,7296,-8756,10832,27,174,-195,-13044,4016,7020,-1025,64,-112,-13280,-6244,6736,-502,177,-154,0
3134.7759571075444,7616,7356,11664,-180,-152,97,7284,-8732,10672,24,162,-193,-12996,4032,6768,-1008,83,-117,-13244,-6164,6832,-485,161,-127,0
3134.8096871376038,7604,7356,11492,-223,-129,123,7332,-8748,10644,-53,126,-205,-13116,3912,7088,-988,129,-89,-13524,-6248,6792,-471,150,-107,0
3134.843199014664,7600,7344,11668,-185,-95,128,7276,-8708,10732,-61,156,-177,-13272,4024,7040,-996,96,-67,-13292,-5908,6784,-258,122,-103,0
3134.876783132553,7584,7328,11576,-183,-98,122,7352,-8928,10528,-19,171,-169,-13092,3980,7368,-990,38,-80,-13296,-6280,6812,-486,161,-125,0
3134.9100110530853,7548,7356,11648,-181,-65,100,7260,-8688,10824,-5,202,-172,-13128,3860,6804,-986,74,-75,-13536,-6284,6812,-460,110,-160,0
3134.9435229301453,7552,7228,11576,-195,-85,72,7372,-8840,10768,-24,183,-174,-13132,3924,7124,-999,74,-118,-13428,-6400,6800,-468,157,-137,0
3134.977303981781,7648,7296,11568,-208,-113,87,7384,-8804,10716,3,181,-185,-13020,3912,7160,-1022,87,-76,-13300,-6104,6792,-496,171,-138,0
3135.010890007019,7604,7260,11756,-156,-110,133,7296,-8688,10964,41,97,-207,-13060,4016,7136,-1007,92,-104,-13300,-6116,6920,-482,194,-103,0
3135.0443799495697,7568,7296,11608,-171,-136,130,7328,-8728,10816,-28,111,-217,-12876,4036,7064,-979,98,-130,-13268,-6380,6920,-488,165,-90,0
3135.0774970054626,7680,7396,11572,-151,-105,119,7660,-8752,10808,-79,114,-198,-13180,4036,7048,-993,61,-103,-13544,-6144,6960,-483,100,-140,0
3135.111069917679,7596,7344,11460,-177,-51,123,7304,-8516,10604,-87,124,-124,-13064,3944,7120,-1013,99,253,-13140,-6276,6840,-496,73,-125,0
3135.1442329883575,7632,7276,11480,-159,240,118,7396,-8708,10800,-72,169,-110,-13164,3876,7260,-1044,70,-238,-13280,-6224,6832,-479,60,-141,0
3135.1777391433716,7696,7420,11616,-180,-29,107,7388,-8664,10952,-65,147,-128,-13296,4048,7084,-1018,100,-8,-13292,-6212,6740,-479,89,-147,0
3135.211442947388,7700,7316,11604,-179,-12,76,7340,-8780,10904,-26,175,-144,-12972,4016,7044,-1033,87,-77,-13296,-6276,6944,-501,167,-134,0
3135.2449560165405,7596,7352,11620,-152,-71,97,7308,-8748,10892,-13,111,-208,-12816,3896,7028,-1004,133,-113,-13216,-6164,6928,-497,245,-113,0
3135.2784111499786,7480,7280,11676,-156,-105,101,7352,-8848,10764,-49,87,-211,-13112,4032,7156,-986,109,-65,-13288,-6156,6904,-469,220,-112,0
3135.311738014221,7584,7208,11676,-142,-109,95,7340,-8776,10908,-96,145,-224,-13124,4156,7048,-1007,86,-82,-13356,-6224,6912,-452,133,-155,0
3135.345283985138,7700,7224,11560,-180,-43,82,7332,-8812,10572,-9,174,-164,-13076,4092,7120,-1037,61,-101,-13084,-6336,6856,-500,128,-155,0
3135.378839969635,7584,7328,11664,-170,-11,82,7304,-8804,10728,-245,201,-145,-13052,3880,7076,-1012,74,-70,-13208,-6296,6856,-469,104,-126,0
3135.4120910167694,7648,7388,11592,-168,-25,64,7332,-8744,10772,-65,171,-158,-13128,4008,7140,-996,95,-21,-13500,-6256,6856,-471,120,-112,0
3135.4456610679626,7756,7336,11576,-170,-26,64,7264,-8808,10716,-75,139,-185,-12956,3948,6960,-1005,89,-27,-13484,-5924,6768,-476,143,-135,0
3135.4791281223297,7720,7392,11568,-137,-71,122,7332,-8484,10772,-42,135,-161,-13120,4068,7120,-1006,106,-98,-13312,-6268,6812,-484,144,-111,0
3135.5126390457153,7556,7368,11648,-168,-56,128,7212,-8748,10756,-28,141,-175,-13256,3908,7156,-971,127,-88,-13064,-6264,6720,-465,132,-117,0
3135.5461139678955,7684,7356,11680,-170,-29,87,7280,-8780,10780,-61,138,-189,-13072,3932,7056,-970,86,-87,-13264,-6264,6792,-468,136,-157,0
3135.5798609256744,7688,7280,11616,-209,-68,97,7300,-8752,10792,-12,160,-161,-13092,4032,7132,-1005,79,-6,-13228,-6192,6916,-485,135,-148,0
3135.6134130954742,7632,7404,11752,-141,-70,111,7148,-8752,10800,-42,148,-159,-13040,3916,7036,-1012,65,-50,-13324,-6264,6880,-492,119,-140,0
3135.6467411518097,7768,7328,11720,-168,-254,54,7284,-8796,10524,-34,138,-186,-13104,4000,7112,-980,107,-65,-13216,-6296,6688,-484,136,-155,0
3135.680237054825,7612,7340,11352,-163,-38,82,7276,-8784,10700,-50,156,-159,-13312,4020,6984,-1014,63,-72,-13228,-6008,6716,-468,129,-115,0
3135.7159581184387,7572,7280,11760,-166,-73,113,7368,-8756,10832,-38,148,-137,-13164,3976,7000,-1277,88,-81,-13320,-6296,6888,-503,154,-107,0
3135.751240968704,7576,7312,11696,-143,-66,113,7296,-8760,10764,-80,154,-158,-13148,4032,7132,-994,63,-63,-13324,-6276,6880,-466,107,-163,0
3135.7862179279327,7620,7344,11584,-163,-61,90,7416,-8768,10800,-75,161,-152,-13096,4064,6992,-969,15,-40,-13376,-6272,6728,-479,142,-174,0
3135.821902990341,7504,7268,11552,-163,-254,71,7408,-8796,10656,-44,225,-145,-13040,4092,7176,-897,-51,-11,-13244,-6296,6892,-465,134,-191,0
3135.8580100536346,7636,7648,11636,-148,-12,60,7336,-8812,10508,-47,213,-160,-13012,4048,7076,-896,-76,-85,-13184,-6296,6824,-447,160,-159,0
3135.893243074417,7596,7368,11688,-188,-21,42,7340,-8812,10804,-70,282,-145,-12988,3944,7408,-854,-144,-44,-13244,-6148,6844,-427,132,-141,0
3135.9281709194183,7508,7344,11744,-160,-15,53,7176,-8768,10992,-83,199,-151,-13012,4136,7068,-949,-34,-69,-13244,-6180,7104,-516,159,-131,0
3135.9638681411743,7512,7332,11696,-169,-36,111,6924,-8872,10724,-32,198,-151,-13012,3932,7000,-940,-19,-43,-13288,-6256,6884,-500,162,-146,0
3135.99946808815,7672,7432,11652,-132,-7,116,7216,-8504,10964,-30,253,-108,-13176,3944,7136,-930,-48,-49,-13204,-6200,6848,-260,130,-110,0
3136.0350201129913,7532,7388,11616,-185,-4,101,7536,-8848,10576,-23,172,-127,-13160,4000,7072,-889,18,-37,-13256,-6264,6732,-495,149,-88,0
3136.070775985718,7644,7172,11644,-186,26,97,7316,-8768,10796,-36,134,-124,-13236,4016,7036,-770,156,-38,-13560,-6164,6920,-481,120,-96,0
3136.1060650348663,7892,7412,11368,-179,-4,146,7340,-8712,10860,-38,129,-126,-12856,4048,7132,-783,140,-56,-13224,-6200,7136,-505,140,-102,0
3136.142427921295,7480,7428,11576,-183,-20,121,7200,-8832,10996,-61,139,-144,-13084,4032,7128,-1000,103,-58,-13172,-6296,6692,-471,190,-94,0
3136.178062915802,7480,7392,11688,-188,-104,112,6920,-8872,10880,-79,116,-202,-12968,4020,7120,-1024,168,-140,-13132,-6292,6768,-463,197,-89,0
3136.213315963745,7540,7332,11624,-179,-119,139,7184,-8788,10660,-17,80,-226,-12952,4052,7040,-1012,206,-124,-13168,-6252,6708,-478,230,-44,0
3136.249302148819,7652,7468,11500,-202,-150,144,7336,-8884,10688,-21,94,-269,-13040,4032,7408,-776,175,-118,-13260,-6224,7076,-441,511,-59,0
3136.2851769924164,7584,7280,11688,-210,-190,153,7404,-8788,10988,-8,119,-239,-13088,3956,7044,-999,175,-164,-13352,-6200,6820,-453,203,-65,0
3136.320837020874,7560,7312,11556,-223,-136,144,7280,-8836,10500,14,123,-211,-13080,4076,7044,-994,104,-98,-13328,-6156,7092,-471,203,-52,0
3136.357579946518,7616,7376,11556,-213,-142,165,6968,-8836,10688,20,134,-200,-12948,3960,7192,-777,122,-152,-13408,-6208,6744,-492,209,-60,0
3136.390613079071,7564,7420,11592,-194,-172,169,7240,-8740,10852,-8,117,-203,-13084,3996,7164,-1027,161,-135,-13284,-6292,6812,-466,204,-75,0
3136.4242050647736,7524,7420,11732,-221,-164,155,7188,-8792,10824,-23,116,-228,-13076,3940,6988,-1270,220,-105,-13384,-6164,6764,-480,197,-52,0
3136.4577951431274,7428,7388,11552,-227,-162,184,7256,-8648,10744,-22,89,-218,-13088,3984,7068,-1033,232,-115,-13352,-6092,6700,-471,202,-69,0
3136.493767976761,7696,7364,11492,-208,-159,166,7248,-8736,10520,0,124,-235,-13108,3880,6992,-1062,231,-115,-13308,-6188,6752,-445,221,-72,0
3136.527590036392,7656,7300,11692,-213,-173,153,7280,-8672,10836,34,69,-237,-13028,4000,7056,-1139,328,-153,-13200,-6392,6776,-477,208,-96,0
3136.561079978943,7616,7348,11452,-195,-158,161,7324,-8896,10688,36,135,-219,-12988,4056,7172,-1057,239,-157,-13388,-6208,6840,-495,192,-103,0
3136.5943670272827,7900,7328,11616,-194,-176,153,7316,-8456,10828,54,95,-206,-13304,3976,7080,-1007,177,-109,-13288,-6164,6856,-465,201,-58,0
3136.627974033356,7712,7296,11540,-179,-155,160,7276,-8748,10764,10,101,-235,-13124,3992,7004,-1067,217,-102,-13288,-6156,6832,-485,197,-80,0
3136.661308050156,7532,7180,11680,-205,-140,174,7248,-8612,10736,-253,74,-204,-13280,3976,7152,-1065,226,-110,-13068,-6240,6816,-439,159,-46,0
3136.6948280334473,7516,7604,11504,-179,-135,140,7320,-8908,10852,-16,30,-207,-13068,3904,6876,-1032,198,-77,-13128,-5996,6844,-475,125,-65,0
3136.7282910346985,7716,7188,11576,-235,-136,147,7300,-8788,10756,36,90,-160,-13176,4040,7060,-769,101,-80,-13300,-6176,6904,-501,162,-110,0
3136.7617740631104,7460,7416,11408,-196,-122,140,7128,-8708,10776,70,103,-208,-13184,3948,7000,-1021,127,-92,-13504,-6300,6880,-458,164,-106,0
3136.7953000068665,7540,7332,11568,-173,-144,99,7332,-8792,10780,-26,142,-220,-13104,3992,6980,-969,90,-147,-13352,-5956,6844,-462,221,-112,0
3136.828702926636,7504,7208,11672,-204,-168,133,7240,-8544,10776,-256,80,-241,-13116,3892,6980,-1008,115,-129,-13292,-6000,6768,-492,195,-110,0
3136.8623390197754,7736,7328,11468,-119,-122,124,7288,-8584,10684,4,121,-165,-13148,3896,7048,-1019,116,-31,-13368,-6304,6900,-496,85,-146,0
3136.8955919742584,7932,7284,11656,-160,-56,87,7424,-8628,10844,-35,156,-122,-13148,3984,7012,-769,75,26,-13324,-6184,6832,-483,69,-161,0
3136.9291501045227,7872,7300,11748,-161,55,65,7340,-8728,10796,-45,237,-136,-13224,3896,7068,-982,0,-37,-13276,-6120,6744,-474,93,-171,0
3136.962655067444,7448,7296,11588,-146,-2,70,7224,-8956,10500,-38,168,-140,-13120,4008,6884,-1055,105,-93,-13300,-6232,6732,-485,169,-131,0
3136.9960560798645,7668,7256,11424,-156,-69,95,7280,-8740,10960,-6,118,-205,-13000,3880,6704,-1038,213,-98,-13212,-6200,6852,-473,216,-103,0
3137.0296630859375,7736,7316,11556,-157,-96,134,7208,-8740,10836,-49,70,-233,-13144,3984,7000,-1278,179,-93,-13304,-6164,7080,-477,218,-80,0
3137.063147068024,7728,7368,11544,-146,-140,103,7216,-8712,10876,-78,97,-224,-13268,4124,7072,-992,154,-104,-13208,-6272,6840,-485,165,-112,0
3137.0964341163635,7600,7324,11636,-165,-134,117,7232,-8704,10980,-58,123,-191,-13124,4016,7116,-1010,137,-128,-13356,-6232,6724,-480,160,-143,0
3137.1297471523285,7684,7288,11472,-163,-57,112,7236,-8700,10780,-8,174,-181,-13108,4024,6860,-1029,95,-28,-13352,-6204,6776,-470,120,-152,0
3137.1632130146027,7664,7320,11716,-140,-58,86,7272,-8952,10864,-14,150,-151,-13252,3956,6808,-1038,109,-251,-13300,-6144,6832,-494,97,-116,0
3137.196650981903,7724,7312,11320,-175,-56,86,7392,-8464,10824,-56,119,-167,-13100,3844,7364,-998,109,-54,-13196,-6068,6936,-495,159,-125,0
3137.23007106781,7600,7404,11508,-160,-93,106,7252,-8792,10944,-69,80,-217,-13036,3956,7088,-974,153,-120,-13308,-6244,6776,-488,204,-96,0
3137.2636530399323,7912,7396,11768,-105,-129,153,7248,-8668,10720,-71,61,-232,-13100,3880,6964,-990,160,-142,-13312,-6240,6744,-481,199,-92,0
3137.296926021576,7784,7264,11276,-148,-109,109,7656,-8776,10624,-59,126,-183,-13236,3912,7060,-919,25,-63,-13464,-6096,6768,-457,143,-161,0
3137.3301279544826,7744,7280,11688,-169,-54,69,7452,-8720,10764,23,175,-144,-13140,3976,7064,-996,33,-57,-13404,-6264,6908,-480,124,-163,0
3137.3634369373326,7696,7308,11592,-171,-9,17,7308,-8452,10808,-8,210,-161,-13168,3860,7148,-976,252,-62,-13168,-5952,6696,-456,133,-138,0
3137.399649143219,7636,7268,11580,-157,-68,63,7220,-8748,10748,-34,165,-194,-13312,3992,6976,-979,128,-85,-13252,-6176,6808,-481,139,-110,0
3137.434905052185,7512,7328,11660,-136,-112,138,7392,-8852,10588,-40,103,-164,-13080,3924,7100,-1003,90,-70,-13536,-6200,6852,-503,137,-94,0
3137.4704849720006,7752,7368,11444,-144,-94,138,7176,-8724,10764,-10,89,-163,-13092,3944,6980,-1015,109,-68,-13088,-6220,6744,-505,151,-132,0
3137.505541086197,7680,7408,11596,-89,-42,128,7392,-8464,10712,-57,145,-158,-13144,3996,7100,-1008,53,-16,-13368,-6236,6720,-521,108,-138,0
3137.54122710228,7512,7232,11488,-173,-51,79,7628,-8772,10728,-16,153,-175,-13076,4028,7060,-978,22,-91,-13276,-6140,6728,-463,150,-139,0
3137.577558994293,7724,7412,11528,-170,-45,72,7336,-8660,10764,-30,170,-170,-13180,3936,6696,-973,58,-59,-13408,-6216,6744,-478,138,-132,0
3137.6123919487004,7604,7376,11500,-148,-57,95,7320,-8688,10796,-47,156,-156,-13128,3964,6920,-1016,105,-84,-13324,-6188,6792,-445,105,-145,0
3137.647633075714,7660,7296,11588,-174,-11,69,7320,-8772,10880,-34,123,-174,-13168,4000,7300,-1013,140,-72,-13324,-6172,6768,-442,95,-114,0
3137.68293094635,7892,7372,11628,-148,-65,102,7220,-8772,10748,-41,163,-156,-13084,3952,7144,-987,65,-32,-13260,-6116,6800,-509,154,-108,0
3137.7190959453583,7776,7420,11732,-128,-41,109,7280,-8720,10916,-18,110,-168,-12992,3976,7120,-774,124,-98,-13328,-6204,6836,-500,152,-66,0
3137.7544310092926,7676,7292,11500,-178,-88,132,7280,-8804,10508,-14,79,-176,-12816,4032,7100,-781,137,-4,-13280,-6112,6800,-504,195,-100,0
3137.789895057678,7628,7336,11524,-152,-71,106,7220,-8824,10824,-30,96,-186,-13152,3992,7116,-995,167,-116,-13276,-6168,6796,-479,162,-103,0
3137.8253870010376,7656,7324,11632,-164,-68,143,7212,-8904,10676,-17,98,-203,-13060,3904,7000,-985,123,-105,-13360,-6204,6788,-481,153,-92,0
3137.8611800670624,7664,7416,11680,-130,-109,105,7320,-8600,10792,4,135,-194,-12980,3968,7072,-1055,148,-97,-13280,-6100,6740,-473,154,-124,0
3137.8960440158844,7700,7348,11488,-183,-75,86,7268,-8836,10816,-1,135,-189,-13088,4052,7340,-976,77,-52,-13308,-6224,6888,-485,154,-134,0
3137.932356119156,7560,7392,11488,-216,-118,103,7244,-8728,10812,-59,133,-192,-13020,4024,7120,-965,126,-115,-13104,-6180,6784,-496,193,-128,0
3137.968039035797,7580,7328,11752,-176,-143,136,7284,-8952,10988,-60,120,-193,-13068,3944,6748,-967,146,-114,-13368,-6184,6828,-499,114,-86,0
3138.0034739971165,7696,7416,11708,-156,-47,137,7300,-8712,10736,-54,100,-162,-13248,3912,7060,-949,120,-254,-13328,-6172,6816,-452,78,-100,0
3138.040323972702,7776,7348,11428,-193,36,109,7388,-8676,10764,-52,140,-104,-13188,3960,6980,-942,79,-33,-13280,-6288,6780,-535,79,-130,0
3138.0736889839172,7796,7372,11604,-147,16,106,7288,-8768,10512,-50,145,-108,-13084,4000,7076,-1044,73,244,-13200,-6260,6876,-514,96,-150,0
3138.1073129177094,7608,7336,11540,-117,34,110,7244,-8728,10956,-61,57,-183,-13020,3832,7260,-1001,85,-46,-13176,-5900,6804,-508,138,-123,0
3138.1405670642853,7792,7360,11472,-131,-30,93,7428,-8628,10764,-63,159,-140,-13152,3956,7252,-930,58,-90,-13568,-6200,6892,-497,97,-148,0
3138.174159049988,7780,7340,11440,-129,-12,60,7180,-8812,10792,11,214,-128,-13144,4024,7088,-982,27,-51,-13244,-6112,6968,-461,79,-170,0
3138.207575082779,7568,7388,11488,-189,12,38,7096,-8864,10876,10,199,-177,-13016,3992,7032,-977,-15,-58,-13236,-6216,6900,-511,143,-184,0
3138.2410440444946,7548,7376,11508,-132,-22,62,7304,-8692,10724,-34,166,-182,-13292,4120,7172,-1003,29,-47,-13064,-6268,6768,-495,136,-170,0
3138.2743611335754,7668,7496,11544,-143,-75,68,7232,-8820,10512,-69,154,-171,-13064,4032,7136,-976,56,-83,-13244,-6096,6856,-504,136,-145,0
3138.3079590797424,7588,7372,11524,-172,0,75,7252,-8752,10788,-41,151,-171,-12976,4024,7144,-1274,104,-72,-13216,-6164,6848,-497,167,-120,0
3138.341383934021,7632,7404,11464,-152,-38,86,7212,-8744,10828,-43,95,-154,-13312,4000,6840,-1069,208,-76,-13368,-6200,6812,-456,122,-112,0
3138.375186920166,7448,7388,11740,-172,-15,129,7236,-8712,10688,-255,160,-161,-13108,4004,7020,-925,101,-23,-13216,-6332,6872,-502,69,-175,0
3138.4084179401398,7592,7384,11612,-205,-21,87,7368,-8668,10836,-28,156,-165,-13076,3992,7052,-950,66,-78,-13228,-6164,6812,-479,108,-142,0
3138.4418540000916,7608,7372,11576,-151,-67,88,7252,-8456,10764,-12,160,-171,-13180,3928,7032,-948,65,-139,-13256,-6184,6836,-493,162,-146,0
3138.475415945053,7604,7368,11460,-139,-99,106,7396,-8604,10692,20,142,-195,-12916,3676,6696,-776,165,-139,-13124,-6236,6888,-480,189,-88,0
3138.5089831352234,7460,7168,11436,-158,-113,104,7212,-8752,10728,-20,39,-230,-13104,3944,7164,-972,177,-80,-13560,-6400,7156,-523,165,-102,0
3138.5424511432648,7732,7368,11612,-148,-63,108,7400,-8732,10664,-25,96,-193,-13184,4016,7168,-954,140,-47,-13532,-6208,6856,-487,80,-119,0
3138.5759410858154,7684,7648,11772,-189,8,81,7332,-8616,10556,-12,191,-141,-13220,3964,7044,-920,46,-4,-13544,-6224,6676,-477,49,-138,0
3138.6094369888306,7664,7380,11544,-197,14,75,7380,-8512,10800,-7,197,-117,-13092,3992,6964,-1000,81,-69,-13332,-6352,6836,-472,90,-167,0
3138.6428809165955,7912,7616,11296,-181,-32,94,7444,-8732,10740,15,182,-112,-13116,3960,7016,-927,61,-19,-13388,-6160,6896,-496,8,-173,0
3138.6764950752254,7524,7668,11680,-150,45,76,7276,-8796,10712,-73,210,-95,-13148,3972,7152,-905,-15,-5,-13264,-6252,6884,-438,41,-167,0
3138.7100369930267,7548,7176,11276,-165,38,46,7336,-8496,10848,-74,208,-138,-13100,3968,7084,-930,15,-4,-13280,-6208,6824,-464,79,-181,0
3138.743633031845,7476,7336,11700,-130,-250,55,7356,-8704,10888,-45,190,-145,-13044,3992,7008,-955,-26,-62,-13240,-6224,6740,-484,64,-150,0
3138.7772059440613,7444,7420,11528,-80,247,55,6976,-8788,10780,-39,119,-184,-13012,4060,7100,-1001,95,-23,-13200,-6220,6804,-486,119,-141,0
3138.810856103897,7460,7500,11568,-79,8,60,7404,-8808,10880,-14,117,-177,-13008,4040,7100,-998,115,-74,-13232,-6212,6948,-520,137,-133,0
3138.844079017639,7484,7364,11500,-88,-25,62,6972,-8700,10784,-28,141,-191,-13056,3856,7028,-1034,95,-55,-13264,-6268,6904,-768,152,-133,0
3138.877459049225,7500,7388,11600,-112,-38,58,7252,-8748,10940,-59,108,-180,-12952,4032,7020,-1007,154,-80,-13264,-6232,7148,-502,191,-139,0
3138.9107460975647,7596,7488,11564,-143,-65,93,7440,-8632,10996,-94,103,-188,-13004,4084,7072,-945,57,-99,-13168,-6300,6828,-486,119,-133,0
3138.9442009925842,7436,7180,11280,-145,-10,65,7236,-8720,10988,-69,154,-179,-13028,3860,7092,-983,81,-39,-13544,-6284,6972,-489,60,-159,0
3138.9776079654694,7448,7432,11588,-164,23,52,7320,-8768,10960,-19,146,-157,-13188,3936,6936,-1059,84,-38,-13268,-6276,6896,-501,151,-141,0
3139.011160135269,7556,7456,11580,-164,27,67,7372,-8604,10752,-43,134,-164,-13020,3912,6980,-995,98,-85,-13208,-6356,6768,-478,125,-114,0
3139.044523000717,7532,7460,11584,-187,-61,45,7236,-8636,10752,-88,186,-218,-13048,3916,6896,-983,48,-120,-13284,-6244,6668,-440,190,-151,0
3139.0812540054326,7560,7444,11552,-189,8,23,7208,-8788,10800,-54,201,-206,-13056,4068,6908,-991,52,-93,-13220,-6232,6884,-436,182,-166,0
3139.1161501407623,7544,7460,11592,-144,28,44,7240,-8456,10568,-74,142,-172,-13100,4152,6984,-1013,79,-51,-13292,-6244,6968,-447,143,-148,0
3139.1517739295964,7536,7368,11660,-147,64,77,7232,-8716,10636,-87,203,-83,-13136,4312,6808,-994,145,-1,-13208,-6204,6872,-462,55,-122,0
3139.188358068466,7428,7392,11616,-170,93,90,7228,-8848,10512,-81,163,-105,-13060,4328,6916,-991,165,-2,-13160,-6208,6920,-456,117,-78,0
3139.22368311882,7456,7372,11620,-173,79,136,7236,-8772,10732,-79,128,-119,-13076,4124,7032,-1066,146,-78,-13144,-6236,6832,-489,152,-55,0
3139.2599070072174,7400,7432,11632,-194,-4,144,7232,-8860,10760,-37,92,-169,-12976,4076,7000,-1006,211,-72,-13188,-6392,6724,-488,234,-51,0
3139.2950501441956,7380,7392,11756,-161,-72,136,7220,-8872,10844,-30,128,-229,-12968,4140,7012,-996,128,-155,-13312,-6288,6940,-460,260,-56,0
3139.3309350013733,7332,7260,11632,-241,-152,147,7212,-8696,10812,-13,158,-243,-13084,4092,7148,-993,145,-134,-13116,-6304,6896,-443,215,-76,0
3139.3659310340886,7432,7480,11496,-226,-125,111,7404,-8708,10996,10,120,-264,-13148,4016,7064,-978,156,-133,-13264,-6292,7076,-431,234,-59,0
3139.4017040729523,7460,7560,11592,-281,-184,139,7184,-8720,10740,10,119,-271,-13124,3984,6964,-954,170,-137,-13280,-6180,6820,-445,205,-65,0
3139.437716960907,7460,7464,11424,-231,-171,118,7024,-8744,10912,-4,161,-231,-13248,3944,7024,-933,78,-144,-13496,-6236,6724,-469,220,-98,0
3139.4729549884796,7612,7452,11876,-211,-171,118,7316,-8812,10700,23,110,-246,-13256,4104,7040,-779,172,-163,-13320,-6248,7120,-464,211,-81,0
3139.5091469287872,7660,7404,11680,-220,-155,158,7272,-8824,10792,6,39,-228,-13124,4076,7016,-1029,223,-92,-13304,-6056,6760,-457,215,-9,0
3139.5440781116486,7680,7296,11680,-219,-140,218,7296,-8728,10760,29,43,-218,-13108,4032,7020,-1056,224,-119,-13360,-6128,6676,-476,187,-18,0
3139.5793211460114,7660,7368,11624,-231,-184,212,7300,-8772,10756,59,86,-194,-13136,3980,6984,-1018,188,-118,-13324,-6096,6908,-494,200,-36,0
3139.6145589351654,7592,7404,11612,-218,-183,192,7344,-8724,10696,48,94,-212,-13236,4004,7004,-1031,159,-154,-13396,-6224,6784,-457,212,-70,0
3139.6496810913086,7536,7484,11296,-239,-160,172,7284,-8456,10564,19,149,-223,-13104,3936,7128,-1044,177,-150,-13104,-6220,6828,-433,196,-83,0
3139.6850039958954,7600,7452,11484,-237,-150,157,7316,-8716,10976,-13,115,-190,-13124,4012,6972,-1005,177,-100,-13388,-6096,6852,-442,136,-84,0
3139.721908092499,7572,7336,11648,-248,-115,133,7284,-8752,10504,60,136,-160,-13132,4064,7008,-1019,79,-79,-13260,-6208,6820,-478,178,-107,0
3139.755532026291,7580,7360,11416,-215,-150,157,7288,-8472,10760,68,119,-184,-13108,3980,6940,-1006,158,-110,-13216,-6236,6796,-461,146,-107,0
3139.7892169952393,7456,7340,11524,-201,-129,125,7268,-8504,10528,16,148,-212,-13080,4056,7040,-983,125,-161,-13244,-5936,6672,-468,213,-79,0
3139.822854042053,7468,7292,11660,-277,-212,157,7208,-8792,10728,44,88,-500,-13024,4140,6852,-1052,135,-178,-13564,-6132,6800,-460,510,-42,0
3139.8565490245815,7648,7372,11624,-209,-225,169,7316,-8672,10528,57,121,-219,-13184,4012,7188,-1277,137,-89,-13544,-6284,6772,-505,210,-61,0
3139.889662027359,7684,7368,11684,-237,-169,181,7180,-8644,10952,23,133,-182,-13184,4000,7088,-785,158,-104,-13368,-6268,6820,-476,135,-87,0
3139.923164129257,7556,7668,11588,-206,-121,165,7272,-8652,10732,-247,123,-216,-13276,4068,7076,-985,122,-118,-13244,-6200,6676,-484,167,-104,0
3139.956733942032,7620,7420,11300,-177,-126,133,7340,-8908,10924,-33,100,-211,-13240,3964,7072,-983,88,-123,-13348,-6152,6832,-531,215,-126,0
3139.9903979301453,7740,7372,11624,-140,-100,89,7360,-8628,10824,-18,158,-206,-13132,3960,6924,-971,74,-81,-13360,-6028,6708,-477,177,-135,0
3140.0238671302795,7736,7284,11456,-149,-24,75,7284,-8664,10636,-55,163,-158,-13088,4040,6816,-1024,89,-37,-13384,-6148,6820,-467,111,-121,0
3140.0574181079865,7700,7288,11524,-163,-255,56,7368,-8652,10664,-65,187,-150,-13188,3976,6840,-977,53,-42,-13364,-6148,6828,-454,104,-178,0
3140.0909790992737,7736,7460,11504,-142,16,84,7340,-8504,10880,-57,214,-148,-13140,3992,7088,-954,-10,-75,-13388,-6112,6752,-475,170,-194,0
3140.1247129440308,7684,7392,11584,-121,20,73,7316,-8476,10504,-32,220,-187,-13144,3964,6960,-975,12,-50,-13172,-6216,6772,-479,193,-167,0
3140.1579699516296,7572,7336,11560,-104,-11,40,7228,-8712,10876,-74,219,-156,-13016,3972,7156,-994,18,-56,-13356,-5928,6736,-465,184,-197,0
3140.1915171146393,7576,7304,11588,-112,-18,25,7232,-8652,10828,-108,185,-198,-13112,4024,6992,-972,10,-43,-13540,-6240,6736,-512,125,-205,0
3140.224794149399,7496,7484,11520,-148,23,13,7288,-8456,10864,-93,193,-187,-13288,4096,7084,-1000,66,-96,-13316,-5952,6700,-429,114,-150,0
3140.2583241462708,7536,7496,11500,-188,32,54,7072,-8828,10844,-79,164,-164,-13136,3992,7012,-1005,75,-56,-13352,-6256,6840,-444,121,-143,0
3140.2921130657196,7536,7632,11708,-158,11,88,7280,-8708,10816,-74,172,-146,-13104,4092,7008,-969,73,-49,-13352,-6176,6836,-257,86,-140,0
3140.3254899978638,7516,7300,11668,-126,-33,74,7176,-8768,10900,-43,123,-190,-12852,3872,7156,-955,107,-81,-13208,-6196,6848,-444,163,-115,0
3140.359199047088,7568,7632,11556,-156,-151,117,7236,-8744,10668,-131,90,-239,-13112,4008,6980,-967,134,-72,-13272,-6156,6672,-464,176,-104,0
3140.3927879333496,7536,7284,11608,-135,-124,159,7200,-8960,10988,-105,126,-165,-13056,4284,6920,-1048,92,-76,-13060,-6032,6984,-547,121,-109,0
3140.4260571002965,7504,7292,11472,-137,-74,142,7360,-8820,10836,17,95,-152,-13088,4128,7148,-1085,149,-86,-13260,-6140,6852,-535,114,-108,0
3140.4599940776825,7552,7380,11560,-120,37,137,7332,-8456,10936,-35,7,-155,-13272,3964,6992,-1115,266,-27,-13504,-6112,6900,-531,67,-31,0
3140.4936299324036,7780,7484,11788,-139,-245,138,7484,-8684,10924,-112,1,-149,-13320,3964,6860,-1067,262,21,-13516,-6184,6820,-500,107,-59,0
3140.5270531177525,7520,7316,11640,-239,-47,155,7296,-8700,10884,16,35,-206,-13148,3624,6828,-1010,214,-127,-13008,-6292,6660,-459,232,-87,0
3140.560539007187,7476,7420,11280,-114,-228,182,7276,-8684,10736,33,85,-298,-13108,3908,6924,-974,96,-327,-13260,-6304,6776,-450,337,-128,0
3140.5940389633174,7576,7524,11668,-142,-293,83,7356,-8548,10904,8,132,-335,-13104,4076,7264,-964,10,-217,-13064,-6548,6896,-460,231,-159,0
3140.6276750564575,7572,7488,11440,-237,-186,25,7252,-8556,10600,-97,225,-247,-13048,3924,7100,-941,71,-66,-13332,-6160,7036,-454,78,-234,0
3140.661087989807,7580,7524,11316,-183,-253,-7,7200,-8720,10744,-67,205,-215,-13076,4008,7128,-929,78,-28,-13340,-6004,6736,-407,33,-161,0
3140.694750070572,7572,7448,11544,-199,34,8,7308,-8664,10836,-57,167,-158,-13064,4100,6772,-957,115,-13,-13312,-6028,6828,-439,91,-84,0
3140.7281260490417,7564,7332,11632,-205,-13,137,7416,-8792,10636,-73,124,-129,-13200,3892,6844,-950,75,-37,-13276,-6096,7032,-492,87,-64,0
3140.7644209861755,7540,7256,11616,-130,-43,201,7260,-8784,10688,-98,140,-131,-12928,4088,6844,-975,82,-31,-13216,-6148,6968,-548,117,-84,0
3140.7995600700374,7488,7252,11608,-142,-96,217,7252,-8824,10568,-90,86,-170,-12876,4080,6856,-980,88,-23,-13268,-5992,6784,-559,149,255,0
3140.8347840309143,7660,7400,11560,-192,-126,227,7176,-8744,10800,-89,124,-176,-13152,3856,6664,-1092,132,-71,-13360,-6184,6860,-263,157,-105,0
3140.8705410957336,7520,7388,11512,-106,-70,125,7388,-8848,10756,-255,192,-173,-13284,4016,7212,-1028,169,-115,-13284,-6260,6880,-259,86,-182,0
3140.9055559635162,7532,7224,11636,-106,-34,91,7256,-8724,10736,-15,168,-162,-13164,3920,7028,-1038,56,-70,-13288,-6212,6760,-529,145,-161,0
3140.9414300918575,7660,7532,11432,-141,-55,106,7184,-8760,10808,252,134,-186,-13300,4088,6896,-1050,173,-82,-13552,-6268,7064,-531,96,-138,0
3140.9773931503296,7612,7412,11712,-113,-44,88,7304,-8920,10780,7,61,-184,-13184,3964,6972,-1040,140,-111,-13284,-6156,6708,-514,144,-133,0
3141.0129959583282,7504,7424,11532,-138,-69,104,7220,-8788,10776,-28,122,-170,-13148,4004,6928,-1010,149,-60,-13324,-6096,6740,-568,145,-108,0
3141.048129081726,7584,7540,11728,-187,-90,160,7232,-8764,10860,-36,42,-178,-13076,4000,6676,-958,250,-46,-13336,-6084,6764,-539,163,-13,0
3141.0834369659424,7580,7184,11604,-185,-219,296,7196,-8776,10984,-73,-107,-216,-13076,3992,6924,-990,311,-133,-13156,-6028,6760,-650,328,62,0
3141.119143009186,7472,7360,11384,-113,-313,313,7420,-8688,10684,44,7,-241,-13240,3884,6984,-986,115,-124,-13528,-6152,6656,-592,295,-77,0
3141.154011964798,7800,7676,11412,-49,-177,217,7392,-8620,10704,83,225,-161,-13356,3984,7044,-1046,111,-128,-13764,-6272,6820,-623,137,-154,0
3141.1898369789124,7860,7516,11604,-119,-104,117,7416,-8664,10884,98,190,-110,-13296,3996,7112,-1041,-247,-48,-13392,-6288,6920,-539,-6,-244,0
3141.2255251407623,7712,7456,11616,-161,122,29,7396,-8812,10900,39,211,-104,-13144,4032,7284,-1014,-122,30,-13400,-6160,6880,-603,21,-224,0
3141.2617831230164,7572,7452,11700,-93,125,57,7116,-8732,10988,-58,230,-27,-12988,3988,6832,-1030,-30,78,-13220,-6200,7060,-552,-57,-213,0
3141.2982461452484,7456,7440,11600,-137,133,105,7060,-8640,10628,-39,172,-19,-12852,4088,7020,-1012,30,28,-13164,-6244,6836,-544,-76,-48,0
3141.333415031433,7648,7540,11608,-277,39,209,7248,-8776,10768,-133,16,-8,-13208,4004,7172,-942,69,67,-13072,-6028,6864,-586,56,-11,0
3141.3686900138855,7504,7324,11512,-222,-81,0,7296,-8832,10752,-97,13,-130,-13204,3928,6820,-1009,230,-38,-13152,-6184,6632,-574,234,7,0
3141.405478954315,7684,7276,11568,-131,-162,297,7184,-8788,10956,6,-109,-220,-13180,3952,6876,-1122,385,-63,-13336,-6092,6616,-561,272,1,0
3141.4391510486603,7672,7264,11552,-150,-138,258,7540,-8764,10564,-21,-82,-150,-13340,3984,6832,-1096,231,-54,-13344,-6120,6868,-574,121,-41,0
3141.4726510047913,7844,7320,11496,-135,-114,170,7536,-8732,10728,69,74,-97,-13476,3932,6664,-1051,74,-59,-13436,-6308,6608,-566,113,-230,0
3141.5107419490814,7876,7412,11488,-124,-28,39,7520,-8764,10812,110,137,-112,-13348,3872,7200,-1062,-40,-35,-13368,-6228,6496,-562,53,-287,0
3141.544454097748,7748,7580,11548,-129,80,248,7300,-8756,10760,113,203,-55,-13124,3864,7140,-1033,-129,-23,-13384,-6400,6676,-499,5,-293,0
3141.577786922455,7696,7608,11388,-118,118,-11,7128,-8560,10828,32,309,-253,-13136,3984,7116,-951,-162,43,-13412,-6304,6876,-465,-159,-326,0
3141.6114370822906,7576,7448,11548,-150,204,-49,7316,-8888,10832,37,407,71,-13152,4168,6980,-893,-297,85,-13172,-6352,7092,-537,-179,-385,0
3141.644730091095,7536,7468,11664,-147,182,-56,7276,-8724,10756,140,439,147,-13088,4204,6940,-833,-405,100,-13200,-6288,6840,-546,-157,-367,0
3141.678295135498,7416,7508,11552,-98,251,-46,7096,-8684,10860,74,365,87,-12904,4000,7000,-968,-183,147,-12864,-6380,7000,-481,-123,-331,0
3141.711807012558,7356,7320,11700,-131,160,-55,7036,-8784,10868,36,340,14,-12968,4060,7056,-1001,-45,80,-13116,-6280,6992,-486,-117,-334,0
3141.745372056961,7472,7448,11764,-140,168,-41,7084,-8836,10852,40,347,-26,-13000,4120,7128,-1020,-71,37,-13152,-6444,6816,-536,-44,-294,0
3141.7788231372833,7528,7584,11668,-102,146,-23,7068,-8712,10852,7,278,-81,-13012,4052,6984,-968,-17,27,-13212,-6232,6812,-555,66,-192,0
3141.812320947647,7592,7480,11660,-148,-248,64,7192,-8720,10828,12,218,-156,-13292,3936,7164,-1003,53,-32,-13216,-6160,6848,-558,124,-227,0
3141.845729112625,7552,7292,11652,-84,-68,96,7420,-8748,10624,114,293,-99,-13096,3992,6704,-1055,42,-59,-13252,-6184,6888,-558,147,-255,0
3141.879285097122,7608,7416,11420,-44,17,72,7384,-8492,10704,186,1,-99,-13140,4116,6972,-1125,-33,-117,-13244,-6324,6920,-577,157,-298,0
3141.9125051498413,7612,7516,11512,-41,-49,42,6912,-8576,10636,140,343,-55,-13136,4288,7152,-1110,-43,-82,-13316,-6360,6884,-580,64,-295,0
3141.9460871219635,7480,7540,11548,-103,49,35,6944,-8656,10888,98,248,-34,-12844,4296,6988,-1058,-17,32,-13212,-6336,7116,-572,-11,-199,0
3141.9797489643097,7324,7524,11628,-143,76,120,7132,-8720,10936,76,213,-21,-13164,4044,7220,-1039,9,-235,-13216,-6152,6944,-541,-19,-242,0
3142.0131819248204,7428,7468,11676,-110,18,74,7284,-8796,10812,109,284,-28,-13152,4212,7240,-1095,-96,-18,-13152,-6280,6960,-577,13,-369,0
3142.0468509197235,7340,7672,11436,11,65,13,6960,-8748,10956,163,370,24,-13020,4152,7172,-1118,-233,-31,-13132,-6216,6820,-610,-18,-416,0
3142.0804049968724,7348,7520,11604,5,131,8,6928,-8728,11012,182,443,248,-12876,3880,7208,-1083,-266,-71,-13016,-6464,6912,-582,76,-379,0
3142.1138980388646,7380,7608,11552,-18,77,16,6936,-8680,10784,150,653,-58,-12844,4072,7060,-1060,103,-22,-13052,-6472,6976,-563,62,-347,0
3142.147495031357,7324,7556,11420,-19,70,-6,6936,-8636,10980,142,317,-58,-12984,4148,7284,-1126,-153,-10,-13104,-6572,6936,-558,18,-384,0
3142.1811470985413,7236,7496,11700,255,83,-34,6992,-8460,11056,202,398,-47,-12836,4000,7212,-1092,-210,-74,-12996,-6604,6952,-551,26,-408,0
3142.2143630981445,7224,7924,11428,-3,67,-52,6656,-8604,11052,168,375,-131,-12960,3936,7348,-1146,-142,-168,-12972,-6648,7036,-564,81,-369,0
3142.2479169368744,7392,7740,11560,-8,13,-72,6964,-8692,11064,97,428,-176,-13020,4028,7200,-1112,-167,-121,-13124,-6508,6680,-589,79,-368,0
3142.2813260555267,7668,7696,11340,-251,20,-46,7152,-8608,10940,136,346,-95,-12876,4108,7332,-1112,-94,-95,-13084,-6488,6940,-618,58,-353,0
3142.3149180412292,7352,7672,11496,54,77,254,6992,-8580,11168,166,277,-107,-12888,3944,7412,-1092,-92,-119,-13072,-6512,6656,-573,80,-369,0
3142.3483071327214,7300,7676,11316,71,113,-29,6720,-8576,10916,120,287,-94,-13000,4000,7304,-1087,-158,-112,-13224,-6536,6700,-537,40,-420,0
3142.3816690444946,7508,7596,11280,8,112,-68,7012,-8520,11148,105,333,-77,-12916,3924,7348,-1090,-107,-29,-13192,-6544,7120,-493,14,-383,0
3142.4150359630585,7344,7472,11752,-67,127,-82,6844,-8568,11208,69,358,-89,-12872,4244,7532,-1100,-77,-63,-12932,-6624,7052,-497,45,-363,0
3142.452372074127,7248,7892,11772,-70,110,-45,6816,-8656,11124,27,301,-148,-12952,3836,7388,-969,-46,-149,-13036,-6660,6872,-456,108,-304,0
3142.488014936447,7408,7852,11600,-49,2,-61,6880,-8616,11124,-10,322,-191,-12988,4340,7492,-946,-128,-67,-13128,-6532,6912,-527,80,-364,0
3142.5235159397125,7312,7560,11572,-61,40,-60,6704,-8684,11096,78,334,-108,-12840,4120,7308,-1089,-161,-61,-13204,-6408,7004,-554,52,-332,0
3142.559340953827,7172,7832,11432,-28,71,-8,6768,-8452,11160,50,280,-67,-12660,3960,7628,-1062,-120,-73,-13004,-6732,6712,-486,-8,-307,0
3142.595036029816,7172,7424,11392,-101,140,-21,6676,-8452,11132,-13,303,-69,-12948,4012,7312,-1024,-98,56,-13000,-6612,7068,-507,-52,-366,0
3142.6304221153255,7264,7696,11560,-100,231,-62,6732,-8552,11008,57,376,-8,-12960,3956,7436,-1070,-219,7,-12920,-6744,7012,-539,-36,-368,0
3142.6655979156494,7192,7836,11572,-69,157,-67,6736,-8688,11172,-43,438,15,-13044,3976,7456,-1014,-269,111,-12908,-6684,7156,-481,-74,-350,0
3142.7018570899963,7004,7816,11504,-84,172,-70,6736,-8572,11160,-111,498,18,-12596,4140,7644,-964,-247,98,-12948,-6660,6952,-537,-108,-382,0
3142.737384080887,7024,7740,11656,7,156,-17,6600,-8736,11240,-47,335,6,-12700,4184,7724,-1263,-157,-5,-12832,-6620,7176,-569,-79,-337,0
3142.7736110687256,7000,7816,11728,14,112,-54,6884,-8680,10780,-53,342,-75,-12548,4076,7492,-1072,-166,0,-12884,-6712,6908,-528,24,-325,0
3142.80934715271,7028,7768,11328,-27,71,-46,6424,-8680,11072,-74,396,-71,-12756,4072,7664,-1023,-156,-16,-12888,-6788,6940,-552,-10,-379,0
3142.8440730571747,7040,7900,11276,22,99,-110,6716,-8784,11124,32,365,-70,-12672,4288,7660,-1037,-281,-100,-12684,-6776,7280,-593,23,-434,0
3142.879823923111,7068,7816,11668,52,142,-124,6864,-8660,10868,23,331,-110,-12728,4016,7564,-1173,-292,-114,-12808,-6708,6888,-590,92,-414,0
3142.9149539470673,7184,8104,11388,250,49,-76,6668,-8540,11220,48,402,-105,-12720,3992,7652,-1041,-260,-67,-12992,-6856,7028,-603,33,-373,0
3142.9508731365204,7128,7908,11524,-39,123,-38,6744,-8596,11152,-26,355,22,-12660,3852,7588,-1130,-181,-240,-12984,-6884,7060,-577,-71,-354,0
3142.9859659671783,7080,7876,11620,-28,214,-37,6804,-8568,11112,57,389,37,-12800,4020,7916,-1087,-181,-37,-12836,-6868,6940,-595,-17,-358,0
3143.0223100185394,6924,7956,11700,27,150,6,6608,-8464,11032,121,377,-37,-12708,4028,7752,-1150,-173,-39,-12704,-6928,7412,-540,80,-309,0
3143.0575239658356,7060,8008,11536,-24,43,57,6356,-8624,11364,113,285,-109,-12556,3900,7532,-1149,-68,-99,-12652,-6904,7188,-595,96,-267,0
3143.0935540199284,6820,7936,11484,240,-1,60,6404,-8628,11432,161,275,-121,-12524,4104,7724,-1169,-96,-126,-12728,-7064,7084,-599,103,-263,0
3143.127156019211,6864,8008,11592,-36,6,58,6424,-8564,11168,162,280,-124,-12600,3952,7712,-1130,-80,-182,-12768,-7096,7076,-531,109,-262,0
3143.1604759693146,6832,8068,11416,-35,27,251,6476,-8472,11296,129,290,-146,-12504,3964,7668,-1094,-72,-162,-12880,-6968,7240,-515,139,-263,0
3143.1939561367035,6940,7988,11520,-91,-1,4,6536,-8512,11340,93,245,-145,-12608,4032,7828,-1069,-24,-138,-12848,-6944,7160,-504,110,-215,0
3143.2275819778442,6696,8024,11752,-135,-23,60,6508,-8452,11312,95,195,-172,-12664,3832,7856,-771,73,-118,-12880,-7020,6976,-498,88,-179,0
3143.261059999466,7000,8088,11736,-111,-22,73,6652,-8524,11012,47,213,-130,-12704,3964,7600,-1077,14,-114,-12844,-6880,7048,-765,94,-176,0
3143.2943439483643,7020,7924,11416,-78,-5,93,6424,-8636,11028,48,232,-103,-12700,4124,7636,-1090,40,-134,-12568,-6892,7400,-537,204,-209,0
3143.32798409462,6984,7700,11500,-49,38,134,6572,-8620,11184,128,174,-57,-12772,4124,7820,-1212,6,-72,-12616,-6812,7024,-642,115,-234,0
3143.3614180088043,6996,8164,11540,59,42,174,6592,-8868,11232,170,158,25,-12552,3912,7312,-1230,-6,-37,-12956,-6864,7144,-680,-22,-244,0
3143.39523601532,7140,8124,11520,82,89,192,6524,-8628,11244,177,167,87,-12736,3988,7440,-1176,-45,-6,-12664,-6780,7128,-665,-41,-279,0
3143.428694963455,6840,7860,11568,72,155,184,6400,-8568,11232,202,223,123,-12516,4000,7760,-1249,-33,-32,-12668,-6952,7280,-687,-16,-287,0
3143.4619741439815,6872,8044,11636,64,94,200,6456,-8480,11104,193,311,28,-12436,3828,7928,-1246,29,-20,-12736,-7152,7080,-647,-255,-228,0
3143.495437145233,6668,8152,11356,-25,60,190,6200,-8208,11316,118,140,-36,-12624,3792,7864,-1164,2,-62,-12712,-7208,7004,-576,76,-181,0
3143.5289249420166,6788,8096,11704,-59,-51,107,6468,-8496,11300,84,256,-104,-12580,3928,7796,-1089,9,-96,-12616,-7164,7140,-598,90,-222,0
3143.5624721050262,6824,8084,11608,-82,-15,106,6380,-8520,11468,103,198,-164,-12496,3852,7904,-1151,46,-105,-12588,-7052,7140,-573,141,-180,0
3143.5956280231476,6816,8160,11688,-75,-46,110,6368,-8568,11416,153,113,-200,-12632,3788,7804,-1129,102,-160,-12604,-7132,7112,-577,232,-113,0
3143.629091024399,6696,8188,11572,-89,-129,145,6460,-8560,11452,121,113,-4,-12516,3656,7708,-1123,141,-227,-12712,-7124,7040,-537,252,-141,0
3143.6622500419617,6936,8152,11504,-80,-187,121,6316,-8516,11320,66,96,-275,-12612,3924,7804,-1072,102,-231,-13048,-7120,7036,-544,284,-133,0
3143.6956589221954,6856,8080,11508,-102,-191,123,6424,-8308,11276,146,100,-6,-12412,4088,7932,-1081,147,-178,-12576,-7012,7084,-587,226,-107,0
3143.729171037674,6772,8120,11312,-146,-172,156,6244,-8300,11408,58,46,-240,-12420,3752,7568,-1027,186,-86,-12644,-7172,7008,-494,200,6,0
3143.762762069702,6832,8216,11544,-260,-194,206,6264,-8404,11436,3,-244,-282,-12300,3888,8168,-1010,259,-96,-12720,-7196,6916,-410,1,56,0
3143.796191930771,6924,8232,11472,-358,-199,221,6456,-8652,11280,-43,-21,-265,-12676,3628,7980,-1016,341,-123,-12904,-7068,7108,-464,251,123,0
3143.8299510478973,6928,8368,11312,-314,-228,269,6500,-8532,11412,-53,-95,-270,-12720,3984,7740,-1268,382,-111,-12680,-6992,7108,-498,273,93,0
3143.863564968109,6852,7960,11588,-289,-262,314,6412,-8556,11356,11,-180,-254,-12532,3820,7856,-1063,425,-129,-12752,-7072,7160,-489,293,113,0
3143.8967990875244,7104,7976,11552,-207,-6,345,6512,-8420,11212,1,-178,-297,-12584,3652,7564,-1067,399,-109,-12648,-7004,6968,-482,329,129,0
3143.9303550720215,6968,8036,11424,-244,-284,299,6496,-8312,11152,-39,-122,-324,-12604,3668,7532,-925,376,-112,-12740,-7032,6840,-427,335,145,0
3143.963531970978,6888,8056,11352,-416,-341,222,6620,-8184,11236,-160,-125,-262,-12352,3472,7424,-797,548,-220,-12624,-7072,6948,-147,410,220,0
3143.997045993805,7028,8136,11184,-671,-484,166,6480,-8140,11148,-282,-101,-583,-12764,3608,7852,-787,538,-158,-12880,-7012,6936,-31,365,222,0
3144.030543088913,7156,7980,11244,-760,-319,128,6692,-8392,11420,-221,102,-422,-12992,4008,8048,-782,210,-14,-12968,-7068,7420,-94,212,81,0
3144.063977956772,7124,7940,11696,-728,-145,22,6832,-8936,11620,-162,229,-353,-12948,3884,7848,-760,136,-9,-13112,-7120,7084,-242,155,11,0
3144.0973680019374,7200,8040,11932,-521,-193,26,6808,-8888,11300,-85,117,-393,-12944,4068,7800,-802,168,-203,-12940,-6624,6948,-338,309,-247,0
3144.13428401947,6976,7708,11912,-287,-272,130,6704,-8620,11228,9,-20,-410,-12680,4024,7316,-1034,335,-240,-12868,-6720,7108,-417,388,45,0
3144.1705460548405,7156,7820,11680,-287,-369,187,6532,-8436,11048,43,-42,-365,-12508,3888,7876,-1009,261,-190,-12552,-6876,7324,-342,304,22,0
3144.2054851055145,6920,7812,11580,-362,-251,202,6544,-8540,11184,62,-7,-301,-12716,4100,7584,-964,231,-145,-12948,-6480,7384,-430,197,17,0
3144.2416989803314,7236,7656,11488,-265,-182,208,6596,-8608,11364,129,26,-159,-12996,4128,7848,-1032,171,-44,-12924,-6768,7224,-576,109,-12,0
3144.2777380943294,7152,7704,11708,-250,-152,248,6612,-8496,11044,104,57,-147,-12796,3936,7636,-1014,110,-67,-13020,-6796,7056,-525,116,-9,0
3144.3125479221344,7072,7904,11716,-286,-143,0,6732,-8532,11264,83,61,-177,-12860,3912,7508,-1063,2,-91,-12920,-6816,6972,-768,168,-17,0
3144.3481919765472,7104,7700,11684,-234,-221,237,6896,-8456,11020,-36,-38,-222,-12752,3980,7608,-1015,277,-133,-12944,-6688,6888,-551,214,-29,0
3144.3835730552673,7320,7668,11544,-112,-154,199,6836,-8436,11100,-83,-14,-210,-12780,3796,7488,-1270,171,-116,-12928,-6752,6964,-576,214,-144,0
3144.41924905777,7408,7452,11496,-84,-92,125,6880,-8332,11060,-98,83,-175,-12708,3816,7368,-1116,166,-110,-12916,-6716,6944,-540,172,-232,0
3144.4544730186462,7256,7664,11248,-94,11,54,6880,-8308,11504,-55,134,-144,-12912,3696,7748,-772,-6,-66,-12848,-6876,6700,-505,78,-276,0
3144.4903481006622,7656,7788,11484,-120,135,-11,6840,-8364,11500,-81,314,-47,-13028,3724,7848,-1067,-114,48,-13204,-6928,6976,-545,12,-294,0
3144.525493144989,7236,7976,11552,-87,127,248,6656,-8276,11416,-97,297,-29,-12692,3744,7720,-1001,-124,251,-12864,-6968,6928,-521,-30,-497,0
3144.560914039612,7028,7980,11324,-37,158,-22,6572,-8412,11504,-134,237,-41,-12644,3748,7676,-986,-57,-256,-12828,-7020,6864,-505,46,-220,0
3144.5973420143127,6776,7956,11492,-56,72,36,6512,-8424,11280,-182,178,-127,-12604,3828,7536,-992,40,-56,-12784,-6984,7012,-489,140,-153,0
3144.632081985473,7096,7956,11424,-89,-256,111,6488,-8304,11248,-186,122,-114,-12596,3896,7648,-1008,85,53,-12820,-6960,7016,-457,105,-115,0
3144.6674749851227,7036,7904,11560,-133,69,91,6600,-8396,11276,-206,148,-90,-12568,3936,7576,-946,75,36,-12796,-6908,7052,-455,46,-94,0
3144.7033479213715,6916,7912,11664,-158,54,94,6584,-8536,11092,-199,147,-159,-12676,4020,7708,-968,79,29,-13052,-6924,7116,-422,95,-117,0
3144.7388141155243,6964,7916,11656,-146,17,73,6592,-8624,11468,-198,128,-163,-12788,3956,7652,-901,35,-237,-12848,-6740,7068,-460,132,-122,0
3144.7742240428925,7092,7832,11472,-142,-34,73,6684,-8588,11232,-139,164,-177,-12724,3964,7660,-921,35,-53,-12916,-6816,7112,-439,131,-105,0
3144.8076469898224,6988,7808,11584,-145,22,68,6632,-8504,11216,-178,121,-146,-12736,3808,7456,-917,49,228,-12896,-6732,7040,-460,126,-113,0
3144.8412230014806,7112,7716,11540,-162,-4,52,6620,-8488,11232,-159,142,-154,-12976,3960,7572,-968,46,-44,-12912,-6844,7084,-455,126,-149,0
3144.874885082245,7064,7772,11592,-181,-22,51,6888,-8628,11164,-129,192,-169,-12868,3964,7608,-959,109,-239,-12924,-6752,6964,-453,152,-92,0
3144.90820813179,7012,7824,11544,-176,-2,80,6888,-8588,11288,-98,141,-175,-12704,3868,7940,-996,50,-98,-12900,-6844,6988,-471,186,-109,0
3144.9415900707245,7036,7812,11528,-125,-56,99,6728,-8648,11212,-66,140,-174,-12716,3996,7620,-1005,55,-60,-12960,-6900,6944,-501,140,-124,0
3144.974883079529,7124,7908,11508,-107,-16,87,6740,-8496,11284,-70,177,-135,-12848,3876,7920,-1279,20,241,-12904,-6912,7036,-472,68,-200,0
3145.0085020065308,7180,7852,11352,-90,68,48,6888,-8660,11176,-68,235,-81,-12824,3952,7504,-996,-18,15,-12900,-6820,7092,-485,36,-146,0
3145.041934967041,6948,7960,11516,-133,68,75,6564,-8456,11196,-40,191,-111,-12580,3924,7760,-1268,8,-245,-12888,-7000,7044,-450,55,-137,0
3145.075537919998,6936,8060,11584,-194,20,81,6656,-8636,11204,-139,145,-95,-12772,3796,7596,-970,88,-34,-12780,-6892,7040,-429,53,-119,0
3145.1090519428253,6852,8012,11504,-187,31,105,6544,-8456,11340,-125,147,-171,-12656,3960,7728,-961,99,245,-12792,-7156,7104,-449,120,-104,0
3145.14234995842,7008,7956,11588,-171,-35,95,6424,-8572,11212,-134,115,-189,-12704,3756,7916,-943,50,-27,-12800,-6936,7104,-443,142,-107,0
3145.1761231422424,6940,7952,11316,-213,-45,62,6672,-8564,11184,-148,167,-228,-12688,3796,7608,-924,68,-30,-12696,-6680,6996,-371,156,-88,0
3145.2097070217133,6848,7980,11400,-286,-114,8,6400,-8420,11244,-203,203,-244,-12576,3848,7484,-865,114,-47,-12816,-6992,7116,-335,188,-89,0
3145.243590116501,6940,8060,11460,-357,-114,241,6632,-8508,11512,-245,201,-307,-12596,3956,7804,-884,74,-99,-12952,-6968,7028,-305,167,-74,0
3145.2771990299225,7100,7956,11352,-310,-75,6,6596,-8560,11328,-182,178,-259,-12704,3900,7480,-892,150,-109,-12900,-6812,7116,-343,176,-91,0
3145.310646057129,7036,7848,11488,-308,-84,14,6604,-8600,11248,-166,160,-294,-12688,3980,7784,-849,95,-69,-12800,-6816,7204,-345,195,-58,0
3145.343990087509,6984,7840,11284,-316,-121,60,6544,-8548,11176,-124,149,-251,-12596,3956,7560,-877,153,-80,-12908,-6732,7084,-357,229,-19,0
3145.377704143524,6908,7916,11544,-312,-139,100,6452,-8632,11116,-120,62,-294,-12676,4040,7572,-897,169,-92,-12908,-6784,7044,-383,265,38,0
3145.4113800525665,6972,7892,11544,-338,-203,160,6456,-8452,11216,-85,83,-318,-12684,4036,7284,-945,302,-120,-12920,-6736,7028,-391,260,52,0
3145.4448101520534,6960,7904,11600,-319,-221,157,6680,-8596,11168,-108,104,-275,-12684,4040,7652,-966,259,-105,-12604,-6848,7228,-398,206,15,0
3145.478488922119,7052,7780,11364,-320,-172,154,6644,-8620,11212,-123,78,-280,-12728,4052,7604,-929,219,-103,-12844,-6692,7124,-353,193,19,0
3145.5118770599365,7036,7804,11548,-293,-106,160,6736,-8616,11204,-185,62,-229,-12736,3972,7520,-887,161,-24,-12924,-6792,7128,-374,155,-39,0
3145.545469045639,7092,7784,11648,-288,-78,92,6900,-8568,11068,-119,105,-227,-12796,3928,7648,-806,120,-41,-12936,-6816,7116,-382,149,-45,0
3145.579246044159,7008,7848,11600,-322,-82,130,6888,-8728,11408,-84,106,-314,-12776,3944,7512,-989,213,-129,-12932,-6796,7160,-381,231,-32,0
3145.6126379966736,7060,7888,11524,-299,-184,122,6692,-8652,11484,-80,104,-279,-12828,4076,7732,-923,144,-184,-12560,-6720,7116,-392,253,-38,0
3145.6460769176483,6972,7784,11744,-273,-207,81,6744,-8684,11128,-81,64,-310,-12768,3896,7604,-928,169,-148,-12932,-6752,6988,-414,274,-95,0
3145.6797671318054,6924,7892,11632,-219,-216,70,6900,-8660,11188,-83,107,-330,-12900,4116,7848,-916,146,-142,-12932,-6776,7148,-437,238,-120,0
3145.713181972504,7060,7860,11512,-174,-148,103,6908,-8636,11152,-40,77,-281,-12992,4040,7568,-976,141,-86,-12980,-6668,7096,-437,183,-115,0
3145.746969938278,7148,7800,11612,-192,-72,80,6696,-8584,11180,-68,107,-242,-12728,4048,7508,-999,103,-107,-12956,-6736,7216,-439,133,-120,0
3145.780195951462,7128,7896,11624,-235,-71,47,6816,-8696,11232,-118,132,-173,-12796,3960,7736,-939,111,-69,-13004,-6760,7164,-407,98,-121,0
3145.8175990581512,7064,7784,11632,-241,-62,81,6712,-8532,11064,-151,187,-126,-12704,4024,7544,-958,73,-11,-12860,-6632,7060,-470,90,-106,0
3145.852741956711,6992,7808,11456,-267,-69,73,6576,-8696,11016,-84,127,-154,-12664,3968,7640,-989,90,-76,-12936,-6824,7224,-446,104,-84,0
3145.8881959915166,6984,7868,11572,-221,-16,77,6784,-8456,11212,-60,132,-182,-12952,3836,7476,-925,147,-16,-12888,-6740,7120,-388,89,-133,0
3145.9236240386963,7052,7780,11500,-248,-24,-18,6548,-8684,11080,-95,224,-225,-12672,4020,7460,-874,255,-65,-12896,-6808,6796,-388,138,-120,0
3145.959599018097,7012,7732,11748,-262,-105,37,6476,-8944,11132,-163,137,-5,-12752,4024,7368,-937,98,-103,-12908,-6752,6952,-372,184,-105,0
3145.99488902092,6936,7856,11436,-242,-132,31,6708,-8620,11052,-157,160,-288,-12976,3944,7660,-922,87,-66,-12992,-6772,6996,-338,166,-114,0
3146.03120803833,7160,7792,11672,-278,-92,-16,6644,-8536,11240,-194,177,-270,-12592,4204,7500,-879,3,-83,-12944,-6700,7044,-347,153,-164,0
3146.0661420822144,7056,7784,11640,-493,-42,-35,6712,-8592,11180,-133,230,-214,-13052,3996,7692,-925,251,-53,-12912,-6620,7156,-388,101,-144,0
3146.1023440361023,7036,7776,11624,-247,-34,-14,6692,-8792,11420,24,511,-204,-12600,4120,7432,-928,41,-91,-12844,-6576,7328,-384,217,-42,0
3146.1381490230565,6892,7812,11812,-337,-134,155,6532,-8692,11168,116,392,-279,-12632,4148,7744,-1086,282,-247,-13028,-6792,7372,-412,369,101,0
3146.1737949848175,6876,7832,11908,-269,-426,281,6548,-8860,11504,141,119,-331,-12744,4172,7612,-1182,378,-295,-12920,-6812,7232,-505,397,47,0
3146.209661960602,7048,7788,11548,-215,-442,284,6404,-8636,11196,83,-53,-348,-12612,4200,7548,-995,280,-215,-12944,-6600,7180,-582,299,14,0
3146.245064020157,7064,7836,11568,-189,-329,328,6532,-8640,10976,59,-44,-292,-12340,4060,7492,-1049,323,-122,-12852,-6540,7136,-559,221,45,0
3146.2807891368866,7008,7708,11612,-226,-277,331,6672,-8548,11076,84,-67,-278,-12668,4024,7464,-1024,317,-165,-12920,-6768,7024,-525,245,48,0
3146.316182136536,7320,7760,11572,-283,-308,300,6724,-8652,11128,73,-48,-300,-12996,3976,7724,-1039,288,-200,-13084,-6736,6960,-511,281,18,0
3146.3518419265747,7296,7732,11612,-286,-290,238,6860,-8604,11096,88,21,-285,-12928,3968,7440,-1024,229,-177,-13096,-6640,6952,-550,251,-26,0
3146.387614965439,7000,7876,11516,-228,-273,230,6880,-8612,11040,44,12,-282,-12880,3888,7440,-1016,224,-168,-13032,-6564,7032,-515,251,-61,0
3146.423275947571,6968,7764,11360,-176,-198,180,6880,-8520,11060,-36,-8,-293,-12832,3812,7372,-989,202,-157,-13008,-6580,6908,-501,200,-120,0
3146.4594581127167,7444,7652,11304,-148,-101,124,7160,-8228,11236,-144,82,-177,-12944,3952,7344,-978,68,3,-13188,-6616,6876,-480,40,-156,0
3146.4929349422455,7652,7640,11492,-222,47,58,6948,-8196,11232,-103,277,-50,-12864,3908,7436,-1044,-12,109,-13076,-6532,6688,-459,-12,-212,0
3146.5290610790253,7252,7724,11732,-261,144,89,6580,-8636,11296,-104,507,60,-12720,3812,7480,-942,65,139,-13016,-6456,7000,-416,-24,-71,0
3146.563013076782,7160,7688,11728,-228,59,130,6740,-8580,11340,-121,121,253,-12768,4008,7760,-991,204,107,-12828,-6868,7016,-436,65,-240,0
3146.5967559814453,7156,7936,11704,-277,11,223,6788,-8712,11320,-132,44,-64,-12556,4344,7460,-990,185,55,-13036,-6676,7120,-481,125,6,0
3146.630038022995,6940,7920,11528,-193,-52,243,6908,-8680,11076,-145,46,-101,-12728,4004,7540,-954,161,2,-12840,-6908,7172,-494,83,-32,0
3146.6633269786835,6984,7596,11608,-148,-41,197,6604,-8628,11140,-92,37,-107,-12740,4152,7556,-945,130,240,-13024,-6640,7284,-486,104,-79,0
3146.6968610286713,7088,7640,11616,-155,-24,120,6736,-8728,11008,-57,103,-136,-12740,4124,7332,-1011,113,-13,-12992,-6644,7208,-491,135,-128,0
3146.73055100441,7160,7536,11628,-106,-5,43,6764,-8876,11052,-25,156,-186,-12780,4064,7496,-995,26,-82,-12948,-6528,7212,-500,126,-196,0
3146.764130115509,7228,7584,11724,-113,-27,6,6744,-8800,11132,34,217,-197,-12568,4104,7332,-1005,-42,-128,-12928,-6468,7176,-523,163,-496,0
3146.7977061271667,7316,7676,11664,-122,-38,-9,6736,-8752,11256,-9,237,-509,-13028,4056,7196,-1006,-13,-127,-13300,-6532,6956,-469,166,-225,0
3146.8311400413513,7144,7640,11540,-158,-96,41,6832,-8708,11192,-36,180,-214,-12688,4036,7416,-951,85,-106,-12976,-6460,7136,-456,134,-192,0
3146.864727973938,7208,7932,11684,-205,-77,85,6748,-8688,11032,244,121,-199,-12836,3936,7736,-633,-218,-154,-13240,-6608,7012,-431,157,-167,0
3146.8979530334473,7120,7656,11636,-193,-88,81,6936,-8588,11076,15,178,-198,-12848,3984,7372,-1042,99,-86,-13052,-6612,7020,-457,145,-209,0
3146.931587934494,7164,7772,11724,-182,-21,38,6808,-8608,11240,23,216,-170,-13044,3900,7836,-908,-72,-118,-12920,-6872,6948,-451,108,-247,0
3146.9650299549103,7156,7552,11472,-156,-2,11,6436,-8536,11168,-15,224,-204,-12704,3864,7604,-1007,20,-88,-12888,-6788,6980,-468,124,-223,0
3146.998673915863,7080,7784,11312,-166,-66,29,6652,-8468,11464,-35,148,-236,-12620,3984,7708,-776,76,-85,-12908,-6696,7084,-477,159,-165,0
3147.0318450927734,7160,7784,11448,-110,-83,88,6680,-8672,11144,254,138,-210,-12564,4028,7580,-1053,67,-133,-12888,-6724,7000,-492,131,-158,0
3147.065470933914,7384,7764,11632,-131,-69,71,6744,-8620,11156,11,191,-146,-12572,3940,7632,-1049,14,-107,-12820,-6760,7044,-487,88,-187,0
3147.0993859767914,7056,7700,11432,-125,4,49,6732,-8576,11120,49,198,-122,-12808,3952,7556,-994,-256,-48,-12920,-6868,7020,-496,58,-163,0
3147.1328799724574,7140,7428,11568,-159,-10,53,6692,-8456,11040,50,212,-142,-12948,4148,7560,-1029,-18,-48,-12884,-6636,7136,-490,116,-210,0
3147.166459083557,6988,7620,11764,-191,-40,59,6628,-8720,11028,74,177,-193,-12792,4296,7560,-1099,108,-98,-12780,-6728,7172,-479,194,-159,0
3147.1999599933624,6908,7728,11812,-151,-162,97,6608,-8620,10984,10,227,-350,-12624,4168,7408,-1083,133,-143,-12932,-6568,7148,-500,245,-122,0
3147.233495950699,7084,7628,11636,-162,-164,101,6800,-8596,11108,-38,115,-279,-12776,4056,7424,-979,128,-157,-12996,-6632,7112,-499,230,-157,0
3147.2674241065974,7364,7888,11448,-125,-131,83,6760,-8512,11128,-39,114,-226,-12804,3992,7388,-1008,93,-132,-13060,-6628,7116,-473,124,-139,0
3147.3010060787205,7208,7716,11376,-127,-72,62,6776,-8584,11128,-7,159,-159,-12904,4076,7560,-1005,20,-55,-13016,-6648,7084,-505,88,-211,0
3147.3344960212708,7108,7784,11488,-133,-20,90,6732,-8556,11212,-20,208,-93,-12756,4040,7568,-961,252,250,-12804,-6724,7044,-520,22,-183,0
3147.367986917496,7400,7552,11608,-132,10,68,6760,-8576,11260,-35,239,-78,-12836,3908,7664,-1028,30,-245,-13000,-6764,6948,-524,20,-169,0
3147.401186943054,7156,7860,11388,-110,-23,112,6736,-8616,11260,-13,136,-124,-12584,3972,7444,-1056,79,-32,-12800,-6660,6908,-531,82,-93,0
3147.4349250793457,7280,7724,11352,-159,-83,202,6424,-8656,11212,14,37,-109,-12636,4004,7576,-1079,208,-44,-13028,-6652,7384,-568,107,-15,0
3147.4707529544826,7060,7848,11640,-112,-106,274,6664,-8560,11200,-34,-42,-102,-12776,4052,7760,-1057,207,-51,-12908,-6836,7128,-257,118,-15,0
3147.5055170059204,7032,7776,11612,-172,-66,251,6572,-8524,11164,-14,13,-131,-12740,4024,7872,-998,196,-26,-12940,-6812,7140,-261,124,-15,0
3147.5417289733887,7020,7792,11692,-202,-42,187,6772,-8640,11032,-55,74,-123,-12700,3980,7616,-777,148,-31,-13000,-6740,7044,-523,148,-94,0
3147.578033924103,7172,7740,11560,-178,-82,142,6648,-8656,11192,-34,131,-153,-13056,3948,7592,-1015,114,-63,-12932,-6820,7260,-482,120,-108,0
3147.613378047943,7108,7788,11476,-229,-58,94,6824,-8544,11148,-77,166,-155,-12732,3964,7492,-945,83,-8,-12968,-6656,6916,-412,120,-132,0
3147.6481599807735,7092,7844,11308,-292,-77,27,6736,-8608,11184,-66,183,-192,-12888,4000,7564,-954,107,-73,-12872,-6664,7056,-393,151,-165,0
3147.6833059787746,7204,7720,11480,-238,-81,32,6688,-8640,11132,-1,194,-4,-12548,4304,7504,-980,98,-144,-12844,-6652,7172,-438,247,-153,0
3147.7188200950623,7176,7736,11600,-219,-158,2,6744,-8600,10772,-8,180,-332,-12824,4004,7468,-957,71,-172,-12852,-6680,7028,-439,277,-170,0
3147.7545161247253,7108,7920,11536,-162,-202,28,6712,-8616,10996,-24,162,-303,-12732,4096,7440,-1010,65,-149,-12820,-6616,7064,-460,249,-141,0
3147.789665937424,7256,7676,11604,-201,-163,60,6648,-8724,11164,44,147,-240,-12812,4196,7612,-1058,28,-139,-12912,-6640,7032,-505,217,-102,0
3147.8250200748444,7372,7688,11608,-159,-121,102,6424,-8496,11080,68,138,-174,-12868,3996,7512,-1095,90,-56,-12920,-6716,6928,-532,80,-107,0
3147.861001968384,7152,7812,11532,-122,-71,153,6748,-8528,11156,-54,154,-109,-12752,3916,7504,-1057,53,-33,-12992,-6628,7280,-528,57,-62,0
3147.8960070610046,7076,7776,11652,-200,-57,166,6704,-8704,11148,-58,85,-137,-12808,4084,7580,-999,148,23,-12896,-6608,6932,-529,103,-27,0
3147.9319040775295,7000,7616,11552,-201,-128,272,6724,-8540,11240,-86,6,-92,-12712,4016,7512,-1037,213,-244,-12816,-6764,7052,-507,84,18,0
3147.9684369564056,7144,7748,11456,-218,-132,511,6688,-8576,11096,-77,28,-91,-12656,3984,7932,-780,159,232,-12920,-6728,7144,-502,61,-30,0
3148.0034370422363,7056,7708,11696,-194,-71,199,6520,-8884,11172,-68,77,-153,-12796,3996,7568,-1031,162,-32,-12972,-6768,7240,-499,78,-105,0
3148.038744926452,6932,7492,11612,-169,-45,119,6820,-8660,11272,-11,91,-183,-12744,3856,7428,-970,80,-93,-12856,-6704,7048,-472,159,-108,0
3148.0743329524994,7392,7564,11556,-189,-96,73,6708,-8684,11208,54,140,-287,-12556,4024,7564,-769,97,-173,-12632,-6608,7128,-459,248,-203,0
3148.110151052475,7132,7604,11624,-158,-164,-12,6796,-8604,10804,56,195,-354,-12832,3956,7548,-984,-14,-278,-12888,-6712,7064,-467,271,-258,0
3148.1456091403966,7112,7656,11544,-111,-251,-68,6648,-8684,11040,97,225,-409,-12736,3980,7604,-981,7,-303,-12940,-6612,7404,-470,312,-263,0
3148.1794669628143,7176,7792,11564,-183,-230,-66,6728,-8568,11112,72,245,-420,-12760,4044,7620,-919,33,-266,-13296,-6604,7420,-422,299,-179,0
3148.2126541137695,7212,7844,11660,-213,-277,-9,6792,-8548,11168,-5,184,-334,-12828,4008,7444,-928,104,-158,-13312,-6588,7040,-424,253,-110,0
3148.246220111847,7156,7788,11588,-262,-502,115,6476,-8688,11168,-146,133,-234,-12764,3940,7400,-948,200,-41,-12996,-6660,7040,-404,131,-1,0
3148.2797451019287,7272,7776,11512,-287,-160,220,6668,-8444,11224,-205,41,-130,-13012,3920,7560,-947,243,38,-13020,-6704,7080,-415,11,40,0
3148.3129041194916,7224,7760,11488,-507,-39,255,6856,-8572,11260,-131,-46,-17,-12860,4092,7508,-1102,379,49,-12948,-6892,7032,-523,-36,3,0
3148.3461611270905,6912,7752,11496,-169,55,271,6684,-8516,11192,3,-67,15,-12836,3904,7600,-1096,277,86,-12844,-6736,6976,-545,-21,-52,0
3148.38209104538,7260,7604,11456,-52,114,193,6836,-8632,11152,27,62,-27,-13040,3940,7604,-1153,159,8,-12956,-6684,6996,-562,26,-141,0
3148.415312051773,7260,7624,11728,-31,66,128,6924,-8712,11176,119,86,-94,-12988,4048,7652,-995,-110,-106,-13004,-6556,7140,-563,58,-217,0
3148.448995113373,7112,7476,11616,10,29,68,6820,-8740,11040,128,187,-121,-12880,4108,7276,-1120,-26,-90,-12948,-6504,7116,-610,129,-6,0
3148.4825110435486,7172,7628,11664,32,35,68,7152,-8756,10996,148,186,-125,-12780,4168,7576,-1088,-71,-118,-12884,-6512,7324,-585,138,-296,0
3148.515995979309,7200,7496,11824,254,-11,33,6812,-8680,10892,139,193,-141,-12696,4120,7424,-1083,-46,-108,-12908,-6544,7200,-583,137,-249,0
3148.5495800971985,7356,7544,11524,-35,-44,88,6632,-8844,10948,132,157,-124,-12760,4268,7460,-1137,40,-135,-13056,-6508,7420,-611,144,-215,0
3148.5829401016235,7084,7596,11456,-7,-41,164,6600,-8660,10916,83,10,-94,-12732,3884,7216,-1189,147,-139,-12808,-6552,7352,-642,109,-173,0
3148.6167120933533,7188,7656,11560,35,-21,208,6840,-8612,11100,81,5,-80,-12820,4344,7428,-1211,95,-41,-13024,-6620,7080,-683,74,-172,0
3148.649865150452,7412,7652,11532,53,42,275,6808,-8532,11000,161,76,13,-12800,3996,7776,-1203,128,-23,-13232,-6404,7052,-719,15,-195,0
3148.6835010051727,7232,7832,11264,52,76,5,6708,-8580,11228,171,94,71,-12864,3932,7776,-1317,39,239,-12928,-6848,7124,-776,21,-210,0
3148.7168419361115,7060,7900,11408,58,100,241,6400,-8640,11328,199,138,60,-12704,3988,7736,-1318,54,255,-12912,-6940,7016,-735,-27,-232,0
3148.750335931778,7040,7968,11440,45,84,204,6596,-8416,11280,144,181,19,-12740,3612,7912,-1260,-21,33,-12888,-6964,7132,-701,6,-245,0
3148.783846139908,7012,8024,11332,-13,51,150,6640,-8344,11372,107,251,12,-12756,3588,7804,-1152,246,29,-12776,-6980,7076,-692,-45,-246,0
3148.817414999008,6988,8040,11528,255,73,113,6588,-8376,11452,54,249,14,-12592,3784,7800,-1091,-142,41,-12756,-7064,7012,-628,-76,-289,0
3148.851138114929,7108,7920,11432,16,110,80,6600,-8336,11168,-4,270,81,-12772,3832,7456,-1061,-96,76,-12844,-6676,7116,-642,-163,-324,0
3148.884532928467,7028,7880,11420,-251,210,43,6876,-8424,11108,33,320,64,-12592,3796,7744,-1041,-136,119,-12748,-6884,6952,-606,-105,-239,0
3148.917704105377,7068,7844,11712,-60,168,99,6724,-8460,11076,16,481,11,-12544,4052,7428,-1077,-87,55,-12868,-6792,7020,-546,16,-182,0
3148.9512140750885,7068,7900,11696,-76,66,111,6692,-8680,11252,-36,180,-111,-12832,3856,7564,-1074,11,-62,-12852,-6728,7136,-585,75,-8,0
3148.9847440719604,6952,7828,11744,-4,16,90,6888,-8892,11148,64,150,-102,-12572,4008,7484,-1102,-46,-142,-12920,-6700,6984,-620,107,-6,0
3149.0180740356445,7292,7784,11340,34,8,75,6776,-8468,11008,83,202,-97,-12784,3980,7668,-1129,-63,-67,-12992,-6684,7420,-607,49,-292,0
3149.051653146744,7172,7836,11336,35,54,43,6744,-8568,11112,72,215,-40,-12856,4080,7476,-1131,-92,-12,-13004,-6852,7220,-546,14,-342,0
3149.085025072098,7116,7856,11376,8,153,18,6700,-8620,11408,109,300,-7,-12776,4056,7720,-1192,-161,-244,-12904,-6852,7280,-599,-59,-380,0
3149.118485927582,7044,7928,11692,35,207,-9,6616,-8860,11124,101,337,18,-12668,3884,7688,-1149,-184,15,-12776,-6776,7304,-678,-86,-425,0
3149.154669046402,7064,7688,11332,66,154,29,6508,-8564,11176,130,296,18,-12468,3848,7736,-1110,-137,19,-12652,-6964,7232,-608,-36,-324,0
3149.1904170513153,6880,8084,11736,255,68,74,6496,-8700,11476,70,226,240,-12516,3824,7920,-1118,-44,-71,-12700,-7028,7244,-552,-15,-210,0
3149.2260971069336,6952,8004,11496,-112,43,116,6252,-8548,11432,110,231,-64,-12612,4020,7948,-1112,-9,-82,-12700,-7092,7248,-575,106,-165,0
3149.261814117432,6804,8156,11684,-125,-119,185,6480,-8232,11684,186,120,-167,-12748,3868,8136,-1198,114,-178,-12792,-7240,7196,-570,72,-168,0
3149.2975380420685,6776,8200,11496,-38,-117,142,6508,-8412,11384,154,202,-158,-12664,3832,7980,-1083,12,-142,-12552,-7252,7416,-606,135,-202,0
3149.3323199748993,6896,8108,11520,-103,-110,101,6396,-8676,11296,147,199,-204,-12552,3812,7844,-1040,93,-140,-12608,-6708,7204,-604,170,-181,0
3149.368087053299,6920,8060,11472,-129,-169,107,6520,-8276,11444,111,148,-4,-12548,3692,7488,-991,159,-190,-12692,-7036,7144,-519,211,-62,0
3149.403011083603,6924,8092,11444,-249,-201,144,6632,-8368,11288,75,34,-282,-12336,3680,7668,-955,227,-208,-12608,-7116,6740,-402,208,3,0
3149.4386279582977,7004,8096,11344,-364,-246,182,6892,-8248,11388,-10,72,-310,-12776,3692,7640,-926,261,-117,-12960,-7052,7016,-360,220,4,0
3149.4738590717316,7064,7952,11300,-419,-263,156,6792,-8368,11264,-79,110,-312,-12644,3740,7536,-826,234,-126,-12852,-6936,7068,-338,242,8,0
3149.5096719264984,7112,7952,11404,-398,-224,133,6656,-8404,11264,-110,75,-297,-12640,3684,7616,-874,506,-90,-12752,-6896,6900,-337,249,55,0
3149.5447039604187,7108,8180,11444,-395,-261,184,6412,-8320,11476,-180,83,-271,-12628,3788,7716,-857,196,-34,-12868,-6856,6944,-340,228,16,0
3149.580428123474,7256,7920,11468,-448,-188,135,6872,-8304,11196,-193,98,-220,-12632,3828,7464,-836,178,30,-12724,-6792,7192,-310,165,-22,0
3149.6156339645386,7068,7756,11408,-414,-85,129,6648,-8500,11476,-174,158,-161,-12564,3924,7932,-911,161,41,-12764,-6832,7192,-342,139,5,0
3149.6516840457916,7044,7932,11532,-402,-6,123,6644,-8592,11080,-185,127,-188,-12684,3920,7684,-908,175,23,-12784,-6936,7140,-285,159,40,0
3149.6877880096436,7032,7908,11492,-406,-56,90,6556,-8524,11484,-200,70,-229,-12560,4016,7916,-865,157,-27,-12752,-6820,7328,-315,206,3,0
3149.722760915756,7008,7916,11624,-360,-147,85,6468,-8616,11292,-201,54,-236,-12704,3892,7792,-827,239,-93,-12776,-6864,7308,-324,232,-75,0
3149.758154153824,7156,7860,11692,-322,-161,13,6524,-8568,11112,-170,145,-391,-12536,3928,8072,-869,149,-121,-12656,-6932,7264,-320,328,-92,0
3149.793813943863,6768,7928,11612,-334,-231,-55,6532,-8440,11296,-158,147,-509,-12532,3932,7632,-835,132,-213,-12548,-6952,7156,-284,426,-89,0
3149.8293499946594,6940,7760,11632,-353,-322,-74,6600,-8500,11200,-166,144,-579,-12656,3896,7740,-813,227,-297,-12820,-6868,7088,-275,422,-68,0
3149.862960100174,7284,7876,11492,-336,-333,-58,6720,-8704,11052,-173,85,-516,-12888,3932,7696,-822,179,-14,-13060,-6660,7120,-271,360,-29,0
3149.896115064621,7236,7888,11628,-370,-274,-12,6852,-8448,11168,-179,207,-429,-12868,3972,7632,-891,124,-146,-12900,-6808,7084,-308,248,-64,0
3149.9299359321594,7116,8000,11536,-396,-193,39,6712,-8520,11080,-151,129,-341,-12756,3840,7532,-896,230,-120,-12892,-6708,7388,-306,223,-25,0
3149.9634981155396,7128,7924,11604,-285,-179,62,6700,-8484,11480,-208,112,-329,-12820,3916,7644,-841,224,-91,-12904,-6792,7028,-361,241,-53,0
3149.997365951538,7240,7780,11540,-276,-196,107,6808,-8460,11224,-187,57,-301,-12780,4008,7524,-870,166,-58,-12792,-6784,6972,-417,182,-44,0
3150.0310180187225,7200,7732,11500,-1,-122,133,6736,-8408,11096,-123,106,-205,-13028,3908,7820,-917,87,-33,-13012,-6796,7260,-438,102,-52,0
3150.0645780563354,7088,7732,11560,-293,-65,111,6672,-8468,11516,-64,84,-211,-12724,3948,7504,-995,172,250,-12872,-6664,7056,-350,108,-88,0
3150.0980529785156,6960,7880,11784,-323,-6,59,6616,-8568,11176,-41,191,-239,-12916,3848,7584,-971,189,-72,-12800,-6800,7356,-354,154,-112,0
3150.1316549777985,6860,7848,11604,-277,-72,-256,6616,-8680,11292,-84,162,-311,-12732,4096,7696,-861,64,-133,-13048,-6756,7248,-390,252,-117,0
3150.1653330326085,6704,7464,11640,-280,-175,11,6596,-8596,11224,-35,160,-353,-12652,4056,7576,-937,89,-210,-12736,-6756,7236,-412,323,-115,0
3150.1986429691315,7044,7792,11596,-258,-217,249,6696,-8556,11180,-65,146,-381,-12720,4000,7576,-989,225,-205,-13048,-6844,7340,-373,284,-119,0
3150.232099056244,7060,7860,11608,-247,-214,-24,6572,-8464,11136,-111,187,-382,-12632,4036,7792,-862,130,-143,-12808,-6832,7132,-395,268,-126,0
3150.2656190395355,7072,7796,11764,-290,-183,-19,6588,-8552,11356,-100,180,-365,-12548,4016,7548,-879,113,-101,-12800,-6756,7328,-399,221,-107,0
3150.2992820739746,6404,7368,11340,-402,-230,3,6400,-8476,11460,-163,87,-353,-12756,3968,7544,-908,202,-131,-12860,-6768,7268,-397,245,-31,0
3150.3328940868378,7332,7816,11664,-299,-243,103,6688,-8524,11164,-187,102,-338,-12784,4040,7872,-921,193,-143,-13028,-6708,7244,-403,262,27,0
3150.3666861057286,7276,7820,11488,-300,-278,165,6852,-8456,11232,-200,52,-302,-12756,3936,7572,-920,190,-120,-12988,-6600,6940,-390,200,48,0
3150.39984703064,7292,7748,11704,-302,-238,209,6864,-8660,11280,-160,15,-220,-12968,3896,7636,-915,253,-123,-12868,-6692,6992,-444,180,18,0
3150.433422088623,7212,7768,11492,-250,-206,229,6776,-8700,11044,-50,74,-211,-12700,3884,7480,-1060,210,-68,-12976,-6736,6996,-474,200,-18,0
3150.4672999382014,7336,7720,11624,-209,-138,147,6808,-8464,11072,31,103,-184,-12748,4088,7660,-1008,127,-32,-13000,-6768,7044,-474,163,-47,0
3150.5007030963898,7132,7788,11528,-175,-45,125,6752,-8516,11032,-22,126,-156,-12568,4008,7636,-969,76,-31,-13068,-6776,6920,-530,88,-99,0
3150.534250974655,7308,7764,11548,-165,-29,124,6844,-8540,11108,-16,157,-91,-13004,4052,7516,-1107,30,254,-12876,-6704,7372,-575,82,-127,0
3150.5679190158844,7156,7628,11332,-134,62,121,6672,-8540,11216,6,112,-17,-12664,4100,7568,-1128,118,36,-12876,-6688,7304,-598,48,-113,0
3150.601287126541,7060,7764,11720,-15,132,169,6676,-8576,11108,-49,79,0,-12768,4056,7584,-1091,55,134,-12956,-6688,7184,-627,5,-123,0
3150.634731054306,7220,7576,11736,-46,122,179,6780,-8672,11120,-31,121,48,-12596,4100,7588,-770,54,157,-12876,-6640,7292,-650,-13,-141,0
3150.6683161258698,7412,7552,11824,-113,149,213,6764,-8628,10972,-18,144,64,-12756,4088,7560,-1116,145,118,-12788,-6568,7260,-624,-57,-71,0
3150.701735973358,7112,7424,11364,-119,153,293,6688,-8548,10960,-26,76,77,-12664,3860,7536,-1057,128,115,-12908,-6716,7144,-569,-29,-42,0
3150.735337972641,7232,7752,11612,-171,102,310,6676,-8628,11076,-60,80,82,-12800,3992,7656,-1214,359,97,-12744,-6940,7152,-593,-14,-38,0
3150.768963098526,7036,7728,11576,-165,68,223,6896,-8544,11076,-66,112,-6,-12664,3872,7676,-1103,207,32,-12800,-6956,7028,-545,54,-81,0
3150.8022799491882,7068,7816,11464,-178,-249,140,6712,-8472,11232,-53,134,-120,-12744,3792,7436,-1037,84,-116,-12784,-6920,6944,-480,182,-135,0
3150.8385031223297,6996,7888,11560,-202,-103,90,6668,-8364,11080,-3,172,-280,-12564,3704,7716,-973,48,-159,-12756,-6692,7004,-465,256,-215,0
3150.8739161491394,7096,7696,11648,-189,-169,-18,6704,-8348,11408,31,224,-317,-12672,3772,7560,-770,-253,-218,-12884,-6824,7184,-415,286,-248,0
3150.9101679325104,7164,7912,11452,-204,-142,-70,6708,-8336,11500,37,279,-343,-12740,3816,7640,-977,251,-198,-12952,-6764,7248,-394,274,-225,0
3150.9453561306004,7200,7752,11408,-242,-92,-31,6712,-8500,11292,29,217,-277,-12716,4084,7684,-1018,91,-138,-12956,-6596,7172,-421,203,-180,0
3150.980787038803,7156,7684,11548,-202,-69,46,6760,-8596,11144,19,147,-458,-12736,4052,7624,-962,110,-127,-12920,-6444,7244,-455,157,-119,0
3151.01602602005,7160,7680,11528,-213,-54,91,6744,-8804,11184,-1,159,-178,-12652,4184,7580,-997,112,-30,-12896,-6704,7244,-454,133,-108,0
3151.0519099235535,7144,7696,11744,-226,-87,106,6712,-8640,11012,-40,186,-159,-12800,4188,7548,-974,59,-55,-12832,-6604,7296,-495,132,-133,0
3151.0880610942845,7100,7696,11556,-190,-99,168,6600,-8496,11192,-33,121,-132,-12696,4140,7660,-776,136,-40,-12944,-6712,7208,-537,139,-73,0
3151.123374938965,7020,7736,11696,-170,-82,197,6660,-8580,11156,-67,47,-143,-12800,4016,7928,-1033,126,-49,-12908,-6712,7252,-480,131,-85,0
3151.158797979355,7168,7664,11596,-186,-119,166,6732,-8424,11268,-25,107,-138,-12780,4048,7556,-1026,154,-13,-12876,-6772,6980,-513,72,-79,0
3151.1938190460205,6936,7712,11600,-111,-71,174,6716,-8596,11448,-47,92,-118,-12688,4040,7696,-1053,150,-33,-12776,-6664,7004,-582,149,-53,0
3151.229784965515,7112,7752,11548,-141,-117,197,6820,-8536,11348,-77,40,-129,-12972,3932,7240,-1050,129,-39,-12840,-6832,7096,-547,95,-91,0
3151.264909029007,7188,7780,11364,-130,-67,194,6824,-8356,11344,-107,104,-70,-12812,3816,7576,-1010,47,-241,-12996,-6852,6932,-503,14,-102,0
3151.300852060318,7372,7756,11460,-200,17,114,6892,-8228,11516,-89,200,-58,-12724,3980,7544,-956,47,92,-12832,-6908,7100,-432,-22,-137,0
3151.3362419605255,7252,7732,11604,-264,77,111,6684,-8508,11200,-73,201,-39,-12980,4020,7436,-1018,57,74,-12844,-6724,7380,-445,15,-103,0
3151.3719210624695,7072,7812,11752,-238,41,136,6660,-8536,11240,-36,151,-83,-12716,3960,7532,-1010,128,8,-12788,-6784,7384,-441,71,-117,0
3151.407726049423,6916,7816,11552,-230,-86,129,6452,-8628,11132,-19,131,-178,-12544,3884,7452,-944,171,-48,-12732,-6776,7216,-453,173,-101,0
3151.443042039871,6972,7772,11624,-215,-146,128,6548,-8648,11140,-56,116,-251,-12608,4148,7804,-979,136,-138,-12556,-6680,7228,-495,263,-79,0
3151.479658126831,6972,7624,11752,-167,-184,89,6604,-8648,11160,-39,89,-265,-12816,4132,7656,-961,166,-154,-12620,-6716,7244,-482,251,-99,0
3151.513164997101,7016,7728,11520,-194,-163,91,6668,-8564,11148,-12,137,-274,-12856,3964,7472,-1029,117,-85,-12920,-6688,7172,-495,193,-116,0
3151.5519070625305,7252,7704,11624,-159,-103,46,6756,-8556,11104,-34,182,-233,-12736,4064,7428,-997,38,-94,-12916,-6408,7216,-506,164,-179,0
3151.5856420993805,7400,7624,11808,-175,-55,25,6780,-8688,11228,0,158,-243,-12888,4016,7520,-996,106,-157,-12932,-6632,7128,-471,189,-134,0
3151.6190741062164,7256,7560,11712,-182,-132,41,6840,-8628,10992,41,174,-265,-12840,3952,7572,-962,37,-124,-12944,-6672,7184,-463,194,-152,0
3151.6520450115204,7236,7624,11616,-202,-155,47,6728,-8488,11092,21,183,-265,-12732,3992,7548,-970,65,-159,-12996,-6732,7080,-412,246,-116,0
3151.6855471134186,7112,7816,11656,-230,-199,108,6864,-8536,11328,-80,139,-240,-12588,3908,7556,-948,157,-133,-12912,-6916,7132,-426,219,-101,0
3151.7190561294556,7280,7796,11456,-236,-186,141,6616,-8488,11300,-132,74,-239,-12636,4320,7624,-1032,223,-99,-12912,-6776,7096,-480,154,-77,0
3151.7524189949036,7108,7788,11560,-188,-139,166,6420,-8400,11344,-72,17,-168,-12556,4004,7728,-995,215,-18,-12872,-6808,7412,-393,89,-3,0
3151.7860310077667,7004,7908,11448,-280,-60,170,6584,-8448,11196,-158,3,-207,-12652,4088,7756,-855,249,-25,-12940,-6856,7028,-318,85,54,0
3151.819704055786,7120,7784,11612,-366,-128,150,6808,-8680,11500,-231,26,-231,-12848,4076,7596,-867,214,-80,-12872,-6820,7040,-263,144,-2,0
3151.853168964386,7256,7920,11480,-349,-159,86,6840,-8496,11324,-186,138,-322,-12900,3904,7744,-832,130,-184,-12908,-6764,7156,-275,197,-88,0
3151.886645078659,6936,7848,11572,-304,-191,-7,6764,-8544,11332,-147,177,-331,-12736,3872,7724,-861,92,-165,-12648,-6792,6984,-350,307,-147,0
3151.9201231002808,7092,7868,11588,-275,-247,-12,6724,-8584,11192,-118,224,-382,-12704,3988,7664,-891,43,-202,-13060,-6720,7180,-367,323,-153,0
3151.953716993332,7388,7472,11548,-247,-255,-41,6412,-8556,11224,-61,177,-383,-12700,4132,7540,-944,99,-145,-13008,-6588,7188,-384,237,-143,0
3151.987463951111,7224,7604,11528,-208,-127,-38,6700,-8812,11100,30,210,-219,-12804,4228,7440,-934,49,-64,-12944,-6604,7172,-395,152,-165,0
3152.021073102951,7180,7584,11788,-284,-25,24,6744,-8496,11232,-9,240,-141,-13048,4096,7632,-771,96,-31,-12944,-6416,7400,-431,117,-163,0
3152.05450296402,7016,7640,11692,-230,-18,62,6628,-8856,11052,6,151,-167,-12676,4252,7520,-985,91,-68,-12884,-6428,7524,-525,180,-86,0
3152.088129043579,7168,7548,11696,-159,-94,196,6772,-8644,11076,34,33,-192,-12788,4228,7224,-1270,120,-118,-12984,-6464,7264,-588,167,-84,0
3152.121706008911,7148,7524,11564,-74,-140,205,6784,-8616,10952,17,58,-176,-12892,3936,7576,-1073,95,-99,-12948,-6600,7364,-554,123,-124,0
3152.1551139354706,7176,7544,11576,-53,-131,118,6852,-8568,11196,-255,72,-116,-12900,3952,7620,-1010,83,-86,-12964,-6544,7096,-519,127,-174,0
3152.1886270046234,7132,7448,11544,-138,-115,74,6748,-8576,11216,-37,193,-219,-12788,3924,7504,-1023,11,-157,-12864,-6652,7100,-493,144,-199,0
3152.2221081256866,7288,7704,11768,-153,-120,33,6900,-8508,11160,-35,213,-228,-12736,3828,7440,-980,-66,-171,-12972,-6744,6904,-461,132,-223,0
3152.2555980682373,7024,7840,11364,-151,-112,-250,6772,-8336,11220,-36,252,-243,-12784,3852,7664,-979,255,-112,-12896,-6792,6980,-428,166,-170,0
3152.288905143738,7196,7952,11528,-214,-101,17,6776,-8428,11224,-49,193,-305,-12620,3924,7640,-961,69,-182,-12752,-6784,7012,-383,211,-146,0
3152.322360992432,7168,7892,11424,-205,-130,17,6608,-8512,11248,-69,114,-313,-12572,3884,7632,-1013,110,-198,-12788,-6700,7048,-397,6,-93,0
3152.3557159900665,7056,7832,11604,-170,-137,80,6604,-8512,11244,-77,209,-318,-12808,3868,7488,-1021,163,-158,-12888,-6788,7328,-419,285,-63,0
3152.3891110420227,7172,7780,11500,-171,-167,71,6692,-8560,11156,-66,143,-334,-12984,4088,7684,-1274,155,-158,-12968,-6684,7124,-433,228,-69,0
3152.4226291179657,7216,7740,11504,-206,-130,88,6768,-8504,11064,-52,152,-242,-12700,4048,7664,-1000,77,-101,-12980,-6784,7240,-420,154,-92,0
3152.456097126007,7216,7468,11528,-241,-53,89,6712,-8592,11076,-19,196,-138,-12676,3988,7636,-992,125,-74,-12624,-6604,7392,-435,151,-90,0
3152.4896631240845,7092,7752,11664,-216,-29,87,6900,-8680,11468,-13,117,-155,-12628,4028,7608,-1000,116,-106,-12852,-6564,7352,-490,189,-75,0
3152.5260939598083,7112,7720,11640,-141,-83,145,6780,-8628,11060,-84,79,-177,-12736,4332,7576,-1277,77,-47,-12808,-6564,7348,-586,168,-114,0
3152.5618760585785,7276,7564,11736,-69,-19,170,6812,-8528,11068,-35,90,-70,-12720,3900,7416,-1114,171,20,-13060,-6480,7108,-574,62,-141,0
3152.598099946976,7328,7536,11744,-100,74,168,6776,-8568,11008,-25,138,-35,-12744,3952,7440,-1034,73,57,-13000,-6520,7248,-507,27,-96,0
3152.63330411911,7312,7676,11556,-120,129,162,6796,-8724,11172,-27,155,-3,-12968,4112,7536,-1053,46,93,-13008,-6564,7048,-620,-1,-190,0
3152.6682250499725,7328,7528,11752,-143,110,145,7104,-8804,11192,83,254,105,-13032,4048,7648,-1196,-75,102,-13056,-6624,7192,-674,-16,-255,0
3152.7038800716405,7280,7852,11384,-60,169,130,6852,-8576,11164,140,282,114,-12724,4028,7528,-1208,-98,60,-12860,-6752,7244,-675,-48,-238,0
3152.7396121025085,7192,7804,11436,-38,147,86,6744,-8232,11188,82,286,56,-12712,3880,7600,-1099,-19,125,-12920,-6820,6940,-626,-12,-236,0
3152.7747840881348,7076,7868,11468,-106,158,64,6896,-8552,11028,44,207,-24,-12656,3932,7432,-1091,36,28,-12788,-6768,6940,-527,51,-182,0
3152.810389995575,7128,7872,11508,-140,63,106,6592,-8560,11148,17,204,-75,-12676,3936,7816,-987,57,-9,-12744,-6852,7292,-497,81,-131,0
3152.845453977585,7068,7928,11824,-189,-43,140,6528,-8584,11304,40,169,-146,-12696,3992,7860,-1014,90,-101,-12804,-6996,7044,-456,170,-97,0
3152.8807220458984,6976,7840,11640,-192,-96,122,6536,-8504,11336,-55,160,-212,-12708,3956,7824,-944,79,-126,-12808,-6868,7228,-465,169,-95,0
3152.9158461093903,7092,7772,11528,-187,-131,93,6400,-8476,11344,-57,111,-220,-12640,3944,7760,-937,121,-132,-12748,-6692,7048,-437,226,-65,0
3152.95129609108,6992,7816,11356,-232,-124,125,6640,-8532,11268,-16,124,-511,-12596,3896,7664,-1004,176,-127,-12848,-6700,7400,-410,222,-63,0
3152.9876360893254,7160,7680,11480,-510,-173,96,6640,-8640,11044,35,164,-282,-12692,4016,7884,-967,116,-202,-12996,-6716,7228,-421,256,-63,0
3153.0228919982906,7240,7696,11264,-269,-138,97,6636,-8588,11216,68,122,-268,-12744,4024,7620,-1036,189,-162,-12952,-6800,7300,-421,9,-46,0
3153.058893918991,7412,7764,11620,-276,-122,156,6664,-8564,11336,30,111,-282,-12692,3992,7816,-1089,251,-110,-12884,-6760,7132,-443,254,-253,0
3153.0943541526794,7404,7704,11488,-244,-174,207,6700,-8452,11100,52,45,-269,-12796,4028,7484,-1008,262,-112,-12888,-6712,7128,-452,238,-11,0
3153.1293590068817,7152,7732,11808,-238,-180,228,6400,-8620,11096,-13,49,-230,-12568,4032,7524,-1017,239,-134,-13008,-6608,7264,-474,178,-33,0
3153.1658980846405,6956,7448,11720,-254,-161,201,6720,-8648,11248,-20,103,-193,-12736,4000,7908,-990,211,-56,-13056,-6592,6920,-463,151,-61,0
3153.199412107468,6996,7644,11576,-247,-98,168,6744,-8496,11084,0,106,-150,-12736,3896,7432,-1005,122,-66,-12852,-6612,7252,-507,127,-65,0
3153.2328860759735,7108,7604,11528,-204,-111,139,6628,-8452,11140,51,121,-152,-12716,3920,7532,-1032,146,-91,-12936,-6540,7088,-492,112,-104,0
3153.2666289806366,7092,7652,11660,-235,-109,143,6400,-8600,11072,74,114,-184,-12540,3992,7292,-1277,168,-132,-12820,-6632,7288,-489,176,-41,0
3153.3001730442047,7208,7672,11536,-194,-98,160,6688,-8540,11460,41,91,-197,-12728,3956,7688,-992,159,-98,-12872,-6696,7012,-526,168,-45,0
3153.333363056183,7252,7448,11760,-177,-151,166,6624,-8580,11288,66,80,-186,-12760,4088,7516,-1088,152,-93,-12992,-6592,7116,-570,206,-79,0
3153.3669841289525,7144,7608,11544,-184,-182,191,6720,-8336,11260,116,75,-204,-12912,3948,7536,-1098,148,-100,-12896,-6716,7036,-541,161,-114,0
3153.4004399776454,7192,7756,11736,-142,-84,172,6668,-8212,11380,39,123,-184,-12788,3908,7676,-1041,148,-79,-12976,-6660,6948,-524,135,-78,0
3153.4338920116425,7268,7592,11496,-203,-60,106,6736,-8684,11516,28,120,-180,-12816,3968,7576,-977,117,-80,-12940,-6756,7280,-463,114,-107,0
3153.4676270484924,7260,7744,11532,-234,-22,141,6700,-8424,11180,-27,116,-138,-12716,3928,7760,-997,157,-51,-12964,-6736,7124,-457,33,-74,0
3153.5011601448055,7212,7704,11704,-250,-34,140,6752,-8448,11340,-12,133,-105,-12684,3880,7860,-1006,121,-22,-12548,-6788,7360,-460,105,-115,0
3153.534376144409,7316,7424,11392,-264,-57,124,6696,-8496,11396,-43,152,-171,-12732,3952,7524,-992,106,-76,-13036,-6712,7300,-458,120,-126,0
3153.5679581165314,7120,7752,11632,-198,-80,63,6764,-8496,11028,-76,154,-233,-12644,3920,7500,-1008,67,-124,-12832,-6644,7068,-464,171,-178,0
3153.6015141010284,7228,7656,11600,-122,-60,13,6736,-8480,11120,-25,153,-251,-12736,3944,7500,-1020,63,-101,-12960,-6556,7168,-512,186,-174,0
3153.6348400115967,7244,7636,11468,-143,-63,29,6452,-8456,11060,12,186,-253,-12772,4008,7480,-987,51,-90,-12900,-6864,6988,-477,192,-154,0
3153.668123960495,7396,7712,11772,-155,-63,74,6872,-8496,11044,-22,173,-227,-12744,3984,7548,-988,125,-131,-12896,-6724,7360,-452,200,-90,0
3153.7016930580135,7032,7600,11760,-184,-139,116,6672,-8664,11324,-70,71,-263,-12728,4116,7640,-985,129,-132,-13024,-6608,7276,-495,240,-83,0
3153.7352340221405,7228,7736,11808,-154,-105,97,6776,-8560,11180,-42,98,-215,-12980,4084,7552,-1010,110,-73,-13016,-6600,7248,-511,157,-120,0
3153.7686600685124,7256,7664,11408,-151,-45,76,6668,-8404,11108,-66,188,-155,-12552,4076,7620,-1012,77,18,-12848,-6640,7092,-765,103,-120,0
3153.802118062973,7044,7652,11656,-173,-32,107,6616,-8196,11516,-41,166,-107,-12684,3992,7740,-1274,126,-4,-12820,-6728,7284,-477,56,-80,0
3153.8356299400334,7104,7724,11676,-203,-16,169,6888,-8520,11304,-50,63,-132,-12632,4304,7668,-1021,208,-30,-12912,-6712,7112,-544,102,-22,0
3153.8691730499268,7184,7616,11668,-128,-87,220,6588,-8472,11232,-54,50,-95,-12760,4000,7560,-1048,205,219,-12852,-6740,7240,-554,126,-38,0
3153.902312040329,7180,7920,11672,-102,-99,213,6840,-8196,11460,-72,18,-150,-12840,3940,7596,-1055,210,-11,-12836,-6688,7176,-539,163,-250,0
3153.935753107071,7208,7500,11488,-149,-33,231,6712,-8404,11076,-36,-13,-104,-12732,3772,7508,-973,207,-58,-12952,-6692,6964,-473,119,-28,0
3153.969330072403,7216,7832,11500,-177,-80,196,6752,-8588,11240,-78,46,-147,-12776,3964,7528,-1024,207,-78,-12956,-6628,7112,-481,139,-49,0
3154.0028989315033,7172,7696,11636,-181,-91,150,6680,-8656,11284,-19,56,-193,-13008,4108,7576,-1037,120,-127,-12832,-6896,7236,-515,179,-68,0
3154.036477088928,7308,7636,11568,-84,-55,135,6800,-8512,11144,13,90,-144,-13048,3996,7488,-1050,92,-69,-13020,-6892,7148,-550,130,-127,0
3154.070060968399,7308,7656,11704,-44,-50,142,6796,-8524,11144,-5,143,-96,-13056,3980,7536,-1066,137,-18,-12964,-6596,7260,-544,76,-157,0
3154.103609085083,7232,7624,11532,-140,14,118,6892,-8524,10900,6,153,-93,-12824,4348,7340,-973,124,-253,-13016,-6532,7152,-540,21,-129,0
3154.1371939182286,7260,7628,11640,-156,-14,149,6704,-8548,11108,-35,114,-90,-12808,4124,7524,-1017,112,0,-12924,-6592,7228,-497,13,-121,0
3154.1702520847325,7204,7564,11592,-123,11,165,6416,-8628,11056,-22,80,-100,-12668,3868,7636,-1279,114,17,-12916,-6644,7196,-492,37,-115,0
3154.207447052002,7132,7640,11700,-127,-45,117,6736,-8568,11160,-53,107,-136,-12876,4040,7544,-773,83,-97,-12868,-6672,7048,-547,98,-164,0
3154.2429509162903,6948,7668,11768,-72,-69,95,6784,-8532,11188,7,147,-160,-12768,3956,7540,-1007,17,-122,-12900,-6660,7144,-596,143,-197,0
3154.2791891098022,7208,7668,11768,-32,-84,80,6660,-8524,11132,73,169,-201,-12772,3924,7480,-1099,-20,-152,-12888,-6596,7404,-578,172,-237,0
3154.314548969269,7420,7636,11560,-22,-76,56,6440,-8516,11096,116,213,-198,-12864,3972,7508,-1127,-30,-161,-12836,-6692,7220,-614,150,-263,0
3154.3502099514008,6944,7792,11668,-40,-100,73,6660,-8528,11116,106,176,-138,-12748,4012,7624,-1042,31,-68,-12884,-6688,7344,-587,130,-189,0
3154.384894132614,7264,7772,11360,-44,-31,139,6700,-8528,11424,82,136,-124,-12668,4136,7664,-1146,49,-120,-12868,-6816,7112,-625,131,-179,0
3154.420474052429,7072,7756,11664,-19,-57,147,6728,-8464,11344,72,147,-112,-12776,4012,7488,-1168,131,-48,-12852,-6680,7196,-641,83,-141,0
3154.4559640884404,7240,7812,11608,-26,-52,195,6400,-8500,11220,18,42,-72,-12760,3856,7616,-1075,129,-44,-12884,-6772,7048,-597,94,-106,0
3154.4924421310425,7304,7752,11632,-76,-89,187,6708,-8416,11148,-21,102,-77,-12872,3896,7760,-1094,71,-82,-12964,-6792,7380,-567,75,-169,0
3154.5276379585266,7192,7824,11420,-78,-61,142,6684,-8452,11292,28,160,-49,-12860,3976,7476,-1056,-27,-245,-12884,-6728,7228,-582,44,-202,0
3154.5633130073547,7164,7868,11764,3,80,109,6596,-8572,11136,48,203,-5,-12740,3900,7484,-1063,-40,-243,-12840,-6900,7320,-581,-3,-242,0
3154.5988190174103,6912,7760,11736,-47,42,78,6620,-8464,11220,32,266,-33,-12764,3928,7708,-1086,-60,-247,-12836,-6836,7188,-531,-20,-238,0
3154.633628129959,6988,7860,11620,-93,81,36,6492,-8448,11200,15,228,-67,-12636,3988,7540,-1044,-57,-37,-12772,-6780,7212,-543,45,-185,0
3154.6692719459534,7028,7888,11588,-81,-8,72,6520,-8536,11252,-35,185,-113,-12644,3956,7600,-1052,255,-28,-12688,-6796,7192,-568,88,-208,0
3154.7042710781097,6972,7788,11748,-92,-49,86,6420,-8576,11016,37,117,-167,-12664,3944,7452,-1045,92,-119,-12728,-6700,7172,-568,128,-158,0
3154.7397170066833,7364,7884,11596,-68,-123,114,6736,-8504,11052,-17,111,-164,-12716,3984,7620,-775,94,-64,-12752,-6860,7408,-547,158,-139,0
3154.7754580974574,7080,7680,11632,-149,-80,93,6744,-8520,11164,12,133,-170,-12708,4064,7476,-1013,83,-99,-12876,-6700,7192,-532,133,-154,0
3154.8118619918823,7312,7784,11472,-80,-39,117,6660,-8468,11256,31,135,-111,-12860,3844,7588,-1076,29,-77,-12988,-6728,7220,-557,101,-194,0
3154.8489339351654,7224,7824,11428,-78,-31,121,6780,-8448,11220,39,194,-100,-12580,3940,7448,-1088,-12,-11,-12928,-6736,6956,-549,30,-259,0
3154.882399082184,6936,7892,11392,-79,19,64,6676,-8524,11300,82,272,-36,-12752,4056,7608,-1109,-104,-36,-12576,-6732,7228,-590,251,-322,0
3154.9155781269073,7332,7764,11452,-33,70,63,6476,-8488,11152,73,260,-31,-12636,4064,7616,-1107,-108,-44,-12708,-6820,7344,-605,-15,-264,0
3154.9491050243378,7040,7856,11572,26,67,86,6644,-8464,11428,62,186,-21,-12672,3964,7600,-1101,-36,-255,-12756,-6820,7152,-634,42,-262,0
3154.9823870658875,7092,7848,11508,-8,37,132,6508,-8580,11188,98,184,-65,-12476,3952,7584,-1126,10,-16,-12656,-6880,7132,-597,23,-214,0
3155.0156660079956,6920,7856,11540,-69,-18,120,6424,-8432,11232,35,166,-87,-12780,3992,7548,-1060,-6,-72,-12716,-6996,7420,-493,107,-176,0
3155.0491859912872,6944,7916,11600,-173,-43,84,6468,-8336,11284,-47,180,-193,-12488,3936,7792,-963,80,-85,-12624,-6952,7212,-438,151,-139,0
3155.082544088364,6960,7936,11520,-231,-149,57,6424,-8380,11236,-87,203,-303,-12552,3828,7684,-932,160,-99,-12628,-6924,7164,-448,227,-118,0
3155.115891933441,7036,7884,11408,-282,-230,42,6860,-8420,11384,-59,209,-339,-12696,3896,7444,-892,98,-131,-12848,-6908,7232,-401,280,-140,0
3155.149281024933,7216,7964,11324,-324,-223,35,6668,-8364,11248,-119,215,-351,-12720,3764,7924,-857,104,-151,-12928,-6964,7124,-304,222,-111,0
3155.182734966278,7176,7836,11500,-412,-211,-27,6716,-8560,11264,-88,253,-331,-12688,4064,7716,-892,67,-119,-12808,-6772,7324,-318,233,-109,0
3155.2159750461574,7236,7816,11552,-382,-154,19,6564,-8464,11372,-22,213,-266,-12720,4088,7752,-938,55,-44,-12868,-6868,7252,-426,174,-127,0
3155.2497849464417,7208,7908,11576,-248,-39,62,6576,-8676,11376,-31,207,-189,-12696,3960,7924,-953,52,-4,-12916,-6840,6980,-466,88,-137,0
3155.2834939956665,7184,7816,11584,-234,-42,52,6668,-8448,11304,-59,228,-119,-12784,3980,7604,-982,-26,-231,-12688,-6720,6932,-507,51,-162,0
3155.3168909549713,7252,7804,11544,-222,23,134,6644,-8492,11256,-253,234,-1,-12372,4116,7500,-1033,47,93,-12976,-6744,7276,-511,-60,-88,0
3155.350471019745,7176,7892,11320,-252,100,180,6452,-8428,11336,-25,161,47,-12536,3996,7752,-992,148,151,-12724,-6896,7140,-470,-76,-253,0
3155.3837380409245,7068,7864,11688,-193,83,213,6484,-8516,11352,-192,60,-7,-12532,3988,7708,-931,238,131,-12564,-6856,7292,-489,13,22,0
3155.4172320365906,6992,7748,11568,-196,-25,224,6648,-8608,11228,-196,51,-108,-12736,3908,7676,-886,199,43,-12776,-6788,7288,-442,66,-49,0
3155.4506199359894,7152,7640,11496,-225,-37,179,6616,-8620,11172,-185,71,-177,-12612,4008,7780,-933,142,-22,-12616,-6696,7208,-390,148,-65,0
3155.484123945236,7076,7636,11572,-230,-96,81,6892,-8464,11204,-111,149,-241,-12788,4024,7800,-953,87,-114,-12856,-6768,7356,-387,217,-197,0
3155.5176980495453,7064,7660,11488,-220,-117,-26,6600,-8620,11364,-14,256,-316,-12788,4064,7692,-957,-51,-157,-12696,-6772,7328,-444,251,-264,0
3155.5512130260468,7084,7740,11732,-148,-149,-93,6500,-8640,11212,11,250,-343,-12600,4144,7476,-1015,-32,-180,-12800,-6740,7352,-766,299,-267,0
3155.5847949981694,7024,7828,11768,-91,-128,-58,6488,-8476,11252,27,187,-328,-12644,4056,7588,-1266,31,-221,-12784,-6820,7396,-462,235,-190,0
3155.61834692955,7040,7788,11300,-126,-94,-11,6576,-8492,11220,1,199,-299,-12664,3856,7712,-1019,30,-154,-12796,-6916,7252,-450,208,-182,0
3155.651603937149,5720,8156,11716,381,-111,76,6504,-8464,11504,-36,193,-244,-12668,4028,7836,-992,23,-115,-12764,-6912,7420,-494,139,-204,0
3155.6850209236145,7100,7860,11624,-150,-130,83,6488,-8424,11288,-14,157,-195,-12584,4028,7560,-986,80,-59,-12596,-6772,7288,-537,148,-118,0
3155.718775033951,7352,8000,11440,-148,-103,124,6564,-8436,11336,-62,71,-181,-12476,3956,7696,-1037,138,-78,-12792,-6660,6964,-765,159,-77,0
3155.7522759437566,7320,7828,11364,-184,-100,167,6600,-8340,11240,-46,115,-156,-12764,3944,7672,-1000,147,-48,-12608,-6940,7288,-472,140,-79,0
3155.785803079605,7412,7792,11428,-202,-73,137,6560,-8684,11392,-42,106,-149,-12624,4024,7688,-1002,141,-44,-12776,-6932,7336,-467,157,-46,0
3155.8194921016693,6996,7928,11616,-206,-62,138,6512,-8516,11320,-41,76,-188,-12664,4056,7756,-1023,193,-68,-12732,-6872,7192,-472,178,-51,0
3155.8528521060944,7352,7784,11304,-210,-77,148,6592,-8468,11080,-70,66,-214,-12660,3944,7696,-968,186,-121,-12804,-6916,7276,-443,194,-48,0
3155.890347957611,7044,7932,11544,-245,-154,94,6636,-8212,11020,-93,95,-281,-12760,3992,7524,-910,163,-168,-12800,-6808,7308,-345,228,-43,0
3155.9256019592285,7156,7860,11324,-303,-182,69,6508,-8456,11368,-88,115,-328,-12676,3976,7700,-938,138,-131,-12744,-7144,7352,-319,10,-107,0
3155.961921930313,7384,7756,11580,-285,-158,61,6528,-8572,11364,-56,179,-293,-12656,4040,7828,-922,99,-147,-12860,-6804,7360,-419,269,-158,0
3155.9980030059814,7052,7880,11692,-240,-170,4,6588,-8452,11316,-35,169,-288,-12664,4088,7852,-950,124,-124,-12840,-6784,7220,-466,211,-132,0
3156.0334320068364,7092,7856,11516,-168,-154,71,6552,-8640,11060,-70,103,-271,-12616,4048,7600,-982,122,-141,-12584,-6660,7388,-476,197,-100,0
3156.06879901886,7232,7736,11512,-125,-105,101,6464,-8200,11284,-57,86,-219,-12736,3948,7484,-1020,204,-90,-12904,-6784,7252,-440,115,-76,0
3156.1038110256195,7400,7808,11504,-177,-88,95,6668,-8464,11164,-50,102,-188,-12664,4080,7428,-993,166,-54,-12856,-6796,7280,-435,154,-102,0
3156.139410018921,7132,7820,11492,-94,10,64,6440,-8528,11432,-101,96,-223,-12664,4076,7780,-949,171,-103,-12872,-6736,7204,-482,127,-105,0
3156.1749100685124,7120,7684,11556,72,70,62,6652,-8484,11328,-222,23,-252,-12772,3992,7684,-940,159,-92,-12936,-6844,7296,-533,185,-84,0
3156.2103819847107,7300,7752,11684,97,-135,18,6664,-8560,11252,-208,112,-281,-12660,3920,7548,-950,54,-134,-12676,-6744,7284,-567,175,-191,0
3156.2455339431763,7136,7880,11432,32,-30,33,6616,-8544,11208,-88,93,-239,-12704,3908,7592,-943,108,-53,-12828,-6904,7352,-474,97,-170,0
3156.2818329334254,7100,8088,11760,-88,29,-22,6728,-8532,11208,-113,203,-206,-12728,3992,7696,-933,-17,-31,-12724,-6856,7308,-434,114,-239,0
3156.317698955536,7036,7916,11448,-164,-24,-62,6516,-8504,11228,-50,249,-226,-12632,4092,7708,-966,-10,-111,-12692,-6432,7300,-426,157,-186,0
3156.3528001308446,7084,7900,11416,-131,-18,33,6488,-8536,11356,-40,221,-177,-12568,3980,7640,-962,67,-50,-12684,-6772,7312,-459,145,-146,0
3156.388692140579,7052,7972,11468,-170,-48,113,6520,-8520,11164,-29,149,-172,-12496,3904,7468,-959,86,-54,-12752,-6872,7360,-464,152,-64,0
3156.424097061157,6928,8028,11420,-211,-87,140,6592,-8536,11212,-94,116,-159,-12380,4084,7728,-987,163,252,-12812,-6812,7380,-456,142,-254,0
3156.4592809677124,7144,7844,11700,-220,-29,189,6548,-8548,11164,-56,134,-129,-12756,4032,7616,-970,153,-40,-12780,-6820,7328,-456,152,-18,0
3156.4941070079803,7100,7836,11376,-276,-80,221,6484,-8504,11284,-5,126,-105,-12644,3908,7744,-1021,142,-22,-12736,-6756,7244,-463,149,-249,0
3156.530714035034,7096,7832,11324,-294,-113,212,6528,-8228,11024,-66,135,-123,-12716,3972,7632,-976,155,-49,-12788,-6740,7156,-428,131,28,0
3156.5666821002965,7172,7692,11488,-396,-102,191,6576,-8640,11192,-68,129,-180,-12720,3880,7648,-965,208,-52,-12796,-6820,7268,-400,165,15,0
3156.6005990505214,6924,7804,11424,-409,-122,185,6772,-8556,11232,-62,115,-176,-12836,4004,7460,-910,121,-90,-12896,-6700,7136,-387,180,-36,0
3156.6337480545044,7120,7716,11580,-381,-112,136,6684,-8496,11308,-18,196,-226,-12792,4028,7756,-947,65,-145,-12808,-6676,7252,-392,228,-74,0
3156.667393922806,7376,7784,11648,-370,-91,129,6704,-8604,11136,14,180,-250,-12788,4052,7672,-1029,69,-148,-12804,-6856,7160,-403,238,-117,0
3156.7009091377254,7152,7796,11340,-317,-112,72,6692,-8524,11332,25,2,-243,-12776,4076,7628,-1034,29,-112,-12876,-6780,7420,-467,214,-139,0
3156.734694004059,7220,7800,11664,-310,-92,43,6700,-8608,11316,62,273,-198,-12820,4136,7696,-1012,18,-101,-12804,-6804,7260,-477,147,-185,0
3156.7681591510773,7404,7780,11612,-303,-23,66,6536,-8540,11140,112,7,-152,-12800,4080,7752,-1055,3,-62,-12928,-6800,7360,-477,116,-169,0
3156.801765918732,7256,7836,11764,-259,-61,95,6404,-8680,11304,79,240,-117,-12716,4104,7532,-1073,15,-25,-12892,-6656,7424,-540,41,-142,0
3156.835317134857,7036,7836,11676,-97,-24,81,6512,-8552,11308,-23,157,-107,-12728,4076,7568,-1005,50,-45,-12792,-6768,7336,-560,111,-173,0
3156.8687920570374,7064,7748,11660,-77,-64,105,6560,-8480,11112,-81,115,-191,-12576,3972,7620,-994,109,-76,-12712,-6844,7168,-536,111,-113,0
3156.9018959999084,6932,7856,11292,-21,-89,114,6612,-8468,11348,-100,119,-167,-12688,4088,7696,-1276,108,-37,-12796,-6672,7272,-532,95,-176,0
3156.9357810020447,7120,7736,11504,-71,-90,89,6540,-8560,11260,-19,144,-179,-12668,4016,7616,-1032,36,-101,-12756,-6848,6980,-524,161,-180,0
3156.9693241119385,7084,7808,11632,-30,-113,78,6544,-8700,11024,2,142,-156,-12680,3856,7424,-1012,40,-41,-12588,-6848,7188,-563,97,-226,0
3157.0030591487885,7184,7872,11492,-65,-34,15,6896,-8356,11280,-11,233,-138,-12612,4008,7896,-997,-57,-79,-12848,-6844,7228,-481,117,-211,0
3157.0367119312286,7376,7888,11488,-135,-21,4,6604,-8528,11108,-4,200,-198,-12644,4020,7600,-952,34,-87,-12912,-6832,7284,-447,138,-186,0
3157.070303916931,7104,7812,11408,-173,-43,76,6668,-8552,11312,11,168,-182,-12612,3980,7536,-981,79,-45,-12796,-6852,7312,-420,114,-156,0
3157.1037170886993,7108,7852,11584,-173,-67,105,6404,-8592,11336,-21,139,-150,-12536,4028,7680,-1015,82,-20,-12792,-6804,7456,-467,67,-171,0
3157.13725399971,7004,7868,11656,-212,-57,55,6480,-8572,11456,-27,198,-118,-12608,4072,7704,-1000,15,-45,-12672,-6756,7360,-472,68,-191,0
3157.170902967453,6984,7832,11428,-202,-61,55,6620,-8556,11324,-58,168,-203,-12592,4036,7620,-979,57,-141,-12708,-6768,7328,-489,191,-145,0
3157.2043890953064,7000,7808,11660,-136,-113,84,6528,-8532,11496,-254,128,-226,-12536,4080,7912,-1024,93,-125,-12684,-6756,7012,-451,245,-104,0
3157.2376539707184,7072,7896,11360,-168,-121,108,6532,-8560,11140,247,88,-232,-12616,4068,7924,-1037,149,-87,-13032,-6840,7400,-511,172,-136,0
3157.271206140518,7204,7976,11460,-106,-139,97,6612,-8508,11320,-23,166,-221,-12796,4080,7844,-998,54,-116,-12816,-6800,7284,-517,159,-159,0
3157.3047890663147,7080,7832,11484,-67,-64,58,6612,-8556,11368,-66,156,-204,-12800,4076,7684,-998,76,-106,-12804,-6744,7360,-577,157,-164,0
3157.3379480838776,7160,7924,11412,1,-89,75,6652,-8512,11152,-37,150,-171,-12724,4068,7648,-1026,57,-127,-12560,-6768,7220,-581,143,-193,0
3157.37158703804,7092,7900,11476,-16,-67,109,6844,-8556,11164,-8,151,-155,-12648,3920,7712,-1050,55,-37,-13004,-6780,6980,-540,127,-179,0
3157.4047679901123,7332,7680,11364,-64,-89,102,6592,-8436,11260,-76,143,-151,-12588,3932,7600,-1025,103,-37,-12584,-6724,7336,-474,103,-151,0
3157.438266992569,7064,7900,11540,-148,-65,124,6616,-8412,11124,-67,146,-163,-12640,3992,7596,-984,71,-69,-12560,-6768,7308,-439,110,-134,0
3157.4717841148376,6976,7828,11356,-197,-58,134,6572,-8676,11204,-35,143,-127,-12568,3944,7680,-1010,87,-78,-12792,-7168,7236,-454,108,-128,0
3157.5054600238805,6972,7688,11216,-170,-51,103,6548,-8448,11268,29,123,-145,-12668,3840,7836,-1068,124,-61,-12756,-6876,7236,-474,111,-129,0
3157.5390059947968,6988,7908,11496,-140,-31,127,6476,-8468,11240,38,97,-210,-12588,4088,7704,-1004,134,-84,-12728,-6796,7388,-560,220,-70,0
3157.576126098633,6988,7964,11568,-140,-98,159,6508,-8704,11200,-96,29,-240,-12584,4000,7652,-973,249,-57,-12784,-6792,7380,-484,148,-43,0
3157.6119589805603,7048,7924,11584,-204,-96,187,6612,-8480,11176,-156,37,-162,-12640,4060,7560,-959,510,-1,-12896,-6824,7236,-443,89,9,0
3157.6475920677185,7100,7732,11408,-271,-19,205,6584,-8652,11316,-140,28,-132,-12624,3952,7500,-990,250,19,-12776,-6820,7272,-441,83,-13,0
3157.6828701496124,7044,7684,11504,-197,70,191,6592,-8548,11296,-91,12,-100,-12744,3864,7852,-1039,216,44,-12824,-6912,7204,-500,62,-46,0
3157.7186241149902,7152,7712,11568,-153,249,133,6812,-8540,11372,-125,87,-163,-12972,4028,7600,-776,85,-27,-12868,-6788,7316,-482,134,-153,0
3157.7535219192505,7128,7780,11456,-201,16,32,6620,-8516,11128,-52,198,-219,-12752,4336,7524,-978,69,-99,-12868,-6672,7348,-467,190,-154,0
3157.7891960144043,6912,7788,11532,-174,-43,13,6676,-8660,11208,-59,200,-3,-12644,4004,7788,-1009,68,-101,-12760,-6744,7300,-439,194,-155,0
3157.823982000351,7068,7864,11604,-133,-62,245,6568,-8500,11240,-88,139,-263,-12584,3840,7516,-966,77,-123,-12888,-6788,7520,-381,203,-164,0
3157.859661102295,6988,7784,11604,-229,-71,23,6592,-8552,11056,-41,180,-252,-12604,3996,7436,-990,115,-147,-12788,-6848,7276,-363,201,-128,0
3157.8944931030273,7160,7912,11492,-303,-41,18,6564,-8580,11200,-100,207,-227,-12612,4172,7640,-956,82,-104,-12744,-6880,7376,-363,208,-148,0
3157.9308271408086,7032,7888,11640,-241,-119,254,6572,-8568,11172,-112,230,-220,-12708,4148,7708,-958,10,-59,-13000,-6776,7308,-453,133,-179,0
3157.9662330150604,7012,7912,11588,-162,-55,13,6572,-8520,11408,-118,193,-223,-12564,4016,7696,-950,43,-105,-13012,-6772,7336,-500,136,-152,0
3158.001775979996,7004,7888,11440,-131,-81,56,6480,-8452,11224,-57,118,-189,-12624,4092,7672,-772,138,-83,-12768,-6772,7208,-472,158,-94,0
3158.0376241207123,7156,7856,11492,-166,-27,131,6692,-8508,11092,-69,106,-170,-12756,3916,7436,-1036,116,-88,-12872,-6732,7268,-451,160,-93,0
3158.072798013687,7136,7680,11524,-201,253,127,6628,-8624,11328,-37,146,-146,-12724,4036,7612,-1027,160,-30,-12896,-6764,7336,-453,145,-39,0
3158.1080410480495,7032,8172,11548,-306,-127,146,6560,-8636,11160,3,141,-201,-12688,3992,7768,-998,128,-118,-12668,-6744,7380,-440,172,-50,0
3158.143501996994,6948,8164,11572,-319,-188,194,6572,-8660,11200,-46,115,-248,-12552,4004,7708,-998,157,-131,-12708,-6880,7276,-392,219,-43,0
3158.179351091385,6944,7844,11632,-406,-241,187,6532,-8612,11320,-36,145,-280,-12636,3984,7800,-948,213,-124,-12756,-6796,7312,-333,229,-44,0
3158.2146940231323,6968,7848,11748,-432,-226,131,6456,-8536,11400,-30,141,-295,-12344,3920,7484,-996,209,-194,-12696,-6764,7304,-356,302,-29,0
3158.2478981018066,6956,7728,11744,-403,-233,148,6512,-8588,11284,9,117,-298,-12716,4168,7904,-974,172,-198,-12772,-6788,7248,-401,293,-24,0
3158.281589984894,6928,7812,11592,-411,-272,141,6572,-8540,11264,27,102,-340,-12624,4032,7496,-1002,205,-216,-12800,-6812,7284,-403,312,19,0
3158.315294981003,7072,7752,11516,-411,-272,144,6572,-8532,11248,-8,92,-308,-12708,4060,7548,-938,225,-192,-12816,-6868,7248,-390,298,14,0
3158.3489820957184,7124,7788,11556,-388,-279,176,6904,-8612,11480,-33,62,-295,-12896,3940,7780,-986,231,-127,-12832,-6416,7256,-432,266,8,0
3158.3823950290684,7072,7800,11552,-381,-310,194,6696,-8520,11196,9,72,-280,-12704,4084,7612,-1064,219,-181,-12676,-6744,7380,-462,273,-8,0
3158.415633916855,7192,7716,11256,-307,-239,205,6632,-8472,11116,71,28,-237,-12688,3920,7908,-1067,237,-134,-12896,-6800,7304,-452,173,-18,0
3158.4491460323334,7308,7764,11404,-271,-213,214,6708,-8348,11488,18,96,-217,-12768,3956,7828,-996,169,-85,-13028,-6408,7252,-440,183,-6,0
3158.4827210903168,7280,7732,11592,-354,-169,194,6908,-8584,11164,52,79,-200,-12776,3952,7416,-1022,207,-76,-13036,-6580,7228,-409,166,12,0
3158.516091108322,7364,7608,11532,-321,-161,255,6640,-8580,11184,39,57,-148,-12740,3988,7548,-1055,244,-86,-12808,-6680,7180,-469,137,17,0
3158.5499930381775,7208,7724,11628,-286,-169,254,6656,-8484,11236,11,36,-169,-12684,4004,7728,-1075,189,-91,-12824,-6644,7148,-477,121,-10,0
3158.5833320617676,7224,7724,11596,-282,-210,243,6616,-8500,11164,13,39,-177,-12708,3920,7612,-996,145,-88,-12764,-6728,7244,-473,178,-31,0
3158.616932153702,6952,7476,11736,-2,-185,201,6568,-8608,11044,11,38,-191,-12788,3928,7672,-1040,251,-96,-12836,-6668,7316,-471,156,-56,0
3158.6503779888153,7088,7892,11684,-228,-234,165,6560,-8692,11504,31,76,-282,-12764,3868,7388,-1027,165,-162,-12764,-6684,7116,-449,263,-64,0
3158.6838250160217,7132,7520,11644,-235,-223,160,6696,-8528,11212,30,125,-284,-12804,4052,7572,-1011,128,-186,-12848,-6732,7340,-495,222,-79,0
3158.717309951782,7336,7624,11456,-203,-198,133,6812,-8508,11104,252,324,-203,-12888,3892,7716,-1041,78,-94,-12976,-6688,7212,-491,164,-129,0
3158.7506351470947,7292,7432,11764,-202,-113,143,6708,-8548,11260,49,160,-164,-12836,3908,7548,-1068,68,-13,-13040,-6604,7192,-539,120,-139,0
3158.7840371131897,7264,7592,11572,-203,-66,127,6704,-8468,11288,28,141,-112,-12740,3992,7560,-1056,102,-14,-12964,-6532,7232,-539,63,-91,0
3158.8175690174103,7244,7548,11296,-144,-9,162,6672,-8580,11148,-40,99,-85,-12740,3988,7368,-1014,132,-16,-12888,-6576,7232,-534,39,-124,0
3158.8511719703674,7392,7620,11460,-146,31,152,6780,-8472,11264,-87,133,-68,-12856,3972,7424,-983,63,1,-12924,-6624,7180,-259,31,-157,0
3158.884516954422,7192,7532,11288,-182,61,76,6776,-8536,11176,-66,206,-91,-12932,3968,7616,-1032,255,26,-12840,-6676,7196,-556,56,-191,0
3158.918036937713,7280,7468,11548,-123,64,68,6672,-8536,11092,1,202,-75,-12752,3908,7588,-1049,7,-239,-12948,-6796,7412,-498,37,-195,0
3158.9516100883484,7400,7792,11664,-61,86,40,6684,-8472,11252,-52,208,-91,-12648,4040,7628,-1014,14,-11,-12884,-6672,7172,-768,45,-245,0
3158.98478102684,7240,7472,11660,-109,-23,4,6544,-8640,11300,-85,202,-97,-12748,4052,7924,-1004,-256,6,-12824,-6872,7408,-574,39,-237,0
3159.018054008484,7220,7576,11452,-33,61,61,6616,-8552,11164,-119,160,-74,-12744,3964,7636,-1007,-256,39,-12844,-6644,7328,-535,13,-187,0
3159.051784992218,7168,7680,11952,-68,135,74,6572,-8476,11296,-59,164,-57,-12708,3904,7760,-1091,51,52,-12612,-6732,7076,-278,-27,-140,0
3159.0852749347687,7188,7792,11636,-84,152,62,6604,-8508,11128,-103,179,-29,-12768,4012,7656,-974,-19,30,-12856,-6748,7384,-538,248,-209,0
3159.1187551021576,7064,7720,11616,-116,83,57,6560,-8468,11144,-89,241,-63,-12632,3852,7672,-950,84,18,-13020,-6816,7272,-509,3,-182,0
3159.1518840789795,7012,7716,11756,-130,58,25,6588,-8664,11188,-134,213,-163,-12660,3964,7512,-935,14,-30,-13020,-6732,7164,-478,109,-187,0
3159.1854801177974,7068,7712,11328,-124,31,2,6556,-8456,11272,-80,205,-169,-12660,4048,7580,-996,25,-44,-12556,-6820,7404,-470,152,-188,0
3159.2187769412994,7128,7724,11524,-129,-9,9,6648,-8444,11488,-76,205,-189,-12752,3956,7644,-1005,56,-88,-12588,-6768,7220,-516,171,-164,0
3159.2559170722966,7188,7776,11752,-135,-40,46,6500,-8480,11264,-81,185,-176,-12564,4000,7568,-779,55,-65,-12800,-6684,7276,-258,146,-136,0
3159.291288137436,7212,7788,11524,-125,-61,71,6644,-8448,11252,-48,163,-154,-12732,3952,7636,-831,-108,-24,-12816,-6740,7320,-477,105,-126,0
3159.3276419639587,7192,7768,11536,-155,-12,94,6636,-8564,11184,-98,174,-113,-12708,4012,7708,-984,67,-26,-12572,-6748,7256,-464,88,-135,0
3159.362857103348,7044,7744,11760,-136,23,77,6584,-8676,11320,-84,176,-102,-12752,3992,7668,-1018,53,1,-12808,-6800,7344,-485,99,-132,0
3159.398126125336,7380,7820,11536,-144,-13,95,6604,-8540,11288,-46,174,-96,-12800,4044,7692,-1004,64,-42,-12816,-6732,7180,-496,76,-130,0
3159.4331641197205,7156,7720,11644,-116,27,70,6632,-8600,11504,-65,164,-127,-12620,4052,7484,-990,81,-254,-12552,-6768,7496,-460,94,-168,0
3159.4686579704285,7040,7812,11584,-125,-14,68,6612,-8548,11128,-46,181,-158,-12716,4008,7584,-1000,36,-70,-12632,-6636,7352,-486,148,-157,0
3159.5036809444427,7144,7820,11664,-156,-63,53,6516,-8572,11072,-64,154,-164,-12548,3980,7724,-1006,52,-82,-12784,-6624,7328,-496,162,-147,0
3159.5393490791325,7096,7724,11488,-126,-68,72,6544,-8540,11040,-49,165,-168,-12632,4008,7920,-992,84,-93,-13040,-6732,7296,-503,142,-129,0
3159.5748810768127,7124,7684,11280,-130,-56,106,6496,-8240,11256,-50,125,-183,-12700,4064,7584,-1035,82,-51,-12604,-6724,7296,-466,153,-95,0
3159.610624074936,7052,7732,11264,-148,-57,120,6436,-8276,11404,-76,130,-169,-12720,4044,7648,-1014,140,-75,-12712,-6732,7396,-452,149,-88,0
3159.645518064499,7060,7840,11628,-191,-63,135,6576,-8632,11368,-103,70,-169,-12728,4084,7676,-978,162,-75,-12800,-6776,7132,-437,160,-60,0
3159.68168592453,7088,7780,11572,-225,-85,147,6616,-8668,11208,-95,103,-188,-12736,3932,7588,-1024,137,-117,-12840,-6736,7328,-436,172,-99,0
3159.7178161144257,7096,7868,11512,-223,-81,129,6528,-8388,11340,-24,115,-211,-12744,4024,7688,-1011,142,-148,-12816,-6828,7336,-442,208,-83,0
3159.7531599998474,7168,7848,11624,-260,-126,96,6580,-8616,11372,255,148,-266,-12784,4064,7724,-987,160,-111,-12844,-6864,7456,-409,246,-65,0
3159.7888081073766,7020,7808,11660,-243,-176,123,6472,-8536,11344,-65,115,-284,-12724,3992,7720,-962,148,-160,-12876,-6700,7400,-422,197,-52,0
3159.8240039348602,7096,7836,11588,-306,-218,87,6580,-8584,11400,-68,124,-294,-12620,4080,7672,-953,132,-169,-12772,-6752,7228,-423,240,-48,0
3159.8600800037384,7068,7724,11492,-307,-230,107,6576,-8508,11512,-255,136,-309,-12656,3900,7604,-963,174,-140,-12556,-6772,7224,-368,501,-50,0
3159.8955919742584,7068,7824,11592,-333,-207,94,6532,-8596,11192,-26,139,-290,-12784,3944,7712,-953,188,-203,-13032,-6708,7396,-382,297,-58,0
3159.92883515358,6928,7756,11440,-367,-217,76,6884,-8516,11200,13,132,-358,-12836,4084,7644,-967,171,-209,-12884,-6748,7220,-371,326,-66,0
3159.9622900485992,7376,7708,11636,-301,-243,103,6420,-8636,11284,17,119,-301,-12552,4176,7644,-1027,164,-189,-12860,-6632,7336,-465,257,-61,0
3159.995633125305,7252,7716,11572,-290,-180,162,6608,-8448,11152,31,76,-242,-12708,4100,7384,-1005,235,-76,-12852,-6680,7192,-458,192,-60,0
3160.0293221473694,7288,7812,11632,-271,-166,198,6548,-8608,11136,3,34,-177,-12696,4016,7588,-1039,216,-81,-12872,-6688,7404,-459,157,-13,0
3160.0626261234283,7304,7920,11660,-263,-164,231,6516,-8520,11220,22,58,-182,-12764,4000,7568,-1045,506,-103,-12860,-6620,7216,-495,149,-254,0
3160.0960919857025,7212,7640,11672,-215,-169,228,6684,-8644,11224,34,5,-168,-12716,4036,7412,-1039,190,-116,-12824,-6580,7140,-481,183,11,0
3160.1299300193787,7312,7592,11600,-251,-183,236,6440,-8524,11008,23,36,-212,-12580,4056,7532,-1026,225,-100,-12936,-6608,7324,-480,196,-17,0
3160.1636180877686,7300,7588,11568,-226,-216,206,6872,-8292,11224,53,91,-232,-12728,4004,7600,-1031,176,-116,-12560,-6740,7236,-457,220,-41,0
3160.197149038315,6952,7432,11592,-245,-195,152,6552,-8528,11244,64,106,-1,-12704,3900,7560,-1006,158,-147,-12892,-6884,7312,-482,242,-72,0
3160.2306230068207,7216,7608,11488,-231,-209,134,6672,-8556,11384,63,125,-262,-12760,4000,7496,-1018,137,-174,-12852,-6812,7352,-474,239,-126,0
3160.2638590335846,7192,7816,11648,-227,-227,140,6552,-8460,11244,40,114,-3,-12732,3940,7584,-786,94,-165,-12884,-6648,7232,-459,234,-110,0
3160.2971789836884,7272,7672,11584,-217,-242,89,6592,-8484,11232,10,130,-275,-12764,3904,7608,-998,87,-134,-12872,-6456,7228,-456,211,-133,0
3160.3307290077214,7252,7716,11508,-248,-200,89,6668,-8412,11140,-43,144,-257,-12552,4008,7588,-992,109,-151,-12944,-6420,7392,-446,151,-144,0
3160.364221096039,7340,7632,11648,-222,-126,82,6400,-8420,11324,-57,168,-193,-12764,3924,7640,-985,93,-74,-12964,-6696,7180,-457,103,-145,0
3160.3976600170135,7272,7648,11344,-177,-34,88,6696,-8368,11152,-67,163,-156,-12668,3940,7448,-1007,63,-30,-12820,-6568,6940,-480,91,-150,0
3160.431177139282,7244,7620,11460,-171,-6,78,6740,-8536,11292,-71,176,-175,-12740,3968,7576,-769,108,-20,-12912,-6680,7144,-478,95,-129,0
3160.464620113373,7228,7744,11564,-193,48,91,6680,-8484,11292,-123,125,-155,-12848,3952,7504,-994,103,-27,-12924,-6584,7216,-463,101,-129,0
3160.4983990192413,7204,7636,11636,-190,4,97,6680,-8616,11132,-136,154,-132,-13028,3972,7900,-1017,74,-70,-12812,-6656,7188,-492,124,-182,0
3160.531991958618,7376,7756,11604,-184,9,76,6580,-8512,11044,-48,176,-136,-12980,3900,7872,-1026,109,-45,-12952,-6692,7384,-460,123,-184,0
3160.5655031204224,7284,7696,11440,-124,2,39,6696,-8532,11396,-117,218,-132,-13000,4072,7756,-978,-89,249,-12860,-6628,7324,-520,82,-204,0
3160.5991909503937,7212,7628,11608,-148,52,39,6584,-8684,11268,-76,196,-101,-12760,4004,7512,-989,243,22,-12992,-6592,7360,-486,38,-199,0
3160.632576942444,7216,7700,11668,-124,134,70,6664,-8548,11140,-81,206,-59,-12656,4076,7656,-977,255,67,-12844,-6636,7172,-489,-31,-188,0
3160.6660830974574,7136,7728,11660,-127,153,103,6612,-8632,11264,-88,200,-17,-12700,3904,7568,-944,-8,27,-12808,-6620,7284,-466,-59,-146,0
3160.6997179985046,7148,7636,11620,-134,117,89,6484,-8668,11168,-61,214,-60,-12708,4048,7588,-1271,12,227,-12756,-6656,7292,-502,54,-160,0
3160.733479976654,7072,7852,11644,-117,66,82,6520,-8600,11036,-60,202,-105,-12736,3944,7636,-995,25,-84,-12836,-6436,7340,-502,80,-158,0
3160.767096042633,7084,7436,11524,-52,-4,88,6580,-8928,11472,-73,153,-153,-12744,3996,7732,-981,36,-54,-12756,-6428,7256,-537,168,-171,0
3160.8003389835358,7084,7720,11564,-106,-43,83,6544,-8580,11296,-52,130,-193,-12728,3860,7456,-1017,54,-131,-12744,-6668,7232,-524,180,-174,0
3160.833925008774,7120,7784,11300,-75,-53,65,6608,-8500,11248,-57,151,-177,-12716,3932,7628,-999,67,-79,-12900,-6776,7224,-506,171,-183,0
3160.8675780296326,7348,7800,11500,-160,-12,65,6592,-8484,11308,-74,179,-171,-12692,3924,7780,-1016,58,-52,-12908,-6888,7340,-505,119,-174,0
3160.900964975357,7028,7860,11764,-158,13,56,6592,-8540,11240,-46,207,-129,-12808,4068,7720,-1006,56,-46,-12964,-6888,7252,-524,92,-176,0
3160.9388649463654,7272,7788,11536,-119,32,88,6424,-8568,11356,-59,192,-117,-12744,4016,7752,-1280,58,28,-12608,-6732,7260,-257,81,-179,0
3160.9739079475403,6936,7836,11592,-97,21,71,6568,-8628,11360,-90,156,-121,-12616,3996,7696,-1006,60,242,-12764,-6792,7220,-504,64,-164,0
3161.0094411373134,7112,7732,11600,-124,-2,101,6536,-8596,11248,-85,151,-120,-12788,3988,7528,-1006,55,9,-12808,-6776,7288,-493,57,-150,0
3161.044856071472,7356,7784,11676,-140,-39,83,6644,-8628,11368,-64,154,-126,-12688,4048,7652,-1275,22,-55,-12832,-6764,7216,-504,128,-160,0
3161.080873966217,6940,7680,11376,-82,2,86,6544,-8692,11024,-40,157,-132,-12660,4012,7604,-998,86,-40,-12876,-6672,7212,-495,103,-134,0
3161.1162059307094,7132,7816,11656,-124,-2,66,6472,-8556,11268,-52,156,-163,-12756,4056,7684,-994,60,-34,-12804,-6900,7324,-479,110,-138,0
3161.1524081230164,7132,7704,11628,-145,-88,56,6588,-8612,11296,-62,184,-176,-12752,4112,7592,-1000,43,-83,-12740,-6788,7488,-518,142,-159,0
3161.1876111030574,7072,7460,11560,-163,-62,85,6528,-8704,11164,-10,169,-168,-12632,4308,7524,-1045,58,-97,-12748,-6724,7384,-493,150,-124,0
3161.2232689857483,7108,7716,11584,-125,-17,55,6492,-8472,11260,-34,183,-154,-12664,3936,7900,-1031,50,-92,-12856,-6828,7248,-475,121,-157,0
3161.2596039772034,7156,7796,11532,-209,-29,70,6556,-8600,11132,-70,170,-177,-12776,4348,7640,-960,74,-47,-12820,-6852,7340,-483,90,-161,0
3161.2947120666504,7108,7732,11640,-173,11,69,6556,-8612,11112,-45,152,-137,-12704,4124,7800,-1009,86,-35,-12860,-6696,7220,-489,104,-116,0
3161.331330060959,7092,7748,11564,-182,-7,113,6556,-8616,11212,-4,135,-147,-12680,4036,7516,-1000,76,-56,-12848,-6812,7420,-484,150,-80,0
3161.366238117218,6996,7824,11596,-249,-105,135,6468,-8528,11496,6,154,-159,-12780,4052,7744,-1003,128,-90,-12780,-6852,7452,-467,159,-57,0
3161.401797056198,6708,7832,11972,-258,-157,192,6520,-8684,11416,-12,106,-209,-12592,4052,7828,-1026,181,-131,-12764,-6708,7248,-500,232,-40,0
3161.4380090236664,7036,7720,11576,-194,-229,186,6412,-8508,11016,-254,67,-510,-12744,4064,7656,-1034,192,-194,-12792,-6672,7416,-261,281,-50,0
3161.4731481075287,7064,7736,11592,-239,-246,201,6556,-8600,11500,26,66,-270,-12708,3952,7592,-1027,218,-125,-12780,-6740,7324,-483,498,-3,0
3161.5087859630585,7032,7748,11684,-219,-227,214,6440,-8512,11496,15,46,-221,-12744,4132,7676,-1028,236,-147,-12780,-6712,7432,-479,200,-5,0
3161.543620109558,7144,7520,11700,-298,-136,237,6884,-8544,11016,29,56,-210,-12688,4000,7652,-998,244,-89,-12900,-6644,7288,-479,190,-29,0
3161.584053993225,7172,7704,11680,-499,-181,213,6660,-8516,11148,12,48,-217,-12796,4176,7480,-1025,230,-142,-12836,-6872,7312,-474,229,-19,0
3161.617738008499,7224,7744,11588,-278,-229,227,6656,-8520,11260,15,63,-243,-12560,3884,7532,-1037,240,-178,-12780,-6652,7156,-466,236,-20,0
3161.6509749889374,7164,7680,11408,-288,-248,205,6544,-8512,11204,16,78,-264,-12548,3928,7660,-1030,224,-133,-12876,-6736,7224,-460,277,-22,0
3161.6842460632324,7408,7700,11740,-286,-297,157,6616,-8500,11168,33,69,-270,-12688,4004,7600,-1028,243,-123,-12788,-6732,7136,-457,225,-30,0
3161.7176661491394,7028,7664,11336,-238,-232,170,6592,-8584,11444,68,83,-506,-12732,3964,7508,-1025,161,-189,-12868,-6720,7376,-456,208,-76,0
3161.7512459754944,6920,7924,11756,-254,-229,175,6532,-8488,11508,66,46,-212,-12688,4088,7600,-1030,137,-167,-12868,-6708,7276,-473,214,-66,0
3161.784795999527,7084,7892,11764,-241,-221,173,6508,-8500,11304,56,17,-237,-12680,4016,7600,-1068,226,-139,-12828,-6744,7240,-484,206,-14,0
3161.8180289268494,7212,7888,11764,-235,-226,204,6636,-8440,11124,-8,28,-220,-12768,3964,7556,-769,217,-96,-12892,-6600,7272,-494,221,243,0
3161.8518331050873,7316,7604,11740,-257,-252,240,6536,-8596,11276,24,5,-210,-12668,4328,7536,-1066,229,-124,-12928,-6408,6968,-497,228,254,0
3161.8853039741516,6924,7660,11752,-259,-2,236,6612,-8216,11516,28,-19,-207,-12656,3956,7556,-1069,294,-141,-12856,-6736,7076,-461,178,-23,0
3161.9190299510956,7188,7640,11500,-205,-234,205,6736,-8440,11060,-19,-27,-236,-12724,3972,7548,-1055,3,-156,-13004,-6700,7300,-479,215,-35,0
3161.9524281024933,7252,7592,11680,-213,-193,172,6616,-8564,11196,-57,33,-212,-12572,3972,7348,-1055,240,-97,-13036,-6532,7328,-486,159,-70,0
3161.9860661029816,7408,7592,11412,-189,-101,154,6780,-8476,11196,-66,95,-168,-12736,3968,7588,-977,159,-256,-12980,-6536,7348,-495,90,-112,0
3162.019907951355,7376,7596,11360,-161,-33,113,6808,-8496,11160,-77,146,-117,-12772,3824,7608,-992,75,24,-12912,-6748,7128,-471,49,-181,0
3162.053549051285,7220,7448,11320,-198,33,82,6764,-8424,11096,-57,199,-114,-12972,3800,7468,-773,50,-14,-12932,-6660,7232,-468,87,-174,0
3162.0871970653534,7244,7696,11508,-183,32,6,6696,-8528,11128,-73,221,-175,-12840,4064,7572,-982,19,-84,-12884,-6652,7196,-451,133,-198,0
3162.1206619739532,7208,7704,11516,-151,2,18,6452,-8592,11200,-66,248,-214,-12680,3888,7524,-994,-23,-83,-12824,-6728,7236,-429,169,-188,0
3162.1539919376373,7292,7644,11572,-148,-49,53,6548,-8232,11244,-67,161,-244,-12604,3976,7512,-984,44,-46,-12604,-6860,7384,-453,177,-165,0
3162.1876389980316,7180,7624,11600,-119,-35,43,6684,-8552,11112,-90,155,-210,-12756,3984,7636,-990,49,-67,-13044,-6808,7260,-439,133,-168,0
3162.2211949825287,7200,7596,11584,-168,-22,46,6580,-8584,11136,-56,167,-205,-12688,3876,7640,-943,96,-68,-12964,-6588,7332,-421,122,-139,0
3162.254727125168,7056,7636,11720,-175,22,37,6652,-8556,11104,-90,151,-166,-12764,4048,7376,-978,77,-76,-12832,-6660,7360,-463,117,-157,0
3162.2881960868835,7116,7516,11588,-144,18,49,6852,-8560,11320,-103,186,-146,-13020,3972,7500,-1037,63,-22,-12848,-6404,7304,-479,109,-162,0
3162.3217611312866,7132,7740,11616,-141,4,77,6908,-8536,11260,-118,130,-166,-12672,4000,7432,-991,54,-26,-12908,-6564,7224,-447,118,-154,0
3162.3552761077885,7128,7728,11636,-171,24,70,6748,-8552,11108,-141,156,-171,-12768,3928,7668,-952,58,-49,-12936,-6584,7240,-482,111,-181,0
3162.388566970825,7280,7708,11636,-158,-22,53,6692,-8568,11220,-94,211,-178,-12848,3896,7496,-979,22,-83,-12876,-6712,7280,-442,130,-138,0
3162.4221489429474,7224,7720,11448,-130,10,67,6660,-8544,11160,-56,195,-165,-12556,4020,7568,-958,82,-74,-12856,-6664,7336,-425,115,-175,0
3162.455621004104,7204,7692,11600,-150,-2,43,6716,-8504,11124,-90,213,-174,-12720,3956,7592,-950,50,-65,-12928,-6644,7340,-460,124,-171,0
3162.4891510009766,7176,7604,11288,-154,33,49,6752,-8616,11288,-114,176,-153,-12780,4024,7624,-952,9,-56,-12852,-6664,7216,-443,105,-166,0
3162.5225460529327,7192,7700,11468,-124,50,68,6624,-8536,11252,-67,160,-123,-12720,4036,7664,-992,5,-63,-12816,-6416,7340,-510,91,-175,0
3162.5561969280243,7364,7716,11424,-98,44,41,6620,-8520,11160,-73,182,-111,-13040,4004,7684,-1011,18,-35,-12860,-6684,7304,-493,76,-187,0
3162.592231988907,7084,7692,11528,-128,-7,24,6556,-8612,11348,-92,242,-116,-12668,4048,7852,-959,-46,-25,-12820,-6616,7372,-503,60,-192,0
3162.6281991004944,7040,7472,11700,-163,20,8,6596,-8616,11240,-70,225,-155,-12728,4012,7476,-1007,6,-32,-12884,-6612,7380,-467,105,-182,0
3162.6632549762726,7100,7748,11644,-157,255,65,6600,-8668,11308,-47,177,-144,-12696,3992,7732,-1013,45,-69,-12864,-6664,7468,-466,99,-153,0
3162.699238061905,7372,7732,11700,-127,-13,62,6848,-8524,11160,-35,148,-192,-12792,4028,7464,-1020,102,-70,-12880,-6732,7296,-462,59,-121,0
3162.7345480918884,7408,7716,11616,-165,-39,69,6660,-8516,11164,-75,163,-161,-12700,3852,7496,-968,68,-14,-12828,-6676,7296,-498,111,-147,0
3162.770256996155,7192,7700,11592,-178,-60,82,6632,-8452,11136,-114,157,-185,-12700,3964,7600,-948,60,-61,-12876,-6716,7312,-453,99,-169,0
3162.805524110794,7308,7708,11312,-206,-54,55,6584,-8484,11304,-88,183,-197,-12752,3908,7768,-948,11,-21,-12776,-6728,7312,-465,178,-152,0
3162.840945005417,7124,7712,11472,-120,-5,5,5960,-8876,12256,205,27,-109,-12448,3832,7228,-848,18,-164,-12696,-6688,7328,-478,146,-164,0
3162.8761570453644,7076,7860,11656,-148,0,38,6560,-8524,11088,-123,229,-208,-12744,4004,7440,-935,43,240,-12904,-6648,7316,-479,104,-146,0
3162.912225008011,7108,7708,11652,-140,-19,106,6604,-8624,11172,249,150,-124,-12708,4016,7664,-1052,60,-1,-12844,-6636,7252,-486,98,-110,0
3162.967301130295,6984,7736,11588,-161,-7,127,6504,-8692,11480,8,163,-142,-12752,3924,7444,-1053,120,-67,-12800,-6424,7288,-529,126,-82,0
3163.0142979621887,7008,7784,11676,-186,-61,196,6504,-8608,11180,16,104,-146,-12616,4120,7932,-1009,105,-48,-12864,-6676,7516,-516,154,-45,0
3163.0507850646973,7084,7728,11716,-178,-144,200,6536,-8768,11464,-5,66,-166,-12588,4104,7604,-1083,207,-124,-12864,-6708,7284,-524,177,-6,0
3163.0861320495605,7048,7780,11704,-208,-178,215,6564,-8560,11236,-10,85,-215,-12684,4108,7900,-991,165,-124,-12804,-6736,7272,-764,219,-46,0
3163.1217551231384,7116,7668,11540,-510,-228,199,6496,-8604,11224,11,93,-277,-12744,3992,7628,-994,177,-182,-12612,-6736,7368,-488,228,-70,0
3163.157315015793,7156,7424,11600,-267,-238,157,6596,-8584,11484,31,137,-258,-12804,4028,7576,-984,145,-174,-12772,-6480,7636,-451,10,-96,0
3163.1926250457764,7176,7772,11540,-295,-218,129,6596,-8592,11300,57,154,-273,-12596,3976,7572,-1048,228,-156,-12836,-6776,7212,-470,236,-35,0
3163.2287950515747,7156,7680,11580,-267,-213,148,6592,-8572,11348,56,124,-286,-12744,3928,7404,-1056,185,-157,-12888,-6876,7344,-458,256,-35,0
3163.2647840976715,7236,7844,11648,-305,-235,159,6620,-8460,11068,22,91,-245,-12644,4044,7596,-1012,201,-139,-12912,-6616,7172,-452,206,-33,0
3163.298388004303,7276,7496,11288,-252,-222,199,6588,-8520,11252,254,83,-218,-12584,4060,7512,-1016,182,-111,-12812,-6600,7500,-496,142,-35,0
3163.3318641185765,7376,7600,11520,-319,-208,197,6628,-8572,11148,52,40,-181,-12784,4016,7600,-1063,187,-72,-12940,-6688,7116,-481,143,-31,0
3163.3653950691223,7212,7692,11564,-231,-152,226,6536,-8412,11012,52,67,-159,-12628,3904,7536,-1037,237,-57,-12812,-6704,7336,-484,121,-56,0
3163.3987760543823,7232,7736,11352,-240,-148,175,6640,-8612,11232,56,125,-206,-12672,4076,7444,-1007,169,-100,-12868,-6636,7332,-479,207,-57,0
3163.4318499565125,7192,7612,11568,-274,-169,181,6684,-8576,11264,54,92,-210,-12756,3984,7424,-1067,174,-134,-12988,-6520,7224,-465,182,-34,0
3163.4652709960938,7184,7592,11732,-234,-214,189,6632,-8636,11336,70,88,-149,-12728,3984,7524,-1002,191,-47,-12604,-6912,7276,-479,114,-56,0
3163.4989020824432,7404,7728,11568,-510,-174,152,6548,-8468,11276,41,104,-198,-12664,3996,7400,-990,168,-64,-12776,-6872,7360,-496,132,-55,0
3163.5322301387787,7128,7424,11608,-258,-162,167,6564,-8692,11020,53,87,-234,-12720,4040,7656,-1029,129,-147,-12900,-6648,7372,-483,193,-84,0
3163.5657811164856,7212,7600,11700,-206,-221,163,6620,-8532,11340,24,79,-242,-12560,4308,7536,-1005,184,-189,-12820,-6668,7212,-506,238,-42,0
3163.5993180274963,7412,7532,11876,-190,-241,193,6680,-8464,11192,6,60,-238,-12632,4036,7600,-1004,203,-112,-12840,-6580,7200,-496,223,-55,0
3163.632185935974,7256,7568,11496,-201,-186,176,6724,-8496,11156,-22,54,-6,-12748,3896,7424,-996,210,-112,-12948,-6552,7196,-506,186,-71,0
3163.665699005127,7376,7564,11448,-162,-190,157,6728,-8428,11128,-54,95,-213,-12800,3968,7412,-973,131,-104,-12832,-6576,7404,-520,166,-142,0
3163.69939494133,7320,7588,11428,-158,-52,87,6748,-8356,11216,-38,149,-154,-12892,3944,7564,-1280,104,-84,-12976,-6620,7344,-756,112,-178,0
3163.732757091522,7420,7616,11400,-153,42,58,6696,-8704,11112,-33,207,-137,-12712,3824,7420,-1018,60,251,-12984,-6548,7208,-458,102,-189,0
3163.7664041519165,7340,7476,11296,-185,42,48,6740,-8480,11492,-66,244,-134,-12828,3928,7264,-1053,41,20,-12868,-6728,7108,-461,96,-182,0
3163.7999410629272,7288,7800,11540,-221,-12,45,6556,-8524,11400,-78,186,-147,-12840,4040,7552,-1269,54,-12,-12852,-6640,7220,-451,108,-205,0
3163.8333561420445,7416,7680,11724,-163,-21,67,6652,-8560,11476,-69,167,-144,-12752,4056,7632,-1049,77,-65,-12916,-6676,7132,-502,132,-174,0
3163.8668200969696,7220,7472,11560,-95,-41,95,6644,-8488,11148,-68,132,-121,-12688,4008,7568,-1007,53,-52,-12792,-6616,7436,-509,120,-150,0
3163.9000980854034,7156,7660,11472,-130,-17,85,6536,-8480,11140,-89,128,-136,-12608,3928,7500,-986,71,-8,-12716,-6612,7308,-454,113,-136,0
3163.9335520267487,7132,7600,11584,-162,19,84,6684,-8544,11256,-117,154,-136,-12708,4016,7440,-988,94,-34,-12844,-6644,7344,-465,97,-99,0
3163.9671931266785,7032,7444,11544,-139,0,87,6648,-8556,11228,-137,161,-162,-12760,4012,7652,-968,65,5,-12912,-6632,7408,-764,81,-161,0
3164.000734090805,7420,7568,11364,-120,68,73,6524,-8668,11088,-87,168,-130,-12872,4080,7476,-1084,54,-75,-12676,-6596,7224,-560,134,-146,0
3164.034142971039,7288,7556,11648,-111,24,89,6832,-8484,11260,-35,118,-141,-12744,3948,7584,-1030,80,-17,-12968,-6456,7312,-262,123,-160,0
3164.0679731369014,7332,7660,11508,-107,30,75,6852,-8580,11120,-78,179,-164,-12796,3964,7568,-1008,58,-3,-12928,-6688,7332,-478,141,-142,0
3164.101593017578,7328,7676,11640,-169,18,65,6672,-8592,11324,-91,172,-144,-12708,4028,7512,-991,46,-16,-12912,-6584,7152,-499,118,-134,0
3164.134927034378,7364,7640,11524,-107,-255,91,6648,-8576,11312,-90,136,-128,-12708,4052,7488,-1013,64,-70,-12900,-6740,7292,-497,100,-162,0
3164.168585062027,7224,7704,11556,-131,-243,102,6640,-8496,11212,-67,144,-109,-12740,3972,7556,-770,41,-38,-13044,-6716,7524,-496,69,-140,0
3164.20219707489,7184,7724,11520,-157,33,66,6488,-8592,11292,-79,153,-113,-12780,3944,7548,-1008,93,-19,-12856,-6676,7356,-487,57,-162,0
3164.2356629371643,7116,7736,11672,-117,17,84,6640,-8564,11104,-78,158,-120,-12680,4016,7588,-1010,62,-251,-13040,-6700,7288,-483,87,-140,0
3164.2717530727386,7196,7748,11684,-101,24,79,6500,-8596,11180,-74,154,-142,-12684,3972,7544,-1005,55,-38,-12792,-6600,7268,-502,116,-136,0
3164.307121992111,7216,7664,11748,-70,-1,94,6568,-8536,11284,-85,129,-165,-12644,3968,7640,-991,80,-64,-12864,-6588,7312,-260,142,-141,0
3164.3427550792694,7152,7692,11728,-84,-28,105,6604,-8504,11312,-75,125,-176,-12840,4052,7732,-968,70,-82,-12820,-6652,7404,-468,138,-163,0
3164.37858915329,7404,7448,11700,-122,-256,53,6752,-8644,11244,-85,158,-166,-12668,4060,7468,-975,45,-37,-12888,-6696,7384,-494,110,-193,0
3164.4136879444122,7112,7688,11600,-142,7,32,6588,-8636,11300,-113,182,-164,-12556,3968,7616,-959,46,-91,-12800,-6632,7192,-481,141,-166,0
3164.4493660926814,7340,7696,11752,-100,-55,50,6528,-8604,11024,-76,178,-175,-12740,3956,7380,-1029,40,-74,-12808,-6444,7320,-490,124,-165,0
3164.4847600460052,7172,7688,11596,-88,-28,62,6460,-8528,11140,-94,167,-181,-12800,4028,7720,-982,39,-69,-12808,-6532,7220,-464,81,-172,0
3164.5207240581512,7264,7772,11628,-128,-67,33,6616,-8608,11312,-58,168,-168,-12788,4136,7724,-995,41,-1,-12852,-6616,7260,-463,98,-125,0
3164.5561900138855,7352,7716,11580,-159,-24,80,6608,-8620,11044,-42,142,-152,-12648,4120,7568,-1003,86,-45,-12600,-6760,7656,-486,126,-124,0
3164.5917971134186,7008,7740,11596,-137,-48,73,6584,-8756,11184,-48,141,-179,-12664,3988,7668,-991,103,-60,-12836,-6708,7312,-456,129,-138,0
3164.6277139186855,7412,7800,11268,-129,-27,73,6592,-8536,11292,-69,161,-176,-12740,3996,7632,-984,69,-44,-12828,-6604,7340,-484,119,-182,0
3164.6632020473485,7064,7900,11640,-182,-62,49,6552,-8676,11244,-52,180,-171,-12700,3972,7728,-1007,12,-76,-12776,-6660,7252,-479,168,-151,0
3164.6996300220494,7048,7500,11572,-208,-96,64,6576,-8636,11228,-13,176,-201,-12696,3912,7500,-990,27,-128,-12800,-6712,7416,-458,155,-178,0
3164.7350311279297,7076,7716,11656,-181,-153,69,6544,-8564,11220,-66,177,-228,-12780,3920,7772,-990,28,-86,-12800,-6688,7348,-463,161,-167,0
3164.770795106888,7064,7796,11412,-205,-50,26,6580,-8560,11040,-17,192,-221,-12704,3856,7780,-968,92,-111,-12884,-6640,7264,-425,151,-155,0
3164.8061439991,7380,7732,11672,-194,-18,52,6520,-8584,11084,-51,153,-175,-12760,3952,7424,-1006,92,239,-12904,-6756,7292,-471,123,-104,0
3164.8423280715942,7364,7904,11708,-227,-51,136,6568,-8604,11196,-39,160,-139,-12764,4064,7896,-1010,163,-15,-12812,-6864,7520,-449,106,-48,0
3164.8780591487885,6968,7816,11600,-253,-86,174,6500,-8628,11344,-48,108,-162,-12780,4080,7680,-995,178,-79,-12872,-6808,7376,-446,153,-39,0
3164.913264989853,6924,7652,11640,-221,-146,187,6524,-8584,11468,-44,57,-190,-12744,4072,7668,-1006,147,-64,-12772,-6684,7360,-504,216,-47,0
3164.9489891529083,7096,7772,11588,-169,-188,220,6440,-8628,11420,3,96,-253,-12676,4012,7676,-1041,188,-81,-12712,-6408,7400,-533,234,-46,0
3164.9822890758514,7132,7660,11604,-182,-213,210,6528,-8576,11196,-12,62,-215,-12624,3944,7564,-1026,216,-178,-12564,-6652,7220,-487,263,-7,0
3165.0157840251923,7148,7776,11536,-224,-230,212,6636,-8464,11200,36,52,-251,-12640,4116,7756,-1006,510,-163,-12832,-6756,7236,-451,246,-23,0
3165.0492210388184,7220,7656,11620,-276,-194,175,6632,-8588,11260,15,44,-262,-12864,4012,7708,-1004,219,-161,-12948,-6872,7400,-453,507,-52,0
3165.0827970504765,7240,7656,11672,-298,-180,150,6636,-8636,11248,15,86,-5,-12792,3952,7588,-977,148,-112,-12904,-6712,7344,-435,509,-52,0
3165.1162099838257,7256,7684,11556,-275,-242,144,6640,-8588,11220,4,87,-273,-12952,3996,7436,-953,186,-201,-12948,-6864,7320,-413,261,-54,0
3165.1495869159694,7136,7716,11592,-314,-259,157,6848,-8520,11100,-38,77,-294,-12652,3992,7448,-930,232,-195,-12924,-6912,7356,-421,278,-55,0
3165.1832880973816,7172,7772,11664,-343,-278,155,6840,-8372,11028,-16,91,-311,-12764,3976,7564,-953,207,-202,-12896,-6628,7256,-436,267,-103,0
3165.216908931732,7348,7616,11288,-289,-265,138,6628,-8516,10940,52,109,-303,-12708,3980,7656,-982,162,-189,-12824,-6604,7196,-462,245,-98,0
3165.25040102005,7180,7436,11620,-229,-244,153,6584,-8568,11128,71,78,-292,-12664,3968,7776,-1004,136,-163,-12884,-6668,7148,-477,244,-71,0
3165.2838571071625,7292,7608,11652,-240,-244,170,6428,-8640,11300,95,100,-239,-12728,3928,7636,-1081,176,-150,-12968,-6568,7448,-522,232,-107,0
3165.317300081253,7240,7648,11424,-223,-161,165,6580,-8628,11124,72,97,-182,-12792,4000,7548,-1072,231,-90,-12960,-6540,7232,-510,127,-18,0
3165.350688934326,7304,7592,11912,-205,-177,208,6564,-8580,11340,82,71,-142,-12800,4020,7328,-1087,213,-56,-12788,-6556,7272,-568,168,-19,0
3165.383777141571,7192,7644,11504,-213,-173,240,6588,-8480,11112,48,21,-135,-12784,4056,7192,-1075,220,-58,-12904,-6720,7352,-768,89,-32,0
3165.4173679351807,7224,7532,11528,-192,-124,223,6724,-8664,11108,5,51,-131,-12796,4040,7428,-1264,172,-60,-12904,-6680,7212,-259,108,-71,0
3165.450917005539,7248,7568,11496,-207,-131,179,6764,-8524,11148,-63,125,-146,-13048,3960,7540,-981,108,-99,-12844,-6544,7280,-485,152,-106,0
3165.4844059944153,7376,7524,11392,-208,-101,123,6792,-8500,11284,-67,166,-169,-12832,3952,7480,-997,67,-58,-12868,-6592,6920,-492,89,-162,0
3165.517771959305,7372,7636,11476,-153,-251,62,6716,-8232,11292,-62,184,-143,-12580,3936,7436,-996,52,-253,-12896,-6412,7288,-439,61,-194,0
3165.551236152649,7416,7572,11312,-179,81,50,6768,-8212,11224,-66,191,-130,-12800,3924,7448,-1045,38,-21,-12860,-6704,7236,-465,80,-213,0
3165.5847821235657,7452,7700,11608,-178,118,28,6740,-8568,11292,-86,218,-152,-12688,3992,7676,-991,-25,-30,-12852,-6640,7168,-467,74,-207,0
3165.618374109268,7268,7860,11508,-152,155,40,6672,-8508,11312,-118,115,-152,-12736,3932,7548,-983,28,-40,-12948,-6424,7240,-470,123,-158,0
3165.6516020298004,7312,7640,11660,-156,124,66,6900,-8588,11012,-94,143,-177,-12792,3992,7432,-959,43,-36,-12604,-6416,7380,-459,147,-148,0
3165.6852300167084,7176,7552,11736,-113,83,95,6872,-8576,11404,-89,113,-154,-12640,4064,7496,-981,47,-244,-12968,-6648,7360,-496,105,-150,0
3165.718626976013,7224,7648,11568,-137,23,76,6528,-8544,11260,-73,154,-132,-12800,4256,7632,-964,58,-32,-12928,-6620,7344,-478,101,-150,0
3165.751955986023,7236,7600,11704,-162,87,81,6524,-8628,11248,-68,164,-125,-12788,4084,7684,-998,44,240,-12816,-6608,7344,-512,98,-144,0
3165.7855100631714,7196,7912,11644,-150,23,79,6840,-8824,11488,-37,183,-118,-12752,4088,7516,-1004,21,2,-12848,-6576,7308,-507,99,-163,0
3165.8192870616913,7420,7464,11488,-125,-255,109,6648,-8488,11092,-49,130,-124,-12764,3976,7588,-1019,59,-253,-12876,-6768,7240,-489,102,-132,0
3165.852900981903,7172,7640,11640,-132,13,106,6848,-8548,11280,-127,156,-138,-12708,3944,7480,-971,64,-16,-12844,-6608,7272,-525,75,-159,0
3165.8861570358276,7004,7624,11732,-122,-249,101,6680,-8592,11120,-47,140,-111,-12612,4000,7836,-779,93,-62,-12984,-6908,7272,-507,81,-164,0
3165.9199080467224,7356,7772,11596,-161,254,106,6680,-8500,11152,13,161,-126,-12716,3880,7748,-985,118,-77,-12604,-6740,7188,-438,134,-112,0
3165.9560520648956,7116,7632,11632,-231,-53,108,6612,-8620,11228,249,128,-199,-12712,3992,7564,-982,63,-139,-12828,-6692,7180,-443,181,-86,0
3165.9918320178986,7184,7444,11924,-190,-130,134,6648,-8516,11376,-51,121,-200,-12764,4024,7684,-974,82,-97,-12552,-6672,7264,-484,153,-133,0
3166.027745008468,7160,7624,11460,-202,-78,94,6612,-8440,11204,-72,135,-164,-12632,4040,7624,-988,104,-56,-12704,-6640,7032,-507,131,-139,0
3166.063266992569,7096,7636,11264,-197,-102,115,6560,-8480,11156,5,173,-199,-12560,3948,7740,-1023,101,-96,-12820,-6620,7332,-491,155,-105,0
3166.098372936249,7064,7652,11620,-164,-51,94,6880,-8572,11264,5,194,-189,-12724,4072,7868,-1014,79,-72,-12940,-6908,7460,-499,182,-133,0
3166.133826971054,7268,7660,11628,-148,-81,63,6664,-8688,11256,-38,180,-188,-13020,4024,7684,-978,61,-107,-12840,-6544,7272,-493,179,-127,0
3166.1701390743256,7144,7628,11520,-154,-122,107,6660,-8748,11112,-46,134,-211,-12720,3844,7540,-971,109,-110,-12884,-6512,7160,-479,184,-99,0
3166.205547094345,7292,7572,11756,-161,-115,137,6892,-8632,11184,-23,118,-187,-12560,4092,7608,-992,112,-77,-12812,-6600,7276,-507,187,-86,0
3166.2409579753876,7328,7612,11576,-185,-130,169,6736,-8580,11184,7,103,-172,-12800,3980,7572,-1072,163,-37,-12880,-6872,7348,-523,142,-86,0
3166.2773151397705,7420,7588,11676,-167,-83,167,6708,-8540,11252,255,129,-134,-12752,4016,7836,-1011,123,-73,-12884,-6616,7376,-498,115,-81,0
3166.3125519752502,7364,7640,11616,-209,-82,153,6616,-8516,11180,-22,170,-144,-12776,3900,7632,-1025,78,-66,-12964,-6636,7400,-498,143,-126,0
3166.348268032074,7180,7724,11528,-218,-122,77,6640,-8540,11192,-28,178,-205,-12724,3940,7700,-1015,76,-76,-12760,-6884,7380,-472,177,-163,0
3166.3832480907445,7232,7888,11588,-191,-165,72,6644,-8648,11336,-3,174,-246,-12760,3988,7500,-969,102,-144,-12864,-6660,7272,-473,162,-122,0
3166.418885946274,7216,7904,11760,-156,-144,105,6612,-8568,11028,-34,129,-219,-12632,4000,7560,-1005,142,-79,-13008,-6716,7276,-473,176,-107,0
3166.4542779922485,7156,7676,11512,-172,-121,103,6724,-8468,11360,-31,158,-190,-12732,3984,7672,-1013,149,-90,-12900,-6660,7360,-429,151,-89,0
3166.490464925766,7196,7592,11584,-225,-129,95,6428,-8468,11348,-49,131,-191,-12680,3928,7660,-1008,131,-45,-12876,-6580,7200,-476,137,-144,0
3166.5258679389954,7264,7580,11544,-185,-63,98,6680,-8504,11212,-46,138,-172,-12788,3948,7640,-1280,123,-27,-12908,-6584,7228,-507,81,-141,0
3166.561304092407,7232,7664,11464,-132,-22,86,6684,-8604,11296,-15,148,-147,-12804,4056,7500,-1060,90,-52,-12892,-6504,7176,-523,101,-139,0
3166.6018490791325,7240,7584,11740,-144,-13,101,6672,-8568,11260,18,135,-108,-12732,4052,7564,-1090,83,-44,-13028,-6620,7328,-528,81,-164,0
3166.6354970932007,7216,7540,11592,-124,-7,94,6668,-8528,11160,-23,166,-140,-12664,4272,7660,-1040,91,-27,-12816,-6628,7320,-501,79,-126,0
3166.6691920757294,7212,7632,11684,-127,-34,102,6588,-8600,11280,-43,134,-184,-12784,4016,7572,-1032,95,-4,-12816,-6616,7372,-485,85,-143,0
3166.7027521133423,7244,7676,11488,-129,-46,82,6704,-8632,11160,-68,144,-164,-12952,4308,7468,-1036,120,-35,-12960,-6576,7408,-461,74,-157,0
3166.7362139225006,7212,7624,11520,-162,-10,64,6652,-8632,11244,-23,178,-127,-12772,4136,7360,-1031,19,-50,-12756,-6636,7420,-504,101,-179,0
3166.769706964493,7188,7576,11480,-164,-255,75,6888,-8556,11176,-35,183,-137,-12676,4016,7728,-1072,26,-59,-12580,-6688,7336,-495,67,-155,0
3166.803472995758,7048,7684,11616,-100,53,31,6616,-8592,11496,-65,208,-157,-12644,3960,7856,-999,34,-54,-12868,-6864,7324,-766,113,-189,0
3166.8370790481567,7064,7756,11720,-140,-47,18,6492,-8564,11152,-39,186,-218,-12684,3920,7660,-976,53,-86,-12764,-6620,7164,-450,152,-168,0
3166.870579004288,7136,7724,11584,-143,-60,42,6560,-8564,11284,-55,183,-207,-12776,4336,7616,-993,7,-55,-12804,-6476,7236,-459,148,-154,0
3166.9036540985107,7080,7712,11592,-172,-64,53,6612,-8596,11464,-30,176,-190,-12788,4064,7680,-1006,25,-104,-12796,-6708,7368,-470,111,-169,0
3166.937269926071,7116,7788,11448,-144,-47,61,6572,-8548,11240,-86,205,-149,-12772,3944,7528,-989,41,-55,-12920,-6744,7312,-511,98,-184,0
3166.9708499908447,7108,7772,11592,-159,-32,19,6624,-8484,11284,-65,185,-169,-12692,4028,7680,-1003,87,-14,-13052,-6676,7356,-503,48,-171,0
3167.0047039985657,7160,7668,11568,-142,-7,52,6548,-8548,11200,-12,168,-129,-12616,4064,7624,-998,36,-62,-12968,-6876,7304,-458,113,-147,0
3167.0382819175725,7196,7580,11444,-194,-33,116,6404,-8708,11148,-18,138,-183,-12668,4092,7540,-1012,77,-68,-12572,-6440,7240,-473,110,-149,0
3167.0718071460724,7216,7588,11540,-184,-62,111,6568,-8652,11216,-78,99,-173,-12568,4312,7548,-991,109,-91,-12972,-6632,7280,-473,156,-133,0
3167.105412006378,7216,7696,11600,-173,-53,106,6568,-8572,11444,-48,121,-164,-12756,4060,7692,-1007,91,-49,-12640,-6676,7396,-460,126,-148,0
3167.138822078705,7116,7696,11820,-172,-47,86,6628,-8660,11012,-11,160,-183,-12776,4108,7652,-1276,59,-54,-12852,-6600,7244,-476,173,-137,0
3167.1723930835724,6920,7768,11996,-240,-59,132,6544,-8724,11420,14,177,-209,-12696,4108,7716,-986,119,-76,-12876,-6752,7352,-442,201,-69,0
3167.205976009369,7032,7852,11960,-293,-191,146,6580,-8660,11348,11,114,-246,-12668,4040,7628,-992,168,-153,-13028,-6784,7252,-437,229,-45,0
3167.2397980690002,7020,7824,11660,-215,-210,131,6520,-8624,11224,-49,85,-273,-12780,3980,7620,-963,140,-179,-12648,-6704,7492,-490,218,-81,0
3167.2734069824214,7208,7728,11692,-202,-208,134,6572,-8528,11104,-21,98,-512,-12556,4032,7568,-971,158,-196,-12748,-6700,7300,-258,218,-61,0
3167.3073160648346,7308,7640,11540,-208,-199,141,6544,-8544,11152,23,99,-268,-12592,4000,7452,-992,194,-205,-12648,-6676,7512,-470,247,-62,0
3167.340887069702,7132,7440,11752,-3,-223,168,6600,-8556,11312,35,77,-258,-12820,4032,7612,-997,215,-160,-12568,-6696,7404,-449,228,-16,0
3167.374433040619,7256,7732,11296,-251,-202,192,6640,-8508,11144,18,90,-227,-13052,4072,7532,-997,221,-84,-12912,-6912,7280,-260,195,-32,0
3167.4077639579773,7340,7772,11632,-301,-173,186,6656,-8588,11060,15,62,-225,-12784,4084,7536,-1063,194,-136,-13048,-6652,7340,-766,238,-27,0
3167.441118955612,7328,7632,11592,-248,-211,207,6672,-8488,11276,33,35,-225,-12820,3944,7560,-1029,234,-137,-12940,-6720,7284,-500,183,-42,0
3167.4746170043945,7420,7532,11608,-202,-200,203,6892,-8476,11260,8,80,-205,-12816,3896,7424,-1036,264,-111,-12912,-6416,7304,-462,155,-34,0
3167.508146047592,7228,7676,11668,-275,-181,148,6732,-8580,11464,15,87,-212,-12764,4060,7584,-985,150,-72,-12840,-6504,7480,-437,201,-68,0
3167.541881084442,7384,7544,11556,-288,-152,155,6880,-8560,11096,23,134,-186,-12768,3980,7604,-1033,153,-94,-12864,-6608,7168,-457,128,-74,0
3167.5755429267883,7264,7564,11624,-242,-125,174,6488,-8512,11252,55,114,-186,-12828,4096,7604,-1047,170,-78,-12916,-6616,7300,-449,114,-71,0
3167.609085083008,7236,7680,11620,-249,-161,151,6540,-8548,11248,34,122,-194,-12772,4040,7708,-1005,112,-126,-13036,-6408,7248,-473,165,-85,0
3167.6455111503606,7164,7564,11528,-246,-190,152,6588,-8588,11172,-22,130,-240,-12572,3924,7564,-992,156,-101,-12828,-6456,7388,-500,196,-90,0
3167.680915117264,7168,7536,11504,-183,-237,153,6632,-8492,11088,18,79,-274,-12768,4024,7544,-994,168,-182,-12836,-6520,7328,-472,267,-54,0
3167.7160789966583,7016,7580,11460,-195,-226,185,6400,-8576,11120,-15,42,-503,-12748,3904,7432,-990,184,-112,-12936,-6616,7284,-464,225,-51,0
3167.7521409988403,7384,7580,11472,-243,-225,154,6776,-8476,11140,-18,58,-241,-12560,3940,7476,-963,189,-133,-12856,-6612,7272,-464,175,-99,0
3167.7882471084595,7364,7604,11536,-207,-106,130,6748,-8540,11448,-28,97,-235,-12820,3888,7488,-973,133,-117,-12892,-6536,7260,-506,193,-104,0
3167.823544025421,7400,7572,11684,-189,-137,82,6828,-8564,11180,-248,93,-198,-12888,4016,7168,-1005,116,-77,-12912,-6576,7236,-488,163,-118,0
3167.859638929367,7316,7620,11316,-177,-89,79,6792,-8388,11112,-67,123,-178,-12820,3984,7436,-1013,98,-79,-12940,-6576,6924,-498,108,-176,0
3167.8944380283356,7312,7612,11532,-183,-14,69,6668,-8504,11164,-75,184,-154,-12864,4088,7520,-1014,93,-21,-13040,-6832,7376,-508,78,-188,0
3167.930387020111,7308,7672,11372,-177,24,52,6708,-8460,11164,-53,186,-166,-12728,3948,7556,-1052,50,-66,-12960,-6620,7344,-486,94,-182,0
3167.965507030487,7336,7544,11664,-178,3,78,6664,-8484,11240,-26,235,-178,-12568,3920,7428,-1070,91,-42,-12868,-6416,7348,-472,72,-165,0
3168.0010421276093,7280,7608,11624,-157,255,52,6624,-8620,11216,-79,192,-181,-12568,3936,7556,-958,55,-41,-12844,-6640,7276,-467,104,-148,0
3168.0372109413147,7284,7636,11716,-141,-253,49,6804,-8496,11264,-94,177,-149,-12720,4000,7536,-1003,63,-39,-12780,-6496,7384,-481,100,-155,0
3168.0723140239716,7256,7576,11636,-128,250,72,6648,-8556,11196,-41,135,-130,-12736,4024,7508,-1040,44,-72,-13056,-6728,7192,-544,114,-180,0
3168.1075229644775,7324,7620,11656,-100,51,90,6416,-8696,11224,-38,165,-138,-12568,4012,7820,-1048,27,-38,-12568,-6540,7368,-548,86,-195,0
3168.143499135971,7276,7572,11604,-112,41,51,6696,-8632,11140,-68,187,-80,-12832,3952,7412,-994,15,250,-12912,-6448,7396,-525,66,-169,0
3168.1793191432953,7216,7424,11616,-127,87,52,6556,-8584,11104,-37,205,-102,-12740,3932,7524,-987,35,-36,-12912,-6608,7424,-497,35,-173,0
3168.214998960495,7192,7560,11332,-134,48,74,6756,-8616,11172,-104,163,-111,-12820,3932,7616,-1008,44,35,-12856,-6892,7252,-498,62,-166,0
3168.2506370544434,7196,7608,11616,-114,54,94,6628,-8508,11224,-72,152,-123,-12856,3888,7416,-1002,48,-32,-12884,-6680,7336,-502,30,-187,0
3168.287230014801,7196,7724,11636,-164,23,75,6696,-8412,11192,-103,199,-142,-12720,3940,7720,-961,8,3,-12808,-6632,7392,-481,68,-179,0
3168.320753097534,7220,7672,11556,-129,18,53,6872,-8692,11492,-82,192,-149,-12988,4072,7476,-974,12,-10,-12820,-6724,7300,-478,104,-206,0
3168.3539929389954,7168,7692,11552,-121,-38,33,6640,-8500,11272,-35,201,-180,-12716,3928,7608,-1279,37,-61,-13056,-6424,7396,-494,107,-161,0
3168.3875050544734,7224,7732,11464,-120,-8,33,6536,-8564,11364,-50,188,-169,-12668,4008,7444,-991,-20,-63,-12608,-6660,7376,-504,93,-184,0
3168.421077013016,7128,7708,11608,-120,-42,64,6564,-8596,11188,-18,185,-150,-12680,4076,7688,-992,41,-23,-12844,-6820,7372,-486,77,-150,0
3168.454297065735,7128,7696,11776,-134,12,81,6600,-8544,11164,-52,146,-125,-12788,4008,7456,-1036,97,-256,-12584,-6516,7552,-483,59,-166,0
3168.4879200458527,7200,7648,11544,-172,16,106,6576,-8564,11340,-49,127,-126,-12824,3844,7920,-1011,94,-26,-13028,-6700,7488,-490,91,-109,0
3168.521618127823,7204,7896,11764,-166,-40,115,6592,-8532,11316,-52,119,-149,-12708,4040,7520,-1033,87,-52,-12888,-6444,7360,-516,87,-126,0
3168.554991006851,7200,7640,11628,-151,-50,104,6588,-8572,11192,-102,149,-133,-12776,4028,7600,-982,73,-50,-12808,-6732,7320,-494,112,-162,0
3168.58855009079,7116,7556,11636,-152,-32,85,6880,-8584,11332,-75,156,-167,-12780,4020,7640,-1001,35,-39,-12844,-6612,7348,-474,116,-164,0
3168.6220121383667,7232,7932,11612,-181,-63,81,6532,-8612,11224,-34,158,-147,-12632,4044,7756,-993,51,-38,-12752,-6704,7312,-473,108,-138,0
3168.6551671028137,7256,7668,11584,-172,-21,81,6592,-8588,11096,-27,175,-153,-12732,4052,7600,-1014,61,-76,-12728,-6796,7280,-468,122,-146,0
3168.6887719631195,7188,7624,11812,-163,-57,74,6500,-8616,11144,-22,141,-199,-12712,4032,7604,-1009,91,-82,-12800,-6652,7320,-449,134,-152,0
3168.7224380970006,7236,7916,11576,-192,-62,101,6612,-8480,11444,-52,168,-183,-12664,4044,7828,-976,93,-8,-12908,-6724,7328,-466,132,-110,0
3168.7557599544525,7248,7492,11600,-239,-65,137,6548,-8668,11320,-38,197,-164,-12696,4008,7752,-1003,61,-56,-12748,-6628,7452,-479,152,-89,0
3168.78950715065,7088,7728,11948,-268,-145,154,6576,-8540,11184,41,142,-206,-12592,3844,7704,-770,121,-146,-12732,-6820,7364,-486,164,-44,0
3168.8229389190674,7372,7716,11592,-173,-135,145,6604,-8564,11348,-30,121,-214,-12668,4060,7816,-1020,125,-136,-13016,-6772,7648,-530,171,-100,0
3168.8564231395726,7052,7800,11692,-195,-151,138,6484,-8572,11468,-37,149,-232,-12528,4016,7696,-982,156,-114,-12724,-6624,7448,-464,207,-61,0
3168.8896429538727,7124,7588,11608,-248,-142,139,6532,-8616,10972,-21,94,-200,-12628,4276,7564,-987,153,-117,-12724,-6628,7564,-479,202,-47,0
3168.9232361316685,7228,7448,11532,-258,-164,180,6560,-8580,11120,17,104,-202,-12956,3992,7668,-980,240,-164,-12920,-6648,7392,-411,162,-29,0
3168.9561569690704,7268,7716,11732,-290,-131,175,6552,-8456,11468,-251,99,-205,-12876,4140,7632,-1270,193,-157,-12876,-6652,7344,-432,180,-35,0
3168.9898040294647,7188,7656,11736,-273,-155,175,6644,-8720,11140,-7,102,-198,-12804,4016,7764,-1013,171,-106,-12568,-6564,7348,-491,209,-22,0
3169.023400068283,7292,7556,11704,-224,-166,173,6600,-8608,11176,1,79,-209,-13016,4064,7588,-1011,177,-101,-12844,-6896,7368,-486,203,-31,0
3169.0569310188293,7332,7652,11692,-239,-217,177,6404,-8576,11452,40,77,-241,-12552,4028,7488,-1064,212,-137,-12904,-6672,7172,-489,222,-58,0
3169.0905139446254,7300,7624,11264,-225,-208,201,6624,-8620,11332,24,45,-246,-12728,4024,7424,-775,202,-138,-12628,-6856,7300,-487,210,-33,0
3169.1239709854126,7276,7652,11632,-224,-199,191,6664,-8532,11272,23,55,-241,-12780,3980,7640,-1005,192,-113,-12876,-6856,7316,-460,186,-49,0
3169.1576220989227,7072,7616,11568,-248,-153,190,6640,-8508,11272,43,101,-216,-12708,4060,7764,-1038,198,-74,-12868,-6540,7420,-476,190,-39,0
3169.1912231445312,7400,7548,11600,-231,-197,181,6640,-8500,11304,15,96,-207,-12728,4016,7480,-1037,175,-90,-12848,-6652,7260,-466,193,-43,0
3169.224774122238,7252,7608,11748,-244,-180,208,6500,-8208,11304,5,63,-201,-12932,3920,7460,-773,229,-124,-12848,-6660,7328,-459,145,-30,0
3169.2581090927124,7356,7604,11492,-209,-173,165,6440,-8540,11328,-33,54,-210,-12860,4328,7628,-997,148,-105,-12852,-6588,7380,-501,172,-85,0
3169.2917540073395,7320,7572,11508,-221,-167,167,6628,-8504,11252,26,110,-183,-12708,3976,7484,-1060,156,-94,-12936,-6616,7332,-483,173,-68,0
3169.328110933304,7212,7720,11540,-190,-103,182,6652,-8508,11272,28,73,-190,-12636,3996,7564,-1003,168,-122,-12700,-6680,7188,-488,165,-74,0
3169.3634829521175,7372,7544,11720,-178,-115,135,6860,-8628,11496,7,118,-231,-12760,4016,7516,-1004,123,-126,-12932,-6404,7196,-525,207,-99,0
3169.399889945984,7272,7560,11560,-175,-148,138,6824,-8456,11268,-29,95,-202,-12760,4048,7512,-989,120,-67,-12884,-6560,7248,-491,137,-94,0
3169.434910058975,7356,7620,11520,-187,-65,155,6672,-8444,11240,-33,98,-142,-12564,3944,7192,-1029,160,-12,-12612,-6548,7252,-493,57,-109,0
3169.470374107361,7248,7532,11460,-158,27,124,6636,-8476,11280,-67,111,-104,-12964,3948,7464,-1066,178,-253,-12868,-6620,7308,-520,55,-137,0
3169.505686044693,7248,7556,11596,-172,39,111,6716,-8596,11476,-42,136,-124,-13040,4020,7480,-1064,133,241,-12824,-6652,7336,-276,77,-146,0
3169.5412509441376,7268,7584,11588,-133,14,73,6404,-8532,11116,-58,173,-152,-12756,4004,7544,-1015,79,-11,-12812,-6896,7308,-488,126,-152,0
3169.577623128891,7280,7604,11680,-96,-254,54,6700,-8528,11088,-38,161,-186,-12808,4000,7612,-1008,48,-61,-12944,-6632,7384,-502,159,-173,0
3169.6127870082855,7188,7580,11644,-146,-49,53,6676,-8584,11128,-58,154,-159,-12736,3984,7664,-1020,87,-69,-12848,-6896,7308,-483,141,-158,0
3169.6485800743103,7264,7472,11724,-116,-36,73,6560,-8520,11168,-59,116,-178,-12868,4080,7504,-1027,84,-48,-12896,-6660,7384,-468,139,-151,0
3169.683851003647,7360,7640,11748,-150,-14,94,6624,-8576,11396,-52,146,-138,-12764,3940,7568,-1001,74,-62,-12740,-6676,7268,-474,92,-150,0
3169.7193989753723,7316,7604,11612,-130,27,82,6664,-8496,11244,-88,163,-130,-12808,4044,7904,-987,35,-43,-12896,-6608,7244,-501,82,-133,0
3169.7550749778748,7340,7916,11656,-137,11,99,6616,-8564,11228,-95,158,-146,-12764,4008,7544,-1005,78,-75,-13052,-6596,7344,-501,131,-121,0
3169.790813922882,7248,7684,11712,-150,-30,85,6656,-8532,11244,-71,142,-168,-12716,3904,7448,-975,52,-23,-12860,-6660,7336,-472,123,-136,0
3169.826000928879,7272,7636,11664,-144,-47,72,6420,-8484,11128,-85,160,-181,-12996,3968,7652,-926,-244,-83,-12864,-6644,7400,-488,117,-164,0
3169.8618290424347,7284,7664,11624,-115,-41,57,6776,-8532,11460,-38,140,-180,-12856,3968,7712,-1013,44,-53,-12916,-6672,7348,-509,137,-151,0
3169.897603034973,7348,7660,11724,-101,-43,75,6640,-8488,11152,-67,142,-137,-13028,4060,7380,-1006,82,-54,-12872,-6704,7336,-478,100,-113,0
3169.9325020313263,7164,7684,11552,-117,-19,113,6584,-8452,11064,-61,119,-129,-12660,3988,7616,-1001,92,-16,-12572,-6624,7284,-461,92,-104,0
3169.969071149826,7336,7632,11724,-137,-36,105,6616,-8600,11116,-57,135,-155,-12748,4072,7484,-1009,102,-22,-12864,-6472,7228,-474,75,-136,0
3170.002567052841,7348,7572,11640,-158,-24,129,6584,-8560,11244,-93,129,-124,-12768,3844,7552,-983,63,231,-12740,-6620,7360,-467,86,-144,0
3170.0359549522404,7232,7460,11648,-163,-54,74,6640,-8588,11192,-71,139,-160,-12848,3904,7676,-977,75,-29,-12896,-6608,7288,-457,112,-133,0
3170.0696661472325,7388,7560,11564,-162,-29,96,6760,-8556,11252,-35,166,-170,-12784,3968,7928,-988,63,-34,-12816,-6776,7384,-494,136,-167,0
3170.1032390594482,7244,7424,11500,-157,-48,56,6692,-8500,11252,-27,171,-189,-12712,4116,7580,-1011,65,-58,-12700,-6672,7344,-478,140,-180,0
3170.1367609500885,7244,7556,11604,-158,-95,53,6612,-8556,11420,-29,165,-215,-12668,4068,7704,-1003,49,-130,-12796,-6644,7360,-483,165,-178,0
3170.170506000519,7220,7692,11648,-176,-69,84,6628,-8624,11168,-21,144,-185,-12784,3872,7788,-995,86,-92,-12804,-6640,7468,-458,113,-117,0
3170.2040390968323,7296,7668,11576,-156,-26,85,6724,-8584,11192,-50,162,-198,-12772,4084,7488,-982,83,-30,-12892,-6656,7380,-466,110,-118,0
3170.237515926361,7212,7632,11892,-280,-42,71,6616,-8564,11092,21,204,-159,-12760,4120,7644,-1051,67,-15,-12808,-6740,7420,-489,174,-110,0
3170.2711369991302,7188,7748,11756,-247,-58,141,6444,-8508,11128,33,150,-165,-12688,3900,7636,-1035,127,-79,-12796,-6724,7304,-471,153,-49,0
3170.3048520088196,7412,7756,11964,-212,-148,127,6420,-8576,11396,-36,123,-170,-12800,4052,7648,-1034,140,-109,-12856,-6704,7336,-522,199,-62,0
3170.338156938553,7388,7840,11328,-213,-146,143,6584,-8516,11236,4,104,-199,-12740,3976,7656,-986,143,-118,-12832,-6592,7628,-490,212,-68,0
3170.3717410564423,7192,7868,11660,-205,-164,174,6612,-8564,11404,-23,86,-196,-12660,4040,7492,-985,139,-129,-12764,-6664,7304,-442,188,-46,0
3170.404979944229,7124,7464,11596,-512,-129,180,6608,-8420,11152,-6,113,-184,-12724,4016,7648,-787,311,-59,-12720,-6644,7396,-452,150,-73,0
3170.4382939338684,7272,7736,11488,-304,-157,145,6572,-8540,11328,-11,127,-198,-12636,3968,7560,-989,160,-115,-12852,-6696,7436,-445,159,-70,0
3170.4716689586644,7232,7640,11672,-283,-104,131,6640,-8568,11448,4,151,-191,-12688,3920,7712,-1006,149,-127,-12864,-6636,7312,-465,187,-45,0
3170.5049989223485,7316,7568,11664,-243,-179,144,6612,-8564,11008,32,73,-235,-12744,4060,7600,-995,166,-98,-12784,-6588,7472,-474,236,-23,0
3170.5386340618134,7316,7604,11700,-218,-184,190,6688,-8536,11272,14,74,-252,-12728,3952,7592,-981,175,-147,-12856,-6556,7316,-475,250,-17,0
3170.5720031261444,7328,7528,11716,-214,-223,187,6688,-8560,11328,8,62,-235,-12768,4028,7544,-1278,198,-141,-12860,-6592,7288,-474,217,-52,0
3170.6054999828334,7416,7516,11688,-244,-136,184,6696,-8568,11440,14,86,-207,-12816,4092,7660,-1040,183,-108,-12920,-6540,7356,-495,168,-37,0
3170.6391050815582,7320,7556,11632,-212,-131,178,6748,-8548,11068,38,111,-175,-12796,4112,7420,-1002,150,-124,-12660,-6636,7272,-478,151,-57,0
3170.672621011734,7192,7672,11652,-244,-128,184,6744,-8508,11132,35,87,-197,-12728,4040,7460,-1052,177,-70,-12876,-6856,7208,-474,163,-71,0
3170.7061841487885,6960,7584,11264,-253,-161,143,6676,-8496,11020,-24,136,-196,-12688,3952,7520,-1021,153,-103,-12824,-6600,7268,-480,155,-109,0
3170.7397100925446,7236,7648,11576,-502,-188,122,6696,-8512,11232,-21,130,-225,-12548,3876,7648,-1002,93,-146,-12620,-6536,7284,-493,187,-77,0
3170.773124933243,7292,7528,11736,-214,-140,126,6688,-8540,11212,21,157,-226,-12708,4004,7472,-1022,108,-110,-12764,-6580,7248,-765,207,-97,0
3170.8067770004272,7264,7528,11712,-198,-124,98,6896,-8228,11240,-254,142,-212,-12728,3856,7516,-1038,79,-92,-12808,-6640,7204,-523,179,-122,0
3170.840152025223,7260,7556,11468,-191,-96,101,6756,-8484,11100,-8,140,-206,-12852,3920,7572,-986,61,-92,-12896,-6672,7268,-517,184,-143,0
3170.873708963394,7412,7468,11368,-168,-41,68,6656,-8452,11188,-41,153,-179,-12768,4068,7424,-974,69,-62,-12896,-6540,7256,-479,84,-144,0
3170.9071929454803,7364,7484,11692,-176,5,89,6696,-8532,11232,-78,194,-152,-12836,4072,7672,-1270,62,-36,-12916,-6600,7344,-508,90,-152,0
3170.940628051758,7420,7504,11556,-192,-13,91,6692,-8504,11432,-22,138,-132,-12792,3984,7428,-779,80,-30,-12844,-6620,7292,-450,92,-175,0
3170.973895072937,7356,7584,11704,-159,47,92,6768,-8520,11364,-44,187,-143,-12868,3904,7676,-1002,58,-8,-12920,-6724,7300,-507,100,-168,0
3171.011290073395,7332,7596,11760,-145,-254,19,6716,-8488,11308,-86,235,-149,-12708,4032,7740,-963,21,-39,-13040,-6508,7420,-259,127,-171,0
3171.0470860004425,7272,7552,11704,-163,33,50,6428,-8532,11060,-51,179,-122,-12740,3984,7528,-996,-255,-25,-12940,-6600,7392,-454,72,-193,0
3171.0822920799255,7292,7620,11648,-146,39,47,6592,-8464,11240,-67,197,-95,-12792,4112,7532,-1016,19,-39,-12840,-6668,7436,-488,19,-162,0
3171.117434978485,7276,7592,11732,-158,43,81,6440,-8468,11396,-58,180,-101,-12584,4052,7236,-1007,34,27,-12764,-6644,7372,-494,44,-189,0
3171.1532099246974,6952,7664,11724,-156,11,32,6632,-8560,11208,-85,191,-139,-12708,4012,7552,-1003,22,-37,-12760,-6612,7404,-495,96,-183,0
3171.1887509822845,7032,7500,11600,-110,-27,62,6600,-8504,11264,-49,142,-180,-12752,4280,7608,-987,42,-49,-12816,-6728,7236,-494,115,-188,0
3171.22386097908,7268,7536,11568,-126,-21,42,6660,-8580,11168,-34,161,-173,-12696,3944,7664,-977,49,-75,-12596,-6532,7392,-758,137,-164,0
3171.2592680454254,7172,7612,11700,-108,-67,62,6716,-8456,11172,-75,170,-186,-12656,4060,7556,-983,35,-32,-12764,-6448,7296,-484,141,-153,0
3171.2950160503387,7388,7660,11600,-156,-45,68,6596,-8596,11204,-40,162,-150,-12660,4092,7748,-1009,99,-32,-12908,-6704,7196,-478,85,-164,0
3171.3311889171605,7296,7536,11644,-161,-8,82,6616,-8564,11456,-59,155,-113,-12816,4016,7576,-970,33,-44,-13032,-6544,7224,-485,92,-166,0
3171.3663671016693,7248,7500,11560,-142,11,62,6536,-8488,11164,-79,198,-143,-12628,3972,7652,-989,53,7,-12840,-6416,7240,-481,83,-183,0
3171.4025089740753,7248,7692,11612,-159,-27,13,6568,-8508,11228,-86,202,-143,-12680,3944,7580,-967,19,-20,-12756,-6676,7276,-499,88,-170,0
3171.4382140636444,7208,7544,11668,-145,-21,25,6428,-8596,11296,-81,210,-151,-12772,4060,7544,-974,51,-41,-12844,-6732,7292,-484,74,-178,0
3171.473634958267,7240,7644,11644,-164,-21,35,6604,-8636,11248,-55,201,-174,-12740,4012,7716,-996,71,-43,-12556,-6840,7236,-480,107,-171,0
3171.509696960449,7180,7652,11600,-170,-24,59,6500,-8580,11080,-19,202,-163,-12668,3860,7928,-998,51,-119,-12764,-6772,7368,-485,122,-176,0
3171.544948101044,7288,7544,11704,-168,-31,47,6580,-8560,11256,-37,163,-181,-12688,4012,7592,-990,100,-40,-12700,-6628,7288,-467,106,-118,0
3171.580737113952,7204,7644,11720,-183,-34,81,6556,-8672,11244,-82,170,-181,-12788,4216,7504,-1019,55,-67,-12812,-6612,7312,-260,153,-185,0
3171.620017051697,7152,7544,11676,-165,-70,97,6676,-8588,11224,-30,136,-169,-12668,4024,7600,-1053,43,-88,-12756,-6500,7464,-474,120,-151,0
3171.6566419601445,7108,7648,11660,-161,-65,97,6552,-8548,11196,-48,139,-159,-12940,3980,7860,-1003,78,-39,-12996,-6716,7480,-492,92,-153,0
3171.6901061534886,7256,7904,11596,-171,-73,46,6612,-8596,11224,-58,151,-146,-13044,4076,7632,-971,32,-21,-12864,-6652,7344,-471,101,-164,0
3171.7237360477448,7264,7616,11616,-169,10,47,6640,-8576,11132,-12,149,-168,-12728,4076,7672,-1012,72,-73,-12768,-6596,7300,-468,116,-138,0
3171.7572660446167,6944,7616,11708,-152,-8,66,6516,-8464,11172,-50,127,-138,-12660,4032,7668,-997,80,-52,-12800,-6760,7384,-474,93,-130,0
3171.7907330989838,6928,7596,11456,-185,-13,82,6596,-8520,11176,-45,119,-171,-12732,3952,7636,-993,39,-18,-12752,-6716,7304,-469,96,-142,0
3171.824082136154,7264,7444,11548,-209,-34,90,6860,-8620,11028,-18,174,-165,-12636,4012,7708,-1001,99,-57,-12744,-6812,7544,-467,118,-122,0
3171.857614994049,7348,7664,11284,-199,-48,110,6632,-8580,11368,-21,158,-196,-12776,4024,7556,-981,89,-130,-12772,-6716,7268,-482,186,-78,0
3171.8909320831294,7168,7692,11680,-264,-93,154,6600,-8460,11316,254,150,-185,-12664,4036,7832,-1014,166,-152,-12704,-6692,7488,-483,208,-56,0
3171.924423933029,7068,7692,11772,-225,-169,152,6540,-8500,11296,-31,92,-244,-12668,4040,7864,-1038,133,-143,-12704,-6764,7248,-495,245,-48,0
3171.9580149650574,7196,7640,11896,-241,-192,166,6576,-8472,11264,21,121,-207,-12664,3984,7600,-1064,301,-75,-12812,-6736,7264,-465,200,-44,0
3171.9916529655457,7016,7888,11632,-245,-115,159,6584,-8568,11032,-4,107,-214,-12632,4116,7544,-1012,198,-114,-12548,-6660,7384,-468,205,-56,0
3172.02485203743,6984,7604,11704,-260,-139,182,6572,-8552,11228,8,116,-207,-12680,4040,7680,-1041,194,-121,-12564,-6616,7620,-476,201,-46,0
3172.058210134506,7336,7488,11624,-251,-148,182,6636,-8596,11304,2,133,-209,-12688,4068,7680,-1019,205,-136,-12784,-6876,7516,-501,213,-35,0
3172.091691970825,7248,7636,11652,-242,-154,185,6652,-8520,11064,23,89,-214,-12840,3864,7556,-1026,200,-100,-12840,-6700,7368,-475,221,-67,0
3172.125298023224,7260,7588,11732,-261,-188,196,6736,-8576,11308,36,79,-217,-12704,4064,7600,-1027,158,-105,-12816,-6592,7392,-476,226,-26,0
3172.158746004104,7380,7664,11680,-227,-199,217,6612,-8536,11288,37,63,-239,-12724,3928,7544,-1011,222,-133,-12568,-6588,7376,-496,231,-33,0
3172.1922500133514,7272,7488,11680,-203,-179,179,6416,-8540,11180,61,69,-220,-12716,3940,7644,-1038,170,-153,-12904,-6692,7432,-488,223,-21,0
3172.2255520820618,7300,7608,11328,-220,-228,220,6908,-8584,11172,41,54,-223,-13056,3992,7500,-1024,171,-131,-12780,-6532,7496,-488,223,-71,0
3172.259393930435,7228,7532,11580,-219,-168,197,6600,-8588,11424,31,85,-228,-12548,4036,7784,-1019,205,-80,-12784,-6604,7384,-478,178,-48,0
3172.2928960323334,7244,7676,11532,-239,-171,190,6676,-8564,11272,20,84,-200,-12680,4040,7656,-1039,168,-105,-12876,-6644,7436,-493,167,-56,0
3172.3265330791473,7376,7592,11716,-267,-154,185,6608,-8484,11336,41,73,-201,-12548,4024,7516,-1054,145,-129,-12852,-6412,7372,-497,187,-63,0
3172.3599610328674,7332,7616,11608,-231,-168,182,6656,-8528,11360,74,108,-227,-12752,3976,7516,-1055,166,-166,-12808,-6712,7644,-475,187,-75,0
3172.3932659626007,7204,7612,11664,-205,-184,116,6676,-8436,11400,9,115,-233,-12776,3912,7580,-1018,152,-96,-12872,-6908,7192,-474,224,-93,0
3172.426996946335,7384,7584,11576,-232,-157,127,6652,-8552,11128,44,81,-250,-12816,4048,7524,-1034,152,-111,-12924,-6576,7400,-453,204,-84,0
3172.4602830410004,7428,7512,11612,-208,-142,163,6692,-8468,11044,-8,88,-174,-12692,4044,7384,-998,169,-129,-12884,-6608,7200,-466,115,-67,0
3172.4937710762024,7228,7536,11440,-215,-150,145,6412,-8436,11056,-254,99,-181,-12720,4068,7620,-774,138,-48,-12788,-6708,7276,-452,112,-101,0
3172.526934146881,7228,7556,11672,-202,-80,126,6716,-8512,11244,-17,100,-187,-12768,3988,7512,-773,112,-23,-12988,-6900,7256,-499,113,-139,0
3172.560460090637,7304,7508,11616,-136,-57,123,6620,-8540,11008,-29,118,-144,-12856,4056,7584,-1030,65,-47,-12552,-6644,7404,-508,129,-120,0
3172.593935966492,7288,7496,11544,-147,-52,102,6644,-8476,11016,-20,157,-164,-12560,3972,7424,-1019,98,-78,-13024,-6520,7328,-510,138,-139,0
3172.6276309490204,7340,7536,11640,-185,-12,95,6664,-8488,11256,-36,117,-188,-12768,4080,7448,-775,126,-98,-12880,-6524,7244,-495,128,-106,0
3172.660952091217,7328,7608,11548,-138,-57,103,6812,-8580,11236,-85,131,-168,-12856,3920,7600,-975,91,-84,-13000,-6540,7324,-485,111,-143,0
3172.698730945587,7324,7592,11716,-173,-250,84,6628,-8492,11184,-71,129,-168,-12716,4140,7556,-1034,107,-49,-13056,-6404,7288,-497,132,-146,0
3172.7341759204865,7252,7544,11688,-133,-39,87,6600,-8528,11508,-63,151,-167,-12716,4056,7500,-1022,64,-56,-12932,-6480,7336,-517,125,-172,0
3172.7704451084137,7188,7616,11676,-142,-37,89,6628,-8552,11324,-52,171,-152,-12720,4080,7896,-1024,48,-59,-12828,-6688,7448,-502,107,-163,0
3172.8055181503296,7272,7444,11528,-164,-11,60,6712,-8700,11144,-67,174,-145,-12812,4092,7600,-972,24,-23,-12620,-6832,7472,-479,123,-171,0
3172.8412461280823,7208,7552,11816,-178,-33,31,6620,-8488,11240,-89,168,-166,-12788,4084,7532,-985,8,-75,-12824,-6592,7328,-490,119,-178,0
3172.87618803978,7240,7584,11632,-155,-28,33,6616,-8412,11368,-27,178,-161,-12832,3952,7620,-991,37,-27,-12788,-6904,7284,-504,116,-178,0
3172.911618947983,7276,7580,11888,-103,-57,53,6636,-8456,11172,-37,175,-187,-12768,3968,7636,-985,47,-64,-12856,-6660,7664,-495,137,-200,0
3172.9477109909058,7292,7692,11712,-143,-55,54,6528,-8376,11148,-53,155,-178,-12752,3996,7532,-996,129,-40,-12840,-6608,7200,-444,123,-158,0
3172.9826970100403,7336,7632,11560,-151,-22,82,6628,-8412,11324,-82,139,-172,-12764,4056,7548,-958,97,233,-12904,-6664,7292,-450,109,-123,0
3173.0181629657745,7308,7608,11764,-182,-43,70,6672,-8692,11440,-59,180,-143,-12788,3844,7592,-1006,-56,-25,-12564,-6908,7280,-755,142,-174,0
3173.0540890693665,7284,7640,11480,-122,-14,48,6588,-8464,11168,-7,145,-128,-12792,4080,7744,-996,56,-24,-12804,-6736,7344,-530,47,-186,0
3173.090022087097,7312,7596,11420,-108,-3,62,6436,-8508,11356,-61,198,-131,-12576,3984,7688,-989,255,-48,-12584,-6760,7168,-488,100,-202,0
3173.1254971027374,6964,7568,11716,-163,-8,38,6668,-8592,11068,-32,203,-149,-12628,4132,7464,-968,25,-230,-12764,-6672,7480,-477,67,-165,0
3173.1612651348114,7208,7632,11540,-131,-7,38,6412,-8496,11064,-79,194,-144,-12768,4080,7616,-999,43,-35,-12800,-6748,7356,-453,76,-145,0
3173.1961209774017,7312,7916,11556,-145,16,60,6564,-8572,11112,-62,156,-126,-12780,4064,7700,-976,48,-242,-12832,-6728,7392,-458,83,-153,0
3173.231796979904,6944,7648,11672,-155,-20,62,6628,-8504,11204,-72,158,-162,-12728,4012,7560,-969,36,-23,-12908,-6824,7468,-481,88,-188,0
3173.2676961421967,7044,7584,11652,-128,-40,44,6600,-8548,11268,-83,170,-166,-12548,4036,7624,-962,56,-27,-12656,-6688,7400,-473,130,-181,0
3173.3026471138005,7212,7568,11624,-138,-51,60,6636,-8444,11284,-39,135,-207,-12600,4004,7812,-988,99,-89,-12812,-6572,7480,-481,155,-144,0
3173.3382999897003,7204,7592,11444,-146,-41,66,6632,-8512,11260,-43,137,-204,-12716,3924,7604,-987,84,-76,-12840,-6752,7468,-453,137,-143,0
3173.371833086014,7160,7632,11760,-166,-99,53,6484,-8640,11008,-45,166,-175,-12812,4140,7648,-973,31,-85,-12868,-6636,7480,-492,129,-147,0
3173.405389070511,7180,7612,11660,-152,-41,68,6872,-8568,11260,-21,187,-173,-12688,4124,7616,-997,46,-53,-12884,-6652,7380,-470,128,-162,0
3173.4388439655304,7288,7608,11648,-146,-62,99,6600,-8496,11156,-30,162,-177,-12736,3984,7656,-1009,78,-52,-12976,-6460,7360,-479,109,-134,0
3173.4723320007324,7096,7636,11864,-175,-16,104,6432,-8520,11196,-63,142,-174,-12704,4036,7428,-976,95,-76,-12852,-6784,7424,-425,117,-118,0
3173.5055310726166,7208,7688,11584,-203,-33,85,6700,-8604,11020,-49,176,-171,-12628,4020,7624,-971,83,-60,-12952,-6704,7340,-454,141,-119,0
3173.5392010211945,7300,7672,11580,-225,-53,90,6532,-8508,11308,-18,160,-155,-12604,3920,7436,-992,109,-41,-12852,-6732,7236,-434,137,-100,0
3173.572788000107,6916,7624,11424,-235,-75,132,6628,-8700,11300,-25,158,-185,-12704,4152,7652,-1014,130,-81,-12736,-6768,7564,-438,188,-103,0
3173.6064081192017,7076,7660,11532,-212,-56,121,6456,-8592,11272,13,123,-193,-12636,4032,7556,-994,92,-136,-12792,-6848,7584,-504,219,-85,0
3173.6397609710693,7172,7520,11632,-203,-150,133,6584,-8468,11184,-22,121,-199,-12696,4040,7604,-1000,121,-126,-12812,-6688,7444,-500,226,-78,0
3173.6733379364014,7208,7572,11656,-227,-145,163,6500,-8204,11300,-32,133,-214,-12696,3992,7612,-953,146,-150,-12640,-6608,7416,-460,216,-61,0
3173.707011938095,7188,7580,11656,-255,-122,158,6472,-8520,11236,-26,136,-511,-12692,4048,7524,-998,166,-97,-12772,-6728,7472,-438,197,-34,0
3173.740622997284,7236,7664,11480,-258,-104,173,6556,-8468,11492,-18,114,-197,-12748,4284,7860,-1000,152,-78,-12952,-6492,7656,-459,181,-64,0
3173.7741940021515,7232,7544,11700,-279,-124,139,6636,-8560,11224,29,121,-181,-12704,4076,7632,-1043,126,-133,-13048,-6848,7196,-466,202,-51,0
3173.8076670169826,7372,7592,11688,-256,-132,145,6576,-8516,11228,39,109,-195,-12824,4048,7576,-1048,155,-125,-12872,-6672,7332,-479,193,-22,0
3173.841192960739,7216,7572,11680,-219,-169,128,6444,-8520,11336,0,145,-241,-12776,3968,7688,-995,130,-137,-12828,-6672,7368,-456,232,-47,0
3173.8748459815974,7292,7592,11756,-266,-180,118,6604,-8588,11196,27,151,-232,-12984,4100,7428,-1001,162,-116,-12804,-6600,7324,-461,204,-68,0
3173.9081830978394,7408,7600,11812,-240,-142,175,6692,-8524,11140,10,138,-210,-12780,4012,7592,-1034,144,-59,-12876,-6620,7316,-448,160,-48,0
3173.9417650699615,7304,7556,11436,-242,-152,174,6496,-8600,11244,36,100,-178,-12640,3980,7564,-1002,151,-66,-12752,-6608,7328,-458,94,-62,0
3173.9753761291504,7176,7596,11528,-274,-84,161,6524,-8468,11380,27,117,-169,-12588,4024,7920,-1042,199,-104,-12648,-6656,7324,-437,113,-82,0
3174.0089299678802,7204,7552,11684,-238,-97,131,6640,-8524,11248,28,106,-205,-12824,4088,7456,-1014,155,-132,-12588,-6444,7312,-479,189,-93,0
3174.0424110889435,7304,7584,11668,-222,-176,143,6608,-8480,11092,-256,108,-245,-12736,3968,7492,-1001,151,-104,-12924,-6620,7320,-456,196,-83,0
3174.0757319927216,7224,7656,11584,-209,-153,120,6456,-8560,11028,18,81,-234,-12752,4020,7568,-1022,163,-154,-12820,-6548,7436,-488,216,-100,0
3174.109384059906,7304,7536,11680,-207,-199,147,6536,-8536,11236,-27,86,-235,-12972,4056,7560,-996,117,-149,-13048,-6596,7536,-483,203,-58,0
3174.142566919327,7268,7524,11488,-200,-120,126,6676,-8408,11260,-25,104,-211,-12768,4048,7456,-1006,165,-83,-12820,-6856,7244,-496,173,-86,0
3174.1760840415955,7304,7452,11756,-158,-72,115,6700,-8544,11012,-13,105,-186,-12764,4004,7460,-1002,121,-62,-12832,-6560,7564,-484,153,-121,0
3174.2097980976105,7368,7428,11684,-139,-72,135,6708,-8396,11268,-25,136,-163,-12700,4072,7560,-1040,94,-19,-12852,-6592,7332,-481,97,-138,0
3174.243432044983,7296,7544,11516,-175,-39,80,6624,-8528,11224,-53,157,-176,-12776,4004,7512,-997,92,-59,-12796,-6692,7320,-484,114,-169,0
3174.2769031524654,7288,7600,11608,-190,-39,81,6656,-8396,11240,-60,163,-186,-12780,4016,7576,-1013,43,-35,-12872,-6672,7284,-496,117,-191,0
3174.3104770183563,7324,7628,11632,-136,-24,62,6564,-8700,11292,-29,157,-176,-12852,4004,7640,-942,84,-58,-12884,-6684,7268,-499,139,-161,0
3174.343658924103,7396,7676,11648,-137,-28,62,6720,-8556,11192,-41,168,-151,-12752,3988,7864,-1017,59,-76,-12740,-6760,7420,-494,134,-175,0
3174.3817000389095,7304,7552,11552,-127,-41,82,6592,-8504,11292,-40,188,-158,-12652,4100,7572,-1004,83,-46,-12996,-6404,7204,-511,132,-156,0
3174.4176630973816,7260,7540,11728,-122,-58,77,6564,-8228,11328,-41,145,-170,-12644,4064,7556,-1003,25,-74,-12704,-6408,7436,-477,143,-151,0
3174.4528961181645,7256,7576,11624,-159,-25,58,6572,-8556,11212,-73,148,-178,-13040,4044,7616,-990,118,-50,-12876,-6436,7552,-482,73,-142,0
3174.4876480102535,7576,7584,11668,-118,-29,103,6616,-8520,11220,-63,174,-126,-12832,4136,7640,-1022,64,-27,-12856,-6692,7360,-485,77,-179,0
3174.5233421325684,7200,7524,11612,-142,-14,77,6560,-8488,11320,-22,154,-107,-12796,4072,7604,-1079,32,-1,-12752,-6712,7424,-532,94,-154,0
3174.558750152588,7232,7520,11556,-112,23,80,6576,-8220,11268,-26,130,-106,-12772,3956,7548,-1017,44,-65,-12820,-6672,7400,-536,83,-150,0
3174.5941400527954,7188,7588,11748,-115,-57,53,6648,-8676,11304,-85,214,-150,-13028,4048,7268,-1053,23,-45,-12992,-6756,7508,-487,137,-196,0
3174.629713058472,7388,7560,11464,-145,-9,49,6596,-8436,11148,-48,162,-163,-12760,4168,7640,-1012,26,-53,-12908,-6404,7340,-464,117,-177,0
3174.6646671295166,7224,7564,11532,-135,-26,91,6528,-8424,11240,-70,127,-124,-12664,4204,7636,-991,95,17,-12756,-6772,7444,-451,89,-135,0
3174.7003769874573,7228,7636,11716,-161,-18,104,6564,-8536,11336,-61,149,-122,-12952,3840,7648,-987,54,227,-12756,-6684,7368,-466,100,-176,0
3174.735508918762,7256,7424,11612,-156,-9,81,6620,-8260,11320,-84,134,-130,-12688,4228,7456,-995,45,-16,-12552,-6700,7300,-470,96,-195,0
3174.7712941169734,7136,7632,11760,-139,-15,76,6576,-8444,11320,-56,169,-153,-12600,4120,7884,-1026,32,-82,-12664,-6840,7448,-500,133,-152,0
3174.8076231479645,7256,7556,11760,-153,-67,97,6640,-8424,11156,-21,161,-169,-12608,3844,7480,-1028,58,-54,-12748,-6880,7624,-505,125,-110,0
3174.8428089618683,7240,7648,11504,-125,-55,122,6484,-8496,11268,-48,116,-178,-12792,3884,7464,-1020,71,-89,-12884,-6716,7332,-532,145,-98,0
3174.877674102783,7264,7620,11664,-162,-68,103,6868,-8516,11268,-22,137,-171,-12724,4324,7888,-987,78,-68,-12940,-6592,7672,-493,138,-128,0
3174.913670063019,7268,7744,11588,-138,-51,119,6652,-8488,11436,-32,128,-153,-12548,4088,7552,-1038,102,-13,-13032,-6736,7508,-484,151,-147,0
3174.9492621421814,7248,7620,11552,-165,-42,117,6688,-8448,11284,-28,139,-166,-12680,4044,7612,-1278,94,-66,-12768,-6736,7256,-496,176,-137,0
3174.9841210842133,7200,7580,11620,-188,-53,126,6604,-8440,11188,-38,114,-144,-12740,4320,7708,-777,144,-40,-12836,-6720,7288,-482,100,-127,0
3175.0204770565033,6944,7584,11612,-200,-28,84,6444,-8580,11172,-45,195,-174,-12676,4316,7864,-1015,52,-61,-12860,-6472,7404,-471,139,-125,0
3175.053750038147,7260,7648,12004,-234,-51,115,6464,-8468,11340,33,157,-176,-12600,4012,7560,-1051,108,-93,-12644,-6724,7408,-449,162,-96,0
3175.0870339870453,7092,7672,11520,-190,-42,105,6464,-8528,11452,49,123,-168,-12584,4176,7700,-1278,158,-100,-12672,-6904,7492,-498,210,-75,0
3175.1206090450287,7228,7436,11720,-219,-144,134,6616,-8492,11228,-53,123,-193,-12872,3924,7700,-989,61,-96,-12800,-6760,7380,-480,221,-79,0
3175.153813123703,7320,7604,11684,-224,-145,138,6524,-8468,11212,-25,132,-217,-12688,3984,7668,-980,119,-122,-12872,-6768,7336,-488,204,-70,0
3175.1871321201324,7328,7624,11544,-224,-122,141,6576,-8540,11480,15,129,-211,-12608,4336,7296,-1015,127,-123,-12748,-6656,7432,-449,215,-31,0
3175.2204761505127,6948,7888,11584,-251,-122,158,6564,-8496,11208,-31,74,-225,-12688,4052,7488,-978,149,-112,-12776,-6692,7392,-454,159,-37,0
3175.2537319660187,7000,7592,11684,-216,-116,182,6596,-8528,11388,-31,114,-189,-12724,4040,7576,-1279,182,-37,-12816,-6660,7388,-502,164,-2,0
3175.2873001098633,7260,7580,11796,-214,-99,202,6600,-8476,11332,-12,101,-158,-12752,4088,7612,-1044,167,-85,-12788,-6616,7376,-496,195,251,0
3175.3207910060883,7260,7596,11640,-210,-113,181,6588,-8556,11200,7,60,-197,-12728,3976,7580,-1045,179,-157,-12756,-6668,7308,-505,226,-40,0
3175.354413986206,7208,7628,11616,-201,-154,189,6636,-8500,11188,44,108,-225,-12664,3904,7744,-1058,179,-156,-12872,-6680,7464,-516,268,-39,0
3175.387500047684,7284,7580,11988,-219,-236,181,6428,-8568,11160,42,100,-238,-12796,4064,7712,-1073,157,-165,-12924,-6596,7384,-455,238,-58,0
3175.42107796669,7172,7528,11612,-235,-191,168,6644,-8500,11108,60,78,-246,-12728,3868,7428,-1280,202,-133,-12848,-6684,7432,-461,237,-43,0
3175.454525947571,7264,7520,11616,-252,-154,146,6660,-8560,11292,46,114,-244,-12740,4068,7784,-1032,170,-171,-12812,-6600,7240,-440,209,-54,0
3175.488151073456,7204,7516,11760,-240,-143,128,6628,-8440,11284,10,137,-213,-12684,4088,7672,-1021,139,-144,-12616,-6612,7580,-449,187,-78,0
3175.5217850208282,7288,7580,11712,-245,-178,151,6688,-8588,11216,35,107,-217,-12788,4008,7552,-1000,182,-129,-12780,-6648,7396,-476,172,-73,0
3175.555470943451,7328,7476,11276,-217,-144,129,6632,-8700,11320,27,99,-225,-12760,3988,7684,-1046,166,-128,-12856,-6612,7168,-445,213,-88,0
3175.588683128357,7332,7600,11712,-228,-206,153,6656,-8384,11224,26,101,-246,-12616,3932,7600,-1049,168,-159,-12792,-6556,7272,-481,227,-69,0
3175.6221809387207,7244,7556,11772,-201,-174,156,6652,-8468,11296,17,85,-507,-12796,3892,7460,-1022,191,-184,-12560,-6856,7376,-492,230,-70,0
3175.655517101288,7288,7564,11600,-201,-168,180,6688,-8384,11344,-15,68,-225,-12844,3920,7640,-1021,135,-117,-12784,-6580,7396,-498,210,-48,0
3175.6892521381374,7500,7552,11508,-201,-145,168,6460,-8476,11028,-25,67,-217,-12740,4032,7536,-1004,190,-80,-12876,-6472,7388,-485,187,-62,0
3175.7229990959167,7364,7496,11456,-186,-111,157,6788,-8196,11212,-43,114,-190,-12780,3992,7552,-993,167,-28,-12932,-6896,7408,-477,143,-99,0
3175.756416082382,7244,7512,11544,-204,-81,126,6620,-8436,11136,-40,139,-152,-12740,4048,7544,-1006,113,-66,-12880,-6572,7404,-263,115,-118,0
3175.7897629737854,7288,7516,11628,-165,-20,94,6796,-8360,11112,-61,140,-162,-12764,4020,7480,-983,133,-23,-12884,-6620,7192,-472,96,-126,0
3175.823179960251,7336,7460,11640,-155,-27,73,6892,-8248,11388,-31,169,-133,-12556,4076,7656,-984,93,-28,-12976,-6576,7024,-481,113,-170,0
3175.8568110466003,7400,7604,11624,-176,-1,59,6884,-8496,11380,-40,130,-167,-12684,4004,7604,-986,67,-52,-12924,-6408,7292,-476,143,-152,0
3175.890125989914,7268,7520,11380,-180,13,70,6580,-8460,11168,-74,166,-175,-12640,4016,7752,-1002,83,-77,-12896,-6716,7388,-485,151,-170,0
3175.923751115799,7208,7452,11568,-131,-23,51,6624,-8448,11276,-43,180,-199,-12792,4056,7676,-993,52,-86,-12800,-6584,7464,-484,143,-174,0
3175.9573431015015,7288,7496,11552,-122,-20,51,6668,-8460,11324,-56,177,-165,-12684,4056,7540,-980,65,-89,-12836,-6904,7348,-497,137,-170,0
3175.991156101227,7196,7544,11460,-152,-255,60,6860,-8524,11496,-67,168,-174,-12704,4048,7644,-985,5,-36,-12824,-6724,7316,-453,143,-171,0
3176.024197101593,7192,7684,11672,-150,-22,47,6620,-8444,11420,-68,172,-153,-12556,4280,7464,-961,49,-40,-12860,-6632,7384,-458,88,-159,0
3176.0620601177216,7316,7440,11736,-120,247,16,6888,-8540,11012,-47,216,-113,-12908,4076,7616,-1040,26,-46,-12812,-6636,7496,-472,106,-217,0
3176.0977699756622,7308,7648,11492,-171,-17,68,6560,-8436,11316,-12,204,-145,-12776,4064,7620,-1018,8,-52,-12840,-6736,7424,-484,91,-147,0
3176.1327431201935,7240,7624,11588,-100,30,29,6656,-8412,11268,-97,210,-139,-12552,4012,7600,-969,20,-66,-12776,-6712,7236,-521,87,-218,0
3176.1676840782166,7248,7584,11596,-142,245,4,6472,-8688,11172,-57,205,-177,-12704,4040,7476,-962,8,-41,-13052,-6592,7416,-457,75,-194,0
3176.203309059143,7292,7504,11648,-151,-253,23,6672,-8516,11120,-81,195,-138,-12696,4064,7604,-1006,27,-51,-13020,-6444,7356,-457,110,-166,0
3176.238811969757,7224,7616,11772,-178,19,77,6572,-8416,11328,-81,169,-121,-12764,3996,7828,-1001,246,6,-12864,-6708,7204,-433,47,-181,0
3176.2737669944763,7212,7660,11700,-174,32,61,6580,-8540,11072,-75,203,-134,-12708,3940,7516,-971,14,-253,-12816,-6696,7384,-465,53,-183,0
3176.3096611499786,7280,7620,11572,-150,2,29,6584,-8520,11372,-93,186,-141,-12648,3920,7712,-961,23,-8,-12992,-6684,7332,-469,81,-151,0
3176.3448719978333,7260,7532,11676,-183,-18,44,6472,-8448,11216,-40,194,-151,-12716,3972,7644,-956,61,-49,-12668,-6592,7456,-461,122,-162,0
3176.3802621364594,7108,7520,11596,-167,-13,73,6472,-8676,11112,-51,157,-207,-12604,4004,7772,-991,93,-55,-12788,-6596,7360,-479,168,-131,0
3176.4153430461884,7280,7640,11384,-163,-62,86,6576,-8540,11240,-39,122,-211,-12796,4072,7648,-978,97,-84,-12800,-6704,7512,-451,152,-124,0
3176.4509940147404,7296,7580,11584,-197,-41,76,6560,-8592,11268,-36,181,-170,-12788,4028,7688,-992,90,-59,-12828,-6644,7528,-441,169,-93,0
3176.4860939979553,7320,7880,12016,-255,-80,128,6512,-8604,11232,61,143,-162,-12676,4036,7488,-991,133,-132,-12824,-6764,7484,-432,210,-51,0
3176.5217940807343,7056,7684,11588,-235,-202,179,6448,-8488,11192,-4,92,-260,-12724,4148,7864,-1034,132,-175,-12724,-6792,7532,-761,508,-43,0
3176.558217048645,7208,7592,11668,-174,-227,181,6488,-8428,11300,-61,51,-234,-12616,4304,7668,-966,207,-123,-12772,-6656,7536,-493,199,-22,0
3176.5935609340668,7216,7480,11568,-167,-246,182,6644,-8572,11288,-37,84,-259,-12664,4036,7568,-969,221,-189,-13056,-6668,7388,-448,249,-24,0
3176.6318349838257,7280,7588,11616,-261,-226,194,6616,-8672,11232,3,53,-239,-12932,4108,7444,-1010,205,-201,-12912,-6636,7308,-433,261,-3,0
3176.6700379848485,7276,7512,11768,-277,-179,175,6860,-8560,11256,41,66,-245,-12732,4120,7792,-1002,210,-165,-12592,-6872,7256,-488,270,-33,0
3176.7058420181274,7284,7516,11512,-225,-215,198,6576,-8488,11096,49,46,-252,-12676,4040,7568,-1015,215,-185,-12872,-6596,7244,-489,287,-24,0
3176.7395169734955,7388,7612,11652,-238,-275,190,6684,-8452,11256,27,44,-279,-12680,4020,7548,-1003,509,-178,-12804,-6636,7448,-483,246,-9,0
3176.7730319499974,7620,7548,11280,-244,-240,249,6756,-8448,11204,-15,38,-510,-12660,4060,7436,-1013,276,-169,-12972,-6640,7308,-445,216,8,0
3176.806631088257,7672,7476,11732,-263,-256,203,6744,-8528,11396,33,67,-222,-12572,4000,7564,-1019,166,-113,-12816,-6840,7272,-462,216,-62,0
3176.8400161266327,7300,7520,11568,-248,-214,167,6400,-8200,11344,67,97,-192,-12580,3988,7456,-1018,160,-75,-13012,-6432,7288,-468,173,-84,0
3176.8736691474915,7304,7540,11636,-180,-157,123,6724,-8532,11456,20,128,-184,-12884,3980,7736,-1012,144,-101,-12864,-6648,7304,-499,175,-97,0
3176.9071829319005,7332,7228,11588,-221,-107,106,6624,-8668,11336,14,125,-240,-12748,4056,7380,-987,124,-116,-12920,-6544,7364,-449,173,-94,0
3176.9406819343567,7640,7480,11612,-231,-102,146,6636,-8440,11132,-6,109,-204,-12744,3976,7496,-991,171,-99,-12768,-6468,7004,-439,132,-100,0
3176.974067926407,7276,7468,11648,-224,-141,159,6864,-8436,11148,13,89,-184,-12948,4028,7580,-1008,139,-30,-12616,-6692,7220,-456,113,-118,0
3177.0076389312744,7224,7596,11620,-201,-118,130,6468,-8424,11256,-26,127,-189,-12732,3984,7536,-1016,115,-54,-12872,-6632,7392,-490,138,-129,0
3177.0411081314087,7308,7568,11724,-173,-81,87,6664,-8504,11352,-20,116,-173,-12796,4044,7576,-1021,84,-84,-12896,-6544,7220,-516,160,-139,0
3177.074459075928,7460,7532,11700,-147,-69,89,6652,-8420,11360,25,149,-196,-12712,3944,7416,-1030,152,-101,-12876,-6612,7212,-499,130,-121,0
3177.1078810691833,7332,7488,11660,-172,-38,141,6620,-8556,11324,-20,100,-207,-12796,3960,7608,-773,123,-66,-12880,-6536,7204,-433,153,-106,0
3177.141170978546,7416,7456,11512,-164,-70,95,6820,-8452,11388,-48,156,-194,-12816,3904,7560,-1005,98,-75,-12860,-6604,7408,-457,153,-146,0
3177.1746480464935,7556,7452,11316,-190,-68,83,6756,-8480,11168,-16,139,-185,-12796,3956,7592,-1020,110,-70,-12912,-6588,7364,-495,97,-152,0
3177.208167076111,7396,7520,11724,-185,-10,87,6680,-8456,11208,-24,183,-146,-12740,3964,7564,-1054,72,-67,-12816,-6656,7360,-471,142,-144,0
3177.2418301105495,7216,7808,11764,-178,-45,107,6708,-8688,11184,-29,162,-160,-12736,3992,7436,-1036,95,-69,-12820,-6624,7472,-480,151,-151,0
3177.275085926056,7352,7564,11392,-177,-53,85,6616,-8516,11316,-47,128,-173,-12800,4056,7508,-996,93,-253,-12848,-6608,7348,-454,129,-109,0
3177.308620929718,7368,7436,11572,-164,-78,89,6628,-8484,11172,-54,148,-161,-12748,4032,7520,-974,86,-55,-12884,-6564,7260,-487,109,-137,0
3177.342105150223,7336,7600,11620,-156,-34,91,6868,-8408,11512,-40,181,-161,-12668,3948,7652,-999,83,-50,-12856,-6640,7332,-489,102,-144,0
3177.3756930828094,7300,7184,11540,-165,-16,117,6648,-8456,11312,-78,106,-151,-12740,3944,7600,-1004,71,-63,-12880,-6808,7340,-506,119,-126,0
3177.4090991020203,7264,7452,11768,-147,-14,128,6616,-8436,11108,-22,127,-157,-12748,3980,7672,-1047,109,-39,-12840,-6824,7252,-456,131,-100,0
3177.4426951408386,7388,7456,11624,-174,-46,98,6748,-8376,11264,-34,102,-167,-12724,3976,7560,-1004,131,-47,-12976,-6604,7328,-438,137,-105,0
3177.476011991501,7376,7484,11804,-160,25,106,6720,-8424,11316,-92,123,-152,-12800,4100,7580,-938,103,-48,-12872,-6620,7272,-478,98,-159,0
3177.5099689960484,7296,7464,11692,-160,-18,74,6696,-8468,11196,-81,193,-129,-12728,4060,7668,-1035,27,-65,-12832,-6604,7312,-505,108,-145,0
3177.543491125107,7384,7552,11544,-159,33,61,6764,-8364,11256,-35,186,-160,-12688,3936,7632,-1035,38,-67,-12852,-6420,7328,-475,96,-159,0
3177.5773420333862,7376,7636,11988,-135,31,33,6828,-8432,11456,-24,207,-158,-12780,4032,7716,-996,81,-57,-12832,-6536,7328,-458,111,-151,0
3177.6108400821686,7284,7436,11540,-196,27,25,6752,-8524,11256,-30,206,-177,-12748,4088,7532,-976,43,-39,-12948,-6544,7308,-426,129,-150,0
3177.6440620422363,7300,7508,11556,-165,35,64,6728,-8428,11280,-66,191,-146,-12680,4024,7836,-1031,63,-60,-13020,-6476,7396,-458,114,-165,0
3177.6776950359344,7364,7460,11768,-135,32,80,6624,-8360,11352,-48,145,-115,-12776,3968,7540,-772,72,-23,-12872,-6660,7332,-502,57,-141,0
3177.7141101360326,7272,7484,11716,-144,58,81,6412,-8244,11152,-86,165,-125,-12604,4140,7488,-1041,52,-15,-12812,-6616,7244,-768,67,-162,0
3177.7502851486206,7124,7560,11992,-100,23,90,6728,-8452,11292,-64,150,-113,-12652,3864,7596,-1280,41,-62,-12856,-6620,7320,-534,101,-166,0
3177.7855529785156,7260,7572,11572,-81,45,81,6404,-8492,11128,-38,174,-109,-12736,3980,7800,-1037,57,243,-12576,-6596,7168,-519,119,-155,0
3177.821718931198,7176,7536,11560,-125,23,96,6624,-8504,11296,-62,141,-131,-12624,4056,7628,-1047,80,-11,-12900,-6628,7436,-258,102,-132,0
3177.8576359748845,7168,7624,12000,-94,10,91,6612,-8532,11260,-67,149,-154,-12664,3924,7524,-1275,103,-60,-12860,-6680,7304,-499,115,-155,0
3177.89274597168,7288,7616,11792,-124,-29,77,6448,-8476,11300,-86,156,-150,-12748,4024,7668,-976,31,-58,-12804,-6468,7364,-505,107,-189,0
3177.928178071976,7288,7516,11552,-146,-38,58,6904,-8672,11516,-68,174,-174,-12664,3936,7872,-1010,60,-43,-12856,-6872,7304,-494,111,-195,0
3177.9641609191895,7208,7592,11724,-131,-38,70,6672,-8460,11124,-45,156,-144,-12668,3860,7596,-1023,49,-36,-12820,-6712,7192,-493,145,-165,0
3177.999139070511,7256,7468,11672,-135,-45,77,6600,-8524,11244,-65,184,-138,-12740,4000,7672,-1003,4,-68,-12620,-6892,7472,-483,97,-151,0
3178.034819126129,7228,7528,11344,-154,-54,67,6608,-8468,11196,-44,145,-174,-13004,4120,7584,-1034,45,-35,-12732,-6512,7628,-472,122,-151,0
3178.070126056671,7148,7624,11696,-131,-58,83,6560,-8528,11324,-9,159,-167,-12684,4004,7584,-771,98,-55,-12824,-6580,7372,-479,111,-162,0
3178.105317115784,7196,7516,11528,-142,-72,86,6584,-8524,11140,-11,142,-152,-12624,4092,7824,-1043,92,-23,-12796,-6644,7600,-496,127,-145,0
3178.1407361030574,7328,7644,11728,-138,-64,73,6656,-8484,11244,-51,146,-152,-12692,3956,7440,-991,93,-111,-12920,-6640,7576,-479,123,-168,0
3178.1760399341583,7324,7624,11604,-150,-77,99,6672,-8496,11204,-74,137,-190,-12752,4072,7728,-965,52,-77,-12852,-6732,7344,-488,97,-150,0
3178.2122790813446,7384,7532,11692,-174,-95,80,6696,-8688,11440,-52,157,-141,-12792,4100,7648,-1001,18,-45,-12824,-6564,7348,-497,124,-168,0
3178.2481961250305,7152,7564,11696,-198,-96,89,6528,-8560,11360,3,183,-158,-12644,3984,7612,-1021,30,-45,-12752,-6732,7220,-490,79,-120,0
3178.283658027649,7188,7424,11660,-161,-42,96,6680,-8556,11324,-56,195,-163,-12772,4076,7560,-1024,58,-32,-12828,-6696,7332,-507,105,-160,0
3178.3192989826202,7364,7888,11684,-198,-65,29,6624,-8460,11264,-37,183,-173,-12660,3992,7740,-983,46,-27,-13028,-6720,7408,-475,124,-153,0
3178.3550570011134,7216,7584,11608,-184,-44,92,6620,-8516,11232,-50,165,-161,-12624,3892,7472,-991,68,-47,-12760,-6608,7412,-468,109,-164,0
3178.390324115753,7160,7536,11732,-185,-25,101,6604,-8536,11412,-50,129,-145,-12632,3912,7664,-1008,62,245,-12736,-6632,7524,-471,110,-151,0
3178.4238390922546,7412,7592,11760,-188,-29,73,6528,-8456,11372,-66,113,-162,-12644,4124,7740,-983,57,-14,-12804,-6596,7304,-466,122,-156,0
3178.45737695694,7192,7628,11724,-190,-12,57,6584,-8464,11180,-35,164,-156,-12580,4024,7724,-994,71,-83,-12700,-6700,7364,-468,137,-114,0
3178.491132974624,7088,7568,11636,-180,-66,95,6624,-8580,11320,-20,156,-170,-12632,4024,7752,-989,58,-95,-12652,-6664,7424,-460,176,-135,0
3178.5245389938354,7244,7580,11552,-228,-106,113,6492,-8612,11312,3,133,-208,-12676,4032,7680,-1013,81,-135,-12808,-6904,7384,-474,197,-134,0
3178.558264017105,7196,7544,11528,-203,-124,104,6576,-8536,11308,252,153,-189,-12648,4024,7460,-1276,117,-87,-12772,-6480,7672,-460,177,-84,0
3178.593104124069,7408,7612,11676,-214,-84,108,6576,-8468,11304,-25,129,-170,-12712,4108,7724,-1000,119,-59,-12812,-6716,7596,-475,167,-70,0
3178.627612113952,7256,7556,11680,-231,-64,127,6628,-8536,11368,-19,129,-182,-12716,4120,7528,-995,119,-94,-12836,-6908,7480,-468,160,-73,0
3178.6611020565033,7152,7628,11632,-209,-101,168,6592,-8620,11508,-11,95,-183,-12672,4328,7668,-1022,122,-138,-12700,-6628,7216,-455,208,-29,0
3178.694685935974,7156,7580,11600,-271,-132,162,6576,-8576,11488,-52,111,-227,-12704,4068,7644,-1010,134,-101,-12560,-6728,7500,-456,169,-90,0
3178.7281789779663,7232,7616,11648,-255,-161,156,6580,-8408,11156,-39,133,-215,-12724,3988,7692,-1011,147,-84,-12568,-6636,7560,-486,158,-78,0
3178.7617189884186,7016,7532,11736,-2,-147,157,6572,-8496,11284,21,104,-211,-12616,4032,7624,-1021,134,-115,-12748,-6748,7432,-449,231,-50,0
3178.7955350875854,7400,7620,11620,-223,-121,145,6560,-8380,11380,46,98,-245,-12636,4004,7528,-1020,211,-129,-12788,-6688,7360,-461,227,-53,0
3178.829111099243,7188,7556,11692,-242,-182,117,6436,-8508,11012,23,102,-254,-12784,3912,7736,-1028,173,-189,-12840,-6680,7372,-456,239,-36,0
3178.862638950348,7328,7612,11636,-246,-210,166,6604,-8396,11372,40,98,-232,-13028,4328,7488,-982,200,-171,-12844,-6608,7356,-453,183,-34,0
3178.8958039283752,7384,7560,11768,-219,-189,182,6608,-8484,11208,32,108,-232,-12724,3920,7528,-994,177,-95,-12824,-6712,7368,-426,164,-39,0
3178.9292850494385,7204,7576,11612,-266,-211,184,6648,-8480,11412,29,70,-230,-12744,3992,7652,-969,199,-139,-12820,-6624,7328,-419,162,-42,0
3178.9627120494843,7324,7524,11480,-270,-219,155,6488,-8460,11472,-7,95,-235,-12724,3888,7604,-1010,228,-143,-12568,-6640,7436,-477,146,-53,0
3178.9962549209595,7332,7484,11592,-235,-195,178,6860,-8464,11388,34,80,-228,-12548,4020,7560,-773,188,-171,-12676,-6616,7392,-494,185,-44,0
3179.0300700664525,7200,7540,11736,-219,-232,187,6608,-8520,11268,37,48,-232,-12696,4088,7464,-1026,259,-172,-12860,-6604,7364,-467,169,-6,0
3179.063719034195,7280,7436,11672,-233,-240,175,6544,-8456,11360,57,42,-281,-12568,4068,7592,-1103,330,-175,-12844,-6484,7520,-448,263,-254,0
3179.0974781513214,7296,7184,11676,-249,-304,176,6436,-8696,11128,11,16,-292,-12740,4064,7908,-1046,207,-165,-12936,-6588,7352,-503,229,-30,0
3179.1310410499573,7368,7204,11672,-170,-235,176,6680,-8444,11184,17,51,-244,-12736,4080,7548,-1015,174,-107,-12844,-6488,7416,-520,150,-68,0
3179.1643059253693,7332,7468,11544,-176,-154,160,6456,-8388,11184,-61,62,-202,-12684,4056,7228,-960,136,-136,-12812,-6532,7348,-524,106,-134,0
3179.197786092758,7384,7412,11500,-158,-31,97,6708,-8352,11108,-61,129,-208,-12852,3920,7480,-988,109,-95,-12720,-6404,6980,-499,98,-179,0
3179.2312920093536,7404,7408,11544,-152,14,28,6872,-8352,11104,-69,227,-140,-12564,3888,7612,-1043,40,-7,-12844,-6556,7576,-478,82,-209,0
3179.264895915985,7168,7472,11632,-230,58,47,6692,-8428,11332,29,1,-166,-13000,4052,7568,-1006,35,-29,-12824,-6528,7284,-457,136,-144,0
3179.298577070236,7376,7584,12004,-221,-27,105,6628,-8564,11380,7,135,-219,-12564,3920,7532,-1036,57,-150,-12920,-6580,7460,-464,203,-120,0
3179.332015991211,7292,7556,11592,-153,-179,99,6720,-8456,11392,-49,81,-240,-12816,3996,7596,-1029,119,-140,-12868,-6592,7528,-496,168,-107,0
3179.365126132965,7312,7456,11640,-140,-141,106,6632,-8436,11232,-42,118,-226,-12736,4004,7592,-1007,65,-81,-12828,-6908,7440,-489,166,-135,0
3179.4017250537872,7276,7276,11656,-135,-108,88,6624,-8356,11328,-51,154,-155,-12696,4060,7488,-996,24,-112,-12684,-6640,7324,-462,81,-152,0
3179.4377999305725,7248,7540,11688,-157,-33,93,6644,-8392,11264,-22,177,-135,-12668,4048,7680,-963,67,-56,-12568,-6644,7444,-462,58,-148,0
3179.472859144211,7248,7488,11720,-202,255,63,6636,-8388,11252,-80,153,-143,-12724,4016,7748,-1008,58,-43,-12772,-6564,7456,-459,66,-89,0
3179.508613109588,7400,7572,11672,-165,-45,99,6408,-8488,11136,-98,136,-158,-12820,4000,7560,-971,107,-57,-12876,-6652,7436,-489,130,-134,0
3179.543848991394,7248,7500,11684,-199,-65,102,6544,-8656,11360,-30,94,-218,-12624,3992,7524,-1000,126,-134,-12892,-6520,7376,-470,171,-97,0
3179.5789330005646,7348,7436,11600,-180,-139,92,6748,-8660,11088,-59,137,-235,-12888,4064,7496,-1039,100,-65,-12780,-6560,7168,-481,195,-120,0
3179.6145551204686,7372,7444,11680,-165,-119,92,6708,-8420,11300,-11,141,-182,-12744,4056,7368,-1009,106,-101,-12772,-6604,7432,-510,150,-111,0
3179.6496570110326,7432,7440,11648,-153,-31,107,6496,-8252,11104,-20,160,-155,-12772,3956,7512,-1005,107,-20,-12828,-6512,7404,-526,110,-106,0
3179.6848130226135,7300,7460,11672,-152,-32,139,6684,-8424,11332,-45,126,-157,-12744,3948,7500,-1030,114,-47,-12828,-6604,7384,-482,56,-94,0
3179.7197580337524,7444,7512,11524,-143,-256,127,6760,-8432,11292,-61,117,-95,-13020,3856,7544,-1043,145,-231,-12940,-6628,7520,-507,34,-85,0
3179.7554190158844,7248,7500,11708,-175,-5,90,6600,-8524,11436,-40,145,-125,-12824,4084,7608,-1050,68,-45,-12580,-6692,7556,-499,86,-147,0
3179.7911059856415,7200,7516,11540,-193,-37,122,6712,-8400,11296,-46,168,-154,-12768,3940,7272,-1006,25,-37,-13044,-6476,7368,-433,65,-134,0
3179.8273360729218,7208,7592,11588,-159,-44,37,6708,-8388,11292,-93,188,-183,-12788,3900,7548,-967,73,-105,-12968,-6664,7664,-481,155,-168,0
3179.8624389171605,7284,7548,11768,-217,-24,16,6564,-8424,11256,-53,187,-253,-12592,3940,7652,-991,45,-91,-12784,-6532,7348,-426,190,-172,0
3179.8980679512024,7352,7564,11592,-160,-78,64,6548,-8460,11384,-27,157,-195,-12764,3992,7620,-1051,88,-51,-12896,-6556,7496,-446,131,-139,0
3179.9336960315704,7212,7524,11568,-115,-25,68,6616,-8436,11508,-45,163,-152,-12832,4036,7648,-986,79,-71,-12620,-6860,7464,-501,96,-133,0
3179.9696369171143,7312,7500,11644,-171,5,78,6564,-8504,11280,-67,126,-162,-12656,3856,7196,-999,89,-18,-12824,-6624,7468,-482,104,-78,0
3180.0056560039525,7320,7528,11756,-128,243,118,6740,-8688,11020,-30,80,-149,-12744,4080,7592,-1044,163,-49,-12836,-6584,7536,-763,114,-60,0
3180.042505979538,7344,7504,11568,-155,-21,160,6608,-8456,11196,-16,103,-142,-12692,3932,7436,-1279,135,-59,-12692,-6564,7392,-484,108,-88,0
3180.0757410526276,7104,7212,11624,-158,-44,146,6600,-8456,11456,-48,95,-193,-12724,4064,7868,-1035,136,-39,-12552,-6888,7416,-501,148,-102,0
3180.109586954117,7280,7224,11556,-180,-97,127,6444,-8196,11072,-6,92,-187,-12816,4268,7584,-1006,154,-105,-12860,-6596,7484,-502,163,-106,0
3180.1428251266484,7324,7444,11840,-178,-60,98,6588,-8504,11272,-16,120,-209,-12712,3968,7576,-1023,138,-109,-12860,-6536,7376,-502,183,-122,0
3180.1757581233974,7284,7472,11736,-155,-78,97,6712,-8468,11436,-22,119,-196,-12820,3956,7568,-1028,95,-49,-12900,-6644,7360,-481,161,-129,0
3180.209130048752,7396,7500,11600,-110,-80,108,6612,-8428,11308,-39,122,-169,-12680,4000,7568,-1006,94,-66,-12764,-6660,7288,-493,98,-109,0
3180.2427029609685,7340,7528,11692,-178,-56,112,6644,-8200,11496,-51,155,-169,-12704,3888,7576,-769,121,-59,-12860,-6476,7448,-470,126,-114,0
3180.2760789394374,7344,7500,11608,-168,-65,106,6620,-8528,11020,-41,125,-171,-12776,3992,7588,-1046,135,-69,-12568,-6588,7440,-505,170,-111,0
3180.3100020885468,7292,7596,11668,-174,-57,131,6596,-8676,11120,-21,121,-175,-12792,3904,7564,-1051,131,-127,-12784,-6600,7492,-768,150,-122,0
3180.3436460494995,7312,7556,11276,-149,-57,138,6548,-8472,11476,-10,112,-166,-12716,4032,7508,-1070,125,-40,-12852,-6628,7480,-526,159,-98,0
3180.37704205513,7264,7480,11680,-138,-68,144,6528,-8428,11372,18,94,-159,-12740,3984,7552,-1079,157,-63,-12876,-6636,7476,-518,147,-90,0
3180.410488128662,7192,7616,11700,-150,-64,131,6672,-8376,11204,-18,113,-163,-12684,3976,7716,-1022,140,-83,-12824,-6624,7520,-504,100,-90,0
3180.444036960602,7340,7544,11624,-149,-35,131,6664,-8440,11044,-47,145,-146,-12700,3996,7556,-967,76,-54,-12824,-6564,7540,-495,112,-124,0
3180.4774601459503,7292,7592,11608,-191,-93,84,6716,-8540,11308,-42,175,-166,-12680,4000,7488,-1030,48,-67,-12780,-6576,7376,-485,161,-137,0
3180.5111520290375,7240,7540,11644,-214,-66,85,6556,-8656,11476,-15,166,-197,-12704,3920,7460,-1014,109,-92,-12712,-6760,7360,-485,141,-116,0
3180.5448539257054,7352,7528,11440,-157,-99,98,6680,-8484,11276,-70,182,-212,-12848,3944,7932,-1003,84,-59,-12980,-6440,7384,-480,165,-157,0
3180.578160047531,7412,7464,11528,-154,-64,21,6680,-8496,11212,-15,181,-224,-12780,3952,7484,-983,88,-88,-12812,-6492,7224,-469,153,-140,0
3180.6117560863495,7308,7588,11500,-187,-16,85,6668,-8516,11244,19,168,-178,-12756,3912,7392,-1045,74,-25,-12896,-6576,7476,-452,132,-90,0
3180.644804954529,7312,7560,11752,-207,-49,105,6688,-8528,11184,-35,137,-167,-12800,3992,7856,-1028,72,-37,-12976,-6716,7496,-450,104,-144,0
3180.6780719757085,7256,7172,11576,-203,-54,78,6456,-8496,11276,-58,167,-117,-12828,4092,7576,-990,58,-59,-12908,-6568,7376,-493,32,-177,0
3180.711708068848,7292,7672,11636,-166,37,63,6628,-8480,11160,-69,205,-100,-12624,4056,7712,-778,39,-40,-12620,-6540,7464,-481,65,-148,0
3180.7453360557556,7220,7568,11892,-182,21,99,6536,-8548,11284,47,165,-93,-12660,4020,7588,-1071,79,-45,-12716,-6560,7484,-473,156,-103,0
3180.778738975525,7308,7644,12020,-208,-75,151,6496,-8488,11248,54,72,-207,-12624,3996,7880,-1057,189,-125,-12736,-6672,7508,-486,510,32,0
3180.8123800754547,7232,7636,11660,-166,-270,223,6480,-8448,11348,-36,-18,-254,-12796,4008,7848,-1002,268,-155,-12792,-6680,7556,-257,304,29,0
3180.845817089081,6924,7544,11740,-190,-351,278,6544,-8680,11328,-31,-57,-326,-12764,4088,7588,-988,322,-192,-12892,-6576,7568,-469,324,34,0
3180.8792021274567,7020,7464,11684,-198,-318,251,6692,-8568,11180,7,-26,-313,-13056,3952,7616,-1003,260,-212,-12780,-6612,7232,-510,270,20,0
3180.9123499393463,7252,7536,11728,-184,-342,224,6428,-8424,11116,18,17,-270,-12828,3964,7504,-1022,244,-198,-12740,-6604,7276,-503,277,-40,0
3180.9460010528564,7412,7488,11548,-195,-239,175,6744,-8320,11176,13,61,-286,-12768,3856,7432,-981,167,-182,-12704,-6596,7328,-764,261,-60,0
3180.9796481132507,7208,7176,11384,-193,-214,99,6792,-8344,11204,-37,64,-285,-12748,3872,7228,-1003,208,-136,-12792,-6404,7220,-460,208,-122,0
3181.013118982315,7552,7396,11380,-205,-111,101,6736,-8352,11184,-24,140,-240,-12936,3928,7552,-1054,143,-147,-12952,-6460,7248,-458,170,-152,0
3181.0466940402985,7624,7488,11412,-190,-251,75,6904,-8300,11220,-20,146,-186,-13040,4020,7648,-1010,78,-40,-12908,-6492,7240,-509,143,-149,0
3181.0831050872803,7520,7580,11652,-193,6,100,6748,-8228,11352,20,155,-185,-12812,3920,7524,-1035,103,-93,-12984,-6568,7396,-463,194,-87,0
3181.118679046631,7324,7484,11720,-222,-103,135,6788,-8492,11312,-65,114,-204,-12896,4056,7664,-1015,98,-82,-12876,-6568,7436,-478,202,-124,0
3181.153357028961,7492,7512,11624,-206,-79,100,6808,-8408,11220,-52,150,-167,-12556,4092,7648,-1021,35,-50,-13000,-6568,7188,-486,81,-172,0
3181.1888201236725,7292,7572,11536,-182,-59,73,6676,-8540,11328,-28,221,-111,-12680,4008,7636,-1033,-39,26,-12820,-6392,7316,-503,82,-167,0
3181.223869085312,7240,7448,11620,-169,-21,101,6464,-8700,11252,-20,190,-109,-12792,4044,7476,-1069,15,-47,-12672,-6528,7544,-464,95,-109,0
3181.259388923645,7040,7584,11604,-140,29,117,6520,-8468,11324,-15,128,-155,-12648,3868,7476,-963,85,-49,-12712,-6872,7416,-462,142,-91,0
3181.2946050167084,7420,7588,11632,-154,-64,114,6672,-8524,11460,-66,110,-208,-12688,4028,7448,-969,136,-97,-12896,-6572,7232,-492,211,-93,0
3181.3297579288483,7348,7504,11612,-174,-108,138,6864,-8388,11300,-87,64,-236,-12576,3932,7468,-956,130,-107,-12828,-6548,7408,-462,199,-75,0
3181.3655841350555,7620,7540,11540,-174,-115,147,6688,-8408,11292,-67,86,-224,-12756,3908,7428,-987,140,-127,-12964,-6656,7396,-455,169,-80,0
3181.401520013809,7408,7528,11744,-201,-97,90,6760,-8440,11188,-81,131,-206,-12888,3856,7452,-994,106,-42,-12836,-6576,7340,-430,106,-169,0
3181.4374120235443,7292,7512,11572,-198,-49,29,6828,-8476,11428,-69,210,-163,-12764,3956,7632,-962,50,-62,-12996,-6592,7444,-444,144,-145,0
3181.472512960434,7424,7512,11728,-185,-15,42,6724,-8436,11264,-28,199,-188,-12772,4052,7448,-1000,46,-84,-12880,-6496,7352,-465,109,-131,0
3181.5081601142883,7328,7444,11504,-182,-57,87,6404,-8436,11260,-10,129,-222,-12740,3912,7676,-1048,103,-66,-12880,-6556,7352,-466,175,-160,0
3181.5434420108795,7184,7496,11740,-155,-92,79,6700,-8496,11172,-32,168,-172,-12676,4148,7512,-1063,120,-78,-13044,-6472,7432,-495,109,-115,0
3181.5793809890747,7224,7516,11624,-145,-47,118,6624,-8436,11020,254,109,-158,-12740,4300,7588,-1017,67,-51,-12884,-6488,7368,-503,154,-106,0
3181.6145820617676,7276,7416,11840,-163,-95,146,6640,-8540,11352,-52,72,-174,-12688,3960,7504,-1093,150,-100,-12608,-6584,7428,-495,170,-65,0
3181.6547000408173,7236,7524,11628,-170,-95,163,6684,-8560,11284,-52,75,-155,-13056,3944,7508,-1025,130,-52,-12868,-6628,7404,-501,131,-124,0
3181.690463066101,7388,7540,11704,-156,-86,103,6724,-8388,11332,-74,147,-159,-12836,3988,7512,-980,105,-110,-12788,-6568,7308,-505,155,-154,0
3181.727672100067,7280,7488,11540,-192,-65,69,6472,-8680,11500,-31,163,-199,-12872,3960,7600,-1007,66,-112,-12908,-6544,7236,-464,160,-158,0
3181.761151075363,7288,7524,11760,-147,-61,56,6732,-8440,11352,-40,150,-219,-13032,4044,7504,-973,61,-113,-12884,-6580,7340,-473,172,-161,0
3181.7948911190033,7368,7576,11660,-159,-59,33,6724,-8372,11008,-16,146,-212,-12664,3928,7592,-977,73,-122,-12896,-6576,7428,-468,163,-147,0
3181.828454017639,7324,7616,11476,-173,-85,82,6636,-8488,11376,-53,124,-195,-12800,3948,7504,-1015,135,-152,-12824,-6672,7392,-462,177,-107,0
3181.861725091934,7416,7584,11732,-185,-67,86,6660,-8468,11188,-56,115,-193,-12848,3940,7532,-969,143,-69,-12884,-6544,7312,-460,144,-78,0
3181.8953371047974,7452,7576,11620,-167,-86,132,6688,-8452,11260,-78,134,-164,-12808,4012,7440,-1015,110,-30,-12876,-6524,7420,-481,151,-135,0
3181.9289450645447,7364,7228,11576,-209,-84,97,6680,-8452,11404,-42,130,-153,-12720,4020,7696,-1047,38,-51,-12772,-6536,7372,-471,136,-144,0
3181.96249294281,7332,7492,11764,-193,-16,94,6444,-8488,11320,26,159,-147,-12744,4072,7520,-1047,30,-67,-12860,-6556,7324,-494,82,-118,0
3181.995985031128,7336,7540,11672,-153,-32,81,6712,-8500,11292,-45,225,-128,-12724,3988,7696,-996,48,-65,-12856,-6544,7612,-487,118,-172,0
3182.0297961235046,7232,7540,11572,-161,12,34,6568,-8596,11152,-10,171,-188,-12784,4080,7304,-1010,93,-54,-12912,-6476,7440,-452,113,-129,0
3182.063390016556,7244,7456,11640,-180,-21,96,6664,-8476,11160,-37,146,-173,-12752,4084,7420,-775,127,-48,-12828,-6672,7672,-452,128,-109,0
3182.0972230434418,7216,7548,11624,-175,-71,149,6640,-8532,11244,-57,91,-171,-12668,3968,7608,-993,131,-51,-12864,-6580,7624,-458,129,-72,0
3182.1308231353764,7224,7456,11532,-184,-92,124,6736,-8492,11268,-99,115,-188,-12752,4056,7544,-963,105,-103,-12876,-6484,7304,-491,148,-125,0
3182.1642870903015,7372,7604,11772,-160,-92,58,6684,-8520,11228,-54,147,-183,-12808,3940,7596,-985,74,-101,-12940,-6568,7520,-513,159,-129,0
3182.1978740692134,7356,7484,11656,-154,-29,94,6892,-8540,11168,-25,171,-175,-12804,3892,7636,-1012,49,-77,-12808,-6576,7376,-483,184,-137,0
3182.2312369346614,7344,7588,11428,-184,-59,77,6868,-8672,11060,-3,165,-202,-12788,3952,7544,-993,36,-57,-12924,-6600,7356,-507,179,-168,0
3182.2648210525513,7280,7532,11700,-154,-118,67,6740,-8372,11228,-14,169,-215,-12744,3976,7504,-777,84,-79,-12848,-6504,7480,-481,165,-128,0
3182.2984890937805,7268,7636,11508,-182,-63,72,6712,-8552,11356,-32,162,-200,-12684,3984,7392,-1010,69,-89,-12804,-6580,7408,-470,169,-105,0
3182.3320360183716,7220,7500,11584,-161,-106,109,6592,-8512,11292,-46,135,-185,-12652,4016,7488,-1032,109,-115,-13044,-6432,7380,-498,195,-84,0
3182.365594148636,7308,7540,11488,-175,-85,122,6644,-8664,11204,-55,116,-180,-12792,4036,7524,-981,140,-73,-12748,-6532,7368,-499,162,-116,0
3182.398821115494,7280,7504,11704,-186,-104,116,6672,-8480,11080,-52,148,-161,-12836,3912,7652,-1000,88,-37,-13052,-6636,7480,-489,154,-101,0
3182.4322991371155,7304,7416,11544,-176,-61,71,6708,-8456,11348,-53,165,-164,-13012,3932,7472,-1002,48,-97,-12864,-6596,7344,-457,189,-120,0
3182.465774059296,7308,7524,11592,-186,-79,77,6640,-8196,11416,-9,162,-197,-12756,4072,7644,-1000,57,-102,-12860,-6536,7368,-506,177,-128,0
3182.499444961548,7312,7456,11636,-173,-96,78,6688,-8512,11144,18,192,-224,-12780,3900,7660,-1017,121,-98,-12936,-6616,7392,-260,135,-128,0
3182.5326890945435,7324,7528,11620,-153,-101,68,6680,-8496,11280,253,142,-177,-12780,4072,7496,-1010,78,-59,-12648,-6532,7360,-494,144,-151,0
3182.5661880970006,7296,7592,11692,-184,-94,92,6584,-8508,11236,-5,127,-163,-12700,4008,7696,-967,89,-55,-12796,-6584,7400,-497,178,-106,0
3182.5998380184174,7332,7536,11532,-204,-97,115,6692,-8492,11364,-19,120,-177,-12804,3976,7656,-977,120,-100,-12956,-6556,7384,-473,147,-78,0
3182.633204936981,7260,7524,11472,-183,-85,126,6728,-8652,11260,-41,94,-199,-12820,4008,7556,-980,121,-73,-12896,-6536,7432,-477,137,-106,0
3182.666839122772,7380,7584,11768,-211,-113,105,6800,-8548,11296,-3,172,-183,-12864,3996,7560,-1045,58,-38,-12920,-6596,7508,-518,129,-170,0
3182.7004449367523,7260,7584,11460,-215,-35,53,6680,-8412,11352,12,204,-141,-12828,4008,7428,-1013,40,-25,-12812,-6524,7532,-502,106,-170,0
3182.7335901260376,7168,7548,11668,-179,-54,79,6560,-8424,11268,233,181,-168,-12680,3856,7572,-985,84,-93,-12816,-6576,7372,-480,193,-109,0
3182.7705440521245,7216,7560,11508,-183,-128,104,6616,-8556,11396,-34,101,-210,-12776,4048,7508,-969,128,-77,-12580,-6556,7432,-518,156,-123,0
3182.806046009064,7620,7532,11324,-152,-56,134,6724,-8232,11268,-72,100,-188,-12752,4020,7632,-1001,71,-25,-12824,-6596,7320,-446,136,-114,0
3182.842241048813,7416,7588,11552,-179,-18,94,6684,-8428,11364,-7,149,-177,-12876,3960,7840,-1043,98,-46,-12852,-6604,7292,-416,95,-129,0
3182.878483057022,7328,7552,11556,-232,-20,85,6724,-8436,11308,-49,188,-159,-12860,3976,7496,-968,67,-72,-12860,-6608,7204,-452,98,-164,0
3182.913680076599,7356,7472,11632,-198,-34,48,6716,-8440,11252,-77,168,-164,-12736,4028,7660,-980,33,-65,-12564,-6644,7224,-481,120,-131,0
3182.949746131897,7328,7652,11472,-139,-24,86,6440,-8388,11480,-95,153,-179,-12644,3856,7516,-1019,84,-97,-12868,-6612,7352,-432,144,-142,0
3182.9850289821625,7352,7544,11688,-173,10,90,6480,-8388,11272,-4,127,-211,-12768,4064,7684,-1034,90,-43,-12896,-6576,7428,-471,161,-141,0
3183.020450115204,7404,7524,11668,-155,-84,107,6572,-8540,11404,11,99,-230,-12792,3852,7660,-986,128,-153,-12800,-6732,7488,-462,188,-113,0
3183.0558829307556,7268,7488,11676,-185,-74,133,6784,-8568,11284,-85,115,-201,-12660,3992,7668,-955,99,-77,-12816,-6640,7560,-441,187,-90,0
3183.0914371013646,7256,7536,11688,-220,-110,104,6636,-8488,11304,-79,104,-203,-12764,3844,7928,-970,118,-105,-12772,-6600,7324,-446,179,-123,0
3183.127273082733,7208,7624,11672,-238,-91,108,6624,-8396,11268,-50,135,-170,-12688,3976,7596,-1012,109,-89,-12844,-6620,7340,-521,156,-141,0
3183.1624751091003,7376,7568,11660,-153,-48,83,6560,-8356,11284,-73,124,-179,-12752,3968,7748,-1004,60,-67,-12852,-6404,7292,-522,132,-145,0
3183.19765496254,7324,7652,11732,-145,-40,107,6660,-8600,11276,-77,146,-184,-12668,4008,7504,-986,111,-58,-12828,-6648,7224,-482,169,-124,0
3183.2335200309753,7280,7572,11912,-182,-46,105,6680,-8548,11220,-61,117,-186,-12688,3832,7680,-998,108,-105,-12872,-6544,7344,-461,169,-110,0
3183.2687900066376,7336,7544,11480,-185,-103,92,6700,-8460,11176,-50,150,-191,-12828,3988,7752,-959,22,-71,-12864,-6596,7260,-493,102,-164,0
3183.3039350509644,7408,7648,11280,-150,-25,50,6772,-8512,11424,-55,173,-159,-12860,3988,7624,-991,-12,-33,-12892,-6592,7380,-265,103,-203,0
3183.3396821022034,7356,7584,11672,-125,42,44,6704,-8340,11284,-253,210,-117,-12748,4040,7496,-971,16,-16,-12728,-6636,7396,-480,74,-188,0
3183.3749670982365,7416,7516,11684,-211,-253,64,6692,-8468,11212,-11,223,-169,-12784,3964,7448,-984,2,-85,-12836,-6660,7648,-436,139,-203,0
3183.4120190143585,7256,7724,11524,-192,-47,35,6412,-8704,11364,-42,230,-159,-12904,3992,7824,-963,11,-93,-12868,-6636,7356,-449,98,-193,0
3183.445487976074,7484,7224,11388,-48,55,-11,5832,-8652,11664,8,760,-229,-12484,3972,7700,-1009,-134,-42,-12672,-6596,7540,-539,116,-209,0
3183.478753089905,7120,7532,11648,-78,-45,10,6464,-8448,10984,-102,258,-135,-12740,4016,7724,-970,-24,-18,-12776,-6444,7376,-530,87,-224,0
3183.5123379230495,6960,7516,11664,-60,-27,66,6592,-8512,11252,72,174,-144,-12640,4108,7520,-1041,-13,-28,-12904,-6636,7388,-555,74,-230,0
3183.5458319187164,7420,7564,11676,-76,-33,35,6524,-8252,11192,-10,232,-113,-12752,4088,7652,-1031,-32,-38,-12784,-6648,7564,-503,80,-220,0
3183.5794639587402,7380,7604,11584,-120,76,66,6716,-8256,11036,-18,161,-75,-12684,4060,7468,-1014,19,32,-12940,-6568,7280,-489,45,-151,0
3183.612934112549,7324,7556,11716,-119,54,109,6640,-8500,11232,-57,171,-56,-12596,4048,7556,-1028,34,37,-12752,-6716,7352,-534,41,-160,0
3183.6473150253296,7232,7432,11604,-132,75,170,6588,-8484,11264,-73,142,-64,-12668,4044,7608,-1268,49,42,-12784,-6740,7448,-513,20,-142,0
3183.6805760860443,6964,7600,11684,-139,62,129,6684,-8620,11480,-81,128,-80,-12716,3972,7664,-1004,70,-16,-12756,-6768,7192,-757,70,-132,0
3183.7142400741577,7240,7596,11728,-139,20,113,6584,-8548,11444,-78,119,-129,-12768,3864,7784,-988,49,-77,-12824,-6548,7432,-491,143,-138,0
3183.7476460933685,6952,7456,11612,-192,-17,85,6664,-8464,11228,-37,206,-163,-12604,3952,7528,-1014,87,-69,-12764,-6672,7348,-502,147,-154,0
3183.7806720733643,7248,7640,11664,-143,-66,82,6648,-8212,11300,-32,171,-176,-12728,3984,7456,-1039,63,-111,-12820,-6692,7504,-487,191,-155,0
3183.81422996521,7220,7708,11604,-217,-99,71,6560,-8440,11356,109,160,-213,-12728,4064,7704,-1018,113,-126,-12840,-6648,7536,-473,226,-96,0
3183.847734928131,7328,7424,12008,-154,-99,130,6480,-8564,11200,50,115,-233,-12596,4196,7740,-1077,108,-170,-12900,-6672,7584,-539,227,-71,0
3183.8809270858765,7316,7572,11660,-116,-187,168,6600,-8696,11360,14,82,-180,-12764,3948,7460,-1044,128,-92,-12692,-6568,7484,-558,182,-66,0
3183.9144971370697,7208,7668,11632,-192,-138,220,6488,-8612,11064,34,45,-155,-12568,4084,7708,-1037,164,-58,-12720,-6676,7568,-550,159,-48,0
3183.947816133499,7256,7596,11624,-167,-111,214,6756,-8716,11520,170,107,-66,-12352,3964,7220,-1050,352,-82,-12644,-6568,7520,-619,157,-42,0
3183.98122215271,7108,7568,11520,-194,-68,234,6540,-8508,11124,86,23,-101,-12768,4312,7492,-1164,133,-96,-12836,-6576,7352,-570,172,-37,0
3184.0147449970245,7168,7572,11480,-158,-124,272,6444,-8488,11344,137,-3,-83,-12668,4012,7672,-1156,231,-41,-12820,-6640,7432,-624,95,-4,0
3184.048283100128,7420,7432,11668,-63,-15,282,6560,-8488,11160,36,9,-51,-12696,4028,7608,-1169,495,29,-12772,-6704,7528,-724,89,-9,0
3184.081685066223,7280,7560,11496,-71,-28,323,6684,-8584,11160,101,-57,-69,-12816,4096,7548,-1153,297,-19,-12832,-6596,7648,-661,102,-256,0
3184.1151940822606,7340,7520,11564,-77,-61,351,6688,-8500,11072,131,-50,-42,-12684,4020,7496,-1129,304,-47,-12884,-6540,7212,-661,78,12,0
3184.1486079692845,7332,7512,11376,-92,-48,307,6568,-8396,11120,123,-10,5,-12740,4124,7532,-1141,243,49,-12764,-6600,7488,-662,1,-83,0
3184.181931972504,7244,7556,11552,-108,55,299,6528,-8360,11500,84,9,23,-12668,3976,7652,-1186,164,111,-13024,-6912,7404,-684,9,-44,0
3184.215414047241,7296,7668,11640,-109,1,323,6848,-8424,11344,46,-21,14,-12568,3992,7640,-1174,212,35,-12756,-6732,7308,-695,80,8,0
3184.2486650943756,7336,7608,11600,-73,-35,312,6696,-8408,11260,110,-41,-59,-12644,3892,7684,-1229,214,-77,-12752,-6728,7344,-647,111,-58,0
3184.282063961029,7152,7720,11648,-101,-34,510,6752,-8388,11356,110,36,-109,-12640,3876,7620,-1123,216,-72,-12548,-6768,7236,-592,155,-79,0
3184.3157119750977,7208,7676,11612,-112,-99,211,6476,-8312,11328,44,-7,-128,-12800,3964,7692,-1125,177,-65,-12548,-6436,7620,-618,174,-89,0
3184.3492050170894,7396,7568,11656,-91,-119,190,6576,-8396,11300,70,50,-160,-12808,3972,7620,-1074,124,-79,-12552,-6700,7328,-588,149,-124,0
3184.382388114929,7352,7568,11624,-54,-55,155,6536,-8348,11304,44,104,-123,-12736,3920,7712,-1073,85,-88,-12912,-6780,7428,-562,84,-191,0
3184.4157180786133,7268,7736,11380,-94,20,88,6572,-8312,11244,29,199,-89,-12712,3904,7712,-1038,45,219,-12732,-6460,7648,-516,-11,-202,0
3184.4530601501465,7232,7920,11460,-117,96,40,6416,-8332,11340,-238,234,-53,-12764,4064,7824,-996,-57,30,-12752,-6656,7348,-545,-11,-246,0
3184.4888701438904,7296,7568,11664,-114,141,33,6652,-8320,11060,-18,277,-60,-12752,3880,7684,-1011,-70,254,-12772,-6588,7176,-557,-45,-257,0
3184.5241520404816,7288,7556,11488,-89,97,10,6616,-8436,11480,252,286,-84,-12784,4036,7388,-782,-69,36,-12668,-6872,7400,-530,66,-250,0
3184.5597100257874,7272,7592,11564,-97,75,26,6508,-8396,11272,-10,502,-92,-12736,3924,7512,-1042,-29,-48,-12800,-6656,7284,-269,95,-228,0
3184.5948500633244,7216,7540,11724,-45,4,52,6624,-8684,11372,0,202,-119,-12600,4088,7640,-1045,-7,-26,-12736,-6644,7336,-526,111,-207,0
3184.6303141117096,7196,7840,11372,-39,28,67,6572,-8336,11136,19,202,-106,-12708,3960,7592,-1074,39,-58,-12636,-6912,7664,-528,95,-236,0
3184.665368080139,7256,7560,11620,-65,53,76,6752,-8464,11208,20,239,-112,-12796,4088,7620,-1043,251,-2,-12824,-6644,7296,-262,116,-267,0
3184.7008879184723,7224,7616,11752,-73,79,49,6604,-8196,11304,32,255,-92,-12756,4300,7600,-1058,-50,237,-12704,-6760,7528,-526,86,-300,0
3184.7360911369324,7096,7700,11732,-76,20,39,6536,-8576,11376,21,270,-75,-12660,4016,7780,-1064,-58,-243,-12788,-6804,7488,-535,30,-272,0
3184.7714080810547,7200,7712,11796,-63,106,26,6536,-8452,11408,-21,303,-41,-12708,4004,7856,-1037,-115,24,-12732,-6792,7468,-539,12,-310,0
3184.807368993759,6928,7840,11752,-50,78,-3,6520,-8428,11372,7,305,-40,-12564,4284,7756,-1009,-118,42,-12740,-6860,7348,-526,243,-314,0
3184.8426661491394,7108,7464,11664,-56,108,-26,6444,-8448,11464,-19,301,-74,-12608,4020,7780,-991,-142,251,-12568,-6800,7528,-583,-240,-301,0
3184.878210067749,7116,7756,11644,-26,72,-19,6472,-8452,11368,-1,249,-97,-12684,4084,7712,-1003,-82,-26,-12716,-6864,7352,-546,40,-287,0
3184.9132080078125,7024,7700,11660,-37,31,12,6404,-8376,11420,-21,276,-121,-12628,3976,7788,-1020,-65,-44,-12660,-6864,7472,-514,39,-277,0
3184.9488101005554,7084,7920,11624,-25,32,-13,6464,-8472,11476,10,273,-114,-12596,4012,7820,-1021,-108,-24,-12724,-6764,7444,-555,78,-307,0
3184.9839820861816,7164,7708,11696,-72,-251,19,6564,-8424,11316,21,277,-67,-12532,4004,7600,-1094,-95,-17,-12748,-6776,7540,-585,37,-263,0
3185.0206749439244,7152,7800,11392,-245,126,25,6416,-8336,11036,28,293,-65,-12664,3992,7676,-1097,-49,-18,-12736,-6908,7484,-553,-1,-267,0
3185.0556960105896,7032,7776,11700,-90,76,-244,6464,-8228,11392,-10,249,-90,-12320,3896,7684,-984,-71,-69,-12620,-6820,7548,-505,94,-195,0
3185.092222929001,7064,7800,11680,-168,25,61,6452,-8416,11700,56,237,-141,-12636,4072,7800,-1069,2,-66,-12676,-6864,7536,-460,143,-140,0
3185.125869035721,6972,7828,11612,-189,-84,138,6340,-8472,11444,52,153,-137,-12540,4032,7948,-1075,108,-101,-12688,-6924,7536,-517,190,-98,0
3185.1592340469365,7000,7836,11744,-127,-213,174,6284,-8368,11456,19,117,-241,-12500,4052,8136,-1041,136,-178,-12308,-6940,7628,-507,184,-38,0
3185.192449092865,6892,7824,11692,-162,-219,132,6372,-8600,11316,-27,143,-234,-12460,4032,7748,-949,127,-152,-12568,-6820,7524,-470,203,-77,0
3185.2260529994965,7152,7732,11600,-216,-265,133,6248,-8372,11444,3,111,-310,-12464,4064,7688,-1023,231,-198,-12760,-6904,7180,-393,300,-23,0
3185.2597889900208,7092,7860,11508,-257,-259,136,6376,-8240,11456,-5,104,-316,-12664,4048,7864,-1043,167,-195,-12640,-6816,7232,-447,276,-59,0
3185.2931520938873,7184,7876,11672,-263,-263,155,6464,-8448,11316,-15,114,-315,-12508,3888,7916,-957,180,-173,-12772,-6872,7312,-432,260,-17,0
3185.3267960548405,6996,7744,11424,-308,-233,119,6408,-8232,11292,-23,88,-320,-12548,3868,7652,-959,175,-193,-12688,-6668,7672,-412,310,0,0
3185.360278129577,7284,7728,11552,-325,-222,167,6588,-8444,11436,-46,46,-319,-12732,3932,7744,-999,206,-171,-12772,-6800,7280,-414,273,-15,0
3185.3933091163635,7180,7744,11444,-274,-242,179,6576,-8352,11416,-68,82,-279,-12632,3896,7864,-969,154,-98,-12972,-6836,7336,-432,222,-55,0
3185.4270639419556,7104,7728,11496,-267,-199,100,6556,-8312,11200,-97,178,-263,-12524,3888,7788,-973,57,-44,-12676,-6792,7352,-406,137,-155,0
3185.4602911472325,7016,7692,11512,-293,-76,21,6432,-8280,11220,-146,267,-199,-12596,4196,7444,-938,-8,-50,-12780,-6796,7172,-408,102,-209,0
3185.493658065796,7220,7624,11408,-256,39,-34,6512,-8368,11376,-150,308,-137,-12668,3988,7908,-895,-35,28,-12692,-6784,7300,-414,27,-210,0
3185.5273530483246,7176,7700,11620,-216,80,-15,6488,-8532,11412,-114,248,-156,-12780,4032,7864,-929,22,-34,-12656,-6740,7636,-369,144,-151,0
3185.5608010292053,7108,7852,11600,-304,-17,19,6456,-8196,11456,-101,145,-266,-12564,4032,7712,-967,136,-102,-12644,-6852,7604,-323,235,-88,0
3185.5942521095276,7040,7860,11692,-314,-117,77,6452,-8672,11480,-154,95,-306,-12688,4048,7992,-955,185,-116,-12676,-6836,7404,-389,249,-88,0
3185.6280059814453,6924,7452,11544,-223,-203,90,6500,-8564,11600,-168,136,-292,-12632,4132,7852,-931,72,-139,-12600,-6784,7452,-450,230,-141,0
3185.66135597229,7148,7632,11572,-160,-160,38,6392,-8432,11456,-82,172,-276,-12668,4084,7924,-1012,65,-119,-12624,-6840,7620,-451,194,-148,0
3185.694751024246,7076,7760,11760,-188,-76,34,6596,-8388,11292,-2,185,-188,-12548,3972,7776,-1026,67,-64,-12684,-6760,7456,-434,102,-181,0
3185.728259086609,7132,7728,11628,-185,4,39,6296,-8372,11208,-93,242,-131,-12576,4056,7932,-933,11,-6,-12780,-6824,7464,-438,26,-128,0
3185.7618250846863,7040,7700,11716,-177,41,31,6476,-8580,11412,-82,179,-123,-12408,3872,7804,-1003,112,244,-12768,-6784,7532,-466,67,-93,0
3185.7950160503387,7180,7728,11608,-209,15,162,6420,-8448,11432,-95,130,-114,-12568,4020,7708,-993,142,5,-12740,-6724,7604,-554,60,-57,0
3185.828513145447,7060,7644,11696,-143,-47,199,6500,-8464,11692,-99,96,-131,-12512,4008,7744,-954,192,-246,-12632,-6824,7408,-765,92,-68,0
3185.8619799613953,7132,7928,11680,-193,-76,190,6516,-8228,11516,-119,118,-164,-12552,4004,7756,-977,203,-44,-12688,-6852,7464,-482,147,-59,0
3185.89524102211,7180,7644,11436,-216,-75,149,6440,-8228,11236,-135,118,-173,-12796,4028,7524,-929,191,-73,-12604,-6784,7412,-429,178,-114,0
3185.928782939911,7068,7708,11428,-511,-148,107,6640,-8388,11448,-56,166,-251,-12780,3884,7832,-932,189,-130,-12680,-6828,7372,-372,294,-69,0
3185.9624230861664,7352,7836,11620,-263,-140,110,6640,-8388,11472,-17,97,-310,-12640,4000,7924,-975,184,-157,-12732,-6752,7480,-383,255,-62,0
3185.9957511425014,7224,7848,11576,-219,-171,110,6672,-8472,11480,-64,92,-302,-12772,4032,8028,-924,117,-139,-12600,-6676,7624,-412,281,-127,0
3186.029349088669,7100,7476,11612,-237,-127,51,6436,-8416,11388,-49,142,-252,-12700,3976,7840,-916,50,-165,-12852,-6836,7464,-415,205,-119,0
3186.0629580020905,7384,7756,11304,-213,-100,58,6416,-8512,11532,-47,117,-212,-12584,3844,7820,-974,91,-103,-12728,-6792,7452,-430,216,-132,0
3186.096230983734,7320,7724,11568,-233,-45,112,6384,-8200,11388,-54,145,-185,-12736,3844,7640,-979,186,-74,-12660,-6888,7540,-441,142,-61,0
3186.1337199211125,7048,7828,11592,-245,-72,104,6436,-8392,11300,-75,141,-192,-12788,3976,7852,-946,67,-36,-12764,-6848,7544,-435,155,-88,0
3186.1692559719086,7108,7680,11544,-226,-91,110,6452,-8468,11436,-79,94,-236,-12664,4316,7524,-978,176,-112,-12748,-6780,7656,-472,179,-59,0
3186.2050840854645,7152,7784,11580,-170,-122,124,6476,-8492,11492,-54,70,-216,-12612,4048,7472,-1040,145,-101,-12704,-6772,7420,-468,216,-75,0
3186.2407081127167,7164,7672,11716,-144,-129,174,6460,-8456,11348,-50,38,-232,-12464,4060,7588,-1060,188,-130,-12716,-6676,7460,-493,231,-46,0
3186.2755789756775,7144,7432,11604,-181,-132,157,6444,-8484,11272,-33,-256,-215,-12660,4032,7872,-1010,119,-82,-12628,-6856,7524,-457,155,-67,0
3186.3113529682164,7124,7740,11592,-200,-116,120,6688,-8404,11280,-134,100,-285,-12648,3952,7724,-962,207,-171,-12820,-6752,7396,-405,206,-91,0
3186.346215963364,7248,7564,11488,-244,-189,90,6436,-8672,11380,-107,162,-240,-12696,3964,7800,-1018,79,-89,-12840,-6720,7420,-440,192,-111,0
3186.3822259902954,7344,7644,11552,-232,-30,111,6596,-8396,11416,-41,159,-174,-12700,3952,7700,-1003,36,-46,-13052,-6844,7332,-497,103,-152,0
3186.4174280166626,7300,7924,11532,-205,-74,82,6568,-8468,11300,-57,169,-196,-12716,4016,7772,-939,102,-98,-12708,-6708,7504,-446,135,-132,0
3186.45320892334,7196,7556,11612,-193,-8,82,6532,-8584,11316,-242,167,-208,-12640,4044,7472,-1012,57,-54,-12716,-6440,7468,-482,126,-134,0
3186.488906145096,7228,7424,11556,-180,-30,91,6528,-8404,11508,-16,164,-119,-12604,3940,7724,-975,42,-18,-12792,-6772,7572,-482,30,-144,0
3186.5236809253693,7136,7756,11696,-212,-22,98,6436,-8420,11372,-60,177,-115,-12724,3860,7868,-937,63,-26,-12624,-6664,7488,-469,50,-153,0
3186.5591809749603,7004,7640,11496,-228,-12,105,6644,-8268,11376,-86,173,-135,-12456,3944,7788,-962,138,-28,-12648,-6836,7456,-477,127,-83,0
3186.594249010086,7032,7732,11756,-196,-75,157,6396,-8352,11512,-65,74,-173,-12504,3948,7644,-991,215,-108,-12664,-6912,7396,-463,217,255,0
3186.6294751167297,7204,7852,11532,-242,-122,194,6548,-8420,11396,-94,-256,-251,-12584,3988,7784,-1007,219,-108,-12660,-6724,7548,-451,216,-51,0
3186.6682081222534,7344,7724,11556,-187,-146,120,6572,-8392,11372,-113,72,-247,-12716,4000,7692,-973,152,-108,-12828,-6736,7184,-426,219,-66,0
3186.7037079334254,7304,7616,11472,-8,-105,83,6612,-8460,11380,-77,95,-273,-12704,4008,7780,-997,156,-97,-12848,-6688,7392,-426,198,-118,0
3186.7392749786377,7196,7596,11608,-253,-120,59,6616,-8552,11064,-60,171,-211,-12732,4000,7656,-984,84,-101,-12772,-6692,7480,-429,171,-124,0
3186.7757520675655,7200,7688,11652,-221,-110,76,6468,-8208,11324,-22,159,-197,-12600,3848,7800,-1006,97,-32,-12824,-6776,7648,-441,140,-79,0
3186.8089890480046,7412,7668,11712,-213,-61,118,6536,-8484,11292,-43,127,-201,-12556,4004,7924,-915,63,-49,-12740,-6812,7424,-459,155,-111,0
3186.842586040497,7120,7548,11760,-210,-71,114,6572,-8528,11212,-58,128,-194,-12704,4308,7628,-962,102,-98,-12752,-6428,7468,-496,181,-126,0
3186.8762040138245,7188,7676,11640,-215,-100,97,6460,-8692,11008,-52,124,-184,-12596,4084,7840,-969,54,-113,-12808,-6784,7556,-456,176,-98,0
3186.909554004669,7112,7664,11728,-191,-114,111,6492,-8472,11272,-10,165,-180,-12648,4160,7748,-988,72,-85,-12744,-6704,7500,-465,163,-115,0
3186.9430589675903,7096,7568,11728,-219,-89,119,6488,-8464,11324,-255,126,-209,-12688,4104,7804,-1002,154,-96,-12696,-6832,7488,-439,181,-92,0
3186.976819038391,7148,7448,11896,-279,-103,118,6476,-8516,11396,-29,130,-210,-12684,4088,7840,-961,84,-93,-13044,-6720,7436,-446,174,-100,0
3187.0104260444646,7212,7716,11644,-226,-146,93,6572,-8488,11408,-46,167,-196,-12712,4320,7688,-974,46,-121,-12720,-6716,7440,-477,188,-127,0
3187.043925046921,7168,7604,11664,-260,-141,85,6488,-8372,11264,-26,189,-206,-12336,4040,7740,-771,50,-159,-12756,-6852,7356,-462,172,-98,0
3187.0777060985565,7256,7732,11568,-171,-110,75,6544,-8348,11384,-58,130,-205,-12632,3884,7924,-973,67,-119,-12904,-6852,7320,-478,167,-140,0
3187.1112070083614,7296,7648,11688,-177,-124,25,6604,-8636,11488,-115,198,-228,-12780,4032,7724,-915,-7,-57,-12792,-6724,7396,-476,169,-125,0
3187.1444449424744,7196,7652,11796,-177,-16,32,6580,-8440,11296,-45,188,-215,-12584,4140,7556,-998,28,-65,-12704,-6608,7644,-474,190,-161,0
3187.1782240867615,7124,7672,11640,-188,-51,104,6432,-8388,11332,27,132,-189,-12540,4044,7708,-771,118,-79,-12772,-6740,7456,-440,177,-80,0
3187.211743116379,7096,7632,11600,-190,-62,155,6548,-8704,11360,-63,96,-191,-12344,4088,7840,-771,152,-98,-12736,-6832,7576,-461,108,-86,0
3187.245281934738,7208,7588,11680,-198,-102,118,6496,-8464,11272,-96,96,-157,-12612,4028,7916,-988,124,-46,-12704,-6836,7468,-472,69,-160,0
3187.278911113739,7296,7592,11680,-180,-4,131,6540,-8684,11020,-39,120,-176,-12700,4044,7492,-1038,73,-37,-12744,-6660,7504,-494,115,-116,0
3187.312287092209,7264,7648,11764,-198,-65,92,6492,-8384,11200,-20,119,-171,-12504,4024,7592,-1022,65,-65,-12812,-6656,7488,-498,173,-137,0
3187.345603942871,7164,7568,11684,-173,-80,91,6412,-8568,11392,-43,110,-214,-12672,4012,7640,-1055,78,-112,-12656,-6756,7452,-768,181,-138,0
3187.3795089721684,7108,7592,11556,-168,-106,100,6372,-8496,11320,247,88,-206,-12548,4064,7728,-1038,161,-114,-12736,-6764,7496,-489,153,-118,0
3187.4129481315613,7108,7668,11624,-160,-40,112,6604,-8516,11224,-62,68,-209,-12652,4040,7540,-999,152,-53,-12704,-6696,7360,-493,176,-78,0
3187.4466590881348,7268,7632,11680,-174,-72,113,6584,-8372,11476,-34,91,-200,-12672,3960,7484,-1025,151,-68,-12648,-6540,7376,-487,185,-66,0
3187.480119943619,7104,7556,11640,-162,-113,141,6576,-8568,11444,-27,73,-194,-12604,4084,7828,-1278,170,-112,-12876,-6688,7512,-455,198,-73,0
3187.5136749744415,7064,7612,11724,-171,-129,180,6544,-8460,11176,-37,73,-204,-12708,4012,7980,-1019,139,-118,-13040,-6488,7264,-474,150,-99,0
3187.547464132309,7216,7600,11468,-169,-130,98,6616,-8400,11412,-53,162,-182,-12636,4044,7912,-1012,46,-115,-12792,-6672,7404,-260,153,-159,0
3187.580590963364,7056,7568,11596,-177,-110,105,6464,-8528,11472,9,112,-188,-12564,4100,7836,-989,76,-87,-12784,-6792,7488,-474,138,-97,0
3187.614154100418,7036,7628,11588,-148,-39,108,6476,-8584,11348,6,136,-171,-12348,3988,7772,-982,41,-74,-12744,-6760,7280,-499,162,-139,0
3187.6473119258885,6976,7432,11636,-145,-92,67,6432,-8384,11456,-47,128,-197,-12688,4036,7792,-1265,40,-106,-12748,-6816,7376,-259,166,-139,0
3187.680572986603,7376,7696,11628,-156,-74,87,6492,-8236,11472,-41,104,-167,-12792,3952,7608,-1012,164,-63,-12820,-6604,7560,-520,98,-72,0
3187.714199066162,7204,7632,11576,-196,-48,142,6600,-8356,11048,-45,66,-149,-12612,3940,7696,-789,-14,-40,-12724,-6704,7200,-470,106,-49,0
3187.7477691173553,7148,7680,11476,-217,-69,149,6588,-8444,11168,-72,56,-149,-12700,4056,7712,-1013,155,-50,-12720,-6792,7300,-488,99,-89,0
3187.7806479930878,7196,7628,11596,-153,-56,73,6680,-8476,11360,-121,131,-145,-12732,4064,7692,-1030,22,-15,-12788,-6696,7272,-506,70,-213,0
3187.818200111389,7188,7612,11268,-115,53,26,6612,-8488,11284,-55,199,-135,-12636,3980,7792,-1010,-31,249,-12824,-6840,7408,-532,73,-222,0
3187.8533041477203,7216,7520,11652,-136,73,-9,6544,-8516,11244,-41,510,-154,-12696,4004,7752,-1004,-24,-47,-12828,-6732,7368,-463,115,-186,0
3187.8887009620667,7204,7696,11732,-167,18,247,6564,-8536,11384,3,192,-182,-12704,4036,7816,-769,29,-57,-12860,-6724,7664,-438,164,-183,0
3187.9241840839386,7144,7704,11580,-136,-54,34,6568,-8540,11344,-38,202,-176,-12696,4056,7696,-992,19,-84,-12552,-6748,7564,-493,147,-177,0
3187.96013712883,7368,7612,11560,-159,-50,52,6476,-8408,11468,-57,164,-176,-12672,3844,7688,-949,7,-64,-12624,-6776,7480,-489,125,-193,0
3187.995054960251,7080,7612,11320,-115,-53,78,6524,-8512,11416,-69,154,-149,-12544,4056,7788,-974,5,-50,-12688,-6820,7320,-473,117,-167,0
3188.030741930008,7068,7604,11548,-149,-47,81,6504,-8416,11284,-105,158,-155,-12604,3976,7796,-1014,24,-35,-12632,-6756,7440,-477,121,-155,0
3188.0671689510345,7116,7688,11640,-142,-25,81,6528,-8552,11508,-66,162,-143,-12596,3864,7640,-979,31,-50,-12692,-6656,7772,-518,105,-148,0
3188.102110147476,7052,7664,11664,-138,-19,109,6440,-8464,11288,-30,122,-152,-12752,3904,8044,-988,20,-62,-12756,-6700,7508,-483,134,-111,0
3188.1381480693817,7032,7900,11676,-110,-59,121,6508,-8448,11496,-51,93,-196,-12564,3992,7600,-1056,118,-94,-12764,-6772,7328,-487,192,-82,0
3188.1735920906067,6916,7676,11700,-148,-68,96,6532,-8460,11176,-55,95,-175,-12644,3976,7932,-1097,142,-43,-12756,-6792,7176,-493,190,-97,0
3188.2094600200653,7128,7700,11588,-185,-82,112,6532,-8244,11328,-33,173,-177,-12648,4084,7924,-1002,127,-101,-12784,-6792,7624,-486,175,-98,0
3188.24481010437,7216,7668,11780,-191,-63,99,6624,-8536,11424,-23,138,-169,-12612,4136,7836,-918,36,-42,-12768,-6704,7504,-474,139,-107,0
3188.2807569503784,7284,7668,11520,-169,-70,135,6424,-8576,11492,6,109,-166,-12664,3984,7900,-1048,103,-90,-12772,-6848,7428,-470,179,-77,0
3188.315544128418,7040,7920,11576,-161,-97,136,6388,-8608,11428,-25,118,-197,-12580,4116,7904,-997,109,-77,-12624,-6748,7472,-493,174,-66,0
3188.3517820835114,7060,7700,11560,-201,-133,169,6400,-8476,11356,-42,94,-195,-12508,4032,7792,-978,124,-118,-12772,-6744,7180,-485,179,-73,0
3188.3875970840454,7108,7616,11604,-217,-142,151,6456,-8500,11224,-43,79,-208,-12504,3844,7820,-974,136,-123,-12664,-6824,7308,-452,221,-62,0
3188.422680139541,7072,7460,11640,-217,-162,168,6528,-8608,11384,-15,42,-256,-12760,4088,7528,-999,161,-135,-12644,-6488,7412,-474,508,-37,0
3188.458197116852,7104,7640,11520,-211,-192,184,6620,-8324,11444,3,70,-263,-12596,4016,7820,-989,156,-142,-12824,-6824,7668,-478,289,-15,0
3188.4916529655457,7164,7692,11592,-211,-188,145,6560,-8496,11284,-42,82,-276,-12616,4060,7604,-967,189,-152,-12896,-6804,7184,-480,197,-44,0
3188.525254011154,7312,7576,11716,-182,-170,175,6588,-8632,11252,-4,76,-235,-12684,4148,7776,-988,173,-132,-12760,-6416,7176,-483,204,-74,0
3188.5587589740753,7072,7636,11664,-290,-181,185,6576,-8524,11324,27,76,-228,-12540,4044,7740,-1007,175,-111,-13020,-6796,7316,-476,193,-37,0
3188.5919930934906,7104,7720,11676,-191,-129,162,6576,-8488,11344,-4,72,-225,-12632,4008,7812,-989,219,-121,-12648,-6824,7168,-453,185,-53,0
3188.6254160404205,6944,7684,11620,-237,-193,120,6444,-8240,11244,-25,95,-258,-12580,4036,7756,-947,240,-176,-12896,-6540,7548,-442,245,-33,0
3188.6587550640106,7240,7620,11652,-265,-193,163,6640,-8440,11304,-20,56,-278,-12716,4044,7804,-1019,204,-123,-12736,-6724,7384,-379,235,-54,0
3188.6918909549713,7316,7596,11480,-249,-238,171,6616,-8284,11244,-27,84,-241,-12696,3976,7720,-1009,218,-118,-12692,-6752,7448,-390,174,-28,0
3188.7254769802094,7200,7860,11560,-285,-200,139,6528,-8376,11076,-53,97,-510,-12548,3848,7736,-931,188,-133,-12736,-6660,7280,-402,197,-63,0
3188.759196996689,6940,7624,11660,-290,-233,118,6608,-8560,11456,-33,99,-312,-12700,4008,7864,-960,122,-213,-12672,-6748,7416,-434,275,-97,0
3188.792375087738,6940,7560,11688,-507,-263,104,6552,-8492,11520,-11,88,-316,-12704,4000,7464,-922,128,-205,-12632,-6704,7276,-459,270,-83,0
3188.825772047043,7180,7660,11572,-217,-209,107,6604,-8240,11020,-61,91,-290,-12656,3996,7416,-956,242,-181,-13040,-6636,7380,-430,235,-76,0
3188.859256029129,7288,7552,11672,-238,-205,115,6900,-8316,11244,-66,87,-301,-12604,3872,7592,-976,245,-119,-12856,-6716,7400,-396,209,-70,0
3188.8923349380493,7324,7556,11628,-216,-87,61,6624,-8376,11168,-73,79,-233,-12732,4088,7688,-990,190,-101,-12816,-6576,7372,-447,153,-109,0
3188.9258069992065,7264,7584,11576,-186,-32,79,6740,-8464,11212,-84,172,-157,-12764,3896,7436,-992,134,-66,-12816,-6424,7364,-487,143,-155,0
3188.959447145462,7404,7556,11284,-167,41,71,6760,-8436,11464,-53,164,-154,-12744,4000,7436,-1058,134,20,-12888,-6564,7304,-480,86,-152,0
3188.9929969310765,7276,7516,11652,-142,63,78,6656,-8312,11060,-93,125,-140,-12684,4004,7568,-1276,124,-57,-12816,-6660,7304,-471,79,-152,0
3189.0262389183044,7316,7436,11764,-155,13,82,6680,-8452,11300,-112,130,-160,-12768,3904,7724,-998,70,-45,-12832,-6584,7320,-453,135,-142,0
3189.060377120972,7188,7600,11620,-152,-8,65,6632,-8524,11384,-109,161,-145,-12792,3968,7504,-987,-29,-76,-12784,-6680,7420,-466,131,-206,0
3189.093735933304,7168,7564,11608,-145,18,37,6584,-8536,11340,-59,187,-156,-12568,4060,7760,-998,59,-58,-12792,-6628,7404,-480,111,-205,0
3189.127368927002,7216,7508,11584,-138,43,29,6568,-8332,11328,-65,236,-162,-12328,4056,7684,-1001,-28,-31,-12712,-6756,7392,-454,159,-178,0
3189.1607251167297,7048,7680,11680,-171,7,48,6620,-8684,11284,-75,189,-167,-12568,4000,7764,-957,1,-60,-12752,-6712,7504,-486,111,-159,0
3189.1939001083374,6944,7648,11496,-127,7,70,6536,-8508,11316,-91,147,-135,-12716,4068,7772,-988,60,-43,-12756,-6688,7360,-258,115,-147,0
3189.2275869846344,6984,7620,11680,-150,251,50,6612,-8516,11208,-65,162,-127,-12744,4044,7744,-1006,-19,-38,-12732,-6912,7488,-486,123,-154,0
3189.2612240314484,7112,7740,11632,-156,-21,93,6612,-8396,11292,-16,175,-152,-12656,3924,7820,-986,28,-9,-12736,-6820,7612,-497,118,-123,0
3189.2944641113286,7260,7752,11628,-130,-23,38,6600,-8472,11308,-78,213,-159,-12768,3924,7760,-993,-23,-40,-12772,-6740,7188,-496,117,-192,0
3189.3280870914455,7220,7728,11616,-148,-18,26,6660,-8504,11224,-71,199,-161,-12620,4004,7628,-938,-22,-76,-12824,-6664,7284,-464,137,-171,0
3189.3614389896393,7280,7576,11640,-153,-14,30,6416,-8616,11176,-92,202,-184,-12660,4096,7624,-977,17,233,-12760,-6608,7400,-449,83,-179,0
3189.3946459293365,7388,7664,11620,-143,252,62,6668,-8468,11188,-71,186,-149,-12664,3940,7740,-1005,20,-13,-12788,-6868,7636,-449,111,-164,0
3189.428144931793,7420,7428,11660,-169,12,26,6604,-8408,11312,-63,211,-144,-12532,4124,7724,-996,-31,-69,-12836,-6628,7372,-445,87,-155,0
3189.4614000320435,7408,7912,11620,-169,10,46,6564,-8532,11264,-86,190,-138,-12724,4096,7436,-975,36,-40,-12708,-6708,7512,-483,77,-143,0
3189.499288082123,7072,7656,11532,-135,-21,72,6536,-8524,11212,-14,127,-158,-12648,3992,7824,-1037,11,-78,-12724,-6652,7472,-477,95,-141,0
3189.5349709987645,7060,7688,11764,-115,-7,86,6552,-8676,11424,-48,132,-146,-12748,4032,7568,-994,84,-38,-12800,-6652,7556,-503,123,-148,0
3189.570832967758,7120,7608,11608,-154,-98,106,6520,-8448,11280,-65,177,-211,-12308,4132,8008,-1060,116,-61,-12760,-6488,7172,-453,131,-100,0
3189.6061470508575,7128,7624,11584,-193,-28,110,6692,-8484,11380,-56,126,-167,-12616,4036,7696,-986,98,-64,-12724,-6716,7532,-493,131,-112,0
3189.641807079315,7104,7640,11564,-172,-39,93,6544,-8480,11240,-33,113,-142,-12748,3864,7920,-999,116,-65,-12764,-6776,7208,-466,126,-90,0
3189.6776411533356,7204,7692,11588,-178,-51,97,6596,-8568,11396,-57,186,-180,-12588,3992,7712,-1035,86,-67,-12736,-6700,7412,-481,159,-146,0
3189.7123730182648,7036,7608,11656,-163,-82,97,6600,-8452,11140,-71,158,-186,-12624,3988,7780,-982,44,-92,-12740,-6776,7384,-486,169,-141,0
3189.7482681274414,7220,7724,11624,-161,-31,71,6496,-8456,11500,-42,159,-200,-12560,4024,7840,-1001,71,-99,-12708,-6420,7376,-464,165,-133,0
3189.7834079265594,6936,7744,11648,-187,-50,105,6520,-8532,11296,8,167,-175,-12620,4136,8000,-1045,114,-58,-12740,-6680,7432,-491,167,-124,0
3189.8192560672765,7124,7708,11576,-225,-105,125,6432,-8568,11368,56,110,-207,-12372,4156,7888,-1016,147,-160,-12836,-6736,7432,-462,211,-49,0
3189.854882955551,7032,7664,11624,-218,-152,176,6536,-8508,11340,2,80,-230,-12524,4116,7928,-981,184,-111,-12860,-6780,7172,-501,215,-36,0
3189.8902430534363,7120,7676,11684,-182,-253,181,6508,-8564,11240,-36,93,-226,-12616,4156,7852,-1013,150,-153,-12768,-6680,7456,-536,221,-93,0
3189.9255480766296,7012,7672,11600,-226,-215,195,6512,-8564,11516,-250,96,-198,-12548,4076,7792,-1272,189,-87,-12784,-6896,7172,-501,167,-26,0
3189.9609310626984,7080,7700,11744,-193,-167,172,6548,-8524,11380,24,92,-203,-12652,4144,7732,-993,200,-113,-12712,-6724,7204,-472,200,-63,0
3189.9962260723114,7188,7464,11580,-251,-173,137,6648,-8596,11292,41,127,-222,-12680,3920,7732,-961,174,-139,-12776,-6908,7220,-478,221,-95,0
3190.031827926636,7272,7628,11600,-277,-153,164,6572,-8516,11308,19,105,-283,-12724,4140,7668,-1076,197,-164,-12844,-6876,7596,-428,225,-29,0
3190.0677950382233,7296,7616,11728,-1,-220,164,6532,-8268,11444,-6,111,-226,-12640,4048,7684,-1010,192,-124,-12792,-6644,7504,-451,182,-72,0
3190.102807998657,7156,7608,11544,-288,-221,153,6440,-8516,11284,250,103,-240,-12624,3988,7808,-1003,189,-117,-12676,-6704,7400,-481,183,-69,0
3190.1381509304047,7252,7604,11576,-14,-215,151,6528,-8464,11256,255,109,-254,-12676,4032,7688,-999,180,-136,-12780,-6868,7416,-476,225,-77,0
3190.171782016754,7168,7564,11640,-217,-223,155,6696,-8460,11240,59,73,-503,-12324,4000,7448,-783,153,-138,-12548,-6668,7180,-472,235,-91,0
3190.205188035965,7136,7600,11616,-239,-211,183,6520,-8536,11292,13,80,-216,-12792,4320,7820,-993,130,-75,-12744,-6648,7372,-485,180,-47,0
3190.2386939525604,7212,7532,11624,-204,-203,178,6548,-8484,11276,6,107,-207,-12720,4060,7732,-1013,164,-101,-12764,-6664,7332,-461,184,-69,0
3190.272238969803,7276,7560,11572,-205,-130,165,6516,-8500,11464,-11,70,-212,-12716,4132,7732,-997,154,-127,-12732,-6892,7472,-483,169,-65,0
3190.3054671287537,7256,7548,11544,-177,-147,150,6884,-8508,11504,-25,110,-203,-12692,4112,7692,-990,116,-93,-12572,-6720,7332,-494,162,-103,0
3190.3393230438232,7016,7556,11632,-175,-86,147,6724,-8444,11276,-19,126,-179,-12668,3976,7556,-1008,74,-54,-13040,-6588,7384,-506,136,-130,0
3190.372493982315,7236,7552,11568,-151,-50,120,6596,-8468,11068,-52,153,-151,-12648,4016,7512,-1039,105,-45,-12568,-6868,7208,-474,126,-150,0
3190.4058060646057,7216,7508,11636,-161,8,84,6732,-8268,11228,-40,153,-134,-12732,3984,7824,-1004,83,-56,-12808,-6620,7308,-477,102,-189,0
3190.439362049103,7260,7572,11632,-150,24,63,6624,-8456,11120,-55,183,-130,-12760,4068,7672,-1046,37,-78,-13056,-6576,7460,-501,135,-165,0
3190.4728629589085,7260,7684,11492,-126,2,61,6596,-8468,11340,-35,164,-156,-12624,4036,7900,-1019,76,-29,-12880,-6688,7304,-464,100,-173,0
3190.5062279701233,7340,7628,11556,-152,-4,78,6688,-8448,11332,-55,142,-171,-12664,4044,7816,-992,67,-3,-12800,-6780,7448,-461,101,-153,0
3190.5399169921875,7408,7592,11536,-165,25,64,6548,-8216,11332,-78,166,-175,-12636,4044,7796,-1011,58,-15,-12712,-6684,7392,-498,107,-165,0
3190.5734400749207,7208,7484,11648,-157,-15,67,6504,-8508,11344,-47,176,-136,-12660,4072,7684,-1064,38,-44,-12728,-6668,7268,-527,97,-174,0
3190.6069629192352,7160,7532,11704,-181,18,65,6576,-8428,11432,-31,176,-143,-12592,3888,7792,-1050,13,-36,-12684,-6704,7536,-492,80,-173,0
3190.6402089595795,7156,7432,11768,-119,63,57,6524,-8372,11320,-44,189,-124,-12624,3936,7684,-1031,-246,-254,-12872,-6696,7256,-497,93,-190,0
3190.6736810207367,6936,7628,11624,-170,24,26,6608,-8528,11364,-74,245,-156,-12668,4324,7908,-987,52,-36,-12552,-6664,7428,-482,95,-168,0
3190.707412004471,7156,7572,11544,-161,38,43,6536,-8652,11476,-62,164,-145,-12372,3876,7892,-995,19,-55,-12780,-6604,7208,-482,107,-146,0
3190.740841150284,7152,7564,11616,-127,-32,98,6660,-8400,11068,-68,114,-144,-12580,4052,7796,-1036,102,-82,-13028,-6728,7508,-487,75,-135,0
3190.774255990982,7380,7664,11712,-156,-18,87,6408,-8548,11188,-51,150,-136,-12760,4080,7884,-981,96,-59,-13016,-6912,7664,-480,103,-114,0
3190.8076140880585,7076,7644,11664,-195,-51,116,6532,-8580,11164,-44,138,-196,-12620,4008,7788,-1007,91,-81,-12600,-6736,7604,-490,132,-93,0
3190.841036081314,6928,7864,11524,-174,-96,109,6496,-8476,11408,-10,148,-205,-12648,3996,7852,-972,87,-118,-12720,-6736,7408,-480,169,-96,0
3190.874454975128,7200,7920,11684,-190,-123,116,6488,-8540,11388,-15,135,-226,-12784,4008,7848,-1006,115,-124,-12708,-6676,7416,-497,189,-116,0
3190.9079959392548,7092,7492,11748,-164,-131,113,6440,-8232,11116,-59,179,-205,-12572,4052,7676,-982,96,-105,-12848,-6732,7400,-493,169,-139,0
3190.941642999649,7220,7868,11768,-170,-134,109,6648,-8424,11316,-34,126,-210,-12640,3960,7856,-981,161,-84,-12676,-6720,7504,-499,119,-132,0
3190.9752209186554,7004,7560,11684,-165,-97,80,6592,-8428,11456,-48,145,-195,-12708,4060,7704,-1000,128,-119,-12796,-6700,7380,-453,162,-106,0
3191.008716106415,7268,7556,11736,-185,-79,102,6628,-8376,11300,-35,125,-170,-12644,4048,7736,-1028,102,-86,-12960,-6408,7452,-475,143,-143,0
3191.0425810813904,7276,7676,11568,-196,-93,117,6584,-8416,11340,-53,134,-166,-12604,4084,7692,-978,121,-76,-12960,-6912,7520,-480,100,-154,0
3191.0760419368744,7296,7636,11580,-179,-38,84,6652,-8464,11008,-92,179,-174,-12616,4060,7884,-996,84,-79,-12736,-6680,7360,-768,97,-141,0
3191.109841108322,7348,7632,11764,-161,-9,77,6508,-8516,11320,-256,152,-157,-12616,4032,7748,-1004,105,-42,-12688,-6884,7556,-472,147,-121,0
3191.1427500247955,7132,7668,11672,-148,-34,96,6584,-8484,11056,5,104,-206,-12604,4004,7844,-977,103,-85,-12756,-6720,7536,-479,154,-108,0
3191.1808190345764,7072,7592,11676,-167,-118,92,6600,-8592,11376,-42,121,-191,-12596,4336,7692,-1036,94,-113,-12580,-6760,7620,-489,173,-100,0
3191.2174911499023,7268,7584,11632,-171,-78,102,6604,-8456,11284,-20,167,-160,-12688,4072,7912,-993,76,-49,-12920,-6692,7452,-464,100,-137,0
3191.2526960372925,6932,7644,11640,-151,-35,101,6532,-8568,11252,9,148,-124,-12556,4064,7868,-1034,66,-41,-12752,-6708,7540,-492,111,-137,0
3191.2885921001434,7056,7624,11548,-172,-40,105,6500,-8580,11160,-45,117,-165,-12524,4040,7740,-988,73,-57,-12696,-6680,7224,-472,147,-120,0
3191.3241980075836,7104,7876,11464,-184,-115,98,6508,-8256,11468,-54,118,-195,-12548,4088,7848,-980,107,-101,-12816,-6672,7628,-493,176,-98,0
3191.3601520061493,7276,7560,11576,-151,-108,117,6528,-8484,11260,-41,106,-212,-12648,3992,7932,-1028,112,-74,-12768,-6652,7260,-472,191,-120,0
3191.395098924637,6956,7668,11636,-156,-76,94,6548,-8492,11076,-11,93,-221,-12632,4060,7800,-1021,207,-116,-12784,-6648,7376,-491,142,-100,0
3191.4307560920715,7368,7600,11540,-170,-62,116,6704,-8552,11260,-28,112,-197,-12616,4100,7612,-1042,97,-69,-12732,-6672,7444,-475,173,-111,0
3191.4655990600586,7228,7620,11608,-176,-102,132,6648,-8496,11248,-47,98,-164,-12524,4076,7896,-977,122,-74,-12572,-6904,7668,-483,121,-135,0
3191.501841068268,7224,7672,11564,-124,-83,102,6712,-8476,11204,-73,109,-125,-12664,3960,7492,-895,-71,-36,-12756,-6764,7624,-509,69,-179,0
3191.537383079529,7228,7592,11504,-132,45,48,6848,-8664,11124,-99,153,-87,-12652,4328,7588,-1274,53,-252,-12760,-6704,7384,-469,53,-164,0
3191.5733020305634,7088,7456,11676,-156,60,51,6540,-8196,11360,-90,163,-131,-12564,4032,7888,-988,60,-30,-12628,-6820,7408,-427,104,-163,0
3191.6082711219788,7032,7736,11616,-217,23,63,6568,-8696,11364,-58,144,-190,-12692,3956,7880,-961,69,-64,-12808,-6896,7388,-444,140,-132,0
3191.643928050995,7244,7688,11676,-195,-28,54,6604,-8516,11252,-83,183,-234,-12616,4020,7924,-991,53,-96,-12692,-6740,7636,-451,151,-157,0
3191.6841609478,7156,7772,11656,-213,-80,32,6560,-8528,11156,-50,145,-282,-12572,4016,7868,-972,113,-114,-12988,-6692,7188,-435,207,-130,0
3191.7202129364014,7420,7456,11540,-193,-120,50,6652,-8700,11028,-44,137,-231,-12616,4012,7792,-974,81,-109,-12744,-6816,7304,-442,151,-105,0
3191.7549550533295,7280,7776,11560,-219,-63,48,6620,-8460,11336,26,162,-222,-12692,4080,7984,-973,107,-142,-12732,-6760,7660,-434,185,-58,0
3191.790761947632,7128,7744,11788,-284,-90,97,6560,-8588,11380,45,136,-230,-12556,3864,7904,-786,134,-150,-12680,-6596,7524,-467,219,-35,0
3191.8266870975494,7152,7720,11708,-173,-213,195,6512,-8564,11436,-49,79,-203,-12356,3840,7556,-1015,181,-120,-12736,-6672,7556,-528,185,255,0
3191.8601880073547,7256,7652,11748,-178,-240,225,6544,-8200,11268,-51,24,-199,-12460,4304,7916,-1279,260,-134,-12700,-6584,7500,-526,211,-23,0
3191.893415927887,6948,7560,11708,-176,-236,219,6528,-8528,11244,12,33,-228,-12588,4040,7828,-1016,248,-126,-12700,-6680,7400,-468,269,-5,0
3191.9269571304326,7100,7632,11544,-239,-245,205,6564,-8684,11188,48,66,-1,-12688,3976,7844,-994,234,-186,-12812,-6680,7472,-488,265,-20,0
3191.9603891372685,7384,7528,11752,-240,-268,199,6432,-8496,11236,52,106,-276,-12780,3872,7628,-1037,218,-176,-13044,-6648,7368,-498,260,-43,0
3191.993865966797,7248,7640,11804,-260,-191,160,6532,-8464,11244,39,120,-228,-12764,4028,7680,-1013,206,-172,-12872,-6648,7412,-260,219,-40,0
3192.0275180339813,7268,7612,11620,-240,-281,145,6584,-8484,11356,27,101,-220,-12604,3936,7464,-1025,181,-137,-12796,-6716,7320,-493,211,-43,0
3192.0612320899963,7160,7560,11420,-238,-236,199,6660,-8340,11332,71,88,-231,-12692,4088,7732,-962,101,-122,-12788,-6792,7312,-433,168,-94,0
3192.0947959423065,7368,7928,11508,-198,-137,132,6724,-8296,11280,-11,159,-4,-12612,3848,7736,-963,85,-99,-12820,-6716,7192,-489,208,-105,0
3192.1283869743347,7272,7532,11632,-210,-142,103,6424,-8684,11300,-5,142,-209,-12564,4008,7556,-1016,79,-92,-12844,-6432,7616,-526,159,-144,0
3192.161842107773,7408,7572,11292,-150,-68,124,6696,-8368,11132,-9,144,-105,-12644,3860,7504,-1054,61,254,-12848,-6592,7428,-487,75,-117,0
3192.1955580711365,7264,7580,11624,-170,62,117,6660,-8404,11232,-35,144,-82,-12616,3936,7728,-1006,109,255,-12740,-6640,7492,-482,37,-161,0
3192.229136943817,7308,7556,11676,-221,60,85,6640,-8424,11508,-33,180,-155,-12612,3904,7488,-1278,80,-8,-12884,-6656,7404,-469,106,-128,0
3192.262515068054,7244,7716,11564,-155,-249,82,6508,-8520,11276,-40,160,-146,-12608,4020,7816,-772,18,-36,-13048,-6696,7380,-476,197,-154,0
3192.29643702507,7232,7436,11752,-131,-64,136,6556,-8580,11324,-59,67,-187,-12652,3936,7788,-1010,122,-103,-12756,-6532,7480,-469,204,-66,0
3192.3300371170044,7256,7576,11528,-138,-70,97,6576,-8408,11292,-38,125,-251,-12632,3988,7664,-998,119,-131,-12776,-6628,7336,-484,208,-144,0
3192.363682985306,7188,7588,11716,-140,-112,77,6684,-8448,11120,-62,141,-210,-12748,4016,7652,-977,103,-87,-12816,-6464,7432,-451,174,-130,0
3192.3969399929047,7248,7564,11604,-223,-65,69,6700,-8556,11344,-17,170,-218,-12640,4160,7736,-960,21,-64,-12828,-6628,7528,-427,193,-144,0
3192.430344104767,6988,7592,11684,-212,-61,83,6472,-8552,11404,-15,181,-193,-12672,4016,7700,-990,63,-84,-12688,-6572,7492,-485,184,-158,0
3192.463869094848,7116,7620,11696,-137,-94,84,6568,-8376,11208,-65,123,-210,-12640,3968,7848,-970,62,-101,-12712,-6692,7420,-768,185,-110,0
3192.4974391460414,7412,7528,11588,-145,-140,105,6480,-8388,11324,-50,85,-228,-12772,4024,7840,-980,173,-135,-13016,-6900,7480,-472,187,-92,0
3192.531177997589,7196,7632,11596,-177,-116,134,6440,-8472,11156,-53,102,-229,-12696,3916,7840,-974,151,-85,-12832,-6880,7320,-445,169,-111,0
3192.564772129059,7332,7552,11700,-195,-116,102,6716,-8380,11420,-57,146,-195,-12556,3992,7892,-995,77,-47,-12812,-6892,7252,-474,157,-106,0
3192.5981380939484,7380,7648,11368,-156,-84,78,6708,-8504,11336,-63,167,-196,-12656,3880,7536,-1003,70,-91,-12824,-6684,7432,-488,142,-142,0
3192.631665945053,7344,7536,11580,-170,-80,37,6588,-8484,11276,-34,154,-182,-12692,3944,7692,-1003,99,-87,-12864,-6636,7392,-461,134,-147,0
3192.6649711132054,7244,7596,11568,-162,-52,86,6660,-8448,11380,-9,217,-219,-12636,4032,7596,-1017,64,-59,-12836,-6544,7440,-452,107,-110,0
3192.6985831260686,7384,7464,11728,-205,-81,90,6616,-8468,11312,-36,161,-156,-12536,4124,7836,-1003,108,-62,-12804,-6532,7460,-461,150,-123,0
3192.732041120529,7048,7552,11568,-221,-113,118,6612,-8432,11348,-43,136,-178,-12564,4032,7744,-999,122,-95,-12712,-6704,7364,-460,158,-103,0
3192.7655580043793,7228,7664,11500,-147,-63,111,6548,-8396,11272,-62,138,-186,-12584,3976,7740,-1041,109,-87,-12692,-6636,7372,-495,173,-126,0
3192.7991559505463,7196,7588,11528,-174,-61,79,6852,-8384,11340,-73,178,-206,-12560,4048,7832,-1003,95,-95,-12844,-6548,7496,-467,158,-135,0
3192.8350720405574,7256,7536,11736,-194,-21,75,6620,-8200,11404,-42,151,-202,-12692,3976,7724,-958,124,-96,-12568,-6656,7476,-457,169,-90,0
3192.8700840473175,7316,7644,11544,-188,-80,116,6644,-8440,11228,-59,165,-157,-12616,4048,7592,-974,106,-65,-12596,-6728,7460,-452,88,-107,0
3192.9056000709534,7260,7696,11544,-188,-77,94,6660,-8208,11288,-60,124,-159,-12592,4056,7908,-978,82,-79,-12804,-6904,7440,-477,122,-129,0
3192.9411740303044,7280,7552,11708,-199,-57,105,6564,-8488,11228,-64,134,-177,-12600,4004,7884,-992,96,-53,-12556,-6584,7608,-506,150,-91,0
3192.9762539863586,7224,7676,11692,-145,-75,118,6812,-8492,11280,-66,140,-206,-12640,3956,7760,-1020,132,-100,-12720,-6660,7324,-479,192,-83,0
3193.0122821331024,7420,7528,11616,-169,-108,131,6624,-8484,11444,-25,106,-241,-12648,3932,7644,-1054,204,-118,-12828,-6728,7440,-475,216,-78,0
3193.0478320121765,7212,7624,11560,-152,-159,118,6660,-8436,11268,-44,78,-241,-12724,3864,7972,-855,37,-154,-12868,-6644,7600,-448,218,-120,0
3193.0835089683533,7244,7636,11632,-184,-85,108,6632,-8448,11340,-47,154,-228,-12800,4208,7664,-1004,146,-67,-12908,-6528,7468,-468,203,-98,0
3193.11846613884,7320,7516,11704,-187,-95,130,6724,-8644,11396,-71,107,-197,-12660,3944,7680,-969,131,-79,-12864,-6648,7424,-464,173,-69,0
3193.1544880867004,7388,7688,11580,-190,-117,111,6656,-8472,11472,-72,165,-195,-12596,3984,7772,-1000,94,-45,-12728,-6744,7496,-457,131,-125,0
3193.2071449756622,7200,7572,11640,-170,-60,67,6640,-8440,11176,-126,174,-184,-12724,4064,7428,-1031,45,-17,-13008,-6888,7280,-458,120,-146,0
3193.254879951477,7344,7488,11604,-96,26,31,6592,-8664,11124,-42,231,-112,-12664,3996,7608,-1028,78,-63,-12552,-6572,7624,-499,79,-179,0
3193.2920100688934,7260,7520,11580,-134,10,59,6652,-8468,11172,-72,225,-165,-12704,4052,7592,-984,7,-23,-12896,-6736,7480,-470,143,-149,0
3193.3274590969086,7284,7532,11820,-152,6,70,6584,-8564,11340,-28,157,-160,-12700,4056,7780,-955,52,-41,-12868,-6700,7376,-490,136,-134,0
3193.3638279438014,7320,7684,11540,-142,-14,92,6864,-8524,11396,-76,168,-133,-12636,4048,7756,-947,251,-72,-12876,-6568,7448,-529,94,-148,0
3193.3996500968933,7244,7596,11616,-133,-59,140,6516,-8628,11156,-63,166,-140,-12660,4036,7640,-1040,-3,-47,-12712,-6512,7672,-534,109,-114,0
3193.434965133667,7252,7660,11456,-145,-58,131,6600,-8460,11504,-17,172,-98,-12684,3960,7800,-1038,7,-35,-12820,-6692,7444,-539,47,-150,0
3193.471724033356,7248,7656,11700,-140,-22,89,6452,-8488,11236,-5,257,-73,-12368,4052,7888,-1040,-22,-249,-12592,-6612,7408,-554,61,-187,0
3193.5051951408386,7268,7556,11568,-202,-248,31,6532,-8636,11568,81,244,-108,-12652,4176,7772,-777,48,-67,-12852,-6632,7424,-535,74,-156,0
3193.5387561321254,7192,7676,11872,-151,-43,97,6568,-8388,11044,37,193,-106,-12636,3984,7816,-1044,40,-63,-12828,-6568,7396,-581,77,-154,0
3193.5722761154175,7336,7596,11548,-138,-100,131,6564,-8496,11368,33,150,-95,-12676,4092,7740,-1035,42,-25,-12868,-6732,7308,-562,37,-117,0
3193.605756998062,7260,7672,11440,-170,-114,152,6572,-8496,11304,14,161,-96,-12584,4008,7756,-1028,79,-24,-12752,-6680,7444,-575,74,-142,0
3193.6390459537506,7124,7640,11624,-200,-123,139,6584,-8528,11436,71,146,-131,-12672,4044,7780,-1066,92,-75,-12720,-6688,7312,-578,113,-144,0
3193.6724021434784,7260,7424,11448,-165,-91,127,6696,-8384,11040,46,236,-148,-12564,4036,7732,-1000,107,-61,-12808,-6712,7436,-594,95,-176,0
3193.7058100700374,7044,7584,11608,-156,-45,81,6612,-8472,11424,-4,199,-175,-12640,4080,7608,-1056,89,-74,-12592,-6668,7188,-545,105,-183,0
3193.7395799160004,7312,7660,11528,-153,-103,69,6540,-8388,11344,-16,213,-154,-12616,3996,7616,-983,95,-42,-12640,-6792,7344,-482,93,-155,0
3193.773052930832,7252,7676,11584,-209,11,70,6560,-8416,11300,-48,194,-157,-12616,3860,7664,-1278,120,-24,-12992,-6612,7300,-447,79,-146,0
3193.8067080974574,7368,7580,11612,-213,-17,84,6616,-8448,11400,-10,210,-169,-12600,4280,7812,-1012,122,-51,-12880,-6644,7336,-479,108,-194,0
3193.8402659893036,7180,7484,11584,-176,-78,75,6616,-8408,11020,-18,162,-187,-12752,4080,8128,-1013,87,-55,-12816,-6688,7548,-481,98,-151,0
3193.873836994171,7140,7900,11536,-197,-88,80,6608,-8504,11320,-49,199,-171,-12648,4016,7852,-927,48,-29,-12740,-6716,7408,-478,83,-137,0
3193.9071991443634,7232,7584,11648,-184,-76,55,6400,-8228,11336,-77,193,-183,-12488,3964,7632,-948,61,-40,-12624,-6640,7408,-500,105,-196,0
3193.9406089782715,7144,7564,11600,-196,-57,37,6168,-8212,11296,-11,228,-179,-12788,3880,7792,-919,-3,-68,-12600,-6664,7520,-480,139,-165,0
3193.974184036255,6952,7884,11584,-175,-70,100,6440,-8540,11268,50,172,-174,-12572,4148,7804,-981,99,-79,-12728,-6752,7388,-510,191,-104,0
3194.0075850486755,7164,7440,11616,-185,-118,178,6428,-8560,11412,52,89,-106,-12708,4144,7760,-1017,201,-60,-12752,-6784,7552,-572,182,-108,0
3194.041039943695,6968,7456,11696,-132,-138,149,6600,-8504,11216,-14,153,-158,-12688,4120,7828,-1273,161,-40,-12740,-6716,7536,-569,146,-119,0
3194.0746469497685,7204,7640,11620,-128,-56,133,6476,-8476,11376,-66,181,-128,-12688,3880,7492,-1273,116,-28,-12856,-6688,7640,-550,98,-172,0
3194.1080639362335,7240,7636,11280,-152,-82,87,6528,-8212,11372,5,173,-112,-12676,3992,7756,-783,101,-53,-12772,-6876,7596,-531,75,-211,0
3194.141613006592,7320,7644,11408,-153,13,78,6640,-8404,11184,30,228,-79,-12668,3992,7808,-1036,78,4,-13028,-6780,7188,-547,10,-232,0
3194.1750221252446,7280,7448,11924,-128,-23,54,6524,-8692,11272,2,241,-102,-12592,4024,7744,-971,-63,-32,-12572,-6748,7324,-538,109,-262,0
3194.2086219787598,7328,7648,11300,-150,-53,-10,6852,-8200,11316,22,298,-152,-12708,4092,7592,-1010,-3,-253,-12876,-6728,7236,-487,110,-288,0
3194.242218017578,7380,7564,11544,-178,-13,-4,6592,-8560,11104,36,269,-161,-12668,4148,7752,-1047,-25,-53,-12824,-6656,7460,-454,99,-265,0
3194.2755899429326,7196,7660,11572,-168,-32,11,6344,-8548,11332,14,258,-200,-12748,4100,7904,-1096,174,-40,-12644,-6916,7500,-497,162,-202,0
3194.3091580867767,7168,7720,11636,-170,-75,42,6440,-8480,11580,8,215,-153,-12492,4084,8124,-970,-76,-21,-12608,-6784,7460,-519,131,-227,0
3194.3425190448766,6960,7652,11316,-110,-61,48,6392,-8468,11312,7,0,-112,-12788,4180,7760,-1017,-15,-34,-12696,-6844,7604,-541,105,-221,0
3194.3764791488647,7128,7728,11580,-111,-12,78,6396,-8488,11368,48,226,-105,-12372,4128,7752,-1110,50,-48,-12720,-6436,7516,-575,104,-167,0
3194.4098241329193,7204,7636,11496,-100,-28,139,6356,-8388,11504,97,210,-89,-12572,4176,7956,-1059,-36,-30,-12660,-6780,7528,-640,84,-142,0
3194.4434099197388,7192,7708,11796,-46,-31,162,6424,-8400,11340,99,171,-8,-12620,4228,7864,-1097,-25,-48,-13040,-6756,7644,-624,77,-192,0
3194.476951122284,7116,7720,11656,-50,17,170,6512,-8464,11332,129,201,-34,-12356,4240,7856,-1124,19,-251,-12784,-6688,7588,-663,51,-185,0
3194.5130360126495,7224,7664,11748,-41,-17,168,6560,-8444,11364,116,199,-55,-12508,3932,7720,-1113,35,-8,-12688,-6676,7480,-716,68,-150,0
3194.5488209724426,7376,7864,11716,-8,-61,229,6376,-8452,11480,62,173,-23,-12596,4016,7464,-1113,59,252,-12816,-6740,7404,-714,83,-187,0
3194.583743095398,7236,7780,11580,12,-35,225,6648,-8204,11336,77,183,-35,-12620,4232,7460,-1101,93,-35,-12780,-6764,7368,-620,4,-203,0
3194.6192779541016,7288,7664,11412,-18,-7,133,6504,-8288,11392,113,316,-54,-12648,3896,7864,-774,-77,16,-12724,-6884,7168,-616,36,-215,0
3194.6546099185944,7152,7640,11372,-71,20,130,6216,-8380,11356,195,227,-28,-12356,3992,7772,-1137,-45,-69,-12772,-6932,7204,-599,114,-215,0
3194.690204143524,6992,7752,11556,-46,255,114,6316,-8340,11360,109,193,-91,-12532,4076,7956,-1059,2,-95,-12632,-6972,7424,-609,161,-211,0
3194.7257039546967,7132,7800,11544,-41,-120,76,6336,-8428,11692,81,213,-186,-12688,3952,7880,-1072,105,-117,-12720,-7012,7424,-553,125,-224,0
3194.7615859508514,6988,7860,11532,-55,-57,99,6352,-8332,11312,72,133,-170,-12476,3964,7872,-1069,65,-149,-12556,-7144,7252,-533,130,-190,0
3194.7977521419525,7104,7996,11708,-84,-56,129,6392,-8268,11264,-8,110,-140,-12464,4032,7944,-1051,118,-16,-12616,-6696,7320,-521,77,-127,0
3194.8327889442444,7152,7840,11312,-100,-3,134,6272,-8352,11656,-36,102,-83,-12440,3956,7896,-992,135,-14,-12584,-6928,7340,-453,17,-108,0
3194.868739128113,7156,7844,11360,-121,58,113,6184,-8360,11520,-109,0,-14,-12508,3944,7820,-864,3,-25,-12512,-6908,7400,-472,30,-69,0
3194.904014110565,7084,7884,11672,-101,42,138,6248,-8392,11472,-134,27,-89,-12472,4092,7696,-1022,211,-244,-12356,-7108,7632,-463,81,-59,0
3194.9396600723267,7032,7772,11676,-113,17,206,6116,-8476,11388,-124,-62,-158,-12360,4088,7916,-1009,275,-46,-12536,-6684,7620,-492,160,34,0
3194.974991083145,7020,7692,11508,-159,-52,195,6304,-8528,11160,-72,-39,-226,-12600,4160,8148,-1080,248,-124,-12640,-6812,7472,-448,221,-33,0
3195.0107541084294,7416,7656,11604,-125,-102,135,6452,-8476,11368,-44,96,-176,-12736,4064,8044,-1035,72,-116,-12772,-7016,7508,-511,92,-179,0
3195.0466220378876,7184,7660,11644,-89,44,61,6400,-8488,11364,-34,220,-117,-12560,4056,7540,-1022,-5,-62,-12580,-6664,7228,-541,45,-225,0
3195.0818021297455,7136,7652,11600,-101,55,46,6404,-8456,11384,-29,204,-138,-12584,4132,7784,-1052,-31,-64,-12564,-6864,7516,-546,93,-190,0
3195.1177051067352,7048,7804,11568,-79,47,52,6196,-8428,11424,-1,197,-123,-12744,4072,7968,-1116,17,-30,-12788,-6896,7500,-514,39,-205,0
3195.152895927429,7128,7872,11632,-35,74,71,6488,-8208,11316,-27,17,-33,-12536,4036,8116,-981,17,-9,-12624,-6928,7344,-542,41,-229,0
3195.1881170272827,7160,7808,11492,-68,99,61,6332,-8380,11532,-31,30,-155,-12508,4072,7788,-1080,14,-15,-12676,-6856,7356,-585,29,-197,0
3195.221742153168,7060,7892,11604,-53,89,116,6216,-8256,11496,-54,-160,-46,-12504,4100,7660,-1084,105,248,-12640,-6960,7380,-573,9,-150,0
3195.255296945572,7132,7860,11672,-27,118,163,6184,-8672,11732,-30,40,-37,-12520,4100,7976,-1182,95,41,-12556,-6956,7548,-589,-252,-144,0
3195.2886860370636,7032,7864,11804,-23,137,164,6264,-8444,11424,21,149,7,-12528,4080,8028,-1111,46,69,-12600,-6904,7560,-593,15,-133,0
3195.3221950531006,7052,7788,11468,-31,147,155,6380,-8456,11384,-247,125,2,-12488,4132,7992,-1085,97,-19,-12608,-6932,7624,-626,41,-78,0
3195.3556830883026,6996,7820,11596,-73,43,240,6336,-8476,11384,56,80,-46,-12412,4056,8180,-1125,98,-65,-12584,-6888,7448,-619,121,-54,0
3195.3893871307373,7088,7892,11920,-57,-53,234,6368,-8516,11364,65,109,-51,-12528,4060,7932,-1155,92,-86,-12704,-6928,7564,-618,169,-67,0
3195.422835111618,7036,7936,11636,-95,-94,243,6604,-8664,11488,56,104,-143,-12516,4012,7780,-1122,127,-55,-12520,-7148,7672,-594,196,-78,0
3195.456391096115,7032,7868,11520,-135,-85,181,6320,-8376,11316,77,136,-108,-12460,4068,7708,-1026,129,-112,-12476,-7132,7536,-553,184,-71,0
3195.489448070526,7180,7808,11340,-144,-105,189,6148,-8388,11748,117,84,-126,-12468,3936,8116,-1001,201,-138,-12604,-6956,7672,-543,193,-83,0
3195.5230400562286,7112,7800,11672,-156,-98,138,6360,-8428,11424,99,105,-173,-12668,3960,7844,-1072,153,-115,-12604,-6676,7504,-553,205,-141,0
3195.556433916092,7188,7864,11504,-154,-80,126,6460,-8408,11476,103,209,-145,-12592,3972,7704,-1106,87,-69,-12584,-7160,7208,-556,173,-169,0
3195.5896461009975,7168,7816,11712,-128,-78,87,6628,-8644,11528,68,245,-130,-12568,4096,8004,-1068,41,-86,-12740,-6964,7468,-557,124,-216,0
3195.623155117035,7292,7832,11588,-142,-60,65,6364,-8420,11340,142,224,-129,-12792,3900,7668,-1089,69,-124,-12648,-7016,7620,-574,144,-202,0
3195.6564750671387,7116,7900,11484,-85,-24,115,6352,-8228,11508,108,233,-138,-12408,3896,7980,-1032,7,-76,-12360,-7028,7524,-540,131,-208,0
3195.689784049988,7108,7836,11556,-115,-49,69,6364,-8344,11312,98,313,-146,-12496,3972,7924,-1100,42,-83,-12612,-6868,7172,-575,194,-166,0
3195.723494052887,7136,7952,11460,-140,-72,117,6288,-8416,11452,112,235,-99,-12500,4064,7836,-1148,105,-123,-12724,-7040,7516,-559,94,-171,0
3195.7568850517273,7152,7852,11468,-129,-77,139,6428,-8368,11360,126,210,-73,-12460,3920,8068,-1099,63,-89,-12560,-7120,7452,-568,46,-186,0
3195.7901661396027,6976,7688,11648,-128,16,112,6352,-8284,11468,136,289,-54,-12464,4056,7764,-1113,26,-10,-12712,-7132,7504,-539,60,-231,0
3195.823678970337,6676,7848,11692,-101,5,78,6268,-8432,11484,100,262,-140,-12408,3964,7740,-1067,14,-100,-12492,-7052,7524,-540,108,-209,0
3195.85728096962,7056,7988,11388,-115,-73,45,6308,-8316,11292,84,205,-213,-12356,3840,8016,-771,29,-226,-12324,-7040,7492,-536,221,-180,0
3195.890676021576,7032,7916,11488,-103,-168,103,6192,-8264,11596,51,131,-241,-12412,3968,7868,-984,124,-194,-12732,-7016,7356,-539,244,-167,0
3195.9241950511932,7056,7852,11468,-91,-181,63,6268,-8336,11468,18,140,-249,-12716,3908,7736,-976,83,-248,-12576,-6972,7464,-490,245,-183,0
3195.9575531482697,7124,7812,11512,-110,-148,55,6652,-8372,11352,64,161,-237,-12516,4056,8124,-1051,78,-175,-12776,-6880,7184,-536,231,-200,0
3195.990667104721,7208,7888,11560,-70,-54,44,6416,-8412,11328,104,197,-163,-12540,4048,8036,-1159,55,-140,-12736,-6904,7296,-582,122,-279,0
3196.024192094803,7376,7800,11464,7,-20,58,6360,-8440,11508,104,206,-74,-12740,4004,8040,-1067,-95,-83,-12756,-6780,7608,-642,77,-266,0
3196.0577630996704,7076,8132,11556,17,64,70,6244,-8268,11392,113,252,-13,-12440,4244,8040,-1212,-99,-242,-12628,-7036,7572,-669,7,-286,0
3196.091262102127,7132,7872,11632,31,106,119,6200,-8344,11464,73,201,51,-12480,4040,8080,-1180,-82,-222,-12460,-7104,7392,-681,-40,-268,0
3196.124748945236,6972,7980,11740,24,128,128,6388,-8284,11548,58,163,39,-12400,3968,7996,-1158,-11,-250,-12528,-7184,7596,-680,-11,-240,0
3196.1579439640045,7012,7988,11268,251,53,186,6060,-8268,11624,4,123,12,-12372,3968,8024,-1129,22,230,-12504,-7252,7408,-601,20,-176,0
3196.1938841342926,6948,8020,11504,-34,-5,164,6168,-8152,11560,-29,132,-59,-12364,3856,8024,-1079,75,-100,-12412,-7140,7516,-546,116,-150,0
3196.229828119278,6936,8168,11696,-128,-79,146,6228,-8172,11596,-73,123,-172,-12400,3780,8116,-1026,129,-113,-12564,-7200,7304,-493,149,-130,0
3196.2648661136627,7108,8000,11472,-150,-92,104,6296,-8276,11696,-69,191,-216,-12484,3816,8040,-1015,45,-133,-12512,-7172,7380,-479,187,-167,0
3196.300512075424,7084,7976,11548,-165,-107,67,6236,-8192,11348,250,178,-219,-12424,3872,7872,-1033,72,-112,-12496,-7064,7324,-496,190,-141,0
3196.335943937301,7036,8060,11428,-127,-53,52,6340,-8432,11728,-22,160,-189,-12532,3896,8032,-1032,19,-84,-12352,-7060,7384,-475,135,-176,0
3196.3712480068207,7004,7976,11380,-125,-57,40,6308,-8332,11420,-11,212,-170,-12520,4040,7996,-1003,38,-14,-12580,-7164,7468,-501,106,-175,0
3196.4071090221405,7020,7980,11340,-161,30,72,6256,-8392,11484,-42,198,-98,-12448,3912,8064,-1045,20,-21,-12352,-7104,7432,-497,61,-152,0
3196.442626953125,7048,7956,11440,-140,42,120,6268,-8344,11320,-40,201,-70,-12396,3976,8020,-1007,83,26,-12556,-7232,7548,-466,-8,-146,0
3196.4781479835506,7000,7992,11516,-211,15,99,6128,-8356,11576,-42,184,-71,-12452,4028,8160,-987,41,-234,-12408,-7080,7444,-492,32,-166,0
3196.5133290290833,6720,7680,11284,-156,35,103,6192,-8356,11468,-42,174,-91,-12428,4052,8120,-1016,60,-68,-12308,-7088,7272,-540,89,-159,0
3196.549322128296,6980,7968,11544,-88,-42,118,6128,-8356,11512,-4,166,-149,-12376,3980,8136,-1035,81,-55,-12424,-7120,7628,-533,139,-118,0
3196.58486700058,6896,8024,11600,-108,-54,131,5948,-8680,11380,-19,109,-159,-12292,3888,8164,-1044,125,-100,-12464,-7080,7480,-533,132,-163,0
3196.620754003525,7060,7968,11412,-108,-84,93,6148,-8364,11556,-25,206,-174,-12444,3776,8120,-1011,33,-88,-12532,-7160,7472,-518,163,-169,0
3196.6556110382085,6996,7952,11480,-158,-64,50,6088,-8344,11360,34,212,-170,-12376,3904,8012,-1054,74,-59,-12468,-7352,7504,-536,148,-137,0
3196.6944971084595,6968,8048,11364,-136,-47,118,6156,-8320,11560,253,175,-144,-12316,4016,8188,-1146,118,-73,-12308,-7252,7376,-555,144,-150,0
3196.730807065964,7032,8044,11396,-145,-68,108,6200,-8216,11744,-33,172,-141,-12404,3912,8008,-1006,73,-58,-12428,-7180,7456,-533,145,-144,0
3196.7662420272827,7044,8012,11332,-121,-39,106,6280,-8272,11428,-74,163,-122,-12396,3796,7760,-991,86,-22,-12512,-7124,7648,-533,124,-112,0
3196.802001953125,7120,8020,11528,-186,-44,86,6264,-8152,11600,-63,198,-130,-12560,3912,8084,-955,71,-46,-12748,-7120,7608,-486,117,-127,0
3196.8386380672455,6972,8028,11360,-201,-37,107,6192,-8316,11328,-46,181,-150,-12424,3888,8012,-986,75,-29,-12396,-7172,7188,-478,136,-96,0
3196.872152090072,7032,8136,11428,-220,-44,85,6220,-8236,11576,-44,162,-156,-12428,3816,8076,-957,109,-45,-12452,-7224,7440,-419,136,-92,0
3196.9054861068726,6936,8048,11452,-242,-44,74,6180,-8296,11684,-87,160,-187,-12456,3912,8116,-939,74,-54,-12360,-7256,7488,-410,136,-89,0
3196.9393589496613,6860,8024,11664,-265,-71,59,6024,-8232,11552,-110,164,-193,-12340,3824,8056,-942,58,-78,-12496,-7128,7412,-425,177,-113,0
3196.972918987274,6888,7940,11528,-269,-74,70,5920,-8236,11636,-81,185,-201,-12368,3920,8172,-931,116,-19,-12428,-7272,7536,-386,142,-80,0
3197.006010055542,6716,8084,11456,-276,-57,30,6132,-8204,11504,-138,164,-240,-12300,3844,8104,-858,104,-71,-12428,-7292,7436,-323,158,-74,0
3197.0397551059723,6872,8016,11748,-353,-56,5,6156,-8192,11596,-185,197,-321,-12300,3908,7992,-794,170,-35,-12420,-7132,7376,-263,206,-10,0
3197.073210954666,6976,7980,11484,-431,-100,15,6096,-8300,11340,-3,188,-336,-12452,3812,8088,-760,185,-112,-12592,-7112,7344,-217,4,12,0
3197.1068370342255,6984,7968,11744,-447,-154,35,6336,-8336,11608,-270,149,-354,-12516,3904,8020,-772,182,-91,-12684,-7000,7440,-199,265,-14,0
3197.140089035034,7028,8020,11692,-443,-194,-250,6268,-8436,11596,-241,216,-391,-12604,4092,8024,-526,174,-75,-12712,-7080,7212,-213,200,-89,0
3197.1736409664154,7056,7968,11432,-439,-179,-43,6268,-8396,11520,-225,225,-375,-12584,4028,8060,-756,79,-83,-12592,-7136,7500,-158,220,-108,0
3197.207211971283,7048,7904,11596,-409,-88,-87,6264,-8704,11620,-171,290,-330,-12472,4128,8020,-863,17,-80,-12600,-6972,7520,-254,188,-185,0
3197.2405059337616,7000,7700,11268,-372,-59,-37,6092,-8684,11556,-72,290,-238,-12736,4180,7944,-942,-47,223,-12356,-7128,7504,-449,145,-210,0
3197.2741489410405,6908,7948,11612,-192,-34,-1,6112,-8516,11428,-50,214,-206,-12312,4252,7964,-916,36,-31,-12648,-7064,7592,-443,118,-89,0
3197.3076910972595,6940,7912,11504,-226,-47,103,5936,-8436,11328,-89,56,-246,-12224,4000,8060,-944,169,-6,-12392,-7028,7616,-315,128,32,0
3197.341155052185,6672,8024,11496,-346,-69,120,6156,-8456,11320,-141,117,-246,-12304,4184,8004,-895,145,-78,-12460,-7092,7520,-330,155,-71,0
3197.3747160434723,6940,7816,11536,-324,-122,91,6244,-8600,11276,-126,202,-510,-12504,4108,8012,-926,89,-91,-12552,-7036,7548,-471,162,-113,0
3197.4081110954285,6960,7860,11720,-206,-119,53,6264,-8488,11744,-90,174,-238,-12312,3900,8104,-965,86,-56,-12524,-7052,7552,-534,214,-99,0
3197.4415619373326,7048,7748,11660,-213,-113,101,6364,-8472,11356,-90,86,-258,-12400,4032,8060,-995,160,-120,-12532,-6924,7544,-438,210,-48,0
3197.4752340316772,7032,7760,11520,-187,-111,141,6208,-8528,11296,-14,30,-225,-12416,4100,7872,-982,224,-150,-12520,-6932,7488,-418,167,-47,0
3197.5086290836334,6868,7796,11592,-227,-127,165,6076,-8260,11472,-32,22,-263,-12488,4036,8160,-959,191,-150,-12540,-7172,7516,-407,243,-84,0
3197.5421140193935,7036,7880,11692,-268,-175,95,6184,-8448,11576,-65,125,-277,-12468,3984,8236,-1030,147,-131,-12592,-7108,7480,-458,228,-113,0
3197.5757000446324,7080,7992,11520,-217,-153,96,6196,-8428,11436,-78,142,-266,-12528,3976,8044,-958,89,-120,-12624,-7132,7508,-518,198,-127,0
3197.609153985977,6944,7952,11328,-225,-176,61,6176,-8284,11512,-40,196,-224,-12420,3948,8424,-1018,78,-136,-12340,-7416,7504,-433,205,-91,0
3197.642387151718,6944,7996,11560,-277,-117,57,6184,-8304,11548,-37,158,-252,-12348,3952,7908,-1003,121,-129,-12700,-6936,7384,-392,188,-19,0
3197.675863981247,6988,8064,11516,-259,-146,89,6172,-8292,11660,-104,151,-218,-12504,3960,8088,-975,149,-37,-12600,-6932,7644,-411,129,-65,0
3197.7092599868774,6968,7972,11444,-227,-112,56,6212,-8508,11640,-116,111,-243,-12432,4056,8136,-926,179,-66,-12540,-7020,7376,-421,214,-53,0
3197.7428159713745,6964,7856,11396,-240,-125,80,6288,-8420,11436,-136,66,-291,-12412,3984,7956,-969,98,-95,-12300,-7004,7500,-406,228,-50,0
3197.7762460708614,7040,7852,11456,-203,-169,134,6184,-8256,11396,-123,85,-243,-12356,4008,7956,-971,166,-93,-12576,-7032,7472,-392,190,-27,0
3197.8097419738774,7060,7816,11680,-290,-146,133,6300,-8360,11468,-161,112,-206,-12488,4012,8000,-918,143,-41,-12608,-6996,7520,-378,154,-53,0
3197.8434009552,7136,7832,11536,-258,-48,97,6240,-8460,11504,-196,133,-169,-12464,4316,7916,-922,154,-247,-12588,-6668,7552,-410,99,-53,0
3197.8800649642944,6920,7772,11700,-241,-10,104,6216,-8472,11376,-95,99,-184,-12504,4120,7916,-971,132,-32,-12516,-6904,7544,-392,164,-81,0
3197.915591955185,7036,7696,11348,-253,-29,86,6200,-8480,11472,-97,110,-234,-12344,4124,8060,-961,111,-47,-12796,-6676,7400,-410,199,-100,0
3197.9517419338226,6960,7832,11752,-221,-135,67,6272,-8436,11372,-160,162,-252,-12384,4240,8116,-942,133,-50,-12496,-7080,7484,-380,183,-120,0
3197.9876849651337,6976,7804,11540,-5,-71,43,6192,-8504,11360,-160,131,-282,-12412,4060,7920,-948,133,-90,-12396,-6948,7348,-375,207,-110,0
3198.022539138794,6964,7844,11616,-286,-108,31,6316,-8484,11440,-122,189,-289,-12476,4304,7888,-987,89,-69,-12548,-7000,7544,-350,222,-99,0
3198.058387041092,7040,8172,11704,-296,-131,48,6324,-8384,11732,-107,165,-257,-12420,4304,8008,-887,153,-143,-12556,-7076,7532,-387,221,-100,0
3198.0934410095215,6936,7928,11636,-205,-155,75,6204,-8484,11456,-156,117,-282,-12444,4020,8180,-944,158,-27,-12512,-7088,7532,-408,200,-76,0
3198.129312038421,6928,7776,11964,-1,-142,70,6296,-8460,11736,-118,135,-511,-12344,4156,7996,-915,52,-111,-12672,-7068,7584,-435,197,-69,0
3198.164222955704,6992,7896,11640,-236,-154,128,6196,-8396,11448,-49,112,-244,-12316,4060,8000,-929,158,-79,-12616,-6984,7672,-416,176,-74,0
3198.2000031471252,7072,7856,11668,-212,-85,98,6268,-8512,11488,-77,117,-253,-12420,4000,8020,-934,141,-92,-12392,-6972,7648,-424,194,-17,0
3198.2355680465694,7088,7908,11512,-245,-130,112,6284,-8548,11552,-138,87,-222,-12500,4072,8100,-929,157,-77,-12688,-6960,7520,-427,136,-52,0
3198.2718601226807,7028,7804,11560,-242,-74,113,6620,-8596,11300,-148,161,-161,-12532,4048,7804,-941,149,-1,-12624,-6832,7352,-457,95,-87,0
3198.308063030243,7004,7828,11496,-213,-27,107,6320,-8384,11472,-91,165,-146,-12780,4052,7892,-985,95,-255,-12496,-6812,7380,-442,102,-111,0
3198.3432500362396,6948,7788,11656,-226,-27,88,6220,-8632,11360,-51,158,-182,-12504,3944,8144,-969,137,-71,-12680,-6720,7612,-475,155,-93,0
3198.378760099411,7004,7756,11796,-202,-48,74,6232,-8688,11240,-78,155,-181,-12432,4156,7788,-964,136,-89,-12648,-6812,7540,-415,175,-126,0
3198.4136130809784,6960,7780,11648,-1,-98,74,6372,-8508,11724,-89,135,-227,-12428,4068,7832,-1018,173,-69,-12668,-6884,7404,-436,193,-92,0
3198.449161052704,6884,7824,11584,-229,-107,88,6240,-8468,11392,-81,114,-511,-12448,4156,7920,-959,147,-164,-12624,-6720,7552,-442,207,-110,0
3198.48406791687,7020,7920,11652,-219,-143,50,6244,-8692,11364,-74,171,-245,-12304,4176,7924,-1272,107,-141,-12652,-6860,7488,-433,207,-119,0
3198.5219299793243,7020,7872,11640,-200,-112,80,6172,-8516,11388,-40,141,-221,-12548,4172,8152,-989,45,-94,-12596,-7100,7484,-483,161,-138,0
3198.5556080341335,6996,7844,11552,-178,-79,84,6200,-8572,11476,-31,161,-195,-12512,4292,7812,-978,138,-87,-12672,-6988,7440,-462,114,-156,0
3198.5892190933228,7008,7820,11436,-164,-19,81,6220,-8236,11420,-53,151,-175,-12480,3864,7964,-970,124,-84,-12620,-6784,7416,-467,144,-108,0
3198.6228301525116,7016,7824,11504,-202,-45,108,6236,-8452,11464,-25,119,-188,-12416,4224,7952,-1006,160,-109,-12596,-6924,7508,-467,145,-59,0
3198.6560759544373,7004,7812,11480,-183,-99,171,6232,-8456,11416,-26,99,-196,-12532,4136,7952,-1016,157,-68,-12660,-6940,7404,-483,174,-89,0
3198.6896710395813,7040,7788,11760,-173,-79,156,6408,-8496,11312,-32,85,-197,-12416,4112,7868,-1048,116,-64,-12548,-6728,7404,-467,139,-111,0
3198.7235860824585,7000,7796,11536,-175,-78,121,6300,-8480,11296,-44,161,-147,-12448,3840,8104,-1022,128,-60,-12664,-6892,7536,-496,141,-127,0
3198.7569210529327,6940,7832,11664,-210,-43,118,6240,-8580,11428,-12,139,-150,-12392,4096,7788,-1015,141,-71,-12344,-7108,7440,-495,139,-98,0
3198.7903461456294,7100,7824,11712,-164,-57,118,6228,-8500,11348,-25,130,-157,-12440,4072,7988,-1001,126,-71,-12644,-6924,7648,-468,142,-105,0
3198.8238930702214,7076,7708,11996,-164,-33,120,6320,-8492,11340,-55,133,-160,-12488,4016,7740,-991,111,-48,-12604,-7004,7532,-508,131,-104,0
3198.8573780059814,6932,7784,11644,-174,-65,111,6316,-8600,11396,-62,151,-164,-12756,4040,8024,-999,87,-62,-12660,-7000,7532,-500,139,-129,0
3198.8906431198125,7048,7800,11716,-166,-70,95,6360,-8636,11072,-27,162,-183,-12436,4064,8044,-1008,75,-123,-12632,-6952,7556,-492,171,-157,0
3198.9240820407867,7012,7836,11652,-192,-99,118,6128,-8480,11344,-21,134,-209,-12412,4104,7864,-999,101,-93,-12668,-6888,7476,-480,204,-94,0
3198.9576539993286,6684,7844,11760,-173,-116,115,6288,-8488,11196,-43,151,-213,-12488,4156,7916,-977,141,-66,-12640,-6916,7460,-463,168,-103,0
3198.9912490844727,6988,7864,11708,-186,-91,107,6320,-8508,11500,-39,119,-219,-12304,3852,7892,-999,113,-65,-12556,-7016,7496,-454,164,-97,0
3199.0248060226445,7040,7680,11724,-196,-89,95,6192,-8624,11624,-70,151,-178,-12612,4132,7960,-1040,81,-90,-12644,-6860,7532,-475,131,-123,0
3199.058177947998,7084,7732,11456,-206,-35,116,6172,-8596,11368,247,111,-148,-12504,4000,7920,-1071,107,-123,-12644,-7168,7216,-470,114,-139,0
3199.09170794487,7036,7828,11760,-130,12,67,6280,-8388,11424,-35,99,-155,-12432,3972,8012,-770,139,-77,-12596,-6880,7480,-481,114,-140,0
3199.1249721050262,6948,7808,11528,-204,-44,43,6156,-8536,11320,-6,166,-201,-12424,4088,7840,-869,-13,-75,-12668,-6896,7560,-484,208,-87,0
3199.158383131027,7000,7808,11728,-245,-144,159,6212,-8568,11456,3,131,-208,-12524,3904,7740,-1278,145,-165,-12512,-6868,7624,-456,272,0,0
3199.1917741298676,6856,7840,11624,-231,-222,213,6144,-8456,11556,16,38,-234,-12584,4172,7728,-974,186,-193,-12628,-6968,7548,-473,200,20,0
3199.2253811359406,7020,8156,11544,-502,-285,228,6108,-8476,11396,-36,64,-249,-12412,4088,8184,-926,259,-171,-12300,-6736,7544,-475,209,26,0
3199.2591140270233,6692,7724,11760,-255,-246,184,6224,-8480,11392,-36,52,-264,-12368,4116,8040,-916,254,-116,-12584,-6928,7536,-492,240,-18,0
3199.2925291061406,7108,7776,11756,-503,-265,199,6292,-8664,11352,66,82,-305,-12480,4104,8116,-991,242,-188,-12396,-6868,7476,-481,331,4,0
3199.3257451057434,7052,7832,11628,-274,-318,189,6300,-8380,11280,25,60,-321,-12508,4092,7912,-970,267,-248,-12652,-6904,7672,-454,310,16,0
3199.359266996384,7100,7820,11620,-267,-348,173,6416,-8492,11380,-255,47,-348,-12480,4044,7984,-960,505,-210,-12688,-6764,7344,-437,326,-5,0
3199.3928220272064,7148,7756,11576,-298,-332,167,6364,-8700,11404,35,51,-338,-12536,4140,7724,-1003,498,-206,-12916,-6740,7476,-456,295,-19,0
3199.4265151023865,7376,7704,11432,-254,-295,192,6208,-8448,11376,49,62,-278,-12612,4140,7940,-1048,261,-134,-12736,-6672,7512,-765,273,-29,0
3199.460016965866,6924,7688,11580,-197,-206,197,6196,-8212,11144,36,74,-226,-12780,4020,8076,-1021,197,-140,-12772,-6752,7336,-764,194,-67,0
3199.4935290813446,7248,7756,11624,-158,-135,162,6348,-8424,11444,-32,57,-189,-12512,3988,7788,-1041,145,-65,-12680,-6688,7308,-523,132,-93,0
3199.5270409584045,7168,7660,11528,-181,-15,129,6424,-8444,11364,-17,125,-137,-12524,4060,7496,-1046,193,241,-12820,-6784,7376,-503,34,-139,0
3199.5640630722046,7188,7424,11700,-166,31,123,6416,-8364,11348,-32,128,-98,-12564,3968,7828,-1093,131,-231,-12748,-6900,7376,-487,104,-128,0
3199.599691152572,7336,7820,11688,-219,-11,110,6164,-8508,11476,-21,115,-152,-12768,3956,7768,-1061,130,-111,-12600,-6936,7400,-449,185,-90,0
3199.6349401474,7056,7840,11696,-188,-108,108,6360,-8600,11460,-66,70,-236,-12692,4016,8184,-1025,134,-80,-12652,-6880,7464,-458,163,-126,0
3199.6707150936127,7188,7904,11608,-163,-152,87,6380,-8412,11544,-81,147,-230,-12616,4052,8096,-775,70,-92,-12660,-6924,7520,-469,224,-130,0
3199.7056329250336,7008,7684,11544,-192,-147,64,6244,-8448,11516,-54,170,-219,-12484,3980,7808,-976,80,-78,-12624,-6852,7380,-440,205,-158,0
3199.741380929947,7120,7924,11300,-202,-70,79,6308,-8404,11444,-32,152,-199,-12528,3980,7956,-982,146,-121,-12624,-6884,7388,-458,168,-122,0
3199.7772760391235,6988,7780,11596,-151,-96,56,6384,-8432,11444,-59,87,-233,-12508,4020,7980,-970,115,-81,-12676,-6888,7432,-464,184,-113,0
3199.8121831417084,7360,7932,11672,-236,-66,75,6308,-8488,11424,-8,118,-204,-12772,4036,8144,-1022,143,-74,-12692,-6772,7624,-461,160,-77,0
3199.8474421501164,7256,7760,11740,-207,-51,125,6156,-8436,11436,-90,94,-179,-12608,4140,7952,-858,-15,-47,-12632,-6856,7260,-467,111,-103,0
3199.8832700252533,7156,7704,11656,-201,-85,119,6416,-8444,11320,-88,121,-178,-12636,4036,7820,-990,128,-79,-12572,-6744,7468,-481,104,-116,0
3199.9182081222534,7216,7756,11568,-186,-55,95,6304,-8488,11308,-64,137,-158,-12720,4060,7956,-1063,100,-40,-12652,-6828,7412,-492,155,-100,0
3199.9540491104126,7092,7616,11552,-201,-58,154,6412,-8500,11420,-7,116,-176,-12516,4060,7716,-1022,140,-87,-12612,-6776,7236,-480,181,-71,0
3199.989809036255,7120,7656,11588,-179,-111,136,6364,-8536,11332,-51,89,-201,-12412,4048,8120,-775,150,-79,-12716,-6840,7632,-512,192,-103,0
3200.0251960754395,7112,7748,11740,-171,-96,127,6372,-8292,11492,-54,107,-184,-12592,4116,7836,-1020,186,-97,-12728,-6756,7460,-455,144,-125,0
3200.060395002365,7172,7776,11632,-202,-49,97,6364,-8444,11312,-22,148,-166,-12532,4080,8036,-1005,112,-66,-12744,-6864,7420,-451,146,-116,0
3200.0955629348755,7072,7700,11592,-200,-55,100,6620,-8464,11424,-35,163,-188,-12616,4124,7928,-973,66,-91,-12748,-6776,7580,-470,118,-149,0
3200.131138086319,6944,7880,11628,-175,-47,80,6348,-8204,11404,-14,164,-154,-12476,4032,7876,-961,51,-58,-12720,-6848,7364,-493,137,-160,0
3200.1661961078644,7060,7784,11404,-195,-62,87,6304,-8472,11384,-67,149,-196,-12496,4164,7828,-988,77,-104,-12656,-6744,7528,-463,147,-135,0
3200.2037940025334,7108,7816,11656,-197,-91,115,6368,-8408,11492,-20,121,-214,-12524,3980,8072,-985,140,-131,-12696,-6832,7428,-485,169,-93,0
3200.2373621463776,7060,7788,11540,-179,-93,156,6380,-8392,11272,-42,104,-207,-12552,4096,7716,-1012,151,-72,-12656,-6696,7368,-478,203,-98,0
3200.2710089683533,7160,7772,11596,-184,-109,99,6356,-8512,11460,-31,120,-193,-12616,4108,7856,-992,140,-69,-12784,-6876,7356,-461,184,-109,0
3200.3044810295105,7176,7660,11504,-170,-51,75,6576,-8468,11444,-79,141,-190,-12648,4076,7536,-990,78,-65,-12664,-6820,7400,-468,107,-102,0
3200.338083982468,7156,7716,11692,-217,-81,101,6444,-8440,11252,248,148,-174,-12560,4076,7804,-992,61,-99,-12688,-6928,7532,-492,140,-151,0
3200.371742963791,7164,7836,11576,-191,-65,92,6340,-8200,11464,251,133,-206,-12564,4100,7840,-1004,91,-68,-12608,-6900,7436,-456,119,-143,0
3200.404943943024,7160,7816,11692,-174,-73,59,6376,-8484,11532,-82,158,-193,-12656,3960,7800,-961,68,-49,-12668,-6856,7532,-477,139,-145,0
3200.438457965851,7112,7688,11464,-201,-58,47,6648,-8280,11312,-60,215,-211,-12756,3844,7396,-1082,143,-94,-12664,-6772,7372,-434,227,-119,0
3200.471944093704,7228,7700,11692,-207,-94,88,6252,-8204,11376,-57,120,-252,-12572,4064,7868,-989,82,-100,-12680,-6816,7424,-411,162,-129,0
3200.5054879188538,7052,7704,11600,-201,-64,78,6360,-8208,11480,-37,149,-173,-12696,3848,7928,-1279,99,-105,-12756,-6700,7668,-434,79,-149,0
3200.53932094574,7352,7804,11276,-205,-30,36,6436,-8380,11372,-100,201,-181,-12404,4000,7440,-955,107,-53,-12692,-6832,7396,-453,109,-150,0
3200.5726070404053,7076,7436,11464,-157,3,33,6392,-8472,11360,-110,182,-179,-12616,4092,7932,-1003,226,-245,-12748,-6860,7200,-471,32,-217,0
3200.606166124344,6972,7924,11576,-143,59,-8,6396,-8448,11364,-24,263,-145,-12520,3968,7600,-1001,-1,-29,-12672,-6756,7332,-470,80,-192,0
3200.6396081447606,7040,7812,11632,-202,88,48,6296,-8220,11284,-4,205,-155,-12492,4088,7760,-774,67,-68,-12704,-6820,7536,-483,199,-109,0
3200.6730251312256,7032,7900,11668,-203,-95,130,6400,-8524,11512,6,125,-244,-12312,3936,7892,-980,136,-147,-12620,-7140,7568,-459,248,-53,0
3200.7066950798035,7064,7836,11592,-206,-158,142,6340,-8556,11544,-14,62,-285,-12612,4148,8124,-1004,137,-154,-12840,-6720,7496,-490,260,-96,0
3200.7401809692383,7068,7752,11644,-186,-225,104,6268,-8568,11348,-20,119,-238,-12496,4212,7936,-1017,74,-116,-12740,-6780,7560,-493,203,-112,0
3200.7737760543823,7032,7768,11584,-187,-135,102,6148,-8608,11300,-30,169,-203,-12404,4340,7820,-1001,98,-74,-12660,-6948,7336,-492,128,-118,0
3200.807240962982,7032,7772,11600,-179,-36,83,6248,-8476,11444,-69,175,-158,-12516,4084,7796,-1012,86,-79,-12604,-6832,7364,-467,70,-125,0
3200.84082698822,7124,7780,11676,-194,11,90,6444,-8700,11388,-59,168,-127,-12340,3912,7476,-985,111,-82,-12580,-6860,7628,-481,95,-96,0
3200.874419927597,7228,7876,11456,-194,5,82,6376,-8464,11444,-55,82,-136,-12556,3996,7884,-1012,116,-19,-12760,-6764,7620,-484,88,-123,0
3200.9080359935765,7160,7716,11568,-171,-30,116,6472,-8504,11236,-47,106,-169,-12552,3992,7828,-1009,130,-48,-12748,-6844,7440,-470,170,-119,0
3200.9416489601135,7108,7804,11688,-168,-46,91,6396,-8520,11376,-49,133,-222,-12640,4348,7832,-1029,97,-94,-12816,-6856,7348,-491,180,-113,0
3200.975281953812,7404,7644,11600,-152,-118,85,6336,-8496,11244,-55,146,-177,-12592,4140,7788,-1048,79,-74,-12716,-6800,7592,-517,107,-179,0
3201.0088279247284,7068,7932,11632,-179,11,59,6428,-8408,11164,-50,176,-125,-12608,4052,7868,-818,-355,-69,-12728,-6920,7448,-478,39,-230,0
3201.0426609516144,7048,7776,11512,-192,75,26,6180,-8356,11292,-23,511,-88,-12700,3892,7828,-977,16,237,-12664,-6920,7552,-483,34,-178,0
3201.076029062271,7032,7764,11560,-175,53,38,6376,-8476,11444,-45,228,-120,-12508,4044,7792,-1024,21,-11,-12732,-6876,7480,-452,121,-182,0
3201.1094970703125,7028,7820,11828,-176,11,31,6276,-8508,11436,-59,195,-185,-12436,4040,7692,-986,15,-55,-12660,-6884,7632,-487,139,-150,0
3201.1427180767055,7088,7796,11644,-133,-57,52,6240,-8456,11500,-77,158,-197,-12532,4076,7976,-996,61,-94,-12604,-7140,7536,-493,123,-179,0
3201.1761910915375,6936,7796,11708,-153,-53,73,6280,-8200,11332,-87,128,-196,-12748,4016,7968,-976,60,-28,-12712,-6932,7576,-472,95,-183,0
3201.2092430591583,7032,7792,11604,-180,-41,62,6304,-8476,11300,-68,285,-164,-12436,4100,7592,-1003,123,-61,-12644,-6752,7536,-431,95,-135,0
3201.2459659576416,7060,7840,11496,-182,255,74,6352,-8456,11464,-47,152,-148,-12516,4012,7732,-968,75,-63,-12544,-6740,7428,-478,118,-153,0
3201.281383037567,6912,7452,11628,-165,-19,113,6292,-8488,11532,-24,153,-153,-12556,4064,7828,-993,79,-63,-12676,-6880,7368,-505,115,-129,0
3201.3171010017395,7104,7800,11568,-137,-50,93,6340,-8576,11396,-10,139,-166,-12556,3984,8020,-1011,128,-97,-12692,-6852,7432,-489,143,-122,0
3201.3522679805756,7048,7836,11628,-186,-6,90,6392,-8596,11268,-24,141,-183,-12432,4088,7764,-1019,126,-45,-12652,-6848,7436,-479,151,-131,0
3201.3881890773773,7120,7608,11784,-166,-60,80,6400,-8580,11552,-34,158,-183,-12544,3864,8084,-1015,80,-80,-12688,-6848,7640,-468,159,-153,0
3201.423444032669,7056,7776,11664,-210,-70,79,6364,-8612,11372,-29,179,-196,-12464,4240,7724,-1277,125,-68,-12620,-6904,7452,-465,115,-141,0
3201.459295988083,7148,7852,11648,-222,-57,78,6260,-8504,11428,5,164,-187,-12548,4100,7956,-984,82,-56,-12700,-6916,7492,-461,118,-149,0
3201.4947760105133,6964,7772,11752,-212,-33,96,6428,-8536,11480,-66,188,-168,-12484,4320,7728,-967,107,-53,-12728,-6764,7532,-486,125,-101,0
3201.530730009079,7000,7832,11720,-169,-59,150,6144,-8512,11444,-8,102,-155,-12424,4136,7940,-1014,123,-51,-12604,-6844,7448,-483,152,-77,0
3201.566128015518,6936,7728,11696,-143,-55,165,6328,-8584,11488,6,59,-197,-12512,4308,7900,-1016,142,-138,-12560,-6880,7508,-510,214,-60,0
3201.6018509864807,7052,7772,11684,-198,-156,155,6336,-8532,11560,-51,83,-234,-12648,4284,7936,-967,133,-107,-12748,-6820,7668,-493,220,-42,0
3201.6378979682922,7032,7840,11744,-191,-155,175,6268,-8688,11392,-30,102,-187,-12344,4028,7844,-967,156,-82,-12972,-7152,7520,-503,142,-57,0
3201.6729810237885,7008,7784,11296,-219,-94,200,6380,-8276,11328,-12,106,-153,-12488,4024,7868,-1016,171,-77,-12632,-6952,7504,-504,160,-86,0
3201.713047027588,7044,7896,11764,-218,-103,154,6252,-8228,11648,-43,116,-192,-12528,4040,7852,-981,175,-132,-12672,-6992,7316,-471,187,-78,0
3201.748733997345,6996,7732,11708,-251,-125,121,6460,-8356,11388,-10,137,-253,-12496,4124,7976,-987,144,-122,-12676,-6856,7276,-482,206,-121,0
3201.7843120098114,7028,7740,11556,-237,-197,72,6260,-8680,11588,-253,148,-293,-12352,4024,7968,-936,142,-182,-12836,-6872,7556,-444,239,-81,0
3201.8197150230408,7104,7776,11468,-241,-175,108,6288,-8492,11320,-256,127,-276,-12520,4020,7952,-996,160,-135,-12652,-6844,7616,-447,248,-27,0
3201.8551030159,7392,7732,11648,-10,-185,127,6324,-8504,11396,255,82,-256,-12524,4132,7896,-1006,193,-115,-12648,-6836,7228,-441,225,-71,0
3201.8913991451263,6940,7916,11948,-230,-218,186,6296,-8444,11248,-15,96,-184,-12540,4140,7824,-991,191,-64,-12692,-6896,7392,-457,152,-35,0
3201.9247789382935,7112,7796,11616,-281,-153,198,6348,-8680,11444,7,137,-164,-12532,4008,7940,-982,183,-112,-12656,-6900,7384,-472,159,-38,0
3201.958440065384,7016,7732,11664,-271,-176,188,6568,-8584,11400,4,106,-178,-12656,4060,7892,-1007,189,-95,-12644,-6828,7516,-498,146,-73,0
3201.991833925247,7084,7804,11908,-241,-175,181,6408,-8436,11376,45,150,-190,-12536,3844,7884,-1178,343,-56,-12612,-6924,7500,-497,163,-75,0
3202.0252270698547,7128,7920,11312,-210,-150,134,6332,-8312,11312,-18,123,-214,-12624,3960,7820,-977,116,-90,-12704,-6884,7348,-478,170,-86,0
3202.0587029457092,7152,7748,11764,-256,-164,136,6432,-8408,11316,5,114,-209,-12568,4232,7768,-996,167,-73,-12740,-6812,7400,-495,176,-82,0
3202.092123031616,6920,7600,11556,-214,-126,160,6600,-8644,11084,-251,86,-176,-12708,4052,7904,-988,161,-73,-12748,-6800,7388,-469,149,-47,0
3202.1256990432735,6912,7432,11616,-194,-127,143,6332,-8512,11332,17,85,-181,-12580,4344,7752,-988,182,-31,-12748,-6780,7584,-452,131,-78,0
3202.1589820384975,6916,7612,11728,-230,-59,158,6408,-8208,11376,-11,77,-153,-12556,4068,7776,-979,162,-13,-12688,-6764,7348,-473,102,-58,0
3202.1924009323125,7240,7624,11736,-190,-73,152,6404,-8536,11376,-44,98,-156,-12452,4032,7824,-1007,117,-12,-12608,-6764,7536,-484,102,-139,0
3202.225834131241,7160,7584,11520,-215,-54,122,6324,-8440,11420,-41,146,-131,-12636,3972,7716,-952,46,-59,-12688,-6728,7448,-494,97,-160,0
3202.2594249248505,7164,7668,11568,-191,-34,80,6372,-8420,11464,-50,190,-165,-12472,4340,7868,-1007,66,-95,-12804,-6944,7492,-488,120,-174,0
3202.292799949646,7044,7728,11380,-169,22,45,6292,-8420,11392,249,180,-184,-12504,4052,8108,-1026,29,-71,-12628,-6776,7324,-477,155,-170,0
3202.3262319564815,7132,7752,11660,-169,-14,52,6296,-8368,11340,-59,169,-204,-12592,3984,7756,-995,55,-58,-12604,-6828,7504,-477,165,-145,0
3202.359985113144,7096,7772,11696,-178,-50,74,6260,-8368,11456,-82,138,-197,-12572,4012,7740,-999,116,-102,-12744,-6872,7544,-429,151,-129,0
3202.3932650089264,7124,7888,11324,-159,-31,88,6568,-8468,11412,-55,131,-189,-12308,4108,7784,-998,119,-74,-12860,-6740,7452,-492,124,-121,0
3202.426900148392,7348,7588,11552,-159,-18,75,6280,-8548,11504,-50,126,-149,-12316,3908,7784,-1067,112,241,-12724,-6820,7616,-520,103,-146,0
3202.4604489803314,7068,7692,11656,-146,38,110,6344,-8368,11336,21,130,-84,-12604,4340,7964,-1062,114,-31,-12660,-6872,7380,-502,104,-94,0
3202.4940769672394,7056,7764,11556,-114,2,140,6272,-8672,11416,-50,126,-137,-12636,4064,7796,-1011,70,-17,-12616,-6696,7516,-550,146,-84,0
3202.527631998062,7076,7772,11744,-168,-56,152,6344,-8208,11440,14,95,-154,-12608,4120,7884,-1070,126,-70,-12624,-6864,7472,-513,126,-105,0
3202.561228990555,7016,7756,11724,-141,-14,140,6380,-8484,11404,17,137,-102,-12584,4156,7812,-1058,111,-35,-12784,-6844,7456,-536,85,-80,0
3202.5947649478912,6936,7888,11576,-182,-13,151,6296,-8208,11516,-29,122,-111,-12308,4040,8144,-996,122,8,-12592,-6860,7680,-527,111,-101,0
3202.62802195549,7032,7732,11756,-179,-45,135,6168,-8392,11384,-104,147,-159,-12540,3852,8140,-947,89,-67,-12680,-6912,7548,-492,127,-103,0
3202.66140294075,7044,7692,11456,-188,-93,87,6396,-8500,11424,-48,154,-222,-12628,3972,7892,-949,43,-148,-12948,-6884,7344,-441,218,-143,0
3202.6944539546967,7308,7520,11888,-267,-120,79,6152,-8276,11364,251,182,-237,-12796,4032,8140,-949,55,-97,-12604,-6880,7532,-461,498,-122,0
3202.7279160022736,7020,7712,11748,-233,-144,83,6380,-8476,11384,-34,178,-255,-12316,3848,7876,-955,45,-121,-12720,-6824,7528,-476,228,-127,0
3202.7614409923553,7180,7704,11624,-188,-122,42,6264,-8444,11468,-24,141,-4,-12492,4028,7756,-982,91,-97,-12780,-6788,7416,-459,200,-117,0
3202.794914960861,7116,7688,11608,-190,-81,84,6324,-8404,11384,-28,124,-224,-12664,4176,7628,-1004,123,-115,-12776,-6636,7492,-490,170,-74,0
3202.8283140659332,7276,7652,11692,-149,-76,121,6324,-8396,11412,-36,106,-131,-12792,4068,7740,-1031,98,-47,-12760,-6932,7516,-487,130,-105,0
3202.8618180751805,7036,7768,11672,-124,-22,141,6368,-8448,11580,-22,118,-127,-12728,4048,7992,-1046,114,-16,-12600,-6808,7644,-497,107,-108,0
3202.8953330516815,7156,7688,11692,-173,-13,118,6400,-8476,11264,-65,121,-117,-12780,4316,8016,-1009,78,-250,-12664,-6848,7560,-498,57,-110,0
3202.9323201179504,7412,7916,11636,-170,11,112,6164,-8680,11388,-65,165,-88,-12608,4116,7852,-1006,60,2,-12652,-6772,7504,-764,68,-132,0
3202.967493057251,7096,7672,11708,-202,25,97,6268,-8600,11508,-9,156,-89,-12448,4100,8152,-1059,104,-38,-12712,-6808,7468,-485,103,-127,0
3203.0034799575806,7012,7640,11740,-199,-58,115,6236,-8500,11392,-24,137,-151,-12440,4164,7836,-1084,156,-103,-12352,-6888,7552,-495,192,-117,0
3203.0388219356537,6728,7748,11680,-185,-117,123,6156,-8440,11396,-58,71,-243,-12424,4072,7880,-994,184,-56,-12684,-6832,7612,-491,203,-102,0
3203.0744819641113,7168,7916,11540,-155,-126,113,6440,-8564,11412,-109,121,-209,-12556,4092,8004,-995,100,-101,-12792,-6816,7460,-500,177,-147,0
3203.1099610328674,7096,7780,11632,-183,-104,69,6412,-8544,11356,-21,194,-198,-12480,3968,7772,-1012,60,-91,-12676,-6896,7484,-482,147,-180,0
3203.1453919410706,7084,7744,11700,-181,-15,58,6652,-8420,11384,249,199,-172,-12664,4000,7728,-1015,57,-35,-12744,-6800,7408,-496,120,-153,0
3203.181072950363,7108,7708,11488,-153,-39,53,6340,-8200,11448,-70,179,-180,-12496,4124,7688,-1007,95,-36,-12636,-6800,7352,-473,138,-151,0
3203.216187953949,7060,7684,11636,-212,-12,101,6352,-8576,11108,-46,146,-197,-12524,4144,7872,-1007,71,-53,-12728,-6772,7180,-473,125,-109,0
3203.2518320083614,7164,7624,11588,-168,-55,139,6312,-8468,11444,-54,126,-112,-12592,4040,7824,-1050,110,-42,-12776,-6824,7416,-260,81,-133,0
3203.2875831127167,7084,7736,11668,-188,-38,146,6336,-8512,11468,-29,141,-113,-12796,3896,7828,-1066,126,-254,-12568,-6728,7544,-491,59,-135,0
3203.3226890563965,7024,7752,11704,-170,3,106,6160,-8524,11348,-16,149,-108,-12560,4132,7824,-1014,72,-57,-12760,-6816,7452,-501,129,-153,0
3203.358114004135,6960,7756,11840,-163,-28,112,6344,-8552,11388,-20,133,-177,-12420,3940,7892,-1000,92,-118,-12528,-6808,7456,-512,164,-119,0
3203.3929009437566,6988,7764,11648,-156,-93,109,6276,-8404,11276,-37,68,-201,-12508,4092,7984,-1030,114,-73,-12572,-6880,7464,-517,201,-116,0
3203.427714109421,7012,7732,11656,-116,-110,122,6172,-8700,11428,-20,109,-220,-12468,3992,7768,-1003,108,-141,-12828,-6792,7356,-501,200,-106,0
3203.4634859561925,7132,7768,11532,-186,-73,96,6372,-8504,11324,-28,114,-204,-12652,4160,7868,-999,98,-71,-12684,-6808,7180,-479,139,-140,0
3203.4993090629578,7120,7932,11756,-209,-54,86,6340,-8200,11412,-48,178,-165,-12620,3992,7844,-1039,57,-58,-12716,-6784,7376,-483,164,-106,0
3203.5345909595494,6944,7700,11676,-190,-83,128,6368,-8388,11436,-10,164,-166,-12492,4080,7916,-1044,113,-70,-12664,-6668,7500,-495,158,-105,0
3203.5707190036774,7028,7764,11712,-183,-118,124,6276,-8384,11760,-70,128,-187,-12556,3996,7864,-990,107,-112,-12644,-6744,7360,-258,160,-130,0
3203.6042461395264,6976,7700,11672,-157,-125,112,6272,-8408,11452,-48,124,-204,-12552,4052,7856,-1016,113,-63,-12576,-6728,7240,-503,144,-130,0
3203.6372590065002,7024,7924,11608,-147,-85,95,6316,-8232,11452,-36,132,-167,-12712,4272,7928,-1032,93,-25,-12696,-6680,7428,-511,132,-132,0
3203.6707699298854,7108,7700,11556,-179,-55,93,6276,-8432,11448,-15,166,-182,-12292,3980,8044,-776,84,-116,-12748,-6992,7676,-499,135,-126,0
3203.7041211128235,6976,7680,11588,-195,-72,89,6356,-8672,11408,-66,175,-196,-12536,4008,7848,-990,101,-92,-12660,-6880,7396,-468,170,-105,0
3203.7377660274506,7032,7792,11660,-181,-75,101,6260,-8436,11516,-51,133,-213,-12596,4080,7992,-946,102,-28,-12740,-6808,7480,-478,119,-114,0
3203.771414041519,7080,7704,11608,-194,-87,108,6372,-8516,11320,-67,125,-175,-12556,4176,7904,-1007,126,-47,-12620,-6820,7528,-486,154,-108,0
3203.804853916168,6960,7636,11556,-198,-80,116,6144,-8208,11440,-43,109,-186,-12324,4064,7932,-1043,96,-55,-12696,-6756,7436,-463,133,-120,0
3203.838413953781,7024,7772,11568,-177,-104,111,6304,-8456,11392,-55,141,-196,-12636,4072,7856,-1035,104,-95,-12720,-6936,7416,-491,167,-126,0
3203.8719239234924,7132,7688,11784,-214,-78,52,6352,-8516,11468,-85,135,-245,-12588,4032,7844,-987,93,-110,-12728,-6844,7340,-455,161,-154,0
3203.905293941498,7060,7668,11604,-229,-99,48,6300,-8440,11336,-55,164,-238,-12564,3944,7940,-986,43,-64,-12704,-6844,7504,-414,157,-145,0
3203.9387209415436,7088,7844,11628,-202,-93,59,6324,-8444,11452,-54,150,-215,-12624,4020,7936,-1011,47,-113,-12704,-6876,7524,-443,154,-161,0
3203.972298145294,7092,7808,11516,-222,-88,76,6244,-8440,11592,-105,167,-211,-12516,4068,7860,-999,50,-73,-12708,-6904,7476,-460,129,-165,0
3204.005700111389,7068,7740,11592,-193,-98,71,6252,-8492,11232,-131,164,-157,-12472,4300,7948,-718,-491,-57,-12724,-7160,7672,-469,109,-128,0
3204.0394139289856,7068,7756,11560,-164,-54,130,6264,-8440,11344,-77,100,-162,-12468,4328,7800,-1021,182,241,-12736,-6792,7460,-512,92,-77,0
3204.0729439258575,6992,7764,11916,-153,-39,182,6240,-8552,11376,-81,25,-172,-12424,4108,7680,-1013,190,-29,-12652,-6812,7592,-757,122,-63,0
3204.1065509319305,7116,7724,11536,-164,-75,192,6304,-8464,11476,-73,36,-183,-12524,4040,7760,-1019,112,-63,-12712,-6864,7460,-478,113,-89,0
3204.13965010643,7080,7656,11468,-156,-30,100,6260,-8468,11604,-77,106,-178,-12596,4124,7968,-1267,102,-86,-12616,-6888,7448,-457,150,-140,0
3204.173154115677,7168,7632,11536,-198,-86,103,6424,-8588,11372,-37,151,-196,-12572,4136,7732,-1027,102,-73,-12668,-6828,7512,-509,194,-115,0
3204.206773042679,6968,7440,11640,-172,-107,102,6356,-8580,11296,-10,147,-208,-12596,4184,7924,-1067,135,-98,-12680,-6872,7560,-528,183,-124,0
3204.2402770519257,7064,7748,11756,-182,-123,91,6280,-8544,11732,1,127,-216,-12552,4172,7776,-1018,95,-96,-12740,-6828,7672,-485,192,-146,0
3204.273831129074,7128,7932,11572,-194,-136,82,5684,-8544,11404,4,169,-227,-12320,4116,8056,-994,128,-108,-12640,-6840,7504,-500,182,-135,0
3204.307377099991,7096,7924,11692,-190,-133,123,6300,-8528,11128,-38,125,-239,-12496,4104,7704,-996,85,-129,-12692,-6856,7472,-490,172,-95,0
3204.341063976288,7048,7768,11632,-147,-150,139,6388,-8464,11364,-66,84,-213,-12528,4008,7824,-964,101,-63,-12680,-6876,7344,-525,139,-124,0
3204.374391078949,6912,7716,11644,-139,-121,85,6144,-8412,11360,-47,140,-173,-12608,3992,7744,-1012,70,-65,-12712,-6840,7344,-768,86,-133,0
3204.407726049423,7076,7736,11408,-164,-66,81,6336,-8668,11448,-17,164,-176,-12528,3940,7836,-979,70,-79,-12652,-6820,7248,-475,106,-110,0
3204.4412541389465,7036,7732,11756,-186,-82,65,6456,-8340,11416,-40,128,-182,-12300,3884,7960,-989,81,-99,-12672,-7092,7312,-463,103,-139,0
3204.4749081134796,7104,7776,11672,-185,-91,92,6312,-8460,11344,-46,156,-189,-12556,4024,7888,-984,59,-49,-12556,-6752,7672,-457,145,-140,0
3204.5082869529724,6992,7640,11652,-185,-71,64,6328,-8484,11392,7,157,-203,-12444,3956,7732,-1270,72,-84,-12624,-6836,7572,-470,184,-146,0
3204.54181098938,7064,7748,11604,-177,-111,112,6216,-8672,11472,24,127,-202,-12568,4092,7900,-1038,126,-80,-12616,-6836,7528,-260,132,-141,0
3204.575469970703,7008,7640,11684,-155,-126,95,6280,-8680,11344,-39,170,-186,-12492,4344,7788,-999,115,-253,-12720,-6836,7544,-260,92,-137,0
3204.613155126572,7128,7628,11752,-222,25,64,6404,-8468,11312,-29,153,-175,-12532,4132,7752,-944,122,-50,-12728,-6816,7644,-470,67,-127,0
3204.6482100486755,7180,7644,11748,-188,-5,112,6300,-8572,11464,-32,150,-104,-12576,4144,7564,-1017,41,-12,-12556,-6812,7572,-463,69,-145,0
3204.6836190223694,7068,7600,11608,-192,-8,114,6380,-8508,11360,-12,163,-102,-12500,4048,7708,-1005,119,-91,-12748,-6840,7544,-493,88,-151,0
3204.719164133072,7056,7648,11660,-180,-71,80,6296,-8488,11384,-40,158,-172,-12792,4056,7980,-996,98,-72,-12656,-6776,7492,-500,124,-132,0
3204.7541320323944,7016,7704,11696,-166,-51,124,6396,-8700,11512,-13,128,-196,-12480,4048,7780,-1019,134,-112,-12648,-6824,7436,-261,184,-115,0
3204.7902290821075,7208,7672,11560,-156,-86,114,6364,-8424,11504,-18,106,-180,-12552,4016,7984,-1023,114,-35,-12704,-7040,7196,-761,146,-158,0
3204.825490951538,7184,7728,11560,-141,-88,114,6640,-8508,11264,-43,176,-176,-12604,4040,7868,-974,54,-67,-12712,-6664,7428,-495,154,-160,0
3204.8615901470184,7036,7688,11620,-165,-46,83,6364,-8264,11372,-6,160,-203,-12544,4064,7680,-987,70,-36,-12664,-6684,7388,-474,127,-180,0
3204.896227121353,7116,7764,11544,-164,-41,53,6228,-8484,11448,-62,192,-148,-12488,4036,7812,-1017,45,-41,-12616,-6832,7476,-468,114,-151,0
3204.932615995407,7020,7812,11548,-172,-30,117,6324,-8516,11468,-37,135,-164,-12440,4136,7756,-1034,131,-56,-12584,-6996,7552,-458,166,-126,0
3204.9687819480896,7080,7832,11888,-196,-75,141,6232,-8436,11496,-80,94,-212,-12796,4036,7748,-985,124,-81,-12624,-6888,7552,-462,143,-124,0
3205.0044701099396,7156,7684,11620,-145,-40,103,6436,-8408,11464,-76,148,-177,-12660,4016,7728,-978,74,-30,-12688,-6832,7528,-489,112,-155,0
3205.040792942047,7052,7660,11560,-170,-11,37,6356,-8588,11456,18,472,-170,-12508,4196,7340,-1278,192,-136,-12320,-6868,7500,-476,179,-155,0
3205.076204061508,7160,7700,11696,-135,-35,97,6216,-8476,11380,49,117,-210,-12416,4284,7824,-1039,161,-128,-12616,-6852,7176,-535,166,-119,0
3205.1118390560146,6916,7680,11504,-118,-136,104,6424,-8456,11300,-98,142,-213,-12480,4060,7840,-1035,138,-105,-12764,-6756,7372,-534,181,-129,0
3205.1477019786835,7064,7692,11724,-176,-64,110,6388,-8448,11460,-16,132,-197,-12536,4104,8152,-978,135,-65,-12664,-6796,7308,-462,154,-89,0
3205.1826491355896,7108,7816,11692,-203,-25,151,6308,-8456,11328,-15,103,-164,-12544,4332,7748,-1035,137,-81,-12748,-6856,7660,-465,88,-92,0
3205.2175991535187,6956,7804,11816,-166,-3,158,6460,-8220,11320,-69,115,-122,-12484,3952,7956,-1039,130,-47,-12864,-6668,7376,-260,77,-134,0
3205.253853082657,7072,7704,11672,-158,-13,67,6308,-8460,11268,-96,194,-125,-12456,4016,7828,-976,55,-10,-12668,-6868,7480,-501,98,-160,0
3205.2874541282654,6916,7788,11576,-173,30,75,6308,-8544,11352,-38,191,-150,-12352,3920,7492,-770,69,-66,-12616,-6856,7452,-458,115,-129,0
3205.3210821151733,7164,7740,11552,-175,-18,79,6256,-8512,11608,-21,178,-158,-12472,4188,7756,-1014,59,-47,-12632,-6920,7516,-475,146,-151,0
3205.354872941971,7036,7820,11696,-184,-12,75,6260,-8384,11524,-42,176,-182,-12452,4108,7876,-778,117,-39,-12636,-6936,7448,-505,182,-104,0
3205.3881621360774,6980,7808,11620,-187,-44,107,6216,-8212,11348,-79,109,-187,-12400,4240,7700,-1004,128,-149,-12520,-6856,7660,-464,203,-95,0
3205.421606063843,6876,7732,11764,-174,-53,132,6228,-8628,11428,-50,74,-229,-12488,4072,7760,-962,-334,-132,-12696,-6860,7644,-443,194,-74,0
3205.4550359249115,7032,7672,11668,-199,-31,106,6356,-8476,11460,-105,153,-194,-12636,4096,7684,-1004,78,-51,-12776,-6880,7520,-465,129,-136,0
3205.48854804039,6960,7668,11652,-240,254,80,6376,-8548,11600,-73,223,-131,-12512,4080,7924,-987,9,-40,-12608,-6908,7524,-423,108,-174,0
3205.5220839977264,6968,7696,11400,-239,57,37,6256,-8488,11452,-52,192,-127,-12500,4080,7916,-967,50,-87,-12568,-6660,7636,-439,132,-156,0
3205.555680990219,7004,7720,11728,-224,5,88,6340,-8600,11336,-30,181,-163,-12500,4348,8176,-1015,104,-96,-12744,-6820,7664,-464,147,-99,0
3205.589169025421,7016,7696,11700,-211,-13,122,6328,-8568,11464,19,120,-194,-12456,4096,7904,-1014,168,-88,-12292,-6864,7264,-463,186,-53,0
3205.622298002243,7024,7812,11692,-231,-69,171,6340,-8540,11504,8,77,-187,-12536,4192,7824,-999,162,-122,-12660,-6892,7588,-478,225,-15,0
3205.6554899215694,7060,7716,11732,-227,-151,206,6176,-8476,11368,-56,65,-219,-12312,4276,7892,-999,184,-133,-12740,-7104,7664,-473,199,-41,0
3205.689211130142,6980,7692,11544,-219,-157,215,6308,-8444,11392,-54,88,-193,-12516,4284,7944,-1012,177,-123,-12632,-6860,7548,-463,154,-69,0
3205.7230451107025,6984,7620,11396,-231,-117,160,6216,-8592,11328,14,135,-179,-12516,4136,7880,-1017,159,-101,-12704,-6868,7612,-500,156,-60,0
3205.7566800117493,6952,7664,11764,-230,-112,184,6280,-8480,11380,12,105,-182,-12592,3996,7892,-972,127,-81,-12656,-6768,7500,-467,155,-37,0
3205.790367126465,7024,7752,11664,-259,-137,158,6284,-8568,11416,23,128,-222,-12544,4064,7824,-1005,128,-81,-12664,-7068,7524,-448,217,-55,0
3205.8237569332123,7088,7708,11708,-229,-179,181,6348,-8484,11420,16,123,-220,-12516,4260,7880,-997,148,-148,-12660,-6908,7548,-476,225,-82,0
3205.8573849201202,7044,7744,11656,-248,-184,176,6236,-8436,11484,255,129,-220,-12552,4028,7720,-982,175,-140,-12680,-6852,7220,-454,203,-42,0
3205.890790939331,7092,7484,11768,-236,-198,140,6156,-8704,11400,22,102,-244,-12544,4064,7860,-980,174,-118,-12620,-6816,7500,-434,202,-70,0
3205.924345970154,7068,7712,11592,-208,-175,146,6272,-8508,11508,12,113,-231,-12604,3964,7764,-971,174,-93,-12696,-6728,7356,-406,176,-94,0
3205.957869052887,7052,7556,11556,-282,-141,160,6356,-8352,11352,253,115,-229,-12492,4072,7512,-948,132,-88,-12688,-6840,7460,-419,134,-82,0
3205.9915659427643,7108,7756,11544,-252,-124,133,6368,-8464,11432,-26,103,-183,-12584,4156,7748,-970,138,-57,-12700,-6720,7424,-454,120,-73,0
3206.025257110596,7068,7672,11648,-2,-107,112,6328,-8420,11308,31,111,-189,-12568,4144,7672,-992,122,-119,-12712,-6796,7484,-485,151,-100,0
3206.0586400032043,7032,7656,11680,-222,-168,134,6232,-8204,11344,77,120,-206,-12472,3992,7940,-994,164,-150,-12564,-7088,7440,-465,175,-62,0
3206.092144012451,7136,7732,11672,-200,-191,137,6180,-8484,11400,10,119,-260,-12524,4124,8092,-958,151,-128,-12660,-6772,7548,-511,262,-80,0
3206.1257259845734,7156,7624,11700,-245,-174,168,6368,-8580,11400,45,78,-197,-12772,4236,7616,-1041,215,-118,-13036,-6908,7492,-503,181,-45,0
3206.1589670181274,7024,7552,11612,-216,-135,188,6392,-8648,11356,36,68,-166,-12584,4004,7876,-1041,189,-78,-12548,-6824,7432,-465,122,-57,0
3206.1924040317535,7008,7628,11728,-262,-58,183,6316,-8704,11364,5,135,-159,-12516,4132,7776,-972,159,-36,-12800,-6852,7484,-476,84,-104,0
3206.226005077362,6940,7424,11684,-232,-80,146,6208,-8692,11420,-49,85,-181,-12476,4144,7936,-975,129,-75,-12624,-6772,7504,-511,111,-103,0
3206.2595920562744,7148,7520,11692,-151,-65,94,6388,-8428,11352,-42,117,-223,-12572,3976,7708,-982,76,-73,-12648,-6744,7352,-530,200,-149,0
3206.296369075775,7140,7556,11532,-113,-53,63,6408,-8660,11372,-15,148,-190,-12792,4048,7948,-1011,109,-81,-12724,-6720,7484,-496,176,-147,0
3206.332515001297,6944,7852,11696,-144,-56,67,6332,-8500,11392,-40,157,-198,-12580,3900,7804,-1008,102,-48,-13004,-6876,7376,-482,178,-135,0
3206.367614030838,7092,7748,11548,-183,-256,88,6340,-8464,11372,-40,153,-173,-12600,4040,7848,-1039,146,-40,-12784,-6744,7528,-492,145,-113,0
3206.4033589363094,6924,7620,11764,-162,247,127,6400,-8416,11472,-24,109,-117,-12784,4056,7912,-1040,93,-67,-12732,-6828,7496,-507,103,-148,0
3206.4386861324306,7120,7688,11544,-117,45,131,6332,-8376,11500,-56,146,-93,-12512,4072,7796,-1055,106,-19,-12656,-6848,7516,-524,87,-162,0
3206.474411010742,7036,7564,11724,-112,34,98,6340,-8308,11344,-68,160,-113,-12644,4072,7824,-1049,127,-46,-12588,-6892,7496,-502,94,-128,0
3206.510297060013,7000,7736,11724,-133,42,111,6220,-8456,11372,-47,165,-112,-12452,4124,8024,-822,-38,-239,-12696,-6880,7472,-502,95,-148,0
3206.545709133148,7012,7640,11608,-160,27,71,6328,-8404,11348,-78,183,-108,-12360,3892,7800,-978,60,-52,-12600,-6832,7576,-490,84,-167,0
3206.581144094467,6960,7572,11768,-132,46,96,6288,-8696,11692,-54,186,-131,-12572,4172,7816,-999,93,-23,-12728,-6844,7456,-493,118,-176,0
3206.6162531375885,7104,7736,11548,-155,12,80,6396,-8500,11340,-58,147,-175,-12492,4088,7788,-997,118,-87,-12668,-6828,7464,-449,144,-157,0
3206.652297973633,7072,7716,11524,-143,22,73,6364,-8456,11352,-82,188,-194,-12604,4068,7680,-958,168,-25,-12728,-6832,7428,-453,125,-138,0
3206.687700033188,7172,7640,11636,-134,-49,42,6616,-8468,11348,-91,158,-185,-12556,4076,7912,-1004,73,-70,-12612,-6732,7244,-257,153,-187,0
3206.7250061035156,7144,7564,11644,-153,-22,63,6876,-8204,11556,-51,184,-154,-12444,3948,7624,-1005,5,-39,-12708,-6872,7564,-502,111,-172,0
3206.7607369422913,7076,7756,11720,-115,25,63,6352,-8200,11292,-51,183,-139,-12680,4036,7732,-1021,108,-16,-12704,-6860,7444,-514,107,-159,0
3206.7956161499023,7048,7672,11632,-117,32,62,6144,-8504,11404,-89,225,-137,-12776,4300,7696,-995,94,-253,-12616,-6764,7468,-481,99,-131,0
3206.831538915634,7048,7916,11776,-158,32,95,6324,-8440,11372,-115,156,-118,-12556,4160,7700,-990,217,-21,-12688,-6836,7368,-439,60,-146,0
3206.8677639961243,7008,7588,11724,-137,50,92,6240,-8484,11504,-98,185,-95,-12524,4152,7932,-999,98,11,-12664,-6872,7656,-475,71,-157,0
3206.903016090393,6952,7704,11756,-176,42,103,6248,-8564,11432,-87,186,-98,-12576,3892,7536,-990,26,-56,-12636,-6860,7536,-463,83,-179,0
3206.939374923706,7012,7716,11544,-143,36,52,6176,-8496,11372,-113,243,-127,-12536,4168,7620,-1052,92,-68,-12792,-6804,7532,-497,128,-185,0
3206.9728190898895,6984,7648,11672,-160,-36,62,6316,-8672,11388,-54,234,-171,-12476,4080,7660,-1040,95,-63,-12604,-6848,7500,-490,175,-161,0
3207.005919933319,6960,7664,11628,-153,-40,42,6296,-8536,11356,-35,174,-197,-12732,3976,7784,-795,36,-73,-12556,-6676,7412,-509,194,-171,0
3207.039631128311,7008,7644,11676,-141,-86,76,6260,-8512,11352,-77,185,-202,-12616,4136,7632,-1279,124,-121,-13024,-6792,7692,-486,151,-157,0
3207.073128938675,6952,7700,11572,-182,-83,63,6276,-8488,11364,-22,165,-174,-12620,4088,7832,-979,77,-68,-12716,-6760,7596,-445,138,-150,0
3207.1066229343414,6948,7748,11620,-194,-11,55,6320,-8592,11268,-31,172,-166,-12780,4332,7820,-982,253,-52,-12796,-6884,7540,-472,134,-169,0
3207.1400990486145,6972,7788,11528,-163,-47,95,6204,-8532,11408,-51,178,-169,-12516,4016,7724,-1006,76,-60,-12612,-6860,7684,-478,134,-160,0
3207.173735141754,6992,7668,11636,-173,-25,76,6172,-8404,11436,-59,170,-152,-12520,4104,7836,-774,79,-61,-12572,-6836,7616,-493,143,-149,0
3207.207262992859,6952,7724,11776,-168,-24,65,6284,-8516,11512,-83,152,-159,-12524,4216,7864,-996,59,-64,-12684,-6876,7464,-483,114,-146,0
3207.240828037262,6992,7524,11664,-162,4,61,6096,-8452,11324,-55,162,-139,-12468,3980,7932,-996,93,-23,-12672,-6884,7648,-492,89,-149,0
3207.274299144745,7016,7732,11528,-174,3,85,6268,-8508,11304,-21,162,-145,-12336,3932,7920,-1030,99,-38,-12784,-6844,7212,-480,138,-130,0
3207.3076181411743,6960,7768,11648,-175,-12,75,6204,-8576,11424,-40,159,-162,-12592,3964,7720,-989,136,-95,-12608,-6864,7584,-466,131,-150,0
3207.341094017029,7000,7772,11744,-163,-35,109,6312,-8520,11384,-88,128,-185,-12616,4040,7852,-949,118,-113,-12660,-6876,7520,-468,154,-106,0
3207.374484062195,6964,7712,11684,-208,-35,108,6396,-8616,11496,-33,164,-203,-12512,4108,8336,-1048,127,-51,-12692,-6820,7480,-460,165,-113,0
3207.407757997513,6932,7728,11600,-236,-59,95,6148,-8524,11456,-22,179,-173,-12460,4052,7864,-1007,115,-62,-12660,-6840,7536,-461,142,-119,0
3207.4412679672246,6912,7760,11780,-214,-89,65,6208,-8520,11504,248,178,-191,-12564,4092,7872,-1010,115,-98,-12708,-6828,7488,-459,160,-122,0
3207.474874973297,6868,7764,11788,-238,-96,113,6200,-8528,11476,8,157,-223,-12484,4220,7804,-991,122,-135,-12604,-7112,7460,-466,196,-56,0
3207.5082581043243,6916,7860,11804,-211,-106,102,6276,-8536,11488,-18,115,-193,-12500,3968,7816,-982,121,-90,-12676,-6776,7544,-493,141,-50,0
3207.5417940616608,6860,7704,11660,-200,-106,159,6264,-8580,11384,-14,95,-183,-12516,3848,7792,-1014,134,-35,-12696,-6860,7556,-469,161,-80,0
3207.5754330158234,6876,7764,11620,-503,-111,154,6192,-8452,11404,-23,120,-166,-12484,4148,7700,-968,172,-94,-12572,-6864,7668,-463,154,-37,0
3207.6087601184845,6796,7672,11704,-286,-122,154,6216,-8552,11472,-9,125,-179,-12612,4152,7684,-990,165,-129,-12604,-6780,7552,-473,148,-84,0
3207.6421201229095,6912,7784,11704,-220,-118,167,6316,-8544,11476,49,125,-181,-12520,4116,7820,-1007,147,-135,-12736,-6856,7456,-503,206,-48,0
3207.6757011413574,6884,7728,11700,-245,-175,165,6156,-8524,11432,55,123,-215,-12708,4084,7752,-984,177,-124,-12604,-6720,7484,-493,219,-40,0
3207.7091879844666,7068,7680,11664,-227,-188,174,6300,-8476,11352,27,114,-239,-12584,4132,7772,-981,158,-155,-12708,-6772,7328,-486,224,-65,0
3207.742491006851,7008,7720,11776,-3,-213,165,6232,-8448,11268,51,84,-215,-12636,3980,7744,-994,190,-168,-12696,-6748,7500,-459,192,-73,0
3207.776009082794,7084,7628,11660,-242,-211,177,6592,-8448,11272,11,118,-219,-12584,4032,7736,-999,157,-121,-12696,-6788,7432,-456,201,-46,0
3207.8093490600586,7156,7728,11708,-262,-184,152,6284,-8504,11444,20,132,-206,-12568,4152,7720,-998,120,-81,-12700,-6784,7428,-444,151,-57,0
3207.842992067337,6908,7680,11684,-4,-153,136,6272,-8428,11536,23,111,-205,-12492,4164,7860,-979,144,-100,-12576,-6792,7456,-444,173,-70,0
3207.876564025879,6996,7580,11704,-251,-134,163,6236,-8500,11348,-4,120,-211,-12524,4112,7820,-972,145,-143,-12716,-6808,7444,-487,167,-80,0
3207.9097249507904,6856,7732,11736,-218,-180,136,6216,-8472,11508,18,94,-213,-12492,4032,8140,-992,120,-102,-12740,-6780,7556,-482,180,-68,0
3207.9430770874023,6984,7592,11660,-196,-203,114,6272,-8528,11428,28,104,-218,-12528,4088,7728,-1275,136,-135,-12724,-6820,7560,-503,192,-84,0
3207.9808459281926,6940,7676,11640,-216,-162,159,6340,-8404,11364,34,97,-241,-12496,4040,7952,-1038,224,-83,-12692,-6788,7532,-469,178,-55,0
3208.017128944397,7084,7676,11584,-247,-148,161,6308,-8448,11340,20,87,-212,-12404,3992,7764,-989,187,-99,-12616,-6808,7440,-473,156,-67,0
3208.0524871349335,7060,7692,11716,-223,-124,176,6344,-8448,11288,-43,94,-201,-12556,4200,7684,-981,160,-113,-12696,-6676,7532,-513,121,-92,0
3208.0886981487274,7052,7516,11748,-201,-117,131,6192,-8564,11424,9,111,-177,-12636,4000,7592,-1051,137,-71,-12668,-6812,7204,-480,166,-115,0
3208.1241450309753,7124,7668,11584,-162,-53,97,6304,-8356,11328,-25,111,-184,-12612,4148,7812,-1012,110,-72,-12640,-6752,7472,-518,117,-157,0
3208.1601691246033,7128,7512,11548,-118,-15,23,6312,-8488,11396,-101,185,-189,-12560,3852,7736,-966,92,-24,-12784,-6628,7436,-502,112,-186,0
3208.195624113083,7148,7592,11640,-158,35,38,6208,-8508,11400,-56,196,-145,-12580,4036,7568,-1001,59,-253,-12992,-6664,7444,-475,89,-191,0
3208.2308881282806,7028,7620,11604,-125,48,50,6284,-8536,11400,-70,206,-102,-12564,4028,8008,-974,37,48,-12616,-6880,7432,-455,61,-181,0
3208.2660789489746,6976,7712,11728,-184,44,69,6264,-8416,11692,-66,144,-111,-12464,4100,7792,-984,36,-1,-12636,-6816,7620,-484,69,-170,0
3208.30180811882,7052,7924,11792,-133,-6,67,6088,-8472,11472,-101,203,-126,-12524,4164,7564,-1065,83,-33,-12580,-6864,7528,-506,108,-180,0
3208.337665081024,6992,7520,11748,-111,20,52,6236,-8484,11372,-109,161,-165,-12672,4012,7532,-1005,76,-51,-12652,-6812,7372,-529,122,-133,0
3208.3726551532745,7020,7848,11848,-144,-24,61,6184,-8632,11684,-85,134,-181,-12332,4132,7612,-975,22,-62,-12632,-6772,7528,-489,114,-191,0
3208.4081840515137,6664,7720,11616,-111,10,46,6240,-8496,11304,-99,185,-151,-12496,4080,7880,-963,69,-44,-12640,-6868,7560,-492,106,-192,0
3208.4438130855565,7032,7920,11524,-137,31,47,6256,-8440,11420,-32,184,-164,-12576,3868,7872,-954,44,-58,-12628,-6776,7660,-449,79,-151,0
3208.4787430763245,6956,7776,11640,-179,24,51,6600,-8616,11400,-75,226,-154,-12652,4092,7728,-999,63,-254,-12564,-6660,7624,-515,115,-195,0
3208.5150849819183,6924,7824,11536,-132,1,49,6296,-8436,11552,-81,215,-169,-12508,4156,7588,-975,16,-83,-12512,-6924,7540,-472,78,-159,0
3208.550684928894,6968,7780,11632,-142,5,74,6252,-8528,11448,-108,181,-187,-12532,4108,7820,-960,67,-16,-12652,-6704,7520,-472,113,-198,0
3208.5854411125183,6984,7640,11648,-146,-18,55,5888,-8492,11456,-86,199,-139,-12584,4200,7664,-1017,91,-8,-12636,-6908,7640,-479,79,-167,0
3208.6214921474457,6872,7620,11660,-149,-253,70,6300,-8436,11688,-42,169,-153,-12436,4092,8080,-984,73,-39,-12668,-7000,7272,-473,73,-150,0
3208.6547870635986,6872,7680,11768,-147,44,61,6184,-8484,11388,-57,160,-139,-12544,4132,7696,-977,63,-44,-12756,-6832,7400,-488,74,-153,0
3208.6884019374847,6960,7776,11772,-121,7,65,6308,-8508,11404,-85,170,-130,-12524,4196,7780,-1007,62,-36,-12592,-6820,7552,-484,77,-139,0
3208.721838951111,6960,7796,11748,-123,53,92,6388,-8540,11552,-62,109,-110,-12568,4172,7848,-1004,87,47,-12664,-6800,7564,-503,39,-125,0
3208.755378961563,7012,7448,11572,-115,53,111,6156,-8528,11268,-64,136,-116,-12512,4332,7752,-998,102,-250,-12428,-6836,7584,-527,87,-117,0
3208.7886600494385,6828,7736,11892,-106,12,112,6252,-8608,11500,-101,139,-93,-12828,3924,7760,-1142,125,-55,-12752,-6872,7452,-481,107,-153,0
3208.8218951225285,6868,7716,11784,-155,-3,76,6296,-8440,11512,-65,188,-186,-12528,4132,7728,-923,5,-62,-12584,-6668,7348,-485,125,-142,0
3208.8579790592194,7076,7700,11940,-183,-16,52,6244,-8580,11524,-63,199,-167,-12516,4156,7816,-979,87,-41,-12664,-6864,7552,-511,157,-138,0
3208.8916270732884,7024,7628,11756,-178,-45,73,6064,-8568,11408,-42,176,-191,-12484,4132,7852,-771,136,-62,-12668,-6844,7608,-470,139,-125,0
3208.9252440929413,6928,7776,11612,-190,253,70,6152,-8516,11472,-47,147,-200,-12596,4272,7720,-979,134,-124,-12688,-6740,7660,-494,162,-123,0
3208.958760023117,6916,7688,11748,-204,-49,94,6296,-8476,11408,-57,167,-178,-12712,4180,7696,-986,128,-90,-12504,-6788,7596,-479,142,-107,0
3208.992114067077,6908,7728,11648,-197,-83,121,6180,-8528,11456,-3,160,-169,-12388,4156,7904,-1005,80,-37,-12664,-6852,7660,-470,163,-98,0
3209.025663137436,6892,7700,11680,-221,-81,116,6228,-8584,11332,-7,188,-204,-12536,4060,7716,-980,61,-100,-12632,-6860,7568,-516,169,-93,0
3209.0592720508575,6860,7828,11664,-226,-100,122,6188,-8556,11284,-33,150,-188,-12484,4180,7956,-1015,136,-132,-12720,-6888,7536,-492,158,-67,0
3209.0926570892334,6884,7716,11948,-192,-121,153,6160,-8556,11320,-17,101,-184,-12436,4068,7904,-1036,141,-124,-12584,-6864,7432,-501,230,-30,0
3209.1261150836945,6952,7780,11728,-183,-161,195,6208,-8548,11388,15,50,-178,-12412,3884,7888,-1027,200,-40,-12588,-6756,7552,-494,209,-48,0
3209.159467935562,6880,7728,11684,-193,-131,212,6188,-8476,11288,23,49,-195,-12536,4140,7836,-1050,214,-97,-12564,-6828,7540,-761,208,248,0
3209.1928849220276,6860,7684,11772,-208,-177,232,6240,-8576,11492,47,57,-170,-12456,4196,8116,-1104,293,-112,-12724,-6812,7592,-531,217,-31,0
3209.2267079353333,6916,7696,11700,-217,-174,245,6260,-8540,11376,51,32,-183,-12636,4100,7808,-1043,239,-145,-12736,-6752,7448,-518,191,-250,0
3209.2600820064545,6768,7648,11820,-200,-137,508,6284,-8452,11404,28,44,-184,-12568,4080,7680,-1044,210,-122,-12728,-6800,7416,-466,216,7,0
3209.2936470508575,7064,7480,11664,-258,-168,256,6288,-8464,11408,30,74,-198,-12604,4088,7868,-1056,191,-115,-12672,-6836,7400,-259,231,-4,0
3209.3271899223328,6944,7652,11560,-243,-205,211,6312,-8580,11372,68,57,-217,-12684,3844,8096,-1007,236,-122,-12676,-6860,7464,-480,192,-27,0
3209.3605730533604,7008,7544,11724,-243,-201,180,6308,-8240,11504,59,117,-224,-12600,4128,7836,-986,167,-145,-12624,-6824,7400,-464,200,-42,0
3209.3936851024628,7024,7624,11704,-14,-215,183,6312,-8424,11308,74,91,-252,-12772,4088,7688,-970,175,-136,-12620,-6796,7528,-452,189,-54,0
3209.4271810054775,7024,7652,11656,-217,-215,166,6272,-8472,11456,70,119,-224,-12456,3868,7692,-1001,177,-126,-12680,-6864,7464,-487,215,-50,0
3209.4606120586395,7052,7680,11736,-226,-233,181,5976,-8532,11280,99,29,-265,-12592,4036,7792,-1008,228,-132,-12716,-6780,7556,-477,235,-15,0
3209.4941630363464,6964,7764,11648,-246,-209,193,6256,-8408,11508,55,35,-238,-12576,4092,7912,-1005,279,-143,-12704,-6768,7400,-466,184,23,0
3209.52751493454,7116,7652,11684,-211,-179,228,6368,-8468,11388,50,76,-207,-12664,4196,7808,-784,32,-91,-12728,-6624,7504,-495,188,-28,0
3209.5609600543976,7040,7504,11728,-241,-189,212,6228,-8572,11268,34,22,-191,-12552,4064,7792,-1038,213,-90,-12656,-6820,7576,-494,183,-65,0
3209.5945000648494,7028,7624,11672,-208,-202,222,6336,-8484,11520,46,-7,-180,-12672,4012,7700,-978,144,-75,-12800,-6952,7536,-442,147,-35,0
3209.6307139396667,7036,7688,11784,-185,-157,180,6240,-8528,11372,-6,87,-242,-12688,4108,7580,-962,192,-97,-12696,-6744,7360,-489,224,-41,0
3209.6660981178284,7120,7456,11688,-225,-184,187,6148,-8540,11448,253,38,-219,-12608,4124,7672,-1113,299,-120,-12712,-6784,7524,-464,161,-71,0
3209.701807975769,7144,7560,11684,-176,-158,167,6272,-8332,11324,-28,102,-201,-12312,3972,7440,-934,135,-71,-12688,-6744,7448,-451,130,-118,0
3209.737755060196,7068,7632,11600,-202,-113,98,6340,-8328,11344,-48,154,-228,-12644,4024,7936,-977,101,-77,-12776,-6836,7484,-417,144,-162,0
3209.772686958313,7028,7508,11844,-209,-73,70,6384,-8488,11432,-62,179,-253,-12724,4012,7444,-975,95,-98,-12560,-6740,7532,-435,173,-148,0
3209.808680057525,7184,7576,11644,-191,-67,13,6200,-8464,11492,-33,183,-248,-12628,4336,7680,-988,93,-96,-12672,-6668,7244,-469,174,-162,0
3209.8437139987946,7164,7652,11560,-177,-21,56,6356,-8440,11280,-57,186,-215,-12708,4100,7704,-971,87,-80,-12736,-6452,7184,-451,152,-153,0
3209.879570007324,6928,7640,11740,-157,-33,71,6316,-8484,11448,-89,151,-182,-12592,4092,7696,-974,120,-41,-12712,-6780,7528,-453,148,-153,0
3209.915112018585,6992,7664,11964,-176,-34,94,6308,-8484,11412,-6,131,-159,-12504,4092,7640,-1007,90,-94,-12792,-6692,7576,-487,172,-126,0
3209.950516939163,7024,7616,11780,-150,-12,136,6300,-8400,11616,-58,131,-147,-12528,4284,7716,-988,110,245,-12724,-6732,7708,-502,144,-122,0
3209.986228942871,6964,7668,11808,-152,-24,139,6180,-8384,11484,-64,132,-138,-12404,3984,7744,-1015,110,-46,-12680,-6836,7544,-494,131,-142,0
3210.0223031044,6732,7616,11604,-175,-27,100,6292,-8480,11272,-62,127,-169,-12532,3916,7704,-1019,86,-76,-12656,-6804,7488,-485,92,-122,0
3210.0577030181885,6988,7424,11736,-150,-9,67,6324,-8496,11432,-89,165,-147,-12596,4192,7612,-968,80,-7,-12612,-6820,7540,-484,104,-176,0
3210.0933430194855,7048,7588,11724,-114,24,43,6300,-8696,11264,-58,184,-127,-12636,4088,7764,-982,82,-29,-12568,-6732,7676,-506,88,-204,0
3210.1292741298676,6968,7648,11640,-141,47,56,6376,-8452,11292,-50,191,-164,-12632,4008,7572,-952,86,-49,-12700,-6852,7664,-450,135,-136,0
3210.1642401218414,6984,7692,11820,-238,-253,75,6316,-8384,11496,-82,200,-214,-12728,4064,7748,-936,111,-89,-12676,-7128,7168,-400,219,-99,0
3210.1998620033264,6920,7672,11712,-217,-87,83,6216,-8536,11488,-111,158,-239,-12748,4100,7672,-958,130,-168,-12712,-6728,7572,-441,210,-115,0
3210.2354419231415,7000,7540,11556,-186,-98,85,6348,-8508,11380,-40,165,-208,-12716,4084,7916,-1280,84,-81,-12620,-6776,7520,-487,192,-172,0
3210.2708089351654,6960,7424,11692,-153,-23,74,5936,-8432,11456,-11,172,-167,-12524,4124,7668,-991,61,-74,-12744,-6812,7516,-474,113,-164,0
3210.306751012802,7044,7668,11844,-112,247,43,6328,-8688,11344,-57,203,-144,-12568,4108,7756,-973,22,-59,-12636,-6824,7404,-471,132,-175,0
3210.3402669429775,6960,7684,11784,-205,16,47,6216,-8528,11432,-38,221,-154,-12664,4252,7808,-1006,39,-49,-12804,-6716,7632,-484,161,-149,0
3210.3738169670105,7084,7752,11852,-168,-14,82,6268,-8520,11448,-61,175,-140,-12644,4216,7804,-993,80,-28,-12684,-6808,7524,-500,130,-106,0
3210.4072630405426,6896,7644,11664,-155,-35,144,6296,-8588,11360,-90,132,-148,-12564,4160,7620,-1012,137,-5,-12708,-6672,7476,-524,120,-81,0
3210.4407429695134,7004,7652,11604,-171,-65,138,6288,-8592,11432,-80,89,-152,-12636,4140,7568,-993,124,-80,-12636,-6760,7508,-502,147,-96,0
3210.4742019176483,6900,7644,11636,-168,-73,145,6260,-8496,11476,-72,127,-183,-12612,4088,7652,-1001,128,-128,-12792,-6796,7648,-476,133,-112,0
3210.507720947265,6984,7668,11796,-174,-52,83,6476,-8484,11364,-31,163,-170,-12648,4132,7632,-972,83,-91,-12600,-6688,7368,-491,167,-139,0
3210.5412590503693,7108,7568,11784,-176,-72,91,6304,-8212,11276,-48,152,-178,-12604,4052,7804,-1000,68,-58,-12728,-6740,7512,-260,172,-164,0
3210.57475399971,7036,7612,11692,-161,-113,48,6288,-8684,11376,-24,180,-177,-12608,3840,7724,-982,59,-101,-12708,-6796,7488,-465,148,-142,0
3210.608204126358,6976,7728,11704,-209,-64,64,6160,-8476,11516,-6,162,-194,-12616,4176,7744,-1034,95,-128,-12708,-6808,7528,-471,154,-130,0
3210.641580104828,7044,7796,11840,-198,-79,79,6308,-8492,11264,-31,168,-198,-12600,4136,7652,-1007,109,-88,-12580,-6820,7560,-504,131,-138,0
3210.675060033798,6948,7680,11904,-162,-130,109,6176,-8404,11436,-54,145,-191,-12560,4032,8096,-1000,95,-55,-12696,-6824,7448,-482,174,-130,0
3210.7086260318756,6944,7676,11792,-189,-97,106,6256,-8532,11740,-67,154,-195,-12656,3860,7904,-1279,123,-93,-12720,-6788,7400,-486,166,-133,0
3210.742170095444,7048,7648,11552,-189,-92,76,6328,-8468,11284,-50,168,-190,-12580,4144,7684,-996,64,-86,-12744,-6840,7420,-495,126,-147,0
3210.7755880355835,6968,7692,11604,-165,-64,104,6188,-8412,11540,-53,135,-189,-12572,4088,7816,-774,51,-67,-12716,-6876,7284,-514,126,-171,0
3210.8091599941254,7020,7464,11556,-178,-72,104,6212,-8532,11416,-23,154,-187,-12544,4060,7756,-983,105,-63,-12708,-6828,7556,-469,137,-129,0
3210.8430099487305,6968,7652,11660,-205,-75,92,6284,-8208,11484,-64,146,-172,-12576,4068,7800,-993,128,-47,-12740,-6752,7484,-454,129,-117,0
3210.8763999938965,7088,7908,11628,-201,-62,80,6324,-8472,11260,-74,165,-171,-12656,4160,7832,-1008,129,-74,-12736,-6672,7508,-500,147,-126,0
3210.9097180366516,7040,7580,11560,-194,-57,123,6340,-8548,11432,-56,132,-192,-12632,3872,7460,-1044,110,-96,-12716,-6772,7564,-492,159,-132,0
3210.9433720111847,7044,7656,11756,-171,-61,120,6224,-8584,11360,-28,123,-179,-12660,4196,7672,-1279,117,-100,-12652,-6768,7536,-516,144,-121,0
3210.9770691394806,7016,7704,11664,-157,-97,118,6336,-8520,11504,-56,143,-184,-12684,4108,7464,-990,83,-83,-12728,-6840,7552,-481,145,-141,0
3211.0108981132507,7104,7452,11580,-197,-16,95,6328,-8528,11368,-49,164,-161,-12696,4128,7888,-990,91,-45,-12720,-6664,7500,-488,126,-126,0
3211.0443770885468,7052,7632,11544,-189,-22,76,6380,-8504,11392,-44,189,-142,-12608,4088,7560,-1000,83,-74,-12648,-6832,7492,-480,120,-110,0
3211.077639102936,6900,7688,11856,-210,-57,100,6144,-8408,11480,-40,169,-159,-12600,4344,7748,-974,117,-71,-12688,-6852,7528,-487,124,-125,0
3211.111244916916,6972,7672,11640,-207,-85,101,6188,-8496,11412,-96,130,-182,-12580,4276,7880,-978,92,-52,-12568,-6820,7448,-450,146,-113,0
3211.14430809021,6936,7600,11688,-169,-76,112,6192,-8648,11416,-41,125,-191,-12588,4144,7820,-1001,114,-80,-12700,-6860,7184,-765,141,-106,0
3211.177932024002,6916,7624,11576,-162,-42,119,6240,-8512,11512,-51,136,-175,-12604,4048,7760,-967,115,-71,-12600,-6764,7528,-482,164,-88,0
3211.2117130756374,7008,7456,11544,-175,-83,89,6208,-8500,11456,-21,122,-200,-12628,4032,7700,-979,119,-101,-12540,-6740,7436,-504,166,-142,0
3211.2452960014343,6980,7716,11908,-178,-131,93,6240,-8556,11484,-59,144,-231,-12604,4088,7704,-937,112,-111,-12764,-6800,7552,-495,139,-104,0
3211.2786140441895,7020,7676,11620,-188,-70,66,6324,-8460,11500,-73,108,-197,-12604,4144,7868,-924,110,-47,-12756,-6772,7460,-469,131,-127,0
3211.314525127411,7028,7612,11724,-209,-26,90,6324,-8248,11460,-56,137,-200,-12660,4124,7580,-934,89,-126,-12688,-6748,7396,-488,152,-155,0
3211.3502409458165,7048,7704,11812,-190,-61,74,6284,-8360,11284,-63,138,-191,-12592,4056,7660,-967,74,-51,-12744,-6840,7520,-493,126,-161,0
3211.3853781223297,7136,7900,12016,-180,-55,82,6116,-8576,11488,-61,153,-183,-12576,3944,7840,-963,79,-89,-12680,-6756,7528,-466,109,-131,0
3211.420958995819,6992,7664,11668,-192,-46,98,6248,-8496,11372,-37,142,-189,-12664,4192,7492,-956,77,-79,-12724,-6832,7400,-487,128,-131,0
3211.456130027771,6676,7632,11884,-161,-56,112,6260,-8600,11316,-52,110,-191,-12664,4176,7784,-960,90,-70,-12952,-6760,7428,-524,102,-134,0
3211.4917619228363,7076,7668,11704,-147,-31,99,6296,-8472,11272,-46,130,-160,-12544,4096,7968,-1014,92,-63,-12660,-6672,7472,-514,130,-134,0
3211.528041124344,6988,7712,11528,-178,-50,118,6160,-8548,11312,-6,141,-173,-12560,4324,7868,-948,126,-92,-12696,-6836,7516,-477,63,-116,0
3211.5632369518285,7128,7500,11744,-171,-25,96,6268,-8536,11440,-28,132,-171,-12756,4192,7704,-989,121,-61,-12640,-6792,7596,-499,104,-112,0
3211.598133087158,6868,7632,11684,-144,-74,114,6252,-8464,11456,-45,128,-150,-12628,4276,7840,-999,101,-83,-12712,-6744,7516,-538,113,-128,0
3211.633610010147,6892,7628,11772,-168,-64,119,6332,-8528,11368,242,124,-141,-12692,4088,7684,-1006,59,-53,-12644,-6776,7488,-535,117,-129,0
3211.6695261001587,7020,7748,11676,-147,-27,102,6260,-8316,11396,-33,186,-170,-12664,4084,7892,-1007,40,-66,-12616,-6920,7512,-483,109,-166,0
3211.704782962799,6936,7748,11692,-221,-65,61,6164,-8384,11504,-60,170,-200,-12576,3992,7832,-968,87,-84,-12624,-6776,7556,-467,132,-155,0
3211.745157957077,6996,7900,11640,-192,-16,67,6320,-8476,11516,-43,178,-162,-12312,4172,7876,-968,63,-90,-12704,-6740,7464,-468,129,-141,0
3211.7807569503784,6948,7660,11988,-184,-37,94,6376,-8640,11416,-61,158,-155,-12576,4148,7864,-996,55,-23,-12748,-6700,7552,-475,78,-162,0
3211.815932035446,6972,7660,11776,-173,5,85,6296,-8436,11348,-50,181,-115,-12668,4148,7644,-963,47,-49,-12388,-6768,7592,-484,90,-142,0
3211.851413965225,6656,7916,11836,-195,-18,117,5928,-8576,11360,-25,151,-128,-12416,3952,7608,-1019,132,-17,-12732,-6892,7568,-498,103,-101,0
3211.8874139785767,6948,7632,11768,-167,-65,152,6208,-8564,11520,-48,91,-161,-12600,4276,7776,-1002,178,-106,-12608,-6748,7512,-767,148,-63,0
3211.9225840568542,6876,7652,11788,-143,-77,158,6240,-8504,11352,-41,86,-176,-12800,4164,7708,-1008,126,-65,-12588,-6808,7544,-531,152,-109,0
3211.9580550193787,6924,7628,11844,-183,-97,122,6252,-8664,11376,7,130,-198,-12640,4224,7624,-1003,133,-53,-12600,-6756,7604,-509,137,-121,0
3211.9937989711766,6936,7640,11980,-159,-29,71,6236,-8628,11376,-256,160,-158,-12592,4184,7736,-775,50,-97,-12644,-6704,7464,-498,167,-172,0
3212.0274670124054,7152,7528,11832,-220,-100,63,6224,-8624,11672,33,201,-194,-12512,4284,7824,-1275,57,-105,-12556,-7124,7888,-545,185,-127,0
3212.0610251426697,7128,7716,11836,-177,-118,119,6300,-8264,11588,7,103,-186,-12460,4124,7868,-981,102,-118,-12656,-6800,7448,-259,145,-120,0
3212.094437122345,6672,7860,11728,-171,-99,150,6244,-8472,11356,-38,114,-162,-12624,4120,7784,-1005,129,-41,-12668,-6736,7528,-493,74,-100,0
3212.1276631355286,6952,7716,11752,-194,-63,107,6296,-8696,11384,-41,137,-142,-12480,4108,7744,-1005,102,-17,-12720,-6800,7628,-482,108,-122,0
3212.1610510349274,6812,7692,11900,-194,-51,118,6260,-8508,11372,31,138,-173,-12584,4156,7696,-983,112,-101,-12616,-6880,7668,-467,123,-84,0
3212.194818019867,7132,7660,11732,-159,-43,119,6220,-8232,11476,-37,157,-192,-12644,4072,7860,-1024,161,-124,-12728,-6828,7544,-527,160,-130,0
3212.2282450199127,7052,7708,11620,-146,-121,75,6364,-8460,11556,-57,133,-210,-12800,4096,7784,-1009,78,-79,-12672,-6816,7472,-506,134,-153,0
3212.261794090271,6932,7592,11656,-187,-78,94,6228,-8372,11396,-17,143,-171,-12524,4116,7608,-963,125,-57,-12660,-6744,7572,-451,128,-134,0
3212.2952950000763,6992,7708,11660,-185,-18,131,6288,-8684,11772,-40,97,-147,-12540,4140,7740,-992,104,-60,-12608,-6848,7484,-443,109,-108,0
3212.3284890651703,6656,7752,11624,-185,-44,129,6232,-8468,11368,-84,111,-160,-12584,4164,7764,-1006,137,-38,-12660,-6756,7456,-473,84,-148,0
3212.3619439601894,6976,7588,11732,-135,35,57,6244,-8232,11432,-106,173,-109,-12584,4176,7808,-1039,93,31,-12628,-6800,7488,-526,32,-198,0
3212.3954780101776,6996,7552,11968,-144,109,46,6268,-8484,11416,-60,202,-69,-12636,4184,7800,-983,-23,81,-12576,-6776,7440,-262,9,-190,0
3212.428754091263,6840,7592,11724,-140,151,34,6280,-8556,11420,-43,259,-97,-12444,4376,7244,-1054,156,-249,-12676,-6812,7592,-452,87,-187,0
3212.462317943573,6816,7436,11856,-195,88,67,6312,-8628,11556,-38,181,-126,-12568,4276,7788,-984,57,-82,-12708,-6792,7516,-452,124,-142,0
3212.4958310127254,6904,7468,11816,-177,17,49,6300,-8572,11364,-64,166,-185,-12564,4236,7512,-969,23,-67,-12612,-6800,7572,-465,154,-170,0
3212.529304981232,6736,7704,11840,-165,-61,54,6212,-8580,11324,-98,191,-198,-12652,4200,7896,-968,-80,-49,-12620,-6916,7532,-488,142,-140,0
3212.5626940727234,6892,7492,12020,-156,-68,42,6100,-8536,11364,-71,199,-195,-12740,4172,7532,-1262,76,-54,-12676,-6824,7552,-491,147,-187,0
3212.5962359905243,6792,7680,12024,-185,-16,36,6156,-8480,11484,-96,235,-176,-12604,4152,7852,-964,25,-113,-12476,-6852,7428,-451,119,-172,0
3212.629760980606,6760,7720,11668,-208,-15,39,6068,-8488,11444,-70,200,-154,-12624,4204,7880,-1019,82,-68,-12604,-6932,7544,-473,113,-168,0
3212.6629021167755,6800,7792,11760,-189,-249,69,6184,-8532,11456,-60,195,-139,-12640,3856,8116,-986,72,-22,-12492,-6772,7584,-477,131,-176,0
3212.696594953537,6704,7780,11528,-168,-253,95,6068,-8516,11348,-29,167,-155,-12600,4060,7768,-769,99,-58,-12772,-6896,7600,-544,155,-131,0
3212.7300119400024,6728,7764,11980,-159,-48,127,6208,-8520,11412,-24,97,-153,-12524,4168,7716,-1037,140,-86,-12576,-6668,7500,-524,151,-50,0
3212.763566017151,6804,7724,11896,-180,-105,184,6116,-8540,11400,16,60,-135,-12540,4208,7744,-1022,192,-93,-12632,-6684,7648,-491,160,-29,0
3212.797184944153,7068,7720,11704,-176,-105,215,6228,-8496,11396,-37,55,-181,-12520,4232,7832,-1015,192,-55,-12600,-6892,7592,-494,175,-23,0
3212.830304145813,6892,7480,11980,-215,-124,202,5916,-8596,11364,-31,74,-205,-12608,4156,7864,-967,219,-89,-12616,-6908,7588,-473,147,-35,0
3212.8637981414795,6800,7688,11604,-238,-128,157,6228,-8520,11360,-3,99,-205,-12576,4080,7856,-954,172,-125,-12696,-7152,7464,-449,225,-50,0
3212.8971149921417,6840,7712,11828,-4,-164,171,6288,-8580,11464,36,95,-243,-12412,4100,7692,-998,168,-179,-12588,-6720,7532,-485,500,-45,0
3212.9306049346924,6740,7912,11532,-218,-228,186,6200,-8596,11508,71,92,-276,-12600,4244,7460,-1009,162,-203,-12700,-6792,7508,-489,283,-13,0
3212.9641671180725,6656,7648,11800,-214,-270,190,6164,-8592,11296,93,61,-287,-12516,4204,7664,-1028,187,-187,-12632,-6764,7568,-510,262,5,0
3213.0002081394196,7016,7600,11916,-205,-278,225,6252,-8504,11412,112,37,-252,-12316,4164,7908,-1050,261,-121,-12728,-6696,7516,-523,215,-7,0
3213.0351779460907,6944,7440,11648,-215,-236,264,6200,-8640,11452,99,19,-224,-12632,4132,7716,-1040,229,-154,-12808,-6596,7436,-502,182,-255,0
3213.070997953415,6972,7592,11828,-249,-226,279,6260,-8524,11112,119,31,-192,-12688,4084,7448,-1046,255,-82,-12732,-6800,7520,-502,214,248,0
3213.1061840057373,7052,7652,11628,-252,-216,267,6340,-8684,11424,70,6,-181,-12636,4048,7876,-1008,196,-89,-12736,-6804,7488,-505,155,-18,0
3213.1418211460114,7056,7620,11720,-1,-227,217,6300,-8568,11400,51,129,-190,-12692,4108,7796,-1050,162,-108,-12680,-6840,7292,-502,180,-57,0
3213.1775710582733,7120,7608,11660,-265,-248,207,6224,-8368,11680,113,91,-210,-12728,3948,7780,-769,164,-105,-12612,-6888,7344,-490,192,-86,0
3213.2127959728246,7012,7748,11748,-170,-167,130,6308,-8208,11480,36,123,-509,-12608,4000,7896,-1069,338,-131,-12648,-6572,7504,-529,238,-129,0
3213.2488150596614,7092,7564,11632,-181,-149,87,6392,-8464,11404,46,85,-220,-12644,4204,7608,-1087,79,-105,-12788,-6756,7504,-532,154,-141,0
3213.2843329906464,7144,7548,11600,-68,-48,105,6304,-8340,11440,-41,159,-118,-12572,3840,7600,-1066,84,233,-12756,-6792,7496,-531,8,-182,0
3213.319869995117,6928,7652,11696,-131,97,58,6328,-8412,11308,-36,188,-95,-12768,3884,7620,-1010,136,64,-12616,-6760,7488,-470,44,-136,0
3213.355067014694,6944,7904,11720,-210,74,102,6236,-8460,11400,-113,136,-142,-12684,4064,7692,-986,87,-80,-12632,-6760,7692,-451,155,-102,0
3213.3903670310974,7064,7760,11844,-132,-74,91,6340,-8580,11640,-47,179,-193,-12616,4084,8112,-1020,100,-125,-12712,-6788,7448,-452,229,-139,0
3213.4255089759827,6920,7620,11704,-111,-134,83,6296,-8492,11464,-66,129,-246,-12628,4148,7792,-1280,74,-172,-12660,-6820,7436,-487,209,-163,0
3213.4613330364227,7100,7608,11608,-92,-118,49,6208,-8616,11512,-95,180,-214,-12512,4116,7824,-1027,106,-60,-12732,-6772,7384,-498,144,-168,0
3213.4962270259857,6948,7660,11564,-195,-30,62,6180,-8492,11448,4,200,-170,-12712,4140,7596,-1031,113,-80,-12620,-6788,7472,-458,182,-111,0
3213.5323100090027,7116,7640,11760,-150,-45,110,6144,-8424,11508,-27,120,-169,-12620,4096,7684,-1056,197,-54,-12708,-6820,7480,-475,133,-79,0
3213.5674419403076,7016,7708,11740,-165,-66,149,6284,-8452,11412,-86,82,-192,-12624,3844,7424,-997,155,-73,-12684,-6840,7628,-441,164,-55,0
3213.6035640239716,6924,7696,11840,-232,-93,108,6320,-8204,11408,-113,119,-240,-12752,4076,7784,-948,123,-177,-12660,-6836,7376,-426,226,-62,0
3213.640699148178,6968,7680,11640,-202,-184,95,6380,-8492,11264,-94,149,-266,-12692,4100,7612,-998,118,-118,-12804,-6832,7648,-455,174,-156,0
3213.674222946167,6996,7628,11616,-161,-67,37,6356,-8384,11312,-75,175,-231,-12616,4104,7548,-980,65,-77,-12732,-6768,7524,-505,159,-187,0
3213.7079091072083,7064,7612,11688,-175,-59,33,6228,-8444,11424,-39,188,-202,-12584,4068,7584,-970,102,-100,-12660,-6724,7464,-460,150,-133,0
3213.741336107254,7008,7672,11756,-209,-54,56,6236,-8504,11416,-251,163,-210,-12784,3952,7612,-1009,138,-146,-12724,-6752,7576,-411,174,-96,0
3213.7748570442204,7088,7424,11616,-222,-56,76,6232,-8520,11456,-61,103,-227,-12660,4156,7740,-1001,184,-95,-12736,-6888,7168,-432,181,-47,0
3213.8081820011134,6968,7620,11872,-180,-147,141,6332,-8612,11316,-77,115,-200,-12600,4240,7536,-784,160,-67,-12688,-6732,7472,-516,170,-77,0
3213.8415689468384,7008,7592,11672,-157,-133,100,6232,-8496,11492,-35,133,-178,-12580,4076,7464,-1077,115,-126,-12724,-6792,7204,-535,153,-119,0
3213.875091075897,6976,7696,11644,-117,-72,132,6176,-8436,11420,-64,133,-146,-12656,4344,7816,-1037,130,-59,-12584,-6800,7624,-506,142,-121,0
3213.908463001251,6992,7724,11672,-121,-61,91,6252,-8500,11440,-57,168,-161,-12632,4152,7528,-1013,115,-23,-12732,-6748,7464,-505,148,-85,0
3213.941829919815,7012,7664,11760,-170,-23,130,6212,-8536,11556,-35,102,-153,-12588,4160,7784,-1073,179,-14,-12700,-6892,7428,-502,121,-101,0
3213.975564956665,7084,7452,11556,-133,-56,124,6396,-8528,11500,-40,103,-136,-12732,4040,7596,-1049,179,-58,-12728,-6760,7504,-515,120,-81,0
3214.009122133255,7008,7432,11752,-161,-58,106,6192,-8556,11456,-58,155,-166,-12688,4116,7580,-776,165,-64,-12584,-6868,7416,-524,96,-141,0
3214.042568922043,6988,7864,11608,-164,-61,82,6376,-8476,11280,-106,150,-196,-12632,3888,7608,-957,68,-92,-12616,-6876,7524,-476,127,-169,0
3214.076094150543,6656,7704,11696,-145,-53,68,6240,-8464,11332,-55,181,-219,-12608,3876,7540,-964,43,-84,-12704,-6772,7420,-445,152,-140,0
3214.1098301410675,7140,7656,11668,-188,-101,44,6224,-8428,11428,-32,161,-236,-12608,4096,7704,-1029,163,-105,-12712,-6848,7468,-452,180,-155,0
3214.1428310871124,7076,7696,11608,-167,-91,32,6284,-8656,11436,-95,221,-245,-12732,4324,7820,-944,-9,-80,-12768,-6900,7356,-472,153,-184,0
3214.1763999462128,7048,7472,11752,-177,-87,6,6212,-8568,11408,-42,223,-238,-12664,3876,7700,-940,23,-103,-12636,-6812,7604,-456,201,-165,0
3214.2099590301514,7064,7724,11752,-188,-74,32,6164,-8532,11476,-43,169,-249,-12632,4252,7784,-1001,98,-49,-12608,-6724,7600,-431,177,-117,0
3214.2431960105896,6936,7644,11772,-165,-67,87,6256,-8416,11412,-59,154,-192,-12756,4252,7788,-974,97,-56,-12480,-6896,7504,-452,150,-121,0
3214.2767839431763,6820,7856,11764,-160,-78,78,5940,-8548,11368,-80,138,-188,-12720,4156,7664,-1009,81,-70,-12680,-6828,7328,-489,160,-129,0
3214.310277938843,7124,7436,11664,-159,-54,87,6176,-8516,11340,-73,153,-184,-12316,4220,7572,-1001,96,-48,-12756,-6676,7504,-505,84,-176,0
3214.3433780670166,6932,7600,11760,-126,-28,37,6264,-8520,11360,-66,175,-146,-12684,4108,7692,-969,13,-12,-12612,-6740,7196,-764,102,-185,0
3214.376937150955,6932,7756,11868,-179,29,72,6244,-8524,11276,-246,152,-158,-12636,4108,7764,-1274,123,-60,-12604,-6828,7564,-470,84,-150,0
3214.410223007202,6992,7724,11788,-167,-18,89,6272,-8504,11496,-34,143,-186,-12660,4112,7468,-1010,132,-84,-12616,-6788,7540,-472,164,-125,0
3214.443822145462,7020,7760,11756,-192,-71,98,6384,-8504,11572,-256,141,-152,-12632,4192,7464,-954,23,-58,-12660,-6812,7656,-517,131,-137,0
3214.4774050712585,6988,7668,11692,-157,-97,105,6156,-8556,11324,-58,187,-134,-12592,4176,7536,-964,55,-15,-12704,-6668,7436,-523,125,-138,0
3214.5110380649567,6756,7652,11732,-181,-87,128,6152,-8424,11376,-52,155,-178,-12612,4196,7616,-996,105,-53,-12696,-6764,7468,-488,139,-99,0
3214.544466972351,6976,7920,11592,-158,-52,127,6196,-8432,11692,-36,147,-154,-12584,4128,7632,-1044,102,-66,-12756,-6836,7476,-507,86,-169,0
3214.5780489444733,7016,7712,11656,-168,-72,44,6340,-8432,11484,-49,208,-173,-12656,4076,7592,-1003,76,-60,-12704,-6852,7652,-454,122,-187,0
3214.6117379665375,6952,7472,11716,-231,-253,21,6216,-8548,11512,-37,233,-193,-12572,3880,7932,-841,-106,-57,-12692,-6828,7468,-440,150,-189,0
3214.6446549892426,6948,7704,11748,-207,-108,56,6212,-8540,11324,-45,193,-223,-12620,4140,7648,-984,113,-81,-12664,-6808,7544,-440,161,-124,0
3214.6807250976562,6868,7748,11700,-201,-136,81,6240,-8372,11524,-113,130,-234,-12576,4112,7792,-715,-218,-101,-12656,-6864,7432,-435,172,-123,0
3214.715525150299,6952,7760,11720,-197,-132,58,6216,-8388,11264,-135,134,-246,-12564,4128,7660,-946,139,-76,-12608,-6836,7544,-409,152,-114,0
3214.7515511512756,6688,7708,11536,-196,-77,41,5900,-8196,11568,-95,164,-232,-12692,4160,7728,-925,103,-82,-12628,-6740,7588,-421,152,-125,0
3214.7876131534576,6804,7700,11560,-234,-85,44,6264,-8468,11396,-65,220,-179,-12696,4004,7384,-1154,118,-86,-12580,-6756,7452,-441,156,-167,0
3214.8224041461945,6908,7672,11752,-175,-97,28,6196,-8564,11388,-82,206,-232,-12632,4180,7616,-981,98,-92,-12680,-6776,7472,-471,164,-187,0
3214.8582289218903,7100,7436,11700,-198,-70,14,5912,-8428,11300,-95,272,-177,-12664,4396,7552,-973,138,-71,-12772,-6692,7536,-478,111,-154,0
3214.8933429718018,6960,7652,11628,-157,-255,30,6304,-8220,11316,-70,198,-178,-12724,4248,7564,-1048,138,-17,-12580,-6684,7500,-475,88,-152,0
3214.92870092392,6972,7652,11640,-136,31,57,6212,-8536,11276,-43,313,-125,-12632,4264,7488,-1056,133,-58,-12616,-6792,7660,-474,113,-175,0
3214.9643061161046,6852,7720,11612,-176,-31,82,6176,-8444,11272,-23,211,-154,-12776,4236,7616,-1013,50,-35,-12664,-6780,7628,-508,101,-157,0
3215.0001559257507,6848,7724,11520,-170,-22,72,6240,-8588,11392,-52,142,-169,-12744,4236,7840,-1063,94,-72,-12732,-6784,7596,-505,77,-165,0
3215.0356669425964,6996,7736,11876,-140,24,35,6408,-8588,11436,-38,95,-157,-12604,4224,7876,-1050,69,-19,-12668,-6712,7548,-540,85,-175,0
3215.070806980133,6892,7632,11648,-72,38,72,6156,-8536,11368,250,160,-113,-12512,4172,7760,-1038,26,-254,-12716,-6788,7540,-557,10,-221,0
3215.1061770915985,6984,7720,11828,-59,53,86,6064,-8456,11668,-33,191,-71,-12628,4264,7660,-1117,80,-7,-12684,-6808,7536,-539,54,-188,0
3215.142249107361,6704,7736,11720,-56,38,119,6128,-8508,11516,-41,127,-91,-12596,4196,7792,-1038,218,20,-12748,-6880,7620,-567,27,-145,0
3215.1777069568634,6876,7684,11724,-22,25,106,6004,-8600,11432,-69,157,-84,-12572,4136,7772,-775,5,-11,-12664,-6840,7596,-603,73,-149,0
3215.2133510112762,6808,7716,12020,-70,21,130,6128,-8556,11444,245,162,-86,-12624,4120,7784,-1093,90,-46,-12640,-6920,7408,-596,88,-141,0
3215.248701095581,6792,7860,11684,-57,31,125,6088,-8468,11644,-57,138,-100,-12536,4188,7756,-1079,137,-83,-12716,-7100,7188,-540,63,-153,0
3215.2840900421143,6856,7848,11708,-102,-17,87,6132,-8472,11416,-78,183,-122,-12660,4048,7808,-985,76,-39,-12804,-6944,7424,-262,86,-175,0
3215.3212530612946,6984,7800,11672,-125,46,74,6164,-8568,11264,-88,187,-98,-12612,4272,7904,-1006,68,-246,-12636,-6868,7448,-535,43,-158,0
3215.354784011841,6856,7860,11660,-104,58,94,6160,-8452,11448,-47,171,-46,-12624,4220,7804,-956,22,-5,-12708,-6660,7544,-528,41,-128,0
3215.388104915619,6716,7820,11716,-62,61,133,6072,-8548,11340,-21,128,-60,-12560,4208,7860,-979,118,234,-12672,-6808,7528,-549,16,-147,0
3215.4216899871826,6788,7788,11712,-93,47,142,6168,-8588,11360,11,146,-75,-12540,4304,7764,-786,60,-34,-12620,-6820,7700,-565,98,-89,0
3215.455316066742,6824,7816,11776,-82,-23,194,6084,-8928,11360,114,92,-80,-12520,4276,7720,-1100,182,-64,-12628,-6900,7672,-584,108,-61,0
3215.4887220859528,6812,7848,11688,-81,-70,236,5900,-8572,11424,141,37,-97,-12296,4300,7724,-1101,157,-95,-12540,-6740,7652,-631,148,-52,0
3215.5223131179814,6688,7724,11716,-72,-110,247,6208,-8500,11384,129,83,-71,-12464,4236,7620,-1058,90,-126,-12632,-6892,7500,-646,149,-96,0
3215.556116104126,6804,7728,11656,-79,-72,504,6072,-8568,11320,143,94,-69,-12524,4320,7856,-1077,104,-106,-12636,-6848,7612,-635,108,-108,0
3215.589774131775,6804,7836,11748,-149,-46,258,5976,-8572,11392,144,80,-82,-12688,4252,7748,-1097,139,-96,-12608,-6836,7628,-610,116,-81,0
3215.6233921051025,6900,7772,11768,-160,-51,233,6020,-8664,11444,191,101,-75,-12576,4300,7760,-1122,165,-94,-12636,-6904,7604,-607,116,-35,0
3215.656657934189,6732,7732,11620,-161,-61,256,5888,-8448,11448,164,33,-81,-12592,4228,7664,-1097,157,-97,-12588,-7140,7468,-586,116,-76,0
3215.6900219917297,6900,7788,11732,-155,-116,263,6144,-8544,11420,116,48,-106,-12512,4120,7608,-1078,142,-143,-12580,-6852,7552,-600,123,-79,0
3215.7237451076508,6896,7796,11688,-153,-129,214,6196,-8512,11504,187,44,-109,-12648,4220,7844,-1130,178,-135,-12600,-6936,7592,-588,131,-100,0
3215.7573571205135,6848,7912,11636,-148,-63,230,6092,-8316,11420,187,84,-119,-12524,4012,8160,-1139,138,-64,-12668,-6976,7588,-559,59,-111,0
3215.790781021118,6904,7820,11656,-176,-24,181,6168,-8444,11356,129,94,-89,-12628,4236,7848,-1095,95,-61,-12660,-6968,7508,-577,51,-131,0
3215.824303150177,6908,7816,11672,-161,-255,176,6148,-8276,11472,162,71,-77,-12648,4244,7780,-1085,68,-53,-12688,-6816,7608,-584,-246,-100,0
3215.8579411506653,6936,7880,11580,-140,77,229,6056,-8440,11568,167,57,-20,-12592,4104,7868,-1135,98,9,-12588,-6672,7480,-656,-8,-95,0
3215.891155958176,6836,7712,11732,-90,49,207,6144,-8508,11760,170,42,-6,-12596,3900,7804,-1150,61,48,-12540,-6928,7468,-627,72,-98,0
3215.924385070801,6824,7764,11524,-107,-17,230,6192,-8420,11412,165,75,-52,-12512,3900,7752,-1185,97,-253,-12528,-6968,7556,-639,71,-119,0
3215.9580709934235,6736,7744,11772,-80,-245,191,6160,-8520,11560,142,64,-76,-12552,4324,7724,-1098,108,-68,-12784,-6844,7588,-608,71,-156,0
3215.9916450977325,6864,7752,11632,-48,-18,174,6108,-8364,11348,112,90,-91,-12528,4060,7840,-1101,18,-56,-12576,-6912,7480,-653,117,-195,0
3216.025304079056,6832,7688,11564,-18,39,131,6208,-8388,11520,81,135,-74,-12720,4132,7528,-1113,47,-41,-12636,-6800,7508,-634,60,-229,0
3216.058773994446,6896,7792,11668,-21,62,111,6128,-8384,11456,62,170,-30,-12544,4120,7792,-1136,16,244,-12576,-6888,7456,-648,52,-227,0
3216.0922861099243,6840,7760,11676,-66,130,113,6084,-8208,11436,37,131,-29,-12320,4092,7844,-1109,35,-3,-12468,-6892,7420,-583,90,-193,0
3216.1256580352783,6844,7872,11708,-87,45,147,6164,-8272,11520,28,198,-67,-12648,4092,7828,-1081,-4,-38,-12656,-6928,7500,-579,102,-170,0
3216.158957004547,6832,7876,11548,-83,10,111,6116,-8348,11732,-15,182,-99,-12620,4008,7972,-1043,6,-72,-12616,-7008,7516,-563,86,-175,0
3216.192505121231,6792,7900,11736,-62,-16,88,6008,-8632,11768,9,178,-118,-12796,3844,7964,-1008,-82,-39,-12500,-7148,7544,-572,105,-204,0
3216.226079940796,6796,8172,11636,-68,-251,84,5992,-8320,11544,-14,193,-105,-12492,4084,7628,-1104,3,-35,-12528,-7036,7524,-563,105,-189,0
3216.259985923767,6688,7912,11732,-64,16,79,6032,-8200,11408,14,165,-129,-12368,4104,7768,-1057,26,-50,-12492,-7036,7612,-552,118,-181,0
3216.293538093567,6800,7824,11640,-51,-2,107,6048,-8432,11488,17,178,-137,-12408,3848,8076,-1060,57,-96,-12460,-7080,7492,-546,109,-185,0
3216.3269600868225,6848,7864,11716,-85,-20,97,6008,-8364,11640,-7,203,-127,-12556,4140,7704,-1040,26,-93,-12404,-7056,7548,-555,99,-190,0
3216.363770008087,6804,7900,11588,-72,33,55,6004,-8444,11752,-17,198,-114,-12456,4124,7812,-1053,36,-26,-12764,-7152,7596,-564,90,-176,0
3216.3986880779266,6656,7912,11600,-69,-15,56,6100,-8476,11492,-81,219,-106,-12496,4088,7708,-1037,18,-52,-12516,-7072,7628,-528,68,-194,0
3216.4344079494476,6736,7928,11844,-75,69,23,5964,-8396,11496,-68,238,-90,-12544,4204,8036,-1043,-251,251,-12580,-7024,7520,-526,65,-263,0
3216.4702050685883,6812,7852,11592,-72,60,-12,6048,-8232,11608,-81,311,-105,-12760,4320,7904,-1033,-25,229,-12464,-7032,7524,-527,31,-263,0
3216.5050499439244,6796,7860,11648,-45,86,-39,6044,-8308,11300,-70,348,-99,-12472,4056,7780,-986,-80,-228,-12436,-7124,7520,-539,99,-279,0
3216.5403521060944,6760,7944,11752,-93,69,4,5984,-8388,11536,-130,309,-92,-12552,4164,7608,-988,-129,3,-12520,-6864,7576,-259,22,-239,0
3216.575418949127,6880,8100,11536,-53,88,33,6104,-8424,11428,-156,246,-82,-12780,4240,7896,-986,-254,15,-12632,-6828,7524,-542,24,-202,0
3216.610722064972,6804,7852,11740,-126,77,47,6044,-8428,11352,-125,235,-90,-12524,4164,7836,-965,-77,15,-12488,-6980,7584,-486,82,-202,0
3216.6460280418396,6676,7900,11640,-140,34,55,6104,-8632,11484,-86,216,-121,-12536,4072,8004,-1001,-16,-61,-12548,-7024,7476,-490,105,-206,0
3216.683711051941,6712,8008,11560,-136,-58,-26,6068,-8384,11580,-158,319,-175,-12624,4180,7916,-938,-32,-19,-12624,-7180,7596,-494,124,-274,0
3216.7196030616765,6700,8048,11572,-134,-71,-30,5968,-8436,11552,-135,281,-201,-12524,4120,7824,-973,-50,-70,-12440,-7064,7572,-472,142,-218,0
3216.7582910060883,6664,7948,11600,-71,-10,-25,5872,-8384,11632,-87,504,-176,-12400,4168,7976,-1001,-40,-63,-12448,-7088,7604,-481,44,-244,0
3216.793986082077,6404,8016,11776,-99,23,9,5936,-8400,11516,-124,225,-113,-12428,4216,8072,-972,-11,50,-12304,-6924,7668,-470,23,-187,0
3216.8292851448055,6420,8068,11812,-140,30,46,5868,-8484,11608,-146,191,-101,-12536,4108,7756,-935,26,-28,-12384,-7160,7652,-471,40,-129,0
3216.8644349575043,6640,7932,11652,-151,-13,72,6124,-8692,11492,-87,201,-86,-12412,4188,7888,-1011,82,-239,-12532,-7104,7492,-496,108,-120,0
3216.8999509811406,6516,8012,11752,-122,-13,127,5768,-8504,11520,-91,79,-131,-12352,4216,7892,-986,113,-39,-12388,-6988,7808,-531,161,-78,0
3216.9349260330205,6616,7916,11740,-88,-80,163,5756,-8616,11360,-98,86,-141,-12356,4260,7836,-1022,144,-86,-12456,-7052,7724,-557,205,-65,0
3216.9699289798737,6608,7908,11696,-120,-82,165,6040,-8560,11360,-81,97,-194,-12728,4132,7876,-769,238,-131,-12580,-7140,7644,-472,158,-104,0
3217.006394147873,6640,8024,11596,-173,-96,110,5960,-8556,11408,-97,125,-235,-12588,4148,8084,-947,135,-136,-12716,-7140,7212,-435,212,-137,0
3217.0399510860443,6728,8056,11880,-178,-98,53,6040,-8536,11588,-130,1,-203,-12696,4148,8132,-932,25,-76,-12688,-7028,7460,-468,155,-200,0
3217.073678970337,6700,8176,11664,-207,-73,16,5952,-8472,11720,-86,231,-182,-12472,4152,8028,-893,27,-71,-12292,-7060,7616,-427,181,-129,0
3217.107475042343,6644,7916,11532,-252,-86,36,5908,-8524,11464,-105,192,-241,-12388,4252,7968,-934,43,-64,-12404,-7028,7536,-391,215,-93,0
3217.1406569480896,6432,8040,11668,-289,-155,104,5900,-8532,11648,-65,138,-241,-12412,4284,7748,-936,97,-104,-12464,-7088,7644,-440,153,-120,0
3217.173933982849,6624,7708,12028,-241,-76,63,5632,-8544,11524,-85,168,-241,-12288,4288,7876,-964,90,-114,-12360,-6980,7592,-436,165,-95,0
3217.2075481414795,6572,8156,11536,-248,-103,72,5848,-8580,11504,-88,160,-225,-12344,4184,7904,-950,94,-98,-12464,-7048,7620,-430,207,-82,0
3217.2411880493164,6412,7956,11588,-194,-107,134,5792,-8556,11704,-97,118,-235,-12424,4220,7988,-950,139,-72,-12396,-7128,7564,-448,224,-35,0
3217.27484703064,6552,7940,11580,-278,-148,125,5820,-8596,11756,-112,109,-229,-12416,4160,7904,-978,148,-64,-12444,-7088,7452,-442,244,-32,0
3217.3085010051727,6716,7992,11600,-284,-142,123,5868,-8452,11376,-120,65,-263,-12484,3864,8008,-935,179,-106,-12412,-6916,7400,-391,237,-5,0
3217.3418660163884,6672,8116,11516,-278,-171,121,5908,-8424,11644,-209,58,-352,-12480,3984,7812,-910,258,-124,-12456,-7064,7612,-330,275,-7,0
3217.3753139972687,6760,7888,11584,-327,-189,73,6136,-8528,11556,-219,100,-352,-12532,4252,7796,-866,241,-125,-12744,-7036,7560,-340,293,-10,0
3217.408546924591,6728,7880,11644,-284,-187,66,6096,-8516,11468,-177,200,-323,-12528,4524,8128,-926,184,-98,-12788,-6972,7624,-402,254,-91,0
3217.4419429302216,6784,7936,11724,-244,-108,57,6004,-8588,11764,-128,180,-252,-12348,4220,8012,-887,97,-77,-12520,-7024,7580,-364,156,-116,0
3217.4756269454956,6684,7960,11648,-290,-86,65,6076,-8480,11396,-162,178,-229,-12456,4216,7988,-876,134,-32,-12552,-6988,7556,-331,144,-74,0
3217.5092000961304,6628,7952,11704,-305,-22,57,5632,-8648,11772,-156,188,-213,-12508,4224,7892,-936,143,249,-12420,-7084,7676,-378,133,-64,0
3217.5423879623413,6676,7852,11860,-232,-57,49,5908,-8792,11524,-105,224,-214,-12440,4284,7868,-937,127,-4,-12420,-7048,7676,-429,140,-105,0
3217.5760390758514,6612,7872,11748,-206,-81,114,5804,-8656,11312,-87,114,-216,-12408,4304,7876,-969,135,-52,-12476,-7040,7604,-483,177,-110,0
3217.609714984894,6628,7808,11540,-154,-128,141,5876,-8620,11436,-103,118,-209,-12420,4096,7812,-999,160,-96,-12544,-6984,7708,-482,177,-69,0
3217.642993927002,6600,7908,11560,-190,-83,119,5856,-8596,11468,-104,73,-232,-12532,4148,7720,-962,215,-84,-12772,-7060,7496,-454,187,-21,0
3217.6767539978027,6868,8176,11604,-211,-104,127,5924,-8616,11316,-100,86,-233,-12632,4176,7780,-950,146,-64,-12596,-7028,7672,-447,213,-37,0
3217.7102270126343,6552,7704,11748,-4,-108,131,5988,-8524,11608,-73,132,-228,-12476,4228,7864,-1011,221,-68,-12604,-7056,7428,-441,215,-25,0
3217.743709087372,6684,7920,11816,-294,-148,179,6100,-8700,11520,-21,97,-256,-12612,4268,8204,-994,211,-101,-12660,-7108,7612,-464,271,-2,0
3217.7773389816284,6880,7720,11988,-261,-221,148,5996,-8628,11472,-39,68,-293,-12444,4200,8144,-949,161,-143,-12572,-6964,7532,-481,234,-50,0
3217.8105759620667,6684,7688,11960,-259,-199,141,5952,-8652,11584,-23,99,-288,-12372,4132,8164,-945,176,-123,-12588,-7068,7504,-445,201,-58,0
3217.8438119888306,6612,7924,11652,-293,-240,86,5672,-8600,11552,-49,131,-284,-12352,4228,7932,-965,151,-124,-12476,-7064,7532,-414,252,-49,0
3217.8773889541626,6580,8112,11700,-315,-249,130,5884,-8640,11492,-24,102,-300,-12452,4232,7828,-904,159,-136,-12724,-7164,7524,-409,221,-55,0
3217.9103169441223,6680,7896,11480,-324,-213,124,5976,-8456,11492,17,153,-252,-12428,4352,7848,-970,120,-98,-12696,-6948,7580,-467,233,-50,0
3217.943741083145,6492,7856,11784,-321,-216,158,5892,-8592,11568,13,128,-243,-12468,4260,7780,-1006,188,-81,-12476,-6972,7552,-480,211,-6,0
3217.9774689674377,6648,7956,11904,-295,-238,169,6024,-8520,11504,-15,111,-242,-12404,4088,7840,-937,222,-111,-12528,-7064,7580,-417,240,22,0
3218.010950088501,6620,7824,11756,-334,-307,161,6028,-8620,11524,-63,92,-344,-12432,4228,7740,-884,240,-177,-12580,-6904,7592,-392,286,56,0
3218.048499107361,6852,7856,11724,-348,-345,188,6316,-8640,11412,-38,47,-330,-12716,4164,7832,-900,200,-234,-12612,-6828,7644,-377,241,-12,0
3218.083424091339,7128,7860,11760,-328,-324,190,6084,-8584,11456,16,96,-278,-12556,4260,7740,-953,182,-137,-12584,-6952,7496,-403,184,-16,0
3218.119364023208,6780,7808,11784,-317,-288,206,5968,-8696,11468,55,77,-275,-12296,4264,7780,-932,183,-164,-12580,-6924,7540,-403,213,-35,0
3218.1543250083923,6808,7820,11748,-301,-261,151,6040,-8540,11420,71,50,-307,-12660,4160,7864,-938,124,-223,-12684,-6988,7576,-418,234,-67,0
3218.1906440258026,6760,7828,11656,-507,-4,139,6080,-8544,11416,53,77,-322,-12312,4208,7932,-923,167,-230,-12644,-6820,7596,-392,283,-61,0
3218.225954055786,6780,7796,11660,-259,-284,104,5988,-8248,11356,2,64,-352,-12328,4232,7836,-934,165,-212,-12640,-6904,7572,-426,268,-95,0
3218.2616200447083,6684,7792,11612,-7,-294,107,6136,-8496,11312,-254,63,-362,-12584,4212,7756,-933,146,-160,-12540,-6836,7504,-421,285,-77,0
3218.298066139221,6888,7660,11596,-246,-237,94,6372,-8568,11484,13,89,-309,-12644,4336,7560,-1004,112,-203,-12604,-6772,7404,-520,288,-124,0
3218.333374977112,6928,7724,11652,-172,-209,123,6192,-8480,11168,19,121,-241,-12512,4224,7592,-1058,114,-143,-12688,-6804,7560,-541,248,-118,0
3218.3691720962524,6956,7784,11468,-148,-125,125,6160,-8604,11508,-75,118,-185,-12452,4260,7856,-1048,167,-72,-12776,-6880,7392,-485,138,-82,0
3218.4046599864964,7052,7760,11724,-161,-31,121,6248,-8480,11284,-112,95,-176,-12344,4184,7580,-1074,167,-43,-12676,-6820,7500,-484,137,-91,0
3218.440057992935,6968,7708,11580,-176,-44,134,6228,-8596,11360,-74,113,-130,-12600,4180,7772,-1010,59,-27,-12688,-6852,7528,-471,144,-88,0
3218.4755799770355,6996,7816,11616,-174,-50,121,6156,-8568,11500,-90,165,-143,-12576,4152,7784,-1031,115,-65,-12744,-6920,7408,-453,150,-121,0
3218.5119180679326,6784,7856,11716,-187,-75,98,6000,-8636,11688,-73,131,-208,-12532,4044,7876,-998,139,-93,-12660,-6964,7556,-472,191,-93,0
3218.54811000824,6908,7780,11576,-141,-89,85,5936,-8556,11484,-84,124,-216,-12368,4288,7760,-1006,78,-69,-12676,-7156,7488,-477,175,-116,0
3218.5838561058044,6832,7800,11588,-185,-92,110,5968,-8464,11384,-63,133,-232,-12424,4188,7868,-991,110,-93,-12484,-7056,7616,-436,201,-76,0
3218.619681119919,6852,7924,11716,-162,-98,111,5936,-8488,11492,-102,192,-249,-12552,4244,7892,-960,83,-118,-12652,-6984,7428,-444,189,-104,0
3218.655079126358,6880,7964,11648,-222,-78,54,5940,-8580,11384,-135,115,-237,-12612,4040,7764,-943,147,-123,-12624,-6916,7496,-451,219,-87,0
3218.6912219524384,6664,7880,11628,-154,-78,102,6372,-8520,11368,-125,107,-232,-12592,4164,7700,-982,177,-87,-12672,-6776,7548,-452,200,-59,0
3218.72468996048,7008,7748,11764,-181,-75,110,6228,-8540,11272,-132,89,-210,-12712,4160,7880,-1009,188,-34,-12584,-6844,7368,-446,149,-87,0
3218.758196115494,6936,7804,11748,-173,-60,97,6144,-8564,11352,-125,97,-163,-12648,4240,7672,-968,101,-60,-12636,-6816,7388,-470,144,-96,0
3218.7918610572815,6900,7728,11888,-174,-57,126,6108,-8476,11404,-92,130,-167,-12312,4216,7680,-1000,154,-95,-12688,-6892,7496,-471,140,-36,0
3218.8253221511845,6960,7764,11752,-173,-75,162,6196,-8620,11576,-79,74,-172,-12748,4196,7708,-770,219,-46,-12704,-6900,7440,-499,203,-47,0
3218.858603954315,6728,7780,11720,-186,-74,163,6184,-8544,11368,-76,47,-197,-12572,4228,7628,-1067,207,-81,-12752,-6772,7596,-501,159,-85,0
3218.8917739391327,6892,7792,11704,-172,-131,134,6264,-8548,11376,-73,117,-185,-12756,4272,7744,-1033,127,-81,-12764,-6880,7584,-524,157,-141,0
3218.9247739315033,7160,7436,11676,-146,-65,100,6148,-8656,11388,-26,148,-174,-12316,4176,7920,-989,16,-34,-12616,-6824,7628,-483,144,-171,0
3218.958414077759,6864,7780,11672,-144,-41,75,6036,-8640,11324,-22,171,-172,-12604,4292,7664,-1033,47,-21,-12560,-6836,7516,-528,144,-123,0
3218.991954088211,6784,7748,11780,-170,-44,117,6036,-8552,11500,241,152,-147,-12536,4344,7440,-1043,80,-50,-12756,-6728,7544,-484,148,-113,0
3219.02538895607,6784,7864,11720,-182,-43,147,6048,-8556,11452,-40,139,-169,-12552,4340,7732,-974,92,-107,-12600,-6868,7560,-486,136,-102,0
3219.058851003647,6864,7860,11724,-160,-46,107,5892,-8572,11432,-46,121,-183,-12624,4152,7792,-986,24,-64,-12644,-6916,7472,-532,113,-139,0
3219.092370033264,6860,7828,11868,-181,-107,146,6076,-8560,11556,39,149,-181,-12556,4216,7708,-1051,79,-87,-12608,-6684,7504,-535,183,-108,0
3219.1256999969482,6752,7848,11632,-127,-40,144,6132,-8556,11096,15,78,-173,-12552,4212,7772,-1023,100,-67,-12812,-6904,7456,-766,141,-73,0
3219.1589369773865,6908,7696,11596,-110,-73,170,6164,-8488,11464,-76,91,-115,-12660,4172,7828,-1280,145,-53,-12884,-6876,7232,-548,73,-107,0
3219.192456960678,7036,7784,11368,-136,-12,159,6280,-8416,11416,-76,109,-100,-12632,4332,7728,-1030,80,22,-12668,-7144,7580,-551,86,-102,0
3219.2259409427643,7020,7756,11560,-166,21,121,6292,-8500,11264,-26,167,-79,-12604,4100,7624,-1031,63,11,-12652,-6796,7400,-504,64,-135,0
3219.2595789432526,6948,7692,11752,-185,23,91,5920,-8608,11344,-30,231,-105,-12572,4140,7752,-1027,32,-245,-12652,-7152,7668,-475,58,-173,0
3219.2931530475616,6820,7796,11584,-202,-7,49,6068,-8628,11496,-49,206,-149,-12520,4268,7976,-999,50,-70,-12592,-6976,7548,-444,155,-175,0
3219.326767921448,6856,7860,11664,-178,-54,33,6064,-8664,11304,-18,174,-218,-12528,4224,7820,-947,69,-152,-12540,-6860,7552,-443,187,-148,0
3219.3602669239044,6740,7752,11652,-135,-91,61,6020,-8484,11440,-38,126,-257,-12528,4248,7780,-1004,51,-128,-12580,-6804,7588,-485,192,-157,0
3219.393734931946,6848,7860,11720,-194,-92,66,6004,-8592,11420,-36,178,-235,-12488,4148,7692,-964,18,-123,-12800,-7136,7524,-452,179,-139,0
3219.4275300502777,6880,7732,11720,-198,-79,60,6032,-8544,11304,-36,153,-212,-12564,4292,7804,-1002,52,-79,-12604,-7136,7328,-466,177,-162,0
3219.4607429504395,6888,7876,11584,-190,-31,49,6084,-8588,11504,-38,153,-172,-12516,4180,7824,-994,63,-113,-12596,-6896,7392,-480,153,-122,0
3219.4939041137695,6840,7796,11568,-217,-73,108,6080,-8556,11468,-25,126,-171,-12472,4236,7860,-983,130,-77,-12664,-6896,7440,-465,128,-88,0
3219.5274579524994,6784,7724,11644,-205,-66,90,6240,-8492,11412,-32,99,-216,-12596,4244,7736,-979,97,-71,-12656,-6900,7496,-459,178,-88,0
3219.5610389709473,6816,7824,11620,-191,-68,134,6104,-8628,11356,-21,139,-156,-12328,4160,7872,-1001,67,-76,-12612,-6836,7432,-480,103,-100,0
3219.5946431159973,6836,7748,11636,-185,-98,140,6096,-8496,11484,15,104,-177,-12472,4292,7928,-1053,98,-48,-12640,-6880,7464,-543,135,-109,0
3219.628138065338,7096,7776,11644,-159,-86,151,6112,-8488,11520,24,87,-126,-12504,4104,7840,-1053,123,241,-12620,-6844,7500,-518,98,-84,0
3219.6615059375763,6860,7816,11520,-211,-75,187,6060,-8484,11444,20,55,-153,-12448,4196,7760,-1013,148,-26,-12648,-7136,7624,-453,149,-39,0
3219.6949169635773,6808,7828,11592,-213,-136,233,6108,-8588,11592,-6,38,-174,-12544,4268,7832,-1021,177,-122,-12688,-6968,7492,-508,194,-23,0
3219.7323789596558,6912,7864,11532,-220,-161,200,6068,-8608,11324,3,15,-210,-12516,4228,7708,-1010,166,-119,-12556,-6936,7544,-491,199,-37,0
3219.7680830955505,6836,7840,11784,-223,-194,196,5896,-8612,11596,9,50,-239,-12548,4228,7880,-974,197,-127,-12660,-6880,7644,-502,179,-55,0
3219.8036711215973,6804,7820,11736,-234,-160,194,5888,-8500,11452,14,60,-245,-12396,4300,7628,-1111,194,-88,-12668,-6876,7444,-487,193,-83,0
3219.8389470577245,6704,7776,11684,-146,-171,135,5900,-8516,11412,-21,83,-247,-12576,4240,7524,-772,115,-97,-12688,-6916,7308,-520,159,-161,0
3219.8744180202484,7128,7636,11656,-190,-88,71,6140,-8512,11120,-40,151,-196,-12636,4100,7832,-1006,79,-31,-12732,-6800,7404,-504,103,-197,0
3219.9098930358887,7052,7592,11668,-172,8,24,6232,-8580,11352,-55,217,-173,-12692,4088,7816,-1009,50,244,-12604,-6644,7308,-500,127,-208,0
3219.9450640678406,7128,7728,11624,-249,246,43,6144,-8588,11444,4,186,-172,-12492,4240,7736,-1063,75,-42,-12608,-6940,7356,-458,173,-123,0
3219.9807789325714,6980,7696,11632,-106,7,96,6140,-8472,11424,-59,138,-185,-12656,4192,7748,-1277,104,-44,-12688,-7032,7488,-492,129,-117,0
3220.016168117523,6844,7756,11732,-162,-43,85,6172,-8620,11484,-47,131,-163,-12592,4208,7952,-1053,71,-83,-12624,-6832,7432,-532,161,-181,0
3220.052520990372,6780,7764,11584,-125,-24,93,5912,-8476,11388,-66,138,-81,-12536,4180,7684,-1055,43,-246,-12696,-6872,7460,-506,43,-148,0
3220.088133096695,6876,7752,11584,-106,117,109,6096,-8416,11436,-69,171,-22,-12572,4096,7868,-1039,77,79,-12548,-6912,7524,-465,-53,-174,0
3220.1232919692993,6844,7776,11764,-195,146,86,6032,-8568,11348,-62,185,-64,-12524,4244,8088,-1004,40,29,-12488,-6920,7504,-475,60,-138,0
3220.1587879657745,6836,7876,11936,-202,26,51,5908,-8676,11740,-102,224,-162,-12300,4104,7868,-957,36,-103,-12600,-6976,7512,-464,198,-146,0
3220.1941859722137,6720,7904,11768,-164,-70,83,5980,-8636,11484,-73,166,-237,-12624,4356,7556,-961,109,-93,-12548,-6740,7516,-461,237,-121,0
3220.2297909259796,6792,7860,11572,-127,-132,104,6016,-8528,11504,-122,75,-273,-12300,4188,7716,-962,151,-130,-12676,-6852,7412,-463,236,-121,0
3220.2654831409454,6876,7700,11600,-151,-147,54,6020,-8628,11352,-118,99,-245,-12780,4196,7820,-965,120,-91,-12708,-6884,7368,-458,152,-136,0
3220.3017380237575,6868,7708,11808,-160,-32,34,6176,-8580,11344,-63,161,-176,-12580,4196,7744,-1003,38,-29,-12752,-6812,7564,-472,70,-207,0
3220.337652921676,7084,7792,11904,-164,84,21,6176,-8492,11464,-20,249,-90,-12584,4284,7816,-1053,-32,7,-12660,-6796,7528,-493,3,-190,0
3220.3742630481725,6664,7792,11752,-140,145,45,6184,-8544,11372,-90,196,-76,-12728,3996,8120,-794,-2,56,-12612,-6900,7500,-475,43,-170,0
3220.4075450897217,6888,7752,11644,-144,63,57,6152,-8572,11444,-146,193,-85,-12508,4104,7836,-1019,17,-17,-12624,-6872,7624,-484,74,-170,0
3220.441085100174,6848,7848,11600,-111,48,75,5916,-8672,11548,-155,165,-98,-12568,4212,7776,-1031,65,-43,-12608,-6864,7572,-492,82,-185,0
3220.474437952041,6808,7720,11680,-118,17,67,5964,-8452,11416,-111,173,-140,-12468,4204,7616,-790,93,-39,-12548,-6868,7616,-486,64,-172,0
3220.5081820487976,6492,7868,11876,-165,33,81,6276,-8616,11432,-97,177,-117,-12388,4136,7664,-1058,106,-14,-12468,-6988,7644,-435,133,-162,0
3220.5414481163025,6872,7832,11528,-188,19,86,5972,-8636,11564,-96,196,-154,-12380,4188,8168,-1001,101,-50,-12636,-6960,7532,-431,113,-99,0
3220.574949979782,6780,7840,11988,-156,-15,72,5932,-8656,11552,-60,196,-169,-12552,4324,7752,-1014,66,-54,-12772,-6968,7596,-549,130,-118,0
3220.6085879802704,6732,7768,11632,-153,-48,109,6128,-8576,11672,251,136,-174,-12620,4304,7896,-1061,78,-101,-12528,-6968,7552,-764,175,-95,0
3220.6418540477753,6448,7880,11740,-160,-71,182,6048,-8624,11604,69,110,-205,-12456,4248,8092,-1018,140,-114,-12516,-6976,7444,-508,187,-21,0
3220.675611972809,6880,7904,11780,-197,-194,207,5984,-8656,11668,12,41,-277,-12508,4152,7988,-970,159,-162,-12556,-7052,7636,-457,268,0,0
3220.7092430591583,6756,7960,11760,-249,-6,213,5992,-8560,11548,-28,23,-309,-12544,4336,7740,-956,190,-168,-12648,-6940,7452,-454,236,5,0
3220.7429120540614,6772,7740,11684,-197,-222,221,6100,-8540,11464,252,27,-506,-12584,4244,7844,-950,235,-167,-12696,-6900,7300,-477,177,-8,0
3220.776626110077,6852,7764,11524,-241,-208,223,6364,-8572,11464,33,33,-226,-12344,4140,7884,-987,204,-152,-12616,-6864,7632,-464,161,-29,0
3220.810225009918,6884,7860,11696,-276,-185,206,6148,-8544,11428,34,72,-244,-12560,4160,7912,-999,200,-137,-12576,-6940,7392,-472,163,-66,0
3220.8438539505005,7144,7760,11476,-512,-161,145,6072,-8536,11376,-23,115,-247,-12556,4188,8128,-989,172,-119,-12664,-6848,7508,-498,210,-70,0
3220.8774030208588,7156,7704,11764,-227,-197,138,6048,-8540,11428,-41,78,-271,-12568,4244,7472,-999,165,-96,-12580,-6772,7500,-532,209,-103,0
3220.9107279777527,6924,7764,11724,-156,-130,90,6224,-8536,11272,-84,75,-221,-12568,4192,7588,-1025,150,-86,-12748,-6864,7532,-494,135,-140,0
3220.9442870616913,6920,7752,11672,-178,-68,85,6280,-8568,11480,-102,166,-139,-12552,4216,7760,-1031,113,-53,-12752,-6880,7456,-480,98,-178,0
3220.977710008621,6716,7772,11744,-158,84,63,6208,-8628,11384,-33,188,-123,-12652,4212,7668,-1038,74,32,-12668,-6796,7676,-455,57,-138,0
3221.0115211009975,6908,7784,11676,-165,70,96,6192,-8672,11284,-8,178,-110,-12508,4316,7828,-1044,69,-254,-12584,-6884,7560,-499,160,-96,0
3221.0450370311737,6740,7816,11744,-140,-37,127,6108,-8932,11376,-38,158,-133,-12640,4244,7852,-1009,8,-53,-12300,-6960,7548,-494,166,-123,0
3221.0786800384526,6732,7796,12004,-140,-97,114,5948,-8668,11416,-51,116,-178,-12480,4228,7756,-1042,67,-97,-12592,-6948,7496,-493,184,-105,0
3221.1123819351196,6696,7920,11748,-143,-89,127,6000,-8612,11728,-30,81,-156,-12456,4292,7856,-1066,119,-105,-12476,-6972,7588,-532,141,-88,0
3221.1458210945134,6808,7812,11700,-157,-74,142,6068,-8612,11484,-256,101,-168,-12572,4232,7760,-1053,99,-64,-12660,-6840,7556,-521,131,-148,0
3221.179208993912,6812,7768,11648,-168,-23,94,5972,-8576,11456,-3,135,-150,-12292,4220,7832,-1007,78,-64,-12548,-6968,7548,-489,156,-144,0
3221.212592124939,6804,7852,11520,-220,-50,96,6096,-8540,11384,-18,168,-200,-12504,4100,7768,-970,91,-78,-12648,-6956,7476,-486,160,-113,0
3221.2460319995885,6852,7840,11684,-201,-80,161,6104,-8656,11380,-40,104,-186,-12608,4196,7708,-982,175,-131,-12400,-6836,7444,-499,167,-88,0
3221.2795469760895,6764,7832,11768,-210,-124,122,6124,-8628,11384,-48,112,-222,-12532,4232,7608,-1007,160,-132,-12644,-6660,7296,-525,181,-99,0
3221.312996149063,6864,7868,11600,-192,-115,148,6196,-8572,11704,-35,69,-215,-12564,4112,7716,-1038,155,-75,-12576,-6952,7560,-507,180,-89,0
3221.346657037735,6968,7832,11340,-162,-105,96,6288,-8504,11436,-63,151,-195,-12664,4128,7916,-1003,38,-53,-12748,-7168,7484,-510,122,-123,0
3221.3799591064453,6924,7732,11296,-209,-2,31,6384,-8608,11268,-29,193,-174,-12612,4264,7596,-780,48,-42,-12700,-6748,7480,-493,118,-164,0
3221.418678045273,7132,7760,11820,-191,17,73,6128,-8460,11436,13,186,-105,-12516,4200,7924,-1058,16,-9,-12716,-6956,7528,-473,86,-125,0
3221.4537820816045,6776,7716,12008,-161,-4,111,6112,-8656,11328,-24,137,-114,-12456,4184,7800,-1051,75,-24,-12496,-6916,7604,-445,88,-123,0
3221.4891431331635,6756,7720,11584,-196,-65,100,5956,-8596,11344,-75,108,-133,-12392,4140,7708,-968,101,-91,-12424,-6884,7488,-433,69,-85,0
3221.5242309570312,6748,7780,11560,-148,-35,145,6032,-8528,11460,-57,104,-179,-12464,4212,7720,-977,108,-34,-12548,-6856,7556,-467,175,-118,0
3221.5598850250244,6844,7776,11684,-165,-94,113,6068,-8588,11432,-16,109,-211,-12496,4208,7816,-1018,125,-105,-12520,-7028,7548,-457,187,-137,0
3221.5951731204987,6744,7872,11796,-167,-93,98,6076,-8620,11332,-78,94,-215,-12296,4228,7792,-989,128,-99,-12540,-6948,7528,-481,223,-106,0
3221.6308360099792,6788,7860,11744,-196,-127,96,6124,-8588,11348,-56,101,-231,-12576,4260,7904,-976,145,-159,-12728,-6800,7488,-457,176,-112,0
3221.6654920578003,7020,7832,11692,-174,-57,69,6220,-8552,11336,-69,69,-253,-12580,4272,7692,-975,127,-114,-12680,-6724,7568,-442,180,-105,0
3221.701558113098,6928,7928,11724,-228,-95,77,6204,-8532,11424,-45,125,-232,-12664,4252,7796,-999,95,-109,-12704,-6904,7548,-441,179,-119,0
3221.7375259399414,6780,7888,11756,-248,-100,104,6144,-8488,11352,-70,131,-177,-12296,4196,7724,-967,76,-93,-12692,-6984,7520,-453,167,-151,0
3221.7775361537933,6856,7784,11632,-211,-87,95,6104,-8556,11392,-39,129,-212,-12504,4204,7708,-991,113,-85,-12608,-7072,7552,-464,185,-112,0
3221.8127751350403,6816,7852,11660,-157,-89,143,6372,-8632,11284,-63,74,-212,-12644,4196,7888,-1066,157,-68,-12668,-6764,7472,-475,150,-118,0
3221.848577976227,6896,7812,11664,-143,-49,131,6168,-8564,11436,-43,86,-193,-12684,4224,7844,-997,136,-43,-12676,-6836,7452,-482,138,-134,0
3221.884215116501,6716,7708,11784,-174,-57,93,6200,-8452,11332,-51,131,-181,-12472,4208,7964,-1025,109,-70,-12708,-6844,7480,-455,126,-109,0
3221.9196820259094,6776,7816,11740,-236,-106,97,6008,-8632,11428,-45,149,-175,-12460,4160,7696,-982,64,-50,-12712,-6852,7560,-441,139,-108,0
3221.9551379680634,6816,7868,11880,-215,-77,127,6060,-8708,11356,-32,156,-179,-12476,4344,7956,-970,122,-130,-12556,-6824,7740,-479,158,-95,0
3221.9907679557805,6800,7668,11756,-192,-116,140,5984,-8724,11244,-42,81,-190,-12784,4344,7832,-1045,99,-115,-12620,-6828,7452,-528,215,-77,0
3222.0255539417267,6800,7784,11720,-162,-127,144,6156,-8516,11332,-17,57,-197,-12532,4124,7876,-1084,195,-109,-12716,-6968,7492,-520,145,-112,0
3222.061826944351,6788,7852,11576,-134,-84,124,6136,-8520,11440,-71,75,-217,-12556,4188,7804,-1275,120,-115,-12660,-6820,7380,-485,150,-111,0
3222.095484018326,6672,7704,11644,-175,-31,80,6308,-8676,11444,-75,121,-190,-12692,4348,7816,-970,102,-82,-12712,-6820,7468,-472,126,-156,0
3222.1291880607605,7120,7736,11620,-171,-35,81,6200,-8556,11332,-68,155,-195,-12672,4244,7560,-1268,99,-74,-12652,-6792,7492,-468,133,-145,0
3222.1626930236816,6900,7840,11712,-164,-46,86,6396,-8616,11288,-69,117,-156,-12516,4260,7652,-993,81,-7,-12612,-7164,7480,-479,101,-124,0
3222.196377038956,6816,7904,11728,-183,-26,98,6092,-8548,11312,-117,99,-146,-12596,4276,7712,-1000,104,-35,-12688,-6748,7256,-469,102,-113,0
3222.229709148407,6840,7824,11800,-170,-30,127,6100,-8620,11408,-84,95,-177,-12460,4144,7740,-994,145,-77,-12544,-6780,7640,-464,128,-92,0
3222.263059139252,6884,7784,11708,-163,-68,162,6132,-8560,11376,-67,78,-188,-12488,4228,7924,-991,156,-106,-12636,-6828,7616,-477,161,-130,0
3222.296867132187,6736,7860,11640,-187,-67,99,6132,-8688,11384,-63,91,-233,-12336,4096,7704,-978,108,-101,-12520,-6944,7600,-479,168,-155,0
3222.330533027649,6824,7764,11700,-185,-112,55,6116,-8656,11456,-56,155,-221,-12504,4204,7800,-965,68,-84,-12696,-6920,7588,-432,166,-153,0
3222.3638961315155,6744,7784,11832,-221,-66,-256,6116,-8952,11516,-49,196,-229,-12560,4376,7724,-976,65,-94,-12580,-6864,7488,-431,175,-155,0
3222.3972821235657,6868,7716,11680,-241,-41,38,6152,-8572,11520,-44,113,-246,-12320,4244,7628,-962,132,-115,-12504,-6832,7548,-421,181,-99,0
3222.430330991745,6760,7724,11664,-201,-122,107,6348,-8616,11320,-96,97,-260,-12532,4260,7708,-959,130,-62,-12556,-6672,7608,-445,212,-121,0
3222.463741064072,6888,7824,11768,-187,-108,115,6240,-8680,11260,-94,92,-237,-12588,4176,7764,-973,140,-112,-12612,-6812,7456,-435,127,-107,0
3222.4972579479218,7124,7840,11720,-165,-66,71,6196,-8616,11192,-52,146,-209,-12640,4328,7720,-993,108,-84,-12688,-6764,7504,-466,144,-166,0
3222.5308809280396,6860,7840,11584,-188,-45,75,6264,-8564,11452,-254,164,-170,-12568,4112,7720,-1273,33,-82,-12664,-6876,7520,-465,133,-134,0
3222.5642919540405,6852,7776,11800,-173,-28,98,6184,-8636,11136,-28,170,-173,-12500,4252,7576,-1001,67,-56,-12632,-6856,7444,-489,120,-136,0
3222.597855091095,6840,7732,11632,-168,-46,84,6188,-8928,11424,-95,126,-135,-12636,4116,7456,-992,41,-11,-12704,-6904,7392,-496,58,-154,0
3222.6312670707703,6932,7768,11612,-151,-16,70,6188,-8632,11364,-8,160,-117,-12368,4300,7672,-975,44,-10,-12700,-6796,7544,-488,49,-141,0
3222.6647520065308,6840,7792,11636,-168,3,98,6188,-8660,11348,-251,162,-115,-12480,4216,7892,-1028,88,-12,-12584,-6980,7460,-492,98,-130,0
3222.6982350349426,6704,7760,11680,-212,-7,130,6372,-8936,11384,-36,134,-139,-12312,4220,7760,-967,103,-51,-12624,-6944,7260,-472,70,-87,0
3222.7318041324615,6692,7840,11880,-177,-48,100,6080,-8932,11312,-59,116,-173,-12512,4184,7884,-986,102,-42,-12608,-7160,7532,-499,112,-104,0
3222.765289068222,6712,7772,11716,-157,-35,116,6112,-8660,11472,-78,115,-163,-12572,4180,7880,-1006,48,-43,-12684,-6996,7424,-482,140,-135,0
3222.7987990379333,6732,7724,11520,-193,-59,85,6188,-8648,11356,-53,161,-188,-12496,4132,7812,-1004,89,-83,-12796,-6724,7576,-456,154,-135,0
3222.8321940898895,6700,7776,11768,-192,-67,67,6048,-8592,11356,-44,164,-228,-12432,4228,7688,-990,99,-82,-12732,-6876,7524,-455,172,-139,0
3222.8656871318817,6776,7812,11756,-176,-71,57,6140,-8832,11272,-44,121,-200,-12540,4184,7692,-1011,130,-74,-12612,-6844,7660,-454,184,-134,0
3222.8990919589996,6892,7800,11668,-217,-80,78,6168,-8676,11252,-68,121,-204,-12604,4168,7784,-988,114,-71,-12704,-6820,7596,-462,162,-132,0
3222.932592153549,6756,7752,11800,-195,-102,96,6172,-8676,11340,-93,118,-203,-12624,4300,7664,-1008,130,-87,-12564,-6964,7588,-481,153,-153,0
3222.9660999774933,6864,7748,11700,-179,-52,74,6184,-8672,11376,-85,139,-195,-12596,4192,7800,-1279,136,-74,-12736,-6848,7540,-474,67,-206,0
3222.999710083008,6788,7756,11612,-143,31,22,6104,-8508,11500,-75,205,-139,-12468,4224,7780,-992,30,241,-12628,-6816,7464,-483,24,-215,0
3223.033045053482,6804,7768,11632,-137,55,29,6128,-8636,11232,-112,228,-86,-12476,4116,7716,-1020,-3,42,-12624,-6892,7468,-512,43,-211,0
3223.069144010544,6592,7844,11808,-99,51,30,6144,-8776,11364,-79,227,-111,-12592,4116,7700,-1014,34,9,-12788,-6776,7212,-498,94,-200,0
3223.1041691303253,6800,7812,11712,-124,16,56,6136,-8736,11476,-88,203,-110,-12452,4356,7184,-1166,114,-72,-12632,-6912,7480,-492,144,-154,0
3223.1397869586945,6724,7724,11748,-81,-41,72,6144,-8612,11372,-116,144,-167,-12496,4164,7752,-975,51,-60,-12292,-6884,7656,-764,114,-170,0
3223.175483942032,6720,7868,11796,-64,-23,57,6004,-8680,11300,-133,138,-186,-12512,4208,7908,-960,68,-26,-12660,-6692,7576,-432,108,-153,0
3223.211321115494,6680,7800,11616,-107,245,63,6040,-8680,11336,-116,180,-176,-12636,4256,7948,-962,41,-42,-12648,-6968,7600,-414,122,-181,0
3223.2471120357513,6700,7928,11636,-169,-12,35,5908,-8660,11476,-145,183,-204,-12396,4276,7860,-967,46,-45,-12476,-6924,7584,-459,144,-133,0
3223.28209400177,6900,7904,11684,-174,-26,65,6004,-8772,11460,-134,172,-194,-12480,4208,7792,-987,104,-78,-12560,-6916,7536,-460,147,-133,0
3223.3175170421605,6692,7912,11600,-177,-47,68,6072,-8680,11212,-91,133,-208,-12564,4244,7812,-1000,130,-56,-12544,-6932,7528,-475,173,-118,0
3223.3533630371094,6676,7856,11664,-157,-53,103,6044,-8496,11416,-87,124,-188,-12448,4104,7868,-1006,125,-75,-12316,-7164,7568,-457,157,-102,0
3223.3887519836426,6740,7900,11752,-163,-55,110,6136,-8936,11016,-68,124,-178,-12336,4244,7812,-996,139,-81,-12576,-7144,7744,-464,138,-85,0
3223.437217950821,6696,7876,11688,-196,-70,144,6104,-8776,11480,-9,119,-180,-12512,4280,7812,-1017,144,-118,-12556,-6664,7620,-473,188,-61,0
3223.4825599193573,6588,8128,11780,-188,-137,177,6016,-8840,11360,-45,92,-211,-12740,4348,7924,-964,182,-121,-12588,-6916,7696,-463,170,-58,0
3223.5271461009975,6792,7840,11988,-197,-109,196,6124,-8948,11496,-17,70,-186,-12508,4340,7848,-1004,202,-94,-12556,-6804,7592,-501,179,-47,0
3223.5625469684605,6708,7832,11604,-221,-107,176,6072,-8692,11348,18,50,-193,-12460,4260,7728,-1020,152,-104,-12488,-7136,7564,-495,168,-52,0
3223.5981390476227,6904,7804,11728,-243,-116,192,6112,-8948,11380,14,80,-210,-12584,4268,7868,-961,136,-159,-12556,-6980,7504,-453,177,-74,0
3223.633499145508,6768,7816,11960,-233,-145,118,6204,-8720,11508,-253,115,-267,-12560,4248,7472,-945,162,-153,-12636,-6828,7648,-463,237,-67,0
3223.6694650650024,6920,7928,11796,-280,-164,139,6212,-8700,11252,-40,87,-263,-12552,4312,7748,-976,153,-159,-12500,-6900,7452,-477,194,-51,0
3223.7047600746155,6804,7844,11704,-237,-179,163,6280,-8596,11180,-20,108,-211,-12480,4208,7816,-963,150,-79,-12664,-6892,7456,-464,149,-57,0
3223.7408370971684,6752,7868,11528,-240,-144,160,6376,-8940,11464,-16,118,-169,-12488,4232,7876,-956,129,-28,-12608,-6684,7596,-457,122,-66,0
3223.774435043335,6904,7856,11816,-217,-116,175,5904,-8896,11356,6,73,-168,-12500,4268,7880,-979,141,-65,-12620,-6868,7492,-499,150,-36,0
3223.8080430030823,6636,7780,11724,-188,-119,195,6104,-8452,11432,15,71,-207,-12460,4212,7736,-1022,175,-133,-12628,-6872,7644,-487,181,-37,0
3223.8414230346684,6788,7808,11648,-239,-174,234,5904,-8712,11460,47,15,-215,-12564,4212,7824,-1011,187,-136,-12556,-6792,7552,-496,189,-12,0
3223.8750269412994,6832,7728,11760,-235,-226,196,6240,-8940,11304,33,41,-241,-12476,4228,7808,-993,202,-97,-12664,-6900,7556,-491,181,-45,0
3223.9086351394653,6700,7736,11632,-243,-189,194,5984,-8928,11424,55,58,-229,-12516,4316,7440,-1056,200,-104,-12484,-6816,7592,-507,214,247,0
3223.94171500206,6780,7744,11916,-201,-205,202,6200,-8784,11420,24,41,-237,-12568,4164,7744,-1011,212,-120,-12564,-6868,7552,-494,231,-51,0
3223.97541308403,6784,7764,11520,-228,-200,191,6192,-8684,11224,253,114,-236,-12528,4216,7896,-988,126,-161,-12728,-6820,7520,-480,193,-59,0
3224.0089650154114,6868,7772,11612,-203,-179,141,6228,-8592,11328,0,133,-237,-12564,4156,7728,-771,144,-100,-12608,-6956,7544,-459,177,-73,0
3224.042324066162,6788,7756,11680,-229,-161,119,6144,-8604,11332,0,152,-248,-12316,4144,7784,-968,129,-88,-12628,-6880,7560,-457,177,-112,0
3224.076117992401,6904,7756,11572,-232,-141,110,6272,-8768,11324,-26,128,-223,-12792,4316,7568,-981,133,-99,-12608,-6716,7580,-466,144,-105,0
3224.109540939331,6656,7740,11592,-189,-119,149,6208,-8748,11300,-256,124,-222,-12628,4276,7560,-1023,120,-122,-12668,-6716,7552,-470,157,-125,0
3224.1428029537205,6844,7776,11672,-160,-101,111,6224,-8652,11512,-66,116,-197,-12524,4220,7672,-984,91,-95,-12536,-6784,7524,-485,144,-144,0
3224.176409006119,6772,7732,11544,-202,-81,103,6288,-8520,11508,-64,116,-187,-12584,4156,7720,-988,118,-52,-12556,-6876,7556,-473,121,-138,0
3224.2099781036377,6864,7732,11936,-182,-31,96,6228,-8652,11312,-70,114,-163,-12556,4316,7728,-1005,73,-15,-12588,-6788,7512,-502,121,-173,0
3224.2437191009526,6788,7704,11676,-153,-4,108,6284,-8912,11296,-57,162,-129,-12564,4244,7812,-1062,90,-30,-12560,-6864,7552,-768,111,-137,0
3224.2773859500885,6764,7852,11696,-198,-39,78,6088,-8556,11436,-36,128,-152,-12560,4116,7892,-1277,117,-72,-12644,-6876,7524,-486,124,-99,0
3224.3107631206512,6768,7772,11816,-89,-33,102,6220,-8776,11304,-72,137,-137,-12660,4260,7792,-1280,101,-38,-12600,-6664,7616,-507,134,-130,0
3224.3443329334254,6808,7804,11564,-144,-37,70,6324,-8712,11344,-47,180,-143,-12296,4324,7720,-988,73,-46,-12664,-6752,7468,-504,130,-160,0
3224.3779480457306,6868,7748,11728,-150,-17,114,6176,-8956,11324,-61,133,-103,-12460,4324,7792,-1010,97,-18,-12608,-6776,7464,-766,56,-142,0
3224.4113359451294,6700,7732,11836,-163,20,113,6064,-8676,11464,-60,149,-70,-12560,4164,7760,-1032,112,-22,-12496,-6920,7500,-527,44,-158,0
3224.4448380470276,6632,7784,11684,-151,56,119,6108,-8736,11316,-63,148,-110,-12332,4372,7936,-1042,98,-46,-12532,-6796,7680,-521,64,-144,0
3224.478409051895,6704,7700,11800,-93,19,113,6108,-8740,11420,-69,129,-147,-12292,4188,7740,-993,65,-56,-12652,-6812,7584,-524,113,-154,0
3224.511878967285,6844,7896,11576,-114,-44,107,6204,-8776,11272,-49,156,-157,-12428,4140,7852,-1006,100,-69,-12676,-6948,7544,-513,160,-132,0
3224.545508146286,6692,7804,11668,-116,-38,61,6208,-8840,11040,-82,170,-193,-12552,4328,7580,-1009,91,-44,-12676,-6836,7440,-519,108,-160,0
3224.579306125641,6748,7632,11656,-100,-28,74,6212,-8680,11384,-107,107,-158,-12356,4244,7628,-989,87,-72,-12684,-6844,7556,-487,61,-114,0
3224.6128671169286,6808,7824,11720,-147,21,63,6304,-8688,11316,-87,137,-129,-12632,4316,7784,-999,62,-76,-12624,-6880,7536,-494,104,-127,0
3224.6462450027466,6736,7828,11656,-160,-6,74,6200,-8712,11484,-82,186,-140,-12656,4212,7956,-1008,19,-48,-12588,-6900,7600,-492,121,-165,0
3224.679932117462,6700,7812,11692,-135,11,37,6184,-8700,11344,-50,177,-141,-12604,4252,7668,-1026,51,-66,-12532,-6868,7568,-502,96,-163,0
3224.713380098343,6712,7884,11676,-134,-6,66,6168,-8508,11152,-61,163,-157,-12600,4176,7516,-958,50,-80,-12640,-6824,7632,-463,114,-172,0
3224.7462170124054,6752,7780,11664,-153,-46,42,5932,-8548,11304,-100,180,-198,-12512,4212,7640,-966,51,-56,-12556,-6672,7500,-479,93,-174,0
3224.7838690280914,6720,7856,11852,-114,-17,53,6116,-8772,11508,-105,171,-164,-12728,4200,7680,-978,54,-55,-12644,-6720,7580,-443,115,-184,0
3224.8191730976105,6784,8100,11732,-180,22,37,6148,-8780,11316,-40,234,-170,-12432,4340,7704,-966,57,-94,-12748,-6988,7600,-446,149,-88,0
3224.8543710708614,6732,8180,11900,-237,-37,110,6076,-8852,11472,-6,150,-203,-12408,4244,7868,-956,136,-109,-12564,-6916,7636,-435,208,-27,0
3224.8897030353546,6628,7680,11768,-149,-152,171,5996,-8840,11312,-58,42,-221,-12464,4248,7896,-965,185,-156,-12548,-7140,7624,-473,210,-31,0
3224.92515707016,6736,7764,11640,-176,-206,212,6144,-8656,11200,-24,37,-257,-12504,4096,7812,-1013,201,-146,-12556,-6868,7592,-495,236,-26,0
3224.9607989788055,6648,7836,11548,-173,-228,210,6160,-8708,11188,23,46,-270,-12708,4140,7740,-1002,217,-170,-12632,-6928,7552,-487,259,-5,0
3224.9962151050568,6688,7880,11756,-209,-248,224,6172,-8760,11404,59,70,-261,-12444,4268,7856,-987,243,-202,-12508,-6892,7672,-467,256,9,0
3225.0318369865417,6720,7816,11788,-7,-194,243,6204,-8884,11204,65,34,-285,-12544,4556,7464,-985,217,-212,-12756,-6776,7484,-507,1,-254,0
3225.0676801204686,6900,7692,11588,-221,-229,250,6248,-8468,11056,-35,44,-172,-12668,4228,7648,-1006,196,-96,-12660,-6816,7468,-527,97,-78,0
3225.102828979492,6972,7720,11376,-159,-133,202,6288,-8680,11232,-63,68,-110,-12592,4108,7732,-1030,127,-239,-12592,-6816,7392,-535,60,-167,0
3225.138823032379,6844,7828,11728,-142,-21,99,6280,-8624,11224,-49,151,-114,-12596,3884,7504,-1022,60,-52,-12692,-6896,7596,-507,103,-208,0
3225.173351049423,7144,7748,11732,-92,29,20,6376,-8920,11240,-37,198,-133,-12708,4148,7616,-988,10,-46,-12700,-6784,7448,-470,125,-171,0
3225.2086939811707,6872,7768,11608,-184,-32,58,6212,-8476,11468,5,183,-188,-12604,4196,7708,-1009,102,-128,-12540,-6900,7676,-480,198,-119,0
3225.244421005249,6756,7816,11800,-128,-97,70,6188,-8768,11324,-34,153,-204,-12536,4220,7772,-1050,93,-126,-12680,-6904,7520,-468,185,-142,0
3225.280648946762,6780,7836,11736,-145,-126,87,6100,-8748,11340,252,134,-197,-12472,4220,7692,-1058,111,-81,-12676,-6824,7668,-510,132,-156,0
3225.3161740303044,6764,7824,11756,-118,-74,100,6180,-8728,11316,-42,134,-159,-12496,4268,7720,-1046,95,-81,-12472,-6816,7648,-513,102,-129,0
3225.3521831035614,6768,7800,11684,-131,-43,127,6128,-8696,11320,254,133,-119,-12432,4336,7700,-1010,80,-47,-12580,-7068,7684,-491,81,-104,0
3225.38799905777,6596,7812,11808,-167,-24,149,5912,-8712,11304,-58,163,-142,-12508,4192,7576,-957,80,-40,-12504,-6980,7576,-478,136,-121,0
3225.423744916916,6608,7888,11528,-202,-68,102,6208,-8956,11396,-83,151,-191,-12580,4160,7776,-972,83,-98,-12640,-6900,7584,-475,180,-122,0
3225.4571061134334,6740,7952,11636,-176,-97,89,6164,-8652,11388,-33,127,-226,-12664,4176,7820,-981,97,-135,-12572,-6936,7528,-495,198,-103,0
3225.4905910491943,6732,7940,11736,-149,-111,81,6120,-8560,11292,-40,116,-251,-12652,4244,7680,-992,152,-123,-12752,-6868,7488,-460,188,-121,0
3225.523900985718,6848,7832,11744,-195,-127,95,6260,-8668,11276,-33,118,-242,-12660,4236,7604,-955,160,-85,-12660,-6876,7624,-441,155,-102,0
3225.5573811531067,7092,7816,11648,-216,-57,103,6404,-8692,11236,-62,155,-184,-12600,4328,7664,-959,98,-49,-12696,-6868,7492,-466,112,-99,0
3225.5906779766083,6872,7688,11748,-194,-64,74,6160,-8824,11136,-9,167,-126,-12644,4280,7708,-1036,59,-49,-12512,-6756,7636,-506,106,-143,0
3225.624158143997,6728,7816,11616,-202,-40,122,6108,-8772,11348,33,160,-119,-12504,4308,7892,-1049,85,-35,-12680,-7140,7628,-506,70,-112,0
3225.6575589179993,6752,7764,11612,-134,-53,108,6064,-8676,11280,-51,156,-122,-12552,4208,7848,-1053,90,18,-12788,-6932,7644,-756,90,-128,0
3225.6913220882416,6748,7840,11788,-176,-31,76,6252,-8760,11368,-43,158,-150,-12516,4280,7780,-998,64,-48,-12532,-6896,7448,-493,133,-138,0
3225.7246949672694,6716,7796,11792,-145,-15,99,6168,-8768,11316,-37,151,-178,-12536,4336,7864,-987,100,-90,-12732,-6908,7740,-494,149,-109,0
3225.7582120895386,6668,7748,11784,-165,-77,119,6160,-8844,11448,-23,129,-170,-12492,4576,7460,-1030,111,-106,-12560,-7160,7468,-511,104,-110,0
3225.7915310859685,6788,7804,11648,-167,-69,92,6264,-8780,11432,-43,150,-169,-12564,4264,7764,-965,80,-65,-12648,-6960,7416,-479,109,-159,0
3225.8252959251404,6760,7868,11700,-195,-38,57,6244,-8736,11276,-50,152,-180,-12704,4292,7632,-994,30,-70,-12484,-6880,7576,-490,111,-155,0
3225.858786106109,6844,7940,11516,-171,-22,97,6264,-8628,11224,-255,174,-198,-12620,4168,7908,-980,51,-111,-12600,-6896,7456,-478,170,-114,0
3225.8921990394592,6796,7816,11816,-171,-92,107,6176,-8744,11036,22,136,-196,-12480,4260,7852,-1023,124,-139,-12616,-6860,7556,-541,178,-119,0
3225.9257090091705,6844,7912,11808,-116,-126,104,6392,-8488,11060,-18,96,-206,-12448,4328,7616,-1037,116,-144,-12796,-6820,7648,-534,171,-129,0
3225.95942401886,6900,7800,11724,-116,-87,128,6220,-8464,11036,-14,115,-146,-12504,4244,7716,-1028,137,-50,-12608,-6836,7488,-492,148,-101,0
3225.9928979873657,6860,7864,11756,-140,-68,137,6164,-8740,11280,-27,137,-149,-12584,4264,7564,-1035,121,-48,-12624,-6868,7488,-492,120,-72,0
3226.026684999466,6836,7684,11840,-171,-64,146,6188,-8720,11292,-30,130,-112,-12560,4252,7476,-1038,100,-37,-12564,-6936,7664,-501,124,-111,0
3226.0601150989532,6768,7816,11728,-159,-29,142,6156,-8668,11332,-67,92,-113,-12380,4196,7924,-970,88,-59,-12488,-6924,7608,-481,87,-116,0
3226.093570947647,6768,7820,11648,-163,-60,89,6268,-8520,11460,-92,165,-171,-12488,4240,7808,-958,40,-102,-12552,-6892,7624,-443,106,-158,0
3226.127251148224,6788,7728,11740,-197,-42,57,6148,-8728,11240,-75,167,-198,-12144,4424,7708,-1239,132,-70,-12784,-6920,7576,-546,142,-193,0
3226.160567998886,6816,7924,11444,-111,-254,32,6112,-8692,11328,-16,192,-177,-12548,4212,7796,-987,249,-17,-12636,-6856,7512,-257,75,-186,0
3226.194065093994,6864,7840,11528,-93,42,248,6284,-8680,11156,-72,509,-154,-12592,4420,7572,-1020,-69,-6,-12612,-6792,7616,-476,77,-185,0
3226.2277929782867,6792,7880,11784,-203,55,46,6140,-8772,11432,-62,149,-99,-12572,4328,7932,-1267,360,31,-12684,-6760,7584,-472,11,-86,0
3226.2612609863286,6728,7732,11880,-142,55,119,6184,-8764,11592,-66,89,-94,-12556,4328,7808,-1013,41,17,-12724,-6912,7548,-545,54,-150,0
3226.294753074646,6836,7808,11780,-91,98,136,6156,-8960,11332,-108,118,-91,-12500,4252,7816,-951,35,50,-12600,-6860,7512,-587,37,-158,0
3226.3282229900365,6680,7820,11600,-43,44,117,5980,-8728,11296,-107,90,-59,-12496,4164,7904,-971,-56,-7,-12616,-7072,7436,-550,53,-195,0
3226.361932992935,6872,7816,11688,-97,32,43,6080,-8756,11380,-94,203,-122,-12312,4292,7724,-909,63,-39,-12492,-6820,7656,-482,121,-160,0
3226.3955540657043,6860,7852,11616,-91,38,46,6388,-8648,11256,-72,208,-124,-12552,4364,7896,-952,-26,-36,-12576,-6928,7712,-497,128,-162,0
3226.431762933731,6884,7868,11740,-96,-3,51,6092,-8744,11368,-36,209,-170,-12500,4564,7848,-1041,49,-91,-12384,-6936,7620,-489,105,-171,0
3226.4677131175995,6632,7908,11812,-130,17,52,6364,-8836,11428,-47,162,-183,-12464,4404,7680,-1017,15,-83,-12504,-6872,7432,-760,153,-144,0
3226.5028400421143,6708,7776,11772,-121,-79,74,5896,-8744,11292,-58,157,-191,-12496,4304,7832,-1030,55,-67,-12552,-6920,7504,-543,198,-150,0
3226.5388350486755,6720,7820,11588,-98,-64,95,6136,-8640,11196,-53,181,-169,-12592,4356,8160,-993,51,-104,-12704,-6992,7604,-533,164,-150,0
3226.5737891197205,6656,7812,11632,-93,-26,33,6216,-8744,11376,-41,182,-150,-12636,4528,7816,-1026,11,-8,-12316,-7020,7684,-539,125,-201,0
3226.6095061302185,6700,8020,11736,-96,-33,69,6204,-8500,11208,-37,220,-130,-12564,4260,8028,-1010,47,-57,-12784,-7156,7640,-555,119,-174,0
3226.6450250148773,6708,7976,11772,-85,29,64,6092,-8720,11364,-24,184,-102,-12604,4240,7996,-975,-6,2,-12520,-6984,7588,-544,64,-195,0
3226.680673122406,6700,7972,11604,-76,52,85,6088,-8940,11380,-26,214,-86,-12484,4280,7872,-1009,39,-18,-12576,-6968,7596,-527,89,-176,0
3226.716180086136,6640,7920,11752,-68,63,98,6172,-8772,11012,-37,199,-96,-12312,4280,7932,-1007,105,9,-12536,-6940,7564,-567,53,-211,0
3226.7523090839386,6604,7936,11668,-56,19,60,6024,-8744,11348,-41,234,-85,-12384,4232,7444,-1044,68,-15,-12516,-7032,7496,-564,100,-219,0
3226.790843963623,6408,7992,11700,-75,-28,74,6044,-8752,11212,-256,181,-167,-12332,4308,7856,-1054,70,-71,-12444,-6976,7548,-527,153,-113,0
3226.8274919986725,6616,8012,11780,-154,-53,111,6088,-8788,11300,61,153,-162,-12408,4328,8120,-1027,135,-108,-12724,-7040,7868,-478,199,-42,0
3226.86270904541,6432,8040,11976,-196,-134,164,6000,-8760,11328,35,48,-244,-12408,4380,7956,-964,146,-187,-12344,-7028,7640,-766,237,-32,0
3226.8987119197845,6440,7996,11652,-232,-235,224,5984,-8796,11332,35,29,-266,-12348,4336,7908,-1017,188,-216,-12516,-6960,7560,-507,276,-24,0
3226.933781147003,6588,8004,11628,-252,-9,225,6008,-8688,11456,12,32,-260,-12432,4308,8020,-999,285,-151,-12540,-7036,7576,-479,211,247,0
3226.9697771072388,6604,7912,11748,-287,-1,202,6112,-8772,11272,61,92,-263,-12516,4260,7956,-964,164,-183,-12472,-7008,7560,-455,244,-254,0
3227.0048820972443,6664,7932,11544,-316,-238,224,6392,-8676,11324,23,47,-247,-12768,4300,7488,-960,207,-157,-12636,-6996,7452,-431,193,13,0
3227.0408051013947,6772,7928,11536,-309,-250,215,6244,-8660,11404,45,69,-248,-12532,4336,7492,-769,185,-116,-12636,-7148,7456,-491,264,15,0
3227.07625412941,6752,7892,11684,-333,-287,302,6344,-8756,11396,103,53,-236,-12528,4348,7852,-999,242,-156,-12592,-7044,7572,-469,255,33,0
3227.1120870113373,6716,7996,11556,-304,-267,269,6128,-8704,11328,51,22,-292,-12796,4108,7864,-927,499,-200,-12636,-6920,7432,-450,284,19,0
3227.1456930637364,6780,7892,11640,-352,-351,241,6244,-8740,11336,74,24,-290,-12612,4156,7428,-1031,262,-196,-12560,-6860,7564,-477,250,-22,0
3227.179353952408,6916,7784,11580,-290,-283,230,6336,-8628,11264,96,42,-168,-12684,4564,7804,-1037,164,-100,-12424,-6996,7228,-491,113,-53,0
3227.21285200119,6732,7676,11508,-272,-164,223,6172,-8684,11516,117,97,-105,-12504,4268,7576,-1039,138,-28,-12640,-6928,7576,-483,25,-127,0
3227.246171951294,6904,7724,11620,-225,-40,116,5892,-8944,11452,43,79,-123,-12408,4300,7748,-1068,163,-4,-12408,-6848,7484,-528,83,-126,0
3227.2800009250645,6680,7788,11576,-203,-46,89,6060,-8768,11320,-28,111,-164,-12492,4376,7800,-983,110,-43,-12600,-6924,7536,-765,118,-145,0
3227.3135309219365,6784,7824,11616,-127,-62,131,6164,-8668,11268,-88,105,-131,-12508,4284,7536,-1011,142,-89,-12580,-6828,7584,-509,186,-141,0
3227.3473489284515,6836,7836,11524,-120,14,118,6380,-8668,11356,-147,109,-122,-12516,4148,7492,-926,153,-97,-12556,-6700,7328,-531,194,-103,0
3227.380711078644,6772,7888,11732,-123,-73,138,6392,-8728,11252,-71,58,-188,-12556,4164,7644,-987,201,-78,-12588,-6888,7648,-516,241,-38,0
3227.414197921753,6764,7896,11764,-118,-147,158,6220,-8824,11380,-87,-13,-218,-12668,4280,7640,-1053,255,-121,-12736,-6692,7528,-513,172,-71,0
3227.447767019272,6980,7832,11616,-96,-97,137,6296,-8652,11292,-40,39,-174,-12676,4300,7776,-1030,43,-109,-12608,-7048,7552,-497,141,-134,0
3227.4812819957733,6772,7912,11584,-146,-11,89,6252,-8608,11516,-60,124,-143,-12636,4248,7748,-976,-21,-65,-12620,-6948,7536,-523,37,-155,0
3227.5150389671326,6732,7868,11528,-150,5,58,6280,-8684,11116,-17,174,-93,-12616,4328,7708,-1015,2,-40,-12640,-6944,7444,-563,13,-174,0
3227.548625946045,6736,7872,11684,-121,41,90,6156,-8628,11256,15,179,-90,-12584,4284,7656,-1079,96,10,-12752,-7024,7492,-552,83,-102,0
3227.5821621418,6700,8020,11752,-120,-19,179,6020,-8820,11424,16,12,-134,-12532,4236,7792,-1105,240,-59,-12640,-7052,7592,-266,138,-45,0
3227.6154959201813,6612,8004,11624,-139,-71,213,6156,-8708,11464,-46,-6,-159,-12408,4268,7792,-947,190,-80,-12712,-6944,7488,-528,131,-60,0
3227.649129152298,6444,7964,11544,-141,-117,221,6200,-8684,11312,-120,35,-198,-12708,4232,7664,-983,216,-79,-12564,-6940,7648,-488,126,-64,0
3227.6826789379124,6848,7844,11764,-157,-79,188,6360,-8624,11296,-72,28,-135,-12572,4260,7832,-1029,154,-59,-12544,-7008,7560,-471,58,-53,0
3227.716392993927,6788,7784,11660,-222,-52,114,6256,-8756,11368,13,75,-132,-12688,4184,8004,-948,97,-38,-12496,-6888,7520,-466,91,-121,0
3227.750064134598,6684,7840,11796,-271,-47,116,6224,-8720,11348,78,108,-139,-12564,4212,7820,-1102,159,-35,-12772,-6996,7560,-528,67,-137,0
3227.7834661006927,6692,7964,11936,-190,-114,130,6208,-8828,11408,20,121,-146,-12664,4336,7844,-1106,83,-99,-12644,-6948,7500,-530,87,-156,0
3227.817402124405,6812,7868,11884,-158,-72,99,6332,-8684,11332,19,108,-156,-12640,4288,7964,-769,50,-83,-12660,-6780,7500,-548,73,-165,0
3227.8511569499974,6836,7848,11552,-108,-16,136,6328,-8704,11152,-27,112,-86,-12564,4292,7472,-1273,87,-48,-12568,-6780,7564,-573,22,-135,0
3227.8842010498047,6780,7808,11652,-64,23,192,6280,-8816,11248,43,132,-18,-12548,4312,7616,-1169,128,19,-12744,-6824,7664,-568,8,-150,0
3227.9176630973816,6824,7868,11644,-60,88,175,6280,-8740,11276,62,157,28,-12644,4288,7544,-1076,70,-237,-12724,-6892,7700,-565,-22,-167,0
3227.9512469768524,6756,7808,11712,-34,102,171,6236,-8848,11308,51,187,-252,-12524,4400,7692,-1109,40,-36,-12456,-6948,7444,-612,24,-175,0
3227.9847729206085,6692,7840,11960,14,17,183,6392,-8768,11248,57,106,-49,-12488,4324,7752,-1146,94,-75,-12508,-6736,7552,-643,44,-159,0
3228.0182650089264,6708,7876,11480,-5,14,187,6152,-8636,11124,48,76,-49,-12384,4296,7760,-1126,54,232,-12520,-6960,7520,-641,16,-186,0
3228.0517349243164,6688,7680,11984,5,12,156,6224,-8792,11324,81,148,-30,-12516,4276,7692,-1158,-30,255,-12368,-6928,7472,-621,35,-216,0
3228.085149049759,6768,7748,11540,-60,46,138,6188,-8704,11252,50,163,-251,-12428,4376,7880,-1134,53,-30,-12496,-6996,7684,-615,33,-117,0
3228.1217551231384,6520,7988,11816,-64,-256,224,5960,-8600,11024,55,86,-73,-12476,4112,7812,-1099,77,-41,-12544,-7012,7544,-610,113,-55,0
3228.157700061798,6728,7972,11652,-37,-83,226,6148,-8564,11508,20,85,-111,-12388,4192,7680,-1147,175,-34,-12724,-7404,7652,-601,102,-83,0
3228.1927630901337,6644,7948,11576,-92,-46,207,6204,-8504,11116,-50,62,-138,-12524,4244,7888,-1077,178,-60,-12472,-7096,7592,-509,82,-150,0
3228.228793144226,6556,7952,11640,-139,-29,116,6252,-8692,11376,-17,134,-139,-12360,4176,7808,-1077,92,-62,-12504,-7100,7604,-488,109,-164,0
3228.264363050461,6776,7980,11692,-140,-43,86,6280,-8456,11544,67,181,-156,-12684,4220,7808,-1030,86,-107,-12336,-7000,7520,-506,132,-180,0
3228.299823999405,6440,7880,11756,-163,-64,103,5980,-8688,11488,23,105,-195,-12596,4220,7732,-1091,179,-92,-12796,-6968,7532,-488,159,-147,0
3228.335503101349,6824,8048,11616,-168,-56,76,6244,-8680,11284,-26,45,-179,-12540,4332,7904,-1109,274,-63,-12756,-7024,7532,-468,78,-130,0
3228.3712611198425,6824,8132,11700,-150,-45,109,6252,-8680,11092,-33,36,-182,-12612,4208,7764,-1046,118,-27,-12540,-6900,7592,-486,66,-153,0
3228.4061620235443,6824,7976,11648,-202,8,80,6288,-8696,11320,-30,135,-141,-12556,4240,7680,-1004,112,-10,-12532,-7040,7520,-467,42,-192,0
3228.441694021225,6628,7936,11724,-179,21,35,6304,-8576,11184,-63,307,-163,-12624,4140,7732,-918,30,4,-12504,-6968,7504,-452,46,-218,0
3228.4777169227605,6732,8188,11608,-172,31,16,6200,-8672,11416,-21,254,-143,-12568,4268,7656,-960,48,-24,-12480,-6840,7532,-486,74,-239,0
3228.512978076935,6776,7968,11988,-149,-20,33,6264,-8660,11100,-10,166,-128,-12464,4252,7924,-1006,65,-44,-12460,-6712,7456,-509,119,-164,0
3228.5487301349644,6588,7880,11748,-108,-28,93,6108,-8784,11368,11,119,-124,-12492,4268,7728,-1020,45,-35,-12548,-6964,7620,-501,75,-159,0
3228.5843789577484,6640,7988,11620,-154,-13,131,6064,-8680,11404,-38,176,-83,-12452,4308,7488,-923,-54,-61,-12476,-7000,7700,-474,85,-141,0
3228.6197850704193,6628,7976,11700,-151,-21,110,6136,-8772,11404,-33,132,-115,-12632,4348,7812,-1277,67,-55,-12532,-6940,7576,-510,55,-181,0
3228.65495800972,6424,8152,11736,-115,13,61,6184,-8620,11512,42,131,-121,-12452,4232,7820,-1036,61,-42,-12424,-6832,7580,-531,96,-185,0
3228.691154956817,6472,7888,11672,-111,0,100,6088,-8708,11272,50,90,-75,-12420,4268,7828,-1056,157,-107,-12364,-7104,7740,-524,126,-154,0
3228.727165937424,6600,7968,11676,-124,-64,141,6076,-8824,11360,53,106,-132,-12496,4312,7484,-1021,197,-116,-12552,-7092,7660,-510,163,-122,0
3228.7636029720306,6588,8032,11672,-109,-85,145,6164,-8684,11032,22,30,-230,-12564,4292,7704,-1276,223,-184,-12432,-7096,7660,-549,219,-95,0
3228.7972340583806,6800,7724,11656,-90,-139,155,6240,-8572,11380,6,-15,-233,-12536,4152,7680,-1091,221,-155,-12504,-7012,7464,-552,211,-160,0
3228.8307530879974,6836,7688,11352,-124,-132,126,6160,-8644,11168,35,92,-162,-12580,4220,7784,-1010,45,-84,-12320,-7072,7676,-598,95,-209,0
3228.863990068436,6676,8000,11568,-128,-37,41,6332,-8648,11260,24,199,-140,-12592,4292,7712,-1018,-16,-86,-12504,-7108,7652,-498,71,-222,0
3228.8973920345306,6764,8000,11760,-168,11,10,6148,-8652,11424,-17,247,-137,-12660,4276,7740,-975,-27,-72,-12772,-7088,7868,-480,18,-198,0
3228.9310131073,6800,8012,11608,-188,72,44,6140,-8632,11400,9,238,-69,-12556,4308,7932,-965,-97,251,-12508,-7148,7568,-768,-250,-183,0
3228.9643869400024,6684,8064,11776,-151,89,61,5944,-8652,11300,28,502,-66,-12376,4232,7788,-993,-104,6,-12456,-7132,7576,-475,26,-159,0
3228.998018026352,6608,7744,11688,-109,43,85,6096,-8672,11528,-21,171,-100,-12380,4208,7844,-996,29,-25,-12436,-7148,7556,-488,108,-123,0
3229.031697034836,6612,8068,11656,-118,-28,92,6040,-8672,11320,-24,130,-144,-12436,4260,7848,-1020,125,-45,-12360,-6924,7504,-500,107,-128,0
3229.0649890899654,6636,8040,11568,-157,-63,115,5988,-8724,11472,-24,109,-159,-12300,4196,7888,-1045,109,-83,-12316,-6956,7652,-523,142,-139,0
3229.098680973053,6628,7776,11544,-217,-48,117,6116,-8640,11456,-235,146,-185,-12552,4188,7852,-1083,181,-98,-12400,-7212,7768,-487,160,-121,0
3229.1317069530487,6664,8060,11780,-144,-58,100,6252,-8648,11372,-65,100,-182,-12784,4192,7804,-1009,124,-98,-12540,-7236,7528,-461,134,-109,0
3229.164920091629,6676,7948,11660,-204,-73,36,6184,-8692,11284,-59,131,-253,-12500,4308,7868,-937,64,-139,-12492,-7072,7496,-414,193,-182,0
3229.198604106903,6716,8008,11600,-181,-18,-7,6212,-8560,11444,-104,176,-3,-12600,4172,7784,-975,97,-88,-12416,-7012,7520,-430,148,-193,0
3229.2322969436646,6456,7992,11624,-158,-59,20,6164,-8620,11392,-66,150,-187,-12544,4228,7512,-1000,90,-58,-12492,-7120,7588,-445,110,-214,0
3229.2655379772186,6548,7968,11684,-161,40,-13,6048,-8680,11388,-22,189,-125,-12380,4340,7804,-999,6,-14,-12436,-7108,7856,-434,46,-247,0
3229.299262046814,6592,8120,11400,-156,37,-4,6028,-8760,11436,-93,218,-118,-12440,4276,8000,-897,-77,-23,-12396,-6976,7560,-478,20,-241,0
3229.3328280448914,6744,7748,11752,-100,90,-15,6220,-8584,11220,-61,160,-95,-12392,4216,7696,-1037,24,-32,-12428,-7032,7592,-485,50,-223,0
3229.366128921509,6652,8040,11572,-114,71,60,6072,-8640,11308,-72,153,-118,-12444,4188,7876,-1017,78,-36,-12040,-7104,7508,-428,126,-156,0
3229.399430036545,6500,8036,11688,-137,-6,64,6228,-8636,11396,-104,159,-154,-12404,4288,7696,-957,87,-50,-12368,-7152,7736,-414,120,-180,0
3229.4328911304474,6552,8124,11564,-189,-49,32,6032,-8676,11528,-81,191,-205,-12592,4300,8044,-989,49,-83,-12348,-7168,7876,-462,152,-226,0
3229.466604948044,6576,7996,11660,-120,-59,-3,6252,-8776,11516,-140,186,-211,-12468,4104,7736,-950,-8,-73,-12316,-7084,7708,-464,169,-228,0
3229.500123023987,6868,8012,11632,-110,-93,-16,6052,-8680,11228,-115,229,-227,-12468,4244,7784,-967,4,-68,-12392,-7052,7704,-450,162,-196,0
3229.5336451530457,6520,8076,11672,-151,-54,10,6048,-8616,11332,-138,186,-230,-12392,4340,7804,-990,117,-39,-12392,-7024,7624,-403,147,-149,0
3229.5668730735774,6460,8068,11572,-208,-35,-5,6132,-8692,11244,-113,254,-200,-12496,4236,7856,-926,-21,-253,-12516,-7124,7736,-406,119,-194,0
3229.6004979610443,6688,7996,11664,-251,7,-5,6004,-8756,11312,-119,247,-179,-12376,4344,8012,-942,-6,-29,-12360,-7188,7596,-405,109,-172,0
3229.6338090896606,6468,8108,11680,-1,-33,42,6140,-8652,11316,-109,251,-199,-12292,4276,8120,-882,249,-86,-12276,-7156,7676,-386,161,-149,0
3229.6673109531403,6400,8084,11552,-206,-15,19,6136,-8472,11700,-129,257,-201,-12416,4316,7976,-930,-255,-51,-12368,-7148,7720,-413,158,-139,0
3229.7007150650024,6456,8040,11732,-286,-26,48,6016,-8728,11436,-92,198,-192,-12480,4272,7972,-894,64,-83,-12484,-7188,7800,-383,148,-69,0
3229.734204053879,6608,8148,11552,-321,-72,89,5912,-8452,11624,-80,148,-217,-12456,4584,8112,-907,155,-83,-12360,-7104,7692,-403,180,22,0
3229.767539024353,6436,8104,11668,-278,-121,162,5960,-8792,11388,-98,47,-254,-12504,4232,8072,-976,182,-131,-12416,-6916,7932,-427,202,8,0
3229.8043479919434,6408,8088,11612,-283,-187,162,6132,-8724,11352,-98,190,-223,-12404,4096,8032,-897,75,-66,-12384,-7192,7796,-434,213,-97,0
3229.8396790027614,6528,8064,11556,-343,-181,105,6088,-8732,11424,-48,329,-253,-12296,4348,7812,-955,32,-175,-12428,-7172,7476,-404,252,-101,0
3229.8751671314244,6476,8108,11788,-381,-219,32,6012,-8716,11300,-16,271,-331,-12416,4336,7868,-957,133,-177,-12448,-7204,7904,-345,257,-65,0
3229.910691022873,6512,8036,11612,-402,-192,19,5960,-8728,11396,16,196,-362,-12496,4152,7940,-885,16,-216,-12464,-7416,7756,-356,301,-83,0
3229.9454510211945,6604,7944,11968,-386,-273,31,6308,-8944,11312,-12,291,-321,-12736,4120,7712,-907,25,-172,-12452,-6948,7604,-375,285,-57,0
3229.9809880256653,6680,7892,11616,-336,-272,102,6100,-8716,11008,15,231,-318,-12388,4236,7568,-899,124,-248,-12376,-7160,7648,-430,332,-37,0
3230.017259120941,6700,7952,11644,-334,-345,155,6192,-8672,11312,21,92,-314,-12392,4224,7652,-959,198,-162,-12560,-6968,7548,-461,315,31,0
3230.0525510311127,6712,7888,11656,-334,-306,214,6240,-8696,11340,19,138,-280,-12600,4560,7644,-1011,186,-184,-12712,-6956,7632,-436,237,7,0
3230.087585926056,6776,7816,11512,-296,-187,201,6148,-8796,11244,84,268,-180,-12324,4392,8000,-1072,151,-60,-12616,-7104,7720,-448,179,-39,0
3230.1234281063084,6728,7916,11528,-292,-136,191,6112,-8736,11352,70,142,-148,-12596,4436,7896,-1055,83,-86,-12612,-7012,7924,-494,145,-95,0
3230.1587529182434,6708,7876,11868,-275,-131,142,6096,-8680,11296,73,141,-160,-12416,4232,7860,-1005,40,-62,-12496,-7064,7668,-479,149,-104,0
3230.1940150260925,6420,7944,11852,-235,-130,149,6056,-8632,11516,50,223,-151,-12516,4176,7780,-1079,139,-91,-12340,-7048,7560,-462,143,-93,0
3230.2297270298004,6492,8012,11648,-233,-156,162,6124,-8708,11484,255,108,-180,-12428,4476,7808,-1044,160,-96,-12308,-7112,7708,-463,174,-95,0
3230.2645931243896,6564,7960,11644,-243,-164,184,5996,-8660,11264,-12,106,-201,-12436,4264,7848,-996,188,-114,-12448,-7012,7620,-472,174,-55,0
3230.3002309799194,6748,7764,11680,-245,-175,171,6020,-8664,11408,12,95,-221,-12376,4192,7728,-986,124,-75,-12432,-7096,7540,-471,204,-66,0
3230.3355491161346,6524,7912,11760,-235,-134,123,5996,-8664,11564,-44,84,-214,-12440,4252,7836,-999,186,-88,-12504,-7020,7692,-467,203,-90,0
3230.371273994446,6628,7852,11812,-191,-104,133,6196,-8612,11224,-79,107,-232,-12544,4260,7672,-993,139,-68,-12432,-7076,7536,-450,174,-122,0
3230.4061670303345,6768,7868,11692,-169,-59,74,6188,-8656,11292,-71,146,-188,-12772,4220,7916,-1018,100,-105,-12596,-7000,7684,-490,156,-165,0
3230.4433069229126,6664,7880,11788,-170,-10,58,6384,-8672,11400,-30,178,-186,-12544,4332,7860,-1012,82,-47,-12556,-7108,7748,-466,139,-156,0
3230.476916074753,6724,7904,11692,-160,33,89,6124,-8620,11496,-74,134,-139,-12468,4332,7640,-1011,106,-22,-12528,-7044,7644,-466,93,-130,0
3230.5104949474335,6564,7700,11660,-143,12,96,6196,-8720,11284,-92,147,-130,-12292,4392,7784,-1041,102,-239,-12768,-7144,7576,-500,73,-159,0
3230.543965101242,6664,7872,11744,-194,-255,83,6064,-8728,11412,-39,170,-108,-12416,4300,7924,-1066,56,-31,-12392,-7036,7508,-480,97,-154,0
3230.5774569511414,6516,7952,11904,-93,71,83,6036,-8604,11408,-70,149,-104,-12424,4168,7968,-1058,63,-40,-12492,-6940,7708,-507,86,-172,0
3230.6110100746155,6796,7868,11852,-81,41,73,6004,-8796,11444,-47,147,-132,-12348,4352,7716,-1075,104,-58,-12460,-7164,7696,-524,142,-145,0
3230.64421415329,6588,7868,11636,-100,37,117,6060,-8732,11332,-50,93,-122,-12328,4428,7828,-1072,39,-97,-12408,-6976,7692,-558,139,-108,0
3230.6774549484253,6624,7856,11608,-34,56,143,5920,-8472,11500,-25,90,-72,-12500,4268,7940,-1101,74,-83,-12400,-7020,7712,-549,63,-139,0
3230.7110929489136,6428,8016,11640,-70,58,69,6140,-8476,11200,-85,173,-144,-12484,4204,7900,-957,57,-46,-12400,-6928,7668,-488,120,-208,0
3230.744565963745,6552,7944,11656,-93,5,4,6064,-8764,11760,-160,214,-185,-12300,4196,8132,-986,19,-74,-12484,-7052,7664,-496,147,-212,0
3230.778628110885,6728,8004,11664,-127,-247,1,5888,-8644,11356,-108,236,-131,-12484,4188,7868,-974,14,-18,-12516,-7016,7784,-503,139,-174,0
3230.812009096145,6600,8044,11564,-125,27,20,6020,-8892,11476,-122,175,-191,-12364,4224,7760,-969,96,-23,-12464,-6996,7576,-459,162,-163,0
3230.8455970287323,6676,8000,11656,-141,-29,53,5956,-8628,11392,-109,180,-173,-12436,4300,7832,-1001,83,-61,-12564,-7080,7656,-472,175,-134,0
3230.8792569637294,6676,8044,11680,-180,40,60,6008,-8644,11336,-101,182,-153,-12320,4100,7728,-1058,69,-43,-12500,-7056,7544,-502,150,-121,0
3230.912651062012,6572,7936,11728,-102,8,67,6012,-8484,11512,-106,160,-139,-12408,4288,7932,-995,70,-27,-12444,-7120,7636,-505,116,-176,0
3230.9461710453033,6644,8004,11524,-112,-12,103,5944,-8668,11436,-110,220,-131,-12540,4152,7856,-1048,49,-12,-12380,-7172,7732,-485,139,-142,0
3230.980237007141,6492,8188,11568,-150,-6,47,6012,-8664,11360,-142,216,-141,-12348,4276,7864,-980,13,-19,-12456,-6976,7648,-462,122,-167,0
3231.0138120651245,6468,8024,11600,-171,19,33,6024,-8672,11324,-164,192,-170,-12332,4192,8160,-941,68,-44,-12536,-7096,7852,-464,140,-125,0
3231.0472271442413,6416,8000,11612,-178,-26,75,5860,-8816,11400,-154,203,-188,-12400,4268,7932,-1000,74,-88,-12356,-7060,7712,-442,151,-169,0
3231.080887079239,6416,7936,11708,-192,-33,69,5892,-8832,11276,-144,143,-226,-12416,4244,7896,-987,146,-69,-12496,-7208,7656,-418,186,-88,0
3231.1143679618835,6588,7972,11692,-210,-77,66,5968,-8772,11304,-124,147,-221,-12324,4352,7892,-980,153,-130,-12436,-7112,7752,-417,242,-81,0
3231.147691011429,6564,8040,11684,-231,-125,85,6012,-8876,11444,-154,132,-297,-12404,4176,7948,-923,155,-156,-12528,-7116,7860,-396,237,-39,0
3231.1810150146484,6576,7996,11700,-218,-111,59,5952,-8820,11420,-190,110,-315,-12424,4392,8044,-909,125,-146,-12460,-7044,7620,-399,232,-101,0
3231.21450805664,6740,7920,11404,-242,-99,43,6052,-8792,11388,-138,157,-241,-12480,4344,7724,-974,144,-111,-12472,-7060,7560,-420,210,-113,0
3231.2479820251465,6500,8020,11736,-257,-115,85,6028,-8720,11400,-61,137,-245,-12484,4268,7936,-995,136,-93,-12692,-7104,7628,-358,208,-65,0
3231.2815279960632,6672,8160,11788,-301,-91,46,6056,-8664,11364,-64,172,-226,-12428,4272,7740,-980,216,-125,-12556,-7172,7640,-318,216,-73,0
3231.3150629997253,6524,8092,11864,-397,-163,64,5896,-8828,11424,-66,132,-338,-12496,4124,8028,-807,106,-220,-12460,-7044,7744,-311,330,-14,0
3231.348379135132,6464,8052,11764,-353,-254,129,5928,-8896,11484,-125,109,-326,-12336,4472,7576,-926,190,-252,-12320,-6980,7840,-355,302,30,0
3231.3818230628967,6504,7932,11700,-338,-283,143,6056,-8784,11132,-106,66,-345,-12400,4440,7688,-880,193,-161,-12468,-7036,7628,-337,275,13,0
3231.415279150009,6484,7832,11908,-411,-266,143,5868,-8708,11280,-72,101,-380,-12376,4272,7884,-896,232,-188,-12356,-7044,7748,-321,325,-241,0
3231.448646068573,6440,7980,11868,-424,-302,139,5964,-8824,11436,-42,88,-393,-12576,4604,7816,-938,245,-282,-12544,-7020,7672,-351,325,-7,0
3231.484938144684,6608,7892,11820,-384,-316,137,5632,-8836,11360,83,64,-371,-12456,4332,7924,-889,183,-220,-12540,-6896,7568,-377,364,-239,0
3231.5205209255214,6748,7812,11764,-373,-281,175,6036,-8840,11192,46,32,-373,-12532,4364,7480,-961,275,-210,-12600,-7032,7596,-353,329,39,0
3231.5556409358974,6464,7812,11628,-395,-345,210,6088,-8748,11308,49,253,-357,-12456,4248,7684,-977,308,-217,-12628,-6856,7644,-377,306,56,0
3231.5911979675293,6688,7860,11864,-359,-339,180,6244,-8768,11160,71,-38,-362,-12504,4356,7836,-917,231,-9,-12572,-6872,7608,-397,342,30,0
3231.627371072769,6844,7756,11756,-365,-322,223,6248,-8708,11192,57,10,-303,-12672,4268,7528,-1163,463,-153,-12768,-6896,7584,-429,250,2,0
3231.661921977997,6872,7868,11912,-312,-287,222,6276,-8952,11168,64,43,-250,-12404,4184,7560,-1027,385,-159,-12632,-6892,7584,-446,204,-36,0
3231.6980221271515,6772,7708,11668,-308,-213,185,6248,-8796,11044,6,73,-223,-12616,4368,7900,-948,49,-145,-12728,-6692,7540,-445,159,-100,0
3231.7335541248326,6764,7660,11844,-268,-144,155,6116,-8760,11440,8,149,-209,-12564,4596,7492,-1004,152,-77,-12616,-6808,7436,-491,138,-107,0
3231.769264936447,6780,7504,11856,-192,-71,130,5896,-8692,11372,19,144,-163,-12312,4236,7652,-1279,149,-97,-12604,-7156,7360,-501,121,-150,0
3231.809443950653,6672,7752,11540,-185,-72,131,6096,-8768,11300,-43,227,-157,-12740,4220,7864,-997,127,-55,-12584,-6944,7632,-462,119,-119,0
3231.8450520038605,6708,7792,12008,-226,-30,117,6052,-8760,11436,-57,213,-123,-12500,4240,7700,-996,86,-77,-12476,-6908,7520,-476,131,-78,0
3231.8808839321136,6580,7868,11860,-229,-81,138,6132,-8784,11416,-51,196,-175,-12380,4096,7892,-1028,99,-68,-12448,-7012,7592,-497,190,-56,0
3231.917403936386,6736,7740,11804,-165,-116,148,6176,-8580,11380,-22,225,-212,-12600,4164,7960,-774,153,-149,-12616,-7020,7512,-502,161,-105,0
3231.9527430534363,6728,7804,11728,-97,-88,104,6360,-8844,11228,-84,458,-184,-12596,4092,7844,-939,-8,-115,-12636,-6696,7576,-425,182,-122,0
3231.9886980056763,6720,7748,11860,-197,-53,39,6252,-8728,11380,-35,217,-221,-12596,4204,7976,-981,-9,-99,-12652,-6800,7488,-431,171,-158,0
3232.0237760543823,6848,7760,11828,-146,-22,7,5948,-8756,11372,-46,306,-239,-12472,4336,7692,-1034,12,-82,-12648,-6876,7196,-459,99,-170,0
3232.0597009658813,6792,7816,12004,-178,-21,57,6076,-8752,11328,-66,220,-140,-12480,4344,7704,-968,63,-46,-12592,-6880,7620,-458,136,-119,0
3232.095195055008,6584,7764,11540,-193,-38,89,5956,-8764,11324,-79,127,-175,-12588,4208,7968,-953,72,-44,-12500,-6696,7728,-466,179,-122,0
3232.131108045578,6652,7816,11724,-155,-69,118,6032,-8708,11360,-82,101,-209,-12484,4204,7756,-969,98,-120,-12780,-6916,7596,-476,220,-95,0
3232.1644361019135,6848,7744,11864,-151,-103,100,6096,-8712,11496,-47,128,-220,-12432,4340,7744,-986,107,-145,-12748,-6924,7580,-470,234,-143,0
3232.1978809833527,6592,7784,11692,-157,-70,111,6064,-8780,11196,-50,169,-220,-12544,4308,7708,-1027,128,-161,-12528,-6880,7648,-463,159,-143,0
3232.2314660549164,6672,7872,11680,-140,-78,92,6316,-8760,11432,-25,148,-189,-12588,4412,7840,-1019,91,-73,-12660,-6872,7616,-447,177,-116,0
3232.2650039196014,6756,7820,11852,-181,-57,65,6024,-8852,11412,-21,159,-191,-12292,4112,7724,-770,133,-78,-12672,-6820,7416,-506,147,-116,0
3232.298546075821,6680,7736,11564,-175,-31,133,6352,-8944,11328,-10,129,-172,-12488,4280,7820,-1010,111,-110,-12580,-6940,7512,-497,153,-77,0
3232.3320140838623,6772,7884,11540,-186,-68,146,6204,-8668,11336,-64,101,-151,-12608,4164,7908,-1006,138,-118,-12780,-7160,7552,-485,147,-103,0
3232.3655309677124,6704,7816,11796,-184,-99,127,6104,-8716,11212,-79,100,-206,-12484,4220,7688,-781,170,-75,-12536,-6980,7532,-471,165,-58,0
3232.3989210128784,6824,7924,11764,-249,-83,103,6152,-8736,11060,-62,125,-219,-12664,4264,7708,-1007,171,-58,-12748,-6680,7488,-466,153,-95,0
3232.4323761463165,6736,7832,11784,-210,-89,93,6156,-8744,11132,-22,150,-193,-12792,4280,7432,-1013,87,-111,-12568,-7076,7620,-473,188,-109,0
3232.465600013733,6876,7820,12020,-183,-92,94,6100,-8676,11452,-251,171,-216,-12420,4200,7876,-770,108,-141,-12316,-6892,7568,-438,182,-119,0
3232.4992449283604,6872,7828,12024,-267,-98,84,6372,-8908,11284,-7,127,-199,-12508,4248,7804,-1003,107,-106,-12772,-6956,7448,-445,155,-148,0
3232.5328900814056,6688,7772,11624,-270,-77,74,6108,-8800,11372,-26,220,-225,-12508,4284,7576,-991,34,-88,-12428,-6828,7660,-468,184,-108,0
3232.5663499832153,6676,7880,11844,-237,-87,59,6020,-8804,11272,76,174,-211,-12492,4368,7880,-1047,58,-144,-12528,-6836,7644,-504,213,-121,0
3232.599967956543,6412,7520,11592,-187,-99,101,6120,-8756,11288,56,153,-192,-12460,4256,7848,-1076,73,-150,-12668,-6828,7428,-542,195,-133,0
3232.633337020874,6708,7776,11612,-170,-123,109,6092,-8804,11372,-18,165,-181,-12464,4368,7792,-1023,136,-107,-12608,-6860,7568,-509,191,-115,0
3232.6666090488434,6668,7792,12024,-212,-65,108,5968,-8740,11036,25,119,-192,-12604,4196,7520,-1035,184,-112,-12584,-6808,7556,-505,137,-137,0
3232.6997439861298,6864,7700,11812,-194,-61,102,5960,-8464,11448,-13,122,-166,-12684,4308,7712,-1010,47,-109,-12792,-6884,7540,-484,147,-108,0
3232.733055114746,6852,7760,11948,-181,-59,131,6280,-8664,11516,-40,162,-124,-12604,4260,7676,-995,32,-99,-12648,-7132,7548,-499,99,-137,0
3232.7664330005646,6736,7728,11784,-189,-35,91,6036,-8724,11384,-52,205,-120,-12552,4212,7572,-1009,35,-25,-12608,-6976,7540,-487,88,-142,0
3232.7999789714813,6768,7732,11652,-182,-20,79,6052,-8716,11316,-51,164,-143,-12800,4164,7908,-1034,76,-26,-12584,-7140,7504,-455,126,-102,0
3232.8335020542145,6628,7892,11788,-175,-63,140,6108,-8600,11448,-35,150,-157,-12396,4132,7808,-999,81,-73,-12560,-7004,7480,-500,141,-102,0
3232.8671000003815,6684,7892,11748,-182,-101,131,6092,-8760,11372,-44,155,-158,-12520,4160,7788,-1077,193,-95,-12592,-6936,7472,-478,127,-105,0
3232.9003491401672,6596,7880,11748,-185,-138,119,6032,-8652,11516,-23,104,-170,-12396,4340,7784,-1076,189,-37,-12680,-6912,7568,-438,144,-83,0
3232.933915138244,6628,7880,11568,-230,-48,138,6036,-8764,11448,-61,93,-174,-12372,4332,8180,-1066,199,-39,-12592,-6916,7676,-443,149,-65,0
3232.967371940613,6612,7748,11780,-202,-81,160,6080,-8736,11408,-47,95,-189,-12612,4308,7728,-1048,127,-104,-12468,-6896,7644,-480,170,-74,0
3233.0008170604706,6624,7800,11900,-202,-102,155,6036,-8804,11440,-12,82,-164,-12392,4248,7744,-1047,162,-99,-12616,-6912,7748,-492,146,-97,0
3233.034337043762,6664,7748,11940,-190,-102,154,6076,-8708,11320,-41,99,-165,-12516,4132,7964,-783,243,-68,-12592,-6900,7604,-475,194,-108,0
3233.067750930786,6744,7816,11792,-197,-104,123,5968,-8488,11384,-47,121,-178,-12624,4276,7812,-1012,153,-61,-12616,-6880,7604,-462,164,-83,0
3233.1012749671936,6736,7768,11908,-199,-53,117,6376,-8788,11264,-65,118,-166,-12408,4204,7452,-1003,129,-67,-12628,-6840,7544,-469,147,-104,0
3233.134386062622,6820,7688,11788,-203,-67,91,6344,-8832,11352,-41,158,-193,-12592,4276,7556,-1005,106,-111,-12604,-6816,7508,-470,127,-153,0
3233.1710391044617,6736,7708,11896,-190,-96,99,6092,-8696,11220,247,137,-207,-12516,4292,7880,-1012,118,-87,-12604,-7000,7584,-467,199,-142,0
3233.2061040401454,6756,7820,11576,-202,-120,94,6120,-8728,11068,-25,150,-195,-12608,4180,7908,-996,100,-100,-12564,-6892,7468,-477,107,-137,0
3233.2418310642242,6796,7848,11796,-166,-68,109,6084,-8672,11272,-55,136,-173,-12308,4228,7820,-995,93,-51,-12604,-6952,7600,-489,137,-140,0
3233.277955055237,6420,7704,11720,-212,-89,106,6112,-8760,11308,-28,141,-184,-12496,4176,7852,-1032,51,-76,-12380,-6676,7512,-261,143,-182,0
3233.3134689331055,6688,7784,11448,-165,-17,65,6084,-8724,11208,-47,220,-159,-12532,4168,7608,-1045,23,-50,-12668,-6664,7484,-495,57,-221,0
3233.349396944046,6708,7848,11544,-167,63,12,6112,-8596,11376,-96,235,-103,-12796,4236,7736,-986,-2,-242,-12592,-6888,7552,-464,79,-224,0
3233.3842101097107,6768,7744,11796,-202,111,-15,6164,-8648,11340,-67,195,-120,-12412,4352,7916,-954,54,-55,-12340,-6756,7528,-463,86,-187,0
3233.420359134674,6740,7792,11948,-143,34,37,6124,-8764,11392,-79,160,-106,-12532,4180,7852,-1274,40,-30,-12668,-6896,7644,-472,86,-134,0
3233.4553780555725,6704,7776,11948,-141,24,54,6088,-8720,11384,-106,167,-121,-12628,4288,7732,-967,32,-32,-12576,-6984,7648,-459,77,-152,0
3233.4911780357365,6400,7784,12004,-177,39,78,5984,-8700,11376,-134,155,-129,-12456,4324,7568,-991,50,-19,-12556,-6976,7540,-484,74,-164,0
3233.5274980068207,6436,7924,11796,-169,34,89,6092,-8768,11340,-105,147,-104,-12412,4556,7696,-1004,29,-36,-12696,-6964,7612,-468,63,-176,0
3233.562376022339,6656,7824,11844,-145,9,71,6104,-8684,11008,-80,190,-179,-12488,4292,7604,-1033,49,-47,-12732,-6864,7592,-478,94,-159,0
3233.5976181030273,6764,7788,11860,-137,25,52,6016,-8816,11392,-53,208,-157,-12440,4244,7716,-1042,79,-49,-12508,-6892,7572,-478,104,-162,0
3233.633054971695,6620,7776,11828,-191,-26,59,6068,-8784,11396,-54,144,-171,-12728,4324,7488,-1005,105,-62,-12580,-7128,7536,-489,135,-133,0
3233.668725967407,6588,7756,11816,-128,4,78,6020,-8492,11448,-77,150,-189,-12428,4388,7908,-769,72,-53,-12572,-6900,7556,-462,128,-148,0
3233.7037119865417,6884,8152,11700,-173,-66,72,5956,-8944,11308,-86,159,-157,-12512,4244,7828,-1016,84,-44,-12616,-6944,7568,-484,148,-136,0
3233.739357948303,6652,7904,11688,-177,-64,129,6036,-8756,11344,-57,174,-156,-12536,4292,7784,-1015,63,-86,-12292,-7152,7620,-486,145,-163,0
3233.7742171287537,6528,7904,11800,-198,-62,78,6024,-8760,11452,-94,180,-172,-12452,4264,7724,-998,65,-100,-12556,-6980,7712,-489,126,-165,0
3233.8106451034546,6536,7928,11600,-191,-11,55,5976,-8716,11304,-81,159,-160,-12440,4300,7788,-981,55,-93,-12548,-7072,7620,-448,125,-166,0
3233.8441610336304,6680,7916,11904,-182,-19,52,6008,-8820,11440,-59,187,-164,-12452,4236,7748,-1014,63,-29,-12440,-7144,7612,-483,123,-125,0
3233.877439022064,6628,7848,11992,-188,-60,106,6100,-8748,11284,-41,163,-181,-12500,4204,8180,-995,83,-59,-12572,-6968,7600,-459,153,-127,0
3233.9107189178467,6552,7792,11732,-195,-57,90,6012,-8744,11248,-31,148,-183,-12512,4324,7688,-993,70,-80,-12580,-6892,7460,-451,174,-116,0
3233.9444069862366,6740,7912,11848,-183,-74,107,6056,-8768,11456,-41,153,-193,-12532,4280,7908,-1004,136,-132,-12512,-7076,7568,-465,148,-86,0
3233.977872133255,6612,7800,11808,-192,-85,136,6068,-8848,11284,-17,112,-193,-12552,4360,7848,-1277,139,-89,-12576,-6992,7752,-456,165,-79,0
3234.0116109848022,6572,7792,11924,-204,-118,131,6076,-8748,11388,-43,132,-200,-12464,4328,7756,-1279,137,-50,-12616,-6872,7724,-450,157,-78,0
3234.045210123062,6648,7840,11576,-178,-92,149,6004,-8820,11296,-18,127,-177,-12464,4564,7548,-1047,189,-54,-12672,-6912,7524,-470,114,-66,0
3234.0786831378937,6604,7908,11860,-223,-74,151,5988,-8892,11288,10,144,-176,-12768,4244,7804,-1051,137,-80,-12364,-7120,7644,-471,169,-85,0
3234.1123261451726,6620,7740,11968,-256,-113,156,5920,-8836,11448,69,133,-189,-12512,4256,7868,-1029,109,-141,-12488,-6908,7528,-483,176,-51,0
3234.1455070972443,6596,7788,11620,-201,-175,123,5964,-8764,11512,38,135,-186,-12512,4320,7720,-1033,140,-109,-12544,-6924,7664,-456,234,-63,0
3234.179180145264,6900,7840,11808,-260,-222,152,5988,-8800,11340,10,140,-243,-12604,4252,7816,-976,110,-138,-12580,-6712,7740,-458,241,-48,0
3234.2126779556274,6868,7688,11612,-261,-220,170,6052,-8808,11360,18,108,-242,-12516,4584,7692,-975,157,-160,-12608,-6744,7892,-464,188,-31,0
3234.2458579540253,6700,7760,11700,-257,-190,195,6024,-8752,11032,39,99,-212,-12536,4308,7544,-1002,179,-136,-12612,-6864,7444,-440,161,-62,0
3234.2793021202087,6584,7788,11680,-272,-186,200,5980,-8732,11108,54,83,-228,-12408,4188,7792,-1006,203,-102,-12488,-6728,7564,-458,180,-51,0
3234.312924146652,6788,7796,11884,-291,-218,183,6116,-8720,11500,52,106,-218,-12632,4276,7832,-996,172,-126,-12556,-6996,7584,-474,201,-54,0
3234.3467020988464,6760,7720,11772,-238,-226,192,6060,-8732,11300,70,95,-254,-12632,4248,7704,-1003,167,-150,-12792,-6888,7512,-467,224,-34,0
3234.37997508049,6408,7772,11724,-290,-280,204,6016,-8736,11304,101,57,-288,-12584,4196,7824,-999,210,-181,-12644,-6864,7564,-470,0,-30,0
3234.4136769771576,6736,7816,11780,-510,-289,205,6172,-8696,11364,75,45,-247,-12296,4316,7800,-1004,243,-174,-12656,-6784,7464,-462,242,-16,0
3234.4471440315247,6832,7764,11696,-254,-309,199,6084,-8692,11372,93,18,-260,-12604,4220,7848,-1004,228,-120,-12592,-6888,7536,-462,229,-4,0
3234.4804649353027,6768,7740,11980,-263,-276,201,6136,-8752,11520,108,34,-253,-12620,4272,7848,-1035,210,-125,-12564,-6916,7552,-459,208,-30,0
3234.5139729976654,6780,7724,11560,-265,-235,203,6076,-8716,11320,109,47,-269,-12612,4292,7640,-1048,178,-146,-12408,-6812,7624,-461,220,-46,0
3234.547616958618,6724,7676,11812,-1,-279,172,6088,-8592,11232,62,46,-233,-12492,4328,7740,-1033,180,-134,-12552,-6860,7624,-464,189,-48,0
3234.5811491012573,6884,7672,11860,-201,-230,127,5932,-8696,11484,14,100,-227,-12544,4308,7844,-995,182,-101,-12680,-6816,7496,-257,164,-117,0
3234.614403963089,6696,7656,11768,-196,-174,147,6088,-8680,11292,-2,95,-184,-12572,4184,7760,-1039,98,-70,-12580,-6836,7288,-478,166,-101,0
3234.64790892601,6856,7728,11724,-168,-98,113,6168,-8608,11292,-255,126,-190,-12308,4232,7644,-1012,103,-76,-12648,-6868,7636,-521,148,-138,0
3234.6812710762024,6880,7472,11688,-152,-86,87,6252,-8648,11340,-49,158,-169,-12612,4156,7720,-1046,63,-101,-12688,-6804,7496,-506,138,-149,0
3234.715037107468,6824,7732,11552,-160,-39,102,6116,-8572,11444,-30,154,-162,-12588,4200,7780,-1050,37,-54,-12660,-6832,7512,-490,130,-140,0
3234.748286008835,6792,7756,11796,-151,-41,89,6184,-8620,11484,-49,187,-158,-12572,4124,7856,-997,81,-41,-12652,-6936,7488,-462,145,-139,0
3234.7818551063538,6712,7868,11720,-164,-28,94,6148,-8664,11568,-92,191,-159,-12564,4152,7584,-992,91,-10,-12640,-6872,7512,-461,77,-110,0
3234.8155341148376,6932,7676,11872,-147,-53,81,5900,-8656,11392,-71,150,-143,-12524,4188,7828,-1280,68,-14,-12784,-6880,7524,-495,95,-132,0
3234.853054046631,6676,7836,11540,-149,-46,83,6076,-8664,11392,249,162,-148,-12760,4232,7868,-1032,87,-11,-12472,-6932,7532,-490,99,-141,0
3234.8892009258266,6612,7764,11764,-113,1,69,5920,-8628,11384,-61,208,-156,-12348,4260,7740,-980,36,-53,-12496,-6872,7488,-443,160,-146,0
3234.9247250556946,6716,7652,11916,-177,-60,35,6076,-8772,11348,-31,174,-196,-12644,4312,7824,-968,89,-109,-12620,-6872,7400,-467,174,-129,0
3234.960263967514,6824,7708,11676,-153,-49,79,6104,-8480,11356,-59,151,-174,-12624,4300,7856,-1006,77,-67,-12732,-6812,7464,-484,138,-114,0
3234.9955899715424,6868,7728,11788,-156,-31,108,6008,-8712,11272,-60,148,-164,-12544,4244,7660,-987,116,-27,-12788,-6836,7560,-466,117,-118,0
3235.0314259529114,6668,7780,12004,-187,-83,107,5948,-8828,11272,-4,240,-223,-12440,4324,7756,-996,113,-98,-12520,-6912,7652,-476,106,-109,0
3235.0677790641785,6728,7724,11848,-170,-66,86,6100,-8828,11392,-49,164,-182,-12664,4204,7716,-980,65,-73,-12608,-6888,7464,-482,168,-148,0
3235.1028261184692,6880,7668,11832,-156,-61,105,6116,-8660,11208,-9,150,-204,-12508,4320,7656,-998,103,-84,-12612,-6928,7580,-486,185,-120,0
3235.1381311416626,6872,7684,11700,-165,-100,112,5996,-8512,11424,-3,118,-221,-12736,4280,7840,-994,134,-102,-12532,-6828,7592,-481,177,-118,0
3235.173825979233,6872,7708,11772,-155,-150,97,6076,-8628,11444,-23,101,-212,-12552,4316,7928,-1004,130,-148,-12600,-6888,7564,-477,180,-97,0
3235.2096610069275,6672,7812,11920,-162,-75,130,5932,-8920,11316,-33,145,-183,-12724,4280,7756,-984,89,-107,-12748,-6876,7396,-471,180,-99,0
3235.2445061206818,6788,7756,11892,-157,-82,115,6004,-8672,11308,-8,146,-196,-12616,4276,7780,-1015,98,-55,-12672,-6904,7512,-501,168,-113,0
3235.280650138855,6824,7832,11784,-144,-67,124,6004,-8696,11348,-34,141,-161,-12516,4204,7888,-1027,114,-106,-12304,-6904,7568,-495,112,-122,0
3235.316209077835,6896,7716,11752,-163,-52,102,6020,-8716,11376,-57,145,-169,-12568,4288,7896,-1003,104,-70,-12728,-6880,7516,-459,111,-85,0
3235.3522579669952,6788,7872,11848,-162,-65,134,6024,-8692,11288,-6,151,-191,-12512,4268,7740,-1011,137,-69,-12620,-6860,7452,-479,152,-90,0
3235.388035058975,6760,7768,11764,-184,-78,127,6044,-8460,11420,-30,149,-155,-12636,4224,7824,-1028,107,-100,-12636,-6908,7584,-492,121,-117,0
3235.423253059387,6840,7772,11604,-168,-75,114,6100,-8928,11436,7,134,-178,-12604,4244,7716,-1045,114,-57,-12704,-6836,7556,-492,177,-115,0
3235.4588351249695,6732,7788,11724,-192,-95,117,6016,-8724,11344,-15,116,-192,-12308,4260,7700,-990,117,-81,-12672,-6852,7600,-458,181,-118,0
3235.495427131653,6796,7824,11872,-171,-96,128,6112,-8652,11256,-82,111,-209,-12592,4296,7868,-1002,149,-66,-12664,-6912,7552,-483,137,-80,0
3235.5289680957794,6816,7652,11624,-119,-116,130,6348,-8792,11276,-74,127,-163,-12632,4140,7664,-1274,85,-49,-12684,-6808,7440,-492,147,-98,0
3235.5624821186066,6800,7680,11720,-198,-78,76,6056,-8644,11356,-16,155,-173,-12628,4272,7768,-1021,80,-117,-12684,-6912,7676,-483,121,-106,0
3235.596112012863,6832,7764,11848,-179,-15,84,5944,-8676,11324,-1,185,-162,-12592,4200,7896,-1038,61,-73,-12648,-6924,7600,-478,108,-152,0
3235.629851102829,7128,7932,11632,-154,-52,58,6140,-8732,11392,-58,208,-147,-12552,4236,8144,-1008,47,-59,-12708,-6884,7664,-457,142,-159,0
3235.662994146347,6828,7740,11876,-205,-51,77,6140,-8604,11380,-10,211,-165,-12488,4164,7840,-985,85,-75,-12592,-6876,7624,-458,162,-142,0
3235.696589946747,6804,7744,12028,-175,-61,136,6008,-8700,11496,-36,148,-162,-12404,4332,7720,-1005,106,-81,-12604,-6904,7684,-450,140,-112,0
3235.730157136917,6652,7832,11652,-179,-82,116,6104,-8680,11264,-56,88,-170,-12612,4164,7828,-1005,142,-89,-12564,-6704,7592,-460,124,-78,0
3235.763823032379,6760,7760,11688,-140,-85,109,5900,-8712,11448,-89,125,-186,-12372,4536,7708,-979,120,-98,-12692,-6832,7572,-487,113,-120,0
3235.7974021434784,6772,7736,11720,-165,-16,103,6056,-8752,11452,-53,154,-149,-12584,4200,7440,-1012,100,-65,-12656,-6784,7512,-484,106,-131,0
3235.83104801178,6768,7824,11736,-154,-41,102,6108,-8644,11280,-35,157,-166,-12584,4292,7836,-1034,93,-51,-12588,-7040,7540,-465,146,-136,0
3235.864400148392,6800,7744,11568,-172,-48,101,6020,-8704,11348,-21,167,-199,-12640,4260,7728,-1028,173,-126,-12680,-6844,7648,-478,150,-148,0
3235.8976080417633,6676,7728,11960,-185,-137,140,6008,-8704,11344,-17,115,-207,-12776,4172,7588,-1009,145,-101,-12620,-6896,7308,-455,187,-73,0
3235.931491136551,6780,7716,11632,-173,-71,135,6104,-8948,11324,-78,75,-205,-12520,4284,7692,-970,140,-94,-12644,-6800,7544,-496,157,-65,0
3235.9650621414185,6852,7912,11740,-147,-112,139,6044,-8936,11360,-46,106,-163,-12336,4252,7596,-1000,138,-59,-12596,-6848,7480,-495,154,-75,0
3235.9986851215363,6908,7740,11600,-174,-88,133,6056,-8708,11332,-34,142,-168,-12320,4244,7744,-1040,104,-36,-12600,-6984,7548,-500,146,-98,0
3236.032303094864,6760,7832,11736,-163,-74,97,6144,-8724,11368,-44,157,-194,-12608,4268,7760,-1016,101,-89,-12604,-7160,7652,-486,128,-143,0
3236.0655810832977,6860,7776,11728,-180,-12,63,6036,-8732,11384,-49,158,-179,-12784,4288,7808,-1271,69,-102,-12572,-6836,7708,-472,126,-166,0
3236.0994989871974,6720,7808,11564,-172,-45,95,6008,-8652,11396,-39,168,-186,-12548,4208,7884,-1006,61,-120,-12636,-6876,7684,-478,148,-129,0
3236.133136987686,6748,7732,11748,-172,-93,97,5916,-8720,11332,-22,134,-186,-12456,4292,7764,-1002,118,-105,-12572,-6768,7532,-454,165,-126,0
3236.1667881011963,6740,7704,11828,-185,-104,131,6080,-8720,11424,-59,99,-191,-12560,4200,7760,-1010,114,-66,-12796,-6860,7640,-485,160,-96,0
3236.200308084488,6888,7712,11532,-162,-100,125,6052,-8588,11380,-36,133,-208,-12564,4280,7764,-1006,112,-68,-12584,-6864,7596,-482,172,-106,0
3236.233871936798,6664,7816,11684,-174,-92,110,6100,-8948,11340,-256,119,-164,-12612,4172,7744,-1003,114,-124,-12608,-6880,7548,-474,160,-129,0
3236.2676050662994,6872,7896,11692,-157,-68,104,6156,-8640,11392,-34,116,-193,-12604,4200,7868,-980,79,-127,-12632,-6872,7736,-433,140,-83,0
3236.3012299537654,6768,7812,11588,-172,-44,88,6080,-8624,11364,-69,137,-192,-12588,4196,7632,-988,107,-50,-12720,-6828,7524,-499,108,-118,0
3236.33478808403,6844,7664,11720,-193,-80,104,6116,-8812,11372,-22,171,-161,-12608,4228,7760,-1005,89,-71,-12644,-6884,7556,-488,142,-139,0
3236.3684339523315,6736,7736,11804,-206,-67,87,6032,-8788,11412,13,155,-185,-12560,4176,7692,-1060,111,-71,-12752,-6864,7276,-483,158,-119,0
3236.401657104492,6792,7884,11656,-159,-58,100,6124,-8684,11300,-65,164,-193,-12324,4252,7720,-1018,115,-83,-12728,-6856,7664,-488,143,-128,0
3236.435406923294,6800,7740,11920,-210,-60,77,6120,-8700,11368,-33,156,-183,-12796,4268,7512,-964,92,-90,-12700,-6760,7536,-490,150,-131,0
3236.469036102295,6784,7816,11544,-179,-61,110,6036,-8724,11220,-48,132,-174,-12584,4280,7676,-1008,122,-70,-12608,-6824,7476,-473,135,-111,0
3236.5023450851445,6732,7776,11724,-168,-58,123,6028,-8704,11152,-15,135,-153,-12628,4360,7724,-1044,116,-78,-12604,-6936,7684,-482,97,-130,0
3236.5402350425725,6768,7472,11724,-204,-55,114,6120,-8928,11132,-39,49,-39,-12576,4120,8108,-890,64,-48,-12768,-6904,7708,-474,74,-126,0
3236.5750889778137,6804,7712,11756,-174,-47,106,5944,-8928,11272,-27,161,-149,-12624,4180,7852,-769,43,-87,-12600,-6840,7584,-465,142,-138,0
3236.610893011093,6740,7776,11604,-168,-53,103,6052,-8760,11296,-13,150,-193,-12492,4196,7792,-1015,80,-106,-12516,-6692,7472,-487,154,-112,0
3236.646219968796,6812,7848,11992,-188,-104,112,6052,-8768,11312,-8,130,-219,-12540,4224,7776,-1018,113,-61,-12540,-6880,7488,-493,193,-116,0
3236.6836569309235,6820,7760,11868,-191,-153,105,6072,-8672,11556,-37,121,-193,-12740,4304,7872,-1011,125,-113,-12600,-6860,7636,-453,177,-112,0
3236.7192389965057,6676,7804,11660,-212,-57,86,6060,-8736,11292,-26,150,-209,-12560,4208,7876,-999,109,-83,-12736,-6824,7596,-492,159,-124,0
3236.7550621032715,6800,7672,11700,-222,-80,102,6052,-8728,11440,-31,182,-192,-12576,4236,7792,-772,69,-85,-12556,-7144,7436,-499,133,-130,0
3236.7907609939575,6736,7780,11628,-187,-106,117,6132,-8612,11500,9,130,-184,-12560,4268,7876,-1272,116,-101,-12648,-6984,7656,-501,140,-120,0
3236.8287930488586,6788,7760,11624,-169,-103,117,6024,-8684,11276,-45,135,-133,-12660,4132,7784,-943,96,-44,-12784,-6872,7876,-489,75,-138,0
3236.8640739917755,6748,7680,11764,-194,-42,108,6288,-8564,11216,247,156,-166,-12512,4316,7740,-1038,79,-106,-12588,-6764,7424,-502,140,-110,0
3236.9001541137695,6692,7824,11608,-177,-56,128,6108,-8692,11476,11,122,-137,-12520,4108,8152,-1009,145,-50,-12532,-6904,7536,-479,108,-82,0
3236.9354240894318,6692,7812,11864,-153,-69,113,6012,-8668,11312,-52,124,-185,-12596,4240,7804,-994,116,-67,-12588,-6808,7592,-491,144,-148,0
3236.970924139023,6836,7548,11588,-183,-106,103,6280,-8700,11284,-19,153,-198,-12292,4272,7732,-981,62,-87,-12388,-6908,7536,-491,139,-110,0
3237.0059630870815,6800,7784,11680,-187,-87,101,6120,-8752,11292,-56,146,-198,-12760,4168,7596,-973,94,-84,-12336,-6936,7504,-470,150,-113,0
3237.041796922684,6700,7756,11776,-188,-74,96,6000,-8632,11416,-5,127,-165,-12556,4116,7788,-1019,93,-50,-12576,-6868,7596,-472,132,-156,0
3237.0777339935303,6844,7744,11820,-172,-74,74,6004,-8664,11392,-12,159,-190,-12516,4252,7776,-988,66,-85,-12712,-6880,7612,-453,134,-134,0
3237.1127159595494,6832,7804,11988,-208,-67,75,6116,-8764,11360,-12,145,-164,-12608,4192,7936,-996,66,-92,-12584,-6924,7584,-486,122,-109,0
3237.148566007614,6784,7632,11716,-159,-49,100,5892,-8608,11516,-23,147,-175,-12536,4244,7748,-1004,90,-84,-12572,-6892,7548,-593,95,-130,0
3237.184303998947,6812,7820,11764,-117,41,80,5996,-8684,11400,0,131,-162,-12512,4260,7768,-1078,125,-53,-12592,-6808,7560,-458,212,-89,0
3237.2179460525513,6772,7716,11928,-229,-110,145,6000,-8660,11288,18,111,-179,-12492,4112,7648,-1041,138,-85,-12640,-6916,7548,-475,217,-102,0
3237.2516829967494,6748,7720,11988,-283,-161,145,6084,-8768,11256,11,115,-186,-12800,4312,7780,-983,142,-98,-12492,-6712,7496,-491,151,-102,0
3237.2847809791565,6764,7772,11852,-223,-135,141,6000,-8792,11452,7,127,-160,-12672,4260,7776,-1074,76,-93,-12436,-6904,7644,-530,133,-108,0
3237.3184099197388,6844,7756,11564,-205,-67,100,6092,-8792,11384,21,178,-178,-12508,4272,7788,-1067,73,-85,-12648,-6892,7540,-486,101,-139,0
3237.3519020080566,6812,7732,11732,-187,-59,106,6068,-8720,11420,6,167,-155,-12544,4236,7876,-1028,62,-46,-12644,-6868,7480,-501,109,-131,0
3237.385265111923,6688,7468,11584,-183,-26,84,6044,-8740,11404,20,130,-163,-12788,3928,7924,-1034,40,-78,-12580,-6832,7368,-500,130,-126,0
3237.4189579486847,6812,7816,11688,-169,-17,117,6080,-8668,11316,-19,165,-152,-12612,4252,7884,-1029,76,-50,-12588,-6868,7748,-468,110,-111,0
3237.4524619579315,6732,7744,11736,-201,-71,114,6088,-8644,11424,-65,124,-151,-12792,4152,7856,-952,92,-66,-12540,-6844,7544,-439,129,-142,0
3237.4858679771423,6900,7756,11584,-198,-32,84,6088,-8588,11472,-83,155,-158,-12572,4244,7768,-976,59,-50,-12704,-6916,7484,-481,88,-189,0
3237.5194499492645,7088,7696,11708,-151,61,30,6252,-8548,11284,-62,228,-112,-12532,4216,7572,-1044,2,42,-12580,-6992,7508,-480,32,-193,0
3237.5526869297028,6656,7848,11596,-181,147,1,5896,-8636,11124,-51,308,-96,-12476,4548,7852,-1001,12,11,-12580,-6972,7520,-474,46,-187,0
3237.5860121250153,6792,7800,11580,-197,117,5,5976,-8948,11304,-55,250,-65,-12472,4224,7808,-1040,29,254,-12628,-6940,7644,-482,41,-176,0
3237.6197681427,6676,7788,11592,-164,56,53,5964,-8680,11472,-13,99,-114,-12400,4392,7948,-1007,37,39,-12504,-6660,7484,-522,100,-155,0
3237.6531920433044,6732,7748,11820,-141,31,115,5916,-8680,11324,-16,159,-92,-12496,4308,7676,-1060,35,-8,-12484,-6888,7608,-526,97,-128,0
3237.6866791248326,6432,7732,11940,-159,-10,97,5924,-8712,11372,-59,128,-137,-12516,4244,7848,-1042,77,-51,-12320,-6892,7612,-498,119,-141,0
3237.720276117325,6724,7696,11784,-183,-3,92,5892,-8768,11436,-46,165,-126,-12552,4288,7480,-1028,56,-50,-12524,-6696,7432,-484,146,-170,0
3237.753534078598,6836,7728,11916,-176,9,93,5996,-8704,11596,-35,204,-140,-12548,4256,7756,-1007,-129,-76,-12528,-7140,7536,-452,140,-176,0
3237.7871239185333,6596,7816,11744,-158,17,65,5664,-8472,11384,-53,207,-157,-12512,4192,7648,-1275,78,-47,-12800,-6928,7580,-487,159,-151,0
3237.8205370903015,6416,7740,11892,-147,12,64,5936,-8480,11440,-54,173,-165,-12500,4324,8040,-1028,103,-72,-12568,-6924,7700,-485,156,-133,0
3237.8542029857635,6460,7724,11812,-134,30,65,6048,-8780,11408,23,179,-182,-12324,4200,7860,-1052,95,-120,-12504,-6828,7568,-430,192,-114,0
3237.887438058853,6852,7892,11604,-151,-133,122,5908,-8884,11620,34,132,-243,-12452,4292,8128,-989,88,-154,-12416,-6896,7580,-431,248,-104,0
3237.9212040901184,6576,7904,11884,-193,-189,168,5888,-8664,11444,-7,105,-221,-12480,4560,8080,-1009,128,-121,-12780,-7020,7824,-496,234,-42,0
3237.9547810554504,6596,7900,11812,-207,-235,195,5824,-8752,11324,43,95,-209,-12452,4268,8032,-1037,160,-85,-12528,-6744,7780,-557,206,-36,0
3237.988173007965,6576,7740,11720,-222,-238,214,5836,-8668,11448,68,59,-237,-12480,4100,7956,-1040,212,-158,-12324,-6948,7572,-533,233,-12,0
3238.0216040611267,6640,7800,11872,-176,-220,234,5956,-8720,11496,82,26,-217,-12460,4116,7848,-1279,193,-170,-12368,-6972,7532,-489,232,-251,0
3238.0553200244904,6584,7896,11828,-229,-245,212,6092,-8644,11364,29,82,-234,-12364,4152,7708,-947,197,-133,-12580,-6812,7508,-437,224,-9,0
3238.088628053665,6804,7744,11780,-295,-252,222,6096,-8660,11384,48,70,-221,-12588,4316,7784,-985,203,-121,-12772,-6840,7412,-441,212,-8,0
3238.122283935547,7152,7768,11988,-229,-248,229,6172,-8564,11704,84,69,-189,-12596,4192,7876,-1002,191,-94,-12688,-6824,7516,-482,188,-41,0
3238.155802965164,6804,7848,11680,-245,-235,226,6132,-8708,11480,128,80,-188,-12632,4268,7748,-771,189,-130,-12548,-6892,7564,-479,189,-76,0
3238.191504955292,6748,7924,11884,-259,-223,196,6052,-8668,11496,117,51,-239,-12412,4256,7748,-1021,164,-192,-12656,-6732,7612,-487,227,-63,0
3238.2275609970093,6700,7640,11724,-204,-235,157,5968,-8640,11496,143,60,-265,-12552,4240,7856,-993,131,-141,-12624,-6852,7612,-465,271,-37,0
3238.2623569965363,6808,7864,11540,-231,-244,192,5988,-8672,11280,98,71,-259,-12596,4228,7760,-980,144,-182,-12580,-6840,7512,-478,223,-61,0
3238.297389984131,6884,7708,11692,-215,-245,187,5988,-8548,11416,58,43,-8,-12484,4240,7912,-998,193,-76,-12608,-6832,7580,-473,215,-83,0
3238.33270406723,6840,7672,11592,-207,-208,144,6040,-8636,11376,10,91,-243,-12608,4232,7504,-993,143,-120,-12660,-6872,7524,-471,176,-100,0
3238.368173122406,6888,7588,11740,-166,-77,104,6132,-8580,11504,-35,130,-191,-12528,4292,7464,-980,33,-35,-12620,-6792,7564,-481,159,-162,0
3238.403375148773,6944,7632,11744,-188,-34,67,6060,-8544,11416,-80,222,-192,-12524,4124,7760,-1006,1,-76,-12548,-6812,7588,-461,132,-156,0
3238.4391350746155,6840,7720,11668,-190,8,42,6108,-8512,11460,-75,201,-193,-12616,4160,7760,-991,22,-55,-12696,-7080,7596,-460,163,-136,0
3238.474478006363,6884,7772,11860,-251,-30,79,6108,-8600,11472,-68,223,-157,-12552,4160,7828,-979,58,-55,-12712,-6776,7472,-444,140,-156,0
3238.5102140903473,6788,7700,11820,-181,-31,57,5936,-8672,11388,-18,193,-145,-12516,4216,7900,-1028,247,-67,-12560,-6984,7848,-489,179,-165,0
3238.5455651283264,6732,7932,11840,-135,-31,97,5948,-8596,11384,-32,160,-175,-12492,4196,7772,-988,60,-80,-12604,-6896,7604,-479,113,-150,0
3238.581656932831,6708,7756,11896,-161,-88,81,5948,-8664,11432,-55,137,-191,-12376,4340,7716,-987,63,-115,-12552,-6876,7540,-474,152,-81,0
3238.6176180839534,6756,7720,11788,-119,-67,142,5972,-8576,11376,-39,110,-155,-12312,4204,7512,-974,88,-62,-12376,-6800,7576,-495,103,-103,0
3238.6528420448303,6824,7764,11668,-150,-16,165,6060,-8256,11656,-29,123,-124,-12508,4164,7700,-1047,139,-29,-12672,-6828,7440,-527,124,-59,0
3238.6875529289246,6820,7728,11864,-178,-10,145,6072,-8524,11468,-32,154,-134,-12608,4132,7848,-1022,59,-18,-12624,-6884,7592,-538,126,-138,0
3238.7233989238734,6912,7716,11916,-160,-72,87,6116,-8588,11448,-53,161,-197,-12616,4196,7912,-961,16,-81,-12656,-6872,7572,-495,157,-158,0
3238.758677005768,6792,7640,11808,-199,-72,42,5932,-8592,11512,-46,184,-238,-12416,4144,7504,-941,40,-88,-12604,-6892,7656,-460,214,-138,0
3238.7936239242554,6812,7720,11844,-204,-83,84,6012,-8668,11376,-50,160,-208,-12764,4112,7916,-959,125,-83,-12792,-6840,7600,-414,208,-87,0
3238.8291919231415,6784,7724,11672,-213,-77,127,6028,-8572,11392,-34,81,-221,-12296,4292,7872,-989,169,-70,-12652,-6848,7544,-459,168,-84,0
3238.864743947983,6732,7612,11692,-190,-84,137,6092,-8752,11344,-33,136,-186,-12588,4180,7780,-994,80,-94,-12676,-6824,7504,-491,135,-115,0
3238.8979439735413,6784,7740,11788,-192,-73,94,6328,-8588,11320,-13,203,-164,-12572,4208,7832,-1034,30,-100,-12344,-6676,7448,-461,151,-158,0
3238.9317960739136,6880,7720,11992,-216,-60,55,6012,-8452,11388,1,215,-178,-12508,4276,7640,-998,-3,-98,-12536,-6948,7520,-489,170,-147,0
3238.965358018875,6812,7764,11636,-176,-90,61,5956,-8540,11500,-34,214,-174,-12336,4164,7672,-1003,74,-109,-12648,-6844,7464,-475,187,-120,0
3238.9988811016083,6760,7712,11860,-187,-145,128,5920,-8620,11528,-23,99,-182,-12436,4264,7716,-1013,190,-62,-12628,-6952,7480,-485,180,-52,0
3239.032186985016,6744,7788,11680,-193,-95,148,6060,-8492,11352,-27,68,-219,-12300,4228,7724,-1023,183,-55,-12636,-6900,7452,-476,160,-65,0
3239.06546998024,6840,7544,11772,-205,-96,132,5892,-8636,11632,-59,138,-173,-12512,4132,7780,-984,126,-76,-12776,-6932,7500,-471,136,-67,0
3239.101154088974,6700,7744,11776,-219,-46,108,5992,-8552,11532,-25,150,-168,-12604,4268,7904,-980,101,-76,-12560,-6888,7560,-496,150,-126,0
3239.134612083435,7088,7756,11656,-203,-78,87,6116,-8696,11372,-33,162,-195,-12632,4204,7608,-1001,77,-98,-12748,-6848,7500,-468,144,-140,0
3239.168030977249,6760,7680,11832,-157,-88,51,6112,-8576,11420,-13,182,-190,-12800,4260,7860,-1269,69,-110,-12700,-6780,7588,-461,127,-161,0
3239.2015480995174,6832,7576,11976,-167,-20,56,6072,-8568,11368,8,179,-193,-12524,4200,7692,-1048,70,-77,-12684,-6924,7664,-490,141,-151,0
3239.2349741458893,6812,7788,11780,-165,-24,54,6004,-8620,11296,-3,178,-162,-12492,4216,7848,-1018,58,-64,-12552,-6768,7520,-486,175,-134,0
3239.2686009407043,6720,7784,11880,-168,-66,97,5924,-8760,11472,5,146,-197,-12400,4288,7688,-1015,155,-72,-12588,-6908,7896,-493,143,-69,0
3239.3021490573883,6644,7732,11752,-197,-104,128,5960,-8544,11516,-23,100,-189,-12516,4200,7840,-1002,157,-83,-12552,-6904,7516,-472,161,-76,0
3239.335597038269,6740,7828,11828,-166,-98,143,5980,-8636,11728,-42,93,-172,-12764,4188,7872,-1021,148,-129,-12768,-6964,7524,-504,153,-69,0
3239.3690741062164,6828,7836,11912,-174,-84,155,5992,-8680,11472,-23,114,-198,-12584,4088,7928,-1011,103,-80,-12364,-7132,7568,-484,121,-123,0
3239.402486085892,6912,7796,11748,-188,-20,81,6108,-8484,11496,-38,179,-178,-12684,4144,7752,-994,52,-16,-12608,-6972,7588,-479,99,-131,0
3239.435823917389,6820,7684,11740,-217,-74,72,6000,-8496,11640,-19,239,-146,-12340,4332,7904,-1014,64,-72,-12512,-6892,7596,-511,137,-165,0
3239.4692969322205,6484,7736,11844,-219,-23,69,6004,-8556,11668,-16,176,-167,-12528,4180,7688,-1007,55,-92,-12660,-6952,7512,-488,117,-126,0
3239.5028240680695,6844,7828,11704,-143,-32,86,6100,-8580,11600,-66,171,-172,-12552,4264,7800,-1271,116,-68,-12756,-6836,7448,-483,138,-139,0
3239.536469936371,6820,7748,11652,-193,-18,42,6056,-8616,11464,-57,173,-196,-12572,4284,7724,-1003,133,-31,-12608,-6764,7500,-457,176,-129,0
3239.5700919628143,6740,7668,11924,-193,-64,115,6064,-8724,11400,-45,141,-185,-12536,4132,7588,-1006,65,-66,-12784,-6904,7608,-446,116,-97,0
3239.6037130355835,7024,7468,11640,-178,-47,130,5960,-8692,11396,-35,193,-115,-12532,4320,7828,-1008,55,-42,-12648,-7128,7596,-462,79,-152,0
3239.637421131134,6772,7744,11736,-210,-24,61,6028,-8620,11520,-47,217,-131,-12472,4256,7896,-1010,30,-26,-12592,-6860,7468,-470,83,-145,0
3239.671121120453,6728,7772,11676,-188,-39,76,6060,-8604,11396,-16,174,-150,-12436,4144,7848,-998,94,-78,-12564,-6672,7592,-476,139,-101,0
3239.7048139572144,6720,7660,11660,-172,-27,132,5928,-8908,11748,15,123,-180,-12392,4252,7768,-1042,94,-109,-12624,-6864,7532,-526,203,-109,0
3239.7385709285736,6768,7472,11676,-167,-83,154,5880,-8700,11420,-30,88,-203,-12496,4196,7776,-1015,119,-108,-12580,-6932,7568,-500,223,-102,0
3239.7719330787654,6720,7468,11668,-173,-113,129,6024,-8580,11456,-34,115,-215,-12516,4336,7784,-1040,174,-80,-12612,-6932,7576,-482,195,-87,0
3239.805505990982,6768,7736,11584,-180,-96,125,6052,-8552,11400,-9,116,-199,-12748,4212,7836,-769,126,-82,-12608,-6884,7524,-510,210,-102,0
3239.8390080928802,7080,7716,11900,-189,-66,111,6144,-8672,11572,-28,164,-195,-12564,4244,7872,-1002,111,-116,-12748,-6816,7440,-491,187,-132,0
3239.8749959468846,6804,7756,11812,-188,-65,112,6008,-8624,11444,-20,137,-170,-12544,4128,7784,-1026,110,-65,-12684,-7100,7488,-489,159,-94,0
3239.9108891487126,6872,7716,11740,-170,-61,113,6004,-8660,11400,-33,120,-179,-12576,4212,7704,-1022,105,-72,-12616,-6892,7468,-509,105,-154,0
3239.947139978409,6748,7784,11612,-184,-40,65,6140,-8524,11448,-22,174,-170,-12532,4108,7808,-769,102,-76,-12564,-6836,7468,-494,126,-149,0
3239.982331991196,6700,7748,11860,-182,-68,102,5972,-8564,11608,-10,135,-193,-12612,4200,7688,-983,125,-123,-12316,-6996,7800,-455,190,-77,0
3240.0174579620366,6408,7712,12000,-214,-141,105,6004,-8608,11376,-58,101,-221,-12464,3868,7796,-969,145,-135,-12592,-6952,7532,-436,197,-75,0
3240.053400993347,6840,7732,11684,-209,-148,109,5988,-8484,11408,-70,91,-297,-12544,4164,8040,-963,167,-135,-12312,-6868,7660,-425,224,-92,0
3240.089570045471,6560,7744,11772,-193,-152,90,5952,-8588,11352,-52,124,-291,-12456,4208,7872,-993,180,-143,-12592,-6980,7428,-418,257,-100,0
3240.125422000885,6760,7752,11780,-222,-131,71,6004,-8624,11376,-56,117,-286,-12604,4136,7704,-974,116,-134,-12764,-6768,7544,-432,212,-102,0
3240.161194086075,6828,7724,12008,-219,-148,43,6004,-8836,11292,-62,189,-249,-12292,4204,7776,-1000,72,-127,-12740,-6764,7616,-483,194,-148,0
3240.1971859931946,6696,7640,11876,-225,-108,76,6116,-8668,11436,9,144,-220,-12584,4188,7804,-1007,72,-119,-12652,-7004,7612,-484,151,-143,0
3240.232227087021,6912,7704,11896,-138,-102,88,6036,-8520,11348,-43,151,-186,-12544,4228,7456,-1058,126,-68,-12768,-6812,7656,-505,120,-133,0
3240.268420934677,6852,7592,11676,-150,-25,99,5988,-8640,11284,-30,124,-142,-12572,4216,7664,-1041,142,-66,-12632,-6708,7524,-259,135,-76,0
3240.3038599491124,6836,7640,11752,-173,-26,146,6072,-8688,11336,-21,111,-121,-12512,4316,7652,-1275,96,233,-12688,-6696,7584,-502,113,-88,0
3240.3396849632263,6732,7688,11660,-183,-28,164,6096,-8720,11472,252,126,-92,-12748,4272,7928,-1035,118,-22,-12732,-7052,7292,-500,70,-109,0
3240.3749611377716,6776,7720,11828,-183,-20,97,5988,-8680,11292,-46,181,-116,-12748,4228,7792,-995,39,-52,-12352,-6836,7672,-472,107,-140,0
3240.411276102066,6684,7640,11804,-184,-31,68,5704,-8688,11712,-30,179,-161,-12524,4072,7936,-983,9,-123,-12684,-7004,7612,-498,163,-145,0
3240.447126150131,6836,7804,11540,-177,-46,85,5904,-8612,11548,-14,150,-220,-12448,4252,7828,-1000,77,-119,-12504,-6836,7376,-485,233,-129,0
3240.481930971145,6716,7532,11816,-204,-125,62,6024,-8604,11536,-28,150,-257,-12536,4160,7904,-1019,98,-122,-12756,-7124,7328,-463,225,-135,0
3240.518507003784,6800,7812,11692,-161,-163,75,5952,-8628,11516,-13,153,-3,-12528,4200,7804,-967,108,-130,-13052,-6680,7656,-458,201,-86,0
3240.5520911216736,6832,7684,11836,-206,-76,104,6072,-8572,11460,-62,149,-218,-12564,4172,7720,-1008,100,-120,-12628,-6872,7600,-470,173,-94,0
3240.585772037506,6744,7464,11548,-231,-50,121,6044,-8536,11440,-17,114,-151,-12568,4276,7864,-1014,117,-80,-12652,-6792,7392,-489,114,-82,0
3240.6195471286774,6760,7672,11724,-169,-21,139,5948,-8564,11372,-28,169,-90,-12600,4244,7876,-1017,109,238,-12636,-7148,7560,-497,93,-110,0
3240.6529099941254,6716,7428,11644,-186,-26,125,6060,-8596,11744,-17,181,-145,-12504,4260,7836,-1043,98,-9,-12644,-6840,7460,-764,104,-110,0
3240.6865680217743,6872,7440,11904,-169,-48,107,5956,-8884,11464,14,163,-158,-12520,4256,7888,-1027,65,-67,-12620,-7112,7636,-259,141,-116,0
3240.720051050186,6736,7920,11844,-153,-58,132,6028,-8652,11484,-23,144,-175,-12772,4316,7428,-1029,116,-80,-12608,-6844,7604,-518,164,-87,0
3240.7537219524384,6668,7648,11900,-163,-100,115,5988,-8560,11408,253,103,-152,-12484,4184,7900,-1276,151,-113,-12616,-6980,7428,-522,179,-98,0
3240.7875549793243,6792,7604,11780,-149,-131,138,6068,-8676,11732,8,123,-170,-12508,4232,7836,-1027,130,-88,-12608,-6720,7476,-501,158,-127,0
3240.8210899829865,6860,7560,11992,-148,-134,111,6136,-8560,11432,-16,126,-193,-12504,4140,7884,-1012,99,-54,-12912,-6896,7544,-471,144,-120,0
3240.854609966278,6800,7680,11788,-174,-75,88,6096,-8572,11604,-24,156,-169,-12632,4284,7472,-1010,70,-30,-12660,-6860,7640,-469,121,-109,0
3240.888090133667,6824,7464,11956,-191,-123,98,5928,-8688,11376,41,197,-151,-12640,4240,7852,-1072,32,-97,-12636,-6836,7552,-543,112,-193,0
3240.921546936035,6720,7712,11724,-169,-62,89,6040,-8564,11436,40,145,-151,-12556,4180,7772,-1078,54,-75,-12608,-6924,7560,-568,108,-183,0
3240.955416917801,6716,7804,11640,-85,-32,61,5984,-8496,11468,-254,196,-141,-12504,4108,7816,-1066,16,-29,-12644,-7000,7508,-487,70,-179,0
3240.9889509677887,6792,7688,11780,-187,-255,42,6012,-8548,11516,10,205,-144,-12500,4116,7848,-972,58,-40,-12652,-6804,7472,-461,153,-145,0
3241.0224709510803,6676,7732,11824,-204,-86,108,5972,-8600,11592,-4,162,-170,-12332,4244,7736,-1022,77,-90,-12668,-7048,7504,-466,169,-117,0
3241.05601811409,6744,7760,11760,-174,-101,163,5968,-8552,11636,-42,131,-163,-12404,4252,7932,-1000,140,-70,-12600,-6972,7564,-492,128,-95,0
3241.089767932892,6448,7768,11788,-206,-82,143,5956,-8520,11416,-68,125,-142,-12444,4252,7928,-997,132,-63,-12616,-6840,7612,-765,109,-116,0
3241.1232240200043,6724,7448,11636,-188,-68,122,5916,-8532,11360,-55,100,-165,-12464,4180,7940,-996,106,-49,-12304,-6916,7568,-467,140,-90,0
3241.15665602684,6804,7476,11896,-171,-104,147,5988,-8556,11504,-15,104,-172,-12600,4272,7636,-1052,141,-39,-12680,-6844,7356,-477,158,-106,0
3241.1901030540466,6812,7788,11560,-191,-48,140,6012,-8544,11412,-19,125,-181,-12504,4172,7788,-1004,74,-37,-12664,-6920,7480,-509,166,-111,0
3241.2236869335175,6832,7752,11820,-137,-123,128,5976,-8628,11516,-50,135,-219,-12628,4180,7900,-989,56,-102,-12668,-6920,7492,-501,176,-151,0
3241.257411003113,6864,7612,11692,-161,-117,79,5968,-8636,11560,-17,145,-224,-12656,4316,7816,-996,120,-113,-12592,-6840,7280,-456,151,-121,0
3241.2911400794983,6856,7612,11760,-175,-82,63,6048,-8660,11396,-1,155,-197,-12360,4228,7788,-1272,66,-79,-12664,-6852,7428,-458,161,-96,0
3241.3243510723114,6508,7696,11940,-196,-99,72,6076,-8548,11680,18,174,-192,-12576,4284,7768,-1278,37,-48,-12296,-7136,7876,-488,157,-178,0
3241.357819080353,6860,7588,11552,-192,-126,67,6004,-8728,11372,12,188,-158,-12532,4304,7880,-1013,45,-89,-12508,-6948,7596,-501,158,-149,0
3241.3907260894775,6668,7712,11844,-174,-70,80,5916,-8576,11436,-3,169,-169,-12444,4264,7892,-992,41,-92,-12592,-6844,7512,-482,174,-142,0
3241.4243171215057,6672,7692,11864,-222,-129,128,5868,-8632,11544,-15,127,-192,-12456,4184,7696,-1005,115,-104,-12528,-6720,7504,-497,147,-106,0
3241.457932949066,6724,7800,11724,-188,-93,142,5808,-8556,11352,-11,121,-161,-12460,4144,7844,-1027,97,-60,-12648,-6956,7484,-500,133,-110,0
3241.4914979934692,6824,7816,11804,-167,-55,141,5964,-8592,11376,-7,113,-144,-12592,4140,8016,-1043,121,-54,-12572,-6916,7536,-524,138,-104,0
3241.524724006653,6684,7684,11644,-156,-59,138,5976,-8492,11712,-11,130,-155,-12568,4080,7976,-1047,112,-72,-12696,-6900,7468,-497,143,-84,0
3241.5611820220947,6760,7816,11780,-183,-50,147,6056,-8592,11688,-48,112,-173,-12576,4196,7780,-1002,134,-71,-12696,-6948,7488,-465,130,-114,0
3241.5962369441986,6848,7724,11792,-167,-43,124,5980,-8476,11584,-63,142,-174,-12588,4140,7800,-991,114,-81,-12696,-6692,7536,-473,114,-124,0
3241.6321771144867,6812,7916,11812,-201,6,88,6108,-8628,11488,253,175,-136,-12572,4112,7808,-1042,88,-41,-12652,-6968,7376,-467,149,-89,0
3241.6685700416565,6732,7756,11792,-224,-68,102,5960,-8508,11372,-19,198,-172,-12472,4112,7816,-979,108,-61,-12640,-6992,7500,-441,120,-138,0
3241.7037580013275,6804,7484,11928,-232,-69,63,5936,-8636,11508,-84,200,-200,-12516,4120,7700,-943,70,-74,-12596,-6888,7480,-417,135,-146,0
3241.739398956299,6732,7664,11960,-198,243,24,5952,-8644,11416,-55,216,-195,-12332,4284,7876,-997,59,-60,-12312,-7132,7724,-457,128,-198,0
3241.7747030258174,6812,7596,11612,-190,34,18,5912,-8436,11128,-37,174,-150,-12536,4144,7868,-1046,65,-54,-12344,-6960,7536,-452,123,-170,0
3241.8108119964604,6748,7824,11976,-193,71,65,5976,-8620,11452,-46,140,-99,-12440,4204,7756,-982,76,25,-12616,-6972,7568,-490,88,-161,0
3241.852303981781,6708,7764,11788,-177,50,67,5928,-8672,11564,-90,163,-136,-12328,4340,7848,-989,97,-68,-12608,-6868,7528,-473,146,-158,0
3241.8882579803467,6748,7784,11864,-160,-6,94,6004,-8588,11316,-82,140,-188,-12448,4260,7840,-963,43,-108,-12608,-6720,7432,-456,189,-136,0
3241.9233379364014,6792,7760,12004,-175,-52,74,5936,-8580,11316,-126,143,-217,-12540,4344,7892,-994,88,-66,-12716,-7008,7384,-465,208,-133,0
3241.9588720798492,6736,7880,11540,-173,-75,54,6008,-8576,11504,-127,169,-215,-12508,4172,7816,-999,98,-114,-12684,-6908,7536,-472,169,-168,0
3241.994081020355,6816,7476,11680,-189,-29,33,5980,-8496,11360,-94,196,-187,-12440,4176,7912,-1019,55,-69,-12696,-6864,7388,-479,164,-177,0
3242.02983212471,6656,7928,11972,-169,255,48,5976,-8544,11572,-84,187,-176,-12448,4156,7824,-990,6,-49,-12604,-6892,7480,-439,161,-142,0
3242.0649449825287,6900,7428,11800,-182,15,86,5928,-8760,11464,-97,143,-151,-12464,4164,7728,-1278,42,-14,-12580,-6896,7440,-461,162,-128,0
3242.100711107254,6724,7784,11608,-184,-244,101,5980,-8592,11556,-105,209,-144,-12444,4256,7696,-972,37,-31,-12508,-6988,7496,-453,142,-134,0
3242.1359689235687,6476,7732,11904,-191,-57,99,5820,-8664,11764,-98,171,-164,-12532,4236,8116,-803,-144,-12,-12584,-7116,7672,-465,164,-117,0
3242.17138004303,6616,7792,11572,-171,-26,126,5748,-8660,11524,-91,221,-141,-12436,4224,7932,-1264,18,-49,-12788,-6940,7524,-480,116,-106,0
3242.2078981399536,6596,7708,11868,-185,254,111,5968,-8728,11420,-60,262,-142,-12568,4220,7800,-997,77,-44,-12600,-6948,7520,-521,136,-147,0
3242.241506099701,6448,7752,11860,-185,-62,83,6108,-8680,11284,246,149,-206,-12492,4440,7764,-1079,202,-66,-12688,-6968,7624,-471,171,-85,0
3242.274989128113,6784,7800,11816,-223,-90,120,5804,-8552,11392,7,171,-2,-12448,4228,8160,-1268,157,-154,-12548,-6996,7556,-448,184,-57,0
3242.308689117432,6676,7848,11868,-196,-177,162,6092,-8752,11476,-6,157,-243,-12304,4208,8020,-960,83,-181,-12576,-6896,7488,-457,220,-19,0
3242.342204093933,6708,7788,11964,-256,-202,172,5820,-8548,11528,-256,91,-236,-12508,4220,7884,-1021,138,-135,-12660,-6676,7572,-476,203,-46,0
3242.37549495697,6720,7856,11796,-242,-218,186,5972,-8668,11580,40,96,-230,-12464,4172,7848,-1040,218,-112,-12776,-6924,7524,-492,210,-38,0
3242.409106016159,6660,7732,11852,-215,-239,205,5872,-8632,11568,66,84,-252,-12452,4244,8052,-984,197,-162,-12688,-6684,7604,-471,239,-43,0
3242.442743062973,6772,7728,11876,-259,-231,193,6064,-8576,11472,65,109,-282,-12544,4260,7784,-978,179,-134,-12752,-6824,7684,-486,206,11,0
3242.476124048233,6792,7512,11976,-261,-190,233,5968,-8536,11424,20,156,-185,-12512,4080,7724,-977,164,-92,-12756,-6832,7492,-459,125,-8,0
3242.5099799633026,6716,7432,11640,-278,-174,201,5996,-8724,11416,52,115,-151,-12528,4172,8044,-1276,166,-80,-12644,-6968,7168,-461,142,-45,0
3242.5435869693756,6760,7732,11788,-278,-219,216,6116,-8692,11760,70,92,-197,-12492,4268,7804,-1036,194,-88,-12576,-6852,7452,-465,197,-17,0
3242.5772240161896,6876,7696,11896,-230,-233,211,6032,-8684,11528,77,29,-234,-12492,4204,7896,-1007,187,-131,-12588,-7116,7664,-491,205,255,0
3242.6108050346375,6812,7720,11756,-241,-236,236,6000,-8456,11416,102,44,-256,-12436,4208,7952,-1018,209,-167,-12656,-6780,7408,-482,238,-45,0
3242.6442370414734,6924,7584,11644,-220,-236,190,5884,-8576,11336,35,53,-250,-12584,4120,7760,-1023,210,-166,-12608,-6876,7464,-468,197,-60,0
3242.6776471138005,6884,7552,11640,-248,-199,143,5984,-8536,11484,51,53,-511,-12552,4124,7752,-1033,197,-100,-12660,-6836,7568,-465,214,-95,0
3242.7111120224,6880,7596,11700,-251,-179,124,6052,-8628,11300,85,112,-233,-12608,4204,8116,-1042,117,-114,-12712,-6896,7608,-472,241,-99,0
3242.744750022888,6788,7696,11948,-240,-160,122,5948,-8564,11516,25,137,-227,-12792,4232,7724,-1026,107,-149,-12720,-6924,7520,-461,196,-116,0
3242.7780370712285,6748,7604,11708,-213,-141,150,6012,-8532,11392,7,116,-216,-12536,4260,8044,-1060,160,-116,-12624,-6840,7596,-475,160,-114,0
3242.8114199638367,6852,7620,11820,-218,-133,138,5664,-8524,11420,-32,103,-186,-12320,4152,7768,-1076,173,-58,-12692,-7020,7480,-473,132,-97,0
3242.8448691368103,6804,7624,11848,-164,-54,117,5880,-8540,11444,-42,93,-180,-12552,4156,7796,-1047,118,-16,-12728,-6712,7428,-491,139,-151,0
3242.8783509731293,6940,7672,11684,-117,-15,90,5972,-8468,11480,-34,115,-155,-12540,4152,7932,-998,38,-50,-12652,-6772,7468,-523,99,-175,0
3242.911399126053,6876,7612,12008,-86,49,48,6040,-8600,11476,-75,180,-109,-12532,4220,7764,-1045,59,-33,-12660,-6764,7468,-480,123,-188,0
3242.944916009903,6824,7584,11904,-160,255,71,5988,-8492,11592,-27,165,-167,-12528,4104,7956,-1005,74,-76,-12708,-6936,7548,-468,177,-118,0
3242.978268146515,6828,7704,11896,-161,-28,108,6028,-8528,11584,-79,156,-195,-12512,4148,7772,-990,91,-54,-12660,-6856,7552,-509,168,-136,0
3243.0119330883026,6816,7592,11936,-155,-104,60,5980,-8628,11636,-82,181,-171,-12500,4112,7944,-1044,66,-103,-12572,-6796,7456,-466,184,-129,0
3243.0454580783844,6748,7804,11868,-216,-112,77,5988,-8836,11736,-16,161,-204,-12488,4212,7968,-1018,79,-104,-12600,-6948,7564,-475,164,-108,0
3243.079061985016,6712,7696,11808,-181,-75,113,5968,-8460,11320,-91,144,-151,-12484,4224,7888,-1003,118,-62,-12512,-6832,7348,-470,161,-120,0
3243.1125659942627,6780,7556,11756,-162,-13,82,5896,-8656,11520,-73,112,-183,-12480,4160,7924,-989,145,-29,-12600,-6836,7180,-481,140,-92,0
3243.1458890438084,6832,7584,11836,-132,-20,97,5984,-8512,11416,-53,148,-164,-12524,4144,7676,-979,110,-48,-12616,-6880,7444,-491,123,-102,0
3243.179398059845,6796,7684,11780,-189,4,110,6096,-8596,11692,-48,138,-135,-12532,4088,7776,-770,128,-41,-12640,-6944,7528,-452,129,-114,0
3243.2128200531006,6672,7888,11960,-186,-47,124,6004,-8596,11476,-68,159,-180,-12448,4208,7768,-1006,111,-67,-12584,-6840,7464,-509,144,-109,0
3243.2494349479675,6848,7700,11600,-143,-49,87,5996,-8540,11452,-96,108,-192,-12308,3864,7928,-990,103,-57,-12652,-6660,7672,-508,135,-151,0
3243.285611152649,7128,7472,11944,-167,-66,112,5996,-8528,11424,-8,142,-154,-12604,4096,7780,-1019,75,-59,-12600,-6844,7612,-474,151,-139,0
3243.3215429782867,6852,7644,11924,-207,-57,108,6108,-8524,11492,-46,151,-166,-12508,4260,7784,-1038,71,-81,-12668,-6856,7648,-462,153,-97,0
3243.357689142227,6868,7648,11908,-210,-66,107,5980,-8624,11484,-30,175,-165,-12532,4260,7724,-989,125,-67,-12652,-7104,7528,-455,129,-135,0
3243.3924310207367,6856,7660,11948,-217,5,78,5940,-8544,11652,-56,167,-159,-12556,4180,7936,-1023,95,-62,-12724,-6880,7500,-480,149,-126,0
3243.428358078003,6752,7640,11680,-197,-30,86,5940,-8592,11428,-30,167,-156,-12452,4216,8048,-1029,117,-9,-12672,-6848,7548,-500,138,-119,0
3243.4633769989014,6828,7720,12024,-164,-21,117,5876,-8392,11392,-100,140,-164,-12504,4172,7792,-1009,93,-61,-12604,-6988,7360,-468,99,-130,0
3243.499216079712,6892,7704,11832,-146,-16,86,5940,-8608,11468,-122,164,-143,-12604,4120,7928,-970,45,-15,-12704,-6808,7636,-500,72,-151,0
3243.534275054932,6784,7580,11900,-193,23,71,5952,-8600,11672,-54,156,-134,-12580,4108,7788,-1016,85,-54,-12608,-6844,7376,-496,136,-139,0
3243.5694789886475,6724,7716,11740,-144,20,109,5968,-8516,11124,-10,148,-164,-12520,4032,7752,-1020,86,-14,-12608,-6864,7448,-487,106,-155,0
3243.60551905632,6808,7908,11552,-152,-12,27,6048,-8580,11468,-64,182,-155,-12516,4188,7904,-996,67,-106,-12720,-6848,7596,-493,120,-155,0
3243.6407170295715,6768,7656,11580,-173,3,84,6020,-8540,11508,-89,170,-179,-12364,4196,8188,-1011,46,-20,-12568,-6912,7440,-482,99,-135,0
3243.6761651039124,6812,7436,11896,-159,10,95,5780,-8576,11772,-49,138,-123,-12484,3980,7832,-1039,54,-16,-12776,-6856,7556,-484,116,-132,0
3243.7118771076202,6712,7756,11704,-177,-2,76,5964,-8632,11436,-86,146,-137,-12436,4324,7892,-1015,51,-63,-12644,-7084,7464,-503,76,-191,0
3243.7480540275574,6724,7648,11960,-162,24,38,5708,-8532,11740,-80,200,-170,-12484,4268,7816,-1004,26,-7,-12556,-6956,7424,-489,59,-184,0
3243.7834229469295,6788,7680,11716,-176,26,24,5912,-8604,11592,-82,178,-156,-12512,4216,7852,-1013,68,-70,-12756,-6856,7640,-484,133,-168,0
3243.8192839622498,6676,7608,11980,-167,47,46,5848,-8484,11428,-41,174,-184,-12384,4132,7800,-1073,91,-27,-12636,-6892,7468,-465,113,-178,0
3243.85458612442,6796,7656,11852,-171,8,61,6052,-8688,11744,-123,143,-188,-12496,4224,7756,-1277,122,-72,-12676,-6840,7484,-502,162,-135,0
3243.8910541534424,6744,7620,11760,-179,-32,83,6008,-8576,11420,-54,147,-168,-12496,4200,7856,-1056,154,-22,-12676,-7104,7668,-484,140,-146,0
3243.92426609993,6756,7432,11892,-200,-19,101,5904,-8544,11496,-28,172,-169,-12768,4160,7780,-1046,105,-80,-12752,-6872,7240,-484,162,-130,0
3243.9578819274902,6712,7616,11784,-201,-74,108,5868,-8608,11552,-65,151,-177,-12456,4196,7824,-1275,82,-70,-12636,-6916,7568,-478,158,-132,0
3243.9914231300354,6704,7764,11776,-202,-47,94,6012,-8620,11392,-37,189,-172,-12472,4252,7784,-1006,21,-50,-12596,-6808,7728,-474,95,-132,0
3244.024929046631,6688,7680,11840,-173,-28,77,5888,-8628,11492,-8,192,-145,-12424,4276,7892,-1034,96,-40,-12644,-6876,7396,-482,104,-113,0
3244.0584950447083,6592,7628,11828,-203,-96,127,5784,-8688,11612,38,139,-191,-12420,4196,7772,-1008,113,-95,-12604,-7032,7456,-472,185,-81,0
3244.091875076294,6596,7688,11936,-216,-170,173,5880,-8692,11636,8,90,-214,-12348,4224,7928,-998,172,-115,-12568,-6784,7652,-477,231,-32,0
3244.1264629364014,6640,7708,11908,-192,-217,207,5688,-8696,11452,-23,44,-267,-12372,4300,8008,-1008,202,-160,-12600,-6848,7520,-501,250,-55,0
3244.1597061157227,6660,7580,11832,-190,-251,216,5868,-8604,11504,15,40,-256,-12580,4208,7852,-983,215,-162,-12544,-6888,7476,-494,212,-23,0
3244.1931049823766,6748,7608,11748,-223,-511,206,5932,-8652,11432,11,73,-233,-12772,4152,7936,-983,163,-156,-12636,-6936,7468,-471,206,-70,0
3244.226871967316,6744,7620,11868,-235,-190,186,6072,-8656,11680,31,92,-232,-12608,4112,7712,-1009,173,-86,-12628,-6908,7480,-486,162,-54,0
3244.2601780891414,6900,7652,11772,-242,-138,151,6008,-8528,11544,36,112,-223,-12796,4232,7808,-1007,131,-92,-12772,-6784,7292,-462,158,-101,0
3244.2938349246974,6896,7552,11548,-209,-98,118,6348,-8640,11428,8,120,-195,-12648,4176,7424,-1019,134,-94,-12772,-6820,7532,-511,117,-141,0
3244.3274190425873,6868,7576,11660,-195,-69,105,6000,-8504,11268,4,193,-154,-12640,4132,7524,-1280,36,-76,-12736,-6828,7468,-505,94,-157,0
3244.3610179424286,6820,7644,11788,-192,-28,87,6032,-8540,11404,-6,211,-157,-12472,4104,7780,-995,19,-40,-12580,-6896,7484,-471,151,-147,0
3244.394264936447,6848,7584,12000,-242,-58,92,5908,-8540,11520,5,196,-140,-12416,4188,7848,-1011,88,-72,-12656,-6824,7520,-465,158,-106,0
3244.427822113037,6800,7648,12024,-176,-67,151,5952,-8624,11596,-32,124,-168,-12692,4176,7740,-1030,125,-79,-12560,-6796,7512,-495,110,-109,0
3244.461246967316,6876,7676,11828,-171,-45,142,6104,-8476,11724,-34,103,-179,-12408,4136,7840,-1044,126,-46,-12500,-6860,7320,-495,145,-87,0
3244.494476079941,6692,7716,11860,-164,-59,136,5888,-8536,11432,-55,84,-167,-12484,4160,7868,-1003,146,-68,-12560,-6940,7480,-485,103,-86,0
3244.528090953827,6608,7672,11856,-119,-74,95,6076,-8540,11492,-106,121,-195,-12580,4116,7848,-1004,117,-20,-12512,-6908,7464,-510,146,-161,0
3244.561772108078,6736,7528,11624,-172,-8,74,5956,-8580,11304,-51,142,-180,-12636,4196,7736,-1007,12,-39,-12568,-6792,7432,-490,117,-130,0
3244.5954871177673,6848,7668,11772,-165,-17,82,5916,-8548,11528,-69,133,-150,-12452,4076,7840,-984,119,-48,-12568,-6804,7236,-477,93,-125,0
3244.629051923752,6856,7612,11876,-169,6,93,5672,-8516,11412,-79,167,-143,-12528,4152,7892,-994,108,-75,-12576,-6868,7560,-480,112,-156,0
3244.6623980998993,6784,7640,11728,-179,-29,99,5992,-8612,11524,-89,116,-162,-12524,4156,7888,-969,116,-33,-12564,-6848,7528,-465,127,-131,0
3244.695985078812,6696,7612,11916,-141,-62,101,6016,-8636,11284,-36,122,-222,-12492,4240,7796,-1002,77,-68,-12576,-6952,7516,-484,196,-131,0
3244.729709148407,6752,7572,11704,-178,-45,108,5856,-8588,11376,-33,150,-197,-12400,4148,7796,-1011,90,-92,-12636,-6944,7608,-498,171,-159,0
3244.7635481357574,6884,7640,11992,-143,-96,67,5912,-8532,11428,-90,154,-195,-12448,4176,7876,-987,88,-98,-12600,-6792,7516,-477,146,-177,0
3244.7971420288086,6792,7624,11672,-156,33,65,5968,-8464,11576,-59,182,-163,-12408,4268,7700,-1276,100,-64,-12600,-6908,7628,-492,74,-129,0
3244.830768108368,6716,7584,11740,-173,57,51,5912,-8656,11600,-44,157,-139,-12580,4212,7828,-1010,82,-50,-12568,-6900,7308,-502,112,-164,0
3244.864450931549,6672,7668,11888,-143,11,85,5972,-8560,11568,-40,158,-147,-12532,4172,7640,-856,-29,-54,-12580,-6856,7436,-502,127,-167,0
3244.897906064987,6624,7688,11980,-156,-31,83,5916,-8640,11396,-100,96,-205,-12368,4108,7868,-1070,125,-35,-12728,-6960,7552,-530,166,-164,0
3244.934611082077,6832,7684,11800,-164,-53,63,5876,-8616,11396,-112,45,-179,-12464,4112,7620,-963,233,-121,-12560,-6812,7504,-461,111,-124,0
3244.9706339836125,6820,7732,11916,-171,-51,82,5952,-8644,11772,-93,200,-219,-12552,4180,7700,-1023,92,-29,-12756,-6900,7480,-478,152,-129,0
3245.0061640739445,6648,7684,11836,-169,-38,80,5964,-8692,11536,-71,173,-179,-12572,4232,7848,-777,41,-57,-12540,-6916,7424,-486,146,-147,0
3245.041799068451,6744,7676,11900,-168,-256,90,6124,-8640,11704,-62,168,-169,-12452,4132,8028,-1013,83,-40,-12648,-6920,7584,-485,113,-147,0
3245.0777671337128,6628,7564,11860,-191,5,71,5732,-8616,11552,-86,190,-174,-12464,4260,7844,-997,88,-42,-12652,-6904,7452,-463,131,-122,0
3245.112528085708,6676,7644,11788,-196,-28,104,6128,-8680,11360,-59,182,-177,-12624,4292,7928,-957,99,-60,-12680,-6828,7552,-482,123,-99,0
3245.148190021515,6580,7552,11932,-195,-11,95,6120,-8544,11628,2,152,-161,-12460,4216,8004,-1038,76,-75,-12472,-7152,7724,-764,162,-109,0
3245.183485031128,6656,7760,11632,-203,-43,117,5916,-8568,11424,42,141,-163,-12460,4148,7956,-1000,138,-82,-12552,-7028,7644,-475,127,-72,0
3245.2192790508266,6440,7876,12096,-180,-151,132,5804,-8632,11448,-52,123,-186,-12504,4204,7852,-978,165,-71,-12580,-6936,7544,-491,173,-79,0
3245.2549929618835,6540,7620,11976,-209,-145,139,5944,-8648,11428,-25,105,-507,-12464,4348,7836,-967,140,-146,-12580,-6824,7576,-493,199,-45,0
3245.2904059886932,6700,7580,11940,-185,-168,194,5860,-8896,11416,-29,78,-196,-12524,4224,7824,-982,148,-88,-12656,-6976,7624,-473,185,-26,0
3245.3261930942535,6736,7728,11932,-245,-193,198,5876,-8604,11556,12,83,-171,-12460,4220,7936,-1040,210,-95,-12672,-6864,7640,-500,178,-49,0
3245.3617799282074,6788,7444,11916,-260,-201,195,5860,-8608,11500,30,68,-213,-12540,4204,7904,-995,175,-117,-12552,-6808,7460,-491,178,-22,0
3245.3976440429688,6676,7744,11892,-225,-199,184,6124,-8548,11552,53,118,-228,-12772,4336,7776,-1020,128,-97,-12544,-6880,7392,-481,237,-34,0
3245.4328060150146,6756,7664,11852,-205,-255,208,5996,-8524,11652,97,96,-260,-12520,4216,7792,-1045,216,-134,-12572,-6824,7464,-261,215,-30,0
3245.4676311016083,6780,7696,12044,-210,-262,208,6004,-8548,11424,34,57,-251,-12508,4132,7828,-1049,233,-133,-12656,-6956,7496,-468,209,-30,0
3245.50372505188,6812,7580,11776,-244,-231,208,6020,-8624,11332,61,76,-237,-12464,4236,7928,-973,217,-148,-12568,-6820,7420,-427,196,-60,0
3245.5393121242523,6688,7588,11836,-239,-210,177,5976,-8580,11488,56,77,-219,-12572,4156,7848,-1002,141,-145,-12676,-6764,7560,-476,186,-64,0
3245.5758509635925,6836,7688,11572,-233,-223,188,6036,-8560,11428,65,102,-215,-12536,4080,7760,-1030,159,-127,-12532,-6824,7476,-452,189,-86,0
3245.6094410419464,6776,7700,11760,-1,-218,146,6100,-8568,11396,43,70,-252,-12464,4260,7868,-1008,164,-115,-12532,-6940,7588,-461,192,-40,0
3245.642809152603,6796,7552,11740,-248,-186,186,6136,-8568,11380,31,75,-236,-12516,4340,7740,-974,155,-118,-12696,-6884,7192,-496,190,-73,0
3245.676378965378,6752,7484,12008,-224,-190,180,5912,-8500,11664,40,78,-230,-12768,4180,8088,-1004,132,-92,-12636,-6904,7536,-489,172,-66,0
3245.7100789546967,6904,7536,11920,-222,-188,151,5936,-8428,11448,37,68,-208,-12736,4304,7816,-1005,167,-148,-12644,-6836,7480,-499,157,-88,0
3245.7436730861664,6796,7900,11884,-197,-155,153,5976,-8408,11460,-1,79,-227,-12488,4140,7716,-1008,163,-141,-12624,-6844,7388,-480,193,-59,0
3245.777396917343,6884,7564,11812,-204,-115,180,6032,-8496,11504,-29,80,-176,-12572,4340,7728,-994,137,-102,-12792,-6756,7660,-512,127,-82,0
3245.8111901283264,6928,7516,11772,-177,-63,96,6136,-8532,11416,-39,140,-181,-12620,4132,7620,-1034,90,-60,-12712,-6836,7300,-522,141,-148,0
3245.844732999801,6892,7608,11732,-148,-32,85,5992,-8484,11428,254,174,-160,-12588,4104,7820,-770,65,-53,-12752,-6884,7468,-491,103,-167,0
3245.878308057785,6856,7672,11924,-163,254,86,6056,-8468,11420,-63,178,-148,-12644,4100,7796,-1055,56,-39,-12752,-6872,7528,-484,111,-179,0
3245.9118371009827,6888,7500,11924,-169,-20,53,6008,-8592,11756,-60,189,-189,-12320,4276,7716,-1003,66,-85,-12636,-6900,7608,-486,140,-150,0
3245.945343017578,6896,7544,11520,-155,-13,78,6004,-8528,11544,-62,193,-156,-12572,4160,7828,-1000,69,-70,-12728,-6916,7364,-477,78,-127,0
3245.9786689281464,6824,7664,11948,-157,12,104,6056,-8536,11412,-58,165,-152,-12404,4232,7936,-1005,101,248,-12704,-6872,7576,-490,87,-160,0
3246.012187957764,6748,7588,11804,-182,6,66,5996,-8664,11356,-94,156,-162,-12572,4164,7904,-1000,67,-11,-12648,-6888,7608,-487,93,-148,0
3246.0457611083984,6764,7512,12000,-167,40,71,5860,-8576,11384,-99,188,-176,-12504,4228,7796,-1033,16,-56,-12580,-6884,7468,-524,127,-188,0
3246.0792989730835,6836,7504,11896,-88,45,44,5976,-8696,11464,-54,186,-153,-12576,4132,7756,-1017,48,-58,-12656,-6836,7528,-491,143,-145,0
3246.112931966781,6864,7660,11940,-175,22,56,5696,-8564,11700,-42,177,-170,-12300,4180,7696,-996,83,-45,-12608,-6712,7644,-502,122,-142,0
3246.1459851264954,6776,7628,11880,-138,12,95,5980,-8664,11548,-95,158,-159,-12320,4204,7652,-1012,85,-46,-12532,-6756,7400,-484,128,-134,0
3246.17986702919,6892,7520,11920,-180,-25,94,5948,-8560,11480,-88,126,-164,-12552,3944,7744,-997,77,-63,-12672,-6924,7468,-492,107,-142,0
3246.2135009765625,6848,7592,11744,-122,-6,71,5924,-8504,11492,-74,185,-140,-12640,4276,7844,-1015,61,-62,-12740,-6900,7592,-513,111,-173,0
3246.2471759319305,6836,7636,11752,-132,8,71,6060,-8508,11528,-55,178,-151,-12472,4116,7812,-1002,42,-43,-12572,-6876,7208,-520,99,-167,0
3246.2807099819183,6772,7892,11908,-184,-23,65,5920,-8680,11496,-90,166,-159,-12500,4176,7840,-769,74,-43,-12624,-6680,7652,-472,105,-161,0
3246.3143050670624,6728,7612,12004,-172,-15,85,5952,-8528,11404,-118,183,-148,-12460,4292,7852,-982,69,-18,-12564,-6888,7596,-493,114,-194,0
3246.3478109836574,6704,7668,12144,-156,-8,47,5796,-8600,11552,-66,161,-150,-12780,4168,7856,-1016,81,-22,-12600,-6884,7552,-498,94,-156,0
3246.3811819553375,6744,7640,11872,-121,-32,85,5656,-8644,11388,-55,123,-169,-12576,4144,7920,-1001,66,-81,-12580,-6968,7556,-484,131,-147,0
3246.414610147476,6760,7560,12028,-135,-69,78,6004,-8620,11472,-51,160,-174,-12384,4228,7832,-1007,84,-122,-12700,-6932,7528,-504,121,-171,0
3246.4481189250946,6724,7632,11612,-131,-40,64,6184,-8520,11344,-135,102,-70,-12540,4348,7692,-900,111,-5,-12608,-6736,7424,-485,90,-156,0
3246.48144698143,6640,7492,11736,-167,-16,59,5928,-8644,11564,-51,179,-172,-12308,4164,7772,-1033,24,-19,-12504,-6856,7452,-506,112,-148,0
3246.5151381492615,6732,7704,11652,-149,-60,102,5980,-8672,11488,-24,150,-179,-12304,4220,7748,-1017,68,-45,-12696,-6904,7452,-261,117,-150,0
3246.5486891269684,6756,7732,11832,-133,-85,83,5920,-8612,11588,-79,161,-174,-12492,4124,7804,-1036,40,-94,-12648,-6976,7692,-766,131,-154,0
3246.5817811489105,6736,7640,11744,-202,-43,79,5984,-8668,11576,-29,155,-182,-12484,4144,8424,-758,112,-37,-12568,-6876,7420,-768,156,-106,0
3246.6198451519012,6740,7632,12012,-214,-75,92,5636,-8696,11584,-48,126,-187,-12556,4224,7776,-1015,131,-29,-12576,-6964,7604,-762,135,-93,0
3246.6551270484924,6464,7864,11820,-201,-83,130,5980,-8616,11516,-27,108,-147,-12520,4188,7812,-1011,113,-64,-12548,-6944,7540,-490,102,-123,0
3246.690400123596,6900,7916,11812,-193,-67,124,5976,-8548,11432,-67,180,-165,-12440,4212,7868,-1001,86,-250,-12616,-6968,7516,-477,86,-126,0
3246.7259080410004,6620,7592,11944,-200,-38,89,6120,-8552,11428,-44,164,-145,-12532,4280,7912,-995,41,-102,-12636,-6876,7504,-261,130,-146,0
3246.761206150055,6656,7652,11904,-170,-49,85,5632,-8496,11412,5,161,-182,-12548,4140,7780,-1005,112,-48,-12600,-6900,7468,-493,173,-142,0
3246.7976589202885,6728,7720,11988,-164,-50,113,5960,-8608,11292,-43,114,-204,-12524,4168,7804,-1013,135,-66,-12560,-6948,7588,-468,170,-75,0
3246.8327779769897,6684,7744,11740,-182,-137,112,6036,-8640,11464,-49,114,-192,-12584,4212,7764,-995,155,-102,-12656,-6916,7488,-469,153,-115,0
3246.870918035507,6728,7624,11960,-182,-71,108,5940,-8580,11336,-58,136,-164,-12532,4128,8040,-1013,99,-93,-12616,-6864,7500,-516,120,-138,0
3246.9080469608307,6752,7600,11580,-165,-34,102,6004,-8644,11684,-38,162,-145,-12360,4188,7900,-1040,93,-39,-12596,-6884,7528,-482,104,-148,0
3246.94323015213,6824,7600,11980,-175,251,90,6140,-8656,11576,-31,158,-148,-12788,4252,8072,-1015,49,-255,-12788,-7156,7580,-506,96,-151,0
3246.9793760776524,6752,7528,11884,-162,26,68,6140,-8640,11400,248,216,-181,-12772,4304,8028,-1012,91,19,-12576,-6976,7612,-473,77,-129,0
3247.014337062836,6796,7692,12124,-177,26,100,5684,-8684,11404,-62,170,-134,-12528,4260,7860,-998,68,-69,-12560,-7168,7576,-469,158,-144,0
3247.0501511096954,6688,7676,11812,-163,-30,107,5992,-8580,11328,-27,144,-179,-12580,4212,7828,-1009,91,-40,-12512,-6992,7596,-487,145,-140,0
3247.085582971573,6676,7608,11692,-197,-45,103,5840,-8640,11388,-23,159,-191,-12480,4104,7816,-996,110,-55,-12328,-6736,7568,-471,158,-95,0
3247.121696949005,6668,7652,11892,-198,-78,99,6008,-8584,11436,-8,141,-207,-12468,4156,7880,-780,110,-103,-12580,-7000,7588,-455,162,-96,0
3247.157108068466,6724,7704,11976,-209,-42,114,5832,-8596,11388,-27,175,-177,-12540,4276,7880,-974,127,-27,-12588,-6948,7548,-484,121,-97,0
3247.1922760009766,6696,7668,12256,-228,-91,109,5856,-8732,11496,8,139,-179,-12488,4208,7712,-1022,94,-114,-12540,-7012,7468,-486,165,-56,0
3247.227564096451,6592,7764,11988,-185,-132,159,5932,-8636,11636,29,121,-184,-12492,4172,7908,-773,143,-131,-12596,-6924,7672,-517,130,-54,0
3247.2629709243774,6692,7756,11832,-163,-164,129,5916,-8532,11544,-27,105,-193,-12528,4220,8036,-1004,159,-96,-12556,-6848,7484,-491,178,-50,0
3247.2964510917664,6616,7716,11688,-259,-122,148,5832,-8900,11280,253,118,-234,-12488,4244,7840,-982,184,-131,-12604,-6872,7644,-451,173,-23,0
3247.329987049103,6732,7632,11812,-225,-176,170,5928,-8640,11396,11,82,-212,-12496,4236,7716,-974,161,-167,-12624,-6872,7640,-462,200,-16,0
3247.363727092743,6788,7628,11748,-237,-211,221,5968,-8516,11452,13,98,-203,-12580,4160,7732,-983,217,-105,-12604,-6860,7528,-467,154,-30,0
3247.397112131119,6412,7664,11836,-272,-142,188,6024,-8552,11508,10,98,-194,-12556,4156,7844,-979,180,-99,-12784,-6900,7504,-465,156,-4,0
3247.4305350780487,6668,7704,11976,-4,-170,186,5964,-8916,11508,34,116,-216,-12592,4028,7836,-977,151,-112,-12676,-6876,7488,-488,181,-28,0
3247.4641439914703,6764,7640,12040,-197,-176,174,5896,-8664,11768,73,110,-219,-12572,4120,7916,-1002,159,-165,-12572,-6816,7464,-506,212,-83,0
3247.497470140457,6776,7592,11808,-227,-215,175,5864,-8732,11348,69,85,-240,-12520,4268,7832,-787,190,-179,-12680,-6908,7388,-475,209,-66,0
3247.5311739444733,6776,7596,11848,-226,-14,181,5976,-8652,11480,51,91,-246,-12756,4212,7832,-980,174,-143,-12656,-6892,7392,-463,191,-75,0
3247.5647320747375,6820,7552,11804,-512,-206,179,5980,-8536,11740,51,61,-230,-12452,4212,7780,-1009,189,-104,-12720,-6860,7532,-451,192,-24,0
3247.597964048385,6708,7592,12020,-254,-215,182,5996,-8672,11768,50,102,-230,-12556,4216,7944,-973,192,-140,-12676,-6868,7560,-489,219,-33,0
3247.631483078003,6896,7584,11908,-240,-204,184,6012,-8628,11604,28,39,-232,-12792,4136,7836,-991,184,-144,-12696,-6900,7608,-472,170,-72,0
3247.664931058884,6780,7552,11744,-215,-194,175,5964,-8488,11280,35,64,-5,-12560,4224,7820,-979,167,-97,-12600,-6948,7436,-512,175,-45,0
3247.698189973831,6828,7544,11952,-230,-175,160,5972,-8500,11496,19,64,-196,-12500,4156,7728,-958,150,-84,-12672,-7128,7516,-505,212,-84,0
3247.7318539619446,6940,7556,11876,-195,-120,130,5988,-8568,11728,-6,79,-243,-12680,4236,7684,-986,118,-82,-12592,-6788,7424,-544,203,-98,0
3247.765461921692,6844,7528,11720,-131,-97,124,5992,-8588,11460,-256,117,-180,-12728,4140,7932,-998,96,-84,-12556,-6904,7452,-553,159,-150,0
3247.7987809181213,6748,7580,11780,-172,-23,84,5784,-8480,11368,-17,152,-207,-12600,3984,7740,-1010,82,-86,-12648,-7084,7656,-487,172,-131,0
3247.832030057907,6868,7616,11740,-183,-3,64,5900,-8532,11356,-59,147,-177,-12624,4152,7804,-995,50,-21,-12620,-6824,7232,-500,167,-121,0
3247.8656330108643,6692,7592,11928,-170,12,101,6124,-8608,11320,-60,159,-161,-12588,4212,7852,-1045,57,-13,-12684,-6788,7572,-523,92,-164,0
3247.8992750644684,6880,7608,11864,-148,33,68,6024,-8544,11552,-22,195,-127,-12560,4236,7720,-1072,29,-71,-12552,-6864,7448,-505,136,-168,0
3247.932867050171,6812,7684,11900,-182,27,82,5656,-8276,11668,-14,154,-137,-12308,3928,7952,-1043,64,-51,-12568,-7044,7552,-455,104,-179,0
3247.966467142105,6768,7596,11872,-132,3,75,5876,-8620,11352,-67,181,-128,-12436,4276,7928,-1025,57,247,-12584,-6916,7572,-500,190,-169,0
3247.999690055847,6660,7600,11860,-168,15,47,5948,-8620,11588,-25,168,-167,-12524,4248,7728,-989,57,-34,-12524,-6852,7512,-498,185,-143,0
3248.033257961273,6868,7540,11772,-139,36,102,5936,-8540,11552,-90,131,-129,-12400,4272,7856,-1271,71,-32,-12580,-6800,7560,-519,115,-144,0
3248.0668890476227,6840,7684,12068,-153,100,108,6024,-8628,11524,-53,161,-130,-12616,4220,7932,-1032,73,-32,-12568,-6932,7556,-467,136,-101,0
3248.100330114364,6820,7672,11840,-206,24,106,5876,-8564,11772,-44,133,-145,-12296,4196,7856,-981,86,-66,-12528,-6892,7452,-478,191,-84,0
3248.1337389945984,6796,7656,11956,-195,-83,124,5920,-8600,11508,-12,122,-217,-12624,4228,7868,-1274,121,-111,-12592,-6944,7632,-508,511,-55,0
3248.1671209335327,6912,7608,11736,-154,-64,136,6032,-8524,11496,-30,103,-238,-12500,4236,7832,-1026,150,-99,-12580,-6868,7552,-515,246,-106,0
3248.2004721164703,6736,7504,11820,-213,-44,92,5948,-8564,11440,-25,98,-212,-12768,4196,7680,-1008,136,-124,-12644,-6856,7372,-494,240,-106,0
3248.2339749336243,6744,7540,11844,-185,-54,122,5984,-8508,11424,-22,143,-225,-12468,4176,7788,-993,89,-86,-12632,-7108,7656,-476,188,-102,0
3248.2701759338374,6900,7532,11852,-209,-18,127,6020,-8568,11668,-30,150,-181,-12644,4180,7676,-1004,100,-63,-12752,-7052,7372,-480,146,-118,0
3248.3051519393925,6808,7484,11900,-191,-29,67,6092,-8620,11752,-21,132,-172,-12608,4236,7804,-1008,98,-55,-12580,-6828,7212,-512,165,-137,0
3248.3407480716705,6820,7580,11900,-168,-78,95,6004,-8484,11416,-21,158,-189,-12528,4332,7828,-1011,111,-113,-12548,-6880,7392,-490,167,-115,0
3248.3761019706726,6772,7528,11696,-210,-72,112,6024,-8540,11336,-67,135,-192,-12560,4168,7800,-1016,139,-66,-12672,-6948,7452,-458,159,-126,0
3248.4117341041565,6740,7544,11548,-185,-37,86,5908,-8588,11552,-37,149,-172,-12644,4320,7904,-1004,81,-71,-12528,-6776,7632,-504,98,-127,0
3248.4476931095123,6608,7620,11940,-173,-54,117,5936,-8496,11744,27,148,-172,-12444,4240,7876,-1268,96,-55,-12468,-6936,7488,-468,174,-100,0
3248.4826300144196,6772,7592,11840,-185,-45,107,5940,-8648,11396,-44,114,-198,-12492,4232,7828,-997,138,-81,-12764,-6884,7608,-495,150,-115,0
3248.5185720920563,6744,7596,11820,-167,-72,135,5956,-8548,11536,-46,88,-183,-12500,4176,7892,-957,108,-105,-12784,-6960,7508,-500,133,-79,0
3248.553899049759,6824,7612,11708,-162,-46,147,5992,-8576,11496,-32,114,-155,-12532,4308,7924,-987,120,-39,-12656,-7076,7428,-501,146,-105,0
3248.5899970531464,6788,7548,11792,-191,-39,123,6032,-8560,11768,-8,91,-189,-12676,4092,7760,-1032,140,-89,-12632,-7152,7560,-502,151,-136,0
3248.625381946564,6892,7608,11780,-189,-33,98,6008,-8524,11316,-53,108,-186,-12508,4244,7652,-971,78,-50,-12688,-6860,7416,-263,135,-188,0
3248.660521030426,6844,7624,11656,-179,-17,27,6032,-8660,11424,-51,217,-149,-12536,4188,7576,-998,34,234,-12692,-6864,7488,-471,93,-200,0
3248.6955370903015,6788,7508,11924,-200,83,39,6012,-8528,11384,-26,199,-173,-12296,4180,7772,-770,45,-8,-12496,-6832,7304,-479,109,-162,0
3248.731719970703,6664,7548,11968,-162,10,66,6040,-8576,11452,-50,162,-167,-12736,4192,7836,-1011,64,-68,-12776,-6664,7168,-471,131,-122,0
3248.767693042755,6748,7560,11952,-172,-11,99,6092,-8648,11556,-52,146,-151,-12656,4328,7776,-993,80,-50,-12600,-7168,7604,-514,156,-124,0
3248.802927017212,6680,7640,11940,-167,-79,118,5896,-8536,11272,-60,111,-181,-12588,4208,7676,-1000,107,-87,-12664,-7160,7424,-498,206,-79,0
3248.838671922684,6744,7492,11756,-154,-136,139,5940,-8516,11548,-37,78,-213,-12448,4172,7804,-1001,131,-168,-12680,-6848,7540,-505,166,-119,0
3248.874386072159,6616,7560,11948,-165,-121,107,5956,-8544,11368,-51,131,-194,-12460,4316,7856,-1017,76,-100,-12576,-6988,7528,-505,106,-130,0
3248.9106969833374,6696,7620,11928,-170,-101,81,5868,-8604,11424,-44,167,-191,-12464,4332,8100,-986,73,-109,-12592,-6692,7604,-452,104,-106,0
3248.9467351436615,6628,7668,11988,-188,-83,89,6080,-8548,11644,-26,147,-184,-12536,4276,7904,-995,124,-81,-12540,-6976,7396,-465,122,-114,0
3248.9802799224854,6796,7452,11876,-152,-128,122,6000,-8532,11548,-42,104,-212,-12400,3848,7924,-1001,87,-58,-12548,-6904,7416,-500,154,-117,0
3249.0135531425476,6712,7668,12136,-177,-138,128,6084,-8476,11308,-27,113,-252,-12520,4184,7716,-983,107,-131,-12688,-6876,7380,-494,149,-125,0
3249.047308921814,6904,7444,11952,-181,-197,95,6068,-8540,11332,-32,155,-224,-12508,4132,7780,-1021,78,-108,-12688,-6924,7508,-457,80,-136,0
3249.0807161331177,6852,7640,11796,-213,-92,86,6112,-8532,11532,-27,213,-192,-12568,4292,7788,-991,51,-60,-12728,-6916,7448,-455,84,-156,0
3249.1141550540924,6860,7892,11564,-210,-76,83,5972,-8492,11480,-57,176,-165,-12532,4248,7696,-999,81,-52,-12684,-6872,7408,-457,54,-148,0
3249.147654056549,6760,7580,11800,-160,-71,104,5812,-8628,11624,-26,129,-157,-12616,4244,7796,-771,105,-66,-12644,-6920,7448,-480,55,-111,0
3249.181111097336,6664,7932,11940,-138,-73,93,6120,-8504,11496,-34,119,-152,-12492,4236,7784,-1039,110,-43,-12592,-7040,7580,-488,55,-122,0
3249.2145030498505,6716,7556,11916,-187,-87,119,5980,-8500,11704,-42,137,-141,-12476,4216,7804,-1032,106,-33,-12560,-7136,7572,-496,37,-123,0
3249.248039960861,6832,7564,11876,-156,-138,150,5852,-8644,11472,-73,131,-172,-12540,4120,7748,-1050,83,-14,-12444,-6784,7552,-499,72,-121,0
3249.2815511226654,6424,7488,11808,-206,-105,128,5784,-8676,11348,-21,125,-156,-12456,4152,7892,-1063,123,-63,-12304,-6904,7552,-264,85,-113,0
3249.314957141876,6736,7568,11820,-137,-75,129,5984,-8544,11596,252,126,-150,-12584,4184,7800,-1056,77,-75,-12668,-6964,7220,-498,89,-150,0
3249.348487138748,6856,7524,12004,-160,-45,62,6032,-8636,11680,-14,185,-159,-12440,4200,7600,-1002,60,-71,-12716,-7160,7604,-497,86,-157,0
3249.3818850517273,6784,7664,11828,-231,-34,82,5944,-8480,11484,-12,201,-180,-12504,4220,7664,-991,50,-29,-12660,-6880,7464,-472,79,-141,0
3249.4155499935146,6804,7472,11960,-213,-116,141,5768,-8580,11304,-31,146,-151,-12292,4156,7860,-1016,93,-74,-12632,-6988,7448,-466,94,-104,0
3249.4491209983826,6756,7656,11736,-200,-108,165,5940,-8548,11656,-63,60,-169,-12504,4164,8128,-1006,140,-70,-12652,-6864,7412,-499,72,-110,0
3249.482754945755,6784,7592,11844,-156,-59,101,5968,-8200,11340,-88,117,-160,-12524,3912,7812,-985,112,-86,-12700,-6940,7544,-488,57,-137,0
3249.5159101486206,6768,7432,12004,-175,19,68,6088,-8592,11544,-43,180,-151,-12580,3844,7888,-991,73,-56,-12760,-6956,7388,-455,79,-150,0
3249.549217939377,6816,7628,11924,-204,-59,57,5960,-8524,11360,1,217,-184,-12324,4192,7772,-1008,56,-37,-12588,-6972,7596,-472,117,-132,0
3249.582767009735,6740,7572,11864,-174,-49,67,5932,-8580,11672,-23,210,-187,-12492,4180,7904,-1037,71,-91,-12600,-6964,7712,-446,108,-124,0
3249.616234064102,6736,7588,12024,-224,-66,80,5868,-8544,11608,-22,169,-168,-12492,4124,7904,-912,24,-79,-12652,-6960,7620,-426,113,-92,0
3249.6495490074158,6712,7564,12096,-202,-80,117,5880,-8712,11548,246,123,-189,-12456,4296,7740,-979,155,-112,-12528,-6900,7516,-455,172,-36,0
3249.6831591129303,6676,7648,11828,-239,-155,184,5824,-8668,11448,46,62,-208,-12372,4256,7892,-968,205,-148,-12484,-6988,7696,-477,199,-256,0
3249.7166011333466,6908,7900,11996,-179,-296,272,5668,-8520,11328,-39,253,-266,-12320,4124,7936,-959,266,-152,-12504,-7060,7608,-493,237,32,0
3249.7501161098485,6864,7672,11972,-207,-306,242,5656,-8484,11620,-18,-255,-300,-12444,4156,7744,-947,327,-199,-12636,-7152,7504,-465,238,15,0
3249.7836461067204,6768,7584,11920,-257,-277,216,5932,-8616,11448,61,255,-301,-12556,4256,7740,-972,225,-217,-12668,-7100,7632,-457,266,11,0
3249.817342042923,6832,7660,11872,-214,-287,214,6036,-8544,11476,97,55,-287,-12544,4260,7716,-983,174,-173,-12660,-6904,7516,-464,223,-4,0
3249.8510389328003,6908,7596,11776,-242,-290,217,6068,-8588,11396,104,-239,-266,-12516,4148,7836,-1035,244,-139,-12732,-6900,7528,-470,264,240,0
3249.8842899799347,6976,7604,11808,-302,-315,216,5940,-8508,11472,93,21,-279,-12600,4140,7744,-989,220,-191,-12568,-6944,7492,-459,245,5,0
3249.9178030490875,6980,7512,11804,-254,-272,246,6116,-8536,11516,87,254,-244,-12528,4200,7648,-971,269,-169,-12688,-6740,7616,-462,175,10,0
3249.9538900852203,7044,7672,11652,-242,-263,254,6008,-8492,11416,27,-7,-198,-12676,4080,7828,-1279,175,-49,-12684,-6844,7188,-497,120,-47,0
3249.9897780418396,6868,7440,11532,-181,-116,193,6372,-8380,11484,34,87,-155,-12588,4096,7464,-1081,140,-72,-12648,-6852,7432,-536,75,-156,0
3250.025519132614,6988,7508,11812,-140,11,94,6108,-8376,11568,-58,177,-120,-12640,4228,7608,-1064,67,18,-12820,-6760,7536,-766,15,-215,0
3250.061219930649,6924,7472,11812,-166,104,38,6068,-8540,11584,-7,231,-83,-12620,4192,7740,-1042,41,29,-12756,-6796,7468,-497,19,-219,0
3250.097137928009,6860,7500,11968,-215,88,84,5984,-8548,11516,-19,214,-94,-12544,4228,7800,-1006,62,-50,-12608,-7140,7496,-449,93,-139,0
3250.13224196434,6816,7648,11872,-188,249,121,5884,-8668,11584,-31,176,-156,-12304,4336,7900,-1015,79,-100,-12540,-6968,7600,-445,151,-147,0
3250.1673951148987,6788,7620,11752,-181,-112,83,5788,-8620,11616,-72,156,-218,-12448,4136,7752,-1009,40,-108,-12416,-7048,7496,-507,197,-161,0
3250.2034261226654,6620,7520,11884,-136,-93,61,5912,-8488,11336,-74,166,-233,-12484,4232,7840,-949,17,-110,-12580,-6840,7636,-462,202,-162,0
3250.2395429611206,6716,7536,11904,-210,-98,74,6140,-8460,11396,-12,176,-250,-12404,4356,7796,-1009,128,-162,-12784,-6812,7492,-472,211,-127,0
3250.2750129699707,7120,7524,12088,-152,-74,104,5968,-8444,11548,-25,148,-184,-12556,4224,7728,-999,109,-133,-12708,-6884,7528,-515,174,-107,0
3250.3111851215363,6852,7652,11876,-156,-71,115,6008,-8572,11612,-51,108,-158,-12296,4208,7808,-1005,121,-53,-12572,-6876,7368,-563,118,-73,0
3250.346015930176,6988,7592,11880,-120,-70,192,5992,-8568,11772,-31,51,-139,-12632,4308,7736,-1074,174,-101,-12756,-6596,7384,-571,146,-51,0
3250.3818249702454,6880,7476,11560,-135,-98,203,6108,-8480,11560,-5,38,-114,-12636,4212,7920,-1070,148,-13,-12720,-6920,7476,-583,110,-85,0
3250.4177410602574,6996,7576,11820,-141,-33,176,6120,-8484,11536,-31,132,-65,-12624,4348,7520,-1061,110,-10,-12580,-6904,7472,-553,50,-133,0
3250.4532680511475,6872,7532,11692,-158,24,130,5992,-8200,11324,-13,131,-78,-12764,4100,7712,-1280,85,8,-12676,-7000,7636,-498,70,-101,0
3250.488767147064,6944,7472,11852,-180,19,114,6028,-8556,11492,-31,168,-116,-12504,4172,7752,-979,78,-48,-12544,-6884,7444,-515,121,-146,0
3250.5246410369873,6856,7476,11816,-145,-66,84,5868,-8696,11600,-19,156,-201,-12532,4124,7720,-987,54,-111,-12784,-6760,7500,-496,177,-179,0
3250.5598890781403,6724,7504,11728,-191,-56,52,5924,-8404,11468,-72,166,-202,-12348,4128,7928,-972,97,-85,-12580,-6940,7560,-462,187,-145,0
3250.5950610637665,6864,7648,11732,-201,-52,34,5952,-8432,11548,-26,191,-216,-12484,4164,7696,-951,80,-74,-12552,-6856,7504,-478,159,-142,0
3250.6305360794067,6768,7616,11884,-172,-77,92,6108,-8560,11508,-39,142,-191,-12568,4168,7688,-1055,98,-97,-12644,-6932,7500,-517,191,-93,0
3250.663780927658,6940,7524,11756,-155,-94,115,6020,-8540,11592,3,87,-171,-12616,4100,7776,-1056,164,-44,-12636,-6960,7516,-547,125,-96,0
3250.6973860263824,6880,7588,11848,-114,-75,135,6056,-8388,11676,-70,114,-129,-12476,4164,7816,-991,132,-250,-12700,-6908,7460,-514,126,-81,0
3250.7311420440674,6852,7524,11580,-188,-27,116,5952,-8392,11604,-4,123,-150,-12600,4140,7740,-962,117,-51,-12620,-6812,7656,-500,160,-94,0
3250.76459813118,6856,7524,11796,-176,18,139,5972,-8588,11364,-15,148,-127,-12672,4264,7764,-1026,159,-78,-12740,-6952,7520,-259,75,-98,0
3250.798294067383,7116,7552,11956,-159,-6,148,5992,-8404,11616,-41,113,-99,-12648,4264,7572,-1040,68,240,-12640,-6972,7528,-496,49,-124,0
3250.831905126572,6748,7496,12028,-182,11,86,5964,-8448,11480,-31,170,-108,-12520,4224,7708,-1011,69,-42,-12524,-6904,7676,-508,79,-117,0
3250.865576028824,6760,7612,11780,-184,-17,93,5892,-8496,11468,7,166,-147,-12468,4136,7932,-986,62,-105,-12476,-6804,7512,-491,126,-140,0
3250.899302959442,6664,7468,11980,-153,-52,93,5988,-8516,11520,27,142,-196,-12504,4260,7900,-1000,81,-117,-12632,-6820,7456,-508,230,-133,0
3250.9328711032867,6776,7612,11616,-187,-119,132,5676,-8476,11760,-256,132,-243,-12304,4156,7844,-976,123,-174,-12572,-6976,7512,-482,220,-124,0
3250.9664881229405,6824,7520,11868,-149,-181,91,6076,-8420,11508,-43,128,-227,-12492,4204,7816,-990,119,-160,-12608,-6908,7576,-470,208,-123,0
3250.9998691082005,6860,7616,11776,-173,-62,95,6044,-8528,11528,-42,127,-235,-12480,4184,7640,-972,119,-104,-12576,-6892,7560,-497,166,-119,0
3251.033502101898,7116,7588,11788,-205,-84,102,5904,-8540,11544,-33,126,-186,-12616,4164,7856,-1006,122,-57,-12648,-6864,7352,-499,143,-117,0
3251.0670230388646,6680,7640,11544,-204,-86,155,6040,-8400,11480,-26,90,-185,-12496,4108,7916,-974,160,-66,-12580,-6964,7440,-474,130,-97,0
3251.100569963455,6812,7848,11972,-169,-86,155,5968,-8536,11332,-43,109,-168,-12760,4124,7752,-974,148,-93,-12320,-6668,7556,-465,150,-85,0
3251.134062051773,6908,7484,11784,-200,-98,124,6040,-8672,11292,-51,121,-206,-12596,4208,7884,-980,128,-102,-12656,-7160,7376,-454,139,-121,0
3251.1676070690155,6812,7572,11800,-170,-87,102,5984,-8524,11312,-47,133,-184,-12584,4220,7880,-769,104,-54,-12660,-6852,7388,-463,139,-156,0
3251.2011721134186,6960,7580,11828,-195,-52,72,6104,-8424,11332,12,150,-168,-12660,4280,7696,-984,74,-45,-12636,-6884,7580,-440,134,-139,0
3251.2346510887146,6772,7600,11840,-219,-68,60,6100,-8596,11544,-40,174,-219,-12504,4204,7748,-948,63,-106,-12608,-6864,7616,-411,156,-112,0
3251.268136024475,6728,7600,11868,-507,-80,89,5940,-8620,11544,-77,152,-227,-12344,4236,7708,-959,97,-135,-12580,-6836,7544,-415,175,-82,0
3251.3016250133514,6856,7648,12008,-216,-139,130,5800,-8548,11452,-60,129,-229,-12492,4324,7744,-968,116,-86,-12584,-6816,7552,-487,188,-85,0
3251.3349471092224,6736,7556,11820,-180,-139,127,5912,-8588,11488,-44,81,-201,-12508,4204,7768,-1007,111,-67,-12512,-6940,7436,-509,167,-58,0
3251.368469953537,6752,7528,11804,-132,-55,113,5956,-8452,11280,-25,79,-170,-12784,4304,7740,-1043,134,-118,-12736,-6948,7560,-537,101,-105,0
3251.4017739295964,6880,7508,11940,-104,-72,105,6076,-8540,11516,-47,122,-165,-12596,4124,7912,-979,95,-110,-12612,-6872,7544,-532,123,-159,0
3251.4355750083923,6864,7368,11740,-182,-10,47,6024,-8536,11468,-8,165,-158,-12656,4252,7812,-1036,33,-110,-12748,-6844,7540,-471,113,-136,0
3251.469228029251,7084,7508,11924,-180,-65,89,6068,-8480,11356,31,183,-142,-12616,4172,7684,-1045,71,-58,-12556,-7000,7608,-465,122,-140,0
3251.502722978592,6760,7512,11880,-192,-54,120,5888,-8544,11420,250,171,-181,-12568,4232,7784,-1003,84,-58,-12760,-6992,7524,-482,115,-113,0
3251.536175966263,6788,7580,12028,-217,-116,120,5864,-8476,11376,-55,77,-185,-12460,4228,7716,-983,156,-104,-12508,-6892,7508,-506,157,-61,0
3251.5695691108704,6848,7592,12020,-148,-100,149,5904,-8488,11712,-40,65,-209,-12552,4184,7852,-1032,162,-142,-12540,-6896,7432,-537,175,-106,0
3251.603106021881,6892,7652,11924,-155,-123,163,5952,-8464,11352,27,65,-209,-12404,4232,7872,-1028,159,-114,-12592,-6868,7568,-510,173,-91,0
3251.6392130851746,6780,7604,11848,-167,-101,136,6356,-8528,11424,-4,88,-229,-12680,4116,7688,-1042,158,-143,-12748,-6992,7512,-481,183,-87,0
3251.6749589443207,6680,7480,11876,-184,-84,83,6072,-8452,11640,-253,110,-185,-12616,4236,7760,-1005,158,-110,-12664,-6908,7612,-765,95,-139,0
3251.710736989975,6896,7580,11880,-162,-67,104,6120,-8512,11296,-30,101,-189,-12604,4256,7696,-1017,119,-93,-12516,-6792,7532,-510,182,-92,0
3251.7473320961,6960,7660,11892,-178,-107,165,5984,-8468,11432,245,125,-171,-12736,4044,7656,-1064,155,-101,-12608,-6924,7536,-480,175,-36,0
3251.782455921173,6852,7544,11916,-229,-135,182,5944,-8448,11388,-49,44,-168,-12592,4012,7452,-959,226,-77,-12712,-6936,7596,-458,123,-79,0
3251.818244934082,6716,7484,11832,-185,-118,125,6072,-8536,11604,-106,64,-188,-12588,4288,7748,-1005,174,-122,-12684,-6836,7428,-487,164,-100,0
3251.853446960449,6908,7648,11868,-207,-105,111,6104,-8508,11612,-7,129,-225,-12608,4212,7716,-990,90,-132,-12584,-6664,7188,-444,171,-106,0
3251.8937020301814,6744,7672,11612,-152,-42,85,5988,-8428,11392,-21,132,-227,-12624,4080,7596,-1010,91,-147,-12788,-6716,7432,-452,135,-169,0
3251.929657936096,6892,7492,12140,-204,-89,12,6136,-8560,11532,-68,223,-219,-12612,4232,7840,-953,25,-90,-12680,-6872,7528,-447,132,-178,0
3251.9650509357452,6840,7644,11828,-182,-9,41,5964,-8460,11600,-39,186,-171,-12408,3880,7424,-959,36,-49,-12620,-6940,7440,-435,85,-118,0
3252.0004539489746,6896,7644,11824,-176,24,108,5984,-8464,11712,-34,140,-136,-12568,4160,7772,-1006,109,255,-12644,-6944,7528,-486,89,-75,0
3252.0356669425964,6792,7588,11660,-176,-24,136,5968,-8496,11504,-45,118,-133,-12416,4264,7676,-1040,152,-44,-12564,-6932,7492,-265,118,-108,0
3252.070981025696,6720,7472,11980,-185,-41,149,5972,-8580,11476,-41,75,-178,-12452,4236,7748,-1075,200,-76,-12576,-6904,7472,-490,153,-67,0
3252.1075689792633,6816,7480,11884,-194,-80,151,6004,-8504,11456,-29,78,-188,-12604,4272,7848,-1044,134,-84,-12636,-6932,7576,-510,142,-115,0
3252.1423840522766,6856,7520,11748,-169,8,66,6008,-8464,11312,-83,123,-167,-12600,4328,8548,-389,-480,-22,-12956,-6792,7404,-482,85,-220,0
3252.178539991379,6848,7520,11736,-149,106,-18,5896,-8432,11704,-65,183,-120,-12588,4240,7696,-1275,60,14,-12656,-6880,7416,-479,73,-198,0
3252.213760137558,6852,7528,11920,-198,120,16,6064,-8452,11308,-25,192,-117,-12768,4320,7900,-1010,43,-13,-12664,-7060,7496,-455,82,-172,0
3252.2493839263916,6864,7664,11852,-216,59,49,6088,-8604,11540,-65,216,-182,-12680,4176,8000,-995,18,-55,-12704,-7044,7584,-421,123,-201,0
3252.2866430282593,6760,7584,11892,-192,26,13,5736,-8444,11656,-117,173,-200,-12516,4140,7596,-994,27,-246,-12308,-6904,7584,-432,154,-182,0
3252.3200111389165,6712,7544,11876,-196,-20,2,5924,-8440,11476,-109,238,-197,-12600,4232,7896,-993,41,-63,-12660,-6968,7548,-456,109,-226,0
3252.3536670207977,6696,7632,11824,-184,17,27,5956,-8492,11612,-111,212,-169,-12512,4256,7904,-1018,10,-56,-12324,-6932,7540,-476,83,-205,0
3252.387213945389,6780,7544,11868,-163,31,28,6140,-8612,11316,-80,506,-288,-12416,4472,7772,-944,149,-63,-12608,-6980,7508,-484,93,-214,0
3252.4205660820007,6532,7500,11948,-149,69,39,5656,-8696,11720,-62,218,-155,-12548,3952,8724,-742,-15,62,-12548,-7040,7580,-464,77,-146,0
3252.4538650512695,6724,7552,11784,-175,59,47,6004,-8544,11768,-119,142,-144,-12596,4264,7596,-966,34,-44,-12680,-7100,7456,-492,101,-141,0
3252.487445116043,6784,7640,12028,-166,31,70,6032,-8516,11064,-121,172,-176,-12396,4220,7864,-974,77,-42,-12608,-6940,7448,-464,121,-133,0
3252.520749092102,6772,7584,11848,-193,6,95,6092,-8512,11264,-135,183,-176,-12604,4148,7816,-933,52,-62,-12344,-6936,7456,-437,133,-157,0
3252.5543501377106,6768,7504,12004,-178,-19,86,5972,-8612,11676,-89,216,-156,-12512,4236,7904,-950,64,-36,-12516,-6948,7600,-448,131,-168,0
3252.587832927704,6772,7568,12044,-189,34,57,5932,-8568,11484,-81,185,-169,-12640,4164,8040,-997,75,-38,-12592,-6944,7484,-452,109,-150,0
3252.621204137802,6700,7536,11680,-212,-2,58,6016,-8648,11648,-63,228,-157,-12612,4292,7776,-979,38,-85,-12576,-6932,7348,-462,122,-160,0
3252.6542789936066,6464,7556,11924,-173,254,58,5888,-8520,11352,-19,202,-172,-12492,4272,7860,-1001,68,-22,-12596,-6840,7612,-482,136,-104,0
3252.687936067581,6676,7596,11988,-200,-66,101,5908,-8460,11684,-7,174,-164,-12796,4108,7612,-991,87,-46,-12732,-6880,7924,-482,125,-109,0
3252.7211761474614,6684,7640,11832,-193,-81,142,5908,-8484,11760,-15,145,-211,-12444,4212,7924,-993,118,-90,-12304,-6916,7460,-481,164,-64,0
3252.754634141922,6636,7584,11948,-176,-143,188,5856,-8632,11528,-27,92,-192,-12400,4296,7684,-1013,167,-120,-12516,-6912,7556,-476,160,252,0
3252.7881970405574,6704,7580,11808,-184,-153,204,5916,-8540,11460,-25,80,-165,-12532,4284,7844,-780,156,-55,-12620,-6840,7660,-487,154,-24,0
3252.821711063385,6660,7568,11876,-237,-140,227,6124,-8652,11492,21,73,-163,-12484,4240,7696,-1035,188,-109,-12524,-6932,7864,-483,152,-25,0
3252.8555071353912,6704,7704,11844,-221,-124,202,5888,-8536,11620,68,77,-195,-12552,4204,7768,-1008,176,-84,-12792,-6980,7476,-497,183,-31,0
3252.8889620304108,6712,7712,12008,-224,-168,152,5960,-8284,11360,34,103,-261,-12800,4124,7924,-939,162,-183,-12464,-6812,7600,-511,252,-63,0
3252.922343969345,6704,7556,11980,-259,-209,161,5996,-8512,11516,24,89,-511,-12592,4304,7924,-987,158,-187,-12636,-6876,7632,-455,196,-33,0
3252.9560589790344,7080,7564,11736,-207,-223,187,5976,-8472,11284,24,84,-230,-12580,4164,7776,-995,185,-103,-12620,-6964,7492,-453,146,-64,0
3252.9897611141205,6804,7572,11800,-237,-185,165,5964,-8528,11536,47,129,-189,-12580,4132,7744,-989,195,-67,-12700,-6932,7456,-435,110,-54,0
3253.023231983185,6768,7540,11908,-250,-157,146,6024,-8556,11636,21,105,-215,-12560,4120,7748,-971,137,-122,-12608,-6864,7520,-442,165,-34,0
3253.056848049164,6720,7500,11676,-248,-202,142,6024,-8460,11548,38,68,-248,-12548,4248,7664,-970,133,-168,-12588,-6796,7552,-440,201,-39,0
3253.090000152588,6772,7572,11816,-251,-209,162,5916,-8528,11468,61,59,-508,-12300,4208,7824,-997,179,-132,-12588,-6924,7564,-442,220,-47,0
3253.123708963394,6808,7512,11912,-234,-219,172,5916,-8592,11544,36,76,-265,-12464,4264,7552,-1000,182,-94,-12560,-6824,7540,-455,236,-45,0
3253.1570961475372,6728,7432,11888,-254,-6,167,5700,-8568,11548,58,35,-250,-12508,4232,7736,-979,201,-80,-12656,-6832,7528,-490,222,-61,0
3253.1905200481415,6836,7452,11868,-207,-222,177,5920,-8548,11640,51,45,-230,-12536,4268,7728,-1019,208,-139,-12628,-6692,7548,-481,223,12,0
3253.223941087723,6728,7520,11916,-218,-190,173,5960,-8624,11524,61,34,-211,-12548,4272,7736,-1007,181,-160,-12624,-6912,7564,-432,209,-20,0
3253.2576739788055,6804,7212,11780,-234,-210,174,5968,-8504,11652,18,33,-226,-12640,4224,7860,-976,190,-142,-12732,-6660,7452,-429,192,-45,0
3253.2913041114807,6900,7472,11940,-247,-209,170,6020,-8416,11472,27,92,-238,-12640,4236,7636,-985,110,-91,-12664,-6884,7496,-487,202,-74,0
3253.3285279273987,6908,7636,11932,-206,-181,144,6072,-8496,11456,44,75,-240,-12620,4264,7840,-1270,136,-155,-12672,-6664,7704,-497,189,-86,0
3253.363794088364,7164,7512,11724,-157,-137,147,6132,-8216,11500,11,81,-221,-12664,4188,7696,-998,123,-102,-12724,-6820,7472,-519,160,-118,0
3253.3992099761963,7132,7492,11624,-134,-107,102,5904,-8212,11456,-29,112,-195,-12636,4092,7572,-1012,113,-56,-12564,-6828,7500,-509,152,-149,0
3253.4345309734344,6696,7472,11864,-162,-31,91,6052,-8384,11504,-66,117,-188,-12720,4160,7632,-979,81,-69,-12784,-6748,7448,-504,125,-163,0
3253.4697499275208,6888,7444,11836,-179,24,71,5900,-8472,11308,-55,214,-155,-12632,4164,7684,-1046,79,-67,-12680,-6864,7568,-463,91,-197,0
3253.5051331520085,6864,7508,11956,-179,29,40,6092,-8456,11540,-19,193,-170,-12516,4124,7744,-1059,43,-1,-12616,-6920,7600,-415,115,-162,0
3253.5406920909886,6812,7676,11912,-142,43,36,5988,-8428,11464,-106,190,-162,-12716,4264,7904,-956,22,-10,-12636,-6984,7564,-456,90,-199,0
3253.576126098633,6760,7440,11860,-140,20,12,5952,-8484,11524,-130,250,-184,-12552,4176,7712,-973,17,-70,-12624,-6760,7460,-456,149,-208,0
3253.611902952194,6828,7452,12000,-175,-6,19,5956,-8456,11536,-62,223,-185,-12584,4236,7684,-987,21,-50,-12604,-6856,7608,-447,111,-204,0
3253.6480309963226,6860,7572,11744,-113,38,22,6020,-8668,11464,-81,201,-137,-12544,4284,7724,-993,56,-12,-12604,-7168,7512,-492,52,-188,0
3253.697130918503,6764,7580,11960,-179,129,10,5876,-8560,11572,-109,225,-115,-12340,4348,7800,-940,69,-51,-12592,-6800,7588,-470,89,-176,0
3253.743222951889,6772,7668,11964,-136,52,13,6036,-8512,11276,-144,217,-185,-12564,4116,7712,-948,78,-45,-12580,-7056,7528,-474,130,-206,0
3253.783709049225,6816,7492,12020,-137,31,32,5924,-8504,11700,-124,200,-199,-12552,4200,7744,-942,37,-99,-12800,-6896,7636,-462,154,-149,0
3253.8192970752716,6796,7504,11884,-136,-9,31,6004,-8580,11524,-149,200,-212,-12480,4128,7808,-966,83,-63,-12632,-7140,7432,-433,150,-178,0
3253.8550031185146,6888,7536,11884,-187,-20,32,6000,-8528,11760,-124,183,-186,-12308,4284,7680,-978,50,-55,-12636,-7128,7548,-445,99,-161,0
3253.890958070755,6868,7568,11880,-193,60,29,5924,-8540,11572,-86,217,-170,-12616,4228,7816,-996,7,-59,-12568,-6864,7580,-481,80,-212,0
3253.9271581172943,6772,7480,12056,-142,65,50,5884,-8464,11540,-96,235,-138,-12632,4304,7904,-778,251,32,-12700,-6664,7628,-494,58,-195,0
3253.9637811183934,6688,7608,12124,-157,55,23,5936,-8528,11588,-81,236,-120,-12456,4364,7784,-1011,233,-53,-12520,-7084,7616,-456,46,-165,0
3253.9974019527435,6444,7572,11828,-170,49,53,5796,-8576,11680,-76,249,-112,-12648,4244,7992,-1070,93,-40,-12628,-6752,7604,-499,52,-186,0
3254.031096935272,6868,7584,11980,-148,51,77,5956,-8580,11516,-37,167,-89,-12648,4252,7720,-1036,30,-7,-12600,-6912,7616,-523,98,-132,0
3254.0647399425507,6636,7536,11852,-149,43,95,5880,-8540,11468,-24,150,-85,-12432,4204,7496,-1017,74,-20,-12608,-6920,7536,-531,86,-131,0
3254.098281145096,6644,7536,12156,-186,-11,111,6128,-8484,11596,22,149,-140,-12400,4236,7800,-1092,153,-39,-12612,-6904,7612,-517,107,-28,0
3254.131690979004,6680,7652,11884,-216,-131,208,5828,-8616,11568,41,98,-176,-12660,4284,7840,-1037,180,-150,-12540,-6920,7716,-537,220,19,0
3254.1650681495667,6856,7500,11808,-201,-312,270,5884,-8592,11596,37,4,-226,-12556,4284,7804,-1028,194,-175,-12556,-7048,7672,-754,197,12,0
3254.1982989311214,6424,7604,11832,-187,-339,243,5964,-8664,11264,9,255,-265,-12480,3884,8156,-943,201,-93,-12696,-7012,7476,-474,167,-58,0
3254.231696128845,6516,7492,11892,-224,-279,170,5912,-8376,11524,-11,89,-308,-12780,4124,7500,-874,135,-209,-12528,-6668,7560,-413,235,-54,0
3254.2653539180756,6780,7292,12028,-296,-261,72,6072,-8504,11348,31,175,-327,-12684,4180,7796,-925,92,-233,-12604,-6852,7440,-404,214,-133,0
3254.2988860607147,7140,7524,11600,-267,-172,21,6104,-8452,11548,6,241,-3,-12604,4292,7820,-991,3,-78,-12672,-6960,7528,-444,118,-214,0
3254.332239151001,6852,7520,11816,-247,-31,45,5896,-8516,11376,-35,258,-129,-12460,4164,7728,-985,27,35,-12328,-7060,7748,-470,66,-171,0
3254.36571598053,6720,7588,11968,-232,40,72,5880,-8504,11456,-76,146,-149,-12536,4328,7708,-989,126,-45,-12552,-6964,7468,-465,80,-125,0
3254.3990149497986,6860,7536,11796,-138,35,131,6072,-8516,11528,-109,67,-129,-12592,4152,7804,-999,151,-75,-12600,-6784,7308,-528,138,-82,0
3254.432436943054,6760,7516,12000,-111,0,173,6036,-8500,11472,-40,80,-147,-12504,4204,7612,-1061,155,-41,-12584,-6828,7620,-535,180,-82,0
3254.4660260677338,6684,7496,11984,-120,-33,160,6072,-8604,11700,-26,85,-150,-12576,4204,7876,-1074,149,-83,-12576,-6816,7584,-485,168,-99,0
3254.4996979236603,6808,7532,12092,-157,-104,136,6116,-8556,11320,-20,110,-186,-12672,4316,7872,-1057,137,-32,-12760,-7084,7696,-472,87,-107,0
3254.5332140922546,6812,7504,11920,-162,-25,96,5916,-8564,11544,-51,158,-151,-12728,4260,7828,-1029,74,-63,-12572,-6824,7620,-498,119,-125,0
3254.566596031189,6892,7580,11828,-170,-48,94,5784,-8564,11492,-41,149,-166,-12424,4236,7768,-1280,69,-111,-12500,-6860,7592,-504,138,-153,0
3254.6000759601593,6728,7576,11944,-143,-97,110,6088,-8276,11756,253,123,-176,-12448,4276,7820,-1055,117,-97,-12492,-6864,7628,-767,178,-109,0
3254.6331980228424,6620,7588,11808,-150,-84,120,5860,-8476,11544,-27,100,-199,-12532,4288,7840,-1052,141,-129,-12520,-6676,7500,-503,198,-76,0
3254.6669070720673,6760,7592,11820,-162,-100,138,5888,-8572,11632,-29,76,-214,-12460,4316,7540,-1030,217,-121,-12552,-6952,7656,-529,177,-103,0
3254.700582981109,6668,7716,11896,-119,-61,147,5908,-8588,11516,-20,73,-173,-12544,4216,7748,-1046,129,-144,-12368,-6904,7568,-541,174,-91,0
3254.7341940402985,6804,7636,11956,-129,-81,139,5980,-8512,11280,-22,118,-188,-12652,4228,7844,-967,97,-80,-12644,-6860,7612,-505,172,-114,0
3254.7674801349644,6784,7836,11972,-165,-53,121,6060,-8420,11568,-53,128,-191,-12592,4132,7864,-966,82,-49,-12664,-6968,7672,-490,95,-136,0
3254.801159143448,6896,7576,11772,-172,-43,115,6076,-8456,11436,-84,155,-155,-12652,4180,7808,-1014,77,-48,-12616,-6716,7648,-504,97,-143,0
3254.834557056427,6828,7580,11692,-165,16,81,6076,-8548,11524,-78,191,-115,-12588,4092,7908,-769,54,-253,-12676,-6704,7488,-470,61,-144,0
3254.868296146393,6816,7692,11864,-187,56,64,6036,-8408,11468,-6,227,-137,-12528,3884,7892,-1054,89,-36,-12648,-7156,7460,-469,78,-170,0
3254.9017260074615,6736,7608,11764,-135,17,25,5984,-8532,11372,-86,203,-122,-12592,4244,7924,-1031,79,226,-12504,-6948,7620,-461,123,-173,0
3254.9352691173553,6688,7516,11840,-203,65,37,6016,-8648,11444,-117,175,-165,-12572,4308,7668,-977,70,-15,-12600,-6948,7636,-446,81,-152,0
3254.968626976013,6724,7452,12064,-155,30,53,5960,-8624,11432,-128,172,-132,-12576,4244,7792,-992,72,-37,-12392,-6824,7584,-473,65,-160,0
3255.0050060749054,6664,7584,12008,-171,35,70,5936,-8552,11524,-99,177,-119,-12300,4332,8184,-1010,79,-30,-12528,-6824,7720,-448,43,-147,0
3255.040806055069,6840,7596,11896,-176,89,74,5920,-8588,11520,-84,154,-133,-12736,4332,8084,-921,17,-33,-12504,-6916,7888,-467,79,-184,0
3255.0771520137787,6572,7544,11932,-152,52,56,6460,-8704,11756,-166,184,209,-12500,3900,7668,-1017,58,-63,-12480,-6816,7644,-477,122,-159,0
3255.1128151416774,6688,7580,11820,-145,2,88,5880,-8496,11284,-83,151,-176,-12484,4252,7808,-1005,78,-78,-12484,-6784,7564,-498,158,-109,0
3255.1486361026764,6684,7612,11964,-124,3,90,5888,-8600,11624,-91,118,-196,-12448,4348,7704,-1019,95,-84,-12460,-6888,7808,-494,185,-161,0
3255.183454990387,6744,7472,12060,-164,-20,91,5796,-8552,11484,-90,192,-184,-12524,4184,7684,-999,129,-150,-12616,-6848,7592,-760,164,-131,0
3255.219609975815,6716,7512,11912,-144,-5,90,5904,-8624,11420,-67,153,-188,-12588,4208,7728,-1038,92,-59,-12664,-6988,7536,-489,162,-140,0
3255.2546999454494,6760,7460,11944,-170,-9,89,6028,-8500,11420,-85,207,-148,-12588,4188,7884,-1040,87,-48,-12728,-7004,7552,-496,104,-162,0
3255.290769100189,6664,7668,12216,-183,-13,113,5888,-8548,11272,-55,174,-112,-12440,4112,7840,-1018,98,-50,-12632,-6916,7636,-487,74,-131,0
3255.326220035553,6736,7604,11980,-180,-3,101,5836,-8692,11512,-42,177,-137,-12568,4340,7836,-1005,114,-31,-12572,-6968,7596,-468,121,-91,0
3255.362298965454,6692,7700,12116,-201,-92,116,5912,-8644,11636,23,129,-169,-12536,4204,7748,-1032,111,-145,-12452,-6948,7584,-484,153,-57,0
3255.3982520103455,6576,7644,11876,-169,-142,150,5808,-8492,11544,42,83,-204,-12464,4260,7888,-1013,172,-89,-12548,-6984,7588,-479,173,-49,0
3255.433195114136,6564,7536,12092,-153,-232,175,5876,-8504,11512,-47,68,-204,-12432,4100,7828,-981,172,-163,-12432,-7092,7928,-509,183,-25,0
3255.4691550731654,6560,7512,11820,-177,-188,198,5936,-8484,11544,245,39,-190,-12536,4248,7936,-945,229,-75,-12788,-6664,7624,-489,178,-17,0
3255.5040380954742,6620,7600,11972,-212,-180,219,6128,-8692,11396,-254,56,-163,-12588,4232,7732,-1016,215,-78,-12572,-6932,7552,-492,173,-39,0
3255.539962053299,6748,7576,12248,-208,-182,236,6052,-8620,11452,25,70,-193,-12748,4208,7892,-1033,213,-99,-12648,-6952,7680,-498,200,-50,0
3255.575343132019,6692,7544,11816,-221,-206,160,5912,-8572,11652,25,120,-251,-12512,4232,7816,-998,174,-145,-12532,-6828,7504,-452,1,-49,0
3255.6108980178833,6416,7512,11876,-251,-230,155,6008,-8624,11560,8,53,-285,-12572,4276,7784,-1006,206,-129,-12660,-6964,7560,-437,204,-33,0
3255.6475191116333,6736,7560,11820,-231,-234,149,6064,-8468,11452,20,90,-282,-12588,4252,7672,-959,175,-169,-12564,-6796,7604,-439,213,-94,0
3255.681071996689,6728,7528,11900,-219,-203,159,5964,-8520,11508,52,109,-245,-12780,4240,7864,-1001,144,-140,-12596,-6848,7608,-463,215,-64,0
3255.7147121429443,6856,7580,11828,-237,-227,172,5996,-8540,11496,77,63,-224,-12380,4164,7888,-1036,134,-120,-12616,-7004,7576,-478,197,-58,0
3255.7482080459595,6832,7556,11828,-234,-193,169,5924,-8484,11404,63,50,-203,-12520,4260,7772,-975,169,-107,-12676,-6844,7424,-466,171,-71,0
3255.7818210124974,6816,7544,12056,-240,-226,202,5700,-8608,11612,63,34,-230,-12604,4196,7740,-1027,184,-87,-12524,-6944,7548,-479,211,-45,0
3255.815046072006,6816,7540,11832,-223,-217,197,6032,-8588,11624,40,41,-227,-12728,4140,7484,-1028,160,-135,-12580,-6880,7520,-512,194,-58,0
3255.848582983017,6740,7544,11868,-196,-210,188,6004,-8416,11388,48,49,-240,-12576,4304,7900,-988,184,-113,-12556,-6668,7616,-484,166,-72,0
3255.8820829391484,6768,7460,11880,-185,-169,159,6016,-8464,11540,39,34,-218,-12508,4172,7672,-1017,211,-74,-12580,-6900,7636,-474,157,-54,0
3255.9156219959254,6708,7560,11772,-205,-190,149,5984,-8704,11580,30,45,-215,-12528,4168,7556,-1006,170,-88,-12712,-7108,7600,-467,151,-102,0
3255.949203014374,6816,7460,11888,-210,-84,157,6000,-8488,11720,-9,68,-214,-12536,4284,7652,-984,154,-70,-12656,-6804,7492,-504,164,-100,0
3255.9828391075134,6900,7480,11944,-137,-79,93,6132,-8500,11396,-76,103,-193,-12632,4220,7720,-987,87,-111,-12604,-6808,7492,-501,181,-153,0
3256.0158910751343,6768,7584,11764,-144,-53,78,5916,-8536,11752,-63,177,-187,-12608,4148,7724,-985,63,-47,-12648,-6808,7676,-499,134,-176,0
3256.049446105957,6940,7596,11860,-188,-19,77,6016,-8644,11456,-45,215,-159,-12600,4228,7780,-1023,67,-22,-12612,-6896,7564,-477,109,-182,0
3256.0831620693207,6792,7552,11884,-168,45,39,5968,-8512,11356,-66,183,-144,-12604,4204,7696,-1008,57,-27,-12532,-6768,7608,-471,111,-163,0
3256.1165170669556,6756,7548,12016,-149,57,64,5992,-8520,11532,-70,181,-119,-12588,4232,7908,-1003,37,-40,-12684,-6808,7576,-768,63,-211,0
3256.1497609615326,6744,7596,11908,-124,52,32,6080,-8460,11488,-84,171,-131,-12568,4168,7728,-1008,44,-21,-12308,-6948,7560,-503,115,-189,0
3256.1832010746,6704,7580,11896,-149,37,45,5948,-8404,11308,-92,170,-138,-12576,4356,7788,-968,6,-27,-12600,-6872,7692,-460,104,-168,0
3256.2166640758514,6704,7560,12028,-149,71,51,5928,-8468,11500,-126,189,-131,-12588,4340,7836,-973,32,-24,-12604,-6844,7640,-486,58,-167,0
3256.2501690387726,6668,7452,11964,-132,70,7,5872,-8532,11444,-69,210,-112,-12592,4204,7676,-1055,232,-29,-12528,-6808,7668,-519,84,-187,0
3256.283816099167,6868,7540,12100,-160,96,38,5936,-8540,11696,-66,172,-108,-12484,4248,7688,-524,-596,-89,-12700,-6992,7568,-512,88,-185,0
3256.3173229694366,6752,7704,11956,-91,51,35,6036,-8592,11764,-108,199,-149,-12332,4196,7816,-1029,24,-33,-12360,-6940,7840,-524,106,-201,0
3256.3509619235992,6772,7560,11976,-139,38,20,6096,-8604,11604,-163,246,-107,-12552,4080,7872,-1000,48,-30,-12768,-6880,7632,-500,96,-193,0
3256.3842589855194,6692,7216,11948,-111,59,40,6088,-8592,11712,-155,191,-140,-12488,4108,7804,-918,-25,-59,-12644,-6864,7484,-493,80,-144,0
3256.4176750183105,6760,7544,11936,-150,43,74,5652,-8552,11676,-104,154,-130,-12368,4204,7780,-1028,75,249,-12364,-6900,7652,-488,69,-156,0
3256.4511620998383,6700,7648,11848,-200,74,79,6080,-8508,11660,-138,226,-132,-12296,4544,7876,-1015,118,-12,-12492,-6928,7504,-452,36,-137,0
3256.4847469329834,6680,7916,11992,-151,42,89,6020,-8612,11640,-105,114,-120,-12556,4216,7752,-999,111,-9,-12468,-6916,7696,-469,92,-182,0
3256.5179319381714,6576,7624,11888,-172,18,89,5684,-8592,11596,-60,139,-129,-12524,4200,7880,-1023,55,-60,-12340,-6868,7628,-474,124,-146,0
3256.5515451431274,6520,7620,11852,-147,-8,99,5892,-8604,11284,-113,154,-160,-12540,4316,7628,-1028,119,-105,-12540,-6936,7660,-491,162,-129,0
3256.5851790905,6876,7612,11956,-145,-71,82,5924,-8672,11360,-50,113,-265,-12524,4556,7476,-1245,296,-131,-12460,-6912,7496,-488,145,-115,0
3256.6187810897827,6440,7608,11940,-191,-246,87,6032,-8600,11752,-7,118,-151,-12548,4268,7680,-1026,140,-55,-12440,-6832,7604,-482,171,-93,0
3256.6517610549927,6676,7596,11852,-206,-30,146,6096,-8672,11572,16,148,-174,-12516,4356,7712,-770,132,-140,-12440,-6664,7660,-442,181,-254,0
3256.6882951259613,6564,7656,12044,-231,-225,210,5816,-8648,11692,21,-12,-255,-12512,4348,7920,-1076,239,-164,-12572,-7020,7884,-491,265,252,0
3256.723657131195,6544,7600,12188,-125,-335,248,5976,-8572,11668,-34,246,-270,-12560,4364,7868,-1031,231,-204,-12576,-6876,7516,-536,276,25,0
3256.7593779563904,6572,7568,11916,-169,-332,248,5940,-8528,11504,-9,-5,-264,-12424,4300,7696,-983,246,-118,-12320,-6832,7540,-531,239,5,0
3256.794435977936,6704,7504,11968,-219,-298,510,6020,-8544,11484,80,-4,-1,-12520,4100,7492,-1013,266,-186,-12696,-6876,7636,-481,230,-7,0
3256.8295879364014,6752,7608,11844,-199,-300,246,6052,-8704,11572,120,27,-239,-12692,4224,7892,-997,212,-103,-12676,-6804,7552,-488,208,-17,0
3256.8651299476624,6800,7612,12112,-270,-242,190,6016,-8560,11508,122,49,-234,-12528,4184,7872,-989,166,-126,-12792,-6800,7488,-480,215,251,0
3256.9034180641174,6756,7888,11816,-281,-4,245,6116,-8632,11544,83,16,-243,-12640,4168,7504,-1002,198,-178,-12636,-6828,7540,-497,214,37,0
3256.940243959427,6784,7544,11772,-271,-357,256,6048,-8496,11560,95,-29,-295,-12596,4076,7672,-1280,203,-167,-12772,-6916,7448,-470,227,-23,0
3256.9755289554596,6824,7508,11848,-220,-273,209,6016,-8376,11720,45,-255,-264,-12504,4116,7460,-990,239,-100,-12680,-6836,7600,-465,191,-66,0
3257.0113949775696,6716,7516,11636,-191,-234,130,6048,-8448,11504,3,88,-9,-12652,4228,7604,-981,127,-114,-12696,-6728,7552,-456,149,-133,0
3257.04732298851,6900,7452,11900,-195,-91,70,5916,-8504,11372,-65,116,-209,-12604,4244,7856,-1012,57,-53,-12560,-6680,7556,-482,90,-162,0
3257.081958055496,6996,7668,11884,-134,53,41,6104,-8392,11408,-36,192,-117,-12604,3860,7592,-1008,51,59,-12624,-6808,7504,-472,49,-194,0
3257.117655038833,6768,7480,11780,-194,94,48,5984,-8592,11280,-20,227,-115,-12548,4192,7748,-1052,71,-42,-12600,-6824,7844,-475,122,-137,0
3257.1528079509735,6716,7568,12024,-179,0,101,6024,-8592,11636,-58,181,-163,-12588,4332,7944,-1039,95,-52,-12800,-6856,7876,-479,210,-98,0
3257.188310146332,6788,7668,11828,-129,-104,120,6052,-8548,11684,-60,93,-191,-12620,4252,7648,-1005,123,-97,-12604,-6944,7504,-517,203,-93,0
3257.2238471508026,6436,7520,11900,-146,-124,144,5912,-8556,11540,-47,89,-204,-12524,4208,7736,-998,113,-110,-12576,-6900,7460,-496,165,-83,0
3257.2592849731445,6800,7576,11596,-147,-144,132,5980,-8500,11316,-74,101,-206,-12640,4340,7684,-983,87,-58,-12600,-7128,7760,-479,138,-106,0
3257.2947030067444,6768,7480,11944,-167,-51,115,5948,-8552,11536,-53,135,-167,-12764,4160,7696,-970,70,-20,-12620,-6824,7528,-488,95,-139,0
3257.331212043762,6844,7484,11940,-164,26,104,6112,-8520,11452,-56,147,-172,-12588,4116,7592,-1015,70,-90,-12712,-6912,7540,-514,109,-157,0
3257.3646960258484,6812,7536,11816,-144,-49,97,6016,-8488,11536,-18,182,-162,-12636,4100,7636,-996,62,-84,-12644,-6856,7664,-497,130,-111,0
3257.3979351520534,6812,7560,12276,-185,-112,87,6116,-8436,11476,-26,168,-206,-12628,4232,7804,-973,105,-87,-12548,-6844,7500,-488,180,-135,0
3257.4313571453094,6884,7672,11904,-198,-106,83,6108,-8544,11312,-70,154,-217,-12608,4164,7728,-978,150,-79,-12648,-6868,7604,-477,168,-90,0
3257.4648830890656,6684,7668,11904,-143,-112,124,6024,-8488,11380,-34,86,-192,-12556,4152,7664,-1000,166,-87,-12608,-6792,7532,-500,159,-94,0
3257.4983429908752,6836,7548,11844,-145,-80,164,6020,-8516,11476,-35,110,-161,-12568,4216,7732,-1029,155,-69,-12564,-6840,7520,-444,123,-81,0
3257.5319440364838,6836,7536,11680,-211,-45,104,6064,-8532,11388,-29,139,-150,-12776,4196,7600,-992,98,-69,-12652,-6836,7532,-423,106,-111,0
3257.565493106842,6752,7556,11916,-178,-37,111,5992,-8616,11456,-65,190,-156,-12768,4300,7896,-1002,61,-67,-12600,-6852,7688,-512,116,-157,0
3257.5992591381073,6768,7440,11872,-191,-25,70,6344,-8472,11480,-18,183,-155,-12564,4276,7876,-1015,52,-36,-12504,-6776,7828,-479,164,-176,0
3257.6325240135193,6808,7644,11888,-166,-41,44,6052,-8588,11264,4,184,-171,-12596,4268,7764,-1028,44,-75,-12348,-6896,7660,-463,107,-145,0
3257.666027069092,6756,7628,11820,-173,-74,62,6048,-8572,11292,-68,184,-201,-12548,4212,7672,-992,85,-131,-12540,-6912,7720,-437,175,-117,0
3257.6996870040894,6752,7568,11928,-239,-63,66,6000,-8496,11472,-5,139,-252,-12576,4236,7784,-974,146,-142,-12652,-6852,7444,-450,194,-131,0
3257.7331881523132,6768,7532,11884,-201,-111,103,5976,-8572,11360,-67,126,-208,-12472,4244,7928,-1010,144,-86,-12600,-6768,7592,-479,180,-73,0
3257.7668170928955,6792,7588,12008,-186,-68,104,6108,-8540,11344,-16,135,-202,-12684,4184,7580,-1013,123,-69,-12668,-6856,7548,-469,141,-119,0
3257.8000841140747,6892,7516,11828,-177,-67,72,5992,-8464,11396,-52,167,-187,-12656,4304,7732,-991,58,-89,-12736,-6800,7584,-471,102,-184,0
3257.8334541320805,6872,7432,11948,-173,-12,69,6044,-8496,11432,-21,192,-138,-12576,4228,7632,-1019,34,-96,-12592,-6792,7580,-523,88,-183,0
3257.867336988449,6788,7496,12140,-151,-6,95,6084,-8452,11596,-16,150,-135,-12600,4188,7712,-996,108,-32,-12656,-6808,7588,-485,137,-119,0
3257.900421142578,6772,7540,11852,-192,-62,130,6084,-8516,11472,-20,131,-169,-12528,4240,7772,-1018,117,-25,-12552,-6816,7712,-476,148,-101,0
3257.9337561130524,6640,7476,11984,-192,-113,125,6048,-8484,11444,-60,126,-175,-12600,4196,7680,-1006,122,-70,-12636,-6928,7428,-468,159,-123,0
3257.967371940613,6760,7592,11880,-202,-35,118,5968,-8564,11388,-22,134,-186,-12504,4120,7932,-964,111,-135,-12592,-6848,7920,-457,176,-121,0
3258.0007979869843,6812,7584,12048,-183,-88,99,6136,-8528,11732,-50,121,-231,-12592,4156,8148,-997,83,-59,-12632,-6776,7496,-460,171,-89,0
3258.034140110016,6740,7604,11832,-170,-103,94,6052,-8436,11500,-48,144,-202,-12448,4164,7804,-996,92,-104,-12584,-6892,7468,-467,164,-149,0
3258.0677621364594,6836,7568,11944,-218,-94,97,6044,-8400,11348,-48,143,-221,-12688,4160,7868,-982,125,-118,-12644,-6788,7676,-441,152,-124,0
3258.101334095001,6764,7552,11940,-184,-34,94,6040,-8532,11580,-60,158,-193,-12628,4252,7728,-979,81,-95,-12696,-6832,7548,-466,144,-138,0
3258.1342689991,6748,7452,11892,-185,-35,108,6036,-8464,11500,-6,132,-174,-12664,4188,7796,-1007,62,-35,-12644,-6828,7656,-485,127,-126,0
3258.1676869392395,6740,7432,11908,-151,-48,108,5976,-8548,11340,-4,128,-181,-12484,4276,7684,-1003,135,-60,-12616,-6816,7636,-455,152,-122,0
3258.2011320590973,6760,7484,11992,-202,-94,108,6040,-8520,11668,-10,123,-182,-12292,4244,7768,-997,132,-88,-12732,-6800,7612,-471,154,-76,0
3258.2344241142273,6816,7548,11952,-202,-90,144,6024,-8424,11536,-41,135,-171,-12616,4212,7704,-1011,118,-82,-12648,-6816,7708,-476,148,-111,0
3258.2680780887604,6780,7452,11964,-183,-85,116,6088,-8548,11572,-23,135,-160,-12772,4232,7868,-1277,84,-74,-12588,-6880,7608,-509,159,-122,0
3258.3016779422765,6776,7544,11864,-183,-102,123,5984,-8468,11592,21,159,-162,-12496,4200,7652,-1038,65,-79,-12324,-7156,7564,-511,130,-145,0
3258.3349299430847,6824,7904,11956,-145,-75,95,5944,-8500,11548,-80,155,-185,-12596,4216,7688,-1039,54,-78,-12684,-6824,7600,-498,148,-165,0
3258.3718099594116,6800,7536,11804,-210,-37,55,5976,-8536,11548,-27,156,-195,-12512,4204,7756,-993,76,-84,-12632,-6776,7588,-463,125,-136,0
3258.4080419540405,6736,7556,11808,-169,-57,77,5964,-8492,11524,-22,163,-192,-12756,4128,7800,-1039,58,-54,-12384,-6880,7560,-474,116,-102,0
3258.443778038025,6836,7556,11816,-181,-67,108,6016,-8252,11720,-48,135,-157,-12564,4184,7520,-998,109,-90,-12688,-6880,7548,-475,110,-138,0
3258.47917509079,6780,7708,11976,-179,-61,93,5972,-8704,11544,-90,126,-142,-12672,4284,7784,-975,108,-64,-12796,-6848,7596,-485,83,-84,0
3258.515077114105,6744,7600,11748,-161,-46,113,6020,-8568,11708,-37,124,-165,-12624,4184,7924,-1029,109,-32,-12584,-6804,7848,-515,126,-109,0
3258.550409078598,6808,7580,11868,-145,-57,132,5964,-8448,11596,4,119,-176,-12316,4252,7740,-1056,129,-60,-12332,-6768,7556,-496,133,-90,0
3258.5855200290684,6864,7536,11864,-172,-89,131,5980,-8608,11508,255,112,-177,-12640,4268,7828,-1066,143,-60,-12792,-7140,7624,-505,153,-87,0
3258.621792078018,6724,7596,12020,-181,-76,140,5964,-8588,11500,255,91,-186,-12660,4256,7876,-1024,154,-88,-12304,-6780,7728,-504,136,-71,0
3258.658025979996,6820,7536,11908,-145,-65,154,6008,-8496,11400,-50,102,-194,-12300,4232,7632,-1015,114,-39,-12636,-6828,7468,-519,182,-94,0
3258.693295955658,6788,7544,11900,-150,-95,148,5996,-8476,11544,-17,91,-161,-12596,4252,7588,-1071,136,-98,-12584,-6880,7628,-518,207,-74,0
3258.7288389205933,6752,7560,11784,-202,-82,152,6056,-8484,11460,-26,132,-200,-12308,4164,7756,-1271,120,-60,-12648,-6908,7888,-442,125,-99,0
3258.763715982437,6832,7500,12016,-167,-58,109,5980,-8548,11568,-71,177,-183,-12640,4196,7752,-991,82,-113,-12604,-6804,7568,-485,120,-169,0
3258.7991700172424,6800,7552,11844,-177,-48,76,6084,-8524,11504,4,146,-168,-12740,4260,7632,-771,78,-76,-12568,-6892,7644,-479,172,-149,0
3258.8341801166534,6732,7624,11812,-166,-53,116,6008,-8452,11588,25,101,-166,-12336,4244,7840,-1030,122,-96,-12608,-6824,7864,-498,181,-124,0
3258.8703169822693,6708,7556,12004,-131,-88,121,6012,-8488,11404,-61,141,-162,-12640,4212,7644,-992,79,-92,-12664,-6916,7664,-495,163,-130,0
3258.9055280685425,6808,7868,11844,-165,-80,120,5988,-8492,11644,-16,109,-180,-12572,4284,7808,-965,108,-70,-12580,-6796,7596,-457,129,-104,0
3258.9413919448853,6792,7644,11712,-152,-19,132,6080,-8436,11456,-30,101,-155,-12620,4168,7716,-1007,128,-60,-12644,-6824,7464,-462,67,-134,0
3258.9776771068573,6856,7468,11756,-165,82,81,6108,-8408,11360,-108,191,-90,-12620,4300,7636,-993,86,77,-12612,-6896,7536,-510,-10,-201,0
3259.0143489837646,6864,7532,11756,-189,147,26,6096,-8432,11504,-55,241,-65,-12604,4164,7584,-977,9,37,-12532,-6820,7748,-459,32,-215,0
3259.0479249954224,6796,7544,11852,-164,162,13,5992,-8644,11576,-45,240,-121,-13360,3944,7252,-1212,236,17,-12556,-6748,7528,-469,93,-196,0
3259.0815300941467,6720,7624,11996,-162,84,30,6048,-8540,11628,-55,185,-150,-12640,4188,7696,-1037,74,-90,-12520,-6736,7652,-462,157,-177,0
3259.11518406868,6756,7612,12008,-182,22,43,6092,-8472,11364,-68,212,-189,-12776,4248,7792,-1271,120,-17,-12652,-6836,7728,-490,141,-169,0
3259.1484570503235,6752,7608,11864,-193,0,60,6332,-8696,11436,244,183,-192,-12384,4340,7932,-1061,87,-28,-12580,-6880,7732,-454,150,-128,0
3259.1817059516907,6536,7616,11976,-215,-37,86,5952,-8476,11480,-21,208,-172,-12520,4300,7860,-1012,90,-101,-12420,-6844,7752,-439,127,-129,0
3259.2151849269867,6612,7600,12048,-230,-50,90,5896,-8584,11620,-67,215,-156,-12612,4380,7696,-976,89,-74,-12600,-6852,7776,-455,138,-86,0
3259.2485859394073,6672,7656,11916,-200,-88,121,5848,-8520,11640,-256,142,-183,-12512,4256,7780,-993,112,-88,-12452,-6956,7660,-471,206,-80,0
3259.2820489406586,6496,7660,11924,-147,-167,176,5912,-8540,11624,-44,75,-221,-12452,4284,7816,-1000,159,-103,-12784,-6824,7692,-497,202,-12,0
3259.315670967102,6616,7628,11860,-154,-194,200,5888,-8516,11496,-66,38,-267,-12424,4228,7808,-955,221,-151,-12512,-6844,7668,-497,244,7,0
3259.349328994751,6704,7596,12016,-206,-283,232,5892,-8544,11564,24,4,-324,-12528,4228,7732,-964,210,-237,-12332,-7100,7612,-477,298,20,0
3259.382693052292,6712,7520,11904,-200,-373,245,6064,-8556,11536,16,-5,-344,-12524,4296,7888,-955,212,-195,-12660,-6916,7612,-479,285,34,0
3259.4161429405212,6860,7612,11768,-262,-331,259,5920,-8300,11264,53,35,-281,-12688,4204,7784,-960,192,-170,-12704,-6740,7604,-447,234,19,0
3259.4496829509735,6728,7516,11784,-266,-308,205,6108,-8476,11500,68,34,-266,-12712,4156,7788,-976,194,-171,-12568,-6792,7500,-435,204,-7,0
3259.4833920001984,6744,7468,11772,-268,-288,198,6108,-8540,11568,94,10,-259,-12608,4236,7896,-991,196,-190,-12668,-6800,7516,-445,195,-38,0
3259.5169680118565,6808,7532,11964,-1,-266,187,6128,-8408,11420,102,42,-283,-12572,4220,7692,-971,145,-157,-12792,-6800,7612,-434,202,-68,0
3259.550495147705,6856,7584,11900,-244,-265,151,6036,-8208,11740,74,52,-277,-12600,4240,7704,-1012,148,-146,-12620,-6872,7696,-425,187,-52,0
3259.583806037903,6824,7500,12016,-274,-230,163,6100,-8512,11280,70,25,-279,-12556,4288,7452,-1013,196,-80,-12340,-6744,7564,-443,192,-38,0
3259.6173470020294,6896,7480,11892,-247,-230,155,6092,-8508,11476,81,30,-3,-12780,4228,7624,-771,173,-158,-12628,-6660,7676,-460,199,-73,0
3259.650740146637,6816,7356,11748,-213,-182,144,5888,-8504,11432,32,58,-236,-12584,4280,7604,-1280,121,-164,-12768,-6740,7584,-505,173,-105,0
3259.684206008911,6660,7192,11724,-144,-109,131,6136,-8236,11412,6,57,-206,-12660,4228,7616,-1035,105,-81,-12660,-6676,7556,-551,152,-154,0
3259.7179100513454,6812,7460,11632,-136,-32,98,6188,-8400,11320,-36,155,-139,-12656,4164,7336,-1016,90,-20,-12940,-6792,7268,-490,89,-179,0
3259.7511689662933,6724,7488,11736,-178,88,38,6148,-8292,11348,-87,233,-122,-12708,4300,7600,-991,46,-16,-12680,-6812,7368,-469,15,-212,0
3259.7847299575806,6996,7444,11920,-198,110,31,6096,-8536,11500,-45,6,-122,-12704,4260,7772,-778,5,-63,-12608,-6828,7636,-496,143,-206,0
3259.8182060718536,6900,7716,12048,-168,-13,64,6080,-8696,11556,19,170,-149,-12556,3852,7748,-769,15,-89,-12628,-6920,7608,-482,179,-142,0
3259.8519859313965,6796,7732,11824,-104,-55,112,6048,-8272,11444,-93,190,-176,-12592,4344,7920,-996,101,-99,-12704,-6852,7620,-514,180,-125,0
3259.8853039741516,6800,7492,11956,-179,-140,71,5956,-8504,11432,-97,123,-199,-12480,4236,7748,-971,80,-46,-12548,-6776,7516,-505,197,-107,0
3259.918920993805,6644,7536,11796,-116,-119,115,6044,-8508,11564,-82,148,-159,-12560,4280,7968,-770,81,-59,-12740,-6860,7892,-473,114,-85,0
3259.9523999691014,6836,7580,11788,-170,5,89,5976,-8460,11424,-11,196,-100,-12572,4324,7632,-995,96,-20,-12304,-6876,7648,-486,34,-123,0
3259.985899925232,6716,7536,11828,-179,64,80,6088,-8532,11620,-44,193,-113,-12576,4204,7812,-1004,68,252,-12596,-6916,7696,-480,56,-125,0
3260.0194931030273,6732,7592,11888,-133,29,77,6040,-8504,11440,-35,171,-152,-12588,4548,7696,-769,90,-53,-12600,-6840,7712,-494,109,-108,0
3260.057699918747,6700,7596,12044,-180,-38,148,5952,-8480,11492,12,112,-200,-12612,4244,7788,-1012,124,-107,-12544,-6712,7652,-492,230,-80,0
3260.0928130149846,6688,7504,11864,-177,-188,178,6088,-8472,11368,-65,67,-233,-12728,4212,7880,-984,178,-102,-12616,-6792,7544,-767,222,-87,0
3260.1286709308624,6868,7556,11556,-141,-163,144,6052,-8416,11412,-41,78,-217,-12328,4256,7592,-967,207,-66,-12628,-6820,7696,-506,169,-89,0
3260.163749933243,6888,7448,11884,-166,-56,137,6156,-8520,11432,0,130,-176,-12728,4184,7596,-1002,69,-93,-12588,-6856,7440,-492,144,-123,0
3260.1996190547943,6680,7580,11796,-184,-41,103,5908,-8412,11424,-26,185,-182,-12692,4156,7708,-996,56,-74,-12636,-7160,7372,-501,131,-140,0
3260.234426021576,6824,7640,11904,-193,-61,61,6076,-8392,11564,-30,185,-165,-12508,4044,7688,-1001,82,-100,-12644,-6888,7676,-485,117,-178,0
3260.2705080509186,6772,7436,11572,-115,-71,68,6012,-8460,11272,-72,191,-164,-12488,4184,7728,-1022,73,-79,-12308,-6864,7488,-459,130,-136,0
3260.30606007576,6720,7636,12248,-178,-46,84,5940,-8688,11608,-36,144,-166,-12440,4204,7740,-997,77,-2,-12316,-6816,7532,-494,126,-123,0
3260.341887950897,6772,7464,11844,-173,-70,103,6012,-8612,11504,-22,97,-183,-12556,4264,7740,-1028,139,-36,-12296,-6876,7552,-466,157,-107,0
3260.378123998642,6748,7632,11776,-178,-100,111,5964,-8692,11604,-17,144,-170,-12792,4292,7692,-997,134,-89,-12600,-6780,7604,-492,173,-130,0
3260.4127719402313,6720,7624,11876,-200,-100,123,5908,-8400,11720,-45,118,-214,-12636,4172,7932,-961,105,-117,-12664,-6852,7628,-445,156,-72,0
3260.4475231170654,6832,7640,11888,-168,-102,127,6048,-8196,11560,-59,105,-168,-12604,4220,7932,-1003,107,-69,-12700,-6792,7692,-486,149,-121,0
3260.4833331108093,6712,7584,11976,-161,-44,123,6244,-8692,11428,-46,116,-171,-12624,4252,7616,-1028,98,-99,-12688,-6804,7564,-487,108,-158,0
3260.5187430381775,6876,7568,11708,-164,-59,85,6064,-8496,11688,17,159,-155,-12356,4152,7448,-769,61,-40,-12592,-6840,7444,-509,104,-162,0
3260.5543620586395,6948,7624,11900,-141,-38,90,6000,-8508,11456,-45,189,-137,-12624,4156,7828,-1051,44,-33,-12608,-6904,7512,-763,129,-134,0
3260.5901751518254,6728,7432,11872,-227,-19,75,6064,-8476,11264,-20,171,-190,-12616,4324,7684,-1011,116,-66,-12620,-6704,7868,-472,146,-104,0
3260.62546300888,6900,7544,11784,-156,-75,130,6072,-8480,11392,-51,115,-162,-12596,4180,7684,-1014,115,-63,-12572,-6792,7676,-484,86,-104,0
3260.6611640453334,6700,7540,11684,-220,-41,126,6128,-8252,11756,-56,110,-147,-12588,4132,7800,-1007,103,-59,-12608,-6864,7696,-490,84,-143,0
3260.6967730522156,6776,7476,11888,-199,-47,88,6012,-8676,11724,-52,178,-162,-12664,4236,7852,-1032,47,-74,-12608,-6820,7560,-484,114,-169,0
3260.7300729751587,6712,7596,11892,-182,-13,77,6036,-8556,11616,249,210,-150,-12616,4200,7544,-1060,42,-75,-12612,-6872,7564,-475,163,-172,0
3260.7636020183563,6712,7544,12188,-191,-38,96,6028,-8468,11408,26,186,-158,-12520,4204,7768,-1031,88,-78,-12480,-6792,7636,-476,188,-155,0
3260.7971091270447,6520,7612,11912,-201,-91,123,5972,-8464,11572,-22,121,-204,-12528,4224,7716,-1000,143,-130,-12496,-6912,7652,-478,206,-82,0
3260.8304920196533,6764,7656,12040,-197,-150,151,5828,-8472,11424,-25,88,-211,-12488,4200,7764,-995,177,-156,-12600,-6904,7752,-766,207,-68,0
3260.863990068436,6744,7604,11976,-158,-121,155,6008,-8340,11284,-42,60,-206,-12592,4248,7680,-966,181,-96,-12580,-6800,7528,-258,186,-98,0
3260.8972561359406,6796,7440,11996,-181,-94,147,6232,-8432,11276,-39,125,-171,-12548,4188,7572,-1007,99,-71,-12576,-6868,7528,-496,146,-137,0
3260.930727005005,6884,7524,11824,-185,-99,112,6164,-8388,11268,-24,165,-171,-12680,4332,7620,-999,87,-63,-12796,-6836,7584,-762,103,-144,0
3260.964246034622,6760,7860,11872,-189,-39,83,5988,-8540,11392,-30,220,-160,-12604,4184,7864,-981,75,-74,-12644,-6800,7656,-481,149,-143,0
3260.997889995575,6856,7508,12272,-178,-55,96,6040,-8580,11456,-23,173,-169,-12596,4200,7664,-774,81,-118,-12644,-6880,7528,-469,136,-133,0
3261.031429052353,6836,7868,11684,-188,-99,133,6004,-8508,11580,-11,131,-183,-12564,4232,7792,-997,129,-76,-12564,-6884,7612,-484,160,-100,0
3261.0647389888763,6756,7520,11868,-174,-75,143,6024,-8432,11564,-10,108,-198,-12508,4220,7740,-776,118,-81,-12508,-6852,7660,-498,164,-104,0
3261.098433971405,6708,7564,12020,-191,-100,139,5696,-8460,11428,-35,106,-214,-12628,4152,7476,-1019,105,-127,-12612,-6864,7756,-465,173,-95,0
3261.1317801475525,6680,7612,12020,-194,-89,125,6044,-8408,11436,-37,109,-170,-12564,4212,7752,-982,115,-76,-12540,-6800,7580,-502,121,-115,0
3261.1652240753174,7096,7448,11820,-155,-58,111,6064,-8508,11664,-52,143,-148,-12568,4268,7760,-1015,43,-19,-12564,-6828,7732,-496,109,-134,0
3261.1987199783325,6812,7532,11920,-169,-13,49,6380,-8456,11752,-29,174,-147,-12600,4132,7664,-1280,52,-26,-12604,-6824,7524,-497,46,-180,0
3261.232106924057,6896,7540,11868,-144,103,43,6144,-8464,11504,-54,186,-96,-12628,3900,7848,-1025,15,0,-12660,-6884,7616,-496,42,-195,0
3261.265365123749,6836,7608,12240,-210,123,20,6328,-8680,11420,-40,241,-107,-12664,4204,7604,-572,-765,-92,-12696,-6820,7708,-452,113,-191,0
3261.2990350723267,6800,7512,11924,-181,61,40,6032,-8500,11360,-71,231,-140,-12624,4256,7640,-1033,29,-43,-12700,-6716,7588,-504,100,-142,0
3261.3323731422424,6944,7512,11936,-153,41,99,6028,-8564,11424,-16,161,-82,-12620,4280,7660,-1060,74,-6,-12744,-6848,7664,-521,81,-151,0
3261.3659279346466,6480,7596,12032,-177,57,99,5908,-8600,11444,-12,167,-84,-12728,4252,7788,-1085,93,-46,-12656,-7168,7920,-514,59,-159,0
3261.399348974228,6664,7624,11876,-151,89,97,6084,-8548,11360,-70,190,-81,-12500,4376,7700,-1046,47,1,-12572,-6900,7868,-517,49,-145,0
3261.4326310157776,6432,7564,11816,-111,98,90,5900,-8668,11312,-43,160,-95,-12552,4292,7884,-1023,78,18,-12772,-6836,7568,-499,56,-158,0
3261.4662001132965,6572,7632,11808,-196,2,80,6024,-8408,11416,-73,171,-147,-12392,4216,7716,-955,72,-27,-12516,-6816,7848,-475,113,-158,0
3261.4997990131374,6416,7600,11836,-174,-7,53,5904,-8508,11576,-97,226,-213,-12296,4252,7816,-978,27,-137,-12760,-6896,7612,-458,164,-191,0
3261.5332310199738,6628,7676,11948,-235,-81,23,5888,-8400,11716,-59,4,-252,-12620,4156,7872,-1010,81,-155,-12560,-7000,7672,-457,184,-185,0
3261.5668981075287,6500,7652,11944,-203,-57,-11,6044,-8432,11464,-153,213,-511,-12500,4296,7740,-1010,69,-119,-12676,-6748,7688,-478,159,-190,0
3261.6004691123962,6832,7592,11932,-181,-82,14,6108,-8520,11392,-118,211,-242,-12568,4252,7668,-774,48,-55,-12496,-6824,7576,-458,173,-190,0
3261.6335439682007,6688,7628,11940,-171,-52,3,6072,-8604,11432,-109,177,-185,-12552,4228,7808,-1048,17,-82,-12600,-6768,7712,-486,99,-178,0
3261.667299985885,6724,7596,11848,-170,10,28,5936,-8420,11656,-113,218,-142,-12548,4528,7868,-1064,75,-45,-12664,-6932,7604,-471,105,-166,0
3261.7004549503326,6756,7532,11856,-189,50,82,5908,-8596,11572,-80,242,-51,-12616,4280,6980,-1197,71,14,-12576,-6896,7924,-493,64,-117,0
3261.737534046173,6704,7432,11884,-169,74,100,5956,-8556,11524,-65,156,-79,-12576,4236,7912,-990,77,38,-12488,-6856,7608,-529,42,-122,0
3261.773400068283,6676,7496,11940,-120,17,146,5904,-8560,11524,-27,144,-86,-12540,4212,7696,-1041,-219,-64,-12488,-6916,7800,-481,109,-116,0
3261.809350013733,6592,7496,11868,-160,-28,122,6080,-8568,11536,-43,179,-149,-12436,4240,7832,-1012,92,-38,-12504,-7168,7792,-478,148,-115,0
3261.8442399501805,6612,7624,11588,-189,-25,98,5936,-8556,11288,-73,133,-156,-12444,4196,7800,-931,110,-113,-12564,-6712,7692,-483,154,-106,0
3261.8790550231934,6604,7528,11884,-175,-60,87,5932,-8648,11464,-61,198,-184,-12424,4372,7812,-971,20,-78,-12600,-6832,7932,-501,162,-158,0
3261.919503927231,6704,7624,11860,-209,-100,81,5672,-8704,11584,11,187,-179,-12296,4316,7816,-996,51,-59,-12664,-6968,7920,-487,166,-137,0
3261.9548139572144,6568,7648,11912,-186,-80,77,5648,-8584,11688,-36,171,-195,-12444,4220,7836,-995,80,-85,-12388,-6948,7664,-453,160,-99,0
3261.9907081127167,6572,7908,12148,-230,-144,82,6116,-8532,11640,-11,140,-248,-12544,4252,7836,-949,81,-159,-12504,-7108,7600,-473,201,-95,0
3262.026118993759,6676,7536,11856,-191,-194,156,5948,-8576,11492,-32,93,-226,-12504,4200,7732,-974,131,-95,-12560,-6892,7724,-472,158,-58,0
3262.0618629455566,6688,7604,11992,-183,-191,201,5936,-8552,11524,6,63,-191,-12408,4196,7608,-1013,195,-74,-12304,-6672,7676,-502,117,-32,0
3262.0980529785156,6652,7624,11960,-207,-184,255,5648,-8524,11568,41,50,-184,-12516,4308,7804,-998,220,-96,-12452,-7160,7472,-496,137,-35,0
3262.1332190036774,6552,7564,11964,-212,-185,224,5912,-8456,11588,62,40,-207,-12524,4252,7728,-1045,226,-106,-12532,-7152,7700,-493,171,14,0
3262.1696259975433,6704,7564,11944,-215,-203,230,5928,-8588,11604,92,20,-219,-12516,4160,7792,-773,260,-153,-12768,-6828,7428,-497,176,-254,0
3262.2048461437225,6720,7624,11912,-190,-229,228,5904,-8452,11480,59,8,-257,-12572,4232,7780,-979,257,-112,-12568,-6792,7764,-492,196,-18,0
3262.2403769493103,6736,7600,11860,-213,-305,238,6080,-8388,11568,67,6,-279,-12616,4268,7792,-1024,281,-175,-12572,-6860,7612,-452,211,-15,0
3262.2754731178284,6848,7592,11852,-264,-235,178,6108,-8636,11440,83,51,-246,-12628,4228,7852,-1026,211,-119,-12580,-6808,7472,-480,203,-33,0
3262.3115010261536,6748,7512,11976,-499,-261,140,6036,-8584,11656,110,47,-256,-12612,4256,7828,-1019,222,-156,-12540,-6828,7628,-455,218,-64,0
3262.347790956497,6712,7588,12056,-234,-210,165,6060,-8384,11716,60,39,-243,-12320,4148,7512,-997,174,-85,-12516,-6788,7824,-471,166,-63,0
3262.3833079338074,6768,7564,11700,-231,-190,192,5992,-8200,11364,39,52,-232,-12484,4244,7708,-1024,193,-142,-12620,-6808,7748,-507,140,-58,0
3262.4167599678044,6664,7432,11824,-195,-200,158,6036,-8468,11636,95,67,-193,-12568,4200,7732,-1069,135,-109,-12448,-6848,7596,-534,169,-77,0
3262.4502079486847,6776,7608,11776,-171,-178,214,6020,-8444,11544,85,47,-197,-12544,4168,7860,-1036,201,-65,-12576,-6808,7620,-763,171,-51,0
3262.4838881492615,6676,7500,12020,-160,-120,155,6008,-8468,11596,17,51,-213,-12616,4268,7612,-1032,158,-77,-12488,-6880,7688,-538,158,-109,0
3262.5174210071564,6656,7476,12000,-162,-134,156,6132,-8476,11700,7,86,-146,-12576,4168,7712,-1022,116,-83,-12596,-6764,7792,-502,85,-86,0
3262.5507941246033,6876,7540,11812,-142,-6,134,6124,-8448,11380,-13,112,-100,-12636,4072,7632,-1021,113,-27,-12696,-6808,7628,-543,77,-143,0
3262.5843579769135,7116,7524,11532,-112,66,113,6392,-8308,11412,-23,152,-88,-12392,4076,7776,-1046,168,7,-12652,-7160,7496,-530,68,-156,0
3262.617704153061,6792,7452,12000,-173,59,99,6072,-8372,11544,254,137,-124,-12772,3908,7856,-1038,130,-249,-12588,-6856,7568,-497,166,-151,0
3262.651211977005,6764,7460,11864,-147,-31,98,5992,-8640,11488,-8,149,-176,-12472,4180,7808,-978,55,-109,-12720,-6916,7568,-485,178,-160,0
3262.6847150325775,6748,7596,11900,-150,-97,87,6092,-8476,11644,-27,207,-213,-12644,4316,7776,-972,34,-155,-12592,-6948,7452,-503,213,-183,0
3262.718155145645,6860,7432,11920,-151,-126,27,6004,-8572,11272,-14,191,-246,-12536,4232,7640,-954,96,-137,-12568,-6840,7608,-471,234,-116,0
3262.7515840530396,6724,7564,11928,-176,-119,65,6028,-8544,11596,-46,159,-219,-12776,4236,7580,-933,64,-66,-12528,-6792,7676,-502,179,-90,0
3262.7850220203404,6744,7624,11824,-172,-62,104,5976,-8384,11548,-37,138,-196,-12468,4248,7860,-943,107,-35,-12532,-7016,7664,-479,115,-115,0
3262.8186750411987,6804,7580,11864,-185,-26,118,5992,-8664,11536,-44,148,-125,-12480,4108,7852,-941,125,-70,-12544,-6868,7744,-463,97,-108,0
3262.8523111343384,6756,7468,11864,-160,-39,116,5936,-8200,11568,-75,166,-160,-12664,4192,7832,-959,114,-78,-12584,-6792,7640,-491,135,-94,0
3262.885647058487,6768,7508,11896,-159,-79,131,6036,-8472,11580,-38,127,-184,-12552,4268,7848,-952,133,-81,-12668,-6740,7620,-504,182,-99,0
3262.919106960296,6772,7528,11908,-168,-114,126,6040,-8444,11476,-33,126,-183,-12768,4216,7668,-972,118,-97,-12540,-6876,7380,-513,208,-108,0
3262.9524350166325,7112,7528,11932,-169,-74,106,6040,-8416,11320,1,117,-204,-12520,4204,7752,-983,128,-89,-12564,-6916,7548,-491,149,-136,0
3262.985825061798,6936,7468,11836,-155,-64,99,6060,-8244,11276,-39,137,-179,-12668,4248,7536,-971,105,-102,-12640,-6836,7584,-489,121,-141,0
3263.019684076309,6868,7580,11784,-161,-42,109,6004,-8432,11692,-49,182,-143,-12528,4348,7668,-1004,103,-47,-12628,-6852,7584,-484,125,-99,0
3263.0532290935516,6828,7580,11740,-170,-34,102,6064,-8488,11424,-40,161,-149,-12596,4196,7720,-972,115,-64,-12528,-6812,7820,-458,98,-122,0
3263.0869030952454,6756,7552,11876,-174,-28,87,6016,-8368,11572,-45,144,-145,-12532,4528,7828,-982,112,-98,-12440,-6812,7664,-488,166,-135,0
3263.1203620433807,6884,7436,11908,-180,-105,96,5984,-8424,11304,-52,141,-194,-12592,4284,7704,-1013,133,-138,-12300,-6912,7580,-485,179,-104,0
3263.1533520221706,6764,7536,11952,-159,-85,111,5996,-8528,11500,-15,135,-189,-12536,4116,7680,-1037,139,-69,-12700,-6748,7860,-502,170,-119,0
3263.1869299411774,6672,7560,11976,-160,-76,122,6060,-8496,11380,-39,116,-171,-12788,4244,7504,-1024,69,-93,-12768,-6840,7588,-485,190,-99,0
3263.2203500270844,6788,7496,11864,-153,-97,96,5988,-8388,11568,-18,147,-200,-12628,4160,7872,-1047,101,-91,-12324,-6888,7584,-494,178,-119,0
3263.253878116608,6744,7524,11716,-150,-75,106,5984,-8200,11320,-10,164,-186,-12628,4180,7788,-1047,82,-102,-12620,-6872,7660,-454,148,-133,0
3263.287388086319,6744,7580,11932,-211,-61,104,6044,-8416,11580,-3,154,-174,-12556,4192,7660,-769,101,-69,-12596,-6888,7596,-447,133,-92,0
3263.3206279277806,6880,7652,11716,-181,-48,127,6016,-8468,11632,-30,161,-158,-12588,4228,7788,-1269,131,-49,-12696,-6872,7576,-481,133,-115,0
3263.3541820049286,6816,7504,11776,-173,-79,95,5916,-8704,11272,-16,135,-149,-12604,4220,7880,-1076,80,-83,-12528,-6764,7524,-495,158,-113,0
3263.3901660442352,6792,7548,11796,-156,-53,113,6048,-8292,11644,-1,138,-150,-12532,4128,7744,-1065,90,-65,-12656,-6904,7600,-457,137,-142,0
3263.425542116165,6852,7640,11792,-145,-47,67,6072,-8372,11636,-67,179,-173,-12664,4192,7932,-1026,67,-53,-12632,-6808,7544,-483,166,-155,0
3263.4612860679626,6800,7472,12012,-194,-51,79,6024,-8544,11620,-3,166,-174,-12580,4252,7632,-1023,79,-103,-12632,-6776,7748,-475,164,-117,0
3263.4977810382843,6720,7568,11624,-189,-39,70,6100,-8444,11464,-40,144,-180,-12296,4244,7820,-1055,105,-46,-12696,-6660,7840,-446,110,-113,0
3263.533317089081,6760,7528,11872,-184,-25,104,5980,-8492,11324,-63,162,-160,-12480,4288,7648,-1066,157,-46,-12644,-7128,7680,-445,90,-97,0
3263.5686700344086,6760,7556,11900,-175,-53,108,5900,-8516,11740,-70,129,-168,-12496,4256,7460,-1070,110,-51,-12524,-6784,7636,-488,152,-89,0
3263.6038300991054,6708,7492,11696,-147,-9,127,6036,-8456,11344,-88,103,-126,-12576,4204,7576,-1074,109,-100,-12612,-6888,7544,-267,127,-121,0
3263.639240026474,6852,7464,11856,-166,-254,108,5988,-8228,11520,-44,173,-137,-12620,4240,7480,-1054,104,-36,-12612,-6780,7648,-498,111,-160,0
3263.675028085708,6784,7440,11900,-160,65,55,6064,-8696,11404,-54,196,-157,-12680,4208,7696,-1278,24,-73,-12556,-6916,7716,-475,189,-150,0
3263.7107050418854,6828,7672,11940,-231,10,86,6124,-8704,11484,-51,208,-177,-12652,4280,7828,-1084,72,-69,-12784,-7108,7928,-511,142,-159,0
3263.7459290027614,6816,7508,11980,-148,-39,62,5992,-8564,11760,-69,177,-158,-12664,4228,7912,-1018,55,-77,-12608,-6948,7484,-513,157,-145,0
3263.7813630104065,6704,7628,11908,-106,-15,74,6040,-8648,11292,-73,140,-155,-12620,4256,7716,-1041,60,-20,-12588,-6868,7524,-550,136,-119,0
3263.8161740303044,6700,7544,11820,-123,-12,113,6312,-8264,11652,-152,133,10,-12492,3940,7572,-1054,121,-50,-12532,-6952,7612,-526,121,-117,0
3263.8519310951233,6620,7540,11776,-147,252,104,6116,-8436,11464,-100,162,-125,-12516,3924,8548,-893,128,-11,-12496,-6908,7564,-479,124,-126,0
3263.8876440525055,6716,7536,12048,-155,18,85,5936,-8468,11552,-116,181,-149,-12524,4260,7748,-989,66,-51,-12604,-6900,7476,-482,140,-149,0
3263.9229750633244,6660,7424,11972,-154,249,74,5948,-8604,11708,-99,202,-156,-12588,4244,7760,-849,-405,-97,-12632,-6832,7616,-257,153,-116,0
3263.9581439495087,6624,7560,11896,-135,-47,90,5952,-8456,11272,-96,139,-181,-12312,4212,7688,-1058,118,-83,-12568,-6860,7732,-497,178,-120,0
3263.993581056595,6780,7928,12028,-149,-32,67,6004,-8500,11400,-87,175,-213,-12560,4212,7684,-1016,151,-113,-12576,-6904,7596,-440,166,-129,0
3264.0300319194794,6848,7924,11908,-177,-17,56,5816,-8424,11700,-128,114,-167,-12632,4228,7800,-1009,109,-118,-12532,-6880,7592,-485,144,-105,0
3264.065675973892,6764,7564,11940,-195,-70,70,5896,-8516,11464,-67,198,-190,-12524,4208,7724,-1052,91,-101,-12592,-6940,7752,-452,186,-108,0
3264.0994300842285,6656,7576,11772,-158,-100,116,5912,-8480,11584,-36,117,-188,-12532,4168,7776,-1054,161,-53,-12516,-7156,7692,-474,172,-85,0
3264.1328740119934,6660,7636,11904,-151,-100,121,6080,-8548,11640,-122,112,-178,-12620,4252,7808,-1043,131,-68,-12620,-6828,7492,-472,150,-130,0
3264.166393995285,6788,7668,11916,-227,-65,99,6572,-8360,12020,-104,131,-82,-12584,3964,7560,-930,85,-55,-12644,-6888,7740,-438,135,-129,0
3264.199918985367,6804,7488,11864,-215,-15,84,6028,-8568,11488,-74,185,-175,-12780,4224,7716,-973,92,-100,-12568,-6800,7672,-408,100,-130,0
3264.2335340976715,6728,7636,11908,-237,-22,73,5992,-8520,11488,-37,195,-126,-12660,4136,7516,-978,96,-63,-12540,-6924,7748,-430,92,-90,0
3264.2671949863434,6904,7656,11924,-508,-87,106,5888,-8660,11456,-8,154,-206,-12504,4284,7868,-973,122,-52,-12408,-6936,7584,-461,155,-76,0
3264.3007750511174,6428,7600,11992,-168,-173,151,5840,-8576,11724,-41,108,-221,-12516,4344,7848,-957,123,-130,-12416,-6764,7652,-487,180,-43,0
3264.33434510231,6640,7640,11876,-157,-193,181,5992,-8492,11340,-255,76,-258,-12400,4144,7616,-938,200,-162,-12784,-6792,7548,-440,221,-34,0
3264.367954015732,6540,7532,11876,-240,-203,171,5816,-8504,11480,7,74,-268,-12484,4252,7516,-1000,230,-183,-12436,-6680,7680,-459,220,255,0
3264.401314020157,6408,7536,11908,-232,-257,196,5928,-8512,11668,40,35,-313,-12796,4320,7792,-967,197,-153,-12636,-6820,7732,-451,508,-10,0
3264.4349839687347,6656,7536,11912,-247,-245,221,5996,-8552,11472,66,46,-269,-12636,4284,7456,-992,160,-144,-12652,-6800,7572,-483,208,-51,0
3264.468641996384,6696,7440,11836,-219,-188,167,6144,-8464,11448,46,85,-509,-12632,4164,7660,-981,159,-125,-12644,-6828,7652,-458,174,-66,0
3264.502139091492,6696,7484,11996,-223,-178,168,6056,-8472,11472,46,69,-246,-12728,4168,7888,-978,209,-151,-12640,-6804,7468,-445,182,-42,0
3264.5358450412746,6856,7604,11972,-272,-196,181,5932,-8436,11564,37,49,-10,-12624,4152,7748,-957,155,-194,-12652,-6812,7620,-442,190,-78,0
3264.569458961487,6796,7620,11656,-258,-223,170,6192,-8196,11656,49,96,-239,-12656,4096,7736,-974,97,-168,-12676,-6848,7592,-444,216,-108,0
3264.6030931472774,6880,7540,11876,-235,-197,130,6096,-8256,11484,81,115,-251,-12624,4188,7612,-1004,88,-112,-12712,-6776,7560,-459,185,-99,0
3264.636197090149,6792,7232,11812,-245,-188,128,6164,-8304,11480,68,114,-226,-12572,4212,7716,-1016,125,-72,-12628,-6840,7576,-482,180,-93,0
3264.669956922531,6736,7516,11868,-212,-177,141,5996,-8436,11520,70,94,-224,-12640,4128,7620,-1011,122,-119,-12620,-6880,7576,-479,181,-72,0
3264.7035160064697,6776,7580,11760,-206,-167,173,6072,-8448,11476,29,104,-206,-12780,4184,7580,-992,184,-132,-12624,-6908,7852,-418,191,-79,0
3264.7371900081635,6844,7528,11884,-216,-127,137,6024,-8468,11544,-31,81,-222,-12592,4216,7776,-963,121,-89,-12532,-6860,7668,-441,166,-62,0
3264.770879030228,6720,7460,11904,-230,-137,106,6060,-8540,11560,-36,129,-209,-12584,4348,7612,-1005,92,-90,-12652,-6812,7624,-461,196,-129,0
3264.8043870925903,6896,7452,11732,-190,-75,96,6304,-8276,11268,-34,167,-204,-12572,4112,7780,-984,78,-68,-12556,-6780,7744,-455,158,-161,0
3264.837707042694,6836,7464,11772,-150,-58,33,6084,-8436,11476,-73,211,-214,-12652,4144,7668,-998,61,-111,-12672,-6724,7560,-465,165,-168,0
3264.871323108673,6996,7532,11812,-194,8,4,6016,-8376,11468,-38,222,-178,-12592,4212,7552,-1000,10,-46,-12760,-6712,7620,-467,114,-205,0
3264.9047639369965,6908,7580,11740,-153,53,35,6096,-8556,11516,-65,223,-111,-12564,4240,7812,-1027,26,1,-12624,-6724,7576,-469,87,-169,0
3264.9382359981537,6824,7488,11860,-204,66,70,5984,-8252,11504,-54,233,-127,-12636,4220,7604,-1008,91,-23,-12540,-6800,7524,-461,59,-161,0
3264.9718799591064,6688,7584,11856,-170,59,63,6012,-8476,11480,-100,199,-124,-12528,4252,7572,-1004,72,-35,-12376,-6756,7512,-492,116,-170,0
3265.0054879188538,6712,7464,11764,-135,247,91,6012,-8540,11388,-119,174,-129,-12548,4188,7712,-1000,32,-76,-12760,-6896,7920,-467,99,-187,0
3265.039206981659,6656,7540,11896,-146,248,46,5988,-8512,11496,-78,184,-172,-12552,4200,7792,-996,28,-102,-12360,-7100,7456,-475,167,-186,0
3265.0757529735565,6736,7500,11972,-150,36,49,5952,-8516,11704,-107,2,-147,-12596,4196,7680,-1008,-12,-30,-12572,-6792,7716,-487,133,-212,0
3265.1109681129456,6720,7596,12080,-127,63,9,5948,-8348,11624,-122,216,-140,-12632,4276,7620,-950,29,-24,-12572,-6876,7500,-492,89,-218,0
3265.1460630893707,6784,7644,11884,-129,98,11,5908,-8544,11772,-147,220,-134,-12660,4256,7756,-976,52,-9,-12560,-6936,7460,-473,95,-216,0
3265.1818799972534,6420,7524,11788,-134,121,9,6048,-8372,11460,-150,250,-142,-12296,4156,7904,-981,38,-10,-12568,-6824,7608,-495,96,-197,0
3265.218197107315,6900,7524,11908,-165,95,27,6016,-8492,11452,-142,498,-142,-12592,4292,7640,-960,10,-30,-12732,-6812,7444,-468,105,-201,0
3265.2536380290985,6864,7760,11896,-136,48,14,6136,-8436,11464,-186,506,-108,-12468,4320,7700,-941,70,-245,-12792,-6668,7432,-470,123,-184,0
3265.289472103119,6696,7560,12016,-161,38,25,5900,-8556,11692,-132,221,-134,-12460,4220,7656,-901,-28,-81,-12300,-6948,7628,-460,126,-177,0
3265.324902057648,6708,7648,11840,-129,57,61,5888,-8560,11644,-136,200,-157,-12604,4320,7684,-989,50,-20,-12648,-6748,7684,-492,121,-146,0
3265.3600740432735,6676,7580,11888,-133,34,56,6140,-8604,11372,-89,203,-134,-12324,4304,7876,-1016,50,-20,-12788,-6776,7708,-498,98,-171,0
3265.395108938217,6468,7504,11736,-133,84,75,5892,-8668,11408,-161,189,255,-12564,4172,7528,-1040,97,36,-12572,-6832,7908,-268,47,-154,0
3265.4304139614105,6636,7620,11900,-146,89,120,6024,-8580,11340,-52,167,-15,-12544,4256,7476,-787,119,52,-12580,-6788,7732,-537,25,-132,0
3265.465693950653,6572,7580,11980,-173,45,133,5816,-8668,11424,21,188,-29,-12540,4188,7744,-1045,52,-234,-12768,-6880,7692,-547,49,-101,0
3265.5013620853424,6612,7668,12240,-144,7,186,5688,-8492,11564,16,166,-81,-12688,4296,7848,-1042,88,-65,-12492,-7016,7568,-521,118,-90,0
3265.537640094757,6504,7636,12060,-176,-160,183,5796,-8600,11692,21,97,-224,-12368,4300,7816,-983,132,-145,-12496,-6716,7732,-504,201,-68,0
3265.572798013687,6640,7604,11896,-158,-201,159,5640,-8476,11644,24,87,-1,-12600,4196,7732,-943,101,-116,-12420,-6900,7612,-489,219,-63,0
3265.608731985092,6412,7596,11920,-188,-233,146,5872,-8428,11372,23,103,-234,-12472,4276,7916,-920,115,-136,-12452,-7160,7608,-435,186,-51,0
3265.644354104996,6596,7612,11928,-231,-235,152,6100,-8564,11536,43,128,-237,-12564,4180,7900,-948,127,-130,-12588,-6952,7744,-437,169,-86,0
3265.679804086685,6736,7568,11908,-230,-184,140,6112,-8216,11612,85,142,-234,-12768,4316,7932,-965,81,-129,-12560,-6792,7928,-485,143,-93,0
3265.714986085892,6676,7528,12124,-236,-157,169,5836,-8532,11636,166,122,-199,-12560,4352,7728,-1011,121,-93,-12616,-6788,7672,-491,184,-47,0
3265.750813961029,6732,7524,11916,-224,-216,197,5856,-8516,11444,121,251,-229,-12436,4236,7632,-1016,171,-112,-12540,-6816,7568,-548,157,-42,0
3265.78431892395,6752,7524,11864,-196,-246,227,5900,-8460,11316,103,253,-225,-12664,4308,7604,-1021,202,-93,-12572,-6888,7868,-259,159,-20,0
3265.8180429935455,6724,7516,11804,-208,-217,216,5960,-8480,11676,81,-255,-215,-12596,4272,7568,-1016,200,-125,-12564,-6780,7604,-511,185,-33,0
3265.8518631458282,6852,7516,11904,-221,-169,164,5980,-8540,11440,39,24,-206,-12528,4216,7684,-1276,153,-120,-12576,-6864,7512,-493,200,-84,0
3265.8852779865265,6872,7504,11800,-160,-130,149,5964,-8396,11544,-11,98,-197,-12616,4172,7564,-1021,108,-69,-12508,-6760,7696,-503,186,-166,0
3265.918787956238,6836,7460,11876,-167,-35,88,5960,-8560,11496,-51,177,-169,-12616,4288,7552,-987,87,-31,-12752,-6800,7568,-462,116,-211,0
3265.9522840976715,6776,7580,11620,-167,39,35,6024,-8428,11480,-80,245,-150,-12760,4204,7424,-953,-248,-43,-12584,-6888,7632,-409,154,-214,0
3265.9856860637665,6784,7584,12004,-247,35,-12,6064,-8484,11688,-86,283,-199,-12716,4220,7888,-950,255,-128,-12472,-6880,7608,-416,198,-201,0
3266.0194799900055,6548,7704,12004,-188,-83,37,5652,-8508,11688,-60,223,-233,-12580,4172,7784,-1017,50,-153,-12616,-6668,7676,-484,224,-126,0
3266.0530190467834,6684,7688,12136,-152,-112,58,5884,-8484,11564,-47,145,-234,-12484,4284,7860,-974,70,-99,-12508,-6936,7872,-483,160,-159,0
3266.0866219997406,6756,7604,11956,-168,-135,81,5888,-8472,11580,-56,164,-211,-12492,4348,7816,-951,100,-48,-12604,-6924,7632,-464,102,-105,0
3266.120106935501,6652,7544,11992,-170,-24,119,5684,-8428,11476,-48,157,-139,-12452,4104,7620,-1008,59,-46,-12316,-6836,7696,-492,31,-117,0
3266.153468132019,6704,7512,11808,-208,24,127,5652,-8324,11368,-64,171,-97,-12496,4164,7804,-993,84,-37,-12440,-6992,7704,-437,29,-98,0
3266.1872379779816,6588,7764,12012,-210,-18,156,5816,-8620,11268,-55,146,-125,-12508,4228,7688,-992,126,-28,-12448,-6664,7576,-458,39,-80,0
3266.22079706192,6632,7720,11972,-108,-88,160,5676,-8208,11704,-78,125,-143,-12488,4232,7752,-1046,194,-55,-12328,-7116,7636,-465,170,-55,0
3266.2543840408325,6644,7620,12164,-166,-4,142,5952,-8584,11608,-57,53,-229,-12636,4204,7792,-1002,204,-43,-12588,-6744,7564,-490,235,-59,0
3266.287929058075,6812,7496,11892,-154,-65,122,6116,-8420,11404,-74,127,-208,-12644,4308,7732,-1008,134,-56,-12304,-6748,7696,-492,225,-113,0
3266.3216569423676,6880,7424,11876,-186,-62,78,6080,-8420,11488,-53,210,-166,-12620,4240,7428,-976,54,-72,-12580,-6844,7592,-473,161,-190,0
3266.3551540374756,6760,7604,11804,-236,-21,35,5980,-8428,11568,-53,236,-162,-12664,4096,7792,-981,15,-70,-12740,-6776,7696,-486,148,-161,0
3266.388337135315,6780,7584,11828,-212,21,49,5896,-8520,11608,-55,229,-159,-12568,4360,7656,-975,34,-30,-12592,-6784,7708,-487,112,-143,0
3266.4217391014095,6700,7564,11852,-153,-5,84,5864,-8544,11516,-36,169,-167,-12420,4360,7708,-981,93,-83,-12508,-6740,7684,-486,151,-125,0
3266.455363035202,6880,7612,11924,-171,-65,118,5872,-8612,11452,-54,120,-191,-12460,4336,7812,-1030,120,-108,-12556,-6824,7708,-490,172,-106,0
3266.48898601532,6608,7648,12044,-128,-122,143,5872,-8536,11440,-40,137,-181,-12584,4388,7792,-1048,98,-130,-12548,-6864,7684,-520,165,-140,0
3266.522164106369,6424,7632,11896,-180,-50,125,5840,-8452,11544,8,126,-160,-12480,4248,7880,-1271,114,-23,-12556,-6804,7780,-537,136,-148,0
3266.5557560920715,6868,7552,11788,-128,-21,127,5856,-8616,11588,-16,126,-161,-12492,4272,7796,-1064,115,-70,-12572,-6868,7628,-532,133,-120,0
3266.589262008667,6612,7484,11896,-150,-42,155,5748,-8452,11648,-24,114,-129,-12564,4228,7744,-995,111,-48,-12564,-6912,7804,-506,148,-74,0
3266.622729063034,6832,7612,11988,-179,-86,169,5868,-8548,11628,-43,118,-157,-12312,4244,7692,-1002,151,-64,-12600,-7068,7592,-494,164,-108,0
3266.656080007553,6752,7560,11880,-175,-76,122,5924,-8616,11288,-49,137,-182,-12796,4264,7708,-1000,154,-86,-12660,-6872,7596,-489,184,-119,0
3266.689733982086,6696,7588,11864,-188,-57,98,5912,-8456,11280,-36,115,-215,-12424,4188,7828,-1001,113,-108,-12772,-6852,7612,-488,167,-119,0
3266.723309993744,6636,7548,11940,-176,-85,85,5888,-8504,11504,-50,146,-198,-12604,4144,7656,-998,115,-109,-12500,-6900,7552,-468,141,-102,0
3266.7589290142055,6648,7624,11748,-171,-60,81,5908,-8516,11596,-43,114,-198,-12516,4240,7768,-1019,133,-69,-12528,-6804,7692,-442,163,-107,0
3266.7955589294434,6700,7516,11892,-164,-64,109,5956,-8452,11608,-60,93,-200,-12576,4304,7576,-997,142,-47,-12620,-6792,7664,-489,157,-84,0
3266.8314499855046,6800,7612,11800,-137,-30,136,5940,-8596,11724,-57,93,-139,-12520,4244,7616,-1078,166,-61,-12772,-6780,7452,-492,86,-100,0
3266.867319107056,6616,7368,11860,-149,-21,107,6096,-8524,11596,-53,89,-121,-12668,4184,7488,-1095,116,-3,-12540,-6792,7700,-510,96,-142,0
3266.90186214447,6900,7516,11824,-162,68,104,5896,-8472,11424,-54,156,-90,-12564,4248,8172,-1090,134,7,-12584,-6880,7468,-488,48,-127,0
3266.940436124801,6644,7680,12008,-143,40,58,5880,-8620,11632,-115,143,-124,-12572,4240,7716,-1045,91,-90,-12528,-6892,7692,-483,135,-121,0
3266.9770591259003,6652,7476,11892,-129,65,60,5916,-8624,11684,-126,190,-113,-12616,4320,6884,-1237,112,-57,-12580,-6864,7636,-433,145,-129,0
3267.012213945389,6644,7572,11884,-128,29,86,6116,-8460,11512,-145,135,-157,-12536,4344,7512,-1275,143,-83,-12576,-7092,7612,-476,144,-159,0
3267.0480670928955,6604,7640,12068,-144,9,88,5800,-8524,11388,-87,146,-188,-12600,4304,7924,-1040,85,-45,-12580,-6672,7716,-462,92,-145,0
3267.0832879543304,6584,7540,11856,-216,24,43,5688,-8608,11556,-165,207,-180,-12904,4100,8160,-797,34,-78,-12564,-7092,7664,-414,129,-185,0
3267.118689060211,6892,7600,11888,-186,51,27,6056,-8636,11636,-164,262,-182,-12572,4220,7904,-898,-68,-91,-12488,-6976,7712,-435,120,-204,0
3267.153785943985,6412,7428,11884,-207,19,-17,5864,-8488,11696,-154,288,-180,-12488,4252,7892,-939,23,-117,-12496,-6720,7472,-459,145,-181,0
3267.1896719932556,6604,7592,11956,-158,-4,252,5728,-8580,11512,-130,207,-219,-12316,4200,8412,-663,-408,-94,-12424,-7144,7624,-431,181,-123,0
3267.224597930908,6576,7656,11812,-195,-245,26,5804,-8508,11692,-118,158,-9,-12512,4192,7684,-998,110,-118,-12572,-6744,7604,-433,149,-114,0
3267.260260105133,6624,7624,12000,-194,-251,57,5824,-8488,11736,-128,185,-7,-12628,4380,7696,-1008,106,-46,-12484,-6852,7692,-451,182,-107,0
3267.2954771518707,6572,7528,11940,-183,245,73,5856,-8600,11684,-108,155,-186,-12524,4244,7800,-985,149,-76,-12608,-6868,7692,-448,151,-73,0
3267.331829071045,6456,7628,11828,-172,-21,124,5828,-8628,11768,-115,136,-158,-12516,4332,7720,-994,137,-77,-12564,-7160,7760,-468,107,-108,0
3267.367712020874,6552,7484,11948,-180,-254,108,5844,-8616,11452,-88,173,-152,-12400,4452,7752,-672,-347,-88,-12664,-6892,7716,-487,145,-130,0
3267.4043090343475,6540,7556,12072,-180,-8,101,5792,-8904,11644,-30,172,-168,-12552,4284,7620,-979,92,-85,-12292,-6836,7932,-465,141,-92,0
3267.437752008438,6456,7608,11888,-143,18,114,5880,-8568,11520,-57,162,-181,-12596,4296,7664,-979,102,-72,-12320,-6752,7568,-494,184,-112,0
3267.471349954605,6480,7560,12016,-183,-37,79,5872,-8696,11516,-59,193,-175,-12636,4328,7612,-1006,74,-87,-12540,-6860,7676,-487,168,-135,0
3267.5048680305486,6624,7616,11988,-181,-40,106,5788,-8608,11428,-16,175,-199,-12500,4512,7512,-955,105,-75,-12528,-6880,7684,-449,165,-106,0
3267.538188934326,6564,7564,11768,-188,-89,94,5896,-8620,11496,-25,154,-197,-12560,4260,7748,-963,126,-114,-12640,-6800,7720,-436,178,-81,0
3267.571785926819,6516,7688,11932,-201,-112,119,5812,-8572,11548,-25,135,-218,-12480,4268,7700,-951,134,-127,-12480,-6832,7728,-449,161,-80,0
3267.6054170131683,6456,7592,11920,-205,-124,161,5784,-8508,11532,-24,124,-193,-12420,4348,7752,-1008,129,-62,-12556,-6864,7708,-473,179,-73,0
3267.638514995575,6508,7668,12044,-166,-211,151,5808,-8612,11728,36,107,-240,-12444,4344,7712,-994,119,-118,-12552,-6976,7720,-497,187,-63,0
3267.6720890998845,6472,7588,12060,-183,-170,153,5784,-8692,11692,44,90,-238,-12460,4268,7508,-1010,182,-171,-12404,-6752,7776,-490,226,-36,0
3267.7056190967564,6548,7532,11968,-190,-215,146,5876,-8620,11488,37,61,-274,-12608,4328,7556,-996,213,-194,-12536,-6716,7560,-478,258,-53,0
3267.739319086075,6612,7556,11804,-218,-8,168,5992,-8520,11428,47,46,-272,-12524,4236,7704,-1005,221,-168,-12604,-6872,7632,-466,223,2,0
3267.7728049755096,6648,7532,12048,-234,-232,175,5988,-8596,11332,62,81,-249,-12556,4244,7652,-995,221,-110,-12616,-6824,7872,-457,215,-19,0
3267.8062329292297,6644,7548,11924,-512,-186,160,5928,-8628,11528,38,91,-250,-12296,4256,7560,-996,201,-132,-12604,-6756,7672,-449,186,-49,0
3267.840084075928,6840,7516,12016,-242,-227,173,6140,-8548,11596,31,65,-241,-12592,4308,7680,-978,155,-149,-12536,-6708,7660,-456,203,-58,0
3267.8736231327057,6680,7580,11780,-234,-203,136,5692,-8640,11664,76,66,-221,-12612,4204,7704,-987,158,-172,-12580,-6760,7524,-483,210,-70,0
3267.9070580005646,6872,7552,11800,-216,-211,177,6116,-8532,11732,72,63,-243,-12644,4232,7664,-1010,132,-126,-12616,-6788,7564,-486,228,-51,0
3267.94047498703,6624,7616,11948,-220,-233,174,5912,-8564,11524,109,70,-251,-12552,4284,7844,-1001,165,-119,-12616,-6772,7620,-455,201,-36,0
3267.973993062973,6656,7576,11800,-249,-236,169,5948,-8644,11264,126,60,-248,-12620,4316,7760,-973,170,-120,-12628,-6908,7592,-457,201,-74,0
3268.0075330734253,6584,7596,12024,-254,-211,165,5936,-8584,11512,115,82,-221,-12324,4128,7680,-1007,196,-183,-12592,-7112,7568,-445,200,-34,0
3268.041058063507,6660,7572,11840,-249,-213,190,6092,-8668,11528,80,62,-253,-12536,4180,7676,-985,191,-159,-12564,-6844,7604,-444,211,-70,0
3268.074653148651,6696,7572,11796,-211,-249,157,5860,-8464,11564,12,34,-236,-12624,4116,7636,-1039,228,-113,-12552,-6804,7588,-442,186,-61,0
3268.1081280708313,6728,7532,11824,-177,-179,124,6068,-8588,11412,-32,65,-244,-12544,4160,7708,-962,147,-121,-12568,-6692,7580,-466,204,-108,0
3268.1413099765778,6752,7504,11836,-177,-122,77,6008,-8616,11472,-51,150,-229,-12636,4104,7860,-985,119,-86,-12568,-6840,7416,-479,192,-184,0
3268.1748809814453,6760,7492,11792,-210,-42,38,5932,-8404,11444,-26,238,-192,-12692,4268,7832,-981,71,-55,-12668,-6784,7564,-481,194,-167,0
3268.208307981491,6764,7572,12084,-225,-13,65,5876,-8484,11508,-58,187,-206,-12608,4408,7652,-995,98,-117,-12664,-6912,7728,-458,218,-124,0
3268.2415900230408,6760,7572,11924,-186,-98,106,5948,-8572,11580,-60,118,-240,-12776,4216,7436,-1040,99,-108,-12696,-6748,7696,-484,186,-105,0
3268.275323152542,6848,7516,11828,-90,-47,89,6084,-8548,11384,-109,157,-172,-12828,4264,7688,-992,107,-40,-12728,-6744,7656,-495,113,-125,0
3268.3089439868927,6660,7544,12024,-144,-37,65,5996,-8600,11292,-96,171,-141,-12600,4332,7576,-979,73,-82,-12616,-6780,7444,-436,146,-116,0
3268.3422889709473,6588,7544,11972,-182,-13,111,6024,-8420,11632,-93,184,-151,-12584,4556,7908,-959,86,-84,-12596,-6780,7928,-447,94,-139,0
3268.3757779598236,6608,7548,11948,-148,-15,70,5936,-8600,11508,-79,206,-155,-12540,4196,7736,-984,41,-54,-12532,-6780,7656,-478,100,-160,0
3268.408746957779,6848,7556,11956,-165,-21,58,5824,-8536,11528,-67,220,-158,-12564,4232,7652,-961,15,-110,-12604,-6820,7436,-458,108,-191,0
3268.4449470043182,6744,7592,11924,-137,20,48,5656,-8492,11552,-88,234,-192,-12316,4300,7880,-959,34,-93,-12744,-6764,7536,-466,181,-187,0
3268.480637073517,6868,7640,12060,-197,-54,2,5868,-8688,11488,-67,252,-273,-12788,4252,7784,-904,33,-163,-12560,-6808,7672,-441,228,-148,0
3268.516238927841,6700,7564,11840,-154,-98,48,5808,-8540,11612,-84,206,-211,-12336,4248,7780,-959,102,-124,-12612,-6800,7644,-455,145,-110,0
3268.5523290634155,6660,7644,11920,-178,-95,103,5828,-8652,11316,-90,158,-199,-12588,4204,7524,-953,133,-44,-12652,-6868,7536,-439,122,-94,0
3268.5887799263005,6700,7588,11880,-181,-45,113,6000,-8636,11464,-103,168,-179,-12388,4252,7508,-1002,107,-76,-12596,-6728,7520,-475,101,-108,0
3268.623980998993,6704,7620,11908,-150,27,125,6108,-8564,11724,-42,161,-108,-12568,4476,7580,-1029,128,-18,-12624,-6756,7424,-525,56,-107,0
3268.6596059799194,6724,7604,11876,-159,27,132,5996,-8580,11676,-7,127,-125,-12540,4380,7580,-1279,102,-42,-12780,-6796,7576,-519,112,-129,0
3268.694652080536,6616,7544,11884,-141,-23,136,5960,-8624,11528,-18,153,-119,-12616,4320,7580,-1039,75,-45,-12640,-6752,7692,-527,107,-138,0
3268.730250120163,6648,7572,12044,-143,-22,145,5828,-8472,11716,-34,162,-138,-12592,4300,7720,-994,94,-94,-12552,-6748,7576,-506,141,-115,0
3268.7654900550842,6664,7468,11792,-180,-53,144,5792,-8560,11472,-68,129,-168,-12588,4252,7792,-994,104,-85,-12576,-6724,7864,-484,189,-102,0
3268.8010160923004,6612,7532,11900,-145,-87,134,5916,-8592,11536,-47,142,-196,-12584,4304,7696,-1002,147,-123,-12592,-6840,7644,-466,176,-144,0
3268.8371851444244,6656,7584,11864,-201,-44,90,5988,-8524,11292,-83,152,-189,-12480,4264,7440,-977,108,-111,-12580,-6864,7428,-464,162,-141,0
3268.8723080158234,6576,7492,11868,-192,-41,40,5872,-8484,11704,-58,231,-203,-12700,4196,7748,-977,5,-91,-12520,-6812,7684,-502,117,-178,0
3268.9078891277313,6556,7588,11800,-198,-21,21,5912,-8572,11416,-44,510,-207,-12572,4252,7708,-1008,-18,-127,-12504,-6804,7700,-499,128,-198,0
3268.943387031555,6560,7648,11792,-157,-30,32,5860,-8672,11352,-23,214,-156,-12516,4308,7552,-1008,58,-77,-12568,-6820,7596,-479,169,-128,0
3268.9793779850006,6592,7516,12180,-177,-78,157,5796,-8504,11640,-34,84,-145,-12780,4308,7640,-1056,205,-78,-12576,-6768,7600,-263,181,-50,0
3269.0149540901184,6584,7556,11880,-165,-105,189,5864,-8628,11536,-35,58,-176,-12516,4248,7660,-1024,219,-87,-12556,-6828,7600,-529,155,-50,0
3269.0503981113434,6736,7584,11784,-117,-89,196,5652,-8488,11284,-43,84,-120,-12644,4232,7660,-1018,168,-53,-12572,-6816,7688,-517,122,-60,0
3269.0868089199066,6816,7592,11820,-139,-50,163,5972,-8600,11684,13,132,-117,-12636,4244,7820,-1044,63,-46,-12620,-6836,7440,-532,156,-113,0
3269.1202149391174,6708,7604,11976,-174,-61,116,5928,-8496,11536,-256,189,-113,-12660,4212,7604,-1075,69,-38,-12756,-6852,7588,-528,86,-154,0
3269.153612136841,6700,7864,11924,-132,-250,63,6000,-8588,11568,-46,195,-127,-12720,4332,7688,-1017,87,-35,-12660,-6864,7596,-761,65,-168,0
3269.1873791217804,6552,7552,11872,-170,24,4,5696,-8596,11568,-41,201,-188,-12628,4316,7468,-1007,47,-59,-12608,-6908,7496,-485,117,-202,0
3269.220771074295,6672,7556,12156,-192,-6,38,5640,-8508,11480,-27,223,-177,-12472,4392,7452,-961,15,-67,-12548,-6752,7580,-477,168,-123,0
3269.2539191246033,6540,7640,11976,-205,-77,129,5752,-8548,11408,-77,163,-159,-12536,4344,7636,-947,33,-60,-12520,-6840,7568,-454,133,-87,0
3269.2875730991364,6604,7448,11820,-191,-88,132,5760,-8512,11600,-94,130,-159,-12576,4128,7684,-941,71,-60,-12796,-6840,7584,-481,109,-148,0
3269.323208093643,6600,7536,11952,-168,249,124,6136,-8640,11524,-70,103,-188,-12600,4336,7712,-988,74,-71,-12616,-6860,7596,-500,142,-141,0
3269.3568840026855,6576,7732,11908,-138,33,76,5912,-8516,11572,2,145,-163,-12632,4248,7628,-990,54,-69,-12476,-6896,7516,-465,135,-145,0
3269.390375137329,6536,7624,11820,-172,-39,58,6136,-8512,11672,-12,253,-183,-12612,4252,7696,-991,52,-40,-12604,-6892,7732,-491,164,-161,0
3269.4237909317017,6600,7592,12072,-141,-23,62,5872,-8556,11592,-57,164,-203,-12336,4348,7480,-984,76,-104,-12568,-6912,7704,-493,179,-124,0
3269.4572999477386,6596,7544,11992,-173,-65,122,5876,-8516,11460,-52,103,-196,-12532,4400,7668,-995,153,-107,-12540,-6800,7696,-524,157,-89,0
3269.4908549785614,6564,7508,12000,-145,-85,151,5660,-8536,11428,-55,108,-174,-12556,4428,7668,-1021,115,-44,-12612,-6788,7736,-528,130,-74,0
3269.524353981018,6580,7576,11904,-167,-76,192,5928,-8628,11748,-13,165,-153,-12596,4180,7556,-1062,157,-25,-12628,-6896,7888,-537,114,-81,0
3269.557970046997,6640,7572,11804,-161,-74,202,5868,-8552,11480,-56,129,-126,-12548,4360,7228,-1189,159,-39,-12796,-6684,7500,-525,126,-109,0
3269.591603040695,6628,7848,11816,-144,-50,162,5728,-8464,11272,-19,207,-141,-12768,4256,7876,-805,12,-48,-12556,-6852,7740,-509,98,-126,0
3269.6252250671387,6444,7540,12216,-142,-26,105,5888,-8452,11604,-46,160,-166,-12360,4288,7468,-1007,111,-93,-12600,-6836,7588,-494,127,-131,0
3269.6586599349976,6604,7588,12004,-159,253,103,5736,-8600,11388,-68,164,-153,-12564,4236,7716,-943,119,-44,-12784,-6820,7604,-472,107,-124,0
3269.6919169425964,6660,7436,11840,-177,15,68,5792,-8672,11720,-122,136,-159,-12612,4236,7760,-973,30,-29,-12600,-6856,7616,-476,117,-182,0
3269.7254519462585,6620,7604,11864,-175,69,22,5968,-8540,11404,-146,236,-163,-12592,4124,7536,-940,-38,-89,-12576,-6832,7528,-436,107,-203,0
3269.7589309215546,6860,7636,11908,-187,75,5,5980,-8556,11460,-172,345,-124,-12628,4336,7696,-901,-54,217,-12564,-6792,7592,-461,117,-186,0
3269.7924389839172,6508,7620,11952,-178,89,17,5840,-8628,11648,-160,288,-117,-12624,4576,7752,-986,-17,-16,-12752,-6768,7652,-475,142,-175,0
3269.825919151306,6684,7596,12268,-182,93,35,5884,-8604,11276,-104,295,-165,-12676,4332,7740,-1031,15,-15,-12596,-6840,7608,-512,118,-184,0
3269.859282016754,6580,7616,11872,-142,50,53,5792,-8516,11512,-134,306,-128,-12764,4116,7780,-1023,246,-5,-12292,-6960,7664,-543,85,-219,0
3269.8923649787903,6496,7724,11932,-144,40,2,5760,-8692,11300,-134,323,-108,-12520,4408,7892,-972,-27,-36,-12380,-6936,7604,-258,102,-223,0
3269.9257869720454,6480,7604,11912,-164,86,20,5708,-8640,11404,-123,348,-112,-12632,4428,7900,-984,-50,44,-12492,-6848,7720,-562,60,-235,0
3269.958966970444,6564,7596,11812,-121,162,-19,5748,-8580,11396,-120,523,-81,-12604,4400,7708,-1042,-202,100,-12792,-6668,7736,-556,25,-240,0
3269.9923970699306,6648,7624,11948,-83,165,-8,5800,-8652,11636,-85,514,-102,-12492,4484,7652,-996,-193,16,-12492,-6828,7604,-562,37,-227,0
3270.025780916214,6152,7680,11836,-150,137,-3,5644,-8736,11428,-14,417,-116,-12328,4580,7716,-925,-118,-24,-12452,-6864,7596,-511,120,-211,0
3270.059226036072,6348,7828,11876,-138,42,28,5648,-8896,11644,-24,321,-179,-12456,4312,7412,-938,-51,-57,-12468,-6896,7616,-762,175,-206,0
3270.0924360752106,6560,7660,11892,-157,-19,61,5716,-8668,11596,42,21,-173,-12404,4500,7704,-928,74,-99,-12600,-7012,7532,-492,183,-128,0
3270.1297631263733,6492,7672,11840,-147,-70,62,5740,-8616,11596,15,229,-224,-12428,4424,7776,-960,65,-137,-12608,-7112,7604,-490,193,-149,0
3270.164814949036,6444,7736,11932,-182,-68,46,5748,-8544,11680,-25,165,-175,-12308,4296,7800,-956,128,-135,-12592,-7140,7428,-463,142,-180,0
3270.1997871398926,6456,7684,11848,-170,-23,40,5744,-8720,11292,-32,176,-159,-12728,4152,8100,-879,-24,-98,-12508,-6736,7620,-499,130,-152,0
3270.2354719638824,6600,7700,11988,-182,-7,72,5684,-8644,11692,-45,176,-120,-12460,4448,7708,-1030,79,-39,-12536,-7092,7892,-538,133,-164,0
3270.2710340023045,6260,7720,11980,-154,-75,114,5528,-8656,11600,-57,166,-131,-12360,4416,7972,-970,81,-46,-12472,-7008,7588,-549,123,-114,0
3270.3072540760045,6308,7560,12220,-141,-89,135,5412,-8720,11704,30,118,-161,-12412,4356,7728,-1001,117,-64,-12516,-6996,7636,-533,177,-66,0
3270.3424179553986,6408,7744,12008,-146,-142,168,5532,-8716,11624,12,71,-164,-12468,4480,7884,-1023,175,-117,-12500,-6980,7808,-541,155,-54,0
3270.3787360191345,6452,7680,11884,-128,-144,210,5580,-8680,11452,11,54,-173,-12500,4460,7916,-1008,205,-98,-12484,-6916,7796,-506,179,-26,0
3270.413759946823,6384,7920,12048,-162,-207,214,5816,-8908,11576,35,60,-223,-12500,4400,7764,-960,183,-150,-12376,-6896,7524,-503,225,-37,0
3270.4488689899445,6212,7576,11836,-212,-224,189,5644,-8640,11572,25,58,-226,-12504,4324,7776,-979,184,-145,-12612,-7124,7624,-474,251,-64,0
3270.484004020691,6632,7672,12008,-205,-202,190,5652,-8612,11576,26,61,-242,-12500,4500,7956,-994,202,-168,-12396,-6880,7516,-460,194,-17,0
3270.5194220542908,6552,7628,11920,-204,-204,178,5772,-8644,11556,49,71,-223,-12460,4516,7700,-1059,180,-109,-12668,-6896,7540,-497,196,-5,0
3270.5546839237213,6448,7624,11828,-211,-234,207,5660,-8564,11608,66,62,-227,-12516,4376,7720,-1057,183,-143,-12636,-6896,7464,-447,188,-22,0
3270.5902519226074,6452,7600,11884,-233,-178,192,5560,-8628,11404,67,47,-235,-12552,4392,7752,-1067,209,-118,-12344,-6988,7580,-430,213,-22,0
3270.6255791187286,6516,7664,11992,-246,-206,189,5804,-8536,11520,80,83,-234,-12644,4240,7700,-1006,182,-163,-12292,-6824,7628,-461,236,-39,0
3270.6617500782013,6576,7572,12056,-196,-234,203,5816,-8624,11636,54,90,-194,-12500,4316,7596,-1056,169,-143,-12788,-6884,7584,-471,166,-35,0
3270.6976170539856,6564,7584,11648,-177,-199,228,5776,-8504,11588,123,44,-197,-12472,4392,7740,-1041,176,-80,-12564,-6896,7676,-515,148,-29,0
3270.7324399948125,6452,7648,11844,-166,-198,216,5856,-8280,11300,143,36,-188,-12432,4332,7740,-1083,188,-88,-12484,-6912,7496,-489,156,-42,0
3270.7690019607544,6444,7900,12188,-222,-205,195,5700,-8632,11648,84,-4,-214,-12308,4204,7692,-1014,208,-117,-12576,-6896,7636,-472,152,-21,0
3270.8028359413147,6528,7628,11984,-182,-237,231,5644,-8532,11720,117,-20,-227,-12744,4180,7868,-1047,222,-115,-12600,-6844,7672,-499,203,-17,0
3270.8361999988556,6524,7724,12000,-207,-247,227,5680,-8420,11516,87,-64,-220,-12328,4600,7512,-1031,4,-167,-12668,-6824,7668,-466,209,18,0
3270.869992017746,6552,7572,11536,-196,-226,220,5816,-8592,11536,-6,-36,-271,-12664,4228,7532,-1001,270,-140,-12688,-6848,7452,-438,216,-45,0
3270.903455018997,6900,7556,12020,-227,-173,162,5840,-8628,11772,-2,-23,-267,-12736,4360,7744,-1031,235,-141,-12740,-6720,7580,-444,208,-86,0
3270.936895132065,6712,7596,11872,-190,-116,125,5900,-8588,11576,-22,78,-230,-12636,4260,7512,-1052,249,-198,-12688,-6788,7580,-476,236,-168,0
3270.970235109329,6744,7540,11988,-102,-97,64,5848,-8520,11492,-17,121,-213,-12716,4100,7424,-1056,146,-201,-12636,-6716,7720,-470,218,-212,0
3271.0039229393005,6896,7632,11880,-115,-40,19,5808,-8552,11692,-56,195,-218,-12588,4272,7740,-1016,50,-171,-12676,-6756,7584,-462,158,-221,0
3271.037467956543,6748,7616,12028,-126,1,7,5684,-8584,11520,-64,274,-154,-12632,4316,7752,-1042,-46,-75,-12624,-6772,7596,-507,117,-214,0
3271.071051120758,6520,7456,12120,-114,31,47,5744,-8208,11604,-46,208,-139,-12596,4156,7732,-1030,49,-8,-12596,-6948,7724,-476,58,-217,0
3271.1047790050507,6588,7728,12032,-112,78,57,5716,-8612,11708,-90,175,-136,-12584,4200,7692,-969,71,-235,-12296,-6864,7628,-480,90,-171,0
3271.1381640434265,6460,7616,11944,-134,21,78,5700,-8632,11348,-104,176,-130,-12512,4412,7572,-923,-31,-26,-12568,-6820,7656,-491,74,-124,0
3271.1718449592586,6580,7668,11916,-146,26,116,5680,-8568,11544,-89,167,-124,-12432,4340,7888,-942,67,250,-12584,-6796,7604,-540,74,-111,0
3271.20548415184,6496,7724,12272,-130,56,139,5740,-8580,11692,-128,108,-102,-12748,4372,7844,-964,30,15,-12508,-6908,7580,-548,94,-141,0
3271.2390470504765,6560,7900,11940,-140,29,101,5792,-8516,11452,-132,176,-118,-12748,4184,7704,-967,-255,16,-12572,-6928,7500,-558,106,-166,0
3271.2725751399994,6516,7592,11940,-136,37,24,5728,-8536,11664,-118,224,-127,-12580,4332,7784,-939,-10,-49,-12516,-7116,7784,-505,117,-177,0
3271.305910110473,6500,7636,11924,-150,-243,29,5860,-8664,11636,-109,217,-180,-12588,4268,7580,-971,-256,-82,-12436,-6832,7536,-486,143,-157,0
3271.33962392807,6544,7728,11964,-166,255,47,5836,-8588,11720,-131,238,-183,-12740,4284,7744,-977,27,-96,-12548,-6828,7928,-474,148,-164,0
3271.3730421066284,6412,7440,11884,-159,3,36,5784,-8660,11568,-110,209,-189,-12568,4336,7684,-1002,46,-45,-12648,-6768,7932,-484,165,-117,0
3271.4066419601445,6560,7912,11912,-184,-27,60,5772,-8576,11656,-108,194,-160,-12708,4440,7876,-1015,63,-53,-12636,-6840,7604,-484,134,-141,0
3271.4401049613953,6512,7672,12208,-178,-44,68,5664,-8620,11544,-93,189,-170,-12492,4296,7768,-1036,65,-70,-12664,-7128,7648,-471,128,-141,0
3271.4735090732574,6600,7668,11812,-197,-40,90,5688,-8592,11764,-103,191,-150,-12528,4408,7800,-1024,36,-75,-12564,-6824,7608,-495,145,-159,0
3271.5072491168976,6544,7612,11936,-159,34,69,5624,-8580,11656,-92,180,-134,-12560,4252,7888,-1033,37,-41,-12592,-6912,7616,-498,125,-167,0
3271.5406739711766,6480,7708,11948,-163,-12,75,5736,-8604,11564,-42,197,-151,-12760,4600,7612,-1060,69,-38,-12580,-6824,7740,-490,125,-123,0
3271.573935031891,6436,7456,11936,-157,-25,99,5416,-8604,11636,-19,134,-160,-12464,4588,7520,-771,128,-72,-12512,-6852,7704,-475,144,-75,0
3271.6075959205627,6440,7748,11952,-154,-80,154,5704,-8680,11704,-3,103,-171,-12476,4308,7844,-1050,186,-122,-12540,-7000,7728,-475,209,-33,0
3271.6408860683446,6452,7432,11856,-197,-147,171,5596,-8640,11640,-20,28,-250,-12528,4552,7752,-1277,230,-167,-12604,-6820,7676,-486,231,-246,0
3271.674344062805,6648,7628,11960,-156,-276,236,5692,-8648,11640,-43,246,-284,-12444,4384,7932,-999,202,-135,-12336,-6700,7572,-492,226,-28,0
3271.7081151008606,6696,7636,11892,-189,-272,230,5812,-8628,11556,-5,251,-265,-12296,4440,7868,-953,183,-147,-12592,-7136,7528,-510,216,-60,0
3271.741413116455,6500,7596,11808,-223,-227,191,5780,-8640,11568,46,33,-251,-12408,4288,7712,-777,200,-158,-12456,-6912,7556,-470,226,-18,0
3271.774999141693,6556,7784,11912,-227,-234,181,5840,-8588,11624,79,61,-271,-12324,4300,8048,-998,164,-134,-12592,-6776,7556,-470,191,-53,0
3271.812474012375,6640,7680,11884,-238,-211,174,5808,-8548,11676,89,86,-240,-12616,4324,7756,-996,156,-149,-12624,-6780,7704,-763,191,-64,0
3271.8486399650574,6400,7692,11868,-222,-230,178,5756,-8516,11456,76,78,-236,-12704,4300,7616,-1071,239,-97,-12632,-6792,7436,-484,179,-46,0
3271.883707046509,6516,7684,11948,-227,-209,158,5852,-8480,11772,51,56,-229,-12568,4252,7452,-1007,194,-137,-12748,-6812,7472,-488,188,-90,0
3271.920109987259,6436,7596,11772,-182,-162,159,5796,-8516,11488,-28,105,-193,-12704,4128,7636,-979,147,-63,-12692,-6892,7568,-474,107,-75,0
3271.9610159397125,6768,7488,11804,-149,-24,76,5864,-8472,11352,-16,173,-150,-12724,4284,7536,-1042,50,-18,-12676,-6856,7464,-518,116,-210,0
3271.9971270561214,6492,7624,11824,-175,53,80,5744,-8512,11616,-42,198,-103,-12676,4240,7772,-1042,65,-30,-12656,-6792,7488,-458,89,-185,0
3272.032189130783,6604,7688,11936,-177,25,69,5844,-8580,11592,-95,239,-133,-12588,4348,7704,-1015,80,-32,-12644,-6844,7636,-258,191,-122,0
3272.0674619674683,6540,7680,11936,-156,-52,70,5804,-8700,11520,-72,158,-189,-12612,4588,7572,-1069,94,-71,-12556,-6836,7520,-485,170,-126,0
3272.1032049655914,6600,7684,11920,-154,-85,121,5660,-8508,11308,-60,129,-179,-12520,4328,7812,-998,119,-52,-12328,-6664,7628,-498,152,-145,0
3272.1388859748845,6468,7684,11972,-147,-89,144,5676,-8432,11500,-76,82,-178,-12496,4112,7548,-992,125,-110,-12504,-6852,7636,-496,121,-106,0
3272.1739590168,6548,7668,11836,-178,-78,104,5640,-8580,11536,-85,162,-184,-12732,4136,7736,-1002,88,-111,-12656,-6752,7544,-465,145,-108,0
3272.2100701332092,6612,7684,11916,-162,-48,108,5756,-8608,11544,-30,154,-159,-12564,4132,7660,-996,69,-70,-12588,-7060,7636,-500,165,-108,0
3272.2454450130463,6576,7696,11852,-178,-26,123,5676,-8608,11532,-29,116,-198,-12776,4596,7576,-1028,145,-123,-12452,-6868,7564,-478,158,-91,0
3272.2808940410614,6604,7632,11908,-183,-117,139,5836,-8564,11600,-89,97,-210,-12572,4100,7904,-995,165,-81,-12692,-6820,7488,-493,160,-96,0
3272.3161010742188,6664,7704,11644,-173,-118,142,5832,-8592,11600,-58,87,-224,-12576,4328,7576,-1004,152,-113,-12676,-6784,7568,-499,182,-87,0
3272.351511001587,6672,7708,11928,-176,-63,137,5864,-8608,11400,-37,124,-203,-12668,4212,7708,-1034,101,-59,-12636,-6792,7492,-463,142,-152,0
3272.3876891136174,6796,7912,12280,-150,-45,98,5796,-8556,11632,-51,141,-156,-12556,4208,7492,-1028,85,-128,-12568,-6828,7924,-501,113,-160,0
3272.422698020935,6480,7604,11872,-147,-1,71,5812,-8588,11548,-51,196,-166,-12488,4276,7624,-1010,47,-34,-12584,-6904,7516,-478,94,-196,0
3272.4581749439244,6564,7632,12000,-189,-20,70,5856,-8628,11392,-65,301,-235,-12516,4544,7376,-1078,158,-73,-12548,-6864,7672,-472,107,-165,0
3272.491680145264,6596,7772,11804,-215,5,98,5776,-8552,11516,-59,178,-150,-12376,4276,7852,-996,135,-56,-12452,-6832,7856,-480,136,-85,0
3272.52529501915,6404,7640,12028,-139,-47,151,5708,-8660,11668,-62,76,-176,-12500,4356,7628,-1041,143,-142,-12604,-6920,7616,-490,184,-82,0
3272.5585849285126,6592,7736,11996,-138,-120,173,5836,-8636,11644,-71,83,-207,-12492,4592,7800,-1023,198,-103,-12560,-6880,7592,-497,118,-81,0
3272.592113018036,6612,7756,11984,-174,-98,138,5796,-8504,11436,-97,104,-216,-12644,4236,7712,-980,129,-73,-12552,-6800,7488,-480,143,-111,0
3272.6254799366,6452,7672,11848,-173,-82,114,6080,-8628,11596,-38,135,-224,-12664,4384,7440,-774,125,-98,-12584,-6872,7496,-493,166,-136,0
3272.6588151454926,6636,7632,11920,-178,-78,94,5872,-8584,11564,-252,164,-196,-12672,4216,7476,-1047,77,-98,-12712,-6672,7588,-484,141,-141,0
3272.692351102829,6604,7744,11800,-153,-26,103,5728,-8588,11548,-52,178,-154,-12780,4256,7452,-1035,93,-48,-12664,-6940,7644,-504,130,-147,0
3272.7259929180145,6700,7792,11944,-139,-46,83,5740,-8556,11568,-84,157,-150,-12372,4244,7872,-842,-202,-84,-12636,-7136,7628,-469,127,-144,0
3272.7595570087433,6552,7672,12228,-198,-35,105,5764,-8608,11652,-84,156,-173,-12564,4316,7692,-993,110,-31,-12296,-6776,7612,-482,170,-91,0
3272.793146133423,6560,7648,11776,-138,-56,143,5812,-8612,11532,-48,137,-151,-12608,4264,7860,-1030,105,-89,-12640,-6864,7568,-480,166,-119,0
3272.826873064041,6652,7564,11868,-158,-48,91,5836,-8540,11532,-76,156,-178,-12656,4200,7768,-989,62,-58,-12556,-6836,7624,-476,123,-144,0
3272.8603079319005,6564,7700,11948,-184,-42,96,5748,-8624,11544,-52,167,-170,-12528,4448,7700,-1006,43,-82,-12576,-6904,7768,-475,135,-144,0
3272.8937549591064,6528,7652,11920,-152,-54,93,5612,-8672,11624,-20,152,-185,-12384,4604,7592,-1272,80,-130,-12568,-7100,7556,-490,208,-139,0
3272.927398920059,6428,7752,11964,-174,-91,107,5748,-8620,11636,-23,104,-159,-12404,4392,7700,-1015,150,-98,-12528,-6796,7676,-498,212,-74,0
3272.9609010219574,6492,7668,11816,-119,-99,165,5384,-8540,11580,-68,59,-210,-12504,4236,7616,-1073,189,-114,-12368,-6756,7612,-518,228,-92,0
3272.9940469264984,6696,7692,11780,-157,-154,151,5736,-8608,11596,-60,133,-182,-12576,4424,7564,-1141,237,-117,-12564,-6808,7520,-481,164,-94,0
3273.027666091919,6632,7700,11864,-170,-9,113,5880,-8596,11464,-98,134,-162,-12524,4172,7716,-988,118,-32,-12648,-6924,7484,-493,144,-135,0
3273.0610151290894,6896,7648,11804,-190,-25,99,5776,-8588,11620,-35,191,-151,-12596,4276,7556,-1044,91,-66,-12668,-6828,7260,-504,112,-132,0
3273.0944590568542,6592,7792,11928,-169,-63,110,5876,-8568,11368,254,187,-153,-12648,4348,7856,-1280,71,-96,-12676,-6844,7596,-479,130,-145,0
3273.1280739307404,6520,7712,11884,-186,-93,106,5748,-8636,11628,-37,159,-183,-12580,4240,7636,-1004,77,-79,-12476,-6860,7564,-468,128,-150,0
3273.161576986313,6576,7676,11940,-180,-105,110,5644,-8620,11596,-59,144,-187,-12448,4292,7568,-989,94,-107,-12688,-6800,7660,-459,157,-91,0
3273.1952300071716,6500,7712,11876,-161,-111,138,5752,-8540,11492,-29,126,-189,-12576,4580,7560,-991,121,-86,-12580,-6908,7584,-484,168,-81,0
3273.228793144226,6504,7636,11864,-162,-89,143,5828,-8520,11388,-26,119,-191,-12484,4276,7920,-1276,121,-87,-12556,-6856,7708,-497,163,-117,0
3273.2621409893036,6496,7732,11924,-208,-81,115,5744,-8548,11736,-50,131,-190,-12484,4316,7732,-984,104,-93,-12652,-7120,7628,-449,133,-103,0
3273.29562997818,6672,7756,12020,-197,-68,102,5772,-8604,11604,-71,173,-152,-12708,4420,7728,-993,61,-85,-12608,-6964,7620,-481,124,-122,0
3273.329190015793,6512,7464,12100,-162,-81,101,5760,-8708,11568,-41,144,-202,-12656,4356,7548,-1034,75,-74,-12548,-6772,7592,-489,178,-111,0
3273.362738132477,6576,7436,11820,-161,-86,117,5712,-8596,11528,-25,97,-162,-12796,4340,7880,-1052,92,-92,-12596,-6832,7412,-513,147,-123,0
3273.39653301239,6540,7744,11908,-137,-115,144,5760,-8612,11492,-66,124,-181,-12640,4276,7836,-770,86,-53,-12716,-6976,7512,-514,132,-146,0
3273.4300611019135,6596,7652,11680,-165,-93,98,5848,-8608,11436,-45,123,-170,-12576,4272,7688,-1276,118,-87,-12628,-6856,7596,-478,128,-137,0
3273.4629900455475,6584,7608,11608,-152,-37,94,5768,-8652,11508,-51,129,-146,-12492,4324,7452,-995,75,-69,-12572,-6856,7636,-488,118,-121,0
3273.5008130073547,6872,7716,11964,-167,-19,102,5728,-8512,11488,-59,158,-132,-12672,4240,7892,-991,88,-24,-12392,-6856,7616,-478,58,-164,0
3273.5373380184174,6520,7708,11924,-190,-7,26,5764,-8676,11612,-74,174,-153,-12668,4556,7540,-1005,27,-255,-12776,-6752,7552,-487,86,-158,0
3273.57222700119,6516,7544,11900,-209,-70,71,5664,-8652,11672,-37,161,-173,-12508,4292,7756,-1021,113,-131,-12636,-6816,7680,-453,162,-74,0
3273.608129024505,6468,7748,11944,-192,-96,141,5624,-8648,11452,-82,107,-193,-12432,4308,7784,-1011,129,-69,-12636,-6828,7648,-485,193,-79,0
3273.6430490016937,6616,7628,11576,-153,-90,176,5700,-8540,11336,-93,44,-209,-12292,4324,7696,-1017,171,-117,-12468,-6912,7524,-523,165,-62,0
3273.6787469387054,6424,7752,11640,-155,-86,140,5792,-8588,11512,-32,61,-193,-12780,4220,7424,-1067,140,-60,-12588,-6796,7644,-517,145,-79,0
3273.7138910293575,6620,7692,11812,-149,-12,102,5644,-8620,11332,-39,146,-161,-12600,4236,7836,-1023,51,-107,-12580,-6872,7500,-507,108,-128,0
3273.7496860027313,6680,7924,11788,-186,-37,79,5700,-8604,11484,-60,176,-150,-12636,4388,7484,-989,50,-47,-12328,-6836,7632,-517,150,-132,0
3273.784790992737,6588,7736,11776,-175,-89,139,5760,-8904,11564,-77,112,-170,-12444,4160,7836,-1022,131,-80,-12576,-6840,7592,-506,202,-78,0
3273.820704936981,6612,7748,11884,-191,-127,140,5784,-8912,11660,-49,109,-178,-12564,4268,7776,-1024,153,-81,-12508,-6684,7604,-436,184,-52,0
3273.8556029796605,6504,7692,11700,-166,-103,155,5732,-8596,11556,-38,121,-184,-12596,4304,7816,-984,99,-118,-12660,-6980,7648,-259,187,-111,0
3273.891345977783,6532,7488,11940,-169,-77,120,5660,-8676,11536,-65,164,-167,-12564,4308,7660,-1030,97,-66,-12472,-6896,7484,-548,164,-128,0
3273.92728805542,6492,7728,11936,-151,-84,134,5756,-8616,11476,-46,142,-193,-12420,4276,7724,-1083,134,-95,-12524,-6904,7596,-540,194,-108,0
3273.9621529579163,6564,7436,11924,-172,-95,137,5736,-8592,11584,-14,123,-183,-12496,4264,7780,-1036,104,-86,-12608,-6956,7672,-468,200,-102,0
3273.9981260299683,6572,7720,11952,-174,-34,133,5704,-8540,11552,-74,145,-160,-12664,4284,7888,-999,101,-77,-12576,-6856,7440,-457,104,-135,0
3274.0331959724426,6644,7764,11740,-164,-6,105,5836,-8700,11656,-173,167,-159,-12656,4248,7740,-772,54,-30,-12676,-6824,7492,-538,99,-155,0
3274.068228006363,6520,7680,11784,-170,27,67,5644,-8584,11408,-154,185,-176,-12552,4248,7864,-1039,80,-256,-12548,-6788,7500,-493,107,-128,0
3274.104218006134,6712,7700,11828,-164,90,69,5776,-8580,11568,-134,200,-127,-12596,4320,7696,-1016,52,-52,-12628,-6952,7532,-444,141,-181,0
3274.1397569179535,6696,7748,11828,-189,52,20,5952,-8684,11532,-161,201,-180,-12636,4308,7928,-1013,25,-94,-12596,-7160,7596,-427,143,-154,0
3274.173371076584,6656,7756,12136,-181,251,24,5852,-8724,11500,-174,213,-198,-12604,4524,7472,-962,-46,-61,-12632,-6828,7528,-457,144,-165,0
3274.2069959640503,6540,7832,11876,-162,-3,46,5712,-8616,11448,-151,214,-165,-12444,4364,7556,-983,24,-39,-12532,-6896,7584,-467,162,-162,0
3274.240695953369,6468,7928,11788,-190,-15,63,5728,-8636,11640,-149,183,-150,-12440,4572,7636,-954,23,-25,-12768,-6680,7532,-437,91,-158,0
3274.2742419242854,6500,7728,11756,-223,248,48,5416,-8492,11472,-156,204,-174,-12496,4396,7824,-924,-4,-99,-12580,-6988,7648,-415,87,-134,0
3274.3077981472015,6524,7928,11944,-200,28,62,5424,-8764,11468,-119,230,-170,-12464,4264,7892,-931,249,-82,-12324,-6856,7500,-436,137,-155,0
3274.3412520885468,6524,7760,11948,-195,-254,62,5732,-8740,11572,-108,196,-184,-12324,4312,7736,-973,48,-52,-12508,-6960,7588,-499,150,-148,0
3274.3747711181645,6584,7684,11876,-168,-13,70,5868,-8764,11588,-90,151,-207,-12476,4584,7752,-1019,62,-87,-12580,-6852,7632,-471,212,-130,0
3274.4081339836125,6500,7644,11992,-207,-88,95,5696,-8904,11560,-58,127,-215,-12584,4300,7708,-999,106,-155,-12568,-6660,7544,-477,191,-129,0
3274.4416811466217,6536,7780,12128,-168,-64,96,5708,-8456,11364,-46,139,-205,-12572,4316,7796,-977,89,-133,-12624,-6808,7568,-471,190,-105,0
3274.4753460884094,6604,7760,11856,-172,-77,134,5724,-8800,11512,-32,161,-213,-12576,4312,7776,-981,74,-134,-12620,-6912,7500,-498,218,-92,0
3274.5089089870453,6528,7744,12056,-183,-169,124,5640,-8736,11644,-24,139,-205,-12604,4296,7528,-956,132,-78,-12800,-7144,7584,-486,158,-81,0
3274.5423791408534,6612,7692,11904,-180,-173,135,5736,-8660,11556,-70,135,-209,-12624,4284,7872,-987,114,-97,-12680,-6748,7572,-487,156,-110,0
3274.575783967972,6528,7708,11940,-207,-150,108,5688,-8488,11304,-48,182,-199,-12544,4252,7816,-999,113,-102,-12564,-6828,7624,-479,111,-100,0
3274.6092209815974,6440,7732,11856,-199,-134,139,5868,-8688,11768,30,110,-187,-12484,4332,7668,-1008,131,-128,-12532,-6852,7312,-436,149,-91,0
3274.6428179740906,6388,7748,11820,-189,-111,126,5756,-8620,11532,21,152,-215,-12424,4416,7692,-990,170,-86,-12564,-6680,7476,-467,109,-86,0
3274.67643904686,6552,7752,11968,-209,-121,133,5704,-8776,11452,2,132,-192,-12520,4368,7892,-971,143,-43,-12628,-6852,7504,-431,108,-94,0
3274.7098300457005,6440,7668,12260,-218,-172,173,5880,-8488,11308,-246,93,-217,-12400,4268,7692,-958,151,-101,-12592,-6840,7484,-460,186,-30,0
3274.7434470653534,6620,7708,11796,-248,-202,198,5708,-8664,11656,-8,59,-198,-12508,4268,7680,-997,174,-100,-12540,-6856,7500,-476,163,-66,0
3274.777221918106,6452,7660,11752,-184,-170,195,5760,-8604,11348,-15,70,-199,-12612,4308,8120,-1012,193,-95,-12596,-6680,7660,-486,152,-55,0
3274.8108439445496,6504,7680,11712,-220,-190,161,5640,-8704,11660,-24,83,-226,-12520,4372,7504,-990,148,-88,-12520,-6864,7660,-486,169,-95,0
3274.8443500995636,6576,7728,11876,-218,-192,154,5596,-8672,11496,10,75,-247,-12536,4396,7888,-1030,164,-71,-12360,-6880,7708,-476,229,-66,0
3274.8779010772705,6632,7620,11924,-209,-209,148,5824,-8816,11524,41,91,-243,-12296,4296,7748,-981,188,-118,-12604,-6696,7620,-433,196,-42,0
3274.9110040664673,6804,7592,11952,-244,-182,143,5752,-8724,11312,35,77,-252,-12604,4372,7772,-1020,148,-179,-12800,-6768,7640,-462,226,-49,0
3274.944494009018,6448,7624,11876,-219,-244,166,5784,-8768,11612,10,99,-4,-12544,4344,7500,-770,206,-163,-12760,-6660,7576,-426,202,-30,0
3274.978101015091,6556,7684,12000,-261,-227,163,5816,-8800,11440,37,84,-230,-12592,4352,7604,-992,143,-104,-12564,-6804,7552,-444,198,-92,0
3275.0118639469147,6616,7696,11992,-238,-233,164,5780,-8704,11320,24,87,-233,-12656,4348,7756,-1008,136,-98,-12688,-6852,7820,-469,191,-95,0
3275.045359134674,6628,7744,11828,-220,-220,142,5800,-8648,11372,26,131,-230,-12608,4348,7628,-1017,111,-188,-12540,-6868,7584,-456,206,-120,0
3275.0786900520325,6744,7636,11792,-210,-178,78,5796,-8648,11336,254,221,-233,-12620,4180,7764,-1018,39,-120,-12548,-6696,7240,-461,164,-146,0
3275.1123049259186,6736,7616,11760,-215,-136,63,5628,-8624,11404,-26,192,-227,-12532,4216,7512,-1033,96,-67,-12640,-6876,7588,-459,142,-125,0
3275.1453540325165,6656,7668,12020,-201,-61,15,5832,-8536,11528,-76,201,-188,-12568,4264,7796,-1018,97,-72,-12608,-6796,7424,-444,137,-147,0
3275.1832270622253,6536,7632,11536,-179,14,33,5856,-8656,11292,-66,235,-166,-12608,4096,7656,-772,65,-11,-12588,-6832,7540,-475,151,-168,0
3275.2192101478577,6596,7680,11780,-187,-5,66,5792,-8928,11752,-69,196,-167,-12784,4396,7860,-991,113,-63,-12680,-6772,7536,-466,176,-132,0
3275.2539169788365,6648,7432,11836,-191,-55,95,5828,-8916,11328,-83,141,-159,-12328,4268,7676,-1038,39,-25,-12660,-6816,7884,-454,111,-156,0
3275.2898120880127,6880,7656,11892,-162,35,48,5768,-8680,11464,-96,141,-164,-12580,4260,7692,-998,58,-54,-12800,-6800,7652,-458,117,-202,0
3275.3249559402466,6852,7660,11740,-159,4,41,5676,-8624,11492,-57,220,-156,-12496,4252,7804,-964,11,-48,-12572,-6776,7644,-454,102,-218,0
3275.36047911644,6480,7908,11812,-160,52,20,5672,-8708,11464,-90,226,-170,-12336,4224,7756,-960,51,-60,-12720,-7108,7512,-419,80,-193,0
3275.3956260681152,6640,7924,11784,-182,18,1,5716,-8652,11308,-105,218,-177,-12560,4100,7920,-953,71,-43,-12592,-6940,7572,-423,82,-188,0
3275.4312200546265,6416,7904,11924,-183,48,-251,5792,-8472,11300,-134,192,-186,-12512,4360,7828,-975,55,-52,-12568,-6804,7556,-467,94,-192,0
3275.4676480293274,6520,7780,11616,-197,35,47,5852,-8660,11604,-153,171,-171,-12448,4408,7804,-933,121,-30,-12544,-6820,7660,-436,91,-159,0
3275.5023839473724,6632,7868,11788,-174,41,76,5808,-8804,11516,-172,136,-146,-12552,4352,7676,-958,73,229,-12600,-6828,7744,-510,45,-160,0
3275.538078069687,6528,7640,11908,-151,54,89,5652,-8492,11284,-23,237,-136,-12464,4240,7884,-775,39,-21,-12608,-7152,7892,-489,125,-131,0
3275.5728499889374,6528,7720,11964,-178,41,123,5664,-8748,11584,-60,202,-119,-12356,4324,7676,-1093,119,-60,-12740,-6948,7568,-483,85,-157,0
3275.6081540584564,6660,7680,12024,-134,62,100,5744,-8820,11564,-116,209,-92,-12660,4224,7688,-1266,39,-10,-12672,-6888,7524,-506,78,-170,0
3275.6432750225067,6568,7700,11780,-177,78,60,5696,-8720,11544,-105,180,-105,-12532,4124,7820,-1063,62,-31,-12596,-6816,7648,-491,76,-118,0
3275.6791520118713,6492,7852,12004,-133,54,89,5720,-8740,11472,-65,150,-76,-12460,4252,8168,-862,-244,63,-12620,-6808,7748,-486,67,-167,0
3275.714173078537,6388,7704,11912,-158,36,93,5644,-8728,11268,-66,184,-86,-12764,4428,7820,-1024,35,23,-12472,-6868,7452,-518,46,-144,0
3275.749761104584,6492,7624,11828,-167,40,74,5740,-8728,11460,-69,178,-101,-12484,4140,7688,-1045,48,-54,-12616,-6840,7628,-496,114,-165,0
3275.7849390506744,6556,7652,11888,-149,-33,54,5476,-8736,11524,20,188,-133,-12420,4460,7828,-1057,61,-126,-12468,-6840,7568,-529,208,-107,0
3275.821047067642,6428,7732,11932,-156,-81,86,5656,-8724,11480,-6,120,-203,-12312,4300,7740,-934,25,-126,-12592,-6876,7916,-563,254,-122,0
3275.8543360233307,6472,7728,11828,-164,-122,147,5604,-8748,11696,-128,64,-227,-12488,4296,7676,-824,-63,-132,-12308,-6896,7852,-557,242,-130,0
3275.8875579833984,6552,7732,11900,-121,-64,111,5692,-8728,11384,-131,55,-221,-12788,4256,7736,-912,-112,-115,-12644,-6764,7560,-559,218,-121,0
3275.921042919159,6620,7796,11920,-138,-88,94,5804,-8720,11628,-126,99,-248,-12532,4344,7572,-879,-88,-135,-12628,-6972,7604,-517,231,-150,0
3275.954262971878,6536,7760,11860,-162,-100,68,5684,-8632,11564,-87,154,-211,-12680,4432,7972,-989,36,-99,-12700,-6968,7604,-521,130,-176,0
3275.987766981125,6536,7800,11932,-180,-33,67,5376,-8648,11484,-76,148,-206,-12536,4264,7720,-1002,110,-71,-12600,-7008,7648,-496,122,-119,0
3276.0212190151215,6480,7816,11940,-175,-68,83,5816,-8768,11272,-76,169,-178,-12424,4340,7868,-1279,147,-66,-12596,-6848,7568,-491,102,-120,0
3276.0543529987335,6416,7540,11916,-176,-67,110,5588,-8760,11676,-54,57,-181,-12528,4372,7772,-1051,218,-80,-12588,-6880,7644,-499,111,-73,0
3276.0877249240875,6588,7720,11868,-166,-89,144,5668,-8812,11540,16,138,-161,-12512,4432,7884,-1082,0,-60,-12600,-6864,7520,-482,100,-71,0
3276.1212301254272,6616,7740,11932,-155,-100,154,5660,-8952,11424,36,148,-138,-12524,4412,7716,-1138,328,-47,-12556,-6864,7700,-473,142,-75,0
3276.154449939728,6368,7656,12260,-186,-72,161,5720,-8756,11464,47,139,-166,-12436,4312,7732,-1120,276,-75,-12572,-6828,7764,-470,161,-66,0
3276.1879019737244,6440,7632,11816,-191,-60,130,5728,-8800,11480,63,138,-123,-12300,4292,7576,-1104,233,-57,-12624,-6904,7660,-456,139,-66,0
3276.2214360237126,6600,7616,11940,-194,-65,139,5824,-8788,11388,29,133,-119,-12788,4480,7744,-1156,169,-62,-12596,-6764,7608,-482,134,-127,0
3276.2548410892487,6488,7732,11948,-180,-50,127,5700,-8808,11400,55,147,-138,-12544,4348,7568,-1073,154,-80,-12688,-6892,7460,-458,117,-126,0
3276.2882709503174,6488,7880,11920,-166,14,88,5408,-8652,11416,-247,170,-174,-12624,4284,8040,-1041,94,-51,-12644,-6884,7720,-420,126,-134,0
3276.321886062622,6476,7800,12280,-237,-49,55,5692,-8788,11740,14,201,-214,-12548,4264,7740,-1030,101,-120,-12608,-6680,7660,-420,181,-92,0
3276.3554430007935,6536,7732,11972,-269,-127,94,5660,-8716,11468,-26,153,-508,-12464,4384,7844,-1009,121,-155,-12568,-6688,7644,-431,199,-79,0
3276.388780117035,6544,7732,11800,-194,-196,164,5700,-8668,11632,-33,101,-218,-12548,4600,8144,-1018,203,-91,-12604,-6820,7672,-452,117,-82,0
3276.4223470687866,6500,7788,11912,-206,-167,149,5648,-8632,11500,-16,108,-182,-12376,4212,7780,-962,179,-67,-12708,-7100,7932,-451,79,-67,0
3276.455582141876,6536,7760,11920,-235,-132,160,5848,-8708,11468,1,109,-211,-12444,4332,7892,-981,168,-128,-12452,-6932,7488,-474,126,-53,0
3276.489167928696,6412,7764,11748,-183,-159,173,5640,-8756,11596,38,88,-198,-12568,4344,7740,-1017,164,-143,-12612,-6952,7520,-471,155,-35,0
3276.5227711200714,6504,7700,11884,-210,-160,201,5704,-8736,11472,57,53,-197,-12496,4236,7800,-993,201,-100,-12340,-7088,7640,-499,150,-54,0
3276.5559570789337,6468,7728,12016,-198,-177,195,5680,-8796,11556,7,43,-210,-12524,4292,7724,-1269,246,-89,-12724,-6852,7540,-491,143,-19,0
3276.589374065399,6612,7672,11980,-186,-176,186,5704,-8688,11488,27,-19,-222,-12560,4408,7712,-986,262,-122,-12748,-6764,7460,-490,165,-28,0
3276.6229479312897,6584,7708,11892,-200,-184,198,5772,-8732,11424,42,44,-222,-12592,4100,7428,-1013,208,-116,-12600,-6688,7628,-763,174,-52,0
3276.6561119556427,6640,7620,11928,-214,-161,189,5660,-8712,11460,23,26,-208,-12412,4276,7756,-1023,155,-112,-12656,-6816,7744,-481,156,-79,0
3276.6899271011353,6712,7524,11872,-178,-180,165,5828,-8488,11340,30,110,-211,-12588,4396,7676,-1012,210,-96,-12684,-6832,7664,-467,163,-76,0
3276.7236909866333,6468,7444,11976,-225,-149,149,5804,-8728,11316,3,98,-221,-12572,4252,7696,-994,152,-71,-12572,-6856,7652,-448,165,-121,0
3276.757401943207,6500,7744,11776,-188,-154,139,5492,-8748,11480,28,133,-217,-12572,4260,7656,-1032,116,-122,-12780,-6816,7820,-484,156,-122,0
3276.7910189628606,6588,7652,11872,-172,-164,117,5672,-8548,11632,49,101,-209,-12512,4252,7744,-1073,126,-142,-12640,-6820,7588,-494,181,-141,0
3276.824203014374,6580,7480,11692,-213,-171,149,5720,-8780,11532,253,112,-192,-12596,4552,7584,-1023,148,-116,-12632,-6820,7480,-497,190,-87,0
3276.8618180751805,6592,7772,11748,-182,-116,131,5676,-8616,11404,-61,87,-198,-12576,4276,7676,-1015,220,-39,-12624,-6720,7568,-483,170,-79,0
3276.8980720043182,6636,7664,11912,-147,-97,137,5848,-8736,11412,-49,85,-165,-12584,4572,7620,-1087,157,-52,-12652,-6808,7548,-527,134,-123,0
3276.9332849979405,6580,7592,11884,-139,-60,138,5804,-8688,11408,-254,98,-172,-12536,4324,7788,-1101,135,-49,-12720,-6800,7544,-507,161,-108,0
3276.971230983734,6884,7432,11880,-128,6,136,5812,-8484,11452,-64,140,-150,-12620,4376,7696,-1108,159,-34,-12684,-7096,7576,-517,155,-110,0
3277.0080580711365,6616,7880,11964,-140,-14,90,6032,-8688,11476,-81,160,-149,-12616,4288,7628,-1016,81,-93,-12664,-6764,7724,-540,164,-125,0
3277.0432341098785,6904,7640,12000,-99,-30,109,5712,-8672,11304,-59,150,-123,-12596,4332,7760,-1079,102,-27,-12540,-6728,7572,-523,157,-147,0
3277.0791399478912,6540,7592,11860,-80,-28,135,5704,-8700,11328,-80,150,-90,-12524,4368,7676,-1046,72,-58,-12588,-6840,7640,-540,153,-154,0
3277.1143410205846,6552,7648,12004,-132,-8,129,5692,-8704,11440,-63,126,-111,-12532,4292,7832,-1084,80,-40,-12788,-6900,7640,-499,145,-140,0
3277.150323152542,6552,7684,12036,-156,-9,71,5732,-8632,11552,-59,66,-160,-12620,4244,7600,-1272,24,-29,-12540,-6844,7588,-509,181,-155,0
3277.1855161190033,6612,7708,11796,-143,22,53,5720,-8688,11404,-43,204,-170,-12752,4260,8236,-667,-397,-64,-12636,-6852,7664,-453,208,-188,0
3277.221441984176,6512,7736,11892,-161,-3,61,5732,-8696,11624,-37,119,-217,-12584,4356,7428,-973,82,-52,-12612,-6692,7852,-497,196,-182,0
3277.2576911449432,6568,7828,11792,-152,-22,56,5744,-8616,11624,-71,163,-216,-12888,4272,8120,-1122,68,-38,-12600,-6844,7560,-431,162,-142,0
3277.292815923691,6572,7848,11920,-172,9,40,5908,-8672,11512,-145,94,-156,-12300,4276,7904,-1020,59,-97,-12764,-6852,7704,-502,140,-135,0
3277.328017950058,6632,7724,11800,-150,9,51,5712,-8900,11472,-20,160,-133,-12776,4284,7804,-1026,100,-33,-12652,-6660,7468,-504,64,-166,0
3277.3638949394226,6560,7760,11548,-147,37,79,5872,-8884,11260,-151,151,-65,-12428,4100,7436,-924,166,-45,-12604,-6864,7556,-493,91,-171,0
3277.3991339206696,6572,7844,11848,-185,49,81,5764,-8720,11460,-154,185,-125,-12576,4196,7784,-984,95,-16,-12620,-6892,7576,-468,92,-161,0
3277.434303998947,6516,7724,11936,-188,14,57,5788,-8824,11288,-154,175,-150,-12516,4368,7648,-1014,103,-36,-12300,-6744,7552,-458,89,-169,0
3277.469593048096,6496,7480,11892,-170,-18,76,5756,-8820,11504,-97,192,-163,-12568,4260,7736,-1007,58,-60,-12796,-6908,7596,-475,171,-189,0
3277.505392074585,6436,7764,11904,-157,-11,54,5880,-8732,11452,-77,210,-198,-12608,4360,7804,-1003,31,-47,-12520,-6908,7600,-469,195,-142,0
3277.5388920307164,6432,7804,11892,-195,-25,25,5652,-8824,11368,-85,394,-202,-12420,4632,7252,-1098,95,-113,-12592,-6852,7500,-450,186,-171,0
3277.5719730854034,6648,7732,11860,-195,-254,25,5508,-8896,11440,-112,206,-193,-12520,4436,7628,-1063,43,-66,-12328,-6784,7584,-465,144,-124,0
3277.6056201457977,6484,7648,11888,-145,-36,68,5732,-8800,11484,-28,156,-190,-12596,4312,7808,-1003,-255,-87,-12788,-6660,7568,-472,159,-168,0
3277.6389639377594,6504,7780,11964,-160,6,56,5772,-8864,11516,-24,192,-166,-12624,4264,7796,-994,15,-45,-12572,-7164,7436,-464,121,-203,0
3277.6724519729614,6560,7736,12012,-143,-3,33,5620,-8712,11488,-114,209,-187,-12480,4568,7620,-1035,26,-100,-12616,-6704,7580,-258,139,-181,0
3277.705805063248,6412,7756,11868,-164,11,21,5744,-8732,11468,-61,199,-199,-12572,4400,7512,-1039,116,-99,-12400,-6868,7580,-463,119,-159,0
3277.739625930786,6560,7692,11916,-186,43,65,5720,-8772,11472,-69,166,-159,-12448,4308,7840,-1014,124,-28,-12596,-6924,7544,-466,116,-135,0
3277.773083925247,6492,7772,11996,-143,29,108,5780,-8676,11264,-72,173,-115,-12580,4328,7708,-1029,134,-253,-12644,-6984,7532,-463,76,-152,0
3277.8068001270294,6204,7688,11968,-174,4,98,5756,-8932,11364,-81,173,-152,-12484,4204,7836,-1023,136,-20,-12472,-6680,7636,-466,99,-164,0
3277.8402919769287,6352,7768,12008,-197,-4,109,5668,-8896,11288,-86,156,-95,-12464,4348,7656,-907,106,-105,-12752,-6676,7640,-480,122,-130,0
3277.873728990555,6416,7728,11924,-198,-38,77,5664,-8760,11412,-19,191,-202,-12796,4132,7808,-1022,124,-94,-12360,-6936,7808,-480,155,-124,0
3277.907289028168,6144,7776,12020,-225,-100,90,5588,-8756,11576,3,186,-225,-12516,4392,7852,-988,132,-110,-12524,-6984,7648,-453,173,-89,0
3277.940814971924,6476,7784,11896,-209,-192,123,5580,-8776,11584,37,135,-245,-12456,4328,7740,-966,148,-113,-12580,-7132,7436,-469,199,-85,0
3277.9741971492767,6328,7800,11848,-174,-162,149,5880,-8820,11524,-8,129,-239,-12560,4252,7844,-994,156,-116,-12648,-6836,7660,-479,184,-62,0
3278.0078020095825,6456,7852,11932,-198,-187,141,5648,-8920,11404,-33,195,-203,-12484,4364,7772,-969,74,-128,-12548,-6860,7496,-504,221,-69,0
3278.0414469242096,6432,7728,11844,-177,-193,181,5576,-8752,11508,-50,122,-192,-12472,4304,7556,-1003,125,-100,-12488,-6844,7612,-476,194,-31,0
3278.0750110149384,6560,7776,11856,-223,-223,205,5596,-8700,11524,2,93,-196,-12516,4284,7920,-996,157,-77,-12636,-6916,7500,-460,192,-15,0
3278.108468055725,6516,7764,11716,-236,-197,203,5784,-8792,11584,30,99,-212,-12596,4268,7880,-775,114,-76,-12624,-6708,7600,-459,201,-28,0
3278.1418149471283,6564,7664,11924,-215,-178,178,5724,-8652,11488,38,74,-232,-12800,4356,7584,-975,122,-142,-12620,-6908,7468,-485,183,-65,0
3278.1753010749817,6524,7752,12012,-193,-199,170,5820,-8688,11476,77,70,-242,-12560,4316,7912,-770,91,-161,-12656,-6880,7804,-455,185,-86,0
3278.2089710235596,6528,7676,11892,-170,-169,131,5720,-8732,11492,57,101,-279,-12300,4252,7896,-1037,156,-164,-12632,-6912,7584,-458,172,-98,0
3278.242696046829,6528,7756,11788,-206,-180,101,5728,-8720,11432,78,129,-261,-12308,4344,7424,-983,180,-127,-12656,-6804,7628,-410,161,-78,0
3278.275885105133,6504,7728,12048,-198,-211,131,5752,-8772,11488,1,142,-231,-12492,4352,7792,-966,133,-113,-12592,-6660,7668,-426,97,-72,0
3278.3094820976257,6524,7616,11860,-216,-192,142,5556,-8780,11412,30,153,-195,-12564,4256,7952,-976,134,-116,-12652,-6792,7676,-458,157,-115,0
3278.343019962311,6492,7648,11884,-231,-200,146,5596,-8680,11376,83,94,-201,-12452,4288,7632,-1035,159,-134,-12636,-6868,7512,-483,169,-70,0
3278.3767631053925,6512,7524,11972,-200,-211,170,5632,-8648,11664,24,135,-223,-12344,4224,7872,-1001,183,-109,-12540,-6936,7440,-484,213,-44,0
3278.410094022751,6516,7904,11888,-235,-185,173,5704,-8804,11752,39,73,-228,-12640,4348,7664,-1001,115,-106,-12648,-6704,7916,-472,245,-30,0
3278.4437930583954,6608,7688,11984,-201,-163,158,5656,-8876,11292,55,57,-210,-12580,4192,7668,-986,152,-111,-12584,-6812,7520,-485,212,-66,0
3278.4773540496826,6596,7700,11900,-194,-170,170,5660,-8616,11508,43,61,-170,-12544,4212,7816,-1044,158,-102,-12576,-6772,7552,-508,159,-99,0
3278.512794971466,6600,7732,11948,-183,-136,171,5880,-8648,11692,16,101,-159,-12628,4212,7700,-1044,121,-96,-12604,-7100,7612,-493,129,-101,0
3278.548243045807,6604,7724,11852,-173,-88,152,5408,-8456,11496,6,104,-178,-12320,4556,7440,-967,105,-64,-12656,-6676,7504,-490,135,-102,0
3278.58359003067,6552,7596,11800,-132,-78,109,5820,-8656,11516,-25,148,-175,-12628,4324,7592,-996,103,-77,-12616,-6844,7552,-454,155,-122,0
3278.619611978531,6428,7612,11884,-179,-41,85,5704,-8492,11440,-31,167,-159,-12584,4216,7412,-1033,108,-80,-12688,-6748,7636,-505,108,-137,0
3278.654946088791,6648,7908,11816,-145,-66,50,5728,-8668,11328,-71,205,-173,-12636,4176,7428,-1028,82,-51,-12736,-6860,7624,-456,153,-149,0
3278.6903200149536,6592,7724,11796,-164,-12,98,5800,-8484,11560,-66,162,-175,-12572,4348,7908,-1037,121,-81,-12568,-6728,7684,-456,160,-148,0
3278.725600004196,6576,7640,11812,-172,5,57,5688,-8692,11344,-35,163,-164,-12648,4280,7676,-1038,19,-36,-12592,-6828,7616,-481,136,-171,0
3278.7617480754852,6548,7756,11908,-138,252,51,5656,-8680,11340,-83,178,-180,-12516,4280,7788,-1011,56,-44,-12544,-6876,7676,-435,147,-168,0
3278.7980549335484,6496,7720,11828,-176,-24,53,5584,-8564,11736,-81,173,-174,-12612,4240,7772,-985,58,-88,-12588,-6784,7584,-467,122,-153,0
3278.8331480026245,6488,7880,11904,-152,-12,63,5884,-8500,11360,-77,136,-163,-12588,4280,7544,-993,73,-65,-12556,-6760,7544,-532,187,-157,0
3278.8693130016327,6584,7844,11852,-153,-7,58,5592,-8716,11556,-35,145,-151,-12608,4316,7612,-979,67,-70,-12656,-6728,7552,-538,160,-143,0
3278.904729127884,6588,7780,11828,-163,12,107,5648,-8728,11552,-57,153,-165,-12788,4300,8084,-1011,102,-27,-12520,-6828,7424,-503,146,-156,0
3278.9402561187744,6632,7704,11876,-174,-32,64,5720,-8680,11288,-84,122,-169,-12320,4252,7548,-981,105,-66,-12696,-6836,7440,-526,178,-110,0
3278.9753999710083,6600,7732,11720,-170,5,115,5696,-8560,11756,-95,155,-149,-12584,4332,7692,-1001,108,1,-12600,-6820,7812,-538,121,-163,0
3279.0109510421753,6640,7640,11844,-179,24,89,5652,-8492,11336,-23,163,-143,-12540,4320,7688,-1059,68,-106,-12696,-6892,7908,-521,167,-156,0
3279.0460851192474,6496,7688,11876,-170,-5,77,5700,-8568,11668,243,161,-149,-12616,4276,7720,-1034,58,-59,-12580,-6704,7556,-484,126,-182,0
3279.0817980766296,6544,7820,11908,-161,-27,37,5784,-8704,11736,-74,211,-205,-12568,4304,7636,-991,54,-58,-12640,-6880,7508,-486,136,-190,0
3279.1180760860443,6504,7644,11932,-229,-11,18,5640,-8732,11580,-56,194,-178,-12328,4340,7588,-970,57,-73,-12464,-6800,7612,-470,160,-124,0
3279.153193950653,6416,7748,11952,-199,-17,25,5724,-8720,11392,-53,188,-166,-12548,4360,7680,-1024,49,-7,-12612,-6692,7616,-464,112,-144,0
3279.1886069774628,6516,7816,11904,-150,-14,93,5492,-8464,11504,-17,124,-139,-12492,4300,7612,-1002,72,-39,-12332,-6820,7488,-762,121,-120,0
3279.221966981888,6648,7692,11932,-185,-35,123,5660,-8740,11552,-46,131,-165,-12360,4120,7996,-988,145,-65,-12648,-6896,7592,-466,144,-105,0
3279.2553329467773,6532,7716,11844,-184,-78,140,5688,-8732,11764,-53,139,-150,-12604,4280,7780,-1024,93,-81,-12624,-6816,7472,-496,136,-96,0
3279.2889580726624,6456,7888,11616,-166,-49,104,5744,-8876,11400,7,152,-145,-12600,4176,7636,-957,102,-80,-12784,-6792,7620,-497,162,-149,0
3279.322268009186,6500,7788,11992,-194,-75,103,5620,-8568,11712,-254,151,-207,-12536,4268,7784,-1048,141,-96,-12652,-6836,7544,-469,182,-104,0
3279.355709075928,6452,7740,11976,-176,-106,106,5660,-8960,11608,-27,106,-190,-12760,4196,7720,-1041,143,-92,-12608,-6844,7620,-500,147,-76,0
3279.3891780376434,6476,7808,12008,-169,-49,114,5860,-8808,11720,5,103,-196,-12316,4304,7924,-1045,146,-62,-12556,-6836,7576,-504,144,-101,0
3279.4226989746094,6416,7660,11916,-191,-72,137,5648,-8756,11280,-15,93,-173,-12548,4256,7736,-1039,132,-47,-12628,-6800,7712,-510,184,-119,0
3279.4560129642487,6504,7796,11892,-163,-65,141,5696,-8772,11368,-38,103,-182,-12736,4256,7580,-1037,164,-52,-12616,-6776,7532,-503,129,-101,0
3279.4896750450134,6492,7684,11844,-150,-44,105,5700,-8472,11544,-97,117,-153,-12524,4228,7756,-990,106,-51,-12680,-6956,7692,-495,105,-115,0
3279.523231983185,6472,7920,11860,-167,11,77,5760,-8760,11380,-28,171,-153,-12580,4120,7704,-1279,54,-51,-12668,-6748,7508,-524,117,-177,0
3279.5565280914307,6408,7820,12016,-135,-22,91,5664,-8680,11520,42,167,-152,-12512,4256,7600,-1280,100,-82,-12548,-6876,7620,-488,179,-104,0
3279.590018987656,6480,7772,11792,-161,-28,139,5568,-8668,11528,-55,115,-183,-12424,4340,7812,-1013,138,-55,-12440,-6884,7520,-506,179,-127,0
3279.6233079433446,6468,7756,11996,-178,-91,113,5848,-8716,11660,-52,104,-192,-12316,4364,7780,-1025,147,-123,-12624,-6812,7628,-525,174,-87,0
3279.6567149162292,6200,7692,11904,-155,-96,162,5616,-8700,11476,-42,156,-169,-12496,4272,7712,-1007,89,-101,-12564,-6864,7444,-490,145,-119,0
3279.6901860237126,6464,7724,12016,-173,-52,128,5892,-8736,11628,-108,82,-80,-12400,4152,7732,-1002,164,-46,-12588,-6748,7668,-475,93,-102,0
3279.7239141464233,6232,7820,11904,-173,62,73,5652,-8960,11432,-78,175,-129,-12296,4208,7856,-1050,118,-251,-12580,-6796,7484,-473,61,-106,0
3279.7573211193085,6444,7760,11864,-167,54,73,5740,-8700,11296,-87,173,-77,-12532,4160,7564,-1080,148,-23,-12548,-6808,7484,-512,121,-89,0
3279.790853023529,6644,7480,11948,-145,85,110,5648,-8748,11408,-52,94,-119,-12492,4272,7744,-1063,120,-59,-12628,-6844,7496,-537,165,-112,0
3279.8243370056152,6424,7716,11908,-138,-4,109,5700,-8720,11712,-28,81,-133,-12728,4252,8504,-921,124,-19,-12656,-6832,7604,-512,177,-107,0
3279.8575849533086,6180,7920,11972,-190,3,95,5664,-8472,11400,-64,70,-157,-12564,4316,7764,-1037,165,-53,-12644,-6824,7540,-507,155,-99,0
3279.8910839557648,6556,7796,11912,-161,-49,118,5596,-8848,11612,-58,132,-152,-12436,4316,7912,-1051,91,-36,-12664,-6800,7636,-515,182,-111,0
3279.924544095993,6444,7760,11916,-146,255,93,5596,-8816,11552,-33,141,-154,-12768,4580,7640,-1047,123,-76,-12608,-6888,7596,-506,155,-104,0
3279.958097934723,6384,7776,12016,-182,-18,95,5648,-8696,11436,-68,130,-151,-12580,4296,7640,-1042,93,-95,-12572,-6796,7652,-487,165,-138,0
3279.991569042206,6624,7712,12016,-189,-19,87,5752,-8772,11592,-78,184,-166,-12564,4256,7720,-985,55,-66,-12692,-6844,7588,-452,150,-129,0
3280.024963140488,6384,7684,12240,-234,-255,48,5668,-8844,11520,-97,209,-172,-12348,4160,7820,-997,73,-92,-12540,-6896,7516,-488,180,-148,0
3280.058231115341,6620,7740,12024,-206,-31,73,5632,-8800,11584,-56,171,-198,-12564,4292,7648,-1001,68,-143,-12756,-6948,7468,-487,194,-139,0
3280.0919349193573,6516,7784,11784,-188,-59,70,5608,-8460,11552,-36,185,-204,-12584,4168,7804,-969,73,-171,-12696,-7000,7584,-502,207,-108,0
3280.125298023224,6292,7784,11824,-214,-91,96,5636,-8720,11516,-29,190,-216,-12768,4260,7484,-948,64,-83,-12776,-6832,7496,-501,184,-96,0
3280.158504009247,6404,7780,12236,-181,-68,128,5624,-8744,11552,-43,121,-219,-12580,4228,7816,-986,116,-122,-12704,-6908,7536,-502,212,-18,0
3280.1943979263306,6324,7768,11820,-212,-102,151,5852,-8800,11272,-23,149,-206,-12520,4292,7824,-998,165,-75,-12676,-6876,7496,-481,211,-32,0
3280.2295820713043,6516,7732,11992,-200,-92,157,5680,-8688,11448,-56,136,-176,-12532,4244,7772,-953,124,-124,-12664,-6816,7632,-487,224,-32,0
3280.2649919986725,5532,7424,12304,316,174,158,5616,-8600,11416,114,147,-186,-12516,4188,7896,-966,127,-72,-12712,-6728,7632,-489,157,-36,0
3280.3010280132294,6428,7720,12036,-209,-13,149,5672,-8740,11488,11,146,-191,-12624,4316,7600,-991,116,-106,-12656,-6836,7520,-497,210,-89,0
3280.336174964905,6632,7800,11800,-207,-109,154,5640,-8800,11376,19,144,-216,-12708,4308,7908,-992,128,-116,-12580,-6736,7592,-758,209,-85,0
3280.372265100479,6460,7440,11872,-208,-197,136,5696,-8732,11360,23,143,-213,-12560,4276,7800,-1015,151,-75,-12612,-6820,7540,-476,207,-88,0
3280.4081370830536,6340,7612,11964,-192,-184,140,5620,-8720,11500,22,129,-232,-12612,4328,7828,-999,133,-173,-12688,-6812,7544,-485,203,-89,0
3280.4432339668274,6468,7432,12048,-211,-149,157,5660,-8804,11652,40,126,-199,-12768,4260,7552,-999,145,-98,-12584,-6828,7584,-439,185,-55,0
3280.4786920547485,6460,7640,11796,-229,-150,148,5684,-8824,11264,36,128,-235,-12624,4312,7432,-1006,132,-122,-12684,-6856,7544,-474,169,-90,0
3280.513822078705,6480,7908,11840,-210,-157,162,5620,-8624,11584,40,146,-209,-12596,4288,7828,-1000,138,-65,-12676,-6828,7236,-487,177,-101,0
3280.5499279499054,6464,7644,11960,-219,-133,142,5620,-8628,11420,40,146,-206,-12516,4284,7864,-985,124,-115,-12728,-7168,7560,-464,163,-79,0
3280.585116147995,6612,7828,11864,-212,-87,137,5688,-8616,11624,20,122,-197,-12708,4240,7736,-917,51,-58,-12732,-6752,7528,-492,93,-98,0
3280.620837926864,6548,7724,11800,-205,-106,130,5572,-8656,11552,51,134,-208,-12632,4280,7572,-1009,86,-69,-12628,-6908,7600,-500,152,-116,0
3280.6561009883885,6488,7748,11844,-162,-91,114,5676,-8604,11572,53,155,-175,-12776,4272,7732,-982,141,-25,-12704,-6892,7628,-507,111,-142,0
3280.691668987274,6524,7612,11964,-224,-8,63,5740,-8736,11512,21,219,-207,-12616,4604,7840,-933,35,-53,-12648,-6832,7596,-495,178,-130,0
3280.727739095688,6480,7692,11940,-241,-57,78,5716,-8772,11740,-16,244,-173,-12600,4196,7928,-970,78,-36,-12580,-6840,7456,-467,104,-163,0
3280.7629849910736,6468,7624,11976,-184,31,72,5760,-8684,11748,-33,224,-150,-12656,4244,7728,-924,49,21,-12968,-6760,7512,-483,11,-231,0
3280.7988550662994,6568,7588,11856,-154,144,-27,5768,-8728,11332,-1,349,-99,-12664,4600,7740,-952,-110,59,-12564,-6772,7408,-766,-36,-324,0
3280.8355050086975,6592,7712,11876,-142,240,-53,5532,-8624,11712,-1,413,-76,-12548,4360,7724,-979,-88,74,-12644,-6752,7432,-768,-14,-307,0
3280.868996143341,6652,7908,12028,-158,191,-23,5504,-8736,11532,7,364,-84,-12440,4340,7552,-936,-26,33,-12292,-6748,7464,-507,38,-272,0
3280.902370929718,6340,7672,11844,-239,142,9,5852,-8492,11664,-47,314,-113,-12792,4468,7836,-928,-65,1,-12648,-6864,7472,-533,100,-227,0
3280.9359209537506,6616,7660,11900,-153,129,-19,5880,-8772,11700,-5,397,-127,-12396,4268,7784,-938,-81,248,-12712,-6920,7448,-542,84,-327,0
3280.969274997711,6192,7692,11948,-80,162,-32,5580,-8724,11676,253,392,-74,-12560,4472,8156,-1003,-116,79,-12704,-6820,7600,-566,33,-299,0
3281.0027940273285,6344,7488,11980,-80,238,-30,5436,-8628,11320,30,375,-64,-12556,4488,7792,-949,-96,55,-12684,-6932,7724,-566,-23,-312,0
3281.0362479686737,6304,7744,11836,-90,6,-30,5532,-8644,11704,46,407,-13,-12492,4356,7680,-1034,-116,67,-12764,-6980,7692,-544,-254,-323,0
3281.069977045059,6268,7684,12012,-130,224,-50,5464,-8732,11336,-28,405,-30,-12572,4484,7832,-1042,-120,90,-12596,-6920,7628,-530,-17,-342,0
3281.1036031246185,6328,7768,12036,-98,249,-17,5424,-8752,11692,-44,330,-26,-12732,4136,7784,-1002,-52,51,-12472,-6756,7428,-555,-36,-313,0
3281.137027978897,6216,7680,11948,-51,510,6,5452,-8792,11732,-48,271,-42,-12340,4364,7884,-1087,-46,74,-12560,-6928,7552,-561,-6,-269,0
3281.17045211792,6224,7740,12076,-22,168,80,5468,-8672,11484,-62,238,-40,-12444,4160,7820,-1046,23,112,-12492,-6880,7696,-602,-24,-244,0
3281.2041029930115,6220,7776,11932,-32,121,130,5520,-8744,11684,-35,182,-22,-12372,4504,7712,-1059,49,71,-12488,-6992,7716,-577,-250,-208,0
3281.2375750541687,6156,7696,12012,-32,55,161,5356,-8720,11708,20,152,6,-12472,4600,7688,-1035,-244,7,-12408,-7004,7760,-609,24,-208,0
3281.2710621356964,6244,7784,11908,-255,89,146,5616,-8688,11648,14,127,-9,-12340,4548,7764,-994,7,13,-12556,-7016,7880,-562,-251,-165,0
3281.3046650886536,6208,7772,12068,-74,109,127,5420,-8788,11516,-8,172,-18,-12680,4384,7912,-1048,97,60,-12512,-7044,7660,-596,-63,-189,0
3281.3382411003113,6152,7836,12232,-70,122,115,5512,-8740,11528,67,230,31,-12496,4508,7764,-1124,11,65,-12376,-7032,7600,-632,-33,-234,0
3281.3719329833984,5952,7716,11984,-13,185,118,5460,-8704,11676,28,264,54,-12472,4356,7992,-1140,1,11,-12424,-7080,7772,-636,-31,-208,0
3281.4054441452026,6092,8040,11824,-37,170,132,5476,-8756,11588,66,188,45,-12408,4380,8080,-1138,-243,39,-12468,-6952,7616,-660,23,-205,0
3281.4389209747314,6164,7924,11944,-9,156,141,5576,-8744,11276,33,202,27,-12428,4504,7716,-1158,36,35,-12440,-6960,7712,-610,-1,-223,0
3281.472437143326,6096,7884,11884,-16,206,180,5120,-8868,11672,88,200,75,-12476,4572,7984,-1102,-48,63,-12556,-6952,7432,-637,-39,-219,0
3281.506052017212,6144,7820,12004,-16,253,210,5308,-8668,11952,104,240,124,-12396,4464,7860,-1181,-52,103,-12420,-7120,7792,-643,-71,-214,0
3281.539966106415,6060,7908,11948,-52,275,203,5192,-8620,11648,76,167,124,-12300,4356,7848,-1100,2,69,-12388,-7240,7692,-606,-57,-184,0
3281.573534965515,6048,7700,11868,-66,166,210,5040,-8548,11696,108,123,59,-12248,4172,7944,-1114,94,251,-12252,-7220,7544,-558,54,-83,0
3281.6071379184723,5688,8016,12012,-143,-30,257,5096,-8816,11892,171,-7,-163,-12180,4472,8016,-1198,326,-137,-12208,-7140,7648,-566,213,22,0
3281.6406540870667,5848,7988,12084,-107,-241,282,5172,-8900,11612,113,-127,-222,-12244,4496,8044,-1108,324,-160,-12404,-7284,7832,-576,219,4,0
3281.6739549636845,6008,8060,11992,-123,-281,300,5144,-8872,11676,72,-114,-221,-12376,4440,8140,-1022,286,-173,-12376,-7056,7716,-570,243,19,0
3281.7076530456543,5672,7876,11820,-140,-283,293,5240,-8656,11732,170,-29,-210,-12448,4384,8100,-1024,210,-140,-12428,-6928,7504,-546,178,-31,0
3281.7412300109863,6136,8144,11996,-169,-176,258,5196,-8612,11728,165,31,-162,-12416,4400,7924,-1103,182,-113,-12496,-7312,7652,-514,138,-64,0
3281.7747881412506,5892,7916,11896,-220,-107,202,5348,-8636,11688,172,126,-137,-12432,4444,8184,-1066,170,-29,-12456,-7108,7704,-533,76,-56,0
3281.8083770275116,6076,7908,11968,-216,-65,194,5300,-8712,11596,139,107,-134,-12464,4572,8120,-1126,255,-5,-12564,-7064,7836,-573,108,-89,0
3281.8417270183563,6080,7844,11988,-191,-61,195,5404,-8648,11940,187,66,-113,-12516,4372,7812,-1047,156,-77,-12408,-7036,7576,-547,117,-105,0
3281.878103017807,5932,7788,12028,-163,-56,180,5484,-8660,11636,200,90,-109,-12736,4204,7804,-1121,101,-70,-12732,-7016,7652,-763,136,-162,0
3281.913454055786,6268,7764,12000,-104,-6,164,5628,-8660,11432,202,118,-93,-12580,4424,7736,-1279,-49,-73,-12444,-7080,7576,-583,88,-230,0
3281.9497339725494,6176,7800,11932,-76,-28,96,5164,-8644,11728,133,197,-74,-12676,4164,7736,-1033,-185,-57,-12512,-6980,7484,-541,95,-282,0
3281.9901230335236,6224,7768,12024,-68,133,79,5400,-8580,11752,117,306,-252,-12360,4480,7860,-1061,-143,44,-12472,-6824,7648,-590,1,-312,0
3282.025956153869,6108,7816,12156,-91,226,31,5316,-8916,11620,56,310,78,-12268,4456,7984,-1206,-2,64,-12480,-7072,7668,-620,-27,-274,0
3282.0613780021667,6044,8012,11944,-102,11,126,5124,-8488,11996,32,252,96,-12268,4380,7884,-1174,18,112,-12400,-7112,7628,-600,-69,-201,0
3282.0961809158325,6108,7824,11996,-33,234,124,5272,-8604,11752,-28,264,85,-12368,4308,8104,-1116,-132,55,-12412,-7168,7880,-590,-21,-233,0
3282.1317751407623,6116,7716,11988,-43,505,122,5248,-8680,11876,20,269,110,-12364,4416,7868,-1114,-128,43,-12372,-7404,7652,-631,-29,-273,0
3282.167582988739,6120,8008,11916,57,511,108,5260,-8552,11772,20,301,124,-12428,4124,8016,-1155,-143,245,-12036,-7124,7904,-631,-40,-270,0
3282.2023091316223,5992,8132,11568,39,200,96,5152,-8548,11668,26,278,63,-12288,4340,7976,-1126,-110,35,-12320,-7276,7600,-625,-13,-287,0
3282.2381360530853,6140,8184,11832,-16,166,80,5124,-8540,11816,33,269,-12,-12292,4384,7992,-1132,-110,-103,-12212,-7328,7876,-586,95,-284,0
3282.2735569477086,5836,7960,11656,42,87,38,5008,-8576,11712,42,233,-84,-12180,4372,8132,-1119,-18,-126,-12172,-7252,7740,-616,117,-289,0
3282.3091621398926,5800,7952,12008,25,6,18,5188,-8568,11784,70,190,-137,-12080,4500,7872,-1096,47,-180,-12536,-7248,7660,-598,173,-278,0
3282.3441450595856,6100,8136,11812,-12,-36,55,4992,-8648,11796,91,152,-195,-12172,4500,7812,-1076,115,-187,-12060,-7200,7652,-592,247,-205,0
3282.3796370029454,5748,8044,11972,43,-182,153,5004,-8596,11772,87,-4,-233,-12184,4364,8004,-1210,195,-307,-12200,-7320,7796,-642,262,-180,0
3282.4147980213165,6040,8080,11868,-10,-205,142,5356,-8576,11764,75,29,-213,-12368,4604,7936,-1047,114,-508,-12392,-7296,7700,-664,176,-210,0
3282.4497270584106,5980,7976,11844,-29,-123,128,5136,-8596,11716,115,82,-179,-12516,4172,7972,-1139,193,-186,-12376,-7176,7708,-667,184,-182,0
3282.4861011505127,6016,8044,11936,-46,-201,147,5208,-8484,12016,32,81,-184,-12336,4148,7824,-1049,111,-202,-12380,-7264,7648,-558,211,-179,0
3282.5234179496765,6112,8184,11788,-115,-247,140,5176,-8556,11944,30,75,-217,-12352,4168,8152,-1276,30,-211,-12372,-7396,7680,-534,224,-158,0
3282.5571100711823,6068,8012,11772,-130,-175,107,5144,-8276,11636,11,149,-230,-12352,4152,7876,-1045,73,-191,-12356,-7296,7668,-528,168,-195,0
3282.5907909870148,6024,8060,11768,-90,-141,99,5244,-8196,11824,-19,119,-218,-12388,4224,8080,-1020,79,-183,-12388,-7380,7928,-522,166,-208,0
3282.6243619918823,6084,8116,11988,-73,-59,75,5308,-8392,11932,45,158,-163,-12368,4572,8180,-1040,85,-146,-12432,-7340,7596,-259,155,-198,0
3282.6575939655304,5972,8092,11900,-103,-59,86,5216,-8692,11828,24,190,-167,-12252,4260,8088,-966,101,-132,-12568,-7316,7752,-767,132,-183,0
3282.6908650398254,6012,7988,11820,-144,-46,101,5300,-8488,11532,-16,183,-153,-12468,4268,8040,-1024,161,-110,-12408,-7272,7608,-530,99,-123,0
3282.7244060039525,6008,8068,11812,-138,-54,95,5128,-8588,11756,9,125,-154,-12292,4516,8012,-1037,159,-122,-12048,-7252,7832,-527,130,-136,0
3282.758168935776,6008,8004,11872,-155,-40,91,5156,-8540,11692,-15,155,-167,-12376,4080,7988,-1064,138,-123,-12544,-7352,7428,-532,156,-121,0
3282.7918491363525,6004,8088,11660,-129,-60,47,5220,-8576,11876,-55,3,-185,-12536,4168,8036,-965,207,-89,-12396,-7376,7532,-514,140,-191,0
3282.8254120349884,5900,8056,11876,-200,42,29,5204,-8524,11788,30,201,-170,-12372,4240,7988,-1003,321,-85,-12476,-7312,7572,-462,103,-197,0
3282.859125137329,6024,8084,11524,-192,50,15,5212,-8500,11852,-59,171,-155,-12364,4340,8004,-1090,197,-62,-12296,-7304,7616,-456,91,-192,0
3282.8922350406647,5884,8080,11928,-118,78,62,5104,-8432,11628,-61,204,-159,-12440,4264,8036,-1190,74,-72,-12348,-7332,7612,-475,141,-159,0
3282.9256880283356,5900,8020,12060,-161,16,56,5108,-8512,11812,-105,163,-197,-12532,4260,8144,-1208,35,-20,-12204,-7412,7784,-482,144,-140,0
3282.959277153015,5912,8064,11920,-212,2,75,5120,-8484,11840,-129,167,-180,-12284,4116,7984,-1278,-21,-34,-12208,-7324,7876,-437,159,-134,0
3282.992907047272,5788,8156,12012,-215,-26,63,4892,-8480,11772,-111,216,-185,-12052,4140,8112,-974,25,-100,-12164,-7384,7700,-393,185,-142,0
3283.026726961136,5928,8104,11856,-277,-24,80,5028,-8392,11796,-134,225,-236,-12060,4156,8108,-1019,86,-78,-12160,-7396,7536,-426,160,-158,0
3283.0602729320526,5872,8156,11804,-511,-48,39,5176,-8368,11884,-164,272,-285,-12280,3936,8160,-876,99,-84,-12200,-7348,7568,-378,154,-142,0
3283.093752145767,5860,8176,11716,-354,23,-15,5184,-8532,11852,-192,229,-321,-12208,4180,8012,-754,88,-39,-12296,-7380,7440,-278,182,-92,0
3283.127104997635,5860,8084,11908,-393,-72,-28,5152,-8440,11840,-278,214,-368,-12060,4212,7888,-515,108,-30,-12276,-7408,7600,-253,230,-87,0
3283.1605730056763,5888,8008,11880,-414,-134,-28,5160,-8556,11860,-229,163,-333,-12456,4268,8016,-538,19,-71,-12412,-7372,7784,-281,210,-76,0
3283.193946123123,5924,8092,11884,-388,-161,-26,5212,-8652,11932,-201,501,-339,-12420,4284,7752,-571,53,-90,-12332,-7368,7620,-311,216,-74,0
3283.22772192955,6040,8140,11940,-393,-102,-10,5120,-8668,11848,-236,214,-325,-12352,4328,8040,-676,99,-104,-12464,-7316,7628,-262,214,-24,0
3283.2612619400024,6076,7984,12056,-406,-110,10,5160,-8752,11768,-258,151,-334,-12428,4364,8016,-879,174,-54,-12336,-7224,7628,-265,190,-78,0
3283.2947919368744,5944,7860,12180,-350,-77,2,5244,-8620,11792,-202,194,-275,-12676,4400,8112,-851,82,-48,-12444,-7320,7824,-395,169,-137,0
3283.3282611370087,5952,8072,11924,-263,-45,17,5152,-8632,11768,-141,182,-226,-12348,4432,7932,-841,77,-92,-12224,-7284,7708,-444,203,-119,0
3283.3617489337926,6128,8112,11904,-236,-64,57,5312,-8640,11636,-142,143,-271,-12336,4340,8004,-871,115,-79,-12364,-7080,7640,-449,178,-117,0
3283.395173072815,5900,8012,12092,-239,-56,117,5252,-8556,11728,-203,139,-234,-12348,4536,7680,-899,83,-37,-12352,-7136,7736,-420,135,-63,0
3283.428606033325,6136,7920,12280,-272,-53,74,5076,-8648,11688,-161,75,-229,-12320,4448,7700,-964,95,-73,-12232,-7280,7896,-399,187,-39,0
3283.46234703064,5800,7988,11948,-281,-103,112,4884,-8628,11784,-188,80,-229,-12360,4332,8012,-970,152,-76,-12412,-7356,7660,-417,209,-10,0
3283.4958720207214,5800,7980,12012,-285,-171,128,5336,-8692,11756,-242,89,-271,-12252,4312,8012,-962,214,-143,-12228,-7280,7636,-394,262,-32,0
3283.5291681289673,6044,8048,11932,-300,-217,91,5144,-8696,11652,-220,66,-351,-12076,4388,7828,-883,216,-127,-12364,-7208,7672,-364,266,-8,0
3283.5656790733337,6056,8176,11884,-330,-236,85,5100,-8624,11636,-221,69,-368,-12540,4508,8264,-916,185,-74,-12264,-7268,7576,-391,245,-17,0
3283.601325035095,5884,8060,12000,-287,-193,85,5164,-8452,11716,-149,146,-265,-12492,4432,8032,-949,103,-104,-12396,-7404,7772,-433,207,-76,0
3283.6373591423035,5836,8160,11968,-278,-110,34,5164,-8460,11980,-148,163,-281,-12368,4368,8068,-966,53,-89,-12384,-7236,7856,-403,213,-105,0
3283.672431945801,5928,8044,11860,-261,-128,13,5280,-8940,11776,-146,181,-269,-12360,4380,7960,-976,23,-117,-12384,-7412,7900,-410,246,-102,0
3283.7080929279327,6044,8036,12268,-220,-122,80,5208,-8612,11528,-100,166,-287,-12428,4152,7804,-936,24,-41,-12356,-7228,7912,-437,255,-81,0
3283.743665933609,5736,7692,11924,-216,-117,88,5224,-8700,11780,-106,120,-242,-12388,4404,7944,-933,12,-64,-12452,-6916,7448,-472,250,-92,0
3283.7794640064244,5924,7936,12000,-195,-142,116,5192,-8468,11632,-93,122,-207,-12056,4104,7852,-957,58,-77,-12468,-6924,7596,-445,189,-60,0
3283.8148081302643,6008,8028,12140,-193,-67,126,5232,-8792,11596,-91,112,-216,-12360,4376,7880,-990,69,-11,-12396,-7160,7604,-441,188,-45,0
3283.8508429527283,5988,8116,11952,-234,-80,135,5180,-8468,11668,-129,94,-195,-12372,4264,7744,-1075,116,-49,-12416,-7212,7680,-412,195,-40,0
3283.885481119156,5812,8144,11832,-241,-97,157,5200,-8960,11608,-117,56,-228,-12356,4456,8100,-983,107,-77,-12320,-7168,7776,-440,239,-72,0
3283.931766986847,6108,8020,12160,-242,-67,125,5108,-8804,11708,-134,84,-507,-12392,4508,8024,-946,136,-124,-12460,-7180,7436,-419,193,-50,0
3283.979448080063,5948,7928,11912,-233,-135,130,5184,-8664,11608,-87,71,-232,-12464,4168,8060,-964,175,-140,-12384,-7100,7604,-417,207,-85,0
3284.023479938507,5880,8076,12044,-214,-136,118,5176,-8724,11624,-94,74,-248,-12464,4388,8048,-1003,130,-102,-12340,-7200,7728,-462,190,-75,0
3284.0592489242554,5928,8056,11936,-241,-80,93,5260,-8724,11688,-117,112,-241,-12364,4296,8104,-986,178,-82,-12496,-7140,7560,-417,209,-41,0
3284.0943329334254,6044,7972,11876,-280,-27,89,5304,-8884,11576,-162,145,-243,-12428,4416,7868,-883,144,-85,-12432,-7052,7512,-419,169,-83,0
3284.1294579505925,5924,7924,11952,-286,-80,67,5328,-8820,11596,-118,147,-230,-12344,4520,8020,-960,108,-76,-12400,-7168,7480,-432,217,-69,0
3284.164897918701,5968,8048,11932,-276,-118,100,5260,-8680,11816,-73,85,-255,-12312,4268,8056,-1020,189,-134,-12500,-7320,7556,-423,238,-14,0
3284.201802968979,5920,8044,12060,-251,-167,132,5260,-8692,11864,-111,62,-276,-12400,4524,8032,-955,136,-142,-12396,-7240,7640,-415,511,-27,0
3284.2355971336365,6004,7688,12016,-296,-194,104,5248,-8832,11728,-72,71,-317,-12424,4472,7748,-957,194,-164,-12448,-7196,7552,-431,274,-23,0
3284.269073009491,5952,7828,12168,-228,-240,120,5256,-8820,11584,-67,92,-304,-12372,4496,8180,-970,183,-153,-12480,-7020,7648,-440,265,-42,0
3284.302700996399,6112,7876,12136,-238,-217,157,5152,-8804,11412,-15,69,-265,-12232,4396,7760,-1016,259,-148,-12368,-7064,7608,-437,214,4,0
3284.3362059593205,5920,7792,11928,-264,-222,146,5172,-8780,11604,-246,56,-263,-12388,4420,7864,-1012,226,-149,-12352,-7172,7476,-394,230,8,0
3284.369670152664,5980,7888,12112,-280,-219,199,5124,-8780,11648,8,54,-216,-12404,4464,7696,-1020,244,-133,-12300,-7060,7436,-443,214,42,0
3284.4032130241394,6024,7860,12028,-258,-219,192,5380,-8824,11560,67,-17,-245,-12452,4408,7780,-992,247,-163,-12456,-7048,7860,-467,240,28,0
3284.436546087265,6120,7868,12028,-256,-271,207,5380,-8888,11636,64,251,-310,-12448,4356,8044,-1010,257,-169,-12496,-7040,7548,-459,272,10,0
3284.4698209762573,6012,7776,11796,-209,-272,210,5380,-8800,11768,85,22,-319,-12524,4252,7876,-1276,236,-147,-12300,-6940,7540,-452,267,-3,0
3284.503466129303,6396,7832,11936,-257,-259,200,5352,-8736,11552,95,4,-267,-12504,4592,7840,-772,227,-131,-12548,-7068,7520,-465,244,-41,0
3284.537117958069,6088,7844,11792,-268,-227,151,5412,-8708,11680,104,63,-284,-12316,4352,7712,-1041,231,-151,-12576,-7000,7584,-482,248,-47,0
3284.5704669952393,6100,7800,11852,-206,-235,193,5436,-8656,11524,76,38,-512,-12372,4108,7760,-1058,204,-138,-12616,-6996,7636,-456,195,-50,0
3284.6041791439056,6224,7912,12124,-230,-262,198,5508,-8644,11300,59,97,-183,-12420,4340,7492,-1179,504,-110,-12536,-7040,7500,-443,124,-55,0
3284.637458086014,6156,7860,11980,-252,-201,155,5416,-8748,11520,106,18,-168,-12472,4356,7924,-1055,223,-74,-12548,-7068,7476,-479,98,-84,0
3284.6708419322968,6152,7744,12032,-216,-209,223,5508,-8652,11536,153,54,-157,-12480,4112,7840,-1099,209,-124,-12508,-7116,7608,-466,102,-73,0
3284.7043690681458,6108,7852,11988,-205,-148,188,5292,-8764,11756,65,35,-174,-12404,4364,7716,-1272,121,-149,-12524,-7056,7628,-484,100,-91,0
3284.7377219200134,6080,7788,11932,-213,-136,182,5136,-8716,11688,75,57,-164,-12444,4416,7932,-995,86,-87,-12300,-6996,7592,-497,163,-92,0
3284.771422147751,6108,7720,11748,-180,-159,184,5348,-8688,11704,38,253,-187,-12432,4276,7704,-1045,175,-88,-12788,-6964,7552,-512,124,-80,0
3284.804899930954,6076,7736,11996,-120,-92,199,5536,-8540,11692,-15,61,-130,-12436,4240,7744,-1045,124,-26,-12628,-7076,7488,-533,120,-109,0
3284.83851313591,6116,7808,11944,-159,-14,107,5468,-8616,11600,-70,129,-145,-12536,4284,7860,-1020,68,-54,-12552,-7048,7460,-515,94,-213,0
3284.8718540668488,6060,7752,12036,-139,11,32,5504,-8592,11300,-73,211,-127,-12476,4220,7692,-965,70,-78,-12344,-7080,7728,-493,154,-203,0
3284.905350923538,6212,7696,11988,-153,19,22,5348,-8688,11608,-112,196,-211,-12504,4372,7728,-974,-7,-55,-12352,-7000,7636,-760,158,-200,0
3284.9390189647675,6200,8152,11992,-155,13,29,5300,-8740,11764,-119,184,-196,-12468,4320,7912,-1001,61,-25,-12440,-6976,7652,-509,129,-204,0
3284.9723489284515,6096,7808,11912,-179,69,46,5416,-8600,11580,-125,165,-169,-12368,4384,7512,-1018,52,-83,-12520,-6920,7608,-500,140,-154,0
3285.005691051483,6092,7876,12004,-138,10,89,5612,-8484,11368,-110,108,-151,-12488,4348,7652,-1006,82,-70,-12500,-7008,7600,-520,173,-168,0
3285.0390939712524,5996,7920,12032,-160,-27,89,5372,-8640,11568,-150,126,-173,-12412,4556,7868,-994,19,-37,-12468,-7064,7552,-523,187,-176,0
3285.072413921356,6128,7852,11868,-164,17,72,5440,-8464,11632,-149,199,-147,-12464,4416,7980,-953,15,-24,-12516,-7132,7620,-520,141,-175,0
3285.105921983719,6104,7820,11888,-178,72,59,5440,-8708,11556,-139,204,-139,-12424,4380,7888,-970,-13,-56,-12480,-7148,7724,-536,134,-208,0
3285.13925409317,6076,7900,11896,-147,53,37,5312,-8684,11740,-115,200,-131,-12524,4316,7744,-1014,35,227,-12712,-7080,7504,-532,97,-156,0
3285.172778129577,6072,7824,12040,-110,76,105,5300,-8724,11672,-88,165,-137,-12436,4336,7904,-1020,57,15,-12472,-7004,7580,-523,121,-148,0
3285.2059581279755,5984,7804,11860,-126,98,88,5412,-8652,11660,-113,152,-122,-12512,4424,7792,-1024,78,-27,-12628,-7116,7676,-507,98,-133,0
3285.2428660392766,6024,7800,12128,-140,39,103,5348,-8684,11528,-136,151,-127,-12452,4296,7896,-1032,87,-26,-12300,-7008,7468,-504,117,-108,0
3285.2781660556793,6040,7836,12012,-140,-254,119,5436,-8756,11596,-115,123,-121,-12392,4400,8000,-1008,70,-28,-12440,-7104,7608,-577,142,-154,0
3285.31360411644,6032,7848,11944,-129,24,97,5396,-8684,11580,-63,155,-140,-12404,4276,8032,-1015,26,-114,-12324,-7036,7556,-549,169,-152,0
3285.349636077881,5752,7848,11948,-144,21,86,5620,-8760,11728,-48,166,-148,-12384,4324,7584,-904,-198,-93,-12540,-7352,7576,-527,236,-162,0
3285.384463071823,5980,7768,12068,-131,-39,79,5356,-8700,11628,-14,174,-174,-12368,4348,7796,-1013,48,-112,-12724,-7164,7604,-552,199,-154,0
3285.4203679561615,6040,8184,11984,-147,-6,51,5276,-8780,11660,-30,147,-178,-12524,4108,8100,-1051,75,-54,-12432,-7168,7592,-526,191,-168,0
3285.455466032028,5936,7876,11864,-159,0,46,5372,-8952,11696,-51,166,-150,-12352,4224,7976,-1017,71,-100,-12452,-6920,7524,-476,159,-136,0
3285.4912519454956,6088,7908,12232,-143,253,85,5356,-8760,11636,-83,146,-136,-12432,4372,7868,-991,52,-64,-12456,-7064,7544,-526,140,-146,0
3285.527559041977,5948,7856,12240,-170,-35,76,5588,-8744,11616,-21,174,-150,-12348,4308,7800,-1034,38,-54,-12548,-7208,7496,-525,165,-135,0
3285.5622479915614,6072,7940,11776,-156,-76,115,5252,-8604,11656,-9,156,-151,-12392,4260,7928,-1084,77,-34,-12556,-7136,7476,-493,151,-148,0
3285.598086118698,5996,7960,11948,-152,-25,63,5344,-8656,11744,-37,178,-178,-12460,4152,7800,-1012,76,-77,-12660,-7088,7568,-528,125,-162,0
3285.632880926132,5984,7688,11872,-158,-7,95,5328,-8844,11700,-81,175,-144,-12440,4376,7864,-1032,70,-46,-12516,-7016,7564,-526,128,-132,0
3285.668215036392,5980,7836,11988,-110,-30,93,5400,-8796,11664,-14,122,-99,-12376,4480,8116,-782,122,-20,-12676,-7068,7596,-559,66,-165,0
3285.703717947006,6064,7684,12052,-107,26,100,5436,-8800,11648,-46,147,-92,-12332,4324,7880,-1029,90,-11,-12500,-7180,7392,-521,69,-142,0
3285.7393839359283,6048,7856,11928,-166,20,107,5252,-8708,11640,-71,115,-104,-12396,4384,7708,-1273,98,-39,-12484,-7360,7668,-510,48,-119,0
3285.7745780944824,5948,7888,12064,-173,69,89,5320,-8700,11708,-22,129,-112,-12412,4272,7904,-1043,166,-56,-12432,-7120,7536,-502,151,-118,0
3285.8101329803467,5940,8096,12064,-188,-38,113,5292,-8652,11636,-43,146,-207,-12332,4344,7748,-1000,113,-86,-12400,-7112,7612,-540,174,-116,0
3285.8455309867854,5960,7884,12228,-208,-101,109,5492,-8724,11556,-2,92,-205,-12372,4220,8040,-991,200,-160,-12492,-7164,7636,-485,198,-60,0
3285.8831729888916,5992,7944,11932,-190,-139,164,5244,-8692,11716,23,49,-243,-12400,4416,7788,-961,206,-127,-12512,-7144,7484,-492,197,-38,0
3285.9166560173035,6080,7904,12004,-210,-201,172,5364,-8916,11580,-4,45,-259,-12356,4388,7916,-950,179,-118,-12504,-7216,7684,-497,206,-23,0
3285.950164079666,5988,7948,11944,-167,-232,204,5572,-8624,11632,-12,73,-215,-12352,4292,7980,-885,118,-118,-12444,-7156,7604,-456,147,-79,0
3285.983673095703,6072,7812,11916,-186,-220,159,5288,-8680,11532,22,93,-189,-12316,4536,7832,-881,165,-131,-12468,-7036,7484,-461,184,-49,0
3286.017415046692,6028,7928,11944,-221,-252,181,5276,-8736,11696,8,61,-218,-12348,4560,7708,-970,222,-85,-12548,-7080,7456,-757,215,-254,0
3286.050768136978,6060,7944,11876,-226,-255,164,5400,-8704,11580,44,44,-210,-12420,4396,7888,-978,141,-78,-12744,-7052,7560,-480,245,-33,0
3286.08428812027,6096,7796,12192,-204,-197,181,5384,-8728,11624,59,56,-211,-12484,4372,7784,-1016,171,-94,-12392,-7032,7420,-469,187,-37,0
3286.117952108383,6044,7756,11792,-214,-222,210,5432,-8704,11544,73,26,-227,-12476,4408,7840,-1037,230,-143,-12584,-7140,7532,-468,226,-2,0
3286.1513991355896,6352,7864,12064,-218,-204,224,5456,-8724,11544,66,39,-240,-12464,4408,7804,-771,211,-144,-12416,-7076,7532,-448,193,-55,0
3286.1848320961,5912,7744,12148,-197,-193,197,5360,-8724,11644,61,71,-208,-12352,4416,7916,-997,138,-110,-12472,-6988,7532,-476,165,-60,0
3286.218446016312,6076,7784,11964,-203,-199,182,5452,-8704,11680,126,58,-210,-12504,4304,7704,-1090,171,-97,-12484,-7160,7496,-484,171,-101,0
3286.2517421245575,6040,7908,12272,-201,-133,164,5464,-8560,11360,90,83,-182,-12504,4192,7752,-1015,159,-162,-12524,-7144,7520,-429,134,-87,0
3286.2850029468536,6104,7816,11852,-216,-137,134,5320,-8692,11696,19,91,-225,-12420,4356,7972,-944,132,-124,-12556,-7140,7612,-478,174,-65,0
3286.318634033203,6140,7904,12152,-255,-157,114,5416,-8768,11556,36,123,-237,-12480,4452,7580,-953,136,-129,-12552,-6984,7916,-462,164,-76,0
3286.352220058441,6368,7812,11908,-200,-196,156,5416,-8692,11620,53,72,-210,-12640,4420,7784,-1008,157,-94,-12732,-7000,7648,-449,96,-65,0
3286.3855130672455,6384,7832,11972,-223,-139,168,5444,-8656,11828,31,82,-152,-12512,4376,7736,-986,129,-95,-12452,-7128,7560,-476,87,-107,0
3286.4193029403687,5948,7872,11840,-205,-131,164,5448,-8728,11740,44,94,-178,-12392,4324,8040,-1012,130,-142,-12468,-7088,7672,-482,136,-104,0
3286.4528710842133,6116,7696,12088,-198,-107,134,5452,-8644,11600,-7,85,-198,-12440,4312,7872,-1039,81,-143,-12464,-6992,7472,-535,179,-104,0
3286.4860761165614,6012,7880,11908,-182,-149,128,5496,-8576,11612,-10,100,-203,-12444,4488,7460,-1036,82,-103,-12312,-7116,7536,-499,179,-157,0
3286.519753932953,5908,7840,12016,-155,-78,99,5564,-8596,11616,-60,127,-167,-12484,4604,7792,-1075,104,-90,-12604,-7016,7360,-487,163,-163,0
3286.5534460544586,6164,7864,11816,-167,-26,68,5428,-8644,11292,-89,154,-156,-12444,4436,7736,-997,99,-81,-12636,-6948,7488,-463,145,-162,0
3286.5869879722595,6184,7884,12040,-165,33,42,5524,-8628,11732,-101,168,-177,-12512,4316,7740,-1044,86,-82,-12608,-7040,7516,-502,137,-140,0
3286.620481014252,6256,7872,11812,-157,26,56,5412,-8824,11712,-110,194,-147,-12404,4460,7736,-1048,63,-47,-12444,-7000,7652,-508,150,-168,0
3286.6537239551544,6136,7908,11916,-147,-7,56,5156,-8668,11488,-140,216,-178,-12472,4316,7844,-996,62,-34,-12448,-7060,7584,-258,122,-178,0
3286.6869900226593,6072,7872,11972,-162,-253,55,5356,-8748,11620,-137,178,-165,-12372,4356,8068,-976,42,-77,-12532,-7120,7568,-521,204,-145,0
3286.7206609249115,6036,7808,11964,-165,-21,57,5360,-8628,11512,-134,220,-156,-12468,4444,7888,-977,251,-103,-12468,-7076,7560,-514,193,-144,0
3286.7540180683136,6092,7776,11972,-145,253,75,5276,-8940,11660,-102,184,-156,-12496,4372,8076,-998,14,-64,-12504,-7176,7440,-493,149,-165,0
3286.7875399589534,5900,7884,12088,-166,26,51,5264,-8608,11696,-84,177,-158,-12296,4140,8084,-976,62,-70,-12488,-7096,7616,-443,167,-139,0
3286.821058988571,6052,7776,11920,-171,11,63,5372,-8600,11728,-152,151,-134,-12440,4380,7824,-995,79,-35,-12608,-7084,7652,-507,104,-112,0
3286.854726076126,6040,7892,11920,-135,1,58,5348,-8800,11680,-164,150,-170,-12356,4368,7688,-999,69,-79,-12492,-7112,7480,-521,123,-162,0
3286.8881130218506,6120,7840,11884,-156,-22,62,5512,-8768,11708,-93,155,-175,-12476,4280,7828,-981,31,-128,-12776,-7160,7576,-505,167,-175,0
3286.9250519275665,5960,8184,11884,-152,-1,51,5404,-8888,11600,-122,168,-194,-12460,4348,7912,-980,19,-46,-12504,-7124,7464,-257,127,-166,0
3286.9601969718933,6080,7944,11940,-192,8,1,5380,-8852,11604,-144,231,-169,-12480,4388,7996,-981,46,-101,-12336,-6980,7528,-484,167,-173,0
3286.9985671043396,6100,7928,11876,-202,-249,22,5564,-8788,11644,-126,262,-177,-12424,4512,7704,-960,-253,-63,-12524,-7096,7528,-487,207,-157,0
3287.034404039383,5960,7812,11868,-160,-254,50,5384,-8700,11584,-127,223,-121,-12424,4424,8180,-968,34,-50,-12460,-7132,7492,-764,134,-175,0
3287.069803953171,6000,7884,11860,-178,7,56,5296,-8784,11304,-110,218,-98,-12440,4384,7844,-998,19,15,-12496,-7132,7660,-494,99,-141,0
3287.105020046234,5904,7956,12072,-199,13,64,5376,-8796,11488,-101,202,-136,-12332,4444,7912,-980,20,-93,-12376,-7152,7396,-463,123,-133,0
3287.1402981281285,5984,7844,11852,-187,8,65,5176,-8728,11688,-97,157,-172,-12324,4324,8160,-1016,76,-35,-12452,-7044,7456,-490,201,-126,0
3287.1755509376526,5912,7860,11928,-188,-32,69,5400,-8808,11692,-89,131,-198,-12388,4324,7864,-993,115,-109,-12540,-7136,7580,-507,178,-157,0
3287.2118289470673,6024,7844,11988,-176,-58,86,5332,-8820,11648,-76,124,-187,-12440,4572,7900,-966,38,-95,-12540,-7168,7660,-493,171,-129,0
3287.2476000785828,6008,7808,11788,-166,-5,96,5400,-8808,11636,-34,123,-171,-12392,4360,7972,-1030,72,-42,-12560,-7132,7516,-504,132,-129,0
3287.2826390266414,5976,7860,11976,-204,7,96,5444,-8796,11592,-53,115,-164,-12400,4336,7688,-955,113,-61,-12352,-6920,7552,-454,107,-134,0
3287.3182921409607,5944,7832,12280,-179,-42,109,5224,-8752,11468,-95,116,-192,-12336,4332,7732,-769,89,-84,-12520,-7184,7636,-491,110,-162,0
3287.3528330326085,5924,7692,11996,-194,-44,79,5280,-8748,11628,-73,152,-169,-12344,4336,7984,-954,117,-78,-12348,-7120,7556,-485,127,-113,0
3287.3887519836426,6056,7924,11892,-189,-34,107,5304,-8832,11516,-76,146,-211,-12360,4424,7808,-956,59,-84,-12472,-7132,7520,-479,125,-134,0
3287.4241790771484,6044,7916,12044,-202,-17,77,5588,-8880,11684,-66,127,-183,-12352,4572,8096,-977,114,-78,-12576,-6936,7456,-500,138,-132,0
3287.459594964981,5980,7972,11988,-185,-38,91,5588,-8788,11768,-14,106,-194,-12336,4404,7760,-959,134,-71,-12520,-7084,7472,-482,140,-107,0
3287.4948511123657,5984,7808,12032,-198,-14,107,5312,-8780,11324,-79,99,-190,-12456,4340,7908,-989,193,-78,-12532,-7172,7516,-462,150,-88,0
3287.5304110050206,6000,7888,12080,-211,-32,109,5440,-8724,11508,-90,96,-174,-12404,4408,8124,-1013,141,-112,-12440,-7080,7500,-767,98,-95,0
3287.5667569637294,6016,7864,11856,-207,-72,129,5432,-8884,11576,-18,139,-172,-12336,4420,7884,-1079,97,-78,-12484,-7120,7424,-762,176,-90,0
3287.600229024887,5940,8184,11940,-212,-116,154,5368,-8688,11504,23,90,-168,-12500,4336,8176,-1053,196,-80,-12380,-7012,7564,-462,143,-60,0
3287.6336901187897,5952,8116,11840,-181,-140,132,5256,-8788,11600,-33,123,-196,-12412,4416,7880,-967,141,-95,-12596,-7216,7624,-489,156,-74,0
3287.667403936386,5988,7844,12136,-241,-141,115,5308,-8804,11664,-17,133,-243,-12376,4408,7928,-859,125,-117,-12552,-7072,7520,-465,154,-58,0
3287.7010419368744,5924,7804,12112,-182,-152,120,5364,-8632,11596,-11,145,-207,-12420,4336,7944,-914,117,-148,-12496,-7004,7504,-500,190,-75,0
3287.734516143799,5816,7820,11996,-190,-205,161,5308,-8760,11524,-10,144,-213,-12360,4444,8060,-936,105,-112,-12504,-7080,7564,-515,201,-50,0
3287.7680370807648,5940,7864,11892,-215,-186,165,5364,-8756,11728,-16,146,-238,-12476,4380,7796,-927,125,-125,-12412,-7096,7628,-466,193,-38,0
3287.8012459278107,6068,7884,11932,-223,-191,160,5436,-8844,11648,0,106,-190,-12432,4444,7852,-971,116,-132,-12524,-7140,7596,-457,259,-32,0
3287.834993124008,6080,7872,12008,-207,-192,153,5388,-8732,11660,51,106,-229,-12456,4416,7732,-1018,142,-133,-12488,-7004,7348,-506,239,-59,0
3287.868571996689,5948,7808,12252,-198,-190,166,5408,-8768,11636,62,82,-222,-12480,4368,7744,-989,117,-88,-12492,-7036,7468,-474,253,-56,0
3287.901915073395,6040,7844,12068,-198,-204,161,5384,-8772,11576,26,74,-220,-12384,4396,7916,-772,124,-124,-12516,-6924,7456,-464,201,-39,0
3287.9353370666504,6008,7868,11892,-215,-182,166,5364,-8780,11756,38,97,-251,-12496,4356,7832,-1032,121,-124,-12488,-7096,7440,-452,199,-61,0
3287.9686329364777,6076,7868,12180,-226,-143,138,5408,-8696,11680,44,134,-193,-12572,4428,8064,-1018,97,-157,-12320,-7160,7588,-487,206,-60,0
3288.0021090507507,6024,7888,12112,-205,-168,157,5476,-8740,11600,5,91,-235,-12380,4348,7756,-1011,132,-120,-12732,-7116,7556,-459,209,-48,0
3288.035830974579,6096,7700,11940,-217,-184,179,5380,-8468,11488,-13,102,-215,-12484,4392,7804,-979,157,-80,-12300,-7112,7416,-440,177,-74,0
3288.069468021393,5968,7816,11936,-216,-189,135,5448,-8816,11748,0,102,-226,-12516,4456,7780,-963,140,-110,-12448,-7176,7500,-470,184,-73,0
3288.1028320789337,6116,7848,12188,-225,-187,154,5400,-8732,11524,98,104,-201,-12468,4580,7744,-948,154,-141,-12556,-7068,7528,-466,165,-68,0
3288.1360800266266,6380,7956,11928,-182,-179,145,5316,-8676,11496,71,84,-235,-12520,4316,7760,-913,172,-129,-12520,-7140,7480,-440,162,-82,0
3288.1696219444275,6140,7852,12024,-242,-171,137,5400,-8892,11716,-9,85,-223,-12488,4352,7952,-932,107,-78,-12588,-7096,7604,-458,151,-85,0
3288.2032721042633,6376,7828,11936,-223,-145,152,5428,-8956,11768,6,50,-211,-12448,4360,7764,-909,126,-82,-12516,-7056,7440,-460,141,-43,0
3288.2369549274445,6152,7956,11764,-178,-80,171,5468,-8640,11736,-17,60,-175,-12800,4216,7748,-1016,134,-37,-12588,-7024,7400,-493,147,-76,0
3288.2704279422765,6116,7844,11952,-164,-67,124,5436,-8692,11688,-66,132,-188,-12484,4308,7840,-1009,124,-61,-12416,-7180,7396,-501,157,-158,0
3288.303687095642,6164,7812,11964,-188,-54,52,5508,-8680,11440,-93,196,-190,-12544,4484,8032,-1008,86,-81,-12496,-7004,7504,-489,203,-148,0
3288.337389945984,6120,7924,12020,-197,-33,27,5448,-8824,11624,-74,203,-204,-12400,4480,7844,-998,44,-65,-12588,-7064,7640,-485,185,-167,0
3288.3710141181946,6108,7848,11912,-148,-4,52,5412,-8700,11668,-75,188,-224,-12484,4360,7680,-1002,67,-81,-12600,-6976,7544,-458,154,-154,0
3288.404307126999,6108,7800,12060,-184,16,53,5432,-8712,11620,-113,158,-188,-12484,4604,7456,-780,155,-76,-12600,-6996,7568,-476,175,-142,0
3288.4379551410675,6104,7860,12208,-162,-256,75,5440,-8768,11608,-117,90,-186,-12356,4124,7948,-1004,123,-108,-12472,-6980,7396,-505,196,-124,0
3288.4714820384975,6004,7748,11852,-176,-31,108,5372,-8700,11540,-127,134,-215,-12516,4456,7920,-1036,137,-104,-12524,-7028,7472,-481,208,-131,0
3288.50497508049,6120,7804,11952,-198,-8,82,5420,-8704,11608,-130,166,-180,-12476,4332,7960,-1015,112,-78,-12644,-7156,7496,-470,188,-156,0
3288.5386970043182,5892,7868,12032,-169,9,56,5620,-8460,11724,-121,180,-203,-12416,4348,7980,-970,89,-97,-12556,-7048,7512,-467,147,-177,0
3288.571932077408,6060,7924,12020,-195,18,33,5464,-8700,11612,-142,166,-201,-12440,4464,7944,-968,98,-107,-12348,-7092,7664,-490,106,-128,0
3288.6087379455566,5996,7868,12020,-176,6,33,5420,-8660,11664,-91,193,-197,-12532,4292,7808,-986,91,-66,-12468,-7088,7528,-457,142,-154,0
3288.6439299583435,6036,7896,11940,-182,-253,71,5384,-8668,11540,-113,152,-182,-12372,4604,7744,-991,111,-59,-12592,-7172,7500,-460,130,-147,0
3288.6796679496765,6108,7780,12032,-184,-1,59,5300,-8664,11628,-116,159,-160,-12524,4172,8168,-980,78,-37,-12456,-7200,7332,-463,125,-136,0
3288.7150709629054,6036,7836,11972,-204,-43,83,5620,-8728,11696,-132,183,-171,-12492,4392,7904,-995,93,-82,-12312,-7092,7400,-484,128,-144,0
3288.7501549720764,5912,7936,11952,-192,-30,71,5476,-8872,11724,-97,173,-143,-12444,4364,7712,-869,-104,-38,-12616,-7072,7536,-479,118,-168,0
3288.7856500148773,6092,7928,12016,-184,-52,68,5532,-8788,11300,-79,191,-161,-12480,4408,7868,-1038,111,-80,-12536,-7096,7476,-493,138,-122,0
3288.820941925049,6032,7904,12244,-182,0,65,5120,-8740,11316,-63,193,-156,-12476,4412,7828,-996,61,-60,-12428,-7136,7192,-480,164,-159,0
3288.8560769557953,5932,7808,12080,-193,-17,54,5428,-8864,11512,-75,194,-164,-12432,4356,8160,-1035,250,-83,-12584,-7152,7552,-506,146,-175,0
3288.892359018326,5896,7808,12020,-187,-3,39,5300,-8804,11288,-93,182,-148,-12428,4444,7872,-1019,75,-20,-12544,-7180,7644,-490,175,-165,0
3288.9274339675903,6028,7880,12032,-203,-9,54,5420,-8800,11584,-86,195,-187,-12528,4588,7908,-966,79,-45,-12512,-7164,7544,-454,139,-151,0
3288.9633741378784,5976,7956,12060,-212,-24,89,5396,-8796,11524,-117,152,-170,-12444,4396,7980,-973,68,-76,-12592,-7116,7500,-453,104,-122,0
3288.9993810653687,6096,7772,11868,-209,-3,78,5300,-8904,11600,-61,210,-141,-12384,4560,7744,-1076,55,-69,-12392,-7076,7528,-510,177,-172,0
3289.0347189903255,5868,7868,12016,-174,-17,93,5284,-8684,11656,-28,143,-158,-12424,4128,8080,-1073,74,-93,-12708,-7232,7328,-507,190,-144,0
3289.0702710151672,5972,7964,12152,-168,-21,61,5332,-8792,11536,-132,185,-184,-12500,4592,8020,-1004,72,-52,-12496,-7384,7308,-511,183,-158,0
3289.1055171489716,6080,7920,12116,-215,-44,42,5372,-8868,11576,-128,184,-185,-12472,4372,7888,-1007,70,-56,-12496,-7032,7596,-505,170,-146,0
3289.1412920951843,6024,7764,12036,-160,-22,63,5432,-8900,11720,-93,150,-144,-12392,4348,7632,-1033,119,-35,-12532,-7080,7528,-497,82,-156,0
3289.1771540641785,5984,7860,11932,-117,28,67,5212,-8752,11528,-88,134,-117,-12448,4400,7808,-976,54,-19,-12304,-7144,7668,-471,64,-162,0
3289.2128479480743,5940,7908,12008,-194,248,94,5336,-8820,11404,-126,124,-134,-12328,4472,7880,-973,61,-46,-12432,-7104,7516,-481,89,-132,0
3289.2495250701904,5916,7868,12012,-181,-15,77,5384,-8960,11620,-79,124,-179,-12400,4380,7740,-984,134,-34,-12456,-7148,7512,-497,123,-129,0
3289.2831990718846,5896,7836,11932,-180,-19,101,5456,-8848,11548,-48,114,-203,-12460,4368,7776,-1002,106,-105,-12484,-7108,7656,-485,165,-132,0
3289.316551923752,5876,7968,11952,-160,-51,125,5564,-8788,11472,-69,96,-193,-12400,4416,7928,-1009,165,-132,-12504,-7116,7472,-464,170,-87,0
3289.3500649929047,5936,7784,11960,-195,-69,85,5208,-8924,11296,-37,112,-171,-12376,4468,7764,-989,106,-93,-12576,-7168,7516,-467,115,-142,0
3289.3835010528564,5912,7864,12264,-196,-25,98,5344,-8800,11472,-33,154,-174,-12440,4344,7912,-852,-162,-102,-12516,-7168,7392,-495,173,-91,0
3289.416783094406,5908,7804,12068,-230,-62,124,5340,-8864,11540,-14,140,-193,-12524,4388,7804,-970,136,-85,-12564,-7168,7456,-492,133,-99,0
3289.450436115265,5924,8132,12192,-217,-121,130,5324,-8824,11548,-19,117,-209,-12544,4420,7952,-965,117,-143,-12340,-7112,7480,-502,178,-91,0
3289.4838860034943,5856,7964,12164,-214,-149,126,5376,-8844,11752,-34,113,-206,-12352,4144,7832,-974,115,-125,-12416,-7144,7544,-496,200,-57,0
3289.5173931121826,5856,7776,12056,-209,-157,156,5320,-8708,11508,-16,148,-208,-12320,4360,7696,-947,96,-114,-12504,-7276,7600,-524,222,-68,0
3289.5509769916534,6136,7856,11972,-211,-175,154,5368,-8808,11608,-247,113,-214,-12388,4276,7896,-940,80,-109,-12460,-7108,7544,-520,230,-33,0
3289.5844480991364,5936,7856,12000,-191,-209,156,5404,-8872,11720,12,80,-205,-12540,4464,7912,-1013,57,-138,-12320,-7156,7584,-258,241,-52,0
3289.618056058884,5984,7920,12156,-180,-193,194,5144,-8772,11596,5,86,-209,-12472,4328,7700,-994,-251,-129,-12572,-7036,7468,-487,221,-65,0
3289.6515040397644,5888,7840,12100,-222,-163,177,5472,-8912,11284,-9,109,-217,-12348,4144,7844,-1000,75,-107,-12568,-7012,7340,-479,160,-57,0
3289.684963941574,5956,7900,12020,-187,-146,173,5464,-8848,11640,-5,112,-206,-12528,4408,7684,-771,128,-86,-12656,-7056,7384,-501,149,-87,0
3289.718689918518,6024,7744,11920,-200,-178,151,5404,-8852,11500,44,89,-199,-12392,4556,7748,-1044,127,-73,-12644,-7080,7384,-465,166,-75,0
3289.7523379325867,6124,7916,12088,-180,-182,148,5440,-8696,11564,26,123,-192,-12340,4492,7872,-1002,162,-97,-12584,-7400,7488,-444,127,-92,0
3289.7859361171722,6004,7896,12184,-221,-156,120,5440,-8852,11660,13,130,-239,-12552,4396,7852,-955,175,-119,-12612,-7168,7604,-423,115,-85,0
3289.8192040920258,6008,7724,12096,-223,-186,134,5340,-8844,11556,22,107,-209,-12460,4500,7812,-979,191,-82,-12344,-7096,7368,-457,125,-79,0
3289.8525879383087,6108,7796,11952,-198,-150,152,5456,-8856,11536,75,109,-172,-12356,4444,7900,-1057,224,-58,-12308,-7044,7172,-473,106,-101,0
3289.8858799934387,6028,7848,12044,-204,-140,170,5356,-8892,11628,42,87,-167,-12300,4364,7940,-1023,221,-78,-12712,-7068,7504,-500,113,-110,0
3289.9194090366364,6012,7908,11928,-214,-137,161,5364,-8816,11568,33,95,-193,-12432,4120,7752,-1013,171,-131,-12516,-7044,7420,-473,156,-84,0
3289.9529559612274,6056,7792,12036,-207,-122,153,5384,-8704,11660,33,86,-249,-12436,4340,7872,-1011,142,-143,-12612,-7140,7376,-485,197,-90,0
3289.9861249923706,6068,7748,12064,-197,-204,152,5188,-8788,11572,43,96,-245,-12488,4572,7884,-1036,155,-120,-12492,-7136,7396,-485,212,-57,0
3290.0198819637294,5968,7808,11960,-205,-164,157,5448,-8784,11588,-14,114,-233,-12404,4320,7792,-1037,166,-152,-12600,-7148,7456,-464,186,-70,0
3290.0529940128326,6096,7924,12056,-205,-151,127,5456,-8704,11560,-37,100,-212,-12504,4436,7680,-1015,161,-105,-12680,-7036,7208,-470,180,-86,0
3290.0861570835114,6228,7716,12192,-177,-76,101,5452,-8848,11708,-56,137,-183,-12564,4320,7836,-990,81,-48,-12592,-7000,7652,-489,151,-167,0
3290.1197900772095,6108,7884,12064,-151,-52,74,5532,-8872,11524,-83,157,-163,-12476,4284,7760,-972,56,-53,-12780,-7060,7220,-761,166,-177,0
3290.153146982193,6184,7804,11932,-138,-24,64,5388,-8748,11616,-87,208,-158,-12576,4552,7776,-1007,43,-65,-12792,-7096,7416,-494,145,-193,0
3290.186830997467,6124,7884,12272,-163,-256,48,5408,-8536,11508,-102,207,-155,-12472,4392,7828,-989,49,-65,-12680,-6924,7532,-264,154,-200,0
3290.2203550338745,6096,7748,11784,-167,-17,50,5360,-8840,11544,-71,183,-163,-12428,4416,7892,-1017,35,-31,-12304,-6980,7560,-499,180,-162,0
3290.2538509368896,5936,7900,12016,-145,-5,73,5380,-8816,11468,-80,181,-160,-12456,4316,7868,-1016,41,-51,-12636,-7060,7464,-258,193,-147,0
3290.2904200553894,5956,7792,11940,-138,13,68,5472,-8888,11672,-88,190,-183,-12468,4356,7644,-990,11,-58,-12556,-7000,7500,-497,170,-151,0
3290.325739145279,5956,7904,11796,-159,-35,74,5132,-8772,11436,-132,177,-149,-12460,4380,7728,-980,71,-11,-12576,-7080,7436,-483,125,-143,0
3290.361284971237,6144,7760,12084,-153,13,65,5428,-8868,11524,-130,207,-150,-12532,4432,8136,-1009,20,-64,-12472,-7088,7468,-535,103,-180,0
3290.3971660137177,6036,7856,11872,-141,21,55,5144,-8844,11320,-67,202,-157,-12388,4244,8088,-772,45,-54,-12512,-7088,7488,-500,156,-177,0
3290.43230009079,5960,7828,11980,-166,29,58,5332,-8800,11652,-105,190,-173,-12296,4452,7916,-774,27,-61,-12548,-7392,7560,-511,116,-157,0
3290.4682741165166,5992,7844,11888,-154,41,52,5396,-8740,11696,-122,195,-178,-12524,4348,7892,-947,33,-109,-12584,-6916,7548,-489,116,-164,0
3290.5037910938263,6048,8096,12160,-204,31,37,5552,-8784,11432,-137,211,-162,-12576,4280,7712,-954,37,-55,-12556,-7068,7420,-465,122,-143,0
3290.5393779277806,6068,7908,11996,-161,7,68,5332,-8912,11744,-116,211,-135,-12416,4372,7844,-975,47,-35,-12616,-7072,7604,-476,50,-194,0
3290.5742671489716,5924,7924,12120,-141,26,79,5344,-8952,11624,-103,163,-102,-12380,4120,7868,-967,53,-250,-12424,-7136,7512,-461,48,-137,0
3290.6099629402165,5920,8152,12252,-171,12,100,5240,-8884,11308,-103,164,-123,-12412,4424,8152,-994,29,-48,-12448,-7152,7384,-504,96,-146,0
3290.644951105118,5908,7892,11940,-159,-15,53,5308,-8820,11660,-86,158,-160,-12324,4380,8128,-1007,91,-61,-12492,-7060,7528,-475,137,-151,0
3290.6807601451874,5936,7872,11852,-173,-27,64,5292,-8916,11516,-75,141,-192,-12388,4312,7652,-999,116,-87,-12468,-7116,7468,-504,143,-136,0
3290.7160811424255,5932,7880,12260,-177,-22,82,5308,-8792,11644,-77,149,-212,-12424,4392,7944,-1012,109,-73,-12292,-7140,7288,-490,136,-108,0
3290.7522580623627,5940,7800,12268,-179,-59,70,5364,-8768,11440,-107,160,-166,-12460,4380,8084,-992,124,-72,-12524,-7064,7584,-485,165,-150,0
3290.7881021499634,6024,7832,12136,-167,255,95,5128,-8848,11332,-86,139,-180,-12460,4136,7688,-989,85,-95,-12516,-7124,7192,-484,185,-148,0
3290.8236160278325,5936,7844,12204,-150,-43,96,5340,-8880,11600,-71,176,-179,-12388,4404,7848,-966,86,-55,-12568,-7412,7260,-492,181,-143,0
3290.8593449592586,5876,7864,12080,-155,-39,93,5324,-8952,11508,-103,161,-137,-12452,4156,7748,-957,95,-74,-12520,-7224,7484,-498,165,-144,0
3290.8939671516414,5948,7896,11908,-211,-25,86,5240,-8904,11512,-99,205,-173,-12420,4284,8144,-1004,36,-78,-12588,-7144,7496,-464,175,-152,0
3290.9313960075374,6048,7908,12024,-174,-23,47,5320,-8912,11644,-66,208,-158,-12368,4496,7792,-1269,105,-96,-12308,-7148,7512,-502,165,-121,0
3290.9649469852448,5972,7680,11956,-164,15,95,5368,-8900,11504,-35,196,-170,-12376,4352,8116,-1016,105,-73,-12316,-7200,7524,-475,206,-98,0
3290.9983310699463,5772,7868,11896,-196,16,93,5144,-8844,11560,-54,110,-173,-12320,4340,7920,-1040,161,-60,-12452,-7208,7576,-490,217,-97,0
3291.031810998916,5832,8180,11964,-203,243,122,5276,-8816,11548,-64,139,-170,-12444,4356,7836,-1015,184,-88,-12500,-7228,7560,-488,179,-77,0
3291.0653109550476,6016,7832,11848,-194,-4,93,5312,-8868,11404,-58,133,-161,-12436,4488,7912,-1090,187,-69,-12628,-7096,7520,-271,139,-100,0
3291.098899126053,6060,7868,11856,-193,25,106,5216,-8904,11336,23,121,-116,-12344,4456,7864,-1160,143,-79,-12580,-7132,7352,-540,182,-100,0
3291.132306098938,6112,7904,12128,-203,-15,139,5308,-8908,11588,36,148,-193,-12392,4368,7904,-1068,181,-70,-12536,-7180,7504,-499,179,-120,0
3291.1658549308777,6096,7976,12244,-167,-95,110,5280,-8740,11272,-14,129,-198,-12444,4380,7924,-1045,180,-101,-12556,-7164,7512,-482,170,-102,0
3291.199234008789,6092,8068,11864,-218,-114,103,5276,-8908,11572,-11,137,-212,-12432,4416,7904,-1009,162,-91,-12632,-7188,7268,-501,155,-73,0
3291.2329280376434,5644,7840,11896,-202,-137,117,5276,-8776,11460,9,126,-162,-12412,4412,7832,-1005,164,-109,-12368,-7180,7616,-501,151,-51,0
3291.2667651176453,5880,7892,12072,-151,-159,170,5316,-8884,11488,6,115,-175,-12316,4220,7868,-980,143,-98,-12436,-7040,7432,-465,116,-80,0
3291.2998270988464,5660,7728,12252,-199,-152,168,5124,-9188,11352,19,90,-180,-12404,4456,7908,-975,184,-61,-12308,-7124,7192,-459,122,-71,0
3291.3333890438084,6136,7896,12152,-215,-164,190,5432,-8936,11680,2,63,-221,-12452,4336,7792,-1047,202,-104,-12296,-7088,7368,-447,147,-68,0
3291.3666939735413,6012,7720,11872,-197,-195,181,5144,-8888,11500,33,66,-236,-12472,4316,7760,-980,179,-164,-12496,-7136,7492,-524,181,-56,0
3291.399817943573,6012,7864,12240,-189,-140,169,5280,-8832,11452,26,70,-268,-12444,4408,7788,-943,151,-141,-12588,-7124,7420,-509,181,-41,0
3291.4334580898285,6024,7884,11792,-175,-220,203,5472,-8800,11568,13,58,-213,-12432,4372,7928,-962,187,-101,-12628,-7356,7336,-482,137,-67,0
3291.467266082764,6028,7844,12016,-209,-203,183,5288,-8852,11568,254,85,-221,-12516,4252,7760,-992,177,-105,-12756,-7124,7432,-452,124,-55,0
3291.5004880428314,5948,7884,12104,-197,-203,173,5408,-8828,11696,4,77,-184,-12424,4384,7692,-945,110,-110,-12772,-7328,7324,-768,126,-83,0
3291.5340111255646,6092,7812,11960,-197,-218,158,5492,-8936,11472,17,148,-218,-12360,4380,7888,-977,144,-87,-12420,-7176,7416,-450,145,-53,0
3291.5675649642944,5948,7912,12080,-226,-162,160,5468,-8872,11388,-24,101,-203,-12496,4432,7724,-968,166,-85,-12624,-7120,7512,-466,101,-88,0
3291.6010890007014,6016,7788,11864,-235,-152,142,5288,-8740,11576,7,82,-199,-12516,4436,7688,-995,151,-94,-12496,-7068,7432,-455,118,-78,0
3291.634338140488,5976,7832,11800,-192,-213,166,5316,-8840,11596,83,52,-210,-12432,4432,7932,-1027,151,-142,-12456,-7132,7388,-479,157,-73,0
3291.6680340766907,5984,7936,11916,-195,-185,180,5284,-8772,11632,33,60,-222,-12484,4284,7784,-985,164,-121,-12476,-7160,7404,-473,114,-72,0
3291.7016479969025,6080,7824,12196,-219,-160,133,5488,-8800,11296,34,104,-204,-12460,4424,7880,-946,97,-105,-12560,-7044,7528,-498,127,-88,0
3291.7349729537964,6012,7812,11924,-213,-186,150,5456,-8696,11768,24,84,-219,-12512,4348,7752,-961,142,-29,-12632,-6984,7376,-478,99,-43,0
3291.7685799598694,6124,7864,12124,-182,-56,167,5380,-8816,11484,-7,95,-141,-12496,4432,7716,-981,109,-57,-12552,-7096,7308,-530,94,-126,0
3291.8018519878387,6100,7736,12088,-153,-32,150,5488,-8840,11292,-40,141,-139,-12760,4152,7460,-1075,216,-65,-12452,-6928,7384,-514,120,-140,0
3291.835576057434,5928,7736,12124,-149,-15,97,5496,-8724,11380,-60,203,-176,-12308,4320,7868,-1031,121,-58,-12500,-7028,7336,-263,175,-177,0
3291.8689620494843,5992,7812,12048,-172,-51,51,5396,-8948,11568,-67,177,-174,-12508,4332,8012,-942,-7,-39,-12528,-7064,7632,-768,175,-166,0
3291.9020531177525,5976,7824,11808,-156,-19,25,5408,-8820,11552,-86,220,-188,-12496,4196,7756,-921,23,-66,-12696,-7320,7432,-540,196,-180,0
3291.9356501102448,6040,7700,11892,-163,-21,47,5384,-8840,11452,-79,242,-195,-12524,4504,7804,-970,10,-68,-12420,-7076,7424,-485,211,-169,0
3291.9728560447693,6012,7768,12064,-145,8,54,5480,-8808,11756,-85,181,-168,-12416,4428,7968,-1014,96,-66,-12732,-7108,7416,-496,224,-160,0
3292.0120520591736,6044,7816,11924,-173,-12,60,5488,-8744,11572,-127,109,-182,-12472,4384,7844,-1033,159,-57,-12560,-7160,7504,-511,177,-177,0
3292.048490047455,6032,8104,12052,-168,27,77,5388,-8868,11528,-129,165,-136,-12452,4416,7828,-1032,45,-14,-12588,-6940,7488,-532,161,-189,0
3292.083523988724,5980,7844,12032,-132,65,69,5328,-8816,11700,-121,202,-139,-12476,4144,7816,-1004,38,-58,-12328,-7092,7256,-257,138,-171,0
3292.1192491054535,5936,8044,12108,-151,62,62,5352,-8888,11596,-124,175,-151,-12468,4380,7932,-1113,83,-253,-12572,-7388,7468,-532,115,-173,0
3292.1547009944916,5904,7700,11880,-140,55,63,5364,-8804,11500,-82,158,-138,-12400,4120,7836,-1040,68,-57,-12360,-7096,7444,-492,111,-145,0
3292.1899371147156,5916,7872,11860,-151,76,89,5320,-8796,11332,-94,142,-162,-12516,4436,7868,-999,117,-19,-12768,-7144,7596,-476,112,-123,0
3292.225383043289,6092,8080,11804,-163,4,81,5404,-8796,11660,-104,147,-175,-12412,4496,7940,-1016,105,-111,-12532,-7040,7464,-509,130,-142,0
3292.2611820697784,5964,7876,12104,-146,-10,61,5372,-8840,11664,-45,180,-141,-12484,4468,7732,-1023,114,-64,-12540,-7208,7376,-488,96,-172,0
3292.297558069229,6008,7852,12040,-161,49,46,5464,-8792,11640,-52,252,-120,-12420,4356,7752,-1019,30,-30,-12492,-6964,7396,-461,84,-183,0
3292.3323159217834,6056,7860,12052,-185,102,40,5612,-8840,11680,-63,215,-123,-12364,4460,7888,-1267,78,-41,-12476,-7124,7432,-467,97,-170,0
3292.3681530952454,5880,7852,12176,-171,37,43,5328,-8964,11492,-48,186,-138,-12556,4480,7924,-1279,54,-62,-12432,-7244,7384,-465,112,-173,0
3292.4033589363094,6048,7804,12056,-140,-14,30,5328,-8892,11504,-50,222,-175,-12456,4432,7724,-956,-39,-86,-12636,-7160,7336,-482,113,-194,0
3292.4391031265254,5864,7736,12276,-154,255,22,5280,-8840,11600,-13,228,-173,-12452,4360,7748,-979,89,-78,-12536,-7072,7216,-478,121,-154,0
3292.4743559360504,5804,7916,12088,-172,-249,62,5288,-8880,11388,-43,208,-175,-12448,4344,7816,-1011,107,-65,-12416,-7212,7512,-464,128,-138,0
3292.510234117508,5636,7892,11960,-177,-23,72,5288,-8852,11592,-64,171,-178,-12408,4400,7828,-958,71,-45,-12592,-7404,7476,-472,110,-196,0
3292.5454759597774,5928,7916,12220,-182,23,26,5344,-8876,11708,-21,273,-145,-12460,4500,7796,-999,-7,-96,-12416,-7064,7448,-748,126,-223,0
3292.5813291072845,5900,7880,11928,-182,-255,5,5344,-8804,11624,-252,328,-152,-12484,4332,7840,-1006,-57,-69,-12468,-7208,7440,-479,120,-237,0
3292.6179111003876,5812,7968,11984,-169,49,-12,5320,-8880,11640,-21,294,-160,-12460,4392,7736,-1032,10,-94,-12776,-7220,7452,-470,96,-210,0
3292.6513891220093,5944,7900,12096,-191,31,-29,5276,-8856,11596,-38,296,-191,-12424,4488,7824,-982,14,-80,-12452,-7128,7556,-446,131,-169,0
3292.684881925583,5800,7888,11928,-235,3,46,5228,-8884,11692,-77,223,-164,-12268,4408,7732,-964,-7,4,-12420,-7124,7400,-490,122,-142,0
3292.7185420989986,5840,7908,11900,-165,17,82,5296,-8844,11772,-97,216,-96,-12392,4532,8148,-954,-2,23,-12532,-7244,7448,-479,90,-182,0
3292.752119064331,5740,7968,12180,-170,30,53,5312,-8820,11432,-47,305,-106,-12396,4416,7852,-908,-78,-13,-12528,-7264,7420,-435,109,-208,0
3292.785467147827,5836,7836,11968,-226,85,19,5364,-8876,11508,-60,284,-81,-12372,4424,8028,-864,-127,-23,-12484,-7328,7456,-437,51,-196,0
3292.8190619945526,5664,7792,11992,-211,87,34,5260,-8932,11688,-16,325,-52,-12428,4476,7688,-931,-31,231,-12384,-7220,7448,-469,74,-153,0
3292.852641105652,5816,8044,12136,-234,22,67,5224,-8992,11584,43,250,-154,-12352,4436,7784,-998,80,-37,-12300,-7176,7512,-429,147,-100,0
3292.885715007782,5684,7988,12152,-221,-119,81,5032,-8884,11616,60,167,-195,-12056,4576,7780,-977,81,-94,-12456,-7160,7552,-432,174,-105,0
3292.9192221164703,5688,7908,12136,-196,-127,123,5124,-8956,11580,112,120,-186,-12352,4412,7768,-992,154,-144,-12432,-7176,7652,-460,207,-51,0
3292.952893972397,5824,7968,12432,-246,-128,139,5164,-8888,11516,30,68,-276,-12092,4520,7716,-967,205,-185,-12432,-7228,7648,-415,211,13,0
3292.9862070083614,5772,7848,12232,-282,-215,171,5256,-8756,11724,-23,65,-230,-12408,4592,7760,-975,195,-75,-12464,-7060,7552,-394,128,-23,0
3293.0199711322784,5784,7856,11856,-250,-100,184,5224,-8816,11600,-37,84,-184,-12364,4520,8028,-972,191,-9,-12580,-7212,7656,-371,37,-28,0
3293.053586959839,6100,7868,12060,-324,-32,141,5256,-8868,11636,4,125,-164,-12448,4468,7828,-922,174,-33,-12324,-6940,7432,-362,42,-59,0
3293.0872139930725,5888,7856,12144,-303,-6,117,5240,-8964,11604,54,158,-168,-12488,4540,7796,-964,189,-34,-12508,-7116,7648,-412,82,-115,0
3293.1206860542297,5820,7820,12156,-236,1,91,5220,-8844,11608,92,192,-184,-12400,4504,7916,-938,120,-65,-12548,-7332,7536,-451,84,-146,0
3293.1540009975433,5660,7892,12096,-249,-9,79,5304,-8780,11692,83,195,-221,-12420,4540,7912,-907,160,-59,-12524,-7124,7216,-426,132,-134,0
3293.1874589920044,5748,7836,11964,-234,-56,103,5176,-8768,11604,81,193,-198,-12488,4528,7756,-911,50,-52,-12748,-7160,7540,-441,117,-186,0
3293.221035003662,5800,7804,12192,-231,3,97,5140,-8904,11596,72,184,-120,-12412,4508,7960,-878,100,-48,-12548,-7052,7532,-440,15,-139,0
3293.254707098007,5776,7868,12264,-227,39,97,5240,-8936,11532,73,0,-117,-12424,4556,7916,-983,83,-87,-12204,-7152,7580,-413,112,-312,0
3293.2882001399994,5516,7896,12048,-10,-195,74,5052,-8732,11636,87,171,-163,-12304,4364,7848,-942,85,-98,-12524,-7220,7412,-393,146,-128,0
3293.3215839862823,5692,7940,12052,-150,-21,90,5108,-8520,11892,-22,165,-183,-12344,4552,8028,-918,147,-56,-12504,-7360,7712,-381,123,-136,0
3293.3551750183105,5816,7856,12104,-272,-112,69,5212,-8888,11628,-33,225,-221,-12468,4544,7956,-858,70,-85,-12496,-7140,7508,-393,193,-152,0
3293.3885121345525,5804,7724,12044,-139,-128,87,5096,-8876,11712,3,215,-238,-12380,4600,7608,-934,88,-136,-12472,-7060,7564,-410,173,-105,0
3293.4219300746918,5784,7756,12092,-146,-145,182,5032,-8824,11660,92,164,-157,-12404,4628,7732,-1011,128,-82,-12376,-7092,7440,-441,156,-4,0
3293.455523967743,5712,7728,11932,-148,-131,194,5044,-9092,11684,71,87,-145,-12064,4556,7796,-1055,145,-60,-12364,-7052,7516,-489,210,-70,0
3293.4891769886017,5704,7824,12060,-82,-129,187,5168,-8752,11752,128,80,-141,-12524,4840,7828,-1082,106,-97,-12440,-7104,7496,-550,506,-96,0
3293.5227041244507,5744,7796,12196,-78,-195,182,5144,-8824,11692,152,99,-208,-12324,4536,7768,-1131,132,-156,-12472,-7072,7504,-543,237,-88,0
3293.5564210414886,5852,7784,12172,-121,-121,206,5296,-8780,11544,146,27,-206,-12400,4400,7872,-1081,187,-157,-12548,-7024,7424,-556,242,-65,0
3293.5899670124054,5812,7832,12076,-48,-137,189,5320,-8820,11652,120,17,-196,-12512,4508,7748,-1092,155,-156,-12492,-7104,7528,-535,266,-87,0
3293.623022079468,5908,7832,12096,-96,-162,179,4944,-8772,11732,97,23,-225,-12476,4512,8144,-1071,148,-178,-12584,-7184,7508,-767,274,-62,0
3293.6613180637364,5928,7752,12080,-101,-163,164,5248,-8740,11680,76,-25,-264,-12404,4408,7988,-1069,139,-185,-12516,-7168,7572,-534,272,-107,0
3293.697709083557,5884,8164,11820,-106,-151,157,5172,-8820,11724,147,52,-237,-12360,4416,7784,-1135,167,-133,-12428,-7132,7408,-547,250,-100,0
3293.732872962952,5800,7828,12052,-108,-146,124,5124,-8812,11840,86,-23,-509,-12352,4472,7952,-1108,119,-159,-12384,-6940,7496,-576,264,-83,0
3293.7687880992894,5716,7804,12088,-99,-116,153,5164,-8776,11620,133,17,-227,-12212,4448,7860,-1115,136,-170,-12548,-7072,7436,-621,222,-126,0
3293.804234981537,5836,7868,12116,-54,-49,186,5308,-8648,11768,118,-255,-147,-12436,4464,7740,-1170,153,-145,-12576,-7340,7584,-591,154,-83,0
3293.8394870758057,6108,7864,12040,-94,-40,177,5264,-8708,11552,125,-30,-157,-12348,4452,7864,-1072,141,-34,-12472,-7108,7460,-526,146,-36,0
3293.8747510910034,5904,7936,12124,-179,-105,213,5232,-8612,11700,84,-100,-168,-12420,4284,7896,-1055,259,-101,-12432,-7284,7524,-466,135,34,0
3293.9102029800415,5868,8084,12200,-184,-162,243,5176,-8936,11576,3,-30,-193,-12468,4440,7916,-770,278,-25,-12460,-7268,7484,-469,115,46,0
3293.9454829692845,5848,7936,11896,-238,-203,262,5356,-8656,11656,27,-20,-152,-12380,4584,7872,-989,225,-35,-12472,-7220,7468,-440,79,0,0
3293.9818861484528,5880,8012,12004,-245,-131,222,5268,-8464,11696,13,87,-154,-12392,4604,7700,-925,180,-46,-12596,-7156,7364,-406,37,-19,0
3294.018079996109,5932,7908,12140,-355,-135,171,5328,-8792,11928,140,196,-158,-12496,4480,7700,-999,155,-51,-12556,-7180,7448,-489,14,-51,0
3294.053455114364,5940,7856,12152,-339,-208,146,5328,-8648,11948,203,167,-155,-12456,4396,7956,-802,32,-12,-12300,-7064,7512,-529,6,-159,0
3294.089868068695,6020,7900,12096,-272,-179,126,5316,-8648,11596,237,167,-176,-12528,4380,7828,-972,-36,-56,-12556,-7152,7468,-538,0,-225,0
3294.125384092331,5676,7772,12084,-504,-109,46,5372,-8548,11536,154,263,-141,-12468,4416,7712,-1008,-72,230,-12384,-7044,7392,-468,59,-219,0
3294.161237001419,5996,7792,11964,-240,-35,-248,5340,-8588,11576,20,290,-123,-12404,4408,7708,-984,8,-52,-12516,-7132,7196,-423,71,-199,0
3294.197351932525,5936,7788,12056,-221,49,250,5604,-8604,11460,-110,306,-136,-12528,4488,7684,-943,30,2,-12632,-7016,7544,-418,30,-201,0
3294.2320721149445,6068,7780,12052,-280,184,21,5292,-8572,11600,-201,316,-256,-12412,4512,7688,-928,-1,97,-12496,-6984,7448,-445,-2,-217,0
3294.2681291103363,5948,7728,12160,-210,194,-24,5252,-8732,11956,-191,351,-7,-12444,4448,7860,-949,-25,49,-12452,-7064,7640,-470,48,-232,0
3294.3039951324463,6088,7836,12200,-207,130,-15,5368,-8748,11776,-214,246,-103,-12380,4532,7848,-965,-30,-37,-12444,-7140,7464,-539,151,-251,0
3294.3375799655914,5736,7912,12252,-95,106,-23,5156,-8824,11772,-242,254,-131,-12368,4532,7992,-980,-38,-150,-12500,-7180,7508,-487,161,-183,0
3294.3708961009975,5776,7860,12112,-20,204,-30,5148,-8464,11668,-239,200,-147,-12276,4556,7700,-1023,17,-82,-12788,-7120,7572,-453,109,-119,0
3294.4039731025696,5832,7796,12096,-71,227,-12,5228,-8720,11732,-204,214,-130,-12492,4616,7888,-1046,28,-62,-12484,-7420,7536,-431,105,-158,0
3294.4374351501465,5712,7780,12152,-49,237,-63,5232,-8808,11676,-123,296,-86,-12440,4828,8120,-1043,-98,-107,-12492,-7052,7868,-474,136,-272,0
3294.4708161354065,5664,7916,12184,2,212,-116,5148,-8852,11660,-125,308,-120,-12052,4416,8072,-1066,-62,-143,-12504,-7372,7652,-463,160,-508,0
3294.50420999527,5476,7956,12104,6,149,-120,5128,-8788,11712,-189,333,-226,-12240,4476,7696,-775,-41,-163,-12356,-7236,7468,-436,232,-220,0
3294.537717103958,5616,8092,12160,-81,-38,-71,5008,-8676,11680,-230,240,-276,-12164,4452,7772,-973,54,-216,-12320,-7212,7592,-430,272,-139,0
3294.571380138397,5580,8044,12048,-96,-120,12,4916,-8952,11760,-311,110,-344,-12140,4492,8012,-896,120,-286,-12280,-7216,7600,-413,300,-28,0
3294.604511022568,5528,7856,11936,-158,-246,96,4984,-8832,11592,-312,-38,-359,-12344,4400,8124,-941,181,-296,-12648,-6916,7392,-475,511,-85,0
3294.6379201412205,5836,7968,11988,-107,-139,92,5360,-8540,11572,-304,-18,-280,-12576,4456,8180,-927,112,-183,-12768,-7288,7272,-501,159,-123,0
3294.671226024628,6060,8180,12004,-115,31,51,5400,-8832,11588,-304,188,-193,-12576,4400,8020,-956,251,-20,-12972,-7104,7488,-453,66,-163,0
3294.7048261165614,5940,7940,12056,-187,168,-14,5364,-8780,11588,-265,303,-73,-12432,4456,7692,-970,21,-7,-12564,-7120,7480,-420,-19,-166,0
3294.7382910251617,5688,7948,12112,-178,162,73,5184,-8836,11636,-246,177,-43,-12480,4484,7820,-1049,27,32,-12388,-7092,7536,-459,-20,-123,0
3294.7719061374664,5592,8012,12176,-123,53,170,4952,-8756,11764,-227,86,-76,-12176,4392,7860,-983,143,-48,-12248,-7180,7596,-458,67,-36,0
3294.8053290843964,5652,8048,12124,-169,-62,208,5048,-8852,11568,-273,-30,-187,-12332,4384,8036,-1016,269,-62,-12448,-7220,7508,-478,167,6,0
3294.838882923126,5492,8064,12208,-146,-129,187,5260,-8952,11708,-335,-53,-286,-12328,4416,8012,-916,285,-134,-12500,-7164,7464,-489,243,-23,0
3294.8722500801086,5724,7884,12164,-136,-162,159,5152,-8852,11496,-326,-64,-294,-12420,4556,7728,-927,216,-109,-12452,-7116,7588,-473,249,-254,0
3294.9055659770966,5760,7948,11992,-168,-81,132,5152,-8956,11392,-326,-13,-290,-12328,4540,7848,-944,219,-52,-12488,-7256,7656,-470,197,-7,0
3294.939048051834,5728,7876,12176,-175,-57,135,5192,-8872,11288,-345,0,-2,-12400,4476,7740,-933,145,-50,-12692,-7096,7668,-499,185,-58,0
3294.972671031952,5648,7824,12064,-174,-51,102,5296,-9064,11608,-275,5,-504,-12364,4568,7944,-917,46,-128,-12520,-7036,7640,-555,183,-109,0
3295.0059740543365,5768,7872,12056,-148,-19,46,5372,-8996,11480,-185,103,-242,-12552,4388,7812,-782,19,-135,-12584,-7080,7480,-574,202,-129,0
3295.0396721363068,5896,7968,12092,-120,19,50,5240,-9000,11288,-92,63,-245,-12388,4560,7824,-1050,60,-117,-12428,-6992,7480,-625,246,-179,0
3295.0730011463165,5612,7972,11992,-69,-24,48,5412,-9072,11504,-60,114,-248,-12340,4516,7744,-1132,15,-108,-12488,-7124,7652,-595,256,-165,0
3295.1064379215245,5772,7912,12288,-69,-21,57,5352,-8948,11624,-55,140,-210,-12296,4576,7916,-1055,0,-155,-12432,-7112,7540,-555,206,-164,0
3295.1398000717163,5644,8032,12016,-77,-38,61,5236,-8952,11452,-28,128,-160,-12380,4428,7968,-1028,0,-185,-12512,-7264,7532,-545,191,-168,0
3295.1734249591827,5712,7908,12144,-102,-62,69,5156,-9016,11588,-20,148,-182,-12332,4448,8020,-1024,24,-134,-12448,-6964,7520,-536,200,-176,0
3295.206927061081,5556,8164,12004,-71,-50,66,5240,-8804,11628,-60,186,-195,-12304,4296,7992,-770,57,-96,-12576,-7192,7444,-467,184,-132,0
3295.24059510231,5384,8100,12056,-133,-23,77,5144,-8876,11572,-98,185,-169,-12252,4532,8160,-1000,35,-51,-12508,-7212,7568,-482,155,-151,0
3295.2741689682007,5852,7976,11888,-178,-40,80,5156,-8936,11452,-56,120,-182,-12260,4464,7940,-771,39,-110,-12472,-7184,7460,-477,193,-116,0
3295.310168027878,5612,8116,12140,-158,-80,116,5128,-8856,11520,-19,150,-196,-12516,4408,8128,-1029,74,-58,-12460,-7280,7428,-474,154,-106,0
3295.345510005951,5612,8056,12064,-156,-59,70,5220,-8908,11756,-127,171,-199,-12336,4296,7944,-953,28,-92,-12528,-7252,7600,-522,141,-165,0
3295.3813099861145,5676,7952,12184,-162,-49,57,5224,-8968,11280,-133,187,-194,-12336,4440,7888,-957,34,-65,-12564,-7108,7448,-483,131,-147,0
3295.4172401428223,5816,8068,12056,-129,8,80,5316,-8992,11768,-73,150,-172,-12484,4412,7816,-1014,20,-71,-12540,-7036,7476,-453,121,-144,0
3295.4521939754486,5816,8028,12280,-103,-17,78,5232,-8912,11444,-88,202,-146,-12420,4496,7912,-966,7,-65,-12300,-7204,7464,-484,90,-166,0
3295.4881601333614,5572,7948,12096,-169,26,69,5204,-9092,11612,-121,183,-145,-12312,4408,7860,-1018,19,-35,-12524,-7100,7544,-427,58,-163,0
3295.5232629776006,5844,8008,12068,-171,7,54,5216,-9020,11420,-119,139,-176,-12396,4480,8048,-1001,37,-96,-12600,-7168,7520,-453,101,-157,0
3295.5595939159393,5440,8100,11980,-154,-58,75,5220,-9212,11648,-118,113,-196,-12388,4536,7972,-960,28,-75,-12432,-7092,7480,-461,117,-136,0
3295.5950610637665,5512,7972,12100,-142,-40,107,5164,-8976,11412,-64,116,-190,-12188,4660,7948,-1078,152,-114,-12456,-7124,7604,-478,125,-143,0
3295.6306669712067,5488,8032,12240,-141,-68,105,5252,-9036,11296,-21,92,-171,-12432,4452,8104,-1046,130,-68,-12456,-7204,7648,-478,112,-113,0
3295.666106939316,5836,8172,12032,-177,-39,107,5140,-8788,11500,-40,128,-193,-12332,4368,8132,-1041,76,-81,-12452,-7160,7544,-481,140,-111,0
3295.7023830413814,5556,7820,12236,-193,-67,110,5292,-9052,11496,-30,93,-193,-12036,4372,8024,-1019,124,-78,-12408,-7168,7532,-478,115,-80,0
3295.7374370098114,5604,7964,12048,-177,-60,125,5348,-8944,11504,-35,116,-183,-12472,4364,7968,-1011,126,-83,-12432,-7212,7400,-483,144,-82,0
3295.7728700637817,5532,8060,11856,-147,-74,111,5284,-9044,11556,-66,136,-196,-12132,4416,7884,-1035,115,-57,-12540,-7136,7428,-503,123,-103,0
3295.80753493309,5676,8184,11960,-119,-59,114,5192,-9028,11496,-50,122,-155,-12312,4348,7852,-1061,75,-82,-12460,-7188,7420,-485,106,-115,0
3295.843363046646,5660,7944,12044,-151,-9,116,5312,-8924,11500,-57,108,-153,-12340,4556,7904,-968,83,-84,-12444,-7184,7456,-463,110,-113,0
3295.8788690567017,5592,8068,12144,-193,-20,112,5260,-9028,11596,-62,150,-148,-12316,4412,7736,-996,112,-25,-12488,-7172,7540,-452,86,-120,0
3295.9142320156097,5480,8060,12080,-205,-40,66,5368,-9168,11276,-78,196,-188,-12512,4484,7884,-989,69,-141,-12408,-7416,7596,-447,169,-139,0
3295.9502000808716,5560,8112,12172,-220,-80,76,5136,-8800,11500,-64,168,-202,-12348,4592,7992,-963,36,-97,-12468,-7136,7448,-442,166,-123,0
3295.985923051834,5560,8004,11832,-182,-82,123,5184,-9072,11304,-57,163,-189,-12268,4528,8092,-1010,97,-84,-12396,-7108,7520,-495,148,-111,0
3296.0197360515594,5584,7980,12068,-183,-44,103,5260,-9028,11508,1,144,-181,-12332,4516,7932,-1049,107,-78,-12400,-7296,7488,-468,174,-130,0
3296.0534169673924,5500,8120,12120,-195,-48,121,5208,-8896,11288,-4,155,-142,-12312,4508,8048,-1048,122,-37,-12768,-7412,7548,-458,132,-95,0
3296.0870950222015,5480,8064,12156,-198,-77,92,5268,-9044,11284,-27,120,-164,-12308,4468,8000,-1263,93,-88,-12520,-7412,7440,-483,150,-126,0
3296.1205530166626,5572,8028,12248,-230,-98,107,5196,-9076,11468,28,179,-191,-12332,4708,7944,-1048,115,-128,-12404,-7072,7548,-458,165,-69,0
3296.153726100921,5656,8152,11864,-207,-127,133,5224,-9200,11484,53,108,-155,-12052,4500,8004,-1101,170,-108,-12444,-6956,7512,-442,141,-38,0
3296.1873900890346,5580,8064,12060,-215,-154,190,5216,-9032,11312,48,86,-198,-12436,4484,7692,-1091,231,-71,-12444,-7252,7632,-432,130,-37,0
3296.2210631370544,5540,7944,11940,-259,-155,181,5152,-8980,11768,34,104,-208,-12412,4476,7956,-1036,250,-84,-12452,-7084,7520,-426,128,-66,0
3296.254720926285,5584,8016,12104,-1,-184,163,5208,-9052,11512,85,110,-211,-12360,4248,7888,-1046,216,-148,-12476,-7120,7552,-459,166,-27,0
3296.2881231307983,5644,8008,12064,-241,-202,179,5260,-9016,11404,96,102,-212,-12408,4388,7892,-1060,269,-183,-12452,-7396,7432,-455,185,-38,0
3296.321706056595,5548,8048,12004,-271,-195,181,5332,-8756,11604,67,102,-269,-12356,4388,8184,-1005,237,-139,-12428,-7072,7484,-433,212,-54,0
3296.3550620079045,5632,7916,11972,-262,-280,210,5140,-8964,11544,62,11,-272,-12380,4384,8032,-1041,269,-137,-12476,-6996,7576,-427,194,-45,0
3296.388556957245,5708,7968,11972,-255,-223,168,5212,-8952,11512,66,-255,-250,-12460,4400,7952,-1028,303,-142,-12744,-7000,7212,-467,156,-38,0
3296.4219880104065,5780,7880,12160,-238,-183,199,5276,-8960,11468,54,-37,-212,-12372,4384,7924,-932,83,-184,-12576,-7156,7440,-441,177,-33,0
3296.4555950164795,5704,8028,11996,-248,-220,233,5276,-8912,11564,54,54,-207,-12472,4376,7680,-993,240,-116,-12404,-7332,7588,-419,165,-38,0
3296.4890749454494,5676,7992,12096,-272,-193,201,5328,-8896,11612,25,15,-210,-12540,4440,7684,-987,249,-94,-12292,-6932,7488,-420,141,-31,0
3296.5226259231567,5608,7956,11908,-2,-158,168,5272,-9176,11336,14,48,-233,-12512,4396,7952,-993,199,-86,-12496,-7092,7560,-420,146,-55,0
3296.5563859939575,5680,8180,12076,-237,-192,169,5364,-9032,11636,54,38,-234,-12436,4428,7748,-982,188,-122,-12488,-7028,7616,-435,151,-56,0
3296.58984208107,5800,7716,11904,-224,-167,191,5224,-8876,11548,94,27,-232,-12444,4464,7816,-985,212,-129,-12484,-7016,7504,-454,141,-69,0
3296.623399972916,5716,8188,12044,-229,-172,179,5312,-8864,11340,104,53,-231,-12416,4476,7860,-1041,211,-134,-12456,-7160,7556,-476,151,-67,0
3296.656744003296,5796,7952,11784,-229,-203,175,5616,-8880,11520,123,63,-234,-12448,4392,7944,-1016,160,-162,-12560,-7124,7452,-468,164,-50,0
3296.6934790611267,5720,7980,12096,-202,-197,158,5244,-8812,11540,72,88,-250,-12448,4448,7960,-1008,170,-108,-12508,-7160,7528,-469,173,-95,0
3296.727102994919,5816,8012,12144,-219,-178,151,5524,-8752,11668,28,66,-236,-12428,4560,7852,-958,174,-113,-12772,-6984,7416,-451,141,-71,0
3296.760651111603,5896,7932,11936,-193,-133,163,5268,-8828,11596,-2,122,-193,-12340,4352,7744,-1016,150,-94,-12528,-7072,7596,-506,117,-99,0
3296.794238090515,5792,7888,11868,-215,-65,115,5344,-8904,11444,10,132,-166,-12516,4592,7916,-1059,63,-101,-12692,-7124,7476,-527,133,-153,0
3296.827968120575,5800,7996,12200,-159,-46,80,5424,-8832,11596,-25,159,-136,-12332,4280,7660,-1015,64,-59,-12300,-7104,7616,-484,119,-148,0
3296.861570119858,5852,7904,12064,-191,-18,49,5292,-8944,11592,-82,198,-146,-12500,4596,7960,-775,81,-41,-12500,-7160,7460,-493,115,-175,0
3296.894912958145,5832,7700,12188,-211,-24,29,5276,-8744,11632,-64,186,-156,-12456,4388,7704,-769,65,-55,-12620,-7076,7524,-506,131,-160,0
3296.928467988968,5768,7904,11920,-124,27,97,5436,-8888,11624,-77,167,-124,-12448,4380,7732,-1037,98,-44,-12492,-7040,7500,-496,78,-160,0
3296.9616000652313,5732,7844,12064,-132,17,89,5248,-8824,11600,-79,234,-95,-12456,4344,8060,-1023,63,5,-12456,-7092,7452,-489,77,-199,0
3296.997580051422,5636,8140,11776,-140,36,69,5232,-8772,11548,-83,224,-106,-12340,4576,7920,-957,54,-55,-12468,-7116,7480,-479,96,-168,0
3297.0361959934235,5748,7860,12100,-167,10,64,5156,-8808,11732,-64,193,-147,-12360,4344,7896,-981,33,-68,-12372,-7092,7504,-503,128,-129,0
3297.0723180770874,5732,7960,11956,-184,-31,75,5296,-8844,11452,-69,175,-179,-12364,4400,7840,-1003,40,-29,-12496,-7048,7564,-462,173,-146,0
3297.1076650619507,5696,7692,12020,-192,-13,60,5288,-8908,11476,-74,170,-180,-12464,4384,7724,-1007,64,-50,-12468,-7044,7552,-459,145,-178,0
3297.1434330940247,5792,7940,12236,-182,-27,111,5340,-9168,11532,-71,141,-156,-12436,4452,7920,-979,14,-78,-12532,-7000,7504,-442,94,-136,0
3297.179482936859,5752,7944,12276,-157,-9,60,5300,-8824,11448,-82,178,-170,-12504,4512,7472,-993,50,-64,-12544,-7184,7668,-483,149,-157,0
3297.2148389816284,5692,8140,12144,-140,-14,81,5368,-8772,11512,-55,201,-166,-12492,4352,7724,-1047,111,-97,-12508,-7348,7516,-492,161,-144,0
3297.2509639263153,5740,7980,11992,-140,-44,98,5304,-8832,11584,-77,163,-158,-12328,4464,7712,-1000,84,-35,-12484,-7076,7584,-469,93,-121,0
3297.2860300540924,5656,8000,12036,-204,-8,67,5268,-8820,11636,-89,160,-160,-12348,4424,7916,-1016,85,-42,-12592,-7152,7540,-460,66,-132,0
3297.322415113449,5640,8008,12160,-181,3,71,5292,-8892,11540,-95,146,-157,-12452,4464,7824,-999,91,-73,-12424,-7104,7568,-489,62,-161,0
3297.357572078705,5640,7964,11884,-173,-255,86,5264,-9016,11608,-78,120,-157,-12480,4448,7812,-973,60,-53,-12408,-7136,7580,-492,73,-152,0
3297.3935539722443,5640,7936,12172,-162,-245,78,5256,-8900,11588,-44,151,-176,-12336,4440,7888,-1013,135,-84,-12400,-7068,7520,-476,87,-151,0
3297.4287109375005,5688,8068,12124,-174,-254,72,5224,-8932,11488,-35,164,-146,-12360,4400,7952,-1030,98,-69,-12464,-7236,7584,-483,151,-135,0
3297.4642300605774,5556,8112,12176,-167,-47,76,5284,-8932,11472,-45,138,-186,-12540,4380,7976,-993,76,-110,-12500,-7116,7644,-439,136,-131,0
3297.4999570846558,5696,7952,12032,-198,-40,93,5340,-8904,11660,-92,141,-167,-12324,4456,7872,-968,87,-71,-12484,-7108,7680,-471,87,-148,0
3297.5349349975586,5660,7856,12468,-164,4,46,5368,-8980,11552,-61,148,-142,-12416,4452,8076,-1040,83,-93,-12416,-7148,7496,-524,107,-175,0
3297.5709331035614,5664,7696,11804,-194,-63,103,5332,-8908,11632,-8,152,-168,-12352,4368,7924,-1046,57,-43,-12440,-7104,7596,-498,104,-136,0
3297.6071169376373,5756,8076,12072,-141,-3,65,5328,-8944,11556,-91,167,-161,-12356,4416,7952,-970,35,-67,-12740,-7156,7548,-471,106,-161,0
3297.6438519954686,5856,8160,12020,-209,-22,57,5328,-9020,11532,-57,179,-163,-12416,4324,7784,-963,2,-108,-12568,-7100,7520,-477,105,-168,0
3297.677423000336,5532,7936,12248,-169,-3,75,5244,-8944,11440,-65,165,-166,-12352,4420,7856,-1018,65,-46,-12480,-7088,7668,-479,112,-157,0
3297.711000919342,5672,7916,12052,-152,-26,69,5172,-8888,11408,-80,171,-139,-12332,4384,7868,-1005,81,-71,-12340,-7168,7680,-483,115,-140,0
3297.7445359230046,5604,8100,11952,-163,-13,94,5212,-8872,11512,-97,175,-129,-12312,4440,7908,-986,77,-51,-12380,-7172,7636,-482,136,-157,0
3297.7780890464783,5540,7916,12056,-170,-37,97,5176,-8944,11712,-77,207,-154,-12332,4540,8056,-995,51,-92,-12424,-7388,7500,-495,139,-126,0
3297.8117990493774,5880,8044,12256,-193,-43,82,5180,-8912,11688,-67,212,-157,-12416,4328,7980,-1017,71,-99,-12400,-7264,7500,-490,177,-138,0
3297.8454561233525,5564,8156,12084,-198,-87,85,5164,-8916,11500,-66,154,-206,-12336,4416,8044,-1021,50,-118,-12312,-7216,7488,-492,178,-129,0
3297.8790640830994,5556,8008,12200,-156,-67,118,5292,-8904,11472,-49,144,-180,-12304,4380,7816,-988,87,-100,-12512,-7232,7544,-473,178,-147,0
3297.9124450683594,5376,8156,12044,-205,-73,109,5288,-8912,11516,-43,154,-179,-12448,4492,8032,-1001,97,-49,-12424,-6944,7528,-476,152,-106,0
3297.9458820819855,5708,7968,12088,-199,-34,92,5264,-8984,11428,-21,182,-168,-12336,4484,7780,-1045,74,-107,-12464,-7060,7544,-479,163,-131,0
3297.979268074036,5788,7940,12124,-175,-32,100,5240,-8944,11392,-60,161,-152,-12292,4372,7892,-1276,79,-66,-12532,-7096,7612,-490,155,-130,0
3298.012715101242,5572,8004,12208,-174,-67,118,5280,-8924,11576,-45,138,-180,-12316,4408,7788,-1017,70,-100,-12472,-7176,7516,-485,150,-120,0
3298.0462491512294,5616,8008,12128,-183,-45,124,5204,-8976,11504,-40,169,-154,-12384,4460,8000,-1277,79,-40,-12400,-6976,7496,-473,121,-119,0
3298.079973936081,5652,7916,12320,-219,-26,115,5212,-8936,11632,-46,138,-181,-12372,4456,8164,-1015,102,-91,-12420,-7136,7584,-484,158,-121,0
3298.1136260032654,5592,7956,11984,-172,-60,113,5264,-8920,11344,-41,135,-163,-12352,4168,7968,-1020,130,-79,-12464,-7208,7608,-484,114,-123,0
3298.147285938263,5696,7956,12040,-196,-56,114,5236,-8952,11544,-40,125,-193,-12356,4116,8024,-1063,161,-133,-12456,-7400,7780,-492,147,-110,0
3298.1808400154114,5852,7936,12092,-198,-64,129,5160,-9200,11480,-37,130,-177,-12316,4472,7780,-1042,139,-115,-12548,-6916,7592,-470,130,-72,0
3298.214481115341,5836,7968,12080,-205,-99,149,5336,-8944,11644,-30,115,-199,-12392,4452,7936,-980,126,-105,-12468,-7140,7604,-472,149,-94,0
3298.248057126999,5476,8004,12292,-214,-139,148,5204,-8864,11724,-18,128,-213,-12400,4384,7972,-953,114,-73,-12324,-7204,7372,-468,130,-88,0
3298.281639099121,5636,7936,12048,-219,-150,155,5304,-8912,11396,-17,70,-206,-12328,4380,7944,-1003,137,-94,-12428,-7176,7692,-478,127,-37,0
3298.3153030872345,5568,8000,12048,-225,-156,164,5176,-8884,11600,17,76,-222,-12388,4416,7876,-987,155,-165,-12336,-7188,7616,-487,146,-68,0
3298.348876953125,5728,8008,12172,-213,-151,171,5260,-8904,11664,20,77,-205,-12360,4508,7968,-1026,174,-112,-12472,-7124,7512,-480,144,-67,0
3298.382261991501,5720,8056,12032,-232,-162,149,5188,-9040,11628,21,99,-202,-12480,4448,8012,-1007,176,-101,-12424,-7116,7656,-467,151,-59,0
3298.4157259464264,5580,7988,12144,-213,-198,167,5296,-9044,11680,32,117,-211,-12376,4348,7832,-994,195,-99,-12420,-7088,7464,-471,152,-42,0
3298.4492840766907,5708,8000,12144,-218,-162,185,5228,-8932,11620,18,70,-194,-12480,4456,7888,-989,175,-115,-12504,-7084,7560,-482,129,-40,0
3298.482766151428,5696,7820,11944,-237,-154,200,5236,-8944,11280,56,81,-200,-12396,4592,8160,-1071,169,-112,-12472,-7036,7600,-510,133,-72,0
3298.5164370536804,5652,7932,12268,-224,-178,214,5348,-8852,11272,48,75,-210,-12368,4352,7964,-1066,155,-106,-12488,-7104,7684,-473,163,-57,0
3298.549979925156,5868,8032,11852,-196,-152,168,5364,-9204,11308,9,105,-181,-12436,4568,7824,-1013,131,-94,-12592,-7056,7588,-473,155,-89,0
3298.5835959911346,5704,7688,12288,-251,-130,118,5384,-8780,11556,15,91,-243,-12512,4392,7748,-965,141,-96,-12424,-7060,7592,-465,149,-58,0
3298.6172549724574,5648,7864,12060,-223,-156,136,5200,-8932,11532,16,72,-227,-12428,4472,7960,-1010,125,-107,-12508,-7116,7480,-481,127,-110,0
3298.6502871513367,5720,7944,12096,-191,-162,159,5248,-8884,11488,27,126,-181,-12388,4352,8088,-1011,145,-112,-12392,-7068,7544,-471,126,-89,0
3298.6882100105286,5616,7928,12124,-231,-143,185,5204,-8856,11680,12,131,-174,-12360,4440,8020,-985,144,-114,-12424,-7204,7560,-494,124,-102,0
3298.723408937454,5404,7924,12056,-240,-157,135,5300,-9012,11532,11,105,-224,-12420,4140,8072,-1027,143,-86,-12504,-7116,7496,-489,195,-84,0
3298.7595970630646,5664,7848,11972,-211,-192,145,5264,-8964,11588,2,140,-241,-12432,4432,7868,-1003,110,-154,-12372,-7112,7656,-471,217,-89,0
3298.7950410842896,5880,7900,12088,-218,-189,149,5404,-8892,11488,46,111,-245,-12400,4372,7816,-1017,196,-115,-12592,-7048,7584,-451,251,-49,0
3298.8307139873505,5768,7956,12128,-196,-153,141,5308,-8852,11512,-11,88,-240,-12484,4324,7568,-1013,152,-111,-12456,-7148,7636,-441,181,-68,0
3298.866240978241,5732,7900,12084,-199,-129,151,5488,-8912,11512,-255,111,-195,-12364,4484,8072,-1278,121,-94,-12504,-7156,7684,-505,153,-137,0
3298.9023909568787,5716,7812,11776,-203,-55,114,5364,-9216,11464,-28,134,-184,-12476,4392,7884,-1046,97,-53,-12452,-7012,7600,-478,173,-173,0
3298.9376339912415,5724,7912,12268,-182,-62,111,5336,-8820,11432,-20,165,-152,-12392,4400,7756,-1276,103,-73,-12576,-7152,7672,-468,151,-124,0
3298.973380088806,5648,7988,12044,-203,-21,88,5332,-8900,11352,-85,168,-153,-12436,4444,7904,-1018,100,-48,-12456,-7128,7564,-485,116,-154,0
3299.0088250637054,5820,7756,12156,-185,-25,73,5316,-8948,11508,-62,172,-182,-12460,4480,7860,-1064,58,-65,-12484,-7080,7544,-532,122,-174,0
3299.0439369678497,5736,8120,12132,-160,-34,97,5388,-8860,11676,-36,146,-142,-12412,4320,7904,-769,106,-56,-12420,-7148,7496,-493,117,-133,0
3299.079442024231,5720,7748,11816,-129,-9,73,5280,-8804,11524,-92,144,-172,-12476,4320,8104,-985,101,-106,-12452,-7104,7592,-503,148,-149,0
3299.115077018738,5452,7932,11912,-151,-50,64,5252,-8832,11488,-76,209,-155,-12396,4348,8172,-984,83,-50,-12496,-7044,7696,-495,92,-157,0
3299.1507411003113,5748,7892,12092,-146,-19,65,5364,-8852,11528,-66,160,-149,-12472,4428,7936,-950,75,-84,-12452,-7088,7644,-501,94,-135,0
3299.1859879493713,5688,7832,12088,-148,40,81,5212,-8720,11720,-75,147,-140,-12400,4568,7788,-1012,99,-52,-12480,-7192,7648,-479,85,-135,0
3299.221624135971,5688,7916,12052,-143,23,82,5224,-8912,11608,-91,143,-126,-12460,4604,7756,-1046,80,-29,-12512,-7072,7564,-497,76,-121,0
3299.2576839923854,5740,8164,12144,-143,51,95,5296,-8908,11356,-100,136,-159,-12300,4436,7784,-1015,85,-80,-12436,-7072,7488,-497,69,-132,0
3299.2923951148987,5736,8040,12096,-162,-30,77,5232,-8900,11484,-65,137,-165,-12504,4396,8032,-988,66,-101,-12472,-7080,7536,-507,109,-155,0
3299.3290960788727,5772,7892,12180,-168,-36,52,5620,-9192,11572,-63,153,-181,-12344,4452,7708,-997,103,-84,-12508,-7040,7452,-497,125,-150,0
3299.362638950348,5860,8156,12144,-179,-27,40,5248,-9192,11316,-96,124,-172,-12424,4328,8008,-770,139,-42,-12492,-7064,7440,-479,124,-150,0
3299.396192073822,5772,7876,11788,-153,-14,87,5320,-8884,11392,-78,169,-195,-12464,4104,7856,-986,109,-10,-12500,-7064,7580,-491,124,-137,0
3299.4299690723415,5688,7800,12084,-201,-22,97,5336,-8952,11644,-80,153,-152,-12424,4200,7784,-997,113,-52,-12444,-7144,7576,-474,118,-160,0
3299.4635961055756,5604,7908,12120,-159,-14,63,5164,-8952,11320,-103,176,-163,-12516,4416,7920,-998,68,-92,-12436,-7076,7596,-485,106,-165,0
3299.4969489574432,5700,7964,12168,-172,8,75,5268,-8728,11348,-54,137,-164,-12396,4396,7800,-1004,98,-82,-12364,-6964,7552,-502,112,-161,0
3299.530230998993,5376,7884,12228,-164,-1,67,5288,-8980,11572,-69,141,-162,-12432,4408,7700,-770,111,-103,-12500,-7092,7488,-499,113,-173,0
3299.5660240650177,5728,7984,11824,-161,255,127,5336,-8932,11280,-47,145,-165,-12324,4456,7848,-1011,71,-47,-12452,-7156,7640,-503,127,-140,0
3299.5995910167694,5656,8092,12044,-188,-4,81,5288,-8924,11460,-77,117,-152,-12384,4408,7872,-994,96,-126,-12416,-7152,7872,-488,108,-106,0
3299.633008956909,5580,8016,12072,-186,-59,92,5280,-9016,11612,-94,163,-152,-12468,4424,7896,-960,80,-55,-12436,-6980,7604,-494,123,-134,0
3299.6666700839996,5736,7940,11932,-195,-38,92,5364,-8980,11472,-62,142,-149,-12452,4440,8056,-987,85,-22,-12464,-6936,7680,-493,124,-151,0
3299.7003610134125,5396,7680,12112,-176,-32,108,5256,-8844,11424,-73,170,-145,-12332,4404,7848,-983,109,-22,-12420,-7172,7560,-495,144,-126,0
3299.733920097351,5396,7924,12032,-172,-20,78,5204,-8996,11640,-85,178,-160,-12516,4424,7760,-1005,82,-63,-12448,-7148,7664,-503,127,-129,0
3299.7675559520726,5596,8040,12112,-168,-26,93,5204,-9200,11500,-38,180,-159,-12460,4408,8028,-988,67,-112,-12328,-7104,7508,-483,170,-167,0
3299.8008561134334,5424,7888,12124,-163,-69,59,5192,-8872,11356,-73,167,-190,-12408,4476,7932,-1000,93,-75,-12412,-7180,7644,-494,173,-142,0
3299.8343169689174,5580,7892,12112,-165,-44,79,5124,-8960,11608,-67,168,-160,-12468,4392,8144,-990,71,-69,-12388,-7132,7612,-506,185,-120,0
3299.8680949211125,5568,7860,12200,-176,-63,88,5340,-8988,11436,-37,166,-173,-12480,4424,7868,-991,86,-71,-12432,-7124,7556,-497,175,-126,0
3299.9011991024017,5568,7900,12260,-172,-55,106,5196,-9088,11528,-63,174,-156,-12384,4460,7800,-1035,119,-97,-12464,-6980,7456,-503,159,-127,0
3299.9346680641174,5872,8156,12004,-165,-55,93,5212,-8892,11512,-55,166,-177,-12308,4368,7772,-987,131,-82,-12472,-7084,7528,-508,151,-120,0
3299.9681890010834,5688,8036,12008,-190,-32,90,5236,-9008,11752,-60,163,-160,-12412,4448,7908,-980,67,-55,-12408,-7160,7484,-512,177,-133,0
3300.0016629695892,5516,7972,12032,-155,-47,116,5244,-9016,11524,-35,178,-185,-12352,4432,7688,-1017,101,-123,-12328,-7124,7520,-498,179,-138,0
3300.034847974777,5520,8012,12140,-184,-70,110,5228,-9052,11604,-34,142,-198,-12392,4496,8132,-1006,115,-90,-12392,-7200,7612,-477,178,-87,0
3300.0683190822606,5472,7996,12184,-226,-135,127,5256,-9156,11564,-52,143,-212,-12388,4476,7868,-997,108,-136,-12548,-7180,7596,-466,147,-81,0
3300.1015141010284,5644,7920,12096,-206,-127,130,5212,-9004,11564,-55,170,-200,-12452,4528,7716,-1081,67,-80,-12452,-7100,7552,-544,128,-110,0
3300.134766101837,5628,7844,12120,-217,-151,117,5204,-8776,11684,-8,142,-179,-12460,4348,7696,-1280,77,-134,-12408,-7148,7568,-520,119,-111,0
3300.1683189868927,5680,8128,11872,-184,-192,138,5264,-8840,11492,1,129,-161,-12428,4368,7740,-1015,102,-85,-12444,-7272,7568,-483,116,-70,0
3300.2017040252686,5676,8048,12044,-226,-151,139,5144,-8956,11620,-32,145,-199,-12444,4436,8100,-994,127,-88,-12588,-7128,7648,-491,149,-82,0
3300.2353911399846,5728,7872,12224,-228,-198,159,5332,-9048,11544,-45,129,-221,-12352,4476,7724,-996,122,-99,-12344,-7064,7692,-504,150,-55,0
3300.2689960002895,5688,7820,11948,-209,-157,178,5168,-8908,11312,18,123,-203,-12400,4120,8184,-1024,97,-86,-12416,-7124,7612,-489,140,-52,0
3300.302360057831,5580,7904,12076,-211,-149,191,5248,-8940,11416,-28,80,-184,-12412,4328,7892,-977,110,-90,-12456,-6928,7592,-452,93,-67,0
3300.3356449604034,5580,7844,12160,-250,-126,135,5264,-8776,11276,-15,106,-203,-12352,4384,7820,-992,143,-122,-12376,-7176,7520,-474,115,-69,0
3300.372862100601,5688,7916,11936,-214,-167,181,5204,-9020,11448,8,122,-165,-12436,4292,7816,-997,124,-126,-12440,-7076,7592,-531,129,-71,0
3300.4082300662994,5600,7924,12196,-199,-202,166,5288,-8736,11608,42,168,-205,-12392,4356,7612,-980,145,-151,-12464,-7100,7604,-471,172,-60,0
3300.4431049823766,5724,7860,11992,-184,-183,163,5280,-9212,11552,15,109,-230,-12456,4244,7888,-990,173,-152,-12432,-7128,7604,-478,177,-93,0
3300.478605031967,5724,7896,12160,-224,-178,158,5260,-9200,11772,4,71,-227,-12472,4392,8148,-985,148,-93,-12496,-7360,7644,-452,152,-88,0
3300.513875961304,5816,8188,12040,-222,-164,158,5244,-9008,11700,-253,165,-204,-12360,4452,7708,-998,140,-90,-12444,-7112,7528,-498,167,-109,0
3300.5493991374974,5668,7904,12156,-194,-158,135,5188,-8972,11524,-9,121,-174,-12376,4384,7848,-966,110,-101,-12456,-7164,7560,-491,167,-101,0
3300.584641933441,5636,7868,12048,-180,-86,135,5260,-8840,11312,-34,122,-196,-12148,4472,7688,-940,134,-87,-12488,-7036,7472,-478,145,-120,0
3300.6206080913544,5820,7980,12152,-167,-78,88,5220,-8964,11752,-72,143,-197,-12492,4344,7796,-983,96,-74,-12428,-7088,7580,-483,175,-144,0
3300.6555790901184,5776,7932,12048,-163,-69,76,5292,-8904,11456,-71,156,-169,-12392,4344,7576,-991,122,-43,-12776,-7160,7580,-496,155,-161,0
3300.6920080184937,5776,8172,12280,-142,-2,83,5328,-8972,11596,-49,146,-158,-12444,4348,7680,-1016,133,-94,-12516,-7088,7604,-510,165,-154,0
3300.727406024933,5804,8012,11968,-147,-20,99,5360,-8888,11588,-65,160,-151,-12628,4300,7884,-1010,157,-115,-12484,-7144,7600,-493,172,-129,0
3300.763132095337,5740,8180,12104,-143,-23,81,5260,-8996,11440,-71,168,-156,-12580,4276,7728,-1014,135,-59,-12408,-7108,7440,-500,192,-150,0
3300.798723936081,5740,7936,12168,-144,-27,73,5224,-8944,11492,-121,193,-196,-12468,4376,7840,-1000,103,-70,-12436,-7160,7536,-478,152,-173,0
3300.834165096283,5732,7912,11980,-157,-26,84,5312,-8952,11648,-116,180,-147,-12464,4384,7912,-1002,95,-60,-12344,-7144,7612,-474,110,-145,0
3300.8701679706573,5408,7952,12264,-168,17,64,5180,-9036,11584,-49,176,-141,-12392,4468,7828,-1030,45,-28,-12544,-7116,7644,-518,133,-191,0
3300.904986143112,5696,7952,12256,-184,-13,77,5296,-8908,11444,-44,509,-139,-12376,4456,7712,-1030,102,-80,-12472,-7200,7792,-259,121,-163,0
3300.9415330886845,5712,7944,12136,-135,48,46,5176,-9024,11436,-102,204,-165,-12424,4556,7824,-985,65,-49,-12508,-7164,7740,-484,128,-179,0
3300.9776370525365,5668,8120,12160,-176,-9,-254,5332,-9076,11712,-85,199,-179,-12472,4420,7848,-970,79,-80,-12448,-7036,7540,-497,164,-128,0
3301.014018058777,5668,7996,12144,-146,-24,82,5208,-8992,11608,-79,182,-156,-12400,4424,7816,-988,86,-63,-12424,-7132,7568,-488,143,-144,0
3301.0474300384526,5680,7852,12068,-126,6,85,5288,-9212,11644,-107,192,-112,-12508,4452,7916,-1002,98,-69,-12468,-7144,7688,-488,76,-135,0
3301.0810599327087,5416,7884,11800,-160,9,63,5244,-9004,11380,-90,167,-137,-12412,4488,7816,-972,84,-29,-12460,-7180,7676,-486,91,-145,0
3301.1143140792847,5488,8184,12176,-172,-14,76,5212,-9000,11444,-97,159,-124,-12528,4416,7732,-976,84,-60,-12328,-7148,7732,-492,90,-164,0
3301.1479220390324,5576,8188,12104,-150,12,66,5236,-9020,11284,-68,204,-182,-12384,4428,7828,-993,76,-52,-12396,-7004,7676,-509,137,-157,0
3301.1814379692078,5492,8064,12252,-185,-52,66,5184,-9124,11372,-65,181,-211,-12328,4364,7724,-1028,118,-73,-12392,-7148,7672,-493,154,-122,0
3301.214838027954,5616,7944,12176,-149,-39,78,5164,-8980,11488,-77,124,-179,-12460,4464,7724,-997,121,-85,-12400,-7368,7572,-476,138,-111,0
3301.2484560012817,5668,8084,12136,-182,-27,74,5180,-9108,11440,-50,136,-168,-12348,4404,7924,-972,105,-77,-12296,-7416,7656,-454,117,-130,0
3301.282042980194,5652,7860,12140,-178,-24,74,5232,-9060,11752,-79,161,-176,-12440,4392,7840,-1014,88,-39,-12440,-6964,7464,-486,117,-127,0
3301.3155491352086,5652,7872,12084,-162,-51,96,5284,-9208,11328,-45,139,-149,-12452,4432,7912,-997,114,-74,-12448,-7220,7660,-766,130,-136,0
3301.3491990566254,5644,8028,12092,-154,-54,86,5176,-9140,11452,-76,156,-167,-12336,4480,7996,-989,74,-102,-12396,-7148,7560,-499,118,-148,0
3301.3826520442963,5524,7936,11980,-198,-24,101,5196,-8924,11400,-109,141,-194,-12388,4488,7884,-966,107,-92,-12408,-7124,7756,-492,112,-95,0
3301.4158351421356,5604,7924,12228,-188,-32,87,5200,-8980,11504,-59,132,-175,-12452,4448,8004,-986,116,-84,-12516,-7176,7604,-505,141,-138,0
3301.4494681358337,5548,7916,12144,-186,-30,111,4948,-9172,11272,-50,101,-174,-12384,4448,7920,-1017,113,-67,-12468,-7200,7632,-486,111,-108,0
3301.482823133468,5624,7884,12064,-172,-32,97,5156,-8960,11464,-20,127,-171,-12348,4456,7888,-1010,115,-118,-12444,-7160,7708,-497,150,-97,0
3301.51641702652,5544,7956,12124,-190,-95,141,5204,-9076,11472,-58,117,-186,-12444,4584,7836,-978,122,-120,-12460,-7176,7748,-487,172,-85,0
3301.5497720241547,5604,8048,12172,-192,-130,121,5176,-9000,11416,-32,139,-212,-12768,4152,7732,-950,110,-149,-12372,-7424,7648,-477,140,-61,0
3301.5833070278168,5456,8060,12080,-226,-105,141,5208,-9040,11548,-24,134,-196,-12288,4580,7844,-937,117,-115,-12344,-7144,7536,-498,158,-56,0
3301.616828918457,5584,7912,12160,-224,-126,136,5360,-9032,11588,-10,143,-180,-12448,4436,7804,-1010,105,-102,-12408,-7140,7604,-527,171,-108,0
3301.650238990784,5652,8032,12056,-225,-165,175,5156,-8864,11428,29,117,-179,-12332,4580,8020,-989,108,-117,-12384,-6936,7624,-511,156,-67,0
3301.683948993683,5512,7920,12104,-206,-162,140,5168,-8896,11424,255,153,-204,-12448,4460,7980,-960,120,-145,-12464,-7192,7732,-484,188,-64,0
3301.717474937439,5560,7880,12128,-258,-181,100,5296,-9148,11292,-23,168,-228,-12380,4176,7844,-955,145,-178,-12456,-7124,7576,-491,234,-56,0
3301.751084089279,5716,7688,12256,-241,-164,129,5180,-9000,11496,-44,112,-175,-12428,4476,7812,-1275,103,-87,-12456,-7076,7660,-473,179,-46,0
3301.78471493721,5648,7912,12120,-180,-185,172,5156,-8860,11512,8,164,-152,-12452,4420,7828,-1011,141,-103,-12420,-7108,7592,-478,160,-74,0
3301.8181121349335,5860,8056,12176,-207,-144,151,5212,-8896,11484,-30,141,-170,-12492,4352,7804,-979,133,-83,-12332,-7220,7644,-480,148,-61,0
3301.851846933365,5620,7852,12144,-216,-134,142,5172,-9072,11400,-9,136,-191,-12400,4444,7740,-1000,111,-134,-12536,-7412,7544,-503,178,-84,0
3301.8852810859685,5656,7936,12008,-202,-137,162,5192,-9008,11492,-7,165,-182,-12340,4560,7852,-1000,140,-81,-12532,-7120,7456,-492,209,-97,0
3301.9186749458313,5688,8032,12020,-214,-204,145,5096,-8984,11456,14,140,-219,-12384,4376,7716,-1023,168,-101,-12384,-7060,7528,-495,182,-95,0
3301.952294111252,5704,7920,12144,-201,-173,148,5220,-8720,11376,-5,116,-221,-12412,4472,7636,-1001,198,-135,-12404,-7204,7672,-492,204,-53,0
3301.9858560562134,5688,7908,12068,-213,-203,155,5248,-8976,11440,13,107,-201,-12440,4452,7744,-984,154,-137,-12496,-7096,7760,-457,189,-91,0
3302.0193729400635,5732,7992,12264,-205,-148,154,5212,-9024,11452,-17,123,-224,-12388,4380,7880,-1020,133,-130,-12492,-7116,7584,-503,179,-71,0
3302.0624890327454,5664,7920,12120,-205,-151,149,5152,-8976,11532,6,159,-225,-12440,4388,7748,-1002,116,-95,-12452,-7156,7700,-488,183,-86,0
3302.098802089691,5728,7976,12100,-196,-138,122,5180,-8896,11272,-40,152,-196,-12428,4444,7744,-991,131,-85,-12432,-6932,7596,-471,156,-88,0
3302.1342821121216,5716,8176,12036,-173,-113,134,5344,-8992,11676,-46,124,-180,-12384,4392,7788,-970,131,-68,-12484,-7008,7528,-500,127,-104,0
3302.1699349880214,5640,7896,11876,-149,-93,106,5248,-8888,11508,-46,138,-187,-12292,4432,7760,-1009,123,-68,-12372,-7124,7500,-526,138,-148,0
3302.2049391269684,5772,7832,11996,-147,-31,116,5128,-8844,11704,-32,161,-145,-12516,4476,7848,-770,114,-100,-12464,-7168,7644,-497,123,-150,0
3302.240067958832,5804,8140,12168,-154,-19,74,5264,-8920,11404,-56,144,-167,-12484,4436,7716,-1021,127,-48,-12432,-7124,7548,-505,153,-159,0
3302.275588989258,5700,8156,12232,-159,-44,82,5052,-8968,11604,-71,184,-148,-12468,4392,7856,-985,116,-26,-12472,-7160,7552,-477,128,-148,0
3302.311795949936,5696,7860,12172,-140,20,101,5372,-8984,11428,-61,151,-168,-12440,4464,7856,-1010,125,-81,-12504,-7044,7660,-507,132,-135,0
3302.3475501537323,5592,7872,11816,-148,249,59,5212,-9036,11528,-44,136,-173,-12492,4412,7716,-1025,93,-55,-12492,-7200,7516,-761,137,-130,0
3302.3831770420074,5692,7944,12140,-150,-21,52,5240,-8916,11436,-61,132,-165,-12316,4448,8020,-993,3,-31,-12516,-7208,7600,-490,106,-169,0
3302.419328927994,5612,7712,12260,-154,23,54,5164,-9016,11516,-94,189,-161,-12492,4220,7872,-976,46,-47,-12356,-7112,7636,-475,130,-146,0
3302.4543840885162,5740,8180,12192,-158,-251,32,5244,-9048,11300,-100,152,-194,-12480,4424,7612,-1012,74,-50,-12472,-7072,7592,-507,130,-166,0
3302.490751028061,5632,7940,12048,-129,8,65,5104,-9056,11640,-61,142,-131,-12460,4476,7916,-999,75,-79,-12448,-7156,7540,-492,95,-126,0
3302.52600812912,5576,7992,12148,-151,27,95,5188,-8996,11576,-116,171,-107,-12304,4440,7900,-978,77,-60,-12352,-7208,7540,-486,110,-155,0
3302.5619370937347,5692,7964,11816,-143,0,68,5216,-9012,11300,-130,176,-155,-12520,4376,7876,-979,63,-71,-12372,-7088,7520,-502,118,-155,0
3302.598062038421,5604,7948,12080,-143,254,70,5152,-9072,11456,-58,173,-148,-12688,4580,7812,-1005,88,-77,-12620,-7176,7600,-536,132,-128,0
3302.6337039470673,5620,7968,12176,-168,-12,64,5164,-8740,11692,-52,170,-184,-12468,4400,7828,-990,40,-138,-12408,-7104,7588,-487,137,-126,0
3302.6700761318207,5588,8028,12184,-174,-25,83,4900,-9012,11372,-64,165,-183,-12380,4464,7632,-982,79,-125,-12488,-7336,7580,-489,150,-137,0
3302.705582141876,5700,8140,12072,-149,-29,97,5164,-9076,11300,-84,152,-151,-12480,4468,8136,-1011,134,-66,-12456,-7116,7252,-469,122,-134,0
3302.739301919937,5536,8008,12136,-160,6,72,5188,-9176,11456,-61,184,-176,-12416,4412,7776,-988,67,-54,-12480,-7084,7724,-474,156,-146,0
3302.7728679180145,5656,7840,12012,-181,-39,66,5100,-9056,11516,-47,157,-149,-12424,4460,7932,-1013,88,-72,-12428,-7160,7688,-502,134,-140,0
3302.8062241077423,5532,7960,12040,-166,-36,86,5124,-8972,11460,-70,164,-163,-12516,4544,7852,-1012,96,-102,-12424,-7092,7564,-496,134,-128,0
3302.8399090766907,5524,7920,12208,-168,-17,64,5112,-9080,11520,-80,165,-170,-12556,4404,7840,-951,80,-99,-12400,-7060,7656,-500,135,-168,0
3302.873563051224,5608,7696,12280,-173,-255,97,5196,-9040,11476,-76,153,-163,-12412,4480,8060,-984,63,-49,-12448,-7180,7676,-503,128,-157,0
3302.9067981243134,5568,7904,11996,-132,-42,111,5064,-9072,11556,-72,170,-160,-12384,4524,7832,-986,93,-68,-12404,-6932,7476,-504,133,-117,0
3302.9403591156006,5592,7984,12012,-159,-19,87,5192,-9068,11524,-68,146,-187,-12336,4400,7740,-993,97,-147,-12376,-7400,7452,-535,160,-115,0
3302.9738471508026,5588,7944,12128,-145,-49,101,5084,-9064,11536,-30,133,-146,-12396,4468,7884,-1275,121,-132,-12428,-6932,7528,-505,154,-158,0
3303.0072290897374,5496,7972,11972,-161,-70,93,5244,-8984,11724,-70,143,-206,-12444,4452,7780,-1003,111,-61,-12364,-6928,7596,-500,148,-140,0
3303.0407860279083,5468,7960,12232,-173,-69,105,5072,-9008,11532,-54,151,-205,-12396,4368,7860,-983,110,-76,-12408,-7224,7560,-474,121,-126,0
3303.0741369724274,5700,7968,12080,-148,-6,99,5128,-8924,11484,-75,161,-137,-12472,4616,7804,-989,87,-66,-12452,-7192,7520,-530,102,-133,0
3303.1077921390533,5584,7712,12012,-171,-33,97,5240,-9096,11484,-31,129,-171,-12512,4416,8024,-1048,98,-88,-12408,-7144,7560,-526,137,-146,0
3303.1410560607906,5556,7952,11968,-171,-30,138,5120,-9132,11312,-56,133,-161,-12360,4420,7844,-968,-19,-61,-12484,-7312,7576,-504,126,-119,0
3303.1747341156006,5568,7996,12236,-161,-30,71,5144,-8964,11476,-81,190,-157,-12472,4376,7864,-972,75,-72,-12448,-7212,7592,-488,135,-138,0
3303.2082531452174,5844,7984,12232,-196,-51,46,5156,-9132,11484,-53,165,-170,-12476,4600,7712,-995,91,-73,-12496,-7160,7548,-487,122,-132,0
3303.241786956787,5404,7920,12060,-147,-52,98,5084,-8956,11404,-60,129,-155,-12412,4424,7804,-1027,83,-89,-12468,-7212,7432,-493,113,-109,0
3303.275442123413,5472,7996,12064,-135,-10,112,5192,-9136,11472,-84,158,-126,-12408,4540,7908,-988,77,-85,-12480,-6964,7568,-476,100,-148,0
3303.308959007263,5520,8180,12256,-170,-11,90,5100,-9064,11280,-79,159,-145,-12372,4432,8044,-967,70,-51,-12412,-7424,7612,-469,129,-135,0
3303.342462062836,5400,7984,12112,-181,-50,95,5148,-9032,11552,-72,138,-165,-12392,4380,7848,-978,56,-53,-12352,-7196,7796,-505,145,-121,0
3303.376019001007,5464,8048,12212,-163,-39,100,5080,-9128,11488,-41,176,-162,-12448,4388,7704,-998,114,-72,-12420,-7152,7468,-494,181,-123,0
3303.409322977066,5488,8020,11964,-188,-71,80,5356,-9212,11760,-26,131,-197,-12484,4460,7988,-996,124,-143,-12316,-7164,7544,-492,202,-108,0
3303.4430539608,5624,7980,12084,-160,-61,93,5092,-9052,11404,-53,135,-174,-12432,4444,7760,-1009,126,-133,-12472,-7144,7732,-489,167,-95,0
3303.4766349792485,5592,7988,12128,-179,-30,108,5212,-9188,11384,-50,128,-173,-12524,4556,8084,-970,92,-88,-12352,-7228,7592,-480,151,-106,0
3303.5101339817047,5600,8012,11992,-179,-51,88,5172,-9060,11456,-36,163,-154,-12448,4468,7884,-1276,75,-86,-12464,-7164,7632,-765,178,-82,0
3303.543517112732,5564,8048,12272,-183,-65,128,5156,-9108,11424,-36,151,-162,-12500,4400,7760,-771,82,-91,-12432,-6956,7660,-480,159,-84,0
3303.577425003052,5460,7972,12188,-173,-66,114,5052,-9072,11424,-17,140,-189,-12452,4484,7744,-980,115,-124,-12404,-7276,7608,-494,185,-88,0
3303.610904932022,5468,7984,12068,-225,-79,106,4888,-9084,11392,-17,150,-190,-12456,4492,7880,-981,116,-100,-12352,-7220,7664,-502,189,-108,0
3303.644423007965,5596,8156,12108,-185,-113,157,4908,-9116,11464,255,137,-201,-12404,4540,7996,-1016,119,-120,-12320,-7300,7636,-499,190,-80,0
3303.6779839992523,5456,7692,12132,-201,-132,136,5172,-9032,11448,2,92,-216,-12376,4392,7796,-1014,139,-146,-12396,-7420,7564,-483,197,-62,0
3303.713835954666,5580,7972,12040,-229,-128,149,5176,-9012,11492,-30,130,-220,-12448,4436,7692,-978,184,-131,-12500,-7216,7772,-481,178,-57,0
3303.749711036682,5552,7968,12144,-214,-149,159,5140,-9068,11504,-21,134,-219,-12372,4452,7848,-986,173,-108,-12432,-7268,7560,-480,185,-68,0
3303.7854630947113,5536,7900,12244,-205,-160,178,5068,-9016,11360,8,136,-185,-12508,4420,7860,-987,158,-143,-12420,-7280,7604,-742,202,-80,0
3303.821918010712,5596,7992,12068,-212,-191,154,5184,-8940,11728,13,134,-207,-12480,4424,7796,-1004,145,-133,-12444,-6988,7520,-498,195,-61,0
3303.8574171066284,5688,8028,12204,-217,-151,157,5192,-9084,11760,7,145,-196,-12464,4420,7748,-995,149,-94,-12484,-7396,7612,-473,188,-89,0
3303.892818927765,5708,7832,12200,-223,-161,134,5348,-9004,11700,0,169,-195,-12364,4464,7748,-974,133,-107,-12468,-7192,7604,-463,168,-68,0
3303.9277629852295,5616,8184,11864,-203,-131,143,5156,-9040,11520,-9,143,-180,-12364,4464,7816,-965,120,-99,-12408,-7052,7556,-511,171,-96,0
3303.963448047638,5544,7928,12084,-210,-144,153,5108,-9084,11404,55,132,-186,-12496,4116,7724,-1034,100,-137,-12480,-7008,7512,-507,203,-84,0
3303.9992070198055,5580,8016,12180,-213,-203,142,5204,-8980,11280,17,98,-183,-12496,4448,7912,-996,124,-58,-12504,-7216,7852,-483,174,-93,0
3304.0341589450836,5520,7944,12136,-213,-132,123,5184,-8960,11476,-15,145,-218,-12688,4440,7868,-986,104,-141,-12468,-7212,7716,-489,153,-108,0
3304.06951212883,5876,7964,12096,-234,-142,128,5116,-9128,11440,-14,106,-230,-12468,4420,7832,-994,125,-126,-12476,-7320,7520,-460,163,-87,0
3304.1048970222473,5588,7908,11964,-185,-139,137,5328,-8900,11272,255,150,-170,-12396,4380,7804,-1037,139,-96,-12392,-7188,7464,-453,134,-109,0
3304.140336036682,5408,8040,12228,-220,-79,118,5140,-9004,11388,-19,117,-163,-12408,4460,7924,-984,167,-85,-12432,-7168,7432,-479,121,-68,0
3304.1754610538483,5540,8020,12020,-192,-92,114,5104,-9044,11628,-52,124,-214,-12380,4468,7780,-980,121,-143,-12324,-6940,7612,-481,155,-105,0
3304.2117960453033,5636,7872,12000,-179,-106,117,5136,-8992,11472,-11,118,-210,-12476,4424,7820,-1012,94,-96,-12424,-7224,7504,-258,155,-115,0
3304.247997045517,5640,7984,12000,-169,-103,112,5244,-9064,11416,-7,142,-183,-12512,4472,7592,-978,157,-61,-12436,-7016,7340,-507,194,-106,0
3304.283404111862,5704,7948,12068,-168,-104,100,5172,-9200,11368,-55,134,-183,-12480,4492,7744,-983,143,-109,-12576,-7108,7568,-750,191,-140,0
3304.3192970752716,5716,8188,12076,-161,-56,91,5288,-9000,11748,-61,145,-141,-12544,4452,7632,-992,104,-48,-12468,-7208,7504,-470,129,-152,0
3304.3540139198303,5792,7872,12016,-156,-251,49,5244,-9148,11492,-73,165,-142,-12460,4600,7932,-1019,68,-106,-12444,-7136,7584,-504,161,-149,0
3304.3895239830017,5644,7944,12120,-132,7,54,4920,-9192,11464,-46,182,-143,-12528,4472,7656,-1044,63,-64,-12452,-7084,7544,-519,156,-140,0
3304.4229390621185,5852,7852,12024,-124,-17,79,4996,-8972,11304,-85,157,-157,-12532,4404,7664,-1025,69,-52,-12516,-6984,7448,-495,148,-176,0
3304.4566450119014,5596,7980,12176,-163,-16,70,5080,-9080,11464,-128,138,-182,-12544,4472,7912,-980,61,-63,-12488,-7408,7548,-509,124,-159,0
3304.4901859760284,5580,7876,12044,-153,-9,77,5080,-9084,11532,-80,166,-163,-12400,4520,7892,-1006,60,-65,-12356,-7168,7536,-491,120,-150,0
3304.5236999988556,5596,8008,12032,-152,-8,108,5184,-9076,11388,-83,148,-141,-12460,4432,7812,-1016,97,-117,-12452,-7188,7724,-497,133,-138,0
3304.5573990345006,5576,7960,12212,-146,-11,80,5144,-9036,11376,-71,165,-160,-12456,4452,7832,-1001,85,-58,-12416,-7148,7624,-494,149,-127,0
3304.5919859409332,5592,7976,12056,-181,-43,88,5024,-9032,11480,-86,149,-185,-12452,4356,7908,-958,83,-97,-12508,-7268,7672,-498,171,-147,0
3304.625741004944,5604,8080,12004,-142,-14,57,5180,-9012,11352,-78,168,-192,-12464,4408,7804,-950,93,-94,-12416,-6968,7428,-475,166,-122,0
3304.6594140529633,5548,7828,12064,-161,-30,94,5168,-9116,11396,-80,143,-162,-12428,4532,7876,-988,71,-73,-12552,-7104,7552,-514,118,-163,0
3304.69291305542,5708,7924,12088,-148,254,56,4880,-9052,11556,-26,146,-145,-12500,4440,7708,-1033,58,-43,-12384,-7132,7508,-523,141,-143,0
3304.726618051529,5392,7964,12092,-160,-15,104,5148,-9004,11460,-35,189,-121,-12460,4428,7656,-996,62,-54,-12316,-7200,7588,-494,119,-144,0
3304.7600791454315,5544,8088,11868,-127,44,59,5124,-9020,11436,-81,147,-123,-12424,4480,7944,-988,32,-73,-12404,-7244,7532,-503,118,-140,0
3304.7936470508575,5568,8144,12120,-163,-5,46,5104,-9044,11440,-61,188,-157,-12476,4568,7820,-964,71,-101,-12372,-7392,7472,-476,152,-150,0
3304.827327013016,5476,8068,12160,-153,-31,72,5064,-9032,11440,-74,159,-164,-12472,4520,7720,-1022,55,-84,-12364,-6996,7548,-512,157,-145,0
3304.8608820438385,5480,7984,12120,-110,6,93,5104,-9104,11460,-71,146,-144,-12504,4520,7712,-965,55,-39,-12356,-7236,7528,-505,118,-151,0
3304.894026041031,5464,7972,12080,-150,32,81,5056,-9092,11452,-83,182,-126,-12360,4496,7808,-1011,60,-61,-12388,-7184,7516,-478,121,-144,0
3304.9274780750275,5508,7724,12080,-156,-16,104,5140,-9116,11452,-52,155,-148,-12388,4468,7804,-990,70,-124,-12440,-7240,7516,-766,141,-150,0
3304.961100101471,5520,8076,12260,-182,-16,83,5040,-9120,11536,-67,164,-174,-12400,4388,7904,-775,93,-79,-12340,-7212,7536,-514,173,-111,0
3304.9946329593654,5604,7940,12160,-171,-46,77,5140,-9072,11668,-78,151,-215,-12372,4416,7792,-994,126,-52,-12392,-7164,7424,-513,188,-136,0
3305.0280101299286,5400,7996,12100,-133,-65,88,5024,-9100,11712,-64,155,-198,-12416,4476,7912,-1041,101,-62,-12488,-7228,7420,-478,150,-120,0
3305.0615861415863,5684,8144,12112,-174,-76,102,5168,-9124,11352,-59,154,-169,-12492,4424,7872,-1007,96,-97,-12468,-7332,7544,-487,131,-142,0
3305.0949840545654,5532,8004,12016,-187,-14,76,4868,-8976,11508,-63,175,-134,-12504,4540,7816,-1013,78,-96,-12376,-7264,7456,-501,152,-151,0
3305.1284091472626,5544,8068,12200,-160,-62,104,5316,-9052,11448,-49,178,-163,-12304,4512,7876,-990,1,-81,-12456,-7212,7556,-485,138,-154,0
3305.1617569923405,5496,7996,12092,-162,-48,92,5196,-9060,11432,-64,169,-152,-12488,4544,7816,-1004,83,-55,-12424,-7296,7560,-508,126,-127,0
3305.195374965668,5396,8116,12060,-152,-45,54,5060,-9036,11764,-69,162,-177,-12432,4408,7860,-985,36,-129,-12312,-7116,7512,-489,153,-139,0
3305.2286200523376,5476,7948,12264,-174,-44,93,4972,-9172,11580,-71,152,-177,-12308,4356,7684,-993,25,-99,-12484,-7220,7552,-501,136,-178,0
3305.2621099948883,5460,8016,12076,-159,-52,112,5056,-9164,11472,-78,132,-186,-12524,4564,7892,-782,82,-36,-12420,-7268,7424,-496,178,-111,0
3305.295686006546,5452,8068,12052,-174,-44,90,5156,-9128,11460,-57,112,-169,-12356,4488,7796,-1067,89,-68,-12400,-7296,7504,-493,154,-107,0
3305.3290231227875,5468,7944,12068,-161,-60,101,5344,-9076,11544,-73,136,-198,-12364,4432,7924,-1003,95,-73,-12476,-7172,7660,-505,156,-101,0
3305.362373113632,5584,7964,12056,-135,-66,83,4880,-9080,11756,-75,116,-199,-12476,4448,7792,-1022,105,-130,-12456,-7232,7452,-503,153,-144,0
3305.3991019725804,5492,7984,12164,-136,-57,128,5328,-9128,11508,-77,118,-169,-12460,4496,7932,-999,87,-85,-12408,-7204,7560,-508,127,-153,0
3305.4343400001526,5540,8044,12064,-163,-67,86,5080,-9092,11480,-58,122,-161,-12444,4472,7692,-1004,101,-126,-12532,-7180,7548,-500,174,-119,0
3305.470153093338,5532,8100,12168,-158,-45,99,5124,-9124,11272,-98,103,-177,-12420,4432,7724,-972,84,-51,-12308,-7308,7508,-487,127,-115,0
3305.5053329467773,5540,8088,12224,-159,-83,116,5088,-9108,11472,-97,128,-167,-12436,4544,7912,-1015,93,-86,-12324,-7072,7464,-499,97,-117,0
3305.540750026703,5556,8000,12132,-175,-23,115,5048,-8980,11320,-12,116,-171,-12460,4488,7832,-1048,66,-90,-12364,-7328,7456,-504,162,-117,0
3305.5753910541534,5508,8104,11868,-150,-56,119,4888,-9080,11424,-49,103,-182,-12312,4480,7972,-1037,86,-88,-12432,-7276,7604,-473,126,-111,0
3305.6108751297,5536,8148,12020,-136,-38,77,5104,-9080,11488,-92,155,-171,-12552,4480,8020,-955,53,-102,-12416,-7200,7540,-481,150,-126,0
3305.6456360816956,5532,8008,12168,-148,-63,90,5096,-9068,11396,-75,166,-178,-12392,4472,7840,-980,64,-52,-12488,-7308,7692,-503,162,-128,0
3305.680953979492,5520,8004,11996,-123,-33,86,5084,-9124,11364,-92,165,-125,-12448,4484,8000,-770,104,-95,-12400,-7228,7632,-257,108,-145,0
3305.7170901298523,5524,8004,12120,-144,-21,94,5120,-9040,11396,-82,153,-125,-12308,4496,7828,-1008,24,-42,-12400,-6928,7316,-498,151,-121,0
3305.7522299289703,5436,8060,12104,-183,-35,90,5036,-9276,11472,-78,208,-171,-12268,4496,7756,-1006,79,-92,-12360,-7420,7568,-506,162,-144,0
3305.787971973419,5432,7980,12072,-171,-64,95,5052,-9020,11488,-55,152,-186,-12460,4552,7840,-1024,102,-75,-12444,-7112,7492,-506,203,-127,0
3305.8233540058136,5436,7996,12200,-171,-64,95,5016,-9148,11424,-39,150,-197,-12352,4484,7788,-1270,135,-97,-12504,-7168,7532,-504,190,-85,0
3305.8582639694214,5472,8048,12032,-171,-109,131,5136,-9136,11484,-49,134,-189,-12396,4408,7696,-1023,110,-95,-12412,-7232,7544,-504,193,-93,0
3305.893919944763,5464,8052,12172,-183,-70,111,5336,-9192,11428,-50,130,-176,-12360,4464,7828,-1015,124,-58,-12424,-7212,7520,-490,155,-98,0
3305.9295620918274,5436,8020,12252,-210,-50,93,5068,-9080,11372,-46,125,-176,-12420,4504,7968,-1036,106,-65,-12476,-7176,7556,-505,175,-87,0
3305.964817047119,5540,8032,12104,-211,-91,82,5144,-9092,11460,1,165,-189,-12300,4424,7868,-1010,75,-161,-12408,-7216,7484,-498,200,-107,0
3306.0002529621124,5480,8036,12276,-208,-105,117,5296,-9144,11392,-42,133,-200,-12404,4496,7868,-972,97,-71,-12472,-7176,7444,-497,144,-101,0
3306.035325050354,5576,7768,11952,-196,-99,104,5136,-9212,11376,-39,150,-202,-12400,4504,8032,-1017,127,-74,-12440,-7264,7512,-509,141,-98,0
3306.070867061615,5504,8028,12108,-160,-80,117,4984,-9072,11328,16,145,-194,-12424,4480,7828,-1020,118,-152,-12424,-7272,7480,-513,185,-83,0
3306.1042420864105,5408,8028,12052,-214,-65,138,5148,-9112,11392,21,137,-193,-12544,4472,7880,-1005,156,-147,-12376,-7328,7524,-490,178,-67,0
3306.137526988983,5484,8000,12228,-229,-22,120,5152,-9068,11424,-24,122,-196,-12324,4492,7780,-980,152,-105,-12492,-7276,7480,-554,222,-65,0
3306.1712391376495,5464,8068,12168,-189,-100,133,5048,-9088,11432,-12,122,-180,-12400,4372,8140,-992,149,-101,-12424,-7296,7532,-578,222,-57,0
3306.2045321464534,5596,7992,12060,-157,-117,155,5144,-9460,11328,-48,109,-174,-12424,4492,7792,-975,197,-100,-12324,-7308,7664,-687,275,-104,0
3306.238433122635,5616,8020,12048,-54,-187,129,5044,-9184,11456,-71,100,-183,-12444,4416,8008,-922,210,-114,-12420,-7232,7444,-579,252,-118,0
3306.2719869613647,5472,7972,11992,-94,-291,133,5036,-9088,11552,-66,155,-241,-12432,4372,7968,-1009,172,-159,-12588,-7300,7324,-455,265,-78,0
3306.305325984955,5564,8116,12008,-93,-234,120,5280,-9088,11752,-137,203,-195,-12544,4440,7848,-1276,172,-68,-12596,-7184,7360,-326,293,-30,0
3306.3389289379124,5508,8072,12132,-129,-195,129,5368,-9084,11492,-66,223,-150,-12296,4452,7800,-1007,189,-109,-12516,-7228,7472,-350,225,-45,0
3306.372452020645,5528,8104,12176,-235,-205,134,5044,-9072,11296,-39,157,-219,-12340,4424,7968,-1031,142,-126,-12440,-7220,7292,-292,509,-30,0
3306.4055740833282,5568,8008,12064,-237,-271,167,5044,-9092,11420,-79,111,-215,-12156,4520,7816,-1055,127,-106,-12472,-7124,7608,-285,181,5,0
3306.4391510486603,5568,7960,12240,-265,-257,222,5044,-9152,11444,37,49,-229,-12480,4456,7740,-999,43,-59,-12572,-7116,7552,-308,115,-33,0
3306.4726560115814,5564,7944,12044,-306,-235,198,5128,-8964,11432,11,62,-228,-12412,4564,7868,-989,121,-122,-12524,-7192,7616,-274,175,-51,0
3306.506103992462,5600,8040,12120,-273,-158,148,5152,-9244,11300,-251,130,-242,-12452,4480,7780,-1275,123,-123,-12652,-7112,7520,-295,22,-87,0
3306.539974927902,5640,7996,12040,-320,-113,146,5076,-9128,11392,23,114,-222,-12376,4440,7796,-989,190,-107,-12444,-7012,7336,-366,6,-76,0
3306.5735030174255,5544,7992,12096,-355,-170,160,5060,-9164,11404,19,121,-196,-12412,4620,7944,-1061,181,-137,-12476,-7072,7532,-414,47,-73,0
3306.6070790290833,5628,7988,12256,-255,-128,170,5356,-9072,11676,11,166,-167,-12352,4364,7792,-1075,216,-59,-12432,-7212,7492,-352,34,-49,0
3306.6401801109314,5664,8012,12152,-207,-94,154,5124,-9096,11452,-27,148,-178,-12432,4456,7512,-1025,227,-117,-12512,-7032,7584,-356,-3,-65,0
3306.6735610961914,5612,8016,12064,-202,-133,141,5260,-9148,11424,-32,107,-187,-12452,4476,7784,-1040,181,-90,-12304,-7180,7372,-422,104,-85,0
3306.7071969509125,5576,7948,12060,-112,-60,129,5184,-8784,11388,-76,149,-161,-12456,4348,7768,-1060,123,-77,-12436,-7360,7348,-403,139,-128,0
3306.740720033645,5760,7980,12008,-102,254,85,5216,-9036,11452,-51,172,-126,-12512,4388,7836,-1081,131,-15,-12520,-7140,7488,-388,85,-104,0
3306.7743279933934,5616,8060,12120,-162,18,48,5100,-9104,11564,-51,138,-130,-12460,4452,7976,-1059,102,-28,-12376,-7204,7516,-433,129,-171,0
3306.807608127594,5544,7912,12076,-172,-10,57,5196,-9012,11428,-44,165,-155,-12452,4448,8040,-1089,31,-90,-12472,-7128,7536,-393,181,-152,0
3306.8408710956573,5688,7936,12088,-132,247,53,5068,-9124,11552,-18,150,-188,-12364,4552,7804,-1073,76,-81,-12460,-7392,7608,-427,132,-126,0
3306.874330997467,5472,7948,12120,-217,-45,65,5108,-9136,11436,-43,137,-213,-12440,4428,7692,-1031,111,-56,-12456,-7100,7540,-433,105,-126,0
3306.90780210495,5532,7940,12056,-231,-66,98,5028,-9188,11468,-21,129,-182,-12456,4532,7840,-769,122,-46,-12536,-7124,7552,-515,164,-151,0
3306.941327095032,5600,7924,12008,-190,-39,114,5056,-9116,11280,-23,123,-185,-12524,4472,7748,-1009,88,-104,-12472,-7176,7592,-545,140,-130,0
3306.97492313385,5672,8020,11856,-180,-11,121,5080,-9160,11280,-29,136,-153,-12460,4456,7792,-1040,102,-77,-12424,-7116,7496,-540,122,-170,0
3307.0082249641414,5516,7940,12132,-190,3,76,4980,-9188,11524,-21,141,-172,-12340,4500,7944,-952,72,-26,-12360,-7168,7628,-574,100,-160,0
3307.041640996933,5516,8004,12072,-221,-38,103,5020,-9384,11480,-28,140,-158,-12508,4412,7884,-958,47,-88,-12468,-7384,7668,-532,91,-158,0
3307.0807290077214,5604,8000,12144,-210,-12,104,5316,-9052,11496,-49,162,-178,-12496,4408,7688,-943,66,-125,-12464,-7164,7628,-509,81,-154,0
3307.1171259880066,5392,8004,12184,-187,-27,90,5304,-9104,11364,-65,149,-177,-12404,4412,7680,-938,142,-38,-12508,-7124,7608,-541,72,-140,0
3307.152228116989,5408,7972,12168,-174,-9,97,5108,-9112,11276,-22,140,-179,-12484,4520,7892,-1031,88,-108,-12492,-7140,7496,-570,117,-168,0
3307.1881251335144,5616,7924,12220,-185,-53,102,4980,-9104,11452,255,141,-187,-12440,4108,7856,-1020,124,-55,-12376,-7236,7556,-566,151,-174,0
3307.223813056946,5656,8000,12176,-173,-11,63,4948,-9148,11464,-86,172,-181,-12464,4420,7876,-992,43,-80,-12372,-7252,7616,-527,111,-172,0
3307.2593989372253,5416,8064,12268,-199,28,68,5332,-9156,11476,-58,192,-179,-12400,4436,7868,-978,52,-86,-12508,-7080,7592,-501,123,-143,0
3307.294881105423,5452,8176,12168,-162,43,75,5108,-9140,11740,-54,151,-160,-12404,4540,7820,-1007,80,-21,-12460,-7172,7588,-554,132,-148,0
3307.3301610946655,5440,8028,12080,-166,30,113,5128,-9128,11484,-36,166,-109,-12428,4540,7684,-992,64,-32,-12348,-7148,7644,-535,130,-132,0
3307.365427017212,5560,7984,12196,-173,46,66,5080,-9068,11528,-45,157,-128,-12420,4412,8160,-997,80,-47,-12476,-6940,7636,-547,172,-136,0
3307.4004011154175,5392,8068,12056,-170,1,81,4968,-9056,11600,-68,151,-158,-12476,4404,7972,-999,80,-33,-12380,-6928,7480,-565,210,-145,0
3307.4355599880214,5528,7980,12284,-166,-41,98,5016,-9084,11272,-38,165,-172,-12332,4464,7712,-998,89,-98,-12476,-7220,7520,-551,204,-126,0
3307.470876932144,5480,7940,12064,-196,-53,111,5044,-9104,11440,-67,101,-201,-12432,4468,7808,-1005,136,-84,-12324,-7312,7580,-257,231,-104,0
3307.5060489177704,5656,7952,11952,-168,-41,87,5040,-9164,11464,-65,135,-182,-12372,4508,7760,-977,129,-103,-12516,-7372,7576,-517,170,-133,0
3307.5418610572815,5472,7956,12192,-188,-3,96,5120,-9176,11356,-56,175,-182,-12480,4516,7800,-1000,92,-77,-12392,-7216,7488,-519,185,-164,0
3307.577451944351,5424,7944,12016,-196,-13,102,5100,-9124,11468,-45,147,-158,-12392,4460,7848,-1003,72,-63,-12460,-7252,7424,-536,189,-148,0
3307.613466978073,5568,8000,12184,-184,-45,98,5104,-9096,11412,-43,138,-159,-12428,4620,8056,-984,97,-98,-12420,-7160,7484,-507,184,-159,0
3307.6497659683228,5568,8020,12128,-196,-29,81,4996,-9164,11508,-65,146,-189,-12468,4544,7900,-979,76,-83,-12528,-7388,7444,-515,177,-132,0
3307.6849839687347,5616,7988,12184,-168,-14,71,5024,-9176,11384,-60,163,-153,-12424,4496,7812,-1004,83,-57,-12388,-6916,7520,-527,181,-134,0
3307.7220981121063,5568,8036,12096,-180,-47,91,5112,-9104,11372,-62,143,-179,-12508,4504,7824,-1001,98,-94,-12476,-7232,7548,-520,187,-117,0
3307.7557051181793,5528,7948,12192,-164,-56,108,5096,-9128,11440,-40,107,-178,-12460,4464,7888,-1277,158,-90,-12532,-7184,7544,-495,199,-106,0
3307.7892520427704,5488,8020,12080,-171,-62,106,5008,-9144,11312,-68,166,-176,-12400,4508,7836,-996,140,-100,-12472,-7036,7584,-517,190,-134,0
3307.8226289749146,5500,7992,12232,-177,-42,107,5088,-9156,11460,-37,115,-182,-12468,4444,7752,-1006,103,-87,-12436,-7220,7548,-502,164,-108,0
3307.856136083603,5544,7980,12060,-159,-59,106,4876,-9080,11420,-51,128,-193,-12464,4480,7676,-769,131,-104,-12420,-7132,7592,-475,167,-120,0
3307.8896379470825,5532,7992,12220,-172,-73,91,5096,-9164,11424,-51,146,-181,-12360,4476,7720,-985,94,-69,-12464,-7228,7480,-490,158,-110,0
3307.9231040477753,5616,7988,12128,-179,-13,111,5088,-9156,11504,-85,149,-156,-12464,4488,7864,-985,95,-33,-12388,-7192,7380,-467,116,-96,0
3307.9567489624023,5552,7944,12120,-195,-255,109,4972,-8968,11560,-16,133,-160,-12396,4532,7716,-1044,89,-56,-12504,-7372,7364,-528,143,-125,0
3307.9904000759125,5408,8040,12268,-195,-58,97,5052,-9168,11432,1,143,-179,-12040,4392,7752,-1040,102,-75,-12400,-7400,7844,-513,174,-110,0
3308.0237200260162,5392,8008,12064,-142,-51,84,5120,-9172,11488,-95,140,-154,-12352,4484,7816,-993,103,-105,-12760,-7292,7576,-494,156,-138,0
3308.0573160648346,5452,8020,12096,-198,-39,64,5028,-9192,11476,-66,120,-177,-12428,4492,8056,-989,71,-96,-12432,-7204,7548,-497,154,-145,0
3308.0910420417786,5520,8184,12236,-158,-78,87,5016,-9108,11284,-53,130,-171,-12444,4556,7764,-1026,90,-72,-12452,-7136,7548,-508,158,-125,0
3308.1245059967046,5568,7944,12116,-129,-18,95,5080,-9044,11372,-63,131,-140,-12304,4436,7824,-990,60,-27,-12460,-7296,7372,-485,88,-130,0
3308.1579561233525,5432,8028,12172,-188,-32,85,5036,-8976,11348,-82,168,-142,-12340,4540,7776,-977,83,-63,-12440,-7276,7456,-763,128,-145,0
3308.191457986832,5404,8012,12272,-180,-64,82,5036,-9220,11344,-76,149,-172,-12500,4568,7872,-997,97,-98,-12428,-7104,7500,-476,146,-115,0
3308.2247610092163,5484,8000,12112,-174,-45,108,5060,-9168,11384,-55,177,-188,-12320,4540,7764,-1003,100,-68,-12448,-7132,7484,-767,154,-107,0
3308.258264064789,5404,8028,12520,-201,-104,96,5032,-9168,11460,-13,149,-202,-12332,4408,7832,-1007,133,-92,-12404,-7272,7504,-486,190,-99,0
3308.2919359207153,5596,8052,11880,-173,-86,118,5348,-9124,11448,-34,132,-201,-12424,4484,7804,-991,133,-114,-12360,-7416,7460,-757,184,-78,0
3308.3254749774933,5452,8000,12168,-200,-97,125,5024,-9180,11516,-8,148,-192,-12436,4412,7708,-975,109,-100,-12528,-7204,7432,-504,176,-92,0
3308.3590409755707,5596,8024,12152,-211,-48,127,5028,-9156,11616,-21,150,-208,-12436,4488,8092,-990,105,-76,-12452,-7180,7464,-487,165,-83,0
3308.3922719955444,5436,8004,12108,-207,-90,143,5092,-9140,11568,-14,156,-186,-12428,4556,7884,-1013,114,-60,-12480,-7396,7652,-503,139,-76,0
3308.4257330894466,5420,8068,12224,-219,-113,138,4964,-9132,11668,-15,173,-207,-12384,4536,8024,-986,104,-97,-12536,-7376,7628,-463,151,-84,0
3308.4593760967255,5444,7932,12056,-235,-73,127,4976,-9128,11424,-23,164,-199,-12392,4584,7832,-976,95,-151,-12424,-7116,7372,-470,172,-96,0
3308.492921113968,5520,8016,12008,-192,-99,123,5088,-9080,11404,-18,125,-210,-12356,4480,7820,-1004,100,-100,-12504,-7184,7720,-498,203,-69,0
3308.526350975036,5512,8044,12040,-176,-107,142,4904,-9180,11364,-2,160,-210,-12392,4424,8028,-982,128,-112,-12508,-7232,7600,-486,160,-59,0
3308.559932947159,5560,7952,12040,-198,-131,164,5056,-9196,11476,10,155,-198,-12348,4408,7744,-969,155,-113,-12564,-7328,7500,-473,176,-52,0
3308.5935249328613,5544,8024,12244,-198,-152,173,5112,-9176,11476,-24,108,-210,-12464,4484,7908,-993,165,-116,-12540,-7220,7428,-475,173,-76,0
3308.6271409988403,5536,8004,12172,-203,-129,174,5044,-9148,11412,4,140,-180,-12452,4452,7756,-1060,237,-116,-12520,-7188,7340,-471,160,-75,0
3308.66050195694,5476,7932,12052,-217,-100,149,5088,-9156,11552,1,140,-196,-12368,4428,7748,-974,140,-104,-12524,-7272,7516,-473,161,-79,0
3308.6938440799713,5472,7972,12256,-208,-122,159,5040,-9176,11656,13,161,-183,-12356,4440,7920,-972,171,-77,-12720,-7240,7448,-452,175,-73,0
3308.7274410724644,5456,7948,12216,-210,-117,149,5048,-9140,11420,22,100,-214,-12352,4412,7544,-955,207,-128,-12500,-7124,7512,-429,163,-54,0
3308.7645180225372,5560,7996,12212,-217,-128,184,5036,-9100,11408,250,121,-213,-12496,4472,7660,-963,171,-92,-12452,-7096,7424,-469,162,-69,0
3308.799668073654,5608,7972,12100,-183,-69,172,5092,-9116,11440,35,118,-176,-12472,4564,7700,-974,126,-79,-12472,-7168,7516,-486,182,-65,0
3308.8350899219513,5556,7996,12072,-193,-134,152,5120,-9440,11312,30,105,-202,-12792,4436,7884,-1029,141,-126,-12512,-7416,7488,-497,216,-100,0
3308.8707020282745,5560,8060,12064,-178,-118,131,5112,-9088,11532,-26,117,-209,-12552,4468,7904,-992,114,-86,-12308,-7128,7548,-466,189,-71,0
3308.905921936035,5544,7784,12192,-197,-75,110,5040,-9228,11572,-46,137,-227,-12776,4364,7512,-943,130,-137,-12512,-7340,7636,-464,178,-97,0
3308.9413850307465,5616,7900,12112,-230,-138,135,5164,-9000,11368,-29,131,-222,-12592,4540,7644,-1005,131,-122,-12652,-7108,7364,-501,163,-92,0
3308.977294921875,5584,7992,12188,-182,-107,160,5080,-9156,11472,-23,103,-150,-12524,4364,7728,-995,136,-83,-12476,-7244,7384,-487,119,-97,0
3309.0124249458313,5560,8064,12204,-176,-72,148,5124,-9192,11388,-29,153,-159,-12380,4380,7684,-998,110,-73,-12428,-7200,7564,-475,142,-133,0
3309.048784017563,5524,8060,12364,-195,-91,118,5116,-9232,11444,6,125,-180,-12480,4392,7724,-773,154,-93,-12444,-7240,7476,-484,132,-102,0
3309.0838811397552,5488,8068,12148,-170,-100,122,5164,-8972,11348,-3,156,-199,-12484,4532,7800,-1002,136,-101,-12504,-7116,7392,-495,192,-94,0
3309.1188991069794,5592,7940,12136,-191,-161,142,4992,-9060,11356,-29,96,-231,-12476,4512,7524,-1005,174,-161,-12556,-7352,7448,-481,211,-101,0
3309.1539881229405,5832,7912,12120,-135,-113,109,5320,-9096,11424,-80,111,-194,-12472,4552,7744,-1006,170,-57,-12488,-7056,7420,-476,146,-92,0
3309.189686059952,5552,8052,12208,-136,-42,90,5272,-9036,11304,-73,136,-166,-12800,4472,7672,-989,112,-89,-12444,-7128,7412,-481,152,-165,0
3309.225070953369,5568,7928,12068,-159,8,84,5132,-9184,11504,-68,192,-175,-12552,4532,7728,-1056,76,-38,-12772,-7424,7540,-497,165,-152,0
3309.2607431411743,5516,7984,12152,-139,-254,73,5096,-9236,11572,-76,206,-149,-12488,4472,7768,-1024,88,-32,-12484,-6964,7556,-487,167,-147,0
3309.296096086502,5520,7944,12280,-138,19,54,5012,-9060,11408,-74,164,-162,-12468,4172,7508,-1019,87,-71,-12456,-7220,7532,-506,161,-181,0
3309.3322241306305,5516,7964,12012,-139,251,62,5036,-9216,11436,-79,156,-157,-12332,4468,7780,-1018,63,-60,-12476,-7236,7528,-509,159,-133,0
3309.3682849407196,5468,7992,12260,-128,-30,73,5028,-9176,11412,-72,156,-158,-12444,4408,7724,-991,57,-88,-12292,-7424,7464,-507,149,-145,0
3309.4048371315002,5492,8036,12068,-123,-23,81,5140,-9128,11380,-99,154,-153,-12472,4420,7844,-1010,39,-68,-12448,-7172,7476,-761,170,-146,0
3309.4384109973907,5524,8048,12136,-123,18,76,5148,-9204,11372,-90,111,-157,-12360,4388,7740,-1004,-9,-37,-12408,-7180,7592,-763,144,-159,0
3309.4718511104584,5568,8080,12236,-91,34,75,5016,-9196,11588,-135,127,-164,-12432,4456,7880,-1015,-5,-43,-12420,-7236,7352,-492,143,-182,0
3309.5054919719696,5428,8012,12052,-125,14,56,5316,-9080,11336,-83,143,-183,-12512,4476,7688,-1011,28,-109,-12520,-7260,7440,-473,154,-151,0
3309.5392990112305,5440,8124,12112,-114,10,50,4960,-9016,11640,-97,117,-172,-12400,4524,7908,-986,66,-121,-12556,-7172,7484,-457,102,-159,0
3309.57288312912,5560,7996,12064,-126,47,72,5316,-9108,11416,-117,109,-138,-12480,4476,7916,-990,46,-45,-12524,-7136,7528,-446,62,-153,0
3309.6064829826355,5432,8028,12264,-125,51,63,5004,-9260,11484,-77,123,-152,-12484,4364,7732,-1273,11,-46,-12452,-7228,7208,-466,131,-134,0
3309.639573097229,5508,8036,12104,-127,28,71,5004,-9128,11456,-52,142,-169,-12312,4412,7720,-981,-10,-62,-12468,-7292,7388,-492,153,-156,0
3309.6731300354004,5556,8108,12188,-128,66,46,5020,-9348,11372,-123,173,-166,-12364,4456,7704,-987,255,-98,-12400,-7156,7456,-512,175,-134,0
3309.7068009376526,5472,8080,12280,-177,26,17,5052,-9252,11344,-93,153,-180,-12372,4424,7900,-981,51,-53,-12424,-7232,7412,-260,184,-143,0
3309.7400240898132,5596,8044,12092,-144,21,59,5068,-9128,11280,-105,143,-142,-12432,4460,7944,-993,27,-7,-12444,-7132,7672,-538,179,-175,0
3309.773499965668,5432,8024,12232,-117,71,69,5116,-9444,11352,-79,141,-131,-12332,4448,7764,-993,16,-6,-12492,-6920,7312,-491,100,-155,0
3309.807186126709,5400,8032,12276,-157,61,70,4980,-9328,11488,-78,165,-121,-12328,4464,8140,-988,59,-52,-12428,-7256,7644,-528,200,-161,0
3309.8405699729924,1004,8204,12732,319,154,87,4824,-9128,11260,-27,201,-170,-12252,4564,7740,-991,37,-101,-12460,-7244,7248,-257,209,-142,0
3309.8740310668945,5420,8060,11876,-172,40,60,5036,-9136,11540,-86,125,-190,-12400,4408,7952,-772,97,-50,-12520,-7196,7192,-548,211,-117,0
3309.9074630737305,5384,8024,11884,-176,-12,75,4900,-9448,11284,-72,157,-205,-12492,4548,7864,-999,90,-90,-12444,-7184,7288,-264,211,-112,0
3309.94074010849,5368,8084,12284,-150,-24,82,5072,-9180,11292,-60,146,-201,-12308,4464,7784,-1016,117,-141,-12492,-7264,7536,-512,222,-154,0
3309.9741570949554,5448,8004,11976,-166,-255,105,5056,-9156,11436,-76,160,-151,-12480,4472,7796,-1001,137,-73,-12512,-7156,7240,-508,176,-142,0
3310.007530927658,5368,8108,12336,-179,19,75,5044,-9308,11248,-76,162,-172,-12408,4456,7704,-1020,80,-43,-12508,-7172,7488,-501,181,-142,0
3310.040713071823,5296,8016,11928,-160,20,82,5100,-9080,11316,-58,153,-149,-12440,4524,7872,-1031,92,-47,-12412,-7272,7476,-534,196,-137,0
3310.0741441249847,5380,8132,12164,-187,-252,92,5020,-9024,11416,-102,170,-183,-12368,4432,7904,-946,88,-83,-12384,-7320,7288,-523,158,-133,0
3310.107934951782,5324,7992,12068,-162,-28,72,5080,-9232,11348,-76,148,-159,-12436,4500,7848,-1018,111,-53,-12496,-7264,7404,-518,166,-121,0
3310.141093015671,5332,8004,12088,-181,-28,96,5032,-9228,11324,-65,147,-174,-12344,4416,7708,-1020,121,-19,-12500,-7212,7376,-543,203,-122,0
3310.1747879981995,5340,7964,12104,-144,-19,103,5100,-9180,11296,-59,93,-174,-12504,4380,7880,-1023,152,-22,-12416,-7424,7464,-547,191,-94,0
3310.208249092102,5368,8012,12108,-163,-26,99,5028,-9456,11416,-67,79,-196,-12404,4472,7860,-990,170,-89,-12504,-7248,7608,-520,180,-132,0
3310.2417709827423,5348,8044,12168,-150,-15,98,5008,-9164,11372,-88,144,-162,-12372,4444,7808,-979,88,-59,-12428,-7176,7392,-544,171,-129,0
3310.275519132614,5316,8064,12124,-155,-20,102,5020,-9256,11368,-73,142,-170,-12376,4484,7860,-1013,140,-84,-12496,-7220,7416,-551,177,-121,0
3310.3092169761658,5368,8140,12204,-143,-37,103,5080,-9400,11364,-60,131,-171,-12424,4512,7744,-998,121,-68,-12560,-7268,7540,-534,187,-119,0
3310.3426229953766,5388,8028,12168,-182,-20,96,5096,-9256,11340,-37,176,-177,-12408,4444,7872,-1006,164,-62,-12336,-7400,7476,-524,167,-131,0
3310.376121044159,5400,8024,12136,-201,-29,86,5052,-9236,11272,-27,180,-181,-12424,4496,7856,-1028,162,-105,-12436,-7172,7392,-476,178,-103,0
3310.4096210002895,5420,8012,11808,-210,-18,90,5012,-9280,11692,-60,174,-186,-12392,4544,7920,-1002,155,-87,-12476,-7224,7652,-476,129,-90,0
3310.4458849430084,5280,7976,12104,-188,-72,99,4988,-9312,11364,-43,164,-164,-12444,4528,7724,-1054,129,-81,-12788,-7180,7384,-529,148,-119,0
3310.481297969818,5308,8020,12120,-204,-75,132,4936,-9028,11332,6,143,-188,-12424,4468,7956,-1103,153,-105,-12368,-7208,7644,-504,185,-105,0
3310.5174601078033,5288,8164,12024,-198,-84,95,5036,-9212,11580,-48,151,-187,-12404,4500,8128,-995,111,-66,-12300,-7296,7436,-485,135,-71,0
3310.5529699325566,5332,8052,12148,-217,-93,125,5064,-9344,11412,-35,163,-203,-12512,4464,7796,-943,83,-138,-12516,-7192,7444,-491,139,-83,0
3310.588212966919,5376,8044,12036,-189,-89,127,5004,-9276,11488,-57,163,-190,-12404,4588,7756,-1001,100,-89,-12480,-6924,7212,-474,164,-62,0
3310.6240401268005,5268,8096,12240,-175,-77,135,5052,-9180,11228,-10,171,-137,-12296,4500,7804,-1005,107,-84,-12392,-7368,7336,-495,132,-123,0
3310.6595709323883,5356,8108,12204,-202,-63,121,4976,-9240,11352,-44,183,-141,-12384,4456,7812,-955,101,-80,-12496,-7244,7300,-474,158,-74,0
3310.6946671009064,5532,8084,12104,-217,-74,121,5008,-9256,11368,-34,159,-189,-12352,4492,7880,-952,96,-92,-12456,-7316,7376,-505,196,-68,0
3310.7302539348602,5260,7984,12112,-202,-103,143,4968,-8992,11512,-5,167,-198,-12332,4552,7792,-1009,136,-155,-12472,-7248,7424,-499,239,-70,0
3310.7657220363617,5380,7980,12240,-197,-175,150,4876,-9460,11436,-6,157,-219,-12400,4512,7776,-964,176,-142,-12488,-7336,7424,-506,221,-54,0
3310.8009409904485,5348,8056,12196,-198,-166,146,5372,-9460,11332,0,131,-226,-12404,4508,7848,-1004,153,-86,-12456,-7252,7320,-491,225,-50,0
3310.837165117264,5388,7936,12168,-204,-151,154,4872,-9276,11396,-15,129,-207,-12496,4456,7772,-959,163,-103,-12588,-7296,7424,-466,194,-72,0
3310.872235059738,5352,7992,12060,-219,-104,136,5100,-9224,11464,16,111,-201,-12572,4516,7696,-1088,229,-116,-12568,-7244,7340,-767,178,-69,0
3310.9080469608307,5284,8024,12112,-161,-134,173,4996,-9248,11492,5,122,-180,-12364,4452,7732,-1002,95,-92,-12556,-7244,7320,-488,189,-48,0
3310.94331407547,5268,8076,12284,-212,-129,156,5100,-9228,11412,-24,138,-207,-12412,4400,7480,-988,158,-94,-12540,-7260,7344,-483,193,-54,0
3310.978241920471,5124,7708,12248,-217,-127,141,5120,-9216,11444,-19,129,-208,-12312,4536,7696,-981,149,-105,-12500,-7216,7416,-480,195,-93,0
3311.014344930649,5404,8024,12204,-190,-161,168,5004,-9284,11096,23,112,-227,-12416,4544,7792,-988,143,-175,-12504,-7384,7672,-489,223,-50,0
3311.0498740673065,5380,7972,12048,-176,-153,163,5064,-9000,11396,60,152,-204,-12432,4464,7676,-957,158,-94,-12340,-7212,7404,-481,222,-72,0
3311.086574077606,5512,8020,12096,-170,-131,155,4960,-9164,11320,36,112,-194,-12436,4452,7764,-961,161,-147,-12308,-7200,7360,-471,185,-65,0
3311.1201050281525,5332,8068,12040,-212,-142,151,5040,-9464,11384,39,117,-207,-12396,4520,7728,-977,242,-113,-12568,-7188,7372,-469,183,-77,0
3311.153319120407,5432,8060,12284,-222,-128,170,5008,-9120,11408,16,115,-189,-12448,4456,7792,-966,142,-91,-12472,-7176,7200,-472,177,-77,0
3311.186954975128,5384,7760,12016,-205,-136,149,5100,-9164,11364,5,150,-197,-12516,4536,7692,-988,126,-92,-12720,-7288,7400,-471,194,-54,0
3311.220319032669,5460,8032,12036,-220,-136,144,5100,-9092,11264,255,109,-213,-12436,4408,7736,-975,182,-149,-12580,-7232,7376,-446,174,-80,0
3311.2534461021423,5456,8044,12076,-202,-97,116,4992,-9168,11420,-10,140,-180,-12480,4464,7940,-1007,168,-99,-12792,-7080,7284,-480,167,-130,0
3311.2871239185333,5420,7904,12188,-175,-60,126,5060,-9228,11424,-3,107,-192,-12328,4456,7704,-1032,100,-79,-12296,-6964,7244,-509,165,-142,0
3311.320578098297,5436,7976,12268,-167,-63,100,5016,-9176,11380,249,132,-160,-12380,4420,7752,-1028,114,-74,-12612,-7240,7260,-470,140,-160,0
3311.3540189266205,5420,7964,12112,-129,-6,49,5372,-9180,11452,-88,164,-157,-12480,4424,7936,-981,99,-75,-12580,-7256,7348,-462,135,-143,0
3311.387540102005,5496,8076,12056,-177,249,47,5116,-9308,11344,-28,138,-157,-12472,4504,7780,-1002,80,-105,-12656,-7096,7284,-472,166,-169,0
3311.4208900928497,5476,7964,12104,-132,41,73,5068,-9156,11304,-46,150,-157,-12492,4424,7820,-988,87,-46,-12792,-7188,7368,-503,114,-172,0
3311.4541981220245,5452,8052,12284,-110,59,100,4876,-9104,11008,-71,142,-114,-12488,4484,7792,-989,115,-253,-12404,-7016,7632,-497,89,-153,0
3311.4877350330353,5528,7996,12168,-156,57,68,4976,-9220,11292,-86,196,-159,-12328,4408,7448,-1271,123,-59,-12424,-7252,7352,-491,138,-148,0
3311.52116894722,5580,8036,12208,-168,42,42,4996,-9172,11392,-80,154,-170,-12412,4408,7776,-975,53,-79,-12484,-7212,7328,-526,163,-132,0
3311.554780960083,5352,8028,12100,-135,38,60,5072,-8992,11440,-46,161,-162,-12420,4504,7720,-990,103,-93,-12476,-7088,7312,-761,171,-133,0
3311.5883879661565,5388,7720,12124,-160,-30,80,5064,-9088,11460,-48,115,-199,-12392,4472,7772,-983,127,-32,-12532,-7148,7316,-498,172,-107,0
3311.6218700408936,5564,8152,12144,-164,-251,75,4996,-9160,11372,-80,130,-189,-12476,4372,7740,-1003,120,-65,-12664,-7192,7264,-476,137,-143,0
3311.6552441120148,5120,7968,12192,-138,25,60,5112,-9236,11052,-61,141,-166,-12484,4536,7780,-992,93,-89,-12552,-7252,7372,-484,119,-147,0
3311.6885521411896,5248,8028,12220,-177,34,48,4952,-9196,11384,-56,179,-173,-12464,4588,7844,-997,75,-75,-12312,-7132,7312,-573,153,-178,0
3311.722156047821,5564,8032,12032,-129,-5,72,5368,-9284,11484,-36,139,-164,-12556,4344,7784,-981,71,-16,-12524,-7292,7276,-488,153,-165,0
3311.7555389404297,5356,8044,12140,-158,-25,50,5008,-9216,11368,-68,157,-153,-12512,4484,7724,-1018,86,-2,-12292,-7196,7212,-482,130,-159,0
3311.789104938507,5212,8032,12124,-164,253,52,5104,-9196,11272,-76,151,-162,-12500,4528,7892,-978,55,-56,-12796,-6952,7300,-487,116,-159,0
3311.8226721286774,5320,8140,12216,-166,-255,53,5056,-9168,11204,-66,168,-125,-12480,4352,7744,-994,78,-72,-12316,-7296,7648,-476,154,-135,0
3311.8561570644374,5312,7936,12212,-139,27,82,4972,-9240,11484,-58,170,-144,-12508,4584,7488,-1008,71,-32,-12648,-7140,7296,-479,113,-128,0
3311.889629125595,5248,8052,12084,-155,-14,65,5004,-9328,11360,-59,155,-164,-12500,4516,7956,-997,55,-48,-12500,-7360,7376,-498,148,-157,0
3311.923299074173,5116,8084,12160,-154,-40,88,5084,-9380,11332,-73,189,-171,-12396,4516,7840,-983,82,-57,-12504,-7160,7328,-485,147,-115,0
3311.9568450450897,5308,8068,12136,-148,-11,79,4900,-9304,11504,-49,157,-165,-12444,4524,7656,-995,70,-114,-12508,-7232,7432,-504,160,-116,0
3311.990369081497,5332,8060,12216,-166,-62,87,5020,-9132,11348,-75,155,-197,-12508,4468,7820,-983,83,-86,-12584,-7236,7396,-472,152,-119,0
3312.0237340927124,5424,7976,12032,-168,-19,88,5040,-9468,11308,-78,172,-155,-12508,4508,7788,-994,77,-31,-12456,-7140,7648,-478,88,-104,0
3312.0572490692134,5396,8096,11984,-174,-15,72,4972,-9264,11416,-54,151,-173,-12480,4852,8108,-966,-52,-51,-12628,-7184,7380,-511,116,-130,0
3312.0951359272003,5220,8020,12156,-169,-55,77,5104,-9384,11484,-20,169,-165,-12376,4492,7724,-1038,45,-81,-12304,-7248,7620,-506,128,-160,0
3312.1323580741882,5272,8108,12220,-148,-32,84,5020,-9224,11444,-90,156,-160,-12444,4448,7916,-1004,72,-70,-12800,-7348,7232,-467,142,-155,0
3312.1674571037292,5216,8108,12268,-194,-70,51,4928,-9288,11308,-50,184,-186,-12424,4540,7768,-1004,46,-65,-12512,-7236,7320,-476,126,-146,0
3312.203449010849,5252,7964,12124,-170,-57,67,4996,-9192,11376,-66,154,-159,-12488,4556,7764,-1029,65,-37,-12788,-7280,7304,-496,129,-112,0
3312.239242076874,5192,8044,12064,-145,-7,98,4984,-9264,11320,-55,149,-125,-12480,4484,7560,-1012,47,-58,-12488,-7276,7336,-487,106,-140,0
3312.274961948395,5216,8112,12176,-150,4,74,4960,-9224,11732,-81,179,-124,-12364,4508,7844,-1020,79,-91,-12540,-7296,7288,-472,105,-143,0
3312.3104259967804,5260,8076,12080,-163,-47,61,4908,-9316,11280,-43,187,-171,-12424,4472,7672,-997,82,-48,-12528,-7280,7304,-508,146,-118,0
3312.3460919857025,5244,8116,12244,-149,-51,87,5004,-9268,11272,-52,161,-189,-12464,4516,7924,-992,85,-116,-12444,-7412,7328,-500,145,-133,0
3312.3818459510803,5108,8116,12084,-170,-90,123,4996,-9164,11360,-42,120,-184,-12488,4456,7880,-1008,120,-98,-12452,-7168,7316,-482,174,-117,0
3312.4181640148163,5404,8024,12092,-162,-72,103,4916,-9228,11504,-57,129,-165,-12336,4504,7768,-986,121,-67,-12504,-7196,7304,-502,153,-125,0
3312.4537601470947,5292,8148,12104,-182,-34,90,4964,-9296,11400,-62,135,-160,-12428,4528,8028,-1000,87,-88,-12584,-7244,7368,-510,151,-126,0
3312.4892480373383,5356,8040,12060,-160,-28,75,5100,-9288,11212,-45,167,-149,-12296,4576,7608,-958,33,-40,-12740,-7324,7280,-497,139,-113,0
3312.524912118912,5280,8132,12060,-143,-64,98,4984,-9140,11592,-29,176,-165,-12348,4460,7808,-1021,71,-60,-12524,-7316,7268,-516,141,-146,0
3312.5604190826416,5204,8116,12172,-171,-83,97,4940,-9300,11224,-64,144,-175,-12412,4476,7860,-982,61,-43,-12592,-7256,7372,-506,134,-116,0
3312.595766067505,5156,8020,12224,-158,-92,84,5064,-9380,11444,-53,168,-188,-12516,4504,7760,-999,68,-85,-12528,-7288,7256,-492,176,-131,0
3312.631763935089,5268,8124,11948,-164,-100,129,4960,-8988,11048,-22,132,-180,-12404,4560,7940,-1021,82,-118,-12528,-7336,7664,-488,156,-109,0
3312.667719125748,5216,8092,11832,-169,-125,123,5040,-9356,11340,-38,116,-176,-12348,4488,7892,-990,85,-81,-12544,-7304,7340,-482,167,-80,0
3312.702847957611,5208,8060,11992,-139,-152,151,4908,-9168,11412,-22,109,-187,-12432,4528,7844,-978,118,-156,-12388,-7292,7332,-500,165,-79,0
3312.7376179695134,5224,8360,12252,-173,-119,136,4968,-9392,11412,-23,112,-199,-12496,4468,7836,-1008,101,-124,-12456,-7252,7260,-511,208,-64,0
3312.773765087128,5280,8080,12088,-183,-138,153,4900,-9108,11272,-27,146,-195,-12464,4600,7824,-981,113,-92,-12612,-7412,7260,-505,199,-75,0
3312.807382106781,5248,8140,12160,-191,-123,145,4888,-9216,11392,-15,129,-187,-12424,4500,7908,-984,126,-97,-12408,-7296,7388,-471,184,-99,0
3312.84077501297,5340,8180,12204,-221,-127,138,5004,-9340,11452,-35,86,-196,-12368,4520,7728,-986,131,-112,-12684,-7340,7436,-453,171,-61,0
3312.8742749691014,5288,8172,12084,-241,-66,117,5016,-9056,11408,-17,101,-201,-12512,4544,7700,-1006,179,-100,-12460,-7396,7404,-442,178,-80,0
3312.907716035843,5332,8096,12212,-191,-61,163,5036,-9296,11340,-255,104,-180,-12428,4596,7596,-1029,172,-122,-12624,-7196,7300,-489,163,-78,0
3312.9410099983215,5264,8076,12220,-4,-115,156,5008,-9276,11392,-255,48,-213,-12420,4548,7784,-1011,136,-110,-12508,-7236,7332,-488,217,-66,0
3312.9744529724126,5300,8076,12076,-240,-135,190,4944,-8968,11432,246,67,-208,-12392,4340,7744,-948,22,-114,-12652,-7228,7268,-492,168,-89,0
3313.0080790519714,5276,8092,12084,-223,-134,124,4940,-9192,11464,-44,104,-212,-12416,4452,8136,-989,100,-134,-12540,-7260,7616,-498,201,-81,0
3313.0417160987854,5348,8116,12204,-245,-122,100,4948,-9320,11492,-17,89,-232,-12436,4580,7700,-962,91,-124,-12696,-7212,7408,-487,203,-23,0
3313.0751979351044,5380,8056,12196,-234,-90,143,4964,-9188,11396,-25,108,-195,-12476,4532,7700,-987,86,-78,-12676,-7124,7360,-502,169,-56,0
3313.108721971512,5368,8092,12028,-179,-91,157,4980,-9168,11420,-31,100,-157,-12452,4560,7676,-977,109,-55,-12312,-7272,7180,-488,165,-120,0
3313.142354011536,5336,8080,12240,-200,-95,128,5000,-9240,11420,1,97,-172,-12496,4496,7724,-985,66,-93,-12544,-7424,7300,-490,195,-99,0
3313.175817966461,5164,8016,12172,-214,-128,125,5040,-9224,11396,-11,139,-202,-12412,4520,7736,-964,131,-143,-12736,-7220,7360,-487,198,-57,0
3313.209305047989,5352,8128,12072,-183,-139,148,5096,-8992,11360,-14,135,-237,-12404,4528,7528,-1002,128,-135,-12616,-7216,7300,-523,213,-75,0
3313.242958068848,5308,8092,12020,-212,-206,145,5100,-9224,11224,-5,120,-230,-12476,4404,7928,-1031,170,-136,-12556,-7224,7404,-496,202,-41,0
3313.276549100876,5328,8080,12232,-160,-165,153,5108,-9188,11280,-27,93,-236,-12464,4404,7752,-1034,215,-94,-12580,-7196,6924,-448,168,-57,0
3313.310060977936,5312,8108,11840,-175,-164,142,5340,-9204,11352,-31,111,-184,-12592,4416,7684,-1015,170,-132,-12556,-7392,7320,-449,135,-102,0
3313.3434369564056,5316,7980,12156,-167,-132,104,5028,-9304,11312,-20,115,-202,-12472,4480,7664,-1037,103,-134,-12628,-6920,7348,-498,163,-106,0
3313.3769879341125,5348,8048,12052,-147,-144,108,5164,-9128,11280,-19,162,-179,-12460,4452,7816,-1020,104,-49,-12556,-7220,7328,-518,124,-110,0
3313.410243034363,5272,8036,12160,-165,-86,83,5104,-9244,11400,-70,128,-189,-12468,4568,7488,-1010,112,-70,-12628,-7256,7268,-498,109,-106,0
3313.4438071250916,5360,8008,12148,-150,-69,80,5124,-9220,11420,-70,141,-170,-12412,4452,7780,-773,103,-61,-12788,-7228,7240,-519,126,-136,0
3313.4772269725804,5324,8068,12008,-145,-49,58,5044,-9240,11328,-64,148,-155,-12400,4516,7740,-1008,104,-87,-12744,-7184,6928,-258,112,-148,0
3313.5106649398804,5404,8052,12120,-128,-30,81,4996,-9184,11560,-51,148,-129,-12492,4480,7900,-1004,76,-7,-12508,-7176,7260,-262,140,-165,0
3313.544158935547,5292,8096,12084,-120,-3,85,5008,-9256,11740,-40,147,-166,-12376,4576,7880,-769,71,-48,-12324,-7276,7632,-534,115,-127,0
3313.577644109726,5264,8060,12072,-137,-27,56,4956,-9208,11336,-56,152,-173,-12380,4404,7716,-1001,109,-72,-12612,-7284,7212,-497,116,-135,0
3313.611263036728,5284,8004,12128,-159,-82,71,5016,-9248,11524,-84,134,-175,-12400,4504,7872,-987,93,-87,-12612,-7200,7348,-767,105,-157,0
3313.64443397522,5384,8108,12176,-176,-16,68,5028,-9184,11404,-95,168,-149,-12488,4544,7744,-984,78,240,-12580,-7108,7384,-489,54,-165,0
3313.6780700683594,5276,8068,12120,-121,-7,76,5072,-9316,11284,-62,152,-119,-12480,4560,7700,-1013,63,3,-12504,-7168,7256,-524,57,-152,0
3313.711702108383,5544,8012,11904,-113,-24,76,4924,-9136,11444,-77,157,-139,-12388,4440,7804,-992,87,-48,-12580,-7316,7352,-532,103,-156,0
3313.7452499866486,5236,8360,11816,-157,-42,71,4960,-9444,11652,-64,156,-145,-12460,4396,7956,-966,-239,-21,-12692,-7264,7268,-493,73,-155,0
3313.778855085373,5256,8028,11976,-153,-52,65,5044,-9348,11448,-82,196,-154,-12580,4592,7896,-968,62,-31,-12476,-7328,7220,-499,108,-163,0
3313.8160450458527,5276,8072,12176,-144,-66,56,5088,-9276,11388,-70,167,-162,-12488,4516,7528,-961,64,-43,-12644,-7204,7308,-499,118,-119,0
3313.851725101471,5316,8056,12212,-107,-27,79,5084,-9240,11380,-82,151,-130,-12524,4548,7828,-942,27,-21,-12596,-7300,7344,-489,66,-142,0
3313.8873879909515,5256,8032,12272,-116,-10,55,4896,-9256,11340,-70,162,-122,-12392,4404,7844,-941,53,233,-12452,-7332,7336,-476,19,-171,0
3313.922861099243,5224,8068,12324,-150,12,45,4948,-9272,11248,-62,160,-132,-12372,4572,7696,-949,38,-39,-12432,-7228,7292,-465,59,-159,0
3313.9583070278168,5284,8204,12176,-123,-14,76,5000,-9232,11312,-41,166,-157,-12512,4548,7860,-939,60,-79,-12492,-7232,7288,-477,105,-156,0
3313.9934890270233,5280,8104,12308,-143,-48,57,4988,-9316,11400,-41,159,-196,-12376,4512,7808,-929,116,-40,-12556,-7212,7292,-483,141,-130,0
3314.0292670726776,5240,8160,12156,-128,-79,82,5028,-9328,11444,-59,118,-209,-12364,4568,7752,-966,107,-76,-12516,-7316,7276,-484,88,-109,0
3314.0640740394592,5276,8320,12044,-150,-87,109,5052,-9236,11396,-54,131,-162,-12452,4640,7888,-957,121,-75,-12568,-7340,7528,-458,73,-118,0
3314.0991640090942,5268,8196,12168,-157,-42,76,5096,-9256,11272,-52,147,-175,-12412,4660,7892,-966,141,-45,-12740,-7180,7316,-495,75,-143,0
3314.1348040103912,5300,8248,12208,-117,-53,100,5108,-9284,11436,-46,131,-164,-12372,4532,8104,-970,115,-47,-12560,-7320,7516,-465,43,-148,0
3314.180139064789,5232,8240,12140,-128,-49,84,4980,-9260,11452,-85,132,-166,-12472,4548,7992,-968,111,-19,-12508,-7236,7356,-507,82,-141,0
3314.2268769741054,5204,8420,12164,-151,-93,86,5048,-9316,11216,-77,104,-177,-12440,4512,7696,-773,106,-80,-12496,-7300,7216,-510,85,-116,0
3314.271469116211,5284,8204,12048,-117,-81,106,4904,-9372,11292,-64,107,-181,-12396,4460,7460,-993,119,-100,-12480,-7248,7356,-493,108,-109,0
3314.3076181411743,5284,8176,12048,-127,-89,105,5036,-9280,11384,-43,108,-200,-12440,4364,7928,-985,104,-105,-12468,-7252,7628,-506,132,-99,0
3314.342833995819,5192,8148,12208,-132,-107,138,4992,-9328,11316,-53,103,-206,-12376,4432,7800,-1000,121,-103,-12416,-7260,7312,-495,141,-75,0
3314.3779430389404,5124,8184,12056,-138,-149,157,5148,-9440,11168,-155,183,-191,-12436,4672,7708,-1040,35,-127,-12416,-7244,7180,-763,143,-108,0
3314.413530111313,5284,8032,11780,-152,-162,157,4976,-9368,11424,-57,92,-211,-12404,4440,7800,-998,50,-136,-12528,-7300,7356,-459,160,-104,0
3314.450091123581,5296,8204,12144,-162,-181,168,5036,-9364,11372,-72,96,-206,-12360,4604,7704,-975,90,-148,-12488,-7212,7500,-498,152,-98,0
3314.483808040619,5296,8128,12044,-164,-162,157,5052,-9388,11292,-52,96,-211,-12452,4596,7748,-1011,106,-98,-12512,-7232,7188,-498,190,-75,0
3314.5173449516296,5276,8080,12036,-221,-225,182,5036,-9240,11308,7,78,-201,-12388,4552,7880,-1072,96,-128,-12492,-7292,7500,-509,248,-92,0
3314.5506999492645,5396,8224,12056,-215,-170,184,5000,-9288,11624,15,100,-217,-12472,4516,7672,-1027,69,-109,-12472,-7328,7436,-451,208,-84,0
3314.5841751098633,5272,8176,12224,-201,-179,161,5084,-9372,11236,-7,124,-204,-12424,4512,7872,-977,51,-135,-12516,-7296,7252,-449,228,-68,0
3314.6176810264587,5380,8156,12188,-264,-218,170,5056,-9316,11372,-9,116,-226,-12316,4544,7748,-988,96,-202,-12552,-7192,7288,-469,244,-48,0
3314.6508889198303,5624,8052,11984,-213,-194,188,5104,-9276,11292,-11,111,-189,-12388,4540,7880,-1003,69,-86,-12520,-7340,7380,-497,194,-91,0
3314.684356927872,5336,8092,11952,-203,-209,187,5000,-9204,11420,9,137,-187,-12344,4588,7900,-1019,106,-87,-12504,-7260,7268,-481,162,-130,0
3314.7179470062256,5336,8100,12028,-202,-134,181,5008,-9272,11352,18,114,-197,-12456,4492,8016,-989,118,-123,-12532,-7216,7360,-483,167,-89,0
3314.751219034195,5320,8076,12052,-232,-148,149,5072,-9276,11404,18,156,-198,-12380,4452,7912,-1014,142,-129,-12656,-7272,7524,-465,231,-72,0
3314.7847299575806,5320,8156,12236,-215,-141,164,5048,-9332,11424,51,109,-9,-12388,4536,7660,-991,175,-114,-12412,-7264,7220,-481,269,-78,0
3314.818114042282,5292,8068,12168,-262,-194,159,5348,-9436,11360,59,109,-265,-12480,4488,7844,-1000,219,-172,-12512,-7132,7320,-492,264,-47,0
3314.8516800403595,5124,8164,12172,-244,-171,174,5072,-9172,11300,5,100,-221,-12484,4536,7772,-1002,212,-153,-12552,-7232,7404,-452,227,-63,0
3314.8849821090694,5180,8076,12156,-238,-140,160,5004,-9248,11576,-251,129,-229,-12460,4556,7812,-994,178,-123,-12340,-7292,7472,-441,171,-74,0
3314.9185929298405,5236,8144,12148,-221,-143,166,5012,-9356,11460,15,156,-200,-12396,4416,7648,-771,173,-99,-12548,-7248,7368,-462,191,-68,0
3314.9518649578094,5284,8052,12088,-222,-126,144,5164,-9352,11416,-7,109,-219,-12484,4360,7692,-1014,141,-89,-12588,-7160,7216,-463,195,-89,0
3314.9851720333095,5144,8092,12212,-228,-102,131,5028,-9084,11456,6,125,-193,-12412,4560,7756,-993,123,-120,-12800,-7212,7508,-462,181,-91,0
3315.0188920497894,5172,8032,12204,-211,-100,93,5184,-9364,11536,-15,147,-200,-12488,4556,7760,-779,94,-107,-12620,-7212,7280,-457,180,-125,0
3315.0523159503937,5464,8092,12156,-189,-84,88,5100,-9312,11412,-4,168,-174,-12412,4544,7764,-998,53,-37,-12564,-7408,7344,-487,115,-140,0
3315.085724115372,5448,8104,11808,-155,-49,83,5080,-9248,11360,-45,178,-167,-12408,4808,7864,-994,97,-30,-12764,-7188,7304,-450,106,-160,0
3315.119122982025,5516,8160,12040,-138,-26,86,5044,-9396,11416,-8,138,-127,-12452,4488,7888,-1009,96,-81,-12472,-7244,7348,-470,126,-122,0
3315.152050971985,5344,8124,12084,-139,-20,78,5036,-9200,11480,-30,147,-155,-12328,4472,7812,-1000,110,-58,-12576,-7208,7352,-478,121,-143,0
3315.1855189800262,5404,8192,12212,-159,-12,77,5048,-9180,11476,-57,169,-163,-12420,4464,7752,-1005,90,-45,-12484,-7200,7396,-477,157,-129,0
3315.2193081378937,5324,8156,12172,-167,-2,63,4992,-9244,11368,-71,164,-156,-12420,4500,7908,-974,53,-38,-12580,-7188,7268,-483,110,-130,0
3315.2525689601894,5432,8020,12172,-146,14,80,5128,-9276,11140,-40,149,-152,-12460,4504,7756,-769,72,-88,-12452,-7252,7400,-528,79,-169,0
3315.286042928696,5452,8156,11948,-174,-254,87,5260,-9168,11524,-19,154,-141,-12344,4460,7940,-1037,71,228,-12444,-7204,7244,-491,85,-172,0
3315.319575071335,5320,8252,12020,-157,15,58,5044,-9332,11380,-42,195,-130,-12372,4468,7544,-1017,50,-17,-12308,-7248,7424,-475,49,-185,0
3315.3529160022736,5320,8156,12140,-150,45,17,5060,-9284,11288,-64,182,-130,-12360,4588,7772,-1013,41,-24,-12780,-7208,7292,-472,98,-169,0
3315.3861341476445,5292,8144,12076,-189,-26,31,5040,-9004,11436,-57,137,-176,-12388,4496,7796,-967,59,-70,-12596,-7276,7284,-496,135,-140,0
3315.4199669361115,5376,8104,12044,-147,23,89,5132,-9188,11344,-52,165,-143,-12484,4564,7852,-978,15,-57,-12800,-7404,7256,-487,115,-161,0
3315.453411102295,5312,8128,12124,-143,37,70,5044,-9288,11332,-73,159,-129,-12328,4472,7764,-992,61,244,-12296,-7284,7328,-481,95,-173,0
3315.490216970444,5280,8072,12128,-173,60,84,4996,-9328,11408,-60,170,-155,-12364,4528,7884,-969,47,-65,-12292,-7240,7300,-509,82,-165,0
3315.5253150463104,5232,8120,12088,-165,3,73,4960,-9276,11352,-22,181,-132,-12376,4552,7824,-979,55,-66,-12584,-7336,7324,-513,113,-175,0
3315.560961961746,5560,8132,12056,-176,3,73,5048,-9380,11384,-32,184,-167,-12348,4552,7820,-985,76,-91,-12428,-7276,7312,-517,153,-121,0
3315.597156047821,5240,8140,11784,-193,8,73,5036,-9248,11360,-57,223,-199,-12332,4536,7676,-989,129,-83,-12540,-7224,7356,-527,179,-119,0
3315.632334947586,5264,8216,12188,-189,19,83,5064,-9304,11416,-51,160,-159,-12456,4576,7944,-952,105,-35,-12576,-7300,7284,-259,140,-132,0
3315.668060064316,5224,8124,12080,-175,-2,99,5056,-9368,11400,-60,157,-156,-12524,4440,7816,-949,79,-100,-12500,-7180,7384,-520,151,-141,0
3315.7035279273987,5428,8100,12124,-170,15,96,5012,-9224,11084,-46,140,-161,-12460,4472,7924,-995,101,-45,-12520,-7248,7304,-524,148,-142,0
3315.7392749786377,5164,7944,12048,-184,-4,85,4948,-9312,11416,-85,142,-160,-12344,4508,7780,-1005,92,-58,-12492,-7316,7336,-517,113,-154,0
3315.7749769687653,5172,8072,11976,-196,253,63,4988,-9316,11476,-84,155,-170,-12376,4576,7896,-1001,67,-98,-12336,-7400,7340,-528,147,-165,0
3315.810699939728,5360,8104,12268,-168,-27,62,5024,-9320,11388,-72,136,-153,-12416,4532,7900,-967,65,-34,-12292,-7288,7212,-261,108,-117,0
3315.845482110977,5228,8104,12092,-184,7,79,4872,-9256,11340,-61,170,-151,-12356,4544,7900,-973,106,-61,-12400,-7308,7180,-535,157,-119,0
3315.8813729286194,5304,8232,12060,-191,-27,119,4956,-9252,11400,-73,154,-179,-12464,4352,7892,-1114,57,-10,-12516,-7304,7156,-519,185,-113,0
3315.917587041855,5192,8260,12264,-165,-60,115,4984,-9340,11364,-69,113,-169,-12464,4552,7740,-1058,111,-59,-12420,-7244,7268,-521,186,-130,0
3315.9526331424713,5348,8124,12024,-148,-37,120,5056,-9292,11340,-45,156,-194,-12280,4492,7696,-993,55,-63,-12508,-7316,7260,-472,184,-136,0
3315.988151073456,5212,8200,12136,-165,-43,78,4988,-9304,11036,-78,154,-183,-12408,4600,7824,-978,58,-86,-12512,-7248,7328,-490,140,-146,0
3316.0233240127563,5340,8152,12080,-192,-22,97,5024,-9276,11440,-59,177,-153,-12444,4536,7828,-980,59,-25,-12308,-7056,7320,-489,133,-119,0
3316.0584831237793,5284,8184,12232,-203,-45,95,5104,-9336,11348,-2,167,-140,-12412,4644,7952,-1059,83,-123,-12552,-7268,7300,-507,190,-136,0
3316.0940251350403,5172,8256,12184,-200,-70,134,5012,-9280,11328,-21,160,-199,-12412,4492,7904,-1047,120,-111,-12464,-7412,7528,-486,188,-92,0
3316.130028963089,5172,7940,12268,-208,-75,84,5000,-9248,11404,-57,161,-197,-12488,4600,7972,-997,88,-115,-12568,-7272,7228,-482,189,-80,0
3316.1635460853577,5236,8192,12176,-213,-104,76,4924,-9292,11308,-69,162,-223,-12436,4712,7772,-1022,136,-120,-12500,-7372,7300,-485,220,-88,0
3316.1971039772034,5324,8116,12232,-181,-126,139,5020,-9296,11416,-36,146,-193,-12376,4592,7748,-980,103,-95,-12468,-7292,7328,-270,159,-84,0
3316.2305960655212,5172,8112,12060,-173,-129,161,4916,-9180,11512,11,138,-176,-12336,4464,7524,-1001,136,-112,-12424,-7312,7300,-491,151,-87,0
3316.264186143875,5132,8112,12152,-206,-143,153,4936,-9304,11464,16,159,-173,-12404,4560,7924,-987,142,-143,-12480,-7236,7388,-477,187,-80,0
3316.2977430820465,5228,8108,11988,-231,-154,163,5028,-9352,11304,41,155,-207,-12444,4456,7900,-981,131,-166,-12552,-7308,7092,-604,332,-100,0
3316.331211090088,5312,8120,12140,-247,-149,186,5000,-9468,11048,97,114,-240,-12364,4484,7668,-1006,222,-125,-12500,-7140,7312,-487,229,-76,0
3316.364753007889,5388,8120,12036,-240,-241,203,5012,-9420,11032,61,98,-225,-12376,4660,7648,-999,215,-116,-12556,-7412,7308,-488,251,-56,0
3316.3981420993805,5400,8104,12104,-209,-253,199,4912,-9296,11508,41,70,-222,-12476,4608,7868,-1003,231,-150,-12592,-7356,7312,-468,235,-21,0
3316.4317131042485,5372,8148,12152,-241,-239,209,5064,-9120,11428,18,116,-195,-12532,4584,7788,-1041,220,-91,-12612,-7340,7596,-482,182,-79,0
3316.465404033661,5308,8404,12228,-226,-170,171,4956,-9196,11464,-252,144,-217,-12392,4488,7832,-943,149,-104,-12476,-7188,7284,-497,191,-51,0
3316.4987981319427,5164,8176,12128,-214,-175,171,4928,-9284,11324,44,143,-225,-12496,4592,7716,-1035,190,-85,-12308,-7336,7276,-450,201,-57,0
3316.5322620868683,5232,8088,12040,-192,-154,166,5048,-9472,11344,-9,97,-233,-12364,4616,7832,-1080,198,-142,-12560,-7296,7168,-456,165,-65,0
3316.5657961368565,5340,8084,12152,-193,-169,137,4980,-9260,11404,17,97,-220,-12520,4576,7900,-976,71,-136,-12588,-7260,7172,-515,150,-107,0
3316.599466085434,5288,8108,12100,-229,-195,116,4960,-9244,11344,89,119,-209,-12384,4488,7772,-991,169,-121,-12580,-7276,7300,-490,184,-67,0
3316.6326689720154,5356,8324,12192,-235,-199,179,4988,-9400,11264,44,180,-226,-12340,4516,7604,-946,149,-81,-12756,-7280,7312,-452,170,-56,0
3316.6660730838776,5444,8088,11860,-212,-117,129,5364,-9408,11412,16,136,-200,-12484,4524,7848,-955,138,-74,-12540,-7336,7332,-465,149,-80,0
3316.6998720169067,5424,8192,11836,-222,-131,138,5088,-9228,11352,22,130,-198,-12480,4544,7752,-968,126,-121,-12600,-7212,7312,-478,148,-52,0
3316.7332680225372,5428,8068,12104,-213,-117,180,5020,-9176,11424,6,80,-191,-12420,4496,7688,-970,185,-70,-12596,-7252,7384,-493,113,-80,0
3316.7669661045074,5528,8044,12028,-173,-52,148,5072,-9192,11360,13,102,-133,-12492,4828,7932,-1033,182,-31,-12628,-7252,7284,-479,108,-99,0
3316.800488948822,5412,8040,11936,-155,-71,148,5056,-8984,11712,-18,72,-141,-12744,4480,7824,-1007,155,-15,-12316,-7268,7316,-496,132,-138,0
3316.8338570594788,5392,8164,12028,-169,-37,77,5060,-9216,11372,-38,126,-145,-12500,4532,7880,-1029,111,-57,-12636,-7316,7076,-497,147,-158,0
3316.8674881458282,5388,8084,12024,-175,-52,79,5056,-9312,11372,-70,177,-163,-12380,4448,7724,-982,73,-112,-12768,-7332,7276,-464,169,-162,0
3316.9008359909058,5412,8036,12072,-175,-45,37,5068,-9052,11460,-38,187,-182,-12472,4560,7900,-1012,93,-86,-12376,-7192,7276,-466,167,-146,0
3316.9343140125275,5352,8048,12044,-193,-80,63,5000,-9300,11392,-72,180,-213,-12480,4660,7720,-1000,99,-57,-12628,-7284,7296,-479,201,-129,0
3316.967880010605,5364,8068,12276,-171,-48,68,5056,-9060,11296,-71,161,-161,-12428,4556,7584,-994,111,-43,-12600,-7240,7172,-475,155,-147,0
3317.001398086548,5244,8112,12076,-161,-18,84,4968,-9316,11444,-85,162,-173,-12404,4568,7700,-996,87,-77,-12588,-7220,7232,-463,134,-170,0
3317.035054922104,5340,8084,12032,-170,-23,74,5004,-9208,11332,-74,170,-165,-12536,4560,7636,-1005,85,-74,-12376,-7284,7380,-484,144,-125,0
3317.0688130855565,5340,8220,12088,-175,-14,85,4964,-9188,11240,-59,178,-146,-12384,4580,7792,-1005,114,224,-12700,-7348,7336,-492,97,-141,0
3317.1049020290375,5356,8092,12092,-169,7,99,4992,-9328,11392,-76,112,-142,-12516,4656,7816,-1001,113,2,-12560,-7236,7268,-485,109,-147,0
3317.1385130882263,5312,8064,12176,-176,-244,103,4928,-9216,11288,-75,132,-144,-12496,4576,7696,-1016,61,-39,-12524,-7304,7208,-460,114,-137,0
3317.176101922989,5348,8096,11952,-162,-11,92,5064,-9000,11728,-47,145,-140,-12464,4532,7768,-969,42,-22,-12592,-7404,7320,-463,109,-141,0
3317.211833000183,5344,8160,12208,-183,-5,73,5028,-9280,11352,-48,187,-153,-12500,4552,7748,-989,48,-88,-12620,-7232,7312,-485,122,-163,0
3317.2478871345525,5432,8040,12140,-168,14,43,4956,-9160,11292,-52,219,-160,-12408,4568,7428,-986,62,-45,-12552,-7244,7196,-483,137,-148,0
3317.283821105957,5348,8136,12172,-171,-18,54,4904,-9260,11436,-49,216,-133,-12324,4564,7440,-1278,54,-34,-12540,-7220,7404,-486,93,-143,0
3317.319477081299,5300,8156,12312,-189,15,59,4916,-9300,11412,-14,195,-168,-12536,4356,7728,-902,-133,-81,-12480,-7228,7280,-489,124,-159,0
3317.3544239997864,5300,8144,12120,-168,-253,70,4964,-9240,11432,-36,182,-149,-12468,4648,7792,-1000,55,-40,-12664,-7264,7176,-490,112,-182,0
3317.3902671337128,5256,8084,12052,-168,-23,82,5044,-8984,11312,-46,166,-126,-12420,4360,7832,-1017,80,-63,-12620,-7256,7524,-490,133,-141,0
3317.425488948822,5292,8076,12208,-139,-36,83,5016,-9332,11396,-4,173,-141,-12416,4480,7860,-769,83,-41,-12524,-7300,7264,-486,131,-136,0
3317.4613411426544,5276,8132,12276,-168,-42,86,4912,-9304,11448,-41,179,-179,-12432,4504,7904,-997,103,-79,-12524,-7308,7308,-506,125,-145,0
3317.4976220130925,5296,8032,12016,-141,-36,122,4956,-9208,11336,-42,146,-167,-12376,4800,7728,-1029,70,-71,-12700,-7224,7304,-487,149,-134,0
3317.5329101085663,5232,8064,12216,-151,-47,95,4904,-9224,11512,-34,152,-150,-12444,4548,7724,-999,108,-95,-12628,-7252,7312,-481,155,-150,0
3317.5688130855565,5340,8176,12272,-172,-47,79,5036,-9276,11400,-68,178,-198,-12372,4528,7808,-982,111,-121,-12520,-7184,7348,-477,142,-132,0
3317.604480981827,5284,8116,12232,-166,-29,105,4904,-9092,11300,-65,183,-163,-12540,4576,7760,-966,64,-63,-12452,-7312,7232,-495,120,-123,0
3317.6402220726013,5268,8100,12024,-195,-33,92,5000,-9256,11380,18,163,-183,-12392,4352,7908,-1047,69,-66,-12480,-7268,7276,-530,159,-135,0
3317.6751010417934,5268,8260,12076,-205,-65,116,4768,-9060,11500,-19,195,-154,-12400,4560,7700,-1021,43,-33,-12520,-7408,7336,-477,126,-87,0
3317.710706949234,5368,8136,12104,-190,-48,69,5040,-9308,11388,-87,150,-161,-12484,4576,7848,-983,81,-93,-12788,-7324,7408,-492,149,-142,0
3317.745593070984,5304,8144,12064,-183,-110,110,4936,-9312,11392,-52,155,-179,-12440,4652,7752,-1000,113,-90,-12468,-7176,7320,-495,156,-79,0
3317.781110048294,5340,8104,12172,-157,-112,149,4972,-9360,11344,-32,109,-140,-12412,4580,7728,-1001,96,-88,-12476,-7344,7360,-489,124,-61,0
3317.816801071167,5300,8140,12160,-201,-97,147,4996,-9284,11384,-23,136,-155,-12412,4544,7696,-990,110,-64,-12396,-7308,7244,-483,117,-72,0
3317.850466966629,5220,8000,12112,-210,-137,118,4876,-9176,11432,-12,122,-187,-12324,4696,7828,-956,99,-135,-12476,-7204,7364,-472,179,-101,0
3317.8838500976562,5340,8336,12064,-200,-172,145,4928,-9248,11376,30,129,-233,-12472,4512,7760,-967,154,-136,-12572,-7228,7256,-481,204,-67,0
3317.917396068573,5576,8112,12128,-206,-196,148,5012,-9264,11464,22,120,-244,-12392,4624,7740,-969,184,-116,-12528,-7272,7284,-480,206,-16,0
3317.9508430957794,5332,8144,12128,-209,-210,188,4984,-9280,11404,-1,77,-246,-12424,4544,7740,-966,160,-134,-12780,-7208,7272,-476,221,-20,0
3317.984316110611,5392,8064,12072,-207,-218,203,4932,-9224,11392,9,106,-215,-12532,4464,7824,-965,173,-168,-12800,-7404,7260,-476,179,-74,0
3318.017909049988,5368,8052,11892,-205,-179,170,4984,-9108,11360,25,108,-207,-12464,4552,7780,-1006,154,-143,-12544,-7184,7240,-477,174,-89,0
3318.051784038544,5352,8056,12224,-192,-153,163,5056,-9292,11348,51,145,-199,-12492,4632,7568,-1005,144,-131,-12580,-7124,7300,-500,177,-79,0
3318.0853729248047,5124,8168,12260,-195,-182,185,4980,-9444,11732,3,132,-202,-12428,4404,7760,-984,157,-91,-12744,-7320,7300,-492,162,-66,0
3318.1189970970154,5124,8076,12144,-215,-151,143,5000,-9192,11292,10,102,-204,-12412,4428,7520,-1103,486,-138,-12488,-7280,7296,-480,175,-61,0
3318.1522121429443,5344,8044,12192,-211,-129,153,5008,-9428,11456,-2,129,-224,-12328,4544,7680,-780,186,-133,-12608,-7268,7272,-488,183,-84,0
3318.185637950897,5440,8100,12084,-194,-176,142,5000,-9004,11304,43,99,-239,-12384,4520,7692,-983,137,-137,-12652,-7300,7260,-472,210,-62,0
3318.219310998916,5624,8112,12152,-198,-164,179,5024,-9284,11292,46,96,-218,-12388,4496,7676,-991,151,-104,-12556,-7280,7264,-447,180,-94,0
3318.2529840469365,5160,8124,11968,-186,-158,167,4940,-9196,11496,27,73,-226,-12564,4400,7732,-983,166,-97,-12556,-7304,7160,-479,199,-71,0
3318.2866060733795,5236,8088,12168,-216,-194,149,4932,-9288,11344,8,97,-227,-12320,4440,7784,-982,156,-94,-12528,-7252,7192,-477,186,-89,0
3318.320111989975,5456,8084,11984,-201,-185,150,5084,-9252,11468,-7,113,-197,-12444,4540,7880,-982,158,-125,-12552,-7204,7432,-466,156,-61,0
3318.353693962097,5512,8096,12076,-178,-121,151,5004,-9260,11540,-21,85,-190,-12472,4488,7516,-987,114,-121,-12680,-7264,7132,-502,134,-79,0
3318.3873159885406,5468,8032,12184,-190,-104,162,5000,-9312,11404,27,105,-187,-12544,4544,7728,-1278,105,-64,-12556,-7420,7288,-499,166,-141,0
3318.420758962631,5536,8084,12172,-171,-99,143,5104,-9124,11456,-8,161,-179,-12432,4448,7728,-1000,82,-32,-12632,-7292,7248,-466,124,-130,0
3318.4543669223785,5464,8076,12168,-138,-23,60,4944,-9276,11368,-65,156,-162,-12420,4516,7832,-962,92,-59,-12664,-7224,7220,-468,128,-170,0
3318.487781047821,5348,8128,12068,-170,-58,55,5012,-9240,11436,-60,149,-192,-12500,4700,7772,-1014,84,-81,-12612,-6916,7304,-478,146,-157,0
3318.521271944046,5396,8128,12072,-137,6,66,5052,-9152,11424,-71,170,-119,-12440,4832,7708,-1037,89,-38,-12356,-7248,7184,-530,82,-164,0
3318.5549941062927,5488,8056,12064,-118,16,61,5036,-9312,11400,-79,164,-123,-12464,4584,7888,-1017,38,254,-12520,-7284,7296,-453,66,-183,0
3318.5887191295624,5328,8096,12016,-131,21,42,5112,-9260,11392,-79,169,-125,-12372,4576,7752,-988,68,-37,-12424,-7340,7228,-487,117,-169,0
3318.6220910549164,5576,8432,12136,-138,-19,81,5016,-9332,11488,-79,192,-152,-12496,4500,7784,-983,63,-72,-12504,-7284,7224,-257,144,-159,0
3318.6554391384125,5272,8428,12104,-150,-22,57,5008,-9184,11388,-76,196,-194,-12348,4844,7492,-1025,111,-74,-12532,-7244,7232,-467,155,-131,0
3318.6889610290527,5128,8112,12120,-154,-51,76,4912,-9192,11464,-75,137,-179,-12356,4496,7920,-1010,113,-45,-12552,-7224,7392,-491,123,-147,0
3318.7223551273346,5444,8336,11788,-134,-6,88,4964,-9012,11308,-76,148,-155,-12472,4816,7668,-1011,124,-27,-12676,-7360,7236,-450,124,-133,0
3318.7559299468994,5136,8380,12176,-182,-12,72,5076,-9228,11672,-42,173,-149,-12432,4632,7980,-990,88,-58,-12292,-7236,7172,-468,124,-140,0
3318.7894599437714,5400,8052,12248,-160,-13,82,5020,-9216,11424,-28,201,-140,-12516,4484,7804,-1038,77,-90,-12740,-7240,7232,-492,159,-126,0
3318.822557926178,5464,8104,12140,-148,-36,73,4940,-9164,11472,-70,192,-161,-12496,4544,7568,-1279,32,-68,-12492,-7268,7304,-476,146,-156,0
3318.8607630729675,5488,8116,12072,-163,-16,67,4908,-9256,11420,-90,136,-156,-12476,4544,7680,-1003,55,-44,-12308,-7248,7248,-480,161,-133,0
3318.8955290317535,5128,8088,12220,-145,-28,65,5048,-9308,11364,-41,151,-184,-12508,4640,7756,-1004,38,-75,-12520,-7208,7092,-501,130,-145,0
3318.931158065796,5272,8136,12060,-151,-6,84,4656,-9456,11472,-37,165,-133,-12456,4640,7768,-961,134,-250,-12540,-7288,7164,-472,99,-135,0
3318.9676101207733,5328,8128,12164,-132,7,87,4868,-9316,11416,-33,162,-153,-12356,4748,7788,-1047,92,-41,-12492,-7284,7268,-475,143,-134,0
3319.0028779506683,5328,8208,12168,-178,-74,74,4888,-9144,11456,-41,159,-188,-12400,4672,7732,-986,130,-62,-12444,-7216,7472,-451,111,-120,0
3319.0381460189815,5344,8108,12272,-149,-50,90,4984,-9248,11292,-35,127,-188,-12492,4560,7728,-772,135,-11,-12548,-7264,7216,-485,86,-124,0
3319.0736610889435,5248,7964,12248,-142,-13,77,5068,-9288,11444,-15,122,-147,-12340,4816,7808,-1066,-7,-56,-12408,-7384,7404,-259,146,-150,0
3319.108866930008,5312,8224,12108,-169,-64,83,4988,-9280,11268,-46,124,-168,-12400,4496,7688,-1074,77,-4,-12556,-7412,7044,-480,126,-120,0
3319.1443450450897,5228,8204,12088,-131,-36,73,5068,-9132,11336,-121,149,-161,-12684,4604,7728,-1003,25,-63,-12784,-7276,7252,-471,127,-165,0
3319.1802101135254,5516,8172,12156,-157,-105,70,4988,-9348,11352,-108,167,-188,-12428,4624,7784,-1062,-21,-46,-12592,-7424,7240,-492,147,-138,0
3319.215376138687,5592,8216,12076,-137,-63,82,4996,-9288,11408,-101,147,-155,-12380,4352,7928,-1273,-37,-60,-12800,-7304,7356,-508,140,-159,0
3319.2510089874268,5192,8164,12072,-107,-72,99,4908,-9248,11336,-111,133,-134,-12356,4480,7752,-1005,-11,-53,-12536,-7404,7332,-478,145,-140,0
3319.286117076874,5320,8420,12060,-130,-71,97,4628,-9320,11304,-95,165,-160,-12260,4576,7904,-773,7,-83,-12068,-7176,7352,-339,162,-173,0
3319.3219249248505,5300,8164,12016,-108,-95,79,4988,-9356,11388,-84,173,-204,-12416,4612,7584,-1024,32,-62,-12556,-7260,7168,-492,160,-121,0
3319.3577859401703,5296,8212,12024,-131,-87,89,5004,-9020,11372,-58,153,-182,-12472,4360,7900,-1032,38,-104,-12516,-7184,7312,-487,173,-92,0
3319.392296075821,5360,8140,12024,-127,-99,105,4944,-9160,11284,-47,121,-178,-12388,4496,7776,-996,78,-97,-12544,-7244,7240,-495,202,-86,0
3319.428081035614,5312,8148,12136,-174,-118,122,4868,-9256,11296,-25,104,-173,-12372,4848,7784,-975,136,-105,-12564,-7308,7336,-477,145,-105,0
3319.462821006775,5300,8124,12152,-189,-52,107,5028,-9324,11396,-22,174,-172,-12440,4600,7856,-953,121,-84,-12512,-7316,7212,-482,182,-112,0
3319.4982781410217,5380,8204,12140,-203,-73,114,4956,-9256,11416,-9,151,-179,-12360,4536,7832,-961,109,-103,-12504,-7368,7344,-482,162,-118,0
3319.5319030284886,5312,8244,12116,-200,-109,149,4876,-9364,11396,1,133,-205,-12248,4632,7848,-956,133,-135,-12308,-7320,7288,-443,172,-80,0
3319.5655529499054,5312,8232,11840,-228,-115,131,4932,-9444,11564,29,151,-231,-12420,4632,7920,-984,127,-146,-12792,-7376,7232,-452,186,-94,0
3319.599323987961,5124,8192,12232,-220,-131,155,4964,-9360,11464,12,91,-238,-12304,4612,7752,-943,144,-184,-12424,-7324,7260,-448,200,-85,0
3319.6327590942383,5288,8228,12172,-214,-136,174,4900,-9040,11336,40,92,-206,-12388,4352,7468,-959,186,-133,-12320,-7348,7260,-460,206,-41,0
3319.6659431457524,5620,8096,12160,-246,-123,172,4984,-9316,11500,62,111,-219,-12424,4556,7884,-991,194,-116,-12292,-7364,7312,-453,231,-61,0
3319.699527025223,5284,8248,11908,-253,-143,177,4984,-9228,11456,40,108,-218,-12396,4628,7752,-977,206,-172,-12544,-7312,7360,-448,171,-50,0
3319.732887029648,5424,8120,12036,-239,-125,196,5048,-9280,11448,25,116,-198,-12364,4772,7896,-973,162,-95,-12404,-7284,6980,-445,140,-53,0
3319.7662501335144,5600,8096,12092,-216,-128,182,4876,-9268,11464,-252,91,-226,-12488,4504,7432,-1019,121,-121,-12800,-7280,7344,-449,141,-67,0
3319.799940109253,5140,7940,12200,-219,-190,173,5072,-9284,11336,56,89,-193,-12460,4472,7728,-1034,181,-92,-12568,-7292,7176,-308,-27,-57,0
3319.8335740566254,5424,8256,12040,-195,-186,169,5104,-9176,11472,-7,95,-208,-12480,4580,8004,-1278,145,-128,-12624,-7324,7152,-333,10,-65,0
3319.866997957229,5164,8076,12232,-226,-137,121,5036,-9280,11536,-13,96,-237,-12432,4584,7864,-992,114,-137,-12520,-7192,7268,-389,138,-53,0
3319.9003250598907,5380,8116,11992,-206,-144,146,5064,-8964,11484,-248,111,-195,-12432,4484,7568,-1037,111,-111,-12544,-7324,7468,-413,169,-103,0
3319.9337120056152,5412,8144,12000,-198,-72,161,5000,-9144,11600,30,115,-176,-12300,4428,7788,-1028,147,-49,-12468,-7212,7352,-400,104,-116,0
3319.967371940613,5304,8164,12196,-199,-98,180,5092,-9436,11480,29,88,-161,-12312,4568,7956,-1019,133,-77,-12520,-7228,7344,-381,71,-79,0
3320.000978946686,5284,8088,12056,-232,-138,167,4952,-9216,11492,22,119,-191,-12388,4528,7800,-1062,313,-143,-12448,-7156,7376,-428,96,-70,0
3320.0344049930573,5384,8140,12192,-198,-146,187,4984,-9312,11440,28,63,-211,-12348,4452,7728,-1026,162,-154,-12764,-7252,7412,-411,125,-64,0
3320.0681071281433,5436,8200,12056,-205,-206,149,5016,-9272,11360,51,119,-234,-12536,4584,7772,-1011,184,-128,-12308,-7412,7368,-383,121,-47,0
3320.101583003998,5440,8032,12012,-199,-179,158,5024,-9156,11336,23,63,-239,-12476,4544,7852,-1021,173,-108,-12632,-7288,7280,-378,143,-34,0
3320.1349401474,5456,8160,11960,-211,-206,166,5012,-9168,11480,250,90,-239,-12472,4552,7892,-986,175,-109,-12596,-7280,7308,-365,124,-56,0
3320.1684880256653,5456,8048,12136,-213,-122,150,5032,-9196,11400,-253,90,-215,-12340,4520,7792,-1009,127,-115,-12488,-7208,7240,-410,159,-106,0
3320.202131986618,5472,8096,11888,-188,-115,135,5004,-9220,11432,7,114,-201,-12468,4536,7604,-1023,89,-92,-12300,-7252,7296,-441,168,-85,0
3320.2357881069183,5496,8088,11944,-202,-104,116,4940,-9388,11512,-53,133,-177,-12396,4464,7728,-1053,108,-44,-12324,-6972,7348,-432,146,-120,0
3320.269263982773,5436,8024,12284,-182,-72,98,5064,-9400,11496,-52,167,-181,-12464,4628,7828,-1021,50,-43,-12800,-7172,7312,-482,156,-164,0
3320.3026230335236,5448,8040,11972,-157,-55,71,4972,-9236,11480,-27,150,-146,-12372,4584,7804,-1038,39,-52,-12744,-7212,7276,-469,137,-162,0
3320.336081027984,5548,8124,12212,-161,-46,87,5016,-9280,11488,-29,151,-149,-12516,4508,7920,-1037,82,-81,-12800,-7200,7176,-441,122,-161,0
3320.369966983795,5572,8112,12036,-165,-23,69,4960,-9176,11400,-71,144,-148,-12440,4412,7820,-1025,75,-70,-12528,-7252,7392,-449,141,-135,0
3320.4034399986267,5616,8120,12092,-187,-81,86,4956,-9036,11440,-120,145,-134,-12444,4592,7696,-1009,48,-54,-12524,-7228,7276,-451,115,-127,0
3320.437047958374,5464,8128,12040,-129,-33,82,4960,-8984,11452,-57,170,-151,-12444,4448,7664,-1032,65,-29,-12432,-7056,7384,-475,127,-179,0
3320.4705970287323,5432,8092,12044,-146,-29,92,4976,-9460,11452,-51,140,-143,-12392,4484,7696,-1048,40,-105,-12456,-7308,7368,-524,140,-130,0
3320.5036771297455,5196,8192,12020,-166,-34,99,4976,-9280,11408,-51,164,-167,-12504,4496,7868,-1043,52,-50,-12568,-7236,7236,-464,93,-157,0
3320.5413749217987,5528,8032,12276,-154,8,56,4992,-9232,11656,-99,139,-140,-12436,4488,7844,-991,14,-11,-12548,-7264,7344,-489,112,-164,0
3320.5774991512294,5464,7944,12152,-157,-47,40,5012,-9200,11364,-124,180,-179,-12456,4388,7896,-1011,254,-18,-12548,-7132,7184,-507,146,-136,0
3320.6126339435577,5560,8052,11924,-122,-15,69,5108,-9124,11376,-89,196,-131,-12460,4480,7600,-1063,48,-55,-12764,-7208,7420,-505,129,-177,0
3320.648651123047,5432,8224,12112,-122,-6,71,4988,-9188,11332,-88,158,-105,-12540,4596,7780,-993,5,-26,-12720,-7216,7340,-539,186,-180,0
3320.6835930347443,5324,8096,11864,-232,136,98,4968,-9460,11496,-98,150,-166,-12540,4816,7744,-976,24,-80,-12508,-6968,7264,-537,161,-172,0
3320.7192420959473,5564,8136,12148,-144,-24,80,4996,-9036,11472,-50,129,-167,-12492,4580,7780,-1000,64,-55,-12776,-7260,7344,-516,158,-127,0
3320.754114151001,5404,8108,12000,-169,-53,50,5000,-9248,11448,-37,150,-183,-12356,4608,7784,-1002,95,-68,-12312,-6936,7188,-527,221,-126,0
3320.7890470027924,5396,8108,12040,-133,-74,76,4992,-9340,11388,-62,137,-161,-12424,4552,8048,-773,84,-77,-12496,-7192,7312,-534,212,-122,0
3320.8247859478,5384,8140,12168,-173,-55,107,5028,-9184,11412,-48,112,-163,-12460,4476,7844,-954,-11,-91,-12580,-7256,7316,-553,176,-126,0
3320.8609249591827,5416,8428,11796,-173,-7,87,5072,-9260,11452,-28,151,-171,-12420,4536,7800,-1038,105,-56,-12312,-7296,7300,-547,172,-162,0
3320.8962240219116,5416,8184,12056,-156,-21,111,4996,-9308,11484,-28,169,-157,-12328,4528,7792,-1279,120,-80,-12580,-7236,7296,-540,168,-145,0
3320.93186712265,5584,8216,11780,-155,-48,91,4964,-9280,11288,-58,155,-168,-12360,4528,7840,-1023,109,-30,-12492,-7244,7252,-767,211,-130,0
3320.9676871299744,5380,8116,12284,-183,-12,71,5032,-9256,11416,-50,153,-149,-12440,4588,7680,-981,105,-90,-12516,-7284,7212,-500,215,-140,0
3321.002846956253,5424,8404,12064,-192,-33,96,5000,-9244,11336,-18,161,-166,-12368,4624,7536,-1012,85,-77,-12524,-7380,7312,-760,190,-140,0
3321.0381751060486,5448,8112,12236,-156,-41,111,5012,-9160,11428,-8,144,-171,-12432,4540,7740,-1008,123,-93,-12544,-7384,7316,-489,215,-123,0
3321.0738811492924,5348,8172,12044,-162,-33,123,4960,-9240,11428,17,144,-166,-12380,4552,7784,-989,101,-84,-12592,-7284,7324,-487,213,-143,0
3321.109658956528,5272,8172,12176,-195,-79,104,4980,-9236,11356,-34,159,-175,-12296,4576,7760,-1012,92,-59,-12528,-7324,7312,-449,192,-128,0
3321.1450259685516,5468,8124,12096,-193,-41,104,4896,-9308,11352,-37,181,-169,-12516,4568,7904,-960,88,-43,-12608,-7300,7328,-455,155,-136,0
3321.1810369491577,5500,8040,12088,-182,-48,96,5048,-9348,11592,10,127,-166,-12488,4616,7812,-1067,64,-77,-12596,-7212,7252,-475,180,-110,0
3321.2144880294804,5196,8088,12136,-190,-43,105,4940,-9208,11484,32,133,-152,-12432,4484,7904,-1050,70,-80,-12392,-7336,7276,-463,166,-142,0
3321.248183965683,5428,8124,12052,-139,-37,79,4996,-9316,11440,-42,144,-169,-12364,4860,7908,-1008,29,-97,-12564,-7324,7440,-460,150,-150,0
3321.281744003296,5532,8268,12152,-207,-37,35,4968,-9308,11448,-38,154,-154,-12468,4664,7788,-987,52,-58,-12604,-7260,7264,-449,187,-135,0
3321.3153870105743,5344,8088,12020,-169,-68,54,5032,-9176,11328,-56,153,-189,-12364,4552,7780,-1031,29,-84,-12560,-7232,7420,-478,174,-112,0
3321.3487341403966,5316,8156,12196,-126,-61,98,4984,-9424,11396,-47,120,-152,-12428,4464,7836,-1003,6,-90,-12520,-7216,7320,-459,141,-158,0
3321.38228392601,5308,8164,11960,-173,-37,98,4916,-9232,11420,-68,122,-146,-12312,4840,7752,-1006,49,-76,-12608,-7276,7336,-440,153,-116,0
3321.415750980377,5304,8176,12040,-172,-108,101,4928,-9300,11428,-48,141,-163,-12340,4580,7860,-967,36,-94,-12460,-7340,7328,-453,181,-132,0
3321.4495520591736,5624,8156,12108,-158,-62,105,5008,-9244,11440,-43,171,-163,-12392,4552,7868,-1048,66,-59,-12744,-7220,7328,-470,200,-103,0
3321.483180999756,5204,8440,12076,-174,-87,94,4984,-9260,11532,-42,153,-213,-12332,4832,7784,-1027,61,-38,-12768,-7264,7204,-451,209,-95,0
3321.51673412323,5396,8216,11984,-151,-62,107,5052,-9228,11396,-56,123,-191,-12364,4464,7912,-990,56,-91,-12304,-7292,7460,-475,200,-105,0
3321.550141096115,5320,8184,12004,-165,-65,125,4944,-9192,11400,-61,126,-154,-12468,4496,7720,-1000,107,-88,-12544,-7256,7208,-473,152,-98,0
3321.5836961269374,5408,8204,12136,-161,-55,73,4948,-9304,11392,-66,163,-170,-12544,4592,7700,-995,66,-92,-12516,-7300,7408,-502,175,-155,0
3321.6173689365387,5368,8196,11912,-149,-50,84,4916,-9348,11040,-48,186,-188,-12388,4548,7788,-988,84,-58,-12760,-7256,7412,-494,171,-154,0
3321.650948047638,5408,8184,11864,-180,-95,109,4916,-9252,11448,-59,135,-171,-12476,4396,7848,-992,75,-88,-12344,-7228,7360,-481,116,-106,0
3321.684517145157,5128,8124,12004,-146,-95,118,4800,-9220,11372,-38,134,-215,-12364,4352,7720,-1002,96,-95,-12512,-7156,7376,-534,157,-97,0
3321.718101024628,5164,8204,12072,-168,-144,116,4944,-9252,11540,17,119,-171,-12376,4520,7712,-1001,107,-121,-12412,-7276,7444,-496,163,-63,0
3321.751498937607,5312,8000,11948,-180,-126,165,4652,-9472,11180,5,115,-208,-12248,4568,7912,-975,159,-101,-12780,-7212,7360,-464,168,-21,0
3321.7850289344788,5312,8424,12120,-152,-151,138,4952,-9276,11280,-11,118,-206,-12376,4820,7720,-990,115,-90,-12544,-7316,7304,-470,153,-80,0
3321.81848692894,5588,8424,11832,-182,-175,175,4932,-9216,11504,-10,72,-222,-12376,4624,7796,-970,138,-121,-12416,-7204,7312,-452,159,-65,0
3321.8520641326904,5600,8244,11908,-163,-136,197,4996,-9200,11356,21,106,-221,-12444,4552,7740,-982,134,-119,-12704,-7248,7376,-437,130,-82,0
3321.8854179382324,5616,8084,12068,-188,-124,144,4980,-9000,11288,31,135,-209,-12376,4528,7796,-973,145,-164,-12464,-7336,7244,-452,144,-76,0
3321.9189090728764,5408,8384,11860,-193,-132,105,4996,-9260,11452,35,113,-225,-12368,4604,7908,-992,98,-118,-12560,-7216,7312,-461,127,-99,0
3321.9520919322968,5368,8272,12160,-172,-93,166,5072,-9200,11336,-23,103,-188,-12372,4840,7836,-1040,131,-104,-12628,-7256,7344,-468,143,-57,0
3321.9856519699097,5308,8380,12264,-185,-98,173,5052,-9448,11348,7,109,-191,-12432,4524,7888,-1027,176,-119,-12508,-7236,7232,-488,136,-61,0
3322.0193219184875,5456,8172,12168,-156,-149,154,4996,-9240,11204,-17,65,-224,-12476,4500,7784,-1040,161,-173,-12620,-6916,7268,-494,183,-77,0
3322.052978038788,5248,8048,12048,-178,-165,168,4984,-9276,11324,18,88,-239,-12340,4556,7920,-1023,116,-162,-12540,-7200,7276,-471,202,-45,0
3322.086658000946,5488,8212,12076,-181,-200,142,4968,-9316,11500,30,95,-238,-12440,4604,7824,-1021,151,-102,-12548,-7144,7288,-476,192,-61,0
3322.124669075012,5164,8256,12056,-224,-196,132,5060,-9468,11424,-40,112,-236,-12424,4368,7876,-964,121,-159,-12292,-6980,7296,-459,168,-88,0
3322.158103942871,5412,8164,12280,-174,-170,148,4972,-9324,11412,-6,75,-211,-12284,4596,7888,-977,101,-131,-12784,-7132,7300,-486,148,-117,0
3322.1939260959625,5328,8188,12016,-173,-118,117,5024,-9256,11440,23,95,-211,-12372,4556,7916,-1025,91,-106,-12796,-7240,7184,-534,159,-112,0
3322.229045152664,5388,8108,12164,-151,-126,162,4964,-9164,11392,14,91,-196,-12352,4584,7808,-984,100,-79,-12796,-7240,7384,-494,132,-65,0
3322.26488995552,5436,8244,12208,-179,-112,152,4916,-9352,11264,-18,64,-217,-12480,4564,7832,-954,124,-119,-12600,-7212,7300,-488,168,-53,0
3322.300749063492,5448,7944,11980,-178,-127,157,5296,-9148,11416,-22,89,-207,-12488,4432,7768,-964,85,-80,-12640,-6936,7188,-523,153,-98,0
3322.3358991146088,5444,8164,12176,-155,-125,188,5064,-9188,11272,-29,58,-159,-12520,4584,7864,-965,147,-74,-12580,-7192,7308,-492,137,-92,0
3322.3714520931244,5428,8148,12048,-168,-130,147,5012,-9176,11376,-17,98,-163,-12384,4568,8116,-982,134,-70,-12476,-6928,7396,-480,111,-124,0
3322.4075441360474,5476,8148,12084,-178,-81,122,5044,-9168,11324,-12,133,-197,-12428,4532,7896,-951,79,-86,-12496,-7236,7328,-492,117,-112,0
3322.442374944687,5400,8140,11960,-145,-53,83,5056,-8996,11288,-30,133,-196,-12396,4568,7772,-971,58,-93,-12768,-7176,7196,-491,153,-141,0
3322.477478981018,5504,8008,11968,-131,-80,75,5140,-9276,11340,-51,142,-196,-12480,4560,7680,-957,95,-31,-12584,-7108,7272,-481,143,-162,0
3322.5131800174713,5440,8064,11896,-154,-40,77,5084,-9224,11412,-70,139,-198,-12356,4596,7792,-1011,95,-116,-12592,-7180,7208,-506,160,-129,0
3322.54976606369,5536,8096,11848,-147,-57,89,5068,-9444,11344,-52,148,-187,-12472,4360,7480,-986,121,-48,-12712,-7120,7412,-499,150,-127,0
3322.58478808403,5480,8116,12008,-132,-42,91,5016,-9172,11344,-84,100,-177,-12484,4636,7900,-995,102,-102,-12524,-7200,7304,-494,113,-154,0
3322.6202490329742,5432,8220,12048,-152,-33,66,4972,-9328,11404,-83,131,-170,-12332,4784,7820,-980,87,-100,-12708,-7408,7304,-518,128,-157,0
3322.6555249691014,5500,8204,12056,-101,6,67,4984,-9080,11384,-61,160,-120,-12416,4544,8176,-982,70,-44,-12316,-7212,7196,-493,72,-163,0
3322.6918370723724,5368,8232,11820,-161,26,62,5060,-9228,11316,-43,148,-136,-12408,4556,7816,-981,62,-78,-12536,-7256,7116,-469,89,-150,0
3322.7277660369873,5532,7944,11976,-156,-18,75,5000,-9124,11412,-64,139,-152,-12308,4352,7804,-982,63,-28,-12496,-7176,7296,-521,100,-147,0
3322.7627761363983,5480,8172,12060,-153,-34,84,4952,-9292,11432,-32,138,-173,-12352,4528,7828,-1060,74,-111,-12300,-7324,7220,-508,179,-153,0
3322.7982289791107,5448,8344,11984,-159,-65,88,4964,-9132,11320,-69,113,-168,-12340,4532,7944,-1279,81,-44,-12460,-7248,7312,-494,121,-142,0
3322.833245038986,5204,8248,12024,-155,-21,40,5080,-9248,11476,-84,171,-179,-12412,4840,7844,-964,93,-68,-12688,-7212,7284,-484,117,-141,0
3322.8689279556274,5472,8124,12044,-189,-49,54,5028,-9232,11504,-52,163,-204,-12432,4600,7892,-1010,78,-73,-12776,-7180,7332,-481,123,-138,0
3322.902120113373,5520,8096,11968,-178,10,72,5068,-9268,11492,-59,147,-125,-12452,4832,7676,-769,71,253,-12556,-7184,7300,-506,69,-167,0
3322.935621023178,5516,8372,12128,-154,29,54,5076,-9212,11224,-53,185,-97,-12304,4608,7916,-1026,77,-252,-12532,-7252,7188,-465,27,-156,0
3322.9690449237823,5580,8180,11792,-166,42,54,4888,-9208,11500,-46,137,-134,-12368,4648,7712,-987,-253,-50,-12760,-7320,7220,-476,77,-135,0
3323.002447128296,5324,8200,11932,-144,-253,79,4996,-9244,11412,-35,158,-143,-12388,4568,7804,-969,48,-76,-12632,-7232,7280,-492,108,-134,0
3323.0362100601196,5388,8184,12080,-164,-31,81,5012,-9212,11396,-39,144,-189,-12356,4596,7912,-1005,104,-90,-12588,-7304,7292,-501,156,-120,0
3323.06968998909,5412,8284,12140,-169,-58,108,5156,-9280,11320,-50,128,-186,-12444,4624,7852,-1013,135,-71,-12580,-7228,7612,-484,160,-152,0
3323.1034159660335,5340,8244,11988,-157,-51,89,5080,-9144,11396,-76,132,-139,-12408,4812,7668,-978,127,-85,-12796,-7264,7324,-495,144,-146,0
3323.1370320320134,5504,8144,12008,-182,-25,84,5004,-9212,11516,-34,164,-166,-12356,4568,8076,-1015,73,-114,-12712,-7220,7284,-510,144,-167,0
3323.170329093933,5464,8248,12024,-162,-44,82,5016,-9260,11428,-5,155,-167,-12420,4512,7764,-1029,56,-101,-12368,-7220,7308,-764,132,-195,0
3323.2039971351624,5432,8260,11928,-177,-17,69,4904,-9260,11592,-48,177,-160,-12388,4464,7792,-1035,65,-62,-12532,-7200,7356,-505,127,-149,0
3323.237503051758,5320,8296,12100,-190,-9,47,4908,-9200,11320,-37,157,-175,-12368,4568,8168,-996,86,-45,-12472,-7352,7344,-514,141,-184,0
3323.2707040309906,5392,8140,11984,-186,-40,58,4972,-9036,11468,-44,139,-183,-12504,4372,8120,-1018,92,-73,-12724,-7228,7268,-259,155,-141,0
3323.3040549755096,5332,8176,11976,-185,-36,85,5000,-9400,11492,-38,166,-171,-12372,4848,8188,-1009,97,-100,-12308,-7324,7288,-529,147,-134,0
3323.3378000259404,5424,8248,12080,-160,-46,101,4940,-9284,11344,-48,130,-164,-12412,4620,7972,-1016,68,-99,-12472,-7272,7120,-526,155,-133,0
3323.3713190555573,5320,8376,11820,-176,-23,126,5008,-9232,11496,-24,126,-174,-12352,4568,8060,-1016,118,-60,-12580,-7256,7448,-523,166,-110,0
3323.404814004898,5448,8240,11820,-192,-54,93,5088,-9156,11412,-78,114,-158,-12332,4548,7748,-974,112,-81,-12464,-7312,7208,-493,163,-141,0
3323.4383001327515,5372,8336,12052,-495,-50,63,4996,-9140,11460,-40,165,-163,-12448,4480,7784,-987,93,-94,-12472,-7232,7336,-495,128,-129,0
3323.471426010132,5380,8136,11996,-202,-40,83,5020,-9384,11528,-32,131,-150,-12424,4516,7804,-1018,20,-79,-12508,-7268,7364,-520,155,-150,0
3323.505021095276,5384,8232,11928,-183,-85,104,4988,-8964,11436,42,173,-163,-12388,4560,7904,-1034,81,-65,-12504,-7236,7316,-504,146,-106,0
3323.5386769771576,5492,8208,12104,-150,-43,103,5020,-9224,11544,-24,126,-157,-12328,4596,7924,-985,133,-71,-12512,-7260,7276,-479,129,-138,0
3323.5720720291138,5472,8424,12140,-229,-67,64,4996,-9224,11340,-9,137,-198,-12368,4612,8116,-1007,124,-104,-12516,-7296,7312,-468,164,-99,0
3323.6057701110844,5308,7940,11816,-155,-83,99,5048,-9340,11368,-28,129,-177,-12320,4840,7748,-1023,82,-112,-12580,-7324,7332,-519,169,-91,0
3323.6391401290894,5396,8160,12116,-131,-90,138,5112,-9472,11504,-23,123,-152,-12392,4500,7888,-1012,126,-33,-12488,-7296,7392,-482,95,-93,0
3323.672506093979,5348,7984,12212,-184,-66,128,4984,-9464,11376,-16,134,-178,-12412,4516,7800,-984,150,-73,-12420,-7216,7408,-471,133,-88,0
3323.7060499191284,5280,8248,12268,-213,-98,161,4936,-9156,11492,-15,98,-190,-12372,4580,7788,-1004,162,-80,-12660,-7256,7244,-496,167,-33,0
3323.739850997925,5356,8264,11900,-207,-125,160,4952,-9144,11356,-249,94,-212,-12384,4532,7780,-944,151,-169,-12544,-7308,7312,-496,199,-39,0
3323.773134946823,5156,7976,12260,-235,-158,176,5112,-9232,11384,-256,98,-1,-12128,4592,7968,-1000,230,-155,-12540,-7204,7068,-496,200,-30,0
3323.8068110942845,5304,8160,12092,-220,-137,215,4944,-9196,11396,22,56,-258,-12288,4652,7784,-1009,244,-107,-12592,-7284,7408,-496,187,-41,0
3323.8402659893036,5400,8204,12112,-209,-136,171,5032,-9228,11368,255,91,-224,-12480,4840,7716,-948,181,-63,-12608,-7228,7308,-522,169,-76,0
3323.8759181499486,5416,8364,11912,-193,-98,149,5088,-9032,11396,19,136,-191,-12392,4508,7848,-954,125,-98,-12564,-7304,7320,-502,149,-100,0
3323.9111220836644,5472,8192,12108,-207,-123,167,5040,-9216,11352,31,101,-187,-12336,4544,7888,-971,123,-107,-12488,-7236,7248,-510,166,-110,0
3323.9461200237274,5364,8164,11800,-216,-102,168,5152,-9228,11484,13,137,-210,-12332,4536,7648,-960,161,-83,-12492,-7308,7228,-482,170,-75,0
3323.982228040695,5380,8204,12004,-223,-120,144,5052,-9248,11332,254,104,-229,-12380,4564,7744,-992,137,-128,-12540,-6932,7312,-481,180,-93,0
3324.0174181461334,5428,8264,12040,-212,-142,156,5032,-9236,11420,36,127,-235,-12444,4640,7740,-1011,146,-109,-12492,-7288,7396,-508,182,-87,0
3324.053323030472,5380,8188,12120,-193,-126,157,5032,-9172,11312,62,79,-202,-12348,4508,7724,-992,169,-146,-12572,-7356,7256,-485,211,-70,0
3324.0881700515747,5472,8204,12064,-206,-136,162,5036,-9420,11396,27,65,-238,-12256,4488,7836,-959,179,-115,-12416,-7260,7264,-490,199,-79,0
3324.1238939762115,5384,8188,11860,-204,-164,196,5064,-9200,11452,42,80,-234,-12348,4632,7764,-984,175,-126,-12796,-7328,7368,-482,180,-51,0
3324.1589250564575,5424,7972,12004,-189,-176,193,4964,-9188,11428,53,66,-223,-12432,4388,7844,-977,131,-107,-12764,-7292,7088,-488,189,-81,0
3324.1940419673924,5460,8140,11944,-207,-122,159,5152,-9188,11344,30,95,-184,-12380,4528,7984,-960,126,-113,-12628,-7304,7296,-468,156,-81,0
3324.229828119278,5452,8132,11976,-190,-114,155,5172,-9144,11344,6,107,-189,-12508,4552,7756,-960,117,-53,-12576,-6940,7236,-257,146,-111,0
3324.2649829387665,5456,8096,12028,-161,-76,112,5352,-9112,11280,14,127,-191,-12516,4464,7848,-1035,88,-70,-12592,-7228,7292,-505,174,-115,0
3324.3008201122284,5492,8416,11960,-161,-30,77,4876,-9080,11460,-45,170,-136,-12440,4504,7896,-990,45,-23,-12652,-7380,7416,-478,97,-157,0
3324.337340116501,5508,8156,11928,-171,20,19,5304,-9184,11480,-79,191,-164,-12568,4556,7928,-969,71,-56,-12488,-7224,7188,-485,114,-162,0
3324.372395992279,5584,7956,12228,-166,-254,42,4928,-9392,11556,-64,182,-134,-12404,4636,7720,-995,17,-41,-12604,-7232,7288,-497,113,-183,0
3324.4075870513916,5676,8104,12028,-109,24,66,5016,-9200,11516,-81,173,-78,-12332,4640,7784,-989,32,38,-12620,-7320,7416,-491,38,-169,0
3324.4433529376984,5368,8232,11900,-141,19,67,5008,-9168,11432,-59,182,-95,-12476,4592,7820,-974,15,-17,-12300,-7272,7312,-498,85,-166,0
3324.4793031215668,5372,8180,12064,-180,8,77,4892,-9184,11416,-76,165,-136,-12296,4832,7740,-984,57,-15,-12520,-7316,7304,-516,96,-184,0
3324.5140531063084,5332,8176,12172,-165,-12,59,4916,-9108,11524,-44,170,-160,-12400,4520,7836,-1018,60,-86,-12524,-7268,7412,-489,125,-141,0
3324.5497319698334,5392,7988,12104,-165,-25,65,4960,-9264,11392,-41,168,-186,-12312,4632,7676,-1014,109,-72,-12492,-7200,7224,-483,151,-123,0
3324.58349609375,5348,8148,12244,-159,-16,100,5088,-9212,11516,-92,144,-175,-12472,4640,7892,-1002,121,-95,-12376,-7300,7224,-485,136,-139,0
3324.617151975632,5364,8176,12112,-169,-2,102,4960,-9468,11292,-77,143,-156,-12484,4612,7852,-968,73,-83,-12312,-7236,7296,-481,145,-118,0
3324.6502249240875,5392,8156,11900,-156,-36,78,5052,-9192,11328,-69,153,-187,-12440,4600,8016,-995,62,-52,-12568,-7248,7420,-258,166,-130,0
3324.6836841106415,5428,8208,12188,-154,-34,59,5068,-9428,11460,-47,169,-175,-12388,4520,7848,-974,47,-70,-12396,-7348,7220,-257,156,-153,0
3324.717365026474,5496,8248,12228,-185,9,83,5020,-9256,11360,-98,150,-138,-12372,4524,7956,-963,42,-50,-12536,-7272,7324,-506,118,-144,0
3324.750726938248,5456,8284,12008,-181,15,45,5052,-9256,11404,-112,157,-153,-12528,4368,7744,-978,48,-22,-12492,-7340,7316,-464,93,-147,0
3324.7841880321503,5404,8256,11924,-205,20,60,4892,-9356,11308,-92,153,-137,-12360,4664,7932,-991,32,-5,-12596,-7328,7392,-480,99,-142,0
3324.8176929950714,5452,8240,12096,-193,24,94,4928,-9276,11400,-60,175,-142,-12492,4608,7840,-957,40,-47,-12436,-7284,7228,-480,108,-100,0
3324.8512620925903,5264,8260,12060,-194,255,77,4872,-9472,11548,-66,169,-138,-12344,4576,7712,-1088,139,-63,-12540,-7236,7428,-463,91,-88,0
3324.8845031261444,5348,8280,12072,-168,-247,106,4952,-9236,11444,-59,171,-143,-12268,4640,7760,-968,114,-68,-12312,-7276,7316,-488,100,-139,0
3324.918095111847,5312,8240,12168,-187,-67,102,4976,-9212,11340,-72,140,-181,-12300,4588,7684,-969,78,-22,-12532,-7312,7264,-491,158,-101,0
3324.9516971111298,5372,8280,11928,-194,-18,86,5008,-9248,11432,-86,149,-173,-12364,4756,7888,-970,94,-43,-12652,-7244,7292,-498,112,-117,0
3324.9852521419525,5472,8436,12248,-152,-25,120,4948,-9280,11440,-38,147,-147,-12404,4620,7684,-942,46,-79,-12584,-7192,7300,-534,115,-143,0
3325.0187270641327,5612,8156,12164,-152,-10,101,4948,-9452,11048,9,125,-143,-12376,4676,7772,-1089,68,-61,-12492,-7276,7380,-548,145,-169,0
3325.052253961563,5592,8264,11904,-141,-53,98,4988,-9228,11388,27,193,-142,-12436,4616,7496,-1046,46,-50,-12408,-7364,7212,-554,118,-140,0
3325.085641145706,5316,8236,12276,-105,-19,72,4984,-9256,11480,-72,188,-159,-12376,4512,7892,-985,67,-76,-12604,-7344,7632,-534,129,-185,0
3325.1190021038055,5304,8232,12188,-151,-63,36,5056,-9252,11444,-48,204,-176,-12344,4604,7672,-1012,57,-114,-12492,-7300,7276,-759,171,-127,0
3325.1522259712215,5360,8204,11972,-156,-52,54,5072,-9340,11516,-41,150,-169,-12424,4640,7744,-1056,74,-84,-12568,-7280,7252,-523,154,-182,0
3325.185792922973,5280,8276,12044,-114,-22,63,4984,-9148,11408,-15,215,-142,-12524,4624,7804,-989,23,-58,-12776,-7380,7224,-476,122,-177,0
3325.2194299697876,5224,8340,12120,-149,-7,44,4904,-9320,11436,-79,208,-164,-12360,4632,7824,-981,74,-65,-12536,-7348,7272,-512,118,-147,0
3325.252902030945,5236,8432,12284,-165,-28,74,4988,-9428,11424,-52,160,-182,-12288,4664,7972,-996,84,-92,-12456,-7220,7260,-505,161,-152,0
3325.2864100933075,5236,8340,11780,-181,-3,89,4932,-9224,11292,-43,181,-163,-12400,4596,7696,-1005,116,-150,-12356,-7344,7292,-504,182,-120,0
3325.3196280002594,5296,8200,12008,-199,-57,101,4984,-9024,11264,-12,161,-199,-12336,4352,7888,-999,157,-68,-12400,-7304,7392,-561,193,-83,0
3325.3530509471893,5388,8388,11948,-171,-89,121,5056,-9216,11408,245,124,-178,-12384,4632,7844,-1014,206,-82,-12528,-7376,7308,-497,151,-81,0
3325.3868160247803,5264,7956,12104,-187,-93,133,4968,-9272,11392,4,101,-198,-12296,4652,7744,-1003,195,-128,-12500,-7236,7360,-483,174,-79,0
3325.4202439785004,5252,8200,11820,-184,-102,144,4920,-9296,11396,0,80,-215,-12360,4560,7728,-976,152,-155,-12776,-7304,7260,-499,191,-94,0
3325.4537930488586,5160,8332,11888,-162,-124,164,4968,-9192,11464,-21,111,-212,-12140,4832,7732,-995,184,-119,-12448,-7300,7260,-480,174,-70,0
3325.4873571395874,5260,8240,12052,-212,-150,152,5044,-9256,11340,-4,93,-222,-12068,4640,7916,-970,170,-98,-12608,-7340,7316,-496,197,-69,0
3325.5208060741425,5272,8232,12112,-198,-163,165,4980,-9304,11268,14,100,-237,-12408,4600,7892,-981,177,-140,-12576,-7212,7220,-472,202,-48,0
3325.5575470924377,5324,8248,12080,-206,-131,164,4956,-9196,11520,23,110,-204,-12512,4592,7904,-953,150,-139,-12536,-7280,7196,-496,192,-56,0
3325.59277009964,5548,8276,12044,-208,-143,164,4984,-9468,11292,28,90,-224,-12512,4608,7696,-978,177,-115,-12632,-7324,7152,-478,216,-50,0
3325.6287219524384,5372,8268,12000,-213,-153,178,5040,-9148,11444,23,73,-222,-12432,4600,7796,-974,207,-158,-12488,-7340,7228,-475,211,-76,0
3325.663815021515,5316,8200,11852,-204,-200,179,5056,-9160,11444,25,85,-223,-12380,4364,7744,-1010,194,-136,-12548,-7360,7188,-470,216,-61,0
3325.6992959976196,5432,8208,12080,-211,-156,182,5004,-9256,11340,17,89,-213,-12428,4644,7756,-984,142,-153,-12584,-7312,7228,-490,197,-63,0
3325.734267950058,5168,7940,12048,-175,-157,156,5100,-9104,11288,53,99,-199,-12520,4548,7688,-971,179,-116,-12536,-7220,7332,-506,165,-93,0
3325.7700901031494,5432,8252,12060,-209,-110,162,4960,-9156,11492,45,90,-210,-12440,4552,7676,-973,177,-149,-12500,-7264,7172,-485,187,-67,0
3325.8053901195526,5268,7972,11968,-207,-167,163,5056,-9236,11428,24,104,-218,-12352,4636,7496,-999,158,-91,-12592,-7248,7204,-472,189,-68,0
3325.8407831192017,5408,8204,12104,-184,-178,195,5036,-9264,11476,26,97,-201,-12376,4608,7904,-993,141,-115,-12484,-6948,7132,-491,207,-57,0
3325.8761420249934,5400,7960,12188,-190,-179,168,5024,-9008,11496,41,97,-229,-12340,4504,7724,-1016,124,-119,-12292,-7300,7288,-527,209,-79,0
3325.9118750095367,5420,8216,12056,-186,-214,166,5056,-9148,11384,-23,119,-211,-12348,4652,7780,-984,128,-105,-12656,-7348,7244,-517,172,-106,0
3325.9478521347046,5440,8184,12180,-174,-176,120,4988,-9232,11400,-30,108,-214,-12460,4592,7820,-948,120,-100,-12592,-7244,7248,-762,158,-111,0
3325.9832220077515,5424,8136,11928,-181,-151,134,5124,-9216,11432,-24,99,-199,-12424,4708,7716,-972,111,-81,-12700,-7192,7048,-507,136,-112,0
3326.019408941269,5504,8212,12024,-174,-93,144,5152,-9140,11516,11,49,-147,-12320,4376,7772,-980,161,-33,-12460,-7268,7128,-502,40,-122,0
3326.0549540519714,5420,8420,11956,-130,-58,132,5084,-9288,11512,-45,91,-136,-12412,4584,7892,-968,130,-25,-12472,-7300,7268,-459,42,-148,0
3326.0911309719086,5392,8156,11912,-110,-9,98,5080,-9208,11436,-96,88,-131,-12788,4544,7916,-987,86,-44,-12392,-7224,7076,-490,97,-187,0
3326.1261970996857,5152,8204,12072,-68,-37,89,5068,-9160,11508,-120,123,-178,-12500,4552,7528,-986,69,-75,-12768,-6932,6992,-472,132,-171,0
3326.1613640785217,5468,8308,12240,-98,-68,77,5072,-9120,11288,-167,101,-201,-12500,4572,7452,-962,46,-69,-12536,-7260,7352,-408,163,-155,0
3326.198082923889,5460,8264,11956,-97,-78,108,4968,-9108,11396,-172,131,-198,-12356,4532,7832,-921,61,-65,-12320,-7260,7204,-415,98,-169,0
3326.2317340373993,5444,8132,12100,-135,-116,57,4924,-9252,11412,-215,184,-169,-12452,4628,7820,-865,32,-48,-12292,-7316,7364,-290,118,-129,0
3326.2653200626373,5440,8264,11984,-148,-74,66,5032,-9228,11288,-203,210,-149,-12492,4652,7684,-872,-53,-14,-12600,-7116,7400,-271,193,-175,0
3326.298933029175,5392,8020,12108,-122,-44,29,5004,-9256,11328,-156,223,-137,-12512,4856,8076,-864,-147,-38,-12408,-7248,7452,-301,209,-161,0
3326.332451105118,5320,8296,12264,-162,-37,39,5108,-9368,11276,-171,194,-138,-12436,4684,7864,-847,-191,-26,-12592,-7220,7108,-250,259,-137,0
3326.3658771514893,5296,8256,12272,-156,-43,60,4956,-9328,11372,-196,187,-155,-12324,4616,7684,-899,-179,-21,-12560,-7208,7388,-274,201,-167,0
3326.39915394783,5332,8264,11964,-145,-104,63,4908,-9324,11444,-128,139,-152,-12136,4856,7748,-985,-67,-29,-12512,-7256,7324,-323,189,-127,0
3326.4328920841217,5600,8168,12264,-166,-94,111,5088,-9244,11432,-100,126,-166,-12428,4592,7808,-989,50,-54,-12652,-7220,7316,-332,233,-123,0
3326.466541051864,5460,8160,11968,-210,-114,98,5228,-9236,11164,-105,85,-178,-12408,4488,7520,-961,-126,-73,-12628,-7280,7260,-368,187,-119,0
3326.500256061554,5544,8196,11960,-219,-85,75,5088,-9244,11304,-74,177,-176,-12100,4608,7924,-1052,64,-79,-12796,-7200,7316,-432,143,-143,0
3326.53369808197,5460,8312,11988,-242,-72,67,5112,-8980,11464,-54,205,-155,-12492,4684,7888,-1017,75,-82,-12652,-7212,7352,-504,140,-152,0
3326.5671989917755,5560,8232,12120,-244,-28,100,5012,-9276,11352,-28,204,-134,-12420,4692,7804,-1022,87,-45,-12572,-7220,7388,-573,42,-177,0
3326.6006469726562,5432,8228,11944,-206,-36,113,5020,-9288,11324,-250,167,-107,-12428,4676,7948,-1079,90,-45,-12592,-7324,7332,-583,77,-187,0
3326.6340141296387,5432,8256,11980,-240,-63,117,5020,-9244,11340,61,162,-151,-12396,4660,7424,-1094,197,-91,-12620,-7348,7384,-595,63,-187,0
3326.667573928833,5360,8268,11944,-266,18,116,5072,-9368,11376,-48,206,-197,-12348,4712,7816,-1071,193,-99,-12588,-7320,7420,-619,52,-179,0
3326.701045036316,5316,8184,12148,-329,-36,84,4856,-9280,11428,-19,182,-163,-12360,4672,7872,-1279,129,-45,-12580,-7384,7272,-622,76,-193,0
3326.7346639633174,5340,8164,11900,-323,-51,67,4956,-9268,11396,-18,197,-176,-12388,4592,7804,-1005,80,-58,-12456,-7240,7248,-572,111,-154,0
3326.768182039261,5480,8196,11956,-510,-59,95,4968,-9152,11456,-27,187,-155,-12328,4848,7828,-772,41,-77,-12512,-7424,7228,-537,107,-202,0
3326.8015749454494,5380,8128,12096,-235,-31,46,4960,-9272,11344,-256,181,-138,-12488,4544,7868,-1069,107,-45,-12492,-7392,7360,-528,117,-168,0
3326.835149049759,5392,8244,11812,-223,-7,57,4888,-9288,11392,-9,171,-157,-12264,4860,7884,-772,69,218,-12408,-7296,7364,-515,147,-190,0
3326.868669986725,5312,8384,12064,-509,-18,82,4952,-9360,11332,8,166,-168,-12300,4560,7704,-772,154,-44,-12520,-7208,7248,-533,144,-96,0
3326.9020159244537,5428,8180,11824,-209,-50,89,4980,-9232,11688,7,156,-178,-12360,4388,7836,-1017,171,-94,-12504,-7332,7280,-534,169,-97,0
3326.9355449676514,5348,8040,12212,-197,-22,129,4916,-9256,11448,-15,111,-195,-12460,4852,7924,-1039,163,-123,-12476,-7336,7356,-522,161,-128,0
3326.9691519737244,5312,8152,12152,-195,-31,111,5028,-9348,11376,-25,149,-174,-12352,4588,7768,-1012,152,-101,-12560,-7256,7252,-507,126,-132,0
3327.0028369426727,5368,8128,12108,-192,-14,98,5008,-9228,11468,-24,131,-151,-12392,4524,7812,-1004,140,-54,-12760,-7336,7228,-499,146,-123,0
3327.036468029022,5276,8144,11956,-163,-9,99,5044,-9232,11424,-28,169,-147,-12292,4692,7824,-1012,125,-65,-12568,-7284,7412,-505,146,-111,0
3327.069685935974,5144,8156,11992,-166,-21,99,5112,-9048,11516,-19,141,-195,-12396,4600,7952,-1006,132,-99,-12512,-7280,7220,-478,142,-104,0
3327.1032941341405,5348,7936,12256,-197,-8,84,4904,-9404,11448,-50,184,-174,-12432,4692,7740,-984,121,-95,-12300,-7348,7292,-469,143,-117,0
3327.139096021652,5280,8272,12040,-191,-67,92,4940,-9320,11532,-23,171,-186,-12036,4860,7768,-981,130,-117,-12536,-7360,7196,-480,165,-138,0
3327.1730041503906,5356,8224,12284,-184,-56,126,4892,-9016,11612,-16,134,-189,-12356,4692,7972,-1022,126,-78,-12476,-7328,7268,-260,164,-93,0
3327.2065939903255,5340,8256,12068,-189,-86,138,4948,-9188,11472,-32,123,-210,-12372,4696,7772,-986,161,-98,-12384,-7244,7372,-489,196,-49,0
3327.2430810928345,5328,8160,12028,-215,-164,148,4928,-9244,11412,-15,93,-219,-12320,4728,7868,-981,163,-143,-12576,-7296,7256,-478,222,-43,0
3327.2791790962215,5292,8124,12024,-196,-98,146,4984,-9208,11408,-4,103,-240,-12464,4652,7888,-1006,184,-101,-12732,-7296,7356,-484,186,-51,0
3327.3141601085663,5376,8168,12032,-209,-135,167,4976,-9292,11328,14,75,-193,-12472,4816,7844,-991,192,-146,-12516,-7308,7272,-491,197,-61,0
3327.349787950516,5332,8156,11808,-214,-157,171,4988,-8988,11344,40,117,-215,-12516,4856,7836,-995,173,-116,-12612,-7324,7352,-472,189,-51,0
3327.384868144989,5464,7988,11980,-218,-76,156,5084,-9308,11332,22,128,-193,-12508,4496,7788,-976,134,-107,-12548,-7172,7212,-458,124,-50,0
3327.420387983322,5380,8196,12084,-206,-94,163,5000,-9240,11480,33,98,-200,-12452,4580,7532,-1279,132,-116,-12512,-7192,7184,-498,183,-50,0
3327.455538034439,5408,8284,11836,-191,-156,152,5032,-9004,11312,49,87,-195,-12368,4640,7880,-1273,119,-156,-12416,-7348,7260,-482,185,-92,0
3327.4916520118713,5384,8428,12036,-175,-162,115,4980,-9248,11732,4,107,-202,-12480,4640,7724,-977,121,-97,-12560,-7356,7396,-470,167,-106,0
3327.5277111530304,5356,8136,12184,-217,-138,134,5028,-9320,11468,-2,117,-238,-12308,4840,7872,-969,98,-107,-12644,-7292,7296,-463,168,-62,0
3327.5630109310146,5428,8184,11916,-195,-113,155,4972,-9148,11324,27,119,-167,-12432,4572,7712,-978,116,-85,-12488,-7188,7272,-492,137,-86,0
3327.5980069637294,5384,8212,12056,-180,-97,177,5052,-8980,11440,-5,118,-165,-12372,4648,7740,-1274,126,-100,-12768,-7332,7244,-485,111,-109,0
3327.6339349746704,5304,8160,11912,-210,-72,152,5012,-9164,11612,-252,88,-158,-12448,4520,7660,-989,102,-130,-12548,-7148,7300,-481,146,-75,0
3327.6695759296417,5380,8132,12172,-205,-108,162,4892,-9288,11360,-251,104,-231,-12440,4796,7848,-976,103,-91,-12552,-7112,7236,-502,223,-71,0
3327.704703092575,5336,8220,12200,-206,-130,144,4996,-9204,11284,16,78,-244,-12420,4568,7704,-988,150,-169,-12340,-7200,7304,-474,230,-50,0
3327.740412950516,5456,8156,11956,-233,-168,161,4932,-9212,11436,32,63,-245,-12448,4616,7776,-1007,170,-125,-12488,-7228,7304,-468,214,-74,0
3327.77560210228,5424,8204,12008,-208,-174,180,4980,-9228,11428,-17,61,-229,-12456,4524,7924,-974,173,-149,-12604,-7236,7216,-469,182,-87,0
3327.811336040497,5392,8188,12228,-203,-127,165,5040,-9284,11344,2,119,-224,-12432,4512,7872,-972,130,-81,-12616,-7200,7092,-459,203,-87,0
3327.847232103348,5464,8116,12244,-216,-99,109,5000,-9432,11432,29,160,-185,-12408,4392,7816,-1278,77,-109,-12608,-7324,7140,-482,184,-107,0
3327.8838410377502,5388,8116,11892,-211,-107,108,5004,-9224,11480,-23,134,-188,-12288,4608,7632,-1023,117,-63,-12748,-7180,7116,-502,189,-122,0
3327.9174129962926,5400,8152,12048,-180,-54,91,4996,-9228,11364,-52,138,-203,-12488,4532,7796,-988,97,-49,-12524,-7272,7300,-489,181,-152,0
3327.950978040695,5504,8148,11916,-151,-25,64,5004,-9172,11532,-54,153,-186,-12596,4568,7680,-1275,107,-59,-12696,-7264,7052,-506,160,-159,0
3327.9844300746918,5464,8120,12240,-145,-29,96,5044,-9020,11360,-34,180,-157,-12468,4612,7812,-1042,79,-77,-12604,-7260,7392,-490,172,-134,0
3328.018124103546,5508,8136,11828,-153,-29,98,5068,-9000,11336,-27,169,-154,-12508,4568,7740,-1038,99,-77,-12296,-7192,7204,-485,155,-151,0
3328.051789999008,5504,8208,11960,-173,-39,105,5032,-9056,11524,-47,149,-172,-12440,4676,7484,-993,89,-57,-12296,-7268,7152,-500,178,-176,0
3328.084969043732,5376,7940,11784,-139,-256,87,4984,-9188,11396,-40,150,-167,-12416,4664,7868,-1009,101,-33,-12536,-7328,7328,-494,174,-147,0
3328.118600130081,5400,8136,12144,-132,-57,73,5004,-9108,11540,-37,167,-183,-12392,4580,7756,-1018,77,-87,-12652,-7228,7288,-467,163,-147,0
3328.1517410278325,5548,8256,12116,-125,-13,61,5036,-9276,11460,-56,139,-150,-12316,4352,7732,-973,55,-70,-12588,-7192,7420,-491,93,-126,0
3328.1852200031285,5448,8052,12032,-114,1,59,5032,-9272,11416,-39,153,-134,-12456,4552,7880,-966,-26,-35,-12584,-7232,7268,-262,110,-114,0
3328.218806028366,5624,8184,12096,-108,-255,50,4872,-9168,11076,-25,123,-146,-12416,4580,7740,-1032,50,-55,-12356,-7268,7136,-500,131,-148,0
3328.252107143402,5480,8184,11980,-61,46,37,5032,-8980,11516,-60,172,-117,-12420,4616,7740,-1274,45,-57,-12596,-7296,7224,-503,112,-160,0
3328.2857029438014,5368,8268,12120,-89,-253,25,5056,-9292,11476,-64,156,-194,-12452,4636,7712,-983,66,-57,-12540,-7228,7164,-505,111,-160,0
3328.3191981315613,5188,8076,12244,-95,-21,51,4976,-9188,11396,-59,129,-190,-12492,4552,7732,-1004,91,-39,-12600,-7204,7304,-506,145,-158,0
3328.352700948715,5616,8228,12180,-75,-9,74,5004,-9292,11508,-69,122,-121,-12500,4616,7620,-1011,70,-242,-12560,-7220,7244,-490,81,-175,0
3328.3859190940857,5368,8432,11788,-80,43,60,5044,-9292,11376,-59,143,-136,-12428,4568,7860,-1009,78,-16,-12552,-7360,7276,-468,81,-157,0
3328.419606924057,5132,8256,11792,-118,44,64,4936,-9308,11340,-88,159,-147,-12396,4564,7908,-999,39,-94,-12524,-7200,7296,-496,98,-180,0
3328.4530630111694,5344,8280,12152,-134,-12,70,5112,-9452,11436,-35,163,-169,-12448,4360,7812,-995,72,-61,-12588,-7304,7200,-487,134,-159,0
3328.4865679740906,5592,8252,11792,-159,-15,57,4984,-9196,11400,-21,154,-181,-12268,4728,7940,-781,105,-45,-12476,-7260,7276,-472,154,-162,0
3328.5203120708466,5308,8356,12008,-177,-45,79,4660,-8964,11352,-48,123,-213,-12328,4356,7912,-772,124,-42,-12476,-7364,7208,-478,165,-147,0
3328.5537180900574,5332,8352,12276,-164,-49,106,4952,-9192,11360,-50,122,-162,-12536,4736,7816,-1002,108,-106,-12760,-7332,7324,-467,127,-118,0
3328.586991071701,5380,8228,12140,-175,-25,100,5060,-9372,11548,-38,119,-153,-12524,4860,7524,-1001,94,-93,-12732,-7216,7228,-484,146,-128,0
3328.6204781532288,5392,8236,12004,-152,-33,79,4904,-9432,11472,-34,146,-172,-12428,4608,7856,-1026,68,-72,-12344,-7252,7248,-482,143,-143,0
3328.6535489559174,5328,8256,11776,-161,-59,70,4896,-9228,11452,-50,144,-175,-12380,4852,7880,-1011,61,-81,-12532,-7344,7368,-474,111,-146,0
3328.6870589256287,5396,8188,11820,-188,-58,64,4916,-9376,11700,-45,136,-163,-12492,4828,7812,-992,96,-65,-12760,-7328,7212,-484,133,-171,0
3328.7205510139465,5296,8220,11832,-195,-50,103,4980,-9288,11416,-53,156,-167,-12392,4648,7740,-1021,69,-93,-12480,-7284,7012,-481,122,-161,0
3328.753951072693,5380,8232,12220,-169,-32,107,4920,-9128,11464,-59,143,-184,-12400,4708,7732,-991,77,-24,-12548,-7340,7332,-494,139,-132,0
3328.7877919673924,5312,8440,12140,-174,-36,103,4920,-9160,11456,-40,116,-161,-12316,4632,7792,-997,47,-36,-12516,-7396,7212,-478,163,-127,0
3328.8213000297546,5288,8204,12276,-162,-69,100,5016,-9072,11564,-62,128,-191,-12400,4728,7768,-1003,95,-64,-12468,-7360,7312,-477,149,-163,0
3328.854707956314,5364,8248,11928,-161,-75,98,4972,-9452,11076,-69,141,-177,-12336,4716,7752,-1046,52,-73,-12536,-7292,7116,-497,153,-142,0
3328.8881080150604,5244,8336,12184,-170,-64,103,5076,-9236,11572,-56,106,-168,-12516,4648,7704,-993,29,-58,-12616,-7376,7220,-463,142,-138,0
3328.9244000911713,5340,8236,11936,-171,-49,105,4984,-9216,11468,-60,116,-170,-12424,4404,7620,-981,69,-104,-12568,-7200,7332,-472,134,-157,0
3328.9596960544586,5300,8268,12024,-203,-50,101,5012,-9384,11264,-62,146,-190,-12456,4620,7824,-989,90,-76,-12588,-7192,7240,-460,106,-109,0
3328.9950499534607,5264,8292,11956,-205,-30,109,5052,-9256,11324,-36,167,-166,-12464,4704,7888,-1042,69,-78,-12292,-7252,7116,-490,80,-110,0
3329.030821084976,5268,8168,12028,-162,-61,125,4900,-9300,11744,19,121,-178,-12116,4840,7732,-1046,63,-95,-12592,-7260,7380,-506,156,-113,0
3329.0655999183655,5328,8236,12076,-186,-94,148,4984,-9144,11396,-21,136,-189,-12304,4608,7724,-990,42,-135,-12456,-7264,7264,-477,143,-113,0
3329.1009640693665,5260,8256,11984,-196,-93,120,4968,-9284,11348,-64,133,-207,-12516,4608,7912,-980,72,-121,-12660,-7232,7020,-479,136,-105,0
3329.135955095291,5288,8196,12080,-201,-141,130,4964,-9028,11612,-57,111,-200,-12436,4580,7676,-995,56,-128,-12600,-7204,7180,-489,166,-80,0
3329.171811103821,5324,8180,11888,-167,-135,131,5024,-9284,11412,-5,92,-178,-12436,4616,7760,-999,99,-70,-12520,-7260,7280,-488,109,-72,0
3329.2073581218724,5356,8304,12064,-188,-136,169,5044,-9464,11492,-21,109,-175,-12340,4668,7776,-958,57,-97,-12436,-7392,7244,-465,106,-89,0
3329.2431581020355,5208,8240,12280,-189,-138,140,5016,-9304,11448,247,93,-176,-12388,4540,7892,-996,60,-116,-12412,-7320,7228,-481,147,-59,0
3329.2786569595337,5328,8244,11888,-204,-149,175,4968,-9248,11476,-15,106,-231,-12320,4656,7836,-1011,139,-157,-12572,-7228,7276,-492,182,-37,0
3329.313507080078,5292,8256,12128,-213,-210,174,5040,-9260,11404,44,96,-244,-12292,4616,7904,-985,152,-131,-12440,-7244,7228,-494,189,-66,0
3329.3487429618835,5344,8248,11976,-198,-173,174,4960,-9144,11400,5,73,-222,-12380,4580,7772,-1005,200,-131,-12488,-7176,7176,-503,190,-32,0
3329.383611917496,5360,8216,12092,-205,-156,191,5076,-8984,11428,-246,60,-210,-12408,4808,8056,-992,166,-104,-12600,-7192,7220,-455,168,-86,0
3329.419522047043,5444,8148,12236,-239,-148,162,5112,-9108,11504,19,104,-205,-12364,4560,7760,-1001,153,-127,-12612,-7288,7216,-466,160,-84,0
3329.454900979996,5588,8200,12072,-227,-127,190,5036,-9332,11472,43,108,-213,-12332,4440,7656,-1034,175,-85,-12760,-7332,7272,-476,166,-47,0
3329.4903650283813,5212,8260,12264,-229,-164,170,5080,-9180,11280,28,102,-224,-12404,4552,7876,-998,186,-106,-12580,-7272,7340,-478,121,-40,0
3329.5257201194763,5140,8192,12184,-250,-141,164,4952,-9140,11464,60,131,-224,-12472,4596,7556,-987,230,-123,-12568,-7312,7380,-476,149,-75,0
3329.5634429454803,5420,8268,11988,-237,-145,159,5052,-9196,11384,98,138,-247,-12408,4636,7772,-1026,3,-98,-12608,-7308,7236,-479,203,-67,0
3329.5969791412354,5440,8236,12140,-235,-151,181,5004,-9144,11432,86,124,-237,-12300,4624,7872,-1035,279,-151,-12780,-7256,7328,-456,154,-42,0
3329.6304290294647,5380,8124,12020,-241,-187,174,5108,-8972,11400,95,99,-198,-12424,4600,7716,-1059,289,-130,-12520,-7272,7404,-471,185,-61,0
3329.6637649536133,5140,8172,12072,-4,-178,181,5048,-9148,11464,103,96,-218,-12484,4536,7864,-1050,296,-87,-12648,-7248,7284,-465,146,-68,0
3329.697335958481,5488,8168,11948,-510,-138,169,5148,-9204,11428,116,114,-205,-12484,4648,7704,-1091,270,-141,-12512,-6976,7292,-465,128,-64,0
3329.7307181358337,5396,8184,11980,-271,-146,164,5024,-9184,11396,93,121,-198,-12472,4376,7424,-1111,256,-111,-12576,-7404,7276,-452,127,-95,0
3329.764349937439,5388,8208,12016,-216,-93,143,5124,-9032,11292,18,141,-170,-12592,4600,7616,-1042,171,-62,-12676,-7332,7156,-439,66,-103,0
3329.8001849651337,5500,8168,12040,-182,-54,114,5128,-9140,11448,13,134,-156,-12736,4488,7648,-1044,111,-59,-12548,-7348,7368,-499,85,-179,0
3329.833657979965,5600,8076,12052,-179,-33,91,5168,-9060,11528,10,152,-145,-12444,4548,7700,-1116,104,-32,-12636,-7340,6956,-490,104,-187,0
3329.8673689365387,5468,8344,11996,-163,22,54,5108,-9120,11276,-19,133,-139,-12532,4528,7596,-1089,90,-43,-12548,-7308,7184,-459,56,-191,0
3329.900813102722,5260,8380,12080,-156,16,39,5032,-9204,11344,-20,161,-137,-12344,4672,7672,-1114,118,-53,-12600,-7268,7268,-465,49,-167,0
3329.9340901374817,5400,7964,12120,-161,-42,49,5004,-9012,11412,-20,122,-197,-12392,4560,7856,-1075,115,-31,-12748,-7416,7576,-460,65,-120,0
3329.9676871299744,5496,8148,12072,-133,15,58,5032,-9156,11492,-39,110,-134,-12400,4616,7552,-1100,125,-16,-12484,-7188,7352,-468,43,-145,0
3330.0012450218205,5300,8244,11980,-116,70,56,5048,-9148,11564,-52,160,-120,-12340,4368,7792,-1079,190,-3,-12524,-7268,7284,-446,-24,-151,0
3330.0348570346832,5332,8240,12104,-142,24,62,4984,-9204,11448,-69,160,-125,-12552,4496,7868,-1042,145,-68,-12544,-7232,7352,-451,-238,-158,0
3330.0682549476624,5364,8156,12076,-145,2,65,4996,-9208,11340,-79,206,-149,-12340,4732,7580,-1034,136,-62,-12520,-7300,7220,-447,71,-155,0
3330.1016659736633,5296,8256,12116,-149,6,64,5008,-9112,11432,-50,174,-178,-12492,4544,7608,-1023,159,-26,-12520,-7192,7244,-432,47,-134,0
3330.134859085083,5392,8132,11884,-165,-55,96,4972,-9060,11460,-37,117,-200,-12412,4524,7792,-1076,240,-108,-12340,-7192,7272,-431,98,-82,0
3330.168221950531,5452,8212,12044,-166,-63,106,5096,-9076,11300,-53,131,-180,-12328,4628,7652,-1002,197,-107,-12548,-7308,7384,-468,56,-120,0
3330.201774120331,5444,8404,11892,-202,-27,90,5092,-9112,11512,-14,110,-188,-12460,4376,7648,-1036,152,-82,-12608,-7240,7416,-659,181,-179,0
3330.2355151176453,5396,8136,12148,-210,19,69,4976,-9116,11756,-32,157,-161,-12516,4624,7984,-1044,52,-33,-12336,-7332,7088,-466,63,-125,0
3330.2689969539642,5384,8212,11984,-172,6,96,4976,-9188,11516,-10,142,-142,-12432,4396,7928,-1044,62,-8,-12776,-7256,7168,-481,95,-151,0
3330.3024780750275,5356,8164,12144,-190,-28,62,4988,-9156,11384,-67,141,-151,-12428,4520,7652,-1052,38,-59,-12460,-6932,7396,-469,72,-154,0
3330.336035966873,5300,8156,12084,-193,-16,61,5040,-9148,11508,-53,171,-142,-12376,4604,7596,-1008,66,-80,-12476,-7192,7404,-478,49,-161,0
3330.3696060180664,5284,8136,11940,-178,-26,85,4904,-9432,11660,-22,148,-152,-12480,4656,7696,-995,80,-69,-12484,-7408,7436,-471,64,-155,0
3330.4030051231384,5368,8248,12048,-139,-5,132,5048,-9176,11512,-45,118,-183,-12420,4588,7476,-925,58,-95,-12424,-7308,7324,-469,95,-122,0
3330.436640024185,5284,8220,11976,-154,-66,116,4932,-9100,11480,-12,126,-168,-12424,4560,7732,-1001,102,-59,-12580,-7256,7332,-470,105,-127,0
3330.4701070785522,5304,8040,11900,-139,-31,106,4984,-9456,11648,-31,144,-187,-12444,4528,7740,-1003,130,-124,-12480,-7288,7444,-480,129,-139,0
3330.5037679672246,5284,8248,11800,-142,-72,56,5040,-9092,11420,-14,129,-207,-12612,4752,7708,-973,124,-126,-12552,-7188,7192,-463,135,-148,0
3330.5373730659485,5420,8444,11808,-160,-76,101,5088,-9076,11272,-46,150,-171,-12508,4560,7800,-976,100,-69,-12624,-7324,7392,-461,76,-131,0
3330.570734977722,5440,8096,11932,-159,-15,108,4964,-9232,11476,-35,152,-162,-12304,4392,7812,-1025,99,-59,-12480,-7140,7380,-495,116,-159,0
3330.607640028,5300,8200,12184,-152,-23,101,4952,-9176,11472,1,145,-159,-12416,4500,7480,-1010,80,-76,-12520,-7320,7216,-490,112,-121,0
3330.6429250240326,5260,8164,11848,-171,11,83,5016,-9044,11416,-73,201,-153,-12508,4564,7792,-984,48,-25,-12760,-7260,7388,-474,96,-148,0
3330.678791999817,5284,8268,12144,-186,-63,44,5080,-9192,11420,-80,168,-192,-12544,4624,7808,-948,79,-63,-12500,-7260,7352,-462,136,-157,0
3330.7143261432648,5308,7936,12020,-163,-37,87,4944,-9256,11456,-73,142,-156,-12452,4712,7644,-965,49,-31,-12492,-7204,7424,-489,126,-148,0
3330.7495100498204,5280,8236,12148,-153,-43,94,4988,-9188,11364,-32,121,-153,-12416,4524,7796,-968,64,-87,-12452,-7212,7396,-480,105,-151,0
3330.7845680713654,5296,8200,11848,-176,-27,76,4952,-9200,11368,-89,160,-162,-12384,4544,7700,-950,66,-80,-12432,-7256,7488,-475,191,-130,0
3330.820163965225,5228,8272,12160,-170,-50,106,4940,-9108,11572,-78,154,-155,-12368,4516,7500,-876,54,-110,-12528,-7244,7304,-526,249,-110,0
3330.8554401397705,5328,8244,11916,-170,-66,85,4924,-9208,11476,-89,162,-160,-12560,4636,7572,-918,73,-38,-12476,-7332,7300,-498,245,-109,0
3330.8908410072327,5124,8192,12104,-196,-88,110,4816,-9436,11400,-13,121,-208,-12340,4644,7784,-937,64,-88,-12484,-7396,7656,-762,228,-103,0
3330.9273319244385,5276,8152,12080,-159,-97,147,5000,-9084,11484,-28,108,-203,-12464,4608,7776,-948,71,-126,-12484,-7248,7668,-490,200,-85,0
3330.962960958481,5272,8260,12220,-217,-118,142,4960,-9172,11372,-9,135,-216,-12424,4596,7836,-953,65,-95,-12416,-7188,7472,-508,12,-93,0
3330.9987230300903,5220,8192,12136,-204,-129,126,4932,-9180,11436,-11,121,-229,-12484,4684,7668,-935,62,-125,-12796,-7272,7648,-488,243,-98,0
3331.0341420173645,5240,8284,12164,-200,-136,144,4956,-9224,11400,-26,129,-219,-12296,4608,7704,-968,82,-123,-12548,-7348,7412,-479,217,-54,0
3331.0701601505284,5300,8236,11924,-216,-138,154,4936,-9120,11528,-47,111,-221,-12332,4376,7520,-984,135,-115,-12460,-7368,7624,-493,200,-56,0
3331.1051070690155,5220,8292,11984,-228,-125,130,4944,-9196,11528,-5,136,-219,-12200,4392,7496,-959,82,-140,-12532,-7244,7264,-470,216,-82,0
3331.1402640342712,5372,8244,12008,-202,-126,164,5036,-9416,11500,-13,129,-207,-12440,4648,7736,-965,142,-150,-12732,-7200,7368,-496,207,-61,0
3331.1755731105804,5364,8212,12072,-206,-142,191,5068,-9184,11416,12,112,-227,-12392,4560,7864,-1012,159,-185,-12548,-7148,7372,-472,215,-80,0
3331.2118830680847,5400,8284,12008,-197,-161,171,4984,-9172,11328,-5,93,-229,-12404,4456,7576,-1034,154,-103,-12680,-7184,7388,-476,227,-73,0
3331.2488379478455,5272,8344,12204,-211,-161,178,5080,-9192,11488,29,96,-232,-12532,4512,7704,-1068,127,-124,-12672,-6928,7228,-472,235,-68,0
3331.282335996628,5412,8372,11912,-186,-173,169,5040,-9112,11272,241,86,-228,-12496,4616,7836,-1068,111,-159,-12564,-7280,7296,-452,216,-33,0
3331.3160190582275,5340,8252,12140,-226,-187,163,5040,-9052,11436,-1,129,-221,-12444,4580,7680,-1048,89,-118,-12564,-7228,7304,-447,203,-74,0
3331.349748134613,5448,8276,12096,-234,-154,159,5044,-8968,11268,-20,123,-213,-12480,4672,7648,-1025,111,-70,-12756,-7216,7248,-445,129,-70,0
3331.3834099769592,5604,8100,12116,-217,-133,175,4992,-9276,11496,26,87,-197,-12388,4368,7932,-1082,108,-104,-12300,-6960,7340,-507,210,-65,0
3331.4167840480804,5280,8288,12036,-212,-234,195,5056,-9176,11328,45,108,-219,-12408,4528,7652,-1044,84,-133,-12620,-7320,7304,-468,158,-98,0
3331.4504120349884,5388,8240,12004,-181,-184,163,5040,-9092,11528,9,132,-223,-12368,4676,7544,-1002,79,-110,-12440,-7320,7356,-449,152,-68,0
3331.4839930534363,5336,8232,12104,-239,-161,117,5016,-8976,11396,-28,100,-240,-12504,4616,7820,-1012,182,-141,-12604,-7176,7352,-458,176,-75,0
3331.517683982849,5468,8184,12036,-193,-191,155,4984,-9052,11280,-32,108,-193,-12472,4640,7656,-1050,77,-87,-12548,-7228,7260,-479,158,-77,0
3331.5512659549713,5536,8232,12080,-203,-131,160,5060,-9164,11724,-10,96,-168,-12460,4524,7692,-1008,84,-54,-12628,-7260,7292,-469,105,-106,0
3331.5848619937897,5488,8116,12172,-215,-98,140,5100,-9104,11488,-6,122,-173,-12332,4556,7676,-1002,81,-80,-12340,-7228,7244,-460,138,-87,0
3331.618149995804,5348,8184,11972,-188,-117,141,5080,-9148,11456,-32,126,-194,-12480,4536,7740,-1002,101,-119,-12452,-7040,7248,-464,177,-113,0
3331.6519560813904,5328,8436,11988,-184,-129,141,5084,-9072,11428,-26,53,-194,-12496,4840,7816,-1009,84,-108,-12464,-7260,7384,-482,203,-107,0
3331.685539007187,5508,8148,12072,-160,-158,104,5120,-9188,11756,-30,97,-238,-12468,4356,7696,-1000,128,-99,-12592,-7168,7340,-487,206,-101,0
3331.719138145447,5480,8096,11968,-114,-85,150,5220,-9072,11456,-69,101,-221,-12476,4476,7920,-1017,145,-33,-12508,-7144,7288,-473,181,-106,0
3331.752655982971,5528,8196,12012,-168,-46,98,5140,-9132,11480,-49,122,-170,-12456,4596,7816,-987,107,-25,-12620,-7160,7320,-478,130,-135,0
3331.7859880924225,5600,8160,11908,-168,-3,76,5056,-9444,11768,-45,161,-157,-12620,4532,7504,-1014,81,-91,-12628,-6920,7172,-483,178,-155,0
3331.8199620246887,5564,8212,11960,-155,-8,68,5136,-9156,11604,-48,176,-153,-12504,4664,7536,-994,64,-75,-12552,-7280,7336,-486,151,-129,0
3331.853665113449,5432,8216,12224,-172,12,67,5052,-9216,11516,-94,122,-138,-12300,4568,7692,-1004,114,-44,-12524,-7200,7376,-481,144,-138,0
3331.8870320320134,5472,8184,11980,-170,26,62,5076,-9168,11296,-50,154,-156,-12408,4584,8180,-926,69,-35,-12580,-7192,7336,-488,128,-146,0
3331.9205400943756,5432,8180,12032,-172,-2,55,5052,-9164,11276,19,120,-136,-12312,4360,7904,-1032,94,-78,-12476,-7228,7480,-474,176,-131,0
3331.9539721012115,5304,8256,11924,-161,0,104,5080,-9112,11424,5,122,-145,-12500,4532,7776,-974,163,-88,-12476,-7260,7664,-435,98,-135,0
3331.987741947174,5380,8432,12076,-150,75,60,5000,-9284,11416,-53,147,-162,-12364,4592,7708,-994,127,-66,-12560,-7276,7240,-452,95,-196,0
3332.0213010311127,5420,8432,12240,-150,12,61,5100,-9116,11492,-8,153,-150,-12364,4548,7628,-995,136,-58,-12692,-7168,7236,-467,94,-152,0
3332.0548760890965,5628,8272,12176,-145,36,69,5012,-9084,11604,-30,142,-125,-12468,4600,7692,-1034,123,-247,-12592,-7200,7252,-486,67,-124,0
3332.0883450508118,5124,8296,12108,-126,49,87,5124,-9200,11444,-62,133,-112,-12536,4496,7912,-1070,137,-22,-12660,-7276,7332,-468,51,-144,0
3332.12189412117,5388,8300,11920,-185,71,47,5128,-9044,11660,-49,153,-117,-12484,4596,7744,-774,119,-60,-12756,-7320,7312,-447,56,-180,0
3332.160145044327,5376,8136,11992,-151,31,48,4968,-9160,11328,-65,178,-142,-12464,4608,7840,-1063,82,-15,-12504,-7184,7340,-452,107,-129,0
3332.1938490867615,5352,8144,11904,-170,-3,21,4944,-9156,11516,-56,139,-152,-12376,4584,7716,-1031,99,244,-12316,-7220,7652,-450,88,-170,0
3332.2274699211125,5240,8248,12188,-161,-1,32,4980,-9188,11528,-48,95,-180,-12452,4556,7568,-771,103,-16,-12508,-7028,7332,-458,130,-127,0
3332.2609939575195,5368,8252,12044,-180,13,58,5056,-9236,11512,-31,112,-189,-12408,4856,7528,-1049,104,-25,-12564,-7352,7168,-486,139,-127,0
3332.298910140991,5392,8236,12152,-138,-254,58,4948,-9136,11480,-26,80,-189,-12472,4428,7716,-1061,68,-84,-12512,-7252,7360,-458,148,-145,0
3332.3338980674744,5292,8236,12136,-148,-20,51,4872,-9168,11428,-64,90,-197,-12404,4616,7804,-1068,76,-38,-12464,-6968,7312,-492,135,-153,0
3332.3696749210358,5360,7936,11832,-145,13,65,5044,-9044,11452,-77,98,-191,-12300,4640,7740,-1037,56,-101,-12492,-6920,7244,-484,132,-159,0
3332.4045801162724,5316,8248,12056,-151,-26,67,5040,-9196,11432,-66,105,-163,-12340,4636,7804,-774,89,-25,-12800,-7188,7400,-493,140,-126,0
3332.440357923508,5260,8408,11924,-123,-48,86,4992,-9128,11344,-66,113,-198,-12444,4452,7708,-1038,120,-88,-12540,-7192,7312,-488,143,-101,0
3332.4756400585175,5228,8188,11820,-149,-81,97,5180,-9212,11360,-77,96,-182,-12396,4528,7504,-1003,142,-94,-12372,-7356,7284,-470,151,-125,0
3332.511074066162,5336,8260,12000,-153,-69,122,5028,-9184,11628,-86,117,-194,-12432,4648,7928,-948,94,-142,-12508,-7232,7320,-257,143,-132,0
3332.5461001396175,5296,8292,12052,-145,-89,130,5100,-9180,11452,-82,125,-193,-12452,4488,7836,-955,100,-86,-12536,-7344,7392,-491,112,-124,0
3332.5824339389806,5332,8272,12000,-138,-97,119,5116,-9168,11480,-86,159,-160,-12436,4368,7776,-959,121,-80,-12588,-7324,7376,-492,111,-133,0
3332.6176879405975,5316,8272,11896,-139,-61,102,5032,-9180,11288,-64,206,-158,-12452,4600,7724,-996,161,-76,-12800,-7188,7468,-477,101,-117,0
3332.653304100036,5236,7940,12284,-167,-18,101,5008,-9348,11392,-45,138,-169,-12420,4560,7768,-978,127,-46,-12524,-7308,7476,-489,120,-142,0
3332.689538002014,5128,8216,12044,-196,-77,100,5072,-9232,11500,-51,147,-183,-12504,4528,7696,-976,155,-112,-12560,-7220,7368,-763,129,-101,0
3332.72470498085,5280,8268,12260,-205,-52,157,5044,-9188,11612,-45,152,-194,-12396,4536,7696,-951,129,-101,-12540,-7320,7384,-486,145,-99,0
3332.760484933853,5312,8212,12032,-204,-82,143,4904,-9076,11456,-33,116,-193,-12760,4600,7860,-960,144,-108,-12540,-7280,7356,-258,129,-107,0
3332.7961111068726,5204,8236,12104,-193,-88,121,5040,-9164,11432,-250,162,-211,-12476,4712,7612,-1006,139,-130,-12492,-7308,7432,-750,154,-99,0
3332.8317959308624,5296,8172,11784,-217,-110,138,4968,-9004,11268,-14,146,-186,-12356,4552,7724,-1034,184,-112,-12456,-7288,7320,-492,169,-58,0
3332.8680810928345,5168,8288,12144,-222,-120,123,5152,-9176,11472,14,82,-197,-12444,4572,7796,-993,162,-167,-12584,-7348,7304,-464,131,-79,0
3332.9033710956573,5292,8284,12184,-215,-138,150,5316,-9200,11340,-9,117,-208,-12476,4628,7676,-1040,191,-111,-12484,-7260,7352,-463,88,-65,0
3332.939372062683,5236,8168,12032,-210,-119,161,5108,-9212,11444,31,95,-195,-12496,4604,7608,-1071,178,-140,-12556,-7156,7444,-479,87,-86,0
3332.972790002823,5360,8248,12208,-198,-154,154,5024,-9072,11332,8,83,-187,-12480,4520,7752,-1062,166,-63,-12572,-7300,7424,-460,76,-57,0
3333.006408929825,5332,8248,12204,-200,-117,153,4980,-9164,11416,-23,118,-196,-12464,4640,7756,-988,190,-75,-12508,-6928,7312,-423,90,-110,0
3333.0399820804596,5188,8172,11924,-225,-156,136,4864,-9288,11348,-255,113,-237,-12492,4576,7584,-1065,159,-167,-12488,-7176,7352,-475,115,-59,0
3333.0733230113983,5416,8012,11884,-203,-153,161,5068,-9072,11560,-254,100,-182,-12416,4592,7904,-1050,193,-98,-12644,-7184,7304,-454,41,-61,0
3333.106826066971,5172,8236,12060,-195,-116,155,5168,-9160,11444,-11,113,-166,-12456,4508,7468,-1039,140,-52,-12500,-7304,7408,-409,-31,-72,0
3333.1400830745697,5604,8420,12024,-223,-98,157,5072,-9140,11384,252,108,-180,-12456,4592,7704,-1010,143,-66,-12460,-7236,7296,-451,-9,-106,0
3333.1735060214996,5512,8176,12156,-199,-118,144,5096,-9148,11532,31,104,-198,-12432,4356,7576,-1043,168,-131,-12524,-7360,7352,-439,44,-50,0
3333.2071261405945,5356,8416,12228,-180,-146,174,5016,-9156,11572,31,144,-204,-12332,4564,7524,-1061,208,-175,-12388,-7400,7612,-468,62,-53,0
3333.240644931793,5300,8176,11904,-205,-200,178,5052,-9164,11368,59,52,-250,-12376,4356,7724,-1029,189,-144,-12464,-7404,7380,-457,78,-29,0
3333.273983001709,5140,8444,11960,-189,-175,203,5036,-9372,11608,7,87,-222,-12524,4520,7528,-1008,187,-116,-12468,-7216,7468,-471,86,-55,0
3333.307452917099,5628,8440,11956,-190,-183,200,5172,-9104,11596,18,88,-230,-12596,4624,7920,-989,190,-129,-12684,-7264,7360,-448,92,-54,0
3333.3410780429845,5456,8336,12028,-206,-159,180,5056,-9124,11608,27,105,-215,-12460,4848,7888,-1002,167,-155,-12416,-7264,7356,-471,128,-69,0
3333.3745119571686,5528,8400,11936,-200,-147,147,5044,-9056,11472,16,83,-205,-12564,4496,7552,-996,134,-129,-12536,-7192,7348,-478,75,-90,0
3333.4078760147095,5208,8116,12268,-221,-162,140,4904,-9140,11372,-21,112,-235,-12508,4636,7616,-993,129,-79,-12468,-7236,7376,-470,103,-88,0
3333.441559076309,5448,8244,11984,-232,-165,129,5144,-9060,11488,-21,96,-208,-12464,4620,7752,-992,119,-91,-12548,-7272,7484,-452,147,-104,0
3333.474982023239,5428,8172,11968,-225,-122,140,5064,-9084,11416,-35,81,-217,-12524,4548,7732,-975,148,-100,-12508,-7148,7420,-457,132,-81,0
3333.508711099624,5488,8236,11988,-193,-126,123,5072,-9060,11404,-35,103,-198,-12756,4572,7628,-973,89,-78,-12480,-7388,7392,-491,140,-115,0
3333.5422811508174,5524,8164,12000,-159,-51,98,5220,-9128,11384,-72,81,-194,-12476,4568,7464,-998,121,-60,-12452,-6932,7464,-485,172,-146,0
3333.5756421089172,5544,8264,11984,-179,-24,89,4892,-9108,11308,-79,138,-160,-12404,4532,7432,-1280,101,-44,-12736,-7416,7352,-480,132,-123,0
3333.609162092209,5456,8144,11852,-156,241,84,5116,-9092,11384,-69,138,-130,-12564,4644,7436,-997,47,-68,-12704,-7348,7600,-493,85,-178,0
3333.6424429416656,5508,8140,11960,-140,34,63,5108,-9160,11572,-65,112,-122,-12744,4532,7796,-1057,49,-90,-12732,-7112,7364,-491,145,-173,0
3333.6758041381836,5520,8236,12036,-141,-5,81,5204,-8964,11392,-50,130,-149,-12548,4472,7424,-1058,74,-32,-12296,-7008,7504,-480,106,-166,0
3333.709291934967,5340,8224,12092,-120,86,49,5092,-9056,11392,-97,154,-137,-12420,4528,7824,-1005,67,-15,-12556,-7240,7520,-454,94,-183,0
3333.742609977722,5236,8204,12148,-165,43,34,5224,-8968,11412,-98,180,-170,-12564,4848,7456,-964,26,-83,-12508,-7196,7452,-440,129,-148,0
3333.7757930755615,5360,8204,12264,-145,-46,50,5048,-9188,11548,-83,152,-152,-12612,4616,7576,-1053,50,-88,-12472,-7124,7356,-425,144,-155,0
3333.8092930316925,5512,8416,11952,-148,37,64,5032,-9156,11368,-91,152,-108,-12524,4588,7592,-1021,41,19,-12768,-7412,7560,-424,62,-169,0
3333.8428671360016,5232,8424,12096,-145,76,47,5128,-9064,11516,-83,155,-132,-12500,4516,7456,-996,55,-18,-12412,-7228,7492,-399,97,-175,0
3333.8765580654144,5324,8184,12040,-156,17,63,4996,-9160,11280,-95,126,-157,-12424,4536,7856,-996,75,-82,-12460,-7000,7212,-408,115,-131,3
3333.909791946411,5592,8352,11852,-169,33,103,5204,-9108,11412,-74,151,-154,-12480,4628,7616,-985,92,-77,-12404,-7416,7392,-433,128,-160,3
3333.942986011505,5384,8172,12152,-148,5,71,5096,-9180,11432,-60,163,-202,-12516,4520,7528,-1014,78,-59,-12428,-7168,7404,-439,169,-116,3
3333.9804611206055,5616,8240,12108,-160,-20,89,5356,-9124,11396,-98,98,-156,-12524,4664,7620,-975,58,-34,-12536,-7240,7280,-450,166,-113,3
3334.0159001350403,5320,8288,12000,-179,-11,82,5228,-9124,11416,-65,136,-158,-12516,4788,7716,-986,38,-83,-12400,-7204,7472,-446,171,-171,3
3334.0514030456543,5408,8188,12052,-186,24,81,5088,-9252,11412,-56,122,-145,-12464,4552,7624,-983,41,-22,-12508,-7196,7440,-520,142,-157,3
3334.086236000061,5336,8268,11932,-147,-43,72,5028,-9376,11268,-45,126,-142,-12424,4584,7804,-1015,19,-97,-12372,-7212,7460,-258,159,-187,3
3334.1218061447144,5272,8216,11984,-157,-52,56,4880,-9208,11468,-35,157,-179,-12472,4392,7760,-1020,1,-47,-12424,-7192,7508,-571,204,-169,3
3334.157776117325,5136,8432,12200,-151,-63,65,4988,-9204,11464,-42,118,-191,-12404,4580,7696,-1014,28,-70,-12456,-7228,7648,-766,208,-130,3
3334.192901134491,5132,8216,12052,-154,-62,79,5148,-9200,11368,-40,104,-172,-12404,4688,7696,-1019,43,-67,-12680,-6944,7352,-548,177,-155,0
3334.228063106537,5320,8236,11884,-129,-55,105,4888,-8988,11056,-14,154,-172,-12344,4708,7696,-1024,-26,-121,-12504,-7308,7460,-528,197,-161,0
3334.263724088669,5256,8224,11944,-181,-51,118,5264,-9108,11300,-30,111,-178,-12464,4516,7700,-1024,92,-80,-12504,-7272,7588,-479,219,-151,0
3334.299566984176,5612,8308,11888,-180,-61,84,5124,-9168,11460,-57,139,-207,-12428,4584,7656,-1005,74,-71,-12516,-6988,7620,-764,152,-132,0
3334.3349709510803,5160,8236,11832,-156,-49,85,5004,-9164,11412,-52,154,-170,-12516,4408,7504,-774,51,-92,-12460,-7216,7172,-532,169,-181,0
3334.3708951473236,5364,8140,12092,-177,-37,103,5116,-9240,11432,-1,155,-172,-12436,4596,7776,-1026,15,-144,-12460,-7392,7632,-523,177,-163,0
3334.4056580066685,5332,8340,12048,-140,-30,89,4984,-9428,11452,-52,165,-155,-12364,4580,7820,-1010,47,-54,-12508,-7220,7448,-501,154,-154,0
3334.4417400360107,5352,8252,12040,-210,-17,67,5072,-9088,11508,-66,176,-155,-12428,4628,7724,-999,50,-78,-12600,-7388,7372,-538,192,-156,0
3334.4772329330444,5332,8256,12260,-208,-59,66,5024,-9200,11688,-62,149,-165,-12396,4624,7760,-1052,37,-82,-12428,-6948,7668,-541,194,-116,0
3334.5125370025635,5316,8252,12072,-153,-40,110,5108,-9200,11348,-46,145,-137,-12400,4612,7676,-1015,43,-65,-12540,-7192,7188,-501,184,-106,0
3334.5476360321045,5460,8208,12276,-164,-23,89,5096,-9132,11452,-59,164,-135,-12368,4784,7844,-1006,92,-68,-12440,-7244,7484,-500,181,-132,0
3334.583086013794,5328,8284,12120,-211,-52,95,5060,-9064,11536,-39,154,-166,-12300,4568,7644,-1016,70,-108,-12472,-7424,7232,-488,237,-136,0
3334.619284152984,5216,8380,12088,-193,-50,107,5048,-9144,11444,-23,147,-181,-12280,4492,7784,-1037,118,-87,-12708,-7252,7676,-500,239,-69,0
3334.6526041030884,5340,8316,12084,-222,-100,145,4868,-9432,11472,-8,138,-223,-12496,4564,7780,-978,155,-156,-12404,-7280,7372,-524,225,-58,0
3334.6859970092773,5268,8344,12044,-218,-101,129,5068,-9248,11516,-6,98,-240,-12428,4860,7740,-1008,184,-153,-12520,-7360,7340,-476,233,-65,0
3334.7195250988007,5568,8440,12068,-228,-151,188,5076,-9184,11384,12,90,-216,-12472,4608,7784,-981,173,-129,-12732,-7288,7444,-461,193,-44,0
3334.7530031204224,5196,7940,12240,-243,-121,165,4984,-9172,11416,17,127,-225,-12444,4628,7856,-1003,157,-104,-12452,-7188,7408,-477,238,-61,0
3334.786488056183,5568,8264,12140,-219,-142,160,4988,-9156,11468,34,157,-201,-12400,4544,7740,-1036,182,-104,-12476,-7200,7388,-492,216,-60,0
3334.8200509548187,5284,8268,12236,-236,-160,203,5268,-8992,11308,34,122,-205,-12332,4604,7644,-1003,196,-141,-12528,-7280,7400,-468,209,-67,0
3334.8536200523376,5248,7944,12076,-510,-143,158,5020,-9176,11468,13,131,-250,-12484,4548,7780,-963,166,-156,-12348,-7312,7516,-499,224,-70,0
3334.8868260383606,5292,8260,11840,-240,-133,160,5088,-9120,11464,31,128,-231,-12448,4544,7628,-1016,161,-143,-12520,-7240,7412,-497,231,-62,0
3334.9203691482544,5396,8288,12088,-218,-159,170,5272,-9200,11316,32,119,-200,-12464,4580,7712,-1007,185,-131,-12652,-7200,7328,-486,224,-54,0
3334.953845024109,5496,8196,12272,-240,-140,177,5136,-9044,11496,41,122,-213,-12584,4520,7888,-1023,157,-121,-12600,-7240,7416,-448,220,-56,0
3334.9874560832977,5348,8164,11924,-236,-151,184,5144,-9080,11500,17,119,-214,-12448,4516,7792,-1002,186,-154,-12452,-7240,7356,-427,222,-85,0
3335.0210521221165,5408,8204,12032,-262,-160,145,5088,-9032,11412,25,110,-199,-12452,4400,7712,-988,171,-140,-12504,-7280,7192,-442,175,-81,0
3335.0545439720154,5440,8132,12100,-238,-139,185,5072,-9012,11276,17,107,-194,-12460,4576,7748,-1011,167,-94,-12788,-7104,7284,-462,122,-25,0
3335.088031053543,5340,8164,11916,-249,-129,193,5140,-9376,11464,56,85,-178,-12508,4628,7724,-1050,148,-92,-12556,-7180,7252,-491,208,-60,0
3335.1216011047363,5276,8196,12068,-240,-168,187,5140,-9212,11456,43,90,-205,-12528,4560,7884,-1038,141,-100,-12780,-7284,7408,-480,195,-65,0
3335.154998064041,5456,8196,12048,-206,-115,130,5024,-9132,11396,12,132,-204,-12432,4496,7680,-1014,142,-117,-12440,-7180,7372,-462,164,-91,0
3335.1884050369263,5416,8200,12100,-275,-129,131,4864,-9124,11436,20,135,-239,-12628,4568,7672,-999,138,-103,-12684,-7160,7260,-463,181,-89,0
3335.2216141223907,5500,7960,11784,-239,-154,146,5224,-9116,11372,16,108,-197,-12480,4612,7556,-1030,124,-98,-12576,-7216,7308,-482,149,-96,0
3335.2551720142365,5440,8132,12032,-198,-107,185,5128,-9136,11356,23,106,-149,-12524,4460,7436,-1035,96,-66,-12612,-7172,7336,-471,122,-113,0
3335.2885110378265,5124,8412,12252,-206,-90,166,5032,-9072,11452,-19,136,-196,-12768,4524,7884,-1041,88,-92,-12480,-7152,7352,-466,131,-121,0
3335.3220670223236,5292,8116,12036,-189,-110,107,5124,-9132,11484,244,109,-191,-12528,4520,7696,-1033,67,-65,-12540,-7224,7324,-483,160,-119,0
3335.355731010437,5400,8216,12032,-193,-101,134,5196,-9056,11320,-47,129,-196,-12576,4520,7668,-1055,60,-53,-12560,-7104,7320,-499,209,-125,0
3335.389006137848,5464,8080,11964,-176,-110,101,5160,-9180,11464,-27,117,-203,-12540,4564,7464,-1059,115,-72,-12568,-7160,7256,-493,183,-148,0
3335.422471046448,5448,8144,12032,-147,-56,84,5232,-9208,11392,-88,130,-169,-12392,4396,7652,-1073,82,-76,-12580,-7120,7408,-473,162,-132,0
3335.4561829566956,5432,8192,11824,-173,-31,128,4956,-9096,11320,-63,132,-167,-12556,4368,7652,-1076,86,-57,-12592,-7084,7348,-408,116,-152,0
3335.4897191524506,5444,8172,12132,-172,-7,72,5060,-9116,11428,-52,157,-153,-12536,4572,7712,-1080,85,-24,-12504,-7200,7232,-453,147,-155,0
3335.5233330726624,5496,8444,11836,-162,-11,94,5164,-9080,11456,-17,160,-165,-12572,4468,7892,-1089,87,-23,-12324,-7168,7348,-463,153,-154,0
3335.5569300651546,5308,8404,11848,-164,-3,96,4868,-9044,11436,-95,141,-164,-12476,4564,7988,-989,46,-87,-12488,-7224,7460,-455,97,-191,0
3335.59024810791,5528,8188,12272,-171,253,64,4992,-9104,11384,-76,185,-160,-12460,4584,7648,-1009,41,-61,-12500,-7132,7416,-498,119,-180,0
3335.623621940613,5420,8024,12144,-124,244,54,5072,-9136,11508,-24,157,-158,-12460,4848,7784,-1056,43,-71,-12540,-7228,7448,-499,141,-160,0
3335.6612730026245,5264,8004,12092,-171,-256,108,4988,-9068,11472,-28,172,-161,-12384,4544,7432,-997,78,-47,-12424,-7092,7428,-454,87,-162,0
3335.6972019672394,5332,8144,12120,-166,-17,52,5100,-9116,11444,-47,177,-170,-12504,4516,7680,-1008,67,-92,-12548,-7244,7352,-506,124,-154,0
3335.7319531440735,5368,8220,11960,-179,-68,73,5148,-9064,11436,-38,148,-151,-12516,4364,7812,-1010,69,-60,-12616,-7248,7424,-486,93,-129,0
3335.7679340839386,5388,8104,12000,-124,-246,99,5076,-9464,11396,-31,113,-111,-12500,4452,7644,-1016,54,-49,-12572,-7256,7280,-491,93,-147,0
3335.8035809993744,5348,8228,12056,-140,11,75,5024,-9124,11484,-39,142,-139,-12508,4548,7664,-1007,29,-49,-12744,-7200,7612,-483,104,-189,0
3335.8392679691315,5512,8172,11788,-170,-2,70,5112,-9176,11548,-48,209,-136,-12448,4484,7612,-1004,17,-37,-12324,-7236,7552,-456,103,-187,0
3335.875106096268,5340,8136,11984,-178,-26,33,4904,-9164,11464,-43,202,-135,-12392,4572,7828,-1025,47,-66,-12768,-7396,7364,-466,115,-179,0
3335.9107949733734,5380,8128,12048,-213,-66,54,5096,-9104,11444,-24,174,-185,-12368,4632,7772,-1278,39,-64,-12444,-7116,7384,-436,150,-134,0
3335.945960044861,5272,8124,12280,-192,-32,78,5012,-8972,11484,-17,150,-194,-12424,4584,7868,-1022,45,-61,-12432,-7228,7444,-475,143,-128,0
3335.982357978821,5436,8168,12072,-178,-45,66,4944,-9216,11516,-38,152,-173,-12396,4568,7940,-1041,40,-50,-12764,-7188,7392,-486,133,-165,0
3336.017394065857,5568,8164,12048,-172,-61,91,5056,-9088,11568,-54,133,-162,-12492,4576,7796,-1027,58,-58,-12784,-7256,7320,-485,153,-145,0
3336.0532150268555,5204,8224,12084,-172,-31,88,5092,-9176,11268,-44,165,-183,-12436,4652,7828,-1022,30,-88,-12776,-7240,7228,-477,156,-177,0
3336.0888991355896,5408,8252,12124,-183,-57,83,5108,-9076,11732,-24,182,-168,-12432,4572,7864,-1037,70,-34,-12728,-7220,7512,-498,141,-125,0
3336.124412059784,5300,8284,12112,-197,-26,101,5052,-9148,11376,-26,135,-157,-12432,4804,7792,-1051,139,-84,-12500,-7312,7388,-261,137,-114,0
3336.1595120429993,5336,8240,11896,-163,-17,113,5108,-9076,11476,-68,132,-180,-12440,4544,7904,-1017,92,-40,-12612,-7176,7440,-484,135,-117,0
3336.1945691108704,5156,8148,11864,-180,-18,114,5128,-9152,11700,-57,128,-176,-12496,4528,7916,-980,90,-80,-12492,-7272,7320,-484,158,-141,0
3336.229730129242,5316,8236,12128,-178,-34,123,5032,-9116,11468,-65,125,-204,-12460,4528,7736,-1012,73,-98,-12316,-7200,7608,-495,150,-138,0
3336.264734983444,5564,8188,12264,-186,-59,115,5184,-9176,11424,-67,137,-168,-12412,4516,7796,-1017,104,-51,-12564,-7204,7356,-471,131,-153,0
3336.3009121418,5152,8160,11956,-193,-16,108,5004,-9192,11436,-53,150,-177,-12464,4504,7652,-770,96,-59,-12428,-7236,7444,-472,136,-137,0
3336.3343489170074,5136,8272,12136,-190,-50,124,5104,-9140,11300,-28,145,-160,-12432,4816,7748,-1019,87,-46,-12544,-7152,7436,-486,131,-110,0
3336.367753028869,5320,8092,11832,-213,-50,120,5020,-9080,11536,-34,136,-187,-12344,4644,7724,-984,92,-68,-12460,-7316,7460,-492,174,-109,0
3336.4011011123657,5524,8252,11788,-210,-69,131,4976,-9144,11408,-24,146,-203,-12404,4672,7692,-1015,137,-144,-12448,-7212,7468,-482,160,-105,0
3336.434510946274,5248,8412,11892,-197,-118,137,5056,-9152,11356,8,133,-205,-12476,4380,7736,-987,105,-110,-12536,-7248,7376,-502,193,-89,0
3336.468192100525,5256,8164,12284,-215,-135,138,5116,-9192,11348,3,114,-222,-12464,4448,7680,-992,89,-140,-12428,-7264,7520,-502,198,-79,0
3336.5018389225006,5356,8252,12088,-191,-116,151,5076,-9184,11676,31,65,-177,-12428,4568,7908,-990,89,-72,-12524,-7240,7620,-503,184,-87,0
3336.5354521274567,5288,8152,12084,-217,-175,158,5084,-9104,11524,-4,117,-216,-12392,4528,7880,-992,168,-127,-12488,-7164,7420,-493,219,-57,0
3336.569036960602,5328,8236,11920,-238,-183,155,5096,-9124,11368,-254,93,-226,-12368,4852,7680,-975,151,-155,-12468,-7148,7420,-477,194,-67,0
3336.6026101112366,5532,8064,12012,-226,-158,166,5044,-9124,11564,24,134,-213,-12480,4780,7648,-1039,162,-136,-12508,-7160,7412,-509,173,-73,0
3336.635941028595,5404,8144,12212,-228,-158,193,5160,-9088,11632,36,127,-211,-12480,4548,7728,-1042,116,-122,-12580,-7148,7404,-491,170,-68,0
3336.6694140434265,5480,8172,12196,-214,-145,168,5120,-9048,11436,35,125,-201,-12452,4416,7808,-975,127,-63,-12484,-7352,7400,-474,167,-71,0
3336.702992916107,5360,8440,11792,-234,-159,121,5120,-9096,11572,-30,90,-237,-12376,4544,7772,-995,129,-127,-12516,-7196,7224,-470,218,-83,0
3336.7365550994873,5444,8072,12264,-229,-176,153,5336,-9088,11472,-9,90,-221,-12512,4468,7824,-1042,144,-107,-12796,-7216,7352,-471,163,-89,0
3336.7700829505925,5384,8148,11932,-195,-140,167,5112,-8800,11432,9,97,-150,-12500,4840,7864,-1034,119,-74,-12568,-7236,7352,-476,115,-59,0
3336.803836107254,5284,8184,11992,-241,-103,179,5040,-9076,11304,9,139,-174,-12392,4624,7816,-1000,124,-91,-12460,-7148,7344,-453,120,-83,0
3336.837438106537,5348,8156,12028,-225,-157,169,5060,-9096,11600,-251,113,-228,-12528,4488,7936,-1014,113,-105,-12544,-7256,7388,-445,171,-72,0
3336.870723962784,5332,8124,11820,-201,-179,165,5040,-9116,11480,30,104,-215,-12452,4524,7908,-1013,147,-148,-12440,-7172,7488,-501,194,-55,0
3336.903953075409,5392,8072,12192,-219,-214,195,5044,-9116,11424,47,105,-234,-12360,4524,7532,-1036,167,-150,-12572,-7132,7352,-474,209,-59,0
3336.9374721050262,5444,8052,12280,-206,-224,183,5164,-9108,11388,-8,63,-240,-12432,4564,7684,-1013,173,-108,-12516,-7192,7396,-428,185,-53,0
3336.9712419509888,5504,8096,12056,-220,-201,166,5168,-9040,11368,14,102,-223,-12568,4524,7616,-998,165,-111,-12624,-7100,7236,-458,180,-61,0
3337.0047030448914,5528,8100,12140,-229,-164,152,5112,-9168,11404,14,110,-215,-12488,4592,7868,-1020,147,-86,-12592,-7404,7224,-493,176,-103,0
3337.038190126419,5596,8112,12000,-182,-109,143,5228,-9056,11420,25,97,-190,-12528,4456,7676,-1030,114,-111,-12624,-7180,7300,-483,138,-100,0
3337.0716190338135,5532,7952,12164,-174,-70,101,5208,-9040,11508,-22,142,-193,-12472,4404,7800,-1018,76,-74,-12752,-6932,7284,-457,141,-130,0
3337.10507106781,5544,8108,11836,-190,-66,105,5176,-9080,11452,-71,130,-152,-12420,4556,7788,-769,71,-30,-12316,-6952,7272,-484,129,-125,0
3337.1382751464844,5416,8060,12228,-177,-40,72,5208,-9084,11288,-59,155,-168,-12516,4468,7648,-1011,75,-46,-12596,-6928,7372,-475,113,-159,0
3337.1742169857025,5508,8092,12088,-165,-37,75,4876,-9032,11488,-38,175,-131,-12444,4512,7636,-1022,79,-60,-12580,-7424,7392,-495,136,-148,0
3337.2082071304326,5424,8116,12136,-170,-14,74,5112,-9032,11492,-39,156,-142,-12484,4564,7880,-998,113,-107,-12772,-7212,7292,-461,136,-140,0
3337.24165892601,5564,8432,12064,-185,-42,87,5144,-8988,11412,-41,148,-162,-12488,4528,7632,-1005,115,-70,-12564,-7184,7660,-454,136,-114,0
3337.2750220298767,5556,8080,11808,-162,-57,121,5156,-9072,11456,-63,145,-151,-12524,4540,7424,-989,60,-59,-12500,-7204,7360,-260,114,-134,0
3337.3107540607452,5384,8104,12148,-168,-26,92,5072,-9152,11692,-37,159,-133,-12420,4540,7708,-1045,57,-65,-12384,-7236,7304,-518,153,-160,0
3337.3455860614777,5508,8052,12104,-177,-29,97,5084,-9104,11496,-49,156,-157,-12420,4520,7780,-1003,37,-62,-12520,-7308,7400,-499,96,-150,0
3337.3816680908203,5456,8160,12156,-144,10,37,5168,-9036,11484,-65,178,-165,-12428,4528,7668,-997,53,-15,-12580,-7224,7408,-470,95,-155,0
3337.4176709651947,5456,8112,12120,-168,-15,49,5176,-9160,11600,-65,142,-171,-12480,4540,7880,-987,34,-71,-12532,-7184,7248,-469,128,-166,0
3337.452944993973,5600,8012,11992,-135,7,79,5160,-8976,11380,-75,161,-155,-12444,4472,7624,-1016,59,-34,-12360,-7220,7240,-489,95,-158,0
3337.489328145981,5360,8156,12128,-134,-5,67,5092,-9132,11412,-53,161,-130,-12452,4504,7832,-1014,53,-23,-12796,-7248,7356,-479,117,-154,0
3337.52410697937,5124,8060,12264,-176,-30,77,5004,-9108,11368,-84,119,-159,-12340,4592,7724,-1023,46,-75,-12416,-7252,7488,-480,127,-145,0
3337.5598471164703,5372,8120,12044,-156,-29,78,5140,-9100,11516,-30,183,-162,-12480,4440,7836,-991,51,-71,-12528,-7260,7416,-487,125,-160,0
3337.5955939292908,5384,8080,12096,-167,-41,91,5160,-9036,11416,-25,168,-164,-12400,4524,7908,-1028,37,-33,-12416,-7172,7316,-465,126,-158,0
3337.6317150592804,5432,8132,11916,-142,-53,109,5048,-9164,11404,-55,139,-176,-12412,4532,8148,-1004,74,-62,-12624,-7172,7280,-486,141,-142,0
3337.6677350997925,5244,7948,12080,-181,-23,82,5040,-9172,11396,-43,119,-157,-12352,4572,7864,-973,70,-53,-12540,-7272,7344,-488,117,-158,0
3337.7031440734863,5596,8172,12236,-183,-25,73,4872,-9128,11388,-29,117,-176,-12536,4356,7728,-1003,68,-80,-12292,-7128,7340,-493,136,-137,0
3337.738217115402,5456,8096,12096,-165,-71,91,5056,-9044,11492,-31,160,-169,-12356,4520,7944,-1278,72,-89,-12300,-7192,7556,-482,117,-140,0
3337.7744629383087,5372,8160,11972,-150,-57,74,5108,-9112,11768,-43,169,-155,-12384,4472,7720,-1007,56,-37,-12752,-7248,7292,-478,120,-152,0
3337.8101410865784,5136,8104,12040,-176,-35,77,5264,-9092,11744,-70,134,-203,-12428,4600,7836,-996,80,-99,-12452,-7236,7312,-493,130,-139,0
3337.8452999591827,5536,8248,11908,-156,-45,55,4884,-9132,11404,-30,164,-181,-12420,4860,7780,-1010,75,-46,-12496,-6940,7612,-516,112,-163,0
3337.8805539608,5312,8196,12092,-143,-33,111,5100,-9196,11452,254,121,-139,-12436,4808,7812,-1039,68,-65,-12476,-7296,7424,-509,135,-114,0
3337.9154441356654,5584,8088,12152,-166,-42,122,5084,-9116,11472,-28,115,-137,-12472,4360,7788,-1008,113,-112,-12320,-7176,7304,-480,159,-109,0
3337.9523799419403,5324,8204,12144,-205,-74,120,5028,-9052,11504,-68,123,-196,-12352,4476,7640,-966,80,-72,-12508,-7208,7248,-479,134,-130,0
3337.985999107361,5340,8148,12088,-177,-62,112,5084,-9160,11388,-60,125,-172,-12436,4648,7816,-1017,82,-87,-12552,-7112,7176,-259,146,-141,0
3338.0198159217834,5308,8108,11800,-167,-56,112,5128,-9104,11508,-254,126,-162,-12388,4476,7836,-1027,84,-59,-12784,-7320,7320,-763,140,-130,0
3338.053321123123,5276,7984,12064,-166,-52,94,5088,-8992,11516,-8,130,-176,-12364,4544,7816,-1049,65,-67,-12488,-7212,7460,-501,126,-128,0
3338.0869510173798,5376,8108,12064,-198,-58,81,5092,-8964,11516,-42,146,-179,-12360,4564,7880,-1009,66,-107,-12480,-7184,7472,-492,156,-125,0
3338.1203899383545,5556,7968,12144,-240,-52,73,4884,-9144,11316,-43,151,-194,-12408,4596,7832,-1003,73,-96,-12788,-7180,7240,-480,156,-105,0
3338.1537160873413,5528,8344,11984,-187,-79,137,5088,-9160,11420,-22,160,-155,-12436,4524,7760,-1002,94,-55,-12500,-7208,7380,-494,134,-105,0
3338.1874871253967,5276,8156,11944,-207,-90,148,5028,-9108,11452,-18,129,-160,-12316,4480,7676,-982,77,-78,-12428,-7368,7452,-476,120,-93,0
3338.2210950851445,5208,8192,11956,-229,-122,120,5036,-9056,11492,-5,126,-189,-12376,4492,7904,-963,103,-120,-12464,-7232,7340,-467,163,-88,0
3338.25470995903,5308,8032,12124,-211,-154,157,5024,-8996,11760,-9,117,-223,-12108,4576,7680,-998,123,-163,-12524,-7288,7368,-482,202,-71,0
3338.287703037262,5284,7992,12088,-218,-191,161,5104,-9060,11560,32,101,-277,-12384,4520,7716,-996,213,-136,-12560,-7172,7488,-467,231,-50,0
3338.3212521076202,5300,8128,12048,-226,-173,197,5236,-9108,11284,-8,90,-243,-12392,4576,7688,-997,198,-132,-12424,-7156,7384,-475,189,-65,0
3338.3544149398804,5408,8064,12076,-210,-175,187,4980,-9124,11284,10,107,-218,-12472,4516,7724,-984,175,-148,-12608,-7244,7260,-450,161,-56,0
3338.3877789974213,5448,7948,12112,-227,-172,169,5216,-9064,11468,-15,102,-220,-12484,4592,7628,-1005,173,-139,-12620,-7220,7196,-480,172,-89,0
3338.4213111400604,5456,8148,12052,-219,-151,167,5156,-9140,11616,35,103,-231,-12412,4448,7740,-1032,152,-98,-12568,-7192,7420,-470,189,-55,0
3338.454982042312,5384,7984,12056,-213,-157,162,5072,-9180,11476,6,87,-232,-12476,4456,7740,-1007,165,-85,-12520,-7236,7368,-479,179,-87,0
3338.4882469177246,5424,8068,11976,-246,-160,155,5164,-9136,11496,7,114,-217,-12416,4360,7920,-992,150,-139,-12496,-7140,7292,-468,181,-73,0
3338.5217990875244,5452,8148,11856,-212,-195,155,5056,-9116,11652,-14,111,-220,-12384,4460,7796,-992,162,-116,-12432,-7244,7328,-473,181,-87,0
3338.555433988571,5132,8092,12096,-218,-194,159,5088,-9076,11420,23,86,-207,-12508,4532,7620,-1046,134,-111,-12432,-7188,7364,-478,180,-87,0
3338.5886969566345,5324,8168,12104,-216,-142,144,5032,-9140,11568,82,111,-221,-12376,4552,7784,-1010,187,-104,-12776,-7396,7184,-467,145,-63,0
3338.6223249435425,5448,8000,11988,-202,-172,159,5148,-9120,11392,56,99,-228,-12452,4516,7808,-999,154,-107,-12332,-6928,7380,-477,202,-47,0
3338.65572309494,5480,8172,12092,-206,-190,166,5068,-8980,11572,34,107,-207,-12452,4604,7468,-986,161,-126,-12640,-7280,7676,-462,176,-47,0
3338.6892330646515,5528,8148,12092,-220,-183,172,5180,-9064,11472,17,78,-218,-12404,4476,7496,-1012,199,-98,-12596,-7180,7244,-496,136,-99,0
3338.7229080200195,5492,8024,11912,-203,-155,148,4892,-9144,11328,55,62,-196,-12440,4552,7836,-1021,149,-76,-12592,-7192,7384,-257,161,-108,0
3338.7561609745026,5528,8124,12272,-193,-186,144,5156,-9044,11512,64,91,-195,-12472,4516,7908,-1056,123,-82,-12572,-7160,7316,-486,166,-91,0
3338.789916038513,5556,8204,12032,-188,-96,132,5268,-8932,11580,8,165,-189,-12440,4536,7824,-1002,94,-67,-12576,-7288,7336,-452,120,-94,0
3338.8235199451447,5480,8108,12060,-236,-109,125,5204,-9052,11564,7,154,-214,-12504,4504,7924,-979,103,-120,-12792,-7404,7380,-455,192,-115,0
3338.8571569919586,5480,8064,11804,-178,-140,99,5168,-9084,11336,-18,134,-171,-12512,4856,7796,-975,92,-65,-12516,-7164,7360,-477,117,-127,0
3338.8901081085205,5616,8088,12132,-108,-20,99,5188,-8992,11496,-23,131,-113,-12544,4520,7936,-1036,86,-8,-12752,-7288,7428,-513,88,-140,0
3338.9238901138306,5520,8048,12164,-157,253,67,5156,-8992,11632,-44,204,-139,-12432,4440,7656,-1026,58,-50,-12528,-7304,7292,-453,87,-192,0
3338.9573600292206,5532,8000,12088,-190,23,61,5116,-9000,11492,-63,157,-147,-12480,4612,7564,-1017,48,-75,-12500,-7104,7400,-488,146,-175,0
3338.9928081035614,5496,8108,12016,-128,-24,77,5220,-8968,11508,-58,159,-184,-12440,4776,7764,-1020,108,-49,-12792,-7176,7320,-516,152,-181,0
3339.0287611484528,5472,8188,12084,-153,-79,91,5176,-9128,11396,-28,183,-197,-12364,4532,7836,-1081,115,-68,-12476,-7224,7344,-495,183,-120,0
3339.0639131069183,5400,8392,12124,-125,-33,89,4944,-9156,11364,-84,123,-203,-12380,4584,7752,-996,93,-82,-12520,-7240,7284,-461,118,-100,0
3339.099352121353,5496,8160,12036,-155,-49,90,5140,-9044,11488,-59,176,-163,-12420,4548,7740,-1032,88,-88,-12680,-7228,7264,-459,108,-186,0
3339.1342511177063,5464,8052,12168,-157,-251,56,4896,-9060,11732,-31,211,-131,-12504,4556,7780,-1011,32,-44,-12752,-7220,7236,-489,122,-165,0
3339.1701271533966,5420,8104,11780,-139,-14,56,5072,-9040,11452,-43,146,-160,-12316,4488,7720,-1006,53,-67,-12580,-7228,7332,-493,165,-156,0
3339.205497980118,5404,8124,12076,-136,-23,75,5344,-9016,11416,-101,159,-174,-12448,4500,7912,-990,67,-28,-12444,-7196,7516,-494,129,-152,0
3339.241506099701,5456,8072,12016,-150,-25,76,5060,-9048,11432,-60,129,-189,-12536,4576,7600,-1018,77,-66,-12520,-7212,7232,-764,129,-157,0
3339.2774379253387,5496,8200,12020,-135,-68,97,5332,-8932,11752,254,144,-159,-12392,4480,7872,-1015,82,-46,-12600,-7340,7260,-465,132,-144,0
3339.3121790885925,5472,8124,12256,-146,-11,73,5088,-9032,11424,-55,134,-173,-12460,4508,7804,-994,84,-82,-12592,-7252,7348,-475,108,-139,0
3339.3475329875946,5528,8112,12264,-179,-42,69,5128,-9056,11468,-52,146,-168,-12368,4500,7832,-994,80,-26,-12620,-7304,7284,-487,78,-145,0
3339.382812023163,5468,8144,11960,-143,-18,104,5108,-8996,11468,-35,132,-140,-12472,4580,7840,-1034,92,-35,-12584,-7212,7436,-508,43,-139,0
3339.4177420139313,5416,8156,11896,-130,-252,98,5032,-9060,11536,-20,121,-126,-12544,4456,7840,-1039,51,-22,-12460,-7200,7252,-768,74,-151,0
3339.4536180496216,5432,8060,12228,-134,-251,77,5120,-9008,11272,-63,159,-136,-12460,4548,7936,-989,27,-71,-12476,-7324,7308,-512,106,-162,0
3339.4886960983276,5416,8244,12160,-206,-62,56,5084,-9064,11456,-33,202,-161,-12568,4564,7524,-1003,40,-71,-12468,-7236,7196,-491,142,-149,0
3339.5237600803375,5620,8360,12116,-168,-85,69,5096,-9108,11496,-21,159,-185,-12356,4484,7760,-1002,125,-34,-12728,-7004,7560,-483,113,-148,0
3339.5596270561214,5256,8096,12092,-174,-77,65,5136,-9124,11472,-11,153,-206,-12180,4824,7896,-1015,81,-107,-12488,-7232,7552,-471,132,-110,0
3339.594465970993,5404,8112,11776,-183,-38,76,5360,-9072,11552,1,125,-187,-12320,4624,7848,-1033,89,-68,-12460,-7272,7324,-504,146,-150,0
3339.6317260265346,5436,8400,12264,-158,-75,108,5108,-9096,11380,-21,128,-188,-12468,4596,7808,-1042,74,-85,-12520,-7272,7428,-519,158,-128,0
3339.6650519371033,5396,8140,12112,-155,-86,110,5140,-9056,11376,-27,167,-168,-12436,4588,7680,-1017,65,-75,-12292,-7216,7280,-513,153,-158,0
3339.6984419822693,5400,8196,12020,-151,-82,60,5348,-9044,11588,-15,166,-166,-12420,4532,7788,-1030,53,-45,-12408,-7300,7440,-487,131,-153,0
3339.732073068619,5480,7984,11828,-155,-56,79,5108,-9044,11508,-15,134,-160,-12356,4476,7792,-1001,72,-33,-12528,-7244,7272,-502,130,-140,0
3339.765561103821,5456,8204,11940,-170,-31,106,5072,-9064,11496,-39,107,-172,-12488,4544,7752,-1003,94,-54,-12492,-7348,7496,-761,117,-127,0
3339.7987530231476,5252,8136,11912,-148,-50,115,5336,-8988,11444,-52,147,-182,-12420,4548,7696,-1000,80,-102,-12448,-7320,7312,-475,166,-131,0
3339.832101106644,5404,8084,11920,-182,-61,96,5188,-9044,11452,-58,135,-158,-12456,4508,7812,-987,121,-95,-12336,-7340,7244,-484,167,-116,0
3339.865355014801,5412,8132,11980,-157,-67,84,5300,-9084,11412,-28,132,-187,-12496,4540,7764,-993,105,-100,-12428,-7360,7200,-493,126,-137,0
3339.8984229564667,5224,8240,11860,-152,-69,107,5072,-9068,11676,-56,133,-181,-12476,4424,7836,-1273,92,-122,-12496,-7420,7604,-484,146,-152,0
3339.9321110248566,5160,8252,12284,-168,-60,103,5228,-9100,11628,-29,143,-171,-12516,4480,7768,-1015,87,-115,-12480,-7192,7408,-490,129,-124,0
3339.965546131134,5344,8160,12280,-176,-43,116,4896,-9044,11384,-18,177,-166,-12464,4564,8136,-1024,117,-47,-12308,-7256,7268,-491,134,-121,0
3339.999004125595,5600,8192,12024,-168,-36,106,4868,-8996,11456,-12,115,-161,-12424,4392,7848,-1008,118,-44,-12504,-7300,7620,-475,128,-130,0
3340.0324969291687,5464,8120,12096,-172,-83,128,5128,-9060,11348,-4,136,-185,-12356,4436,7948,-1013,121,-79,-12516,-7220,7440,-476,155,-103,0
3340.066062927246,5368,8116,12132,-184,-93,114,5060,-9084,11520,-8,167,-186,-12388,4612,7576,-1014,98,-95,-12460,-7316,7364,-484,162,-90,0
3340.0994889736176,5140,8164,12156,-197,-105,139,5028,-9084,11472,12,103,-186,-12396,4544,7820,-773,106,-114,-12476,-7176,7292,-473,156,-95,0
3340.132972955704,5404,8148,12124,-193,-113,154,4884,-9044,11456,40,126,-214,-12480,4496,7860,-1006,137,-108,-12452,-7220,7380,-492,174,-62,0
3340.166468143463,5144,8160,12120,-186,-106,138,5012,-9072,11508,3,112,-224,-12344,4600,7948,-995,146,-121,-12532,-7316,7372,-480,177,-82,0
3340.1999850273132,5444,8236,12064,-229,-151,170,5136,-9024,11468,-19,114,-223,-12368,4496,7804,-995,164,-119,-12572,-7176,7460,-453,141,-59,0
3340.2333149909973,5620,8424,11868,-198,-135,144,5164,-9136,11396,-25,136,-216,-12428,4668,7748,-1007,138,-104,-12380,-7212,7292,-495,150,-103,0
3340.2669870853424,5420,8212,11956,-220,-177,165,5336,-8792,11608,39,117,-201,-12400,4480,7456,-1045,141,-86,-12676,-7388,7420,-501,162,-56,0
3340.3002150058746,5420,8328,12116,-208,-127,159,4976,-9044,11596,18,98,-189,-12420,4476,8100,-1023,155,-127,-12532,-7304,7596,-473,134,-76,0
3340.3336589336395,5468,8384,12032,-247,-136,113,5368,-9140,11524,21,119,-233,-12492,4532,7580,-1012,140,-152,-12592,-7028,7356,-484,219,-69,0
3340.3672149181366,5596,8120,12068,-204,-178,150,5180,-9068,11396,-8,94,-220,-12340,4376,7696,-999,131,-123,-12480,-7220,7364,-473,172,-89,0
3340.400285959244,5608,8112,12044,-174,-143,174,5204,-8912,11584,12,90,-173,-12432,4772,7424,-1009,154,-79,-12580,-7140,7356,-465,109,-90,0
3340.433768987656,5500,8148,12052,-196,-118,147,5180,-9044,11436,255,131,-166,-12356,4496,7748,-1000,123,-71,-12432,-7232,7256,-444,93,-115,0
3340.4674680233,5388,8388,12284,-213,-132,128,5348,-9072,11732,8,138,-198,-12348,4404,7820,-1000,142,-138,-12424,-7208,7308,-467,142,-84,0
3340.5007820129395,5456,8108,12148,-209,-128,147,5000,-9016,11424,11,109,-213,-12344,4524,7472,-1034,152,-147,-12584,-7228,7208,-492,214,-46,0
3340.534337043762,5444,8076,12120,-205,-187,168,5132,-9000,11400,49,89,-233,-12440,4500,8108,-1019,170,-129,-12468,-7144,7416,-484,215,-69,0
3340.567894935608,5468,7948,12132,-205,-200,177,5052,-9196,11504,9,66,-267,-12452,4476,8092,-982,158,-99,-12800,-7344,7360,-481,205,-74,0
3340.6012630462646,5472,8136,12088,-182,-183,183,5196,-9008,11420,45,62,-240,-12360,4508,7776,-1275,162,-124,-12344,-7248,7256,-460,149,-65,0
3340.6345720291138,5884,8108,12156,-221,-152,150,5192,-8940,11532,34,109,-238,-12460,4540,7780,-987,142,-98,-12560,-7408,7272,-468,168,-70,0
3340.6706569194794,5492,8148,12148,-214,-129,151,5224,-8956,11648,50,103,-223,-12448,4572,7848,-995,121,-123,-12548,-7288,7244,-482,137,-85,0
3340.706134080887,5552,8148,11996,-212,-169,151,5180,-9192,11740,24,104,-223,-12472,4548,7688,-996,118,-90,-12496,-7156,7312,-467,150,-98,0
3340.74187707901,5468,8104,12228,-234,-135,133,5196,-8964,11504,34,104,-222,-12432,4480,7724,-1003,119,-83,-12544,-7220,7388,-491,140,-98,0
3340.7781100273132,5480,8048,12040,-214,-166,138,5208,-9116,11520,32,104,-202,-12344,4536,7640,-967,122,-93,-12760,-7256,7372,-500,138,-72,0
3340.8131170272827,5564,8144,11828,-213,-168,154,4904,-9072,11544,63,63,-177,-12432,4416,7508,-980,123,-50,-12460,-7108,7324,-466,137,-84,0
3340.849426984787,5540,8136,11944,-201,-138,150,5152,-8868,11704,31,106,-199,-12464,4420,7776,-1004,137,-102,-12524,-7264,7416,-456,162,-96,0
3340.884812116623,5500,8436,11780,-185,-135,131,5016,-8980,11520,-35,87,-199,-12420,4468,7484,-995,134,-85,-12592,-7176,7268,-471,97,-129,0
3340.9203829765324,5556,7956,11992,-171,-73,114,5284,-9184,11744,-31,122,-159,-12492,4624,7696,-1017,95,-60,-12512,-7156,7392,-531,118,-157,0
3340.955896139145,5508,8096,12040,-146,-66,108,5196,-8736,11540,18,157,-150,-12516,4384,7884,-1037,84,-66,-12548,-7264,7340,-526,136,-144,0
3340.9915149211884,5552,8200,11920,-165,17,82,5240,-8720,11400,-53,179,-154,-12436,4496,7752,-1011,83,-16,-12528,-7264,7404,-451,100,-165,0
3341.027812957764,5504,8096,12120,-178,-13,60,5192,-9052,11604,-56,148,-146,-12296,4548,7608,-994,54,-78,-12796,-6936,7368,-476,99,-192,0
3341.062572002411,5556,8092,12100,-137,-54,53,5280,-8916,11416,-80,146,-155,-12436,4584,7744,-1011,46,-17,-12580,-7204,7420,-488,125,-147,0
3341.0985901355743,5512,8160,11984,-102,-20,87,5128,-8860,11496,-58,136,-143,-12448,4516,7704,-771,76,-34,-12344,-7236,7400,-504,59,-175,0
3341.1336219310765,5532,8096,11908,-146,-253,61,5176,-9028,11328,-78,156,-135,-12472,4584,7868,-1013,63,-37,-12520,-7140,7484,-473,86,-185,0
3341.1694121360774,5416,8184,12008,-155,-35,65,4884,-8928,11584,-46,160,-153,-12420,4584,7868,-1002,21,-68,-12520,-7232,7380,-258,105,-163,0
3341.204996109009,5472,8128,11884,-135,-59,74,5360,-8932,11760,-35,185,-178,-12532,4544,7740,-1005,86,-91,-12592,-7272,7452,-499,142,-138,0
3341.241065979004,5528,8180,12220,-180,-78,67,5136,-9020,11536,-35,153,-228,-12320,4524,7848,-1025,134,-78,-12588,-7276,7228,-475,164,-133,0
3341.275932073593,5608,8140,12084,-141,-75,107,5084,-8972,11496,-74,92,-195,-12460,4436,7788,-991,130,-81,-12364,-7176,7316,-478,137,-129,0
3341.3117439746857,5532,8116,12048,-160,-37,98,5304,-8712,11404,-57,134,-162,-12412,4392,7660,-1012,69,-67,-12628,-7236,7472,-473,101,-146,0
3341.3470749855046,5496,8100,12068,-164,-59,91,5148,-9012,11632,-39,157,-176,-12464,4604,7708,-1054,60,-87,-12544,-6972,7524,-487,142,-141,0
3341.3805289268494,5460,8164,12248,-129,-52,109,5152,-9068,11556,-35,162,-173,-12348,4484,7668,-1045,88,-31,-12480,-7216,7500,-506,123,-163,0
3341.4138259887695,5464,8184,11956,-155,-59,72,5228,-8708,11352,-57,161,-160,-12432,4512,7824,-1010,58,-87,-12560,-7268,7380,-472,115,-141,0
3341.447438955307,5416,8088,12108,-191,-33,88,5208,-9004,11468,-65,163,-167,-12412,4488,7840,-1014,56,-60,-12400,-7164,7324,-477,93,-139,0
3341.481110095978,5532,8076,11968,-165,-39,85,5056,-9032,11496,-33,145,-154,-12324,4600,7988,-1026,79,-29,-12436,-7308,7412,-489,89,-155,0
3341.514508008957,5536,8220,11960,-120,-48,102,5260,-8944,11476,-39,135,-156,-12300,4456,7712,-1009,87,-56,-12528,-7308,7432,-494,120,-159,0
3341.548177957535,5540,8180,12016,-157,-43,92,5148,-9016,11504,-44,149,-182,-12364,4808,8024,-992,61,-92,-12552,-7296,7384,-483,119,-123,0
3341.581736087799,5500,8264,11996,-175,-66,97,5200,-8768,11548,-76,116,-178,-12440,4512,7884,-973,91,-74,-12504,-7220,7312,-482,112,-140,0
3341.6153459548946,5564,8092,11980,-144,-67,129,5188,-9056,11304,-46,154,-200,-12432,4620,7748,-1064,99,-106,-12452,-7248,7328,-518,140,-144,0
3341.6486730575566,5484,8212,12076,-161,-84,124,5148,-8924,11668,13,120,-173,-12472,4592,7776,-1039,57,-47,-12504,-7288,7320,-531,124,-126,0
3341.682219028473,5564,8420,11904,-140,-48,89,5196,-9184,11540,-39,122,-161,-12492,4464,7684,-1002,60,-72,-12520,-7392,7428,-488,83,-168,0
3341.7155289649963,5556,8152,12124,-177,-54,56,5172,-9000,11576,-36,144,-166,-12472,4520,7692,-972,59,-75,-12676,-7252,7168,-477,103,-162,0
3341.749190092087,5480,8148,11816,-192,-39,52,5168,-9056,11532,-50,173,-167,-12360,4544,7844,-1019,20,-106,-12512,-7228,7436,-463,102,-150,0
3341.7827601432805,5552,8104,12028,-146,-53,89,5160,-8952,11684,-31,139,-134,-12436,4600,7772,-1039,54,-19,-12448,-7260,7412,-493,73,-154,0
3341.816395044327,5492,8160,12252,-159,-22,93,5168,-9064,11536,-32,91,-137,-12432,4512,7860,-1014,52,-38,-12376,-7308,7300,-500,66,-168,0
3341.8498101234436,5580,8444,12092,-170,-52,75,5120,-9084,11648,-46,130,-147,-12380,4816,8076,-997,67,-54,-12548,-7188,7316,-490,124,-156,0
3341.883332967758,5120,8432,11928,-159,-65,101,5164,-8912,11268,-29,146,-188,-12488,4564,7652,-1018,72,-113,-12496,-7252,7416,-505,156,-148,0
3341.9168190956116,5460,8444,12144,-162,-75,72,5192,-9036,11568,-8,162,-195,-12388,4536,7752,-1019,90,-79,-12568,-7296,7404,-501,167,-156,0
3341.9503369331364,5444,8100,12028,-180,-78,91,5144,-9004,11444,-19,107,-204,-12444,4440,7844,-1020,117,-77,-12432,-7272,7376,-487,118,-119,0
3341.983789920807,5448,8132,11888,-171,-88,103,5172,-8980,11456,-40,146,-181,-12440,4480,8160,-990,131,-50,-12568,-7340,7216,-484,115,-109,0
3342.0173859596252,5556,8220,12180,-177,-62,104,5248,-8708,11588,-44,140,-163,-12372,4856,7832,-1038,97,-101,-12536,-7280,7168,-476,126,-105,0
3342.0509259700775,5536,8248,11976,-190,-72,102,5352,-9172,11392,-33,179,-140,-12400,4568,7728,-1028,80,-98,-12404,-7180,7404,-486,145,-111,0
3342.084389925003,5536,8156,12076,-174,-48,110,5068,-9040,11452,-41,136,-183,-12280,4472,7924,-1276,67,-60,-12484,-7408,7512,-463,131,-118,0
3342.1176359653473,5408,7936,11864,-207,-79,122,4864,-9096,11460,-26,120,-201,-12312,4420,7936,-1017,108,-129,-12424,-7252,7424,-457,159,-80,0
3342.1508769989014,5404,8176,11828,-199,-118,126,5048,-8716,11756,8,91,-195,-12340,4648,7700,-967,87,-114,-12504,-7380,7452,-491,159,-57,0
3342.197462081909,5436,8200,12104,-190,-145,155,5140,-8928,11604,-18,104,-214,-12348,4536,8032,-992,160,-142,-12452,-7300,7372,-490,170,-64,0
3342.2310869693756,5460,8204,12112,-203,-174,164,4912,-8912,11724,14,91,-201,-12408,4476,7944,-981,125,-116,-12452,-7288,7364,-462,167,-89,0
3342.2652571201324,5480,8176,12036,-240,-150,161,5224,-9192,11732,-2,91,-242,-12376,4428,7892,-988,180,-88,-12416,-7296,7424,-470,187,-48,0
3342.298767089844,5440,8156,11996,-238,-142,153,5232,-8924,11360,1,110,-228,-12364,4384,7708,-983,183,-92,-12304,-7280,7572,-455,145,-31,0
3342.332020044327,5592,8204,12192,-206,-164,167,5176,-8928,11716,254,100,-178,-12452,4512,7732,-1018,187,-103,-12560,-7220,7424,-507,149,-80,0
3342.3691461086273,5532,8108,12040,-198,-144,186,5244,-8736,11612,64,61,-191,-12504,4448,7844,-1030,143,-100,-12484,-7588,7428,-516,185,-57,0
3342.404046058655,5504,8248,11784,-210,-163,163,5172,-8860,11392,30,94,-200,-12312,4536,7796,-1031,168,-99,-12536,-7212,7448,-478,126,-55,0
3342.4395461082454,5584,8176,11940,-185,-127,129,5204,-8996,11640,20,161,-199,-12472,4576,7808,-1005,117,-90,-12528,-7232,7436,-452,154,-99,0
3342.4750940799713,5544,8080,11788,-254,-172,127,5216,-8928,11572,22,119,-232,-12480,4792,7628,-997,151,-98,-12480,-6964,7456,-455,128,-89,0
3342.5108871459965,5528,8408,12060,-199,-123,176,5252,-8880,11312,39,103,-175,-12356,4544,7740,-1273,127,-52,-12532,-7284,7272,-451,113,-65,0
3342.5471551418304,5492,8104,12020,-203,-116,172,5240,-8936,11284,26,96,-190,-12340,4480,7816,-1032,142,-44,-12464,-7340,7336,-478,118,-92,0
3342.582473039627,5472,8160,11996,-217,-127,151,4944,-9000,11564,28,88,-195,-12384,4352,8160,-1041,120,-137,-12388,-7308,7236,-476,188,-103,0
3342.6175739765167,5424,8108,11912,-186,-137,161,5164,-8912,11448,48,116,-237,-12476,4504,7888,-1018,120,-104,-12536,-7236,7172,-498,201,-71,0
3342.6533250808716,5572,8240,11944,-200,-193,136,5120,-8892,11496,50,82,-243,-12400,4512,7760,-993,139,-116,-12500,-7168,7224,-463,189,-70,0
3342.6890890598297,5604,8084,12084,-188,-188,180,5220,-8960,11436,19,69,-240,-12440,4480,7816,-1006,171,-124,-12308,-7216,7468,-499,159,-56,0
3342.7243931293488,5740,7944,11928,-194,-183,212,5232,-8916,11320,13,78,-187,-12484,4560,7892,-1008,161,-69,-12384,-7220,7320,-480,148,-77,0
3342.759948015213,5688,8116,12112,-210,-161,147,5180,-8712,11728,17,108,-198,-12492,4444,7496,-1029,123,-65,-12532,-7220,7360,-485,129,-76,0
3342.795170068741,5672,8132,11944,-171,-148,144,5276,-8944,11636,-254,122,-172,-12356,4444,7556,-1042,79,-74,-12356,-7204,7528,-483,169,-112,0
3342.8307139873505,5624,8176,11912,-167,-106,116,5220,-8896,11496,-69,117,-166,-12436,4552,7864,-1024,111,-40,-12792,-7348,7184,-470,67,-139,0
3342.865545988083,5736,8032,12256,-145,-36,56,5232,-9060,11476,-56,136,-131,-12464,4548,7644,-1052,88,-16,-12572,-7176,7348,-541,65,-192,0
3342.901824951172,5636,8216,12088,-105,-38,97,5212,-8844,11504,33,158,-101,-12400,4416,7716,-1012,91,-85,-12392,-7256,7364,-459,90,-128,0
3342.9377341270447,5548,8124,11988,-132,2,113,4904,-8904,11600,-66,144,-143,-12412,4584,7816,-969,133,-6,-12448,-7176,7352,-491,72,-130,0
3342.972603082657,5864,8076,12152,-139,-44,85,5368,-8992,11668,-31,99,-150,-12432,4604,7724,-937,156,-68,-12376,-7244,7312,-457,104,-120,0
3343.009129047394,5624,8088,11964,-120,-49,137,5240,-8804,11424,-41,93,-149,-12468,4512,7848,-989,100,-32,-12448,-7228,7460,-483,77,-111,0
3343.042747974396,5608,8172,11928,-126,-44,149,5232,-8872,11448,-53,90,-115,-12420,4416,7964,-972,113,-7,-12420,-7376,7436,-493,67,-134,0
3343.076539993286,5544,8208,11828,-109,-27,97,5260,-8924,11640,9,99,-135,-12484,4516,7560,-944,196,-56,-12444,-7204,7416,-461,77,-166,0
3343.1097359657288,5608,8180,12112,-135,-65,76,5232,-9208,11544,34,167,-175,-12424,4592,8092,-990,177,-56,-12496,-7220,7448,-470,94,-185,0
3343.1431901454926,5576,8124,12056,-163,-72,32,4928,-9112,11680,-23,203,-199,-12524,4604,7876,-991,160,-64,-12476,-7184,7508,-458,71,-190,0
3343.1768350601196,5588,8184,12012,-184,-43,33,5160,-9004,11524,-19,170,-228,-12388,4412,7596,-988,261,-85,-12552,-7128,7440,-468,46,-139,0
3343.2100400924683,5612,8164,12032,-145,-88,79,5252,-8968,11600,10,130,-206,-12444,4580,7836,-1032,286,-130,-12392,-7144,7368,-446,45,-98,0
3343.243730068207,5612,8116,11916,-171,-114,100,5256,-9144,11304,-47,123,-203,-12532,4540,7788,-1073,230,-103,-12464,-7200,7488,-449,47,-195,0
3343.2773871421814,5592,8088,11964,-170,-109,108,5108,-8836,11524,-38,104,-163,-12504,4516,7540,-1053,177,-52,-12396,-7272,7584,-473,18,-162,0
3343.3107080459595,5664,8164,11980,-164,-93,110,5184,-9020,11536,-51,155,-141,-12416,4560,7864,-1034,115,-34,-12500,-7228,7468,-455,40,-149,0
3343.3442261219025,5512,8040,11996,-157,-88,120,5212,-8960,11428,-28,142,-142,-12492,4536,7808,-1037,112,-71,-12484,-7284,7508,-491,25,-174,0
3343.3775689601894,5556,8188,11652,-148,-50,90,5244,-8884,11268,-19,143,-128,-12800,4556,7576,-769,100,-72,-12364,-7272,7468,-505,34,-199,0
3343.411080121994,5584,8200,11916,-129,-48,113,5136,-8860,11404,-17,175,-145,-12496,4784,7696,-1034,73,-48,-12456,-7260,7384,-514,64,-165,0
3343.4447050094604,5480,8100,12012,-137,-52,92,5128,-8716,11324,-35,155,-162,-12512,4524,7784,-1025,22,-53,-12420,-7252,7464,-503,96,-149,0
3343.4784071445465,5496,8276,11796,-154,-78,80,5276,-8940,11660,-51,157,-184,-12432,4516,7916,-1028,27,-52,-12388,-7280,7488,-485,136,-137,0
3343.5118279457092,5588,8168,11916,-130,-127,68,5252,-8924,11596,-67,137,-185,-12432,4472,7808,-1023,48,-99,-12484,-7272,7484,-469,136,-157,0
3343.545506954193,5472,8204,11952,-144,-71,84,5164,-8912,11632,-79,155,-198,-12448,4584,7800,-1009,3,-75,-12460,-7276,7404,-463,168,-144,0
3343.5791749954224,5464,8280,12076,-245,-670,123,5232,-8984,11540,-121,147,-194,-12400,4528,7872,-994,-21,-74,-12432,-7216,7512,-518,169,-185,0
3343.6126010417934,5612,8216,11832,-169,-72,70,5204,-8768,11584,-47,187,-180,-12384,4512,7900,-973,-27,-49,-12360,-7192,7460,-501,165,-152,0
3343.6459720134735,5580,8140,11892,-164,-65,97,5096,-8872,11620,-75,161,-153,-12492,4580,7800,-982,-16,-77,-12348,-7272,7536,-491,149,-114,0
3343.6797289848328,5596,8192,12008,-197,-66,110,5100,-8944,11532,-35,155,-161,-12492,4560,7792,-983,7,-106,-12408,-7312,7380,-483,169,-123,0
3343.7129690647125,5616,8188,11904,-170,-77,127,5144,-9200,11524,-66,172,-172,-12464,4580,7848,-1007,15,-118,-12372,-7228,7468,-482,174,-99,0
3343.7467460632324,5548,8232,11976,-175,-101,123,5204,-8956,11400,-17,151,-182,-12464,4544,7868,-1008,44,-90,-12476,-7344,7632,-481,208,-81,0
3343.78027510643,5556,8196,11996,-192,-99,137,5168,-8908,11616,13,108,-190,-12476,4500,7884,-993,77,-75,-12464,-7392,7672,-473,208,-72,0
3343.813607931137,5548,8204,11952,-207,-143,158,5188,-8968,11368,250,121,-229,-12468,4564,7884,-970,108,-127,-12380,-7320,7380,-472,225,-53,0
3343.847165107727,5636,8196,11964,-198,-120,145,5224,-8960,11444,-32,116,-195,-12432,4504,7708,-980,136,-104,-12380,-7332,7424,-458,102,-90,0
3343.8800530433655,5636,8148,11828,-264,-86,110,5156,-9012,11500,4,142,-208,-12432,4596,7784,-991,109,-48,-12388,-7256,7464,-497,118,-66,0
3343.9134969711304,5436,8168,11856,-232,-156,173,5224,-8852,11624,35,109,-199,-12352,4416,7740,-1002,147,-100,-12316,-7316,7544,-435,153,-73,0
3343.947278022766,5536,8268,12032,-199,-104,139,4880,-8904,11456,-21,153,-225,-12792,4548,8136,-959,89,-114,-12476,-7284,7452,-473,163,-71,0
3343.9807329177856,5628,8128,11968,-241,-150,108,5208,-8896,11456,-9,111,-248,-12464,4624,7776,-967,108,-165,-12460,-6956,7508,-450,155,-52,0
3344.0139899253845,5832,8188,11824,-201,-134,163,5240,-8932,11312,-251,98,-182,-12440,4496,7636,-1009,121,-64,-12396,-7304,7600,-462,42,-63,0
3344.0514781475067,5404,8172,11692,-206,-87,203,5212,-8904,11524,7,107,-144,-12476,4388,7832,-970,145,-41,-12068,-7308,7596,-478,48,-57,0
3344.0861480236053,5556,8172,12084,-210,-89,160,5208,-8876,11504,-27,100,-178,-12412,4532,7692,-980,128,-131,-12488,-7172,7480,-479,123,-72,0
3344.1224060058594,5620,8132,11972,-219,-116,160,5184,-8976,11568,-254,99,-220,-12460,4500,7880,-981,138,-102,-12436,-7176,7652,-492,157,-68,0
3344.1582379341125,5644,8312,11920,-220,-183,165,5204,-8852,11456,26,99,-239,-12368,4536,7720,-956,167,-123,-12412,-7296,7496,-503,168,-47,0
3344.193426132202,5692,8096,11972,-227,-185,180,5164,-8924,11624,255,80,-240,-12436,4504,7924,-995,183,-122,-12680,-7296,7512,-483,142,-49,0
3344.2288291454315,5612,8080,11960,-205,-189,153,5244,-8976,11476,23,70,-216,-12400,4504,7752,-956,153,-170,-12508,-7300,7508,-470,140,-81,0
3344.2642381191254,5628,8136,11832,-209,-157,180,5280,-8944,11744,-8,86,-226,-12548,4560,7636,-992,156,-108,-12420,-7224,7564,-474,130,-94,0
3344.2997970581055,5716,8172,11900,-200,-149,172,5180,-8912,11628,34,103,-204,-12292,4540,7644,-1279,133,-121,-12760,-7180,7428,-451,122,-97,0
3344.3355510234833,5636,8100,12088,-216,-148,140,5128,-8728,11684,21,114,-246,-12412,4532,7708,-987,165,-100,-12364,-7296,7516,-467,107,-84,0
3344.3711829185486,5704,8100,12056,-228,-118,135,5240,-8940,11564,19,127,-233,-12448,4536,7720,-1021,108,-125,-12736,-7172,7564,-420,151,-116,0
3344.4071850776672,5692,8184,11892,-190,-143,118,5420,-8864,11512,5,102,-223,-12512,4596,7752,-1028,86,-71,-12492,-7236,7604,-425,87,-145,0
3344.4599890708923,5684,8156,11796,-168,-77,115,5364,-8756,11616,-18,127,-185,-12444,4452,7784,-1051,91,-73,-12448,-7236,7508,-407,111,-120,0
3344.507306098938,5632,8136,11820,-183,-48,86,5296,-8740,11296,-50,154,-169,-12328,4352,7696,-1051,106,-84,-12508,-7164,7544,-398,64,-104,0
3344.5443699359894,5644,8436,11908,-176,-37,107,5352,-8716,11636,-37,133,-153,-12488,4472,7884,-1089,96,-36,-12460,-7280,7460,-479,98,-135,0
3344.5806889534,5764,8120,12112,-139,-44,101,5336,-8884,11552,-256,108,-150,-12524,4520,7872,-1117,98,-108,-12456,-7264,7528,-443,117,-121,0
3344.615872144699,5688,8160,11932,-154,-10,74,5236,-8864,11576,-32,156,-157,-12428,4180,7848,-1045,74,-47,-12556,-7280,7496,-410,66,-145,0
3344.65194606781,5700,8108,12036,-174,-5,34,5180,-8868,11656,-44,166,-173,-12448,4600,7840,-1015,32,-90,-12448,-7228,7604,-372,71,-154,0
3344.688189983368,5880,8176,11892,-212,-47,67,5304,-8936,11532,-41,142,-181,-12444,4472,7628,-1062,76,-90,-12480,-6944,7528,-390,81,-149,0
3344.721748113632,5712,8176,11924,-152,254,99,5228,-8848,11636,-56,146,-125,-12456,4480,7876,-1067,70,4,-12388,-7248,7536,-401,-10,-154,0
3344.7553579807286,5536,8120,11992,-165,19,91,5136,-8876,11444,-29,147,-112,-12416,4504,7784,-1068,64,-14,-12264,-7176,7624,-380,6,-121,0
3344.7886459827423,5524,8112,11976,-173,-15,109,5168,-8916,11700,-80,142,-166,-12384,4548,7812,-1031,94,-85,-12428,-7148,7716,-370,33,-98,0
3344.822289943695,5640,8156,12064,-134,-50,93,5252,-8852,11496,-47,117,-181,-12472,4412,7816,-1049,89,-102,-12400,-7264,7492,-390,48,-129,0
3344.85569691658,5644,8148,11812,-168,-69,107,5232,-8928,11516,-25,139,-198,-12488,4484,7544,-1050,107,-73,-12344,-7172,7580,-348,27,-116,0
3344.889037132263,5600,8108,11804,-169,-25,110,5268,-8920,11688,-31,86,-179,-12424,4532,7868,-1054,102,-76,-12452,-7256,7668,-362,27,-122,0
3344.922222137451,5380,8428,11792,-175,-38,134,5312,-8868,11596,-36,119,-162,-12464,4528,7792,-1061,127,-60,-12296,-7184,7740,-387,40,-113,0
3344.9558351039886,5408,8148,12044,-203,-58,99,5256,-8928,11408,-17,159,-169,-12436,4452,7776,-1071,76,-70,-12404,-7236,7584,-364,30,-147,0
3344.9892251491547,5648,8108,11844,-192,-7,95,5140,-8872,11524,-7,129,-161,-12668,4392,7756,-1070,64,-48,-12408,-7220,7716,-413,51,-135,0
3345.0228221416473,5600,8380,11880,-159,-37,96,5188,-8768,11656,-41,151,-173,-12440,4496,7788,-1088,80,-51,-12384,-7204,7636,-433,99,-130,0
3345.056071996689,5548,8040,11996,-177,-22,79,5328,-8948,11756,-39,162,-186,-12520,4532,7796,-1089,102,-80,-12364,-7264,7856,-407,74,-164,0
3345.089771986008,5384,8136,12088,-212,-14,87,5336,-8928,11604,-49,134,-169,-12488,4520,7880,-1049,103,-82,-12104,-7128,7524,-381,49,-153,0
3345.123444080353,5576,8120,12140,-192,-55,122,5248,-8828,11648,-29,132,-149,-12384,4588,7848,-1073,92,-77,-12468,-7168,7932,-402,28,-131,0
3345.157016992569,5640,8160,12136,-170,-38,111,5224,-8788,11612,11,115,-137,-12392,4544,7888,-1062,97,-75,-12312,-7112,7424,-416,96,-111,0
3345.190412044525,5580,8168,11884,-173,-61,134,5192,-8784,11692,-43,115,-152,-12424,4392,7772,-1062,137,-74,-12512,-7160,7568,-403,170,-131,0
3345.2239041328426,5512,8252,11992,-195,-99,111,5340,-8756,11584,-60,121,-182,-12380,4464,7832,-1009,183,-111,-12412,-7248,7660,-431,139,-118,0
3345.257399082184,5748,8048,11984,-161,-59,114,5232,-9016,11272,-43,137,-156,-12320,4544,7900,-1049,126,-83,-12424,-7188,7616,-504,165,-126,0
3345.2906501293182,5580,8212,12088,-172,-68,133,5260,-9160,11548,0,104,-144,-12468,4420,7744,-1046,75,-66,-12412,-7276,7692,-515,155,-130,0
3345.324161052704,5652,8116,11956,-162,-5,103,5216,-8844,11672,-47,101,-162,-12484,4464,7692,-1056,107,-66,-12468,-7224,7712,-478,118,-151,0
3345.3576290607452,5568,8148,12084,-204,-36,68,5300,-8884,11600,-71,161,-175,-12536,4440,7832,-993,83,-125,-12444,-7212,7632,-476,130,-157,0
3345.390954017639,5540,8196,11976,-228,-40,68,5176,-8864,11512,-56,167,-196,-12484,4528,7828,-994,72,-67,-12396,-7236,7724,-490,143,-146,0
3345.424402952194,5528,8184,11992,-167,-63,114,5220,-8728,11628,-67,178,-148,-12480,4576,7848,-1005,106,-64,-12412,-7224,7708,-516,123,-114,0
3345.457972049713,5620,8048,12088,-215,-22,121,5132,-8868,11668,-73,122,-148,-12460,4408,7892,-971,151,-83,-12364,-7144,7784,-467,154,-110,0
3345.491433143616,5504,8232,11996,-250,-93,133,5140,-8852,11708,-78,128,-196,-12480,4520,7848,-973,133,-154,-12344,-7196,7684,-464,197,-108,0
3345.5249531269073,5496,8128,11968,-182,-124,146,5156,-8848,11640,-38,131,-201,-12440,4520,7876,-985,137,-159,-12536,-7308,7664,-495,225,-84,0
3345.5586030483246,5540,8168,11856,-216,-125,143,5216,-8912,11436,-12,122,-227,-12296,4580,7536,-1060,199,-109,-12348,-7228,7812,-489,194,-48,0
3345.5920650959015,5568,8040,11940,-232,-154,174,5240,-8940,11512,-12,89,-218,-12392,4376,7732,-1001,207,-106,-12428,-7132,7708,-483,197,-49,0
3345.6255719661713,5656,8056,12264,-180,-162,197,5284,-8896,11524,5,85,-222,-12496,4480,7700,-1008,173,-143,-12352,-7176,7668,-478,170,-75,0
3345.659024953842,5640,8144,12008,-249,-126,184,5224,-8908,11300,-256,77,-211,-12572,4432,7880,-982,187,-181,-12128,-7164,7496,-493,211,-68,0
3345.6924619674683,5680,8128,11796,-220,-60,207,5352,-8872,11492,-146,-30,-210,-12516,4252,7436,-939,153,-115,-12536,-6924,7468,-444,173,-59,0
3345.7296371459965,5704,8160,11972,-210,-223,185,5288,-8880,11508,24,107,-240,-12544,4544,7988,-1034,153,-85,-12376,-7180,7584,-490,173,-52,0
3345.7649409770966,5768,8096,11936,-198,-203,151,5340,-8896,11728,-39,107,-228,-12400,4412,7740,-997,115,-133,-12456,-7160,7672,-491,175,-123,0
3345.8004930019374,5628,8052,11940,-196,-183,152,5244,-8884,11684,-8,117,-206,-12420,4396,7600,-961,138,-70,-12524,-7156,7544,-475,147,-89,0
3345.8359739780426,5756,8088,11984,-226,-147,173,5232,-8840,11664,-40,82,-204,-12380,4464,7792,-987,176,-119,-12496,-7160,7560,-473,174,-85,0
3345.871850967407,5588,8136,12068,-214,-204,167,5180,-9084,11668,-9,80,-226,-12564,4456,7732,-958,151,-93,-12232,-7188,7576,-497,186,-90,0
3345.9076750278473,5700,8076,12168,-201,-189,156,5264,-8828,11636,253,82,-246,-12496,4472,7776,-969,128,-127,-12400,-7164,7484,-495,174,-118,0
3345.942601919174,5660,8176,12068,-231,-204,163,5316,-8892,11484,12,102,-202,-12556,4484,7660,-924,141,-109,-12404,-7152,7608,-492,200,-64,0
3345.978488922119,5772,8056,12032,-205,-186,168,5232,-8772,11472,-26,59,-211,-12340,4468,7868,-932,134,-102,-12420,-7140,7752,-509,145,-70,0
3346.013862133026,5804,8008,11828,-188,-137,136,5164,-8884,11760,-6,80,-194,-12300,4584,7716,-951,128,-123,-12348,-7032,7456,-528,166,-111,0
3346.04950094223,5788,8080,12136,-205,-185,151,5260,-8768,11516,30,118,-185,-12500,4364,7752,-974,90,-31,-12416,-7244,8072,-432,-36,-83,0
3346.0847289562225,5732,8144,11816,-162,-171,142,5300,-8712,11664,-43,127,-212,-12560,4492,7760,-920,126,-118,-12372,-7212,7752,-441,-141,-124,0
3346.1204159259796,5728,8168,11976,-213,-188,104,5344,-8944,11756,-12,121,-228,-12312,4516,7424,-951,76,-103,-12480,-7096,7660,-415,-125,-90,0
3346.1555929183965,5776,8064,11780,-163,-164,132,5364,-8772,11284,-41,102,-166,-12480,4520,7524,-954,96,-38,-12508,-7148,7564,-512,-2,-138,0
3346.1920840740204,5876,8036,11816,-134,-68,113,5296,-8844,11436,-62,143,-130,-12508,4392,7784,-964,91,-17,-12456,-7076,7584,-547,153,-165,0
3346.228033065796,5672,8068,11920,-175,6,55,5264,-8880,11528,-125,177,-134,-12412,4508,7688,-970,53,23,-12424,-7164,7748,-475,101,-172,0
3346.2633650302887,5804,8188,11956,-102,-49,76,5344,-8840,11624,-95,150,-164,-12536,4488,8156,-919,-26,-85,-12364,-7052,7924,-466,143,-162,0
3346.2992510795593,5636,8068,13020,85,-463,-243,5240,-8736,11400,-48,162,-188,-12448,4472,7680,-993,116,-57,-12424,-7140,7748,-470,78,-143,0
3346.3341040611267,5632,8296,11836,-133,-84,92,5288,-8860,11708,-69,119,-212,-12472,4464,7528,-972,126,-101,-12356,-7168,7680,-435,46,-133,0
3346.3712141513824,5788,8084,12020,-67,-54,98,5436,-8896,11512,-115,113,-171,-12356,4444,7684,-957,80,-25,-12384,-7128,7924,-443,44,-113,0
3346.4045300483704,5688,8144,11948,-125,-42,61,5408,-8832,11596,-99,151,-173,-12552,4544,7660,-1004,77,-46,-12420,-7236,7580,-412,85,-146,0
3346.4378781318665,5796,8132,11900,-109,-25,50,5136,-8856,11768,-96,172,-142,-12480,4600,7880,-1277,50,-80,-12328,-6924,7444,-398,116,-175,0
3346.4715299606323,5748,8048,11980,-88,-32,62,5320,-8884,11320,-93,175,-143,-12404,4504,7732,-1010,54,-66,-12344,-6940,7740,-366,144,-167,0
3346.5050671100616,5764,8144,11944,-58,103,33,5312,-8824,11768,-116,110,-136,-12464,4576,7652,-979,66,-36,-12320,-7092,7764,-405,120,-168,0
3346.538290977478,5740,8104,12176,-159,91,40,5348,-8976,11484,-86,140,-169,-12416,4544,7788,-770,34,-32,-12340,-7184,7484,-483,173,-190,0
3346.5719399452214,5632,8288,11948,-126,-17,69,5240,-9188,11424,-79,125,-176,-12344,4384,7744,-1015,101,-72,-12488,-7136,7644,-470,163,-146,0
3346.60550904274,5760,8160,11828,-150,8,86,5336,-8720,11444,-79,149,-179,-12416,4528,7752,-1025,57,-66,-12328,-7064,7732,-529,130,-156,0
3346.639008998871,5724,8156,12088,-194,-98,82,5228,-8916,11552,-52,131,-137,-12476,4600,7660,-1051,29,-58,-12360,-7228,7692,-532,141,-141,0
3346.6724870204926,5704,8208,11996,-145,-62,72,5304,-8860,11588,-87,133,-146,-12412,4524,7932,-1003,74,-23,-12400,-7132,7772,-464,132,-161,0
3346.7060730457306,5776,8144,11924,-114,-4,96,5264,-8872,11576,-79,100,-135,-12552,4440,7872,-1020,92,-249,-12048,-7176,7692,-503,114,-142,0
3346.739725112915,5740,7976,11892,-116,32,76,5228,-8856,11572,-97,90,-135,-12456,4500,7712,-1017,29,-21,-12432,-6924,7852,-500,81,-172,0
3346.7732861042023,5728,7952,12008,-171,-31,57,5288,-8932,11612,-78,140,-152,-12416,4404,7764,-1007,55,-73,-12524,-7360,7932,-481,101,-180,0
3346.806731939316,5384,8128,11936,-173,-49,65,5272,-8728,11352,-83,162,-154,-12460,4576,7772,-771,54,-55,-12336,-7424,7780,-506,132,-172,0
3346.8402349948883,5716,8420,12020,-150,-101,56,5292,-8900,11504,-62,150,-199,-12428,4640,7880,-1014,72,-54,-12348,-7240,7756,-519,143,-164,0
3346.873724937439,5668,7936,12236,-157,-82,64,5316,-8724,11772,-44,101,-192,-12428,4548,7828,-1278,66,-87,-12116,-7140,7932,-495,140,-158,0
3346.906862974167,5680,8396,11964,-143,-99,81,5584,-8712,11408,-73,102,-186,-12436,4452,7904,-1033,114,-50,-12392,-7256,7828,-496,154,-127,0
3346.9400160312653,5664,8148,12080,-185,-90,122,5340,-8940,11380,-91,129,-172,-12472,4488,7708,-1019,55,-37,-12364,-7276,7468,-491,153,-130,0
3346.973629951477,5544,8232,11976,-196,-78,85,5412,-9012,11712,-114,130,-183,-12404,4516,7964,-973,39,-68,-12108,-7208,7736,-488,134,-158,0
3347.007056951523,5572,8148,11816,-152,-65,75,5324,-9080,11564,-92,141,-181,-12332,4492,7772,-1032,35,-94,-12340,-7124,7812,-510,103,-168,0
3347.0404970645905,5764,8240,11884,-132,-132,62,5312,-8916,11344,-75,128,-178,-12088,4384,7580,-1046,95,-67,-12292,-7160,7440,-535,113,-133,0
3347.0739030838013,5652,8236,11940,-138,-68,104,5300,-8820,11424,-58,98,-149,-12428,4456,8044,-1020,123,-37,-12128,-7184,7808,-484,75,-93,0
3347.1073949337006,5648,8232,11988,-157,-30,105,5124,-8956,11496,-104,99,-139,-12424,4540,7904,-997,72,-232,-12380,-7292,7688,-494,102,-77,0
3347.1406030654907,5648,8184,11772,-176,-77,138,5176,-8940,11548,-100,136,-156,-12380,4560,8048,-986,127,-64,-12340,-7148,7848,-480,84,-95,0
3347.173835992813,5676,8236,11828,-160,-106,143,5572,-9172,11288,-87,101,-157,-12416,4564,7684,-999,106,-63,-12384,-7244,7652,-478,111,-95,0
3347.2103130817413,5660,8196,11800,-185,-99,132,5220,-9052,11496,-92,105,-194,-12372,4520,8060,-1014,132,-84,-12292,-7228,7792,-453,158,-93,0
3347.2441070079803,5684,8180,12016,-203,-121,105,5296,-8972,11464,-77,94,-213,-12484,4520,7772,-1278,161,-91,-12356,-7200,7784,-444,156,-81,0
3347.277647018432,5728,8244,12012,-209,-171,129,5252,-9136,11408,-71,112,-218,-12440,4516,7648,-993,108,-141,-12532,-7352,7884,-465,207,-90,0
3347.310881137848,5688,8096,11820,-196,-151,129,5364,-9208,11604,-59,84,-504,-12392,4560,7804,-998,109,-156,-12516,-7180,7784,-467,214,-49,0
3347.344437122345,5668,8208,11980,-226,-175,138,5276,-8736,11504,-49,101,-254,-12464,4508,7460,-1013,95,-124,-12420,-7376,7648,-467,227,-37,0
3347.3777661323547,5796,8172,11844,-231,-165,155,5224,-8912,11464,-64,88,-233,-12408,4496,7864,-1045,116,-101,-12444,-7116,7764,-462,239,-49,0
3347.4151771068573,5764,8140,12012,-235,-159,178,5300,-8916,11336,-48,80,-217,-12440,4612,7680,-1043,90,-130,-12300,-7124,7764,-473,253,-42,0
3347.4502761363983,5784,8164,11992,-210,-169,178,5620,-8772,11744,-9,88,-203,-12432,4472,7852,-1081,91,-84,-12424,-7176,7788,-547,245,-67,0
3347.4855430126186,5752,8144,11872,-221,-177,188,5472,-8932,11356,-24,92,-201,-12348,4384,7792,-1103,108,-116,-12460,-7128,7716,-494,241,-77,0
3347.5211169719696,5688,8264,12156,-215,-196,163,5432,-8896,11444,-36,89,-210,-12420,4368,7656,-1123,98,-113,-12420,-6916,7692,-468,270,-78,0
3347.557075023651,5792,8132,11772,-245,-197,157,5324,-8720,11428,-55,111,-216,-12464,4424,7864,-1126,27,-114,-12396,-7124,7780,-474,241,-96,0
3347.592391014099,5792,8196,11920,-239,-163,135,5380,-9200,11512,254,144,-187,-12368,4568,8084,-1107,-38,-110,-12412,-7224,7672,-528,324,-98,0
3347.627498149872,5824,8132,12004,-512,-285,155,5432,-8952,11392,27,99,-206,-12464,4408,7840,-1103,16,-113,-12392,-7196,7756,-493,303,-99,0
3347.663290023804,5748,8188,11864,-205,-161,135,5312,-9028,11308,-40,173,-195,-12384,4536,7756,-1101,7,-117,-12480,-7240,7676,-486,325,-96,0
3347.6988439559937,5764,8124,11888,-307,-189,137,5312,-9104,11424,0,150,-247,-12416,4452,7836,-1102,26,-148,-12376,-7064,7716,-457,380,-82,0
3347.733947992325,5804,8140,11936,-257,-216,172,5204,-8916,11288,12,89,-190,-12400,4456,7784,-1083,57,-97,-12528,-7156,7660,-499,508,-98,0
3347.7703630924225,5824,8116,11916,-236,-167,151,5384,-8980,11440,-10,153,-145,-12208,4356,7880,-1074,59,-53,-12296,-7192,7776,-489,224,-139,0
3347.8055629730225,5692,8080,12012,-7,-143,141,5364,-9008,11636,9,163,-179,-12432,4528,7984,-1085,14,-82,-12444,-7088,7604,-499,297,-121,0
3347.8414900302887,5784,8052,11700,-208,-173,154,5292,-8884,11380,7,93,-190,-12360,4432,7728,-1083,28,-68,-12424,-7104,7488,-501,283,-103,0
3347.8775620460506,5928,7964,11916,-202,-152,132,5336,-8984,11384,9,131,-215,-12336,4204,7680,-1091,44,-100,-12464,-7088,7644,-548,311,-136,0
3347.9125399589534,5860,8068,11844,-172,-108,97,5428,-8960,11416,-9,105,-222,-12440,4440,7724,-1115,34,-113,-12548,-7156,7696,-494,268,-112,0
3347.9486260414124,5868,8052,11844,-209,-67,103,5428,-8884,11684,-20,137,-178,-12588,4372,7868,-1085,103,-28,-12416,-7160,7636,-480,240,-128,0
3347.9837310314174,5984,8088,11976,-176,-25,88,5448,-8948,11516,-35,170,-166,-12744,4496,8008,-1094,37,-87,-12556,-7176,7576,-494,238,-158,0
3348.0195081233974,5856,8160,11852,-187,-16,79,5432,-9012,11772,-250,168,-155,-12372,4416,7952,-1126,-15,-54,-12496,-7232,7580,-488,234,-163,0
3348.0548760890965,5788,8116,11884,-139,-2,74,5320,-9108,11464,-23,163,-177,-12288,4348,7996,-1100,15,236,-12420,-7192,7588,-491,231,-171,0
3348.0884549617767,5788,8148,11920,-187,-25,53,5276,-8972,11524,-43,171,-184,-12428,4392,7696,-1105,-26,-40,-12372,-7120,7668,-504,249,-163,0
3348.1218659877777,5696,8140,11912,-194,-37,76,5276,-9052,11456,-34,157,-198,-12328,4412,8044,-1068,30,-33,-12400,-7232,7632,-509,225,-127,0
3348.155436038971,5780,8132,12016,-181,-32,97,5288,-9212,11404,-37,147,-168,-12432,4544,7840,-1044,89,-40,-12388,-7256,7576,-520,186,-175,0
3348.189001083374,5764,8172,12040,-151,-11,97,5324,-8740,11368,-18,91,-177,-12292,4416,7900,-1011,68,-71,-12376,-7180,7528,-501,193,-131,0
3348.2221529483795,5892,8136,11944,-181,-68,99,5388,-8940,11428,-254,109,-194,-12356,4436,8036,-1085,83,-64,-12356,-7132,7500,-466,235,-113,0
3348.255711078644,5792,8220,11972,-200,-58,84,5336,-8904,11592,-31,114,-198,-12328,4352,8048,-1094,76,-57,-12724,-7340,7592,-487,213,-136,0
3348.289300918579,5840,8060,11864,-213,-28,102,5624,-8976,11272,-3,152,-179,-12476,4380,7752,-1089,78,-65,-12452,-7392,7520,-536,195,-185,0
3348.32261800766,5848,8092,11816,-204,-44,92,5412,-8932,11464,41,146,-163,-12456,4120,8280,-1085,43,-78,-12400,-7160,7480,-486,214,-149,0
3348.356188058853,5796,8124,11804,-220,10,85,5412,-8836,11532,12,200,-159,-12380,4332,7876,-1137,48,-46,-12336,-7208,7660,-443,165,-135,0
3348.3895881175995,5852,8088,11980,-308,-15,37,5228,-9000,11316,-31,215,-170,-12512,4576,7744,-1109,28,-25,-12472,-7096,7884,-447,190,-179,0
3348.4228029251094,5812,8136,12064,-233,-25,37,5268,-8924,11456,-52,218,-163,-12416,4432,8184,-775,-256,-45,-12472,-7144,7536,-532,132,-152,0
3348.456253051758,5852,8060,11888,-158,-46,78,5252,-8948,11476,-29,178,-128,-12372,4424,8056,-1084,-20,250,-12460,-7316,7572,-500,156,-147,0
3348.4899430274963,5764,8108,11976,-158,-36,55,5396,-8904,11292,-51,144,-143,-12360,4440,7864,-1094,-16,248,-12360,-7200,7536,-499,146,-155,0
3348.523555994034,5772,8144,11780,-137,-79,105,5256,-8988,11556,-97,193,-159,-12328,4216,7896,-1049,30,-256,-12300,-7288,7576,-257,157,-176,0
3348.5571761131287,5788,8184,12008,-120,-73,51,5192,-9168,11272,-60,188,-180,-12328,4332,8052,-1045,-7,-40,-12456,-7196,7464,-513,158,-155,0
3348.590719938278,5792,8116,11804,-112,-95,79,5576,-8932,11564,-51,133,-213,-12308,4112,7864,-990,48,-99,-12456,-7140,7660,-404,12,-125,0
3348.623866081238,5776,8268,11888,-118,-135,108,5324,-9188,11624,-42,92,-201,-12216,4508,7940,-937,120,-56,-12400,-7240,7568,-424,-94,-143,0
3348.657207965851,5832,8144,12020,-157,-137,119,5600,-8816,11552,-45,67,-195,-12440,4424,7932,-828,162,-41,-12512,-7168,7592,-485,-44,-165,0
3348.690837144852,5892,8080,12064,-137,-28,113,5324,-9172,11264,-35,97,-176,-12444,4152,7796,-917,128,-45,-12496,-7192,7452,-467,64,-124,0
3348.7241580486298,5772,8228,11968,-136,-16,89,5364,-8884,11608,2,126,-179,-12080,4184,8140,-975,140,-97,-12412,-7100,7352,-176,229,-95,0
3348.757705926895,5832,8168,12120,-396,89,169,5312,-8924,11508,34,147,-184,-12368,4404,8032,-869,95,-34,-12356,-7244,7836,-588,489,-153,0
3348.7912249565125,5764,8088,11708,-758,58,158,5532,-8748,11512,-19,174,-149,-12492,4284,7820,-916,148,-26,-12364,-7100,7600,-486,127,-122,0
3348.8245170116425,5780,8100,11788,-383,108,187,5188,-8924,11528,40,172,-181,-12152,4396,8396,-880,228,-68,-12368,-7388,7580,-288,332,-157,0
3348.858104944229,5692,7984,12104,-1104,180,373,5276,-9040,11524,141,263,-199,-12396,4456,8096,-699,130,-122,-12476,-7208,7288,-418,783,-224,0
3348.8916580677032,5688,8124,12160,-1531,187,398,5328,-8972,11728,85,281,-215,-12440,4388,7844,-738,55,-135,-12456,-7200,7832,-208,621,-123,0
3348.9250040054326,5644,7916,11936,-284,49,161,5240,-8944,11436,53,99,-224,-12300,4456,7684,-951,152,-147,-12472,-7140,8036,-273,50,-21,0
3348.9585230350494,5768,8104,12228,207,254,-21,5428,-8988,11556,15,7,-229,-12404,4540,7748,-769,535,-143,-12496,-7224,7500,-179,-371,14,0
3348.9918460845947,5828,8056,12076,24,-119,44,5412,-8852,11584,-31,13,-187,-12400,4468,8016,-1176,503,-97,-12432,-6920,7500,-391,-358,-38,0
3349.025257110596,5860,7900,12048,504,-314,37,5260,-9216,11688,-66,85,-166,-12424,4660,7940,-1141,68,-20,-12512,-7000,7316,-374,-374,-55,0
3349.058427095413,5732,7904,11956,-192,-345,209,5320,-8752,11584,-5,137,-142,-12260,4456,7852,-977,97,-82,-12496,-7168,7900,-459,75,-56,0
3349.0959300994873,5824,7992,11940,-268,-253,212,5288,-8904,11464,89,64,-194,-12344,4560,7972,-838,415,-86,-12408,-7288,7588,-574,118,-85,0
3349.1314210891724,5836,7940,12180,-456,-158,241,5280,-8932,11516,12,107,-230,-12456,4464,7888,-733,360,-85,-12476,-7328,7640,-459,209,-75,0
3349.1675469875336,5736,7872,12000,-546,-126,249,5328,-8912,11372,63,108,-217,-12380,4448,7736,-844,283,-87,-12472,-7036,7628,-468,226,-52,0
3349.2023830413814,5880,7884,12104,-348,-141,239,5424,-8832,11452,21,61,-202,-12456,4420,7876,-892,161,-156,-12452,-7068,7516,-308,231,-17,0
3349.2376070022583,6072,8156,12064,-424,-199,259,5164,-8932,11368,-256,152,-173,-12452,4408,7696,-924,28,-127,-12756,-7172,7796,-262,361,-46,0
3349.2735159397125,5860,7996,12108,-494,-166,199,5408,-8888,11644,14,173,-190,-12420,4468,7812,-936,-99,-123,-12468,-7064,7684,-299,410,-60,0
3349.3089449405666,5816,7692,12256,-371,-202,200,5332,-8852,11548,34,209,-203,-12516,4476,8040,-952,-114,-74,-12488,-6988,7588,-291,385,-65,0
3349.3443191051483,5828,7792,12176,-355,-294,152,5416,-8728,11612,58,201,-214,-12312,4444,7816,-968,-153,-141,-12488,-6988,7572,-284,414,-59,0
3349.379578113556,5868,7740,11804,-268,-238,152,5540,-8808,11348,47,95,-219,-12404,4448,7652,-1084,-98,-120,-12760,-7128,7832,-409,179,-38,0
3349.415243148804,6108,7748,12012,-6,-267,121,5364,-8864,11452,21,6,-237,-12452,4504,7932,-1050,-21,-98,-12584,-6984,7884,-462,116,-76,0
3349.4506421089172,5952,7816,12128,-117,-227,125,5452,-8892,11272,17,85,-200,-12412,4492,7868,-955,-44,-37,-12584,-6968,7632,-568,137,-105,0
3349.4853479862213,5992,7708,11980,-135,-269,143,5200,-8868,11676,28,78,-189,-12352,4408,7820,-976,38,-77,-12620,-7032,7500,-655,74,-96,0
3349.521091938019,5980,7824,12056,-60,-199,96,5524,-8776,11544,-14,27,-197,-12404,4444,7604,-1008,125,-18,-12292,-7092,7664,-640,-27,-130,0
3349.5575461387634,5936,7780,11980,139,-132,33,5128,-8816,11352,-125,15,-206,-12412,4504,7992,-977,107,-35,-12512,-7020,7552,-670,100,-200,0
3349.5925850868225,5928,7688,11940,-69,-98,76,5452,-8808,11552,-92,155,-152,-12528,4484,7976,-915,69,-63,-12488,-7100,7564,-626,163,-178,0
3349.627793073654,5872,7808,11912,-127,-39,78,5352,-8832,11508,-75,103,-180,-12304,4444,7928,-885,118,-45,-12420,-7064,7420,-686,212,-172,3
3349.663631916046,6140,8164,11916,-146,-31,126,5336,-8808,11608,-101,63,-173,-12428,4508,7908,-889,223,-64,-12448,-7088,7564,-697,184,-174,3
3349.6993701457977,5852,8020,12064,-139,-71,137,5260,-8852,11472,-97,113,-208,-12312,4420,8096,-872,193,-38,-12424,-7412,7428,-682,201,-169,3
3349.7356050014496,5996,7956,12032,-201,-35,107,5616,-8792,11644,-137,132,-188,-12392,4568,7984,-843,52,-64,-12304,-7088,7700,-615,226,-178,3
3349.769285917282,5988,7884,12120,-217,25,95,5432,-8740,11596,-96,190,-159,-12420,4500,7796,-991,79,-22,-12300,-7080,7504,-659,268,-177,3
3349.802910089493,5832,7932,11976,-208,-11,112,5364,-8924,11728,-7,132,-164,-12368,4512,8020,-969,46,-20,-12452,-7320,7644,-687,294,-192,3
3349.836559057236,5664,7728,12012,-204,47,67,5240,-8928,11720,-33,171,-146,-12360,4460,8036,-956,-60,-24,-12388,-7220,7596,-670,333,-245,3
3349.870038032532,5988,7896,12012,-218,35,57,5388,-8924,11624,-22,214,-165,-12544,4524,8060,-908,-44,-72,-12524,-6952,7512,-743,401,-255,3
3349.9035799503326,5924,7884,12276,-176,-40,53,5164,-8924,11400,-44,185,-187,-12284,4524,7924,-963,2,-84,-12552,-7124,7280,-736,374,-196,3
3349.9372060298924,5916,7928,12280,-130,-20,100,5120,-8908,11488,-47,153,-139,-12336,4544,8008,-971,-49,-44,-12424,-7244,7480,-711,345,-192,0
3349.970577001572,5864,7840,11968,-127,17,84,5376,-8924,11572,-51,167,-111,-12424,4544,7916,-987,-85,-37,-12428,-7240,7176,-706,331,-236,0
3350.0039789676666,5956,7696,12096,-69,54,28,5404,-8868,11516,-77,186,-124,-12364,4416,8064,-994,-77,-41,-12308,-7156,7464,-627,226,-198,0
3350.037598133087,5804,8152,12092,-59,51,57,5372,-8852,11472,-58,144,-161,-12328,4544,7880,-1048,56,-71,-12512,-7164,7432,-599,156,-193,0
3350.0711081027985,6088,7912,12044,-33,-20,21,5460,-9136,11472,-66,138,-170,-12360,4460,7896,-1269,40,-67,-12540,-7172,7492,-575,186,-157,0
3350.1043980121613,5812,7688,12052,-61,-37,37,5360,-8844,11436,-66,97,-181,-12352,4544,7916,-984,101,-70,-12548,-7252,7588,-601,108,-135,0
3350.1376481056213,5784,8092,12080,14,-51,51,5580,-8708,11620,-100,62,-210,-12384,4540,7768,-1056,81,-80,-12316,-7212,7472,-586,-4,-117,0
3350.1711609363556,5916,8064,12196,130,-48,-4,5460,-8940,11320,-125,61,-146,-12300,4516,7980,-1078,92,-76,-12452,-7196,7464,-586,-104,-116,0
3350.204916000366,5788,7948,12008,266,-61,-23,5312,-8780,11484,-143,29,-176,-12412,4496,8004,-773,81,-66,-12376,-7272,7396,-615,-13,-150,0
3350.2384099960327,5740,7932,11860,101,-171,26,5276,-8920,11356,-121,97,-156,-12320,4500,7976,-988,46,-43,-12416,-7276,7384,-632,16,-156,0
3350.2719690799713,5728,8124,12136,44,-194,44,5460,-8992,11456,-126,68,-166,-12300,4520,7804,-989,101,-63,-12420,-7384,7536,-634,32,-163,0
3350.305500984192,5748,7964,11984,22,-182,56,5420,-8920,11484,-88,113,-174,-12288,4592,8028,-960,135,-99,-12444,-7288,7428,-633,55,-152,0
3350.3393580913544,5840,8008,12160,21,-216,79,5412,-8988,11548,-87,99,-185,-12272,4512,8000,-928,135,-105,-12536,-7244,7560,-609,24,-136,0
3350.3727509975433,5888,8040,12028,-13,-213,63,5460,-8888,11484,-100,85,-163,-12036,4488,8164,-856,150,-111,-12460,-7352,7476,-609,46,-122,0
3350.406420946121,5672,8060,11912,-32,-204,104,5452,-8896,11336,-106,159,-180,-12368,4456,8080,-807,123,-68,-12400,-7248,7240,-628,70,-178,0
3350.4399580955505,5764,8096,11996,-25,-218,87,5368,-8924,11264,-118,140,-199,-12324,4496,7980,-747,53,-108,-12484,-7392,7476,-667,56,-152,0
3350.4735231399536,5728,8080,11984,-36,-275,71,5440,-9208,11372,-138,152,-203,-12540,4508,8080,-798,88,-79,-12452,-7396,7488,-608,42,-146,0
3350.507485151291,5928,8084,11856,-82,-159,72,5416,-8948,11268,-71,147,-175,-12224,4852,8120,-858,149,-77,-12512,-7308,7444,-580,-12,-87,0
3350.540832042694,5996,8020,11908,-157,-146,93,5304,-9060,11320,-21,161,-158,-12288,4616,8168,-968,134,-93,-12368,-7336,7468,-555,6,-90,0
3350.574387073517,5848,8144,12072,-185,-228,156,5376,-8900,11456,4,117,-185,-12352,4548,7864,-951,124,-107,-12476,-7384,7532,-564,60,-74,0
3350.6079881191254,5880,8152,11912,-150,-163,111,5400,-8928,11504,-80,126,-207,-12300,4552,8120,-892,109,-54,-12388,-7408,7472,-551,74,-133,0
3350.6412780284886,5944,8096,11956,-194,-157,81,5144,-8716,11424,-52,109,-217,-12300,4576,7812,-895,118,-102,-12324,-7208,7504,-508,81,-100,0
3350.6748580932617,5824,8132,11828,-218,-153,121,5384,-8952,11264,-21,162,-204,-12280,4600,7868,-863,146,-96,-12520,-7324,7512,-520,67,-50,0
3350.708493947983,5936,8160,11804,-169,-145,166,5388,-8920,11544,-34,68,-157,-12340,4756,7896,-967,495,-81,-12328,-7196,7368,-563,62,-78,0
3350.741903066635,5812,8180,11808,-184,-135,162,5148,-9000,11364,-37,120,-176,-12220,4356,7688,-892,153,-78,-12444,-7400,7488,-768,82,-93,0
3350.7794950008392,5660,8144,12040,-181,-109,134,5464,-8920,11692,-42,100,-174,-12340,4544,8048,-864,144,-119,-12368,-7332,7516,-553,97,-87,0
3350.8151199817657,6020,8088,11860,-172,-175,149,5372,-9036,11464,-7,80,-213,-12304,4692,7928,-890,153,-163,-12384,-7332,7480,-543,155,-69,0
3350.850744009018,5924,8112,12024,-161,-231,157,5148,-8880,11512,6,70,-232,-12224,4568,7892,-903,145,-96,-12328,-7320,7544,-563,133,-68,0
3350.886027097702,5660,8184,11876,-150,-202,160,5404,-8832,11400,-25,50,-222,-12424,4592,7700,-871,165,-95,-12340,-7360,7632,-529,120,-71,0
3350.9221200942993,5960,8072,11832,-166,-176,184,5364,-8896,11452,-7,83,-213,-12324,4624,7816,-899,141,-105,-12492,-7324,7608,-506,100,-50,0
3350.9577939510345,6088,8136,12128,-174,-181,147,5448,-8920,11316,1,81,-204,-12384,4848,8024,-895,117,-65,-12308,-7276,7556,-496,122,-84,0
3350.993150949478,6016,8068,11864,-169,-177,162,5436,-8900,11488,-7,68,-218,-12392,4572,7860,-967,135,-103,-12312,-7324,7432,-464,141,-79,0
3351.0286750793457,5980,8140,11876,-206,-223,152,5476,-8864,11364,-29,88,-228,-12524,4600,8084,-956,119,-120,-12448,-7304,7456,-498,131,-80,0
3351.0636410713196,6024,8008,11912,-193,-179,136,5452,-9108,11276,-14,115,-213,-12288,4556,7832,-952,146,-106,-12328,-7348,7508,-507,143,-104,0
3351.0993390083313,6020,8072,11952,-174,-196,157,5520,-8956,11380,-5,76,-228,-12396,4636,8004,-947,124,-123,-12432,-7412,7456,-526,161,-76,0
3351.134294986725,6048,8032,11912,-184,-189,183,5472,-8892,11476,253,69,-240,-12284,4648,7848,-1004,142,-126,-12464,-7284,7424,-465,172,-92,0
3351.170069932937,6004,8092,11548,-191,-172,179,5580,-8808,11416,-255,87,-214,-12268,4504,7876,-1026,104,-109,-12328,-7364,7564,-460,174,-105,0
3351.205559015274,6348,8072,11572,-172,-159,160,5508,-8884,11116,-23,86,-199,-12452,4780,7876,-1045,142,-113,-12328,-7324,7196,-468,139,-63,0
3351.24151301384,6056,8036,11736,-186,-135,150,5508,-8904,11424,-36,134,-200,-12420,4492,7872,-1057,107,-75,-12400,-7232,7416,-434,111,-121,0
3351.277568101883,6112,8124,11724,-187,-83,81,5532,-8880,11580,-56,154,-142,-12412,4604,7720,-1065,102,-76,-12476,-7220,7248,-484,74,-120,0
3351.3124351501465,6124,8088,11876,-130,-58,71,5628,-9024,11452,-44,194,-159,-12300,4624,7860,-1085,60,-17,-12420,-7292,7528,-462,85,-134,0
3351.3476791381836,6112,8020,11888,-166,-61,66,5532,-8852,11352,5,151,-163,-12400,4488,7844,-1112,80,-93,-12392,-7380,7484,-429,121,-148,0
3351.383120059967,5968,8100,11892,-113,-17,65,5528,-8904,11436,-66,186,-183,-12340,4512,7648,-1085,55,-73,-12452,-7360,7604,-467,99,-194,0
3351.4196779727936,6040,8008,12032,-166,-23,49,5432,-8904,11532,-54,170,-197,-12284,4612,7892,-1072,85,-140,-12384,-7308,7520,-485,157,-151,0
3351.4531099796295,6076,8148,11964,-167,-39,36,5576,-9020,11384,-72,163,-192,-12364,4568,7896,-1028,88,-42,-12404,-7272,7552,-483,113,-176,0
3351.486792087555,5984,8096,11796,-147,-25,85,5404,-8836,11356,-74,162,-123,-12508,4768,7696,-1051,59,-3,-12400,-7288,7620,-468,68,-150,0
3351.520131111145,6004,8108,12016,-147,35,86,5424,-8932,11576,-62,122,-125,-12376,4440,7920,-1053,59,-1,-12396,-7256,7864,-452,53,-154,0
3351.553606033325,5924,8200,11952,-165,7,54,5368,-9184,11320,-46,183,-123,-12320,4420,7832,-1084,22,-98,-12416,-7324,7592,-461,118,-196,0
3351.5870120525365,5960,8200,11800,-147,-6,65,5408,-8984,11360,-24,177,-174,-12308,4596,7832,-1073,50,-93,-12328,-7348,7592,-472,152,-123,0
3351.620451927185,6032,8096,11908,-131,-52,79,5472,-8916,11484,-7,158,-196,-12256,4500,7468,-1099,95,-74,-12448,-7032,7468,-440,185,-144,0
3351.6536760330205,5956,8140,11812,-156,-85,104,5560,-8864,11336,-17,137,-213,-12328,4496,7932,-1110,89,-69,-12444,-7352,7476,-429,183,-98,0
3351.687296152115,6048,8096,11844,-200,-87,125,5452,-8804,11748,-17,168,-189,-12344,4512,8052,-1089,129,-117,-12488,-7296,7532,-399,122,-102,0
3351.720473051071,6236,8144,11896,-225,-54,88,5496,-8924,11568,-19,178,-159,-12336,4564,7760,-1088,81,-53,-12412,-7252,7456,-416,129,-145,0
3351.753921031952,6020,8096,11828,-193,-9,62,5508,-8924,11600,10,186,-152,-12372,4564,7904,-1150,100,-28,-12540,-7312,7172,-421,141,-126,0
3351.787461042404,5956,8132,11764,-196,-42,84,5400,-8848,11268,-22,186,-136,-12268,4540,8028,-1146,118,-57,-12408,-7292,7500,-366,85,-139,0
3351.8210079669952,5964,8208,11932,-207,-21,98,5380,-8932,11408,-9,158,-163,-12268,4520,8008,-1140,106,-78,-12460,-7204,7636,-408,118,-151,0
3351.8544881343846,6024,8128,11972,-190,-33,92,5368,-8924,11492,28,151,-166,-12400,4648,7720,-1173,114,-90,-12340,-7268,7528,-432,152,-118,0
3351.8877880573273,5916,8148,11728,-166,-69,130,5328,-8972,11364,34,161,-126,-12320,4576,7832,-1138,145,-41,-12380,-7632,7560,-395,138,-97,0
3351.9211161136627,5692,8200,11888,-154,-6,108,5504,-8884,11600,7,140,-187,-12352,4496,7976,-1147,127,-60,-12436,-7268,7660,-400,115,-123,0
3351.9544661045074,5980,8360,11916,-208,-21,106,5456,-8952,11488,18,148,-147,-12536,4532,7932,-1129,145,-95,-12468,-7344,7528,-407,148,-118,0
3351.9880800247192,5968,8116,11756,-199,-7,76,5388,-9056,11416,17,175,-141,-12328,4472,7920,-1142,115,-85,-12448,-7340,7492,-406,84,-117,0
3352.0214481353764,6024,8160,11896,-199,-10,73,5336,-8960,11476,29,183,-137,-12304,4584,7872,-1118,112,-30,-12356,-7328,7556,-408,98,-133,0
3352.0547370910645,5968,8004,11864,-162,19,98,5456,-8900,11428,-8,167,-136,-12400,4488,8060,-1119,124,-59,-12320,-7348,7640,-450,95,-138,0
3352.088304042816,5932,7948,11584,-192,-255,82,5416,-8996,11460,-6,154,-147,-12352,4484,7736,-1105,121,-97,-12364,-7300,7608,-486,170,-89,0
3352.121675014496,5944,8092,11976,-207,-12,118,5620,-8940,11300,-4,165,-156,-12372,4432,7792,-1088,123,-40,-12496,-7352,7524,-463,140,-107,0
3352.1549410820007,5984,8068,11736,-207,-64,92,5456,-8872,11452,11,166,-207,-12424,4388,7972,-1047,127,-68,-12324,-7324,7504,-482,195,-98,0
3352.1884520053864,5992,8120,11932,-221,-102,124,5472,-8876,11680,7,149,-176,-12532,4452,7760,-1034,130,-109,-12420,-7324,7628,-472,175,-67,0
3352.2261979579926,5948,8144,11880,-224,-112,124,5396,-8888,11640,1,122,-198,-12340,4372,7708,-1003,122,-150,-12268,-7308,7660,-493,203,-77,0
3352.260400056839,5944,7948,11840,-232,-137,132,5400,-8884,11536,-48,142,-193,-12320,4484,7856,-986,133,-119,-12380,-7376,7604,-490,231,-85,0
3352.2938871383667,5956,8068,11924,-222,-121,123,5304,-8860,11580,-23,155,-225,-12324,4416,7940,-996,173,-144,-12420,-7208,7596,-495,242,-92,0
3352.3273730278015,5640,8168,11944,-236,-118,144,5244,-8868,11576,255,131,-222,-12284,4484,7936,-979,194,-122,-12320,-7256,7512,-489,253,-76,0
3352.3609499931335,6060,8056,11936,-253,-151,155,5344,-8740,11432,26,112,-214,-12308,4552,7796,-987,180,-151,-12448,-7264,7644,-501,280,-64,0
3352.39435505867,5920,8008,11900,-243,-128,157,5380,-8892,11468,17,131,-219,-12312,4448,7784,-978,153,-146,-12524,-7200,7608,-257,261,-56,0
3352.430374145508,5976,8060,11896,-280,-131,166,5388,-8892,11452,15,106,-207,-12344,4540,7800,-979,160,-132,-12408,-7300,7564,-536,278,-55,0
3352.4652869701385,6008,8120,11956,-265,-152,170,5448,-8876,11496,18,138,-208,-12500,4356,7892,-994,164,-137,-12468,-7284,7596,-762,259,-49,0
3352.500519990921,6036,8064,11920,-272,-172,178,5488,-8792,11560,-249,115,-205,-12400,4424,7784,-997,125,-112,-12544,-7304,7460,-495,262,-108,0
3352.536255121231,6072,8044,11748,-267,-175,167,5460,-8844,11468,20,145,-208,-12452,4560,8008,-1002,109,-87,-12416,-7272,7492,-529,284,-105,0
3352.5713870525365,6048,8112,11940,-270,-144,167,5444,-8844,11440,47,157,-207,-12360,4368,7840,-957,70,-128,-12404,-7224,7260,-537,304,-81,0
3352.6075501441956,6020,8076,11944,-266,-168,169,5376,-8944,11520,86,146,-198,-12396,4492,7768,-935,54,-89,-12536,-7332,7424,-520,286,-90,0
3352.6423840522766,6056,8012,11784,-261,-205,173,5424,-8900,11568,51,130,-222,-12332,4416,7808,-976,100,-107,-12476,-7188,7540,-545,265,-110,0
3352.6773819923405,5964,8048,11608,-225,-208,172,5628,-8872,11748,44,108,-220,-12268,4504,7708,-946,142,-133,-12508,-7292,7656,-518,228,-82,0
3352.71285200119,6060,8092,11832,-220,-168,164,5620,-8800,11448,41,84,-214,-12316,4512,7872,-969,120,-135,-12484,-7176,7384,-500,214,-68,0
3352.7487170696254,6264,8036,11912,-235,-155,172,5484,-8792,11496,62,110,-210,-12372,4428,7840,-1012,155,-94,-12492,-7296,7464,-496,202,-91,0
3352.7841351032257,6072,8188,11852,-244,-144,166,5468,-8808,11580,51,122,-190,-12372,4380,7916,-973,150,-134,-12488,-7288,7624,-499,179,-100,0
3352.8197169303894,6048,8040,11784,-221,-160,176,5480,-8836,11304,31,153,-188,-12428,4532,7836,-772,150,-76,-12324,-7256,7440,-474,149,-54,0
3352.8547909259796,6056,8140,11736,-232,-152,171,5424,-8772,11700,13,132,-199,-12400,4464,7924,-996,157,-101,-12496,-6948,7344,-417,90,-90,0
3352.89021897316,6240,8008,11912,-212,-85,127,5504,-8752,11352,-5,148,-183,-12408,4512,7792,-1035,95,-126,-12444,-6968,7320,-501,147,-139,0
3352.9249961376186,6132,8036,11740,-225,-153,126,5416,-8800,11504,23,131,-156,-12412,4568,7824,-1062,94,-85,-12460,-7400,7436,-473,121,-145,0
3352.960706949234,6180,7952,11804,-103,-2,66,5408,-8752,11532,-49,181,-170,-12404,4400,7816,-1046,125,-26,-12508,-7156,7412,-476,93,-180,0
3352.99614405632,6344,8004,11892,-200,33,60,5464,-8936,11516,-13,178,-175,-12488,4536,7852,-1012,-51,-103,-12492,-7232,7408,-476,168,-135,0
3353.0321991443634,6108,8156,12004,-146,-12,103,5196,-8760,11656,-33,182,-125,-12512,4424,7848,-1065,105,-13,-12444,-7208,7504,-441,111,-124,0
3353.0681049823766,6076,8024,11816,-150,3,99,5500,-8728,11508,-55,184,-114,-12364,4520,7748,-992,75,253,-12544,-7240,7528,-451,47,-185,0
3353.103734970093,5972,8068,11980,-157,-16,61,5260,-8912,11568,-63,173,-159,-12320,4540,8032,-994,55,-25,-12364,-7244,7208,-498,127,-192,0
3353.1371381282806,6052,8072,11960,-106,25,48,5300,-8804,11364,-52,182,-167,-12084,4576,7808,-1043,38,-81,-12516,-7188,7504,-497,113,-141,0
3353.1705410480495,6048,8076,11836,-106,-255,75,5440,-8828,11728,-48,174,-179,-12292,4416,7772,-1035,97,-116,-12424,-7164,7504,-500,128,-149,0
3353.204097032547,6060,7996,11532,-124,-28,75,5400,-8816,11476,-56,167,-163,-12420,4448,7724,-1030,145,-50,-12524,-7320,7648,-478,124,-114,0
3353.2376680374146,6112,8132,11916,-118,-51,101,5452,-8824,11540,-95,132,-192,-12464,4500,7688,-1041,165,-53,-12408,-7292,7524,-481,54,-126,0
3353.271213054657,6376,8032,11936,-146,-72,83,5424,-8852,11496,-86,174,-180,-12464,4500,7884,-1065,141,-52,-12512,-7200,7500,-466,19,-114,0
3353.3046510219574,6048,7940,12020,-113,8,55,5548,-8896,11712,-77,169,-171,-12360,4400,7748,-1114,160,-107,-12404,-7388,7468,-421,-17,-158,0
3353.3381650447845,6024,8156,11872,-70,-20,45,5204,-8852,11416,-87,192,-133,-12320,4464,8056,-1106,137,-56,-12432,-7316,7516,-406,-10,-115,0
3353.371922016144,6024,8112,12004,-91,-3,22,5328,-8768,11524,-139,178,-143,-12412,4456,7760,-1124,165,-35,-12460,-7240,7512,-404,-36,-123,0
3353.405274152756,6040,8152,12000,-91,-7,41,5392,-8948,11612,-94,179,-144,-12304,4484,7728,-1103,169,-27,-12424,-7256,7500,-416,-31,-151,0
3353.438980102539,5980,8064,11732,-115,-40,75,5368,-8848,11400,-76,172,-161,-12348,4436,7804,-1081,116,-47,-12328,-7272,7480,-468,29,-133,0
3353.472429037094,5972,8068,11924,-103,-50,99,5624,-8832,11560,-58,153,-149,-12368,4516,7912,-1081,102,-79,-12308,-7224,7632,-471,41,-155,0
3353.5058801174164,6040,8040,11924,-130,-32,81,5628,-8888,11356,-65,120,-152,-12356,4468,7836,-1073,111,-68,-12460,-7392,7612,-522,64,-145,0
3353.5395889282227,6088,8088,11916,-131,-65,106,5504,-8812,11632,-49,136,-180,-12460,4352,7864,-1086,119,-17,-12452,-7268,7632,-534,40,-149,0
3353.5729310512543,6028,8096,11808,-106,-30,54,5396,-8720,11616,-86,154,-143,-12380,4412,7780,-1069,125,-19,-12408,-7304,7504,-259,-2,-188,0
3353.606513977051,6024,8056,11932,-108,-22,51,5608,-9028,11504,-51,165,-130,-12396,4504,7748,-1077,84,-64,-12392,-7156,7512,-537,4,-164,0
3353.639703989029,6056,8176,11740,-133,-74,49,5432,-8832,11708,-47,162,-175,-12380,4452,7928,-1072,89,-32,-11960,-7232,7372,-722,56,-143,0
3353.6728971004486,6080,8200,11772,-53,-11,41,5424,-8876,11448,-121,115,-149,-12420,4456,7840,-1073,5,-3,-12468,-7268,7460,-692,-84,-190,0
3353.706586122513,6000,8144,11976,-66,-73,11,5368,-8904,11576,-129,146,-153,-12356,4444,7884,-1069,75,-68,-12476,-7336,7480,-569,-29,-175,0
3353.7402200698853,5948,8144,11896,-105,-65,18,5228,-8808,11516,-98,146,-165,-12392,4572,7720,-1134,91,-62,-12456,-7312,7536,-610,58,-139,0
3353.7737159729004,6096,8148,11884,-62,-62,67,5384,-8852,11444,-70,112,-139,-12356,4448,7936,-1175,123,239,-12372,-7276,7476,-615,-46,-142,0
3353.807349920273,5944,8036,11832,-72,-30,68,5352,-8812,11548,-114,103,-141,-12288,4504,8128,-1067,81,-25,-12084,-7340,7580,-565,10,-141,0
3353.840966939926,6072,8184,11540,-141,-19,93,5260,-8888,11696,-96,132,-137,-12456,4380,8020,-1008,110,-47,-12220,-7344,7568,-548,86,-115,0
3353.874377012253,5964,8252,11916,-183,-10,88,5236,-8900,11724,-50,127,-163,-12348,4324,8028,-1040,133,-95,-12056,-7360,7536,-539,103,-124,0
3353.9076199531555,5904,8236,11712,-113,-73,80,5340,-8836,11556,-38,115,-183,-12376,4432,7972,-1043,153,-82,-12232,-7372,7632,-471,99,-66,0
3353.9410960674286,5796,8240,11800,-150,-73,107,5380,-8780,11436,-39,96,-191,-12400,4316,7820,-1019,204,-70,-12332,-7296,7568,-444,111,-87,0
3353.9745421409607,5912,8216,11868,-156,-93,146,5144,-8904,11620,-26,87,-176,-12424,4392,7780,-957,207,-70,-12368,-7352,7640,-421,86,-23,0
3354.008042097092,6012,8204,11988,-232,-93,111,5380,-8960,11540,-16,119,-216,-12728,4544,7704,-915,213,-95,-12312,-7324,7624,-402,188,-52,0
3354.041666984558,6016,8304,11904,-261,-122,158,5156,-8908,11584,247,113,-188,-12400,4472,7828,-925,197,-128,-12216,-7336,7552,-366,125,-49,0
3354.0751910209656,5960,8176,11776,-252,-141,174,5304,-8860,11588,-9,146,-208,-12276,4492,8236,-833,112,-136,-12284,-7312,7560,-281,206,-5,0
3354.1113250255585,5900,8212,12028,-325,-121,188,5292,-8952,11688,38,127,-221,-12340,4480,7804,-860,85,-171,-12068,-6996,7620,-285,268,-32,0
3354.1462421417236,5960,8048,11892,-337,-153,186,5356,-8872,11368,86,120,-243,-12312,4540,7704,-805,169,-135,-12424,-7220,7744,-387,237,-57,0
3354.181818008423,6076,8184,11984,-254,-115,184,5460,-8960,11708,72,67,-211,-12360,4460,7948,-729,112,-76,-12536,-7268,7544,-410,227,-36,0
3354.2180349826813,6092,8036,11892,-225,-103,197,5520,-8984,11604,32,33,-248,-12452,4496,7720,-790,135,-131,-12444,-7228,7640,-426,206,-65,0
3354.2532200813293,6020,8048,11924,-223,-156,194,5484,-8820,11540,34,36,-229,-12384,4484,7672,-720,174,-113,-12456,-7256,7584,-468,250,-54,0
3354.289228916168,6104,7952,11856,-208,-184,172,5488,-8708,11320,-8,55,-200,-12400,4532,7648,-755,157,-127,-12324,-7264,7636,-473,201,-23,0
3354.3241789340973,6060,8108,11860,-162,-117,215,5488,-8832,11716,-63,18,-197,-12468,4540,7792,-1024,161,-49,-12416,-7148,7432,-543,120,-73,0
3354.3598930835724,6072,8020,12016,-194,-114,215,5472,-8848,11472,-12,-12,-209,-12484,4840,7932,-736,45,-130,-12356,-7288,7440,-534,177,-80,0
3354.3951449394226,6052,8420,11796,-156,-139,184,5428,-8896,11516,-55,-11,-220,-12424,4464,7660,-841,43,-65,-12328,-7280,7560,-479,142,-76,0
3354.4307639598846,6060,8140,11776,-106,-190,111,5448,-8812,11588,-83,52,-234,-12416,4584,7840,-847,52,-123,-12404,-7348,7596,-474,208,-120,0
3354.4655289649963,5932,8204,11924,-200,-197,112,5404,-8908,11556,-23,50,-246,-12416,4580,7804,-841,60,-122,-12352,-7204,7604,-495,211,-82,0
3354.5008771419525,6112,8112,11860,-149,-178,177,5508,-8820,11336,-68,57,-192,-12468,4500,7752,-879,-8,-69,-12348,-7260,7592,-488,181,-108,0
3354.536075115204,6108,8096,11704,-142,-159,169,5448,-8760,11564,-91,132,-150,-12400,4560,8116,-965,67,-43,-12384,-7256,7616,-423,165,-97,0
3354.571893930435,6076,8184,11912,-175,-173,127,5528,-8852,11336,-91,155,-173,-12520,4360,7848,-1009,68,-68,-12288,-7264,7532,-436,190,-116,0
3354.6078021526337,5920,8028,11952,-129,-140,113,5440,-8872,11480,-88,171,-168,-12352,4528,7816,-998,51,-104,-12348,-7148,7592,-490,199,-129,0
3354.6429579257965,6124,8124,11856,-51,-129,52,5508,-8880,11304,-112,147,-211,-12392,4504,7560,-1011,34,-118,-12408,-7232,7592,-499,1,-149,0
3354.679300069809,6100,8068,11680,-66,-62,82,5432,-8860,11556,-133,100,-193,-12488,4564,7680,-993,25,-62,-12460,-7232,7552,-489,222,-124,0
3354.714870929718,6184,8116,11804,-44,-28,100,5596,-8880,11424,-118,106,-158,-12496,4404,7564,-985,52,-72,-12476,-7288,7584,-436,221,-147,0
3354.7502019405365,6196,8132,11796,-120,16,71,5424,-8864,11388,-78,212,-174,-12444,4528,7876,-996,33,-121,-12424,-7316,7592,-480,191,-170,0
3354.785467147827,6196,8176,11876,-119,15,46,5440,-8920,11612,-73,214,-185,-12408,4488,7816,-1030,7,-46,-12344,-7280,7684,-476,190,-143,0
3354.819046020508,5992,8148,11792,-142,-21,49,5388,-8912,11316,-107,204,-173,-12356,4568,7816,-1029,-13,-69,-12304,-7260,7496,-480,208,-179,0
3354.852663040161,5976,8188,11664,-157,-39,36,5496,-8904,11404,-135,214,-187,-12344,4400,7928,-996,-33,-47,-12428,-7208,7784,-477,196,-205,0
3354.886052131653,5988,8128,11936,-130,-18,45,5400,-9192,11680,-101,216,-165,-12372,4544,7732,-1019,-18,-111,-12492,-7292,7596,-497,210,-186,0
3354.919760942459,6100,8444,11896,-123,-16,75,5460,-8912,11504,-111,185,-187,-12332,4620,7900,-1023,-24,-127,-12384,-7324,7596,-493,195,-164,0
3354.9531960487366,6068,8160,11796,-142,-253,85,5432,-8908,11416,-97,201,-130,-12380,4444,7860,-985,-9,-73,-12436,-7304,7584,-509,239,-152,0
3354.9869160652165,6048,8104,11604,-149,-59,46,5480,-8920,11344,-105,185,-189,-12328,4520,7772,-929,8,-76,-12332,-7280,7424,-498,247,-163,0
3355.0204191207886,6000,8028,11776,-141,-13,72,5556,-8772,11540,-123,172,-175,-12404,4588,7852,-955,-28,-48,-12412,-7220,7520,-465,214,-155,0
3355.053961992264,6080,8192,11744,-128,-6,53,5488,-9216,11400,-112,187,-155,-12408,4604,7744,-1033,-75,-89,-12444,-7232,7260,-519,217,-145,0
3355.0876049995422,6064,8264,11892,-164,-60,89,5536,-8952,11324,-40,196,-131,-12392,4560,8060,-770,-86,-65,-12312,-7288,7520,-434,185,-175,0
3355.120989084244,6048,8296,11620,-119,-256,59,5364,-8944,11476,-76,196,-140,-12332,4568,7804,-1021,-24,-33,-12396,-7252,7672,-468,168,-185,0
3355.154281139374,6280,8196,11844,-194,-251,26,5492,-8952,11488,-48,196,-156,-12356,4604,7940,-972,-18,-49,-12368,-7184,7524,-452,187,-205,0
3355.1878950595856,6020,8220,11784,-192,-21,52,5524,-8712,11492,-86,191,-171,-12320,4832,7736,-975,-45,-65,-12364,-7240,7396,-453,218,-161,0
3355.2214391231537,6060,8168,11740,-173,-3,63,5620,-8912,11672,-47,179,-147,-12340,4852,8096,-976,-49,-57,-12364,-7344,7528,-477,215,-172,0
3355.2549860477448,6052,8136,11716,-171,39,79,5308,-8924,11388,-53,183,-159,-12352,4504,7684,-994,-68,-26,-12412,-7308,7472,-449,203,-157,0
3355.288628101349,5904,8164,11948,-183,8,73,5304,-8952,11524,-30,68,-182,-12224,4412,7996,-988,-78,-53,-12392,-7268,7556,-487,213,-178,0
3355.3220860958095,5960,8220,11916,-164,-246,93,5332,-8980,11544,-11,169,-166,-12340,4544,8000,-992,-36,-90,-12400,-7296,7524,-507,210,-180,0
3355.355839967728,6136,8136,11832,-168,-247,83,5444,-8740,11500,8,138,-197,-12312,4604,7904,-991,-30,-65,-12424,-7296,7568,-515,179,-180,0
3355.3892300128937,5996,8400,11712,-136,-251,95,5280,-9172,11432,10,83,-178,-12264,4552,8004,-976,-125,-103,-12372,-7252,7488,-481,117,-156,0
3355.422982931137,6068,7988,11872,-139,-40,118,5628,-8900,11472,12,98,-129,-12340,4612,7988,-1276,11,-56,-12404,-7348,7608,-357,-37,-114,0
3355.456738948822,5952,8156,11944,-163,-244,135,5432,-8880,11384,29,132,-136,-12308,4560,8084,-772,65,-68,-12352,-7324,7480,-336,-58,-102,0
3355.4902510643005,6040,8180,11880,-167,-5,106,5428,-8780,11748,18,118,-157,-12280,4464,8044,-769,79,-42,-12412,-7224,7644,-330,11,-127,0
3355.523910045624,5992,8240,11892,-145,-72,127,5260,-8952,11544,-16,173,-173,-12220,4388,8036,-769,51,-70,-12360,-7348,7596,-330,32,-136,0
3355.5573580265045,5920,8312,12004,-154,-39,72,5360,-8832,11504,-39,142,-190,-12212,4772,7956,-1040,66,-81,-12460,-7244,7528,-314,40,-136,0
3355.5908999443054,6012,8196,11676,-195,-43,82,5436,-8864,11504,2,157,-180,-12208,4568,8132,-1036,56,-99,-12424,-7292,7516,-290,25,-139,0
3355.6243200302124,5984,8340,11880,-175,-41,95,5404,-8988,11460,9,157,-183,-12248,4368,8108,-1051,80,-74,-12112,-7276,7560,-327,29,-117,0
3355.6576621532445,5996,8216,11800,-165,-46,118,5348,-8904,11620,2,144,-180,-12188,4556,8184,-1066,88,-96,-12408,-7264,7612,-338,35,-86,0
3355.6911990642548,5920,8224,11760,-152,-28,123,5460,-8892,11528,1,108,-157,-12484,4628,8000,-1084,86,-65,-12288,-7160,7656,-313,47,-83,0
3355.7247540950775,5980,8396,11920,-150,-14,149,5292,-8952,11312,-2,122,-162,-12052,4656,8124,-1096,153,-104,-12340,-7352,7560,-310,55,-101,0
3355.758427143097,5652,8212,11880,-179,-90,135,5388,-8764,11412,254,100,-179,-12300,4532,7916,-1019,121,-111,-12360,-7264,7740,-339,105,-64,0
3355.7944190502167,5828,8212,11848,-248,-92,168,5604,-8884,11504,23,121,-168,-12308,4600,7960,-1003,126,-110,-12364,-7244,7512,-325,102,-66,0
3355.8301210403442,5996,7980,11732,-230,-113,139,5352,-9004,11372,33,103,-182,-12212,4680,7836,-1156,197,-81,-12300,-7284,7880,-393,109,-12,0
3355.86528301239,5896,8144,11824,-217,-158,180,5480,-8836,11748,78,82,-204,-12256,4596,7904,-1121,150,-101,-12360,-7324,7516,-344,127,-46,0
3355.9009249210358,6112,8268,11916,-182,-114,134,5464,-8868,11396,12,130,-231,-12240,4524,8016,-1117,99,-107,-12144,-7244,7880,-362,162,-53,0
3355.9371731281285,5904,8116,11684,-260,-128,140,5424,-8996,11276,64,128,-225,-12256,4552,8072,-1110,166,-120,-12292,-7408,7560,-350,181,-34,0
3355.972216129303,5932,8212,11880,-261,-167,176,5312,-9200,11768,48,102,-183,-12360,4592,7984,-1145,177,-100,-12436,-7392,7864,-455,153,-51,0
3356.0081639289856,6012,7948,11756,-203,-129,213,5396,-8832,11528,53,86,-106,-12232,4364,8048,-1146,136,-13,-12508,-7152,7684,-437,36,-34,0
3356.0437381267548,6028,8424,11916,-211,-98,215,5452,-8828,11472,22,90,-84,-12272,4424,7944,-1110,161,-31,-12492,-6928,7728,-423,11,-33,0
3356.079164028168,5924,8160,11864,-212,-106,245,5520,-8844,11356,-246,74,-142,-12248,4448,8032,-1104,125,-50,-12336,-7136,7620,-481,153,-16,0
3356.114301919937,5984,8124,11836,-253,-174,218,5432,-8832,11640,-14,119,-203,-12264,4408,8144,-1106,121,-177,-12408,-7264,7688,-536,262,-65,0
3356.1501660346985,6008,8188,11972,-505,-256,165,5560,-8864,11604,50,125,-242,-12368,4532,8020,-1125,147,-186,-12284,-7196,7780,-444,252,-61,0
3356.1852629184723,6016,8188,11884,-158,-216,159,5180,-8844,11308,12,92,-200,-12264,4508,7896,-1126,108,-159,-12784,-7068,7636,-459,192,-46,0
3356.2209780216217,6092,8428,11780,-164,-162,180,5452,-8836,11516,30,65,-166,-12288,4496,7920,-1122,152,-90,-12476,-6964,7700,-481,167,-51,0
3356.2561819553375,6076,8184,12016,-193,-122,217,5428,-8784,11508,61,80,-142,-12532,4384,7716,-1123,158,-98,-12360,-7000,7756,-537,202,-51,0
3356.291850090027,6004,8384,11840,-199,-120,223,5456,-8912,11512,24,67,-164,-12320,4472,7684,-1109,214,-79,-12432,-7244,7748,-499,172,-29,0
3356.3278090953827,6024,8192,11728,-264,-174,205,5136,-8864,11592,-10,62,-154,-12328,4448,8116,-1097,189,-84,-12536,-7108,7892,-469,183,-53,0
3356.362807035446,6092,8192,11800,-234,-196,168,5500,-8832,11480,-51,107,-164,-12300,4440,8020,-1099,139,-136,-12368,-7164,7516,-550,229,-88,0
3356.398247957229,6164,8052,11736,-207,-193,159,5548,-8828,11420,-20,114,-179,-12352,4380,8008,-1028,114,-104,-12500,-7124,7664,-763,357,-155,0
3356.4336631298065,6020,8228,11820,-229,-191,153,5444,-8784,11444,-46,166,-231,-12356,4492,7960,-1026,155,-185,-12484,-7064,7448,-621,338,-130,0
3356.469190120697,6056,8132,11784,-3,-172,110,5356,-8872,11404,-37,140,-263,-12216,4392,8136,-1037,186,-191,-12372,-7160,7600,-680,360,-143,0
3356.502888917923,6056,8084,11724,-203,-220,99,5484,-8756,11532,-25,146,-271,-12136,4440,8120,-1070,112,-153,-12472,-7168,7524,-618,313,-194,0
3356.536499977112,6144,8148,11540,-197,-121,64,5404,-8804,11436,-47,218,-210,-12360,4488,8132,-1043,86,-55,-12596,-7148,7664,-693,197,-196,0
3356.5700969696045,6328,8164,11520,-114,-20,33,5592,-8864,11436,-48,140,-118,-12044,4504,7936,-1092,104,-27,-12392,-7044,7496,-669,165,-179,0
3356.6038501262665,6196,7736,11872,-162,-1,102,5420,-8948,11448,-249,85,-94,-12320,4508,7968,-1090,88,-248,-12456,-7400,7644,-615,137,-106,0
3356.637045145035,6072,8152,11640,-145,27,162,5400,-8796,11548,-9,53,-54,-12344,4408,7964,-1115,159,3,-12376,-7416,7580,-599,94,-94,0
3356.6722779273987,6088,8048,12188,-100,34,183,5460,-8904,11692,-30,88,-66,-12380,4444,8164,-1101,134,-249,-12444,-7240,7648,-610,78,-85,0
3356.7057659626007,6144,8084,11988,-119,-22,137,5448,-8880,11452,-25,109,-112,-12456,4492,7968,-1096,120,-59,-12548,-7240,7544,-583,116,-124,0
3356.7393510341644,6320,8160,12008,-112,18,161,5528,-8844,11432,-45,132,-77,-12292,4504,8028,-1108,122,5,-12592,-7404,7496,-592,27,-122,0
3356.772886991501,6104,8144,11904,-126,82,132,5544,-8864,11436,-44,148,-30,-12272,4500,8012,-1071,78,92,-12396,-7228,7524,-529,-48,-116,0
3356.806487083435,5912,7948,11804,-147,86,110,5540,-8860,11736,-46,193,-43,-12076,4432,7968,-1062,16,53,-12404,-7280,7552,-471,14,-194,0
3356.8397951126094,5992,7984,11848,-182,91,9,5424,-8848,11576,-52,290,-135,-12516,4580,7964,-967,-89,-10,-12504,-7368,7572,-457,62,-247,0
3356.8734400272374,6088,8044,11740,-186,33,-66,5408,-8892,11488,-79,305,-208,-12404,4320,8044,-953,-81,-96,-12372,-7340,7536,-451,131,-510,0
3356.9070410728455,6012,8232,11832,-234,-33,-80,5408,-8756,11612,-54,278,-288,-12256,4344,7996,-1031,-54,-113,-12352,-7284,7520,-409,154,-218,0
3356.94029211998,6016,8440,11572,-170,-75,-52,5484,-8944,11268,-51,236,-286,-12080,4372,8036,-956,44,-94,-12312,-7256,7664,-417,132,-200,0
3356.9739100933075,6112,8228,11692,-200,-62,-51,5384,-8788,11748,-51,190,-276,-12300,4372,7972,-941,14,-75,-12352,-7204,7596,-367,149,-198,0
3357.0074660778046,6024,8300,11852,-215,-61,-40,5480,-8896,11636,-79,223,-261,-12400,4528,8140,-981,31,-95,-12436,-7240,7564,-414,143,-183,0
3357.040517091751,6388,8268,11544,-193,-74,-21,5576,-8772,11396,-41,218,-198,-12312,4468,8176,-1029,12,-33,-12480,-7240,7652,-426,108,-227,0
3357.074172973633,6004,8168,11920,-198,-29,-27,5604,-8900,11712,-99,256,-200,-12216,4552,8064,-997,7,42,-12504,-7140,7720,-454,42,-219,0
3357.107810974121,5920,8180,11900,-165,31,-6,5304,-8908,11268,-77,3,-155,-12216,4852,8056,-975,255,-251,-12356,-7140,7648,-466,64,-199,0
3357.1411471366882,5984,8080,11956,-184,23,42,5352,-8912,11456,-42,203,-153,-12208,4572,8100,-1012,10,-17,-12328,-7412,7760,-500,69,-183,0
3357.174716949463,5648,8120,11928,-181,-29,65,5332,-8952,11504,-37,151,-180,-12252,4496,7908,-769,93,-102,-12464,-7240,7676,-539,120,-141,0
3357.2082419395447,5932,8204,12044,-177,-58,86,5304,-8972,11296,-15,133,-215,-12248,4776,8004,-1041,122,-100,-12148,-7388,7452,-600,167,-126,0
3357.2437801361084,5936,8096,11824,-131,-125,97,5328,-8872,11540,-5,93,-245,-12244,4480,7904,-1124,188,-129,-12320,-7260,7628,-545,192,-140,0
3357.277665138244,6052,8444,11636,-115,-129,111,5608,-8864,11436,-25,94,-202,-12224,4428,8024,-1068,154,-66,-12676,-7236,7620,-541,141,-133,0
3357.311142921448,6124,8128,11840,-109,-75,144,5412,-8948,11524,-36,115,-124,-12500,4440,8084,-1074,195,-61,-12468,-7276,7436,-542,88,-80,0
3357.3446159362793,6032,8444,11764,-166,16,141,5384,-8868,11656,-3,72,-116,-12352,4352,8008,-1093,166,-63,-12356,-7380,7724,-488,91,-96,0
3357.3781299591064,5976,8304,11756,-195,3,129,5356,-8732,11660,-66,158,-158,-12344,4416,8248,-772,135,-22,-12416,-7676,7596,-477,74,-146,0
3357.411647081375,6004,7956,11808,-209,-50,38,5424,-8900,11856,-86,249,-182,-12316,4264,8188,-951,45,-46,-12296,-7460,7444,-452,106,-229,0
3357.4449419975285,5972,8284,11964,-240,-42,-19,5344,-8876,11548,-63,249,-233,-12480,4228,8296,-921,87,-174,-12208,-7328,7492,-429,200,-184,0
3357.4812109470367,5904,8216,11672,-200,-126,-29,5372,-8776,11564,-96,221,-270,-12188,4364,8040,-962,94,-137,-12332,-7332,7512,-407,205,-185,0
3357.5171949863434,5944,8184,11700,-219,-64,9,5320,-8880,11452,-68,194,-274,-12276,4404,8044,-966,52,-109,-12488,-7264,7532,-416,176,-188,0
3357.552267074585,6048,8228,11780,-239,-52,9,5292,-8788,11520,-72,194,-259,-12232,4532,8100,-881,-52,-103,-12292,-7312,7576,-419,195,-182,0
3357.5875999927525,5964,8168,12024,-234,-108,24,5276,-8876,11456,-32,184,-226,-12272,4472,7868,-1005,70,-130,-12328,-7244,7448,-480,207,-129,0
3357.6228189468384,5936,8164,11944,-208,-122,100,5404,-9100,11468,-245,144,-221,-12208,4616,8012,-1038,121,-77,-12464,-6996,7708,-513,216,-66,0
3357.658271074295,6028,8148,11860,-194,-121,179,5300,-8880,11516,12,93,-192,-12300,4600,8000,-1026,176,-102,-12416,-7212,7604,-481,178,-41,0
3357.693690061569,5940,8144,12080,-234,-114,204,5428,-8976,11444,-30,65,-171,-12044,4444,7820,-997,172,-39,-12312,-7280,7620,-488,166,-72,0
3357.7287039756775,5936,8152,11832,-207,-76,176,5440,-9064,11484,-60,135,-161,-12320,4504,7928,-1002,122,-83,-12304,-7224,7648,-478,242,-85,0
3357.7637770175934,5696,8328,11844,-244,-158,174,5360,-8712,11340,-21,147,-215,-12236,4512,7912,-1015,103,-153,-12340,-7300,7688,-461,510,-43,0
3357.799171924591,5916,8136,12000,-263,-159,138,5312,-8920,11676,-20,121,-238,-12244,4364,8196,-985,168,-126,-12392,-7256,7584,-470,221,-76,0
3357.834051132202,6024,8160,11924,-6,-152,125,5412,-8892,11644,-7,152,-279,-12260,4520,8152,-984,132,-170,-12372,-7364,7636,-485,268,-95,0
3357.8698050975804,6016,8136,11980,-227,-207,137,5592,-8844,11544,0,125,-272,-12316,4304,8116,-987,141,-169,-12416,-7256,7696,-470,0,-69,0
3357.9049911499023,6068,8248,11788,-248,-182,139,5440,-8876,11552,-28,153,-218,-12252,4456,7948,-1001,153,-164,-12456,-7280,7792,-475,212,-29,0
3357.9404549598694,6036,8184,11656,-508,-180,180,5288,-8844,11492,-8,110,-209,-12540,4132,7940,-1015,155,-71,-12460,-7264,7540,-466,197,-33,0
3357.976109981537,6012,8192,11800,-250,-173,189,5392,-8784,11516,-28,104,-188,-12516,4376,8148,-1057,186,-91,-12368,-7296,7552,-475,194,-68,0
3358.011878967285,6052,8268,11812,-250,-155,185,5480,-8832,11640,-20,135,-187,-12288,4604,8112,-1008,118,-89,-12460,-7332,7604,-447,163,-58,0
3358.047714948654,6040,8200,11964,-239,-175,164,5164,-8840,11692,-18,113,-207,-12288,4340,8108,-1018,99,-69,-12448,-7280,7604,-480,166,-90,0
3358.0830631256104,6012,8132,11924,-234,-155,166,5412,-8840,11700,-2,102,-201,-12312,4368,8152,-769,117,-56,-12396,-7200,7600,-479,168,-94,0
3358.119555950165,5904,8140,11932,-207,-170,171,5320,-8912,11552,-252,103,-205,-12328,4496,8032,-1013,155,-110,-12516,-7284,7540,-456,144,-41,0
3358.1527099609375,6024,7936,11756,-246,-132,151,5420,-8892,11316,-35,152,-185,-12116,4564,7936,-964,86,-107,-12416,-7260,7556,-427,117,-56,0
3358.1861760616302,6316,8020,11820,-268,-149,162,5388,-8852,11524,-23,134,-196,-12064,4584,7920,-980,103,-94,-12356,-7168,7564,-453,191,-79,0
3358.2197029590607,6092,8076,11948,-288,-208,138,5300,-9028,11596,9,190,-199,-12292,4468,8044,-1019,122,-125,-12468,-7224,7600,-467,229,-89,0
3358.253123044968,6116,8156,11580,-242,-149,114,5144,-8960,11540,-19,140,-223,-12464,4368,7980,-1030,120,-95,-12408,-7260,7632,-466,186,-121,0
3358.2867469787598,6032,8092,11852,-235,-156,103,5412,-8900,11636,-1,183,-226,-12352,4384,8100,-992,55,-140,-12376,-7420,7504,-486,240,-92,0
3358.3201689720154,6096,8176,11724,-3,-177,108,5336,-8872,11472,-3,167,-217,-12072,4428,8020,-1012,67,-134,-12308,-7412,7632,-484,157,-121,0
3358.353770971298,6036,8080,11712,-219,-145,160,5428,-8784,11524,14,160,-122,-12260,4512,8076,-1046,75,-21,-12416,-7244,7572,-478,119,-111,0
3358.3873369693756,6144,8232,11884,-182,-88,124,5372,-8804,11428,-38,120,-126,-12244,4384,8336,-1050,122,19,-12408,-7280,7508,-495,91,-126,0
3358.4208450317383,6064,8092,11940,-182,-42,104,5372,-8844,11528,-76,144,-130,-12368,4472,8188,-776,98,-23,-12344,-7200,7480,-536,110,-126,0
3358.4542429447174,6096,8112,11864,-161,-16,97,5432,-8824,11732,-43,166,-133,-12236,4312,8092,-1054,51,-81,-12372,-7176,7528,-513,144,-146,0
3358.4879150390625,5928,8148,11960,-137,-12,76,5412,-8880,11436,-20,176,-148,-12192,4144,8100,-1050,84,-76,-12440,-7252,7472,-490,183,-147,0
3358.5211701393127,6068,8096,11732,-121,-45,95,5276,-8840,11400,-27,137,-168,-12240,4404,7884,-1023,83,-71,-12464,-7192,7568,-259,174,-138,0
3358.55478310585,6132,8140,11872,-97,-25,90,5608,-8900,11440,-64,153,-157,-12252,4440,8048,-998,88,-7,-12500,-7248,7556,-532,120,-146,0
3358.5883190631866,6212,8060,11884,-128,-21,72,5624,-8868,11496,-43,159,-143,-12300,4448,8076,-771,71,-101,-12368,-7184,7644,-536,141,-193,0
3358.6217119693756,5920,8060,11860,-106,-18,68,5444,-8896,11620,-45,155,-135,-12268,4604,8140,-1018,96,-57,-12496,-7252,7756,-519,107,-153,0
3358.6549940109253,6024,8160,11736,-128,-4,70,5604,-8876,11532,-43,173,-145,-12036,4396,8128,-1014,104,-26,-12396,-7320,7564,-503,108,-148,0
3358.6887660026546,5956,8152,11652,-190,4,75,5424,-8876,11652,-70,191,-153,-12300,4420,8116,-994,79,-1,-12376,-7224,7552,-491,132,-160,0
3358.7219099998474,6000,8040,11944,-141,-20,57,5360,-8860,11564,-67,178,-185,-12296,4432,8156,-1033,85,-107,-12356,-7288,7508,-500,125,-158,0
3358.7555470466614,6048,8116,11936,-128,-54,68,5296,-8940,11536,-36,180,-165,-12232,4388,8040,-984,47,-84,-12476,-7252,7520,-499,142,-145,0
3358.78915810585,6024,7948,11852,-112,-66,92,5324,-8828,11516,-44,119,-195,-12312,4396,8172,-976,88,-57,-12444,-7244,7516,-514,142,-152,0
3358.822560071945,6044,8436,11844,-118,-81,79,5328,-8876,11536,-33,109,-192,-12264,4404,7700,-1014,92,-38,-12292,-7256,7592,-504,113,-141,0
3358.8564310073853,6028,8144,11764,-131,-61,58,5176,-8896,11288,-54,139,-187,-12372,4464,7996,-1001,92,-75,-12380,-7136,7704,-496,115,-150,0
3358.8897330760956,6096,7944,11760,-119,-33,79,5360,-8708,11424,-51,136,-157,-12200,4416,8104,-996,137,-74,-12428,-7328,7648,-458,111,-155,0
3358.9234371185303,6060,8200,11816,-155,-39,103,5424,-8856,11528,-87,118,-161,-12364,4424,7976,-997,137,-57,-12752,-7252,7516,-496,74,-144,0
3358.9570541381836,6104,8100,11868,-124,-35,101,5356,-8928,11568,-62,120,-132,-12220,4520,8112,-1033,87,-49,-12364,-7212,7632,-534,102,-154,0
3358.9905719757085,5948,8096,11820,-140,-113,142,5604,-8756,11432,10,121,-145,-12544,4540,7936,-1120,84,-255,-12324,-7240,7552,-478,126,-124,0
3359.0238549709325,5988,8060,11640,-92,-57,97,5136,-8828,11312,-31,84,-156,-12468,4384,8164,-1069,116,-29,-12388,-7340,7584,-495,68,-178,0
3359.057393074036,6060,8100,11796,-103,-32,79,5332,-8880,11664,-39,180,-160,-12288,4596,8096,-1016,24,-62,-12336,-7156,7652,-508,104,-184,0
3359.0911009311676,6056,8216,11812,-180,-23,66,5328,-8912,11564,-19,175,-140,-12272,4440,7948,-1056,50,-50,-12292,-7196,7648,-503,100,-148,0
3359.1244029998775,6020,8036,11680,-127,-53,131,5320,-8948,11300,1,116,-105,-12272,4444,8076,-1079,87,-15,-12320,-7184,7620,-527,83,-133,0
3359.1602280139923,5992,8160,11752,-121,-5,128,5336,-8912,11432,-62,49,-115,-12300,4260,8192,-1039,99,244,-12336,-7192,7652,-514,82,-106,0
3359.1956279277806,5920,8144,11868,-168,-64,149,5348,-8828,11460,-72,88,-135,-12232,4472,8112,-1032,68,-52,-12372,-7296,7548,-261,111,-144,0
3359.2309660911565,6080,8172,11880,-117,-30,126,5272,-8872,11336,-36,120,-150,-12300,4424,8268,-1036,61,-43,-12364,-7324,7548,-527,157,-151,0
3359.266163110733,6120,8240,11924,-121,-77,114,5136,-8852,11616,-25,135,-171,-12364,4360,8124,-1033,83,-53,-12396,-7260,7492,-494,150,-165,0
3359.3018450737004,6032,8196,11800,-144,-47,110,5324,-8772,11572,-35,146,-159,-12252,4284,8044,-1007,99,-65,-12412,-7240,7200,-483,115,-127,0
3359.338051080704,6100,8240,11992,-157,-65,81,5372,-8744,11652,-72,114,-164,-12292,4400,8072,-946,61,-49,-12040,-7296,7520,-447,132,-119,0
3359.3732340335846,6004,8128,12044,-216,-46,74,5304,-8908,11620,-81,170,-185,-12500,4176,8308,-973,-5,-129,-12404,-7312,7604,-442,199,-163,0
3359.4087901115417,5984,8184,11672,-181,-82,62,5332,-8784,11488,-65,194,-207,-12216,4496,8188,-769,80,-66,-12352,-7340,7540,-446,184,-127,0
3359.4442069530487,6068,8240,11764,-200,-105,115,5364,-8832,11572,-62,104,-191,-12236,4472,8208,-1018,102,-73,-12360,-7308,7604,-447,190,-96,0
3359.4806520938873,5920,8172,12000,-209,-114,120,5216,-8924,11592,-51,147,-218,-12112,4432,7988,-1010,144,-85,-12140,-7272,7924,-436,159,-75,0
3359.5161900520325,5936,8220,11952,-222,-78,174,5120,-8932,11488,-36,92,-189,-12276,4444,8060,-1002,123,-84,-12400,-7272,7652,-425,148,-63,0
3359.551936149597,5932,8168,11856,-221,-121,195,5340,-8824,11512,-37,80,-199,-12204,4552,8048,-1015,185,-121,-12280,-7232,7584,-469,188,-47,0
3359.5876231193542,5964,7936,12008,-227,-149,205,5320,-8880,11456,-40,94,-203,-12244,4500,8036,-1036,156,-156,-12352,-7256,7504,-456,204,-34,0
3359.6234941482544,6016,8124,11756,-241,-157,181,5456,-8876,11592,248,84,-245,-12236,4408,7988,-1014,186,-108,-12136,-7236,7548,-475,198,-31,0
3359.6594281196594,5996,8096,11828,-239,-171,189,5148,-8848,11392,12,99,-219,-12372,4412,8172,-981,185,-159,-12388,-7212,7596,-494,191,-53,0
3359.6944930553436,5924,8260,11848,-217,-160,193,5376,-8788,11508,22,95,-192,-12260,4472,8076,-977,149,-105,-12460,-7176,7512,-464,161,-39,0
3359.7307739257812,5908,8184,11592,-245,-159,164,5404,-8788,11460,10,85,-209,-12292,4588,8008,-939,163,-124,-12464,-7300,7564,-466,153,-57,0
3359.7661960124974,6120,8212,11728,-231,-144,168,5444,-8456,11596,254,114,-219,-12252,4580,7988,-951,152,-142,-12356,-7168,7544,-442,114,-92,0
3359.803386926651,6140,8144,11732,-233,-153,175,5464,-8984,11516,4,112,-183,-12300,4472,7992,-948,127,-103,-12380,-7232,7596,-496,125,-57,0
3359.836832046509,6048,8096,11800,-247,-163,162,5620,-8732,11736,26,82,-209,-12332,4144,8140,-1018,141,-115,-12316,-7272,7496,-469,171,-76,0
3359.8703529834747,6096,8112,11836,-228,-159,175,5512,-8800,11720,4,82,-195,-12364,4348,8120,-1002,143,-115,-12372,-7244,7528,-452,160,-69,0
3359.9037051200867,6064,8144,11868,-208,-138,122,5292,-8924,11512,-7,151,-205,-12544,4480,8196,-948,117,-134,-12504,-7256,7540,-450,201,-87,0
3359.937196969986,6176,8180,11860,-266,-164,126,5388,-8856,11468,4,121,-208,-12084,4432,8008,-984,100,-92,-12384,-7072,7612,-457,170,-100,0
3359.970638036728,6080,8188,11904,-247,-137,186,5416,-8812,11416,2,101,-164,-12324,4392,7776,-1021,209,-53,-12428,-7196,7500,-454,108,-59,0
3360.0042819976807,6180,8088,12008,-240,-95,179,5380,-8860,11512,-14,85,-143,-12532,4576,8136,-1017,130,-37,-12752,-6968,7644,-457,109,-98,0
3360.0399110317226,6080,8048,11796,-202,-117,136,5464,-8920,11312,23,118,-164,-12400,4344,7808,-990,90,-68,-12408,-7412,7688,-487,117,-99,0
3360.0735409259796,6060,8184,11768,-188,-104,132,5460,-8860,11508,27,120,-190,-12268,4412,7968,-983,123,-90,-12348,-7224,7584,-506,173,-97,0
3360.107288122177,6168,8120,11892,-164,-99,135,5328,-8848,11560,-2,92,-196,-12388,4380,7876,-976,121,-103,-12360,-7156,7424,-499,224,-88,0
3360.140563964844,6332,8048,12004,-193,-135,133,5492,-8776,11416,19,103,-224,-12504,4408,8116,-1010,143,-80,-12424,-7116,7636,-505,184,-135,0
3360.1738810539246,6372,8168,11960,-98,-52,110,5456,-8800,11388,-40,113,-183,-12528,4352,7896,-1278,169,-57,-12452,-7244,7556,-491,148,-122,0
3360.207239151001,6376,8156,11732,-147,-55,104,5472,-8792,11576,-20,122,-165,-12344,4440,7776,-1014,115,-26,-12420,-7192,7564,-473,100,-156,0
3360.2407100200653,6380,8076,11904,-127,-29,77,5556,-8764,11572,255,142,-151,-12368,4380,7968,-1021,97,-55,-12404,-7216,7668,-498,146,-157,0
3360.2743010520935,6184,8140,11568,-149,-9,87,5492,-8924,11576,-27,145,-139,-12268,4412,8196,-1032,99,-62,-12328,-7272,7516,-260,102,-174,0
3360.3080110549927,6136,8196,11880,-112,247,89,5392,-8732,11716,-19,126,-156,-12320,4408,7996,-772,74,-89,-12372,-7180,7580,-535,116,-147,0
3360.3417649269104,6024,8188,11816,-107,-29,73,5440,-8832,11500,-4,110,-173,-12340,4428,8000,-1274,71,-97,-12300,-7256,7592,-503,110,-174,0
3360.3754711151123,6324,7964,11796,-111,-12,82,5364,-8792,11608,9,158,-173,-12328,4536,8044,-1275,104,-70,-12416,-7256,7644,-531,106,-131,0
3360.409162044525,6104,8108,11596,-138,-250,100,5432,-8788,11544,33,149,-144,-12084,4368,7996,-1057,103,-17,-12256,-7332,7620,-510,96,-150,0
3360.442619085312,6116,7952,11764,-144,-8,80,5412,-8760,11540,4,123,-145,-12524,4324,8000,-1022,91,-52,-12312,-7316,7520,-497,97,-177,0
3360.4762530326843,6036,8120,11712,-147,-12,86,5360,-8860,11660,-30,155,-168,-12316,4160,8148,-995,83,-73,-12360,-7312,7676,-501,132,-137,0
3360.509989976883,6056,8132,11784,-146,-64,82,5304,-8808,11692,-45,154,-175,-12300,4128,8020,-1014,67,-76,-12460,-7280,7480,-494,105,-155,0
3360.5436611175537,6136,8316,11852,-140,-4,105,5516,-8788,11584,-53,157,-136,-12528,4396,8108,-973,92,-57,-12484,-7340,7516,-522,111,-157,0
3360.5773260593414,6144,8076,11848,-141,-10,112,5440,-8932,11556,-34,120,-143,-12340,4368,7996,-1043,11,-31,-12396,-7412,7584,-525,120,-144,0
3360.6106190681458,6036,7944,11952,-175,-24,102,5424,-8760,11272,2,125,-149,-12356,4348,8236,-1057,94,-49,-12336,-7296,7552,-475,81,-152,0
3360.6440041065216,6084,8192,11860,-116,-1,79,5464,-8752,11576,-45,133,-127,-12524,4480,8168,-1040,55,-66,-12328,-7340,7648,-486,108,-181,0
3360.6775410175323,6140,8352,11892,-188,-28,35,5460,-8772,11476,-38,188,-159,-12072,4440,8148,-992,32,-39,-12408,-7224,7820,-460,128,-175,0
3360.71079993248,5988,8268,11816,-176,248,48,5200,-8836,11772,-33,185,-144,-12288,4480,7964,-1011,47,-11,-12420,-7280,7452,-475,121,-171,0
3360.744257926941,6080,8216,11660,-127,-7,79,5428,-8800,11660,-18,147,-123,-12300,4476,7948,-769,77,-47,-12272,-7228,7632,-490,111,-129,0
3360.7779901027684,5992,8012,11908,-163,-34,80,5352,-8820,11548,-35,147,-155,-12284,4484,8072,-988,62,-60,-12336,-7296,7564,-481,117,-180,0
3360.8114471435547,6016,8140,12004,-184,-59,68,5184,-8924,11528,-36,134,-156,-12268,4472,8080,-1005,84,-63,-12332,-7252,7556,-494,117,-138,0
3360.848797082901,5984,8136,11980,-136,-29,85,5344,-8804,11488,-28,154,-171,-12344,4392,8184,-994,100,-59,-12372,-7260,7464,-495,162,-133,0
3360.884225130081,5936,8424,11788,-148,-76,91,5124,-8776,11732,-19,145,-199,-12288,4432,8116,-1036,105,-75,-12256,-7252,7548,-508,154,-122,0
3360.9202179908752,6036,8152,11708,-153,-77,117,5500,-8868,11436,-25,103,-194,-12516,4500,8172,-1005,144,-80,-12424,-7340,7636,-490,163,-124,0
3360.955393075943,5956,8228,11556,-155,-120,153,5404,-8792,11544,-48,101,-194,-12080,4364,8440,-1028,139,-83,-12420,-7364,7616,-503,153,-162,0
3360.9914429187775,6112,7980,11620,-146,-50,114,5452,-8840,11624,-13,157,-170,-12208,4460,8016,-1015,150,-79,-12452,-7288,7628,-490,128,-114,0
3361.0277919769287,6092,8160,11864,-163,-55,137,5368,-8816,11464,-3,104,-150,-12344,4332,8092,-1076,171,-50,-12484,-7284,7492,-500,118,-103,0
3361.062623977661,5968,8208,11608,-191,-44,92,5612,-8800,11740,-40,160,-139,-12412,4444,8040,-1026,84,-25,-12392,-7344,7576,-456,132,-129,0
3361.0984840393066,5952,8124,11692,-211,-33,103,5400,-8768,11588,-32,145,-166,-12220,4396,8096,-1003,103,-128,-12364,-7264,7600,-455,166,-120,0
3361.1337311267853,6004,8180,11804,-183,-68,132,5384,-8920,11604,-15,156,-207,-12252,4396,8132,-967,109,-108,-12372,-7308,7592,-488,160,-107,0
3361.1698060035706,6012,8324,11540,-212,-108,125,5604,-8816,11700,238,113,-229,-12544,4424,8088,-1013,156,-143,-12300,-7324,7584,-472,240,-77,0
3361.2055389881134,5944,8240,11596,-221,-123,168,5616,-8808,11604,-43,100,-249,-12284,4372,8052,-1004,129,-152,-12324,-7320,7604,-454,237,-65,0
3361.2413580417633,6084,7960,12028,-223,-115,138,5200,-8788,11540,-54,127,-207,-12524,4400,8012,-1036,17,-111,-12508,-7232,7576,-464,208,-35,0
3361.2774729728694,6072,8128,11924,-220,-143,139,5320,-8784,11568,-6,138,-204,-12328,4416,8020,-996,175,-132,-12452,-7228,7580,-458,166,-71,0
3361.312283039093,6052,8192,11564,-275,-116,169,5360,-8932,11532,247,109,-230,-12296,4452,8120,-1003,179,-92,-12328,-7332,7620,-468,174,-73,0
3361.348212003708,6032,8144,11948,-228,-103,179,5216,-8856,11476,-7,86,-187,-12064,4548,8012,-968,169,-102,-12536,-7248,7520,-456,125,-57,0
3361.383610010147,6104,8000,11632,-234,-138,201,5440,-8796,11536,-28,94,-173,-12340,4512,8060,-981,180,-109,-12328,-7224,7456,-495,149,-38,0
3361.419816970825,6016,8104,12004,-247,-173,192,5424,-8808,11460,32,77,-182,-12304,4300,7748,-1048,185,-86,-12288,-6992,7588,-444,178,-32,0
3361.4550700187683,6068,8352,11788,-506,-125,174,5424,-8728,11628,6,84,-218,-12268,4132,7992,-1011,144,-62,-12344,-7260,7648,-469,167,-76,0
3361.4914021492004,6100,8132,11824,-277,-150,122,5476,-8828,11656,17,148,-234,-12528,4152,7828,-968,134,-128,-12380,-7188,7672,-438,213,-65,0
3361.5249440670013,6044,8156,11540,-282,-133,136,5392,-8892,11392,18,117,-223,-12036,4512,7996,-998,147,-160,-12408,-7192,7612,-450,165,-59,0
3361.558522939682,6176,8112,11992,-262,-159,160,5388,-8500,11268,9,147,-183,-12220,4376,8000,-1009,178,-119,-12304,-7236,7464,-432,125,-93,0
3361.5920209884644,6160,8436,11564,-266,-117,169,5448,-8728,11272,-15,116,-169,-12272,4360,7844,-994,178,-89,-12456,-7288,7644,-466,104,-91,0
3361.6256070137024,6028,8228,11756,-276,-112,138,5356,-8796,11636,-4,120,-192,-12536,4556,8164,-1005,130,-75,-12308,-7184,7528,-449,158,-91,0
3361.6588909626007,5980,8156,11784,-251,-164,148,5340,-8952,11544,43,121,-218,-12360,4460,8084,-980,152,-150,-12336,-7200,7496,-484,180,-85,0
3361.692425966263,6060,7960,11916,-221,-164,169,5452,-8768,11384,31,121,-249,-12312,4400,7748,-953,137,-164,-12404,-7224,7560,-462,233,-71,0
3361.7259271144867,5900,8036,11932,-264,-219,156,5160,-8776,11588,250,90,-242,-12316,4380,7864,-1018,176,-147,-12452,-7248,7508,-486,198,-62,0
3361.7594549655914,6204,8124,11840,-218,-194,175,5468,-8816,11688,28,98,-223,-12332,4240,8040,-965,197,-102,-12468,-7420,7584,-428,150,-83,0
3361.7930560112004,6272,8016,11956,-240,-168,138,5480,-8716,11364,6,84,-215,-12344,4596,7704,-963,157,-120,-12416,-7184,7572,-464,150,-87,0
3361.8268749713898,6224,8020,11836,-254,-144,140,5488,-8780,11356,15,135,-225,-12364,4372,8120,-1013,139,-77,-12556,-7212,7680,-441,160,-83,0
3361.8601789474487,6184,8012,11784,-231,-159,123,5472,-8880,11684,-18,140,-188,-12384,4404,8028,-1014,90,-79,-12456,-7228,7572,-470,146,-132,0
3361.8935499191284,6208,7968,11880,-170,-111,94,5504,-8752,11540,-32,112,-196,-12320,4380,7860,-998,93,-42,-12496,-7116,7572,-492,128,-166,0
3361.9270191192627,6156,8088,11908,-124,-40,66,5484,-8724,11612,-37,153,-182,-12356,4412,8152,-1017,64,-17,-12364,-7172,7556,-495,129,-179,0
3361.960448026657,6188,8164,11792,-126,1,98,5460,-8816,11528,-22,156,-170,-12372,4456,7800,-1052,82,-54,-12400,-7104,7656,-500,118,-152,0
3361.9939460754395,6108,8052,11788,-159,-33,93,5412,-8708,11756,18,145,-167,-12392,4388,8164,-1018,116,-107,-12392,-7196,7512,-492,170,-137,0
3362.0275270938873,6200,8136,11540,-144,-37,100,5460,-8812,11344,-33,94,-188,-12464,4364,8052,-1038,120,-61,-12160,-7184,7628,-478,147,-129,0
3362.060981988907,6188,8132,11816,-129,-62,69,5504,-8756,11524,-37,127,-194,-12220,4428,7980,-1036,122,-37,-12344,-7204,7584,-484,155,-145,0
3362.0945580005646,6044,8108,11536,-129,-34,73,5452,-8700,11564,-49,135,-214,-12404,4284,8008,-995,76,-80,-12496,-7340,7444,-474,118,-168,0
3362.127784013748,6192,8140,11708,-120,-253,80,5476,-8696,11568,-76,154,-156,-12300,4364,7972,-995,72,-82,-12440,-7256,7556,-478,77,-171,0
3362.1611471176147,6112,8040,11852,-149,-9,62,5396,-8812,11516,-28,166,-126,-12464,4440,7960,-1043,38,-27,-12424,-7244,7536,-484,85,-174,0
3362.1948199272156,6148,8436,11816,-177,-8,61,5432,-8792,11548,8,156,-159,-12284,4424,8120,-1053,31,-11,-12432,-7252,7844,-478,94,-180,0
3362.2280499935146,6164,8228,11736,-120,17,29,5444,-8732,11644,-34,186,-163,-12444,4416,8016,-1280,57,-42,-12408,-6972,7684,-494,110,-212,0
3362.2666499614716,5896,8156,11844,-178,-22,40,5412,-8820,11524,-34,168,-189,-12240,4432,8044,-1005,67,-97,-12412,-7212,7560,-445,133,-141,0
3362.3007431030273,6108,8068,11812,-141,-52,67,5420,-8816,11336,-40,125,-162,-12272,4496,7820,-1032,68,-53,-12464,-7332,7580,-488,106,-147,0
3362.334149122238,5976,8152,11656,-143,-22,109,5456,-8784,11568,-46,141,-136,-12452,4452,7936,-1033,85,-33,-12384,-7284,7596,-482,78,-177,0
3362.3677361011505,6188,8040,11892,-165,-37,89,5388,-8784,11560,-57,136,-115,-12288,4560,7916,-1000,64,-10,-12360,-7320,7540,-485,69,-159,0
3362.4009730815887,6012,8148,11788,-152,-4,102,5488,-8856,11668,-27,113,-168,-12364,4424,8144,-1015,67,-61,-12204,-7196,7540,-492,99,-136,0
3362.4342689514165,6144,8184,11960,-147,-52,73,5456,-8756,11632,-39,138,-173,-12056,4436,7724,-1015,66,-80,-12344,-7352,7432,-481,125,-154,0
3362.4679679870605,6124,7948,11800,-310,-186,115,5436,-8788,11636,25,152,-206,-12240,4340,8052,-1276,106,238,-12336,-7280,7484,-424,87,-103,0
3362.5014071464534,6084,8172,11524,114,-76,56,5456,-8712,11500,-58,76,-178,-12376,4424,8120,-1011,49,-124,-12452,-7304,7660,-541,184,-171,0
3362.5392711162567,6172,8140,11864,-229,-35,85,5416,-8800,11652,7,144,-185,-12316,4600,8012,-1019,50,-29,-12360,-7316,7604,-473,98,-138,0
3362.57497215271,5920,8104,11936,-161,-79,78,5460,-8776,11628,-18,160,-179,-12388,4328,8004,-981,61,-79,-12384,-7220,7428,-506,153,-176,0
3362.6108160018925,6192,8116,11708,-162,-90,104,5432,-8904,11580,-47,164,-142,-12348,4572,7980,-1047,97,-25,-12544,-6988,7560,-516,103,-137,0
3362.6460399627686,6084,8320,11764,-140,-30,123,5452,-8760,11436,-20,99,-173,-12076,4364,7692,-980,74,-12,-12368,-7300,7896,-492,92,-122,0
3362.6817929744725,6000,8172,11912,-154,-49,106,5460,-8656,11560,-53,136,-161,-12280,4420,7988,-999,119,-19,-12372,-7256,7596,-446,125,-112,0
3362.717677116394,6096,8408,11916,-179,-51,101,5604,-8780,11728,-46,159,-177,-12300,4488,8032,-1012,91,-50,-12092,-7216,7576,-463,146,-139,0
3362.752907037735,6108,8188,11580,-165,-77,86,5392,-8864,11432,-25,145,-176,-12232,4268,8108,-1019,75,-108,-12412,-6976,7472,-502,155,-159,0
3362.7881441116333,6052,8156,11880,-155,-63,86,5444,-8784,11520,-17,126,-183,-12360,4344,7964,-1045,89,-53,-12352,-7288,7576,-496,173,-172,0
3362.8236651420593,6028,8148,11716,-162,-67,97,5500,-8860,11288,-28,137,-198,-12528,4440,8032,-1277,95,-85,-12412,-7268,7820,-472,143,-134,0
3362.8597519397736,6140,8160,11836,-184,-46,127,5356,-8728,11536,-18,153,-205,-12280,4452,8152,-979,98,-80,-12088,-7356,7744,-458,169,-95,0
3362.895029067993,5988,8236,11544,-244,-86,93,5452,-8716,11612,-10,180,-167,-12420,4136,8096,-972,109,-57,-12264,-7296,7548,-462,152,-137,0
3362.930904150009,6168,8192,11792,-215,-63,112,5428,-8904,11716,-61,144,-158,-12304,4436,7784,-1005,118,-53,-12320,-7200,7612,-477,151,-78,0
3362.966001033783,5984,8024,11788,-237,-86,136,5288,-8868,11472,14,111,-199,-12528,4448,8072,-1013,149,-82,-12060,-7320,7740,-488,190,-69,0
3363.002501964569,6020,8160,11684,-219,-88,167,5308,-8504,11552,-21,129,-190,-12052,4108,7956,-1016,153,-140,-12444,-7368,7628,-474,181,-49,0
3363.038290023804,6036,8444,11984,-241,-116,135,5416,-8516,11616,-62,174,-208,-12292,4404,8016,-971,105,-103,-12340,-7296,7556,-455,209,-68,0
3363.0731790065765,6032,8112,11784,-283,-77,109,5432,-8876,11732,-26,133,-202,-12328,4464,8056,-995,135,-126,-12404,-7156,7612,-440,192,-70,0
3363.1087391376495,6108,8184,11796,-236,-108,152,5464,-8488,11504,2,179,-175,-12396,4576,7832,-1009,165,-56,-12376,-7212,7540,-454,141,-64,0
3363.1434240341187,6212,8172,11708,-272,-57,155,5496,-8780,11548,-20,103,-162,-12128,4460,8124,-1012,168,-77,-12384,-7304,7708,-431,138,-68,0
3363.1795639991765,6100,8096,11876,-283,-114,165,5628,-8760,11612,-57,118,-208,-12280,4436,7996,-982,119,-109,-12360,-7172,7632,-451,181,-39,0
3363.2131350040436,6140,8040,11880,-220,-148,148,5472,-8820,11692,-26,121,-193,-12280,4404,8124,-986,119,-133,-12396,-7248,7532,-492,183,-84,0
3363.2464990615845,6072,8144,11748,-202,-157,149,5436,-8740,11520,13,100,-218,-12360,4368,7848,-1039,121,-104,-12368,-7220,7676,-477,210,-35,0
3363.2799539566045,6100,8060,11840,-237,-166,184,5428,-8720,11304,16,75,-219,-12104,4444,7992,-1009,163,-94,-12480,-7184,7520,-474,160,-66,0
3363.3136451244354,6180,8104,11876,-226,-191,194,5504,-8720,11684,6,90,-223,-12328,4240,7892,-993,194,-129,-12344,-7196,7668,-456,173,-40,0
3363.347203016281,6136,8140,11736,-230,-160,189,5484,-8800,11496,-8,86,-199,-12052,4452,8028,-994,192,-134,-12368,-7212,7568,-469,158,-50,0
3363.3806569576263,6092,8112,11840,-217,-182,177,5468,-8760,11596,-7,95,-187,-12412,4344,7928,-1014,119,-90,-12144,-7228,7532,-471,181,-51,0
3363.4140441417694,6184,8120,11884,-226,-201,177,5120,-8732,11644,24,82,-215,-12524,4380,7876,-1027,116,-112,-12372,-7220,7552,-469,179,-64,0
3363.4474380016327,6308,8060,11896,-230,-174,168,5544,-8520,11344,-20,80,-226,-12088,4476,8148,-1012,146,-92,-12408,-7184,7640,-476,164,-73,0
3363.4810080528255,6180,8044,11860,-231,-186,144,5480,-8752,11600,9,113,-225,-12460,4580,7712,-1278,132,-103,-12780,-7208,7848,-475,174,-94,0
3363.5144600868225,6236,8060,11600,-224,-169,153,5500,-8772,11464,9,102,-223,-12308,4368,7944,-1005,146,-87,-12376,-7212,7576,-477,170,-126,0
3363.5478770732884,6260,8056,11940,-218,-201,135,5540,-8708,11668,-10,97,-196,-12272,4332,8036,-1013,119,-86,-12400,-7252,7612,-477,157,-54,0
3363.5813980102535,6108,7972,11624,-204,-187,150,5428,-8604,11444,-13,116,-194,-12408,4376,7756,-1009,161,-100,-12436,-7180,7576,-487,145,-90,0
3363.6149899959564,6260,7984,11976,-200,-150,136,5528,-8732,11268,16,105,-199,-12380,4376,7992,-1280,129,-106,-12392,-7188,7444,-478,180,-108,0
3363.648220062256,6216,8040,11692,-153,-104,118,5520,-8760,11484,-19,133,-202,-12352,4372,7972,-993,115,-81,-12396,-7176,7520,-510,149,-143,0
3363.681782960892,6304,8108,11908,-116,-46,97,5376,-8648,11396,-59,142,-139,-12456,4312,7860,-1006,88,-14,-12464,-7096,7548,-490,80,-150,0
3363.7154700756073,6276,7968,11908,-169,-21,90,5508,-8840,11572,13,163,-145,-12336,4380,8012,-1069,61,-17,-12432,-7116,7564,-538,124,-154,0
3363.7487659454346,6288,8104,11536,-149,-41,88,5456,-8712,11556,46,159,-132,-12236,4144,7872,-1057,108,-56,-12348,-7228,7628,-479,129,-141,0
3363.782114982605,6140,8192,11724,-108,8,80,5480,-8728,11524,-44,199,-191,-12308,4416,8044,-1013,109,-76,-12468,-7356,7632,-491,134,-178,0
3363.8156599998474,6196,8060,11900,-123,-39,62,5424,-8776,11288,-59,188,-172,-12388,4540,7956,-992,30,-71,-12384,-7188,7552,-494,189,-172,0
3363.8489389419556,6208,8180,11948,-116,-38,56,5548,-8700,11516,-28,126,-161,-12356,4464,8144,-1033,70,-21,-12400,-7184,7436,-496,120,-148,0
3363.882501125336,6236,8108,12000,-114,255,98,5476,-8780,11564,-37,135,-109,-12048,4140,7768,-1052,103,-240,-12308,-7264,7596,-506,71,-140,0
3363.9161479473114,5932,8120,11812,-137,31,92,5468,-8756,11480,-57,146,-118,-12320,4460,8412,-998,254,-49,-12372,-7208,7572,-257,87,-160,0
3363.9496669769287,6192,8104,11980,-124,13,73,5608,-8816,11392,-28,125,-122,-12328,4456,7932,-772,41,-61,-12324,-7200,7560,-535,104,-139,0
3363.983025074005,6092,7936,11608,-95,-253,92,5364,-8752,11600,-27,108,-145,-12340,4368,8044,-1013,99,-48,-12296,-7264,7624,-529,131,-141,0
3364.0166590213776,6204,8096,11884,-76,-49,82,5452,-8756,11504,-43,153,-197,-12340,4576,7968,-1016,78,-63,-12284,-7212,7484,-506,182,-140,0
3364.0499489307404,6140,7992,11772,-115,-67,115,5332,-8704,11436,-38,130,-193,-12312,4452,7736,-1001,153,-83,-12436,-7260,7692,-489,133,-110,0
3364.0837111473083,6164,7944,11744,-112,-75,106,5548,-8788,11552,-46,127,-171,-12392,4452,7936,-1005,101,-86,-12448,-7216,7608,-488,106,-135,0
3364.1173889636993,6156,8148,11820,-162,-54,75,5484,-8852,11416,-20,157,-167,-12316,4372,8008,-1001,86,-68,-12404,-7272,7612,-483,105,-142,0
3364.1505820751186,5896,8080,11860,-161,-78,69,5544,-8720,11668,-32,182,-162,-12364,4188,8068,-1275,69,-53,-12476,-7252,7616,-476,117,-156,0
3364.183620929718,6196,8144,11984,-136,-55,94,5520,-8804,11652,-38,168,-178,-12144,4356,7960,-1014,36,251,-12304,-7308,7612,-463,117,-201,0
3364.2218070030212,6160,8124,11888,-166,-66,42,5420,-8772,11540,-51,153,-189,-12344,4136,8140,-999,47,-73,-12348,-7332,7616,-482,92,-186,0
3364.2576520442963,6352,8108,11772,-165,-54,64,5400,-8756,11732,-41,158,-178,-12388,4444,8012,-996,58,-12,-12488,-7280,7616,-463,86,-169,0
3364.2928199768066,6060,8120,11664,-155,-69,68,5460,-8740,11564,-32,131,-189,-12244,4376,7948,-1011,75,-61,-12476,-7408,7596,-494,126,-157,0
3364.328325033188,6080,8432,11644,-129,-73,97,5452,-8736,11532,3,124,-180,-12316,4108,8120,-770,84,-58,-12400,-7232,7504,-481,113,-129,0
3364.3634481430054,6088,8120,11844,-163,-82,92,5384,-8796,11576,-17,126,-165,-12376,4484,8120,-1041,99,-64,-12316,-7324,7544,-480,127,-132,0
3364.3988881111145,6128,8148,11908,-158,-82,114,5576,-8668,11560,-21,109,-176,-12316,4416,8056,-1002,108,-56,-12308,-7308,7916,-480,149,-153,0
3364.4339890480046,6132,8336,11716,-162,-75,99,5532,-8648,11692,-63,127,-159,-12284,4368,8108,-1009,100,-90,-12452,-7232,7652,-474,106,-125,0
3364.4689979553223,6080,8084,11712,-152,-29,117,5396,-8780,11328,-25,124,-139,-12368,4480,7688,-1036,58,-9,-12456,-7220,7644,-509,115,-169,0
3364.504732131958,6396,8092,12012,-203,-63,106,5488,-8708,11688,22,151,-128,-12348,4280,7996,-1051,111,-52,-12340,-7320,7532,-470,133,-105,0
3364.540466070175,6060,8276,11888,-178,-39,77,5492,-8732,11548,-53,159,-173,-12072,4336,8032,-1007,106,-44,-12408,-7340,7744,-493,96,-145,0
3364.575849056244,5956,7980,11952,-188,-13,33,5288,-8748,11636,-28,206,-189,-12328,4344,8180,-1005,63,-94,-12316,-7296,7664,-447,174,-177,0
3364.6112520694733,6184,8156,11844,-167,-59,38,5520,-8712,11616,-47,189,-174,-12272,4520,7856,-1276,93,-42,-12380,-7328,7560,-468,126,-130,0
3364.6460330486298,6132,8152,11832,-154,-15,97,5616,-8700,11572,-32,133,-138,-12288,4376,7704,-1041,110,-12,-12328,-7260,7748,-459,119,-129,0
3364.682062149048,6116,8112,11892,-189,-15,83,5128,-8844,11608,-79,151,-166,-12168,4596,8088,-979,49,-43,-12348,-7216,7708,-447,137,-143,0
3364.717502117157,5920,8412,11800,-189,-51,106,5452,-8756,11448,-51,183,-162,-12212,4364,8052,-998,81,-57,-12452,-7252,7792,-462,151,-135,0
3364.7537410259247,6072,8160,11540,-173,-49,77,5400,-8732,11684,-11,191,-205,-12264,4340,8120,-1012,60,-100,-12328,-7264,7832,-458,187,-102,0
3364.7892370224,6132,8136,11604,-248,-82,114,5404,-8620,11608,5,141,-223,-12212,4360,7908,-1016,99,-96,-12268,-7272,7472,-486,187,-87,0
3364.824067115784,6068,8160,11668,-198,-127,116,5428,-8716,11588,-35,72,-204,-12308,4440,7880,-1016,115,-74,-12396,-7060,7916,-482,158,-80,0
3364.8603100776672,6272,8156,11800,-232,-97,143,5508,-8740,11684,-39,120,-186,-12080,4448,8040,-952,92,-133,-12348,-7220,7684,-476,174,-73,0
3364.8936619758606,6380,8148,11696,-239,-69,145,5520,-8832,11504,-49,137,-200,-12308,4516,7964,-971,124,-117,-12380,-7272,7444,-462,177,-64,0
3364.9271080493927,6152,8128,11972,-267,-97,161,5196,-8792,11476,-23,124,-183,-12200,4416,7968,-1279,151,-77,-12412,-7188,7540,-457,176,-72,0
3364.9605629444122,6104,8044,11880,-264,-131,144,5448,-8800,11768,-36,151,-202,-12284,4324,8100,-989,121,-89,-12356,-7328,7692,-447,221,-66,0
3364.9941589832306,6176,8132,11872,-262,-113,139,5376,-8780,11576,-13,123,-225,-12416,4432,7972,-993,117,-164,-12372,-7316,7660,-457,207,-70,0
3365.027580022812,6120,8064,11784,-237,-138,149,5440,-8776,11668,12,89,-211,-12312,4600,8100,-779,212,-139,-12340,-7288,7824,-439,179,-41,0
3365.0610179901123,6096,8112,12008,-228,-122,181,5440,-8768,11480,17,132,-203,-12336,4476,7956,-1013,139,-157,-12372,-7252,7508,-468,198,-44,0
3365.0957310199738,6124,8032,11632,-274,-161,166,5532,-8624,11508,-256,103,-210,-12316,4336,8132,-1018,170,-120,-12388,-7244,7660,-464,180,-66,0
3365.1291501522064,6160,8224,11784,-262,-187,159,5436,-8928,11600,2,109,-208,-12400,4588,8048,-1018,161,-90,-12320,-7252,7632,-455,185,-76,0
3365.162322998047,6356,8180,11720,-226,-125,156,5504,-8700,11636,15,117,-205,-12420,4356,8032,-985,146,-110,-12416,-7200,7564,-490,183,-84,0
3365.1959359645844,6164,8136,11836,-219,-188,169,5504,-8736,11624,47,137,-210,-12248,4276,7908,-989,176,-141,-12372,-7180,7656,-456,194,-57,0
3365.2292399406433,6380,8148,11648,-511,-147,176,5136,-8956,11600,0,109,-204,-12376,4364,7984,-990,171,-110,-12372,-7132,7636,-447,166,-69,0
3365.2628090381622,6224,8112,11588,-506,-140,129,5476,-8700,11616,249,100,-230,-12408,4400,7988,-955,175,-94,-12392,-7172,7512,-436,177,-47,0
3365.2962119579315,6236,8128,11920,-233,-154,165,5596,-8780,11440,3,104,-197,-12492,4564,7736,-989,129,-72,-12396,-7144,7584,-450,159,-74,0
3365.3298311233525,6096,8004,11812,-248,-193,163,5468,-8728,11524,36,95,-203,-12136,4372,7780,-1032,134,-99,-12404,-7332,7556,-491,194,-109,0
3365.363492012024,6152,8104,11756,-234,-176,163,5452,-8748,11384,39,101,-208,-12272,4324,8152,-1022,168,-81,-12408,-7184,7684,-436,144,-76,0
3365.3968031406403,6240,8108,11796,-236,-151,140,5436,-8824,11660,-256,114,-233,-12396,4360,7996,-967,124,-105,-12460,-7184,7448,-466,176,-97,0
3365.4302139282227,6208,8056,11900,-284,-142,135,5548,-8820,11600,28,99,-214,-12376,4520,7784,-981,110,-85,-12436,-7072,7672,-453,165,-53,0
3365.4637360572815,6316,8056,11704,-218,-145,146,5576,-8456,11520,-3,126,-178,-12352,4404,8092,-1045,156,-43,-12428,-7424,7620,-453,90,-72,0
3365.4973320961,6292,8080,11768,-240,-113,155,5568,-8660,11736,5,136,-149,-12352,4388,8016,-992,139,-97,-12340,-7200,7600,-499,111,-109,0
3365.530790090561,6356,8084,11804,-163,-104,136,5516,-8744,11560,-17,97,-181,-12312,4316,7980,-771,132,-65,-12412,-7388,7564,-516,114,-153,0
3365.564357995987,6320,8008,11764,-129,-59,93,5508,-8624,11576,-40,130,-183,-12392,4340,8012,-1009,72,-67,-12360,-7136,7648,-540,129,-182,0
3365.5977699756622,6204,8040,11932,-100,-17,74,5508,-8916,11616,-41,133,-173,-12316,4572,7936,-1016,60,-23,-12572,-7180,7424,-482,149,-136,0
3365.6311271190643,6288,8028,11844,-161,-54,93,5512,-8496,11540,-14,136,-181,-12396,4340,7820,-1035,115,-101,-12460,-7272,7640,-470,157,-121,0
3365.6644999980927,6252,8032,11712,-137,-46,99,5512,-8756,11560,-52,105,-190,-12392,4400,7976,-1022,81,-98,-12396,-7248,7592,-501,125,-145,0
3365.6981499195094,6228,8096,11720,-140,-30,84,5560,-8792,11668,-39,145,-167,-12364,4432,8032,-1002,61,-71,-12432,-7172,7552,-497,126,-166,0
3365.731859922409,6336,8012,11996,-97,-27,62,5440,-8716,11360,-35,180,-162,-12264,4376,7824,-1063,52,-58,-12468,-7120,7608,-490,142,-196,0
3365.7654900550842,6304,8160,11812,-142,-39,64,5444,-8660,11584,-43,151,-148,-12516,4480,8084,-1041,64,-19,-12416,-7208,7680,-501,108,-149,0
3365.7990760803223,6204,8188,11984,-117,-27,43,5392,-8688,11572,-66,175,-140,-12088,4472,8076,-982,44,-25,-12368,-7280,7520,-497,120,-165,0
3365.8323719501495,6364,8404,11820,-139,-29,46,5452,-8776,11520,-71,181,-166,-12284,4432,8124,-1008,46,-53,-12328,-7384,7620,-500,133,-165,0
3365.8656311035156,6136,8060,11692,-129,-37,78,5436,-8468,11520,-48,136,-158,-12288,4424,7948,-1015,62,-79,-12304,-7252,7604,-478,141,-163,0
3365.9034280776978,5932,8092,11848,-134,-59,89,5452,-8676,11660,-41,120,-205,-12288,4324,7980,-1017,89,-33,-12312,-7288,7616,-490,124,-138,0
3365.9392580986023,6288,8080,11716,-111,-66,76,5496,-8800,11604,-39,119,-197,-12048,4220,8020,-991,79,-92,-12456,-7236,7612,-519,154,-157,0
3365.974838972092,6104,8088,11660,-153,-91,96,5520,-8656,11736,-38,114,-207,-12388,4324,7972,-1006,91,-70,-12448,-7192,7592,-498,122,-158,0
3366.01016998291,6240,8092,11800,-149,-48,103,5616,-8644,11588,-62,134,-174,-12344,4384,7940,-993,85,-53,-12364,-7216,7584,-497,51,-167,0
3366.045611143112,6280,8060,11732,-138,-31,79,5480,-8508,11592,-40,151,-131,-12300,4444,8188,-1046,33,-56,-12448,-7240,7660,-768,113,-186,0
3366.0810890197754,6188,8104,11824,-155,-55,99,5496,-8668,11600,-14,147,-149,-12400,4340,7972,-1035,23,-40,-12436,-7240,7648,-491,81,-164,0
3366.1175589561462,6096,8144,11560,-126,14,68,5416,-8524,11596,-56,117,-161,-12408,4544,8048,-770,36,-46,-12356,-7308,7676,-499,96,-195,0
3366.1523749828334,6204,8088,11836,-134,-35,28,5360,-8736,11608,-52,176,-177,-12312,4412,7880,-968,11,-50,-12432,-7332,7632,-490,121,-172,0
3366.1880741119385,6184,8132,11780,-174,-37,62,5512,-8712,11544,-25,152,-169,-12236,4464,8080,-999,47,-85,-12400,-7380,7672,-493,101,-162,0
3366.223196029663,6168,8092,11764,-147,-42,110,5592,-8880,11380,-55,148,-146,-12240,4428,8032,-774,63,-39,-12356,-7224,7628,-488,88,-152,0
3366.2582540512085,6076,8132,11972,-134,-71,118,5540,-8768,11588,-49,118,-145,-12352,4456,8076,-1007,52,-63,-12356,-7292,7668,-469,83,-175,0
3366.2945029735565,6152,8188,11812,-172,-36,102,5404,-8792,11616,-63,133,-156,-12072,4476,8184,-1009,62,-65,-12084,-7308,7588,-488,88,-135,0
3366.330225944519,5896,8096,12000,-158,-53,74,5564,-8692,11580,-49,125,-175,-12080,4372,8092,-1003,70,-83,-12344,-7344,7652,-500,153,-161,0
3366.3655149936676,6016,8148,11540,-173,-130,74,5524,-8740,11584,-21,150,-209,-12512,4104,7988,-1008,121,-112,-12340,-6916,7836,-478,169,-115,0
3366.401843070984,6184,8116,11692,-155,-103,98,5504,-8680,11724,-25,103,-209,-12444,4580,8060,-1018,106,-69,-12428,-7288,7504,-493,127,-140,0
3366.4381749629974,6164,8080,11800,-170,-53,94,5472,-8956,11540,-28,110,-184,-12328,4320,8128,-1001,93,-40,-12392,-7244,7668,-485,133,-158,0
3366.4735331535335,6144,8124,11860,-173,-78,74,5468,-8708,11476,-45,177,-159,-12232,4328,8032,-1032,99,-78,-12364,-7264,7656,-477,123,-111,0
3366.5109570026398,6140,8124,11720,-209,-56,112,5384,-8664,11508,-24,149,-181,-12304,4600,7936,-1016,114,-63,-12296,-7304,7484,-424,128,-120,0
3366.5444049835205,6176,8228,11704,-225,-26,83,5472,-8796,11524,-62,172,-185,-12044,4380,7964,-998,93,-56,-12408,-7240,7924,-477,175,-129,0
3366.577912092209,6068,8124,11648,-229,-51,88,5452,-8808,11748,-8,162,-167,-12092,4476,7952,-985,101,-67,-12364,-7260,7668,-472,139,-79,0
3366.611592054367,6144,8432,11776,-224,-74,118,5584,-8808,11756,1,152,-182,-12188,4364,8216,-1007,105,-114,-12380,-7400,7444,-458,160,-79,0
3366.6448540687566,6148,8164,11892,-205,-87,148,5484,-8740,11624,-28,119,-204,-12240,4436,8176,-1276,116,-140,-12352,-7276,7476,-483,210,-44,0
3366.678381919861,6164,8128,12096,-221,-113,141,5440,-8680,11544,-26,138,-193,-12152,4380,8056,-1017,185,-108,-12496,-7296,7476,-468,211,-38,0
3366.7118279933934,6164,8132,11756,-249,-109,167,5624,-8756,11740,-36,127,-198,-12540,4356,7792,-977,169,-117,-12308,-7280,7596,-443,217,-44,0
3366.745402097702,6188,8084,11784,-242,-109,162,5432,-8472,11624,-29,126,-208,-12304,4500,8148,-978,164,-139,-12356,-7288,7524,-428,207,-38,0
3366.7790489196777,6248,8132,11532,-250,-95,166,5460,-8716,11284,-28,126,-196,-12308,4372,8016,-986,156,-126,-12360,-7260,7584,-443,174,-54,0
3366.8126039505005,6204,8104,11636,-243,-55,160,5540,-8656,11588,-52,128,-195,-12384,4336,7936,-993,182,-43,-12468,-7256,7744,-456,149,-64,0
3366.8458499908447,6260,8152,11760,-261,-104,168,5536,-8732,11476,-27,130,-169,-12492,4196,8032,-1035,158,-91,-12324,-7168,7632,-482,171,-54,0
3366.8794140815735,6072,8116,12008,-279,-144,185,5540,-8512,11580,37,93,-219,-12344,4260,8064,-769,160,-148,-12364,-7348,7568,-463,175,-51,0
3366.912497997284,6204,8112,11944,-228,-112,145,5444,-8656,11520,-253,138,-192,-12332,4472,8092,-1017,137,-135,-12496,-7280,7708,-468,167,-88,0
3366.946105003357,6128,8072,11748,-237,-134,97,5488,-8808,11716,-11,148,-220,-12232,4304,7936,-991,141,-105,-12332,-7184,7672,-445,177,-88,0
3366.979830980301,6260,8052,11988,-268,-103,121,5460,-8904,11772,1,148,-192,-12348,4592,7732,-995,199,-83,-12440,-7140,7664,-458,158,-34,0
3367.0132689476013,6232,8076,11648,-237,-132,187,5516,-8908,11588,12,86,-179,-12084,4436,7832,-1021,170,-78,-12540,-7412,7620,-446,106,-69,0
3367.0468931198125,6172,8136,11876,-269,-114,161,5548,-8652,11692,-6,118,-177,-12208,4316,8032,-1015,109,-87,-12336,-7184,7632,-477,116,-65,0
3367.08048415184,5976,7968,11740,-244,-109,161,5528,-8684,11616,-6,110,-167,-12416,4332,7868,-1005,131,-105,-12312,-7260,7572,-479,162,-90,0
3367.113806962967,6340,8084,11876,-200,-131,142,5432,-8656,11612,12,94,-191,-12252,4412,8024,-995,115,-98,-12428,-7164,7628,-482,168,-86,0
3367.147505044937,6232,8076,11956,-197,-171,148,5520,-8624,11384,41,91,-237,-12372,4360,7976,-1004,153,-123,-12440,-7168,7616,-494,228,-48,0
3367.181064128876,6236,8032,11836,-189,-167,181,5460,-8512,11488,6,63,-236,-12280,4360,7948,-1279,168,-129,-12468,-7224,7712,-479,181,-45,0
3367.214551925659,6296,8164,11804,-194,-194,160,5444,-8640,11612,8,80,-228,-12084,4396,7892,-971,139,-138,-12292,-6928,7648,-461,161,-72,0
3367.248148918152,6400,8032,11776,-193,-107,124,5560,-8732,11584,-27,107,-192,-12408,4388,8108,-770,100,-115,-12428,-7120,7584,-481,163,-118,0
3367.28466796875,6396,7992,11800,-144,-100,114,5528,-8640,11692,-25,109,-174,-12404,4120,8220,-777,46,-58,-12408,-7228,7620,-494,128,-152,0
3367.3181841373444,6292,8044,11612,-102,-61,80,5572,-8616,11596,-60,125,-190,-12372,4452,7884,-1000,116,-14,-12344,-7192,7620,-261,107,-170,0
3367.3517010211945,6168,8000,11548,-142,-57,51,5796,-8600,11320,-40,105,-157,-12300,4416,7964,-1031,67,-23,-12372,-7160,7580,-497,98,-175,0
3367.385087966919,6324,8020,11796,-120,-24,90,5520,-8684,11660,-40,130,-152,-12348,4344,8008,-1009,59,-68,-12328,-7180,7620,-515,101,-126,0
3367.4186029434204,6268,8092,11700,-117,-19,75,5432,-8620,11696,-44,130,-181,-12224,4528,7948,-1278,54,-72,-12340,-7424,7608,-505,132,-137,0
3367.4522631168365,6292,8116,11636,-117,-256,103,5424,-8700,11476,-67,114,-160,-12096,4260,8188,-1018,72,-44,-12400,-7236,7464,-764,134,-164,0
3367.485743999481,6196,8084,11812,-121,-28,77,5388,-8684,11604,-41,116,-179,-12272,4328,7996,-1049,60,-45,-12488,-7280,7440,-488,145,-155,0
3367.519170999527,5900,8092,11988,-129,-85,70,5576,-8660,11640,-58,135,-196,-12036,4284,8004,-1022,61,-82,-12376,-7288,7668,-471,129,-131,0
3367.5550179481506,6180,8108,11836,-106,-33,92,5520,-8600,11680,-84,134,-159,-12356,4336,8032,-989,66,-67,-12308,-7260,7928,-502,69,-166,0
3367.590090036392,6152,8000,11740,-125,-38,89,5516,-8700,11696,-33,120,-157,-12240,4376,7992,-1039,32,-106,-12296,-7292,7664,-555,129,-176,0
3367.626153945923,6204,8116,11852,-110,-24,74,5400,-8672,11572,-22,130,-158,-12348,4424,7996,-1001,39,-28,-12392,-7204,7676,-491,82,-185,0
3367.6616899967194,6256,8144,11828,-94,-34,51,5520,-8644,11548,-46,140,-178,-12376,4404,8252,-1008,38,-93,-12332,-7268,7604,-501,110,-180,0
3367.6975679397583,6184,8076,11872,-157,-70,58,5552,-8744,11660,-32,152,-197,-12320,4384,8116,-978,52,-97,-12464,-7172,7636,-501,161,-152,0
3367.7327051162724,6224,8044,11540,-122,-36,64,5520,-8696,11676,-37,136,-169,-12240,4464,8168,-1014,48,-47,-12364,-7236,7604,-494,100,-160,0
3367.7677109241486,6224,8160,11720,-120,-31,59,5464,-8660,11680,-9,129,-145,-12520,4352,8076,-1042,74,-249,-12284,-7236,7680,-494,90,-137,0
3367.8035209178925,6116,8044,11616,-148,-29,113,5444,-8696,11684,-47,127,-110,-12164,4412,8148,-774,97,-18,-12044,-7184,7648,-492,94,-151,0
3367.839203119278,6392,7968,11704,-152,-49,108,5480,-8656,11544,-37,132,-137,-12176,4472,7968,-1274,103,-13,-12312,-7192,7764,-496,95,-132,0
3367.874216079712,6216,8108,11700,-97,-48,91,5484,-8644,11580,-13,148,-143,-12284,4384,8048,-1040,71,-57,-12356,-7288,7644,-498,147,-123,0
3367.9095709323883,6160,8104,11748,-141,-63,107,5496,-8624,11268,-5,127,-149,-12244,4108,7908,-1054,107,-51,-12316,-7232,7684,-262,153,-109,0
3367.9447939395905,6208,8176,11828,-106,-78,130,5516,-8688,11628,-7,107,-148,-12352,4368,8168,-1038,128,-71,-12404,-7260,7868,-501,174,-122,0
3367.9802539348602,6084,8232,11824,-167,-52,122,5556,-8688,11572,-24,122,-151,-12300,4400,8144,-1052,109,-39,-12428,-7224,7632,-503,109,-141,0
3368.0152859687805,6292,8160,11832,-123,-60,94,5508,-8820,11588,-29,133,-134,-12352,4380,8076,-1027,72,-105,-12232,-7308,7600,-499,130,-161,0
3368.051032066345,6252,8148,11676,-164,-36,119,5452,-8664,11760,-29,141,-158,-12520,4296,8140,-1008,104,-36,-12268,-7268,7608,-475,133,-157,0
3368.0861270427704,6196,7944,11788,-161,-45,59,5536,-8700,11588,-54,152,-189,-12276,4384,8224,-997,53,-85,-12372,-7384,7576,-470,135,-166,0
3368.1218299865723,6152,8224,11584,-180,-56,55,5592,-8680,11536,-40,172,-210,-12284,4340,8176,-1011,93,-70,-12356,-7276,7576,-462,135,-133,0
3368.15780210495,6228,8184,11996,-173,-63,61,5524,-8624,11608,-18,156,-185,-12400,4516,8120,-1006,81,-80,-12328,-7252,7576,-478,146,-146,0
3368.1924891471863,6136,8372,11524,-165,-43,74,5448,-8760,11592,-34,150,-185,-12252,4348,8040,-1018,122,-103,-12384,-7280,7672,-474,164,-126,0
3368.228340148926,6184,8152,11828,-171,-40,93,5468,-8600,11456,-14,136,-176,-12380,4388,7872,-1015,122,-43,-12296,-7284,7756,-468,160,-133,0
3368.2617549896245,6064,8184,11736,-170,-49,118,5580,-8672,11664,-8,169,-158,-12300,4480,8020,-1001,105,-52,-12384,-7032,7636,-472,136,-127,0
3368.2953960895534,6184,8192,11784,-186,-19,139,5480,-8636,11580,-10,138,-176,-12284,4464,8124,-1013,115,-70,-12348,-7380,7684,-487,159,-73,0
3368.328901052475,6120,8132,11812,-192,-26,114,5492,-8668,11592,-32,118,-150,-12136,4580,7728,-1011,128,-130,-12412,-7296,7436,-454,138,-96,0
3368.362062931061,6160,8116,11868,-196,-57,131,5456,-8768,11700,-44,165,-159,-12252,4444,8172,-1003,126,-22,-12364,-7296,7664,-490,145,-51,0
3368.3955569267273,6068,8112,11672,-231,-70,151,5452,-8764,11700,-6,147,-174,-12316,4352,8024,-1022,149,-54,-12360,-7316,7708,-482,184,-87,0
3368.4291391372685,6056,8136,11804,-228,-105,169,5412,-8712,11564,10,120,-211,-12172,4564,8180,-1008,123,-137,-12276,-7312,7604,-440,180,-80,0
3368.462466955185,6140,8172,11848,-221,-108,128,5512,-8700,11608,-68,167,-218,-12452,4172,8160,-964,92,-133,-12356,-7316,7752,-449,195,-83,0
3368.4960720539093,6256,8144,11824,-252,-67,111,5576,-8748,11716,-15,146,-219,-12328,4408,7844,-963,121,-155,-12376,-7120,7628,-436,202,-103,0
3368.529695034027,6272,8220,11672,-254,-65,130,5244,-8936,11584,-36,143,-207,-12408,4304,8136,-1087,224,-82,-12388,-7420,7812,-431,163,-56,0
3368.5630519390106,6156,8192,11704,-268,-81,147,5536,-8552,11692,-33,141,-178,-12348,4348,8092,-996,118,-102,-12300,-7284,7692,-433,119,-60,0
3368.5965530872345,6232,8232,11932,-242,-88,145,5488,-8628,11792,-48,121,-184,-12524,4336,8100,-968,102,-138,-12320,-7188,7632,-429,152,-67,0
3368.6299641132355,6012,8072,11904,-225,-104,136,5500,-8720,11644,-39,115,-201,-12352,4492,7896,-981,105,-117,-12376,-7260,7560,-470,171,-75,0
3368.6636259555817,6244,8048,12000,-223,-110,146,5516,-8676,11636,33,120,-209,-12256,4288,8116,-1017,108,-90,-12268,-7232,7540,-460,205,-49,0
3368.697206020355,5928,8124,11844,-240,-136,150,5536,-8632,11544,36,88,-213,-12260,4352,8020,-994,152,-126,-12392,-7208,7640,-465,196,-55,0
3368.7307069301605,5908,8120,11784,-189,-162,177,5444,-8688,11532,-255,73,-210,-12212,4404,8120,-1008,167,-115,-12424,-7200,7688,-470,173,-61,0
3368.764188051224,6196,8040,11928,-224,-160,173,5460,-8648,11716,13,74,-218,-12412,4368,8180,-1003,161,-132,-12444,-6924,7536,-471,133,-55,0
3368.7977039813995,6276,8124,11608,-207,-137,162,5568,-8728,11632,-6,81,-231,-12316,4604,7716,-1004,152,-110,-12384,-7412,7616,-481,155,-101,0
3368.831146001816,6232,8112,11952,-215,-144,167,5588,-8620,11608,31,110,-225,-12284,4252,8180,-1015,99,-87,-12420,-7248,7764,-457,173,-59,0
3368.864284038544,6252,8108,11740,-231,-182,146,5440,-8580,11616,-15,96,-234,-12336,4324,7936,-989,109,-124,-12396,-7248,7656,-457,161,-73,0
3368.8976521492004,6188,8136,11860,-249,-161,139,5540,-8948,11520,2,106,-245,-12320,4460,7980,-1001,87,-107,-12352,-7112,7456,-455,163,-83,0
3368.9311780929565,6208,8036,11772,-216,-199,149,5512,-8604,11628,40,117,-237,-12276,4412,8052,-1277,110,-121,-12416,-7240,7588,-453,172,-96,0
3368.964642047882,6324,8072,11764,-214,-153,140,5412,-8676,11520,37,87,-208,-12264,4240,8164,-1010,109,-79,-12344,-7196,7444,-481,158,-59,0
3368.9981019496918,6200,8104,11864,-227,-154,161,5600,-8604,11548,26,85,-214,-12336,4340,8020,-996,122,-115,-12376,-7248,7724,-473,174,-90,0
3369.0316281318665,6264,8136,11780,-196,-126,131,5492,-8564,11584,-8,95,-221,-12420,4336,8112,-990,115,-139,-12376,-6928,7652,-469,181,-70,0
3369.0647690296173,6244,8052,11688,-208,-153,156,5564,-8652,11632,-12,113,-195,-12332,4328,8020,-996,117,-129,-12484,-7176,7864,-477,181,-80,0
3369.0983979701996,6248,8140,11600,-189,-108,170,5604,-8668,11524,-25,103,-199,-12476,4292,7968,-1017,111,-73,-12360,-7300,7544,-483,125,-129,0
3369.1319921016693,6272,8024,11712,-159,-92,126,5380,-8732,11516,-43,75,-169,-12388,4292,8264,-1053,108,-12,-12408,-7080,7684,-561,101,-143,0
3369.165633916855,6276,8108,11744,-130,-58,72,5644,-8720,11552,-26,104,-160,-12544,4248,8012,-1027,71,-52,-12372,-7060,7460,-534,112,-154,0
3369.199162006378,6268,8128,11788,-125,14,60,5672,-8528,11508,8,157,-165,-12324,4316,8016,-1044,103,-61,-12292,-7220,7924,-465,120,-160,0
3369.235090970993,6168,8008,12024,-147,-19,31,5584,-8596,11676,-40,179,-203,-12216,4412,7984,-1008,94,-83,-12372,-7200,7596,-475,148,-166,0
3369.2709069252014,6268,8080,11736,-155,-46,82,5612,-8728,11768,-23,191,-187,-12460,4428,8044,-1278,91,-80,-12400,-7196,7588,-493,142,-144,0
3369.3062341213226,6292,8120,11836,-128,-27,97,5504,-8636,11544,-47,140,-146,-12316,4568,8360,-1027,66,-13,-12268,-7216,7520,-481,89,-128,0
3369.3419160842896,6360,8064,11544,-121,-28,94,5420,-8548,11668,-43,169,-154,-12232,4116,8444,-1068,109,-39,-12404,-7236,7572,-458,104,-159,0
3369.3777010440826,6200,8052,11916,-169,-11,70,5504,-8696,11584,-68,176,-155,-12280,4252,8184,-1008,12,-35,-12368,-7252,7628,-499,141,-154,0
3369.4125430583954,6224,8120,11724,-125,-39,50,5612,-8472,11768,-55,185,-171,-12300,4288,7960,-1018,79,-63,-12372,-7292,7652,-498,116,-146,0
3369.4486191272736,6244,8052,11868,-122,-63,49,5536,-8588,11616,-41,165,-203,-12536,4328,7996,-1024,84,-49,-12320,-7192,7552,-461,165,-167,0
3369.4837279319763,6232,8108,11704,-112,-68,112,5520,-8692,11756,-60,107,-199,-12312,4596,8128,-1013,108,-106,-12428,-7200,7908,-491,160,-103,0
3369.5191740989685,6216,8116,11928,-133,-78,96,5452,-8572,11764,-51,118,-193,-12344,4388,8120,-1002,118,-80,-12428,-7280,7872,-477,107,-158,0
3369.5540549755096,6256,8112,11616,-154,-37,65,5876,-8696,11596,-43,168,-153,-12380,4428,8008,-1023,83,-52,-12360,-7228,7612,-483,127,-134,0
3369.5892341136932,6196,8108,11588,-163,-50,82,5568,-8620,11604,-28,162,-159,-12320,4268,8164,-1037,76,-37,-12372,-7212,7708,-490,139,-171,0
3369.6244580745697,6248,8104,11576,-154,-67,67,5560,-8452,11528,-30,152,-158,-12372,4296,7904,-769,78,-47,-12248,-7272,7752,-467,123,-169,0
3369.66073012352,6140,8196,11576,-145,-29,58,5508,-8636,11636,-71,174,-145,-12328,4412,8036,-989,10,-21,-12316,-7204,7788,-490,118,-168,0
3369.6961040496826,6328,8088,11748,-156,-46,68,5632,-8592,11592,-17,148,-154,-12216,4416,7984,-1033,91,-78,-12348,-7216,7692,-482,109,-167,0
3369.73188495636,6156,8172,11840,-161,-65,76,5452,-8688,11760,-33,110,-160,-12280,4364,8152,-1010,105,-41,-12344,-7268,7640,-502,91,-139,0
3369.7677590847015,6228,8220,11744,-136,-81,85,5536,-8648,11652,-34,110,-186,-12308,4324,8112,-1024,71,-68,-12376,-7212,7676,-485,138,-154,0
3369.802850008011,6360,7940,12020,-161,-82,73,5548,-8604,11684,-11,151,-188,-12252,4308,8128,-1004,109,-72,-12232,-7332,7600,-488,115,-152,0
3369.8382880687714,6100,8132,11656,-167,-97,87,5476,-8560,11600,-31,132,-190,-12296,4316,7992,-975,67,-93,-12344,-7264,7672,-465,144,-130,0
3369.8750751018524,6224,8192,11784,-166,-86,110,5564,-8956,11312,-54,144,-176,-12300,4528,8000,-996,46,-58,-12352,-7196,7668,-495,114,-157,0
3369.908504962921,6284,8088,11752,-158,-77,60,5528,-8632,11668,-1,189,-164,-12340,4296,8032,-1057,41,-32,-12416,-7280,7612,-483,114,-171,0
3369.9417989254,6168,8140,11644,-171,-20,94,5520,-8548,11632,-15,136,-173,-12512,4560,8056,-1020,77,-61,-12340,-7276,7548,-500,132,-167,0
3369.975531101227,6320,8180,11764,-142,-62,66,5504,-8680,11456,-74,174,-164,-12352,4400,8132,-951,14,-76,-12216,-7288,7712,-476,110,-164,0
3370.0092000961304,6252,7980,11836,-213,-34,33,5536,-8660,11672,-41,172,-183,-12324,4344,8132,-993,54,-76,-12304,-7216,7592,-471,122,-164,0
3370.0422790050507,6192,8124,11764,-148,-51,94,5528,-8628,11748,-41,153,-158,-12260,4380,7976,-1019,101,-28,-12296,-7272,7724,-485,112,-139,0
3370.0758900642395,6116,8184,11764,-165,-56,121,5428,-8732,11640,-59,96,-135,-12040,4260,7936,-984,37,-55,-12544,-7244,7688,-487,87,-144,0
3370.1094369888306,6192,8188,11748,-154,-36,84,5392,-8696,11460,-58,126,-132,-12248,4328,8104,-1260,53,-43,-12360,-7296,7736,-469,90,-130,0
3370.142744064331,6268,8128,11892,-173,7,104,5468,-8688,11532,-76,149,-147,-12272,4376,8020,-1003,52,-68,-12512,-7028,7636,-493,126,-131,0
3370.176192045212,6180,8052,11572,-171,-21,91,5572,-8668,11556,-35,170,-175,-12320,4432,8248,-991,72,-67,-12224,-7260,7652,-490,164,-103,0
3370.2099740505214,6108,8160,11608,-222,-16,108,5452,-8640,11572,-255,159,-196,-12336,4464,8088,-1274,67,-77,-12388,-7300,7660,-493,169,-96,0
3370.2435870170593,5952,8384,11828,-199,-62,134,5564,-8700,11632,-34,104,-195,-12052,4328,8036,-944,86,-77,-12352,-7208,7680,-487,161,-102,0
3370.277149915695,6356,7960,11532,-217,-62,126,5476,-8692,11536,-61,131,-189,-12052,4404,7916,-980,95,-119,-12376,-7252,7668,-484,173,-77,0
3370.31063914299,6224,7944,11980,-207,-78,142,5492,-8876,11600,-30,113,-188,-12256,4584,8056,-1021,101,-103,-12380,-7344,7604,-455,188,-58,0
3370.344244003296,6196,8100,11812,-247,-86,150,5472,-8688,11604,-53,148,-195,-12172,4384,8060,-1020,111,-72,-12356,-7288,7668,-461,209,-64,0
3370.3778710365295,6380,8132,11724,-3,-64,162,5424,-8564,11464,-56,147,-192,-12236,4444,8196,-961,86,-110,-12524,-7240,7700,-448,169,-72,0
3370.4109320640564,6092,8080,12016,-256,-87,149,5620,-8760,11756,-51,132,-186,-12288,4384,7952,-997,112,-124,-12104,-7236,7712,-498,180,-65,0
3370.4442739486694,6160,8008,11520,-232,-118,170,5452,-8688,11656,-12,129,-197,-12196,4144,7824,-1007,122,-142,-12344,-7272,7632,-488,180,-57,0
3370.4777779579163,6204,8048,11756,-221,-97,174,5452,-8636,11660,254,50,-227,-12328,4308,8052,-977,159,-101,-12328,-7284,7564,-481,153,-19,0
3370.511347055435,6268,8076,11532,-212,-98,186,5508,-8616,11520,-2,88,-173,-12328,4412,8036,-996,157,-94,-12304,-7272,7576,-479,178,-57,0
3370.5448269844055,6184,7936,11796,-245,-137,189,5524,-8888,11592,-28,101,-198,-12320,4276,8124,-1008,179,-126,-12416,-7280,7616,-472,170,-53,0
3370.5784680843353,6352,8048,11828,-231,-129,180,5496,-8508,11796,-4,86,-204,-12332,4352,7920,-1277,140,-133,-12392,-7220,7596,-472,192,-48,0
3370.6121249198914,6236,8052,11904,-240,-127,167,5560,-8640,11520,17,109,-195,-12068,4380,8064,-997,154,-110,-12328,-7192,7668,-466,150,-61,0
3370.6455750465393,6172,8092,11616,-234,-80,160,5560,-8624,11616,-13,93,-181,-12108,4164,8076,-989,155,-74,-12348,-7020,7604,-458,134,-44,0
3370.679137945175,6224,8164,11872,-217,-111,182,5540,-8680,11512,-22,109,-179,-12332,4380,8076,-1017,158,-83,-12364,-7204,7632,-479,134,-66,0
3370.7126569747925,6204,8056,11772,-247,-130,167,5572,-8944,11736,41,102,-203,-12404,4380,7940,-1028,95,-95,-12356,-7292,7904,-486,179,-59,0
3370.7462010383606,6096,8132,11748,-223,-116,147,5616,-8604,11644,46,132,-181,-12288,4348,8036,-1001,143,-123,-12444,-7296,7716,-452,148,-78,0
3370.7800500392914,6184,8164,11524,-241,-137,131,5472,-8656,11644,247,137,-212,-12204,4348,7972,-996,115,-124,-12336,-7248,7928,-450,183,-82,0
3370.8136360645294,6380,8060,11820,-290,-146,141,5560,-8656,11548,8,91,-211,-12360,4456,8036,-1000,146,-71,-12380,-7140,7704,-442,164,-55,0
3370.847043991089,6268,8080,11960,-229,-136,170,5484,-8660,11580,-16,116,-161,-12128,4372,8132,-1012,136,-17,-12312,-7220,7680,-456,110,-67,0
3370.880515098572,6220,8060,11836,-239,-114,191,5636,-8572,11724,4,62,-148,-12288,4588,8028,-991,156,-57,-12312,-7332,7696,-480,115,-84,0
3370.9173390865326,6264,8020,11784,-243,-113,138,5620,-8644,11584,-22,93,-172,-12336,4388,7984,-1013,151,-106,-12280,-7236,7580,-455,160,-99,0
3370.95277094841,6120,8048,11840,-206,-110,143,5508,-8624,11616,-4,108,-215,-12272,4172,8316,-968,143,-127,-12332,-7176,7696,-478,183,-100,0
3370.9880850315094,6216,8032,11780,-209,-155,118,5656,-8688,11536,8,131,-240,-12344,4348,8092,-1005,120,-110,-12376,-7392,7640,-476,216,-98,0
3371.023345947265,6300,8008,11808,-183,-106,115,5500,-8672,11584,-1,89,-212,-12364,4348,8064,-1018,171,-101,-12360,-7240,7680,-472,168,-109,0
3371.059322118759,6320,8056,11740,-149,-133,95,5552,-8608,11600,-28,139,-206,-12344,4332,8004,-975,120,-65,-12356,-7172,7628,-483,121,-152,0
3371.0944669246674,6284,8068,11684,-133,-43,94,5576,-8620,11516,-53,140,-159,-12428,4340,7848,-1006,90,-47,-12444,-6944,7536,-497,133,-155,0
3371.130486011505,6320,8064,11936,-157,-38,92,5600,-8636,11544,-26,165,-179,-12328,4300,7960,-1055,80,-93,-12376,-7120,7632,-472,168,-138,0
3371.1659920215607,6272,8128,11616,-135,-45,77,5528,-8620,11640,-51,160,-166,-12328,4308,8092,-1013,65,-37,-12380,-7228,7636,-463,129,-141,0
3371.2017199993134,6276,8092,11840,-135,-60,46,5528,-8676,11648,-54,161,-171,-12116,4524,8096,-983,71,-54,-12372,-7152,7604,-767,110,-184,0
3371.2376520633698,6204,8084,11820,-136,-45,76,5520,-8556,11596,-7,149,-170,-12272,4416,8008,-1021,52,-45,-12336,-7308,7668,-493,147,-154,0
3371.2725031375885,6128,8136,11780,-118,-20,84,5520,-8536,11632,-48,119,-185,-12280,4248,8284,-981,99,-76,-12392,-7268,7700,-478,165,-138,0
3371.3089890480046,6236,8100,11792,-115,-71,45,5568,-8656,11772,-56,166,-202,-12348,4324,8044,-980,67,-91,-12400,-7232,7676,-484,127,-190,0
3371.344425916672,6196,8112,11572,-143,-89,52,5568,-8608,11728,-28,171,-169,-12352,4356,7856,-999,73,-57,-12368,-7136,7660,-486,124,-156,0
3371.380187034607,6296,8096,11768,-147,-36,77,5604,-8668,11588,-30,138,-161,-12504,4180,7736,-1025,66,-24,-12400,-7184,7504,-479,113,-133,0
3371.4151220321655,6264,8120,11728,-147,-15,88,5544,-8540,11680,-90,128,-153,-12328,4376,8136,-1016,43,239,-12324,-7300,7692,-763,85,-191,0
3371.450978040695,6356,8144,11540,-108,-53,81,5512,-8632,11664,-58,162,-173,-12352,4372,8088,-1018,16,-59,-12384,-7176,7624,-514,90,-193,0
3371.487102985382,6196,8024,11824,-146,-46,64,5520,-8680,11496,-36,139,-150,-12236,4308,8180,-993,-5,-100,-12384,-7220,7688,-495,87,-197,0
3371.522495031357,6256,8124,11848,-142,-59,31,5444,-8632,11760,-60,156,-166,-12076,4360,7992,-989,31,-58,-12384,-7180,7572,-498,114,-178,0
3371.5603010654454,6168,8128,11920,-170,-50,54,5452,-8732,11556,-58,154,-207,-12284,4292,7968,-999,41,-48,-12384,-7392,7668,-473,142,-138,0
3371.5938110351562,6216,8280,11836,-168,-73,89,5532,-8640,11760,-29,122,-201,-12296,4448,8140,-990,55,-64,-12348,-7284,7692,-499,122,-157,0
3371.627499103546,6204,7984,11920,-149,-70,74,5556,-8684,11364,-44,142,-222,-12304,4556,8056,-1016,64,-52,-12412,-7220,7632,-482,129,-146,0
3371.6607570648193,6280,8096,11616,-152,-69,110,5580,-8680,11720,-50,133,-192,-12300,4560,8420,-1000,53,-48,-12544,-7244,7676,-495,147,-167,0
3371.694400072098,6204,7956,11520,-175,-60,62,5496,-8632,11660,-33,131,-173,-12220,4412,8112,-772,54,-46,-12516,-7176,7444,-477,94,-187,0
3371.7276589870453,6256,8244,11540,-147,-35,62,5456,-8680,11596,-33,163,-183,-12288,4228,8108,-1030,63,-61,-12340,-7300,7584,-481,139,-163,0
3371.7612011432648,6308,8128,11960,-155,-64,79,5480,-8624,11524,-9,166,-191,-12076,4436,8108,-1026,43,-90,-12244,-7228,7616,-493,123,-156,0
3371.7948949337006,5900,8160,11800,-134,-36,85,5440,-8692,11576,-6,111,-183,-12156,4604,8076,-1038,80,-56,-12324,-7204,7636,-477,127,-143,0
3371.828493118286,5952,8128,11764,-165,-67,121,5472,-8580,11752,-46,130,-184,-12332,4552,8120,-975,112,-65,-12332,-7232,7544,-488,151,-112,0
3371.861951112747,6264,8200,11864,-166,-80,110,5500,-8600,11624,-46,129,-155,-12256,4384,8200,-998,114,-51,-12424,-7320,7528,-488,125,-124,0
3371.8953030109406,6232,8124,11628,-168,-55,133,5548,-8540,11608,-56,132,-154,-12284,4352,8100,-1004,89,-59,-12304,-7236,7704,-490,131,-133,0
3371.9285640716553,6008,8068,11704,-176,-57,125,5568,-8656,11572,-43,145,-159,-12344,4396,8380,-1013,75,-87,-12264,-7272,7612,-478,120,-148,0
3371.961915969848,6160,8176,11912,-172,-60,100,5444,-8640,11680,-64,149,-161,-12248,4604,8268,-1022,73,-57,-12408,-7312,7644,-486,137,-140,0
3371.9955890178685,6232,8072,11628,-156,-28,90,5524,-8648,11760,-52,143,-160,-12396,4420,7944,-769,76,-34,-12376,-7252,7456,-484,119,-141,0
3372.0291860103607,6320,8060,11856,-171,-39,86,5452,-8548,11584,-35,127,-167,-12264,4456,8152,-769,79,-85,-12536,-7264,7596,-486,141,-130,0
3372.0626339912415,6184,8128,12152,-184,-49,96,5524,-8636,11572,-32,157,-177,-12536,4416,8144,-1007,108,-105,-12324,-7212,7596,-481,171,-132,0
3372.0963709354405,6176,8136,11872,-178,-42,127,5508,-8648,11644,-36,137,-197,-12280,4324,8288,-975,108,-83,-12340,-7224,7636,-472,162,-117,0
3372.1299109458923,6148,8208,11716,-193,-56,104,5512,-8620,11620,-30,153,-177,-12252,4380,8064,-1032,108,-57,-12344,-7252,7620,-473,187,-74,0
3372.1633801460266,6180,8156,11856,-200,-52,136,5528,-8736,11532,-34,157,-174,-12220,4396,7988,-1023,138,-71,-12388,-7312,7660,-460,173,-113,0
3372.1970081329346,6216,8140,11796,-221,-65,116,5476,-8672,11584,-3,168,-194,-12216,4336,8128,-980,133,-97,-12324,-7348,7440,-476,205,-82,0
3372.2304360866547,6084,8168,11840,-220,-58,153,5484,-8912,11620,-32,144,-179,-12364,4344,8184,-990,124,-141,-12480,-7272,7756,-443,181,-70,0
3372.2640080451965,6268,8160,11740,-241,-57,131,5540,-8700,11600,-22,145,-190,-12292,4364,8016,-1044,108,-113,-12360,-7224,7656,-502,192,-78,0
3372.301964044571,6128,8188,11744,-504,-81,151,5520,-8612,11748,24,164,-157,-12268,4340,7980,-1032,143,-104,-12056,-7316,7768,-456,172,-89,0
3372.335623025894,6108,8252,11552,-201,-55,135,5496,-8632,11740,-38,186,-215,-12240,4344,8272,-996,173,-129,-12392,-7332,7668,-450,188,-59,0
3372.368973016739,6116,8124,11756,-284,-78,94,5548,-8644,11616,-29,132,-246,-12280,4292,8040,-966,152,-155,-12300,-7224,7468,-464,214,-41,0
3372.4023780822754,6316,8092,11776,-260,-118,169,5540,-8640,11712,-5,162,-178,-12328,4448,8020,-1015,186,-115,-12520,-7160,7540,-448,155,-59,0
3372.4359080791473,6332,8072,11832,-246,-101,181,5536,-8600,11604,-12,133,-140,-12280,4336,8040,-1006,169,-40,-12428,-7236,7428,-464,117,-77,0
3372.469537973404,6212,8144,11772,-234,-92,145,5452,-8672,11696,-31,173,-164,-12216,4332,8052,-989,143,-101,-12344,-7172,7760,-448,136,-89,0
3372.5030360221863,6220,7996,11832,-273,-57,108,5584,-8696,11728,-14,176,-176,-12256,4376,7996,-1021,162,-110,-12304,-7120,7684,-476,163,-73,0
3372.536749124527,6188,8084,11868,-216,-120,141,5496,-8596,11708,33,135,-211,-12244,4388,8032,-1003,141,-153,-12404,-7168,7724,-461,201,-50,0
3372.5701889991765,6204,8136,11684,-231,-159,170,5512,-8452,11664,15,114,-209,-12308,4360,8096,-1002,156,-123,-12516,-7220,7704,-441,224,-64,0
3372.607465982437,6300,8156,12008,-225,-174,178,5608,-8556,11616,-23,97,-243,-12296,4256,8116,-1272,152,-145,-12404,-7192,7724,-451,196,-59,0
3372.642419099808,6284,8016,11720,-248,-154,164,5556,-8668,11632,40,87,-200,-12532,4136,7940,-1016,205,-97,-12380,-7232,7772,-444,169,-66,0
3372.678087949753,6300,8088,11868,-249,-166,164,5592,-8596,11516,39,118,-210,-12444,4308,8096,-1040,162,-147,-12404,-7160,7600,-477,193,-62,0
3372.7131509780884,6228,8144,11840,-252,-156,154,5556,-8572,11572,9,103,-181,-12388,4328,7960,-1038,124,-64,-12384,-7212,7676,-470,132,-49,0
3372.7487030029297,6260,8072,11776,-250,-149,128,5488,-8560,11716,23,101,-221,-12356,4372,7956,-1012,109,-105,-12484,-6920,7504,-486,152,-68,0
3372.783597946167,5984,8096,11684,-208,-125,134,5528,-8620,11788,17,90,-183,-12324,4492,8084,-1033,116,-93,-12400,-6940,7496,-474,148,-84,0
3372.8186480998993,6304,8092,11916,-245,-106,132,5512,-8576,11580,25,70,-193,-12344,4308,8004,-1010,109,-82,-12340,-7164,7664,-493,149,-80,0
3372.8540959358215,6216,8092,11752,-226,-154,169,5564,-8584,11276,32,61,-178,-12304,4268,8012,-991,131,-125,-12404,-7280,7852,-477,159,-64,0
3372.8896989822388,6208,8028,11796,-216,-159,169,5452,-8592,11752,-5,78,-228,-12344,4300,8088,-1005,135,-112,-12324,-7172,7536,-485,165,-64,0
3372.9250099658966,6304,7984,11816,-200,-176,130,5496,-8540,11708,-25,108,-204,-12268,4504,8032,-1014,96,-55,-12424,-7176,7640,-478,172,-108,0
3372.960438013077,6348,8104,11500,-176,-135,121,5872,-8492,11756,-64,100,-171,-12380,4296,7976,-988,75,-103,-12472,-7224,7580,-485,114,-130,0
3372.9957511425014,6332,8100,11808,-173,-89,90,5564,-8584,11532,-47,132,-190,-12528,4392,8016,-1034,79,-9,-12424,-7048,7496,-524,120,-162,0
3373.031769990921,6312,8024,11884,-152,-34,72,5384,-8616,11544,-17,152,-185,-12296,4236,8028,-1052,93,-72,-12368,-7204,7636,-460,124,-145,0
3373.0676341056824,6232,8156,11796,-111,-256,73,5816,-8564,11656,-40,161,-151,-12396,4540,8184,-1010,45,-83,-12456,-7220,7684,-470,156,-183,0
3373.1027710437775,6476,8184,11568,-164,-24,19,5640,-8736,11644,-40,167,-165,-12384,4392,8024,-970,-38,-99,-12480,-7184,7688,-496,132,-212,0
3373.1387181282043,6340,8028,11904,-125,-17,62,5524,-8688,11732,-60,125,-148,-12348,4556,8140,-1010,57,-46,-12392,-7212,7684,-488,120,-121,0
3373.1739690303802,6256,8048,11696,-134,-25,104,5472,-8568,11588,-67,136,-124,-12252,4528,8060,-1057,50,-9,-12388,-7192,7524,-511,109,-173,0
3373.209394931793,6208,8064,11720,-127,-4,63,5564,-8672,11664,-68,175,-159,-12216,4424,7952,-1037,92,-95,-12344,-7404,7908,-762,100,-169,0
3373.2466530799866,6220,8036,11716,-96,-28,49,5500,-8556,11752,-61,120,-148,-12280,4284,8000,-981,41,-53,-12160,-7180,7664,-525,116,-178,0
3373.2803239822388,6224,8204,11876,-83,-44,71,5532,-8680,11596,-56,169,-167,-12376,4340,7988,-983,92,-40,-12360,-7228,7732,-516,138,-127,0
3373.3139259815216,6144,8124,11952,-144,-45,57,5384,-8644,11580,-57,151,-210,-12296,4408,8116,-998,100,-93,-12284,-7332,7756,-509,148,-159,0
3373.3475620746613,6284,8080,11840,-118,-90,78,5492,-8588,11556,-91,115,-224,-12300,4296,8100,-956,63,-95,-12332,-7300,7468,-493,152,-159,0
3373.381021022796,6012,8036,11704,-167,-104,66,5604,-8536,11552,-62,111,-207,-12260,4340,8104,-967,45,-67,-12476,-6964,7604,-495,125,-165,0
3373.4145390987396,6288,7996,11808,-151,-62,105,5880,-8464,11344,-48,160,-160,-12308,4180,8168,-1005,51,-48,-12384,-7300,7580,-494,143,-163,0
3373.447956085205,6336,8108,11836,-157,-72,88,5592,-8548,11596,-36,167,-164,-12268,4292,8112,-1275,74,-21,-12388,-7180,7584,-471,142,-144,0
3373.481343984604,6252,8444,11560,-146,-60,62,5580,-8600,11472,-27,125,-161,-12300,4276,8136,-980,40,-31,-12436,-7204,7440,-459,124,-203,0
3373.514979124069,6208,8388,11984,-163,-37,68,5504,-8632,11524,-53,160,-161,-12184,4392,8004,-972,58,-48,-12048,-7200,7776,-494,99,-157,0
3373.548248052597,6320,8128,11768,-166,-45,66,5524,-8632,11604,-54,164,-160,-12252,4468,8076,-1003,63,-8,-12352,-7260,7852,-482,125,-176,0
3373.5818309783936,6392,8092,11876,-148,-100,71,5544,-8680,11588,-19,164,-156,-12184,4424,7984,-1000,74,-42,-12424,-7256,7652,-494,123,-162,0
3373.6151809692383,6164,8188,11924,-164,-79,78,5428,-8576,11620,-20,128,-170,-12328,4424,8128,-1006,104,-100,-12040,-7184,7736,-469,146,-146,0
3373.64817404747,6280,8132,11832,-178,-108,92,5492,-8648,11536,-31,135,-196,-12072,4312,7936,-1005,74,-53,-12344,-7184,7676,-455,156,-120,0
3373.6818101406097,6188,8140,11748,-166,-61,97,5552,-8540,11756,-71,139,-166,-12076,4408,8060,-985,71,-15,-12324,-7116,7696,-463,115,-161,0
3373.7155261039734,6164,7984,11848,-164,-52,72,5580,-8724,11696,-9,162,-141,-12192,4312,8064,-1041,66,-60,-12344,-7188,7540,-521,143,-119,0
3373.74907207489,6164,8092,11908,-165,-57,104,5576,-8620,11536,12,145,-167,-12236,4356,8148,-1047,59,-57,-12272,-7300,7664,-493,112,-156,0
3373.7825610637665,6284,8188,12020,-124,-46,84,5408,-8636,11644,-41,149,-165,-12308,4264,8232,-994,70,-57,-12416,-7280,7704,-476,110,-174,0
3373.816102027893,6248,7936,11908,-218,-41,38,5560,-8632,11692,-45,212,-198,-12156,4344,8180,-987,71,-47,-12280,-7208,7732,-478,132,-174,0
3373.849242925644,6184,8060,11780,-186,-62,45,5460,-8544,11596,-53,138,-170,-12328,4372,7964,-770,75,-33,-12364,-7184,7652,-466,128,-132,0
3373.8825149536133,6180,8136,11688,-154,-28,93,5500,-8640,11676,-24,145,-139,-12324,4348,8056,-1027,90,-63,-12340,-7216,7752,-475,128,-162,0
3373.9161081314087,6396,8104,11844,-146,-42,79,5540,-8536,11668,-62,110,-152,-12260,4288,7980,-997,84,-71,-12296,-7280,7580,-500,109,-157,0
3373.949590921402,6232,8040,11556,-191,-47,77,5572,-8680,11844,-41,160,-148,-12164,4360,8364,-974,80,-38,-12348,-7332,7620,-472,115,-127,0
3373.9830470085144,6212,8068,11772,-181,-31,103,5524,-8596,11616,-19,170,-160,-12228,4340,8292,-1020,91,-46,-12264,-7304,7772,-463,182,-127,0
3374.0166490077972,6148,8144,11980,-218,-76,98,5416,-8596,11764,3,155,-195,-12264,4352,8008,-1075,117,-126,-12328,-7316,7696,-465,204,-92,0
3374.049693107605,6200,8216,11780,-188,-86,111,5504,-8608,11664,-7,123,-208,-12288,4388,8184,-1020,118,-136,-12336,-7172,7596,-495,156,-80,0
3374.0832870006566,6208,8168,11756,-207,-99,116,5464,-8620,12024,-30,109,-196,-12288,4332,8080,-977,128,-96,-12420,-7248,7724,-469,174,-75,0
3374.1168489456177,6200,8132,11884,-232,-91,119,5588,-8700,11556,-41,99,-207,-12288,4364,8056,-1012,93,-115,-12328,-7284,7672,-468,205,-70,0
3374.1501080989838,6284,8032,11700,-234,-76,157,5552,-8520,11588,-41,114,-169,-12476,4124,8052,-1008,89,-112,-12368,-7252,7680,-472,198,-65,0
3374.183692932129,6276,8100,11804,-252,-86,151,5532,-8628,11568,-44,80,-185,-12196,4412,8036,-1003,128,-145,-12040,-7180,7772,-489,172,-28,0
3374.217309951782,6192,8144,11680,-261,-89,159,5556,-8640,11620,-23,106,-178,-12148,4576,8108,-987,143,-111,-12052,-7320,7628,-493,177,-60,0
3374.2508289813995,6208,7992,12024,-245,-146,169,5580,-8952,11644,8,114,-196,-12196,4408,7968,-1018,164,-100,-12416,-7160,7720,-485,176,-42,0
3374.2876670360565,6220,8064,11772,-1,-98,164,5604,-8528,11600,-3,124,-207,-12272,4104,8140,-1004,168,-114,-12420,-7132,7756,-483,179,-42,0
3374.3236889839172,6340,8180,11548,-260,-117,185,5496,-8564,11636,1,102,-191,-12220,4356,7896,-1000,180,-116,-12384,-7176,7584,-501,167,-53,0
3374.3589041233063,6296,8104,11876,-233,-151,176,5524,-8744,11532,255,83,-205,-12300,4312,8296,-992,162,-161,-12144,-7388,7524,-451,190,-51,0
3374.3939359188084,6200,8084,11784,-7,-144,185,5568,-8528,11604,252,90,-203,-12344,4300,8064,-1008,172,-97,-12436,-7200,7676,-466,169,-35,0
3374.42898106575,6236,8160,11876,-243,-125,193,5548,-8924,11620,-5,103,-201,-12416,4452,8000,-1047,155,-89,-12320,-7244,7484,-506,159,-72,0
3374.4650321006775,6256,8020,11764,-230,-102,177,5836,-8492,11688,61,104,-186,-12320,4432,8012,-1045,149,-85,-12392,-7144,7676,-489,139,-63,0
3374.5007190704346,6184,8080,11808,-227,-80,160,5624,-8616,11564,40,92,-181,-12256,4328,8112,-1047,125,-100,-12312,-7260,7620,-454,150,-60,0
3374.5355639457703,6252,8116,11828,-231,-101,154,5488,-8548,11528,20,140,-194,-12500,4400,8056,-992,96,-106,-12364,-7116,7868,-470,180,-59,0
3374.5712380409245,6256,7880,11800,-297,-133,138,5608,-8640,11588,21,83,-199,-12392,4420,7992,-1040,152,-110,-12384,-7036,7664,-455,144,-33,0
3374.606168985367,6300,8020,11780,-246,-157,223,5580,-8564,11768,38,95,-147,-12340,4328,8100,-1002,145,-41,-12448,-7264,7720,-467,133,-72,0
3374.6417560577393,6372,8088,11704,-259,-137,204,5644,-8476,11728,21,75,-168,-12288,4108,7928,-1010,157,-53,-12052,-7272,7704,-450,126,-77,0
3374.688987970352,6184,7980,11700,-230,-142,160,5556,-8584,11636,3,125,-197,-12332,4236,8028,-1011,121,-103,-12392,-7236,7484,-764,183,-125,0
3374.7372019290924,6280,8020,11816,-160,-154,121,5556,-8552,11544,-11,122,-228,-12400,4376,8000,-987,127,-126,-12360,-7112,7708,-479,201,-111,0
3374.7794640064244,6324,7984,11976,-142,-148,116,5604,-8568,11568,-33,97,-229,-12312,4372,8012,-1042,140,-78,-12428,-7164,7608,-497,158,-96,0
3374.814737081528,6384,8092,11652,-139,-148,103,5880,-8560,11716,-53,121,-190,-12292,4224,8112,-991,113,-80,-12392,-7248,7664,-478,150,-136,0
3374.8502321243286,6380,7688,12004,-132,-8,73,5636,-8576,11564,-22,154,-167,-12360,4248,7980,-1037,79,-54,-12352,-6980,7572,-501,156,-149,0
3374.885353088379,6624,8112,11900,-144,-31,93,5528,-8564,11604,-52,191,-152,-12316,4364,8124,-1036,83,-83,-12392,-7240,7636,-767,136,-164,0
3374.922259092331,6280,8072,12008,-147,-33,61,5524,-8624,11580,-56,141,-185,-12532,4320,7864,-1040,113,-27,-12276,-7260,7580,-512,159,-161,0
3374.955734014511,6304,8052,11844,-126,-50,60,5528,-8552,11684,-98,154,-200,-12352,4328,8288,-982,35,-36,-12432,-7120,7616,-477,157,-168,0
3374.989105939865,6308,8072,11596,-108,-60,57,5472,-8648,11792,-55,141,-172,-12292,4432,7980,-1009,78,-57,-12376,-7132,7780,-764,143,-167,0
3375.022607088089,6208,8072,11932,-116,-63,92,5508,-8596,11728,-28,184,-152,-12200,4604,8028,-1007,96,-69,-12380,-7172,7704,-765,145,-167,0
3375.0558230876923,6284,8096,11864,-128,-23,68,5456,-8556,11564,-45,134,-188,-12344,4368,8168,-1005,87,-50,-12368,-7184,7680,-488,160,-143,0
3375.0892000198364,6236,8132,11832,-173,-80,59,5500,-8604,11584,-74,150,-198,-12224,4240,8020,-987,76,-40,-12400,-7312,7740,-490,123,-150,0
3375.1229779720306,6284,8052,11860,-123,-30,76,5540,-8640,11592,-94,129,-194,-12368,4436,7728,-968,79,-91,-12356,-7124,7644,-498,98,-180,0
3375.1562061309814,6244,7708,12012,-123,-50,62,5720,-8668,11584,-65,139,-148,-12348,4172,8112,-1061,9,-46,-12516,-7148,7452,-524,99,-203,0
3375.1900639534,6296,8032,11652,-162,-27,109,5416,-8572,11700,-23,123,-172,-12220,4316,8148,-1037,29,-52,-12392,-7220,7756,-493,68,-166,0
3375.2236840724945,6296,8116,11756,-99,-17,80,5560,-8596,11580,-56,142,-153,-12360,4484,8096,-1006,-5,-8,-12356,-7276,7624,-476,79,-186,0
3375.2573950290684,6236,8024,11696,-149,-22,24,5556,-8736,11652,-91,169,-177,-12048,4284,8008,-963,4,-21,-12340,-7248,7628,-493,106,-191,0
3375.2909741401672,6292,8040,11572,-163,17,62,5552,-8644,11640,-78,153,-155,-12468,4416,8080,-978,50,-46,-12372,-7272,7740,-497,51,-187,0
3375.324511051178,6344,8064,11756,-152,-37,66,5596,-8596,11688,-49,132,-125,-12216,4372,8140,-770,40,230,-12440,-7224,7768,-483,66,-180,0
3375.35777592659,6248,8232,12052,-165,-9,83,5532,-8648,11624,-89,127,-150,-12168,4280,7944,-981,24,-32,-12356,-7296,7844,-474,53,-192,0
3375.39111995697,6164,8036,11852,-144,-32,53,5548,-8640,11632,-85,161,-158,-12204,4384,8368,-968,31,-13,-12540,-7308,7576,-488,100,-184,0
3375.424700975418,6160,8048,11896,-134,-44,67,5520,-8680,11664,-67,143,-157,-12332,4328,8360,-996,20,-74,-12052,-7252,7556,-493,102,-150,0
3375.4582059383392,6220,8080,11992,-157,-73,56,5544,-8612,11764,-66,183,-192,-12168,4340,8068,-987,44,-115,-12248,-7144,7752,-459,157,-176,0
3375.4919600486755,6236,8124,11996,-144,-72,58,5476,-8612,11644,-72,161,-226,-12284,4288,8000,-996,97,-97,-12352,-7144,7656,-483,146,-134,0
3375.525512933731,6244,8108,11744,-152,-105,84,5572,-8636,11660,-67,116,-196,-12240,4440,7988,-1275,94,-51,-12380,-7168,7772,-458,162,-135,0
3375.5589070320134,6348,8040,11872,-177,-57,68,5612,-8712,11540,-48,146,-178,-12524,4484,8120,-998,77,-30,-12468,-7208,7788,-469,140,-146,0
3375.5924339294434,6408,8128,11792,-164,-47,73,5596,-8608,11772,-35,141,-173,-12272,4408,8284,-769,54,-79,-12424,-7220,7668,-471,143,-138,0
3375.626153945923,6172,8096,11704,-171,-18,103,5472,-8540,11636,-32,151,-172,-12228,4296,8040,-1032,69,-43,-12328,-7372,7584,-491,109,-135,0
3375.659565925598,6276,8052,11844,-199,-42,92,5596,-8656,11324,-44,159,-182,-12204,4352,8144,-1002,74,-47,-12244,-7212,8076,-471,134,-123,0
3375.6930451393127,6232,8072,11828,-202,-63,125,5568,-8636,11752,-16,157,-183,-12352,4380,8164,-1001,92,-60,-12300,-7256,7708,-485,149,-87,0
3375.7264111042023,6200,8168,11840,-218,-48,136,5484,-8604,11688,252,133,-200,-12184,4400,8024,-1008,114,-119,-12136,-7264,7804,-502,176,-60,0
3375.759828090668,6200,8052,11896,-222,-114,183,5412,-8648,11708,-33,102,-217,-12228,4164,7936,-998,181,-148,-12296,-7308,7484,-505,229,-43,0
3375.7933740615845,6200,8136,11628,-218,-115,144,5400,-8588,11640,-33,107,-209,-12204,4436,8428,-1000,145,-159,-12460,-7260,7688,-476,201,-39,0
3375.827157974243,6136,8124,11888,-245,-133,168,5476,-8536,11592,-53,121,-218,-12228,4360,8124,-998,229,-85,-12312,-7216,7584,-447,213,-24,0
3375.8606150150295,6196,8148,11780,-259,-118,160,5424,-8608,11696,-29,127,-200,-12304,4332,8156,-980,189,-79,-12464,-7208,7580,-446,203,-21,0
3375.894017934799,6244,8076,11868,-270,-88,179,5532,-8620,11572,254,168,-178,-12088,4392,7884,-984,141,-100,-12332,-7364,7804,-478,168,-39,0
3375.9275040626526,6272,8064,11832,-310,-89,152,5536,-8652,11688,40,141,-182,-12348,4424,8188,-1032,157,-83,-12416,-7280,7440,-440,177,-41,0
3375.964401960373,6208,8136,11860,-239,-113,144,5672,-8560,11620,21,196,-194,-12260,4344,8132,-1025,153,-118,-12392,-7260,7596,-439,161,-44,0
3376.000121116638,6216,8108,12000,-293,-134,145,5584,-8692,11684,22,126,-240,-12272,4272,7976,-978,178,-180,-12376,-7200,7696,-430,221,-24,0
3376.0355751514435,6276,8008,11740,-280,-162,165,5516,-8576,11676,24,127,-187,-12040,4424,8184,-1049,178,-112,-12372,-7072,7656,-449,183,-55,0
3376.071109056473,6328,8028,11584,-507,-116,167,5616,-8476,11660,9,117,-177,-12048,4300,8088,-1020,192,-46,-12408,-7192,7692,-443,102,-40,0
3376.106250047684,6308,8076,11864,-235,-101,158,5504,-8560,11756,-14,139,-149,-12516,4364,8260,-1003,126,-69,-12392,-7248,7668,-431,117,-77,0
3376.1425449848175,6280,8088,11888,-239,-108,150,5500,-8652,11776,-20,130,-172,-12464,4252,8332,-1034,103,-64,-12372,-6968,7576,-450,137,-56,0
3376.1777250766754,6276,8044,11680,-231,-114,145,5588,-8648,11604,31,135,-197,-12308,4284,7912,-1042,139,-124,-12364,-7152,7644,-466,208,-53,0
3376.2134881019592,6188,7956,11764,-235,-165,131,5568,-8652,11656,46,119,-242,-12040,4356,8048,-1024,197,-83,-12320,-6920,7924,-456,208,-58,0
3376.249356985092,6364,7960,11892,-201,-162,159,5572,-8508,11604,30,86,-204,-12292,4396,7872,-1005,212,-158,-12516,-7240,7816,-450,155,-83,0
3376.2840960025787,6236,8032,11888,-230,-149,151,5508,-8648,11672,-2,88,-211,-12420,4328,8068,-1006,163,-94,-12420,-7148,7760,-456,145,-119,0
3376.3196671009064,6236,7948,11884,-219,-159,115,5564,-8632,11476,-5,145,-193,-12340,4456,7964,-1280,111,-101,-12352,-7184,7676,-476,173,-117,0
3376.3553681373596,6256,8028,11788,-197,-158,96,5576,-8532,11700,-8,137,-209,-12288,4112,8000,-976,109,-71,-12308,-7188,7676,-509,163,-113,0
3376.3907520771027,6168,8008,11852,-141,-121,69,5556,-8628,11732,-82,103,-231,-12172,4316,8020,-965,121,-73,-12488,-7148,7552,-517,137,-143,0
3376.4271011352535,6488,7912,11820,-130,-97,70,5640,-8556,11680,-28,104,-201,-12248,4400,8056,-1090,5,-88,-12268,-7172,7620,-502,165,-149,0
3376.4628190994263,6256,7980,11760,-141,-55,93,5588,-8520,11632,-16,141,-153,-12528,4208,8040,-1004,70,-48,-12424,-7312,7636,-449,108,-132,0
3376.497992992401,6452,8112,11988,-138,-15,70,5572,-8524,11620,-84,103,-204,-12420,4412,8096,-977,42,-99,-12476,-7080,7424,-513,107,-151,0
3376.5335719585414,6420,8104,11772,-130,-63,75,5668,-8552,11548,-83,174,-166,-12456,4268,7916,-1006,-246,-30,-12444,-7176,7492,-538,89,-187,0
3376.5688490867615,6364,8020,11920,-94,-26,46,5884,-8508,11648,-57,170,-142,-12308,4316,8024,-966,39,-56,-12412,-7204,7616,-501,61,-188,0
3376.6058189868927,6228,8004,11708,-138,18,64,5596,-8516,11656,-64,145,-104,-12296,4356,8076,-1000,45,239,-12088,-7324,7564,-512,65,-171,0
3376.6390709877014,6308,8008,11876,-94,1,75,5516,-8316,11656,-77,109,-124,-12288,4328,8012,-999,40,-2,-12280,-7164,7676,-536,92,-153,0
3376.672441959381,6288,8044,11880,-88,-253,68,5488,-8664,11636,-92,144,-134,-12348,4444,7936,-1002,45,-38,-12220,-7292,7872,-261,102,-166,0
3376.7060549259186,6248,8024,11984,-123,-46,79,5544,-8608,11640,-73,153,-166,-12280,4372,8064,-995,32,-129,-12272,-7228,7704,-509,121,-179,0
3376.739844083786,6324,8032,11844,-117,-39,44,5576,-8576,11688,-61,163,-192,-12272,4356,8076,-972,57,-104,-12296,-6944,7756,-497,134,-174,0
3376.773288011551,6276,7944,11788,-110,-71,52,5488,-8636,11548,-97,146,-196,-12176,4356,8340,-986,60,-71,-12288,-7136,7816,-523,122,-161,0
3376.8069310188293,6292,8116,11672,-123,-64,55,5556,-8644,11596,-69,133,-196,-12068,4244,8104,-993,65,-3,-12320,-7288,7696,-497,112,-143,0
3376.8404619693756,6260,8116,11612,-159,-47,92,5532,-8588,11508,-55,146,-194,-12220,4540,8236,-972,88,-70,-12368,-7224,7692,-472,129,-153,0
3376.8739030361176,6276,8068,11836,-166,-29,84,5592,-8608,11676,-67,153,-199,-12288,4356,8044,-964,37,-51,-12252,-7272,7508,-512,136,-167,0
3376.90748500824,6380,8216,11844,-145,-63,60,5536,-8568,11704,-64,154,-179,-12352,4372,8060,-1008,40,-59,-12136,-7372,7588,-501,116,-173,0
3376.9410679340363,6284,8096,11788,-167,-31,79,5528,-8504,11632,-25,166,-165,-12208,4300,8136,-1051,79,-27,-12172,-7288,7900,-468,143,-182,0
3376.9742250442505,6172,8112,11916,-154,-59,90,5488,-8668,11532,-20,163,-151,-12244,4116,8012,-1277,98,-57,-12412,-7196,7424,-476,157,-143,0
3377.0077741146088,6196,8048,11632,-169,-58,83,5472,-8568,11704,-40,169,-162,-12268,4356,8196,-986,61,-77,-12304,-7228,7764,-455,137,-132,0
3377.0409989356995,6384,8092,11776,-169,-62,87,5540,-8532,11760,-38,161,-152,-12192,4452,8156,-1001,108,240,-12396,-7364,7908,-479,161,-136,0
3377.0744240283966,6164,8072,11936,-154,-61,117,5500,-8548,11584,-54,167,-164,-12228,4152,8028,-987,124,-69,-12292,-7340,7728,-485,167,-121,0
3377.108127117157,6188,8192,11912,-168,-98,128,5512,-8668,11616,-35,156,-153,-12248,4352,7800,-992,139,-62,-12496,-7304,7620,-491,153,-114,0
3377.1416261196136,6184,7988,11804,-180,-71,92,5472,-8548,11756,-55,159,-179,-12292,4436,8140,-1015,127,-105,-12264,-7224,7680,-475,149,-126,0
3377.1750609874725,6348,8060,11692,-183,-71,102,5556,-8516,11732,-38,156,-189,-12292,4380,8076,-1001,113,-64,-12312,-7260,7476,-453,158,-105,0
3377.208477973938,6160,8000,11708,-175,-69,77,5608,-8900,11596,-22,145,-177,-12060,4368,8320,-981,63,-40,-12304,-7216,7868,-445,144,-96,0
3377.242166042328,6292,8060,11744,-201,-44,103,5548,-8600,11648,0,155,-153,-12360,4384,8108,-1012,116,-72,-12296,-7244,7680,-486,154,-116,0
3377.275852918625,6304,8020,11964,-234,-49,126,5472,-8644,11636,12,136,-153,-12300,4180,7996,-1032,140,-75,-12364,-7252,7912,-496,119,-96,0
3377.311933994293,6268,8136,11884,-204,-83,147,5508,-8620,11660,-31,140,-160,-12304,4368,8120,-989,124,-91,-12384,-7228,7828,-467,175,-89,0
3377.3459420204163,6148,8092,11960,-195,-81,142,5392,-8580,11644,-11,118,-197,-12340,4348,8012,-1023,150,-85,-12528,-7316,7736,-473,202,-47,0
3377.379534959793,6180,8076,11716,-231,-130,157,5508,-8768,11480,-253,162,-206,-12276,4360,8108,-1020,155,-120,-12400,-7272,7756,-461,224,-60,0
3377.413177013397,6252,8136,11860,-264,-130,166,5444,-8504,11692,-41,114,-212,-12232,4416,8128,-993,188,-108,-12372,-7308,7612,-442,181,-66,0
3377.4468300342564,6312,8008,11876,-218,-88,157,5452,-8892,11388,-27,136,-204,-12224,4408,7956,-1012,166,-61,-12392,-7220,7728,-483,167,-46,0
3377.4802780151367,6284,8008,11620,-281,-102,177,5376,-8668,11648,17,119,-171,-12276,4400,8088,-1027,121,-131,-12340,-7228,7656,-454,189,-63,0
3377.5138640403748,6320,8068,11692,-236,-100,186,5592,-8508,11740,9,77,-188,-12284,4336,8372,-984,157,-120,-12380,-7380,7512,-455,166,-42,0
3377.547450065613,6288,8020,12024,-247,-97,146,5536,-8636,11552,-23,148,-189,-12248,4532,8108,-993,150,-117,-12396,-7280,7732,-498,208,-65,0
3377.58105301857,6364,8048,11992,-260,-118,176,5604,-8536,11472,12,86,-191,-12340,4332,8156,-1036,162,-100,-12392,-7200,7696,-451,175,-55,0
3377.614403963089,6256,8000,11768,-245,-124,166,5500,-8592,11956,13,125,-162,-12380,4364,8100,-769,173,-35,-12412,-7276,7780,-443,98,-82,0
3377.651365995407,6344,8080,11828,-247,-115,158,5432,-8568,11572,-252,116,-165,-12540,4520,8020,-1002,155,-60,-12300,-7192,7648,-446,85,-74,0
3377.68731212616,6284,8088,11736,-220,-52,124,5568,-8584,11264,250,118,-165,-12336,4272,8188,-773,120,-71,-12424,-7224,7732,-473,151,-90,0
3377.722232103348,6196,8016,11752,-203,-109,121,5528,-8604,11824,35,111,-214,-12336,4384,8016,-1021,134,-130,-12292,-7272,7564,-474,199,-62,0
3377.758199930191,6328,8048,11860,-247,-168,138,5512,-8556,11924,46,113,-508,-12324,4144,8232,-1018,123,-100,-12284,-7148,7716,-465,206,-59,0
3377.793633937836,6328,7940,11988,-215,-173,132,5512,-8452,11688,20,60,-500,-12320,4276,8056,-1023,190,-106,-12340,-7136,7628,-477,229,-47,0
3377.8296990394592,6272,7976,11928,-218,-169,148,5528,-8592,11648,16,113,-232,-12364,4368,8032,-990,176,-117,-12452,-6944,7924,-462,156,-82,0
3377.8646681308746,6212,7956,11812,-226,-138,159,5824,-8588,11660,17,120,-197,-12372,4596,8132,-1047,182,-102,-12420,-7200,7760,-477,142,-75,0
3377.9001519680023,6368,8044,11844,-226,-107,176,5636,-8596,11512,-13,101,-185,-12064,4564,7988,-1017,128,-92,-12340,-7140,7780,-483,132,-95,0
3377.935413122177,6176,7972,11860,-219,-155,156,5600,-8584,11708,-25,104,-208,-12332,4240,8012,-772,95,-68,-12432,-7088,7708,-498,139,-93,0
3377.970659017563,6340,7956,11720,-206,-107,128,5580,-8584,11628,-23,103,-185,-12316,4384,8068,-1007,98,-66,-12392,-6984,7660,-505,141,-94,0
3378.006063938141,6340,7992,11844,-190,-106,152,5592,-8668,11588,-27,96,-209,-12216,4264,7800,-1028,85,-75,-12352,-7356,7740,-511,133,-85,0
3378.042321920395,6368,7944,11796,-167,-138,161,5564,-8508,11756,-50,80,-186,-12352,4368,7956,-1011,113,-116,-12356,-7116,7692,-499,160,-104,0
3378.0775430202484,6332,8060,11700,-158,-93,115,5648,-8528,11408,-57,102,-197,-12340,4136,7988,-1035,69,-96,-12176,-7192,7520,-492,129,-161,0
3378.1135020256042,6636,8120,11724,-170,-55,89,5536,-8512,11308,-99,114,-192,-12304,4516,7836,-984,85,-107,-12428,-7404,7676,-518,119,-163,0
3378.1487810611725,6480,7980,11576,-162,-46,77,5712,-8572,11680,-84,147,-166,-12332,4580,7960,-1017,80,-48,-12360,-7192,7660,-523,124,-176,0
3378.1839570999146,6308,8164,11768,-162,-24,83,5572,-8616,11600,-31,137,-174,-12436,4272,8120,-1060,93,-56,-12340,-7264,7788,-495,128,-155,0
3378.2197880744934,6596,8024,11996,-159,-6,82,5500,-8704,11656,-44,142,-154,-12196,4320,8148,-1016,93,-37,-12376,-7124,7548,-503,113,-168,0
3378.2551331520085,6372,7992,11856,-120,-45,31,5540,-8608,11556,-93,167,-186,-12296,4296,8048,-982,45,-53,-12328,-7152,7692,-490,148,-194,0
3378.2916059494014,6164,7980,11936,-159,-63,63,5528,-8640,11544,-52,123,-152,-12300,4520,8012,-1024,44,-50,-12424,-7168,7664,-258,135,-139,0
3378.3251769542694,6472,8020,12000,-132,-31,103,5588,-8520,11640,-59,162,-131,-12276,4288,8104,-779,67,-12,-12364,-7216,7688,-493,102,-158,0
3378.358726978302,6248,7964,11600,-135,20,68,5596,-8620,11496,-55,154,-151,-12200,4408,8076,-1044,60,-59,-12520,-7256,7708,-499,116,-171,0
3378.392163038254,6212,7944,11788,-140,244,66,5460,-8560,11608,-80,148,-161,-12372,4360,8132,-1009,32,-62,-12064,-7244,7924,-516,89,-166,0
3378.4255549907684,6332,8100,11780,-116,-29,62,5596,-8580,11928,-52,159,-177,-12264,4352,8088,-981,44,-61,-12320,-7200,7620,-534,134,-145,0
3378.459543943405,6344,8052,11776,-106,-77,78,5548,-8536,11992,-20,188,-212,-12260,4304,7892,-994,84,-61,-12324,-7156,7720,-511,161,-153,0
3378.493086099624,6384,8072,11852,-122,-90,73,5584,-8496,11572,-55,145,-203,-12436,4572,8088,-969,111,-78,-12508,-7172,7652,-472,150,-169,0
3378.5267281532288,6412,8344,11660,-142,-87,86,5640,-8556,11824,-65,142,-184,-12080,4372,7988,-973,123,-46,-12392,-7308,7428,-486,152,-157,0
3378.5601370334625,6360,8120,12020,-169,-37,98,5536,-8312,11536,-72,154,-178,-12352,4456,8072,-1002,70,-59,-12472,-6940,7912,-485,142,-164,0
3378.5936529636383,6324,8064,11992,-159,-55,78,5396,-8544,11748,-34,162,-182,-12268,4232,8080,-778,91,-58,-12288,-7228,7656,-495,117,-163,0
3378.627315044403,6296,8036,11668,-130,-36,68,5500,-8548,11512,-47,170,-155,-12508,4348,8124,-1016,60,-12,-12364,-7288,7604,-508,155,-173,0
3378.660262107849,6204,8080,11816,-139,-45,60,5496,-8588,11652,-47,132,-180,-12180,4348,8200,-1000,68,-49,-12512,-7220,7920,-461,120,-157,0
3378.693822145462,6264,7940,11768,-170,-40,77,5532,-8600,11544,-43,143,-170,-12296,4304,8240,-1013,107,-101,-12316,-7204,7884,-482,152,-164,0
3378.7274229526524,6296,8068,11780,-142,-22,76,5392,-8544,11764,-41,153,-164,-12352,4340,8108,-1019,68,-47,-12388,-7184,7608,-495,143,-136,0
3378.760695934296,6360,8012,11712,-146,-49,54,5564,-8520,11628,-36,139,-188,-12104,4276,8388,-994,80,-25,-12300,-7224,7916,-468,173,-128,0
3378.7942221164703,6288,8108,11724,-156,-74,75,5508,-8496,11564,-29,126,-189,-12504,4308,7980,-1013,139,-53,-12268,-7196,7620,-467,136,-117,0
3378.8279891014095,6184,7984,11808,-194,-69,103,5520,-8580,11648,-50,150,-196,-12248,4572,8180,-1004,130,-82,-12304,-7220,7620,-477,158,-151,0
3378.8611121177673,6212,8088,11916,-164,-79,92,5588,-8660,11592,-59,120,-189,-12300,4168,8152,-1079,9,-29,-12076,-7256,7668,-464,123,-144,0
3378.894227027893,6304,7964,12024,-166,-37,108,5480,-8588,11692,-27,109,-155,-12304,4368,7716,-1004,-2,-48,-12432,-7248,7916,-528,103,-152,0
3378.9279370307922,6328,8176,11780,-116,-25,101,5536,-8580,11716,-37,109,-156,-12344,4104,8204,-1274,38,-6,-12272,-7336,7608,-257,79,-164,0
3378.961254119873,6176,8140,11824,-163,-47,80,5612,-8428,11656,-99,154,-154,-12056,4348,8088,-1004,38,-86,-12428,-7192,7732,-503,121,-156,0
3378.9948339462285,6240,8080,11792,-179,249,53,5564,-8548,11508,-59,102,-186,-12148,4372,8056,-999,78,-92,-12276,-7180,7696,-500,98,-149,0
3379.0285260677338,6316,8096,11752,-137,-68,97,5528,-8592,11680,-51,128,-138,-12252,4556,8336,-1033,98,-20,-12328,-7184,7596,-512,93,-144,0
3379.061600923538,6252,8080,11564,-156,-24,131,5712,-8544,11716,-63,102,-164,-12216,4132,8020,-986,81,-67,-12392,-7308,7932,-492,87,-129,0
3379.094829082489,6168,8080,11776,-168,-25,101,5500,-8576,11636,-91,134,-144,-12204,4364,8040,-990,81,-66,-12508,-7340,7896,-480,79,-158,0
3379.1284401416774,6212,8080,11768,-172,-13,79,5472,-8672,11748,-56,129,-177,-12180,4108,7960,-1005,62,-45,-12500,-7352,7564,-502,116,-129,0
3379.1616909503937,6308,8056,11820,-167,-74,97,5552,-8588,11608,-10,153,-177,-12272,4292,8140,-1009,138,-77,-12336,-7260,7652,-487,152,-134,0
3379.1953880786896,6240,8140,11960,-178,-39,115,5496,-8560,11572,-19,110,-205,-12260,4368,8140,-1013,140,-71,-12300,-7328,7672,-489,190,-88,0
3379.2291779518127,6224,7964,11852,-197,-102,133,5440,-8748,11604,-24,159,-189,-12180,4392,8188,-979,125,-111,-12456,-7284,7660,-464,139,-96,0
3379.262475967407,6280,8088,11828,-222,-38,126,5536,-8772,11400,-17,152,-193,-12232,4108,8152,-983,129,-106,-12264,-7264,7692,-451,203,-100,0
3379.295732975006,6272,8040,11880,-234,-83,119,5540,-8636,11772,-42,194,-186,-12228,4360,8196,-987,119,-77,-12372,-7220,7752,-464,189,-64,0
3379.3328330516815,6200,8100,11532,-223,-102,166,5536,-8628,11660,-29,141,-170,-12176,4340,8048,-1021,125,-118,-12036,-7180,7884,-459,167,-67,0
3379.368590116501,6196,8044,12004,-235,-95,144,5628,-8556,11720,-39,142,-164,-12184,4360,7968,-966,150,-123,-12232,-7200,7776,-476,217,-70,0
3379.4039230346684,6308,8048,12036,-250,-119,156,5472,-8604,11684,-33,168,-198,-12248,4384,8332,-979,136,-99,-12328,-7216,7724,-463,217,-85,0
3379.4398460388184,6280,8076,11764,-233,-105,151,5480,-8536,11616,-28,161,-218,-12508,4344,8096,-1276,184,-144,-12320,-7228,7584,-462,191,-24,0
3379.475186109543,6208,8044,11820,-246,-121,159,5624,-8632,11492,254,128,-192,-12312,4244,8100,-977,151,-112,-12340,-7248,7444,-475,190,-61,0
3379.5113220214844,6260,8080,11580,-246,-118,177,5480,-8580,11676,-8,116,-223,-12520,4216,8236,-964,135,-122,-12344,-7256,7668,-482,187,-69,0
3379.5471119880676,6228,8108,11760,-250,-109,150,5496,-8580,11888,8,148,-202,-12308,4540,8092,-989,154,-150,-12300,-7200,7628,-444,193,-73,0
3379.582461118698,6436,8120,11996,-231,-137,155,5580,-8608,11608,6,146,-235,-12544,4296,7920,-1013,185,-92,-12444,-7308,7612,-436,157,-51,0
3379.6179990768433,6320,8036,11532,-252,-80,158,5500,-8520,11648,-12,124,-169,-12268,4416,8144,-1006,181,-99,-12440,-7336,7896,-465,137,-72,0
3379.65371799469,6332,8076,11768,-251,-114,169,5608,-8540,11668,-247,109,-169,-12316,4408,8032,-777,125,-43,-12424,-7176,7576,-476,162,-49,0
3379.6894950866695,6304,7948,11708,-265,-139,164,5476,-8648,11608,38,148,-189,-12372,4284,7788,-1075,181,-81,-12364,-7240,7800,-452,158,-70,0
3379.724636077881,6316,7956,11556,-208,-113,143,5612,-8624,11624,-29,148,-193,-12272,4392,8240,-1004,155,-113,-12396,-7148,7680,-438,191,-114,0
3379.7602350711823,6260,8016,11888,-259,-125,96,5476,-8720,11644,20,110,-217,-12312,4304,8072,-984,129,-156,-12512,-7124,7672,-473,183,-105,0
3379.7957689762115,6436,8024,11884,-246,-104,168,5572,-8628,11424,33,122,-177,-12520,4116,8060,-1276,125,-83,-12520,-7236,7692,-478,118,-90,0
3379.831041097641,6272,8060,11756,-231,-82,172,5596,-8536,11656,35,141,-150,-12248,4320,8100,-1017,140,-68,-12092,-7096,7628,-438,127,-84,0
3379.8671350479126,6320,8024,11728,-243,-130,147,5520,-8616,11668,26,109,-180,-12236,4336,8008,-1046,96,-95,-12336,-7252,7804,-454,145,-101,0
3379.902271986008,6260,8028,11804,-185,-100,111,5512,-8656,11576,-17,84,-204,-12396,4284,8076,-952,82,-138,-12280,-7276,7648,-491,160,-96,0
3379.9377810955048,6308,7992,11680,-158,-140,133,5868,-8588,11504,11,81,-210,-12384,4352,7932,-1013,125,-126,-12460,-7124,7556,-456,200,-108,0
3379.9736449718475,6312,8048,11780,-195,-129,127,5584,-8544,11724,7,95,-217,-12316,4280,7940,-1018,120,-143,-12460,-7052,7628,-499,151,-91,0
3380.007157087326,6328,7952,11600,-164,-145,117,5564,-8452,11632,-15,74,-200,-12256,4520,8108,-996,114,-107,-12324,-7148,7628,-474,143,-105,0
3380.0406579971313,6152,7964,11796,-194,-109,120,5604,-8592,11804,-55,78,-203,-12288,4604,8120,-1007,128,-62,-12496,-7136,7568,-493,148,-132,0
3380.0738530159,6316,8016,11852,-161,-108,107,5520,-8608,11588,-27,135,-192,-12392,4356,8208,-774,95,-71,-12432,-6928,7668,-528,136,-94,0
3380.1071910858154,6360,8052,11660,-153,-75,79,5564,-8508,11608,-49,139,-175,-12256,4128,8416,-1025,89,-51,-12308,-7172,7620,-493,135,-133,0
3380.140172958374,6348,8004,11764,-114,-53,69,5540,-8484,11596,-76,126,-182,-12316,4256,8040,-991,95,-57,-12488,-7356,7624,-503,110,-149,0
3380.1736390590668,6332,7980,11564,-127,-37,57,5600,-8672,11596,-28,104,-189,-12344,4408,8092,-1040,92,-42,-12312,-7052,7712,-502,148,-166,0
3380.2071430683136,6248,8052,11824,-152,-59,98,5508,-8520,11568,-7,134,-159,-12344,4592,7948,-1064,103,-88,-12116,-7340,7452,-486,115,-149,0
3380.240776062012,6280,8072,11704,-96,-34,74,5496,-8492,11536,-37,115,-200,-12100,4540,7956,-985,145,-100,-12288,-7192,7556,-506,137,-154,0
3380.274253129959,6320,7964,11800,-96,-85,71,5812,-8452,11668,-95,126,-188,-12284,4396,8124,-958,-2,-120,-12444,-7256,7776,-512,158,-158,0
3380.307946920395,6292,8024,11684,-105,-93,94,5556,-8560,11548,-56,174,-190,-12300,4408,8064,-934,52,-68,-12488,-7160,7584,-507,100,-189,0
3380.3412470817566,6304,7944,11668,-139,3,71,5552,-8508,11704,-46,173,-151,-12296,4292,8172,-994,100,-42,-12276,-7220,7600,-482,90,-162,0
3380.374521970749,6368,7952,11672,-125,-254,108,5596,-8612,11684,-35,162,-131,-12528,4244,8408,-1011,86,-36,-12236,-7320,7616,-515,118,-174,0
3380.4079110622406,6280,8096,11712,-121,253,79,5604,-8568,11772,-52,163,-145,-12280,4344,8116,-980,46,-48,-12428,-7176,7632,-260,137,-163,0
3380.441406965256,6520,7960,11836,-118,-63,66,5528,-8596,11648,-34,177,-167,-12508,4252,8216,-984,18,-47,-12340,-7224,7680,-498,145,-176,0
3380.4748439788814,6268,8084,11916,-96,-77,38,5552,-8580,11536,-67,180,-190,-12352,4116,8144,-1012,75,-58,-12344,-7264,7724,-500,137,-181,0
3380.508213996887,6224,8100,12020,-124,-50,65,5584,-8548,11580,-51,163,-200,-12244,4408,8108,-996,110,-100,-12320,-7208,7728,-478,165,-138,0
3380.5416860580444,6268,8060,11756,-139,-90,94,5580,-8536,11692,-27,110,-197,-12268,4404,8040,-1001,74,-24,-12304,-7300,7740,-491,159,-149,0
3380.5747830867767,6368,8184,11804,-150,-86,91,5508,-8592,11308,-50,187,-166,-12188,4236,8232,-1012,108,-30,-12400,-7172,7668,-469,141,-167,0
3380.608201980591,6276,8064,11844,-166,-54,87,5568,-8592,11700,-32,168,-170,-12360,4376,7932,-1005,103,-70,-12372,-7216,7756,-473,105,-188,0
3380.641632080078,6360,8112,11656,-141,-62,70,5544,-8572,11692,-39,174,-168,-12444,4588,8404,-1008,86,-53,-12360,-7176,7748,-475,149,-176,0
3380.6749489307404,6316,8052,11688,-159,-68,68,5552,-8628,11584,-11,167,-169,-12196,4120,8056,-1015,71,-57,-12444,-6988,7436,-487,110,-160,0
3380.7083320617676,6280,8092,11640,-131,-38,66,5616,-8480,11684,-26,159,-167,-12208,4300,8064,-1014,104,-30,-12380,-7204,7696,-497,112,-146,0
3380.741861104965,6296,7996,11664,-143,13,102,5576,-8520,11680,-15,138,-156,-12172,4292,8048,-1011,77,-62,-12400,-7180,7652,-506,116,-154,0
3380.7754449844365,6292,8096,12024,-156,-44,100,5384,-8568,11300,-42,151,-178,-12236,4312,8136,-993,96,-79,-12328,-7252,7732,-491,138,-102,0
3380.8089010715485,6272,8044,11896,-178,-78,92,5564,-8520,11604,-68,122,-184,-12228,4428,8016,-1000,109,-52,-12468,-7280,7704,-476,129,-165,0
3380.842409133911,6244,8032,11520,-154,-39,77,5624,-8588,11660,-63,144,-185,-12488,4332,8444,-998,95,-43,-12328,-7388,7428,-495,173,-142,0
3380.8760221004486,6164,8056,11704,-160,-63,118,5576,-8632,11568,-58,158,-180,-12340,4420,8088,-986,54,-61,-12360,-7228,7772,-486,125,-135,0
3380.909471035004,6608,8048,11612,-151,-65,96,5604,-8576,11736,-44,124,-185,-12224,4332,7936,-1076,41,-67,-12340,-7280,7564,-471,91,-151,0
3380.9430050849915,6244,8092,11552,-197,-32,90,5460,-8620,11532,-55,135,-159,-12068,4404,8032,-1008,74,-50,-12236,-7284,7876,-480,113,-163,0
3380.976196050644,6228,8096,11660,-171,-41,107,5408,-8576,11568,-65,118,-161,-12208,4440,8140,-773,80,-247,-12076,-7148,7656,-497,122,-147,0
3381.01318693161,6152,8112,11660,-161,-48,82,5540,-8556,11656,-53,131,-177,-12308,4340,8156,-1017,66,-62,-12340,-7400,7736,-536,124,-105,0
3381.0486741065974,6320,8068,11752,-149,-61,103,5416,-8584,11876,-35,116,-169,-12172,4272,8140,-1021,54,-44,-12292,-7240,7732,-470,106,-109,0
3381.0837869644165,6280,8064,11652,-193,-51,95,5504,-8608,11532,-44,118,-173,-12120,4552,8240,-1039,80,-109,-12380,-7284,7804,-485,136,-146,0
3381.1191029548645,6264,7936,11892,-168,-71,127,5396,-8564,11656,-52,142,-181,-12492,4116,7980,-1275,112,-74,-12380,-7300,7664,-501,183,-125,0
3381.1539759635925,6272,8108,11544,-181,-64,114,5552,-8624,11616,-42,107,-178,-12336,4396,8220,-987,123,-133,-12292,-7408,7704,-483,160,-117,0
3381.1898601055145,6324,8176,11856,-180,-41,114,5568,-8552,11604,-18,145,-171,-12224,4316,8136,-955,117,-30,-12400,-7308,7916,-456,137,-104,0
3381.2250010967255,6236,8024,11764,-202,-75,93,5600,-8896,11684,-44,163,-195,-12312,4424,8156,-983,116,-82,-12300,-7168,7868,-516,135,-133,0
3381.2602760791774,6208,8044,11680,-232,-72,120,5556,-8600,11652,-16,138,-181,-12228,4344,8188,-1029,94,-77,-12408,-7236,7860,-490,165,-66,0
3381.2955789566045,5924,7956,11616,-178,-73,137,5556,-8604,11756,-64,149,-195,-12420,4264,8056,-770,145,-118,-12392,-7244,7604,-472,181,-64,0
3381.3316221237183,6264,8116,11964,-240,-66,107,5604,-8640,11720,-76,154,-214,-12256,4460,8144,-993,137,-123,-12220,-7200,7772,-468,231,-76,0
3381.366234064102,6176,8136,11700,-246,-90,128,5540,-8616,11784,-27,156,-166,-12316,4316,8428,-1027,149,-133,-12452,-7208,7724,-438,157,-63,0
3381.4019429683685,6300,8100,11660,-260,-36,149,5480,-8496,11452,-27,184,-136,-12260,4344,8132,-1038,186,-50,-12340,-7320,7740,-464,102,-35,0
3381.437613964081,6208,8032,11644,-267,-62,154,5588,-8632,11712,-26,181,-182,-12252,4352,8080,-996,139,-82,-12372,-7288,7656,-449,150,-41,0
3381.4728450775146,6172,8056,11796,-509,-64,131,5500,-8536,11712,-54,146,-154,-12256,4436,8036,-990,132,-119,-12312,-7248,7664,-483,189,-53,0
3381.508760929108,6372,8000,11624,-215,-128,157,5556,-8588,11440,-11,180,-190,-12484,4376,7760,-1098,247,-150,-12388,-7188,7652,-473,182,-87,0
3381.5440859794617,6256,8020,11844,-228,-123,154,5496,-8536,11680,13,122,-224,-12068,4284,8024,-1015,155,-163,-12380,-7188,7628,-479,211,-64,0
3381.58065700531,6316,8092,11660,-239,-171,146,5500,-8576,11632,-249,122,-228,-12404,4280,8224,-1012,192,-132,-12276,-7088,7680,-466,206,-62,0
3381.6153869628906,6316,7980,11796,-3,-76,154,5528,-8652,11708,3,150,-188,-12288,4300,8132,-1005,176,-69,-12464,-7176,7676,-452,178,-57,0
3381.6521470546722,6364,8060,11940,-231,-130,122,5608,-8728,11484,0,175,-164,-12204,4272,8104,-1273,134,-111,-12384,-7272,7716,-454,178,-66,0
3381.685534954071,6324,8064,11644,-240,-120,142,5488,-8580,11568,-255,169,-188,-12516,4320,7960,-1038,114,-138,-12424,-7120,7796,-478,167,-56,0
3381.7189450263977,6216,7996,11796,-235,-131,144,5508,-8560,11648,-19,109,-188,-12372,4116,8076,-1000,161,-85,-12384,-7268,7688,-461,153,-58,0
3381.7524859905243,6292,8064,11832,-224,-130,126,5480,-8536,11692,4,143,-223,-12504,4308,8060,-1002,153,-99,-12088,-7216,7860,-461,147,-62,0
3381.7862379550934,6228,8036,11532,-245,-140,139,5508,-8656,11576,-254,130,-204,-12308,4348,8116,-998,120,-117,-12432,-6996,7780,-466,155,-68,0
3381.819736003876,6256,7988,11704,-241,-106,171,5516,-8556,11624,18,116,-182,-12104,4276,8088,-1016,123,-124,-12384,-7104,7660,-466,155,-81,0
3381.8535029888153,6376,8000,11868,-229,-132,137,5696,-8604,11628,21,127,-208,-12260,4480,7832,-1024,123,-151,-12392,-7208,7536,-461,170,-97,0
3381.886981010437,6272,8072,11904,-232,-132,160,5564,-8472,11840,-251,108,-221,-12356,4336,8084,-1023,159,-97,-12308,-7240,7484,-472,175,-81,0
3381.920508146286,6356,7956,11776,-239,-145,149,5612,-8468,11588,-10,141,-195,-12240,4204,8068,-1001,169,-51,-12396,-7224,7452,-466,158,-85,0
3381.9542391300206,6488,7912,11904,-214,-117,157,5832,-8492,11732,-13,101,-199,-12340,4264,8112,-1046,102,-39,-12392,-7424,7848,-478,131,-83,0
3381.987776041031,6396,8024,11648,-223,-121,118,5608,-8616,11548,-5,105,-196,-12364,4292,8100,-1069,97,-98,-12512,-7400,7716,-499,121,-105,0
3382.0212070941925,6468,7984,11752,-209,-90,127,5576,-8572,11864,-5,86,-189,-12536,4256,8008,-1013,118,-89,-12496,-7228,7640,-438,128,-127,0
3382.0547609329224,6264,8052,11680,-178,-141,73,5596,-8500,11692,-73,155,-209,-12244,4364,8032,-1015,55,-68,-12464,-7192,7792,-500,93,-160,0
3382.0882489681244,6312,7968,11556,-156,-41,64,5580,-8616,11716,-51,141,-184,-12384,4348,8036,-953,33,-38,-12444,-7128,7584,-534,95,-175,0
3382.121696949005,6480,7684,11732,-127,-44,80,5448,-8460,11604,-29,108,-157,-12236,4352,8136,-1276,67,-10,-12364,-7076,7748,-498,106,-162,0
3382.154998064041,6292,8048,11872,-159,-10,114,5580,-8608,11668,-43,96,-136,-12516,4540,8104,-1012,114,-52,-12400,-7176,7640,-497,77,-149,0
3382.188780069351,6292,7696,11868,-135,-11,75,5556,-8548,11708,-69,143,-165,-12044,4576,7948,-1013,65,-56,-12376,-7424,7688,-508,125,-198,0
3382.2221620082855,6344,8028,11900,-110,-63,66,5540,-8584,12004,-65,160,-189,-12288,4348,8112,-1014,48,-50,-12056,-6988,7504,-530,155,-199,0
3382.2557311058044,6296,7744,11936,-90,-59,70,5500,-8672,11712,-50,123,-190,-12344,4272,8012,-1024,60,-46,-12528,-7424,7716,-498,145,-149,0
3382.289286136627,6324,8004,11564,-131,-60,73,5556,-8556,11616,-33,87,-212,-12292,4380,7956,-1009,91,-90,-12336,-7232,7760,-482,150,-139,0
3382.32732796669,6308,7984,11676,-132,-111,100,5572,-8572,11716,-45,123,-171,-12232,4416,8256,-1000,85,-52,-12528,-6928,7744,-490,106,-138,0
3382.3609840869904,6560,8064,11644,-171,-42,83,5880,-8584,11720,-55,148,-167,-12376,4300,8000,-1006,68,-37,-12376,-7260,7864,-504,148,-168,0
3382.394236087799,6316,7964,11876,-137,-69,68,5556,-8564,11684,-22,147,-190,-12056,4340,8316,-1031,30,-52,-12392,-7276,7556,-528,128,-146,0
3382.4279370307922,6156,8008,11548,-137,-82,86,5560,-8568,11596,-71,179,-157,-12224,4300,8224,-1019,76,-51,-12424,-7404,7904,-501,105,-149,0
3382.4611871242523,6352,8068,11888,-148,-67,72,5552,-8548,11672,-73,130,-182,-12316,4372,8140,-987,99,-46,-12528,-7252,7884,-474,111,-164,0
3382.494518995285,6268,7980,12008,-174,-52,80,5396,-8628,11664,-44,160,-173,-12356,4448,8012,-975,85,-8,-12388,-7232,7564,-489,138,-130,0
3382.528170108795,6288,8044,11800,-165,-48,86,5512,-8568,11544,-47,157,-162,-12196,4348,7964,-1013,77,-23,-12292,-7300,7680,-485,114,-152,0
3382.5617089271545,6280,8004,11900,-142,-39,103,5552,-8576,11688,-51,160,-157,-12284,4312,8076,-993,60,-89,-12040,-7212,7676,-477,131,-155,0
3382.59513092041,6224,7972,11556,-146,-81,88,5488,-8628,11740,-46,145,-186,-12212,4604,8124,-974,94,-81,-12320,-7240,7744,-497,146,-128,0
3382.6285989284515,6276,8060,11996,-159,-57,69,5472,-8584,11608,-51,145,-198,-12384,4156,7948,-968,88,-24,-12388,-7236,7760,-473,147,-139,0
3382.6615929603577,6332,8024,11780,-149,-99,81,5528,-8560,11680,-48,128,-174,-12504,4376,7728,-990,89,-55,-12296,-6916,7728,-486,131,-131,0
3382.6994459629054,6308,7940,11908,-164,-66,80,5464,-8560,11612,-20,175,-184,-12136,4320,8088,-1041,69,-49,-12276,-7304,7636,-261,146,-141,0
3382.7345271110535,6372,8060,11644,-167,-60,88,5596,-8256,11940,-13,156,-154,-12216,4292,8144,-1279,82,-15,-12312,-7236,7668,-475,99,-148,0
3382.7697219848633,6284,8068,11788,-145,-55,68,5620,-8644,11736,-84,189,-166,-12324,4300,8404,-974,53,-51,-12372,-6956,7744,-463,116,-169,0
3382.8050360679626,6172,7956,11816,-195,-38,63,5456,-8676,11616,-16,148,-199,-12420,4344,8188,-1014,86,-21,-12400,-7224,7732,-480,130,-138,0
3382.840836048126,6496,8020,11764,-161,-30,107,5592,-8576,11572,-17,155,-146,-12240,4284,8076,-1020,84,-33,-12496,-7264,7768,-451,99,-121,0
3382.8760800361633,6288,8108,11360,-190,-44,92,5516,-8568,11524,-54,130,-148,-12228,4340,8120,-1002,65,-38,-12528,-7288,7764,-484,106,-136,0
3382.9117951393127,6328,8020,12028,-187,-39,83,5520,-8548,11748,-68,155,-175,-12272,4364,8252,-1004,90,-91,-12340,-7312,7716,-476,135,-142,0
3382.948086977005,6304,8040,11892,-164,-47,84,5540,-8644,11776,-27,158,-166,-12256,4116,8176,-1007,53,-96,-12396,-7236,7704,-477,149,-130,0
3382.983104944229,6268,8004,11524,-177,-59,58,5540,-8664,11456,-50,148,-185,-12252,4116,8116,-1048,78,-67,-12052,-7176,7776,-466,130,-150,0
3383.018863916397,6264,8024,11872,-146,-37,68,5456,-8608,11636,-55,90,-193,-12232,4588,8016,-1034,59,-92,-12384,-7404,7712,-499,105,-123,0
3383.0539469718933,6392,8076,11864,-171,-68,99,5532,-8628,11536,-59,129,-166,-12236,4384,8016,-1009,72,-50,-12320,-7420,7484,-467,112,-124,0
3383.0896351337433,6300,8076,11916,-199,11,115,5560,-8592,11628,-43,159,-137,-12208,4376,8156,-1275,73,-78,-12320,-7172,7724,-526,145,-136,0
3383.1248180866246,6332,8048,11872,-197,240,114,5536,-8648,11576,-11,141,-164,-12168,4464,8100,-1035,79,-95,-12300,-7304,7664,-501,143,-100,0
3383.159908056259,6216,8096,11564,-198,-72,117,5556,-8528,11676,-30,137,-193,-12252,4596,8372,-995,91,-80,-12068,-7344,7740,-487,138,-113,0
3383.195675134659,6348,8024,11856,-193,-78,120,5576,-8688,11688,-34,144,-210,-12236,4348,8272,-984,73,-87,-12364,-7264,7772,-467,165,-115,0
3383.231178045273,6188,8056,11684,-219,-99,140,5464,-8600,11544,-19,96,-210,-12248,4348,8156,-990,89,-144,-12348,-7264,7852,-484,176,-82,0
3383.2662200927734,6280,8088,11968,-216,-99,136,5584,-8604,11560,-46,131,-198,-12212,4412,8388,-1267,139,-101,-12228,-7220,7688,-471,169,-64,0
3383.302178144455,6200,8052,11712,-240,-83,126,5560,-8628,11732,-47,120,-206,-12312,4124,8076,-982,156,-127,-12404,-7208,7464,-444,195,-57,0
3383.337799072265,6276,8080,11792,-233,-101,162,5536,-8608,11612,-49,145,-190,-12184,4100,7964,-998,143,-162,-12416,-7204,7752,-467,183,-59,0
3383.3712949752808,6280,8076,11848,-238,-100,153,5624,-8596,11624,-1,133,-193,-12288,4292,7996,-1029,213,-150,-12288,-7180,7540,-469,192,-13,0
3383.4048039913177,6372,8092,11864,-241,-132,162,5392,-8892,11628,8,130,-206,-12248,4316,8160,-1003,183,-104,-12336,-7312,7696,-450,212,-49,0
3383.4383080005646,6380,8036,11544,-507,-89,156,5600,-8484,11616,-8,129,-206,-12256,4296,8224,-1022,149,-67,-12504,-7216,7664,-445,119,-34,0
3383.471738100052,6336,7964,11648,-1,-66,131,5612,-8628,11704,-17,150,-161,-12260,4096,8388,-1016,143,-106,-12316,-7192,7668,-495,145,-49,0
3383.504909992218,6292,8000,11696,-267,-120,168,5532,-8568,11672,31,147,-185,-12236,4388,8064,-992,141,-141,-12308,-7348,7628,-461,176,-95,0
3383.5384669303894,6144,8020,11860,-202,-104,164,5464,-8604,11660,17,146,-197,-12240,4260,8208,-986,153,-85,-12340,-7392,7740,-473,166,-82,0
3383.572042942047,6328,7984,11984,-502,-125,129,5444,-8588,11664,16,161,-218,-12240,4284,7920,-976,143,-90,-12320,-7168,7660,-431,201,-49,0
3383.6055500507355,6236,8020,11816,-262,-148,129,5536,-8628,11648,26,123,-219,-12036,4404,8072,-1007,159,-129,-12436,-7160,7712,-446,166,-86,0
3383.638659954071,6172,7944,11772,-243,-123,177,5520,-8592,11624,10,123,-130,-12368,4272,7908,-976,163,-74,-12156,-6964,7528,-461,129,-50,0
3383.6717441082005,6148,8000,11876,-264,-119,164,5568,-8556,11644,15,140,-144,-12308,4268,8164,-1010,157,-67,-12268,-7272,7700,-438,118,-85,0
3383.7049441337585,6348,8004,11816,-240,-118,132,5452,-8616,11732,1,103,-198,-12340,4388,8128,-1007,145,-101,-12400,-6928,7796,-481,164,-62,0
3383.738664150238,6232,8088,11888,-222,-144,159,5564,-8592,11680,39,121,-222,-12280,4300,8096,-1001,133,-156,-12348,-7196,7700,-474,195,-72,0
3383.772222042084,6380,7992,11648,-191,-165,139,5500,-8580,11724,56,110,-222,-12108,4280,7776,-770,136,-124,-12384,-7136,7760,-472,243,-71,0
3383.805545091629,6152,7884,11748,-193,-179,163,5572,-8520,11652,24,97,-226,-12260,4292,8064,-1016,150,-114,-12392,-7208,7740,-476,177,-80,0
3383.839224100113,6356,7908,11716,-200,-201,154,5604,-8488,11764,-255,103,-230,-12404,4328,8032,-974,205,-83,-12296,-7280,7576,-454,163,-95,0
3383.8727860450745,6464,7964,11916,-212,-127,124,5480,-8604,11740,-23,110,-209,-12236,4280,8092,-989,125,-131,-12468,-7244,7740,-459,169,-117,0
3383.905811071396,6444,7776,11592,-193,-124,100,5576,-8644,11664,-37,160,-191,-12348,4356,7984,-989,105,-70,-12492,-7092,7664,-474,137,-142,0
3383.939558982849,6612,7980,11616,-149,-99,107,5564,-8576,11740,-68,137,-198,-12272,4428,8096,-1009,120,-22,-12292,-7116,7612,-500,131,-169,0
3383.9728450775146,6212,7936,11820,-165,-78,68,5592,-8508,11648,-40,141,-210,-12308,4316,8004,-1028,134,-82,-12412,-7132,7648,-509,121,-163,0
3384.0064799785614,6324,8040,11764,-139,-96,82,5472,-8572,11568,-30,132,-184,-12300,4392,7972,-996,102,-89,-12352,-6972,7780,-533,144,-158,0
3384.0399730205536,6448,8016,11732,-132,-69,72,5448,-8476,11808,-25,133,-157,-12256,4268,8040,-1065,73,-92,-12388,-7280,7668,-492,123,-119,0
3384.0734210014343,6332,7984,11756,-115,-65,95,5604,-8560,11696,-72,96,-166,-12352,4316,7768,-983,75,-29,-12420,-7140,7852,-526,136,-156,0
3384.1071190834045,6568,8024,11776,-114,-116,89,5604,-8648,11656,-61,80,-211,-12352,4100,7968,-1006,17,-41,-12348,-6928,7748,-484,137,-176,0
3384.1405930519104,6308,8088,11816,-139,-49,82,5540,-8680,11524,-75,128,-190,-12052,4128,8036,-991,33,-57,-12292,-7236,7812,-525,137,-194,0
3384.1739859580994,6428,8132,11736,-143,-50,72,5688,-8564,11724,-52,144,-163,-12304,4396,8164,-989,49,-34,-12396,-7212,7740,-502,86,-158,0
3384.2074151039124,6468,7968,11968,-124,-28,79,5560,-8572,11764,-72,144,-163,-12304,4324,8236,-971,39,-37,-12360,-7104,7756,-518,83,-187,0
3384.241007089615,6320,8000,11664,-144,-49,55,5532,-8576,11696,-69,156,-182,-12540,4168,8104,-1280,24,-46,-12340,-7228,7824,-525,134,-196,0
3384.2743821144104,6308,8056,11864,-125,-38,80,5484,-8456,11660,-50,131,-201,-12224,4576,8396,-1280,72,-30,-12336,-7260,7612,-498,103,-175,0
3384.3080439567566,6364,8084,11676,-103,-75,56,5552,-8552,11748,-63,136,-179,-12340,4296,8084,-1003,29,-75,-12484,-7208,7796,-476,125,-139,0
3384.3413779735565,6240,8020,11864,-182,-66,46,5520,-8616,11784,-56,140,-202,-12340,4416,8232,-979,44,-92,-12372,-7212,7628,-472,134,-136,0
3384.3792259693146,6400,8012,11820,-117,-29,76,5600,-8616,11560,-70,123,-137,-12160,4408,7984,-1031,53,-30,-12368,-7216,7776,-500,75,-147,0
3384.414060115814,6256,8028,11708,-138,-44,79,5564,-8640,11688,-86,115,-124,-12276,4420,8196,-1267,63,-47,-12284,-7220,7796,-515,65,-151,0
3384.449821949005,6452,8068,12224,-129,-20,60,5484,-8660,11616,-71,136,-131,-12316,4376,8244,-994,20,-27,-12524,-7292,7680,-544,102,-139,0
3384.484941005707,6320,8060,11544,-118,-27,104,5528,-8584,11668,-51,158,-146,-12180,4364,8156,-984,106,-87,-12420,-7192,7656,-517,120,-151,0
3384.5205121040344,6364,8060,11844,-118,-37,90,5624,-8512,11540,-39,144,-179,-12312,4232,8076,-990,130,-35,-12328,-7164,7780,-460,155,-124,0
3384.5556831359863,6256,8184,11640,-145,-80,90,5564,-8560,11532,-61,138,-179,-12240,4308,7956,-995,103,-103,-12300,-7256,7648,-472,171,-124,0
3384.591094017029,6344,8088,11796,-167,-139,100,5536,-8584,11696,-67,161,-194,-12324,4308,8160,-935,90,-55,-12416,-7232,7680,-474,150,-140,0
3384.6263761520386,6228,8068,11952,-148,-61,61,5596,-8584,11704,-25,166,-194,-12168,4384,8048,-1019,91,-56,-12536,-7200,7440,-479,166,-151,0
3384.662436962128,6340,8032,11760,-154,-79,56,5508,-8556,11656,-52,186,-185,-12256,4312,8120,-1279,109,-76,-12328,-7316,7844,-479,136,-140,0
3384.698522090912,6292,8096,11756,-153,-41,92,5556,-8596,11688,-42,179,-165,-12272,4388,8100,-991,89,-24,-12100,-7244,7504,-460,136,-143,0
3384.7337970733643,6312,8104,11568,-155,-86,30,5620,-8628,11752,23,115,-91,-12156,4372,7960,-994,109,-91,-12320,-7284,7728,-473,142,-129,0
3384.769240140915,6304,8076,12020,-167,-30,99,5456,-8664,11676,5,156,-168,-12232,4352,8204,-1030,105,-43,-12392,-7260,7588,-494,123,-126,0
3384.805030107498,6300,8104,11736,-143,-39,104,5524,-8552,11536,-32,135,-180,-12272,4184,8024,-1037,113,-55,-12056,-7288,7664,-488,145,-114,0
3384.8408141136174,6236,8080,11728,-155,-51,100,5552,-8640,11700,-17,144,-183,-12292,4352,8168,-1009,100,-50,-12340,-7196,7808,-477,181,-125,0
3384.876111984253,6576,8152,11660,-153,-48,117,5640,-8588,11624,-27,117,-174,-12528,4112,8048,-1013,111,-37,-12348,-7236,7744,-476,133,-102,0
3384.9117801189423,6332,8108,11816,-145,-31,112,5580,-8556,11620,-40,155,-174,-12208,4272,8248,-1012,84,-47,-12096,-7228,7648,-477,163,-128,0
3384.9462389945984,6368,8160,11992,-162,-71,126,5412,-8616,11660,-9,130,-172,-12084,4368,8320,-1014,122,-56,-12324,-7324,7776,-484,153,-118,0
3384.982032060623,6344,8012,11728,-204,-68,101,5544,-8568,11728,-20,155,-163,-12524,4588,7964,-1013,66,-117,-12324,-7328,7716,-450,148,-131,0
3385.0180151462555,6296,8108,11764,-225,-56,134,5540,-8556,11736,-45,127,-175,-12216,4416,8088,-1001,78,-94,-12316,-7268,7668,-438,126,-90,0
3385.051693916321,6272,8004,11848,-232,-89,139,5512,-8500,11656,-55,110,-168,-12292,4468,8104,-1049,65,-74,-12288,-7176,7860,-529,187,-87,0
3385.085047006607,6248,8020,11844,-214,-83,150,5484,-8584,11640,-16,103,-188,-12320,4400,8152,-1052,106,-87,-12340,-7288,7744,-477,193,-63,0
3385.118668079376,6340,8128,11816,-198,-38,144,5496,-8600,11656,-68,97,-177,-12320,4320,8232,-1038,105,-110,-12356,-7272,7724,-509,156,-46,0
3385.1518139839172,6324,8164,11792,-229,-65,123,5560,-8496,11608,-49,151,-168,-12240,4376,8212,-963,120,-131,-12332,-7236,7764,-471,184,-82,0
3385.1851730346684,6280,7944,11576,-272,-35,140,5636,-8596,11772,-8,101,-169,-12244,4364,7988,-1004,118,-80,-12372,-7176,7724,-474,136,-35,0
3385.218660116196,6304,8036,11944,-250,-58,162,5540,-8532,11532,-247,162,-126,-12256,4328,7928,-1043,151,-62,-12264,-7264,7620,-415,107,-70,0
3385.252273082733,6264,8108,11856,-262,-48,192,5568,-8560,11636,-25,131,-150,-12188,4320,8140,-1022,164,-70,-12532,-7212,7428,-453,119,-47,0
3385.28582906723,6328,8044,11828,-269,-102,141,5544,-8844,11600,-51,107,-164,-12264,4308,8124,-1006,108,-138,-12296,-6952,7836,-479,132,-79,0
3385.3193430900574,6324,8076,11864,-221,-110,142,5604,-8528,11676,-22,149,-205,-12528,4368,8008,-1007,122,-115,-12296,-7376,7756,-477,153,-63,0
3385.35284113884,6280,7936,11776,-223,-133,137,5516,-8656,11680,22,156,-217,-12276,4280,8004,-1021,177,-110,-12428,-7124,7868,-462,210,-73,0
3385.386057138443,6208,7960,11764,-230,-146,154,5568,-8548,11588,32,65,-237,-12292,4240,7988,-995,176,-116,-12108,-7312,7864,-440,221,-68,0
3385.4198899269104,6364,8136,11660,-221,-206,167,5620,-8616,11628,21,81,-221,-12328,4364,8136,-1020,209,-110,-12380,-7128,7676,-453,147,-60,0
3385.453423976898,6216,7976,11724,-213,-127,166,5388,-8616,11712,254,87,-213,-12316,4356,8152,-993,168,-114,-12292,-7196,7716,-481,178,-66,0
3385.486941099167,6548,8004,11956,-205,-150,177,5496,-8440,11804,18,134,-177,-12216,4308,7872,-1024,151,-116,-12380,-7252,7784,-458,170,-64,0
3385.5204739570618,6320,8024,11824,-227,-159,166,5608,-8548,11632,1,129,-178,-12492,4284,7936,-1000,134,-63,-12496,-6920,7716,-459,143,-79,0
3385.553936958313,6612,7960,11808,-214,-123,150,5488,-8576,11596,6,103,-196,-12324,4584,7972,-1015,176,-71,-12432,-7208,7548,-474,179,-78,0
3385.5876071453094,6340,7944,11884,-227,-143,139,5504,-8556,11624,27,115,-209,-12308,4384,8064,-1001,174,-138,-12540,-7076,7444,-479,165,-60,0
3385.621104955673,6352,8160,11596,-241,-171,157,5552,-8600,11544,33,132,-181,-12056,4416,7900,-1016,137,-134,-12108,-7392,7700,-494,177,-72,0
3385.6542780399323,6176,8016,11716,-217,-147,162,5560,-8524,11444,25,113,-209,-12244,4348,8024,-1013,151,-74,-12500,-7268,7848,-437,181,-75,0
3385.6878590583806,6344,8032,11940,-225,-174,143,5580,-8484,11592,5,152,-218,-12328,4348,8056,-1009,173,-106,-12344,-7156,7496,-467,217,-97,0
3385.7210950851445,6376,7912,11788,-202,-154,128,5520,-8616,11688,-14,84,-223,-12300,4332,8152,-1003,135,-132,-12448,-7396,7932,-472,188,-100,0
3385.754545927048,6148,7976,11600,-158,-130,115,5580,-8496,11648,-37,122,-213,-12072,4276,8024,-1008,95,-92,-12500,-6920,7428,-504,138,-130,0
3385.7881751060486,6424,8052,11748,-168,-82,92,5588,-8436,11680,-58,134,-173,-12308,4576,7724,-1009,115,-45,-12592,-6928,7712,-488,126,-141,0
3385.8217351436615,6440,8052,11928,-161,-23,84,5608,-8508,11908,-56,164,-150,-12332,4248,7940,-1009,135,-12,-12344,-7104,7684,-489,77,-143,0
3385.8552589416504,6480,7724,12016,-157,-44,83,5540,-8604,11696,-16,116,-128,-12232,4308,8120,-1057,34,-35,-12360,-7196,7664,-523,125,-157,0
3385.8885090351105,6348,8128,11988,-150,-66,105,5524,-8548,11504,14,133,-174,-12308,4268,8168,-1031,101,-84,-12356,-7172,7616,-258,139,-170,0
3385.9219729900365,6316,8024,11924,-81,11,69,5868,-8452,11680,-58,98,-190,-12364,4268,8112,-1030,105,-43,-12336,-7152,7712,-505,143,-188,0
3385.9555830955505,6148,7952,11992,-90,-78,70,5640,-8612,11616,-79,157,-192,-12040,4428,8080,-983,55,-61,-12312,-7228,7712,-480,148,-179,0
3385.989073038101,6580,7988,11796,-185,-48,85,5604,-8580,11636,-76,156,-152,-12320,4376,8072,-981,51,-53,-12380,-7192,7692,-492,121,-159,0
3386.0223729610443,6368,8040,11912,-140,4,77,5652,-8592,11884,-26,171,-116,-12428,4500,7844,-1075,45,-247,-12344,-7188,7716,-454,87,-163,0
3386.0598089694977,6384,8004,11968,-175,31,65,5560,-8552,11640,-77,143,-140,-12164,4560,8084,-986,1,20,-12340,-7152,7824,-509,77,-142,0
3386.094835996628,6376,8100,11660,-120,-45,54,5884,-8484,11588,-55,134,-158,-12328,4376,8096,-990,50,-106,-12524,-7212,7452,-513,120,-182,0
3386.1301259994507,6312,7968,11724,-100,-30,67,5576,-8536,11604,-120,109,-183,-12088,4252,8076,-993,47,-45,-12340,-6960,7428,-551,153,-147,0
3386.1652820110326,6524,8028,11812,-103,-79,87,5624,-8704,11732,-9,127,-186,-12268,4348,8076,-992,77,-121,-12336,-7184,7692,-497,129,-120,0
3386.2008550167084,6324,8032,11724,-109,-46,82,5508,-8512,11528,-71,87,-166,-12384,4260,8024,-995,91,-61,-12372,-7268,7756,-493,138,-163,0
3386.2356700897217,6468,8108,11836,-153,-70,105,5732,-8596,11696,-67,120,-169,-12280,4312,8028,-980,93,-72,-12300,-7248,7728,-472,120,-152,0
3386.271316051483,6340,7984,12004,-151,-39,87,5488,-8512,11644,-43,124,-164,-12416,4348,8000,-973,49,-40,-12376,-7196,7784,-508,123,-187,0
3386.306226015091,6228,8076,11776,-124,-16,91,5540,-8528,11596,-49,119,-162,-12300,4124,8056,-1012,46,-47,-12436,-7184,7804,-521,136,-147,0
3386.3419251441956,6356,8040,11780,-117,-58,103,5432,-8556,11508,-50,133,-188,-12248,4412,8404,-982,44,-4,-12312,-7248,7896,-501,99,-148,0
3386.378104925156,6208,8036,11876,-128,-64,69,5464,-8660,11748,-63,138,-174,-12260,4320,8124,-985,64,-59,-12312,-7216,7556,-489,135,-184,0
3386.4132759571075,6584,8088,11604,-151,-60,96,5540,-8548,11624,-65,128,-177,-12228,4408,8100,-967,71,-27,-12312,-7252,7556,-483,126,-157,0
3386.4489231109615,6404,8044,11740,-138,-63,102,5512,-8512,11692,-52,144,-169,-12060,4340,7980,-987,106,-99,-12536,-7208,7752,-269,157,-129,0
3386.4841589927673,6388,8112,11792,-146,-42,104,5868,-8640,11620,-38,131,-181,-12312,4388,8176,-1001,104,-66,-12088,-7264,7712,-504,131,-143,0
3386.519143104553,6316,8104,11936,-132,-72,85,5588,-8524,11760,-23,118,-184,-12292,4364,8048,-999,67,-80,-12432,-7260,7716,-490,162,-140,0
3386.5549399852753,6348,8096,11648,-158,-69,78,5564,-8584,11544,-72,148,-192,-12340,4260,8016,-994,85,-44,-12348,-7192,7876,-460,160,-153,0
3386.5901401042934,6364,8096,11736,-155,-36,99,5432,-8544,11768,-75,138,-177,-12272,4324,8136,-978,61,-82,-12352,-7276,7732,-484,128,-146,0
3386.62540602684,6148,8116,11756,-172,-58,98,5388,-8544,11692,-50,205,-158,-12264,4384,7948,-1013,107,-32,-12236,-7348,7724,-492,99,-139,0
3386.6605939865112,6252,7948,11828,-184,-46,113,5512,-8516,11672,-7,155,-159,-12192,4296,8128,-1047,104,-51,-12284,-7220,7804,-480,215,-147,0
3386.6968071460724,6064,8172,11836,-151,-69,79,5560,-8584,11644,-74,127,-171,-12292,4272,8184,-1280,101,-72,-12376,-7288,7880,-464,161,-129,0
3386.7299320697784,6332,8028,11988,-174,-58,71,5528,-8560,11640,-68,165,-170,-12444,4348,8272,-967,36,-57,-12208,-7228,7660,-482,161,-126,0
3386.7633950710297,6152,8084,11780,-216,-56,99,5504,-8688,11612,-36,160,-156,-12276,4124,7944,-1010,97,-56,-12324,-7160,7648,-465,148,-135,0
3386.7970011234283,6204,8076,11728,-150,-49,115,5604,-8528,11372,-58,148,-156,-12156,4348,8012,-1009,77,-251,-12368,-7248,7796,-474,102,-133,0
3386.8305480480194,6356,8184,11812,-185,-18,111,5536,-8572,11600,-52,126,-132,-12304,4336,8296,-1012,103,-54,-12052,-7288,7760,-466,102,-122,0
3386.8638079166412,6332,8020,11996,-206,-41,90,5468,-8680,11440,-54,177,-159,-12428,4276,7984,-992,99,-82,-12300,-7308,7896,-491,141,-109,0
3386.8972539901733,6312,8048,11612,-235,-38,115,5568,-8652,11532,-9,192,-171,-12280,4416,8064,-1000,72,-75,-12348,-7272,7732,-489,184,-90,0
3386.9307091236115,6268,8108,11536,-202,-91,134,5484,-8624,11552,3,156,-169,-12304,4372,8060,-1038,130,-71,-12508,-7300,7720,-473,184,-87,0
3386.964226961136,6184,8048,11840,-236,-77,134,5472,-8660,11680,-12,109,-198,-12268,4332,7980,-1035,129,-130,-12320,-7336,7696,-479,209,-80,0
3386.997740983963,6280,8048,11908,-227,-148,187,5544,-8576,11696,-41,106,-195,-12532,4272,7888,-999,143,-143,-12064,-7320,7768,-464,187,-51,0
3387.0312309265137,6276,8056,11684,-511,-71,141,5556,-8552,11528,-45,135,-196,-12528,4600,8392,-1041,86,-66,-12040,-7288,7712,-440,183,-62,0
3387.0643260478973,6288,7996,11832,-510,-86,140,5548,-8580,11660,-35,169,-176,-12160,4388,8136,-1019,98,-100,-12088,-7036,7780,-474,187,-81,0
3387.097883939743,6252,8044,11664,-275,-76,176,5180,-8588,11628,3,125,-158,-12292,4444,8388,-1045,156,-125,-12312,-7220,7616,-483,129,-15,0
3387.131448030472,6312,8088,11988,-265,-51,149,5520,-8568,11668,-21,128,-187,-12068,4288,8088,-1033,176,-129,-12396,-7416,7788,-471,178,-60,0
3387.165045976639,6324,8012,11928,-248,-83,149,5532,-8584,11632,-24,138,-194,-12128,4336,8152,-1004,130,-103,-12288,-7160,7600,-470,160,-70,0
3387.198719024658,6292,8068,11536,-251,-127,183,5580,-8560,11532,30,135,-192,-12192,4592,8124,-1005,145,-103,-12384,-7160,7652,-520,162,-77,0
3387.231851100921,6320,7996,11860,-237,-97,181,5840,-8592,11672,26,124,-175,-12264,4292,7956,-1273,142,-106,-12404,-7156,7668,-466,167,-48,0
3387.265216112137,6256,8008,11960,-241,-122,168,5580,-8540,11748,-11,111,-184,-12228,4600,8168,-1279,163,-113,-12416,-7220,7780,-456,141,-43,0
3387.2988390922546,6332,7712,11656,-236,-118,158,5492,-8532,11640,-23,118,-184,-12352,4540,8004,-1006,191,-77,-12344,-7192,7672,-461,164,-39,0
3387.3345849514008,6324,8060,12000,-243,-122,158,5600,-8604,11596,8,112,-170,-12384,4328,8056,-1008,118,-86,-12268,-7272,7660,-474,180,-67,0
3387.368646144867,6320,7948,11904,-218,-123,170,5580,-8560,11696,12,116,-180,-12240,4356,8036,-1000,161,-130,-12388,-7212,7692,-469,161,-59,0
3387.4020540714264,6160,8084,11716,-234,-132,146,5528,-8528,11520,25,111,-219,-12332,4328,7944,-988,148,-133,-12348,-7380,7704,-463,170,-73,0
3387.4358060359955,6348,8052,11872,-249,-120,186,5556,-8408,11632,252,89,-191,-12364,4380,8120,-949,193,-109,-12356,-7200,7736,-457,157,-43,0
3387.4692780971527,6392,7892,11764,-247,-144,165,5528,-8652,11728,28,106,-198,-12084,4572,8164,-1005,136,-79,-12332,-7160,7532,-510,189,-96,0
3387.502674102783,6156,7992,11664,-226,-154,168,5536,-8516,11760,51,111,-202,-12368,4292,8096,-1001,127,-91,-12404,-7296,7676,-456,160,-92,0
3387.5362350940704,6384,8028,11656,-191,-137,147,5848,-8524,11628,25,146,-211,-12268,4316,7772,-986,134,-57,-12420,-7196,7656,-447,153,-131,0
3387.5700631141663,6384,7920,11892,-237,-150,116,5592,-8636,11660,-6,140,-207,-12292,4116,8044,-990,129,-112,-12360,-7376,7736,-456,202,-75,0
3387.6037719249725,6468,7696,11824,-510,-154,135,5604,-8628,11548,11,118,-183,-12376,4328,7952,-998,104,-100,-12516,-7156,7700,-450,149,-49,0
3387.637181997299,6624,7876,11540,-202,-143,151,5624,-8488,11660,-14,137,-163,-12280,4256,8000,-1020,128,-81,-12416,-7200,7848,-430,130,-106,0
3387.670653104782,6332,7952,11640,-219,-72,147,5536,-8588,11748,-20,137,-174,-12280,4220,8040,-1276,143,-33,-12328,-7128,7804,-492,130,-110,0
3387.7037041187286,6376,7980,11772,-175,-119,125,5624,-8720,11640,-48,122,-177,-12288,4324,7964,-1009,88,-30,-12384,-7396,7900,-532,157,-130,0
3387.7413079738617,6396,7968,11656,-132,-82,69,5592,-8404,11648,-22,145,-182,-12276,4320,8136,-998,82,-87,-12384,-7368,7692,-518,177,-158,0
3387.7775049209595,6412,7916,11872,-166,-96,85,5880,-8584,11656,-23,121,-183,-12328,4328,8084,-1011,93,-95,-12392,-7104,7632,-496,186,-119,0
3387.8127291202545,6372,8004,11832,-165,-26,95,5552,-8552,11588,-28,96,-200,-12380,4228,7892,-1032,107,-69,-12324,-7208,7764,-471,116,-145,0
3387.847948074341,6624,8040,11944,-158,-63,78,5596,-8600,11708,-50,134,-167,-12492,4372,8036,-975,95,-45,-12332,-7152,7584,-499,133,-168,0
3387.8833730220795,6420,8020,11836,-125,-256,45,5588,-8556,11636,-47,166,-161,-12316,4304,8040,-1016,49,-113,-12320,-7100,7720,-489,148,-162,0
3387.918853998184,6392,7980,11748,-118,-43,46,5608,-8576,11664,-19,161,-180,-12364,4340,8112,-1041,68,-57,-12344,-7248,7692,-506,150,-144,0
3387.9541709423065,6368,7988,12016,-122,-55,75,5576,-8500,11712,-71,77,-193,-12296,4252,7740,-1054,45,-51,-12340,-7192,7652,-509,125,-159,0
3387.9901859760284,6396,8116,11944,-129,-19,63,5436,-8504,11732,-80,122,-197,-12268,4276,8064,-954,13,-76,-12328,-7160,7776,-498,91,-204,0
3388.0254011154175,6376,8012,11980,-146,-53,97,5536,-8608,11692,-73,118,-170,-12320,4328,8100,-1035,92,-44,-12420,-7252,7680,-753,126,-132,0
3388.061236143112,6384,7980,11660,-123,-60,82,5620,-8576,11620,-48,147,-180,-12260,4292,8044,-1010,99,-77,-12336,-7272,7460,-542,111,-150,0
3388.0962250232697,6168,7960,11788,-114,-34,82,5592,-8648,11700,-48,106,-185,-12088,4180,8024,-1000,76,-71,-12388,-7264,7696,-534,131,-153,0
3388.132038116455,6304,8000,11612,-115,-54,105,5400,-8532,11480,-44,118,-190,-12316,4344,7980,-988,72,-86,-12380,-7152,7584,-494,119,-161,0
3388.167592048645,6344,7948,11764,-124,-58,75,5604,-8536,11644,-64,121,-188,-12196,4256,8056,-973,56,-95,-12376,-7280,7640,-484,129,-148,0
3388.2037761211395,6348,8040,11984,-154,-37,78,5660,-8520,11612,-48,145,-165,-12240,4556,8152,-1006,107,-53,-12064,-7232,7692,-499,98,-150,0
3388.239567041397,6424,8032,11628,-177,-39,94,5508,-8532,11584,-68,151,-176,-12328,4316,8196,-996,66,-45,-12328,-7200,7828,-534,128,-148,0
3388.2746720314026,6340,8008,11812,-131,-64,76,5568,-8484,11768,-22,131,-166,-12240,4596,8076,-1018,49,-55,-12288,-7244,7780,-510,109,-165,0
3388.310254096985,6588,8128,11636,-131,-24,57,5556,-8520,11572,-35,143,-191,-12260,4332,8088,-1019,51,-50,-12412,-7232,7632,-494,88,-164,0
3388.3452730178833,6364,8028,11704,-144,-67,47,5512,-8548,11664,-73,163,-158,-12304,4360,8108,-971,25,-89,-12320,-7312,7656,-478,115,-150,0
3388.3810760974884,6360,7984,11740,-182,-16,59,5396,-8616,11592,-44,174,-165,-12264,4412,8112,-993,89,-43,-12248,-7212,7440,-493,112,-167,0
3388.414451122284,6424,7752,11740,-133,-47,89,5548,-8600,11676,-46,150,-133,-12244,4256,8188,-1002,96,-45,-12376,-6984,7720,-476,125,-165,0
3388.448082923889,6428,8024,11964,-169,-28,115,5528,-8552,11628,-76,145,-171,-12272,4280,7896,-1007,65,-95,-12300,-7272,7736,-479,127,-169,0
3388.481343984604,6232,8168,11572,-149,-50,91,5628,-8600,11740,-59,165,-174,-12140,4348,7988,-1011,65,-71,-12360,-7208,7744,-476,127,-158,0
3388.514946937561,6388,8060,11628,-147,-69,76,5596,-8644,11600,-39,195,-190,-12228,4196,8216,-1004,94,-42,-12484,-7248,7556,-487,160,-164,0
3388.5482120513916,6332,8044,11656,-158,-61,102,5604,-8548,11736,-15,172,-190,-12156,4384,8364,-988,108,-55,-12456,-6956,7912,-480,175,-131,0
3388.581680059433,6248,8140,11588,-170,-49,94,5488,-8540,11468,-17,118,-188,-12092,4408,8120,-1022,141,-105,-12244,-7348,7808,-486,140,-100,0
3388.615214109421,6316,8064,11636,-159,-75,120,5648,-8604,11676,-41,145,-166,-12272,4112,8056,-1014,127,-57,-12356,-7228,7736,-463,131,-113,0
3388.648404121399,6268,8216,11664,-194,-57,105,5592,-8576,11468,-23,161,-181,-12308,4404,8132,-1002,114,-87,-12432,-7100,7748,-473,136,-131,0
3388.6814069747925,6592,8052,11788,-151,-69,85,5612,-8548,11624,-32,153,-158,-12528,4392,8320,-1010,98,-114,-12264,-7412,7852,-474,165,-124,0
3388.714998960495,6560,8120,11740,-154,-56,114,5508,-8564,11672,-25,131,-177,-12180,4384,8248,-1001,61,-57,-12248,-7276,7700,-466,159,-133,0
3388.7482800483704,6296,8048,11816,-168,-51,108,5540,-8612,11596,-62,165,-168,-12248,4396,8100,-979,44,-50,-12356,-7256,7740,-467,125,-136,0
3388.7816820144653,6368,8052,11768,-158,-59,82,5468,-8588,11728,-47,155,-182,-12320,4336,8140,-1004,89,-64,-12368,-7176,7844,-474,122,-115,0
3388.815222978592,6252,8028,11524,-153,-43,98,5500,-8604,11600,-32,131,-156,-12228,4108,8280,-1075,44,-81,-12432,-7192,7856,-442,131,-170,0
3388.8486919403076,6344,8080,11944,-179,-25,102,5464,-8556,11652,-50,136,-170,-12264,4336,8108,-774,118,-95,-12324,-7292,7912,-492,151,-117,0
3388.8817899227142,6232,8032,11788,-192,-19,117,5540,-8596,11700,-44,131,-156,-12264,4352,8032,-999,45,-73,-12340,-7324,7760,-469,185,-131,0
3388.9153599739075,6320,8076,11764,-195,-46,123,5548,-8536,11620,-34,139,-172,-12188,4380,8080,-992,97,-70,-12308,-7224,7916,-499,154,-85,0
3388.948657989502,6320,8060,11652,-201,-48,124,5588,-8632,11696,-29,123,-192,-12300,4372,8192,-1027,107,-98,-12328,-7184,7776,-460,153,-109,0
3388.981815099716,6284,8040,11664,-209,-70,120,5384,-8520,11524,-20,163,-178,-12168,4416,8212,-998,126,-64,-12324,-7340,7844,-504,125,-102,0
3389.01543712616,6308,8092,11680,-225,-42,139,5472,-8608,11604,-58,155,-176,-12144,4588,8108,-996,119,-70,-12376,-7228,7756,-475,156,-74,0
3389.0489270687103,6368,7972,11824,-213,-35,159,5620,-8472,11632,-10,142,-215,-12212,4264,7888,-998,146,-145,-12304,-7264,7660,-484,168,-74,0
3389.0822701454163,6284,8024,11756,-249,-66,132,5540,-8488,11748,-35,140,-172,-12236,4328,8160,-966,120,-119,-12304,-7176,7744,-480,161,-67,0
3389.1159150600433,6300,8108,11624,-255,-66,126,5460,-8528,11644,-20,131,-170,-12264,4308,8264,-1017,116,-65,-12128,-7304,7816,-478,181,-50,0
3389.149287939072,6324,8008,11792,-262,-97,176,5472,-8616,11712,3,164,-199,-12260,4308,8152,-1280,149,-88,-12244,-7348,7772,-458,194,-53,0
3389.1825690269466,6332,8012,11860,-225,-74,115,5580,-8528,11588,-38,143,-177,-12252,4352,8116,-1271,142,-106,-12392,-7272,7848,-467,160,-68,0
3389.2161819934845,6232,8012,11772,-282,-103,132,5576,-8236,11768,-47,118,-197,-12352,4280,8076,-989,156,-126,-12296,-7212,7796,-465,168,-52,0
3389.249745130539,6404,8040,11748,-289,-47,132,5472,-8576,11656,2,122,-186,-12232,4104,7968,-771,140,-69,-12284,-6960,7496,-449,133,-48,0
3389.282768011093,6264,8024,11688,-252,-83,176,5572,-8596,11792,28,121,-145,-12240,4276,7976,-1020,164,-41,-12272,-7408,7776,-459,104,-41,0
3389.3164000511174,6364,8008,11868,-276,-79,143,5524,-8628,11596,-15,118,-148,-12216,4300,8216,-1031,128,-93,-12296,-7192,7628,-439,124,-72,0
3389.3499641418457,6296,8040,11792,-1,-107,163,5552,-8568,11592,251,137,-188,-12260,4316,8184,-1006,124,-99,-12392,-7220,7680,-476,166,-65,0
3389.3830800056458,6616,8052,11856,-204,-119,150,5508,-8508,11624,39,126,-199,-12276,4436,8124,-1279,194,-129,-12520,-7228,7476,-466,179,-38,0
3389.42093205452,6284,7980,11808,-506,-163,163,5580,-8560,11528,62,142,-232,-12260,4320,8168,-1031,201,-135,-12332,-7192,7928,-481,240,-34,0
3389.4561121463776,6156,7956,11868,-226,-210,152,5556,-8500,11716,17,91,-223,-12272,4264,8312,-1009,168,-128,-12400,-7176,7436,-449,186,-57,0
3389.491883993149,6304,8008,11808,-254,-184,158,5680,-8516,11624,36,130,-223,-12308,4320,8064,-966,185,-92,-12360,-7228,7764,-447,189,-39,0
3389.5274789333344,6308,7984,11672,-248,-143,124,5656,-8488,11680,27,136,-222,-12384,4248,8028,-1000,117,-84,-12364,-7056,7900,-460,213,-57,0
3389.563607931137,6352,8096,11716,-226,-174,141,5536,-8548,11700,45,110,-224,-12248,4272,8132,-1037,151,-125,-12448,-7132,7732,-467,196,-50,0
3389.5993621349335,6152,8016,11976,-235,-136,151,5504,-8464,11600,16,108,-201,-12328,4292,8180,-1009,137,-50,-12332,-7164,7584,-426,173,-85,0
3389.6342339515686,6148,7696,11596,-235,-142,124,5504,-8692,11608,-32,109,-196,-12340,4324,8088,-1011,147,-145,-12364,-7080,7660,-467,190,-112,0
3389.670328140259,6468,7928,11768,-187,-164,131,5608,-8508,11656,-12,121,-223,-12312,4224,8132,-1010,87,-117,-12120,-7144,7840,-481,168,-116,0
3389.7055211067204,6420,8068,11736,-160,-139,155,5512,-8552,11732,-60,105,-224,-12540,4284,7984,-1002,121,-75,-12344,-7240,7676,-538,162,-157,0
3389.741254091263,6460,7696,11536,-134,-112,124,5616,-8592,11600,-44,114,-204,-12484,4312,8032,-997,132,-57,-12388,-7236,7852,-492,153,-132,0
3389.777297973633,6444,7960,11676,-132,-71,92,5620,-8504,11616,-40,93,-183,-12348,4240,7776,-1098,67,-87,-12520,-7380,7744,-472,149,-145,0
3389.812159061432,6368,7988,11568,-172,-36,95,5548,-8612,11532,-33,124,-188,-12076,4116,8156,-972,41,-100,-12528,-7404,7428,-498,122,-177,0
3389.8480219841003,6320,8004,11700,-116,-33,70,5592,-8472,11716,-43,136,-183,-12260,4340,8316,-1047,88,-39,-12508,-7176,7436,-467,111,-174,0
3389.8833661079407,6416,8072,11540,-125,-253,52,5392,-8600,11724,-60,145,-155,-12356,4304,7960,-1016,76,-62,-12388,-7156,7560,-547,88,-178,0
3389.919345140457,6348,7924,11792,-139,-12,48,5616,-8540,11648,-40,132,-146,-12264,4368,8132,-1045,29,-51,-12376,-7232,7532,-528,115,-166,0
3389.955147981644,6276,8064,11908,-136,-61,104,5620,-8544,11872,-28,147,-178,-12284,4344,8272,-996,42,-57,-12328,-7196,7624,-491,115,-167,0
3389.990373134613,6256,8012,11792,-117,-30,74,5580,-8464,11680,-84,136,-180,-12204,4348,8096,-1010,94,-47,-12544,-7172,7692,-507,100,-171,0
3390.025157928467,6324,7992,11860,-165,-28,64,5464,-8572,11724,-77,134,-180,-12284,4404,8416,-964,81,-64,-12340,-7168,7700,-497,105,-130,0
3390.0619480609894,6448,7768,11672,-102,-21,78,5568,-8524,11472,-74,136,-119,-12460,4308,8084,-987,71,-252,-12492,-7292,7696,-482,95,-153,0
3390.0954761505127,6304,8076,11556,-158,-36,82,5604,-8500,11624,-80,144,-126,-12304,4332,8000,-983,62,-19,-12316,-7292,7484,-484,66,-162,0
3390.1293001174927,6216,7976,11744,-148,-13,81,5576,-8520,11648,-67,148,-167,-12212,4324,8104,-978,40,-44,-12540,-6916,7752,-768,103,-153,0
3390.162431001663,6380,8032,11872,-119,-40,70,5480,-8576,11672,-60,138,-175,-12076,4308,7988,-999,43,-74,-12348,-7248,7904,-497,112,-165,0
3390.1959891319275,6272,8060,11836,-93,-17,59,5568,-8540,11796,-24,159,-171,-12272,4276,7956,-1032,78,-82,-12280,-7200,7636,-496,147,-152,0
3390.2297210693364,6452,8076,11620,-170,-52,81,5524,-8456,11596,-27,149,-201,-12236,4300,8188,-1010,75,-46,-12308,-7308,7832,-488,175,-140,0
3390.2631330490112,6348,8076,11748,-117,-61,70,5440,-8664,11732,-65,126,-202,-12344,4304,8156,-987,83,-57,-12348,-7212,7716,-484,148,-124,0
3390.2985060214996,6360,7996,11668,-159,-72,101,5516,-8600,11660,-58,136,-169,-12164,4328,8088,-1005,93,-99,-12372,-7308,7916,-472,122,-156,0
3390.332277059555,6396,7968,11680,-135,-75,69,5536,-8524,11664,-43,171,-174,-12308,4412,8064,-1014,62,-46,-12368,-6916,7808,-469,166,-167,0
3390.3657970428467,6504,8060,11704,-180,-58,75,5620,-8608,11808,-32,157,-168,-12212,4396,7984,-1005,83,-68,-12340,-7376,7696,-498,140,-131,0
3390.399043083191,6160,8060,11748,-147,-49,96,5544,-8504,11664,-63,164,-171,-12232,4236,8212,-989,93,-44,-12296,-7196,7504,-502,123,-181,0
3390.432484149933,6368,7988,11824,-126,-66,64,5560,-8588,11688,-66,150,-184,-12276,4380,8200,-1000,58,-74,-12396,-7416,7724,-491,131,-149,0
3390.466057062149,6292,8084,11688,-184,-50,91,5580,-8588,11748,-37,151,-172,-12220,4416,8084,-975,116,-77,-12324,-7176,7628,-469,164,-126,0
3390.4998540878296,6284,8092,11848,-136,-73,83,5584,-8560,11528,-41,125,-182,-12212,4252,8080,-970,61,-28,-12388,-7308,7836,-503,168,-139,0
3390.5335190296173,6292,8052,11720,-160,-110,99,5552,-8488,11740,-43,146,-183,-12152,4368,8020,-994,103,-57,-12296,-7360,7812,-485,168,-120,0
3390.5671539306645,6448,8024,11960,-178,-101,103,5524,-8600,11672,-64,117,-193,-12084,4264,8120,-993,111,-95,-12320,-7216,7660,-467,157,-143,0
3390.6005029678345,6184,7996,11724,-162,-67,73,5504,-8608,11556,-41,149,-198,-12288,4596,7972,-998,72,-97,-12284,-7272,7716,-488,141,-117,0
3390.6336669921875,6256,8140,11712,-151,-83,83,5576,-8656,11744,-72,148,-167,-12220,4348,8112,-1003,97,-35,-12404,-7276,7644,-492,134,-122,0
3390.6672019958496,6392,8124,11804,-167,-47,99,5528,-8620,11620,-74,126,-165,-12300,4456,8008,-973,138,-47,-12380,-7116,7780,-472,113,-143,0
3390.7006361484528,6324,8068,11636,-165,-46,114,5476,-8676,11828,-53,165,-145,-12220,4400,8056,-981,99,-74,-12264,-7284,7696,-517,129,-127,0
3390.7342500686646,6276,7984,11632,-188,-71,84,5552,-8504,11724,-22,159,-152,-12320,4272,8048,-1034,88,-91,-12484,-7236,7428,-490,158,-133,0
3390.767888069153,6156,8100,11664,-186,-13,142,5548,-8660,11708,-19,139,-181,-12208,4524,7992,-1018,121,-65,-12324,-7200,7756,-458,148,-112,0
3390.8011751174927,6384,8016,11520,-204,-59,93,5584,-8616,11596,-30,198,-194,-12360,4276,8096,-1029,83,-50,-12364,-7280,7848,-455,181,-125,0
3390.834577083588,6308,8096,12024,-1,-14,91,5520,-8532,11648,1,178,-172,-12308,4464,8004,-999,89,-77,-12092,-7184,7780,-475,138,-89,0
3390.8682720661163,6352,8132,11656,-195,-51,130,5376,-8560,11696,-18,169,-157,-12304,4296,7992,-1017,82,-98,-12384,-7316,7496,-459,124,-84,0
3390.9015440940857,6256,8428,11604,-213,-49,123,5496,-8600,11680,-4,130,-178,-12212,4292,8044,-1084,91,-54,-12320,-7348,7680,-426,139,-101,0
3390.9352769851685,6256,8028,11692,-277,-53,119,5412,-8620,11536,-64,151,-189,-12272,4364,8172,-958,64,-108,-12356,-7212,7844,-469,138,-59,0
3390.968754053116,6316,7940,11884,-259,-87,114,5540,-8560,11540,-17,138,-195,-12176,4452,8300,-962,89,-100,-12308,-7284,7716,-473,214,-80,0
3391.0023300647736,6304,8020,11812,-220,-93,152,5480,-8648,11700,-254,95,-209,-12256,4312,8056,-994,114,-125,-12268,-7276,7756,-485,192,-26,0
3391.0359790325165,6280,8020,11776,-247,-68,175,5500,-8664,11756,16,102,-192,-12300,4348,8084,-1010,154,-133,-12300,-7220,7892,-460,172,-44,0
3391.0717120170593,6440,8092,11820,-265,-137,182,5520,-8508,11632,3,95,-197,-12196,4340,8080,-1010,196,-140,-12328,-7244,7760,-485,179,-34,0
3391.1078319549565,6244,7948,11708,-263,-111,170,5384,-8552,11536,-11,93,-186,-12036,4348,8336,-991,159,-146,-12356,-7240,7660,-491,150,-87,0
3391.1433811187744,6484,8072,11708,-242,-128,134,5612,-8604,11688,12,116,-187,-12288,4268,8048,-1018,148,-70,-12324,-7204,7628,-469,169,-69,0
3391.178735971451,6312,7980,11876,-249,-132,168,5560,-8560,11628,-9,139,-174,-12348,4548,8004,-1010,84,-102,-12316,-7268,7696,-470,153,-31,0
3391.21395111084,6300,8080,11828,-230,-101,134,5432,-8504,11700,14,121,-189,-12340,4592,8076,-1267,157,-79,-12348,-7044,7648,-442,143,-56,0
3391.249809026718,6404,7924,12000,-240,-112,141,5528,-8676,11624,25,137,-198,-12292,4580,8128,-1008,180,-132,-12324,-7252,7888,-430,152,-54,0
3391.284966945648,6348,7752,11804,-248,-151,153,5632,-8544,11740,33,118,-199,-12256,4340,8200,-1002,149,-121,-12244,-7196,7780,-485,176,-96,0
3391.32039308548,6368,7888,11780,-241,-115,165,5544,-8492,11684,25,117,-189,-12196,4300,8256,-1038,183,-107,-12316,-7240,7684,-474,175,-84,0
3391.3559350967407,6476,7964,11628,-217,-169,155,5384,-8488,11688,255,94,-200,-12044,4300,8076,-1005,158,-103,-12328,-6936,7772,-472,175,-66,0
3391.3912770748134,6416,8028,11752,-212,-142,146,5624,-8400,11636,20,118,-212,-12340,4172,8056,-1016,153,-143,-12540,-7220,7620,-484,155,-59,0
3391.427144050598,6604,8000,11672,-185,-165,153,5556,-8676,11576,25,107,-198,-12336,4332,8024,-1008,125,-69,-12452,-7192,7612,-465,187,-78,0
3391.4622700214386,6368,8032,11996,-226,-137,162,5568,-8480,11644,39,106,-212,-12352,4248,8092,-999,142,-76,-12400,-7340,7780,-459,156,-71,0
3391.498295068741,6440,7980,11664,-229,-115,151,5600,-8448,11584,-27,122,-187,-12264,4368,7968,-968,131,-88,-12368,-7192,7676,-448,159,-75,0
3391.5333161354065,6472,8160,11844,-239,-129,139,5536,-8632,11628,-5,139,-182,-12400,4132,8032,-1017,113,-130,-12508,-7172,7800,-490,181,-105,0
3391.568454027176,6396,7868,11616,-242,-164,131,5584,-8472,11516,17,127,-215,-12088,4380,8064,-1271,126,-119,-12268,-7268,7772,-459,175,-111,0
3391.6041691303253,6452,7964,11804,-173,-109,107,5600,-8464,11616,-48,164,-191,-12236,4316,8032,-770,104,-88,-12484,-7164,7740,-459,193,-109,0
3391.6396839618683,6160,7888,11772,-181,-120,87,5592,-8528,11636,-33,176,-196,-12276,4316,7988,-1005,116,-76,-12276,-7088,7600,-478,159,-134,0
3391.6748540401454,6352,7748,11768,-143,-96,88,5516,-8572,11564,-26,138,-166,-12244,4264,8040,-983,131,-21,-12400,-7128,7628,-477,82,-147,0
3391.711853027344,6652,8020,11656,-146,-36,115,5624,-8568,11764,-35,156,-129,-12388,4196,8040,-1015,117,241,-12384,-7300,7608,-498,98,-148,0
3391.7455661296844,6468,7828,11736,-169,-55,82,5768,-8540,11628,-52,128,-169,-12352,4364,8056,-1039,71,-59,-12296,-7052,7844,-497,139,-184,0
3391.779294013977,6384,8004,11844,-127,-48,46,5376,-8544,11596,-54,163,-179,-12236,4308,7996,-1017,33,-31,-12320,-7080,7664,-533,141,-184,0
3391.8127539157867,6380,7928,11664,-68,-55,79,5560,-8552,11768,-50,156,-197,-12052,4344,8160,-1006,89,-75,-12316,-7184,7684,-529,185,-176,0
3391.8462450504303,6424,7848,11760,-114,-68,70,5500,-8504,11624,-23,122,-195,-12212,4508,7952,-1011,142,-112,-12304,-7276,7620,-485,173,-121,0
3391.8797979354854,6160,8012,11964,-129,-27,103,5544,-8596,11564,-66,125,-188,-12252,4424,8440,-986,90,-44,-12340,-7124,7712,-461,144,-128,0
3391.9132220745087,6624,7928,11864,-159,-57,89,5516,-8508,11848,-62,134,-181,-12204,4296,8028,-961,102,-21,-12404,-7092,7724,-486,145,-144,0
3391.9470200538635,6648,8176,11592,-132,-62,54,5608,-8576,11628,-63,166,-183,-12300,4396,7912,-1277,45,-43,-12468,-7084,7908,-509,135,-165,0
3391.9804489612575,6468,7940,11752,-107,-51,65,5540,-8536,11572,-58,106,-177,-12304,4284,8240,-1029,25,-46,-12472,-7184,7776,-524,111,-161,0
3392.0139899253845,6572,8120,11736,-90,-20,58,5640,-8516,11588,-76,154,-187,-12496,4268,8008,-1008,66,-87,-12396,-7224,7672,-474,116,-152,0
3392.0476191043854,6460,8040,11760,-117,-33,72,5540,-8544,11580,-93,110,-158,-12240,4244,8032,-991,63,-74,-12332,-7144,7644,-541,110,-174,0
3392.0811750888824,6276,8040,11876,-110,-32,65,5568,-8620,11748,-48,123,-163,-12352,4324,8096,-991,29,-48,-12440,-7168,7672,-758,115,-149,0
3392.1145629882812,6372,8096,11816,-104,-22,92,5584,-8560,11596,-67,117,-162,-12232,4256,8144,-980,74,-56,-12348,-6928,7792,-513,85,-137,0
3392.1481940746307,6420,8080,11684,-124,-53,82,5584,-8560,11524,-42,126,-140,-12312,4232,8136,-1044,115,-35,-12340,-7292,7676,-492,93,-128,0
3392.1817679405212,6392,8092,11732,-109,-76,72,5588,-8536,11596,-60,99,-216,-12052,4340,8196,-1017,83,-96,-12440,-7192,7864,-501,124,-177,0
3392.2153289318085,6428,8088,11564,-121,-48,70,5536,-8496,11580,-59,121,-155,-12320,4260,8100,-997,52,-80,-12400,-7156,7660,-492,141,-180,0
3392.2489669322968,6272,8020,11680,-108,-61,50,5652,-8592,11644,-81,167,-177,-12044,4096,8112,-961,61,-56,-12320,-7200,7776,-495,113,-184,0
3392.2826061248775,6284,7996,11624,-120,16,65,5536,-8504,11620,-74,120,-147,-12376,4324,8320,-984,44,-37,-12344,-7216,7656,-496,63,-143,0
3392.316190958023,6328,7984,11812,-161,-42,83,5512,-8540,11636,-54,160,-157,-12208,4368,8244,-1017,53,-49,-12276,-7204,7684,-516,126,-173,0
3392.3557989597325,6352,7992,11776,-142,-48,94,5584,-8552,11648,-17,125,-183,-12184,4120,8376,-1020,91,-13,-12276,-7232,7756,-480,100,-110,0
3392.3892109394073,6332,8164,11720,-126,-70,77,5592,-8608,11524,-76,146,-167,-12268,4400,8228,-984,33,-49,-12396,-7260,7428,-488,116,-170,0
3392.4227080345154,6348,8080,11724,-174,-58,42,5512,-8520,11808,-75,174,-180,-12196,4328,7888,-964,42,-65,-12304,-7240,7836,-469,132,-137,0
3392.4563550949097,6320,8060,11548,-157,-25,69,5548,-8576,11548,-54,145,-185,-12260,4392,8248,-1010,78,-56,-12444,-7308,7804,-467,127,-152,0
3392.489695072174,6336,8084,11552,-151,-42,92,5564,-8524,11700,-36,119,-176,-12268,4288,8400,-770,55,-20,-12208,-7308,7640,-478,101,-160,0
3392.5233831405644,6280,8020,11820,-157,-5,75,5508,-8588,11580,-59,171,-156,-12524,4572,8036,-978,26,-67,-12284,-7180,7808,-492,79,-178,0
3392.5569550991054,6280,8084,11764,-154,-44,59,5528,-8580,11612,-79,165,-170,-12244,4264,8228,-995,32,-119,-12268,-7284,7676,-488,124,-136,0
3392.590136051178,6268,8064,11584,-125,-40,80,5500,-8524,11688,-51,169,-180,-12268,4536,8148,-1002,86,-92,-12292,-7176,7692,-476,156,-165,0
3392.623712062836,6432,7992,11600,-155,-74,108,5580,-8292,11532,-12,128,-188,-12232,4160,8288,-1019,149,-52,-12240,-7376,7684,-470,161,-137,0
3392.657087087631,6392,8032,11860,-138,-51,105,5616,-8580,11756,-20,197,-210,-12248,4360,7980,-1039,94,-60,-12276,-7344,7796,-464,178,-120,0
3392.690290927887,6336,8076,11784,-177,-67,97,5692,-8568,11680,-31,149,-152,-12272,4312,8092,-958,103,-70,-12284,-7224,7740,-480,129,-126,0
3392.723798990249,6320,8052,11828,-168,-25,77,5568,-8660,11724,-46,146,-158,-12184,4348,8076,-1008,94,-62,-12052,-7200,7688,-489,168,-155,0
3392.7606229782104,6268,8120,11828,-197,-49,117,5456,-8568,11524,-35,138,-147,-12200,4408,8156,-1018,89,-35,-12516,-7268,7724,-473,136,-89,0
3392.7960820198055,6300,8060,11700,-179,-75,115,5424,-8612,11620,-38,168,-158,-12276,4384,8336,-996,110,-44,-12272,-7276,7776,-479,146,-112,0
3392.8318009376526,6276,8000,11992,-188,-36,108,5552,-8560,11632,-13,168,-189,-12048,4348,8048,-997,106,-73,-12204,-7324,7796,-474,177,-115,0
3392.867686033249,6300,8184,11908,-232,-58,106,5576,-8712,11816,-17,140,-169,-12220,4388,8120,-998,137,-126,-12240,-7220,7804,-463,180,-81,0
3392.9028689861298,6204,8032,11764,-229,-76,140,5528,-8640,11652,-15,131,-184,-12248,4296,8096,-1012,131,-128,-12532,-7272,7732,-467,190,-51,0
3392.9382030963898,6372,8100,11792,-251,-81,147,5584,-8560,11624,-32,142,-181,-12260,4552,8296,-1003,104,-132,-12224,-7196,7632,-466,194,-43,0
3392.973674058914,6304,8028,11724,-251,-69,139,5472,-8604,11684,-56,156,-219,-12196,4344,8116,-1001,137,-105,-12308,-7304,7848,-479,202,-82,0
3393.009472131729,6252,8080,11780,-219,-88,142,5484,-8580,11764,-19,151,-196,-12260,4364,8056,-996,122,-139,-12340,-6980,7708,-494,193,-77,0
3393.0445890426636,6364,8064,11672,-230,-81,156,5432,-8548,11628,-15,138,-189,-12240,4432,8144,-998,149,-109,-12272,-7288,7684,-483,177,-67,0
3393.0803451538086,6420,8080,11756,-240,-84,153,5572,-8528,11692,-13,133,-194,-12068,4304,8048,-770,170,-166,-12420,-7224,7724,-448,156,-46,0
3393.115693092346,6308,8188,11928,-248,-91,171,5500,-8576,11584,-30,135,-195,-12044,4256,7984,-988,188,-108,-12376,-7156,7688,-459,178,-49,0
3393.1509580612183,6444,8040,11700,-278,-118,176,5636,-8628,11656,-35,161,-172,-12336,4380,8044,-1019,133,-121,-12356,-7408,7872,-474,184,-53,0
3393.185918092728,6312,8064,11664,-272,-122,161,5624,-8564,11600,11,140,-200,-12068,4216,8244,-1039,153,-76,-12284,-7332,7756,-446,172,-83,0
3393.2213859558105,6276,8136,11660,-217,-75,152,5508,-8488,11528,12,146,-198,-12280,4280,8088,-1040,143,-89,-12496,-7228,7760,-466,182,-72,0
3393.2573940753937,6304,7964,11868,-2,-106,116,5588,-8604,11688,4,173,-198,-12052,4380,8072,-981,117,-109,-12352,-6952,7932,-469,166,-85,0
3393.2928659915924,6412,8024,11680,-9,-94,148,5516,-8544,11832,7,134,-190,-12388,4384,8080,-1051,133,-98,-12348,-7340,7776,-442,148,-70,0
3393.32852602005,6480,8096,12028,-266,-115,169,5384,-8684,11552,18,94,-163,-12316,4148,8280,-1016,149,-46,-12392,-7200,7708,-430,125,-78,0
3393.3635809421535,6320,8044,11796,-259,-107,138,5444,-8496,11824,-18,116,-181,-12060,4604,8000,-984,118,-82,-12528,-7292,7868,-478,140,-78,0
3393.4006719589233,6288,8008,11740,-245,-127,134,5456,-8536,11712,-31,107,-182,-12156,4364,8336,-1009,130,-112,-12316,-7332,7668,-490,157,-83,0
3393.4342370033264,6400,8116,11764,-192,-114,139,5428,-8596,11660,25,120,-191,-12300,4124,8004,-1279,156,-86,-12380,-7244,7692,-478,182,-74,0
3393.4679939746857,6272,7880,11924,-225,-158,162,5484,-8532,11768,32,130,-216,-12228,4336,8020,-1008,129,-87,-12100,-7140,7788,-463,170,-66,0
3393.5013389587402,6444,8044,11744,-214,-158,149,5556,-8472,11620,-256,71,-215,-12272,4264,8064,-992,129,-92,-12348,-7180,7928,-448,160,-57,0
3393.534907102585,6332,7916,11848,-245,-171,148,5600,-8540,11664,1,98,-199,-12284,4348,7948,-984,128,-107,-12400,-7352,7752,-469,178,-88,0
3393.568223953247,6404,7952,11772,-209,-121,139,5384,-8548,11584,45,109,-197,-12452,4300,7980,-1000,139,-105,-12384,-7276,7692,-477,169,-74,0
3393.6015551090245,6392,7996,11888,-224,-107,130,5728,-8532,11584,38,152,-180,-12336,4324,8088,-1023,124,-71,-12380,-7408,7640,-495,178,-59,0
3393.6351461410522,6368,8044,11940,-230,-120,115,5532,-8568,11716,245,100,-193,-12244,4244,8020,-1024,142,-86,-12072,-7088,7656,-475,141,-110,0
3393.668652057648,6488,8044,11716,-196,-121,135,5620,-8616,11488,-35,115,-191,-12068,4568,7760,-1003,84,-108,-12320,-7192,7812,-493,153,-108,0
3393.7018661499023,6624,7944,11864,-194,-127,125,5608,-8588,11624,-25,103,-210,-12536,4208,8088,-1028,105,-88,-12348,-7356,7668,-469,160,-128,0
3393.7355210781097,6432,7984,11720,-166,-111,146,5584,-8528,11600,-78,107,-194,-12208,4256,8104,-1019,120,-39,-12416,-7188,7628,-516,117,-167,0
3393.7691781520844,6564,8032,11680,-114,-98,94,5560,-8444,11624,-54,77,-206,-12340,4276,8160,-1014,118,-45,-12356,-7152,7704,-508,129,-121,0
3393.8024330139165,6464,7980,11576,-151,-95,94,5380,-8640,11680,-51,103,-206,-12272,4264,8112,-1015,94,-84,-12376,-7268,7788,-489,142,-133,0
3393.8361151218414,6372,7932,11972,-164,-63,110,5420,-8496,11624,-21,136,-173,-12296,4300,8008,-1026,63,-114,-12340,-7056,7752,-485,150,-154,0
3393.8697540760045,6452,7980,11608,-148,-50,109,5612,-8564,11620,-36,118,-171,-12056,4596,7936,-1040,78,-54,-12364,-7180,7828,-479,146,-163,0
3393.9030599594116,6428,8044,11964,-122,-50,62,5528,-8588,11812,-61,129,-181,-12272,4344,8120,-1017,94,-50,-12368,-7212,7836,-495,106,-159,0
3393.93660402298,6512,8008,11972,-118,-30,88,5604,-8476,11616,-69,128,-171,-12320,4416,8028,-1024,93,-47,-12440,-7400,7760,-497,103,-150,0
3393.9700081348415,6328,8164,11644,-142,-15,64,5840,-8592,11728,-36,214,-162,-12224,4308,8272,-1015,46,-112,-12500,-7404,7424,-487,147,-175,0
3394.003659963608,6636,8064,11600,-158,-52,85,5460,-8536,11608,-6,172,-187,-12232,4280,8124,-1057,95,-46,-12304,-7196,7656,-501,129,-181,0
3394.037388086319,6180,8052,11788,-137,-28,86,5580,-8600,11520,-86,168,-169,-12264,4316,8060,-999,77,-15,-12412,-7248,7772,-501,97,-155,0
3394.071004152298,6432,8004,11872,-196,-74,76,5640,-8668,11720,-46,130,-195,-12244,4572,8016,-964,62,-46,-12392,-7220,7440,-479,130,-145,0
3394.104475975036,6372,8072,11764,-177,-73,113,5512,-8504,11496,-53,132,-173,-12312,4344,8052,-1034,60,-32,-12400,-6952,7704,-491,96,-139,0
3394.1379239559174,6432,8104,11804,-159,-11,96,5592,-8588,11584,-57,146,-128,-12064,4112,7972,-1012,73,238,-12492,-6920,7480,-504,91,-148,0
3394.1716010570526,6432,7952,11752,-158,-44,89,5560,-8552,11764,-77,142,-167,-12260,4396,8244,-968,53,-24,-12384,-7204,7436,-505,119,-172,0
3394.2049629688263,6364,8008,11796,-167,-35,75,5580,-8544,11892,-63,156,-180,-12140,4340,8088,-996,29,-50,-12332,-7392,7628,-519,112,-156,0
3394.2384791374207,6356,8056,11712,-109,-34,66,5548,-8520,11660,-54,145,-177,-12228,4204,8276,-1000,74,-43,-12372,-7424,7740,-492,124,-164,0
3394.271924972534,6356,8016,11852,-158,-83,77,5564,-8612,11608,-26,127,-184,-12252,4320,8420,-991,79,-93,-12236,-7236,7820,-480,144,-143,0
3394.305458068848,6332,8024,11692,-132,-58,80,5576,-8528,11772,-76,86,-184,-12188,4380,8188,-986,97,-87,-12440,-7216,7776,-484,126,-144,0
3394.3390250205994,6348,7744,11584,-190,-66,103,5560,-8580,11332,-52,101,-185,-12240,4356,8184,-983,73,-37,-12412,-7240,7780,-479,117,-167,0
3394.372190952301,6344,7960,11740,-155,-62,97,5460,-8540,12000,-62,135,-176,-12284,4316,8332,-980,60,-76,-12340,-7192,7904,-488,136,-158,0
3394.405214071274,6412,7776,11732,-154,-58,90,5580,-8620,11536,-31,173,-169,-12524,4216,8300,-993,50,-61,-12380,-7240,7828,-476,133,-167,0
3394.4416420459747,6616,7960,11768,-145,-34,70,5464,-8512,11476,-44,162,-171,-12488,4360,8152,-967,66,-49,-12044,-7256,7476,-477,110,-141,0
3394.477676153183,6408,8020,11712,-149,-50,57,5536,-8632,11684,-59,157,-187,-12216,4188,8240,-959,69,-134,-12312,-7252,7668,-502,132,-149,0
3394.512596130371,6352,8060,11832,-188,-69,89,5596,-8540,11768,-42,157,-174,-12260,4332,8076,-1019,101,-45,-12228,-7264,7564,-482,125,-132,0
3394.54811000824,6188,8012,11700,-165,-46,110,5540,-8616,11628,-48,113,-179,-12060,4532,8068,-1013,88,-100,-12340,-7244,7768,-474,176,-122,0
3394.5831389427185,6308,7968,11680,-159,-91,108,5500,-8588,11496,-38,134,-191,-12280,4356,7812,-1000,80,-69,-12256,-7236,7784,-465,149,-151,0
3394.6188781261444,6416,8004,11700,-166,-78,104,5660,-8468,11700,-76,121,-169,-12096,4096,8276,-1005,114,-124,-12216,-7220,7744,-494,139,-150,0
3394.6540739536285,6308,7972,11612,-140,-89,115,5572,-8556,11564,-20,162,-198,-12260,4376,8144,-995,85,-49,-12396,-7212,7636,-481,156,-172,0
3394.6891989707947,6304,8064,11912,-175,-91,88,5616,-8516,11644,-34,149,-172,-12276,4300,8172,-980,77,-35,-12308,-7308,7488,-466,150,-170,0
3394.724184989929,6348,8160,11700,-182,-62,105,5568,-8452,11724,-47,136,-164,-12476,4300,8280,-1008,100,-43,-12336,-7180,7608,-482,106,-136,0
3394.759674072265,6640,7984,11608,-157,-78,92,5384,-8700,11712,-30,116,-151,-12236,4400,8196,-990,32,-28,-12040,-7288,7640,-257,138,-147,0
3394.7950069904327,6356,8036,11868,-187,-76,120,5448,-8608,11388,-13,133,-157,-12196,4280,8300,-771,85,-108,-12328,-7328,7860,-489,152,-127,0
3394.8303780555725,6292,8060,11728,-141,-72,84,5576,-8544,11660,-81,140,-189,-12296,4340,8124,-998,39,-38,-12260,-7180,7640,-480,140,-167,0
3394.8654720783234,6292,7888,11632,-177,-39,69,5580,-8656,11624,-73,139,-201,-12244,4568,8148,-956,72,-105,-12504,-7192,7772,-485,126,-134,0
3394.9009990692134,6328,8020,11724,-167,-22,82,5584,-8636,11576,-39,114,-170,-12324,4360,8152,-1031,109,-23,-12260,-7248,7712,-474,121,-117,0
3394.9362020492554,6256,8040,11804,-139,-22,128,5576,-8668,11596,-51,145,-127,-12260,4304,8216,-960,65,-47,-12264,-7216,7812,-507,113,-140,0
3394.972316980362,6256,8032,11740,-207,-14,97,5588,-8600,11536,-52,154,-160,-12268,4244,8092,-969,57,-62,-12540,-7236,7768,-460,136,-107,0
3395.0084590911865,6332,8024,12004,-213,-55,90,5468,-8556,11676,-17,205,-154,-12252,4412,8012,-1002,94,-112,-12256,-7140,7848,-440,141,-101,0
3395.0435490608215,6316,8004,11884,-204,-75,144,5500,-8660,11608,18,170,-194,-12236,4252,8176,-1000,104,-129,-12344,-7328,7548,-486,237,-49,0
3395.080884933472,6400,8068,11728,-241,-97,144,5592,-8576,11652,-14,89,-204,-12184,4440,8308,-1003,132,-91,-12328,-7236,7792,-475,239,-62,0
3395.114536046982,6192,8092,11964,-221,-128,163,5576,-8548,11644,-21,133,-195,-12248,4336,7836,-977,169,-140,-12388,-7212,7748,-483,193,-43,0
3395.148055076599,6268,8028,11684,-245,-61,150,5748,-8592,11588,-33,132,-183,-12224,4244,7944,-986,124,-115,-12160,-7296,7468,-479,195,-61,0
3395.181465148926,6356,8132,11564,-248,-70,132,5612,-8540,11560,-31,174,-179,-12372,4360,7988,-1012,103,-107,-12300,-7244,7764,-470,203,-55,0
3395.2150249481206,6148,7992,11732,-511,-69,158,5540,-8528,11600,-9,176,-183,-12156,4340,7972,-1252,161,-88,-12304,-7192,7688,-467,185,-54,0
3395.2483260631566,6340,8084,11532,-270,-79,139,5464,-8600,11756,-9,150,-176,-12492,4268,8088,-1013,164,-89,-12328,-7296,7744,-445,181,-51,0
3395.2818310260773,6604,8020,11560,-512,-103,166,5608,-8552,11608,-26,153,-199,-12232,4332,8076,-973,174,-123,-12432,-7252,7568,-467,183,-75,0
3395.315047979355,6356,8000,11616,-242,-117,147,5632,-8564,11748,255,118,-204,-12540,4336,8096,-1025,160,-163,-12368,-7236,7772,-475,187,-75,0
3395.3485701084137,6428,7964,11828,-248,-116,149,5584,-8528,11676,-10,128,-189,-12272,4276,8072,-1017,137,-86,-12504,-7408,7720,-464,164,-40,0
3395.3817961215973,6396,7992,11776,-250,-138,147,5540,-8660,11644,29,132,-187,-12256,4268,8096,-1033,150,-134,-12344,-7220,7744,-463,185,-44,0
3395.4152591228485,6380,8032,11852,-247,-102,168,5612,-8560,11692,10,122,-192,-12288,4292,8184,-992,177,-130,-12392,-7116,7788,-475,160,-70,0
3395.4487130641937,6348,8048,11852,-222,-139,162,5576,-8568,11596,17,92,-198,-12312,4300,7936,-1008,143,-109,-12356,-7204,7700,-474,140,-78,0
3395.4820749759674,6388,8000,11884,-222,-141,164,5516,-8528,11628,35,115,-194,-12276,4268,8064,-1273,169,-85,-12156,-7420,7612,-469,185,-47,0
3395.515599966049,6392,7952,11748,-263,-163,171,5512,-8548,11620,15,102,-204,-12256,4380,8108,-999,162,-72,-12300,-7300,7884,-444,185,-60,0
3395.5491950511932,6332,8024,11736,-249,-132,163,5584,-8568,11904,255,93,-200,-12304,4428,8204,-1271,169,-93,-12544,-7188,7748,-459,136,-47,0
3395.582664012909,6440,7968,11844,-248,-140,173,5548,-8588,11664,27,130,-199,-12300,4532,8084,-1046,124,-138,-12356,-7400,7752,-504,170,-65,0
3395.6160850524902,6292,8040,11640,-282,-188,157,5376,-8544,11872,50,122,-209,-12252,4152,8048,-1021,143,-98,-12540,-7124,7460,-449,137,-87,0
3395.6494500637054,6432,7980,11696,-189,-123,136,5628,-8460,11736,7,85,-192,-12184,4344,8044,-1279,111,-79,-12400,-7228,7448,-449,143,-90,0
3395.6829910278325,6456,7968,11912,-252,-123,123,5572,-8564,11696,16,139,-232,-12244,4292,7984,-991,101,-120,-12252,-7152,7732,-491,164,-94,0
3395.716721057892,6500,7856,12008,-264,-157,158,5596,-8592,11736,-9,101,-176,-12376,4292,7968,-1037,159,-72,-12332,-7144,7644,-476,101,-58,0
3395.7502429485326,6544,7936,11740,-213,-128,157,5592,-8492,11596,15,84,-165,-12276,4252,8140,-782,162,-89,-12540,-7424,7436,-460,156,-90,0
3395.7838270664215,6284,7932,11688,-242,-101,143,5628,-8588,11636,-16,131,-168,-12052,4156,8224,-1031,92,-77,-12272,-7388,7792,-476,140,-111,0
3395.8173880577087,6440,7700,11632,-173,-142,128,5604,-8528,11692,-49,124,-164,-12304,4292,8084,-980,39,-64,-12056,-6968,7628,-519,161,-135,0
3395.8512239456177,6376,7856,11772,-139,-119,109,5700,-8704,11528,-31,118,-230,-12276,4248,8092,-983,89,-79,-12336,-7108,7652,-766,153,-140,0
3395.884320020676,6144,8020,11716,-132,-109,84,5636,-8692,11300,-51,113,-203,-12404,4248,8060,-1002,114,-120,-12376,-7312,7804,-528,172,-153,0
3395.9176280498505,6436,7684,11656,-141,-67,109,5432,-8680,11372,-47,101,-195,-12352,4196,7860,-986,118,-56,-12316,-7352,7904,-454,144,-142,0
3395.951107978821,6460,7980,11892,-174,-64,113,5732,-8548,11628,-48,114,-194,-12416,4324,7996,-996,111,-34,-12528,-7364,7612,-470,116,-161,0
3395.984724998474,6644,7704,11540,-154,-52,79,5604,-8568,11716,-59,166,-169,-12392,4396,8144,-1017,73,-55,-12424,-7188,7728,-521,143,-179,0
3396.0182440280914,6468,7936,11540,-116,-74,65,5564,-8472,11636,-37,170,-168,-12296,4260,8064,-1015,38,-113,-12412,-7104,7704,-768,165,-167,0
3396.05188202858,6384,7928,11876,-99,-55,70,5532,-8564,11572,-65,166,-197,-12280,4272,8120,-1070,65,-87,-12260,-7404,7768,-490,112,-162,0
3396.0853719711304,6400,8016,11932,-128,-33,57,5604,-8528,11724,-43,143,-167,-12248,4368,8140,-1009,68,-76,-12308,-7164,7668,-480,114,-162,0
3396.1223690509796,6352,7680,11720,-127,-62,87,5516,-8524,11584,-83,154,-152,-12264,4548,8124,-1005,43,-41,-12372,-7220,7764,-485,132,-141,0
3396.1577529907227,6384,7964,11864,-149,-45,70,5540,-8500,11524,-68,151,-161,-12544,4364,8380,-1017,88,-64,-12288,-7240,7728,-496,128,-138,0
3396.1929309368134,6320,8064,11908,-129,-45,102,5644,-8520,11900,-52,131,-168,-12244,4276,8144,-984,72,-68,-12392,-6956,7704,-498,131,-158,0
3396.228682041168,6476,7992,11648,-132,-97,85,5572,-8692,11692,-83,129,-202,-12264,4544,8056,-986,90,-69,-12376,-7236,7768,-502,131,-166,0
3396.2636189460754,6400,8020,11800,-117,-105,65,5600,-8540,11604,-55,148,-193,-12312,4356,7940,-1001,83,-33,-12380,-7416,7748,-484,152,-159,0
3396.2999389171605,6528,7976,11788,-156,-58,60,5616,-8488,11536,-68,159,-192,-12396,4288,8012,-959,81,-89,-12408,-7412,7884,-486,112,-168,0
3396.3350260257725,6432,7992,11960,-130,-29,92,5376,-8644,11624,-84,158,-136,-12212,4336,8076,-1015,44,-23,-12384,-7188,7704,-496,110,-171,0
3396.370265007019,6192,7896,11812,-144,-12,64,5704,-8596,11976,-40,146,-145,-12516,4272,8084,-770,37,-49,-12304,-7192,7844,-489,127,-185,0
3396.4054391384125,6300,8064,11768,-106,-26,78,5496,-8512,11524,-58,141,-147,-12152,4108,8272,-996,43,-49,-12360,-7268,7828,-479,110,-153,0
3396.4407629966736,6376,8024,11828,-104,-45,82,5856,-8488,11692,-73,164,-170,-12040,4532,7960,-970,72,-51,-12336,-7300,7732,-476,122,-167,0
3396.4761970043182,6408,8044,11688,-166,-25,64,5572,-8696,11980,-46,166,-168,-12320,4264,8140,-1006,47,-254,-12408,-6952,7492,-458,123,-162,0
3396.5119309425354,6384,8036,11788,-130,-36,73,5592,-8596,11668,-55,162,-134,-12368,4352,8156,-1043,76,242,-12072,-7080,7756,-468,109,-145,0
3396.5478079319005,6460,8052,11692,-131,-11,97,5512,-8532,11596,-84,130,-169,-12220,4336,8160,-1011,82,-20,-12244,-7292,7668,-478,86,-143,0
3396.582659006119,6296,8048,11748,-145,-58,48,5580,-8404,11744,-74,164,-164,-12228,4556,8276,-981,48,-105,-12276,-7256,7704,-457,138,-135,0
3396.618591070175,6340,8020,11768,-147,-45,81,5700,-8512,11712,-77,160,-165,-12252,4340,8376,-1030,84,-78,-12384,-6948,7612,-514,158,-138,0
3396.653808116913,6484,8116,11992,-147,-42,69,5584,-8588,11300,-22,148,-210,-12164,4300,8052,-1014,93,-63,-12168,-7304,7704,-258,153,-124,0
3396.6906459331512,6356,8084,11672,-132,-61,78,5572,-8572,11632,-44,108,-198,-12060,4108,8400,-1024,86,-63,-12260,-7244,7784,-502,121,-124,0
3396.726040124893,6648,8004,11784,-154,-96,97,5384,-8620,11636,-57,120,-197,-12220,4268,8104,-986,103,-82,-12372,-7336,7800,-478,112,-140,0
3396.7638840675354,6440,8008,11764,-158,-23,69,5604,-8540,11608,-51,121,-156,-12288,4292,8068,-995,64,-51,-12328,-7320,7728,-475,144,-163,0
3396.7972729206085,6372,8036,11888,-165,-41,76,5536,-8492,11640,-29,152,-170,-12240,4324,7944,-1065,70,-42,-12284,-7180,7740,-474,126,-149,0
3396.830790042877,6548,8060,11620,-132,-54,79,5468,-8568,11560,-71,99,-180,-12260,4364,8020,-1005,75,-105,-12292,-7164,7780,-481,105,-132,0
3396.8643510341644,6252,8056,12028,-143,-28,92,5612,-8512,11556,-56,136,-167,-12256,4344,8376,-1003,43,-55,-12048,-7340,7752,-482,149,-153,0
3396.897504091263,6352,8016,11748,-170,-21,90,5356,-8456,11648,-39,139,-166,-12252,4400,8052,-983,16,-90,-12200,-7280,7876,-511,106,-129,0
3396.9306790828705,6292,8032,11784,-156,5,86,5508,-8668,11728,-18,165,-159,-12188,4384,8148,-1011,99,-86,-12284,-7248,7736,-486,163,-88,0
3396.9643030166626,6344,8076,11740,-194,-19,110,5540,-8560,11668,-38,161,-179,-12168,4308,7968,-1054,116,-94,-12216,-7332,7916,-489,153,-106,0
3396.9975271224976,6160,8020,11820,-198,-28,133,5620,-8612,11812,-50,126,-197,-12252,4344,8272,-1271,141,-61,-12260,-7228,7664,-507,167,-99,0
3397.031088113785,6328,8108,11732,-191,-76,104,5560,-8548,11724,-35,133,-182,-12468,4304,8284,-994,123,-98,-12332,-7188,7792,-758,151,-67,0
3397.0645279884334,6424,8124,11880,-197,-53,109,5528,-8532,11672,-23,129,-190,-12244,4412,7948,-1021,157,-150,-12312,-7216,7816,-470,196,-76,0
3397.098149061203,6332,8060,11704,-1,-71,137,5560,-8632,11688,-15,140,-209,-12204,4440,8056,-1020,151,-140,-12444,-7288,7748,-477,197,-69,0
3397.1318011283875,6328,8052,11748,-251,-71,126,5576,-8556,11668,-56,166,-182,-12228,4364,8212,-999,162,-103,-12300,-7184,7712,-464,137,-52,0
3397.1650519371033,6364,8092,11744,-233,-83,165,5460,-8668,11624,-47,147,-190,-12228,4356,8108,-1015,148,-66,-12380,-7180,7668,-500,170,-96,0
3397.198221921921,6316,8020,11796,-245,-115,168,5544,-8548,11648,-27,140,-176,-12228,4416,8028,-1034,156,-136,-12272,-7208,7728,-503,171,-62,0
3397.2317960262294,6340,8036,11836,-231,-56,148,5568,-8512,11740,-16,159,-203,-12320,4180,7976,-1026,141,-143,-12276,-7248,7676,-446,190,-59,0
3397.265392065048,6388,8140,11820,-259,-118,128,5556,-8500,11536,-43,165,-185,-12288,4392,8104,-969,160,-115,-12428,-7232,7792,-470,197,-66,0
3397.2986791133885,6580,8096,11820,-298,-96,143,5616,-8484,11728,-9,141,-208,-12304,4360,8232,-1280,211,-123,-12392,-7252,7852,-422,153,-52,0
3397.332282066345,6460,7952,11680,-252,-115,159,5620,-8472,11504,-15,147,-156,-12524,4264,7988,-1279,165,-105,-12280,-7200,7532,-424,156,-38,0
3397.367933988571,6368,8024,11880,-312,-70,156,5500,-8616,11544,5,150,-172,-12148,4320,8048,-1004,160,-92,-12480,-7236,7648,-453,136,-62,0
3397.401332139969,6404,8020,11812,-243,-118,147,5528,-8504,11700,-27,137,-174,-12232,4372,8328,-991,85,-66,-12400,-7424,7452,-450,150,-58,0
3397.434862136841,6416,8020,11780,-253,-114,140,5472,-8572,11740,31,132,-168,-12344,4272,8192,-981,88,-93,-12276,-7252,7676,-470,216,-77,0
3397.468537092209,6384,7980,11912,-190,-146,121,5540,-8468,11708,42,155,-204,-12260,4336,8140,-1273,185,-136,-12316,-7344,7792,-465,234,-36,0
3397.5017421245575,6356,7988,11772,-215,-163,157,5472,-8516,11596,52,98,-235,-12244,4276,8096,-1033,171,-162,-12320,-7196,7700,-450,182,-66,0
3397.535309076309,6336,7996,11548,-226,-167,175,5548,-8644,11668,30,133,-217,-12360,4268,8128,-997,180,-130,-12408,-7172,7676,-413,188,-31,0
3397.5688071250916,6452,8112,11532,-275,-123,147,5604,-8616,11720,23,101,-204,-12496,4436,7976,-994,152,-70,-12328,-7152,7760,-428,157,-57,0
3397.602205991745,6340,7972,11780,-239,-121,129,5848,-8612,11788,38,148,-181,-12308,4252,8244,-1029,150,-112,-12468,-7116,7684,-464,170,-90,0
3397.6356880664825,6308,7968,11944,-230,-164,147,5500,-8512,11652,51,118,-215,-12196,4288,7760,-1012,151,-147,-12416,-7200,7732,-427,178,-78,0
3397.6692650318146,6588,7728,11704,-234,-147,137,5640,-8476,11540,35,132,-219,-12280,4240,7824,-1000,136,-96,-12372,-7140,7724,-463,182,-98,0
3397.702737092972,6176,8012,11612,-239,-140,141,5560,-8584,11908,252,123,-190,-12188,4268,8108,-1012,125,-100,-12296,-7160,7884,-483,159,-81,0
3397.7363710403442,6592,8184,12028,-203,-106,147,5540,-8692,11728,19,118,-203,-12320,4252,8016,-1004,126,-92,-12436,-7184,7772,-486,181,-78,0
3397.7697751522064,6476,7876,11536,-188,-161,140,5572,-8204,11628,5,128,-201,-12380,4316,8056,-1021,142,-144,-12352,-7100,7916,-486,183,-104,0
3397.8063690662384,6404,7880,11760,-187,-162,133,5548,-8672,11736,-24,114,-223,-12232,4200,7852,-990,105,-85,-12376,-7148,7764,-494,150,-117,0
3397.8422219753265,6484,8004,11688,-128,-128,86,5612,-8464,11676,-46,123,-205,-12268,4280,8132,-1003,91,-53,-12328,-7096,7848,-499,150,-154,0
3397.8785059452057,6452,7844,11592,-140,-86,81,5884,-8516,11676,-36,127,-191,-12124,4548,8028,-1277,55,-119,-12480,-7160,7596,-486,134,-167,0
3397.9138231277466,6552,7996,11732,-171,-36,61,5616,-8452,11608,-46,123,-166,-12240,4260,8252,-966,32,-42,-12460,-7136,7620,-500,117,-173,0
3397.949634075165,6536,7960,11724,-153,-51,98,5660,-8552,11676,-93,106,-183,-12364,4112,8116,-1019,27,-67,-12060,-7020,7664,-493,97,-166,0
3397.9849860668182,6496,8008,11852,-139,-19,72,5632,-8492,11524,-32,100,-208,-12252,4332,8160,-1025,39,-56,-12312,-7196,7908,-481,121,-141,0
3398.0208590030666,6304,7996,11548,-108,-22,73,5592,-8380,11712,-67,141,-173,-12252,4328,8396,-1008,105,-65,-12300,-7204,7796,-763,128,-180,0
3398.0562341213226,6172,7944,11948,-128,-56,56,5536,-8904,11532,-97,156,-206,-12256,4356,7968,-949,45,-95,-12376,-7144,7764,-486,167,-151,0
3398.0922441482544,6400,8108,11716,-161,-32,79,5576,-8508,11560,-72,87,-160,-12284,4292,8144,-994,77,-25,-12368,-6988,7924,-500,77,-178,0
3398.1273880004883,6468,8036,11888,-120,-10,93,5540,-8544,11640,-56,134,-133,-12396,4216,8128,-987,53,-19,-12340,-7212,7840,-514,67,-190,0
3398.162785053253,6308,8020,11796,-186,-14,74,5636,-8536,11728,-88,133,-151,-12300,4340,8160,-994,39,-31,-12248,-7200,7744,-492,71,-174,0
3398.198179960251,6380,7932,11764,-159,-33,63,5536,-8480,11716,-92,129,-176,-12320,4292,8364,-996,57,-96,-12372,-7200,7740,-519,117,-188,0
3398.2338471412654,6348,7928,11984,-111,-24,87,5436,-8680,11720,-55,182,-175,-12300,4280,7996,-1010,76,-50,-12368,-7140,7444,-762,143,-167,0
3398.2687981128693,6380,8036,11928,-131,-58,86,5580,-8636,11624,-53,156,-179,-12232,4332,8252,-1011,70,-61,-12284,-6944,7720,-522,140,-145,0
3398.30445599556,6608,7984,11780,-120,-50,86,5540,-8496,11620,-65,117,-200,-12332,4308,8356,-1005,138,-56,-12328,-7252,7808,-476,107,-151,0
3398.3401429653168,6532,7928,11708,-178,-98,87,5620,-8580,11648,-73,136,-172,-12276,4596,7996,-960,85,-54,-12332,-7196,7656,-480,106,-151,0
3398.375241994858,6432,8036,11668,-137,-35,73,5540,-8644,11652,-66,195,-173,-12280,4304,8060,-1039,37,-12,-12292,-7392,7764,-479,119,-184,0
3398.4104850292206,6480,7964,11564,-134,-37,77,5496,-8568,11696,-64,163,-158,-12212,4336,8200,-776,44,-23,-12344,-7196,7484,-764,139,-174,0
3398.446795940399,6168,7996,12000,-156,-55,82,5504,-8620,11576,-33,146,-160,-12220,4392,8112,-774,92,-55,-12284,-7196,7668,-488,118,-138,0
3398.4803109169,6584,8044,11524,-134,-52,51,5524,-8588,11544,-38,183,-166,-12216,4268,7964,-972,48,-97,-12228,-7264,7932,-470,156,-154,0
3398.513757944107,6424,8060,11564,-177,-60,83,5568,-8452,11776,-29,168,-175,-12216,4584,7952,-1000,75,-74,-12272,-7176,7772,-471,143,-138,0
3398.547533988952,6404,8144,11860,-169,-72,94,5616,-8520,11712,-31,129,-176,-12220,4388,8104,-1001,74,-52,-12388,-7296,7604,-488,154,-123,0
3398.5810730457306,6468,7952,11888,-130,-71,91,5584,-8596,11772,-55,131,-202,-12272,4244,8180,-1017,94,-43,-12416,-7224,7660,-486,130,-125,0
3398.614310979843,6448,8096,11784,-166,-81,94,5508,-8580,11684,-53,143,-179,-12300,4328,8024,-1006,103,-87,-12336,-7220,7712,-485,149,-136,0
3398.6477551460266,6364,8112,11936,-157,-94,106,5596,-8576,11680,-63,136,-171,-12212,4264,8380,-986,81,-81,-12268,-7220,7724,-474,158,-161,0
3398.6813490390778,6416,8048,11808,-161,-44,64,5628,-8508,11684,-59,157,-176,-12524,4124,8160,-973,83,-57,-12076,-7352,7640,-482,114,-156,0
3398.7148730754852,6424,8104,11748,-147,-49,93,5612,-8572,11508,-57,171,-137,-12280,4488,8128,-1025,63,-14,-12112,-7404,7924,-497,120,-125,0
3398.748465061188,6344,8064,11816,-172,-16,78,5568,-8532,11688,-28,143,-150,-12292,4268,8100,-1035,73,-61,-12528,-7284,7692,-501,116,-138,0
3398.782002925873,6356,8016,11584,-184,-33,100,5524,-8596,11688,-38,136,-155,-12260,4324,8016,-1054,59,-56,-12356,-7260,7720,-466,116,-131,0
3398.8152220249176,6404,8040,11828,-166,-64,105,5548,-8612,11720,-110,143,-189,-12220,4304,8000,-977,54,-56,-12424,-7308,7816,-501,146,-147,0
3398.8487799167633,6392,7988,11680,-182,-49,69,5588,-8540,11524,-33,130,-178,-12488,4560,8056,-983,39,-32,-12528,-7200,7656,-468,112,-151,0
3398.8822460174565,6364,8040,11728,-133,-60,97,5556,-8524,11616,-83,139,-149,-12212,4264,8080,-1019,60,-54,-12336,-7252,7768,-527,108,-151,0
3398.9155650138855,6448,8016,11592,-162,-18,115,5444,-8544,11472,-22,150,-131,-12160,4280,8092,-1014,81,-49,-12248,-7228,7792,-485,66,-131,0
3398.949103116989,6388,7980,11904,-183,-22,69,5444,-8536,11676,-80,157,-182,-12196,4444,8044,-994,39,-49,-12288,-7260,7552,-471,107,-141,0
3398.9824850559235,6400,8008,11512,-183,-50,89,5524,-8504,11832,-89,161,-189,-12316,4296,8064,-1007,79,-42,-12276,-7332,7732,-485,158,-132,0
3399.0159320831294,6332,8092,11900,-184,-58,119,5624,-8444,11572,-9,187,-163,-12240,4300,8056,-1014,93,-99,-12220,-7408,7824,-485,162,-112,0
3399.049376964569,6244,8064,11832,-229,-84,130,5516,-8548,11820,-249,134,-200,-12120,4372,8220,-1003,111,-133,-12276,-7264,7724,-491,186,-88,0
3399.0830380916595,6184,8008,11676,-214,-111,127,5488,-8560,11648,-36,130,-197,-12256,4356,8120,-957,154,-115,-12344,-7348,7792,-494,158,-62,0
3399.116450071335,6332,8064,11688,-222,-93,148,5588,-8548,11664,-55,149,-170,-12268,4308,8156,-994,149,-91,-12432,-7192,7644,-477,179,-36,0
3399.149742126465,6432,7928,11796,-222,-91,125,5648,-8576,11512,-17,175,-184,-12228,4476,8152,-1032,114,-80,-12316,-7300,7572,-479,216,-47,0
3399.183478116989,6376,8004,11780,-1,-100,175,5528,-8516,11584,-40,132,-158,-12336,4384,7960,-772,155,-132,-12304,-7272,7884,-470,222,-43,0
3399.2169649600983,6468,8028,11828,-1,-85,142,5524,-8592,11700,-30,138,-175,-12176,4212,8168,-1001,134,-108,-12336,-7260,7888,-488,176,-44,0
3399.2500100135803,6360,8108,11848,-510,-105,136,5524,-8508,11688,-24,150,-200,-12180,4400,7976,-1003,147,-82,-12332,-7248,7812,-452,215,-69,0
3399.283695936203,6332,8112,11708,-239,-94,169,5540,-8640,11596,-9,167,-203,-12260,4360,8096,-1012,185,-120,-12300,-7256,7664,-466,191,-49,0
3399.3170409202576,6396,8028,11864,-247,-109,172,5532,-8576,11748,-14,142,-200,-12516,4320,8116,-1003,153,-125,-12276,-7252,7728,-463,201,-17,0
3399.350494146347,6356,8012,11804,-258,-122,164,5548,-8588,11572,13,159,-200,-12232,4244,8024,-997,153,-122,-12316,-7360,7704,-446,188,-38,0
3399.383796930313,6480,8024,11932,-267,-123,157,5608,-8528,11740,19,147,-192,-12224,4300,8252,-1019,194,-79,-12272,-7180,7708,-424,194,-65,0
3399.417088031769,6168,7792,11736,-10,-122,144,5812,-8228,11768,54,174,-184,-12352,4284,7952,-1037,173,-91,-12412,-7212,7644,-463,189,-46,0
3399.4503171443935,6452,8080,11912,-509,-126,140,5612,-8564,11616,51,133,-173,-12248,4284,8220,-1019,151,-119,-12344,-7256,7660,-437,181,-48,0
3399.487607955932,6472,7996,11732,-251,-141,170,5528,-8452,11680,45,147,-180,-12232,4236,8016,-1049,224,-95,-12376,-7212,7736,-454,157,-70,0
3399.5226209163666,6500,8096,11896,-213,-119,181,5480,-8604,11648,38,87,-187,-12060,4284,8332,-1021,157,-81,-12456,-7192,7696,-448,154,-44,0
3399.5586581230164,6628,8176,11972,-244,-140,169,5580,-8592,11540,57,101,-180,-12368,4584,8128,-1043,175,-88,-12392,-7148,7884,-466,170,-88,0
3399.593610048294,6484,8076,11696,-2,-143,178,5552,-8500,11712,69,101,-197,-12284,4284,8000,-1016,161,-103,-12344,-7228,7824,-459,142,-67,0
3399.6291630268097,6444,8008,11800,-188,-153,134,5660,-8560,11656,-12,135,-200,-12300,4236,8220,-990,135,-106,-12516,-7180,7796,-448,183,-73,0
3399.6644599437714,6508,7996,11880,-260,-140,134,5884,-8616,11756,34,84,-225,-12100,4320,7876,-1048,82,-89,-12436,-7104,7736,-459,139,-67,0
3399.700277090072,6500,8168,11552,-223,-97,172,5624,-8484,11616,14,95,-174,-12288,4308,8440,-774,169,-64,-12540,-7132,7576,-435,71,-95,0
3399.73570895195,6548,8060,11744,-240,-72,166,5572,-8452,11748,4,95,-148,-12396,4324,8076,-1028,93,-63,-12320,-7108,7860,-477,109,-100,0
3399.7717709541325,6408,7916,11772,-215,-120,130,5556,-8584,11536,-16,101,-185,-12328,4380,8160,-1042,89,-123,-12352,-7164,7612,-524,160,-107,0
3399.8071780204773,6464,7928,11800,-163,-107,140,5664,-8540,11648,-49,109,-198,-12240,4172,8064,-1011,92,-111,-12444,-7124,7868,-521,151,-131,0
3399.8422539234166,6488,7908,11560,-154,-142,95,5628,-8576,11692,-42,107,-233,-12304,4208,7936,-1021,169,-113,-12540,-7080,7468,-763,181,-134,0
3399.878238916397,6480,7912,11732,-126,-98,113,5552,-8464,11556,-43,59,-246,-12176,4252,7976,-1280,160,-97,-12452,-7052,7792,-517,167,-128,0
3399.9138419628143,6532,7996,11716,-161,-92,109,5688,-8504,11616,-52,105,-183,-12068,4312,8120,-999,110,-59,-12260,-7212,7784,-467,125,-166,0
3399.949200153351,6652,7824,11536,-155,-73,73,5704,-8592,11656,-67,159,-174,-12332,4220,8404,-990,75,-48,-12304,-7068,7652,-511,129,-160,0
3399.9839379787445,6524,7976,11788,-157,-73,82,5580,-8552,11740,-52,159,-161,-12228,4292,7988,-1021,72,-33,-12416,-6948,7680,-521,127,-177,0
3400.0196430683136,6480,7992,11764,-112,-51,62,5672,-8496,11700,-58,115,-164,-12232,4256,8124,-982,102,-38,-12292,-7192,7756,-523,139,-193,0
3400.054819107056,6552,7812,11648,-91,-50,84,5500,-8520,11648,-53,150,-193,-12312,4316,8192,-990,60,-84,-12052,-7108,7696,-257,137,-167,0
3400.0907220840454,6500,7956,11660,-133,-57,89,5556,-8600,11692,-36,126,-174,-12252,4292,8192,-999,64,-26,-12244,-7232,7716,-466,144,-146,0
3400.1274919509888,6620,7964,11556,-164,-55,94,5516,-8548,11532,-50,138,-153,-12280,4376,8164,-996,48,-65,-12444,-7272,7776,-498,122,-145,0
3400.160700082779,6440,8176,11748,-125,-66,81,5548,-8556,11548,-42,124,-181,-12216,4300,8140,-990,83,-63,-12524,-7148,7788,-506,127,-148,0
3400.1941390037537,6504,7704,11672,-133,-80,105,5516,-8508,11696,-42,149,-181,-12364,4572,7992,-986,83,-67,-12380,-7276,7572,-520,153,-155,0
3400.2278361320496,6460,8168,11596,-135,-90,82,5600,-8480,11648,-45,167,-176,-12532,4228,8088,-993,41,-46,-12256,-7204,7876,-504,164,-134,0
3400.2612681388855,6476,8044,11752,-135,-63,66,5592,-8508,11716,-62,171,-180,-12328,4192,8200,-990,63,-80,-12284,-7180,7696,-468,124,-158,0
3400.294466972351,6532,7992,11532,-154,-59,67,5604,-8624,11740,-53,172,-177,-12064,4340,8048,-1003,84,-34,-12312,-7172,7756,-484,77,-173,0
3400.327940940857,6392,7972,11852,-170,-17,60,5724,-8444,11564,-23,149,-153,-12036,4100,8036,-1045,28,-40,-12276,-7244,7620,-462,133,-160,0
3400.3614211082454,6448,8080,11588,-166,-67,71,5392,-8532,11760,-41,168,-165,-12276,4236,8016,-971,23,-17,-12340,-7296,7604,-463,108,-151,0
3400.3947949409485,6624,8172,12016,-155,-33,73,5580,-8580,11540,-76,144,-182,-12368,4200,8248,-997,48,-49,-12328,-7224,7636,-481,103,-205,0
3400.4281899929047,6456,8048,11824,-168,-53,37,5596,-8564,11700,-25,141,-190,-12240,4368,8076,-970,62,-106,-12380,-7200,7780,-481,130,-154,0
3400.461800098419,6480,8080,11840,-100,-57,65,5692,-8528,11796,-45,158,-124,-12508,4412,8028,-1014,76,-23,-12416,-7240,7772,-482,114,-147,0
3400.495120048523,6472,8080,11636,-145,-20,92,5384,-8468,11540,-73,73,-146,-12036,4192,8292,-1275,0,-3,-12336,-7292,7756,-488,63,-158,0
3400.528881072998,6384,7984,11932,-149,-27,67,5568,-8460,11716,-84,127,-137,-12296,4112,8004,-999,25,-38,-12196,-7208,7912,-495,55,-157,0
3400.5623650550842,6380,8044,11572,-156,-17,64,5488,-8556,11600,-95,131,-171,-12136,4252,8068,-1004,27,-72,-12304,-7288,7616,-518,108,-162,0
3400.5960609912872,6452,8000,11764,-127,-22,73,5468,-8620,11316,-61,133,-190,-12532,4276,7964,-1005,64,-108,-12420,-7192,7744,-523,117,-168,0
3400.6297650337215,6396,8044,11808,-138,-42,83,5632,-8504,11660,9,117,-201,-12176,4256,8052,-1021,84,-86,-12212,-7244,7680,-264,143,-132,0
3400.663059949875,6384,8148,11840,-150,-70,95,5736,-8596,11748,-68,104,-186,-12132,4580,8152,-983,92,-54,-12396,-7184,7844,-519,135,-141,0
3400.6967449188232,6328,8148,11748,-175,-54,106,5572,-8588,11696,-50,119,-196,-12476,4372,7992,-1013,104,-20,-12308,-7216,7756,-486,114,-120,0
3400.7300109863286,6516,8052,11664,-168,-69,85,5656,-8608,11708,-67,147,-170,-12176,4320,8400,-1004,94,-78,-12532,-7256,7784,-501,149,-135,0
3400.763734102249,6384,8056,11760,-160,-57,99,5600,-8528,11664,-62,139,-155,-12152,4276,8296,-1037,98,-90,-12268,-7248,7804,-483,116,-123,0
3400.797424077988,6324,8080,11608,-161,-25,103,5564,-8604,11788,-55,122,-191,-12180,4408,8096,-1035,111,-61,-12320,-7184,7840,-486,182,-131,0
3400.8310871124268,6184,8036,11524,-200,-50,80,5520,-8468,11596,-70,142,-175,-12180,4348,8168,-1001,83,-46,-12392,-7236,7828,-480,117,-119,0
3400.8646969795227,6400,8128,11792,-174,-48,83,5512,-8536,11740,-27,176,-131,-12252,4364,8344,-993,96,-63,-12216,-7180,7736,-474,139,-129,0
3400.8980350494385,6184,8068,11708,-180,-40,123,5564,-8548,11768,-34,154,-159,-12280,4528,8236,-985,132,-109,-12356,-7316,7728,-482,160,-101,0
3400.931636095047,6556,8024,11704,-205,-54,115,5540,-8616,11536,-20,138,-161,-12184,4344,8388,-998,116,-129,-12504,-7340,7684,-463,177,-68,0
3400.9652919769287,6340,8040,11856,-212,-59,130,5572,-8560,11600,-42,151,-187,-12212,4116,8396,-982,121,-108,-12072,-7276,7588,-446,192,-69,0
3400.9986989498134,6372,8076,11804,-215,-106,106,5644,-8640,11712,-49,167,-197,-12180,4236,8120,-1004,137,-79,-12408,-7236,7788,-480,234,-39,0
3401.0324420928955,6332,8076,11780,-504,-74,146,5556,-8564,11716,-31,165,-181,-12248,4400,8176,-1009,126,-96,-12244,-7148,7772,-457,205,-52,0
3401.065978050232,6392,7996,11676,-229,-69,123,5556,-8596,11800,-29,138,-194,-12284,4248,8296,-1017,120,-79,-12372,-7312,7680,-451,157,-48,0
3401.0998809337616,6376,8056,11684,-244,-65,150,5584,-8572,11600,-45,135,-186,-12156,4340,8420,-978,146,-102,-12540,-6972,7852,-484,169,-85,0
3401.133157014847,6356,8004,11748,-253,-86,146,5624,-8592,11616,-13,176,-183,-12228,4248,8088,-1025,122,-128,-12260,-7216,7776,-454,194,-58,0
3401.169697999954,6388,8052,11788,-216,-89,164,5564,-8624,11860,-5,143,-187,-12252,4264,7944,-1002,137,-132,-12404,-7192,7688,-481,169,-53,0
3401.2050070762634,6324,8080,11800,-261,-128,144,5528,-8548,11708,-35,168,-185,-12224,4348,8040,-959,137,-163,-12384,-7184,7748,-456,188,-47,0
3401.240702152252,6396,8032,11792,-289,-74,126,5660,-8520,11700,-21,159,-200,-12220,4292,8032,-1040,157,-128,-12308,-6920,7932,-432,175,-80,0
3401.2756409645085,6512,8004,11664,-3,-82,177,5500,-8496,11620,-7,145,-179,-12164,4544,7944,-1080,125,-43,-12300,-7104,7672,-422,121,-58,0
3401.3110020160675,6376,7928,11948,-280,-75,165,5552,-8620,11680,-19,119,-165,-12180,4304,8148,-987,126,-69,-12056,-7240,7856,-448,100,-87,0
3401.347135066986,6348,7924,11888,-261,-71,151,5584,-8580,11812,-19,139,-175,-12136,4128,8092,-1047,111,-103,-12040,-7192,7656,-468,134,-48,0
3401.382204055786,6636,7764,11740,-223,-127,154,5508,-8560,11688,-15,84,-212,-12072,4188,8140,-989,115,-74,-12348,-7192,7672,-525,166,-72,0
3401.418492078781,6648,7964,11900,-211,-148,157,5836,-8488,11648,17,98,-222,-12228,4284,8012,-1049,185,-147,-12348,-7164,7680,-494,191,-65,0
3401.453493118286,6516,7956,11800,-214,-173,180,5548,-8496,11716,-11,57,-211,-12404,4332,8132,-1004,183,-105,-12352,-7280,7928,-474,174,-65,0
3401.488662004471,6400,7964,11728,-244,-135,153,5380,-8540,11604,-6,75,-231,-12392,4308,8044,-995,203,-111,-12400,-7176,7688,-449,150,-75,0
3401.5246019363403,6480,7692,11880,-244,-127,161,5620,-8512,11664,-9,133,-214,-12056,4232,8204,-1001,127,-102,-12368,-7212,7884,-486,180,-76,0
3401.559895992279,6412,7892,11840,-221,-154,148,5628,-8564,11648,11,94,-200,-12240,4532,8112,-1014,172,-113,-12400,-7256,7672,-480,152,-71,0
3401.5954649448395,6452,7940,11808,-245,-113,162,5500,-8444,11628,29,117,-203,-12248,4400,8036,-1018,122,-115,-12372,-6932,7692,-482,160,-70,0
3401.6307849884033,6476,7996,11832,-222,-149,154,5496,-8648,11972,10,92,-180,-12044,4380,8328,-996,115,-116,-12344,-7404,7552,-762,169,-80,0
3401.6655271053314,6224,7844,11688,-218,-143,174,5552,-8540,11668,11,127,-190,-12456,4228,8040,-1031,134,-109,-12372,-6960,7488,-479,144,-108,0
3401.7018661499023,6160,7948,12020,-207,-109,138,5616,-8476,11552,-11,109,-226,-12256,4224,7924,-1018,115,-138,-12120,-7072,7780,-476,178,-94,0
3401.7374079227448,6244,7704,11600,-188,-151,117,5540,-8480,11576,-42,125,-214,-12212,4212,7972,-996,151,-94,-12404,-7204,7844,-500,127,-112,0
3401.773586988449,6532,7988,11760,-137,-99,89,5568,-8568,11616,-21,82,-209,-12280,4324,8132,-984,126,-109,-12356,-7128,7672,-257,128,-143,0
3401.8095641136174,6516,7936,11644,-139,-100,79,5872,-8396,11720,-27,115,-198,-12280,4236,8016,-1279,127,-44,-12420,-7128,7608,-511,166,-127,0
3401.843199014664,6456,7928,11840,-164,-42,74,5672,-8424,11732,-12,161,-162,-12408,4244,8052,-992,85,-47,-12544,-7352,7692,-483,109,-142,0
3401.8768589496613,6564,7960,11880,-171,-36,95,5632,-8592,11504,-55,161,-161,-12532,4268,8080,-1009,73,-253,-12336,-7132,7604,-506,116,-157,0
3401.9100890159607,6408,7952,11768,-169,-68,60,5612,-8536,11688,-17,165,-154,-12388,4340,8092,-998,71,-94,-12296,-7180,7784,-474,128,-172,0
3401.9435620307922,6468,7980,11632,-113,-9,69,5536,-8688,11664,-40,155,-161,-12308,4272,7776,-1015,80,-62,-12220,-7212,7788,-483,139,-176,0
3401.9769289493565,6452,8008,11628,-126,-25,55,5548,-8544,11752,-73,196,-184,-12212,4308,8096,-994,45,-62,-12308,-7172,7736,-506,171,-169,0
3402.0101940631866,6500,7952,11528,-141,-41,67,5692,-8588,11676,-14,130,-180,-12280,4508,8108,-996,90,-59,-12400,-7144,7828,-467,132,-147,0
3402.0438339710236,6528,8016,11724,-148,-12,89,5836,-8260,11688,-42,156,-143,-12216,4348,7968,-769,105,-32,-12104,-7232,7900,-489,96,-152,0
3402.077392101288,6312,7964,11944,-185,-11,69,5408,-8532,11580,-54,163,-126,-12036,4296,7996,-995,56,-44,-12492,-7212,7724,-477,113,-185,0
3402.1107449531555,6540,8048,11804,-176,-54,69,5380,-8624,11644,-79,153,-187,-12204,4216,8232,-1001,34,-47,-12344,-7220,7844,-521,118,-159,0
3402.1439161300655,6156,7968,11840,-126,-56,90,5536,-8436,11800,-46,160,-181,-12344,4292,7996,-976,76,-92,-12344,-7168,7780,-509,126,-187,0
3402.1774339675903,6456,8180,12028,-113,-39,69,5564,-8500,11488,-23,171,-180,-12272,4260,7896,-1010,45,-102,-12544,-7176,7724,-489,153,-151,0
3402.2107729911804,6456,8028,11952,-166,-47,68,5860,-8704,11624,-32,108,-194,-12092,4348,8304,-1064,87,-56,-12368,-7220,7928,-439,119,-149,0
3402.2443130016327,6428,8008,11568,-128,-33,83,5524,-8524,11676,-73,132,-179,-12296,4288,8112,-955,23,-30,-12392,-7196,7752,-495,110,-172,0
3402.277904987335,6492,8020,11828,-138,-28,81,5584,-8632,11764,-66,112,-192,-12520,4232,8276,-1017,44,-52,-12336,-7424,7924,-490,85,-157,0
3402.311208963394,6408,7968,11984,-144,-53,72,5876,-8592,11720,-55,138,-177,-12224,4360,8088,-995,44,-55,-12344,-7352,7712,-531,129,-168,0
3402.344531059265,6336,8052,11868,-127,-15,67,5388,-8472,11552,-52,106,-159,-12248,4324,8388,-1038,49,-80,-12040,-7200,7732,-531,97,-192,0
3402.3827850818634,6312,7972,11764,-141,-34,98,5508,-8588,11716,-77,134,-146,-12156,4316,8168,-991,48,-19,-12524,-7256,7704,-499,122,-172,0
3402.41640496254,6424,7952,11772,-118,-32,62,5604,-8584,11620,-73,117,-175,-12224,4100,7944,-1017,66,-68,-12120,-7344,7832,-507,102,-169,0
3402.449981927872,6160,8068,11912,-128,-49,99,5564,-8560,11604,-49,124,-145,-12540,4592,8008,-989,68,-102,-12264,-7244,7752,-258,130,-148,0
3402.483711004257,6636,8076,11740,-133,-78,88,5484,-8564,11520,-66,101,-173,-12224,4328,8136,-998,79,-92,-12416,-7212,7908,-765,155,-132,0
3402.5173931121826,6424,7996,11792,-106,-44,93,5524,-8540,11628,-55,86,-173,-12232,4332,8272,-1001,79,-37,-12424,-7132,7716,-503,127,-154,0
3402.550670146942,6368,8020,11564,-138,-67,97,5628,-8500,11680,-38,158,-189,-12348,4396,7956,-997,100,-58,-12460,-7192,7904,-477,143,-134,0
3402.584226131439,6296,8096,11644,-164,-63,76,5624,-8548,11704,-72,130,-181,-12188,4340,8332,-1001,119,-89,-12360,-7212,7716,-485,135,-177,0
3402.6173899173737,6484,7948,11612,-134,-55,70,5604,-8568,11584,-47,142,-172,-12324,4436,8204,-1025,139,-59,-12356,-7160,7708,-496,92,-124,0
3402.6508021354675,6432,8184,11564,-144,-59,75,5648,-8608,11472,-31,164,-176,-12316,4344,8228,-1034,54,-27,-12196,-7248,7716,-504,120,-125,0
3402.6844179630284,6372,8016,11792,-186,-35,101,5608,-8528,11704,-28,145,-165,-12260,4300,8208,-1023,98,-43,-12284,-7316,7900,-476,127,-141,0
3402.717756032944,6628,8284,11756,-142,-33,107,5380,-8496,11564,-64,128,-147,-12220,4308,8204,-979,71,-43,-12472,-7296,7828,-496,128,-152,0
3402.751254081726,6160,8056,11596,-160,-59,86,5584,-8632,11572,-58,168,-176,-12272,4388,8260,-941,94,-90,-12356,-7304,7776,-479,161,-164,0
3402.7848370075226,6344,8068,11588,-166,-63,84,5668,-8488,11532,-49,161,-165,-12160,4304,8164,-994,98,-88,-12228,-7260,7804,-468,139,-120,0
3402.818395137787,6284,8056,11592,-165,-45,121,5604,-8544,11596,-46,152,-149,-12228,4312,8016,-990,108,211,-12244,-7252,7760,-446,126,-112,0
3402.8558950424194,6304,8040,11796,-188,-73,109,5568,-8576,11660,-67,142,-158,-12496,4108,8268,-943,31,-56,-12308,-7252,7736,-473,132,-148,0
3402.891345024109,6300,7952,11684,-192,-11,83,5524,-8600,11736,-51,173,-163,-12316,4260,8148,-1032,27,-63,-12276,-7212,7892,-487,167,-128,0
3402.927556991577,6172,7932,11772,-193,-43,109,5788,-8592,11612,-5,170,-181,-12188,4392,8092,-1029,55,-67,-12352,-7304,7708,-765,186,-125,0
3402.962732076645,6240,7708,11672,-217,-49,96,5544,-8600,11668,12,146,-193,-12140,4244,8016,-1024,110,-84,-12292,-7244,7704,-497,145,-85,0
3402.9987709522247,6388,8100,11868,-211,-100,145,5500,-8560,11668,252,120,-212,-12280,4560,8404,-979,83,-98,-12304,-7236,7768,-508,149,-76,0
3403.033551931381,6156,8028,11760,-236,-56,120,5496,-8528,11756,-51,127,-176,-12340,4104,8404,-967,116,-106,-12304,-7320,7892,-475,188,-65,0
3403.0692059993744,6400,8152,11876,-247,-98,128,5608,-8588,11680,-37,194,-174,-12116,4360,8068,-1016,169,-111,-12308,-7236,7816,-449,191,-79,0
3403.1041431427,6280,8120,11840,-223,-99,164,5592,-8532,11732,-6,134,-181,-12212,4304,8052,-1012,181,-101,-12192,-7244,7856,-444,218,-55,0
3403.139827013016,6380,7940,11580,-281,-92,148,5520,-8564,11676,-13,174,-213,-12272,4332,8332,-979,170,-86,-12180,-7228,7820,-446,192,-73,0
3403.175043106079,6412,8048,11784,-271,-115,121,5560,-8664,11600,251,167,-189,-12196,4392,8208,-992,149,-155,-12320,-7176,7860,-464,212,-60,0
3403.2107679843903,6504,8004,11980,-252,-78,152,5568,-8564,11700,-12,123,-196,-12200,4324,8260,-975,149,-99,-12372,-7232,7712,-491,208,-47,0
3403.246165037155,6644,7944,11764,-512,-119,191,5556,-8588,11656,8,128,-185,-12196,4272,7940,-1004,159,-78,-12344,-7300,7764,-450,199,-61,0
3403.2817471027374,6160,7948,11732,-275,-100,171,5556,-8504,11608,-8,108,-177,-12084,4320,8016,-771,172,-74,-12408,-7184,7704,-462,200,-69,0
3403.3176541328426,6408,7984,11764,-269,-134,167,5880,-8640,11660,-14,139,-203,-12292,4216,7968,-999,178,-82,-12352,-7232,7652,-476,176,-68,0
3403.3527541160583,6432,8040,11716,-238,-113,145,5568,-8492,11728,15,132,-196,-12304,4400,8056,-1277,151,-132,-12376,-7264,7844,-465,176,-93,0
3403.3889660835266,6632,8016,11828,-3,-117,165,5580,-8484,11580,18,141,-186,-12116,4316,8044,-999,169,-100,-12264,-7296,7684,-445,176,-82,0
3403.4241240024567,6160,8020,11992,-512,-99,155,5520,-8516,11620,-18,114,-201,-12288,4364,7968,-993,170,-75,-12520,-7404,7760,-471,143,-44,0
3403.4596230983734,6528,8004,11560,-240,-120,160,5668,-8560,11656,26,112,-194,-12252,4364,8184,-1276,146,-79,-12372,-7132,7472,-454,183,-60,0
3403.4953689575195,6388,7948,11544,-258,-160,154,5448,-8528,11776,39,126,-184,-12216,4272,8396,-1056,139,-72,-12468,-7300,7756,-450,169,-75,0
3403.528739929199,6360,7964,11776,-199,-133,142,5500,-8520,11656,25,103,-199,-12340,4256,8272,-992,109,-86,-12348,-7156,7784,-490,180,-79,0
3403.561928987503,6348,8024,11860,-235,-141,128,5592,-8588,11696,27,143,-238,-12292,4344,8172,-780,166,-169,-12384,-7108,7824,-470,163,-56,0
3403.595552921295,6444,7712,11960,-243,-146,175,5596,-8556,11616,49,138,-187,-12304,4252,8120,-1012,167,-105,-12544,-6952,7480,-449,152,-61,0
3403.628984928131,6524,7768,11956,-252,-142,179,5564,-8536,11612,6,121,-167,-12260,4240,8192,-1021,142,-55,-12356,-7404,7756,-438,134,-85,0
3403.6622190475464,6344,7964,11600,-2,-106,165,5668,-8500,11708,-13,115,-175,-12264,4212,8120,-1026,128,-73,-12348,-7424,7668,-461,117,-76,0
3403.695694923401,6324,7932,11708,-194,-141,153,5576,-8568,11612,-256,47,-215,-12348,4252,8152,-1067,54,-124,-12248,-7416,7548,-501,153,-114,0
3403.7291519641876,6372,8020,11784,-141,-132,115,5652,-8424,11696,-33,92,-205,-12096,4204,8172,-985,115,-104,-12412,-7096,7592,-510,160,-124,0
3403.7626111507416,6568,7896,11884,-174,-158,134,5584,-8548,11636,-51,78,-229,-12516,4260,8084,-1016,129,-102,-12340,-7200,7604,-502,181,-100,0
3403.7963521480565,6580,8008,11684,-112,-110,106,5376,-8460,11716,-60,66,-211,-12532,4244,8132,-1001,135,-52,-12424,-7080,7764,-513,114,-143,0
3403.8300271034245,6584,8028,11892,-116,-101,96,5868,-8456,11268,-31,78,-200,-12288,4564,8428,-980,88,-43,-12392,-7168,7736,-492,111,-162,0
3403.8633251190186,6592,7896,11868,-138,-19,63,5720,-8512,11596,-34,133,-175,-12272,4324,8076,-1032,60,-71,-12352,-7124,7668,-506,135,-198,0
3403.8966879844666,6432,7692,11832,-131,-29,73,5600,-8420,11712,-35,137,-170,-12044,4300,8396,-1058,88,-46,-12348,-7180,7628,-498,122,-169,0
3403.930042028427,6464,8188,11544,-105,-33,60,5496,-8520,11676,-42,130,-185,-12228,4312,8408,-992,115,-11,-12316,-7340,7732,-520,144,-183,0
3403.963730096817,6452,7980,11804,-90,-71,79,5520,-8520,11824,-79,125,-198,-12288,4320,7952,-1021,83,-59,-12244,-7196,7696,-490,152,-174,0
3403.9973049163814,6432,8140,12004,-96,-63,81,5476,-8484,11624,-86,121,-196,-12208,4340,8216,-1007,87,-84,-12324,-7260,7860,-503,136,-164,0
3404.0304639339447,6488,7748,11936,-111,-47,96,5584,-8576,11672,-46,128,-180,-12056,4320,8132,-1016,116,-23,-12264,-7084,7724,-257,118,-154,0
3404.0636270046234,6384,8024,11668,-143,-35,88,5544,-8500,11636,-50,98,-183,-12244,4240,8092,-1032,88,-45,-12356,-7248,7600,-477,155,-139,0
3404.0972950458527,6540,7984,11700,-114,-29,63,5604,-8540,11672,-53,142,-193,-12292,4284,8164,-1017,82,-65,-12376,-7152,7700,-513,137,-167,0
3404.130515098572,6432,7984,11780,-118,-62,90,5612,-8468,11736,-76,148,-174,-12056,4196,8372,-962,35,-76,-12308,-7200,7736,-527,157,-160,0
3404.164034128189,6544,8104,11800,-132,-53,55,5628,-8544,11648,-94,118,-196,-12212,4540,7984,-942,34,-52,-12436,-7140,7732,-484,116,-188,0
3404.197494983673,6520,7924,11796,-126,-65,91,5656,-8568,11760,-58,149,-169,-12244,4324,7992,-959,63,-22,-12256,-7292,7604,-500,97,-159,0
3404.2311120033264,6428,7972,11624,-128,-75,88,5632,-8632,11592,-50,180,-144,-12300,4284,8140,-993,58,-47,-12316,-7256,7764,-500,130,-159,0
3404.2647030353546,6448,7976,11572,-131,-256,63,5588,-8548,11664,-43,160,-161,-12272,4268,8116,-1023,63,-57,-12308,-7224,7740,-492,108,-164,0
3404.2981650829315,6448,7728,11804,-143,-59,60,5544,-8536,11688,-101,183,-155,-12192,4292,8112,-998,-6,-81,-12344,-7220,7792,-472,139,-169,0
3404.3318860530853,6496,7996,11668,-193,-9,40,5868,-8520,11624,-32,172,-172,-12152,4252,8000,-968,50,-77,-12384,-7196,7704,-490,152,-168,0
3404.3654050827026,6368,7872,11796,-132,-35,97,5612,-8540,11548,-47,117,-137,-12292,4304,8132,-1020,83,-22,-12456,-7260,7812,-484,126,-161,0
3404.3987209796906,6428,8188,11748,-118,9,79,5740,-8212,11336,-63,148,-143,-12236,4312,8192,-982,63,-73,-12076,-7244,7764,-490,100,-194,0
3404.431869029999,6360,7724,11908,-131,-48,46,5508,-8632,11572,-78,156,-148,-12252,4160,8172,-996,25,-85,-12332,-7276,7780,-477,124,-165,0
3404.4654359817505,6332,8056,11604,-147,-43,79,5612,-8540,11576,-78,162,-174,-12068,4324,8220,-997,34,-65,-12076,-6976,7908,-507,147,-156,0
3404.4987280368805,6324,7984,11756,-124,-26,96,5656,-8636,11728,-24,161,-179,-12212,4348,8268,-1021,101,-91,-12264,-7220,7564,-450,159,-133,0
3404.5355989933014,6460,7952,11564,-109,-53,59,5444,-8552,11544,9,138,-206,-12160,4344,8128,-1014,96,-63,-12296,-7268,7724,-477,174,-142,0
3404.5714199543,6448,8068,11768,-147,-91,87,5524,-8572,11740,-52,111,-172,-12200,4352,8140,-1004,96,-35,-12356,-7276,7848,-483,144,-131,0
3404.6061329841614,6456,8020,11628,-160,-45,80,5392,-8520,11712,-46,128,-173,-12068,4324,8124,-1002,60,-97,-12200,-7232,7680,-481,127,-149,0
3404.6418230533604,6512,8072,11632,-147,-37,78,5512,-8520,11696,-46,147,-176,-12364,4328,8344,-1035,90,-53,-12388,-7216,7776,-480,145,-161,0
3404.6777019500732,6428,8196,11672,-153,-41,101,5568,-8500,11992,-30,98,-157,-12272,4344,8136,-1030,82,-51,-12272,-7340,7504,-483,113,-137,0
3404.71285200119,6400,8116,11720,-132,-43,93,5600,-8536,11668,-66,121,-154,-12140,4320,7972,-968,92,-44,-12308,-7292,7904,-490,120,-150,0
3404.748085975647,6144,8072,11724,-153,-72,87,5496,-8596,11648,-59,151,-180,-12088,4336,8152,-1279,85,-106,-12256,-7188,7800,-484,140,-131,0
3404.783667087555,6392,8012,11664,-166,-26,99,5552,-8484,11508,-56,129,-191,-12112,4332,8216,-1040,88,-61,-12152,-7260,7732,-478,152,-116,0
3404.8196980953217,6312,8008,11596,-154,-17,94,5568,-8524,11620,-40,105,-168,-12312,4376,8180,-989,79,-96,-12272,-7288,7740,-475,159,-95,0
3404.8549280166626,6464,7984,11620,-172,-52,108,5636,-8604,11524,-61,96,-202,-12344,4384,8112,-1014,89,-40,-12256,-7312,7820,-514,120,-132,0
3404.8902180194855,6424,8012,11872,-137,-39,95,5584,-8532,11636,-26,133,-170,-12272,4172,7980,-778,90,-75,-12292,-7232,7808,-495,112,-115,0
3404.9385480880737,6344,8096,11636,-166,-45,96,5496,-8516,11556,-20,148,-180,-12184,4260,8080,-986,129,-58,-12432,-7216,7820,-453,113,-107,0
3404.9856300354004,6344,8136,11796,-207,-30,119,5592,-8628,11692,-256,133,-168,-12040,4396,8300,-1041,108,-48,-12272,-7248,7752,-483,162,-94,0
3405.028778076172,6284,8160,11824,-246,-61,134,5528,-8516,11776,3,152,-190,-12044,4316,8276,-774,107,-130,-12248,-7328,7852,-486,160,-78,0
3405.0645360946655,6332,8088,11700,-188,-55,121,5592,-8628,11688,-81,153,-213,-12212,4472,8236,-999,111,-70,-12288,-7220,7784,-482,171,-110,0
3405.099571943283,6368,8040,11860,-230,-88,109,5584,-8508,11672,-15,121,-197,-12248,4144,8148,-964,110,-137,-12320,-7272,7860,-465,188,-95,0
3405.134854078293,6172,8036,11800,-234,-67,147,5520,-8616,11596,-20,122,-188,-12172,4268,8180,-1009,132,-124,-12284,-7180,7776,-450,155,-51,0
3405.171519994736,6332,8100,11852,-250,-40,144,5556,-8684,11528,-36,135,-143,-12268,4256,8024,-1007,122,-98,-12304,-7204,7692,-462,143,-38,0
3405.204936981201,6388,8004,11928,-253,-88,115,5436,-8596,11556,-55,156,-175,-12220,4320,8440,-994,129,-100,-12312,-7204,7764,-453,156,-97,0
3405.238531112671,6384,8048,11588,-511,-92,162,5500,-8548,11676,-35,148,-179,-12228,4192,8408,-1012,132,-120,-12544,-7012,7500,-485,171,-44,0
3405.2721180915833,6308,8004,11704,-223,-73,147,5640,-8428,11616,30,139,-180,-12196,4272,7964,-1063,282,-111,-12068,-7208,7868,-762,231,-46,0
3405.3057050704956,6384,7976,11672,-267,-108,163,5516,-8576,11552,21,103,-214,-12184,4304,8164,-998,204,-125,-12372,-7192,7656,-468,183,-52,0
3405.3395640850067,6184,7868,11752,-238,-115,170,5536,-8560,11748,26,115,-197,-12288,4324,8376,-975,164,-117,-12308,-7236,7776,-458,203,-31,0
3405.3729979991913,6184,7976,11684,-283,-79,146,5696,-8572,11596,-255,127,-191,-12152,4348,8204,-963,140,-103,-12376,-7272,7756,-446,181,-51,0
3405.4065620899205,6400,8084,11860,-250,-117,138,5536,-8572,11580,36,153,-179,-12240,4324,7940,-1270,132,-74,-12304,-7196,7792,-435,190,-51,0
3405.4400589466095,6500,8008,11772,-243,-120,174,5500,-8540,11636,14,158,-187,-12200,4252,8240,-1041,153,-87,-12452,-7204,7812,-445,187,-67,0
3405.47341299057,6476,7952,11720,-251,-127,153,5492,-8472,11604,26,138,-208,-12296,4376,8160,-1001,155,-133,-12224,-7184,7916,-456,178,-71,0
3405.507233142853,6492,7988,11816,-266,-116,164,5548,-8476,11728,4,118,-209,-12236,4108,8080,-1006,155,-114,-12152,-7120,7796,-455,171,-51,0
3405.5406899452214,6340,7936,11724,-242,-129,166,5624,-8536,11628,39,98,-184,-12252,4292,8352,-998,145,-76,-12208,-7052,7852,-482,152,-69,0
3405.5742490291595,6372,8020,11948,-236,-150,166,5544,-8536,11628,32,100,-197,-12220,4336,8112,-1026,153,-91,-12244,-7172,7712,-489,171,-67,0
3405.607521057129,6372,8076,11852,-244,-123,156,5604,-8544,11648,41,82,-203,-12528,4212,8120,-1002,162,-95,-12532,-7072,7712,-483,170,-57,0
3405.640766143799,6480,8020,11852,-216,-144,142,5388,-8520,11568,15,105,-190,-12268,4236,8312,-1015,168,-143,-12084,-7120,7744,-473,194,-95,0
3405.6742939949036,6496,7960,11724,-224,-129,160,5864,-8212,11936,24,94,-212,-12276,4276,8072,-1012,126,-134,-12328,-7192,7860,-473,158,-85,0
3405.7080841064453,6372,7968,11672,-228,-158,156,5568,-8700,11584,9,120,-188,-12308,4244,8140,-1028,144,-71,-12328,-7100,7516,-477,167,-47,0
3405.7415881156926,6424,7688,11768,-214,-143,137,5608,-8464,11772,-17,156,-175,-12252,4292,8024,-978,123,-75,-12424,-7164,7668,-457,147,-72,0
3405.7750260829926,6652,7900,11580,-212,-148,128,5632,-8532,11696,-41,136,-198,-12356,4436,8184,-1007,123,-106,-12492,-7308,7728,-500,118,-111,0
3405.8085391521454,6504,8188,11932,-169,-146,105,5624,-8432,11724,-28,108,-218,-12168,4144,7988,-1088,110,-92,-12152,-7416,7720,-486,120,-142,0
3405.842198133468,6536,7952,11696,-115,-90,88,5840,-8488,11700,-77,109,-206,-12248,4284,8152,-1004,64,-53,-12352,-7116,7716,-514,135,-151,0
3405.875930070877,6420,7904,11708,-153,-71,48,5624,-8552,11736,-35,156,-195,-12216,4260,8168,-1272,75,-71,-12412,-7040,7680,-492,109,-164,0
3405.9091539382935,6536,7744,11892,-156,-21,92,5660,-8576,11540,-31,103,-135,-12292,4380,8160,-1020,59,-62,-12476,-7172,7764,-497,111,-151,0
3405.942645072937,6556,7964,11548,-152,-6,81,5568,-8448,11724,-54,136,-122,-12332,4292,7976,-1054,108,-63,-12288,-7112,7780,-471,42,-170,0
3405.975942134857,6480,7804,11528,-120,-253,79,5600,-8580,11748,-63,141,-134,-12072,4312,8116,-994,67,-16,-12356,-7196,7804,-485,101,-171,0
3406.0096640586853,6428,8016,11656,-113,-39,71,5496,-8512,11664,-77,129,-169,-12364,4272,7960,-986,36,-41,-12316,-6952,7768,-538,129,-172,0
3406.043286085129,6416,7992,11764,-89,-61,70,5840,-8556,11664,-67,145,-177,-12296,4516,7984,-990,80,-86,-12048,-7208,7456,-529,132,-155,0
3406.076861143112,6412,8008,11776,-123,-57,77,5560,-8504,11636,-51,158,-207,-12188,4308,8364,-997,84,-81,-12260,-7220,7836,-503,151,-169,0
3406.1102690696716,6500,7984,11696,-113,-70,83,5652,-8588,11684,-68,129,-182,-12344,4348,8152,-973,94,-111,-12472,-7416,7720,-488,116,-152,0
3406.1437690258026,6452,8024,11756,-129,-56,73,5620,-8492,11700,-86,129,-158,-12232,4320,8224,-959,74,-61,-12320,-7412,7664,-468,127,-185,0
3406.1773300170894,6392,7940,11844,-130,-50,57,5388,-8608,11696,-113,119,-172,-12412,4360,8076,-1014,54,-67,-12364,-7164,7716,-521,118,-179,0
3406.2144939899445,6472,7984,11772,-102,-57,57,5552,-8488,11684,-51,141,-188,-12328,4268,8012,-1032,55,-21,-12044,-7220,7928,-534,118,-178,0
3406.2506089210506,6440,7732,11804,-141,-56,96,5600,-8588,11500,-61,111,-169,-12484,4340,8140,-1000,47,-40,-12532,-7228,7848,-502,124,-157,0
3406.285572052002,6368,7996,11740,-142,-32,64,5404,-8540,11624,-57,147,-157,-12528,4596,8320,-974,49,-27,-12232,-7164,7736,-495,107,-161,0
3406.3217499256134,6296,8004,11672,-125,-53,107,5624,-8504,11624,-74,152,-157,-12328,4344,8124,-998,59,-76,-12036,-7264,7644,-491,123,-165,0
3406.3576180934906,6368,8052,12020,-126,-46,79,5604,-8468,11684,-51,129,-170,-12320,4120,8184,-1016,95,-17,-12336,-7220,7732,-463,133,-167,0
3406.3923799991608,6344,7744,11584,-117,-71,89,5528,-8556,11684,-57,157,-173,-12044,4356,8088,-989,64,-112,-12504,-7268,7724,-490,136,-156,0
3406.4281699657445,6480,7932,11576,-146,-51,76,5624,-8452,11624,-63,158,-170,-12204,4364,8144,-961,87,-73,-12112,-6928,7840,-493,171,-164,0
3406.463725090027,6428,8080,11732,-137,-91,87,5396,-8548,11748,-53,158,-180,-12264,4304,8080,-976,16,-114,-12288,-7192,7692,-468,158,-139,0
3406.4992430210114,6348,8024,11544,-135,-67,62,5636,-8592,11712,-70,176,-201,-12204,4284,8160,-996,90,-70,-12532,-7252,7708,-475,134,-136,0
3406.5348241329193,6432,8024,11648,-163,-70,92,5512,-8556,11592,-45,161,-152,-12168,4384,7772,-1022,76,-5,-12084,-6936,7700,-490,138,-160,0
3406.5701870918274,6348,8024,12004,-201,-82,99,5516,-8488,11644,-4,124,-160,-12192,4224,8440,-1036,58,-72,-12200,-7252,7760,-481,131,-152,0
3406.6053569316864,6328,8048,12004,-128,-66,88,5588,-8464,11616,-59,128,-179,-12304,4340,8388,-995,18,-50,-12340,-7268,7780,-483,142,-146,0
3406.6407449245453,6344,8088,11796,-161,-46,71,5596,-8600,11792,-65,170,-174,-12208,4428,8112,-989,53,-54,-12320,-7244,7828,-484,126,-134,0
3406.67578291893,6384,7944,11844,-160,-36,92,5584,-8476,11616,-37,137,-173,-12168,4372,8120,-999,90,-41,-12288,-7212,7724,-481,136,-122,0
3406.7117969989777,6440,8056,11556,-144,-33,120,5504,-8492,11664,-26,167,-123,-12164,4224,8172,-1004,114,-40,-12292,-7328,7764,-485,102,-141,0
3406.7476670742035,6320,8084,11716,-153,-31,97,5540,-8500,11620,-64,122,-140,-12216,4332,8204,-967,89,-14,-12212,-7176,7764,-466,116,-134,0
3406.7827610969543,6316,8056,11980,-188,-50,78,5700,-8508,11440,-74,158,-163,-12248,4284,8068,-982,88,-92,-12532,-7292,7876,-768,138,-129,0
3406.8185501098633,6164,8140,11668,-140,-52,95,5636,-8576,11408,-32,146,-181,-12140,4276,7956,-996,113,-85,-12340,-6924,7716,-469,208,-126,0
3406.8548159599304,6616,8184,11740,-188,-49,90,5876,-8556,11648,12,116,-197,-12276,4096,8144,-1279,101,-92,-12064,-7216,7748,-488,143,-96,0
3406.8882069587708,6296,8020,11524,-156,-67,120,5620,-8604,11860,-49,120,-176,-12088,4376,8036,-1059,70,-46,-12292,-7176,7828,-446,110,-71,0
3406.921891927719,6588,7996,11872,-173,-72,90,5540,-8628,11716,-41,123,-168,-12248,4360,8256,-982,70,-40,-12328,-7168,7692,-459,135,-126,0
3406.9556169509888,6420,8000,11708,-176,-16,92,5568,-8600,11704,-51,147,-157,-12268,4404,8080,-776,43,-39,-12304,-7308,7788,-503,149,-108,0
3406.9892160892487,6456,8048,11816,-215,-50,111,5652,-8604,11608,-7,164,-151,-12240,4100,8384,-1020,46,-71,-12332,-7236,7856,-484,109,-121,0
3407.0222070217133,6344,8032,11700,-214,-24,103,5572,-8596,11568,-32,154,-177,-12224,4436,8156,-988,76,-79,-12268,-7236,7788,-491,127,-113,0
3407.0559580326085,6372,8028,11824,-238,-76,117,5592,-8552,11716,-17,168,-196,-12292,4276,8224,-989,107,-87,-12496,-7384,7932,-502,163,-83,0
3407.089693069458,6376,8084,11728,-218,-88,134,5500,-8540,11704,-39,131,-190,-12220,4412,8280,-1012,103,-97,-12140,-7200,7776,-488,198,-74,0
3407.1234221458435,6216,8144,11580,-240,-92,155,5528,-8512,11632,-22,143,-206,-12180,4284,8236,-988,175,-107,-12320,-7296,7712,-449,195,-53,0
3407.156933069229,6328,8016,11716,-243,-81,151,5500,-8492,11668,-14,117,-196,-12192,4428,8152,-1021,127,-149,-12316,-7164,7888,-465,226,-59,0
3407.1905360221863,6176,8080,11560,-238,-55,144,5568,-8532,11640,-48,135,-186,-12176,4356,8308,-1047,138,-167,-12368,-7248,7644,-465,204,-61,0
3407.2238750457764,6368,8048,11724,-237,-104,150,5504,-8520,11584,-38,168,-204,-12228,4120,8072,-1014,168,-105,-12324,-7256,7788,-487,189,-65,0
3407.2574100494385,6620,8032,11980,-226,-87,160,5568,-8600,11584,-12,155,-200,-12464,4276,7940,-1032,167,-85,-12500,-7264,7440,-444,175,-34,0
3407.291151046753,6400,8024,11640,-264,-105,169,5620,-8548,11628,-16,155,-197,-12220,4212,8076,-1013,206,-85,-12044,-6932,7636,-428,206,-66,0
3407.3245861530304,6468,7992,11744,-1,-93,165,5632,-8620,11656,-22,131,-184,-12144,4440,8072,-1006,172,-72,-12516,-7340,7720,-451,128,-63,0
3407.358143091202,6416,7988,11968,-267,-110,144,5500,-8556,11608,3,123,-154,-12276,4328,8040,-1001,125,-116,-12516,-7280,7724,-465,147,-69,0
3407.3943481445312,6152,8008,11724,-253,-134,162,5524,-8436,11632,34,109,-176,-12280,4232,7996,-1021,126,-79,-12272,-7260,7788,-452,149,-74,0
3407.4281380176544,6472,8148,11752,-228,-125,137,5548,-8528,11660,-23,152,-205,-12248,4264,8228,-991,151,-82,-12388,-7312,7744,-457,150,-67,0
3407.4617640972137,6404,8004,11864,-267,-128,119,5580,-8580,11660,254,134,-206,-12204,4332,8168,-967,125,-110,-12112,-7232,7824,-450,198,-51,0
3407.495269060135,6416,8084,11756,-246,-135,151,5576,-8488,11648,-7,157,-198,-12224,4568,8016,-977,112,-130,-12456,-7196,7908,-440,137,-52,0
3407.5287680625916,6420,8156,11680,-261,-125,165,5664,-8416,11576,2,170,-157,-12212,4364,7976,-1007,138,-85,-12424,-7272,7664,-432,143,-47,0
3407.5620899200444,6236,7932,11688,-271,-122,165,5580,-8564,11544,4,138,-170,-12212,4336,8280,-1005,149,-62,-12240,-6920,7720,-463,151,-79,0
3407.595690011978,6396,7980,11520,-208,-120,169,5588,-8536,11664,19,123,-215,-12280,4264,8220,-991,123,-112,-12376,-7060,7700,-478,182,-66,0
3407.6286430358887,6472,7944,11768,-197,-136,169,5732,-8464,12004,52,139,-187,-12216,4260,8188,-1026,164,-122,-12324,-7124,7692,-494,171,-73,0
3407.6619751453404,6436,7728,11556,-236,-162,167,5644,-8440,11640,30,95,-206,-12240,4532,8016,-1027,164,-111,-12384,-7144,7680,-465,220,-82,0
3407.695508956909,6176,7952,11796,-215,-165,156,5576,-8472,11564,24,96,-214,-12064,4156,8060,-1002,184,-99,-12320,-7192,7676,-463,176,-67,0
3407.72890496254,6432,7972,11804,-247,-161,184,5776,-8564,11600,3,117,-189,-12280,4184,8280,-979,150,-131,-12432,-7108,7760,-410,175,-55,0
3407.7624230384827,6648,8176,11996,-217,-138,143,5664,-8484,11980,-15,125,-218,-12308,4272,8132,-1017,116,-130,-12320,-7104,7708,-482,160,-96,0
3407.7961161136627,6584,7940,11844,-202,-140,160,5384,-8696,11584,-26,93,-207,-12328,4284,8076,-1029,132,-106,-12372,-7168,7776,-263,154,-101,0
3407.8297979831696,6404,7956,11692,-159,-129,127,5612,-8480,11684,-65,100,-225,-12136,4264,8008,-990,114,-79,-12388,-7380,7708,-495,142,-158,0
3407.863044023514,6572,7944,11528,-135,-98,80,5656,-8672,11604,-68,106,-209,-12324,4324,8024,-1009,130,-74,-12252,-7180,7740,-263,114,-198,0
3407.9004390239716,6440,7876,11732,-161,-79,86,5628,-8592,11604,-5,112,-195,-12272,4276,8156,-1044,51,-69,-12432,-6928,7432,-534,163,-137,0
3407.935588121414,6428,8040,11744,-139,-15,98,5856,-8392,11616,19,110,-175,-12304,4152,7952,-1092,91,-65,-12500,-7236,7804,-446,141,-100,0
3407.9718079566956,6520,8176,11556,-150,-36,58,5592,-8504,11756,-101,122,-198,-12300,4296,7972,-991,86,-68,-12344,-7208,7896,-267,106,-140,0
3408.0081820487976,6504,7928,11956,-138,-101,74,5652,-8524,11724,-52,135,-181,-12372,4132,8204,-988,-32,-88,-12328,-7404,7624,-477,114,-173,0
3408.043333053589,6580,7960,11940,-113,-252,83,5576,-8484,11588,-65,161,-153,-12212,4292,8048,-1003,63,-22,-12332,-7404,7444,-507,92,-167,0
3408.078807115555,6448,7960,11752,-149,-8,99,5564,-8380,11712,-60,132,-128,-12044,4228,7748,-1032,88,-8,-12276,-7272,7676,-487,98,-175,0
3408.1137919425964,6476,7972,11720,-147,-19,103,5540,-8492,11588,-56,112,-171,-12264,4328,8252,-1005,92,-20,-12316,-7224,7608,-527,108,-176,0
3408.1497280597687,6384,8040,11888,-131,-55,74,5564,-8604,11780,-55,142,-180,-12260,4260,8120,-1012,74,-43,-12520,-7244,7868,-509,125,-192,0
3408.1846289634705,6592,7952,11864,-129,-82,51,5604,-8552,11664,-34,116,-207,-12208,4296,8204,-1037,76,-96,-12304,-7380,7840,-493,180,-159,0
3408.220225095749,6420,8104,11728,-132,-71,75,5476,-8252,11624,-46,120,-223,-12224,4272,7972,-1013,95,-93,-12372,-7200,7784,-504,151,-129,0
3408.255494117737,6416,7752,11944,-171,-89,75,5612,-8488,11876,-54,112,-179,-12312,4284,8380,-972,77,-47,-12296,-7160,7424,-497,117,-130,0
3408.2912080287933,6540,8108,11616,-138,-58,75,5676,-8644,11628,-55,140,-173,-12188,4288,8116,-960,42,-64,-12336,-7200,7820,-512,113,-177,0
3408.3262550830846,6472,7920,11864,-144,-65,57,5624,-8508,11588,-81,146,-174,-12456,4244,8284,-967,48,-75,-12292,-7148,7740,-762,110,-187,0
3408.362272977829,6424,7928,11648,-113,-61,59,5884,-8532,11628,-62,176,-166,-12260,4312,8284,-992,58,-86,-12444,-7264,7680,-490,145,-157,0
3408.3976130485535,6608,7988,11784,-124,-64,73,5504,-8548,11596,-35,157,-159,-12044,4328,8148,-1011,71,-36,-12520,-6960,7800,-522,128,-172,0
3408.432862997055,6528,8008,11744,-134,-10,85,5552,-8516,11644,-16,174,-169,-12180,4280,8112,-998,57,-37,-12396,-7212,7708,-494,113,-141,0
3408.468658924103,6408,8016,11684,-128,-18,73,5848,-8600,11660,-36,140,-171,-12272,4136,8348,-996,98,-91,-12224,-7080,7732,-481,125,-138,0
3408.503716945648,6320,8204,11672,-140,-59,89,5376,-8692,11636,-75,132,-160,-12272,4284,8256,-994,108,-13,-12328,-7416,7856,-481,140,-119,0
3408.5391919612885,6420,8064,11904,-129,-64,96,5512,-8584,11524,-78,165,-176,-12248,4280,8100,-1017,70,-34,-12284,-7288,7756,-460,152,-172,0
3408.5727620124817,6380,8060,11828,-141,-52,88,5672,-8536,11600,-45,179,-189,-12268,4364,8172,-996,70,-65,-12092,-7224,7732,-476,139,-131,0
3408.606096029281,6464,8072,11772,-175,-33,89,5536,-8504,11608,-15,142,-181,-12180,4332,8224,-996,86,-83,-12304,-7196,7804,-472,128,-149,0
3408.6394691467285,6436,8068,11840,-153,-53,74,5736,-8704,11864,-24,182,-162,-12180,4356,8140,-1004,110,-41,-12332,-7240,7720,-476,150,-159,0
3408.6729631423946,6428,7984,11716,-185,-48,121,5604,-8520,11728,-23,145,-160,-12092,4356,8108,-987,83,-75,-12308,-7280,7744,-471,172,-159,0
3408.7064969539642,6420,8052,11776,-162,-49,128,5580,-8568,11536,-25,151,-185,-12104,4212,7944,-1014,93,-85,-12272,-7192,7748,-510,163,-132,0
3408.7400879859924,6444,8096,11748,-168,-70,87,5564,-8488,11600,-36,164,-159,-12212,4348,8008,-1020,97,-81,-12036,-7208,7916,-499,162,-126,0
3408.7736971378326,6348,8004,11708,-204,-64,121,5436,-8536,11692,246,151,-178,-12208,4412,8244,-997,133,-65,-12368,-7264,7920,-475,145,-102,0
3408.807337999344,6444,8080,11940,-239,-60,114,5376,-8684,11756,-17,149,-181,-12276,4348,8028,-1009,82,-67,-12064,-7272,7812,-449,160,-95,0
3408.8406591415405,6492,8180,11672,-237,-115,168,5524,-8580,11808,3,110,-181,-12208,4328,8136,-1004,84,-115,-12524,-7276,7940,-473,189,-57,0
3408.87420797348,6396,8088,11888,-217,-162,151,5452,-8516,11664,-24,108,-217,-12044,4168,8388,-978,142,-146,-12340,-7244,7780,-480,189,-95,0
3408.90753698349,6392,8052,11744,-237,-156,180,5476,-8212,11688,-48,82,-224,-12196,4200,8436,-994,119,-114,-12108,-7416,8048,-485,141,-44,0
3408.9410960674286,6532,8188,11612,-223,-130,173,5488,-8700,11564,-45,115,-171,-12176,4352,8012,-1003,146,-85,-12248,-7276,7760,-500,159,-64,0
3408.9747540950775,6416,7952,11712,-500,-90,165,5524,-8508,11640,29,111,-169,-12236,4276,8192,-1277,134,-72,-12352,-7180,7720,-463,160,-56,0
3409.008381128311,6464,8188,11740,-236,-64,161,5636,-8672,11772,5,126,-171,-12272,4256,8156,-1006,190,-77,-12332,-7200,7732,-464,157,-48,0
3409.041878938675,6160,7952,11920,-270,-89,122,5592,-8576,11900,-9,145,-216,-12244,4444,7920,-1275,159,-131,-12400,-7156,7480,-438,203,-46,0
3409.0756080150604,6492,7980,11892,-280,-126,145,5644,-8484,11564,4,98,-217,-12336,4308,8232,-1045,147,-149,-12292,-7116,7808,-454,161,-54,0
3409.1091790199284,6540,8020,11700,-256,-125,202,5684,-8656,11640,11,102,-133,-12540,4260,8128,-1036,153,-65,-12332,-7192,7792,-453,115,-76,0
3409.142235994339,6412,7868,11736,-275,-89,171,5612,-8548,11724,-18,127,-117,-12256,4244,8312,-1023,158,-33,-12264,-7176,7776,-436,108,-88,0
3409.1755850315094,6416,7924,11804,-509,-64,141,5532,-8556,11696,-14,118,-172,-12228,4308,8160,-1009,97,-91,-12268,-7148,7800,-484,132,-85,0
3409.2092521190643,6160,8132,11768,-208,-108,157,5592,-8524,11636,26,158,-182,-12044,4188,8132,-1007,131,-115,-12364,-7320,7928,-488,160,-69,0
3409.242600917816,6404,8176,11864,-212,-138,158,5572,-8572,11640,43,113,-224,-12064,4216,7968,-1015,183,-87,-12364,-7136,7672,-490,230,-44,0
3409.2763810157776,6428,7932,11648,-191,-166,164,5536,-8536,11680,7,95,-244,-12184,4604,8152,-962,171,-91,-12328,-7256,7728,-447,213,-51,0
3409.3099319934845,6500,7924,11752,-211,-195,152,5524,-8556,11576,-10,69,-254,-12336,4332,8128,-972,170,-124,-12424,-7272,7704,-459,203,-77,0
3409.3435270786285,6492,7908,11696,-242,-152,152,5668,-8460,11712,-20,116,-209,-12344,4284,8184,-994,144,-154,-12416,-7156,7648,-454,180,-77,0
3409.377128124237,6636,8028,11816,-206,-146,153,5536,-8552,11548,-23,132,-187,-12260,4308,8164,-1275,106,-87,-12316,-7172,7832,-493,176,-125,0
3409.410576105118,6436,7928,11640,-169,-97,114,5400,-8460,11408,-41,137,-204,-12304,4300,7980,-990,107,-60,-12308,-7140,7732,-489,149,-147,0
3409.4441261291504,6472,7956,11732,-168,-89,107,5412,-8492,11676,-36,145,-186,-12316,4232,8208,-996,85,-30,-12340,-7168,7756,-507,140,-165,0
3409.477947950363,6432,7700,11540,-138,-86,87,5612,-8556,11652,-23,137,-175,-12284,4284,7900,-1010,115,-46,-12280,-7136,7900,-501,130,-141,0
3409.5115361213684,6524,7908,11832,-180,-57,116,5636,-8520,11836,-254,137,-164,-12056,4204,8076,-1032,104,-100,-12344,-7188,7644,-468,120,-126,0
3409.5446879863734,6480,7920,11704,-156,-48,100,5612,-8480,11996,-18,134,-166,-12300,4296,8080,-1040,99,-65,-12420,-7176,7796,-477,141,-146,0
3409.5823581218724,6536,7984,11828,-156,-47,101,5556,-8496,11720,-66,101,-197,-12248,4272,8220,-1007,108,-27,-12268,-7140,7788,-493,147,-171,0
3409.61807012558,6564,7968,11692,-133,-75,97,5544,-8544,11624,-66,141,-175,-12048,4288,8024,-990,65,-67,-12312,-7140,7456,-492,163,-172,0
3409.6535029411316,6360,8060,11788,-162,-87,58,5612,-8444,11660,-52,116,-160,-12220,4284,8100,-973,6,-52,-12424,-6988,7900,-502,122,-137,0
3409.6892390251164,6484,7988,11652,-143,-74,80,5824,-8556,11548,-83,141,-168,-12064,4272,8040,-1017,79,-35,-12424,-6916,7812,-525,125,-176,0
3409.724972009659,6472,8168,11868,-127,-51,80,5604,-8528,11748,-42,154,-169,-12084,4276,8384,-980,45,-40,-12360,-7204,7896,-474,143,-172,0
3409.761078119278,6532,8016,11556,-137,4,76,5620,-8476,11636,-64,112,-162,-12268,4300,8172,-1005,72,-42,-12296,-7220,7636,-501,138,-139,0
3409.7962329387665,6468,8052,11780,-128,-54,46,5616,-8508,11724,-64,164,-182,-12400,4296,8144,-948,35,-64,-12288,-7176,7684,-503,132,-167,0
3409.831838130951,6416,7988,11880,-124,-30,68,5596,-8548,11508,-61,155,-165,-12360,4356,8076,-991,55,-45,-12292,-7112,7804,-511,125,-148,0
3409.8677201271057,6420,8124,11732,-105,26,77,5424,-8456,11792,-62,149,-132,-12220,4204,8232,-1040,66,-242,-12320,-7200,7688,-484,78,-159,0
3409.9030480384827,6504,7756,11724,-154,-8,59,5780,-8664,11516,-87,160,-124,-12252,4132,8368,-990,35,-47,-12320,-7256,7884,-502,73,-187,0
3409.938620090484,6388,8012,11856,-119,255,69,5836,-8460,11700,-53,169,-159,-12224,4360,8000,-992,59,-48,-12220,-7224,7772,-485,81,-176,0
3409.9736049175262,6532,8072,11528,-101,6,38,5404,-8520,11524,-64,180,-174,-12232,4292,8124,-996,62,-69,-12388,-7296,7732,-504,174,-167,0
3410.0094261169434,6448,8008,12004,-120,-61,59,5512,-8572,11808,-44,148,-199,-12128,4120,7992,-993,99,-53,-12216,-7280,7808,-481,145,-151,0
3410.0447311401367,6436,8052,12012,-128,-36,93,5568,-8492,11680,-80,131,-179,-12472,4368,8028,-971,89,-78,-12452,-7236,7660,-258,163,-153,0
3410.0802080631256,6604,8032,11816,-148,-67,67,5572,-8516,11972,-54,127,-164,-12064,4564,8364,-968,56,-23,-12388,-7328,7716,-490,122,-146,0
3410.1156270504,6492,8008,11540,-161,-83,81,5620,-8572,11636,-59,165,-173,-12376,4332,8196,-996,92,-73,-12400,-7228,7588,-476,138,-158,0
3410.1508419513702,6620,8064,11632,-117,-40,65,5604,-8436,11632,-46,163,-184,-12248,4548,7960,-1026,100,-71,-12452,-7256,7424,-500,142,-160,0
3410.1855750083923,6420,8048,11876,-132,-38,76,5872,-8540,11592,-83,151,-162,-12204,4308,7976,-988,80,-67,-12348,-7172,7700,-498,144,-180,0
3410.221899986267,6352,8024,11952,-128,-80,65,5552,-8544,11728,-35,148,-167,-12280,4320,8364,-988,32,-80,-12380,-7272,7716,-482,107,-139,0
3410.2555301189423,6416,8032,11844,-137,-11,90,5568,-8536,11548,-33,144,-169,-12252,4324,8240,-1012,97,-58,-12288,-7284,7744,-482,132,-127,0
3410.2891640663147,6484,8048,11812,-164,-33,81,5824,-8700,11668,-32,112,-154,-12276,4124,8032,-1003,78,-59,-12516,-7224,7888,-474,139,-152,0
3410.322704076767,6428,8124,11880,-151,-50,91,5612,-8568,11576,-53,151,-179,-12180,4276,8396,-984,44,-48,-12332,-7244,7812,-489,171,-134,0
3410.356251001358,6420,8036,11840,-152,-87,95,5660,-8588,11628,-63,139,-188,-12220,4264,8108,-972,38,-89,-12296,-7324,7740,-497,137,-130,0
3410.389286994934,6196,8048,11664,-139,-62,83,5620,-8608,11648,-67,145,-187,-12212,4316,8380,-999,141,-73,-12268,-7272,7868,-468,139,-160,0
3410.422605037689,6556,8136,11588,-181,-85,75,5596,-8564,11628,-25,142,-173,-12196,4320,8224,-1027,51,-45,-12508,-7228,7780,-496,149,-143,0
3410.456197023392,6640,8028,11648,-198,-59,107,5604,-8468,11728,-21,167,-173,-12264,4372,8120,-1029,102,-13,-12412,-7200,7756,-483,112,-160,0
3410.4899690151215,6392,8096,11692,-155,-58,94,5480,-8520,11676,-81,120,-138,-12312,4364,8152,-980,90,-43,-12392,-7208,7736,-477,108,-155,0
3410.5235681533813,6340,8048,11648,-163,-50,49,5472,-8600,11476,-58,121,-190,-12276,4392,7960,-948,73,-108,-12100,-7408,7788,-497,163,-148,0
3410.557229042053,6220,7996,11616,-139,-41,102,5580,-8508,11672,-50,130,-158,-12172,4356,8152,-1270,97,-49,-12348,-7356,7452,-480,126,-115,0
3410.590523958206,6396,8080,11608,-157,-25,128,5576,-8472,11716,-50,136,-136,-12252,4564,8428,-1039,136,-59,-12080,-7212,7792,-476,106,-134,0
3410.624248981476,6440,7968,11752,-189,-18,96,5612,-8500,11680,-49,154,-164,-12220,4336,8264,-974,105,-56,-12308,-7312,7860,-480,103,-112,0
3410.657551050186,6292,8088,11700,-236,-7,116,5424,-8496,11660,-20,168,-154,-12180,4448,8256,-1013,91,-94,-12276,-7280,7776,-484,166,-115,0
3410.6912610530853,6364,8096,11596,-190,-68,113,5472,-8564,11624,-5,157,-203,-12208,4364,8152,-997,90,-115,-12336,-7244,7880,-496,194,-92,0
3410.7248480319977,6332,8144,11780,-221,-115,124,5480,-8616,11740,6,113,-218,-12176,4376,8108,-1008,135,-166,-12180,-7264,7724,-495,233,-64,0
3410.758453130722,6244,8148,11712,-179,-154,164,5540,-8508,11740,-31,112,-251,-12248,4324,8176,-1000,139,-103,-12304,-7128,7724,-480,221,-50,0
3410.7917790412903,6616,8044,11776,-234,-124,160,5460,-8456,11524,-27,98,-202,-12200,4596,8128,-985,167,-118,-12200,-6988,7812,-460,186,-53,0
3410.8252699375153,6344,8084,11696,-265,-111,166,5548,-8532,11720,-20,139,-191,-12208,4204,8256,-1013,159,-150,-12324,-6936,7812,-467,197,-62,0
3410.859041929245,6428,8144,11748,-264,-85,165,5580,-8528,11684,15,142,-178,-12264,4304,8132,-1045,160,-113,-12536,-7224,7776,-450,199,-35,0
3410.892241001129,6396,7712,11596,-295,-69,164,5612,-8576,11640,-10,121,-206,-12044,4244,8104,-1010,143,-79,-12288,-7384,7440,-472,192,-104,0
3410.9257469177246,6212,8068,11812,-248,-90,152,5568,-8540,11680,5,131,-209,-12272,4292,8076,-1013,141,-105,-12140,-7412,7764,-455,171,-48,0
3410.9592990875244,6392,8060,11700,-249,-113,165,5620,-8656,11736,-252,117,-206,-12064,4264,8176,-1012,133,-113,-12332,-7168,7776,-459,191,-61,0
3410.9928660392766,6492,8076,11764,-231,-124,160,5384,-8500,11544,253,104,-188,-12248,4268,8064,-1026,148,-102,-12520,-7252,7868,-465,153,-63,0
3411.0264661312103,6484,8120,11884,-240,-122,158,5852,-8684,11752,10,117,-193,-12380,4332,7968,-1004,113,-118,-12308,-7420,7692,-474,154,-68,0
3411.0601239204407,6288,7776,11852,-506,-134,147,5840,-8472,11656,2,114,-178,-12244,4336,8092,-1000,140,-98,-12060,-7272,7932,-468,154,-47,0
3411.0936880111694,6496,7692,11716,-236,-99,161,5616,-8508,12012,-30,101,-199,-12192,4320,8256,-975,142,-81,-12260,-7068,7744,-458,159,-78,0
3411.1273300647736,6456,8016,11620,-200,-98,162,5512,-8412,11796,-35,97,-180,-12052,4108,8420,-1000,127,-71,-12108,-7124,7848,-489,142,-24,0
3411.1605479717255,6404,7684,11640,-243,-131,186,5556,-8488,11768,21,83,-171,-12068,4260,8360,-1032,132,-97,-12464,-6956,7700,-506,155,-69,0
3411.1940200328827,6492,8072,11876,-236,-134,165,5628,-8680,11632,35,104,-177,-12192,4252,7988,-772,147,-90,-12352,-7236,7476,-478,134,-66,0
3411.2302000522614,6456,8068,11760,-207,-151,145,5844,-8472,11676,-17,111,-223,-12300,4124,8240,-984,137,-123,-12440,-7204,7840,-491,174,-93,0
3411.2653040885925,6356,8000,11796,-254,-149,129,5624,-8660,11676,30,107,-206,-12208,4328,8036,-997,143,-96,-12432,-7088,7660,-458,140,-58,0
3411.3012521266937,6452,7996,11556,-233,-122,164,5628,-8456,11604,14,118,-152,-12400,4228,8044,-1060,160,-77,-12368,-7280,7692,-479,135,-53,0
3411.337085008621,6624,7952,11632,-270,-125,177,5612,-8472,11532,-19,118,-148,-12244,4180,8276,-1009,125,-60,-12296,-7224,7652,-438,105,-81,0
3411.372256040573,6380,7952,11664,-241,-141,140,5528,-8508,11568,-13,112,-184,-12196,4116,8380,-1019,117,-140,-12268,-7124,7784,-491,153,-86,0
3411.4075660705566,6440,8164,11764,-181,-133,157,5624,-8420,11696,-243,82,-214,-12280,4368,8204,-984,108,-93,-12380,-7168,7752,-766,186,-79,0
3411.4426980018616,6548,7916,11800,-208,-179,146,5644,-8552,11580,24,95,-243,-12260,4328,8252,-1019,204,-148,-12100,-7144,7872,-462,195,-41,0
3411.478659152984,6556,7716,11852,-145,-189,144,5448,-8380,11660,252,58,-242,-12260,4292,7944,-990,196,-123,-12392,-7184,7924,-471,175,-87,0
3411.5138640403748,6516,7968,11832,-229,-193,156,5684,-8396,11752,-27,98,-212,-12212,4172,8020,-950,150,-119,-12524,-7124,7512,-456,182,-49,0
3411.5492200851445,6632,7892,11924,-218,-137,168,5592,-8484,11656,-26,105,-205,-12384,4304,8264,-952,151,-44,-12384,-7132,7824,-485,203,-54,0
3411.5842599868774,6528,7968,11800,-209,-137,161,5640,-8588,11772,28,163,-173,-12360,4524,8040,-1002,105,-120,-12420,-7096,7672,-484,160,-102,0
3411.620162963867,6452,8028,11956,-188,-126,145,5816,-8264,11672,32,136,-195,-12112,4252,8140,-991,133,-75,-12400,-6944,7680,-481,189,-107,0
3411.655040025711,6564,8032,11952,-173,-144,145,5648,-8680,11556,26,186,-205,-12336,4440,8060,-995,76,-125,-12480,-7164,7924,-539,199,-134,0
3411.6907310485844,6560,7948,11584,-149,-122,123,5616,-8472,11600,106,349,-154,-12088,4304,8068,-1010,83,-106,-12332,-7076,7776,-527,152,-118,0
3411.7270779609685,6504,8000,11744,-153,-94,138,5588,-8456,11684,103,229,-195,-12536,4280,8072,-1034,82,-64,-12332,-7396,7676,-526,196,-121,0
3411.762251138687,6428,7932,11764,-153,-168,172,5620,-8496,11752,90,171,-168,-12232,4340,8428,-1057,110,-100,-12412,-7396,7764,-544,202,-118,0
3411.7974100112915,6528,7968,11544,-127,-88,132,5880,-8424,11700,100,161,-176,-12332,4284,8444,-1265,65,-78,-12484,-7392,7768,-552,146,-151,0
3411.8332030773163,6708,8048,11600,-121,-64,147,5620,-8364,11688,55,327,-146,-12288,4324,8096,-1275,68,-84,-12408,-7160,7696,-577,122,-100,0
3411.868248939514,6652,7952,11924,-161,-112,111,5536,-8432,11628,45,227,-184,-12536,4332,8252,-1016,-12,-53,-12364,-7172,7744,-610,165,-175,0
3411.903897047043,6468,7952,11720,-117,-41,108,5624,-8388,11684,96,219,-168,-12260,4164,8116,-1096,38,-44,-12340,-7268,7716,-552,153,-158,0
3411.937446117401,6620,8004,11632,-93,-55,98,5844,-8436,11728,45,238,-185,-12240,4288,7828,-1068,9,-70,-12444,-7224,7760,-532,172,-131,0
3411.971197128296,6496,7976,11832,-174,-65,115,5560,-8500,11800,34,170,-190,-12320,4372,7952,-989,102,-82,-12348,-7140,7724,-561,156,-137,0
3412.004867076874,6620,7964,11764,-133,-91,125,5384,-8388,11696,26,134,-158,-12308,4272,8072,-1061,94,-48,-12328,-7220,7584,-467,115,-151,0
3412.0383999347687,6576,7972,11568,-130,-14,145,5608,-8336,11896,2,119,-165,-12128,4156,8308,-958,50,-48,-12356,-7220,7692,-503,117,-113,0
3412.0719151496887,6172,8004,11640,-168,15,136,5824,-8364,11696,-25,130,-158,-12196,4260,8248,-943,22,-30,-12308,-7216,7712,-442,105,-89,0
3412.1054649353027,6528,7944,11716,-200,-67,166,5400,-8540,11816,-7,90,-172,-12352,4384,8076,-992,102,-66,-12356,-6940,7680,-577,208,-34,0
3412.1390681266785,6408,8076,11856,-217,-188,229,5324,-8428,11756,56,-7,-210,-12524,4308,8336,-1037,494,-143,-12356,-7272,7840,-447,194,22,0
3412.172466993332,6528,8084,11760,-276,-169,238,5508,-8380,11764,22,-67,-243,-12120,4280,8316,-927,503,-91,-12200,-7336,7900,-422,179,38,0
3412.2060129642487,6548,8032,11740,-286,-223,275,5436,-8364,11576,-69,-46,-226,-12312,4304,8336,-831,210,-34,-12152,-6988,7832,-392,113,32,0
3412.23929810524,6540,7972,11904,-357,-172,201,5552,-8452,11784,-63,44,-203,-12452,4280,7976,-931,213,-31,-12452,-7172,7692,-376,94,1,0
3412.2724230289455,6620,7992,11796,-386,-176,195,5400,-8424,11856,-34,74,-171,-12288,4276,8024,-896,109,-69,-12404,-7148,7712,-381,35,-31,0
3412.3060250282288,6872,7968,11668,-416,-131,216,5880,-8344,11944,-18,85,-149,-12132,4312,8172,-915,187,15,-12400,-6972,7736,-362,-26,239,0
3412.3395590782166,6568,7940,11696,-380,-136,237,5720,-8364,11768,-11,225,-177,-12224,4212,7936,-942,193,21,-12396,-7032,7684,-400,45,254,0
3412.3729670047765,6560,7884,11736,-400,-149,229,5648,-8328,11984,-38,-37,-182,-12240,4328,8208,-832,318,-29,-12436,-7360,7880,-364,48,31,0
3412.4107029438014,6664,7956,11788,-404,-141,237,5508,-8300,11600,-78,-35,-172,-12320,4260,8052,-823,265,11,-12352,-7080,7756,-328,-245,44,0
3412.4447741508484,6768,7924,11652,-424,-182,251,5660,-8388,11612,-76,117,-113,-12372,4336,7988,-863,10,24,-12376,-6700,7624,-312,41,45,0
3412.47828412056,6668,7792,11828,-439,-133,303,5628,-8248,11596,-65,-7,-122,-12204,4408,7992,-1006,409,13,-12260,-7012,7684,-311,106,59,0
3412.5118539333344,6596,7712,11720,-404,-120,510,5712,-8332,11636,-156,-38,-138,-12288,4316,7936,-836,254,52,-12292,-6936,7816,-324,66,-68,0
3412.5453529357906,6604,7648,11664,-243,-117,222,5504,-8312,11528,-197,27,-77,-12208,4340,8020,-989,312,48,-12280,-7004,7672,-347,44,-87,0
3412.579071998596,6724,7796,11712,-217,120,129,5648,-8288,11512,-302,83,-42,-12344,4432,7496,-957,174,66,-12368,-6916,7832,-286,50,-4,0
3412.6126251220703,6680,7748,11524,-247,197,206,5668,-8364,11648,-157,152,7,-12360,4416,7968,-903,80,101,-12404,-6964,7852,-243,74,2,0
3412.645668029785,6888,7908,11520,-343,228,191,5820,-8676,11636,-241,84,38,-12368,4316,7952,-783,3,160,-12516,-6908,7772,-298,33,45,0
3412.6791210174565,6804,7796,11608,-364,326,269,5788,-8308,11724,-414,249,118,-12520,4416,7700,-877,252,226,-12476,-6956,7736,-369,-91,62,0
3412.7126400470734,6680,7748,11684,-232,436,252,5592,-8404,11416,-370,67,198,-12364,4420,7776,-805,345,288,-12364,-7020,7752,-389,-113,58,0
3412.7458240985866,6584,7916,11948,-353,416,276,5408,-8536,11604,-442,53,150,-12208,4392,7896,-797,286,318,-12468,-7276,8120,-186,-185,114,0
3412.77959895134,6480,7980,11920,-489,375,201,5720,-8560,11936,-605,-61,31,-12480,4556,8212,-684,334,325,-12460,-7128,7876,-166,-154,62,0
3412.8131630420685,6492,7836,11832,-762,0,129,5756,-8712,11708,-953,14,-11,-12148,4528,8088,-621,135,252,-12252,-7192,7940,-226,-108,29,0
3412.8464601039886,6456,7932,11976,-481,117,89,5676,-8708,11448,-1160,167,-70,-12128,4816,7888,-429,217,204,-12048,-6888,7952,-275,-109,60,0
3412.8799409866333,6400,7816,11836,-568,37,158,5544,-8632,11320,-1125,-139,-177,-12192,4456,7656,-323,483,224,-12376,-6840,7964,-27,-92,256,0
3412.9161491394043,6564,7616,11964,-838,-176,290,5720,-8576,11244,-1119,-88,-266,-12536,4528,7828,-227,551,142,-12496,-6884,8020,178,-256,424,0
3412.951630115509,6604,7572,11988,-1002,-157,367,5388,-8864,11700,-1080,-54,-166,-12060,4964,7744,-324,484,331,-12416,-6816,8140,81,-113,417,0
3412.9878990650177,6516,7532,11860,-902,-94,431,5520,-8940,11384,-1037,-150,-55,-12528,4868,7732,-488,643,376,-12320,-6660,7952,-61,-151,459,0
3413.023339033127,6480,7500,11792,-524,-67,495,5552,-9188,11096,-937,-157,-44,-12280,4920,7832,-523,596,341,-12356,-6560,8216,-47,20,625,0
3413.0582649707794,6416,7528,12124,-886,-154,662,5636,-9016,11288,-1062,-547,-97,-12348,4804,7544,-447,798,398,-12468,-6404,8248,-8,31,733,0
3413.094190120697,6784,7440,12136,-964,-231,816,5672,-9212,11328,-1297,-673,135,-12412,5232,7872,-496,998,485,-12648,-6512,8068,-120,-165,848,0
3413.129720926285,6804,7264,12096,-1098,-210,771,5484,-9188,10952,-1178,-797,107,-12444,5200,7528,-698,914,615,-12508,-6272,8108,-266,-227,894,0
3413.1650960445404,6740,7020,11976,-895,-139,1163,5868,-9588,11480,-911,-736,333,-13020,5312,7752,-284,692,755,-12408,-6272,8040,-419,-211,723,0
3413.200708150864,6624,6892,12172,-596,-89,974,5928,-9956,11268,-649,-665,-176,-12756,5368,8400,-1123,530,353,-12376,-6220,8416,-635,-73,512,0
3413.235902070999,6744,6972,12224,-318,-45,755,5700,-9272,10336,-289,-463,427,-12364,5452,8340,-1102,332,278,-12592,-6224,8464,-722,-160,323,0
3413.2713100910187,6788,6804,12172,-197,128,641,5696,-9528,10984,-291,-535,32,-12436,5412,7252,-1136,483,347,-12548,-6188,8444,-718,-146,297,0
3413.3061289787292,6448,6944,12272,-116,137,521,5872,-9480,10828,-502,-217,142,-12504,5032,7704,-1089,333,160,-12468,-6504,8296,-529,-71,174,0
3413.342211961746,6572,7248,12264,-509,37,427,5864,-9332,11264,-213,-76,-24,-12392,4972,7340,-881,384,70,-12308,-6612,8332,-309,60,219,0
3413.3774189949036,6436,7400,12120,-482,-108,268,5792,-9536,10992,-367,-62,-272,-12384,5072,7504,-554,411,-115,-12080,-6480,8224,-71,273,143,0
3413.4126760959625,6372,7268,12216,-421,-203,254,5540,-9240,11000,-645,-122,-345,-12076,4876,7360,-461,262,-110,-12368,-6232,8176,-91,270,456,0
3413.448493003845,6728,7356,12108,-602,-565,643,5576,-9284,10968,-990,-358,-443,-12128,5256,7472,-360,912,-67,-12512,-6144,8440,25,326,652,0
3413.483484983444,6428,6708,12076,-821,-650,481,6128,-9972,10868,-699,-470,-531,-12700,5540,7424,-723,1006,-214,-12348,-6088,8260,-345,639,458,0
3413.5193049907684,6728,6868,12008,-291,-500,580,5636,-9488,10896,-282,-585,-440,-12364,5248,7092,-982,834,-394,-12248,-6164,8268,-599,786,582,0
3413.5542430877686,6608,7208,12120,-46,-755,807,5800,-9264,10808,-418,-1028,-680,-12060,4748,6940,-897,1267,-489,-12456,-6452,8072,-436,943,786,0
3413.590003013611,6800,7076,12012,-253,-955,686,6248,-9704,10880,-591,-976,-845,-12552,4892,7336,-676,1084,-482,-12764,-6340,8028,-430,961,612,0
3413.6235790252686,7280,7080,11792,-297,-604,457,6468,-9320,10664,-447,-689,-755,-12872,4824,7272,-647,954,-484,-12872,-6256,7876,-599,985,560,0
3413.6570501327515,7064,7212,11872,-190,-485,309,6348,-9284,10796,-422,-257,-783,-12708,4860,7072,-716,987,-495,-12792,-6000,7916,-763,1118,632,0
3413.6905629634857,7136,7012,11996,-198,-688,459,6148,-9636,10792,-309,-538,-803,-12588,5184,6812,-1011,1132,-266,-12732,-5680,7912,-829,1342,876,0
3413.724046945572,6964,6900,12068,-186,-929,771,6252,-9644,10960,-41,-1113,-947,-12312,4888,6492,-1130,1694,-722,-12516,-5656,8088,-543,1407,1168,0
3413.7574059963226,6760,6976,12132,-199,-1308,885,6236,-9456,10432,-87,-1527,-1394,-12364,4740,6484,-827,2149,-1077,-12140,-6140,7780,-46,1741,1261,0
3413.7908051013947,6560,6776,12220,-454,-1673,734,6400,-9644,10204,-239,-1692,-1824,-12664,4804,6368,-408,2376,-1453,-12332,-5736,7860,33,2155,1262,0
3413.824259996414,6832,6640,12064,-463,-2097,574,6428,-9904,10488,-306,-1646,-2286,-12552,4992,6956,-284,2334,-1786,-12568,-5568,7824,151,2734,1189,0
3413.857695102692,7268,6404,12332,-337,-2612,274,7224,-10268,10296,-164,-1201,-2585,-13712,5488,6268,-342,2305,-2071,-13444,-4908,8012,143,2791,848,0
3413.890911102295,8092,6364,12456,24,-2702,261,7800,-10632,9908,121,-1375,-2607,-13772,5572,5960,-658,2161,-2263,-13536,-4676,7536,50,2860,726,0
3413.9242601394653,8164,6076,12276,321,-2758,358,7428,-9932,9704,-70,-1293,-2487,-13516,5120,5600,-540,1758,-2209,-13792,-4968,7416,-101,2706,538,0
3413.9575860500336,8300,6028,11756,15,-2780,240,7904,-9688,9768,-504,-871,-2434,-13852,5152,5752,-469,1392,-2019,-13780,-4796,7536,-21,2387,502,0
3413.991105079651,8472,6388,11720,108,-2810,37,7860,-9956,10040,211,-1066,-2423,-13828,4988,5496,-738,1343,-2229,-13596,-4568,7048,-195,2678,151,0
3414.0244691371918,8516,6188,11796,469,-2506,126,7764,-9756,10228,687,-888,-2412,-13676,4908,5404,-1188,1320,-2462,-13648,-4576,6956,-469,2977,158,0
3414.0579221248627,8508,6404,11600,682,-2665,236,7848,-9548,9824,1118,-777,-2386,-13728,4392,5396,-1497,1347,-2601,-13676,-4780,6420,-520,3012,82,0
3414.091639995575,8680,6236,11296,939,-2922,288,7820,-9492,9872,1510,-1211,-2526,-13592,4412,5220,-1846,1339,-2846,-13412,-4720,6588,-1100,3374,-25,0
3414.1251590251923,8680,6224,11152,1191,-3154,296,8056,-9284,9852,2075,-1060,-2752,-13716,4320,5392,-2346,1032,-3088,-13660,-4856,6500,-1270,3577,-49,0
3414.1582829952245,8968,6520,11104,1238,-3256,391,8184,-8840,9856,2198,-997,-2553,-13616,4200,5576,-2530,1284,-3010,-13956,-4956,6292,-1494,3498,4,0
3414.1918029785156,9076,6784,10960,1140,-3266,613,8104,-8564,10256,2209,-1099,-2273,-13600,4000,5400,-2685,1426,-2779,-14336,-4788,6100,-1751,3341,279,0
3414.225300073624,9224,6984,10920,1161,-2999,873,8256,-8568,10336,2423,-1439,-2039,-13820,3668,5384,-3003,1746,-2669,-14280,-5116,5436,-2179,3380,545,0
3414.2585639953613,9508,7268,10672,1492,-2981,1031,8380,-8092,10468,2426,-1951,-1880,-13832,3288,5144,-3103,2268,-2576,-14552,-4868,4976,-2578,3356,989,0
3414.2921030521393,9804,7640,10424,1804,-3406,1925,8596,-7532,10452,2374,-2748,-1822,-13748,2360,5120,-3242,2944,-2402,-14412,-5224,4824,-2532,3347,1608,0
3414.325525999069,9972,7724,9620,1646,-3266,2259,8832,-7096,10260,2137,-3225,-1826,-14216,2248,5220,-3308,3356,-2214,-14772,-5316,4560,-2487,3264,2056,0
3414.3590869903564,10604,7740,9804,1289,-3272,2814,8992,-7016,10420,1858,-3690,-1477,-14008,2156,4536,-3345,3888,-1869,-14628,-4660,4300,-2485,3055,2712,0
3414.392296075821,10432,7800,9484,1056,-3201,3342,9048,-6416,10304,1691,-4234,-1069,-13768,1644,4208,-3544,4818,-1605,-14616,-4892,3952,-2307,2979,3432,0
3414.4256470203404,10696,7748,9096,565,-2926,4129,9840,-6324,10216,1551,-4840,-778,-14452,852,4372,-3503,5077,-1499,-14756,-5484,3524,-1976,3067,3692,0
3414.4593081474304,10864,8012,9176,368,-2805,4340,10328,-5904,10004,865,-5481,-886,-15516,236,4208,-3115,5461,-1750,-14936,-5616,3012,-1588,3010,3843,0
3414.4928300380707,11168,7820,8756,45,-3012,4296,10856,-5752,9884,148,-4875,-1209,-15084,380,3868,-2562,5287,-1784,-14724,-4960,2620,-1243,3292,3957,0
3414.526253938675,11368,7264,8204,-212,-3127,4046,11076,-5488,9064,-556,-4212,-1130,-15088,336,3364,-2180,4698,-1405,-15164,-4640,2772,-679,3067,3770,0
3414.559942960739,12328,6920,7956,-921,-2786,3628,12240,-5508,8692,-1308,-3494,-721,-16248,260,2972,-1435,3911,-714,-16288,-4508,2716,123,1675,3199,0
3414.5960149765015,11880,6208,8780,-1791,-1825,2673,13508,-6320,8248,-1765,-1548,-123,-17168,384,2244,-677,2580,-158,-16644,-3296,2300,371,1307,2489,0
3414.632276058197,13820,5780,8720,-2275,-1455,2227,12932,-6980,8168,-2490,-854,192,-16260,1036,1108,-124,2211,309,-16420,-2372,2680,522,994,2439,0
3414.6680719852448,13380,5308,8736,-2713,-1305,2364,12540,-7040,7552,-3475,-1235,156,-15960,1160,932,746,2401,617,-15876,-2184,2768,1468,414,2578,0
3414.7032239437103,13224,4628,8364,-3154,-1154,2401,12324,-7304,7520,-3901,-1088,192,-15688,1744,1288,806,1942,938,-15752,-1692,2324,1455,250,2260,0
3414.739254951477,13256,4280,8008,-2875,-847,2496,11864,-7872,8088,-3215,-1350,459,-15812,1896,1372,345,1596,979,-15784,-1716,2304,787,-189,2067,0
3414.774317979812,13420,4192,8416,-2401,-338,2413,12032,-8012,7980,-2450,-646,438,-16092,1684,1772,-168,1168,921,-15884,-1892,2460,503,-323,1567,0
3414.8102331161494,13428,3920,8436,-1755,-113,2004,12252,-7968,7856,-1849,-358,671,-16264,1552,1684,-459,714,893,-15892,-2000,2296,-213,-559,897,0
3414.8459279537205,13552,3996,7936,-1004,464,1528,12380,-7888,7780,-999,-285,582,-16052,1572,1932,-983,130,710,-15636,-1920,2380,-705,-594,381,0
3414.881418943405,13264,4148,8184,-296,686,758,12032,-8120,8312,62,-14,604,-16000,1440,1704,-1477,105,505,-15800,-1900,2392,-1195,-522,84,0
3414.9176239967346,13352,4440,8432,171,845,507,12148,-7736,7684,410,-718,563,-15828,1252,1564,-1672,-87,518,-15624,-2100,2500,-1379,-551,-61,0
3414.9526591300964,12948,4280,8748,349,692,157,11956,-7936,7456,421,65,303,-15584,1892,1148,-1786,-260,461,-15112,-1284,2920,-1528,-439,-273,0
3414.9884591102605,12932,3792,8448,576,606,32,11824,-8416,7648,1056,337,205,-15424,2052,916,-2115,-105,398,-15540,-1276,3040,-1474,-270,-151,0
3415.0234141349792,12952,3636,8992,735,724,59,12040,-8268,7448,1140,-194,232,-16168,2128,1740,-2080,-509,291,-15856,-2100,3392,-1426,-570,-789,0
3415.0597100257874,13044,4448,9328,546,861,-115,12300,-7804,7436,467,165,265,-16204,1688,1432,-1545,-748,424,-16028,-2540,3356,-858,-707,-853,0
3415.095021009445,12988,4504,9528,152,693,-393,12516,-8296,7604,-253,667,293,-16204,2040,1456,-624,-816,338,-15956,-2136,3188,-602,-767,-1089,0
3415.1301960945134,12940,4272,9316,-133,425,-641,12024,-8144,7336,-245,727,13,-15332,1844,1408,-316,-713,437,-15416,-2128,3272,-141,-503,-853,0
3415.1652169227605,12400,4688,8800,-667,304,-597,11256,-7740,7752,-225,592,-273,-14848,1712,1376,-207,-418,256,-14716,-2384,2816,305,-165,-626,0
3415.2003490924835,12052,4640,9064,-1182,-561,-307,11592,-7856,7672,-328,-233,-743,-14876,1688,1296,20,55,60,-15008,-2052,2960,664,340,-201,0
3415.23561000824,12216,4616,8884,-1579,-1102,-20,11504,-7904,7868,-609,-268,-1303,-14744,2036,1468,113,862,-46,-14944,-1984,3012,904,872,464,0
3415.271306991577,12308,4456,8984,-1433,-1360,133,11572,-8040,7760,-441,-807,-1430,-15484,2272,2272,-521,790,-178,-15220,-1828,2964,539,1137,549,0
3415.3048069477086,12852,3996,9236,-871,-1531,509,11976,-8544,7796,-175,-609,-1211,-16000,2808,1560,-1199,440,-339,-16104,-1684,3980,-185,1103,142,0
3415.338431119919,13496,3400,8584,-428,-1034,6,12464,-8560,6996,-218,486,-992,-16152,2280,1796,-721,320,-522,-16088,-2088,3600,184,651,-254,0
3415.372107028961,12644,4236,9284,-646,-245,-502,11908,-8144,7396,-236,962,-1217,-15760,1788,2364,-81,16,-848,-14996,-2968,3580,720,790,-670,0
3415.405194044113,11704,4804,9360,-839,-738,-993,11404,-7804,8224,-725,1156,-1456,-14996,1548,2184,136,-252,-1042,-14672,-2924,3264,879,1180,-749,0
3415.4387691020966,12004,5208,9364,-1037,-1497,-960,11516,-7612,8052,-1429,330,-2018,-14904,1588,1832,369,103,-1558,-15152,-2012,2556,836,2026,36,0
3415.4722769260406,12700,5088,8904,-1535,-2265,-222,11212,-7820,8060,-1804,802,-1910,-14916,2192,1496,-26,1127,-1380,-15960,-1344,2564,555,2224,882,0
3415.505785942077,13496,4228,8512,-999,-2213,433,11860,-7876,7772,-1639,-1230,-1576,-15972,2380,1320,-715,1057,-958,-16128,-1300,2704,81,1767,815,0
3415.5394580364227,14076,3752,8384,-561,-1829,740,12828,-7940,7120,-1109,-1270,-1087,-16144,2324,808,-919,900,-756,-15968,-844,2388,-397,1675,524,0
3415.573035955429,13832,3448,8540,-233,-1717,1014,12736,-8048,7284,-243,-866,-812,-15756,1660,304,-1235,1449,-909,-15636,-1136,2436,-235,1874,783,0
3415.606729030609,13628,3856,8680,-492,-1867,1325,12008,-7444,6620,-277,-1016,-853,-15224,1456,912,-1272,1816,-946,-15628,-1792,2800,290,1807,1307,0
3415.6397581100464,13232,4236,8244,-1307,-1598,1520,11824,-7288,6964,-984,-1034,-967,-14800,1024,832,-644,2225,-909,-14880,-2040,2496,675,1768,1862,0
3415.673383951187,12644,4448,8328,-1743,-1947,1868,11604,-6960,7072,-1821,-1267,-1326,-14244,668,716,180,3269,-1098,-14540,-2532,1844,789,2339,2682,0
3415.707086086273,12044,4668,8004,-2370,-3035,2195,11292,-6760,6624,-3535,-1526,-1808,-14084,156,296,1069,4153,-1294,-13916,-1824,1104,1266,3287,3624,0
3415.740555047989,12056,4244,7220,-2833,-4422,2548,11592,-7028,6532,-4436,-2047,-2714,-14184,608,-272,1067,5230,-2233,-13992,-396,436,1009,4439,4436,0
3415.7741129398346,12852,3008,6860,-2498,-5643,3413,11900,-7532,6568,-3740,-3181,-3356,-15032,1152,-516,-144,5879,-2772,-15100,656,336,639,5344,5193,0
3415.807436943054,14492,2476,6532,-1743,-6303,4293,12632,-7304,5840,-2893,-5168,-3170,-16076,1076,-1708,-526,6547,-2716,-16548,816,564,509,5015,5125,0
3415.841161966324,15720,2000,6596,-1408,-5578,4759,14528,-7792,5552,-1967,-6331,-2683,-17332,1488,-1436,-1047,6481,-2200,-17460,860,596,237,3934,4875,0
3415.8744690418243,16328,1856,6304,-1502,-3489,4375,15260,-7924,5840,-896,-4980,-2020,-17704,704,-1080,-665,5904,-1885,-17012,416,444,129,3128,3964,0
3415.9080200195312,15780,2236,6728,-1568,-3389,3971,14952,-7456,5504,-709,-4347,-1577,-16904,328,-900,-285,5157,-1728,-16360,-316,92,143,2866,3175,0
3415.941601037979,15120,2372,6132,-1290,-3262,3311,13996,-7352,5404,-1106,-3531,-1837,-16152,480,-576,-344,4681,-1695,-15768,-176,400,163,2479,2783,0
3415.9750571250916,14836,2012,5892,-1225,-2834,2406,13796,-7516,5504,-460,-2443,-1625,-16300,980,252,-1045,3099,-1276,-16032,-36,868,-101,1812,1915,0
3416.0085759162903,14928,1472,5948,-632,-1309,1361,13860,-8108,5560,665,-1337,-935,-16900,1560,728,-1877,546,-117,-16364,-480,1812,-533,179,145,0
3416.041811943054,14636,1740,6432,367,935,113,13304,-8112,5780,1612,893,528,-16388,2548,776,-2061,-1303,1083,-16724,-184,2444,-1255,-1846,-1586,0
3416.075497150421,14972,1756,6956,1345,3225,-830,13472,-8516,5848,1778,1548,2353,-17392,2188,392,-3092,-3832,1551,-17056,216,1976,-1960,-3428,-2783,0
3416.109143972397,15208,1864,7628,2526,4708,-1675,14368,-9016,6260,2265,2689,3464,-17604,1748,-356,-3764,-5160,1936,-17080,668,1056,-2656,-3899,-3555,0
3416.1422259807587,15904,1740,7816,3236,4942,-2259,15244,-8700,5588,2701,2566,3402,-17620,1468,-1504,-3664,-5150,2227,-17452,1076,1160,-3211,-4360,-3351,0
3416.175714969635,16160,2328,7960,3379,5080,-2649,15244,-8120,5712,2674,2690,3145,-16756,704,-2528,-2185,-3809,2601,-16984,808,992,-2908,-4355,-2479,0
3416.209314107895,15224,2552,8212,2533,4622,-2460,13768,-7840,4840,1663,2437,2381,-15064,744,-2620,-1001,-1894,2603,-15296,704,916,-1982,-3470,-1297,0
3416.2427139282227,13660,2544,7736,1209,3735,-1906,12648,-7604,4372,533,1336,1362,-15016,860,-1896,-941,-1345,2399,-14604,640,1228,-1098,-2182,-541,0
3416.2791509628296,13412,2188,8184,341,2422,-1400,12704,-7880,4240,-483,589,580,-15572,1228,-2508,-672,-1222,1573,-15024,760,1816,-111,-1102,-544,0
3416.3140740394592,13728,1352,7988,-697,1922,-1266,13484,-8612,4228,-944,1478,307,-16060,2464,-2048,-450,-1482,1072,-16072,1540,2320,393,-1193,-978,0
3416.3495309352875,14832,1292,7684,-646,2437,-1479,14148,-9120,4876,-197,1180,532,-17024,2556,-1432,-319,-2121,1252,-16560,1112,2180,155,-1843,-1607,0
3416.384598016739,14564,1656,8564,-834,2506,-1742,13848,-8884,4932,58,2808,836,-16632,2248,-792,-282,-2529,989,-15884,704,2408,128,-2141,-2304,0
3416.4206900596614,13884,1588,8024,-379,2653,-2403,13652,-9188,5680,816,3288,697,-16652,2512,-244,-717,-3100,290,-15748,560,2320,-476,-2195,-3356,0
3416.455909013748,13732,1880,8504,268,2468,-3221,13512,-8796,5540,1587,4141,543,-16448,1816,-68,-615,-3855,64,-15668,-392,2180,-741,-2005,-4115,0
3416.491317033768,13560,2872,8900,660,2109,-3925,13016,-8376,6224,1657,5251,271,-15920,1764,-204,-614,-4163,-117,-15920,-784,2540,-566,-1644,-4249,0
3416.5276269912724,13292,4324,9156,312,2143,-3763,12144,-8188,7312,1558,4686,277,-16100,2188,744,-681,-3616,-69,-16088,-1196,2664,-808,-1189,-3765,0
3416.5628271102905,13240,4676,9420,373,1982,-3227,12216,-7940,8044,1410,4047,343,-15708,1660,1336,-372,-2922,-119,-15388,-2284,2612,-952,-847,-3438,0
3416.5985651016235,12320,4920,8756,993,1304,-2882,11756,-7800,7944,1178,3391,-163,-15372,968,2104,-318,-2682,-705,-14760,-2812,2224,-1289,-224,-3602,0
3416.633810043335,12044,5400,8704,1480,754,-2916,11284,-7108,7944,1158,3281,-467,-15096,740,2128,-378,-2772,-790,-14968,-3312,2400,-885,74,-3349,0
3416.6714270114894,12180,5808,8208,1123,208,-2927,11068,-6964,8520,1036,2831,-889,-15020,1040,2440,-339,-2650,-794,-15488,-3140,2816,-377,-231,-2982,0
3416.707344055176,12444,6084,8584,529,487,-2888,10824,-7028,8676,819,2052,-626,-14976,1488,2240,-260,-2359,-268,-15480,-2920,2892,-219,-562,-2504,0
3416.74281001091,12380,5900,8752,336,696,-2531,11076,-7452,8736,603,3472,-423,-15440,1720,2400,-395,-2124,-253,-15660,-2708,2572,-179,-657,-2222,0
3416.778146982193,12780,5492,8688,279,1060,-2231,11584,-7472,8836,540,1770,-490,-15604,1692,2216,-228,-1972,207,-15756,-2596,2952,-262,-870,-2177,0
3416.8139359951015,12496,5676,9128,328,1316,-2152,11760,-7632,8396,614,2568,32,-15720,1556,2512,-228,-2081,397,-15716,-3172,3288,33,-923,-2207,0
3416.849543094635,11872,5784,9348,-15,1356,-2168,11108,-7844,8952,340,2435,11,-15264,2000,2452,-179,-1985,365,-15360,-2852,3448,215,-840,-2006,0
3416.8848221302032,11772,5816,9576,-247,1078,-1773,10356,-8044,8476,466,1383,-44,-14888,2192,2568,-210,-1624,368,-15076,-3056,3580,68,-557,-1463,0
3416.922438144684,11300,6084,9272,-128,570,-1335,9944,-7848,8536,222,1699,-4,-14580,2288,2832,-390,-1259,358,-14852,-3196,3668,10,-616,-1206,0
3416.956237077713,11228,5824,9480,-332,722,-1076,10048,-8076,8692,198,1525,-159,-14684,2656,2960,-677,-1236,324,-15132,-2988,4048,-33,-684,-1056,0
3416.98996591568,11592,5736,9472,-428,1015,-843,10436,-7848,8536,218,1043,185,-15256,2796,3084,-769,-1154,508,-15404,-3060,3856,-340,-998,-966,0
3417.0237250328064,11548,5772,9560,-398,1176,-641,10456,-7432,8840,474,1931,558,-15100,2296,2824,-834,-1099,794,-14912,-3328,3764,-273,-1158,-694,0
3417.0573530197144,10996,5952,9648,-551,1378,-307,10028,-7620,9180,234,263,686,-14496,2156,3000,-1011,-491,728,-14776,-3340,3764,-198,-936,-192,0
3417.0906920433044,11100,6272,9580,-553,915,179,10044,-7612,9060,-5,73,593,-14796,2240,3308,-1058,-93,745,-15080,-3508,3952,-348,-799,135,0
3417.1243720054626,11500,6104,9584,-632,830,409,10428,-7684,9000,-512,344,611,-14936,2480,3328,-1108,-96,513,-15004,-3600,3932,-336,-843,184,0
3417.1576471328735,11160,5992,9928,-862,734,435,10256,-8044,9088,-360,353,585,-15348,2356,3428,-1225,-125,653,-15060,-3372,3864,-549,-557,164,0
3417.1911380290985,11076,5648,9992,-1022,565,511,10316,-8088,9120,-296,180,611,-14632,2672,3248,-1179,-31,817,-15348,-3340,4392,-591,-563,406,0
3417.224776029587,11500,5968,10188,-599,399,568,10464,-8076,9084,-690,-85,460,-15088,2564,3116,-864,36,864,-14916,-3364,4188,-663,-719,245,0
3417.258400917053,11136,5720,9904,-251,431,515,10748,-8128,9328,-488,-455,399,-15160,2300,3176,-895,145,600,-15340,-3364,3828,-713,-630,114,0
3417.291929960251,11368,5928,9812,-93,425,438,10792,-7840,9084,-340,-224,308,-15372,2148,3352,-836,31,531,-15340,-3720,3964,-487,-623,23,0
3417.3255269527435,11508,6056,9616,-340,638,171,10860,-7820,9000,-474,131,361,-15328,2400,3536,-705,-123,753,-15296,-3576,4148,-219,-735,97,0
3417.3592460155487,11012,5648,10064,-533,841,-70,10544,-7808,9116,-493,477,505,-15300,2412,3176,-627,-225,673,-15120,-3312,4164,-120,-612,35,0
3417.3927540779114,11224,5532,10048,-567,649,-187,10772,-8692,8504,-484,268,37,-15308,2592,2884,-499,-101,461,-15080,-2956,4252,-328,-494,-227,0
3417.4286811351776,11044,5616,10228,-220,320,-162,10536,-8424,8616,-392,221,-21,-14960,2996,3048,-729,-161,247,-15004,-3272,4376,-396,-272,-311,0
3417.4624230861664,11212,5636,10260,-230,219,-129,10300,-8332,8948,-290,72,-152,-15108,2780,3156,-793,-93,169,-15092,-3300,4792,-247,-286,-406,0
3417.4959609508514,10840,5420,10064,-326,200,-250,10264,-8244,8792,-139,467,-27,-15336,3036,3640,-880,-401,16,-14904,-3152,4684,-278,-398,-634,0
3417.529463052749,10992,5520,10048,-215,466,-461,10584,-8396,8776,25,839,94,-15052,3144,3476,-816,-528,166,-14860,-3424,4780,-416,-613,-897,0
3417.563013076782,11200,5384,10144,-254,728,-597,10268,-8396,8784,-44,1153,211,-15064,2848,3636,-859,-937,188,-14980,-3328,4680,-533,-637,-828,0
3417.596671104431,10868,5852,10196,-148,746,-523,10064,-8244,8944,-11,959,54,-14672,2948,3260,-740,-641,248,-14904,-3424,4636,-588,-543,-467,0
3417.6301820278168,10840,6128,10352,-213,574,-230,10236,-8116,9040,-163,302,-89,-14580,2912,3216,-762,-101,173,-14844,-3332,4624,-321,-314,-246,0
3417.6637320518494,10768,5804,10424,-417,268,144,9996,-8336,9092,-302,352,-70,-14760,3040,3456,-850,293,153,-14976,-3416,4708,-178,-205,245,0
3417.6973850727086,10756,5936,10396,-526,90,424,10172,-8204,9040,-385,-37,-43,-14848,3108,3664,-845,383,209,-14932,-3456,4660,-311,-239,248,0
3417.731158018112,10728,5884,10292,-434,-17,488,9832,-8660,9044,-401,67,-36,-14848,3032,3728,-814,336,213,-14692,-3352,4896,-399,-214,282,0
3417.7645099163055,10568,5656,10448,-410,45,472,10188,-8580,8916,-380,-256,-2,-15100,3312,3680,-849,321,204,-14948,-3472,4880,-505,-230,175,0
3417.798146009445,10664,5788,10304,-281,79,477,10296,-8448,9080,-322,-229,3,-15016,3192,3392,-810,297,161,-15032,-3472,4804,-528,-277,123,0
3417.8312900066376,10940,5740,10312,-303,81,408,10324,-8372,9024,-310,97,242,-15172,2924,3584,-827,206,162,-15064,-3536,4752,-451,-283,65,0
3417.8647470474243,10956,5800,10260,-290,194,317,10316,-8376,9168,-275,74,54,-14984,2820,3504,-857,106,176,-14860,-3476,4792,-496,-318,19,0
3417.8979139328003,10924,5884,10172,-266,189,261,10276,-8328,8728,-233,69,28,-14992,2880,3404,-873,14,237,-14972,-3204,4700,-468,-298,4,0
3417.9314160346985,10908,5744,10256,-330,170,234,10260,-8360,8872,-181,76,-53,-15032,3180,3432,-908,74,169,-14812,-3396,4872,-420,-267,-252,0
3417.968286037445,10876,5620,10416,-369,159,192,10312,-8644,8752,-99,168,-73,-15036,3172,3360,-935,66,134,-14852,-3252,5044,-388,-215,-20,0
3418.0043411254883,10944,5484,10280,-353,80,207,10264,-8508,8788,-142,132,-152,-15052,3248,3220,-817,61,151,-14876,-3204,4936,-465,-188,28,0
3418.0397670269012,10916,5460,10312,-351,34,252,10332,-8532,8640,-165,55,-165,-14988,3204,3460,-913,94,111,-14892,-3224,5080,-439,-130,21,0
3418.075184106827,10960,5416,10572,-363,-35,269,10204,-8640,8956,-108,69,-140,-14872,3248,3408,-935,100,180,-14912,-3284,4872,-435,-190,-30,0
3418.1108269691467,10876,5584,10368,-324,26,244,10172,-8628,9068,-174,150,-130,-14600,3560,3544,-887,31,139,-15068,-3196,5124,-483,-232,-35,0
3418.147222995758,10644,5504,10480,-387,15,232,10164,-8600,8712,-95,134,-164,-14852,3260,3376,-964,62,42,-14624,-3148,5360,-492,-108,-64,0
3418.1823120117188,10916,5424,10356,-340,57,225,10144,-8576,8792,-83,154,-103,-14788,3264,3432,-995,65,240,-14856,-3320,5320,-528,-125,-111,0
3418.218097925186,10708,5528,10368,-214,15,186,10260,-8496,8840,-14,145,-22,-14928,3344,3540,-1003,50,22,-14868,-3208,5096,-602,-116,-166,0
3418.2533569335938,10936,5540,10420,-139,77,98,10352,-8572,8884,11,202,-52,-14988,3216,3652,-1050,-25,-9,-14912,-3276,5256,-623,-76,-242,0
3418.2893259525295,10796,5596,10344,-52,81,12,10356,-8528,8792,30,261,-179,-14776,3160,3512,-1273,-31,-82,-14628,-3376,4964,-591,44,-272,0
3418.3250751495366,10680,5416,10288,-62,64,-18,10136,-8260,9024,9,245,-258,-14676,3080,3324,-1043,7,-153,-14752,-3300,5080,-559,111,-207,0
3418.360429048538,10644,5624,10292,-107,-62,-60,10152,-8408,8792,11,238,-305,-14788,3100,3440,-1027,57,-248,-14748,-3460,5004,-469,268,-201,0
3418.3956151008606,10684,5700,10240,-210,-181,-34,10260,-8420,8760,-7,299,-338,-14660,3096,3408,-971,55,-206,-14808,-3424,5112,-441,326,-131,0
3418.431189060211,11000,5748,10372,-201,-172,0,10092,-8264,8828,-47,230,-339,-14940,3252,3372,-951,197,-193,-15100,-3428,5196,-416,283,-122,0
3418.4675850868225,10708,5840,10412,-246,-151,62,10048,-8520,9088,-111,156,-335,-14788,3140,3684,-978,131,-141,-14768,-3552,5160,-430,285,-43,0
3418.5023651123047,10580,5620,10532,-293,-103,50,10040,-8464,8976,-228,107,-342,-14684,3312,3856,-868,112,-128,-15064,-3356,5616,-386,208,-65,0
3418.5380721092224,10788,5652,10620,-257,-108,27,10228,-8552,8940,-303,156,-303,-14960,3400,3784,-828,76,-94,-14916,-3080,5236,-433,196,-71,0
3418.573606014252,10800,5660,10504,-215,-118,100,10220,-8680,8820,-271,41,-242,-15016,3352,3412,-860,138,-65,-15032,-3180,5148,-495,153,-70,0
3418.609496116638,10904,5512,10492,-161,18,102,10216,-8524,9056,-172,63,-233,-15072,3388,3352,-942,75,-6,-15104,-3212,5036,-508,117,-98,0
3418.6428320407867,10832,5496,10680,-111,115,79,10248,-8900,8724,-91,60,-198,-14892,3408,3448,-970,-4,45,-14980,-3196,5192,-559,21,-170,0
3418.676728963852,10732,5528,10544,-167,114,81,10444,-8640,8668,-34,92,-111,-14908,3396,3296,-986,-35,50,-14764,-3216,5236,-570,251,-165,0
3418.71027803421,10644,5672,10544,-148,92,74,10256,-8604,8896,-78,156,-138,-14844,3392,3668,-1280,14,-32,-14920,-3428,5156,-554,40,-166,0
3418.7439489364624,10584,5380,10392,-135,22,44,10300,-8544,8532,-147,233,-189,-14756,3248,3588,-976,-4,-55,-15072,-3356,5352,-530,120,-203,0
3418.7773981094365,10756,5584,10384,-147,-33,15,10116,-8524,8840,-138,223,-219,-14868,3268,3816,-968,249,-66,-14612,-3240,5124,-497,121,-228,0
3418.811136007309,10840,5664,10648,-134,-2,-13,10200,-8416,8936,-96,194,-147,-14600,3076,3808,-987,-255,-4,-14952,-3264,5036,-528,63,-186,0
3418.8443541526794,10680,5696,10448,-122,50,47,10340,-8544,8904,-122,188,-114,-14784,3436,3520,-975,-37,-11,-14804,-3348,5192,-520,14,-177,0
3418.8778669834137,10620,5668,10568,-99,103,10,10212,-8516,8932,-176,177,-153,-14948,3568,3656,-905,-39,7,-14688,-3084,5172,-257,-252,-215,0
3418.9111909866333,10508,5708,10588,-86,71,22,10012,-8636,8848,-165,154,-194,-15080,3560,3632,-921,12,10,-14820,-3344,5036,-523,69,-191,0
3418.9445130825043,10616,5620,10536,-12,54,11,10000,-8568,8848,-122,170,-177,-14892,3280,3536,-1016,6,-26,-14864,-3376,5044,-582,139,-214,0
3418.9780440330505,10596,5756,10572,99,-27,-31,10212,-8708,8816,-81,200,-221,-14836,3256,3596,-991,-41,-90,-14836,-3408,5192,-607,127,-2,0
3419.011543035507,10632,5836,10376,30,-82,-41,10052,-8604,8908,-103,232,-233,-14984,3076,3768,-959,-70,-110,-14864,-3476,5144,-572,101,-314,0
3419.0448999404907,10600,5844,10452,-27,-10,-76,10188,-8504,8704,-108,270,-218,-14992,3360,3756,-972,-104,-57,-14724,-3500,5204,-558,87,-295,0
3419.0784029960632,10516,5880,10496,-23,-72,-75,10080,-8508,8840,-121,267,-255,-14676,3352,3656,-946,-62,-109,-14728,-3460,5116,-595,142,-222,0
3419.1119179725647,10584,5828,10464,-40,-77,-9,10044,-8488,9008,-184,148,-270,-14804,3264,3516,-874,21,-68,-14784,-3392,5264,-536,100,-181,0
3419.1452951431274,10672,5856,10396,-71,-70,254,10172,-8604,8952,-194,143,-14,-14716,3312,3560,-867,17,-108,-14728,-3292,4944,-492,143,-146,0
3419.178951025009,10592,5700,10460,-141,-121,48,9992,-8756,8868,-180,90,-235,-14880,3520,3816,-941,69,-113,-14848,-3260,5264,-578,161,-134,0
3419.212459087372,10748,5668,10516,-37,-62,51,10468,-8500,8712,-130,100,-214,-14776,3396,3344,-967,21,-56,-14784,-3576,5216,-598,125,-117,0
3419.2458159923553,10644,5604,10388,-80,-47,79,10228,-8668,8780,-118,76,-195,-14752,3536,3436,-988,34,-24,-14952,-3076,5240,-557,87,-77,0
3419.2792761325836,10704,5668,10584,-48,-253,128,10460,-8708,8696,-139,80,-161,-14904,3500,3656,-1015,-10,6,-15064,-3256,5236,-655,68,-78,0
3419.3128650188446,10684,5648,10404,-105,2,157,10160,-8792,8504,-85,74,-93,-14828,3480,3516,-1085,-30,4,-14816,-3228,5272,-715,52,-98,0
3419.3463919162746,10528,5748,10640,-33,33,215,10124,-8732,8796,-116,60,-9,-14764,3416,3340,-1079,36,245,-15012,-3456,5336,-686,68,-35,0
3419.379676103592,10636,5684,10504,-84,-77,243,10204,-8904,8732,-204,101,-14,-14836,3408,3564,-1082,71,66,-14740,-3584,5344,-683,79,-20,0
3419.4130179882054,10592,5772,10392,-89,1,505,10072,-8664,8704,-105,46,-14,-14784,3368,3584,-1092,95,26,-15088,-3280,5328,-667,42,-30,0
3419.4464280605316,10716,5684,10472,-58,89,307,10164,-8656,8748,-59,39,92,-14844,3444,3432,-1105,176,114,-14916,-3352,5328,-651,-36,37,0
3419.479924917221,10816,5800,10516,-124,177,296,10228,-8708,8804,-136,111,188,-14828,3512,3784,-1059,97,177,-14952,-3512,5184,-608,-88,11,0
3419.5134110450745,10692,5924,10348,-219,166,283,9988,-8780,8920,-168,157,153,-14808,3328,3720,-1078,143,159,-14816,-3512,5104,-644,4,-42,0
3419.5470299720764,10552,5748,10404,-134,11,266,9764,-8708,8820,-143,8,-34,-14640,3368,3776,-1080,133,-255,-14452,-3296,5104,-769,169,7,0
3419.5805680751805,10380,5688,10348,-20,-152,317,9872,-8696,8896,3,-77,-89,-14624,3488,3492,-1181,231,-94,-14780,-3496,5296,-651,238,95,0
3419.6138329505925,10728,5856,10408,255,-13,345,10396,-8664,8940,59,-77,-154,-14952,3424,3684,-1094,310,31,-14924,-3624,5332,-371,73,98,0
3419.6504740715027,10824,5992,10564,-206,199,267,10464,-8820,8920,-37,53,-36,-14900,3332,3832,-1004,142,91,-15336,-3608,5288,-286,-75,-85,0
3419.6859271526337,10520,5972,10700,-408,212,86,10408,-8784,8984,-104,352,-65,-15000,3220,4192,-847,-200,96,-14880,-3824,5060,-399,-54,-451,0
3419.721296072006,10424,6100,10424,-498,83,-196,10172,-8632,9096,-164,730,-77,-14668,3068,4052,-711,-491,-43,-14668,-3812,5076,-493,32,-582,0
3419.757830142975,10268,6120,10432,-406,-136,-271,9744,-8496,8756,-250,636,-255,-14516,3268,3660,-785,-325,-180,-14568,-3824,4992,-443,252,-356,0
3419.7926530838013,10476,5996,10104,-333,-152,-175,9864,-8508,8984,-154,425,-335,-14476,3296,3588,-804,-37,-97,-14728,-3420,5300,-334,194,-107,0
3419.828761100769,10276,6044,10352,-279,-56,-20,9824,-8796,8784,-187,250,-368,-14472,3732,3808,-1024,222,-20,-14820,-3024,5384,-285,67,122,0
3419.86364197731,10668,5552,10748,-301,-21,316,10052,-9152,8456,-104,-150,-211,-14356,4060,3512,-874,396,86,-15100,-2856,5432,-486,82,309,0
3419.8991990089417,10684,5400,10616,-206,-11,553,10144,-9088,8276,-127,-21,-10,-14876,3868,3384,-961,488,139,-15080,-2944,5420,-487,11,304,0
3419.9348940849304,10816,5216,10852,-357,4,574,10396,-9140,8352,-32,-113,105,-14928,3732,3680,-1083,261,137,-14980,-3324,5444,-564,10,137,0
3419.970276117325,10588,5464,10648,-391,45,448,10288,-8964,8584,37,85,138,-15104,3556,3604,-1191,116,149,-14820,-3420,5324,-596,-59,7,0
3420.0053770542145,10564,5432,10716,-278,135,300,10216,-9016,8688,-21,202,143,-14868,3556,3876,-1149,-7,120,-14928,-3436,5484,-614,-34,-145,0
3420.040826082229,10404,5580,10456,-279,61,189,10164,-8832,8780,84,332,55,-14744,3416,3784,-1078,-131,4,-14764,-3608,5136,-577,-36,-247,0
3420.0762410163884,10728,5764,10348,-202,131,8,10136,-8500,8912,117,349,-54,-14676,3572,3644,-969,-179,-39,-14856,-3676,5240,-488,-65,-351,0
3420.112286090851,10536,5868,10504,-305,68,-84,9992,-8644,8960,53,447,-70,-14820,3544,3764,-888,-240,-220,-14644,-3556,5212,-455,-20,-383,0
3420.148337125778,10484,5860,10420,-322,-16,-124,9916,-8960,9184,4,409,-158,-14616,3080,3984,-814,-216,-58,-14664,-3544,5168,-442,43,-300,0
3420.1833670139313,10488,5776,10360,-289,0,-136,10036,-8776,8936,-64,373,-220,-14568,3456,3632,-791,-144,-240,-14644,-3296,5192,-450,64,-257,0
3420.21866106987,10424,5704,10516,-270,-67,-28,9940,-8800,8784,-24,240,-213,-14688,3652,3816,-903,47,-75,-14680,-3288,5336,-464,128,-121,0
3420.25417804718,10452,5600,10496,-147,-116,109,10092,-8880,8576,-35,43,-174,-14712,3644,3844,-963,85,-67,-14804,-3328,5380,-499,132,-94,0
3420.2905809879303,10440,5832,10660,-125,-10,152,10084,-8852,8700,26,122,-62,-14676,3796,3692,-1021,72,-46,-14808,-3204,5380,-545,70,-138,0
3420.3242371082306,10668,5388,10716,-64,-23,190,9984,-8912,8804,62,91,-64,-14708,3676,3772,-1080,106,23,-14780,-3388,5400,-550,24,-116,0
3420.3576490879054,10600,5832,10332,-56,55,175,10112,-8824,8760,11,97,-56,-14724,3528,3636,-1040,106,-236,-14732,-3516,5216,-526,22,-142,0
3420.3906741142273,10396,5708,10612,-126,14,109,10032,-8780,8724,-40,167,-119,-14640,3400,3652,-942,97,-95,-14584,-3520,5212,-766,121,-185,0
3420.424257993698,10392,5636,10356,-86,-51,69,10020,-8760,8792,-36,146,-219,-14640,3412,3644,-950,82,-170,-14776,-3492,5356,-491,201,-241,0
3420.457417011261,10576,5644,10488,-72,-107,-36,10088,-8752,8864,11,180,-331,-14700,3516,3860,-979,27,-158,-14620,-3544,5252,-443,273,-214,0
3420.491137981415,10308,5868,10564,-200,-151,-56,9972,-8800,9052,-37,192,-366,-14816,3384,3692,-896,120,-3,-14672,-3452,5368,-405,322,-105,0
3420.526705980301,10368,5752,10712,-101,-253,15,9916,-9000,8936,-105,107,-404,-14796,3704,3740,-889,280,-354,-14744,-3320,5280,-436,387,-48,0
3420.5600910186768,10568,5652,10760,-92,-370,145,10124,-8720,8804,-1,264,-346,-14868,3740,4016,-1037,285,-336,-14956,-3372,5132,-502,385,-58,0
3420.5937500000005,10552,5712,10556,-16,-298,103,10076,-8880,8812,19,17,-327,-14780,3664,3556,-997,244,-478,-14624,-3420,5420,-541,270,-144,0
3420.627447128296,10632,5700,10576,69,-162,63,9968,-8892,8948,41,41,-268,-14696,3696,3792,-942,198,-149,-14924,-3584,5388,-524,105,-138,0
3420.660709142685,10624,5440,10656,-23,-4,82,10184,-8892,8800,-36,41,-185,-14796,3664,3652,-909,226,-92,-14896,-3304,5396,-486,58,-103,0
3420.6942100524902,10584,5756,10924,-113,-256,128,10184,-8948,8664,-66,54,-153,-14672,3796,3572,-941,268,-111,-14720,-3160,5224,-566,187,-83,0
3420.727889060974,10596,5596,10556,-113,-138,178,10200,-8784,8892,-56,56,-184,-14772,3636,3588,-1036,0,-139,-14756,-3372,5208,-590,293,-51,0
3420.761337995529,10556,5644,10432,-72,-273,197,10164,-8852,8892,38,15,-250,-14680,3348,3656,-1079,323,-193,-14920,-3316,5412,-521,281,-31,0
3420.7949509620667,10688,5784,10424,-76,-222,233,9992,-8824,8796,63,-98,-295,-14724,3564,3776,-1086,387,-184,-14780,-3396,5356,-526,271,-29,0
3420.8285160064697,10612,5656,10392,-56,-222,189,10092,-8848,8708,-253,-91,-320,-14848,3420,3688,-1082,348,-185,-14696,-3508,5296,-518,251,-87,0
3420.8618640899654,10544,5796,10580,-96,-197,122,10016,-8884,8704,-4,86,-254,-14896,3516,3644,-1057,160,-165,-12928,-3504,4948,-600,8,-151,0
3420.8949460983276,10304,5832,10068,-153,-175,12,10112,-8768,8984,-16,184,-249,-14768,3532,3896,-1054,22,-96,-14840,-3540,5352,-758,188,-233,0
3420.9286310672765,10580,5992,10408,-179,-90,6,10100,-8768,9008,-86,210,-182,-14776,3580,3680,-957,17,-40,-14712,-3520,5304,-519,37,-216,0
3420.962116956711,10548,5944,10484,-140,-4,30,10036,-8772,8952,-91,208,-115,-14704,3468,3808,-937,58,-27,-14652,-3804,5396,-528,19,-143,0
3420.995717048645,10492,5836,10412,-105,12,69,9976,-8788,8860,-48,127,-162,-14684,3520,3724,-988,125,-61,-14376,-3572,5240,-486,84,-107,0
3421.0292370319366,10616,5784,10676,-118,-51,148,10208,-8808,8916,-43,60,-184,-14672,3764,3484,-1280,211,-78,-14664,-3376,5348,-500,176,-49,0
3421.06258893013,10512,5728,10388,-135,-117,173,9992,-8844,8916,-51,25,-209,-14712,3524,3680,-1050,208,-92,-14764,-3336,5000,-496,214,-27,0
3421.0960609912872,10616,5700,10320,-171,-122,194,10080,-8960,8892,-6,-8,-235,-14804,3644,3620,-1089,262,-117,-14780,-3344,5364,-498,207,-5,0
3421.129702091217,10560,5768,10508,-118,-118,207,10108,-8812,8608,30,34,-214,-14776,3600,3616,-1093,187,-118,-14712,-3096,5592,-485,227,-53,0
3421.1630661487575,10612,5760,10360,-158,-131,167,10176,-8800,8820,242,93,-234,-14620,3416,3768,-1034,137,-94,-14924,-3524,5220,-474,164,-90,0
3421.1967310905457,10668,5744,10572,-174,-42,113,10212,-8880,8792,-76,124,-148,-14684,3512,3744,-1017,40,-66,-14904,-3428,5392,-468,139,-157,0
3421.230294942856,10552,5740,10380,-288,-52,80,10056,-8720,8940,-50,208,-162,-14768,3440,3732,-1003,37,-87,-14828,-3272,5176,-485,130,-132,0
3421.263736009598,10516,5828,10632,-203,9,72,10236,-8656,8716,-108,162,-169,-14816,3484,3660,-989,29,-76,-14812,-3452,5192,-436,107,-154,0
3421.2973480224614,10440,5708,10376,-188,-49,39,9996,-8860,8772,-108,152,-219,-14724,3532,3488,-960,64,-105,-14768,-3080,5312,-468,157,-144,0
3421.3345179557805,10588,5744,10436,-156,-28,60,10156,-8832,8748,-18,133,-204,-14824,3688,3680,-1265,71,-47,-14760,-3308,5332,-487,152,-141,0
3421.370626926422,10564,5764,10460,-156,-243,123,10064,-8852,8656,255,149,-170,-14788,3428,3536,-1012,54,-76,-14772,-3560,5264,-472,139,-161,0
3421.4055590629578,10540,5776,10420,-180,13,99,10052,-8860,8700,-39,191,-186,-14788,3500,3524,-1015,29,-30,-14840,-3540,5288,-445,159,-165,0
3421.4413321018214,10592,5792,10592,-186,-2,54,10180,-8852,8836,-4,180,-176,-14720,3468,3596,-1031,71,-134,-14792,-3460,5460,-441,173,-142,0
3421.4773020744324,10556,5828,10524,-225,-47,151,10040,-8820,8708,41,151,-183,-14724,3564,3780,-1061,127,-109,-14848,-3416,5336,-455,152,-102,0
3421.512364149093,10532,5928,10432,-195,-89,128,10056,-8852,8848,-14,115,-194,-14816,3592,3848,-1041,95,-102,-14812,-3348,5604,-451,174,-91,0
3421.548684120178,10552,5788,10580,-289,-79,117,10096,-8728,8784,-27,141,-181,-14604,3576,3676,-1005,110,-122,-14852,-3336,5240,-436,154,-87,0
3421.5841500759125,10620,5724,10540,-306,-28,157,10188,-8796,8868,-5,156,-184,-14740,3508,3628,-1035,100,-74,-14776,-3416,5264,-436,160,-65,0
3421.6201601028442,10592,5792,10352,-353,-82,161,10152,-8908,8768,24,136,-192,-15080,3336,3912,-1008,133,-127,-14836,-3436,5172,-431,142,-99,0
3421.655198097229,10500,5700,10380,-369,-131,141,10140,-8728,8800,-44,176,-222,-15008,3472,3660,-1009,78,-104,-14872,-3500,5436,-403,163,-104,0
3421.6906690597534,10564,5724,10508,-410,-154,185,10056,-8880,8800,-22,124,-204,-14752,3532,3624,-1025,67,-122,-14792,-3376,5176,-392,137,-97,0
3421.7271790504456,10536,5712,10552,-423,-160,185,10104,-8804,8772,37,165,-186,-14716,3568,3796,-1021,80,-137,-15092,-3520,5324,-381,126,-87,0
3421.762792110443,10596,5612,10612,-415,-160,196,10080,-8748,8708,29,127,-182,-14808,3380,3804,-1048,68,-92,-14840,-3424,5360,-431,173,-49,0
3421.797680139541,10536,5680,10704,-391,-117,155,10228,-8452,8784,-256,158,-226,-14784,3480,3588,-1000,91,-84,-14824,-3480,5224,-458,161,-81,0
3421.8332941532135,10600,5712,10520,-352,-108,151,10068,-8708,8772,-252,135,-208,-14716,3556,3740,-1022,98,-140,-14792,-3400,5344,-477,187,-51,0
3421.8693199157715,10596,5424,10392,-350,-157,164,10112,-8856,8656,56,96,-206,-14716,3492,3688,-1067,102,-129,-14732,-3476,5168,-483,204,-38,0
3421.9039409160614,10556,5692,10380,-296,-162,171,10132,-8720,8960,51,121,-204,-14720,3524,3684,-1035,122,-82,-14788,-3452,5224,-452,184,-74,0
3421.9393401145935,10612,5648,10644,-293,-194,146,10076,-8668,8944,-14,115,-512,-14732,3516,3824,-991,156,-128,-14756,-3560,5204,-441,211,-65,0
3421.9755549430847,10604,5608,10644,-301,-187,168,10120,-8740,8892,52,162,-224,-14816,3524,3572,-1067,143,-130,-14916,-3328,5220,-430,167,-87,0
3422.0091941356654,10704,5656,10484,-318,-176,179,10124,-8708,8792,82,137,-171,-14780,3484,3572,-1066,117,-73,-14828,-3476,5372,-453,97,-109,0
3422.042802095413,10724,5668,10620,-330,-146,158,10092,-8744,8740,107,167,-162,-14808,3480,3856,-1022,60,-73,-14784,-3380,5312,-416,71,-96,0
3422.076573133468,10672,5628,10488,-383,-125,176,10108,-8740,8820,87,118,-218,-14676,3508,3696,-1268,118,-89,-14780,-3164,5280,-412,101,-85,0
3422.109797000885,10692,5716,10604,-343,-170,192,10152,-8748,8852,-13,83,-204,-14836,3560,3620,-996,126,-75,-14744,-3348,5112,-424,149,-77,0
3422.1428401470184,10560,5556,10552,-187,-161,162,10480,-8920,8860,13,15,-225,-14748,3464,3588,-1033,108,-107,-14796,-3388,5344,-470,223,-65,0
3422.1764709949493,10620,5496,10704,-158,-156,128,10144,-8496,8920,11,109,-210,-14836,3496,3548,-1056,101,-111,-14776,-3400,5296,-488,221,-97,0
3422.210051059723,10600,5512,10256,-184,-92,113,10040,-8948,8784,28,107,-214,-14732,3392,3660,-1059,112,-140,-14824,-3364,5220,-450,196,-117,0
3422.2438139915466,10668,5552,10436,-158,-92,91,10208,-8896,9176,-254,96,-202,-14724,3448,3720,-1031,95,-121,-14612,-3416,5288,-454,192,-131,0
3422.277423143387,10728,5644,10584,-174,-43,85,10092,-8780,8936,-9,115,-182,-14796,3472,3668,-1039,103,-59,-14848,-3332,5160,-452,172,-101,0
3422.311051130295,10588,5628,10400,-197,-76,94,10404,-8776,8936,-253,125,-180,-14788,3580,3584,-1032,64,-82,-14920,-3264,5260,-433,134,-134,0
3422.344386100769,10688,5668,10444,-196,-15,107,10248,-8636,8876,-5,130,-174,-14772,3584,3852,-1022,42,-89,-14924,-3348,5364,-439,115,-115,0
3422.3779339790344,10632,5580,10416,-202,0,88,10044,-8556,8864,-38,135,-154,-14768,3504,3712,-1018,28,-52,-14748,-3392,5260,-457,123,-122,0
3422.4110901355743,10676,5608,10524,-206,-8,87,10160,-8692,8892,-18,162,-141,-14756,3476,3812,-1046,63,-23,-14800,-3408,5176,-439,78,-145,0
3422.450432062149,10692,5588,10424,-190,21,62,10124,-8664,8888,-50,140,-148,-14784,3528,3628,-773,20,-26,-14920,-3332,5356,-471,78,-112,0
3422.484242916107,10692,5596,10548,-181,31,59,10184,-8664,9036,-54,168,-153,-14764,3616,3628,-1014,8,-2,-14760,-3096,5264,-492,74,-157,0
3422.517693042755,10520,5548,10536,-120,57,90,10032,-8760,8768,-55,143,-116,-14800,3540,3612,-1053,37,-38,-14800,-3320,5340,-493,54,-212,0
3422.5508229732513,10676,5636,10592,-82,38,67,10160,-8744,8920,-111,163,-141,-14840,3408,3620,-975,25,-45,-14764,-3320,5156,-491,60,-184,0
3422.5843579769135,10644,5600,10572,-164,19,65,10028,-8748,8740,-32,190,-147,-14732,3596,3572,-1028,49,-13,-14724,-3336,5212,-481,141,-174,0
3422.617922067642,10612,5488,10536,-104,39,82,10052,-8940,8820,-56,112,-124,-14728,3500,3696,-769,72,-28,-14696,-3452,5248,-454,110,-111,0
3422.6514949798584,10604,5596,10512,-114,30,70,9988,-8792,8920,-51,131,-136,-14724,3540,3780,-996,10,-23,-14884,-3404,5120,-481,90,-173,0
3422.684961080551,10640,5660,10604,-111,45,40,10108,-8752,8820,-107,151,-137,-14784,3524,3904,-977,78,-69,-15048,-3148,5480,-493,90,-173,0
3422.718570947647,10604,5844,10708,-87,1,70,10064,-8832,8884,-60,143,-167,-14648,3540,3652,-986,73,-79,-14792,-3256,5420,-477,103,-150,0
3422.7520511150365,10516,5684,10576,-133,-19,99,9928,-8736,8816,-36,147,-190,-14708,3520,3988,-1034,111,-47,-14764,-3360,5292,-515,164,-128,0
3422.7857110500336,10608,5520,10484,-116,-44,79,10120,-8820,8752,-51,135,-178,-14776,3516,3644,-1026,103,-79,-14776,-3508,5424,-259,158,-145,0
3422.8192560672765,10580,5676,10600,-126,-47,66,10064,-8712,8876,-37,97,-201,-15048,3508,3440,-1029,76,-98,-14772,-3468,5320,-473,187,-127,0
3422.8530321121216,10636,5752,10648,-159,-59,75,9756,-8780,8824,-30,124,-194,-14824,3488,3780,-1275,112,-121,-14800,-3336,5616,-512,167,-103,0
3422.886470079422,10656,5624,10596,-140,-68,125,10072,-8624,8828,-4,120,-186,-14820,3532,3636,-1040,123,-134,-14692,-3520,5384,-500,144,-115,0
3422.919948101044,10508,5680,10748,-123,-97,114,10088,-8708,8852,-44,124,-161,-14784,3460,3656,-995,112,-64,-14708,-3476,5400,-463,186,-111,0
3422.9536731243134,10508,5652,10252,-160,-58,102,10024,-8800,8956,-63,126,-207,-14780,3452,3644,-961,88,-65,-14776,-3420,5284,-484,153,-139,0
3422.989692926407,10684,5664,10340,-160,-56,123,10108,-8900,8724,-28,124,-175,-14724,3608,4040,-1035,114,-48,-14768,-3336,5240,-486,150,-130,0
3423.0250170230865,10680,5680,10532,-161,-81,84,10208,-8836,8880,-30,139,-192,-14764,3572,3732,-1021,83,-86,-14776,-3360,5284,-483,159,-129,0
3423.0607280731206,10520,5640,10564,-112,-90,87,10104,-8728,8888,-49,128,-233,-14824,3516,3772,-980,132,-76,-14856,-3348,5196,-479,143,-123,0
3423.09614109993,10644,5640,10488,-112,-97,80,10100,-8828,8772,-60,99,-213,-14796,3804,3472,-987,66,-66,-14796,-3312,5312,-522,155,-154,0
3423.131811141968,10492,5656,10548,-171,-79,119,9984,-8716,8768,-34,117,-178,-14812,3736,3632,-1020,95,-82,-14776,-3388,5260,-500,156,-99,0
3423.1677350997925,10588,5688,10572,-123,-66,126,10104,-8484,8588,-85,105,-181,-14612,3456,3820,-1001,94,-42,-14908,-3520,5312,-483,115,-125,0
3423.202577114105,10508,5688,10608,-186,-85,73,10204,-8872,8836,-18,158,-201,-14712,3484,3656,-989,89,-55,-14836,-3360,5352,-478,121,-125,0
3423.238130092621,10568,5640,10564,-123,-24,80,10080,-8468,8812,255,139,-166,-14684,3468,3624,-1035,89,-35,-14776,-3364,5580,-541,122,-138,0
3423.2736711502075,10748,5764,10572,-127,-40,118,10176,-8648,8784,-25,153,-145,-15016,3436,3828,-1028,47,-36,-14840,-3356,5400,-468,126,-150,0
3423.308977127075,10504,5680,10548,-147,-57,82,10060,-8668,8764,-49,168,-191,-14812,3504,3684,-948,92,-14,-14796,-3372,5340,-452,102,-162,0
3423.3444440364838,10472,5700,10356,-128,-39,81,10080,-8800,8920,-67,150,-154,-14764,3456,3728,-1007,74,-77,-14720,-3416,5328,-474,119,-131,0
3423.3806431293488,10448,5764,10444,-166,-64,100,10056,-8744,8816,17,140,-168,-14816,3484,3856,-1030,131,-73,-14820,-3452,5408,-473,153,-109,0
3423.41556596756,10604,5764,10556,-141,-70,114,10044,-8812,8776,-10,109,-180,-14716,3524,3728,-1043,111,-105,-14680,-3528,5324,-497,166,-140,0
3423.450977087021,10256,5640,10612,-203,-38,124,10056,-8880,8912,24,144,-198,-14752,3816,3604,-1040,116,-71,-14840,-3408,5248,-453,127,-111,0
3423.4861600399017,10588,5696,10696,-239,-54,112,10052,-8864,8948,-27,143,-182,-14664,3636,3736,-1033,117,-125,-14768,-3268,5484,-494,151,-122,0
3423.5218169689174,10464,5700,10624,-210,-70,116,10176,-8768,8820,-18,160,-163,-15060,3516,3776,-1060,141,-141,-14824,-3412,5412,-449,174,-83,0
3423.5581109523773,10616,5652,10532,-241,-107,144,9992,-8744,8856,-21,139,-214,-14708,3548,3768,-986,124,-103,-14796,-3552,5624,-455,177,-52,0
3423.593733072281,10564,5640,10628,-252,-133,143,10116,-8924,8740,-72,136,-244,-14780,3536,3752,-997,119,-79,-14792,-3432,5428,-452,174,-107,0
3423.629817008972,10476,5656,10584,-276,-136,138,10192,-8784,8848,-8,150,-215,-14708,3560,3744,-977,107,-159,-14732,-3504,5436,-463,143,-102,0
3423.6652920246124,10608,5652,10604,-302,-127,128,10052,-8748,8756,-251,187,-184,-14752,3508,3724,-1009,105,-113,-14736,-3388,5332,-438,192,-99,0
3423.69916510582,10520,5640,10400,-302,-133,126,10064,-8756,8820,-9,160,-223,-14748,3468,3608,-986,119,-118,-14624,-3444,5444,-428,165,-85,0
3423.732680082321,10604,5444,10444,-269,-147,137,10096,-8732,8812,-29,151,-198,-14680,3572,3724,-966,117,-66,-14784,-3320,5488,-477,176,-81,0
3423.766037940979,10692,5596,10452,-326,-112,166,10072,-8700,8848,9,170,-202,-14736,3556,3796,-1028,118,-98,-14800,-3380,5264,-468,194,-77,0
3423.7997591495514,10540,5684,10496,-284,-124,180,10072,-8600,8808,5,121,-194,-14712,3364,3768,-1057,126,-116,-14764,-3544,5128,-449,144,-49,0
3423.833173990249,10656,5732,10764,-275,-173,173,10204,-8472,8800,-78,130,-226,-14720,3472,3676,-984,170,-157,-14832,-3352,5264,-441,213,-66,0
3423.866497039795,10604,5528,10516,-294,-157,159,10092,-8708,8684,22,89,-237,-14696,3548,3704,-1029,155,-78,-14740,-3268,5300,-469,184,-54,0
3423.89998793602,10584,5868,10552,-12,-141,159,10124,-8708,8792,23,139,-191,-14772,3468,3816,-1027,129,-99,-14760,-3420,5252,-461,154,-90,0
3423.9335899353027,10588,5608,10436,-247,-104,101,10084,-8660,8844,-244,154,-195,-14836,3524,3704,-988,73,-116,-14804,-3432,5288,-464,118,-120,0
3423.967003107071,10612,5636,10536,-248,-91,114,10012,-8680,8860,-14,196,-196,-14792,3584,3504,-970,99,-144,-14816,-3364,5192,-496,154,-96,0
3424.000512123108,10572,5528,10468,-192,-141,140,10124,-8728,8832,-7,130,-205,-14772,3512,3724,-1011,101,-99,-14700,-3368,5212,-455,191,-65,0
3424.033802986145,10576,5376,10288,-229,-156,168,10140,-8736,8756,-246,132,-241,-14780,3472,3448,-1041,131,-125,-14820,-3452,5188,-471,166,-78,0
3424.0672080516815,10620,5392,10572,-199,-171,149,10160,-8888,8804,-12,124,-217,-14752,3512,3608,-1037,134,-135,-15056,-3568,5312,-498,178,-114,0
3424.1007449626923,10732,5568,10416,-242,-142,129,10140,-8768,8840,21,149,-232,-14728,3488,3660,-1028,119,-165,-15100,-3336,5192,-483,216,-83,0
3424.134040117264,10284,5388,10632,-236,-123,154,10152,-8576,9204,29,148,-201,-14720,3500,3716,-1033,152,-101,-14820,-3408,5328,-483,197,-81,0
3424.1674089431763,10508,5580,10312,-179,-138,135,10072,-8644,8720,10,140,-210,-14776,3416,3772,-1013,130,-69,-14600,-3480,5312,-480,177,-80,0
3424.201076030731,10520,5612,10312,-198,-121,139,10164,-8924,8740,-39,128,-203,-14724,3444,3692,-1002,100,-129,-14816,-3112,5248,-508,191,-103,0
3424.2344119548798,10628,5512,10496,-170,-92,118,10012,-8672,8936,-44,121,-200,-14676,3512,3752,-1002,127,-99,-14848,-3092,5184,-473,126,-116,0
3424.2678489685054,10976,5564,10748,-181,-62,114,10240,-8732,8868,-43,136,-183,-15052,3380,3828,-997,90,-59,-14920,-3516,5160,-478,140,-103,0
3424.3014149665833,10664,5608,10584,-157,-49,87,10108,-8624,8788,-5,122,-169,-14760,3456,3456,-1017,97,-73,-14916,-3328,5292,-453,127,-151,0
3424.3349099159245,10728,5460,10292,-193,-20,78,10088,-8628,8920,-6,145,-182,-14756,3384,3828,-1279,89,-117,-14812,-3420,5260,-465,161,-150,0
3424.3681321144104,10552,5576,10740,-157,-8,99,10096,-8736,8852,-27,162,-182,-14736,3332,3744,-1002,109,-82,-14620,-3568,5224,-523,149,-133,0
3424.4015171527863,10644,5488,10612,-187,-62,82,10108,-8732,8728,-29,135,-155,-14644,3496,3696,-1049,45,-68,-14828,-3480,5360,-505,147,-119,0
3424.4347770214085,10592,5620,10572,-159,-20,117,9756,-8680,8852,-36,114,-156,-14820,3496,3652,-1013,96,-54,-15084,-3340,5348,-472,107,-115,0
3424.4681720733643,10644,5592,10380,-153,-28,80,10044,-8772,8728,-96,145,-172,-14608,3504,3776,-956,43,-99,-14748,-3576,5408,-473,128,-143,0
3424.5017571449284,10684,5524,10600,-154,1,80,10060,-8684,8792,-34,155,-168,-14652,3484,3760,-1043,73,-50,-14832,-3396,5300,-501,113,-130,0
3424.5352311134334,10716,5604,10436,-137,27,86,10180,-8552,8788,-40,130,-126,-14780,3484,3732,-778,49,12,-14596,-3108,5380,-506,87,-139,0
3424.5685510635376,10708,5664,10516,-169,24,50,10104,-8916,8836,-71,151,-132,-14828,3524,3848,-975,254,-38,-14600,-3360,5272,-480,65,-192,0
3424.60205411911,10584,5572,10736,-190,-14,76,10124,-8944,8764,-72,147,-151,-14760,3524,3756,-980,58,-73,-14672,-3372,5368,-450,117,-140,0
3424.6354870796204,10636,5684,10456,-141,-48,75,10144,-8728,8764,-37,149,-159,-14788,3752,3648,-1013,107,-88,-14820,-3364,5192,-480,164,-120,0
3424.6718311309814,10592,5528,10560,-126,-5,125,10140,-8724,8868,-17,128,-154,-14808,3476,3624,-1029,91,-94,-14792,-3396,5304,-496,149,-162,0
3424.7075431346893,10568,5624,10564,-108,-46,73,10144,-8468,8904,-50,178,-182,-14796,3520,3700,-1018,86,-97,-15100,-3456,5320,-475,142,-155,0
3424.7430651187897,10540,5680,10592,-136,13,57,10096,-8708,8916,-23,183,-171,-15012,3792,3760,-1022,51,-51,-14608,-3580,5284,-498,139,-164,0
3424.7797200679775,10280,5708,10544,-113,-19,58,10048,-8788,8768,-12,176,-167,-14712,3480,3668,-996,111,-84,-14784,-3580,5128,-768,111,-166,0
3424.8149900436406,10600,5652,10512,-103,-15,68,9804,-8652,8784,-33,158,-157,-14724,3520,3648,-1032,100,-94,-14764,-3452,5372,-478,145,-157,0
3424.8507220745087,10512,5660,10664,-135,-78,83,10040,-8956,8824,-97,129,-197,-14668,3540,3804,-985,112,-75,-14756,-3440,5396,-473,131,-140,0
3424.8853199481964,10556,5748,10512,-115,-40,97,10056,-8768,8912,-107,122,-176,-14792,3528,3752,-974,68,-56,-14888,-3284,5232,-462,104,-176,0
3424.9206149578094,10912,5516,10368,-131,-55,76,10140,-8812,8904,-6,135,-171,-14744,3788,4020,-1043,71,-89,-14884,-3472,5276,-513,159,-153,0
3424.956092119217,10716,5472,10316,-132,-34,91,10088,-8648,8840,8,107,-192,-14636,3464,3736,-1009,107,-102,-14784,-3476,5308,-482,157,-89,0
3424.9919080734253,10596,5648,10532,-94,-110,127,10096,-8732,8852,-80,83,-202,-14768,3536,3744,-995,119,-43,-14872,-3388,5188,-504,136,-112,0
3425.0280699729924,10596,5648,10612,-126,-77,128,10380,-8660,8716,-69,83,-180,-14736,3540,3724,-1015,91,-108,-14628,-3396,5224,-501,104,-114,0
3425.063163995743,10512,5728,10292,-104,-37,134,10060,-8916,8640,-40,95,-103,-14684,3588,3764,-1011,131,-58,-14804,-3348,5284,-491,129,-135,0
3425.098680973053,10624,5636,10520,-142,-31,100,10376,-8456,8844,-41,123,-155,-14780,3572,3784,-1006,67,-91,-14800,-3456,5404,-502,108,-133,0
3425.1341099739075,10464,5656,10700,-155,-69,64,10104,-8732,8816,-42,139,-230,-14612,3536,3940,-969,52,-60,-14672,-3284,5368,-449,160,-115,0
3425.169553041458,10596,5744,10496,-125,-45,83,10000,-8768,8812,-11,109,-192,-14696,3560,3788,-1014,81,-97,-14644,-3580,5332,-522,164,-133,0
3425.2047641277313,10528,5676,10636,-110,-103,109,10096,-8792,8788,-21,125,-190,-14692,3460,3692,-1280,120,-79,-14832,-3380,5260,-492,166,-150,0
3425.240692138672,10444,5620,10600,-143,-85,124,10096,-8636,8784,-12,97,-197,-14656,3520,3836,-1014,110,-116,-14792,-3396,5268,-478,172,-120,0
3425.2760369777684,10604,5652,10608,-160,-101,116,10128,-8784,8964,18,138,-176,-14760,3728,3616,-1035,103,-122,-14784,-3456,5488,-491,153,-118,0
3425.313403129577,10640,5732,10556,-158,-42,109,10156,-8816,8924,13,135,-150,-14760,3600,3748,-773,74,-58,-14776,-3500,5296,-462,153,-112,0
3425.3470709323883,10596,5812,10524,-220,-48,100,10112,-8700,8920,-34,163,-175,-14772,3464,3688,-1008,91,-72,-14740,-3512,5388,-456,145,-114,0
3425.38046503067,10552,5612,10492,-264,-54,113,10120,-8676,8920,21,153,-174,-14752,3532,3776,-998,99,-85,-14760,-3456,5604,-441,154,-131,0
3425.414222955704,10580,5724,10264,-234,-95,118,10088,-8728,9156,-19,135,-208,-14828,3536,3744,-1000,120,-88,-14796,-3408,5240,-481,139,-101,0
3425.4476499557495,10500,5628,10456,-213,-111,144,10140,-8480,8796,-30,142,-191,-14772,3588,3876,-1011,107,-78,-14768,-3396,5288,-493,163,-120,0
3425.480786085129,10456,5636,10744,-206,-108,143,10228,-8712,9196,248,124,-205,-14704,3540,3700,-988,83,-119,-14700,-3344,5368,-473,168,-82,0
3425.5142171382904,10604,5608,10424,-256,-126,116,10104,-8488,8932,-19,137,-185,-14756,3436,3764,-1003,115,-129,-14712,-3448,5128,-459,180,-67,0
3425.5482330322266,10640,5760,10524,-268,-146,140,10088,-8776,8776,-21,150,-218,-14656,3532,4012,-1011,124,-142,-14752,-3348,5452,-460,186,-69,0
3425.582165002823,10656,5584,10592,-269,-153,166,10060,-8744,8796,-46,151,-200,-14676,3624,3608,-1018,96,-184,-14716,-3476,5200,-452,179,-68,0
3425.6157801151276,10536,5608,10296,-305,-109,168,10024,-8748,8960,-60,159,-189,-14744,3592,3708,-1006,137,-102,-14752,-3376,5340,-457,185,-73,0
3425.648787021637,10624,5600,10488,-301,-126,172,10132,-8704,8932,1,167,-184,-14720,3540,4040,-769,134,-115,-14760,-3432,5200,-442,167,-82,0
3425.6825139522552,10700,5604,10580,-306,-150,147,10076,-8784,8896,-15,135,-224,-14684,3456,3800,-979,101,-132,-14608,-3364,5332,-449,172,-74,0
3425.716117143631,10580,5628,10596,-325,-129,133,9936,-8700,8888,-23,160,-207,-14744,3512,3744,-1009,103,-160,-14820,-3324,5288,-436,183,-101,0
3425.749690055847,10676,5688,10448,-254,-124,136,10092,-8748,8796,-47,173,-201,-14784,3544,3828,-978,68,-86,-14888,-3512,5280,-482,141,-111,0
3425.783174991608,10628,5564,10528,-305,-129,113,10052,-8748,8868,-21,132,-212,-14648,3556,3692,-1032,44,-98,-14808,-3412,5364,-455,166,-95,0
3425.8168840408325,10616,5444,10684,-265,-137,197,10104,-8520,9132,-16,133,-153,-14716,3388,3696,-1275,120,-88,-14904,-3488,5256,-452,142,-83,0
3425.850343942642,10484,5596,10528,-506,-190,117,10104,-8740,8920,-54,192,-232,-14752,3424,3784,-953,112,-152,-14728,-3580,5352,-468,206,-82,0
3425.88387298584,10528,5620,10380,-263,-112,121,10096,-8732,8876,24,115,-225,-14708,3596,3636,-1022,127,-136,-14816,-3108,5300,-479,198,-89,0
3425.9173679351807,10604,5536,10576,-219,-106,129,10204,-8668,8860,36,172,-153,-14816,3436,3828,-1051,68,-58,-14812,-3464,5340,-491,128,-117,0
3425.9507341384888,10520,5564,10624,-237,-82,112,10088,-8576,8936,-32,161,-170,-14844,3408,3720,-1010,56,-61,-14724,-3356,5356,-464,103,-141,0
3425.9840791225433,10616,5564,10644,-226,-94,139,10012,-8652,8832,-52,130,-179,-14724,3548,3928,-1000,84,-86,-14624,-3300,5252,-469,126,-107,0
3426.0176651477814,10632,5744,10456,-231,-103,121,9820,-8736,8736,-25,195,-219,-14628,3472,3772,-1010,124,-126,-14640,-3512,5276,-490,190,-101,0
3426.0513141155243,10668,5592,10476,-210,-120,109,10080,-8656,8948,-22,102,-206,-14816,3448,3800,-1051,160,-103,-14792,-3292,5248,-466,192,-71,0
3426.08486700058,10588,5488,10740,-192,-136,144,10048,-8672,8788,2,125,-217,-14680,3564,3800,-1045,122,-89,-14832,-3360,5308,-452,160,-119,0
3426.118217945099,10652,5384,10556,-220,-106,110,10124,-8804,8868,-23,120,-203,-14776,3584,3884,-1004,122,-97,-14752,-3292,5604,-485,174,-106,0
3426.1513381004333,10608,5540,10632,-162,-59,121,10112,-8628,8704,-23,110,-164,-14716,3460,3740,-1037,110,-123,-14800,-3120,5144,-488,174,-118,0
3426.1848430633545,10700,5644,10628,-142,-36,105,10212,-8696,8944,-16,145,-174,-14696,3432,3700,-1004,129,-113,-14700,-3364,5276,-482,128,-94,0
3426.21844291687,10556,5376,10300,-169,-29,93,10024,-8720,8844,-29,123,-200,-14792,3412,3624,-1008,122,-50,-14600,-3380,5152,-466,147,-106,0
3426.251940011978,10988,5608,10576,-158,-54,127,10140,-8752,8852,-42,147,-192,-14800,3492,3696,-1021,92,-78,-14912,-3392,5344,-461,155,-133,0
3426.2855410575867,10692,5580,10732,-127,-49,100,10124,-8784,8880,-46,140,-199,-14776,3588,3760,-1003,84,-104,-14828,-3344,5308,-470,170,-115,0
3426.3191900253296,10560,5556,10344,-122,-53,84,10176,-8712,8956,-27,136,-173,-14752,3508,3652,-1015,92,-80,-14856,-3324,5240,-460,136,-117,0
3426.354990005493,10532,5556,10336,-139,-6,88,10104,-8852,8900,-7,115,-189,-14824,3520,3920,-1002,91,-113,-14780,-3448,5240,-463,158,-112,0
3426.390711069107,10596,5880,10616,-122,6,96,10068,-8648,8776,-76,154,-174,-14652,3752,3588,-987,72,-66,-14780,-3572,5312,-513,113,-155,0
3426.425534963608,10608,5580,10532,-147,-40,92,9996,-8764,8968,-53,155,-163,-14720,3344,4080,-1034,50,-72,-14732,-3404,5236,-519,144,-130,0
3426.461722135544,10540,5532,10368,-145,-21,101,10180,-8780,8916,-40,125,-144,-14620,3472,3588,-1005,129,-25,-14884,-3392,5144,-492,80,-83,0
3426.4976930618286,10656,5584,10548,-112,-33,91,10036,-8620,8940,-99,132,-187,-14804,3524,3700,-997,79,-32,-14896,-3400,5344,-492,162,-125,0
3426.5327401161194,10580,5500,10596,-191,-48,62,10164,-8480,8728,-33,118,-170,-14700,3544,3444,-1015,83,-94,-14628,-3248,5272,-489,125,-105,0
3426.5691199302673,10528,5564,10312,-120,-31,111,10000,-8688,8776,-3,114,-159,-14752,3468,3808,-1032,66,-41,-14888,-3380,5416,-505,107,-150,0
3426.6042659282684,10564,5576,10568,-105,-1,79,10088,-8488,9196,-5,158,-159,-14760,3604,3852,-993,36,-49,-14836,-3404,5124,-470,97,-164,0
3426.6393010616302,10644,5596,10676,-139,-18,71,10092,-8688,8716,-58,180,-160,-14668,3532,3620,-987,74,-40,-14764,-3504,5208,-478,110,-135,0
3426.67426609993,10576,5844,10668,-143,-39,77,10164,-8744,8948,-31,161,-150,-14736,3532,3716,-995,114,-75,-14800,-3352,5300,-473,132,-129,0
3426.7096519470215,10600,5376,10544,-147,-46,90,10024,-8940,8792,-20,106,-165,-14744,3552,3884,-1035,94,-37,-14736,-3384,5208,-490,138,-125,0
3426.7448649406433,10616,5716,10556,-136,-62,118,9996,-8736,8868,-20,111,-190,-14736,3824,3820,-996,77,-103,-14828,-3428,5280,-507,147,-154,0
3426.780714035034,10472,5616,10364,-150,-83,84,10056,-8732,8824,-31,126,-190,-14844,3796,3620,-1006,106,-70,-14816,-3360,5292,-478,153,-135,0
3426.817134141922,10340,5576,10748,-139,-44,105,10068,-8768,8820,-10,134,-193,-14804,3552,3840,-1028,103,-65,-14808,-3448,5172,-493,164,-112,0
3426.852395057678,10740,5656,10608,-132,-97,104,10092,-8764,9032,-42,111,-175,-14744,3384,3888,-1014,89,-67,-14704,-3360,5260,-492,178,-137,0
3426.8878769874573,10628,5648,10352,-157,-104,66,10116,-8936,8788,-44,130,-206,-14760,3576,3912,-1017,111,-68,-14836,-3380,5172,-482,139,-116,0
3426.923301935196,10644,5564,10604,-153,-66,101,10160,-8708,8984,-22,115,-186,-14816,3596,3752,-994,113,-128,-14648,-3576,5200,-465,169,-148,0
3426.958817958832,10604,5528,10528,-152,-67,110,10132,-8684,8972,-17,126,-164,-14724,3336,3752,-1027,110,-46,-14712,-3416,5200,-474,143,-122,0
3426.9938700199127,10592,5624,10464,-151,-92,100,10052,-8732,8708,-12,102,-176,-14736,3464,3744,-1008,99,-129,-14716,-3392,5284,-467,150,-156,0
3427.0291590690613,10568,5600,10588,-163,-106,92,10068,-8628,8860,-252,100,-176,-14748,3588,3756,-976,107,-78,-14764,-3512,5212,-504,151,-104,0
3427.0624489784245,10496,5700,10584,-105,-58,117,10076,-8656,8744,-40,117,-185,-14712,3460,3804,-996,91,-54,-14860,-3480,5216,-508,123,-116,0
3427.0963859558105,10616,5564,10620,-157,-84,113,10112,-8780,8844,-18,101,-189,-14692,3528,3852,-1017,102,-35,-14604,-3516,5176,-471,130,-127,0
3427.129907131195,10596,5716,10520,-183,-40,119,9808,-8600,8936,-18,126,-152,-14612,3436,3980,-1046,124,-90,-14780,-3444,5232,-484,113,-109,0
3427.1631140708923,10600,5612,10672,-146,-67,102,10048,-8692,8980,-98,135,-197,-14852,3352,3956,-961,87,-82,-14736,-3468,5236,-501,94,-150,0
3427.196855068207,10596,5584,10636,-194,-71,61,10080,-8760,8864,9,131,-176,-14664,3636,3756,-1010,99,-66,-14816,-3412,5612,-482,132,-134,0
3427.2303540706635,10544,5484,10268,-144,-33,114,10100,-8652,8684,-5,130,-154,-14744,3436,3796,-1015,89,-19,-14760,-3368,5244,-498,110,-153,0
3427.263841152191,10576,5872,10528,-170,-102,98,10124,-8740,8808,-21,102,-156,-14776,3344,3880,-969,67,-69,-14736,-3436,5436,-458,104,-144,0
3427.2974190711975,10528,5880,10704,-158,-62,106,10084,-8716,8724,-23,111,-175,-14688,3484,3828,-966,102,-89,-14740,-3440,5308,-494,117,-129,0
3427.3307819366455,10588,5868,10556,-159,-69,113,10128,-8512,9084,-54,121,-154,-14724,3520,3660,-998,100,-84,-14728,-3408,5108,-476,161,-146,0
3427.3643379211426,10536,5392,10588,-191,-82,119,10124,-8688,8892,18,130,-161,-14848,3508,3668,-1036,112,-60,-14772,-3452,5260,-499,156,-132,0
3427.397382974624,10504,5660,10640,-126,-69,124,10076,-8812,9072,-41,135,-179,-14684,3820,3696,-1037,100,-88,-14728,-3520,5336,-768,151,-119,0
3427.43106508255,10556,5868,10268,-180,-113,99,10104,-8720,9136,-32,126,-187,-14744,3532,3832,-999,82,-104,-14820,-3420,5428,-482,147,-152,0
3427.467381000519,10512,5412,10500,-148,-41,102,10020,-8660,9160,7,171,-176,-14692,3548,3732,-1049,111,-127,-14780,-3396,5300,-498,153,-145,0
3427.5013411045074,10336,5788,10532,-172,-53,108,10076,-8700,8904,6,148,-174,-14764,3340,3704,-1278,114,-104,-14868,-3440,5320,-478,171,-101,0
3427.5347740650177,10700,5652,10636,-184,-66,121,10056,-8612,8868,-34,116,-200,-14660,3524,3700,-774,94,-35,-14836,-3412,5604,-472,149,-126,0
3427.5682051181793,10540,5376,10712,-202,-49,115,10120,-8572,9180,-37,166,-186,-14788,3728,3644,-1007,119,-85,-14844,-3548,5316,-446,142,-83,0
3427.6016030311584,10636,5868,10320,-241,-52,110,10080,-8620,8876,-48,165,-199,-14612,3568,3956,-984,127,-101,-14700,-3412,5348,-491,153,-128,0
3427.6352190971375,10556,5752,10548,-186,-51,126,10104,-8640,8976,-47,175,-174,-14728,3488,3716,-1010,117,-93,-14740,-3420,5204,-477,160,-130,0
3427.6687231063843,10568,5584,10568,-203,-69,118,10148,-8708,8876,-53,165,-170,-14752,3464,3564,-1006,86,-96,-14800,-3464,5304,-497,168,-69,0
3427.7023029327393,10472,5644,10540,-215,-68,120,10040,-8716,8752,-14,155,-199,-14728,3536,3832,-1017,123,-80,-14852,-3468,5264,-462,194,-57,0
3427.7358620166774,10608,5680,10636,-219,-91,116,10136,-8616,8896,-40,144,-196,-14644,3524,3788,-966,115,-121,-14820,-3440,5336,-468,152,-75,0
3427.769320011139,10580,5636,10652,-276,-47,115,10160,-8452,8876,-47,164,-172,-14680,3576,3780,-974,114,-163,-14816,-3492,5396,-470,153,-59,0
3427.802816152572,10644,5648,10668,-299,-52,137,10004,-8800,8772,-63,195,-161,-14792,3536,3692,-976,74,-98,-14804,-3396,5216,-499,133,-87,0
3427.8365120887756,10736,5716,10624,-293,-71,130,10000,-8708,8812,-26,145,-125,-14752,3556,3808,-1014,100,-84,-14836,-3488,5372,-456,133,-62,0
3427.870064020157,10340,5624,10692,-2,-26,132,10160,-8456,9196,-78,152,-193,-14700,3496,3644,-976,98,-94,-14708,-3476,5256,-473,166,-60,0
3427.9033999443054,10504,5680,10816,-291,-142,120,10060,-8796,8896,-42,180,-218,-14652,3556,3796,-977,104,-126,-14724,-3356,5284,-482,215,-76,0
3427.9369540214534,10592,5536,10580,-259,-81,154,10068,-8516,8916,-23,146,-192,-14776,3644,3692,-1001,118,-137,-14824,-3396,5256,-450,181,-82,0
3427.970523118973,10632,5392,10452,-284,-124,174,10120,-8756,8772,-17,135,-175,-14744,3376,3748,-1015,99,-117,-14824,-3420,5324,-478,127,-112,0
3428.004080057144,10588,5676,10604,-274,-94,113,10044,-8764,8876,-36,180,-212,-14668,3804,3756,-980,129,-97,-14800,-3576,5256,-460,133,-86,0
3428.0406401157375,10612,5580,10620,-276,-82,153,10160,-8640,9028,-28,150,-196,-14736,3628,3784,-985,108,-146,-15076,-3564,5256,-457,118,-94,0
3428.0761530399323,10424,5620,10720,-510,-124,130,10132,-8936,8928,1,134,-207,-14808,3508,4060,-1013,131,-138,-14828,-3380,5220,-479,173,-79,0
3428.1118171215057,10588,5584,10368,-219,-124,125,10040,-8700,8804,-10,104,-193,-14812,3448,3776,-1015,126,-162,-14864,-3424,5248,-499,181,-86,0
3428.14771604538,10608,5456,10448,-222,-167,128,9996,-8632,8768,-21,127,-239,-14828,3556,3752,-770,114,-128,-14800,-3428,5188,-480,199,-102,0
3428.18292093277,10556,5596,10644,-191,-96,124,10092,-8712,8920,-22,132,-194,-14788,3564,3848,-1003,118,-107,-14852,-3356,5184,-484,182,-59,0
3428.218794107437,10548,5628,10600,-205,-149,154,10112,-8656,8700,9,119,-214,-14808,3472,3908,-1020,130,-120,-14780,-3436,5260,-476,209,-74,0
3428.2544300556183,10612,5604,10548,-224,-150,137,10160,-8632,8880,-38,132,-186,-14704,3524,3852,-1015,155,-86,-14768,-3336,5304,-478,151,-81,0
3428.2896780967712,10644,5608,10584,-247,-160,121,10176,-8684,8920,-36,85,-219,-14668,3520,3804,-1002,103,-124,-14812,-3408,4960,-471,169,-79,0
3428.324958086014,10580,5548,10672,-211,-128,140,10128,-8628,8900,-31,141,-200,-14844,3524,3608,-952,108,-55,-14648,-3384,5192,-257,146,-99,0
3428.3606860637665,10644,5512,10412,-205,-131,104,10164,-8680,8844,-1,133,-202,-14724,3496,3576,-1050,74,-94,-14736,-3424,5176,-485,178,-122,0
3428.395565032959,10516,5580,10564,-235,-112,116,10124,-8708,8808,30,121,-220,-14780,3484,3776,-997,127,-95,-14824,-3428,5160,-452,147,-126,0
3428.431405067444,10652,5412,10612,-167,-140,100,10044,-8720,8912,-44,140,-219,-14684,3660,3780,-1014,92,-108,-14880,-3284,5344,-508,192,-109,0
3428.4676189422607,10692,5396,10484,-188,-81,120,10132,-8616,9204,-14,120,-178,-14728,3484,3760,-1004,127,-47,-14620,-3444,5216,-504,119,-91,0
3428.502403974533,10556,5620,10572,-185,-25,154,9996,-8560,8920,0,69,-140,-14792,3428,3772,-1056,160,-28,-14700,-3388,5124,-510,163,-111,0
3428.5381619930267,10544,5652,10744,-166,-71,123,10024,-8696,8968,-24,94,-179,-14708,3472,3944,-1024,114,-69,-14672,-3460,5312,-466,120,-115,0
3428.5737290382385,10648,5552,10692,-136,-25,94,10132,-8636,8888,-51,151,-209,-14712,3448,3768,-997,70,-67,-14844,-3408,5216,-470,145,-141,0
3428.6094200611115,10748,5596,10596,-175,-54,90,10020,-8680,8896,-23,152,-188,-14796,3600,3572,-967,93,-104,-14808,-3380,5168,-474,149,-115,0
3428.645045042038,10668,5524,10360,-127,-57,85,10056,-8720,8880,-24,173,-183,-14632,3516,3520,-1280,101,-59,-14820,-3556,5284,-465,174,-126,0
3428.681730031967,10712,5636,10472,-147,-34,90,10116,-8704,8940,-3,135,-218,-14756,3348,3820,-1025,133,-106,-14884,-3344,5260,-479,170,-112,0
3428.715508937836,10580,5564,10568,-120,-27,104,10100,-8688,8940,-35,83,-193,-14696,3356,3672,-1031,99,-97,-14884,-3348,5296,-766,172,-139,0
3428.749166965484,10524,5584,10584,-144,-13,104,10068,-8576,8840,-13,98,-139,-14740,3404,3928,-1047,91,-26,-14856,-3364,5316,-766,143,-123,0
3428.782455921173,10588,5532,10476,-146,-42,86,10076,-8452,8968,-40,119,-156,-14708,3440,3744,-1004,71,-53,-14948,-3488,5360,-457,107,-158,0
3428.816048145294,10584,5884,10596,-178,-19,101,10096,-8900,8860,-48,128,-177,-14784,3484,3732,-1277,92,-89,-14784,-3404,5224,-463,130,-127,0
3428.849581003189,10616,5876,10612,-134,-38,93,10212,-8620,8904,-63,146,-190,-14784,3488,3716,-1001,81,-127,-14804,-3348,5244,-476,149,-123,0
3428.882826089859,10560,5580,10748,-133,-45,68,10140,-8940,8840,-25,152,-171,-14752,3328,3748,-1006,75,-80,-14864,-3456,5248,-491,163,-150,0
3428.9165070056915,10632,5592,10516,-142,-34,73,10116,-8880,8704,-32,107,-170,-14828,3472,3948,-986,98,-62,-14864,-3352,5300,-474,169,-140,0
3428.9500091075897,10616,5608,10548,-152,-23,80,10080,-8740,8848,-17,140,-171,-14784,3480,3772,-1010,105,-88,-14624,-3360,5180,-477,128,-95,0
3428.9834411144257,10600,5388,10560,-130,-25,97,10176,-8664,8948,-38,117,-178,-14676,3576,3780,-1274,97,-95,-14772,-3388,5276,-504,140,-142,0
3429.0171449184418,10540,5600,10700,-148,238,104,10188,-8628,8932,-43,105,-171,-14816,3620,3760,-1022,84,-80,-14812,-3384,5256,-486,101,-131,0
3429.0504920482635,10624,5560,10464,-141,-17,115,10104,-8904,8712,-36,122,-180,-14712,3728,3732,-1034,65,-69,-14688,-3316,5276,-483,126,-141,0
3429.084226131439,10472,5636,10556,-143,-9,88,10108,-8712,8932,-34,138,-140,-14744,3524,3684,-1016,87,-54,-14892,-3344,5316,-485,121,-122,0
3429.1177649497986,10592,5624,10620,-145,-27,96,10148,-8908,8904,-6,130,-164,-14736,3520,3784,-988,79,-109,-14772,-3400,5216,-486,135,-135,0
3429.1508939266205,10364,5772,10320,-150,-38,103,10036,-8784,8896,-31,124,-181,-14804,3608,3740,-1272,87,-74,-14788,-3276,5272,-464,127,-111,0
3429.1843910217285,10536,5556,10520,-134,-66,84,10092,-8936,8804,-44,128,-168,-14756,3528,3732,-1012,96,-54,-14796,-3448,5192,-494,147,-124,0
3429.2179210186005,10552,5652,10484,-119,-35,77,10080,-8660,8708,-19,159,-190,-14760,3520,3740,-1014,91,-41,-14616,-3452,5332,-490,165,-121,0
3429.251621961593,10472,5556,10564,-135,-84,107,10128,-8616,8852,-21,143,-190,-14748,3488,3808,-996,81,-121,-14848,-3404,5628,-468,134,-117,0
3429.2848680019374,10516,5672,10456,-174,-47,73,10012,-8620,9004,-47,112,-190,-14696,3484,3800,-978,111,-106,-14872,-3432,5348,-484,85,-135,0
3429.318441152572,10624,5660,10440,-149,-40,80,10200,-8824,8928,-71,107,-188,-14824,3544,3784,-1010,45,-78,-14776,-3504,5160,-532,121,-157,0
3429.3518810272217,10560,5592,10612,-190,-84,90,10120,-8668,8888,-7,128,-142,-14708,3792,3780,-1043,86,-33,-14792,-3540,5280,-494,133,-86,0
3429.385173082352,10488,5720,10444,-101,5,106,10120,-8624,8920,-97,111,-184,-14680,3472,3756,-981,89,-56,-14732,-3468,5276,-470,123,-144,0
3429.4190509319305,10644,5660,10588,-170,-163,98,10156,-8696,8860,-33,112,-197,-14740,3832,3624,-984,106,-97,-14608,-3372,5228,-486,165,-148,0
3429.452343940735,10592,5636,10408,-150,-37,84,10308,-8600,8852,22,165,-63,-14616,3628,3884,-1051,100,-62,-15092,-3408,5208,-489,121,-133,0
3429.485697031021,10572,5676,10464,-126,-46,88,10156,-8700,8968,-9,119,-133,-14436,3348,3712,-994,30,-48,-14804,-3420,5316,-466,109,-165,0
3429.5192959308624,10564,5580,10592,-199,-40,78,10096,-8680,8948,-69,136,-162,-14708,3460,3676,-983,81,-39,-14832,-3396,5276,-444,99,-155,0
3429.5527961254124,10544,5620,10540,-134,-84,100,10144,-8748,8912,-32,134,-160,-14652,3520,3756,-1009,109,-83,-14816,-3380,5172,-498,140,-124,0
3429.5864491462708,10652,5628,10612,-156,-63,115,10136,-8500,8824,-16,115,-172,-14712,3496,3656,-1031,90,-108,-14848,-3532,5192,-476,126,-149,0
3429.6201109886174,10544,5380,10384,-129,-89,109,10236,-8456,8892,-13,88,-196,-14588,3536,3808,-1280,135,-102,-14780,-3412,5232,-500,143,-109,0
3429.653375148773,10680,5756,10720,-128,-125,95,10056,-8772,8940,-37,100,-196,-14740,3620,3744,-1006,115,-68,-14844,-3460,5308,-490,164,-150,0
3429.68696308136,10732,5640,10240,-166,-82,73,10160,-8768,8812,22,161,-187,-14736,3552,3852,-1046,91,-113,-14888,-3376,5332,-497,182,-113,0
3429.7234909534454,10508,5612,10260,-129,-69,106,10140,-8472,8868,10,119,-177,-14656,3376,3608,-771,134,-87,-14796,-3448,5164,-768,145,-138,0
3429.7591819763184,10532,5648,10720,-142,-77,105,10128,-8700,9152,-8,107,-177,-14736,3476,3692,-1039,101,-63,-14776,-3384,5280,-473,135,-114,0
3429.794209957123,10592,5788,10744,-152,-102,114,10132,-8788,8828,-39,114,-179,-14688,3480,3856,-1016,118,-86,-14788,-3492,5196,-449,152,-128,0
3429.829575061798,10592,5640,10728,-142,-77,95,10120,-8664,9008,-31,130,-198,-14788,3528,3744,-981,104,-102,-14660,-3460,5232,-469,147,-126,0
3429.8649129867554,10588,5640,10748,-148,-83,87,10104,-8732,8952,-24,114,-193,-14668,3396,3652,-1017,98,-88,-14856,-3452,5348,-476,156,-125,0
3429.900331020355,10652,5604,10296,-168,-53,86,10152,-8648,8960,-21,111,-186,-14748,3504,3728,-1019,96,-90,-14840,-3468,5240,-473,151,-125,0
3429.9354491233826,10576,5668,10556,-173,-65,105,10020,-8716,8808,-21,132,-213,-14784,3552,3984,-989,113,-73,-14576,-3524,5360,-492,150,-105,0
3429.9709920883174,10556,5672,10476,-202,-66,107,10144,-8624,8920,-31,100,-205,-14644,3412,3724,-1024,132,-91,-14600,-3584,5544,-474,149,-114,0
3430.006138086319,10540,5464,10420,-202,-63,128,10048,-8616,8640,10,130,-169,-14740,3556,3656,-1274,134,-100,-14800,-3476,5272,-480,131,-84,0
3430.0417671203613,10496,5708,10588,-223,-56,135,10104,-8928,8784,-22,122,-175,-14668,3508,3784,-999,88,-84,-14900,-3500,5280,-438,118,-118,0
3430.0776801109314,10660,5636,10408,-238,-47,137,10148,-8716,8764,-39,139,-160,-14736,3468,3752,-997,101,-87,-14756,-3392,5236,-469,139,-97,0
3430.1129541397095,10608,5804,10596,-242,-58,129,10196,-8864,8924,-47,141,-168,-14764,3508,3612,-1277,73,-38,-14784,-3576,5272,-485,128,-91,0
3430.1486890316014,10632,5380,10568,-292,-29,114,10056,-8600,8944,-22,160,-160,-14712,3532,3652,-1026,84,-89,-14848,-3512,5260,-426,171,-82,0
3430.183771133423,10616,5676,10592,-203,-27,101,10120,-8760,8924,-108,111,-183,-14784,3488,3832,-1000,88,-101,-14800,-3452,5224,-463,141,-103,0
3430.2197511196136,10628,5392,10660,-506,-96,109,10092,-8732,9184,-16,144,-207,-14776,3820,3600,-1274,99,-151,-14868,-3388,5368,-473,183,-116,0
3430.2553160190582,10744,5600,10720,-511,-14,130,9848,-8676,8924,4,139,-167,-14644,3496,3680,-1011,126,-52,-14772,-3356,5352,-459,148,-90,0
3430.2906749248505,10560,5528,10528,-267,-33,141,10140,-8740,8824,-7,144,-156,-14712,3476,3744,-998,111,-112,-14740,-3400,5376,-446,145,-77,0
3430.3262090682983,10700,5564,10628,-306,-49,131,10172,-8656,8940,-58,188,-187,-14848,3532,3668,-976,137,-114,-14772,-3464,5372,-434,141,-58,0
3430.3639330863953,10532,5716,10516,-284,-72,144,10084,-8760,9184,-34,195,-183,-14708,3816,3744,-997,93,-103,-14792,-3452,5220,-468,179,-67,0
3430.3973240852356,10592,5580,10516,-289,-111,142,10016,-8660,8876,4,181,-226,-14736,3580,3676,-1009,152,-156,-14844,-3540,5296,-487,174,-83,0
3430.430830001831,10584,5664,10576,-261,-111,146,10100,-8752,8872,-1,122,-228,-14732,3504,3868,-1013,110,-161,-14844,-3412,5192,-456,195,-65,0
3430.4643189907074,10576,5552,10496,-323,-170,141,10048,-8960,8872,-14,154,-221,-14832,3592,3836,-1020,128,-147,-14812,-3440,5312,-479,180,-72,0
3430.4979140758514,10564,5432,10560,-281,-106,132,10100,-8700,9092,-32,158,-224,-14752,3644,3648,-989,129,-80,-14856,-3160,5292,-474,160,-83,0
3430.531455039978,10684,5568,10556,-246,-152,134,10116,-8704,8844,-253,129,-239,-14764,3456,3656,-1016,112,-110,-14792,-3356,5120,-477,224,-74,0
3430.56485414505,10544,5612,10744,-232,-150,157,10088,-8696,8880,-50,102,-219,-14716,3404,3788,-1000,104,-123,-14784,-3452,5228,-491,160,-88,0
3430.5980119705205,10596,5588,10604,-223,-153,161,10228,-8452,8824,-38,139,-195,-14804,3548,3836,-996,100,-148,-14792,-3404,5232,-456,163,-89,0
3430.6316039562225,10688,5596,10524,-240,-180,146,10200,-8748,8760,-31,128,-226,-14784,3448,3728,-993,105,-144,-14844,-3544,5224,-465,156,-97,0
3430.664899110794,10648,5564,10452,-245,-160,134,10052,-8868,8868,-17,138,-196,-14768,3764,3600,-1000,87,-109,-15092,-3352,5284,-464,151,-96,0
3430.6984601020813,10572,5492,10596,-233,-154,148,10128,-8956,8808,-23,130,-210,-14748,3448,3768,-1009,85,-150,-14848,-3288,5248,-472,182,-75,0
3430.731961965561,10724,5520,10388,-172,-169,114,10028,-8632,8880,-72,116,-202,-14688,3508,3612,-1274,47,-121,-14848,-3372,5248,-472,160,-93,0
3430.7654571533203,10564,5672,10560,-169,-161,125,10064,-8596,8780,-33,161,-220,-14772,3436,3836,-1033,101,-102,-14848,-3444,5284,-487,194,-69,0
3430.7991449832916,10560,5392,10592,-205,-179,148,10084,-8792,8776,-34,143,-195,-14704,3464,3772,-1027,79,-90,-14916,-3352,5304,-478,224,-96,0
3430.8326139450073,10572,5604,10596,-232,-133,134,10076,-8608,8836,-9,149,-172,-14684,3464,3792,-1012,148,-116,-14636,-3444,5188,-429,188,-96,0
3430.866105079651,10576,5508,10460,-188,-123,132,10068,-8748,9052,-37,140,-194,-14816,3524,3584,-1027,66,-80,-14908,-3304,5320,-454,188,-99,0
3430.8996460437775,10588,5508,10600,-268,-149,117,10096,-8464,8984,14,127,-191,-14708,3468,3772,-1061,94,-76,-14612,-3344,5240,-503,221,-110,0
3430.933176994324,10556,5608,10396,-186,-92,118,10036,-8516,8960,-43,123,-169,-14784,3424,3776,-993,98,-97,-15072,-3080,5224,-455,174,-104,0
3430.9663989543915,10568,5496,10656,-175,-148,114,10132,-8960,8856,-68,133,-210,-14640,3416,3588,-988,115,-112,-14792,-3204,5276,-471,196,-134,0
3430.9999699592586,10684,5540,10548,-188,-93,111,10188,-8628,9144,-32,119,-179,-14696,3568,3752,-1015,134,-110,-14984,-3380,5348,-481,142,-110,0
3431.033546924591,10704,5524,10464,-171,-26,114,10104,-8516,8876,251,128,-166,-14760,3400,3656,-1013,88,-46,-14804,-3404,5160,-467,104,-123,0
3431.0671050548553,10660,5584,10416,-180,-31,95,10184,-8652,8696,-40,127,-180,-14668,3560,3640,-1013,78,-8,-14828,-3444,5188,-464,146,-112,0
3431.1003100872044,10664,5568,10512,-181,-19,87,10068,-8912,8940,-12,134,-164,-14724,3516,3856,-1012,94,-38,-14812,-3372,5152,-471,163,-118,0
3431.1337101459503,10568,5524,10700,-131,-34,106,10120,-8636,8992,-54,150,-175,-15092,3452,3636,-1035,95,-118,-15032,-3356,5196,-260,158,-115,0
3431.1669061183934,10628,5532,10432,-181,-78,122,10056,-8456,8884,-25,89,-175,-14568,3504,3800,-1022,94,-108,-14792,-3564,5164,-465,155,-110,0
3431.200371980667,10520,5448,10464,-143,-27,99,9836,-8560,8940,-43,116,-182,-14688,3472,3612,-1042,103,-53,-15048,-3500,5284,-477,111,-143,0
3431.2338330745697,10564,5544,10536,-188,-38,86,10116,-8784,9036,-44,138,-165,-14796,3492,3888,-1011,41,-69,-14832,-3368,5380,-472,133,-124,0
3431.2673490047455,10656,5584,10708,-147,6,69,10064,-8724,8992,-44,131,-161,-14808,3332,3656,-1001,93,-68,-14864,-3308,5240,-468,118,-157,0
3431.3010201454163,10524,5440,10688,-149,-21,112,10068,-8656,8928,-10,126,-171,-14696,3516,3920,-1051,93,-88,-14820,-3452,5220,-489,163,-103,0
3431.3344810009003,10580,5612,10612,-165,-69,100,10104,-8704,8704,-50,127,-179,-14780,3452,3760,-1016,71,-71,-14748,-3348,5240,-477,120,-116,0
3431.3677411079407,10488,5576,10640,-140,-60,89,10100,-8612,8916,-70,105,-200,-14732,3336,3720,-991,114,-82,-14852,-3432,5328,-486,154,-127,0
3431.4043300151825,10688,5624,10652,-145,-68,108,10196,-8748,8972,-44,134,-167,-14764,3484,3656,-771,89,-85,-14888,-3108,5148,-478,161,-108,0
3431.4396829605103,10648,5492,10660,-173,-38,118,10152,-8628,8776,-24,151,-198,-14692,3544,3788,-1021,113,-82,-14808,-3432,5224,-497,128,-165,0
3431.474650144577,10644,5536,10576,-147,-51,74,10024,-8512,8932,-4,134,-179,-14680,3480,3688,-988,106,-68,-14896,-3332,5232,-476,125,-114,0
3431.5106830596924,10628,5392,10444,-160,-77,94,10200,-8628,8956,-28,124,-181,-14732,3500,3936,-1014,86,-85,-15048,-3316,5120,-509,138,-119,0
3431.545639038086,10676,5524,10708,-145,-63,95,10152,-8680,8788,-41,126,-171,-14700,3448,3732,-1009,80,-93,-14800,-3572,5168,-470,121,-117,0
3431.5813500881195,10616,5664,10688,-144,-48,96,10044,-8460,8784,-59,137,-160,-14736,3552,3704,-1018,93,-68,-14608,-3528,5272,-762,144,-117,0
3431.61620092392,10584,5564,10608,-196,-74,103,10108,-8592,8800,-25,164,-147,-14656,3400,3880,-1046,93,-81,-14740,-3388,5348,-473,132,-137,0
3431.651922941208,10604,5612,10580,-157,-23,82,10120,-8640,8972,-74,143,-147,-14640,3472,3696,-1015,68,-70,-14804,-3416,5184,-498,124,-149,0
3431.6874630451202,10640,5636,10460,-169,-74,89,10076,-8776,8780,-82,162,-188,-14804,3640,3804,-971,69,-121,-14596,-3284,5320,-503,140,-151,0
3431.723597049713,10376,5624,10536,-171,-21,84,10032,-8652,9112,-19,111,-142,-14788,3784,3824,-1036,97,-37,-14604,-3372,5284,-469,140,-125,0
3431.7587180137634,10556,5608,10708,-167,-37,94,10148,-8660,8980,-5,142,-147,-14804,3408,3920,-1034,54,-71,-14688,-3400,5276,-499,119,-153,0
3431.7940130233765,10580,5640,10332,-179,-29,87,10112,-8956,8940,-40,169,-161,-14772,3560,4008,-995,59,-70,-14900,-3404,5212,-479,101,-132,0
3431.8297140598297,10544,5620,10340,-157,-46,101,10232,-8800,8756,-80,130,-157,-14716,3408,3804,-989,81,-119,-14840,-3308,5188,-760,151,-144,0
3431.8649270534515,10604,5564,10540,-121,-48,99,10108,-8472,8868,-27,123,-177,-14736,3512,3744,-1029,96,-51,-14788,-3084,5332,-483,133,-134,0
3431.900428056717,10600,5508,10448,-217,-85,114,10060,-8512,8820,-13,91,-182,-14748,3468,3764,-780,118,-105,-14832,-3280,5220,-502,153,-111,0
3431.935874938965,10648,5568,10572,-155,-82,126,10076,-8548,8744,-31,109,-195,-14736,3480,3912,-1011,105,-74,-14800,-3488,5368,-494,155,-139,0
3431.9718210697174,10516,5636,10560,-140,-62,91,10108,-8684,8880,-36,128,-207,-14720,3472,3700,-976,91,-101,-14836,-3404,5192,-476,158,-129,0
3432.007748126984,10616,5580,10320,-171,-71,105,10092,-8700,8940,6,132,-174,-14664,3524,3840,-1012,118,-103,-14596,-3468,5292,-500,161,-156,0
3432.044312953949,10580,5676,10468,-171,-88,102,10036,-8612,8704,-35,111,-186,-14692,3528,3956,-996,76,-103,-14812,-3444,5260,-463,144,-113,0
3432.077707052231,10644,5440,10528,-178,-112,118,10144,-8932,8732,-58,110,-194,-14664,3452,3696,-979,132,-87,-14840,-3440,5264,-473,126,-149,0
3432.110831975937,10484,5612,10536,-182,-123,95,10108,-8648,9004,-44,108,-186,-14816,3808,3860,-993,74,-73,-14848,-3404,5200,-472,141,-146,0
3432.1440241336823,10628,5616,10732,-185,-73,96,10164,-8740,8724,-24,100,-190,-14720,3560,3864,-971,104,-76,-14764,-3280,5232,-481,151,-103,0
3432.177528142929,10540,5620,10556,-160,-94,99,10104,-8704,8884,-8,123,-189,-14764,3516,3796,-1017,103,-107,-15044,-3356,5240,-474,165,-142,0
3432.210690975189,10616,5588,10520,-174,-126,108,10064,-8692,8948,-20,98,-206,-14752,3532,3836,-1001,106,-108,-14812,-3384,5340,-504,129,-144,0
3432.2443630695343,10604,5672,10728,-147,-108,108,10144,-8780,9008,-34,103,-163,-14712,3488,3804,-974,101,-76,-14784,-3456,5300,-501,151,-135,0
3432.2779021263123,10524,5572,10388,-144,-94,123,10164,-8636,9212,-14,74,-182,-14740,3480,3752,-991,143,-73,-14824,-3416,5236,-500,139,-99,0
3432.311378955841,10512,5664,10608,-157,-87,124,10172,-8472,8940,-25,95,-185,-14684,3532,3812,-1025,101,-78,-14676,-3212,5224,-484,146,-128,0
3432.3449211120605,10508,5624,10656,-156,-70,119,10144,-8624,8700,-16,91,-181,-14640,3576,3764,-769,135,-67,-14780,-3448,5212,-478,151,-150,0
3432.37842297554,10580,5620,10448,-139,-81,121,10076,-8664,8880,-2,122,-188,-14804,3532,4000,-1010,111,-103,-14896,-3368,5308,-489,128,-92,0
3432.4118111133575,10548,5612,10448,-139,-101,99,10136,-8460,8928,-28,140,-205,-14704,3464,3736,-1002,103,-36,-14780,-3424,5268,-484,156,-135,0
3432.445335149765,10740,5644,10356,-187,-78,87,10160,-8652,8928,-27,121,-189,-14820,3500,3736,-989,114,-75,-14656,-3416,5176,-473,126,-131,0
3432.483425140381,10644,5632,10520,-169,-71,97,10164,-8720,8948,-20,92,-178,-14796,3416,3744,-1045,78,-64,-14812,-3344,5284,-766,133,-134,0
3432.5169610977173,10544,5612,10756,-206,-82,108,10036,-8952,8756,-3,120,-167,-14668,3480,3728,-1065,188,-62,-14760,-3440,5280,-548,51,-124,0
3432.550612926483,10580,5636,10636,-122,-62,123,10176,-8664,8836,-41,236,-135,-14764,3452,3872,-996,140,-38,-14736,-3328,5280,-494,84,-140,0
3432.5842909812927,10568,5388,10740,-184,-117,98,10124,-8744,8788,-30,166,-174,-14824,3548,3700,-975,171,-50,-14772,-3376,5328,-477,127,-129,0
3432.6176850795746,10588,5632,10468,-167,-48,95,10084,-8668,8840,6,123,-157,-14748,3444,3608,-1278,155,-101,-14988,-3428,5292,-476,149,-106,0
3432.651111125946,10508,5604,10680,-169,-42,134,10016,-8652,8820,20,148,-157,-14644,3468,4060,-1012,183,-47,-14740,-3388,5224,-767,55,-147,0
3432.6844210624695,10556,5556,10656,-139,-6,100,10052,-8672,8948,-30,135,-190,-14704,3520,3840,-990,157,-70,-14824,-3400,5252,-473,115,-142,0
3432.7179651260376,10696,5560,10580,-163,-74,76,10092,-8632,9028,-255,179,-174,-14724,3520,4000,-990,139,-74,-14772,-3424,5192,-439,147,-124,0
3432.7516870498657,10592,5832,10656,-216,-50,112,10128,-8568,8900,-20,161,-158,-14676,3552,3524,-772,134,-123,-14684,-3472,5372,-466,165,-85,0
3432.7853100299835,10592,5648,10316,-237,-32,131,10060,-8692,9024,-13,94,-193,-14696,3528,3648,-984,119,-79,-14708,-3500,5268,-551,140,-126,0
3432.818819999695,10592,5620,10728,-127,-9,120,10148,-8708,8784,-69,68,-202,-14672,3588,3756,-1033,113,-105,-14864,-3496,5380,-486,128,-95,0
3432.85249710083,10632,5472,10720,-238,20,145,10104,-8716,8832,-84,75,-181,-14600,3636,3728,-962,110,-103,-14852,-3324,5196,-483,132,-78,0
3432.8857889175415,10596,5420,10592,-187,252,122,10248,-8644,8732,-62,117,-169,-14784,3536,3692,-963,112,-62,-14824,-3368,5272,-564,93,-122,0
3432.9193000793457,10592,5852,10604,-209,-143,126,10096,-8616,8824,-62,169,-161,-14700,3476,3704,-992,117,-92,-14916,-3440,5268,-432,148,-92,0
3432.9529180526733,10360,5620,10640,-188,-142,129,10032,-8636,8960,-16,200,-171,-14732,3548,3772,-1003,116,-129,-14600,-3448,5260,-457,145,-105,0
3432.986613035202,10472,5604,10512,-206,-82,110,10092,-8628,8836,-68,170,-203,-14752,3576,3688,-962,113,-119,-14776,-3392,5432,-455,152,-115,0
3433.0202801227574,10568,5616,10608,-188,-81,85,10116,-8668,8820,-50,156,-200,-14832,3472,3784,-951,120,-103,-14636,-3408,5300,-468,172,-78,0
3433.0538461208344,10736,5564,10628,-148,-127,77,10124,-8684,9200,-47,170,-178,-14664,3488,3828,-769,96,-105,-14812,-3340,5144,-413,166,-78,0
3433.0906670093536,10528,5568,10464,-245,-57,122,10004,-8896,8920,-30,141,-197,-14768,3360,3784,-985,107,-119,-14808,-3440,5128,-483,147,-87,0
3433.1261060237885,10588,5816,10592,-218,-72,114,10060,-8676,8848,-74,151,-159,-14656,3572,3772,-1013,95,-73,-14724,-3404,5260,-527,141,-90,0
3433.1618440151215,10528,5676,10584,-177,-68,133,10092,-8628,8740,-68,130,-182,-14828,3484,3760,-962,119,-100,-14752,-3384,5260,-485,149,-99,0
3433.198061943054,10548,5576,10600,-196,-96,102,9988,-8708,9008,-69,147,-202,-14868,3448,3832,-992,107,-128,-14860,-3448,5224,-493,151,-68,0
3433.233132123947,10632,5404,10500,-223,-119,140,10132,-8660,8856,-91,118,-188,-14768,3556,3756,-990,128,-60,-14760,-3424,5284,-479,204,-98,0
3433.26894402504,10580,5604,10556,-250,-103,159,10108,-8608,8948,-100,132,-238,-14784,3564,3780,-998,107,-106,-14908,-3392,5160,-509,145,-100,0
3433.3043811321254,10628,5536,10636,-205,-128,128,10068,-8960,8820,-25,133,-206,-14708,3540,3984,-1035,95,-104,-14852,-3360,5288,-476,178,-66,0
3433.3401930332184,10608,5600,10540,-252,-133,121,10068,-8720,8984,-29,155,-196,-14728,3636,3756,-961,77,-139,-14808,-3396,5312,-454,172,-93,0
3433.3756189346313,10568,5536,10644,-243,-110,125,10136,-8592,8860,-48,156,-193,-14776,3440,3376,-977,71,-81,-14848,-3352,5196,-473,148,-67,0
3433.4117369651794,10632,5528,10500,-5,-114,142,10144,-8776,8696,-24,132,-180,-14820,3576,3604,-1015,83,-101,-14880,-3376,5332,-491,169,-112,0
3433.4477610588074,10592,5524,10508,-317,-148,130,10048,-8596,8896,255,144,-194,-14660,3552,3756,-1029,93,-128,-14788,-3344,5292,-434,159,-105,0
3433.4830980300903,10560,5872,10564,-210,-118,109,10144,-8784,8972,-40,148,-214,-14784,3592,3860,-994,84,-107,-14612,-3100,5204,-463,172,-75,0
3433.5189080238342,10496,5540,10620,-290,-169,117,10136,-8712,9044,27,182,-189,-14744,3640,3524,-778,123,-146,-14828,-3320,5252,-435,180,-82,0
3433.5541899204254,10624,5576,10500,-280,-97,147,10128,-8692,8716,66,163,-173,-14748,3572,3648,-1278,127,-110,-14692,-3264,5320,-459,133,-104,0
3433.590037107468,10576,5552,10556,-262,-143,125,10136,-8692,8876,10,167,-172,-14772,3440,4004,-1034,58,-75,-14768,-3432,5252,-467,130,-124,0
3433.625067949295,10516,5604,10756,-264,-154,108,10104,-8684,8932,250,160,-201,-14732,3540,3732,-991,120,-101,-14768,-3424,5312,-473,125,-85,0
3433.6608040332794,10696,5492,10408,-218,-134,131,10232,-8700,8888,-31,111,-181,-14748,3360,3656,-1015,164,-76,-14804,-3364,5140,-498,163,-71,0
3433.6962380409245,10660,5604,10564,-222,-195,143,10076,-8656,9004,2,146,-239,-14792,3496,3588,-1036,125,-156,-14760,-3320,5228,-478,175,-104,0
3433.733792066574,10584,5556,10624,-228,-127,152,10136,-8632,8824,21,115,-194,-14724,3552,3652,-1015,151,-125,-14860,-3352,5180,-468,169,-84,0
3433.767436981201,10620,5516,10524,-235,-167,135,10124,-8656,8780,250,124,-188,-14860,3556,3808,-1026,130,-71,-14924,-3372,5296,-479,157,-94,0
3433.8010399341583,10588,5476,10280,-214,-105,119,10144,-8752,8876,-42,140,-214,-14772,3588,3656,-993,122,-90,-15092,-3268,5240,-515,174,-90,0
3433.8347339630127,10580,5520,10604,-195,-118,111,10180,-8708,8968,-10,141,-193,-14712,3480,3812,-998,110,-95,-14832,-3292,5292,-507,164,-97,0
3433.868423938751,10740,5524,10520,-179,-112,120,10024,-8600,8800,-62,121,-204,-14744,3492,3584,-1010,125,-78,-14828,-3412,5212,-478,147,-116,0
3433.901942014694,10684,5508,10556,-168,-111,106,10124,-8676,8780,-57,106,-216,-14740,3408,3728,-992,126,-125,-14844,-3380,5280,-468,140,-135,0
3433.935476064682,10664,5468,10616,-170,-75,97,10096,-8484,8712,-63,137,-200,-14756,3420,3656,-1012,67,-73,-14888,-3328,5124,-489,157,-161,0
3433.9693219661713,10556,5540,10484,-156,-67,71,10088,-8456,8744,6,153,-180,-14756,3496,3744,-778,96,-86,-14876,-3336,5112,-481,172,-124,0
3434.0030069351196,10684,5552,10728,-154,-47,83,10200,-8652,8856,254,141,-192,-14736,3504,3768,-1052,107,-93,-14872,-3280,5216,-477,168,-145,0
3434.0366361141205,10532,5544,10480,-163,-32,84,10156,-8548,8940,-21,100,-186,-14864,3448,3800,-1024,78,-115,-14892,-3360,5480,-469,150,-150,0
3434.070173025131,10600,5628,10604,-135,-33,114,10132,-8892,8864,-9,140,-163,-14844,3448,3684,-1049,98,-92,-14792,-3412,5356,-496,143,-139,0
3434.1033771038055,10632,5524,10240,-141,-54,99,10016,-8588,8724,-37,114,-174,-14756,3404,3832,-1029,112,-73,-14784,-3464,5192,-486,126,-126,0
3434.136836051941,10628,5832,10380,-133,-22,69,10132,-8640,8936,-53,108,-154,-14692,3496,3676,-1004,109,-23,-14768,-3392,5428,-486,115,-110,0
3434.170023918152,10936,5580,10672,-114,-23,123,10076,-8744,8960,-50,105,-147,-14788,3564,3756,-773,84,-55,-14740,-3408,5296,-507,102,-115,0
3434.203735113144,10696,5376,10448,-145,-68,109,10140,-8688,9052,-55,136,-167,-14784,3496,3644,-1026,66,-57,-14764,-3396,5320,-470,117,-146,0
3434.2373600006104,10736,5628,10456,-170,-19,113,10120,-8664,8864,-51,132,-170,-14768,3640,3644,-1013,126,-48,-14936,-3108,5216,-497,148,-106,0
3434.270697116852,10632,5560,10736,-93,-56,77,10236,-8652,9160,-80,160,-174,-14756,3836,3660,-970,73,-79,-14828,-3088,5152,-509,147,-151,0
3434.304147005081,10664,5568,10300,-155,-77,91,10184,-8708,8848,-48,102,-175,-14784,3500,3836,-1028,102,-81,-14920,-3324,5168,-450,124,-120,0
3434.3377211093903,10672,5576,10416,-116,-52,103,10192,-8608,8808,-3,134,-152,-14744,3524,3816,-1002,92,-74,-14768,-3468,5280,-454,100,-160,0
3434.3712379932404,10660,5752,10544,-138,-21,79,10064,-8476,8860,-40,165,-156,-14760,3524,4032,-997,31,-17,-15088,-3396,5612,-496,95,-163,0
3434.4043390750885,10660,5540,10256,-167,-52,72,10172,-8772,9060,-45,192,-163,-14724,3440,3676,-1021,53,-46,-14652,-3444,5288,-464,109,-131,0
3434.4379529953003,10704,5592,10512,-133,-14,81,10052,-8672,8948,-36,161,-188,-14744,3412,3676,-1000,84,-93,-15104,-3176,5228,-502,124,-125,0
3434.4712879657745,10652,5524,10556,-131,-85,83,10088,-8476,8804,-32,153,-199,-14716,3520,3656,-773,110,-100,-15036,-3360,5232,-468,173,-142,0
3434.5049929618835,10588,5632,10540,-155,-85,88,10124,-8576,8948,-14,118,-183,-14772,3584,3796,-1039,86,-116,-14812,-3388,5240,-467,167,-124,0
3434.538602113724,10588,5640,10608,-130,-105,96,10092,-8948,8976,-19,132,-179,-14744,3484,3796,-1277,84,-98,-15096,-3400,5368,-490,161,-112,0
3434.572196960449,10564,5632,10520,-132,-59,61,10160,-8660,8808,-7,173,-185,-14712,3560,3996,-1005,116,-92,-14876,-3332,5172,-470,140,-164,0
3434.6055290699005,10652,5520,10452,-120,-78,88,10040,-8684,9064,-248,141,-175,-14780,3520,3596,-1010,152,-78,-14736,-3396,5152,-492,158,-117,0
3434.6389610767365,10632,5568,10684,-161,-65,121,10056,-8952,8784,-30,124,-167,-14756,3436,3712,-1030,128,-75,-14780,-3456,5220,-476,155,-111,0
3434.6723041534424,10608,5672,10520,-153,-69,109,10180,-8660,9136,-57,136,-194,-14756,3440,3748,-1000,110,-52,-14832,-3360,5284,-468,156,-137,0
3434.7057631015778,10588,5544,10292,-144,-72,90,10128,-8616,8924,-40,153,-183,-14748,3492,3588,-976,104,-96,-14824,-3364,5280,-467,136,-129,0
3434.739001989364,10616,5764,10496,-149,-95,96,10148,-8644,8956,254,131,-182,-14736,3576,3776,-1001,117,-98,-14888,-3396,5208,-456,155,-134,0
3434.7771320343018,10620,5792,10740,-187,-94,115,10136,-8668,8764,-9,130,-188,-14740,3516,3724,-1003,103,-110,-14828,-3584,5296,-471,139,-141,0
3434.812232017517,10744,5688,10668,-165,-92,93,10024,-8748,8776,-1,90,-187,-14712,3524,3652,-969,100,-80,-14852,-3124,5252,-503,145,-108,0
3434.847995042801,10620,5560,10380,-139,-93,127,10112,-8696,8840,-24,100,-167,-14756,3500,3704,-1030,89,-82,-14768,-3580,5260,-497,150,-110,0
3434.883332967758,10608,5580,10320,-129,-76,108,10136,-8660,8940,239,96,-139,-14752,3512,3824,-1011,93,-67,-14764,-3400,5244,-483,148,-117,0
3434.9186539649963,10640,5724,10524,-153,-70,103,10036,-8660,8896,-26,119,-177,-14760,3556,3680,-1007,119,-70,-14752,-3340,5300,-465,156,-100,0
3434.953868150711,10624,5648,10400,-182,-80,78,10096,-8696,8744,-31,130,-204,-14804,3532,3592,-992,93,-40,-14796,-3324,5184,-472,122,-159,0
3434.9892649650574,10612,5424,10592,-154,-79,110,10172,-8460,8936,-59,158,-176,-14856,3608,3700,-990,82,-117,-15072,-3280,5276,-523,153,-120,0
3435.0245590209965,10596,5468,10340,-171,-91,88,10068,-8704,8696,-22,152,-182,-14692,3540,3612,-1036,67,-70,-14972,-3432,5276,-489,171,-114,0
3435.0601880550385,10564,5872,10268,-162,-38,90,10384,-8504,8804,-2,136,-157,-14688,3516,3696,-1003,77,-90,-14636,-3460,5176,-478,145,-144,0
3435.095482110977,10700,5604,10652,-179,-111,91,10172,-8700,8880,-72,159,-210,-14692,3548,3752,-997,73,-48,-14840,-3264,5284,-481,157,-139,0
3435.1312251091003,10692,5560,10528,-188,-29,92,10132,-8656,9044,17,161,-185,-14704,3572,3672,-770,67,-83,-14816,-3372,5136,-486,142,-157,0
3435.1751239299774,10516,5616,10240,-149,-58,111,10184,-8648,8904,7,161,-175,-14680,3452,3804,-1001,80,-95,-14856,-3448,5352,-434,111,-154,0
3435.225250005722,10692,5552,10540,-217,-49,82,10096,-8604,8708,-34,158,-160,-14832,3828,3820,-977,84,-51,-14748,-3392,5192,-469,132,-153,0
3435.2703421115875,10668,5592,10428,-162,-43,115,10100,-8604,9084,-35,131,-169,-14640,3508,3748,-1016,93,-103,-14752,-3488,5300,-484,140,-110,0
3435.3055300712585,10620,5592,10416,-182,-98,125,10072,-8688,8880,25,126,-205,-14632,3540,3728,-1044,93,-119,-14708,-3312,5256,-474,155,-112,0
3435.341576099396,10556,5692,10244,-138,-48,96,10084,-8600,8920,-256,104,-185,-14748,3524,3868,-1015,108,-66,-14876,-3360,5276,-466,141,-113,0
3435.3771340847015,10552,5596,10560,-175,-82,137,10116,-8476,8992,-256,114,-146,-14832,3460,3756,-772,109,-63,-14608,-3340,5252,-467,143,-104,0
3435.4133970737457,10644,5376,10300,-171,-75,128,10164,-8628,9040,-17,133,-177,-14824,3484,4036,-1019,120,-115,-14776,-3424,5172,-467,133,-122,0
3435.4469559192657,10728,5536,10464,-180,-49,127,10132,-8528,8936,251,138,-175,-14768,3520,3928,-1020,106,-79,-14844,-3388,5292,-482,146,-130,0
3435.4804849624634,10640,5872,10548,-177,-39,112,10096,-8708,8968,-44,127,-149,-14664,3556,3668,-1005,107,-64,-14812,-3540,5376,-470,130,-131,0
3435.5139520168304,10740,5856,10612,-195,-53,94,10152,-8684,8896,-55,149,-207,-14672,3568,3796,-999,72,-98,-14800,-3368,5268,-484,150,-130,0
3435.5477731227875,10780,5592,10492,-211,-33,100,10080,-8636,8900,-19,156,-191,-14600,3476,3672,-994,53,-68,-14900,-3396,5352,-471,159,-114,0
3435.5811200141907,10500,5540,10368,-222,-66,89,10132,-8656,8832,-42,185,-191,-14756,3728,3740,-1002,62,-103,-14836,-3364,5324,-447,172,-108,0
3435.6146869659424,10436,5520,10656,-232,-66,120,10124,-8628,8808,-30,148,-192,-14664,3628,3832,-997,107,-140,-14792,-3388,5316,-456,152,-85,0
3435.6480429172516,10600,5576,10428,-234,-49,124,10088,-8636,9060,-24,155,-184,-14640,3576,3944,-1006,114,-91,-14800,-3396,5168,-470,176,-73,0
3435.681260108948,10620,5400,10508,-255,-16,129,10144,-8640,8876,-33,173,-185,-14732,3620,3700,-985,96,-87,-15096,-3440,5240,-502,175,-64,0
3435.7148489952087,10624,5532,10620,-211,-59,127,10096,-8604,8860,-57,175,-174,-14820,3804,3720,-992,120,-99,-14772,-3360,5280,-470,153,-109,0
3435.7485029697414,10636,5624,10528,-218,-71,132,10144,-8744,8904,-44,165,-190,-14604,3520,3972,-998,96,-108,-14836,-3540,5308,-487,171,-92,0
3435.7817080020905,10528,5564,10604,-1,-65,135,10096,-8696,8904,-38,159,-191,-14784,3544,3572,-966,108,-97,-14816,-3464,5364,-482,171,-67,0
3435.815253973007,10528,5648,10572,-258,-104,150,10020,-8592,8744,-23,172,-204,-14828,3568,3804,-968,118,-95,-14688,-3340,5232,-452,180,-95,0
3435.8487870693207,10608,5576,10432,-253,-57,116,10208,-8576,8892,-92,136,-188,-14788,3348,3848,-993,128,-101,-14872,-3416,5248,-462,156,-37,0
3435.8819530010223,10692,5576,10924,-279,-130,131,10056,-8956,8992,-43,155,-175,-14772,3588,3944,-1020,94,-114,-14892,-3528,5300,-491,148,-73,0
3435.915586948395,10524,5600,10604,-299,-90,122,10116,-8700,8916,-18,142,-178,-14680,3524,3736,-773,130,-113,-14784,-3340,5284,-474,168,-76,0
3435.9492111206055,10544,5624,10468,-229,-78,154,10068,-8604,8832,-67,129,-178,-14756,3532,3940,-771,104,-82,-14824,-3312,5168,-467,165,-61,0
3435.9825201034546,10708,5508,10464,-256,-99,108,10164,-8580,8832,-50,147,-190,-14736,3532,3604,-967,91,-101,-14804,-3340,5272,-507,205,-81,0
3436.016185998916,10664,5620,10444,-237,-80,134,10124,-8672,8764,-24,138,-195,-14700,3504,3504,-1036,103,-127,-14620,-3096,5160,-471,144,-80,0
3436.049945116043,10656,5864,10444,-242,-95,132,10132,-8660,8772,29,139,-168,-14696,3440,3744,-1012,80,-115,-14872,-3380,5248,-469,120,-117,0
3436.083580970764,10504,5552,10516,-277,-90,114,10108,-8704,8908,-40,133,-194,-14752,3492,3872,-975,77,-88,-14812,-3368,5228,-447,104,-94,0
3436.117185115814,10652,5844,10596,-505,-105,115,10052,-8956,9188,-11,149,-170,-14672,3448,3660,-975,103,-54,-14740,-3564,5372,-475,141,-96,0
3436.15033698082,10584,5584,10452,-261,-124,142,10072,-8764,8908,-41,149,-184,-14756,3492,3748,-983,110,-96,-15072,-3364,5252,-480,160,-114,0
3436.1837010383606,10744,5484,10680,-281,-179,148,10124,-8636,8812,-255,142,-224,-14724,3832,3696,-998,130,-144,-14844,-3268,5200,-467,185,-75,0
3436.2171261310577,10680,5500,10488,-199,-156,126,10044,-8868,8784,-10,118,-214,-14760,3560,3844,-1045,128,-111,-14852,-3312,5236,-499,183,-75,0
3436.2507741451263,10624,5464,10284,-255,-162,139,10052,-8532,8912,-8,135,-216,-14692,3440,3696,-988,113,-118,-14744,-3368,5312,-488,172,-106,0
3436.2843160629272,10688,5600,10568,-218,-125,125,10076,-8648,9200,-21,132,-221,-14776,3568,3808,-1004,145,-100,-14752,-3344,5220,-459,175,-99,0
3436.3179171085358,10504,5844,10516,-234,-160,161,10124,-8764,8992,15,133,-212,-14800,3612,3744,-1034,125,-108,-15048,-3356,5268,-477,189,-87,0
3436.3514280319214,10696,5548,10328,-224,-156,140,10148,-8596,8972,-50,129,-206,-14720,3384,3832,-989,107,-105,-14628,-3564,5188,-474,148,-129,0
3436.384679079056,10712,5524,10360,-205,-143,125,10124,-8704,9000,-37,130,-222,-14856,3440,3852,-984,106,-91,-14792,-3324,5348,-471,175,-96,0
3436.4179639816284,10712,5548,10588,-181,-143,116,10116,-8600,8880,-32,137,-200,-14740,3480,3740,-980,102,-88,-14824,-3328,5124,-492,152,-94,0
3436.4547259807587,10696,5548,10456,-202,-127,109,10088,-8672,8864,-5,125,-181,-14700,3460,3764,-991,114,-116,-14820,-3304,5196,-501,174,-98,0
3436.4902629852295,10680,5552,10496,-174,-110,102,10152,-8700,8908,-38,150,-202,-14732,3516,3644,-1006,110,-72,-14688,-3464,5132,-525,145,-113,0
3436.5259850025177,10748,5484,10468,-166,-96,108,10084,-8548,8792,-39,93,-189,-14712,3480,3772,-1016,74,-118,-15088,-3276,5208,-498,165,-137,0
3436.5616841316223,10564,5476,10300,-110,-90,90,10132,-8540,8836,-40,101,-173,-14688,3488,3692,-1058,137,-86,-14616,-3096,5128,-504,150,-130,0
3436.5976669788365,10644,5524,10640,-158,-56,89,10128,-8508,9112,36,135,-176,-14744,3436,3612,-1048,130,-102,-14864,-3292,5160,-453,160,-123,0
3436.6324131488805,10664,5672,10576,-185,-40,95,10084,-8896,9060,-13,118,-162,-14880,3504,3748,-1021,72,-43,-14960,-3464,5264,-477,103,-135,0
3436.668226957321,10760,5488,10740,-157,-86,100,10116,-8748,8976,-30,137,-168,-14788,3572,3700,-1042,66,-64,-14828,-3312,5192,-524,126,-158,0
3436.7034080028534,10688,5592,10520,-145,-50,67,10136,-8564,8816,-19,143,-184,-14644,3456,3788,-1055,47,-56,-14784,-3452,4908,-767,123,-153,0
3436.739401102066,10620,5596,10376,-99,10,53,10116,-8640,9104,-55,121,-175,-14444,3564,3792,-1025,81,-38,-14776,-3372,5168,-494,111,-131,0
3436.774496078491,10680,5532,10368,-159,-84,92,10128,-8784,8848,-44,133,-189,-14732,3788,3736,-989,76,-99,-14916,-3268,5376,-484,115,-141,0
3436.810203075409,10724,5480,10328,-158,-41,80,10088,-8456,8804,-23,108,-136,-14796,3580,3808,-1020,92,-56,-14880,-3436,5392,-461,108,-174,0
3436.8451719284058,10520,5612,10504,-111,-14,92,10148,-8616,8856,-2,151,-133,-14800,3812,3752,-1025,77,-48,-15088,-3156,5560,-478,108,-119,0
3436.880424976349,10668,5604,10568,-131,-41,76,9812,-8624,8832,-72,164,-142,-14748,3588,3548,-1003,74,-18,-14800,-3352,5416,-498,102,-154,0
3436.9160919189453,10632,5664,10264,-129,-60,83,10136,-8476,8928,-40,116,-143,-14784,3572,3684,-1004,110,-88,-14748,-3324,5252,-492,162,-152,0
3436.9518580436707,10680,5588,10504,-111,-95,104,10152,-8728,8860,-21,132,-197,-14684,3540,3724,-1008,43,-65,-14788,-3076,5248,-485,162,-166,0
3436.9878079891205,10576,5488,10508,-119,-68,80,10224,-8584,8920,6,101,-211,-14632,3584,3984,-1066,119,-120,-15056,-3556,5324,-504,181,-135,0
3437.0230050086975,10504,5504,10560,-116,-84,94,10156,-8616,8952,-48,138,-215,-14716,3604,3664,-1016,93,-98,-15008,-3384,5300,-498,141,-137,0
3437.058795928955,10684,5384,10488,-126,-79,88,10128,-8456,9092,-10,129,-186,-14772,3588,4064,-1009,120,-122,-14836,-3100,5276,-469,155,-138,0
3437.095407962799,10660,5488,10548,-127,-113,104,10124,-8472,8904,-22,123,-192,-14740,3600,3752,-771,100,-94,-14608,-3296,5248,-503,125,-158,0
3437.1289291381836,10660,5384,10400,-123,-82,101,10052,-8692,8876,4,112,-186,-14684,3548,3768,-1011,84,-27,-14792,-3424,5400,-504,111,-121,0
3437.162328004837,10616,5588,10336,-106,-76,90,10096,-8680,8916,-55,128,-192,-14776,3516,3652,-1002,80,-96,-14760,-3436,5260,-485,136,-162,0
3437.1959099769592,10596,5568,10728,-128,-83,90,10108,-8456,8964,-37,135,-214,-14804,3572,3836,-998,96,-120,-14924,-3352,5268,-499,136,-154,0
3437.2292270660405,10740,5400,10572,-134,-90,98,10128,-8896,8856,-21,115,-208,-14736,3512,3796,-1006,81,-68,-14824,-3480,5388,-504,108,-140,0
3437.2624530792236,10680,5608,10360,-136,-42,87,10104,-8504,8960,-40,85,-187,-14816,3576,3856,-1011,83,-57,-14596,-3504,5248,-478,142,-138,0
3437.2958669662476,10648,5732,10368,-107,-44,107,10292,-8608,9056,-246,80,-146,-14820,3336,3664,-979,114,-64,-14900,-3400,5328,-511,130,-143,0
3437.329514980316,10604,5576,10580,-130,-71,114,10020,-8696,8748,-29,126,-186,-14772,3532,3636,-1033,107,-114,-14800,-3388,5284,-506,129,-132,0
3437.3630890846252,10668,5376,10588,-93,-60,114,10164,-8680,8876,-13,116,-170,-14700,3564,4044,-770,116,-38,-14804,-3364,5232,-473,118,-132,0
3437.3963990211487,10620,5644,10332,-146,-63,121,10204,-8648,8928,-14,149,-171,-14644,3536,3828,-1011,106,-60,-14756,-3388,5192,-501,154,-113,0
3437.4299390316014,10636,5376,10304,-143,-46,84,10084,-8704,8880,-43,129,-195,-14804,3540,3852,-990,94,-96,-14780,-3508,5220,-487,119,-109,0
3437.4633030891414,10752,5680,10548,-135,-87,118,10096,-8616,8864,-73,133,-152,-14912,3620,4068,-951,98,-89,-14756,-3440,5280,-509,120,-122,0
3437.499745130539,10724,5396,10336,-137,-54,103,10056,-8468,8964,-44,114,-184,-14756,3496,3604,-1019,86,-133,-14812,-3516,5268,-496,131,-130,0
3437.5335550308228,10596,5680,10608,-165,-250,111,10056,-8516,8704,-31,115,-170,-14776,3472,3784,-788,98,-63,-14768,-3404,5188,-457,128,-122,0
3437.5670890808105,10636,5596,10536,-181,-76,101,10116,-8652,8812,-69,143,-167,-14596,3580,3860,-1009,85,-56,-14916,-3324,5292,-499,142,-165,0
3437.6007509231567,10732,5656,10520,-190,-49,88,10104,-8724,8860,-16,135,-182,-14660,3812,3648,-1024,110,-48,-14756,-3404,4992,-486,132,-126,0
3437.6341481208806,10576,5692,10548,-132,-30,85,10084,-8732,8932,4,119,-164,-14800,3520,3800,-1052,84,-83,-14856,-3368,5228,-487,137,-125,0
3437.667703151703,10656,5656,10404,-160,-22,106,10088,-8600,8756,-5,150,-180,-14800,3516,3632,-1015,41,-94,-15028,-3364,5292,-469,137,-142,0
3437.7011890411377,10624,5664,10424,-185,-45,83,10132,-8580,8816,-28,168,-172,-14720,3596,3824,-975,67,-70,-14772,-3356,5212,-482,118,-135,0
3437.7343940734863,10592,5384,10464,-190,-60,97,10108,-8632,8960,-39,159,-156,-14848,3540,3824,-1015,90,-74,-14788,-3408,5276,-480,156,-100,0
3437.7679619789124,10652,5580,10568,-180,-60,99,10112,-8548,8796,31,135,-198,-14632,3540,3824,-1041,100,-91,-14712,-3392,5276,-453,165,-70,0
3437.80156993866,10540,5688,10488,-213,-60,117,10136,-8688,8768,30,122,-197,-14600,3548,3896,-1022,128,-114,-15104,-3452,5120,-440,164,-109,0
3437.835363149643,10672,5468,10472,-209,-86,117,10112,-8664,8744,-1,148,-179,-14692,3476,3700,-1053,95,-101,-14712,-3492,5224,-484,146,-95,0
3437.868730068207,10548,5572,10512,-215,-13,90,9952,-8676,8984,-41,167,-170,-14776,3676,3812,-1008,97,-77,-14872,-3128,5192,-492,147,-88,0
3437.9018781185146,10712,5652,10592,-229,-87,126,10000,-8664,9060,-43,143,-185,-14664,3504,3840,-1009,119,-97,-14748,-3464,5272,-469,182,-55,0
3437.935506105423,10752,5604,10744,-268,-62,119,9988,-8616,9056,-55,159,-163,-14660,3444,3888,-1000,105,-101,-14676,-3348,5356,-462,162,-77,0
3437.9692471027374,10496,5608,10524,-272,-46,119,10088,-8688,8728,-78,151,-195,-14708,3464,3888,-956,75,-130,-14764,-3472,5172,-454,156,-69,0
3438.0028989315033,10548,5876,10744,-287,-62,104,10132,-8668,9176,-61,205,-189,-14724,3532,3764,-977,90,-129,-15044,-3464,5156,-436,139,-69,0
3438.036638021469,10688,5624,10588,-285,-86,112,10124,-8664,8924,-74,200,-184,-14820,3612,3592,-989,84,-92,-15072,-3316,5196,-466,156,-83,0
3438.0701649188995,10648,5644,10528,-282,-65,129,10184,-8660,8912,-49,110,-158,-14812,3516,3712,-994,98,-98,-14772,-3336,5340,-447,143,-74,0
3438.103693962097,10692,5628,10720,-274,-66,163,10192,-8468,8860,-31,151,-196,-14716,3608,3736,-992,150,-140,-14836,-3448,5288,-473,125,-71,0
3438.1412739753723,10608,5456,10524,-261,-122,177,10112,-8716,8880,-17,108,-196,-14652,3736,3588,-1024,124,-151,-14844,-3420,5224,-477,162,-67,0
3438.177129030228,10648,5548,10412,-263,-132,184,10124,-8636,8860,-20,120,-209,-14636,3432,3744,-991,89,-119,-14788,-3368,5308,-461,168,-58,0
3438.2123050689697,10932,5604,10496,-264,-108,154,10136,-8636,8928,-19,144,-206,-15012,3444,3764,-986,99,-113,-14732,-3116,5136,-457,170,-74,0
3438.248104095459,10640,5624,10604,-288,-126,147,10092,-8644,8928,-18,149,-220,-14656,3544,3680,-982,129,-119,-14732,-3456,5428,-477,173,-87,0
3438.2834501266484,10768,5580,10540,-266,-113,137,9728,-8620,8832,-31,120,-222,-14740,3448,3724,-982,140,-93,-14616,-3124,4968,-456,128,-65,0
3438.3193221092224,10768,5584,10472,-231,-122,141,10124,-8640,8996,-43,132,-192,-14788,3544,3676,-973,109,-122,-14728,-3396,5280,-502,153,-55,0
3438.354530096054,10648,5536,10652,-270,-151,154,10160,-8608,8984,-10,133,-194,-14836,3524,3828,-1026,108,-72,-14884,-3304,5272,-456,147,-104,0
3438.3902750015254,10564,5624,10592,-265,-98,132,10052,-8528,9020,-250,155,-205,-14724,3396,3820,-1030,113,-109,-14604,-3548,5180,-477,119,-54,0
3438.4250569343567,10620,5556,10548,-246,-145,111,10080,-8640,8868,-253,173,-220,-14800,3692,3604,-975,140,-97,-14836,-3088,5320,-482,187,-81,0
3438.460557937622,10688,5520,10324,-273,-126,139,10168,-8624,8948,35,124,-186,-14768,3628,3776,-1013,124,-111,-15068,-3332,5300,-442,154,-106,0
3438.496160030365,10540,5568,10252,-253,-110,137,10132,-8584,8976,9,143,-154,-14656,3460,3816,-1271,103,-39,-14824,-3356,5156,-470,133,-129,0
3438.5317051410675,10604,5592,10564,-231,-129,123,10104,-8596,8868,-39,173,-190,-15008,3484,3852,-992,56,-125,-14800,-3304,5144,-470,115,-73,0
3438.5675880908966,10708,5572,10712,-218,-94,119,10056,-8892,9212,-51,149,-186,-14708,3532,3592,-951,117,-106,-14768,-3284,5324,-475,118,-66,0
3438.602793931961,10644,5400,10276,-197,-125,149,10084,-8612,9060,-33,110,-193,-14820,3348,3724,-1006,120,-135,-14772,-3560,5236,-472,179,-81,0
3438.6381549835205,10756,5428,10512,-239,-187,179,10108,-8564,9068,-4,97,-220,-14728,3532,3496,-1278,134,-102,-14620,-3308,5276,-519,191,-96,0
3438.673444032669,10664,5452,10456,-158,-131,140,10156,-8524,8972,-51,91,-208,-14632,3496,3792,-985,141,-82,-14860,-3324,5284,-506,140,-95,0
3438.709209918976,10756,5524,10452,-162,-110,121,10172,-8648,9048,-49,95,-213,-14764,3736,3940,-996,142,-53,-14816,-3348,5208,-502,149,-106,0
3438.7438640594482,10756,5540,10344,-144,-57,103,10068,-8536,8768,-4,111,-167,-14804,3416,3804,-773,115,-55,-14796,-3140,5148,-500,141,-100,0
3438.780350923538,10668,5484,10416,-135,-26,100,10068,-8528,8808,-23,145,-198,-14668,3480,3732,-1034,88,-56,-14832,-3296,5148,-764,166,-130,0
3438.8138859272003,10736,5560,10316,-138,-12,96,10176,-8688,8920,-36,116,-180,-14768,3480,3808,-1038,100,-102,-14904,-3396,5192,-474,139,-121,0
3438.847393989563,10960,5616,10548,-146,-47,82,10132,-8596,9048,-55,123,-199,-14708,3564,3728,-987,102,-103,-14856,-3320,5424,-492,145,-167,0
3438.8808910846706,10680,5444,10240,-144,-46,81,10144,-8604,8860,-23,126,-204,-14772,3812,3724,-991,82,-62,-14856,-3376,5348,-502,143,-175,0
3438.914371967316,10632,5484,10520,-124,-41,86,10052,-8632,9028,-44,145,-171,-14752,3556,3832,-771,85,-46,-14776,-3364,5196,-490,131,-140,0
3438.9477350711823,10648,5484,10644,-134,0,69,10060,-8532,8948,-52,161,-164,-14764,3564,3728,-1000,87,-66,-14788,-3292,5388,-512,127,-149,0
3438.9811511039734,10748,5608,10268,-121,-23,115,10092,-8636,9048,-79,115,-173,-14732,3548,3976,-1012,85,-83,-14828,-3324,5244,-481,134,-124,0
3439.014792919159,10588,5536,10532,-148,-54,118,10184,-8604,8928,-13,118,-181,-14764,3504,3712,-1001,111,-71,-14748,-3364,5132,-486,162,-115,0
3439.0484149456024,10632,5556,10480,-123,-17,84,10040,-8652,8708,-57,107,-162,-14848,3476,4076,-993,108,-59,-14860,-3432,5276,-494,111,-124,0
3439.0819120407104,10676,5532,10560,-105,-38,139,10068,-8748,8888,-65,90,-157,-14748,3732,3804,-1030,67,-42,-14888,-3256,5336,-543,108,-145,0
3439.115592956543,10528,5452,10484,-145,-95,102,10356,-8636,8864,-21,103,-159,-14784,3628,3768,-1019,94,-96,-14812,-3420,5152,-484,139,-115,0
3439.148922920227,10696,5576,10480,-98,-29,89,10024,-8532,8772,-67,118,-190,-14696,3508,3780,-771,79,-110,-15068,-3408,5200,-503,144,-155,0
3439.1823620796204,10648,5456,10532,-104,-95,74,10188,-8652,8832,-93,137,-177,-14740,3504,3760,-1002,58,-55,-14840,-3344,5356,-492,145,-184,0
3439.21585392952,10612,5576,10452,-113,-63,35,10136,-8700,8780,-256,148,-168,-14668,3460,3648,-1010,90,-80,-14604,-3172,5176,-477,122,-153,0
3439.249043941498,10632,5484,10684,-82,7,56,10184,-8600,9192,18,136,-152,-14712,3556,3876,-1030,71,-80,-14760,-3416,5308,-489,112,-203,0
3439.282525062561,10708,5524,10528,-123,-62,81,10140,-8632,9172,-48,162,-187,-14760,3548,3808,-981,37,-78,-14748,-3412,5292,-457,136,-178,0
3439.3161730766296,10660,5532,10544,-134,-57,76,9992,-8932,8956,-32,169,-167,-14636,3816,3832,-976,83,-19,-14776,-3308,5388,-466,119,-170,0
3439.3496811389923,10564,5596,10480,-147,-41,91,10148,-8720,9008,-61,147,-177,-14788,3580,3724,-1009,106,-68,-14800,-3380,5248,-488,135,-161,0
3439.382974147796,10684,5560,10456,-132,-110,104,10164,-8652,8944,-12,104,-193,-14632,3548,3668,-1033,123,-123,-14796,-3352,5216,-497,166,-174,0
3439.416465997696,10604,5592,10448,-93,-71,86,10120,-8656,9104,-2,196,-147,-14660,3512,3768,-1024,137,-99,-14716,-3372,5208,-507,150,-127,0
3439.450143098831,10724,5380,10256,-107,-100,101,10152,-8604,9028,-22,122,-178,-14792,3496,3748,-1010,100,-86,-14936,-3452,5140,-510,159,-145,0
3439.4837300777435,10620,5716,10608,-100,-59,91,10136,-8680,8860,-14,119,-182,-14696,3492,3844,-1008,100,-59,-15056,-3404,5252,-514,145,-164,0
3439.5173559188843,10688,5564,10572,-109,-69,115,10120,-8572,8968,-22,91,-163,-14728,3488,3708,-1018,107,-27,-15072,-3368,5360,-495,127,-142,0
3439.5507440567017,10584,5804,10576,-131,-83,118,10060,-8552,8744,-43,113,-160,-14716,3504,3896,-1016,97,-83,-15076,-3360,5316,-259,122,-139,0
3439.5842700004578,10692,5872,10320,-133,-56,103,10152,-8584,8756,-63,114,-181,-14712,3472,3656,-1001,111,-71,-14860,-3384,5344,-488,142,-138,0
3439.6179919242854,10672,5676,10456,-129,-80,119,10148,-8636,8844,-56,124,-212,-14648,3576,3768,-977,115,-56,-14816,-3404,5476,-493,113,-120,0
3439.651482105255,10632,5540,10536,-121,-82,106,10120,-8704,8888,-43,138,-175,-14656,3620,3748,-1001,92,-24,-14820,-3400,5324,-488,124,-137,0
3439.6848859786987,10660,5556,10416,-155,-46,95,10120,-8596,8972,-19,121,-173,-14764,3636,3664,-1010,93,-55,-14772,-3384,5148,-503,153,-135,0
3439.718420982361,10508,5652,10516,-164,-70,119,10140,-8628,8868,-34,134,-182,-14816,3568,3628,-1025,117,-108,-14804,-3384,5280,-501,129,-150,0
3439.7517931461334,10632,5684,10268,-130,-78,121,10108,-8656,8856,-32,112,-172,-14780,3540,3816,-996,79,-35,-14780,-3368,5256,-498,123,-141,0
3439.784765958786,10692,5660,10408,-151,-51,109,10092,-8596,8744,-29,130,-183,-14796,3576,3764,-1009,98,-94,-14740,-3428,5284,-481,149,-151,0
3439.8227639198303,10528,5652,10536,-195,-65,103,10192,-8656,8776,-12,142,-161,-14720,3488,3900,-980,104,-64,-14688,-3432,5292,-459,151,-107,0
3439.858752965927,10656,5640,10740,-220,-41,103,10164,-8612,8912,-14,164,-166,-14828,3728,3816,-997,101,-102,-14800,-3388,5316,-454,144,-121,0
3439.8939459323883,10688,5848,10472,-260,-28,101,10108,-8752,8896,-14,165,-153,-14732,3564,3916,-977,126,-95,-14800,-3348,5364,-477,121,-91,0
3439.9299449920654,10656,5452,10736,-261,-70,109,10156,-8468,8892,4,151,-181,-14652,3464,3820,-1056,94,-144,-14856,-3504,5320,-459,151,-112,0
3439.9649419784546,10580,5460,10536,-511,-27,126,10088,-8664,8956,-73,116,-196,-14668,3476,3772,-1009,96,-64,-14752,-3516,5260,-469,140,-75,0
3440.00008392334,10716,5564,10656,-259,-102,119,10076,-8920,8732,-87,178,-216,-14704,3500,3680,-970,92,-132,-14756,-3456,5200,-476,139,-84,0
3440.0353159904485,10908,5580,10416,-298,-15,109,10164,-8624,8892,255,153,-175,-14816,3532,3768,-1025,133,-111,-14752,-3384,5276,-475,167,-48,0
3440.0707931518555,10676,5564,10524,-296,-29,125,10132,-8712,9000,-5,188,-155,-14656,3584,3724,-1020,78,-97,-14788,-3468,5376,-457,137,-99,0
3440.1062290668488,10652,5848,10516,-317,-26,94,10052,-8584,8968,-68,228,-166,-14648,3540,3828,-946,69,-60,-14892,-3176,5148,-421,144,-71,0
3440.1418359279633,10668,5536,10396,-315,-38,126,10092,-8464,8864,-73,215,-175,-14820,3524,3788,-994,121,-89,-14768,-3388,5148,-437,146,-48,0
3440.178081035614,10596,5568,10372,-286,-93,160,10060,-8656,9104,-48,85,-198,-14736,3540,3700,-998,112,-104,-14788,-3396,5288,-465,182,-63,0
3440.2132570743565,10648,5596,10624,-299,-125,147,10092,-8620,8940,-49,119,-212,-14616,3516,3776,-1007,142,-126,-14768,-3340,5296,-492,184,-46,0
3440.249356985092,10636,5536,10692,-263,-138,148,10068,-8636,9016,-35,147,-198,-14728,3448,3792,-996,105,-143,-14844,-3544,5224,-454,167,-45,0
3440.284665107727,10668,5612,10400,-284,-101,146,10132,-8728,9080,-24,180,-214,-14684,3816,3780,-1004,108,-113,-14600,-3576,5304,-466,142,-78,0
3440.3206169605255,10616,5556,10508,-260,-132,145,10112,-8644,8740,-7,157,-212,-14740,3460,3832,-1030,149,-96,-14608,-3576,5244,-484,177,-74,0
3440.356187105179,10684,5540,10336,-216,-147,160,10116,-8524,8948,-35,113,-208,-14672,3496,3680,-998,121,-129,-14748,-3408,5212,-482,162,-68,0
3440.3922801017766,10532,5512,10540,-239,-153,159,10096,-8660,8960,-38,132,-220,-14740,3500,3692,-990,146,-119,-14784,-3276,5252,-445,149,-53,0
3440.4275159835815,10716,5516,10496,-226,-166,143,10092,-8604,8884,-25,122,-228,-15060,3564,3744,-982,117,-107,-14856,-3300,5140,-435,193,-90,0
3440.4630291461945,10664,5460,10244,-233,-119,121,10040,-8588,8836,-28,172,-219,-14808,3496,3620,-1009,117,-125,-14892,-3376,5308,-478,174,-90,0
3440.4964921474457,10964,5484,10740,-216,-136,114,10152,-8664,8916,-256,128,-197,-14752,3440,3612,-1015,121,-103,-14824,-3076,5464,-480,170,-109,0
3440.5300509929657,10668,5452,10684,-217,-128,143,10160,-8576,8852,-26,134,-192,-14724,3496,3788,-1002,111,-109,-14736,-3412,5280,-487,161,-78,0
3440.5637469291687,10692,5572,10712,-215,-149,147,10188,-8640,8908,-254,131,-197,-14748,3496,3644,-1000,131,-110,-14720,-3336,5160,-515,142,-82,0
3440.59703207016,10644,5568,10552,-189,-118,154,10104,-8608,8800,247,113,-206,-14712,3548,3768,-775,138,-147,-14840,-3124,5572,-494,178,-90,0
3440.630520105362,10716,5540,10712,-238,-168,156,10036,-8600,8992,-11,96,-234,-14744,3496,3608,-1006,123,-130,-14800,-3544,5124,-491,182,-98,0
3440.663782119751,10736,5628,10420,-210,-127,122,10152,-8516,8828,-30,154,-214,-14668,3572,3908,-979,117,-94,-14840,-3420,5136,-472,162,-53,0
3440.697119951248,10752,5504,10416,-176,-118,104,10116,-8516,9116,-74,134,-177,-14760,3596,3684,-975,118,-87,-14872,-3100,5316,-539,148,-108,0
3440.7307069301605,10772,5456,10556,-202,-120,104,10100,-8856,9144,-12,119,-196,-14724,3504,3748,-1024,104,-80,-14784,-3380,5244,-478,138,-157,0
3440.7644040584564,10676,5488,10464,-162,-63,91,10176,-8636,8932,-68,102,-194,-14668,3544,3748,-1002,112,-75,-14872,-3360,5240,-476,126,-125,0
3440.797618150711,10604,5476,10316,-144,-59,88,10136,-8560,8860,-34,137,-184,-14728,3412,3916,-984,105,-52,-15008,-3288,5324,-509,155,-123,0
3440.8308269977574,10724,5500,10352,-159,-22,102,10200,-8588,8824,21,133,-158,-14744,3760,3996,-1059,82,-83,-14952,-3132,5248,-483,134,-129,0
3440.864320039749,10696,5472,10620,-166,11,91,10084,-8484,8952,24,134,-146,-14748,3496,3892,-1056,90,-46,-14880,-3408,5240,-482,106,-149,0
3440.8975369930267,10632,5608,10428,-178,-12,96,10148,-8576,9208,252,127,-186,-14808,3520,3744,-1003,63,-57,-14616,-3324,5244,-486,110,-145,0
3440.93119096756,10748,5564,10636,-152,-23,58,10168,-8908,9200,-62,133,-148,-14744,3444,3864,-970,61,-8,-15068,-3460,5204,-499,107,-142,0
3440.9647259712215,10760,5592,10556,-97,-7,94,10204,-8568,8932,-47,146,-134,-14656,3532,3348,-1036,87,-49,-14608,-3176,5160,-493,124,-180,0
3440.9979259967804,10652,5468,10568,-165,-54,96,10040,-8604,8812,-5,120,-181,-14696,3508,3688,-1037,112,-92,-14748,-3352,5228,-476,162,-145,0
3441.0313041210175,10524,5496,10384,-138,-45,117,9984,-8596,9172,-39,113,-186,-14780,3596,3708,-1027,85,-64,-14840,-3372,5272,-471,128,-128,0
3441.064847946167,10760,5508,10448,-131,-76,90,10180,-8636,8944,-37,133,-161,-14688,3512,3648,-982,95,-35,-14820,-3444,5336,-487,135,-123,0
3441.0980780124664,10656,5508,10508,-152,-43,108,10100,-8728,8848,-52,105,-146,-14648,3352,3792,-1001,122,-64,-14888,-3084,5316,-467,159,-140,0
3441.1317000389095,10732,5532,10452,-146,-54,108,10060,-8672,8892,-9,98,-163,-14788,3448,3952,-1031,102,-69,-14784,-3396,5292,-259,122,-100,0
3441.1652359962463,10732,5464,10544,-99,-52,105,10140,-8700,8932,-24,135,-171,-14744,3528,3684,-1048,85,-59,-14804,-3380,5256,-507,152,-132,0
3441.1984779834747,10724,5480,10492,-124,-43,72,10100,-8688,8788,-56,161,-201,-14660,3496,3756,-989,88,-64,-14832,-3120,5172,-477,158,-158,0
3441.2319920063014,10540,5480,10744,-86,-61,70,10068,-8604,8848,-55,131,-196,-14732,3344,3660,-992,79,-93,-14816,-3300,5160,-483,131,-159,0
3441.26563000679,10648,5524,10728,-114,-82,83,10080,-8648,8924,-9,119,-176,-14696,3508,3708,-1009,88,-105,-14780,-3356,5268,-489,146,-147,0
3441.298716068268,10652,5556,10568,-121,-89,81,10168,-8608,8928,-38,132,-184,-14704,3504,3820,-1028,94,-97,-14836,-3368,5300,-487,153,-149,0
3441.332395076752,10940,5408,10516,-111,-58,79,10184,-8592,9068,-255,157,-181,-14680,3560,3620,-991,70,-75,-14784,-3332,5332,-762,145,-157,0
3441.3660950660706,10624,5548,10276,-104,-84,78,10048,-8452,8864,6,98,-179,-14780,3548,3668,-1051,115,-114,-14824,-3276,5304,-471,175,-129,0
3441.3994359970093,10680,5524,10440,-121,-77,75,10080,-8688,8924,-14,120,-195,-14764,3760,3740,-1015,118,-109,-14836,-3380,5180,-475,144,-172,0
3441.4329879283905,10708,5564,10412,-106,-34,87,10176,-8608,9100,-66,121,-185,-14728,3508,3768,-985,73,-77,-14736,-3372,5264,-495,119,-138,0
3441.4691820144653,10632,5524,10740,-127,-79,102,10144,-8632,8836,-34,229,-126,-14828,3376,3776,-1024,78,-84,-14812,-3124,5172,-508,142,-152,0
3441.504282951355,10652,5756,10596,-107,-31,99,10088,-8496,9124,-29,117,-158,-14644,3464,3652,-1004,88,-78,-14856,-3444,5172,-485,88,-179,0
3441.5406749248505,10692,5848,10568,-104,-71,102,10252,-8644,8796,-93,120,-185,-14680,3552,3768,-975,70,-26,-14844,-3136,5312,-505,99,-158,0
3441.575418949127,10976,5500,10332,-119,-49,94,10160,-8568,8888,-23,98,-167,-14664,3528,3636,-1011,115,-64,-14820,-3340,5316,-480,110,-162,0
3441.6107470989227,10680,5592,10600,-89,-43,100,10180,-8556,8828,-2,112,-136,-14656,3364,3584,-1019,102,-68,-14816,-3396,5312,-477,103,-167,0
3441.6461250782013,10664,5820,10436,-109,-38,82,10088,-8576,8776,-36,134,-144,-14696,3572,3772,-994,42,-44,-14660,-3416,5132,-494,87,-176,0
3441.681827068329,10708,5620,10404,-141,-61,62,10004,-8908,8832,-59,132,-155,-14864,3564,3740,-993,105,-59,-15028,-3500,5388,-481,120,-157,0
3441.7174999713898,10836,5648,10524,-110,-45,112,10092,-8672,8988,-45,123,-150,-14704,3616,3652,-994,125,-82,-14792,-3428,5208,-760,133,-136,0
3441.7534959316254,10624,5404,10468,-129,-112,99,10140,-8564,8856,-16,60,-205,-14732,3380,3940,-1034,144,-88,-14776,-3404,5348,-493,150,-125,0
3441.789127111435,10508,5624,10444,-81,-64,84,10008,-8456,8716,-38,117,-173,-14776,3524,3620,-1038,77,-93,-14796,-3440,5628,-516,145,-148,0
3441.824290037155,10724,5876,10428,-116,-70,64,10132,-8660,8824,-5,127,-185,-14672,3360,3812,-1021,101,-85,-14764,-3420,5248,-484,128,-151,0
3441.860137939453,10664,5576,10472,-113,-46,94,10052,-8680,9008,-4,146,-178,-14720,3528,3808,-1007,116,-76,-14836,-3464,5348,-468,161,-118,0
3441.8954730033875,10632,5652,10392,-176,-91,97,10160,-8560,8852,-28,152,-131,-14668,3600,3600,-982,101,-104,-14816,-3388,5416,-459,110,-134,0
3441.9317729473114,10652,5596,10552,-161,-63,111,10144,-8764,8720,-20,149,-152,-14616,3480,3936,-1013,104,-61,-14788,-3388,5376,-478,152,-126,0
3441.967558145523,10636,5612,10572,-211,-50,84,10120,-8924,8940,-4,184,-207,-14728,3516,3680,-1013,117,-133,-14628,-3360,5388,-451,162,-120,0
3442.0027890205383,10764,5668,10652,-3,-69,106,10064,-8636,8880,28,152,-182,-14772,3832,3796,-1019,97,-72,-14792,-3540,5376,-467,156,-96,0
3442.0384590625763,10648,5668,10416,-247,-85,95,10064,-8692,8924,21,157,-188,-14724,3540,3924,-1019,100,-121,-14780,-3472,5324,-446,139,-84,0
3442.0732769966125,10608,5616,10532,-278,-82,149,10072,-8728,8840,-13,145,-212,-14716,3560,3732,-989,114,-118,-14856,-3400,5320,-483,176,-63,0
3442.1088190078735,10580,5604,10616,-248,-96,124,10096,-8568,8936,-74,154,-179,-14820,3580,3916,-1011,87,-79,-14764,-3404,5528,-502,174,-95,0
3442.1443481445312,10732,5732,10536,-1,-53,123,10116,-8624,8840,-58,160,-166,-14736,3564,3644,-991,113,-97,-14668,-3436,5264,-450,159,-74,0
3442.1777489185333,10604,5584,10456,-289,-44,141,10036,-8620,8812,-39,160,-175,-14732,3464,3800,-1010,122,-138,-14832,-3388,5284,-461,163,-60,0
3442.211261987686,10620,5672,10444,-321,-59,126,10020,-8636,8848,-24,200,-175,-14708,3524,3704,-958,98,-110,-14796,-3416,5344,-466,173,-57,0
3442.24485707283,10708,5624,10624,-312,-20,170,10480,-8668,9168,-51,204,-170,-14708,3512,3848,-998,105,-86,-14852,-3132,5128,-444,149,-46,0
3442.2782130241394,10692,5524,10476,-316,-69,166,10092,-8676,8860,-44,134,-193,-14764,3556,3864,-997,52,-92,-14828,-3416,5388,-461,201,-92,0
3442.3117690086365,10632,5652,10256,-349,-91,173,10132,-8580,8932,-6,120,-209,-14624,3504,3668,-1042,121,-172,-14820,-3460,5380,-469,177,-51,0
3442.3454251289368,10568,5592,10560,-262,-93,141,10124,-8640,8796,-53,153,-229,-14712,3780,3840,-1023,103,-154,-14848,-3392,5272,-459,207,-83,0
3442.3787701129913,10608,5468,10444,-323,-155,108,10144,-8656,8760,-4,168,-221,-14732,3572,3892,-1010,108,-123,-14792,-3288,5264,-461,169,-85,0
3442.4124269485474,10672,5560,10292,-292,-87,150,10108,-8564,9184,32,191,-201,-14740,3488,3724,-1019,104,-77,-14736,-3296,5164,-453,158,-56,0
3442.4461970329285,10984,5564,10724,-292,-133,137,10184,-8572,8760,-14,177,-206,-14820,3520,3756,-993,62,-71,-15028,-3452,5240,-448,135,-78,0
3442.4797439575195,10660,5564,10492,-288,-131,127,10160,-8600,8916,-52,153,-188,-14724,3472,3676,-968,93,-105,-14880,-3348,5232,-462,127,-68,0
3442.517544031143,10768,5600,10488,-511,-138,161,10048,-8640,9012,-55,133,-215,-14768,3568,3900,-985,137,-94,-14776,-3316,5172,-488,165,-41,0
3442.551306962967,10676,5476,10588,-222,-172,147,10188,-8740,8800,-4,97,-219,-14804,3308,3628,-1000,142,-110,-15012,-3356,5284,-468,195,-70,0
3442.5848939418793,10636,5536,10324,-248,-175,167,10200,-8564,8884,-13,140,-219,-14640,3516,3716,-1030,143,-99,-14800,-3368,5296,-480,182,-97,0
3442.618444919586,10504,5444,10740,-237,-210,151,10176,-8648,8892,-13,141,-220,-14748,3524,3756,-1005,99,-142,-14832,-3308,5264,-466,166,-102,0
3442.651776075363,10732,5576,10248,-231,-133,139,10148,-8672,8980,-29,127,-222,-14744,3560,3600,-1007,119,-112,-14760,-3320,5308,-509,163,-101,0
3442.685315132141,10628,5536,10316,-198,-142,118,10120,-8604,8996,10,125,-201,-14804,3528,3736,-1025,112,-81,-14820,-3332,5256,-507,184,-97,0
3442.7189400196075,10504,5516,10576,-201,-153,129,10092,-8660,9000,-31,133,-197,-14720,3580,3636,-994,133,-88,-14780,-3448,5356,-479,163,-83,0
3442.752422094345,10656,5472,10612,-206,-147,137,10096,-8624,8972,-44,129,-230,-14716,3496,3792,-980,119,-111,-14744,-3476,5208,-525,169,-107,0
3442.785828113556,10704,5412,10504,-158,-107,111,10060,-8636,8840,-57,127,-204,-14788,3500,3636,-981,117,-79,-14844,-3300,5224,-499,158,-117,0
3442.8191709518433,10696,5492,10408,-163,-88,109,10172,-8608,8860,-9,137,-168,-14732,3444,3708,-1014,123,-71,-14760,-3336,5260,-472,147,-123,0
3442.8526351451874,10668,5432,10584,-146,-21,90,10124,-8672,8952,-12,153,-200,-14752,3516,3788,-1027,102,-90,-14836,-3336,5328,-479,167,-140,0
3442.885880947113,10672,5580,10516,-153,-61,79,10088,-8512,9200,18,134,-184,-14756,3480,3612,-1063,102,-94,-14832,-3300,5252,-469,150,-131,0
3442.919294118881,10940,5504,10412,-147,-66,99,10240,-8636,8876,1,128,-170,-14764,3516,4044,-1061,102,-85,-14868,-3360,5256,-495,157,-159,0
3442.952903985977,10736,5464,10452,-161,-58,71,10144,-8600,8820,9,137,-193,-14708,3516,3956,-1042,115,-69,-14788,-3552,5164,-495,139,-138,0
3442.9864630699158,10960,5540,10340,-148,-36,92,10136,-8540,8988,-52,124,-153,-14700,3528,3696,-986,85,-22,-14900,-3432,5312,-485,96,-141,0
3443.0201151371,10732,5540,10572,-136,-16,80,10020,-8704,9124,-41,139,-152,-14640,3564,3784,-1273,66,-44,-14736,-3352,5296,-495,109,-161,0
3443.0536620616913,10756,5508,10580,-170,-31,73,10088,-8652,8880,-23,126,-149,-14776,3556,3792,-1034,67,-61,-14804,-3400,5292,-492,111,-117,0
3443.087270975113,10592,5512,10408,-123,39,96,10188,-8564,9008,-93,119,-177,-14852,3496,3884,-985,72,-49,-14812,-3400,5296,-489,136,-141,0
3443.1207261085506,10716,5432,10532,-139,-51,91,10200,-8708,8980,-44,133,-193,-14748,3516,3600,-1004,104,-56,-14844,-3288,5360,-473,124,-133,0
3443.157324075699,10704,5456,10536,-128,-29,76,10052,-8628,8828,-26,154,-173,-14744,3556,3728,-1043,107,-40,-14872,-3376,5308,-479,115,-134,0
3443.1923201084137,10668,5540,10560,-104,-24,64,10196,-8688,8804,-11,118,-181,-14808,3484,3868,-1278,71,-62,-14828,-3112,5264,-501,112,-146,0
3443.227564096451,10656,5652,10580,-98,-12,65,10120,-8724,9076,-36,137,-155,-14764,3524,3700,-991,80,-80,-14760,-3456,5324,-488,113,-135,0
3443.263230085373,10744,5552,10576,-103,-29,90,10176,-8680,8864,-51,137,-159,-14764,3508,3772,-965,69,-66,-15056,-3144,5216,-521,114,-150,0
3443.2987790107727,10692,5520,10640,-92,-49,69,10168,-8688,8892,-35,124,-172,-14712,3440,3704,-1008,104,-101,-14664,-3300,5356,-453,139,-169,0
3443.333804130554,10700,5484,10528,-89,-52,72,9828,-8536,8912,9,164,-185,-14788,3580,3720,-1052,112,-53,-14772,-3380,5232,-486,127,-137,0
3443.3699600696564,10724,5528,10356,-93,-97,81,10176,-8648,9096,-12,147,-181,-14752,3500,3680,-1012,98,-106,-15020,-3388,5304,-483,124,-164,0
3443.405195951462,10584,5564,10632,-109,-48,65,10424,-8660,8748,255,208,-153,-14612,3580,3772,-1276,135,-70,-14808,-3336,5200,-512,157,-175,0
3443.4406981468205,10672,5620,10520,-116,-68,85,10092,-8656,8896,1,98,-169,-14672,3532,3792,-1262,126,-97,-14836,-3368,5344,-262,166,-139,0
3443.4761641025543,10692,5636,10552,-109,-67,85,10100,-8660,8936,-32,106,-155,-14700,3536,3960,-1002,123,-82,-14756,-3388,5204,-763,139,-149,0
3443.5118639469147,10600,5628,10600,-84,-55,82,10232,-8596,8732,-59,119,-192,-14764,3468,3572,-998,86,-46,-14808,-3440,5612,-487,153,-160,0
3443.548299074173,10676,5532,10544,-105,-69,73,10172,-8604,8896,-57,113,-171,-14784,3488,3536,-993,114,-95,-14816,-3568,5244,-479,136,-133,0
3443.583442926407,10716,5584,10428,-104,-56,99,10120,-8700,9160,-40,110,-148,-14636,3552,3876,-986,78,-103,-14724,-3400,5260,-488,142,-122,0
3443.619759082794,10680,5548,10336,-136,-52,100,10184,-8660,8824,-48,177,-162,-14748,3448,3844,-1000,119,-65,-14740,-3448,5248,-490,125,-136,0
3443.655081987381,10616,5616,10460,-149,-44,98,10108,-8636,9204,-43,137,-144,-14728,3536,3664,-1020,107,-87,-14716,-3396,5268,-495,118,-126,0
3443.6904051303864,10660,5624,10576,-135,-59,133,10012,-8628,8960,-27,117,-156,-14772,3364,3928,-1049,107,-87,-14724,-3400,5256,-479,167,-119,0
3443.725872039795,10608,5652,10264,-166,-37,101,10108,-8552,8844,-23,113,-176,-14748,3476,3832,-1013,82,-100,-14872,-3440,5444,-458,123,-134,0
3443.761348962784,10468,5536,10360,-197,-22,103,10088,-8896,9164,-23,174,-157,-14772,3580,3848,-1027,81,-45,-14900,-3388,5428,-479,126,-97,0
3443.799118041992,10628,5860,10580,-255,-42,108,10108,-8672,8928,25,159,-170,-14840,3636,3728,-1044,76,-75,-14788,-3452,5248,-453,159,-104,0
3443.8325209617615,10500,5772,10620,-263,-16,126,10072,-8484,8964,-6,161,-162,-14784,3504,3856,-985,126,-141,-14964,-3524,5584,-469,130,-89,0
3443.8661310672765,10500,5832,10256,-232,-106,101,10176,-8720,8880,-40,156,-212,-14828,3832,3760,-963,77,-118,-14848,-3336,5260,-500,146,-122,0
3443.8996810913086,10668,5572,10420,-241,-79,101,10196,-8900,8868,-22,164,-176,-14756,3496,3680,-1048,93,-77,-14712,-3388,5324,-491,159,-89,0
3443.9331901073456,10680,5380,10464,-268,-77,127,10028,-8652,8916,-4,146,-191,-14728,3544,3816,-1016,70,-75,-14800,-3432,5196,-476,153,-75,0
3443.966556072235,10604,5552,10704,-277,-61,126,10140,-8660,8808,-17,209,-199,-14776,3552,3736,-999,73,-97,-14884,-3436,5364,-424,145,-88,0
3444.0000710487366,10632,5400,10464,-362,-65,148,10144,-8536,8808,-67,215,-180,-14636,3600,3792,-973,95,-135,-14864,-3404,5340,-424,148,-90,0
3444.0336549282074,10644,5620,10572,-328,-57,162,10084,-8672,9188,-15,165,-164,-14788,3596,3780,-979,78,-139,-14880,-3516,5180,-450,174,-77,0
3444.06747508049,10676,5668,10480,-361,-139,169,10104,-8656,8912,255,120,-209,-14740,3496,3592,-1012,133,-120,-14700,-3432,5276,-472,190,-55,0
3444.101073026657,10592,5488,10584,-10,-110,142,10076,-8648,8960,-28,124,-222,-14748,3800,3800,-1012,129,-126,-14756,-3388,5268,-478,189,-80,0
3444.1346240043645,10588,5488,10472,-310,-131,161,10124,-8748,8836,-27,136,-190,-14796,3576,3832,-1018,133,-104,-14804,-3448,5304,-445,180,-69,0
3444.1681871414185,10836,5520,10580,-271,-98,140,10104,-8684,8940,-14,152,-189,-14800,3500,3920,-1005,130,-137,-14748,-3360,5164,-483,178,-91,0
3444.201884031296,10712,5552,10880,-512,-169,176,10020,-8588,9012,-4,111,-224,-14732,3460,3756,-1035,87,-141,-14624,-3388,5240,-490,188,-70,0
3444.235631942749,10696,5508,10524,-270,-165,157,10160,-8656,8868,-14,93,-244,-14756,3484,4016,-1007,159,-132,-14840,-3356,5252,-438,137,-34,0
3444.2692189216614,10712,5500,10460,-292,-149,151,10100,-8528,8932,-34,122,-254,-14716,3572,3864,-998,135,-121,-14884,-3340,5284,-444,188,-64,0
3444.3027160167694,10708,5520,10428,-1,-160,142,10420,-8616,8852,-57,121,-234,-14816,3392,3788,-991,101,-113,-14892,-3352,5264,-496,182,-101,0
3444.336236000061,10632,5580,10248,-205,-173,133,10136,-8576,9212,-29,113,-225,-14724,3488,3776,-1021,83,-135,-14764,-3224,5164,-481,177,-96,0
3444.3698041439056,10692,5596,10548,-225,-178,153,10064,-8576,8828,-5,128,-209,-14736,3536,3724,-986,116,-155,-14740,-3196,5324,-481,162,-112,0
3444.403254032135,10704,5444,10248,-237,-170,125,10092,-8592,8964,-33,148,-210,-14664,3516,3776,-988,93,-90,-14840,-3308,5120,-483,163,-116,0
3444.4368920326233,10628,5504,10644,-200,-147,147,10152,-8608,8952,15,125,-178,-14756,3524,3944,-1014,124,-83,-14772,-3088,5336,-478,160,-78,0
3444.4704530239105,10728,5472,10288,-197,-107,124,10148,-8568,9144,-26,136,-208,-14628,3472,3692,-993,102,-66,-14796,-3384,5348,-507,183,-109,0
3444.5039360523224,10932,5552,10448,-155,-76,105,10100,-8588,8828,-71,98,-193,-14816,3476,3684,-992,129,-65,-14896,-3344,5308,-505,143,-118,0
3444.537575006485,10852,5540,10424,-121,-111,123,10068,-8552,8924,-63,88,-199,-14780,3452,3696,-1017,90,-74,-14848,-3308,5200,-530,136,-152,0
3444.5711541175842,10688,5464,10284,-165,-67,96,10152,-8560,8848,-251,110,-172,-14672,3408,3776,-1036,93,-59,-14828,-3276,5212,-494,130,-130,0
3444.6043250560765,10744,5564,10400,-129,-42,68,10004,-8580,8832,-45,128,-172,-14764,3408,3884,-1050,124,-55,-14800,-3244,5268,-476,131,-129,0
3444.6376860141754,10816,5536,10624,-148,-48,96,10140,-8640,8992,-20,120,-217,-14776,3484,3796,-1009,96,-100,-14780,-3300,5484,-484,166,-134,0
3444.6710889339447,10788,5452,10564,-160,-45,99,10468,-8536,8924,-30,118,-175,-14832,3472,3816,-1068,116,-104,-14716,-3260,5244,-476,150,-160,0
3444.704528093338,10852,5452,10320,-117,-59,84,10232,-8584,8764,6,162,-135,-14612,3332,3844,-1046,116,234,-14820,-3404,5200,-479,84,-167,0
3444.738130092621,10516,5508,10616,-141,-36,82,10056,-8628,8888,-62,132,-172,-14784,3328,3624,-980,54,-17,-14876,-3380,5380,-479,117,-154,0
3444.7718000411987,10700,5564,10544,-151,-28,51,10044,-8620,8716,-77,144,-150,-14664,3332,3968,-963,71,-29,-14740,-3460,5548,-483,92,-128,0
3444.805155992508,10640,5456,10444,-125,-27,78,10196,-8612,9048,-74,138,-154,-14724,3588,3640,-1274,76,-54,-14876,-3300,5256,-482,101,-163,0
3444.8416900634766,10692,5520,10324,-147,-70,84,10132,-8596,8756,-17,131,-171,-14632,3480,3756,-771,98,-45,-14804,-3564,5224,-486,175,-121,0
3444.8776910305023,10768,5436,10292,-92,-50,107,10184,-8572,8864,-41,132,-190,-14612,3448,3860,-1003,107,-83,-14764,-3332,5120,-494,141,-129,0
3444.912609100342,10740,5596,10612,-148,-74,93,10124,-8636,9008,-38,150,-183,-14700,3504,3784,-1016,108,-76,-14820,-3352,5308,-477,157,-158,0
3444.9487121105194,10508,5520,10604,-101,-88,98,10080,-8728,9124,-29,116,-179,-14968,3528,3676,-772,102,-73,-14760,-3372,5320,-499,133,-141,0
3444.984285116196,10668,5576,10712,-108,-59,101,10096,-8652,8876,-26,90,-196,-14744,3540,3852,-1012,78,-68,-14820,-3332,5336,-492,106,-172,0
3445.0203280448914,10504,5592,10428,-107,-26,67,10164,-8608,9208,-59,111,-191,-14772,3432,3652,-986,81,-57,-14804,-3336,5296,-485,143,-184,0
3445.056100130081,10976,5528,10504,-107,-78,73,10080,-8552,8904,-23,145,-216,-14732,3476,3700,-1000,88,-69,-14772,-3408,5284,-470,146,-136,0
3445.092306137085,10776,5576,10540,-118,-80,54,10216,-8540,8936,26,156,-202,-14628,3464,3716,-993,78,-103,-14816,-3148,5240,-494,172,-151,0
3445.1275000572205,10708,5600,10604,-102,-72,78,9812,-8572,9176,-52,96,-211,-14664,3564,4048,-988,102,-47,-14784,-3468,5256,-498,151,-145,0
3445.162675142288,10636,5440,10476,-100,-61,79,10152,-8572,8940,-48,127,-197,-14752,3444,3700,-986,146,-60,-14972,-3364,5120,-471,100,-118,0
3445.1988129615784,10668,5596,10464,-111,4,65,10156,-8568,8756,-26,157,-106,-14796,3576,3984,-1009,118,-55,-14708,-3360,5428,-497,147,-144,0
3445.2340359687805,10632,5592,10344,-72,-86,99,10156,-8600,8820,-29,134,-166,-14788,3452,3708,-961,84,-77,-14688,-3560,5512,-521,137,-136,0
3445.2697150707245,10740,5604,10580,-99,-52,79,10212,-8700,8776,-88,123,-153,-14676,3592,3856,-1032,47,-36,-14984,-3372,5304,-489,99,-148,0
3445.3050019741054,10676,5560,10544,-111,-29,94,10260,-8632,9072,-38,78,-160,-14656,3532,3788,-1026,82,-49,-14792,-3480,5208,-257,119,-128,0
3445.3411779403687,10680,5644,10244,-117,250,98,10060,-8528,8916,-54,93,-151,-14724,3532,3904,-1015,104,-86,-14776,-3536,4964,-503,98,-129,0
3445.377305984497,10672,5580,10608,-125,-50,69,10140,-8584,8856,-72,155,-164,-14768,3428,3664,-960,64,-29,-14828,-3344,5296,-479,99,-130,0
3445.412253141403,10612,5376,10576,-155,-15,109,10100,-8652,8924,-247,117,-156,-14724,3556,3636,-1019,129,-50,-14772,-3304,5372,-480,136,-112,0
3445.4483039379124,10656,5608,10536,-99,-40,124,10116,-8536,8876,252,118,-159,-14800,3764,3852,-1030,69,-20,-14740,-3448,5180,-517,128,-152,0
3445.484691143036,10672,5604,10604,-149,-66,98,10100,-8616,8756,-62,136,-156,-14728,3668,3752,-957,81,-97,-14732,-3380,5412,-498,110,-152,0
3445.5181670188904,10564,5644,10664,-156,-66,81,10156,-8604,8908,-60,141,-186,-14712,3328,3672,-1011,76,-50,-14784,-3344,5140,-483,133,-150,0
3445.551878929138,10588,5624,10492,-157,-35,108,10216,-8640,8912,-34,111,-166,-14688,3488,3744,-1008,61,-65,-14732,-3144,5412,-498,152,-140,0
3445.5852930545807,10624,5672,10376,-188,-69,101,10284,-8556,8868,-9,150,-152,-14584,3628,3792,-1035,139,-48,-14760,-3456,5208,-499,149,-129,0
3445.618989944458,10604,5664,10464,-131,-72,87,10200,-8580,8888,-9,167,-169,-14752,3596,3848,-1001,111,-52,-14724,-3392,5624,-497,154,-138,0
3445.6523089408875,10684,5700,10524,-165,-50,86,10116,-8640,8764,-32,143,-201,-14708,3500,3820,-1028,82,-113,-14632,-3480,5152,-480,162,-145,0
3445.685651063919,10680,5544,10444,-137,-54,76,10056,-8596,8852,11,165,-177,-14688,3608,3840,-1034,86,-102,-14804,-3416,5324,-493,160,-130,0
3445.718991994858,10532,5380,10336,-190,-47,127,10048,-8512,8916,-252,155,-199,-14756,3564,3776,-1003,98,-38,-14796,-3452,5192,-478,137,-87,0
3445.7525861263275,10692,5792,10440,-207,-27,104,10016,-8604,8952,-11,125,-189,-14676,3468,3792,-998,64,-64,-14732,-3476,5272,-464,163,-141,0
3445.7859349250793,10744,5620,10656,-229,-59,111,10052,-8608,8824,7,143,-198,-14724,3524,3772,-1004,75,-99,-14832,-3364,5204,-470,187,-109,0
3445.819555044174,10696,5688,10740,-310,-77,120,10152,-8676,8868,6,155,-208,-14708,3588,3584,-1007,116,-129,-14828,-3408,5368,-478,186,-85,0
3445.8530230522156,10616,5868,10684,-271,-110,140,10096,-8640,8772,-25,143,-197,-14712,3516,3644,-1015,116,-126,-14784,-3400,5276,-475,185,-47,0
3445.8861269950867,10656,5584,10692,-270,-113,137,10036,-8656,8908,-65,139,-199,-14744,3516,3628,-1001,108,-116,-14888,-3344,5272,-488,201,-80,0
3445.9199769496918,10612,5500,10296,-281,-79,129,10068,-8640,8744,-42,176,-196,-14712,3564,3916,-1000,88,-139,-14764,-3448,5316,-484,184,-57,0
3445.953637123108,10684,5580,10568,-305,-39,125,10088,-8616,9212,-32,201,-164,-14768,3596,3888,-987,112,-109,-14812,-3356,5588,-434,180,-31,0
3445.987298965454,10564,5576,10628,-348,-36,161,10076,-8648,8712,-44,197,-162,-14768,3564,3680,-995,116,-149,-14816,-3304,5144,-402,167,-63,0
3446.0207531452174,10612,5632,10472,-351,-63,153,10196,-8636,8872,-86,108,-181,-14760,3572,3752,-966,136,-118,-14852,-3440,5248,-407,171,-9,0
3446.0542330741882,10568,5516,10548,-318,-106,204,10128,-8644,8752,-70,169,-182,-14752,3576,3768,-997,99,-97,-14852,-3580,5192,-474,176,-57,0
3446.0875051021576,10536,5520,10424,-382,-116,174,10092,-8680,8724,-4,155,-205,-14780,3588,3680,-1280,122,-145,-14724,-3412,5356,-470,144,-62,0
3446.121057033539,10564,5600,10568,-277,-107,138,10040,-8628,8936,-58,122,-216,-14728,3404,3780,-978,95,-122,-14844,-3436,5288,-455,152,-119,0
3446.1543560028076,10980,5548,10480,-289,-174,121,10104,-8704,8920,-58,184,-235,-14752,3580,3724,-962,74,-127,-15100,-3360,5284,-449,195,-99,0
3446.18780207634,10668,5460,10472,-316,-139,124,10136,-8656,8864,-5,124,-215,-14824,3580,3780,-993,127,-142,-14836,-3380,5296,-439,132,-73,0
3446.2212929725647,10644,5576,10448,-274,-116,156,10204,-8616,8828,-12,130,-189,-14704,3516,3652,-1020,71,-125,-14820,-3344,5284,-457,131,-112,0
3446.254905939102,10564,5600,10532,-298,-124,162,10076,-8540,8896,-33,139,-197,-14760,3812,3616,-953,65,-96,-14832,-3480,5216,-463,111,-90,0
3446.2881240844727,10644,5548,10388,-302,-135,148,10060,-8700,8948,-60,90,-213,-14752,3520,3740,-947,148,-61,-14888,-3388,5212,-476,153,-54,0
3446.3217120170593,10708,5468,10596,-245,-142,171,10132,-8564,9000,-54,136,-212,-14856,3524,3624,-988,137,-59,-14828,-3336,5356,-468,192,-73,0
3446.3555870056152,10980,5384,10336,-262,-195,169,10160,-8612,8852,-255,145,-229,-14804,3580,3676,-1002,164,-119,-15088,-3556,5288,-497,177,-89,0
3446.3891789913177,10736,5496,10484,-203,-158,125,10180,-8592,9124,-46,100,-507,-14700,3464,3800,-1017,121,-120,-14776,-3276,5364,-495,172,-96,0
3446.422686100006,10640,5456,10520,-232,-174,139,10124,-8536,8796,-20,138,-206,-14704,3604,3976,-1004,141,-133,-14732,-3432,5228,-470,172,-113,0
3446.456237077713,10784,5512,10520,-216,-123,129,10184,-8652,8992,245,128,-231,-14764,3592,3712,-1011,119,-116,-14776,-3404,5312,-493,180,-116,0
3446.4896500110626,10696,5476,10540,-201,-154,124,10144,-8548,8716,-7,158,-217,-14684,3516,3712,-1029,125,-111,-14836,-3452,5232,-508,199,-56,0
3446.5260961055756,10664,5540,10432,-188,-117,118,10092,-8660,8852,-43,146,-179,-14696,3576,3812,-958,124,-95,-14820,-3412,5136,-486,165,-89,0
3446.561784029007,10732,5500,10516,-124,-133,81,10208,-8536,8848,-84,112,-215,-14788,3560,3740,-952,85,-93,-14788,-3256,5292,-259,108,-141,0
3446.5981829166412,10944,5260,10492,-144,-74,85,10148,-8616,8976,-10,126,-182,-14824,3568,3792,-1045,55,-39,-14836,-3268,5128,-521,154,-148,0
3446.6336710453033,10600,5528,10308,-123,-29,105,9992,-8288,8920,11,105,-181,-14644,3348,3904,-1268,150,-109,-14764,-3332,5256,-415,153,-84,0
3446.6696600914006,10536,5484,10276,-114,-22,65,10192,-8544,8764,-65,133,-234,-14892,3624,4040,-1044,96,-61,-14856,-3564,5228,-483,176,-164,0
3446.704544067383,10808,5448,10440,-162,-73,101,10160,-8584,8924,8,131,-184,-14796,3548,3560,-1057,107,-59,-14780,-3340,5268,-494,108,-126,0
3446.7402961254124,10760,5500,10512,-145,-3,97,10176,-8552,8944,-255,124,-143,-14768,3532,3696,-1023,129,-34,-14836,-3312,5212,-490,95,-119,0
3446.775500059128,10528,5492,10484,-119,-35,97,10048,-8504,8972,-15,117,-143,-14696,3488,3712,-1002,110,-64,-14696,-3576,5192,-497,119,-158,0
3446.811231136322,10700,5444,10604,-106,-1,78,10116,-8688,8896,-40,125,-161,-14772,3352,3928,-994,64,-6,-14820,-3460,5620,-500,111,-148,0
3446.846220970154,10948,5484,10616,-121,255,80,10188,-8640,8752,-49,136,-149,-14828,3496,3836,-998,72,-24,-14872,-3392,5268,-522,100,-133,0
3446.8821771144867,10616,5460,10676,-136,-36,73,10164,-8584,8868,-98,155,-165,-14608,3496,3592,-1002,92,-37,-14792,-3132,5280,-489,126,-135,0
3446.9177391529083,10644,5460,10520,-115,-49,80,10144,-8580,8800,-68,93,-198,-14832,3532,3612,-993,102,-77,-14784,-3260,5232,-488,150,-115,0
3446.9528250694275,10632,5512,10768,-118,-44,90,10068,-8688,9020,-243,109,-182,-14716,3568,3700,-778,102,-85,-14600,-3404,5276,-514,134,-137,0
3446.988811969757,10656,5468,10480,-100,-61,64,10044,-8604,8792,-21,138,-178,-14692,3800,3724,-1007,95,-85,-15092,-3388,5120,-527,138,-150,0
3447.024183034897,10984,5440,10544,-94,-56,71,10108,-8508,8920,-82,126,-197,-14612,3512,3980,-995,72,-74,-14800,-3368,5272,-495,141,-164,0
3447.059541940689,10992,5548,10524,-103,-55,72,10128,-8676,8860,-55,135,-174,-14624,3400,3652,-987,75,-56,-14720,-3464,5208,-491,140,-174,0
3447.0949609279633,10524,5524,10292,-89,-38,88,10112,-8620,8880,-31,120,-184,-14716,3472,3812,-774,58,-119,-14876,-3576,5252,-476,114,-184,0
3447.130383014679,10712,5836,10344,-87,-37,56,10160,-8588,8940,-1,138,-168,-14732,3544,3820,-1266,66,-94,-14840,-3388,5212,-513,152,-160,0
3447.1672010421753,10548,5520,10384,-104,-49,79,10152,-8624,8920,-28,126,-180,-14684,3508,3932,-1279,80,-62,-14764,-3432,5404,-484,148,-149,0
3447.200520992279,10664,5592,10460,-101,-49,79,10156,-8572,8892,-38,123,-191,-14684,3528,3748,-1033,87,-72,-14768,-3388,5376,-507,142,-145,0
3447.234013080597,10716,5584,10740,-110,-72,86,10108,-8492,8988,-26,119,-179,-14720,3388,3688,-996,96,-53,-14780,-3568,5308,-468,145,-147,0
3447.2676711082454,10704,5620,10596,-93,-55,87,10136,-8656,8840,-45,108,-140,-14692,3752,3856,-1276,94,-83,-14904,-3440,5148,-473,126,-103,0
3447.301078081131,10660,5652,10456,-86,-34,89,10148,-8640,8760,-42,108,-140,-14716,3528,3800,-1012,104,-80,-14892,-3360,5296,-510,114,-106,0
3447.3344910144806,10660,5584,10472,-122,-33,109,10076,-8640,8932,-30,123,-159,-14844,3612,3864,-1023,113,-43,-14884,-3408,5344,-512,131,-126,0
3447.3681399822235,10712,5540,10740,-105,-7,116,10104,-8648,8912,-28,133,-133,-14816,3336,4080,-1023,109,-62,-14776,-3388,5324,-518,108,-126,0
3447.4013669490814,10644,5640,10448,-129,-84,118,10044,-8464,8860,-36,124,-187,-14764,3480,3732,-1017,107,-62,-14788,-3296,5284,-489,112,-126,0
3447.435014009476,10700,5524,10572,-157,-81,127,10072,-8672,8792,-48,137,-188,-14616,3592,3700,-769,98,-93,-14752,-3356,5124,-510,135,-145,0
3447.4686801433563,10616,5600,10316,-130,-73,107,10120,-8588,8732,-47,124,-162,-14640,3532,3732,-1007,139,-53,-14856,-3356,5304,-469,134,-125,0
3447.501951932907,10644,5632,10460,-170,-60,108,10152,-8672,8912,16,149,-156,-14828,3564,3672,-1050,124,-62,-14760,-3396,5328,-486,161,-119,0
3447.53760099411,10544,5556,10548,-249,-77,117,10132,-8684,8932,24,159,-178,-14668,3496,4032,-1028,119,-120,-14848,-3424,5276,-429,162,-98,0
3447.5717849731445,10652,5668,10520,-270,-45,130,10156,-8584,9008,9,181,-169,-14792,3640,3644,-989,89,-126,-14848,-3392,5340,-443,148,-84,0
3447.6054129600525,10984,5572,10548,-286,-92,103,10120,-8580,9048,-6,162,-206,-14736,3672,4084,-990,48,-146,-14812,-3216,5136,-527,133,-107,0
3447.6387350559235,10676,5732,10656,-511,-100,130,10040,-8580,8916,-35,136,-178,-14680,3500,3808,-1004,85,-92,-14772,-3492,5288,-515,151,-81,0
3447.6723539829254,10668,5688,10628,-197,-41,138,10120,-8592,8940,-117,126,-196,-14820,3400,3640,-971,85,-75,-14776,-3356,5316,-472,152,-101,0
3447.7057960033417,10612,5500,10712,-327,-93,97,10044,-8660,8920,-15,140,-206,-14716,3348,3544,-1019,105,-125,-14744,-3312,5268,-447,206,-64,0
3447.7394070625305,10632,5508,10696,-312,-38,149,10204,-8576,8996,7,169,-138,-14676,3768,3652,-1060,117,-136,-14780,-3444,5464,-430,172,-67,0
3447.772999048233,10648,5828,10428,-339,-42,148,10136,-8624,9076,253,203,-162,-15020,3468,4000,-990,84,-102,-14876,-3404,5328,-426,135,-66,0
3447.8065140247345,10604,5568,10664,-320,-42,135,10112,-8568,8916,-47,197,-182,-14676,3576,3660,-951,74,-107,-14816,-3440,5204,-419,140,-77,0
3447.8400161266327,10672,5848,10668,-338,-88,137,10056,-8700,8940,-28,208,-179,-14728,3540,3816,-996,126,-73,-14836,-3388,5220,-449,142,-66,0
3447.8736240863805,10724,5604,10588,-297,-130,169,10176,-8456,8724,-1,162,-191,-14696,3492,3864,-996,116,-156,-14768,-3364,5356,-492,169,-77,0
3447.907109975815,10724,5452,10464,-280,-143,150,10200,-8500,8916,-33,122,-203,-14668,3336,3716,-989,128,-148,-14792,-3348,5128,-478,164,-74,0
3447.9405491352086,10680,5520,10580,-266,-143,151,10124,-8616,8892,-26,155,-211,-14760,3340,4060,-1015,119,-125,-14832,-3360,5200,-475,161,-89,0
3447.9738841056824,10612,5456,10308,-291,-105,152,10184,-8604,8932,-253,153,-228,-14712,3620,3700,-1007,132,-115,-14960,-3448,5156,-456,182,-49,0
3448.007420063019,10728,5564,10540,-252,-150,149,10116,-8588,8720,-1,121,-213,-14872,3488,3724,-1015,141,-112,-14740,-3076,5368,-504,175,-70,0
3448.040997028351,10816,5584,10548,-225,-135,182,10092,-8452,8972,-49,122,-204,-14828,3480,3772,-997,124,-133,-14836,-3448,5240,-485,196,-65,0
3448.074511051178,10724,5516,10344,-217,-153,162,10168,-8668,8980,-37,151,-252,-14684,3468,3692,-997,152,-107,-14776,-3384,5356,-467,170,-68,0
3448.1082150936127,10664,5524,10492,-269,-160,134,10148,-8648,9036,-49,126,-225,-14804,3476,3640,-971,129,-115,-14896,-3380,5296,-465,173,-79,0
3448.141433954239,10680,5504,10448,-240,-137,116,9996,-8652,9112,-1,147,-234,-14828,3520,3684,-1006,105,-119,-14892,-3388,5308,-445,163,-111,0
3448.1749320030212,10804,5536,10400,-235,-122,128,10156,-8556,8908,-4,151,-184,-14716,3492,3888,-987,82,-105,-14820,-3460,5244,-474,174,-77,0
3448.2122280597687,10748,5520,10484,-251,-125,114,10156,-8568,9152,5,133,-233,-14788,3404,3724,-1011,97,-121,-14764,-3280,5252,-467,177,-91,0
3448.2475159168243,10784,5472,10592,-252,-137,137,10084,-8600,8844,1,96,-204,-14728,3532,3748,-1003,119,-87,-14796,-3416,5592,-474,139,-81,0
3448.2836279869084,10824,5400,10432,-163,-114,150,10092,-8628,9036,-38,120,-174,-14640,3532,3820,-769,142,-84,-14872,-3324,5240,-503,148,-100,0
3448.3198199272156,10768,5400,10360,-195,-100,155,10180,-8680,8884,-38,88,-198,-14604,3456,3872,-1016,115,-96,-14832,-3236,5240,-480,136,-125,0
3448.354856014252,10684,5448,10312,-195,-66,106,10120,-8568,8908,-26,113,-165,-14680,3468,3724,-1016,98,-70,-14848,-3368,5244,-490,120,-131,0
3448.3903491497044,10752,5536,10464,-131,-58,101,10216,-8596,8852,-87,136,-207,-14780,3496,3648,-1002,110,-89,-14860,-3276,5160,-474,163,-129,0
3448.4253339767456,10740,5496,10376,-168,-77,78,10176,-8552,8928,1,132,-187,-14708,3412,3732,-1027,108,-74,-15032,-3512,5120,-486,158,-135,0
3448.4612560272217,10732,5548,10516,-129,11,80,10184,-8516,8948,0,148,-161,-14708,3500,3688,-1045,128,-40,-14808,-3404,5248,-494,127,-148,0
3448.4971599578857,10756,5456,10440,-143,255,90,10180,-8616,8928,-32,136,-187,-14604,3380,4028,-1037,37,-43,-14708,-3444,5400,-494,129,-183,0
3448.53230714798,10708,5432,10548,-142,19,83,10072,-8520,8860,-46,157,-164,-14768,3508,3900,-1014,51,-88,-14812,-3340,5304,-532,130,-148,0
3448.5686140060425,10708,5444,10620,-110,-29,73,10192,-8592,8780,-67,137,-167,-14692,3552,3720,-1013,84,-63,-14760,-3352,5324,-501,145,-122,0
3448.6037499904633,10728,5428,10468,-153,-58,60,10112,-8556,8916,-19,177,-158,-14728,3572,3776,-1017,114,-77,-14848,-3368,5432,-491,140,-139,0
3448.6391949653625,10636,5528,10364,-119,-51,95,10144,-8656,8984,-45,153,-179,-14732,3640,3776,-1011,86,-82,-14848,-3336,5204,-474,153,-156,0
3448.675089120865,10772,5480,10572,-151,-36,88,10120,-8724,8720,-52,139,-174,-14700,3508,3948,-981,84,-55,-14804,-3392,5284,-475,114,-108,0
3448.7111549377446,10716,5536,10464,-113,-52,105,10172,-8600,8940,-30,116,-136,-14744,3548,3744,-1013,132,-109,-14668,-3344,5360,-486,112,-139,0
3448.7462310791016,10712,5556,10720,-77,-52,103,10176,-8636,9068,-20,98,-189,-14776,3580,3768,-1009,93,-79,-14736,-3372,5280,-500,124,-126,0
3448.782334089279,10660,5516,10404,-99,-37,82,10112,-8600,8848,-43,111,-187,-14664,3572,4024,-1005,93,-90,-14836,-3300,5332,-500,147,-134,0
3448.8177261352535,10688,5564,10524,-78,-91,79,10068,-8628,8816,-54,109,-204,-14664,3716,3756,-1002,93,-53,-14636,-3292,5580,-765,172,-151,0
3448.8542280197144,10816,5544,10516,-87,-85,80,10096,-8540,8876,-14,139,-196,-14744,3564,3672,-1021,110,-107,-14736,-3340,5264,-489,133,-149,0
3448.8875460624695,10716,5584,10520,-103,-49,70,10092,-8616,9040,-19,124,-188,-14704,3472,3628,-1000,97,-114,-14800,-3404,5252,-469,143,-178,0
3448.921061038971,10704,5540,10604,-102,-51,79,10152,-8572,8872,-63,216,-166,-14688,3772,3804,-989,103,-78,-14828,-3396,5180,-477,172,-197,0
3448.9543030261993,10676,5528,10544,-66,-32,60,10184,-8552,9040,-61,99,-168,-14604,3804,3584,-976,101,-31,-14616,-3332,5200,-495,116,-165,0
3448.9881229400635,10632,5556,10384,-94,-69,57,10116,-8568,8964,-30,142,-166,-14844,3544,3688,-1036,62,-45,-14800,-3404,5340,-539,168,-160,0
3449.0214240550995,10792,5524,10540,-119,-58,55,10088,-8776,8848,-255,119,-157,-14728,3472,3764,-1024,82,-86,-14796,-3468,5276,-502,151,-160,0
3449.054948091507,10624,5592,10460,-74,-30,94,10204,-8584,8728,-100,141,-163,-14772,3480,3624,-1008,64,-98,-14948,-3456,5284,-488,105,-162,0
3449.0885639190674,10732,5552,10372,-107,-80,96,10160,-8680,8924,-51,116,-186,-14624,3552,3752,-983,72,-29,-14844,-3388,5228,-481,128,-153,0
3449.1221010684967,10672,5476,10360,-66,-5,64,10120,-8588,8952,-3,91,-158,-14764,3524,3780,-1027,109,-50,-14632,-3348,5252,-501,119,-150,0
3449.1552040576935,10544,5556,10392,-95,-27,94,10116,-8636,9000,-60,135,-139,-14664,3528,3916,-1008,56,-73,-14824,-3428,5220,-506,112,-162,0
3449.1886980533604,10584,5664,10516,-124,-23,78,10228,-8604,8732,-99,147,-155,-14756,3560,3788,-974,63,-49,-15068,-3432,5248,-459,98,-165,0
3449.221862077713,10612,5568,10568,-105,-37,106,10020,-8620,8916,-59,136,-152,-14636,3344,3724,-988,107,-61,-14840,-3304,5312,-498,109,-143,0
3449.2554731369014,10652,5632,10596,-97,-38,107,10096,-8624,8776,-42,101,-148,-14664,3532,3860,-1279,77,-52,-14728,-3356,5240,-489,151,-148,0
3449.2890861034393,10668,5608,10552,-125,-41,131,10108,-8576,8708,-49,76,-166,-14688,3520,3648,-1009,76,-81,-14820,-3412,5316,-501,153,-120,0
3449.322721004486,10568,5592,10576,-132,-97,136,10148,-8632,8816,-21,137,-175,-14720,3528,3756,-1036,98,-110,-14992,-3496,5316,-472,158,-129,0
3449.3564801216125,10600,5520,10352,-150,-56,90,10088,-8596,8852,-255,136,-175,-14740,3428,3676,-1012,114,-66,-14844,-3400,5500,-467,169,-140,0
3449.3897900581364,10648,5880,10248,-155,-50,73,10032,-8644,8848,-6,121,-181,-14708,3812,3652,-1029,110,-43,-14780,-3468,5412,-482,134,-117,0
3449.4232180118565,10680,5680,10376,-158,-67,94,10132,-8920,9124,-18,149,-188,-14636,3440,3852,-1019,110,-90,-14716,-3576,5288,-473,146,-138,0
3449.456545114517,10672,5544,10448,-170,-41,86,10076,-8600,8916,255,146,-201,-14636,3524,3788,-1015,88,-122,-14796,-3388,5288,-459,162,-110,0
3449.4900970458984,10640,5620,10484,-7,-57,104,10200,-8620,8820,-18,180,-194,-14788,3552,3768,-1003,84,-103,-15092,-3396,5248,-446,162,-101,0
3449.523749113083,10584,5636,10528,-309,-109,106,10032,-8896,8948,11,163,-223,-14764,3648,3932,-1022,110,-86,-14796,-3400,5256,-481,168,-96,0
3449.557368040085,10704,5588,10636,-229,-108,117,10068,-8672,8824,-53,139,-217,-14752,3580,3720,-1000,97,-102,-14776,-3420,5300,-515,156,-127,0
3449.5908789634705,10596,5600,10680,-212,-99,131,10112,-8556,8828,-42,153,-194,-14636,3580,4004,-986,127,-149,-14716,-3552,5272,-487,179,-85,0
3449.6243879795074,10612,5600,10420,-260,-71,105,10096,-8532,8872,-40,176,-214,-14624,3484,3876,-966,131,-119,-14796,-3368,5228,-450,185,-72,0
3449.657571077347,10708,5884,10744,-263,-34,158,10100,-8624,8880,-37,168,-182,-14784,3640,3792,-771,127,-71,-14776,-3428,5364,-465,151,-49,0
3449.6912569999695,10604,5580,10628,-330,-54,134,10160,-8644,8756,-54,155,-167,-14696,3548,3672,-1013,75,-65,-14796,-3336,5224,-459,160,-64,0
3449.7247569561005,10672,5640,10388,-326,-28,154,10016,-8524,8880,-25,159,-176,-14772,3484,4072,-999,131,-134,-14820,-3424,5316,-447,167,-28,0
3449.7582280635834,10536,5876,10428,-269,-100,170,10124,-8680,8932,-69,161,-199,-14764,3540,3708,-964,91,-172,-14720,-3264,5264,-463,163,-76,0
3449.791850090027,10680,5540,10428,-313,-125,130,10120,-8696,8868,-23,135,-227,-14692,3384,3656,-1003,142,-115,-14776,-3332,5240,-423,206,-60,0
3449.825438976288,10676,5544,10536,-251,-47,143,10172,-8612,8944,10,153,-200,-14712,3552,3836,-997,108,-90,-14792,-3292,5236,-458,160,-78,0
3449.8588099479675,10576,5608,10548,-266,-68,121,10084,-8600,8824,-44,172,-186,-14764,3560,3636,-987,87,-50,-14732,-3476,5308,-466,98,-100,0
3449.8960051536565,10656,5568,10516,-290,-90,130,10128,-8644,9008,-47,154,-192,-14656,3784,3700,-978,95,-106,-14820,-3292,5276,-459,156,-87,0
3449.9322350025177,10660,5512,10384,-233,-115,167,10168,-8624,8980,-52,109,-196,-14660,3432,3772,-980,101,-131,-14728,-3112,5332,-490,203,-55,0
3449.9680750370026,10612,5576,10592,-280,-165,148,10004,-8480,8860,-25,114,-215,-14704,3576,3656,-1041,151,-101,-14784,-3112,5300,-480,201,-85,0
3450.0039401054382,10664,5580,10400,-227,-133,161,10164,-8672,8952,-25,121,-217,-14700,3540,3608,-992,130,-107,-15092,-3376,5368,-480,185,-111,0
3450.0399229526524,10504,5508,10628,-235,-123,135,10124,-8640,8804,-245,138,-221,-14824,3528,3900,-991,117,-142,-14764,-3388,5276,-476,174,-111,0
3450.0752120018005,10644,5588,10476,-212,-112,113,10036,-8688,9180,-251,154,-216,-14788,3476,3748,-1014,120,-111,-14812,-3276,5276,-487,194,-94,0
3450.1112799644466,10712,5384,10240,-202,-137,137,10236,-8560,8796,-25,135,-212,-14732,3532,3700,-1035,110,-157,-14836,-3416,5264,-481,159,-79,0
3450.147719144821,10964,5540,10508,-235,-141,124,10044,-8584,8840,-45,127,-223,-14652,3580,3688,-1002,114,-108,-14736,-3164,5232,-461,157,-83,0
3450.1827719211574,10668,5592,10528,-196,-173,136,10136,-8612,8828,-39,68,-233,-14676,3504,3688,-984,138,-94,-14640,-3368,5252,-474,169,-90,0
3450.218641996384,10616,5512,10404,-185,-128,117,10088,-8644,8712,-39,97,-206,-14748,3568,3780,-981,71,-121,-15096,-3552,5312,-472,175,-117,0
3450.25380897522,10720,5516,10724,-141,-108,109,10188,-8644,9012,-19,110,-190,-14744,3328,3752,-1012,141,-69,-14780,-3572,5184,-481,150,-103,0
3450.2893640995026,10732,5436,10484,-172,-97,99,10148,-8472,8868,-16,128,-205,-14716,3580,3592,-1034,113,-83,-14820,-3312,5128,-502,176,-143,0
3450.3248651027684,10980,5496,10424,-164,-35,103,10196,-8612,8812,-17,152,-193,-14876,3492,3848,-1040,44,-86,-14880,-3268,5364,-506,92,-139,0
3450.360873937607,10756,5464,10424,-160,-19,72,10116,-8640,8884,15,132,-183,-14824,3528,3708,-1079,51,-97,-14880,-3420,5168,-536,150,-183,0
3450.3970940113068,10652,5576,10692,-125,-62,84,10120,-8568,8948,57,167,-212,-14708,3480,3796,-1055,73,-124,-14836,-3384,5368,-489,181,-186,0
3450.4322509765625,10852,5564,10532,-69,-47,55,10208,-8544,9104,-44,162,-241,-14636,3404,3844,-970,58,-104,-14600,-3448,5276,-472,171,-190,0
3450.468220949173,10644,5536,10648,-148,-96,4,10148,-8640,9200,-20,184,-191,-14772,3448,3676,-930,37,-87,-14932,-3440,5276,-437,122,-156,0
3450.5038700103764,10748,5588,10264,-194,-20,78,10124,-8452,8936,-94,161,-101,-14656,3496,3960,-955,52,38,-14780,-3452,5260,-425,69,-148,0
3450.540193080902,10736,5580,10460,-244,253,117,10048,-8556,8888,-144,180,-114,-14752,3488,3784,-949,78,51,-14924,-3340,5356,-435,11,-124,0
3450.573704957962,10504,5656,10540,-215,27,144,10080,-8716,9044,-136,60,-101,-14748,3460,3592,-988,121,21,-14776,-3344,5304,-490,50,-80,0
3450.607428073883,10708,5604,10600,-117,-29,180,10024,-8640,8840,-94,31,-82,-14728,3548,4004,-1020,202,6,-14956,-3384,5180,-564,95,-45,0
3450.640841960907,10532,5476,10428,-74,-60,203,10080,-8656,8948,-58,35,-122,-14740,3532,3908,-1041,184,240,-14812,-3344,5424,-560,110,-61,0
3450.6744129657745,10664,5560,10424,-43,-14,195,10092,-8456,8784,-41,26,-89,-14632,3504,3932,-1045,203,-24,-14848,-3428,5272,-259,135,-50,0
3450.7082250118256,10636,5504,10508,-69,-68,194,10144,-8588,8844,-32,49,-108,-14800,3564,3740,-769,145,-58,-15092,-3404,5316,-487,130,-84,0
3450.7417199611664,10604,5460,10456,-112,26,136,10092,-8748,9184,-40,72,-125,-14736,3824,3644,-1024,130,239,-14852,-3108,5124,-490,106,-107,0
3450.7771971225734,10560,5440,10488,-109,-53,102,10164,-8732,8840,-41,78,-166,-14612,3676,3628,-1034,141,2,-14844,-3300,5460,-488,116,-135,0
3450.810688972473,10572,5452,10476,-123,-51,88,10132,-8740,8740,-44,111,-169,-14796,3696,3920,-988,103,-44,-14888,-3332,5488,-487,106,-146,0
3450.8443150520325,10616,5436,10516,-124,-84,111,10092,-8712,8744,-106,145,-187,-14680,3704,3384,-990,87,-127,-14760,-3216,5432,-473,164,-146,0
3450.8778960704803,10632,5408,10508,-105,-82,43,10212,-8852,8792,-64,171,-186,-14832,3556,3656,-1001,70,-92,-14644,-3304,5236,-465,145,-203,0
3450.910987138748,10692,5548,10460,-139,-53,25,10132,-8688,8936,-31,199,-182,-14728,3552,3704,-995,255,-89,-14856,-3316,5240,-509,168,-210,0
3450.944487094879,10716,5508,10476,-130,-32,38,10172,-8588,9052,17,214,-178,-14752,3504,3656,-1049,37,-76,-14864,-3404,5296,-484,128,-175,0
3450.9779801368713,10740,5592,10556,-162,-60,70,10148,-8600,8976,7,154,-193,-14636,3440,3808,-1044,93,-124,-14764,-3484,5260,-486,155,-177,0
3451.0115361213684,10660,5612,10584,-105,-46,60,10052,-8552,9152,-43,124,-193,-14736,3592,3880,-1001,77,-126,-14836,-3424,5324,-495,155,-158,0
3451.044955968857,10648,5624,10552,-98,-90,87,10164,-8632,9008,-26,113,-185,-14696,3508,3852,-1055,59,-56,-14740,-3480,5152,-545,143,-153,0
3451.078454017639,10628,5704,10356,-124,-48,91,10044,-8524,8928,-11,97,-155,-14624,3544,3776,-1042,110,-23,-14856,-3448,5264,-498,83,-119,0
3451.111834049225,10724,5660,10576,-119,-36,117,10216,-8588,8900,-109,71,-175,-14784,3508,3720,-996,76,-49,-14828,-3396,5404,-517,73,-136,0
3451.1452319622044,10668,5584,10508,-155,-43,80,10120,-8732,8868,-43,127,-166,-14712,3604,3724,-970,108,-67,-14608,-3476,5248,-501,99,-120,0
3451.1788959503174,10592,5548,10464,-107,15,116,10124,-8560,8748,-2,99,-148,-14796,3540,3780,-1028,78,-28,-15044,-3376,5564,-765,142,-132,0
3451.212401151657,10636,5528,10368,-119,-41,88,10216,-8692,8848,-16,126,-132,-14684,3712,3732,-1019,107,-70,-14788,-3428,5348,-468,101,-146,0
3451.2460079193115,10580,5548,10592,-176,-75,95,10172,-8652,8828,-31,156,-174,-14724,3608,3808,-978,85,-50,-14772,-3392,5184,-454,143,-107,0
3451.2796609401703,10596,5536,10544,-211,-76,88,10028,-8608,8892,-37,159,-166,-14724,3328,3724,-1018,119,-90,-14740,-3360,5388,-487,162,-116,0
3451.3128571510315,10660,5536,10464,-220,-78,121,10132,-8664,8828,15,156,-181,-14724,3600,3848,-1276,101,-132,-14688,-3464,5412,-422,160,-105,0
3451.3462400436406,10560,5568,10444,-223,-60,104,10032,-8708,8968,253,136,-203,-14688,3836,3844,-1043,86,-104,-14752,-3404,5420,-478,167,-127,0
3451.3798220157623,10632,5620,10548,-270,-99,114,10112,-8460,9168,9,183,-199,-14848,3588,3628,-988,73,-119,-14748,-3492,5512,-491,168,-122,0
3451.41294503212,10636,5632,10580,-245,-71,94,10260,-8660,8904,-47,170,-214,-14644,3620,3816,-960,78,-133,-14788,-3360,5296,-260,154,-104,0
3451.446608066559,10628,5604,10584,-247,-116,120,10084,-8584,8936,-60,150,-204,-14740,3492,3888,-966,103,-140,-14772,-3376,5356,-259,194,-55,0
3451.48016500473,10732,5592,10404,-260,-104,149,10088,-8524,8936,-90,136,-182,-14672,3596,3760,-946,112,-63,-14760,-3380,5288,-480,187,-50,0
3451.513484954834,10580,5592,10524,-294,-83,142,10096,-8452,9172,-71,179,-187,-14684,3624,3988,-983,127,-89,-14844,-3392,5280,-448,174,-55,0
3451.5497550964355,10688,5540,10524,-307,-50,136,10056,-8568,8880,-36,175,-179,-14704,3388,3588,-1015,144,-152,-14720,-3388,5140,-465,168,-48,0
3451.585503101349,10760,5536,10532,-292,-75,147,10116,-8672,8836,-31,115,-203,-14836,3792,3596,-992,123,-111,-14904,-3424,5372,-464,180,-37,0
3451.6211991310124,10684,5496,10620,-273,-98,166,10104,-8640,8844,-44,173,-174,-14832,3580,3768,-994,117,-88,-14840,-3384,5224,-457,203,-62,0
3451.6561789512634,10708,5580,10472,-244,-101,156,10140,-8628,8884,-17,142,-185,-15072,3328,4032,-972,63,-96,-14860,-3500,5220,-495,159,-91,0
3451.691838979721,10692,5600,10740,-508,-95,134,10108,-8476,9012,-44,160,-211,-14712,3500,3820,-995,108,-173,-14720,-3296,5312,-488,132,-92,0
3451.7276170253754,10508,5616,10512,-510,-103,139,10072,-8628,8992,-28,171,-199,-14712,3496,3816,-962,121,-114,-14796,-3368,5168,-472,167,-94,0
3451.7626299858093,10712,5488,10568,-256,-120,147,10156,-8644,8820,-48,163,-181,-14712,3532,3812,-955,96,-110,-14628,-3320,5224,-488,115,-75,0
3451.7981560230255,10784,5520,10592,-14,-116,121,10116,-8632,8876,-45,148,-181,-14824,3480,3716,-1002,74,-63,-14724,-3436,5312,-478,156,-77,0
3451.8336460590363,10648,5528,10416,-252,-121,145,10212,-8580,8876,9,151,-202,-14664,3820,3592,-993,112,-141,-14744,-3348,5280,-470,150,-122,0
3451.8692009449005,10712,5508,10460,-207,-148,131,10060,-8476,9136,-42,159,-226,-14692,3540,3804,-977,104,-100,-14696,-3356,5316,-508,177,-76,0
3451.903918027878,10648,5452,10388,-240,-115,142,10084,-8644,8736,21,108,-185,-14832,3548,3804,-1037,163,-143,-14784,-3268,5328,-497,173,-55,0
3451.9395871162415,10804,5480,10404,-224,-107,200,10076,-8616,8880,20,140,-167,-14676,3488,3884,-1011,120,-59,-14924,-3452,5280,-482,137,-71,0
3451.974823951721,10744,5560,10532,-225,-125,173,10056,-8736,9096,-63,130,-179,-14752,3564,3840,-987,102,-58,-14632,-3328,5200,-764,109,-40,0
3452.0104701519012,10580,5480,10344,-176,-93,149,10064,-8604,9012,-53,109,-150,-14740,3532,3828,-967,95,-79,-14900,-3316,5336,-564,121,-118,0
3452.0458500385284,10680,5468,10540,-139,-108,127,10128,-8668,8924,-47,110,-178,-14688,3476,3620,-995,134,-134,-14828,-3576,5332,-480,126,-120,0
3452.0817210674286,10632,5464,10464,-187,-85,104,10112,-8600,8952,-25,137,-169,-14716,3504,3664,-1001,124,-113,-15080,-3360,5228,-503,120,-138,0
3452.118050098419,10532,5532,10588,-96,-103,84,10164,-8588,8856,-47,127,-159,-14740,3784,3772,-1010,93,-76,-14848,-3312,5276,-499,137,-155,0
3452.153195142746,10672,5540,10496,-135,18,82,10124,-8648,8816,-2,141,-153,-14836,3524,3648,-1058,60,-44,-14900,-3320,5248,-528,87,-154,0
3452.188262939453,10704,5492,10616,-130,41,83,10132,-8636,8712,42,139,-102,-14752,3768,3888,-1091,119,-68,-14920,-3308,5240,-491,78,-98,0
3452.224662065506,10764,5448,10436,-125,253,123,10108,-8660,8928,-24,130,-134,-14764,3560,3760,-1066,75,-45,-14868,-3440,5260,-490,87,-140,0
3452.2581651210785,10620,5432,10648,-167,-32,99,10208,-8696,8920,-43,184,-136,-14732,3480,3776,-1005,48,-24,-14800,-3348,5176,-507,64,-144,0
3452.2920260429382,10560,5524,10420,-136,16,76,10100,-8584,8924,-58,158,-124,-14744,3544,3792,-1280,53,-2,-15024,-3332,5276,-500,41,-157,0
3452.3255710601807,10644,5856,10588,-133,-9,87,10064,-8628,8936,-62,181,-108,-14716,3636,3708,-1035,52,-27,-14868,-3372,5232,-506,53,-172,0
3452.3591670989986,10688,5576,10728,-107,34,73,10144,-8636,8820,-61,163,-112,-14652,3540,3712,-984,57,-35,-14984,-3384,5484,-500,19,-193,0
3452.3923110961914,10680,5504,10416,-106,15,56,10124,-8616,9120,-98,141,-127,-14684,3552,3808,-1008,48,-255,-14712,-3544,5220,-473,32,-179,0
3452.425507068634,10660,5476,10548,-104,2,31,10212,-8552,8920,-83,161,-124,-14716,3516,3668,-987,41,-8,-14824,-3564,5264,-491,36,-192,0
3452.4595670700073,10964,5612,10700,-75,16,56,10124,-8672,8856,-79,177,-114,-14768,3612,3700,-997,23,-24,-14804,-3296,5232,-768,18,-202,0
3452.4929480552673,10668,5480,10508,-69,3,73,10088,-8476,8748,-77,162,-81,-14716,3556,3668,-981,33,9,-14760,-3384,5620,-512,31,-195,0
3452.5260140895844,10676,5580,10536,-97,50,70,9984,-8660,8736,-48,148,-98,-14660,3544,3688,-1033,69,17,-14832,-3428,5464,-508,64,-159,0
3452.564522981644,10632,5500,10672,-97,9,72,10052,-8692,8912,-80,157,-104,-14720,3628,3880,-1017,-20,-35,-14744,-3348,5272,-506,39,-207,0
3452.5980291366577,10620,5520,10644,-134,54,39,10228,-8576,8868,-37,229,-131,-14720,3612,3712,-970,23,-28,-14748,-3420,5468,-468,28,-196,0
3452.631520986557,10544,5596,10472,-164,76,21,9996,-8692,8812,-37,183,-135,-14768,3640,3916,-1003,40,243,-14768,-3264,5356,-448,81,-167,0
3452.6649091243744,10496,5608,10580,-202,52,57,10012,-8680,8956,-24,221,-142,-14684,3696,3908,-998,31,40,-14844,-3428,5388,-444,69,-131,0
3452.6985161304474,10576,5832,10508,-274,37,71,10068,-8816,8900,-68,175,-130,-14716,3700,3892,-989,60,-250,-14836,-3416,5336,-470,44,-151,0
3452.7321331501007,10600,5532,10708,-228,-10,71,10088,-8668,8916,-72,195,-142,-14652,3572,3712,-963,37,-55,-15064,-3380,5164,-456,62,-124,0
3452.7656869888306,10508,5568,10588,-302,-22,131,9948,-8752,8840,9,202,-157,-14668,3656,3584,-982,128,-47,-14764,-3320,5540,-529,94,-95,0
3452.798800945282,10624,5456,10564,-198,-54,180,9968,-8772,8924,-80,75,-138,-14644,3620,3804,-778,137,-37,-14772,-3336,5760,-588,136,-40,0
3452.8323550224304,10592,5528,10664,-225,-122,225,9928,-8800,8680,-86,94,-145,-14728,3696,3584,-953,116,-251,-14700,-3468,5512,-541,135,7,0
3452.8659410476685,10584,5500,10748,-283,-102,219,9944,-8908,8744,-108,64,-132,-14512,3672,3732,-995,180,-76,-14648,-3328,5464,-503,128,42,0
3452.899178981781,10616,5488,10536,-292,-140,270,10044,-8672,8856,-64,72,-114,-14780,3668,4064,-1012,213,-95,-14780,-3148,5396,-768,189,17,0
3452.932727098465,10648,5612,10676,-298,-125,503,10020,-8636,8936,-54,109,-167,-14816,3624,4056,-1008,152,-83,-14760,-3456,5268,-454,179,-32,0
3452.9662370681763,10576,5556,10548,-307,-153,162,10224,-8708,8948,-86,121,-239,-14768,3560,3968,-929,139,-96,-14868,-3512,5436,-450,206,-78,0
3452.9998340606694,10504,5588,10712,-302,-157,88,10132,-8624,9056,-102,156,-287,-14792,3652,3932,-912,35,-150,-14760,-3448,5412,-479,194,-104,0
3453.033096075058,10628,5556,10612,-328,-233,99,10100,-8628,8928,14,151,-242,-14648,3580,3916,-963,70,-141,-14624,-3448,5404,-443,191,-155,0
3453.066787958145,10668,5852,10496,-242,-99,47,9960,-8620,9180,-44,139,-277,-14788,3664,3756,-894,71,-138,-14716,-3408,5400,-441,161,-126,0
3453.1002831459045,10968,5500,10512,-225,-139,36,9944,-8708,8876,-123,180,-261,-14740,3660,3512,-913,50,-85,-14768,-3336,5356,-461,133,-145,0
3453.1337060928345,10660,5616,10280,-229,-80,76,10072,-8592,8868,-77,104,-214,-14616,3644,3720,-910,48,-40,-14768,-3292,5236,-454,57,-137,0
3453.1672990322113,10700,5444,10392,-206,9,123,10012,-8692,8732,-37,89,-107,-14608,3624,3648,-993,124,-30,-14836,-3272,5340,-480,42,-82,0
3453.200541973114,10668,5308,10604,-147,16,140,10048,-8760,8676,-6,160,-73,-14612,3692,3336,-1049,76,11,-14804,-3256,5392,-499,43,-130,0
3453.237286090851,10604,5352,10628,-145,46,110,10104,-8456,9140,21,222,-62,-14704,3640,3628,-1072,27,-24,-14728,-3320,5484,-486,45,-167,0
3453.271994113922,10640,5496,10400,-169,87,74,10136,-8836,8616,28,248,-55,-14796,3680,3752,-1044,15,-24,-14768,-3444,5364,-474,71,-183,0
3453.308263063431,10708,5528,10524,-178,19,35,10092,-8780,8860,-19,289,-80,-14784,3676,3772,-1008,-20,-15,-14836,-3396,5588,-502,99,-230,0
3453.3437690734863,10548,5580,10664,-221,-246,61,9956,-8492,9208,60,253,-156,-14552,3596,3864,-1038,58,-61,-14700,-3512,5464,-429,150,-161,0
3453.379643917084,10500,5736,10532,-206,-100,105,9876,-8704,9112,-98,147,-227,-14844,3652,3864,-980,139,-103,-14712,-3560,5544,-449,154,-113,0
3453.4148869514465,10448,5688,10364,-144,-138,112,9988,-8620,9052,-77,101,-246,-14636,3560,3820,-927,182,-135,-14700,-3536,5472,-457,142,-115,0
3453.450240135193,10612,5552,10560,-107,-117,71,10048,-8628,8868,-62,193,-216,-14824,3648,3948,-967,27,-115,-14728,-3548,5624,-567,128,-267,0
3453.4853661060333,10640,5416,10504,-120,-97,-23,9768,-8928,8856,-27,285,-202,-14668,3716,3912,-1046,-107,-131,-15056,-3276,5400,-542,142,-219,0
3453.5211341381073,10628,5492,10600,-69,49,16,10036,-8720,8776,8,249,-117,-14660,3760,3816,-1041,59,-31,-14908,-3216,5464,-423,76,-101,0
3453.5570719242096,10616,5520,10820,-157,93,137,10092,-8888,8800,245,45,-111,-14660,3796,3872,-994,191,-244,-14600,-3188,5156,-485,9,-66,0
3453.592278957367,10536,5616,10568,-156,15,188,10028,-8784,8888,-55,9,-124,-14816,3588,3708,-1057,179,-248,-14836,-3128,5488,-499,32,-106,0
3453.628138065338,10684,5396,10652,-186,-37,172,10236,-8796,8768,254,182,-59,-14608,3776,3664,-1086,48,-248,-14640,-3432,5620,-524,89,-184,0
3453.6634929180145,10484,5580,10708,-213,-39,108,9692,-8732,8936,42,358,-51,-14540,3704,3864,-1101,8,-79,-14664,-3564,5468,-531,138,-173,0
3453.699343919754,10412,5752,10512,-186,-9,87,9928,-8780,8992,-10,244,-114,-14840,3716,3852,-1097,80,-53,-14604,-3484,5488,-766,149,-146,0
3453.734144926071,10468,5452,11000,-62,-34,151,9936,-8880,8988,8,102,-115,-14592,3720,3780,-1070,170,-90,-14708,-3128,5484,-614,90,-109,0
3453.7690629959106,10604,5400,10504,44,-42,174,10056,-8760,8800,37,30,-163,-14768,3836,3648,-1073,108,-135,-14708,-3412,5384,-620,84,-204,0
3453.8050069808965,10568,5480,10556,59,-76,118,10052,-8776,8904,81,88,-160,-14684,3696,3808,-1135,39,-166,-14796,-3444,5508,-623,167,-218,0
3453.840917110443,10692,5492,10664,-28,-111,72,10048,-8620,8976,21,289,-84,-14748,3684,3716,-1126,30,-88,-14864,-3404,5460,-453,165,-158,0
3453.8776240348816,10640,5828,10388,-169,45,68,10052,-8468,9196,-46,219,-111,-14792,3624,3868,-1033,93,-93,-14876,-3424,5388,-459,74,-198,0
3453.911054134369,10696,5520,10668,-158,-10,37,10168,-8796,8932,-1,289,-123,-15028,3668,3864,-1052,-79,-72,-14748,-3512,5412,-609,73,-324,0
3453.944736003876,10544,5524,10472,-80,21,18,9924,-8752,9012,57,272,-83,-14376,3728,4056,-1102,-109,1,-14756,-3524,5444,-664,3,-257,0
3453.978418111801,10600,5664,10408,33,93,76,9928,-8716,9072,-41,247,27,-14848,3632,4048,-1121,-31,95,-14820,-3480,5448,-620,-29,-199,0
3454.0120599269867,10428,5588,10544,-71,66,162,9908,-8736,9004,9,177,45,-14584,3788,3908,-1114,84,51,-14496,-3484,5612,-591,18,-110,0
3454.045257091522,10356,5484,10572,-76,91,218,9836,-8852,9008,34,103,72,-14568,3740,3760,-1146,123,25,-14668,-3420,5532,-586,-8,-81,0
3454.07879114151,10572,5504,10856,-58,60,260,9948,-8832,9004,28,158,75,-14696,3672,3892,-1112,30,17,-14804,-3480,5428,-616,41,-117,0
3454.112468957901,10468,5544,10900,-77,6,205,9832,-8844,9032,254,196,11,-14620,3740,3608,-1086,61,-20,-14684,-3528,5608,-622,64,-125,0
3454.145616054535,10404,5668,10528,-22,-18,212,9820,-8616,9192,-20,135,-33,-14648,3620,3908,-1106,123,-130,-14536,-3432,5444,-585,185,-96,0
3454.179286956787,10328,5524,10456,-96,-109,198,9604,-8892,8888,66,99,-176,-14476,3336,3784,-1105,185,-193,-14488,-3340,5424,-480,275,-53,0
3454.2130150794983,10400,5676,10640,-158,-109,135,9824,-8876,8880,-42,95,-290,-14520,3436,3972,-967,189,-213,-14692,-3772,5376,-365,305,-49,0
3454.2466039657593,10704,5716,10460,-255,-227,71,9976,-8648,9112,-146,76,-400,-14636,3572,4000,-915,192,-224,-14704,-3444,5408,-377,355,-53,0
3454.2802131175995,10872,5864,10632,-284,-196,60,10032,-8744,8980,-99,80,-376,-14764,3624,3784,-937,245,-211,-14904,-3476,5468,-359,350,-40,0
3454.3138020038605,10616,5392,10604,-325,-239,79,10048,-8636,9048,-33,117,-372,-14752,3612,3940,-972,209,-221,-14760,-3556,5368,-355,326,-87,0
3454.3474891185765,10516,5656,10516,-271,-222,64,9944,-8648,8928,-53,117,-379,-14588,3656,3960,-957,128,-201,-14532,-3496,5440,-355,349,-62,0
3454.3809390068054,10272,5676,10424,-223,-185,68,9836,-8584,9072,-117,-7,-385,-14532,3640,4076,-949,167,-134,-14824,-3408,5512,-419,509,-34,0
3454.414379119873,10692,5536,10500,-138,-101,107,9916,-8808,8716,-146,-54,-273,-14704,3700,3656,-926,247,-111,-15076,-3528,5412,-400,160,-8,0
3454.4479501247406,10792,5420,10516,-119,-15,141,10068,-8772,8768,-63,30,-221,-14712,3608,3824,-1007,217,-68,-14716,-3428,5316,-367,200,-58,0
3454.4815070629124,10660,5528,10368,-206,-20,92,10028,-8732,8844,-76,33,-3,-14672,3636,3780,-1044,156,-97,-14796,-3344,5484,-421,201,-64,0
3454.515023946762,10544,5576,10636,-186,-39,111,10048,-8840,8976,-57,66,-223,-14720,3664,3616,-968,220,-98,-14876,-3460,5508,-363,203,-30,0
3454.548295021057,10516,5448,10624,-200,-101,99,10220,-8728,8976,-73,22,-276,-14688,3496,4036,-960,205,-169,-14648,-3440,5224,-353,304,-42,0
3454.5817990303044,10500,5620,10408,-184,-217,91,10008,-8664,8852,-161,76,-360,-14728,3636,3912,-910,152,-129,-14636,-3492,5528,-366,332,-63,0
3454.615420103073,10400,5572,10656,-265,-213,37,10096,-8784,9016,-136,58,-399,-14688,3636,3832,-937,172,-120,-14872,-3424,5648,-356,269,-59,0
3454.6486470699306,10360,5680,10476,-241,-109,88,10124,-8848,8928,-56,78,-322,-14784,3704,3828,-990,181,-188,-14836,-3352,5316,-374,259,-42,0
3454.681976079941,10656,5836,10736,-235,-125,47,10152,-8768,8848,-94,104,-266,-14816,3752,3848,-998,117,-92,-14840,-3396,5400,-427,188,-91,0
3454.715563058853,10704,5580,10576,-260,-61,49,10092,-8760,8816,-10,127,-230,-14672,3700,3764,-960,105,-59,-14716,-3304,5412,-403,176,-97,0
3454.749166965484,10520,5540,10596,-222,244,90,10052,-8780,8788,1,95,-208,-14728,3700,3724,-1276,152,-37,-14792,-3388,5440,-401,169,-45,0
3454.7826859951015,10496,5644,10588,-238,-36,138,10060,-8756,9208,-13,83,-204,-14604,3788,3856,-1020,116,-83,-14668,-3356,5436,-464,198,-65,0
3454.8164689540863,10632,5488,10496,-192,-101,112,10096,-8944,9116,-42,100,-196,-14656,3668,3828,-1003,145,-133,-14752,-3424,5476,-480,176,-113,0
3454.849930047989,10608,5820,10624,-178,-101,148,9788,-8740,8812,-58,85,-168,-14752,3660,3812,-963,145,-108,-14752,-3348,5360,-470,178,-66,0
3454.8835101127625,10564,5596,10708,-291,-89,156,10008,-8916,9148,28,116,-210,-14732,3632,3980,-1013,176,-98,-14748,-3408,5408,-425,203,33,0
3454.920128107071,10556,5604,10712,-315,-108,202,9764,-8888,9008,-34,9,-243,-14648,3732,3876,-994,211,-145,-14828,-3372,5448,-483,226,18,0
3454.955425977707,10628,5420,10764,-262,-500,209,10124,-8844,8900,-79,29,-261,-14748,3712,4044,-961,185,-146,-14836,-3276,5532,-538,218,-14,0
3454.9910941123962,10640,5420,10756,-2,-233,216,10068,-8816,8808,-49,47,-200,-14732,3744,3640,-980,182,-186,-14808,-3392,5568,-524,198,-20,0
3455.027240037918,10512,5484,10580,-312,-202,215,10064,-8756,8872,-19,145,-174,-14684,3684,3656,-1022,206,-151,-14836,-3120,5476,-457,191,-11,0
3455.0624330043793,10320,5464,10708,-304,-176,182,9848,-8712,8736,-23,86,-261,-14732,3604,3736,-993,154,-175,-14740,-3280,5280,-474,258,-36,0
3455.0982451438904,10684,5580,10396,-274,-214,160,10036,-8928,8816,-26,84,-7,-14796,3580,3680,-1018,199,-205,-14776,-3264,5412,-490,280,-35,0
3455.1332709789276,10672,5536,10268,-272,-230,174,10120,-8960,9000,35,60,-294,-14744,3620,3632,-1277,193,-195,-14976,-3528,5180,-490,267,-54,0
3455.1691520214085,10680,5536,10496,-248,-288,186,10076,-8952,8916,32,13,-282,-14784,3640,3764,-1013,208,-192,-14884,-3576,5304,-479,218,-44,0
3455.204414129257,10564,5536,10316,-285,-243,203,10080,-8928,9096,8,53,-271,-14776,3584,3688,-1028,175,-153,-14784,-3232,5580,-482,218,-34,0
3455.2401571273804,10636,5548,10436,-268,-1,187,10096,-8612,9088,33,63,-264,-14716,3560,3664,-1015,199,-120,-14884,-3200,5300,-500,173,-44,0
3455.2766349315643,10740,5540,10604,-266,-205,222,10212,-8720,8952,250,81,-208,-14780,3632,3800,-1278,173,-108,-14860,-3388,5292,-503,143,-91,0
3455.3114190101624,10696,5616,10280,-295,-201,192,10128,-8640,8896,22,105,-178,-14712,3492,3680,-1012,156,-132,-14616,-3276,5192,-495,160,-65,0
3455.3473579883575,10640,5472,10420,-189,-138,170,10080,-8620,8932,-69,-29,-209,-14588,3556,3876,-1024,141,-142,-14800,-3264,5312,-766,137,-42,0
3455.3823189735413,10772,5428,10424,-187,-143,165,10076,-8692,8808,-99,49,-221,-14736,3652,3836,-992,182,-96,-14808,-3176,5312,-504,173,-84,0
3455.4185569286346,10628,5352,10500,-200,-163,199,10176,-8496,8832,8,42,-157,-14636,3608,3816,-1049,183,-113,-14828,-3236,5288,-450,157,-56,0
3455.4538619518285,10772,5332,10736,-150,-28,133,10012,-8640,8764,-12,109,-149,-14788,3532,3592,-1082,108,-47,-14776,-3228,5332,-478,94,-123,0
3455.4897310733795,10512,5436,10720,-195,16,77,10180,-8640,8848,-30,192,-158,-14804,3512,3732,-1015,58,-17,-14988,-3160,5328,-452,97,-124,0
3455.525629043579,10800,5472,10272,-241,58,68,10100,-8672,8904,-9,192,-156,-14804,3548,3776,-1009,57,-23,-14876,-3304,5144,-469,151,-137,0
3455.5618050098415,10736,5420,10744,-187,-12,74,10052,-8684,8928,-19,142,-200,-14780,3596,3732,-993,96,-83,-14760,-3224,5204,-465,151,-130,0
3455.595332145691,10684,5424,10528,-157,-21,90,10048,-8628,8832,-39,145,-187,-14776,3628,3700,-1004,79,-114,-14776,-3280,5620,-495,180,-126,0
3455.6289360523224,10660,5428,10484,-120,-96,80,10172,-8680,8852,-51,179,-189,-14740,3668,3824,-965,38,-121,-14840,-3180,5476,-470,158,-139,0
3455.6623620986934,10692,5392,10352,-178,-55,84,10096,-8604,8772,-15,184,-198,-14716,3628,3660,-995,49,-95,-14856,-3196,5372,-445,121,-112,0
3455.696046113968,10612,5440,10608,-182,-36,94,10084,-8688,8948,15,147,-160,-14700,3368,3648,-1006,80,-81,-14844,-3336,5392,-486,156,-90,0
3455.7293701171875,10640,5512,10480,-160,-38,123,10192,-8676,8944,-65,113,-174,-14716,3620,3668,-1005,94,-74,-14808,-3328,5420,-464,146,-109,0
3455.763025045395,10704,5480,10416,-219,-74,149,10224,-8912,8792,-22,110,-176,-14768,3656,3744,-1001,142,-102,-14744,-3360,5292,-486,201,-76,0
3455.796455144882,10656,5484,10488,-196,-107,159,10124,-8784,8920,-10,108,-209,-14728,3548,3776,-985,152,-137,-14708,-3252,5304,-468,204,-104,0
3455.8298161029816,10644,5460,10472,-217,-140,156,10160,-8660,8940,0,119,-196,-14676,3368,3416,-1012,157,-111,-14832,-3328,5412,-442,185,-78,0
3455.863382101059,10676,5564,10448,-182,-116,160,10104,-8688,8884,-3,103,-216,-14756,3812,3724,-1016,129,-141,-14912,-3260,5404,-478,169,-86,0
3455.896708011627,10756,5388,10548,-144,-79,118,10196,-8628,9156,-15,110,-220,-14752,3460,3700,-1006,89,-115,-14852,-3292,5628,-483,166,-123,0
3455.9300351142883,10864,5452,10436,-170,-4,95,10120,-8732,8764,-41,139,-164,-14776,3636,3776,-1016,95,-100,-15104,-3216,5284,-514,119,-125,0
3455.9637651443486,10728,5388,10600,-133,-34,82,10212,-8696,8860,-58,156,-179,-14776,3620,3712,-1031,33,-54,-14872,-3204,5364,-499,106,-157,0
3455.9974269866943,10728,5436,10324,-175,-26,81,10144,-8548,8896,-60,169,-174,-14700,3536,3680,-1009,33,-58,-14756,-3260,5444,-498,95,-150,0
3456.0308170318604,10740,5628,10428,-137,-33,82,10192,-8664,9204,-78,163,-161,-14776,3824,3716,-1001,11,-69,-14760,-3180,5400,-484,104,-162,0
3456.0643429756165,10712,5404,10248,-182,-14,76,10100,-8800,8896,-44,179,-189,-14764,3688,3824,-1032,71,-95,-14700,-3244,5320,-454,108,-131,0
3456.0975959300995,10652,5432,10448,-189,12,121,10048,-8624,8928,32,157,-130,-14672,3600,3744,-1032,125,-27,-14744,-3376,5316,-446,110,-103,0
3456.130770921707,10688,5500,10524,-179,-19,105,10136,-8628,8916,-62,134,-155,-14944,3684,3776,-1023,75,-63,-14812,-3080,5144,-490,77,-150,0
3456.164170026779,10580,5488,10560,-210,16,94,10100,-8728,8880,-55,167,-149,-14672,3660,3836,-1022,51,-35,-14796,-3076,5416,-478,86,-125,0
3456.1975109577174,10700,5536,10532,-188,-12,122,10236,-8756,8900,-18,149,-148,-14664,3340,3800,-769,130,-73,-14664,-3112,5464,-500,174,-107,0
3456.230931043625,10672,5496,10576,-155,-75,159,10064,-8664,8856,-44,52,-168,-14592,3588,3784,-1007,162,-96,-14636,-3280,5392,-499,183,-53,0
3456.2644090652466,10592,5440,10408,-154,-84,158,10080,-8684,8812,-29,68,-227,-14744,3584,3832,-1037,201,-166,-14824,-3300,5248,-501,195,-92,0
3456.2977039813995,10688,5460,10520,-172,-136,150,10492,-8936,8516,-31,104,-234,-14676,3592,3584,-1012,167,-150,-14904,-3208,5140,-490,196,-111,0
3456.3313500881195,10764,5372,10728,-152,-73,103,10492,-8912,8788,-27,110,-197,-14840,3364,3596,-1033,120,-81,-14896,-3192,5164,-501,173,-115,0
3456.3649311065674,10756,5408,10608,-145,-48,109,9988,-8692,8900,-14,104,-201,-14608,3504,3648,-1013,120,-50,-15076,-3124,5344,-491,169,-104,0
3456.3982570171356,10664,5588,10304,-192,-55,121,10152,-8716,8816,-43,140,-161,-14852,3548,3668,-992,125,-69,-14764,-3276,5444,-489,99,-123,0
3456.4319009780884,10752,5332,10588,-192,-64,125,10132,-8704,8704,-51,136,-185,-14760,3512,3792,-1005,74,-72,-14836,-3260,5612,-461,113,-113,0
3456.465456008911,10728,5456,10468,-171,-38,97,10156,-8720,8884,-39,152,-179,-14748,3644,3808,-1013,55,-103,-14944,-3220,5304,-508,92,-162,0
3456.499032974243,10720,5408,10460,-161,-58,56,10088,-8620,8884,-34,189,-182,-15048,3700,3856,-998,-252,-48,-14764,-3568,5276,-506,84,-169,0
3456.532534122467,10716,5412,10472,-162,-58,74,10004,-8872,8848,-27,185,-160,-14788,3500,3812,-1006,48,-36,-14720,-3116,5352,-499,151,-134,0
3456.56578707695,10632,5564,10672,-197,-68,66,10104,-8704,8860,-6,175,-208,-14608,3548,3720,-1028,90,-100,-14836,-3568,5496,-456,201,-68,0
3456.6028001308446,10720,5524,10520,-155,-66,114,9968,-8668,8944,-30,90,-204,-14756,3652,3584,-986,134,-99,-14668,-3320,5332,-488,199,-74,0
3456.6381409168243,10724,5500,10360,-131,-106,159,10228,-8924,8832,-64,87,-173,-14740,3632,3600,-984,135,-95,-14752,-3208,5548,-524,160,-75,0
3456.673852920532,10728,5500,10464,-153,-66,119,10136,-8688,8772,-15,117,-137,-14760,3540,3660,-1278,108,-96,-14844,-3324,5304,-257,133,-88,0
3456.7092950344086,10804,5536,10432,-122,-41,79,10300,-8552,8940,-89,163,-194,-14840,3480,3488,-998,39,-44,-15052,-3248,5200,-471,121,-176,0
3456.7445509433746,10696,5628,10244,-188,-48,64,10264,-8460,8764,1,171,-182,-14772,3792,3636,-977,31,-79,-14872,-3064,5292,-465,93,-176,0
3456.780342102051,10740,5460,10504,-165,5,86,10152,-8640,8896,14,163,-153,-14800,3672,3860,-1011,54,-31,-15076,-3304,5260,-456,103,-144,0
3456.8155460357666,10504,5384,10300,-189,-8,69,10108,-8728,8848,-29,183,-163,-14680,3768,3624,-1011,21,-38,-14776,-3380,5160,-463,72,-153,0
3456.8517899513245,10728,5376,10652,-203,39,79,10196,-8732,8812,-67,175,-126,-14668,3616,3660,-992,38,-52,-14780,-3308,5344,-495,96,-109,0
3456.88755607605,10620,5524,10616,-167,-7,111,10028,-8772,9012,-58,168,-137,-14724,3612,3728,-1038,76,-90,-14668,-3296,5316,-504,151,-131,0
3456.922763109207,10572,5496,10468,-214,-34,128,10020,-8752,8872,-255,137,-178,-14552,3616,3744,-769,126,-80,-14680,-3316,5428,-493,178,-101,0
3456.9577190876007,10492,5460,10424,-117,-70,95,10016,-8884,8992,-50,104,-156,-14776,3628,3620,-1041,119,-124,-14760,-3448,5408,-504,134,-136,0
3456.993535041809,10664,5512,10272,-104,-53,86,10120,-8688,8808,-49,166,-186,-14680,3636,3792,-1019,103,-93,-14812,-3084,5300,-491,124,-165,0
3457.029377937317,10644,5444,10544,-105,33,33,10064,-8640,8784,-15,188,-174,-14760,3568,3780,-1016,110,-61,-14640,-3260,5448,-497,148,-139,0
3457.064427137375,10904,5484,10528,-124,18,72,10244,-8684,8848,-10,129,-148,-14740,3520,3664,-1032,124,-109,-14852,-3372,5320,-447,164,-129,0
3457.100242137909,10868,5424,10588,-141,7,82,10164,-8628,8856,-36,170,-166,-14768,3368,3932,-1038,79,-43,-14772,-3532,5388,-436,127,-142,0
3457.1352310180664,10720,5492,10608,-105,-1,46,10256,-8652,8716,-39,160,-171,-14824,3668,3816,-776,83,-54,-14616,-3516,5360,-495,117,-158,0
3457.1705899238586,10744,5436,10584,-115,-31,49,10104,-8744,8912,-5,160,-162,-14648,3624,3624,-1049,74,-42,-14716,-3264,5608,-489,121,-152,0
3457.206118106842,10672,5452,10404,-108,36,71,10064,-8468,8880,-39,163,-157,-14812,3796,3728,-997,38,-67,-14800,-3352,5296,-485,84,-167,0
3457.2435491085052,10672,5428,10748,-136,55,76,10084,-8720,8860,-12,187,-116,-14668,3724,3836,-998,27,231,-14812,-3568,5624,-489,72,-169,0
3457.277163028717,10520,5520,10628,-96,-3,73,10096,-8724,8940,-57,156,-124,-14800,3588,3664,-1272,95,-37,-14716,-3472,5404,-478,113,-136,0
3457.310749053955,10556,5536,10464,-102,-252,73,9916,-8456,9120,-70,129,-180,-14708,3576,3712,-993,80,-33,-14776,-3280,5416,-502,117,-170,0
3457.344398021698,10652,5480,10764,-124,-73,71,10076,-8792,8928,-44,135,-167,-14728,3676,3840,-990,71,-95,-14768,-3232,5496,-509,140,-155,0
3457.3779289722443,10616,5576,10640,-145,-58,102,10080,-8820,8848,-255,121,-154,-14720,3624,3696,-997,122,-103,-14772,-3112,5400,-489,155,-122,0
3457.4112999439244,10460,5660,10524,-135,-25,95,10020,-8628,8968,-84,121,-179,-14704,3396,4012,-991,73,-77,-14728,-3272,5480,-459,123,-152,0
3457.444883108139,10584,5568,10636,-174,-83,95,10096,-8680,8888,-43,199,-169,-14764,3588,3716,-1004,78,-47,-15036,-3356,5412,-489,127,-156,0
3457.47846198082,10600,5508,10344,-162,-9,72,10068,-8704,8992,7,193,-166,-14676,3520,3608,-1052,107,-51,-14724,-3388,5368,-474,132,-139,0
3457.5119280815125,10540,5540,10476,-145,-12,102,10144,-8948,8808,-11,189,-126,-14824,3596,3844,-1004,109,-92,-14740,-3216,5432,-501,125,-152,0
3457.545562028885,10644,5556,10596,-141,-6,70,10068,-8472,8772,-39,166,-156,-14784,3608,3736,-971,75,-76,-14848,-3256,5372,-485,93,-148,0
3457.58153796196,10492,5568,10588,-177,-23,110,10124,-8748,8940,-46,169,-148,-14760,3672,3704,-978,118,-68,-14788,-3396,5328,-480,146,-159,0
3457.6153240203857,10632,5540,10608,-141,-43,109,10152,-8768,8832,-12,145,-198,-14732,3756,3876,-1015,136,-52,-15024,-3284,5448,-492,144,-112,0
3457.6486539840694,10620,5480,10504,-167,-44,128,10024,-8688,8808,-53,142,-195,-14776,3696,3992,-777,106,-91,-14784,-3328,5412,-489,165,-102,0
3457.6820981502533,10544,5388,10680,-140,-85,114,10064,-8740,8980,-42,110,-187,-14780,3612,3948,-1052,84,-101,-14764,-3332,5448,-476,135,-121,0
3457.7157099246974,10544,5556,10660,-163,-64,104,9748,-8688,8788,-24,144,-171,-14640,3640,3636,-1026,117,-65,-14840,-3420,5388,-487,142,-117,0
3457.7492480278015,10600,5844,10512,-197,-67,104,10088,-8776,8868,23,126,-193,-14752,3576,3864,-1034,108,-89,-14820,-3276,5256,-454,188,-87,0
3457.7828590869904,10520,5484,10772,-276,-88,118,10072,-8716,9000,10,138,-208,-14744,3636,3692,-1019,140,-98,-14884,-3412,5496,-458,198,-58,0
3457.816246032715,10460,5500,10976,-309,-172,123,10148,-8772,8960,-37,137,-205,-14720,3592,3880,-968,128,-140,-14808,-3260,5480,-462,172,-72,0
3457.849735021591,10720,5388,10560,-252,-185,148,10052,-8772,8916,-117,140,-237,-14796,3600,3688,-949,94,-132,-14888,-3208,5436,-556,140,-103,0
3457.8833460807805,10584,5424,10652,-288,-172,135,10188,-8780,8880,-42,139,-217,-14744,3696,3388,-961,68,-103,-14732,-3300,5484,-503,129,-112,0
3457.916841983795,10492,5548,10724,-261,-131,162,9896,-8616,9088,-46,142,-168,-14644,3580,3780,-1002,143,-123,-14744,-3284,5340,-435,99,-84,0
3457.950330018997,10476,5492,10556,-2,-109,126,10116,-8824,8484,-107,131,-236,-14728,3700,3740,-973,103,-129,-14812,-3216,5272,-508,124,-139,0
3457.983818054199,10644,5392,10664,-282,-123,108,10212,-8720,8868,-11,156,-181,-14604,3392,3568,-975,68,-132,-15096,-3172,5260,-526,93,-129,0
3458.017254114151,10740,5408,10428,-243,-32,79,10100,-8568,8896,30,150,-169,-14668,3596,3832,-1037,38,-25,-14796,-3288,5288,-763,92,-127,0
3458.0506019592285,10596,5528,10432,-263,-111,108,9800,-8456,8704,31,186,-135,-14704,3556,3672,-1081,145,-53,-14696,-3324,5484,-443,149,-75,0
3458.084238052368,10440,5428,10724,-320,-133,159,9956,-8800,9036,-3,91,-209,-14480,3620,3828,-1042,183,-109,-14628,-3416,5488,-467,211,-66,0
3458.1175060272217,10456,5636,10828,-239,-201,152,9968,-8688,9060,-75,58,-243,-14628,3668,3656,-1000,174,-169,-14764,-3356,5480,-520,205,-50,0
3458.150969028473,10600,5512,10568,-187,-166,134,10044,-8492,8928,-25,41,-240,-14656,3644,4012,-982,143,-117,-14844,-3416,5356,-523,165,-83,0
3458.1844351291656,10764,5384,10512,-203,-111,138,10132,-8480,8856,-9,118,-182,-14728,3836,3884,-977,51,-74,-14884,-3344,5336,-260,140,-140,0
3458.2180869579315,10708,5476,10540,-189,-80,87,10128,-8464,8948,-61,148,-180,-14824,3608,3624,-995,38,-73,-14924,-3292,5316,-535,93,-161,0
3458.2518360614777,10724,5380,10448,-132,-88,107,10112,-8740,8724,-130,114,-201,-14724,3624,3620,-962,115,-52,-14808,-3140,5304,-495,124,-131,0
3458.2891290187836,10600,5312,10568,-102,-78,123,10132,-8616,8764,-128,104,-177,-14772,3608,3648,-994,109,-74,-14616,-3204,5188,-483,125,-140,0
3458.3241641521454,10980,5572,10280,-72,-14,104,10120,-8676,8796,-57,145,-159,-14848,3608,3588,-1041,91,-13,-14844,-3296,5380,-457,122,-147,0
3458.359714984894,10924,5464,10392,-83,38,105,10044,-8688,9044,-29,163,-159,-14736,3660,3792,-1033,62,-20,-14636,-3392,5532,-463,135,-142,0
3458.394896030426,10620,5544,10468,-118,37,78,10012,-8836,8912,21,162,-151,-14744,3536,3836,-1035,67,-59,-14764,-3424,5376,-459,171,-137,0
3458.431214094162,10632,5556,10608,-141,-20,64,10068,-8748,8972,250,199,-191,-14668,3652,3888,-1019,32,-116,-14832,-3328,5496,-477,158,-171,0
3458.467293024063,10524,5524,10756,-188,-79,41,10012,-8808,8716,-25,218,-194,-14740,3576,3980,-982,-5,-49,-14752,-3392,5440,-466,122,-123,0
3458.501744031906,10480,5668,10704,-212,-114,87,9952,-8772,9096,-62,163,-203,-14476,3780,4080,-997,27,-121,-14632,-3388,5364,-533,152,-88,0
3458.537992954254,10484,5672,10584,-122,-139,154,9972,-8664,9088,-111,54,-196,-14580,3728,3780,-956,167,-105,-14812,-3524,5476,-497,136,-85,0
3458.5732741355896,10608,5552,10692,-140,-132,147,10156,-8944,8840,-86,90,-198,-14692,3632,3940,-937,133,-63,-14796,-3180,5292,-529,96,-121,0
3458.6092550754547,10692,5628,10348,-138,-92,110,10152,-8652,8876,-21,109,-166,-14764,3480,3720,-775,126,-107,-14668,-3128,5260,-493,175,-81,0
3458.6440031528473,10616,5460,10316,-186,-107,152,10152,-8668,8836,-6,88,-191,-14792,3480,3796,-1037,182,-90,-15076,-3152,5628,-439,231,-60,0
3458.6798870563507,10628,5428,10400,-146,-141,146,10148,-8620,8952,-32,70,-239,-14628,3564,3764,-769,144,-133,-14836,-3384,5264,-480,178,-115,0
3458.715162038803,10708,5444,10712,-212,-97,73,10148,-8452,8712,19,102,-206,-14860,3724,3648,-1073,74,-98,-14808,-3260,5516,-470,175,-139,0
3458.75088095665,10716,5580,10580,-159,-22,45,10192,-8660,8968,-39,142,-185,-14748,3580,3688,-1051,49,-102,-14908,-3388,5396,-507,101,-184,0
3458.785982131958,10652,5596,10636,-209,-54,23,10204,-8776,8956,-84,181,-202,-14732,3688,3744,-1003,-23,234,-14784,-3232,5408,-535,61,-194,0
3458.8223719596863,10496,5604,10588,-130,-4,37,10224,-8480,8720,-143,222,-201,-14608,3624,3808,-992,-6,-31,-14732,-3468,5512,-498,21,-193,0
3458.8574011325836,10540,5604,10652,-160,-6,52,10080,-8552,8956,-99,213,-139,-14704,3664,3752,-961,68,239,-14736,-3328,5128,-496,99,-159,0
3458.892877101898,10648,5404,10512,-189,-26,101,9992,-8796,8808,65,140,-82,-14492,3636,3716,-1041,153,-87,-14620,-3224,5412,-479,153,-73,0
3458.9295239448547,10636,5484,10532,-164,-56,145,10140,-8656,8940,-24,91,-164,-14644,3728,3680,-1068,118,-66,-14788,-3276,5400,-500,164,-76,0
3458.963077068329,10664,5540,10792,-156,-61,135,10096,-8812,8960,-19,103,-159,-14732,3600,3900,-1007,121,-63,-15088,-3092,5444,-469,160,-111,0
3458.996686935425,10596,5480,10620,-177,-78,129,10108,-8696,8924,-18,145,-193,-14752,3700,3764,-996,125,-117,-14696,-3388,5280,-491,142,-110,0
3459.030133962631,10496,5468,10700,-165,-98,145,10084,-8908,8860,-3,126,-158,-15064,3592,3692,-1021,163,-121,-14780,-3332,5436,-479,138,-99,0
3459.0637640953064,10604,5468,10496,-191,-25,133,10064,-8696,8876,-12,101,-190,-14664,3652,3764,-1064,146,-81,-14744,-3412,5476,-478,147,-122,0
3459.0973219871526,10568,5468,10512,-177,-74,116,10160,-8928,8944,-57,110,-184,-14684,3620,3916,-1018,81,-47,-14776,-3236,5404,-264,122,-125,0
3459.130686044693,10580,5572,10656,-189,252,100,10132,-8808,8888,-13,160,-158,-14768,3596,3784,-1041,111,-39,-14756,-3568,5180,-466,106,-125,0
3459.164286136627,10580,5412,10712,-185,-256,104,10020,-8700,8828,4,143,-174,-14688,3660,3924,-1044,151,-100,-14760,-3292,5320,-473,183,-98,0
3459.1979360580444,10588,5548,10688,-167,-74,129,10060,-8796,8880,20,109,-173,-14708,3668,3736,-1040,160,-112,-14816,-3248,5388,-471,168,-117,0
3459.231786966324,10568,5528,10572,-143,-36,99,10156,-8700,8748,-19,141,-173,-14744,3588,3696,-1057,134,-125,-14812,-3400,5572,-446,121,-138,0
3459.265466928482,10596,5552,10636,-164,-42,112,10068,-8544,8868,250,155,-196,-14840,3600,3756,-1013,110,-102,-14744,-3364,5152,-417,162,-103,0
3459.2991981506348,10720,5496,10692,-210,-40,121,10076,-8476,8856,15,125,-183,-14352,3596,3884,-1063,178,-97,-14828,-3336,5352,-435,184,-58,0
3459.3327140808105,10604,5524,10524,-269,-99,127,10080,-8932,9192,-3,86,-235,-14792,3676,3912,-1026,166,-128,-14804,-3348,5464,-450,169,-36,0
3459.3664169311523,10656,5564,10640,-223,-135,122,10116,-8788,9080,-73,82,-211,-14744,3620,3752,-1009,110,-91,-14852,-3440,5448,-547,153,-87,0
3459.3999221324925,10544,5536,10744,-235,-116,143,10120,-8608,8876,-41,135,-210,-14732,3768,3664,-983,117,-128,-14784,-3328,5484,-479,113,-99,0
3459.4334700107574,10556,5480,10656,-264,-96,129,10088,-8664,8952,-26,161,-168,-14716,3596,3756,-993,131,-117,-14692,-3344,5444,-459,147,-60,0
3459.4672429561615,10572,5520,10540,-261,-90,167,10060,-8736,9016,-75,136,-164,-14760,3828,3700,-956,129,-92,-14812,-3232,5332,-483,158,-41,0
3459.500757932663,10584,5456,10548,-317,-123,158,10184,-8672,8908,-20,144,-184,-14716,3604,3692,-1049,140,-94,-15040,-3268,5424,-475,177,-75,0
3459.53422498703,10556,5484,10604,-292,-123,152,10196,-8732,8780,15,88,-162,-14700,3636,3708,-1017,206,-126,-14712,-3372,5340,-465,186,-54,0
3459.567573070526,10696,5408,10568,-262,-175,154,10108,-8652,8780,-49,111,-225,-14664,3800,3980,-992,143,-200,-14764,-3200,5332,-465,235,-82,0
3459.601102113724,10616,5376,10628,-287,-208,145,9988,-8768,8900,-251,125,-239,-14732,3684,3704,-1012,131,-109,-14908,-3228,5352,-474,193,-67,0
3459.634519100189,10684,5452,10656,-229,-118,151,10168,-8708,8784,-5,124,-193,-14744,3700,3864,-1006,94,-98,-14768,-3372,5452,-480,133,-84,0
3459.6681790351868,10728,5484,10652,-267,-113,137,10204,-8648,8952,19,157,-166,-14720,3596,3876,-960,36,-99,-14836,-3508,5308,-490,128,-118,0
3459.7017710208893,10676,5512,10688,-279,-94,131,10164,-8892,8792,-30,148,-180,-14608,3368,3832,-940,47,-63,-14756,-3320,5136,-493,123,-106,0
3459.734969139099,10588,5552,10604,-279,-157,141,10076,-8704,8988,-38,155,-164,-14604,3640,3760,-963,100,-114,-14740,-3320,5604,-462,180,-56,0
3459.7686319351196,10560,5516,10516,-288,-195,185,10040,-8596,8928,-12,98,-180,-14600,3596,3688,-1001,145,-114,-14784,-3280,5292,-492,212,-67,0
3459.8020811080933,10604,5452,10636,-241,-221,174,10040,-8672,8748,-16,102,-225,-14760,3540,3856,-983,159,-108,-14844,-3376,5276,-445,216,-58,0
3459.8357310295105,10616,5340,10600,-253,-219,160,10024,-8692,8840,-249,59,-225,-14792,3716,3864,-990,165,-148,-14844,-3288,5268,-479,254,-85,0
3459.869266986847,10572,5464,10600,-206,-203,148,10180,-8796,8908,7,95,-232,-14684,3792,3752,-775,144,-158,-14768,-3208,5424,-491,222,-110,0
3459.9024560451508,10624,5516,10428,-168,-152,117,10064,-8724,8928,-9,113,-210,-14684,3584,3740,-1010,122,-143,-14784,-3304,5348,-527,225,-76,0
3459.936149120331,10592,5620,10740,-146,-125,101,10196,-8604,8904,-34,94,-218,-14620,3524,3632,-956,155,-76,-14804,-3260,5308,-483,175,-83,0
3459.9731600284576,10656,5308,10428,-137,-57,92,10120,-8668,8764,-84,103,-203,-14804,3572,3660,-1006,133,-82,-14920,-3200,5280,-481,148,-92,0
3460.00932097435,10784,5400,10564,-132,-2,76,10160,-8612,8732,-24,174,-164,-14780,3636,3508,-1023,131,-90,-14780,-3208,5228,-469,136,-126,0
3460.0441200733185,10708,5376,10464,-171,6,101,10216,-8672,8784,3,130,-170,-14676,3556,3636,-1054,129,-51,-14912,-3204,5244,-459,160,-111,0
3460.0801279544826,10712,5488,10680,-166,0,88,10168,-8924,8920,20,156,-196,-14724,3552,3944,-1061,103,-90,-14776,-3296,5372,-474,144,-132,0
3460.11531496048,10612,5460,10568,-164,7,92,10124,-8644,8908,-4,139,-168,-14772,3684,3828,-1038,68,-60,-14772,-3240,5452,-466,139,-124,0
3460.1508750915527,10520,5436,10648,-120,3,41,10092,-8712,8780,-56,150,-187,-15032,3752,3752,-1038,30,-67,-14736,-3556,5516,-539,97,-170,0
3460.187171936035,10680,5484,10592,-132,255,66,10040,-8472,8836,-41,135,-144,-14752,3368,3776,-1051,31,-30,-15104,-3328,5404,-508,25,-175,0
3460.2223660945892,10636,5488,10748,-85,55,52,10084,-8548,8888,-92,142,-127,-14708,3536,3884,-1001,30,-62,-14796,-3332,5468,-492,29,-154,0
3460.2574219703674,10708,5424,10660,-122,9,57,10128,-8748,8824,-93,180,-133,-14672,3564,3688,-1008,69,244,-14768,-3188,5460,-505,75,-154,0
3460.293241977692,10672,5420,10500,-131,36,97,10172,-8680,8720,-61,132,-128,-14660,3668,3808,-1029,139,-13,-14744,-3224,5360,-479,112,-119,0
3460.329180955887,10632,5448,10560,-116,-13,109,10112,-8600,8812,-59,111,-145,-14728,3348,3828,-1280,95,-73,-14876,-3328,5312,-466,114,-150,0
3460.3647179603577,10600,5496,10660,-137,248,76,10020,-8692,8908,-64,126,-170,-14680,3396,3764,-1018,148,-50,-14828,-3532,5568,-479,84,-124,0
3460.400176048279,10584,5420,10732,-131,-9,106,9976,-8676,8976,-28,115,-162,-14828,3536,3696,-1009,91,-97,-14812,-3296,5480,-476,121,-133,0
3460.4357249736786,10616,5452,10660,-233,-72,116,10016,-8664,8984,67,141,-186,-14348,3708,3604,-1035,150,-100,-14728,-3548,5144,-460,200,-82,0
3460.4717049598694,10556,5540,10932,-211,-119,114,10048,-8740,8952,-34,81,-220,-14788,3696,3880,-995,93,-119,-14768,-3360,5640,-477,191,-85,0
3460.507694005966,10488,5436,10676,-178,-157,121,10080,-8484,8900,-30,111,-204,-14696,3616,3832,-972,113,-102,-14688,-3384,5356,-490,126,-126,0
3460.5426750183105,10616,5404,10568,-139,-92,112,10128,-8564,8820,-50,176,-165,-14624,3644,3796,-1006,86,-122,-14828,-3572,5360,-502,171,-92,0
3460.5775039196014,10724,5396,10436,-172,-61,121,10056,-8476,8840,-44,120,-190,-14788,3628,3680,-997,159,-61,-14776,-3296,5256,-510,132,-75,0
3460.6144070625305,10636,5472,10616,-168,-50,140,10132,-8744,8916,-53,122,-208,-14732,3812,3816,-970,142,-116,-14820,-3272,5412,-454,185,-111,0
3460.6476669311523,10660,5396,10636,-152,-92,111,10128,-8924,8736,-71,114,-214,-14784,3568,3684,-977,107,-123,-14832,-3352,5176,-488,192,-163,0
3460.6810510158534,10676,5412,10596,-144,-71,88,10152,-8764,8880,-17,134,-200,-14656,3636,3640,-1002,85,-114,-14836,-3224,5352,-485,223,-132,0
3460.714525938034,10668,5448,10556,-182,-84,78,10236,-8708,8796,5,154,-205,-14896,3576,3740,-1011,59,-79,-14808,-3088,5444,-459,194,-135,0
3460.74827504158,10612,5484,10540,-167,-76,80,10088,-8664,9044,-38,182,-221,-14724,3628,3676,-988,53,-117,-14848,-3564,5372,-441,196,-136,0
3460.7815930843353,10696,5416,10644,-172,-25,85,10076,-8664,8960,-34,178,-179,-14632,3600,3584,-996,44,-107,-14856,-3300,5592,-471,109,-120,0
3460.8150701522827,10552,5544,10596,-87,-4,63,10112,-8676,8780,-57,157,-161,-14756,3728,3840,-976,38,-72,-14724,-3240,5264,-519,118,-114,0
3460.848587036133,10632,5484,10600,-188,-22,126,10068,-8488,8852,-34,164,-157,-14624,3564,3708,-772,87,-28,-14700,-3376,5476,-480,131,-82,0
3460.882182121277,10636,5576,10364,-133,-32,122,10144,-8712,8944,-102,134,-167,-14644,3616,3808,-999,100,-38,-14832,-3328,5304,-457,140,-123,0
3460.915631055832,10608,5512,10528,-165,-107,121,10116,-8620,8832,-56,141,-182,-14824,3588,3620,-987,109,-132,-14724,-3248,5420,-467,175,-119,0
3460.9492440223694,10656,5444,10584,-149,-35,116,10064,-8704,8908,5,103,-181,-14752,3676,3752,-1038,145,-139,-14844,-3192,5248,-493,232,-76,0
3460.9828300476074,10656,5432,10436,-136,-42,138,10108,-8680,8784,-41,92,-156,-14684,3564,3648,-1032,121,-50,-14856,-3348,5196,-436,115,-117,0
3461.0161299705505,10640,5532,10464,-142,247,62,10180,-8676,8788,-53,194,-164,-14712,3556,3684,-1035,24,-37,-15048,-3312,5348,-477,70,-169,0
3461.049987077713,10704,5472,10736,-145,65,29,10140,-8728,8664,-93,193,-125,-14676,3648,3964,-1011,43,-39,-14800,-3260,5256,-501,57,-195,0
3461.0837569236755,10580,5484,10600,-95,33,38,10184,-8692,8828,-9,156,-132,-14728,3540,3644,-1081,70,-51,-14696,-3400,5316,-491,70,-189,0
3461.1173751354218,10632,5400,10268,-103,90,44,10052,-8748,8788,-9,132,-163,-14716,3548,3688,-1043,92,-78,-14812,-3320,5324,-762,122,-161,0
3461.150605916977,10620,5524,10532,-112,-29,65,10116,-8752,9076,-42,123,-170,-14736,3368,3684,-1004,136,-51,-14776,-3276,5320,-464,121,-194,0
3461.183921098709,10572,5564,10512,-132,-30,64,10024,-8840,8864,-28,138,-202,-14764,3652,3944,-1035,105,-60,-14784,-3368,5380,-489,169,-143,0
3461.2174320220947,10732,5552,10612,-105,-90,99,10052,-8620,8904,16,125,-181,-14712,3600,3728,-1038,114,-112,-14784,-3368,5428,-514,178,-127,0
3461.2511661052704,10448,5572,10572,-102,-31,97,10028,-8696,8916,-8,139,-171,-14720,3604,3904,-1018,138,-103,-14724,-3368,5476,-474,115,-143,0
3461.2847189903255,10504,5564,10604,-135,-17,99,10032,-8800,9092,-24,121,-173,-14656,3580,3756,-999,119,-75,-14792,-3352,5292,-499,89,-125,0
3461.3180599212646,10676,5604,10520,-138,-73,96,10148,-8476,8908,-44,156,-194,-14776,3604,3916,-1012,108,-53,-14816,-3332,5140,-477,135,-108,0
3461.35177397728,10600,5492,10604,-190,-73,109,10088,-8452,8880,28,124,-187,-14804,3716,3692,-1032,101,-75,-14800,-3284,5508,-503,141,-88,0
3461.3853280544286,10652,5568,10584,-240,-96,125,10132,-8720,8920,76,111,-161,-14716,3656,3744,-1011,111,-123,-14708,-3552,5328,-456,161,-68,0
3461.4185421466827,10620,5568,10808,-336,-195,149,10200,-8724,9044,-26,106,-219,-14656,3620,3816,-992,96,-127,-14616,-3264,5160,-472,157,-60,0
3461.4519579410553,10652,5560,10692,-248,-142,158,10120,-8468,8768,-106,105,-206,-14620,3660,3764,-978,100,-83,-14852,-3324,5304,-536,97,-96,0
3461.485451936722,10624,5476,10700,-219,-195,161,10060,-8828,8788,-49,152,-166,-14660,3664,3820,-1004,65,-70,-14724,-3228,5344,-512,146,-127,0
3461.5187969207764,10592,5428,10492,-286,-132,156,10020,-8600,8740,-26,142,-159,-14636,3620,3656,-996,116,-60,-14828,-3300,5212,-503,129,-98,0
3461.552245140076,10644,5448,10948,-219,-111,149,10156,-8696,9164,-79,96,-201,-14824,3580,3852,-954,128,-120,-14900,-3276,5288,-462,160,-87,0
3461.5859179496765,10616,5480,10544,-267,-163,125,10056,-8916,8788,3,83,-237,-14648,3608,3716,-984,170,-103,-14744,-3236,5516,-480,203,-51,0
3461.6191511154175,10656,5452,10540,-505,-174,177,10168,-8932,8824,16,45,-235,-14776,3788,3932,-1274,169,-125,-14768,-3248,5388,-483,201,-74,0
3461.6575751304626,10528,5520,10644,-258,-216,166,10136,-8668,8764,-32,100,-221,-14736,3660,3940,-976,99,-83,-14884,-3384,5288,-464,170,-106,0
3461.6928899288177,10644,5488,10540,-219,-189,129,10076,-8928,8840,-28,142,-224,-14636,3672,3648,-945,98,-126,-15072,-3252,5236,-510,187,-76,0
3461.728656053543,10728,5404,10644,-231,-171,146,10156,-8772,8864,-16,78,-242,-14464,3608,3712,-1019,99,-145,-14792,-3304,5376,-484,215,-38,0
3461.7643830776215,10632,5556,10260,-213,-192,175,10120,-8484,8724,-44,106,-232,-14692,3812,3700,-972,138,-145,-14700,-3288,5316,-520,222,-72,0
3461.7996909618378,10544,5452,10532,-199,-247,155,10096,-8680,8992,-81,104,-219,-14704,3612,3788,-956,104,-135,-14812,-3548,5304,-478,238,-82,0
3461.835025072098,10724,5420,10704,-222,-197,151,10148,-8680,8892,-28,87,-232,-14760,3596,3648,-972,136,-139,-14868,-3228,5436,-485,219,-65,0
3461.870728969574,10732,5504,10564,-202,-227,186,10084,-8624,8756,-11,109,-220,-14776,3604,3800,-1015,162,-136,-14828,-3352,5192,-495,241,-58,0
3461.906091928482,10616,5432,10552,-187,-164,159,10180,-8584,8792,-23,88,-237,-14740,3388,3744,-974,154,-99,-14844,-3240,5120,-475,179,-50,0
3461.942444086075,10668,5336,10468,-176,-120,143,10156,-8640,8876,-63,112,-218,-14744,3720,3628,-978,154,-123,-14756,-3224,5320,-463,164,-119,0
3461.9776370525365,10756,5440,10704,-165,-94,121,10148,-8696,8788,-22,138,-175,-14740,3332,3600,-1265,112,-73,-14896,-3304,5360,-468,170,-98,0
3462.0133209228516,10708,5484,10724,-167,-28,104,10168,-8660,8888,-10,159,-161,-14780,3616,3724,-1003,89,-108,-14812,-3292,5348,-483,115,-133,0
3462.0487711429596,10708,5404,10596,-218,-5,86,10168,-8608,8816,14,171,-175,-14828,3532,3636,-994,95,-53,-14756,-3560,5236,-479,134,-143,0
3462.0843811035156,10684,5552,10680,-167,13,76,10172,-8656,8936,-23,129,-177,-14732,3572,3624,-1076,122,-32,-14872,-3292,5404,-476,103,-104,0
3462.1197741031647,10664,5508,10576,-142,-37,97,10048,-8644,8764,-34,131,-201,-14684,3584,3664,-1043,77,-59,-14776,-3192,5452,-502,147,-118,0
3462.1553180217743,10632,5528,10744,-160,-34,99,10088,-8656,8804,-13,135,-131,-14704,3684,3900,-1037,100,-48,-14888,-3328,5456,-480,91,-117,0
3462.190814971924,10652,5468,10668,-151,-29,89,10052,-8728,8848,-52,150,-165,-14720,3616,3684,-1001,121,-111,-14832,-3392,5440,-493,110,-135,0
3462.2272469997406,10628,5396,10728,-197,-56,90,10104,-8500,8788,-8,144,-155,-14844,3604,3672,-1040,133,-46,-14800,-3336,5304,-463,135,-136,0
3462.262195110321,10728,5416,10392,-134,-22,105,10184,-8568,8868,-21,137,-148,-14708,3580,3836,-1277,110,-26,-14808,-3256,5204,-499,76,-139,0
3462.2976479530334,10724,5388,10568,-140,7,86,10196,-8660,8836,-23,155,-164,-14764,3532,3856,-992,74,-70,-14716,-3228,5272,-493,66,-165,0
3462.3311879634857,10692,5440,10692,-151,245,57,10164,-8692,8872,-37,140,-175,-14748,3696,3600,-1009,114,-83,-14824,-3152,5208,-503,96,-148,0
3462.3647310733795,10744,5424,10660,-94,28,88,10220,-8700,8736,-54,156,-167,-14752,3544,3776,-1027,79,-51,-14648,-3288,5372,-484,112,-175,0
3462.3979799747467,10764,5476,10564,-145,2,56,10140,-8672,8736,247,171,-162,-14664,3688,3720,-1030,61,-38,-15080,-3080,5604,-502,91,-147,0
3462.4314200878143,10648,5448,10424,-115,62,76,10004,-8660,8820,-36,171,-150,-14744,3596,3680,-1065,67,-74,-14684,-3076,5628,-476,64,-160,0
3462.4648790359497,10652,5548,10552,-112,-251,62,10056,-8932,8916,-37,158,-132,-14744,3824,3432,-1048,91,-67,-14832,-3336,5464,-469,42,-167,0
3462.4984591007233,10600,5456,10680,-90,29,78,10060,-8648,8716,-53,125,-159,-14812,3660,4080,-1033,73,-37,-14776,-3284,5320,-482,89,-124,0
3462.532037973404,10520,5524,10508,-125,28,97,10068,-8728,9012,-53,152,-139,-14752,3740,3652,-772,90,-8,-14840,-3304,5368,-488,103,-140,0
3462.5655069351196,10532,5608,10664,-87,-7,114,9960,-8680,8788,-66,115,-164,-14680,3532,3944,-1030,90,-53,-14708,-3296,5284,-469,134,-130,0
3462.6036219596863,10572,5484,10400,-71,-17,76,10080,-8456,8916,-91,144,-160,-14644,3608,3648,-976,52,-82,-14916,-3264,5400,-492,129,-143,0
3462.637414932251,10696,5452,10472,-110,-32,50,10132,-8740,9164,-45,130,-172,-14696,3692,3772,-977,37,-70,-14796,-3264,5348,-519,131,-137,0
3462.6708800792694,10564,5548,10536,-150,-41,86,10124,-8696,8996,41,143,-197,-14672,3836,4028,-1008,64,-65,-14696,-3328,5412,-469,139,-128,0
3462.7041499614716,10544,5596,10652,-144,-13,82,10156,-8652,8796,255,162,-191,-14656,3716,3732,-966,71,-119,-14844,-3312,5408,-494,173,-111,0
3462.7376041412354,10680,5456,10596,-182,-117,101,10180,-8956,8920,-6,154,-187,-14788,3764,3696,-1007,69,-88,-14784,-3252,5404,-478,119,-140,0
3462.771229028702,10744,5600,10428,-234,-48,128,10144,-8780,8828,255,178,-151,-14684,3800,3688,-1013,83,-32,-14724,-3340,5508,-465,97,-112,0
3462.8047540187836,10524,5528,10636,-1,-71,122,10240,-8780,8984,-15,188,-156,-14704,3660,3768,-1010,55,-83,-14780,-3368,5420,-472,121,-85,0
3462.837953090668,10556,5504,10464,-190,-76,63,10060,-8816,8828,-16,140,-183,-14776,3604,3840,-1001,60,-86,-14860,-3376,5352,-501,106,-137,0
3462.871317148208,10600,5604,10496,-216,-53,86,10056,-8792,8884,-31,139,-191,-14708,3692,3640,-978,46,-112,-14756,-3256,5464,-487,117,-121,0
3462.904762983322,10712,5532,10508,-214,-131,113,10036,-8836,8876,-17,132,-216,-14716,3640,3976,-992,99,-114,-14756,-3296,5448,-469,173,-69,0
3462.9384980201726,10552,5528,10524,-237,-123,121,10120,-8892,8740,250,140,-231,-14796,3644,4032,-990,155,-115,-14768,-3356,5488,-453,155,-77,0
3462.972186088562,10620,5456,10464,-230,-163,158,10152,-8776,8872,-16,123,-225,-14836,3644,3700,-1003,127,-111,-14716,-3204,5496,-495,200,-109,0
3463.0057339668274,10628,5492,10740,-272,-198,155,9792,-8668,8920,4,126,-219,-14676,3656,3808,-1037,150,-142,-14744,-3352,5596,-467,174,-58,0
3463.0391631126404,10628,5516,10532,-289,-166,155,10156,-8744,9008,8,125,-214,-14696,3568,3716,-1021,156,-143,-14912,-3396,5320,-466,204,-65,0
3463.072480916977,10596,5472,10588,-268,-216,170,10024,-8660,8916,-36,103,-220,-14768,3620,3884,-993,140,-127,-14824,-3344,5476,-482,221,-84,0
3463.1061930656433,10640,5548,10648,-263,-190,162,10100,-8608,8824,-28,125,-218,-14736,3604,3752,-979,139,-95,-14836,-3364,5380,-497,182,-67,0
3463.1397309303284,10568,5580,10668,-258,-205,164,10156,-8856,8628,-11,99,-231,-14692,3548,4064,-989,151,-126,-14688,-3316,5524,-492,189,-93,0
3463.1732239723206,10572,5440,10272,-263,-230,174,10040,-8648,8816,-16,86,-220,-14584,3564,3716,-990,168,-145,-15076,-3324,5556,-464,179,-41,0
3463.206881046295,10692,5372,10608,-512,-211,183,10132,-8752,8968,-11,63,-231,-14696,3616,3760,-1051,156,-168,-14628,-3296,5272,-486,189,-61,0
3463.2401010990143,10688,5472,10416,-235,-177,173,10204,-8464,8828,-34,81,-232,-14616,3796,3716,-1007,153,-102,-14932,-3312,5460,-509,184,-68,0
3463.2736210823055,10684,5608,10688,-234,-199,158,10204,-8712,8884,-25,83,-218,-14780,3804,3832,-1015,171,-137,-14812,-3104,5344,-501,167,-44,0
3463.3095149993896,10728,5432,10616,-192,-150,164,10092,-8604,8488,-35,64,-218,-14800,3652,3840,-1029,165,-115,-14800,-3256,5460,-504,176,-88,0
3463.344999074936,10664,5364,10564,-181,-150,144,10096,-8624,9212,-16,74,-188,-14712,3348,3732,-769,150,-90,-14760,-3276,5400,-517,160,-88,0
3463.380743980408,10700,5444,10564,-193,-129,124,10104,-8688,8908,-64,113,-191,-14604,3388,4008,-1002,135,-106,-14780,-3308,5344,-529,154,-95,0
3463.416032075882,10520,5404,10276,-156,-120,94,10120,-8640,8580,-78,98,-187,-14704,3500,3780,-998,130,-78,-14804,-3308,5396,-261,150,-124,0
3463.451902151108,10656,5480,10452,-169,-116,117,10184,-8644,8896,-48,118,-186,-14728,3572,3496,-996,155,-82,-14812,-3512,5348,-461,100,-125,0
3463.4886319637294,10964,5464,10428,-143,-1,80,10468,-8748,8900,-58,148,-165,-14668,3572,3652,-1032,82,-25,-14828,-3216,5296,-483,126,-165,0
3463.5235049724574,10656,5280,10716,-251,-10,99,10148,-8680,8980,37,154,-137,-14844,3348,3776,-1080,72,-100,-14716,-3532,5220,-481,119,-138,0
3463.559066057205,10624,5460,10520,-116,61,84,9984,-8588,8820,-21,164,-172,-14796,3488,3824,-1047,112,-49,-14816,-3272,5240,-441,104,-150,0
3463.5943050384526,10956,5616,10708,-168,-60,73,10204,-8880,8720,-22,158,-175,-14740,3696,3608,-996,63,-84,-15048,-3304,5124,-483,159,-139,0
3463.6301350593567,10668,5404,10436,-169,-38,99,10124,-8680,8768,10,134,-135,-14644,3364,3776,-1033,79,-60,-14780,-3272,5196,-481,112,-88,0
3463.665533065796,10644,5548,10516,-191,-250,125,10076,-8616,8908,-65,150,-174,-14808,3596,3976,-1010,89,-22,-14816,-3540,5528,-448,117,-124,0
3463.7017009258266,10716,5492,10736,-210,-52,108,10128,-8772,8740,-89,166,-179,-14772,3340,3616,-925,30,-89,-14848,-3248,5384,-466,107,-133,0
3463.7377219200134,10696,5616,10268,-148,-22,63,10100,-8740,8808,-76,177,-157,-14668,3672,3632,-962,17,-80,-14740,-3172,5392,-487,120,-145,0
3463.772701025009,10656,5356,10636,-187,-66,91,9924,-8704,8860,25,153,-181,-14608,3548,3468,-1011,83,-114,-14716,-3268,5124,-457,187,-91,0
3463.8086011409764,10664,5388,10568,-187,-114,117,10036,-8736,8720,-42,128,-192,-14696,3576,3772,-974,148,-101,-14820,-3276,5432,-454,203,-87,0
3463.843898057937,10652,5376,10524,-190,-142,127,10232,-8672,8812,-29,140,-218,-14768,3796,3744,-997,146,-144,-14764,-3332,5328,-469,200,-99,0
3463.879826068878,10552,5464,10568,-197,-110,144,10048,-8700,8848,-10,135,-171,-14816,3536,3860,-774,123,-124,-14832,-3292,5384,-471,182,-64,0
3463.914582014084,10800,5520,10524,-159,-51,132,10132,-8636,8916,13,116,-197,-14728,3812,3740,-1004,77,-44,-14964,-3296,5308,-474,144,-97,0
3463.9502699375153,10716,5472,10648,-201,-98,106,10104,-8680,8904,-60,132,-164,-14736,3468,3636,-997,122,-88,-14608,-3384,5356,-460,157,-108,0
3463.9861590862274,10696,5460,10456,-192,-106,124,10188,-8720,8796,-18,139,-199,-14720,3512,3668,-980,98,-94,-14844,-3276,5268,-458,148,-129,0
3464.0201740264893,10780,5464,10388,-216,-60,100,10144,-8588,8860,-34,148,-200,-14772,3612,3616,-984,76,-97,-14836,-3280,5260,-503,119,-129,0
3464.053719043732,10728,5608,10388,-182,-43,92,10088,-8628,8752,-51,148,-178,-14776,3612,4092,-770,84,-127,-14644,-3224,5324,-489,135,-132,0
3464.087412118912,10704,5420,10676,-161,-64,95,10144,-8656,8836,-20,119,-179,-14692,3660,3752,-1008,130,-90,-14792,-3268,5384,-465,157,-105,0
3464.1209700107574,10660,5404,10552,-210,-105,113,10128,-8668,8740,-3,117,-187,-14548,3588,3640,-989,158,-76,-14748,-3276,5284,-483,154,-71,0
3464.1543440818787,10916,5456,10668,-164,-119,124,10108,-8664,8896,-79,108,-195,-14764,3616,3892,-1010,88,-101,-14800,-3224,5432,-500,152,-112,0
3464.1881020069122,10748,5388,10556,-163,-93,92,10252,-8688,8848,-84,173,-167,-14828,3396,3832,-985,33,-73,-15040,-3244,5432,-511,92,-155,0
3464.221776008606,10728,5364,10388,-167,11,75,10152,-8628,8952,-41,174,-147,-14824,3500,3716,-1008,21,-77,-14780,-3240,5512,-499,64,-164,0
3464.2549600601196,10760,5404,10676,-148,-30,24,10176,-8744,8836,-71,187,-165,-14796,3604,3688,-1059,43,-41,-14776,-3128,5556,-496,98,-134,0
3464.2886090278625,10696,5456,10524,-210,-30,73,10056,-8452,8908,253,162,-183,-14760,3704,3796,-1044,125,-89,-14764,-3116,5556,-456,159,-104,0
3464.3221831321716,10680,5504,10748,-189,-55,130,10172,-8700,9148,-33,101,-186,-14664,3588,3780,-1042,166,-109,-14760,-3316,5308,-450,126,-100,0
3464.355736017227,10732,5496,10544,-179,-70,124,10048,-8600,8972,-45,135,-208,-14600,3644,3596,-1010,120,-125,-14728,-3248,5432,-490,147,-124,0
3464.3890240192413,10632,5384,10416,-212,-60,112,10036,-8672,8916,-22,180,-159,-14756,3668,3804,-1059,91,-54,-14596,-3528,5384,-264,129,-114,0
3464.4224400520325,10708,5432,10548,-149,-54,99,10212,-8628,9168,-12,124,-153,-14736,3788,3832,-1007,99,-65,-14800,-3284,5352,-512,135,-136,0
3464.4560821056366,10744,5460,10244,-228,-51,120,10080,-8680,8760,250,128,-179,-14684,3708,3772,-1017,180,-70,-14836,-3236,5460,-478,133,-111,0
3464.4897520542145,10708,5624,10556,-173,-92,147,10184,-8464,8912,-51,108,-206,-14772,3448,3768,-1003,146,-94,-15052,-3220,5608,-764,170,-94,0
3464.5234429836273,10640,5600,10580,-223,-130,109,10204,-8672,8788,-52,125,-210,-14672,3572,3416,-992,125,-140,-14632,-3248,5180,-495,164,-87,0
3464.5569550991054,10636,5400,10512,-172,-97,108,9976,-8652,8828,-30,86,-187,-14764,3344,3608,-1273,150,-120,-14724,-3180,5328,-490,187,-82,0
3464.5904989242554,10656,5468,10496,-147,-84,128,10116,-8680,8972,-65,86,-171,-14724,3600,3652,-1032,107,-56,-14896,-3260,5388,-479,118,-144,0
3464.62402009964,10648,5348,10508,-133,10,88,10120,-8628,8836,-36,132,-160,-14792,3508,3752,-1031,50,-21,-14740,-3096,5296,-456,91,-164,0
3464.6573810577393,10684,5392,10448,-164,53,29,10168,-8736,8920,-20,210,-150,-14764,3568,3432,-1033,36,-100,-14780,-3300,5392,-477,103,-164,0
3464.6910829544067,10716,5440,10640,-133,66,29,10124,-8688,8936,-47,206,-174,-14720,3772,3724,-1013,18,-84,-14816,-3288,5524,-478,127,-160,0
3464.7246141433716,10668,5460,10708,-128,42,39,10152,-8568,8844,-7,187,-190,-14812,3820,3544,-1000,36,-58,-14812,-3264,5432,-504,122,-154,0
3464.757739067077,10628,5480,10600,-133,-23,59,10096,-8752,8840,-34,148,-179,-14692,3648,3716,-992,20,-31,-14784,-3172,5412,-473,172,-140,0
3464.791263103485,10616,5484,10516,-144,250,72,10064,-8640,8780,-47,165,-165,-14728,3616,3908,-976,52,-81,-14740,-3276,5308,-481,133,-153,0
3464.824868917465,10580,5468,10664,-93,47,67,10172,-8684,8800,-75,184,-156,-14724,3832,3584,-965,32,-69,-14724,-3272,5588,-486,119,-141,0
3464.858374118805,10596,5472,10600,-156,17,55,10040,-8732,8848,-70,185,-157,-14724,3600,3584,-997,3,-24,-14888,-3236,5448,-459,115,-154,0
3464.8917729854584,10648,5500,10508,-135,46,73,10136,-8724,9040,-55,203,-145,-14776,3672,3604,-998,50,-24,-14780,-3404,5468,-459,81,-133,0
3464.924931049347,10656,5524,10580,-134,3,71,10120,-8712,8876,-88,199,-159,-14748,3344,3592,-992,62,-102,-14784,-3304,5512,-485,138,-146,0
3464.9583921432495,10588,5480,10384,-127,-13,75,10012,-8772,8792,-16,139,-176,-14692,3676,3676,-1278,106,-94,-14744,-3288,5420,-439,173,-134,0
3464.9944081306458,10604,5528,10608,-128,5,89,10084,-8648,8920,12,161,-153,-14676,3620,3880,-1052,104,-54,-14792,-3252,5368,-492,162,-141,0
3465.030296087265,10684,5568,10632,-127,-33,86,10140,-8672,9008,-47,167,-159,-14680,3588,4076,-991,54,-43,-14604,-3248,5412,-453,107,-146,0
3465.0661230087285,10644,5608,10624,-153,14,69,10092,-8544,8876,-47,184,-153,-14712,3628,3648,-976,71,-32,-14616,-3172,5492,-473,140,-137,0
3465.1018819808965,10604,5444,10560,-135,-48,96,10112,-8712,8808,-34,193,-164,-14768,3636,3736,-1020,99,-28,-14824,-3216,5424,-506,130,-126,0
3465.1383039951324,10556,5520,10640,-132,14,106,10144,-8720,8784,-56,116,-153,-14612,3616,3716,-1011,106,-115,-14760,-3264,5552,-507,147,-116,0
3465.1732690334325,10600,5504,10728,-133,-90,102,9976,-8732,8796,-26,107,-193,-14752,3332,3772,-1280,111,-57,-14836,-3248,5336,-480,150,-120,0
3465.2094089984894,10588,5508,10452,-130,-53,84,10012,-8664,8800,-25,111,-193,-14804,3692,3888,-1028,111,-109,-14772,-3296,5184,-476,151,-131,0
3465.244779109955,10704,5460,10608,-156,-59,111,10136,-8728,8864,7,124,-156,-14800,3568,3920,-1045,108,-65,-14768,-3560,5512,-480,182,-111,0
3465.2807040214534,10612,5532,10516,-188,-81,120,10204,-8752,8924,8,138,-187,-14756,3584,3832,-1010,75,-80,-14664,-3556,5600,-442,161,-132,0
3465.3171019554134,10504,5440,10756,-215,-39,88,10056,-8632,8900,-16,146,-227,-14764,3348,3888,-1002,110,-121,-14796,-3304,5508,-466,160,-120,0
3465.3518779277806,10660,5504,10652,-213,-78,99,10140,-8784,8940,-8,146,-195,-14724,3640,3728,-980,75,-114,-14784,-3380,5484,-449,158,-114,0
3465.388016939163,10524,5500,10672,-246,-92,123,10032,-8728,8796,-28,147,-203,-14644,3596,3828,-1001,84,-119,-14792,-3280,5416,-487,151,-82,0
3465.4356009960175,10624,5568,11000,-248,-113,109,9800,-8736,8856,-14,148,-205,-14628,3632,3764,-1004,102,-113,-14768,-3248,5276,-466,149,-119,0
3465.4823529720306,10644,5464,10592,-292,-117,122,10108,-8660,8960,-35,149,-210,-14684,3560,3948,-989,104,-112,-14800,-3236,5488,-473,140,-88,0
3465.525453090668,10620,5488,10516,-260,-136,152,10084,-8772,8720,-52,155,-176,-14656,3388,4084,-965,114,-86,-14828,-3300,5584,-502,127,-51,0
3465.560688972473,10608,5520,10588,-309,-197,165,10044,-8732,8960,-64,89,-225,-14708,3576,3820,-1043,120,-137,-14776,-3076,5324,-470,142,-69,0
3465.595497131348,10592,5568,10484,-9,-136,174,10124,-8688,8752,-58,78,-205,-14652,3520,3744,-770,140,-87,-14844,-3372,5204,-495,124,-91,0
3465.6312439441685,10568,5436,10636,-252,-192,126,10112,-8704,9000,-20,124,-214,-14796,3664,3552,-1003,136,-164,-14800,-3252,5452,-466,177,-79,0
3465.666796922684,10640,5436,10644,-284,-152,134,10136,-8700,8836,22,96,-216,-14792,3596,3700,-1031,153,-151,-15032,-3276,5204,-495,184,-104,0
3465.7004771232605,10644,5440,10572,-243,-150,148,10016,-8684,8772,-8,113,-225,-14664,3556,3808,-1046,142,-99,-14768,-3236,5528,-494,131,-109,0
3465.7338769435883,10540,5456,10568,-259,-132,142,10064,-8748,8828,-13,120,-209,-14792,3672,3748,-985,101,-79,-14784,-3324,5544,-498,107,-98,0
3465.7673881053925,10628,5428,10620,-511,-183,119,10100,-8744,8932,-42,142,-176,-14660,3624,3876,-775,138,-75,-14708,-3080,5432,-501,147,-70,0
3465.800957918167,10556,5420,10652,-234,-191,157,10120,-8744,8860,-20,92,-198,-14776,3348,3824,-1030,154,-179,-14732,-3284,5492,-483,164,-44,0
3465.8343350887294,10608,5436,10548,-208,-130,170,10080,-8680,8848,-8,58,-200,-14800,3556,3804,-1011,185,-138,-14780,-3268,5344,-497,159,-59,0
3465.86816906929,10688,5452,10688,-243,-223,191,10008,-8652,8828,-6,112,-228,-14720,3588,3712,-1004,168,-101,-14896,-3224,5428,-458,172,-85,0
3465.9014179706573,10648,5428,10556,-264,-189,136,10120,-8704,9020,14,99,-226,-14748,3832,3596,-989,127,-83,-14856,-3232,5448,-510,160,-82,0
3465.934844017029,10680,5440,10544,-235,-174,139,10264,-8704,8848,-2,94,-228,-14672,3812,3636,-1006,151,-114,-14776,-3240,5452,-499,182,-58,0
3465.9684181213374,10704,5408,10580,-215,-164,140,10052,-8576,8764,-40,103,-217,-14712,3588,3756,-1005,123,-121,-14708,-3264,5432,-488,159,-82,0
3466.0018839836125,10668,5464,10420,-211,-181,154,10060,-8912,8724,-37,72,-219,-14700,3540,3864,-997,146,-93,-14696,-3276,5440,-516,167,-87,0
3466.0351560115814,10832,5408,10640,-166,-153,136,10120,-8608,8760,-63,116,-196,-14784,3600,3672,-975,86,-77,-14776,-3140,5400,-546,88,-149,0
3466.0686321258545,10764,5388,10648,-135,-62,103,10168,-8700,8728,-59,102,-185,-14644,3800,3596,-1013,59,-73,-14832,-3256,5364,-536,97,-150,0
3466.102240085602,10720,5428,10332,-154,10,74,10224,-8472,8780,16,154,-169,-14716,3548,3808,-774,108,-118,-14704,-3268,5228,-486,99,-123,0
3466.135483980179,10680,5356,10556,-65,3,50,10064,-8680,8780,-56,158,-193,-14756,3604,3612,-1015,45,-90,-15012,-3228,5496,-526,49,-125,0
3466.169119119644,10704,5432,10616,-161,-42,62,10032,-8692,8900,-18,149,-143,-14740,3588,3812,-999,81,-42,-14700,-3580,5584,-530,-11,-82,0
3466.2026250362396,10748,5448,10568,-107,10,88,10176,-8700,8960,-256,144,-121,-14636,3364,3584,-1005,81,-41,-14608,-3528,5396,-474,120,-130,0
3466.236405134201,10720,5480,10700,-167,246,119,10052,-8656,8920,-36,126,-173,-14656,3548,3700,-1028,74,-76,-14800,-3192,5492,-430,185,-118,0
3466.2699320316315,10680,5404,10624,-161,10,116,10088,-8648,8904,-46,157,-157,-14804,3812,4076,-1012,30,-94,-14776,-3344,5536,-465,193,-153,0
3466.303456068039,10700,5256,10644,-153,5,53,10108,-8808,9032,-23,167,-190,-14660,3584,3692,-981,38,-78,-14744,-3248,5596,-465,145,-123,0
3466.336970090866,10704,5480,10564,-140,-7,30,10056,-8696,8808,-72,138,-177,-14728,3656,3524,-978,44,-18,-14776,-3076,5516,-505,157,-142,0
3466.3705010414124,10588,5484,10648,-92,28,76,10132,-8708,8708,-51,133,-176,-14684,3652,3800,-989,64,-19,-14752,-3232,5388,-494,134,-123,0
3466.4038150310516,10672,5416,10704,-135,-14,52,10012,-8936,8940,-42,178,-171,-14580,3580,3732,-983,94,-72,-14744,-3236,5352,-492,139,-127,0
3466.4372329711914,10624,5424,10524,-130,-48,107,10052,-8692,8968,-37,122,-163,-14840,3484,3620,-1049,103,-111,-14744,-3228,5444,-484,146,-107,0
3466.470772981644,10680,5408,10576,-127,-34,97,10128,-8540,8740,-29,136,-163,-14796,3632,3784,-994,96,-49,-14708,-3276,5392,-482,164,-113,0
3466.5044651031494,10712,5520,10640,-130,-32,81,10084,-8692,8908,-60,145,-192,-14752,3596,3868,-1004,77,-41,-14776,-3508,5504,-505,139,-127,0
3466.5379319190974,10668,5408,10460,-99,-43,60,10212,-8660,8876,-19,175,-161,-14740,3592,3748,-987,111,-96,-14848,-3260,5516,-490,109,-211,0
3466.5716500282288,10580,5456,10404,-108,-4,47,10144,-8628,8920,-47,147,-194,-14896,3648,3756,-1041,49,-72,-14788,-3252,5452,-766,121,-176,0
3466.6052799224854,10720,5484,10568,-51,20,9,10112,-8652,8752,-37,197,-159,-14604,3656,3652,-1014,67,-66,-14760,-3364,5492,-523,71,-181,0
3466.6384570598602,10668,5552,10484,-36,-256,33,10180,-8592,8864,-18,123,-161,-14756,3652,3724,-1049,92,-27,-14732,-3284,5428,-522,103,-173,0
3466.67440700531,10500,5456,10548,-87,-21,66,10036,-8720,8936,-33,121,-157,-14664,3716,3804,-1258,109,-80,-14784,-3328,5444,-521,108,-110,0
3466.710163116455,10656,5528,10644,-107,-29,145,9732,-8692,8756,-80,123,-124,-14664,3692,3708,-1036,196,-51,-14808,-3576,5504,-490,139,-68,0
3466.7450671195984,10560,5552,10528,-145,-76,193,10012,-8676,8868,-73,75,-107,-14656,3336,3644,-1037,217,-68,-14820,-3544,5124,-473,133,-41,0
3466.7811830043793,10568,5472,10472,-145,-45,179,10016,-8652,8772,-71,66,-117,-14724,3832,3884,-1011,181,-26,-14832,-3312,5376,-505,102,-97,0
3466.817213058472,10604,5504,10264,-108,-62,136,10104,-8684,8964,-63,83,-154,-14748,3564,3724,-972,127,-72,-14708,-3404,5396,-506,92,-98,0
3466.8522460460663,10592,5524,10400,-107,-11,112,10048,-8648,8816,-67,74,-177,-14812,3632,3736,-1012,118,-46,-14696,-3292,5528,-508,120,-122,0
3466.888008117676,10656,5444,10720,-162,-46,76,10200,-8716,8924,-76,160,-167,-14760,3808,3664,-971,68,-45,-14908,-3264,5428,-481,96,-156,0
3466.9233660697937,10712,5388,10412,-145,-9,34,10204,-8724,8756,-11,175,-204,-14784,3780,3680,-1005,16,-119,-14780,-3196,5528,-473,136,-215,0
3466.959160089493,10524,5440,10644,-212,-37,34,10116,-8860,8572,99,227,-171,-14840,3748,3620,-1060,22,-122,-14692,-3200,5520,-503,165,-139,0
3466.994147062301,10516,5564,10692,-123,-20,42,10092,-8780,8744,18,178,-235,-14720,3672,3788,-1058,66,-111,-14708,-3332,5524,-448,191,-171,0
3467.0292620658875,10524,5524,10624,-173,-121,30,10044,-8504,8828,-20,216,-274,-14668,3708,3740,-1002,63,-192,-14720,-3256,5528,-492,220,-164,0
3467.064816951752,10632,5488,10684,-156,-45,34,10092,-8616,8764,50,184,-205,-14828,3588,3720,-784,39,-111,-14720,-3376,5412,-487,172,-160,0
3467.100289106369,10584,5540,10668,-210,-29,77,10044,-8660,8924,8,255,-166,-14760,3504,3588,-998,10,-105,-14796,-3388,5492,-446,130,-182,0
3467.135484933853,10588,5624,10584,-254,-32,46,10224,-8696,8732,-23,247,-210,-14820,3480,3892,-962,2,-102,-14916,-3464,5468,-445,120,-142,0
3467.171863079071,10584,5656,10640,-308,-66,91,10100,-8648,9036,-38,180,-174,-14720,3764,3916,-960,81,-130,-14704,-3416,5380,-435,162,-58,0
3467.208055973053,10656,5660,10568,-337,-144,152,10036,-8660,8912,-10,142,-207,-14844,3664,3736,-972,111,-134,-14772,-3428,5428,-486,189,-43,0
3467.243161916733,10676,5544,10412,-257,-184,183,9908,-8672,8936,-46,144,-224,-14620,3568,3604,-938,116,-106,-14664,-3368,5472,-467,155,-24,0
3467.278753042221,10596,5528,10588,-266,-182,171,9964,-8684,8920,-47,85,-220,-14696,3720,3876,-971,135,-133,-14780,-3316,5508,-459,187,-20,0
3467.3144299983974,10652,5408,10576,-291,-131,177,10024,-8956,8928,-31,107,-143,-14608,3676,3812,-985,124,-78,-14672,-3328,5484,-456,161,-11,0
3467.3500440120697,10532,5452,10716,-288,-137,214,10100,-8720,8784,-63,65,-166,-14716,3716,4044,-951,170,-108,-14768,-3248,5556,-479,150,253,0
3467.3834631443024,10628,5456,10576,-300,-169,246,10108,-8768,8824,-49,28,-182,-14712,3600,3764,-976,216,-83,-14716,-3540,5492,-464,219,-30,0
3467.417174100876,10644,5468,10532,-316,-180,201,10112,-8644,8748,-34,55,-217,-14676,3708,3532,-982,169,-117,-14604,-3216,5516,-454,223,-28,0
3467.4505879879,10632,5452,10492,-323,-189,179,10212,-8880,8816,6,124,-244,-14764,3648,3772,-986,143,-128,-14600,-3224,5528,-460,219,-73,0
3467.4841780662537,10692,5292,10496,-282,-204,118,10164,-8884,8808,-11,142,-511,-14844,3684,4064,-999,81,-158,-14736,-3168,5412,-463,231,-134,0
3467.5177681446075,10604,5412,10656,-295,-205,116,10084,-8652,8900,26,171,-249,-14740,3588,3680,-1015,87,-182,-14820,-3208,5348,-483,220,-146,0
3467.551059961319,10628,5440,10676,-278,-196,100,10144,-8652,8952,29,177,-507,-14720,3624,3684,-1018,72,-115,-14744,-3324,5348,-470,203,-155,0
3467.5846850872044,10676,5460,10568,-292,-136,107,10112,-8648,8916,-13,145,-237,-14728,3548,3748,-1011,105,-95,-14720,-3244,5400,-463,144,-98,0
3467.6334249973297,10748,5444,10556,-245,-186,126,10136,-8684,8840,-62,108,-180,-14764,3340,3728,-1005,115,-110,-14744,-3224,5552,-261,158,-122,0
3467.6674389839172,10648,5472,10244,-258,-182,174,10092,-8632,9020,252,87,-191,-14764,3512,3788,-1054,171,-99,-14796,-3384,5352,-485,140,-66,0
3467.7008171081543,10724,5488,10500,-193,-97,147,10092,-8532,8960,-75,94,-196,-14688,3564,3840,-1022,106,-125,-14712,-3328,5564,-485,205,-73,0
3467.734409093857,10632,5512,10568,-205,-131,137,10096,-8724,8784,-40,65,-212,-14668,3632,3876,-1010,162,-80,-15056,-3180,5152,-513,157,-107,0
3467.7679200172424,10704,5212,10252,-117,-46,133,10072,-8468,8784,-31,78,-190,-14684,3456,3888,-1015,163,-24,-14708,-3192,5560,-516,140,-110,0
3467.801453113556,10604,5400,10508,-111,-18,124,10224,-8620,8720,-46,88,-143,-14756,3336,3672,-1035,105,-58,-14812,-3128,5444,-492,119,-142,0
3467.8350501060486,10984,5408,10456,-142,-4,104,10148,-8688,8860,-39,152,-183,-14660,3836,3792,-995,98,-80,-14764,-3232,5584,-504,117,-128,0
3467.8683750629425,10500,5168,10504,-124,30,58,10160,-8588,8772,-38,156,-154,-14808,3576,3724,-774,144,-53,-14780,-3204,5368,-464,148,-95,0
3467.901463985443,10684,5460,10588,-173,-7,68,10056,-8604,8968,22,112,-180,-14716,3580,3848,-1078,163,-89,-15080,-3576,5476,-455,200,-114,0
3467.9352390766144,10628,5568,10640,-135,-18,77,10016,-8720,8860,-27,145,-203,-14764,3640,3892,-1053,89,-79,-14820,-3264,5356,-481,187,-133,0
3467.968812942505,10636,5428,10532,-169,-69,27,10124,-8688,8748,-28,152,-213,-14768,3664,3852,-989,44,-98,-14848,-3300,5432,-468,158,-165,0
3468.0022230148315,10604,5620,10652,-107,29,39,10216,-8924,8896,-21,177,-169,-14668,3676,3852,-1278,45,-86,-14828,-3300,5448,-490,172,-144,0
3468.03582906723,10652,5508,10392,-116,15,89,10144,-8636,8896,-34,288,-84,-14740,3652,3640,-1280,95,-56,-14864,-3368,5344,-500,127,-155,0
3468.0693340301514,10688,5536,10424,-135,14,50,10116,-8612,8912,-60,153,-151,-14732,3660,3776,-993,79,-40,-14732,-3272,5156,-487,118,-137,0
3468.102869987488,10928,5600,10624,-131,-43,62,10112,-8636,8952,-92,168,-135,-14752,3496,4052,-1010,87,-97,-14732,-3296,5284,-481,146,-91,0
3468.136589050293,10664,5532,10480,-105,-8,82,10184,-8688,8896,-86,126,-157,-14772,3560,3524,-1013,88,-97,-14788,-3320,5520,-471,166,-105,0
3468.170167922973,10656,5496,10632,-116,-56,118,10260,-8656,8844,-56,114,-168,-14644,3580,3916,-1011,68,-88,-14848,-3328,5340,-479,156,-106,0
3468.2038431167603,10920,5628,10580,-99,-255,98,10140,-8760,8908,-34,119,-144,-14748,3352,3620,-1007,132,-34,-14812,-3352,5400,-491,172,-122,0
3468.237492084503,10664,5600,10736,-102,-43,84,10228,-8692,8872,-19,117,-160,-14624,3636,3692,-775,86,-57,-14816,-3540,5324,-498,149,-133,0
3468.2710740566254,10664,5520,10580,-76,17,82,10104,-8476,8836,-72,116,-150,-14804,3652,3704,-992,47,-33,-14924,-3312,5552,-766,164,-146,0
3468.304677963257,10676,5564,10612,-106,-34,75,10120,-8768,8840,-72,166,-161,-14784,3720,3592,-1280,28,-44,-14804,-3352,5516,-506,137,-153,0
3468.3376879692078,10620,5496,10388,-130,-22,102,9964,-8716,9100,-45,155,-131,-14724,3700,3944,-974,88,-49,-14824,-3364,5436,-462,108,-137,0
3468.374895095825,10668,5468,10600,-154,-45,82,10060,-8656,9176,-113,140,-159,-14816,3620,3888,-990,39,-53,-14776,-3100,5484,-457,157,-153,0
3468.4106709957123,10580,5472,10588,-192,-37,60,10104,-8780,8796,-2,124,-161,-14704,3696,3860,-1020,69,-105,-14764,-3304,5608,-480,168,-140,0
3468.446228027344,10668,5532,10652,-129,-13,81,10052,-8808,8824,-29,143,-171,-14712,3600,3684,-1028,46,-37,-14796,-3108,5576,-478,173,-143,0
3468.4817440509796,10592,5488,10640,-136,-45,78,10092,-8768,8800,-34,170,-173,-14732,3832,3744,-994,34,-128,-14836,-3320,5584,-466,137,-159,0
3468.517673969269,10544,5584,10740,-149,-42,77,10088,-8760,8880,-39,167,-190,-14700,3668,3804,-961,49,-43,-14760,-3248,5420,-499,151,-108,0
3468.5526311397552,10656,5548,10592,-124,-61,91,10040,-8660,8948,9,164,-153,-14632,3616,4024,-1009,83,-109,-15016,-3276,5460,-481,142,-142,0
3468.588521003723,10628,5572,10644,-131,-6,133,10088,-8744,8872,-13,131,-163,-14772,3596,3808,-1031,106,-55,-14836,-3512,5368,-491,158,-124,0
3468.623418092728,10668,5576,10600,-163,-71,113,10260,-8572,8848,-10,93,-144,-14704,3668,4084,-1015,95,-74,-14628,-3352,5604,-465,133,-146,0
3468.6593930721283,10500,5496,10692,-210,-33,83,10092,-8484,8704,7,132,-167,-14744,3640,3916,-1062,159,-48,-14788,-3260,5588,-454,122,-124,0
3468.6944229602814,10632,5496,10424,-216,-67,107,9984,-8712,8896,25,145,-176,-14696,3628,3740,-1038,150,-67,-14808,-3296,5428,-464,187,-77,0
3468.7306599617004,10560,5492,10744,-237,-80,132,10112,-8780,8880,20,111,-173,-14808,3636,3872,-772,129,-99,-14832,-3440,5424,-472,140,-95,0
3468.7654969692226,10688,5476,10724,-278,-98,114,10064,-8800,8780,-36,148,-200,-14732,3692,3668,-981,101,-98,-14744,-3332,5496,-489,158,-67,0
3468.8008580207825,10704,5512,10596,-512,-137,134,10164,-8784,8912,-93,127,-224,-14696,3596,4044,-965,96,-116,-14816,-3284,5324,-522,123,-96,0
3468.8372061252594,10652,5488,10556,-270,-147,169,10048,-8724,8956,-96,127,-199,-14664,3612,3724,-977,147,-88,-14736,-3320,5368,-447,128,-70,0
3468.8723099231725,10644,5456,10600,-299,-92,137,9928,-8708,8912,-63,53,-221,-14680,3644,3496,-1001,152,-124,-14676,-3272,5456,-444,166,-50,0
3468.907946109772,10596,5420,10512,-329,-114,155,10040,-8772,8820,-22,149,-219,-14708,3516,3740,-1021,138,-103,-14608,-3268,5364,-451,199,-71,0
3468.9429330825806,10588,5432,10644,-265,-120,152,10140,-8772,8924,-28,131,-218,-14656,3604,3580,-1017,157,-184,-14796,-3320,5384,-456,193,-67,0
3468.978806972504,10728,5548,10624,-267,-170,160,10124,-8744,8836,-19,87,-235,-14764,3796,3820,-1017,145,-134,-14788,-3296,5460,-485,213,-84,0
3469.014281988144,10720,5508,10588,-287,-176,156,10076,-8652,8872,1,134,-199,-14704,3608,3700,-1004,128,-119,-14812,-3308,5396,-485,192,-78,0
3469.047912120819,10716,5504,10616,-240,-117,130,10064,-8644,8968,-60,88,-235,-14816,3540,3684,-1002,123,-130,-14812,-3384,5204,-466,167,-102,0
3469.081563949585,10696,5464,10520,-272,-198,109,10168,-8800,8916,-47,143,-218,-14752,3608,4068,-958,84,-109,-14608,-3292,5320,-473,173,-108,0
3469.1153900623326,10688,5388,10432,-268,-120,136,10204,-8564,8848,-17,83,-196,-14820,3628,3708,-998,113,-99,-14860,-3284,5352,-496,159,-59,0
3469.1488039493565,10712,5452,10516,-247,-113,171,10092,-8728,8860,9,125,-168,-14668,3664,3824,-999,107,-54,-14836,-3416,5436,-485,152,-91,0
3469.181978940964,10588,5424,10396,-1,-127,141,10228,-8688,8860,-32,111,-180,-14704,3600,3856,-975,141,-82,-14732,-3272,5564,-498,130,-83,0
3469.2154700756073,10668,5196,10560,-216,-119,153,10172,-8700,8784,-65,105,-187,-14672,3804,3516,-1009,147,-88,-14760,-3248,5356,-258,176,-56,0
3469.2492251396175,10536,5128,10468,-215,-159,166,10096,-8688,8796,-10,109,-206,-14740,3644,3812,-998,161,-136,-14724,-3204,5408,-506,206,-60,0
3469.2828500270844,10616,5464,10436,-144,-85,154,10096,-8700,8804,-68,75,-202,-14704,3596,3368,-1033,123,-123,-14756,-3080,5416,-505,171,-73,0
3469.3166620731354,10636,5364,10648,-173,-118,117,10088,-8688,8844,-52,126,-201,-14776,3556,3696,-991,131,-93,-14756,-3296,5260,-492,152,-107,0
3469.350011110306,10752,5404,10660,-182,-56,101,10076,-8660,9012,-19,144,-195,-14696,3588,3764,-977,108,-119,-14616,-3300,5280,-484,193,-116,0
3469.3832249641414,10716,5380,10616,-194,-93,114,10188,-8924,8884,-21,119,-187,-14672,3656,3668,-1011,85,-100,-15072,-3292,5456,-485,167,-112,0
3469.4167850017548,10632,5440,10640,-177,-97,98,10060,-8660,8844,-64,136,-188,-14752,3816,3688,-986,82,-100,-14748,-3328,5236,-465,172,-102,0
3469.4503231048584,10680,5364,10684,-181,-90,157,10128,-8648,8936,-58,110,-198,-14752,3488,3644,-969,85,-82,-14636,-3292,5324,-474,126,-86,0
3469.4839510917664,10584,5464,10504,-139,-66,114,10136,-8732,8848,-123,168,-162,-14844,3716,3688,-956,61,-57,-14868,-3128,5324,-533,114,-111,0
3469.5176470279694,10528,5460,10632,-208,-86,115,10160,-8720,8880,-250,143,-160,-14676,3796,3752,-1014,103,-49,-14724,-3372,5492,-467,160,-83,0
3469.5511879920964,10632,5480,10244,-165,251,136,10120,-8636,8876,7,132,-174,-14708,3532,3640,-991,141,-86,-14716,-3572,5440,-418,182,-70,0
3469.5845861434937,10680,5436,10620,-204,-99,139,10144,-8744,8920,-35,128,-204,-14644,3628,3840,-1034,141,-115,-15072,-3168,5376,-460,229,-66,0
3469.6182940006256,10976,5428,10604,-166,-103,169,10108,-8952,8836,-41,129,-155,-14748,3556,3716,-1004,177,-121,-14916,-3232,5404,-495,187,-75,0
3469.651999950409,10776,5420,10640,-138,-91,143,10104,-8624,9012,-51,-2,-192,-14788,3512,3736,-1004,105,-84,-14804,-3256,5392,-495,143,-109,0
3469.6854870319366,10740,5400,10488,-157,-5,125,10084,-8464,8736,-25,132,-149,-14708,3580,3736,-1008,52,-56,-14692,-3268,5348,-472,115,-129,0
3469.7191920280457,10668,5460,10720,-171,-34,86,10176,-8496,8836,-12,153,-154,-14764,3616,3900,-1008,69,-64,-14792,-3228,5488,-470,133,-147,0
3469.7526900768285,10656,5224,10628,-154,-59,98,10144,-8800,8860,-51,137,-196,-14988,3700,3768,-992,86,-69,-15092,-3248,5164,-518,117,-120,0
3469.786185979843,10988,5292,10500,-112,-22,75,10172,-8908,8796,-94,168,-169,-14780,3364,3824,-968,74,-118,-15080,-3204,5276,-490,111,-127,0
3469.8197741508484,10672,5576,10516,-146,-37,60,10120,-8524,8896,-40,179,-178,-14744,3576,3648,-1036,73,-61,-14848,-3332,5192,-485,124,-167,0
3469.853038072586,10716,5372,10660,-175,-13,63,10108,-8668,8796,-19,193,-149,-14676,3616,3764,-1072,74,-66,-14724,-3188,5584,-486,112,-134,0
3469.8864309787746,10684,5484,10452,-176,-68,78,10108,-8452,8860,-8,171,-133,-14796,3676,3612,-1045,121,-88,-14832,-3580,5120,-501,103,-118,0
3469.9200100898743,10604,5464,10524,-173,-46,119,10104,-8944,8872,-44,154,-154,-14728,3804,3716,-1014,135,-91,-14836,-3312,5444,-507,162,-128,0
3469.9534730911255,10552,5176,10692,-151,-60,115,10084,-8472,8888,-46,102,-205,-14656,3604,3808,-1014,127,-80,-14828,-3428,5432,-505,147,-103,0
3469.9870769977574,10604,5528,10712,-144,-57,111,10076,-8780,8876,-42,133,-179,-14804,3536,3856,-771,152,-74,-14732,-3372,5388,-493,144,-94,0
3470.0203080177307,10656,5424,10508,-165,-90,116,10120,-8728,8980,-42,135,-181,-14700,3520,3704,-1022,151,-61,-14812,-3308,5412,-497,177,-84,0
3470.0582001209254,10672,5464,10620,-141,-73,120,10120,-8680,8940,-25,93,-192,-14756,3648,3684,-1009,138,-97,-15028,-3220,5228,-489,152,-81,0
3470.0938811302185,10792,5460,10548,-151,-63,132,10168,-8664,8944,-76,103,-186,-14764,3372,3636,-1003,128,-90,-14764,-3280,5456,-496,162,-109,0
3470.1292819976807,10772,5516,10452,-167,-62,138,10160,-8916,8908,-19,88,-163,-14688,3628,3600,-1003,152,-100,-14604,-3164,5408,-472,170,-70,0
3470.1641540527344,10992,5164,10588,-139,-67,142,10136,-8708,8896,-72,125,-178,-14704,3692,3508,-1023,121,-73,-14816,-3284,5372,-489,143,-120,0
3470.2000811100006,10644,5456,10592,-152,-63,115,10140,-8664,8760,-34,142,-168,-14772,3544,3580,-1008,97,-58,-15100,-3252,5420,-483,90,-129,0
3470.235058069229,10696,5292,10512,-166,-12,107,10088,-8764,8776,-60,135,-179,-14720,3496,3604,-978,66,-62,-14736,-3252,5344,-495,113,-169,0
3470.2708780765533,10620,5460,10604,-158,-25,85,10132,-8764,8788,-39,172,-186,-14744,3712,3736,-1001,57,-61,-14872,-3288,5408,-495,146,-147,0
3470.3061559200287,10576,5168,10496,-166,-25,71,9848,-8916,8860,-41,141,-219,-14708,3676,4012,-1009,84,-136,-14672,-3244,5500,-465,162,-139,0
3470.3418300151825,10724,5528,10704,-157,-27,54,10148,-8748,8948,-57,180,-206,-14784,3632,3660,-984,32,-93,-15092,-3312,5548,-469,115,-162,0
3470.3776071071625,10708,5504,10256,-157,-49,43,10120,-8796,8888,-47,148,-204,-14808,3700,3796,-991,11,-64,-14776,-3236,5164,-463,117,-128,0
3470.412714958191,10672,5476,10460,-185,-66,111,9992,-8740,8944,-42,121,-133,-14648,3556,3736,-1272,129,-87,-14836,-3092,5164,-473,118,-125,0
3470.4481251239777,10676,5464,10592,-116,-13,99,10180,-8688,8948,-125,154,-187,-14728,3576,3652,-980,59,-100,-14844,-3276,5260,-501,130,-164,0
3470.4832639694214,10668,5620,10512,-178,-63,96,10008,-8824,8952,-49,105,-208,-14712,3576,3732,-1032,97,-51,-14692,-3216,5316,-469,177,-128,0
3470.5186989307404,10640,5488,10408,-135,-31,90,10064,-8656,8908,14,102,-126,-14776,3580,3972,-1053,85,-81,-14860,-3076,5384,-466,164,-100,0
3470.553946018219,10720,5580,10540,-167,-51,99,10108,-8780,8848,-22,172,-186,-14768,3748,3640,-962,42,-50,-14756,-3344,5420,-475,138,-115,0
3470.589775085449,10728,5400,10636,-207,-53,94,10080,-8764,8768,-75,163,-185,-14724,3564,3696,-921,49,-85,-14880,-3280,5428,-469,129,-115,0
3470.6249129772186,10668,5388,10560,-134,-69,92,10068,-8872,8804,-57,176,-147,-14736,3632,3624,-976,39,-52,-14716,-3256,5504,-478,178,-135,0
3470.660728931427,10560,5500,10520,-200,-59,149,10008,-8724,8836,3,160,-166,-14652,3596,3592,-1001,128,-35,-14744,-3180,5504,-484,162,-74,0
3470.6969599723816,10628,5448,10628,-150,-97,104,10108,-8944,8864,-75,158,-191,-14744,3616,3828,-973,126,-77,-14620,-3156,5424,-463,188,-127,0
3470.7304730415344,10672,5356,10380,-194,-75,98,10148,-8804,8820,-26,175,-180,-14660,3608,3820,-997,108,-135,-15084,-3084,5524,-469,184,-118,0
3470.7638211250305,10748,5344,10784,-183,-98,92,10116,-8764,8804,254,140,-175,-15096,3424,3724,-1007,84,-127,-14896,-3312,5468,-479,201,-114,0
3470.797388076782,10640,5492,10776,-163,-84,109,10172,-8716,9004,-13,152,-172,-14732,3780,4048,-997,74,-69,-14848,-3296,5452,-495,157,-118,0
3470.8309640884404,10648,5676,10484,-176,-74,94,10064,-8960,8792,-45,285,-157,-14648,3620,3736,-974,103,-43,-14708,-3240,5356,-464,181,-107,0
3470.8642709255214,10700,5440,10548,-173,-100,99,10036,-8728,8724,-42,143,-199,-14672,3624,3748,-1010,146,-89,-14792,-3284,5208,-470,166,-100,0
3470.89758515358,10720,5508,10640,-164,-83,106,10068,-8736,8860,-13,102,-215,-14768,3668,3752,-1054,97,-76,-14780,-3284,5360,-475,155,-130,0
3470.9312191009526,10720,5440,10564,-173,-72,61,10136,-8928,8788,3,142,-179,-14628,3688,3784,-1018,90,-52,-15096,-3284,5388,-468,130,-150,0
3470.9644310474396,10672,5488,10468,-163,-69,71,10080,-8820,8920,-36,127,-167,-14788,3608,3772,-995,90,-67,-14784,-3180,5352,-504,128,-140,0
3470.997931957245,10652,5496,10636,-168,-74,94,10040,-8728,8824,-4,141,-186,-14644,3728,3744,-773,152,-122,-14748,-3288,5408,-481,173,-108,0
3471.0314331054688,10596,5496,10524,-207,-76,131,9988,-8756,8808,-3,101,-177,-14700,3692,4028,-1277,175,-85,-14756,-3548,5356,-482,170,-74,0
3471.0644619464874,10676,5576,10716,-158,-117,127,10100,-8672,8768,-92,104,-192,-14816,3660,3680,-1017,111,-75,-15100,-3288,5628,-767,111,-116,0
3471.098209142685,10496,5528,10356,-216,-55,108,10116,-8708,9048,10,176,-138,-14648,3480,3776,-999,106,-42,-14784,-3312,5384,-474,83,-133,0
3471.1317050457005,10608,5488,10688,-149,247,89,10080,-8736,8912,-92,151,-162,-14716,3524,3584,-1007,132,-79,-14792,-3292,5440,-509,96,-142,0
3471.164962053299,10920,5464,10648,-156,-74,68,10148,-8820,8872,-65,133,-227,-14768,3656,3584,-1010,42,-95,-14788,-3236,5328,-522,121,-147,0
3471.198557138443,10696,5384,10736,-161,-43,72,10088,-8792,8908,7,79,-177,-14656,3680,3588,-999,126,-65,-14816,-3196,5384,-497,163,-141,0
3471.2320950031285,10680,5496,10508,-130,-75,122,10188,-8680,8728,-22,109,-165,-14720,3536,3632,-1062,143,-58,-14736,-3288,5520,-488,113,-114,0
3471.265314102173,10688,5416,10336,-141,-23,92,10092,-8744,8856,-21,157,-195,-14744,3788,3644,-1269,95,-76,-14844,-3280,5324,-482,108,-159,0
3471.2989389896393,10524,5496,10628,-155,-69,78,10016,-8764,8868,-62,163,-148,-14708,3636,3732,-1005,97,-75,-14792,-3260,5448,-493,169,-159,0
3471.332437038421,10596,5508,10560,-179,-90,108,10112,-8768,8852,-61,157,-138,-14656,3708,3828,-1035,103,-80,-14796,-3252,5460,-496,131,-111,0
3471.3659770488734,10656,5524,10544,-148,-34,117,10132,-8804,8816,-42,106,-165,-14700,3576,3844,-1014,139,-77,-14712,-3324,5424,-503,137,-111,0
3471.3993079662323,10556,5492,10604,-132,-106,92,10168,-8732,8708,-35,115,-216,-14624,3584,3884,-992,85,-85,-14736,-3352,5408,-468,184,-130,0
3471.432868003845,10612,5412,10704,-185,-92,92,10184,-8748,8816,-41,128,-203,-14744,3600,3724,-991,75,-120,-14804,-3096,5184,-506,155,-157,0
3471.4664430618286,10668,5532,10580,-134,-84,67,10172,-8748,8828,0,186,-157,-14732,3596,3712,-990,73,-121,-14768,-3220,5284,-497,141,-145,0
3471.5000760555267,10672,5456,10504,-170,-43,115,10128,-8644,8884,-14,138,-169,-14420,3668,3800,-1007,96,-78,-14716,-3352,5380,-484,182,-120,0
3471.533445119858,10616,5448,10632,-167,-100,122,10060,-8480,8828,-56,129,-210,-14776,3652,3812,-964,77,-100,-15000,-3308,5268,-478,193,-127,0
3471.5671360492706,10612,5440,10596,-153,-109,107,10108,-8676,8940,-60,119,-178,-14768,3672,3704,-973,96,-114,-14772,-3260,5324,-475,164,-119,0
3471.60054397583,10696,5496,10492,-174,-94,129,10192,-8804,8904,-20,152,-183,-14804,3564,3588,-1008,105,-140,-14652,-3272,5452,-461,176,-118,0
3471.6338250637054,10712,5528,10504,-159,-107,105,10080,-8812,8708,-28,135,-181,-14712,3372,3948,-990,85,-96,-14908,-3412,5404,-469,168,-124,0
3471.6673879623413,10660,5444,10644,-152,-120,94,10036,-8808,8984,-51,122,-211,-14768,3668,3712,-984,99,-88,-14924,-3372,5332,-499,164,-153,0
3471.7005641460414,10680,5580,10660,-78,-90,81,10048,-8776,8772,-48,146,-213,-14788,3828,3664,-966,120,-41,-14812,-3280,5260,-494,140,-133,0
3471.738704919815,10552,5432,10240,-100,-98,95,10132,-8776,8700,-21,128,-210,-14820,3796,3832,-1001,95,-107,-14880,-3332,5348,-488,145,-168,0
3471.7737810611725,10772,5552,10696,-120,-75,94,10036,-8748,8712,-29,133,-178,-14736,3584,3764,-1044,84,-39,-14716,-3300,5608,-494,120,-163,0
3471.809205055237,10592,5444,10576,-198,-33,103,9776,-8792,8488,-19,106,-166,-14664,3552,3732,-1009,140,-81,-14748,-3292,5256,-496,124,-80,0
3471.8449180126186,10680,5496,10560,-150,-92,133,10164,-8736,8968,-49,140,-158,-14788,3516,3884,-1034,112,-48,-14620,-3268,5572,-447,135,-108,0
3471.8804841041565,10592,5500,10432,-248,-56,96,10068,-8760,8764,20,162,-180,-14740,3624,3832,-987,94,-114,-14780,-3264,5388,-474,103,-111,0
3471.9156069755554,10672,5520,10472,-236,-28,105,9920,-8952,8780,67,151,-134,-14636,3584,3800,-1046,88,-38,-14844,-3192,5440,-493,118,-99,0
3471.9513161182404,10664,5576,10652,-243,-237,123,10228,-8560,8820,-46,176,-138,-14824,3676,3692,-980,16,-71,-14852,-3296,5480,-506,75,-91,0
3471.9873919487004,10700,5532,10684,-290,-57,105,10188,-8804,8928,-1,151,-199,-14776,3640,4068,-937,91,-113,-14836,-3252,5512,-460,111,-57,0
3472.0225241184235,10644,5476,10748,-383,-171,163,10116,-8820,8844,40,89,-217,-14604,3700,3732,-930,149,-119,-14584,-3128,5388,-558,194,-14,0
3472.0587899684906,10612,5424,10556,-275,-329,277,9916,-8812,8820,-102,45,-227,-14660,3720,3748,-911,228,-138,-14668,-3228,5352,-565,188,28,0
3472.0943579673767,10512,5468,10676,-277,-312,319,9728,-8724,8740,-114,-15,-235,-14660,3656,3664,-962,6,-166,-14680,-3232,5456,-525,1,59,0
3472.1296210289006,10664,5432,10732,-271,-283,296,10048,-8776,8932,-74,13,-248,-14744,3580,3720,-1010,279,-216,-14692,-3200,5384,-502,300,17,0
3472.1647119522095,10524,5216,10616,-179,-231,288,10040,-8648,8860,-73,66,-257,-14716,3732,3760,-1084,307,-214,-14648,-3300,5392,-431,315,1,0
3472.2006480693817,10684,5364,10628,-392,-161,204,9956,-8660,8948,119,144,-271,-14836,3620,3788,-1085,219,-167,-14800,-3228,5180,-551,276,-37,0
3472.2362401485443,10840,5488,10448,-122,-117,162,10044,-8624,8836,-48,22,-510,-14816,3460,3356,-1045,255,-148,-14616,-3252,5324,-448,232,-79,0
3472.2723929882054,10760,5356,10580,-216,-124,130,10268,-8648,8672,-38,122,-214,-14700,3480,3708,-773,180,-113,-14784,-3292,5208,-454,170,-136,0
3472.307699918747,10792,5400,10312,-108,-48,50,10212,-8456,8880,-32,207,-151,-14776,3512,3672,-1041,71,-78,-14956,-3312,5192,-422,120,-154,0
3472.343696117401,10864,5460,10392,-205,125,35,10296,-8564,8940,48,178,-138,-15044,3596,3636,-1025,104,-54,-14968,-3200,5304,-407,97,-109,0
3472.379760980606,10780,5432,10724,-236,88,89,10452,-8716,9092,-5,120,-135,-14884,3588,3648,-1016,106,-76,-14764,-3280,5376,-455,134,-106,0
3472.412981033325,10696,5476,10664,-166,-15,99,10136,-8736,8724,-37,100,-196,-14836,3732,3688,-1001,87,-89,-14860,-3180,5488,-493,138,-106,0
3472.446622133255,10708,5392,10760,-68,-59,121,10084,-8760,8948,-82,130,-154,-14640,3620,3844,-959,64,250,-14732,-3208,5516,-499,118,-91,0
3472.4802219867706,10532,5340,10732,-100,-48,133,10008,-8900,8660,-102,153,-103,-14676,3604,3592,-989,21,-25,-14596,-3248,5440,-498,99,-94,0
3472.5138421058655,10752,5384,10664,-205,-26,135,10160,-8644,8780,-62,184,-101,-14720,3688,3740,-992,62,-56,-14840,-3308,5500,-465,58,-100,0
3472.5475211143494,10792,5456,10432,-162,56,94,10076,-8740,8828,-109,155,-109,-14720,3600,3620,-981,56,-70,-14828,-3296,5308,-456,118,-115,0
3472.5810689926147,10620,5620,10640,-201,-35,61,10140,-8700,8944,-64,172,-186,-14656,3624,3508,-949,83,-110,-14744,-3216,5356,-489,220,-113,0
3472.6147990226746,10684,5388,10448,-186,-75,113,10096,-8716,8740,-25,103,-222,-14644,3684,3348,-1001,164,-119,-14772,-3324,5404,-452,244,-33,0
3472.652866125107,10500,5328,10628,-186,-154,144,10172,-8656,8888,-17,124,-229,-14808,3704,3748,-1001,117,-82,-14884,-3236,5204,-427,252,-72,0
3472.687116146088,10664,5600,10716,-210,-106,87,10148,-8760,8932,-55,156,-222,-14828,3700,3680,-975,61,-118,-14904,-3244,5428,-498,156,-155,0
3472.720579147339,10672,5416,10560,-168,-14,58,10144,-8692,8832,-56,215,-179,-14740,3644,3688,-1006,31,-83,-14896,-3248,5288,-470,128,-145,0
3472.7538471221924,10804,5448,10628,-217,21,92,10180,-8604,8960,57,202,-149,-14664,3552,3688,-1042,28,-74,-14860,-3192,5380,-511,118,-142,0
3472.7874450683594,10716,5452,10556,-177,249,103,10136,-8608,8828,-36,171,-173,-14656,3628,3848,-1005,60,-67,-14772,-3244,5192,-475,128,-141,0
3472.821038007736,10656,5416,10264,-224,-79,86,10076,-8696,8976,-29,147,-188,-14732,3512,3732,-993,78,-57,-14732,-3316,5208,-469,156,-129,0
3472.854511976242,10624,5452,10476,-208,-82,98,10020,-8708,8740,-26,150,-192,-14636,3388,3720,-1023,88,-134,-14800,-3188,5356,-473,161,-82,0
3472.8879349231725,10356,5452,10656,-183,-129,135,9972,-8728,9024,-12,110,-196,-14740,3616,3724,-1047,157,-114,-14648,-3164,5616,-475,139,-87,0
3472.9213919639587,10644,5436,10736,-188,-79,104,10020,-8688,8764,-60,115,-204,-14712,3612,3676,-1035,102,-50,-14788,-3196,5444,-489,165,-86,0
3472.9546020030975,10652,5332,10508,-167,-117,116,10128,-8960,8788,-65,106,-177,-14684,3792,3736,-1021,120,-80,-15092,-3248,5364,-481,110,-119,0
3472.9882810115814,10716,5508,10280,-162,-26,87,10116,-8712,9064,-96,119,-189,-14744,3664,3688,-1006,116,-87,-14820,-3228,5416,-538,108,-107,0
3473.0218410491943,10688,5424,10724,-167,-78,133,10060,-8760,8692,-32,91,-166,-14756,3576,3796,-1049,142,-129,-14764,-3136,5304,-493,139,-112,0
3473.0555970668793,10716,5396,10516,-144,-34,126,10092,-8692,8720,-61,115,-196,-14724,3748,3600,-970,142,-124,-14776,-3156,5256,-484,144,-107,0
3473.089196920395,10656,5396,10580,-164,-128,96,10144,-8696,8836,-42,150,-229,-14620,3712,3752,-772,138,-116,-14928,-3280,5192,-487,128,-121,0
3473.122792005539,10848,5400,10520,-176,-67,93,10196,-8680,8868,13,177,-153,-14932,3644,3592,-1064,62,-88,-14852,-3216,5336,-499,129,-135,0
3473.1561980247498,11000,5476,10612,-185,-25,79,10136,-8668,8896,-39,173,-146,-14800,3552,3808,-1028,59,-70,-14776,-3148,5336,-475,109,-124,0
3473.1900169849396,10516,5416,10444,-209,-27,69,10172,-8712,8708,-69,173,-181,-14776,3636,3836,-997,70,-85,-14844,-3236,5256,-499,87,-181,0
3473.2234411239624,10732,5460,10284,-209,-24,50,10132,-8780,8916,-46,162,-186,-14716,3724,3612,-999,7,-78,-14696,-3208,5548,-502,103,-188,0
3473.256838083267,10688,5188,10624,-173,-80,57,9964,-8664,8972,-45,183,-198,-14752,3588,3716,-998,91,-52,-14760,-3272,5288,-257,118,-149,0
3473.2903571128845,10524,5488,10528,-142,-65,63,10024,-8696,8844,-33,163,-211,-14728,3632,3756,-997,67,-80,-14780,-3284,5220,-493,153,-131,0
3473.3240070343018,10996,5444,10564,-173,-36,72,10120,-8792,8880,-33,160,-195,-14684,3652,3704,-1005,105,-103,-14836,-3248,5296,-471,153,-133,0
3473.357463121414,10544,5376,10604,-188,-93,124,10072,-8692,9032,-35,157,-163,-14488,3592,3736,-1036,150,-89,-14792,-3304,5476,-466,158,-81,0
3473.3933041095734,10676,5504,10652,-199,-71,156,10024,-8656,8956,-57,89,-178,-14748,3596,3768,-994,149,-88,-15068,-3120,5508,-471,133,-81,0
3473.4291529655457,10692,5408,10512,-177,-94,161,10040,-8696,8896,-90,110,-169,-14668,3604,3684,-973,125,-73,-14696,-3136,5348,-505,140,-94,0
3473.4641070365906,10688,5560,10448,-155,-88,143,10024,-8832,8828,-58,83,-178,-14736,3728,3968,-992,97,-88,-14856,-3328,5376,-508,147,-83,0
3473.499908924103,10684,5444,10572,-160,-98,152,10104,-8916,8776,-41,107,-183,-14808,3632,3328,-988,84,-68,-14868,-3208,5240,-263,115,-120,0
3473.534882068634,10976,5368,10552,-146,-85,90,10156,-8568,8936,-16,142,-167,-14736,3656,3572,-1009,81,-73,-14800,-3328,5324,-474,161,-126,0
3473.5707659721375,10736,5176,10552,-166,-37,104,10156,-8824,8816,18,159,-184,-14624,3700,3820,-1013,51,-64,-14828,-3312,5140,-434,189,-121,0
3473.6058459281926,10608,5620,10376,-180,-88,89,10092,-8720,8824,48,176,-199,-14784,3608,3508,-988,56,-119,-15040,-3248,5512,-439,167,-147,0
3473.641252040863,10732,5456,10676,-177,-88,74,10172,-8848,8868,22,213,-206,-14748,3620,3820,-983,44,-91,-14772,-3192,5296,-434,175,-165,0
3473.6771271228786,10676,5512,10468,-220,-121,40,9992,-8684,8848,12,236,-214,-14688,3724,3840,-974,54,-151,-14784,-3336,5524,-438,231,-152,0
3473.7122869491577,10656,5476,10616,-183,-115,60,10092,-8776,8872,-44,161,-232,-15044,3688,3400,-953,65,-118,-14824,-3436,5484,-478,194,-127,0
3473.748136997223,10532,5132,10460,-201,-115,94,10076,-8744,8696,-36,169,-207,-14812,3716,4060,-968,69,-97,-15076,-3304,5256,-486,183,-144,0
3473.7837200164795,10648,5140,10704,-201,-118,98,10100,-8724,8928,-4,191,-177,-14684,3536,4028,-1009,75,-129,-14624,-3308,5328,-473,187,-142,0
3473.819911956787,10568,5604,10476,-186,-52,109,10088,-8636,8972,-32,155,-161,-14752,3604,4000,-972,91,-74,-14908,-3424,5232,-492,106,-98,0
3473.854921102524,10744,5424,10724,-217,-81,120,10164,-8624,8920,-61,86,-194,-14776,3636,3740,-1015,84,-44,-14772,-3320,5196,-524,126,-134,0
3473.8907549381256,10508,5544,10628,-107,-72,142,10096,-8512,8716,-39,76,-141,-14868,3560,3624,-1035,114,-56,-14824,-3300,5348,-510,115,-130,0
3473.92594909668,10752,5416,10504,-70,-41,96,10204,-8624,8776,-58,170,-145,-14664,3492,3752,-1007,89,-71,-14880,-3172,5312,-469,86,-148,0
3473.961802959442,10712,5408,10392,-223,35,102,9908,-8736,8708,61,99,-182,-14708,3656,3612,-1045,124,-61,-14792,-3192,5396,-452,88,-107,0
3473.9977200031285,10668,5576,10524,-150,243,147,10104,-8836,8876,-41,88,-145,-14876,3776,3648,-1055,81,3,-14960,-3296,5444,-508,60,-154,0
3474.0342991352086,10752,5496,10612,-203,-22,76,10200,-8848,9056,-25,190,-139,-14744,3896,3600,-988,51,-40,-14816,-3308,5708,-465,64,-146,0
3474.0681200027466,10592,5572,10508,-143,-18,71,10000,-8816,8904,-68,174,-165,-14612,3692,3680,-1021,93,-108,-14816,-3224,5384,-521,145,-144,0
3474.101683139801,10652,5432,10700,-179,-43,106,10064,-8872,8704,-30,128,-205,-14636,3704,3468,-1041,144,-97,-14788,-3184,5416,-483,120,-127,0
3474.134989023208,10496,5396,10612,-153,-68,108,10092,-8736,8840,-32,126,-207,-14748,3340,3904,-1038,116,-90,-14760,-3220,5396,-489,150,-111,0
3474.168627023697,10660,5528,10596,-153,-121,96,10128,-8736,8956,-34,166,-214,-14724,3632,3852,-1004,123,-109,-14840,-3252,5492,-473,195,-141,0
3474.2019789218903,10680,5472,10688,-208,-100,104,10132,-8716,8888,-18,118,-215,-14696,3588,3600,-1006,145,-125,-14820,-3180,5344,-532,201,-133,0
3474.235734939575,10704,5472,10536,-170,-143,103,10136,-8512,8932,-4,83,-207,-14776,3460,3700,-769,135,-137,-14756,-3292,5124,-505,163,-123,0
3474.2691740989685,10668,5448,10472,-197,-106,118,10136,-8624,8864,-20,126,-190,-14820,3828,3800,-781,105,-80,-14844,-3508,5320,-477,133,-140,0
3474.3026480674744,10644,5520,10408,-183,-83,109,10180,-8660,8940,-9,142,-183,-14792,3596,3592,-1012,103,-108,-14752,-3232,5412,-493,134,-151,0
3474.3361070156097,10636,5500,10576,-204,-80,106,10204,-8460,8876,-13,143,-184,-14720,3568,3804,-990,110,-99,-15076,-3100,5212,-493,145,-130,0
3474.3697681427,10664,5416,10580,-174,-69,98,10020,-8476,8892,-31,138,-192,-14740,3572,3684,-1016,119,-119,-15036,-3564,5360,-486,125,-128,0
3474.40318107605,10708,5472,10456,-175,-47,114,10068,-8752,8896,-12,108,-153,-14716,3648,3656,-976,102,-50,-14836,-3568,5568,-504,123,-114,0
3474.4361550807953,10692,5400,10532,-169,-61,105,10228,-8724,8920,-39,122,-155,-14784,3824,3772,-1019,119,-57,-14808,-3280,5132,-471,119,-120,0
3474.469803094864,10668,5464,10668,-199,-42,99,10164,-8688,8748,-27,156,-172,-14656,3644,3732,-994,140,-135,-14696,-3272,5604,-474,130,-109,0
3474.5033349990845,10768,5576,10704,-125,-63,125,10092,-8684,8820,-74,118,-189,-14788,3708,3636,-1019,87,-98,-14908,-3076,5572,-488,139,-155,0
3474.536922931671,10668,5400,10616,-146,-12,84,10252,-8756,8920,-91,139,-149,-14760,3580,3620,-1043,42,-48,-14784,-3280,5308,-502,50,-203,0
3474.570554971695,10496,5380,10604,-116,39,27,10068,-8684,9000,-86,219,-100,-14632,3540,3704,-1270,248,-25,-14732,-3360,5368,-481,81,-211,0
3474.6041779518127,10704,5460,10488,-128,89,17,10144,-8672,8868,-56,186,-122,-14800,3356,3808,-1011,6,-40,-14824,-3336,5212,-466,91,-196,0
3474.6373069286346,10712,5508,10536,-146,81,1,10104,-8772,8856,16,168,-171,-14644,3660,3648,-1008,59,-93,-14804,-3280,5332,-456,132,-168,0
3474.6706359386444,10652,5468,10748,-113,55,52,10072,-8736,8864,24,146,-160,-14784,3684,3776,-1040,75,-79,-14840,-3244,5352,-472,143,-159,0
3474.7041270732884,10720,5488,10668,-137,42,73,10160,-8712,8872,-26,166,-136,-14800,3676,4052,-1277,-245,-244,-14892,-3264,5404,-491,108,-181,0
3474.7376511096954,10556,5488,10724,-119,38,57,10096,-8472,8884,-42,167,-152,-14684,3644,3696,-982,40,-53,-14780,-3296,5472,-469,102,-148,0
3474.7713339328766,10576,5512,10608,-84,-34,55,10108,-8844,8928,-59,139,-142,-14736,3656,3972,-973,21,-61,-15076,-3272,5436,-474,100,-168,0
3474.8048429489136,10644,5548,10564,-119,9,72,10032,-8848,8896,-29,180,-143,-14684,3668,3832,-1004,32,-63,-14596,-3080,5344,-477,142,-150,0
3474.8382580280304,10516,5476,10592,-76,24,62,10208,-8752,8848,-47,164,-159,-14624,3644,3724,-1011,66,-59,-14756,-3300,5472,-478,151,-145,0
3474.8718740940094,10564,5520,10748,-168,-31,104,10136,-8752,8884,-21,145,-151,-14844,3672,3704,-1009,107,-73,-14724,-3252,5432,-451,186,-108,0
3474.905256032944,10548,5592,10676,-156,-41,103,10088,-8752,8852,-27,133,-174,-14676,3748,3780,-1049,155,-111,-14780,-3340,5476,-445,165,-109,0
3474.9387590885162,10584,5592,10676,-173,-45,127,10144,-8820,8888,26,109,-166,-14688,3648,4072,-1043,132,-108,-14712,-3272,5404,-455,183,-108,0
3474.9723329544067,10620,5564,10496,-203,-56,103,10092,-8756,8916,-3,138,-195,-14704,3644,3840,-1022,101,-101,-14796,-3328,5396,-468,161,-118,0
3475.0058181285854,10556,5540,10652,-244,-66,97,10124,-8808,9124,18,188,-184,-14676,3604,3940,-990,88,-97,-14800,-3368,5392,-451,163,-58,0
3475.0393819808965,10676,5568,10652,-256,-69,127,10028,-8752,8952,-41,165,-231,-14776,3624,3828,-973,111,-106,-14820,-3344,5428,-474,171,-93,0
3475.075516939163,10532,5528,10564,-226,-120,133,10128,-8932,8980,-62,152,-222,-14716,3616,3844,-938,104,-116,-14800,-3380,5208,-511,173,-110,0
3475.111195087433,10612,5516,10648,-239,-132,128,10056,-8464,8920,-63,146,-219,-14584,3648,3836,-942,82,-129,-14696,-3220,5460,-474,175,-88,0
3475.146050930023,10712,5528,10824,-282,-111,163,10000,-8488,8828,-52,137,-202,-14772,3668,4092,-986,137,-114,-14828,-3268,5452,-434,153,-51,0
3475.1818759441376,10644,5432,10920,-283,-130,159,10076,-8760,8908,-25,123,-188,-14700,3612,3780,-987,147,-78,-14640,-3144,5540,-428,176,-33,0
3475.2174389362335,10732,5508,10668,-354,-154,161,10224,-8784,8952,-10,121,-192,-14768,3600,3764,-1010,143,-153,-14776,-3224,5488,-462,209,-40,0
3475.2532961368565,10644,5456,10648,-272,-129,174,10160,-8864,8728,-12,114,-219,-14776,3540,3784,-781,151,-137,-15040,-3276,5408,-480,212,-48,0
3475.2882850170135,10740,5408,10564,-270,-189,145,10164,-8740,9144,-22,159,-250,-14780,3680,3628,-978,134,-187,-14696,-3360,5324,-460,186,-80,0
3475.324541091919,10672,5492,10428,-295,-185,143,9796,-8484,8760,-252,130,-256,-14712,3332,3764,-778,119,-146,-14800,-3284,5360,-488,199,-91,0
3475.3599569797516,10508,5208,10572,-259,-143,146,10124,-8728,8848,250,180,-188,-14728,3540,4040,-1016,83,-121,-14852,-3320,5436,-458,145,-126,0
3475.394907951355,10640,5468,10660,-301,-141,98,10136,-8624,9192,1,144,-209,-14712,3548,3932,-971,70,-71,-14880,-3080,5128,-467,148,-89,0
3475.430715084076,10612,5532,10244,-263,-149,120,10024,-8696,9052,-10,104,-243,-14600,3636,3820,-1020,121,-125,-14712,-3268,5620,-475,154,-77,0
3475.465984106064,10608,5440,10580,-308,-184,159,10076,-8940,8944,31,88,-203,-14620,3560,3628,-1041,183,-146,-14688,-3212,5312,-470,172,-64,0
3475.5018939971924,10720,5296,10584,-225,-220,182,10096,-8916,8732,-5,81,-225,-14696,3536,3776,-1276,169,-139,-14756,-3312,5408,-496,181,-72,0
3475.53799200058,10496,5620,10656,-266,-187,151,10096,-8772,9020,-11,80,-231,-14664,3648,3800,-987,158,-136,-14752,-3280,5288,-495,156,-52,0
3475.573306083679,10688,5136,10416,-227,-148,148,10116,-8700,8948,-21,76,-218,-14780,3512,3656,-1280,172,-116,-14708,-3336,5440,-259,172,-47,0
3475.609164953232,10612,5468,10448,-241,-188,170,10148,-8628,8952,255,103,-204,-14644,3548,3748,-1024,169,-116,-14828,-3304,5232,-484,173,-78,0
3475.643940925598,10740,5524,10644,-231,-169,150,10136,-8764,8912,-33,89,-209,-14708,3560,3696,-998,162,-110,-15048,-3540,5136,-498,153,-65,0
3475.6798260211945,10740,5624,10524,-221,-191,148,10164,-8644,8720,-48,77,-210,-14740,3824,3656,-1015,160,-130,-14800,-3304,5188,-502,154,-63,0
3475.7151730060577,10976,5444,10284,-224,-145,167,10140,-8680,9116,-18,111,-192,-14776,3596,3808,-1005,117,-141,-14824,-3192,5124,-480,162,-95,0
3475.7506840229034,10748,5376,10576,-192,-109,156,10136,-8476,8804,-8,88,-205,-14816,3572,3784,-1003,113,-107,-14864,-3304,5436,-500,146,-142,0
3475.7843680381775,10720,5416,10548,-194,-122,129,10080,-8648,8836,250,129,-197,-14700,3672,3772,-984,119,-102,-14736,-3496,5596,-516,174,-115,0
3475.817920923233,10716,5364,10400,-124,-35,100,10204,-8632,8868,-86,134,-177,-14804,3364,3640,-772,117,-109,-14908,-3260,5380,-482,103,-125,0
3475.851526975632,10704,5336,10392,-135,-28,102,10188,-8612,8824,-6,137,-167,-14780,3584,3756,-1061,71,-114,-14792,-3188,5216,-514,135,-178,0
3475.88500714302,10720,5368,10300,-127,22,69,10120,-8584,8864,-18,162,-138,-14684,3788,3732,-1037,71,-81,-14836,-3248,5352,-478,113,-156,0
3475.918666124344,10672,5428,10564,-132,58,43,10136,-8932,8840,-61,164,-153,-14688,3520,3920,-1034,76,-36,-14888,-3292,5308,-467,112,-170,0
3475.952013015747,10700,5428,10248,-107,-9,67,10084,-8752,8960,-16,160,-183,-14716,3596,3780,-1011,105,-55,-14792,-3240,5348,-481,137,-164,0
3475.985412120819,10712,5424,10556,-120,253,78,10088,-8700,8728,-34,147,-183,-14684,3604,4056,-992,100,-68,-14792,-3324,5316,-485,126,-125,0
3476.019108057022,10744,5472,10340,-125,3,79,9976,-8724,8940,-46,157,-165,-14792,3516,3628,-978,46,-89,-14816,-3276,5572,-449,116,-142,0
3476.0527379512787,10644,5440,10684,-119,38,58,10032,-8692,8840,-44,201,-142,-14744,3676,3660,-967,23,-31,-14824,-3260,5316,-506,85,-120,0
3476.086369037628,10728,5472,10476,-118,49,58,10060,-8452,8980,-76,182,-136,-14792,3636,3648,-993,21,-23,-14704,-3240,5604,-511,94,-187,0
3476.119537115097,10704,5124,10268,-134,36,45,10152,-8620,8880,-34,178,-175,-14768,3584,3692,-992,55,-74,-14688,-3232,5244,-467,98,-139,0
3476.1528100967407,10640,5452,10740,-109,31,79,10104,-8688,8900,-44,133,-146,-14728,3596,3464,-1008,65,-93,-14716,-3272,5388,-479,110,-140,0
3476.1860530376434,10700,5160,10696,-108,-48,74,10188,-8688,8976,-48,154,-180,-14736,3676,3900,-985,83,-64,-14764,-3276,5388,-475,137,-159,0
3476.2200059890747,10584,5536,10612,-95,7,56,10112,-8884,8948,-35,130,-163,-14704,3588,3616,-1012,84,-67,-14736,-3252,5420,-477,132,-150,0
3476.2537519931793,10704,5424,10664,-80,-255,72,10132,-8944,8732,-42,166,-159,-14752,3776,3732,-983,64,-59,-14680,-3264,5472,-502,146,-132,0
3476.2873990535736,10636,5440,10572,-109,30,80,10048,-8672,8812,-23,174,-136,-14728,3596,3764,-1002,80,-49,-14604,-3276,5376,-461,115,-141,0
3476.320708990097,10592,5484,10592,-147,5,95,10020,-8784,9028,-64,140,-155,-14752,3664,3764,-1007,69,-101,-14748,-3100,5596,-461,129,-133,0
3476.3540201187134,10656,5528,10708,-94,4,52,10208,-8708,8824,-99,167,-186,-14636,3676,3672,-985,53,-46,-15080,-3192,5328,-506,101,-189,0
3476.387563943863,10680,5500,10636,-112,-18,87,10140,-8604,8788,-18,163,-152,-14672,3640,3684,-1029,99,-44,-14764,-3136,5388,-490,132,-160,0
3476.421024084091,10572,5412,10592,-89,-2,87,10108,-8740,8984,-23,147,-184,-14692,3668,3684,-1000,95,-52,-14776,-3080,5428,-478,163,-172,0
3476.454280138016,10648,5440,10424,-91,-64,81,9980,-8472,8900,-54,182,-177,-14768,3680,3796,-1011,82,-107,-14832,-3240,5412,-496,124,-156,0
3476.487494945526,10620,5268,10348,-130,-66,104,10096,-8760,8892,-51,138,-134,-14744,3560,3664,-1010,73,-38,-14908,-3308,5344,-471,78,-131,0
3476.5207090377808,10692,5508,10724,-138,-38,104,10104,-8716,8912,-40,127,-142,-14728,3612,4072,-1076,111,-54,-14840,-3292,5468,-482,91,-149,0
3476.554044008255,10592,5488,10572,-127,-39,90,10112,-8760,8936,-52,113,-172,-14728,3640,3896,-1010,112,-82,-14772,-3252,5520,-496,101,-153,0
3476.587772130966,10620,5120,10300,-128,-24,91,10040,-8716,8988,-35,120,-185,-14728,3620,3880,-1002,84,-115,-14788,-3524,5420,-505,96,-174,0
3476.6212849617004,10540,5516,10676,-121,-25,55,10116,-8792,8816,-54,137,-154,-14768,3596,3840,-1016,93,-59,-14692,-3344,5396,-511,109,-185,0
3476.6542360782623,10716,5532,10600,-114,-55,79,10080,-8640,8848,-34,117,-182,-14624,3608,3768,-994,121,-60,-14804,-3300,5444,-263,130,-143,0
3476.6911840438843,10584,5536,10508,-151,-57,79,10228,-8612,8904,-62,139,-202,-14604,3640,3756,-1012,72,-78,-14848,-3236,5524,-511,118,-188,0
3476.7245020866394,10620,5532,10616,-99,-40,79,10100,-8684,8876,-38,135,-178,-14712,3696,3744,-1055,104,-105,-14880,-3316,5428,-495,115,-145,0
3476.760797023773,10740,5588,10272,-158,-42,94,10092,-8680,8748,5,119,-170,-14696,3624,3756,-1051,133,-82,-14804,-3380,5392,-484,172,-136,0
3476.79603099823,10604,5536,10464,-164,-63,107,10064,-8648,8924,-35,131,-188,-14704,3600,3712,-1020,98,-72,-14784,-3100,5312,-487,153,-114,0
3476.831743955612,10592,5512,10712,-199,-46,96,10020,-8728,8856,-34,180,-182,-14660,3584,3524,-997,76,-52,-14724,-3088,5160,-464,125,-120,0
3476.8677639961243,10520,5616,10596,-214,-30,83,9804,-8520,8972,6,158,-180,-14664,3648,3780,-997,94,-104,-14740,-3428,5408,-476,149,-74,0
3476.9023530483246,10712,5528,10576,-207,-61,128,10092,-8944,8756,-12,150,-188,-14848,3664,3868,-982,124,-116,-14792,-3336,5320,-474,156,-119,0
3476.937968969345,10580,5560,10680,-235,-91,126,10064,-8872,8784,-45,106,-198,-14648,3712,3996,-1000,100,-173,-14784,-3300,5612,-481,195,-33,0
3476.9733130931854,10592,5564,10656,-264,-133,175,10120,-8788,8896,-77,115,-236,-14600,3704,3744,-950,92,-114,-14796,-3392,5456,-480,173,-41,0
3477.009339094162,10636,5468,10528,-226,-159,125,10212,-8724,8840,-86,145,-220,-14400,3580,3704,-931,46,-126,-14764,-3328,5428,-499,154,-78,0
3477.0443811416626,10664,5412,10676,-1,-123,115,10068,-8516,8868,-83,162,-210,-14772,3616,3644,-953,77,-88,-14840,-3240,5148,-466,188,-60,0
3477.079577922821,10688,5460,10272,-287,-111,126,9928,-8508,8796,-55,165,-199,-14716,3612,3748,-970,109,-150,-14792,-3312,5300,-452,177,-82,0
3477.114742040634,10728,5512,10696,-280,-72,152,10100,-8728,8880,-26,157,-217,-14692,3328,3608,-994,103,-121,-14808,-3284,5328,-457,193,-70,0
3477.149891138077,10740,5500,10572,-284,-115,133,10036,-8640,8864,-4,140,-220,-14692,3628,3840,-973,127,-154,-14736,-3544,5512,-471,225,-46,0
3477.185343980789,10532,5516,10556,-273,-118,129,10152,-8588,8816,-39,111,-218,-14660,3328,3704,-989,171,-114,-15084,-3088,5388,-449,154,-74,0
3477.2209849357605,10616,5508,10560,-6,-130,140,10116,-8692,8832,14,131,-219,-14764,3608,3720,-1032,93,-154,-14768,-3256,5372,-476,186,-114,0
3477.2575070858,10584,5516,10712,-302,-152,146,10192,-8600,8944,22,163,-159,-14704,3580,3816,-1049,153,-116,-14840,-3296,5236,-476,132,-89,0
3477.292848110199,10744,5496,10668,-239,-56,117,10120,-8628,8952,-55,132,-228,-14688,3580,3740,-1014,107,-102,-14852,-3252,5236,-507,165,-130,0
3477.3277311325073,10624,5448,10668,-275,-129,133,10016,-8948,8924,-23,63,-250,-14692,3692,3688,-994,136,-133,-14820,-3220,5372,-491,178,-71,0
3477.3636081218724,10692,5404,10440,-224,-146,156,10144,-8732,8728,34,112,-194,-14744,3676,3776,-1020,153,-90,-14848,-3264,5560,-260,180,-73,0
3477.4008281230927,10568,5388,10592,-272,-147,168,10088,-8672,8780,-51,158,-168,-14644,3524,3776,-960,92,-103,-14800,-3416,5368,-466,103,-46,0
3477.4342820644374,10656,5400,10632,-247,-155,175,10104,-8760,8908,-48,101,-203,-14672,3648,3704,-935,130,-88,-14796,-3300,5316,-471,149,-47,0
3477.4678139686584,10716,5376,10584,-267,-187,176,10212,-8760,8888,-40,101,-214,-14672,3664,3616,-973,129,-100,-14800,-3228,5388,-494,225,-88,0
3477.501271009445,10660,5428,10496,-214,-182,162,10132,-8768,8536,-13,115,-239,-14700,3588,3640,-1015,125,-102,-14772,-3220,5480,-499,197,-71,0
3477.534898042679,10524,5420,10512,-203,-204,136,10036,-8700,8816,-20,88,-212,-14612,3804,4032,-992,120,-137,-14780,-3312,5316,-464,198,-105,0
3477.5681159496307,10688,5416,10496,-8,-147,125,10076,-8716,8916,26,153,-224,-14724,3592,3812,-769,90,-114,-14760,-3188,5392,-477,201,-125,0
3477.6017329692845,10724,5456,10596,-237,-145,130,10136,-8808,8812,-10,145,-218,-14708,3636,3824,-1012,99,-99,-14788,-3256,5288,-460,189,-87,0
3477.6353080272675,10700,5372,10708,-185,-137,122,10108,-8912,8868,-39,127,-202,-14736,3660,3940,-990,100,-110,-14608,-3304,5316,-484,182,-92,0
3477.6804499626164,10676,5384,10636,-209,-146,142,10124,-8612,8800,-50,120,-183,-14644,3556,3920,-999,124,-131,-14828,-3216,5396,-454,195,-93,0
3477.7143931388855,10576,5352,10532,-174,-95,119,10164,-8692,9124,-38,145,-202,-14692,3512,3804,-1012,91,-64,-14868,-3216,5132,-512,169,-133,0
3477.7482149600983,10720,5332,10580,-149,-56,91,10132,-8740,8960,-45,121,-194,-14744,3564,3528,-1021,81,-36,-14784,-3204,5316,-505,128,-130,0
3477.7817859649654,10980,5368,10568,-128,-252,70,10176,-8564,8740,15,151,-166,-14716,3604,3820,-1022,101,-64,-14912,-3224,5244,-494,124,-127,0
3477.8153710365295,10648,5452,10564,-183,-23,85,10136,-8612,8884,9,149,-142,-14672,3584,3664,-1029,128,-101,-15080,-3252,5236,-479,157,-128,0
3477.8488309383392,10656,5472,10568,-175,-16,86,10096,-8744,8768,-26,132,-173,-14828,3660,3668,-1060,100,-77,-14896,-3280,5408,-499,132,-155,0
3477.882233142853,10652,5380,10712,-180,-14,94,10140,-8648,8724,-47,135,-163,-14776,3496,3744,-1023,66,-26,-14780,-3216,5332,-464,163,-149,0
3477.9158360958095,10636,5508,10488,-155,-40,110,10036,-8644,9188,-22,153,-168,-14720,3360,3668,-1014,97,-44,-14796,-3312,5444,-501,118,-129,0
3477.9494800567627,10772,5528,10568,-118,-21,86,10096,-8704,8932,-76,144,-187,-14624,3572,3920,-999,73,-81,-14728,-3320,5296,-496,105,-137,0
3477.982828140259,10704,5384,10524,-149,4,78,10036,-8684,8868,-35,163,-162,-14728,3636,3680,-997,104,-56,-14884,-3216,5260,-498,116,-124,0
3478.0163509845734,10680,5444,10664,-95,44,101,10216,-8640,8804,-21,129,-155,-14728,3680,3804,-1025,96,-45,-14812,-3184,5600,-469,88,-111,0
3478.050001144409,10728,5380,10748,-130,9,81,10132,-8672,8792,-39,142,-125,-14816,3808,3824,-1028,84,-14,-14640,-3504,5172,-469,89,-150,0
3478.083694934845,10680,5212,10640,-123,-250,93,10092,-8460,8880,-47,140,-141,-14700,3652,3712,-993,109,-42,-14804,-3188,5232,-487,89,-139,0
3478.1173911094666,10644,5424,10488,-89,-7,82,10168,-8760,8820,-60,97,-170,-14708,3696,3804,-1043,104,-99,-14652,-3312,5284,-495,124,-142,0
3478.1506509780884,10612,5620,10640,-107,11,80,10120,-8692,8984,-15,107,-165,-14680,3616,3752,-1034,131,-92,-14688,-3276,5208,-509,141,-147,0
3478.1841881275177,10592,5484,10560,-86,19,52,10104,-8640,8920,-26,170,-153,-14720,3616,3832,-1038,103,-90,-14668,-3312,5404,-498,152,-141,0
3478.2176189422607,10612,5144,10584,-107,-37,23,10112,-8804,8876,-26,151,-176,-14768,3668,3752,-1019,59,-48,-14756,-3188,5412,-477,124,-181,0
3478.2512600421906,10612,5528,10764,-95,248,53,10108,-8720,8904,-48,150,-172,-14664,3668,3916,-1016,87,-79,-14796,-3212,5432,-502,117,-184,0
3478.284460067749,10696,5180,10700,-89,-33,66,10040,-8644,8752,-10,117,-154,-14580,3580,3772,-1023,110,-71,-14740,-3284,5420,-510,139,-166,0
3478.318118095398,10580,5468,10548,-102,-36,75,9996,-8704,8804,-41,102,-183,-14584,3580,3640,-1279,124,-69,-14820,-3296,5368,-497,144,-129,0
3478.351827144623,10656,5456,10588,-114,-45,49,10112,-8836,8832,-46,154,-186,-14816,3644,3712,-1001,100,-63,-14768,-3232,5540,-486,135,-160,0
3478.385199069977,10704,5452,10588,-83,-48,59,10136,-8792,8880,-42,162,-185,-15088,3624,3732,-1005,104,-92,-14780,-3200,5352,-509,140,-168,0
3478.418739080429,10672,5528,10548,-132,-22,74,10024,-8628,9172,-20,143,-164,-14676,3648,4064,-1023,80,-73,-14800,-3088,5300,-506,131,-137,0
3478.4560339450836,10616,5556,10520,-107,-45,100,10068,-8956,8564,-16,116,-202,-14748,3588,3916,-996,100,-105,-14608,-3116,5408,-480,127,-183,0
3478.4918649196625,10928,5812,10556,-75,0,95,10064,-8668,8932,-56,119,-154,-14788,3676,3724,-1009,96,-55,-14916,-3232,5316,-765,128,-133,0
3478.528090953827,10668,5452,10540,-69,-17,114,10116,-8856,8876,-78,165,-168,-14780,3640,3764,-1280,40,-28,-14784,-3376,5408,-541,118,-143,0
3478.5634660720825,10608,5528,10700,-124,-29,111,10108,-8664,8936,-26,151,-157,-14708,3644,3676,-1040,114,-85,-14740,-3332,5328,-482,124,-122,0
3478.5996720790863,10532,5540,10628,-179,-52,111,10160,-8708,8900,-58,152,-170,-14640,3624,3932,-982,47,-53,-14836,-3200,5404,-474,140,-169,0
3478.6344850063324,10484,5508,10596,-185,-36,65,10008,-8756,8736,-20,142,-190,-14600,3592,3772,-999,73,-76,-14752,-3196,5264,-484,104,-131,0
3478.6702110767365,10296,5492,10572,-116,-59,94,10116,-8700,8764,4,120,-153,-14668,3704,3952,-1021,64,-59,-14692,-3328,5452,-502,155,-97,0
3478.705488920212,10580,5588,10612,-133,-51,92,10120,-8688,8784,-41,175,-175,-14636,3596,3872,-979,38,-41,-14832,-3344,5468,-469,125,-147,0
3478.741527080536,10624,5508,10656,-163,-73,107,10032,-8756,8996,-55,168,-171,-14660,3772,3584,-952,81,-62,-14696,-3212,5408,-466,154,-131,0
3478.777612924576,10856,5532,10664,-159,-93,116,10044,-8808,8872,-10,152,-179,-14728,3788,3872,-1006,98,-76,-14792,-3320,5396,-445,146,-85,0
3478.812847137451,10688,5580,10604,-183,-35,96,10016,-8520,8928,0,139,-170,-14628,3688,3616,-1041,131,-57,-14880,-3340,5456,-465,162,-115,0
3478.8475091457367,10632,5612,10512,-206,-77,120,10056,-8680,8900,15,108,-194,-14644,3784,4080,-1035,88,-64,-14772,-3088,5620,-456,165,-141,0
3478.8837039470673,10556,5556,10616,-225,-6,100,9992,-8956,8768,-17,132,-176,-14756,3632,3708,-771,107,-100,-14892,-3304,5476,-460,152,-83,0
3478.91969704628,10652,5660,10652,-202,-65,110,10104,-8648,8908,38,181,-186,-14792,3672,3880,-1280,107,-97,-14784,-3188,5408,-481,154,-90,0
3478.95508313179,10612,5608,10560,-247,-69,105,10044,-8908,8712,253,170,-205,-14668,3688,3800,-1009,107,-89,-14712,-3408,5200,-443,172,-88,0
3478.9911041259766,10276,5376,10492,-310,-143,154,10004,-8732,8724,-22,170,-206,-14632,3556,3784,-971,160,-132,-14796,-3344,5416,-451,136,-71,0
3479.02734208107,10664,5516,10736,-290,-163,159,10092,-8756,8920,-86,65,-229,-14780,3660,3600,-975,129,-111,-14800,-3284,5356,-496,179,-72,0
3479.062386035919,10628,5436,10672,-291,-111,151,10064,-8764,8528,-83,142,-211,-14800,3660,3652,-961,95,-152,-14856,-3272,5472,-502,138,-100,0
3479.099214076996,10888,5412,10480,-307,-80,162,10080,-8668,8840,-43,168,-191,-14764,3720,3660,-993,118,-85,-14748,-3244,5444,-470,154,-73,0
3479.132519006729,10556,5468,10644,-326,-100,141,10004,-8468,8840,-4,162,-186,-14748,3676,3756,-997,100,-88,-14780,-3584,5268,-467,177,-74,0
3479.1660890579224,10648,5460,10512,-306,-100,163,10120,-8640,8860,-2,144,-185,-14664,3480,4084,-967,112,-127,-14844,-3244,5516,-462,151,-52,0
3479.199779987335,10628,5488,10724,-290,-173,142,10060,-8484,8936,-15,142,-230,-14776,3672,4000,-978,105,-155,-14812,-3100,5436,-464,203,-56,0
3479.2334349155426,10588,5432,10484,-330,-224,180,10056,-8664,8856,3,142,-217,-14636,3368,3660,-1020,104,-142,-14808,-3380,5320,-485,156,-74,0
3479.266886949539,10608,5556,10512,-284,-175,133,10076,-8728,8960,-36,115,-205,-14712,3588,3608,-976,59,-113,-14784,-3420,5348,-466,157,-112,0
3479.300477027893,10616,5464,10584,-310,-193,126,10104,-8672,8948,-33,174,-232,-14760,3700,3712,-975,96,-86,-14784,-3304,5528,-463,158,-89,0
3479.3341960906982,10716,5340,10552,-276,-140,131,10088,-8792,8916,-10,120,-219,-14612,3620,3684,-1005,108,-99,-14736,-3100,5340,-477,157,-80,0
3479.3677229881287,10712,5380,10508,-257,-141,157,10132,-8680,8852,24,142,-207,-14684,3644,3768,-1008,91,-99,-14800,-3316,5488,-448,135,-83,0
3479.401081085205,10704,5428,10644,-282,-138,169,10040,-8584,8924,-27,128,-197,-14676,3684,3740,-981,125,-73,-14916,-3308,5280,-473,132,-40,0
3479.434701919556,10640,5392,10672,-262,-199,185,10148,-8700,9036,-26,91,-202,-14668,3812,3828,-960,152,-83,-14760,-3284,5288,-486,190,-63,0
3479.468248128891,10736,5388,10532,-510,-211,194,10148,-8796,8944,-27,87,-222,-14792,3552,3776,-1007,200,-160,-14812,-3268,5372,-491,202,-57,0
3479.5018389225006,10624,5124,10688,-231,-208,202,10160,-8736,8876,9,69,-209,-14716,3364,3756,-1026,144,-127,-14732,-3396,5388,-503,190,-101,0
3479.5352849960327,10692,5508,10440,-231,-214,158,10160,-8688,8952,12,119,-207,-14704,3712,3800,-1002,120,-155,-14844,-3404,5368,-483,178,-94,0
3479.5689129829407,10704,5596,10636,-251,-163,135,10012,-8960,8840,-27,126,-248,-14676,3624,3700,-989,91,-113,-14812,-3276,5148,-471,127,-125,0
3479.602397918701,10668,5364,10536,-223,-171,125,10132,-8668,8960,-37,130,-191,-14784,3628,3804,-988,135,-90,-14792,-3280,5600,-481,177,-101,0
3479.635957956314,10760,5392,10572,-192,-97,130,10132,-8588,9024,-96,107,-186,-14652,3488,3688,-973,126,-79,-14752,-3356,5244,-485,159,-74,0
3479.6693711280823,10672,5404,10440,-162,-92,140,10052,-8452,8916,-97,88,-204,-14676,3356,3836,-972,158,-105,-15084,-3164,5280,-505,146,-101,0
3479.7029440402985,10840,5256,10532,-156,-25,94,10164,-8712,8924,-110,164,-158,-14880,3592,3612,-1024,82,-64,-14828,-3084,5464,-517,138,-157,0
3479.736638069153,10736,5440,10524,-157,-22,120,10120,-8492,8848,42,121,-149,-14712,3572,3736,-1063,119,-62,-14800,-3300,5284,-508,147,-119,0
3479.770117998123,10712,5440,10412,-112,51,106,10092,-8752,8880,19,167,-147,-14828,3504,3792,-1057,148,-59,-14796,-3228,5312,-464,140,-99,0
3479.8037860393524,10692,5564,10556,-124,-19,72,10152,-8824,8944,-38,97,-161,-14812,3704,3776,-1056,113,-50,-14844,-3268,5396,-526,139,-112,0
3479.8373630046844,10712,5604,10496,-83,-4,90,10204,-8736,8820,-38,121,-132,-15024,3672,3836,-1012,111,-75,-15040,-3164,5364,-496,57,-156,0
3479.8708879947662,10752,5420,10524,-83,26,98,10144,-8648,8784,-48,107,-125,-14696,3532,3940,-1009,125,236,-14800,-3288,5360,-480,87,-132,0
3479.9041969776154,10668,5440,10452,-130,70,77,10148,-8732,9200,-71,136,-117,-14804,3724,3828,-982,63,-13,-14828,-3228,5508,-459,78,-135,0
3479.9378859996796,10704,5472,10556,-182,43,58,10180,-8648,8808,-26,198,-170,-14776,3636,3836,-995,60,-40,-15036,-3332,5384,-444,133,-132,0
3479.9716489315033,10660,5408,10580,-215,-47,68,9996,-8844,8932,-58,149,-186,-14712,3760,3788,-993,65,-49,-14720,-3284,5436,-493,132,-159,0
3480.0053050518036,10588,5304,10740,-105,-58,68,9960,-8708,8980,-59,148,-214,-14656,3752,3776,-954,49,-87,-14668,-3236,5448,-523,136,-154,0
3480.038891077041,10680,5440,10596,-100,-86,72,10080,-8692,8804,-63,150,-213,-14740,3708,3660,-1005,59,-147,-14824,-3200,5508,-491,154,-141,0
3480.072550058365,10716,5440,10532,-188,-83,84,10100,-8648,8704,-13,183,-174,-14768,3636,3684,-1036,81,-106,-14616,-3580,5396,-482,119,-146,0
3480.1057069301605,10656,5464,10532,-199,-76,90,10052,-8684,8992,-11,161,-177,-14788,3660,3800,-979,92,-112,-14828,-3320,5340,-468,145,-133,0
3480.1433551311493,10728,5436,10656,-205,-116,103,10220,-8764,9004,-43,145,-202,-14732,3340,3992,-986,86,-76,-14624,-3296,5264,-504,153,-99,0
3480.179373025894,10792,5536,10496,-183,-119,119,10112,-8728,8820,-31,149,-227,-14652,3812,3688,-984,104,-146,-14840,-3088,5340,-500,153,-122,0
3480.2140960693364,10688,5468,10536,-210,-140,136,10072,-8736,8908,-27,126,-202,-14744,3588,3820,-1013,129,-89,-14760,-3584,5268,-484,164,-82,0
3480.2496860027313,10584,5496,10388,-175,-175,129,9956,-8676,8912,-39,122,-206,-14668,3588,3704,-1010,121,-126,-14716,-3360,5520,-461,181,-98,0
3480.285457134247,10544,5432,10448,-247,-131,160,10000,-8500,8928,27,95,-214,-14708,3684,3672,-1000,157,-138,-14704,-3276,5588,-488,207,-94,0
3480.3202080726624,10772,5372,10500,-232,-147,163,10120,-8720,8972,-7,55,-226,-14800,3660,3888,-1021,156,-103,-14896,-3320,5468,-480,188,-67,0
3480.3558449745174,10752,5416,10372,-240,-206,172,10088,-8792,8756,5,77,-201,-14608,3600,3720,-968,160,-118,-14796,-3300,5500,-500,187,-59,0
3480.3912551403046,10924,5456,10548,-238,-220,183,10096,-8684,8856,-30,60,-226,-14664,3556,3572,-982,161,-159,-14748,-3240,5356,-495,188,-53,0
3480.427514076233,10684,5500,10572,-227,-218,203,10140,-8692,8692,-5,109,-229,-14744,3540,3604,-983,140,-110,-14828,-3384,5408,-262,209,-67,0
3480.4622740745544,10756,5184,10576,-220,-156,145,10144,-8916,8844,-70,115,-222,-14756,3620,3784,-998,155,-132,-14852,-3216,5516,-266,169,-93,0
3480.497442960739,10576,5328,10368,-168,-142,122,10144,-8616,8704,-36,95,-234,-14760,3524,3680,-1006,133,-65,-14736,-3260,5176,-495,194,-110,0
3480.532678127289,10816,5276,10344,-149,-67,106,10188,-8644,8892,-32,121,-193,-14644,3520,3756,-1032,113,-129,-15020,-3188,5208,-473,147,-137,0
3480.5681920051575,10896,5356,10356,-182,82,69,10244,-8552,8704,12,176,-129,-14724,3496,3804,-780,91,-47,-15096,-3160,5180,-445,113,-118,0
3480.6037950515747,10812,5384,10592,-268,39,97,10136,-8656,8984,17,160,-177,-14696,3628,3700,-1063,87,-78,-14832,-3264,5308,-452,185,-102,0
3480.639184951782,10724,5556,10560,-219,-53,141,9980,-8936,9048,-35,104,-200,-14796,3336,4004,-769,122,-83,-14916,-3440,5332,-268,125,-121,0
3480.6739599704742,10924,5524,10704,-94,-134,81,10180,-8744,8912,-144,168,-219,-14824,3820,3892,-972,46,-93,-14748,-3120,5388,-547,144,-127,0
3480.7096660137177,10672,5344,10452,-181,-99,92,9744,-8656,8808,-44,119,-155,-14704,3716,3656,-1043,76,-9,-14780,-3248,5388,-482,106,-98,0
3480.744796037674,10628,5368,10552,-171,-254,109,10008,-8584,8904,-36,147,-104,-14644,3636,3632,-1004,60,-34,-14908,-3264,5376,-466,46,-123,0
3480.7803361415863,10988,5372,10672,-214,249,88,10140,-8784,8788,-77,201,-129,-14848,3724,3680,-929,18,-64,-14868,-3224,5604,-487,87,-129,0
3480.8138921260834,10732,5420,10564,-174,-55,117,10020,-8696,8928,-80,143,-141,-14700,3688,3740,-973,103,-58,-14692,-3284,5236,-507,161,-92,0
3480.847398996353,10660,5476,10636,-175,-123,149,10032,-8560,8892,-50,90,-182,-14632,3652,3632,-1023,204,-117,-14660,-3236,5136,-450,189,-42,0
3480.8807740211487,10676,5284,10292,-135,-111,165,10156,-8628,8536,-28,68,-201,-14436,3564,3640,-1028,184,-141,-14792,-3248,5212,-477,199,-75,0
3480.914183139801,10652,5436,10312,-159,-127,115,10228,-8788,8920,-12,162,-208,-14768,3580,3716,-1012,91,-140,-14596,-3264,5348,-491,166,-173,0
3480.9478459358215,10820,5368,10628,-181,-45,29,10180,-8724,8900,-43,209,-186,-14896,3592,3620,-1034,34,-90,-14932,-3252,5508,-473,124,-201,0
3480.9811069965363,10860,5384,10568,-125,33,33,10144,-8656,8852,32,219,-198,-14684,3624,3652,-1047,59,-77,-14696,-3224,5380,-458,158,-130,0
3481.0159730911255,10656,5412,10620,-186,3,76,10108,-8700,8908,-31,149,-166,-14636,3612,3776,-984,134,-104,-14776,-3244,5492,-436,143,-95,0
3481.049628019333,10812,5488,10604,-177,-87,151,10104,-8480,8992,-46,86,-154,-14832,3624,3792,-967,158,-96,-14816,-3136,5140,-453,151,-81,0
3481.0832791328426,11004,5436,10692,-175,-150,140,10072,-8728,9176,-77,139,-175,-14756,3524,3676,-995,111,-81,-15056,-3248,5404,-498,142,-106,0
3481.1169130802155,10572,5348,10636,-182,-99,124,9988,-8496,8848,-58,141,-167,-14764,3596,3616,-996,108,-91,-14812,-3212,5368,-503,139,-118,0
3481.1504850387573,10680,5372,10612,-156,-50,129,10088,-8724,8940,-14,155,-160,-14744,3608,3692,-1043,90,-86,-14716,-3320,5388,-481,118,-103,0
3481.1837661266327,10996,5168,10496,-171,-33,104,10108,-8708,8764,-250,132,-158,-14700,3556,3624,-1006,85,-52,-14604,-3300,5368,-475,125,-118,0
3481.2174079418182,10696,5432,10692,-188,-42,66,10168,-8664,8740,-42,163,-176,-14708,3620,3676,-1016,110,-58,-14792,-3320,5380,-486,149,-109,0
3481.251006126404,10688,5424,10592,-134,-52,114,10044,-8752,8816,-65,154,-157,-14800,3620,3720,-1015,104,-78,-14888,-3188,5492,-509,164,-119,0
3481.2844240665436,10780,5436,10496,-147,-23,103,10072,-8748,8732,-29,160,-180,-14684,3516,3644,-1005,109,-108,-14688,-3268,5384,-458,129,-117,0
3481.3180530071254,10628,5444,10584,-199,-9,116,10040,-8680,8892,-4,119,-164,-14676,3580,3652,-1052,124,-114,-14716,-3100,5464,-470,169,-120,0
3481.351464986801,10680,5536,10604,-154,-69,76,10096,-8668,8960,-70,152,-175,-14748,3636,3868,-1021,69,-55,-14828,-3284,5484,-477,165,-142,0
3481.3845839500427,10560,5440,10528,-186,-53,54,9996,-8916,8916,-34,173,-199,-14804,3724,3736,-965,75,-116,-14836,-3296,5300,-477,126,-146,0
3481.4181230068207,10540,5496,10540,-149,-5,80,10116,-8628,8832,-39,154,-145,-14744,3652,4048,-776,66,-121,-14856,-3256,5420,-522,123,-134,0
3481.4518139362335,10708,5396,10528,-146,-5,59,10184,-8652,8796,-32,163,-161,-14724,3600,3724,-1002,48,-58,-14812,-3272,5476,-483,78,-151,0
3481.485368013382,10704,5488,10636,-190,32,44,9792,-8648,8868,-40,220,-145,-14720,3372,4060,-1001,32,-13,-14780,-3256,5384,-475,81,-176,0
3481.518975019455,10948,5476,10732,-150,0,76,10064,-8628,8944,-45,156,-145,-14680,3568,3592,-1022,85,-48,-14692,-3192,5120,-467,127,-112,0
3481.552344083786,10596,5344,10432,-210,-38,122,10060,-8680,8868,7,134,-166,-14640,3612,3680,-1045,152,-126,-14744,-3228,5396,-491,214,-57,0
3481.585751056671,10576,5408,10744,-145,-86,142,10100,-8920,8964,253,85,-203,-14716,3692,3932,-1032,126,-123,-14796,-3248,5344,-471,221,-87,0
3481.6195969581604,10700,5480,10608,-158,-128,105,10124,-8760,8960,-16,119,-205,-14636,3768,3716,-972,109,-141,-14828,-3252,5480,-492,171,-99,0
3481.6529400348663,10700,5428,10604,-161,-79,108,10084,-8672,8708,-57,138,-205,-14664,3628,3776,-999,109,-97,-14896,-3196,5540,-493,156,-112,0
3481.687422990799,10992,5416,10584,-153,-64,109,10108,-8960,8872,-43,142,-178,-14804,3548,3932,-1011,125,-65,-14772,-3280,5340,-479,137,-92,0
3481.7210500240326,10848,5388,10544,-201,-23,116,10156,-8684,8796,-48,161,-162,-14708,3548,3804,-1276,73,-26,-14636,-3244,5604,-467,117,-143,0
3481.754553079605,10704,5496,10504,-201,-57,89,10164,-8820,8876,-28,160,-191,-14796,3604,3820,-1010,109,-60,-15084,-3236,5416,-481,118,-124,0
3481.790759086609,10552,5328,10536,-144,-46,91,10068,-8764,8840,-8,178,-174,-14768,3640,3732,-980,103,-74,-14740,-3228,5152,-467,202,-80,0
3481.826147079468,10676,5488,10272,-162,-114,117,10088,-8676,8900,-62,97,-203,-14696,3616,3764,-1017,124,-90,-14780,-3300,5396,-477,143,-143,0
3481.862198114395,10712,5484,10584,-182,-86,108,10028,-8716,8924,-15,146,-173,-14724,3636,3700,-1015,43,-98,-14864,-3260,5352,-505,151,-148,0
3481.8980560302734,10664,5420,10684,-168,-23,79,10056,-8472,8816,-33,166,-183,-14660,3796,3808,-996,57,-68,-14872,-3320,5392,-498,117,-132,0
3481.933370113373,10704,5504,10364,-192,-27,81,10084,-8544,8908,-70,145,-153,-14844,3604,4052,-1004,82,-77,-14816,-3224,5584,-502,105,-79,0
3481.9692111015324,10676,5456,10516,-213,-101,99,10012,-8700,8948,-21,133,-171,-14676,3828,3604,-1005,54,-78,-14868,-3216,5412,-474,120,-132,0
3482.0041630268097,10568,5456,10532,-203,-71,82,9972,-8772,8956,-43,148,-159,-14740,3592,3720,-1266,87,-117,-14764,-3524,5392,-466,111,-109,0
3482.0396900177,10700,5604,10508,-176,-131,98,10096,-8792,8900,-60,146,-209,-14804,3676,3824,-982,87,-78,-15100,-3256,5480,-496,122,-127,0
3482.074887037277,10752,5452,10632,-184,-248,81,10052,-8668,8732,-37,152,-182,-14776,3796,3608,-1001,87,-71,-15104,-3204,5292,-491,117,-156,0
3482.110754966736,10804,5608,10524,-119,21,93,10216,-8912,8984,11,132,-139,-14752,3328,3828,-1045,82,22,-14908,-3264,5348,-481,89,-153,0
3482.1460649967194,10500,5144,10660,-310,-34,120,10000,-8736,8916,84,169,-168,-14648,3540,3716,-986,114,-55,-14708,-3280,5416,-430,176,-86,0
3482.181750059128,10544,5408,10628,-307,-202,172,10024,-8772,8972,2,25,-227,-14592,3676,3928,-992,203,-190,-14736,-3316,5332,-488,277,-19,0
3482.2176871299744,10568,5460,10656,-262,-324,246,10012,-8472,8856,53,39,-1,-14680,3620,3716,-1002,245,-148,-14820,-3344,5476,-454,278,-16,0
3482.2528500556946,10692,5536,10556,-506,-316,227,10172,-8628,8880,24,23,-304,-14612,3576,3700,-1030,195,-205,-14808,-3328,5308,-470,509,-59,0
3482.288758993149,10712,5324,10400,-271,-296,219,10112,-8636,9032,34,56,-272,-14708,3584,3868,-1040,193,-155,-14816,-3260,5388,-446,230,-51,0
3482.3240189552307,10752,5452,10520,-296,-223,172,10340,-8464,9176,42,122,-267,-14624,3812,3708,-984,198,-206,-14840,-3188,5176,-476,290,-46,0
3482.3590619564056,10804,5404,10496,-283,-296,197,10104,-8508,9176,62,121,-306,-14788,3808,3524,-1025,189,-179,-14792,-3164,5372,-497,330,-59,0
3482.3943231105804,10748,5328,10288,-286,-305,191,10148,-8652,8808,52,86,-319,-14712,3532,3684,-1040,229,-209,-15100,-3244,5260,-471,296,-33,0
3482.4315650463104,10784,5212,10528,-288,-386,229,10104,-8648,8948,60,93,-304,-14624,3520,3744,-1028,291,-197,-14828,-3240,5364,-442,340,-10,0
3482.4648950099945,10788,5132,10444,-292,-336,241,9828,-8604,8800,-40,-43,-463,-14676,3520,4032,-1050,241,-226,-14864,-3196,5360,-457,305,-13,0
3482.4984409809113,10888,5356,10420,-274,-322,236,10264,-8616,8908,66,46,-14,-14700,3588,3704,-1047,238,-178,-14816,-3172,5420,-439,268,241,0
3482.532051086426,10868,5284,10568,-300,-280,219,10192,-8692,8956,46,46,-264,-14804,3520,3732,-1016,230,-175,-14896,-3276,5300,-464,269,-6,0
3482.5654549598694,10840,5328,10576,-277,-274,212,10008,-8476,8848,22,39,-507,-14852,3496,3732,-1000,234,-146,-14828,-3184,5360,-768,247,-3,0
3482.5987610816956,10836,5272,10324,-220,-234,204,10220,-8528,8772,-104,47,-233,-14776,3492,3360,-957,208,-131,-14744,-3208,5088,-537,256,-23,0
3482.63200712204,10840,5296,10324,-130,-230,199,10196,-8588,8812,-161,24,-216,-14740,3520,3476,-944,175,-122,-14856,-3180,5196,-541,159,-69,0
3482.665426969528,10832,5300,10336,-80,-89,142,10236,-8496,8828,-146,33,-209,-14868,3448,3620,-984,141,-31,-14892,-3136,5316,-492,74,-142,0
3482.708261013031,11020,5344,10020,-57,178,27,10304,-8372,8824,-30,178,-57,-14640,3424,3356,-1073,24,-20,-14880,-2880,5136,-413,-20,-233,0
3482.741894006729,10864,5312,10484,-246,321,-42,10140,-8584,8776,135,417,-45,-14844,3400,3504,-1109,31,230,-14612,-3112,5124,-367,112,-189,0
3482.7753140926366,10772,5364,10700,-248,202,-12,10096,-8636,8972,48,227,-127,-14872,3632,3828,-1102,62,-71,-14880,-3228,5148,-416,204,-132,0
3482.808861017227,10948,5500,10756,-88,67,27,10192,-8732,9028,-9,140,-213,-14892,3632,3860,-1269,47,-120,-14980,-3300,5500,-538,214,-142,0
3482.8424661159515,10984,5616,10932,-109,-134,76,10096,-8788,9060,-141,148,-240,-14816,3640,3844,-937,16,-119,-14732,-3368,5452,-574,169,-81,0
3482.8758060932164,10524,5496,10732,-113,-247,139,9972,-8760,9024,-147,96,-248,-14556,3636,3756,-904,92,-171,-14836,-3312,5468,-575,202,-65,0
3482.9091310501094,10604,5384,10636,-116,-373,203,9940,-8956,8748,-232,2,-276,-14740,3776,3876,-912,107,-134,-14876,-3168,5352,-565,148,-78,0
3482.942803144455,10856,5304,10260,-94,-1,176,10228,-8592,8724,-178,64,-233,-14788,3516,3552,-914,61,-58,-14936,-3076,5216,-595,68,-158,0
3482.9761230945587,10888,4912,10280,-62,-19,90,10268,-8680,8580,-145,214,-126,-14396,3436,3252,-979,29,-7,-14712,-3000,5224,-491,22,-195,0
3483.009909152984,10868,5232,10172,-220,86,77,10284,-8376,8676,42,220,-74,-14760,3552,3548,-1067,94,-28,-14828,-3016,5000,-396,51,-143,0
3483.043237924576,11072,5296,10348,-321,195,62,10284,-8396,8816,164,197,-96,-14784,3352,3680,-1151,127,-19,-14884,-3180,5324,-361,152,-75,0
3483.0768089294434,10872,5628,10644,-324,30,109,10112,-8616,9184,174,169,-156,-14796,3508,3656,-1133,161,-87,-14948,-3388,5300,-366,263,-59,0
3483.1100740432735,10836,5552,10748,-254,-85,108,10164,-8684,8744,77,145,-219,-15092,3576,3820,-1031,115,-111,-14876,-3360,5512,-468,144,-141,0
3483.1434309482574,10768,5444,10736,-132,-57,73,10160,-8596,8992,-19,176,-212,-14800,3632,3624,-976,-15,-82,-14856,-3268,5316,-260,84,-229,0
3483.1768651008606,10716,5288,10564,-81,18,19,10160,-8644,8920,-38,216,-127,-14692,3584,3748,-980,-11,233,-15028,-3296,5436,-484,1,-208,0
3483.210431098938,10832,5132,10740,-129,118,38,10100,-8620,8848,-90,283,-38,-14736,3600,3740,-918,-15,30,-14736,-3300,5580,-433,-61,-208,0
3483.2439129352574,10972,5476,10328,-163,167,252,10200,-8620,8932,-100,236,-120,-14716,3692,3652,-915,-6,-26,-14764,-3140,5272,-426,76,-147,0
3483.277405023575,10804,5308,10652,-223,8,100,10160,-8740,8812,-58,149,-186,-14752,3548,3444,-941,122,-113,-14784,-3212,5252,-465,184,-34,0
3483.3109669685364,10816,5152,10256,-167,-128,170,10220,-8652,9092,-84,119,-168,-14608,3836,3620,-976,211,-125,-14616,-3152,5244,-426,229,1,0
3483.3444039821625,10772,5336,10448,-180,-120,211,10172,-8668,8788,-76,58,-197,-14820,3552,3696,-1003,207,-98,-14652,-3204,5268,-452,242,-57,0
3483.377720117569,10788,5312,10408,-178,-137,182,10208,-8688,8832,-80,64,-206,-14612,3360,3772,-999,113,-102,-14644,-3096,5340,-471,149,-107,0
3483.411106109619,10884,5452,10740,-195,-39,94,10132,-8452,8804,-72,191,-141,-14836,3716,3704,-989,11,-94,-14876,-3344,5388,-491,71,-204,0
3483.444491147995,10852,5376,10520,-207,38,12,10184,-8656,9152,-67,282,-147,-14776,3540,3968,-974,-33,-39,-14916,-3228,5420,-490,40,-187,0
3483.481194019317,10840,5408,10352,-194,52,39,10204,-8576,8864,-58,197,-134,-14752,3604,3616,-988,24,-73,-14772,-3172,5172,-505,70,-145,0
3483.5162529945374,10820,5416,10532,-126,36,94,10192,-8668,8836,-95,96,-171,-14756,3572,3688,-944,75,-64,-14696,-3224,5328,-472,121,-93,0
3483.5522310733795,10760,5328,10504,-152,-111,127,10020,-8800,8800,-112,82,-186,-14764,3668,3604,-946,170,-100,-14824,-3176,5628,-414,141,-63,0
3483.5878241062164,10672,5276,10336,-162,-63,144,10096,-8592,8816,-156,57,-183,-14768,3636,3600,-998,149,-40,-14888,-3188,5356,-456,79,-167,0
3483.6228511333466,10880,5324,10336,-63,96,34,10300,-8532,8716,-143,251,-46,-14804,3580,3680,-995,-45,73,-14980,-3164,5428,-403,-74,-292,0
3483.658858060837,10968,5288,10368,-189,450,-115,10284,-8496,8788,-36,368,-4,-14744,3512,3732,-1006,-137,103,-14828,-3276,5136,-367,-142,-280,0
3483.694272041321,10620,5480,10724,-179,467,-129,10224,-8940,9100,-59,344,-29,-14764,3628,3748,-1030,-114,68,-14812,-3288,5500,-391,-32,-236,0
3483.7301881313324,10620,5616,10576,-230,239,-24,10172,-8856,9184,16,0,-149,-14764,3688,3776,-943,-43,-42,-15084,-3388,5328,-401,113,-187,0
3483.7654240131374,10572,5512,10768,-7,-52,7,10004,-8752,8780,-118,183,-270,-14660,3632,3824,-880,6,-101,-14732,-3212,5492,-447,194,-158,0
3483.801388978958,10468,5420,10684,-163,-270,65,9980,-8472,8860,-171,175,-235,-14684,3760,3800,-925,29,-64,-14784,-3264,5504,-465,120,-157,0
3483.8373849391937,10532,5356,10292,-215,-72,59,9964,-8688,8780,-130,212,-141,-14536,3728,3688,-950,-256,-58,-14640,-3088,5500,-471,54,-168,0
3483.872538089752,10456,5344,10732,-230,85,46,9928,-8628,8820,-35,184,-149,-14624,3708,3568,-976,61,-20,-14804,-3256,5404,-454,95,-127,0
3483.9081189632416,10580,5428,10508,-251,60,111,10084,-8484,8868,-49,494,-170,-14656,3756,3892,-970,101,-96,-14872,-3124,5348,-413,138,-102,0
3483.9440040588374,10532,5540,10656,-177,-32,46,10296,-8776,8932,-111,180,-230,-14752,3612,3844,-926,32,-113,-14800,-3276,5588,-436,150,-151,0
3483.979742050171,10624,5404,10448,-149,-65,28,10412,-8956,8916,-115,175,-243,-14784,3800,3764,-912,26,-65,-14880,-3248,5312,-389,114,-211,0
3484.015049934387,10696,5448,10288,-209,7,-37,10136,-8576,8844,-78,1,-229,-14708,3512,3716,-898,22,-73,-14664,-3212,5280,-368,63,-231,0
3484.0508849620815,10936,5388,10400,-193,77,-113,10072,-8668,8924,-114,313,-253,-14772,3680,3788,-904,-74,-24,-14808,-3228,5372,-425,57,-511,0
3484.0862350463867,10796,5492,10652,-210,168,-96,10028,-8732,8868,-54,241,-189,-14688,3732,3672,-993,-29,-31,-15100,-3132,5500,-463,50,-184,0
3484.1233780384064,10692,5472,10756,-100,136,12,10064,-8700,8984,-60,177,-103,-14648,3724,3924,-992,-22,44,-15064,-3196,5520,-470,12,-164,0
3484.1566240787506,10660,5340,10684,-141,42,34,10020,-8776,8800,-82,147,-148,-14672,4072,3784,-955,39,-33,-14756,-3248,5148,-458,48,-148,0
3484.1902351379395,10444,5344,10548,-111,83,51,9772,-8728,8804,-83,109,-134,-14840,3696,3940,-1004,64,-18,-14668,-3196,5464,-460,59,-130,0
3484.223753929138,10468,5596,10600,-96,58,60,9960,-8496,9116,-130,202,-87,-14668,3752,3660,-958,79,-40,-14716,-3180,5452,-492,77,-173,0
3484.257385015488,10524,5580,10696,-111,53,49,10004,-8900,8804,-127,185,-126,-14632,3688,3836,-964,15,-78,-14680,-3128,5496,-585,80,-186,0
3484.2906589508057,10500,5428,10672,29,-15,66,10148,-8824,8732,-44,199,-160,-14568,3756,3756,-1051,89,-115,-14768,-3240,5220,-552,192,-174,0
3484.324280977249,10640,5428,10796,-54,-106,111,9840,-8820,8816,25,142,-191,-14624,3692,3616,-1113,161,-182,-14664,-3076,5316,-558,308,-97,0
3484.3579671382904,10624,5404,10932,-251,-168,198,10012,-8756,8880,39,33,-230,-14696,3756,3716,-1153,287,-218,-14692,-3296,5248,-587,309,-29,0
3484.391350030899,10588,5528,10556,31,-8,249,10024,-8944,8908,122,-21,-227,-14808,3772,3708,-1177,321,-4,-15040,-3316,5732,-568,290,-65,0
3484.4248230457306,10688,5464,10580,-40,-203,221,9984,-8728,8852,106,75,-206,-14844,3600,4040,-1177,203,-196,-14644,-3376,5396,-546,7,-110,0
3484.4584209918976,10556,5660,10796,-168,-154,136,10080,-8688,9040,-252,168,-220,-14844,3604,3968,-1067,94,-113,-15084,-3492,5444,-536,508,-168,0
3484.4918150901794,10604,5704,10740,-190,-140,108,10060,-8600,9072,-44,195,-207,-14716,3616,3736,-1022,14,-154,-14764,-3412,5572,-525,193,-172,0
3484.5252850055695,10580,5876,10256,-167,-101,61,9872,-8668,9184,-45,203,-188,-14672,3640,3984,-1014,75,-141,-14836,-3420,5440,-539,79,-163,0
3484.5589871406555,10724,5564,10572,-138,-62,63,10020,-8604,9188,-53,133,-202,-14664,3644,3824,-989,46,-97,-14648,-3268,5336,-555,154,-141,0
3484.592443943024,10664,5800,10588,-94,-71,91,10024,-8664,8844,-76,44,-175,-14360,3700,3504,-989,144,-12,-14888,-3164,5596,-268,132,-32,0
3484.6260309219365,10592,5464,10480,-79,-46,178,10052,-8656,8700,-16,24,-152,-14600,3728,3828,-1032,237,-48,-14756,-3324,5440,-450,166,-17,0
3484.659721136093,10644,5464,10532,-114,-42,203,10068,-8808,8840,47,57,-159,-14800,3632,3752,-1087,229,-151,-14800,-3268,5296,-257,238,-54,0
3484.693164110184,10668,5460,10704,-139,-91,196,10096,-8836,8900,-14,74,-170,-14756,3748,3772,-1085,177,-141,-14828,-3584,5396,-563,204,-76,0
3484.7266299724574,10732,5492,10508,-105,-119,216,10032,-8760,8704,-54,97,-132,-14784,3624,3896,-1097,182,-101,-14820,-3192,5460,-550,172,-50,0
3484.760200023651,10688,5444,10720,-126,-102,194,10108,-8656,8888,2,97,-112,-14736,3684,4084,-1135,131,-59,-14800,-3332,5544,-542,130,-108,0
3484.7936561107635,10540,5552,10448,-105,-14,169,10088,-8764,8948,5,96,-108,-14804,3828,3868,-1103,113,-37,-14788,-3356,5372,-543,66,-145,0
3484.827446937561,10560,5568,10892,-84,-31,112,10012,-8740,8860,-16,139,-154,-14684,3704,3676,-1056,75,-75,-14812,-3300,5368,-529,107,-155,0
3484.8610401153564,10644,5492,10516,-131,-6,110,10028,-8708,8956,60,119,-155,-14788,3708,3736,-1062,115,-118,-14852,-3544,5592,-479,144,-91,0
3484.894315958023,10656,5524,10700,-193,-35,128,10152,-8656,9052,48,161,-156,-14748,3640,3804,-1076,106,-64,-14892,-3440,5576,-452,151,-54,0
3484.9278631210327,10592,5556,10536,-318,-85,144,9984,-8800,8944,-15,137,-216,-14752,3572,3744,-980,77,-72,-14788,-3408,5268,-425,177,-127,0
3484.961524963379,10716,5812,10808,-335,-190,160,10052,-8780,9036,-71,194,-206,-14844,3684,3940,-942,79,-137,-14760,-3204,5476,-507,214,-112,0
3484.9948949813843,10260,5580,10616,-328,-297,140,9748,-8740,9080,-12,161,-233,-14648,3744,3920,-983,90,-196,-14668,-3348,5532,-496,215,-106,0
3485.0285959243774,10468,5620,10516,-279,-215,147,9960,-8624,8764,15,119,-223,-14844,3584,3856,-997,145,-148,-14672,-3368,5376,-504,180,-75,0
3485.062071084976,10540,5832,10668,-299,-219,181,9740,-8924,8764,26,66,-246,-14648,3596,3692,-995,173,-118,-14708,-3284,5508,-483,176,-254,0
3485.0955760478973,10576,5504,10532,-317,-214,215,10044,-8768,8960,37,8,-2,-14756,3652,3760,-998,195,-119,-14976,-3312,5320,-506,238,19,0
3485.1290469169617,10668,5484,10676,-277,-259,238,10096,-8724,8736,13,11,-240,-14832,3604,3720,-1031,234,-185,-14884,-3216,5276,-485,258,56,0
3485.1653659343724,10648,5456,10484,-297,-278,232,10072,-8664,8944,33,30,-212,-14752,3816,3636,-1021,241,-125,-14772,-3228,5232,-468,208,17,0
3485.2016820907593,10708,5384,10456,-314,-276,233,10048,-8472,9144,252,13,-238,-14708,3572,3784,-769,198,-144,-14852,-3208,5304,-461,212,-17,0
3485.2376799583435,10768,5552,10540,-292,-245,212,10092,-8696,8952,21,48,-246,-14780,3692,3844,-1010,171,-170,-14908,-3292,5200,-477,193,-48,0
3485.272938013077,10748,5408,10584,-236,-188,144,10196,-8552,8908,45,108,-225,-14840,3660,3816,-1016,136,-126,-15092,-3200,5308,-454,144,-95,0
3485.308280944824,10684,5456,10532,-293,-164,102,10076,-8456,8800,51,125,-235,-14624,3664,3832,-1014,109,-147,-14784,-3216,5404,-449,145,-108,0
3485.3439841270447,10604,5416,10696,-279,-173,123,10060,-8720,8904,18,138,-233,-14668,3404,3680,-999,96,-91,-14820,-3248,5392,-492,156,-96,0
3485.379473924637,10660,5452,10404,-236,-193,150,10080,-8644,8868,21,113,-199,-14764,3524,3808,-981,123,-126,-15036,-3180,5512,-484,170,-113,0
3485.4149219989777,10500,5376,10712,-277,-188,145,10072,-8728,8808,15,112,-202,-14672,3796,3732,-1013,117,-117,-14808,-3268,5376,-491,159,-86,0
3485.450380086899,10620,5452,10604,-244,-141,147,10060,-8652,8972,255,103,-194,-14580,3476,3812,-1050,114,-103,-14772,-3256,5356,-499,166,-92,0
3485.4856710433965,10808,5416,10572,-177,-154,129,10096,-8688,8924,-18,102,-212,-14628,3500,3828,-997,137,-157,-14836,-3220,5392,-502,202,-94,0
3485.521716117859,10660,5372,10496,-179,-100,128,10068,-8536,8876,-22,100,-159,-14756,3684,3768,-1006,126,-91,-14768,-3256,5252,-488,120,-72,0
3485.5572171211243,10804,5336,10448,-136,-18,119,10068,-8472,8872,-29,136,-122,-14732,3348,3820,-995,93,-60,-14796,-3196,5596,-485,105,-152,0
3485.5924010276794,10524,5428,10260,-203,28,85,9996,-8608,8808,-16,157,-146,-14688,3648,3744,-996,81,-4,-14784,-3208,5324,-472,72,-131,0
3485.6288731098175,10756,5612,10588,-131,33,80,10168,-8632,8924,-32,135,-160,-15068,3620,3704,-1020,65,-76,-14768,-3312,5300,-476,141,-134,0
3485.6639370918274,10624,5168,10640,-142,-38,89,10076,-8580,8888,-33,142,-173,-14596,3492,3612,-771,103,-86,-14808,-3184,5444,-503,149,-123,0
3485.7003171443935,10728,5368,10740,-116,-13,94,10068,-8612,8896,-52,134,-168,-14716,3648,3700,-1038,79,-53,-14736,-3264,5600,-460,119,-125,0
3485.735445022583,10644,5160,10656,-144,-49,70,10104,-8624,8736,-47,171,-167,-14768,3640,3712,-1009,62,-123,-14808,-3264,5472,-484,119,-141,0
3485.7708179950714,10784,5492,10488,-108,17,45,9964,-8680,8876,-50,170,-151,-14676,3660,3744,-1043,55,-21,-14844,-3244,5400,-481,103,-129,0
3485.807755947113,10644,5492,10548,-155,41,56,10060,-8492,8884,-77,180,-152,-14700,3816,3768,-1008,65,-79,-14844,-3236,5356,-491,119,-144,0
3485.8412120342255,10624,5492,10308,-98,25,74,10120,-8680,8836,-80,141,-152,-14748,3632,3692,-1003,41,-65,-14844,-3368,5336,-501,106,-160,0
3485.8743429183965,10596,5432,10716,-122,0,69,10132,-8656,8876,-78,167,-155,-14784,3580,3844,-985,95,-39,-14760,-3216,5260,-474,116,-126,0
3485.907819032669,10612,5424,10560,-83,-1,56,10208,-8688,9204,-61,192,-124,-14688,3512,3692,-1030,86,-109,-14660,-3248,5276,-485,134,-131,0
3485.9413969516754,10524,5532,10440,-78,11,82,10040,-8640,8868,-10,110,-153,-14724,3828,3692,-1001,111,-104,-14736,-3180,5420,-479,122,-133,0
3485.9747581481934,10784,5544,10468,-123,21,61,9984,-8616,8840,-103,140,-187,-14688,3628,3804,-1009,102,-50,-14828,-3252,5328,-482,108,-146,0
3486.008219957352,10728,5444,10612,-77,19,70,10108,-8504,8776,-54,112,-153,-14664,3680,3624,-987,78,-33,-14892,-3328,5316,-526,99,-154,0
3486.0426440238953,10804,5444,10636,-73,35,58,10184,-8800,9116,-78,136,-153,-14692,3356,3632,-978,59,-19,-14756,-3192,5432,-523,68,-174,0
3486.0761899948125,10528,5544,10736,-141,252,59,10012,-8960,9188,-51,169,-127,-14448,3536,3796,-1029,49,16,-14908,-3308,5120,-530,75,-166,0
3486.1099629402165,10664,5504,10532,-55,44,68,10056,-8760,8840,-112,163,-145,-14764,3648,3740,-1276,15,-49,-14828,-3284,5448,-487,70,-176,0
3486.143317937851,10640,5484,10284,-163,-23,72,9988,-8752,8824,-60,166,-172,-14676,3680,3812,-953,78,-53,-14764,-3284,5348,-492,97,-178,0
3486.1766951084137,10652,5444,10412,-102,38,48,10124,-8944,8732,-27,145,-157,-14692,3612,3784,-1011,99,-95,-14808,-3292,5124,-500,104,-174,0
3486.2102360725403,10672,5496,10988,-79,-12,74,10008,-8728,8928,-52,121,-149,-14744,3756,3756,-1027,71,-60,-14816,-3116,5356,-453,105,-157,0
3486.2439019680023,10584,5512,10696,-114,-50,86,10108,-8772,8896,-66,149,-158,-14720,3752,3700,-950,63,-38,-14796,-3284,5356,-491,122,-172,0
3486.277440071106,10588,5496,10676,-110,-35,96,10104,-8776,8836,-69,131,-181,-14788,3724,3712,-1016,96,-78,-14852,-3212,5432,-481,151,-100,0
3486.3110690116882,10736,5376,10676,-156,-71,109,10144,-8744,8764,-33,201,-136,-14640,3720,3840,-1017,44,-85,-14740,-3344,5180,-485,133,-137,0
3486.3446929454803,10532,5472,10540,-131,-34,89,10092,-8676,8796,-12,183,-146,-14716,3700,3944,-1043,85,-89,-14836,-3332,5124,-526,88,-169,0
3486.3780419826508,10552,5580,10468,-111,-74,63,9956,-8684,8740,-8,208,-148,-14700,3704,3784,-1006,123,-74,-14900,-3340,5360,-496,149,-167,0
3486.4113891124725,10660,5540,10524,-170,-36,80,10100,-8660,8828,-27,138,-169,-14720,3700,3844,-1007,61,-106,-14872,-3388,5432,-532,114,-152,0
3486.4448959827423,10620,5564,10696,-109,-61,95,10228,-8668,8884,-10,114,-195,-14816,3812,3836,-1030,106,-112,-14772,-3348,5420,-499,97,-122,0
3486.478301048279,10644,5620,10684,-124,-107,122,10128,-8700,8908,-55,57,-195,-14744,3616,3636,-994,131,-86,-14768,-3364,5148,-476,140,-93,0
3486.511826992035,10648,5552,10580,-158,-93,110,10088,-8744,8972,-49,129,-163,-14796,3720,3852,-991,98,-53,-14888,-3128,5468,-496,124,-102,0
3486.5454800128937,10596,5520,10488,-161,-73,121,10136,-8824,8776,-36,104,-202,-14684,3736,3736,-982,136,-47,-14940,-3364,5400,-465,125,-71,0
3486.5791249275208,10704,5536,10628,-177,-91,131,10116,-8688,8876,-25,123,-172,-14784,3660,3812,-1016,99,-68,-14716,-3280,5472,-528,125,-144,0
3486.612447977066,10532,5540,10520,-141,-107,118,10164,-8712,8772,-24,157,-185,-14776,3328,3808,-1000,86,-139,-14772,-3348,5392,-259,133,-158,0
3486.6457929611206,10636,5588,10664,-182,-94,74,10060,-8640,8812,-32,110,-207,-14716,3684,3700,-998,118,-43,-14760,-3356,5304,-488,123,-116,0
3486.679206132889,10616,5604,10656,-146,-110,102,10104,-8864,8852,-37,101,-176,-14736,3544,3736,-981,52,-82,-14780,-3388,5508,-524,82,-177,0
3486.712832927704,10676,5644,10556,-173,-72,91,10084,-8752,9120,-36,161,-151,-14764,3548,3660,-1016,83,-122,-14840,-3276,5424,-513,130,-140,0
3486.7464809417725,10548,5580,10720,-191,-56,122,10228,-8688,8988,-32,132,-153,-14664,3732,3940,-1035,90,-86,-14732,-3436,5408,-505,106,-99,0
3486.7798449993134,10664,5492,10664,-170,-80,116,10068,-8676,8772,-92,115,-197,-14808,3812,3836,-942,103,-45,-14784,-3328,5160,-470,91,-125,0
3486.8132979869843,10624,5488,10572,-208,-46,86,10132,-8464,8812,15,123,-176,-14616,3740,3800,-1273,151,-46,-14616,-3256,5404,-469,186,-81,0
3486.850175142288,10672,5492,10452,-168,-56,119,10136,-8696,8824,-14,131,-156,-14748,3696,3668,-1030,90,-108,-14824,-3432,5524,-447,137,-123,0
3486.8853740692134,10628,5568,10372,-210,-17,89,10048,-8804,8844,-51,175,-166,-14840,3660,3584,-981,59,-57,-14836,-3264,5600,-430,131,-149,0
3486.921077013016,10556,5592,10632,-199,-37,63,9984,-8748,8760,-24,182,-190,-14672,3796,3864,-1005,66,-126,-14684,-3204,5416,-451,190,-115,0
3486.9570651054382,10592,5524,10536,-235,-67,121,10204,-8472,8932,18,154,-186,-14644,3640,3764,-998,111,-115,-14716,-3396,5196,-437,170,-80,0
3486.992010116577,10600,5552,10652,-242,-92,131,9996,-8936,8932,17,161,-193,-14760,3604,3872,-998,82,-144,-14752,-3152,5432,-483,167,-66,0
3487.0278351306915,10676,5572,10656,-279,-137,142,9976,-8672,8812,-58,107,-220,-14696,3680,4000,-954,111,-117,-15068,-3252,5468,-495,177,-55,0
3487.0629920959473,10588,5480,10668,-292,-92,136,10064,-8732,8712,-73,134,-228,-14768,3612,3776,-977,85,-115,-14688,-3080,5568,-506,135,-80,0
3487.0987470149994,10624,5484,10388,-288,-130,150,10060,-8700,8784,-56,163,-183,-14716,3720,3600,-1001,105,-118,-14816,-3108,5420,-482,154,-59,0
3487.1340601444244,10736,5528,10440,-315,-123,161,10048,-8668,8888,-63,131,-184,-14664,3644,3784,-982,131,-96,-14804,-3268,5508,-447,124,-68,0
3487.170198917389,10620,5472,10564,-300,-111,160,10052,-8928,8904,-29,144,-203,-14780,3616,3852,-961,146,-140,-15088,-3112,5444,-498,153,-70,0
3487.2048671245575,10656,5604,10608,-277,-146,158,10088,-8676,8828,-26,121,-243,-14768,3672,3808,-1006,134,-131,-14812,-3264,5320,-468,205,-67,0
3487.2404861450195,10600,5492,10528,-283,-178,158,10004,-8712,8856,5,123,-217,-14748,3660,3792,-1035,116,-192,-14760,-3312,5364,-508,217,-98,0
3487.275885105133,10764,5472,10312,-245,-149,131,9988,-8708,8824,11,156,-219,-14768,3572,3752,-1015,108,-92,-15032,-3348,5180,-475,178,-123,0
3487.311238050461,10332,5500,10540,-298,-162,100,10064,-8684,8952,-21,167,-234,-14712,3424,3712,-987,67,-156,-14864,-3288,5440,-467,152,-124,0
3487.347561120987,10608,5512,10524,-226,-110,145,10148,-8656,8732,-24,137,-197,-14700,3576,3616,-977,83,-97,-14840,-3228,5376,-489,146,-83,0
3487.3827810287476,10692,5472,10580,-267,-143,144,10116,-8588,8904,-34,137,-204,-14800,3716,4064,-994,96,-104,-14716,-3264,5156,-258,164,-76,0
3487.41761803627,10580,5452,10496,-270,-127,176,10224,-8592,8920,-17,96,-168,-14676,3564,3840,-1014,139,-89,-14776,-3304,5348,-478,133,-59,0
3487.4538569450374,10556,5468,10608,-252,-142,142,10120,-8708,8784,-47,94,-202,-14724,3648,3788,-988,148,-136,-14824,-3532,5332,-507,193,-88,0
3487.4904739856725,10676,5136,10740,-270,-170,144,10056,-8736,8976,11,120,-218,-14768,3628,3628,-1024,125,-118,-14892,-3236,5144,-501,204,-76,0
3487.5240120887756,10636,5376,10336,-225,-147,169,10108,-8708,8904,-10,137,-215,-14708,3580,3820,-999,123,-75,-14788,-3284,5224,-462,123,-128,0
3487.557512998581,10724,5508,10600,-275,-109,136,10076,-8672,8784,254,139,-167,-14780,3536,3652,-973,66,-105,-14920,-3568,5384,-500,128,-136,0
3487.5909919738774,10668,5436,10272,-242,-150,148,10032,-8688,9208,-23,148,-180,-14672,3368,3732,-958,100,-149,-14732,-3508,5348,-472,139,-57,0
3487.624495983124,10920,5432,10592,-205,-162,133,10064,-8580,8940,-47,144,-200,-14700,3336,3616,-998,118,-95,-14748,-3292,5164,-484,199,-89,0
3487.6577200889587,10636,5396,10388,-208,-161,131,10148,-8620,8868,-12,106,-194,-14604,3484,3792,-771,173,-97,-14728,-3288,5504,-505,180,-66,0
3487.691009044647,10732,5444,10524,-186,-163,138,10108,-8708,8856,-36,115,-209,-14596,3624,3712,-1274,134,-117,-14812,-3328,5348,-437,191,-101,0
3487.727180957794,10628,5404,10484,-240,-146,99,10052,-8584,8980,-32,156,-198,-14688,3592,3684,-1014,122,-138,-14796,-3180,5436,-457,182,-125,0
3487.761209964752,10724,5480,10732,-162,-118,117,10036,-8660,8992,-17,131,-187,-14640,3684,3616,-1277,133,-134,-14780,-3296,5356,-502,190,-114,0
3487.794552087784,10676,5156,10700,-120,-33,93,10024,-8656,8844,-48,128,-177,-14724,3596,3728,-1270,118,-69,-14820,-3384,5452,-515,175,-97,0
3487.8282520771027,10508,5436,10592,-134,-3,81,10136,-8560,9112,-32,122,-201,-14752,3556,3828,-1024,114,-82,-14848,-3292,5384,-480,171,-125,0
3487.8615040779114,10716,5432,10260,-183,-33,89,10144,-8656,8784,-31,141,-185,-14756,3788,3588,-987,118,-78,-14932,-3248,5284,-433,147,-131,0
3487.894940137863,10712,5136,10424,-160,-51,106,10096,-8680,8932,-44,118,-187,-14732,3624,3672,-1008,82,-93,-14796,-3220,5300,-464,146,-127,0
3487.9285819530487,10792,5608,10724,-138,-17,92,10072,-8464,8816,-41,143,-176,-14760,3364,3744,-1004,77,-64,-14748,-3200,5592,-477,173,-140,0
3487.962080001831,10756,5464,10672,-148,-57,90,10080,-8700,8904,-10,153,-183,-14624,3672,3728,-988,101,-49,-14808,-3552,5604,-469,159,-128,0
3487.9955670833588,10772,5548,10400,-111,-36,94,10080,-8656,8948,-72,149,-161,-14700,3688,3684,-1010,101,-57,-14764,-3532,5424,-466,106,-118,0
3488.0292880535126,10740,5360,10580,-140,-5,108,10104,-8748,8936,-47,147,-141,-14732,3528,3736,-1006,58,-58,-14800,-3248,5380,-479,123,-165,0
3488.062751054764,10736,5472,10644,-162,-13,90,10068,-8680,8948,-48,148,-153,-14680,3576,3564,-1014,100,-70,-14820,-3324,5424,-517,126,-101,0
3488.096457004547,10688,5472,10668,-80,2,86,10140,-8660,8804,-78,181,-165,-14672,3828,3680,-978,86,-61,-14708,-3352,5412,-489,133,-144,0
3488.129907131195,10764,5196,10636,-138,-43,65,10152,-8708,8980,-44,127,-190,-14776,3384,3388,-1003,68,-49,-14720,-3172,5356,-459,149,-139,0
3488.1634249687195,10656,5516,10552,-127,14,92,10100,-8740,8932,-16,140,-163,-14660,3368,3944,-1057,96,-64,-14768,-3232,5620,-502,142,-141,0
3488.1969969272614,10668,5484,10512,-125,11,81,10152,-8472,8852,-12,145,-143,-14784,3612,3904,-1277,44,-92,-14844,-3308,5380,-497,129,-150,0
3488.230301141739,10632,5456,10620,-123,-2,57,10116,-8476,9196,-67,170,-160,-14664,3692,3648,-1001,20,-35,-14612,-3272,5156,-478,92,-165,0
3488.263934135437,10668,5480,10616,-103,-37,57,10008,-8740,8836,-65,146,-166,-14684,3348,3696,-994,85,-67,-14800,-3216,5448,-759,137,-158,0
3488.2974829673767,10676,5428,10700,-112,-44,89,10120,-8640,8984,-29,152,-147,-14692,3600,3752,-1013,88,-61,-14740,-3224,5360,-482,137,-154,0
3488.3310940265656,10640,5528,10436,-69,-31,107,10012,-8696,8884,-29,122,-163,-14652,3672,3756,-979,95,-71,-14764,-3268,5520,-499,161,-115,0
3488.3647220134735,10668,5536,10540,-76,-57,93,10032,-8744,8980,-20,141,-157,-14784,3712,3624,-1011,114,-109,-14736,-3276,5408,-492,151,-135,0
3488.3978991508484,10616,5536,10544,-88,-24,85,10040,-8720,8792,-23,132,-160,-14736,3596,3808,-992,91,-77,-14716,-3364,5384,-486,172,-112,0
3488.4314000606537,10728,5456,10496,-67,-72,86,10124,-8752,8848,-3,108,-163,-14764,3632,3820,-1004,121,-56,-14908,-3276,5396,-520,135,-115,0
3488.46483707428,10684,5512,10804,-106,-91,121,10152,-8704,8720,-45,125,-172,-14808,3784,3876,-1021,137,-67,-14724,-3304,5444,-485,147,-132,0
3488.4982380867004,10608,5520,10512,-120,-95,99,10196,-8752,8996,-17,138,-182,-14652,3668,3676,-980,97,-60,-14776,-3316,5448,-469,137,-160,0
3488.5353310108185,10640,5468,10512,-103,-46,78,10116,-8628,8848,-47,143,-169,-14788,3816,3804,-993,104,-91,-14792,-3248,5340,-483,144,-150,0
3488.5708360672,10692,5564,10532,-122,-42,84,10112,-8668,8880,-5,135,-187,-14764,3656,3756,-1039,99,-62,-14796,-3568,5212,-476,149,-159,0
3488.6075649261475,10520,5480,10580,-124,-100,120,10124,-8916,8740,-19,176,-162,-14728,3660,3656,-986,108,-133,-14844,-3300,5428,-477,151,-121,0
3488.6423399448395,10636,5388,10672,-154,-86,67,10132,-8720,8912,-20,146,-175,-14788,3652,3732,-983,89,-98,-14784,-3340,5516,-498,125,-131,0
3488.678694009781,10692,5564,10532,-108,-253,101,10064,-8680,8860,-35,115,-150,-14684,3732,3628,-1004,88,-61,-14760,-3392,5356,-495,134,-145,0
3488.7142601013184,10632,5404,10492,-130,-93,99,10120,-8724,9020,-37,89,-175,-14772,3604,3684,-994,61,-114,-14792,-3408,5612,-263,139,-148,0
3488.749983072281,10652,5692,10436,-174,-33,99,9804,-8684,8920,-48,122,-168,-14724,3820,3736,-996,129,-36,-14840,-3392,5460,-463,104,-117,0
3488.7849731445312,10588,5540,10548,-178,-84,106,10132,-8656,8760,-93,164,-162,-14760,3624,3788,-999,59,-78,-14808,-3336,5408,-259,127,-167,0
3488.821196079254,10664,5592,10500,-175,-39,53,10176,-8724,8908,-250,132,-185,-14624,3672,3732,-1014,88,-77,-14752,-3268,5380,-489,135,-154,0
3488.857283115387,10648,5520,10372,-136,-61,119,10168,-8684,8824,1,134,-135,-14732,3672,3812,-1044,80,-96,-14788,-3340,5292,-473,115,-134,0
3488.8920640945435,10716,5632,10644,-166,-67,107,10148,-8668,8896,-60,131,-158,-14684,3744,3612,-963,74,-45,-14808,-3384,5488,-484,105,-91,0
3488.927771091461,10596,5608,10580,-176,-79,93,10028,-8528,9092,-57,145,-151,-14716,3652,3988,-986,140,-87,-14832,-3288,5612,-469,127,-90,0
3488.9626779556274,10724,5588,10556,-161,-59,120,10100,-8684,8916,16,136,-167,-14720,3592,3768,-991,114,-70,-14832,-3092,5604,-473,164,-113,0
3488.9983699321747,10568,5536,10540,-182,-38,120,10120,-8700,8912,-25,117,-178,-14684,3608,3732,-1026,132,-87,-14808,-3112,5392,-460,145,-121,0
3489.0338239669804,10580,5484,10616,-203,-85,122,10008,-8744,8872,-14,141,-186,-14748,3828,3648,-1002,103,-123,-14748,-3160,5480,-478,157,-118,0
3489.0695679187775,10644,5376,10412,-163,-42,97,10116,-8496,8796,-18,150,-185,-14684,3720,3896,-1012,97,-51,-14812,-3280,5136,-476,151,-117,0
3489.1047670841217,10628,5572,10588,-170,-28,68,10084,-8684,9044,-26,188,-161,-14796,3568,3792,-1044,117,-126,-14680,-3412,5376,-476,144,-104,0
3489.1402580738068,10608,5584,10564,-180,-52,100,10116,-8908,8964,-42,140,-165,-14624,3684,3668,-993,95,-93,-14740,-3364,5524,-473,151,-106,0
3489.176603078842,10644,5624,10624,-202,-47,93,9748,-8696,8752,-67,138,-190,-14380,3704,3856,-1001,102,-98,-14660,-3272,5468,-457,149,-106,0
3489.210067987442,10612,5580,10548,-209,-62,115,10080,-8748,8868,-48,134,-191,-14684,3628,3672,-1011,112,-79,-14596,-3268,5320,-456,155,-89,0
3489.2435529232025,10744,5556,10608,-246,-66,107,10096,-8892,8704,-15,115,-205,-14744,3604,3848,-981,122,-88,-14624,-3300,5364,-482,176,-85,0
3489.2771530151367,10692,5488,10480,-207,-42,105,10048,-8672,8960,-14,158,-187,-14736,3688,3728,-1010,92,-116,-14760,-3356,5404,-487,162,-81,0
3489.3107559680934,10668,5460,10656,-2,-51,119,10052,-8792,8888,-31,159,-169,-14712,3556,3776,-992,99,-132,-14724,-3360,5388,-483,162,-71,0
3489.344393014908,10664,5548,10352,-512,-72,113,10116,-8612,8912,-43,142,-188,-14712,3748,3952,-986,94,-122,-14888,-3276,5312,-482,137,-81,0
3489.377992153168,10656,5832,10456,-268,-72,121,10036,-8828,8884,-57,170,-192,-14724,3596,4020,-977,92,-69,-14856,-3344,5456,-462,166,-60,0
3489.411339044571,10644,5484,10624,-4,-35,147,9808,-8508,8948,-49,142,-182,-14720,3652,3656,-941,126,-106,-14780,-3288,5380,-474,140,-41,0
3489.4449150562286,10664,5496,10644,-302,-48,134,10128,-8768,8876,-57,148,-184,-14680,3748,3740,-1003,84,-115,-14772,-3100,5468,-450,163,-84,0
3489.478539943695,10600,5496,10808,-304,-90,140,10068,-8636,8864,-33,188,-190,-14684,3580,3812,-986,123,-144,-14776,-3292,5480,-466,168,-48,0
3489.512115955353,10632,5480,10640,-255,-95,131,10056,-8700,8868,-101,203,-194,-14796,3648,3736,-964,64,-87,-14744,-3284,5344,-499,174,-88,0
3489.545655965805,10644,5464,10516,-249,-143,113,9996,-8952,8804,-6,132,-214,-14692,3560,3652,-1013,116,-121,-14848,-3304,5316,-481,170,-85,0
3489.579211950302,10600,5472,10584,-213,-55,169,10116,-8620,8880,28,134,-188,-14844,3616,3844,-1002,122,-94,-14740,-3244,5356,-491,164,-81,0
3489.6128599643707,10648,5536,10532,-250,-100,138,10032,-8648,8704,-13,144,-175,-14756,3628,3796,-986,95,-109,-14840,-3280,5424,-470,142,-67,0
3489.646094083786,10644,5484,10624,-299,-115,123,10028,-8700,8740,-66,124,-176,-14668,3520,3732,-958,94,-112,-14724,-3176,5216,-474,141,-78,0
3489.67973613739,10644,5512,10296,-231,-100,135,10048,-8736,8944,-62,113,-201,-14836,3720,3908,-980,98,-94,-14812,-3288,5392,-472,138,-70,0
3489.7133769989014,10692,5412,10308,-268,-144,152,10072,-8524,8904,12,132,-188,-14712,3604,3860,-1036,130,-105,-15004,-3260,5344,-479,157,-91,0
3489.7467091083527,10612,5488,10612,-213,-124,146,10108,-8520,8876,255,139,-217,-14732,3748,3604,-1032,113,-134,-14828,-3216,5224,-474,186,-82,0
3489.7802970409393,10608,5488,10904,-256,-145,149,10048,-8648,8884,7,110,-212,-14752,3692,3656,-994,142,-167,-14732,-3292,5508,-449,188,-99,0
3489.813854932785,10688,5468,10436,-231,-150,117,10080,-8712,8888,-11,130,-213,-14816,3828,3352,-1002,128,-76,-14820,-3264,5436,-487,177,-83,0
3489.847554922104,10672,5496,10652,-231,-150,113,10096,-8620,8776,1,115,-203,-14760,3500,3712,-968,104,-83,-14756,-3444,5240,-481,156,-89,0
3489.8810710906982,10652,5448,10520,-229,-148,142,10012,-8780,8940,-23,107,-217,-14672,3632,3752,-999,107,-84,-14652,-3172,5580,-451,173,-62,0
3489.914494037628,10612,5408,10504,-241,-171,138,10108,-8636,8820,-20,113,-222,-14828,3552,3656,-1003,92,-131,-14688,-3548,5592,-473,186,-92,0
3489.948210954666,10680,5412,10560,-220,-158,150,10140,-8632,9188,-10,143,-230,-14764,3624,3756,-974,100,-124,-14864,-3208,5268,-472,159,-100,0
3489.9818120002747,10612,5428,10636,-213,-137,110,10108,-8676,8780,4,129,-219,-14636,3668,3656,-1009,114,-148,-14780,-3244,5328,-470,199,-95,0
3490.015421152115,10732,5400,10312,-195,-125,142,10092,-8684,8916,-31,113,-220,-14728,3704,3700,-991,85,-107,-14856,-3268,5444,-467,175,-125,0
3490.048670053482,10716,5404,10628,-204,-116,106,10160,-8468,8816,-17,145,-185,-14700,3676,3792,-1016,127,-79,-14672,-3256,5308,-495,195,-113,0
3490.0822019577026,10676,5436,10600,-153,-112,140,10080,-8584,8908,-9,123,-211,-14672,3348,3724,-996,145,-133,-14732,-3224,5592,-454,190,-96,0
3490.1158061027527,10712,5424,10556,-153,-88,127,10132,-8692,8812,-65,126,-157,-14736,3700,3680,-1021,123,-64,-14828,-3220,5232,-455,120,-87,0
3490.148968935013,10664,5456,10484,-164,-55,101,10156,-8944,8832,-72,150,-184,-14796,3516,3760,-1020,60,-31,-14828,-3284,5336,-501,134,-147,0
3490.182152032852,10712,5500,10660,-186,-32,92,10064,-8944,9060,-248,137,-174,-14700,3556,3728,-1033,87,-86,-14764,-3332,5484,-468,138,-120,0
3490.2203390598297,10656,5444,10584,-127,248,84,10224,-8708,8880,-81,148,-155,-15012,3564,3912,-996,81,-77,-14796,-3316,5460,-479,175,-127,0
3490.2555170059204,10700,5432,10508,-178,-75,74,9824,-8712,8716,-15,128,-198,-14720,3704,3668,-997,115,-131,-14640,-3140,5524,-469,181,-151,0
3490.2915599346165,10696,5420,10504,-150,-17,111,10112,-8480,8776,2,155,-137,-14676,3552,3588,-1035,90,-74,-14768,-3180,5376,-478,114,-138,0
3490.327536106109,10696,5476,10516,-158,-20,94,10052,-8812,8904,-50,145,-130,-14728,3548,3604,-770,77,-65,-14772,-3244,5452,-454,106,-141,0
3490.363385915756,10548,5496,10540,-147,13,72,10184,-8668,8872,-45,186,-162,-14720,3604,4056,-1009,103,-31,-14736,-3268,5620,-489,108,-109,0
3490.3986620903015,10632,5540,10656,-129,39,96,10164,-8672,8952,-85,144,-146,-14664,3588,3688,-994,101,-61,-14732,-3300,5292,-479,138,-134,0
3490.4343230724335,10632,5460,10548,-143,-31,88,10052,-8704,8772,-11,146,-155,-14648,3696,3476,-1269,101,-86,-14752,-3264,5168,-458,161,-123,0
3490.470356941223,10644,5548,10600,-100,-9,89,10024,-8608,8792,-40,154,-171,-14716,3620,3612,-1036,100,-91,-14704,-3292,5224,-487,158,-142,0
3490.5060479640965,10660,5420,10580,-129,-51,85,10096,-8864,8860,-30,149,-163,-14712,3652,3908,-990,82,-69,-15100,-3236,5344,-484,169,-139,0
3490.5418770313263,10628,5124,10580,-107,-23,86,10064,-8828,8916,-25,140,-192,-14664,3656,3780,-769,103,-88,-14676,-3232,5352,-493,159,-115,0
3490.5780420303345,10620,5480,10548,-132,-43,103,10188,-8540,8764,-20,171,-148,-14704,3596,4072,-1037,97,-52,-14724,-3132,5196,-489,130,-144,0
3490.612786054611,10728,5524,10636,-110,-28,82,10124,-8948,8948,-43,140,-156,-14692,3556,4076,-985,96,-108,-14800,-3312,5608,-480,129,-168,0
3490.64866399765,10628,5472,10456,-148,-46,81,10132,-8620,8888,-34,148,-195,-14620,3596,3764,-990,112,-78,-14864,-3292,5428,-479,137,-124,0
3490.684381008148,10680,5484,10672,-126,-56,100,10112,-8932,8744,-58,136,-222,-14672,3736,3904,-1004,129,-67,-14704,-3108,5316,-487,173,-150,0
3490.7200610637665,10780,5420,10508,-98,-46,81,10080,-8484,8836,-38,123,-191,-14708,3780,3828,-1006,70,-80,-14668,-3220,5492,-487,181,-137,0
3490.7552831172943,10616,5372,10532,-112,-48,95,9972,-8896,8788,4,102,-194,-14760,3604,3584,-1038,114,-70,-14792,-3352,5344,-490,143,-148,0
3490.790946006775,10556,5504,10676,-145,-47,87,9996,-8652,8936,-28,138,-192,-14732,3528,3692,-997,108,-139,-14780,-3240,5360,-479,148,-107,0
3490.826234102249,10656,5468,10540,-128,-52,116,10064,-8760,9212,-50,139,-184,-14872,3708,3680,-996,113,-81,-14888,-3268,5432,-480,120,-147,0
3490.863062143326,10716,5424,10656,-166,-75,107,10072,-8752,8936,-41,254,-112,-14744,3680,3776,-1017,82,-45,-15076,-3584,5168,-477,141,-167,0
3490.89643907547,10516,5568,10508,-131,-33,124,10108,-8644,8940,-30,132,-129,-14748,3620,3832,-998,111,-40,-14792,-3324,5368,-476,129,-142,0
3490.9299471378326,10716,5448,10516,-147,-78,82,10096,-8500,8732,-91,162,-169,-14764,3584,3784,-1001,49,-51,-14796,-3412,5428,-767,128,-143,0
3490.9637310504913,10604,5396,10524,-159,-55,83,10000,-8524,8872,2,134,-177,-14612,3544,3700,-1001,95,-49,-14704,-3308,5424,-478,145,-123,0
3490.997395992279,10612,5568,10276,-113,-54,102,10140,-8452,8856,-30,120,-153,-15092,3724,3688,-1053,96,-103,-15040,-3272,5456,-497,149,-157,0
3491.030745983124,10636,5548,10476,-152,-54,76,10056,-8908,8912,-7,154,-186,-14796,3652,3804,-984,48,-52,-15072,-3088,5388,-462,110,-142,0
3491.064105987549,10640,5536,10692,-175,-51,110,10140,-8748,8984,-40,166,-168,-14728,3588,3772,-967,110,-68,-14820,-3308,5284,-486,113,-116,0
3491.0981121063232,10532,5440,10536,-139,-63,107,10032,-8696,8864,-22,142,-167,-14764,3820,3636,-996,123,-52,-14716,-3256,5420,-487,142,-129,0
3491.1317529678345,10616,5516,10356,-183,-68,103,10048,-8792,9000,-21,117,-164,-14580,3616,3500,-1278,110,-80,-14688,-3276,5188,-496,133,-134,0
3491.1652970314026,10668,5556,10584,-132,-66,124,10008,-8568,8852,-31,111,-183,-14692,3644,3728,-1020,108,-124,-14780,-3576,5292,-497,178,-95,0
3491.198828935623,10592,5608,10580,-169,-83,82,10000,-8516,8744,-51,144,-196,-14808,3728,3804,-1017,128,-129,-14788,-3416,5128,-445,160,-137,0
3491.232130050659,10660,5580,10792,-108,-72,85,10160,-8640,8820,-9,124,-188,-14660,3600,3728,-1004,114,-73,-14876,-3552,5552,-475,190,-129,0
3491.265444993973,10588,5564,10252,-145,-92,120,10068,-8956,8884,-34,122,-183,-14716,3692,3804,-1014,101,-52,-14708,-3204,5500,-486,145,-103,0
3491.2991111278534,10520,5636,10644,-163,-117,102,10164,-8700,8820,-50,113,-193,-14672,3592,4088,-1014,107,-126,-15076,-3224,5248,-478,130,-128,0
3491.3326339721684,10684,5532,10728,-131,-110,94,10128,-8756,8792,-25,148,-198,-14652,3652,3684,-998,80,-132,-14684,-3396,5320,-462,124,-151,0
3491.366254091263,10620,5464,10636,-170,-73,111,10120,-8772,8860,-40,107,-177,-14664,3644,3816,-1013,99,-92,-14848,-3324,5336,-490,119,-145,0
3491.4000000953674,10644,5572,10556,-151,-116,79,10120,-8788,8764,-23,125,-172,-14772,3752,3764,-1003,107,-94,-14696,-3320,5272,-491,156,-130,0
3491.43337392807,10556,5464,10488,-143,-90,94,10044,-8740,8804,-22,120,-203,-14812,3592,3592,-1036,112,-57,-14776,-3076,5424,-496,165,-100,0
3491.4670050144196,10684,5612,10604,-145,-114,107,10192,-8588,8644,-15,161,-158,-14768,3724,3704,-1016,117,-71,-14784,-3352,5440,-508,132,-125,0
3491.5005531311035,10596,5476,10424,-160,-97,113,9972,-8708,8948,-11,130,-174,-14664,3676,3732,-1010,137,-119,-14740,-3080,5552,-484,147,-154,0
3491.534029006958,10624,5536,10568,-134,-74,82,10024,-8656,9024,-22,133,-188,-14688,3604,3784,-995,102,-88,-14784,-3388,5584,-497,157,-126,0
3491.567507982254,10596,5820,10992,-150,-84,112,10064,-8672,8768,-47,174,-191,-14652,3656,3624,-988,97,-61,-14856,-3380,5364,-480,123,-127,0
3491.601201057434,10584,5524,10720,-187,-120,102,10140,-8668,8824,-62,147,-162,-14752,3596,3756,-1275,46,-37,-14764,-3292,5516,-490,144,-132,0
3491.6345751285553,10612,5608,10524,-197,-49,98,10108,-8680,8968,-38,136,-162,-14684,3628,3800,-1032,108,-71,-14764,-3352,5176,-479,141,-109,0
3491.668303012848,10688,5604,10464,-162,-34,118,10124,-8692,8736,-52,117,-196,-14744,3604,3876,-988,104,-105,-14840,-3304,5332,-481,139,-132,0
3491.7019460201263,10620,5556,10416,-163,-116,94,10192,-8552,8748,-64,138,-200,-14712,3636,3728,-993,78,-97,-15096,-3220,5584,-509,136,-130,0
3491.735491991043,10716,5492,10708,-166,-53,99,10228,-8740,8908,-34,138,-185,-14624,3584,3620,-1032,91,-70,-14828,-3256,5368,-258,122,-145,0
3491.7690789699554,10620,5508,10548,-125,-53,114,10136,-8672,8768,-18,139,-130,-14748,3712,3804,-1012,98,-68,-14808,-3584,5260,-506,124,-129,0
3491.8021190166473,10668,5640,10512,-164,-51,98,10096,-8604,8712,-34,127,-175,-14348,3652,3636,-1000,101,-89,-14644,-3348,5332,-456,133,-121,0
3491.8358211517334,10652,5504,10652,-197,-60,90,10092,-8768,8868,-22,158,-164,-14704,3816,3816,-989,85,-76,-14812,-3356,5576,-473,147,-123,0
3491.871680021286,10676,5556,10456,-202,-55,100,10140,-8748,8928,-15,146,-143,-14672,3592,3808,-998,98,-99,-14900,-3188,5276,-477,172,-97,0
3491.907773971557,10540,5756,10492,-187,-42,112,10032,-8600,8496,-8,101,-182,-14740,3600,3784,-1022,101,-82,-14604,-3304,5524,-455,166,-105,0
3491.9427630901337,10728,5504,10388,-210,-85,90,10080,-8704,8936,-11,121,-183,-14720,3756,3760,-1025,101,-126,-15088,-3192,5428,-469,149,-93,0
3491.978168010712,10636,5600,10556,-230,-36,80,10096,-8700,8704,-20,169,-177,-14708,3836,3808,-1007,100,-159,-14816,-3180,5164,-473,143,-105,0
3492.0143251419067,10692,5528,10588,-235,-49,122,10180,-8660,8880,-28,155,-174,-14724,3652,3724,-980,128,-104,-15008,-3132,5468,-480,186,-74,0
3492.0501511096954,10544,5552,10604,-239,-60,135,9960,-8716,8952,-44,156,-207,-14688,3652,3940,-991,114,-131,-14780,-3364,5296,-446,174,-83,0
3492.085295915604,10748,5624,10448,-314,-57,130,10136,-8656,8988,-71,194,-190,-14744,3700,3800,-961,85,-117,-14784,-3280,5364,-484,143,-81,0
3492.1213920116425,10728,5436,10500,-247,-57,106,10148,-8916,8744,-88,114,-244,-14748,3696,3612,-986,72,-119,-14940,-3236,5384,-515,161,-84,0
3492.1571609973907,10600,5476,10456,-269,-64,116,9996,-8620,9032,-15,153,-190,-14676,3656,3792,-1015,79,-135,-14736,-3376,5292,-467,131,-88,0
3492.1924481391907,10624,5612,10356,-270,-48,117,10164,-8904,8860,-45,145,-201,-14652,3580,3716,-1003,133,-107,-14732,-3556,5424,-458,180,-56,0
3492.2277350425725,10584,5496,10624,-306,-142,155,10052,-8772,8844,-83,171,-199,-14760,3632,3712,-970,92,-149,-14608,-3292,5208,-488,191,-77,0
3492.2632689476013,10592,5536,10676,-286,-97,133,10236,-8912,8928,-33,124,-172,-14788,3516,3676,-978,140,-73,-14808,-3368,5572,-458,141,-37,0
3492.298892021179,10632,5504,10596,-275,-108,145,10140,-8708,8756,-14,136,-216,-14848,3724,3516,-974,125,-145,-14772,-3276,5420,-481,166,-100,0
3492.334372997284,10600,5416,10644,-275,-129,143,10096,-8656,8952,-13,121,-210,-14736,3612,3752,-1002,98,-88,-14804,-3300,5212,-460,128,-108,0
3492.3695039749146,10580,5436,10604,-248,-100,132,9784,-8948,9212,-37,163,-209,-14756,3616,3788,-1000,103,-69,-14768,-3268,5444,-498,115,-85,0
3492.404205083847,10748,5552,10532,-272,-101,154,10068,-8452,8908,-37,125,-193,-14796,3596,3788,-1013,123,-104,-14744,-3084,5352,-487,159,-82,0
3492.439576148987,10624,5424,10472,-231,-91,158,10128,-8732,8820,-43,114,-188,-14664,3640,3828,-966,113,-91,-14840,-3256,5368,-456,196,-101,0
3492.4746379852295,10572,5460,10588,-294,-161,138,10164,-8912,8836,-27,125,-208,-14692,3624,3788,-1009,118,-143,-14808,-3368,5388,-468,172,-89,0
3492.5107190608974,10584,5432,10548,-237,-192,154,10004,-8580,8880,17,111,-222,-14644,3624,3916,-1016,137,-135,-14764,-3332,5152,-428,198,-93,0
3492.546669960022,10668,5476,10520,-224,-145,115,10040,-8932,8756,-41,110,-239,-14676,3596,3668,-988,110,-142,-14784,-3088,5608,-481,192,-92,0
3492.5802710056305,10672,5512,10488,-211,-168,112,10072,-8624,8828,-21,132,-218,-14784,3592,3724,-1000,96,-104,-14844,-3168,5172,-472,141,-109,0
3492.6136989593506,10648,5500,10500,-244,-114,129,10008,-8660,8864,-46,125,-166,-14688,3676,3480,-991,83,-77,-14820,-3084,5308,-460,96,-108,0
3492.647139072418,10700,5548,10584,-253,-120,150,10096,-8732,8884,-30,122,-167,-14660,3660,3680,-995,124,-90,-15056,-3280,5220,-472,134,-72,0
3492.6806259155273,10624,5532,10484,-284,-149,116,10400,-8680,8908,-22,117,-193,-14704,3616,3776,-1002,145,-115,-14832,-3132,5300,-476,160,-74,0
3492.7140481472015,10672,5480,10488,-226,-158,164,10068,-8692,8900,21,106,-215,-14672,3748,3772,-1280,146,-127,-14756,-3280,5320,-488,187,-94,0
3492.7521290779114,10736,5512,10544,-187,-151,130,10044,-8704,8952,-41,143,-205,-14692,3544,3772,-993,112,-104,-14600,-3256,5256,-494,176,-105,0
3492.7857151031494,10696,5548,10472,-213,-137,123,10024,-8604,8992,-59,148,-216,-14708,3640,3552,-1036,123,-116,-14736,-3112,5176,-499,187,-83,0
3492.8193759918213,10668,5428,10628,-190,-115,132,10124,-8580,8956,-9,110,-219,-14688,3644,3676,-1020,135,-122,-14792,-3176,5416,-489,173,-74,0
3492.852874994278,10712,5436,10504,-173,-109,108,10092,-8640,8992,-24,112,-164,-14664,3368,3544,-966,114,-101,-14784,-3192,5476,-469,140,-100,0
3492.886122941971,10636,5472,10500,-171,-88,140,10136,-8636,8820,-33,157,-189,-14728,3820,3632,-973,108,-69,-14792,-3200,5440,-477,143,-107,0
3492.919736146927,10636,5440,10552,-203,-66,117,10152,-8944,8924,-53,135,-191,-14768,3364,3544,-998,129,-77,-14840,-3276,5216,-472,153,-132,0
3492.9533541202545,10780,5388,10508,-185,-77,128,10208,-8592,8848,-21,132,-163,-14756,3524,3788,-772,105,-110,-14632,-3088,5284,-472,149,-118,0
3492.986904144287,10764,5380,10256,-160,-53,91,10144,-8676,8932,255,154,-166,-14732,3548,3644,-1029,98,-103,-15056,-3192,5364,-479,128,-137,0
3493.0205380916595,10756,5496,10708,-146,-43,89,10068,-8592,8792,22,152,-181,-14692,3620,3740,-1059,87,-72,-14768,-3308,5420,-476,138,-136,0
3493.054162025452,10664,5428,10316,-153,-60,87,10060,-8652,8916,-32,155,-178,-14664,3640,3664,-770,70,-57,-14816,-3216,5368,-491,157,-144,0
3493.087489128113,10704,5464,10400,-162,-67,104,10052,-8636,8952,-12,167,-168,-14768,3580,3712,-1002,72,-92,-14760,-3368,5428,-455,132,-110,0
3493.1211190223694,10692,5432,10616,-153,-254,104,10036,-8640,8796,-53,178,-161,-14684,3700,3800,-971,63,-76,-14860,-3296,5372,-484,66,-130,0
3493.154063940048,10768,5468,10636,-175,-10,84,10040,-8736,8944,-34,150,-148,-15084,3836,3772,-1037,37,-28,-14820,-3204,5492,-501,103,-136,0
3493.1875619888306,10700,5568,10456,-150,14,110,9956,-8688,9176,-29,146,-123,-14672,3492,3588,-1279,113,-33,-14632,-3404,5324,-459,113,-126,0
3493.2210550308228,10592,5496,10408,-87,2,105,10120,-8708,8936,-112,159,-177,-14640,3552,3704,-1008,79,-103,-14864,-3236,5320,-496,162,-141,0
3493.254596948624,10680,5428,10572,-152,-79,75,10028,-8704,8928,-35,114,-188,-14756,3644,3752,-1040,102,-81,-14796,-3228,5364,-467,153,-125,0
3493.2880280017853,10716,5392,10508,-102,31,98,10056,-8636,8840,18,101,-135,-14728,3740,3748,-1039,105,-23,-14600,-3340,5420,-480,120,-171,0
3493.321223974228,10760,5484,10512,-99,10,62,10088,-8800,8904,-84,161,-138,-14832,3612,3692,-980,63,-23,-14820,-3232,5472,-474,108,-162,0
3493.3547499179845,10708,5456,10612,-130,249,74,10052,-8752,8948,-76,156,-150,-14736,3752,3716,-962,67,-99,-14840,-3300,5480,-503,83,-154,0
3493.3882620334625,10736,5472,10644,-94,-21,81,10060,-8796,9012,-39,132,-150,-14716,3724,3804,-1024,76,-81,-14744,-3180,5408,-471,138,-119,0
3493.421860933304,10580,5480,10596,-99,-52,89,9744,-8704,8868,37,185,-168,-14600,3656,3544,-1034,124,-74,-14736,-3344,5384,-260,163,-132,0
3493.4554231166844,10580,5508,10548,-94,-65,111,10104,-8604,8796,-14,111,-170,-14652,3604,3740,-1008,115,-38,-14808,-3216,5388,-485,164,-149,0
3493.4886770248413,10580,5564,10520,-119,-52,84,10088,-8796,8988,-45,148,-198,-14800,3668,3788,-1030,70,-109,-14816,-3332,5388,-466,187,-164,0
3493.5220310688014,10636,5484,10428,-112,-72,93,10140,-8780,8744,4,145,-154,-14732,3632,3700,-1059,109,-94,-14792,-3344,5612,-491,147,-153,0
3493.5580871105194,10680,5608,10528,-82,-60,97,10024,-8636,8712,-12,128,-181,-14644,3564,3836,-1039,104,-96,-14860,-3356,5180,-471,126,-146,0
3493.593461036682,10724,5424,10464,-115,-53,87,10124,-8732,9008,-45,112,-177,-14696,3580,3832,-996,103,-37,-14792,-3356,5516,-507,110,-115,0
3493.629122018814,10596,5548,10564,-135,-78,110,10096,-8716,8988,-71,123,-186,-14824,3672,3680,-993,97,-64,-14820,-3308,5248,-472,130,-166,0
3493.6642100811005,10576,5496,10676,-118,-60,107,10048,-8720,8908,-61,105,-175,-14644,3652,3692,-1012,96,-65,-14768,-3312,5388,-491,126,-127,0
3493.699826002121,10684,5452,10636,-127,-69,105,10224,-8608,8848,-39,115,-199,-14680,3596,3596,-993,76,-79,-14876,-3252,5468,-488,140,-148,0
3493.7354040145874,10736,5548,10620,-118,-77,109,10136,-8612,9204,-19,113,-168,-14784,3592,3988,-1007,91,-102,-15060,-3352,5308,-482,150,-127,0
3493.7707180976868,10660,5616,10616,-126,-102,88,10036,-8660,8956,-26,122,-184,-14736,3628,3836,-995,108,-117,-14764,-3076,5440,-485,151,-124,0
3493.8057141304016,10568,5568,10708,-106,-61,82,10172,-8916,8856,-30,118,-177,-14720,3576,3620,-1004,107,-53,-14760,-3404,5516,-479,130,-132,0
3493.8417170047765,10608,5584,10564,-163,-71,89,10116,-8708,8900,-22,121,-180,-14724,3676,3836,-1013,56,-57,-14824,-3348,5452,-478,122,-157,0
3493.877696990967,10656,5664,10356,-191,-54,110,10048,-8564,8848,-40,142,-167,-14724,3804,3908,-996,81,-54,-14828,-3428,5336,-496,84,-118,0
3493.9126579761505,10640,5608,10432,-127,-65,107,10020,-8956,8736,-99,139,-206,-14636,3592,3712,-955,81,-64,-15056,-3128,5628,-486,149,-139,0
3493.948297023773,10772,5508,10360,-184,-81,65,10016,-8728,8892,-16,147,-226,-14652,3672,3800,-1003,102,-67,-14728,-3300,5388,-504,136,-155,0
3493.9833159446716,10716,5580,10424,-112,-36,105,9812,-8600,9104,-11,147,-166,-14688,3564,3832,-1019,81,-89,-14808,-3348,5328,-490,133,-144,0
3494.0182120800014,10624,5584,10488,-143,-58,94,10124,-8732,8968,-39,159,-175,-14716,3652,3716,-978,80,-96,-14820,-3316,5556,-457,107,-128,0
3494.0543711185455,10644,5604,10540,-163,-61,94,10088,-8452,8756,-88,168,-164,-14644,3768,3572,-1003,95,-25,-15096,-3576,5172,-470,143,-136,0
3494.0897319316864,10656,5524,10564,-148,-57,110,10128,-8652,9136,-20,151,-165,-14712,3596,3692,-1031,104,-103,-14792,-3336,5316,-479,143,-132,0
3494.1254580020905,10648,5548,10568,-183,-47,121,10036,-8668,8840,-18,102,-160,-14540,3636,3908,-1057,141,-84,-14768,-3368,5216,-498,140,-105,0
3494.1613421440125,10588,5544,10460,-205,-73,117,10072,-8680,8864,-37,112,-192,-14756,3608,3776,-1029,136,-148,-14752,-3348,5368,-457,146,-130,0
3494.198889017105,10500,5456,10632,-203,-16,81,10088,-8796,8964,-16,150,-177,-14704,3736,3996,-1050,73,-120,-14800,-3364,5444,-464,139,-98,0
3494.2324221134186,10644,5532,10636,-208,-67,110,10060,-8460,9212,42,162,-172,-14728,3348,3980,-1045,130,-106,-14784,-3340,5320,-457,169,-77,0
3494.265923976898,10552,5520,10416,-234,-44,116,10084,-8672,9000,21,140,-166,-14772,3636,3904,-1009,92,-59,-14784,-3344,5444,-437,166,-79,0
3494.299395084381,10464,5664,10644,-278,-90,118,10024,-8764,8816,-57,173,-221,-14712,3660,3896,-978,114,-109,-14900,-3320,5464,-447,171,-59,0
3494.3328070640564,10616,5568,10576,-306,-133,139,10124,-8684,9172,-54,150,-213,-14760,3632,3772,-972,110,-140,-14808,-3396,5448,-469,145,-63,0
3494.3660321235657,10648,5512,10652,-303,-103,123,10120,-8736,8948,-57,99,-217,-14676,3648,3776,-967,85,-109,-14740,-3344,5468,-474,157,-77,0
3494.399575948715,10668,5432,10564,-321,-99,137,10084,-8692,8908,-39,170,-226,-14692,3668,3708,-962,71,-79,-14752,-3272,5448,-453,191,-80,0
3494.4331469535828,10648,5496,10536,-338,-45,149,9908,-8532,8720,-59,165,-202,-14696,3632,3844,-968,66,-90,-14784,-3204,5232,-450,158,-55,0
3494.466810941696,10652,5460,10568,-334,-80,151,10044,-8736,8872,-13,165,-205,-14716,3636,3752,-996,117,-158,-14908,-3276,5376,-476,166,-58,0
3494.5004720687866,10556,5488,10628,-299,-108,129,10116,-8464,8876,-29,144,-207,-14768,3588,3668,-984,108,-167,-14820,-3268,5376,-451,178,-72,0
3494.534021139145,10660,5576,10520,-268,-104,159,10120,-8584,8752,-6,122,-198,-14724,3600,3960,-952,121,-108,-14864,-3228,5192,-484,130,-49,0
3494.567543029785,10896,5188,10460,-311,-141,148,10172,-8732,8916,-34,152,-217,-14676,3704,3648,-990,79,-67,-14808,-3412,5256,-475,172,-121,0
3494.6008529663086,10604,5388,10552,-291,-135,130,10064,-8660,9012,5,195,-163,-14376,3356,3804,-985,107,-115,-14796,-3344,5552,-456,134,-95,0
3494.6342239379883,10648,5476,10728,-250,-102,100,10248,-8656,8784,-89,136,-220,-14720,3644,3900,-941,50,-129,-14884,-3312,5452,-459,190,-108,0
3494.6678850650787,10604,5240,10628,-313,-178,100,10044,-8584,8816,2,129,-244,-14704,3688,3852,-986,157,-145,-14724,-3204,5372,-470,153,-98,0
3494.7014260292053,10604,5428,10628,-214,-98,129,10124,-8612,8760,26,92,-195,-14688,3616,3756,-1026,126,-82,-14744,-3092,5612,-486,141,-69,0
3494.7349469661713,10944,5592,10644,-279,-164,136,10088,-8692,8936,-20,146,-192,-14724,3676,3656,-964,92,-62,-14708,-3080,5436,-471,146,-94,0
3494.7686779499054,10684,5500,10652,-270,-125,142,10064,-8636,8948,-48,161,-184,-14728,3640,3772,-953,96,-79,-14784,-3236,5392,-471,98,-64,0
3494.8020911216736,10660,5436,10572,-229,-156,133,10144,-8728,8940,-46,63,-191,-14676,3672,3740,-996,94,-154,-14800,-3232,5372,-490,142,-71,0
3494.8354749679565,10648,5384,10444,-509,-166,163,10156,-8724,8784,31,132,-212,-14628,3580,3708,-1035,156,-135,-14764,-3376,5364,-487,187,-89,0
3494.869220972061,10608,5364,10340,-213,-155,134,10100,-8692,8968,-8,122,-215,-14740,3572,3760,-1009,117,-98,-14688,-3284,5416,-474,181,-86,0
3494.9025139808655,10576,5328,10576,-266,-170,117,10004,-8956,8936,5,154,-245,-14744,3716,3700,-989,119,-117,-14736,-3272,5472,-486,194,-119,0
3494.9360661506653,10744,5496,10288,-196,-116,99,10064,-8920,8868,-11,166,-233,-14744,3408,3712,-1014,100,-119,-14884,-3564,5364,-500,137,-99,0
3494.969717979431,10648,5620,10636,-204,-118,138,10088,-8608,9092,253,102,-211,-14680,3336,3620,-995,109,-151,-15068,-3308,5332,-479,158,-98,0
3495.0029690265656,10776,5412,10680,-217,-124,121,10176,-8692,9008,-71,121,-193,-14684,3576,3748,-992,129,-106,-14804,-3304,5540,-496,157,-116,0
3495.0366699695587,10644,5196,10676,-183,-99,114,10100,-8684,8936,-69,112,-193,-14748,3660,3728,-994,124,-91,-14820,-3172,5268,-504,189,-122,0
3495.070235013962,10744,5412,10264,-162,-94,105,10148,-8940,8880,-31,144,-187,-14676,3632,3624,-1001,75,-86,-14780,-3232,5380,-503,166,-95,0
3495.103728055954,10548,5428,10588,-126,-68,89,10108,-8664,9036,-38,119,-170,-14812,3824,3832,-1021,118,-107,-14796,-3320,5380,-461,142,-130,0
3495.1371600627895,10704,5384,10604,-153,-4,103,10108,-8584,8872,-6,147,-194,-14836,3616,4056,-1039,93,-101,-14740,-3188,5332,-475,159,-142,0
3495.1707911491394,10700,5404,10524,-191,-69,84,10064,-8700,8860,-20,133,-185,-14660,3640,3732,-1038,109,-102,-14804,-3232,5416,-461,145,-113,0
3495.2042551040654,10892,5388,10732,-150,-11,66,10036,-8636,9012,-1,137,-147,-14724,3584,3932,-1030,116,-45,-14888,-3268,5584,-487,108,-150,0
3495.2408249378204,10524,5408,10676,-149,-4,90,10132,-8648,8868,-55,133,-173,-14792,3636,3760,-769,70,-50,-14820,-3224,5172,-538,129,-166,0
3495.2761981487274,10660,5488,10524,-132,-1,71,10068,-8620,8952,-37,125,-162,-14664,3612,3696,-982,91,-40,-15008,-3552,5404,-485,84,-150,0
3495.3121540546417,10672,5432,10332,-119,-254,73,10092,-8700,8824,-95,157,-142,-14744,3624,3780,-1010,54,-83,-14736,-3084,5548,-469,109,-161,0
3495.3479790687566,10584,5476,10716,-153,-37,61,10192,-8696,8868,-14,148,-186,-14688,3652,3720,-989,99,-60,-14772,-3172,5260,-482,145,-125,0
3495.383073091507,10680,5352,10332,-114,39,95,10080,-8704,8852,-5,118,-134,-14708,3380,3976,-1046,110,-63,-14744,-3180,5256,-471,127,-164,0
3495.4188029766083,10656,5396,10620,-136,-34,76,10100,-8464,8820,-28,178,-148,-14748,3588,3800,-1013,57,-64,-14788,-3240,5396,-490,124,-143,0
3495.4543969631195,10708,5472,10628,-126,-53,87,10108,-8828,8808,-76,179,-170,-14644,3720,3828,-1001,84,-55,-14596,-3340,5292,-497,120,-140,0
3495.490214109421,10616,5452,10708,-90,-38,86,10072,-8712,8872,-29,145,-152,-14764,3592,4088,-1042,116,-69,-14728,-3300,5172,-488,153,-131,0
3495.525013923645,10588,5480,10256,-126,-55,98,10020,-8612,9176,-12,121,-171,-14652,3332,3748,-1041,141,-44,-14724,-3236,5428,-488,137,-159,0
3495.560791015625,10692,5444,10704,-108,-41,65,10032,-8572,8888,-39,141,-195,-14764,3776,3748,-1044,122,-77,-14912,-3264,5308,-439,156,-111,0
3495.5961470603943,10724,5468,10544,-130,-59,90,10068,-8672,8960,-26,185,-185,-14668,3628,4068,-989,91,-77,-14844,-3276,5488,-503,154,-159,0
3495.6319329738617,10772,5476,10312,-85,-36,101,10156,-8476,8980,-21,121,-167,-14744,3732,3824,-770,115,-107,-14780,-3360,5620,-509,147,-157,0
3495.676705121994,10636,5512,10528,-97,-69,100,9748,-8692,8936,-62,148,-187,-14628,3600,3852,-1004,115,-93,-15080,-3248,5140,-495,151,-128,0
3495.725687980652,10580,5592,10568,-112,-59,97,10104,-8712,8880,-57,126,-178,-14744,3560,3720,-998,79,-97,-14600,-3312,5448,-477,128,-147,0
3495.770161151886,10524,5496,10452,-106,-67,77,10136,-8744,9092,-26,176,-149,-14744,3668,3624,-1015,72,-49,-14732,-3248,5440,-503,127,-141,0
3495.8057301044464,10584,5380,10612,-116,-65,92,9920,-8488,8936,18,126,-162,-14764,3488,3732,-1015,108,-64,-14672,-3480,5416,-477,141,-133,0
3495.84131193161,10532,5544,10440,-93,-64,88,10016,-8708,8980,-77,105,-180,-14660,3600,3776,-999,124,-102,-14808,-3172,5460,-499,173,-125,0
3495.8786361217494,10736,5424,10688,-142,-91,118,10136,-8708,8808,248,113,-146,-14684,3816,3832,-1020,122,-28,-14836,-3372,5488,-519,100,-120,0
3495.9120841026306,10728,5476,10688,-114,-48,140,10100,-8732,8932,-49,99,-133,-14776,3676,3744,-1279,114,-8,-14676,-3432,5316,-502,93,-121,0
3495.9456501007085,10664,5576,10668,-146,-65,125,10096,-8684,8768,-53,169,-131,-14696,3612,3600,-1037,69,-68,-14728,-3344,5348,-491,146,-136,0
3495.979254961014,10508,5496,10704,-142,-49,76,10168,-8636,8884,-36,135,-175,-14776,3588,3808,-1000,98,-110,-14740,-3316,5420,-491,112,-109,0
3496.01270198822,10716,5544,10744,-143,-41,93,9780,-8944,8732,-27,128,-182,-14684,3704,3840,-979,129,-49,-14776,-3260,5376,-478,165,-127,0
3496.0459990501404,10640,5536,10688,-115,-99,76,10068,-8720,8756,-29,109,-197,-14664,3640,3740,-1013,99,-52,-14720,-3240,5404,-503,137,-104,0
3496.07977104187,10608,5524,10344,-151,-83,113,10132,-8712,9000,-49,131,-202,-14700,3668,3928,-992,99,-79,-14784,-3284,5596,-482,161,-134,0
3496.113527059555,10508,5528,10360,-144,-82,90,10036,-8772,8932,-34,120,-200,-14764,3668,3724,-1008,96,-104,-14780,-3244,5120,-523,167,-140,0
3496.1468529701233,10936,5620,10500,-160,-68,103,10136,-8748,9112,-28,109,-182,-14672,3640,3892,-1019,102,-110,-14808,-3584,5492,-521,128,-133,0
3496.180477142334,10596,5512,10412,-142,-79,80,10048,-8896,9120,-24,109,-180,-14676,3584,3804,-1016,100,-90,-14820,-3332,5392,-498,142,-125,0
3496.2141439914703,10668,5548,10616,-155,-81,86,10080,-8628,8920,-50,137,-226,-14684,3632,3876,-994,69,-102,-14844,-3404,5428,-473,167,-135,0
3496.247647047043,10652,5504,10460,-150,-74,104,10004,-8704,8892,-23,171,-204,-14732,3664,4012,-1013,110,-115,-14900,-3280,5344,-474,131,-141,0
3496.281075000763,10664,5528,10428,-195,-61,83,10168,-8624,8788,-14,145,-193,-14776,3620,3624,-1011,113,-125,-14800,-3364,5368,-481,120,-98,0
3496.314525127411,10628,5476,10684,-183,-46,105,10048,-8928,8928,-17,120,-177,-14656,3736,3832,-991,107,-91,-14756,-3340,5144,-476,145,-131,0
3496.3482110500336,10544,5604,10680,-193,-32,98,10164,-8736,8884,-42,147,-171,-14732,3732,3732,-993,113,-83,-14820,-3364,5352,-483,149,-103,0
3496.3813700675964,10576,5640,10576,-214,-44,95,10056,-8704,8932,-30,142,-160,-14684,3700,3792,-1005,112,-83,-14872,-3312,5284,-472,156,-88,0
3496.4148249626164,10616,5568,10516,-213,-48,105,10048,-8504,8908,-39,133,-174,-14752,3360,3744,-979,137,-98,-14656,-3312,5312,-465,142,-59,0
3496.448429107666,10668,5528,10564,-233,-59,135,10024,-8960,8928,-15,147,-165,-14744,3700,3732,-1015,122,-120,-14760,-3548,5300,-449,142,-95,0
3496.482005119324,10436,5468,10652,-281,-71,139,10020,-8776,8756,-23,153,-203,-14704,3588,4004,-999,92,-78,-14776,-3356,5392,-486,149,-80,0
3496.5156941413884,10552,5548,10568,-279,-53,134,10112,-8788,8780,-61,164,-176,-14688,3600,3784,-965,101,-105,-14824,-3312,5368,-481,139,-84,0
3496.5492560863495,10564,5512,10308,-290,-77,133,10008,-8656,8864,-73,153,-198,-14820,3652,3732,-979,117,-97,-14724,-3380,5356,-470,186,-74,0
3496.5828480720525,10336,5528,10588,-266,-73,112,10032,-8788,9024,-52,202,-217,-14720,3648,3756,-991,103,-149,-14864,-3284,5388,-488,207,-72,0
3496.616219997406,10592,5548,10480,-274,-76,113,10048,-8684,8792,-56,121,-220,-14724,3720,3788,-989,102,-134,-14768,-3200,5352,-481,202,-77,0
3496.649754047394,10660,5552,10480,-316,-131,134,10064,-8736,8712,-61,153,-221,-14696,3732,3888,-948,126,-115,-14792,-3092,5296,-467,163,-85,0
3496.683418035507,10596,5500,10396,-248,-104,141,10164,-8760,8780,-64,160,-200,-15068,3388,3676,-971,97,-95,-14820,-3160,5348,-460,163,-75,0
3496.717183113098,10688,5444,10544,-349,-132,125,10036,-8868,8820,-18,144,-170,-14724,3828,3680,-1042,72,-113,-14848,-3328,5304,-480,183,-48,0
3496.750752925873,10580,5492,10540,-219,-86,155,10140,-8584,8852,-50,42,-224,-14676,3528,3928,-1023,90,-142,-14812,-3408,5444,-459,146,-114,0
3496.7843139171605,10600,5516,10700,-282,-181,139,10044,-8696,8860,-43,116,-266,-14632,3656,3712,-953,130,-165,-14696,-3284,5356,-456,225,-67,0
3496.817887067795,10676,5428,10588,-291,-135,138,10108,-8632,9032,37,148,-230,-14736,3592,3736,-1016,117,-148,-14760,-3220,5584,-488,176,-91,0
3496.8516540527344,10648,5524,10676,-231,-115,138,10064,-8648,8984,57,158,-193,-14796,3616,3700,-995,80,-49,-14880,-3084,5452,-496,108,-101,0
3496.884778022766,10656,5528,10748,-270,-110,126,10152,-8456,8800,-78,167,-177,-14776,3620,3676,-939,51,-109,-14716,-3260,5484,-436,74,-117,0
3496.9213340282445,10508,5564,10600,-240,-124,132,10268,-8764,8776,-91,111,-193,-14596,3808,3592,-988,85,-69,-14768,-3296,5316,-507,141,-100,0
3496.9571239948273,10644,5368,10680,-235,-159,163,10108,-8792,8940,-25,98,-199,-14604,3676,3812,-781,168,-113,-14608,-3280,5188,-483,125,-38,0
3496.9924700260162,10648,5416,10596,-209,-140,148,10116,-8488,8764,251,98,-190,-14692,3628,3788,-1018,136,-114,-15096,-3312,5280,-523,189,-76,0
3497.0276870727535,10624,5128,10692,-229,-123,128,9996,-8656,8720,20,94,-232,-14600,3784,3832,-1016,132,-106,-14776,-3504,5576,-466,195,-89,0
3497.0638539791107,10680,5308,10580,-233,-116,115,10080,-8912,8752,5,189,-202,-14700,3624,3972,-1010,102,-140,-14908,-3280,5444,-510,166,-86,0
3497.0994160175323,10612,5436,10424,-196,-135,108,10128,-8680,8884,-46,112,-184,-14700,3652,3888,-1006,113,-116,-14796,-3276,5300,-487,149,-87,0
3497.1337671279907,10748,5472,10564,-156,-97,98,10136,-8604,8804,-46,116,-205,-14756,3628,3696,-986,107,-137,-14836,-3240,5360,-496,138,-131,0
3497.1698379516606,10700,5432,10516,-163,-92,123,10052,-8640,8948,-37,125,-209,-14732,3440,4020,-986,144,-81,-14824,-3124,5172,-480,158,-137,0
3497.2051119804382,10668,5424,10364,-162,-63,87,10180,-8740,8840,-24,152,-200,-14832,3624,3748,-773,114,-106,-14684,-3244,5492,-482,162,-107,0
3497.2403891086574,10728,5440,10612,-161,-36,117,10064,-8484,8908,-23,157,-205,-14692,3808,3804,-1033,108,-81,-14776,-3172,5336,-494,166,-127,0
3497.2756469249725,10744,5416,10576,-167,-50,85,9984,-8616,9132,-252,135,-194,-14700,3656,3752,-1051,129,-118,-15028,-3312,5388,-458,169,-123,0
3497.311110019684,10712,5472,10548,-194,-38,93,10060,-8616,8908,-26,163,-153,-14756,3616,3880,-1053,126,-78,-15068,-3316,5124,-463,149,-130,0
3497.34733915329,10496,5452,10608,-138,-21,112,10048,-8596,8952,-44,132,-171,-14736,3512,3992,-770,59,-59,-14860,-3236,5380,-505,108,-128,0
3497.3817980289455,10700,5528,10388,-188,-7,87,10084,-8676,9120,-48,174,-153,-14700,3708,3612,-1037,79,-64,-14780,-3332,5364,-500,105,-138,0
3497.417582988739,10568,5440,10568,-173,1,102,10048,-8944,8928,-31,155,-161,-14692,3360,3612,-1017,42,-42,-14676,-3292,5536,-469,102,-135,0
3497.4523639678955,10656,5468,10352,-140,-58,92,10120,-8464,9204,-88,139,-183,-14716,3592,3652,-995,89,-67,-14784,-3168,5396,-477,151,-112,0
3497.488029956817,10656,5468,10660,-203,-50,82,10060,-8948,8912,-34,110,-179,-14704,3644,3792,-1001,138,-60,-14788,-3212,5396,-462,164,-87,0
3497.5229251384735,10660,5488,10556,-140,-29,134,10076,-8712,8896,-17,119,-170,-14744,3380,3744,-1068,96,-90,-14760,-3096,5436,-482,146,-137,0
3497.559648990631,10692,5240,10524,-147,-47,80,10204,-8724,8856,-45,160,-170,-14684,3584,3928,-992,57,-35,-14836,-3216,5468,-469,112,-174,0
3497.592970132828,10940,5468,10332,-139,-35,117,9992,-8660,8872,-33,146,-163,-14704,3672,3864,-769,102,-63,-14744,-3240,5144,-257,103,-139,0
3497.626606941223,10668,5480,10584,-136,-53,96,10068,-8708,8876,-256,169,-163,-14696,3656,3820,-1005,105,-117,-14808,-3120,5340,-480,143,-138,0
3497.660015106201,10560,5472,10624,-147,-3,105,10068,-8908,8948,-61,108,-179,-14732,3668,3736,-1005,123,-95,-14700,-3288,5428,-468,181,-124,0
3497.693459033966,10580,5524,10928,-144,-67,98,10120,-8952,9208,-52,130,-206,-14776,3584,4064,-992,94,-110,-14780,-3572,5332,-464,158,-109,0
3497.7269399166107,10740,5512,10332,-173,-79,88,10040,-8608,9092,-25,147,-196,-14672,3732,3680,-1023,107,-89,-14712,-3276,5404,-456,145,-137,0
3497.7633669376373,10640,5408,10692,-169,-60,119,10108,-8656,8932,-22,144,-169,-14728,3532,3792,-1052,123,-43,-14816,-3356,5368,-463,142,-147,0
3497.7970740795135,10640,5500,10612,-191,-43,121,10064,-8700,8992,-41,136,-183,-14728,3612,3888,-1028,110,-57,-14744,-3340,5400,-470,122,-116,0
3497.830547094345,10728,5464,10528,-220,-49,109,10020,-8720,8944,-55,139,-180,-14768,3644,3788,-967,62,-119,-14908,-3248,5384,-498,113,-145,0
3497.864186048508,10672,5520,10708,-172,-54,92,10076,-8960,9000,-56,156,-179,-14656,3544,3600,-991,42,-84,-14864,-3228,5392,-505,112,-112,0
3497.8975710868835,10704,5556,10688,-220,-65,114,10052,-8652,8820,10,142,-187,-14708,3336,3696,-989,81,-64,-14844,-3512,5120,-488,128,-87,0
3497.930984020233,10588,5508,10704,-225,-111,130,10084,-8716,8740,-31,100,-194,-14652,3336,3592,-980,112,-101,-14756,-3492,5444,-461,154,-69,0
3497.9648139476776,10596,5500,10580,-276,-197,150,9764,-8680,8860,-36,90,-226,-14676,3636,3800,-986,144,-136,-14696,-3088,5300,-490,159,-84,0
3497.998204946518,10668,5508,10468,-230,-156,169,10076,-8452,9104,-45,114,-208,-14724,3600,3756,-971,114,-124,-15068,-3576,5588,-499,172,-51,0
3498.0317790508266,10676,5480,10700,-267,-200,152,10056,-8480,8816,-20,92,-232,-14704,3560,3732,-1000,121,-120,-14820,-3304,5296,-478,190,-73,0
3498.0654950141907,10628,5380,10768,-270,-182,153,9904,-8596,9084,10,113,-190,-14672,3608,3756,-990,123,-97,-14748,-3440,5252,-496,135,-89,0
3498.099137067795,10616,5456,10512,-214,-169,158,10068,-8600,8972,-73,134,-222,-14688,3372,3800,-961,94,-128,-14768,-3284,5264,-505,178,-115,0
3498.1325061321254,10868,5428,10620,-5,-180,126,10100,-8764,8880,1,108,-217,-14760,3532,3640,-1013,127,-134,-14784,-3256,5332,-496,166,-77,0
3498.165995121002,10660,5296,10408,-216,-82,149,10148,-8688,8884,-3,96,-183,-14744,3552,3704,-1033,177,-109,-14936,-3312,5312,-468,133,-101,0
3498.1993529796605,10972,5400,10408,-195,-85,138,10212,-8708,8888,-11,124,-185,-14828,3584,3696,-1010,104,-51,-14692,-3236,5324,-452,142,-135,0
3498.232880115509,10656,5396,10436,-200,-51,98,10148,-8700,8824,-35,156,-166,-14824,3600,3708,-771,88,-27,-15000,-2960,5432,-481,111,-127,0
3498.266711950302,10804,5456,10724,-197,-23,97,10196,-8684,8684,19,175,-152,-14752,3548,3676,-1021,120,-61,-14872,-3256,5404,-462,172,-113,0
3498.3002519607544,10708,5404,10524,-219,-45,119,10000,-8656,8860,28,122,-172,-14620,3404,4076,-1065,142,-130,-14832,-3220,5448,-458,171,-95,0
3498.333694934845,10696,5492,10560,-146,-51,119,10064,-8460,9132,-18,87,-173,-14656,3604,3752,-1030,71,-96,-14848,-3268,5408,-473,138,-112,0
3498.3670320510864,10580,5460,10600,-170,-94,112,10040,-8708,9036,-50,153,-182,-14764,3700,3760,-989,67,-63,-14740,-3356,5620,-486,123,-91,0
3498.4000289440155,10680,5452,10572,-172,-65,114,10032,-8560,9212,-58,167,-153,-14700,3628,3948,-972,85,-91,-14632,-3320,5460,-479,125,-114,0
3498.433471918106,10840,5468,10744,-163,-47,108,9968,-8684,8868,-30,146,-157,-14668,3652,3752,-1007,110,-70,-14724,-3308,5132,-473,136,-86,0
3498.467221021652,10592,5376,10556,-180,-76,152,10056,-8700,8840,-51,127,-179,-14664,3660,3732,-995,117,-69,-14880,-3352,5376,-475,138,-129,0
3498.5006060600285,10592,5372,10740,-188,-130,119,10116,-8780,8812,-48,149,-190,-14688,3664,3632,-987,103,-97,-14740,-3264,5224,-455,193,-91,0
3498.5341310501094,10740,5372,10404,-198,-126,106,10132,-8636,8612,-28,143,-192,-14772,3332,3636,-1005,109,-106,-14784,-3272,5268,-499,172,-101,0
3498.5675821304326,10784,5432,10644,-168,-81,100,10180,-8632,8988,5,121,-193,-14640,3700,3792,-996,103,-150,-14876,-3240,5268,-473,184,-131,0
3498.604043006897,10664,5388,10520,-180,-75,83,10016,-8644,8712,-252,144,-200,-14604,3548,3848,-1014,105,-118,-14796,-3096,5552,-449,162,-115,0
3498.639233112335,10900,5468,10284,-185,-61,105,10116,-8692,8936,-10,151,-182,-14692,3708,3708,-1003,111,-116,-14776,-3256,5336,-471,134,-124,0
3498.6745829582214,10608,5452,10576,-157,-73,104,10044,-8644,9008,-41,128,-177,-14808,3668,3876,-1002,76,-51,-14752,-3244,5372,-498,116,-129,0
3498.7101759910583,10668,5480,10404,-208,-40,102,9744,-8636,8972,-63,132,-156,-14660,3564,3808,-1022,107,-90,-14616,-3352,5364,-498,111,-83,0
3498.745600938797,10748,5464,10428,-125,-22,111,10148,-8580,9168,-87,121,-157,-14844,3656,3588,-1005,91,-73,-14828,-3288,5296,-496,124,-155,0
3498.78191113472,10984,5348,10464,-182,-45,86,9964,-8656,8888,-65,136,-186,-14728,3656,3724,-1019,77,-63,-14672,-3260,5260,-486,124,-115,0
3498.8184571266174,10780,5440,10452,-173,3,99,10136,-8648,8720,-8,135,-182,-14724,3636,3912,-1043,101,-75,-15084,-3084,5356,-452,143,-111,0
3498.853467941284,10496,5512,10544,-155,-44,93,10140,-8588,8968,-27,160,-157,-14732,3592,3708,-997,84,-39,-14784,-3248,5180,-467,151,-97,0
3498.8886971473694,10744,5444,10588,-158,-82,94,10188,-8680,8884,-70,137,-170,-14768,3688,3880,-996,79,-82,-14756,-3200,5148,-482,125,-134,0
3498.9239680767055,10692,5172,10628,-175,-27,99,10100,-8740,8940,-37,161,-153,-14716,3484,3764,-1018,46,-48,-14844,-3308,5260,-493,127,-117,0
3498.9598500728607,10792,5160,10688,-188,-59,89,10096,-8588,8860,-17,167,-145,-14616,3588,3664,-775,91,-93,-14740,-3252,5392,-500,121,-132,0
3498.99497294426,10668,5448,10596,-152,-22,93,10144,-8608,8856,-39,169,-164,-14628,3656,3844,-769,94,-79,-14792,-3320,5144,-467,168,-113,0
3499.030893087387,10580,5452,10780,-210,-84,94,10048,-8696,8920,-18,147,-196,-14640,3612,3888,-772,157,-120,-14820,-3204,5332,-485,175,-122,0
3499.0661520957947,10648,5520,10636,-141,-87,106,10028,-8660,8844,-253,121,-206,-14596,3636,3848,-1277,175,-147,-14608,-3180,5348,-480,199,-92,0
3499.1024100780487,10652,5388,10688,-178,-99,126,9976,-8692,8864,-46,151,-172,-14712,3628,3860,-1025,147,-75,-14888,-3164,5308,-478,166,-93,0
3499.13813996315,10996,5488,10536,-185,-82,129,10060,-8856,8936,-40,132,-210,-14684,3600,3640,-982,116,-87,-14792,-3328,5436,-480,139,-142,0
3499.1737270355225,10576,5484,10544,-157,-95,94,10092,-8472,8856,-76,147,-194,-14840,3548,3668,-994,122,-107,-14884,-3220,5300,-480,151,-151,0
3499.209494113922,10688,5220,10716,-168,-59,106,10140,-8660,8768,-14,137,-176,-14784,3644,3816,-1002,95,-86,-14892,-3256,5180,-493,146,-112,0
3499.2457349300385,10692,5432,10512,-137,-51,98,10052,-8632,8940,-77,104,-198,-14792,3520,3916,-999,122,-80,-14872,-3212,5424,-481,146,-115,0
3499.2792479991913,10652,5432,10564,-149,-99,110,10188,-8672,8828,-28,113,-195,-14712,3600,3836,-997,136,-79,-14836,-3272,5380,-467,133,-120,0
3499.3126220703125,10680,5464,10584,-143,-33,110,10120,-8664,8852,-30,120,-179,-14732,3632,3628,-1006,103,-90,-14844,-3276,5392,-492,141,-106,0
3499.3461520671844,10816,5428,10560,-149,-54,106,10188,-8624,8908,-44,167,-143,-14744,3632,3872,-995,49,-104,-14616,-3316,5408,-768,107,-118,0
3499.379856109619,10664,5432,10640,-205,-31,95,10140,-8928,8872,-17,183,-154,-14716,3644,3864,-1278,63,-40,-15052,-3360,5392,-497,114,-152,0
3499.412879943848,10696,5548,10532,-156,-29,84,10108,-8664,8956,-83,171,-161,-14656,3584,3868,-1002,76,-51,-14780,-3392,5336,-465,124,-147,0
3499.4460690021515,10592,5436,10564,-146,-90,62,9804,-8684,9012,-46,151,-210,-14696,3696,3768,-985,93,-115,-15028,-3280,5400,-489,168,-100,0
3499.479758024216,10672,5476,10484,-125,-20,86,10108,-8932,8876,-7,108,-205,-14692,3816,3784,-1043,137,-93,-14748,-3272,5292,-459,168,-97,0
3499.513123989105,10700,5504,10552,-157,-58,113,10120,-8668,8824,27,142,-161,-14672,3668,4092,-1022,81,-70,-15104,-3252,5384,-485,150,-144,0
3499.5468039512634,10624,5484,10596,-179,-36,65,10104,-8764,9088,-60,164,-165,-14736,3668,3832,-987,63,-37,-14860,-3336,5364,-476,106,-136,0
3499.580482006073,10712,5428,10496,-174,-64,78,10012,-8720,9012,-48,148,-121,-14712,3636,3592,-1001,109,-71,-14776,-3248,5380,-500,127,-136,0
3499.613690137863,10624,5472,10592,-132,-19,97,10044,-8732,8892,2,139,-129,-14640,3580,3816,-1014,122,-95,-15096,-3268,5152,-479,121,-138,0
3499.647159099579,10608,5508,10560,-163,-12,132,9780,-8704,9176,-14,119,-182,-14608,3632,3680,-1047,109,-90,-14652,-3300,5464,-485,175,-108,0
3499.680771112442,10704,5452,10560,-136,-101,93,10272,-8712,8948,-18,89,-193,-14728,3516,3732,-989,106,-69,-14848,-3340,5372,-482,161,-135,0
3499.7142469882965,10732,5444,10576,-138,-69,100,10108,-8756,8952,-38,140,-177,-14700,3708,3832,-995,116,-98,-14880,-3304,5356,-497,149,-146,0
3499.748067140579,10656,5444,10612,-144,-90,112,10076,-8688,8900,-27,150,-177,-14724,3608,3824,-1017,100,-90,-14764,-3256,5148,-479,162,-112,0
3499.7818210124974,10756,5436,10728,-153,-66,131,10116,-8648,8952,-12,131,-176,-14744,3808,3724,-1015,109,-120,-14700,-3348,5380,-486,128,-120,0
3499.815370082855,10668,5492,10484,-171,-64,120,10080,-8928,8740,-42,132,-198,-14764,3672,3660,-996,104,-84,-14908,-3296,5364,-475,131,-128,0
3499.848701000213,10600,5476,10644,-147,-122,85,10064,-8724,9176,-74,138,-208,-14656,3588,3912,-989,101,-73,-14768,-3256,5388,-509,146,-144,0
3499.882138967514,10728,5424,10384,-148,-85,81,10024,-8668,8900,-4,191,-176,-14728,3668,4032,-998,94,-75,-14776,-3268,5516,-479,101,-142,0
3499.915555000305,10700,5508,10404,-186,-27,68,10084,-8688,8860,19,160,-151,-14692,3536,3708,-1013,94,-128,-14672,-3284,5384,-453,165,-125,0
3499.948962926864,10700,5532,10612,-250,-14,72,10132,-8760,8752,14,190,-149,-14664,3608,3740,-1051,75,-110,-14872,-3268,5324,-450,167,-118,0
3499.982448101044,10700,5512,10600,-191,-70,109,10120,-8780,8860,-17,141,-196,-14800,3488,3744,-1017,75,-57,-14864,-3300,5408,-474,133,-113,0
3500.0158021450043,10536,5552,10664,-197,-95,114,10000,-8708,8940,-72,130,-217,-14696,3684,3840,-981,84,-57,-14744,-3248,5400,-495,91,-124,0
3500.0494401454926,10680,5476,10480,-152,-97,105,9736,-8616,8832,-50,157,-180,-14672,3596,3748,-1006,96,-52,-14732,-3244,5620,-524,129,-151,0
3500.082939147949,10656,5480,10744,-176,-28,106,9996,-8668,8876,-59,116,-166,-14592,3624,3804,-771,120,-105,-14820,-3256,5120,-476,122,-94,0
3500.116594076156,10712,5492,10372,-120,8,105,10116,-8656,8736,-109,118,-176,-14636,3600,3832,-1008,73,-53,-15092,-3088,5280,-462,97,-149,0
3500.149976015091,10700,5364,10452,-150,-43,77,10216,-8644,9000,-95,148,-177,-14828,3508,3656,-990,60,-41,-14796,-3192,5404,-458,106,-145,0
3500.1835970878606,10604,5456,10572,-188,-17,86,10080,-8620,9028,13,130,-205,-14684,3692,3748,-1027,144,-94,-14728,-3276,5404,-487,158,-118,0
3500.217006921768,10656,5484,10332,-143,-87,125,10004,-8948,8876,-15,104,-199,-14780,3576,3800,-1010,107,-95,-15060,-3584,5440,-488,166,-156,0
3500.2501671314244,10652,5428,10620,-148,-53,119,10124,-8668,8880,-53,141,-180,-14680,3672,3956,-959,38,-56,-14804,-3340,5528,-477,80,-163,0
3500.2879760265346,10520,5444,10744,-179,-28,65,10024,-8692,8876,-39,181,-149,-14700,3636,3836,-1004,96,-56,-14748,-3536,5360,-472,158,-108,0
3500.3234300613403,10516,5536,10544,-156,-26,121,10236,-8944,9132,-7,137,-180,-14644,3660,3704,-1027,129,-66,-14696,-3256,5320,-483,174,-136,0
3500.3596179485326,10624,5444,10712,-171,-37,110,10080,-8652,8892,-14,89,-194,-14652,3640,3864,-1026,143,-107,-14728,-3388,5384,-462,190,-71,0
3500.3948290348053,10608,5508,10240,-162,-86,133,10124,-8464,8816,-51,91,-211,-14724,3680,4084,-1014,141,-84,-14704,-3120,5152,-477,171,-114,0
3500.430505990982,10608,5512,10240,-130,-62,107,10088,-8928,8916,-63,126,-200,-14744,3668,3800,-1016,120,-121,-14640,-3208,5248,-498,161,-132,0
3500.4656159877777,10620,5524,10576,-121,-71,94,10148,-8640,8864,-41,107,-187,-14688,3420,4040,-1254,122,-87,-15068,-3216,5320,-472,185,-143,0
3500.5013580322266,10720,5584,10596,-133,-19,103,10180,-8656,8780,-15,184,-153,-14760,3668,3676,-1039,66,-53,-14848,-3288,5200,-475,103,-147,0
3500.53747010231,10632,5524,10488,-130,-26,63,10028,-8688,8936,-74,141,-151,-14720,3584,3948,-1275,64,-35,-14764,-3400,5596,-467,121,-165,0
3500.57262301445,10648,5552,10688,-100,10,69,10180,-8568,8724,-55,144,-169,-14744,3740,3808,-1003,74,-89,-14792,-3268,5324,-497,137,-159,0
3500.608211040497,10684,5504,10524,-134,-43,83,10004,-8716,8944,-10,123,-175,-14812,3640,3840,-1032,96,-70,-14724,-3584,5464,-498,141,-141,0
3500.643404006958,10548,5556,10572,-152,-34,128,9796,-8700,8872,-7,85,-179,-14656,3624,3808,-1013,123,-79,-14752,-3356,5364,-446,151,-107,0
3500.6788070201874,10532,5540,10548,-138,-68,108,10052,-8804,8744,-78,109,-206,-14724,3736,3848,-1014,122,-103,-14892,-3272,5236,-468,173,-116,0
3500.7142560482025,10592,5580,10540,-174,-63,135,10088,-8800,8968,-23,179,-147,-14792,3652,3872,-1003,105,-63,-14760,-3276,5328,-481,131,-136,0
3500.749855041504,10660,5472,10544,-190,-14,109,10084,-8784,8828,255,174,-166,-14784,3684,3816,-1005,109,-66,-14716,-3256,5288,-500,106,-111,0
3500.7849860191345,10604,5444,10600,-233,-68,118,10228,-8648,8948,-3,144,-191,-14648,3668,3928,-989,97,-68,-14856,-3316,5620,-481,166,-120,0
3500.8206169605255,10568,5668,10436,-1,-104,126,10228,-8924,8912,-44,142,-197,-14692,3596,3784,-983,88,-65,-14832,-3312,5460,-490,118,-112,0
3500.856094121933,10512,5428,10708,-221,-123,140,9996,-8744,8900,-80,113,-192,-14752,3348,3820,-977,105,-57,-14852,-3344,5540,-489,144,-72,0
3500.891942024231,10532,5504,10580,-248,-133,173,10020,-8736,9208,-39,124,-205,-14692,3648,3716,-973,149,-164,-14800,-3296,5616,-490,191,-74,0
3500.9292619228363,10608,5556,10652,-275,-105,128,10076,-8684,8716,-50,71,-233,-14848,3592,3820,-980,103,-131,-14636,-3320,5616,-767,213,-64,0
3500.9626801013947,10600,5472,10684,-252,-123,146,9960,-8760,8860,-27,114,-240,-14724,3612,3772,-998,125,-116,-14776,-3344,5516,-450,174,-69,0
3500.9965050220494,10644,5472,10528,-259,-152,131,10092,-8668,8876,-35,114,-229,-14764,3668,3684,-986,129,-116,-14844,-3344,5328,-470,189,-79,0
3501.03000497818,10568,5452,10652,-250,-112,105,10160,-8608,8928,-50,114,-214,-14732,3644,3648,-988,97,-156,-14780,-3340,5372,-502,182,-121,0
3501.063595056534,10664,5492,10628,-244,-137,120,10044,-8692,8944,-61,101,-236,-14720,3684,3748,-976,125,-129,-14660,-3216,5152,-470,163,-56,0
3501.0973060131073,10608,5500,10656,-272,-169,165,10172,-8644,8820,-41,114,-217,-14636,3720,3796,-980,135,-113,-14784,-3236,5364,-482,168,-85,0
3501.1308910846706,10652,5500,10652,-233,-118,152,9792,-8916,8900,-44,119,-212,-14704,3624,3704,-994,116,-78,-14900,-3304,5324,-494,167,-101,0
3501.164404153824,10708,5560,10564,-236,-151,123,10088,-8692,8988,-35,139,-208,-14728,3388,3624,-969,116,-99,-14836,-3320,5344,-488,178,-96,0
3501.198045015335,10664,5456,10716,-213,-141,136,10064,-8652,8776,-34,112,-188,-14664,3720,3716,-1005,117,-114,-14732,-3084,5124,-476,192,-90,0
3501.231595039368,10660,5460,10592,-229,-127,109,9984,-8692,9044,-254,114,-222,-14772,3328,3680,-1273,121,-118,-14892,-3308,5192,-496,184,-86,0
3501.265114068985,10668,5460,10620,-212,-111,136,10136,-8680,8884,-29,126,-209,-14712,3536,3676,-986,127,-117,-15012,-3296,5280,-499,144,-107,0
3501.2986159324646,10708,5536,10324,-223,-158,158,10088,-8724,8732,-44,96,-199,-14660,3652,3844,-1015,123,-75,-14620,-3260,5360,-492,166,-80,0
3501.3320591449738,10604,5432,10488,-223,-122,149,10076,-8768,8832,-44,109,-200,-14736,3564,3876,-997,131,-99,-15032,-3076,5344,-503,143,-59,0
3501.3655200004578,10712,5520,10908,-226,-116,124,10120,-8788,8984,-48,105,-185,-14704,3600,3636,-984,116,-126,-14792,-3276,5304,-486,153,-88,0
3501.3990750312805,10680,5456,10384,-220,-114,127,10060,-8904,8924,-44,128,-189,-14696,3416,3760,-983,117,-83,-14816,-3256,5388,-497,142,-72,0
3501.432606935501,10644,5436,10524,-212,-121,124,10048,-8472,8944,-21,111,-203,-14716,3688,3704,-1020,121,-67,-14924,-3284,5316,-767,175,-104,0
3501.465898990631,10580,5480,10440,-207,-153,131,10132,-8740,8820,-46,127,-228,-14692,3580,3540,-1000,110,-77,-14800,-3376,5448,-461,162,-78,0
3501.499629020691,10716,5412,10676,-224,-121,128,10124,-8668,8936,1,103,-219,-14676,3668,3832,-984,124,-110,-14788,-3344,5360,-492,213,-85,0
3501.532997131348,10668,5424,10440,-194,-148,134,10104,-8588,8876,-29,158,-209,-14740,3620,3752,-1006,101,-187,-14860,-3344,5256,-497,174,-109,0
3501.5666210651398,10712,5440,10496,-197,-131,114,10032,-8752,8912,7,151,-198,-14652,3364,3668,-1015,127,-120,-14800,-3292,5576,-503,183,-123,0
3501.6002590656285,10708,5452,10504,-222,-73,121,10112,-8844,8808,-50,162,-200,-14692,3836,3776,-981,145,-103,-14908,-3208,5564,-490,116,-100,0
3501.633611917496,10728,5428,10564,-150,-86,85,10180,-8812,8952,-67,125,-194,-14768,3648,3544,-1026,53,-31,-14820,-3180,5472,-488,130,-128,0
3501.6671829223633,10984,5500,10264,-231,-120,117,10040,-8692,8860,24,137,-173,-14756,3684,3752,-1039,122,-89,-14840,-3276,5428,-475,125,-113,0
3501.7008090019226,10716,5560,10620,-151,0,100,10076,-8624,9032,-92,159,-164,-14704,3588,3716,-1010,129,-100,-14672,-3232,5268,-470,122,-127,0
3501.7343740463257,10752,5576,10572,-193,-132,115,10120,-8716,8820,-19,162,-217,-14744,3744,3380,-1279,70,-130,-14824,-3236,5296,-517,173,-100,0
3501.767967939377,10748,5584,10312,-163,-40,117,10160,-8584,8768,255,155,-141,-14788,3448,3868,-1089,97,-35,-14812,-3528,5236,-469,107,-136,0
3501.801684141159,10612,5520,10604,-197,-7,81,10092,-8612,8828,-26,166,-134,-14804,3652,3688,-1017,40,-20,-14720,-3244,5276,-486,83,-152,0
3501.8354020118713,10680,5456,10520,-166,-4,80,10136,-8712,9168,-71,148,-142,-14736,3736,3788,-982,82,-71,-14748,-3300,5500,-486,86,-131,0
3501.868945121765,10580,5476,10540,-138,-8,96,10152,-8708,8796,-26,145,-173,-14788,3608,3772,-1042,71,-107,-14864,-3216,5332,-262,113,-120,0
3501.902265071869,10720,5440,10584,-162,-41,101,10044,-8452,9208,0,111,-167,-14684,3620,3720,-1042,109,-49,-14660,-3232,5308,-472,132,-91,0
3501.935648918152,10668,5388,10684,-178,-70,111,10060,-8700,8828,-34,149,-175,-14736,3656,3764,-1050,110,-58,-14800,-3356,5484,-493,154,-137,0
3501.9729130268097,10584,5424,10604,-157,-47,101,10160,-8792,9192,-8,144,-161,-14624,3672,3772,-1276,91,-70,-15088,-3300,5500,-485,168,-123,0
3502.0086879730225,10960,5184,10524,-168,-47,81,10136,-8960,8784,-4,153,-156,-14664,3684,3744,-1027,88,-95,-14728,-3280,5548,-758,160,-149,0
3502.0437779426575,10668,5400,10592,-151,-30,91,10096,-8636,8956,-21,197,-125,-15080,3392,3588,-1058,116,-84,-14736,-3184,5292,-493,114,-131,0
3502.079632997513,10716,5480,10516,-139,4,98,10096,-8712,8920,-33,172,-145,-14648,3360,3836,-1010,93,-76,-14808,-3208,5164,-501,68,-131,0
3502.115046977997,10636,5436,10604,-152,-53,118,10044,-8748,8912,-63,135,-170,-14664,3620,3772,-997,116,-34,-14764,-3240,5400,-482,0,-126,0
3502.150829076767,10712,5448,10572,-126,-51,92,10124,-8732,8912,-24,142,-156,-14748,3628,3776,-1033,114,-97,-14784,-3284,5388,-530,-22,-150,0
3502.18603014946,10656,5468,10588,-124,-66,64,10040,-8644,8892,-33,162,-168,-14704,3604,3696,-1039,90,-71,-14792,-3260,5420,-265,48,-128,0
3502.2218680381775,10680,5484,10596,-125,-50,68,9992,-8768,9140,-41,156,-197,-14736,3648,3644,-1061,67,-98,-14740,-3080,5496,-487,141,-145,0
3502.2580559253693,10592,5536,10696,-114,-58,83,10048,-8660,8904,4,128,-199,-14652,3652,3816,-1039,93,-130,-14928,-3288,5416,-455,246,-115,0
3502.293725013733,10676,5484,10572,-105,33,88,10000,-8676,9008,-34,145,-161,-14816,3832,3588,-1016,91,-43,-14872,-3212,5444,-474,219,-131,0
3502.329425096512,10712,5464,10508,-127,-246,122,9900,-8712,8936,-23,189,-149,-14732,3732,3780,-1011,88,-48,-14764,-3272,5432,-518,128,-147,0
3502.3648750782013,10668,5480,10552,-159,-27,87,10048,-8480,9176,-22,162,-133,-14672,3612,3584,-1023,87,-68,-14832,-3312,5608,-501,82,-166,0
3502.40074801445,10580,5492,10496,-111,-45,85,10108,-8708,8812,-89,162,-165,-14732,3544,3668,-1009,61,-52,-14824,-3480,5364,-469,167,-185,0
3502.437101125717,10664,5468,10560,-149,-69,49,10136,-8888,8892,-22,168,-220,-14664,3580,4064,-976,46,-113,-14764,-3228,5568,-259,168,-166,0
3502.4722299575806,10648,5572,10608,-112,-38,47,10060,-8692,8896,-21,119,-187,-14848,3620,3708,-1058,104,-92,-14832,-3264,5488,-460,135,-136,0
3502.508460044861,10700,5460,10620,-125,-40,87,10084,-8792,8956,-2,147,-151,-14736,3628,3812,-991,52,-51,-14900,-3380,5384,-479,127,-125,0
3502.543384075165,10640,5512,10564,-180,250,109,10056,-8732,8896,-28,151,-150,-14736,3620,3712,-1001,79,-47,-15068,-3296,5584,-468,77,-110,0
3502.5788109302525,10628,5512,10664,-147,-34,94,10092,-8916,9136,-41,133,-145,-14704,3640,3844,-1023,70,-52,-14728,-3320,5412,-473,141,-134,0
3502.614246129989,10592,5520,10620,-176,-70,114,10092,-8636,9112,12,138,-165,-14824,3756,3708,-1046,116,-83,-14812,-3156,5552,-487,158,-153,0
3502.6475751399994,10580,5728,10592,-197,-52,113,9808,-8740,8984,-36,111,-185,-14656,3656,3652,-1022,112,-134,-14740,-3260,5552,-487,157,-72,0
3502.681158065796,10644,5540,10568,-221,-105,104,10104,-8708,8928,10,171,-197,-14760,3672,3928,-998,96,-115,-14648,-3384,5352,-481,152,-98,0
3502.7147579193115,10616,5476,10648,-236,-105,109,10108,-8748,8928,-4,139,-194,-14704,3688,3576,-995,99,-113,-14860,-3348,5500,-473,173,-106,0
3502.748412132263,10556,5552,10640,-208,-129,124,10068,-8452,9020,-29,125,-189,-14628,3604,3808,-991,93,-89,-14680,-3260,5380,-258,152,-124,0
3502.7860419750214,10656,5412,10644,-234,-133,117,10064,-8736,8908,-73,133,-199,-14752,3632,3760,-965,106,-117,-14808,-3236,5376,-484,143,-100,0
3502.820275068283,10668,5504,10576,-252,-142,123,10116,-8764,8924,-66,136,-203,-14664,3648,3724,-965,119,-131,-14608,-3316,5204,-488,154,-77,0
3502.8539130687714,10540,5468,10596,-252,-137,142,9992,-8780,8960,-64,129,-221,-14708,3628,3744,-996,138,-157,-14748,-3300,5188,-477,198,-73,0
3502.887421131134,10680,5468,10704,-245,-124,154,9948,-8532,8824,-50,125,-236,-14724,3744,3736,-991,141,-123,-14732,-3268,5428,-468,202,-59,0
3502.9210820198055,10664,5480,10692,-512,-156,161,10104,-8636,8820,4,138,-241,-14728,3636,3840,-1003,140,-143,-14748,-3300,5200,-451,231,-86,0
3502.9545390605927,10696,5516,10480,-267,-138,163,9980,-8704,8840,11,116,-233,-14756,3832,3772,-1007,132,-175,-14768,-3324,5428,-487,233,-50,0
3502.987885951996,10556,5564,10672,-285,-167,158,9972,-8580,9052,-39,88,-240,-14696,3620,3836,-999,135,-125,-14864,-3288,5336,-485,221,-75,0
3503.0212631225586,10516,5608,10740,-244,-161,159,10080,-8620,8712,-83,80,-201,-14800,3632,3604,-981,114,-70,-14796,-3180,5396,-491,158,-55,0
3503.0547840595245,10616,5428,10596,-266,-115,154,10116,-8704,8876,-15,127,-191,-14692,3640,3876,-991,78,-109,-14872,-3344,5404,-490,184,-90,0
3503.0883259773254,10636,5488,10596,-296,-135,155,10008,-8604,8932,-11,103,-208,-14756,3492,3904,-1014,145,-80,-14776,-3284,5264,-471,168,-51,0
3503.121808052063,10744,5416,10468,-175,-125,129,9744,-8664,8940,-93,155,-254,-14720,3640,3824,-1007,128,-106,-14816,-3132,5224,-501,210,-72,0
3503.1553399562836,10756,5120,10568,-237,-158,115,10196,-8960,8936,-39,76,-240,-14684,3684,3704,-982,119,-83,-14832,-3140,5408,-476,164,-84,0
3503.1887099742894,10704,5376,10700,-208,-119,164,10140,-8652,8844,-19,80,-166,-14716,3548,3776,-1001,136,-86,-14744,-3536,5188,-479,138,-87,0
3503.2224020957947,10956,5412,10572,-221,-85,149,10144,-8608,8864,-21,131,-152,-14756,3548,3632,-1003,72,-65,-15012,-3300,5420,-477,102,-125,0
3503.256021976471,10680,5480,10548,-188,-58,121,10108,-8704,8896,-45,149,-131,-14712,3512,3652,-978,98,-68,-14856,-3228,5300,-511,99,-127,0
3503.289684057236,10740,5468,10504,-123,8,67,10108,-8596,8888,-86,145,-162,-14800,3652,3728,-773,114,-76,-14760,-3344,5256,-471,158,-121,0
3503.323308944702,10696,5400,10488,-242,-28,90,10040,-8560,8940,84,183,-181,-14692,3504,3680,-1045,149,-107,-14780,-3252,5344,-423,180,-136,0
3503.356929063797,10708,5480,10584,-225,-50,96,10008,-8756,8864,22,119,-191,-14652,3656,3780,-1069,154,-86,-14848,-3264,5412,-435,217,-71,0
3503.390226125717,10692,5476,10628,-200,-145,118,10080,-8748,9124,-8,136,-214,-14776,3756,3668,-1269,134,-125,-14860,-3324,5504,-464,187,-93,0
3503.4234790802,10732,5560,10604,-172,-77,97,10072,-8684,8932,-71,134,-203,-14812,3676,3756,-988,98,-138,-14800,-3236,5316,-488,166,-104,0
3503.4571399688725,10508,5460,10708,-123,-90,132,10020,-8592,8992,-48,111,-157,-14732,3720,4000,-999,125,-77,-14840,-3256,5220,-513,121,-88,0
3503.4907450675964,10644,5484,10384,-187,-40,112,10228,-8712,8876,-58,146,-145,-14628,3564,3760,-1001,77,-20,-15096,-3280,5384,-496,119,-100,0
3503.5243830680847,10660,5624,10748,-209,-50,106,10116,-8740,9132,-73,135,-155,-14676,3396,3820,-991,117,-55,-14952,-3232,5288,-467,137,-105,0
3503.557960987091,10940,5436,10676,-196,-55,120,10116,-8704,8816,-80,132,-196,-14792,3720,3492,-1016,115,-113,-14776,-3180,5224,-469,194,-83,0
3503.591479063034,10680,5400,10492,-170,-88,125,10120,-8788,9008,-48,115,-227,-14832,3652,3612,-989,113,-132,-14808,-3240,5248,-470,184,-97,0
3503.6246531009674,10680,5120,10720,-173,-99,137,10144,-8664,8800,-5,118,-208,-14828,3584,3780,-1009,136,-103,-14808,-3208,5292,-487,154,-133,0
3503.662588119507,10676,5292,10524,-181,-77,92,10064,-8600,8888,-14,131,-208,-14892,3544,3580,-1011,113,-104,-14684,-3336,5376,-489,140,-118,0
3503.6976079940796,10716,5528,10560,-162,-28,98,10064,-8616,8768,-46,169,-176,-14736,3604,3688,-1015,52,-91,-14844,-3356,5264,-264,119,-152,0
3503.7332949638367,10724,5404,10592,-198,-40,79,10164,-8712,8900,-35,159,-172,-14824,3656,3844,-990,11,-47,-14848,-3256,5468,-465,97,-157,0
3503.7692539691925,10556,5500,10620,-174,37,96,10052,-8456,8940,-48,157,-160,-14724,3644,3760,-984,66,-91,-14764,-3292,5172,-504,98,-161,0
3503.8040230274205,10652,5436,10528,-135,-68,71,10132,-8568,8884,-124,144,-181,-14712,3328,3728,-1003,63,-43,-14768,-3276,5416,-465,146,-143,0
3503.8395740985866,10696,5396,10536,-152,-36,72,10020,-8816,8888,-13,130,-208,-14844,3720,3744,-792,121,-130,-14696,-3216,5460,-450,147,-115,0
3503.8748040199284,10612,5460,10528,-178,-31,106,10076,-8688,8896,16,94,-168,-14724,3580,3676,-1036,122,-70,-14868,-3284,5196,-445,139,-109,0
3503.9098501205444,10692,5504,10720,-173,-48,117,10184,-8480,8868,-28,127,-188,-14728,3604,3852,-984,45,-59,-14892,-3320,5460,-476,118,-142,0
3503.9449889659886,10772,5496,10556,-156,-24,83,10152,-8652,9068,-54,153,-150,-14748,3692,3800,-1007,75,-34,-14756,-3384,5360,-506,129,-125,0
3503.981022119522,10664,5516,10432,-140,-13,77,10144,-8676,8944,-44,122,-153,-14676,3604,3688,-1011,103,-73,-14796,-3256,5376,-477,115,-135,0
3504.0160779953003,10636,5444,10644,-178,-33,144,10204,-8596,8888,-31,105,-186,-14692,3420,3776,-1018,140,-23,-14812,-3304,5452,-479,143,-103,0
3504.0516850948334,10636,5388,10548,-134,-43,106,9784,-8628,8708,-21,153,-201,-14640,3540,3868,-1027,131,-78,-14596,-3296,5324,-448,156,-115,0
3504.087986946106,10576,5504,10604,-170,-34,90,10080,-8692,8768,-60,149,-207,-14752,3604,3676,-979,126,-111,-14660,-3284,5572,-494,156,-131,0
3504.123053073883,10808,5444,10432,-133,-39,90,10088,-8616,8836,-29,127,-181,-14652,3648,3524,-1001,132,-95,-14824,-3236,5336,-459,171,-113,0
3504.1586680412292,10692,5472,10588,-143,-57,104,10168,-8680,9184,-39,114,-170,-14620,3384,4032,-1007,85,-62,-14716,-3256,5424,-469,136,-137,0
3504.1941781044,10532,5480,10672,-140,-20,66,10024,-8696,8864,-54,168,-184,-14776,3560,3628,-964,93,-59,-14804,-3284,5336,-484,127,-162,0
3504.229537010193,10692,5436,10552,-121,18,70,10028,-8952,8788,-69,156,-178,-14744,3608,3552,-1001,70,-76,-14748,-3224,5480,-483,154,-128,0
3504.2647190093994,10716,5508,10628,-110,-24,85,10104,-8712,8972,-11,109,-171,-14756,3624,3536,-1043,98,-40,-14888,-3268,5608,-478,145,-132,0
3504.300395965576,10708,5596,10596,-97,-19,57,10128,-8544,8732,-42,143,-182,-14600,3604,3876,-1012,94,-102,-14652,-3308,5460,-491,116,-173,0
3504.3337280750275,10560,5392,10692,-113,-19,72,9984,-8692,9004,-10,127,-158,-14596,3588,3724,-1011,65,-86,-14756,-3296,5496,-506,134,-160,0
3504.367362976074,10580,5452,10748,-138,-32,74,10108,-8712,8780,-13,151,-168,-14376,3596,3728,-1017,67,-83,-14836,-3316,5324,-496,130,-150,0
3504.400745153427,10612,5524,10312,-79,-23,89,9776,-8632,8956,-44,145,-140,-14816,3624,3872,-1012,94,-33,-14616,-3308,5440,-481,90,-170,0
3504.433990955353,10604,5532,10648,-117,-23,74,10104,-8720,9040,-42,113,-164,-14804,3748,3820,-773,54,-89,-14796,-3288,5464,-511,110,-173,0
3504.467602014541,10644,5504,10280,-162,-54,100,9984,-8668,8908,-17,159,-123,-14616,3636,3980,-1025,101,-72,-14820,-3360,5284,-493,104,-122,0
3504.5010919570923,10576,5576,10660,-99,-21,89,10072,-8652,9164,-99,154,-159,-14736,3676,3624,-993,46,-43,-14720,-3148,5628,-477,102,-178,0
3504.5343270301814,10636,5520,10596,-147,-60,63,10016,-8868,8740,-52,170,-163,-14776,3644,3792,-987,83,-82,-14812,-3260,5244,-467,119,-157,0
3504.5679321289062,10644,5496,10740,-111,7,43,10004,-8728,8952,-252,134,-150,-14708,3740,4012,-776,106,-69,-14700,-3204,5480,-491,133,-130,0
3504.6015589237213,10632,5444,10500,-134,-51,93,10064,-8704,8892,-14,148,-146,-14668,3604,3724,-992,66,-48,-14812,-3232,5324,-479,129,-140,0
3504.6347489356995,10636,5532,10544,-135,-45,70,10084,-8708,8796,-57,163,-168,-14656,3704,4072,-987,87,-68,-14748,-3304,5476,-463,96,-146,0
3504.668534040451,10636,5536,10648,-155,-56,103,10024,-8732,8928,-35,125,-158,-14612,3704,3892,-995,70,-77,-14808,-3312,5584,-486,149,-158,0
3504.702048063278,10636,5592,10664,-159,-64,113,10004,-8900,9072,-254,153,-204,-14724,3356,3664,-1024,131,-70,-14688,-3248,5156,-495,138,-123,0
3504.735608100891,10616,5524,10744,-160,-57,114,10004,-8684,8884,-7,115,-197,-14580,3536,3720,-1010,151,-60,-14692,-3380,5560,-484,174,-114,0
3504.7692070007324,10840,5536,10540,-194,-82,112,10052,-8720,8756,-1,135,-187,-14732,3612,3744,-1276,117,-168,-14700,-3276,5548,-466,146,-99,0
3504.802675008774,10644,5516,10552,-183,-33,90,10000,-8752,8708,-25,164,-193,-14636,3672,3764,-1008,121,-73,-14820,-3536,5424,-481,154,-91,0
3504.836184978485,10540,5556,10628,-195,-64,94,10020,-8640,8924,-8,156,-192,-14720,3700,4064,-1015,82,-71,-14820,-3372,5376,-452,193,-133,0
3504.8696439266205,10508,5528,10616,-183,-77,129,10052,-8664,8892,-38,153,-190,-14672,3620,3728,-769,106,-111,-14612,-3292,5408,-483,163,-81,0
3504.903044939041,10644,5492,10740,-220,-71,101,10056,-8704,8944,-19,138,-206,-14772,3612,3640,-974,144,-115,-14840,-3320,5360,-459,181,-88,0
3504.936699151993,10580,5588,10684,-278,-99,131,10068,-8712,8968,-45,124,-214,-14700,3672,3868,-986,129,-124,-14804,-3308,5176,-504,159,-65,0
3504.9702179431915,10572,5496,10732,-241,-92,118,9984,-8708,8848,-52,140,-210,-14740,3720,3812,-988,91,-99,-14900,-3284,5464,-495,184,-79,0
3505.0037820339203,10640,5476,10592,-248,-95,123,10132,-8944,8808,-69,136,-203,-14696,3836,3860,-993,78,-113,-14804,-3532,5380,-491,177,-114,0
3505.0371820926666,10568,5520,10504,-258,-59,108,10076,-8716,8972,-55,155,-219,-14388,3628,3752,-988,103,-92,-14784,-3328,5348,-470,162,-94,0
3505.0706820487976,10704,5432,10548,-507,-59,141,10196,-8736,8700,-24,126,-194,-14736,3708,3832,-979,106,-165,-15068,-3216,5256,-483,160,-101,0
3505.104063987732,10684,5480,10508,-249,-61,133,10472,-8716,8928,-83,93,-183,-14628,3584,3772,-976,107,-104,-14900,-3252,5280,-504,189,-85,0
3505.13747215271,10688,5484,10456,-255,-121,135,10176,-8652,8732,-50,102,-206,-14700,3836,3720,-965,158,-76,-14636,-3264,5188,-462,192,-62,0
3505.171066045761,10616,5544,10528,-273,-109,151,10124,-8652,9048,-73,138,-192,-14836,3656,3772,-965,136,-105,-15048,-3240,5448,-498,173,-69,0
3505.204535007477,10644,5476,10624,-285,-132,158,10120,-8800,8888,-30,129,-226,-15016,3548,3832,-1022,95,-144,-14732,-3380,5416,-479,186,-77,0
3505.238181114197,10592,5536,10548,-282,-91,159,10092,-8684,8900,6,144,-212,-14652,3668,3848,-1011,92,-143,-14872,-3344,5408,-503,147,-104,0
3505.2717659473415,10708,5568,10392,-230,-133,110,10020,-8744,8856,-83,67,-251,-14788,3660,3744,-987,62,-110,-14732,-3532,5600,-478,168,-101,0
3505.305387020111,10620,5376,10624,-280,-131,99,10060,-8776,8888,254,83,-241,-14656,3660,3668,-1010,136,-140,-14748,-3288,5316,-456,176,-60,0
3505.342889070511,10948,5408,10644,-204,-106,146,10156,-8636,8844,13,111,-192,-14768,3664,3592,-998,93,-128,-14748,-3248,5452,-495,149,-74,0
3505.3776390552525,10684,5456,10520,-265,-142,145,10068,-8460,8872,-47,133,-182,-14764,3632,3756,-958,79,-82,-14852,-3204,5604,-485,108,-99,0
3505.413500070572,10568,5404,10640,-18,-145,121,10232,-8760,8780,-38,168,-184,-14676,3692,3780,-965,141,-125,-15028,-3224,5220,-479,154,-57,0
3505.4484379291534,10644,5444,10504,-210,-156,153,10152,-8640,8800,-37,121,-204,-14672,3576,3920,-999,143,-97,-14668,-3192,5300,-491,200,-95,0
3505.484314918518,10656,5388,10724,-239,-114,149,10104,-8660,8744,255,117,-206,-14708,3672,3788,-771,149,-110,-14724,-3200,5292,-493,191,-89,0
3505.519930124283,10504,5356,10524,-211,-141,116,10116,-8684,9040,2,126,-211,-14708,3364,3720,-1013,140,-128,-14612,-3244,5364,-481,162,-116,0
3505.5549659729004,10628,5488,10496,-226,-111,113,10132,-8728,8932,-31,148,-215,-14704,3696,3616,-991,113,-123,-14816,-3252,5340,-762,211,-101,0
3505.590747117996,10684,5508,10712,-228,-133,118,10224,-8692,8880,-24,107,-218,-14740,3636,3780,-983,105,-137,-14732,-3308,5476,-497,164,-85,0
3505.6260550022125,10728,5444,10416,-207,-143,113,10112,-8692,8860,-49,104,-190,-14680,3504,3724,-1020,115,-100,-14808,-3204,5436,-461,188,-76,0
3505.6618490219116,10608,5412,10432,-507,-148,134,10092,-8960,9112,-45,69,-233,-14792,3560,3884,-974,150,-117,-14856,-3252,5216,-454,134,-89,0
3505.69811296463,10972,5508,10624,-192,-88,100,10124,-8720,8836,-54,123,-202,-14772,3676,3768,-994,87,-75,-14860,-3216,5320,-515,171,-111,0
3505.7333600521088,10752,5120,10644,-234,-138,137,9976,-8740,8820,26,115,-181,-14664,3544,3808,-1270,144,-142,-14760,-3568,5492,-461,140,-89,0
3505.768501996994,10616,5400,10600,-147,-46,110,10152,-8584,9128,-78,110,-184,-14828,3540,3736,-998,118,-108,-14816,-3276,5140,-472,166,-134,0
3505.8039090633392,10648,5384,10656,-158,-144,83,10180,-8780,8708,-47,140,-211,-14688,3704,3640,-1008,106,-132,-14868,-3288,5348,-257,139,-151,0
3505.8395371437073,10496,5448,10532,-162,-79,100,10068,-8528,8912,-17,99,-167,-14684,3488,3608,-996,119,-38,-14748,-3272,5316,-499,88,-113,0
3505.8745279312134,10676,5436,10460,-164,-6,107,10056,-8632,8908,-6,148,-160,-14748,3532,3720,-1044,114,-39,-14712,-3528,4960,-481,131,-111,0
3505.9103269577026,10700,5164,10732,-190,12,93,10180,-8620,8720,-32,149,-134,-14672,3788,3852,-1050,92,-37,-14800,-3260,5416,-474,149,-138,0
3505.9457170963287,10716,5424,10564,-168,-38,119,10088,-8492,9084,-41,132,-176,-14736,3664,3824,-1035,124,-60,-14900,-3240,5272,-463,149,-127,0
3505.982092142105,10640,5472,10700,-138,-44,114,10028,-8760,8900,-21,116,-187,-14748,3624,3588,-1015,110,-93,-14712,-3196,5340,-461,159,-117,0
3506.0156359672546,10908,5204,10660,-128,-60,99,10024,-8640,8736,-19,143,-210,-14728,3720,3660,-1012,115,-74,-14800,-3268,5292,-439,175,-131,0
3506.0491330623627,10684,5384,10580,-176,-33,68,10236,-8760,8916,-32,144,-197,-14784,3636,3968,-1007,108,-83,-14848,-3228,5400,-483,132,-143,0
3506.0823130607605,10712,5432,10440,-145,-35,80,10056,-8720,8888,-21,145,-176,-14672,3680,3764,-1278,83,-85,-14820,-3256,5252,-470,142,-172,0
3506.1158480644226,10684,5392,10616,-149,-13,85,10116,-8640,8944,-83,143,-183,-14676,3548,3940,-995,70,-37,-14756,-3232,5452,-467,126,-127,0
3506.1489839553833,10744,5432,10588,-162,-23,96,10088,-8788,8796,-54,151,-164,-14732,3676,3836,-1012,109,-92,-14820,-3200,5312,-466,139,-121,0
3506.1823740005493,10692,5420,10508,-160,-42,92,10156,-8684,8896,-49,173,-177,-15044,3604,3660,-995,111,-91,-14732,-3300,5336,-461,133,-153,0
3506.215620994568,10696,5456,10464,-154,-97,95,10188,-8696,8960,-43,144,-153,-14664,3348,3624,-996,112,-65,-14824,-3268,5432,-479,134,-146,0
3506.2491891384125,10712,5544,10532,-117,-90,77,10176,-8660,8960,-33,126,-186,-14788,3604,3944,-1009,91,-78,-14764,-3296,5328,-480,116,-152,0
3506.2826161384583,10668,5488,10716,-130,-31,82,10116,-8680,8804,-42,117,-165,-14816,3548,3800,-1007,89,-73,-14744,-3260,5508,-494,141,-141,0
3506.3163731098175,10672,5428,10544,-121,-23,73,10124,-8768,8884,-35,136,-165,-14796,3572,3696,-1005,89,-101,-14776,-3240,5168,-496,99,-104,0
3506.349972963333,10624,5520,10396,-124,-16,79,10060,-8756,9060,-40,157,-172,-14800,3612,3744,-1003,88,-70,-14600,-3276,5552,-491,120,-165,0
3506.383337020874,10716,5432,10556,-126,-17,85,10144,-8752,8904,-35,115,-172,-14712,3656,3864,-1001,81,-40,-14748,-3104,5420,-498,124,-149,0
3506.416783094406,10552,5424,10280,-111,-56,81,9996,-8668,8768,-14,167,-166,-14632,3696,3752,-992,85,-75,-15092,-3576,5176,-493,106,-137,0
3506.4503030776978,10692,5444,10536,-136,-74,63,10124,-8684,8920,-42,138,-149,-14740,3676,3916,-986,115,-62,-14880,-3320,5340,-485,117,-127,0
3506.4838790893555,10640,5492,10616,-132,-34,103,10068,-8548,8872,-22,147,-168,-14684,3736,3820,-1000,133,-97,-14844,-3212,5364,-490,132,-135,0
3506.5174679756165,10620,5520,10392,-136,-76,104,10152,-8712,8884,-9,101,-191,-14692,3536,3688,-1004,85,-89,-14868,-3348,5456,-498,143,-144,0
3506.5508561134334,10612,5508,10372,-101,-68,96,10116,-8456,8976,6,138,-189,-14616,3724,3664,-1030,95,-58,-14784,-3312,5492,-471,149,-129,0
3506.5841839313507,10480,5528,10500,-130,-98,79,10120,-8732,8800,-31,159,-164,-14724,3656,3808,-960,82,-99,-14736,-3280,5404,-490,141,-159,0
3506.6178300380707,10520,5536,10388,-139,-73,88,10056,-8700,8960,-29,131,-184,-14760,3584,3712,-963,109,-102,-14888,-3352,5276,-462,78,-169,0
3506.651354074478,10648,5488,10696,-139,-41,66,10152,-8756,9040,-44,152,-159,-14796,3736,4044,-1009,36,-90,-14884,-3320,5396,-258,130,-204,0
3506.6845190525055,10604,5548,10544,-184,-64,109,10076,-8692,8728,23,170,-128,-14644,3360,3984,-1052,66,-3,-14888,-3356,5432,-499,126,-112,0
3506.7179911136627,10624,5564,10536,-120,-16,136,10120,-8648,8852,-105,120,-138,-14652,3604,3752,-1000,67,-35,-14812,-3320,5284,-477,95,-144,0
3506.751475095749,10684,5484,10564,-193,-95,74,9876,-8820,8756,27,222,-169,-14620,3608,3732,-1008,104,-104,-14836,-3248,5424,-480,168,-134,0
3506.785006046295,10668,5508,10432,-111,-37,85,10056,-8676,9132,39,106,-129,-14704,3636,3996,-1068,93,-54,-14796,-3312,5440,-510,136,-152,0
3506.8184249401093,10592,5516,10672,-128,-26,109,10132,-8528,9024,254,172,-140,-14816,3712,3596,-1024,77,-33,-14864,-3132,5440,-481,117,-163,0
3506.8520081043243,10644,5556,10604,-160,-51,99,10164,-8768,9092,-56,161,-179,-14672,3760,3968,-969,77,-89,-14728,-3092,5384,-467,111,-146,0
3506.885306119919,10580,5596,10380,-196,-54,106,10092,-8464,8848,-44,144,-159,-14752,3636,3868,-1004,85,-99,-14828,-3240,5360,-460,156,-144,0
3506.918781042099,10536,5472,10616,-189,-82,124,10124,-8912,9152,12,120,-191,-14696,3588,3820,-1033,131,-92,-14740,-3568,5160,-452,168,-90,0
3506.9522230625153,10568,5820,10324,-229,-47,118,10116,-8672,8860,-7,96,-195,-14652,3616,3732,-1058,113,-84,-14792,-3264,5436,-456,168,-98,0
3506.9853370189667,10612,5560,10620,-231,-98,125,10100,-8720,8920,-251,159,-197,-14788,3828,3852,-1006,123,-93,-14780,-3396,5364,-450,174,-114,0
3507.0228769779205,10608,5548,10684,-244,-54,122,10140,-8752,8896,24,172,-216,-14752,3784,4044,-1021,111,-131,-14748,-3476,5428,-500,169,-110,0
3507.0576279163365,10580,5456,10676,-238,-143,118,10020,-8800,8940,-11,134,-191,-14708,3724,3876,-982,118,-96,-14740,-3372,5372,-521,169,-85,0
3507.093413114548,10500,5548,10616,-227,-106,144,10052,-8636,9024,-91,144,-221,-14584,3580,3768,-966,89,-137,-14736,-3344,5572,-483,169,-75,0
3507.129282951355,10616,5752,10524,-510,-123,135,10152,-8624,8936,-77,156,-213,-14660,3688,3636,-966,127,-83,-14704,-3276,5316,-462,170,-79,0
3507.1643080711365,10640,5456,10620,-274,-109,113,10252,-8928,8904,-69,117,-195,-14792,3608,3636,-987,148,-148,-14772,-3116,5392,-455,196,-52,0
3507.1995599269867,10616,5484,10644,-305,-94,140,10016,-8732,8908,-37,176,-215,-14812,3680,3816,-992,121,-124,-14612,-3244,5196,-441,163,-70,0
3507.234700918197,10656,5452,10524,-295,-116,136,10116,-8648,8884,-58,145,-233,-14736,3680,3808,-1020,120,-142,-14824,-3104,5256,-265,221,-86,0
3507.2706549167633,10548,5416,10456,-249,-147,150,10012,-8504,8776,-34,123,-225,-14688,3796,3764,-1008,126,-129,-14728,-3276,5492,-479,197,-67,0
3507.3055441379547,10620,5484,10636,-289,-126,168,10116,-8732,8768,-55,115,-222,-14764,3812,3720,-1015,135,-153,-15032,-3084,5480,-473,140,-71,0
3507.3413660526276,10616,5548,10588,-235,-126,146,9732,-8680,8888,-77,152,-211,-14804,3788,3816,-987,121,-83,-14796,-3236,5592,-261,143,-79,0
3507.377363920212,10712,5464,10508,-269,-133,122,10116,-8752,8988,-39,137,-192,-14736,3580,3824,-1001,100,-104,-14856,-3324,5252,-519,147,-80,0
3507.412383079529,10612,5512,10572,-229,-93,127,10176,-8460,8800,-31,128,-199,-14728,3580,3652,-1005,118,-85,-14600,-3360,5500,-485,128,-78,0
3507.447606086731,10644,5480,10932,-245,-150,129,10064,-8708,8776,-54,108,-238,-14672,3388,3668,-993,121,-154,-14760,-3224,5340,-480,210,-91,0
3507.4834301471706,10712,5348,10712,-258,-132,154,10036,-8476,8860,-9,76,-222,-14704,3732,3508,-776,155,-120,-15084,-3296,5368,-487,160,-97,0
3507.518862962723,10712,5400,10716,-217,-117,161,10136,-8640,8764,-1,115,-190,-14804,3632,3812,-1005,110,-119,-14820,-3292,5316,-498,139,-90,0
3507.5543670654297,10632,5408,10452,-246,-97,131,10128,-8648,8880,-34,155,-180,-14764,3652,3644,-1003,83,-39,-14852,-3324,5444,-489,136,-122,0
3507.5903649330135,10612,5460,10504,-251,-120,131,10112,-8696,8828,-48,131,-187,-14724,3596,3732,-1019,128,-97,-14696,-3188,5332,-497,112,-99,0
3507.6261689662933,10656,5444,10620,-238,-149,154,10152,-8504,8892,21,130,-213,-14720,3692,3960,-1028,125,-90,-14780,-3328,5464,-483,191,-87,0
3507.6626210212708,10644,5380,10628,-246,-111,153,10080,-8632,8800,-12,114,-207,-14652,3572,3736,-1023,126,-79,-14764,-3284,5456,-484,164,-117,0
3507.696162939072,10736,5496,10284,-220,-151,123,10160,-8656,8888,-21,142,-219,-14664,3644,3780,-998,94,-122,-14812,-3248,5452,-502,184,-106,0
3507.7298350334167,10508,5408,10620,-221,-116,128,10124,-8704,8840,-21,140,-230,-14668,3660,3764,-993,105,-129,-14732,-3292,5564,-485,181,-114,0
3507.7634811401367,10740,5460,10452,-188,-161,140,10028,-8636,8848,-37,142,-211,-14696,3572,3812,-1011,100,-107,-14800,-3312,5416,-489,171,-106,0
3507.7993841171265,10692,5432,10732,-207,-109,126,10140,-8616,8948,-22,107,-191,-14400,3600,3812,-990,90,-73,-14832,-3252,5188,-492,146,-125,0
3507.83327794075,10912,5332,10572,-169,-108,130,10164,-8652,8816,-38,131,-186,-14732,3540,3744,-1003,119,-46,-14808,-3272,5300,-499,177,-126,0
3507.8668630123134,10620,5424,10596,-172,-49,89,10092,-8600,8828,-22,171,-167,-14740,3344,3700,-1026,108,-89,-14880,-3272,5368,-457,175,-92,0
3507.9004719257355,10740,5456,10456,-165,-30,84,10140,-8752,8624,4,150,-170,-14728,3616,3820,-1024,103,-83,-14840,-3208,5352,-457,151,-139,0
3507.9340019226074,10780,5372,10664,-134,-28,94,10044,-8896,8916,12,153,-180,-14720,3664,3676,-1008,105,-102,-14980,-3264,5144,-445,139,-159,0
3507.9675650596614,10680,5372,10436,-142,-83,90,10128,-8616,8768,-18,131,-172,-14836,3600,3624,-1279,105,-69,-14792,-3264,5320,-475,144,-152,0
3508.0010600090027,10724,5624,10268,-117,-2,78,10080,-8652,8916,-45,164,-166,-14728,3640,3788,-1027,95,-51,-14788,-3488,5204,-485,121,-130,0
3508.034317970276,10752,5412,10480,-153,-29,98,10164,-8788,8784,-37,135,-159,-15064,3692,3760,-1022,50,-51,-14816,-3260,5184,-510,127,-133,0
3508.067976951599,10748,5432,10688,-141,-17,56,10036,-8636,8924,-32,157,-123,-14700,3340,3764,-769,94,-71,-15040,-3520,5344,-485,83,-145,0
3508.101355075836,10712,5508,10696,-146,58,76,10140,-8540,8832,-72,166,-133,-14812,3604,3944,-1007,55,-46,-14600,-3284,5324,-467,118,-174,0
3508.1346571445465,10660,5512,10696,-158,-76,80,10112,-8776,8872,-76,175,-189,-14740,3708,3808,-1017,96,-50,-15104,-3316,5620,-492,140,-149,0
3508.1681430339813,10672,5444,10440,-130,8,64,10120,-8460,8952,-43,129,-148,-14724,3620,3772,-1043,86,-65,-14636,-3156,5344,-473,105,-146,0
3508.2017080783844,10760,5444,10656,-109,-15,100,10056,-8656,9120,-3,155,-142,-14700,3612,3824,-1033,101,-79,-15096,-3284,5444,-465,112,-139,0
3508.2350249290466,10648,5428,10576,-134,-20,84,10104,-8744,8848,-15,165,-173,-14636,3680,3648,-998,56,-73,-14820,-3392,5284,-468,83,-152,0
3508.2685310840607,10708,5456,10420,-149,-19,105,10092,-8804,9080,-65,131,-169,-14660,3820,3588,-1030,76,-26,-14708,-3576,5552,-488,102,-140,0
3508.3019161224365,10604,5396,10672,-118,-49,84,10104,-8828,8880,-28,164,-179,-14700,3644,3672,-996,86,-76,-14840,-3296,5264,-501,133,-178,0
3508.3354110717773,10652,5500,10524,-110,-36,102,10056,-8700,9000,-255,147,-157,-14612,3592,3628,-1056,102,-134,-14692,-3348,5420,-503,168,-159,0
3508.3689250946045,10608,5148,10680,-130,-83,95,10084,-8668,8868,-16,164,-161,-14632,3348,3852,-770,94,-72,-14812,-3240,5468,-471,157,-151,0
3508.4021549224854,10504,5440,10532,-144,-20,99,10132,-8760,8948,9,133,-170,-14848,3616,4044,-988,111,-75,-14796,-3312,5552,-479,133,-136,0
3508.4355361461644,10652,5500,10488,-120,-81,92,10160,-8688,9176,-20,134,-180,-14752,3676,3740,-1024,122,-87,-14716,-3308,5308,-495,113,-141,0
3508.469231128692,10568,5444,10584,-109,-77,100,10092,-8688,8828,-7,119,-153,-14772,3652,3820,-1006,102,-111,-14764,-3452,5336,-501,130,-149,0
3508.502870082855,10728,5572,10716,-148,-69,116,10008,-8704,8904,-4,191,-204,-14648,3560,3844,-1021,100,-60,-14668,-3324,5324,-483,130,-132,0
3508.536437034607,10676,5460,10592,-101,-65,98,10192,-8764,8928,-40,100,-180,-14752,3588,3880,-1015,125,-80,-14760,-3184,5188,-490,118,-145,0
3508.5700681209564,10580,5476,10652,-101,-73,81,10180,-8856,8860,-25,91,-179,-14748,3700,3848,-1007,107,-60,-14716,-3288,5368,-479,137,-147,0
3508.603609085083,10688,5596,10540,-105,-38,93,10172,-8944,8896,18,127,-172,-14724,3620,3772,-1031,97,-46,-15096,-3272,5384,-511,124,-178,0
3508.637097120285,10676,5460,10568,-139,-41,99,10036,-8768,8968,-256,125,-184,-14736,3764,3752,-1016,85,-91,-14800,-3328,5380,-490,126,-167,0
3508.6727640628815,10604,5504,10564,-135,-70,71,10180,-8564,8952,-12,149,-182,-14732,3664,3836,-988,60,-95,-14596,-3540,5404,-477,142,-129,0
3508.708747148514,10632,5592,10644,-137,-77,135,10076,-8780,8748,-51,145,-164,-14724,3596,3716,-1033,48,-98,-14816,-3360,5404,-492,142,-150,0
3508.744073152542,10652,5544,10472,-148,-72,95,10132,-8740,8948,-17,129,-173,-14560,3588,3668,-1016,109,-77,-14748,-3312,5316,-498,151,-126,0
3508.7802391052246,10584,5376,10364,-135,-52,100,9956,-8716,8940,-34,124,-175,-14744,3664,3888,-775,113,-110,-14788,-3408,5268,-471,164,-121,0
3508.8155410289764,10544,5436,10652,-147,-114,102,10096,-8660,8824,-81,155,-201,-14756,3624,3748,-958,94,-106,-14896,-3320,5524,-456,154,-120,0
3508.852200984955,10912,5564,10540,-169,-49,74,10072,-8728,8772,-5,118,-184,-14700,3608,3740,-1008,108,-33,-14772,-3264,5328,-486,143,-122,0
3508.8879709243774,10596,5484,10740,-129,-50,93,10160,-8596,8856,-32,132,-171,-14680,3596,4052,-1017,78,-50,-15036,-3276,5384,-483,105,-159,0
3508.923923969269,10684,5464,10620,-163,-18,81,10120,-8616,8840,-58,170,-173,-14732,3728,3764,-983,72,-75,-14920,-3376,5624,-462,91,-147,0
3508.959547996521,10696,5528,10708,-188,-20,74,10188,-8752,8848,-56,197,-151,-14764,3700,3832,-994,100,-61,-14784,-3240,5412,-464,101,-128,0
3508.994840145111,10564,5420,10532,-188,-26,121,10160,-8632,8868,-17,171,-154,-14652,3604,3768,-1017,99,-82,-14768,-3356,5364,-457,137,-110,0
3509.030704975128,10580,5568,10512,-206,5,132,10124,-8744,9080,251,164,-153,-14632,3656,3804,-1280,105,-37,-14828,-3584,5524,-462,89,-121,0
3509.066045999527,10640,5536,10576,-247,-35,140,10048,-8740,8784,25,180,-177,-14696,3812,4216,-1006,71,-80,-14804,-3448,5392,-452,157,-94,0
3509.1022911071777,10680,5584,10520,-274,-66,96,10008,-8524,8952,-38,197,-220,-14648,3644,4040,-970,53,-100,-14756,-3404,5412,-497,157,-111,0
3509.137862920761,10308,5576,10632,-296,-107,108,10172,-8776,8820,-46,155,-210,-14840,3720,3796,-1006,109,-95,-14712,-3328,5444,-478,213,-119,0
3509.173399925232,10532,5588,10724,-288,-128,118,9896,-8628,8796,-54,151,-227,-14704,3668,3888,-1009,138,-169,-14752,-3248,5484,-459,227,-30,0
3509.2092549800873,10596,5540,10632,-335,-179,153,10076,-8816,8892,-67,155,-231,-14696,3732,3868,-997,194,-138,-14800,-3256,5484,-440,241,-28,0
3509.2443101406097,10636,5540,10592,-325,-145,168,9840,-8728,9000,-47,109,-2,-14720,3700,3608,-1000,210,-179,-14820,-3336,5352,-449,237,26,0
3509.2798161506653,10528,5508,10556,-302,-167,205,10056,-8708,8716,-57,74,-232,-14768,3588,3540,-1029,225,-160,-14872,-3244,5296,-480,248,-8,0
3509.3165259361267,10596,5440,10520,-271,-144,184,10232,-8608,8928,-12,108,-229,-14820,3660,3788,-1011,163,-189,-14916,-3180,5236,-498,180,-44,0
3509.3500549793243,10952,5388,10536,-258,-126,152,10180,-8540,8784,-15,104,-223,-14776,3480,3644,-1042,135,-155,-15084,-3276,5372,-492,188,-90,0
3509.383474111557,10536,5460,10568,-248,-163,149,10236,-8620,8884,7,153,-190,-14796,3836,4064,-1021,121,-107,-14916,-3316,5268,-464,131,-85,0
3509.4168951511383,10712,5488,10680,-245,-79,127,10168,-8640,8876,-16,146,-162,-14808,3628,3696,-1017,67,-49,-14596,-3080,5580,-494,80,-105,0
3509.45054101944,10960,5408,10688,-272,-115,127,10104,-8692,8976,-44,130,-154,-14816,3692,3776,-1000,66,-56,-14812,-3084,5324,-496,81,-123,0
3509.4840960502625,10724,5440,10472,-282,-114,142,10000,-8636,8872,-15,139,-169,-14604,3608,3720,-970,75,-77,-14604,-3172,5564,-493,91,-115,0
3509.5175099372864,10688,5484,10736,-245,-92,111,10072,-8940,8924,-95,150,-189,-14684,3676,3932,-964,102,-88,-14792,-3224,5368,-447,74,-102,0
3509.5511000156403,10568,5444,10592,-254,-131,139,10024,-8760,8808,-76,79,-206,-14640,3640,3768,-973,113,-86,-14820,-3256,5464,-472,151,-87,0
3509.5848491191864,10672,5312,10552,-262,-125,175,10176,-8688,8800,251,122,-157,-14772,3716,3764,-1007,128,-67,-14736,-3224,5404,-460,128,-119,0
3509.618050098419,10652,5388,10556,-512,-118,157,10152,-8624,8896,-40,177,-167,-14764,3636,3816,-974,39,-115,-14684,-3300,5400,-472,88,-136,0
3509.651353120804,10544,5456,10444,-287,-134,121,9996,-8528,9104,-11,180,-206,-14776,3648,3624,-970,68,-94,-14812,-3212,5320,-479,114,-133,0
3509.684891939163,10632,5536,10608,-247,-171,146,10012,-8716,8864,-33,130,-193,-14664,3540,3672,-983,102,-87,-14776,-3260,5308,-519,193,-85,0
3509.718029975891,10724,5388,10680,-219,-179,133,10112,-8708,8880,10,114,-225,-14768,3364,3948,-983,116,-107,-14720,-3264,5272,-494,216,-93,0
3509.751605987549,10576,5536,10332,-194,-126,138,10048,-8620,8920,-10,101,-255,-14692,3540,3664,-991,142,-162,-14792,-3288,5428,-497,224,-67,0
3509.7850189208984,10728,5384,10660,-205,-198,158,10132,-8532,8832,-17,117,-243,-14684,3588,3736,-978,100,-175,-14728,-3212,5264,-487,203,-112,0
3509.818629026413,10496,5448,10292,-202,-148,118,10068,-8752,8880,-17,172,-232,-15008,3564,3740,-963,117,-111,-14892,-3284,5612,-510,188,-129,0
3509.8522920608525,10680,5444,10476,-157,-105,98,10092,-8576,8780,-4,125,-200,-14756,3836,3764,-1015,140,-83,-14752,-3308,5332,-501,157,-97,0
3509.8854999542236,10740,5460,10292,-125,-77,114,10108,-8632,8800,-33,108,-181,-14680,3584,3600,-1008,135,-95,-14824,-3356,5288,-468,136,-90,0
3509.918676137924,10744,5620,10524,-162,-60,81,10140,-8676,8896,-23,130,-194,-14792,3592,3628,-1008,133,-96,-14816,-3200,5380,-486,182,-121,0
3509.952327013016,10696,5500,10608,-172,-21,92,10172,-8700,8800,-21,133,-181,-14824,3592,3784,-1018,145,-47,-14852,-3208,5264,-459,170,-115,0
3509.9859941005707,10756,5424,10416,-141,-29,86,10184,-8736,8932,-26,131,-157,-14732,3600,3764,-1028,140,-90,-14920,-3568,5444,-471,164,-126,0
3510.0196800231934,10820,5456,10516,-116,-67,100,10236,-8676,8836,-23,121,-186,-14660,3328,3824,-773,85,-61,-14748,-3208,5304,-498,172,-142,0
3510.053107023239,10704,5408,10376,-141,-55,78,10080,-8892,8820,-36,171,-168,-14656,3652,3964,-1018,81,-80,-15012,-3188,5360,-480,145,-135,0
3510.086669921875,10652,5460,10580,-134,-19,104,10024,-8572,8896,-44,128,-176,-14720,3624,3656,-1000,87,-95,-14908,-3240,5412,-494,95,-150,0
3510.120182991028,10788,5364,10588,-147,251,99,10100,-8692,8848,-50,125,-149,-14752,3772,3836,-1050,69,-23,-14908,-3276,5336,-758,102,-145,0
3510.1535959243774,10728,5476,10580,-158,-25,74,10096,-8468,9044,-54,181,-160,-14764,3352,3732,-1012,98,-37,-14716,-3300,5404,-510,115,-142,0
3510.1868979930878,10560,5468,10408,-133,0,82,10092,-8588,8952,-48,158,-129,-14740,3668,3588,-1038,141,-92,-14800,-3360,5356,-476,136,-118,0
3510.220288038254,10668,5372,10428,-133,-44,101,10180,-8640,8856,-75,153,-181,-14692,3616,3732,-1277,94,-84,-14728,-3208,5320,-497,140,-164,0
3510.2536261081696,10656,5384,10464,-128,-32,74,10108,-8480,8748,-33,134,-168,-14704,3640,3676,-1013,137,-57,-14672,-3284,5392,-480,137,-129,0
3510.2871401309967,10688,5488,10356,-83,2,74,10032,-8684,8920,-28,158,-149,-14724,3692,3584,-1039,81,-45,-14604,-3136,5268,-518,120,-147,0
3510.3204820156097,10684,5432,10264,-106,29,94,10432,-8696,8960,-66,171,-159,-14792,3684,3736,-1015,50,-30,-14960,-3152,5340,-497,84,-180,0
3510.3572590351105,10736,5412,10624,-156,28,70,10144,-8756,8880,-45,182,-171,-14664,3672,3808,-984,38,-12,-15048,-3108,5340,-494,96,-160,0
3510.3923530578613,10668,5492,10572,-121,-31,63,10112,-8636,8872,-57,137,-148,-14736,3596,3652,-984,66,-81,-14792,-3200,5316,-483,80,-171,0
3510.42862200737,10580,5440,10720,-164,-38,77,10024,-8696,8708,-29,136,-161,-14592,3708,3756,-1009,87,-79,-14632,-3284,5464,-520,126,-122,0
3510.463711977005,10548,5516,10716,-79,-37,108,10028,-8624,8756,-12,146,-197,-14696,3640,3616,-1033,138,-112,-14808,-3460,5416,-483,156,-141,0
3510.4997379779816,10640,5452,10628,-141,-54,92,10044,-8472,9132,249,120,-200,-14752,3716,3860,-1001,101,-84,-14772,-3328,5212,-486,153,-151,0
3510.5346109867096,10636,5448,10488,-119,-18,79,10132,-8760,8924,-18,114,-160,-14728,3704,3748,-1026,101,-53,-14752,-3124,5620,-503,156,-136,0
3510.570245027542,10720,5524,10416,-112,-70,106,10036,-8696,8860,-47,133,-199,-14672,3696,3656,-1014,108,-40,-14828,-3412,5428,-491,124,-116,0
3510.605036020279,10572,5452,10544,-117,-100,103,10104,-8660,8880,-73,102,-177,-14708,3612,3740,-1005,112,-117,-14852,-3304,5516,-501,142,-118,0
3510.6406559944153,10600,5496,10484,-155,-45,90,10116,-8656,8956,-29,138,-191,-14652,3716,3808,-994,76,-87,-14808,-3320,5596,-498,136,-136,0
3510.675840139389,10500,5516,10292,-133,-54,95,10056,-8716,8984,-34,112,-185,-14756,3656,3928,-1006,121,-73,-14828,-3196,5456,-487,168,-159,0
3510.711692094803,10708,5444,10480,-121,-44,88,10152,-8948,9192,-15,116,-187,-14656,3688,3628,-993,88,-50,-14840,-3180,5348,-489,160,-126,0
3510.747736930847,10544,5468,10564,-134,-69,87,10004,-8672,9072,0,163,-198,-14700,3664,3684,-1035,75,-65,-14748,-3304,5364,-500,172,-129,0
3510.782907962799,10588,5544,10648,-158,-73,109,10052,-8636,8704,-253,145,-152,-14620,3656,3840,-1017,91,-117,-15040,-3524,5460,-479,139,-147,0
3510.8192739486694,10552,5500,10528,-104,-64,86,9992,-8732,8928,-42,129,-172,-14788,3800,3720,-1015,78,-47,-14828,-3356,5352,-492,139,-130,0
3510.854856967926,10596,5464,10296,-143,-32,100,10068,-8708,8836,-20,144,-161,-14668,3620,3768,-1002,61,-50,-14836,-3324,5388,-487,126,-136,0
3510.8901829719543,10724,5580,10644,-161,-31,129,10020,-8628,9184,-25,147,-155,-14732,3588,3660,-992,99,-48,-14776,-3372,5336,-475,108,-133,0
3510.925529956817,10512,5464,10540,-157,-107,81,10044,-8640,8840,-129,170,-148,-14680,3612,3836,-996,89,-49,-14692,-3240,5136,-515,99,-128,0
3510.9618680477142,10636,5496,10472,-168,-50,76,10116,-8696,8944,-248,146,-151,-14692,3676,3784,-996,129,-44,-14856,-3344,5404,-435,138,-126,0
3510.9996480941772,10604,5632,10596,-135,-63,123,10056,-8636,8832,21,132,-155,-14780,3660,3852,-1023,71,-86,-14792,-3228,5452,-490,140,-138,0
3511.032998085022,10576,5476,10512,-147,-18,81,9968,-8824,8952,-5,207,-129,-14792,3736,3764,-989,87,-58,-14868,-3384,5308,-473,84,-121,0
3511.0667481422424,10580,5548,10404,-181,-66,78,10128,-8632,8984,-39,148,-142,-14724,3700,3788,-1004,102,-53,-14776,-3156,5452,-504,113,-136,0
3511.100383043289,10700,5428,10612,-154,-49,76,9780,-8928,8860,-20,147,-163,-14752,3668,3616,-1045,127,-70,-14780,-3384,5624,-486,115,-111,0
3511.1335420608525,10616,5600,10432,-222,-30,119,10056,-8628,8928,9,140,-162,-14844,3664,4020,-1075,126,-91,-14700,-3292,5428,-467,136,-122,0
3511.1670029163365,10672,5532,10588,-184,-61,112,9992,-8688,8948,-1,128,-186,-14600,3692,3896,-1056,124,-81,-14692,-3464,5468,-462,159,-124,0
3511.2005310058594,10640,5588,10500,-213,-54,108,10072,-8752,8836,-255,142,-201,-14796,3676,3776,-1019,107,-92,-14760,-3572,5368,-446,141,-121,0
3511.23477602005,10560,5484,10576,-233,-60,109,10044,-8716,8968,-18,149,-210,-14800,3652,3800,-1007,120,-133,-14760,-3564,5172,-483,177,-65,0
3511.2692971229553,10588,5556,10604,-235,-119,138,10076,-8728,8868,-45,134,-203,-14608,3656,3956,-1006,104,-150,-14776,-3160,5320,-486,179,-74,0
3511.302966117859,10612,5516,10628,-237,-113,128,10120,-8704,9056,-81,109,-207,-14780,3692,3916,-950,115,-80,-14680,-3076,5124,-474,146,-89,0
3511.336408138275,10552,5568,10516,-261,-103,107,10156,-8752,8788,-73,152,-207,-14652,3700,3584,-970,103,-93,-14620,-3088,5448,-502,164,-74,0
3511.369938135147,10576,5480,10636,-276,-70,111,10052,-8636,8968,-27,150,-193,-14756,3708,3836,-1016,114,-144,-14780,-3076,5284,-479,187,-51,0
3511.403335094452,10680,5532,10284,-294,-69,147,10024,-8656,8996,-47,130,-190,-14780,3700,3828,-999,126,-112,-14596,-3088,5580,-453,197,-68,0
3511.436639070511,10616,5416,10528,-283,-86,150,10048,-8728,8744,-31,112,-227,-14652,3700,3704,-1018,164,-111,-14728,-3320,5324,-460,192,-59,0
3511.470082998276,10632,5480,10392,-4,-103,149,10124,-8624,8896,-45,145,-218,-14788,3580,3852,-1001,105,-142,-14796,-3352,5452,-477,210,-67,0
3511.5035920143127,10708,5452,10540,-262,-108,141,10076,-8688,8868,-37,121,-193,-14660,3728,3640,-997,114,-138,-14828,-3336,5332,-471,149,-78,0
3511.5369839668274,10708,5412,10600,-249,-113,128,10072,-8952,9020,-37,115,-191,-14792,3696,3828,-992,97,-104,-14844,-3264,5280,-463,157,-106,0
3511.5705790519714,10692,5512,10524,-1,-95,135,10048,-8624,9188,-46,146,-217,-14724,3628,4012,-960,91,-86,-15100,-3280,5396,-461,131,-81,0
3511.603891134262,10660,5528,10652,-292,-114,134,10136,-8640,8896,-42,140,-174,-14836,3656,3884,-982,67,-73,-14756,-3320,5396,-510,128,-73,0
3511.6373479366302,10708,5336,10532,-307,-119,155,10008,-8772,8972,-17,136,-211,-14720,3644,3712,-1012,94,-123,-14792,-3228,5476,-473,164,-62,0
3511.6706120967865,10564,5556,10588,-244,-112,148,10112,-8636,9200,-50,89,-215,-14720,3328,3832,-1005,131,-132,-14784,-3304,5356,-494,145,-89,0
3511.704190969467,10596,5308,10796,-223,-161,131,10172,-8672,8792,-68,115,-235,-14740,3580,3616,-961,93,-121,-14844,-3244,5404,-489,176,-84,0
3511.7375700473785,10724,5400,10604,-250,-131,144,10124,-8612,8808,0,129,-187,-14752,3620,3692,-996,101,-112,-14844,-3248,5388,-460,184,-114,0
3511.7710559368134,10740,5540,10628,-223,-113,144,10124,-8680,8832,1,131,-176,-14760,3372,4076,-1023,95,-113,-14840,-3336,5428,-450,126,-120,0
3511.8044099807735,10708,5436,10648,-269,-110,125,10076,-8656,8904,-34,146,-174,-14776,3716,3776,-987,52,-98,-14656,-3424,5440,-463,120,-104,0
3511.8379521369934,10604,5484,10592,-275,-125,125,10156,-8820,9000,-51,118,-181,-14768,3664,3828,-968,91,-95,-14840,-3220,5232,-479,167,-105,0
3511.871400117874,10684,5360,10560,-213,-147,117,10184,-8756,8940,-31,122,-212,-14716,3584,3688,-988,108,-126,-14800,-3336,5412,-502,175,-73,0
3511.9047250747685,10584,5500,10484,-218,-150,148,10056,-8652,8768,-256,127,-209,-14684,3660,3716,-992,157,-153,-14800,-3204,5340,-497,196,-86,0
3511.9381279945374,10716,5624,10544,-192,-166,143,10048,-8648,8832,-19,117,-241,-14760,3548,3804,-1003,109,-139,-14808,-3196,5384,-478,205,-84,0
3511.971848011017,10736,5396,10596,-232,-148,123,10056,-8624,8960,-33,125,-235,-14736,3704,3360,-965,118,-93,-14752,-3256,5360,-454,165,-102,0
3512.0052931308746,10772,5424,10608,-211,-126,140,10100,-8684,8904,-28,109,-202,-14672,3596,3688,-1010,120,-109,-14800,-3272,5296,-514,173,-97,0
3512.0416951179504,10768,5536,10444,-192,-136,134,10124,-8660,8960,-18,118,-208,-14784,3568,3656,-1010,124,-88,-14740,-3304,5344,-535,152,-123,0
3512.0777230262756,10712,5440,10592,-161,-116,112,10204,-8604,8968,-69,97,-218,-14668,3464,3624,-1006,122,-79,-14788,-3300,5272,-471,112,-104,0
3512.113253116608,10876,5412,10452,-127,-77,106,10164,-8636,8900,-70,158,-199,-14796,3628,3808,-1024,78,-69,-14812,-3192,5248,-479,125,-119,0
3512.149141073227,10772,5440,10744,-182,-54,99,10136,-8564,8668,38,135,-164,-14728,3540,3632,-1076,111,-61,-14608,-3312,5316,-500,132,-138,0
3512.1839940547943,10680,5612,10412,-135,12,89,10056,-8636,8692,-18,121,-172,-14688,3444,3832,-1040,134,-102,-14600,-3332,5604,-447,153,-141,0
3512.2194690704346,10724,5416,10424,-114,-80,71,10136,-8700,8772,-54,137,-228,-14808,3836,3756,-1280,54,-67,-15072,-3224,5600,-497,152,-141,0
3512.254431962967,10692,5440,10484,-136,-50,91,10136,-8712,8924,-33,170,-134,-14752,3640,3672,-1033,101,-50,-14744,-3332,5444,-517,84,-134,0
3512.290663957596,10728,5544,10516,-104,29,97,10068,-8576,8952,-20,146,-137,-14764,3572,3824,-1045,130,-24,-14728,-3320,5364,-495,87,-120,0
3512.326252937317,10756,5464,10512,-153,30,98,10044,-8916,8912,-13,121,-139,-14752,3660,3712,-1031,110,-18,-14864,-3268,5388,-477,79,-115,0
3512.3622670173645,10636,5428,10572,-127,10,72,10060,-8696,8968,-37,172,-155,-14680,3332,3960,-1043,62,-65,-14872,-3252,5324,-487,130,-158,0
3512.398101091385,10616,5504,10624,-111,-49,85,9992,-8800,8920,-44,155,-165,-14744,3644,3880,-1007,122,-63,-14736,-3480,5348,-501,141,-102,0
3512.4335730075836,10684,5460,10672,-86,-35,78,10188,-8664,8796,-39,137,-202,-14808,3580,3784,-987,150,-112,-14600,-3152,5496,-491,182,-137,0
3512.468425989151,10652,5472,10952,-144,-58,69,10032,-8620,8908,-27,112,-202,-14640,3696,3828,-983,118,-76,-14816,-3228,5628,-496,133,-100,0
3512.5043189525604,10552,5508,10436,-121,-43,57,10076,-8720,8784,2,182,-166,-14612,3636,3732,-1013,78,-51,-14608,-3108,5284,-503,132,-132,0
3512.539642095566,10680,5432,10572,-114,-29,71,10124,-8788,8868,-24,143,-155,-14724,3588,3688,-1012,73,-47,-14784,-3204,5232,-480,128,-131,0
3512.5747520923615,10636,5424,10548,-131,-6,83,10160,-8688,9008,-37,167,-179,-14656,3604,3636,-996,84,-45,-14888,-3312,5516,-500,121,-145,0
3512.610677957535,10728,5220,10612,-136,-41,77,10108,-8636,8820,-42,149,-157,-14776,3700,3780,-985,62,-53,-14648,-3196,5384,-466,144,-129,0
3512.6456151008606,10672,5496,10652,-133,-59,113,10148,-8684,8720,-61,121,-166,-14700,3668,3664,-1000,67,-31,-14796,-3260,5296,-487,157,-128,0
3512.683326005936,10716,5496,10600,-99,-34,70,10148,-8664,8840,-25,149,-187,-14736,3640,3764,-1016,53,-105,-14740,-3328,5404,-480,152,-169,0
3512.7168180942535,10692,5624,10484,-96,-57,74,10004,-8620,8896,-23,154,-189,-14664,3684,3812,-1015,46,-82,-14728,-3204,5560,-487,154,-149,0
3512.7503669261932,10580,5508,10496,-105,-43,77,10124,-8480,8932,250,168,-160,-14676,3620,3680,-1022,88,-65,-14796,-3316,5612,-483,132,-147,0
3512.783965110779,10616,5560,10608,-108,-36,90,10088,-8704,8704,-5,140,-169,-14848,3716,3648,-1040,110,-32,-14880,-3304,5292,-473,147,-134,0
3512.8234770298004,10900,5476,10504,-81,-71,109,10084,-8648,8844,-24,96,-142,-14572,3676,3776,-999,95,-46,-14736,-3276,5164,-481,135,-142,0
3512.8573031425476,10684,5484,10592,-123,-52,114,10084,-8656,8848,-39,108,-147,-14768,3636,3748,-1019,96,-57,-14844,-3288,5420,-483,138,-135,0
3512.890650987625,10656,5524,10652,-135,-41,112,10020,-8688,8944,-40,104,-163,-14712,3584,3636,-1021,135,-85,-14740,-3276,5372,-485,154,-92,0
3512.9239199161534,10680,5512,10400,-143,-34,118,10108,-8700,8948,-40,132,-159,-14744,3652,3876,-1015,103,-82,-14888,-3316,5348,-483,134,-111,0
3512.9574520587926,10644,5552,10748,-144,-26,105,10108,-8616,8888,-13,147,-192,-14700,3676,3776,-1036,107,-37,-14836,-3276,5392,-467,121,-142,0
3512.9910459518433,10600,5444,10612,-178,-41,107,10136,-8712,8828,11,116,-174,-14672,3620,3976,-1028,94,-71,-14724,-3524,5360,-473,151,-140,0
3513.024482011795,10564,5424,10544,-208,-49,93,10020,-8752,8868,-8,128,-214,-14376,3740,4048,-1005,91,-118,-14736,-3352,5268,-437,159,-128,0
3513.0576970577245,10620,5548,10744,-183,-36,92,10144,-8668,9176,-27,141,-205,-14684,3672,3864,-977,88,-84,-14792,-3284,5452,-455,112,-131,0
3513.091413974762,10620,5440,10540,-512,-38,101,10048,-8740,8828,252,147,-204,-14768,3692,3864,-1014,53,-100,-14780,-3280,5536,-496,135,-82,0
3513.1249139308934,10568,5568,10576,-4,-126,144,10040,-8728,8816,-21,175,-65,-14644,3564,3772,-1013,138,-104,-14768,-3396,5452,-472,119,-74,0
3513.1581470966335,10584,5588,10296,-213,-136,135,10096,-8528,8760,-195,125,-218,-14756,3604,3692,-939,122,-102,-14788,-3292,5332,-258,162,-102,0
3513.1916711330414,10648,5500,10552,-261,-128,110,10020,-8776,8908,-70,100,-226,-14696,3724,3840,-998,107,-131,-14764,-3260,5420,-494,164,-59,0
3513.224991083145,10688,5528,10464,-264,-54,161,10132,-8692,8816,-29,130,-172,-14744,3648,3864,-1005,102,-45,-14800,-3576,5144,-464,148,-70,0
3513.258516073227,10680,5580,10556,-305,-34,115,10092,-8640,8780,-53,186,-182,-14692,3624,3644,-939,60,-67,-15044,-3248,5428,-470,119,-84,0
3513.291960000992,10612,5492,10680,-283,-60,114,10152,-8708,8800,-62,174,-188,-14680,3652,3792,-959,96,-113,-14816,-3260,5364,-436,166,-85,0
3513.325541973114,10724,5568,10412,-507,-121,135,10132,-8636,8852,-64,165,-198,-14700,3732,3816,-1005,88,-142,-14752,-3228,5400,-484,186,-94,0
3513.3591780662537,10552,5528,10608,-293,-128,167,10072,-8732,8936,27,129,-181,-14736,3792,3744,-1043,145,-138,-14644,-3280,5388,-467,162,-86,0
3513.3926219940186,10556,5532,10528,-245,-117,157,10040,-8896,9192,-34,128,-198,-14652,3568,3804,-1005,143,-107,-14876,-3320,5488,-455,193,-93,0
3513.4261000156403,10596,5444,10496,-291,-195,125,9728,-8956,8908,-29,168,-202,-14696,3672,3760,-1000,102,-129,-14796,-3560,5512,-463,187,-91,0
3513.459985971451,10620,5400,10768,-288,-114,121,10140,-8752,9084,-55,130,-227,-14656,3696,3984,-1006,118,-158,-14684,-3548,5460,-480,170,-95,0
3513.4936070442204,10548,5420,10568,-256,-156,122,10088,-8956,9000,3,111,-224,-14684,3576,3732,-1009,132,-149,-14800,-3172,5428,-496,191,-58,0
3513.527251958847,10556,5468,10684,-501,-160,163,10072,-8460,8888,-31,72,-248,-14592,3676,3712,-1028,197,-162,-14756,-3344,5432,-478,216,-41,0
3513.5607340335846,10672,5460,10652,-246,-238,151,10004,-8672,8784,-56,30,-278,-14712,3760,4080,-1015,199,-168,-14856,-3244,5276,-509,245,-44,0
3513.5942709445953,10664,5400,10612,-251,-241,178,10120,-8640,9016,-55,23,-251,-14764,3828,3604,-1006,155,-145,-14656,-3308,5356,-480,230,-86,0
3513.627888917923,10708,5400,10656,-227,-206,162,9992,-8636,8780,248,91,-240,-14752,3772,3620,-772,158,-151,-15092,-3232,5312,-257,170,-67,0
3513.66113114357,10792,5428,10708,-231,-139,141,10120,-8640,8836,-19,119,-188,-14604,3572,3688,-1002,95,-121,-14872,-3264,5272,-500,168,-116,0
3513.6944510936737,10752,5532,10424,-232,-147,142,10116,-8692,8928,-49,102,-187,-14756,3464,3812,-1002,112,-146,-14764,-3284,5360,-496,157,-104,0
3513.732358932495,10812,5432,10244,-164,-66,117,10424,-8952,8780,-82,88,-210,-14732,3564,3812,-983,117,-63,-14792,-3268,5248,-515,111,-96,0
3513.7674350738525,10676,5144,10692,-215,-90,114,10252,-8696,8896,-50,132,-160,-14700,3644,3660,-992,105,-109,-14788,-3216,5164,-529,117,-132,0
3513.8035991191864,10632,5468,10692,-196,-98,108,10104,-8696,8900,249,167,-155,-14740,3620,3760,-1024,72,-76,-14848,-3292,5300,-523,128,-131,0
3513.8393359184265,10704,5456,10580,-130,-94,101,10124,-8944,8848,-66,182,-145,-14712,3532,3760,-1010,93,-41,-14888,-3136,5280,-765,100,-146,0
3513.8748340606694,10668,5384,10496,-163,-82,67,10052,-8688,8828,-26,169,-147,-14664,3612,3636,-1267,101,-104,-14772,-3224,5332,-483,120,-144,0
3513.909904956817,10696,5408,10364,-126,-7,74,10156,-8472,8708,15,187,-142,-14676,3368,3472,-1026,60,-60,-14724,-3108,5312,-481,129,-143,0
3513.9451270103455,10624,5500,10692,-166,-244,78,10036,-8652,8848,250,140,-170,-14700,3604,3824,-1007,88,-63,-14772,-3468,5576,-452,124,-150,0
3513.9812779426575,10632,5496,10588,-200,11,58,10000,-8732,9040,-17,146,-168,-14712,3656,3728,-1000,73,-40,-14784,-3276,5284,-459,134,-138,0
3514.0174651145935,10716,5420,10568,-131,-40,87,10120,-8644,8852,-21,199,-153,-14728,3684,3828,-997,95,-111,-14612,-3300,5464,-473,174,-140,0
3514.052242040634,10668,5456,10552,-186,-80,97,10068,-8616,8888,-5,170,-159,-14728,3684,3612,-1017,80,-95,-14732,-3264,5440,-473,133,-89,0
3514.088155031204,10652,5272,10552,-128,-49,92,10172,-8956,8848,-38,136,-170,-14416,3604,3892,-979,90,-76,-14824,-3240,5396,-485,136,-111,0
3514.122941017151,10672,5512,10720,-194,-51,87,10136,-8536,8804,-37,173,-157,-14636,3692,3752,-1003,92,-76,-14888,-3292,5164,-452,143,-124,0
3514.1590869426727,10652,5536,10568,-153,-38,79,10120,-8504,8844,-15,194,-134,-15092,3616,3704,-1008,115,-81,-14836,-3320,5428,-492,136,-125,0
3514.194389104843,10760,5508,10628,-147,255,90,10116,-8696,8908,-42,106,-170,-14740,3660,3808,-770,98,-74,-14784,-3248,5372,-485,144,-92,0
3514.229804992676,10692,5432,10532,-140,-65,85,10116,-8812,8952,-31,155,-187,-14848,3676,3744,-1022,78,-50,-14740,-3244,5408,-498,178,-155,0
3514.2649500370026,10700,5500,10636,-120,-47,93,10160,-8668,8828,-26,134,-200,-14704,3644,3672,-984,95,-135,-14936,-3200,5364,-481,160,-149,0
3514.3012590408325,10788,5616,10700,-104,-47,81,10184,-8892,8896,-32,153,-174,-14736,3796,3712,-1006,96,-96,-14836,-3276,5536,-483,125,-143,0
3514.3361310958862,10596,5456,10580,-158,-22,75,10136,-8680,8804,-36,147,-172,-14740,3828,3708,-1015,81,-90,-14792,-3260,5244,-479,148,-160,0
3514.372946023941,10716,5500,10640,-168,-27,68,10088,-8628,8808,-43,184,-171,-14732,3604,3572,-994,95,-92,-14596,-3192,5156,-469,145,-168,0
3514.4063949584965,10696,5596,10320,-111,-19,53,10196,-8664,9168,-55,203,-147,-14776,3716,4012,-1005,56,-79,-15104,-3196,5352,-479,92,-165,0
3514.4397981166844,10596,5452,10616,-135,-41,66,9952,-8776,9020,-30,162,-159,-14780,3724,3632,-1050,87,-45,-14828,-3364,5520,-513,105,-124,0
3514.4734280109406,10612,5500,10492,-99,254,101,10048,-8716,8816,-55,83,-127,-14680,3612,3764,-1046,108,4,-14796,-3300,5364,-533,51,-153,0
3514.507334947586,10548,5480,10584,-89,-3,104,10136,-8812,8880,-89,129,-111,-14716,3772,3652,-1023,87,-9,-14800,-3316,5484,-507,47,-154,0
3514.5405220985413,10688,5484,10328,-144,-252,91,10064,-8776,8860,-64,100,-151,-14680,3620,3808,-1016,132,-54,-14720,-3084,5308,-493,82,-138,0
3514.5740189552307,10640,5496,10732,-147,254,94,10080,-8748,8836,-23,141,-177,-14664,3596,3960,-1020,121,-106,-14696,-3408,5340,-450,132,-163,0
3514.607522010803,10580,5576,10724,-158,-53,50,10112,-8792,8888,-247,196,-178,-14612,3784,3788,-1011,54,-93,-14820,-3380,5200,-473,155,-210,0
3514.6405770778656,10664,5580,10616,-137,-74,15,10072,-8712,9008,-44,174,-237,-14796,3828,3856,-974,30,-66,-14768,-3212,5320,-470,145,-179,0
3514.674168109894,10668,5596,10464,-128,-79,69,9988,-8636,8856,-77,123,-243,-14680,3640,3848,-962,87,-81,-14724,-3536,5468,-482,111,-136,0
3514.707783937454,10504,5472,10700,-153,-95,77,10124,-8696,8880,-6,105,-192,-14688,3672,3744,-1047,128,-91,-14784,-3180,5460,-262,155,-117,0
3514.740849018097,10720,5500,10424,-66,-40,137,10104,-8768,8848,21,108,-98,-14696,3772,3816,-1091,123,242,-14848,-3084,5480,-582,106,-105,0
3514.774379014969,10692,5464,10572,-129,-29,210,10004,-8796,8744,-44,-32,-157,-14660,3568,3616,-1034,172,21,-14836,-3320,5524,-765,80,-61,0
3514.807914018631,10544,5428,10668,-184,8,140,10004,-8652,8980,-57,78,-146,-14796,3596,3880,-1029,177,-76,-14680,-3472,5476,-437,149,-100,0
3514.841140985489,10616,5500,10532,-229,-77,91,10080,-8900,8836,-2,214,-214,-14768,3680,3812,-1011,107,-206,-14820,-3452,5432,-429,241,-142,0
3514.874696969986,10604,5528,10336,-255,-101,34,10064,-8592,9056,-23,265,-217,-14764,3580,3944,-1028,25,-139,-14772,-3360,5296,-477,191,-192,0
3514.9081010818486,10592,5748,10524,-208,-121,23,10096,-8536,9004,-29,154,-261,-14720,3576,3868,-986,32,-101,-14752,-3392,5392,-483,171,-144,0
3514.9414341449738,10676,5464,10812,-210,-94,67,10100,-8708,8988,-13,167,-204,-14776,3776,3712,-1014,69,-87,-14840,-3256,5412,-482,164,-86,0
3514.9750089645386,10704,5504,10660,-211,-49,145,10104,-8764,8876,22,50,-176,-14672,3740,3832,-982,140,-56,-14764,-3252,5516,-527,93,-7,0
3515.0086870193486,10492,5456,10480,-239,-57,221,9984,-8720,8812,-73,-5,-183,-14652,3612,3772,-934,245,-90,-14680,-3284,5152,-439,135,-11,0
3515.0419340133667,10572,5452,10732,-302,-143,165,10148,-8920,9132,-80,188,-218,-14876,3552,3940,-1000,99,-136,-14752,-3412,5420,-464,198,-99,0
3515.0755500793457,10616,5460,10528,-299,-145,91,10052,-8888,9176,-22,252,-178,-14772,3708,3724,-1028,9,-111,-14900,-3284,5340,-567,198,-147,0
3515.109230995178,10756,5520,10412,-266,-85,84,10092,-8460,8904,-22,201,-140,-14684,3708,3720,-1022,-252,-70,-14760,-3224,5584,-579,143,-63,0
3515.1424040794373,10628,5464,10472,-277,-50,184,10188,-8688,8900,-61,-43,-215,-14560,3356,3360,-953,188,-84,-14740,-3396,5316,-402,112,22,0
3515.1758439540863,10452,5448,10520,-279,-53,166,10232,-8632,8888,-77,143,-164,-14824,3584,4088,-969,158,-126,-14652,-3420,5296,-381,194,-62,0
3515.20929312706,10676,5412,10636,-304,-189,108,10132,-8812,8968,-44,183,-511,-14804,3660,3776,-1001,27,-140,-14960,-3132,5200,-528,232,-119,0
3515.242406129837,10784,5496,10636,-290,-128,133,10228,-8464,8736,-41,65,-255,-14388,3736,3768,-973,86,-88,-14820,-3248,5344,-453,203,-46,0
3515.2758440971375,10624,5492,10556,-280,-100,107,10140,-8636,8940,-38,140,-190,-14712,3612,3720,-1006,102,-80,-15096,-3332,5460,-426,174,-122,0
3515.3093769550323,10656,5492,10672,-276,-144,89,10084,-8844,8892,7,267,-212,-14660,3636,3900,-991,59,-135,-14692,-3584,5392,-446,172,-116,0
3515.3425760269165,10688,5620,10504,-300,-119,129,10228,-8724,9028,-38,104,-169,-14824,3708,3708,-986,54,-108,-14840,-3228,5132,-525,130,-59,0
3515.3761799335484,10660,5400,10560,-193,-123,171,9944,-8496,8892,-24,24,-186,-14624,3560,3404,-1003,179,-145,-14732,-3200,5268,-507,128,-39,0
3515.413239002228,10684,5588,10516,-230,-129,189,9980,-8604,8784,-6,62,-184,-14724,3568,3852,-1030,195,-122,-14744,-3568,5624,-465,184,-46,0
3515.44895195961,10680,5620,10588,-256,-178,153,10152,-8632,8988,42,177,-192,-14756,3636,3884,-1006,91,-152,-14820,-3280,5460,-472,177,-91,0
3515.483943939209,10616,5424,10440,-281,-137,137,10200,-8768,8948,-53,152,-236,-14752,3432,3648,-1005,131,-107,-14824,-3204,5144,-476,191,-65,0
3515.5195450782776,10844,5504,10700,-240,-123,151,10204,-8756,8732,-29,73,-230,-14708,3636,3664,-994,133,-128,-14736,-3080,5244,-506,168,-67,0
3515.5550191402435,10644,5428,10476,-209,-168,155,10088,-8676,8920,-29,102,-224,-14740,3676,3756,-994,164,-114,-14736,-3248,5392,-459,145,-89,0
3515.5904319286346,10592,5164,10264,-246,-144,138,10000,-8620,8904,-15,103,-210,-14776,3636,3724,-998,138,-114,-14780,-3208,5344,-513,154,-76,0
3515.625787019729,10720,5400,10560,-228,-133,129,10036,-8672,8924,-11,94,-183,-14764,3676,3736,-1004,145,-79,-14784,-3272,5320,-497,154,-102,0
3515.661852121353,10724,5456,10568,-187,-117,112,10144,-8656,8952,2,103,-212,-14784,3648,3604,-1277,139,-89,-15080,-3264,5148,-485,142,-68,0
3515.6975169181824,10732,5436,10504,-207,-86,129,10128,-8656,8832,-15,135,-192,-14684,3736,3748,-1051,131,-132,-14696,-3328,5388,-498,193,-111,0
3515.7334399223328,10500,5416,10680,-188,-101,111,10028,-8712,8928,-33,149,-188,-14740,3556,3824,-1002,141,-91,-14820,-3308,5300,-522,154,-138,0
3515.7692890167236,10732,5440,10336,-114,-79,116,10108,-8624,8820,-67,99,-184,-14716,3784,3752,-1000,98,-56,-14800,-3280,5308,-514,100,-124,0
3515.8041939735413,10712,5440,10464,-146,-63,75,10132,-8892,8944,-25,136,-179,-14764,3612,3804,-1034,103,-60,-14768,-3220,5132,-491,123,-145,0
3515.8394391536713,10980,5500,10696,-164,-47,70,10188,-8588,9020,-16,155,-150,-14700,3528,3764,-1027,101,-84,-14768,-3348,5248,-465,98,-124,0
3515.874881029129,10728,5320,10444,-129,-37,82,10136,-8468,8892,-52,167,-191,-14828,3580,3784,-1035,87,-110,-14752,-3172,5320,-469,141,-153,0
3515.910880088806,10632,5384,10556,-141,-30,61,10072,-8664,8872,15,93,-163,-14640,3668,3572,-1019,121,-65,-14716,-3404,5360,-466,102,-128,0
3515.9461431503296,10728,5428,10460,-125,-250,101,10108,-8624,8832,-16,147,-155,-14696,3636,4076,-1042,87,-67,-14820,-3264,5336,-451,111,-188,0
3515.9822940826416,10580,5468,10584,-162,-256,81,10096,-8952,8980,-39,183,-158,-14784,3820,3592,-1014,28,-35,-14788,-3204,5432,-466,84,-131,0
3516.017534971237,10712,5396,10552,-172,-3,83,10108,-8668,8936,-60,161,-144,-14788,3688,3892,-996,67,-60,-14844,-3368,5368,-496,113,-160,0
3516.0550010204315,10648,5628,10732,-113,-35,74,10088,-8732,8832,-51,120,-166,-14648,3428,4080,-996,69,-72,-14732,-3240,5572,-484,142,-143,0
3516.0886290073395,10604,5400,10360,-120,-17,111,10120,-8656,8748,-18,150,-157,-14380,3784,3624,-1010,77,-78,-14800,-3308,5360,-476,142,-121,0
3516.122138977051,10688,5376,10728,-114,-76,88,10100,-8632,8928,-57,135,-168,-14768,3636,3848,-1012,74,-95,-14812,-3164,5552,-455,149,-149,0
3516.15540099144,10588,5536,10724,-152,-43,63,10116,-8800,8900,-32,183,-179,-14744,3740,3760,-998,75,-118,-14608,-3296,5288,-481,147,-147,0
3516.1890110969543,10564,5456,10736,-133,-45,64,10088,-8664,8880,-18,174,-172,-14716,3700,3752,-1026,86,-102,-14756,-3328,5352,-482,165,-110,0
3516.2225000858307,10696,5508,10292,-116,-254,88,10132,-8528,8936,-25,137,-181,-14700,3516,3812,-988,53,-94,-14812,-3372,5456,-473,141,-167,0
3516.255926132202,10656,5424,10588,-115,-67,94,10164,-8656,8888,-49,122,-165,-14716,3520,3736,-992,83,-38,-14796,-3276,5356,-472,127,-155,0
3516.2892839908604,10676,5468,10536,-115,-75,78,10048,-8464,8852,-28,154,-165,-14684,3724,3832,-1003,95,-85,-14760,-3240,5212,-482,149,-143,0
3516.3228471279144,10744,5524,10396,-118,-42,84,10208,-8668,8736,-19,151,-170,-14780,3548,3732,-1065,132,-96,-14740,-3244,5476,-493,107,-168,0
3516.356589078903,10716,5484,10556,-94,-6,93,10088,-8724,8744,-20,105,-160,-14728,3652,3772,-1015,120,-89,-14808,-3260,5432,-512,120,-143,0
3516.389925003052,10624,5472,10256,-117,-72,95,10152,-8644,8840,-19,92,-181,-14736,3340,3592,-1039,91,-47,-14760,-3336,5288,-477,143,-155,0
3516.423383951187,10636,5452,10240,-116,-19,82,10060,-8744,8732,-21,125,-170,-14704,3716,3952,-1035,133,-84,-14768,-3344,5476,-501,109,-139,0
3516.457020044327,10764,5480,10532,-128,-46,104,10108,-8936,9088,252,154,-141,-14716,3736,3940,-1044,91,-82,-14808,-3208,5552,-527,111,-144,0
3516.4905791282654,10588,5472,10436,-126,-25,102,10080,-8620,8856,-25,142,-152,-14684,3332,4024,-1025,100,-77,-14792,-3324,5396,-496,128,-153,0
3516.5242929458614,10608,5576,10468,-94,-45,89,10060,-8588,8936,-63,144,-145,-14672,3612,3892,-1278,88,-68,-14868,-3368,5352,-494,105,-156,0
3516.557934999466,10500,5384,10604,-143,-79,69,10056,-8648,9188,-27,138,-185,-14804,3592,3748,-1009,96,-22,-14808,-3244,5356,-476,110,-166,0
3516.5915949344635,10620,5572,10560,-117,-6,83,9980,-8564,8868,-11,109,-161,-14652,3656,3724,-1000,119,-42,-14944,-3340,5308,-498,120,-151,0
3516.6249959468846,10592,5524,10488,-86,-26,119,10108,-8676,8872,-3,122,-158,-14376,3620,3764,-1029,105,-72,-15052,-3424,5512,-478,123,-131,0
3516.658499956131,10700,5480,10516,-123,-29,98,10036,-8452,9188,-25,158,-164,-14804,3668,3736,-994,94,-90,-14812,-3512,5432,-468,90,-162,0
3516.6923160552974,10596,5428,10348,-145,-32,114,10080,-8644,8792,-65,107,-178,-14632,3824,3756,-978,121,-76,-14740,-3300,5308,-481,123,-143,0
3516.7257919311523,10688,5640,10736,-123,-59,115,10204,-8472,8924,253,121,-157,-14672,3700,3768,-1037,129,-69,-14744,-3312,5288,-496,136,-121,0
3516.7591960430145,10584,5520,10496,-100,-7,119,10036,-8724,8904,3,190,-121,-14628,3612,3788,-1063,128,-67,-14652,-3076,5420,-489,161,-144,0
3516.792545080185,10572,5536,10628,-151,-84,105,10116,-8948,8964,-7,135,-165,-14644,3652,3524,-1026,93,-111,-14820,-3332,5356,-485,148,-124,0
3516.8260080814366,10640,5508,10664,-135,-28,122,10016,-8612,9124,-22,120,-188,-14384,3684,3836,-1005,99,-100,-14880,-3344,5464,-478,152,-112,0
3516.8596880435944,10696,5524,10504,-121,-63,97,10104,-8700,8880,-27,144,-187,-14684,3636,3820,-996,80,-86,-14920,-3220,5420,-491,171,-133,0
3516.8929381370544,10516,5520,10532,-167,-76,109,10132,-8668,8872,-5,154,-197,-14592,3720,3832,-995,67,-47,-14788,-3376,5460,-468,136,-109,0
3516.926671028137,10552,5568,10368,-215,-71,84,10036,-8628,8900,-31,149,-201,-14724,3652,4016,-964,65,-93,-14760,-3372,5488,-431,148,-93,0
3516.960180044174,10592,5444,10656,-229,-87,108,10040,-8928,9192,-13,192,-225,-14592,3652,3792,-955,51,-126,-15080,-3572,5180,-441,207,-95,0
3516.9936690330505,10664,5592,10592,-261,-97,108,10036,-8700,8952,252,166,-206,-15084,3788,3796,-1006,57,-104,-14824,-3540,5412,-423,174,-100,0
3517.0273230075836,10612,5564,10660,-235,-96,130,10092,-8504,8828,-40,135,-195,-14648,3436,3588,-978,63,-88,-14724,-3552,5348,-482,187,-89,0
3517.0604379177094,10600,5428,10512,-252,-134,139,10112,-8716,8772,-57,123,-216,-14748,3700,3664,-977,97,-81,-14608,-3328,5420,-448,178,-86,0
3517.0982720851894,10736,5564,10652,-271,-108,126,10068,-8704,8840,-34,165,-191,-14840,3600,3736,-1000,118,-92,-14692,-3328,5200,-462,185,-91,0
3517.1342971324925,10520,5452,10332,-271,-48,126,10100,-8948,9160,-49,137,-187,-14696,3676,3684,-976,111,-120,-15064,-3356,5304,-467,180,-47,0
3517.170634031296,10672,5652,10580,-316,-93,159,10152,-8772,9020,-78,154,-182,-14784,3612,3656,-989,108,-100,-14656,-3228,5416,-483,179,-66,0
3517.2061989307404,10648,5440,10564,-331,-81,156,10064,-8676,8860,-59,159,-226,-14752,3560,3732,-988,121,-105,-14808,-3328,5332,-470,136,-47,0
3517.2423050403595,10596,5452,10592,-267,-92,139,10116,-8464,8964,-87,81,-204,-14760,3328,3792,-1048,122,-139,-14880,-3360,5248,-446,173,-71,0
3517.2776911258698,10644,5456,10332,-318,-175,131,10068,-8736,8856,-19,135,-233,-14768,3728,3636,-1013,110,-78,-14628,-3248,5424,-487,176,-97,0
3517.3127760887146,10720,5540,10512,-247,-106,137,10116,-8740,9076,-14,81,-207,-14716,3588,3816,-1280,137,-140,-14824,-3540,5328,-480,139,-112,0
3517.348719120025,10588,5508,10584,-239,-84,154,10004,-8676,8904,-7,156,-150,-14768,3612,3812,-1002,94,-55,-14836,-3300,5440,-491,117,-107,0
3517.3838181495667,10604,5412,10644,-246,-76,132,10100,-8548,8772,-70,141,-176,-14680,3644,3860,-1009,139,-130,-14896,-3292,5412,-486,112,-74,0
3517.419527053833,10472,5520,10532,-272,-120,156,10028,-8640,8736,-78,108,-183,-14632,3580,3792,-998,145,-99,-14876,-3272,5424,-493,143,-69,0
3517.4549491405487,10700,5336,10480,-252,-178,183,10060,-8564,8928,24,139,-210,-14832,3680,3584,-1037,190,-98,-14704,-3212,5352,-470,189,-62,0
3517.491039991379,10692,5428,10480,-217,-137,166,10048,-8688,9172,-6,76,-203,-14640,3604,3556,-1034,145,-133,-14764,-3512,5180,-474,166,-73,0
3517.527122974396,10668,5628,10596,-253,-174,158,10108,-8696,8924,-252,129,-221,-14660,3600,3820,-1008,152,-109,-14820,-3272,5308,-469,163,-111,0
3517.5618331432343,10496,5292,10504,-235,-120,134,10168,-8700,8872,-12,95,-227,-14780,3576,3596,-997,137,-135,-14828,-3076,5356,-505,198,-104,0
3517.5980269908905,10712,5480,10256,-193,-123,135,10128,-8640,9100,-23,137,-210,-14752,3800,3960,-986,114,-89,-14624,-3108,5280,-495,176,-89,0
3517.633306980133,10632,5448,10640,-188,-131,137,10036,-8612,8904,-46,140,-208,-14696,3544,3980,-993,155,-101,-14880,-3276,5360,-477,172,-84,0
3517.6683199405666,10588,5176,10712,-230,-177,147,10012,-8660,8880,-37,132,-223,-14676,3612,3704,-997,120,-92,-14804,-3292,5472,-505,182,-93,0
3517.7044320106506,10684,5396,10652,-219,-146,133,10160,-8476,8840,-33,79,-236,-14744,3688,3656,-1000,109,-119,-14756,-3160,5388,-493,184,-111,0
3517.740569114685,10680,5364,10712,-188,-115,103,10060,-8672,8828,-16,135,-216,-14700,3384,3632,-1034,130,-69,-14836,-3268,5348,-492,190,-85,0
3517.774193048477,10620,5184,10504,-159,-130,114,10144,-8620,8888,-43,128,-210,-14704,3592,3668,-996,84,-75,-14796,-3224,5300,-500,153,-89,0
3517.8076109886174,10712,5468,10412,-151,-76,93,10180,-8584,8736,-32,143,-179,-14652,3552,3676,-967,64,-103,-14768,-3276,5388,-496,176,-159,0
3517.8436009883885,10848,5496,10364,-136,-28,100,9936,-8640,8804,-53,139,-158,-14768,3528,3572,-956,76,-79,-14720,-3228,5312,-508,106,-138,0
3517.877547979355,10992,5360,10476,-145,-67,71,10200,-8732,8860,-13,141,-176,-14788,3676,3700,-769,74,-62,-14812,-3308,5336,-490,128,-128,0
3517.9108250141144,10668,5352,10424,-190,-32,82,10032,-8600,8860,-14,153,-154,-14764,3596,3840,-1010,97,-52,-14796,-3224,5176,-437,139,-117,0
3517.9440751075745,10756,5504,10440,-137,-51,123,10176,-8692,9204,-47,142,-163,-14728,3652,3732,-1019,76,-83,-14812,-3272,5300,-487,147,-135,0
3517.977627038956,10728,5416,10604,-158,-68,72,10108,-8764,8836,-8,143,-198,-14716,3628,3732,-998,64,-102,-14820,-3224,5396,-486,159,-166,0
3518.0111670494084,10640,5388,10524,-136,-17,80,10120,-8580,8744,5,121,-165,-14672,3700,3704,-1055,90,-52,-14832,-3224,5248,-477,135,-155,0
3518.044816017151,10720,5484,10536,-156,-38,102,10192,-8676,8816,-23,171,-152,-14692,3756,3784,-1023,48,250,-14748,-3360,5124,-458,106,-153,0
3518.0784170627594,10708,5452,10580,-161,-3,107,10188,-8724,8704,-56,163,-158,-14796,3588,3736,-1001,75,-38,-14844,-3368,5384,-488,80,-150,0
3518.1114139556885,10516,5480,10548,-143,-10,93,10020,-8696,8940,-84,179,-169,-14708,3692,3732,-1009,102,-107,-14596,-3292,5424,-507,118,-99,0
3518.1445591449738,10692,5432,10476,-121,-61,109,10064,-8696,8752,-30,138,-160,-14736,3616,3860,-1031,134,-41,-14772,-3164,5272,-508,139,-157,0
3518.17813205719,10668,5528,10504,-119,-19,78,10072,-8616,8860,-54,139,-188,-14820,3620,3756,-1014,160,-63,-14840,-3272,5412,-496,148,-145,0
3518.2118439674377,10720,5488,10504,-133,-102,107,10024,-8660,8720,-22,149,-168,-14744,3672,3800,-1065,147,-109,-15084,-3316,5412,-469,161,-130,0
3518.2454030513763,10740,5500,10488,-158,-53,76,10128,-8684,8960,252,148,-184,-14792,3692,3688,-1036,92,-126,-14808,-3304,5420,-508,130,-170,0
3518.278797149658,10716,5388,10492,-98,-19,76,10128,-8608,8744,-250,133,-160,-14676,3608,3788,-1036,121,-59,-14856,-3340,5496,-506,127,-165,0
3518.311995983124,10648,5576,10556,-137,-11,80,10116,-8692,8916,0,156,-135,-14664,3532,3668,-1061,131,-25,-14780,-3392,5160,-482,156,-165,0
3518.3455109596252,10660,5468,10428,-138,-36,82,10052,-8768,8988,-44,150,-179,-14400,3652,3764,-1020,108,-70,-14996,-3280,5160,-495,108,-141,0
3518.3789670467377,10648,5496,10512,-126,-72,69,10068,-8516,8840,-95,131,-180,-14740,3660,3620,-1019,83,-92,-14812,-3184,5576,-521,123,-163,0
3518.41268491745,10716,5440,10704,-118,-83,115,10128,-8776,8960,10,78,-184,-14700,3700,4048,-1008,141,-82,-14724,-3312,5524,-507,128,-125,0
3518.4464099407196,10592,5520,10616,-89,-20,104,10044,-8676,8940,17,102,-155,-14708,3632,3752,-1016,127,-49,-14624,-3276,5244,-479,168,-135,0
3518.479956150055,10632,5468,10304,-98,-49,82,10188,-8712,8868,-18,156,-202,-14768,3612,3700,-1034,101,-54,-14732,-3336,5140,-506,174,-146,0
3518.5133991241455,10576,5564,10652,-88,-103,120,10092,-8656,8900,-24,121,-133,-14688,3660,3716,-1014,127,-37,-15056,-3560,5588,-488,116,-155,0
3518.5473120212555,10752,5464,10556,-119,-20,89,10152,-8636,9152,-27,155,-105,-14884,3624,3776,-1047,108,-69,-14832,-3548,5244,-471,125,-136,0
3518.58073592186,10624,5548,10568,-129,-20,88,10160,-8628,8920,-16,175,-158,-14664,3676,3712,-1043,87,-81,-14752,-3380,5312,-507,135,-161,0
3518.614265918732,10628,5528,10504,-105,-13,77,10136,-8648,8936,-12,147,-171,-14708,3648,3984,-1000,34,-63,-15088,-3264,5400,-481,124,-171,0
3518.6475961208344,10660,5536,10592,-108,-6,75,10188,-8640,8708,-55,169,-174,-14692,3828,3760,-1003,48,-13,-14932,-3332,5340,-478,129,-156,0
3518.681077003479,10656,5512,10716,-143,-17,84,10060,-8664,8928,-53,155,-149,-14724,3616,3740,-1006,69,-89,-14764,-3324,5436,-439,138,-144,0
3518.7145841121674,10648,5544,10740,-186,-44,95,10012,-8724,8948,-41,135,-186,-14712,3632,3848,-984,66,-114,-14880,-3216,5524,-442,159,-137,0
3518.750673055649,10836,5536,10984,-152,-53,88,10100,-8784,9204,-19,138,-169,-14608,3664,3728,-997,74,-99,-14796,-3284,5380,-473,150,-124,0
3518.7855730056763,10640,5420,10640,-144,-51,116,10088,-8960,8940,-26,140,-151,-14620,3604,3836,-771,86,-70,-14760,-3396,5500,-468,153,-98,0
3518.8209550380707,10584,5460,10608,-180,-91,94,10104,-8628,8920,-10,151,-194,-14764,3700,3764,-1034,102,-123,-14744,-3352,5392,-461,154,-87,0
3518.857129096985,10636,5568,10596,-219,-76,109,10100,-8672,8720,-14,154,-180,-14692,3644,3804,-1002,108,-122,-14828,-3304,5460,-440,171,-107,0
3518.8923740386963,10656,5444,10632,-216,-59,106,10116,-8604,9100,-10,135,-198,-14672,3652,3724,-970,109,-74,-14800,-3288,5396,-483,147,-102,0
3518.9286270141606,10664,5568,10728,-217,-73,118,10152,-8632,8900,-35,142,-199,-14632,3696,4024,-995,102,-108,-14748,-3372,5440,-476,151,-70,0
3518.9636530876164,10564,5528,10536,-220,-87,129,10096,-8652,9208,-48,150,-198,-14692,3664,3768,-970,97,-90,-14828,-3340,5300,-474,171,-77,0
3518.999319076538,10572,5420,10508,-4,-95,143,10080,-8664,8964,-53,164,-188,-14756,3760,3600,-989,112,-118,-14832,-3308,5400,-462,169,-101,0
3519.0346570014954,10720,5448,10488,-276,-49,126,10132,-8624,8952,-63,182,-173,-14704,3708,3604,-991,111,-116,-14784,-3416,5120,-478,168,-56,0
3519.070428133011,10748,5432,10608,-256,-60,109,10028,-8684,8744,-37,140,-171,-14728,3376,3604,-999,94,-115,-14812,-3332,5336,-479,175,-79,0
3519.1058690547943,10592,5444,10712,-279,-76,118,10052,-8660,9112,-39,152,-177,-14656,3684,3808,-1014,101,-138,-14784,-3268,5624,-476,167,-57,0
3519.1412940025334,10648,5464,10548,-268,-90,136,10056,-8688,8872,-43,111,-189,-14776,3688,3832,-1025,165,-120,-14868,-3336,5348,-471,140,-58,0
3519.177514076233,10560,5508,10556,-244,-109,143,10084,-8756,9172,-26,118,-205,-14744,3700,3668,-1014,129,-139,-14820,-3092,5148,-465,192,-78,0
3519.2125720977783,10604,5444,10440,-299,-115,143,9984,-8712,9008,-32,147,-219,-14784,3348,3772,-999,122,-112,-14832,-3268,5324,-489,177,-78,0
3519.2481501102448,10544,5484,10524,-289,-121,151,10124,-8664,8704,-49,123,-209,-14632,3720,3680,-994,131,-136,-14788,-3384,5324,-481,185,-72,0
3519.2833230495453,10756,5576,10456,-226,-104,135,10116,-8920,8940,-68,140,-205,-14796,3640,3792,-989,112,-66,-15064,-3556,5316,-493,145,-103,0
3519.3192529678345,10704,5416,10488,-294,-139,161,9820,-8692,8892,-14,93,-197,-14744,3624,3824,-1031,62,-135,-14808,-3092,5428,-477,112,-62,0
3519.3539769649506,10692,5488,10660,-240,-74,149,10120,-8520,9104,-31,138,-175,-14720,3588,3768,-1016,120,-104,-14776,-3076,5148,-467,132,-59,0
3519.3897681236267,10752,5152,10672,-280,-197,134,10036,-8900,8776,-7,27,-259,-14768,3536,3636,-1005,112,-144,-14856,-3196,5324,-468,202,-85,0
3519.4254400730133,10688,5428,10536,-249,-147,157,10056,-8588,8796,11,93,-177,-14764,3716,3588,-772,108,-126,-14872,-3364,5144,-451,145,-111,0
3519.4587409496307,10664,5376,10364,-245,-103,139,10040,-8676,8888,-254,146,-182,-14692,3640,3824,-1016,55,-92,-14652,-3188,5252,-766,101,-115,0
3519.4924709796906,10680,5456,10592,-244,-93,114,10008,-8696,9012,-27,139,-187,-14764,3740,3580,-981,99,-99,-14812,-3232,5280,-469,111,-92,0
3519.5260701179504,10716,5508,10464,-503,-128,142,10116,-8924,8860,-72,27,-247,-14696,3532,3716,-985,120,-108,-14740,-3196,5324,-495,153,-106,0
3519.559499979019,10952,5396,10676,-199,-141,151,10140,-8960,9000,-29,107,-192,-14720,3632,3864,-994,122,-108,-14684,-3284,5376,-529,189,-65,0
3519.5930099487305,10656,5368,10620,-174,-125,141,10072,-8628,8812,-27,122,-205,-14752,3604,3636,-1003,159,-112,-14872,-3244,5392,-501,190,-83,0
3519.626708984375,10620,5292,10488,-199,-136,120,10080,-8580,8816,-12,132,-222,-14668,3804,3736,-1009,103,-145,-14764,-3384,5440,-488,206,-101,0
3519.6601650714874,10636,5432,10548,-187,-184,96,10124,-8796,8800,-21,133,-208,-14828,3664,3804,-1006,86,-85,-14800,-3248,5308,-489,173,-95,0
3519.6936581134796,10792,5296,10564,-138,-95,112,10036,-8900,8708,-1,125,-172,-14720,3600,3756,-1012,104,-67,-14788,-3248,5536,-494,141,-115,0
3519.7273571491246,10664,5412,10384,-157,-74,119,10104,-8676,8840,-31,133,-162,-14764,3460,3844,-991,87,-93,-14760,-3320,5336,-482,155,-119,0
3519.760756969452,10676,5628,10248,-177,-64,97,10052,-8620,8868,-33,134,-197,-14644,3548,3816,-999,78,-129,-15068,-3320,5436,-459,162,-122,0
3519.794270992279,10940,5384,10624,-182,-71,105,10176,-8648,8884,251,144,-181,-14832,3832,4080,-984,92,-40,-14848,-3328,5332,-474,161,-89,0
3519.827708005905,10620,5432,10672,-142,-67,97,10088,-8728,8744,-22,142,-175,-14660,3636,3580,-1014,91,-52,-14904,-3272,5360,-482,156,-145,0
3519.8611011505127,10736,5152,10656,-167,-63,79,10076,-8680,8884,-18,155,-166,-14668,3700,3760,-1007,90,-67,-15100,-3312,5524,-458,143,-147,0
3519.8944470882416,10644,5472,10720,-154,-59,85,10108,-8600,8856,-19,164,-179,-14700,3592,3904,-1274,81,-87,-14796,-3244,5324,-475,134,-126,0
3519.928122997284,10696,5436,10624,-150,10,73,10228,-8572,8944,-30,173,-166,-14752,3616,3976,-1009,80,-74,-14772,-3240,5248,-483,93,-112,0
3519.9615890979767,10704,5480,10708,-132,-36,85,10176,-8764,8908,-47,157,-152,-14676,3660,3824,-1016,72,-36,-14728,-3236,5464,-762,110,-158,0
3519.9950010776524,10660,5460,10628,-158,-27,78,10132,-8648,8840,-32,132,-169,-14704,3484,3744,-1034,93,-55,-14732,-3432,5312,-466,140,-133,0
3520.0286490917206,10660,5592,10304,-123,246,101,10040,-8668,8956,-80,125,-166,-14760,3560,3872,-1049,82,-51,-14696,-3300,5424,-508,137,-131,0
3520.0618929862976,10676,5460,10280,-132,-55,103,10120,-8700,8940,-66,148,-180,-14680,3816,3644,-990,110,-80,-14996,-3268,5196,-476,126,-147,0
3520.0954740047455,10552,5136,10512,-122,-36,59,10088,-8464,8748,0,138,-171,-14708,3572,3588,-1027,103,-61,-14860,-3540,5120,-477,165,-150,0
3520.129128932953,10752,5504,10652,-141,-19,86,10168,-8696,8820,20,165,-158,-14704,3644,3664,-1030,73,-8,-14756,-3276,5576,-462,111,-128,0
3520.1623780727386,10524,5508,10508,-124,-17,57,10152,-8716,8896,-34,180,-149,-14836,3620,3764,-1013,46,-74,-14856,-3240,5380,-474,80,-166,0
3520.1957170963287,10520,5512,10660,-109,-24,89,10012,-8700,8880,-58,127,-126,-14756,3556,3836,-993,78,-55,-14824,-3088,5136,-519,107,-177,0
3520.2291791439056,10672,5512,10564,-105,-41,63,10016,-8688,8972,-46,118,-171,-14692,3624,3784,-1031,119,-31,-14732,-3300,5428,-506,128,-146,0
3520.262449026108,10644,5516,10552,-76,-9,91,9984,-8684,8952,-24,116,-178,-14708,3592,3832,-1032,119,-78,-14836,-3536,5448,-487,140,-142,0
3520.2959699630737,10748,5472,10864,-96,-100,108,10104,-8720,8936,-20,119,-190,-14648,3572,3856,-1032,94,-115,-14608,-3480,5468,-506,158,-141,0
3520.329712152481,10604,5484,10656,-117,-33,69,9796,-8756,8724,-43,130,-198,-14744,3796,3888,-1004,103,-99,-14876,-3080,5336,-468,125,-133,0
3520.3629989624023,10668,5428,10700,-84,-80,84,10176,-8620,9116,5,109,-187,-15036,3648,3712,-1050,117,-17,-14824,-3256,5336,-495,132,-143,0
3520.3966450691223,10552,5456,10404,-123,-72,90,10072,-8656,8872,-17,149,-183,-14704,3348,3788,-1032,94,-11,-14760,-3344,5256,-482,131,-134,0
3520.4326820373535,10596,5596,10572,-138,-46,87,10116,-8716,9008,-59,173,-170,-14716,3620,3800,-999,87,-59,-14816,-3384,5500,-471,163,-167,0
3520.4677979946136,10704,5536,10624,-138,-47,79,10124,-8956,8872,-63,126,-178,-14680,3684,4072,-1002,78,-107,-14772,-3288,5288,-496,135,-165,0
3520.5033349990845,10728,5480,10624,-130,-67,85,10172,-8468,8832,-10,132,-191,-14684,3832,3804,-1040,117,-76,-14812,-3256,5408,-498,148,-143,0
3520.5393030643463,10604,5484,10448,-142,-48,106,10096,-8912,8756,-41,95,-169,-14628,3660,3896,-1031,133,-109,-14748,-3376,5196,-457,165,-135,0
3520.574376106262,10536,5528,10304,-175,-67,102,10132,-8916,8620,-8,111,-196,-14652,3588,3656,-1004,99,-88,-14736,-3380,5452,-472,140,-128,0
3520.610258102417,10592,5536,10744,-132,-12,88,10072,-8704,8876,-50,139,-161,-14696,3664,3832,-1011,93,-10,-14784,-3292,5296,-263,120,-115,0
3520.6455879211426,10684,5512,10624,-176,-49,89,10056,-8708,9156,-21,149,-155,-14688,3576,3796,-1043,83,-95,-14764,-3076,5460,-485,144,-105,0
3520.6815409660335,10640,5640,10576,-239,-33,121,10028,-8660,8996,24,130,-149,-14644,3680,3976,-1057,127,-40,-14796,-3396,5500,-469,134,-101,0
3520.717141151428,10652,5392,10628,-270,-84,92,10216,-8476,9172,-89,153,-218,-14744,3640,3612,-1009,80,-90,-14712,-3296,5460,-483,163,-109,0
3520.7519829273224,10664,5500,10500,-254,-70,121,10096,-8636,9044,-15,104,-204,-14704,3772,3856,-996,140,-83,-14816,-3516,5444,-470,158,-126,0
3520.7880671024323,10632,5460,10496,-215,-109,144,10056,-8688,8756,-26,146,-200,-14616,3664,3964,-1000,98,-96,-14812,-3088,5440,-482,164,-85,0
3520.823128938675,10572,5492,10512,-258,-78,117,10016,-8932,8832,-76,158,-196,-14744,3640,3724,-960,115,-75,-14688,-3348,5508,-478,133,-78,0
3520.858675003052,10644,5528,10612,-290,-79,136,10060,-8736,8900,-79,173,-200,-14688,3620,3716,-965,103,-133,-14748,-3196,5336,-451,160,-97,0
3520.8934321403503,10672,5480,10624,-295,-74,136,9896,-8924,8920,-37,190,-188,-14684,3668,3668,-1001,102,-98,-14800,-3268,5352,-462,165,-83,0
3520.9293129444122,10588,5524,10556,-309,-77,144,10112,-8708,8900,-8,103,-194,-14720,3836,3804,-1001,101,-148,-14808,-3096,5424,-472,207,-64,0
3520.96498298645,10508,5464,10692,-277,-153,159,10108,-8632,8756,-13,119,-224,-14752,3612,3592,-981,149,-158,-14864,-3320,5612,-467,170,-44,0
3521.0011479854584,10644,5488,10632,-287,-106,149,10204,-8604,9072,-33,126,-232,-14356,3332,3752,-1005,129,-103,-14820,-3312,5376,-435,200,-79,0
3521.037267923355,10680,5492,10840,-310,-166,143,10144,-8680,8928,5,155,-221,-14704,3388,3808,-1001,139,-152,-14856,-3280,5456,-483,179,-68,0
3521.072639942169,10520,5436,10524,-511,-162,123,10144,-8584,8720,-45,142,-213,-14616,3616,3768,-976,121,-125,-14648,-3280,5416,-460,161,-67,0
3521.1084699630737,10672,5496,10592,-278,-148,159,9820,-8616,9140,-41,129,-238,-14732,3644,3744,-979,108,-136,-14740,-3276,5200,-459,172,-70,0
3521.141816139221,10700,5372,10436,-7,-187,128,10156,-8684,8920,-49,136,-208,-14824,3684,3764,-981,110,-105,-15096,-3180,5360,-493,165,-66,0
3521.175435066223,10668,5380,10508,-242,-119,155,10064,-8696,8892,-253,83,-214,-14736,3560,3572,-1003,118,-85,-14828,-3572,5236,-471,159,-91,0
3521.2089490890503,10676,5392,10428,-234,-167,173,10136,-8928,8944,-29,105,-208,-14740,3596,3720,-986,99,-91,-14788,-3268,5416,-493,181,-105,0
3521.242569923401,10716,5180,10596,-227,-167,121,10088,-8752,9040,-23,123,-213,-14680,3640,3868,-1016,119,-133,-14804,-3244,5300,-459,201,-75,0
3521.2764599323273,10708,5424,10468,-218,-125,172,10216,-8600,8916,-47,101,-191,-14748,3620,3752,-1010,144,-128,-14892,-3272,5184,-485,179,-64,0
3521.3098850250244,10652,5268,10620,-231,-159,146,10044,-8624,8992,-29,81,-190,-14744,3612,3692,-998,94,-99,-14612,-3260,5436,-494,153,-101,0
3521.3434340953827,10804,5416,10656,-245,-155,142,10112,-8568,8848,-40,132,-193,-14672,3780,3640,-1012,108,-89,-14848,-3224,5268,-491,125,-90,0
3521.3770110607147,10792,5432,10660,-187,-137,121,10092,-8600,8924,-77,146,-206,-14692,3816,3668,-1010,68,-121,-14800,-3308,5540,-511,165,-107,0
3521.4102659225464,10608,5328,10504,-193,-141,93,10088,-8656,8820,-47,140,-187,-14732,3668,3716,-980,132,-131,-14640,-3096,5232,-497,174,-106,0
3521.44389796257,10700,5396,10572,-179,-139,132,10144,-8632,8784,-3,115,-186,-14708,3588,3828,-1052,132,-111,-14824,-3304,5128,-502,141,-130,0
3521.4773850440974,10704,5300,10400,-174,-90,98,10104,-8652,8896,-29,121,-180,-14776,3724,3784,-1035,76,-37,-14760,-3244,5224,-519,126,-154,0
3521.5106940269466,10736,5460,10620,-137,-56,66,10096,-8600,8972,-35,155,-183,-14716,3728,3644,-1009,107,-39,-14860,-3256,5280,-496,102,-153,0
3521.5442321300507,10756,5344,10476,-144,-21,67,10092,-8676,8760,-13,141,-160,-14812,3592,3724,-1044,128,-69,-14864,-3332,5296,-501,155,-138,0
3521.5776309967046,10792,5332,10376,-170,-37,103,10184,-8684,8808,-5,122,-165,-14776,3528,3880,-1025,140,-93,-14848,-3344,5316,-494,189,-123,0
3521.6110351085663,10640,5420,10564,-139,-6,90,10080,-8680,8888,-6,103,-195,-14712,3560,3988,-1051,139,-24,-14844,-3284,5320,-443,167,-112,0
3521.6444909572606,10680,5472,10512,-166,-85,105,10116,-8652,8816,-18,119,-177,-14696,3544,3828,-1005,67,-60,-14876,-3404,5460,-459,151,-138,0
3521.6779239177704,10600,5512,10476,-161,-23,76,10096,-8940,8812,-40,157,-173,-14700,3592,3876,-1273,58,-73,-14760,-3180,5324,-498,132,-132,0
3521.7114629745483,10616,5516,10636,-152,-45,72,10104,-8656,8992,-29,127,-132,-14688,3628,3964,-1013,57,-56,-14888,-3256,5332,-472,85,-141,0
3521.7449259757996,10764,5400,10584,-153,7,95,10008,-8580,8932,-52,146,-156,-14764,3524,3768,-1004,43,-25,-14796,-3324,5512,-476,71,-143,0
3521.7784509658813,10704,5488,10424,-151,-7,73,10052,-8720,8772,-69,156,-146,-14700,3708,3756,-996,96,-15,-14720,-3172,5212,-489,132,-158,0
3521.812268972397,10724,5508,10672,-133,-37,93,10072,-8548,8912,-71,137,-173,-14680,3608,3788,-987,118,-57,-14724,-3284,5148,-465,164,-133,0
3521.845759153366,10736,5452,10264,-120,-84,115,10200,-8700,9156,-59,103,-177,-14784,3660,3672,-1016,146,-105,-14876,-3316,5312,-476,153,-108,0
3521.8790640830994,10816,5440,10628,-127,-37,94,10132,-8644,8880,-28,88,-198,-14776,3692,3744,-1046,131,-66,-14808,-3252,5164,-466,155,-152,0
3521.912287950516,10616,5404,10584,-150,-51,80,10208,-8908,8724,-15,155,-180,-14776,3608,3760,-1014,82,-87,-14896,-3324,5608,-467,130,-160,0
3521.9457471370697,10816,5400,10660,-91,-23,77,10100,-8924,8956,-57,153,-157,-14796,3716,3672,-1013,59,-61,-14792,-3544,5404,-507,110,-181,0
3521.9793689250946,10672,5456,10520,-121,22,59,10200,-8664,8832,-26,161,-144,-14732,3632,3704,-1038,33,-83,-14788,-3348,5384,-511,101,-179,0
3522.0129160881042,10576,5496,10476,-77,22,75,10060,-8660,8856,-31,159,-140,-14780,3632,3832,-1033,77,-35,-14776,-3396,5252,-479,94,-160,0
3522.0465540885925,10728,5508,10328,-124,-42,58,10192,-8696,8876,-93,149,-165,-14644,3728,3924,-1004,47,-31,-14660,-3340,5380,-502,112,-176,0
3522.0800330638885,10636,5452,10292,-132,-39,38,9992,-8912,8764,-10,136,-175,-14680,3588,3932,-1017,51,-83,-14712,-3340,5284,-480,147,-147,0
3522.1160039901733,10652,5528,10476,-86,-11,93,10008,-8624,8968,-3,127,-174,-14748,3604,3812,-1027,95,-56,-14768,-3236,5292,-477,136,-154,0
3522.1515049934387,10692,5412,10812,-87,-29,95,10052,-8688,8852,-23,153,-183,-14772,3592,3788,-982,59,-80,-14788,-3080,5128,-493,118,-162,0
3522.1862099170685,10688,5552,10724,-141,-46,93,10076,-8740,8960,-63,148,-170,-14724,3816,3724,-1009,76,-35,-14828,-3296,5296,-483,113,-153,0
3522.2223110198975,10672,5488,10600,-121,-47,91,10076,-8664,8932,-43,116,-161,-14604,3624,3944,-1010,101,-70,-14796,-3364,5392,-493,120,-141,0
3522.2575600147247,10596,5400,10440,-135,-40,92,10092,-8744,8996,-6,123,-169,-14624,3772,3748,-1069,84,-85,-14784,-3336,5500,-507,143,-107,0
3522.293790102005,10532,5544,10380,-117,-99,101,10080,-8940,8928,-17,126,-200,-14712,3752,4016,-1032,118,-62,-14728,-3120,5556,-479,130,-131,0
3522.3295180797577,10704,5484,10624,-135,-41,93,10048,-8704,8944,-30,131,-187,-14800,3608,3768,-1029,113,-105,-14776,-3264,5416,-479,145,-137,0
3522.365168094635,10612,5652,10552,-118,-70,86,10012,-8580,8788,-4,131,-195,-14720,3712,3736,-1006,97,-70,-14880,-3336,5260,-493,149,-115,0
3522.4003880023956,10624,5420,10568,-131,-65,102,10108,-8616,9032,-34,117,-183,-14752,3612,3808,-993,113,-105,-14652,-3280,5324,-499,150,-143,0
3522.4359400272374,10656,5608,10612,-154,-98,86,10040,-8752,8908,-37,117,-193,-14748,3716,3852,-775,115,-63,-14852,-3320,5336,-478,164,-124,0
3522.4712200164795,10720,5452,10428,-181,-47,76,10108,-8596,9092,-55,122,-179,-14704,3704,3820,-1011,110,-88,-14812,-3276,5332,-491,155,-86,0
3522.50759601593,10640,5568,10600,-153,-62,84,10100,-8656,8788,-21,139,-184,-14732,3652,3772,-1009,89,-92,-14776,-3300,5292,-482,131,-103,0
3522.5429549217224,10644,5484,10300,-182,-81,131,10204,-8640,8880,-10,118,-175,-14748,3592,3964,-1057,97,-77,-14620,-3148,5368,-473,146,-133,0
3522.5786719322205,10592,5440,10648,-178,-36,116,10012,-8628,8924,11,144,-192,-14676,3568,3744,-999,108,-124,-14792,-3084,5440,-459,160,-105,0
3522.613765001297,10704,5608,10488,-159,-42,105,10108,-8708,9056,-30,136,-151,-14760,3572,3944,-1018,108,-63,-14780,-3236,5516,-467,137,-131,0
3522.6488931179047,10536,5568,10596,-262,-59,113,10040,-8688,8792,-16,162,-166,-14756,3420,3952,-1024,58,-103,-14704,-3312,5264,-456,147,-82,0
3522.6841039657593,10628,5668,10340,-307,-73,124,9996,-8656,8912,27,136,-190,-14712,3584,3812,-1031,93,-81,-14812,-3392,5316,-467,146,-79,0
3522.7197940349574,10632,5588,10656,-502,-127,142,10048,-8648,8956,-129,145,-204,-14732,3344,3640,-936,88,-109,-14760,-3360,5428,-507,129,-82,0
3522.755187034607,10640,5468,10368,-266,-64,120,10096,-8776,8844,-49,115,-193,-14732,3728,3892,-979,112,-98,-15036,-3228,5612,-484,146,-69,0
3522.7907741069794,10964,5468,10552,-269,-38,139,10048,-8468,8620,-46,143,-165,-14720,3608,3692,-1039,77,-51,-15040,-3292,5484,-485,162,-96,0
3522.8243091106415,10700,5476,10352,-316,-26,128,10068,-8608,8932,-40,212,-179,-14636,3660,3792,-963,90,-82,-14660,-3324,5468,-431,120,-86,0
3522.862385034561,10620,5496,10740,-335,-88,121,10032,-8796,8820,-82,132,-209,-14744,3632,3588,-957,107,-89,-15068,-3248,5292,-471,174,-53,0
3522.8961610794067,10532,5432,10592,-283,-101,139,10156,-8816,8996,-64,105,-200,-14644,3592,4004,-1031,155,-120,-14828,-3188,5312,-463,195,-46,0
3522.9296391010284,10692,5408,10548,-315,-131,190,10028,-8584,8840,-13,100,-239,-14704,3692,3828,-1032,186,-153,-14892,-3232,5448,-477,191,-49,0
3522.9632370471954,10628,5480,10440,-270,-137,173,10080,-8636,8884,-27,94,-223,-14724,3648,3812,-1025,156,-155,-14844,-3328,5484,-494,165,-83,0
3522.996873140335,10652,5452,10540,-244,-131,123,10044,-8724,8708,-2,142,-214,-14772,3588,3696,-1020,122,-169,-15096,-3208,5380,-459,189,-70,0
3523.0304679870605,10648,5504,10512,-266,-121,123,10044,-8752,8928,255,148,-201,-14768,3684,3868,-1005,94,-122,-15080,-3180,5192,-470,177,-78,0
3523.064059972763,10640,5528,10612,-281,-144,129,10068,-8628,9176,-14,110,-210,-14744,3596,3676,-991,116,-111,-14788,-3312,5200,-488,188,-47,0
3523.0975999832153,10724,5472,10348,-261,-164,173,10128,-8728,8880,-60,81,-242,-14696,3636,3852,-989,124,-120,-14792,-3340,5236,-457,207,-54,0
3523.1309430599213,10668,5456,10708,-508,-208,175,10112,-8564,9044,-71,102,-244,-14752,3712,3748,-937,91,-113,-14908,-3232,5328,-488,149,-89,0
3523.1645269393925,10772,5384,10660,-252,-171,146,9984,-8796,9192,-21,120,-218,-14752,3588,3584,-993,95,-112,-14808,-3224,5304,-502,153,-75,0
3523.198084115982,10504,5524,10716,-1,-128,167,10160,-8608,8748,32,120,-182,-14740,3588,3832,-1013,111,-108,-14752,-3248,5284,-436,206,-90,0
3523.231606960296,10712,5396,10284,-229,-142,143,10080,-8616,8772,-66,135,-223,-14788,3592,3644,-998,90,-116,-15072,-3116,5616,-472,173,-94,0
3523.2652530670166,10764,5476,10568,-232,-153,123,10076,-8828,9028,249,114,-189,-14756,3652,3572,-1017,99,-67,-14612,-3256,5272,-506,138,-92,0
3523.298784017563,10700,5376,10484,-208,-116,150,10160,-8640,8836,-14,123,-164,-14672,3460,3788,-995,145,-114,-14664,-3216,5320,-489,151,-72,0
3523.332395076752,10724,5420,10440,-232,-94,145,10036,-8648,8852,-21,97,-186,-14716,3572,4056,-1017,150,-102,-14688,-3276,5280,-489,166,-60,0
3523.3659341335297,10648,5388,10680,-214,-129,128,10072,-8624,8800,-22,106,-204,-14756,3824,4092,-981,98,-82,-14684,-3260,5588,-506,184,-94,0
3523.399066925049,10748,5420,10560,-191,-103,107,10124,-8696,8868,-22,139,-191,-14732,3684,3904,-979,97,-68,-14724,-3256,5464,-514,172,-121,0
3523.4325480461125,10640,5492,10604,-128,-100,86,10040,-8680,8808,-91,145,-213,-14792,3648,3636,-978,99,-113,-14852,-3584,5308,-490,141,-143,0
3523.465789079666,10764,5396,10432,-140,-34,83,10100,-8604,8724,-21,159,-176,-14732,3592,3472,-1276,119,-108,-14700,-3212,5208,-462,100,-131,0
3523.4994130134583,10768,5432,10616,-179,-28,95,10056,-8680,8920,-18,120,-163,-14740,3492,3656,-1052,124,-78,-14616,-3256,5236,-497,165,-113,0
3523.532972097397,10740,5412,10596,-162,-42,123,10128,-8616,8864,22,102,-171,-14720,3596,3784,-1017,133,-89,-14828,-3268,5244,-480,150,-106,0
3523.566374063492,10684,5396,10668,-143,-57,117,10076,-8456,8836,-26,121,-193,-14732,3572,3792,-1015,109,-82,-14896,-3280,5480,-489,155,-128,0
3523.6000089645386,10720,5400,10556,-129,-52,90,10048,-8600,8880,-55,146,-191,-14728,3692,3668,-1002,103,-107,-14760,-3272,5340,-489,152,-132,0
3523.633423089981,10744,5364,10480,-155,-41,83,10084,-8700,8924,-26,150,-184,-14704,3364,3660,-1016,77,-82,-14856,-3288,5416,-471,115,-138,0
3523.666878938675,10860,5488,10496,-165,-44,63,10040,-8640,8864,-39,166,-186,-14720,3624,3696,-1001,25,-45,-14876,-3304,5576,-494,126,-166,0
3523.7005181312566,10652,5456,10472,-156,-13,60,10008,-8700,8876,-139,161,-159,-14728,3624,3716,-977,-89,-62,-14820,-3524,5260,-514,148,-171,0
3523.7339861392975,10728,5396,10484,-113,-33,53,10148,-8620,9120,-78,190,-160,-14784,3620,3688,-983,-253,-134,-14596,-3288,5324,-542,142,-149,0
3523.7674601078033,10748,5348,10604,-108,-64,108,10120,-8624,8720,-33,150,-174,-14812,3372,3676,-770,108,-83,-14884,-3308,5264,-462,119,-129,0
3523.8040540218353,10704,5156,10740,-126,-10,87,10172,-8660,8988,-56,117,-160,-14648,3676,3612,-1001,82,-31,-14796,-3268,5172,-456,99,-165,0
3523.8397920131683,10624,5376,10520,-152,-46,103,10024,-8684,8992,-23,95,-159,-14732,3616,3860,-993,76,-63,-14760,-3352,5608,-768,132,-160,0
3523.874722957611,10644,5420,10364,-111,-58,59,10212,-8740,8948,-27,135,-184,-14604,3692,3724,-1004,118,-57,-14808,-3288,5344,-520,155,-136,0
3523.9103100299835,10644,5388,10544,-127,-17,69,10080,-8732,8776,-12,135,-193,-14700,3620,3704,-1279,100,-54,-14720,-3292,5628,-465,140,-143,0
3523.9453070163727,10580,5460,10696,-126,-28,78,10064,-8644,9208,-33,131,-205,-14688,3640,3868,-994,110,-104,-14888,-3368,5320,-447,131,-154,0
3523.9809150695805,10736,5460,10608,-110,-11,75,10144,-8676,8948,-53,134,-170,-14756,3652,4080,-993,105,-68,-14888,-3256,5316,-495,106,-121,0
3524.0160501003265,10680,5472,10664,-155,-40,80,10160,-8916,8980,-25,212,-141,-14720,3764,3896,-770,42,-42,-14760,-3232,5440,-478,123,-150,0
3524.051954984665,10688,5504,10580,-197,-24,109,9996,-8620,9200,32,151,-129,-14664,3596,4080,-1269,114,-55,-14792,-3124,5244,-445,100,-87,0
3524.0877799987793,10640,5460,10508,-204,-34,100,10112,-8464,8820,-45,183,-197,-14804,3740,3556,-1000,109,-92,-14760,-3240,5332,-440,169,-126,0
3524.1226511001587,10648,5512,10724,-232,-102,111,10032,-8724,9004,-254,104,-191,-14628,3732,3764,-1056,136,-108,-14732,-3252,5424,-452,158,-79,0
3524.158254146576,10736,5456,10616,-175,-37,145,10040,-8620,8712,-16,115,-158,-14756,3776,3884,-1017,85,-84,-14776,-3304,5444,-480,120,-113,0
3524.1930010318756,10660,5484,10632,-165,-68,104,10060,-8504,8704,-74,170,-173,-14728,3536,3788,-977,92,-47,-14704,-3280,5380,-434,116,-131,0
3524.228135108948,10616,5416,10580,-193,-49,107,10040,-8668,8948,-78,166,-156,-14728,3608,3800,-987,139,-94,-14872,-3256,5352,-495,139,-96,0
3524.2636139392853,10988,5488,10628,-174,-27,113,10204,-8700,8780,-35,153,-159,-14728,3836,3620,-1011,143,-88,-14728,-3300,5416,-496,165,-85,0
3524.299217939377,10700,5412,10668,-158,-25,120,9960,-8616,8768,-30,88,-204,-14752,3544,3636,-1042,182,-105,-14764,-3260,5352,-470,181,-130,0
3524.335065126419,10660,5484,10660,-155,-72,107,10048,-8452,8872,-13,153,-193,-14776,3704,3756,-1011,120,-118,-14788,-3296,5400,-462,185,-100,0
3524.3707020282745,10704,5556,10552,-182,-54,99,10060,-8476,8856,-7,133,-205,-14736,3652,3876,-1039,120,-134,-14844,-3264,5356,-470,174,-113,0
3524.4055750370026,10708,5608,10708,-170,-26,135,10068,-8636,8972,-17,168,-171,-14756,3684,3676,-1012,88,-100,-14816,-3584,5432,-484,143,-110,0
3524.4425859451294,10636,5480,10492,-198,-11,99,10092,-8696,8924,-45,150,-162,-14660,3624,3680,-988,87,-79,-14720,-3332,5388,-479,114,-135,0
3524.476236104965,10568,5408,10520,-214,-27,121,10136,-8704,8912,-60,164,-173,-14632,3632,3828,-980,108,-86,-14708,-3312,5404,-480,130,-103,0
3524.5099670886993,10636,5480,10544,-171,-64,118,9792,-8696,8764,-57,155,-173,-14656,3676,3664,-997,164,-117,-14720,-3320,5308,-478,180,-104,0
3524.5433909893036,10724,5428,10400,-171,-66,121,9984,-8456,8940,-39,107,-203,-14720,3672,3592,-998,119,-105,-14864,-3208,5340,-438,194,-76,0
3524.5769510269165,10660,5388,10644,-175,-56,129,10084,-8608,8848,-27,138,-179,-14764,3632,3648,-996,122,-69,-14792,-3324,5432,-485,183,-108,0
3524.6103060245514,10700,5392,10660,-199,-107,127,10052,-8668,8912,-30,152,-196,-14788,3788,3768,-1273,119,-109,-14820,-3288,5568,-468,205,-102,0
3524.6436870098114,10996,5476,10556,-163,-52,107,10064,-8612,8800,-51,141,-146,-14728,3592,3764,-1034,98,-86,-15000,-3300,5560,-494,80,-146,0
3524.677346944809,10780,5460,10456,-142,252,96,10028,-8620,8820,-40,148,-153,-14720,3688,3964,-1028,21,-57,-14740,-3184,5120,-257,85,-134,0
3524.7108130455017,10664,5480,10524,-185,11,91,10048,-8656,8856,15,181,-141,-14644,3544,3824,-1036,83,-38,-14748,-3580,5148,-483,70,-124,0
3524.7441699504852,10620,5436,10656,-91,7,69,10148,-8920,9164,-81,151,-201,-14840,3520,3912,-1011,56,-35,-14832,-3568,5396,-503,134,-152,0
3524.777662038803,10664,5488,10504,-120,-61,56,10176,-8752,8920,-41,129,-199,-14660,3700,3860,-1020,99,-89,-14616,-3236,5556,-483,108,-140,0
3524.8110461235046,10644,5432,10584,-88,-15,92,10064,-8604,8756,-63,120,-184,-14728,3604,3836,-1035,105,-54,-15040,-3572,5228,-472,124,-117,0
3524.844537973404,10580,5440,10672,-137,-40,108,10104,-8792,8888,3,156,-149,-14640,3560,3804,-1007,64,-51,-14780,-3256,5404,-441,97,-174,0
3524.8782160282135,10624,5416,10476,-157,-28,73,10040,-8476,8888,-38,169,-142,-14684,3668,3652,-979,47,-39,-14864,-3376,5364,-481,73,-142,0
3524.9115891456604,10752,5452,10664,-126,-14,85,10076,-8736,8752,-62,152,-138,-14756,3684,3868,-772,102,-102,-14764,-3316,5440,-463,100,-119,0
3524.9446511268616,10644,5496,10284,-152,-20,93,10040,-8748,8828,31,145,-150,-14672,3628,3744,-1043,107,-28,-14856,-3252,5328,-451,96,-125,0
3524.9781839847565,10696,5512,10720,-166,-26,94,10064,-8896,8904,18,112,-166,-14704,3656,3596,-1058,121,-50,-14764,-3268,5304,-443,124,-109,0
3525.011878013611,10536,5472,10616,-509,-113,114,10084,-8756,9176,51,142,-205,-14764,3620,3660,-1053,135,-77,-14740,-3328,5504,-411,165,-89,0
3525.045266151428,10748,5464,10700,-270,-98,112,10128,-8796,9048,41,156,-217,-14756,3656,3788,-1011,146,-141,-14944,-3256,5400,-452,164,-51,0
3525.078840970993,10636,5608,10628,-274,-183,137,9992,-8784,9076,14,149,-215,-14712,3680,3880,-1003,129,-146,-14688,-3384,5608,-464,125,-101,0
3525.112317085266,10544,5500,10744,-238,-171,136,10124,-8648,8808,-43,111,-208,-14752,3584,3780,-994,97,-96,-14812,-3328,5352,-483,119,-96,0
3525.1455440521245,10568,5460,10660,-266,-170,151,10040,-8452,8844,-68,117,-211,-14368,3636,3672,-952,112,-68,-14736,-3200,5428,-455,145,-90,0
3525.1793551445007,10664,5460,10592,-265,-198,136,10048,-8492,8948,-77,95,-210,-14796,3672,3580,-1006,158,-141,-14740,-3188,5268,-432,134,-40,0
3525.2129180431366,10712,5432,10516,-287,-181,175,10044,-8672,8960,-20,104,-230,-14756,3728,3744,-1012,172,-144,-14752,-3248,5168,-433,197,-42,0
3525.2461359500885,10592,5476,10652,-318,-192,179,9984,-8596,8932,21,105,-249,-14636,3608,3632,-1037,165,-159,-14672,-3084,5140,-459,239,-43,0
3525.279829978943,10652,5500,10668,-285,-181,173,10156,-8664,8972,-1,95,-236,-14732,3616,3692,-1015,161,-135,-14908,-3156,5328,-449,184,-34,0
3525.3134269714355,10496,5524,10620,-308,-232,176,10188,-8484,8936,-6,114,-217,-14692,3512,3728,-769,120,-133,-14904,-3272,5352,-469,182,-63,0
3525.347186088562,10640,5436,10484,-328,-192,155,10016,-8528,9144,4,148,-230,-14708,3552,3868,-995,114,-88,-14824,-3512,5356,-470,148,-77,0
3525.3807849884033,10592,5396,10628,-240,-142,113,10092,-8584,8724,-49,126,-226,-14744,3532,4004,-986,73,-144,-15012,-3280,5604,-477,153,-106,0
3525.4141681194305,10704,5412,10620,-280,-174,127,10056,-8596,8892,-20,135,-221,-14640,3660,3428,-970,85,-132,-14748,-3120,5140,-470,154,-123,0
3525.447592973709,10724,5388,10512,-248,-125,156,10052,-8688,8860,-25,121,-206,-14704,3604,3636,-1031,123,-72,-14712,-3212,5260,-467,144,-70,0
3525.484395980835,10780,5176,10616,-240,-129,153,10100,-8656,8840,-57,106,-172,-14664,3548,3904,-1008,91,-80,-14712,-3192,5336,-498,172,-95,0
3525.5194680690765,10728,5420,10492,-179,-128,124,9992,-8600,8884,-103,98,-189,-14796,3588,3652,-966,88,-75,-14844,-3256,5472,-544,178,-105,0
3525.5548760890965,10644,5320,10612,-65,-59,119,10036,-8680,9024,-82,119,-178,-14772,3796,3696,-976,137,-119,-14804,-3232,5232,-559,164,-122,0
3525.5904281139374,10744,5400,10524,-115,-51,95,10068,-8588,8736,-16,130,-152,-14700,3564,3708,-1050,116,-76,-14768,-3220,5352,-462,172,-134,0
3525.6258540153503,10756,5128,10460,-173,4,103,10076,-8644,8880,37,169,-132,-14696,3512,3668,-1050,109,-82,-14700,-3192,5332,-467,150,-96,0
3525.660929918289,10668,5512,10652,-214,-32,93,10172,-8704,8932,-10,130,-208,-15096,3648,3820,-1025,139,-87,-15008,-3300,5564,-447,181,-101,0
3525.6960480213165,10740,5492,10732,-146,-93,119,10108,-8468,8964,-3,120,-202,-14748,3604,3832,-991,150,-148,-14924,-3228,5156,-766,150,-103,0
3525.731929063797,10692,5428,10692,-129,-99,126,9980,-8700,9100,-70,107,-183,-14700,3640,3744,-977,85,-52,-15036,-3192,5156,-524,121,-104,0
3525.7678220272064,10576,5432,10648,-144,-91,121,9992,-8684,8876,-76,149,-181,-14772,3596,3752,-974,97,-71,-14668,-3300,5296,-495,125,-147,0
3525.803225040436,10496,5260,10592,-164,-95,99,10044,-8500,8844,-71,156,-171,-14672,3660,3712,-982,75,-113,-14884,-3244,5220,-528,180,-95,0
3525.8388290405273,10664,5384,10676,-155,-104,96,10156,-8728,8732,-41,138,-176,-14756,3356,3824,-993,128,-88,-14888,-3252,5288,-511,173,-105,0
3525.8744621276855,10672,5344,10680,-157,-97,112,10168,-8568,9128,-61,110,-200,-14644,3592,3840,-970,155,-150,-14764,-3240,5268,-485,212,-77,0
3525.9101910591125,10740,5384,10532,-160,-107,172,10188,-8648,8860,-81,102,-193,-14748,3608,3688,-1001,122,-72,-15056,-3244,5156,-503,173,-132,0
3525.96519613266,10800,5364,10540,-238,-68,87,10220,-8676,8916,-8,195,-165,-14692,3636,3736,-1275,12,-61,-14828,-3212,5232,-516,126,-165,0
3526.0106530189514,10680,5500,10272,-161,-42,49,10104,-8696,8912,-39,189,-165,-14692,3644,3696,-1017,58,-104,-14736,-3552,5336,-505,161,-150,0
3526.0479271411896,10652,5328,10660,-161,-83,37,10036,-8956,8852,-15,139,-253,-14640,3564,3772,-1002,81,-134,-14812,-3284,5404,-482,170,-142,0
3526.0835840702057,10664,5628,10524,-146,-55,92,10000,-8648,8956,1,149,-159,-14644,3624,3988,-1276,110,-97,-14768,-3264,5316,-482,147,-123,0
3526.1199350357056,10800,5408,10588,-167,-58,109,10104,-8684,8928,-55,176,-177,-14660,3592,3716,-982,61,-63,-14836,-3236,5480,-465,123,-144,0
3526.153193950653,10760,5440,10624,-210,-35,102,10036,-8664,8896,-60,202,-188,-14648,3716,3680,-979,104,-66,-14624,-3280,5152,-456,109,-148,0
3526.1868209838867,10776,5448,10408,-160,-55,103,10204,-8676,8944,-60,149,-170,-14608,3648,3596,-1010,99,-55,-14724,-3180,5244,-501,139,-95,0
3526.220463991165,10924,5332,10744,-182,-80,113,10416,-8620,8788,16,126,-187,-14676,3564,3712,-1036,113,-113,-14784,-3152,5444,-519,197,-112,0
3526.2538430690765,10700,5560,10692,-122,-83,117,10100,-8620,8836,10,174,-143,-14724,3644,3708,-1033,115,-125,-14812,-3248,5312,-472,190,-114,0
3526.2872910499573,10712,5612,10628,-187,-103,95,10048,-8652,8988,4,167,-166,-14712,3608,3656,-1009,142,-84,-14868,-3272,5444,-455,181,-127,0
3526.3208401203156,10640,5608,10532,-194,-77,139,10060,-8688,8948,-55,123,-199,-14660,3640,4088,-992,128,-57,-14888,-3216,5300,-489,152,-83,0
3526.354339122772,10676,5384,10260,-160,-74,130,10156,-8588,8820,-55,93,-187,-14708,3652,3796,-1015,113,-45,-14736,-3272,5160,-492,110,-93,0
3526.3877270221706,10684,5400,10272,-170,-54,114,10132,-8664,8928,-56,96,-186,-14724,3560,3768,-995,120,-57,-14788,-3080,5324,-493,126,-112,0
3526.4211180210114,10720,5152,10380,-174,-46,111,10032,-8704,8992,-50,118,-169,-14724,3552,3588,-999,64,-104,-14736,-3344,5352,-471,141,-147,0
3526.4544661045074,10740,5608,10532,-198,-87,83,10100,-8488,9176,-10,120,-218,-14732,3664,3608,-772,98,-76,-14784,-3192,5144,-456,174,-121,0
3526.487977027893,10548,5352,10516,-169,-90,84,10072,-8600,8944,24,121,-208,-14636,3628,3824,-1001,143,-151,-14864,-3252,5412,-471,188,-127,0
3526.5212960243225,10672,5384,10436,-178,-122,87,10008,-8632,8860,-32,62,-216,-14716,3652,3536,-1012,114,-130,-14740,-3268,5216,-471,158,-138,0
3526.5548219680786,10732,5404,10348,-152,-78,109,10108,-8608,8792,-53,69,-194,-14756,3628,3768,-1274,140,-121,-14616,-3204,5488,-516,157,-104,0
3526.5884571075444,10548,5484,10256,-152,-98,135,10168,-8660,8984,-29,75,-219,-15024,3828,4064,-1016,79,-49,-14640,-3572,5432,-511,156,-126,0
3526.621922969818,10620,5408,10568,-205,-68,118,10128,-8712,8960,-28,129,-177,-14632,3592,3656,-1006,76,-64,-14836,-3188,5560,-536,140,-137,0
3526.6552770137787,10740,5512,10652,-106,-49,114,10192,-8564,9040,-49,169,-112,-14700,3544,3852,-1000,36,-74,-14596,-3324,5280,-479,108,-136,0
3526.6888999938965,10516,5408,10712,-195,-46,45,10144,-8488,9212,-16,183,-179,-14624,3652,3616,-980,63,-95,-14852,-3196,5244,-466,161,-163,0
3526.7221829891205,10716,5396,10364,-177,-27,94,10036,-8532,8860,-6,151,-141,-14632,3628,3872,-772,91,-68,-14724,-3284,5440,-471,168,-90,0
3526.755779027939,10576,5512,10240,-164,-53,125,10020,-8692,8780,1,124,-166,-14760,3636,3912,-979,126,-60,-14856,-3208,5432,-435,98,-86,0
3526.789451122284,10808,5540,10732,-201,-49,117,10080,-8716,8796,-53,182,-130,-14760,3608,3812,-990,97,-34,-14740,-3288,5396,-470,113,-137,0
3526.8229501247406,10784,5484,10632,-185,-21,104,10052,-8496,8900,-42,159,-134,-14588,3624,3708,-994,113,-105,-14832,-3272,5312,-506,149,-97,0
3526.8563499450684,10696,5440,10664,-173,-81,128,10100,-8672,8720,11,165,-156,-14652,3680,3912,-1046,99,-78,-14628,-3196,5120,-479,145,-94,0
3526.8896861076355,10608,5456,10624,-147,-15,115,10104,-8664,8876,-29,109,-190,-14760,3572,3872,-769,150,-63,-14848,-3240,5232,-481,140,-87,0
3526.9227850437164,10692,5408,10572,-198,-100,122,10216,-8636,9176,-45,128,-182,-14692,3708,3576,-1008,157,-111,-14744,-3292,5324,-468,163,-99,0
3526.956486940384,10704,5456,10500,-177,-88,128,10176,-8664,8844,-8,136,-212,-14764,3528,3596,-771,118,-130,-14796,-3292,5312,-490,160,-106,0
3526.989743947983,10808,5388,10580,-142,-101,127,10100,-8760,8832,-10,96,-178,-14748,3820,3704,-1021,113,-87,-14816,-3304,5196,-497,167,-135,0
3527.02320599556,10952,5496,10456,-159,-110,129,10048,-8456,8740,-6,114,-196,-14644,3572,3844,-1003,116,-103,-14780,-3332,5316,-473,170,-140,0
3527.0566940307617,10964,5516,10524,-148,-113,109,10128,-8456,8888,-24,127,-218,-14624,3664,3676,-1018,113,-144,-14788,-3204,5228,-486,159,-113,0
3527.0902140140533,10764,5388,10732,-168,-111,94,10124,-8680,8976,-36,172,-195,-14760,3628,3648,-1024,107,-112,-14860,-3248,5416,-499,164,-123,0
3527.1236660480495,10752,5516,10268,-131,-85,60,10192,-8600,8784,-44,171,-190,-14808,3736,3676,-1029,34,-60,-14868,-3092,5244,-524,154,-156,0
3527.160220146179,11004,5416,10628,-147,-25,67,10180,-8760,8912,2,144,-197,-14748,3820,4000,-1277,86,-112,-14924,-3540,5404,-491,172,-138,0
3527.1956861019135,10680,5424,10588,-175,-90,93,10172,-8644,8952,20,121,-177,-14808,3600,3448,-1052,140,-139,-15084,-3304,5572,-453,172,-79,0
3527.2316670417786,10616,5624,10492,-165,-78,145,10032,-8640,8928,-34,104,-192,-14796,3584,3784,-1011,129,-101,-14768,-3328,5344,-493,111,-125,0
3527.267681121826,10752,5376,10416,-74,-51,83,10140,-8620,8796,-106,157,-149,-14780,3596,3668,-1013,28,-84,-14872,-3292,5520,-533,66,-220,0
3527.302964925766,10980,5456,10312,-129,93,8,10156,-8576,8828,28,274,-93,-14632,3644,3712,-1044,-39,11,-14688,-3252,5348,-486,9,-237,0
3527.3387489318848,10664,5580,10404,-159,95,-256,9940,-8596,8952,253,265,-121,-14712,3512,3920,-1083,-33,-51,-14672,-3456,5404,-408,39,-236,0
3527.373845100403,10684,5572,10548,-147,-13,-47,10076,-8488,9424,67,293,-109,-14704,3812,3652,-1072,93,-90,-14784,-3088,5264,-557,120,-129,0
3527.409271001816,10996,5504,10504,-12,-14,144,9788,-8624,8712,-57,-120,-204,-14492,3688,3536,-1049,210,-25,-14692,-3476,5624,-403,134,-36,0
3527.4450170993805,10504,5444,10496,-101,-59,148,10108,-8604,8884,-67,166,-113,-14920,3632,3924,-979,142,-113,-14820,-3244,5468,-404,85,-175,0
3527.4812920093536,10756,5408,10652,-111,-37,98,10068,-8732,9000,-4,168,-114,-14728,3680,3608,-1077,58,29,-14900,-3280,5480,-257,52,-133,0
3527.5176129341125,10860,5572,10480,-156,54,105,10104,-8620,9184,-104,79,-81,-14648,3360,3640,-996,80,-241,-14748,-3368,5340,-488,-8,-135,0
3527.553069114685,10616,5512,10532,-126,90,107,9956,-8644,9068,-20,141,-179,-14728,3456,3788,-769,49,-49,-14660,-3300,5240,-500,62,-179,0
3527.5885491371155,10592,5512,10644,-93,11,70,10224,-8772,8880,-13,124,-174,-14720,3692,3632,-1056,146,-74,-14896,-3220,5444,-463,167,-109,0
3527.623325109482,10996,5540,10708,-114,-51,82,10140,-8680,8844,255,116,-155,-14752,3584,3796,-1280,76,-85,-14716,-3484,5628,-505,107,-143,0
3527.6591210365295,10580,5532,10580,-153,-31,79,10040,-8660,8912,-47,86,-232,-14732,3616,3648,-1003,201,-124,-14792,-3180,5356,-396,194,-88,0
3527.6940360069275,10784,5428,10548,-193,-94,115,10104,-8668,8912,-13,157,-184,-14764,3704,3828,-1049,118,-53,-14832,-3568,5180,-413,150,-94,0
3527.729002952576,10560,5520,10424,-182,-21,103,10124,-8604,9068,-30,194,-178,-14652,3644,3884,-989,84,-93,-15012,-3396,5424,-423,143,-127,0
3527.765036106109,10640,5584,10632,-211,30,65,10000,-8784,8920,-55,140,-203,-14656,3756,3672,-1015,124,-36,-14784,-3364,5440,-470,142,-118,0
3527.8015410900116,10592,5556,10860,-206,-19,99,10036,-8660,8996,-25,119,-193,-14788,3652,3804,-1033,106,-104,-14792,-3368,5144,-458,161,-92,0
3527.8349990844727,10704,5584,10688,-195,253,103,10096,-8648,8936,-39,89,-218,-14740,3788,3480,-1015,114,-114,-14620,-3224,5532,-482,163,-60,0
3527.871248960495,10680,5552,10668,-244,-33,179,9908,-8672,8948,-66,32,-267,-14752,3624,3848,-1011,129,-89,-14848,-3140,5492,-478,213,-58,0
3527.9049611091614,10576,5512,10572,-309,-61,166,10492,-8728,9096,43,59,-183,-14692,3648,3704,-990,148,-93,-14844,-3476,5380,-435,224,-25,0
3527.938486099243,10600,5604,10496,-322,-84,136,10092,-8600,9008,-67,177,-212,-14724,3428,3924,-957,75,-99,-15064,-3360,5136,-481,171,-75,0
3527.971859931946,10656,5464,10628,-301,-27,115,10092,-8460,8712,-76,203,-141,-14696,3628,3828,-963,70,-90,-14664,-3248,5468,-500,115,-75,0
3528.0053651332855,10740,5496,10636,-309,-52,146,10232,-8456,8720,-88,157,-183,-14696,3620,3548,-974,54,-82,-14696,-3204,5340,-492,134,-28,0
3528.0389389991765,10580,5516,10328,-375,-81,189,10200,-8720,8800,-58,110,-202,-14724,3752,3736,-976,133,-75,-14848,-3292,5336,-441,142,-52,0
3528.072387933731,10704,5432,10736,-306,-143,162,10180,-8732,8696,-99,90,-249,-14708,3724,3788,-1001,130,-75,-14744,-3220,5356,-461,203,-82,0
3528.106039047241,10668,5416,10696,-312,-167,157,9988,-8736,8796,-24,118,-242,-14708,3864,3844,-971,125,-134,-14708,-3188,5624,-463,209,-46,0
3528.139601945877,10628,5476,10516,-287,-164,230,10020,-8688,8936,-24,94,-221,-14744,3688,3588,-1271,167,-182,-14748,-3180,5388,-468,221,-78,0
3528.1729340553284,10660,5408,10464,-291,-189,197,10144,-8560,8808,-16,118,-206,-14800,3628,3772,-991,97,-142,-14664,-3216,5516,-454,153,-98,0
3528.206516981125,10708,5396,10560,-320,-155,130,10104,-8612,8900,-49,158,-213,-14812,3704,3924,-950,67,-100,-14872,-3548,5396,-446,90,-87,0
3528.2400929927826,10712,5532,10572,-243,-132,122,10136,-8644,8968,-71,191,-221,-14656,3508,3760,-1009,102,-122,-14740,-3096,5248,-495,159,-93,0
3528.273603916168,10780,5504,10516,-267,-169,155,10012,-8580,8800,-10,113,-201,-14748,3528,3716,-991,120,-132,-14736,-3268,5464,-763,169,-70,0
3528.3074340820312,10704,5496,10320,-188,-195,162,10088,-8680,8780,-64,40,-236,-14664,3556,3876,-1006,129,-140,-14740,-3532,5616,-452,177,-68,0
3528.341014146805,10592,5476,10620,-273,-212,149,10096,-8652,8896,-6,121,-234,-14760,3340,3592,-988,177,-166,-14788,-3236,5568,-437,180,-58,0
3528.374444961548,10684,5336,10612,-270,-191,149,10176,-8748,8996,-7,140,-224,-14680,3620,3592,-1003,200,-121,-15072,-3192,5420,-478,203,-51,0
3528.4081089496613,10964,5424,10704,-272,-224,169,10132,-8904,9076,0,75,-226,-14764,3688,3784,-1039,176,-104,-14728,-3188,5364,-458,174,-42,0
3528.441719055176,10636,5376,10604,-226,-214,192,10100,-8676,8872,-16,78,-240,-14720,3632,3508,-1017,147,-123,-14824,-3276,5348,-475,144,-62,0
3528.4754259586334,10732,5352,10532,-223,-200,153,10124,-8624,8920,-60,116,-215,-14744,3596,3732,-1008,102,-139,-14748,-3240,5348,-503,166,-90,0
3528.5088109970093,10624,5424,10460,-200,-163,133,10132,-8692,8892,-50,96,-193,-14632,3592,3688,-1003,109,-128,-14792,-3288,5120,-492,160,-88,0
3528.5423159599304,10828,5424,10484,-231,-116,148,10212,-8680,8852,-22,136,-183,-14732,3524,3772,-982,113,-103,-14828,-3240,5520,-482,149,-76,0
3528.5757141113286,10808,5352,10488,-186,-140,132,10120,-8628,8828,-15,137,-195,-14668,3524,3672,-1007,138,-114,-14756,-3192,5332,-483,176,-83,0
3528.6093189716335,10712,5348,10408,-162,-104,96,10072,-8680,8928,-11,159,-203,-14752,3560,3468,-1015,139,-113,-15032,-3200,5304,-465,185,-85,0
3528.6426730155945,10704,5400,10468,-178,-83,87,10212,-8672,8860,-29,119,-175,-14652,3516,3648,-1058,123,-103,-14880,-3136,5316,-488,160,-139,0
3528.6764619350433,10876,5612,10588,-151,-5,100,10176,-8628,8992,6,154,-152,-14780,3684,3752,-1034,111,-55,-14896,-3256,5356,-486,137,-106,0
3528.710067033768,10700,5344,10744,-193,6,59,10120,-8588,8928,255,170,-143,-14808,3532,3844,-1026,55,-54,-14800,-3228,5428,-486,127,-141,0
3528.743660926819,10664,5356,10520,-147,-255,91,9748,-8672,9020,-28,133,-126,-14652,3632,3892,-1004,91,-33,-14704,-3280,5172,-516,113,-126,0
3528.7771840095525,10692,5436,10556,-121,-49,73,10188,-8676,8952,-69,157,-176,-14684,3640,3812,-997,36,-64,-14776,-3188,5392,-530,106,-163,0
3528.8106570243835,10764,5332,10516,-140,-51,100,10080,-8688,8816,-46,144,-180,-14680,3588,3704,-1010,70,-71,-14768,-3180,5228,-488,117,-137,0
3528.8480141162872,10672,5424,10580,-121,3,96,10160,-8556,8868,-35,170,-143,-14700,3632,3784,-769,72,-33,-14908,-3260,5420,-473,76,-159,0
3528.8833389282227,10620,5356,10692,-157,16,96,10108,-8616,8896,-50,144,-137,-14704,3572,3824,-1007,31,-16,-14812,-3180,5352,-492,91,-156,0
3528.919193029404,10716,5420,10512,-145,23,80,10076,-8756,8924,-91,149,-135,-14780,3648,3424,-988,59,-84,-14952,-3232,5268,-492,126,-124,0
3528.954503059387,10832,5336,10512,-164,-61,65,10112,-8660,8820,-34,170,-143,-14736,3584,3348,-1028,71,-51,-14624,-3212,5604,-495,133,-149,0
3528.9902250766754,10584,5628,10696,-94,-34,74,10136,-8624,8852,-51,147,-172,-14688,3644,3792,-1036,96,-73,-14688,-3256,5388,-495,146,-160,0
3529.025630950928,10668,5420,10308,-117,-83,88,10128,-8728,8872,-12,131,-201,-14680,3728,3808,-1275,56,-65,-14620,-3556,5300,-468,177,-149,0
3529.0609741210938,10624,5396,10572,-135,-23,62,9904,-8700,8940,-25,159,-169,-14716,3676,3728,-1033,72,-101,-14716,-3088,5456,-497,127,-132,0
3529.0961170196533,10820,5480,10656,-119,-16,68,10140,-8660,8960,-46,135,-166,-14732,3548,3760,-769,83,-12,-14820,-3244,5420,-495,136,-151,0
3529.131870031357,10592,5532,10508,-89,14,71,10064,-8748,8900,-67,139,-143,-14696,3608,3636,-1001,77,-57,-14768,-3276,5300,-522,124,-136,0
3529.1676709651947,10512,5556,10488,-78,-45,77,10148,-8660,9204,-76,130,-150,-14652,3596,3696,-964,54,-21,-14748,-3204,5476,-500,135,-152,0
3529.2027819156647,10720,5408,10552,-72,-36,96,10184,-8696,8856,-59,141,-121,-14772,3764,3736,-988,82,-37,-14844,-3236,5192,-760,126,-130,0
3529.238732099533,10632,5452,10476,-108,-9,99,10112,-8708,8760,-35,112,-130,-14692,3684,3708,-1025,80,-39,-14792,-3300,5420,-486,119,-126,0
3529.274318933487,10652,5568,10340,-100,-11,75,10052,-8656,8880,0,137,-149,-14668,3368,4032,-1008,93,-40,-14704,-3228,5456,-472,151,-128,0
3529.3103020191193,10604,5408,10580,-118,-6,73,10096,-8700,9076,-35,176,-143,-14740,3548,4060,-999,79,-85,-14848,-3320,5340,-497,124,-177,0
3529.3455510139465,10728,5512,10696,-65,-2,71,10072,-8692,9180,-40,140,-153,-14744,3664,3712,-987,68,-60,-14848,-3288,5412,-532,117,-157,0
3529.3816540241246,10708,5468,10712,-141,-20,78,10096,-8784,8784,-38,124,-155,-14788,3692,3796,-1022,34,-42,-14696,-3196,5496,-505,97,-190,0
3529.4180970191956,10660,5584,10516,-105,44,80,10048,-8644,8796,-60,131,-153,-14700,3356,3780,-1277,63,-58,-14768,-3232,5320,-519,88,-142,0
3529.452980995178,10624,5524,10624,-127,-48,63,10056,-8808,8936,-93,171,-191,-14656,3620,3604,-975,46,-25,-14812,-3228,5436,-498,116,-174,0
3529.4890749454494,10664,5468,10544,-147,255,50,10044,-8692,8860,-6,163,-184,-14576,3656,3768,-998,120,-28,-14828,-3248,5292,-468,153,-130,0
3529.5222301483154,10556,5608,10580,-155,-24,100,10012,-8560,8868,-7,156,-133,-14712,3708,3672,-1051,105,-71,-14700,-3260,5436,-451,144,-128,0
3529.555689096451,10732,5568,10540,-154,-32,65,10124,-8668,8744,-30,142,-156,-14692,3644,3672,-1017,39,-91,-14760,-3284,5616,-472,109,-122,0
3529.58917593956,10548,5600,10456,-139,-48,68,10076,-8712,9000,-49,154,-149,-14736,3752,3744,-1007,84,-100,-14724,-3240,5448,-509,124,-141,0
3529.622813940048,10676,5448,10664,-118,-32,102,10020,-8456,9156,-57,101,-169,-14624,3660,3752,-1009,95,-70,-14748,-3256,5244,-518,152,-113,0
3529.655951023102,10692,5564,10384,-132,252,109,10012,-8592,8860,-7,104,-153,-14700,3812,3664,-1031,134,-42,-14696,-3244,5508,-496,147,-100,0
3529.6894569396973,10684,5672,10580,-184,-53,136,10272,-8624,8912,8,95,-168,-14644,3680,3760,-1023,128,-104,-14816,-3300,5492,-455,146,-95,0
3529.722995042801,10556,5404,10372,-238,-27,115,10060,-8736,8872,-30,138,-141,-14720,3780,4068,-1018,127,-119,-14824,-3396,5460,-445,133,-66,0
3529.7566211223602,10708,5480,10600,-275,-66,142,10064,-8948,8712,12,161,-190,-14780,3396,3872,-998,119,-93,-14760,-3260,5220,-458,200,-62,0
3529.7900540828705,10588,5536,10760,-291,-136,153,10028,-8836,9180,-14,99,-208,-14720,3664,3920,-991,112,-77,-14840,-3568,5580,-476,202,-81,0
3529.823652982712,10540,5520,10428,-274,-157,137,10144,-8744,8836,-127,129,-241,-14612,3684,3744,-961,96,-111,-14708,-3096,5132,-487,191,-76,0
3529.857218027115,10596,5532,10632,-265,-158,134,10092,-8848,8932,-114,135,-204,-14652,3592,3740,-940,101,-140,-14780,-3276,5628,-492,153,-87,0
3529.8905389308934,10604,5384,10508,-310,-112,119,10072,-8764,8756,-55,126,-209,-14644,3752,3760,-991,115,-134,-14844,-3232,5276,-456,183,-67,0
3529.9243330955505,10592,5504,10732,-288,-64,131,9796,-8472,8856,-44,132,-220,-14772,3736,3644,-1002,130,-125,-14776,-3284,5492,-446,197,-57,0
3529.9576151371,10624,5436,10668,-301,-123,171,10096,-8692,8876,-26,122,-252,-14708,3652,3816,-1018,154,-125,-14788,-3244,5372,-449,214,-48,0
3529.991137981415,10704,5536,10516,-316,-118,144,10108,-8672,8848,1,123,-227,-14720,3556,3728,-1013,149,-155,-14764,-3232,5412,-449,239,-55,0
3530.024523973465,10604,5432,10264,-291,-146,170,10148,-8452,9188,-20,167,-209,-14708,3600,3756,-1001,150,-162,-14872,-3300,5348,-470,210,-64,0
3530.058007001877,10508,5476,10396,-271,-161,166,10144,-8732,8920,-43,112,-227,-14840,3644,3652,-997,103,-119,-14832,-3256,5312,-487,187,-89,0
3530.0914030075073,10688,5424,10488,-292,-163,117,10084,-8708,8752,-27,127,-199,-14704,3700,3772,-1023,77,-109,-14856,-3320,5372,-489,154,-100,0
3530.1248779296875,10724,5508,10584,-237,-131,101,10120,-8572,8912,-57,150,-193,-14760,3596,3776,-995,101,-135,-14820,-3248,5308,-494,145,-86,0
3530.158024072647,10564,5456,10736,-244,-145,103,10092,-8644,8988,-37,138,-227,-14708,3676,3836,-967,125,-95,-14896,-3168,5284,-494,174,-120,0
3530.191570043564,10760,5396,10456,-250,-113,147,10016,-8592,8724,-55,58,-231,-14800,3644,3712,-1000,150,-92,-14940,-3172,5380,-487,192,-76,0
3530.2250480651855,10756,5472,10552,-208,-126,150,10188,-8496,8908,-38,132,-189,-14720,3532,3692,-1012,127,-69,-14800,-3272,5244,-473,179,-89,0
3530.2586541175842,10736,5528,10736,-232,-101,127,10136,-8660,8768,-84,134,-220,-14732,3672,3748,-985,118,-136,-14784,-3132,5384,-493,154,-73,0
3530.2919521331787,10680,5456,10456,-213,-128,147,10036,-8612,8928,-91,96,-216,-14596,3712,3680,-996,162,-104,-14832,-3268,5356,-536,212,-82,0
3530.3253989219666,10704,5416,10636,-211,-145,171,10100,-8496,8896,-11,73,-240,-14672,3680,3808,-1007,185,-91,-14776,-3256,5376,-766,228,-39,0
3530.358663082123,10628,5440,10496,-168,-125,174,10148,-8744,8900,-70,39,-278,-14788,3532,3880,-1025,198,-123,-14700,-3156,5292,-509,277,-24,0
3530.39200592041,10616,5412,10396,-201,-205,193,10128,-8832,9036,-62,39,-270,-14824,3712,3896,-954,234,-188,-14812,-3284,5432,-522,263,-52,0
3530.4255130290985,10720,5432,10764,-172,-231,187,10088,-8716,8936,-143,24,-303,-14808,3680,3844,-989,225,-160,-14784,-3108,5344,-509,287,-16,0
3530.4587500095367,10972,5388,10596,-145,-219,197,10044,-8668,8804,-88,51,-232,-14736,3564,3816,-978,233,-93,-14812,-3304,5388,-491,227,-18,0
3530.492336988449,10536,5440,10640,-150,-189,211,10168,-8636,8888,-111,51,-232,-14784,3544,3592,-960,252,-122,-15052,-3188,5228,-503,237,-23,0
3530.5289640426636,10836,5164,10632,-178,-172,198,10096,-8672,8784,-142,-21,-274,-14744,3372,4068,-972,262,-156,-14612,-3108,5208,-512,5,-19,0
3530.5649621486664,10764,5372,10628,-178,-165,201,10160,-8712,8928,-112,-10,-270,-14768,3532,3640,-1001,250,-95,-14852,-3300,5296,-440,242,-28,0
3530.6009199619293,10632,5380,10544,-212,-170,178,10148,-8708,8876,-93,19,-285,-14756,3592,3652,-977,212,-161,-14848,-3152,5192,-469,299,-15,0
3530.636054992676,10756,5588,10552,-202,-212,152,10064,-8712,8748,-27,97,-5,-14616,3672,3720,-1028,243,-217,-14808,-3228,5388,-498,287,-16,0
3530.6723139286046,10756,5392,10492,-245,-203,164,10432,-8732,8920,-10,28,-230,-14716,3772,3660,-1042,239,-141,-14840,-3184,5176,-486,273,-13,0
3530.708219051361,10888,5416,10432,-233,-181,146,10168,-8708,8700,-57,27,-277,-14916,3672,3772,-999,219,-166,-14856,-3168,5312,-257,267,-3,0
3530.7438731193542,10752,5152,10472,-265,-284,212,10180,-8704,8912,-8,13,-226,-14724,3688,3596,-1042,231,-119,-14620,-2864,5208,-541,249,-22,0
3530.7794530391693,10504,5340,10436,-216,-201,221,10088,-8560,8912,-66,30,-216,-14720,3588,3476,-1043,243,-146,-14796,-3144,5308,-522,233,26,0
3530.8144149780273,10828,5324,10284,-237,-208,241,10228,-8628,8848,-19,-30,-240,-14596,3540,3720,-1017,257,-102,-14652,-3128,5568,-516,245,5,0
3530.8499839305878,10924,5216,10500,-325,-261,260,10288,-8576,8568,-19,42,-234,-14860,3616,3352,-977,260,-137,-14988,-3104,5288,-463,209,-4,0
3530.8853919506073,10908,5292,10428,-323,-199,229,10284,-8604,8932,-33,38,-185,-14716,3372,3656,-1057,221,-107,-15000,-3188,5184,-471,196,-27,0
3530.9213769435883,10756,5320,10480,-294,-204,221,10220,-8672,8888,-11,56,-202,-14708,3516,3552,-1005,147,-54,-14852,-3188,5260,-763,113,-57,0
3530.957344055176,10772,5120,10576,-288,-186,175,10288,-8616,8788,-66,88,-164,-14632,3828,3740,-995,92,-57,-14916,-3208,5304,-526,66,-91,0
3530.9927611351013,10912,5280,10528,-276,-196,165,10220,-8652,8804,-57,79,-199,-14824,3792,3604,-951,41,-35,-14828,-3228,5220,-536,119,-73,0
3531.0280780792236,10852,5264,10340,-300,-193,164,10336,-8656,8508,-72,121,-158,-14844,3584,3604,-983,86,-64,-14804,-3104,5124,-535,61,-107,0
3531.0634620189667,10936,5256,10576,-238,-161,163,10204,-8688,8932,-102,105,-168,-14640,3364,3832,-930,111,-46,-14792,-2972,5184,-489,97,-54,0
3531.0992550849915,10776,5200,10676,-204,-117,172,10296,-8692,8416,-105,93,-117,-14728,3612,3472,-996,168,-36,-14688,-2948,5184,-479,84,-109,0
3531.1339831352234,10904,5160,10324,-137,-55,172,10264,-8592,8700,-253,126,-90,-14792,3516,3504,-1063,193,-29,-14604,-3096,4960,-400,94,-136,0
3531.170870065689,10884,5364,10088,-213,171,49,10248,-8644,8752,37,240,-148,-14596,3636,3692,-1083,98,-73,-14868,-3048,5096,-417,150,-191,0
3531.2045419216156,10836,5180,10548,-189,125,-7,10240,-8760,8768,49,197,-172,-14616,3804,3668,-1139,58,-124,-14900,-3052,5332,-433,198,-166,0
3531.2380890846252,11084,5568,10724,-81,122,19,10336,-8688,8860,-48,227,-161,-14932,3664,3672,-1013,-19,-36,-15056,-3196,5240,-448,62,-207,0
3531.2717349529266,10756,5248,10648,-95,58,-1,10112,-8884,9092,-33,265,-106,-14752,3668,3620,-1007,-22,-253,-15096,-3152,5324,-481,57,-245,0
3531.3053550720215,10720,5444,10424,-100,193,-1,10104,-8664,8796,-32,251,-72,-14600,3604,3764,-1020,-26,-9,-14832,-3128,5340,-494,20,-196,0
3531.3387870788574,10724,5364,10464,-88,135,40,10112,-8620,8868,-78,217,-93,-14644,3712,3644,-1028,43,-14,-14828,-3140,5232,-471,5,-136,0
3531.3724441528325,10764,5252,10456,-132,84,109,10212,-8616,8828,-142,149,-70,-14596,3596,3668,-1007,111,-32,-14908,-3180,5324,-457,23,-138,0
3531.4059751033783,10936,5576,10280,-126,68,119,10216,-8604,8908,-96,159,-70,-14772,3632,3600,-1031,93,242,-14916,-3148,5268,-469,84,-135,0
3531.4396879673004,10788,5316,10464,-128,56,93,10232,-8476,8808,-40,154,-146,-14764,3720,3780,-1045,85,-10,-14792,-3104,5248,-457,125,-134,0
3531.4729709625244,10756,5284,10272,-86,16,71,10192,-8564,8784,-8,136,-165,-14860,3560,3832,-1039,61,-51,-14888,-3132,5360,-493,150,-163,0
3531.506735086441,10508,5328,10636,-93,-7,50,10132,-8688,8832,2,142,-164,-14868,3592,3828,-1280,33,-101,-14940,-3124,5408,-484,117,-162,0
3531.540271997452,10964,5300,10580,-96,-256,38,10360,-8820,8748,-33,176,-151,-14712,3652,3604,-1006,12,-72,-14872,-3156,5404,-457,96,-202,0
3531.573807954788,10692,5240,10604,-148,36,25,10280,-8800,8784,-5,511,-156,-14708,3632,3632,-1001,2,-57,-14896,-2856,5392,-462,83,-175,0
3531.607358932495,10788,5360,10604,-112,37,11,10172,-8748,8708,-18,190,-172,-14732,3732,3708,-1004,-14,-64,-14924,-3172,5260,-466,51,-219,0
3531.6411259174347,10724,5332,10560,-115,42,38,10124,-8780,8512,-3,221,-138,-14808,3672,3620,-1014,-15,-72,-14864,-3240,5260,-498,67,-207,0
3531.6744360923767,10916,5316,10408,-128,31,23,10184,-8712,8788,6,238,-159,-14672,3676,3532,-1014,254,-108,-14772,-3220,5360,-485,100,-178,0
3531.7081310749054,10824,5416,10672,-168,9,38,10108,-8712,8904,-18,214,-205,-14788,3644,3536,-999,37,-149,-14776,-3196,5096,-476,166,-179,0
3531.7416160106654,10740,5396,10344,-151,-3,64,10216,-8748,8636,-23,199,-198,-14728,3568,3512,-999,50,-84,-14760,-3204,5368,-437,131,-169,0
3531.774930000305,10716,5404,10540,-133,21,57,10160,-8904,8804,27,217,-196,-14680,3540,3696,-1010,56,-54,-14708,-3256,5308,-456,112,-149,0
3531.808448076248,10704,5452,10720,-175,14,58,10224,-8620,8784,1,226,-173,-14832,3484,3644,-1003,51,-115,-14684,-3268,5452,-485,100,-186,0
3531.8418509960175,10692,5372,10552,-167,-9,50,10132,-8768,8908,-43,165,-174,-14704,3612,3736,-1009,53,-99,-14852,-3188,5340,-471,114,-147,0
3531.875412940979,10716,5444,10528,-150,-17,75,10268,-8668,8920,11,157,-139,-14808,3672,3888,-986,28,-61,-14668,-3216,5348,-486,104,-121,0
3531.9086239337926,10672,5432,10584,-157,-253,74,10092,-8636,8724,-54,158,-159,-14848,3620,3764,-998,85,-35,-14744,-3092,5276,-500,76,-146,0
3531.942109107971,10744,5384,10508,-142,-248,92,10204,-8688,8916,-30,130,-145,-14772,3736,3716,-1004,99,-50,-14664,-3080,5368,-495,80,-133,0
3531.9754500389095,10680,5336,10500,-153,-25,110,10188,-8776,8748,-41,130,-149,-14608,3708,3652,-987,90,-59,-14632,-3172,5576,-502,123,-125,0
3532.0089290142055,10764,5364,10504,-142,-56,109,10156,-8736,8864,-45,116,-176,-14668,3712,3612,-1257,108,-43,-15080,-3168,5456,-472,104,-109,0
3532.042473077774,10904,5400,10380,-176,-19,107,10004,-8732,8704,-74,118,-149,-14744,3640,3592,-996,87,-55,-14848,-3236,5388,-460,60,-109,0
3532.0757970809937,10744,5272,10668,-200,-11,81,10224,-8720,8744,-27,199,-95,-14596,3692,3744,-989,6,-30,-14844,-3140,5408,-481,70,-169,0
3532.1093759536743,10652,5400,10536,-271,244,87,10136,-8748,8704,33,199,-117,-14628,3636,3736,-1277,20,-63,-14600,-3168,5428,-466,76,-155,0
3532.142637014389,10604,5416,10432,-182,8,74,10040,-8708,8772,-57,158,-171,-14732,3624,3644,-981,30,-42,-14716,-3284,5384,-456,80,-179,0
3532.175828933716,10640,5620,10528,-168,-91,63,10060,-8724,8736,-35,189,-203,-14704,3676,3580,-960,45,-101,-14804,-3152,5340,-505,105,-190,0
3532.2126750946045,10588,5368,10552,-153,5,33,10120,-8660,8816,5,171,-161,-14684,3692,3672,-1020,40,-120,-14784,-3136,5124,-500,136,-174,0
3532.2485690116882,10668,5192,10524,-95,22,39,10064,-8652,8804,-255,210,-168,-14740,3732,3588,-992,5,-24,-15096,-3264,5548,-495,94,-201,0
3532.283839941025,10736,5432,10572,-142,3,35,10164,-8724,8776,-29,205,-141,-14816,3696,3588,-961,6,-49,-15096,-3204,5684,-484,63,-176,0
3532.319253921509,10636,5204,10548,-190,28,65,10204,-8660,8828,-40,198,-125,-14796,3340,3636,-1006,32,-45,-14812,-3120,5136,-477,96,-181,0
3532.3545150756836,10648,5440,10524,-192,-54,106,10072,-8732,8736,-7,144,-134,-14608,3696,3712,-1033,105,-43,-14708,-3216,5156,-507,112,-135,0
3532.390689134598,10728,5392,10564,-147,-83,125,10076,-8756,8768,-48,87,-176,-14760,3556,3788,-999,56,-45,-14732,-3208,5180,-480,89,-146,0
3532.4255709648132,10640,5404,10708,-151,-56,119,10132,-8812,8992,255,136,-156,-14684,3664,3912,-1034,84,-70,-14828,-3184,5420,-259,137,-139,0
3532.4618220329285,10552,5380,10708,-135,-31,114,10128,-8716,8860,-15,130,-140,-14744,3680,3740,-1013,79,-89,-14768,-3180,5484,-515,132,-133,0
3532.497682094574,10640,5440,10744,-143,-33,81,10208,-8868,8704,-17,159,-177,-14788,3668,3712,-1043,83,-9,-14744,-3224,5588,-520,119,-158,0
3532.532902956009,10512,5180,10684,-114,-64,73,10060,-8756,8760,-64,128,-180,-14760,3724,4072,-992,58,-52,-14804,-3208,5392,-490,94,-142,0
3532.5686049461365,10668,5396,10636,-143,-51,97,10084,-8708,8764,-53,120,-159,-14712,3604,3616,-984,126,-24,-14800,-3168,5460,-490,127,-115,0
3532.6037340164185,10708,5440,10748,-150,-108,125,10120,-8820,8844,-64,81,-161,-14792,3708,3728,-1023,156,-75,-14808,-3184,5428,-489,109,-78,0
3532.6391689777374,10584,5412,10596,-152,-74,133,10132,-8772,8920,-29,96,-164,-14776,3692,3628,-769,136,-48,-14808,-3172,5136,-492,118,-157,0
3532.6742639541626,10648,5436,10532,-159,-46,81,10472,-8760,8864,-14,174,-117,-14764,3776,3808,-1013,106,-98,-15088,-3196,5332,-263,145,-140,0
3532.7101600170135,10664,5452,10680,-115,-38,69,10056,-8472,9008,-33,134,-191,-14708,3628,3764,-996,87,-40,-14776,-3260,5460,-516,127,-136,0
3532.745350122452,10680,5444,10616,-83,-48,90,10148,-8616,8940,-26,144,-165,-14652,3672,3676,-995,87,-106,-14616,-3228,5536,-516,118,-168,0
3532.7811880111694,10684,5472,10380,-151,-71,72,10076,-8740,8832,-48,163,-136,-14692,3776,3804,-1006,87,-29,-14792,-3228,5576,-768,90,-142,0
3532.816229104996,10556,5428,10512,-182,-6,101,9732,-8808,9064,-40,143,-146,-14664,3588,3740,-1061,130,-43,-14624,-3252,5124,-492,116,-134,0
3532.852957010269,10636,5400,10612,-134,-85,97,10100,-8628,8808,-108,99,-191,-14732,3724,3708,-980,85,-47,-14820,-3320,5132,-501,109,-125,0
3532.8905670642853,10580,5400,10532,-166,-83,79,10024,-8700,8756,-55,100,-203,-14700,3740,3704,-975,109,-90,-14752,-3112,5172,-501,115,-123,0
3532.924787044525,10648,5472,10588,-137,-33,104,10124,-8760,8788,-26,130,-203,-14724,3664,3756,-1053,100,-65,-14780,-3280,5340,-257,122,-128,0
3532.9583230018616,10720,5560,10632,-148,-50,108,10108,-8880,8896,-67,137,-188,-14672,3740,3700,-992,15,-52,-14864,-3272,5540,-527,87,-148,0
3532.9918229579926,10536,5592,10616,-171,-8,57,10056,-8740,8856,-37,171,-179,-14724,3748,3776,-963,54,-41,-14692,-3220,5412,-475,93,-173,0
3533.0254459381104,10704,5480,10408,-171,-17,87,10184,-8728,8792,-47,155,-161,-14708,3716,3752,-999,66,-71,-14724,-3292,5312,-496,147,-157,0
3533.0589060783386,10612,5408,10584,-202,-34,118,10104,-8736,8936,29,130,-144,-14712,3644,3588,-1279,103,-101,-14792,-3292,5388,-474,164,-107,0
3533.092381954193,10520,5560,10640,-189,-46,105,10228,-8772,8880,250,133,-168,-14688,3728,3716,-1018,87,-79,-14784,-3284,5340,-475,139,-131,0
3533.125941038132,10548,5460,10640,-203,-65,133,10148,-8772,8848,-30,165,-181,-14732,3640,3740,-1280,130,-110,-14820,-3292,5452,-444,173,-94,0
3533.1591720581055,10624,5512,10552,-186,-67,117,10136,-8748,8936,-15,167,-160,-14656,3640,3648,-1005,96,-80,-14760,-3280,5364,-459,207,-105,0
3533.192671060562,10660,5432,10680,-225,-105,147,10108,-8720,8564,-20,168,-163,-14804,3808,3756,-991,106,-104,-14692,-3200,5420,-461,172,-74,0
3533.2261860370636,10424,5584,10608,-212,-99,124,10008,-8772,8876,-94,166,-178,-14752,3628,3756,-964,103,-120,-14832,-3548,5460,-441,186,-38,0
3533.2598891258244,10644,5528,10592,-243,-140,157,10052,-8640,8804,-83,153,-201,-14792,3728,3824,-926,99,-131,-14612,-3256,5404,-441,172,-62,0
3533.2933800220494,10608,5400,10588,-271,-136,140,9996,-8760,8740,-100,152,-241,-14784,3768,3612,-979,99,-96,-14760,-3216,5352,-453,207,-75,0
3533.3270161151886,10592,5496,10740,-289,-96,151,10104,-8756,8840,-61,126,-190,-14632,3900,3700,-989,80,-139,-14836,-3196,5512,-469,180,-68,0
3533.3605489730835,10604,5120,10716,-283,-98,149,10128,-8820,8876,-50,170,-193,-14688,3680,3808,-987,107,-142,-14832,-3164,5372,-464,207,-69,0
3533.3937249183655,10668,5508,10532,-303,-116,138,10128,-8796,8828,15,162,-227,-14724,3740,3728,-1000,146,-135,-14812,-3088,5452,-452,197,-90,0
3533.427361011505,10620,5408,10632,-284,-140,144,10136,-8804,8928,-43,126,-222,-14692,3740,3700,-989,139,-115,-14772,-3208,5264,-496,212,-44,0
3533.460655927658,10704,5480,10348,-279,-149,153,10104,-8820,8840,-48,127,-207,-14844,3748,3776,-970,125,-136,-14812,-3268,5444,-491,145,-79,0
3533.4941670894623,10744,5140,10592,-328,-147,161,10028,-8892,8900,-31,136,-184,-14796,3768,3760,-974,91,-126,-14860,-3208,5452,-461,183,-83,0
3533.527682065964,10680,5400,10472,-265,-129,169,10040,-8640,8972,-36,124,-190,-14792,3596,3824,-990,143,-119,-14776,-3320,5292,-471,148,-97,0
3533.5611550807953,10644,5468,10628,-509,-153,126,10156,-8768,8892,-57,175,-205,-14652,3728,3716,-998,106,-107,-14640,-3136,5132,-492,194,-97,0
3533.5945630073547,10648,5368,10264,-270,-150,134,10148,-8800,8824,-22,117,-234,-14768,3628,3624,-984,128,-137,-14684,-2892,5340,-488,178,-110,0
3533.628286123276,10836,5292,10516,-510,-103,154,10060,-8924,8948,-8,106,-193,-14816,3624,3636,-994,122,-102,-14904,-3300,5436,-475,135,-92,0
3533.6618061065674,10500,5408,10504,-227,-119,148,10072,-8536,8840,-18,146,-168,-14772,3652,3668,-982,94,-89,-15044,-3252,5416,-472,119,-104,0
3533.695425987244,10736,5216,10440,-263,-115,146,10032,-8736,8928,-40,135,-167,-14664,3600,4000,-990,131,-102,-14740,-3204,5332,-505,115,-120,0
3533.7287809848785,10668,5384,10608,-226,-154,153,10076,-8800,8888,-45,117,-228,-14736,3672,3752,-1023,110,-111,-14704,-3124,5308,-504,181,-91,0
3533.7622289657593,10616,5292,10608,-229,-144,164,10192,-8688,8816,-11,94,-221,-14744,3832,3664,-1006,99,-117,-14892,-3172,5472,-498,176,-77,0
3533.7958199977875,10716,5412,10692,-206,-137,154,10128,-8720,8736,-24,106,-221,-14748,3680,3636,-1014,128,-141,-14864,-3164,5400,-475,161,-75,0
3533.8293681144714,10712,5380,10692,-227,-163,123,10104,-8776,8756,-11,114,-227,-14736,3600,3772,-999,120,-87,-14784,-3100,5440,-446,177,-114,0
3533.8625741004944,10676,5352,10588,-217,-146,111,10080,-8844,8740,18,120,-205,-14808,3668,3684,-1015,111,-140,-14916,-3268,5456,-504,146,-94,0
3533.9004261493683,10720,5348,10408,-216,-117,144,10224,-8688,8800,-19,118,-203,-14660,3596,3644,-991,115,-85,-14896,-3192,5288,-499,149,-109,0
3533.9355130195618,10652,5228,10744,-202,-111,125,10144,-8716,8828,-28,120,-187,-14672,3792,3760,-1006,129,-152,-14796,-3124,5352,-489,189,-115,0
3533.9718070030212,10496,5300,10544,-228,-146,112,10088,-8796,8712,-52,107,-194,-14696,3576,3800,-998,133,-114,-14960,-3196,5568,-478,151,-103,0
3534.0080630779266,10708,5280,10504,-210,-119,110,10184,-8776,8756,-41,128,-188,-14696,4028,3668,-1014,139,-93,-14840,-3164,5584,-465,157,-124,0
3534.043254137039,10744,5288,10500,-138,-65,115,10204,-8724,8788,-22,122,-170,-14796,3636,3600,-777,104,-83,-15104,-3092,5308,-485,138,-119,0
3534.078871011734,10496,5316,10372,-149,-35,98,10132,-8640,8792,6,144,-182,-14660,3624,3792,-1044,90,-54,-14836,-3236,5456,-480,137,-130,0
3534.113888978958,10752,5392,10604,-147,0,78,10120,-8716,8948,-27,148,-149,-14716,3680,3668,-1026,95,-74,-14900,-3100,5164,-493,94,-110,0
3534.1494460105896,10820,5396,10504,-132,-11,72,10180,-8828,8768,-40,129,-161,-14780,3704,3696,-1273,75,-60,-14608,-3120,5476,-488,129,-142,0
3534.185045003891,10704,5608,10592,-164,-45,98,10016,-8692,8916,-36,140,-143,-14656,3676,3836,-1048,93,-93,-14596,-3124,5424,-493,135,-118,0
3534.220866918564,10736,5348,10656,-86,-35,88,10068,-8684,8744,-83,169,-170,-14672,3656,3904,-1035,102,-21,-14804,-3160,5436,-483,118,-127,0
3534.256150007248,10712,5296,10668,-161,-44,68,10104,-8832,8816,-33,123,-165,-14700,3716,3596,-1010,79,-78,-14864,-3296,5468,-458,124,-129,0
3534.2918050289154,10728,5328,10660,-146,-2,112,10084,-8732,8908,-17,123,-130,-14680,3716,3624,-1069,139,-16,-14680,-3112,5452,-466,79,-141,0
3534.327738046646,10596,5400,10716,-133,-1,106,10132,-8680,8756,-29,152,-171,-14800,3728,3596,-1027,59,-90,-14828,-3248,5144,-469,142,-156,0
3534.3627259731293,10640,5356,10640,-173,-17,81,10152,-8956,8712,-64,128,-163,-14696,3700,3756,-1011,55,-49,-14724,-3244,5320,-498,113,-160,0
3534.3981840610504,10632,5428,10560,-110,-34,80,10152,-8832,8864,-25,143,-169,-14712,3676,3792,-1022,95,-43,-15052,-3184,5452,-507,129,-147,0
3534.433634996414,10680,5400,10544,-178,-76,91,10088,-8768,8560,-14,141,-175,-14628,4040,3820,-1031,104,-34,-14768,-3200,5400,-506,130,-128,0
3534.4692051410675,10828,5404,10624,-103,-35,81,10372,-8804,8956,-38,155,-175,-14712,3648,3788,-1021,69,-70,-14724,-3248,5404,-482,131,-148,0
3534.504315137863,10648,5384,10628,-158,-60,46,9992,-8780,8736,-9,169,-173,-14652,3628,3684,-1001,67,-82,-14852,-3204,5344,-491,119,-186,0
3534.5405011177063,10540,5412,10716,-149,-30,66,10124,-8692,9008,-6,170,-147,-14732,3764,3656,-1011,59,-70,-14792,-3128,5364,-515,149,-157,0
3534.5738120079045,10704,5624,10564,-116,-33,90,10188,-8788,8952,4,132,-177,-14528,3676,3676,-1006,99,-82,-14748,-3248,5376,-498,131,-127,0
3534.6074509620667,10560,5396,10732,-155,-77,97,10092,-8792,8816,-12,131,-168,-14652,3696,3712,-1007,55,-47,-14740,-3276,5588,-488,149,-145,0
3534.640604019165,10676,5472,10564,-154,-91,85,10084,-8704,9024,-33,153,-203,-14768,3696,3684,-1010,93,-102,-14800,-3284,5580,-479,151,-117,0
3534.6738770008087,10752,5348,10508,-119,-72,95,10144,-8812,8900,-64,159,-194,-14732,3632,3656,-997,53,-91,-14596,-3224,5620,-518,143,-150,0
3534.7075159549713,10728,5344,10500,-113,-58,97,10112,-8684,8864,-47,104,-194,-14716,3748,3700,-1038,64,-48,-14820,-3280,5420,-509,130,-158,0
3534.741012096405,10588,5472,10400,-139,-23,87,10040,-8824,8768,17,121,-184,-14692,3728,3812,-993,59,-55,-14704,-3236,5316,-491,125,-127,0
3534.7745070457454,10704,5444,10648,-75,-20,87,10188,-8784,8816,-37,139,-187,-14716,3816,3800,-1005,109,-65,-14828,-3300,5584,-509,111,-109,0
3534.8080890178685,10996,5476,10536,-148,-75,122,10124,-8776,8816,-28,142,-152,-14772,3684,3608,-996,98,-74,-14808,-3260,5516,-493,104,-120,0
3534.8416929244995,10676,5556,10504,-125,-255,108,10048,-8760,8804,-47,134,-150,-14680,3660,3624,-1017,88,-45,-14780,-3244,5396,-504,101,-130,0
3534.8751180171967,10544,5508,10384,-156,-43,98,10172,-8824,8868,-13,142,-158,-14696,3612,3652,-1041,70,-11,-14832,-3204,5440,-472,127,-153,0
3534.908455133438,10572,5448,10548,-141,-45,85,10076,-8820,8920,-37,157,-180,-14652,3816,4020,-1006,54,-44,-14768,-3540,5380,-482,123,-158,0
3534.9419779777527,10532,5628,10736,-156,-52,59,10104,-8940,8852,-17,178,-175,-14680,3684,3596,-976,62,-127,-14784,-3308,5196,-501,95,-175,0
3534.9753811359406,10676,5416,10580,-138,-76,91,10096,-8468,8892,-29,128,-179,-14604,3748,3984,-1014,90,-73,-14720,-3292,5136,-481,146,-145,0
3535.008908033371,10724,5488,10484,-131,-88,91,10096,-8776,8912,-43,113,-164,-14712,3672,3808,-1007,123,-57,-14772,-3184,5612,-511,154,-129,0
3535.0424311161046,10780,5452,10520,-114,-56,126,10100,-8688,8776,-30,117,-181,-14724,3684,3716,-1010,115,-66,-14816,-3216,5516,-478,179,-131,0
3535.0758910179134,10696,5412,10532,-113,-97,119,10124,-8744,8724,-25,102,-164,-15072,3744,3828,-769,106,-105,-15068,-3312,5236,-505,174,-160,0
3535.109169006348,10600,5420,10712,-140,-71,95,10128,-8724,8848,-51,157,-190,-14740,3616,3844,-1009,79,-78,-14780,-3312,5468,-506,124,-142,0
3535.1422181129456,10708,5468,10608,-157,-52,97,10004,-8664,8800,-27,128,-194,-14708,3668,3680,-1023,96,-23,-14772,-3292,5468,-497,130,-136,0
3535.17561006546,10720,5420,10796,-158,-86,110,10152,-8772,8904,-24,126,-183,-14684,3700,3796,-991,87,-101,-14824,-3272,5432,-476,128,-141,0
3535.209311962128,10740,5376,10652,-176,-65,99,10152,-8592,8816,-28,135,-191,-14656,3780,3692,-997,114,-78,-14712,-3276,5400,-501,133,-151,0
3535.2429189682007,10520,5496,10596,-136,-100,104,10140,-8780,8824,-36,123,-158,-14680,3628,4072,-1005,99,-92,-14780,-3176,5340,-496,124,-98,0
3535.2765510082245,10624,5524,10492,-141,-93,105,10068,-8832,8804,-19,119,-194,-14744,3704,3672,-990,103,-43,-14796,-3208,5248,-466,161,-145,0
3535.3099739551544,10568,5480,10612,-189,-75,103,10092,-8756,8828,-3,142,-184,-14704,3740,3820,-1000,101,-55,-14768,-3084,5524,-488,136,-142,0
3535.34370803833,10660,5528,10584,-148,-70,116,10112,-8800,8772,-51,118,-201,-14664,3712,3776,-1012,106,-85,-14996,-3216,5532,-511,130,-114,0
3535.377254009247,10652,5392,10564,-139,-67,123,10096,-8712,8836,-40,118,-178,-14680,3716,3760,-1013,89,-88,-14772,-3244,5536,-761,130,-177,0
3535.4104940891266,10652,5548,10628,-166,-54,103,10148,-8748,8792,-6,116,-153,-14572,3740,3668,-999,125,-31,-14796,-3272,5628,-503,126,-105,0
3535.4441211223602,10664,5492,10628,-195,-62,122,10056,-8800,8776,-7,119,-174,-14716,3804,3744,-1027,120,-31,-14812,-3300,5484,-453,115,-94,0
3535.4775309562683,10688,5348,10604,-191,-59,109,10064,-8832,8836,-254,207,-163,-14688,3804,3780,-997,92,-109,-14824,-3272,5560,-478,148,-103,0
3535.511064052582,10656,5460,10492,-179,-53,98,10148,-8768,8708,-20,147,-184,-14764,3648,3760,-1005,94,-134,-15084,-3256,5188,-454,142,-129,0
3535.544193029404,10632,5512,10596,-191,-56,88,10092,-8780,8840,5,146,-173,-14660,3744,3624,-1005,122,-100,-14684,-3296,5160,-454,175,-115,0
3535.582418918609,10596,5524,10524,-195,-89,109,10108,-8800,8784,-20,170,-193,-14672,3732,3700,-978,95,-122,-14764,-3256,5416,-480,168,-115,0
3535.6177270412445,10768,5576,10612,-179,-47,99,10148,-8712,8820,-57,154,-186,-14780,3728,3788,-983,93,-76,-14832,-3208,5308,-464,116,-102,0
3535.653573989868,10508,5496,10708,-9,-32,97,10156,-8788,8788,-57,139,-164,-14664,3732,3776,-988,75,-115,-14756,-3248,5412,-496,121,-113,0
3535.689357042312,10580,5556,10540,-224,-49,143,10052,-8624,8812,-16,172,-137,-14788,3584,3676,-971,124,-72,-14800,-3296,5304,-467,141,-109,0
3535.724885940552,10620,5500,10684,-215,-86,98,10160,-8788,8864,-141,179,-218,-14712,3736,3836,-969,91,-141,-14744,-3276,5620,-465,174,-94,0
3535.7601239681244,10656,5408,10492,-261,-67,98,10092,-8712,8764,-253,131,-217,-14828,3684,3796,-1047,137,-73,-14860,-3168,5416,-460,145,-76,0
3535.7957911491394,10616,5444,10672,-230,-55,141,10068,-8748,8796,6,132,-171,-14712,3696,3708,-1015,86,-90,-14908,-3244,5444,-474,153,-105,0
3535.8316681385045,10660,5476,10680,-279,-67,130,10004,-8756,8832,-61,170,-193,-14784,3688,3700,-960,87,-89,-14612,-3236,5356,-443,123,-99,0
3535.8677549362183,10612,5400,10632,-306,-74,120,10048,-8764,8912,-65,166,-179,-14712,3712,3676,-961,80,-78,-14724,-3268,5404,-495,152,-79,0
3535.9032769203186,10596,5424,10708,-296,-84,105,10120,-8868,8748,-51,179,-192,-14680,3664,3676,-1005,135,-148,-14628,-3220,5476,-483,224,-73,0
3535.9382259845734,10616,5288,10384,-234,-99,147,10064,-8676,8824,-43,127,-219,-14572,3752,3680,-1012,158,-124,-14784,-3188,5432,-474,192,-50,0
3535.9739990234375,10532,5600,10592,-267,-137,158,10080,-8680,9036,-27,110,-235,-14712,3796,3784,-966,132,-161,-14776,-3268,5416,-449,217,-97,0
3536.008945941925,10676,5404,10592,-266,-113,120,10084,-8804,8956,-37,156,-220,-14744,3660,3708,-1005,113,-139,-14868,-3276,5392,-481,186,-69,0
3536.0454750061035,10644,5380,10676,-252,-139,125,10136,-8644,8828,-10,170,-213,-14752,3728,3808,-985,143,-67,-14824,-3204,5468,-496,176,-68,0
3536.0808949470525,10540,5492,10596,-270,-111,140,10096,-8764,8852,-60,129,-211,-14712,3724,3728,-980,134,-116,-14844,-3252,5540,-472,174,-97,0
3536.1162419319153,10616,5404,10608,-259,-129,140,10164,-8748,8808,-55,152,-206,-14700,3824,3620,-998,127,-82,-14820,-3220,5444,-470,193,-74,0
3536.151803970337,10640,5316,10524,-282,-139,165,9996,-8712,8948,-51,124,-222,-14832,3708,3812,-985,141,-128,-15104,-3204,5444,-459,154,-93,0
3536.1878180503845,10700,5600,10508,-265,-110,126,10136,-8824,8488,-23,128,-216,-14636,3692,3888,-999,131,-112,-14776,-3168,5588,-436,167,-73,0
3536.2236189842224,10616,5316,10540,-282,-113,142,10084,-8936,8820,-47,122,-211,-14740,3740,3756,-1010,121,-115,-14804,-3112,5260,-484,166,-80,0
3536.257219076156,10656,5296,10516,-237,-166,139,10068,-8804,8872,-18,130,-198,-14760,3660,3608,-1007,149,-130,-14776,-3160,5392,-502,182,-97,0
3536.2905609607697,10556,5344,10680,-212,-147,161,10240,-8692,8848,253,125,-187,-14728,3656,3600,-1276,150,-109,-14824,-3188,5228,-503,150,-90,0
3536.324294090271,10504,5616,10436,-212,-140,171,10212,-8736,8732,-54,88,-206,-14632,3716,3776,-999,142,-96,-14896,-3116,5192,-763,149,-78,0
3536.35795712471,11000,5380,10396,-175,-96,134,10188,-8472,8800,-59,122,-191,-14768,3632,3764,-1003,141,-92,-14832,-3196,5388,-519,166,-56,0
3536.3911480903625,10604,5328,10256,-207,-144,123,10128,-8728,8872,-56,118,-214,-14764,3736,3676,-1015,115,-101,-14992,-3124,5416,-260,179,-128,0
3536.4245200157166,10704,5140,10540,-224,-140,110,10072,-8752,8892,-35,129,-198,-14656,3660,3736,-1009,119,-50,-14776,-3256,5124,-468,175,-86,0
3536.458256006241,10700,5460,10620,-201,-148,117,10112,-8752,8936,-101,122,-226,-14692,3628,3644,-975,122,-113,-14808,-3248,5452,-471,190,-103,0
3536.491951942444,10564,5368,10564,-219,-163,124,10108,-8816,8752,-37,113,-234,-14756,3648,3688,-961,136,-117,-14880,-3168,5364,-498,192,-76,0
3536.525516986847,10684,5268,10344,-196,-122,138,10188,-8576,8452,-35,79,-173,-14696,3684,3676,-1012,100,-102,-14908,-3140,5480,-472,127,-66,0
3536.5591480731964,10592,5352,10664,-209,-90,123,10136,-8736,8768,-19,108,-158,-14752,3820,3692,-995,100,-54,-14848,-3240,5388,-487,135,-127,0
3536.592476129532,10672,5460,10648,-217,-93,87,10172,-8708,8844,-55,143,-174,-14712,3684,3544,-975,87,-57,-14652,-3156,5404,-501,128,-94,0
3536.6260850429535,10740,5360,10508,-127,-67,117,10140,-8728,8696,-67,114,-189,-14780,3624,3660,-1023,100,-110,-14644,-3316,5380,-461,145,-113,0
3536.659315109253,10700,5292,10660,-175,-122,121,10084,-8688,8880,-9,127,-198,-14680,3672,3584,-1063,114,-95,-14776,-3200,5300,-466,158,-114,0
3536.6944699287415,10740,5284,10516,-147,-44,111,10176,-8720,8828,-46,135,-173,-14704,3612,3736,-1043,120,-86,-14844,-3288,5256,-480,137,-121,0
3536.7280979156494,10988,5372,10328,-211,-55,95,10040,-8748,8824,11,140,-217,-14768,3600,3672,-1034,98,-88,-14976,-3124,5248,-481,148,-110,0
3536.7616901397705,10788,5320,10508,-137,-23,85,10140,-8840,8812,-256,166,-177,-14772,3760,3788,-1032,119,-108,-14864,-3200,5468,-510,166,-152,0
3536.7950060367584,10744,5388,10596,-149,-41,93,10116,-8752,8900,-19,156,-187,-14732,3716,3840,-1037,144,-73,-14796,-3240,5172,-479,110,-145,0
3536.8287949562073,10740,5328,10548,-125,-58,79,10124,-8944,8828,-51,103,-169,-14704,3748,3716,-1022,111,-38,-14760,-3192,5252,-494,124,-131,0
3536.8623509407043,10672,5300,10564,-127,-53,97,10184,-8784,8956,-37,122,-205,-14824,3716,3528,-1275,111,-91,-14980,-3256,5400,-474,114,-161,0
3536.895579099655,10720,5400,10508,-144,-38,86,10236,-8476,8868,-23,141,-181,-14724,3656,3744,-1278,137,-78,-14752,-3204,5368,-498,134,-132,0
3536.9292140007014,10756,5400,10488,-156,-41,104,10136,-8616,8944,-47,145,-174,-14676,3628,3796,-1279,133,-58,-14860,-3220,5308,-485,138,-125,0
3536.9627499580383,10704,5400,10620,-145,-47,104,10088,-8708,8764,-29,130,-170,-14720,3636,3684,-1042,122,-101,-14864,-3180,5520,-489,145,-150,0
3536.9961829185486,10796,5436,10600,-105,-34,97,10164,-8652,8876,-21,118,-191,-14736,3708,3652,-1031,131,-49,-14772,-3208,5348,-486,151,-104,0
3537.0299849510193,10672,5604,10644,-138,-49,86,10116,-8756,8788,-34,150,-171,-14748,3588,3736,-986,118,-51,-14828,-3204,5488,-500,133,-139,0
3537.0636301040654,10572,5376,10632,-123,-68,88,10076,-8780,8868,-40,118,-173,-14744,3668,3948,-773,117,-86,-14672,-3164,5408,-494,117,-128,0
3537.0972559452057,10744,5468,10528,-158,-37,68,10152,-8696,8748,-39,151,-150,-14756,3740,3528,-1034,81,-95,-14808,-3120,5396,-486,121,-161,0
3537.1306660175323,10672,5444,10572,-112,-5,89,9996,-8496,8840,-40,147,-150,-14820,3708,3716,-1009,54,-29,-14776,-3152,5404,-473,115,-135,0
3537.164211988449,10616,5424,10492,-138,-79,70,10152,-8744,8896,-61,146,-190,-14804,3692,3760,-989,48,-43,-14796,-3164,5304,-496,142,-132,0
3537.1978559494014,10600,5304,10428,-156,-29,76,10044,-8704,8784,-247,127,-158,-14780,3712,3708,-1012,76,-70,-14856,-3172,5400,-467,164,-143,0
3537.2338011264806,10644,5328,10540,-149,-33,103,10140,-8752,8824,-33,140,-157,-14816,3664,3820,-988,20,-32,-14824,-3268,5424,-477,121,-151,0
3537.2697379589085,10652,5416,10604,-179,-40,71,10100,-8792,8864,-37,180,-159,-14688,3740,3672,-960,31,-81,-14672,-3260,5552,-459,126,-141,0
3537.3049681186676,10660,5460,10440,-162,-73,91,10164,-8784,8724,-44,161,-166,-14768,3684,3640,-985,60,-90,-14884,-3312,5260,-494,142,-125,0
3537.3407690525055,10872,5396,10616,-141,-72,108,10224,-8736,8884,-40,169,-179,-14632,3700,3616,-996,103,-88,-14680,-3196,5408,-487,147,-116,0
3537.3761401176453,10700,5456,10740,-115,-22,101,10080,-8720,8836,-16,127,-178,-14792,3676,3580,-1045,110,-102,-14832,-3164,5260,-473,141,-157,0
3537.4116520881653,10672,5352,10572,-155,-86,88,10480,-8508,8828,-11,102,-185,-14792,3680,3752,-1055,118,-94,-14776,-3168,5460,-473,157,-117,0
3537.447708129883,10772,5400,10592,-145,-48,91,10228,-8824,9056,-43,145,-192,-14720,3688,3412,-1019,102,-119,-14848,-3096,5380,-492,116,-160,0
3537.483024120331,10712,5420,10628,-139,-48,113,10140,-8712,8860,-6,102,-158,-14740,3696,3996,-1029,96,-49,-14784,-3212,5428,-261,130,-129,0
3537.5186100006104,10708,5416,10600,-117,-46,105,10076,-8524,8836,25,187,-167,-14628,3744,3752,-1032,132,-85,-14756,-3200,5268,-501,112,-150,0
3537.5543251037598,10612,5440,10580,-141,-88,112,10184,-8728,8788,-52,109,-188,-14832,3652,3712,-1274,106,-89,-14768,-3196,5420,-468,147,-141,0
3537.5906851291656,10676,5472,10524,-159,-86,95,10132,-8776,8720,-11,162,-181,-14648,3592,3800,-1020,109,-87,-14808,-3256,5388,-490,132,-150,0
3537.626035928726,10640,5476,10708,-137,-82,102,10084,-8788,8924,-24,110,-178,-14988,3740,3816,-1008,112,-73,-14792,-3172,5212,-520,130,-137,0
3537.662430047989,10508,5492,10588,-153,-103,103,10104,-8704,8816,-41,239,-149,-14776,3716,3688,-1027,105,-57,-14920,-3224,5348,-505,155,-159,0
3537.698457956314,10792,5476,10588,-131,-86,103,10160,-8724,8824,-25,136,-175,-14748,3700,3448,-1017,99,-81,-14724,-3232,5144,-520,124,-130,0
3537.7339079380035,10688,5388,10524,-143,-83,86,10128,-8724,8788,-20,109,-170,-14680,3680,3572,-1004,100,-86,-14780,-3300,5180,-460,125,-136,0
3537.7697379589085,10704,5424,10648,-136,-51,97,10144,-8736,8788,-53,138,-155,-14756,3712,3536,-993,72,-59,-14860,-3152,5356,-484,111,-133,0
3537.804917097092,10724,5404,10668,-161,-70,107,10028,-8748,8772,-38,92,-120,-14760,3792,3656,-1003,58,-40,-14788,-3204,5468,-517,133,-123,0
3537.84033203125,10592,5532,10604,-161,-53,118,10136,-8732,8840,6,183,-167,-14684,3720,3752,-1007,58,-71,-14856,-3296,5364,-482,130,-119,0
3537.875939130783,10660,5496,10600,-135,-87,96,10080,-8716,8896,-93,159,-166,-14740,3660,3864,-972,17,-42,-14876,-3248,5392,-486,149,-148,0
3537.9135870933533,10712,5444,10592,-141,-82,72,10088,-8760,8688,-8,139,-175,-14844,3792,3424,-1000,81,-64,-14744,-3224,5268,-456,159,-104,0
3537.947520017624,10708,5416,10716,-140,-54,95,9992,-8768,8972,-1,143,-191,-14696,3696,3644,-1006,54,-101,-14828,-3224,5480,-454,140,-117,0
3537.9810569286346,10736,5456,10564,-166,-33,65,10148,-8768,8860,-24,162,-154,-14684,3768,3552,-993,21,-61,-14600,-3224,5304,-464,106,-142,0
3538.0145020484924,10712,5484,10640,-182,-56,90,10176,-8844,8892,-36,169,-176,-14688,3712,3668,-988,62,-73,-14752,-3216,5492,-478,131,-147,0
3538.0480959415436,10756,5460,10508,-138,-30,97,10160,-8708,8844,-42,126,-166,-14760,3712,3672,-1008,85,-58,-14800,-3200,5240,-481,147,-128,0
3538.081676006317,10504,5468,10660,-169,-90,109,10164,-8644,8864,15,139,-193,-14396,3792,3604,-1049,116,-115,-14688,-3180,5448,-477,150,-109,0
3538.1153831481934,10616,5552,10540,-132,-57,101,10104,-8744,8748,-26,113,-198,-14668,3740,3676,-1032,104,-93,-14844,-3300,5400,-456,134,-126,0
3538.1486029624934,10592,5456,10592,-190,-81,112,10164,-8772,8812,8,187,-151,-14716,3732,3712,-1021,121,-102,-14680,-3364,5512,-471,134,-137,0
3538.1821269989014,10692,5432,10376,-164,-22,86,10088,-8696,8848,-16,141,-191,-14736,3720,3760,-1020,101,-75,-14900,-3240,5404,-481,155,-119,0
3538.2156131267548,10632,5496,10628,-197,-34,83,10108,-8724,8804,-21,118,-190,-14696,3832,3756,-1050,129,-44,-14868,-3268,5388,-260,122,-121,0
3538.249170064926,10692,5488,10540,-173,-38,104,10112,-8804,8780,-46,156,-153,-14708,3772,3728,-1013,138,-79,-14792,-3244,5548,-481,127,-108,0
3538.282452106476,10616,5452,10392,-186,-52,108,10148,-8484,8784,-47,119,-186,-14784,3764,3820,-986,100,-99,-14872,-3176,5424,-510,121,-142,0
3538.3161809444427,10684,5464,10568,-221,-46,90,10068,-8752,8736,-41,155,-165,-14648,3684,3588,-1279,105,-79,-14768,-3196,5500,-512,149,-112,0
3538.3498129844666,10504,5492,10532,-224,-61,155,9924,-8780,8788,10,117,-150,-14628,3620,4012,-1037,134,-72,-14772,-3320,5460,-468,119,-101,0
3538.3834590911865,10608,5560,10560,-196,-74,132,9976,-8808,8752,-73,112,-197,-14716,3740,3592,-1006,159,-89,-14668,-3180,5452,-474,169,-65,0
3538.4170529842377,10680,5512,10696,-220,-140,142,10036,-8796,8820,-79,137,-199,-14772,3732,3696,-998,134,-106,-14880,-3300,5504,-506,160,-68,0
3538.4506130218506,10604,5424,10736,-240,-107,126,10124,-8736,8808,-47,130,-177,-14780,3680,3696,-965,134,-134,-14944,-3180,5288,-498,174,-64,0
3538.4839799404144,10620,5448,10660,-240,-82,122,10140,-8812,8892,-60,132,-220,-14636,3728,3796,-1015,121,-114,-14756,-3268,5412,-483,181,-90,0
3538.5174689292908,10664,5408,10264,-278,-67,111,10052,-8860,8780,-41,124,-199,-14616,3796,3660,-1007,115,-64,-14712,-3264,5528,-448,138,-74,0
3538.5510001182556,10676,5624,10672,-287,-50,124,10060,-8696,8972,-60,178,-182,-14736,3720,3656,-976,119,-67,-15004,-3236,5420,-485,153,-82,0
3538.5845470428467,10900,5436,10940,-288,-47,131,10112,-8724,8672,-63,148,-162,-14700,3704,3644,-994,108,-101,-14768,-3284,5256,-466,152,-72,0
3538.618092060089,10628,5368,10688,-273,-91,119,10092,-8504,8944,-32,127,-212,-14412,3412,3592,-775,122,-119,-14640,-3184,5224,-457,211,-43,0
3538.6513891220093,10592,5448,10324,-295,-133,114,10124,-8796,8844,-32,102,-510,-14748,3700,3772,-986,93,-120,-14824,-3180,5624,-490,238,-83,0
3538.684900045395,10624,5144,10720,-281,-152,155,10056,-8696,8976,-32,133,-210,-14704,3708,3848,-969,111,-135,-14776,-3276,5492,-454,198,-69,0
3538.7182121276855,10616,5412,10740,-289,-144,148,10148,-8516,8852,-22,135,-229,-14684,3576,3624,-958,94,-124,-14768,-3260,5324,-459,207,-66,0
3538.7518100738525,10668,5420,10576,-283,-153,151,10120,-8756,8820,-58,136,-218,-14760,3708,3344,-953,86,-155,-15084,-3168,5480,-440,166,-56,0
3538.7852640151978,10600,5364,10592,-265,-153,120,10224,-8680,8868,-53,149,-201,-14768,3748,3836,-963,117,-93,-14732,-3244,5336,-474,150,-76,0
3538.8188009262085,10692,5416,10520,-265,-142,158,10196,-8660,8740,-34,119,-206,-14748,3684,3812,-965,110,-103,-14844,-3244,5372,-475,181,-54,0
3538.852399110794,10740,5328,10500,-512,-176,153,10224,-8660,8828,-43,130,-195,-14716,3576,3504,-980,118,-133,-14748,-3192,5316,-469,188,-61,0
3538.8854360580444,10748,5420,10600,-506,-176,155,10104,-8760,8760,-30,96,-216,-14728,3708,3676,-1011,116,-151,-14800,-3200,5132,-462,174,-77,0
3538.922438144684,10720,5292,10668,-254,-149,171,10140,-8744,8676,-11,121,-184,-14704,3568,3632,-1004,98,-101,-14824,-3196,5352,-477,204,-84,0
3538.9577269554134,10704,5464,10612,-220,-127,160,10228,-8460,8596,-36,128,-187,-14596,3628,3664,-988,94,-133,-14796,-3188,5540,-488,181,-103,0
3538.9933519363403,10776,5412,10456,-243,-126,147,10220,-8804,8936,-9,130,-190,-14720,3668,3716,-1000,102,-81,-14776,-3160,5404,-493,140,-90,0
3539.0294251441956,10688,5336,10544,-240,-151,123,10224,-8700,8768,-36,133,-187,-14612,3708,3768,-1003,99,-107,-15056,-3224,5372,-483,158,-86,0
3539.0646159648895,10976,5364,10600,-219,-138,123,10144,-8656,8784,-36,87,-189,-14676,3732,3480,-1001,119,-104,-14784,-3136,5340,-494,135,-94,0
3539.1004180908203,10696,5364,10312,-221,-118,148,10048,-8800,8932,-23,110,-191,-14700,3668,3752,-1010,93,-98,-14760,-3260,5284,-486,170,-85,0
3539.135491132736,10500,5272,10536,-199,-143,139,10208,-8924,8916,-15,113,-205,-14672,3652,3680,-1010,114,-112,-14820,-3184,5504,-493,189,-85,0
3539.1717319488525,10716,5460,10504,-215,-102,123,10000,-8788,8776,-23,140,-196,-14680,3748,3668,-1023,109,-102,-15044,-3220,5472,-505,185,-83,0
3539.207612991333,10760,5432,10520,-188,-98,136,10124,-8692,8884,-30,127,-210,-14764,3648,3800,-1013,112,-119,-14948,-3148,5368,-483,176,-88,0
3539.2422780990605,10728,5424,10464,-170,-115,110,10124,-8476,8748,-34,99,-165,-14716,3556,3672,-1010,108,-74,-14624,-3156,5328,-504,151,-104,0
3539.2781920433044,10552,5128,10732,-213,-124,115,10184,-8724,8856,-34,136,-184,-14752,3708,3612,-990,120,-95,-15032,-2864,5456,-479,103,-119,0
3539.313539981842,10564,5288,10728,-146,-45,102,10224,-8760,8848,-77,134,-192,-14856,3648,4000,-998,79,-43,-14892,-3080,5248,-514,104,-142,0
3539.34916305542,10944,5128,10684,-215,-40,67,10108,-8804,8892,2,145,-166,-14756,3768,3792,-1053,66,-105,-14892,-3216,5520,-489,124,-141,0
3539.3838670253754,10720,5444,10584,-142,41,94,10068,-8628,8888,-15,134,-177,-14748,3660,3624,-1007,110,-47,-14796,-3296,5348,-471,149,-117,0
3539.419523000717,10800,5360,10708,-148,-125,100,10184,-8868,8876,-69,126,-220,-14784,3796,3688,-1000,130,-133,-14868,-2880,5504,-499,195,-136,0
3539.4545140266414,10828,5200,10656,-113,-66,103,10128,-8740,8824,-29,105,-160,-14764,3740,3648,-1038,112,-71,-14808,-3212,5364,-496,125,-148,0
3539.489721059799,10680,5320,10528,-129,-252,88,10116,-8812,8824,-32,190,-127,-14664,3828,3776,-1035,64,-19,-14916,-3224,5124,-447,70,-170,0
3539.525032043457,10656,5344,10588,-173,10,83,9976,-8768,8684,-30,178,-149,-14692,3660,3748,-1008,73,-65,-14828,-3208,5352,-486,81,-131,0
3539.5619039535522,10728,5444,10584,-146,45,69,10092,-8744,9036,-48,161,-145,-14732,3736,3636,-1014,98,-57,-14820,-3172,5444,-768,116,-132,0
3539.5954201221466,10720,5296,10476,-140,-73,81,10084,-8804,8948,-255,113,-201,-14772,3612,3712,-1049,111,-70,-14776,-3124,5420,-493,192,-171,0
3539.6289670467377,10668,5272,10468,-130,-65,80,10040,-8832,8920,-45,133,-221,-14672,3628,3712,-1049,140,-110,-14752,-3256,5348,-506,183,-116,0
3539.662420988083,10836,5324,10608,-138,-89,86,10088,-8736,8728,-57,132,-178,-14744,3640,3640,-1005,107,-132,-14840,-3236,5264,-446,148,-134,0
3539.6957890987396,10684,5364,10500,-139,-43,66,10116,-8728,8768,-10,186,-187,-14796,3736,3720,-1001,81,-50,-14916,-3172,5612,-504,162,-142,0
3539.7286350727086,10756,5392,10616,-126,-21,83,10208,-8708,8776,-1,168,-147,-14736,3708,3684,-1021,88,-48,-14896,-3200,5556,-534,141,-147,0
3539.7621459960938,10680,5140,10656,-105,249,80,10472,-8772,8856,-13,147,-146,-14736,3828,3644,-1022,107,-102,-14744,-3196,5160,-499,110,-154,0
3539.7955479621887,10676,5508,10744,-113,-255,74,10008,-8760,8848,-38,161,-174,-14728,3696,3860,-1033,91,-66,-14788,-3204,5440,-465,144,-140,0
3539.829180955887,10656,5396,10328,-121,-74,95,10096,-8804,8876,-49,132,-177,-14816,3832,3680,-998,96,-94,-14736,-3188,5268,-496,150,-136,0
3539.862648963928,10640,5440,10304,-126,-59,116,10128,-8732,8840,-21,110,-196,-14644,3728,3668,-1038,75,-90,-14760,-3196,5556,-483,168,-126,0
3539.895628929138,10772,5336,10424,-146,-74,84,10088,-8708,8788,-32,143,-196,-14652,3408,3588,-1009,62,-119,-14620,-3176,5316,-472,153,-135,0
3539.9291150569916,10680,5400,10608,-163,-66,97,10160,-8756,8704,-25,123,-212,-14756,3684,3712,-994,43,-83,-14596,-3264,5572,-462,140,-142,0
3539.9625940322876,10760,5376,10684,-158,-65,93,10108,-8736,8756,-16,136,-162,-14616,3672,3680,-1019,62,-36,-14736,-3256,5144,-458,110,-148,0
3539.99613904953,10688,5488,10744,-120,-45,91,10108,-8728,8448,-34,160,-140,-14744,3744,3776,-980,71,-51,-14752,-3252,5404,-467,84,-118,0
3540.029721021652,10644,5396,10588,-162,-57,81,10088,-8792,8804,-14,133,-196,-14672,3728,3732,-999,48,-74,-14812,-3092,5336,-519,121,-168,0
3540.063355922699,10624,5424,10464,-170,-84,115,10216,-8776,8852,-20,125,-154,-14748,3652,3556,-1043,60,-96,-14780,-3292,5392,-491,94,-139,0
3540.0968980789185,10860,5512,10260,-111,-73,95,10140,-8768,8768,-50,144,-171,-14760,3688,3560,-1008,92,-72,-14724,-3188,5608,-518,127,-160,0
3540.1305289268494,10772,5376,10532,-137,-94,90,10092,-8776,8772,-29,161,-196,-14652,3704,3600,-992,75,-81,-14796,-3260,5336,-262,132,-189,0
3540.1639339923854,10652,5152,10356,-147,-23,87,10088,-8692,8924,21,150,-151,-14396,3724,3680,-1275,112,-31,-14784,-3248,5168,-508,123,-159,0
3540.1974840164185,10772,5432,10508,-103,-17,92,10136,-8488,8764,-9,136,-168,-14740,3628,3800,-1041,74,-87,-14820,-3276,5504,-482,97,-159,0
3540.2306859493256,10672,5480,10644,-134,-47,97,10052,-8712,8784,-38,144,-162,-14652,3736,3824,-1002,58,-46,-14824,-3260,5212,-477,116,-127,0
3540.2641150951385,10740,5540,10608,-144,-26,96,10072,-8664,8756,-85,114,-161,-14692,3680,3820,-983,100,-37,-14788,-3188,5144,-507,80,-115,0
3540.297418117523,10960,5424,10604,-110,-58,90,10060,-8708,8916,-253,120,-166,-14628,3540,3768,-1026,96,-49,-14608,-3288,5136,-499,127,-135,0
3540.3308460712433,10672,5396,10408,-128,-60,94,10084,-8804,8736,-3,212,-114,-14656,3692,3872,-1038,122,-85,-14772,-3240,5452,-489,119,-132,0
3540.36443400383,10704,5460,10648,-121,-74,96,10200,-8800,8864,-41,107,-157,-14684,3736,3648,-1020,111,-62,-14672,-3208,5372,-495,138,-133,0
3540.397665977478,10676,5468,10648,-134,-72,65,10220,-8784,8732,-2,171,-170,-14648,3732,3672,-1006,53,-48,-14728,-3300,5624,-458,116,-129,0
3540.4311990737915,10660,5476,10676,-123,-69,87,10060,-8708,8872,3,132,-165,-14716,3684,3776,-1002,99,-85,-14752,-3256,5336,-504,139,-134,0
3540.4647059440613,10648,5484,10748,-154,-36,84,10108,-8724,8748,-7,139,-158,-14712,3804,3744,-1006,43,-70,-14780,-3548,5444,-496,110,-132,0
3540.4981319904327,10540,5472,10532,-182,0,86,10212,-8672,8868,-21,128,-151,-14576,3588,3708,-1032,105,-79,-14776,-3232,5324,-473,135,-139,0
3540.5318760871887,10556,5440,10520,-196,-30,108,10140,-8724,8880,-27,163,-190,-14660,3624,3640,-772,120,-64,-14736,-3188,5584,-456,138,-131,0
3540.5653219223022,10740,5472,10612,-238,-45,108,10100,-8784,8900,-37,142,-180,-14576,3652,3668,-1045,128,-74,-14780,-3212,5468,-471,145,-101,0
3540.6017501354218,10684,5524,10584,-246,-32,134,10104,-8944,8952,-10,136,-166,-14704,3756,3920,-1056,124,-78,-15024,-3084,5512,-484,147,-79,0
3540.6376049518585,10648,5528,10640,-232,-55,100,10064,-8660,8868,6,120,-194,-14772,3684,3700,-1030,107,-68,-14600,-3308,5480,-495,173,-92,0
3540.6726830005646,10580,5532,10568,-209,-66,131,10116,-8752,8812,-64,113,-184,-14680,3720,3752,-1020,142,-117,-14704,-3304,5496,-484,156,-59,0
3540.7078471183777,10548,5464,10612,-227,-85,113,10144,-8740,8832,-66,166,-207,-14640,3676,3768,-978,162,-113,-14872,-3496,5332,-491,161,-62,0
3540.743474960327,10640,5420,10244,-208,-38,151,10120,-8740,8832,-55,149,-194,-14748,3716,3656,-993,104,-113,-14732,-3192,5492,-518,156,-91,0
3540.779480934143,10588,5168,10920,-255,-46,118,10188,-8824,8800,-55,162,-179,-14712,3720,3588,-1000,110,-82,-14744,-3240,5412,-491,170,-70,0
3540.8149349689484,10612,5428,10692,-259,-22,116,10040,-8676,8904,-30,147,-156,-14676,3648,3680,-989,108,-114,-14800,-3244,5468,-455,153,-39,0
3540.8505020141606,10744,5424,10612,-7,-89,135,10124,-8520,8952,-98,176,-210,-14704,3688,3676,-974,108,-124,-14756,-3192,5216,-481,195,-90,0
3540.8853731155396,10668,5388,10660,-287,-89,106,9928,-8804,8804,-38,130,-226,-14732,3756,3728,-1001,165,-145,-14788,-3268,5468,-448,202,-84,0
3540.9208459854126,10648,5432,10600,-243,-95,129,10108,-8736,8788,-44,135,-195,-14756,3644,3816,-1003,42,-81,-14768,-3532,5340,-484,163,-106,0
3540.964870929718,10600,5448,10508,-277,-49,112,10012,-8708,8904,-56,167,-165,-14696,3644,3648,-939,84,-68,-14804,-3152,5616,-460,129,-108,0
3541.0044560432434,10592,5432,10616,-279,-82,159,10044,-8772,8744,-49,142,-160,-14684,3600,3880,-965,90,-120,-14796,-3252,5356,-487,198,-90,0
3541.0605340003967,10632,5420,10596,-275,-133,153,10140,-8712,8780,-38,133,-225,-14612,3700,3592,-972,129,-124,-14808,-3212,5416,-496,188,-70,0
3541.1005160808563,10588,5392,10672,-236,-134,152,10092,-8780,8956,-17,109,-203,-14724,3744,3672,-1008,97,-113,-14896,-3196,5604,-468,197,-65,0
3541.1390941143036,10600,5356,10948,-235,-131,145,10124,-8732,8676,-25,131,-220,-14672,3740,3688,-992,100,-100,-15088,-3120,5372,-467,172,-57,0
3541.1773130893707,10668,5420,10676,-248,-125,146,10044,-8796,8728,-25,133,-188,-14704,3612,3856,-986,130,-61,-14860,-3212,5420,-457,177,-94,0
3541.2217099666595,10716,5148,10588,-248,-139,153,10152,-8716,8892,-54,124,-197,-14804,3676,3416,-978,116,-79,-14820,-3208,5600,-478,148,-73,0
3541.2578780651093,10680,5128,10720,-244,-135,148,10188,-8796,8840,-52,120,-200,-14764,3748,3764,-965,120,-69,-14832,-3180,5420,-477,181,-95,0
3541.291484117508,10712,5416,10672,-209,-138,126,10144,-8840,8788,-21,102,-199,-14692,3736,3692,-984,95,-109,-14760,-3152,5544,-491,154,-88,0
3541.3249940872192,10688,5320,10528,-203,-134,120,10068,-8768,8684,-2,146,-192,-14748,3692,3680,-996,120,-142,-14840,-3176,5464,-479,160,-112,0
3541.3586001396175,10648,5316,10556,-193,-126,107,10220,-8744,8856,-30,126,-191,-14752,3692,3744,-1005,100,-105,-14652,-3136,5408,-480,170,-124,0
3541.3916749954224,10648,5372,10580,-202,-118,107,10144,-8776,8844,-20,120,-206,-14580,3596,3700,-991,128,-81,-14784,-3204,5320,-497,195,-92,0
3541.4253249168396,10700,5324,10552,-242,-100,103,10028,-8732,8856,-249,140,-181,-14752,3584,4004,-1000,91,-72,-14856,-3172,5424,-484,163,-97,0
3541.458894968033,10800,5408,10652,-192,-130,124,10148,-8728,8860,-54,102,-175,-14788,3672,4036,-977,126,-112,-15104,-3168,5616,-532,126,-116,0
3541.4947810173035,10720,5356,10536,-193,-93,99,10136,-8680,8812,-50,133,-204,-14788,3420,3692,-773,109,-103,-15100,-3028,5348,-495,173,-129,0
3541.5284111499786,10712,5316,10728,-188,-53,108,10108,-8688,8864,-44,126,-167,-14680,3636,3712,-1023,112,-69,-14744,-3188,5396,-467,152,-120,0
3541.5619540214534,10668,5444,10600,-160,-85,114,10112,-8788,8836,-91,121,-184,-14696,3732,3744,-1278,116,-66,-14788,-3164,5244,-498,155,-111,0
3541.5955209732056,10732,5276,10628,-154,-53,84,10064,-8776,8756,-27,104,-218,-14724,3724,3768,-1015,162,-111,-14836,-3172,5216,-470,116,-119,0
3541.6288690567017,10524,5440,10528,-158,-10,125,10188,-8684,8832,22,118,-158,-14688,3676,3684,-1068,129,-83,-14832,-3204,5268,-498,96,-138,0
3541.662609100342,10744,5388,10556,-167,-256,82,10144,-8752,8868,-47,139,-160,-14700,3704,3692,-1019,114,-91,-14888,-3268,5432,-495,107,-146,0
3541.696079969406,10640,5372,10676,-156,-32,73,10104,-8756,8836,-17,145,-179,-14768,3636,3836,-1016,108,-98,-14784,-3220,5404,-500,109,-150,0
3541.729798078537,10832,5312,10708,-99,-38,94,10104,-8672,8788,-52,167,-166,-14700,3700,3720,-769,115,-68,-14836,-3188,5452,-502,150,-131,0
3541.7634379863734,10688,5308,10596,-142,-60,99,10088,-8696,8752,-28,137,-176,-14684,3608,3668,-1048,126,-112,-14816,-3332,5268,-503,153,-112,0
3541.7970349788666,10532,5324,10284,-124,-10,61,10120,-8768,8832,-42,121,-197,-14644,3660,3744,-1026,145,-91,-14696,-3260,5440,-490,156,-139,0
3541.830379009247,10576,5608,10540,-140,-84,75,10120,-8828,8880,-25,140,-182,-14648,3712,3908,-1025,150,-107,-14752,-3184,5304,-472,166,-114,0
3541.863701105118,10708,5432,10544,-151,-17,107,10140,-8856,9156,-38,157,-188,-14784,3652,3524,-1033,114,-81,-14840,-3196,5240,-471,171,-131,0
3541.897262096405,10728,5120,10564,-146,-41,105,10112,-8496,8888,-36,144,-168,-14656,3644,3708,-1022,121,-54,-14796,-3300,5552,-497,113,-112,0
3541.930801153183,10628,5612,10736,-135,-48,120,10076,-8736,8628,-36,135,-174,-14476,3664,3772,-1005,91,-77,-14752,-3280,5368,-495,157,-110,0
3541.964494943619,10656,5480,10620,-149,-84,66,10152,-8656,8724,-45,136,-204,-14780,3564,3692,-1015,128,-113,-14788,-3204,5444,-487,134,-134,0
3541.998081922531,10596,5420,10436,-159,-54,84,10188,-8640,8804,-21,151,-178,-14816,3664,3752,-1000,96,-99,-14736,-3128,5416,-444,178,-116,0
3542.031429052353,10652,5368,10260,-150,-56,92,10124,-8812,8876,-25,155,-170,-14780,3624,3724,-991,89,-53,-14832,-3188,5476,-491,165,-126,0
3542.0650169849396,10724,5336,10632,-131,-54,86,10144,-8732,8720,-34,154,-190,-14800,3780,3748,-1018,66,-72,-14800,-3324,5324,-486,136,-100,0
3542.0985069274902,10720,5404,10656,-160,-39,94,10056,-8948,8724,-30,119,-182,-14692,3648,3628,-999,44,-92,-14772,-3268,5352,-499,166,-117,0
3542.1322209835052,10672,5340,10644,-172,-57,82,10144,-8780,8944,-40,153,-178,-14680,3680,3752,-979,34,-125,-14864,-3164,5296,-464,136,-143,0
3542.1656970977783,10740,5400,10696,-161,-28,97,10136,-8732,8860,-83,169,-160,-14596,3668,3724,-977,65,-35,-14788,-3240,5308,-478,147,-120,0
3542.1992061138153,10644,5452,10588,-169,-70,96,10128,-8752,8824,-52,141,-179,-14756,3700,3704,-980,36,-37,-14864,-3232,5136,-466,154,-107,0
3542.232675075531,10680,5424,10596,-187,-37,94,10044,-8512,8892,-22,161,-148,-14788,3788,3616,-1018,87,-79,-14752,-3324,5596,-450,137,-141,0
3542.2657361030574,10676,5396,10300,-139,-66,119,10044,-8760,8864,-69,142,-164,-14704,3664,3680,-1002,74,-67,-14880,-3204,5476,-457,174,-165,0
3542.3036930561066,10756,5364,10572,-199,-75,75,10140,-8800,8884,7,143,-166,-14696,3672,3760,-780,126,-108,-15040,-3228,5304,-474,132,-133,0
3542.3394141197205,10552,5388,10556,-140,-41,102,10160,-8756,8788,-17,110,-151,-14656,3620,3644,-1030,73,-30,-15084,-3180,5488,-489,118,-129,0
3542.3744039535522,10572,5412,10588,-160,-45,88,10440,-8692,8712,-31,188,-154,-14364,3688,3732,-997,73,-72,-14848,-3052,5412,-481,118,-145,0
3542.409583091736,10704,5456,10488,-187,-22,102,10088,-8860,8944,-29,163,-167,-14660,3664,3760,-995,49,-95,-14732,-3252,5324,-486,127,-152,0
3542.4447100162506,10700,5396,10568,-149,-29,101,10080,-8792,9196,-23,157,-144,-14664,3616,3716,-1012,105,-94,-14760,-3196,5244,-523,159,-124,0
3542.4807839393616,10688,5476,10376,-172,-71,105,10004,-8772,8800,3,127,-187,-14644,3624,3616,-1263,132,-105,-14700,-3244,5532,-493,185,-103,0
3542.517101049423,10692,5448,10648,-153,-82,90,10132,-8728,8716,-34,131,-197,-14720,3696,3816,-997,115,-136,-14860,-3268,5480,-481,159,-142,0
3542.552211046219,10696,5476,10424,-162,-67,84,10168,-8712,8828,-10,183,-177,-14656,3700,3620,-1033,71,-73,-15032,-3288,5472,-459,136,-148,0
3542.5881340503693,10652,5608,10644,-139,-47,90,10168,-8728,8904,-6,138,-178,-14748,3792,3656,-1029,130,-60,-14852,-3240,5444,-504,140,-155,0
3542.6236460208893,10712,5424,10740,-131,-70,98,10148,-8792,8896,3,117,-177,-14764,3716,3620,-1046,154,-114,-14868,-3232,5424,-513,134,-118,0
3542.6594409942627,10552,5512,10596,-156,-72,113,10172,-8688,8792,-83,127,-173,-14616,3596,3712,-1002,121,-49,-14840,-3244,5348,-471,99,-122,0
3542.6950619220734,10652,5488,10500,-148,-89,117,10160,-8716,8928,-78,112,-175,-14732,3716,3764,-1019,126,-128,-14844,-3176,5432,-497,127,-117,0
3542.7308099269867,10672,5400,10708,-146,-71,88,10112,-8728,8848,-9,97,-182,-14724,3700,3688,-1023,120,-63,-14792,-3196,5348,-512,148,-144,0
3542.766214132309,10632,5460,10592,-138,-78,108,10056,-8684,8724,-2,57,-161,-14716,3632,3628,-1021,146,-36,-14792,-3264,5332,-500,138,-161,0
3542.8021869659424,10688,5460,10544,-152,-73,123,10056,-8796,8780,-35,117,-181,-14604,3744,3652,-1014,97,-110,-14852,-3204,5452,-497,116,-133,0
3542.8374681472774,10680,5472,10584,-167,-84,105,10032,-8712,9180,-9,139,-173,-14720,3684,3644,-1030,141,-64,-14784,-3268,5164,-495,112,-124,0
3542.8733789920807,10704,5544,10600,-133,-53,99,10132,-8728,8776,-45,124,-174,-14768,3588,3660,-1006,131,-84,-14896,-3192,5488,-497,126,-127,0
3542.9143021106725,10616,5416,10628,-154,-64,101,10132,-8916,8820,-42,92,-168,-14716,3720,3664,-1018,71,-93,-14900,-3208,5440,-517,141,-114,0
3542.9505641460414,10664,5492,10516,-151,-46,109,10020,-8684,8900,29,185,-160,-14700,3772,3676,-1025,96,-127,-14760,-3272,5484,-487,119,-134,0
3542.984076023102,10620,5140,10680,-173,-81,86,10136,-8808,8776,1,109,-209,-14652,3764,3792,-1014,109,-113,-14824,-3260,5488,-456,154,-140,0
3543.0176429748535,10708,5532,10664,-161,-72,70,10140,-8504,8728,-25,136,-169,-14716,3700,3760,-968,74,-53,-14872,-3200,5624,-480,134,-118,0
3543.051257133484,10668,5364,10468,-145,-76,85,10232,-8836,8804,-57,119,-190,-14628,3824,3720,-976,26,-36,-14716,-3184,5372,-497,144,-152,0
3543.0848779678345,10544,5408,10668,-191,-118,106,10096,-8948,8832,-15,133,-162,-14680,3672,3656,-1005,25,-103,-14724,-3220,5472,-473,152,-129,0
3543.1184761524205,10584,5516,10616,-137,-72,103,10200,-8780,8784,-29,158,-178,-14756,3708,3652,-1004,48,-96,-14768,-3312,5412,-466,135,-129,0
3543.1518590450287,10608,5452,10572,-183,-131,75,10076,-8816,8804,-54,132,-200,-14676,3776,3724,-954,47,-92,-14880,-3156,5336,-468,147,-157,0
3543.1855750083923,10704,5512,10444,-140,-36,59,10124,-8740,8836,8,105,-177,-14660,3612,3596,-1018,110,-61,-14708,-3204,5556,-476,150,-140,0
3543.2192590236664,10680,5476,10540,-173,-29,97,10144,-8764,8824,-32,128,-169,-14680,3652,3832,-1039,69,-40,-14800,-3296,5124,-475,105,-136,0
3543.252902030945,10668,5460,10576,-152,-38,90,10096,-8752,8832,-39,141,-154,-14612,3664,3860,-1010,63,-49,-14624,-3268,5456,-473,116,-139,0
3543.2860479354854,10632,5456,10680,-171,-46,96,10160,-8764,8988,-29,139,-139,-14768,3736,3908,-997,74,-109,-14788,-3252,5444,-497,135,-120,0
3543.3196489810944,10908,5192,10668,-128,-77,110,10268,-8788,8924,-34,113,-155,-14748,3724,3724,-1016,84,-89,-14732,-3208,5148,-503,135,-131,0
3543.353124141693,10596,5512,10440,-179,-80,106,10164,-8640,8864,14,112,-172,-14620,3660,3676,-1027,98,-83,-14824,-3304,5352,-497,178,-123,0
3543.3865871429443,10600,5484,10612,-153,-37,111,10232,-8532,8812,-11,263,-107,-14700,3612,3716,-1055,108,-61,-14752,-3180,5368,-479,143,-159,0
3543.4203419685364,10620,5472,10548,-178,-60,126,10132,-8812,8792,-12,147,-192,-14664,3760,3620,-1013,108,-113,-14784,-3248,5380,-486,130,-151,0
3543.4538209438324,10616,5496,10588,-155,-48,97,10132,-8804,8804,-22,144,-178,-14804,3728,3696,-1028,132,-83,-14812,-3200,5464,-471,159,-109,0
3543.4873099327087,10680,5536,10520,-174,-60,111,10060,-8800,8952,-11,134,-181,-14704,3732,3988,-1049,134,-68,-14824,-3212,5396,-477,128,-112,0
3543.5207080841064,10536,5404,10488,-217,-35,108,10068,-8908,8768,-34,117,-180,-14732,3692,3808,-1018,147,-64,-14788,-3252,5348,-467,126,-126,0
3543.5542619228363,10616,5524,10548,-178,-54,106,10080,-8720,8764,-43,127,-195,-14652,3708,3604,-995,157,-96,-14696,-3208,5544,-492,161,-109,0
3543.587975025177,10664,5444,10732,-186,-42,92,10068,-8752,8904,-27,141,-173,-14804,3748,3812,-996,115,-123,-14768,-3140,5404,-491,143,-132,0
3543.6215710639954,10628,5460,10696,-191,-59,114,10152,-8728,8736,-26,146,-170,-14768,3660,3888,-1274,125,-97,-14800,-3248,5536,-480,165,-114,0
3543.6547861099243,10616,5516,10628,-202,-28,140,10124,-8808,8812,-33,149,-176,-14676,3716,3604,-1018,144,-64,-14780,-3244,5416,-482,143,-105,0
3543.6882939338684,10680,5492,10636,-201,-43,90,10036,-8796,8876,-35,148,-200,-14784,3628,3600,-999,133,-95,-14788,-3104,5552,-468,184,-58,0
3543.7217469215393,10596,5464,10592,-245,-51,122,10088,-8724,9156,-24,130,-203,-14684,3604,3672,-998,142,-112,-14768,-3312,5608,-493,173,-96,0
3543.7553889751434,10668,5472,10620,-221,-59,157,10032,-8700,8908,-47,121,-218,-14676,3744,4088,-1001,156,-130,-14812,-3216,5468,-493,158,-69,0
3543.7887849807735,10692,5480,10616,-246,-87,113,10088,-8768,8752,-56,131,-179,-14400,3644,3684,-990,114,-78,-14788,-3164,5440,-493,161,-89,0
3543.8221549987793,10668,5512,10420,-3,-68,123,10040,-8756,8748,-45,155,-205,-14600,3672,3836,-990,85,-97,-14900,-3220,5468,-487,169,-101,0
3543.8556540012364,10668,5428,10612,-8,-86,102,10096,-8936,8764,-55,140,-189,-14744,3760,4024,-930,72,-120,-14856,-3180,5468,-475,166,-91,0
3543.8890669345856,10616,5436,10608,-219,-73,116,10168,-8680,8624,-71,161,-179,-14596,3744,3628,-946,105,-117,-14732,-3148,5460,-478,138,-66,0
3543.9224829673767,10732,5624,10680,-281,-142,127,10052,-8820,8704,-94,172,-218,-14688,3732,3760,-975,51,-85,-14856,-3168,5456,-467,204,-94,0
3543.9590239524846,10632,5444,10660,-312,-126,133,10084,-8692,8836,-28,138,-197,-14692,3676,4056,-995,64,-113,-14736,-3276,5420,-477,191,-57,0
3543.9950940608974,10656,5476,10500,-197,-104,115,9996,-8724,8744,-84,180,-199,-14704,3764,3744,-969,54,-144,-15036,-3204,5380,-463,181,-113,0
3544.0308771133423,10724,5396,10668,-264,-174,123,10076,-8820,8808,-49,152,-217,-14812,3700,3420,-967,123,-102,-14784,-3240,5352,-439,200,-104,0
3544.0661981105804,10656,5380,10308,-229,-91,129,10116,-8716,8824,-25,130,-201,-14772,3800,3652,-1007,85,-92,-14812,-3200,5376,-498,129,-101,0
3544.1024301052094,10668,5360,10580,-260,-58,153,10172,-8484,8780,-36,136,-171,-14696,3676,3812,-990,83,-55,-14808,-3220,5352,-451,113,-94,0
3544.1382780075073,10688,5404,10692,-264,-113,124,10188,-8840,8824,-50,132,-179,-14628,3732,3768,-962,104,-49,-14768,-3176,5380,-489,137,-106,0
3544.1733939647675,10668,5416,10536,-216,-91,153,10180,-8764,9012,-64,86,-191,-14752,3672,3604,-987,98,-106,-14764,-3144,5360,-506,161,-83,0
3544.2082691192627,10616,5468,10548,-4,-138,140,10064,-8528,8844,22,94,-193,-14616,3764,3732,-1011,101,-88,-14828,-3172,5164,-486,188,-74,0
3544.2443799972534,10704,5140,10824,-194,-124,152,10040,-8960,8776,-28,93,-215,-14768,3668,3700,-1007,135,-145,-14768,-3204,5444,-483,167,-100,0
3544.280274152756,10484,5488,10684,-251,-150,130,10052,-8852,8852,-14,139,-224,-14724,3660,3624,-778,137,-81,-14808,-3220,5540,-489,159,-78,0
3544.3156981468205,10696,5284,10576,-223,-87,120,10132,-8744,8796,-46,128,-200,-14820,3676,3700,-995,122,-90,-14972,-3164,5436,-495,168,-95,0
3544.3514101505284,10680,5392,10608,-209,-116,125,10088,-8504,8804,-26,118,-198,-14676,3668,3432,-1016,158,-87,-14720,-3200,5424,-487,113,-75,0
3544.386120080948,10596,5404,10620,-205,-130,141,10196,-8672,8904,-31,81,-201,-14628,3620,3756,-1009,159,-144,-14772,-3276,5248,-486,152,-74,0
3544.421910047531,10688,5400,10500,-221,-137,142,10148,-8732,8956,-17,138,-194,-14668,3756,3608,-999,146,-93,-14772,-3148,5292,-479,150,-118,0
3544.4574439525604,10684,5392,10520,-206,-123,129,10156,-8748,8836,-64,85,-207,-14684,3620,3556,-1021,163,-64,-15048,-3148,5384,-490,143,-121,0
3544.493859052658,10624,5396,10608,-195,-129,127,10156,-8744,8808,-18,108,-193,-14708,3604,3644,-777,130,-103,-14784,-3312,5432,-482,171,-119,0
3544.5291831493378,10700,5372,10600,-184,-106,138,10048,-8848,8708,-16,139,-210,-14724,3684,3600,-1023,128,-107,-14836,-3216,5564,-510,149,-149,0
3544.564477920532,10652,5332,10616,-179,-144,126,10008,-8800,8800,-41,90,-203,-14756,3592,3368,-1034,113,-89,-14768,-3212,5420,-507,147,-118,0
3544.602368116379,10724,5428,10496,-181,-142,109,10088,-8752,8828,-42,113,-175,-14764,3624,3604,-994,136,-124,-14800,-3236,5340,-494,149,-105,0
3544.6357889175415,10660,5332,10584,-205,-104,138,10072,-8672,8744,-37,121,-201,-14808,3828,3684,-975,134,-66,-14768,-3300,5420,-465,137,-67,0
3544.6693539619446,10776,5136,10408,-158,-91,107,10144,-8740,8580,-75,145,-168,-14776,3652,3792,-991,105,-46,-14824,-3256,5412,-500,150,-137,0
3544.7026031017303,10692,5360,10608,-165,-77,100,10336,-8656,8860,-28,126,-183,-14684,3624,3628,-1015,34,-103,-14888,-3172,5292,-489,136,-132,0
3544.7361850738525,10676,5436,10544,-160,-25,81,10116,-8688,8652,255,154,-172,-14592,3684,3636,-1023,70,-111,-14728,-3212,5404,-449,136,-134,0
3544.7696580886845,10672,5380,10716,-150,-26,98,10120,-8956,8784,-66,140,-158,-14828,3692,3800,-998,60,-93,-14820,-3176,5396,-468,170,-140,0
3544.802947998047,10756,5332,10636,-150,-96,59,10184,-8700,8668,-36,114,-196,-14756,3680,3516,-989,44,-75,-14908,-3148,5388,-463,190,-117,0
3544.836627960205,10660,5348,10472,-168,-48,132,10164,-8844,8800,-41,167,-140,-14724,3644,3712,-986,74,-50,-14812,-3168,5472,-452,132,-114,0
3544.87020611763,10600,5320,10260,-161,-16,112,10140,-8804,8812,-10,163,-147,-14752,3576,3852,-988,25,-85,-14800,-3176,5148,-448,119,-115,0
3544.903669118881,10584,5180,10344,-181,18,81,10104,-8672,8860,-47,167,-152,-14712,3664,3652,-973,69,-52,-14800,-3228,5200,-465,108,-137,0
3544.9373400211334,10684,5604,10296,-129,-4,70,10224,-8724,8880,-47,185,-165,-14692,3740,3624,-993,69,-60,-14600,-3056,5168,-473,161,-138,0
3544.970747947693,10692,5312,10532,-122,-35,83,10148,-8736,8708,-14,115,-194,-14644,3664,3776,-1043,94,-105,-14804,-3196,5316,-465,180,-114,0
3545.0039350986485,10564,5416,10328,-140,-51,80,10108,-8784,8732,-2,130,-182,-14684,3712,3724,-1022,91,-128,-14760,-3288,5572,-481,169,-114,0
3545.037523984909,10680,5400,10540,-126,-72,98,10100,-8820,8780,-24,125,-223,-14676,3728,3728,-1004,125,-108,-14824,-3180,5552,-466,154,-131,0
3545.0710949897766,10688,5448,10592,-140,-40,80,10136,-8824,8796,-37,160,-181,-14736,3704,3784,-984,81,-53,-15104,-3260,5144,-468,121,-144,0
3545.104385137558,10716,5616,10580,-122,-41,78,10136,-8736,8744,-5,136,-196,-14740,3708,3588,-1019,90,-53,-14752,-3112,5312,-487,140,-115,0
3545.137635946274,10668,5416,10592,-135,-27,96,10032,-8740,8892,-30,123,-154,-14720,3612,3744,-1001,76,-88,-14768,-3160,5420,-482,147,-141,0
3545.171396970749,10656,5160,10696,-151,-66,83,10152,-8756,9028,-65,121,-187,-14712,3676,3860,-993,81,-81,-14836,-3268,5368,-473,130,-114,0
3545.204875946045,10572,5400,10588,-158,-60,80,10200,-8752,8772,-59,142,-218,-14628,3712,3756,-1018,83,-44,-14840,-3256,5444,-472,135,-139,0
3545.238477945328,10732,5436,10552,-174,-48,99,10108,-8796,8800,-17,162,-158,-14764,3716,3624,-1028,73,-49,-14840,-3200,5320,-485,142,-123,0
3545.271947145462,10616,5416,10656,-160,-26,104,10104,-8816,8868,-21,119,-173,-14636,3764,3812,-1259,108,-68,-14780,-3188,5316,-487,134,-125,0
3545.3053190708165,10752,5620,10516,-141,-40,117,10180,-8912,8520,-35,143,-165,-14680,3692,3788,-1042,101,-99,-14972,-3220,5344,-445,160,-125,0
3545.3388431072235,10516,5412,10524,-132,-48,106,10144,-8752,8928,-17,150,-149,-14748,3692,3740,-1042,102,-37,-14600,-3196,5464,-494,108,-157,0
3545.37255191803,10652,5444,10608,-143,-32,89,10128,-8804,8772,-30,134,-169,-14740,3720,3624,-1047,111,-34,-15092,-3296,5568,-257,121,-165,0
3545.4056560993195,10708,5476,10644,-127,-11,99,10096,-8736,8756,-43,99,-196,-14748,3760,3852,-1004,115,-83,-14816,-3232,5440,-493,114,-147,0
3545.4391980171204,10544,5500,10720,-152,-77,102,10124,-8808,8772,-43,102,-170,-14740,3736,3376,-1006,116,-111,-14880,-3188,5372,-516,133,-133,0
3545.472664117813,10780,5216,10704,-162,-43,77,10128,-8864,8868,-42,164,-163,-14744,3676,3608,-1029,89,-70,-14840,-3252,5440,-491,117,-150,0
3545.5057921409607,10552,5568,10292,-134,-10,107,10088,-8456,8840,-46,146,-173,-14680,3708,3700,-1027,104,-80,-14828,-3232,5284,-491,137,-170,0
3545.5394430160522,10628,5452,10724,-137,-105,69,10132,-8796,8892,-57,133,-196,-14724,3820,3668,-995,48,-104,-15060,-3196,5424,-489,148,-150,0
3545.572904109955,10680,5416,10736,-135,-51,79,10100,-8708,8924,-24,115,-198,-14792,3760,3784,-1003,107,-68,-14812,-3264,5388,-486,116,-136,0
3545.606029033661,10612,5452,10520,-118,-25,118,10116,-8764,8740,-2,132,-170,-14684,3712,3772,-771,71,-51,-14796,-3140,5328,-493,111,-161,0
3545.6428360939026,10740,5452,10872,-170,-27,110,10204,-8704,8764,-18,199,-100,-14704,3688,3808,-1012,56,-65,-14732,-3288,5144,-481,75,-148,0
3545.6780290603638,10664,5460,10648,-181,-39,96,10092,-8804,8788,-58,177,-151,-14732,3752,3800,-1003,78,-39,-14824,-3124,5444,-502,104,-161,0
3545.7136631011963,10656,5436,10568,-119,-62,110,10128,-8824,8852,-43,119,-169,-14736,3688,3772,-981,81,-82,-14812,-3192,5552,-759,139,-133,0
3545.749629020691,10524,5484,10764,-152,-94,100,10024,-8460,8848,7,120,-190,-14668,3664,3660,-1036,112,-91,-14712,-3284,5296,-478,140,-120,0
3545.7847380638123,10640,5412,10548,-154,-68,90,10032,-8816,8896,-17,119,-197,-14756,3704,3808,-1005,70,-89,-14684,-3292,5448,-457,184,-118,0
3545.8204181194305,10628,5472,10576,-167,-103,97,10064,-8788,8736,-18,127,-183,-14760,3704,3756,-986,107,-93,-14808,-3216,5460,-458,132,-142,0
3545.855500936508,10668,5144,10284,-138,-120,89,10092,-8736,8852,-10,146,-198,-14684,3780,3724,-771,85,-65,-14848,-3264,5400,-464,160,-127,0
3545.8913791179657,10600,5440,10488,-155,-98,95,10148,-8928,8928,252,135,-145,-14720,3716,3620,-1002,66,-59,-14852,-3252,5120,-482,144,-127,0
3545.9273409843445,10624,5440,10588,-180,-85,84,10140,-8724,8920,-26,128,-169,-14772,3672,3664,-1010,79,-89,-14768,-3192,5428,-468,127,-143,0
3545.9626030921936,10792,5456,10448,-171,-106,86,10080,-8748,8908,-32,130,-202,-14744,3732,3684,-1000,88,-111,-14800,-3096,5456,-483,125,-86,0
3545.998628139496,10656,5560,10384,-142,-53,115,10120,-8756,8800,-30,127,-153,-14784,3696,3752,-992,95,-77,-14776,-3220,5316,-504,148,-136,0
3546.0342519283295,10640,5436,10520,-153,-80,100,10144,-8772,8812,-13,130,-161,-14768,3640,3856,-1015,88,-38,-14836,-3256,5408,-484,121,-105,0
3546.0698421001434,10580,5460,10544,-168,-66,101,10160,-8752,8820,254,110,-173,-14764,3636,3596,-1016,113,-109,-14868,-3192,5396,-486,144,-151,0
3546.1050820350647,10648,5388,10588,-152,-77,129,10120,-8824,8664,-31,112,-190,-14688,3716,3716,-1051,69,-73,-15076,-3268,5132,-468,137,-143,0
3546.1402990818024,10624,5428,10536,-143,-74,113,10180,-8776,8776,-47,132,-169,-14744,3768,3796,-997,106,-88,-14800,-3260,5348,-501,139,-145,0
3546.175523042679,10728,5520,10280,-144,-82,110,10116,-8752,8728,-46,133,-159,-14616,3652,3796,-1017,94,-39,-14640,-3160,5204,-505,130,-155,0
3546.2114019393925,10604,5388,10596,-153,-73,106,10144,-8692,8932,-8,134,-164,-14684,3800,3608,-1020,114,-71,-15084,-3104,5192,-508,128,-139,0
3546.2471871376038,10648,5532,10496,-182,-75,97,10024,-8840,8736,-28,120,-188,-14652,3708,3712,-992,108,-47,-14688,-3352,5356,-463,180,-108,0
3546.283844947815,10752,5556,10376,-152,-78,112,10172,-8704,8804,-46,133,-168,-14608,3388,3744,-1009,84,-101,-14760,-3300,5648,-484,132,-124,0
3546.3173959255214,10652,5536,10556,-167,-99,105,10108,-8852,8828,-17,149,-168,-14644,3628,3700,-1279,101,-105,-14704,-3196,5452,-497,141,-120,0
3546.3506960868835,10612,5528,10636,-209,-59,121,10140,-8668,8768,-19,150,-150,-14704,3772,3872,-1066,138,-83,-14756,-3316,5420,-478,137,-90,0
3546.3841331005096,10600,5488,10600,-179,-79,117,10200,-8796,8848,-45,150,-188,-14732,3580,3728,-1032,92,-73,-14776,-3356,5280,-481,146,-123,0
3546.417732000351,10644,5448,10504,-190,-97,96,10144,-8512,8816,-46,134,-192,-14704,3716,3748,-963,97,-113,-14812,-3268,5440,-471,121,-136,0
3546.4513499736786,10716,5424,10684,-172,-4,123,10080,-8756,8840,14,121,-156,-14708,3700,3756,-1039,128,-76,-14764,-3284,5624,-490,142,-102,0
3546.484689950943,10608,5480,10524,-201,-10,126,10152,-8692,8828,-55,128,-154,-14648,3644,3868,-1040,114,-78,-14784,-3208,5412,-488,117,-119,0
3546.520071029663,10504,5428,10632,-246,-7,101,10140,-8696,8888,-34,175,-175,-14800,3740,3764,-979,111,-50,-14776,-3292,5444,-461,121,-94,0
3546.5548069477086,10604,5464,10544,-240,-19,116,10120,-8840,8724,-67,127,-179,-14784,3752,3704,-1013,125,-70,-14708,-3136,5396,-477,147,-39,0
3546.5884010791774,10588,5436,10736,-214,-55,126,10148,-8740,8836,-38,148,-186,-14692,3740,3808,-1020,137,-144,-14740,-3192,5372,-482,197,-79,0
3546.621870994568,10360,5496,10464,-263,-82,126,10120,-8820,8788,-22,137,-220,-14632,3796,3700,-1005,154,-153,-14784,-3204,5536,-466,216,-60,0
3546.6551210880284,10728,5484,10340,-248,-96,126,10004,-8744,8820,-53,119,-203,-14748,3728,3584,-985,131,-124,-14756,-3312,5392,-488,206,-33,0
3546.6886301040654,10536,5480,10272,-263,-45,123,10200,-8760,8832,-41,156,-198,-14676,3652,3696,-970,153,-117,-15044,-3208,5308,-473,150,-90,0
3546.722156047821,10608,5484,10596,-247,-54,120,10176,-8788,8756,-36,178,-203,-14712,3740,3740,-1020,119,-130,-14800,-3272,5408,-466,205,-102,0
3546.7558450698853,10676,5624,10500,-263,-68,135,10120,-8812,8768,-40,151,-168,-14776,3748,3572,-984,106,-126,-14804,-3104,5504,-458,174,-85,0
3546.7893171310425,10588,5476,10776,-291,-88,127,10016,-8736,8740,-76,144,-227,-14756,3804,3684,-982,127,-102,-15064,-3220,5148,-448,175,-79,0
3546.822884082794,10764,5484,10972,-259,-106,103,10164,-8772,8760,-60,142,-230,-14680,3748,3744,-971,114,-129,-14812,-3120,5300,-479,196,-103,0
3546.8561620712285,10560,5440,10644,-247,-131,129,10080,-8668,8816,-38,151,-197,-14600,3684,3616,-997,111,-137,-14844,-3256,5424,-489,193,-63,0
3546.8896040916443,10648,5476,10260,-246,-101,133,10052,-8732,8704,-48,139,-208,-14820,3620,3784,-1274,92,-126,-14724,-3220,5304,-459,183,-63,0
3546.9230959415436,10648,5384,10516,-240,-103,133,10140,-8768,8796,-28,159,-207,-14856,3688,3724,-1007,115,-104,-14964,-3204,5580,-478,187,-56,0
3546.9568641185765,10640,5468,10512,-260,-114,150,10084,-8880,8816,-36,142,-197,-14700,3716,3668,-980,83,-95,-14596,-3200,5456,-490,188,-99,0
3546.990257024765,10624,5428,10648,-235,-119,157,10120,-8760,8752,-25,124,-200,-14660,3732,3776,-979,89,-73,-14632,-3280,5276,-476,180,-84,0
3547.023749113083,10580,5488,10444,-221,-137,127,10020,-8804,8776,-42,110,-194,-14692,3668,3668,-986,87,-76,-14812,-3104,5356,-486,135,-101,0
3547.0574629306793,10620,5368,10512,-228,-120,162,10092,-8796,8744,-38,126,-208,-14752,3684,3820,-984,109,-111,-14796,-3228,5364,-472,185,-88,0
3547.0907969474792,10632,5472,10508,-232,-128,134,10068,-8740,8884,-31,137,-179,-14716,3716,3744,-986,116,-123,-14856,-3236,5380,-481,177,-84,0
3547.1244699954987,10672,5356,10620,-221,-103,145,10200,-8708,8824,-44,117,-217,-14672,3728,3536,-989,118,-69,-14744,-3192,5356,-481,150,-79,0
3547.157949924469,10700,5360,10656,-251,-125,143,10412,-8792,8760,-36,144,-188,-14688,3604,3584,-984,101,-97,-14736,-3128,5404,-490,147,-120,0
3547.1913940906525,10672,5404,10540,-289,-138,143,10140,-8944,8488,249,187,-178,-14740,3764,3424,-1015,99,-109,-15048,-3180,5156,-481,172,-78,0
3547.224709033966,10632,5440,10620,-216,-106,108,10184,-8728,8832,-62,137,-208,-14748,3684,3728,-1001,111,-124,-14792,-3244,5388,-485,169,-102,0
3547.2584359645844,10940,5604,10528,-240,-174,136,10128,-8760,8956,12,62,-247,-14644,3680,3548,-1014,136,-120,-14952,-3180,5452,-501,203,-75,0
3547.291902065277,10640,5372,10624,-210,-99,150,10448,-8876,8816,-7,100,-192,-14764,3756,3344,-1045,144,-52,-14596,-3220,5284,-257,104,-106,0
3547.3288259506226,10652,5528,10464,-241,-83,149,10144,-8728,8508,-38,97,-169,-14784,3644,3564,-1027,90,-93,-14764,-3180,5416,-498,98,-117,0
3547.363923072815,10744,5528,10572,-212,-79,115,10000,-8884,8924,-39,141,-155,-14620,3712,3800,-1021,106,-59,-14680,-3180,5592,-498,118,-126,0
3547.3994691371918,10676,5372,10584,-183,-75,105,10132,-8740,8796,-48,142,-179,-14720,3732,3668,-986,130,-113,-14652,-3208,5260,-520,152,-100,0
3547.4347009658813,10584,5348,10636,-186,-147,116,10152,-8680,8728,-44,110,-249,-14684,3628,3744,-999,175,-94,-14780,-3172,5428,-768,185,-124,0
3547.470194101333,10632,5120,10744,-162,-83,81,10168,-8756,8920,-36,102,-205,-14668,3620,3584,-1044,136,-133,-14828,-3276,5312,-265,168,-84,0
3547.505630016327,10608,5412,10604,-161,-139,107,10112,-8804,8872,-37,137,-215,-14628,3632,3744,-1020,94,-72,-14856,-3092,5388,-506,130,-147,0
3547.54092001915,10504,5356,10340,-166,-47,74,10104,-8792,8816,-43,140,-182,-14868,3716,3680,-991,121,-88,-14976,-3320,5568,-517,104,-142,0
3547.576097011566,10696,5356,10496,-160,-44,100,10128,-8712,8656,-10,115,-185,-14716,3668,3808,-1035,154,-86,-14772,-3204,5388,-488,128,-131,0
3547.61244392395,10672,5380,10700,-155,-60,120,10116,-8512,8812,-56,139,-190,-14740,3636,3756,-1044,81,-78,-14820,-3268,5460,-505,154,-131,0
3547.6481361389165,10664,5392,10692,-140,-96,92,10160,-8764,8736,-36,164,-190,-14680,3716,3660,-1005,67,-84,-14808,-3152,5372,-493,143,-121,0
3547.683177947998,10716,5396,10728,-137,-48,78,10440,-8796,8876,-22,121,-191,-14712,3340,3640,-1004,88,-103,-14820,-3204,5476,-486,161,-125,0
3547.7191619873047,10680,5416,10600,-160,-41,98,10184,-8472,8820,-46,115,-177,-14664,3680,3644,-1042,94,-84,-14844,-3240,5564,-466,138,-122,0
3547.7545800209045,10668,5456,10264,-136,-89,95,10124,-8812,8488,-54,147,-186,-14808,3696,3748,-1040,93,-62,-14856,-3164,5392,-475,142,-129,0
3547.790266990661,10644,5568,10532,-138,-66,109,10168,-8744,8816,-23,145,-173,-14684,3732,3724,-1000,84,-117,-14772,-3160,5448,-478,164,-123,0
3547.8256599903107,10640,5376,10648,-154,-45,82,10132,-8800,8832,-38,162,-190,-14664,3744,3688,-1002,73,-89,-14820,-3208,5444,-498,166,-126,0
3547.8617050647736,11004,5624,10576,-149,-50,112,10052,-8684,8760,-46,154,-167,-14744,3740,3836,-994,65,-118,-14760,-3212,5600,-460,141,-111,0
3547.897145986557,10516,5624,10684,-148,-83,122,10108,-8760,8844,-46,140,-198,-14704,3664,3636,-1005,56,-66,-14872,-3280,5372,-499,130,-137,0
3547.9376161098485,10760,5368,10612,-181,-46,93,10104,-8728,8828,-21,158,-164,-14672,3652,3784,-1020,73,-109,-14852,-3216,5268,-466,120,-143,0
3547.9743621349335,10656,5452,10416,-137,-62,96,10164,-8824,8800,-53,140,-169,-14724,3708,3732,-1005,51,-64,-14824,-3180,5620,-475,158,-156,0
3548.0080020427704,10644,5364,10724,-164,-77,82,10108,-8852,8760,-22,132,-175,-14652,3784,3724,-989,83,-30,-14612,-3200,5560,-480,181,-130,0
3548.0417461395264,10644,5424,10280,-155,-55,108,10200,-8876,8744,-20,141,-170,-14676,3672,3616,-1002,128,-53,-14788,-3172,5500,-485,130,-126,0
3548.0753779411316,10716,5256,10312,-151,-41,112,10152,-8756,8696,-17,142,-153,-14712,3836,3776,-1279,40,-24,-14856,-3276,5484,-442,144,-150,0
3548.1087050437927,10624,5500,10504,-187,-34,89,10108,-8936,8888,-21,188,-155,-14744,3684,3700,-995,35,-62,-14600,-3184,5356,-442,106,-154,0
3548.1419439315796,10736,5380,10576,-157,-45,99,10072,-8720,8864,-52,132,-147,-14756,3668,3780,-995,101,-54,-14624,-3208,5320,-500,131,-102,0
3548.175472021103,10808,5408,10716,-97,-53,88,10220,-8872,8860,-12,128,-181,-14748,3764,3724,-1075,132,-54,-14808,-3196,5468,-475,128,-124,0
3548.2089869976044,10628,5320,10684,-159,-72,107,10056,-8652,8856,-19,108,-195,-14676,3656,3700,-1049,161,-126,-14804,-3284,5508,-510,159,-127,0
3548.242588996887,10692,5424,10296,-111,-91,92,9988,-8804,8824,-17,239,-146,-14816,3704,3876,-1031,110,-110,-14800,-3216,5248,-487,141,-145,0
3548.2759709358215,10696,5540,10364,-187,-34,71,10120,-8744,8832,-5,126,-174,-14856,3692,3624,-988,81,-94,-14916,-3136,5368,-497,123,-140,0
3548.30957698822,10652,5164,10572,-139,-77,101,10124,-8752,8808,-14,150,-172,-14616,3700,3700,-1045,146,-56,-14776,-3320,5300,-482,97,-152,0
3548.342971086502,10936,5140,10560,-158,-53,111,10120,-8784,8824,-28,116,-186,-14744,3680,3776,-993,106,-63,-14776,-3256,5536,-499,132,-128,0
3548.3766469955444,10672,5492,10604,-145,-70,124,10120,-8816,8948,-50,127,-184,-14716,3728,3592,-986,143,-86,-14748,-3320,5504,-500,137,-151,0
3548.410192012787,10580,5424,10436,-164,-92,89,10168,-8808,8816,-12,134,-177,-14764,3716,3812,-1011,89,-122,-15088,-3196,5436,-481,162,-160,0
3548.4438960552216,10808,5472,10660,-163,-102,106,10164,-8824,9148,-20,120,-182,-14700,3664,3764,-1015,110,-92,-14792,-3248,5384,-500,119,-176,0
3548.4774229526524,10740,5512,10612,-139,-82,89,10184,-8740,8776,-24,135,-174,-14756,3692,3588,-1037,128,-78,-14788,-3280,5424,-483,144,-137,0
3548.511080980301,10720,5468,10648,-140,-77,85,10208,-8804,8728,-20,101,-195,-14680,3716,3708,-1020,96,-59,-14792,-3272,5528,-495,126,-125,0
3548.5444600582123,10604,5408,10572,-151,-43,119,10152,-8700,8876,-44,142,-175,-14704,3616,3776,-1016,114,-96,-14596,-3228,5236,-469,107,-135,0
3548.578108072281,10644,5376,10592,-133,-63,127,10156,-8876,8928,3,127,-161,-14812,3688,3732,-1023,99,-152,-14596,-3252,5356,-474,153,-118,0
3548.6119370460506,10520,5500,10440,-149,-46,96,10116,-8732,8796,-6,119,-164,-14692,3744,3616,-1006,94,-76,-15068,-3356,5356,-488,132,-152,0
3548.6452231407166,10588,5392,10564,-146,-77,76,10124,-8796,9112,15,162,-201,-14720,3700,3916,-1001,63,-79,-14772,-3344,5352,-482,124,-140,0
3548.6789281368256,10592,5464,10604,-117,-43,102,10112,-8708,8804,-50,125,-165,-14736,3692,3936,-1006,52,-55,-14856,-3288,5428,-481,137,-124,0
3548.7124509811406,10708,5404,10576,-179,-94,81,10124,-8732,8780,-43,159,-183,-14724,3868,3608,-1273,29,-87,-14664,-3296,5460,-502,137,-126,0
3548.7461330890656,10620,5444,10748,-189,-74,109,10112,-8692,8712,-20,146,-175,-14644,3760,3656,-1005,79,-91,-14688,-3260,5212,-479,160,-97,0
3548.7796959877014,10628,5528,10728,-154,-67,100,9972,-8768,8820,-37,201,-181,-14728,3700,4052,-1016,73,-78,-14600,-3308,5448,-446,137,-131,0
3548.8133659362793,10656,5376,10664,-170,-105,84,10124,-8820,8908,-42,186,-216,-14672,3692,3720,-978,48,-93,-14824,-3156,5408,-476,181,-137,0
3548.84703707695,10612,5516,10368,-160,-44,112,10092,-8668,8860,255,129,-169,-14736,3816,3628,-1005,106,-65,-14768,-3176,5472,-448,116,-107,0
3548.8804121017456,10644,5460,10592,-150,-67,104,10084,-8504,8872,-254,120,-131,-14752,3724,3608,-1010,38,-55,-14824,-3272,5348,-477,98,-142,0
3548.9137721061707,10700,5512,10640,-175,-28,73,10176,-8752,8652,-46,220,-137,-14672,3700,3636,-971,61,-80,-14784,-3196,5172,-445,91,-131,0
3548.9475190639496,10664,5496,10448,-175,-46,95,10164,-8864,8836,-50,146,-163,-14696,3744,3516,-976,57,-76,-14820,-3252,5304,-486,124,-152,0
3548.9809579849243,10696,5452,10612,-144,-75,83,10232,-8708,8784,-1,133,-183,-14448,3764,3732,-1020,94,-94,-14816,-3204,5544,-477,180,-108,0
3549.019550085068,10600,5500,10508,-144,-65,93,10000,-8924,8700,30,109,-196,-14604,3772,3672,-1029,98,-92,-14708,-3312,5628,-476,160,-120,0
3549.0549850463867,10540,5472,10780,-154,-114,124,10132,-8812,8848,-14,129,-195,-14772,3680,3820,-986,88,-54,-14728,-3260,5464,-466,168,-119,0
3549.0907840728764,10656,5488,10536,-150,-31,83,9980,-8780,8884,2,196,-182,-14732,3660,3756,-1005,70,-86,-14740,-3488,5520,-486,120,-139,0
3549.126207113266,10580,5532,10604,-146,-60,85,10144,-8700,8796,-3,148,-177,-14796,3708,3752,-776,105,-65,-14720,-3220,5260,-485,143,-115,0
3549.1622121334076,10772,5492,10532,-178,-39,122,10080,-8708,8812,-26,132,-162,-14672,3736,3828,-994,102,-96,-14732,-3188,5436,-503,124,-128,0
3549.1976130008698,10632,5456,10524,-176,-87,107,10044,-8796,8832,-50,94,-206,-14588,3612,3940,-974,119,-58,-14784,-3220,5432,-485,132,-150,0
3549.2323241233826,10656,5460,10628,-159,-83,83,10148,-8792,8840,-52,141,-192,-14768,3732,3596,-1000,107,-101,-14848,-3180,5428,-486,164,-150,0
3549.2680950164795,10616,5444,10396,-177,-87,109,10144,-8812,8704,-8,127,-195,-14696,3668,3772,-1055,94,-63,-14800,-3264,5492,-492,168,-122,0
3549.3028891086574,10680,5464,10620,-173,-71,124,10028,-8708,8748,-253,120,-168,-14600,3600,3772,-769,132,-105,-14828,-3236,5492,-503,136,-123,0
3549.3381929397583,10620,5428,10520,-177,-70,89,10144,-8780,9012,-12,150,-191,-14656,3768,3908,-1053,153,-63,-14816,-3300,5492,-501,127,-124,0
3549.373980998993,10636,5456,10504,-170,-66,113,10116,-8776,8948,-34,104,-151,-14716,3688,3876,-769,135,-124,-14800,-3260,5392,-759,96,-135,0
3549.409740924835,10668,5504,10296,-172,-85,102,10044,-8760,8900,-34,119,-181,-14600,3712,3724,-1046,158,-79,-14724,-3252,5516,-454,137,-115,0
3549.4450540542603,10632,5488,10576,-216,-58,119,10124,-8808,8780,-30,148,-182,-14740,3744,3748,-1275,96,-157,-14812,-3216,5204,-492,149,-83,0
3549.4808189868927,10668,5548,10600,-207,-35,96,10228,-8780,8932,-19,112,-169,-14692,3660,3856,-1280,117,-49,-14804,-3176,5512,-477,146,-100,0
3549.5171301364894,10660,5460,10648,-216,-33,120,10140,-8752,8764,-14,133,-192,-14756,3692,3748,-1018,133,-78,-14784,-3276,5472,-474,180,-103,0
3549.5522551536565,10608,5528,10584,-202,-57,96,10076,-8744,8836,-49,144,-209,-14628,3872,3992,-1018,90,-107,-14740,-3232,5552,-470,167,-98,0
3549.5880899429326,10720,5520,10636,-217,-26,90,10104,-8516,8856,-55,134,-190,-14752,3776,3692,-990,139,-58,-15076,-3248,5408,-475,172,-85,0
3549.623404979706,10928,5400,10560,-228,-54,122,10064,-8832,8948,-37,149,-198,-14708,3692,3860,-1006,87,-46,-14768,-3236,5412,-489,170,-83,0
3549.65971493721,10592,5524,10596,-290,-64,129,10044,-8800,8828,-24,137,-169,-14628,3792,3704,-999,144,-112,-14912,-3212,5524,-492,151,-69,0
3549.6931240558624,10612,5556,10636,-215,-9,104,10172,-8840,8844,-127,133,-215,-14844,3592,3716,-1033,102,-112,-14832,-3236,5440,-488,140,-100,0
3549.7267510890965,10608,5392,10476,-253,-88,112,10104,-8840,8484,-33,121,-223,-14744,3732,3600,-977,114,-132,-14808,-3208,5556,-496,186,-102,0
3549.7603011131287,10628,5460,10592,-230,-37,132,10248,-8668,8748,-41,101,-175,-14704,3736,3592,-1275,158,-63,-14796,-3244,5132,-483,174,-84,0
3549.7936549186707,10652,5468,10524,-239,-64,109,10172,-8708,8880,-44,131,-187,-14728,3628,3728,-995,121,-74,-14772,-3276,5500,-478,123,-90,0
3549.826941013336,10688,5436,10844,-283,-56,108,10136,-8740,8828,-62,198,-194,-14828,3672,3640,-980,116,-126,-14776,-3252,5400,-464,140,-90,0
3549.8605790138245,10632,5420,10676,-278,-44,96,10092,-8744,8900,-44,152,-182,-14756,3752,3820,-994,101,-107,-14848,-3092,5400,-504,142,-95,0
3549.8937721252446,10616,5524,10528,-215,-91,127,10024,-8700,8760,-46,103,-189,-14696,3764,3740,-982,125,-82,-14688,-3248,5600,-488,203,-47,0
3549.9272429943085,10560,5616,10580,-263,-93,150,10096,-8708,8684,4,148,-212,-14724,3740,3596,-1020,144,-104,-14768,-3240,5160,-448,175,-52,0
3549.960956096649,10728,5452,10712,-2,-91,153,10372,-8808,8768,-41,131,-211,-14780,3596,3560,-1010,111,-130,-14780,-3144,5516,-460,198,-92,0
3549.994307041168,10544,5384,10408,-269,-104,131,10164,-8780,8784,-41,152,-223,-14716,3672,3636,-1000,74,-124,-14616,-3228,5448,-476,187,-88,0
3550.028002023697,10624,5484,10684,-231,-102,123,10132,-8820,8892,-40,157,-190,-14712,3748,3764,-975,84,-117,-14864,-3132,5540,-492,166,-92,0
3550.061622142792,10744,5424,10572,-240,-107,126,10200,-8700,8764,-68,145,-188,-14644,3616,3692,-984,54,-86,-14800,-3268,5436,-437,162,-61,0
3550.0950319767,10688,5488,10728,-259,-142,134,10068,-8816,8764,-75,155,-208,-14624,3336,3808,-947,90,-92,-14744,-3228,5424,-478,179,-77,0
3550.128690958023,10588,5372,10760,-264,-123,133,10172,-8820,8956,-34,124,-200,-14724,3732,3604,-957,92,-112,-14888,-3200,5408,-485,174,-87,0
3550.162060022354,10712,5456,10636,-4,-129,112,10068,-8744,8692,-38,128,-206,-14760,3600,3660,-975,127,-116,-14820,-3224,5604,-465,185,-69,0
3550.1955649852753,10688,5400,10644,-237,-114,145,10132,-8760,8672,-10,150,-205,-14848,3712,3616,-1001,110,-111,-14608,-3092,5412,-474,186,-66,0
3550.2291059494014,10648,5360,10568,-233,-125,134,10076,-8920,8784,-10,125,-182,-14748,3776,3680,-1002,103,-67,-14808,-3136,5176,-484,185,-94,0
3550.262552022934,10680,5400,10260,-234,-116,155,10212,-8724,8736,-33,156,-200,-14628,3652,3624,-1006,137,-113,-14832,-3204,5380,-500,173,-105,0
3550.2958929538727,10688,5356,10540,-212,-112,132,10156,-8672,8696,-34,100,-195,-14796,3732,3816,-1006,104,-117,-14844,-3272,5396,-479,156,-94,0
3550.3292760849,10716,5400,10540,-206,-99,144,10448,-8752,8744,-24,103,-176,-14744,3708,3716,-993,70,-106,-14832,-3144,5420,-499,167,-84,0
3550.363177061081,10612,5428,10568,-228,-135,146,10180,-8740,8836,-30,120,-190,-14620,3744,3772,-984,97,-74,-14828,-3260,5356,-502,173,-93,0
3550.3966219425206,10652,5492,10476,-196,-53,119,10140,-8792,8808,-58,102,-184,-14708,3748,3656,-1001,147,-42,-14908,-3180,5384,-466,129,-93,0
3550.4300069808965,10720,5576,10484,-224,-114,122,10124,-8756,8736,-25,127,-204,-14736,3712,3820,-1015,68,-101,-14888,-3084,5396,-768,161,-121,0
3550.4636490345006,10644,5428,10584,-249,-101,113,10104,-8764,8856,16,132,-200,-14624,3644,3664,-1271,83,-119,-14772,-3072,5140,-501,154,-111,0
3550.497205018997,10640,5400,10564,-193,-84,106,10112,-8764,8784,-66,150,-202,-14760,3688,3728,-1008,125,-73,-14608,-3176,5128,-475,173,-125,0
3550.5307309627533,10632,5300,10732,-208,-115,103,10084,-8720,8852,-38,136,-205,-14684,3668,3788,-1000,113,-88,-15096,-3176,5292,-471,165,-121,0
3550.5644891262054,10744,5340,10452,-191,-74,117,10132,-8768,8852,-14,127,-191,-14688,3740,3788,-1015,119,-72,-14820,-3184,5416,-494,146,-113,0
3550.598047018051,10680,5420,10612,-192,-41,138,10120,-8916,9148,-36,117,-128,-14664,3596,3576,-1009,98,-54,-14752,-3248,5388,-484,110,-134,0
3550.6315269470215,10604,5520,10580,-192,-47,92,10188,-8800,8800,-45,163,-181,-14636,3672,3620,-1017,90,-100,-14832,-3212,5408,-451,83,-135,0
3550.6646780967712,10620,5212,10400,-177,-26,95,10116,-8812,8780,-39,148,-162,-14708,3728,3600,-1012,124,-97,-14836,-3276,5312,-505,158,-123,0
3550.7024631500244,10948,5628,10528,-114,-77,98,10204,-8712,8936,-32,105,-189,-14608,3688,3572,-1061,125,-72,-14828,-3236,5392,-466,140,-147,0
3550.7376201152806,10528,5384,10456,-158,-37,106,10224,-8716,8676,-250,112,-199,-14708,3684,3588,-1059,176,-77,-14740,-3256,5364,-464,162,-120,0
3550.7732911109924,10632,5388,10716,-118,-66,89,10048,-8496,8768,-20,181,-162,-14728,3756,3664,-1049,141,-77,-14848,-3272,5216,-465,149,-143,0
3550.808669090271,10592,5440,11000,-144,-16,61,10132,-8760,8868,-28,159,-179,-14784,3708,3840,-1000,114,-88,-14888,-3136,5184,-498,132,-157,0
3550.844372034073,10580,5424,10708,-123,-8,82,10180,-8760,8864,-33,106,-158,-14616,3596,3680,-1014,107,-59,-14796,-3184,5388,-515,131,-120,0
3550.8795371055603,10676,5472,10492,-147,-59,107,10464,-8752,8856,-44,142,-174,-14688,3676,3692,-1025,142,-102,-14792,-3192,5624,-484,104,-118,0
3550.914659023285,10584,5360,10604,-154,-45,105,10028,-8740,8712,-33,106,-190,-14836,3616,3828,-1045,138,-70,-14788,-3212,5312,-488,171,-112,0
3550.9504261016846,10656,5376,10548,-161,-68,76,10272,-8684,8844,-30,157,-194,-14804,3692,3584,-1021,115,-97,-15104,-3220,5452,-488,172,-144,0
3550.9859869480133,10732,5384,10604,-141,-94,91,10196,-8724,8860,-28,103,-184,-14720,3720,3672,-991,130,-84,-14828,-3092,5564,-506,152,-110,0
3551.0218279361725,10716,5348,10580,-128,-50,85,10116,-8812,8548,-42,113,-180,-14684,3700,3740,-772,115,-99,-14608,-3180,5288,-493,155,-151,0
3551.058068037033,10704,5176,10572,-135,-62,106,10140,-8720,8900,-20,171,-175,-14712,3632,3972,-1016,100,-100,-14828,-3316,5296,-502,107,-148,0
3551.093239068985,10724,5400,10516,-136,-50,86,10052,-8752,8868,-13,133,-156,-14704,3668,3732,-997,81,-67,-14868,-3140,5480,-489,131,-116,0
3551.12824010849,10560,5124,10392,-157,-60,109,10160,-8732,8808,-41,139,-195,-14680,3668,3644,-992,80,-112,-14820,-3168,5568,-476,125,-154,0
3551.1643171310425,10748,5428,10620,-159,-39,90,10084,-8832,8848,-50,124,-170,-14712,3408,3760,-973,72,-77,-14832,-3212,5364,-496,143,-136,0
3551.2002339363094,10656,5420,10784,-166,-76,93,10372,-8836,8724,-41,166,-174,-14740,3696,3772,-1002,46,-79,-15008,-3324,5200,-472,157,-140,0
3551.2350320816045,10676,5488,10572,-143,-51,85,10124,-8780,8848,-26,162,-173,-14700,3716,3764,-1005,52,-56,-14852,-3180,5368,-464,135,-126,0
3551.270784139633,10672,5440,10708,-138,-111,85,10172,-8700,8804,-78,173,-172,-14704,3684,3776,-982,42,-108,-14768,-3208,5428,-458,190,-161,0
3551.30606007576,10616,5416,10332,-181,-99,89,10136,-8952,8720,-253,157,-191,-14740,3688,3796,-996,70,-98,-14792,-3296,5536,-475,142,-149,0
3551.342388153076,10772,5440,10696,-144,-59,112,10136,-8724,8724,-33,184,-130,-14788,3724,3564,-1006,74,-68,-14776,-3264,5564,-481,140,-164,0
3551.376084089279,10732,5404,10596,-194,-32,98,10084,-8732,8800,-58,153,-153,-14724,3708,3716,-1007,53,-72,-14824,-3156,5456,-470,125,-162,0
3551.4097719192505,10656,5452,10660,-163,-50,65,9756,-8708,8888,-6,190,-175,-14600,3720,3668,-1016,75,-47,-14888,-3256,5312,-482,108,-136,0
3551.443269968033,10712,5364,10676,-143,-62,99,10108,-8708,8820,-44,147,-154,-14660,3640,3808,-1016,116,-26,-14800,-3328,5408,-506,104,-114,0
3551.476907968521,10736,5368,10636,-159,-103,104,10020,-8776,8796,26,117,-176,-14656,3612,3684,-1023,112,-102,-14748,-3164,5624,-488,159,-156,0
3551.5102479457855,10624,5556,10632,-112,-88,115,10148,-8756,8744,9,120,-169,-14808,3676,4012,-1030,90,-95,-14820,-3260,5504,-501,156,-173,0
3551.543636083603,10708,5424,10496,-131,-136,115,9988,-8520,8800,6,141,-192,-14728,3776,3804,-1010,87,-102,-15032,-3172,5404,-485,164,-135,0
3551.5773260593414,10544,5524,10396,-147,-88,77,10140,-8792,8888,-14,164,-198,-14812,3696,3772,-996,125,-46,-14800,-3184,5452,-507,124,-158,0
3551.6108059883118,10608,5396,10620,-164,-108,88,10048,-8740,8824,-18,119,-194,-14736,3608,3704,-994,87,-69,-14768,-3228,5160,-504,145,-147,0
3551.644343137741,10688,5444,10564,-163,-83,131,10416,-8700,8856,-6,130,-138,-14696,3836,3828,-1036,130,-53,-14764,-3232,5388,-496,117,-128,0
3551.677989959717,10680,5432,10540,-146,-98,93,10096,-8708,8836,-43,92,-192,-14772,3364,3676,-1021,123,-84,-14832,-3236,5512,-504,135,-161,0
3551.7114639282227,10684,5444,10652,-154,-92,95,10184,-8516,8804,-7,122,-200,-14700,3692,3676,-1014,112,-93,-14728,-3236,5340,-490,121,-157,0
3551.744938135147,10676,5468,10436,-147,-86,102,10188,-8800,8776,-252,123,-175,-14612,3636,3684,-1030,121,-66,-14872,-3172,5460,-487,125,-147,0
3551.7786490917206,10732,5556,10552,-131,-57,110,10020,-8892,8776,-19,115,-166,-14800,3772,3668,-1062,106,-64,-14820,-3148,5612,-479,142,-124,0
3551.8120250701904,10704,5384,10700,-144,-60,124,10176,-8760,8628,-8,145,-153,-14620,3644,3560,-1019,155,-81,-14772,-3224,5436,-489,110,-144,0
3551.845550060272,10632,5540,10544,-159,-69,110,10068,-8720,8852,-30,102,-191,-14744,3652,3700,-1024,121,-105,-14720,-3256,5384,-495,139,-128,0
3551.8791151046753,10752,5468,10416,-117,-104,106,10076,-8960,8748,-18,147,-155,-14740,3704,4008,-1012,97,-50,-14760,-3288,5628,-498,155,-138,0
3551.9122660160065,10496,5392,10580,-129,-65,111,10252,-8808,8836,-53,127,-171,-14660,3604,3652,-1266,99,-64,-14656,-3312,5364,-518,123,-116,0
3551.9457111358643,10580,5528,10728,-142,-65,89,10092,-8788,8784,-43,111,-199,-14800,3680,3788,-1013,112,-100,-14808,-3212,5504,-488,119,-141,0
3551.9790620803833,10728,5480,10312,-105,-50,92,10144,-8784,8816,-43,107,-178,-14728,3624,3492,-1023,110,-92,-14820,-3204,5144,-512,121,-113,0
3552.012591123581,10744,5480,10564,-155,-62,107,10160,-8900,8888,-26,103,-151,-14712,3692,3836,-1003,82,-37,-14644,-3228,5236,-511,131,-115,0
3552.0460641384125,10760,5452,10596,-192,-5,112,10084,-8676,8708,-255,131,-164,-14668,3684,3728,-1022,81,-48,-14664,-3264,5488,-503,117,-129,0
3552.0797669887543,10676,5504,10724,-139,-27,87,10108,-8704,8772,-61,167,-171,-14704,3596,3784,-984,86,-78,-14760,-3292,5448,-487,140,-139,0
3552.1131949424744,10640,5432,10556,-166,-73,62,10168,-8760,8856,-37,128,-177,-14740,3732,3632,-966,68,-87,-15032,-3188,5452,-493,115,-144,0
3552.1464700698853,10540,5528,10448,-156,-34,109,10132,-8756,8860,-13,117,-146,-14672,3780,3752,-1033,95,-12,-14704,-3220,5388,-451,105,-116,0
3552.18016910553,10636,5448,10564,-184,-251,90,10116,-8680,8756,-25,144,-141,-14748,3656,3376,-995,47,-38,-14724,-3404,5404,-451,123,-115,0
3552.2136800289154,10604,5412,10664,-212,-3,98,10076,-8752,8824,-60,166,-149,-14748,3636,4060,-973,50,-59,-14760,-3076,5472,-441,110,-111,0
3552.2473089694977,10544,5580,10496,-217,-25,84,10080,-8864,8976,-38,150,-162,-14740,3684,3856,-987,42,-108,-14812,-3148,5240,-478,176,-87,0
3552.2810349464417,10656,5444,10588,-177,-84,92,10144,-8768,8840,-34,166,-169,-14688,3688,3644,-968,57,-110,-14644,-3260,5436,-461,170,-108,0
3552.3143911361694,10532,5468,10704,-189,-59,121,10176,-8792,8728,-1,132,-213,-14448,3724,3888,-992,115,-102,-14824,-3256,5204,-459,201,-76,0
3552.350144147873,10604,5532,10516,-192,-104,113,10016,-8692,8876,-17,186,-216,-14804,3728,3656,-1023,51,-115,-14836,-3312,5196,-422,214,-110,0
3552.3851780891414,10684,5476,10428,-244,-45,104,10148,-8792,8836,-42,185,-186,-14672,3736,3680,-978,96,-91,-15096,-3224,5548,-459,190,-101,0
3552.42085313797,10624,5512,10568,-242,-33,116,10136,-8812,8884,-28,172,-170,-14736,3712,3756,-982,88,-88,-14808,-3340,5384,-449,193,-82,0
3552.4570820331573,10664,5564,10740,-237,-71,129,10076,-8712,8948,-36,132,-177,-14692,3828,3728,-979,97,-79,-14776,-3288,5388,-471,171,-68,0
3552.4921801090245,10556,5400,10620,-266,-64,126,10208,-8824,8756,-64,142,-199,-14624,3744,3768,-973,114,-120,-14804,-3192,5552,-451,156,-100,0
3552.527554988861,10680,5436,10364,-231,-76,110,10132,-8856,9028,-59,133,-192,-14700,3760,3920,-971,83,-96,-14720,-3268,5516,-468,187,-77,0
3552.562741994858,10552,5544,10504,-505,-88,136,10108,-8780,8816,-40,106,-212,-14756,3756,3688,-982,100,-107,-14852,-3276,5504,-464,197,-76,0
3552.5986659526825,10644,5512,10624,-251,-43,127,10200,-8772,8780,-39,151,-210,-14708,3592,3788,-998,131,-97,-14844,-3256,5444,-462,181,-69,0
3552.633558034897,10680,5420,10544,-265,-82,133,10140,-8768,8876,-53,106,-233,-14732,3716,3728,-999,145,-133,-14804,-3156,5432,-456,190,-52,0
3552.669933080673,10644,5148,10672,-239,-124,141,10088,-8672,8772,-65,120,-224,-14628,3644,3668,-1000,117,-105,-15076,-3236,5400,-485,182,-77,0
3552.705006122589,10656,5392,10724,-246,-96,169,10164,-8784,8804,-30,77,-207,-14688,3700,3600,-1010,125,-86,-14784,-3160,5388,-477,185,-56,0
3552.740706920624,10660,5452,10744,-269,-114,140,10108,-8708,8532,-59,144,-216,-14652,3704,3784,-1012,125,-105,-14796,-3092,5628,-472,156,-71,0
3552.7759330272675,10712,5464,10528,-251,-56,121,10240,-8732,8548,-54,126,-200,-14792,3764,3996,-1019,171,-88,-14908,-3136,5296,-455,121,-48,0
3552.8118429183965,10728,5424,10640,-244,-105,151,9984,-8760,8540,-40,124,-181,-14720,3752,3736,-1029,91,-82,-14848,-3232,5520,-259,151,-115,0
3552.847738981247,10596,5140,10324,-281,-104,114,10220,-8800,9052,-254,127,-181,-14692,3664,3604,-1017,108,-89,-14776,-3160,5380,-257,175,-100,0
3552.882672071457,10732,5452,10476,-161,-62,109,10096,-8696,8828,-55,134,-224,-14764,3660,3592,-1014,89,-135,-14800,-3296,5404,-494,164,-100,0
3552.918790102005,10580,5284,10752,-233,-134,119,10136,-8848,8884,-31,148,-256,-14628,3716,3736,-980,155,-84,-14856,-3172,5484,-500,158,-82,0
3552.9574739933014,10644,5416,10564,-233,-76,133,10164,-8716,8736,-14,100,-157,-14784,3672,3772,-1019,142,-31,-14820,-3136,5344,-488,124,-78,0
3552.9930889606476,10604,5428,10652,-256,-96,153,10136,-8788,8704,-30,165,-163,-14760,3700,3740,-982,110,-29,-14776,-3224,5304,-482,94,-104,0
3553.0288410186768,10580,5256,10648,-252,-102,135,10216,-8852,8824,-52,95,-194,-14660,3660,3792,-991,80,-92,-14896,-3248,5332,-508,119,-95,0
3553.0623340606694,10608,5520,10320,-196,-87,128,10116,-8804,8916,-103,137,-197,-14764,3736,3404,-1011,90,-111,-14784,-3168,5420,-541,157,-113,0
3553.0958290100098,10736,5312,10344,-210,-135,141,10116,-8752,8868,-22,90,-199,-14632,3780,3816,-1022,165,-101,-14888,-3184,5384,-478,181,-91,0
3553.129401922226,10712,5348,10440,-186,-126,117,10220,-8872,8764,-34,105,-206,-14740,3832,3656,-1038,145,-107,-14772,-3184,5320,-469,160,-74,0
3553.162749052048,10648,5576,10652,-226,-143,119,10176,-8680,8744,-11,126,-227,-14752,3756,3672,-983,124,-134,-14888,-3156,5548,-485,148,-139,0
3553.196562051773,10676,5488,10432,-207,-106,121,9832,-8768,8776,-13,135,-213,-14680,3620,3764,-1003,124,-100,-14760,-3236,5192,-497,189,-115,0
3553.2300760746,10720,5324,10580,-175,-90,125,10112,-8720,8892,-7,124,-170,-14644,3704,3788,-1012,116,-73,-15032,-3180,5492,-510,156,-95,0
3553.2636339664455,10700,5312,10580,-166,-106,110,10208,-8720,8800,-52,120,-183,-14692,3588,3628,-1017,107,-88,-14788,-3172,5336,-487,172,-115,0
3553.2973470687866,10620,5564,10524,-147,-94,114,10132,-8740,8848,-50,182,-209,-14736,3720,3564,-1006,73,-37,-14836,-3104,5388,-478,155,-142,0
3553.3308041095734,10696,5444,10560,-185,-81,95,10192,-8688,8740,-26,127,-190,-14676,3648,3604,-1003,87,-79,-15076,-3168,5348,-499,153,-123,0
3553.3644831180573,10496,5392,10512,-151,-79,125,10212,-8696,8828,-27,138,-202,-14716,3688,3648,-1013,72,-133,-14828,-3264,5332,-443,178,-139,0
3553.3976521492004,10684,5396,10624,-142,-80,89,10164,-8760,8792,-17,144,-194,-14784,3700,3800,-993,42,-112,-14860,-3144,5560,-469,170,-126,0
3553.431214094162,10800,5296,10592,-116,-79,101,10180,-8760,8764,-47,137,-171,-14696,3624,3732,-1001,39,-42,-14600,-3288,5232,-482,211,-145,0
3553.4645731449127,10548,5396,10592,-140,-94,98,10120,-8696,8728,-13,160,-168,-14724,3708,3924,-996,73,-86,-14824,-3532,5336,-466,151,-125,0
3553.498193025589,10540,5384,10376,-141,-51,102,10120,-8768,8884,-32,149,-146,-14760,3708,3768,-1013,83,-94,-14836,-3256,5392,-464,126,-112,0
3553.531877040863,10712,5360,10576,-154,-37,120,9988,-8900,8776,-36,134,-167,-14840,3764,3340,-1270,73,-109,-14880,-3196,5408,-477,127,-167,0
3553.565448999405,10616,5620,10584,-171,-34,100,10108,-8848,9096,-18,167,-158,-14740,3604,3764,-1011,54,-74,-14700,-3276,5504,-484,105,-118,0
3553.5987310409546,10888,5136,10796,-122,-44,107,10136,-8736,8708,-70,156,-158,-14696,3660,3624,-1033,57,-61,-14852,-3140,5476,-473,143,-163,0
3553.6321430206294,10740,5172,10708,-135,-99,84,10168,-8724,8868,-52,163,-183,-14724,3732,3732,-979,85,-124,-14864,-3140,5452,-504,149,-143,0
3553.665514945984,10728,5628,10736,-121,-60,61,10112,-8572,8712,-23,101,-188,-14736,3788,3668,-769,127,-86,-14764,-3236,5292,-472,125,-131,0
3553.699149131775,10668,5472,10504,-120,-41,76,10180,-8732,8940,-24,150,-164,-14712,3708,3612,-1016,86,-38,-14748,-3216,5492,-508,110,-146,0
3553.7328810691833,10660,5372,10512,-129,-3,89,10088,-8740,8884,-29,177,-159,-14756,3748,3768,-1057,103,-12,-15104,-3112,5576,-486,48,-181,0
3553.766541957855,10644,5476,10580,-149,-3,73,10144,-8772,8784,-36,148,-139,-14640,3584,3732,-1277,83,-6,-14728,-3248,5348,-542,86,-184,0
3553.8001329898834,10672,5348,10616,-98,-19,90,10108,-8804,8788,-36,134,-144,-14736,3744,3612,-1029,86,-107,-14752,-3144,5392,-507,120,-172,0
3553.833648920059,10512,5396,10648,-106,-63,91,10104,-8816,8708,-30,144,-199,-14660,3708,3664,-1046,111,-96,-14736,-3216,5368,-501,138,-158,0
3553.8674080371857,10656,5496,10240,-104,-71,75,10076,-8744,8952,-21,82,-209,-14652,3788,3712,-1020,105,-101,-14860,-3256,5444,-496,149,-185,0
3553.90074300766,10628,5456,10724,-132,-86,77,9984,-8936,8816,-29,96,-175,-14696,3740,3960,-1005,91,-85,-14856,-3548,5476,-518,154,-162,0
3553.93447303772,10652,5496,10756,-101,-58,97,10080,-8708,8808,-49,113,-200,-14736,3756,3972,-999,70,-63,-14788,-3180,5400,-530,103,-134,0
3553.9681129455566,10612,5464,10572,-108,-45,113,10104,-8516,8892,-65,126,-165,-14612,3596,3820,-1024,93,-74,-14848,-3164,5396,-509,113,-121,0
3554.0013179779053,10668,5452,10672,-128,-83,125,10076,-8780,8876,-40,96,-158,-14784,3692,3692,-998,91,-62,-14792,-3080,5356,-493,92,-150,0
3554.0378069877625,10520,5608,10956,-114,-91,105,10372,-8796,8840,-55,90,-161,-14592,3828,3772,-991,99,-81,-14896,-3204,5500,-260,117,-152,0
3554.0728380680084,10740,5548,10328,-118,-72,81,10188,-8768,8784,-34,109,-184,-14756,3716,3800,-1001,92,-72,-14740,-3140,5368,-502,122,-149,0
3554.1086161136627,10692,5588,10456,-112,-64,105,9984,-8844,8944,-49,92,-189,-14668,3688,3900,-1008,108,-33,-14748,-3240,5628,-264,110,-133,0
3554.1439571380615,10672,5400,10740,-133,-60,93,10188,-8724,8688,-21,115,-156,-14688,3780,3972,-953,74,-81,-14744,-3188,5120,-499,151,-160,0
3554.1800100803375,10588,5500,10520,-122,-74,96,10088,-8772,8928,-34,122,-179,-14776,3700,3724,-999,88,-52,-14832,-3280,5284,-501,130,-126,0
3554.214924097061,10660,5332,10464,-105,-78,100,10100,-8712,8784,-58,89,-175,-14368,3628,3816,-1023,90,-87,-14660,-3284,5284,-458,179,-156,0
3554.2501890659332,10992,5536,10524,-85,-84,90,10100,-8688,8912,-63,124,-180,-14676,3744,3588,-949,26,-76,-14660,-3276,5500,-483,137,-146,0
3554.2855110168457,10656,5440,10548,-137,-82,91,10148,-8924,8764,-52,165,-190,-14780,3672,3836,-954,20,-59,-14784,-3240,5416,-486,130,-137,0
3554.321609020233,10632,5476,10600,-154,-44,89,10100,-8776,8716,-17,145,-157,-14788,3444,3800,-1001,57,-34,-14844,-3088,5384,-454,142,-115,0
3554.3578269481654,10696,5548,10400,-159,-74,89,10264,-8804,8736,-62,170,-177,-14760,3708,3768,-1004,38,-97,-14816,-3268,5440,-442,148,-136,0
3554.3928720951085,10620,5492,10316,-203,-77,95,10128,-8852,8864,-45,192,-152,-14656,3872,3840,-985,58,-98,-14844,-3256,5272,-469,177,-127,0
3554.428936958313,10604,5444,10372,-148,-62,95,10132,-8640,8464,-10,151,-176,-14620,3784,3992,-1031,101,-15,-14788,-3096,5456,-459,143,-107,0
3554.464578151703,10680,5508,10700,-187,-22,111,10200,-8860,8800,-9,179,-154,-14676,3692,3740,-774,101,-78,-14892,-3288,5332,-450,116,-122,0
3554.4998450279236,10720,5524,10524,-244,-256,103,10064,-8776,8724,-30,163,-155,-14780,3892,4044,-985,97,-28,-14872,-3180,5564,-454,134,-114,0
3554.5348711013794,10604,5512,10692,-223,-17,112,10072,-8780,8876,-16,160,-155,-14740,3756,3620,-1023,120,-81,-14892,-3232,5428,-487,139,-77,0
3554.5701899528503,10580,5512,10572,-240,-51,118,10216,-8764,8788,22,124,-164,-14636,3660,3712,-1066,173,-63,-14696,-3224,5624,-468,135,-94,0
3554.6055381298065,10596,5560,10588,-213,-32,130,10104,-8728,8824,-11,114,-171,-14620,3708,3836,-1280,145,-146,-14704,-3260,5544,-471,177,-50,0
3554.6414000988007,10688,5528,10548,-3,-52,126,10152,-8908,8788,-12,163,-187,-14756,3732,3748,-1277,144,-102,-14996,-3224,5480,-455,139,-68,0
3554.6780819892883,10644,5472,10556,-263,40,113,10132,-8904,8828,-37,197,-166,-14696,3776,3740,-1044,162,-131,-14820,-3256,5480,-480,154,-57,0
3554.71150803566,10504,5512,10528,-276,-26,125,10108,-8844,8800,-60,157,-173,-14684,3688,3860,-1028,137,-100,-14840,-3204,5600,-491,180,-63,0
3554.7450330257416,10600,5512,10292,-334,-9,125,10196,-8748,8848,-75,161,-224,-14696,3708,3640,-974,135,-103,-14800,-3292,5504,-501,171,-44,0
3554.778638124466,10636,5520,10536,-281,-43,132,10080,-8748,8936,-132,90,-224,-14684,3816,3920,-974,134,-101,-15008,-3240,5472,-448,151,-69,0
3554.8123109340668,10692,5164,10572,-304,-50,102,10144,-8896,8728,-17,137,-212,-14636,3780,3684,-1014,127,-141,-14824,-3276,5308,-768,205,-79,0
3554.8456511497498,10636,5500,10532,-289,-64,141,10108,-8700,8724,21,108,-200,-14792,3816,3688,-1001,181,-157,-14776,-3324,5356,-458,203,-49,0
3554.8792800903325,10552,5500,10940,-262,-100,150,10192,-8748,8452,-38,148,-247,-14712,3668,3712,-978,164,-154,-14840,-3176,5608,-453,229,-41,0
3554.9123010635376,10740,5612,10684,-275,-162,156,10204,-8708,8780,-68,123,-235,-14608,3780,3592,-985,117,-133,-14896,-3200,5392,-459,203,-67,0
3554.945941925049,10712,5452,10256,-253,-107,103,10176,-8696,8684,-56,164,-204,-14784,3716,3720,-996,146,-144,-14800,-3276,5448,-453,139,-75,0
3554.979565143585,10620,5512,10292,-230,-128,123,10144,-8816,8856,-15,135,-182,-14772,3740,3720,-976,104,-101,-14776,-3272,5508,-493,147,-74,0
3555.0128469467163,10544,5388,10296,-275,-111,144,10088,-8648,8764,-22,146,-187,-14684,3708,3732,-986,93,-68,-14784,-3252,5380,-445,148,-59,0
3555.0462510585785,10868,5388,10520,-261,-73,154,10056,-8748,8764,-49,144,-175,-14744,3788,3716,-990,114,-53,-14812,-3280,5392,-467,137,-63,0
3555.0797460079193,10656,5388,10708,-273,-126,181,10176,-8476,8816,-15,133,-197,-14808,3732,3648,-991,135,-129,-15028,-3252,5508,-478,200,-82,0
3555.1132450103764,10672,5456,10596,-245,-168,161,10128,-8824,8804,11,117,-210,-14748,3652,3700,-1021,153,-162,-14724,-3252,5456,-462,214,-70,0
3555.1467850208282,10688,5148,10624,-276,-191,168,10084,-8788,8836,13,118,-228,-14820,3736,3632,-1039,144,-129,-14768,-3224,5492,-439,209,-48,0
3555.1804151535034,10672,5332,10612,-269,-168,154,10172,-8840,8676,11,96,-223,-14704,3788,3728,-990,131,-62,-14888,-3196,5536,-479,171,-87,0
3555.2137689590454,10680,5144,10476,-262,-162,148,10128,-8720,8804,-4,118,-212,-14700,3684,3612,-1006,94,-103,-14780,-3120,5388,-468,134,-78,0
3555.24737906456,10652,5316,10536,-243,-125,145,10172,-8832,8952,-5,109,-176,-14748,3724,3632,-1003,114,-113,-15092,-3148,5484,-488,126,-99,0
3555.280827999115,10668,5448,10696,-230,-147,148,10188,-8760,8832,-12,143,-167,-14440,3824,3772,-972,113,-121,-14732,-3156,5620,-517,129,-84,0
3555.3142421245575,10784,5424,10688,-226,-143,144,10068,-8736,8804,16,124,-196,-14816,3636,3792,-1021,140,-75,-14604,-3060,5588,-482,146,-70,0
3555.3480031490326,10636,5364,10488,-224,-150,149,10080,-8748,8680,-27,104,-212,-14736,3724,3780,-1058,130,-83,-14836,-3052,5392,-260,183,-106,0
3555.381495952606,10760,5328,10572,-196,-135,105,10124,-8752,8856,-21,141,-211,-14668,3616,3540,-991,180,-146,-14632,-3152,5412,-513,175,-103,0
3555.414906024933,10756,5408,10520,-150,-161,119,10456,-8944,8872,-39,94,-227,-14764,3664,3584,-1024,151,-150,-14840,-3164,5372,-521,127,-156,0
3555.4484901428223,10700,5384,10492,-126,-87,103,10136,-8724,8872,-32,115,-183,-14704,3640,3592,-986,140,-90,-14760,-3156,5416,-518,122,-157,0
3555.4817781448364,10716,5400,10524,-124,-40,98,10188,-8932,8756,-31,140,-194,-14756,3612,3724,-1278,109,-50,-14696,-3264,5252,-482,105,-177,0
3555.5152599811554,10752,5348,10556,-152,248,79,10164,-8732,8752,-31,125,-175,-14656,3680,3712,-1279,126,-59,-14784,-3240,5484,-493,98,-148,0
3555.548795938492,10676,5380,10636,-132,-26,72,10064,-8476,8772,-32,147,-189,-14688,3736,3660,-770,107,-84,-14840,-3136,5340,-513,114,-137,0
3555.5822620391846,10728,5424,10532,-135,-62,92,10136,-8708,8780,-57,152,-178,-14636,3628,3736,-1020,131,-51,-14908,-3244,5436,-488,136,-97,0
3555.615602016449,10732,5432,10604,-142,-59,102,10172,-8772,8736,-30,119,-174,-14656,3676,3792,-1049,154,-66,-14748,-3132,5224,-473,166,-127,0
3555.648905992508,10768,5452,10620,-122,-84,90,10104,-8720,8716,-24,131,-181,-14816,3724,3716,-1017,116,-92,-14852,-3164,5340,-480,111,-123,0
3555.6822741031647,10536,5420,10564,-123,-47,76,10108,-8940,8916,-16,156,-151,-14828,3696,3588,-982,57,-85,-14820,-3240,5372,-497,136,-155,0
3555.7182500362396,10576,5408,10644,-97,-58,76,10140,-8804,8808,-31,152,-161,-14672,3724,3784,-968,100,-100,-15028,-3192,5356,-476,153,-131,0
3555.753947019577,10720,5476,10668,-78,-46,88,10140,-8480,8812,-74,134,-177,-14688,3756,3784,-986,74,-72,-14960,-3200,5304,-470,115,-138,0
3555.7891459465027,10968,5340,10572,-141,-52,78,10200,-8736,8764,-48,140,-176,-14680,3680,3732,-1018,43,-69,-14788,-3244,5272,-475,128,-138,0
3555.824280977249,10624,5468,10528,-145,-67,104,10172,-8732,8896,253,161,-140,-14728,3596,3528,-1003,95,-41,-14776,-3336,5456,-466,138,-124,0
3555.859913110733,10696,5468,10928,-127,-75,77,10224,-8728,8536,-59,178,-187,-14776,3612,3588,-983,36,-92,-14820,-3128,5336,-474,156,-169,0
3555.895019054413,10760,5364,10624,-162,-84,70,10172,-8784,8728,-42,156,-218,-14580,3700,3596,-780,77,-22,-14756,-3140,5464,-467,165,-128,0
3555.930655002594,10756,5412,10620,-97,0,100,10092,-8760,8748,8,136,-161,-14716,3648,3788,-1051,42,-63,-15104,-3248,5280,-468,113,-157,0
3555.9660220146175,10696,5452,10552,-142,-42,67,10144,-8800,8592,-42,164,-151,-14808,3752,3736,-999,47,-53,-14852,-3284,5444,-477,74,-150,0
3556.0020270347595,10640,5356,10720,-123,-51,93,10208,-8756,8880,-53,131,-151,-14708,3668,3616,-1004,66,-27,-14824,-3240,5420,-259,102,-163,0
3556.0379140377045,10780,5396,10700,-117,-54,88,10136,-8752,8976,-37,108,-168,-14648,3604,3644,-1008,94,-75,-14688,-3188,5448,-497,145,-154,0
3556.0734851360326,10640,5396,10748,-55,-59,113,10168,-8456,8828,6,112,-131,-14668,3780,3672,-1052,158,-47,-14972,-3256,5256,-472,138,-131,0
3556.1088869571686,10676,5444,10540,-117,-111,107,10224,-8788,8464,-20,87,-208,-14744,3692,3720,-1027,94,-133,-14848,-3216,5524,-502,145,-158,0
3556.143914937973,10628,5428,10512,-133,-47,93,10248,-8824,8796,-27,112,-180,-14712,3712,3864,-1048,102,-67,-14684,-3232,5588,-258,94,-159,0
3556.191796064377,10644,5476,10544,-106,-49,86,10156,-8720,8836,-13,113,-131,-14652,3824,3784,-1063,91,-87,-14708,-3288,5484,-522,95,-123,0
3556.2388660907745,10616,5432,10572,-93,-63,83,10088,-8856,8916,-51,146,-161,-14684,3668,3760,-1003,85,-71,-14816,-3216,5380,-501,115,-152,0
3556.28022313118,10908,5540,10252,-135,-38,97,10224,-8824,8824,-56,142,-155,-14744,3636,3640,-988,104,-49,-15092,-3232,5224,-498,128,-154,0
3556.3155241012573,10652,5452,10536,-121,-65,99,10204,-8828,8852,-35,105,-189,-14756,3784,3804,-989,87,-83,-14760,-3268,5580,-494,139,-136,0
3556.3527710437775,10740,5456,10536,-123,-53,76,9996,-8956,8952,-26,112,-166,-14696,3632,3668,-1280,112,-30,-14796,-3236,5424,-489,128,-151,0
3556.3860471248627,10816,5472,10892,-126,-60,108,10052,-8768,8816,-34,125,-174,-14672,3636,3652,-1274,131,-63,-14776,-3240,5380,-478,129,-138,0
3556.419585943222,10692,5380,10524,-146,-34,90,10116,-8796,8692,-13,120,-187,-14612,3688,3712,-1019,100,-70,-14756,-3216,5456,-492,128,-126,0
3556.453110933304,10588,5500,10696,-138,-256,83,10040,-8832,8948,-37,109,-162,-14728,3716,3820,-999,78,-79,-14828,-3320,5524,-481,117,-140,0
3556.486737012863,10676,5484,10604,-210,-39,108,10068,-8732,8844,-7,167,-154,-14852,3700,3644,-1012,80,-62,-14724,-3240,5452,-467,148,-118,0
3556.5202620029454,10656,5472,10512,-286,-34,131,10004,-8916,8932,15,161,-148,-14728,3708,3776,-1049,106,-76,-14776,-3204,5188,-445,142,-72,0
3556.5533499717712,10544,5468,10540,-244,-37,118,10088,-8792,8748,-57,144,-161,-14796,3728,3968,-954,94,-117,-14732,-3092,5436,-450,171,-86,0
3556.5873811244965,10704,5480,10660,-256,-118,126,10080,-8800,8772,-94,165,-218,-14744,3588,3780,-930,66,-149,-14768,-3144,5480,-475,193,-73,0
3556.6209609508514,10880,5452,10464,-235,-107,116,10040,-8840,8888,-71,133,-186,-14844,3784,3688,-960,105,-111,-14724,-3288,5468,-441,222,-88,0
3556.6542270183563,10712,5456,10604,-258,-70,134,10132,-8904,8524,-49,183,-189,-14712,3764,3716,-979,44,-81,-14740,-3300,5464,-462,173,-52,0
3556.6877529621124,10660,5592,10608,-300,-25,107,10092,-8748,8896,-55,201,-184,-14704,3620,3700,-984,85,-102,-14772,-3172,5380,-417,156,-70,0
3556.721184015274,10644,5416,10600,-347,-14,108,10112,-8828,8852,-36,231,-172,-14792,3684,3656,-986,92,-123,-14792,-3208,5384,-463,188,-41,0
3556.7544350624084,10656,5344,10276,-295,-60,130,10220,-8716,8820,-13,178,-182,-14700,3688,3328,-1023,115,-157,-15076,-3216,5140,-451,203,-48,0
3556.7882730960846,10620,5428,10668,-308,-67,141,10120,-8812,8844,-31,152,-225,-14704,3764,3632,-1008,124,-142,-14820,-3204,5316,-443,228,-64,0
3556.821902036667,10588,5360,10604,-280,-116,138,10060,-8772,8808,-38,148,-234,-14664,3832,3832,-999,131,-152,-14824,-3220,5504,-464,221,-64,0
3556.8554999828334,10656,5472,10640,-292,-104,124,10192,-8760,8832,-26,152,-244,-14716,3828,3656,-1006,103,-131,-14864,-3152,5392,-473,178,-69,0
3556.888962984085,10740,5384,10676,-6,-96,136,10192,-8776,8792,-34,136,-218,-14692,3696,3604,-989,130,-143,-14876,-3212,5560,-475,200,-81,0
3556.9225440025334,10696,5532,10548,-267,-119,128,10152,-8664,8768,-32,117,-207,-14732,3696,3696,-1004,146,-96,-14796,-3188,5448,-460,185,-74,0
3556.955999135971,10636,5444,10488,-273,-113,133,10400,-8932,8776,-29,103,-187,-14644,3680,3852,-1011,168,-101,-14720,-3256,5452,-465,177,-49,0
3556.9896841049194,10716,5352,10536,-264,-132,138,10236,-8856,8524,-80,108,-219,-14708,3732,3720,-991,175,-84,-14824,-3188,5468,-484,147,-94,0
3557.0231149196625,10636,5628,10312,-2,-119,149,10228,-8788,8864,-24,104,-212,-14784,3652,3728,-1026,136,-104,-14932,-3092,5424,-504,163,-82,0
3557.0566549301147,10728,5400,10744,-230,-109,167,10248,-8664,8768,-255,115,-188,-14804,3764,3764,-1053,141,-128,-14648,-3236,5628,-257,142,-115,0
3557.0902431011204,10520,5388,10632,-215,-132,156,10120,-8744,8760,-20,107,-195,-14716,3676,3816,-1014,156,-131,-14860,-3268,5280,-488,126,-115,0
3557.1239840984344,10672,5500,10420,-246,-98,149,10112,-8824,8876,-27,111,-219,-14776,3784,3748,-1008,169,-96,-14760,-3196,5504,-479,121,-84,0
3557.1573650836945,10692,5328,10740,-200,-140,145,10148,-8728,8812,-37,137,-198,-14724,3664,3756,-1004,105,-50,-14892,-3160,5352,-523,148,-116,0
3557.1908841133118,10752,5316,10420,-246,-107,132,10160,-8784,8864,-31,134,-205,-14776,3620,3764,-1003,104,-80,-14696,-3184,5360,-490,149,-127,0
3557.2242970466614,10684,5400,10576,-226,-113,137,10096,-8792,8756,-21,99,-211,-14740,3636,3764,-1014,103,-132,-14748,-3216,5400,-461,137,-121,0
3557.2578830718994,10724,5404,10764,-208,-133,110,10248,-8800,8864,-66,151,-217,-14756,3584,3644,-993,93,-96,-14772,-3236,5384,-481,195,-116,0
3557.2915120124817,10656,5336,10548,-226,-150,107,10060,-8768,8712,-5,139,-194,-14764,3780,3744,-995,110,-79,-15052,-3232,5364,-476,175,-111,0
3557.3248670101166,10688,5224,10548,-189,-69,134,10200,-8916,8488,10,152,-150,-14744,3636,3632,-984,78,-91,-14808,-3248,5180,-499,140,-108,0
3557.358402967453,10680,5336,10536,-202,-49,106,10172,-8684,8860,-60,160,-187,-14712,3660,3836,-973,42,-100,-14824,-3320,5412,-464,117,-85,0
3557.3943929672246,10684,5396,10584,-195,-64,117,10100,-8644,8940,-80,165,-205,-14688,3716,3332,-957,45,-25,-14892,-3236,5388,-768,141,-145,0
3557.430135011673,10720,5364,10520,-153,-59,91,10204,-8796,8668,-66,103,-192,-14796,3620,3676,-987,94,-104,-14680,-3196,5332,-501,149,-143,0
3557.465301990509,10540,5352,10524,-161,-90,107,10188,-8456,8720,-39,170,-187,-14716,3620,3724,-769,90,-73,-14844,-3116,5400,-462,206,-131,0
3557.5010199546814,10696,5396,10444,-193,-86,119,10236,-8708,8952,-25,145,-188,-14660,3788,3876,-1002,96,-110,-14776,-3240,5140,-466,169,-140,0
3557.537099123001,10684,5392,10500,-183,-53,90,10140,-8804,8896,-9,176,-156,-14728,3668,3804,-989,97,-78,-15064,-3240,5504,-467,147,-163,0
3557.5723690986633,10712,5148,10644,-148,-46,94,10096,-8712,8856,0,134,-192,-14692,3628,3796,-1013,104,-79,-14704,-3240,5256,-258,174,-96,0
3557.608150959015,10764,5480,10580,-118,-52,97,9988,-8760,8880,-41,140,-154,-14704,3676,3596,-1003,102,-58,-14780,-3180,5404,-497,137,-136,0
3557.6439781188965,10652,5144,10648,-140,-80,97,10184,-8672,8828,-33,163,-181,-14760,3732,3808,-989,92,-84,-14812,-3144,5216,-477,131,-131,0
3557.679638147354,10708,5292,10564,-147,-72,100,10192,-8860,8752,-74,163,-199,-14696,3716,3736,-996,86,-99,-14832,-3196,5432,-484,133,-182,0
3557.714986085892,10640,5372,10520,-136,-53,89,10156,-8648,8760,-13,142,-167,-14676,3620,3380,-1008,100,-72,-14796,-3136,5316,-466,124,-151,0
3557.750741004944,10772,5352,10456,-132,-58,107,10164,-8796,8880,-23,111,-192,-14792,3748,3636,-998,103,-79,-15056,-3140,5416,-501,164,-150,0
3557.7854149341583,10692,5348,10612,-125,-67,108,10124,-8724,8488,-10,137,-169,-14676,3728,3944,-771,110,-75,-14812,-3112,5352,-495,150,-135,0
3557.820950984955,10572,5444,10280,-93,-41,117,10204,-8800,8916,-44,106,-161,-14768,3760,3720,-1033,97,-73,-14604,-3168,5340,-505,119,-136,0
3557.8561389446254,10720,5320,10532,-151,-58,70,10252,-8780,8868,-25,163,-152,-14620,3680,3564,-1067,92,-69,-14600,-3212,5436,-499,124,-181,0
3557.892063140869,10640,5412,10636,-145,-31,91,10116,-8776,8532,-27,140,-154,-14648,3672,3628,-1040,126,-74,-14596,-3164,5416,-520,85,-150,0
3557.927545070648,10684,5596,10564,-122,-16,87,10172,-8832,8856,-66,128,-178,-14752,3664,3652,-1009,84,-57,-14716,-3264,5592,-505,107,-177,0
3557.967782020569,10680,5572,10504,-131,-36,49,10116,-8756,8740,-251,131,-165,-14748,3716,3712,-1045,131,-98,-14764,-3128,5372,-483,116,-133,0
3558.0035679340363,10580,5372,10736,-109,-46,87,10128,-8728,8660,-20,124,-129,-14684,3656,3748,-1029,91,-22,-15040,-3144,5448,-500,102,-165,0
3558.040992975235,10732,5384,10472,-91,-61,98,10124,-8884,8692,-41,160,-152,-14724,3728,3608,-987,82,-63,-14808,-3240,5452,-478,70,-175,0
3558.0742750167847,10972,5496,10616,-124,-53,70,10424,-8788,8912,-42,124,-154,-14716,3700,3804,-1010,102,-94,-14708,-3236,5472,-765,102,-143,0
3558.1078021526337,10608,5484,10532,-83,-37,92,10216,-8556,8816,-24,134,-172,-14748,3828,3624,-1009,102,-44,-14820,-3284,5428,-502,133,-154,0
3558.141144990921,10580,5532,10384,-81,-63,86,10392,-8732,8576,-2,71,-156,-14668,3796,3768,-770,118,-52,-14748,-3092,5532,-491,129,-143,0
3558.1747291088104,10656,5400,10680,-95,-60,84,10096,-8704,8792,-13,143,-184,-14784,3708,3788,-1035,78,-43,-14828,-3228,5452,-474,133,-162,0
3558.208158969879,10596,5424,10456,-131,-79,85,10160,-8804,8788,-27,138,-181,-14752,3696,3784,-989,68,-74,-14632,-3208,5448,-489,110,-155,0
3558.2417459487915,10772,5524,10616,-103,-23,76,10184,-8792,8756,-21,125,-179,-14616,3736,3656,-1010,51,-106,-15060,-3220,5156,-485,131,-142,0
3558.2753031253815,10612,5416,10464,-114,-77,97,10184,-8848,8764,-24,149,-154,-14760,3660,3772,-1015,81,-26,-14744,-3300,5396,-482,108,-135,0
3558.3087549209595,10596,5432,10588,-172,-45,103,10116,-8776,8664,-41,153,-164,-14692,3680,3912,-962,24,-16,-14792,-3304,5268,-489,154,-142,0
3558.342365026474,10644,5500,10504,-135,-53,80,10148,-8736,8764,-51,171,-178,-14776,3640,3580,-989,33,-70,-14768,-3256,5524,-475,120,-144,0
3558.375888109207,10672,5384,10748,-141,-77,85,10164,-8740,8628,-17,126,-185,-14760,3752,3588,-993,84,-86,-14804,-3220,5332,-438,135,-109,0
3558.4091000556946,10688,5504,10624,-170,-81,113,9944,-8740,8684,8,193,-171,-14612,3740,3684,-1020,98,-60,-14836,-3228,5380,-460,159,-113,0
3558.4424180984497,10544,5316,10572,-170,-57,80,10020,-8812,8712,-7,197,-177,-14696,3728,3856,-1018,69,-48,-14856,-3088,5364,-475,159,-137,0
3558.4761650562286,10504,5456,10532,-174,-63,106,10112,-8716,8752,16,139,-197,-14688,3728,3752,-783,84,-77,-14844,-3220,5488,-468,146,-132,0
3558.509778022766,10684,5468,10612,-194,-9,84,10100,-8788,8908,-22,149,-179,-14772,3672,3672,-1012,84,-89,-14720,-3216,5352,-456,121,-122,0
3558.54345202446,10692,5440,10656,-198,-8,112,10112,-8740,8652,-30,143,-160,-14652,3776,3788,-996,77,-104,-15044,-3244,5452,-484,128,-141,0
3558.5771539211273,10724,5428,10628,-239,-34,113,10140,-8776,8828,-12,171,-167,-14656,3748,3764,-1041,79,-69,-14784,-3160,5500,-456,148,-90,0
3558.6232590675354,10592,5548,10612,-253,-61,118,10080,-8856,8796,-65,143,-197,-14736,3688,3812,-994,102,-81,-14860,-3256,5404,-471,178,-96,0
3558.6647810935974,10712,5452,10456,-275,-106,114,10184,-8792,8816,-81,149,-226,-14692,3728,3704,-983,104,-107,-14796,-3184,5408,-486,198,-104,0
3558.698427915573,10508,5444,10660,-283,-41,128,10056,-8796,8616,-43,133,-198,-14732,3688,3660,-1044,151,-134,-14708,-3168,5328,-469,157,-50,0
3558.7320640087128,10620,5456,10264,-315,-37,144,10156,-8724,8744,-39,116,-164,-14608,3760,3820,-1007,115,-114,-14624,-3556,5476,-468,172,-50,0
3558.7655911445618,10504,5552,10568,-355,-27,133,10172,-8700,8896,-62,177,-173,-14716,3700,3748,-1000,105,-80,-14640,-3260,5444,-444,108,-74,0
3558.799176931381,10652,5472,10888,-340,-82,128,10160,-8884,8884,-64,194,-201,-14744,3704,3740,-954,125,-80,-14720,-3152,5412,-506,170,-60,0
3558.832533121109,10736,5604,10740,-278,-80,168,10008,-8788,8768,-38,116,-178,-14608,3700,3840,-1004,162,-123,-14704,-3236,5472,-479,169,-54,0
3558.8662209510803,10656,5424,10612,-263,-102,145,10104,-8772,8812,-26,111,-224,-14632,3636,3632,-1047,193,-161,-14812,-3276,5500,-479,206,-58,0
3558.9000220298767,10716,5404,10556,-297,-155,133,9996,-8828,8844,-32,141,-214,-14712,3760,3740,-1274,131,-141,-14764,-3176,5416,-456,192,-84,0
3558.9340460300446,10600,5516,10808,-252,-110,120,10172,-8740,8796,-31,112,-208,-14748,3708,3776,-991,123,-158,-14788,-3216,5276,-497,164,-85,0
3558.9675209522247,10676,5300,10584,-218,-101,134,10092,-8736,8848,-46,139,-236,-14740,3736,3660,-964,113,-104,-14816,-3176,5452,-500,178,-82,0
3559.0011980533604,10684,5384,10612,-250,-91,163,10136,-8480,8804,-31,91,-198,-14712,3668,3596,-971,147,-71,-14608,-3292,5404,-480,159,-70,0
3559.034749984741,10572,5576,10644,-266,-127,159,10112,-8784,8904,-65,85,-224,-14656,3740,3704,-978,129,-117,-14836,-3172,5484,-472,170,-79,0
3559.0706820487976,10736,5304,10680,-272,-152,152,10152,-8772,8756,-45,126,-198,-14724,3784,3704,-1006,148,-130,-14740,-3076,5620,-492,144,-69,0
3559.1056010723114,10720,5316,10500,-202,-146,143,10004,-8760,8808,-18,108,-209,-14704,3796,3904,-987,118,-126,-14828,-3216,5412,-469,175,-71,0
3559.1412410736084,10608,5276,10544,-207,-112,138,10132,-8768,8792,-38,120,-209,-14640,3572,3612,-993,144,-125,-14820,-3180,5628,-485,159,-74,0
3559.177245140076,10724,5572,10448,-230,-134,141,10256,-8580,8812,1,126,-225,-14708,3672,3784,-1018,157,-131,-14752,-3156,5552,-477,161,-77,0
3559.2124330997467,10768,5404,10748,-222,-148,154,10096,-8728,8868,-246,126,-204,-14728,3600,3712,-1018,104,-73,-14836,-3060,5416,-475,172,-86,0
3559.247626066208,10760,5376,10504,-1,-154,152,10080,-8724,8816,-51,102,-214,-14732,3644,3808,-976,105,-108,-14868,-3184,5368,-501,176,-57,0
3559.283847093582,10704,5388,10600,-221,-160,159,10148,-8752,8816,-1,130,-218,-14760,3740,3740,-1002,119,-81,-14812,-3204,5592,-495,150,-76,0
3559.3194069862366,10716,5368,10528,-270,-152,117,10128,-8684,8724,-246,172,-197,-14768,3604,3912,-1012,51,-123,-14844,-3260,5372,-469,174,-123,0
3559.3548150062566,10760,5352,10444,-217,-122,110,10060,-8760,8888,-11,129,-189,-14676,3684,3852,-963,83,-103,-14708,-3172,5348,-498,144,-89,0
3559.3902289867406,10756,5268,10700,-231,-169,140,10172,-8704,8708,-60,117,-210,-14724,3684,3624,-971,102,-102,-14800,-3160,5320,-451,160,-78,0
3559.425140142441,10708,5220,10360,-222,-120,134,10208,-8752,8860,-3,101,-184,-14684,3596,3732,-982,93,-79,-14836,-3276,5392,-490,147,-98,0
3559.4608929157257,10820,5364,10492,-185,-116,117,10056,-8536,8752,-33,121,-160,-14704,3788,3704,-975,85,-30,-14732,-3164,5404,-502,83,-121,0
3559.497097969055,10796,5364,10344,-167,-51,76,10428,-8716,8832,-66,129,-155,-14736,3616,3800,-969,96,-77,-14708,-3160,5344,-506,113,-154,0
3559.5322411060333,11000,5340,10572,-116,-61,80,10000,-8760,8936,-64,146,-178,-14788,3732,3608,-1017,106,-67,-14820,-3140,5408,-506,142,-146,0
3559.5675230026245,10720,5340,10572,-153,-34,108,10188,-8452,8824,18,117,-180,-14600,3728,3616,-1049,115,-77,-14852,-3216,5236,-485,159,-118,0
3559.6026809215546,10596,5336,10604,-102,-18,92,10164,-8792,8740,-19,117,-184,-14804,3712,3564,-1039,131,-82,-14840,-3188,5476,-468,160,-126,0
3559.6380920410156,10616,5328,10588,-113,-86,106,10216,-8864,8840,-17,163,-168,-14736,3708,3584,-1014,105,-99,-14768,-3184,5480,-481,158,-139,0
3559.6730730533604,10688,5344,10572,-112,-26,99,10076,-8740,8952,-44,161,-170,-14680,3704,3832,-1013,104,-60,-14808,-3208,5424,-493,120,-146,0
3559.7095680236816,10848,5384,10700,-151,-41,84,10116,-8760,8856,-29,120,-150,-14660,3832,3724,-1024,84,-70,-14800,-3188,5448,-493,166,-139,0
3559.7449169158936,10648,5572,10640,-146,-41,117,10172,-8796,8760,-40,121,-172,-14388,3676,3612,-1060,133,-93,-14796,-3264,5352,-470,127,-152,0
3559.7784299850464,10700,5348,10644,-114,-10,86,10120,-8804,8848,-59,157,-193,-14848,3676,3684,-987,128,-96,-14852,-3152,5588,-757,132,-156,0
3559.812066078186,10796,5340,10632,-135,-77,82,10208,-8852,8736,-41,128,-170,-14736,3764,3636,-1054,92,-59,-14820,-3160,5444,-505,127,-161,0
3559.8456020355225,10740,5464,10452,-103,-37,103,10096,-8620,8808,252,104,-186,-14612,3644,3752,-1009,143,-75,-14708,-3204,5404,-482,142,-135,0
3559.879152059555,10656,5412,10460,-81,-42,65,9996,-8772,8728,-17,133,-216,-14736,3756,3816,-1275,124,-126,-14880,-3108,5256,-503,159,-171,0
3559.9125299453735,10904,5352,10648,-125,-37,84,10212,-8792,8736,6,169,-172,-14756,3732,3776,-1016,113,-85,-14860,-3156,5404,-495,97,-163,0
3559.9461500644684,10844,5592,10284,-124,16,85,10096,-8708,8828,-32,128,-143,-14724,3696,3724,-774,107,-48,-14856,-3188,5316,-517,94,-120,0
3559.9799089431763,10792,5356,10704,-120,-27,100,10136,-8728,8752,-65,147,-160,-14684,3644,3552,-1037,66,-39,-14808,-3212,5144,-499,114,-174,0
3560.0134930610657,10680,5476,10592,-97,-20,95,10152,-8648,8708,-2,129,-145,-14684,3604,3820,-1025,124,-52,-14724,-3184,5292,-492,119,-166,0
3560.04719209671,10728,5320,10560,-127,-22,76,10120,-8808,8868,-38,130,-167,-14744,3724,3808,-1019,71,-73,-14732,-3192,5476,-526,115,-142,0
3560.0806601047516,10700,5352,10580,-100,-17,80,10108,-8960,8876,-51,121,-183,-14676,3732,3772,-1018,101,-81,-14768,-3264,5264,-480,120,-127,0
3560.113697052002,10732,5176,10492,-128,-53,77,10152,-8816,8840,-10,122,-178,-14772,3720,3792,-984,102,-51,-14768,-3196,5360,-494,145,-146,0
3560.147169113159,10744,5416,10668,-133,-18,80,10064,-8760,8584,-32,131,-165,-14712,3728,3728,-1016,79,-46,-14864,-3164,5296,-520,136,-133,0
3560.180733919144,10688,5400,10680,-124,-47,76,10180,-8720,8776,-49,164,-138,-14868,3680,3736,-1030,99,-37,-14764,-3184,5500,-509,83,-141,0
3560.214149951935,10620,5416,10700,-138,-37,90,10164,-8812,8848,-32,131,-153,-14724,3712,3748,-773,84,-91,-15044,-3172,5428,-482,128,-158,0
3560.2477200031285,10656,5420,10648,-142,-77,79,10144,-8868,8872,-16,164,-182,-14636,3752,3800,-999,60,-71,-14792,-3224,5516,-464,120,-140,0
3560.281254053116,10652,5576,10404,-151,-62,83,10148,-8728,8476,-32,144,-197,-14692,3764,3668,-983,71,-45,-14840,-3160,5396,-485,159,-140,0
3560.3142931461334,10624,5216,10556,-113,-65,97,10088,-8788,8804,254,127,-196,-14608,3796,3912,-994,70,-88,-14796,-3196,5380,-485,130,-125,0
3560.3478810787205,10768,5500,10528,-129,-63,78,10108,-8768,8756,245,189,-175,-14720,3592,3692,-1012,35,-83,-15012,-3308,5580,-478,140,-151,0
3560.3813869953156,10644,5492,10872,-149,-75,101,10080,-8924,8808,-35,143,-173,-14664,3712,3736,-1003,94,-79,-14680,-3248,5160,-472,125,-147,0
3560.414592027664,10688,5444,10424,-152,-68,67,10112,-8804,8804,-26,138,-204,-14752,3764,3796,-987,85,-40,-14836,-3288,5376,-500,138,-150,0
3560.4482369422913,10640,5624,10604,-124,-72,90,10020,-8752,8896,-12,111,-167,-14724,3824,3804,-1002,88,-44,-14812,-3344,5440,-471,142,-146,0
3560.4818029403687,10668,5460,10580,-147,-71,108,10208,-8732,8780,-34,117,-153,-14696,3732,3852,-955,41,-94,-14744,-3244,5396,-491,131,-152,0
3560.5152020454407,10736,5516,10612,-125,-56,108,10180,-8812,8784,-16,112,-171,-14656,3652,3656,-1013,52,-89,-14760,-3272,5332,-478,133,-136,0
3560.5490379333496,10652,5588,10652,-151,-67,109,10112,-8756,8836,9,136,-186,-14724,3628,3852,-1014,90,-65,-14780,-3156,5124,-503,158,-132,0
3560.5824160575867,10608,5436,10644,-119,-56,118,10112,-8756,8688,-40,89,-183,-14796,3668,3680,-996,65,-63,-14808,-3220,5316,-763,128,-133,0
3560.6155850887294,10724,5500,10480,-141,-42,111,10000,-8796,8788,-26,136,-166,-14784,3684,3716,-1024,97,-100,-14760,-3236,5392,-477,154,-131,0
3560.6487970352173,10752,5400,10596,-158,-53,102,10092,-8752,8960,-250,128,-180,-14612,3792,3540,-1012,114,-100,-14780,-3328,5388,-485,143,-148,0
3560.682312965393,10632,5464,10516,-188,-70,83,10108,-8748,8912,254,176,-177,-14636,3712,3820,-1019,113,-34,-14828,-3228,5544,-460,153,-127,0
3560.715740919113,10724,5524,10460,-200,-29,104,10188,-8796,8556,-35,111,-171,-14692,3764,3680,-1045,116,-44,-14836,-3312,5420,-482,109,-115,0
3560.7519969940186,10796,5480,10576,-260,-17,102,10116,-8800,8804,-10,142,-146,-14772,3692,3816,-1033,85,-49,-14844,-3184,5320,-487,117,-129,0
3560.787523984909,10512,5488,10608,-234,-11,146,10140,-8716,9024,11,156,-124,-14772,3600,3824,-1017,137,-117,-14824,-3196,5620,-465,126,-107,0
3560.8229610919952,10616,5408,10740,-184,-66,88,10056,-8724,8740,-116,133,-251,-14696,3720,3832,-985,117,-81,-14764,-3168,5468,-500,150,-103,0
3560.858272075653,10992,5212,10716,-218,-85,110,10024,-8768,8724,-10,87,-183,-14660,3772,3836,-1040,173,-98,-14856,-3232,5600,-481,139,-79,0
3560.8934280872345,10604,5404,10588,-236,-28,145,10136,-8724,8528,-41,129,-190,-14632,3736,3908,-1272,124,-82,-14824,-3192,5420,-459,151,-66,0
3560.928684949875,10716,5524,10568,-272,-36,115,10212,-8812,8840,-38,170,-205,-14732,3672,3932,-982,121,-102,-14812,-3220,5436,-474,161,-74,0
3560.9639010429382,10740,5448,10712,-281,-7,128,10060,-8880,8588,-68,147,-187,-14800,3792,3740,-960,155,-101,-14760,-3204,5296,-503,169,-70,0
3560.9998230934143,10992,5488,10616,-3,-58,136,10152,-8828,8820,-48,128,-206,-14764,3756,3728,-993,122,-151,-14684,-3288,5528,-484,178,-95,0
3561.03510594368,10644,5328,10604,-266,-70,147,10116,-8772,8816,-62,115,-214,-14428,3732,3740,-1002,151,-85,-14856,-3172,5408,-459,179,-61,0
3561.0704169273376,10636,5256,10584,-512,-109,145,10144,-8780,8824,-49,134,-227,-14748,3688,3596,-992,135,-151,-14768,-3292,5500,-465,194,-23,0
3561.105530023575,10668,5440,10620,-281,-88,117,10164,-8760,8852,-65,135,-218,-14784,3692,3688,-1003,121,-98,-14800,-3104,5368,-463,164,-75,0
3561.1407210826874,10692,5332,10672,-234,-106,140,10148,-8672,8760,-26,129,-192,-14696,3720,3712,-1016,112,-130,-14772,-3236,5288,-452,204,-64,0
3561.175925016403,10692,5428,10572,-273,-120,136,10188,-8672,8876,-50,111,-212,-14736,3724,4032,-970,115,-111,-14792,-3300,5380,-467,159,-51,0
3561.2114200592046,10528,5128,10532,-503,-147,143,10160,-8752,8660,-48,124,-206,-14672,3732,3656,-944,96,-114,-14792,-3216,5556,-446,177,-64,0
3561.2477509975433,10620,5376,10444,-270,-154,142,10156,-8708,8664,-60,145,-206,-14752,3756,3528,-992,59,-83,-14612,-3204,5372,-460,183,-90,0
3561.28279709816,10692,5436,10668,-257,-123,132,10120,-8672,8708,255,147,-190,-14664,3688,3636,-971,92,-86,-14856,-3200,5468,-475,203,-111,0
3561.318750143051,10792,5432,10424,-264,-114,153,10164,-8832,8868,-67,153,-200,-14772,3612,3844,-973,86,-95,-14820,-3152,5372,-456,169,-84,0
3561.3540201187134,10724,5620,10500,-253,-164,147,10044,-8820,8740,-17,124,-187,-14684,3808,3680,-1006,104,-91,-14784,-3100,5396,-449,177,-92,0
3561.3896939754486,10684,5328,10644,-271,-164,165,10152,-8836,8876,-26,142,-204,-14860,3676,3720,-992,93,-125,-14844,-3132,5528,-465,146,-69,0
3561.4248409271245,10960,5604,10436,-240,-126,146,10144,-8800,8880,-36,122,-172,-14820,3708,3848,-1005,112,-61,-14728,-3204,5308,-495,153,-107,0
3561.458414077759,10804,5148,10548,-247,-112,135,10184,-8720,8728,-34,125,-180,-14776,3568,3544,-776,106,-88,-14780,-3304,5208,-466,177,-83,0
3561.492021083832,10800,5384,10468,-233,-99,124,10228,-8684,8708,-28,150,-189,-14768,3660,3692,-1003,115,-106,-14912,-3184,5284,-467,148,-112,0
3561.5254669189453,10756,5440,10652,-203,-115,117,10148,-8888,8776,-65,131,-240,-14708,3704,3744,-995,92,-165,-14900,-3076,5436,-489,193,-132,0
3561.559095144272,10716,5284,10532,-236,-129,107,10104,-8732,8780,-14,164,-211,-14772,3720,3616,-1016,158,-132,-14844,-3048,5412,-462,124,-77,0
3561.592488050461,10792,5260,10472,-214,-86,139,10072,-8928,8724,6,83,-181,-14732,3708,3804,-1050,127,-43,-14836,-3252,5416,-472,174,-123,0
3561.6255559921265,10644,5380,10568,-231,-92,118,10204,-8956,8724,-12,155,-182,-14784,3636,3768,-1020,124,-87,-14812,-3232,5180,-484,92,-100,0
3561.6589460372925,10676,5120,10612,-200,-77,121,10152,-8780,8828,-78,126,-174,-14672,3748,3768,-1009,110,-95,-14792,-3084,5248,-530,140,-122,0
3561.692619085312,10704,5324,10248,-135,-69,112,10232,-8784,8872,-56,117,-184,-14744,3696,3660,-1018,150,-100,-14796,-3200,5416,-542,135,-135,0
3561.7258920669556,10692,5128,10572,-136,-36,98,10084,-8708,8768,-25,92,-209,-14596,3680,3752,-1016,167,-69,-14844,-3076,5420,-521,147,-139,0
3561.7594859600067,10524,5268,10692,-144,-60,88,10196,-8944,8916,-48,104,-202,-14740,3732,3860,-1032,153,-98,-14828,-3168,5444,-499,143,-107,0
3561.7929379940033,10940,5420,10676,-151,-57,59,10220,-8708,8496,-20,134,-205,-14768,3668,3812,-771,144,-108,-14708,-3184,5464,-480,141,-151,0
3561.8262009620667,10692,5628,10640,-138,-31,91,10140,-8784,8960,-17,128,-164,-14756,3672,3612,-1012,139,-113,-14692,-3160,5436,-492,157,-136,0
3561.8601920604706,10724,5408,10516,-107,-54,105,10152,-8700,8840,-42,126,-172,-14668,3784,3732,-1037,123,-60,-14736,-3100,5360,-495,120,-136,0
3561.893522977829,10624,5396,10544,-135,-44,99,10132,-8712,8552,-74,151,-218,-14604,3684,3676,-985,96,-77,-14756,-3160,5212,-488,127,-150,0
3561.9268870353694,10508,5356,10564,-134,-54,85,10124,-8808,8776,-62,154,-192,-14844,3604,3348,-996,103,-98,-15076,-3228,5452,-495,145,-144,0
3561.960504055023,10600,5440,10584,-120,-44,97,10320,-8756,8812,-41,152,-159,-14664,3688,3680,-1037,82,-95,-14732,-3220,5392,-481,154,-124,0
3561.993837118149,10620,5400,10644,-130,-37,74,10204,-8708,8764,-40,172,-174,-14664,3756,3624,-995,81,-48,-14736,-3128,5476,-481,137,-142,0
3562.027419090271,10780,5416,10580,-137,-44,125,10192,-8732,8500,-42,122,-166,-14756,3636,3740,-993,88,-70,-14892,-3152,5396,-467,168,-141,0
3562.0610499382014,10652,5408,10728,-144,-91,86,10132,-8456,8748,-21,158,-194,-14672,3636,3832,-990,75,-93,-14812,-3216,5412,-447,163,-134,0
3562.094551086426,10708,5368,10572,-140,-65,102,10212,-8768,8812,-80,174,-152,-14716,3760,3628,-981,41,-101,-14816,-3196,5468,-504,156,-161,0
3562.1278800964355,10720,5424,10760,-157,-60,105,10172,-8748,8920,-54,195,-164,-14836,3652,3744,-1013,26,-29,-14888,-3256,5188,-469,157,-150,0
3562.1610629558563,10668,5412,10636,-164,-33,89,10100,-8672,8772,-2,174,-145,-14632,3624,3660,-1007,20,-69,-14796,-3244,5468,-454,141,-165,0
3562.194379091263,10696,5484,10680,-143,-39,82,10168,-8844,8948,-64,155,-191,-14756,3692,3732,-1019,37,-98,-14748,-3272,5348,-494,142,-149,0
3562.228033065796,10708,5388,10636,-173,-62,86,10112,-8776,8776,-14,105,-197,-14772,3996,3704,-1006,108,-92,-14768,-3180,5332,-483,147,-129,0
3562.2616119384766,10668,5376,10660,-150,-30,96,10148,-8672,8820,2,137,-174,-14708,3704,3732,-1028,97,-58,-14596,-3208,5332,-492,121,-149,0
3562.295161962509,10740,5372,10508,-140,-28,88,10124,-8828,8740,-18,126,-141,-14728,3732,3784,-1001,39,-34,-14768,-3240,5432,-460,126,-133,0
3562.3284220695496,10568,5616,10708,-131,-42,83,10136,-8836,8800,-72,126,-185,-14724,3708,3784,-774,91,-40,-14800,-3172,5620,-471,82,-142,0
3562.361953020096,10692,5500,10612,-130,-59,73,10108,-8776,8892,-50,103,-163,-14708,3668,3600,-1008,92,-84,-14708,-3252,5456,-527,120,-162,0
3562.3953280448914,10624,5388,10540,-115,-52,98,10196,-8820,8704,30,137,-167,-14624,3740,3680,-1061,146,-65,-14812,-3276,5420,-513,127,-154,0
3562.4312460422516,10708,5392,10504,-65,-28,100,10116,-8660,8740,-19,92,-183,-14792,3816,3808,-1034,117,-75,-14776,-3320,5364,-509,111,-159,0
3562.4675469398494,10576,5364,10480,-103,-56,89,10156,-8736,8728,-4,138,-162,-14752,3812,4048,-1018,126,-43,-14772,-3240,5508,-502,100,-162,0
3562.5022909641266,10688,5504,10484,-118,-12,84,10168,-8760,8868,-19,113,-178,-14652,3736,3692,-1044,135,-117,-14748,-3260,5468,-515,133,-132,0
3562.5380420684814,10748,5472,10488,-118,-41,107,10184,-8664,8824,-26,82,-147,-14656,3752,3796,-1045,114,-59,-14856,-3304,5468,-486,123,-141,0
3562.5736389160156,10616,5416,10476,-155,-41,109,10160,-8628,8560,-64,133,-169,-14664,3876,3792,-987,109,-92,-14792,-3328,5432,-483,118,-144,0
3562.6091470718384,10664,5396,10432,-145,-90,73,10172,-8804,8948,-46,142,-182,-14676,3788,3692,-1017,95,-64,-14740,-3212,5372,-514,112,-144,0
3562.643970012665,10700,5524,10636,-114,-57,110,10144,-8864,8804,-36,134,-188,-14760,3700,3580,-999,113,-53,-14644,-3228,5608,-517,142,-149,0
3562.6803829669952,10684,5476,10372,-111,-31,63,10104,-8728,8720,-28,103,-199,-14624,3696,3956,-991,124,-59,-14820,-3188,5424,-501,129,-121,0
3562.7154579162598,10804,5436,10552,-131,-27,79,10132,-8776,8732,-14,131,-193,-14660,3624,3644,-1022,82,-57,-14612,-3184,5404,-455,149,-129,0
3562.750857114792,10536,5600,10668,-182,-39,87,10032,-8768,8956,-3,146,-181,-14644,3800,3632,-1008,68,-71,-15024,-3292,5576,-477,140,-108,0
3562.7875320911407,10788,5488,10560,-173,-36,116,10160,-8780,8828,-30,154,-159,-14680,3708,4056,-990,39,-81,-14820,-3256,5492,-485,158,-144,0
3562.8228261470795,10668,5428,10588,-229,-55,103,10164,-8780,8844,-29,192,-154,-14796,3668,3664,-1005,37,-89,-14672,-3244,5428,-428,161,-117,0
3562.8594069480896,10604,5488,10468,-502,-70,107,10100,-8716,8836,-12,179,-169,-14752,3728,3844,-1006,78,-96,-14764,-3256,5452,-449,144,-126,0
3562.894436120987,10676,5496,10904,-196,-114,79,10084,-8804,8840,-85,182,-191,-14668,3712,3556,-949,73,-67,-14832,-3300,5640,-483,168,-94,0
3562.930148124695,10644,5372,10452,-203,-67,96,10120,-8732,8796,-58,137,-192,-14568,3792,3528,-973,123,-108,-14832,-3176,5408,-473,157,-105,0
3562.969386100769,10748,5544,10544,-219,-37,130,10068,-8692,8884,-2,125,-152,-14704,3684,3668,-996,99,-88,-14828,-3180,5500,-431,176,-87,0
3563.0049879550934,10588,5492,10516,-292,-44,95,10000,-8772,8764,-27,179,-174,-14664,3748,3816,-987,94,-70,-14768,-3212,5488,-454,135,-85,0
3563.0407879352574,10612,5432,10528,-295,-41,128,10120,-8856,8812,-48,151,-193,-14836,3740,3724,-959,124,-121,-14836,-3184,5420,-495,183,-82,0
3563.07861995697,10632,5396,10604,-266,-96,135,10284,-8780,8836,-3,107,-207,-14700,3684,3744,-1067,159,-114,-14792,-3232,5488,-481,182,-72,0
3563.112153053284,10584,5352,10684,-266,-41,135,10080,-8928,8792,-13,128,-195,-14684,3624,3692,-1029,197,-118,-14800,-3252,5460,-485,153,-75,0
3563.145354986191,10660,5424,10496,-292,-121,153,10156,-8764,8788,-42,120,-229,-14788,3668,3820,-1019,163,-118,-14840,-3364,5180,-456,169,-93,0
3563.1786530017853,10644,5476,10628,-271,-19,117,10208,-8764,8784,-65,84,-201,-14720,3744,3684,-992,137,-47,-14608,-3292,5404,-476,153,-92,0
3563.212412118912,10608,5384,10564,-277,-98,121,10064,-8696,8856,255,108,-204,-14736,3672,3808,-1016,168,-99,-14844,-3172,5496,-498,168,-78,0
3563.2455739974976,10600,5424,10584,-262,-118,117,10252,-8808,8792,-40,129,-211,-14744,3596,3816,-985,165,-147,-14724,-3224,5500,-492,180,-70,0
3563.2794799804688,10688,5508,10744,-268,-125,152,10028,-8476,8812,-53,102,-239,-14816,3628,3672,-969,161,-119,-14840,-3188,5260,-477,152,-63,0
3563.3129830360413,10632,5332,10564,-228,-154,136,10176,-8952,8828,-82,116,-236,-14788,4052,3760,-979,89,-110,-14916,-3248,5612,-498,148,-82,0
3563.346652030945,10648,5280,10524,-263,-145,132,10072,-8676,8904,-6,119,-172,-14732,3772,3800,-1002,107,-55,-14736,-3184,5404,-502,164,-84,0
3563.3803310394287,10504,5456,10268,-234,-84,150,9992,-8640,8668,-28,109,-217,-14580,3652,3696,-987,154,-112,-14828,-3152,5500,-423,167,-59,0
3563.413689136505,10756,5396,10580,-226,-164,140,10460,-8780,8876,-67,111,-219,-14780,3720,3652,-1004,83,-138,-14968,-3232,5152,-474,175,-93,0
3563.4472279548645,10496,5372,10700,-259,-143,139,10448,-8716,8880,-35,179,-192,-14684,3668,3684,-982,54,-78,-14896,-3144,5436,-474,121,-102,0
3563.4806520938873,10744,5432,10676,-255,-106,124,10148,-8696,8756,-14,126,-169,-14644,3732,3584,-979,96,-101,-14880,-3188,5292,-478,142,-100,0
3563.5141630172734,10688,5384,10588,-214,-144,155,10184,-8572,8776,-10,133,-144,-14756,3648,3780,-994,74,-58,-14840,-3244,5348,-454,144,-87,0
3563.5476961135864,10628,5136,10540,-241,-120,145,10208,-8736,8764,-21,144,-176,-14704,3672,3880,-987,59,-119,-14768,-3216,5256,-467,157,-86,0
3563.5812070369725,10728,5356,10596,-259,-150,151,10104,-8616,8852,-4,166,-181,-14852,3776,3824,-979,72,-100,-14752,-3228,5504,-470,175,-58,0
3563.614711999893,10548,5152,10596,-231,-126,145,10184,-8508,8856,-31,152,-231,-14708,3716,3796,-949,91,-114,-14812,-3040,5436,-470,198,-68,0
3563.6481671333313,10632,5600,10596,-274,-159,128,10176,-8768,8740,20,117,-241,-14756,3648,3988,-992,125,-105,-14816,-3152,5428,-446,214,-77,0
3563.6813349723816,10664,5328,10760,-237,-137,121,10112,-8784,8764,-9,120,-205,-14708,3748,3652,-994,77,-114,-14768,-3148,5656,-479,176,-116,0
3563.714672088623,10760,5368,10668,-224,-133,113,10084,-8728,8768,-256,159,-185,-14712,3736,3756,-996,113,-72,-14884,-3160,5404,-494,138,-116,0
3563.7481849193573,10564,5352,10532,-208,-139,113,10120,-8764,8796,-28,118,-172,-14672,3624,3452,-1053,155,-89,-14832,-3156,5584,-463,84,-94,0
3563.7818560600285,10524,5384,10576,-197,-109,143,10092,-8792,8828,-47,67,-199,-14772,3740,3736,-1014,166,-86,-14640,-3232,5164,-546,129,-68,0
3563.8155770301814,10616,5308,10448,-149,-110,118,10276,-8856,8868,-18,100,-161,-14816,3692,3740,-1072,161,-82,-14728,-3144,5284,-517,122,-151,0
3563.8492901325226,10652,5328,10640,-137,-51,95,10116,-8848,8752,-22,135,-172,-14768,3612,3376,-1039,117,-113,-15036,-3152,5212,-519,107,-150,0
3563.882185935974,10712,5120,10536,-124,-70,82,10116,-8728,8796,-18,132,-160,-14776,3788,3336,-1064,135,-64,-14652,-3212,5460,-482,168,-129,0
3563.915524959564,10644,5304,10672,-130,-43,68,10008,-8628,8708,-12,124,-185,-14652,3724,3656,-1016,141,-76,-15068,-3148,5472,-485,132,-127,0
3563.949187040329,10512,5368,10256,-140,-33,93,10120,-8776,8816,-42,139,-153,-14704,3592,3588,-1012,93,-54,-14836,-3232,5348,-476,131,-170,0
3563.9827709198,10520,5352,10720,-112,-49,63,10108,-8832,8820,-53,120,-148,-14796,3812,3680,-1007,135,-94,-14828,-3208,5384,-514,111,-155,0
3564.0162410736084,10728,5384,10660,-98,-36,110,10176,-8760,8724,-46,117,-152,-14704,3688,3656,-998,125,-66,-14768,-3172,5460,-504,126,-148,0
3564.049973964691,10592,5376,10692,-147,-32,128,10168,-8740,8888,-49,129,-167,-14628,3628,3776,-999,103,-65,-14760,-3216,5412,-471,123,-134,0
3564.0834720134735,10668,5384,10496,-136,-61,95,10116,-8716,8860,-39,133,-175,-14620,3644,3592,-1027,67,-60,-14660,-3180,5388,-483,126,-145,0
3564.11976313591,10732,5368,10444,-104,-43,73,10144,-8744,8692,-51,184,-183,-14768,3632,3684,-976,89,-62,-14764,-3224,5428,-486,190,-144,0
3564.1550691127777,10668,5192,10584,-110,-72,99,10152,-8788,8716,-23,136,-193,-14644,3716,3896,-979,56,-86,-14832,-3232,5432,-480,165,-120,0
3564.1907839775085,10676,5368,10564,-124,-102,83,10168,-8696,8812,-26,151,-208,-14716,3648,3504,-986,40,-83,-14596,-3252,5396,-438,202,-166,0
3564.226072072983,10728,5120,10544,-125,-38,83,10192,-8916,8900,-36,172,-144,-14768,3652,3516,-986,7,-58,-14876,-3264,5396,-473,106,-145,0
3564.2618999481206,10872,5312,10576,-142,-42,60,10212,-8768,8688,-66,192,-161,-14928,3732,3688,-1019,36,-85,-14788,-3184,5324,-487,143,-167,0
3564.298038005829,10664,5500,10376,-156,-61,93,10056,-8804,8788,23,170,-150,-14712,3636,3664,-1019,28,-58,-14792,-3276,5508,-486,101,-162,0
3564.333871126175,10700,5452,10644,-79,15,61,10004,-8792,8740,-92,101,-176,-14704,3672,3904,-987,59,-72,-14840,-3232,5372,-477,150,-146,0
3564.369826078415,10700,5336,10524,-164,-73,65,10080,-8760,8828,-4,141,-174,-14624,3792,3544,-1032,101,-87,-14772,-3156,5628,-498,109,-169,0
3564.4049711227417,10932,5148,10724,-80,247,90,10056,-8460,8784,-253,110,-123,-14732,3716,3788,-1041,63,3,-14880,-3272,5424,-483,92,-192,0
3564.440653085708,10652,5464,10528,-101,-24,79,10228,-8688,8720,-20,172,-127,-14664,3704,4092,-994,23,-79,-14812,-3196,5452,-505,77,-153,0
3564.4762101173405,10648,5532,10652,-114,-46,96,10104,-8768,8772,-57,121,-116,-14604,3760,3692,-1001,80,-35,-14844,-3220,5464,-509,106,-155,0
3564.5119540691376,10728,5472,10628,-92,-20,62,10084,-8764,8792,-20,127,-134,-14736,3716,3500,-1275,91,-54,-14720,-3160,5412,-487,125,-141,0
3564.5475420951843,10604,5420,10624,-101,-17,102,10192,-8764,8488,-256,187,-149,-14640,3636,3644,-1039,163,-96,-14736,-3132,5288,-503,127,-111,0
3564.583394050598,10592,5380,10584,-134,-96,125,10164,-8744,8784,-16,55,-214,-14712,3816,3808,-1279,105,-49,-14872,-3232,5488,-497,159,-139,0
3564.6187469959254,10552,5364,10664,-125,-43,67,10224,-8672,8824,-10,129,-167,-14704,3592,3792,-1039,143,-55,-14888,-3088,5412,-472,80,-143,0
3564.6536190509796,10772,5412,10576,-138,11,79,10124,-8768,8876,42,121,-125,-14740,3732,3696,-1037,111,-42,-14752,-3096,5444,-540,109,-152,0
3564.689311981201,10656,5488,10584,-97,-32,87,10148,-8752,8860,-22,105,-149,-14716,3600,3764,-1039,107,243,-14804,-3080,5420,-263,77,-149,0
3564.7240850925446,10632,5476,10612,-134,-41,108,10096,-8760,8804,-29,123,-157,-14728,3724,3692,-975,76,-52,-14704,-3276,5424,-501,123,-154,0
3564.7613270282745,10704,5464,10692,-151,-45,68,10168,-8772,8640,-66,139,-188,-14712,3652,3696,-1009,107,-100,-14724,-3284,5288,-505,129,-162,0
3564.794847011566,10740,5464,10456,-144,-80,69,10204,-8928,8848,-45,123,-178,-14712,3672,3736,-1028,121,-89,-14796,-3292,5428,-487,141,-146,0
3564.828674077988,10576,5452,10548,-142,-49,106,10136,-8800,8764,-13,120,-188,-14632,3772,3756,-1018,101,-63,-14760,-3108,5444,-491,141,-128,0
3564.8621909618378,10616,5512,10532,-144,-49,70,10136,-8740,8480,-10,190,-150,-14736,4020,4072,-1006,87,-51,-14652,-3244,5540,-480,149,-122,0
3564.8955919742584,10572,5568,10472,-174,-16,89,10096,-8704,8828,-38,117,-184,-14628,3752,3708,-1003,65,-93,-14760,-3264,5364,-502,164,-158,0
3564.929135084152,10692,5452,10664,-138,-32,77,10168,-8840,8788,-51,163,-164,-14760,3792,3712,-982,61,-92,-14784,-3232,5376,-478,137,-112,0
3564.962590932846,10616,5408,10556,-207,-26,109,10100,-8800,8868,-29,166,-174,-14740,3676,3780,-1007,69,-53,-14792,-3252,5496,-448,150,-98,0
3564.996531009674,10644,5524,10640,-233,-47,136,10100,-8668,8772,-12,149,-157,-14708,3684,3884,-1010,87,-34,-14832,-3312,5516,-443,146,-72,0
3565.0300369262695,10644,5524,10248,-215,-93,109,10096,-8704,8808,-98,167,-179,-14748,3736,3928,-985,38,-75,-14732,-3288,5516,-441,178,-97,0
3565.0636830329895,10708,5432,10492,-254,-122,109,10180,-8720,8856,-42,174,-207,-14724,3828,3704,-942,72,-85,-14864,-3204,5324,-432,183,-67,0
3565.0973260402684,10716,5524,10504,-503,-60,158,10040,-8596,8712,-41,120,-165,-14592,3740,3656,-988,120,-109,-14712,-3264,5532,-423,192,-56,0
3565.1307520866394,10620,5564,10644,-291,-59,152,10100,-8812,8656,-37,178,-197,-14660,4084,3868,-986,86,-93,-14768,-3336,5556,-432,182,-63,0
3565.1643550395966,10640,5416,10660,-327,-24,119,10160,-8872,8872,-91,179,-179,-14676,3816,3612,-958,112,-87,-14880,-3220,5476,-467,169,-76,0
3565.197932958603,10636,5376,10668,-317,-76,128,10124,-8708,8804,-68,195,-196,-14704,3808,4008,-956,97,-113,-14780,-3216,5472,-486,219,-58,0
3565.23144698143,10648,5440,10556,-300,-78,148,10044,-8752,8924,-7,126,-205,-14664,3764,3888,-1005,142,-161,-14808,-3292,5484,-467,206,-33,0
3565.264925003052,10600,5380,10512,-279,-69,177,10224,-8900,8788,-29,150,-226,-14684,3820,3740,-1016,146,-168,-14784,-3292,5528,-444,214,-79,0
3565.2984781265254,10568,5384,10632,-316,-136,159,10112,-8796,8744,-50,124,-213,-14704,3744,3712,-1001,119,-143,-14804,-3256,5292,-468,190,-64,0
3565.3320629596706,10692,5432,10728,-274,-105,126,10152,-8872,8708,-42,152,-215,-14720,3748,3644,-1013,115,-111,-14932,-3200,5460,-443,172,-92,0
3565.365560054779,10716,5452,10684,-271,-121,156,9984,-8688,8860,-3,90,-219,-14756,3748,3660,-1025,111,-127,-14744,-3184,5524,-475,179,-48,0
3565.3988349437714,10672,5464,10664,-262,-116,160,10080,-8488,8828,-4,108,-220,-14776,3692,3680,-1006,197,-158,-14812,-3256,5488,-494,144,-73,0
3565.43238902092,10644,5512,10660,-281,-118,123,10284,-8672,8752,-45,83,-209,-14664,3596,3808,-1004,161,-127,-14824,-3196,5376,-485,141,-72,0
3565.4660029411316,10756,5364,10492,-233,-134,139,10096,-8752,8796,-16,128,-188,-14792,3672,3792,-996,140,-89,-15080,-3276,5156,-527,138,-69,0
3565.499813079834,10572,5304,10456,-231,-127,117,10120,-8656,8668,-20,138,-224,-14716,3636,3632,-1024,123,-86,-14876,-3164,5308,-527,145,-91,0
3565.5335071086884,10724,5468,10668,-217,-121,141,10196,-8780,8800,-24,129,-206,-14436,3688,3352,-1007,150,-128,-14780,-3256,5348,-512,139,-114,0
3565.5668189525604,10716,5368,10732,-249,-135,147,9840,-8764,8728,-7,127,-210,-14764,3684,3980,-1036,152,-153,-14716,-3236,5452,-483,184,-66,0
3565.600331068039,10680,5428,10680,-245,-135,145,10136,-8820,8756,-10,97,-198,-14712,3760,3716,-988,147,-132,-14808,-3196,5412,-487,152,-73,0
3565.633649110794,10828,5416,10772,-225,-151,145,10196,-8832,8924,-70,112,-205,-14732,3728,3632,-978,89,-85,-15040,-3212,5388,-523,177,-95,0
3565.6671731472015,10776,5336,10592,-244,-156,127,10136,-8900,8772,-64,130,-206,-14696,3676,3792,-1009,127,-92,-14812,-3228,5436,-470,130,-81,0
3565.7007400989532,10536,5424,10648,-228,-117,134,10376,-8708,8816,-25,115,-195,-14656,3676,3816,-1010,127,-114,-14840,-3144,5412,-472,151,-106,0
3565.734045982361,10664,5396,10904,-216,-143,130,10180,-8820,8808,-70,146,-209,-14844,3592,3668,-980,80,-114,-14920,-3108,5416,-482,175,-106,0
3565.7674920558934,10696,5348,10532,-237,-112,137,10228,-8860,8808,-17,115,-186,-14708,3812,3752,-1004,131,-92,-14700,-3128,5432,-467,146,-94,0
3565.804095029831,10744,5352,10616,-228,-105,141,9996,-8660,8704,-21,115,-184,-14772,3616,3732,-983,83,-65,-14792,-3228,5364,-493,140,-101,0
3565.839714050293,10676,5376,10740,-217,-110,106,10116,-8692,8788,-53,156,-191,-14668,3672,3740,-973,73,-61,-14732,-3192,5540,-494,131,-109,0
3565.8750419616695,10580,5552,10668,-196,-98,114,10420,-8788,8676,-88,133,-184,-14672,3740,3628,-968,51,-100,-14756,-3188,5152,-492,184,-125,0
3565.9107389450073,10500,5336,10680,-122,-99,96,10108,-8944,8760,-48,149,-175,-14752,3728,3616,-974,41,-76,-14600,-3228,5600,-496,203,-126,0
3565.9455029964447,10736,5304,10448,-123,-45,100,10148,-8660,8756,-19,113,-190,-14620,3816,3728,-1028,84,-105,-15104,-3164,5360,-454,188,-124,0
3565.9820239543915,10628,5368,10428,-152,-111,90,10176,-8568,8764,-11,148,-217,-14756,3604,3744,-990,76,-123,-14868,-3260,5380,-431,170,-129,0
3566.017470121384,10816,5592,10552,-165,-46,88,10200,-8832,8948,-38,143,-175,-14752,3808,3696,-992,105,-55,-15100,-3152,5332,-476,150,-138,0
3566.052688121796,10680,5368,10756,-112,-49,76,10184,-8688,8780,5,130,-180,-14708,3632,3700,-1001,118,-102,-14772,-3152,5352,-491,150,-147,0
3566.0881299972534,10580,5476,10456,-143,-57,111,10132,-8480,8840,-35,142,-178,-14736,3824,3636,-777,81,-64,-14780,-3292,5368,-472,161,-138,0
3566.1237001419067,10728,5368,10556,-156,-59,99,10080,-8752,8716,-26,147,-189,-14808,3688,3760,-1007,126,-82,-14828,-3152,5316,-488,157,-140,0
3566.1593050956726,10676,5124,10616,-138,-42,97,10076,-8828,8964,-53,151,-183,-14836,3732,3984,-1002,103,-69,-14868,-3236,5412,-488,163,-136,0
3566.194510936737,10700,5396,10924,-139,-57,104,10212,-8812,8760,-20,124,-161,-14724,3672,3620,-1035,115,-127,-14852,-3160,5364,-487,124,-141,0
3566.229726076126,10720,5424,10636,-152,-85,90,10192,-8736,8748,-4,97,-184,-14724,3652,3644,-1047,105,-46,-14848,-3204,5464,-461,149,-135,0
3566.265020132065,10696,5304,10664,-162,-57,58,10176,-8452,8788,-18,139,-163,-14820,3752,3728,-1012,135,-74,-14884,-3180,5416,-481,86,-135,0
3566.3007011413574,10736,5344,10532,-162,-37,116,10144,-8708,8732,-15,119,-164,-14812,3752,3744,-1031,110,-78,-14780,-3128,5400,-530,96,-134,0
3566.335475921631,10736,5504,10572,-127,-54,76,10152,-8804,8924,-29,105,-155,-14672,3636,3744,-1003,110,-64,-14772,-3244,5308,-545,92,-129,0
3566.3713331222534,10656,5440,10492,-85,-6,52,10112,-8704,8744,15,194,-161,-14708,3832,4056,-1034,94,-83,-14800,-3152,5468,-527,121,-162,0
3566.4072110652924,10824,5336,10624,-135,-81,66,10112,-8748,8744,-44,128,-175,-14784,3700,3688,-1008,87,-98,-14784,-3228,5508,-474,103,-158,0
3566.443916082382,10644,5340,10604,-125,-13,88,10108,-8732,8768,-6,131,-187,-14636,3684,3832,-773,151,-14,-15036,-3200,5252,-482,112,-131,0
3566.4774210453033,10992,5484,10416,-117,-35,97,10164,-8920,8900,-17,124,-140,-14648,3692,3684,-1015,77,-53,-15104,-3100,5616,-495,85,-174,0
3566.511049985885,10980,5460,10608,-129,-11,81,10116,-8696,8768,-33,131,-150,-14756,3640,3740,-985,32,-74,-14860,-3272,5620,-501,88,-184,0
3566.5442681312566,10692,5404,10632,-122,-20,66,9992,-8840,9000,-13,150,-155,-14756,3688,3888,-1004,76,-54,-14652,-3320,5236,-512,120,-132,0
3566.5777790546417,10660,5404,10520,-86,-17,82,10104,-8756,8500,-30,140,-157,-14704,3644,3792,-769,99,-35,-14792,-3296,5456,-481,121,-187,0
3566.6112101078033,10716,5344,10720,-126,-40,95,10104,-8700,8764,-1,144,-156,-14776,3692,3660,-1045,104,-76,-15000,-3268,5388,-485,141,-163,0
3566.6444940567017,10716,5444,10428,-115,-68,110,10176,-8736,8844,2,123,-167,-14700,3772,3844,-1012,55,-91,-14768,-3304,5508,-472,145,-157,0
3566.67773103714,10652,5536,10652,-121,-69,83,10132,-8700,8828,-41,164,-172,-14740,3748,3628,-971,48,-77,-14740,-3080,5484,-441,140,-128,0
3566.711215019226,10728,5484,10464,-100,-66,90,10216,-8788,8852,-59,144,-163,-14688,3772,3688,-1011,41,-78,-14916,-3232,5284,-490,195,-138,0
3566.7442131042485,10508,5496,10648,-109,-100,110,10180,-8792,8852,-48,100,-166,-14728,3704,3800,-1008,60,-94,-14904,-3264,5348,-466,139,-111,0
3566.7777750492096,10544,5412,10596,-139,-50,95,10092,-8656,8764,-40,146,-183,-14396,3724,3652,-980,62,-85,-14744,-3356,5388,-436,126,-127,0
3566.8111701011658,10564,5464,10308,-164,-64,99,10116,-8860,8720,-17,161,-202,-14832,3724,3728,-1007,66,-61,-14816,-3192,5416,-491,139,-156,0
3566.84454202652,10552,5412,10620,-150,-94,98,10152,-8784,8756,-33,108,-171,-14728,3848,3740,-1015,109,-81,-14792,-3196,5412,-468,154,-137,0
3566.8780279159546,10520,5448,10424,-142,-46,90,10268,-8724,8876,-9,132,-135,-14704,3724,3768,-1003,76,-106,-14788,-3248,5332,-495,108,-149,0
3566.9114260673523,10716,5468,10728,-126,-29,98,10080,-8736,8760,25,156,-164,-14584,3720,3816,-1045,96,-78,-14784,-3260,5416,-479,135,-148,0
3566.9447669982906,10752,5420,10460,-131,-39,91,10048,-8636,8848,-33,129,-169,-14584,3648,3672,-1279,94,-55,-14756,-3300,5476,-496,133,-135,0
3566.9782540798187,10640,5496,10624,-158,-46,98,10096,-8720,8588,-34,131,-192,-14672,3664,3832,-994,92,-43,-14804,-3256,5612,-479,92,-142,0
3567.012022018432,10740,5508,10568,-154,-63,107,10332,-8700,8740,11,254,-66,-14684,3872,3812,-1082,81,-73,-14836,-3212,5348,-501,140,-138,0
3567.0454590320587,10624,5472,10704,-221,-14,76,10104,-8892,8852,22,204,-123,-14804,3788,3832,-770,169,-68,-14776,-3244,5480,-526,87,-100,0
3567.0789110660553,10592,5612,10420,-193,-245,111,10132,-8732,8832,15,126,-149,-14704,3644,3736,-1046,150,-39,-14732,-3556,5324,-437,110,-108,0
3567.1124539375305,10728,5464,10600,-217,-50,93,10012,-8796,8792,-47,127,-184,-14788,3792,3828,-982,116,-92,-14748,-3244,5460,-500,143,-143,0
3567.1456530094147,10656,5396,10684,-202,-4,82,10168,-8844,8684,-16,121,-204,-14660,3712,3884,-1017,148,-103,-14776,-3280,5396,-496,132,-111,0
3567.179188013077,10688,5428,10560,-210,-19,134,10108,-8804,8728,-8,153,-161,-14740,3792,3752,-1029,110,-93,-14808,-3380,5404,-493,141,-134,0
3567.212918996811,10720,5492,10660,-232,17,129,10144,-8748,8760,-30,166,-177,-14704,3648,3784,-1013,98,-70,-14748,-3336,5404,-470,129,-90,0
3567.2461810112004,10548,5488,10640,-280,-52,122,10104,-8808,8924,-61,129,-184,-14684,3732,3752,-968,145,-116,-14776,-3288,5396,-461,154,-68,0
3567.2794709205627,10664,5432,10548,-267,-27,142,10100,-8820,8904,-49,127,-165,-14616,3708,3864,-1000,145,-138,-14636,-3208,5432,-470,183,-55,0
3567.312996149063,10520,5412,10572,-313,-63,140,10064,-8768,8816,250,179,-201,-14612,3716,4040,-1033,157,-131,-14784,-3256,5476,-477,208,-46,0
3567.3464629650116,10660,5404,10456,-271,-67,138,10012,-8804,8936,-34,90,-211,-14808,3632,3616,-1278,146,-95,-14712,-3296,5344,-458,203,-51,0
3567.380131006241,10716,5456,10692,-312,-100,144,10092,-8796,8792,-15,147,-222,-14376,3748,3832,-1006,104,-101,-14880,-3260,5460,-457,199,-60,0
3567.4136400222774,10692,5344,10724,-302,-83,110,10144,-8808,8896,-25,175,-201,-14700,3776,3828,-983,95,-149,-14700,-3196,5372,-437,201,-97,0
3567.446881055832,10664,5408,10660,-321,-115,165,10092,-8752,8712,-51,166,-216,-14792,3688,4048,-957,78,-164,-14840,-3188,5364,-459,183,-63,0
3567.483446121216,10600,5396,10608,-288,-133,140,10052,-8840,8900,-70,123,-217,-14600,3664,3624,-970,104,-109,-14776,-3208,5436,-439,180,-86,0
3567.519180059433,10580,5420,10596,-287,-169,148,10192,-8748,8732,-61,165,-240,-14660,3684,3844,-982,99,-168,-14812,-3256,5316,-439,240,-69,0
3567.5542669296265,10648,5552,10576,-286,-182,142,10164,-8768,8880,9,170,-252,-14788,3732,3620,-976,74,-135,-14748,-3192,5588,-430,206,-74,0
3567.5894980430603,10680,5576,10712,-287,-160,125,10120,-8728,8788,-33,132,-223,-14708,3724,3680,-997,96,-130,-14616,-3152,5460,-428,181,-86,0
3567.624563932419,10712,5468,10620,-269,-149,160,10180,-8720,8736,-19,154,-220,-14752,3716,3792,-1011,93,-97,-14684,-3168,5596,-495,182,-108,0
3567.6604130268097,10536,5344,10652,-221,-149,120,10172,-8724,8828,-23,137,-212,-14816,3772,3668,-1011,97,-122,-14740,-3284,5376,-485,165,-94,0
3567.6955060958862,10660,5380,10620,-237,-95,140,10236,-8920,8824,-25,110,-202,-14760,3616,3788,-1000,106,-74,-14756,-3256,5436,-484,135,-96,0
3567.731313943863,10776,5452,10424,-205,-107,154,10076,-8772,8852,-60,108,-178,-14708,3684,3672,-981,123,-97,-14764,-3228,5424,-479,126,-57,0
3567.7673790454865,10772,5400,10400,-247,-161,155,10224,-8728,8752,-36,108,-181,-14756,3700,3668,-1009,73,-84,-14800,-3256,5624,-493,147,-94,0
3567.802323102951,10748,5628,10764,-284,-125,123,10076,-8728,8768,-7,138,-204,-14684,3676,3836,-1016,86,-92,-15056,-3188,5616,-476,163,-88,0
3567.8380699157715,10696,5388,10616,-224,-105,126,10204,-8564,8780,-37,118,-195,-14676,3672,3772,-1032,138,-86,-14876,-3168,5260,-459,160,-94,0
3567.8729729652405,10960,5360,10732,-235,-170,131,10176,-8812,8728,-18,100,-215,-14732,3796,3724,-1017,166,-133,-14920,-3168,5424,-502,176,-82,0
3567.908611059189,11004,5368,10300,-224,-139,133,10088,-8684,8784,-33,100,-177,-14812,3640,3916,-1042,164,-50,-14864,-3284,5308,-504,124,-107,0
3567.9437069892883,10736,5384,10592,-219,-80,129,10116,-8664,8672,-50,104,-168,-14748,3676,3736,-1004,118,-124,-14724,-3224,5600,-495,124,-112,0
3567.9836101531982,10744,5320,10504,-201,-102,98,10120,-8792,8800,-29,95,-185,-14740,3648,3676,-1022,123,-83,-14840,-3112,5364,-512,137,-117,0
3568.0197129249573,10784,5420,10416,-124,-83,103,10176,-8744,8760,-62,120,-197,-14732,3612,3464,-769,122,-91,-14616,-3172,5432,-519,158,-149,0
3568.0549631118774,10716,5356,10320,-157,-90,115,10160,-8764,8644,-12,125,-200,-14724,3600,3704,-1039,132,-75,-14760,-2880,5452,-531,161,-120,0
3568.090436935425,10816,5320,10544,-78,-63,67,10204,-8944,8952,-15,143,-195,-14712,3680,3720,-1056,115,-63,-14844,-3240,5412,-487,158,-141,0
3568.1267869472504,10728,5320,10480,-150,-56,67,10064,-8948,8924,-8,156,-197,-14692,3744,3896,-989,123,-115,-14820,-3244,5452,-509,102,-138,0
3568.160112142563,10772,5624,10748,-128,-20,82,10180,-8784,8712,-33,137,-184,-14752,3612,3912,-777,108,-116,-14768,-3128,5364,-497,124,-148,0
3568.1937661170964,10604,5428,10464,-109,-22,90,10180,-8724,8864,-61,129,-149,-14768,3756,3708,-1025,105,-75,-14772,-3204,5548,-496,129,-153,0
3568.227461099624,10632,5376,10552,-126,-53,95,10048,-8708,8852,-61,119,-154,-14624,3716,3720,-1009,107,-54,-14792,-3104,5152,-473,138,-141,0
3568.2610790729523,10796,5416,10592,-118,-25,90,10156,-8632,8684,-55,171,-159,-14756,3680,3788,-989,56,-86,-14748,-3244,5424,-501,100,-181,0
3568.294095993042,10976,5292,10524,-142,-35,51,10172,-8804,9116,-26,159,-172,-14340,3652,3720,-1279,72,-83,-14812,-3200,5388,-499,172,-142,0
3568.3275060653687,10608,5452,10560,-127,-22,70,10260,-8584,8888,252,150,-164,-14740,3824,3596,-1012,113,-87,-14772,-3228,5264,-449,154,-127,0
3568.3610310554504,10572,5400,10504,-122,-51,72,10092,-8752,8812,-70,123,-223,-14716,3628,3612,-984,63,-59,-14760,-3180,5464,-458,188,-123,0
3568.394338130951,10744,5372,10528,-149,-111,93,10128,-8748,8760,-49,190,-191,-14780,3720,3784,-968,32,-99,-15092,-3180,5144,-496,138,-149,0
3568.4278559684753,10652,5452,10452,-126,-44,80,10144,-8792,8816,-19,171,-138,-14756,3648,3828,-962,71,-107,-14800,-3272,5444,-482,131,-141,0
3568.461462020874,10608,5436,10696,-153,-18,91,10212,-8720,8836,-23,171,-153,-14728,3684,3820,-1034,47,-55,-14680,-3204,5328,-443,141,-143,0
3568.494709968567,10740,5416,10580,-151,-25,94,10316,-8900,8936,9,157,-143,-14652,3640,3860,-1005,18,-4,-14800,-3292,5360,-464,102,-155,0
3568.5281591415405,10648,5420,10692,-139,-30,83,10188,-8800,8848,-32,178,-165,-14672,3676,3796,-995,21,-31,-15088,-3244,5412,-477,73,-162,0
3568.561669111252,10740,5444,10644,-151,-32,105,10020,-8836,8772,-18,135,-161,-14736,3816,3688,-1021,59,-99,-14640,-3192,5440,-506,148,-129,0
3568.5953390598297,10656,5628,10644,-85,-32,47,10156,-8756,8904,247,147,-199,-14660,3700,3592,-776,47,-66,-14676,-3160,5368,-514,105,-149,0
3568.628613948822,10640,5160,10612,-125,-5,62,10088,-8800,8804,-21,100,-178,-14668,3708,3680,-1030,61,-64,-14736,-3192,5216,-480,122,-157,0
3568.6618781089783,10680,5468,10604,-125,-45,84,10076,-8748,8816,-16,117,-176,-14716,3660,3608,-1032,65,-76,-14844,-3288,5504,-483,118,-151,0
3568.6955339908604,10648,5404,10644,-120,-12,95,10392,-8768,8908,-45,92,-157,-14776,3796,3876,-1079,105,-81,-14596,-3232,5420,-497,90,-145,0
3568.7290420532227,10604,5448,10512,-117,-32,64,10196,-8952,8748,-85,123,-170,-14724,3636,3684,-989,89,-78,-14836,-3248,5424,-492,102,-176,0
3568.7626700401306,10736,5440,10536,-106,-67,82,10044,-8712,8952,-43,87,-163,-14640,3684,3852,-994,69,-254,-14920,-3240,5272,-550,118,-184,0
3568.79608297348,10736,5436,10524,-86,10,84,10124,-8760,8784,6,95,-134,-14552,3708,3604,-1018,51,-38,-14828,-3192,5308,-530,78,-176,0
3568.829623937607,10932,5504,10708,-73,-32,79,10068,-8764,8808,9,132,-170,-14672,3636,3756,-1052,114,-81,-14836,-3320,5132,-495,106,-165,0
3568.863131046295,10604,5156,10588,-127,-17,80,10180,-8684,8932,-37,130,-147,-14704,3792,3840,-998,57,-73,-14776,-3360,5372,-511,117,-175,0
3568.896409034729,10648,5400,10308,-123,-36,90,10164,-8780,8840,-51,134,-143,-14768,3764,3748,-1024,82,-43,-14736,-3296,5408,-467,115,-115,0
3568.929309129715,10652,5424,10664,-152,-43,123,10160,-8796,8852,-32,126,-156,-14592,3664,3764,-771,94,-90,-14840,-3304,5420,-468,130,-107,0
3568.9628500938416,10632,5476,10536,-221,-62,81,10160,-8772,8788,-27,161,-191,-14808,3692,3608,-1035,76,-86,-14780,-3188,5464,-484,125,-108,0
3568.996595144272,10564,5468,10644,-246,-58,128,10116,-8860,8816,-33,133,-183,-14672,3744,3664,-1051,17,-82,-14740,-3276,5404,-475,155,-137,0
3569.0300920009613,10664,5772,10588,-259,-36,110,10096,-8848,8676,-64,149,-182,-14620,3716,3872,-951,25,-107,-14764,-3568,5412,-468,178,-109,0
3569.063497066498,10572,5376,10684,-189,-103,123,10144,-8796,8860,-105,137,-190,-14692,4092,3812,-953,79,-92,-14768,-3244,5404,-507,179,-100,0
3569.0973439216614,10644,5424,10276,-225,-94,117,10076,-8720,8740,-76,163,-231,-14712,3716,3740,-964,77,-124,-14408,-3244,5432,-472,196,-88,0
3569.1305990219116,10604,5604,10636,-282,-118,146,10040,-8932,8816,-54,159,-219,-14748,3676,3628,-985,59,-167,-14708,-3136,5608,-454,232,-60,0
3569.16757106781,10600,5348,10384,-291,-138,124,10192,-8840,8888,-36,173,-217,-14720,3648,4076,-937,59,-108,-14808,-3276,5416,-422,248,-37,0
3569.202803134918,10672,5428,10636,-330,-104,141,10036,-8756,8672,-60,184,-194,-14780,3736,3740,-980,105,-135,-14900,-3300,5464,-443,185,-88,0
3569.238573074341,10684,5316,10684,-340,-108,126,10232,-8800,8756,-66,178,-217,-14836,3780,4044,-1015,24,-97,-14888,-3256,5452,-465,213,-103,0
3569.2738530635834,10720,5348,10512,-328,-99,149,10132,-8716,8804,-26,175,-164,-14620,3640,3876,-980,13,-144,-14636,-3496,5300,-452,172,-71,0
3569.3088779449463,10688,5572,10652,-263,-54,125,10172,-8756,8820,-96,198,-203,-14736,3672,3840,-916,23,-115,-14760,-3204,5432,-489,208,-72,0
3569.344075918197,10996,5432,10608,-300,-129,141,10124,-8804,8804,-17,164,-241,-14736,3856,3724,-1042,107,-92,-14872,-3088,5420,-453,175,-68,0
3569.379725933075,10764,5616,10500,-507,-55,150,10152,-8764,8716,-63,122,-184,-14648,3744,3588,-1000,45,-81,-14828,-3232,5332,-497,116,-101,0
3569.415045976639,10720,5412,10728,-227,-103,137,10148,-8808,8868,-59,115,-159,-14776,3708,4068,-1004,33,-75,-14764,-3260,5428,-499,118,-88,0
3569.450614929199,10736,5616,10616,-238,-52,129,10100,-8812,8880,-84,165,-176,-14620,3672,3796,-976,57,-49,-14776,-3212,5144,-525,119,-99,0
3569.4861199855804,10764,5376,10684,-178,-100,148,10132,-8760,8872,-39,106,-195,-14632,3768,3728,-1028,129,-123,-14852,-3136,5256,-501,179,-65,0
3569.5218031406403,10572,5348,10448,-230,-129,153,10116,-8688,8836,-48,106,-215,-14696,3744,3752,-1029,145,-64,-14784,-3252,5388,-514,195,-87,0
3569.5577120780945,10684,5180,10508,-187,-153,127,10140,-8908,8744,-53,112,-224,-14600,3680,4164,-1020,98,-122,-14776,-3248,5128,-482,195,-94,0
3569.5928020477295,10700,5300,10632,-261,-125,123,10108,-8812,8748,-43,142,-220,-14652,3776,3752,-997,80,-89,-14876,-3252,5380,-483,188,-130,0
3569.6286809444427,10728,5584,10696,-222,-113,125,10108,-8788,8784,-23,118,-202,-14600,3660,4036,-1010,108,-84,-14872,-3276,5512,-503,152,-90,0
3569.6636650562286,10648,5416,10368,-193,-96,114,10212,-8808,8712,-28,130,-192,-14608,3708,3956,-977,69,-86,-14752,-3516,5180,-450,155,-96,0
3569.6991419792175,10664,5212,10656,-189,-124,133,10112,-8780,8784,-35,150,-186,-14616,3616,4088,-996,103,-69,-14724,-3184,5452,-464,168,-99,0
3569.735127925873,10600,5368,10672,-191,-110,117,10212,-8856,8940,-52,108,-184,-14700,3592,3672,-994,127,-136,-14836,-3160,5236,-474,161,-129,0
3569.7704279422765,10792,5364,10624,-193,-105,114,10092,-8768,8784,-45,133,-211,-14636,3628,4072,-977,63,-130,-14620,-3232,5368,-499,154,-111,0
3569.8066949844365,10544,5376,10472,-158,-77,94,10124,-8744,8684,-58,119,-183,-14732,3688,3428,-994,118,-92,-14728,-3232,5300,-489,119,-93,0
3569.8402349948883,10700,5340,10568,-137,-64,111,10416,-8840,8704,-24,86,-170,-14644,3716,4068,-1062,156,-46,-14752,-3232,5264,-425,152,-94,0
3569.873759031296,10740,5424,10632,-159,-32,92,10212,-8472,8828,-57,129,-183,-14656,3740,3696,-1028,70,-38,-14780,-3240,5308,-483,165,-136,0
3569.907128095627,10512,5396,10508,-141,-69,85,10156,-8820,8944,-77,104,-168,-14712,3668,3960,-992,33,-61,-14740,-3216,5392,-503,143,-146,0
3569.940845012665,10716,5364,10632,-149,-66,95,10144,-8788,8904,-48,161,-169,-14604,3688,3780,-1008,75,-90,-14812,-3148,5224,-490,132,-140,0
3569.974098920822,10712,5368,10532,-109,-25,104,10116,-8772,8840,-81,172,-161,-14700,3644,3608,-970,88,-58,-14724,-3312,5528,-504,121,-160,0
3570.0076401233673,10640,5388,10540,-127,-52,74,10096,-8804,8740,-69,169,-197,-14692,3664,3808,-961,72,-63,-14892,-3116,5356,-499,142,-134,0
3570.041095972061,10636,5396,10364,-140,-65,79,10124,-8772,8468,-25,137,-187,-14612,3688,3788,-988,87,-81,-14864,-3192,5480,-485,148,-121,0
3570.074779987335,10644,5376,10588,-130,-248,93,10176,-8760,8472,-42,131,-146,-14736,3548,3940,-953,68,-86,-14608,-3192,5424,-475,105,-158,0
3570.1083710193634,10692,5400,10424,-128,250,90,10156,-8636,8792,-57,163,-159,-14700,3708,3804,-968,58,-57,-14840,-3284,5436,-494,120,-135,0
3570.1416721343994,10720,5396,10508,-149,-7,67,10208,-8780,8928,-37,162,-169,-14692,3688,4028,-1001,100,-36,-14876,-3120,5348,-510,137,-147,0
3570.175043106079,10688,5424,10608,-101,-22,76,10204,-8824,8632,-3,154,-183,-14684,3744,3828,-1000,87,-72,-14824,-3172,5564,-500,169,-145,0
3570.2087659835815,10660,5340,10496,-128,-24,66,10124,-8840,8788,35,148,-175,-14600,3680,3600,-1032,84,-109,-14784,-3216,5400,-478,102,-146,0
3570.242350101471,10704,5348,10728,-96,-50,82,10276,-8768,8900,-12,112,-177,-14648,3764,3696,-999,74,-124,-14804,-3264,5392,-475,139,-154,0
3570.2759580612183,10660,5136,10580,-123,-58,80,10064,-8800,8836,-41,151,-166,-14668,3804,3832,-976,72,-91,-14860,-3232,5500,-503,116,-156,0
3570.3095231056213,10688,5144,10636,-124,-24,94,10072,-8868,8960,-16,173,-135,-14764,3628,3788,-1011,81,-46,-14800,-3288,5396,-516,136,-158,0
3570.3429441452026,10604,5480,10516,-139,-42,101,10112,-8708,8876,-11,108,-130,-14712,3744,3624,-972,86,-31,-14836,-3500,5448,-476,127,-128,0
3570.3767540454865,10632,5488,10748,-125,-66,116,10064,-8960,8484,-22,95,-174,-14652,3596,3740,-1010,116,-103,-14776,-3288,5348,-473,138,-135,0
3570.410109996796,10656,5368,10676,-142,-58,101,10212,-8824,8664,-19,126,-167,-14648,3788,3780,-1013,82,-90,-14704,-3280,5260,-465,153,-145,0
3570.4439499378204,10692,5400,10548,-113,-87,81,10176,-8824,8784,-23,146,-184,-14552,3748,3880,-997,90,-111,-14812,-3256,5444,-493,150,-133,0
3570.4775149822235,10732,5460,10676,-101,-51,78,10172,-8668,8576,-42,103,-182,-14416,3724,4000,-1036,130,-41,-14816,-3196,5468,-485,106,-150,0
3570.5111351013184,10584,5400,10636,-121,-53,81,10184,-8748,8736,-11,99,-184,-14736,3616,3824,-1272,92,-46,-14784,-3236,5516,-477,128,-171,0
3570.5445399284363,10644,5460,10568,-143,-71,104,10188,-8748,8664,-2,137,-152,-14632,3812,3756,-998,108,-62,-14796,-3212,5476,-467,119,-122,0
3570.5781309604645,10664,5460,10504,-104,-39,88,10104,-8736,8800,-6,197,-107,-14644,3744,3832,-1000,92,-81,-14760,-3316,5328,-478,108,-125,0
3570.6115550994873,10556,5152,10636,-136,-20,107,10420,-8884,8860,-29,156,-171,-14724,3716,3624,-981,41,-27,-14828,-3280,5444,-764,138,-152,0
3570.644730091095,10660,5364,10560,-175,-49,112,10140,-8796,8720,17,164,-119,-14584,3716,3884,-1006,76,-47,-14716,-3284,5436,-482,143,-133,0
3570.6780989170074,10708,5616,10736,-130,-16,96,10056,-8812,8712,-62,185,-144,-14740,3772,3880,-988,45,-110,-14684,-3256,5356,-471,162,-133,0
3570.7117309570312,10628,5384,10592,-177,-87,57,10192,-8788,8768,-33,153,-185,-14556,3760,3932,-980,42,-91,-14744,-3232,5480,-475,155,-136,0
3570.7453460693364,10720,5456,10556,-168,-34,74,10240,-8736,8868,-9,153,-179,-14820,3744,3776,-1009,93,-66,-14796,-3256,5296,-455,165,-114,0
3570.7789471149445,10316,5528,10628,-164,-50,90,10096,-8796,8788,-15,157,-177,-14640,3732,3656,-995,56,-54,-14904,-3340,5396,-442,135,-127,0
3570.8125109672546,10616,5484,10664,-178,-29,80,10068,-8752,8780,-28,145,-160,-14692,3716,3636,-998,63,-31,-14844,-3228,5480,-457,121,-138,0
3570.8496379852295,10572,5492,10260,-227,-40,126,10080,-8872,8764,-16,133,-169,-14700,3780,3936,-1061,130,-100,-14708,-3216,5552,-503,155,-128,0
3570.8847160339355,10632,5492,10724,-206,-38,133,9996,-8788,8696,-17,140,-170,-14624,3796,3804,-1059,167,-86,-14780,-3288,5540,-492,151,-113,0
3570.9203939437866,10636,5456,10392,-184,-20,109,10048,-8732,8708,4,83,-196,-14672,3708,3688,-1065,151,-101,-14760,-3308,5520,-520,162,-98,0
3570.9562339782715,10568,5476,10580,-220,-92,119,10044,-8776,8812,-21,140,-179,-14408,3724,3804,-1270,159,-103,-14676,-3292,5500,-489,164,-88,0
3570.9921331405644,10752,5416,10600,-221,-37,121,10176,-8956,8840,254,125,-206,-14676,3756,3940,-1276,125,-89,-14836,-3232,5628,-504,165,-91,0
3571.028263092041,10572,5492,10660,-239,-89,131,10028,-8792,8808,-37,144,-203,-14736,3692,3908,-776,200,-130,-14608,-3316,5468,-474,164,-48,0
3571.0633239746094,10316,5412,10676,-273,-80,164,10112,-8732,8928,-47,94,-209,-14732,3688,4016,-994,173,-122,-14752,-3320,5512,-500,205,-69,0
3571.098531961441,10512,5400,10616,-283,-80,138,10064,-8692,8876,-67,141,-213,-14756,3676,3896,-983,175,-148,-14776,-3240,5348,-455,207,-52,0
3571.1338491439815,10716,5504,10568,-306,-92,119,10172,-8808,8788,-21,130,-224,-14692,3748,3740,-1009,184,-132,-15044,-3268,5244,-456,209,-60,0
3571.1695189476013,10688,5460,10468,-279,-109,152,10164,-8876,8448,-39,25,-270,-14700,3756,3800,-1048,213,-162,-15076,-3244,5616,-455,184,-33,0
3571.2046229839325,10680,5424,10676,-253,-124,130,10200,-8728,8884,-256,103,-215,-14760,3736,3900,-1038,157,-96,-14832,-3224,5184,-452,206,-46,0
3571.2405149936676,10732,5440,10652,-250,-137,138,10176,-8688,8712,-30,137,-191,-14668,3704,3796,-1014,159,-124,-14844,-3168,5500,-460,167,-74,0
3571.2759990692134,10688,5628,10584,-246,-121,135,10208,-8724,8932,-36,147,-217,-14636,3680,3644,-1013,121,-105,-14880,-3260,5588,-445,159,-70,0
3571.3118181228638,10732,5412,10428,-270,-97,135,10204,-8784,8852,-49,151,-187,-14696,3336,3736,-976,111,-104,-14940,-3196,5388,-436,109,-86,0
3571.347738981247,10760,5400,10856,-242,-75,136,10152,-8840,8852,-21,183,-149,-14660,3624,3596,-771,112,-79,-14640,-3156,5472,-477,127,-69,0
3571.382714986801,10612,5368,10684,-291,-106,137,10092,-8800,8692,6,148,-160,-14380,3752,3832,-1068,125,-92,-14756,-3224,5148,-423,129,-93,0
3571.4176959991455,10656,5628,10276,-232,-98,164,10116,-8740,8896,-46,143,-176,-14676,3636,3932,-1035,128,-120,-14772,-3204,5340,-445,150,-96,0
3571.45357298851,10684,5388,10652,-261,-135,118,10116,-8816,8836,-25,148,-221,-14772,3864,3808,-1004,155,-107,-14868,-3176,5452,-460,159,-78,0
3571.4903450012207,10664,5424,10608,-212,-93,147,10108,-8740,8916,13,88,-165,-14636,3676,3656,-1043,139,-62,-14764,-3224,5508,-475,138,-80,0
3571.524029970169,10952,5360,10604,-239,-84,154,10052,-8688,8708,9,137,-152,-14768,3660,3696,-1033,138,-75,-14732,-3232,5452,-457,117,-87,0
3571.557606935501,10672,5392,10816,-261,-70,150,10064,-8844,8832,-36,62,-199,-14724,3704,3776,-984,177,-48,-14680,-3224,5268,-526,172,-95,0
3571.5911259651184,10664,5384,10692,-201,-141,154,10180,-8524,8880,-78,85,-196,-14748,3708,3728,-1001,208,-106,-14736,-3136,5136,-768,156,-77,0
3571.6247470378876,10692,5260,10504,-193,-164,177,10164,-8736,9152,10,79,-210,-14660,3600,3836,-1023,230,-130,-14752,-3148,5536,-524,206,-70,0
3571.657756090164,10640,5360,10496,-171,-137,134,10132,-8748,8796,-11,63,-221,-14692,3604,3752,-1036,228,-161,-14772,-3168,5600,-506,159,-79,0
3571.6913340091705,10716,5272,10608,-219,-181,140,10196,-8788,8804,20,115,-241,-14664,3732,3700,-1047,168,-142,-14600,-3204,5256,-496,180,-84,0
3571.728142976761,10612,5376,10580,-209,-140,119,10192,-8812,8648,-34,95,-218,-14752,4076,3636,-1015,156,-126,-15100,-3128,5492,-514,165,-89,0
3571.7617099285126,10764,5252,10256,-193,-146,101,10116,-8916,8796,-25,128,-208,-14768,3748,3704,-1028,159,-101,-14820,-3288,5272,-261,172,-77,0
3571.795359134674,10944,5404,10384,-150,-102,139,10152,-8456,8636,-50,107,-212,-14736,3716,3800,-1031,164,-98,-14812,-3240,5268,-759,163,-117,0
3571.8290729522705,10612,5332,10508,-150,-95,111,10144,-8612,8948,-94,111,-186,-14732,3640,3772,-993,95,-85,-14860,-3188,5324,-466,121,-94,0
3571.8622829914093,10544,5588,10308,-174,-105,75,10160,-8820,8764,-110,129,-193,-14692,3832,3700,-1011,67,-59,-14836,-3108,5324,-537,128,-173,0
3571.89559006691,10692,5372,10604,-164,-84,95,10036,-8708,8956,21,141,-164,-14632,3836,3744,-1036,113,-39,-14800,-3260,5360,-508,117,-137,0
3571.9291839599614,10672,5568,10728,-88,10,53,10144,-8500,8460,-39,166,-186,-14752,3732,3748,-1014,95,-142,-14800,-3144,5348,-439,169,-128,0
3571.9624330997467,10972,5372,10528,-177,-67,80,10152,-8788,8824,-40,155,-174,-14772,3848,3848,-997,60,-64,-14828,-3196,5524,-469,107,-144,0
3571.9961700439453,10760,5348,10332,-147,-25,95,10212,-8640,8804,-26,173,-103,-14812,3732,3784,-980,87,-42,-14744,-3180,5320,-476,86,-128,0
3572.0299649238586,10652,5312,10692,-146,-13,123,10084,-8728,8916,-35,120,-137,-14708,3692,3572,-1279,110,-43,-14800,-3184,5364,-472,129,-136,0
3572.063355922699,10728,5408,10552,-140,-33,83,10220,-8960,8616,-35,161,-167,-14776,3724,3688,-779,76,-25,-14736,-3188,5364,-442,136,-132,0
3572.096946954727,10664,5332,10532,-177,-44,84,10136,-8784,8936,-31,193,-172,-14648,3712,3964,-998,61,-72,-14728,-3176,5548,-474,130,-147,0
3572.130439043045,10656,5480,10608,-159,-42,74,10152,-8916,8836,-29,176,-172,-14696,3788,3924,-983,75,-105,-14776,-3280,5496,-499,165,-158,0
3572.164067029953,10656,5456,10652,-112,-72,75,10164,-8832,8688,-36,166,-193,-14668,3720,3824,-976,64,-83,-14860,-3116,5540,-460,168,-150,0
3572.1974720954895,10712,5336,10496,-168,-75,93,10136,-8752,8736,-26,149,-203,-14668,3684,3792,-983,50,-77,-14816,-3152,5436,-445,190,-157,0
3572.2310531139374,10692,5452,10548,-143,-89,102,10120,-8772,8900,-19,162,-196,-14764,3720,3704,-992,68,-96,-14844,-3224,5404,-467,162,-130,0
3572.2644219398494,10628,5420,10360,-156,-82,107,10108,-8696,8800,-6,119,-178,-14744,3692,3724,-1012,98,-69,-14872,-3260,5472,-458,148,-120,0
3572.2977521419525,10604,5388,10392,-167,-87,90,10212,-8752,8856,-11,109,-180,-14712,3700,3772,-1008,106,-58,-14616,-3312,5424,-455,157,-109,0
3572.3312270641327,10688,5420,10672,-164,-74,110,10168,-8716,8836,-44,132,-165,-14716,3676,3660,-1273,80,-65,-14860,-3292,5452,-468,164,-147,0
3572.364550113678,10744,5444,10572,-162,-65,99,10184,-8732,8924,254,133,-178,-14748,3732,3676,-1017,66,-129,-14748,-3256,5368,-477,132,-156,0
3572.3977451324463,10640,5504,10276,-105,-39,73,10232,-8816,8856,-37,119,-192,-14680,3676,3764,-983,73,-77,-14752,-3288,5420,-497,109,-168,0
3572.43119096756,10696,5628,10564,-133,-36,96,10060,-8928,8540,16,132,-177,-14656,3648,3772,-1039,87,-63,-14748,-3216,5524,-509,136,-149,0
3572.4645380973816,10600,5460,10628,-110,-51,73,10160,-8740,8732,255,142,-177,-14640,3828,3728,-1041,83,-80,-14800,-3192,5324,-511,108,-134,0
3572.497884988785,10692,5472,10672,-124,-3,103,10064,-8800,8856,-24,106,-180,-14760,3616,3780,-1005,78,-80,-14904,-3220,5508,-495,117,-147,0
3572.534569978714,10636,5196,10496,-121,-46,105,10112,-8784,8772,-15,117,-156,-14420,3716,3584,-774,68,-47,-14800,-3296,5396,-507,112,-142,0
3572.5702760219574,10780,5496,10604,-118,-65,91,10080,-8740,8776,-35,125,-174,-14744,3668,3740,-994,82,-65,-14776,-3224,5384,-501,96,-154,0
3572.606089115143,10632,5420,10696,-131,-62,99,9992,-8924,8868,-26,120,-168,-14716,3788,3764,-1279,76,-83,-14716,-3264,5372,-488,117,-130,0
3572.6419010162354,10672,5444,10476,-150,-73,93,10476,-8880,8724,-23,142,-152,-14704,3772,3688,-1006,90,-49,-14800,-3300,5424,-517,146,-168,0
3572.677649974823,10564,5472,10584,-109,-50,108,10460,-8788,8872,-51,90,-175,-14736,3756,3872,-1279,68,-99,-14820,-3200,5348,-512,125,-157,0
3572.713105916977,10692,5412,10608,-101,-66,96,10148,-8788,8968,1,117,-180,-14716,3744,3900,-774,51,-42,-14864,-3248,5172,-485,135,-145,0
3572.7487211227417,10600,5444,10704,-140,-89,100,10036,-8688,8888,-39,108,-193,-14696,3580,3780,-1009,86,-84,-14796,-3228,5568,-476,131,-148,0
3572.7841551303864,11000,5488,10736,-125,-44,104,10132,-8748,8836,-67,133,-177,-14780,3744,3852,-1022,76,-32,-14756,-3224,5316,-506,123,-172,0
3572.8197660446167,10504,5364,10568,-155,-47,83,10064,-8800,8792,-19,135,-177,-14492,3672,3820,-1062,56,-72,-14812,-3256,5444,-517,89,-92,0
3572.8551120758057,10676,5544,10464,-120,-3,114,10144,-8716,8940,-58,117,-142,-14656,3568,3876,-1061,110,-58,-14796,-3240,5404,-463,112,-127,0
3572.890753030777,10604,5180,10520,-146,-87,72,10136,-8788,8912,-49,181,-201,-14696,3768,3756,-1019,154,-68,-14660,-3208,5448,-462,150,-148,0
3572.9261770248413,10732,5452,10480,-138,-37,102,9800,-8880,8852,21,140,-187,-14684,3780,3852,-1075,151,-80,-14784,-3268,5452,-476,119,-134,0
3572.961790084839,10700,5488,10624,-144,0,94,10128,-8820,8716,-33,127,-165,-14704,3700,3584,-1042,111,-24,-14876,-3304,5548,-493,82,-163,0
3573.0016560554504,10696,5468,10616,-169,1,80,10152,-8848,8920,-44,122,-181,-14648,3740,3612,-994,110,-50,-14752,-3176,5460,-466,110,-162,0
3573.0381560325623,10680,5480,10544,-138,4,94,10192,-8788,8900,-46,167,-170,-14704,3664,3848,-1005,128,-48,-14788,-3184,5264,-511,122,-123,0
3573.0736160278325,10636,5472,10552,-204,-23,116,10108,-8748,8760,33,140,-177,-14428,3776,3804,-1052,132,-76,-14704,-3248,5484,-459,175,-98,0
3573.1087679862976,10532,5432,10616,-188,-62,108,10164,-8840,8788,-31,125,-170,-14748,3832,3716,-1016,141,-99,-14852,-3244,5516,-481,155,-95,0
3573.145000934601,10608,5436,10704,-203,-66,101,10176,-8788,8916,-44,169,-177,-14688,3812,3748,-984,131,-129,-14644,-3284,5512,-462,161,-88,0
3573.1813161373134,10632,5424,10796,-203,-55,112,10084,-8824,8864,-41,133,-194,-14584,3780,3736,-993,144,-111,-14860,-3220,5464,-486,159,-75,0
3573.2148299217224,10672,5480,10668,-214,-70,134,10008,-8820,8864,-41,134,-195,-14720,3648,3720,-990,123,-95,-14764,-3320,5552,-470,143,-74,0
3573.248227119446,10632,5492,10704,-207,-63,131,10200,-8692,8848,-102,124,-219,-14628,3708,3848,-984,98,-134,-14792,-3308,5156,-470,162,-85,0
3573.2817690372467,10684,5476,10532,-242,-79,115,9980,-8784,8796,-97,166,-204,-14708,3748,3604,-966,98,-120,-14744,-3156,5440,-445,204,-49,0
3573.3153591156006,10664,5552,10556,-254,-78,126,10152,-8720,8904,-72,168,-240,-14764,3720,3704,-942,107,-84,-14788,-3212,5452,-450,210,-63,0
3573.3487119674683,10572,5396,10632,-273,-75,129,10108,-8772,8520,-90,141,-218,-14680,3728,3840,-981,81,-114,-14716,-3232,5416,-467,212,-53,0
3573.3820791244507,10764,5508,10520,-279,-96,130,10188,-8696,8748,-41,151,-217,-14620,3788,3708,-989,77,-116,-14860,-3204,5368,-438,246,-52,0
3573.4155681133266,10584,5428,10728,-275,-136,152,10228,-8728,8712,-34,153,-226,-14692,3708,3652,-1002,117,-158,-14752,-3268,5376,-444,203,-43,0
3573.448965072632,10696,5572,10560,-288,-114,132,10116,-8924,8788,-49,181,-185,-14624,3612,3780,-990,113,-116,-14600,-3204,5312,-442,189,-60,0
3573.482433080673,10592,5448,10604,-232,-84,182,10168,-8952,8868,-52,142,-208,-14748,3784,3804,-954,112,-72,-14856,-3208,5316,-455,174,-50,0
3573.5161550045013,10752,5612,10584,-246,-99,127,10404,-8800,8820,-54,130,-204,-14744,3712,3720,-994,99,-95,-14824,-3136,5384,-498,173,-90,0
3573.5496299266815,10716,5188,10736,-306,-89,155,10220,-8820,8904,-4,137,-177,-14384,3656,3736,-1019,104,-115,-14900,-3204,5612,-480,156,-96,0
3573.583137989044,10656,5540,10696,-199,-110,144,10116,-8828,8884,-81,135,-223,-14728,3692,3748,-1050,127,-107,-14820,-3204,5576,-474,188,-89,0
3573.6167020797734,10708,5396,10592,-239,-147,139,10160,-8524,8872,-58,125,-253,-14708,3768,3692,-992,119,-110,-14868,-3164,5364,-473,184,-51,0
3573.649960041046,10592,5384,10688,-231,-139,139,10028,-8696,8844,-6,74,-195,-14748,3668,3724,-1036,158,-82,-14856,-3104,5588,-487,139,-111,0
3573.6837260723114,10696,5584,10648,-239,-92,160,10180,-8708,8856,-34,102,-160,-14724,3656,4008,-1007,109,-59,-15016,-3192,5524,-505,115,-104,0
3573.717311143875,10692,5408,10532,-269,-51,127,10132,-8832,8880,-57,141,-183,-14708,3716,3668,-982,142,-105,-14864,-3200,5524,-483,69,-130,0
3573.750643014908,10728,5124,10564,-244,-91,133,10148,-8844,8948,-38,131,-178,-14688,3668,3680,-1009,153,-95,-14764,-3220,5620,-551,130,-113,0
3573.783926963806,10672,5184,10608,-225,-126,135,10088,-8844,8816,-9,92,-219,-14768,3744,3636,-1028,139,-91,-14736,-2856,5588,-509,162,-104,0
3573.817358016968,10572,5340,10696,-186,-144,127,10164,-8764,8656,-35,105,-229,-14700,3728,3944,-773,142,-126,-14788,-3212,5404,-490,138,-83,0
3573.8504760265346,10632,5372,10664,-214,-170,118,10212,-8752,8800,-13,124,-227,-14664,3592,3732,-1032,168,-129,-15020,-3212,5200,-481,165,-116,0
3573.8839480876923,10664,5452,10600,-239,-130,122,9888,-8740,8788,254,163,-218,-14788,3760,3796,-1026,150,-115,-14820,-3188,5360,-478,175,-127,0
3573.9174399375916,10656,5476,10520,-208,-130,150,10132,-8724,8744,-2,128,-173,-14732,3720,3628,-1005,125,-118,-14600,-3188,5444,-485,139,-87,0
3573.9507601261134,10716,5380,10544,-206,-129,139,10160,-8692,8868,-72,107,-192,-14692,3676,3656,-1017,130,-134,-14728,-3216,5360,-503,152,-93,0
3573.9841730594635,10688,5364,10448,-151,-138,132,10088,-8672,8792,-53,147,-191,-14696,3672,3648,-987,90,-79,-14812,-3228,5404,-261,170,-110,0
3574.017781019211,10776,5352,10556,-194,-119,114,10164,-8656,8736,-42,135,-192,-14704,3688,3680,-1006,126,-88,-14636,-3320,5340,-498,134,-119,0
3574.0510261058807,10680,5316,10432,-143,-91,98,10216,-8728,8944,-56,109,-191,-14728,3684,3700,-1011,139,-72,-14740,-3236,5132,-486,138,-111,0
3574.084697008133,10692,5328,10464,-120,-60,79,10180,-8804,8720,-44,123,-149,-14740,3648,3788,-1036,90,-90,-14800,-3108,5220,-506,151,-138,0
3574.1181759834294,10744,5384,10684,-163,-31,92,10128,-8688,8696,-12,145,-206,-14684,3868,3784,-1039,140,-76,-14872,-3212,5204,-469,162,-91,0
3574.1514410972595,10640,5440,10604,-125,-72,91,10096,-8736,8812,-36,142,-178,-14720,3728,3696,-1015,111,-33,-14900,-3232,5232,-479,124,-124,0
3574.184648036957,10692,5396,10640,-137,-70,95,9992,-8820,8544,-53,144,-183,-14748,3700,3596,-1014,58,-93,-14804,-3152,5320,-507,131,-146,0
3574.223042011261,10604,5336,10580,-154,-49,98,10052,-8760,8684,-16,158,-164,-14584,3700,3768,-1025,72,-39,-14728,-3268,5584,-460,138,-144,0
3574.2586970329285,10724,5376,10516,-110,-29,87,10180,-8824,8916,-73,147,-178,-14664,3624,4084,-982,47,-77,-14776,-3232,5412,-459,155,-118,0
3574.2943439483643,10580,5356,10544,-141,-75,55,10164,-8844,8528,-43,165,-182,-14716,3688,3780,-1011,79,-73,-14796,-3108,5152,-444,153,-133,0
3574.3300659656525,10504,5148,10748,-152,-59,95,10152,-8492,8800,253,133,-161,-14664,3716,3640,-1011,93,-106,-14884,-3140,5156,-472,176,-137,0
3574.3655850887294,10756,5372,10596,-133,-85,94,10196,-8960,8696,-17,137,-148,-14696,3656,3724,-1014,75,-42,-14888,-3216,5420,-472,135,-147,0
3574.4007771015167,10616,5444,10656,-170,-75,83,10200,-8780,8876,-37,182,-179,-14716,3772,3828,-982,59,-111,-14792,-3188,5140,-468,123,-143,0
3574.436145067215,10688,5368,10660,-158,-55,75,10212,-8740,8748,-17,171,-160,-14768,3776,3684,-1006,41,-43,-14800,-3120,5344,-519,134,-158,0
3574.4718289375305,10496,5584,10512,-144,-73,99,9984,-8656,8924,33,146,-181,-14616,3732,3672,-1038,69,-80,-14756,-3192,5444,-493,159,-144,0
3574.50767493248,10560,5400,10588,-101,-21,91,10140,-8752,8656,-254,125,-198,-14712,3728,3748,-1007,90,-103,-14696,-3192,5608,-470,150,-150,0
3574.542979955673,10604,5384,10704,-150,-84,95,10128,-8740,8848,-256,146,-206,-14856,3668,3716,-1019,61,-74,-14684,-3180,5420,-476,144,-141,0
3574.5781209468846,10636,5456,10692,-145,-66,62,10256,-8784,8748,-43,140,-180,-14708,3640,3740,-999,74,-63,-14812,-3116,5340,-491,147,-159,0
3574.6139130592346,10672,5488,10564,-118,-76,110,10176,-8840,8744,-29,237,-82,-14656,3760,3920,-1005,92,-57,-14808,-3240,5392,-510,122,-125,0
3574.6495869159694,10720,5396,10528,-127,-40,104,10172,-8956,8768,-48,150,-162,-14628,3692,3744,-989,64,-37,-14812,-3320,5344,-491,112,-143,0
3574.6853821277614,10748,5508,10592,-137,-93,98,10112,-8768,8952,-51,144,-184,-14676,3596,3760,-1019,37,-82,-15068,-3256,5388,-495,156,-169,0
3574.721121072769,10608,5380,10556,-137,-85,66,10136,-8560,8956,-56,104,-184,-14732,3728,3892,-926,59,-98,-14832,-3152,5468,-525,130,-145,0
3574.7572209835052,10780,5460,10464,-119,-65,73,10200,-8648,8796,-38,108,-172,-14784,3708,3804,-1015,94,-113,-15080,-3232,5252,-508,133,-157,0
3574.7923719882965,10676,5456,10484,-120,-52,107,10204,-8696,8788,-28,96,-173,-14756,3676,3720,-1017,92,-58,-14788,-3276,5492,-507,154,-128,0
3574.8274810314174,10660,5528,10472,-137,-74,113,10120,-8800,8820,-53,128,-170,-14576,3764,3740,-993,27,-93,-14820,-3328,5568,-502,146,-181,0
3574.8629150390625,10764,5540,10456,-108,-79,116,10108,-8780,8796,-80,130,-129,-14668,3760,3896,-1003,30,-44,-14968,-3328,5304,-495,101,-159,0
3574.8962121009827,10656,5592,10564,-141,-26,93,10056,-8816,8840,-72,122,-184,-14624,3740,3912,-980,-30,-60,-15104,-3264,5424,-508,161,-168,0
3574.9295840263367,10692,5512,10600,-129,-21,106,10108,-8772,8704,-66,172,-160,-14668,3644,3708,-968,3,-48,-14776,-3504,5564,-541,139,-170,0
3574.963012933731,10840,5456,10476,-105,-49,60,9992,-8768,8744,-149,192,-153,-14640,3696,3596,-931,-12,-101,-14748,-3272,5476,-515,130,-157,0
3574.9968099594116,10700,5432,10640,-163,-72,59,10160,-8800,8924,-33,156,-172,-14596,3820,3808,-963,51,-76,-14680,-3152,5136,-463,136,-161,0
3575.030142068863,10696,5504,10604,-124,-38,74,10200,-8780,8736,-21,144,-158,-14704,3696,3744,-1031,19,-56,-14844,-3216,5364,-478,161,-169,0
3575.0636830329895,10556,5472,10568,-154,-19,73,10168,-8856,8904,-69,139,-160,-14748,3756,3764,-978,-1,-12,-14780,-3172,5476,-495,128,-137,0
3575.0973329544067,10708,5588,10608,-144,-42,72,10204,-8760,8648,-111,129,-172,-14592,3728,3832,-964,44,-70,-14908,-3372,5384,-457,134,-119,0
3575.1307430267334,10704,5496,10624,-170,-46,106,10132,-8768,8760,-63,168,-170,-14736,3736,3896,-999,70,-118,-14856,-3192,5420,-515,161,-147,0
3575.1640701293945,10776,5468,10572,-168,-85,104,10024,-8796,8856,-30,83,-203,-14680,3712,3888,-981,69,-32,-14828,-3300,5404,-493,158,-128,0
3575.197620153427,10612,5476,10704,-104,245,95,10224,-8744,8624,-55,138,-147,-14604,3704,3816,-975,77,-36,-14620,-3312,5432,-518,139,-170,0
3575.2310559749603,10704,5564,10560,-150,-93,94,10024,-8744,8776,-50,103,-191,-14664,3776,3668,-980,51,-70,-14728,-3312,5448,-527,145,-165,0
3575.264451980591,10652,5432,10712,-119,-18,60,10132,-8716,8844,-52,106,-190,-14760,3800,3944,-984,65,-86,-14828,-3120,5592,-473,141,-137,0
3575.29820394516,10664,5560,10516,-149,-49,70,10048,-8760,8952,-37,118,-169,-14664,3792,3908,-1012,85,-95,-14768,-3304,5400,-513,126,-130,0
3575.331974029541,10660,5432,10676,-154,-36,115,10020,-8808,8916,-76,149,-186,-14836,3712,3992,-995,78,-54,-14724,-3264,5524,-480,128,-131,0
3575.3655200004578,10632,5548,10492,-204,-42,100,10052,-8816,8656,-74,161,-178,-14764,3712,3868,-952,56,-67,-14784,-3180,5468,-483,147,-129,0
3575.3990960121155,10640,5564,10736,-192,-55,90,9956,-8796,8904,-36,132,-189,-14624,3756,3772,-986,119,-103,-14744,-3168,5464,-470,163,-99,0
3575.4323029518127,10676,5496,10632,-274,-64,124,10144,-8884,8796,-12,135,-173,-14636,4036,3928,-1007,117,-99,-14860,-3224,5404,-456,156,-64,0
3575.4657390117645,10636,5444,10684,-246,-69,140,10176,-8916,8500,-74,137,-202,-14784,3788,3692,-966,119,-104,-14868,-3360,5504,-509,182,-76,0
3575.499330997467,10576,5568,10680,-223,-81,140,10008,-8804,8944,-105,118,-196,-14660,3760,3896,-907,120,-118,-14740,-3244,5188,-533,178,-85,0
3575.5329101085663,10588,5484,10564,-209,-69,150,10092,-8692,8832,-127,148,-198,-14364,3672,3844,-955,109,-91,-14696,-3320,5140,-523,192,-98,0
3575.5665481090546,10672,5512,10660,-251,-60,112,10124,-8744,8796,-83,155,-201,-14676,3720,3924,-970,130,-166,-14832,-3164,5176,-462,196,-54,0
3575.600070953369,10680,5536,10632,-261,-7,123,10076,-8920,8748,-62,176,-197,-14716,3872,3936,-975,132,-142,-14856,-3148,5412,-493,183,-63,0
3575.6336791515346,10716,5548,10660,-265,-49,142,10196,-8888,8752,-68,158,-173,-14700,3700,3700,-980,91,-109,-14824,-3304,5564,-493,188,-64,0
3575.6675219535828,10616,5476,10548,-307,-57,139,10220,-8836,8844,-20,166,-182,-14672,3724,3816,-985,122,-112,-15056,-3320,5328,-450,203,-61,0
3575.7010719776154,10640,5412,10544,-262,-82,108,10100,-8824,8748,-103,169,-227,-14668,3724,3828,-959,96,-109,-14792,-3232,5240,-453,234,-104,0
3575.7345299720764,10660,5544,10632,-298,-104,112,10076,-8792,8800,-60,156,-239,-14696,3776,3764,-956,115,-118,-14828,-3100,5340,-443,210,-90,0
3575.768221139908,10644,5416,10552,-263,-26,111,10148,-8824,8756,-54,164,-170,-14700,3708,3744,-962,74,-137,-14888,-3280,5420,-460,154,-105,0
3575.801777124405,10636,5428,10580,-223,-61,123,10004,-8736,8784,-70,193,-162,-14620,3696,3952,-950,37,-125,-14780,-3252,5436,-457,155,-103,0
3575.835473060608,10700,5476,10508,-260,-56,125,10152,-8844,8808,-106,159,-165,-14596,3728,3808,-930,-6,-84,-14756,-3268,5196,-473,145,-60,0
3575.871721029281,10668,5452,10596,-227,-64,142,10160,-8796,8772,-72,97,-168,-14696,3800,3712,-880,-254,-115,-14776,-3180,5304,-466,194,-89,0
3575.906247138977,10668,5480,10660,-3,-119,162,10176,-8824,8896,-22,96,-197,-14652,3732,3828,-989,68,-98,-14788,-3224,5396,-471,148,-80,0
3575.9423630237575,10664,5412,10664,-214,-105,159,10232,-8816,8768,-20,87,-202,-14668,3752,3680,-1088,143,-133,-14620,-3252,5408,-455,94,-81,0
3575.978096961975,10644,5404,10652,-274,-102,139,10052,-8820,8448,-24,114,-187,-14660,3748,3968,-1000,158,-116,-14792,-3220,5368,-525,97,-118,0
3576.013674020767,10616,5144,10700,-210,-107,93,10164,-8860,8840,-25,133,-201,-14672,3792,3988,-1042,176,-114,-14760,-3176,5332,-549,116,-95,0
3576.0495841503143,10720,5480,10476,-190,-71,165,10096,-8824,8676,-10,85,-185,-14564,3740,3896,-1019,166,-89,-14812,-3160,5324,-521,122,-81,0
3576.0847840309143,10648,5612,10540,-214,-110,155,10076,-8712,8748,-17,140,-201,-14564,3748,3584,-1038,165,-139,-14712,-3324,5132,-449,162,-83,0
3576.1197381019592,10704,5352,10608,-264,-122,146,10128,-8824,8656,-38,124,-229,-14636,3796,4064,-774,128,-79,-14796,-3196,5476,-485,165,-85,0
3576.155699014664,10656,5444,10780,-203,-122,127,10076,-8864,8736,-7,113,-210,-14676,3648,3724,-1280,197,-100,-14772,-3268,5308,-493,199,-58,0
3576.1916489601135,10700,5348,10612,-195,-123,123,9992,-8764,8928,-5,126,-192,-14676,3668,3808,-1010,190,-134,-14616,-3224,5592,-266,207,-73,0
3576.2277641296387,10684,5464,10500,-204,-116,116,10156,-8800,8688,-5,128,-183,-14784,3692,3780,-1045,162,-67,-14824,-3496,5236,-491,180,-110,0
3576.262593984604,10568,5356,10544,-205,-128,158,10228,-8828,8804,-32,67,-201,-14656,3808,3640,-993,163,-140,-14852,-3368,5368,-494,190,-97,0
3576.2981939315796,10656,5512,10696,-197,-99,151,10156,-8716,8764,-78,140,-200,-14672,3732,3772,-1004,145,-143,-14660,-3188,5288,-490,151,-108,0
3576.3345940113068,10668,5312,10560,-197,-140,103,10120,-8888,8716,-36,116,-188,-14740,3744,3768,-998,104,-102,-14896,-3204,5156,-504,154,-132,0
3576.37069606781,10636,5328,10572,-183,-127,92,10224,-8788,8740,-43,121,-189,-14396,3796,3696,-994,73,-90,-14740,-3332,5236,-485,134,-104,0
3576.4055650234222,10636,5552,10740,-133,-104,94,10104,-8724,8852,-66,150,-194,-14796,3596,4072,-959,110,-48,-14804,-3252,5412,-467,133,-131,0
3576.4412059783936,10916,5452,10436,-147,-99,88,10156,-8792,8764,-71,134,-210,-14676,3732,3764,-990,117,-115,-14788,-3072,5148,-480,169,-132,0
3576.4774699211125,10924,5400,10572,-146,-49,97,10148,-8732,8764,252,176,-154,-14676,3716,3736,-998,106,-90,-14848,-3096,5356,-504,131,-145,0
3576.5130231380463,11000,5148,10824,-143,-41,98,10120,-8772,8736,-33,153,-167,-14684,3672,3876,-981,83,-55,-14792,-3076,5272,-455,117,-119,0
3576.548558950424,10604,5424,10444,-158,-46,95,10024,-8844,8856,-50,156,-166,-14680,3716,3644,-969,76,-39,-14840,-3092,5392,-495,139,-164,0
3576.5821549892426,10624,5452,10608,-163,-21,97,10160,-8840,8536,-41,149,-134,-14680,3592,3624,-975,79,-30,-14908,-3236,5424,-509,166,-140,0
3576.6156709194183,10628,5448,10652,-130,-78,93,10120,-8904,8680,-29,132,-177,-14636,3720,3664,-1034,131,-82,-14708,-3252,5624,-501,159,-139,0
3576.6487879753113,10588,5556,10404,-108,-50,99,10116,-8800,8828,-3,95,-207,-14692,3700,4020,-1030,100,-95,-14800,-3264,5428,-500,186,-157,0
3576.6821949481964,10580,5444,10712,-153,-75,78,10136,-8756,8620,-33,137,-197,-14688,3748,3836,-940,132,-62,-14800,-3232,5428,-483,135,-155,0
3576.7157850265503,10740,5460,10632,-114,-22,73,10184,-8840,8844,-63,117,-187,-14672,3704,3724,-899,87,-79,-14808,-3220,5588,-549,132,-146,0
3576.7492010593414,10740,5412,10596,-82,-22,65,10152,-8744,8712,-51,113,-170,-14760,3748,3788,-918,99,-101,-14820,-3212,5400,-533,151,-152,0
3576.7828249931335,10676,5396,10624,-112,-43,102,10204,-8796,8740,-49,119,-178,-14704,3708,3696,-964,120,-119,-14776,-3212,5356,-492,136,-131,0
3576.816488027572,10644,5384,10448,-155,-52,97,10204,-8716,8692,-79,122,-201,-14716,3640,3796,-895,83,-109,-14820,-3236,5288,-432,99,-122,0
3576.8497910499573,10680,5368,10732,-195,-77,61,10156,-8844,8928,-142,113,-233,-14748,3724,4036,-926,65,-80,-14800,-3132,5172,-478,104,-149,0
3576.8832409381866,10732,5268,10544,-162,-104,76,10164,-8820,8736,-64,83,-203,-14652,3784,3800,-1005,117,-99,-14740,-2856,5396,-490,128,-121,0
3576.916762113571,10656,5300,10392,-59,-49,79,10132,-8852,8840,-34,107,-213,-14676,3680,3756,-1000,83,-103,-15088,-3276,5512,-512,138,-197,0
3576.950163125992,10684,5332,10540,-85,-61,54,10032,-8852,8692,254,212,-169,-14800,3804,4036,-1050,64,-85,-14864,-3308,5452,-495,65,-222,0
3576.9836440086365,10652,5488,10604,-119,33,18,10156,-8728,8804,94,263,-81,-14684,3672,3664,-1078,253,-40,-15092,-3348,5260,-257,105,-246,0
3577.0171740055084,10608,5664,10480,-146,2,61,10052,-8664,8760,11,264,-140,-14544,3628,3940,-999,13,-104,-14736,-3432,5160,-534,152,-213,0
3577.0503721237183,10572,5512,10428,-78,-62,41,10052,-8508,8928,-32,173,-203,-14600,3644,3776,-997,66,-81,-14700,-3332,5240,-561,190,-136,0
3577.0840411186214,10656,5628,10428,-74,-75,126,10124,-8912,8760,-22,68,-140,-14556,3744,3700,-1010,150,-37,-14784,-3488,5156,-508,155,-80,0
3577.117345094681,10692,5516,10632,-92,-76,200,10228,-8812,8748,-40,54,-117,-14688,3708,4080,-908,184,-237,-14908,-3544,5448,-476,112,-255,0
3577.15061712265,10668,5440,10520,-139,-46,193,10204,-8868,8748,-130,75,-127,-14700,3752,3744,-864,155,31,-15084,-3140,5500,-452,114,-23,0
3577.1842291355133,10732,5380,10500,-221,-68,176,10332,-8888,8832,-91,138,-147,-14792,3828,3832,-864,155,-51,-14628,-3200,5460,-409,148,-92,0
3577.217756986618,10636,5248,10648,-172,-77,125,10204,-8712,8624,-74,139,-158,-14604,3888,3724,-977,69,-73,-14604,-3164,5436,-487,181,-154,0
3577.2511870861053,10680,5324,10556,-173,-92,98,10164,-8852,8776,-255,132,-184,-14600,3652,3620,-985,85,-67,-14748,-3172,5420,-398,114,-194,0
3577.284909963608,10584,5272,10336,-131,-14,58,10112,-8896,8660,-33,207,-184,-14684,3820,3592,-978,56,-62,-14828,-3244,5312,-453,143,-209,0
3577.3181760311127,10668,5408,10540,-131,-51,18,10056,-8940,8728,13,244,-181,-14612,3876,4048,-1019,47,-93,-14828,-3192,5416,-440,147,-188,0
3577.3517260551453,10632,5448,10596,-188,-49,42,10156,-8924,8744,30,228,-164,-14640,3808,3728,-1056,71,-75,-14856,-3248,5436,-432,182,-158,0
3577.385138988495,10612,5572,10652,-222,-37,53,10084,-8764,8716,-13,227,-195,-14620,3816,3688,-987,95,-107,-14684,-3260,5432,-455,201,-168,0
3577.4189550876617,10680,5524,10504,-266,-84,65,10048,-8764,8844,-17,202,-194,-14668,3676,3668,-1030,52,-81,-14720,-3284,5436,-445,193,-115,0
3577.4523501396175,10652,5868,10276,-233,-80,114,10096,-8760,8868,-244,162,-192,-14708,3708,3628,-1053,129,-128,-15072,-3332,5336,-482,156,-85,0
3577.485774040222,10688,5572,10868,-185,-80,164,10208,-8796,9112,-20,136,-161,-14596,3980,4032,-1065,155,-89,-14860,-3280,5408,-467,128,-18,0
3577.5192811489105,10612,5552,10616,-227,-44,167,10108,-8700,8860,-33,111,-166,-14732,3688,3660,-1027,200,-78,-14744,-3304,5388,-473,147,-13,0
3577.5549211502075,10580,5496,10532,-268,-50,211,10140,-8944,8728,-44,97,-153,-14672,3744,3912,-1064,134,-72,-14692,-3280,5156,-422,143,-11,0
3577.5906569957733,10620,5456,10568,-287,-56,179,10144,-8824,8856,-68,133,-159,-14612,3716,3932,-1025,118,-58,-14840,-3244,5452,-469,167,-32,0
3577.6271030902863,10624,5496,10568,-288,-13,151,10168,-8924,8468,-72,98,-155,-14664,3804,3536,-1118,116,-88,-14660,-3164,5460,-441,103,-59,0
3577.6620309352875,10568,5140,10676,-301,-54,186,9884,-8896,8744,-66,110,-216,-14700,3864,3744,-1102,145,-106,-14716,-3240,5532,-478,153,-61,0
3577.6980109214783,10792,5396,10396,-249,-78,157,10108,-8852,8668,-13,92,-200,-14636,3932,3676,-1059,165,-73,-14876,-3136,5332,-463,117,-70,0
3577.733549118042,10672,5348,10568,-242,-42,154,10052,-8904,8696,-45,55,-208,-14672,3848,3976,-1073,153,-150,-14756,-3244,5552,-485,165,-94,0
3577.76938700676,10524,5400,10588,-273,-82,123,10124,-8720,8756,-3,107,-224,-14544,3672,4012,-1104,156,-124,-14788,-3268,5500,-438,131,-83,0
3577.8044340610504,10680,5548,10616,-242,-138,112,10180,-8824,8740,-37,189,-235,-14780,3772,3800,-1065,98,-144,-14868,-3128,5208,-476,156,-129,0
3577.8396379947662,10772,5340,10488,-359,-126,129,10052,-8848,8516,-243,164,-210,-14840,3692,3776,-1095,118,-130,-14760,-3260,5432,-461,166,-95,0
3577.8750479221344,10664,5520,10680,-200,-89,95,10092,-8724,8708,-17,163,-204,-14696,3600,3824,-1059,119,-120,-14784,-3424,5388,-468,169,-94,0
3577.910684108734,10576,5448,10608,-202,-185,85,10148,-8808,8680,-26,128,-262,-14664,3688,3900,-1060,147,-172,-14652,-3192,5344,-487,222,-98,0
3577.945335149765,10680,5396,10608,-207,-115,125,10140,-8916,8820,40,127,-189,-14724,3708,3752,-1089,155,-114,-14824,-3300,5332,-488,151,-127,0
3577.980987071991,10672,5440,10728,-208,-88,153,10044,-8768,8732,-17,154,-167,-14652,3672,3680,-1040,80,-88,-14872,-3264,5352,-485,81,-118,0
3578.020697116852,10700,5492,10692,-507,-85,125,10136,-8904,8812,-67,153,-179,-14696,3660,3784,-1280,152,-33,-14856,-3184,5420,-494,78,-56,0
3578.0562460422516,10600,5488,10644,-204,-104,172,10148,-8764,8900,-44,104,-155,-14740,3676,4064,-1040,139,-125,-14752,-3236,5400,-459,154,-76,0
3578.0923759937286,10544,5344,10764,-268,-158,183,10048,-8756,8700,1,116,-227,-14672,3792,3424,-1057,159,-102,-14748,-3184,5412,-472,166,-48,0
3578.128025054932,10684,5284,10664,-235,-141,164,10044,-8820,8844,-26,126,-192,-14664,3716,3656,-1002,133,-126,-14828,-3176,5240,-459,167,-68,0
3578.162943124771,10672,5136,10576,-284,-156,147,10164,-8908,8792,-18,147,-179,-14776,3748,3708,-996,111,-146,-14760,-3080,5560,-433,170,-96,0
3578.200840950012,10704,5320,10400,-224,-136,105,10108,-8848,8824,15,170,-190,-14704,3808,3772,-1004,76,-114,-14912,-3144,5576,-258,182,-105,0
3578.2342989444733,10616,5312,10488,-226,-137,126,10056,-8768,8624,-38,77,-184,-14592,3648,3788,-994,138,-103,-14792,-3228,5408,-441,165,-84,0
3578.267751932144,10540,5372,10684,-234,-141,140,10072,-8516,8712,-15,116,-204,-14720,3616,3832,-999,138,-157,-14864,-3164,5252,-473,180,-91,0
3578.3012261390686,10808,5364,10432,-209,-165,138,10132,-8800,8492,-27,133,-232,-14768,3764,3688,-1045,141,-147,-14916,-3272,5320,-483,206,-96,0
3578.33478808403,10728,5336,10504,-189,-118,116,10280,-8688,8704,-53,121,-191,-14660,3704,3756,-1031,114,-94,-14844,-3128,5204,-487,177,-137,0
3578.3681190013885,10716,5372,10496,-155,-105,114,10244,-8784,8668,-17,107,-238,-14724,3672,3684,-1032,89,-112,-14724,-3216,5392,-525,140,-124,0
3578.401407957077,10720,5348,10548,-134,-113,93,10212,-8720,8792,-31,132,-196,-14788,3684,3800,-1063,110,-108,-15056,-3156,5356,-481,143,-136,0
3578.435126066208,10656,5420,10308,-190,-59,82,10112,-8680,8724,21,158,-154,-14692,3660,3648,-778,96,-92,-14788,-3136,5432,-484,155,-113,0
3578.468658924103,10740,5436,10640,-135,-16,112,10200,-8848,8704,-32,137,-166,-14704,3644,3892,-1280,107,-72,-14924,-3192,5560,-443,117,-109,0
3578.5020270347595,10776,5392,10580,-163,-62,114,10188,-8752,8744,-7,130,-151,-14788,3792,3956,-1065,61,-21,-14792,-3180,5488,-495,91,-177,0
3578.535562038421,10700,5432,10572,-124,-46,75,10164,-8836,8700,-19,120,-173,-14412,3716,3860,-1066,136,-78,-14792,-3204,5444,-763,95,-163,0
3578.568948984146,10568,5480,10468,-77,-32,70,10044,-8772,8724,-60,121,-143,-14760,3684,3960,-1037,128,-74,-15044,-3216,5604,-491,105,-165,0
3578.6025669574738,10756,5400,10636,-162,-73,70,10212,-8884,8728,-26,143,-184,-14624,3764,4008,-999,101,-89,-14736,-3196,5484,-538,100,-150,0
3578.6361660957336,10540,5276,10608,-113,-250,75,10048,-8792,8776,247,135,-163,-14568,3788,3820,-1048,149,-59,-14716,-3128,5352,-503,91,-120,0
3578.669748067856,10800,5212,10720,-92,-38,93,10152,-8768,8760,-13,153,-132,-14740,3672,3680,-1043,95,-39,-14872,-3552,5388,-532,113,-167,0
3578.7033660411835,10712,5484,10548,-131,-13,67,10076,-8776,8672,-27,78,-157,-14680,3772,3820,-1002,128,-56,-14808,-3280,5512,-500,109,-140,0
3578.736976146698,10612,5492,10540,-126,-8,82,10132,-8900,8664,-63,122,-158,-14644,3772,3808,-1016,97,-83,-14628,-3216,5336,-498,115,-124,0
3578.7705039978027,10748,5448,10480,-123,-94,95,10100,-8784,8768,-252,139,-168,-14460,3712,3736,-1044,118,-91,-14748,-3204,5312,-525,121,-172,0
3578.8040590286255,10708,5340,10572,-117,-17,39,10248,-8752,8672,-22,156,-166,-14696,3744,4076,-1028,84,-75,-14784,-3372,5376,-481,126,-181,0
3578.8376510143285,10756,5412,10616,-120,-78,47,10144,-8764,8796,-4,170,-163,-14732,3736,3620,-1021,56,-80,-14800,-3204,5484,-767,125,-168,0
3578.8711590766907,10680,5336,10680,-132,-48,52,10052,-8700,8740,-41,146,-192,-14808,3796,3684,-1001,85,-62,-14768,-3200,5428,-467,118,-154,0
3578.904408931732,10672,5404,10648,-145,-75,83,10128,-8784,8704,-12,138,-147,-14672,3704,3700,-1042,94,-118,-14780,-3284,5336,-494,125,-155,0
3578.9379160404205,10580,5468,10472,-131,-69,91,10104,-8740,8716,-6,155,-147,-14356,3688,3760,-1025,91,-63,-14732,-3260,5380,-483,131,-159,0
3578.971339941025,10640,5432,10524,-115,-84,97,10064,-8788,8736,-57,127,-195,-14668,3728,3776,-1009,45,-23,-14732,-3244,5368,-488,162,-141,0
3579.004570007324,10600,5424,10608,-117,-107,63,10196,-8784,8776,-69,133,-183,-14716,3744,3776,-984,86,-78,-14868,-3140,5344,-490,139,-123,0
3579.0381231307983,10676,5452,10512,-120,-87,86,10116,-8848,8624,-38,140,-169,-14672,3844,3696,-972,98,-88,-14924,-3172,5428,-431,153,-122,0
3579.0716791152954,10632,5412,10696,-151,-100,142,10144,-8812,8772,-17,174,-148,-14908,3700,3760,-998,93,-51,-14856,-3316,5332,-485,147,-152,0
3579.1052379608154,10672,5428,10580,-145,-92,95,10124,-8868,8836,-24,124,-181,-14644,3796,3708,-985,90,-36,-14832,-3212,5424,-487,166,-121,0
3579.1385340690613,10748,5416,10508,-113,-68,117,10440,-8792,8848,-60,114,-164,-14692,3732,3712,-990,94,-96,-14884,-3320,5492,-467,130,-127,0
3579.1720740795135,10720,5460,10608,-149,-102,78,10212,-8892,8688,-28,184,-162,-14784,3728,3652,-1029,45,-70,-14772,-3224,5424,-492,124,-184,0
3579.2053661346436,10664,5368,10612,-153,-47,91,10104,-8848,8696,-7,93,-152,-14628,3736,3652,-1022,79,-40,-14836,-3204,5340,-493,94,-110,0
3579.241884946823,10712,5536,10596,-123,-60,86,10080,-8740,8716,-88,134,-157,-14680,3668,3788,-990,82,-41,-14768,-3336,5384,-464,138,-154,0
3579.277568101883,10524,5544,10604,-118,-85,86,10052,-8904,8704,-36,136,-190,-14800,3776,3756,-1024,93,-96,-14828,-3292,5524,-766,127,-147,0
3579.3137080669403,10648,5504,10352,-126,-61,93,10116,-8732,8928,-28,92,-159,-14576,3688,3408,-1033,93,-37,-14760,-3324,5332,-475,124,-162,0
3579.3492720127106,10724,5428,10540,-119,-55,103,10116,-8712,8820,-27,177,-148,-14712,3652,3732,-994,64,-67,-14812,-3280,5848,-506,100,-173,0
3579.384276151657,10680,5424,10556,-184,-47,60,10200,-8916,8908,-44,200,-152,-14712,3772,3816,-987,92,-56,-14832,-3232,5428,-461,117,-157,0
3579.419930934906,10668,5488,10572,-189,-33,100,10172,-8788,8844,-29,192,-133,-14628,3664,3952,-1039,83,-83,-14800,-3224,5396,-474,133,-116,0
3579.4550549983974,10596,5448,10588,-217,-78,144,10000,-8764,8760,43,115,-178,-14608,3772,3904,-1071,155,-95,-14720,-3108,5592,-480,169,-102,0
3579.4910719394684,10604,5472,10696,-220,2,132,10164,-8756,8712,22,128,-148,-14636,3748,3716,-1078,204,-115,-14836,-3320,5380,-448,127,-53,0
3579.5273921489716,10608,5440,10636,-269,-79,150,10120,-8924,8912,12,147,-191,-14720,3804,3900,-1041,188,-135,-14828,-3312,5616,-478,145,-96,0
3579.562758922577,10720,5556,10596,-236,-68,134,10164,-8868,8832,-40,146,-177,-14700,3768,3604,-1000,170,-126,-14760,-3328,5392,-533,162,-119,0
3579.5981969833374,10596,5500,10544,-220,-84,151,10076,-8772,8740,-59,126,-183,-14632,3692,3708,-1257,169,-129,-14768,-3076,5412,-515,147,-59,0
3579.6338629722595,10560,5412,10544,-262,-65,129,10116,-8764,8776,-106,145,-216,-14624,3772,3864,-991,150,-124,-14696,-3260,5472,-475,164,-73,0
3579.669326066971,10580,5380,10740,-281,-63,132,10204,-8804,8740,-85,143,-199,-14656,3808,3780,-957,147,-172,-14760,-3200,5612,-470,183,-78,0
3579.7048709392548,10684,5524,10700,-270,-65,145,10208,-8748,8800,-28,170,-193,-14716,3660,3724,-977,179,-113,-14860,-3120,5324,-455,194,-70,0
3579.740653991699,10684,5532,10488,-265,-65,132,10156,-8708,8660,-28,132,-229,-14640,3796,3704,-971,146,-187,-14776,-3124,5460,-469,215,-56,0
3579.775913000107,10960,5384,10712,-254,-87,150,10184,-8832,8724,2,100,-227,-14672,3716,3756,-775,151,-137,-14768,-3316,5520,-470,222,-20,0
3579.811197042465,10712,5488,10240,-263,-113,139,10104,-8776,8708,-14,177,-221,-14740,3584,4080,-1006,115,-156,-14892,-3108,5440,-476,189,-32,0
3579.8472549915314,10616,5388,10440,-507,-111,129,10172,-8740,8784,-38,113,-225,-14824,3636,3700,-982,96,-158,-14724,-3160,5124,-447,149,-84,0
3579.8838810920715,10960,5408,10612,-267,-101,163,10088,-8908,8888,-52,168,-166,-14740,3748,4060,-972,61,-86,-15064,-3220,5616,-490,152,-76,0
3579.917361974716,10640,5416,10712,-328,-122,137,10164,-8944,8816,-34,164,-180,-14712,3792,3804,-990,79,-103,-14748,-3272,5556,-471,159,-75,0
3579.9508450031285,10644,5488,10552,-250,-97,130,10000,-8824,8740,-62,185,-223,-14720,3588,3772,-959,97,-95,-14756,-3180,5588,-462,174,-42,0
3579.984400033951,10636,5288,10704,-293,-157,108,10136,-8872,8828,-29,167,-267,-14660,3756,3740,-989,106,-148,-14828,-3256,5376,-464,238,-82,0
3580.0177850723267,10660,5148,10564,-294,-134,150,10152,-8812,8900,255,135,-221,-14720,3760,4000,-1015,96,-87,-14716,-3172,5596,-486,188,-72,0
3580.051232099533,10964,5384,10568,-1,-146,142,10164,-8764,8544,7,176,-178,-14740,3660,3876,-992,68,-101,-14812,-3200,5444,-448,133,-98,0
3580.0847270488734,10692,5512,10276,-286,-118,98,10104,-8812,8876,-254,145,-202,-14684,3684,3812,-965,73,-111,-14800,-3172,5356,-459,134,-114,0
3580.1182470321655,10528,5604,10672,-265,-146,137,10252,-8816,8648,-47,178,-158,-14788,3704,3784,-969,85,-82,-14696,-3324,5168,-512,165,-59,0
3580.1514620780945,10700,5496,10612,-233,-171,134,10128,-8788,8932,-24,126,-181,-14684,3696,3784,-1001,125,-92,-14688,-3136,5264,-502,183,-68,0
3580.1850159168243,10680,5364,10520,-218,-142,152,10164,-8708,8824,-22,98,-225,-14700,3688,3644,-1018,123,-108,-14852,-3268,5364,-502,179,-97,0
3580.2186000347137,10716,5296,10628,-221,-169,145,10196,-8724,8732,-40,110,-254,-14660,3680,3720,-996,98,-119,-14808,-3180,5588,-482,172,-108,0
3580.2521851062775,10640,5284,10740,-218,-152,117,10212,-8732,8956,-54,110,-223,-14704,3772,3732,-1017,88,-135,-14776,-3172,5316,-263,144,-148,0
3580.285535097122,10984,5252,10660,-144,-116,80,10108,-8776,8796,-253,138,-192,-14648,3684,3656,-1274,114,-69,-14772,-3192,5444,-263,162,-131,0
3580.318925142288,10724,5420,10308,-147,-86,102,10208,-8684,8820,254,114,-188,-14732,3724,3744,-1039,138,-82,-14804,-3116,5396,-488,163,-148,0
3580.3522601127625,10528,5300,10712,-182,-78,85,10056,-8952,8728,-9,128,-194,-14724,3764,3628,-1008,172,-118,-14852,-3196,5336,-447,106,-101,0
3580.3854899406433,10680,5144,10548,-145,-97,84,10200,-8952,8944,-49,157,-169,-14716,3740,3572,-1030,73,-66,-14896,-3160,5404,-527,122,-196,0
3580.419188976288,10836,5364,10600,-167,-58,54,10256,-8788,8748,-11,140,-190,-14656,3672,3668,-1032,79,-50,-15088,-3224,5580,-551,93,-155,0
3580.452868938446,10584,5400,10356,-103,0,81,10080,-8720,8756,14,111,-163,-14612,3676,3680,-1039,128,-54,-14736,-3324,5384,-479,106,-177,0
3580.4865579605103,10620,5380,10832,-119,-47,54,10096,-8772,8684,-43,136,-171,-14684,3760,4056,-1034,97,-92,-15036,-3172,5160,-491,127,-167,0
3580.51984000206,10936,5444,10588,-140,-51,72,10132,-8800,8780,-21,125,-131,-14712,3720,3896,-1033,117,-57,-15088,-3180,5340,-764,91,-148,0
3580.5534460544586,10664,5292,10644,-119,13,99,10096,-8748,8836,-58,133,-136,-14696,3684,3884,-774,94,-47,-14780,-3272,5264,-478,104,-143,0
3580.587146997452,10656,5468,10508,-107,-31,96,10124,-8748,8944,-19,134,-141,-14760,3692,3632,-1049,160,-58,-14728,-3208,5224,-474,142,-145,0
3580.6207830905914,10684,5460,10652,-91,-24,86,10120,-8688,8800,-57,105,-164,-14628,3752,3828,-1012,97,-34,-14756,-3168,5216,-507,142,-120,0
3580.654289007187,10640,5432,10680,-96,-22,58,10228,-8784,8900,-49,93,-201,-14688,3684,3852,-771,125,-99,-14744,-3180,5124,-518,107,-139,0
3580.6878221035004,10620,5384,10332,-66,-45,76,10124,-8768,8656,-48,152,-180,-14704,3732,3744,-770,53,-99,-14784,-3200,5604,-539,145,-129,0
3580.72128200531,10696,5404,10284,-73,-29,72,10208,-8776,8724,-51,81,-201,-14744,3760,3760,-986,84,-106,-14816,-3220,5268,-495,128,-142,0
3580.7548949718475,10680,5428,10572,-125,-36,72,10224,-8832,8728,-20,154,-178,-14664,3620,4056,-998,67,-67,-14904,-3224,5412,-463,143,-162,0
3580.7885351181026,10752,5612,10544,-103,-40,80,10108,-8952,8656,-12,139,-154,-14672,3704,3836,-1026,48,-38,-14896,-3192,5416,-470,137,-175,0
3580.8221089839935,10708,5512,10664,-126,-54,92,10076,-8796,8852,-65,183,-169,-14648,3740,3644,-989,31,-94,-14708,-3324,5616,-485,163,-151,0
3580.8556299209595,10604,5480,10488,-135,-84,75,10092,-8720,8752,-60,199,-164,-14748,3672,3840,-952,-5,-67,-14852,-3284,5340,-470,171,-164,0
3580.889142036438,10656,5492,10464,-138,-58,77,10148,-8664,8864,-40,199,-158,-14660,3796,3788,-972,19,-52,-14756,-3232,5352,-457,152,-132,0
3580.925905942917,10660,5380,10556,-154,-50,61,10060,-8804,8676,-53,159,-187,-14692,3684,3752,-926,14,-63,-14820,-3244,5180,-462,153,-140,0
3580.961431980133,10668,5144,10512,-127,-57,78,10200,-8752,8924,-45,172,-167,-14696,3728,3692,-965,54,-55,-14600,-3280,5504,-505,150,-156,0
3580.9975249767303,10596,5420,10572,-115,-48,97,10212,-8880,8788,-45,119,-174,-14688,3684,3696,-990,77,-40,-14996,-3196,5128,-486,164,-117,0
3581.032860994339,10672,5424,10648,-122,-51,98,10236,-8808,8772,-29,87,-176,-14672,3896,3820,-1031,95,-62,-14816,-3280,5532,-266,132,-148,0
3581.0685989856725,10532,5520,10560,-123,-57,117,10180,-8780,8604,-25,70,-159,-14776,3628,3852,-1003,84,-61,-14844,-3144,5440,-515,138,-131,0
3581.104084968567,10656,5416,10568,-107,-67,112,10132,-8844,8704,-77,100,-173,-14756,3728,3868,-993,94,-53,-14804,-3224,5476,-498,123,-142,0
3581.1392159461975,10616,5444,10624,-132,-72,99,10148,-8852,8644,-49,143,-157,-14668,3668,3808,-973,95,232,-14596,-3288,5492,-501,143,-137,0
3581.1750180721283,10668,5344,10596,-123,-41,73,10276,-8456,8624,-49,171,-149,-14656,3740,3872,-975,51,-35,-14784,-3372,5348,-493,143,-164,0
3581.210673093796,10544,5428,10240,-139,-53,15,10376,-8816,8892,-40,267,-179,-14712,3752,3992,-1012,21,-84,-14904,-3244,5424,-530,164,-215,0
3581.2471089363094,10680,5532,10276,-87,-77,92,9944,-8772,9112,-17,0,-211,-14512,3828,3616,-996,132,238,-14840,-3192,5432,-484,124,-64,0
3581.2824580669403,10604,5460,10444,-178,-46,91,10192,-8856,8868,-105,131,-204,-14808,3716,3788,-987,130,-49,-14732,-3260,5588,-427,76,-185,0
3581.3185989856725,10660,5440,10592,-181,-48,73,10068,-8912,9164,78,169,-152,-14628,3824,3820,-1117,55,-123,-14628,-3264,5436,-558,151,-127,0
3581.353723049164,10732,5652,10716,-139,21,117,10476,-8788,8724,-107,91,-147,-14768,3736,3952,-984,132,-29,-14728,-3444,5328,-482,81,-129,0
3581.390000104904,10676,5432,10720,-141,-54,97,10200,-8956,8884,-20,147,-167,-14628,3740,3736,-1030,148,-119,-14716,-3212,5292,-483,131,-151,0
3581.4254000186925,10676,5456,10584,-170,3,113,10080,-8768,8836,13,119,-156,-14756,3756,3776,-1072,177,-54,-14768,-3168,5316,-451,143,-101,0
3581.4603381156926,10688,5456,10488,-185,-251,115,10152,-8740,8824,1,195,-103,-14652,3756,3832,-769,68,-46,-14812,-3536,5532,-509,46,-138,0
3581.495579957962,10608,5524,10744,-215,13,119,10128,-8828,8936,-48,136,-201,-14576,3716,3724,-975,148,-80,-14704,-3272,5336,-424,149,-83,0
3581.531455039978,10644,5444,10564,-211,-39,120,10136,-8780,8700,-22,152,-165,-14716,3688,4080,-1063,138,-109,-14640,-3196,5552,-457,199,-105,0
3581.568428993225,10532,5572,10292,-234,-73,130,10096,-8780,8544,7,184,-189,-14624,3700,3700,-1013,158,-136,-14820,-3284,5628,-451,183,-67,0
3581.6019270420074,10632,5608,10636,-288,-106,137,10224,-8780,8604,-75,128,-200,-14728,3768,3828,-972,128,-93,-14628,-3320,5600,-479,192,-66,0
3581.6352639198303,10648,5428,10420,-283,-109,132,10028,-8900,8820,-62,170,-214,-14616,3848,3784,-993,90,-155,-14760,-3276,5584,-480,190,-63,0
3581.668669939041,10556,5552,10756,-248,-29,110,10088,-8888,8896,-31,224,-187,-14628,3880,3828,-982,82,-124,-14596,-3188,5488,-441,182,-71,0
3581.7023601531982,10572,5528,10664,-274,-58,147,10044,-8820,8712,-23,197,-177,-14708,3704,3820,-987,72,-122,-14752,-3584,5608,-453,164,-40,0
3581.7356910705566,10504,5504,10664,-302,-57,142,10172,-8856,8864,-50,150,-210,-14632,3604,3648,-959,134,-107,-14764,-3264,5180,-414,212,-36,0
3581.7689549922943,10752,5448,10512,-309,-105,131,10172,-8812,8924,-48,132,-228,-14756,3764,3800,-961,145,-146,-14840,-3256,5268,-428,233,-50,0
3581.8024389743805,10704,5444,10664,-260,-152,127,10176,-8816,8836,-32,122,-232,-14800,3836,3720,-999,144,-157,-14784,-3204,5548,-479,233,-69,0
3581.8360970020294,10892,5396,10708,-287,-126,119,10140,-8712,8764,-13,136,-236,-14688,3720,3756,-985,125,-124,-14768,-3160,5304,-467,193,-75,0
3581.869630098343,10780,5356,10620,-259,-114,126,10184,-8864,8808,-28,127,-212,-14636,3680,3748,-1012,116,-128,-15004,-3276,5304,-450,162,-80,0
3581.9029841423035,10608,5388,10636,-271,-134,153,9988,-8460,8864,-28,144,-216,-14684,3692,3840,-1006,120,-101,-14680,-3372,5388,-451,185,-77,0
3581.9366090297694,10696,5476,10320,-248,-95,126,10188,-8948,8736,-24,168,-202,-14648,3648,3548,-952,109,-109,-14796,-3196,5320,-463,148,-89,0
3581.9699749946594,10796,5408,10588,-249,-118,147,10108,-8724,8908,-64,134,-180,-14600,3836,3728,-989,120,-89,-14812,-3224,5460,-481,137,-83,0
3582.003736972809,10760,5596,10740,-266,-159,165,10036,-8472,8936,-34,94,-194,-14576,3780,3880,-1002,139,-97,-14692,-3116,5328,-492,144,-72,0
3582.0373680591583,10580,5424,10624,-225,-133,137,10120,-8712,8708,-61,146,-210,-14692,3696,4024,-1028,141,-71,-14756,-3196,5400,-478,145,-95,0
3582.0704350471497,10608,5308,10664,-208,-144,116,10176,-8848,8948,-26,107,-242,-14592,3748,3784,-994,114,-132,-15040,-3128,5376,-494,182,-68,0
3582.104001045227,10708,5364,10616,-241,-130,139,10084,-8788,8772,-13,96,-201,-14656,3712,3808,-1035,154,-115,-15096,-3204,5500,-489,147,-84,0
3582.137391090393,10588,5364,10652,-206,-115,159,10088,-8736,8748,3,116,-181,-14656,3652,3680,-1024,129,-61,-14948,-3132,5340,-456,100,-127,0
3582.170367002487,10672,5484,10664,-503,-106,118,10204,-8916,8788,-43,101,-192,-14612,3724,3824,-958,115,-77,-14904,-3124,5452,-501,106,-108,0
3582.204064130783,10692,5448,10636,-218,-100,117,10224,-8836,8784,-66,114,-188,-14684,3620,3756,-990,130,-101,-14696,-3180,5356,-526,122,-131,0
3582.237641096115,10680,5408,10628,-213,-133,124,10148,-8828,8716,3,121,-204,-14376,3696,3660,-1007,133,-106,-14908,-3068,5332,-519,177,-114,0
3582.270842075348,10656,5388,10636,-189,-136,133,9820,-8792,8684,-10,106,-194,-14652,3728,3696,-991,118,-88,-14832,-3196,5192,-474,186,-104,0
3582.3043861389165,10664,5376,10524,-184,-187,141,10176,-8804,8776,-43,131,-213,-14716,3736,3704,-988,132,-100,-14600,-3204,5596,-464,158,-92,0
3582.337921142578,10676,5344,10444,-208,-123,122,10124,-8860,8872,-56,121,-201,-14824,3780,3736,-987,93,-140,-14796,-3184,5316,-484,177,-95,0
3582.3715250492096,10640,5344,10592,-141,-139,111,10192,-8836,8736,-19,142,-192,-14732,3772,3704,-772,121,-170,-14868,-3312,5424,-521,173,-124,0
3582.4047539234166,10708,5404,10500,-168,-95,106,10104,-8788,8720,-52,115,-191,-14740,3664,3788,-991,74,-107,-14732,-3284,5208,-517,146,-118,0
3582.438311100006,10612,5384,10384,-114,-106,84,10096,-8780,8772,-74,112,-193,-14664,3620,3584,-1019,73,-85,-14800,-3240,5332,-529,170,-150,0
3582.4717400074005,10696,5336,10540,-139,-108,91,10208,-8776,8740,-28,141,-185,-14656,3720,3772,-1000,104,-124,-15076,-3172,5380,-490,163,-132,0
3582.5052759647374,10764,5424,10484,-143,-77,83,10164,-8712,8760,-48,134,-197,-14700,3760,3720,-984,60,-108,-14796,-3216,5440,-492,176,-124,0
3582.5390400886536,10664,5624,10704,-126,-70,100,10180,-8816,8764,-39,126,-205,-14780,3636,3636,-1017,86,-72,-14812,-3152,5304,-483,172,-106,0
3582.572443962097,10716,5584,10600,-128,-95,80,10160,-8792,8700,-15,149,-189,-14732,3740,3824,-1024,69,-111,-14712,-3224,5364,-467,180,-139,0
3582.6094920635223,10988,5520,10544,-123,-42,94,10208,-8796,8796,-24,137,-171,-14720,3616,3800,-1010,84,-41,-14760,-3196,5328,-468,119,-139,0
3582.645434141159,10772,5316,10620,-153,-62,105,10232,-8828,8872,-44,140,-173,-14716,3748,3756,-1012,53,-51,-14616,-3168,5408,-472,124,-161,0
3582.6806421279907,10616,5372,10260,-170,-33,93,10180,-8832,8788,-5,100,-166,-14688,3628,3788,-1056,145,-35,-14784,-3280,5444,-481,80,-150,0
3582.717101097107,10676,5404,10536,-125,-43,94,10172,-8800,8672,-94,129,-189,-14724,3816,3672,-1277,106,-81,-15056,-3156,5148,-466,102,-138,0
3582.752205133438,10648,5388,10600,-157,-105,88,10064,-8780,8872,-40,82,-199,-14720,3812,3596,-1005,120,-68,-15096,-3236,5500,-526,157,-162,0
3582.7878410816193,10684,5320,10480,-108,-28,112,10148,-8844,8464,22,80,-178,-14736,3720,3760,-1056,125,-97,-15016,-3304,5284,-493,132,-115,0
3582.823329925537,10692,5392,10672,-147,-27,100,10188,-8748,8856,-25,121,-155,-14756,3728,3824,-983,103,-40,-14868,-3212,5400,-500,81,-188,0
3582.858729124069,10664,5456,10528,-154,-37,51,10172,-8784,8688,-30,197,-167,-14348,3712,3904,-961,73,-86,-14820,-3236,5420,-497,72,-142,0
3582.8939170837402,10664,5488,10588,-121,-63,66,10228,-8744,8768,-62,122,-166,-14644,3676,3744,-1014,97,-53,-14664,-3248,5396,-768,131,-155,0
3582.929254055023,10680,5348,10532,-146,-66,103,10184,-8872,8656,13,126,-193,-14628,3764,3608,-1051,113,-89,-14800,-3260,5452,-531,163,-150,0
3582.9650061130524,10596,5408,10572,-84,-32,87,10292,-8800,8520,-21,106,-174,-14660,3764,3916,-1017,75,-81,-14744,-3292,5168,-496,123,-161,0
3583.000864982605,10588,5444,10580,-141,-66,74,10180,-8828,8632,-4,162,-181,-14644,3644,3840,-994,98,-25,-14596,-3232,5464,-494,151,-158,0
3583.0386559963226,10580,5432,10544,-105,-40,80,10132,-8740,8836,-18,138,-185,-14732,3776,3744,-1003,84,-116,-14868,-3304,5624,-490,148,-148,0
3583.073953151703,10748,5536,10724,-146,-49,90,9988,-8752,8812,-40,120,-163,-14664,3676,3800,-966,37,-59,-14836,-3376,5212,-471,131,-144,0
3583.1099729537964,10680,5544,10300,-142,-55,111,10192,-8744,8900,-50,135,-183,-14364,3780,3620,-982,77,-99,-14812,-3240,5436,-465,126,-114,0
3583.1448979377747,10564,5468,10476,-166,-114,93,10332,-8804,8784,-46,130,-160,-14348,3784,3844,-977,103,-79,-14732,-3300,5180,-470,172,-123,0
3583.180655002594,10628,5484,10492,-139,-84,100,10316,-8848,8744,-38,125,-192,-14756,3648,3800,-1015,66,-97,-15096,-3448,5324,-464,173,-110,0
3583.2155759334564,10652,5508,10676,-126,-67,85,10168,-8804,8788,-29,151,-184,-14696,3716,3640,-1006,98,-87,-14792,-3164,5572,-459,148,-118,0
3583.25204205513,10588,5400,10448,-171,-76,105,10120,-8792,8540,18,135,-205,-14684,3740,4032,-1020,83,-85,-14640,-3300,5292,-440,168,-144,0
3583.285539150238,10740,5416,10488,-185,-52,109,10124,-8944,8576,-8,142,-191,-14700,3744,3840,-1019,122,-75,-14896,-3224,5212,-482,147,-127,0
3583.319179058075,10720,5396,10720,-157,-74,113,10120,-8816,8776,-61,113,-162,-14612,3592,3832,-988,87,-37,-14784,-3088,5320,-505,109,-151,0
3583.352658033371,10660,5396,10588,-160,-63,98,10356,-8864,8752,-20,156,-162,-14716,3868,3816,-1061,74,-80,-14764,-3276,5452,-496,118,-137,0
3583.385812044144,10656,5520,10428,-147,-255,112,10156,-8852,8816,-19,134,-163,-14692,3592,3900,-1014,105,-18,-14808,-3332,5596,-476,121,-146,0
3583.41904091835,10728,5536,10660,-153,-83,97,10176,-8852,8676,-82,167,-156,-14820,3756,3684,-1007,94,-32,-14784,-3240,5412,-482,129,-163,0
3583.45272397995,10752,5412,10556,-193,-70,67,10172,-8800,8504,-22,115,-154,-14708,3776,3828,-1003,104,-58,-14772,-3080,5388,-484,136,-135,0
3583.486058950424,10704,5444,10672,-157,-31,109,10020,-8776,8748,-17,159,-152,-14804,3740,3792,-1045,97,-91,-14816,-3248,5332,-491,122,-153,0
3583.519891023636,10628,5444,10612,-148,-28,74,10148,-8564,8736,-48,126,-181,-14704,3864,3744,-999,74,-43,-14784,-3276,5496,-471,96,-154,0
3583.5534241199493,10716,5484,10496,-154,-24,62,10072,-8844,8912,-48,136,-177,-14620,3820,3680,-985,69,-60,-14740,-3248,5436,-487,117,-162,0
3583.5868301391606,10604,5560,10588,-137,-44,100,10052,-8892,8848,-33,109,-147,-14680,3740,3636,-1003,85,-50,-14732,-3276,5248,-492,155,-127,0
3583.6201951503754,10484,5504,10452,-175,-81,132,10144,-8844,8728,6,95,-179,-14604,3724,3728,-1280,141,-82,-14712,-3132,5516,-488,158,-127,0
3583.6533880233765,10568,5468,10524,-135,-87,109,10080,-8752,8672,-21,94,-177,-14616,3736,3828,-1278,115,-90,-14764,-3280,5296,-486,165,-114,0
3583.686933040619,10632,5516,10500,-171,-71,96,10068,-8756,8724,252,119,-182,-14772,3788,4064,-992,142,-72,-14744,-3508,5160,-463,136,-122,0
3583.720515012741,10676,5540,10644,-177,-40,98,10260,-8800,8676,4,159,-188,-14692,3748,3696,-1280,133,-68,-14820,-3260,5436,-477,151,-107,0
3583.7541351318364,10644,5508,10572,-198,-37,114,10152,-8836,8844,16,145,-151,-14716,3764,3900,-1026,91,-119,-14704,-3268,5424,-480,180,-108,0
3583.787686109543,10560,5476,10776,-219,-40,90,10152,-8800,8808,-37,128,-158,-14784,3748,4092,-997,88,-128,-14744,-3196,5316,-455,172,-75,0
3583.8212199211125,10616,5524,10588,-244,-65,126,10196,-8716,8744,-67,142,-184,-14604,3732,3860,-971,100,-95,-14836,-3276,5540,-487,179,-87,0
3583.8545410633087,10720,5640,10908,-222,-94,133,10132,-8880,8736,-92,138,-172,-14796,3828,3716,-1002,103,-93,-14824,-3196,5488,-491,160,-95,0
3583.8879940509796,10640,5456,10516,-229,-52,102,10072,-8816,8828,-62,132,-196,-14652,3828,3688,-1014,97,-92,-14712,-3236,5436,-499,175,-61,0
3583.9216411113734,10544,5488,10652,-272,-19,125,10044,-8816,8704,-24,175,-187,-14592,3796,3972,-959,134,-128,-14712,-3220,5152,-457,165,-43,0
3583.955244064331,10676,5484,10564,-189,-72,116,10212,-8740,8940,-82,178,-206,-14688,3768,3780,-991,97,-182,-14780,-3196,5452,-481,185,-90,0
3583.9888179302216,10640,5628,10552,-280,-67,130,10220,-8780,8668,-11,183,-211,-14816,3736,3864,-982,149,-155,-14608,-3216,5328,-456,154,-59,0
3584.022481918335,10664,5500,10492,-261,-40,133,10116,-8684,8732,-57,103,-170,-14704,3728,3732,-1034,197,-73,-14772,-3124,5320,-462,160,-55,0
3584.0557601451874,10728,5552,10596,-268,-25,164,10216,-8776,8932,252,107,-200,-14640,3676,3800,-1015,171,-98,-14696,-3260,5508,-475,183,-50,0
3584.089152097702,10660,5440,10540,-262,-80,142,10092,-8860,8840,-52,153,-200,-14820,3768,4084,-1018,97,-110,-15056,-3572,5448,-472,161,-101,0
3584.1226761341095,10708,5424,10588,-273,-99,129,10152,-8812,8700,-35,153,-237,-14688,3808,4012,-1000,101,-90,-14836,-3284,5248,-480,153,-70,0
3584.1560420989986,10568,5184,10668,-2,-76,97,10152,-8856,8820,-26,165,-232,-14744,3820,3752,-997,151,-64,-14816,-3320,5364,-471,173,-66,0
3584.189801931381,10744,5388,10636,-261,-129,126,10148,-8748,8768,-17,134,-228,-14732,3756,4012,-994,123,-88,-14864,-3204,5272,-461,174,-89,0
3584.223470926285,10728,5476,10632,-262,-96,131,10096,-8800,8736,-30,135,-197,-14628,3820,3884,-996,142,-120,-14920,-3112,5392,-473,157,-59,0
3584.2569580078125,10672,5364,10560,-250,-138,157,10144,-8800,8852,-39,99,-191,-14768,3756,3648,-1027,126,-145,-15088,-3176,5292,-262,162,-39,0
3584.2938909530644,10512,5412,10672,-236,-117,160,10140,-8788,8748,-11,87,-166,-14720,3684,3632,-1025,154,-68,-15104,-3248,5300,-504,146,-39,0
3584.3291380405426,10680,5520,10632,-228,-125,161,10224,-8776,8752,-20,92,-204,-14804,3656,3796,-769,152,-119,-14788,-3140,5560,-500,159,-69,0
3584.3644890785217,10628,5372,10596,-9,-192,142,10464,-8944,8860,-24,111,-222,-14668,3792,3724,-992,138,-78,-14884,-3216,5396,-486,158,-112,0
3584.3996999263763,10692,5392,10512,-243,-133,127,10156,-8780,8848,-13,111,-203,-14784,3728,3776,-1013,104,-121,-14780,-3220,5352,-466,151,-107,0
3584.435040950775,10672,5376,10744,-214,-138,107,10084,-8812,8844,-16,129,-203,-14660,3780,3600,-998,110,-109,-14804,-3240,5140,-489,181,-104,0
3584.4705719947815,10744,5372,10568,-217,-127,152,10100,-8752,8668,-43,126,-219,-14716,3736,3740,-987,109,-99,-14832,-3084,5412,-499,167,-79,0
3584.5054841041565,10664,5384,10496,-232,-127,125,10188,-8788,8784,-15,87,-220,-14688,3736,4016,-1001,95,-78,-14780,-3144,5508,-491,153,-68,0
3584.5413041114807,10640,5332,10616,-209,-120,160,10240,-8764,8852,-51,92,-162,-14648,3772,3876,-980,91,-100,-14660,-3172,5244,-501,181,-75,0
3584.577563047409,10624,5344,10668,-209,-138,158,10168,-8728,8452,-40,108,-208,-14724,3740,3836,-1009,141,-71,-14628,-3244,5292,-456,162,-64,0
3584.612384080887,10604,5300,10516,-234,-151,159,10172,-8916,8748,-24,137,-199,-14800,3748,3792,-1026,103,-125,-14840,-3196,5444,-459,191,-81,0
3584.6481149196625,10728,5624,10668,-228,-130,144,10332,-8748,8512,-47,141,-199,-14720,3740,3708,-978,51,-81,-14612,-3204,5460,-486,180,-103,0
3584.68363404274,10860,5416,10628,-191,-176,143,10076,-8760,8764,-60,99,-220,-14632,3716,3832,-991,60,-87,-14808,-3196,5404,-506,198,-96,0
3584.7191989421844,10668,5336,10680,-181,-198,106,10148,-8772,8668,-22,123,-206,-14724,3688,3776,-1021,73,-80,-14800,-3216,5172,-479,190,-124,0
3584.7542130947113,10608,5328,10352,-182,-127,112,10188,-8796,9028,-37,122,-201,-14632,3684,3684,-1000,133,-64,-15100,-3328,5420,-457,136,-117,0
3584.7904181480408,10792,5276,10368,-125,-51,82,10440,-8908,8712,-63,95,-191,-14712,3648,3756,-1274,67,-68,-14944,-3096,5140,-483,144,-129,0
3584.825544118881,10792,5256,10576,-199,-78,80,10216,-8808,8728,37,156,-156,-14724,3792,3492,-1077,96,-70,-14708,-3300,5312,-481,145,-123,0
3584.8612780570984,10668,5396,10456,-108,21,84,10116,-8708,8848,-42,145,-147,-14676,3340,3724,-1042,87,-69,-14756,-3280,5412,-479,124,-159,0
3584.896093130112,10704,5392,10552,-123,-71,44,9992,-8856,8768,-8,162,-199,-14608,3708,3812,-995,66,-100,-14820,-3016,5444,-767,169,-177,0
3584.933030128479,10684,5256,10516,-95,-15,62,10112,-8804,8788,6,130,-123,-14632,3684,3716,-1025,109,-13,-14776,-3224,5468,-481,98,-151,0
3584.9665870666504,10748,5384,10516,-145,-253,110,10268,-8764,8680,-30,155,-89,-14736,3632,3776,-1018,47,-9,-14740,-3536,5172,-480,43,-120,0
3585.000142097473,10636,5428,10448,-176,4,70,10220,-8940,8864,-55,141,-144,-14780,3728,3916,-989,67,-21,-14956,-3264,5448,-468,80,-123,0
3585.033764123916,10716,5412,10668,-156,-18,96,10100,-8792,8820,-60,143,-142,-14724,3712,3804,-973,148,-73,-14792,-3160,5388,-487,82,-135,0
3585.067496061325,10724,5364,10556,-163,-94,133,10232,-8840,8720,-3,59,-202,-14728,3760,3636,-1026,172,-67,-14732,-3224,5428,-492,162,-122,0
3585.1009299755096,10672,5244,10656,-109,-52,102,10460,-8948,8928,-44,89,-189,-14676,3760,3788,-1280,145,-85,-14672,-3184,5572,-484,111,-131,0
3585.134285926819,10668,5412,10556,-111,-79,129,10244,-8760,8720,-38,96,-166,-14764,3676,3812,-996,139,-43,-14800,-3256,5380,-474,117,-132,0
3585.1677651405334,10532,5384,10744,-125,-54,119,10120,-8780,8852,-12,136,-134,-14732,3796,3732,-1021,129,-35,-14848,-3204,5268,-505,131,-112,0
3585.2012860774994,10908,5136,10620,-105,-21,127,10116,-8832,8736,15,131,-130,-14724,3724,3740,-1045,144,-43,-14868,-3324,5132,-530,99,-106,0
3585.2348840236664,10712,5452,10440,-134,-28,139,10112,-8652,8620,-51,61,-151,-14760,3768,3768,-993,159,1,-14788,-3280,5568,-767,98,-121,0
3585.26851606369,10784,5416,10668,-114,-34,114,10184,-8708,8672,-63,117,-154,-14724,3748,3708,-971,98,-36,-14780,-3272,5412,-499,85,-150,0
3585.3017709255214,10748,5340,10556,-108,-24,100,10460,-8748,8784,-46,161,-132,-14712,3712,3816,-1011,67,-10,-14844,-3264,5256,-489,89,-174,0
3585.3353271484375,10712,5360,10424,-100,-24,95,10128,-8832,8956,-42,149,-147,-14652,3648,3600,-997,79,-74,-15092,-3144,5492,-506,73,-187,0
3585.3687810897827,10648,5468,10504,-100,-1,72,10172,-8876,8560,-39,139,-144,-14696,3728,3844,-997,47,-42,-14776,-3252,5500,-472,55,-169,0
3585.402316093445,10676,5388,10592,-147,245,77,10224,-8764,8724,-20,135,-141,-14660,3792,3904,-978,47,249,-14784,-3244,5432,-470,73,-156,0
3585.4359390735626,10656,5364,10720,-151,27,86,10172,-8692,8928,-83,122,-141,-14672,3772,3932,-968,44,-26,-14680,-3276,5424,-503,88,-147,0
3585.469414949417,10716,5400,10612,-146,-41,88,10052,-8812,8696,-82,146,-154,-14660,3820,3736,-979,58,-42,-14828,-3296,5496,-490,83,-151,0
3585.502918004989,10576,5192,10320,-194,-45,79,10072,-8488,8760,-87,149,-166,-14664,3644,3712,-999,9,-91,-14840,-3260,5488,-462,117,-137,0
3585.5366120338444,10644,5496,10444,-200,-1,80,10072,-8780,8928,-32,222,-133,-14436,3676,3832,-998,34,-56,-14816,-3304,5500,-442,123,-123,0
3585.5703160762787,10600,5528,10636,-223,-43,88,10136,-8744,8804,-77,195,-184,-14684,3724,3708,-950,9,-40,-14732,-3176,5300,-462,122,-163,0
3585.6039469242096,10596,5444,10600,-247,-31,104,10132,-8808,8656,-4,158,-189,-14676,3760,3596,-981,91,-58,-14824,-3280,5576,-439,155,-76,0
3585.6372611522675,10728,5404,10608,-226,-42,118,10188,-8880,8736,-252,123,-158,-14592,3812,3712,-1009,91,-85,-14836,-3232,5376,-473,126,-88,0
3585.6708509922028,10812,5500,10572,-273,-26,154,10120,-8812,8604,-35,142,-150,-14624,3776,3756,-1014,102,-85,-14708,-3212,5500,-458,124,-52,0
3585.7042319774628,10728,5396,10744,-299,-110,167,10080,-8892,8604,-105,166,-193,-14420,3592,3768,-951,112,-98,-14828,-3280,5464,-446,156,-31,0
3585.73761510849,10604,5396,10420,-5,-124,151,9996,-8812,8852,-60,134,-208,-14684,4032,3736,-969,100,-113,-14776,-3260,5484,-464,199,-69,0
3585.7710480690002,10620,5396,10384,-322,-69,146,10148,-8848,8756,-46,148,-199,-14672,3888,3752,-942,79,-133,-14616,-3260,5552,-431,160,-86,0
3585.8047320842743,10616,5424,10652,-298,-73,111,10204,-8832,8648,-75,176,-185,-14716,3796,3668,-976,79,-142,-15096,-3132,5600,-442,163,-83,0
3585.838235139847,10672,5308,10408,-359,-38,119,10044,-8956,8592,-24,203,-189,-14640,3744,3792,-936,102,-174,-14764,-3224,5412,-407,200,-72,0
3585.8718519210815,10572,5352,10972,-333,-75,82,10100,-8892,8732,-30,180,-231,-14664,3824,3788,-991,121,-116,-15084,-3240,5444,-396,211,-92,0
3585.90527009964,10668,5380,10604,-309,-101,122,10172,-8872,8888,-71,125,-243,-14728,3748,4060,-940,145,-134,-14816,-3220,5216,-425,271,-24,0
3585.938490152359,10608,5448,10664,-312,-130,169,10096,-8864,8804,-97,75,-301,-14576,3760,3708,-952,294,-192,-14736,-3520,5464,-384,234,0,0
3585.975634098053,10948,5620,10612,-309,-189,194,10020,-8824,8908,-81,71,-300,-14760,3628,3760,-938,201,-177,-14852,-3188,5416,-466,234,-71,0
3586.011218070984,10760,5396,10588,-276,-151,141,10200,-8764,8848,-59,78,-512,-14736,3744,3764,-951,195,-122,-14868,-3196,5476,-460,202,-28,0
3586.047646999359,10764,5344,10520,-267,-127,173,10116,-8812,8604,-37,61,-240,-14748,3652,3604,-960,174,-129,-14772,-3208,5440,-449,196,-39,0
3586.0826880931854,10728,5348,10720,-318,-128,140,10164,-8840,8492,-35,113,-232,-14716,3700,3732,-927,193,-108,-14616,-3216,5296,-444,222,-41,0
3586.1179659366608,10524,5308,10400,-205,-154,172,10488,-8852,8740,-77,79,-237,-14764,3856,3740,-961,203,-148,-14880,-3100,5444,-493,225,9,0
3586.153594017029,10716,5348,10608,-208,-202,215,10156,-8912,8896,-75,-240,-236,-14712,3800,3728,-945,209,-130,-14896,-3164,5428,-480,200,7,0
3586.1894750595093,10748,5356,10608,-242,-130,228,10176,-8660,8716,-144,-251,-201,-14608,3736,3648,-930,240,-39,-14860,-2928,5456,-473,140,32,0
3586.2245860099792,10776,5276,10668,-218,-114,238,10176,-8824,8616,-208,31,-156,-14688,3856,3836,-940,251,234,-14940,-3256,5452,-478,99,64,0
3586.2607090473175,10848,5312,10544,-350,-83,277,10152,-8712,8692,-159,38,-88,-14724,3848,3692,-918,283,48,-14824,-2960,5176,-494,91,67,0
3586.2960410118103,10764,5152,10644,-348,-61,310,10480,-8776,8704,-172,-20,-96,-14648,3788,3832,-966,268,-17,-14836,-3224,5484,-602,79,-13,0
3586.3323929309845,10592,5264,10316,-203,-101,295,10192,-8816,8676,-171,-2,-145,-14704,3724,3592,-958,236,-89,-14804,-3160,5480,-464,137,-11,0
3586.368590116501,10728,5384,10664,-14,-126,225,10328,-8748,8820,-93,46,-192,-14716,3732,3676,-937,277,-115,-14736,-3092,5308,-482,204,-38,0
3586.4038779735565,10748,5336,10596,-279,-2,223,10148,-8864,8512,-86,-10,-298,-14656,3744,3584,-998,335,-235,-14736,-3080,5412,-497,317,-250,0
3586.4561750888824,10796,5152,10496,-198,-265,231,10300,-8848,8556,-34,-29,-506,-14748,3748,3660,-983,276,-164,-14848,-3132,5532,-476,1,-252,0
3586.50373506546,10664,5172,10628,-272,-297,244,10116,-8900,8576,-49,-6,-273,-14724,3896,3500,-944,0,-164,-14828,-2884,5356,-474,210,36,0
3586.5419540405273,10788,5112,10760,-318,-292,248,10288,-8996,8500,-1,-25,-271,-14792,3856,3324,-961,305,-124,-14904,-2940,5220,-491,254,12,0
3586.577661037445,10848,5012,10604,-326,-304,299,10324,-8920,8568,51,17,-229,-14840,3968,3484,-1045,266,-152,-14888,-2972,5256,-521,227,50,0
3586.613881111145,10888,5076,10604,-356,-300,279,10388,-8996,8600,78,6,-250,-15084,3700,3324,-1014,201,-168,-14864,-2936,5348,-499,245,-29,0
3586.647269010544,10912,5012,10640,-320,-361,242,10328,-8956,8676,75,74,-283,-14744,3704,3384,-782,171,-211,-15092,-2820,5212,-497,253,-90,0
3586.6804630756374,10968,4968,10528,-324,-302,181,10376,-8768,8596,168,166,-219,-14944,3704,3468,-1105,59,-170,-14964,-2972,5420,-524,169,-174,0
3586.7139279842377,10920,5108,10560,-292,-251,113,10456,-8728,8656,226,195,-191,-14916,3604,3648,-1119,-15,-187,-14944,-3088,5248,-556,145,-246,0
3586.7477810382843,10960,5168,10512,-314,-264,56,10392,-8760,8680,257,272,-212,-14828,3768,3736,-1124,-118,-143,-15004,-3120,5368,-604,84,-342,0
3586.781044960022,11036,5228,10420,-253,-213,40,10276,-8768,8952,502,310,-76,-15092,3704,3336,-1124,-157,-38,-15020,-3212,5240,-651,16,-310,0
3586.814432144165,11000,5340,10396,-228,-164,84,10260,-8728,8772,230,318,-26,-14808,3636,3600,-1116,-188,-19,-14836,-3236,5456,-601,-45,-310,0
3586.8481409549713,10704,5236,10624,-231,-72,68,10240,-8768,8772,208,287,-78,-14816,3640,3644,-1042,-138,-40,-14864,-3236,5144,-457,-25,-345,0
3586.881268978119,11012,5160,10844,-174,-65,17,10216,-8924,8796,122,318,-89,-14844,3740,3640,-1037,-194,-24,-14796,-3100,5416,-575,-52,-373,0
3586.9147279262543,10928,5064,10600,-167,-33,-30,10012,-8944,8680,67,433,-38,-14772,3740,3728,-1063,-205,-69,-14904,-2828,5248,-595,27,-357,0
3586.948470115661,11088,5032,10288,-61,-48,6,10312,-8692,8696,179,397,-30,-14812,3752,3380,-1102,-141,-24,-12512,-2808,5588,-405,17,-374,0
3586.9817740917206,10908,4960,10920,-68,156,251,10152,-8560,8528,115,331,-76,-14500,3680,3688,-789,-286,73,-14660,-3252,5580,-553,-199,-427,0
3587.0153160095215,10668,5368,10456,-7,353,-195,10124,-8608,8732,-47,449,-3,-14400,3684,3748,-782,-166,23,-14468,-3084,5300,-553,-74,-340,0
3587.0489439964294,10968,5124,10500,87,250,-92,10116,-8576,8880,-143,372,-24,-14544,3524,3460,-1033,-5,-8,-14720,-3068,4944,-531,85,-256,0
3587.0822229385376,10844,5076,10192,-32,223,7,10300,-8468,8568,-101,316,-58,-14580,3756,3364,-1080,35,49,-14676,-3140,5320,-460,-52,-209,0
3587.1157879829407,10968,5196,10308,-160,377,20,10132,-8668,8720,-59,236,-23,-14596,3832,3608,-1082,107,115,-14828,-3216,5540,-339,-13,-138,0
3587.14909696579,10740,5220,10824,-270,284,90,9948,-9036,8864,-73,164,-38,-14740,3944,3896,-1050,160,105,-14736,-3292,5816,-415,6,-91,0
3587.182245016098,10616,5272,10836,-123,215,90,10104,-8932,9080,-170,117,-118,-14828,3968,3624,-981,157,-9,-15044,-3216,5508,-524,64,-165,0
3587.2156879901886,10840,5232,10752,-40,106,49,10144,-8832,8792,-108,223,-88,-14756,3756,3700,-1028,105,-73,-14828,-3336,5508,-584,148,-232,0
3587.2492229938507,10616,5296,10668,-6,78,30,9948,-8880,8828,-126,264,-93,-14532,3836,3768,-1111,23,-68,-14660,-3316,5532,-602,128,-247,0
3587.282383918762,10584,5624,10544,55,125,-13,9968,-8796,8840,-113,156,-54,-14532,4052,3908,-1036,13,9,-14616,-3104,5480,-606,17,-241,0
3587.3160791397095,10620,5304,10636,108,182,-31,9996,-8792,8776,-69,205,-85,-14552,3836,3704,-999,22,-248,-14704,-3188,5376,-529,19,-263,0
3587.3497891426086,10740,5272,10560,71,229,-41,10020,-8816,8760,-74,207,-116,-14500,4056,3832,-1056,42,-36,-14692,-3136,5408,-766,50,-141,0
3587.3830299377446,10716,5300,10740,14,224,43,9960,-8852,8832,-27,244,-102,-14772,3864,3504,-1057,54,14,-14824,-3212,5532,-495,33,-113,0
3587.4164419174194,10828,5296,10712,1,204,72,10196,-8956,8764,-90,236,-37,-14824,3848,3836,-1278,47,56,-14932,-3100,5584,-513,-39,-138,0
3587.449938058853,10752,5184,10648,-57,142,70,10456,-9172,8804,-124,221,-42,-14632,3928,3792,-1086,-77,42,-15044,-3196,5524,-538,66,-171,0
3587.483484983444,10716,5240,10812,-96,158,44,10188,-8748,8828,-89,318,-1,-14724,3776,3608,-1032,-72,37,-14976,-3468,5540,-438,-43,-228,0
3587.5172250270844,10932,5332,10732,-147,266,-67,10140,-8800,8912,-109,247,-21,-14916,3708,4092,-947,-182,26,-14640,-3724,5536,-286,-47,-391,0
3587.5508110523224,10648,5556,10700,-227,244,-203,10088,-8836,8964,-154,388,-115,-14672,3640,3652,-879,-277,240,-14788,-3396,5396,-380,16,-326,0
3587.584259033203,10720,5524,10476,-147,156,-194,9888,-8676,8748,-140,379,-157,-14576,3644,3908,-870,-37,-33,-14384,-3440,5596,-371,-9,-338,0
3587.6177599430084,10272,5204,10540,-35,86,-205,9744,-8956,8520,80,472,-212,-14708,4004,4288,-998,-228,-180,-14620,-3428,5864,-466,92,-572,0
3587.6549410820007,10540,5528,10748,21,79,-305,9912,-8772,8732,78,465,-269,-14640,3812,3852,-962,-310,-153,-14920,-3432,5584,-406,10,-507,0
3587.6902029514313,10716,5664,10752,-10,213,-305,10144,-8956,9168,-107,442,-194,-14368,3976,3976,-872,-355,80,-14736,-3424,5680,-388,-105,-434,0
3587.7255420684814,10488,5468,10720,-96,510,-213,9660,-9044,8948,-90,350,-107,-14532,4164,3800,-872,-95,65,-14612,-3184,5692,-513,-99,-208,0
3587.761647939682,10356,5484,10756,243,153,68,9720,-9012,8696,-128,252,-96,-14348,4124,4088,-949,147,66,-14576,-3100,5768,-621,73,29,0
3587.7978620529175,10396,5336,10932,-160,11,276,9832,-8956,8492,-85,-110,-140,-14392,3952,3712,-1075,347,15,-14472,-3320,5732,-371,74,119,0
3587.833316087723,10280,5340,10812,-330,-51,273,10180,-8920,8648,-116,-45,-228,-14576,3900,3788,-998,403,-115,-14596,-3324,5544,-277,235,76,0
3587.8692331314087,10388,5376,10832,-390,-185,229,9920,-8956,8856,-56,84,-302,-14752,4004,3872,-1082,342,-193,-14576,-3388,5464,-397,306,-24,0
3587.904396057129,10240,5460,10608,-250,-240,181,10028,-9024,8920,69,146,-271,-14716,3956,4196,-1074,139,-293,-14748,-3396,5816,-573,334,-132,0
3587.9399640560146,10520,5564,10644,-84,-224,127,10092,-8824,8900,67,79,-213,-14712,3780,3928,-1131,160,-206,-14988,-3564,5628,-553,250,-60,0
3587.9749879837036,10664,5712,10636,-129,-99,147,10092,-8764,8744,-1,4,-200,-14704,3780,3904,-1269,105,-40,-14912,-3436,5636,-488,43,-74,0
3588.010744094848,10648,5388,10668,-137,16,126,10092,-8892,8792,-253,11,-177,-14680,3916,3724,-955,220,240,-14796,-3356,5376,-454,-4,-95,0
3588.050734996796,10724,5404,10876,-165,45,135,10000,-8836,8780,255,84,-124,-14488,4040,4052,-1277,131,-63,-14732,-3388,5428,-443,123,-71,0
3588.0861971378326,10356,5552,10568,-278,-40,134,9872,-8524,8796,-83,188,-45,-14504,3832,3952,-774,48,2,-14656,-3572,5796,-436,116,-126,0
3588.1218321323395,10472,5500,10552,-348,-38,48,9876,-8716,8900,-14,199,-171,-14436,3816,3952,-975,125,-111,-14544,-3544,5680,-334,224,-108,0
3588.1578419208527,10272,5536,10692,-337,-140,98,9600,-8980,9156,-71,123,-296,-14376,3928,4016,-1004,245,-164,-14696,-3344,5500,-392,365,24,0
3588.192686080932,10456,5736,10616,-509,-204,243,9864,-8784,8984,-163,-92,-236,-14340,3988,4060,-1014,277,-122,-14692,-3584,5564,-505,239,84,0
3588.228618144989,10496,5424,10604,-152,-128,299,9912,-8988,8788,-45,-147,-174,-14800,3844,3864,-1028,368,-97,-14672,-3176,5580,-491,268,131,0
3588.2635440826416,10504,5604,10712,-122,-81,286,10100,-8864,8676,-26,-142,-195,-14624,3844,3612,-1085,319,-116,-14840,-3212,5448,-424,273,142,0
3588.3001091480255,10544,5304,10632,-223,-71,282,10164,-8788,8572,-91,16,-96,-14820,3952,3896,-1040,190,47,-14856,-3276,5648,-450,159,24,0
3588.333606004715,10728,5236,10944,-237,28,192,10036,-8996,8788,-59,128,-128,-14912,3860,3624,-974,148,-39,-14796,-3296,5444,-395,133,-22,0
3588.367224931717,10580,5304,10704,-307,245,116,10132,-8932,8696,-99,166,-210,-14612,3616,3704,-1003,79,-89,-14856,-3336,5440,-384,197,-103,0
3588.40033698082,10740,5308,10980,-297,-27,43,10020,-8716,8816,-48,266,-178,-14716,3880,3724,-955,41,-68,-14776,-3200,5500,-428,158,-148,0
3588.4338390827174,10532,5456,10680,-172,29,12,10200,-8924,8848,-56,171,-238,-14672,3900,3820,-979,50,-65,-14780,-3308,5624,-411,143,-158,0
3588.4670610427856,10324,5624,10756,-171,-37,-12,10048,-8928,8668,16,232,-240,-14540,4052,3816,-959,21,-131,-14636,-3296,5544,-376,191,-183,0
3588.5007860660553,10668,5180,10756,-7,-34,-59,9980,-8940,8756,247,269,-245,-14564,4016,3700,-993,-3,-166,-14752,-3200,5580,-370,207,-182,0
3588.5344059467316,10480,5316,10800,-268,-73,-38,9980,-8884,8860,22,273,-228,-14536,3960,3676,-1022,5,-119,-14576,-3280,5732,-429,216,-141,0
3588.5679841041565,10388,5424,10820,-217,-21,46,9744,-8940,8716,-14,232,-183,-14440,3928,3704,-990,126,-150,-14712,-3432,5840,-456,239,-19,0
3588.6015651226044,10332,5416,10748,-178,-82,177,9872,-8852,8724,-46,74,-196,-14500,3944,4036,-1043,508,-72,-14676,-3272,5568,-442,192,16,0
3588.6350491046906,10548,5396,10860,-247,-95,257,9896,-8852,8744,-51,-31,-176,-14592,3968,3892,-1000,317,-80,-14812,-3320,5616,-514,172,46,0
3588.668543100357,10500,5488,10680,-272,-120,326,9740,-8916,8832,-49,-87,-145,-14848,3728,3908,-1108,371,-69,-14732,-3468,5460,-491,151,58,0
3588.7017879486084,10388,5580,10672,-212,-46,305,10136,-8840,8824,-145,-65,-141,-14736,3632,3820,-1040,348,-74,-14680,-3316,5676,-760,214,116,0
3588.7354729175568,10452,5408,10908,-208,-176,298,10128,-8940,8984,-89,-77,-208,-14672,3748,3688,-1046,352,-80,-14836,-3260,5568,-457,211,84,0
3588.769060134888,10716,5456,10748,-260,-144,287,10132,-8780,8812,-60,-62,-191,-14752,3792,3720,-772,335,-67,-14764,-3124,5480,-455,237,71,0
3588.8025851249695,10608,5132,10520,-257,-177,8,10140,-8916,8584,-96,16,-196,-14716,3772,3700,-769,216,-90,-14672,-3264,5508,-449,200,11,0
3588.836539030075,10556,5340,10684,-271,-143,219,10172,-8960,8744,-117,49,-181,-14616,3964,3640,-980,152,-52,-14808,-3300,5720,-473,150,-38,0
3588.869775056839,10656,5248,10620,-260,-53,172,10232,-8856,8624,-150,92,-159,-14640,3976,3736,-958,89,7,-14820,-3296,5460,-461,90,-66,0
3588.9031550884247,10584,5204,10868,-224,-6,162,10096,-8988,8564,-124,74,-111,-14384,4092,3572,-985,73,32,-14784,-3068,5528,-490,94,-46,0
3588.936821937561,10572,5244,10736,-218,-249,171,9784,-9128,8636,-114,120,-140,-14616,3944,3624,-1005,65,-6,-14644,-2992,5524,-503,114,-78,0
3588.9702291488647,10572,5164,10776,-215,-13,159,10012,-9000,8544,-100,162,-115,-14656,4012,3648,-1279,59,-74,-14724,-3012,5468,-531,198,-48,0
3589.003942012787,10408,5136,10784,-163,-95,167,9980,-8976,8720,-26,134,-171,-14652,3936,3384,-1118,114,-148,-14736,-3216,5848,-509,265,-38,0
3589.0374920368195,10396,5332,10828,-118,-122,181,10096,-9004,8592,23,72,-187,-14504,3912,3772,-1116,153,-136,-14676,-3172,5388,-522,258,-107,0
3589.070706129074,10428,5256,10736,-96,-117,162,10096,-8948,8764,35,142,-186,-14764,3908,3700,-1133,125,-142,-14808,-3292,5548,-528,234,-141,0
3589.1042089462285,10460,5220,10816,-128,-66,77,10156,-8944,8676,30,202,-191,-14748,3884,3688,-1077,34,-152,-14816,-3192,5700,-516,194,-198,0
3589.1374430656433,10588,5320,10816,-125,-63,33,10064,-8924,8724,67,262,-223,-14672,3904,3804,-1051,19,-185,-14768,-3264,5548,-453,213,-200,0
3589.1708149909973,10736,5128,10876,-154,-62,2,10056,-8792,8700,26,500,-213,-14636,3832,3792,-986,6,-132,-14896,-3300,5488,-455,183,-193,0
3589.2040979862213,10548,5384,10504,-155,-74,-12,10224,-8860,8724,-26,242,-264,-14684,3756,3716,-1016,26,-164,-14692,-3156,5540,-458,210,-215,0
3589.2376289367676,10520,5124,10748,-158,-130,-9,10228,-8900,8736,27,208,-290,-14668,3808,3788,-1037,56,-168,-14644,-3224,5504,-477,244,-169,0
3589.271157026291,10496,5624,11004,-173,-113,28,10000,-8864,8880,27,169,-264,-14556,3884,3804,-1027,99,-161,-14820,-3084,5564,-501,233,-142,0
3589.3042140007014,10536,5128,10740,-176,-126,73,10232,-8920,8732,-2,138,-266,-14724,3972,3820,-780,104,-165,-14792,-3208,5540,-506,210,-131,0
3589.341927051544,10564,5372,10784,-133,-92,79,10144,-8864,8464,254,138,-237,-14724,3832,3656,-1087,122,-76,-14712,-3180,5648,-521,150,-124,0
3589.378154039383,10632,5448,10712,-168,-256,116,10008,-8840,8740,4,68,-160,-14664,3816,3672,-1003,167,-63,-14852,-3316,5500,-533,95,-111,0
3589.4132490158086,10584,5372,10804,-127,33,117,10144,-8764,8784,-26,109,-133,-14692,3788,3852,-1048,142,-24,-14812,-3268,5560,-494,117,-96,0
3589.4486730098724,10528,5388,10632,-176,-20,137,10148,-8864,8564,-32,112,-134,-14756,3908,3924,-1040,141,-91,-14880,-3224,5380,-498,140,-101,0
3589.4839890003204,10508,5480,10904,-150,-19,109,10080,-8832,8840,-61,108,-164,-14660,3832,3740,-974,129,-10,-14680,-3192,5420,-485,66,-140,0
3589.5195441246033,10416,5284,10888,-174,-27,67,10052,-9196,8756,-40,121,-210,-14364,3908,3684,-1017,85,-106,-14692,-3220,5476,-496,100,-137,0
3589.5546691417694,10396,5404,10704,-219,-69,138,9872,-8820,8940,-29,131,-125,-14568,3772,3788,-1037,122,-46,-14796,-3288,5416,-461,99,-121,0
3589.590099096298,10476,5432,10976,-202,-35,108,10224,-8924,8876,-90,143,-186,-14628,4072,3916,-978,83,-107,-14720,-3164,5484,-428,141,-95,0
3589.6253111362457,10496,5352,10596,-212,-84,109,10072,-9128,8780,-82,102,-207,-14648,3944,3800,-1007,116,-58,-14760,-3136,5400,-483,99,-91,0
3589.660753965378,10452,5340,10532,-217,-98,157,10068,-9144,8732,-13,99,-156,-14612,3872,4020,-1072,149,-90,-14748,-3292,5520,-467,113,-89,0
3589.695914030075,10532,5392,10920,-238,-119,147,10028,-8792,8644,-82,108,-194,-14688,3816,3624,-990,117,-71,-15100,-3136,5548,-476,127,-88,0
3589.7321739196777,10556,5292,10680,-253,-94,127,10040,-9160,8592,-29,133,-191,-14748,3944,3744,-984,135,-127,-14720,-3132,5564,-765,151,-88,0
3589.768136024475,10240,5280,10740,-204,-133,131,10120,-8916,8656,7,118,-223,-14632,3848,3880,-1053,130,-170,-14732,-3216,5548,-470,253,-90,0
3589.8037710189815,10524,5328,10628,-217,-212,145,9984,-8880,8780,-16,98,-241,-14344,3896,3640,-1007,133,-183,-14792,-3148,5476,-258,245,-98,0
3589.8396520614624,10548,5264,10604,-197,-232,141,9776,-8912,8676,-26,101,-251,-14608,3732,3756,-995,108,-178,-14712,-3180,5744,-466,237,-85,0
3589.8751690387726,10652,5312,10716,-507,-178,109,10148,-8852,8656,-37,164,-238,-14664,3656,3760,-965,80,-142,-14824,-3228,5536,-443,252,-86,0
3589.9106829166412,10556,5612,10512,-221,-205,149,10164,-8872,8728,-8,151,-221,-14732,3756,3708,-1009,117,-153,-14660,-3176,5444,-450,249,-69,0
3589.945491075516,10628,5304,10844,-268,-191,145,9992,-8884,8612,-24,106,-227,-14672,3736,4000,-965,139,-145,-14716,-3240,5540,-467,237,-83,0
3589.9816291332245,10596,5344,10664,-261,-209,169,10088,-8852,8796,-58,83,-255,-14640,3852,3764,-996,165,-125,-14788,-3144,5404,-459,248,-57,0
3590.0152621269226,10548,5336,10848,-223,-194,154,10064,-8984,8496,-49,86,-219,-14752,3864,3832,-994,140,-138,-14812,-3128,5508,-487,208,-58,0
3590.0487899780273,10624,5296,10624,-206,-206,149,10104,-8776,8760,-21,78,-233,-14648,3880,3792,-1031,152,-126,-14788,-3152,5468,-491,222,-37,0
3590.0823819637294,10484,5348,10620,-201,-219,160,10080,-8968,8868,-11,77,-237,-14784,3860,3796,-1275,125,-142,-14888,-3216,5480,-483,216,-81,0
3590.1161000728607,10644,5584,10884,-510,-141,146,10148,-8920,8788,20,33,-238,-14664,3724,4036,-1087,196,-127,-14824,-3092,5484,-493,127,-87,0
3590.149318933487,10628,5348,10688,-214,-143,138,10196,-8892,8880,-36,121,-197,-14712,3804,3792,-1043,167,-99,-14848,-3020,5412,-522,125,-97,0
3590.1829340457916,10688,5176,10580,-207,-160,125,10124,-8952,8636,252,103,-230,-14764,3792,3848,-1054,126,-51,-14728,-3184,5460,-544,132,-140,0
3590.2163820266724,10580,5292,10532,-205,-62,129,10088,-8812,8700,-13,74,-191,-14660,3820,3628,-1060,149,-72,-14652,-3136,5460,-525,95,-129,0
3590.24995803833,10508,5280,10640,-124,-128,109,10044,-8812,8668,-110,135,-204,-14744,3752,3668,-998,138,-114,-14788,-3124,5524,-512,150,-158,0
3590.2837080955505,10800,5264,10676,-191,-95,88,10092,-8852,8724,-54,131,-185,-14712,3824,3680,-1007,112,-100,-14784,-3192,5364,-502,101,-150,0
3590.317286968231,10644,5264,10528,-182,-256,85,9860,-8824,8700,18,193,-132,-14612,3716,3780,-1043,113,244,-14748,-3240,5476,-484,85,-131,0
3590.3506231307983,10636,5264,10756,-230,10,59,9900,-8896,8948,40,171,-175,-14836,3724,3824,-1026,85,-69,-14740,-3176,5608,-477,112,-143,0
3590.3837130069733,10568,5268,10864,-200,-16,69,10064,-8740,8756,-13,157,-174,-14676,3924,3824,-1277,52,-73,-14692,-3108,5496,-491,84,-148,0
3590.4172060489655,10552,5380,10896,-123,-32,63,10160,-8788,8816,-21,180,-168,-14724,3816,3772,-1030,43,-68,-14760,-3156,5624,-485,119,-159,0
3590.4504809379578,10552,5312,10624,-161,-35,74,10008,-8820,8672,14,168,-172,-14752,3740,3588,-997,31,-60,-14596,-3220,5488,-468,125,-148,0
3590.484113931656,10672,5168,10564,-137,-5,57,10128,-8820,8632,-31,146,-164,-14632,3832,3820,-991,36,-33,-14848,-3080,5536,-463,76,-147,0
3590.5176191329956,10600,5248,10764,-160,1,68,10144,-8816,8656,-25,189,-148,-14636,3828,3716,-963,11,-51,-15028,-3128,5452,-426,121,-126,0
3590.550796031952,10548,5216,10712,-143,22,78,10160,-8804,8632,-46,158,-118,-14672,3816,3636,-957,75,-38,-14748,-3200,5544,-446,119,-124,0
3590.5843410491943,10584,5288,10736,-133,-39,115,10116,-8872,8884,-18,154,-123,-14496,3752,3808,-996,73,-45,-14812,-3084,5444,-433,158,-101,0
3590.617905139923,10672,5328,10652,-177,-29,99,10040,-8872,8768,-42,124,-144,-14748,3824,3668,-1280,98,-39,-15076,-3268,5560,-441,153,-97,0
3590.6513669490814,10508,5224,10588,-153,-45,98,10172,-9172,8956,-48,161,-166,-14700,3692,3760,-987,84,-54,-14824,-3116,5444,-461,151,-136,0
3590.6848800182343,10708,5252,10544,-162,-49,78,10204,-8892,8776,8,157,-167,-14616,3880,3832,-1032,24,-82,-14816,-3180,5544,-469,79,-151,0
3590.7180960178375,10512,5336,10816,-120,-5,49,10088,-8952,8648,-254,180,-183,-14620,3832,4000,-1277,33,-25,-14848,-3120,5432,-487,113,-191,0
3590.7514920234685,10516,5248,10836,-150,-16,20,9956,-8864,8956,19,155,-195,-14640,3584,3692,-1040,80,-63,-14704,-3120,5552,-493,114,-169,0
3590.7848861217494,10436,5432,10936,-114,-21,66,10104,-8864,8736,8,131,-164,-14616,3852,3840,-1008,117,-95,-15072,-3120,5504,-471,123,-150,0
3590.818382024765,10552,5332,10748,-137,-68,67,10152,-8828,8848,-49,168,-181,-14700,3744,3784,-1045,80,-95,-14672,-3204,5540,-502,179,-173,0
3590.851954936981,10416,5340,10652,-115,-54,86,9996,-8952,8728,-56,138,-151,-14508,3788,3940,-1012,97,-55,-14584,-3292,5468,-498,155,-137,0
3590.8852150440216,10600,5404,10832,-112,-56,87,10160,-8868,8828,-83,124,-190,-14676,3812,3848,-1277,89,-99,-14840,-3204,5468,-495,139,-168,0
3590.9184551239014,10264,5188,10688,-155,-83,78,10028,-8812,8800,-36,153,-196,-14676,3748,3828,-1007,51,-88,-14768,-3176,5556,-762,129,-133,0
3590.951941013336,10604,5284,10704,-158,-22,83,10012,-8720,8824,9,184,-144,-14612,4068,3644,-1032,62,-67,-14724,-3252,5368,-482,143,-138,0
3590.9852271080017,10560,5140,10592,-137,-50,89,10116,-8844,8756,-41,175,-158,-14756,3720,3676,-1029,46,-100,-14772,-3280,5452,-467,130,-154,0
3591.0233130455017,10588,5352,10948,-152,-52,90,10028,-8904,8948,-15,138,-159,-14696,3780,3896,-976,77,-55,-14824,-3164,5540,-484,129,-130,0
3591.0586681365967,10444,5412,10960,-161,-57,98,10128,-8848,8860,-46,145,-184,-14724,3832,3884,-989,68,-85,-14760,-3136,5508,-489,168,-145,0
3591.093856096268,10516,5388,10620,-188,-89,111,9964,-8832,8736,-43,154,-153,-14676,3904,3352,-1022,93,-32,-14736,-3236,5816,-496,128,-134,0
3591.129156112671,10684,5624,10760,-130,-61,106,10124,-8856,8812,-29,111,-179,-14656,3880,3788,-769,101,-86,-14804,-3292,5560,-476,149,-128,0
3591.1643669605255,10480,5576,10708,-172,-31,102,9956,-8904,8664,12,132,-165,-14508,3876,3812,-1010,83,-45,-14708,-3228,5408,-449,126,-108,0
3591.2000970840454,10568,5356,10888,-214,-21,112,10044,-8948,8864,-22,144,-164,-14752,3872,3604,-984,98,-58,-14656,-3224,5628,-495,148,-112,0
3591.2355201244354,10272,5348,10684,-223,-65,119,10092,-8856,8852,11,170,-186,-14644,3704,3988,-986,119,-101,-14696,-3284,5520,-475,176,-127,0
3591.2718839645386,10360,5292,10736,-241,-127,94,10104,-8996,8804,-251,129,-235,-14696,3812,3624,-997,102,-135,-14748,-3296,5780,-475,213,-89,0
3591.3074889183044,10536,5344,10764,-4,-149,106,10228,-8772,8752,25,153,-241,-14636,3904,3920,-989,131,-135,-14816,-3204,5560,-483,192,-91,0
3591.343101024628,10520,5336,10832,-250,-148,101,10000,-8904,8720,12,177,-217,-14672,3844,3780,-954,126,-148,-14760,-3244,5568,-482,193,-92,0
3591.3786249160767,10516,5556,10624,-296,-189,122,10104,-8868,8812,-17,198,-221,-14604,3880,3688,-1014,97,-186,-14748,-3212,5584,-485,200,-90,0
3591.414080142975,10540,5372,10692,-268,-193,119,10028,-9004,8612,-55,172,-227,-14684,3808,3800,-973,150,-173,-14676,-3496,5288,-468,200,-105,0
3591.448969125748,10636,5380,10668,-221,-156,140,10116,-8796,8956,-50,133,-206,-14680,3820,3736,-998,96,-170,-14900,-3120,5384,-465,190,-65,0
3591.4850559234615,10668,5140,10768,-248,-141,161,10028,-8860,8828,-36,131,-229,-14640,3788,3712,-1045,140,-93,-14760,-3144,5444,-486,214,-80,0
3591.5206141471863,10576,5328,10712,-279,-118,154,10096,-8796,8764,31,144,-196,-14752,3724,3568,-1035,166,-153,-14616,-3192,5408,-489,195,-61,0
3591.5563690662384,10620,5148,10540,-259,-150,144,10108,-8820,8884,-31,108,-228,-14704,3804,3760,-1020,135,-144,-14808,-3188,5504,-462,202,-44,0
3591.592100143432,10576,5332,10692,-279,-208,153,9996,-8904,8704,-22,43,-227,-14692,3756,3696,-1024,205,-169,-14752,-3168,5548,-453,207,-55,0
3591.6281690597534,10632,5260,10652,-201,-141,171,10052,-8776,8744,15,-47,-246,-14716,3796,3680,-1280,196,-63,-14776,-3164,5464,-487,153,-61,0
3591.6637279987335,10632,5272,10892,-246,-109,184,10228,-8892,8836,19,84,-176,-14708,3756,3700,-1019,163,-88,-14776,-3224,5612,-466,153,-59,0
3591.697471141815,10644,5284,10816,-282,-150,178,9992,-8940,8928,-61,61,-212,-14824,3892,3620,-998,184,-69,-14764,-3244,5416,-761,147,-24,0
3591.730973005295,10488,5336,10712,-213,-181,186,10176,-8884,8580,-119,57,-193,-14688,3824,3740,-983,205,-118,-14808,-3236,5484,-487,192,-45,0
3591.764694929123,10548,5208,10588,-211,-241,190,10000,-8836,8668,-60,46,-242,-14604,3864,3524,-982,199,-108,-14748,-3192,5424,-524,209,-12,0
3591.7980670928955,10628,5196,10652,-179,-209,191,10044,-8904,8712,-75,34,-215,-14672,3808,3600,-771,201,-93,-14640,-3160,5428,-480,179,-51,0
3591.8316371440887,10648,5236,10640,-216,-153,174,10164,-8840,8508,-47,65,-237,-14768,3772,3772,-1015,177,-121,-14852,-3172,5444,-468,197,-72,0
3591.8651161193848,10660,5292,10552,-191,-99,129,10244,-8876,8684,-43,128,-198,-14788,3812,3684,-1013,144,-90,-14784,-3156,5532,-505,163,-147,0
3591.89959692955,10516,5332,10564,-159,-57,107,10172,-8844,8848,-10,153,-171,-14760,3748,3800,-1274,141,-84,-14820,-3128,5424,-470,141,-151,0
3591.9331290721893,10560,5248,10604,-188,-32,84,10120,-8800,8720,-15,119,-194,-14744,3740,3704,-1275,122,-84,-14884,-3144,5540,-451,174,-127,0
3591.966706991196,10628,5168,10712,-158,-32,98,10164,-8884,8764,-54,164,-172,-14732,3780,3544,-1042,94,-56,-14896,-3088,5480,-490,121,-146,0
3592.000067949295,10640,5260,10572,-161,10,54,10188,-8892,8684,-66,164,-171,-14772,3836,3764,-1015,69,-47,-14856,-2892,5460,-501,80,-158,0
3592.033718109131,10592,5228,10708,-161,37,57,10172,-8848,8676,-15,152,-154,-14672,3760,3824,-1067,52,-70,-14660,-3128,5612,-493,97,-160,0
3592.0675060749054,10552,5380,10684,-163,24,50,9940,-8808,8648,10,154,-175,-14552,3732,3804,-1039,84,-89,-14724,-3196,5368,-475,112,-130,0
3592.1010279655457,10616,5332,10724,-153,-48,84,10116,-8924,8708,-47,138,-181,-14708,3596,3800,-1016,72,-79,-14808,-3108,5528,-761,114,-114,0
3592.134258031845,10640,5404,10728,-190,-57,119,10024,-8848,8656,-69,148,-128,-14688,3752,3808,-1003,67,-24,-14600,-3240,5508,-750,98,-109,0
3592.167755126953,10568,5352,10632,-162,-14,130,10120,-8804,8696,-101,122,-136,-14672,3744,3612,-970,104,-39,-14792,-3272,5392,-475,136,-101,0
3592.2012209892273,10656,5328,10748,-173,-38,126,10064,-8804,8940,-109,101,-137,-14720,3740,3792,-967,61,-51,-15084,-3256,5436,-473,95,-140,0
3592.2343881130214,10612,5268,10648,-145,-13,109,10152,-8752,8728,-101,134,-165,-14764,3692,3768,-968,253,8,-14768,-3084,5460,-448,109,-164,0
3592.267650127411,10688,5320,10632,-175,-3,57,10060,-8864,8596,-62,216,-138,-14748,3828,3704,-978,-35,-38,-14600,-3156,5576,-444,124,-155,0
3592.301159143448,10608,5172,10744,-169,31,47,10188,-8872,8788,-254,212,-145,-14716,3796,3520,-1008,-35,-74,-14724,-3184,5376,-440,170,-156,0
3592.3347520828247,10600,5268,10552,-158,-14,65,10004,-8888,8952,255,200,-168,-14644,4072,3612,-1042,37,-77,-14716,-3084,5588,-434,147,-139,0
3592.3683321475983,10544,5264,10780,-150,249,79,10056,-8988,8736,7,179,-176,-14708,3648,3588,-1061,60,-82,-14788,-3324,5516,-440,164,-135,0
3592.4015510082245,10712,5308,10804,-147,-19,110,10172,-8940,8776,-19,169,-160,-14700,3860,3932,-1059,105,-39,-14760,-3248,5616,-479,144,-119,0
3592.4352090358734,10452,5308,10816,-147,-13,99,10004,-8892,8696,14,145,-139,-14640,3796,3996,-1049,94,-36,-14772,-3100,5392,-483,133,-126,0
3592.4688041210175,10544,5264,10808,-150,-28,100,10132,-8824,8808,-29,137,-192,-14660,3820,3732,-1277,104,-99,-14700,-3208,5640,-505,106,-132,0
3592.5021040439606,10492,5308,10664,-157,-19,72,10104,-8860,8876,-9,175,-172,-14800,3716,3632,-1012,92,-122,-14804,-3132,5576,-509,125,-142,0
3592.5355739593506,10604,5256,10608,-165,-35,39,10056,-8888,8704,-246,188,-211,-14676,3768,3836,-1063,102,-53,-14820,-3120,5412,-465,131,-199,0
3592.569231033325,10608,5320,10588,-185,-51,56,10040,-8872,8776,-10,185,-213,-14648,3892,3836,-990,78,-115,-14784,-3244,5492,-499,178,-157,0
3592.602553129196,10604,5256,10664,-169,-61,81,10092,-8768,8668,-8,139,-203,-14716,3856,3940,-1005,104,-86,-14776,-3208,5468,-486,121,-171,0
3592.6360239982605,10528,5280,10752,-160,-38,75,10056,-8912,8732,-12,159,-182,-14584,3800,3916,-1003,105,-109,-14820,-3272,5484,-486,140,-141,0
3592.671760082245,10620,5364,10668,-196,-54,96,10148,-8932,8768,-13,136,-161,-14624,3848,3652,-1025,125,-73,-14900,-3256,5440,-503,108,-120,0
3592.7077491283417,10560,5344,10788,-209,-35,132,10116,-8880,8744,-34,131,-153,-14628,3828,3712,-1007,135,-48,-14756,-3144,5620,-499,89,-107,0
3592.7426159381866,10540,5212,10680,-235,-64,132,10112,-8972,8896,-43,103,-158,-14672,3780,3968,-1008,121,-87,-14768,-3216,5428,-493,147,-106,0
3592.7781920433044,10716,5160,10552,-232,-107,160,10044,-8988,8696,-8,99,-192,-14768,3824,3760,-1012,151,-51,-14800,-3324,5444,-499,126,-75,0
3592.813684940338,10524,5356,10680,-282,-143,143,10012,-8832,8732,251,89,-210,-14752,3888,4004,-1001,143,-114,-14748,-3148,5420,-477,161,-77,0
3592.848776102066,10452,5272,10764,-230,-159,136,10108,-8876,8732,-43,121,-204,-14676,3872,3752,-950,94,-97,-14828,-3144,5552,-765,108,-107,0
3592.884388923645,10640,5180,10472,-294,-172,134,10024,-8900,8628,21,128,-195,-14704,3720,3592,-995,112,-130,-14644,-3020,5704,-488,106,-120,0
3592.9196729660034,10592,5268,10612,-304,-152,143,10052,-8860,8496,114,111,-185,-14676,3716,3840,-1029,140,-100,-14776,-3132,5616,-455,167,-85,0
3592.9549231529236,10548,5292,10940,-297,-186,143,9924,-8912,8916,251,185,-230,-14724,3736,3600,-1013,155,-192,-14768,-3148,5568,-429,238,-97,0
3592.9904890060425,10604,5196,10740,-340,-238,185,10060,-8832,8764,40,118,-240,-14704,3912,3756,-1280,167,-136,-14848,-3292,5848,-442,204,-90,0
3593.0261211395264,10736,5204,10688,-270,-183,173,10132,-8720,8716,45,139,-169,-14748,3788,3844,-1046,107,-122,-14804,-3204,5532,-465,189,-80,0
3593.0647530555725,10664,5296,10648,-273,-153,176,10028,-8800,8876,-10,166,-190,-14788,3836,3808,-979,58,-108,-14748,-3120,5528,-444,158,-105,0
3593.1008610725403,10592,5376,11000,-302,-148,163,10156,-8844,8824,1,108,-188,-14648,3780,3896,-991,98,-78,-14824,-3272,5376,-483,213,-55,0
3593.135993003845,10640,5320,10752,-265,-207,159,10072,-8816,8764,39,123,-230,-14740,3756,4072,-1280,136,-165,-14820,-3304,5492,-488,241,-83,0
3593.171639919281,10648,5316,10928,-248,-204,180,10048,-8860,8896,45,92,-240,-14644,3764,3700,-1018,176,-110,-14776,-3212,5448,-464,253,-87,0
3593.207659006119,10512,5216,10564,-279,-269,184,10116,-8744,8740,15,126,-239,-14728,4040,3864,-991,177,-111,-14784,-3216,5468,-433,221,-99,0
3593.24281001091,10700,5216,10688,-264,-207,170,10140,-8840,8828,-17,98,-247,-14700,3908,3696,-1039,156,-162,-14612,-2880,5456,-486,221,-69,0
3593.2782769203186,10988,5184,10704,-148,-158,179,10132,-8876,8748,-28,50,-208,-14740,3900,3472,-1014,177,-117,-14904,-3028,5504,-490,168,-34,0
3593.314880132675,10576,5080,10640,-151,-38,163,9956,-8804,8684,-85,50,-165,-14712,3628,3756,-776,152,-95,-14708,-3196,5436,-436,129,-108,0
3593.3485090732574,10584,5184,10616,-178,-62,56,10168,-8836,8804,-1,270,-181,-14872,3744,3856,-1038,42,-145,-14728,-3184,5364,-482,159,-214,0
3593.3816969394684,10796,5372,10676,-116,-61,-16,10212,-8776,8868,-26,255,-209,-14808,3756,3832,-1061,-13,-98,-14936,-3068,5372,-540,168,-201,0
3593.4150960445404,10852,5304,10524,-168,38,12,10112,-8788,8940,-11,154,-145,-14604,3780,3596,-1012,38,-35,-14732,-3180,5556,-478,84,-161,0
3593.4487619400024,10672,5280,10628,-126,57,74,10080,-8780,8720,-234,121,-185,-14672,3712,3696,-1041,92,-103,-14652,-3212,5576,-441,174,-140,0
3593.482180118561,10676,5236,10672,-154,-35,101,10076,-8740,8748,-9,165,-180,-14620,3736,3680,-1010,129,-97,-14816,-3144,5528,-457,184,-128,0
3593.515748023987,10616,5260,10680,-121,250,71,10100,-8812,8888,-45,196,-162,-14580,3748,3952,-1002,45,-47,-14748,-3184,5332,-452,142,-181,0
3593.549226999283,10544,5356,10724,-163,20,27,10220,-8840,8780,-31,201,-178,-14760,4048,3640,-1040,250,-90,-14900,-3224,5448,-476,147,-180,0
3593.5826880931854,10736,5328,10644,-143,21,44,10128,-8792,8920,-16,209,-120,-14376,3804,4016,-1022,51,-65,-15036,-3188,5560,-259,70,-138,0
3593.616243124008,10668,5368,10740,-91,37,68,10112,-8788,8744,-105,143,-151,-14628,3772,3760,-970,54,-51,-14712,-3200,5344,-485,129,-171,0
3593.6497991085052,10624,5276,10736,-154,24,68,10128,-8812,8684,-43,147,-169,-14592,3844,3616,-989,123,-37,-14744,-3068,5500,-436,138,-128,0
3593.68327498436,10704,5224,10488,-146,-18,107,10068,-8728,8732,-62,131,-148,-14672,3732,3708,-1031,133,-32,-14860,-3256,5484,-461,138,-118,0
3593.716947078705,10972,5216,10644,-165,9,102,9992,-8740,8716,-47,122,-122,-14664,3836,3744,-999,94,-18,-14936,-3128,5388,-463,108,-92,0
3593.7505769729614,10616,5320,10716,-162,34,108,10160,-8844,8784,-97,143,-124,-14692,3824,3716,-984,118,-37,-14824,-3152,5552,-470,77,-108,0
3593.7838311195374,10624,5164,10920,-110,11,120,10136,-8860,8724,-71,127,-137,-14680,3840,3700,-1021,123,-18,-14600,-3080,5516,-489,125,-133,0
3593.8173971176147,10496,5248,11000,-158,10,113,10124,-8776,8868,-44,168,-108,-14632,3776,3808,-1061,126,-10,-14692,-3172,5456,-484,114,-105,0
3593.850844144821,10740,5200,10580,-97,33,83,10164,-8800,8764,-56,130,-163,-14652,3764,3820,-1027,112,-100,-14824,-3288,5556,-480,159,-115,0
3593.8843290805817,10584,5312,10700,-118,-3,54,10108,-8920,8868,-40,124,-215,-14776,4072,3856,-777,88,-123,-14768,-3212,5532,-475,152,-168,0
3593.9177610874176,10620,5352,10716,-100,-23,53,10132,-8768,8756,-5,132,-200,-14664,3612,3752,-1011,104,-106,-14776,-3144,5624,-524,147,-185,0
3593.951285123825,10256,5332,10892,-72,-20,61,10064,-9148,8944,8,115,-228,-14728,3860,3712,-1051,92,-67,-14760,-3240,5536,-259,148,-184,0
3593.984861135483,10564,5308,10744,-101,-8,56,10104,-8896,8496,-14,192,-165,-14728,3708,3628,-1018,105,-70,-14772,-3300,5576,-497,134,-144,0
3594.0183899402614,10248,5248,10968,-114,-46,48,10160,-8828,8864,-60,116,-203,-14768,3764,3792,-1010,97,-127,-14836,-3208,5544,-767,115,-168,0
3594.0521991252895,10600,5380,10764,-132,-41,46,10068,-8840,8872,-27,117,-222,-14672,4088,3640,-1028,33,-59,-14608,-3148,5432,-510,125,-180,0
3594.0856721401215,10508,5304,10800,-128,19,41,10160,-8732,8800,27,173,-161,-14700,3660,3852,-1053,86,-45,-14804,-3304,5496,-258,99,-194,0
3594.1191539764404,10532,5296,10736,-114,-38,40,10092,-8940,8764,13,196,-178,-14368,3728,3808,-1052,108,-83,-14848,-3228,5476,-470,149,-151,0
3594.1523830890656,10472,5248,10824,-148,-63,41,10064,-8756,8952,-34,149,-205,-14808,4020,3748,-1000,93,-108,-14792,-3280,5504,-497,114,-165,0
3594.185847043991,10528,5388,10844,-129,-34,62,10124,-8760,8700,-67,135,-189,-14652,3592,3780,-995,59,-103,-15096,-3144,5828,-525,89,-204,0
3594.2195460796356,10508,5380,10704,-148,-70,88,10092,-8812,8788,19,201,-129,-14664,3756,3792,-1042,74,-54,-14612,-3232,5492,-258,124,-163,0
3594.253046989441,10632,5440,10900,-134,-42,78,10072,-8700,8860,-61,134,-177,-14528,3820,3912,-1001,99,-45,-14800,-3320,5432,-493,111,-112,0
3594.2861630916595,10568,5324,10732,-175,-64,80,10004,-8868,8820,-97,131,-195,-14632,3612,3728,-981,117,-75,-14676,-3128,5592,-495,108,-143,0
3594.319904088974,10484,5340,10752,-195,-3,118,10084,-8884,8788,-20,148,-111,-14624,3584,3776,-1038,108,-43,-14796,-3148,5524,-529,107,-153,0
3594.3560111522675,10736,5576,10748,-134,-19,126,10112,-8752,8764,9,136,-156,-14740,3920,3896,-1048,63,-69,-14864,-3224,5472,-768,146,-125,0
3594.3912510871887,10572,5272,10524,-157,-16,90,10136,-8864,8584,-8,140,-197,-14716,3832,3972,-993,42,-82,-14776,-3280,5528,-490,165,-160,0
3594.4278399944305,10544,5264,10828,-125,-63,42,10064,-8720,8672,-16,165,-228,-14704,3760,4068,-985,25,-87,-14700,-3200,5572,-489,183,-158,0
3594.4632930755615,10608,5340,10628,-157,-94,75,10096,-8816,8660,45,245,-205,-14664,3760,3500,-993,36,-113,-14772,-3204,5428,-496,202,-165,0
3594.499223947525,10576,5628,10720,-136,-79,53,10120,-8764,8780,-12,240,-240,-14616,3780,3840,-986,23,-143,-14816,-3284,5704,-425,176,-198,0
3594.5344190597534,10416,5500,10836,-501,-118,37,10176,-8884,8892,-30,278,-211,-14696,3800,3788,-975,254,-133,-14812,-3296,5496,-411,179,-151,0
3594.5696959495544,10560,5496,10780,-278,-133,15,10340,-8868,8852,-8,262,-209,-14644,3904,3596,-1032,59,-79,-14724,-3184,5472,-501,193,-153,0
3594.6049921512604,10564,5376,10568,-218,-142,122,10220,-8760,8700,-95,129,-94,-14676,3856,3780,-973,126,-38,-14736,-3176,5812,-490,98,-76,0
3594.640707015991,10372,5308,10856,-239,-110,177,10040,-8884,8628,-30,115,-154,-14540,3748,3868,-1010,159,-89,-14356,-3512,5508,-436,169,-91,0
3594.6756360530853,10440,5544,10924,-230,-155,160,10084,-8780,8912,-28,159,-240,-14572,3796,3816,-1025,111,-196,-14688,-3256,5428,-498,238,-104,0
3594.7112879753113,10508,5384,10740,-225,-164,133,10104,-8960,8828,-1,151,-211,-14708,3832,3864,-999,87,-101,-14804,-3196,5548,-525,120,-48,0
3594.7477180957794,10608,5500,10940,-224,-112,165,10144,-8708,8864,-11,103,-192,-14596,3656,3832,-1008,151,-96,-14788,-3264,5484,-482,165,-62,0
3594.7829070091248,10624,5332,10980,-247,-159,199,10080,-8812,8944,9,124,-185,-14664,3752,3652,-775,178,-137,-14804,-3208,5448,-477,212,-47,0
3594.8186819553375,10596,5348,10768,-255,-159,214,10160,-8824,8816,-25,49,-177,-14692,3916,3848,-1029,159,-65,-14864,-3192,5528,-533,135,-25,0
3594.8541560173035,10692,5240,10732,-248,-121,222,10116,-8900,8872,-14,54,-121,-14764,3976,3652,-1086,114,-16,-14944,-3084,5544,-575,81,-41,0
3594.8896939754486,10668,5168,10804,-249,-106,268,10120,-8848,8732,34,-17,-50,-14488,3928,3792,-1060,186,38,-14716,-3152,5608,-547,27,-13,0
3594.925040960312,10528,5232,10708,-214,-22,254,10100,-8796,8576,-32,80,-103,-14712,3628,4064,-1031,185,-92,-14612,-3292,5392,-459,77,-83,0
3594.9603230953217,10408,5228,10832,-263,-152,159,10180,-8908,8920,-254,209,-202,-14664,3700,3860,-769,153,-120,-14804,-3276,5236,-493,194,-135,0
3594.995710134506,10628,5460,10688,-275,-154,127,10040,-8460,8836,17,197,-213,-14848,3708,3768,-1041,112,-120,-14820,-3332,5144,-466,167,-172,0
3595.031259059906,10556,5428,10740,-256,-131,44,10060,-8884,8876,-248,264,-218,-14616,3556,3972,-1269,7,-145,-14784,-3176,5396,-470,161,-202,0
3595.0646510124207,10556,5388,10652,-252,-133,3,10064,-8824,9056,-26,146,-289,-14664,3724,4080,-969,39,-158,-14700,-3280,5560,-504,151,-195,0
3595.0984511375427,10508,5300,10652,-165,-108,67,9952,-8816,8712,-57,101,-242,-14592,3808,3620,-954,122,-132,-14732,-3208,5540,-473,162,-98,0
3595.1319830417633,10500,5168,10548,-186,-137,106,10204,-8836,8592,-9,79,-245,-14580,3740,3684,-986,178,-136,-14768,-3060,5472,-481,200,-96,0
3595.1652591228485,10496,5240,10640,-134,-118,152,10164,-8884,8512,-42,38,-197,-14620,3948,3880,-1277,162,-112,-14816,-3176,5556,-506,143,-93,0
3595.198718070984,10632,5260,10620,-136,-86,173,10080,-8700,8728,-18,83,-153,-14708,3844,3668,-1002,155,-56,-14784,-3260,5492,-497,92,-131,0
3595.2323429584503,10660,5252,10712,-165,32,123,10000,-8876,8868,-26,129,-142,-14724,3820,3776,-1053,125,-64,-14608,-3180,5448,-502,100,-109,0
3595.265914916992,10620,5220,11000,-146,-242,131,10072,-8784,8868,-253,139,-143,-14736,3720,4028,-1049,125,-76,-14792,-3300,5520,-508,152,-114,0
3595.299488067627,10644,5312,10740,-135,-60,99,10084,-8768,8908,-34,142,-163,-14660,3688,3868,-1019,67,-43,-14668,-3256,5428,-468,149,-120,0
3595.332930088043,10548,5328,10716,-148,-39,82,10116,-8768,9128,-101,164,-202,-14760,3644,3708,-956,29,-70,-14796,-3420,5560,-469,135,-133,0
3595.366656064987,10596,5284,10676,-149,-46,53,10072,-8776,8776,-54,164,-198,-14584,3764,3772,-968,33,-88,-14632,-3216,5632,-455,125,-147,0
3595.400078058243,10728,5328,10756,-156,-46,58,10020,-8832,8792,-33,167,-171,-14740,3784,3760,-985,28,-78,-14824,-3252,5476,-473,137,-154,0
3595.4337379932404,10624,5260,10804,-152,-3,28,10020,-8740,8776,-24,205,-198,-14668,3688,3904,-976,30,-88,-14708,-3276,5424,-449,167,-139,0
3595.4674739837646,10496,5288,10668,-192,-29,38,10016,-8824,8816,-71,179,-192,-14612,3712,3880,-967,57,-60,-14764,-3264,5552,-478,139,-140,0
3595.5011570453644,10584,5296,10740,-132,-47,82,10060,-8760,8728,-80,109,-164,-14632,3824,3868,-1011,54,-36,-14844,-3112,5552,-489,145,-136,0
3595.534749984741,10576,5336,10816,-194,-70,99,10108,-8812,8924,-57,141,-159,-14736,3780,3876,-1045,75,-57,-14728,-3232,5508,-480,152,-109,0
3595.5683181285854,10540,5288,10728,-121,-21,109,9824,-8776,9128,-13,162,-161,-14684,3784,3768,-998,137,-73,-14696,-3296,5532,-490,128,-102,0
3595.601625919342,10564,5412,10640,-104,-70,137,10144,-8712,8476,-79,75,-193,-14668,3692,3748,-995,148,-54,-14724,-3240,5552,-480,142,-105,0
3595.6350400447845,10540,5316,10664,-158,-16,59,10068,-8844,8876,-2,152,-216,-14716,3764,3652,-1028,84,-87,-14764,-3204,5516,-463,149,-170,0
3595.668715953827,10612,5372,10712,-108,-17,69,10084,-8848,8812,7,127,-172,-14692,3836,3652,-1045,24,-36,-14660,-3172,5508,-530,132,-166,0
3595.7023429870605,10460,5316,10668,-127,-14,64,10060,-8800,8788,-25,106,-181,-14604,3756,3764,-987,32,-31,-14756,-3320,5528,-483,76,-140,0
3595.7358779907227,10424,5284,10576,-177,1,58,10000,-8832,8768,-36,178,-158,-14656,3772,3752,-968,38,-69,-14688,-3184,5380,-459,122,-191,0
3595.7694380283356,10552,5320,10540,-151,-38,54,10068,-8920,8916,-33,181,-193,-14652,3856,3704,-1006,66,-86,-14600,-3224,5412,-475,176,-155,0
3595.8028271198273,10464,5140,10492,-157,-45,84,9912,-8812,8880,37,146,-177,-14540,3716,4008,-1012,120,-75,-14772,-3256,5552,-483,118,-163,0
3595.8361089229584,10564,5308,10696,-144,252,104,10044,-8780,8808,-35,137,-234,-14380,3736,3900,-1041,72,-102,-14792,-3276,5592,-489,163,-142,0
3595.869835138321,10552,5356,10736,-168,-65,85,10024,-8872,8844,-8,191,-174,-14660,3820,3808,-1012,70,-80,-14732,-3300,5400,-492,143,-151,0
3595.90332198143,10536,5312,10956,-143,-38,80,10048,-8820,8816,-255,123,-167,-14724,3800,3756,-1000,126,-59,-14824,-3232,5380,-491,121,-126,0
3595.9369781017303,10548,5432,10676,-163,-67,120,10084,-8764,8832,-20,118,-184,-14840,3756,3584,-1006,102,-75,-14736,-3276,5596,-488,155,-114,0
3595.9702999591827,10488,5344,10504,-175,-87,110,10056,-8768,8832,-49,122,-179,-14640,3828,3808,-996,122,-59,-14732,-3552,5444,-477,137,-114,0
3596.003926038742,10332,5600,10540,-172,-98,92,10092,-8960,8780,-43,132,-172,-14740,3732,4080,-1010,84,-101,-14736,-3312,5512,-463,126,-127,0
3596.0406770706177,10556,5368,10660,-162,-83,100,10068,-8844,8956,-26,138,-159,-14748,4068,4020,-987,116,-88,-14728,-3208,5440,-502,130,-120,0
3596.0756220817566,10520,5292,10780,-129,-75,112,10076,-8736,8804,-40,97,-194,-14684,3740,3768,-997,128,-117,-14752,-3276,5580,-500,152,-113,0
3596.1115050315857,10544,5276,10780,-155,-81,109,10088,-8868,8664,-10,93,-189,-14712,3792,4004,-771,107,-95,-14732,-3208,5612,-505,182,-122,0
3596.14771604538,10600,5568,10628,-151,-103,82,10080,-8792,8656,-32,143,-184,-14600,3656,3956,-1016,123,-94,-14684,-3208,5476,-501,139,-111,0
3596.183000087738,10744,5280,10636,-138,-103,124,10140,-8772,8512,-48,103,-211,-14632,3836,3900,-1274,113,-56,-14616,-3132,5424,-257,158,-146,0
3596.2188000679016,10532,5336,10872,-152,-77,114,10004,-8940,8848,244,95,-170,-14620,3616,3628,-1033,142,-41,-14780,-3308,5464,-502,100,-107,0
3596.253879070282,10288,5420,10744,-144,-37,127,10124,-8788,8872,-4,108,-184,-14696,3808,3936,-1019,124,-97,-14828,-3424,5172,-491,110,-159,0
3596.2896950244904,10532,5380,10784,-176,-80,58,10084,-8852,8820,-83,176,-189,-14752,3744,3788,-996,60,-74,-14820,-3220,5564,-559,137,-146,0
3596.3248851299286,10496,5620,10656,-129,-35,50,10024,-8800,8824,6,147,-172,-14460,3764,3712,-1054,102,-99,-14760,-3112,5492,-483,118,-119,0
3596.360235929489,10508,5388,10784,-124,-47,102,10084,-8832,8692,1,104,-148,-14676,3752,3800,-1053,93,-56,-14744,-3276,5528,-502,105,-140,0
3596.3950810432434,10492,5336,10572,-157,-39,87,10084,-8888,8856,-68,159,-182,-14576,3748,3808,-1004,84,-83,-14736,-3236,5504,-466,103,-135,0
3596.4308791160583,10312,5628,10832,-147,-47,94,10080,-8568,8824,-72,146,-132,-14640,4064,4092,-979,115,-67,-14828,-3328,5408,-509,115,-128,0
3596.4662029743195,10484,5408,11004,-146,-65,102,10024,-8824,8948,-3,121,-179,-14780,3744,3796,-1042,132,-128,-14752,-3348,5408,-501,146,-144,0
3596.5023250579834,10484,5448,10700,-124,-41,131,10048,-8788,8764,-13,114,-193,-14352,3820,3668,-1277,128,-48,-14784,-3276,5452,-505,123,-128,0
3596.5375449657445,10564,5188,10908,-162,-91,111,10048,-8692,8940,-32,200,-144,-14756,3748,4020,-1011,137,-94,-14752,-3240,5552,-487,163,-153,0
3596.5735409259796,10432,5460,10908,-154,-19,87,10104,-8804,8896,-20,144,-187,-14636,3892,3944,-992,111,-106,-14792,-3344,5436,-496,163,-128,0
3596.609133005142,10480,5184,10908,-159,-108,106,10092,-8808,8872,-12,117,-215,-14640,3780,3608,-979,118,-95,-14736,-3196,5648,-468,151,-108,0
3596.6440799236298,10496,5416,10884,-127,-106,106,10076,-8800,8948,-40,161,-171,-14748,3752,4048,-962,184,-131,-14740,-3416,5452,-445,174,-132,0
3596.682373046875,10448,5420,10668,-190,-85,112,10180,-8840,8836,-71,125,-224,-14656,3816,3860,-986,129,-116,-14732,-3080,5440,-460,147,-139,0
3596.7158489227295,10548,5452,10684,-188,-76,74,10052,-8896,9108,-56,155,-219,-14624,3772,3668,-1016,52,-75,-14792,-3240,5576,-528,131,-149,0
3596.7494819164276,10620,5356,10716,-160,-47,117,10044,-8700,9040,12,114,-167,-14588,3804,3788,-1049,88,-27,-14772,-3332,5388,-508,153,-123,0
3596.78280210495,10408,5376,10668,-149,-32,129,10048,-8900,8756,-46,81,-174,-14420,4088,3792,-976,117,-82,-14884,-3252,5492,-475,160,-111,0
3596.8164639472966,10688,5276,10648,-133,-100,108,10180,-8848,8632,-34,147,-160,-14752,3888,3660,-1020,56,-123,-14760,-3260,5340,-491,157,-128,0
3596.8496599197388,10644,5364,10716,-174,-40,104,10020,-8756,8800,12,189,-140,-14560,3876,3720,-775,87,-57,-14784,-3180,5456,-495,132,-120,0
3596.8829851150513,10560,5500,10688,-157,-31,136,10004,-8804,8904,-24,111,-138,-14620,3748,3656,-997,70,-56,-14804,-3144,5440,-466,122,-81,0
3596.9177761077885,10448,5572,10548,-221,-51,115,10064,-8752,8848,-44,187,-138,-14728,3724,4016,-991,11,-67,-14708,-3400,5460,-420,137,-128,0
3596.951319932937,10472,5524,10800,-239,-66,77,10000,-8812,8968,-39,509,-205,-14740,3748,3792,-969,3,-100,-14784,-3316,5816,-443,163,-158,0
3596.984673976898,10380,5472,10652,-270,-79,66,10064,-8736,8988,-81,158,-200,-14400,3788,4048,-931,82,-123,-14688,-3472,5416,-412,161,-115,0
3597.0182130336766,10636,5576,10664,-238,-82,27,10008,-8736,8900,-103,163,-292,-14584,3732,3936,-959,25,-190,-14792,-3324,5384,-390,233,-139,0
3597.0518391132355,10708,5444,11004,-222,-141,55,10004,-8768,8792,-31,173,-15,-14700,4028,3644,-1004,97,-126,-14892,-3316,5348,-468,225,-101,0
3597.085140943527,10648,5404,10736,-203,-114,104,10092,-8952,8800,-255,126,-182,-14644,4028,3864,-1046,67,-29,-14796,-3232,5720,-530,139,-70,0
3597.118749141693,10556,5484,10716,-184,-46,184,10088,-8784,8888,248,50,-128,-14348,3892,3788,-1029,127,-61,-14788,-3120,5744,-505,94,-31,0
3597.151927947998,10524,5232,10872,-216,-22,209,9928,-9040,8880,-68,86,-106,-14672,3956,3672,-1032,183,-57,-14820,-3328,5696,-258,98,-13,0
3597.1852679252625,10412,5236,10796,-222,-62,239,10068,-8860,8800,-33,45,-127,-14504,3816,3868,-986,202,-97,-14604,-3244,5596,-454,120,-254,0
3597.2187881469727,10456,5412,10800,-14,-89,164,10136,-8788,8748,-18,229,-169,-14700,3740,3932,-1011,124,-123,-14744,-3292,5492,-455,211,-78,0
3597.2524900436406,10580,5456,10780,-265,-156,75,10116,-8800,8944,-13,0,-240,-14692,3728,3848,-985,55,-204,-14856,-3380,5564,-481,228,-127,0
3597.285633087158,10576,5424,10756,-238,-123,49,10160,-8676,8904,-57,204,-244,-14752,3756,4012,-981,31,-113,-14804,-3352,5480,-457,176,-126,0
3597.3193271160126,10620,5536,10668,-237,-120,64,9808,-8716,8900,-58,211,-274,-14840,3740,3948,-967,57,-106,-14748,-3344,5620,-429,202,-120,0
3597.352770090103,10620,5484,10600,-220,-139,82,9944,-8764,8756,-30,122,-248,-14652,3924,3676,-966,146,-112,-14844,-3308,5432,-456,201,-101,0
3597.386248111725,10552,5152,10744,-507,-152,117,10008,-8732,8828,-62,99,-259,-14532,3828,3856,-948,138,-120,-14776,-3228,5428,-415,164,-81,0
3597.4203419685364,10388,5316,10640,-275,-146,159,10096,-8832,8916,-24,119,-197,-14760,3608,4064,-1045,117,-146,-14792,-3108,5496,-491,196,-53,0
3597.4538609981537,10832,5340,10688,-244,-135,191,10100,-9104,8816,-8,88,-163,-14656,3936,3864,-1065,122,-65,-14748,-3020,5680,-547,117,-49,0
3597.487270116806,10704,5244,10576,-183,-80,224,10100,-8804,8748,-38,44,-130,-14380,3704,3612,-1006,137,-43,-14756,-3272,5500,-495,88,-35,0
3597.520865917206,10464,5356,10772,-225,-101,198,10136,-8760,8796,-40,37,-178,-14584,3688,3832,-995,204,-109,-14688,-3148,5576,-440,145,-61,0
3597.554374933243,10480,5356,10788,-234,-167,147,10072,-8768,9084,-45,212,-187,-14820,3780,4044,-1003,138,-143,-14824,-3248,5424,-489,194,-101,0
3597.5878319740295,10728,5372,10656,-229,-148,94,10048,-8824,8724,-56,158,-233,-14848,3816,3800,-1025,92,-154,-14792,-3244,5544,-468,143,-98,0
3597.6214940547943,10576,5360,10976,-206,-125,107,10028,-8816,8840,-54,119,-229,-14732,3708,3700,-978,114,-112,-14692,-3180,5524,-484,146,-83,0
3597.6547651290894,10468,5236,10540,-226,-167,104,10024,-8824,8832,-17,136,-215,-14608,3816,3788,-994,141,-114,-14756,-3180,5524,-448,180,-121,0
3597.6881670951843,10504,5292,10668,-219,-108,99,9816,-8908,8840,-39,175,-228,-14688,3820,3732,-989,118,-104,-15092,-3152,5476,-511,144,-96,0
3597.7245731353764,10652,5288,10720,-210,-98,103,10056,-8544,8728,-23,116,-216,-14372,3856,3672,-1274,115,-66,-14828,-3148,5544,-497,136,-124,0
3597.759686946869,10284,5332,10760,-227,-129,162,10036,-8728,8932,10,124,-190,-14708,3768,3780,-1049,137,-128,-14724,-3368,5520,-479,116,-71,0
3597.7948880195618,10568,5444,10664,-163,-73,125,10052,-8828,8564,-50,135,-221,-14668,3988,3808,-1005,161,-113,-14720,-3284,5596,-526,174,-104,0
3597.8306989669804,10636,5352,10460,-217,-150,143,10104,-8728,8836,255,93,-227,-14364,3792,3784,-1277,109,-141,-14708,-3168,5532,-481,189,-118,0
3597.8660249710083,10600,5160,10496,-160,-94,129,10192,-8692,8828,-24,162,-148,-14780,3732,4024,-1273,113,-98,-14736,-3348,5392,-520,106,-142,0
3597.9020121097565,10636,5280,10644,-182,-36,97,9740,-8740,8936,-71,161,-143,-14632,3704,3760,-968,64,-71,-15064,-3240,5440,-503,84,-164,0
3597.9378120899205,10588,5396,10632,-171,-23,77,10080,-8532,8836,-60,155,-166,-14588,3752,3816,-972,74,-70,-14796,-3232,5436,-502,97,-102,0
3597.973333120346,10640,5340,10600,-142,-252,93,9908,-8720,8740,-11,93,-177,-14588,3824,3732,-1018,140,-60,-14612,-3188,5544,-469,193,-86,0
3598.0091609954834,10596,5212,10776,-134,-27,149,10128,-8756,8944,6,95,-187,-14696,3872,3752,-1029,199,-105,-14788,-3236,5436,-452,195,-108,0
3598.044543027878,10556,5272,10744,-151,-88,110,9980,-8820,8816,-26,163,-199,-14688,3892,4048,-771,143,-136,-14880,-3180,5688,-460,187,-136,0
3598.084967136383,10576,5172,10988,-160,-47,85,10144,-8732,8868,-14,167,-171,-14748,3896,3592,-1006,77,-68,-14764,-3144,5644,-767,151,-145,0
3598.1213459968567,10612,5428,10800,-129,-22,93,10048,-8792,8728,-20,179,-170,-14644,3724,3756,-1008,89,-97,-14784,-3236,5472,-479,138,-156,0
3598.157560110092,10508,5376,10656,-128,-7,73,10052,-8796,8928,-47,162,-166,-14720,3784,3744,-952,46,-32,-14780,-3224,5776,-503,127,-158,0
3598.1926889419556,10648,5340,10724,-138,-26,96,10072,-8836,8828,-66,164,-143,-14744,3708,3848,-967,47,-62,-14688,-3276,5424,-458,144,-134,0
3598.2286450862885,10508,5404,10660,-169,-77,88,10236,-8840,8880,-58,179,-197,-14732,3668,3876,-1007,65,-100,-14728,-3260,5456,-444,180,-91,0
3598.2636680603027,10620,5244,10680,-179,-89,111,10120,-8812,8824,-50,133,-187,-14752,3824,3788,-971,97,-135,-14732,-3188,5524,-460,207,-118,0
3598.299129962921,10656,5332,10620,-172,-65,113,10044,-8780,8776,-33,157,-201,-14636,3752,3720,-1021,118,-88,-15088,-3208,5528,-441,183,-138,0
3598.3346400260925,10480,5272,10732,-157,-111,95,10084,-8732,8732,-12,153,-163,-14672,3816,3812,-1033,82,-59,-14800,-3212,5516,-475,165,-144,0
3598.3704359531403,10616,5500,10856,-118,-41,111,10008,-8836,8760,-23,122,-177,-14716,3740,3856,-1003,100,-44,-14804,-3188,5788,-498,135,-124,0
3598.403984069824,10648,5372,10984,-112,-14,101,9976,-8800,8828,-38,131,-160,-14700,3856,3768,-1032,40,-28,-14612,-3228,5512,-497,110,-117,0
3598.4376430511475,10568,5292,10748,-175,-56,93,10136,-8804,8708,-20,110,-138,-14584,3800,3840,-1024,22,-55,-14760,-3264,5316,-477,118,-144,0
3598.4711689949036,10540,5388,10624,-156,-1,89,10108,-8780,8924,-34,136,-137,-14764,3668,3928,-1025,76,-67,-14792,-3336,5412,-468,90,-134,0
3598.5044751167297,10560,5324,10620,-170,-76,73,10168,-8788,8816,-76,135,-221,-14708,3752,3652,-988,37,-26,-14788,-3252,5452,-485,148,-160,0
3598.537959098816,10596,5324,10632,-152,-59,50,10060,-8808,8712,6,160,-204,-14420,4064,3596,-1021,61,-95,-14872,-3120,5468,-472,150,-165,0
3598.5716681480408,10492,5244,10752,-119,-21,83,10084,-8748,8812,3,141,-142,-14612,3856,3908,-1021,38,-117,-14760,-3156,5544,-480,115,-169,0
3598.605020046234,10548,5428,10700,-124,-53,69,10040,-8740,8708,-13,159,-166,-14716,3896,3808,-1006,44,-63,-14780,-3272,5628,-497,82,-169,0
3598.638273000717,10524,5420,10636,-148,-15,48,9984,-8852,8924,-39,108,-174,-14640,3812,3816,-1013,75,-27,-14832,-3216,5476,-506,112,-150,0
3598.6717889308934,10560,5468,11004,-111,-6,69,10076,-8780,8784,-21,129,-159,-14724,3764,3624,-992,85,-81,-14728,-3196,5128,-503,125,-157,0
3598.705399990082,10504,5392,10784,-169,-43,96,9964,-8848,8920,10,105,-143,-14612,3836,3916,-1029,135,-110,-14740,-3296,5612,-483,141,-94,0
3598.738762140274,10536,5268,10656,-151,-41,112,10068,-8740,8880,-54,111,-179,-14652,3760,3980,-1029,111,-78,-14760,-3260,5568,-472,165,-110,0
3598.7724559307094,10592,5512,10512,-152,-49,77,10176,-8832,8724,-16,141,-207,-14640,3844,3768,-1010,122,-91,-14736,-3120,5416,-474,131,-142,0
3598.8058230876923,10528,5380,10736,-131,-70,98,10080,-8804,9000,-13,93,-181,-14404,3592,3776,-1034,149,-83,-15068,-3264,5496,-513,147,-141,0
3598.8393061161046,10412,5400,10616,-100,-44,108,9996,-8804,8756,-8,127,-195,-14352,3732,3652,-1003,121,-87,-14816,-3180,5484,-505,122,-144,0
3598.872725009918,10464,5384,10696,-143,-63,111,10076,-8748,8868,-74,85,-180,-14684,3720,3916,-1004,95,-97,-14856,-3284,5400,-492,137,-154,0
3598.9059629440308,10568,5312,10684,-158,-76,61,9904,-8836,8796,-42,110,-190,-14672,3832,3796,-990,100,-67,-14836,-3324,5380,-258,128,-148,0
3598.9398219585414,10496,5388,10812,-150,-69,98,9996,-8860,8972,-9,143,-178,-14656,3736,3800,-1047,117,-31,-14732,-3256,5576,-487,136,-142,0
3598.973196029663,10496,5368,10640,-166,-68,84,10060,-8840,9152,-20,114,-183,-14732,3772,3588,-994,106,-77,-14736,-3232,5528,-519,138,-123,0
3599.006695985794,10508,5436,10612,-150,-45,98,10484,-8904,8800,-3,96,-159,-14600,4080,3892,-1010,99,-69,-14776,-3288,5452,-502,147,-126,0
3599.040307998657,10500,5412,10704,-155,-60,100,9788,-8736,8848,-38,132,-179,-14648,4028,4080,-1034,137,-99,-14904,-3320,5356,-270,170,-102,0
3599.073846101761,10460,5436,10716,-150,-86,100,9988,-8720,8896,-54,156,-165,-14684,3832,3808,-1002,120,-100,-15092,-3088,5620,-485,139,-155,0
3599.107517004013,10552,5444,10748,-171,-78,120,10148,-8780,8932,-60,122,-175,-14636,3808,3976,-952,71,-50,-14820,-3248,5484,-506,147,-161,0
3599.1407630443573,10492,5176,10728,-208,-63,95,10008,-8804,8792,-13,135,-177,-14648,3792,3756,-1016,65,-103,-14760,-3296,5504,-494,128,-135,0
3599.174296140671,10324,5444,10584,-173,-38,126,10028,-8780,8772,-28,158,-156,-14560,3760,3952,-1006,76,-62,-14720,-3328,5540,-468,144,-126,0
3599.207705974579,10496,5392,10588,-178,-97,93,10084,-8752,8884,-113,156,-197,-14664,3788,3880,-968,12,-44,-14792,-3256,5524,-476,181,-138,0
3599.2410440444946,10564,5628,10568,-182,-55,60,10108,-8728,8732,-31,159,-188,-14644,3816,3840,-980,79,-74,-14708,-3092,5444,-464,157,-122,0
3599.2747910022736,10468,5452,10700,-165,-50,90,9744,-8748,8872,31,170,-165,-14656,3696,3904,-769,76,-53,-14768,-3324,5380,-443,151,-92,0
3599.3083231449127,10452,5436,10560,-211,-19,103,10048,-8796,8876,-43,183,-164,-14676,3848,3916,-967,56,-98,-14696,-3340,5596,-455,130,-121,0
3599.341977119446,10408,5424,10680,-205,-36,96,10108,-8832,8892,-44,176,-173,-14600,3748,3704,-977,94,-116,-14700,-3300,5600,-444,147,-108,0
3599.3755369186406,10456,5292,10556,-214,-60,135,10120,-8804,8920,-32,149,-158,-14736,3756,3924,-771,110,-131,-14760,-3276,5492,-452,154,-112,0
3599.413339138031,10540,5144,10736,-211,-43,116,9892,-8852,8912,-3,133,-216,-14664,3848,3804,-1021,129,-77,-14772,-3176,5664,-461,181,-95,0
3599.4482769966125,10512,5416,10628,-226,-70,108,10076,-8764,8804,-22,122,-214,-14724,3608,4068,-1010,117,-142,-14804,-3380,5496,-483,173,-93,0
3599.4840240478516,10544,5376,10800,-217,-77,86,10156,-8804,8708,-43,130,-219,-14764,3812,3728,-994,135,-130,-14828,-3320,5428,-470,152,-81,0
3599.5203330516815,10532,5480,10676,-229,-91,127,10104,-8776,8812,-35,155,-195,-14736,3784,3776,-1278,137,-101,-14800,-3272,5576,-458,182,-77,0
3599.5556349754333,10564,5516,10764,-209,-86,119,10028,-8792,8788,-18,126,-223,-14700,3756,3724,-1009,172,-126,-14804,-3224,5460,-485,138,-81,0
3599.5912709236145,10492,5444,10824,-281,-75,144,10028,-8832,8848,-83,100,-231,-14656,3804,3888,-980,127,-150,-14708,-3248,5460,-488,168,-65,0
3599.627515077591,10452,5380,10664,-283,-125,111,10092,-8800,8792,-61,177,-202,-14624,3856,3784,-980,162,-110,-14812,-3288,5584,-483,154,-97,0
3599.663022994995,10672,5312,10696,-276,-67,145,10148,-8944,8848,-32,155,-190,-14600,3668,3916,-1008,154,-111,-14832,-3296,5464,-500,143,-91,0
3599.698622941971,10540,5412,10688,-275,-94,121,10040,-8796,8796,-56,169,-197,-14844,3764,3584,-990,129,-109,-14804,-3288,5144,-485,173,-67,0
3599.7341821193695,10632,5396,10676,-238,-118,150,10068,-8744,8748,-44,138,-246,-14700,3808,3664,-991,147,-117,-14648,-3092,5396,-494,172,-84,0
3599.7696781158447,10700,5432,10848,-254,-150,169,10120,-8784,8868,-28,82,-234,-14524,3724,3768,-988,154,-120,-14748,-3248,5480,-484,197,-66,0
3599.804693937301,10588,5384,10580,-243,-123,158,9932,-8868,9152,-66,105,-243,-14720,3672,3828,-964,114,-97,-14760,-3292,5552,-449,146,-57,0
3599.8397419452667,10560,5524,10716,-512,-158,122,10104,-8832,8700,-103,86,-193,-14784,3636,3988,-955,111,-107,-14732,-3196,5512,-468,152,-95,0
3599.8755829334254,10708,5364,10684,-306,-172,113,10108,-8704,9116,-26,150,-255,-14816,3816,3976,-959,118,-180,-14608,-3312,5176,-435,178,-113,0
3599.9109051227574,10596,5316,10656,-251,-136,68,10104,-8944,8724,-92,173,-265,-14736,3668,3924,-952,50,-131,-14808,-3276,5356,-406,216,-109,0
3599.946135997772,10536,5308,10548,-276,-202,44,10052,-8876,8860,-28,225,-293,-14692,3828,3928,-953,5,-157,-14596,-3216,5516,-464,223,-143,0
3599.98184299469,10648,5328,10604,-503,-127,97,10032,-8820,8780,-1,135,-225,-14792,3896,3824,-1006,29,-96,-15104,-3172,5592,-532,127,-103,0
3600.017576932907,10676,5292,10616,-202,-84,155,9992,-8864,8816,-66,105,-158,-14640,3900,3624,-982,32,38,-14816,-3184,5480,-494,34,-69,0
3600.05388712883,10460,5200,10864,-2,-74,191,10080,-8940,8692,-64,81,-148,-14596,3584,3700,-966,124,-22,-14692,-3140,5440,-471,104,-68,0
3600.0874431133266,10476,5288,10540,-512,-111,156,10132,-8792,8776,-71,168,-149,-14832,3784,3600,-983,86,-140,-14920,-3228,5388,-258,173,-103,0
3600.1210451126094,10636,5304,10816,-219,-130,132,10092,-8812,8748,-251,216,-161,-14764,3736,3608,-1030,68,-112,-15020,-3224,5460,-497,189,-136,0
3600.154449939728,10624,5300,10652,-172,-85,111,10064,-8796,8504,-33,88,-212,-14724,3848,3868,-1009,92,-76,-14788,-3320,5356,-549,133,-183,0
3600.1881570816045,10660,5628,10740,-160,-107,85,10092,-8716,9056,-57,102,-260,-14644,3608,3844,-951,105,-97,-14684,-3540,5392,-460,166,-163,0
3600.2215790748596,10436,5248,10620,-138,-96,44,10096,-8740,8544,-48,202,-222,-14812,3704,3880,-981,130,-144,-14856,-3276,5364,-426,219,-179,0
3600.255121946335,10604,5348,10588,-181,-109,57,10112,-8724,8884,252,193,-255,-14836,3772,3656,-998,90,-171,-14832,-3316,5404,-447,199,-125,0
3600.2886390686035,10556,5328,10684,-193,-68,48,9984,-8700,8880,-57,122,-229,-14616,3740,3696,-956,106,-96,-14760,-3284,5616,-470,175,-124,0
3600.3220551013947,10584,5388,10740,-179,-130,99,10180,-8484,8712,-32,143,-222,-14668,3736,4000,-950,104,-100,-14708,-3144,5604,-460,171,-147,0
3600.3559610843654,10608,5400,10716,-150,-123,97,10136,-8768,8784,-54,158,-200,-14680,3724,3656,-973,114,-101,-14796,-3160,5476,-463,178,-124,0
3600.3892910480495,10616,5264,10708,-131,-107,88,10088,-8812,8816,-41,151,-168,-14664,3796,3836,-1020,123,-84,-14836,-3164,5600,-471,121,-133,0
3600.422394990921,10644,5140,10676,-161,-66,142,10164,-8836,8700,-42,60,-160,-14736,3664,3664,-996,127,244,-15052,-3176,5448,-549,79,-120,0
3600.45605301857,10668,5212,10588,-155,-35,144,10000,-8772,8748,-36,70,-165,-14724,3584,3944,-1023,135,-16,-14744,-3136,5420,-515,43,-131,0
3600.4897170066833,10612,5208,10756,-162,-27,134,10100,-8824,8840,-1,131,-112,-14644,4068,3840,-1043,121,-35,-14760,-3172,5480,-541,122,-143,0
3600.5234251022334,10652,5200,10932,-106,254,88,10048,-8952,9176,-2,132,-144,-14644,4040,3692,-1040,131,-32,-14664,-3152,5796,-542,83,-130,0
3600.557209968567,10248,5272,10668,-128,-74,103,10048,-8868,8508,-13,63,-179,-14704,3676,3840,-997,137,-109,-14616,-3340,5428,-496,141,-131,0
3600.5906870365143,10716,5316,10684,-130,-39,74,10212,-8624,8888,252,185,-200,-14732,3656,3780,-994,144,-144,-14780,-3248,5408,-461,167,-175,0
3600.6240959167485,10616,5460,10800,-131,-109,35,10144,-8832,8792,-45,219,-208,-14712,3748,3852,-998,56,-114,-14916,-3088,5560,-493,199,-194,0
3600.6576330661774,10592,5376,10500,-164,-35,15,10064,-8660,8932,-29,184,-503,-14648,3780,3812,-958,59,-83,-14844,-3244,5588,-484,119,-204,0
3600.691160917282,10464,5500,10808,-91,-9,41,10096,-8652,8820,-20,150,-207,-14700,3708,3816,-964,69,-70,-14724,-3276,5428,-461,87,-193,0
3600.724766969681,10612,5396,10636,-123,-256,71,10120,-8916,8916,-57,144,-153,-14648,3816,4088,-951,83,-38,-14840,-3268,5640,-485,39,-183,0
3600.7583270072937,10624,5384,10700,-122,-38,71,10128,-8812,8904,-59,147,-148,-14848,3840,3600,-976,82,-103,-14712,-3284,5452,-515,104,-158,0
3600.791787147522,10536,5464,10752,-98,5,119,10088,-8796,8800,-45,118,-146,-14684,3692,4076,-1015,127,-52,-14752,-3380,5388,-258,119,-132,0
3600.825408935547,10544,5612,10592,-148,-52,144,10088,-8484,8772,-42,89,-152,-14508,3872,3828,-1011,152,-70,-14700,-3256,5412,-479,176,-101,0
3600.858729124069,10588,5324,10636,-100,-78,168,10068,-8816,8636,-14,107,-152,-14660,3748,3856,-1043,63,-87,-14768,-3240,5548,-261,172,-98,0
3600.892305135727,10528,5472,10704,-119,-81,122,10072,-8748,8920,-31,159,-142,-14704,3832,3924,-1276,44,-88,-14708,-3336,5692,-492,134,-149,0
3600.9256470203404,10568,5440,10768,-141,-62,75,10136,-8860,8784,-60,163,-149,-14692,3584,3804,-1010,36,-63,-14784,-3536,5548,-757,150,-139,0
3600.9592571258545,10656,5564,10520,-133,-82,103,10012,-8760,8868,-40,157,-160,-14388,3896,3916,-999,70,-47,-14804,-3312,5500,-470,179,-115,0
3600.992823123932,10448,5200,10744,-152,-37,101,10068,-8844,8760,-47,135,-181,-14652,3820,4092,-975,73,-47,-14752,-3220,5568,-473,137,-129,0
3601.026433944702,10536,5584,10608,-177,-72,115,10008,-8740,8876,-62,104,-227,-14612,3752,3780,-974,107,-103,-14768,-3212,5616,-460,152,-109,0
3601.0596821308136,10740,5380,10524,-180,-99,90,10060,-8872,8736,-49,150,-179,-14744,3772,3688,-1003,98,-148,-14760,-3240,5428,-469,169,-151,0
3601.0976340770726,10576,5380,10584,-154,-87,86,10160,-8864,8692,-12,162,-181,-14648,3880,3748,-1006,96,-110,-14660,-3216,5516,-492,185,-176,0
3601.132700920105,10732,5404,10988,-122,-93,71,10060,-8800,8736,0,158,-198,-14620,3688,3876,-1029,111,-104,-14816,-3528,5536,-488,145,-149,0
3601.1677110195164,10636,5428,10660,-110,-83,73,10112,-8796,8784,3,176,-185,-14672,3768,3876,-1025,102,-80,-14688,-3132,5452,-499,158,-152,0
3601.203871011734,10560,5388,10664,-122,-74,100,10064,-8712,8708,-14,159,-184,-14544,3840,3856,-1014,73,-96,-14828,-3312,5568,-492,115,-152,0
3601.239324092865,10712,5508,10736,-153,-57,113,10072,-8732,9008,-68,149,-171,-14408,3720,3684,-994,59,-85,-14760,-3280,5444,-764,97,-127,0
3601.2750749588013,10608,5436,10560,-189,-33,94,10080,-8860,8792,-32,154,-154,-14688,3700,3848,-776,85,-53,-14796,-3456,5412,-495,125,-121,0
3601.3111479282375,10564,5488,10640,-175,-15,118,10276,-8692,8808,-47,92,-72,-14368,3756,3908,-1000,89,-84,-14740,-3352,5624,-473,136,-143,0
3601.3471789360046,10532,5408,10844,-157,-95,68,10144,-8956,8788,-72,186,-200,-14556,3772,4092,-976,76,-94,-14644,-3336,5600,-488,132,-159,0
3601.3825459480286,10332,5172,10820,-176,-44,81,9952,-8848,8776,13,152,-167,-14584,3812,3948,-1060,111,-63,-14748,-3268,5364,-481,148,-150,0
3601.4181230068207,10328,5456,10744,-118,-43,119,10120,-8808,8792,-24,130,-152,-14624,3756,3924,-1279,114,-57,-14756,-3528,5548,-517,114,-118,0
3601.453285932541,10564,5472,10736,-186,-57,146,10052,-8736,8816,-87,133,-149,-14716,3820,3828,-976,134,-40,-14616,-3080,5608,-468,104,-123,0
3601.4887189865112,10724,5532,10936,-173,-58,118,10036,-8736,8880,-43,135,-155,-14732,4080,3876,-988,135,-86,-14800,-3228,5472,-510,140,-133,0
3601.5244359970093,10548,5616,10692,-154,-29,104,10112,-8892,8888,-20,139,-180,-14644,3760,3824,-1036,157,-79,-14708,-3312,5404,-490,177,-130,0
3601.5601670742035,10480,5452,10768,-224,-50,128,10040,-8792,8796,-11,110,-193,-14768,3692,3956,-1006,157,-92,-14632,-3292,5448,-481,173,-117,0
3601.595610141754,10256,5580,10740,-200,-77,112,10124,-8740,8972,0,151,-163,-14724,3840,4036,-1025,133,-133,-14776,-3332,5532,-457,172,-105,0
3601.6314580440526,10328,5464,10712,-192,-36,98,10092,-8800,8832,-21,180,-166,-14652,3696,3916,-995,158,-130,-14604,-3392,5500,-475,146,-92,0
3601.6676909923553,10580,5440,10660,-205,-76,108,10064,-8828,8876,-37,119,-207,-14724,3748,3948,-982,114,-108,-14844,-3236,5480,-470,170,-96,0
3601.7035241127014,10428,5444,10676,-220,-82,123,10212,-8484,8712,-106,162,-178,-14628,3840,3824,-982,106,-118,-14756,-3276,5568,-471,146,-56,0
3601.739418029785,10604,5496,10684,-275,-30,110,10116,-8760,8820,-114,163,-179,-14704,3732,3816,-963,99,-125,-14728,-3096,5456,-448,112,-104,0
3601.7729711532593,10600,5484,10768,-262,-27,87,10048,-8836,8940,-78,174,-208,-14668,3952,3896,-985,70,-92,-14748,-3376,5532,-488,136,-93,0
3601.8067059516907,10528,5344,10972,-292,-44,113,10104,-8724,8844,3,179,-171,-14624,3816,3644,-1012,122,-80,-14704,-3328,5500,-441,155,-25,0
3601.840299129486,10520,5480,10380,-258,-47,146,10084,-8752,8644,-63,175,-204,-14748,3772,3888,-961,105,-116,-14712,-3096,5488,-441,224,-99,0
3601.8738939762115,10724,5392,10688,-232,-160,109,10172,-8876,8864,-83,196,-250,-14732,3732,3888,-950,54,-185,-14736,-3312,5604,-468,186,-97,0
3601.9071741104126,10656,5144,10820,-277,-108,133,10032,-8812,8804,-28,186,-197,-14660,3900,3656,-967,63,-153,-14696,-3216,5596,-446,201,-103,0
3601.9405639171605,10492,5444,10800,-301,-114,127,9992,-8456,8536,-33,165,-205,-14668,3744,3788,-980,76,-88,-14724,-3268,5352,-460,205,-62,0
3601.976676940918,10608,5464,10760,-296,-107,127,10020,-8736,8760,-32,152,-218,-14840,3808,4032,-965,77,-49,-14768,-3316,5448,-429,147,-63,0
3602.0102961063385,10580,5452,10724,-329,-114,148,10048,-8708,8824,-27,186,-164,-14600,3772,3880,-977,77,-80,-14688,-3080,5420,-457,170,-54,0
3602.0440211296086,10504,5144,10760,-314,-166,159,10188,-8832,8864,21,165,-169,-14616,3724,3616,-1001,120,-125,-14732,-3092,5544,-472,175,-48,0
3602.0776720047,10732,5400,10728,-291,-161,151,10040,-8808,8968,-25,117,-203,-14684,3800,3888,-988,130,-163,-14776,-3096,5580,-478,191,-73,0
3602.1111121177673,10264,5352,10668,-272,-197,152,10136,-8800,8876,2,129,-225,-14572,3844,3780,-998,121,-139,-14732,-3272,5620,-465,189,-44,0
3602.1443641185765,10572,5388,10548,-275,-196,155,10056,-8928,8788,30,159,-227,-14664,3880,3876,-1007,146,-70,-14792,-3240,5500,-462,191,-77,0
3602.178060054779,10512,5272,10760,-502,-151,156,10096,-8872,8892,23,129,-184,-14404,4088,3652,-985,125,-99,-14808,-3256,5552,-464,186,-66,0
3602.2115240097046,10608,5344,10744,-264,-141,141,10000,-8700,8908,-256,141,-198,-14680,4016,3796,-1015,137,-131,-14780,-3216,5416,-489,161,-89,0
3602.244966983795,10552,5332,10772,-238,-130,161,9992,-8768,8792,250,104,-227,-14676,3820,3824,-999,107,-105,-14764,-3200,5512,-504,154,-71,0
3602.2786400318146,10588,5368,10732,-204,-115,163,10116,-8756,8812,-33,111,-162,-14644,3884,3724,-779,147,-74,-14848,-3220,5480,-482,144,-87,0
3602.311893939972,10612,5336,10520,-203,-135,152,10112,-8956,8856,-18,99,-198,-14728,3708,3840,-1039,134,-102,-14772,-3320,5372,-470,181,-96,0
3602.3453080654144,10548,5332,10584,-217,-156,128,10080,-8660,8796,-24,71,-195,-14356,4084,3700,-989,146,-133,-14796,-3264,5320,-498,181,-89,0
3602.3788840770726,10640,5368,10576,-199,-113,132,10044,-8844,8764,-36,96,-207,-14684,3708,3756,-993,145,-91,-14760,-3320,5516,-458,140,-121,0
3602.4120769500732,10720,5548,10616,-173,-98,101,10108,-8932,8904,-77,78,-200,-14692,3796,3756,-1001,154,-71,-14752,-3328,5368,-523,180,-140,0
3602.4453370571136,10552,5356,10520,-101,-42,79,10060,-8732,8764,-47,140,-180,-14740,3736,3616,-1012,117,-81,-14724,-3268,5340,-495,114,-144,0
3602.4789350032806,10648,5360,10880,-120,-10,85,10080,-8732,8804,-36,146,-165,-14664,3692,3896,-1010,108,-79,-14840,-3236,5508,-498,123,-155,0
3602.5122830867767,10732,5172,10524,-133,-4,60,10032,-8832,8828,-44,119,-166,-14640,3680,3720,-771,124,-60,-14796,-3220,5488,-471,105,-132,0
3602.5456399917603,10556,5156,10732,-126,-60,108,10104,-8812,8860,-50,109,-164,-14688,3812,3776,-1000,141,-50,-14740,-3296,5396,-502,142,-137,0
3602.579236984253,10616,5556,10668,-112,-62,103,9996,-8744,8904,-58,118,-185,-14676,4060,3908,-1279,109,-113,-14732,-3272,5544,-463,156,-110,0
3602.6126811504364,10712,5136,10720,-110,-42,113,10172,-8808,8748,-70,133,-157,-14680,4080,3744,-1001,117,-89,-14704,-3320,5464,-507,148,-135,0
3602.646059989929,10636,5124,10512,-130,-38,78,10120,-8744,8860,-12,153,-172,-14628,3628,3772,-1275,113,-68,-14780,-3192,5480,-463,124,-156,0
3602.6797709465027,10596,5196,10816,-130,-32,88,9940,-8748,8884,-49,123,-182,-14608,3888,3864,-1036,84,-42,-14840,-3312,5496,-483,164,-148,0
3602.712970018387,10516,5300,10700,-172,-80,106,10108,-8948,8828,-54,122,-166,-14836,4072,3884,-983,108,-79,-14780,-3348,5288,-478,150,-135,0
3602.746146917343,10604,5364,10616,-79,-19,56,10176,-8516,8804,-76,138,-218,-14632,3796,4092,-1006,33,-88,-14760,-3188,5420,-509,144,-149,0
3602.783859014511,10504,5268,10692,-164,-108,82,9772,-8808,8828,-28,120,-182,-14696,3816,4068,-1047,63,-118,-14692,-3300,5556,-492,160,-137,0
3602.8199229240417,10520,5468,10460,-129,-34,99,10016,-8736,8888,-84,175,-149,-14624,3764,3856,-996,66,-31,-14772,-3352,5508,-467,114,-139,0
3602.855087995529,10568,5384,10784,-170,-118,72,10096,-8820,8816,-49,146,-216,-14772,3780,3836,-986,53,-74,-14796,-3256,5464,-457,190,-140,0
3602.890183925628,10512,5360,10572,-178,-97,79,10056,-8864,8744,-6,151,-174,-14640,3816,3840,-1045,68,-31,-15080,-3208,5756,-478,145,-143,0
3602.9255819320683,10556,5424,10620,-122,-38,114,10092,-8788,8612,-47,183,-126,-14680,3796,3604,-1002,14,-79,-14812,-3348,5484,-465,99,-154,0
3602.9612879753113,10572,5588,10712,-169,-36,69,10080,-8760,8796,-72,179,-161,-14632,3748,3800,-952,26,-256,-14740,-3268,5568,-471,66,-158,0
3602.9975280761723,10616,5404,10512,-129,-30,91,10028,-8832,8804,-90,164,-137,-14848,3796,3712,-963,54,-60,-14772,-3164,5504,-494,107,-165,0
3603.032300949096,10572,5268,10616,-172,-19,95,10012,-8660,8640,-15,129,-152,-14568,3772,3732,-1039,54,-55,-14732,-3320,5460,-488,131,-153,0
3603.0686399936676,10476,5396,10816,-102,-45,74,9912,-8848,8736,-34,92,-194,-14688,3684,4064,-1029,41,-67,-14828,-3252,5580,-508,164,-158,0
3603.108840942383,10456,5376,10708,-125,-51,89,10056,-8900,8720,-39,164,-199,-14652,3804,3928,-1032,87,-78,-14768,-3216,5528,-481,165,-146,0
3603.143783092498,10616,5444,10640,-128,-82,76,10036,-8844,8876,11,115,-190,-14568,3876,3688,-1030,101,-110,-14716,-3352,5560,-471,157,-112,0
3603.1799421310425,10520,5424,10672,-165,-65,108,10096,-8732,8804,251,191,-132,-14612,3804,3752,-991,104,-79,-14636,-3268,5412,-499,125,-143,0
3603.215089082718,10256,5564,10876,-129,-61,105,10028,-8824,8716,-44,130,-194,-14640,3876,3852,-994,85,-97,-14724,-3236,5520,-517,181,-124,0
3603.2507550716405,10580,5504,10628,-164,-73,98,10000,-8584,8756,-78,119,-167,-14700,3740,3944,-956,112,-95,-14768,-3108,5484,-490,135,-117,0
3603.287199020386,10540,5508,10648,-170,-64,98,10196,-8724,8852,-58,137,-203,-14676,3856,3908,-997,126,-74,-14752,-3116,5436,-480,183,-114,0
3603.321795940399,10596,5360,10676,-120,-95,105,10168,-8832,8980,-55,90,-220,-14572,3736,3976,-1005,117,-103,-14624,-3220,5440,-499,162,-120,0
3603.358001947403,10600,5452,10464,-143,-80,103,10176,-8852,8932,-8,134,-173,-14784,3836,3808,-999,106,-32,-14636,-3252,5176,-504,125,-129,0
3603.3930699825282,10568,5408,10732,-126,-70,106,10088,-8860,8944,4,97,-199,-14644,3760,3792,-773,102,-96,-14716,-3256,5532,-498,144,-124,0
3603.428811073303,10544,5480,10664,-152,-58,98,10056,-8804,8740,-20,119,-161,-14848,3752,3896,-997,100,-53,-14792,-3360,5468,-501,101,-144,0
3603.4621770381923,10532,5488,10500,-144,-26,92,10132,-8860,8872,-86,128,-147,-14724,3888,3852,-1011,77,-98,-14756,-3228,5460,-489,123,-145,0
3603.495423078537,10256,5416,10584,-181,-31,117,10040,-8748,8908,-50,155,-154,-14760,3784,4032,-1051,72,-49,-14688,-3120,5452,-486,109,-121,0
3603.5289449691772,10436,5552,10704,-165,-12,95,10044,-8728,8944,-56,132,-151,-14624,3724,3984,-1002,70,-31,-14780,-3380,5604,-506,108,-149,0
3603.5623140335083,10336,5472,10640,-148,-54,78,10076,-8820,8804,-108,161,-199,-14712,3792,3836,-986,114,-93,-14844,-3212,5540,-503,122,-153,0
3603.595659971237,10496,5368,10668,-183,251,98,9996,-8828,8748,-1,121,-161,-14560,3900,3840,-1024,150,-81,-14712,-3260,5600,-487,144,-133,0
3603.6292901039124,10252,5376,10664,-115,-44,110,10008,-8840,8716,2,106,-153,-14636,4060,3672,-1027,106,-35,-14612,-3080,5492,-498,119,-145,0
3603.6625261306763,10520,5456,10884,-143,-255,105,10068,-8800,8756,-38,186,-142,-14736,3856,3564,-996,100,-73,-14688,-3088,5184,-768,142,-141,0
3603.6959109306335,10580,5396,10732,-134,-23,88,10080,-8820,8700,-63,104,-214,-14376,3756,3988,-986,130,-107,-14696,-3088,5624,-490,133,-123,0
3603.729248046875,10516,5532,10640,-136,-54,100,10096,-8892,8736,-33,131,-191,-14676,3840,3776,-998,123,-103,-14716,-3100,5184,-495,165,-113,0
3603.7628409862514,10564,5448,10512,-170,-87,113,10084,-8820,8808,-36,131,-169,-14396,3728,3588,-1036,119,-86,-14712,-3352,5352,-505,175,-134,0
3603.7960281372075,10544,5488,10656,-112,-78,128,10160,-8756,8800,-51,101,-207,-14632,3780,3932,-1014,101,-87,-14720,-3188,5584,-496,163,-130,0
3603.8297810554504,10576,5448,10632,-149,-78,86,10164,-8804,8896,-60,143,-184,-14380,3792,3648,-1008,76,-134,-14732,-3292,5528,-491,156,-158,0
3603.863356113434,10724,5416,10916,-168,-65,89,10004,-8812,8864,-56,135,-175,-14656,3780,3648,-998,52,-111,-14760,-3344,5444,-495,145,-141,0
3603.896753072738,10600,5480,10552,-175,-65,88,10104,-8852,8796,-38,150,-165,-14608,3780,3820,-1016,89,-19,-14632,-3312,5660,-489,129,-129,0
3603.9302740097046,10580,5456,10516,-170,-67,89,9984,-8816,8908,-57,155,-177,-14680,3912,4048,-999,71,-71,-14672,-3320,5444,-463,163,-96,0
3603.9638321399693,10292,5496,10724,-195,-54,119,10088,-8800,8856,-36,190,-178,-14668,3856,4000,-979,57,-101,-14716,-3084,5444,-441,165,-132,0
3603.996863126754,10472,5528,10844,-207,-81,113,10076,-8884,8820,-23,158,-180,-14548,3784,3916,-999,71,-91,-14808,-3284,5512,-454,166,-93,0
3604.0303580760956,10516,5540,10684,-213,-66,106,10056,-8896,8712,-31,166,-178,-14456,3728,4068,-1010,113,-95,-14692,-3284,5584,-453,158,-113,0
3604.063805103302,10396,5504,10904,-222,-60,108,10084,-8824,8828,249,175,-197,-14644,3632,3668,-1259,96,-93,-14768,-3260,5552,-452,186,-94,0
3604.0973489284515,10468,5460,10796,-234,-67,119,10040,-8824,8704,-37,124,-170,-14656,3740,4004,-1016,126,-123,-14728,-3300,5544,-490,177,-82,0
3604.1307210922246,10484,5544,10700,-220,-77,107,10076,-8840,8916,-35,150,-169,-14560,3852,3976,-987,102,-97,-14760,-3300,5416,-485,178,-48,0
3604.1641919612885,10468,5460,10432,-218,-46,111,10040,-8756,8764,-68,144,-202,-14724,3760,3848,-953,101,-52,-14788,-3256,5548,-471,134,-54,0
3604.1975860595703,10696,5368,10640,-295,-29,115,10068,-8764,8800,-68,185,-159,-14744,3908,4060,-994,73,-84,-14752,-3276,5492,-483,130,-63,0
3604.2310979366302,10544,5532,10648,-286,-36,124,9976,-8804,8804,-63,168,-166,-14796,3756,3612,-999,79,-98,-14756,-3396,5528,-472,137,-55,0
3604.2645111083984,10400,5424,10616,-255,-69,104,10092,-8812,8916,-101,175,-203,-14748,4056,3868,-993,85,-110,-14812,-3308,5388,-462,171,-104,0
3604.2981829643254,10568,5156,10504,-285,-105,99,10064,-8872,8900,-18,163,-204,-14588,3824,3864,-1004,95,-139,-14780,-3196,5552,-461,227,-53,0
3604.3318300247192,10576,5456,11000,-5,-56,129,10104,-8884,8860,-12,150,-197,-14488,3856,3812,-993,124,-81,-14780,-3268,5584,-472,194,-78,0
3604.3654401302338,10700,5452,10748,-281,-83,165,10120,-8772,8712,-31,176,-177,-14676,3792,3856,-984,93,-113,-14748,-3524,5564,-461,140,-57,0
3604.398555994034,10544,5352,10684,-305,-75,118,10040,-8924,8844,-54,177,-181,-14664,3856,3872,-977,85,-119,-14732,-3300,5532,-477,147,-54,0
3604.4346010684962,10592,5452,10748,-282,-109,139,10084,-8868,8904,-29,138,-177,-14668,3780,3772,-983,126,-114,-14664,-3228,5456,-480,157,-57,0
3604.4700131416325,10708,5156,10632,-280,-160,182,9924,-8832,8836,-11,127,-219,-14616,3772,3736,-981,137,-125,-14720,-3168,5560,-490,193,-67,0
3604.5054950714107,10604,5408,10640,-235,-133,141,9980,-8792,8832,-8,148,-230,-14700,3740,3684,-774,188,-117,-14740,-3320,5504,-468,161,-48,0
3604.5412309169774,10468,5412,10860,-241,-172,155,10088,-8792,8736,4,110,-223,-14764,3600,3668,-1021,181,-120,-14772,-3324,5476,-493,174,-85,0
3604.577248096466,10532,5448,10712,-243,-104,114,10036,-8840,8876,-12,109,-228,-14668,3752,3856,-1022,156,-117,-14608,-3300,5496,-500,166,-42,0
3604.6123580932613,10604,5612,10684,-247,-102,152,10076,-8896,8752,-18,116,-207,-14652,3736,3880,-1020,130,-67,-14816,-3252,5452,-511,160,-86,0
3604.647614002228,10704,5456,10700,-251,-130,160,10216,-8840,8748,-5,122,-186,-14640,3584,3892,-1012,151,-105,-14808,-3208,5520,-485,127,-68,0
3604.682727098465,10500,5404,10660,-256,-163,175,10076,-8768,8848,-12,93,-216,-14724,3740,4088,-974,151,-124,-14812,-3256,5392,-490,148,-51,0
3604.7181191444397,10512,5400,10676,-261,-158,153,10084,-8804,8880,-27,87,-202,-14692,3872,3888,-995,131,-69,-14672,-3188,5488,-441,150,-78,0
3604.7536449432373,10620,5372,10852,-224,-121,142,10100,-8776,8744,10,140,-200,-14864,3724,3780,-1014,104,-68,-14668,-3220,5476,-506,123,-92,0
3604.7887859344482,10644,5316,10928,-200,-112,114,10072,-8784,8948,-13,117,-163,-14696,3716,3964,-1018,143,-55,-14728,-3112,5616,-485,143,-108,0
3604.8243710994725,10700,5332,10568,-213,-109,124,10076,-8820,8492,-47,128,-218,-14608,3708,3804,-998,120,-107,-14752,-3236,5512,-492,175,-101,0
3604.8600809574123,10544,5572,10284,-187,-122,124,10108,-8824,8492,-71,127,-206,-14640,3660,4020,-975,169,-85,-14624,-3236,5388,-480,116,-111,0
3604.8948509693146,10544,5224,10600,-148,-105,126,10416,-8776,8856,-71,103,-225,-14832,3756,3876,-769,78,-102,-14736,-3088,5500,-490,162,-126,0
3604.9305210113525,10660,5304,10620,-164,-71,96,10004,-8784,8952,-29,138,-179,-14708,3768,3620,-1024,105,-76,-14776,-3268,5204,-496,129,-117,0
3604.965557098388,10652,5360,10596,-79,22,74,10144,-8508,8776,-81,139,-176,-14752,3772,3788,-771,122,-48,-14840,-3192,5488,-480,133,-107,0
3605.000810146332,10616,5628,10724,-159,-22,48,10192,-8868,8920,-48,133,-200,-14644,3888,3872,-1052,156,-142,-14800,-3104,5480,-491,143,-97,0
3605.0360951423645,10484,5344,10848,-117,-6,96,10184,-8696,8716,-32,124,-152,-14656,3760,3824,-1063,107,-35,-14792,-3340,5260,-257,117,-134,0
3605.0734479427333,10540,5424,10660,-116,-50,82,10056,-8756,8768,-86,116,-169,-14724,3780,3956,-1001,73,-60,-14792,-3456,5356,-502,82,-180,0
3605.1069600582123,10540,5400,10632,-129,-29,82,10028,-8832,8780,-65,164,-154,-14640,3812,3808,-1002,41,-100,-14792,-3312,5576,-258,126,-136,0
3605.1404271125793,10508,5328,10524,-135,-17,80,10120,-8792,8728,-88,153,-146,-14612,3744,3828,-974,25,-49,-14764,-3300,5480,-522,171,-133,0
3605.1738929748535,10592,5172,10720,-158,-85,101,9960,-8760,8804,-69,164,-188,-14636,3756,3940,-988,-14,-66,-14480,-3224,5492,-467,194,-102,0
3605.2073700428014,10536,5176,10816,-163,-70,93,10012,-8856,8640,-73,150,-193,-14624,3780,3880,-1003,30,-68,-14672,-3284,5484,-463,196,-155,0
3605.2407600879674,10508,5556,10564,-170,-118,102,10104,-8788,8904,-66,138,-199,-14704,3784,3660,-1012,9,-82,-14768,-3288,5576,-466,180,-105,0
3605.2742929458614,10628,5408,10684,-168,-61,77,10232,-8784,8740,-55,157,-180,-14648,4072,3668,-976,58,-86,-14812,-3172,5468,-463,163,-165,0
3605.3078660964966,10592,5380,10536,-151,-89,108,10124,-8784,8748,-37,153,-147,-14696,3796,3828,-1014,62,-55,-14796,-3248,5376,-465,145,-148,0
3605.341398000717,10584,5152,10732,-148,-53,87,10032,-8912,8884,-32,151,-150,-14608,3792,3744,-769,48,-50,-14852,-3288,5340,-462,124,-128,0
3605.3748531341553,10568,5448,10496,-166,-51,81,9996,-8820,8720,-21,197,-149,-14676,3696,3940,-1031,29,-69,-14856,-3076,5368,-447,134,-183,0
3605.4079599380493,10564,5388,10836,-149,-91,77,10060,-8824,8920,-47,155,-170,-14704,3860,3732,-1020,79,-105,-14916,-3160,5336,-485,172,-117,0
3605.441448926925,10552,5376,10572,-114,-69,55,10080,-8812,8880,-45,128,-172,-14648,3784,3800,-1065,85,-59,-14716,-3148,5432,-500,143,-161,0
3605.47497010231,10600,5604,10828,-124,-68,74,10140,-8784,8816,-3,138,-190,-14660,3868,3788,-772,70,-64,-14876,-3212,5424,-509,127,-158,0
3605.508595943451,10544,5376,10740,-117,-76,76,10084,-8808,8824,-25,144,-196,-14736,3880,3784,-1003,93,-93,-14668,-3252,5460,-466,137,-166,0
3605.54217505455,10276,5396,10684,-166,-76,79,9800,-8732,8876,-75,131,-206,-14660,3856,3784,-994,78,-101,-14628,-3328,5384,-502,132,-137,0
3605.5756919384003,10584,5172,10940,-96,-90,77,9996,-8848,8888,-65,150,-166,-14736,3864,3608,-1014,59,-86,-14808,-3196,5596,-523,142,-177,0
3605.6092629432674,10656,5572,10780,-161,-58,94,10052,-8832,8796,-41,134,-133,-14680,3748,3936,-1049,70,-65,-14732,-3388,5600,-496,134,-131,0
3605.6426460742955,10556,5516,10600,-136,-7,89,10000,-8912,8932,-41,115,-174,-14588,3788,3920,-1014,77,-54,-14692,-3404,5620,-475,161,-118,0
3605.6760449409485,10644,5436,10596,-158,-84,83,10192,-8808,8852,-67,130,-197,-14608,3776,3908,-1008,93,-67,-14796,-3224,5440,-497,135,-145,0
3605.709769964218,10468,5340,10584,-173,-49,67,9992,-8856,8880,-30,146,-173,-14608,3860,3668,-1024,150,-117,-14732,-3296,5516,-485,89,-114,0
3605.7433841228485,10556,5424,10524,-121,-70,115,10076,-8816,8880,-18,97,-169,-14712,3804,3776,-1053,139,-22,-14792,-3352,5472,-510,140,-164,0
3605.7769799232483,10588,5452,10740,-127,-19,96,10132,-8832,8788,-36,131,-171,-14564,3872,3912,-974,103,-38,-14708,-3276,5600,-482,81,-170,0
3605.8104751110077,10504,5460,10780,-157,-62,113,10016,-8880,8900,-39,142,-150,-14616,3760,3892,-1008,106,-30,-14744,-3180,5428,-258,112,-152,0
3605.8441219329834,10532,5596,10668,-126,-42,108,10128,-8860,8756,-43,107,-174,-14348,3912,3808,-1279,121,-80,-14748,-3572,5384,-524,107,-147,0
3605.8775539398193,10748,5464,10656,-163,-53,86,10024,-8876,8828,-8,114,-176,-14616,3780,3628,-1018,89,-101,-14728,-3284,5380,-493,181,-117,0
3605.9110231399536,10356,5384,10836,-129,-68,112,10208,-8848,8860,-32,98,-164,-14648,3796,3596,-1025,163,-60,-14764,-3336,5332,-536,148,-140,0
3605.944760084152,10432,5568,10944,-165,-70,106,10124,-8840,8824,-26,161,-179,-14832,3836,3944,-1019,135,-67,-14808,-3360,5520,-475,150,-110,0
3605.9782130718236,10616,5396,10580,-141,-55,106,10084,-8788,8788,-22,129,-196,-14708,3824,3732,-1015,128,-104,-14740,-3272,5444,-504,144,-138,0
3606.0119049549103,10488,5532,10704,-154,-27,108,10000,-8716,8796,-24,128,-148,-14700,3812,3944,-991,108,-107,-14680,-3344,5188,-767,141,-132,0
3606.045506954193,10612,5364,10604,-141,-50,99,9968,-8764,8736,-41,127,-179,-14688,3748,3912,-988,108,-114,-14792,-3432,5520,-496,159,-140,0
3606.0791621208186,10552,5484,10628,-156,-81,50,10036,-8764,8736,-78,144,-179,-14712,3724,3860,-997,90,-66,-14752,-3524,5508,-475,110,-137,0
3606.1149060726166,10548,5504,10728,-166,-27,84,10068,-8884,8876,-17,178,-169,-14604,3776,3792,-976,110,-97,-14788,-3300,5456,-499,147,-131,0
3606.150676012039,10660,5480,10520,-160,-49,112,10020,-8856,8920,-33,152,-175,-14348,4040,3972,-1015,61,-58,-14776,-3244,5400,-506,153,-141,0
3606.1861550807953,10556,5400,10772,-184,-42,83,10096,-8840,8848,-42,155,-192,-14348,3824,3992,-996,80,-52,-14856,-3268,5412,-492,169,-123,0
3606.2225430011754,10512,5376,10604,-174,-95,93,10004,-8788,8888,-1,168,-170,-14660,3844,3840,-1036,13,-90,-14700,-3336,5536,-473,191,-100,0
3606.258027076721,10704,5308,10740,-177,-87,91,9740,-8800,8912,-60,170,-178,-14612,4036,3832,-1020,26,-86,-15040,-3556,5368,-454,197,-108,0
3606.2937140464783,10476,5468,10548,-190,-96,118,10108,-8780,8732,-53,187,-183,-14552,3808,3828,-988,47,-83,-14712,-3360,5436,-431,131,-94,0
3606.3291940689082,10496,5484,10684,-233,-73,121,10056,-8800,8896,-35,173,-170,-14760,3608,3832,-999,24,-35,-14752,-3284,5404,-444,159,-109,0
3606.3645551204686,10596,5608,10472,-303,-47,96,10040,-8892,8864,-7,192,-154,-14720,3752,3772,-1269,66,-108,-14600,-3336,5436,-459,146,-82,0
3606.399758100509,10564,5572,10644,-203,-14,116,10132,-8896,8888,-102,131,-193,-14676,3748,3700,-976,68,-49,-14768,-3308,5452,-475,168,-98,0
3606.4350221157074,10496,5308,10532,-219,-110,97,10044,-8828,8764,-100,164,-223,-14712,3792,3960,-986,89,-151,-14616,-3208,5464,-464,200,-103,0
3606.4708609580994,10300,5412,10812,-230,-24,115,10008,-8744,8812,-23,177,-171,-14572,3752,3676,-1019,112,-73,-14760,-3184,5488,-497,151,-87,0
3606.5060150623326,10432,5268,10748,-232,-30,104,10056,-9196,8880,-37,187,-166,-14632,3800,3972,-1006,78,-72,-14812,-3312,5532,-472,172,-64,0
3606.542273044586,10556,5480,10876,-270,-47,110,10016,-8872,8864,-49,193,-196,-14636,3812,4016,-973,97,-118,-14804,-3324,5316,-464,159,-82,0
3606.5775380134583,10516,5456,10572,-304,-75,113,9732,-8856,8864,-62,220,-217,-14620,3804,3932,-975,151,-73,-14768,-3412,5424,-464,189,-81,0
3606.6133649349213,10508,5400,10672,-264,-104,147,10064,-8892,8796,-9,125,-230,-14820,3820,3832,-975,158,-177,-14836,-3284,5396,-474,213,-37,0
3606.648668050766,10504,5436,10760,-269,-141,156,10008,-8812,8900,-44,127,-239,-14388,3816,3988,-1003,153,-150,-14828,-3252,5544,-478,192,-62,0
3606.683753013611,10556,5204,10632,-261,-181,151,9776,-8884,8784,-27,121,-225,-14668,4036,4080,-993,178,-130,-14788,-3356,5332,-478,170,-73,0
3606.719254016876,10600,5392,10920,-221,-84,106,10028,-8888,8848,-9,130,-224,-14624,3816,3984,-1018,170,-119,-15028,-3272,5392,-510,183,-86,0
3606.7545161247253,10564,5120,10740,-231,-110,122,10060,-8816,8848,-6,126,-221,-14612,3828,3760,-1001,172,-138,-14844,-3328,5356,-497,182,-49,0
3606.7902169227605,10532,5376,10868,-213,-104,128,10092,-8848,8708,-43,123,-217,-14532,3732,3940,-985,142,-146,-14836,-3196,5148,-489,164,-91,0
3606.8237140178685,10532,5372,10620,-225,-127,129,10040,-8872,9112,-58,116,-227,-14704,3724,3700,-990,160,-101,-14884,-3256,5596,-487,132,-84,0
3606.857362985611,10548,5484,10888,-234,-137,123,9996,-8920,8796,-40,149,-220,-14608,3812,4044,-970,149,-65,-14828,-3312,5420,-489,158,-84,0
3606.8907740116124,10512,5260,10628,-244,-134,132,9992,-8848,8828,245,122,-190,-14636,3816,3656,-997,153,-150,-14812,-3256,5496,-478,158,-98,0
3606.924546003341,10292,5412,10524,-200,-119,115,10060,-8752,8768,254,118,-200,-14676,3776,3792,-978,136,-126,-14756,-3204,5212,-478,152,-89,0
3606.9582121372223,10580,5364,10524,-209,-121,133,10104,-8840,8972,10,136,-210,-14668,4080,4036,-1279,135,-129,-14672,-3292,5476,-488,151,-101,0
3606.9916579723363,10436,5592,10708,-190,-134,129,9840,-8808,8688,-23,134,-176,-14836,3732,4044,-993,148,-96,-14664,-3084,5212,-491,181,-102,0
3607.0252389907837,10532,5492,10660,-213,-148,158,10028,-8704,8888,-24,104,-215,-14660,3740,3800,-993,133,-95,-14772,-3312,5176,-487,140,-89,0
3607.058541059494,10576,5452,10676,-206,-119,158,9972,-8804,8892,-66,111,-199,-14684,3832,3892,-984,109,-107,-15068,-3272,5476,-508,140,-91,0
3607.0922241210933,10644,5404,10508,-215,-107,115,10188,-8824,8704,-37,116,-199,-14756,3736,3768,-1003,52,-101,-14756,-3356,5320,-497,158,-117,0
3607.1257231235504,10452,5288,10652,-229,-100,111,10228,-8848,9044,5,112,-167,-14608,3728,3940,-772,49,-101,-14752,-3352,5292,-475,170,-95,0
3607.1592140197754,10532,5352,10600,-112,-99,80,9992,-8860,8712,-90,156,-210,-14680,3688,4072,-769,5,-95,-14840,-3116,5528,-498,176,-137,0
3607.1928210258484,10724,5300,10684,-173,-102,90,10064,-8816,8472,-28,155,-226,-14380,3600,3792,-1049,23,-85,-14756,-3120,5416,-422,185,-114,0
3607.226573944092,10644,5580,10736,-159,-41,109,10116,-8852,8804,12,164,-157,-14604,3836,3816,-1035,57,-46,-14940,-3240,5412,-455,151,-147,0
3607.260323047638,10500,5444,10612,-196,-39,110,10224,-8872,8936,-13,185,-154,-14696,3784,3756,-1017,43,-57,-14784,-3220,5344,-453,101,-147,0
3607.2937819957733,10584,5144,10700,-208,-26,60,9992,-8832,8840,-21,159,-179,-14632,3784,3780,-995,63,-46,-14784,-3260,5428,-470,130,-145,0
3607.3273761272426,10560,5344,10608,-161,-68,125,10052,-8796,8864,-25,166,-168,-14588,3724,3960,-991,82,-70,-14720,-3152,5564,-763,143,-145,0
3607.3605279922485,10568,5288,10972,-166,-64,90,9980,-8816,8888,-14,138,-197,-14612,3868,3716,-1024,93,-69,-14680,-3232,5524,-482,159,-137,0
3607.3938281536102,10284,5352,10528,-153,-17,70,10024,-8852,8712,-255,149,-178,-14848,3832,3800,-1026,102,-98,-14776,-3332,5460,-477,133,-119,0
3607.427426099777,10664,5160,10600,-176,-79,109,10028,-8868,8948,-27,165,-157,-14800,3948,3860,-1023,79,-71,-14712,-3328,5384,-463,136,-153,0
3607.4610910415654,10540,5508,10756,-200,-13,96,10040,-8784,8864,-26,152,-184,-14672,3812,3760,-1019,77,-64,-14856,-3392,5364,-494,138,-144,0
3607.494518995285,10596,5456,10836,-145,-65,99,10216,-8812,8812,-13,136,-165,-14572,3584,3684,-1016,97,-69,-14748,-3388,5316,-495,157,-113,0
3607.528244972229,10616,5436,10564,-145,-74,104,10128,-8800,8788,-43,121,-147,-14612,3624,3864,-1013,131,-75,-14808,-3292,5460,-488,129,-120,0
3607.5613679885864,10528,5548,10516,-160,-47,77,10024,-8796,8664,-42,135,-185,-14652,3744,3876,-1017,98,-96,-14692,-3304,5476,-483,117,-125,0
3607.5948390960693,10652,5628,10932,-150,-73,73,10048,-8848,8804,-23,152,-182,-14624,3688,3936,-1008,80,-59,-15016,-3196,5568,-503,163,-151,0
3607.6285240650172,10644,5280,10624,-148,-70,86,10132,-8836,8840,-48,141,-198,-14664,3816,3700,-1020,109,-54,-14848,-3356,5536,-500,150,-150,0
3607.6617939472203,10604,5376,10708,-118,-42,101,10036,-8824,8896,-47,95,-171,-14568,3860,3908,-1035,86,-85,-14712,-3260,5452,-260,121,-118,0
3607.6953890323643,10680,5460,10700,-138,-54,109,9932,-8872,8708,-13,93,-164,-14720,3812,3860,-780,108,-67,-14788,-3220,5440,-533,142,-115,0
3607.7289841175084,10576,5420,10604,-102,-60,120,10152,-8836,8772,-9,122,-180,-14736,3756,3884,-1012,84,-44,-14812,-3288,5452,-497,119,-156,0
3607.7623150348663,10600,5392,10720,-82,-37,89,10204,-8776,8856,-40,141,-175,-14640,3828,3948,-992,71,-45,-14820,-3204,5620,-259,95,-145,0
3607.7987570762634,10660,5444,10596,-121,-36,75,10040,-8860,8800,-6,104,-170,-14740,3660,3800,-1030,80,-85,-14644,-3324,5460,-495,125,-143,0
3607.8343300819397,10476,5496,10636,-152,-38,79,10036,-8660,8868,-46,166,-201,-14568,3772,3800,-996,43,-45,-15036,-3476,5380,-490,157,-178,0
3607.8700189590454,10592,5400,10508,-140,-92,46,10132,-8868,8856,-113,171,-222,-14700,3908,3800,-964,42,-72,-14784,-3248,5468,-497,144,-174,0
3607.9048521518707,10636,5400,10592,-151,-48,37,9744,-8856,8868,-19,143,-197,-14396,4088,3692,-988,84,-67,-15068,-3284,5504,-482,133,-208,0
3607.9405720233917,10612,5480,10680,-125,-45,74,10000,-8824,8748,-26,159,-170,-14672,3776,3992,-1007,55,-87,-14724,-3312,5428,-496,124,-168,0
3607.9757690429683,10524,5136,10516,-120,-24,68,10144,-8932,8944,-1,189,-138,-14476,3904,3968,-1004,39,-51,-14696,-3560,5500,-498,120,-152,0
3608.0112891197205,10436,5392,10632,-143,-12,82,9956,-8812,9016,-31,164,-160,-14680,3864,3908,-1280,94,-66,-14732,-3440,5496,-470,116,-112,0
3608.0472650527954,10288,5508,10700,-182,-33,142,9964,-8840,8884,-18,116,-155,-14836,4064,3944,-1032,99,-75,-14772,-3408,5368,-492,152,-119,0
3608.0824649333954,10424,5440,10732,-248,-93,120,10084,-8808,8808,23,164,-160,-14628,3904,3756,-996,134,-114,-14600,-3332,5380,-463,122,-57,0
3608.122440099716,10596,5484,10888,-224,-137,163,10040,-8904,8828,-44,98,-211,-14724,3772,3888,-960,103,-90,-14784,-3308,5132,-488,145,-68,0
3608.1587750911713,10572,5424,10620,-269,-149,136,9992,-8824,8856,-47,134,-182,-14708,3808,3940,-977,103,-97,-14628,-3076,5528,-498,110,-72,0
3608.193967103958,10484,5428,10900,-236,-161,132,9872,-8732,8884,-46,133,-190,-14560,3820,3772,-989,105,-85,-14624,-3256,5536,-486,182,1,0
3608.2294800281525,10700,5428,10884,-11,-145,175,9860,-8876,8916,-50,111,-207,-14596,3800,3728,-969,163,-101,-14668,-3316,5428,-474,195,-49,0
3608.2646861076355,10568,5224,10928,-300,-150,175,10060,-8748,8780,-19,110,-242,-14744,3588,3772,-1006,192,-111,-14808,-3276,5468,-451,221,-58,0
3608.3002381324773,10500,5408,10580,-291,-112,133,10132,-8920,8884,56,138,-231,-14764,3804,3824,-1260,114,-155,-14860,-3236,5620,-489,203,-69,0
3608.335597038269,10680,5388,10572,-270,-136,117,10108,-8776,8832,7,126,-2,-14744,3728,3800,-997,128,-152,-14840,-3256,5328,-485,211,-60,0
3608.3715801239014,10636,5396,10808,-222,-140,120,10080,-8792,8756,7,129,-239,-14736,3768,3592,-1027,96,-160,-14776,-3236,5388,-483,203,-112,0
3608.4061620235443,10528,5348,10712,-245,-106,115,10120,-8948,8852,-5,146,-230,-14836,3780,3740,-1278,89,-116,-14764,-3096,5428,-502,161,-117,0
3608.4440419673924,10712,5132,10592,-1,-116,125,10236,-8712,8872,252,97,-194,-14680,3772,3868,-1015,88,-75,-14772,-3296,5472,-507,139,-121,0
3608.4776611328125,10564,5364,10736,-237,-70,137,10028,-8940,8948,-21,126,-209,-14648,3756,3864,-989,73,-45,-15016,-3292,5144,-484,147,-120,0
3608.5108399391174,10608,5332,10840,-267,-72,121,10156,-8720,8808,-46,104,-181,-14656,3740,3820,-998,115,-104,-14732,-3336,5340,-495,146,-104,0
3608.5443339347844,10544,5140,10672,-187,-84,134,10148,-8824,8896,-118,121,-189,-14772,3788,3880,-997,81,-50,-14776,-3168,5324,-499,124,-101,0
3608.5778670310974,10528,5324,10592,-178,-111,134,9948,-8692,8876,-32,75,-188,-14644,3760,3828,-1018,103,-63,-14672,-3096,5300,-264,156,-112,0
3608.6112799644475,10364,5464,10676,-137,-72,129,9924,-8664,8844,-29,96,-183,-14628,3696,4004,-1011,127,-96,-14684,-3304,5400,-468,161,-126,0
3608.644786119461,10588,5408,10716,-135,-57,116,10052,-8856,8820,-65,102,-195,-14744,3720,3604,-1001,109,-97,-14784,-3216,5460,-468,194,-134,0
3608.6783010959625,10648,5320,10752,-176,-52,99,10056,-8844,8752,-17,138,-181,-14580,3880,3816,-998,93,-88,-14820,-3248,5400,-486,200,-160,0
3608.711727142334,10504,5284,10672,-172,253,100,10072,-8776,8904,-14,145,-142,-14536,3700,3912,-1053,91,-24,-14768,-3296,5364,-490,153,-127,0
3608.7452380657196,10584,5372,10836,-168,-14,76,10112,-8860,8920,-24,159,-167,-14784,3908,3828,-991,51,-37,-14768,-3244,5484,-466,135,-126,0
3608.7786750793452,10596,5396,10716,-220,-30,90,9980,-8996,8792,-54,146,-162,-14748,3788,3840,-985,72,-78,-14828,-3328,5520,-489,123,-110,0
3608.8121769428253,10532,5348,10676,-185,-40,118,10036,-8804,8784,-64,149,-171,-14664,3736,3928,-1000,80,-112,-14612,-3328,5552,-508,145,-137,0
3608.8457551002502,10524,5360,10840,-189,-76,74,10236,-8844,8776,-19,147,-184,-14604,3752,3856,-1032,88,-73,-14708,-3296,5424,-476,140,-125,0
3608.8792269229893,10628,5304,10584,-148,-57,103,10064,-8780,8812,-25,135,-194,-14612,3772,3744,-1000,101,-80,-14716,-3352,5448,-493,129,-162,0
3608.9123311042786,10520,5380,10928,-159,-97,89,10068,-8952,8764,-30,171,-173,-14684,3696,3988,-976,78,-120,-14788,-3088,5444,-461,146,-142,0
3608.9458439350133,10596,5380,10632,-198,-68,55,9984,-8760,8896,-6,207,-192,-14396,3760,3888,-1003,119,-118,-14716,-3272,5576,-488,140,-123,0
3608.9795451164246,10556,5316,10676,-206,-117,82,9984,-8556,8832,-36,122,-210,-14596,3816,3900,-1038,87,-59,-14796,-3088,5548,-482,179,-78,0
3609.012777090072,10572,5452,10708,-159,-98,113,10012,-8872,8824,-42,171,-216,-14656,3804,3948,-1015,67,-109,-14672,-3368,5284,-476,163,-148,0
3609.046098947525,10324,5380,10684,-177,-109,80,10200,-8844,8952,-75,171,-196,-14620,3616,4068,-983,91,-104,-14884,-3472,5492,-475,91,-97,0
3609.0795760154724,10692,5268,10916,-198,-92,79,10096,-8804,8832,-62,150,-171,-14440,3804,3852,-1019,74,-100,-14792,-3212,5408,-504,112,-155,0
3609.1128771305084,10664,5484,10504,-182,-57,127,10012,-8764,8780,19,123,-123,-14572,3756,3796,-1011,119,-39,-14836,-3288,5396,-762,106,-75,0
3609.1460380554204,10608,5376,10604,-167,-26,139,10132,-8748,8600,-39,136,-159,-14740,3640,3756,-1004,134,-84,-14792,-3512,5604,-476,132,-113,0
3609.1797320842743,10512,5464,10740,-179,-114,117,10064,-8832,8836,-37,166,-162,-14632,3812,3916,-1029,68,-119,-14664,-3332,5492,-261,160,-147,0
3609.212986946106,10604,5464,10956,-183,-25,107,10080,-8796,8880,-15,147,-145,-14592,3736,3836,-1003,97,-73,-14728,-3320,5444,-489,99,-106,0
3609.246204137802,10592,5396,10580,-179,-65,100,10008,-8748,8820,-8,110,-142,-14644,3728,3816,-992,143,-47,-14780,-3356,5500,-465,139,-101,0
3609.2798590660095,10552,5524,10692,-184,-44,128,9964,-8740,8808,-46,147,-165,-14344,4080,3908,-1015,88,-91,-14868,-3272,5492,-486,114,-124,0
3609.313313961029,10688,5384,10644,-212,-60,106,10012,-8860,8824,-65,164,-152,-14652,3744,3596,-986,104,-81,-14764,-3256,5196,-495,86,-122,0
3609.3469281196594,10556,5168,10692,-175,-44,131,9920,-8828,8928,-40,157,-122,-14672,3852,3712,-773,109,-79,-14732,-3132,5456,-480,138,-146,0
3609.3805360794067,10584,5320,10648,-164,-44,111,9944,-8848,8776,-14,148,-171,-14656,3784,4012,-1031,81,-70,-14696,-3292,5464,-499,150,-126,0
3609.4137940406804,10660,5296,10440,-159,-35,84,10032,-8768,8888,-255,136,-171,-14608,3832,3512,-1022,109,-61,-14616,-3472,5376,-764,157,-152,0
3609.4473359584804,10608,5244,10648,-128,-22,73,10084,-8796,8772,-8,142,-148,-14700,3800,3980,-1049,84,-85,-14804,-3364,5268,-498,114,-166,0
3609.483433008194,10600,5384,10668,-160,14,75,10000,-8852,8916,-10,137,-174,-14508,3720,3928,-1020,93,-69,-14840,-3268,5452,-464,126,-147,0
3609.5191469192505,10600,5180,10700,-133,-16,66,10064,-8744,8796,-45,180,-191,-14820,3756,3684,-990,79,-92,-14768,-3300,5524,-489,140,-158,0
3609.5541539192204,10656,5476,10604,-97,249,29,10224,-8924,8832,-49,190,-203,-14724,3828,3968,-1016,22,-79,-14828,-3304,5412,-492,137,-173,0
3609.5892400741573,10620,5208,10668,-122,246,66,10008,-8820,8728,-23,164,-151,-14644,3724,4000,-1031,75,-64,-14716,-3264,5260,-483,91,-161,0
3609.6239979267125,10656,5584,10664,-93,15,80,10072,-8820,8984,-16,163,-172,-14628,3696,4036,-1039,74,-68,-14736,-3344,5124,-477,122,-163,0
3609.6599371433254,10296,5580,10644,-104,-246,80,10124,-8820,8668,-19,201,-157,-14468,3764,3632,-1001,83,-42,-14800,-3212,5412,-493,106,-165,0
3609.6950030326843,10700,5500,10704,-91,-9,94,10000,-8888,8908,-23,155,-161,-14592,3768,4024,-1054,90,-85,-14724,-3252,5492,-488,148,-149,0
3609.730732917785,10504,5496,10940,-103,-23,107,10092,-8740,9164,-19,110,-177,-14536,3800,3912,-1026,104,-68,-14792,-3320,5532,-468,126,-102,0
3609.7662460803986,10580,5476,10720,-108,-52,124,9924,-8776,8880,-22,116,-143,-14676,3848,4132,-1036,106,-32,-14760,-3084,5432,-482,144,-130,0
3609.802181959152,10536,5460,10560,-109,-46,120,10072,-8816,8920,-29,110,-167,-14620,3840,4008,-1012,138,-70,-14740,-3404,5492,-472,161,-87,0
3609.8374891281123,10544,5504,10524,-120,-46,110,10088,-8820,8940,-31,153,-147,-14644,3672,3892,-1014,100,-31,-14668,-3248,5628,-490,152,-116,0
3609.8729560375214,10460,5432,10656,-129,-81,92,10028,-8800,8724,-51,87,-207,-14592,4028,3772,-990,107,-59,-14756,-3352,5392,-478,126,-107,0
3609.908288002014,10572,5412,10740,-167,-25,96,10008,-8780,8764,-31,159,-160,-14716,4036,3920,-988,106,-81,-14708,-3276,5380,-474,127,-140,0
3609.9433619976044,10488,5400,10632,-148,-31,88,9732,-8836,8772,-33,129,-198,-14540,3876,3788,-1050,101,-138,-14724,-3084,5472,-477,166,-108,0
3609.9791741371155,10508,5420,10724,-181,-34,102,10024,-8792,8820,253,171,-160,-14584,3844,4016,-1008,99,-52,-14684,-3108,5476,-482,131,-114,0
3610.014908075332,10512,5456,10600,-205,-58,80,9972,-8856,9180,16,138,-202,-14612,3728,3940,-1034,106,-156,-14720,-3356,5560,-461,180,-115,0
3610.0506539344788,10564,5608,10856,-3,-101,131,9972,-8772,8968,-24,128,-206,-14612,4052,4004,-1011,119,-123,-14596,-3440,5524,-456,161,-96,0
3610.0856580734253,10520,5440,10620,-214,-78,103,10072,-8900,8772,-72,176,-193,-14616,3868,3884,-966,26,-98,-14828,-3100,5460,-481,101,-136,0
3610.121973991394,10588,5392,10660,-287,-46,87,9968,-8796,8864,-27,165,-129,-14792,3856,3660,-1014,74,-64,-14828,-3552,5628,-495,106,-113,0
3610.1552810668945,10424,5504,10552,-241,-19,130,10220,-8756,9036,-48,163,-132,-14780,3732,3840,-978,103,-97,-14736,-3404,5512,-447,115,-103,0
3610.1890609264374,10580,5496,10744,-270,-73,116,10064,-8912,8880,-83,104,-237,-14840,4056,3648,-925,98,-117,-14832,-3224,5464,-480,217,-99,0
3610.2223889827733,10516,5504,10720,-265,-72,112,9956,-8852,8896,14,126,-216,-14604,3820,3924,-774,116,-85,-14704,-3484,5452,-462,220,-71,0
3610.2559990882874,10556,5620,10924,-242,-61,93,10052,-8820,9200,7,183,-198,-14648,3840,3996,-1001,62,-85,-15092,-3120,5464,-449,165,-118,0
3610.2892799377446,10424,5404,10696,-267,-43,91,10052,-8808,8860,-13,233,-204,-14716,3808,3964,-930,17,-91,-14896,-3076,5420,-455,70,-147,0
3610.3225879669194,10632,5436,10968,-263,-27,45,10136,-8840,8872,-9,242,-192,-14460,3604,3944,-958,-6,-72,-14820,-3096,5364,-465,72,-133,0
3610.3563871383667,10512,5396,10704,-266,-18,68,10048,-8852,8900,-15,231,-187,-14824,3796,3932,-963,24,-55,-14724,-3284,5308,-473,137,-101,0
3610.389652013778,10512,5484,10596,-291,-47,101,9904,-8768,8840,25,174,-190,-14588,3764,3892,-998,85,-92,-14980,-3556,5332,-462,149,-93,0
3610.4230790138245,10476,5352,10736,-275,-48,103,10192,-8792,8884,3,175,-204,-14816,3780,3892,-982,54,-106,-14792,-3360,5484,-486,155,-103,0
3610.4565551280975,10516,5416,10768,-273,-100,112,10208,-8788,8856,54,184,-199,-14620,4060,3916,-1016,131,-132,-14780,-3320,5580,-463,152,-99,0
3610.4899809360504,10444,5412,10832,-298,-84,117,10048,-8756,9052,96,178,-229,-14672,3796,3904,-975,94,-101,-14844,-3268,5568,-439,194,-136,0
3610.523770093918,10324,5416,10352,-267,-107,109,9988,-8660,8952,51,140,-254,-14412,3764,3976,-956,79,-80,-14800,-3548,5196,-434,154,-120,0
3610.5573360919952,10580,5384,10668,-312,-145,85,10056,-8820,8912,58,327,-202,-14628,3828,3852,-931,82,-86,-14808,-3388,5432,-399,141,-95,0
3610.590817928314,10288,5384,10652,-354,-148,106,9828,-8764,8704,30,211,-217,-14564,3796,3976,-897,83,-157,-14776,-3392,5508,-419,158,-72,0
3610.624366044998,10432,5404,10836,-361,-157,124,9940,-8844,8716,22,153,-213,-14724,4072,3592,-935,166,-84,-14748,-3256,5484,-419,174,-63,0
3610.6575779914856,10420,5396,10896,-358,-177,120,9976,-8872,8812,42,166,-178,-14552,4024,3980,-957,121,-98,-14752,-3156,5488,-452,218,-63,0
3610.6912550926213,10260,5372,10652,-280,-190,184,9956,-8736,9020,89,118,-146,-14560,3600,4032,-1071,220,-84,-14728,-3248,5412,-495,211,-3,0
3610.7248530387883,10672,5120,10908,-242,-200,188,10044,-8764,8908,132,178,-96,-14828,3800,3844,-1081,253,-151,-14784,-3240,5488,-489,193,-32,0
3610.7584400177,10744,5124,10748,-206,-179,176,9784,-8684,8948,-4,132,-162,-14756,3684,3928,-1080,156,-107,-14880,-3292,5320,-491,125,-109,0
3610.791932106018,10528,5240,10460,-199,-78,128,10092,-8776,8704,60,280,-95,-14680,3724,3704,-1068,84,-60,-14820,-3328,5424,-499,93,-158,0
3610.825428009033,10684,5348,10656,-192,-43,55,10080,-8768,8848,122,322,-68,-14592,3732,3832,-1120,72,-34,-14712,-3224,5596,-469,120,-196,0
3610.8589670658107,10512,5308,10740,-252,40,25,9988,-8724,8892,133,436,-99,-14540,3840,3912,-1071,44,-43,-14804,-3536,5392,-463,136,-144,0
3610.892419099808,10408,5384,10764,-245,-23,15,10080,-8768,9100,56,234,-237,-14704,3636,3972,-1118,79,-177,-14812,-3348,5404,-421,243,-157,0
3610.9257099628453,10264,5336,10904,-230,-97,4,9728,-8740,8836,116,226,-271,-14660,3920,3792,-1147,65,-223,-14808,-3268,5808,-439,299,-175,0
3610.9592399597173,10468,5156,10936,-141,-133,251,9936,-8748,9012,84,170,-1,-14592,3836,4092,-1085,13,-181,-14792,-3392,5576,-463,270,-192,0
3610.992845058441,10524,5264,10768,-160,-117,-29,9840,-8764,8940,57,316,-234,-14632,3772,4136,-1054,-51,-126,-14616,-3348,5196,-431,259,-197,0
3611.026474952698,10444,5316,10828,-181,-102,4,9852,-8692,9172,110,192,-279,-14476,3692,4080,-1095,35,-209,-14660,-3436,5512,-435,292,-135,0
3611.060096025467,10476,5416,10904,-178,-166,-253,9764,-8728,9188,139,94,-390,-14476,3760,3948,-1059,132,-193,-14580,-3308,5432,-421,325,-50,0
3611.093644142152,10360,5456,10536,-218,-163,33,9968,-8580,8816,84,132,-381,-14468,3780,3752,-1038,210,-135,-14812,-3272,5344,-414,285,-34,0
3611.1268510818486,10512,5264,10536,-6,-198,62,9856,-8620,8836,-242,228,-291,-14632,3720,3920,-1028,151,-137,-14792,-3256,5340,-456,258,-54,0
3611.1629040241246,10992,5576,10556,-286,-169,30,10040,-8648,8984,143,182,-294,-14756,3724,3968,-1022,131,-134,-14756,-3300,5256,-349,194,-73,0
3611.198709964752,10588,5348,10708,-267,-28,58,10076,-8672,8988,83,323,-186,-14564,3752,3896,-1033,119,-48,-14896,-3200,5616,-399,97,-61,0
3611.2337360382085,10600,5320,10440,-275,22,121,9904,-8648,9048,-27,143,-40,-14704,3812,3916,-971,75,76,-14976,-3284,5400,-476,-50,-43,0
3611.2691960334773,10668,5460,10584,-244,161,207,9940,-8576,9088,-104,88,124,-14816,3804,3936,-901,121,195,-15068,-3312,5256,-373,-269,-248,0
3611.304284095764,10528,5628,10652,-378,278,11,10100,-8412,8992,-279,130,248,-14480,3516,3968,-845,111,309,-14816,-3388,5220,-274,-314,42,0
3611.3398950099945,10504,5452,10652,-480,238,282,9896,-8600,9160,-381,10,215,-14660,3348,4020,-894,151,510,-14788,-3400,5204,-284,-175,62,0
3611.3749990463252,10464,5412,10632,-456,133,311,9924,-8608,8984,-302,30,161,-14636,3648,3824,-932,232,223,-14756,-3104,5360,-328,-96,91,0
3611.410779953003,10428,5404,10800,-396,79,291,9820,-8736,9040,-201,51,85,-14644,3868,3988,-908,264,207,-14732,-3284,5616,-346,-115,115,0
3611.4461579322815,10628,5088,10920,-363,101,290,9824,-8928,8944,-250,21,29,-14460,4084,3732,-973,215,164,-14696,-3084,5688,-396,-89,117,0
3611.48179602623,10444,5112,10856,-324,93,347,9820,-9020,8896,-184,-90,69,-14508,4228,3900,-994,278,190,-14700,-2944,5800,-437,-112,131,0
3611.5176100730896,10472,5052,10908,-312,138,384,9908,-9092,8820,-141,-34,134,-14480,4148,3916,-777,282,166,-14708,-3076,5780,-479,-70,106,0
3611.5529439449306,10436,5208,10944,-207,95,395,9792,-9020,8828,-243,-150,77,-14516,4052,3868,-971,351,127,-14704,-3172,5648,-467,7,141,0
3611.589252948761,10484,5120,11032,-273,247,352,9772,-8888,8916,-298,-8,-256,-14616,3940,3764,-909,323,100,-14768,-3100,5488,-351,119,132,0
3611.6244161129,10516,5196,10884,-367,-46,329,9916,-8784,8808,-366,93,-43,-14556,3832,3632,-868,368,56,-14784,-3128,5428,-313,140,135,0
3611.6599321365356,10500,5156,10804,-465,-95,350,9920,-8844,8984,-387,-2,-94,-14640,3904,3692,-821,334,90,-14600,-3092,5568,-268,39,137,0
3611.694875955581,10604,4924,10792,-511,-28,312,9824,-8932,9032,-374,17,-55,-14696,4100,3912,-825,289,176,-14916,-3184,5588,-278,-13,194,0
3611.730677127838,10432,5172,10904,-498,-10,353,9864,-9020,8760,-377,32,-12,-14600,4056,3852,-870,301,133,-14712,-2852,5464,-403,-23,157,0
3611.7662291526794,10476,5324,10792,-438,-41,378,9784,-9024,8744,-298,-53,6,-14536,3960,3920,-958,327,117,-14616,-3056,5460,-450,37,186,0
3611.8038671016693,10424,5156,10780,-294,5,440,9824,-8960,8928,-346,-270,-32,-14636,3892,3680,-950,378,174,-14812,-3108,5488,-389,250,223,0
3611.8373639583588,10544,5088,10788,-351,21,382,10164,-8780,8712,-427,-83,-42,-14656,3656,3680,-779,333,178,-14880,-3076,5636,-275,-82,121,0
3611.870861053466,10652,5056,10724,-401,3,299,10060,-8804,8716,-423,-113,-29,-14708,3976,3608,-1022,198,174,-14828,-2988,5512,-2,-107,59,0
3611.904226064682,10484,4968,10892,-368,23,7,9804,-8988,8612,-412,-28,4,-14624,4256,3760,-820,166,216,-14816,-2952,5708,-270,-136,89,0
3611.937741994858,10488,4896,10872,-521,129,276,9740,-8964,8708,-337,51,47,-14484,4308,3652,-833,225,298,-14556,-2772,5892,-313,-156,101,0
3611.971192121506,10372,4884,11280,-494,134,305,9792,-9412,8520,-370,-34,-35,-14584,4528,3516,-873,229,226,-14612,-2776,6004,-336,-97,133,0
3612.0048530101776,10280,4696,11500,-375,67,347,9784,-9440,8608,-323,-66,40,-14412,4448,3636,-905,269,138,-14548,-2608,5668,-432,29,123,0
3612.0383961200714,10348,4752,11252,-298,-70,394,9628,-9420,8600,-294,-144,-52,-14484,4568,3504,-996,313,2,-14764,-2508,5972,-257,13,94,0
3612.0718920230865,10512,4844,11140,-182,-10,395,9816,-9388,8504,-119,-168,-22,-14752,4164,3360,-1063,276,63,-14912,-2772,5896,-569,-62,40,0
3612.1054351329803,10568,4768,10984,-169,115,290,10092,-8984,8672,-41,36,6,-14812,4252,3544,-1041,159,74,-15092,-2856,5720,-493,-27,-62,0
3612.1387350559235,10736,4820,11192,-181,75,176,10040,-9292,8620,-65,202,-40,-14792,4260,3776,-1268,84,-15,-14868,-2812,5808,-510,71,-127,0
3612.1724610328674,10548,4720,11244,-145,241,71,9880,-9252,8696,23,276,-138,-14564,4408,3628,-1096,-34,-78,-14760,-2856,5908,-546,130,-194,0
3612.2059569358826,10392,4892,11232,-203,27,49,9764,-9040,8684,35,243,-128,-14488,4312,3352,-1061,68,-132,-14672,-2872,5880,-528,108,-204,0
3612.2393040657043,10400,4840,10896,-150,-100,75,9784,-9124,8532,-32,92,-204,-14536,4248,3580,-1033,104,-70,-14744,-2852,5956,-481,134,-137,0
3612.2726750373845,10376,4828,10984,-230,-95,106,9904,-9108,8768,-42,155,-140,-14500,4348,3644,-1056,160,-64,-14776,-2720,5936,-492,119,-53,0
3612.306097984314,10280,4848,10796,-262,248,205,9568,-9208,8656,-22,143,-38,-14584,4388,3628,-1077,215,56,-14760,-2596,5824,-531,18,42,0
3612.3395841121674,10496,4832,10836,-289,83,350,9720,-9184,8472,-129,29,91,-14484,4568,3368,-1062,314,161,-14720,-2900,5836,-559,-56,139,0
3612.373044013977,10472,5028,10804,-306,131,422,9820,-9116,8860,-201,-31,144,-14568,4236,3792,-1042,370,234,-14776,-2912,5720,-521,-93,168,0
3612.4064681530003,10464,5008,11012,-336,144,513,9820,-9168,8884,-194,-88,154,-14620,4236,3700,-1074,395,217,-14696,-2992,5784,-557,-75,193,0
3612.439760923385,10440,5004,10892,-309,74,548,9896,-9404,8744,-247,-96,126,-14580,4176,3668,-1093,388,187,-14652,-2988,5944,-532,-15,229,0
3612.473340988159,10408,4864,10904,-346,16,574,9576,-9432,8680,-8,-285,61,-14564,4204,3828,-1059,406,132,-14688,-3016,6136,-508,-7,275,0
3612.506883144378,10260,4828,11088,-382,-37,551,9692,-9320,8704,-325,-117,93,-14848,4432,3448,-984,396,212,-14812,-2824,6044,-489,-21,267,0
3612.5403039455414,10560,4696,10780,-436,-44,569,9924,-9220,8524,-349,-216,118,-14848,4424,3500,-979,412,268,-14748,-2712,5976,-489,-45,296,0
3612.573835134506,10480,4660,11112,-434,16,554,9820,-9444,8608,-348,-156,98,-14812,4492,3396,-1006,394,187,-14720,-2740,5908,-504,249,218,0
3612.60689496994,10524,4504,11100,-379,5,552,9964,-9452,8456,-272,-205,68,-14784,4484,3468,-1004,341,154,-14752,-2648,5996,-270,29,144,0
3612.6397550106053,10524,4564,11040,-271,-50,496,9928,-9392,8336,-265,-243,53,-14668,4488,3280,-1037,343,135,-14792,-2560,5696,-514,-14,150,0
3612.6731359958653,10552,4404,11044,-297,-2,439,10048,-9544,8408,-173,-206,-12,-14788,4400,3576,-1016,258,71,-14784,-2532,5728,-511,24,81,0
3612.7068021297455,10568,4408,11100,-213,-28,296,10224,-9272,8048,-125,-33,-39,-14748,4504,3300,-970,117,38,-14864,-2504,5768,-534,881,-81,0
3612.74024105072,10988,4412,10052,-319,118,131,10020,-9228,8160,-121,46,-75,-14680,4504,3164,-971,36,118,-14776,-2412,5988,-483,251,-73,0
3612.7736270427704,10568,4492,11144,-254,80,121,10028,-9524,8464,-68,98,-81,-14668,4576,3284,-969,27,84,-14808,-2632,6044,-447,6,-115,0
3612.80704498291,10416,4520,11180,-249,68,62,9992,-9612,8208,-43,150,-86,-14628,4552,3472,-1001,-46,240,-14644,-2472,5984,-454,82,-194,0
3612.8428411483765,10296,4336,11168,-187,40,54,9516,-9520,8240,253,181,-119,-14532,4608,3468,-1020,-68,-67,-14600,-2312,6024,-526,148,-207,0
3612.8776221275334,10360,4456,11228,-170,-19,6,9724,-9580,8552,65,237,-177,-14592,4552,3448,-1033,-54,-142,-14664,-2632,6108,-546,173,-241,0
3612.91355395317,10388,4524,11100,-105,-68,11,9912,-9516,8628,89,211,-207,-14584,4520,3396,-1051,-88,-121,-14708,-2604,5916,-545,204,-511,0
3612.9496979713444,10456,4744,11328,-90,-60,-30,9868,-9372,8408,43,270,-233,-14360,4508,3476,-1031,-89,-160,-14788,-2668,5996,-483,176,-229,0
3612.984941959381,10452,4632,11040,-188,-16,-78,9816,-9312,8428,59,287,-220,-14496,4508,3540,-962,-42,-85,-14656,-2604,6140,-452,114,-235,0
3613.020451068878,10392,4576,11004,-197,41,-46,9868,-9424,8368,-13,0,-228,-14600,4416,3564,-951,-21,-105,-14620,-2788,5808,-453,133,-232,0
3613.055871963501,10472,4664,11000,-201,-15,-69,9816,-9400,8520,-36,199,-240,-14580,4492,3820,-965,-56,-56,-14732,-2684,6068,-464,136,-220,0
3613.0917630195618,10472,4600,11140,-236,-8,-43,9828,-9356,8608,-32,222,-4,-14344,4444,3356,-964,-7,-88,-14600,-2564,5976,-491,90,-215,0
3613.128715991974,10520,4528,11048,-162,250,-34,9968,-9360,8428,24,193,-204,-14372,4412,3592,-1277,-29,-45,-14704,-2364,5932,-499,73,-237,0
3613.1645691394806,10452,4612,11188,-167,38,7,9804,-9392,8692,85,230,-174,-14412,4784,3444,-1054,-51,-65,-14616,-2744,5988,-537,85,-210,0
3613.200068950653,10468,4636,11116,-86,52,-14,9884,-9420,8476,-7,221,-131,-14596,4456,3484,-1276,-37,-27,-14732,-2676,6064,-521,41,-236,0
3613.2350151538853,10408,4520,11096,-184,83,1,9964,-9380,8304,-11,231,-54,-14484,4824,3444,-1002,-38,48,-14772,-2628,5968,-477,13,-216,0
3613.2707171440125,10420,4620,11256,-222,103,82,9788,-9352,8228,-32,232,-17,-14572,4652,3560,-1025,36,93,-14700,-2560,6036,-477,63,-150,0
3613.306100130081,10356,4660,11240,-249,-19,191,9832,-9488,8380,-44,124,-54,-14520,4460,3760,-1045,84,-40,-14696,-2728,5948,-452,110,-97,0
3613.341777086258,10236,4640,11072,-224,-147,188,9812,-9460,8640,-80,111,-112,-14504,4544,3676,-1015,136,-62,-14672,-2740,6096,-476,173,-117,0
3613.377421140671,10248,4712,11244,-195,-219,195,9828,-9412,8440,-118,98,-150,-14476,4548,3548,-1041,152,-104,-14696,-2784,5792,-501,214,-113,0
3613.41181898117,10304,4772,11132,-192,-204,192,9760,-9336,8536,-76,65,-177,-14632,4576,3500,-1036,136,-96,-14628,-2816,5908,-488,162,-116,0
3613.4477269649506,10332,4376,11108,-152,-115,190,9976,-9344,8340,-52,83,-141,-14424,4576,3432,-1033,149,-60,-14624,-2720,6080,-445,133,-73,0
3613.4843580722813,10380,4660,11100,-224,-92,216,9768,-9496,8464,-86,119,-97,-14504,4552,3448,-1007,194,-245,-14760,-2664,5976,-465,137,-22,0
3613.51767206192,10484,4828,11168,-243,-47,221,9968,-9448,8472,-92,29,-110,-14620,4584,3520,-997,202,-19,-14680,-2688,5820,-475,111,-41,0
3613.5511939525604,10468,4564,10980,-238,-21,213,9884,-9448,8420,-108,50,-132,-14524,4512,3472,-990,201,-29,-14768,-2624,6004,-491,126,-24,0
3613.584738969803,10748,4632,11072,-228,-37,188,9852,-9532,8680,-119,81,-124,-14816,4852,3540,-1008,231,1,-14712,-2424,5916,-482,76,-26,0
3613.6180491447453,10580,4440,10992,-287,4,182,9908,-9536,8384,-64,130,-86,-14544,4576,3428,-1052,129,27,-14800,-2560,6128,-266,60,-33,0
3613.6512689590454,10456,4460,11072,-261,60,173,9808,-9436,8320,-30,195,-38,-14584,4612,3632,-1074,131,55,-14732,-2520,6052,-489,20,-33,0
3613.684755086898,10704,4772,11232,-297,79,199,9884,-9484,8416,-150,211,7,-14552,4640,3792,-967,133,98,-14712,-2644,6020,-454,-47,-27,0
3613.718122959137,10328,4516,11008,-356,117,188,9572,-9508,8376,-145,287,9,-14472,4540,3644,-977,178,106,-14684,-2620,6000,-438,-25,41,0
3613.751701116562,10292,4612,11256,-353,122,245,9740,-9472,8444,-124,116,-29,-14488,4584,3536,-978,253,86,-14644,-2568,6376,-445,-253,51,0
3613.7850439548492,10348,4544,11028,-323,64,224,9776,-9604,8512,-131,108,-101,-14616,4560,3816,-952,191,-48,-14568,-2984,6104,-420,82,250,0
3613.8187370300293,10456,4580,11264,-333,-25,164,9488,-9496,8556,-99,132,-209,-14640,4616,3516,-971,166,-119,-14652,-2656,6096,-441,149,-41,0
3613.8523399829865,10360,4404,11232,-351,-107,138,9800,-9544,8532,-68,51,-274,-14540,4408,3604,-986,111,-129,-14540,-2644,6072,-434,181,-94,0
3613.8855929374695,10456,4820,11384,-299,-179,104,9812,-9564,8468,-59,77,-340,-14548,4860,3596,-959,151,-149,-14616,-2628,6172,-463,200,-61,0
3613.9191529750824,10332,4416,11308,-284,-155,108,9828,-9500,8216,-82,-243,-299,-14616,4752,3456,-940,176,-154,-14752,-2752,6092,-450,231,-35,0
3613.9523680210114,10384,4424,11332,-318,-219,165,9828,-9568,8364,-85,59,-310,-14564,4632,3368,-952,179,-178,-14640,-2452,6108,-410,268,-15,0
3613.9860301017766,10300,4452,11200,-345,-219,173,9936,-9484,8348,-43,82,-259,-14580,4608,3448,-962,213,-115,-14696,-2540,5960,-402,510,29,0
3614.0196809768677,10480,4360,11296,-367,-173,196,9788,-9564,8360,-63,102,-254,-14548,4644,3564,-988,213,-85,-14680,-2532,6144,-390,246,48,0
3614.053162097931,10708,4368,11348,-357,-182,215,9980,-9644,8312,-12,129,-235,-14612,4684,3448,-957,212,-164,-14716,-2484,6100,-399,233,12,0
3614.0864861011505,10424,4352,11220,-328,-208,209,9964,-9572,8580,-26,129,-240,-14568,4720,3544,-968,182,-144,-14780,-2408,6040,-417,253,24,0
3614.119802951813,10252,4408,11320,-331,-175,194,9832,-9520,8360,-41,145,-232,-14352,4632,3392,-985,204,-104,-14828,-2444,6092,-479,186,-23,0
3614.1531269550323,10256,4376,11136,-388,-203,204,9808,-9536,8312,-5,118,-172,-14840,4368,3364,-1024,207,-116,-14640,-2604,5952,-459,151,-13,0
3614.1866199970245,10376,4480,11148,-279,-145,216,9744,-9252,8684,-32,112,-186,-14540,4592,3476,-1009,203,-124,-14780,-2576,6008,-496,138,-16,0
3614.2202401161194,10260,4480,11152,-252,-216,243,9840,-9560,8396,-81,51,-175,-14520,4556,3388,-1011,258,-67,-14712,-2428,6068,-512,156,36,0
3614.2537889480586,10276,4396,11056,-273,-159,274,9876,-9460,8284,-78,-51,-135,-14524,4528,3272,-1007,269,223,-14788,-2392,5880,-506,75,29,0
3614.2873089313507,10520,4140,10800,-269,-134,281,9844,-9368,8312,-121,-35,-76,-14584,4392,3360,-1043,283,63,-14768,-2432,5932,-495,86,71,0
3614.3207290172572,10604,4408,11240,-304,-23,329,9896,-9728,8240,-82,-84,-8,-14688,4572,3424,-1037,288,118,-14692,-2440,5988,-470,29,35,0
3614.3543310165405,10572,4312,11156,-283,33,264,10196,-9692,8364,-129,121,12,-14796,4848,3332,-1004,221,48,-14732,-2540,5908,-433,37,54,0
3614.38779091835,10484,4268,11312,-275,29,0,9720,-9652,8476,-98,54,-32,-14596,4648,3560,-1002,204,15,-14760,-2380,5972,-441,92,12,0
3614.4211819171906,10276,4152,11128,-245,-46,249,9860,-9504,8452,-124,105,-53,-14564,4656,3400,-1032,206,45,-14752,-2444,5976,-505,111,48,0
3614.4547159671783,10480,4324,11296,-219,-34,289,9840,-9704,8380,-130,-57,-79,-14392,4852,3116,-1029,507,71,-14716,-2464,6172,-525,55,55,0
3614.4881160259242,10436,4304,11304,-222,-50,295,9904,-9608,8428,-171,-29,-100,-14808,4660,3360,-978,203,6,-14604,-2448,6004,-512,70,37,0
3614.524469137192,10708,4228,11256,-204,-48,237,9852,-9700,8372,-151,-20,-86,-14612,4864,3172,-969,210,26,-14764,-2332,5932,-469,61,-34,0
3614.559709072113,10524,4172,11096,-212,-34,215,9924,-9688,8104,-173,-57,-83,-14640,4664,3328,-955,187,12,-14752,-2428,6152,-488,42,-24,0
3614.5944111347203,10408,4180,11152,-236,7,195,9780,-9936,8408,-97,-252,-147,-14612,4776,3536,-982,144,-51,-14772,-2308,6064,-437,46,-79,0
3614.62961602211,10384,4224,11196,-244,-5,135,9940,-9688,8420,-44,118,-129,-14620,4700,3112,-995,148,-6,-14748,-2308,6044,-477,125,-84,0
3614.6648719310765,10256,4204,11272,-178,-52,119,9880,-9600,8216,-34,108,-176,-14468,4732,3248,-1002,130,-99,-14696,-2416,6076,-452,157,-111,0
3614.700432062149,10472,4316,11032,-166,-92,102,9832,-9644,8296,-38,105,-224,-14484,4640,3100,-1027,110,-99,-14636,-2408,5940,-260,147,-137,0
3614.735631942749,10708,4176,11380,-109,-80,75,9956,-9588,8332,-31,146,-204,-14604,4772,3532,-1030,83,-143,-14708,-2392,6092,-496,130,-199,0
3614.7712049484253,10492,4340,11508,-122,-48,26,9940,-9712,8332,0,196,-214,-14840,4692,3232,-993,38,-81,-14748,-2488,6052,-495,98,-221,0
3614.807594060898,10524,4240,11228,-147,-68,2,9888,-9760,8376,31,214,-227,-14372,4696,3272,-1054,8,-164,-14628,-2404,6056,-527,151,-232,0
3614.842941045761,10560,4224,11184,-128,282,11,9776,-9616,8364,60,184,-187,-14600,4796,3260,-1066,22,-118,-14644,-2432,6396,-545,118,-194,0
3614.8791811466212,10516,4212,11300,-108,-73,17,9840,-9624,8360,33,181,-218,-14356,4784,3136,-769,84,-123,-14704,-2372,5788,-522,151,-197,0
3614.913933992386,10556,4244,11216,-84,-78,33,9860,-9560,8280,253,145,-210,-14536,4672,3400,-776,23,-153,-14720,-2392,6020,-485,148,-178,0
3614.9498839378357,10520,4368,11152,-130,-99,59,9820,-9508,8272,-47,202,-181,-14536,4824,3240,-965,49,-57,-14692,-2540,6360,-488,129,-146,0
3614.9848959445953,10500,4312,11184,-187,-23,86,9804,-9480,8268,-57,180,-140,-14544,4640,3296,-927,13,-10,-14764,-2532,5888,-454,75,-142,0
3615.0203440189366,10568,4292,11036,-189,18,31,9972,-9532,8424,-39,303,-83,-14680,4592,3344,-960,-63,-246,-14736,-2520,6064,-498,56,-227,0
3615.055531978607,10460,4320,11316,-129,60,17,9844,-9664,8256,14,274,-63,-14544,4704,3256,-1024,-49,-52,-14760,-2456,6056,-487,76,-183,0
3615.0907030105595,10488,4472,11208,-123,50,44,9852,-9656,8408,-10,186,-116,-14596,4616,3376,-996,13,-39,-14764,-2556,6100,-454,110,-199,0
3615.1262011528015,10512,4384,11416,-155,-11,43,9736,-9544,8644,-27,161,-151,-14544,4724,3580,-987,25,-78,-14344,-2380,6088,-486,114,-176,0
3615.163239955902,10436,4340,11272,-98,16,67,9752,-9612,8424,-14,172,-108,-14520,4708,3324,-989,34,-8,-14736,-2476,5980,-499,64,-201,0
3615.1969740390773,10500,4396,11228,-102,21,104,9744,-9568,8288,-58,105,-102,-14520,4752,3416,-1009,-9,-243,-14644,-2776,6388,-486,11,-193,0
3615.2303330898285,10460,4256,11172,-119,38,49,9808,-9684,8444,-41,163,-109,-14468,4704,3432,-946,49,-33,-14628,-2524,6044,-483,64,-192,0
3615.2638680934906,10392,4376,11284,-131,23,72,9832,-9620,8340,-42,186,-121,-14340,4692,3556,-989,54,-45,-14692,-2320,5968,-486,94,-174,0
3615.2973859310155,10404,4380,11124,-146,-29,60,9896,-9752,8348,-57,150,-145,-14436,4748,3576,-944,68,-85,-14684,-2800,6392,-497,135,-172,0
3615.330759048462,10332,4304,11284,-110,-39,48,9840,-9524,8408,-30,141,-234,-14552,4668,3296,-959,67,-149,-14796,-2540,5920,-427,194,-167,0
3615.3643960952763,10360,4140,11088,-148,-126,20,9816,-9980,8376,-7,235,-271,-14584,4676,3384,-963,21,-183,-14840,-2476,6176,-453,256,-210,0
3615.3977119922642,10336,4348,11340,-171,-186,-256,9776,-9664,8216,-47,220,-292,-14540,4692,3432,-942,6,-225,-14748,-2540,6180,-428,245,-179,0
3615.4313249588013,10440,4396,11096,-154,-170,1,9812,-9600,8444,-37,147,-287,-14568,4720,3472,-927,89,-156,-14644,-2584,6092,-346,185,-200,0
3615.464874982834,10400,4472,11180,-195,-106,11,9888,-9596,8276,-73,199,-283,-14620,4648,3504,-879,96,-150,-14724,-2448,6128,-354,204,-184,0
3615.4983990192413,10544,4448,11312,-226,-151,51,9740,-9708,8372,-130,127,-233,-14424,4724,3436,-939,72,-74,-14736,-2440,6112,-393,188,-103,0
3615.531927108764,10420,4380,11400,-295,-87,106,9656,-9948,8348,-170,100,-191,-14428,4812,3244,-908,138,-57,-14756,-2396,6320,-490,103,-86,0
3615.5655491352086,10388,4572,11268,-232,-65,127,9812,-9752,8284,-69,70,-140,-14556,4716,3372,-997,209,-39,-14724,-2376,6064,-477,68,-56,0
3615.59925198555,10312,4384,11260,-180,-39,198,9864,-9484,8252,-100,62,-120,-14756,4820,3348,-992,218,-57,-14660,-2496,6148,-470,134,-94,0
3615.6325550079346,10424,4100,11412,-162,-51,193,9884,-9644,8292,-140,98,-154,-14524,4804,3324,-983,130,-37,-14636,-2384,5980,-501,139,-90,0
3615.6660380363464,10404,4380,11116,-134,-52,163,9848,-9608,8512,-149,32,-140,-14644,4692,3452,-965,127,-53,-14920,-2476,5884,-498,59,-138,0
3615.6998200416565,10652,4344,11164,-174,40,109,10028,-9560,8336,-140,60,-136,-14692,4600,3376,-939,40,-52,-14792,-2500,5980,-466,-26,-224,0
3615.733006000519,10564,4192,11080,-239,48,28,9928,-9608,8216,20,224,-83,-14648,4756,3408,-1004,-13,-33,-14584,-2364,6056,-481,3,-235,0
3615.7665400505066,10416,4348,11248,-242,72,17,9884,-9708,8332,65,232,-96,-14848,4680,3336,-1063,-49,9,-14768,-2440,6316,-492,36,-188,0
3615.7999720573425,10340,4320,11328,-211,72,-31,9804,-9484,8304,254,271,-144,-14512,4608,3108,-1008,-19,-63,-14452,-2424,5964,-503,101,-226,0
3615.8336420059204,10268,4256,11312,-135,253,-22,9556,-9776,8252,53,207,-199,-14388,4764,3356,-1050,54,-157,-14488,-2504,6376,-527,198,-189,0
3615.8674430847173,10316,4216,11352,-51,-81,36,9708,-9516,8276,57,157,-201,-14476,5072,3468,-1096,33,-171,-14748,-2516,6300,-555,188,-205,0
3615.9007859230046,10264,4552,11312,-100,-16,58,9804,-9644,8236,92,251,-172,-14476,4736,3428,-997,22,-141,-14688,-2492,6280,-504,151,-189,0
3615.9342911243443,10332,4348,11056,-92,-9,31,9720,-9724,8380,75,253,-189,-14596,4704,3412,-1031,13,-140,-14672,-2516,5996,-500,190,-211,0
3615.9677879810333,10368,4596,11044,-86,-28,13,9740,-9608,8356,120,298,-230,-14596,4592,3584,-1074,33,-198,-14612,-2504,6124,-523,288,-214,0
3616.0013060569763,10356,4592,11056,-108,-91,-24,9880,-9516,8392,157,320,-300,-14576,4704,3468,-1057,25,-244,-14692,-2556,6116,-502,260,-241,0
3616.0348279476166,10308,4332,11140,-63,-113,-68,9932,-9540,8272,159,272,-348,-14684,4744,3164,-1058,-9,-248,-14744,-2332,6056,-531,279,-314,0
3616.0685250759125,10456,4448,11228,-52,-103,-136,9884,-9620,8424,224,279,-354,-14848,4664,3456,-1048,-16,-219,-14704,-2388,6396,-544,241,-356,0
3616.1019830703735,10372,4512,11128,-28,-34,-152,9760,-9608,8460,257,308,-353,-14828,4556,3452,-1084,-57,-266,-14656,-2580,6196,-527,262,-338,0
3616.135221004486,10272,4772,11328,12,-34,-149,9924,-9496,8668,253,507,-358,-14504,4704,3444,-1102,-62,-260,-14640,-2708,6164,-543,239,-338,0
3616.168786048889,10248,4572,11116,-32,1,-160,9736,-9440,8532,213,235,-313,-14396,4700,3444,-1067,-54,-254,-14796,-2604,6132,-532,220,-340,0
3616.2053821086884,10264,4536,11248,-27,-47,-140,9508,-9524,8416,163,239,-357,-14492,4700,3556,-1053,-71,-266,-14676,-2640,6084,-520,219,-357,0
3616.2406430244446,10456,4544,11372,-74,-72,-196,9980,-9620,8460,191,221,-379,-14544,4692,3444,-1079,-70,-323,-14700,-2544,6140,-554,277,-366,0
3616.2761409282684,10304,4536,11444,-123,-69,-200,9748,-9628,8260,297,374,-387,-14520,4724,3376,-1125,-52,-344,-14664,-2484,6172,-532,341,-267,0
3616.3117480278015,10180,4404,11276,-141,-198,-178,9596,-9660,8520,310,393,-501,-14476,4756,3836,-1098,62,-420,-14808,-2644,6556,-525,482,-216,0
3616.3476910591125,10200,4524,11460,-91,-290,-125,9840,-9684,8500,277,261,-563,-14448,4764,3660,-1139,122,-457,-14652,-2648,6332,-596,463,-181,0
3616.3828210830693,10208,4544,11336,-38,-306,-46,9820,-9556,8636,264,283,-581,-14504,4700,3572,-1096,234,-261,-14364,-2572,6100,-667,510,-224,0
3616.4181809425354,10224,4588,11056,164,-381,65,9788,-9372,8480,335,154,-518,-14524,4376,3660,-1208,256,-523,-14784,-2780,5872,-740,467,-278,0
3616.4536850452423,10492,4748,11024,250,-225,-19,9976,-9208,8748,329,-23,-504,-14884,4316,3508,-1144,140,-548,-14984,-2880,5452,-682,411,-426,0
3616.4896121025085,10812,4732,10916,291,-210,-168,10408,-8880,8544,281,142,-530,-15000,3928,3408,-992,-123,-265,-14928,-2884,5404,-555,308,-554,0
3616.5249829292293,10836,4812,10980,132,-147,-325,10180,-8820,8500,400,338,-431,-14600,4080,3420,-1113,-308,-354,-14976,-2776,5620,-600,146,-636,0
3616.5606689453125,10608,4944,10920,149,82,-310,9928,-9128,8628,414,97,-510,-14600,4316,3464,-1205,-332,-157,-14808,-2800,5836,-628,27,-530,0
3616.595710039138,10364,4952,11168,174,100,-210,9728,-9080,8704,493,150,-289,-14568,4284,3632,-1100,-174,-178,-14664,-2900,5688,-631,78,-390,0
3616.6308801174164,10288,4860,11192,179,19,-134,10408,-8976,8100,236,330,-782,-14808,4444,3724,-1064,-217,-182,-14552,-2800,6016,-641,134,-447,0
3616.675866127014,10228,4616,10804,189,19,-130,9628,-9212,8692,-151,-135,-1019,-14536,4540,3360,-871,357,-180,-14404,-2696,6392,-655,4,-392,0
3616.725296020508,10160,4616,11188,43,69,-84,9788,-9392,8448,360,245,-509,-14488,4916,3944,-1342,-58,-197,-14548,-2880,6212,-649,146,-299,0
3616.7706091403966,10048,4752,11384,-2,27,-31,9912,-9352,8632,294,424,-76,-14516,4464,3708,-1674,-1106,-91,-14508,-2952,6200,-711,240,-295,0
3616.805629968643,10036,4992,11356,20,254,-41,9668,-9464,8884,306,450,123,-14420,4380,4064,-1093,41,-143,-14728,-3328,5992,-620,293,-213,0
3616.8427419662476,10128,5012,11240,-13,-216,55,9612,-8968,8880,229,603,-40,-14432,4148,3636,-1016,129,-23,-14840,-3208,6016,-575,364,-180,0
3616.8765461444855,10136,5160,10948,-64,-295,79,9528,-8764,8892,229,82,-165,-14472,3988,3864,-927,140,-289,-14820,-3244,5804,-483,362,-166,0
3616.909759044647,9988,5312,10844,-138,-330,74,9748,-8572,8880,19,219,-143,-14524,3968,3680,-934,110,-223,-14720,-3268,5552,-408,330,-157,0
3616.943130970001,10424,5200,10884,-255,-266,4,10028,-8760,8920,-253,233,-272,-14696,3956,3852,-937,66,-234,-14828,-3228,5684,-386,269,-142,0
3616.9768249988556,10344,5176,10772,-272,-180,242,9960,-8880,8916,-96,124,-420,-14596,4092,4016,-971,-1,-158,-15016,-3072,5680,-417,220,-136,0
3617.010139942169,10388,5072,10828,-246,-168,19,10224,-9012,8824,-75,129,-358,-14604,4284,3748,-1004,-10,-96,-14680,-2944,5736,-513,189,-157,0
3617.0437459945683,10352,4948,10988,-185,-110,68,10136,-9080,8820,-9,266,-216,-14692,4324,3712,-1074,62,-59,-14772,-3048,5800,-543,80,-129,0
3617.07733297348,10556,4976,11072,-104,30,148,9880,-8936,8752,-43,11,-64,-14700,4316,3784,-1016,71,68,-14724,-3060,5816,-523,-38,-102,0
3617.110795021057,10212,4976,11156,-84,74,173,9832,-9048,8808,-111,47,-247,-14636,4256,3596,-932,94,44,-14724,-2984,5828,-483,-79,-73,0
3617.143881082535,10396,4992,11256,-183,97,197,9916,-8980,8632,-184,-7,38,-14624,4192,3640,-947,60,138,-14612,-2944,5916,-479,-117,-90,0
3617.1774950027466,10332,5088,10948,-215,103,165,10228,-9112,8872,-224,91,86,-14660,4384,3764,-938,31,175,-14688,-3020,5928,-448,-86,-120,0
3617.2109529972076,10480,4888,11036,-258,71,101,9724,-9116,8844,-210,245,-16,-14600,4384,3948,-941,-20,81,-14424,-3032,5948,-477,-29,-166,0
3617.244563102722,10024,4916,11312,-227,61,34,9776,-9192,8872,-71,179,-79,-14536,4432,3668,-1279,-252,254,-14484,-3016,6044,-462,47,-175,0
3617.2780349254613,10064,4976,11036,-156,-21,24,9736,-9256,8908,-63,153,-201,-14460,4380,3800,-955,53,-117,-14556,-3016,5956,-491,183,-214,0
3617.3116250038147,10004,4996,11096,-134,-59,43,9800,-9236,8572,-20,127,-312,-14424,4384,3584,-972,114,-182,-14496,-2976,5948,-462,271,-163,0
3617.3452360630035,10220,4832,11240,-112,-130,17,9736,-9228,8768,-49,72,-475,-14556,4368,3820,-980,75,-499,-14660,-2888,5920,-495,294,-203,0
3617.3787019252773,10240,4960,11220,-138,-200,27,9836,-9044,8724,-53,38,-441,-14484,4396,3744,-973,120,-498,-14760,-3000,5928,-485,264,-154,0
3617.4121870994563,10352,5024,11164,-192,-200,68,9724,-9068,8472,-55,116,-396,-14504,4596,3824,-972,106,-205,-14704,-3020,5856,-487,222,-119,0
3617.445414066314,10168,5000,11000,-308,-186,102,9836,-9200,8872,-39,124,-259,-14600,4400,3836,-1010,128,-182,-14552,-3056,5964,-495,238,-61,0
3617.4789609909058,10240,4976,11232,-285,-233,172,9852,-9152,8816,30,160,-135,-14572,4380,3824,-1044,181,-152,-14700,-3116,5956,-548,211,-110,0
3617.512594938278,10272,5092,10932,-220,-212,198,9760,-9020,8884,54,221,-95,-14472,4228,3828,-1034,162,-163,-14684,-3244,5728,-531,172,-93,0
3617.5461349487305,10044,5028,10756,-246,-204,209,9968,-9056,8816,33,120,-186,-14540,4084,3840,-1017,182,-188,-14484,-3316,5652,-501,208,-70,0
3617.5798959732056,10112,5064,11032,-224,-305,198,9872,-8904,8900,-34,48,-306,-14536,4100,3772,-963,191,-245,-14572,-3136,5900,-440,326,-59,0
3617.613471031189,10196,5000,11108,-311,-406,216,9900,-8784,8856,-130,3,-468,-14552,4296,3724,-867,248,-185,-14704,-3024,5824,-397,325,17,0
3617.646898984909,10400,5060,10796,-323,-403,200,9764,-8720,8464,-164,48,-414,-14708,4328,3660,-934,216,-209,-14756,-2888,5736,-408,330,-17,0
3617.680465936661,10472,4956,10752,-330,-288,198,9868,-9036,8856,-25,60,-289,-14604,4340,3600,-1020,181,-115,-14812,-2948,5916,-473,203,-13,0
3617.7139589786534,10704,4904,11012,-265,-71,215,9988,-8972,8720,12,10,-146,-14568,4096,3816,-1061,110,-29,-14796,-3032,5860,-505,122,-30,0
3617.7475631237035,10308,4912,11136,-257,-66,190,9820,-9100,8724,-102,27,-225,-14420,4376,3828,-1030,66,-44,-14692,-2968,5840,-510,159,-50,0
3617.7811150550842,10292,4768,10940,-232,-60,203,9864,-9012,8564,-13,46,-242,-14620,4288,3680,-1080,83,-136,-14756,-2868,5864,-554,175,-116,0
3617.8146779537205,10380,4772,11032,-95,-110,178,9760,-9032,8652,-19,49,-214,-14688,4252,3504,-1095,60,-76,-14772,-2952,5840,-590,148,-166,0
3617.84805393219,10564,4824,10748,-76,-46,141,10100,-8996,8656,7,93,-189,-14704,4140,3744,-1062,66,-95,-14772,-3004,5808,-518,83,-186,0
3617.8843331336975,10408,4928,10816,-119,30,83,10044,-8952,8740,-35,184,-129,-14460,4180,3800,-997,39,-22,-14708,-3000,5852,-488,82,-147,0
3617.9197630882263,10472,4968,11116,-161,43,83,9940,-9096,8472,-24,189,-114,-14612,4236,3740,-1002,97,-105,-14380,-2992,6040,-442,162,-128,0
3617.9551000595093,10244,4988,11024,-199,-34,100,9936,-9020,8912,-6,146,-172,-14528,4252,3752,-1006,138,-129,-14356,-3032,5860,-481,223,-71,0
3617.9908149242406,10260,5020,10924,-145,-151,136,9916,-9068,8848,-59,48,-287,-14520,4600,3648,-1077,181,-184,-14684,-3056,5932,-496,252,-92,0
3618.0262191295624,10348,4952,10980,-174,-226,161,9924,-9088,8860,-28,65,-274,-14456,4588,3968,-1042,194,-193,-14720,-2972,6044,-541,262,-89,0
3618.061902999878,10364,4944,11088,-99,-179,156,9744,-8716,8764,-41,11,-278,-14352,4244,3360,-1014,275,-182,-14672,-3004,5936,-544,185,-113,0
3618.097592115402,10380,4996,11076,-55,-155,197,9924,-9044,8744,-54,-52,-273,-14660,4172,3820,-1089,245,-180,-14688,-3000,5852,-569,181,-72,0
3618.1380851268773,10444,4952,11020,-64,-118,197,10220,-8908,8512,-80,-33,-242,-14584,4244,3620,-1066,233,-98,-14748,-3052,5744,-517,140,-92,0
3618.173816919327,10532,4924,10884,-101,-45,201,10092,-8960,8588,-104,-4,-168,-14668,4164,3648,-1040,211,-73,-14740,-2912,5680,-504,102,-49,0
3618.209687948227,10480,4956,10940,-101,-36,185,10072,-9048,8692,-121,-14,-196,-14808,4192,3824,-1278,235,-35,-14748,-2828,5504,-466,163,-37,0
3618.2447509765625,10416,4924,10984,-138,-41,147,9788,-9072,8608,-69,72,-286,-14752,4172,3704,-1031,154,-92,-14644,-3020,5740,-428,142,-83,0
3618.2799320220947,10384,5060,11076,-117,-31,120,10000,-8976,8764,-104,47,-249,-14636,4224,3700,-990,130,-71,-14720,-2992,5932,-469,138,-102,0
3618.3150269985204,10372,4876,11200,-146,-32,95,9784,-9084,8840,-59,112,-212,-14392,4232,3820,-1015,69,-103,-14616,-3088,5844,-477,141,-178,0
3618.3510200977325,10264,4956,11100,-174,-34,67,9788,-9132,8552,-5,203,-148,-14568,4284,3800,-1015,86,-102,-14732,-3096,5804,-498,125,-147,0
3618.3859601020813,10384,4904,10956,-160,-55,54,9996,-9056,8572,-54,210,-174,-14580,4260,3680,-1260,27,-96,-14768,-3036,5892,-476,122,-176,0
3618.4213171005254,10340,4912,10848,-182,-35,28,9780,-8968,8592,-47,175,-237,-14528,4176,3828,-1020,16,-106,-14568,-2980,5692,-489,118,-180,0
3618.4562289714813,10360,4936,11112,-163,-19,57,9928,-8884,8604,-15,138,-162,-14512,4260,3808,-984,61,-95,-14788,-3008,6088,-490,109,-131,0
3618.492419958114,10424,4908,11172,-171,-42,104,10008,-8964,8472,-56,113,-228,-14772,4212,3712,-939,39,-73,-14724,-3088,5672,-452,139,-78,0
3618.5294020175934,10380,4960,10812,-169,-32,142,10032,-9000,8572,-83,141,-172,-14632,4156,3828,-989,79,-115,-14688,-3032,5636,-447,179,-102,0
3618.5629160404205,10424,5096,11184,-156,-70,121,10048,-8920,8776,-21,139,-139,-14604,4156,3480,-962,104,-128,-14760,-3004,5840,-451,232,-107,0
3618.596712112426,10312,4988,10956,-181,-88,133,9976,-9088,8712,-4,145,-159,-14604,4280,3640,-1035,119,-103,-14820,-3060,5784,-484,209,-110,0
3618.6300990581512,10724,4632,11068,-143,-152,150,10232,-9068,8904,-79,107,-205,-14524,4212,3820,-1012,120,-144,-14744,-2836,5856,-495,196,-79,0
3618.6634449958806,10372,5068,11232,-189,-132,137,9968,-9044,8688,-51,82,-196,-14648,4196,3604,-1016,87,-125,-14800,-2928,5792,-498,191,-146,0
3618.6969380378723,10328,5116,10844,-145,-123,130,10228,-9072,8704,-26,129,-191,-14352,4128,3668,-1057,94,-123,-14632,-2992,6084,-560,181,-112,0
3618.730479955673,10484,4932,10756,-97,-53,140,10032,-9100,8520,-37,83,-191,-14676,4196,3480,-1065,93,-102,-14688,-3004,5852,-538,173,-102,0
3618.7639329433446,10432,4988,11008,-119,-65,154,10016,-8996,8708,-29,35,-174,-14612,4244,3648,-1052,124,-58,-14704,-3004,5876,-518,113,-107,0
3618.7974100112915,10740,5052,11012,-47,15,75,10160,-9028,8780,-76,123,-153,-14756,4244,3684,-1011,26,-51,-14816,-2924,5768,-548,46,-228,0
3618.8307480812073,10248,4784,10788,-102,71,32,10204,-8988,8640,77,318,-65,-14636,4204,3624,-1023,-41,-66,-14636,-2896,5792,-522,56,-281,0
3618.8642821311946,10272,5040,10696,-88,78,6,10196,-9068,8764,68,3,-155,-14500,4136,3860,-1061,19,-107,-14648,-3068,5764,-476,158,-217,0
3618.8975400924683,10348,4968,11088,-59,-13,-30,9960,-9044,8928,-247,194,-222,-14544,4148,3660,-1278,10,-82,-14740,-3152,5792,-449,132,-222,0
3618.931016921997,10424,5144,11140,-122,-7,-19,9936,-8948,8736,-36,214,-195,-14688,4192,3820,-972,-27,-109,-14648,-3136,5824,-502,90,-251,0
3618.964677095413,10332,5036,11032,-75,4,-44,9952,-8964,8896,10,304,-150,-14460,4292,3836,-1012,-8,-84,-14640,-3072,5768,-532,51,-499,0
3618.9979150295253,10356,5108,10800,-101,53,28,9980,-9024,8952,-12,221,-131,-14560,4300,3796,-1056,-10,-22,-14832,-3260,5916,-559,66,-223,0
3619.031207084656,10292,5008,11160,-98,39,33,9932,-9028,8744,11,212,-103,-14456,4232,3672,-1044,55,-53,-14716,-3080,5868,-530,58,-204,0
3619.0647280216212,10324,5108,11180,-123,17,63,9816,-9008,8944,22,178,-125,-14504,4180,3832,-1045,103,-57,-14660,-3064,5948,-535,61,-158,0
3619.098398923874,10476,5348,11240,-119,21,112,9944,-9044,8468,-35,154,-135,-14536,4196,3916,-1015,117,-109,-14636,-3020,5732,-547,109,-123,0
3619.1316850185394,10268,5164,11096,-157,-16,119,9896,-8944,8840,-22,123,-140,-14504,4072,3864,-992,188,-65,-14664,-3096,5796,-485,145,-70,0
3619.1650919914246,10336,5360,10948,-185,-48,124,10028,-9048,8676,-56,123,-155,-14532,4228,3888,-1032,143,-54,-14612,-3088,6040,-499,145,-107,0
3619.1987140178685,10288,5360,10792,-197,-66,114,9976,-9000,8680,-42,101,-179,-14484,4220,3880,-1039,112,-107,-14592,-3064,5816,-499,169,-85,0
3619.2318871021275,10332,5040,11040,-236,-76,129,9872,-8944,8832,-77,183,-186,-14532,4204,3656,-1020,94,-121,-14688,-3068,5940,-446,148,-80,0
3619.2654299736023,10304,5072,11164,-282,-128,98,9816,-9084,8764,-42,175,-194,-14524,4308,3908,-920,119,-72,-14612,-3128,5968,-430,198,-33,0
3619.2986290454865,10284,5036,11088,-288,-170,107,9800,-9148,8820,-72,145,-206,-14380,4312,3740,-954,140,-148,-14672,-2988,5956,-410,187,-59,0
3619.331975936889,10284,4944,11108,-256,-190,143,9876,-9148,8636,-85,147,-212,-14512,4232,3836,-927,102,-160,-14684,-3096,5856,-468,210,-86,0
3619.3655080795284,10472,4956,10980,-265,-204,171,9848,-8992,8684,-76,38,-272,-14432,4204,3752,-975,135,-144,-14600,-3008,5680,-427,200,-20,0
3619.398893117904,10384,5016,11072,-290,-203,192,9932,-9024,8736,-66,248,-247,-14488,4160,3888,-1034,171,-105,-14720,-3076,5880,-425,248,24,0
3619.432228088379,10452,5296,10964,-315,-188,203,9976,-9020,8704,-52,37,-500,-14380,4248,3728,-1000,203,-169,-14776,-2952,5796,-429,259,20,0
3619.4657299518585,10488,5124,10896,-300,-190,209,10032,-9016,8832,-35,44,-246,-14616,4236,3808,-1009,199,-173,-14916,-3004,5676,-455,244,-253,0
3619.499277114868,10336,5052,11132,-286,-203,203,10036,-9064,8828,0,58,-253,-14692,4344,3784,-1029,164,-172,-14668,-3092,5804,-475,286,-16,0
3619.532819032669,10420,5104,11008,-299,-267,210,10056,-9056,8684,-15,31,-239,-14564,4168,3704,-1008,169,-118,-14784,-3032,5812,-487,206,-32,0
3619.5692009925842,10324,5028,11032,-303,-229,191,10008,-8948,8860,-35,65,-222,-14692,4120,3996,-1018,164,-132,-14724,-2852,5820,-459,155,-50,0
3619.6049969196324,10440,4920,10948,-286,-215,164,10036,-8972,8940,-30,165,-209,-14620,4152,3952,-957,72,-110,-14648,-3008,5732,-461,198,-115,0
3619.6402339935303,10376,4944,11188,-282,-255,108,10232,-9032,8528,-19,136,-218,-14544,4176,3752,-1003,116,-167,-14724,-2952,5816,-465,213,-87,0
3619.675702095032,10396,4928,10936,-242,-166,146,10120,-8980,8648,-33,83,-209,-14560,4232,3732,-953,129,-117,-14716,-2920,5828,-456,128,-85,0
3619.7112669944763,10556,4616,11256,-209,-92,114,10060,-9092,8464,-23,110,-203,-14648,4288,3552,-999,78,-103,-14636,-2968,5684,-479,146,-108,0
3619.746153116226,10304,5080,10772,-203,-158,119,9920,-9008,8668,38,91,-197,-14344,4232,3676,-1042,137,-88,-14680,-3004,5936,-479,158,-90,0
3619.7817070484166,10412,5000,10880,-137,-33,110,10064,-8968,8640,-93,110,-170,-14680,4072,3720,-989,109,-73,-14664,-2972,5776,-471,139,-129,0
3619.8176701068883,10508,4928,10952,-170,-69,100,10060,-8940,8672,-39,98,-171,-14544,4164,3736,-1036,85,-55,-14716,-2908,5808,-458,192,-114,0
3619.852651119232,10436,4948,11036,-155,249,87,10060,-8952,8728,-43,126,-160,-14608,4132,3720,-1025,77,-68,-14796,-3008,5752,-490,103,-143,0
3619.8881230354314,10384,4944,10996,-136,31,88,9812,-9016,8816,-21,125,-129,-14352,4176,3756,-1001,82,-72,-14636,-3300,5944,-458,79,-152,0
3619.923807144165,10376,5004,10976,-177,40,47,10072,-9044,8744,-39,162,-150,-14572,4188,3772,-990,79,-46,-14584,-3048,5832,-463,103,-130,0
3619.959372043609,10408,4928,10904,-146,-25,63,9956,-9176,8764,-15,175,-163,-14584,4236,3712,-989,49,-118,-14652,-2952,5776,-474,129,-146,0
3619.9949929714203,10396,5012,10756,-118,-31,83,10072,-9016,8704,-31,139,-177,-14536,4192,3532,-1036,101,-85,-14672,-2936,5804,-472,149,-125,0
3620.0304620265965,10360,5024,10888,-149,-46,91,9996,-9012,8524,-50,130,-178,-14364,4144,3424,-1005,114,-62,-14700,-2972,5800,-465,97,-137,0
3620.0658330917363,10408,4984,10908,-121,26,84,9824,-9108,8776,-31,151,-162,-14620,4276,3764,-1280,95,-36,-14648,-2936,5880,-482,125,-161,0
3620.1017661094666,10332,4960,11004,-105,57,77,9964,-9072,8792,-20,151,-156,-14644,4156,3956,-1048,63,-27,-14620,-3044,5988,-514,112,-144,0
3620.1361351013184,10376,4916,11040,-85,37,72,10024,-9032,8628,-34,115,-149,-14604,4204,3700,-1027,53,-63,-14660,-2844,5684,-488,113,-130,0
3620.1725001335144,10356,4984,11080,-86,16,67,10028,-9060,8704,-38,139,-177,-14508,4260,3808,-995,92,-87,-14732,-2956,5876,-482,121,-130,0
3620.209531068802,10472,5040,10752,-93,-17,86,9776,-9188,8748,-28,129,-147,-14536,4124,3860,-985,42,-47,-14740,-3004,5792,-509,115,-147,0
3620.2429749965668,10400,4972,10844,-109,252,90,9972,-9060,8644,-40,163,-145,-14556,4180,3772,-1023,77,-15,-14684,-3040,5756,-263,107,-156,0
3620.2767441272736,10364,4992,11168,-113,253,69,10064,-8984,8696,-19,132,-156,-14348,4132,3800,-1019,51,-72,-14740,-3100,5792,-495,153,-139,0
3620.310029029846,10408,5072,10868,-137,-40,85,9984,-8948,8680,-20,100,-172,-14548,4140,3688,-1073,78,-98,-14684,-3116,5752,-454,115,-147,0
3620.3434729576106,10384,5044,11024,-104,-56,96,9740,-9180,8564,-57,118,-201,-14840,4180,3912,-1012,119,-42,-14680,-3076,5660,-482,128,-128,0
3620.376955032348,10424,5032,10992,-105,-47,85,10060,-9088,8656,-50,111,-147,-14820,4292,3680,-1049,78,-14,-14688,-3004,5848,-545,70,-165,0
3620.4101650714874,10432,5000,10812,-117,6,74,9948,-8976,8532,-256,133,-106,-14472,4196,3596,-1068,139,-47,-14800,-3096,5816,-521,78,-119,0
3620.4437539577484,10572,5072,11260,-92,39,108,9808,-8992,8680,-33,102,-129,-14636,4188,3768,-1023,49,-97,-14784,-3288,5728,-532,51,-169,0
3620.477376937866,10436,5032,11040,-150,-16,74,10040,-8980,8540,-35,190,-141,-14580,4192,3720,-1014,34,231,-14632,-2924,5716,-517,125,-193,0
3620.51087808609,10276,5040,11028,-137,-27,73,9896,-9096,8664,-53,139,-166,-14564,4144,3584,-1047,75,-48,-14700,-2944,5800,-494,109,-126,0
3620.54432106018,10412,5052,11004,-130,0,125,9996,-8968,8700,-33,115,-137,-14516,4296,3668,-1008,94,-41,-14692,-3312,5808,-505,130,-120,0
3620.5777339935303,10312,5052,10904,-129,1,98,9740,-9024,8772,-50,156,-152,-14728,4300,3764,-998,70,-60,-14652,-3036,5768,-484,98,-158,0
3620.6112999916077,10308,5040,11040,-157,18,85,9968,-9096,8768,-34,172,-133,-14516,4256,3896,-990,80,-84,-14732,-2944,5848,-510,140,-109,0
3620.644716978073,10260,5028,10860,-145,-251,101,10068,-8944,8752,-32,128,-180,-14784,4180,3728,-1011,97,-86,-14596,-3052,5920,-488,161,-86,0
3620.6782460212708,10320,5024,10864,-169,-13,88,9960,-9040,8616,-23,136,-164,-14576,4240,3636,-1036,106,-97,-14640,-3068,5868,-472,163,-120,0
3620.711858034134,10364,5124,11132,-208,-72,107,10012,-9080,8720,-53,154,-184,-14636,4320,3872,-770,105,-98,-14672,-2992,6080,-501,156,-78,0
3620.745353937149,10248,5000,11032,-220,-43,114,9732,-9056,8676,-8,132,-174,-14624,4160,3768,-1000,141,-130,-14708,-3028,5740,-481,149,-94,0
3620.778898000717,10304,5140,11244,-243,-112,131,9752,-9076,8788,-38,145,-183,-14604,4264,3848,-776,164,-96,-14724,-3084,5864,-484,202,-82,0
3620.8125159740453,10340,4872,10756,-255,-148,138,9924,-9040,8776,-71,157,-209,-14532,4280,3772,-981,150,-115,-14752,-2864,5968,-464,189,-82,0
3620.8458280563354,10260,4932,10812,-224,-134,138,9928,-8996,8660,-74,141,-221,-14792,4248,3672,-961,117,-123,-14656,-3088,5644,-490,195,-75,0
3620.8794260025024,10364,4888,11200,-245,-123,134,9868,-8976,8740,-92,124,-213,-14432,4192,3788,-972,103,-177,-14688,-2996,5812,-485,190,-66,0
3620.9129369258885,10344,5024,10960,-250,-139,137,9800,-9108,8656,-27,134,-206,-14632,4136,3748,-975,139,-139,-14740,-2976,5688,-478,232,-66,0
3620.94647192955,10468,4992,11132,-269,-137,135,9940,-9072,8776,-31,144,-221,-14580,4180,3876,-1015,101,-106,-14600,-3032,5792,-470,236,-65,0
3620.9800779819493,10272,5084,10932,-285,-150,137,9944,-8924,8512,-22,156,-218,-14500,4148,3880,-1005,97,-153,-14796,-2988,5684,-436,263,-26,0
3621.0136971473694,10400,5060,11052,-252,-158,143,10048,-9092,8736,-41,165,-216,-14388,4152,3684,-971,120,-129,-14724,-2820,5724,-458,217,-23,0
3621.047127008438,10368,5076,11048,-272,-197,158,10232,-9008,8696,-45,145,-210,-14568,4164,3800,-976,146,-114,-14692,-2864,5652,-471,206,-60,0
3621.0805211067204,10340,5016,11104,-331,-184,168,9752,-9036,8808,14,142,-193,-14516,4160,3752,-1000,138,-139,-14692,-2876,5652,-457,190,-90,0
3621.1141209602356,10400,5064,11016,-1,-153,135,10228,-8996,8800,-68,140,-195,-14500,4188,3664,-985,112,-83,-14664,-2852,5816,-444,156,-71,0
3621.147463083267,10376,4964,10800,-309,-164,115,9928,-9100,8764,-16,126,-216,-14580,4228,3680,-973,116,-142,-14756,-2936,5828,-474,198,-76,0
3621.1810889244084,10344,5040,10900,-293,-142,166,10028,-8996,8644,-4,135,-189,-14796,4212,3704,-1024,137,-127,-14752,-2820,5688,-462,186,-73,0
3621.214376926422,10280,4972,11136,-240,-146,149,10052,-9004,8584,-13,132,-192,-14420,4236,3684,-1013,114,-115,-14692,-3016,5796,-475,178,-88,0
3621.251457929611,10400,5016,11168,-243,-121,143,10172,-9048,8668,253,111,-189,-14520,4228,3644,-1006,122,-70,-14808,-3012,5876,-483,124,-87,0
3621.2862141132355,10376,4968,11104,-205,-131,131,9772,-9028,8748,-61,104,-212,-14400,4176,3704,-1013,109,-145,-14716,-2960,5768,-497,182,-123,0
3621.3223259449005,10464,4928,10956,-213,-140,149,10216,-9044,8528,-18,125,-196,-14572,4196,3704,-1034,131,-138,-14828,-3024,5900,-494,155,-93,0
3621.3574550151825,10312,4924,10920,-114,-100,93,10024,-8952,8680,-59,89,-213,-14648,4104,3764,-1035,129,-90,-14732,-3292,5452,-259,158,-118,0
3621.3928821086884,10492,4900,10796,-156,-57,95,9916,-8708,8860,-33,100,-165,-14816,4252,3748,-1000,106,-73,-14708,-2992,5616,-450,138,-138,0
3621.4283080101013,10504,5008,10844,-131,-2,61,9820,-8716,8712,-20,136,-187,-14708,4188,3812,-1023,101,-67,-14768,-3068,5412,-475,150,-150,0
3621.4633560180664,10420,5028,10852,-149,-32,96,10024,-9064,8620,-15,137,-189,-14840,4160,3968,-1032,110,-78,-14736,-3288,5740,-495,156,-119,0
3621.4986460208893,10400,4976,10844,-127,-39,109,10016,-9140,8616,-37,106,-215,-14496,4140,3608,-1046,116,-78,-14780,-2836,5828,-472,148,-169,0
3621.5343871116643,10292,4988,10952,-149,-44,98,10200,-8964,8764,-54,115,-174,-14584,4240,3668,-982,109,-65,-14872,-3016,5768,-482,91,-149,0
3621.5697090625763,10392,4988,10984,-134,-23,82,9800,-9080,8652,-63,121,-168,-14656,4208,3800,-995,95,-57,-14724,-2904,5640,-509,95,-133,0
3621.6051371097565,10400,5040,10896,-79,2,89,9984,-9092,8752,-45,114,-145,-14364,4232,3652,-1001,101,-22,-14756,-3048,5696,-491,82,-165,0
3621.6402361392975,10368,4944,11248,-120,-12,60,10212,-9140,8480,-21,127,-174,-14496,4168,3384,-773,128,-47,-14636,-2996,5808,-484,99,-137,0
3621.67567205429,10248,5008,10888,-122,-26,73,10020,-8988,8664,-86,69,-206,-14620,4160,3688,-1023,136,-89,-14696,-3004,6116,-494,122,-126,0
3621.711241006851,10428,4960,10840,-115,-16,76,9840,-9028,8776,-31,100,-165,-14608,4192,3540,-1040,99,-65,-14784,-2980,5824,-520,133,-145,0
3621.7470989227295,10332,4944,10824,-121,-27,80,10100,-8996,8652,-255,124,-155,-14520,4148,3832,-1014,91,-40,-14728,-3080,5780,-760,112,-139,0
3621.7822620868683,10420,5072,11144,-73,-13,74,10120,-8948,8728,-75,185,-152,-14704,4100,3724,-1006,51,-77,-14716,-2844,5800,-522,77,-208,0
3621.8181121349335,10456,4976,11052,-120,15,34,9956,-9052,8940,-55,151,-171,-14580,4228,3748,-1028,30,-19,-14644,-3016,5728,-263,92,-177,0
3621.8530960083012,10448,4884,10904,-89,39,72,10228,-9216,8660,-35,259,-113,-14568,4104,3888,-1003,49,-3,-14656,-3036,5824,-513,95,-194,0
3621.8897490501404,10312,5080,11100,-89,23,87,9996,-9000,8712,-60,148,-119,-14668,4204,3752,-1073,96,-10,-14740,-3092,5912,-467,91,-161,0
3621.9233369827275,10332,5004,10904,-128,26,78,9996,-9080,8892,-52,151,-114,-14600,4268,3776,-1043,49,-71,-14760,-3164,5860,-491,82,-157,0
3621.956939935684,10304,5140,10924,-116,-9,71,10096,-9056,8548,-70,291,-94,-14564,4276,3704,-973,106,-111,-14712,-3076,5872,-487,116,-163,0
3621.9905209541325,10360,5072,10984,-145,-31,87,9984,-9084,8764,-16,151,-174,-14520,4268,4076,-1046,89,-78,-14808,-3052,5680,-509,156,-149,0
3622.023936986923,10268,4992,10844,-86,-58,100,9748,-9192,8916,-42,139,-165,-14640,4208,3972,-993,85,-46,-14848,-3116,5724,-495,188,-125,0
3622.0573580265045,10332,5012,11196,-136,-52,109,9996,-9060,8548,-16,182,-144,-14616,4252,3772,-1270,68,-88,-14832,-3100,5752,-479,173,-116,0
3622.0908420085907,10332,5100,11040,-151,-33,94,10040,-8996,8508,-39,152,-158,-14592,4180,3708,-1026,48,-119,-14704,-2964,5776,-445,176,-93,0
3622.124810934066,10272,5108,11088,-147,-71,113,9864,-8996,8748,-43,145,-178,-14596,4268,3740,-1006,62,-94,-14616,-3028,5872,-442,206,-93,0
3622.1579251289363,10336,5036,10876,-175,-88,130,10208,-9020,8728,-43,134,-195,-14532,4172,3628,-1003,96,-100,-14688,-3144,5832,-446,189,-134,0
3622.1914639472966,10444,5336,10972,-191,-62,89,10120,-9204,8540,-77,146,-169,-14644,4236,3628,-968,52,-69,-14664,-3056,5880,-462,149,-89,0
3622.2249341011043,10404,5004,11064,-198,-61,99,9964,-9144,8680,-41,142,-159,-14592,4328,3608,-1002,47,-111,-14652,-2944,5972,-493,148,-103,0
3622.2582359313965,10304,5052,10800,-249,-55,106,9928,-9108,8796,-5,159,-171,-14600,4180,3720,-1009,126,-121,-14604,-3120,5872,-457,163,-64,0
3622.2920551300053,10328,5024,10944,-231,-92,106,10028,-9100,8732,-69,151,-214,-14572,4156,3860,-1001,119,-122,-14748,-2840,5696,-473,193,-93,0
3622.3254809379573,10368,5048,11264,-224,-161,107,10032,-9164,8752,-42,144,-205,-14828,4224,4084,-993,113,-115,-14804,-3016,6116,-766,180,-107,0
3622.3589539527893,10484,4972,11080,-510,-145,137,9932,-9044,8940,-59,137,-166,-14568,4212,3724,-972,101,-136,-14740,-3044,5664,-489,140,-118,0
3622.392270088196,10372,5048,10784,-231,-135,143,10068,-9008,8688,-29,158,-182,-14600,4060,3796,-985,111,-91,-14656,-2928,5708,-484,136,-82,0
3622.425719976425,10368,5032,11000,-265,-118,148,10072,-8732,8524,-40,110,-162,-14580,4212,3820,-996,127,-66,-14736,-3104,5848,-459,129,-83,0
3622.4592349529266,10340,5340,10992,-315,-142,124,9848,-9116,8644,-65,155,-199,-14560,4208,3692,-994,148,-74,-14840,-2992,5736,-456,192,-65,0
3622.4927930831914,10356,5084,11036,-262,-155,104,9980,-9092,8724,-54,157,-234,-14632,4096,3884,-1008,151,-147,-14752,-3012,5768,-469,217,-63,0
3622.5262129306793,10336,4984,10948,-11,-201,118,10024,-9068,8752,-47,124,-242,-14820,4232,3636,-986,237,-196,-14680,-2892,5768,-508,231,-68,0
3622.559989929199,10388,5040,11100,-239,-164,157,9936,-9012,8716,-25,97,-272,-14780,4124,3672,-1014,209,-193,-14688,-3072,5804,-470,241,-79,0
3622.5935189723973,10324,5028,10964,-244,-231,161,9992,-9056,8756,-8,116,-268,-14620,4184,3632,-1012,163,-136,-14668,-3040,5792,-500,192,-79,0
3622.6271300315852,10408,5008,11068,-249,-190,143,9932,-8984,8604,-16,93,-256,-14508,4152,3780,-989,200,-135,-14680,-3308,5860,-487,210,-73,0
3622.6606719493866,10296,5060,11032,-221,-183,159,10028,-8784,8768,-29,108,-219,-14572,3848,3840,-1013,154,-165,-14708,-3072,5844,-487,191,-77,0
3622.6938800811763,10396,5064,10944,-221,-192,143,9912,-8956,8700,-37,108,-217,-14540,4336,3808,-1034,153,-150,-14768,-3020,5796,-476,161,-78,0
3622.727447986602,10352,4996,11216,-239,-193,140,10032,-9024,8612,-45,101,-221,-14628,4148,3696,-997,168,-114,-14736,-2976,5856,-467,169,-80,0
3622.7610521316533,10464,4920,11100,-201,-159,155,10020,-8736,8624,-62,91,-204,-14596,4136,3676,-1008,168,-83,-14684,-3012,5864,-485,169,-96,0
3622.7947299480434,10324,4956,10816,-167,-178,124,9956,-9196,8692,-1,80,-213,-14480,4188,3584,-1022,156,-123,-14736,-3000,5816,-765,196,-124,0
3622.82844209671,10356,5012,10960,-152,-115,106,10024,-8984,8536,-36,81,-213,-14672,4188,3652,-1056,147,-108,-14760,-3012,5632,-517,140,-144,0
3622.8618590831757,10484,5004,10984,-102,-64,81,10028,-8972,8712,-38,131,-164,-14636,4212,3656,-1050,109,-56,-14728,-2904,5756,-503,121,-107,0
3622.895571947098,10544,4960,10968,-131,249,89,9992,-8988,8628,-21,120,-154,-14672,4144,3684,-1278,90,-95,-14732,-3016,5704,-501,121,-121,0
3622.9328811168666,10452,5032,10960,-124,-10,77,9980,-9132,8832,-36,128,-136,-14596,4140,3680,-1008,51,-23,-14736,-2972,5744,-479,130,-129,0
3622.9676871299744,10384,5044,10980,-122,-13,109,9888,-9108,8688,-22,150,-149,-14568,4200,3652,-1015,38,-61,-14572,-3044,5772,-467,152,-136,0
3623.0036089420323,10300,5048,11056,-143,-29,77,9992,-9040,8712,-41,148,-142,-14548,4196,3736,-1001,24,-46,-14696,-2964,5724,-466,184,-128,0
3623.0391340255733,10352,5008,11020,-136,-68,60,9732,-9044,8604,-35,182,-191,-14436,4100,3696,-984,34,-103,-14828,-3036,5760,-460,186,-158,0
3623.074383020401,10368,5228,10980,-141,-74,47,10080,-9140,8660,-33,164,-173,-14568,4140,3676,-980,58,-40,-14764,-3128,5760,-455,153,-154,0
3623.1095709800725,10372,5024,10904,-138,-28,34,10104,-9032,8664,-75,193,-155,-14580,4252,3816,-973,42,-34,-15068,-3276,5812,-447,51,-145,0
3623.148190975189,10484,4972,10892,-136,37,52,10116,-9168,8632,-24,149,-116,-14416,4244,3672,-998,26,-26,-14820,-3008,5832,-505,76,-191,0
3623.183778047561,10356,5000,10816,-120,39,67,10204,-9096,8888,-2,161,-124,-14672,4132,3620,-1047,40,-39,-14636,-3084,5704,-488,80,-148,0
3623.2197799682613,10508,5052,11152,-32,10,55,10016,-9192,8600,-70,160,-141,-14696,4212,3732,-1006,59,-65,-14732,-2992,5652,-258,116,-197,0
3623.2550709247594,10360,5072,11072,-104,11,63,10076,-9076,8672,-37,169,-154,-14588,4240,3752,-1060,49,-10,-14820,-2960,5804,-478,119,-171,0
3623.2907350063324,10348,5112,10764,-57,49,62,9908,-9064,8600,-20,186,-93,-14624,4244,3856,-1048,9,-73,-14816,-3116,5736,-259,57,-181,0
3623.3261730670934,10484,5204,10760,-97,81,45,9980,-9048,8940,-42,165,-80,-14692,4212,3632,-1042,10,24,-14672,-3052,5840,-450,43,-187,0
3623.3618619441986,10272,5148,11024,-124,58,25,9940,-9112,8680,-73,174,-151,-14504,4192,3876,-972,78,-9,-14676,-2852,5868,-467,61,-189,0
3623.3980560302734,10300,5136,11232,-101,38,46,9852,-9108,8944,-69,155,-148,-14564,4344,3752,-1012,84,-67,-14452,-3012,5700,-502,134,-165,0
3623.4333829879765,10272,5340,11020,-71,-20,84,9912,-9140,8640,-36,96,-176,-14540,4312,3928,-1019,154,-88,-14644,-3000,5864,-489,136,-107,0
3623.469334125519,10280,5052,10936,-136,-77,90,9924,-9060,8508,-78,131,-206,-14536,4344,3912,-1020,121,-87,-14580,-3076,5836,-487,184,-138,0
3623.5049901008606,10368,5128,11012,-161,-41,109,9876,-9144,8768,-38,134,-163,-14780,4240,3752,-1034,109,-121,-14700,-3100,5872,-496,141,-111,0
3623.5409350395203,10292,5344,10944,-174,-31,86,9756,-9080,8448,-16,106,-168,-14588,4316,3788,-1058,128,-129,-14696,-3292,5916,-487,139,-71,0
3623.5773010253906,10316,5344,11132,-212,-63,122,9968,-9048,8812,-65,148,-167,-14496,4164,3856,-1013,121,-111,-14736,-3088,5740,-477,163,-87,0
3623.610780954361,10368,5200,11136,-249,-123,114,10020,-9064,8788,-78,134,-213,-14576,4276,3824,-971,100,-77,-14824,-2836,5884,-486,182,-94,0
3623.6441171169286,10356,5320,11056,-238,-189,117,10028,-9168,8580,-97,112,-213,-14524,4184,3768,-953,98,-137,-14700,-3124,5876,-485,164,-100,0
3623.6775820255284,10360,5036,10968,-219,-137,117,9972,-9072,8684,-85,131,-222,-14836,4164,3656,-982,124,-143,-14656,-2956,5828,-475,181,-77,0
3623.7111771106725,10356,5052,10896,-237,-120,114,10024,-9160,8688,-19,161,-213,-14524,4176,4000,-1009,105,-125,-14608,-3028,5824,-482,206,-109,0
3623.7444779872894,10344,5344,10972,-250,-131,122,9968,-9160,8728,0,125,-228,-14428,4180,3904,-985,137,-133,-14720,-2964,5736,-499,225,-99,0
3623.7780561447144,10288,5348,10984,-247,-117,129,10048,-9116,8676,-11,114,-246,-14500,4308,3708,-990,156,-151,-14724,-3044,5672,-463,233,-53,0
3623.8117060661316,10340,5068,10936,-222,-113,140,9984,-9020,8916,-62,105,-218,-14596,4124,3576,-965,144,-143,-14816,-3320,5776,-477,208,-35,0
3623.845397949218,10472,5060,10968,-274,-145,167,10048,-9132,8776,-66,106,-205,-14840,4292,3732,-983,132,-124,-14736,-2976,6064,-504,218,-73,0
3623.878732919693,10336,5000,10824,-307,-198,179,10072,-8996,8548,-14,119,-202,-14620,4084,3904,-996,128,-41,-14752,-3192,5740,-430,180,-41,0
3623.9119679927826,10252,5128,11036,-264,-162,137,9736,-9048,8728,-73,145,-208,-14588,4140,3788,-946,67,-110,-14744,-3144,5644,-455,225,-100,0
3623.9455139636993,10440,5028,11132,-287,-205,127,9980,-9096,8932,-41,173,-211,-14568,4180,3696,-987,80,-133,-14700,-2836,5732,-453,240,-60,0
3623.979152917862,10424,5088,11016,-303,-149,163,9992,-9088,8932,-21,144,-172,-14684,4256,3600,-990,113,-147,-14908,-2984,5676,-465,177,-68,0
3624.0128610134125,10440,4972,10784,-268,-139,158,10000,-9032,8720,-17,145,-180,-14348,4160,4000,-1020,47,-118,-14828,-3076,5748,-462,152,-141,0
3624.0464489459996,10356,5272,10960,-218,-154,103,9736,-9108,8692,-14,141,-158,-14580,4164,3828,-1001,84,-71,-14680,-2900,5816,-507,139,-101,0
3624.0799920558934,10348,5064,11044,-159,-133,138,9980,-9068,8724,-59,102,-193,-14540,4176,3776,-998,113,-61,-14708,-2896,5872,-523,148,-108,0
3624.1136491298676,10400,5028,10992,-140,-114,147,9916,-9044,8500,-40,134,-202,-14844,4228,3708,-1047,97,-126,-14780,-2876,5808,-511,173,-109,0
3624.1471381187444,10328,4844,10844,-90,-57,106,9940,-9068,8576,-42,130,-171,-14608,4180,3632,-1069,103,-99,-14764,-2976,5760,-471,162,-124,0
3624.1807310581203,10460,5136,11040,-118,-10,95,10116,-9116,8916,-19,144,-160,-14664,4168,3776,-1011,59,-81,-14688,-2868,5640,-480,134,-158,0
3624.2142419815063,10540,4968,11116,-116,-7,63,10232,-9060,8620,-255,155,-154,-14604,4100,3808,-1082,75,-40,-14692,-3004,5768,-472,121,-160,0
3624.2477591037755,10296,5156,10936,-115,252,72,9816,-9076,8728,-24,155,-166,-14532,4216,3736,-773,92,-48,-14768,-2996,5800,-516,134,-144,0
3624.281322956085,10404,5020,10896,-88,-61,93,9992,-9072,8744,-48,133,-158,-14840,4108,3772,-781,58,-62,-14780,-3064,5740,-492,112,-139,0
3624.3148851394653,10396,5072,11012,-123,-30,84,10004,-9020,8616,-77,153,-158,-14796,4144,3584,-982,64,-100,-14680,-3068,5736,-496,100,-165,0
3624.3486521244054,10312,5104,10944,-101,-32,67,10020,-9100,8764,-58,157,-169,-14824,3948,3880,-987,68,-45,-14852,-3076,5788,-492,80,-160,0
3624.3816709518433,10472,5128,11060,-128,27,57,9956,-9032,8704,-39,164,-142,-14744,4136,3692,-1030,75,-18,-14812,-2944,5604,-518,78,-152,0
3624.4149680137634,10464,5036,10940,-82,54,61,10044,-9012,8624,-53,113,-124,-14720,4164,3616,-1014,63,-54,-14688,-3060,5824,-259,106,-155,0
3624.4485609531403,10268,5076,11132,-98,7,74,9920,-9108,8616,-38,115,-152,-14572,4120,3624,-1279,86,-84,-14776,-3056,5724,-490,152,-154,0
3624.4820849895477,10284,5120,10804,-92,-40,85,9752,-9112,8932,-56,137,-181,-14344,4216,3612,-770,119,-90,-14724,-3056,5744,-504,138,-137,0
3624.515737056732,10360,4972,11000,-123,-63,110,10060,-9148,8848,-63,101,-161,-14656,4136,4056,-1004,83,-50,-14740,-3080,5976,-526,121,-115,0
3624.5492680072784,10480,4900,11052,-125,-62,114,9768,-9188,8640,-24,180,-189,-14628,4148,3804,-1040,78,-70,-14712,-2824,5856,-258,109,-133,0
3624.582517147064,10400,5216,10968,-137,-8,66,10008,-9024,8808,-54,143,-141,-14656,4328,3936,-1084,42,-32,-14788,-3116,5744,-506,58,-166,0
3624.6202640533443,10312,5168,11008,-184,-34,47,10060,-9168,8708,-67,195,-139,-14528,3916,3724,-962,9,-34,-14688,-3012,5720,-498,88,-191,0
3624.6550760269165,10428,5120,10936,-207,-12,52,10236,-8972,8776,-34,197,-134,-14568,4272,3768,-1064,59,-88,-14628,-2944,5816,-483,109,-130,0
3624.6907410621643,10312,5124,11028,-180,-22,93,9864,-9064,8900,-24,151,-146,-14476,4228,3808,-975,66,-86,-14740,-2980,5736,-461,131,-139,0
3624.7261719703674,10420,5072,10864,-168,-36,72,9952,-9108,8668,-56,163,-193,-14496,4188,3776,-993,62,-80,-14768,-3032,5884,-482,121,-184,0
3624.761793136596,10432,5020,10936,-191,-60,45,9928,-9052,8628,-33,171,-181,-14572,4196,3864,-1004,34,-105,-14664,-2968,5780,-531,165,-151,0
3624.7977960109706,10388,5208,11120,-164,-69,103,9880,-9024,8616,-22,130,-184,-14476,4228,3724,-992,85,-83,-14652,-3048,5692,-465,227,-69,0
3624.8328311443333,10344,5076,11144,-188,-75,156,9888,-9052,8852,-88,139,-197,-14484,4016,3836,-994,156,-111,-14724,-3164,5816,-446,249,-68,0
3624.86772608757,10284,4880,10844,-161,-121,143,9948,-9088,8748,-87,154,-186,-14536,4116,3972,-1049,139,-63,-14808,-3024,5760,-491,199,-76,0
3624.9033501148224,10324,5216,11068,-138,-64,159,9940,-8972,8776,-34,114,-165,-14468,4248,3792,-1004,133,-66,-14724,-3224,5704,-497,166,-74,0
3624.93873500824,10380,5128,10848,-172,-73,133,10064,-9096,8540,-38,162,-167,-14732,4220,3892,-1002,63,-56,-14628,-3088,5884,-486,141,-153,0
3624.9739120006566,10348,5148,10888,-152,-35,61,10120,-9144,8856,-72,170,-177,-14692,4124,3708,-1019,48,-38,-14768,-2936,5888,-257,141,-172,0
3625.0092339515686,10324,4880,11076,-154,-11,70,10216,-9096,8716,-61,155,-162,-14592,4308,3644,-964,22,-69,-14848,-2972,5696,-495,107,-145,0
3625.044012069702,10448,5100,10964,-158,-3,75,9916,-9204,8628,-12,157,-141,-14836,4164,3620,-981,68,-50,-14740,-2968,5828,-466,111,-142,0
3625.0798490047455,10332,5096,11152,-212,-7,71,10144,-9184,8544,-24,183,-168,-14584,4212,3664,-1006,68,-87,-14728,-2956,6104,-468,119,-121,0
3625.115051031112,10444,5112,11100,-241,-53,104,9820,-9152,8680,-1,161,-186,-14464,4272,3656,-968,86,-97,-14720,-3088,6008,-460,160,-94,0
3625.1504690647125,10344,5080,11292,-215,-141,119,9904,-9156,8932,-22,114,-203,-14572,4308,4044,-987,110,-180,-14756,-3112,5756,-490,189,-106,0
3625.185544013977,10056,5336,11256,-237,-162,104,9896,-9128,8580,-55,100,-229,-14580,4144,4048,-957,98,-153,-14652,-3008,5768,-518,167,-107,0
3625.2210681438446,10264,5184,10912,-193,-144,125,9868,-9096,8652,-82,188,-216,-14480,4276,3876,-918,100,-107,-14696,-3064,5724,-512,145,-89,0
3625.2575380802155,10452,5092,11076,-288,-183,147,9924,-9124,8564,-41,158,-227,-14452,4060,3924,-1000,145,-117,-14832,-3044,5688,-475,209,-89,0
3625.2910740375523,10308,5208,10884,-310,-174,158,9884,-8932,8660,-46,107,-238,-14552,4100,3776,-1028,194,-168,-14620,-3112,5672,-438,199,-71,0
3625.3247389793396,10420,5304,11108,-272,-162,118,10020,-9020,8632,-71,171,-251,-14832,4108,3584,-1000,156,-198,-14736,-3004,5744,-456,243,-82,0
3625.358190059662,10444,5364,10928,-320,-193,148,10076,-9128,8460,251,152,-247,-14692,4248,3740,-1009,197,-142,-14668,-2928,5632,-473,252,-48,0
3625.3915400505066,10480,4948,10904,-276,-152,163,10056,-9020,8616,25,149,-226,-14608,4180,3844,-1038,168,-115,-14664,-3076,5652,-474,188,-97,0
3625.424890995025,10388,5056,11040,-242,-149,126,10024,-9060,8696,-33,165,-190,-14644,4348,4044,-769,111,-124,-14796,-3000,5740,-452,138,-115,0
3625.4581091403966,10456,5036,11072,-265,-124,142,9916,-9084,8884,-31,130,-197,-14408,4140,3596,-975,108,-101,-14716,-3004,5828,-500,93,-112,0
3625.4918069839478,10436,5048,10928,-220,-104,158,9900,-9184,8956,-32,125,-156,-14520,4244,3628,-976,126,-71,-14688,-3288,5688,-473,138,-44,0
3625.525509119034,10356,4936,11000,-214,-86,138,9936,-9076,8688,-48,194,-182,-14424,4220,4020,-1009,146,-73,-14628,-3060,5808,-445,199,-67,0
3625.5589649677277,10340,5040,11020,-178,-132,145,9888,-9192,8792,-49,139,-190,-14516,4148,3780,-1279,131,-52,-14740,-3268,5752,-493,194,-61,0
3625.5925669670105,10472,5096,11148,-177,-124,128,10184,-9116,8940,-20,101,-186,-14504,4112,3844,-1001,127,-94,-14404,-2920,5712,-459,168,-73,0
3625.6258740425114,10356,5036,11028,-148,-46,125,9956,-9156,8812,-24,147,-166,-14356,3912,3848,-1020,123,-111,-14740,-3116,5744,-497,191,-139,0
3625.6592450141907,10348,5108,10976,-131,-71,100,9928,-8976,8832,-25,141,-203,-14560,4152,3604,-1031,107,-77,-14796,-3024,5760,-508,173,-115,0
3625.692875146866,10464,5084,10916,-119,-58,98,9960,-8972,8628,-23,161,-180,-14548,4284,3748,-1017,85,-3,-14660,-3164,5764,-475,143,-144,0
3625.7265801429758,10408,4892,10876,-77,-32,81,10044,-9136,8852,-39,115,-189,-14396,4188,3760,-983,104,-90,-14744,-3020,5788,-469,99,-146,0
3625.759994983673,10472,4968,10888,-135,-18,67,9972,-9184,8860,-33,99,-182,-14552,4276,3628,-1095,8,-79,-14640,-3132,5772,-485,118,-121,0
3625.793585062027,10400,5128,10892,-130,2,85,10004,-9072,8452,20,132,-163,-14508,4120,3748,-987,110,-123,-14644,-3140,5760,-444,105,-137,0
3625.827199935913,10396,5156,10912,-67,-16,84,10040,-9168,8716,-60,135,-180,-14640,4268,3856,-1005,99,-54,-14692,-3004,5676,-491,117,-166,0
3625.860734939575,10388,5016,10840,-90,-39,66,9964,-9124,8724,-37,118,-151,-14488,4164,3900,-972,65,-49,-14672,-3000,5788,-529,79,-206,0
3625.894194126129,10396,5064,10980,-87,5,66,10236,-9132,8700,5,149,-143,-14592,3852,3864,-1275,99,-70,-14720,-3252,5868,-504,64,-135,0
3625.927439928055,10676,4916,10908,-115,22,100,9976,-9012,8664,-20,99,-155,-14592,4212,3988,-1032,115,-42,-14760,-2828,5812,-470,54,-147,0
3625.960827112198,10728,4912,10960,-98,10,100,9748,-9068,8668,-31,97,-123,-14800,4160,3772,-1014,88,-254,-14768,-3064,5796,-492,51,-196,0
3625.9943890571594,10364,5136,11044,-117,33,35,9772,-9112,8624,-69,202,-103,-14596,4140,3976,-1013,4,-36,-14708,-3096,5712,-509,66,-212,0
3626.0280590057373,10284,5064,10996,-81,253,38,9744,-9036,8796,-71,166,-157,-14464,4264,3676,-770,114,-50,-14644,-2908,5664,-537,111,-148,0
3626.0617971420293,10400,4880,11076,-88,-42,118,9880,-9080,8604,-52,11,-148,-14472,4184,3980,-1041,170,-85,-14760,-3116,5704,-489,118,-109,0
3626.0954320430756,10292,5056,10756,-126,9,126,9884,-9032,8744,-55,155,-149,-14396,4124,3856,-1037,106,-95,-14668,-3076,5648,-489,110,-164,0
3626.128911972046,10252,5180,11188,-103,-31,56,9852,-9072,8696,-23,172,-193,-14492,4292,3896,-1010,96,-107,-14708,-3032,5708,-489,193,-143,0
3626.1624140739445,10380,5208,11232,-165,-72,89,9940,-9088,8724,-81,155,-156,-14552,4180,3988,-960,103,-41,-14704,-3136,5936,-477,118,-143,0
3626.1961219310765,10324,5212,10904,-154,-8,87,9904,-9044,8616,-57,159,-147,-14508,4132,3632,-892,19,-38,-14600,-3172,5820,-465,142,-130,0
3626.229761123657,10336,5224,10996,-220,-67,85,9936,-9092,8600,-81,180,-171,-14528,4296,3808,-1005,118,-111,-14760,-2980,5868,-420,219,-81,0
3626.2630019187923,10448,4884,10820,-3,-109,121,9952,-9108,8808,-39,148,-173,-14368,4260,3864,-965,148,-55,-14664,-3300,5832,-462,179,-40,0
3626.3012509346004,10420,5172,10776,-256,-123,172,9888,-9184,8744,-32,115,-190,-14844,4268,3624,-1278,150,-98,-14808,-3048,5860,-499,220,-32,0
3626.3371810913086,10388,5132,10912,-229,-158,183,9968,-9088,8752,-38,119,-173,-14720,4260,3688,-1001,147,-100,-14780,-2992,5604,-546,154,-77,0
3626.3723769187923,10380,5076,11116,-180,-63,146,10100,-9104,8736,-42,144,-175,-14608,4144,3436,-972,114,-128,-14752,-3076,5776,-503,116,-111,0
3626.40802693367,10452,4952,10896,-205,-51,108,10056,-9080,8652,-4,198,-148,-14600,4324,3780,-979,47,-71,-14708,-2836,5732,-511,130,-165,0
3626.442855119705,10420,5308,10876,-190,-23,44,9980,-9072,8592,37,248,-175,-14584,4108,3868,-962,46,-126,-14764,-3108,5688,-451,156,-159,0
3626.478855133056,10452,5164,10932,-243,-72,28,9768,-9080,8704,14,228,-200,-14516,4228,3744,-929,43,-83,-14724,-3016,5672,-425,176,-129,0
3626.513909101486,10392,4912,10880,-239,-106,46,9816,-9080,8784,-17,230,-218,-14520,4236,4004,-944,65,-155,-14548,-3184,5860,-420,212,-132,0
3626.5497341156006,10292,5212,11024,-258,-148,76,9856,-9164,8832,-13,199,-505,-14444,4172,3820,-977,104,-128,-14656,-3068,5884,-473,259,-100,0
3626.5854370594025,10200,4924,10980,-224,-190,134,9816,-9424,8828,-22,131,-251,-14452,4244,3864,-991,160,-173,-14788,-2844,6088,-502,239,-89,0
3626.620437145233,10284,5256,11024,-174,-197,171,9888,-9000,8776,-35,125,-230,-14340,4164,3660,-1017,168,-142,-14744,-3324,5720,-501,213,-42,0
3626.6556520462036,10312,5176,10896,-188,-194,186,9924,-9156,8788,-33,113,-216,-14620,4124,3836,-1045,205,-146,-14796,-3160,5708,-477,218,-30,0
3626.6910910606384,10412,5184,11088,-237,-120,205,9984,-9036,8640,-62,68,-198,-14532,4108,3564,-1006,257,-102,-14628,-3156,5684,-436,133,-6,0
3626.7261979579926,10560,5116,10784,-199,-127,209,10060,-8992,8572,-46,95,-193,-14728,4192,3856,-1042,208,-79,-14812,-3020,5412,-468,162,-44,0
3626.7628099918365,10388,5348,10964,-249,-163,191,9728,-9092,8860,-11,55,-175,-14632,4048,3880,-1049,179,-83,-14732,-3076,5680,-512,174,-46,0
3626.7976820468903,10440,5076,10924,-162,-86,134,10060,-8996,8628,-86,124,-190,-14704,4080,3684,-1027,107,-101,-14668,-2996,5720,-473,193,-92,0
3626.8332741260533,10444,4984,10816,-186,-134,94,9896,-9104,8528,-32,117,-225,-14668,4240,3720,-1052,95,-124,-14756,-2876,5744,-519,184,-104,0
3626.8691980838776,10740,5060,10900,-159,-53,109,9960,-9148,8584,-16,180,-180,-14568,4184,3380,-1064,30,-57,-14792,-2968,5736,-486,100,-191,0
3626.904338121414,10240,4988,11080,-115,12,54,9884,-9052,8636,-36,195,-111,-14628,4208,3616,-995,-20,-41,-14792,-2996,5704,-467,65,-175,0
3626.9403541088104,10456,5020,11040,-147,0,34,9960,-9084,8812,-50,156,-113,-14500,4224,3604,-968,-13,-52,-14696,-2984,5804,-490,106,-161,0
3626.9739041328426,10368,5124,10968,-135,11,69,9880,-9008,8468,-48,208,-123,-14560,4128,3584,-999,4,-109,-14356,-3032,5700,-477,145,-160,0
3627.007420063018,10348,5024,10816,-180,-61,66,9956,-9132,8716,-33,187,-164,-14492,4136,3724,-996,48,-88,-14676,-2992,5736,-507,176,-155,0
3627.0410580635066,10288,5056,10888,-146,-53,78,9952,-9116,8564,-36,161,-191,-14600,4104,3756,-999,86,-96,-14868,-3324,5812,-468,206,-116,0
3627.074932098388,10332,5228,10960,-117,-90,83,9888,-9052,8932,-48,174,-183,-14556,4192,3992,-977,36,-78,-14652,-3168,5656,-484,129,-133,0
3627.1083381175995,10392,5152,11016,-167,-79,56,9844,-9060,8836,-28,199,-158,-14596,4164,3804,-1022,8,-96,-14632,-3300,5764,-474,114,-148,0
3627.1416499614716,10408,5168,10756,-150,-38,73,9928,-9096,8648,-41,157,-190,-14360,4220,3944,-1013,82,-80,-14792,-3084,5876,-474,56,-140,0
3627.1753299236293,10696,5236,10972,-94,-17,84,9924,-9084,8824,-32,99,-175,-14580,4244,3696,-1034,103,-15,-14720,-3060,5632,-517,105,-113,0
3627.2089331150055,10348,5052,10904,-119,14,117,9852,-9200,8704,-91,95,-166,-14604,4272,3768,-1043,88,-255,-14812,-3048,5844,-542,111,-122,0
3627.242355108261,10416,5140,10884,-99,-16,116,9920,-9124,8540,-36,91,-158,-14656,4124,3812,-1140,131,-36,-14708,-3072,5628,-545,118,-106,0
3627.276123046875,10408,5088,10612,-111,-45,125,10216,-9144,8876,-15,162,-150,-14620,4168,3788,-1016,139,-100,-14696,-2980,5820,-529,122,-121,0
3627.309301137924,10424,5128,10880,-101,-13,109,10052,-9176,8448,31,116,-146,-14560,4220,3912,-1014,92,-67,-14672,-3144,5628,-514,136,-160,0
3627.3427290916443,10444,5200,10896,-84,-22,63,10228,-9092,8864,9,180,-176,-14636,4076,4088,-1009,75,-45,-14644,-3156,5456,-490,173,-172,0
3627.3764469623566,10336,5164,11084,-103,-32,35,9960,-9048,8736,-39,214,-188,-14820,4248,3992,-960,98,-83,-14816,-3120,5632,-463,139,-179,0
3627.4096870422363,10524,5268,10836,-109,-10,8,9940,-9108,8832,-70,223,-164,-14820,4188,4032,-956,32,-56,-14756,-2992,5736,-487,113,-238,0
3627.4430170059204,10320,5168,11136,-155,20,-23,9848,-9144,8724,-23,174,-120,-14512,4264,3884,-999,12,-39,-14616,-3284,5712,-454,130,-194,0
3627.4767920970917,10368,5296,11084,-147,31,43,9752,-9004,8876,-20,182,-133,-14656,4144,3744,-1098,76,-12,-14740,-3328,5736,-459,112,-162,0
3627.5101959705353,10292,5232,10876,-166,-25,53,9956,-9060,8672,-62,141,-156,-14568,4176,4056,-780,97,-61,-14700,-3072,5792,-483,148,-140,0
3627.54377412796,10272,5224,10824,-168,-33,81,9780,-9164,8764,8,100,-153,-14560,4252,3692,-1086,66,-85,-14644,-3092,5776,-493,140,-134,0
3627.5774099826813,10324,5312,10824,-108,-25,125,9828,-8976,8656,-22,115,-149,-14576,4160,3668,-1081,163,-97,-14708,-3192,5880,-532,118,-131,0
3627.6110179424286,10356,5288,10928,-124,242,148,9884,-9044,8884,-10,117,-140,-14808,4124,3880,-1046,103,-59,-14708,-3284,5800,-528,107,-135,0
3627.6444799900055,10276,5276,10976,-128,252,116,10000,-9104,8756,-30,141,-130,-14344,4112,3816,-1008,71,-51,-14720,-3116,5692,-497,91,-143,0
3627.6781859397893,10436,5204,11056,-162,-24,121,9868,-9172,8484,-55,159,-144,-14524,3964,3600,-986,106,-39,-14724,-3028,5696,-504,145,-142,0
3627.7116940021515,10360,5212,11056,-172,-51,105,9888,-9040,8876,-53,139,-189,-14580,4136,3880,-770,110,-113,-14724,-2924,5864,-489,164,-73,0
3627.74529004097,10348,5208,10824,-170,-46,140,9928,-9088,8844,-71,126,-185,-14564,4264,3928,-1018,118,-128,-14680,-3140,5732,-473,152,-83,0
3627.7790291309357,10208,5064,10756,-210,-52,115,9872,-9236,8924,-23,143,-173,-14512,4256,3780,-778,118,-76,-14760,-3152,6092,-477,159,-90,0
3627.812670946121,9988,5184,10752,-190,-16,108,9928,-9136,8704,-43,112,-172,-14488,4304,3868,-998,115,-91,-14660,-3004,5664,-257,180,-94,0
3627.8461859226227,10312,5352,10772,-175,-42,107,9844,-9128,8676,-42,130,-196,-14640,4256,3880,-1009,131,-69,-14692,-3052,5804,-473,158,-106,0
3627.8798580169682,10376,5268,10780,-200,-52,126,10216,-9096,8716,-44,126,-185,-14416,4244,3776,-1011,107,-76,-14708,-3160,5820,-438,127,-81,0
3627.913360118866,10340,5288,10940,-227,-65,108,9924,-9164,8776,-42,121,-199,-14568,4160,4076,-952,131,-103,-14652,-3076,5792,-463,143,-90,0
3627.9493229389195,10288,5152,11004,-251,-62,114,9748,-9068,8692,-26,117,-206,-14440,4128,3768,-957,184,-111,-14688,-3092,5776,-458,154,-88,0
3627.984988927841,10348,5272,10788,-249,-107,130,9836,-9076,8476,-64,105,-201,-14572,4216,3740,-991,138,-118,-14688,-3124,5636,-468,188,-58,0
3628.0204570293427,10268,5256,10976,-276,-141,128,9836,-9164,8796,-33,151,-236,-14420,4100,3796,-998,146,-108,-14716,-3040,5860,-472,176,-45,0
3628.056230068207,10376,5148,11032,-291,-123,132,9932,-9152,8836,-1,121,-209,-14504,4252,4080,-1020,197,-108,-14716,-3064,6060,-444,196,-49,0
3628.0923380851746,10244,5344,11208,-280,-166,138,9848,-9156,8748,7,127,-204,-14484,4348,3684,-979,176,-149,-14636,-2900,5704,-432,214,-54,0
3628.1280231475835,10412,5156,11072,-315,-127,133,9952,-9116,8616,-35,118,-226,-14688,4244,3736,-986,201,-158,-14748,-3084,5832,-437,162,-34,0
3628.167269945144,10336,5136,10984,-301,-137,183,9924,-9116,8804,-30,135,-174,-14504,4172,3772,-1017,160,-69,-14744,-3300,5808,-464,130,-64,0
3628.2035479545593,10360,5200,10764,-342,-154,152,9796,-9064,8756,7,114,-185,-14500,4160,3792,-1004,199,-71,-14728,-3084,5724,-457,134,-50,0
3628.2392110824585,10344,5124,11020,-267,-118,154,9764,-9100,8712,-43,146,-215,-14348,4188,3664,-976,155,-146,-14672,-3064,5608,-464,164,-48,0
3628.2750329971313,10372,4972,11048,-296,-158,136,9928,-9108,8636,-7,122,-242,-14564,4228,3768,-987,174,-100,-14744,-2900,5792,-469,194,-73,0
3628.3108479976654,10352,4972,10952,-261,-163,172,9844,-9132,8700,20,87,-157,-14644,4308,3696,-1028,179,-141,-14764,-3068,5868,-483,157,-54,0
3628.3458459377293,10416,5128,10916,-247,-79,144,10192,-9092,8716,254,165,-187,-14556,4328,3624,-1007,149,-96,-14648,-3080,5880,-430,102,-105,0
3628.3822669982906,10324,5060,10992,-274,-91,133,9768,-9144,8788,11,131,-195,-14540,4208,3916,-1001,136,-119,-14824,-3084,5696,-494,126,-99,0
3628.4173989295964,10412,4864,11096,-241,-111,149,10208,-9192,8916,-17,140,-181,-14592,4208,3688,-1019,141,-113,-14728,-3048,5640,-471,149,-85,0
3628.4530370235443,10408,5160,10940,-233,-197,164,9924,-9132,8728,9,125,-241,-14544,4208,3884,-991,194,-107,-14764,-3304,5864,-446,197,-60,0
3628.4891500473022,10348,5032,10856,-218,-116,151,9888,-9140,8604,-25,76,-217,-14556,4192,3820,-1011,211,-130,-14660,-3056,5704,-448,132,-44,0
3628.5242850780483,10384,5140,10752,-243,-155,133,9744,-9096,8872,20,151,-222,-14632,4160,3828,-1027,157,-87,-14640,-3020,5708,-480,166,-110,0
3628.559337139129,10340,5000,10940,-178,-123,118,9908,-9104,8860,34,131,-217,-14368,4296,3684,-1012,137,-74,-14768,-3244,5796,-471,152,-115,0
3628.5940849781036,10400,5344,10776,-149,-81,130,9856,-9008,8476,20,117,-200,-14700,4092,3560,-1006,168,-109,-14724,-2988,5672,-507,144,-110,0
3628.6297030448914,10312,5224,10936,-148,-81,115,9884,-9040,8704,-38,129,-193,-14572,4148,3816,-1007,172,-105,-14760,-3028,5644,-472,129,-137,0
3628.663079023361,10252,5020,10880,-159,-46,98,9924,-9144,8676,252,115,-184,-14848,4176,3728,-1016,152,-87,-14872,-3016,5868,-487,130,-149,0
3628.6966381073,10692,5060,10940,-152,-57,115,9924,-9104,8520,-37,104,-172,-14504,4260,3680,-1016,129,-66,-14764,-3000,5720,-486,87,-144,0
3628.7302320003514,10388,5088,10912,-136,-255,80,9856,-9052,8672,-20,125,-125,-14680,4212,3740,-1059,110,-47,-14732,-2852,5828,-492,102,-143,0
3628.7639529705043,10336,5072,10996,-155,-6,110,9924,-9152,8688,-18,130,-162,-14364,4124,4044,-1067,101,-42,-14708,-2980,5792,-479,109,-132,0
3628.7974650859833,10316,5072,11040,-140,-26,117,9892,-9116,8704,11,142,-140,-14572,4260,3808,-1043,120,-61,-14640,-3020,5688,-512,106,-133,0
3628.8310639858246,10412,4992,10944,-133,-46,79,9820,-9044,8560,-26,122,-152,-14624,4180,3656,-769,93,-75,-14708,-2984,5736,-491,122,-153,0
3628.86479306221,10380,5060,10824,-115,-15,73,9896,-9096,8652,-30,185,-156,-14752,4232,3724,-999,34,-48,-14724,-2960,5796,-501,89,-164,0
3628.8981120586395,10404,5032,11236,-158,-23,41,10024,-9072,8704,-30,194,-159,-14648,4132,3560,-1024,15,-75,-14744,-3016,5756,-480,161,-159,0
3628.931818962097,10284,5228,10832,-144,26,63,9952,-9080,8744,-51,193,-152,-14588,4168,3892,-987,39,-32,-14756,-3324,5784,-415,106,-166,0
3628.965281009674,10432,5068,11260,-151,-27,46,9980,-9176,8648,-88,185,-173,-14340,4288,3744,-957,42,-53,-14724,-2860,5868,-453,139,-168,0
3628.998626947403,10368,5096,10996,-218,-9,44,9912,-9148,8684,-53,200,-158,-14480,4204,3768,-1280,30,-74,-14412,-2944,5824,-461,124,-144,0
3629.0321650505066,10412,5096,10752,-148,19,45,9952,-9024,8688,-17,167,-126,-14600,4124,3676,-1068,63,-38,-14716,-3116,5808,-480,130,-167,0
3629.0658619403844,10224,5132,11204,-130,11,88,9900,-9084,8720,11,159,-133,-14636,4184,3952,-1037,40,-38,-14668,-3128,5928,-507,120,-182,0
3629.099501132965,10268,4976,10944,-132,13,90,9852,-9108,8708,15,159,-154,-14664,4220,3900,-1063,79,-50,-14644,-3136,5744,-521,115,-153,0
3629.132835149765,10372,5212,11036,-138,0,67,9984,-9068,8772,252,167,-127,-14448,4348,3596,-1017,80,-128,-14644,-3124,5608,-499,133,-149,0
3629.166399002075,10324,5116,11064,-155,-39,84,9924,-9044,8720,-255,173,-185,-14584,4172,3828,-1021,58,-80,-14708,-3076,5712,-477,133,-148,0
3629.199937105178,10328,5192,10804,-130,-46,105,9912,-9116,8484,-47,109,-169,-14512,4280,3812,-1036,123,-64,-14680,-2852,5740,-488,143,-110,0
3629.2334611415863,10420,5224,10760,-183,-63,120,9888,-9044,8940,-40,171,-157,-14636,4320,3640,-1093,148,-33,-14728,-2888,5884,-461,104,-156,0
3629.2671661376953,10284,5128,11076,-193,-41,98,9788,-9072,8876,-58,127,-173,-14352,4292,3788,-997,117,-71,-14680,-3068,5660,-470,131,-125,0
3629.300801038742,10320,5160,10992,-135,-54,121,9780,-9060,8784,-7,133,-186,-14596,4264,3700,-1026,95,-90,-14764,-3220,5724,-503,121,-89,0
3629.3344190120692,10228,5176,11188,-163,-43,117,9924,-9196,8900,-35,184,-132,-14564,4220,3620,-1261,110,-80,-14808,-2880,5844,-480,99,-135,0
3629.367979049682,10296,5160,11080,-167,-28,93,9924,-8984,8680,-80,153,-161,-14564,4212,3724,-991,141,-71,-14728,-3132,5732,-491,130,-109,0
3629.401355981826,10436,5044,11016,-169,-62,110,9860,-9088,8800,-46,149,-183,-14556,4168,3720,-1018,117,-42,-14744,-3300,5808,-477,130,-117,0
3629.434854030609,10396,5152,10920,-179,-68,90,9756,-9184,8852,-16,128,-161,-14648,4216,3760,-1018,126,-113,-14668,-3016,5784,-506,112,-144,0
3629.4684240818024,10268,5116,11028,-151,-31,72,9896,-9096,8716,-27,120,-168,-14568,4276,3764,-1008,153,-114,-14628,-3324,6076,-484,130,-145,0
3629.5018510818486,10328,5204,11000,-146,-54,86,9816,-9032,8644,-32,127,-169,-14356,4264,3740,-1046,118,-97,-14704,-3092,5816,-477,153,-127,0
3629.5355150699615,10292,5128,11028,-164,-40,100,9840,-9128,8680,-33,119,-171,-14528,4256,3868,-1274,134,-75,-14708,-3072,5876,-490,145,-114,0
3629.5692341327667,10492,5196,10796,-179,-33,104,9912,-9156,8900,-40,115,-200,-14544,4204,3736,-1031,136,-71,-14728,-3092,5788,-475,134,-101,0
3629.602819919586,10324,5292,10956,-204,-42,128,9804,-9084,8912,-45,123,-149,-14644,4192,3928,-993,117,-76,-14708,-3028,5680,-458,68,-102,0
3629.6392669677734,10448,4920,10968,-187,13,121,9784,-9116,8756,-44,134,-137,-14792,4568,3800,-1021,125,-53,-14692,-3040,5832,-501,80,-101,0
3629.6749670505524,10328,5200,10996,-264,-13,112,9832,-9096,8776,12,131,-139,-14580,4252,3924,-1047,110,-26,-14740,-3144,5808,-487,110,-78,0
3629.7106800079346,10208,5236,11068,-236,-43,129,9888,-9008,8968,-97,101,-149,-14604,4240,3772,-988,137,-72,-14648,-3060,5832,-464,125,-111,0
3629.7462401390076,10332,5132,11012,-285,-76,112,9956,-9124,8776,-39,130,-205,-14420,4308,3712,-981,91,-99,-14656,-3016,5808,-479,157,-99,0
3629.7822830677032,10356,5100,11048,-3,-89,132,9900,-9036,8724,-27,131,-186,-14616,4216,4036,-1006,80,-96,-14532,-3048,5776,-467,173,-93,0
3629.8182370662694,10216,5372,11428,-510,-91,113,9832,-8968,8528,-39,181,-199,-14552,4252,3720,-962,82,-86,-14668,-3060,6028,-461,140,-101,0
3629.85343003273,10152,5120,11132,-300,-81,107,9804,-9076,8648,-39,172,-199,-14580,4284,3784,-953,93,-85,-14616,-3048,6112,-451,170,-72,0
3629.8892030715942,10260,5164,11192,-290,-115,137,9892,-9136,8744,-42,156,-187,-14808,4244,3600,-973,81,-162,-14648,-3068,5872,-459,221,-67,0
3629.9242889881134,10364,5168,11160,-300,-172,158,9912,-9188,8920,-11,166,-226,-14552,4124,3752,-972,121,-151,-14672,-3004,5720,-453,14,-51,0
3629.9601490497594,10072,5076,11092,-294,-178,161,9860,-9156,8776,-14,128,-227,-14552,4136,3720,-985,141,-168,-14668,-3048,5688,-465,216,-63,0
3629.9955930709843,10292,5236,11048,-273,-186,148,9948,-9048,8784,10,123,-227,-14616,4196,3652,-991,136,-134,-14688,-3040,5796,-444,225,-88,0
3630.0313370227814,10324,5128,11156,-284,-173,114,9908,-9040,8712,14,158,-229,-14724,4140,3584,-970,138,-185,-14800,-3124,5732,-462,186,-105,0
3630.0671751499176,10348,4908,10756,-288,-145,103,9916,-9004,8796,-1,161,-235,-14636,4080,3700,-992,108,-117,-14700,-2840,5828,-444,209,-66,0
3630.1025369167332,10420,5140,11044,-301,-144,127,9928,-9000,8788,-22,128,-220,-14548,4196,3824,-1017,130,-92,-14684,-3128,5796,-423,170,-81,0
3630.1381380558014,10320,5128,11044,-242,-151,148,9964,-9064,8876,-65,114,-245,-14536,4308,3740,-975,145,-87,-14636,-2996,5664,-440,180,-42,0
3630.17325592041,10416,5056,11172,-257,-156,167,9892,-9004,8528,-45,101,-182,-14532,4268,3840,-997,149,-91,-14684,-3004,5776,-463,151,-44,0
3630.2086460590363,10364,5052,10792,-511,-136,184,9892,-9044,8784,-46,84,-168,-14844,4252,3708,-1002,169,-80,-14684,-2940,5828,-492,152,-45,0
3630.2439761161804,10360,5024,11024,-234,-130,193,9936,-9084,8556,-12,58,-179,-14624,4200,3720,-1043,168,-81,-14700,-2840,5820,-454,161,-20,0
3630.28165102005,10372,5064,10840,-173,-157,205,9948,-9008,8648,-29,56,-168,-14608,4156,3700,-1059,207,-134,-14836,-3312,5720,-486,114,-63,0
3630.3152410984044,10732,4892,10984,-122,-129,176,10048,-8972,8644,-30,64,-170,-14704,4120,3760,-1052,199,-98,-14788,-3060,5748,-506,110,-124,0
3630.348732948303,10484,4992,10772,-151,-52,124,9772,-8992,8584,-50,141,-157,-14608,4108,3816,-1026,125,-68,-14796,-2976,5712,-511,82,-160,0
3630.3822350502014,10460,5028,10892,-104,25,64,9936,-9056,8668,-39,153,-132,-14688,4124,3444,-1017,87,-12,-14764,-2976,5836,-464,63,-167,0
3630.4154350757603,10312,4932,10904,-166,51,41,9968,-9184,8728,-18,156,-142,-14648,4156,3780,-1032,71,-64,-14684,-3040,5744,-513,93,-196,0
3630.448630094528,10284,4984,11240,-172,-242,28,9908,-9148,8672,28,152,-185,-14560,4136,3664,-1062,99,-85,-14704,-3044,5836,-479,98,-189,0
3630.482300043106,10288,5312,11096,-75,30,32,9896,-9028,8752,-58,103,-173,-14572,4228,3532,-1037,58,-72,-14688,-3012,5796,-479,112,-172,0
3630.5155940055843,10252,4988,11200,-159,-34,66,9860,-9088,8596,-25,158,-193,-14528,4272,3720,-1030,92,-72,-14612,-3048,5784,-484,144,-139,0
3630.5491509437566,10300,4976,11004,-149,-55,73,9912,-9052,8780,-24,89,-154,-14472,4288,3600,-1042,92,-90,-14724,-3112,5860,-491,82,-163,0
3630.5826809406285,10332,5352,10756,-134,-8,113,9812,-9008,8832,-27,137,-130,-14620,3956,3652,-1063,93,-87,-14696,-3132,5844,-492,60,-159,0
3630.6164619922642,10348,5168,11188,-129,20,88,9856,-9048,8700,-39,105,-115,-14500,4220,3776,-1040,67,-37,-14708,-3076,5804,-498,35,-137,0
3630.6495039463043,10312,5140,10908,-139,-4,92,9904,-9096,8748,-28,128,-113,-14604,4204,3836,-1032,89,-1,-14624,-2972,5844,-527,89,-131,0
3630.683005094528,10372,5060,10976,-115,-23,93,9744,-9004,8504,-32,116,-175,-14620,4184,3788,-1015,86,-82,-14780,-2944,5772,-509,143,-134,0
3630.7167861461644,10304,5028,11240,-130,-42,107,9808,-9036,8464,1,137,-186,-14588,4180,3656,-990,86,-111,-14644,-3072,5780,-491,134,-137,0
3630.750174999237,10396,4864,11048,-113,-83,111,9908,-9108,8680,-13,101,-177,-14556,4280,3616,-1022,54,-59,-14736,-2908,5816,-482,156,-142,0
3630.783702135086,10444,4912,11020,-162,-23,95,9868,-8968,8880,-256,173,-134,-14632,4144,3848,-1017,11,-33,-14796,-3068,5704,-464,173,-176,0
3630.81737613678,10372,5172,10944,-158,-1,82,9888,-9088,8848,-21,170,-149,-14620,4244,3876,-990,33,-40,-14672,-3132,5804,-504,172,-149,0
3630.8506960868835,10368,5108,11076,-175,14,84,9888,-9056,8776,-4,186,-165,-14512,4196,3716,-1011,40,-83,-14608,-3068,5828,-492,138,-155,0
3630.884231090545,10328,5160,11088,-151,-9,91,9816,-9052,8860,-43,175,-138,-14468,4132,3856,-957,26,-70,-14632,-3108,5952,-469,111,-167,0
3630.9177010059357,10376,5160,11052,-181,250,67,9836,-9076,8788,-51,193,-174,-14644,4144,3696,-1003,32,-47,-14700,-3060,5940,-491,127,-136,0
3630.951203107834,10288,5060,11112,-203,-64,91,9792,-9148,8820,-62,155,-177,-14584,4252,3868,-1007,68,-94,-14776,-3016,5896,-480,133,-132,0
3630.98482298851,10280,5108,10980,-209,-73,78,9904,-9116,8896,-39,139,-177,-14432,4288,3932,-1007,69,-122,-14708,-2964,5864,-479,167,-121,0
3631.0181519985204,10388,5152,10916,-247,-73,118,9828,-9080,8824,2,130,-187,-14360,4348,3696,-1025,90,-170,-14800,-3048,5924,-485,184,-54,0
3631.0516459941864,10296,5076,10948,-2,-129,141,9752,-8980,8736,-250,115,-223,-14532,4312,3700,-977,140,-79,-14672,-3104,5800,-495,198,-81,0
3631.0849981307983,10288,5144,10944,-208,-167,145,9948,-9440,8796,-42,134,-222,-14612,4216,3464,-988,142,-122,-14716,-3324,6016,-482,189,-68,0
3631.1186909675603,10320,5156,11084,-239,-185,140,9888,-9216,8468,-54,91,-207,-14496,4184,3740,-973,143,-165,-14700,-3128,5808,-496,154,-62,0
3631.1517660617837,10360,5360,10884,-193,-127,145,10200,-8952,8688,-67,107,-199,-14480,4116,3728,-998,167,-123,-14736,-2992,5752,-483,128,-74,0
3631.1853749752045,10376,5196,11040,-304,-130,151,9956,-9144,8792,-42,82,-219,-14616,4236,3744,-992,155,-101,-14712,-3044,5648,-494,170,-44,0
3631.2189741134644,10320,5008,10944,-334,-125,135,9748,-8724,8724,7,110,-252,-14540,4156,3768,-1036,221,-113,-14652,-3048,5796,-465,163,-55,0
3631.252452135086,10456,5116,10968,-271,-148,148,9920,-9028,8920,-57,89,-225,-14568,4232,3784,-979,141,-174,-14760,-2952,5908,-457,198,-90,0
3631.285835981369,10364,5056,11204,-336,-210,128,9948,-9020,8668,-1,118,-247,-14788,4292,3548,-1010,163,-156,-14744,-2952,5852,-470,183,-44,0
3631.322853088379,10380,5052,10780,-271,-185,163,9916,-9028,8576,-3,116,-222,-14656,4204,3712,-1032,164,-108,-14696,-3060,5856,-472,159,-70,0
3631.358106136322,10364,5344,10988,-300,-175,159,9948,-9016,8632,-19,144,-192,-14820,4168,3660,-977,132,-102,-14716,-2992,5924,-478,105,-101,0
3631.3933770656586,10448,5008,10944,-248,-132,130,9936,-9016,8816,-18,93,-205,-14352,4204,3688,-972,153,-58,-14720,-3032,5808,-499,134,-98,0
3631.4293510913853,10352,4936,10964,-190,-152,146,9944,-9052,8532,-67,92,-183,-14612,4220,3644,-1028,146,-98,-14676,-3008,5704,-503,125,-99,0
3631.4648649692535,10420,5008,10776,-149,-136,162,10036,-8932,8592,-37,103,-203,-14652,4076,3624,-1034,151,-110,-14696,-3020,5732,-487,165,-95,0
3631.5008471012115,10468,4996,10840,-143,-33,125,10048,-9080,8684,-39,88,-161,-14616,3908,3780,-1030,124,-90,-14732,-2940,5712,-488,114,-99,0
3631.5356569290166,10432,5076,11004,-177,-10,127,10000,-9044,8516,-10,136,-122,-14700,4148,3736,-1030,103,-70,-14824,-3300,5800,-485,103,-164,0
3631.5718450546265,10400,5076,10764,-180,10,84,9992,-9076,8696,12,143,-159,-14484,4288,3764,-1011,86,-49,-14648,-3004,5956,-492,116,-144,0
3631.6080031394963,10372,5072,10828,-179,-36,92,9816,-9124,8816,18,151,-152,-14520,4260,3776,-1009,15,-70,-14552,-3016,6112,-498,166,-111,0
3631.643294095993,10204,5100,11096,-156,-68,115,9856,-9048,8792,-37,121,-193,-14580,4224,3800,-953,49,-70,-14664,-3044,6000,-485,161,-97,0
3631.6782450675964,10256,4952,10848,-171,-83,110,10004,-9144,8744,-30,140,-191,-14624,4244,3724,-941,40,-146,-14704,-3020,5880,-466,146,-159,0
3631.7139711380005,10384,4948,11024,-153,-55,82,9868,-9048,8708,-15,176,-196,-14520,4268,3628,-969,67,-94,-14672,-2996,5824,-465,180,-137,0
3631.7497889995575,10420,4956,11232,-221,-87,92,9916,-9104,8804,-26,156,-181,-14636,4280,3636,-977,101,-97,-14680,-2996,5708,-449,170,-99,0
3631.7850680351253,10492,4916,11148,-178,-82,105,9868,-9080,8848,-39,114,-179,-14692,4244,3832,-1026,85,-107,-14840,-3016,5952,-495,164,-135,0
3631.820461034775,10456,5048,11104,-191,-88,97,9944,-9012,8728,-31,141,-191,-14824,4296,3768,-772,102,-132,-14744,-3060,5844,-488,194,-103,0
3631.8556239604954,10368,5360,11252,-178,-126,115,9864,-9036,8716,-37,144,-199,-14484,4184,3784,-1019,129,-115,-14604,-2976,5824,-463,185,-99,0
3631.8907809257507,10356,5040,10772,-136,-57,123,10068,-9032,8676,-33,123,-191,-14816,4220,3584,-990,72,-116,-14900,-3020,5776,-509,132,-126,0
3631.9262170791626,10312,4880,10896,-154,-34,108,9924,-9136,8864,-25,166,-141,-14656,4160,3648,-1033,36,-97,-14756,-3140,5744,-525,114,-151,0
3631.963907957077,10284,5156,11008,-191,-37,88,9944,-8984,8900,-15,150,-134,-14500,4184,3388,-1050,77,-17,-14732,-3140,5760,-439,108,-139,0
3631.9974489212036,10228,5180,11044,-161,-24,86,9984,-9052,8680,-77,142,-183,-14600,4300,3600,-975,91,-88,-14704,-3032,5924,-483,85,-138,0
3632.030748128891,10388,5032,11048,-175,-36,81,9872,-8968,8764,-73,124,-194,-14632,4248,3800,-769,97,-73,-14764,-3040,5752,-510,126,-117,0
3632.0644559860234,10384,5048,10956,-140,-27,135,9916,-8972,8552,-45,97,-144,-14552,4192,3720,-1080,150,-62,-14584,-2976,5716,-258,131,-121,0
3632.0981171131134,10472,5040,10808,-135,6,117,10220,-9088,8536,-16,149,-126,-14600,4180,3660,-989,134,-27,-14740,-3104,5796,-479,43,-145,0
3632.131366968155,10336,5064,11128,-147,26,90,9876,-9228,8736,-55,124,-143,-14580,4220,3668,-1268,112,-53,-14684,-3000,5744,-490,102,-103,0
3632.164819955826,10360,5012,10956,-124,7,87,9980,-9124,8676,-35,133,-121,-14516,4320,3728,-1048,101,-24,-14720,-3048,5552,-519,89,-149,0
3632.2008011341095,10404,5028,10992,-93,46,87,9996,-9132,8660,-48,141,-156,-14584,4100,3608,-1037,106,-113,-14744,-3044,5884,-488,104,-181,0
3632.2343690395355,10412,5080,10776,-133,8,71,9888,-9088,8696,-11,128,-170,-14596,4284,3864,-1047,128,-49,-14688,-3048,5860,-494,133,-183,0
3632.2677900791173,10324,5164,10764,-116,24,65,9924,-9084,8772,-8,109,-172,-14600,4196,4072,-1047,71,-36,-14680,-3072,5940,-517,84,-170,0
3632.3013360500336,10332,4904,10916,-133,49,64,9952,-9144,8952,3,155,-165,-14528,4192,3880,-1047,94,-71,-14532,-3084,5776,-496,68,-159,0
3632.334659099579,10316,5052,11060,-115,26,77,9896,-9100,8932,-9,128,-152,-14568,4228,3832,-1058,103,-100,-14720,-3092,5828,-268,101,-179,0
3632.368119955064,10320,5120,11200,-103,-256,81,9860,-8792,8796,22,192,-99,-14636,4160,3788,-1085,113,-68,-14668,-3184,5996,-494,88,-158,0
3632.4015769958496,10244,5196,10832,-135,249,59,9904,-8984,8656,-21,177,-143,-14584,4176,3764,-979,108,-78,-14704,-3140,5772,-476,127,-171,0
3632.4352769851685,10252,5112,10988,-139,-20,81,9972,-9044,8452,-39,122,-168,-14548,4124,3700,-1013,124,-62,-14648,-3036,5852,-493,163,-149,0
3632.4690511226654,10276,5104,10972,-151,-252,99,9864,-9208,8764,-23,141,-145,-14500,4264,3860,-975,86,-99,-14604,-3004,5884,-472,153,-123,0
3632.502520084381,10344,5124,11052,-145,-24,97,9852,-8976,8836,-49,136,-154,-14580,4256,3688,-994,74,-99,-14744,-3052,5852,-259,181,-142,0
3632.5361571311946,10268,5068,11008,-129,-52,112,9940,-9152,8784,-38,154,-155,-14532,4236,3636,-1009,83,-75,-14676,-3088,6080,-487,163,-112,0
3632.569724082946,10400,5344,10876,-138,-50,136,9900,-9088,8696,-15,116,-159,-14584,4168,3552,-1002,69,-44,-14752,-3044,5820,-455,124,-117,0
3632.6034741401672,10324,5040,11164,-143,-41,113,9884,-9032,8908,-18,130,-187,-14556,4272,3624,-1274,75,-45,-14812,-3276,5912,-472,129,-147,0
3632.6369040012364,10372,5124,11448,-173,-30,104,9828,-9088,8784,-26,121,-147,-14788,4228,3680,-1023,52,-100,-14680,-3088,5816,-484,146,-142,0
3632.6703951358795,10488,5608,11100,-266,-2,100,10228,-9208,8828,-64,158,-143,-14532,4124,3796,-1007,75,-120,-14616,-3024,5948,-485,107,-131,0
3632.703935146332,10276,5092,11120,-207,-36,109,9944,-9044,8756,-44,172,-171,-14596,4248,3688,-997,54,-88,-14696,-3112,5744,-520,102,-137,0
3632.737545967102,10328,5200,11036,-119,-35,84,9832,-9124,8752,-68,153,-167,-14620,4228,3724,-994,83,-38,-14692,-2908,5852,-486,106,-108,0
3632.7710621356964,10296,5076,10996,-190,-3,109,9944,-9148,8884,-12,145,-159,-14560,4232,3912,-984,57,-100,-14352,-2832,5872,-496,137,-138,0
3632.80478310585,10172,5352,11204,-175,-49,101,9812,-9072,8816,-14,175,-153,-14508,4200,3820,-1278,82,-151,-14536,-3280,5772,-500,161,-115,0
3632.8383369445805,10336,5140,11048,-159,-56,101,9908,-9156,8732,-49,137,-191,-14396,4316,3736,-1012,103,-124,-14724,-3148,5976,-505,154,-150,0
3632.8719100952158,10308,5160,11008,-187,-48,109,9860,-9076,8764,-37,128,-194,-14564,4284,3688,-1003,143,-65,-14660,-2916,5712,-506,154,-96,0
3632.9054291248326,10376,5140,10928,-199,-10,120,9968,-8988,8516,-42,138,-160,-14612,4220,3924,-1009,41,-27,-14688,-3052,5860,-493,107,-137,0
3632.9389629364014,10384,5156,11148,-178,9,111,9884,-9060,8736,-25,154,-126,-14692,4180,3860,-1011,67,-91,-14724,-2928,5844,-505,95,-119,0
3632.972393035888,10304,5120,11152,-227,13,85,9820,-9140,8940,-6,130,-183,-14560,4276,3828,-1004,62,-90,-14676,-3080,5876,-489,135,-109,0
3633.0096690654755,10328,5088,11132,-200,-18,72,9976,-9128,8788,254,151,-199,-14652,4196,3740,-1001,122,-135,-14664,-3080,5864,-463,161,-123,0
3633.04501414299,10388,4868,11172,-203,-79,64,9932,-9132,8780,22,128,-215,-14532,4128,4012,-1020,108,-138,-14652,-3036,5900,-468,233,-124,0
3633.0808050632477,10152,5084,11080,-233,-92,58,9832,-9116,8764,-17,151,-234,-14492,4328,3776,-1024,144,-175,-14596,-2900,5712,-471,182,-99,0
3633.1171810626984,10204,5156,10928,-270,-153,83,9860,-9104,8708,-20,130,-233,-14500,4264,3820,-965,143,-136,-14580,-3128,5988,-460,179,-97,0
3633.1519041061406,10312,5120,11244,-281,-102,125,9888,-9120,8840,-26,129,-213,-14592,4252,3592,-991,145,-180,-14636,-3096,5992,-488,189,-86,0
3633.1918330192566,10240,5112,10992,-273,-133,149,9860,-9016,8840,-28,126,-221,-14552,4204,3720,-983,181,-119,-14676,-3164,5708,-463,193,-53,0
3633.228187084198,10200,5140,11172,-259,-182,162,9812,-9084,8772,-31,78,-244,-14564,4188,3820,-957,191,-155,-14728,-2872,5836,-459,183,-61,0
3633.2638330459595,10220,5220,10844,-265,-183,136,10048,-8916,8796,-33,46,-255,-14564,4068,3792,-983,190,-179,-14692,-3196,6120,-460,227,-46,0
3633.299793004989,10360,5356,11032,-247,-212,150,10020,-8952,8772,-24,68,-263,-14808,4108,3732,-769,184,-149,-14688,-3108,5664,-436,188,-55,0
3633.3351199626923,10320,5148,10972,-243,-192,157,9920,-9108,8824,-38,62,-223,-14624,4152,3692,-982,192,-162,-14772,-3044,5852,-452,160,-58,0
3633.3711750507355,10336,5140,10784,-507,-165,155,9960,-9088,8808,-83,76,-217,-14380,4204,3344,-989,148,-82,-14764,-2992,5740,-454,121,-70,0
3633.4070961475372,10320,5128,10944,-509,-135,160,9972,-9056,8836,-42,42,-176,-14848,4168,3740,-1024,184,-72,-14728,-2996,5776,-460,130,-44,0
3633.442265033722,10252,5044,10932,-244,-90,203,9888,-9104,8748,-18,19,-163,-14640,4308,3680,-1013,224,-61,-14636,-3060,5780,-492,132,-32,0
3633.477478981018,10272,4980,11044,-1,-124,239,10016,-8956,8800,-27,55,-187,-14584,4200,3584,-1009,176,-64,-14632,-3068,5808,-495,168,-40,0
3633.5131640434265,10276,4972,11228,-243,-144,205,9924,-9016,8660,-62,62,-193,-14588,4268,3632,-966,143,-110,-14792,-3080,5944,-471,125,-43,0
3633.549472093582,10368,5104,10936,-251,-103,183,10036,-9076,8464,-59,94,-165,-14728,4280,3804,-972,110,-44,-14732,-2960,5652,-474,121,-66,0
3633.584999084472,10340,5012,11112,-242,-128,152,9920,-9136,8928,-26,100,-186,-14648,4264,3396,-1009,108,-75,-14668,-3044,5796,-484,150,-88,0
3633.621153116226,10448,5068,11052,-159,-86,127,9980,-8988,8616,-58,111,-183,-14636,4188,3596,-986,81,-69,-14712,-3016,5768,-454,135,-114,0
3633.6570029258723,10368,5080,11032,-176,-91,78,10236,-9056,8700,-41,149,-185,-14536,4156,3668,-995,63,-116,-14688,-2900,5800,-472,145,-163,0
3633.6905069351196,10396,4904,10752,-185,-51,61,9928,-8972,8728,-19,181,-158,-14624,4232,3608,-1017,78,-87,-14772,-2924,5832,-464,144,-162,0
3633.724239110946,10396,5008,11192,-179,-38,89,10164,-9060,8852,9,199,-137,-14660,4112,3568,-1044,66,-26,-14800,-2988,5776,-477,152,-183,0
3633.7579231262202,10252,5108,11180,-172,-8,77,10160,-9068,8956,251,185,-171,-14536,4244,3816,-1019,43,-62,-14760,-3024,5876,-464,119,-170,0
3633.7916131019592,10212,5092,11072,-168,-36,78,9848,-9024,8876,-12,162,-168,-14536,4220,3728,-999,58,-71,-14708,-3056,5816,-476,129,-139,0
3633.8249940872192,10356,5072,10816,-153,-40,111,9948,-9052,8780,-57,145,-169,-14648,4284,3624,-1275,66,-79,-14708,-2896,5776,-492,143,-111,0
3633.858757019043,10380,5096,11020,-184,-89,116,9976,-9068,8668,-24,125,-193,-14484,4212,4008,-1035,99,-118,-14632,-2972,5924,-511,166,-146,0
3633.8920800685883,10292,5332,10864,-153,-62,129,9968,-9024,8868,-15,103,-186,-14596,4168,3848,-1043,149,-71,-14732,-2864,5800,-445,124,-96,0
3633.9256451129913,10380,5056,11016,-151,-37,116,9928,-8996,8744,-36,107,-154,-14560,4184,3920,-1025,98,-42,-14656,-3304,5760,-479,79,-153,0
3633.9593069553375,10428,5088,11024,-161,-23,98,10236,-9076,8480,-25,125,-159,-14596,4192,3696,-1022,105,-38,-14800,-3008,5828,-479,111,-127,0
3633.99285697937,10332,5080,10944,-130,-3,128,10012,-9048,8672,-35,84,-152,-14624,4204,3716,-1019,119,-85,-14600,-3008,5844,-518,124,-122,0
3634.0264949798584,10420,5092,10896,-112,-15,92,10000,-9028,8728,-48,102,-124,-14676,4204,3664,-1065,89,-66,-14704,-3092,5936,-523,87,-146,0
3634.060050010681,10272,5024,11140,-144,-5,120,10064,-9096,8664,-62,147,-141,-14704,4160,3736,-1034,101,-35,-14716,-2960,6132,-259,121,-147,0
3634.0935599803925,10428,4984,11144,-131,9,66,9956,-9184,8740,-21,117,-150,-14348,4308,3676,-1013,72,-32,-14696,-2960,5796,-488,90,-141,0
3634.1271641254425,10428,4960,10904,-97,-255,52,9748,-9084,8500,-21,112,-148,-14596,4260,3592,-1012,60,-57,-14616,-2820,5860,-521,100,-187,0
3634.1604819297786,10368,4992,11096,-92,250,38,9992,-9008,8736,16,165,-160,-14584,4196,3732,-1030,56,-136,-14708,-3112,5884,-505,116,-223,0
3634.1940081119533,10312,5004,10796,-87,5,13,9924,-9180,8748,19,214,-181,-14564,4168,3744,-1015,44,-118,-14632,-3192,5916,-490,126,-223,0
3634.2276289463043,10256,5008,11072,-110,31,6,9904,-9044,8716,-16,197,-204,-14376,4148,3864,-988,-28,-35,-14640,-3148,6064,-481,118,-271,0
3634.2610969543452,10316,5160,11204,-127,-39,-22,9768,-9120,8816,16,152,-209,-14692,4312,3684,-1101,-254,-75,-14720,-3136,5976,-475,114,-230,0
3634.2947330474854,9996,5164,11040,-106,-35,49,9824,-9216,8656,-46,189,-171,-14616,4364,3676,-963,89,-114,-14616,-3064,5840,-514,82,-179,0
3634.3282840251923,10012,5016,11156,-139,19,36,9816,-9052,9164,-6,130,-160,-14496,4304,3524,-1045,92,-132,-14688,-3044,5856,-490,134,-183,0
3634.3619301319122,10152,5196,10988,-151,-4,69,10020,-8964,8628,-63,161,-142,-14472,4144,3928,-1028,117,-75,-14712,-3156,5776,-493,83,-138,0
3634.3953340053554,10168,5200,11064,-161,-7,111,9868,-9028,8952,-61,112,-145,-14604,4176,3680,-1046,136,-42,-14704,-3140,5848,-495,124,-129,0
3634.428885936737,10408,5152,10972,-198,-21,128,9868,-8972,8836,-6,162,-151,-14608,4188,3808,-1054,117,-73,-14592,-3136,5692,-468,111,-105,0
3634.4623651504517,10180,5260,11108,-195,-42,133,9876,-8956,8768,-25,150,-152,-14516,4204,3608,-1277,145,-108,-14608,-3044,5944,-477,117,-79,0
3634.495849132538,10260,5244,10980,-223,-72,151,9956,-9132,8716,-19,124,-152,-14624,4264,3908,-1004,116,-74,-14668,-3144,5896,-476,121,-60,0
3634.5294289588933,10284,5116,11112,-276,-105,121,9936,-9068,8880,-62,143,-195,-14632,4288,3736,-967,116,-99,-14720,-3112,5968,-455,148,-63,0
3634.5629749298096,10200,5164,11104,-289,-144,143,9868,-9176,8892,-112,142,-198,-14548,4172,3800,-982,155,-85,-14632,-3064,5928,-486,183,-33,0
3634.59659409523,10016,5032,11048,-238,-156,158,9872,-9064,8688,-50,121,-206,-14400,4316,3708,-977,156,-135,-14360,-2980,5908,-487,198,-24,0
3634.6300230026245,10240,5004,11088,-277,-170,184,9828,-9084,8764,-42,104,-224,-14588,4248,3720,-1011,152,-162,-14716,-3024,5860,-464,192,-20,0
3634.6630039215092,10328,5080,10796,-295,-189,181,10184,-9096,8676,-28,114,-205,-14576,4260,3540,-1009,161,-153,-14696,-3004,5880,-457,201,-42,0
3634.7009239196773,10432,5080,11116,-308,-183,156,9944,-9172,8852,-4,113,-209,-14396,4260,3792,-1019,156,-108,-14692,-3132,5876,-480,207,-74,0
3634.7361631393433,10364,5088,10960,-292,-210,128,9912,-9056,8704,-10,135,-226,-14420,4092,3560,-1008,143,-126,-14712,-3000,5876,-473,187,-84,0
3634.7724149227142,10424,5128,10984,-230,-212,162,10144,-9152,8600,-20,86,-216,-14536,4200,3728,-1009,132,-142,-14688,-2820,5776,-448,173,-126,0
3634.8087310791016,10372,5088,10960,-200,-143,129,10040,-9072,8756,-40,112,-224,-14604,4132,3720,-1042,100,-120,-14716,-3096,5700,-473,177,-165,0
3634.8443589210506,10424,5100,10860,-184,-75,66,10096,-9184,8672,-4,177,-156,-14600,4184,3816,-1060,43,-39,-14636,-3088,6124,-465,90,-175,0
3634.8800640106206,10680,5336,10872,-170,23,51,10012,-8880,8776,27,211,-136,-14552,3844,3912,-1048,84,-77,-14600,-3020,5704,-459,107,-168,0
3634.915640115738,10300,5168,11048,-171,-256,69,9952,-9112,8740,29,153,-182,-14584,4248,3828,-1048,139,-91,-14652,-3048,6104,-436,187,-125,0
3634.9512810707092,10316,5164,11144,-166,-90,98,9912,-9088,8848,-24,130,-189,-14616,4276,3748,-991,110,-111,-14704,-2936,5908,-504,122,-114,0
3634.987684965133,10028,5124,11080,-204,-56,109,9788,-9092,8868,-54,100,-160,-14540,4232,3648,-1042,113,-81,-14596,-3052,5872,-490,124,-71,0
3635.0229229927063,10280,5028,11056,-181,-99,142,9772,-9184,8828,-92,76,-154,-14568,4236,3852,-1014,159,-49,-14608,-3292,5916,-489,158,-70,0
3635.0592069625854,10324,5108,11256,-209,-80,168,10088,-9024,8688,-89,102,-146,-14556,4140,3664,-1272,184,-37,-14692,-3016,5796,-459,96,-70,0
3635.0944731235504,10340,5052,11084,-203,-82,169,9920,-9128,8644,-99,50,-149,-14592,4360,3732,-779,161,-58,-14716,-3028,5948,-263,77,-85,0
3635.1305789947514,10332,4960,11184,-212,-84,153,9956,-9064,8688,-3,80,-170,-14572,4160,3776,-1029,130,-77,-14672,-3080,5840,-486,127,-97,0
3635.1655969619756,10324,5348,10936,-170,-62,112,9944,-9064,8816,-124,98,-213,-14636,4140,3704,-992,119,-131,-15052,-3096,5852,-466,119,-129,0
3635.2016611099243,10480,5012,11072,-192,-101,69,10100,-9124,8680,-30,99,-211,-14588,4124,3612,-967,108,-78,-14660,-2952,5884,-485,124,-139,0
3635.2376770973206,10404,4968,11060,-174,-64,63,9728,-9164,8512,-25,127,-183,-14420,4204,3680,-1014,90,-68,-14704,-2992,5812,-483,109,-147,0
3635.2727279663086,10300,4984,10984,-184,-25,81,10040,-8968,8620,-4,178,-142,-14356,4280,4040,-1018,48,-37,-14684,-3092,5820,-486,61,-167,0
3635.307760953903,10348,5116,11056,-175,10,57,9840,-9140,8668,-7,161,-132,-14648,4212,3408,-954,41,-58,-14664,-3016,5888,-460,81,-173,0
3635.343936920166,10456,5088,10992,-155,-22,63,9860,-9120,8728,-41,168,-152,-14372,4244,3788,-962,77,-88,-14612,-3088,5780,-491,92,-147,0
3635.3774321079254,10288,5056,11168,-131,-10,100,9740,-9088,8924,-41,116,-173,-14540,4112,3648,-1001,95,-91,-14644,-3064,5868,-491,111,-159,0
3635.4106459617615,10248,5044,11020,-177,-53,93,9916,-9052,8860,-33,128,-200,-14532,4240,3844,-1036,128,-111,-14672,-3320,5980,-489,142,-137,0
3635.444545030594,10408,5092,11148,-188,-70,104,9996,-9028,8812,-36,163,-202,-14480,4180,3660,-1034,123,-87,-14688,-3296,5940,-512,153,-111,0
3635.4779279232025,10320,5072,11204,-196,-65,122,9768,-9144,8828,-18,129,-175,-14392,4260,3716,-1016,98,-78,-14676,-3124,5948,-491,166,-105,0
3635.5113179683685,10276,5096,11120,-184,-97,145,9912,-8988,8924,-40,106,-192,-14660,4160,3664,-992,154,-123,-14700,-2904,6052,-495,192,-82,0
3635.5448420047765,10248,5140,11072,-177,-98,170,9964,-9084,8476,-66,91,-189,-14516,4244,3884,-987,107,-83,-14624,-3312,5868,-486,184,-88,0
3635.57814502716,10344,5112,11064,-180,-91,110,9888,-9168,8828,-54,128,-196,-14640,4140,3404,-980,58,-35,-14784,-3324,5892,-476,153,-130,0
3635.611566066742,10448,5112,10856,-201,-84,104,10236,-9104,8760,-64,159,-196,-14792,4220,3744,-961,37,-106,-14696,-3004,5704,-478,149,-109,0
3635.644814014434,10356,5048,10752,-221,-76,101,10044,-9124,8844,-42,143,-200,-14664,4100,3636,-990,57,-122,-14764,-2932,5776,-498,149,-137,0
3635.6781940460205,10624,5084,11028,-184,-63,68,10020,-9016,8624,-36,146,-195,-14380,4244,3504,-1006,83,-56,-14544,-3152,5784,-476,158,-168,0
3635.711447954178,10324,5036,11208,-191,-32,74,9896,-9124,8472,-30,144,-172,-14476,4248,3332,-1019,104,-74,-14660,-3056,5980,-503,151,-124,0
3635.7449939250946,10248,5044,11028,-156,-34,109,9992,-9072,8820,-41,141,-190,-14632,4284,3804,-1006,107,-91,-14564,-3104,5884,-528,138,-127,0
3635.7784371376038,10376,5052,11088,-140,-11,90,9904,-9160,8840,-36,131,-169,-14484,4156,3664,-1031,93,-105,-14724,-3024,5844,-537,133,-96,0
3635.811990976333,10244,5148,11104,-179,-27,84,9904,-9144,8672,-42,137,-176,-14548,4156,3616,-984,111,-81,-14644,-3104,6008,-508,162,-132,0
3635.8455770015717,10344,5076,11056,-176,-19,88,9896,-8768,8824,-47,308,-235,-14548,3948,3736,-895,127,-74,-14656,-3324,5880,-462,96,-151,0
3635.8789179325104,10336,5088,10844,-153,-37,109,9936,-9116,8808,-85,159,-144,-14388,4336,4060,-989,58,-75,-14716,-3080,5652,-510,89,-143,0
3635.9123039245605,10280,5020,11008,-192,10,65,9892,-9096,8828,-41,141,-154,-14568,4180,3748,-841,-98,-29,-14672,-3060,5824,-497,101,-162,0
3635.9458110332494,10300,5132,11056,-148,11,57,9896,-8764,8924,-81,224,-128,-14460,4012,3832,-1010,73,-15,-14708,-3152,5804,-479,127,-128,0
3635.979287147522,10332,4864,11032,-154,-17,73,10232,-9044,8796,-98,218,-149,-14648,4244,3736,-1273,52,-45,-14716,-3048,5832,-482,142,-167,0
3636.012979030609,10388,5160,10920,-140,7,65,10052,-9068,8580,-23,178,-160,-14560,4220,3820,-1007,23,-248,-14820,-2996,5952,-501,126,-120,0
3636.046633005142,10352,5100,11084,-117,-3,86,9944,-9048,8756,-47,164,-128,-14536,4312,3648,-1044,101,-62,-14712,-3020,5856,-494,117,-114,0
3636.0799839496613,10248,5144,11072,-134,-256,108,9964,-9124,8556,-58,135,-129,-14560,4200,3652,-1013,61,-21,-14672,-3036,5976,-504,87,-126,0
3636.1131711006165,10000,5036,11124,-158,20,75,9908,-9116,8876,-42,194,-116,-14576,4192,3712,-983,49,-8,-14644,-3276,5852,-489,106,-185,0
3636.146508932113,10192,5136,11248,-134,254,86,9916,-9028,8796,-45,170,-128,-14688,4228,3788,-1016,65,-50,-14696,-3084,5964,-491,113,-158,0
3636.17987203598,10260,5100,11044,-112,16,86,9836,-9136,8624,-27,139,-149,-14544,4180,3616,-976,85,-98,-14740,-3024,5868,-489,151,-148,0
3636.2134029865265,10432,4896,10996,-159,-18,111,9816,-9176,8508,-47,119,-211,-14540,4296,3688,-1005,111,-95,-14608,-3144,5892,-474,170,-115,0
3636.2471201419835,10456,5164,11108,-170,-97,117,10008,-9064,8868,-86,193,-195,-14476,4248,3816,-1279,96,-73,-14672,-3132,6032,-447,181,-123,0
3636.2805359363556,10260,5184,11084,-137,-62,123,9920,-9128,8604,-24,152,-196,-14584,4248,3644,-1002,77,-63,-14644,-3144,5764,-460,207,-128,0
3636.3141210079193,10480,5084,11072,-172,-59,97,9856,-9032,8672,-34,162,-195,-14824,4244,4088,-981,98,-133,-14680,-2988,5988,-462,180,-89,0
3636.3500809669495,10264,5240,11140,-154,-69,109,9880,-9040,8860,-50,127,-201,-14692,4304,3864,-1017,90,-62,-14804,-3164,5952,-470,165,-113,0
3636.3853719234467,10232,5112,11060,-160,-60,88,9820,-9120,8820,-90,149,-180,-14460,4192,3860,-983,106,-101,-14748,-2840,5892,-494,140,-127,0
3636.420933008194,10296,5120,11020,-170,-41,111,9968,-9236,8644,-72,141,-182,-14552,4304,3944,-981,96,-85,-14676,-3304,5816,-448,148,-114,0
3636.456037044525,10332,4996,11148,-188,-58,120,9848,-9052,8872,-60,135,-166,-14748,4192,3596,-993,142,-113,-14564,-3040,5864,-490,138,-116,0
3636.4919359683995,10284,4888,10780,-177,-60,84,9884,-9168,8752,-34,162,-188,-14740,4224,3672,-1006,129,-73,-14668,-3076,5856,-496,136,-118,0
3636.5277891159058,10280,5256,11024,-208,-41,91,9896,-9076,8812,-47,148,-172,-14604,4224,3596,-1008,139,-98,-14660,-3068,5704,-483,145,-102,0
3636.5628819465637,9984,5184,11228,-209,-49,97,9932,-9028,8676,-41,160,-182,-14372,4260,3632,-991,131,-88,-14736,-3092,5992,-480,160,-75,0
3636.597661972046,10356,5336,11112,-244,-94,141,9936,-9188,8764,-50,127,-212,-14620,4236,3792,-960,92,-145,-14776,-3132,6108,-479,168,-87,0
3636.633271932602,10336,5172,11160,-257,-110,131,9940,-9168,8740,-71,125,-232,-14564,4264,3696,-949,111,-89,-14636,-3092,5932,-475,191,-88,0
3636.6689560413365,10428,4952,11256,-288,-125,119,9884,-9104,8724,-57,128,-229,-14556,4308,3768,-939,131,-163,-14608,-2844,6064,-485,188,-50,0
3636.7043619155884,10212,5060,11100,-269,-113,134,9916,-9208,8756,-90,142,-204,-14404,4588,3728,-936,105,-109,-14612,-2988,5976,-475,162,-83,0
3636.739618062973,10200,5028,11384,-302,-157,104,9876,-9144,8620,-8,124,-207,-14828,4208,3836,-955,95,-175,-14708,-3040,5840,-468,211,-75,0
3636.7746789455414,10296,5076,10928,-502,-110,134,9972,-9120,8524,-39,152,-235,-14832,4172,3800,-944,86,-110,-14616,-2980,5888,-457,217,-109,0
3636.8101890087123,10372,5132,11024,-286,-120,104,10224,-9088,8476,-33,134,-218,-14500,4168,3592,-957,104,-154,-14636,-2988,5644,-455,179,-68,0
3636.8456749916077,10296,5044,11048,-271,-187,124,9892,-9120,8744,-32,140,-3,-14592,4272,3552,-996,121,-102,-14692,-2956,5916,-451,182,-93,0
3636.880784034729,10372,5040,11124,-232,-102,146,10004,-9044,8580,5,103,-208,-14796,4240,3816,-1004,109,-93,-14692,-3180,5996,-506,124,-136,0
3636.9161870479584,10044,5136,11200,-227,-83,102,9892,-9132,8712,-250,152,-165,-14680,4196,3776,-961,68,-72,-14748,-3088,5688,-502,96,-121,0
3636.9521870613094,10228,5140,11000,-269,-95,104,9792,-9088,8712,-36,103,-195,-14164,4244,3820,-981,134,-123,-14840,-3032,5960,-551,122,-121,0
3636.9875760078426,10176,5000,11080,-240,-124,140,9864,-9116,8504,-21,111,-218,-14776,4252,3592,-969,122,-102,-14640,-3096,5860,-492,110,-108,0
3637.02322101593,10272,5072,10792,-234,-171,169,9864,-9072,8784,-35,71,-210,-14584,4248,3720,-1019,154,-83,-14652,-3032,5924,-529,175,-86,0
3637.056841135025,10276,5004,10932,-149,-149,163,9976,-9020,8448,-76,39,-222,-14516,4220,3716,-976,145,-91,-14680,-3076,5928,-523,139,-94,0
3637.0903511047363,10312,5052,11108,-168,-126,134,10032,-9040,8672,-77,52,-192,-14620,4204,3688,-1019,165,-73,-14696,-2972,6068,-503,137,-107,0
3637.1237659454346,10252,5088,10944,-143,-78,131,10212,-9016,8564,-37,129,-161,-14368,4172,3744,-1065,128,-85,-14696,-3020,5820,-468,169,-95,0
3637.156989097595,10252,5028,11056,-153,-38,119,9924,-9020,8792,-69,126,-161,-14652,4200,3880,-1049,105,-59,-14672,-3112,5872,-450,145,-112,0
3637.1902849674225,10304,5024,11072,-170,-37,101,9892,-9164,8668,-92,106,-151,-14584,4196,3844,-974,75,-59,-14736,-3068,5848,-481,157,-120,0
3637.2236919403076,10316,5108,11236,-138,-8,113,9972,-9044,8760,-118,95,-177,-14832,4168,3596,-949,81,-81,-14620,-3044,5868,-468,151,-149,0
3637.25805902481,10264,5012,11056,-163,-33,95,9908,-9044,8632,-75,153,-171,-14548,4220,3644,-989,88,-99,-14592,-3016,5884,-488,143,-119,0
3637.2917110919952,10404,5016,11040,-168,-34,123,9948,-9048,8664,-54,143,-179,-14540,4276,3752,-1007,92,-110,-14692,-2992,5896,-489,139,-128,0
3637.325250148773,10080,5024,11108,-163,-21,98,9968,-9252,8704,-32,178,-163,-14604,4268,3628,-1034,101,-82,-14724,-3024,6064,-475,192,-111,0
3637.358715057373,10292,5044,10960,-178,-65,104,9868,-9184,8724,-44,169,-179,-14480,4244,3680,-992,83,-75,-14676,-2992,5940,-484,195,-90,0
3637.3917729854584,10324,5024,11128,-186,-80,122,10016,-9020,8668,-63,158,-191,-14776,4160,3764,-930,101,-107,-14732,-3096,5924,-472,174,-115,0
3637.4254479408264,10352,5076,11016,-137,-61,142,10024,-9116,8792,-60,132,-149,-14596,4160,3780,-923,59,-131,-14712,-2928,5768,-498,128,-117,0
3637.459074020386,10452,4980,10888,-160,-6,99,10036,-9136,8640,-85,122,-157,-14380,4280,3680,-925,50,-71,-14812,-3012,5788,-552,141,-137,0
3637.4927549362183,10316,5372,11136,-141,-21,83,9732,-9052,8620,-43,143,-158,-14676,4196,3772,-1010,53,-60,-14556,-3152,5876,-497,124,-168,0
3637.526433944702,10396,5080,10960,-123,-55,80,9732,-9016,8448,-50,141,-164,-14576,4236,3756,-1280,29,-55,-14656,-3288,5916,-456,132,-159,0
3637.5598509311676,10368,4868,10868,-162,-38,69,10188,-9076,8448,-35,121,-200,-14644,4276,3532,-1008,14,-84,-14664,-2860,6052,-501,96,-165,0
3637.5933589935303,10360,5356,10916,-124,-62,85,9732,-9100,8488,-80,115,-179,-14520,4336,3720,-962,85,-89,-14636,-3316,6048,-560,101,-137,0
3637.6269860267644,10368,5080,10928,-129,-30,109,10000,-9192,8556,-43,129,-160,-14844,4272,3732,-1022,66,242,-15044,-3104,5824,-514,77,-121,0
3637.6602051258083,10260,5052,11104,-115,58,90,9820,-9164,8484,-92,96,-146,-14512,4232,3832,-943,49,-37,-14664,-2908,5972,-574,40,-175,0
3637.693722009658,10224,5320,11144,-103,5,96,9972,-9116,8604,-40,114,-142,-14500,4196,3680,-966,87,-108,-14636,-3040,5664,-556,86,-133,0
3637.727195978164,10240,5356,11100,-80,-58,111,10012,-9120,8736,-23,127,-171,-14616,4212,3712,-974,129,-130,-14652,-2864,5712,-768,165,-134,0
3637.76061296463,10260,5148,10976,-135,-87,140,9920,-9152,8596,-45,128,-194,-14484,4252,3844,-977,136,-93,-14588,-3180,5776,-495,156,-109,0
3637.793982028961,10056,5184,11024,-137,-116,112,10228,-9080,8856,-74,124,-175,-14364,4276,3608,-943,105,-57,-14632,-3212,5940,-486,117,-135,0
3637.8277499675755,10324,5112,10996,-174,-110,75,9932,-9192,8468,-48,146,-216,-14588,4176,4036,-945,102,-125,-14620,-3132,5948,-499,178,-167,0
3637.8612389564514,10272,5104,11076,-153,-95,64,9880,-9208,8612,-69,112,-189,-14632,4324,3780,-877,84,-139,-14692,-2888,5652,-525,170,-131,0
3637.8944110870366,10476,5084,11124,-148,-94,103,9848,-9088,8676,-69,153,-178,-14644,4320,3828,-933,93,-98,-14556,-3096,5868,-767,149,-122,0
3637.9281039237976,10188,5164,11068,-197,-82,107,9900,-9148,8612,-103,123,-152,-14544,4256,3692,-938,101,-64,-14644,-3016,5816,-764,198,-95,0
3637.961717128753,10180,5120,10984,-192,-98,139,9956,-9120,8580,-98,82,-169,-14472,4284,3788,-950,131,-85,-14688,-3064,5712,-491,194,-88,0
3637.995626926422,10404,5288,10800,-187,-92,159,10232,-9112,8672,-91,171,-126,-14560,4324,3720,-999,27,-78,-14600,-2980,6136,-520,163,-64,0
3638.0317199230194,10468,5076,11056,-208,-99,170,9992,-9104,8584,17,188,-140,-14564,4284,3720,-1094,47,-67,-14704,-2928,5868,-481,163,-133,0
3638.067148923874,10232,5272,11120,-226,-32,114,10036,-9288,8664,28,174,-187,-14360,4200,3668,-1056,32,-140,-14696,-3056,5884,-443,223,-156,0
3638.1022770404816,10324,5104,11012,-157,-67,42,9808,-9160,8900,-4,177,-199,-14836,4204,3696,-819,-108,-150,-14680,-3100,5896,-534,207,-196,0
3638.138123989105,10024,5136,10776,-157,-74,252,9984,-9112,8704,-26,249,-231,-14536,4180,3720,-927,-119,-129,-14740,-3128,5644,-472,192,-212,0
3638.173613071441,10308,5160,11048,-172,-68,17,9932,-9144,8772,-22,234,-196,-14632,4224,3944,-926,-4,-136,-14612,-3056,5644,-471,140,-168,0
3638.2143940925603,10264,5108,11056,-218,-66,11,9924,-9124,8676,253,176,-187,-14528,4284,3820,-963,255,-104,-14720,-3052,6044,-465,157,-156,0
3638.2502040863037,10288,5208,10964,-169,-21,82,9844,-9124,8880,-64,213,-153,-14608,4220,3908,-1015,-3,-79,-14684,-3124,6072,-501,95,-165,0
3638.285310983658,10196,5104,11052,-173,241,47,10012,-8972,8640,-23,162,-163,-14548,4296,3604,-1003,132,-56,-14684,-3252,5840,-498,123,-161,0
3638.3211140632634,10188,5024,10796,-166,-37,86,9792,-9152,8736,-251,121,-142,-14500,4216,3732,-1074,106,-103,-14608,-3176,5880,-565,147,-145,0
3638.3572900295253,10200,5192,10952,-121,-46,162,9924,-9060,8828,248,141,-146,-14636,4148,3760,-988,179,-58,-14672,-3164,5692,-761,111,-137,0
3638.391860961914,10184,5140,10992,-142,-31,111,9868,-9060,8720,-35,151,-183,-14536,4200,3692,-924,163,-89,-14604,-3224,5792,-517,97,-130,0
3638.428236961365,10312,5232,11016,-198,-23,85,9952,-9108,8724,-43,188,-164,-14552,4236,3840,-939,118,-66,-14468,-3152,5852,-498,113,-146,0
3638.463949918747,10248,5340,10808,-181,-14,106,9940,-9048,8728,-28,162,-146,-14556,4236,3624,-963,113,-42,-14344,-3080,5928,-268,156,-123,0
3638.5001990795135,10248,4884,11084,-186,-52,131,9880,-8968,8692,-44,117,-191,-14420,4300,3824,-975,172,-112,-14828,-3048,5964,-505,165,-73,0
3638.5354471206665,10240,5100,11156,-174,-84,141,9872,-9200,8504,-78,124,-185,-14552,4332,3616,-930,132,-86,-14768,-3100,5988,-759,175,-116,0
3638.570902109146,10316,5148,10940,-190,-29,95,9996,-9136,8532,-48,164,-169,-14520,4372,3772,-893,83,-90,-14672,-3036,5888,-259,203,-101,0
3638.6061260700226,10108,5256,11024,-173,-68,97,9872,-9196,8728,-53,173,-192,-14568,4208,3720,-943,67,-99,-14672,-3108,5888,-509,207,-117,0
3638.6419379711147,10288,5228,11096,-158,-115,118,9856,-9104,8648,-19,170,-188,-14560,4220,3736,-900,56,-143,-14672,-3180,5796,-492,178,-131,0
3638.6791391372685,10348,5044,11108,-186,-41,77,9912,-9128,8760,-57,204,-165,-14560,4232,3760,-889,19,-136,-14704,-3028,5860,-479,167,-129,0
3638.712616920471,10260,5196,11076,-205,-43,83,9952,-9120,8956,-38,219,-156,-14352,4260,3796,-890,39,-85,-14652,-2836,5848,-501,160,-140,0
3638.7459909915924,9996,5292,10816,-182,-63,72,9932,-9080,8732,-17,191,-181,-14596,4216,3812,-909,70,-74,-14632,-3136,5796,-480,155,-135,0
3638.7801671028133,10272,5216,11060,-183,-54,102,9964,-9136,8728,-43,176,-207,-14384,4196,3832,-938,78,-84,-14428,-3196,5692,-258,175,-108,0
3638.8137259483333,10184,5144,10912,-156,-61,88,9824,-9156,8720,-44,143,-158,-14344,4304,4084,-964,71,-76,-14664,-3288,6072,-538,154,-122,0
3638.8474349975586,10324,5076,11016,-127,-22,110,9888,-9096,8756,-45,143,-125,-14572,4256,3472,-968,137,-84,-14400,-3144,5848,-537,132,-131,0
3638.8807730674744,10204,5144,11088,-136,9,101,9944,-9108,8752,-57,161,-147,-14616,4256,3688,-1005,134,-52,-14696,-3152,5900,-524,128,-159,0
3638.9142510890965,10276,5184,11016,-155,-21,50,9884,-9096,8504,-56,176,-154,-14532,4248,3784,-1021,66,-24,-14708,-3108,5776,-497,98,-181,0
3638.948049068451,10308,4932,10972,-106,27,69,9884,-9148,8764,-99,123,-107,-14532,4588,3648,-984,82,-26,-14772,-3268,5716,-479,94,-148,0
3638.98171710968,10224,5204,10896,-159,56,77,9900,-8988,8800,-60,116,-140,-14588,4356,3676,-1060,111,-41,-14552,-3136,5636,-505,89,-135,0
3639.015391111374,10092,5156,11044,-116,17,90,9788,-9256,8908,-60,147,-148,-14500,4220,3780,-1031,164,-69,-14628,-3200,5880,-473,112,-112,0
3639.0489571094513,10256,5148,11060,-104,-15,106,9940,-9268,8624,-117,123,-167,-14552,4292,3960,-921,107,-85,-14652,-3176,5852,-524,99,-188,0
3639.0825769901276,10324,5108,11196,-141,13,78,9852,-9108,8608,-72,140,-172,-14500,4212,3604,-990,97,-78,-14664,-3036,5780,-509,110,-167,0
3639.11615896225,10292,5212,11140,-114,-2,106,9980,-9160,8632,-16,241,-113,-14636,4556,3832,-1058,80,-247,-14776,-3088,5904,-479,82,-165,0
3639.1494719982147,10248,5144,11016,-156,16,77,9792,-9164,8616,-47,208,-129,-14520,4292,3868,-1073,132,-40,-14696,-3200,5936,-455,60,-122,0
3639.1828191280365,10152,5264,11016,-162,56,81,9716,-9256,8680,-65,155,-135,-14536,4396,3832,-1009,109,-61,-14560,-3196,5716,-481,97,-126,0
3639.2164170742035,10224,5268,11068,-144,3,101,9812,-9228,8736,-60,162,-177,-14576,4304,3756,-772,95,-72,-14700,-3232,5860,-496,125,-127,0
3639.2499759197235,10248,5124,10964,-150,-27,80,9876,-9140,8736,-27,164,-203,-14500,4264,3964,-1042,133,-75,-14664,-3172,5944,-472,131,-139,0
3639.2831490039825,10280,5172,11080,-178,-18,66,9880,-9300,8552,-20,164,-203,-14492,4368,4048,-1099,125,-103,-14684,-3200,5688,-520,115,-107,0
3639.316873073578,10188,5176,11092,-158,-25,42,9912,-9260,8668,-19,158,-189,-14388,4296,3968,-1107,115,-119,-14684,-3184,6056,-469,63,-137,0
3639.350464105606,10156,5172,11340,-173,28,21,9808,-9172,8756,2,164,-178,-14600,4100,3640,-1163,101,-96,-14740,-3140,5860,-475,65,-113,0
3639.383728981018,10168,5304,10988,-177,12,64,9844,-9224,8684,6,184,-176,-14580,4256,3880,-1191,133,-78,-14680,-3156,6136,-412,71,-92,0
3639.4172971248627,10184,5160,11248,-226,-37,59,9960,-9188,8872,9,146,-191,-14548,4400,3784,-1295,152,-69,-14372,-3140,5912,-270,39,-43,0
3639.4508011341095,10124,5288,11140,-262,-81,117,9768,-9172,8816,6,138,-227,-14560,4228,3692,-1265,150,-93,-14568,-3188,5972,-289,98,-45,0
3639.4844019412994,10124,5252,11036,-300,-115,109,9808,-9204,8716,-21,212,-195,-14540,4136,3832,-1214,142,-146,-14560,-3148,5900,-378,161,-64,0
3639.5179159641266,10132,5240,11196,-307,-138,112,9852,-9108,8856,-3,168,-228,-14496,4288,4020,-1133,118,-110,-14344,-3324,6032,-451,202,-68,0
3639.5515861511226,10172,5156,11152,-504,-134,116,9888,-9136,8800,21,189,-227,-14492,4252,3880,-1080,118,-96,-14616,-2888,5856,-455,207,-71,0
3639.5852150917053,10244,5180,10952,-264,-153,103,9880,-8992,8792,254,137,-229,-14364,4184,3648,-1041,78,-83,-14696,-3068,5892,-497,2,-109,0
3639.618844985962,10156,5184,11188,-245,-138,121,10160,-8980,8760,29,182,-213,-14480,4316,3684,-1013,112,-128,-14616,-3072,5964,-534,3,-82,0
3639.652513027191,10296,5176,11132,-234,-130,112,9916,-9240,8736,255,163,-224,-14580,4196,3780,-1040,126,-177,-14576,-3244,5896,-536,269,-82,0
3639.6856129169464,10224,5152,11080,-256,-161,139,9908,-9104,8816,-20,143,-231,-14540,4264,3748,-1046,147,-129,-14664,-3116,5864,-447,207,-113,0
3639.722440004349,10356,5084,10928,-231,-133,106,9848,-9068,8500,-36,191,-220,-14636,4196,3632,-948,152,-145,-14712,-2996,5996,-501,160,-145,0
3639.7581989765163,10460,5172,11212,-238,-102,47,9948,-9124,8696,44,161,-236,-14580,4172,3676,-771,92,-135,-14632,-3172,5916,-493,171,-146,0
3639.793631076813,10124,5248,10944,-229,-62,67,9952,-9012,8888,-27,180,-223,-14616,4188,3820,-1038,87,-82,-14688,-3128,6120,-468,105,-113,0
3639.8292419910426,10200,5256,11104,-2,-66,38,9776,-9168,8724,-37,176,-235,-14548,4248,3880,-978,110,-110,-14724,-3032,5852,-496,149,-95,0
3639.8644819259644,10168,5148,11016,-272,-139,145,9944,-9272,8672,-43,108,-215,-14468,4296,3908,-1016,191,-97,-14808,-3092,5808,-476,160,-36,0
3639.899927139282,10124,5112,11032,-1,-134,221,9812,-9076,8732,-68,102,-159,-14576,4328,3784,-1025,187,-65,-14636,-3124,5940,-496,129,-30,0
3639.9349179267883,10240,5220,11124,-245,-122,227,9880,-9184,8524,-63,74,-164,-14568,4244,3840,-969,151,-56,-14620,-3160,5892,-519,153,-20,0
3639.9706830978394,10228,5236,11232,-225,-150,207,9844,-9124,8804,-45,91,-175,-14828,4164,3828,-984,140,-63,-14540,-3104,5852,-538,152,-38,0
3640.007159948349,10492,5320,10760,-140,-151,185,9868,-9124,8716,-68,97,-164,-14548,4232,3736,-1016,152,-91,-14636,-3288,5804,-509,213,-94,0
3640.042247056961,10216,5068,11092,-129,-124,163,9928,-9156,8804,-66,131,-202,-14544,4176,3588,-1272,144,-46,-14736,-3068,5812,-474,173,-107,0
3640.0781259536743,10332,4872,11232,-160,-114,128,9952,-8964,8640,-69,127,-173,-14812,4280,3708,-1018,96,-82,-14656,-2948,5668,-442,145,-133,0
3640.113515138626,10492,5004,11064,-168,-62,78,9944,-9116,8740,-40,123,-161,-14460,4256,3624,-1063,119,-68,-14600,-3052,5860,-471,153,-134,0
3640.149197101593,10148,5172,11140,-123,-60,106,9904,-9184,8508,18,130,-187,-14848,4244,3620,-1123,103,-93,-14644,-3116,6072,-464,156,-113,0
3640.184147119522,10040,5368,11172,-141,-92,110,9828,-9208,8904,-26,130,-191,-14488,4144,3676,-1018,136,-45,-14684,-2844,5860,-470,112,-139,0
3640.2206671237946,10188,5188,11260,-91,-48,80,9924,-9140,8704,-53,115,-159,-14660,4272,3668,-1039,72,-89,-14768,-3252,6004,-514,97,-185,0
3640.256367921829,10476,4880,11128,-124,30,59,9916,-9460,8828,-5,153,-144,-14612,4252,3752,-1270,38,-74,-14660,-3060,5956,-534,67,-205,0
3640.2924449443813,10128,5136,11136,-110,15,78,9924,-8980,8636,-5,158,-141,-14716,4156,3588,-1031,86,-80,-14348,-3164,5700,-498,78,-197,0
3640.328691959381,10224,5236,11076,-95,26,37,9804,-9144,8768,-61,162,-179,-14348,4036,3712,-999,45,-76,-14736,-2968,5636,-457,115,-181,0
3640.3656089305878,10292,5204,11092,-156,-41,51,9864,-9236,8760,-20,146,-197,-14472,4188,3940,-1007,48,-107,-14740,-2988,5972,-493,129,-185,0
3640.3989491462708,10092,5232,10900,-135,-44,87,9728,-9136,8512,-34,88,-183,-14828,4296,3620,-1046,102,-49,-14620,-3112,5896,-523,122,-176,0
3640.432574033737,10252,5232,10972,-127,-33,104,9908,-9160,8948,-50,104,-161,-14540,4148,3812,-1029,95,-24,-14668,-3272,5940,-495,117,-169,0
3640.465960979461,10256,5196,10956,-102,1,80,9776,-9188,8456,-55,144,-135,-14484,4348,3828,-1018,70,-72,-14740,-3156,5904,-485,104,-139,0
3640.4996731281285,10124,5208,11124,-153,-7,73,9940,-9252,8712,-53,189,-137,-14612,4316,3912,-1012,91,-37,-14696,-3136,5780,-492,80,-169,0
3640.5328769683842,10160,5136,10972,-119,12,61,9800,-9000,8728,-41,136,-143,-14456,4392,3816,-996,31,-43,-14640,-3132,5836,-497,77,-180,0
3640.5661959648132,10204,5204,11128,-106,-16,86,9952,-9144,8588,-58,147,-132,-14456,4516,3740,-992,48,-61,-14816,-3268,6132,-262,130,-164,0
3640.5999331474304,10068,5120,11076,-150,-36,111,9852,-9212,8732,-57,204,-167,-14580,4304,3832,-958,52,-50,-14676,-3192,5832,-473,170,-133,0
3640.633315086365,10232,5088,10976,-154,-74,108,9712,-9440,8792,-57,169,-179,-14512,4280,3696,-1004,72,-103,-14672,-3200,5964,-501,214,-136,0
3640.6667120456696,10244,5180,10988,-167,-58,89,9964,-9448,8912,-76,178,-196,-14600,4208,3832,-995,54,-114,-14612,-3144,5924,-455,190,-115,0
3640.7001740932465,10224,5108,11080,-172,-63,96,9704,-9232,8796,-73,190,-171,-14536,4096,3832,-976,44,-56,-14724,-2912,5924,-508,164,-114,0
3640.7335281372075,10248,5240,11148,-202,-22,97,9916,-9156,8768,-54,204,-151,-14348,4244,3804,-971,48,-62,-14628,-3176,5644,-492,156,-107,0
3640.7672250270844,10248,5272,11148,-226,-252,96,9864,-9196,8760,-34,174,-149,-14512,4252,3792,-995,50,-100,-14604,-3188,6012,-490,135,-115,0
3640.8007810115814,10176,5268,11080,-245,-38,110,9792,-9176,8928,-24,158,-180,-14600,4168,3896,-979,48,-116,-14740,-3168,5896,-454,142,-123,0
3640.8341591358185,10100,5176,11172,-289,-82,137,9820,-9172,8612,-22,148,-216,-14600,4236,3820,-1003,88,-85,-14608,-3140,5896,-484,181,-80,0
3640.867588996887,10264,5240,11108,-247,-152,142,9828,-9120,8764,-68,118,-236,-14464,4280,3652,-1003,163,-127,-14604,-3152,5924,-512,173,-66,0
3640.900787115097,10476,5240,11028,-245,-112,132,9872,-9176,8768,-42,137,-213,-14480,4300,3840,-980,176,-130,-14532,-3164,5932,-484,138,-55,0
3640.934313058853,10176,5204,11020,-268,-117,142,9812,-9128,8708,-37,70,-215,-14516,4236,3792,-1007,219,-94,-14768,-2868,5672,-475,116,-63,0
3640.9675941467285,10096,5192,11040,-233,-123,132,9876,-9036,8684,-19,109,-212,-14496,4244,3724,-1052,209,-112,-14708,-3076,5920,-462,153,-43,0
3641.0010490417485,10216,5152,11164,-228,-133,132,9788,-8980,8728,-6,112,-227,-14832,4192,3684,-1036,176,-114,-14680,-3220,5900,-460,180,-52,0
3641.0347340106964,10180,5208,11068,-272,-137,127,9912,-9228,8920,-12,120,-228,-14472,4288,3832,-1026,179,-128,-14576,-3124,5980,-462,192,-39,0
3641.0682089328766,10092,5088,10976,-253,-139,177,9844,-9284,8816,-16,109,-254,-14616,4168,3876,-1021,185,-148,-14708,-3096,5964,-461,211,-48,0
3641.10180902481,10180,5236,11172,-246,-135,162,9944,-9120,8496,-8,117,-219,-14572,4324,3820,-997,174,-120,-14692,-3128,6104,-461,175,-83,0
3641.1352140903473,10236,5144,10944,-251,-139,131,9876,-9148,8720,14,124,-199,-14668,4268,3668,-1030,135,-142,-14592,-3056,5916,-478,164,-95,0
3641.1682920455933,9996,5108,11192,-264,-160,116,9832,-9076,8632,4,113,-225,-14520,4228,3828,-997,119,-141,-14592,-3052,5904,-447,149,-98,0
3641.2017409801483,10228,5200,10896,-227,-94,114,9908,-9056,8740,-25,136,-198,-14612,4268,3844,-985,116,-104,-14680,-3084,6140,-460,144,-98,0
3641.235237121582,10060,5028,11000,-239,-78,92,9876,-9404,8648,53,111,-193,-14620,4288,3704,-993,76,-75,-14572,-2824,6056,-497,152,-119,0
3641.2686769962315,10076,5224,11024,-230,-147,155,9864,-9096,8604,34,109,-169,-14536,4148,3760,-993,143,-128,-14648,-3156,5860,-458,178,-104,0
3641.302181005478,10032,4900,11140,-185,-141,115,9808,-9108,8632,-46,119,-241,-14512,4216,3732,-941,115,-172,-14828,-3072,5884,-469,221,-92,0
3641.335741996765,10292,5064,11072,-233,-217,130,9880,-9236,8676,-31,76,-217,-14556,4328,3624,-981,105,-136,-14656,-3040,5640,-481,220,-103,0
3641.3691599369054,10336,5088,11040,-189,-112,154,9744,-9056,8856,-24,148,-133,-14836,4180,3408,-1004,94,-15,-14712,-3180,5920,-483,116,-157,0
3641.4058859348293,10304,4900,11224,-160,-28,87,9912,-9008,8468,-43,182,-112,-14544,4212,3808,-992,27,-64,-14840,-3088,5656,-465,100,-144,0
3641.4412040710454,10220,5176,10976,-206,8,107,9840,-9184,8484,-43,199,-119,-14632,4272,3728,-1020,38,-18,-14720,-3092,6140,-467,129,-109,0
3641.4773190021515,10228,5120,10768,-175,-20,111,9900,-9200,8760,-42,158,-134,-14348,4308,3976,-990,85,-91,-14804,-3128,5952,-474,191,-79,0
3641.5124740600586,9988,4916,11200,-199,-110,156,9872,-9208,8500,-37,103,-214,-14500,4216,3656,-1025,169,-144,-14604,-2844,5856,-496,262,-47,0
3641.5485141277313,10136,5132,10952,-144,-166,178,9776,-9072,8664,-15,88,-237,-14848,4236,3768,-972,169,-102,-14764,-3100,5676,-492,161,-98,0
3641.583514928818,10372,5028,11224,-147,-59,86,9920,-9100,8572,-249,180,-177,-14672,4200,3836,-1024,25,-81,-14744,-3084,5824,-535,67,-157,0
3641.6190900802612,10308,5324,10968,-167,31,69,9848,-9204,8760,18,190,-145,-14592,4332,3620,-1034,25,-43,-14672,-3124,5932,-763,135,-121,0
3641.6543209552765,10232,5360,11204,-167,-22,96,9960,-9164,8664,-25,122,-169,-14552,4208,3636,-1010,145,-75,-14608,-3256,6000,-464,159,-100,0
3641.6906330585484,10184,5068,11136,-173,-100,112,9900,-9136,8676,-66,81,-209,-14568,4560,3668,-978,112,-95,-14696,-3068,5924,-496,202,-144,0
3641.7255771160126,10232,5176,11072,-176,-98,118,9776,-9164,8744,-56,134,-224,-14548,4352,3912,-986,124,-90,-14672,-3016,6024,-513,173,-109,0
3641.761176109314,10332,5084,11080,-190,-72,88,9928,-9176,8716,-34,121,-182,-14548,4228,3800,-773,102,-72,-14748,-2828,5964,-501,118,-155,0
3641.797264099121,10212,5084,11104,-154,-17,92,9796,-9316,8740,0,155,-159,-14488,4340,3800,-1036,112,-89,-14692,-3164,5760,-505,114,-157,0
3641.8318209648132,10156,5160,11068,-143,-23,61,9896,-9032,8784,19,125,-174,-14520,4292,3968,-1029,109,-119,-14664,-3276,5828,-494,142,-134,0
3641.8683381080627,10200,5192,11140,-162,-68,101,9884,-9112,8828,-18,121,-173,-14584,4212,3728,-1003,108,-71,-14776,-3200,6120,-502,129,-141,0
3641.903494119644,10360,5244,10764,-164,-73,120,9980,-8984,8800,-56,110,-168,-14620,4188,3728,-1000,160,-54,-14644,-3020,5896,-492,106,-64,0
3641.9393050670624,10316,5164,11132,-217,-86,147,9812,-9124,8784,-62,92,-166,-14580,4196,3892,-1011,158,-17,-14692,-3172,5792,-496,140,-77,0
3641.9750859737396,10300,4920,11060,-209,-35,151,9864,-9156,8888,-80,112,-141,-14656,4196,3728,-1029,125,-10,-14732,-3060,5876,-494,80,-80,0
3642.010409116745,10368,5344,11056,-197,-45,107,9868,-9168,8460,-60,135,-109,-14604,3980,3732,-769,78,-11,-14704,-2852,5892,-516,85,-158,0
3642.0470931530003,10348,5112,11068,-199,245,99,9792,-9200,8804,25,123,-128,-14508,4360,3596,-1070,110,-67,-14612,-2924,5796,-262,125,-130,0
3642.0805010795593,10108,5352,11016,-150,-6,108,9948,-9044,8864,-3,119,-132,-14428,4316,3944,-1032,94,-68,-14652,-3124,6004,-526,133,-136,0
3642.114278078079,10196,5052,11128,-112,-40,98,9844,-9008,8696,2,123,-190,-14544,4268,3620,-999,89,-95,-14620,-3144,5976,-518,140,-149,0
3642.1477501392365,10148,5152,11056,-163,-46,69,9800,-9168,8840,1,148,-190,-14364,4360,4092,-959,52,-123,-14576,-3040,5948,-259,161,-143,0
3642.1811530590053,10192,5088,10980,-138,-55,30,9940,-9264,8692,13,201,-226,-14612,4252,3716,-1001,39,-158,-14708,-3108,5756,-767,165,-172,0
3642.2143981456757,10476,5228,11128,-170,-84,50,9904,-9120,8464,35,201,-1,-14356,4260,3708,-990,74,-180,-14396,-3288,5888,-462,223,-163,0
3642.2476680278774,10260,5208,11064,-149,-64,19,9900,-9124,8792,16,207,-506,-14356,4128,3636,-982,95,-149,-14736,-3104,5824,-452,184,-152,0
3642.2810509204865,10448,5236,11152,-192,-106,32,9884,-9224,8848,14,197,-244,-14576,4148,3756,-963,58,-125,-14672,-3164,5900,-459,161,-166,0
3642.314743041992,10216,5272,11100,-199,-32,40,9740,-9200,8732,12,171,-226,-14480,4300,3984,-983,92,-178,-14760,-3160,5868,-518,215,-97,0
3642.34841299057,10200,5188,11116,-147,-99,98,9748,-9052,8876,49,97,-213,-14512,4172,4048,-1045,101,-182,-14824,-3244,5644,-501,201,-103,0
3642.381847143173,10172,5272,11040,-163,-154,135,9828,-9004,8852,-24,117,-200,-14624,4104,3792,-993,68,-95,-14720,-3136,5868,-489,163,-138,0
3642.415143966674,10492,5292,11044,-197,-108,115,9844,-9052,8780,-48,117,-182,-14376,4180,3876,-1000,87,-40,-14652,-3188,5908,-504,146,-123,0
3642.4487819671626,10336,5228,11056,-210,-76,136,9832,-9168,8868,-42,130,-189,-14512,4120,3620,-1024,113,-80,-14636,-3308,5648,-481,130,-105,0
3642.4821600914006,10236,5124,11132,-196,-56,126,9868,-9132,8724,-29,98,-164,-14500,4128,3644,-1030,106,-55,-14660,-3172,5660,-475,128,-96,0
3642.515799045562,10228,5044,11128,-190,-51,125,9864,-9192,8520,-12,110,-187,-14560,4368,3660,-1006,104,-86,-14716,-3132,5844,-487,156,-113,0
3642.5492930412292,10164,5212,11152,-167,-95,129,9896,-9160,8704,-16,116,-205,-14544,4116,3720,-1019,62,-57,-14656,-3144,5964,-472,193,-119,0
3642.5827350616455,10204,5212,10968,-142,-87,116,9936,-9156,8660,-67,120,-178,-14832,4264,3756,-964,105,-35,-14640,-3156,5980,-489,148,-125,0
3642.6164290905003,10244,5096,11036,-148,-66,128,9968,-9044,8476,-61,96,-164,-14532,4328,3632,-1019,22,-73,-14660,-3128,5832,-495,151,-89,0
3642.6494839191437,10044,5144,11064,-228,-36,108,9920,-9160,8788,-43,136,-110,-14616,4256,3780,-1008,49,-44,-14780,-3144,5780,-468,75,-108,0
3642.6830160617837,10204,5196,11208,-200,-8,122,9884,-9152,8828,-77,156,-88,-14672,4164,3732,-1016,28,-36,-14796,-3088,5840,-461,92,-128,0
3642.7168009281163,10268,5268,11128,-210,-15,89,9928,-9240,8716,-69,156,-147,-14544,4196,3852,-987,72,-36,-14524,-3108,5768,-502,140,-138,0
3642.7500529289246,10196,5260,11064,-182,-50,155,9856,-9160,8460,-85,139,-129,-14564,4268,3748,-1069,100,-62,-14548,-3108,5840,-496,169,-107,0
3642.783718109131,10260,5256,11232,-147,-34,140,9872,-9052,8860,-25,140,-116,-14584,4228,3864,-1037,66,-44,-14684,-3196,5980,-478,122,-98,0
3642.817393064499,10064,4976,11164,-200,-38,119,9856,-9144,8916,-36,148,-162,-14380,4236,3928,-982,60,-93,-14664,-3180,5848,-465,128,-118,0
3642.8509891033173,10216,4920,11240,-186,-38,125,9856,-9136,8804,-33,175,-160,-14508,4300,3908,-1012,81,-55,-14672,-3240,6100,-509,154,-150,0
3642.8842940330505,10476,5200,11084,-132,-12,122,9844,-9168,8836,-39,129,-166,-14620,4288,3840,-1003,109,-77,-14656,-3108,5900,-482,165,-145,0
3642.9174950122833,10296,5176,11092,-192,-75,136,9800,-9236,8788,-30,125,-170,-14548,4136,3740,-1011,133,-136,-14748,-3156,5876,-461,183,-119,0
3642.9512391090393,10480,5128,10968,-151,-79,118,9816,-9180,8672,-42,103,-187,-14804,4308,3808,-1038,105,-116,-14648,-3108,5796,-463,149,-113,0
3642.9848530292506,10180,5192,11256,-190,-99,134,9776,-9244,8796,-31,143,-201,-14804,4500,3660,-1008,116,-114,-14624,-3188,5864,-489,194,-110,0
3643.018420934677,10208,5180,11180,-163,-105,112,9792,-9208,8788,-2,114,-228,-14572,4324,3740,-1273,131,-85,-14568,-3176,5920,-504,190,-107,0
3643.0518801212315,10232,5228,10904,-155,-111,134,9912,-9188,8908,-15,85,-214,-14640,4260,3632,-1051,130,-80,-14720,-3200,5820,-528,190,-101,0
3643.0895800590515,10316,5236,11116,-193,-107,126,9904,-9184,8484,-20,95,-187,-14352,4132,3776,-1041,123,-102,-14688,-3136,5852,-478,135,-113,0
3643.1248230934143,10316,5152,10944,-193,-58,90,9868,-9428,8676,-22,183,-205,-14568,4204,3652,-965,73,-101,-14688,-3208,5828,-461,157,-106,0
3643.1606340408325,10284,5224,11236,-192,-93,112,9880,-9124,8776,-21,140,-183,-14668,4220,3820,-1006,123,-140,-14732,-3140,5856,-488,160,-127,0
3643.1960179805756,10180,5216,10980,-185,-81,117,9876,-9040,8700,-254,121,-187,-14628,4256,3816,-1018,74,-89,-14540,-3268,5644,-517,167,-160,0
3643.2340979576106,10320,5136,10984,-181,-88,128,9848,-9092,8764,-18,124,-196,-14520,4160,3788,-981,68,-7,-14772,-3220,5904,-520,152,-98,0
3643.2702679634094,10100,5180,11252,-166,-112,128,9852,-9092,8716,-37,122,-211,-14548,4292,3768,-1041,135,-132,-14612,-3224,5816,-461,141,-98,0
3643.305546998977,9996,5260,11240,-147,-72,137,9804,-9076,8704,-31,105,-164,-14576,4220,3540,-996,128,-66,-14780,-3040,5816,-490,100,-126,0
3643.3418769836426,10264,5308,10932,-202,-15,107,9788,-9184,8876,-3,142,-148,-14528,4280,3892,-1015,90,-48,-14688,-2872,5832,-523,77,-138,0
3643.3782229423523,10468,5188,11148,-172,255,101,9860,-9084,8800,-54,139,-150,-14536,4144,3772,-1006,86,-19,-14564,-3300,5860,-484,85,-103,0
3643.4137420654292,10400,5232,11160,-167,-33,103,9752,-8972,8844,-87,117,-177,-14352,4240,3732,-993,77,-47,-14640,-3140,5840,-493,124,-126,0
3643.4496350288396,10216,5100,11048,-175,-68,75,9700,-9176,8664,-29,115,-190,-14488,4252,3828,-1036,112,-66,-14348,-3160,5772,-508,137,-126,0
3643.4847180843353,10296,5348,10752,-176,-47,115,9752,-9076,8652,-47,131,-167,-14492,4144,3808,-1024,91,-72,-14672,-3200,5936,-510,122,-157,0
3643.5206229686733,10148,5116,11052,-164,-38,94,9892,-9076,8684,-6,148,-165,-14560,4292,3648,-1007,105,-49,-14708,-3216,6116,-488,88,-141,0
3643.556211948394,10240,5200,11172,-188,-4,79,9832,-9176,8944,-39,173,-162,-14528,4324,3792,-993,77,-66,-14584,-3216,5880,-494,157,-127,0
3643.5923569202423,10152,5148,11008,-178,-34,107,9920,-9116,8904,-54,169,-167,-14448,4240,3736,-1014,94,-84,-14596,-3216,5636,-477,161,-122,0
3643.6282489299774,10316,5364,11048,-169,-75,124,9824,-9148,8876,-11,132,-183,-14432,4188,3840,-1023,95,-60,-14692,-3116,5844,-476,213,-78,0
3643.663708925247,10412,5192,11136,-140,-64,115,9808,-9056,8828,-59,128,-213,-14544,4188,3908,-998,94,-129,-14688,-3284,6056,-488,193,-115,0
3643.6992399692535,10340,5160,11132,-172,-50,108,9884,-9212,8752,-44,192,-170,-14604,4240,3632,-1012,53,-113,-14680,-3180,5696,-470,144,-184,0
3643.7348680496216,10208,5108,11080,-169,-38,64,9900,-9144,8552,-9,400,-219,-14532,3844,3724,-906,96,-74,-14680,-3120,5636,-480,156,-139,0
3643.768196105957,10240,5152,11140,-132,-17,48,9904,-9104,8748,-35,214,-98,-14636,4304,3712,-1001,83,-58,-14672,-3104,5688,-462,134,-156,0
3643.8016171455383,10016,5268,11116,-130,10,86,10012,-9084,8848,-86,189,-158,-14476,4216,3788,-1279,53,-85,-14840,-3128,5876,-469,121,-150,0
3643.835308074951,10248,5112,10884,-124,-11,77,9796,-9144,8944,-66,166,-141,-14528,4276,4040,-1011,67,-65,-14740,-3148,5880,-483,126,-141,0
3643.868829011917,10088,5384,11108,-141,47,83,9808,-9200,8748,-90,163,-161,-14624,4192,3688,-1018,53,-46,-14640,-3164,5912,-490,127,-115,0
3643.9022030830383,10148,5184,11116,-148,40,112,9800,-9188,8736,-34,195,-121,-14508,4212,3796,-1070,51,-51,-14768,-3188,5704,-528,133,-133,0
3643.9357800483704,10096,5172,10952,-104,39,80,9904,-9196,8804,-48,142,-136,-14376,4164,4056,-1033,73,-64,-14664,-3272,5884,-483,127,-105,0
3643.9692080020905,10232,5260,11068,-138,21,113,9832,-9168,8636,-66,183,-145,-14552,4564,3956,-980,94,-140,-14724,-3256,5784,-469,163,-93,0
3644.0029380321503,10088,5192,11204,-217,-41,114,9780,-9200,8868,-10,159,-198,-14544,4280,3904,-1016,107,-126,-14724,-3336,6104,-455,235,-77,0
3644.0364050865173,10012,5180,11320,-245,-113,100,9788,-9184,8844,-67,130,-266,-14460,4372,3976,-937,135,-115,-14656,-3168,5884,-466,177,-42,0
3644.0698471069336,10112,5180,11064,-216,-110,149,9780,-9104,8884,-57,129,-208,-14624,4220,3700,-939,138,-102,-14696,-3184,5876,-501,136,-56,0
3644.1033189296722,10160,5192,11236,-218,-95,135,9752,-9252,8756,-56,73,-207,-14472,4200,3628,-979,184,-141,-14408,-3124,5876,-501,189,-20,0
3644.136651992798,10132,5252,11168,-221,-147,147,9716,-9112,8712,-13,69,-237,-14552,4200,3828,-1008,207,-155,-14668,-3172,5700,-482,234,251,0
3644.1701719760895,10160,5196,11104,-196,-122,136,9892,-9056,8696,-48,121,-214,-14568,4160,3808,-958,185,-160,-14664,-2912,5756,-468,217,-32,0
3644.2037949562073,10156,5252,11156,-509,-171,133,9820,-9460,8736,-15,114,-509,-14656,4232,3620,-984,211,-150,-14736,-3088,5676,-462,265,9,0
3644.2373869419093,10064,5132,10996,-230,-184,163,9800,-9200,8892,11,85,-2,-14564,4200,3616,-1021,210,-141,-14728,-3008,5824,-465,233,-62,0
3644.2707319259644,10464,5244,10820,-232,-176,192,9976,-9188,8792,38,99,-244,-14688,4208,4032,-999,158,-151,-14796,-3152,5836,-483,188,-83,0
3644.3041100502014,10212,5148,10848,-193,-153,159,9760,-9224,8808,9,95,-230,-14560,4204,3844,-1053,182,-165,-14680,-3144,5744,-485,186,-112,0
3644.3378839492802,10220,5192,11140,-188,-168,133,9840,-9072,8704,-29,107,-219,-14828,4232,3636,-1036,115,-125,-14696,-3100,5788,-499,198,-138,0
3644.3713381290436,10232,5156,11048,-163,-145,121,9916,-9060,8476,14,124,-222,-14616,4140,3644,-1058,105,-62,-14680,-3088,5796,-491,178,-168,0
3644.4047939777374,10348,5176,10892,-136,-32,93,9848,-9116,8572,-23,118,-190,-14616,4092,3728,-1003,123,-111,-14768,-3120,5992,-491,150,-142,0
3644.4384229183197,10112,5192,10896,-154,-23,87,9832,-9104,8800,23,175,-154,-14592,4192,3656,-1275,90,-99,-14628,-3128,5772,-483,155,-143,0
3644.4718301296234,10164,5256,11104,-154,-26,92,9836,-9156,8800,-254,128,-178,-14524,4220,3836,-1033,111,-47,-14676,-3204,5844,-493,192,-92,0
3644.505469083786,10116,5260,11100,-180,-104,135,9696,-9156,8820,12,131,-200,-14396,4160,4080,-1020,138,-99,-14612,-3328,5900,-483,204,-94,0
3644.5389549732213,10204,5244,10968,-201,-155,150,9792,-9240,8772,-71,65,-225,-14532,4252,3824,-1091,92,-99,-14612,-3164,6028,-470,179,-93,0
3644.5723371505733,10180,5264,11144,-232,-125,145,9816,-9128,8748,-74,132,-177,-14500,4224,3940,-950,75,-100,-14596,-3120,5816,-472,122,-111,0
3644.605849027633,10172,5080,11132,-217,-69,109,9868,-9108,8848,-48,200,-143,-14580,4220,3680,-997,54,-51,-14828,-3108,5808,-486,88,-153,0
3644.6392171382904,10308,5188,11084,-230,-47,89,9912,-9340,8804,-23,176,-142,-14752,4188,3640,-976,54,-32,-14640,-3068,5836,-486,112,-103,0
3644.6727979183197,10148,5180,11156,-213,-35,136,9844,-9056,8856,-6,135,-177,-14444,4264,3368,-1003,99,-77,-14372,-3256,6044,-459,193,-65,0
3644.7066049575806,10148,5108,11220,-185,-148,132,9896,-9224,8940,-46,74,-227,-14576,4220,3824,-984,170,-151,-14640,-3152,5812,-474,237,-64,0
3644.7400460243225,10204,4932,11212,-206,-200,137,9864,-9168,8776,-52,129,-216,-14744,4592,3836,-827,96,-130,-14712,-2864,5804,-482,195,-91,0
3644.7780349254613,10236,5128,11136,-185,-105,130,9864,-9188,8884,-10,129,-190,-14632,4300,3704,-988,22,-105,-14728,-3136,5872,-507,138,-151,0
3644.8132410049443,10300,5084,10944,-207,-63,46,9768,-9144,8760,-4,144,-149,-14604,4200,3748,-1007,44,-48,-14772,-3100,5680,-500,98,-159,0
3644.8491239547734,10296,5308,11000,-193,-14,74,9984,-9024,8696,-111,163,-142,-14436,4152,3724,-1050,66,-65,-14636,-3156,5744,-446,79,-148,0
3644.884078025818,10140,5144,11180,-208,253,48,9816,-9216,8824,-47,159,-161,-14592,4224,3772,-1003,100,-64,-14696,-3040,5768,-475,112,-165,0
3644.91956114769,10288,5180,11056,-188,-52,95,9744,-9184,8776,-68,131,-158,-14532,4284,3892,-1038,92,-78,-14572,-3324,5692,-490,118,-141,0
3644.9552071094513,10004,5164,10976,-157,-39,114,9796,-9136,8768,-24,121,-155,-14796,4224,3800,-1017,91,-27,-14684,-3144,5732,-480,131,-129,0
3644.9910130500793,10204,5276,11068,-147,-10,107,9800,-9096,8776,-1,174,-156,-14600,4244,3812,-993,64,-106,-14668,-3168,5844,-477,105,-141,0
3645.0273010730743,10244,5228,10988,-169,-33,108,9476,-9164,8724,-19,161,-158,-14520,4176,3632,-1014,120,-115,-14596,-3092,5848,-521,134,-127,0
3645.0623340606694,10180,5340,10992,-147,-39,107,9792,-9068,8828,249,131,-185,-14832,4224,3780,-1012,145,-109,-14656,-3144,5928,-488,170,-106,0
3645.0974650382996,10184,5224,11240,-150,-68,123,9812,-9160,8908,-41,106,-207,-14540,4168,3820,-1022,161,-114,-14740,-3212,6024,-497,157,-108,0
3645.133394956589,10444,5164,11060,-151,-90,123,9776,-9092,8772,-41,131,-174,-14616,4196,3600,-981,122,-85,-14624,-3136,5840,-484,160,-57,0
3645.16872215271,10092,5172,11036,-187,-82,135,9600,-9112,8728,-42,140,-185,-14592,4284,3688,-1002,159,-112,-14804,-3184,5732,-458,159,-72,0
3645.2042820453644,10476,5144,11104,-206,-50,79,9884,-9108,8924,-39,119,-199,-14832,4296,3724,-1019,139,-89,-14620,-3032,5668,-489,146,-123,0
3645.239685058594,10352,5164,11252,-190,-49,108,9968,-9212,8684,-42,137,-148,-14584,4192,3784,-1021,110,-95,-14752,-3080,5660,-486,128,-138,0
3645.2755999565125,10240,5160,11112,-186,-44,98,9792,-9092,8720,-29,162,-161,-14528,4236,3680,-995,134,-68,-14684,-3176,5872,-482,141,-111,0
3645.3110790252686,10164,5228,11048,-179,-56,103,9768,-9168,8684,-20,136,-200,-14480,4284,3800,-998,91,-99,-14628,-3076,5840,-463,170,-119,0
3645.3476209640503,10224,5200,11024,-170,-72,132,9752,-9104,8732,-34,109,-191,-14552,4192,3672,-1006,136,-101,-14736,-2892,5804,-480,155,-108,0
3645.3831999301915,10272,5152,11080,-159,-57,110,9788,-9072,8632,-6,122,-180,-14600,4220,3792,-991,106,-150,-14740,-3196,5808,-504,170,-126,0
3645.4191751480103,10176,5168,11056,-187,-69,93,9856,-9252,8784,-31,153,-169,-14544,4116,3656,-1008,20,-104,-14712,-3248,5756,-470,166,-146,0
3645.4530251026154,10176,5140,11112,-203,-79,96,9848,-9188,8896,-31,149,-202,-14628,4204,3736,-978,69,-102,-14820,-3176,6068,-467,149,-132,0
3645.486678123474,10300,5368,11000,-184,-54,106,9820,-9080,8744,-57,141,-179,-14344,4280,3680,-958,77,-70,-14664,-3064,5784,-488,149,-103,0
3645.5203409194946,10472,5352,11068,-181,-54,118,9896,-9168,8956,-46,119,-161,-14612,4284,3724,-1019,88,-67,-14704,-3136,5876,-498,155,-126,0
3645.5538790225983,10244,5116,10936,-131,-7,76,9916,-9016,8584,-51,147,-136,-14620,3852,3604,-1020,69,-75,-14800,-3216,5652,-482,84,-194,0
3645.5872349739075,10228,5112,10856,-143,35,39,10016,-9132,8720,-92,154,-163,-14692,4132,3764,-1018,23,-60,-14704,-3076,5840,-449,75,-199,0
3645.6210660934453,10244,5112,11012,-161,47,36,9724,-9156,8672,-30,168,-159,-14532,4232,3656,-1034,46,-62,-14760,-3068,5864,-492,131,-170,0
3645.6543719768524,10112,5284,11084,-128,57,83,9788,-9000,8896,-24,162,-139,-14580,4288,3748,-1087,91,-22,-14716,-3228,5800,-479,116,-135,0
3645.6879749298096,10224,5228,11124,-120,8,97,9860,-9208,8920,-48,151,-124,-14620,4284,3824,-1005,46,-51,-14708,-3148,5904,-473,78,-154,0
3645.721596002578,10152,5212,11132,-140,48,103,9752,-9196,8716,-57,173,-129,-14536,4292,3900,-1279,82,-68,-14672,-3236,5956,-335,855,-146,0
3645.7551839351654,10312,4620,10544,-301,203,32,9784,-9240,8524,246,225,-107,-14480,4204,3700,-1043,64,-87,-14652,-3128,5784,-474,88,-129,0
3645.788769006729,10024,5136,11156,-116,13,73,9604,-9112,8704,-82,155,-171,-14568,4164,3708,-1001,85,-42,-14672,-3100,5848,-492,66,-130,0
3645.822174072265,10188,5196,11120,-158,17,104,9768,-9408,8612,-26,258,-172,-14848,4216,3736,-947,129,-88,-14776,-3272,5852,-483,110,-136,0
3645.8557131290436,10144,5136,11140,-149,1,92,9824,-9220,8860,-50,136,-170,-14564,4260,3840,-1111,83,-71,-14592,-3204,5908,-517,166,-143,0
3645.8889861106873,10108,5288,11504,-115,-8,76,9672,-9168,8668,-27,148,-175,-14548,4188,3816,-1280,162,-153,-14376,-3144,5740,-504,158,-181,0
3645.9225780963893,10152,5160,11096,-117,-25,88,9892,-9164,8796,-32,123,-182,-14548,4316,3828,-1017,111,-107,-14716,-3200,5976,-495,152,-154,0
3645.956493139267,10248,5316,11104,-139,-28,86,9772,-9192,8728,-42,135,-181,-14524,4216,3836,-1013,107,-65,-14632,-3248,5884,-494,122,-111,0
3645.9897680282593,10020,5252,11080,-148,-17,83,9736,-9036,8684,-81,119,-151,-14516,4212,3800,-996,92,-35,-14664,-3188,5720,-479,135,-150,0
3646.0232679843903,10428,5272,11024,-182,4,72,9728,-9128,8472,-63,145,-144,-14564,4252,3612,-983,128,-87,-14596,-3168,5824,-462,99,-126,0
3646.0569069385533,10224,5240,11044,-190,18,57,9744,-8992,8860,-98,155,-144,-14484,4320,3620,-997,110,-113,-14364,-3216,5824,-493,93,-106,0
3646.090544939041,10104,5264,11136,-207,-33,101,9736,-9184,8784,-37,156,-195,-14368,4228,3936,-963,112,-122,-14664,-3148,5916,-479,174,-72,0
3646.124238014221,10100,5200,11128,-218,-103,128,9708,-9316,8828,-13,143,-231,-14580,4140,3704,-959,134,-124,-14660,-3216,6124,-494,185,-68,0
3646.157432079315,10168,5224,11240,-220,-144,164,9476,-9264,8800,-10,111,-272,-14560,4332,3808,-987,145,-167,-14704,-3240,5904,-489,195,-57,0
3646.1907701492314,9940,5160,10880,-310,-187,123,9788,-9224,8768,-54,145,-270,-14560,4140,3848,-974,95,-208,-14680,-3188,5868,-474,217,-54,0
3646.2242369651794,10092,5248,11132,-1,-157,139,9772,-9244,8736,-56,117,-197,-14528,4284,3648,-936,116,-125,-14676,-3128,5860,-483,162,-41,0
3646.2578680515294,10144,5200,11252,-318,-150,145,9956,-9164,8476,-35,138,-218,-14560,4212,3824,-979,91,-80,-14676,-3156,5788,-478,201,-53,0
3646.291015148163,10204,5216,11028,-287,-112,152,9784,-9068,8712,-39,134,-171,-14476,4100,3628,-977,146,-105,-14620,-3236,5672,-454,211,-72,0
3646.3242940902715,10208,5220,11080,-4,-117,145,9856,-9156,8728,-59,144,-231,-14580,4260,3804,-988,152,-169,-14824,-3288,5712,-465,217,-59,0
3646.3579280376434,10152,5108,11212,-314,-176,139,9816,-9120,8664,-254,101,-238,-14620,4240,3696,-1010,159,-144,-14748,-3216,5716,-472,228,-51,0
3646.3912029266357,10492,5268,11028,-259,-4,208,9788,-9172,8692,-16,47,-226,-14348,4284,3692,-1027,153,-91,-14752,-3204,5832,-489,172,-106,0
3646.4243180751805,10400,5160,11280,-259,-80,150,9944,-9160,8856,22,135,-195,-14628,4256,3804,-995,110,-62,-14732,-3084,5888,-494,92,-127,0
3646.462147951126,10168,5208,11120,-269,-65,113,9812,-9176,8752,14,91,-177,-14452,4200,4080,-982,84,-91,-14780,-3148,5844,-523,122,-114,0
3646.497791051864,10124,5228,11124,-248,-76,142,9756,-9132,8628,33,104,-200,-14520,4244,3708,-1019,147,-98,-14620,-3224,5720,-479,159,-72,0
3646.532707929611,10164,5116,11124,-298,-171,141,9624,-9172,8604,-35,76,-249,-14484,4216,3636,-995,178,-136,-14648,-3212,5736,-452,212,-25,0
3646.5681550502773,10204,5208,11088,-263,-185,140,9820,-9156,8716,-60,93,-242,-14548,4256,3700,-985,201,-75,-14776,-3260,5712,-463,196,-72,0
3646.6033079624176,10264,5040,11084,-247,-206,151,9840,-9388,8580,-29,97,-215,-14348,4220,4032,-1008,179,-154,-14764,-3092,5764,-466,177,-83,0
3646.6391611099243,10464,5104,11000,-179,-135,156,9784,-9160,8888,-32,109,-178,-14828,4252,3644,-1051,174,-63,-14740,-3080,5700,-511,174,-73,0
3646.674329042434,10172,5192,11048,-209,-83,156,9860,-9128,8912,-70,118,-158,-14696,4148,3676,-1026,165,-84,-14640,-3324,5648,-493,151,-93,0
3646.7102539539333,10224,5144,11152,-154,-46,122,9904,-9104,8944,-51,117,-181,-14724,4248,3668,-1024,113,-57,-14680,-3108,5620,-502,92,-186,0
3646.7455670833588,10376,5056,11112,-105,24,38,10000,-9164,8796,15,172,-175,-14692,4164,3560,-1034,38,-72,-14620,-3080,5728,-540,112,-227,0
3646.7813119888306,10184,5080,11408,-125,15,65,9880,-9096,8680,80,193,-162,-14516,4124,3652,-1013,66,-105,-14376,-3084,5720,-503,151,-196,0
3646.8174040317535,10168,5232,11088,-80,-33,21,9868,-9084,8676,-9,204,-189,-14632,4232,3708,-931,59,-142,-14720,-3168,5836,-496,185,-201,0
3646.8522639274597,10076,5340,11056,-128,-28,10,9776,-9288,8784,30,186,-195,-14624,4248,3644,-927,119,-148,-14700,-3168,5876,-516,176,-187,0
3646.8879940509796,10040,5208,11072,-129,6,25,9768,-9112,8828,17,204,-162,-14672,4212,3532,-924,195,-79,-14708,-3196,5788,-257,91,-191,0
3646.9356009960175,10004,5200,11068,-164,80,37,9732,-9064,9052,-93,110,-151,-14524,4228,3640,-977,151,-41,-14668,-3176,5800,-534,69,-185,0
3646.9815070629124,10480,4900,11040,-166,24,26,9732,-9144,8720,-77,126,-127,-14560,4164,3740,-1053,97,-37,-14608,-3244,5736,-513,102,-171,0
3647.0256299972534,10120,5184,11040,-144,9,103,9776,-9108,8948,-40,169,-118,-14548,4260,3768,-1072,161,-93,-14604,-3344,5788,-533,98,-97,0
3647.0610771179204,10096,5092,11080,-148,-41,108,9748,-9116,8844,-40,81,-160,-14560,4228,3576,-1072,195,-111,-14672,-3228,5812,-497,130,-107,0
3647.0975561141972,9988,5200,11108,-128,-31,96,9824,-9168,8608,-51,148,-179,-14652,4268,3868,-988,-12,229,-14676,-3212,5640,-541,116,-172,0
3647.131098031997,10128,5160,11176,-115,-15,94,9948,-9116,8484,-65,161,-136,-14564,4304,3564,-1030,134,-71,-14372,-3120,5828,-767,106,-155,0
3647.164610147476,10168,5220,11160,-113,-14,85,9828,-9152,8736,-55,131,-135,-14664,4224,3616,-1048,64,-66,-14732,-3148,5792,-518,88,-184,0
3647.1979460716243,10112,5260,11104,-130,16,68,9840,-9112,8844,-59,172,-135,-14400,4280,3636,-1019,32,-42,-14680,-3188,5844,-475,45,-166,0
3647.2316710948944,10180,5144,11132,-163,24,62,9748,-9200,8620,-75,205,-125,-14604,4192,3808,-972,51,-74,-14720,-3120,5816,-479,64,-159,0
3647.265422105789,10056,5164,11156,-166,19,54,9844,-9192,8640,-59,210,-113,-14636,4248,3772,-979,32,-35,-14748,-3188,5764,-484,100,-169,0
3647.2986450195312,10048,5156,11208,-145,26,69,9760,-9244,8736,-42,209,-152,-14604,4284,3632,-997,58,-41,-14692,-3108,5836,-508,107,-156,0
3647.3320629596715,10100,5136,11168,-144,253,65,9728,-8992,8512,-15,217,-136,-14592,4188,3632,-1006,82,-114,-14572,-3224,5812,-514,137,-198,0
3647.3655149936676,10032,5168,11204,-146,-23,43,9720,-9268,8844,-37,197,-161,-14828,4252,3680,-951,128,-130,-14624,-3256,5796,-529,135,-183,0
3647.3988211154933,10028,5224,11108,-121,-24,69,9744,-8996,8948,-31,144,-159,-14580,4184,3680,-937,144,-93,-14712,-3284,5716,-518,129,-170,0
3647.432424068451,10052,5280,11124,-139,247,58,9772,-9140,8548,-21,172,-182,-14532,4148,3660,-989,89,-102,-14604,-3236,5824,-521,157,-163,0
3647.4656760692596,10232,5288,11208,-141,-22,74,9748,-9124,8648,-29,178,-185,-14796,4144,3592,-948,99,-131,-14676,-3204,5712,-259,150,-156,0
3647.499318122864,9968,5340,11240,-186,-51,78,9708,-9176,8700,-46,165,-159,-14372,4284,3884,-902,175,-117,-14672,-3220,5748,-519,178,-134,0
3647.5329260826106,10040,5220,11208,-189,-46,101,9792,-9180,8696,-40,144,-183,-14356,4236,3700,-962,184,-122,-14708,-3208,5848,-526,205,-125,0
3647.5666160583496,10000,5216,11228,-187,-46,109,9856,-9120,8796,-83,168,-181,-14540,4360,3600,-999,110,-98,-14704,-3216,5776,-522,176,-148,0
3647.6000471115112,10040,5272,11424,-182,-25,90,9516,-9068,8520,-40,160,-185,-14392,4548,3684,-985,101,-91,-14688,-3172,6008,-525,169,-113,0
3647.633490085602,10096,5236,11220,-184,-33,107,9812,-9132,8796,-61,169,-187,-14560,4240,3756,-952,99,-93,-14680,-3216,5844,-766,166,-116,0
3647.667079925537,10072,5324,11192,-196,-45,81,9860,-9104,8820,-95,171,-147,-14544,4148,3876,-927,106,-109,-14676,-3172,5868,-512,108,-138,0
3647.700604915619,10052,5372,11276,-216,28,35,9832,-9304,8652,-36,171,-118,-14720,4312,3668,-911,88,-66,-14712,-3272,5816,-525,96,-136,0
3647.7342591285706,9996,5284,11168,-219,-23,116,9508,-9284,8764,-21,119,-171,-14604,4180,3860,-952,71,-63,-14628,-3484,5880,-511,150,-111,0
3647.7679231166844,9932,5312,11208,-227,18,79,9768,-9188,8860,-107,148,-208,-14360,4140,3612,-1002,80,-105,-14640,-3276,5744,-483,142,-104,0
3647.8012690544133,10176,5248,11060,-226,-106,92,9664,-9228,8728,-48,225,-197,-14748,4108,3528,-1021,21,-157,-14636,-3108,5916,-528,185,-126,0
3647.8347539901733,9932,5196,11124,-225,-70,98,9676,-9232,8744,9,153,-200,-14524,4520,3496,-1009,71,-136,-14580,-3320,5968,-507,151,-93,0
3647.8683829307556,10008,5224,11252,-227,-45,91,9636,-9156,8724,-14,188,-195,-14512,4284,3704,-1008,12,-98,-14644,-3272,5908,-473,120,-116,0
3647.901693105697,9996,5204,11260,-290,-5,41,9540,-9120,8732,-33,178,-196,-14584,4328,3728,-941,26,-83,-14728,-3172,5868,-486,131,-121,0
3647.9352979660034,10080,5244,11200,-270,-60,54,9832,-9280,8912,-4,164,-194,-14612,4268,3772,-947,98,-116,-14752,-3184,5636,-496,158,-102,0
3647.9687609672546,10056,5176,11264,-250,-73,83,9772,-9156,8824,7,200,-216,-14644,4168,3744,-1005,111,-138,-14684,-3248,5888,-496,188,-82,0
3648.0021679401398,10036,5256,11212,-504,-125,145,9944,-9208,8748,-6,143,-230,-14416,4252,3640,-1021,138,-112,-14624,-3204,5792,-258,203,-72,0
3648.0358049869533,10036,5148,11124,-3,-132,145,9760,-9236,8488,-255,134,-229,-14664,4192,3712,-985,118,-90,-14656,-3260,5844,-500,196,-78,0
3648.0693349838252,9988,5228,11236,-248,-113,112,9796,-9176,8768,252,125,-210,-14644,4284,3684,-1010,90,-133,-14684,-3136,5704,-502,199,-70,0
3648.102327108383,10224,5280,11120,-247,-122,153,9760,-9204,8956,6,134,-200,-14580,4260,3936,-977,156,-80,-14652,-3260,5796,-477,212,-80,0
3648.140319108963,9904,5188,11052,-246,-139,148,9800,-9044,8620,-39,118,-209,-14524,4236,3732,-990,129,-87,-14744,-3264,5964,-524,197,-85,0
3648.1754519939423,10012,5136,11200,-281,-147,132,9696,-9264,8832,-66,129,-204,-14552,4260,3792,-1009,117,-102,-14644,-3172,5884,-475,192,-84,0
3648.2111179828644,10148,5236,11040,-276,-142,135,9668,-9156,8796,-48,140,-200,-14476,4252,4064,-1012,105,-88,-14708,-3164,5808,-460,173,-79,0
3648.250913143158,10020,5172,11296,-8,-148,125,9728,-9204,8972,-51,138,-191,-14640,4272,3792,-1275,46,-86,-14620,-3280,5836,-464,159,-113,0
3648.28713107109,10136,5260,11216,-239,-137,148,9840,-9376,8528,-11,133,-214,-14636,4160,3996,-1158,23,-124,-14712,-3176,5876,-436,205,-100,0
3648.322196006776,10108,5160,11188,-234,-214,133,9836,-9120,8824,-6,147,-242,-14376,4188,3756,-1224,-1,-114,-14732,-3212,5720,-428,209,-97,0
3648.3581800460815,10100,5136,11016,-193,-191,122,9744,-9192,8464,-28,140,-207,-14676,4236,3548,-1046,112,-112,-14756,-3164,5656,-449,127,-99,0
3648.3933830261226,10228,5168,11032,-171,-106,114,9760,-9136,8856,9,121,-182,-14608,4332,3752,-1058,77,-92,-14628,-3180,5832,-479,147,-145,0
3648.4292130470276,10156,5224,11012,-180,-123,118,9816,-9076,8860,9,120,-182,-14528,4148,3728,-1075,86,-93,-14624,-3320,5816,-468,135,-161,0
3648.464297056198,10160,5352,11156,-100,-39,94,9796,-9172,8836,-59,129,-164,-14820,4280,3588,-1055,101,-59,-14636,-3216,5708,-464,141,-165,0
3648.4996390342712,10100,5100,11060,-157,-66,54,9700,-9196,8744,-44,138,-178,-14552,4276,4080,-1093,81,-89,-14604,-3172,5828,-470,163,-133,0
3648.534781932831,10048,5196,11260,-143,-42,102,9824,-9184,8852,-34,149,-139,-14624,4224,3908,-1078,76,-34,-14744,-3292,5768,-458,149,-122,0
3648.5707170963283,10104,5220,11244,-133,-33,97,9804,-9236,8676,-67,175,-130,-14568,4212,3724,-1001,110,-76,-14668,-3496,6088,-457,130,-129,0
3648.605859041214,9976,5232,11176,-140,-39,102,9656,-9444,9008,-39,106,-153,-14608,4480,3744,-770,57,-67,-14632,-3304,5816,-474,123,-120,0
3648.6412329673763,10032,5260,11092,-137,-41,91,9956,-9164,9064,-56,156,-160,-14800,4164,3704,-1039,53,-47,-14764,-3196,5920,-460,156,-134,0
3648.6775469779973,10208,5196,11096,-171,-58,105,9728,-9008,8776,-26,115,-173,-14540,4164,3424,-1030,111,-47,-14580,-3216,5648,-485,162,-114,0
3648.7122831344604,10144,5276,11148,-145,-51,105,9752,-9196,8756,-48,128,-173,-14484,4268,3720,-1014,120,-108,-14724,-3236,5656,-480,135,-127,0
3648.7474241256714,10196,5220,11008,-148,-37,97,9764,-9188,8800,-30,125,-178,-14832,4220,3760,-996,88,-77,-14632,-3284,5848,-484,147,-146,0
3648.782988071441,10096,5224,11148,-130,250,73,9820,-9216,8904,-58,115,-170,-14660,4232,3728,-1045,108,-70,-14684,-3172,5752,-763,146,-127,0
3648.8166351318364,10024,5260,11060,-114,-65,97,9748,-9032,8784,-29,122,-196,-14400,4256,3720,-1087,115,-73,-14664,-3296,5820,-479,146,-135,0
3648.8501579761505,10084,5244,10984,-139,-30,60,9824,-9116,8860,-41,135,-185,-14580,4268,3876,-945,49,-84,-14632,-3288,5812,-480,147,-159,0
3648.8833110332494,10004,5244,11032,-141,-37,78,9888,-9264,8816,-86,145,-173,-14688,4264,3636,-1042,105,-50,-14784,-3144,5812,-486,120,-149,0
3648.916994094848,10072,4896,11208,-122,-24,97,9840,-9008,8896,-56,133,-157,-14344,4132,3736,-1037,115,-59,-14680,-3220,5792,-498,118,-140,0
3648.9504699707036,10076,5268,11180,-67,-5,91,9772,-9208,8804,-28,166,-147,-14832,4296,3784,-1041,119,-65,-14596,-3224,5860,-502,113,-146,0
3648.9838850498204,9984,5280,11236,-138,-19,97,9884,-9124,8708,-22,141,-179,-14528,4176,3632,-988,112,-121,-14672,-3240,5784,-496,154,-141,0
3649.017390012741,9760,5224,11096,-132,-40,88,9660,-9180,8844,-61,148,-196,-14596,4248,3808,-1009,126,-95,-14688,-3560,5876,-483,147,-140,0
3649.0510749816895,10008,5232,11132,-120,-26,89,9804,-9148,8824,-64,124,-174,-14544,4268,3780,-773,136,-68,-14788,-3184,5796,-509,82,-142,0
3649.0848059654236,10164,5264,11096,-120,32,77,9944,-9248,8708,-45,140,-136,-14620,4188,3716,-1074,76,-71,-14576,-3328,5800,-768,147,-149,0
3649.1184580326085,10204,5224,10860,-157,252,112,9656,-9120,8720,-20,139,-180,-14560,4200,3724,-1008,118,-39,-14660,-3432,5856,-506,128,-142,0
3649.151953935623,10228,5156,11012,-144,13,73,9928,-9188,8760,-112,192,-169,-14524,4204,3700,-1001,101,-74,-14672,-3328,5696,-472,109,-176,0
3649.1855149269104,10016,5256,11272,-206,-22,44,9688,-9012,9040,-66,184,-169,-14568,4232,3744,-1011,5,-71,-14680,-3296,5736,-492,141,-153,0
3649.2191259860992,10132,5236,11084,-156,-25,75,9952,-9128,8816,-22,142,-146,-14536,4288,3736,-1039,95,-56,-14636,-3224,5816,-483,131,-143,0
3649.252855062485,10024,5220,11124,-149,-19,107,9768,-9128,8796,-41,151,-142,-14380,4252,3804,-1012,128,-12,-14576,-3308,5832,-466,127,-130,0
3649.2864689826965,9972,5232,11236,-179,-29,95,9744,-9208,8808,-49,154,-174,-14580,4220,3992,-970,62,-52,-14388,-3284,5816,-481,141,-137,0
3649.3199729919434,10016,5288,11180,-171,-39,96,9760,-9208,8676,-48,154,-174,-14604,4268,3716,-977,77,-95,-14620,-3296,5676,-486,152,-97,0
3649.353376150131,10060,5272,11136,-155,-45,109,9480,-9160,8820,-23,181,-179,-14596,4240,3784,-1012,74,-126,-14544,-3236,5680,-509,203,-135,0
3649.386517047882,10008,5340,11212,-152,-57,106,9716,-9176,8756,-50,153,-182,-14536,4240,3756,-1039,96,-82,-14564,-3084,5796,-489,170,-133,0
3649.4201700687413,9952,5204,11140,-207,-36,113,9716,-9160,8828,-58,162,-169,-14392,4228,3772,-1017,70,-88,-14816,-3268,5728,-482,152,-131,0
3649.453722000122,10096,5300,11056,-205,-17,80,9712,-9396,8844,-38,149,-173,-14572,4312,3676,-996,79,-131,-14364,-3208,5844,-472,170,-110,0
3649.487338066101,10228,5244,11092,-204,-48,113,9780,-9168,8948,-67,154,-180,-14540,4304,3636,-1012,83,-120,-14664,-3576,5848,-472,161,-119,0
3649.5208411216736,10112,5272,11220,-175,-59,96,9832,-9132,8832,-50,157,-202,-14660,4260,3780,-996,99,-74,-14644,-3384,5808,-488,157,-107,0
3649.5542221069336,9760,5244,11080,-205,-64,108,9792,-9164,8880,-36,120,-231,-14500,4208,3836,-1000,68,-80,-14676,-3368,5828,-757,175,-107,0
3649.587823152542,10028,5308,11212,-218,-51,76,9492,-9332,8748,-28,141,-238,-14816,4220,3924,-963,87,-107,-14656,-3264,5856,-497,141,-123,0
3649.621335029602,9940,5328,11516,-240,-71,91,9564,-9144,8784,-35,110,-227,-14528,4332,3640,-1004,96,-157,-14772,-3284,5824,-498,173,-138,0
3649.6547520160675,10016,5192,11244,-205,-81,100,9696,-9136,8632,-12,142,-230,-14804,4260,3648,-1028,120,-131,-14640,-3172,5648,-478,160,-104,0
3649.6884350776672,9936,5256,11264,-202,-124,94,9688,-9196,8764,0,142,-188,-14632,3916,3808,-1015,136,-130,-14560,-3296,5832,-495,170,-79,0
3649.7219500541682,9956,5368,11104,-190,-119,122,9808,-9156,8668,-36,125,-216,-14540,4188,3780,-1018,109,-105,-14688,-3316,5744,-483,193,-83,0
3649.7556059360504,9996,5264,11264,-208,-135,107,9872,-9260,8824,-9,135,-240,-14480,4232,3728,-1014,150,-130,-14688,-3240,5656,-475,183,-78,0
3649.7913389205933,9984,5248,11124,-203,-120,130,9848,-9184,8860,-19,159,-209,-14624,4156,3768,-982,115,-132,-14696,-3364,5912,-457,138,-82,0
3649.8276000022884,10068,5264,11020,-230,-92,127,9552,-9208,8836,-249,143,-196,-14344,4112,4080,-1013,77,-89,-14732,-3324,5688,-766,118,-111,0
3649.8627791404724,10088,5272,11220,-282,-116,124,9728,-9164,8836,44,108,-214,-14536,4244,3712,-1009,75,-109,-14668,-3452,5760,-511,153,-87,0
3649.898083925247,10188,5368,11092,-221,-99,112,9744,-9148,8784,-46,143,-208,-14592,4144,4008,-991,96,-138,-14612,-3216,5744,-468,125,-106,0
3649.933335065841,10020,5184,11332,-266,-112,93,9832,-9296,8664,-21,133,-237,-14492,4104,3796,-995,107,-98,-14688,-3196,5772,-470,179,-106,0
3649.9695961475372,10096,5164,11244,-237,-111,127,9660,-9208,8736,8,136,-194,-14568,4220,3680,-1003,120,-78,-14644,-3280,5756,-477,160,-89,0
3650.0048549175262,10104,5280,11164,-210,-121,149,9972,-9160,8908,-13,155,-172,-14532,4348,3796,-1061,90,-90,-14628,-3124,5896,-457,127,-116,0
3650.0408499240875,10044,5328,11284,-240,-79,126,9648,-9244,8836,14,127,-211,-14416,4184,3612,-778,89,-94,-14644,-3276,5836,-491,171,-101,0
3650.0761439800262,10120,5168,11108,-220,-116,106,9768,-9224,8844,-31,174,-171,-14552,4276,3668,-978,79,-127,-14628,-3272,5784,-487,190,-115,0
3650.111814022064,10016,5176,11204,-249,-153,138,9776,-9100,8936,-254,135,-236,-14508,4228,3744,-969,129,-158,-14716,-3108,5840,-466,212,-77,0
3650.1482670307164,10036,5284,11116,-225,-175,150,9512,-9112,8908,-29,127,-210,-14604,4172,3776,-1010,138,-105,-14748,-3244,5800,-463,201,-87,0
3650.1832599639893,10176,5288,11116,-223,-130,157,9712,-9236,8816,-24,117,-215,-14632,4120,3804,-1007,127,-119,-14748,-3236,5796,-481,185,-78,0
3650.2191929817204,10132,5168,11100,-205,-104,139,9732,-9112,8792,-8,125,-210,-14608,4228,4068,-1028,129,-98,-14848,-3304,5792,-483,195,-106,0
3650.2550101280212,10208,5176,11112,-188,-111,127,9884,-9056,8768,5,97,-194,-14748,4156,3696,-1035,122,-113,-14640,-3204,5756,-493,195,-128,0
3650.2909259796143,10088,5224,11084,-149,-113,136,9724,-8976,8908,-39,146,-210,-14668,4200,3636,-1017,132,-71,-14720,-3300,5704,-472,147,-120,0
3650.3262140750885,10120,5184,11172,-152,-72,92,9788,-9084,8808,-53,148,-162,-14368,4176,3592,-1030,91,-34,-14772,-3232,5844,-473,123,-147,0
3650.3622441291814,10036,5228,11436,-142,-16,89,9712,-9116,8792,4,124,-150,-14544,4244,3788,-1081,94,-69,-14664,-3300,5752,-767,181,-114,0
3650.3981139659886,10028,5252,11300,-126,-30,126,9772,-9104,8860,-24,135,-160,-14348,4220,3732,-1063,112,-74,-14356,-3380,5476,-439,134,-127,0
3650.4336421489716,10020,5244,11324,-146,-49,95,9912,-9188,8732,-43,95,-195,-14524,4288,3768,-1059,139,-109,-14652,-3224,5832,-474,139,-111,0
3650.469264984131,10100,5152,11364,-146,-40,108,9712,-9140,8764,-50,97,-166,-14632,4232,3752,-1031,120,-48,-14792,-3248,5784,-510,117,-108,0
3650.5028989315033,10036,5168,11040,-101,-49,115,9732,-9192,8868,-31,115,-152,-14588,4228,3940,-1042,110,-56,-14712,-3452,5776,-502,96,-110,0
3650.5366489887238,9960,5184,11108,-116,5,119,9808,-9168,8752,-51,127,-121,-14636,4248,3736,-1010,76,-65,-14628,-3276,5652,-492,74,-141,0
3650.570219039917,10052,5252,11200,-157,23,61,9840,-9076,8772,-90,166,-136,-14532,4260,3740,-979,30,-76,-14640,-3244,5828,-472,94,-166,0
3650.603842020034,10096,5244,11096,-158,249,70,9500,-9124,8832,-97,174,-150,-14516,4240,3592,-1043,111,-69,-14616,-3216,5832,-478,118,-120,0
3650.637323141098,9940,5192,11108,-161,-33,78,9976,-9156,8520,-68,123,-165,-14548,4240,3788,-993,80,-43,-14476,-3264,5844,-500,142,-117,0
3650.6708159446716,10052,5292,11032,-136,-30,88,9676,-9456,8896,-24,146,-180,-14584,4128,3760,-771,106,-102,-14724,-3228,5644,-496,147,-128,0
3650.7044620513916,10084,5180,11396,-135,-66,69,9760,-9128,8784,-27,133,-181,-14560,4204,3768,-992,23,-106,-14632,-3312,5784,-495,155,-164,0
3650.7381019592285,10220,5152,11240,-149,-27,93,9708,-9168,8868,-24,147,-194,-14540,4308,3664,-776,94,-102,-14636,-3148,5800,-486,150,-166,0
3650.771796941757,10080,5296,11176,-156,-40,81,9772,-9196,8808,-52,137,-177,-14568,4236,3720,-1009,69,-85,-14392,-3212,5832,-460,138,-161,0
3650.805386066437,9944,5304,11148,-151,-38,92,9768,-9176,8724,-66,149,-173,-14588,4212,3588,-981,87,-46,-14680,-3272,5844,-485,119,-138,0
3650.8387720584874,10028,5288,11228,-152,0,52,9708,-9208,8840,-47,164,-155,-14368,4136,3748,-1002,73,-79,-14668,-3532,5776,-484,114,-137,0
3650.872372150421,10084,5348,11260,-181,-11,115,9732,-9144,8872,-54,171,-167,-14600,4076,3784,-1017,86,-79,-14668,-3308,5868,-492,124,-145,0
3650.9055490493774,10124,5316,11108,-162,-34,106,9716,-9224,8940,-50,133,-165,-14540,4164,3656,-1005,114,-100,-14644,-3512,6116,-473,168,-101,0
3650.939374923706,9988,5192,11044,-160,-55,100,9688,-9152,8860,-45,98,-187,-14604,4208,3568,-1026,123,-66,-14632,-3284,5760,-477,161,-142,0
3650.9730360507965,10104,5312,11212,-157,-61,97,9796,-9244,8836,-13,130,-196,-14560,4208,3760,-1264,242,-32,-14684,-3236,5832,-489,128,-154,0
3651.0067739486694,10084,5356,11124,-165,-80,99,9652,-9084,8744,-19,142,-180,-14536,4196,4032,-1020,96,-84,-14712,-3304,5856,-476,155,-149,0
3651.0400240421295,10040,5332,11164,-157,-26,105,9980,-9156,8760,-48,169,-182,-14540,4260,3820,-1030,91,-97,-14752,-3300,5852,-483,141,-150,0
3651.073758125305,10032,5252,11156,-156,-45,112,9496,-9216,8764,-24,155,-159,-14472,4208,3836,-1025,100,-71,-14692,-3280,5884,-485,113,-128,0
3651.107386112213,10040,5236,11084,-145,-256,79,9540,-9136,8820,-27,160,-155,-14348,4144,3784,-1013,75,-50,-14644,-3360,5824,-476,109,-146,0
3651.1408030986786,9964,5240,11152,-160,-45,95,9640,-9224,8948,-30,129,-172,-14524,4260,3756,-1016,107,-51,-14688,-3260,5868,-498,131,-118,0
3651.1743650436406,9812,5304,11360,-190,-43,94,9964,-8992,8812,-43,127,-155,-14512,4224,3916,-1004,91,-72,-14580,-3252,5920,-448,138,-122,0
3651.2079651355743,9908,5240,11196,-181,-65,100,9976,-9208,8904,-50,174,-189,-14836,4200,3916,-773,109,-89,-14640,-3236,5752,-473,145,-89,0
3651.2413959503174,10064,5264,11128,-167,-76,99,9740,-9160,8792,-56,161,-185,-14612,4188,3772,-1042,104,-90,-14624,-3220,5708,-468,159,-128,0
3651.2749710083012,10004,5276,11272,-175,-78,100,9796,-9108,8784,-43,141,-169,-14556,4188,3960,-986,120,-108,-14764,-3324,5872,-491,148,-85,0
3651.3087770938873,10048,5316,11444,-214,-88,66,9692,-9224,8744,-52,150,-219,-14816,4228,3760,-988,104,-80,-14776,-3328,5760,-470,123,-117,0
3651.342428922653,10064,5264,11168,-200,-44,122,9608,-9272,8828,-59,115,-208,-14748,4192,3700,-1005,99,-43,-14596,-3208,5824,-517,112,-131,0
3651.376044988632,9948,5252,11192,-232,-39,97,9652,-9344,8836,8,103,-186,-14524,4228,3676,-1028,116,-163,-14620,-3388,5784,-500,121,-90,0
3651.4095520973206,9924,5372,11160,-181,-67,140,9800,-9080,8844,-56,138,-223,-14552,4140,3748,-1011,131,-113,-14664,-3332,5720,-442,142,-95,0
3651.443015098572,10028,5252,11264,-235,-63,79,9556,-9252,8864,-21,127,-226,-14528,4260,3812,-993,89,-160,-14684,-3208,5864,-480,191,-111,0
3651.479630947113,9920,5240,11208,-221,-114,118,9728,-9216,8788,13,146,-209,-14540,4152,3724,-1027,82,-132,-14700,-3208,5784,-499,176,-69,0
3651.5147111415863,9968,5220,11100,-192,-93,117,9716,-9080,8504,-23,149,-178,-14728,4244,3736,-962,90,-88,-14700,-3300,5840,-458,128,-97,0
3651.549735069275,10028,5348,11076,-224,-59,82,9744,-9188,8820,-17,174,-215,-14508,4140,3896,-955,66,-117,-14744,-3276,5720,-450,131,-117,0
3651.5853590965276,9928,5352,11136,-221,-74,97,9696,-9168,8732,-21,168,-183,-14548,4156,3708,-970,49,-91,-14600,-3316,5756,-474,158,-96,0
3651.6207389831543,10232,5264,11088,-240,-95,123,9720,-9092,8744,-20,192,-217,-14540,4128,3788,-987,98,-110,-14848,-3508,5736,-447,188,-46,0
3651.6554191112514,9916,5176,11276,-288,-146,138,9748,-9224,8872,16,127,-225,-14436,4248,3592,-999,134,-150,-14684,-3212,5540,-481,214,-92,0
3651.6908020973206,10028,5236,11160,-231,-162,160,9736,-8972,8752,-4,170,-214,-14592,4284,3884,-1018,124,-109,-14628,-3092,5752,-470,184,-82,0
3651.7259440422054,9944,5272,11268,-255,-144,156,9772,-9164,8828,40,80,-223,-14664,4256,3588,-1027,148,-112,-14768,-3304,5832,-490,191,-89,0
3651.761721134186,10048,5248,11244,-213,-134,159,9772,-9164,8836,2,98,-204,-14544,4176,3896,-1024,131,-74,-14668,-3280,5744,-485,177,-54,0
3651.79762506485,10044,5316,11436,-233,-148,132,9720,-9164,8968,-4,147,-226,-14504,4144,3800,-1003,153,-100,-14668,-3296,5792,-479,233,-67,0
3651.832745075226,9948,5236,11124,-253,-155,154,9652,-9152,9020,-5,107,-219,-14560,4200,3624,-950,137,-127,-14732,-3076,5764,-464,180,-65,0
3651.868396997452,10024,5260,11216,-247,-160,135,9768,-9096,8932,-37,122,-201,-14536,4068,3740,-956,106,-133,-14712,-3200,5748,-459,208,-75,0
3651.9038419723515,9996,5208,11128,-235,-154,141,9876,-9264,8664,81,347,-231,-14616,4228,3756,-1019,117,-113,-14704,-3204,5808,-459,190,-63,0
3651.9393720626827,10064,5208,11228,-193,-113,151,9536,-9120,8752,20,130,-214,-14628,4244,3584,-1012,129,-101,-14696,-3280,5740,-488,163,-97,0
3651.9747400283813,10052,5244,11012,-210,-141,117,9956,-9188,8920,3,78,-214,-14468,4184,3708,-1008,113,-130,-14672,-3268,5720,-475,191,-54,0
3652.0106530189514,9980,5256,11168,-200,-163,170,9728,-9196,8736,-9,111,-194,-14556,4228,3760,-995,169,-69,-14784,-3236,5808,-470,169,-87,0
3652.0458340644836,10092,5148,11016,-163,-124,155,9764,-9180,8792,-52,147,-181,-14596,4100,3804,-995,138,-109,-14800,-3212,5712,-486,128,-108,0
3652.081700086593,10060,5212,11064,-164,-80,128,9812,-9152,8788,-16,145,-171,-14620,4196,3792,-1063,82,-20,-14628,-3076,5392,-512,156,-149,0
3652.1192779541016,10148,5280,11212,-120,-32,110,9736,-9116,8848,-49,143,-160,-14744,4120,3884,-1029,130,-21,-14824,-3304,5376,-461,95,-143,0
3652.1525049209595,10128,5248,11080,-135,-22,87,9728,-8996,8864,-77,129,-159,-14400,4192,3660,-997,104,-60,-14404,-3264,5668,-489,117,-137,0
3652.1858301162724,10068,5168,11116,-146,-39,69,9716,-9148,8740,-20,120,-160,-14524,4196,3816,-1043,99,-103,-14608,-3272,5704,-474,172,-117,0
3652.2194380760193,10088,5256,11044,-131,-32,105,9696,-9136,8892,-47,171,-159,-14620,4156,3736,-1038,119,-38,-14748,-3288,5856,-568,210,-115,0
3652.2529850006104,10084,5220,11116,-133,14,106,9732,-9152,8864,-5,155,-156,-14544,4244,3724,-1070,94,-60,-14752,-3228,5776,-463,84,-146,0
3652.286243915558,10116,5256,11220,-132,-6,61,9756,-9468,8880,-64,144,-125,-14400,4212,3800,-1006,72,-55,-14704,-3356,5852,-500,102,-178,0
3652.3200581073766,10076,5296,11144,-140,22,72,9716,-9124,8904,-39,190,-145,-14464,4236,3700,-1028,62,-106,-14672,-3200,5672,-482,115,-140,0
3652.353518009186,10096,5224,11080,-130,-51,68,9652,-9244,8768,-26,159,-166,-14508,4184,3864,-1072,105,-98,-14616,-3176,5732,-501,122,-126,0
3652.387046098709,10012,5160,11468,-129,-26,114,9656,-9156,8776,-51,120,-177,-14560,4076,3760,-1031,144,-62,-14604,-3576,5388,-491,159,-103,0
3652.4207141399384,9732,5236,10868,-134,-35,134,9480,-9240,8736,-30,138,-171,-14564,4308,3708,-1033,144,-66,-14644,-3228,5888,-482,137,-126,0
3652.4542250633244,10092,5292,11004,-140,-35,103,9504,-9428,8812,-21,102,-203,-14576,4240,3680,-993,113,-88,-14672,-3556,5724,-503,154,-116,0
3652.4875080585484,10080,5228,11112,-134,-39,76,9732,-9092,8856,-26,125,-186,-14608,4236,3644,-1019,110,-77,-14688,-3156,5800,-479,131,-135,0
3652.5206871032715,10040,5308,11116,-114,-40,66,9844,-9156,8764,-47,146,-169,-14612,4172,3712,-1029,62,-43,-14708,-3292,5712,-508,130,-167,0
3652.5543270111084,10088,5332,11116,-132,-34,66,9512,-9132,8764,-52,130,-165,-14568,4176,3788,-1024,60,-29,-14664,-3084,5464,-487,88,-167,0
3652.5877809524536,10092,5240,11060,-129,-21,86,9776,-9224,9100,-48,127,-143,-14512,4264,3700,-989,95,-61,-14748,-3220,5876,-488,99,-135,0
3652.621356010437,10028,5276,11084,-147,-4,115,9604,-9152,8700,-51,23,-127,-14444,4088,3940,-1061,93,-42,-14700,-3452,5844,-469,80,-133,0
3652.6547980308533,10116,5176,11088,-146,255,67,9808,-9140,8888,-75,277,-180,-14484,4216,3728,-769,57,-142,-14648,-3320,5780,-474,164,-224,0
3652.6882951259613,9780,5316,11256,-110,-99,50,9648,-9368,8760,-30,128,-212,-14532,4356,3548,-1032,75,-78,-14756,-3256,5788,-532,184,-163,0
3652.72158408165,10132,5172,11276,-141,-24,79,9716,-9132,8816,-58,125,-193,-14620,4268,3732,-995,79,-70,-14672,-3240,5668,-466,78,-120,0
3652.7552320957184,9996,5168,11276,-115,8,85,9748,-9212,8816,-73,144,-170,-14704,4200,3900,-990,58,-126,-14664,-3276,5776,-465,136,-156,0
3652.788672924042,10068,5232,11192,-161,-27,99,9504,-9196,8744,-52,130,-146,-14552,4316,3704,-985,86,-56,-14728,-3204,5692,-522,113,-116,0
3652.8223209381104,9968,5320,11192,-156,255,124,9640,-9136,9012,-28,165,-113,-14476,4172,4000,-1047,100,-19,-14608,-3568,6092,-499,138,-99,0
3652.8558180332184,10040,5328,11108,-182,-40,110,9772,-9196,8736,-82,276,-117,-14724,4200,3832,-939,86,-37,-14680,-3236,5728,-497,131,-135,0
3652.8891060352325,9916,5220,11068,-195,3,103,9964,-9440,8880,-75,201,-134,-14592,4252,3800,-1003,18,-56,-14680,-3284,5860,-475,131,-122,0
3652.9225211143494,9884,5372,11132,-179,-24,109,9612,-9172,8768,-46,141,-169,-14504,4180,3804,-1019,69,-52,-14672,-3264,5748,-468,174,-111,0
3652.9559559822083,9776,5348,11044,-169,-30,84,9696,-9108,8804,-86,172,-131,-14548,4252,3764,-856,-89,-11,-14672,-3520,5832,-483,84,-140,0
3652.9893410205846,9892,5288,11232,-169,10,82,9572,-9444,8760,-35,163,-165,-14484,4136,3920,-987,62,-77,-14380,-3100,5680,-465,149,-123,0
3653.0228960514078,9740,5324,11132,-201,-23,79,9492,-9172,8812,-50,181,-171,-14600,4304,3560,-991,60,-100,-14848,-3252,5784,-491,144,-94,0
3653.0564970970154,10032,5288,11180,-182,-43,112,9688,-9024,8784,-44,195,-178,-14528,4284,3736,-1008,79,-117,-14692,-3192,5716,-473,162,-102,0
3653.0899560451508,10000,5288,11252,-188,-62,84,9736,-9172,8848,-34,148,-177,-14800,4292,3600,-1048,103,-88,-14700,-3348,5812,-479,160,-100,0
3653.1233620643616,9940,5280,11200,-198,-43,114,9696,-9208,8840,-58,161,-164,-14532,4144,3848,-1016,64,-104,-14664,-3280,5712,-768,155,-110,0
3653.1597011089325,9756,5312,11124,-186,-15,93,9724,-9204,8828,-23,152,-158,-14524,4120,3804,-1010,79,-99,-14648,-3420,5656,-496,159,-79,0
3653.1949601173405,9924,5236,11408,-182,-66,91,9716,-9096,8860,-33,132,-171,-14480,4272,3908,-1023,82,-80,-14700,-3348,5660,-498,155,-126,0
3653.2312309741974,9956,5224,11076,-168,-58,107,9720,-9184,8848,-30,137,-183,-14544,4164,3908,-999,104,-116,-14672,-3344,5740,-493,158,-74,0
3653.26895904541,9916,5368,11204,-232,-100,116,9680,-9240,8788,-41,99,-228,-14572,4280,3788,-960,103,-108,-14360,-3520,5780,-491,163,-74,0
3653.3044431209564,9976,5132,11444,-232,-102,108,9676,-9248,8756,-32,123,-235,-14420,4252,4016,-976,117,-158,-14632,-3368,5836,-478,185,-87,0
3653.3399329185486,9968,5252,11152,-221,-129,104,9688,-9172,8860,-13,144,-237,-14500,4236,3824,-969,120,-111,-14732,-3240,6092,-479,176,-94,0
3653.3749160766606,9984,5372,11048,-203,-120,117,9664,-9148,8504,-13,149,-219,-14512,4252,3844,-1004,119,-127,-14740,-3244,5928,-482,143,-97,0
3653.4100940227518,9908,5312,11044,-508,-93,119,9784,-9168,8804,15,140,-233,-14532,4192,3752,-977,139,-159,-14652,-3248,5700,-477,183,-71,0
3653.4452199935913,9732,5288,11120,-225,-113,126,9772,-9208,8824,12,119,-215,-14580,4144,3796,-989,111,-128,-14712,-3320,5780,-767,183,-113,0
3653.4806659221654,10072,5252,11344,-202,-99,136,9668,-9424,8876,12,131,-223,-14516,4168,3816,-987,139,-177,-14724,-3284,5680,-461,162,-71,0
3653.516138076782,10056,5292,11360,-225,-135,129,9676,-9164,8800,16,145,-215,-14540,4164,3808,-988,128,-133,-14652,-3340,5872,-470,150,-109,0
3653.5519001483917,9956,5616,11028,-234,-104,109,9912,-9004,8924,-39,152,-202,-14548,4516,3848,-973,130,-66,-14656,-3256,5608,-479,103,-103,0
3653.5881440639496,10012,5236,11120,-265,-79,102,9748,-9144,8804,2,116,-182,-14452,4188,3732,-987,103,-110,-14580,-3292,5696,-259,140,-125,0
3653.6238210201263,9996,5328,11128,-254,-119,115,9672,-9176,8712,25,125,-200,-14612,4132,3804,-1010,117,-95,-14660,-3388,5656,-261,160,-98,0
3653.659229040146,10012,5296,11324,-170,-109,100,9720,-9176,9052,249,147,-221,-14556,4212,3832,-953,138,-151,-14568,-3572,5876,-468,211,-77,0
3653.6939480304723,9892,5272,11172,-250,-174,115,9620,-9308,9176,-18,110,-222,-14508,4232,3920,-1014,173,-117,-14564,-3292,5664,-469,228,-25,0
3653.7298929691315,10028,5188,11128,-239,-198,164,9484,-9356,8768,-7,100,-220,-14552,4248,3764,-1026,212,-144,-14648,-3096,5852,-477,192,-59,0
3653.764972925186,10196,5296,11036,-235,-181,184,9760,-9156,8824,35,401,-228,-14596,4108,3668,-1003,168,-38,-14772,-3080,5760,-460,163,-66,0
3653.8019530773163,10116,5248,11452,-262,-197,166,9504,-9116,8760,-42,105,-208,-14556,4308,3812,-977,156,-126,-14744,-3084,5708,-482,172,-51,0
3653.8355469703674,10112,5272,10976,-253,-198,179,9732,-9136,8816,-33,176,-202,-14624,4204,3844,-988,153,-120,-14672,-3248,5668,-469,195,-21,0
3653.8692579269414,10072,5236,11108,-223,-180,204,9736,-9028,8748,-43,91,-217,-14668,4236,3708,-994,170,-104,-14664,-3184,5688,-476,195,-105,0
3653.9026391506195,10000,5268,11084,-221,-193,184,9752,-9140,8796,-44,78,-206,-14592,4216,3412,-1015,144,-55,-14660,-3228,5548,-497,167,-96,0
3653.9364111423492,10168,5136,11076,-174,-78,159,9820,-9080,8740,-33,77,-163,-14720,4140,3660,-1037,148,-72,-14692,-3180,5712,-464,108,-116,0
3653.96964097023,10196,5152,11076,-174,-51,147,9828,-9160,8824,-13,129,-147,-14656,4308,3716,-1275,94,-96,-14672,-3160,5668,-482,118,-97,0
3654.0030980110173,10172,5264,10984,-155,-29,97,9728,-9044,9052,-21,127,-171,-14540,4120,3752,-1269,116,-85,-14736,-3232,5820,-484,138,-123,0
3654.0368740558624,10032,5216,11196,-130,-29,130,9472,-9140,8872,-44,128,-142,-14632,3880,3600,-1007,115,-60,-14776,-3288,5800,-493,131,-126,0
3654.0704910755157,10072,5356,11008,-114,254,83,9776,-9148,8780,-78,146,-151,-14576,4148,3748,-1017,97,-30,-14668,-3292,6068,-457,85,-177,0
3654.103899002075,10092,5180,11064,-118,-7,52,9736,-9188,8732,-41,191,-158,-14512,4332,3756,-1030,45,-66,-14648,-3204,5752,-522,107,-152,0
3654.137293100357,9996,5364,10868,-113,-42,63,9616,-9220,8744,-17,182,-128,-14484,4240,3868,-1035,63,-103,-14660,-3296,5620,-470,159,-141,0
3654.1709871292114,9744,5264,11144,-73,-14,62,9720,-9140,9148,-69,197,-183,-14588,4216,3680,-994,82,-123,-14632,-3168,5632,-468,156,-151,0
3654.2046999931335,9996,5144,11248,-101,-34,39,9708,-9308,8808,-43,149,-197,-14788,4340,3724,-991,101,-96,-14700,-3256,5748,-497,136,-127,0
3654.2382180690765,9996,5288,11056,-122,-46,86,9736,-8988,8764,-68,133,-172,-14828,4304,3776,-996,107,-58,-14688,-3564,5800,-487,150,-135,0
3654.2718920707703,10220,5336,11308,-129,10,77,9724,-9180,8924,-52,156,-147,-14612,4192,3836,-1001,115,-66,-14768,-3232,5720,-762,34,-133,0
3654.3053579330444,10104,5220,10988,-120,19,89,9748,-9148,8884,-93,142,-138,-14840,4256,3968,-995,75,-65,-14616,-3376,5592,-500,73,-160,0
3654.3389170169835,10004,5264,11092,-149,249,71,9776,-9092,8776,-78,157,-119,-14356,4192,4076,-1014,34,-45,-14440,-3220,5836,-508,47,-148,0
3654.37280011177,9868,5276,11128,-125,31,90,9688,-9256,8888,-62,118,-125,-14512,4212,3756,-1021,109,243,-14684,-3288,5672,-767,63,-132,0
3654.4059770107274,10208,5304,11220,-120,21,115,9660,-9204,9184,-90,94,-132,-14528,4212,3884,-1042,148,-2,-14364,-3228,5792,-484,97,-101,0
3654.4397809505463,9940,5300,11212,-136,11,91,9944,-9204,8940,-108,95,-123,-14508,4244,3688,-1048,130,-34,-14456,-3224,5648,-490,86,-97,0
3654.4732890129094,10208,5344,11020,-145,-13,163,9812,-9196,8700,-84,181,-103,-14488,4172,3748,-1019,153,-48,-14760,-3344,5620,-514,96,-113,0
3654.5069200992584,10000,5364,11244,-124,-15,145,9720,-9168,8724,-108,96,-132,-14536,4188,3688,-1035,128,-62,-14648,-3336,5852,-492,93,-98,0
3654.540573120117,9892,5336,11212,-162,-21,167,9688,-9280,8808,-145,103,-129,-14576,4392,3784,-975,116,-23,-14696,-3568,5768,-481,63,-98,0
3654.574231147766,9984,5280,11196,-175,-5,157,9760,-9196,8900,-131,129,-126,-14340,4200,3784,-1015,102,-8,-14600,-3204,5788,-503,109,-83,0
3654.607414007187,9972,5252,11148,-161,253,136,9676,-9272,8924,-117,139,-128,-14508,4568,3740,-973,108,-52,-14684,-3328,5656,-492,113,-73,0
3654.6407809257507,9960,5240,11196,-165,-12,132,9840,-9292,8828,-75,146,-156,-14528,4272,3680,-1011,102,-85,-14680,-3304,5576,-509,141,-115,0
3654.6744041442876,9964,5304,11228,-157,-24,122,9728,-9200,8828,-70,168,-123,-14644,4096,3804,-1029,101,-50,-14696,-3332,5808,-508,138,-112,0
3654.7077500820164,9940,5316,11124,-169,-72,108,9768,-9176,8912,-74,158,-159,-14624,4272,3740,-1009,103,-44,-14840,-3296,5656,-471,139,-125,0
3654.7413070201874,9924,5280,11244,-162,-36,92,9664,-9464,8872,-50,139,-186,-14400,4256,3772,-1000,57,-86,-14652,-3252,5852,-502,173,-139,0
3654.774850130081,9952,5240,11204,-174,-55,70,9696,-9196,8828,-40,144,-187,-14556,4196,3644,-1017,64,-118,-14628,-3188,5828,-261,171,-133,0
3654.8081071376805,9940,5468,11048,-213,-19,112,9964,-9288,8804,-49,127,-187,-14412,4204,3652,-1014,67,-115,-14648,-3092,5880,-486,141,-121,0
3654.8444910049443,9984,5228,11060,-200,-23,86,9660,-9236,8788,3,139,-164,-14372,4572,3684,-1046,37,-75,-14596,-3308,5820,-536,137,-148,0
3654.880594968796,10016,5324,11492,-119,-24,81,9652,-9120,8856,-26,154,-180,-14500,4272,3692,-1002,92,-85,-14652,-3288,5812,-496,136,-138,0
3654.9158079624176,9924,5336,11052,-163,-22,78,9668,-9324,8772,-41,174,-186,-14552,4272,3988,-997,95,-44,-14636,-3320,5792,-483,134,-144,0
3654.9514899253845,9944,5252,11188,-178,-51,64,9620,-9320,8888,-53,148,-190,-14540,4212,3924,-1011,88,-103,-14652,-3412,5796,-522,148,-89,0
3654.9877779483795,10000,5264,11084,-186,-51,91,9904,-9272,8920,-38,132,-187,-14464,4236,3788,-985,90,-87,-14724,-3524,6124,-502,148,-77,0
3655.0229520797734,10020,5592,11080,-207,-73,97,9688,-9248,8900,-50,144,-195,-14592,4272,3732,-983,86,-81,-14824,-3296,5736,-509,184,-83,0
3655.059167146682,10184,5260,11484,-214,-95,105,9900,-9000,8708,-47,119,-219,-14552,4240,3828,-965,95,-154,-14660,-3316,5820,-485,178,-94,0
3655.094969034195,10048,5324,11192,-220,-87,88,9624,-9352,8876,-28,91,-217,-14344,4272,3716,-970,112,-126,-14708,-3312,5800,-483,120,-101,0
3655.1306960582733,10028,5216,11220,-224,-76,74,9720,-9240,8768,7,136,-202,-14472,4536,3688,-966,50,-141,-14524,-3172,5680,-259,139,-130,0
3655.1654820442204,10000,5336,11168,-237,-100,97,9964,-9196,8776,52,170,-187,-14388,4224,3676,-986,44,-100,-14648,-3272,5612,-513,178,-126,0
3655.200895071029,10004,5428,11240,-196,-99,59,9688,-9124,8836,-32,220,-195,-14592,4152,3828,-950,55,-187,-14660,-3248,5704,-494,199,-94,0
3655.237226963043,10052,5328,11152,-250,-165,85,9764,-9240,8856,-19,153,-248,-14544,4280,3656,-1279,118,-184,-14708,-3204,5724,-479,236,-55,0
3655.2722799777985,9976,5276,11112,-280,-149,100,9660,-9196,8812,8,154,-225,-14520,4216,3584,-1020,110,-142,-14720,-3304,5636,-476,200,-88,0
3655.3078780174255,10116,5308,11088,-255,-118,117,9740,-9248,8744,-249,141,-206,-14424,4244,3636,-978,67,-98,-14692,-3556,5760,-473,154,-106,0
3655.343019962311,9752,5328,11248,-251,-57,80,9636,-9292,8912,252,133,-191,-14572,4228,3904,-997,87,-95,-14696,-3316,5768,-493,130,-70,0
3655.3786880970006,10024,5312,11072,-252,-96,134,9684,-8964,8820,25,156,-170,-14524,4032,3620,-987,135,-120,-14644,-3556,5596,-506,170,-56,0
3655.4139449596405,10048,5280,11156,-255,-134,144,9680,-9164,8768,23,129,-225,-14832,4160,3776,-930,142,-121,-14692,-3236,5772,-456,151,-117,0
3655.4496679306026,9844,5264,11100,-293,-151,128,9708,-9136,8816,-3,136,-224,-14524,4240,3816,-986,128,-111,-14664,-3296,5776,-461,141,-71,0
3655.486648082733,9956,5204,11048,-278,-130,133,9964,-9280,8908,21,112,-196,-14584,4264,3732,-987,110,-94,-14608,-3344,6084,-486,156,-141,0
3655.5201690196986,9804,5248,11064,-217,-134,98,9496,-9276,8880,71,201,-226,-14464,4244,3768,-1059,103,-125,-14620,-3268,5712,-485,240,-141,0
3655.5538561344147,9972,5252,11308,-163,-181,95,9976,-9260,8992,85,155,-281,-14356,4100,3816,-1057,145,-207,-14836,-3276,5644,-503,300,-140,0
3655.5875420570374,10028,5276,11196,-145,-212,114,9656,-9068,8768,11,162,-312,-14540,4284,3752,-988,150,-217,-14612,-3264,5908,-476,269,-127,0
3655.6211609840393,10088,5184,11160,-124,-193,83,9828,-9200,8900,-12,157,-297,-14588,4212,3700,-770,114,-153,-14780,-3188,5844,-458,243,-160,0
3655.6543629169464,10256,5156,11056,-122,-131,61,9576,-9060,8820,-54,130,-209,-14544,4164,3604,-980,106,-78,-14764,-3304,5736,-499,141,-152,0
3655.6880300045013,10200,5284,11044,-177,-54,89,9872,-9068,8848,-36,197,-161,-14684,4180,3604,-988,79,-68,-14748,-3236,5748,-487,76,-156,0
3655.721568107605,10164,5248,11148,-148,-18,93,9768,-9156,8784,-57,186,-123,-14612,4164,3728,-989,55,-73,-14724,-3252,5704,-457,103,-138,0
3655.7552289962773,10108,5292,11064,-185,-8,87,9544,-9188,8884,-15,173,-119,-14648,4104,3812,-982,46,-81,-14692,-3420,5764,-473,82,-154,0
3655.788962125778,10036,5372,11140,-141,-21,89,9488,-9084,8820,-8,136,-145,-14520,4132,4036,-1084,97,-76,-14696,-3228,5580,-489,96,-165,0
3655.8226420879364,10024,5272,11064,-140,-12,70,9620,-9152,8852,10,177,-143,-14604,4244,3784,-1047,30,-58,-14660,-3288,5816,-543,116,-188,0
3655.855952978134,10012,5232,11208,-149,-26,67,9640,-9192,8860,9,144,-149,-14556,4116,3928,-988,40,-69,-14624,-3420,5688,-524,101,-181,0
3655.8893270492554,9984,5440,11048,-86,-7,33,9972,-9188,8796,-47,148,-133,-14500,4204,3852,-987,63,-82,-14748,-3364,5868,-515,88,-188,0
3655.9230899810796,10068,5276,11136,-140,-253,28,9648,-9196,8796,-63,162,-157,-14536,4288,3844,-957,64,-53,-14604,-3208,5796,-471,108,-187,0
3655.9569251537323,10068,5304,11176,-184,-249,50,9644,-9196,8852,-92,147,-146,-14552,4252,3784,-1037,88,-71,-14580,-3124,5812,-487,134,-167,0
3655.9904811382294,10236,5304,11196,-133,-25,102,9752,-9300,8508,-29,137,-126,-14512,4300,3980,-1031,84,-39,-14652,-3284,5760,-266,111,-204,3
3656.023946046829,9732,5288,11240,-129,21,71,9536,-9252,8876,7,166,-147,-14540,4256,3876,-992,81,-88,-14672,-3348,5728,-535,94,-177,3
3656.0575361251836,9992,5276,11180,-129,3,31,9692,-9432,8732,19,102,-185,-14460,4296,3892,-1043,79,-133,-14656,-3332,5704,-533,155,-178,3
3656.090840101242,10220,5340,11160,-104,-33,31,9652,-9140,9144,27,122,-234,-14432,4276,3800,-1030,66,-145,-14724,-3572,5704,-494,180,-182,3
3656.1245629787445,10064,5300,11076,-108,-48,40,9684,-8972,8812,-29,188,-202,-14496,4212,3752,-1042,91,-101,-14612,-3320,5828,-502,144,-216,3
3656.1579270362854,10044,5424,11164,-114,-12,34,9760,-9116,8668,-68,257,-225,-14360,4176,3588,-1001,98,-86,-14620,-3380,5804,-495,149,-208,3
3656.1914889812474,9924,5456,11144,-139,-55,58,9744,-9160,8916,-36,163,-171,-14552,4292,3912,-995,24,-67,-14652,-3460,5860,-768,114,-174,3
3656.2249829769135,9900,5412,11176,-114,243,84,9648,-9152,8828,-47,168,-162,-14484,4168,3984,-1019,115,-80,-14620,-3416,5744,-763,138,-137,3
3656.2585339546204,9884,5380,11060,-104,-30,101,9980,-9200,8968,-86,187,-165,-14552,4312,3600,-1070,106,-60,-14752,-3404,5856,-505,172,-90,0
3656.2921071052556,9972,5320,11276,-105,-256,75,9708,-8976,8896,-64,116,-183,-14560,4352,3876,-1032,135,-61,-14684,-3448,5856,-499,132,-151,0
3656.3257369995117,9940,5588,11020,-145,-251,106,9816,-9316,8944,-116,158,-155,-14492,4140,3752,-1026,73,-77,-14760,-3460,5816,-488,136,-133,0
3656.3592889308934,10052,5344,11244,-183,-35,78,9628,-9188,9032,-19,165,-179,-14540,4256,3784,-1003,68,-136,-14612,-3324,5756,-462,151,-112,0
3656.3928539752965,9920,5444,11156,-216,-101,118,9592,-9220,9040,-17,164,-202,-14560,4252,3748,-959,84,-148,-14412,-3520,5748,-467,216,-64,0
3656.4260659217834,9864,5368,11356,-202,-113,138,9616,-9108,8848,-36,135,-232,-14508,4168,3856,-959,116,-100,-14744,-3408,5680,-458,230,-59,0
3656.4601449966426,9988,5220,11180,-262,-172,149,9616,-9096,8852,-95,113,-256,-14516,4224,3680,-942,139,-86,-14680,-3412,5768,-466,215,-49,0
3656.4933929443364,9748,5372,11088,-259,-155,137,9652,-9132,8728,-87,130,-207,-14504,4232,3760,-960,123,-57,-14636,-3364,5860,-459,173,-12,0
3656.530704975128,10000,5364,10852,-262,-103,173,9584,-9256,8960,-64,78,-183,-14548,4308,3772,-989,141,-87,-14676,-3336,5880,-484,188,-12,0
3656.566226005554,9736,5528,11148,-309,-129,213,9488,-9152,8928,-34,123,-199,-14508,4172,3768,-1025,132,-109,-14768,-3148,5692,-481,221,-248,0
3656.602519989013,10072,5256,11512,-224,-116,189,9504,-9176,8816,-58,77,-205,-14644,4240,3848,-997,197,-85,-14732,-3408,5660,-439,178,25,0
3656.6381521224976,9960,5368,11136,-285,-167,198,9772,-9092,8796,-69,57,-208,-14604,4288,3840,-989,182,-187,-14620,-3276,5828,-459,214,-17,0
3656.6778631210323,10036,5304,11088,-259,-181,239,9932,-9184,8600,-4,47,-200,-14540,4268,3744,-1275,201,-111,-14764,-3220,5704,-490,219,-17,0
3656.7125940322876,10184,5200,11192,-232,-181,216,9700,-9108,8676,6,69,-169,-14512,4176,3768,-1012,156,-49,-14356,-3312,6072,-467,129,-87,0
3656.7485179901123,9952,5304,11072,-229,-112,154,9744,-9244,8916,-26,129,-187,-14600,4168,3592,-977,81,-94,-14732,-3312,5624,-477,136,-138,0
3656.783374071121,10008,5264,10804,-207,-91,87,9800,-9176,8740,-34,130,-155,-14808,4244,3656,-1049,70,-74,-14700,-3144,5628,-482,145,-143,0
3656.8182179927826,10076,5272,11112,-153,-57,73,9964,-9108,8748,-12,157,-162,-14580,3932,3384,-1041,96,-126,-14628,-3252,5608,-458,171,-142,0
3656.853907108307,9972,5260,11040,-155,-53,98,9668,-9196,8872,-249,141,-197,-14492,4236,3744,-1067,125,-104,-14644,-3220,5688,-467,195,-78,0
3656.8898041248326,9948,5232,11052,-132,-109,111,9656,-9172,8884,9,73,-224,-14572,4216,3896,-1035,129,-194,-14696,-3580,5784,-494,195,-102,0
3656.9254980087285,9928,5300,11132,-156,-80,106,9660,-9152,8948,28,123,-225,-14544,4256,3880,-1020,118,-118,-14752,-3380,5772,-492,210,-88,0
3656.9608800411224,10096,5288,11104,-195,-124,94,9688,-9184,8968,246,136,-177,-14568,3948,3976,-1037,61,-130,-14752,-3380,5796,-486,110,-182,0
3656.997235059738,9752,5320,11076,-193,-44,93,9748,-9112,8876,-16,144,-149,-14540,4100,4076,-1013,24,-75,-14752,-3432,5648,-465,51,-148,0
3657.0323650836945,10216,5360,11128,-231,-33,91,9556,-9132,8808,-89,195,-136,-14532,4216,3856,-1000,81,-58,-14696,-3368,5628,-473,100,-117,0
3657.0674040317535,9916,5432,11196,-220,-79,143,9696,-9172,8788,-51,118,-171,-14452,4172,3584,-1008,158,-110,-14392,-3448,5668,-462,208,-43,0
3657.1033449172974,10028,5156,11020,-199,-153,178,9668,-9124,8776,-47,67,-223,-14396,4244,3608,-992,197,-107,-14372,-3268,5756,-479,232,-48,0
3657.138612985611,10016,5260,11068,-160,-151,150,9736,-9228,8944,-57,39,-238,-14640,4196,3824,-1005,164,-94,-14708,-3308,5792,-493,190,-57,0
3657.1749229431152,10172,5316,11124,-185,-144,120,9900,-9112,8712,-48,77,-205,-14848,4152,3688,-1009,98,-144,-14820,-3272,5464,-478,169,-115,0
3657.2085819244385,10124,5324,11124,-130,-64,89,9804,-9116,8720,-50,126,-167,-14572,4168,3820,-983,78,-81,-14744,-3320,5768,-487,59,-140,0
3657.242105960846,10148,5244,11196,-164,33,87,9752,-9200,8828,-20,151,-117,-14572,4260,3812,-1003,3,-31,-14612,-3328,5652,-525,75,-134,0
3657.2757079601283,10096,5296,11120,-188,4,71,9720,-9128,8728,-15,161,-126,-14540,4248,3784,-965,21,-38,-14768,-3268,5824,-478,109,-112,0
3657.309288978576,10004,5360,11272,-154,11,56,9540,-8804,8864,-97,169,-139,-14532,4252,3600,-974,36,-70,-14752,-3252,5628,-468,93,-187,0
3657.3424711227412,9792,5396,11264,-216,-55,59,9780,-9196,8860,-47,187,-171,-14472,4224,3832,-992,30,-78,-14684,-3124,5768,-455,137,-130,0
3657.375988960266,9904,5376,11088,-175,-44,106,9624,-9076,8736,-40,163,-192,-14408,4276,3600,-1027,108,-74,-14688,-3584,5808,-479,183,-106,0
3657.409690141678,9932,5336,11280,-161,-72,139,9704,-9220,8652,-49,121,-172,-14384,4248,3828,-1016,88,-88,-14672,-3540,5700,-499,159,-108,0
3657.4433801174164,9860,5292,11252,-184,-43,107,9704,-9228,8888,-43,161,-179,-14536,4296,3784,-1007,97,-78,-14652,-3108,5776,-492,127,-89,0
3657.4769680500026,10040,5624,11300,-151,-38,113,9536,-9080,8808,-58,142,-179,-14572,4188,3816,-986,85,-59,-14676,-3276,5648,-490,163,-124,0
3657.5105559825893,10208,5252,11140,-142,-43,122,9476,-9072,8936,-76,127,-204,-14348,4100,3712,-1033,118,-102,-14824,-3292,5600,-482,166,-116,0
3657.5438461303706,10236,5176,11012,-217,-52,103,9752,-9208,8760,-63,150,-181,-14520,4176,3704,-1038,98,-87,-14664,-3248,5820,-467,139,-104,0
3657.5774009227753,9828,5360,11176,-210,-34,101,9664,-9244,8892,-64,139,-188,-14524,4292,3692,-1009,100,-94,-14664,-3300,5664,-460,149,-95,0
3657.6111099720006,10204,5336,11228,-180,-66,111,9708,-9188,8928,-37,162,-192,-14572,4264,3976,-826,137,-60,-14692,-3280,5724,-459,196,-76,0
3657.644631147384,9908,5332,11152,-140,-70,117,9632,-9196,8900,-4,135,-220,-14520,4264,3776,-1044,151,-135,-14616,-3364,5844,-497,194,-136,0
3657.6781499385834,10028,5272,11088,-155,-77,133,9952,-9236,8740,-30,126,-192,-14540,4220,4012,-1037,110,-129,-14772,-3308,5916,-756,167,-116,0
3657.7118570804596,9996,5384,11124,-156,-63,100,9668,-9204,8800,-57,147,-159,-14628,4212,3920,-1007,79,-93,-14656,-3280,5744,-485,136,-112,0
3657.745302915573,9880,5296,11136,-177,-60,81,9636,-9204,8812,-73,133,-183,-14432,4268,3892,-994,119,-71,-14744,-3372,5700,-457,141,-72,0
3657.7789740562444,10072,5360,11024,-172,-30,126,9680,-9124,8744,-80,102,-140,-14544,4236,3936,-995,106,-17,-14736,-3300,5744,-492,116,-100,0
3657.812543153762,10080,5148,11200,-183,-42,128,9784,-9116,8852,-67,136,-125,-14568,4196,3508,-1013,119,-45,-14640,-3232,5536,-479,100,-105,0
3657.8460950851445,10040,5292,11036,-140,-11,118,9708,-9172,8728,-46,137,-143,-14560,4252,3848,-1022,124,-82,-14692,-3272,5660,-517,136,-131,0
3657.879776954651,9728,5204,11168,-144,-22,100,9476,-9412,8820,10,166,-198,-14592,4352,3768,-1013,113,-134,-14836,-3100,5576,-761,168,-142,0
3657.9131441116333,10208,5332,11192,-130,-43,71,9700,-9312,8856,34,165,-225,-14616,4228,3708,-979,60,-156,-14692,-3336,5792,-505,207,-149,0
3657.9468121528625,9916,5376,11300,-157,-56,30,9696,-9268,8836,-9,176,-197,-14668,4172,3772,-986,53,-87,-14664,-3280,5768,-470,124,-212,0
3657.98031592369,9960,5320,11268,-141,-46,40,9688,-9240,8812,-9,191,-172,-14616,4292,3680,-963,51,-67,-14712,-3272,5732,-482,128,-120,0
3658.0137939453125,9908,5328,11288,-199,-61,47,9600,-9244,8988,-21,187,-184,-14440,4252,3876,-993,101,-137,-14640,-3360,5656,-476,154,-153,0
3658.0473489761353,9936,5372,11288,-164,-22,81,9640,-8984,8724,-90,125,-170,-14608,4228,3836,-1017,101,-59,-14640,-3380,5760,-453,131,-147,0
3658.080773115158,10076,5380,11104,-161,-49,86,9748,-9104,8828,-83,154,-152,-14716,4188,3676,-1000,32,-48,-14744,-3208,5624,-480,150,-208,0
3658.114301919937,10056,5296,10928,-128,-15,58,9776,-9220,8916,-55,194,-162,-14520,4176,3888,-1038,64,-86,-14684,-3076,5688,-498,197,-141,0
3658.1477429866795,9972,5320,11200,-86,-28,93,9716,-9216,8812,-32,181,-130,-14624,4116,3808,-1043,47,-94,-14692,-3396,5728,-491,148,-178,0
3658.1809389591212,10020,5336,11120,-85,247,68,9864,-9172,8712,-6,178,-157,-14400,4260,3708,-1000,68,-123,-14728,-3584,5656,-470,148,-177,0
3658.218665122986,10128,5400,11096,-154,23,54,9676,-9148,8764,-3,216,-172,-14440,4176,3856,-986,137,-48,-14616,-3376,5600,-486,131,-153,0
3658.253899097442,9968,5408,11044,-142,24,73,9720,-9116,8900,-58,153,-126,-14528,4240,3852,-1053,70,-53,-14700,-3452,5524,-475,98,-149,0
3658.2940349578853,9932,5404,11064,-219,6,88,9796,-9240,8932,-52,174,-105,-14492,4220,3716,-965,55,-31,-14728,-3360,5664,-453,70,-128,0
3658.3307280540466,9864,5388,11120,-184,37,122,9692,-9288,8948,-49,158,-135,-14520,4328,3676,-988,89,-16,-14628,-3380,5824,-457,109,-110,0
3658.3671030998235,9884,5328,11256,-165,10,103,9684,-9000,8864,-38,171,-150,-14556,4220,3964,-1048,113,-83,-14384,-3388,5640,-458,167,-138,0
3658.401864051819,9808,5184,11392,-167,-46,90,9580,-9276,8840,-59,137,-214,-14392,4268,3820,-1001,142,-104,-14804,-3436,5860,-491,202,-121,0
3658.4374210834503,9948,5396,11308,-153,-68,109,9660,-9420,8788,-52,110,-200,-14544,4132,3800,-1032,157,-89,-14720,-3320,5856,-475,179,-92,0
3658.4733130931854,9936,5428,11208,-148,-62,95,9668,-9196,8756,-32,139,-172,-14476,4196,3716,-1019,83,-71,-14604,-3572,5816,-469,172,-129,0
3658.508969068527,9964,5352,11224,-156,-28,94,9560,-9236,8824,-50,150,-156,-14660,4364,3668,-1019,73,-53,-14724,-3376,5776,-479,125,-122,0
3658.5442390441895,9952,5604,10888,-151,-20,80,9724,-9276,8832,-49,156,-174,-14520,4184,3684,-1012,126,-95,-14676,-3344,5760,-479,137,-114,0
3658.5799860954285,10184,5356,11088,-144,23,72,9768,-9124,8704,-52,183,-159,-14576,4228,3732,-1000,125,-86,-14628,-3408,5612,-480,100,-126,0
3658.6151721477518,9916,5352,11084,-181,-21,81,9636,-9236,8776,-35,124,-184,-14368,4224,3776,-1037,97,-90,-14656,-3560,5728,-495,174,-138,0
3658.6503999233246,9916,5320,11244,-146,4,69,9660,-9144,8748,-47,150,-189,-14548,4328,3964,-770,89,-100,-14676,-3380,5656,-501,156,-152,0
3658.685492992401,9892,5360,11508,-179,16,62,9728,-9288,8812,-62,191,-194,-14628,4220,3592,-1003,67,-146,-14776,-3340,5804,-500,167,-100,0
3658.721735954284,9844,5444,11044,-188,-40,62,9684,-9448,9176,-34,152,-198,-14512,4188,3928,-1001,86,-112,-14604,-3356,5760,-444,166,-104,0
3658.758126974106,9928,5400,11500,-230,-38,96,9508,-9268,8912,-47,144,-189,-14536,4260,3720,-951,78,-71,-14664,-3336,6132,-435,132,-95,0
3658.793519973755,9920,5388,11380,-268,-65,118,9696,-9264,8808,-35,140,-184,-14500,4308,3852,-991,124,-107,-14628,-3240,5776,-484,168,-90,0
3658.8310840129852,9832,5464,11100,-511,-135,156,9500,-9096,8768,-27,136,-219,-14640,4268,3596,-986,109,-127,-14648,-3340,5720,-455,209,-55,0
3658.8647611141205,9904,5492,11340,-229,-139,117,9620,-9408,8836,-58,142,-228,-14484,4228,4056,-982,139,-92,-14712,-3360,5760,-434,192,-69,0
3658.8980669975285,9756,5412,11296,-301,-190,147,9720,-9272,8880,-48,100,-251,-14548,4260,4028,-1001,163,-131,-14624,-3272,5692,-456,228,-43,0
3658.931980133056,10004,5344,11260,-271,-157,217,9884,-9224,8916,-18,99,-200,-14840,4208,3768,-1018,183,-127,-14696,-3236,5708,-480,213,-20,0
3658.9655089378357,10052,5392,11232,-262,-162,202,9648,-9128,8868,8,148,-157,-14668,4136,3896,-1015,133,-123,-14704,-3388,5704,-452,160,-48,0
3658.9990570545197,10028,5252,11208,-267,-144,181,9764,-9236,8956,-14,76,-174,-14568,4284,3668,-963,118,-112,-14732,-3316,5664,-453,172,-45,0
3659.0325801372533,9904,5316,11192,-259,-120,175,9592,-9412,8952,-25,105,-177,-14588,4208,3676,-979,127,-74,-14768,-3368,5688,-470,174,-40,0
3659.0661170482635,9976,5152,11076,-268,-123,157,9936,-9464,8904,-17,118,-192,-14592,3984,3796,-993,133,-85,-14680,-3276,5676,-438,178,-92,0
3659.0999081134796,9892,5324,11016,-319,-143,143,9580,-9004,8768,-21,129,-200,-14624,4256,3784,-981,128,-138,-14712,-3304,5692,-471,178,-81,0
3659.1333310604095,9948,5304,11096,-241,-89,150,9652,-9200,8784,-7,134,-172,-14592,4300,3780,-1040,81,-99,-14800,-3108,5604,-437,155,-73,0
3659.1669600009923,10008,5252,11404,-257,-161,139,9696,-9224,8828,22,111,-212,-14584,4216,3864,-977,115,-91,-14684,-3328,5764,-465,195,-95,0
3659.2005960941315,9804,5308,11272,-244,-145,116,9540,-9168,8944,17,104,-232,-14548,4300,3824,-1064,179,-138,-14580,-3344,5796,-472,246,-67,0
3659.233927965164,9932,5352,11228,-257,-190,151,9640,-9156,8876,11,94,-239,-14472,4216,3816,-997,171,-137,-14708,-3436,5664,-462,231,-52,0
3659.2676439285283,10004,5344,11144,-226,-221,192,9692,-9200,8804,-33,85,-234,-14564,4164,3784,-993,149,-133,-14756,-3268,5676,-450,195,-68,0
3659.3012340068813,10000,5272,11084,-509,-156,148,9608,-9240,8904,-20,121,-225,-14600,4272,3740,-970,99,-138,-14648,-3204,5876,-511,158,-113,0
3659.334748983383,9928,5300,11248,-278,-202,185,9664,-9264,8876,47,92,-221,-14456,4224,3736,-1052,156,-116,-14620,-3580,5752,-469,232,-85,0
3659.368276119232,9784,5280,11012,-200,-214,165,9660,-9092,8732,-19,120,-251,-14628,4124,3780,-1006,164,-113,-14748,-3136,5584,-452,166,-89,0
3659.401423931122,10068,5240,11092,-185,-136,128,9632,-9128,8876,-253,105,-202,-14408,3972,3976,-1009,145,-126,-14672,-3152,5796,-466,161,-121,0
3659.4349250793452,10060,5196,10816,-168,-76,115,9704,-9064,8848,245,110,-199,-14372,4180,3672,-1018,142,-119,-14772,-3328,5612,-488,126,-102,0
3659.4686861038213,10180,5292,11072,-171,-84,123,9880,-9120,8736,-255,129,-150,-14340,4204,3440,-1045,154,-68,-14676,-3276,5800,-485,117,-121,0
3659.5020310878754,9740,5324,11260,-160,-16,108,9668,-9152,8804,-16,85,-149,-14640,4188,3748,-1040,134,-68,-14804,-3320,5664,-473,99,-115,0
3659.5355701446533,10016,5356,11260,-173,-41,98,9520,-8992,8728,-51,102,-170,-14632,4204,3784,-1041,119,-50,-14664,-3292,5732,-472,115,-159,0
3659.56906914711,9752,5288,11232,-154,-44,96,9924,-9172,8788,-27,123,-151,-14532,4164,3748,-1023,77,-114,-14732,-3208,5716,-501,133,-186,0
3659.6025121212006,9944,5208,11164,-138,-56,68,9668,-9216,8844,-51,127,-151,-14452,4216,3720,-996,105,-67,-14624,-3312,5672,-463,149,-126,0
3659.6359679698944,9892,5276,11072,-210,-95,119,9616,-9276,8804,-33,116,-218,-14380,4328,3640,-1004,127,-97,-14604,-3320,5728,-463,200,-83,0
3659.6697330474854,9748,5352,11232,-183,-97,154,9896,-9204,8892,-33,103,-189,-14348,4336,3880,-1028,132,-114,-14676,-3364,5768,-505,182,-104,0
3659.7033140659332,10020,5276,11276,-176,-111,127,9600,-9076,8876,-35,107,-185,-14384,4160,3372,-1009,107,-105,-14616,-3204,5592,-491,155,-104,0
3659.736946105957,10088,5300,11240,-157,-73,95,9688,-8972,8772,-51,142,-188,-14480,4256,3760,-1005,114,-109,-14624,-3276,5568,-478,133,-124,0
3659.7704560756683,9984,5404,11064,-171,-75,87,9788,-9188,8860,-19,142,-152,-14624,4172,3668,-991,119,-98,-14736,-3352,5636,-458,122,-119,0
3659.8040931224823,9968,5240,11132,-186,-66,91,9788,-9132,8848,-56,130,-177,-14560,4124,3660,-1017,109,-86,-14704,-3232,5564,-479,152,-98,0
3659.8376309871674,10024,5292,11176,-166,-64,97,9720,-9124,8916,-35,124,-197,-14568,4184,3680,-976,127,-91,-14660,-3308,5544,-483,178,-102,0
3659.8732900619507,9996,5276,10860,-160,-104,109,9480,-9152,8948,-49,134,-186,-14668,4208,3660,-1011,107,-99,-14696,-3368,5824,-474,187,-125,0
3659.9090659618373,10020,5280,11228,-187,-96,104,9904,-8984,8928,-30,102,-170,-14592,4148,3764,-1015,84,-102,-14684,-3260,5584,-488,140,-128,0
3659.9443881511684,9988,5320,11052,-189,-66,96,9668,-9168,8796,-34,135,-186,-14848,4272,3704,-1034,78,-94,-14648,-3316,5664,-500,102,-134,0
3659.9803199768066,10000,5248,11216,-193,-36,86,9720,-9072,8868,-25,175,-164,-14572,4256,3768,-985,75,-71,-14724,-3076,5660,-469,118,-127,0
3660.0156741142273,10028,5328,11204,-212,-40,107,9784,-9208,8780,-47,132,-177,-14344,4284,3732,-1004,138,-93,-14672,-3280,5452,-478,122,-114,0
3660.051285028457,9760,5348,11172,-186,-35,95,9624,-9160,8868,-53,137,-159,-14596,4348,3932,-989,100,-84,-14668,-3256,5732,-487,127,-107,0
3660.087089061737,10028,5388,11400,-204,-65,96,9692,-9144,8844,-79,133,-189,-14504,4188,3552,-995,116,-97,-14620,-3348,5808,-472,124,-95,0
3660.1227610111237,10016,5292,11168,-153,-76,111,9960,-9460,8888,-28,127,-191,-14592,4172,3756,-1017,126,-91,-14700,-3124,5836,-487,152,-114,0
3660.1581439971924,9916,5200,11052,-158,-82,120,9712,-9216,8808,-8,161,-206,-14528,4160,3696,-1017,77,-117,-14712,-3336,5648,-505,147,-129,0
3660.1933789253235,9960,5268,11212,-156,-52,119,9648,-9232,8804,-33,175,-184,-14600,4240,3836,-981,100,-106,-14696,-3296,5684,-492,160,-124,0
3660.2295961380005,10064,5356,11020,-150,-106,125,9652,-9184,8840,-33,113,-203,-14528,4128,3600,-977,94,-118,-14708,-3584,5624,-471,173,-154,0
3660.2646930217743,10060,5296,11152,-148,-60,86,9708,-9196,8776,-55,112,-183,-14712,4196,3736,-967,77,-75,-14824,-3244,5588,-494,85,-161,0
3660.3003759384155,9992,5216,10884,-172,32,41,9700,-9188,8668,-27,156,-145,-14572,4260,3824,-1024,34,-41,-14672,-3284,5616,-531,92,-165,0
3660.3354980945587,9912,5296,11196,-135,39,74,9752,-9080,8860,-60,166,-111,-14652,4196,3960,-1003,69,-74,-14708,-3376,5728,-503,110,-147,0
3660.3708579540253,10128,5604,11008,-132,54,29,9772,-9224,8808,-95,149,-144,-14620,4132,3684,-852,-109,-23,-14612,-3168,5720,-449,110,-161,0
3660.406207084656,9880,5264,10900,-141,-10,23,9580,-9432,8776,-95,210,-164,-14492,4308,3752,-1046,133,-115,-14548,-3272,5404,-488,173,-115,0
3660.442430019378,10052,5372,10928,-91,5,113,9668,-9224,8804,-59,157,-107,-14704,4176,3744,-1102,114,-27,-14632,-3524,5824,-521,127,-139,0
3660.478801012039,9940,5316,11120,-101,26,73,9764,-9204,8800,-53,193,-150,-14364,4348,4044,-1027,90,-29,-14684,-3584,5760,-471,91,-142,0
3660.5144069194794,9964,5384,11008,-113,45,65,9648,-8968,8912,-77,171,-138,-14600,4220,3704,-778,72,-16,-14636,-3328,5576,-494,91,-142,0
3660.5503489971165,9840,5132,11360,-124,45,71,9712,-9176,8724,-72,154,-157,-14612,4152,3672,-1036,111,-57,-14668,-3380,5624,-468,126,-151,0
3660.583697080612,9900,5132,11048,-179,-43,81,9708,-9128,8816,-54,152,-168,-14480,4224,3636,-1019,94,-65,-14708,-3368,5720,-453,120,-137,0
3660.6174659729004,9928,5336,11144,-137,-31,100,9756,-9188,8676,-71,136,-176,-14568,4164,3672,-1032,120,-29,-14732,-3396,5756,-492,137,-135,0
3660.650810956955,9924,5344,11124,-156,-62,114,9576,-9372,8816,-61,134,-157,-14788,4236,3776,-1031,121,-105,-14636,-3384,5720,-509,171,-125,0
3660.6843049526215,9900,5372,11172,-162,-254,91,9576,-9240,8840,-47,159,-170,-14400,4304,3844,-1057,107,-114,-14792,-3112,5744,-506,182,-116,0
3660.7177851200104,9912,5344,11096,-153,-68,74,9584,-9276,8888,-36,125,-165,-14540,4252,3768,-1280,65,-110,-14760,-3424,5672,-501,147,-157,0
3660.751326084137,9940,5356,11320,-152,-18,49,9640,-9280,8808,-54,171,-167,-14560,4312,3724,-997,48,-70,-14712,-3476,5456,-488,133,-166,0
3660.784898042679,9956,5372,11140,-171,-14,56,9668,-9196,8744,-69,200,-161,-14572,4180,3804,-979,5,-35,-14636,-3372,5696,-488,128,-164,0
3660.818608045578,9908,5324,11024,-177,251,52,9628,-9224,8712,-78,162,-142,-14564,4224,3656,-1013,76,-50,-14652,-3344,5704,-463,142,-127,0
3660.8522479534154,9952,5552,11160,-169,-11,91,9632,-9272,8704,-58,165,-186,-14644,4232,3624,-1022,108,-61,-14612,-3172,5668,-484,149,-123,0
3660.8854939937596,9816,5400,11432,-160,-26,127,9580,-9236,8868,-42,125,-188,-14612,4280,3636,-1052,95,-116,-14716,-3584,5396,-487,192,-117,0
3660.9193251132965,9888,5608,11168,-169,-11,103,9660,-9244,8928,-80,138,-180,-14508,4280,3740,-1274,145,-100,-14680,-3116,5672,-483,183,-105,0
3660.9528889656067,9888,5296,11120,-155,-58,104,9600,-9168,8736,-69,120,-210,-14404,4200,3708,-1004,109,-101,-14604,-3484,5728,-495,174,-110,0
3660.98646402359,10024,5380,11128,-111,-245,62,9680,-9224,8796,-79,126,-154,-14800,4128,3672,-1016,138,-46,-14724,-3320,5680,-476,73,-118,0
3661.020231008529,9936,5360,11124,-180,31,91,9724,-9328,8836,-50,158,-100,-14564,4260,3688,-1036,81,-41,-14548,-3300,5764,-514,117,-154,0
3661.053708076477,9876,5416,11152,-189,3,97,9856,-9212,8584,-74,214,-113,-14516,4188,3616,-1016,102,-62,-14632,-3396,5728,-494,113,-116,0
3661.0874059200282,10224,5392,11100,-176,-16,93,9548,-9452,8868,-88,175,-164,-14616,4144,3744,-975,43,-69,-14692,-3580,5672,-463,115,-120,0
3661.120517015457,9872,5308,11204,-216,-75,69,9656,-9320,8788,-54,162,-173,-14576,4524,3732,-993,131,-56,-14664,-3336,5776,-487,159,-65,0
3661.1536970138554,9872,5352,11180,-200,-92,117,9900,-8980,8972,-22,131,-173,-14472,4196,4068,-1004,159,-106,-14648,-3092,5684,-484,188,-62,0
3661.1873750686646,9864,5432,11160,-208,-92,145,9688,-9236,8792,-47,132,-165,-14560,4284,3756,-982,118,-130,-14720,-3396,5800,-480,119,-69,0
3661.2211689949036,9880,5364,11328,-206,-74,105,9596,-9300,8884,2,167,-216,-14432,4260,3992,-971,115,-167,-14656,-3304,5676,-469,135,-93,0
3661.254732131958,9824,5368,11208,-238,-99,98,9584,-9296,8800,-253,163,-204,-14560,4220,3848,-957,85,-106,-14672,-3280,5720,-483,176,-77,0
3661.2882211208344,9904,5372,11140,-225,-86,109,9784,-9216,8920,19,169,-204,-14552,4268,3548,-995,148,-110,-14636,-3360,5720,-467,228,-76,0
3661.3217649459843,10208,5308,11280,-268,-201,162,9580,-9280,8844,28,120,-253,-14492,4248,3640,-1005,182,-177,-14748,-3244,5580,-485,310,-22,0
3661.355427026748,9920,5452,11196,-250,-218,204,9600,-9184,8776,45,98,-241,-14492,4264,3908,-965,172,-168,-14676,-3172,5580,-468,234,-35,0
3661.3888220787044,10228,5376,11276,-292,-211,201,9700,-9004,8760,66,117,-234,-14524,4140,3976,-999,178,-213,-14672,-3092,5592,-470,259,-32,0
3661.4223830699925,9960,5308,11200,-275,-260,204,9664,-9124,8776,44,104,-259,-14776,4240,3708,-1004,198,-153,-14704,-3388,5644,-460,265,-31,0
3661.4558191299443,9900,5420,11104,-315,-310,205,9612,-9216,8944,61,67,-268,-14500,4184,4032,-985,189,-119,-14720,-3080,5488,-465,1,-50,0
3661.4894311428075,9972,5440,11196,-302,-268,165,9580,-9136,8912,21,68,-280,-14508,4208,3756,-1007,173,-141,-14652,-3360,5584,-477,209,-51,0
3661.5228309631348,10100,5440,11036,-281,-225,168,9476,-9256,8784,13,117,-2,-14596,4132,3588,-1017,142,-152,-14724,-3268,5376,-443,195,-118,0
3661.559607028961,10128,5328,11152,-230,-190,141,9860,-9132,8836,10,95,-214,-14620,4120,3764,-992,108,-111,-14736,-3240,5588,-464,165,-99,0
3661.5947909355164,10120,5308,11084,-174,-123,82,9824,-9096,8820,-21,139,-175,-14820,4128,3492,-1016,100,-105,-14804,-3280,5540,-457,180,-117,0
3661.6304299831386,10040,5276,11428,-159,-103,131,9476,-9192,8768,-43,114,-205,-14676,4104,3740,-1016,155,-84,-14768,-3276,5624,-492,215,-83,0
3661.666002035141,9756,5252,11176,-155,-116,136,9616,-9176,8772,-33,80,-197,-14632,4224,4040,-1032,199,-107,-14764,-3248,5736,-482,210,-69,0
3661.702395915985,10036,5448,11220,-169,-117,167,9692,-9240,8904,-118,71,-174,-14684,4304,3932,-1036,160,-57,-14864,-3284,5688,-766,140,-73,0
3661.738783121109,10104,5268,10884,-181,253,137,9700,-9240,8876,-46,134,-130,-14656,4296,3748,-1057,61,-49,-14848,-3216,5396,-549,67,-126,0
3661.7740931510925,10084,5336,11500,-186,47,90,9536,-9184,8940,-5,129,-111,-14584,4144,3524,-1042,47,-28,-14756,-3308,5564,-514,57,-133,0
3661.8094120025635,10092,5304,11208,-129,51,80,9676,-9136,8832,-90,139,-110,-14668,4252,3888,-1016,44,242,-14736,-3300,5404,-523,71,-106,0
3661.8448741436005,10000,5280,11132,-204,1,78,9660,-9308,8808,-66,131,-153,-14660,4336,3624,-1053,130,-64,-14616,-3248,5516,-498,185,-147,0
3661.8801460266113,10020,5344,11080,-148,-83,108,9764,-9204,8808,-27,153,-179,-14492,4200,3780,-1006,139,-107,-14716,-3244,5624,-476,193,-148,0
3661.9158301353455,9912,5244,11136,-95,-78,121,9724,-9204,8732,-50,151,-194,-14344,4324,4076,-952,89,-108,-14604,-3216,5720,-423,199,-151,0
3661.9513700008392,9948,5224,11108,-150,-54,26,9800,-9244,8876,-67,183,-205,-14636,4092,3724,-953,51,-130,-14696,-3360,5620,-470,166,-204,0
3661.9873139858246,10040,5332,11304,-123,-39,7,9384,-9032,8796,243,183,-222,-14708,4240,3744,-982,16,-120,-14700,-3296,5576,-494,129,-192,0
3662.0228719711304,9984,5344,11256,-139,-30,20,9744,-9164,8740,15,208,-219,-14564,4192,3808,-1004,32,-144,-14708,-3232,5780,-480,139,-190,0
3662.0580239295964,9876,5368,11360,-149,-40,27,9596,-9208,8704,-24,196,-207,-14784,4252,3636,-978,69,-84,-14680,-3512,5676,-505,148,-140,0
3662.093807935714,9920,5384,11100,-140,-19,83,9640,-8972,8968,11,146,-167,-14652,4160,3820,-1016,88,-96,-14700,-3312,5748,-494,96,-122,0
3662.1293621063232,9912,5384,11180,-140,-26,131,9536,-9168,8984,-32,128,-136,-14848,3960,4016,-1138,199,-121,-14632,-3352,5648,-501,157,-78,0
3662.1646001338963,9976,5432,11132,-142,-58,171,9588,-9188,8804,-25,94,-156,-14744,4156,3776,-1005,158,-73,-14600,-3360,5560,-487,138,-89,0
3662.201094150543,9928,5368,11196,-155,-80,153,9676,-9164,8868,-44,108,-160,-14600,3924,3784,-980,116,-74,-14664,-3088,5656,-506,139,-112,0
3662.234724998474,9744,5588,11140,-187,-71,119,9628,-9176,8988,-91,119,-175,-14468,4120,3788,-934,102,-48,-14688,-3132,5728,-466,161,-95,0
3662.2683780193333,9980,5604,11048,-212,-83,125,9816,-9256,8860,-122,123,-206,-14652,4168,3836,-962,102,-85,-14748,-3276,5700,-461,156,-114,0
3662.3019311428075,9772,5260,11508,-216,-123,123,9488,-9228,8720,-37,140,-190,-14520,4236,3740,-963,76,-123,-14776,-3148,5632,-455,189,-112,0
3662.3354971408844,9976,5392,11020,-185,-112,107,9908,-9280,8824,-21,137,-187,-14608,4260,3484,-1038,126,-123,-14768,-3284,5568,-504,185,-118,0
3662.3691461086273,9964,5276,11140,-183,-94,115,9896,-9272,8796,-18,119,-231,-14572,4196,3584,-988,113,-107,-14596,-3240,5696,-504,208,-96,0
3662.4024209976196,9980,5284,11060,-152,-96,118,9732,-9232,8844,-50,143,-209,-14676,4308,3720,-1067,168,-128,-14860,-3236,5704,-476,176,-107,0
3662.438184976578,10188,5340,11152,-129,-5,116,9792,-9220,8988,-97,167,-154,-14716,4228,3768,-996,73,-72,-14864,-3232,5628,-497,68,-122,0
3662.4718561172485,10024,5236,11020,-180,18,75,9692,-9180,8904,-254,165,-119,-14572,4048,3636,-1009,62,-67,-14676,-3352,5492,-497,96,-166,0
3662.5052759647374,9992,5492,10976,-164,27,66,9896,-9168,8856,-44,205,-140,-14516,3892,3432,-1005,14,-64,-14740,-3360,5384,-482,72,-158,0
3662.5389580726624,10012,5544,11076,-160,239,39,9472,-9020,8860,-60,211,-135,-14820,4244,3584,-994,12,-30,-14640,-3380,5572,-469,106,-216,0
3662.5725240707397,9796,5280,11248,-200,-7,27,9676,-9440,8872,-37,188,-174,-14600,4188,3612,-1029,55,-54,-14672,-3104,5672,-481,144,-157,0
3662.605906009674,9772,5364,10816,-150,-21,80,9692,-9200,8856,-26,155,-158,-14432,4136,3616,-779,48,-90,-14636,-3336,5732,-487,116,-161,0
3662.6391830444336,9980,5320,11060,-156,1,80,9528,-9224,8788,-32,182,-157,-14508,4112,3828,-1027,65,-50,-14644,-3336,5704,-489,99,-153,0
3662.6729390621185,9780,5416,11196,-190,-1,88,9552,-9264,8928,-38,170,-174,-14556,4260,3768,-770,101,-40,-14640,-3352,5604,-474,147,-119,0
3662.7065060138702,9796,5400,11180,-205,-43,109,9588,-9204,8944,-40,53,-233,-14528,4236,3748,-1077,179,-57,-14608,-3296,5664,-481,191,-98,0
3662.7401599884033,9856,5368,11228,-175,-123,176,9624,-9436,8892,-48,78,-205,-14424,4280,3964,-1030,198,-105,-14668,-3292,5672,-485,183,-28,0
3662.7736940383916,9936,5200,11152,-210,-95,185,9536,-9212,8668,-58,14,-211,-14824,4204,3688,-1276,226,-119,-14600,-3328,5756,-493,174,-62,0
3662.8070049285893,9964,5296,11256,-160,-99,162,9676,-9012,8960,-67,10,-223,-14660,4224,3616,-1054,203,-109,-14780,-3568,5788,-493,157,-82,0
3662.8405809402466,9896,5292,11136,-127,-62,106,9616,-9084,8916,-25,165,-191,-14600,4164,3656,-1058,135,-58,-14860,-3232,5500,-466,139,-144,0
3662.874144077301,9932,5356,11104,-120,-22,78,9736,-9252,8804,-34,127,-187,-14664,4164,3700,-1032,86,-75,-14800,-3204,5632,-466,107,-158,0
3662.9074599742894,10036,5404,11188,-147,-3,89,9720,-9216,8700,-42,137,-143,-14660,4196,3772,-1043,117,-96,-14736,-3292,5420,-478,104,-157,0
3662.94117808342,10024,5320,11176,-166,19,43,9676,-9156,8920,-72,161,-146,-14352,4160,3832,-1009,58,-57,-14676,-3316,5724,-455,90,-170,0
3662.974730014801,10236,5136,11320,-153,12,31,9600,-9296,8804,-50,191,-159,-14640,4316,3760,-979,73,-25,-14788,-3360,5424,-477,80,-164,0
3663.0077691078186,9972,5288,11136,-176,12,61,9692,-9188,8796,-33,184,-115,-14440,4228,3952,-988,54,-69,-14680,-3264,5464,-478,92,-185,0
3663.0413210392003,9820,5424,11228,-141,9,60,9648,-9224,8912,-17,119,-144,-14544,4208,3864,-1019,50,-91,-14616,-3576,5616,-488,98,-155,0
3663.0747871398926,9828,5384,11140,-152,36,70,9676,-9340,8884,-24,136,-167,-14524,4240,3684,-1026,62,-48,-14716,-3436,5608,-496,117,-136,0
3663.1083090305333,9876,5424,11264,-146,-19,73,9568,-9272,8852,-42,144,-200,-14636,4176,3840,-1052,88,-71,-14556,-3532,5600,-479,179,-132,0
3663.1417739391322,9816,5372,11288,-165,-84,74,9624,-9284,8796,-66,121,-214,-14572,4252,3652,-995,100,-128,-14648,-3328,5820,-474,154,-128,0
3663.1752531528473,10016,5408,11220,-152,-40,106,9632,-9252,8868,-92,150,-155,-14760,4172,3760,-986,113,-70,-14732,-3324,5672,-453,110,-123,0
3663.2086179256444,10044,5344,11400,-187,-20,79,9496,-9328,8740,-64,166,-147,-14548,4160,3752,-1021,46,-63,-14736,-3316,5792,-501,127,-137,0
3663.2454340457916,9904,5432,11252,-191,-6,107,9652,-9424,8720,-60,164,-146,-14812,4140,3816,-769,63,-58,-14736,-3344,5668,-500,160,-133,0
3663.2810559272766,10144,5388,11024,-156,-20,81,9624,-9232,8816,-107,181,-157,-14628,4156,3784,-991,28,-55,-14688,-3320,5500,-494,134,-171,0
3663.319905996322,9968,5300,11112,-216,-15,61,9492,-9448,8948,-36,156,-167,-14800,4264,3608,-1021,52,-84,-14788,-3332,5608,-505,157,-150,0
3663.3560819625854,9948,5464,11328,-157,-61,80,9672,-9200,8784,-29,184,-165,-14480,4268,3816,-1029,78,-58,-14656,-3424,5704,-496,120,-175,0
3663.391813993454,9936,5480,11208,-153,26,93,9532,-9456,8708,-58,138,-124,-14640,4160,3728,-1011,50,-31,-14692,-3340,5652,-483,109,-174,0
3663.4278061389923,9852,5368,11268,-182,-1,68,9652,-9188,8796,-43,149,-167,-14524,4156,3696,-945,53,-63,-14748,-3376,5740,-493,132,-157,0
3663.4628319740295,9792,5216,11232,-178,1,103,9656,-9192,8736,-36,170,-158,-14572,4268,3592,-1005,92,-103,-14744,-3384,5620,-492,173,-120,0
3663.497987031936,9852,5392,11124,-212,-60,88,9640,-9232,8704,-53,177,-200,-14472,4284,3692,-1017,64,-86,-14736,-3340,5712,-474,150,-98,0
3663.5337650775914,9912,5128,11396,-170,-23,86,9536,-9164,8528,-47,149,-152,-14812,4300,4036,-1003,113,-101,-14620,-3364,5512,-508,124,-118,0
3663.5696229934692,9880,5388,11316,-188,-8,86,9556,-9336,8800,-11,133,-183,-14616,4244,3856,-1008,109,-131,-14620,-3352,5696,-486,124,-123,0
3663.604743003845,9848,5356,11200,-153,-18,83,9676,-9316,8868,-45,173,-179,-14388,4212,3936,-1006,103,-51,-14852,-3380,5644,-512,165,-119,0
3663.6405961513524,9852,5420,11300,-128,-5,47,9620,-9260,8832,-53,166,-176,-14352,4220,3928,-1033,90,-95,-14636,-3392,5772,-484,134,-118,0
3663.6755590438843,9924,5388,11272,-157,-60,88,9552,-9272,8928,-34,153,-208,-14536,4232,3636,-986,125,-79,-14624,-3352,5884,-504,185,-88,0
3663.7115321159363,9816,5464,11264,-209,-82,107,9556,-9424,8812,-59,124,-205,-14612,4216,3572,-975,104,-158,-14724,-3380,5688,-493,188,-71,0
3663.747537136078,9792,5596,11144,-247,-105,85,9700,-9228,8876,-12,167,-192,-14588,4292,3876,-970,111,-118,-14716,-3308,5736,-488,156,-98,0
3663.783015012741,9828,5480,11180,-230,-89,123,9628,-8988,8828,25,186,-198,-14500,4184,3652,-1012,108,-121,-14700,-3372,5732,-485,161,-81,0
3663.8186650276184,9840,5368,11160,-236,-121,122,9556,-9472,8884,9,146,-211,-14584,4208,3736,-996,122,-160,-14660,-3392,5672,-457,223,-91,0
3663.8535530567174,9812,5484,11276,-228,-137,77,9584,-9292,8892,41,138,-229,-14544,4168,3784,-983,107,-109,-14696,-3360,5640,-475,199,-78,0
3663.8894660472874,9908,5484,11192,-242,-164,133,9592,-9224,8824,10,157,-240,-14720,4156,3720,-980,128,-148,-14744,-3412,5588,-477,230,-63,0
3663.923102140426,9932,5412,11188,-265,-191,135,9596,-9000,8776,-2,137,-246,-14520,4120,3692,-945,97,-139,-14828,-3356,5424,-478,245,-81,0
3663.9568841457362,9916,5376,11204,-276,-169,132,9920,-9164,8872,-44,159,-204,-14648,4296,3824,-939,97,-137,-14744,-3284,5676,-438,125,-84,0
3663.990478992462,10064,5616,11116,-278,-126,144,9608,-9144,8808,-38,149,-173,-14568,4216,3832,-945,65,-108,-14712,-3260,5536,-497,133,-90,0
3664.023817062378,9916,5168,11320,-340,-166,151,9676,-9236,8860,37,108,-189,-14548,4156,3664,-1018,113,-60,-14600,-3368,5652,-762,186,-78,0
3664.0573630332947,9856,5484,11452,-208,-135,179,9604,-9084,8780,-45,118,-197,-14612,4268,3804,-987,111,-32,-14628,-3376,5660,-464,163,-50,0
3664.0910470485683,9820,5296,11308,-242,-116,162,9664,-8972,8844,-36,106,-185,-14544,4196,3564,-945,124,-104,-14620,-3304,5752,-489,198,-39,0
3664.124326944351,9972,5612,11332,-257,-150,173,9556,-9224,8804,-12,93,-175,-14408,4204,3676,-995,150,-86,-14772,-3204,5584,-491,183,-25,0
3664.157457113266,10212,5144,11252,-229,-126,204,9692,-9148,8824,-255,126,-133,-14592,4192,3616,-1000,111,-31,-14792,-3292,5616,-503,113,-72,0
3664.1910309791565,9936,5288,11268,-6,-91,147,9852,-9180,8848,-254,111,-155,-14616,4224,3792,-984,115,-40,-14728,-3276,5496,-478,74,-89,0
3664.2244350910178,9876,5176,11208,-239,-105,144,9660,-9312,8932,-21,110,-174,-14524,4160,3512,-997,132,-114,-14520,-3312,5664,-487,135,-104,0
3664.258072137832,9876,5304,11204,-233,-158,125,9640,-9304,8888,-18,139,-233,-14480,4284,3832,-770,149,-111,-14712,-3308,5740,-440,228,-92,0
3664.2917659282684,9856,5284,11140,-233,-200,142,9564,-9368,8964,254,80,-508,-14532,4332,3796,-1027,172,-122,-14836,-3296,5704,-463,228,-91,0
3664.3249509334564,9928,5232,11224,-150,-150,134,9636,-9176,8768,-38,97,-238,-14392,4268,3700,-1009,182,-90,-14700,-3536,5416,-479,196,-112,0
3664.358560085296,10100,5284,11320,-124,-114,124,9956,-9092,9196,-13,93,-181,-14544,4148,3636,-1033,148,-136,-14760,-3388,5568,-471,157,-149,0
3664.3918759822845,9776,5340,11256,-111,-18,92,9648,-9196,8748,-9,148,-181,-14796,4288,3808,-1063,131,-52,-14684,-3528,5572,-474,157,-120,0
3664.425360918045,10088,5388,11088,-101,-41,81,9668,-8992,9040,249,133,-175,-14644,4160,3704,-1020,132,-78,-14716,-3456,5532,-454,161,-113,0
3664.4589190483093,9976,5400,11252,-137,-42,86,9480,-9128,8568,-63,108,-180,-14368,4228,4052,-1005,121,-79,-14384,-3336,5536,-466,176,-150,0
3664.4925050735474,9984,5384,11300,-141,-51,72,9724,-9012,8928,-84,162,-180,-14544,4212,3820,-968,116,-64,-14656,-3260,5560,-461,123,-138,0
3664.5259470939636,9936,5416,11204,-151,-54,79,9724,-9116,8900,-66,179,-163,-14656,4136,3816,-989,83,-37,-14668,-3284,5664,-455,124,-116,0
3664.5594749450684,9840,5396,11060,-202,-43,139,9584,-9196,8944,-73,107,-155,-14528,4304,3692,-1016,124,-54,-14688,-3332,5792,-487,122,-82,0
3664.5929369926453,9932,5392,11248,-190,-46,156,9556,-9280,9132,-20,89,-150,-14616,4340,3780,-1066,144,-45,-14720,-3236,5512,-521,124,-84,0
3664.626415014267,9940,5280,11324,-184,-79,158,9580,-9228,8860,-11,110,-185,-14572,4104,3700,-1040,136,-109,-14564,-3280,5664,-508,147,-89,0
3664.65971493721,9856,5360,11120,-155,-88,128,9476,-8968,8728,-9,115,-184,-14552,4216,3680,-779,136,-91,-14720,-3336,5660,-485,164,-103,0
3664.6930580139165,9980,5412,11152,-120,-70,139,9584,-9216,8744,-28,131,-170,-14472,4224,3680,-994,81,-94,-14756,-3276,5648,-759,150,-140,0
3664.7265880107884,9748,5344,11188,-168,-114,97,9740,-9332,8808,-31,142,-213,-14568,4140,3728,-999,78,-95,-14784,-3404,5672,-502,222,-145,0
3664.760025024414,9836,5444,11176,-155,-99,66,9716,-9224,9000,-74,134,-244,-14632,4176,3608,-983,103,-120,-14776,-3496,5564,-452,181,-125,0
3664.7935950756073,9944,5260,11152,-181,-55,39,9800,-9212,8880,-46,204,-242,-14736,4204,3592,-948,40,-137,-14748,-3244,5416,-473,197,-194,0
3664.8271081447606,10052,5388,11092,-212,-115,8,9568,-8968,8828,-2,190,-233,-14500,4276,3568,-1010,42,-175,-14700,-3312,5720,-481,222,-163,0
3664.860783100128,9968,5332,11152,-142,-54,87,9624,-9280,8836,8,191,-189,-14632,4208,3680,-1018,49,-89,-14828,-3076,5732,-484,149,-192,0
3664.8943569660178,9948,5360,11156,-135,11,49,9664,-9160,8796,21,210,-161,-14828,4268,3800,-1029,32,-39,-14680,-3400,5392,-489,82,-170,0
3664.930865049362,9908,5452,11324,-172,15,59,9600,-9204,8860,-3,158,-170,-14480,4228,4076,-1001,49,-88,-14644,-3432,5700,-495,102,-123,0
3664.9661171436314,9736,5504,11388,-184,-26,90,9576,-9168,9012,-41,150,-155,-14432,4340,3748,-1002,119,-65,-14632,-3408,5604,-487,151,-113,0
3665.001778125763,9832,5628,11364,-217,-116,146,9620,-9196,8900,-51,137,-192,-14420,4172,3992,-1027,142,-119,-14596,-3452,5660,-485,177,-34,0
3665.0376369953156,9824,5480,11152,-202,-80,187,9576,-9432,8908,-71,110,-189,-14548,4204,3776,-997,148,-90,-14664,-3312,5588,-492,187,-56,0
3665.0727689266205,9920,5404,11192,-213,-129,136,9480,-9168,8776,-52,120,-198,-14616,4192,3648,-997,134,-117,-14776,-3412,5416,-480,171,-96,0
3665.1087160110474,9952,5412,11224,-196,-87,118,9692,-9156,8792,-42,143,-227,-14648,4308,3640,-934,126,-113,-14680,-3304,5516,-482,196,-104,0
3665.143783092498,10188,5416,11176,-189,-140,105,9680,-9104,8704,-31,118,-197,-14596,3908,3672,-989,115,-102,-14788,-3316,5660,-473,146,-110,0
3665.1792111396794,9864,5328,11204,-193,-66,123,9640,-9224,8820,-61,130,-176,-14572,4204,3788,-963,96,-65,-14704,-3268,5796,-467,134,-92,0
3665.2149200439453,10000,5392,11240,-196,-69,122,9700,-9160,8540,-64,133,-182,-14524,4288,3648,-993,99,-67,-14676,-3132,5720,-493,110,-98,0
3665.2503559589386,9924,5396,11076,-177,-35,128,9664,-9248,8892,-62,128,-137,-14572,4240,3676,-1022,103,-58,-14676,-3256,5856,-491,134,-137,0
3665.2855429649353,9916,5272,11276,-167,-12,102,9656,-9468,8836,-47,151,-140,-14652,4320,3680,-998,84,-70,-14640,-3320,5656,-491,108,-145,0
3665.3210139274597,9944,5412,11264,-161,-11,129,9700,-9176,8944,-254,139,-142,-14420,4188,3608,-1269,108,-59,-14692,-3468,5504,-766,139,-121,0
3665.3562150001526,9908,5420,11200,-162,-28,83,9736,-9216,8940,-52,139,-169,-14604,4120,3728,-1000,88,-245,-14872,-3340,5712,-445,92,-196,0
3665.392363071441,9924,5460,11212,-170,-18,71,9728,-9196,9032,-68,161,-121,-14572,4180,3772,-785,39,244,-14788,-3352,5808,-482,40,-170,0
3665.4275739192963,9868,5452,11332,-197,3,70,9700,-8984,8816,-32,157,-125,-14684,4208,3628,-1278,63,-19,-14376,-3516,5384,-491,101,-137,0
3665.463274002075,9552,5436,11156,-175,-254,99,9584,-8984,8712,-66,129,-124,-14348,4092,3824,-1032,102,-31,-14672,-3332,5732,-475,75,-130,0
3665.4991800785065,9824,5372,11184,-176,253,109,9668,-9376,8844,-64,131,-139,-14656,4176,3732,-1019,105,-4,-14772,-3248,5748,-481,86,-128,0
3665.53405213356,10040,5424,11108,-182,-25,104,9472,-9280,8884,-33,142,-143,-14420,4284,3572,-1038,113,-29,-14712,-3308,5860,-766,133,-144,0
3665.5700690746307,9864,5336,11228,-107,-22,112,9588,-9316,8860,-32,153,-153,-14456,4264,3684,-1047,105,-70,-14752,-3356,5636,-492,86,-149,0
3665.6037349700932,9964,5308,11500,-109,33,84,9600,-9328,8752,-6,152,-174,-14572,4328,3656,-1012,67,-90,-14668,-3296,5752,-472,107,-160,0
3665.6370570659637,9840,5360,11168,-150,14,65,9540,-9304,8856,-4,143,-156,-14744,4264,3872,-1004,67,-90,-14716,-3352,5584,-494,104,-160,0
3665.6706399917603,9796,5620,11248,-147,-253,48,9624,-8988,8856,-39,188,-171,-14488,4192,3648,-1040,95,-56,-14644,-3276,5632,-497,156,-156,0
3665.703936100006,9828,5424,11328,-157,-26,84,9640,-9256,8792,-18,121,-200,-14516,4200,3744,-1002,105,-105,-14744,-3360,5632,-483,139,-138,0
3665.73730301857,9708,5388,11024,-141,14,92,9552,-9224,9008,-42,107,-181,-14528,4156,4100,-826,93,-63,-14716,-3484,5648,-484,169,-174,0
3665.7708261013036,9840,5420,11328,-163,-42,88,9528,-9200,8844,-39,128,-192,-14632,4236,3808,-1006,141,-102,-14672,-3344,5696,-453,168,-130,0
3665.8047080039973,9816,5460,11164,-141,-10,69,9584,-9180,8908,-22,154,-226,-14620,4144,3728,-1005,106,-122,-14660,-3148,5860,-477,185,-156,0
3665.838176012039,9780,5412,11220,-129,-46,49,9628,-9408,8956,-14,128,-219,-14552,4236,3680,-1046,85,-94,-14848,-3376,5704,-499,172,-150,0
3665.8718481063843,9836,5444,11244,-138,-33,65,9600,-9460,9168,-27,155,-200,-14576,4252,3920,-1014,78,-89,-14644,-3336,5712,-480,164,-163,0
3665.905399084091,9716,5484,11348,-157,-24,75,9640,-9164,8848,-57,174,-171,-14352,4200,3692,-1013,71,-106,-14856,-3340,5592,-494,150,-143,0
3665.9387650489803,9708,5408,11200,-156,-12,101,9636,-9264,8860,-84,159,-184,-14356,4204,3636,-1035,93,-94,-14772,-3296,5648,-484,144,-112,0
3665.9724860191345,9936,5420,11104,-153,-16,106,9524,-9204,8900,-32,167,-169,-14636,4168,3764,-1046,125,-41,-14708,-3388,5572,-496,137,-111,0
3666.006014108658,9864,5516,11256,-150,-12,125,9632,-8988,8828,-66,130,-158,-14828,4568,3744,-1051,114,-87,-14396,-3336,5464,-492,195,-118,0
3666.03950715065,9792,5348,11296,-155,-35,111,9624,-9268,8740,-61,137,-196,-14644,4184,3608,-989,111,-114,-14648,-3368,5708,-489,168,-116,0
3666.0731151103973,9760,5460,11332,-178,-37,87,9548,-9220,8836,-93,143,-184,-14464,4248,3724,-994,109,-95,-14736,-3368,5660,-469,131,-96,0
3666.1068370342255,9880,5432,11124,-168,-5,84,9552,-9292,8828,-48,157,-152,-14592,4296,3852,-1012,73,-65,-14672,-3300,5560,-259,144,-134,0
3666.140079975128,9820,5624,11068,-184,0,75,9604,-9268,8812,-29,116,-152,-14512,4232,3756,-1005,44,-47,-14732,-3360,5404,-524,143,-100,0
3666.1737430095673,9736,5524,11220,-194,-25,107,9768,-9224,8860,-87,119,-178,-14648,4180,3820,-995,123,-52,-14716,-3500,5720,-472,140,-70,0
3666.207281112672,9824,5456,11156,-254,-37,94,9540,-9344,8880,-76,150,-169,-14820,4288,4064,-1001,95,-135,-14636,-3400,5676,-482,170,-93,0
3666.240582942962,9796,5608,11220,-262,-102,91,9640,-9312,8780,-31,155,-216,-14552,4148,3716,-1035,100,-130,-14660,-3316,5548,-259,167,-83,0
3666.2741589546204,9788,5492,11288,-249,-82,129,9552,-9192,8840,10,125,-208,-14520,4268,3932,-1004,53,-92,-14600,-3376,5816,-501,149,-83,0
3666.3077809810643,9756,5364,11204,-264,-48,82,9592,-9260,8808,-19,182,-213,-14528,4248,3688,-954,80,-119,-14680,-3120,5696,-452,126,-76,0
3666.3411209583282,9820,5496,11260,-272,-46,78,9668,-9236,8940,4,155,-207,-14416,4176,3796,-979,68,-138,-14700,-3316,5448,-455,160,-93,0
3666.37446808815,10120,5328,11292,-285,-115,112,9772,-9324,8856,-9,207,-211,-14580,4164,3576,-988,81,-133,-14640,-3324,5844,-463,170,-96,0
3666.4078910350804,9788,5492,11484,-285,-136,127,9596,-8964,8824,16,140,-243,-14500,4188,3720,-1000,152,-114,-14812,-3580,5640,-455,206,-60,0
3666.4411940574646,9732,5168,11044,-250,-163,121,9640,-9456,8928,16,94,-248,-14532,4284,3644,-1272,219,-190,-14696,-3436,5580,-487,213,-40,0
3666.47474193573,9796,5396,11012,-238,-179,164,9720,-9416,8724,26,85,-228,-14672,4196,4092,-985,198,-183,-14680,-3380,5680,-447,223,-51,0
3666.5083899497986,9816,5252,11284,-218,-167,160,9676,-9292,8800,10,113,-247,-14840,4188,3632,-988,191,-180,-14752,-3312,5552,-444,233,-44,0
3666.541855096817,9808,5460,11228,-194,-173,151,9640,-9212,8948,30,117,-231,-14560,4180,3712,-995,186,-165,-14568,-3388,5784,-479,230,-51,0
3666.5754709243774,9884,5380,11284,-203,-186,162,9680,-9224,8756,-36,77,-256,-14556,4172,3648,-956,194,-134,-14692,-3212,5456,-457,509,-42,0
3666.6123061180115,9768,5460,11404,-246,-211,193,9576,-9236,8844,-8,85,-259,-14552,4180,3688,-986,211,-150,-14728,-3536,5796,-462,226,-33,0
3666.6480209827423,9844,5440,11244,-258,-250,180,9600,-9272,8752,-21,78,-243,-14576,4228,3776,-988,206,-98,-14728,-3252,5508,-466,232,-38,0
3666.683022975921,9948,5288,11212,-244,-240,219,9668,-9296,8820,-7,57,-230,-14524,4068,3844,-978,204,-156,-14660,-3304,5624,-479,232,-51,0
3666.7182149887085,9912,5404,11224,-210,-241,188,9676,-9076,8792,-254,82,-224,-14564,4196,3396,-993,205,-104,-14764,-3288,5468,-449,225,-81,0
3666.753669023514,9900,5364,11232,-194,-155,147,9740,-9180,8836,-29,74,-213,-14624,4104,3768,-974,162,-158,-14820,-3240,5548,-441,171,-97,0
3666.7888600826263,9984,5416,11164,-184,-105,125,9696,-9056,8828,-42,126,-168,-14684,4056,3828,-978,125,-46,-14760,-3584,5516,-460,137,-113,0
3666.8238220214844,9976,5344,11236,-178,-61,131,9720,-9164,8804,-59,173,-121,-14600,4196,3500,-1006,117,-86,-14700,-3292,5536,-498,114,-81,0
3666.859971046448,9872,5424,11260,-221,-63,166,9616,-9288,8928,-42,73,-152,-14676,4348,3720,-1036,149,-58,-14604,-3372,5508,-492,170,-65,0
3666.8950059413914,9840,5500,11188,-179,-53,175,9648,-8972,8900,-98,60,-160,-14364,4148,3780,-1008,124,-67,-14768,-3296,5652,-479,126,-50,0
3666.9304029941563,9960,5284,11032,-176,-15,105,9680,-9252,8928,-66,149,-138,-14540,4204,3368,-993,79,-10,-14804,-3216,5576,-497,75,-143,0
3666.965861082077,9928,5248,11280,-275,-26,99,9656,-9192,8904,-41,144,-124,-14572,4260,3436,-1275,47,-43,-14736,-3208,5696,-503,107,-129,0
3667.0009229183197,9744,5620,11196,-199,-47,159,9556,-9184,8804,-31,101,-97,-14504,4096,3412,-1029,96,-66,-14756,-3264,5692,-471,132,-123,0
3667.0370841026306,9868,5440,11088,-168,-58,152,9620,-9240,8880,-24,115,-154,-14588,4320,3724,-1014,130,-111,-14624,-3084,5872,-441,169,-84,0
3667.0722439289093,9804,5388,11324,-156,-65,108,9600,-9232,8908,-63,102,-211,-14704,4160,3832,-975,105,-61,-14700,-3256,5384,-490,189,-138,0
3667.10815501213,9900,5252,11428,-165,-94,106,9484,-9012,8772,-59,114,-192,-14364,4204,3704,-992,114,-157,-14744,-3248,5556,-497,198,-115,0
3667.1428809165955,9936,5256,11232,-237,-121,89,9720,-9184,8768,-22,151,-205,-14524,4240,3636,-1271,84,-161,-14792,-3248,5612,-482,156,-106,0
3667.1775951385493,9948,5140,10964,-195,-75,111,9676,-9208,8816,-38,127,-199,-14632,4252,3744,-1002,121,-114,-14792,-3348,5600,-451,131,-123,0
3667.2129719257355,9896,5260,11124,-198,-47,95,9620,-9248,8776,-16,146,-184,-14692,4204,3724,-989,91,-136,-14784,-3288,5584,-485,88,-140,0
3667.2494649887085,9996,5304,11204,-186,-16,76,9688,-9196,8832,-7,164,-180,-14536,3904,3720,-996,92,-68,-14688,-3568,5476,-498,116,-100,0
3667.2829589843755,9900,5400,11236,-182,-70,119,9660,-9208,8804,15,127,-191,-14548,4136,3764,-1269,114,-96,-14672,-3424,5596,-481,160,-123,0
3667.3167800903325,9908,5464,11444,-198,-113,109,9624,-9108,8956,-67,97,-205,-14536,4224,3832,-991,86,-165,-14644,-3348,5540,-475,126,-163,0
3667.350270032882,9848,5276,11204,-191,-103,69,9708,-9208,8912,-53,134,-206,-14508,4228,3680,-958,88,-129,-14828,-3260,5592,-493,124,-127,0
3667.3837151527405,9892,5580,11200,-231,-134,101,9624,-9300,8848,-3,149,-201,-14808,4176,3652,-1031,98,-98,-14704,-3332,5548,-463,139,-137,0
3667.4172561168666,9928,5160,10980,-153,-79,151,9608,-9432,8756,-73,112,-158,-14560,4192,3820,-994,136,-56,-14872,-3360,5556,-458,135,-108,0
3667.4507141113286,10024,5140,11180,-163,-72,122,9676,-9260,8800,-50,84,-147,-14708,4260,3804,-998,118,-80,-14824,-3256,5576,-453,115,-101,0
3667.4843580722813,9764,5308,11492,-198,-67,118,9760,-9200,8880,-69,68,-182,-14764,4168,3732,-1000,103,-97,-14612,-3208,5608,-479,139,-112,0
3667.5177619457245,9796,5304,11096,-136,-33,115,9736,-8980,8812,-61,97,-150,-14568,4208,3612,-1015,133,-68,-14956,-3324,5560,-512,129,-123,0
3667.5513219833374,10056,5320,11232,-108,-15,95,9752,-9164,8804,-44,107,-158,-14624,4108,3672,-1002,78,-28,-14788,-3296,5852,-487,89,-159,0
3667.5848989486694,9872,5360,11228,-152,13,68,9680,-9004,8920,-45,152,-139,-14840,4136,3812,-1003,30,-63,-14740,-3288,5616,-484,89,-158,0
3667.618144989013,9864,5452,11460,-154,20,86,9540,-9140,8924,-48,165,-145,-14456,4180,3616,-1028,75,-37,-14624,-3564,5720,-489,144,-127,0
3667.6516699790955,9848,5616,11512,-149,-36,109,9724,-9304,8924,-66,131,-186,-14540,4184,3592,-1004,124,-94,-14652,-3512,5632,-469,193,-46,0
3667.685307979584,9820,5404,11016,-165,-99,129,9612,-9164,8868,-49,132,-204,-14672,4248,4020,-1027,136,-137,-14792,-3224,5584,-475,219,-96,0
3667.7188210487366,9804,5332,11244,-198,-95,125,9620,-9212,8980,-67,132,-208,-14536,4252,3776,-1024,143,-115,-14748,-3192,5572,-488,190,-112,0
3667.752110004425,9904,5356,11048,-161,-105,122,9656,-9252,8652,-17,143,-204,-14696,4228,3680,-1015,110,-114,-14696,-3284,5576,-435,208,-94,0
3667.7856800556183,9904,5388,11188,-203,-88,104,9476,-9260,8668,-61,170,-191,-14660,4224,3688,-1011,92,-116,-14660,-3312,5580,-448,169,-138,0
3667.819067001343,10024,5404,11192,-209,-98,108,9552,-9152,8736,-26,160,-159,-14644,4180,3832,-1034,118,-60,-14792,-3256,5652,-444,156,-116,0
3667.8525309562683,9944,5372,11244,-212,-91,112,9664,-9300,8908,-35,123,-183,-14520,4200,3812,-1020,124,-84,-14712,-3288,5736,-456,184,-81,0
3667.8859469890594,9900,5376,11264,-218,-91,138,9520,-9344,8956,-15,124,-210,-14692,4252,3728,-1022,144,-115,-14784,-3292,5460,-466,179,-96,0
3667.919373989105,9728,5344,11236,-204,-125,151,9660,-9260,8828,252,134,-185,-14840,4168,3724,-1020,147,-105,-14716,-3380,5572,-472,169,-101,0
3667.9529030323038,9976,5332,11300,-200,-83,133,9676,-9248,8776,-31,137,-199,-14840,4280,3604,-1019,93,-112,-14748,-3272,5584,-473,169,-112,0
3667.986648082733,9848,5336,11116,-199,-85,99,9704,-9012,8884,-39,141,-186,-14836,4224,3712,-1000,118,-75,-15084,-3304,5460,-464,132,-129,0
3668.0202019214635,10004,5432,11252,-203,-83,110,9660,-9224,8840,-46,143,-156,-14568,4136,3816,-1014,94,-63,-14784,-3368,5572,-473,121,-111,0
3668.0537390708923,9912,5548,11244,-216,-54,116,9628,-9204,8752,-47,131,-158,-14660,4152,3708,-981,80,-75,-14736,-3244,5608,-455,131,-92,0
3668.0873880386353,9968,5184,11360,-212,-68,139,9640,-9192,8792,-55,113,-146,-14692,4268,3624,-996,118,-111,-14768,-3236,5616,-462,128,-93,0
3668.1210949420934,9960,5628,11296,-205,-87,123,9592,-9300,8836,-37,134,-186,-14848,4148,3544,-1012,78,-96,-14768,-3224,5380,-466,120,-91,0
3668.154328107834,9928,5236,11100,-232,-75,101,9744,-9300,8948,0,172,-178,-14664,4180,3664,-1011,64,-46,-14644,-3244,5584,-490,127,-125,0
3668.1879069805145,9908,5288,11008,-185,-67,100,9664,-9252,8960,-12,178,-147,-14548,4244,3836,-1039,118,-76,-14664,-3272,5744,-477,132,-142,0
3668.221326112747,9964,5324,11244,-154,-34,104,9700,-9284,8912,-40,111,-155,-14576,4176,3764,-1032,113,-87,-14736,-3312,5440,-483,127,-114,0
3668.254455089569,9924,5388,11120,-116,6,83,9660,-9108,8780,-50,135,-177,-14376,4108,3592,-1042,79,-69,-14760,-3288,5448,-477,119,-181,0
3668.2918519973755,9904,5292,11120,-114,53,56,9668,-9000,8724,-62,132,-166,-14604,4152,3836,-1017,110,-32,-14792,-3340,5616,-494,133,-201,0
3668.332118034362,9920,5332,11024,-147,34,7,9736,-9200,8812,-64,171,-161,-14544,4168,3492,-1021,55,-68,-14880,-3292,5572,-472,89,-193,0
3668.367530107498,9880,5396,11088,-100,94,-1,9608,-9268,8804,-43,164,-157,-14640,4292,3812,-1011,21,-35,-14780,-3264,5764,-515,93,-226,0
3668.403259038925,9932,5120,11352,-166,58,25,9524,-9276,8852,29,174,-162,-14536,4324,3604,-1032,5,-109,-14768,-3416,5680,-521,119,-157,0
3668.438838005066,9868,5432,11348,-126,26,83,9588,-9216,8712,-39,150,-157,-14552,4192,3652,-1015,80,-71,-14724,-3348,5488,-479,101,-173,0
3668.4736850261684,9832,5416,11236,-172,11,72,9652,-9276,8884,-57,183,-114,-14664,4268,3820,-1034,58,-48,-14740,-3304,5560,-493,73,-175,0
3668.5096950531006,9876,5152,11196,-185,251,72,9588,-9176,8908,-53,163,-78,-14560,4204,3384,-1044,91,-242,-14836,-3412,5696,-488,30,-153,0
3668.5450310707092,9796,5468,11208,-173,22,128,9600,-8976,8748,-60,135,-68,-14344,4128,3784,-1008,88,247,-14848,-3332,5416,-485,50,-155,0
3668.5808730125427,9820,5432,11412,-198,22,120,9684,-9244,8776,-89,201,-134,-14516,4216,3784,-982,97,-16,-14656,-3296,5604,-480,89,-123,0
3668.615942001343,9848,5380,11092,-180,-23,87,9680,-9312,8828,-27,137,-185,-14540,4252,3824,-1012,126,-80,-14708,-3484,5524,-488,181,-118,0
3668.6518270969386,9880,5380,11184,-133,-50,118,9668,-9236,8824,-6,135,-198,-14648,4188,3564,-1058,106,-83,-14788,-3228,5740,-481,178,-152,0
3668.687741994858,9948,5404,11080,-145,-55,92,9600,-9384,8808,-10,113,-193,-14376,4240,3672,-769,92,-79,-14748,-3276,5452,-513,141,-150,0
3668.7228951454163,9816,5372,11092,-155,-23,116,9704,-9224,8872,248,131,-148,-14624,4188,3764,-1016,69,-70,-14784,-3276,5552,-491,135,-158,0
3668.7587671279907,9944,5388,11312,-168,-16,90,9596,-9244,8912,-37,152,-151,-14608,4292,3632,-1032,76,-33,-14740,-3388,5624,-499,124,-123,0
3668.7941710948944,9872,5180,11100,-183,25,68,9528,-9336,8716,-42,159,-126,-14592,4196,3744,-1038,90,-82,-14676,-3388,5596,-487,85,-132,0
3668.830240011215,9916,5472,11212,-193,5,100,9576,-9208,8888,-89,141,-115,-14444,4228,3860,-1132,43,20,-14748,-3264,5744,-467,144,-142,0
3668.8654470443726,9932,5620,11248,-199,-18,90,9580,-9292,8856,-87,169,-162,-14608,4196,3796,-998,95,-109,-14600,-3484,5592,-469,165,-141,0
3668.9005439281464,9680,5444,11236,-187,-18,80,9608,-9256,8844,-77,195,-173,-14452,4248,3644,-978,69,-132,-14568,-3424,5572,-472,195,-150,0
3668.937101125717,9736,5460,11336,-190,-46,73,9620,-9160,8916,-28,205,-183,-14572,4180,3624,-970,58,-131,-14712,-3308,5524,-458,193,-144,0
3668.970577955246,9828,5344,11188,-171,-71,62,9676,-9280,8816,-26,209,-192,-14584,4296,3728,-989,68,-127,-14636,-3520,5652,-463,161,-136,0
3669.0043239593506,9844,5396,11164,-192,-53,75,9592,-9232,8864,-54,156,-186,-14840,4252,3692,-992,71,-94,-14676,-3556,5616,-475,210,-105,0
3669.037775993347,9784,5144,11100,-212,-66,117,9600,-9288,8712,-67,126,-192,-14512,4252,3724,-1001,127,-96,-14704,-3360,5652,-474,196,-52,0
3669.0713291168213,9904,5616,11188,-241,-111,175,9592,-9276,8824,-82,125,-178,-14540,4284,3868,-985,167,-125,-14664,-3296,5716,-494,202,-19,0
3669.1049070358276,9796,5448,11276,-271,-105,165,9548,-9348,8808,-88,115,-168,-14528,4312,3636,-966,195,-122,-14744,-3256,5624,-473,149,-21,0
3669.138337135315,9748,5608,11340,-273,-74,211,9564,-9300,8768,-76,92,-142,-14536,4396,3680,-950,141,-89,-14820,-3264,5700,-510,128,-22,0
3669.1718850135803,9780,5356,11036,-305,-128,211,9500,-9328,8924,-18,78,-174,-14392,4120,3816,-999,178,-110,-14720,-3268,5468,-468,146,14,0
3669.205482006073,9896,5400,11192,-235,-126,198,9740,-9124,8704,-48,104,-170,-14676,4052,3796,-968,147,-106,-14864,-3568,5832,-457,133,-60,0
3669.2391719818115,9828,5328,11320,-505,-97,131,9672,-9332,8900,-4,137,-200,-14520,4204,3744,-973,148,-114,-14644,-3172,5528,-435,169,-62,0
3669.2725939750667,9880,5304,11188,-319,-149,144,9564,-9224,8924,9,124,-220,-14660,4232,3572,-991,164,-132,-14692,-3132,5496,-460,196,-77,0
3669.3062150478363,9884,5344,11172,-241,-130,160,9604,-9288,8876,25,112,-178,-14648,4212,3640,-1000,101,-82,-14740,-3252,5672,-450,138,-91,0
3669.339870929718,9820,5296,11260,-279,-100,112,9628,-9288,8780,14,145,-183,-14636,4252,3780,-972,93,-64,-14684,-3304,5776,-460,105,-137,0
3669.3733949661255,9844,5120,11236,-250,-98,111,9676,-9344,8872,24,141,-194,-14812,4252,3768,-978,107,-109,-14604,-3256,5692,-465,141,-88,0
3669.40691614151,9732,5608,11444,-240,-100,129,9688,-9348,8932,5,129,-198,-14500,4264,3716,-977,131,-146,-14656,-3224,5584,-473,178,-69,0
3669.440463066101,9784,5312,11196,-299,-191,188,9572,-9240,8880,-255,82,-213,-14524,4232,3792,-978,160,-133,-14760,-3488,5844,-457,217,-86,0
3669.4740149974823,9892,5348,11128,-273,-143,148,9568,-9000,8884,7,107,-219,-14728,4260,3604,-990,169,-94,-14684,-3248,5648,-453,170,-70,0
3669.5076711177826,9796,5340,11300,-504,-143,163,9660,-8964,8744,14,124,-193,-14620,4124,3724,-1013,124,-106,-14704,-3256,5812,-463,197,-84,0
3669.5410871505733,9876,5304,11132,-239,-147,160,9556,-9264,8784,9,120,-208,-14548,4212,3600,-992,150,-130,-14680,-3160,5624,-476,208,-70,0
3669.5747649669643,9908,5272,11192,-228,-165,168,9616,-9256,8804,-3,131,-226,-14688,4224,3688,-1004,177,-169,-14788,-3328,5640,-477,215,-85,0
3669.6084239482884,9776,5264,11172,-254,-166,172,9648,-9296,8848,0,128,-230,-14532,4260,3460,-1016,134,-125,-14784,-3264,5624,-464,227,-45,0
3669.6416420936584,9928,5240,11252,-246,-175,151,9740,-9184,8868,-35,104,-229,-14756,4124,3592,-977,160,-73,-14760,-3304,5632,-465,195,-108,0
3669.6752049922943,10016,5256,11148,-167,-113,132,9600,-9472,8740,-28,110,-203,-14748,4152,3668,-1010,108,-72,-14776,-3136,5876,-501,137,-131,0
3669.7089319229126,9832,5344,11020,-143,-52,121,9732,-9176,8724,-13,110,-169,-14604,4184,3640,-1027,77,-74,-14672,-3144,5592,-477,140,-152,0
3669.742499113083,10136,5248,11240,-155,-28,91,9724,-9220,8772,-20,141,-152,-14824,4184,3384,-773,123,-100,-14788,-3232,5604,-465,173,-151,0
3669.7758450508118,9784,5372,11152,-127,-66,111,9708,-9468,8920,-34,112,-150,-14580,4196,3620,-1051,107,-84,-14676,-3340,5736,-480,191,-132,0
3669.8094680309296,9960,5276,11124,-164,-71,112,9608,-9164,8808,-43,127,-200,-14592,4152,3784,-1012,120,-89,-14736,-3296,5600,-466,155,-145,0
3669.84295797348,9884,5336,11036,-125,-47,107,9620,-9232,8848,-72,156,-151,-14672,4216,3648,-1018,49,-69,-14800,-3216,5744,-499,113,-165,0
3669.8769149780273,9856,5320,11256,-171,29,56,9652,-9196,8840,-15,157,-161,-14660,4296,3748,-1030,38,-78,-14740,-3084,5664,-503,161,-172,0
3669.9102749824524,9944,5332,11244,-159,3,68,9732,-9128,8852,-70,155,-157,-14632,4224,3724,-1279,55,-104,-14736,-3244,5708,-462,100,-182,0
3669.9435300827026,9908,5412,11228,-133,62,28,9652,-9032,8880,-79,156,-170,-14712,4260,3704,-994,44,-39,-14696,-3204,5616,-452,88,-200,0
3669.9818239212036,9912,5280,11092,-191,249,48,9636,-9260,8736,-65,163,-140,-14484,4260,3364,-1035,85,-70,-14476,-3156,5628,-450,145,-137,0
3670.0182869434357,9856,5412,11204,-112,251,115,9628,-9308,8924,-46,139,-106,-14836,4496,3848,-1079,122,-48,-14680,-3280,5708,-460,103,-131,0
3670.0533330440526,9796,5300,11076,-93,40,101,9648,-9296,8812,-12,98,-143,-14600,4224,3484,-1044,108,-63,-14584,-3260,5692,-473,111,-178,0
3670.089187145233,9804,5332,11420,-149,-254,91,9608,-9244,8876,-33,135,-132,-14696,4284,3772,-1031,76,-60,-14752,-3312,5608,-456,83,-129,0
3670.1249189376827,9840,5148,11296,-126,24,94,9636,-9276,8776,-30,142,-148,-14580,4128,3756,-1053,96,-67,-14652,-3280,5668,-460,139,-170,0
3670.1601059436803,9820,5368,11092,-133,-20,92,9612,-9244,8856,-40,125,-151,-14340,4140,3604,-1037,104,-65,-14712,-3260,5664,-472,104,-145,0
3670.1953110694885,9796,5136,11516,-143,-19,103,9608,-9232,8864,-64,125,-164,-14576,4256,3656,-1054,75,-82,-14700,-3204,5680,-486,120,-117,0
3670.230497121811,9780,5600,11456,-181,11,96,9248,-9452,8780,-35,112,-162,-14676,4116,3476,-771,83,-35,-14740,-3240,5556,-478,127,-106,0
3670.266009092331,9856,5424,11332,-168,-11,97,9316,-9244,8928,-82,103,-153,-14548,4320,3628,-1001,117,-71,-14712,-3320,5512,-484,146,-103,0
3670.3015840053554,9776,5276,11268,-170,-23,113,9696,-9236,8900,-70,162,-126,-14584,4244,3856,-1014,70,-84,-14648,-3320,5736,-487,154,-85,0
3670.337989091873,9808,5180,11320,-202,-37,102,9584,-9472,8800,-77,207,-123,-14664,4228,3664,-953,62,-71,-14756,-3116,5508,-487,109,-92,0
3670.3726940155034,9776,5392,11408,-256,-45,102,9568,-9268,8920,-20,128,-221,-14584,4360,3648,-946,95,-160,-14356,-3260,5740,-464,169,-61,0
3670.4081380367284,9692,5356,11240,-277,-94,139,9556,-9396,8880,252,111,-253,-14560,4336,3756,-973,118,-136,-14720,-3228,5624,-497,167,-100,0
3670.443827152252,9780,5148,11044,-242,-133,148,9632,-9348,8924,5,115,-237,-14440,4196,3716,-969,97,-146,-14612,-3244,5848,-498,172,-92,0
3670.4796919822693,9776,5272,11248,-508,-189,175,9572,-9220,8620,-255,121,-208,-14484,4152,3712,-974,139,-132,-14608,-3276,5688,-484,214,-48,0
3670.5150470733643,9728,5308,11276,-275,-180,159,9612,-9212,8776,-12,120,-236,-14728,4264,3748,-992,163,-137,-14616,-3240,5640,-453,230,-71,0
3670.5511391162872,9880,5352,11396,-308,-196,165,9604,-9464,8860,-18,120,-215,-14668,4300,3688,-970,162,-152,-14764,-3196,5500,-476,206,-47,0
3670.587170124054,9976,5288,11308,-300,-141,145,9680,-9248,8952,16,117,-218,-14804,4232,3576,-993,180,-131,-14812,-3264,5444,-495,232,-46,0
3670.6224980354314,10000,5260,11196,-299,-229,166,9656,-9176,8904,63,83,-212,-14616,4216,3432,-1014,177,-132,-14680,-3564,5516,-482,208,-81,0
3670.6559410095215,9840,5300,11292,-238,-181,143,9628,-9188,8812,2,69,-246,-14564,4208,3600,-1017,150,-120,-14716,-3352,5600,-463,209,-97,0
3670.6895129680634,9744,5324,11416,-259,-175,110,9544,-9260,8828,23,127,-241,-14588,4524,3660,-1016,115,-139,-14772,-3196,5548,-472,230,-74,0
3670.7229430675507,9952,5304,11172,-223,-176,141,9552,-9164,8808,33,118,-194,-14532,4168,3612,-939,135,-117,-14732,-3256,5604,-459,196,-98,0
3670.7568359375005,9972,5236,11068,-204,-114,152,9672,-9132,8816,5,116,-170,-14668,4128,3788,-1032,96,-16,-14688,-3196,5552,-462,95,-149,0
3670.7898869514465,9856,5232,11152,-161,-48,101,9648,-9140,8868,-50,116,-146,-14688,4288,3744,-1009,89,-40,-14808,-3252,5580,-492,97,-157,0
3670.823317050934,9956,5184,11116,-143,3,102,9704,-9288,8968,-37,144,-122,-14648,4088,3560,-993,75,-33,-14664,-3144,5484,-484,127,-138,0
3670.856877088546,9800,5292,11220,-132,-26,89,9664,-9296,8728,-13,162,-153,-14640,4312,3672,-1035,79,-99,-14652,-3288,5644,-464,145,-149,0
3670.890281915664,9880,5260,11376,-232,-78,90,9660,-9420,8972,26,164,-191,-14512,4208,3688,-772,92,-82,-14688,-3236,5560,-457,185,-113,0
3670.9237201213837,9852,5288,11364,-180,-81,114,9700,-9244,8832,-251,109,-228,-14704,4292,3756,-1024,138,-104,-14676,-3420,5764,-479,177,-116,0
3670.957193136215,9792,5284,11304,-195,-94,66,9624,-9292,8836,11,155,-199,-14692,4256,3660,-1015,107,-97,-15024,-3576,5624,-473,85,-144,0
3670.9903719425206,9836,5264,11232,-207,-68,73,9592,-9008,9204,-22,179,-148,-14572,4248,3628,-1019,41,-87,-14784,-3204,5668,-485,103,-123,0
3671.0237390995026,9736,5328,11424,-229,-68,141,9576,-9204,8924,-31,119,-157,-14564,4284,3712,-983,124,-51,-14664,-3248,5624,-470,133,-86,0
3671.057381153106,9656,5280,11276,-199,-96,149,9608,-9268,8908,-86,97,-179,-14360,4232,3688,-982,147,-66,-14728,-3272,5588,-471,184,-77,0
3671.0910661220555,9836,5328,11216,-228,-150,142,9644,-9240,8828,-77,98,-235,-14548,4132,3744,-986,163,-119,-14636,-3220,5800,-477,251,-37,0
3671.1246371269226,9924,5308,11436,-214,-176,155,9620,-9344,8796,-27,69,-238,-14524,4212,3776,-1006,212,-170,-14760,-3272,5608,-463,230,-44,0
3671.1580350399013,9992,5200,11168,-157,-168,161,9652,-9308,8912,-17,73,-232,-14712,4164,3604,-1044,173,-115,-14748,-3276,5556,-488,179,-99,0
3671.1914091110234,9864,5196,11164,-177,-129,120,9800,-9256,8924,-19,105,-192,-14656,4156,3636,-1015,130,-70,-14848,-3120,5400,-462,164,-149,0
3671.224776983261,10040,5348,11284,-151,-55,91,9796,-9188,8788,-36,139,-174,-14660,4148,3432,-1035,95,-94,-14832,-3256,5544,-490,101,-130,0
3671.258402109146,9952,5344,11296,-183,10,118,9656,-9160,8828,-67,116,-126,-14836,4212,3680,-1002,101,-68,-15048,-3248,5756,-456,64,-137,0
3671.2918150424957,9884,5352,11196,-170,255,133,9548,-9444,8552,-61,119,-124,-14584,4216,3564,-1011,104,3,-14728,-3096,5488,-500,67,-115,0
3671.325135946274,9716,5312,11228,-224,-28,138,9680,-9316,8832,-40,104,-127,-14544,4212,3652,-1038,128,-4,-14732,-3112,5584,-469,122,-88,0
3671.358680009842,9884,5328,11268,-151,-240,89,9720,-9324,8932,-100,134,-140,-14716,4196,3800,-1037,94,-46,-14752,-3096,5520,-450,86,-94,0
3671.39186501503,9916,5180,11200,-170,-53,81,9500,-9236,8868,-47,160,-183,-14664,4164,3808,-1022,103,-107,-14648,-3132,5596,-469,143,-147,0
3671.4254341125493,9972,5328,11308,-141,-34,86,9516,-9176,8988,-13,115,-179,-14572,4188,3648,-1042,101,-66,-14708,-3172,5520,-488,148,-125,0
3671.4589459896083,9872,5196,11176,-100,250,91,9688,-9252,8784,-10,145,-133,-14672,4216,3632,-1274,69,-55,-14732,-3248,5724,-457,100,-162,0
3671.4924969673157,9884,5276,11184,-119,7,26,9588,-9196,8848,-11,187,-168,-14484,4184,3636,-1002,39,-79,-14704,-3284,5516,-469,78,-170,0
3671.5257971286774,9888,5304,11280,-142,25,40,9644,-9272,8856,-4,194,-171,-14376,4288,3656,-1011,2,-115,-14664,-3128,5596,-480,126,-168,0
3671.5594990253453,9932,5368,11308,-109,19,38,9716,-9288,8744,16,203,-158,-14580,4180,3620,-1036,0,-112,-14724,-3232,5456,-473,131,-203,0
3671.5930020809174,9908,5232,11132,-150,-30,26,9468,-9336,8832,18,188,-175,-14556,4292,3632,-1015,64,-87,-14692,-3336,5668,-462,166,-187,0
3671.6262011528015,9856,5284,11140,-128,-10,59,9676,-9284,8856,18,166,-190,-14440,4156,3696,-1049,70,-111,-14632,-3244,5744,-468,163,-166,0
3671.664294958114,9856,5152,11192,-164,-48,75,9692,-8964,8860,28,163,-176,-14384,4120,3764,-995,78,-82,-14692,-3332,5520,-473,158,-181,0
3671.7004129886627,9780,5428,11052,-167,-48,78,9608,-9148,8820,-254,159,-188,-14648,4168,3816,-1004,66,-110,-14680,-3132,5588,-478,177,-137,0
3671.7355239391322,9836,5416,11284,-158,-73,96,9708,-8964,8944,-42,154,-194,-14380,4348,4012,-1062,118,-65,-14764,-3364,5732,-456,162,-128,0
3671.7719199657445,9792,5388,11372,-180,-75,126,9596,-9180,8820,-73,105,-198,-14492,4156,3760,-1022,101,-46,-14692,-3568,5604,-475,171,-127,0
3671.8079390525813,9916,5308,11400,-159,-28,123,9660,-9188,8876,-63,123,-163,-14408,4208,3704,-1014,109,-69,-14728,-3312,5692,-472,113,-104,0
3671.8425869941707,9780,5300,11236,-153,-43,114,9584,-9280,8832,-51,122,-150,-14636,4196,3692,-1011,118,-38,-14796,-3188,5576,-473,93,-116,0
3671.8782799243922,9896,5236,11412,-155,-4,104,9660,-9308,8744,-20,119,-153,-14620,4192,3760,-1050,111,-76,-14700,-3276,5536,-494,133,-139,0
3671.9136631488805,9860,5300,11292,-133,-25,84,9676,-9308,8888,5,108,-180,-14616,4184,3688,-1043,119,-52,-14688,-3224,5544,-494,147,-152,0
3671.9493570327763,9860,5336,11292,-138,-249,79,9480,-9216,8764,-8,133,-185,-14600,4192,3780,-1016,59,-75,-14704,-3260,5720,-466,127,-177,0
3671.98435306549,9780,5372,11032,-129,-22,43,9520,-9196,8812,-27,151,-166,-14548,4244,3704,-996,61,-81,-14704,-3088,5852,-454,111,-196,0
3672.020208120346,9800,5252,11424,-162,12,55,9500,-9300,8904,-32,154,-177,-14844,4204,3728,-998,86,-91,-14660,-3304,5712,-768,78,-158,0
3672.055488109588,9740,5268,11272,-204,-44,50,9476,-9016,8832,-16,151,-202,-14564,4240,3660,-1030,68,-99,-14660,-3428,5728,-459,146,-108,0
3672.0918469429016,9892,5432,11272,-157,-48,73,9520,-9468,8716,-99,158,-159,-14596,4228,3792,-998,103,-64,-14784,-3304,5624,-445,101,-120,0
3672.1279411315923,9772,5356,11416,-239,-42,34,9656,-9196,8808,-60,174,-172,-14672,4228,3784,-1040,40,-76,-14692,-3264,5376,-459,129,-127,0
3672.1626579761505,9764,5308,11180,-215,-77,84,9600,-9232,8928,-48,205,-134,-14472,4208,3552,-1052,81,-57,-14680,-3404,5568,-475,160,-75,0
3672.1986241340637,9488,5472,11044,-128,-65,182,9512,-9188,8808,-54,125,-157,-14596,4124,3832,-998,173,-97,-14812,-3112,5580,-468,182,-11,0
3672.2333381175995,9664,5424,11332,-135,-89,174,9548,-9296,8968,-100,76,-219,-14492,4172,3700,-1000,240,-161,-14760,-3096,5604,-473,224,4,0
3672.2682299613953,9812,5424,11216,-187,-119,226,9596,-8984,8904,-68,87,-185,-14624,4132,3776,-960,187,-154,-14780,-3276,5472,-497,167,-1,0
3672.304522037506,9848,5144,11284,-200,-101,167,9832,-9268,8776,-24,155,-156,-14736,4084,3536,-990,116,-133,-14952,-3240,5572,-484,96,-103,0
3672.337707042694,10032,5248,11096,-265,-33,123,9940,-9076,8776,-22,194,-114,-14768,4204,3616,-973,65,-240,-14784,-3048,5832,-487,13,-96,0
3672.3712470531464,9964,5320,11412,-280,77,141,9708,-9288,8796,-21,161,-86,-14584,4152,3396,-910,62,-19,-14692,-3232,5568,-449,12,-97,0
3672.4048540592194,9880,5252,11072,-285,-3,96,9692,-9376,8908,-3,274,-109,-14732,4124,3708,-990,39,-94,-14644,-3080,5480,-434,88,-140,0
3672.4382750988,9788,5424,11480,-268,-61,130,9532,-9348,8736,28,157,-208,-14572,4388,3796,-987,87,-145,-14708,-3152,5644,-508,177,-81,0
3672.4718589782715,9732,5432,11408,-295,-153,170,9484,-9364,8856,-22,81,-175,-14460,4272,3588,-977,171,-83,-14716,-3268,5664,-461,168,-51,0
3672.50532412529,9684,5260,11320,-304,-181,165,9536,-9336,8900,0,131,-247,-14504,4240,3860,-1001,150,-203,-14680,-3384,5612,-451,283,-48,0
3672.538738012314,9664,5264,11384,-273,-278,155,9716,-9188,8836,14,76,-315,-14804,4252,3636,-770,184,-177,-14736,-3232,5788,-480,246,-61,0
3672.5723631381998,9904,5308,11180,-259,-214,176,9552,-9176,8976,23,89,-243,-14364,4236,3780,-977,161,-145,-14752,-3276,5484,-485,195,-41,0
3672.605968952179,9760,5264,11280,-247,-188,172,9560,-9412,8588,33,128,-226,-14628,4144,3644,-769,163,-147,-14624,-3224,5540,-466,223,-68,0
3672.6392810344696,9872,5228,11120,-253,-227,147,9680,-9472,8888,56,170,-259,-14556,4188,3628,-995,196,-148,-14864,-3256,5648,-468,232,-63,0
3672.6726191043854,9940,5284,11056,-245,-243,160,9660,-9136,9100,49,102,-281,-14588,4176,3668,-998,210,-164,-14848,-3216,5576,-460,256,-43,0
3672.7061741352086,10040,5364,11224,-289,-232,201,9688,-9420,8500,251,138,-7,-14708,4212,3348,-986,183,-176,-14816,-3116,5548,-446,210,-54,0
3672.7399179935455,9932,5220,11304,-280,-237,191,9652,-9156,8760,-18,91,-231,-14712,4144,3504,-1003,168,-143,-14800,-3208,5584,-441,153,-46,0
3672.7735090255733,10076,5156,11140,-256,-155,157,9796,-9288,8864,-17,105,-196,-14708,4248,3832,-989,84,-75,-14776,-3032,5592,-486,104,-115,0
3672.8071739673615,9952,5192,11040,-255,-146,124,9716,-9304,8772,60,111,-186,-14380,4128,3552,-1054,97,-54,-14772,-3384,5504,-496,150,-131,0
3672.8405380249023,9956,5380,11352,-161,-62,136,9980,-9104,8860,-28,113,-165,-14736,4156,3772,-1019,79,-64,-14808,-3232,5636,-465,103,-164,0
3672.8739011287694,9880,5232,11500,-169,-52,66,9600,-9224,8840,-42,122,-178,-14600,4156,3456,-1024,52,-99,-14712,-3152,5592,-502,86,-158,0
3672.9075860977173,9932,5272,11084,-155,-42,95,9624,-9140,8736,-14,109,-146,-14620,4180,3640,-1030,131,-46,-14688,-3256,5484,-467,138,-133,0
3672.940985918045,9828,5280,11132,-125,-40,136,9680,-9132,8808,-27,120,-116,-14624,4228,3728,-1017,119,-18,-14652,-3252,5588,-455,73,-129,0
3672.974431037903,9836,5232,11128,-145,17,96,9676,-9268,8924,-10,119,-139,-14608,4112,3676,-769,81,-16,-14704,-3268,5660,-458,93,-171,0
3673.00807595253,9828,5224,11392,-169,-39,82,9472,-9296,8772,-252,120,-178,-14796,4104,3668,-987,68,-101,-14636,-3080,5460,-476,117,-120,0
3673.0415699481964,9784,5276,11460,-139,-57,101,9716,-9212,8892,-17,140,-171,-14628,4204,3804,-770,74,-110,-14736,-3228,5516,-474,156,-165,0
3673.0748879909515,9872,5140,11240,-149,-121,99,9588,-9152,8896,-13,154,-215,-14592,4152,3776,-1046,87,-103,-14748,-3276,5588,-465,120,-162,0
3673.1087970733643,9848,5300,11424,-134,-45,87,9580,-9196,8828,-22,122,-158,-14660,4232,3568,-1025,81,-51,-14724,-3200,5640,-480,96,-167,0
3673.141832113266,9872,5328,11216,-143,-8,98,9712,-9396,8924,-39,141,-127,-14700,4164,3604,-1273,74,-60,-14912,-3244,5700,-483,67,-170,0
3673.1754479408264,9896,5280,11056,-149,-251,99,9604,-9180,8656,-34,121,-155,-14620,4216,3468,-775,102,-55,-14684,-3136,5684,-481,128,-149,0
3673.2089660167694,9840,5224,11344,-165,-15,88,9656,-9180,8788,-49,110,-151,-14564,4148,3640,-784,111,-42,-14736,-3328,5576,-499,124,-128,0
3673.2424120903015,9732,5308,11432,-138,-28,126,9672,-9020,8908,-71,111,-147,-14620,4208,3572,-1013,108,-41,-14720,-3088,5708,-488,125,-149,0
3673.2761681079865,9916,5260,11024,-128,-39,73,9516,-9240,8916,-45,144,-182,-14764,4236,3640,-1038,93,-59,-14800,-3208,5704,-481,119,-154,0
3673.3118140697484,9880,5380,11304,-138,-50,87,9628,-9284,8812,-25,127,-174,-14624,4236,3668,-1029,42,-68,-14768,-3220,5596,-501,114,-158,0
3673.350121974945,9908,5328,11480,-98,-255,93,9480,-9160,8836,247,104,-161,-14640,4308,3720,-1072,64,-37,-14824,-3300,5860,-495,78,-185,0
3673.385950088501,9928,5268,11180,-99,8,80,9624,-9220,9092,-30,106,-159,-14440,4164,3624,-786,52,-32,-14664,-3336,5392,-484,109,-146,0
3673.421273946762,9776,5360,11400,-141,-13,81,9644,-9316,8896,-78,104,-165,-14560,4136,3648,-1082,78,-77,-14732,-3300,5612,-491,100,-136,0
3673.4571890830994,9804,5400,11360,-159,-24,121,9712,-9220,8880,-104,130,-126,-14616,4284,3400,-983,131,-83,-14752,-3160,5672,-472,89,-114,0
3673.4923119544983,9912,5360,11108,-151,-8,120,9620,-9244,8952,-70,107,-109,-14696,4256,3652,-1101,80,-42,-14712,-3208,5680,-539,68,-136,0
3673.5280880928044,9856,5288,11208,-173,-13,141,9512,-9432,8840,-17,155,-104,-14492,4152,3664,-1050,78,-47,-14628,-3240,5620,-515,78,-151,0
3673.5638949871063,9840,5224,11224,-122,8,111,9684,-9252,8848,-51,129,-137,-14524,4212,3736,-1021,52,-35,-14644,-3332,5564,-505,103,-164,0
3673.5992000102997,9824,5264,11356,-154,-26,52,9596,-9240,8888,-19,151,-194,-14692,4204,3416,-1032,5,-83,-14736,-3244,5640,-504,142,-156,0
3673.6348040103912,9828,5256,11260,-109,-25,50,9604,-9228,8836,-5,163,-175,-14628,4260,3668,-1049,51,-46,-14692,-3300,5776,-486,173,-186,0
3673.6701879501343,9736,5344,11076,-99,-26,69,9660,-9104,8528,-11,196,-187,-14656,4316,3788,-1024,34,-82,-14648,-3200,5576,-459,143,-171,0
3673.7048940658574,9796,5292,11232,-146,-25,40,9592,-9272,8912,-33,190,-155,-14524,4224,3824,-969,50,-73,-14364,-3236,5680,-450,142,-152,0
3673.7405290603638,9824,5388,11196,-193,-34,70,9552,-9324,8896,-32,179,-176,-14504,4268,3584,-999,48,-116,-14668,-3376,5648,-462,137,-132,0
3673.7758491039276,9752,5344,11352,-171,-60,75,9604,-9384,8456,-30,152,-168,-14532,4192,3688,-1015,97,-87,-14680,-3260,5712,-470,161,-126,0
3673.811996936798,9768,5600,11408,-179,-80,109,9572,-9292,8900,-16,129,-194,-14348,4200,3736,-1027,133,-88,-14704,-3088,5756,-475,145,-108,0
3673.8478779792786,9748,5324,11352,-151,-62,146,9576,-9472,8896,248,124,-166,-14572,4168,3816,-1035,114,-105,-14712,-3548,5616,-482,140,-96,0
3673.8831510543823,9804,5336,11408,-194,-52,122,9648,-9184,8884,252,135,-197,-14600,4156,3696,-1018,109,-65,-14680,-3376,5636,-502,174,-75,0
3673.918885946274,9788,5444,11248,-233,-98,125,9612,-9224,9008,-252,105,-213,-14848,4116,3652,-1022,119,-161,-14728,-3324,5744,-456,185,-44,0
3673.9542009830475,9884,5428,11368,-247,-120,138,9580,-9184,8812,-61,125,-205,-14560,4212,3412,-1015,123,-108,-14784,-3180,5728,-471,139,-50,0
3673.9898209571843,9800,5304,11424,-275,-112,130,9620,-9196,8956,-46,125,-216,-14532,4276,3736,-996,137,-85,-14636,-3260,5736,-463,135,-42,0
3674.023402929306,9732,5296,11336,-293,-112,127,9688,-9208,8784,-30,123,-200,-14592,4288,3844,-973,167,-122,-14716,-3116,5628,-457,136,-35,0
3674.0569109916682,9836,5256,11300,-249,-140,164,9588,-9224,8712,19,134,-210,-14444,4232,3740,-993,160,-143,-14772,-3164,5452,-465,180,-31,0
3674.090502977371,9840,5196,11472,-248,-150,170,9636,-9316,8824,45,114,-202,-14744,4124,3632,-1012,161,-148,-14676,-3240,5644,-480,172,-36,0
3674.124074935913,9852,5308,11372,-237,-128,158,9660,-8984,8812,10,115,-204,-14600,4240,3780,-984,148,-123,-14768,-3156,5700,-482,184,-65,0
3674.1575460433965,9812,5364,11284,-226,-164,128,9584,-9212,9052,38,107,-234,-14680,4256,3644,-1008,160,-130,-14632,-3268,5552,-451,177,-69,0
3674.1910600662236,9820,5260,11468,-254,-195,149,9724,-9224,8968,21,104,-243,-14840,4064,3736,-973,176,-134,-14772,-3236,5656,-449,192,-93,0
3674.2247240543365,9888,5412,11344,-252,-112,134,9664,-9176,8856,-28,116,-201,-14828,4192,3784,-963,128,-130,-14784,-3188,5656,-445,117,-58,0
3674.2582490444183,9900,5216,11376,-311,-116,143,9624,-9224,8944,32,142,-218,-14632,4248,3592,-1011,107,-95,-14744,-3200,5696,-485,145,-113,0
3674.2918059825893,9924,5248,11368,-303,-161,128,9680,-8968,8768,21,140,-206,-14524,4132,3552,-1009,110,-85,-14832,-3296,5620,-486,160,-97,0
3674.3253960609436,9864,5336,11036,-204,-122,122,9648,-9160,8780,-53,123,-205,-14420,4228,3808,-1000,103,-93,-14696,-3280,5708,-468,131,-82,0
3674.3585231304173,9928,5152,11288,-248,-145,122,9672,-8992,8832,-4,107,-233,-14344,4292,3412,-770,119,-139,-14572,-3160,5732,-478,174,-69,0
3674.391881942749,9812,5260,11184,-236,-186,135,9684,-9140,8800,28,96,-200,-14560,4288,3592,-1015,149,-115,-14696,-3172,5752,-466,147,-63,0
3674.425444126129,9916,5244,11360,-226,-137,197,9668,-9080,8896,11,93,-166,-14844,4288,3652,-1004,139,-63,-14688,-3256,5764,-448,88,-100,0
3674.4589490890503,9856,5328,11268,-226,-134,168,9716,-9196,8864,-21,123,-167,-14356,4164,3500,-1001,106,-50,-14720,-3260,5612,-465,98,-93,0
3674.49256491661,9912,5356,11044,-219,-109,134,9704,-9280,8848,253,127,-174,-14660,4244,3688,-1005,100,-86,-14796,-3220,5876,-480,140,-122,0
3674.5259759426117,9956,5204,11012,-203,-145,126,9620,-9288,9032,-25,72,-190,-14620,4228,3760,-1023,101,-136,-14832,-3328,5468,-469,216,-143,0
3674.5594680309296,9856,5244,11304,-197,-199,145,9736,-9240,8724,0,113,-235,-14636,4192,3608,-1008,118,-138,-14700,-3208,5616,-449,213,-110,0
3674.5929830074315,9900,5264,11260,-127,-97,104,9716,-9084,8860,-22,107,-187,-14664,4148,3564,-981,104,-59,-14848,-3248,5436,-455,123,-144,0
3674.6267659664154,10232,5132,11072,-181,-74,91,9964,-9176,8760,-19,132,-165,-14632,4180,3584,-1033,87,-63,-14700,-3220,5532,-467,142,-152,0
3674.6602139472966,10232,5236,11516,-178,-43,107,9608,-9160,8948,-1,125,-163,-14368,4240,3636,-1035,107,-84,-14724,-3180,5728,-469,168,-83,0
3674.693761110306,9980,5300,11104,-138,-64,148,9604,-9048,8884,-19,74,-192,-14352,4124,3356,-1041,130,-62,-14612,-3208,5656,-480,166,-109,0
3674.727440118789,9832,5292,11260,-143,-60,134,9576,-8984,8808,-45,92,-174,-14600,4204,3836,-1042,119,-77,-14764,-3184,5804,-476,158,-121,0
3674.7606711387634,9832,5244,11296,-144,-92,126,9616,-9164,8860,-17,103,-184,-14652,4260,3720,-1026,89,-99,-14828,-3276,5684,-508,181,-136,0
3674.7941551208496,10204,5320,11216,-122,-76,126,9964,-9460,8728,250,107,-166,-14676,4160,3600,-1002,88,-61,-14800,-3236,5544,-474,161,-146,0
3674.8276720046997,9876,5208,11248,-123,-90,97,9844,-9184,8956,-34,113,-164,-14388,4344,3528,-1014,87,-101,-14660,-3140,5652,-475,132,-184,0
3674.8610019683842,9936,5292,11072,-114,-49,80,9740,-9156,8836,-41,102,-166,-14524,4132,3424,-1275,102,-33,-14736,-3192,5588,-490,142,-148,0
3674.894479036331,9768,5260,11232,-136,-72,77,9612,-9308,8656,-51,156,-202,-14628,4116,3548,-989,118,-77,-14772,-3196,5752,-480,158,-159,0
3674.928050994873,9932,5280,11236,-165,-96,117,9672,-9196,8832,-67,145,-194,-14544,4216,3724,-769,119,-84,-14844,-3232,5764,-481,130,-125,0
3674.961483001709,9940,5304,11300,-86,-21,96,9752,-9212,8812,-43,152,-167,-14380,4484,3692,-1013,45,-72,-14672,-3128,5412,-766,69,-194,0
3674.998125076294,9912,5200,11340,-165,-28,75,9708,-9204,8780,255,134,-148,-14844,4224,3756,-1058,59,-9,-14720,-3248,5384,-514,111,-168,0
3675.033949136734,9868,5424,11204,-131,-26,119,9652,-9152,8972,-64,107,-147,-14576,4236,3684,-1036,78,-84,-14736,-3580,5432,-490,91,-169,0
3675.0699579715733,9876,5320,11348,-157,-250,85,9652,-9268,8964,-66,124,-140,-14364,4176,3628,-990,80,-50,-14640,-3196,5608,-500,120,-183,0
3675.1047649383545,9896,5344,11228,-172,-60,82,9692,-9124,8792,-24,95,-146,-14476,4344,3828,-1068,74,-33,-14620,-3128,5560,-512,129,-163,0
3675.140285015106,9752,5128,11172,-114,-35,139,9644,-9152,8732,-26,83,-120,-14512,4344,3696,-1064,92,36,-14700,-3584,5668,-484,108,-169,0
3675.17551112175,9852,5300,11496,-138,-17,147,9608,-9216,8888,-54,122,-158,-14468,4132,3648,-1021,64,-66,-14716,-3248,5700,-506,141,-143,0
3675.211293935776,9944,5216,11332,-179,-57,115,9564,-9356,9136,-45,92,-144,-14496,4216,3724,-1055,115,-44,-14728,-3344,5632,-513,148,-119,0
3675.2476119995117,9764,5260,11388,-160,-40,144,9632,-9132,8812,-33,116,-156,-14592,4228,3388,-1010,115,-78,-14724,-3268,5408,-505,150,-108,0
3675.282748937607,9916,5240,11136,-166,-96,120,9868,-9224,8788,8,95,-180,-14588,4224,3744,-1011,105,-107,-14812,-3256,5600,-531,195,-111,0
3675.3179471492763,9872,5348,11220,-148,-40,131,9780,-9196,8956,-47,101,-182,-14744,4276,3700,-1013,153,-27,-14728,-3220,5556,-469,135,-115,0
3675.3536620140076,9860,5224,11276,-143,-56,148,9748,-9328,8832,-14,249,-96,-14608,4288,3540,-1028,122,-100,-14732,-3144,5760,-477,144,-163,0
3675.3888099193573,9796,5380,11256,-179,-23,119,9700,-9252,8896,-9,146,-159,-14572,4116,3656,-1010,73,-36,-14656,-3296,5648,-507,185,-121,0
3675.423898935318,9884,5128,11344,-160,-74,140,9732,-9160,8728,-43,129,-180,-14680,4140,3784,-1004,119,-78,-14356,-3284,5620,-491,137,-127,0
3675.459671020508,9860,5412,11376,-128,-68,88,9684,-9196,8756,-47,147,-177,-14352,4128,3612,-1015,86,-108,-14652,-3520,5588,-472,138,-124,0
3675.4949889183044,9884,5308,11224,-181,-60,83,9488,-9172,8860,-66,158,-191,-14468,4148,3672,-996,95,-110,-14708,-3304,5688,-507,153,-152,0
3675.5308110713963,9904,5288,11300,-210,-49,96,9672,-9208,8900,-13,175,-178,-14840,4236,3748,-1014,79,-57,-14772,-3152,5756,-514,150,-96,0
3675.565999984741,9876,5296,11140,-210,-40,126,9704,-8976,8896,-52,136,-193,-14572,4148,3700,-996,113,-132,-14828,-3136,5388,-483,200,-75,0
3675.6013400554652,9912,5404,11196,-213,-114,115,9608,-9208,8848,-30,124,-188,-14532,4228,3528,-998,92,-129,-14684,-3240,5392,-507,200,-61,0
3675.6362450122833,9972,5316,11316,-240,-101,107,9600,-9460,8812,-27,98,-225,-14576,4180,3680,-1010,140,-150,-14648,-3300,5640,-511,201,-61,0
3675.672091007232,9768,5344,11284,-240,-123,130,9724,-9020,8908,-13,110,-224,-14532,4252,3800,-1005,130,-172,-14728,-3328,5576,-457,163,-85,0
3675.705605983734,9844,5264,11216,-206,-138,153,9648,-9460,8932,3,147,-228,-14800,4288,3812,-987,145,-156,-14732,-3184,5380,-499,199,-84,0
3675.739320039749,9828,5296,11076,-240,-157,114,9932,-9120,8808,0,140,-238,-14624,4152,3680,-967,150,-116,-14780,-3296,5696,-258,178,-71,0
3675.7729399204254,9936,5288,11164,-235,-113,102,9712,-9144,9128,-26,151,-199,-14604,4276,3848,-975,139,-108,-14800,-3184,5636,-481,87,-57,0
3675.8065950870514,9880,5268,11108,-274,-89,123,9668,-9272,8848,26,170,-180,-14560,4164,3792,-1054,126,-117,-14680,-3236,5592,-519,148,-89,0
3675.8401379585266,9860,5328,11016,-307,-136,126,9724,-9156,8796,248,142,-206,-14372,3896,3804,-1049,165,-161,-14768,-3288,5592,-490,170,-66,0
3675.873610973358,9848,5308,11172,-213,-142,102,9948,-9200,8940,-18,138,-221,-14616,4176,3556,-1001,118,-72,-14864,-3308,5556,-451,177,-87,0
3675.9070930480957,9904,5300,11244,-275,-143,115,9516,-9168,8900,19,130,-229,-14632,4300,3588,-1057,151,-138,-14780,-3248,5856,-457,162,-60,0
3675.940736055374,9816,5252,11200,-267,-140,166,9672,-9132,8876,21,109,-207,-14580,4252,3632,-1053,159,-85,-14700,-3232,5736,-455,112,-82,0
3675.9743371009827,9964,5272,11112,-6,-96,157,9680,-9152,8832,-18,139,-165,-14604,4220,3712,-994,115,-97,-14760,-3100,5608,-443,74,-99,0
3676.0079219341283,9968,5356,11252,-270,-58,143,9756,-9080,8956,13,140,-132,-14624,4268,3592,-998,111,-84,-14740,-3240,5580,-486,105,-82,0
3676.04140996933,9940,5292,11508,-505,-69,149,9680,-9204,8920,6,128,-217,-14780,4252,3672,-945,123,-65,-14724,-3264,5604,-479,127,-60,0
3676.074923038482,9844,5200,11452,-242,-108,161,9620,-9072,8932,-15,126,-227,-14632,4120,3496,-1272,202,-121,-14716,-3160,5392,-454,206,-33,0
3676.1087350845332,9880,5252,11236,-284,-211,180,9724,-9440,8764,4,155,-223,-14512,4236,3800,-987,219,-134,-14772,-3248,5664,-463,205,-56,0
3676.1422879695892,9952,5124,11116,-226,-169,180,9664,-9152,8864,-10,82,-218,-14384,4176,3672,-998,199,-122,-14784,-3248,5724,-437,122,-53,0
3676.1758141517644,9944,5140,11388,-235,-145,179,9768,-9128,8652,14,141,-198,-14572,4184,3756,-1024,148,-127,-14740,-3184,5508,-443,164,-95,0
3676.2092180252075,9892,5200,11272,-218,-152,165,9752,-9228,8796,-251,84,-224,-14380,4268,3692,-1018,166,-93,-14700,-3208,5472,-457,145,-98,0
3676.2426059246063,9952,5200,11324,-163,-147,165,9736,-9088,8936,17,86,-190,-14656,4220,3636,-1040,127,-49,-14724,-3212,5552,-451,156,-92,0
3676.2763929367065,10000,5184,11068,-178,-133,131,9556,-9216,8948,-32,86,-201,-14388,4256,3584,-972,114,-93,-14744,-3232,5592,-476,170,-89,0
3676.309952020645,9972,5256,11052,-155,-106,115,9768,-9160,8760,-18,93,-170,-14612,4104,3624,-983,98,-86,-14712,-3148,5620,-440,143,-142,0
3676.3437061309814,9988,5260,11028,-172,-50,73,9480,-9092,8940,-252,131,-185,-14416,4200,3488,-1277,92,-110,-14764,-3164,5696,-461,186,-117,0
3676.377366065979,10024,5212,11192,-157,-74,75,9736,-9096,8980,-23,97,-199,-14616,4268,3792,-1002,119,-92,-14724,-3172,5636,-476,186,-128,0
3676.410532951355,10192,5240,11416,-120,-42,122,9648,-9104,8792,-7,91,-164,-14660,4120,3668,-1031,119,-71,-14664,-3268,5700,-473,173,-148,0
3676.4443881511684,10016,5244,11200,-118,-45,118,9692,-9124,8816,-22,97,-197,-14704,4196,3792,-1016,111,-87,-14796,-3160,5576,-496,162,-133,0
3676.4779341220856,9956,5168,11364,-121,-61,117,9604,-9136,8908,-24,134,-194,-14656,4192,3420,-983,110,-121,-14724,-3184,5760,-501,172,-118,0
3676.5115809440613,9888,5212,11324,-130,-31,130,9688,-9048,8952,-55,75,-166,-14616,4252,3516,-989,132,-85,-14808,-3224,5796,-507,91,-136,0
3676.5449380874634,10012,5280,11372,-113,-2,102,9800,-9212,8912,-56,142,-130,-14596,4192,3388,-1032,115,-51,-14680,-3236,5880,-503,145,-143,0
3676.5784199237823,9916,5172,11368,-154,-38,109,9712,-9128,8928,-2,85,-170,-14596,4192,3392,-1031,199,-60,-14716,-3168,5856,-493,113,-140,0
3676.612030982971,9976,5204,11252,-75,-13,98,9620,-9168,8880,-74,126,-180,-14752,4212,3404,-1002,160,-69,-15096,-3320,5528,-464,83,-160,0
3676.6453409194946,9884,5328,11088,-133,-22,65,9932,-9448,8768,-37,148,-174,-14664,4228,3660,-1070,96,-69,-14652,-3152,5696,-492,175,-149,0
3676.6822700500484,10204,5308,11188,-138,-63,130,9484,-9160,8764,-31,93,-162,-14372,4128,3616,-1111,122,-64,-14700,-3064,5608,-513,150,-160,0
3676.7175941467285,10008,5292,11236,-103,-57,110,9708,-9140,8848,-16,121,-152,-14624,4164,3536,-1043,92,-56,-14840,-3188,5612,-476,60,-159,0
3676.7533390522003,9988,5316,11240,-166,-19,95,9928,-9112,8812,-58,150,-141,-14668,4148,3816,-1056,32,-47,-14744,-3216,5496,-466,57,-160,0
3676.7892050743103,10220,5272,11020,-172,-26,95,9584,-9228,8780,-36,153,-122,-14548,4180,3560,-1010,136,-31,-14660,-3244,5476,-531,100,-143,0
3676.8249559402466,9868,5320,11436,-141,-56,126,9756,-9092,8968,-19,150,-166,-14404,4256,3600,-1037,109,-93,-14632,-3172,5392,-462,114,-140,0
3676.8608660697932,9892,5348,11316,-125,-73,109,9560,-9148,8740,-36,96,-173,-14360,4180,3804,-1042,90,-58,-14584,-3380,5664,-484,133,-132,0
3676.8962299823766,9992,5300,11172,-120,-56,110,9760,-9116,8832,-19,109,-153,-14644,4160,3440,-1025,118,-101,-14704,-3300,5556,-489,145,-188,0
3676.9316730499268,10036,5304,11180,-131,-69,80,9744,-8992,8908,-4,152,-187,-14688,4296,3964,-1012,17,-82,-14672,-3268,5584,-493,140,-189,0
3676.9676270484924,9980,5344,11132,-153,-39,66,9748,-9072,8808,-21,172,-198,-14636,4096,3548,-989,51,-79,-14616,-3248,5696,-469,137,-156,0
3677.0027780532837,9908,5120,11128,-184,-63,50,9800,-9156,8876,-66,183,-194,-14504,4324,3640,-931,78,-51,-14676,-3272,5568,-466,119,-178,0
3677.0386149883275,9728,5272,11280,-196,-68,80,9768,-9092,8844,-97,194,-152,-14624,4164,3596,-977,74,-40,-14752,-3248,5660,-436,123,-126,0
3677.0736489295964,9892,5232,11220,-206,-22,97,9656,-9176,8884,-103,133,-143,-14484,4284,3764,-1017,105,238,-14660,-3188,5640,-489,116,-104,0
3677.109270095825,9848,5324,11480,-181,-48,153,9476,-9088,8808,-56,61,-115,-14644,4236,3600,-983,124,-39,-14748,-3156,5856,-501,113,-103,0
3677.1444830894475,9892,5224,11508,-186,-38,171,9640,-9004,8756,-42,81,-134,-14536,4276,3676,-1068,138,7,-14600,-3276,5876,-514,136,-96,0
3677.1937990188603,9956,5364,11072,-171,-37,154,9760,-9160,8968,-52,94,-128,-14828,4196,3580,-1021,128,-44,-14700,-3192,5636,-512,127,-115,0
3677.240126132965,9928,5260,11164,-128,-66,106,9760,-9144,8804,-36,115,-182,-14560,4232,3672,-1066,97,-58,-14688,-3276,5612,-475,117,-128,0
3677.281342983246,9864,5328,11316,-167,-52,103,9656,-9128,8808,-50,137,-170,-14580,4224,3472,-1007,137,-85,-14740,-3264,5648,-442,138,-95,0
3677.3180141448975,9988,5256,11288,-175,-18,98,9936,-9124,8460,-90,147,-172,-14716,4292,3596,-987,92,-19,-14788,-3216,5672,-449,42,-151,0
3677.351433992386,9892,4912,11024,-188,6,68,9780,-9324,8820,-62,155,-141,-14644,4244,3544,-1051,43,-59,-14844,-3176,5636,-497,83,-128,0
3677.384814977646,9868,5172,11392,-251,-30,118,9688,-9324,8752,-6,155,-153,-14656,4196,3628,-1018,83,-93,-14660,-3140,5796,-512,118,-135,0
3677.4180679321294,9904,5244,11328,-182,-32,93,9644,-9000,9028,-67,178,-182,-14732,4124,3592,-1048,60,-49,-14736,-3304,5588,-481,121,-172,0
3677.4516839981084,9860,5336,11300,-175,-62,79,9652,-9200,8824,255,149,-227,-14548,4232,3532,-1078,105,-93,-14696,-3288,5832,-496,189,-93,0
3677.4851500988,9880,5340,11188,-158,-82,112,9676,-9028,8928,-18,130,-205,-14664,4196,3528,-1016,112,-125,-14660,-3204,5856,-483,159,-151,0
3677.518744945526,9772,5220,11344,-150,-74,107,9768,-9104,8824,-36,153,-162,-14768,3984,3452,-1026,99,-86,-14760,-3256,5736,-450,128,-137,0
3677.5518770217896,9900,5284,11444,-153,-80,81,9656,-9156,8936,-57,148,-147,-14516,4248,3752,-1275,79,-55,-14724,-3240,5524,-445,110,-133,0
3677.5854840278625,9804,5372,11144,-203,-50,78,9652,-9136,8968,-46,184,-187,-14540,4164,3696,-1014,77,-29,-14700,-3200,5704,-465,146,-131,0
3677.6191310882564,9932,5192,11248,-193,-78,105,9724,-9100,8824,-65,132,-192,-14620,4192,3636,-1007,135,-100,-14716,-3240,5664,-471,162,-96,0
3677.6526920795445,10020,5300,11188,-228,-75,109,9696,-9196,8844,1,154,-201,-14424,4220,3528,-1274,137,-134,-14716,-3152,5664,-473,146,-96,0
3677.686380147934,9848,5260,11332,-193,-31,113,9652,-9196,8784,-15,146,-176,-14780,4300,3800,-1041,110,-72,-14680,-3128,5680,-502,119,-120,0
3677.719825029373,9828,5240,11196,-213,-44,104,9740,-9104,9004,21,138,-143,-14632,4220,3808,-1005,117,-51,-14636,-3248,5724,-478,120,-92,0
3677.7531299591064,9848,5220,11244,-219,-63,99,9712,-9116,8900,-19,165,-181,-14592,4308,3700,-1011,88,-96,-14680,-3096,5868,-472,166,-82,0
3677.7868180274963,9804,5272,11260,-261,-112,116,9556,-9132,8836,-51,151,-206,-14584,4196,3636,-997,96,-82,-14680,-3312,5776,-484,153,-45,0
3677.820533037185,9820,5276,11188,-284,-106,155,9672,-9200,8728,-91,135,-194,-14712,4236,3504,-941,124,-116,-14644,-3176,5768,-466,171,-84,0
3677.8539299964905,9936,5188,11068,-299,-112,125,9660,-9200,8816,-59,153,-235,-14536,4212,3608,-959,124,-130,-14728,-3196,5680,-444,192,-79,0
3677.887432098388,9948,5336,11440,-279,-120,146,9764,-9172,8840,-20,120,-203,-14840,4252,3632,-964,131,-98,-14732,-3168,5688,-473,209,-64,0
3677.9210710525513,10220,5276,11332,-262,-144,140,9584,-9228,8924,1,137,-213,-14340,4272,3440,-966,115,-161,-14716,-3216,5556,-463,195,-95,0
3677.9543380737305,9764,5196,11492,-269,-147,148,9808,-9200,8724,22,164,-225,-14612,4204,3572,-955,132,-176,-14744,-3196,5652,-498,218,-68,0
3677.9878721237183,10008,5208,11436,-255,-166,144,9860,-9160,8796,28,132,-244,-14616,4236,3592,-1276,155,-151,-14868,-3220,5536,-454,219,-48,0
3678.0214381217957,9992,5164,11248,-282,-182,165,9644,-9144,8784,5,132,-243,-14712,4132,3608,-991,152,-151,-14684,-3140,5800,-469,219,-68,0
3678.0548191070557,10136,5220,11400,-271,-172,163,9728,-9076,8828,5,143,-256,-14844,4208,3680,-986,154,-109,-14744,-3164,5632,-471,196,-43,0
3678.0884001255035,10236,5280,11220,-275,-171,145,9716,-9056,8908,-12,116,-204,-14800,4164,3336,-998,104,-153,-14688,-3272,5616,-442,168,-66,0
3678.121766090393,10112,5312,11188,-264,-134,140,9760,-9032,9116,17,142,-220,-14640,4204,3428,-999,90,-135,-14740,-3160,5664,-481,151,-100,0
3678.1554050445557,9936,5248,11084,-276,-137,154,9476,-9128,8824,-7,134,-205,-14364,4228,3820,-1037,102,-110,-14756,-3148,5576,-452,189,-63,0
3678.1891419887543,10060,5236,11200,-282,-163,155,9732,-9120,8844,17,136,-225,-14552,4220,3712,-1050,127,-97,-14656,-3284,5608,-432,185,-52,0
3678.2226259708405,9964,5272,11288,-300,-184,166,9640,-9164,8888,-34,136,-199,-14660,4284,3572,-771,160,-103,-14780,-3240,5632,-446,164,-43,0
3678.256024122238,10084,5140,11176,-260,-184,157,9788,-9244,8908,-6,183,-198,-14652,4196,3620,-1023,90,-127,-14732,-3120,5596,-484,140,-93,0
3678.289715051651,10016,4896,11188,-302,-132,176,9692,-9188,8672,36,108,-197,-14652,4024,3556,-769,93,-155,-14672,-3092,5576,-485,167,-60,0
3678.323168039322,9932,5324,11064,-229,-158,151,9764,-9108,8772,-22,107,-203,-14416,4160,3700,-1014,105,-105,-14804,-3144,5432,-444,137,-67,0
3678.3641319274902,10088,5160,11472,-282,-153,115,9684,-9220,9180,-26,149,-221,-14640,4132,3688,-1021,88,-114,-14724,-3012,5620,-468,166,-54,0
3678.4001619815826,9992,4896,11136,-290,-180,153,9728,-9108,8820,-8,113,-184,-14840,4192,3668,-1033,141,-70,-14764,-3312,5688,-457,148,-32,0
3678.4353871345525,10116,5180,11428,-265,-190,163,9760,-9116,8896,-14,171,-174,-14596,4148,3696,-1023,102,-81,-14764,-3220,5720,-436,98,-104,0
3678.4718050956726,10076,4948,11180,-260,-120,130,9752,-9236,8752,-24,113,-197,-14640,4188,3536,-1012,76,-127,-14680,-3144,5500,-468,114,-80,0
3678.5074760913853,10012,5364,11032,-194,-125,125,9752,-9160,8816,-24,112,-191,-14624,4056,3556,-1005,119,-77,-14736,-3100,5432,-490,168,-149,0
3678.542971134186,10164,5020,11212,-146,-113,136,9748,-9032,8916,-16,100,-191,-14668,4204,3380,-1022,97,-117,-14732,-3108,5540,-474,184,-143,0
3678.578246116638,10084,5044,11100,-153,-95,120,9688,-9076,8824,-5,103,-192,-14572,4172,3640,-1045,141,-60,-14784,-3036,5556,-459,162,-116,0
3678.6141879558563,9992,5204,11340,-109,-45,127,9740,-9140,8820,-20,111,-152,-14636,4284,3436,-1013,110,-71,-14736,-3208,5668,-480,141,-147,0
3678.6494791507725,9976,5196,11224,-130,-23,81,9788,-9152,8792,-21,138,-162,-14576,4236,3636,-1038,111,-78,-14740,-3252,5712,-472,126,-147,0
3678.684729099273,10076,5112,11248,-121,-55,96,9692,-9124,8820,-27,147,-163,-14544,4208,3540,-1060,78,-78,-14740,-3224,5652,-480,152,-146,0
3678.7206749916077,9956,5196,11028,-137,-58,96,9608,-9036,8792,-29,139,-159,-14372,4340,3816,-1042,75,-62,-14700,-3192,5676,-477,171,-169,0
3678.755676984787,10220,5176,11100,-163,-87,81,9640,-9104,8784,-37,164,-187,-14728,4244,3708,-1010,59,-66,-14604,-3220,5628,-454,173,-174,0
3678.791785001754,10036,5372,11216,-164,-109,62,9768,-9116,8844,-22,158,-195,-14728,4120,3680,-996,39,-91,-15096,-3016,5392,-488,139,-187,0
3678.827472925186,10012,5136,11240,-167,-69,80,9736,-9148,8836,-9,155,-164,-14668,4188,3416,-995,23,-81,-14708,-3020,5800,-483,154,-170,0
3678.8637540340424,10224,5200,11080,-180,-82,73,9776,-9184,8772,15,139,-188,-14512,4188,3612,-1012,38,-86,-14688,-3136,5576,-477,123,-131,0
3678.8987159729004,10228,5148,11096,-173,-78,117,9692,-9040,8780,254,111,-194,-14572,4128,3612,-1278,109,-79,-14696,-3192,5396,-487,180,-95,0
3678.934261083603,9956,5180,11440,-166,-115,170,9708,-9100,8708,-7,54,-199,-14652,4296,3736,-993,199,-118,-14732,-3160,5672,-493,244,-49,0
3678.9698741436005,10020,5244,11504,-175,-154,173,9828,-9128,8916,-3,92,-210,-14588,4160,3528,-982,127,-143,-14924,-3200,5644,-465,164,-92,0
3679.006972074508,10444,5220,11464,-131,-81,130,9760,-9024,8904,-54,114,-154,-14820,4260,3688,-940,37,-18,-14904,-3180,5592,-765,19,-155,0
3679.0405299663544,10168,5160,11260,-227,-18,99,9768,-9032,8924,-46,163,-127,-14804,4020,3364,-986,-20,-47,-14724,-3216,5620,-509,29,-176,0
3679.0741081237793,10076,5124,11108,-200,-13,51,9692,-9132,8876,-42,214,-154,-14684,4072,3368,-983,-12,-15,-14808,-3176,5500,-445,43,-206,0
3679.1077089309692,10088,5332,11060,-150,64,-24,9760,-9208,8868,-74,233,-161,-14784,4188,3528,-1012,-73,-44,-14652,-3132,5592,-486,66,-504,0
3679.1407570838933,10004,5372,11228,-184,36,-9,9732,-9156,8732,-17,194,-160,-14628,4240,3392,-1068,-45,-26,-14660,-2960,5608,-499,135,-166,0
3679.1739180088043,10116,5236,11372,-152,-17,100,9592,-9120,8820,-36,135,-165,-14560,4196,3804,-1059,94,-33,-14640,-3160,5932,-487,153,-101,0
3679.2074091434483,9896,5320,11232,-208,-58,163,9552,-9204,8852,-47,67,-108,-14468,4264,3684,-1047,190,-53,-14648,-3200,5636,-440,107,-53,0
3679.2410769462585,9764,5316,11204,-226,-122,246,9700,-9204,9008,-112,0,-105,-14504,4228,3776,-1017,246,-59,-14540,-3304,5716,-479,161,-32,0
3679.2747070789333,9884,5356,11028,-163,-120,288,9480,-9184,8944,-62,243,-129,-14628,4176,3652,-1001,266,-71,-14648,-3188,5636,-477,180,-4,0
3679.308335065841,9752,5264,11304,-72,-118,228,9700,-9080,8856,-74,12,-212,-14740,4172,3548,-1036,220,-117,-14720,-3264,5624,-768,224,-79,0
3679.341755151748,10076,5288,11104,-107,-135,149,9772,-9104,8796,-48,64,-214,-14640,4116,3508,-1044,165,-132,-14776,-3140,5508,-483,229,-82,0
3679.3752019405365,10108,5240,11052,-70,-80,104,9948,-9208,8932,-43,90,-242,-15008,4140,3404,-1039,118,-115,-14840,-3004,5520,-494,178,-178,0
3679.4085850715637,10096,5088,11128,-97,241,29,10208,-9108,8744,-26,138,-209,-14784,4256,3476,-1019,67,-66,-14960,-2980,5620,-492,109,-246,0
3679.4419779777522,10204,5016,11016,-74,58,-255,9968,-9268,8720,6,193,-159,-14648,4312,3436,-1010,251,-39,-14840,-3096,5692,-499,79,-244,0
3679.4753510951996,10092,4920,11148,-124,60,31,9824,-9128,8680,-9,200,-109,-14640,4268,3552,-1060,-12,-45,-14796,-3136,5756,-499,43,-192,0
3679.5091049671173,10208,4964,11288,-128,60,13,9744,-9156,8832,-58,163,-136,-14652,4100,3532,-1032,5,251,-14600,-3084,5664,-477,55,-217,0
3679.5424499511723,10036,5220,11156,-195,50,14,9676,-9200,8804,-76,229,-123,-14572,4172,3796,-1048,-6,8,-14588,-3224,5776,-495,48,-216,0
3679.5760149955754,9816,5220,11384,-197,15,33,9468,-9092,8716,-32,193,-89,-14468,4252,3816,-1027,11,-28,-14468,-3292,5872,-764,90,-167,0
3679.6096339225774,9744,5408,11220,-136,-19,82,9548,-9204,9088,-25,118,-177,-14404,4252,3648,-1045,131,-111,-14480,-3344,5652,-489,208,-102,0
3679.642948150634,9804,5312,11124,-115,-99,144,9672,-9084,9208,-33,72,-219,-14444,4272,3932,-1004,205,-160,-14828,-3384,5604,-465,260,-73,0
3679.676778078079,9948,5284,11132,-116,-145,142,9472,-9060,8812,-32,49,-239,-14608,4132,3816,-1020,201,-173,-14596,-3352,5628,-478,262,-72,0
3679.7102911472325,9996,5272,11476,-135,-152,133,9756,-9188,8724,-61,89,-249,-14692,4104,3732,-1014,155,-123,-14852,-3200,5664,-475,238,-99,0
3679.7438039779663,10040,5304,11184,-170,-126,111,9780,-9036,8556,-86,135,-216,-14628,4284,3616,-958,129,-111,-14916,-3276,5528,-468,173,-65,0
3679.7774369716644,10000,5292,11136,-177,-11,98,10012,-9076,8940,-126,148,-175,-14728,4280,3508,-983,84,-46,-14920,-2820,5680,-480,98,-114,0
3679.8110349178314,10132,5136,11412,-222,47,116,9888,-9268,8852,-38,168,-100,-14724,4260,3652,-1052,40,-32,-14744,-3044,5532,-530,70,-112,0
3679.844572067261,10048,5140,11320,-215,27,113,9688,-9120,9020,-43,146,-116,-14500,3936,3592,-995,72,-52,-14692,-3184,5756,-488,109,-97,0
3679.8781659603123,9940,5156,11412,-218,24,82,9764,-9172,8856,-73,171,-138,-14500,4228,3616,-960,54,-22,-14684,-3176,5872,-482,132,-89,0
3679.911684989929,10044,5156,11220,-284,-65,96,9664,-9032,8912,-39,169,-170,-14508,4252,3700,-1003,58,-79,-14616,-3228,5656,-481,156,-108,0
3679.945312023163,9948,5156,11340,-257,-74,127,9668,-9172,8888,-32,143,-168,-14840,4244,3724,-984,55,-85,-14592,-3172,5816,-479,130,-97,0
3679.9787080287933,9912,5168,11244,-270,-20,87,9592,-9100,8920,-34,214,-177,-14520,4292,4048,-972,-253,-86,-14740,-3332,5692,-441,116,-131,0
3680.0123360157013,9876,5300,11052,-274,-36,93,9672,-9216,8744,-43,204,-177,-14520,4268,3556,-912,79,-110,-14624,-3268,5768,-456,140,-79,0
3680.048866033554,9880,5232,11328,-287,-106,108,9676,-9096,8768,-7,181,-232,-14580,4316,3356,-985,123,-189,-14684,-3136,5536,-433,215,-52,0
3680.0844111442566,9908,5172,11280,-270,-184,139,9696,-9224,8800,3,131,-285,-14584,4244,3604,-974,158,-215,-14688,-3052,5644,-435,11,-78,0
3680.1201910972595,10032,5236,11100,-303,-207,151,9772,-9096,8924,14,107,-280,-14592,4156,3628,-1002,169,-181,-14724,-3132,5656,-456,235,-56,0
3680.1551721096043,10192,5180,11228,-276,-184,164,9664,-9000,8740,16,116,-229,-14688,4180,3396,-1032,163,-158,-14792,-3236,5520,-481,204,-49,0
3680.1907160282135,10024,5128,11380,-274,-131,159,9732,-9072,8904,50,141,-198,-14696,4172,3724,-1052,159,-163,-14788,-3152,5400,-452,169,-73,0
3680.225583076477,9984,5248,11232,-257,-136,157,9768,-9072,9200,36,135,-228,-14732,4164,3688,-1009,183,-125,-14668,-3216,5648,-476,148,-70,0
3680.26187300682,10064,5172,11172,-277,-150,165,9704,-9116,8736,-20,106,-202,-14696,4160,3680,-1015,127,-89,-14768,-3224,5636,-433,139,-51,0
3680.2980120182037,10120,5056,11068,-283,-135,157,9740,-9180,8780,-40,118,-211,-14836,4168,3604,-979,143,-103,-14760,-3136,5616,-474,156,-62,0
3680.3332800865173,10016,5052,11236,-275,-166,156,9528,-9424,9108,-252,111,-199,-14624,4220,3724,-1009,130,-101,-14820,-3124,5632,-469,172,-49,0
3680.369218111038,10060,5032,11252,-275,-181,132,9696,-9116,8916,3,112,-204,-14692,4184,3732,-996,151,-136,-14720,-3124,5736,-470,168,-70,0
3680.4046680927277,10092,5048,11248,-256,-185,165,9724,-9128,8944,20,119,-227,-14632,4156,3824,-1004,178,-139,-14808,-3144,5664,-493,188,-55,0
3680.4402420520782,10112,5152,11236,-235,-187,158,9704,-9104,8700,14,88,-215,-14680,4236,3612,-771,172,-105,-14736,-3100,5724,-495,181,-65,0
3680.4766840934753,10132,5196,11252,-228,-182,172,9760,-8964,8832,-29,55,-229,-14800,4208,3520,-1005,157,-131,-14664,-3184,5688,-468,175,-61,0
3680.511878967285,10076,5112,11220,-178,-151,163,9736,-8992,8752,-29,63,-167,-14660,4148,3356,-1009,153,-52,-15000,-3096,5772,-462,102,-103,0
3680.5478060245514,10128,5056,11144,-160,-68,108,9776,-9228,8824,-14,120,-171,-14700,4132,3492,-1057,67,-110,-14808,-3176,5496,-503,141,-160,0
3680.5826809406285,10052,5144,11144,-151,-72,109,9760,-8956,8832,254,152,-183,-14676,4092,3364,-1038,88,-99,-14760,-3100,5512,-465,124,-151,0
3680.6187520027165,10120,5124,11140,-109,-47,91,9748,-9072,8768,-62,149,-173,-14692,4196,3496,-1027,44,-77,-14800,-3272,5640,-471,109,-158,0
3680.653715133667,10064,5044,11204,-174,-59,71,9728,-9084,8852,2,137,-181,-14656,4228,3828,-1046,64,-68,-14684,-3288,5592,-482,171,-154,0
3680.6905379295354,9992,5168,11316,-130,-44,123,9736,-9012,8820,-25,100,-151,-14672,4092,3640,-1027,98,-33,-14704,-3108,5660,-472,133,-142,0
3680.7241339683533,10068,5324,11264,-115,-42,126,9976,-9188,8768,-62,141,-138,-14668,4244,3668,-992,66,-44,-14788,-3052,5668,-473,98,-138,0
3680.7575449943542,10220,5060,11216,-136,-3,82,9612,-9204,9008,-24,156,-158,-14508,4276,3808,-1012,42,-69,-14732,-3164,5696,-495,145,-140,0
3680.7911739349365,10028,5100,11000,-137,-13,91,9696,-9196,8888,-7,165,-125,-14628,4276,3668,-1000,80,-34,-14720,-3144,5708,-497,144,-146,0
3680.8247649669643,10016,5124,11152,-110,-51,94,9624,-9160,8900,-10,133,-173,-14468,4200,3460,-1278,96,-51,-14660,-3100,5648,-470,179,-157,0
3680.8582479953766,10052,5112,11388,-115,-75,112,9620,-9100,8800,-16,100,-191,-14588,4124,3460,-1000,119,-104,-14640,-3120,5524,-455,189,-135,0
3680.8918130397797,10144,5124,11252,-100,-62,102,9824,-9076,8896,-59,121,-172,-14604,4104,3788,-1000,77,-112,-14736,-3168,5704,-473,136,-180,0
3680.925430059433,10124,5188,11012,-151,-46,86,9856,-9112,8768,-28,137,-167,-14680,4212,3444,-987,51,-87,-14776,-3068,5636,-468,153,-152,0
3680.9589700698853,10072,5140,11472,-128,-64,103,9732,-9088,8936,-27,131,-157,-14652,4148,3572,-1001,69,-20,-14700,-3176,5732,-482,147,-132,0
3680.992389917373,10044,5168,11236,-110,-28,120,9784,-9140,8736,-46,106,-161,-14580,4204,3632,-991,64,-50,-14744,-3120,5588,-456,129,-151,0
3681.0261199474335,10052,5192,11072,-160,-82,85,9692,-9216,8872,-39,139,-165,-14700,4308,3588,-1005,49,-32,-14784,-3100,5772,-476,138,-195,0
3681.059705018997,9776,4900,11200,-123,-47,75,9980,-9392,8860,-64,145,-177,-14644,4168,3436,-975,50,-78,-14748,-3156,5680,-499,139,-171,0
3681.0933859348293,10116,5176,11180,-126,-63,98,9508,-9160,8940,-36,129,-166,-14560,4164,3440,-1030,81,-63,-14716,-3172,5592,-477,115,-155,0
3681.1269650459294,10148,5096,11396,-125,-64,85,9688,-9104,8756,-13,115,-149,-14608,4148,3380,-1017,59,-53,-14812,-3168,5644,-472,133,-158,0
3681.160228967666,10080,5180,11172,-125,-66,111,9752,-9056,8856,-23,138,-147,-14628,4256,3800,-1004,91,-44,-14712,-3132,5572,-499,129,-154,0
3681.1938130855565,10112,5208,11180,-124,-99,104,9660,-9124,8752,-56,121,-199,-14704,4200,3700,-1016,85,-58,-14760,-3228,5588,-485,151,-141,0
3681.227396965027,10228,5356,11100,-128,-93,94,9764,-9068,8760,-41,111,-163,-14584,4236,3740,-989,66,-56,-14728,-3132,5672,-466,118,-125,0
3681.260970115661,10072,5216,11200,-132,-44,101,9640,-9196,8796,-34,135,-137,-14600,4260,3708,-1028,53,-59,-14756,-3124,5756,-522,100,-182,0
3681.2947750091553,10008,5208,11312,-172,-49,91,9628,-9096,8872,-5,124,-144,-14656,4156,3768,-1009,58,-34,-14720,-3144,5544,-499,106,-153,0
3681.3284211158752,10028,5256,11300,-126,-58,95,9628,-9064,8928,-73,176,-150,-14688,4212,3772,-1007,59,-252,-14748,-3164,5676,-482,104,-138,0
3681.36188006401,10132,5140,11136,-179,-26,58,9856,-9140,8580,-10,144,-159,-14820,4096,3616,-992,63,-23,-14756,-3036,5596,-479,118,-182,0
3681.3956220149994,10020,5284,11128,-169,-52,115,9672,-9092,8940,-48,126,-163,-14552,4216,3688,-1035,117,-90,-14736,-3092,5668,-495,127,-129,0
3681.4292471408844,9780,5224,11172,-144,-28,106,9724,-9060,8788,-34,138,-140,-14604,4236,3656,-1063,115,-57,-14708,-3264,5696,-465,123,-148,0
3681.4629011154175,10028,5180,11236,-170,-40,93,9676,-9176,8804,-20,148,-149,-14360,4348,3732,-1024,47,-49,-14692,-3304,5624,-472,115,-166,0
3681.4965419769283,9736,5172,11068,-165,-16,84,9680,-9112,8872,-47,149,-134,-14664,4252,3680,-1005,72,-51,-14720,-3076,5740,-478,145,-130,0
3681.5300691127773,10196,5240,11232,-174,-26,106,9980,-9148,8804,-27,157,-141,-14636,4200,3700,-1022,108,-81,-14396,-3192,5692,-489,149,-121,0
3681.5637481212616,10000,5220,11288,-197,-72,89,9688,-9032,8920,-255,150,-193,-14500,4236,3612,-1032,90,-83,-14636,-3232,5668,-507,173,-131,0
3681.5974140167236,10044,5204,11184,-144,-51,96,9692,-9168,8812,-47,114,-216,-14564,4244,3676,-1041,143,-111,-14724,-3236,5672,-474,157,-92,0
3681.6309900283813,9820,5260,11020,-203,-5,104,9756,-9160,8816,-256,144,-163,-14624,4228,3768,-1011,128,-110,-14720,-3152,5848,-479,151,-102,0
3681.6645591259003,10088,5212,11020,-168,-22,82,9736,-9200,8852,-37,165,-176,-14672,4276,3600,-1035,92,-78,-14740,-3204,5868,-470,162,-110,0
3681.697953939438,9996,5220,11328,-175,-38,95,9640,-9060,8584,-32,153,-177,-14588,4248,3700,-1002,64,-39,-14780,-3272,5600,-482,156,-87,0
3681.7347240448003,9760,5224,11284,-226,-40,104,9476,-9128,8856,-56,139,-193,-14392,4268,3664,-989,101,-148,-14604,-3140,5640,-477,155,-89,0
3681.7708899974823,10112,5204,11480,-267,-104,105,9632,-9220,8820,-39,146,-200,-14520,4172,3796,-966,112,-133,-14684,-3172,5552,-456,161,-62,0
3681.8072950839996,10076,5192,11516,-251,-73,104,9572,-9192,8808,-35,125,-218,-14620,4236,3580,-1000,70,-82,-14824,-3168,5612,-488,155,-89,0
3681.8423840999603,10036,5128,11308,-512,-86,112,9692,-9128,8592,-10,161,-199,-14536,4196,3448,-985,98,-125,-14704,-3180,5640,-477,158,-77,0
3681.878732919693,10056,5156,11176,-272,-96,124,9680,-9068,8892,-25,154,-204,-14704,4132,3724,-1037,159,-84,-14772,-3172,5408,-460,165,-79,0
3681.9135630130772,10096,5152,11164,-266,-107,119,9500,-9192,8720,10,156,-213,-14636,4240,3716,-1009,150,-122,-14764,-3320,5636,-479,183,-48,0
3681.949718952179,10144,5128,11508,-238,-96,141,9680,-9092,8876,-25,145,-210,-14620,4244,3780,-987,151,-165,-14804,-3216,5824,-466,189,-62,0
3681.985050916672,9996,5172,11172,-235,-113,141,9728,-9124,8748,8,151,-214,-14636,4192,3668,-1012,155,-126,-14900,-3164,5716,-481,200,-49,0
3682.0204911231995,10052,5184,11056,-263,-135,129,9976,-9116,8828,-18,152,-209,-14696,4184,3724,-977,141,-113,-14784,-3160,5520,-431,168,-69,0
3682.0555560588837,10068,5168,11208,-223,-96,129,9740,-9008,8832,-30,172,-211,-14848,4136,3572,-965,92,-111,-14804,-3096,5728,-483,102,-75,0
3682.0919771194453,10036,5100,11184,-331,-109,102,9764,-9412,8892,36,156,-198,-14636,4136,3756,-1037,90,-151,-14704,-3188,5620,-484,163,-82,0
3682.1277239322662,10064,5216,11300,-256,-99,101,9708,-9076,9152,-2,146,-196,-14652,3884,3796,-771,141,-117,-14820,-3184,5584,-463,172,-82,0
3682.1625330448155,10024,5244,11488,-277,-114,123,9500,-9116,8836,-34,147,-202,-14724,4268,3604,-987,145,-139,-14812,-3148,5648,-470,160,-102,0
3682.1977491378784,10148,5036,11268,-262,-185,153,9660,-9120,8812,-33,105,-207,-14656,4160,3336,-1016,171,-104,-14788,-2824,5776,-470,186,-52,0
3682.2333920001984,10064,5104,11080,-233,-146,175,9652,-9044,8840,27,73,-178,-14768,4092,3588,-1009,160,-86,-14688,-3224,5648,-453,130,-52,0
3682.2694039344788,10128,5196,10796,-268,-122,163,9784,-9008,8784,-25,117,-173,-14356,4328,3412,-992,82,-51,-14780,-3148,5764,-462,112,-77,0
3682.3044190406804,9948,5252,11368,-273,-56,157,9488,-9024,9044,-53,121,-166,-14620,4184,3508,-1002,112,-111,-14668,-3080,5608,-496,111,-68,0
3682.340234041214,9948,5040,11328,-243,-141,165,9488,-9108,8856,-19,125,-189,-14656,4124,3596,-1043,138,-98,-14688,-3060,5600,-489,173,-84,0
3682.3765320777893,9920,5008,11164,-275,-200,155,9528,-9124,8796,12,120,-235,-14648,4252,3608,-1057,123,-172,-14664,-3076,5652,-466,166,-102,0
3682.4097480773926,10112,5112,11124,-174,-149,117,9732,-9208,8872,40,139,-222,-14676,4204,3596,-1028,140,-125,-14800,-3172,5824,-488,152,-119,0
3682.4430589675903,10160,4872,11096,-170,-116,83,9744,-9088,8916,55,147,-7,-14556,4248,3688,-1009,85,-141,-14648,-3116,5724,-475,167,-185,0
3682.476768016815,10064,5224,11372,-159,-136,46,9632,-9088,8880,40,150,-233,-14644,4208,3560,-997,70,-176,-14776,-3152,5644,-468,209,-189,0
3682.5102040767674,10100,5152,11212,-170,-138,13,9880,-9080,8800,22,170,-257,-14572,3884,3576,-993,42,-161,-14780,-3172,5600,-460,198,-173,0
3682.543450117111,10212,5136,11468,-170,-105,44,9716,-9036,8852,-17,199,-241,-14604,4124,3656,-961,47,-115,-14808,-3164,5696,-428,204,-163,0
3682.576972961426,10144,5120,11128,-176,-127,72,9820,-9080,8912,-51,187,-245,-14688,4184,3624,-955,54,-98,-14792,-3180,5656,-456,198,-141,0
3682.6102681159973,10212,5108,11100,-170,-95,101,9820,-9016,9044,-24,152,-173,-14640,4116,3968,-996,61,-85,-14740,-3124,5648,-469,155,-133,0
3682.6434791088104,10080,5128,11072,-181,-61,100,9708,-9052,8792,-10,140,-145,-14644,4220,3416,-1006,73,-88,-14708,-3124,5580,-505,129,-135,0
3682.677325963974,10064,5196,11092,-162,-58,150,9700,-9040,8888,253,93,-144,-14676,4268,3728,-1022,105,-26,-14852,-3184,5584,-486,129,-96,0
3682.710823059082,10076,5192,11132,-144,-66,144,9756,-9072,9076,17,84,-157,-14576,4188,3544,-1052,104,-27,-14744,-3132,5608,-507,176,-93,0
3682.743930101394,10128,5320,11252,-156,-90,132,9700,-9104,8900,-15,115,-161,-14672,4092,3548,-981,85,-77,-14844,-3200,5720,-468,110,-101,0
3682.777375936508,10196,5240,11116,-119,-15,143,9776,-9012,8896,-86,122,-130,-14652,4180,3772,-1010,85,-61,-14736,-3136,5456,-466,106,-126,0
3682.8110399246216,10060,5048,11124,-175,-24,114,9748,-9100,8820,-35,97,-149,-14664,4156,3604,-1018,52,-22,-14676,-3184,5672,-494,104,-133,0
3682.8446741104126,10012,5148,11204,-154,-54,105,9496,-9140,8848,-52,111,-172,-14732,4184,3544,-1002,82,-32,-14840,-3128,5652,-466,97,-116,0
3682.8782660961147,10096,5088,11232,-112,-26,86,9592,-9176,8856,-100,112,-167,-14640,4252,3588,-1013,65,-45,-14760,-2820,5788,-449,84,-152,0
3682.9117970466614,10256,5004,11024,-181,-80,57,9760,-9208,8928,-49,137,-176,-14568,4344,3356,-1043,102,-94,-14744,-3064,5648,-509,126,-141,0
3682.9452109336853,10052,5060,11180,-124,-56,125,9772,-9044,8820,11,87,-144,-14708,4196,3572,-1089,160,-92,-14744,-3124,5692,-498,133,-120,0
3682.9789500236507,10012,5140,11196,-124,-45,100,9692,-9172,8860,-31,107,-135,-14348,4196,3624,-1045,104,-79,-14776,-2916,5860,-505,89,-164,0
3683.012622117996,10056,5372,11096,-88,-3,62,9772,-9072,8912,-16,153,-176,-14648,4108,3640,-1063,95,-33,-14696,-3176,5620,-498,75,-171,0
3683.0458369255066,10100,5272,11412,-111,-16,55,9804,-9096,8796,-33,184,-163,-14676,4048,3612,-1050,52,-58,-14740,-3156,5380,-492,111,-190,0
3683.0794520378113,10076,5300,11008,-83,10,34,9488,-9036,8968,-28,169,-183,-14568,4060,3552,-1026,55,-96,-14636,-3264,5852,-453,108,-162,0
3683.1129460334773,9976,5196,11260,-170,-66,70,9676,-8976,8772,-22,146,-218,-14612,4060,3704,-1031,68,-77,-14688,-3164,5652,-472,129,-164,0
3683.145931005478,10100,5196,11108,-128,-42,83,9736,-9076,8856,-10,109,-169,-14600,4128,3744,-1028,93,-83,-14700,-3060,5516,-472,121,-159,0
3683.1791999340053,10072,5244,11328,-143,-58,96,9624,-9064,8952,-24,108,-160,-14668,4248,3556,-1016,105,-64,-14656,-3228,5748,-762,149,-147,0
3683.2128860950475,10108,5224,11132,-113,-62,121,9796,-9080,8960,-42,112,-173,-14676,4168,3556,-1054,115,-86,-14740,-3184,5676,-487,124,-97,0
3683.2462339401245,10056,5208,11168,-106,-81,135,9704,-9104,8828,-51,101,-150,-14848,4172,3580,-1064,110,-43,-14760,-3224,5672,-484,131,-123,0
3683.2799911499023,9972,5196,11204,-155,-54,120,9880,-9000,8848,-37,88,-154,-14548,4564,3836,-1004,119,-64,-14672,-3188,5424,-469,129,-127,0
3683.3134329319005,10044,5212,11348,-164,-45,127,9804,-9068,9120,-60,119,-181,-14848,4224,3672,-941,113,-106,-14836,-3164,5720,-486,134,-137,0
3683.3470499515533,10020,5156,11128,-130,-49,117,9676,-9196,8876,-48,102,-149,-14656,4180,3656,-991,80,-66,-14752,-3108,5644,-503,106,-113,0
3683.383044958114,10088,5116,11456,-137,-48,134,9496,-9056,8832,-34,142,-178,-14820,4176,3436,-959,61,-49,-14648,-3140,5864,-480,165,-130,0
3683.42191696167,10056,4908,11188,-154,-78,79,9712,-9096,8824,-29,161,-178,-14704,4256,3700,-968,72,-89,-14768,-3208,5564,-484,173,-149,0
3683.458256959915,10076,5356,11228,-152,-93,96,9840,-9112,8976,-65,127,-197,-14600,4172,3476,-986,37,-134,-14724,-3196,5708,-493,173,-139,0
3683.4940350055695,10092,5288,11244,-160,-71,87,9736,-9080,8932,-34,139,-194,-14636,4164,3592,-986,47,-85,-14756,-3208,5660,-477,189,-148,0
3683.5291330814366,9736,5224,11260,-183,-57,98,9716,-9100,8772,-40,168,-174,-14752,4132,3676,-958,32,-116,-14788,-3272,5668,-447,138,-131,0
3683.5641770362854,10116,5224,11084,-154,-6,83,9500,-9088,8712,-91,157,-126,-14620,4240,3640,-936,17,-23,-14760,-3172,5624,-511,82,-151,0
3683.6001081466675,10084,5148,11152,-195,243,88,9648,-9156,8864,-23,150,-136,-14504,4180,3592,-989,30,-86,-14624,-3236,5768,-765,129,-103,0
3683.63527393341,10068,5256,11244,-184,-1,121,9724,-8932,8844,-53,2,-26,-14724,4208,3736,-1025,77,-48,-14808,-3248,5768,-470,126,-116,0
3683.6712400913243,10076,5188,11172,-212,-28,88,9752,-9132,9148,-74,129,-162,-14608,4236,3636,-999,41,-107,-14664,-3048,5616,-513,144,-102,0
3683.7077479362483,10084,5116,11272,-196,-46,100,9484,-9108,8856,-39,126,-174,-14564,4172,3584,-1029,108,-90,-14800,-3208,5556,-475,160,-66,0
3683.7427599430084,10044,5244,11204,-219,-52,101,9488,-9080,8736,-31,127,-129,-14696,4224,3812,-1064,85,-65,-14728,-3180,5648,-463,130,-95,0
3683.7776539325714,9968,5144,11164,-243,34,105,9960,-9148,8840,-37,168,-172,-14580,4268,3644,-1008,121,-85,-14636,-3296,5860,-455,49,-95,0
3683.813332080841,10044,5124,11188,-261,-10,101,9552,-9236,8820,-55,168,-171,-14628,4184,3616,-773,108,-105,-14688,-3136,5744,-462,132,-66,0
3683.8487420082092,9784,5180,11076,-240,-33,98,9948,-9152,8788,-27,192,-187,-14584,4216,3420,-1021,160,-143,-14632,-3152,5660,-482,136,-93,0
3683.8844549655914,10044,5124,11516,-280,-116,102,9924,-9080,8888,7,147,-256,-14524,4196,3588,-1031,152,-167,-14696,-3120,5704,-450,181,-84,0
3683.9205260276794,10024,5164,11060,-262,-126,124,9668,-9236,8916,-7,135,-224,-14720,4260,3732,-774,157,-173,-14708,-3252,5852,-473,156,-54,0
3683.955626964569,10092,5184,11196,-274,-141,127,9736,-9048,8936,-18,170,-217,-14684,4236,3616,-1032,174,-117,-14816,-3104,5692,-465,159,-62,0
3683.990958929062,10156,5152,11260,-285,-115,142,9732,-9080,8644,33,149,-228,-14660,4212,3712,-997,178,-193,-14740,-3172,5548,-443,166,-52,0
3684.027095079422,10012,5196,11080,-248,-147,161,9472,-9028,8944,13,132,-213,-14832,4152,3600,-993,158,-178,-14688,-3268,5556,-449,184,-78,0
3684.0626010894775,10056,5072,11412,-289,-170,138,9496,-9048,8908,-5,140,-222,-14672,4320,3724,-974,176,-160,-14684,-3136,5652,-442,180,-52,0
3684.0962440967564,10076,5148,11056,-272,-177,119,9964,-9044,8884,-9,145,-236,-14516,4240,3668,-973,134,-127,-14676,-3116,5644,-438,164,-96,0
3684.1298689842224,10056,5276,11224,-270,-166,142,9772,-9016,8956,27,167,-225,-14608,4164,3668,-970,100,-109,-14764,-3176,5840,-458,165,-94,0
3684.163141965866,10060,5200,11148,-269,-154,134,9752,-9032,8980,-25,153,-211,-14712,4180,3472,-954,113,-124,-14848,-3152,5792,-455,169,-88,0
3684.1969399452214,10204,5168,11220,-297,-153,135,9480,-9060,8872,-3,110,-217,-14580,4120,3772,-966,127,-118,-14728,-3096,5604,-460,189,-46,0
3684.2302689552307,10088,5164,11092,-278,-177,147,9828,-9080,8812,20,114,-237,-14676,4240,3748,-975,144,-148,-14664,-3040,5744,-475,180,-50,0
3684.2637240886693,10156,5132,10940,-507,-177,160,9764,-9164,8812,-12,118,-226,-14788,4136,3700,-1005,176,-122,-14700,-3028,5704,-451,158,-42,0
3684.2973189353943,10156,5120,11464,-251,-158,186,9708,-9112,8948,11,79,-218,-14580,4228,3356,-1276,169,-81,-14712,-3308,5380,-456,169,-25,0
3684.331001996994,10096,5340,11176,-507,-162,183,9668,-8972,8904,-37,111,-205,-14776,4208,3368,-1001,176,-106,-14812,-3144,5644,-461,113,-41,0
3684.3645210266113,10100,5044,11212,-198,-93,171,9780,-9108,8812,-33,95,-169,-14624,4180,3632,-993,171,-98,-14832,-3268,5864,-459,113,-68,0
3684.3979530334473,10200,5016,11204,-250,-153,182,9820,-9064,8748,8,125,-177,-14680,4156,3584,-1043,145,-103,-14700,-3108,5492,-463,161,-48,0
3684.4314279556274,10116,5156,11100,-175,-132,123,9860,-9044,8784,-49,91,-213,-14692,4024,3428,-985,115,-70,-14600,-3212,5760,-461,130,-104,0
3684.4647879600525,9988,4872,11036,-168,-163,127,9792,-9076,8904,-58,106,-234,-14612,4244,3472,-1007,123,-130,-14748,-2844,5880,-490,211,-129,0
3684.498286008835,10144,5232,11040,-133,-220,139,9528,-9076,8860,-24,89,-203,-14588,4152,3380,-1064,178,-122,-14804,-3012,5600,-483,197,-88,0
3684.532156944275,10228,5064,10996,-129,-152,162,9840,-9076,8852,-24,55,-187,-14596,4104,3344,-1045,168,-104,-14724,-3212,5780,-263,143,-130,0
3684.5655291080475,10184,5084,10932,-118,-67,124,9852,-9004,8788,2,87,-161,-14820,4120,3692,-1014,152,-69,-14768,-2900,5724,-496,97,-113,0
3684.5992619991302,10156,5248,11040,-107,-51,127,9708,-9072,9196,-29,81,-136,-14608,4096,3344,-1078,135,-50,-14760,-3288,5856,-466,132,-125,0
3684.6327130794525,10184,5112,11148,-122,-63,138,9784,-9084,8824,-9,116,-164,-14652,4144,3548,-1035,123,-71,-14724,-3140,5640,-501,155,-115,0
3684.6660530567174,10200,5048,11132,-77,-61,91,9764,-9048,8868,4,130,-185,-14612,4120,3720,-1021,106,-82,-14784,-3276,5684,-478,200,-173,0
3684.699923992157,10204,5056,11024,-84,-51,103,9768,-9124,8960,-33,103,-185,-14608,4176,3480,-1046,123,-148,-14812,-3140,5804,-482,179,-87,0
3684.7334611415863,10144,5108,11344,-102,-49,62,9928,-9088,8908,-21,133,-187,-14704,4148,3648,-996,82,-46,-14932,-3040,5668,-499,101,-165,0
3684.7671320438385,10108,4976,11280,-124,-15,60,9744,-9124,8784,-36,171,-174,-14660,4220,3448,-988,77,-38,-14788,-3140,5548,-510,125,-173,0
3684.8007559776306,10192,5108,11184,-102,-67,70,9764,-9060,8704,-3,130,-191,-14500,4348,3652,-996,69,-65,-14712,-2832,5700,-529,185,-175,0
3684.8341109752655,9864,5364,11184,-122,-62,94,9732,-9132,8820,-65,133,-167,-14836,4284,3332,-957,72,-73,-14768,-3184,5784,-503,193,-151,0
3684.8679170608525,10180,5148,11132,-85,-87,93,9804,-8976,8896,-79,134,-201,-14656,3892,3412,-986,65,-102,-15036,-3068,5788,-501,149,-142,0
3684.9013609886174,10188,5100,11340,-134,-44,60,9756,-9172,8936,-45,136,-202,-14616,4072,3728,-978,56,-90,-14768,-3088,5660,-530,176,-141,0
3684.9348709583282,10176,5220,11132,-162,-48,110,9760,-9068,8912,13,127,-167,-14560,4128,3588,-994,72,-30,-14820,-3164,5760,-484,183,-163,0
3684.9683039188385,10160,5208,11144,-101,-47,85,9760,-8984,8848,-66,124,-179,-14688,4164,3628,-978,94,-55,-14760,-3084,5728,-494,134,-157,0
3685.0016191005698,10076,5120,11192,-139,-53,84,9828,-9096,8868,-31,137,-165,-14676,4236,3580,-978,14,-85,-14688,-3024,5632,-489,106,-177,0
3685.0352220535283,10220,5200,11104,-140,-36,105,9740,-9096,8952,-49,111,-137,-14752,4312,3368,-1000,61,-59,-14696,-3160,5568,-493,88,-141,0
3685.071361064912,10204,5260,11036,-115,17,124,9804,-8964,8784,-45,89,-153,-14600,4080,3576,-990,25,-19,-14768,-3148,5632,-504,74,-167,0
3685.107649087906,10140,5176,11104,-110,-25,111,9928,-9064,8820,-81,90,-121,-14600,4148,3832,-997,54,246,-14708,-3140,5700,-498,82,-154,0
3685.142879962921,10088,4872,11236,-164,-57,102,9972,-9144,8828,-91,123,-139,-14556,4140,3712,-769,46,-49,-14632,-3168,5636,-508,121,-138,0
3685.1777141094212,10172,5200,11120,-120,-50,129,9788,-9072,8852,-50,94,-159,-14652,4292,3792,-773,61,-25,-14720,-3068,5744,-505,110,-142,0
3685.213350057602,10080,5164,11016,-123,-42,99,9644,-8996,8784,-38,95,-173,-14624,4292,3752,-1036,99,-72,-14644,-3104,5848,-487,135,-160,0
3685.2492089271545,10160,5160,11092,-134,-45,118,9716,-9168,8800,-43,114,-155,-14384,4332,3340,-1015,52,-40,-14740,-3192,5720,-503,130,-131,0
3685.2841711044316,10120,5168,11100,-138,-74,68,9760,-9152,8824,-10,150,-189,-14532,4288,3544,-1052,79,-107,-14740,-3148,5792,-768,119,-148,0
3685.3190491199493,10108,5200,11188,-148,-93,105,9476,-9156,8896,-71,118,-165,-14596,4176,3700,-1039,83,-22,-14768,-3160,5668,-482,128,-164,0
3685.3544969558716,10120,5252,11144,-146,-81,93,9736,-9060,8952,-70,132,-180,-14528,4252,3812,-1278,90,-29,-14652,-3204,5684,-494,98,-162,0
3685.390465974808,10200,5124,11044,-129,-22,89,9840,-9000,8804,-43,154,-174,-14588,4100,3504,-772,123,-34,-14676,-3076,5536,-487,84,-147,0
3685.4254479408264,10060,5260,11184,-136,7,93,9732,-9088,8924,-15,234,-87,-14608,4228,3596,-1276,118,-83,-14724,-3204,5568,-768,107,-146,0
3685.460834026336,10004,5212,10988,-145,-38,99,9772,-9152,8936,-25,107,-166,-14596,4172,3596,-1280,115,-65,-14736,-3216,5776,-495,132,-148,0
3685.4954991340637,10092,5252,10944,-145,-81,97,9712,-9012,8876,-17,135,-177,-14644,4248,3716,-1027,118,-112,-14720,-3260,5644,-485,159,-118,0
3685.5318210124974,10232,5252,11144,-144,-48,106,9692,-9040,8868,-35,132,-185,-14664,4236,3852,-1023,127,-64,-14640,-3200,5712,-266,156,-128,0
3685.567934036256,10160,5272,11048,-144,-62,103,9760,-9144,8908,-30,139,-161,-14708,4112,3608,-999,127,-105,-14628,-3244,5700,-473,137,-92,0
3685.6026699543004,10120,5244,11140,-189,-54,88,9952,-9144,8952,-32,136,-164,-14656,4248,3476,-998,95,-74,-14788,-2864,5744,-459,145,-82,0
3685.6386001110077,10028,5264,11016,-210,-47,103,9708,-9184,8748,-35,160,-159,-14624,4160,3708,-980,89,-79,-14844,-3224,5656,-480,137,-112,0
3685.673623085022,10032,5220,11100,-183,-86,121,9752,-9128,8940,-45,151,-178,-14652,4212,3700,-980,69,-77,-14728,-3204,5700,-469,149,-132,0
3685.709613084793,10064,5224,11216,-205,-91,123,9736,-9080,8844,-42,153,-208,-14588,4192,3596,-975,89,-116,-14728,-2820,5640,-502,171,-63,0
3685.7451400756836,10052,5260,11212,-210,-109,128,9820,-9068,8756,-25,151,-205,-14552,4160,3604,-972,99,-118,-15036,-3188,5664,-499,197,-72,0
3685.7786431312566,10140,5292,11212,-249,-100,123,9752,-9124,8920,-35,155,-213,-14568,4160,3608,-966,107,-125,-14748,-3180,5660,-485,157,-101,0
3685.8123281002045,10136,5224,11116,-234,-92,109,9740,-9128,8988,-36,156,-204,-14584,4244,3540,-995,50,-139,-14632,-3164,5736,-478,160,-99,0
3685.8457159996033,10132,5236,11148,-238,-104,106,9776,-9104,8932,-32,130,-210,-14572,4264,3560,-978,110,-106,-14740,-3240,5572,-481,154,-80,0
3685.8793671131134,10072,5200,11136,-286,-122,136,9960,-9048,8884,-53,135,-187,-14644,4124,3584,-947,88,-83,-14812,-3220,5796,-449,95,-67,0
3685.9129910469055,10196,5164,11100,-252,-82,109,9724,-9424,8824,-43,161,-177,-14672,4160,3636,-976,41,-63,-14696,-3176,5724,-511,83,-126,0
3685.9466850757603,10124,5140,11020,-260,-76,113,9748,-9072,8720,8,136,-191,-14616,4160,3808,-1017,119,-89,-14740,-3136,5696,-503,147,-91,0
3685.9802739620213,10136,5292,11080,-216,-47,119,9752,-9000,8792,-36,144,-197,-14548,4248,3636,-984,96,-143,-14724,-3180,5604,-464,133,-97,0
3686.013831138611,10188,5148,11212,-265,-103,117,9904,-9140,8936,-16,144,-249,-14588,4232,3464,-999,109,-143,-14800,-3040,5628,-488,192,-66,0
3686.0474281311035,10148,5224,11164,-271,-118,116,9812,-9128,8848,-1,125,-224,-14620,4148,3660,-1049,102,-89,-14452,-3096,5604,-451,165,-76,0
3686.0809230804443,10120,5224,11012,-278,-107,143,9976,-9104,8820,-32,157,-173,-14612,4268,3600,-1023,109,-73,-14804,-3172,5824,-454,110,-102,0
3686.114344120025,10104,5128,11184,-283,-102,124,9508,-8968,8784,-41,146,-186,-14804,4208,3616,-970,113,-108,-14648,-3100,5636,-462,85,-85,0
3686.1477570533752,10048,5116,11232,-295,-62,145,9816,-9000,8952,-61,165,-172,-14360,4004,3696,-974,115,-93,-14640,-3208,5884,-478,102,-60,0
3686.1813011169434,10048,5088,11212,-238,-87,135,9716,-9028,8800,-249,165,-208,-14652,4136,3720,-995,180,-115,-14704,-3088,5872,-446,160,-49,0
3686.2148571014404,10148,5152,11128,-286,-178,139,9720,-9140,8708,-15,129,-226,-14508,4212,3764,-1000,175,-163,-14708,-3104,5880,-460,188,-48,0
3686.248286008835,10048,5144,11148,-235,-162,146,9736,-9116,8820,-37,70,-245,-14604,4132,3780,-973,150,-130,-14828,-3124,5632,-460,181,-51,0
3686.281814098358,10148,5120,11260,-11,-163,134,9800,-9060,9152,25,97,-236,-14724,4196,3712,-1002,163,-140,-14788,-3080,5708,-481,174,-61,0
3686.315423965454,9992,5200,11212,-5,-161,155,9848,-9160,8860,34,141,-221,-14656,4152,3692,-1020,201,-115,-14704,-3148,5428,-482,165,-53,0
3686.3491570949554,10168,5276,11028,-254,-140,173,9684,-9020,8740,10,140,-217,-14376,4220,3488,-769,177,-118,-14752,-3084,5744,-486,161,-70,0
3686.38246703148,10240,4888,11248,-261,-168,159,9960,-9076,8888,-18,115,-221,-14704,4196,3648,-993,169,-89,-14708,-3148,5776,-460,169,-89,0
3686.4158720970154,10140,5056,11196,-255,-203,161,9964,-9112,8708,-21,83,-237,-14644,4076,3584,-986,136,-165,-14796,-3180,5688,-491,202,-80,0
3686.4493191242213,10156,4868,11148,-193,-231,121,9752,-9076,8880,251,96,-281,-14568,4252,3484,-1009,128,-141,-14732,-3196,5568,-465,197,-109,0
3686.4829199314117,10468,5108,11084,-153,-205,123,9796,-9096,8840,5,93,-257,-14712,4120,3556,-983,126,-153,-15036,-3048,5560,-469,197,-150,0
3686.516590118408,10224,5100,10864,-139,-131,68,9788,-8956,8820,-19,138,-208,-14656,4320,3288,-997,72,-76,-14736,-3144,5720,-459,161,-158,0
3686.5500919818883,10268,5052,11100,-158,-115,64,9792,-8996,8780,-37,161,-185,-14644,4332,3340,-976,81,-70,-14632,-3044,5608,-450,145,-133,0
3686.5834701061253,10268,5060,11140,-207,-114,117,9840,-9176,8860,-62,167,-146,-14824,4152,3560,-946,88,-28,-14716,-2992,5676,-442,81,-90,0
3686.6174330711365,10188,5116,11220,-198,-22,162,9656,-9100,8748,-80,125,-107,-14676,4232,3792,-998,86,243,-14712,-3080,5712,-490,43,-112,0
3686.6507139205933,10220,5148,11012,-185,-47,165,9764,-9100,8888,-36,93,-91,-14632,4192,3592,-1056,87,236,-14644,-3088,5688,-503,119,-113,0
3686.6843309402466,9732,5236,11064,-122,-80,190,9712,-8956,8900,-31,62,-136,-14620,4164,3536,-1048,126,-6,-14636,-3092,5840,-259,106,-128,0
3686.7179429531093,10024,4872,11208,-97,-97,128,9700,-9132,8856,-56,56,-159,-14684,4200,3684,-1013,54,-73,-14812,-3112,5704,-508,120,-129,0
3686.753835916519,10160,4996,11116,-149,-90,75,9832,-9092,8828,-26,99,-164,-14840,4260,3516,-772,61,-78,-14696,-3012,5652,-487,132,-166,0
3686.789799928665,10312,4912,11072,-82,-34,108,9860,-9044,8736,-43,91,-146,-14620,3900,3692,-985,77,14,-14760,-3164,5668,-437,101,-136,0
3686.8250670433044,10268,5096,10996,-115,-29,123,9840,-9124,8764,-74,143,-114,-14640,4196,3384,-988,51,11,-14748,-3296,5596,-463,56,-183,0
3686.8606340885162,10188,5120,11252,-131,-8,115,9812,-9116,8848,-80,78,-110,-14808,4188,3332,-1019,88,-8,-14632,-3140,5812,-488,94,-132,0
3686.896148920059,10132,5016,11024,-106,-15,115,9840,-9140,8816,-35,87,-131,-14692,4156,3472,-1087,117,-77,-14812,-3084,5784,-482,95,-147,0
3686.9318399429326,10220,5184,11188,-124,-67,112,9768,-9164,8820,-7,98,-156,-14588,4312,3648,-1074,108,-56,-14644,-3312,5380,-524,177,-150,0
3686.9680840969086,10104,5088,11172,-62,-45,104,9744,-9120,8748,3,129,-162,-14608,4140,4004,-1040,98,-81,-14724,-3168,5716,-494,146,-184,0
3687.0031819343562,10228,5180,11044,-81,-52,85,9844,-9060,8844,-23,130,-192,-14628,4144,3724,-1275,41,-87,-14732,-3196,5740,-502,139,-204,0
3687.0392019748692,10080,5200,11188,-70,-12,47,9576,-9124,8728,-38,114,-165,-14548,4152,3808,-1044,93,-58,-14772,-3072,5744,-506,82,-153,0
3687.074937105178,10204,5208,11120,-144,-52,76,9768,-9132,8860,-82,131,-156,-14620,4204,3688,-1040,116,-60,-14732,-3196,5804,-470,100,-146,0
3687.110335111618,10468,5368,11120,-148,-48,109,9740,-9032,8900,-66,137,-151,-14592,4100,3740,-973,113,-33,-14680,-3136,5700,-762,101,-134,0
3687.145362138748,10164,5140,10848,-137,-62,123,9772,-9000,9176,-85,99,-134,-14632,4200,3396,-995,124,-59,-14652,-3176,5748,-487,109,-127,0
3687.1808409690852,10076,5172,11144,-117,-55,109,9728,-9116,8824,-43,134,-164,-14836,4196,3804,-1012,97,-20,-14724,-3084,5668,-512,130,-116,0
3687.2162461280823,10296,5208,11080,-132,-43,102,9888,-9032,8736,-54,111,-170,-14600,4220,3608,-1011,100,-86,-14700,-3216,5828,-505,150,-110,0
3687.2524499893198,10236,5168,11020,-147,-28,109,9916,-9040,8840,-14,132,-168,-14544,4184,3584,-991,89,-61,-14344,-3188,5736,-472,175,-139,0
3687.2876551151276,10228,5212,11064,-184,-15,76,9548,-9084,8584,-42,168,-172,-14584,4240,3712,-984,68,-76,-14784,-3196,5780,-475,137,-125,0
3687.3233730793004,10160,5148,11128,-186,-57,78,9792,-9136,8860,-72,183,-156,-14632,4260,3552,-982,43,-67,-14732,-3112,5828,-493,130,-132,0
3687.3593599796295,10148,5356,11228,-259,-31,108,9720,-9196,8792,-26,168,-178,-14788,4208,3684,-1029,59,-68,-14692,-3204,5736,-481,159,-86,0
3687.3944690227518,10128,5220,11080,-510,-45,125,9828,-8996,8864,-75,173,-170,-14668,4232,3688,-977,117,-130,-14692,-3244,5624,-479,128,-85,0
3687.4303760528564,10228,5212,11248,-299,-82,107,9852,-9116,8916,-83,149,-217,-14704,4228,3540,-979,104,-134,-14708,-3076,5812,-484,189,-132,0
3687.463366985321,10092,5180,11004,-279,-56,96,9832,-9160,8776,-24,133,-223,-14660,4064,3564,-772,120,-81,-14824,-2912,5740,-508,168,-93,0
3687.4969279766083,10104,5372,11100,-240,-14,98,9776,-9072,8732,-22,127,-191,-14580,4292,3780,-1001,116,-76,-14636,-3204,5712,-448,184,-88,0
3687.5305070877075,10088,4872,11080,-241,-58,105,9740,-9080,8744,-19,166,-208,-14560,4132,3676,-970,109,-142,-14632,-3152,5776,-433,158,-77,0
3687.5636961460114,10016,5120,11080,-255,-79,123,9732,-9120,8832,-23,173,-193,-14708,4232,3636,-975,113,-135,-14748,-3128,5712,-481,176,-98,0
3687.5973560810094,10220,5356,11116,-282,-106,140,9780,-9024,8928,-9,160,-183,-14624,4164,3496,-1054,158,-126,-14776,-3144,5812,-448,202,-73,0
3687.6303601264954,10264,5260,11104,-333,-149,143,9688,-9072,8916,-5,168,-253,-14600,4280,3628,-1013,183,-144,-14696,-3016,5764,-478,176,-52,0
3687.6634190082555,10044,5144,11040,-302,-153,162,9828,-9084,8896,-16,92,-189,-14544,4204,3696,-1024,107,-151,-14680,-3120,5408,-161,297,253,0
3687.6971230506892,10012,5104,11248,-267,19,197,9804,-9160,8900,48,202,-221,-14648,4164,3508,-809,31,-107,-14840,-3132,5980,-472,427,-94,0
3687.7307231426244,10272,5220,11236,-468,-97,153,9764,-9168,8828,47,145,-218,-14512,4132,3656,-928,79,-106,-14760,-3152,5452,-352,400,-72,0
3687.7641479969025,10172,5112,11096,-466,-103,192,9832,-9212,8860,-254,155,-214,-14672,4196,3516,-998,176,-152,-14788,-3064,6072,-582,19,-69,0
3687.7975440025334,10148,5048,11084,-42,-217,125,9800,-9100,8868,-71,62,-217,-14388,4160,3444,-1124,240,-151,-14668,-3048,5776,-767,24,-77,0
3687.8310811519623,10132,5132,11152,-103,-118,95,9496,-9104,8840,-59,101,-229,-14632,4264,3368,-1068,180,-127,-14752,-3080,5680,-531,48,-71,0
3687.8645620346074,10304,5028,11024,-219,-180,146,9536,-9072,8716,-48,117,-214,-14732,4152,3696,-1025,164,-129,-14844,-3116,5824,-261,56,-91,0
3687.8977649211884,10092,5040,11168,-8,-162,136,9692,-9052,8836,-35,111,-191,-14648,4128,3528,-1005,148,-89,-14704,-3092,5648,-534,91,-84,0
3687.9314279556274,10168,5100,11352,-511,-140,126,9804,-9108,8856,-17,122,-216,-14624,4176,3636,-998,158,-101,-14740,-3156,5776,-482,106,-76,0
3687.964874982834,10136,5048,11112,-233,-193,143,9796,-9064,8860,-43,102,-220,-14592,4228,3664,-1001,138,-103,-14764,-3068,5728,-507,167,-75,0
3687.9984369277954,10220,5008,11100,-138,-170,166,9756,-9032,8900,-38,24,-206,-14644,4204,3420,-1003,164,-107,-14904,-3136,5604,-507,143,-84,0
3688.0319170951843,10272,5040,11160,-110,-119,134,9940,-9044,8796,-50,93,-168,-14684,4232,3668,-1001,75,-88,-14824,-3196,5712,-541,104,-154,0
3688.0653169155125,10304,5136,10940,-145,-88,134,9744,-8948,8712,-12,112,-175,-14692,4136,3444,-783,95,-60,-14764,-3144,5548,-479,124,-119,0
3688.098776102066,10272,5192,11040,-65,-5,75,9772,-8984,8756,-64,100,-172,-14652,4016,3356,-991,84,-63,-14828,-3132,5692,-474,120,-133,0
3688.1321949958806,10256,5180,11124,-134,-69,63,9860,-9104,8800,-30,147,-181,-14700,4124,3704,-1043,67,-56,-14748,-3084,5636,-488,167,-130,0
3688.1655631065373,10376,5156,11176,-133,-48,105,9828,-9040,8824,-252,102,-139,-14612,4224,3616,-1039,89,-253,-14684,-3148,5764,-495,117,-121,0
3688.1991329193115,10240,5108,11068,-92,-12,123,9792,-9088,8948,-39,98,-125,-14644,4204,3708,-1275,95,-51,-14716,-3184,5608,-491,102,-146,0
3688.232614994049,10180,5004,11148,-129,-43,114,9496,-9108,8992,-78,120,-144,-14624,4240,3528,-1009,71,-51,-14732,-3084,5692,-484,93,-159,0
3688.2661070823674,10448,5092,11248,-123,-36,84,9908,-9056,8808,-54,134,-148,-14668,4156,3668,-1015,63,-23,-14724,-3100,5620,-266,76,-162,0
3688.300050973892,10228,5132,10924,-100,-28,74,9844,-9152,8532,-14,165,-161,-14360,4188,3460,-1035,62,-48,-14712,-3016,5712,-522,121,-180,0
3688.333692073822,10148,5016,11120,-126,-45,69,9576,-9020,8748,-5,132,-210,-14568,4184,3764,-1270,74,-86,-14784,-3088,5696,-543,131,-162,0
3688.367285966873,10256,5096,11124,-89,-36,44,9740,-9120,8788,-254,85,-207,-14824,4184,3356,-1070,97,-91,-14812,-3152,5800,-503,110,-145,0
3688.404814004898,10052,5108,11068,-90,-54,57,9760,-8984,8796,-21,115,-183,-14644,4272,3600,-1271,91,-94,-14680,-3132,5636,-506,161,-176,0
3688.4417340755463,9984,5112,11140,-44,-154,75,9792,-8964,8940,-34,129,-191,-14580,4216,3632,-775,85,-88,-14644,-3164,5664,-486,137,-145,0
3688.477760076522,10180,5220,11112,-115,-51,104,9696,-9040,8828,-47,96,-162,-14344,4188,3704,-1019,81,-54,-14796,-3164,5680,-467,84,-187,0
3688.5128040313725,10200,5192,11036,-79,-43,100,9692,-9040,8828,-40,143,-171,-14508,4192,3804,-992,60,-30,-14696,-3172,5760,-530,74,-156,0
3688.5477011203766,10112,5208,11300,-103,-35,111,9740,-8812,8948,-54,122,-107,-14712,3884,3668,-1016,98,222,-14688,-3264,5572,-478,109,-149,0
3688.5837180614476,10264,5128,11124,-97,46,103,9784,-9056,8848,-8,128,-159,-14548,4136,3584,-1062,75,-97,-14760,-3080,5760,-492,143,-120,0
3688.619259119034,10120,5144,10752,-137,-41,134,9824,-9116,8928,-15,119,-174,-14544,4148,3396,-1064,147,-11,-14636,-3048,5788,-461,110,-102,0
3688.654062986374,10148,4908,11216,-141,-58,112,9776,-9168,8812,-70,101,-173,-14536,4212,3836,-1010,112,-68,-14652,-3128,5736,-457,168,-129,0
3688.690036058426,10124,5220,11040,-118,-85,133,9824,-9064,8592,-84,98,-159,-14680,4252,3444,-1003,115,-30,-14788,-3316,5712,-483,110,-133,0
3688.7253029346466,10268,5052,11072,-121,-68,109,9828,-9080,8940,-82,102,-148,-14624,4188,3664,-1280,67,-27,-14672,-3108,5640,-509,108,-149,0
3688.7607870101933,10112,5068,11384,-177,-59,101,9828,-9012,8844,-53,119,-170,-14600,4164,3472,-1279,62,-66,-14756,-3204,5772,-462,145,-137,0
3688.7960619926453,10452,5180,11032,-145,-46,73,9840,-9080,8800,-84,106,-137,-14640,4204,3668,-1019,56,-51,-14776,-3196,5800,-491,129,-149,0
3688.8320190906525,10180,5368,11260,-173,-54,71,9636,-9116,8756,-14,203,-180,-14524,4244,3740,-1038,25,-46,-14716,-3060,5800,-462,121,-152,0
3688.8678710460663,10100,5136,10972,-144,-44,90,9840,-9128,8800,-27,115,-145,-14848,4100,3736,-1007,68,-26,-14604,-3128,5812,-489,186,-173,0
3688.9033370018005,10236,5188,11072,-164,-52,97,9900,-9036,8900,-14,148,-118,-14340,4212,3668,-994,67,-45,-14648,-3268,5636,-562,170,-182,0
3688.9391379356384,10112,5188,10760,-137,1,83,9788,-9236,9012,-80,134,-143,-14608,4188,3832,-972,72,-41,-14708,-3200,5728,-491,168,-137,0
3688.9741039276123,10112,5256,11072,-172,-6,77,9792,-8964,8928,-55,136,-166,-14612,4176,3620,-1058,119,-92,-14672,-3272,5884,-446,117,-124,0
3689.0090320110326,10216,5316,11268,-150,-40,86,9772,-9084,8832,-24,150,-183,-14384,4292,3636,-1044,126,-52,-14600,-3196,5780,-431,124,-91,0
3689.0450210571294,10120,5188,11172,-210,-21,98,9704,-9176,8744,-41,150,-180,-14508,4308,3716,-1050,118,-76,-14716,-3232,5876,-415,106,-32,0
3689.0823941230774,10132,5200,11108,-311,-93,142,9744,-9112,8984,3,131,-199,-14484,4232,3608,-995,107,-114,-14684,-3248,5928,-438,155,-57,0
3689.1160061359406,10148,5172,10968,-301,-77,115,9812,-9208,8960,-24,146,-221,-14848,4244,3572,-979,107,-106,-14760,-3128,5660,-479,112,-68,0
3689.1492710113525,9996,5168,11028,-273,-85,136,9728,-9132,8996,-56,109,-189,-14600,4252,3688,-993,125,-121,-14668,-2836,5788,-485,165,-44,0
3689.1825871467595,10156,5128,10800,-292,-107,138,9756,-9124,8724,-26,155,-215,-14800,4192,3604,-978,161,-161,-14612,-3284,6036,-460,155,-55,0
3689.216138124466,10036,5192,10988,-317,-63,134,9736,-9060,8764,-57,157,-233,-14664,4288,3704,-984,194,-166,-14736,-3288,5588,-461,210,-74,0
3689.249624013901,10476,5048,11172,-335,-96,126,9896,-9056,8760,-14,178,-244,-14608,4272,3580,-1049,145,-111,-14824,-3012,5748,-421,189,-43,0
3689.2829179763794,10208,4868,11100,-326,-135,120,9812,-9148,8960,254,142,-210,-14696,4244,3668,-1007,177,-177,-14740,-2928,5832,-438,183,-57,0
3689.3166830539703,10344,5224,10960,-306,-152,139,9832,-9116,8768,39,130,-239,-14652,4160,3568,-1016,161,-175,-14748,-3100,5772,-507,185,-86,0
3689.350296974182,10288,5168,11112,-273,-140,110,9788,-9084,8776,55,116,-258,-14712,4272,3572,-1057,130,-159,-14700,-3120,5744,-510,153,-93,0
3689.3834869861603,10200,5128,11180,-250,-106,128,9880,-9076,8752,31,137,-246,-14652,4120,3684,-1003,111,-142,-14668,-3108,5852,-473,205,-85,0
3689.4170949459076,10240,5140,10900,-247,-159,85,9848,-9088,8816,23,164,-286,-14588,4276,3836,-997,96,-158,-14628,-3196,5432,-468,173,-125,0
3689.4506020545964,10220,5088,10992,-222,-136,70,9812,-8956,8856,-2,191,-252,-14648,4204,3744,-964,97,-153,-14828,-3304,5780,-438,125,-152,0
3689.484235048294,10284,5072,11072,-270,-110,22,9848,-9184,8748,46,198,-250,-14660,4180,3556,-1000,35,-193,-14656,-3168,5800,-423,177,-152,0
3689.5176911354065,10260,5124,10816,-308,-162,81,9728,-8964,8856,41,173,-272,-14588,4084,3436,-977,80,-176,-14652,-3204,5704,-424,162,-136,0
3689.5513260364532,10164,4916,11040,-184,-165,71,9880,-9116,8752,-16,158,-228,-14808,4204,3580,-967,75,-172,-14736,-3180,5732,-428,126,-120,0
3689.5849590301514,10308,5068,10756,-508,-160,100,9840,-9052,8840,248,157,-4,-14624,4252,3640,-986,71,-127,-14692,-3164,5648,-439,173,-124,0
3689.61847114563,10292,4984,11080,-227,-179,127,9816,-9132,8772,-1,106,-230,-14620,4276,3504,-1047,139,-146,-14784,-3060,5608,-446,186,-125,0
3689.6517810821533,10464,5360,10932,-180,-173,165,9812,-9032,8824,-32,84,-185,-14668,4204,3768,-1070,111,-109,-14708,-3092,5660,-464,138,-112,0
3689.6849410533905,10192,5032,11140,-154,-154,140,9788,-9092,8752,-45,91,-196,-14628,4164,3832,-1013,127,-31,-14744,-3264,5616,-497,122,-77,0
3689.7184460163116,10356,5168,11224,-66,-91,153,9860,-8988,8940,-54,74,-154,-14372,4112,3476,-1067,126,-32,-14768,-3064,5628,-436,95,-69,0
3689.751919031143,10224,5192,10956,-98,-84,134,9956,-8956,8908,-48,48,-161,-14804,3860,3348,-1060,161,-48,-14708,-2980,5780,-453,124,-93,0
3689.78550696373,10436,5072,11144,-152,-93,150,9852,-9032,8804,-22,73,-162,-14612,4124,3808,-1074,156,-78,-14712,-3168,5440,-447,112,-121,0
3689.8191471099854,10328,5300,11100,-96,-36,126,9848,-9112,8816,-43,90,-132,-14648,4160,3828,-1278,111,-49,-14676,-3076,5824,-486,99,-135,0
3689.8529851436615,10252,5092,11204,-109,-59,111,9772,-9056,8764,-35,115,-154,-14652,4200,3372,-1034,111,-47,-14744,-3072,5676,-446,104,-142,0
3689.8865699768066,10300,5104,11248,-110,-61,100,9816,-9040,8868,-51,105,-146,-14704,4084,3780,-1061,101,-23,-14760,-3108,5744,-481,162,-90,0
3689.9200401306152,10244,5120,10816,-111,-57,113,9864,-8968,8704,-56,103,-158,-14616,4216,3536,-1015,102,-29,-14708,-3068,5692,-475,111,-135,0
3689.9536600112915,10448,4876,11072,-138,3,96,9832,-9088,8808,-76,134,-172,-14692,4176,3704,-1031,95,-76,-14652,-2888,5864,-470,67,-131,0
3689.98735499382,10256,5024,11192,-101,-31,58,9828,-9164,8820,-63,114,-160,-14584,4228,3664,-1043,49,-64,-14760,-3080,5664,-474,104,-193,0
3690.0210361480713,10080,5032,11088,-130,-71,92,9772,-9076,8916,28,71,-170,-14604,4092,3576,-1053,107,-89,-14620,-3092,5552,-464,157,-159,0
3690.0548141002655,10080,5168,11128,-74,-14,79,9840,-8908,8756,-25,95,-205,-14636,4064,3660,-988,108,-88,-14776,-3168,5708,-493,167,-181,0
3690.0881259441376,10372,5180,11240,-63,-91,51,9744,-9164,8540,-37,154,-234,-14676,4216,3764,-997,74,-93,-14792,-3092,5796,-500,145,-173,0
3690.1246609687805,10292,5208,10912,-164,-79,84,9804,-9036,8748,-12,109,-189,-14824,4172,3660,-1003,51,-94,-14832,-3180,5760,-502,120,-138,0
3690.1606929302216,10328,5208,11008,-142,-66,103,9808,-8756,8712,-21,126,-150,-14468,4084,3648,-1023,51,-42,-14756,-3108,5408,-475,81,-175,0
3690.195939064026,10280,5212,11132,-130,-21,108,9916,-8980,8904,-120,137,-141,-14760,4188,3784,-944,18,241,-14808,-3072,5636,-536,44,-186,0
3690.2313251495366,10488,5204,10804,-120,-9,60,9848,-9064,8764,-107,187,-83,-14564,4208,3520,-955,26,-246,-14692,-3188,5704,-512,81,-182,0
3690.267648935318,10436,4880,11140,-100,-7,101,9800,-9192,8864,-79,125,-144,-14600,4348,3744,-1023,61,-60,-14624,-3164,5612,-491,140,-122,0
3690.3029379844666,9992,5220,11204,-110,-63,103,9816,-9116,8688,-70,53,-175,-14648,4228,3540,-998,72,-46,-14716,-3036,5744,-469,151,-125,0
3690.3393311500554,10228,4904,11176,-108,-30,107,9876,-9104,8812,-23,121,-174,-14692,4188,3484,-1014,74,-55,-14716,-3060,5912,-497,151,-144,0
3690.3750879764557,9992,5136,11040,-135,-20,110,9848,-9112,8728,17,154,-150,-14668,4200,3776,-1031,102,-38,-14672,-3228,5848,-258,142,-131,0
3690.4108810424805,10240,5248,11024,-114,-77,111,9852,-9084,8728,-33,101,-165,-14760,4516,4044,-997,102,-76,-14760,-3092,5864,-549,128,-142,0
3690.4461150169373,10188,5216,11024,-108,-22,76,9820,-9096,8764,-61,128,-138,-14848,4240,3700,-999,104,-4,-14648,-3200,5784,-258,93,-153,0
3690.4826600551605,10168,5148,10780,-169,-5,84,9740,-9052,8836,-93,126,-154,-14832,4180,3688,-997,71,-19,-14696,-3052,5848,-534,142,-121,0
3690.518831014633,10104,5172,10972,-136,-40,78,9812,-9056,8836,-15,157,-174,-14644,4288,3452,-975,103,-98,-14824,-3232,5752,-524,138,-142,0
3690.5539901256566,10128,5160,11256,-128,-65,91,9852,-9080,8908,-45,162,-165,-14540,4276,3632,-985,95,-81,-14364,-3240,5752,-494,192,-158,0
3690.5902390480046,10192,5188,11260,-156,-66,78,9908,-9092,8936,-41,153,-209,-14660,4180,3756,-996,100,-91,-14688,-3108,5776,-508,194,-138,0
3690.6255779266357,10172,5212,11136,-144,-37,98,9772,-9100,8880,-23,135,-190,-14600,4096,3644,-980,95,-94,-14688,-3228,5864,-496,165,-135,0
3690.6613569259644,10124,5224,11092,-182,-60,71,9884,-9060,8852,-251,209,-186,-14636,4236,3764,-989,60,-88,-14760,-3068,5872,-487,145,-99,0
3690.6975829601283,10124,5244,11212,-227,-55,97,9768,-9088,8872,17,224,-153,-14564,4228,3556,-988,70,-105,-14676,-3164,5712,-456,123,-101,0
3690.732583999634,10264,5256,11212,-268,-75,109,9748,-9004,8784,-26,168,-203,-14660,4160,3884,-957,102,-100,-14740,-3284,5824,-471,179,-74,0
3690.7694590091705,10024,5196,11060,-292,-86,117,9764,-9060,8928,-51,142,-200,-14632,4220,3764,-992,101,-173,-14664,-3164,5632,-473,161,-81,0
3690.8029079437256,10200,5212,11240,-273,-112,136,9752,-9136,8916,-61,160,-177,-14636,4196,3616,-986,102,-113,-14608,-3152,5808,-484,152,-77,0
3690.8366880416875,10196,5148,11024,-289,-58,114,9712,-9152,8788,-26,174,-190,-14616,4208,3420,-959,107,-120,-14692,-2828,5848,-469,134,-70,0
3690.870181083679,10232,5140,11032,-280,-58,116,9692,-9180,8788,-66,183,-175,-14768,4288,3436,-970,139,-90,-14648,-3120,5752,-442,154,-45,0
3690.9036400318146,10252,5140,11140,-289,-111,143,9936,-9140,8780,-19,162,-192,-14668,4136,3488,-986,125,-152,-14724,-3200,5768,-427,180,-71,0
3690.937288045883,10292,5152,11084,-288,-123,91,9884,-8944,8952,16,227,-247,-14668,4132,3636,-961,151,-156,-14644,-3104,5740,-451,200,-55,0
3690.970624923706,10332,5168,11156,-279,-86,114,9872,-8984,8836,-8,248,-195,-14740,4100,3740,-958,103,-117,-14820,-2868,5708,-438,100,-112,0
3691.0043089389806,10248,4864,11144,-326,-78,97,9788,-9092,8892,45,253,-141,-14560,4152,3592,-1011,72,-70,-14752,-3116,5804,-469,98,-97,0
3691.0379300117493,10212,5120,11244,-323,-106,93,9808,-9040,8768,73,250,-119,-14552,4124,3364,-771,113,-111,-14716,-3512,5788,-467,140,-102,0
3691.071366071701,10080,5164,11060,-296,-70,37,9796,-9128,8956,43,315,-170,-14684,4256,3812,-996,107,-148,-14720,-3152,5616,-465,190,-118,0
3691.104907989502,10220,5044,11236,-293,-171,62,9740,-9140,8832,95,366,-206,-14488,4152,3612,-1021,163,-213,-14640,-3040,5820,-469,510,-102,0
3691.1381850242615,10208,5132,10852,-255,-170,113,9668,-9064,8824,104,228,-219,-14532,4188,3652,-1022,204,-191,-14748,-3100,5784,-459,222,-73,0
3691.1717989444733,10212,5160,11176,-507,-212,133,9704,-9100,8840,-12,128,-507,-14668,4112,3664,-1021,117,-141,-14620,-3092,5768,-458,221,-111,0
3691.205300092697,10236,5116,11204,-225,-152,85,9900,-8956,8748,32,151,-196,-14636,4196,3596,-992,97,-167,-14680,-3152,5696,-474,179,-90,0
3691.2389390468597,10312,5164,11132,-207,-137,101,9780,-8988,8860,6,178,-171,-14732,4148,3632,-1000,104,-125,-14748,-3100,5676,-512,171,-119,0
3691.2723789215092,10348,5088,10984,-178,-140,129,9896,-9056,8740,-7,208,-166,-14628,4156,3592,-1016,118,-154,-14752,-3104,5400,-486,188,-114,0
3691.3060359954834,10320,5048,11096,-199,-197,150,9792,-8800,8860,-27,101,-239,-14592,4176,3556,-1039,142,-123,-14736,-3064,5844,-466,183,-122,0
3691.339818954468,10296,5136,11072,-141,-148,119,9964,-9040,9016,-29,98,-213,-14728,4060,3612,-1015,122,-81,-14756,-2852,5660,-470,141,-129,0
3691.3728859424587,10304,5232,10944,-115,-90,122,9772,-9024,9144,-48,130,-161,-14572,4136,3380,-1041,99,-93,-14816,-3312,5752,-500,89,-126,0
3691.4060950279236,10316,5156,11064,-101,-27,82,9964,-8968,8872,251,126,-131,-14592,4180,3632,-1057,105,-55,-14644,-3124,5704,-515,99,-122,0
3691.4399530887604,10264,5148,11012,-122,-28,121,9504,-9088,8944,-33,73,-141,-14684,4184,3640,-1033,118,-18,-14716,-3456,5816,-482,97,-122,0
3691.4733519554134,10140,5120,11028,-171,-59,112,9704,-8996,8860,-40,100,-180,-14616,4120,3744,-1025,99,-26,-14744,-3240,5752,-475,130,-116,0
3691.5070779323573,10136,5140,11180,-167,-76,130,9744,-9128,8828,-31,151,-149,-14580,4140,3588,-1013,85,-26,-14644,-3140,5764,-497,115,-142,0
3691.540813922882,10184,5140,11052,-159,-89,131,9856,-9144,9008,-40,137,-162,-14524,4256,3588,-995,78,-89,-14752,-3124,5740,-505,88,-108,0
3691.5740871429443,10492,4872,11020,-133,-93,119,9808,-9052,8948,-15,119,-164,-14628,4276,3416,-993,114,-72,-14660,-3296,5440,-483,106,-139,0
3691.6076290607452,10264,5176,11184,-111,-56,101,9624,-9072,8776,-21,109,-164,-14664,4136,3364,-985,93,-49,-14668,-3144,5756,-467,154,-142,0
3691.6410279273987,10248,4892,11112,-145,-95,113,9752,-9072,8784,-50,106,-195,-14564,4112,3424,-1020,86,-42,-14736,-2844,5692,-480,140,-155,0
3691.6743040084843,10248,5348,10796,-80,-39,106,9812,-9048,8852,-65,73,-196,-14716,4296,3564,-781,111,-61,-14820,-3056,5748,-505,146,-110,0
3691.7078211307526,10448,5076,11152,-102,-55,97,9876,-9052,8952,-31,92,-179,-14656,4212,3408,-1035,55,-86,-14776,-3128,5784,-500,157,-155,0
3691.7413430213924,10180,5180,10888,-117,-44,69,9816,-8892,8832,-30,98,-215,-14588,4156,3524,-1062,45,-26,-15016,-3164,5848,-456,106,-186,0
3691.7745430469513,10324,5292,11108,-93,11,40,9840,-9072,8960,-95,100,-216,-14664,4308,3780,-995,34,-17,-14800,-3108,5688,-487,76,-180,0
3691.81253695488,10244,5212,11040,-151,18,34,9812,-9108,8520,-67,50,-195,-14688,4156,3620,-1037,35,-45,-14756,-3124,5752,-501,85,-183,0
3691.8479769229893,10216,5176,10760,-106,3,63,9752,-9084,8908,-19,112,-138,-14436,3844,3472,-1031,49,-46,-14696,-3196,5768,-262,99,-202,0
3691.883445978164,10136,5108,11132,-75,32,60,9736,-9032,8836,-31,160,-129,-14692,4208,3536,-1039,12,-243,-14604,-3268,5856,-475,96,-189,0
3691.919626951217,10128,5224,11020,-124,-21,62,9692,-9072,8840,-57,124,-170,-14488,4116,3440,-1042,82,-72,-14636,-3204,5744,-467,145,-148,0
3691.954827070236,10084,5196,11096,-86,-21,114,9960,-9152,8780,-53,75,-171,-14796,4292,3780,-1055,110,-87,-14672,-3216,5788,-496,184,-145,0
3691.990026950836,10112,5184,11096,-117,-78,123,9764,-9052,8872,27,86,-205,-14352,4152,3352,-779,164,-136,-14684,-3192,5816,-499,199,-126,0
3692.0255150794983,10188,5152,11100,-103,-75,92,9748,-9108,8864,-45,158,-164,-14732,4272,3804,-1037,104,-97,-14688,-3108,5936,-480,171,-131,0
3692.0617129802704,10076,5168,11040,-126,-85,97,9796,-8980,8740,2,149,-109,-14552,4240,3712,-1043,95,-108,-14732,-3120,5688,-517,151,-147,0
3692.0976860523224,10292,5204,10800,-91,-21,85,9832,-9000,8824,17,202,-110,-14636,4132,3572,-1043,100,-102,-14780,-2876,5716,-261,128,-155,0
3692.132791996002,10224,5168,11068,-107,-102,104,9800,-9128,8904,1,152,-127,-14652,4212,3688,-991,67,-119,-14708,-3152,5680,-481,162,-139,0
3692.1681880950932,10188,5192,11084,-132,-37,80,9716,-9104,8828,-16,224,-88,-14572,4148,3772,-972,20,-66,-14736,-3188,5688,-481,179,-143,0
3692.2029781341553,10160,5320,11148,-176,-62,60,9708,-9028,8880,-18,506,-101,-14580,3872,3752,-958,83,-108,-14652,-3196,5856,-434,138,-102,0
3692.2395799160004,10032,5216,10908,-290,-83,120,9796,-9012,8920,-37,181,-172,-14672,4244,3416,-970,32,-90,-14676,-3224,5804,-469,191,-92,0
3692.2749791145325,10160,5128,10964,-326,-125,121,9732,-9028,9080,-55,268,-167,-14628,4220,3880,-899,-38,-85,-14748,-3172,5712,-489,167,-107,0
3692.310756921768,10164,5392,11088,-265,-97,118,9704,-8976,8952,-68,254,-107,-14648,4348,3624,-913,9,-85,-14684,-3188,5808,-544,136,-82,0
3692.346210002899,10212,5112,11104,-259,-54,135,9732,-9052,8912,-92,289,-88,-14480,4200,3728,-947,33,-75,-14700,-3176,5728,-483,126,-81,0
3692.3822679519653,10204,5152,10944,-5,2,128,9788,-9040,8960,-103,219,-61,-14504,4236,3556,-942,45,-39,-14568,-3068,5832,-473,123,-19,0
3692.4177730083466,10124,5120,11196,-329,-35,188,9680,-9160,8820,-48,114,-123,-14592,4164,3692,-1007,121,-70,-14344,-3200,5812,-438,177,19,0
3692.4537029266357,10116,5232,11196,-345,-99,221,9740,-9024,8940,-36,85,-177,-14584,4088,3740,-1005,217,-148,-14812,-3248,5700,-428,227,59,0
3692.4871079921722,10160,5136,10780,-347,-164,237,9920,-8968,8940,-107,10,-228,-14636,4180,3732,-968,218,-150,-14740,-3264,5628,-435,225,13,0
3692.5207080841064,10032,4868,11244,-356,-186,207,9824,-9168,8836,-28,26,-204,-14700,4316,3716,-1056,157,-76,-14748,-3040,5688,-405,153,-28,0
3692.5542709827423,10252,5164,11132,-342,-109,191,9656,-9036,8844,250,150,-129,-14820,4204,3556,-1009,170,-18,-14784,-3024,5668,-417,119,-255,0
3692.5877759456635,10244,5340,11188,-323,-64,197,9764,-9048,8836,-43,151,-148,-14616,3872,3732,-999,150,-66,-14716,-3056,5672,-420,90,-67,0
3692.621025085449,10492,5004,10764,-315,-53,119,9764,-9152,8808,-26,93,-181,-14664,4244,3740,-1000,129,-109,-14668,-2856,5556,-462,93,-120,0
3692.654273033142,10188,5132,11048,-250,-58,93,9856,-9096,8848,-29,130,-165,-14544,4108,3576,-989,146,-119,-14688,-3028,5924,-452,146,-90,0
3692.689823150634,10228,5060,11100,-2,-115,160,9696,-9096,8912,30,74,-223,-14568,4296,3344,-1049,509,-149,-14688,-3072,5688,-439,189,-255,0
3692.7232239246373,10200,5112,11028,-259,-196,220,9760,-9084,8812,4,34,-225,-14588,4224,3348,-1057,315,-137,-14808,-3132,5708,-461,184,0,0
3692.7569699287415,10468,5096,11080,-289,-205,229,9736,-8780,8824,-38,23,-213,-14624,4184,3740,-1047,288,-113,-14760,-3008,5732,-449,142,1,0
3692.790475130081,10328,5068,10912,-264,-142,215,9772,-9112,8912,-64,36,-174,-14528,4188,3460,-1008,260,-67,-14616,-3012,5760,-467,164,-256,0
3692.8237650394444,10332,5360,10764,-274,-183,268,9800,-9052,9056,-42,253,-159,-14688,4104,3628,-1073,296,-51,-14712,-3120,5792,-450,166,7,0
3692.857530117035,10264,5160,10972,-248,-152,247,9840,-8920,8636,-81,26,-129,-14696,4040,3764,-1045,299,-29,-14776,-3176,5400,-467,156,-7,0
3692.8908400535583,10232,5072,10936,-196,-113,236,9728,-8804,8908,-57,17,-92,-14616,4172,3748,-1001,253,-62,-14692,-2832,5668,-459,110,-40,0
3692.924523115158,10316,5076,11136,-205,-78,207,9828,-9040,8820,-44,47,-87,-14660,4064,3616,-971,208,-36,-14780,-3084,5656,-468,106,-53,0
3692.958049058914,10360,5028,10972,-189,-33,146,9524,-9012,8948,-5,119,-101,-14688,4320,3420,-1003,188,-236,-14708,-3044,5792,-451,129,-49,0
3692.991599082946,10300,5080,10992,-179,-30,168,9884,-9068,8832,22,15,-137,-14752,4228,3728,-990,158,-28,-14712,-3100,5744,-405,118,-52,0
3693.0250289440155,10292,5024,11016,-207,-101,123,9724,-9184,8884,12,144,-159,-14672,4096,3792,-953,128,-40,-14700,-3088,5860,-389,144,-110,0
3693.0588409900665,10468,4868,10780,-215,-100,111,9732,-9004,8744,-19,119,-151,-14728,4220,3484,-970,129,-83,-14752,-2836,5792,-408,93,-74,0
3693.092514038086,10360,5028,11004,-171,-65,142,9800,-9152,8892,22,54,-161,-14596,4284,3528,-1067,107,228,-14800,-2924,6000,-398,9,-116,0
3693.1260261535645,10284,5012,11092,-221,-83,136,9724,-9032,8884,-12,-2,-78,-14512,4196,3472,-996,152,-239,-14772,-3056,5904,-379,-256,-74,0
3693.1595420837402,10296,5052,11104,-142,-50,167,9972,-9108,9168,-159,-89,-107,-14824,4220,3660,-1012,115,32,-14840,-3044,5660,-417,25,-46,0
3693.192969083786,10412,5068,11240,-174,-9,157,9940,-9212,8816,-97,35,-75,-14700,4260,3460,-1047,65,11,-14692,-3008,5684,-497,-26,-143,0
3693.2265770435333,10384,4884,10888,-188,249,140,9736,-9080,8664,-9,121,-62,-14688,4324,3332,-1082,44,252,-14724,-2920,5660,-483,15,-202,0
3693.2602300643925,10224,4908,10932,-117,13,94,9784,-9212,8768,72,82,-112,-14620,4276,3488,-1146,34,-27,-14684,-2880,5712,-483,52,-219,0
3693.2936260700226,10240,4880,11104,-81,77,6,9884,-9148,8724,58,55,-159,-14684,4188,3424,-1096,-28,-21,-14616,-2840,5756,-486,65,-279,0
3693.3273260593414,10260,4968,11048,-96,48,21,9808,-9184,8512,18,115,-155,-14616,4188,3652,-1078,-29,-52,-14744,-2972,5980,-449,123,-207,0
3693.3607690334325,10468,5052,10764,-181,-22,76,9584,-9132,8856,-70,190,-132,-14796,4196,3564,-1007,55,-59,-14708,-3320,5868,-411,71,-180,0
3693.394010066986,10212,5216,11232,-176,10,137,9696,-9024,8964,-122,140,-65,-14584,4236,3712,-963,118,17,-14680,-3152,5792,-433,93,-95,0
3693.4312751293182,10248,5176,11064,-185,11,154,9956,-8984,8920,-171,102,-120,-14560,4040,3768,-924,149,-1,-14736,-3268,5792,-416,115,-90,0
3693.4652609825134,10184,5232,11016,-330,-119,209,9804,-8988,8896,-202,115,-125,-14668,4172,3524,-915,111,-9,-14648,-3184,5916,-394,122,-85,0
3693.502887964248,10284,5212,11064,-278,-95,184,9864,-8956,8952,-213,167,-114,-14616,4056,3660,-943,55,41,-14676,-3104,5688,-455,117,-58,0
3693.5376269817352,10352,5152,11152,-330,-108,214,9748,-9136,8812,-231,157,-125,-14820,4216,3336,-937,99,2,-14748,-3048,5840,-433,123,-41,0
3693.5734469890594,10116,4984,11452,-353,-76,173,9884,-9412,8880,-205,162,-161,-14728,4300,3440,-916,30,-46,-14656,-2972,5888,-390,169,-74,0
3693.609447002411,10224,4944,11212,-384,-128,155,9692,-9372,8732,-180,167,-225,-14676,4464,3540,-892,77,-86,-14616,-3040,6024,-432,227,-98,0
3693.6444659233093,10016,4896,11156,-319,-259,183,9692,-9348,8544,-342,111,-262,-14476,4444,3448,-804,88,-154,-14360,-2972,5984,-463,239,-57,0
3693.6804370880122,10132,4780,11040,-286,-234,155,9760,-9188,8684,-234,93,-269,-14492,4248,3788,-809,107,-102,-14468,-2860,5888,-443,240,-41,0
3693.7158300876613,10184,4908,11132,-374,-341,236,9604,-9180,8268,-142,55,-240,-14468,4428,3448,-1012,165,-163,-14668,-2872,5844,-396,321,98,0
3693.7518060207362,10264,4952,11064,-428,-338,312,9812,-9256,8596,-154,54,-154,-14620,4208,3736,-1056,236,-60,-14852,-2940,5816,-417,160,58,0
3693.7878780364986,10632,5040,11196,-387,-266,386,9800,-9180,8828,-93,-255,-39,-14796,4376,3552,-1113,183,-255,-15068,-2916,5676,-574,25,30,0
3693.822839975357,10488,5064,11124,-298,-176,421,9812,-9156,8776,-40,-40,31,-14760,4088,3456,-1108,188,17,-14760,-3132,5564,-569,-33,-14,0
3693.8589200973515,10444,5100,10796,-185,-95,371,9928,-9052,8556,-98,-57,-44,-14636,3920,3728,-1063,224,101,-14768,-3048,5700,-546,12,-61,0
3693.8944110870366,10432,5040,10928,-242,-42,291,9812,-9164,8688,-34,-9,-52,-14660,4196,3328,-1045,201,39,-14768,-2984,5716,-487,80,-69,0
3693.93065905571,10344,4832,10864,-243,-10,196,9768,-9140,8564,-22,63,-94,-14696,4252,3500,-1049,134,12,-14624,-2972,5892,-440,44,-80,0
3693.9661951065063,10240,4736,11092,-323,-18,177,9764,-9248,8548,-42,185,-40,-14660,4592,3580,-930,68,86,-14720,-2944,6012,-425,18,-73,0
3694.002285003662,10468,4660,11124,-352,54,139,9736,-9392,8788,-65,202,-38,-14548,4504,3552,-860,102,-13,-14384,-2908,5932,-415,103,-113,0
3694.0374500751495,10096,4612,11184,-291,-48,132,9644,-9356,8736,-75,136,-181,-14540,4484,3704,-872,101,-58,-14524,-2892,6044,-492,4,-96,0
3694.0728621482854,10208,4804,11280,-172,-183,120,9972,-9372,8916,-132,61,-295,-14512,4420,3528,-892,99,-158,-14548,-2896,5944,-457,298,-51,0
3694.1082940101624,10136,4728,11256,-213,-229,148,9668,-9360,8460,-151,253,-350,-14540,4520,3596,-997,183,-184,-14720,-2848,5948,-450,360,-20,0
3694.144436120987,10324,4736,11336,-232,-236,191,9856,-9388,8476,-286,30,-275,-14740,4400,3232,-886,130,-226,-14928,-2800,6108,-592,243,-30,0
3694.178015947342,10660,4664,11108,-147,-200,234,9968,-9244,8624,-128,57,-145,-14736,4236,3548,-1027,158,-85,-14872,-2624,5688,-557,87,-81,0
3694.2116379737854,10744,4768,10888,-149,-76,230,9900,-9200,8696,45,33,-113,-14380,4252,3636,-1148,167,-35,-14780,-3000,5732,-538,77,-87,0
3694.2450461387634,10560,4940,11192,-116,78,154,9944,-9112,8780,164,60,-119,-14676,3884,3652,-1152,90,-23,-14804,-3120,5692,-454,-24,-162,0
3694.278779029846,10256,4908,11116,-107,111,58,10224,-9268,8636,100,135,-157,-14676,4288,3600,-1108,31,-28,-14768,-3104,5920,-481,-90,-223,0
3694.3121421337123,10420,4864,11112,-125,143,-24,9860,-9216,8764,62,173,-162,-14720,4400,3500,-1070,-30,38,-14696,-2916,5856,-480,-103,-226,0
3694.3456511497493,10708,4740,11068,-196,143,-41,10052,-9372,8496,21,287,-120,-14676,4372,3560,-1002,-62,57,-14752,-2856,5968,-475,-90,-505,0
3694.3792641162872,10392,4804,11292,-213,145,-60,9836,-9332,8640,-3,320,-132,-14664,4404,3676,-990,-29,21,-14608,-2860,6128,-439,-253,-239,0
3694.4128630161285,10488,4968,11228,-213,26,-254,9660,-9340,8700,-11,6,-151,-14432,4392,3384,-967,89,-84,-14448,-2924,5804,-394,162,-144,0
3694.4464700222015,10108,4932,11116,-161,-148,93,9596,-9324,8768,-126,93,-257,-14408,4188,3660,-977,158,-159,-14504,-3012,5952,-398,272,-107,0
3694.479990005493,10328,4880,11124,-174,-203,141,9508,-9340,8644,-107,102,-225,-14492,4480,3576,-1042,222,-124,-14568,-2848,5952,-466,297,-54,0
3694.5131499767303,10128,4804,10776,-197,-248,226,9516,-9364,8528,-18,-2,-236,-14488,4508,3732,-1140,272,-165,-14824,-2940,6068,-491,322,-19,0
3694.5468130111694,10276,4852,11112,-102,-107,206,9844,-9328,8776,43,-47,-270,-14820,4444,3528,-1147,280,-142,-14928,-3032,5944,-518,203,-73,0
3694.5804390907283,10496,4928,11252,-54,-96,120,10004,-9432,8472,-43,76,-241,-14896,4256,3700,-774,74,-150,-14852,-2992,5848,-541,135,-173,0
3694.6139690876003,10604,4872,11020,-89,-35,25,10088,-9224,8652,-117,176,-184,-14880,4132,3376,-986,-64,-62,-14944,-2956,5792,-539,31,-507,0
3694.6473929882054,10672,4876,10828,-190,21,-7,10256,-9204,8600,-79,350,-39,-14848,4192,3408,-943,-132,24,-14872,-2972,5880,-463,-34,-235,0
3694.6810410022736,10412,5116,10768,-312,21,46,9876,-9172,8748,-6,301,-45,-14556,4196,3516,-1009,-4,23,-14572,-3016,5860,-391,80,-175,0
3694.714383125305,10232,4864,11136,-327,-65,146,9584,-8972,8812,19,177,-109,-14300,4360,3816,-987,184,-79,-14384,-2928,5920,-382,223,-102,0
3694.7480630874634,10108,4644,11176,-224,-165,180,9520,-9260,8732,33,119,-171,-14364,4472,3728,-1027,3,-146,-14428,-2972,6028,-465,0,-34,0
3694.781433105469,10200,4868,11212,-147,-175,182,9536,-9344,8688,55,-249,-214,-14500,4476,3636,-1089,190,-104,-14720,-2968,6104,-470,189,-46,0
3694.814934015274,10264,4824,11488,-129,-29,135,9680,-9400,8688,101,95,-193,-14676,4484,3556,-1053,119,-54,-14728,-2988,5888,-512,100,-114,0
3694.8486850261684,10416,4712,11300,-69,84,38,9872,-9400,8608,53,151,-187,-14788,4400,3676,-1006,-11,-108,-14760,-3012,5896,-534,65,-185,0
3694.8823280334473,10484,4876,11104,-90,139,-24,10028,-9252,8580,8,248,-161,-14720,4316,3488,-1000,-35,-86,-14968,-2816,5796,-522,28,-187,0
3694.915643930435,10684,4840,11176,-119,105,28,10040,-9052,8448,-65,260,-89,-14744,4188,3136,-986,-37,-26,-14972,-2796,5664,-476,-8,-178,0
3694.9494550228123,10532,4936,10964,-288,32,98,9852,-9204,8580,-133,217,-98,-14824,4164,3256,-975,16,255,-14708,-2952,5832,-413,36,-83,0
3694.983022928238,10384,4988,11176,-353,-53,120,9848,-9292,8852,-192,197,-163,-14528,4316,3556,-967,121,-59,-14604,-3016,5864,-375,185,-87,0
3695.0166869163513,10476,4996,11132,-345,-122,136,9664,-9304,8748,-141,139,-233,-14584,4356,3600,-975,136,-107,-14616,-3048,6028,-413,182,-53,0
3695.050215005874,9848,4940,11188,-326,-139,142,9572,-9276,8796,-99,144,-232,-14464,4508,3660,-936,140,-102,-14468,-3060,6332,-428,196,-47,0
3695.0838429927826,10040,4608,11208,-322,-143,128,9492,-9472,8736,-48,121,-279,-14380,4544,3740,-978,151,-188,-14496,-2984,5924,-440,298,-55,0
3695.117491006851,10012,4776,11480,-308,-202,128,9568,-9440,8828,-10,124,-335,-14464,4416,3772,-974,166,-234,-14508,-2976,6076,-482,361,-48,0
3695.1528239250183,10232,4716,11464,-250,-294,114,9584,-9360,8588,-242,148,-362,-14548,4416,3388,-988,188,-331,-14700,-2960,5892,-497,382,-40,0
3695.1887500286102,10320,4696,11212,-274,-334,126,9900,-9472,8544,-252,164,-393,-14732,4584,3176,-772,212,-282,-14684,-2868,5828,-476,411,-46,0
3695.2240281105046,10580,4720,11000,-321,-396,126,10020,-9104,8664,43,103,-361,-14744,4236,3428,-1275,232,-351,-14820,-2864,5748,-407,387,-39,0
3695.260010957718,10652,4712,10856,-321,-406,153,9936,-9148,8756,48,94,-361,-14720,4220,3460,-1040,211,-239,-14848,-2716,5816,-439,261,12,0
3695.295346021652,10708,4768,10828,-355,-237,171,9940,-9160,8532,90,97,-219,-14700,4196,3764,-1060,161,-143,-14940,-2960,5740,-439,51,-49,0
3695.330194950104,10508,5004,11020,-318,85,152,9888,-9092,8760,93,194,-82,-14748,4204,3720,-1011,49,49,-14792,-2992,5836,-428,-62,-112,0
3695.365880012512,10444,4904,11136,-236,200,65,9792,-9344,8792,48,232,-33,-14676,4332,3648,-1028,-15,-1,-14708,-2964,5888,-486,-33,-152,0
3695.4014360904694,10240,4852,11048,-153,169,52,9540,-9248,8716,11,217,-92,-14580,4296,3620,-1094,19,-10,-14636,-2976,5940,-500,119,-170,0
3695.437544107437,10272,4720,11056,-101,22,48,9972,-9440,8464,-10,167,-186,-14512,4116,3420,-1039,53,-143,-14536,-2948,6132,-499,215,-117,0
3695.4721739292145,10236,4812,11156,-110,-95,124,9632,-9128,8652,-97,84,-203,-14528,4324,3448,-920,173,-87,-14692,-2860,5784,-437,134,-18,0
3695.5074889659886,10460,4764,11088,-93,-125,248,9860,-9216,8456,-184,50,-97,-14636,4320,3364,-922,231,-37,-14776,-3072,5820,-448,32,10,0
3695.5432860851283,10256,4672,11228,-91,59,215,9848,-9416,8780,-89,12,-22,-14744,4596,3552,-1025,215,78,-14636,-2584,6128,-520,16,245,0
3695.5787320137024,10380,4700,11064,-84,160,237,9792,-9320,8760,-7,14,-21,-14408,4308,3496,-1042,137,34,-14652,-2608,5820,-546,32,-63,0
3695.6142060756683,10316,4692,11040,14,107,140,9784,-9312,8640,-68,82,-129,-14608,4300,3528,-995,35,-20,-14696,-2916,5848,-557,91,-183,0
3695.6501219272614,10396,4832,11168,15,50,48,9940,-9472,8940,-11,122,-170,-14600,4248,3388,-999,-4,-74,-14720,-2856,5792,-541,156,-162,0
3695.685575962066,10380,4720,11228,-20,26,10,9832,-9312,8728,33,162,-175,-14612,4348,3644,-981,11,-109,-14636,-2936,5836,-529,211,-153,0
3695.7214519977574,10348,4812,11120,-6,41,69,9652,-9140,8572,23,114,-167,-14572,4344,3520,-938,90,-85,-14668,-2960,6012,-464,166,-93,0
3695.757548093796,10300,4932,11164,-37,-50,89,9780,-9284,8520,-57,84,-155,-14608,4544,3556,-944,99,-42,-14720,-2916,5880,-515,101,-101,0
3695.7925870418558,10248,4784,11160,-174,31,125,9960,-9304,8828,34,70,-135,-14572,4432,3828,-1002,104,-63,-14660,-2876,6116,-447,133,-76,0
3695.828414916992,10140,4764,11488,-167,-48,121,9688,-9316,8876,47,103,-167,-14532,4380,3784,-928,132,-135,-14832,-3032,6036,-440,230,-169,0
3695.8620409965515,10176,4760,11052,-88,-119,70,9708,-9272,8764,72,162,-224,-14492,4428,3532,-978,131,-159,-14652,-2956,6072,-535,226,-201,0
3695.8952720165253,9732,4788,11132,65,-194,30,9632,-9308,8796,105,-47,-374,-14480,4288,3476,-1024,217,-313,-14344,-3304,5596,-789,331,-163,0
3695.928911924362,10220,4580,10916,112,-540,18,9760,-9164,8772,132,70,-475,-14604,4152,3620,-1077,178,-459,-14812,-2896,5772,-691,585,-202,0
3695.962072134018,10472,4964,10996,50,-379,40,9964,-9148,8776,133,-37,-500,-14880,4240,3424,-1176,215,-303,-15016,-3028,6124,-484,505,-80,0
3695.9955239295964,10672,4676,11208,-18,-43,44,10088,-9208,8568,66,-117,-381,-14864,4340,3384,-1130,198,-139,-15028,-2764,5824,-492,290,-79,0
3696.029210090637,10712,4760,10976,4,43,48,10196,-9212,8572,-45,118,-195,-15012,4316,3400,-1109,48,-41,-15000,-2732,5696,-609,67,-1,0
3696.0628931522374,10752,4660,10952,-68,75,3,10476,-9280,8556,20,239,-85,-14916,4228,3380,-1136,-80,-8,-14928,-2784,5696,-628,-29,-328,0
3696.096522092819,10656,4892,10968,-96,113,-14,10112,-9120,8484,-16,290,-30,-14708,4236,3436,-1129,-104,25,-14888,-2956,5644,-637,-109,-377,0
3696.1300880908966,10524,4872,11008,-95,135,-51,9748,-9056,8792,-22,312,-62,-14724,4144,3440,-1063,-155,49,-14728,-3096,5784,-651,-110,-399,0
3696.1636531352997,10244,5192,11072,-107,139,-95,9828,-9028,8712,-59,305,-96,-14564,4120,3728,-1014,-156,46,-14736,-3144,5792,-302,-47,-275,0
3696.197149038314,10160,5140,11008,-199,168,-168,9648,-9040,8840,-88,349,-122,-14556,4184,3656,-901,-55,63,-14680,-3148,6112,-237,-57,-512,0
3696.2307839393616,10000,5076,11184,-215,140,-178,9468,-9228,8804,-112,364,-157,-14356,4136,3760,-965,-65,-5,-14428,-2984,5784,-368,5,-302,0
3696.264447927475,9928,4828,11364,-53,38,-112,9512,-9280,8888,-256,237,-246,-14156,4436,3700,-1079,-102,-130,-14632,-2876,5964,-541,125,-312,0
3696.2977170944214,10040,4948,11088,71,-33,-61,9664,-9276,8696,78,153,-293,-14572,4480,3760,-1114,7,-128,-14652,-3008,5932,-562,115,-266,0
3696.3312339782715,10232,4988,11220,9,-72,-19,9696,-8992,8736,90,162,-278,-14504,4348,3472,-1136,54,-106,-14696,-2844,5868,-550,185,-173,0
3696.364848136902,10140,4952,11124,-71,-73,54,9752,-9208,8556,46,64,-509,-14512,4548,3652,-1132,159,-166,-14548,-3016,5852,-267,263,-155,0
3696.398229122162,10120,5160,11240,-123,-161,108,9692,-9088,8716,41,118,-218,-14552,4188,3728,-995,209,-222,-14664,-3080,5948,-425,276,-79,0
3696.4317829608917,10484,5328,10812,-183,-193,156,9780,-9056,8932,-46,157,-166,-14636,4244,3724,-952,272,-187,-14644,-3148,5768,-435,315,-41,0
3696.4654729366302,10192,5180,11048,-141,-205,167,9500,-9208,8916,-55,130,-209,-14612,4072,3960,-1046,193,-118,-14780,-3052,5836,-416,267,-55,0
3696.499043941498,10384,5108,11096,-235,-145,128,9888,-9168,8840,-86,184,-213,-14764,4160,3412,-925,89,-55,-14752,-3020,5836,-435,136,-95,0
3696.5326931476593,10392,5120,11128,-230,-85,85,9472,-9136,8768,-113,159,-241,-14632,4244,3540,-955,77,-70,-14696,-2928,5656,-453,183,-73,0
3696.5662310123444,10300,5052,11164,-239,-88,103,9844,-9288,8768,-104,105,-2,-14700,4216,3656,-991,112,-117,-14812,-3180,5772,-494,189,-77,0
3696.599646091461,10248,4872,11248,-149,-149,139,9916,-9196,8720,-119,120,-271,-14664,4288,3444,-980,148,-141,-14772,-3004,5712,-524,186,-74,0
3696.6329989433293,10360,5000,11240,-160,-145,165,9840,-9128,8492,-76,128,-206,-14688,4320,3580,-1280,137,-53,-14880,-2912,5868,-573,170,248,0
3696.6666071414948,10240,5060,11112,-235,-55,205,9716,-9184,8524,-36,127,-124,-14384,4240,3600,-993,145,-27,-14716,-3068,5992,-523,104,-10,0
3696.700156927109,10420,5108,11020,-192,24,179,9888,-9296,8752,-51,130,-144,-14668,4228,3664,-973,96,-10,-14792,-3176,6004,-476,25,-41,0
3696.7337119579315,10272,4904,11196,-362,96,111,9888,-9264,8724,-10,187,-152,-14692,4140,3400,-951,71,-87,-14824,-3096,5980,-460,91,-102,0
3696.7673830986023,10140,5088,11196,-310,34,59,9772,-9156,8732,-29,204,-214,-14572,4196,3660,-924,59,-92,-14640,-3096,6088,-428,105,-141,0
3696.800518035888,10212,5028,11232,-315,-62,25,9764,-9276,8912,-64,200,-286,-14408,4100,3648,-936,94,-129,-14640,-2832,5804,-416,193,-128,0
3696.8374850749974,10160,4980,11172,-294,-145,60,9628,-9424,8748,-26,161,-257,-14552,4364,3228,-995,165,-214,-14588,-2932,5656,-447,225,-34,0
3696.8728280067444,10332,4972,11072,-234,-132,139,9776,-9140,8460,77,149,-192,-14512,4296,3468,-1068,182,-158,-14676,-2988,5964,-457,268,-64,0
3696.908637046814,10412,5008,11112,-281,-135,165,9836,-9188,8836,88,198,-176,-14668,4200,3584,-1011,191,-172,-14792,-2920,5764,-459,233,-70,0
3696.9441249370575,10000,5040,11028,-174,-120,142,9784,-9096,8776,92,190,-228,-14696,4260,3700,-1040,230,-194,-14596,-2980,6092,-470,258,-83,0
3696.979777097702,10100,5104,11124,-174,-165,137,9484,-9132,8512,59,139,-282,-14608,4140,3656,-1013,222,-502,-14756,-2996,5672,-431,342,-73,0
3697.014694929123,10228,5068,11152,-225,-278,157,9732,-9072,8848,45,102,-356,-14604,4248,3540,-1034,503,-249,-14696,-2980,5824,-441,333,-51,0
3697.0502710342403,10344,5088,11240,-197,-269,143,9840,-9120,8848,38,120,-324,-14648,4160,3392,-1068,206,-284,-14672,-3208,5832,-441,301,-100,0
3697.0855381488805,10388,5012,10952,-195,-241,102,9744,-9032,8740,32,184,-320,-14656,4144,3576,-1051,132,-213,-14776,-3040,5728,-271,241,-109,0
3697.1218550205226,10420,4992,10948,-193,-191,104,9816,-9028,8800,17,42,-321,-14724,4088,3496,-1074,163,-159,-14732,-2916,5692,-548,218,-115,0
3697.1576750278473,10420,5056,10900,-175,-231,128,9828,-9128,8628,-36,6,-345,-14828,4152,3508,-1060,175,-173,-14852,-2948,5700,-541,194,-67,0
3697.192546129226,10424,4992,10948,-193,-173,182,9828,-9088,8768,-30,-4,-320,-14604,4340,3404,-1038,213,-113,-14676,-2908,5852,-505,152,-47,0
3697.2283351421356,10424,5096,11124,-193,-195,204,9852,-9156,8848,-34,25,-259,-14796,4204,3776,-1044,184,-124,-14716,-2908,5728,-541,209,-57,0
3697.2633640766144,10284,4988,11168,-142,-222,183,9860,-9100,8880,-44,-51,-308,-14716,4248,3592,-1087,182,-151,-14664,-2984,5776,-502,216,-69,0
3697.2992939949036,10008,5060,11012,-138,-225,139,9832,-9076,8948,-42,2,-310,-14664,4088,3432,-1050,155,-198,-14844,-2928,5432,-563,179,-87,0
3697.3342549800873,10356,4980,11056,-139,-196,161,9880,-9052,8768,-250,45,-289,-14692,4120,3428,-1040,181,-151,-14828,-2964,5772,-574,242,-86,0
3697.37064909935,10456,4996,11024,-150,-222,110,10008,-9056,8452,-255,107,-292,-14672,4176,3616,-1265,130,-183,-15104,-3020,5688,-535,238,-119,0
3697.405617952346,10576,5004,10960,-146,-190,108,9976,-9092,8812,-8,47,-360,-14772,3852,3420,-1039,65,-143,-14700,-2968,5808,-262,223,-131,0
3697.4413220882416,10452,4992,10924,-210,-182,34,9924,-9076,8808,55,89,-407,-14756,4108,3508,-1038,113,-232,-14632,-3272,5804,-439,259,-145,0
3697.4787600040436,10396,5020,11128,-214,-211,45,9888,-9080,8804,34,76,-376,-14388,3884,3356,-949,85,-221,-14696,-3096,5624,-361,279,-147,0
3697.5123739242554,10380,5004,11064,-508,-307,72,9768,-9132,8740,-237,121,-418,-14556,4220,3536,-947,114,-283,-14740,-3016,5704,-418,294,-103,0
3697.5459821224213,10368,4936,10804,-263,-300,128,9780,-8940,8736,16,90,-347,-14532,4340,3404,-993,204,-255,-14752,-2936,5748,-402,301,-49,0
3697.5796439647675,10264,5100,10868,-292,-289,156,9868,-9072,8896,-254,99,-322,-14616,4116,3612,-977,184,-160,-14792,-3056,5624,-453,309,-23,0
3697.613356113434,10364,5068,10752,-318,-333,191,9980,-8972,8876,-91,253,-362,-14696,4056,3572,-950,207,-172,-15004,-3136,5572,-449,262,30,0
3697.6466770172124,10404,5072,10756,-314,-377,273,10024,-9036,8864,-133,-35,-327,-14680,4028,3548,-881,207,-182,-14820,-2948,5688,-447,236,46,0
3697.6801090240483,10724,5012,11228,-339,-351,318,9980,-8984,8836,-126,-83,-328,-14632,4024,3404,-888,259,-98,-14780,-2880,5672,-448,213,86,0
3697.71435213089,10292,4920,11152,-389,-386,344,10056,-9052,8636,-104,-83,-275,-14744,3992,3420,-929,274,-117,-14780,-2828,5680,-449,207,64,0
3697.7481479644775,10632,5116,10836,-378,-297,309,10100,-8900,8736,-81,-31,-239,-14732,4064,3408,-945,218,-98,-14792,-2972,5536,-407,108,13,0
3697.7818100452423,10648,4872,10996,-373,-299,269,10024,-9196,8716,-61,-20,-227,-14744,4096,3360,-988,212,-57,-14872,-3060,5652,-466,81,-28,0
3697.8154320716853,10628,4792,11024,-359,-267,289,10176,-9104,8640,-67,255,-155,-14744,4100,3352,-994,181,-16,-14872,-2844,5728,-524,42,-35,0
3697.8489480018616,10604,4776,10936,-321,-223,245,10140,-9076,8576,-82,255,-166,-14684,4252,3328,-1016,122,-40,-15076,-2568,5552,-548,21,-55,0
3697.882087945938,10544,4712,10852,-292,-231,510,10128,-8992,8504,-88,14,-174,-15028,3956,3332,-967,145,226,-14648,-2812,5400,-258,-7,-88,0
3697.915632009506,10720,4648,10744,-258,-65,158,10036,-9076,8576,-32,94,-81,-14864,4240,3576,-1032,-16,29,-14864,-2736,5612,-512,-92,-210,0
3697.9492859840393,10600,4704,10788,-228,2,65,10224,-9456,8612,12,214,-103,-14632,4236,3452,-1084,23,-255,-14548,-2680,5768,-549,22,-238,0
3697.9828391075134,10488,4632,10936,-51,77,36,9868,-8964,8232,8,285,-118,-14604,4004,3244,-1063,7,-69,-14672,-2812,5688,-257,56,-9,0
3698.0165579319005,10632,4696,10832,-44,84,-63,9992,-8916,8452,-20,377,-115,-14648,4092,3244,-1135,-27,-33,-14832,-2820,5640,-490,-13,-336,0
3698.049819946289,10704,4800,10756,-126,222,-113,10032,-8920,8824,42,372,-69,-14616,4104,3536,-1168,-103,87,-14696,-2796,5740,-489,-58,-329,0
3698.0832459926605,10484,4972,11080,-118,341,-64,9744,-9048,8920,49,370,10,-14532,4316,3788,-1071,79,43,-14660,-3012,5900,-395,36,-163,0
3698.1170151233673,10280,4876,11072,-46,242,10,9840,-8748,8976,-49,142,-124,-14540,4144,3656,-1078,263,-50,-14480,-3140,5784,-463,144,-167,0
3698.150372028351,10356,4940,10788,113,140,28,9876,-9148,8892,-112,159,-129,-14596,4232,3668,-1042,115,-97,-14748,-3000,6092,-609,101,-261,0
3698.183857917785,10556,4960,10856,138,177,-16,10080,-9084,8760,-31,151,-84,-14748,4140,3348,-1021,59,-82,-15104,-2952,5696,-579,22,-214,0
3698.217518091202,10616,4844,10988,90,168,-10,10128,-8868,8668,-111,195,-74,-14712,4156,3528,-977,-71,40,-14796,-2940,5580,-567,-10,-262,0
3698.251054048538,10672,4908,10904,-52,155,-20,10104,-8716,8700,-118,337,-36,-14840,4288,3540,-997,-80,67,-14852,-3024,5672,-523,-128,-258,0
3698.284465074539,10596,4908,10996,-125,231,-87,10180,-9212,8704,-33,293,-25,-14796,3944,3368,-945,-71,39,-14836,-3024,5704,-403,-103,-309,0
3698.3181331157684,10596,5028,11056,-272,187,-54,9992,-8968,8780,5,322,-87,-14700,4008,3636,-994,-23,-55,-14664,-3056,5836,-403,57,-225,0
3698.351630926132,10328,5128,10892,-241,-14,17,9912,-9000,8924,-80,187,-170,-14516,4340,3456,-894,29,-26,-14616,-2872,5764,-448,169,-100,0
3698.3848929405212,10088,5056,11116,-213,-35,106,9844,-8996,8796,-152,101,-212,-14460,4248,3584,-894,84,-11,-14800,-3028,5984,-462,108,-92,0
3698.4184329509735,10124,4928,11020,-171,-117,105,9968,-9112,8948,-126,184,-216,-14808,4212,3464,-953,151,-81,-14612,-2836,5848,-409,120,-123,0
3698.4570031166077,10272,4924,10856,-195,-108,98,9788,-9008,8448,-78,176,-178,-14616,4144,3524,-1027,86,-147,-14736,-2960,5796,-462,169,-121,0
3698.4906849861145,10432,4920,11096,-183,-45,85,9912,-8948,8556,-93,104,-151,-14684,4260,3468,-908,72,228,-14808,-2892,5920,-472,71,-92,0
3698.528006076813,10520,4932,10956,-121,87,101,10092,-9148,8472,-119,185,-49,-14664,4088,3476,-958,102,60,-14836,-3008,5792,-403,32,-73,0
3698.5638880729675,10600,4892,10992,-208,113,119,9960,-9072,8944,-98,209,-54,-14748,4176,3564,-934,80,56,-14744,-2936,5656,-383,45,-81,0
3698.599334001541,10544,4972,11064,-262,63,73,9984,-9084,8748,-142,253,-54,-14848,4132,3452,-884,19,13,-14656,-3260,5860,-366,81,-184,0
3698.6346521377563,10432,4952,11080,-198,59,-26,10008,-9084,8764,-106,300,-140,-14896,4152,3460,-898,-64,-29,-14732,-3000,5756,-408,114,-255,0
3698.6702361106873,10492,4972,10968,-144,46,-98,9880,-9048,8784,-102,404,-127,-14716,4208,3456,-945,-93,26,-14704,-2968,5760,-428,126,-241,0
3698.705591917038,10276,4960,11032,-144,88,-72,9792,-9108,8684,-111,332,-115,-14460,4292,3444,-933,-32,21,-14552,-2892,5892,-401,52,-197,0
3698.741292953491,10244,4956,11032,-146,86,-38,9876,-9228,8704,-69,510,-202,-14484,4292,3352,-911,4,-84,-14636,-3232,5640,-365,113,-237,0
3698.7772190570827,10284,5024,11252,-137,15,-59,9920,-9140,8808,-67,276,-205,-14668,4308,3648,-931,-40,-94,-14720,-2932,5912,-407,150,-222,0
3698.8129279613495,10300,5024,11240,-175,-34,-11,9956,-9096,9020,-99,205,-227,-14568,4316,3760,-960,-254,-50,-14844,-2988,5852,-426,77,-161,0
3698.848822116852,10352,5108,11180,-145,82,14,9748,-9184,8688,-132,220,-123,-14704,4384,3584,-923,28,21,-14704,-2864,5964,-432,-80,-191,0
3698.883880138397,10404,4952,11128,-161,156,54,9856,-9220,8952,-53,117,-89,-14576,4352,3440,-1088,95,-13,-14428,-2988,5804,-451,-1,-158,0
3698.918869018554,10288,5048,11032,-123,152,90,9716,-9064,8736,-94,66,-92,-14368,4272,3420,-1050,117,57,-14612,-2916,5944,-482,43,-108,0
3698.9543800354004,10248,5096,11040,-150,11,123,9824,-9404,8864,-87,90,-137,-14624,4336,3744,-1049,131,-22,-14664,-2848,6016,-763,85,-118,0
3698.9899570941925,10004,4992,11016,-165,255,116,9772,-9176,8652,-45,154,-97,-14592,4196,3456,-1091,132,-55,-14636,-3000,5904,-486,138,-72,0
3699.0254640579224,10184,5024,11156,-101,14,132,9840,-9096,8844,-35,125,-126,-14676,4156,3544,-1075,142,-49,-14696,-3292,5864,-463,95,-109,0
3699.0607600212093,10000,5088,11048,-167,20,62,9840,-9008,8720,-36,217,-179,-14696,4100,3688,-987,115,-124,-14664,-3084,5780,-397,74,-218,0
3699.0961599349976,10332,5168,11100,-168,-51,-22,9968,-9100,8760,-31,263,-283,-14644,4124,3372,-964,26,-193,-14616,-3040,5736,-397,240,-232,0
3699.1318941116333,10244,5180,10944,-179,-150,-48,9820,-9084,8920,9,312,-306,-14520,4256,3612,-1045,-250,-229,-14540,-2928,6036,-445,281,-188,0
3699.1692271232605,10368,5016,11068,-128,-174,39,9836,-9156,8756,51,538,-227,-14480,4280,3472,-1047,168,-182,-14540,-2880,5928,-457,261,-107,0
3699.2028501033783,10200,5016,11208,-107,-183,159,9668,-9124,8692,45,226,-201,-14820,4112,3584,-1156,236,-178,-14592,-2980,5964,-535,345,-18,0
3699.2367830276494,10000,4968,11244,-142,-206,233,9784,-9180,8856,59,16,-192,-14612,4412,3356,-1117,272,-181,-15072,-2696,6012,-529,270,48,0
3699.2703261375427,10476,4964,11120,-157,-126,285,9768,-9128,8672,39,-17,-161,-14736,4144,3572,-1131,231,-63,-14620,-2968,6136,-267,149,72,0
3699.303980112076,10308,5132,11164,-169,-44,303,9812,-9140,8784,11,-247,-88,-14736,4516,3588,-1127,235,239,-14748,-2980,5912,-535,115,58,0
3699.337350130081,10228,5008,11100,-197,-31,501,9772,-9168,8808,-4,33,-81,-14720,4236,3476,-1100,139,-20,-14384,-3160,5808,-529,206,-44,0
3699.3707520961766,10236,5060,11028,-223,-61,201,9804,-9144,8768,-1,93,-199,-14684,4136,3668,-1027,127,-158,-14584,-3224,5780,-503,0,-103,0
3699.4039499759674,10248,5184,11160,-200,-173,137,9780,-9036,8888,-36,129,-278,-14696,4324,3392,-981,134,-207,-14732,-2836,5776,-461,304,-102,0
3699.437602996826,10408,5344,10852,-208,-191,41,9728,-8968,8904,-44,155,-324,-14676,4092,3732,-979,57,-180,-14800,-3136,5712,-419,269,-147,0
3699.4712131023402,10400,5184,11024,-245,-137,3,9776,-8984,8808,-10,154,-308,-14668,4148,3824,-925,77,-158,-14708,-3052,5812,-403,3,-153,0
3699.5047600269318,10128,5156,11068,-232,-151,34,9976,-9012,8712,-23,82,-314,-14572,4208,3656,-889,65,-154,-14688,-3028,5788,-388,254,-116,0
3699.5381400585175,10252,5172,10960,-198,-119,48,9904,-9056,8848,-73,66,-295,-14664,4184,3540,-885,102,-114,-14840,-2980,5652,-430,184,-96,0
3699.5718479156494,10440,5124,11128,-223,-114,122,9868,-9156,8952,-70,65,-238,-14644,4292,3456,-960,143,-85,-14680,-3036,5816,-450,131,-62,0
3699.6055030822754,10372,4888,11068,-246,-76,192,9736,-9020,8716,-54,11,-119,-14640,4224,3540,-1004,206,-29,-14728,-2884,6008,-469,106,-255,0
3699.639028072357,10416,5060,11052,-182,-50,251,9996,-9168,8736,-113,-2,-116,-14656,4204,3428,-1003,212,238,-14772,-2936,5908,-478,87,-70,0
3699.6726310253143,10428,4892,11084,-218,-46,174,10048,-9164,8656,-59,56,-125,-14636,4272,3484,-995,154,-9,-14764,-2804,5736,-512,95,-85,0
3699.7061579227443,10492,4864,11220,-210,-15,160,9784,-9164,8724,-60,86,-125,-14596,4260,3556,-984,107,-2,-14796,-2944,5788,-474,109,-84,0
3699.7399010658264,10248,5028,11016,-202,-22,130,9972,-9092,8756,-13,128,-148,-14680,4252,3440,-1085,68,-59,-14848,-3008,5848,-455,123,-103,0
3699.7736151218414,10204,5056,11204,-226,-32,57,9752,-9196,8728,-32,203,-177,-14668,4292,3472,-1011,98,-121,-14708,-3024,5900,-449,141,-160,0
3699.8074660301213,10200,5112,11028,-188,-52,79,9844,-9184,9040,-33,138,-215,-14664,4300,3560,-981,113,-131,-14640,-3016,5744,-475,120,-139,0
3699.841079950332,10032,5024,11048,-144,-46,65,9824,-9108,8776,-31,106,-220,-14628,4188,3836,-1034,130,-90,-14576,-2632,5808,-491,153,-149,0
3699.874341964721,10272,5088,10980,-119,-71,73,9820,-9420,8628,247,112,-213,-14628,4220,3464,-1061,116,-80,-14712,-2952,5948,-490,132,-155,0
3699.90776515007,10348,5040,10952,-137,-36,52,9872,-9128,8760,-5,138,-201,-14732,4136,3628,-1057,123,-131,-14680,-2908,5812,-459,119,-163,0
3699.9412019252773,10292,5044,11176,-184,-15,47,9800,-9076,8816,10,181,-184,-14696,3952,3708,-1270,98,-78,-14652,-2972,5860,-452,103,-168,0
3699.974578142166,10472,4868,10888,-144,6,36,9924,-9044,8884,27,142,-179,-14672,4316,3816,-1015,86,-34,-14716,-3008,5796,-472,107,-126,0
3700.0081851482396,10336,5192,10808,-157,-50,101,9820,-8964,8764,-22,129,-171,-14580,4172,3588,-1067,103,-10,-14784,-3152,5852,-457,102,-128,0
3700.0418009757996,10288,5248,11148,-218,-63,121,9840,-8748,8728,-69,92,-159,-14616,4184,3796,-1013,123,-4,-14652,-2988,6020,-454,92,-102,0
3700.0755319595332,10268,5144,10824,-214,-50,148,9816,-9052,8856,-92,67,-146,-14540,4172,3708,-965,120,-48,-14636,-2920,5844,-481,89,-75,0
3700.1093509197235,10012,5136,11140,-179,-61,185,9888,-9148,8672,-31,61,-127,-14692,4348,3792,-1104,133,244,-14708,-2608,5880,-486,78,-46,0
3700.1427199840546,10368,5052,10756,-131,15,178,9892,-9156,8508,-22,32,-103,-14724,4192,3720,-1106,133,27,-14692,-2908,6024,-609,89,-103,0
3700.176181077957,10256,4900,11028,-83,26,139,10096,-9164,8676,-18,95,-169,-14736,4288,3408,-1069,124,-46,-14700,-2860,5860,-546,89,-204,0
3700.2131869792934,10368,4984,11232,-75,-5,52,10100,-9216,8728,77,142,-217,-15052,4168,3140,-974,-3,-123,-14716,-2924,5980,-492,120,-260,0
3700.249326944351,10444,5028,11220,-44,0,-57,9728,-9092,8452,40,242,-232,-14728,4232,3600,-895,-94,-147,-14680,-2936,5888,-490,97,-320,0
3700.2847249507904,10352,5028,10912,-82,9,-90,9936,-9148,8728,81,259,-245,-14836,4320,3668,-910,-89,-147,-14700,-2980,6108,-478,128,-321,0
3700.3208749294286,10212,5144,11232,-139,37,-88,9844,-8964,8924,5,304,-221,-14672,4196,3600,-859,-78,-141,-14720,-3064,5848,-417,149,-250,0
3700.3561799526215,10308,5272,10940,-202,-45,-39,9876,-9064,8796,-61,314,-204,-14520,4104,3396,-868,-68,-64,-14636,-2956,5824,-415,194,-210,0
3700.391401052475,10136,5140,11176,-280,-24,250,9708,-9192,8876,-33,1,-200,-14532,4216,3720,-957,9,-120,-14572,-2832,5872,-458,208,-126,0
3700.4273200035095,10160,5264,11224,-240,-103,98,9804,-9012,9024,-14,174,-181,-14496,4128,3736,-1006,67,-101,-14588,-3284,5656,-257,221,-102,0
3700.4623460769653,10152,5264,11132,-212,-101,132,9708,-9100,8852,-15,131,-164,-14376,4224,3616,-994,90,-119,-14752,-3164,5940,-524,196,-97,0
3700.498090982437,9984,5308,11040,-225,-147,174,9876,-9044,8864,-31,145,-189,-14604,3916,3624,-1003,135,-112,-14764,-3140,5788,-514,194,-23,0
3700.533195972442,10084,5236,11172,-236,-145,186,9860,-8996,8800,-57,82,-193,-14348,4200,3788,-959,152,-115,-14672,-2980,5796,-259,223,-15,0
3700.5693111419682,10228,5056,11080,-265,-215,225,9816,-8984,8740,-44,111,-189,-14680,4144,3460,-997,170,-118,-14724,-2956,5636,-470,202,-18,0
3700.6047849655147,10336,5080,11044,-286,-202,260,9892,-9032,8664,-63,90,-200,-14388,4252,3752,-1000,177,-83,-14788,-2960,6008,-450,189,-14,0
3700.640242099762,10288,5076,10936,-331,-202,221,9944,-9160,8564,-44,86,-187,-14708,4192,3488,-1047,143,-143,-14848,-2924,5816,-426,171,-22,0
3700.675554037094,10332,5056,11120,-319,-200,211,9952,-9260,8836,-51,123,-228,-14708,4308,3504,-1067,228,-103,-14612,-2860,5788,-485,181,-55,0
3700.7117660045624,10356,4992,11088,-296,-182,183,9908,-9140,8868,-251,93,-225,-14732,4268,3424,-1056,148,-131,-14804,-2864,5836,-501,152,-90,0
3700.747537136078,10324,5012,11164,-291,-167,146,9856,-9088,8456,8,113,-244,-14656,4144,3712,-1003,143,-154,-14636,-2944,5956,-487,157,-111,0
3700.7836990356445,10312,4908,11100,-289,-201,120,9932,-9144,8664,6,104,-210,-14760,4232,3476,-1027,94,-117,-14768,-2916,5824,-481,149,-111,0
3700.8194050788884,10228,5028,11016,-316,-176,111,9824,-9056,8736,2,125,-239,-14640,4280,3460,-1006,92,-135,-14668,-3028,5904,-498,171,-117,0
3700.8557739257812,10332,5036,10888,-300,-202,147,9916,-9008,8960,48,135,-215,-14604,4084,3336,-1011,151,-118,-14708,-3008,5784,-466,173,-94,0
3700.8891289234166,10340,5108,10984,-302,-209,154,9940,-8780,8776,249,109,-253,-14604,4320,3504,-1023,147,-174,-14632,-3032,6008,-468,218,-97,0
3700.9227211475372,10216,5124,11136,-310,-2,172,9792,-9004,8888,6,112,-251,-14640,4180,3740,-1023,196,-170,-14840,-3004,5784,-452,212,-73,0
3700.95645904541,10404,4980,11068,-240,-204,172,9940,-9112,8844,-37,89,-232,-14724,4108,3796,-1002,110,-163,-15032,-2908,5732,-488,146,-96,0
3700.989836931228,10300,4928,11080,-266,-168,166,9908,-8980,8812,29,106,-203,-14676,4116,3684,-1007,127,-119,-14596,-3304,5852,-481,166,-104,0
3701.0231509208684,10248,5100,10932,-240,-160,177,9936,-8968,8836,-4,132,-165,-14696,4328,3364,-880,73,-33,-14704,-3032,5916,-467,131,-68,0
3701.0568311214442,10420,4952,11220,-259,-180,132,9936,-9048,8736,-43,140,-220,-14732,4120,3480,-1009,90,-114,-14760,-2924,5816,-464,190,-94,0
3701.0902049541473,10292,4904,11212,-314,-187,145,9856,-9080,8788,-3,128,-215,-14676,4204,3784,-1010,104,-139,-14776,-2936,5740,-438,179,-77,0
3701.123847961426,10428,4896,10924,-192,-130,127,9904,-8928,8704,-3,134,-162,-14732,4260,3456,-1012,106,-42,-14764,-2996,5752,-472,133,-88,0
3701.156997919082,10420,4984,10900,-151,-80,109,9884,-9032,8792,-53,141,-155,-14672,4232,3772,-951,76,-43,-14672,-2932,5688,-470,93,-135,0
3701.1903510093694,10408,4892,11000,-148,-46,90,9944,-9032,8712,-53,125,-158,-14844,4160,3548,-966,95,-67,-14668,-3000,5664,-465,111,-148,0
3701.2238731384277,10408,4936,11032,-134,-18,88,9944,-8976,8640,-49,138,-164,-14600,4140,3636,-996,38,-90,-14692,-3000,5668,-451,163,-137,0
3701.2575259208684,10476,4904,10960,-115,15,71,9876,-9008,8712,-10,172,-174,-14564,4196,3456,-1044,111,-77,-14652,-2884,5644,-452,192,-83,0
3701.2911219596863,10320,5048,11008,-94,6,64,9860,-8972,8792,-50,123,-174,-14772,4148,3748,-1018,129,-42,-14684,-2968,5884,-450,139,-110,0
3701.3248269557953,10424,5068,11312,-127,-28,87,9932,-9072,8708,-54,132,-171,-14728,4224,3548,-1015,88,-27,-14684,-3076,5956,-469,116,-125,0
3701.3584520816803,10320,5140,10952,-144,-26,63,9816,-9004,8788,-54,123,-178,-14652,4284,3600,-994,74,-83,-14700,-3032,5856,-475,96,-112,0
3701.3918750286102,10340,5000,11020,-98,-28,89,9892,-9008,8788,-9,135,-151,-14636,4156,3652,-1068,129,-89,-14856,-2992,5668,-475,52,-162,0
3701.42529296875,10384,5028,11064,-140,22,79,9860,-8980,8720,-43,124,-152,-14688,4196,3504,-1046,116,-49,-14668,-2996,5964,-504,86,-141,0
3701.458915948868,10288,4908,11008,-125,53,35,9980,-9040,8940,7,148,-155,-14704,4252,3328,-1081,127,-26,-14732,-2964,5740,-460,66,-157,0
3701.4923391342163,10412,5016,11056,-109,24,64,9892,-9152,8932,-36,77,-191,-14648,4140,3452,-775,131,-70,-14664,-2976,5748,-523,121,-141,0
3701.5258610248566,10260,5092,11072,-95,-54,94,10200,-9032,8816,-254,107,-183,-14672,4212,3428,-1089,168,-89,-14760,-2896,6008,-449,85,-130,0
3701.559440135956,10260,5096,11120,-58,-39,70,9872,-8776,8776,-22,100,-163,-14748,4228,3512,-1052,134,-72,-14696,-2952,5832,-486,138,-146,0
3701.5927541255946,10292,4932,11140,-128,-69,84,9948,-8968,8776,-41,135,-191,-14384,4208,3368,-1076,135,-64,-14760,-2984,5836,-471,122,-137,0
3701.626414060592,10476,5096,11232,-69,15,62,9752,-9120,8812,-69,140,-148,-14728,4200,3392,-769,89,-35,-14868,-2972,5924,-527,74,-173,0
3701.6601021289825,10372,5040,10776,-110,11,71,9952,-9116,8872,-13,90,-173,-14704,4140,3548,-1040,57,-42,-14684,-3012,5804,-501,29,-200,0
3701.693402051925,10336,5036,10984,-116,13,66,9900,-8708,8732,-20,95,-142,-14664,4112,3452,-1061,87,-47,-14632,-3036,5740,-502,70,-127,0
3701.726911067962,10248,5108,11248,-141,1,86,9956,-9032,8904,-91,96,-148,-14708,4056,3624,-1017,21,-31,-14752,-3016,5884,-480,97,-187,0
3701.7605040073395,10280,5112,11124,-148,-57,60,9844,-9032,8708,-53,123,-151,-14736,4168,3540,-950,50,-36,-14660,-2940,5652,-498,83,-173,0
3701.7941660881042,10244,5076,10916,-112,-18,95,9896,-9052,8816,-46,138,-124,-14552,4156,3476,-1036,58,-14,-14712,-3060,5840,-519,126,-161,0
3701.8277790546413,10348,5144,11096,-131,-31,137,9808,-8932,8696,-30,129,-104,-14552,4180,3808,-988,31,-37,-14724,-3060,6012,-493,95,-177,0
3701.8609869480133,10292,5348,11164,-122,-28,97,9876,-9244,8876,-45,97,-129,-14828,4156,3780,-975,45,-34,-14616,-3056,5860,-506,83,-130,0
3701.8987159729004,10308,5128,11076,-131,-33,122,9904,-9060,8692,-30,114,-142,-14748,4252,3544,-998,45,251,-14648,-3036,5816,-482,105,-125,0
3701.9342229366302,10252,5076,11092,-160,-83,112,9920,-8992,8812,-4,125,-146,-14580,4164,3520,-1014,55,-97,-14668,-2944,6120,-492,173,-126,0
3701.969501018524,10336,5060,10952,-129,-98,143,9896,-9016,8540,-43,106,-185,-14612,4108,3556,-999,65,-59,-14732,-2980,5824,-474,166,-152,0
3702.0050001144414,10012,5096,10956,-167,-136,135,9820,-9096,8824,-30,85,-182,-14688,4192,3684,-991,74,-106,-14756,-3216,5928,-504,140,-157,0
3702.0408449172974,10340,5048,11008,-131,-54,98,9972,-9028,8748,-253,138,-218,-14596,4244,3596,-985,92,-81,-14664,-2984,5956,-532,178,-117,0
3702.0771420001984,10336,5028,11256,-149,-67,126,9900,-9056,8768,-28,120,-178,-14668,3956,3496,-1032,98,-105,-14740,-2992,5812,-492,167,-135,0
3702.112390995025,10200,5096,11036,-138,-64,83,9872,-9212,8632,-57,124,-207,-14652,4220,3368,-1024,57,-67,-14672,-2964,5692,-506,159,-128,0
3702.1486370563507,10280,5072,10900,-154,-52,64,10016,-9056,8664,-36,123,-173,-14704,4212,3496,-992,52,-97,-14800,-3032,5848,-480,178,-153,0
3702.184293985367,10384,5064,11000,-193,-80,101,9896,-9128,8824,-23,164,-177,-14700,4148,3820,-996,61,-59,-14752,-3028,5960,-499,145,-155,0
3702.2201430797572,10316,5056,11120,-155,-16,94,9832,-9084,8732,-27,83,-200,-14640,4212,3532,-1070,99,-92,-14612,-3072,5908,-500,172,-149,0
3702.2554569244385,10320,5048,11260,-156,-61,84,9876,-8784,8636,-37,113,-168,-14620,4180,3516,-1080,163,-73,-14728,-3008,5704,-746,118,-145,0
3702.291276931762,10332,5064,10940,-133,-70,115,9780,-9056,8732,-39,99,-198,-14820,4212,3664,-1069,149,-92,-14744,-2860,6108,-532,141,-147,0
3702.3275671005254,10316,5136,11064,-134,-51,89,9816,-9120,8620,-28,123,-195,-14624,4212,3540,-1034,140,-83,-14716,-2852,5924,-762,137,-117,0
3702.3627469539642,10248,5160,10792,-143,-20,102,9856,-9080,8668,-74,146,-169,-14664,4152,3584,-1019,140,-41,-14716,-2952,5948,-519,91,-115,0
3702.3986251354213,10320,5048,11004,-209,17,83,9928,-9076,8820,-20,148,-165,-14580,4228,3640,-1012,79,-57,-14604,-3076,5984,-519,150,-104,0
3702.4337310791016,10248,5028,10980,-506,-7,112,9892,-9088,8760,-16,169,-147,-14652,4188,3632,-1014,113,-74,-14700,-3172,5792,-469,119,-116,0
3702.4697139263153,10328,5168,11252,-224,-72,96,9868,-9104,8564,-133,134,-209,-14628,4260,3676,-984,105,-58,-14732,-3048,5816,-471,161,-119,0
3702.5050539970402,10308,5004,10940,-262,-46,124,9916,-9040,8800,-21,141,-194,-14636,4260,3492,-1015,99,-96,-14772,-2820,6108,-491,163,-61,0
3702.5411109924316,10292,5084,11036,-245,-58,118,9948,-9012,8844,-28,167,-186,-14580,4140,3484,-1005,127,-129,-14736,-2996,5892,-498,151,-114,0
3702.5747630596165,10280,5060,11204,-292,-38,94,9908,-9112,8692,-41,140,-180,-14692,4252,3488,-1001,106,-99,-14760,-3144,5860,-465,125,-103,0
3702.6081631183624,10380,5028,11140,-295,-55,95,9736,-9076,8944,-62,144,-213,-14724,4300,3328,-921,80,-97,-14716,-2996,6072,-450,152,-75,0
3702.641660928726,10212,5040,11112,-309,-75,106,9916,-9156,8848,-68,147,-205,-14616,4132,3452,-958,103,-63,-14660,-3048,5636,-465,193,-86,0
3702.6752729415894,10472,5092,11080,-244,-105,125,9952,-9072,8908,-18,133,-211,-14612,4132,3564,-938,139,-147,-14732,-2932,5796,-446,196,-76,0
3702.708773136139,10356,4872,11012,-252,-130,131,9884,-8880,8716,-16,135,-11,-14652,4312,3752,-951,118,-175,-14776,-2892,5848,-452,237,-66,0
3702.74234008789,9988,5072,11192,-284,-164,128,9884,-8968,8792,10,123,-263,-14676,4288,3680,-952,94,-175,-14640,-2968,5960,-455,240,-93,0
3702.7758579254155,10344,4932,10788,-252,-113,141,9960,-9036,8464,-20,158,-243,-14644,4164,3588,-942,76,-123,-14712,-3024,5632,-471,210,-103,0
3702.809597969055,10396,5064,11084,-241,-119,126,9912,-9024,8832,-20,161,-226,-14688,4180,3428,-949,83,-121,-14728,-2948,5900,-461,223,-46,0
3702.843174934387,10424,5092,11148,-279,-166,160,9968,-9080,8880,-32,139,-222,-14540,4136,3484,-964,84,-95,-14832,-3092,5868,-448,225,-105,0
3702.8769631385803,10008,4872,11124,-265,-149,145,9924,-8980,8684,-59,150,-214,-14752,4124,3744,-950,91,-141,-14776,-3024,5744,-456,180,-58,0
3702.9099600315094,10396,5004,11072,-283,-123,132,9992,-9124,8720,-49,127,-213,-14672,4232,3500,-948,107,-91,-14776,-2892,5832,-463,134,-100,0
3702.94351196289,10336,5040,11064,-248,-129,142,9912,-9036,8724,24,100,-189,-14632,4240,3560,-994,97,-69,-14632,-3008,5960,-465,192,-80,0
3702.9771530628204,10204,5060,11208,-226,-98,163,9804,-8980,8904,-35,111,-214,-14584,4168,3512,-967,150,-110,-14652,-2912,5752,-473,163,-78,0
3703.0105991363525,10392,4936,11168,-226,-163,146,9900,-9120,8776,-51,90,-239,-14632,4196,3476,-987,107,-150,-14728,-2900,5944,-487,176,-98,0
3703.0443689823146,10344,4968,11204,-1,-152,152,9928,-9100,8752,-30,134,-180,-14696,4260,3728,-1004,125,-107,-14652,-2936,5880,-470,156,-105,0
3703.0779371261597,10376,5056,10880,-226,-153,160,9736,-9004,8880,-9,130,-187,-14828,4188,3456,-1024,130,-69,-14712,-2916,5836,-467,183,-68,0
3703.1112589836125,10432,4936,10756,-234,-150,146,9912,-9048,8804,-4,125,-194,-14700,4124,3492,-982,112,-100,-14792,-2988,5756,-458,131,-128,0
3703.1445541381836,10304,5008,10984,-231,-117,125,9872,-8984,8632,-26,126,-220,-14624,4212,3572,-1038,103,-89,-14688,-2952,5828,-485,133,-114,0
3703.1781189441685,10336,5008,10952,-177,-80,124,9988,-8960,8716,-70,90,-196,-14748,4092,3460,-1032,155,-77,-14772,-2960,5784,-487,118,-110,0
3703.2118289470673,10460,5056,11224,-121,-85,118,9908,-8920,8868,-66,110,-171,-14668,4112,3560,-1064,166,-109,-14812,-2908,5684,-532,164,-159,0
3703.2455611228943,10384,4980,10896,-168,-70,90,9952,-8996,8820,-28,135,-191,-14744,4124,3432,-1065,184,-85,-14688,-2980,5692,-509,146,-159,0
3703.2792699337006,10372,4892,11068,-154,-86,70,9888,-9036,8804,-254,127,-221,-14708,4228,3588,-1056,168,-65,-14676,-3048,5824,-514,138,-147,0
3703.3127810955043,10336,5036,11096,-141,-62,68,9928,-9216,8816,-34,144,-180,-14672,4168,3568,-1062,128,-62,-14720,-2988,5784,-489,140,-138,0
3703.3463871479034,10360,5080,11200,-127,-37,100,9928,-9088,8720,-50,127,-176,-14652,4220,3528,-1012,134,-95,-14696,-2940,5740,-494,147,-146,0
3703.3798820972443,10276,4988,10768,-145,-68,84,9904,-8992,8800,-36,139,-151,-14448,4220,3696,-1016,98,-97,-14760,-2976,5788,-476,125,-121,0
3703.413295030594,10260,4952,11240,-110,-46,72,9856,-9076,8768,-44,135,-168,-14664,4144,3600,-1036,112,-14,-14660,-2996,5816,-478,130,-141,0
3703.4490280151363,10284,5028,10916,-110,-26,92,9736,-9048,8780,-5,146,-169,-14720,4136,3556,-1273,103,-5,-14696,-2996,5860,-475,118,-170,0
3703.4831140041356,10352,5004,11036,-127,-26,85,9896,-8976,8840,-22,128,-162,-14688,4168,3392,-1043,112,-47,-14708,-3040,5888,-501,126,-149,0
3703.5167989730835,10352,5028,11076,-122,-69,98,9984,-9020,8656,-249,116,-179,-14828,4228,3748,-774,113,-119,-14736,-3008,5828,-502,141,-109,0
3703.5527880191803,10352,5052,11088,-121,-86,112,9860,-9064,8808,-24,122,-189,-14636,4212,3684,-1004,118,-40,-14708,-2908,5820,-474,169,-144,0
3703.5882959365845,10336,5044,10776,-96,-103,113,9960,-8972,8664,-9,127,-178,-14804,4236,3480,-985,88,-63,-14776,-3000,5780,-470,157,-135,0
3703.6233689785004,10428,5064,10960,-135,-106,112,9892,-9012,8648,-38,164,-155,-14708,4156,3492,-990,68,-57,-14664,-2956,5944,-493,128,-149,0
3703.6587769985204,10256,4980,10920,-123,-47,86,9968,-9020,8788,-29,161,-148,-14672,4324,3544,-984,26,-24,-14788,-2936,5868,-479,149,-127,0
3703.693966150284,10240,5032,11056,-93,-56,94,9768,-9004,8744,-6,131,-172,-14580,4244,3368,-981,56,-73,-14680,-2992,5760,-493,136,-165,0
3703.7295250892644,10396,5092,11032,-126,-82,115,9736,-9064,8740,-25,92,-161,-14612,4124,3636,-924,68,-48,-14716,-3232,5880,-482,128,-132,0
3703.7648601531982,10360,5088,11068,-150,-113,103,9944,-9128,8768,-18,118,-169,-14616,4156,3512,-1036,71,-52,-14756,-3020,5836,-486,155,-123,0
3703.8005039691925,10296,5124,11064,-157,-105,118,9908,-9048,8756,-21,71,-176,-14620,4240,3552,-994,80,-30,-14684,-2824,5636,-505,123,-132,0
3703.8360381126404,10384,5076,11028,-132,-68,120,9728,-9060,8716,-40,73,-165,-14680,4244,3524,-992,94,-50,-14708,-3064,5784,-486,89,-150,0
3703.87229013443,10288,5108,10952,-139,-68,90,9908,-9204,8804,-40,142,-151,-14612,4264,3512,-1031,66,-104,-14688,-3004,5780,-488,141,-150,0
3703.9079160690308,10424,5040,11076,-157,-69,89,9900,-9064,8792,-36,109,-168,-14684,4196,3360,-995,68,-15,-14656,-2992,5696,-464,88,-161,0
3703.942841053009,10372,5092,11016,-126,-73,98,9852,-9104,8616,-74,104,-174,-14812,4264,3708,-967,40,-59,-14796,-2988,6120,-516,72,-176,0
3703.9781501293182,10292,4988,10900,-156,-80,97,9904,-9040,8644,-252,222,-77,-14664,4148,3324,-1033,97,-40,-14644,-2960,5900,-498,98,-130,0
3704.014228105545,10256,5068,10888,-132,-255,99,9940,-9024,8584,-72,120,-129,-14664,4200,3620,-1011,116,-52,-14644,-2844,5748,-508,115,-135,0
3704.0506651401524,10356,4980,10908,-176,-62,82,9984,-9080,8764,-253,133,-188,-14728,4240,3496,-1050,100,-99,-14704,-2924,5740,-497,129,-170,0
3704.0859110355373,10492,5052,10916,-151,-30,107,10144,-9072,8812,-39,95,-136,-14540,4144,3388,-1093,118,-42,-14712,-3004,5808,-524,109,-157,0
3704.121876001358,10380,5112,10768,-111,-2,103,10152,-9040,8868,-34,131,-114,-14828,4340,3552,-1052,111,-68,-14672,-3240,5660,-482,73,-157,0
3704.1577451229095,10336,5184,11116,-181,-253,82,9884,-9128,8804,-55,122,-163,-14608,4136,4060,-952,44,-52,-14628,-2972,5900,-496,66,-166,0
3704.193010091781,10336,5032,11048,-135,6,59,9864,-9024,8904,-49,151,-149,-14720,4236,3564,-1013,92,-56,-14724,-3060,5896,-506,132,-139,0
3704.228564977646,10244,5096,11156,-178,-49,118,9904,-9028,8456,7,135,-176,-14572,4200,3572,-1044,102,-58,-14616,-2996,5772,-515,196,-126,0
3704.261986017227,10272,5020,10940,-168,-63,102,9948,-9016,8804,-23,158,-182,-14700,4268,3628,-1068,157,-110,-14628,-2924,5780,-458,159,-126,0
3704.2956869602203,10392,5056,10828,-227,-42,110,10236,-8996,8904,-255,175,-187,-14660,4328,3528,-1062,94,-148,-14696,-3060,5868,-461,170,-113,0
3704.329230070114,10240,5080,11192,-243,-73,96,9924,-9088,8684,-3,113,-208,-14592,4148,3548,-1049,102,-114,-14636,-2988,5856,-467,136,-85,0
3704.362688064575,10312,5364,11036,-256,-100,111,9872,-9148,8668,-12,119,-225,-14724,4232,3616,-1003,113,-105,-14688,-3072,5860,-475,134,-101,0
3704.3964319229126,10340,5072,11288,-230,-76,127,9904,-9092,8740,-46,131,-198,-14556,4180,3516,-1007,101,-95,-14664,-3036,6016,-467,157,-90,0
3704.4299919605255,10480,5256,11108,-275,-85,120,9908,-8796,8868,-51,145,-211,-14596,4288,3724,-960,88,-154,-14600,-3024,5824,-481,188,-91,0
3704.4632580280304,10312,5068,10996,-263,-84,84,9908,-9120,8928,-75,170,-228,-14640,4304,3600,-921,96,-171,-14600,-3016,5840,-447,181,-39,0
3704.496881008148,10396,5064,11060,-282,-71,107,9884,-9056,8664,-37,164,-231,-14620,4268,3628,-926,109,-146,-14764,-2880,5800,-426,207,-64,0
3704.5304760932922,10276,5048,11052,-320,-108,123,10040,-9108,8812,-11,165,-213,-14636,4176,3668,-977,69,-140,-14676,-3024,5784,-442,226,-34,0
3704.5641081333165,10336,5108,11096,-295,-110,125,9956,-9096,8516,-36,143,-222,-14588,4000,3656,-930,112,-148,-14648,-2988,5696,-452,205,-65,0
3704.5977280139923,10360,5088,10996,-310,-123,136,9868,-9088,8612,-30,109,-233,-14652,4244,3600,-935,76,-144,-14644,-3032,5724,-446,220,-49,0
3704.6311781406403,10332,4996,11100,-272,-155,128,9900,-8752,8836,-7,131,-205,-14620,4148,3460,-951,77,-166,-14624,-2960,5956,-458,223,-101,0
3704.664701938629,10348,5100,11044,-302,-102,124,9896,-8728,8732,-26,143,-194,-14672,4124,3816,-937,92,-96,-15072,-2976,5788,-432,156,-52,0
3704.6982650756836,10444,5032,11168,-293,-121,125,9964,-8948,8604,-48,118,-196,-14624,4236,3548,-957,51,-69,-14812,-2936,5852,-478,143,-93,0
3704.7318339347844,10372,4928,10860,-291,-140,158,10040,-9004,8752,-6,116,-188,-14640,4164,3464,-1016,87,-71,-14584,-2988,5936,-454,149,-86,0
3704.7655169963837,10284,5020,10956,-241,-99,139,10056,-9072,8808,-45,149,-183,-14716,4064,3724,-1030,114,-87,-14696,-3004,5804,-446,118,-105,0
3704.7990629673004,10284,5068,11152,-264,-123,96,9924,-9076,8764,-54,137,-239,-14632,4200,3700,-966,74,-147,-14680,-2896,5964,-481,188,-86,0
3704.8325979709625,10324,4976,11088,-266,-147,127,9892,-9008,8832,5,157,-187,-14680,4184,3372,-1277,94,-110,-14824,-2892,6048,-499,147,-107,0
3704.8661620616913,10292,5060,11096,-245,-118,165,9916,-9192,8644,255,116,-147,-14656,4072,3428,-1023,116,-67,-14788,-3016,5872,-479,100,-112,0
3704.8998930454254,10248,5040,10988,-252,-127,134,9748,-9184,8756,-43,147,-180,-14612,4176,3672,-972,100,-61,-14644,-2952,5792,-465,123,-135,0
3704.933426141739,10336,4980,11132,-219,-124,120,9888,-9072,8892,-51,123,-189,-14660,4172,3372,-990,112,-74,-14736,-2984,5772,-479,152,-72,0
3704.96692609787,10320,4972,10888,-162,-120,121,9968,-9048,8740,-71,92,-236,-14616,4096,3428,-1034,159,-89,-14692,-2904,5432,-483,186,-108,0
3705.0001890659332,10392,4924,11256,-187,-152,133,9936,-9052,8732,-44,103,-228,-14600,4176,3432,-1076,157,-110,-14708,-2956,5848,-505,177,-95,0
3705.0336749553685,10376,5008,10980,-148,-87,111,9996,-8984,8472,-44,154,-187,-14716,4136,3512,-1072,146,-40,-14792,-2988,5720,-482,134,-140,0
3705.0673091411595,10520,4976,11164,-158,-43,103,10000,-9032,8940,2,131,-141,-14588,4180,3368,-1077,162,-80,-14660,-2828,5752,-525,104,-141,0
3705.1010711193085,10340,4980,10972,-155,-29,87,10116,-9020,8884,-23,117,-176,-14672,4280,3472,-1128,174,-104,-14672,-2824,5808,-490,120,-111,0
3705.1344909667973,10396,5044,11016,-113,-70,113,9884,-8996,8884,-11,105,-158,-14648,4164,3708,-1059,127,-91,-14424,-2984,6136,-531,129,-147,0
3705.168079137802,10316,4896,11156,-103,-70,86,9912,-8996,8752,-29,115,-160,-14624,4204,3452,-1047,134,-32,-14468,-3016,5828,-478,117,-141,0
3705.201516151428,10280,4976,10836,-143,-48,76,9784,-9012,8864,-49,143,-182,-14540,4220,3584,-1043,94,-72,-14736,-3020,6064,-485,109,-151,0
3705.2375240325923,10368,5016,11024,-156,-59,81,9984,-9104,8576,-254,161,-156,-14676,4228,3836,-1024,69,-86,-14688,-3032,6044,-471,101,-139,0
3705.2733800411224,10356,5060,10996,-131,-84,88,9780,-9104,8792,-19,130,-180,-14636,4248,3472,-769,94,-31,-14832,-3012,5764,-491,130,-175,0
3705.3094420433044,10352,5044,11036,-109,-63,94,9856,-9104,8780,-20,128,-180,-14660,4100,3536,-773,123,-114,-14708,-3020,5728,-510,178,-133,0
3705.344826936722,10260,5072,11040,-107,-96,95,9944,-8968,8712,-43,99,-196,-14668,4192,3564,-1017,119,-62,-14656,-2908,5648,-470,136,-131,0
3705.3800449371333,10444,5056,10908,-88,-86,101,9916,-9064,8780,-48,115,-168,-14552,4204,3560,-1002,103,-99,-14740,-2880,5776,-488,130,-147,0
3705.4154410362244,10400,4992,10960,-147,-54,69,10208,-9044,8672,-30,133,-164,-14732,4116,3432,-1034,54,-63,-14624,-2984,5816,-492,135,-139,0
3705.450786113739,10392,5052,11072,-141,-31,112,10028,-9052,8752,-14,177,-140,-14748,4168,3416,-1006,52,-60,-14668,-3012,5832,-466,86,-139,0
3705.4876070022583,10428,5104,11056,-118,-60,79,9964,-9080,8748,-68,170,-131,-14696,4348,3368,-935,24,-80,-14756,-2980,5800,-485,123,-159,0
3705.523280143738,10312,5068,10780,-161,-69,55,9860,-9056,8772,-19,132,-182,-14540,4276,3468,-1004,56,-30,-14832,-3028,5880,-451,166,-125,0
3705.559184074402,10372,5060,11068,-142,-38,96,10208,-8940,8832,-19,145,-151,-14604,4164,3596,-987,69,-19,-14624,-2976,6092,-484,139,-141,0
3705.5944221019745,10292,4972,11036,-147,-64,104,9904,-9060,8568,-37,165,-157,-14628,4176,3496,-998,59,242,-14720,-2964,5940,-488,107,-127,0
3705.630322933197,10376,5072,10816,-175,-42,99,9860,-8988,8924,-43,164,-142,-14748,4264,3348,-1003,55,-20,-14684,-3004,5840,-483,108,-155,0
3705.666109085083,10428,4920,10948,-119,-22,105,9956,-9064,8716,-14,160,-151,-14632,4204,3540,-1024,62,-63,-14744,-2932,5888,-490,133,-159,0
3705.7018799781804,10172,5048,11208,443,-620,-195,9648,-8776,8600,49,124,-203,-14636,4180,3756,-1026,50,-37,-14612,-3096,5940,-510,146,-114,0
3705.7381300926213,10288,5068,10876,-119,-98,100,9952,-9052,8628,-19,111,-191,-14656,4264,3832,-1039,97,-63,-14644,-3016,5892,-476,145,-133,0
3705.773658037185,10092,5060,10956,-133,-67,117,9864,-9060,8916,-15,106,-171,-14628,4208,3672,-1034,109,-73,-14744,-3216,5860,-510,149,-118,0
3705.8097469806667,10376,5080,10992,-126,-60,116,9752,-8996,8784,-11,145,-172,-14676,4172,3548,-990,88,-39,-14696,-3032,5768,-468,148,-145,0
3705.8450181484222,10380,4996,11192,-141,-85,126,10200,-9204,8900,-43,130,-156,-14624,4148,3584,-1033,108,-88,-14676,-2872,5676,-480,125,-135,0
3705.881446123123,10384,5212,10932,-151,-84,81,9884,-9048,8952,-57,121,-180,-14664,4148,3648,-976,92,-68,-14684,-2992,5724,-465,131,-140,0
3705.9147989749918,10280,5080,11008,-139,-89,70,9868,-9092,8856,-39,173,-180,-14380,4248,3444,-1007,77,-40,-14676,-3004,6100,-477,133,-129,0
3705.948529958725,10388,5036,10964,-170,-86,98,9856,-8996,8872,-12,168,-192,-14788,4448,3656,-1009,77,-97,-14744,-3024,5852,-500,159,-125,0
3705.9819259643555,10400,5128,11124,-154,-64,99,9924,-9056,8748,-33,138,-188,-14652,4276,3664,-1013,93,-122,-14676,-3020,5808,-491,179,-123,0
3706.0153779983525,10512,5036,10964,-130,-53,81,9912,-9056,8688,-15,100,-174,-14572,4248,3444,-1029,85,-89,-14628,-3072,5716,-499,138,-152,0
3706.0486209392548,10448,5132,11012,-132,-79,107,9940,-9088,8748,-13,123,-187,-14608,4316,3512,-1010,117,-46,-14664,-3116,5932,-475,161,-156,0
3706.0821380615234,10340,5016,11140,-194,-93,90,9932,-9040,8728,-38,121,-197,-14676,4188,3672,-1032,104,-95,-14744,-2892,5780,-471,156,-129,0
3706.1151280403133,10320,5016,10788,-162,-44,72,9800,-9020,8732,-33,159,-203,-14684,4172,3340,-981,134,-76,-14784,-2940,5872,-482,101,-134,0
3706.1485121250153,10420,5044,11072,-146,-43,106,9940,-9044,8768,-52,98,-152,-14688,4220,3612,-1073,110,-74,-14680,-2824,5892,-530,98,-135,0
3706.182030916214,10336,5044,11020,-180,-20,117,9808,-8980,8760,4,125,-154,-14548,4112,3696,-1074,161,-48,-14732,-2832,5656,-482,93,-107,0
3706.2155940532684,10332,5104,10752,-172,-48,114,9936,-9212,8564,-73,140,-160,-14676,4244,3548,-1039,134,-53,-14696,-3116,5696,-480,106,-130,0
3706.249127149582,10396,5136,11032,-202,-69,82,10008,-9020,8744,-37,130,-194,-14692,4324,3544,-1049,110,-70,-14712,-3024,5796,-515,133,-122,0
3706.2825970649724,10388,5340,10760,-143,-44,89,9964,-8944,8596,-20,142,-154,-14644,4140,3572,-1060,135,-23,-14816,-3296,5932,-470,109,-135,0
3706.3158650398254,10636,5180,11100,-158,-41,123,9964,-9004,8844,-44,122,-171,-14648,4132,3632,-1044,103,-46,-14712,-3024,5648,-485,109,-147,0
3706.3493361473083,10344,4988,11200,-188,-19,94,9820,-9040,8788,-38,124,-163,-14668,4164,3464,-1052,109,-69,-14532,-3132,5780,-461,114,-144,0
3706.382777929306,10188,5136,10952,-174,-36,101,9864,-9072,8788,-30,148,-164,-14668,4236,3420,-779,102,-79,-14600,-3024,5864,-492,134,-99,0
3706.4160530567174,10412,5064,10912,-149,-44,123,9844,-9020,8684,-38,143,-162,-14836,4280,3500,-1010,121,-68,-14612,-3016,5916,-452,167,-108,0
3706.449692964554,10304,5072,10964,-196,-62,99,9816,-9052,8784,-32,170,-169,-14620,4332,3692,-1048,140,-62,-14608,-2968,5940,-482,153,-87,0
3706.4829969406132,10364,5140,11088,-210,-27,117,9956,-9084,8652,-35,129,-184,-14600,4156,3668,-1052,108,-106,-14656,-3200,5920,-467,139,-104,0
3706.5165350437164,10320,5060,10756,-201,-30,87,9888,-9044,8784,-12,140,-188,-14372,4204,3636,-991,86,-56,-14708,-3084,5788,-453,158,-106,0
3706.5500199794774,10388,5092,10848,-208,-45,114,9884,-9164,8688,-30,159,-161,-14616,4148,3748,-923,102,-89,-14784,-3004,5840,-464,149,-72,0
3706.583641052246,10364,5044,10948,-249,-67,125,9880,-9076,8788,-46,150,-182,-14528,4268,3572,-975,78,-96,-14756,-3004,5872,-439,185,-82,0
3706.6169419288635,10360,5168,10944,-238,-80,103,9916,-9064,8804,-79,148,-214,-14600,4164,3564,-891,45,-95,-14716,-3048,6016,-455,179,-75,0
3706.6502890586853,10252,5120,10896,-264,-79,85,9900,-9100,8792,-89,162,-208,-14560,4156,3644,-882,46,-132,-14660,-2988,5852,-437,213,-67,0
3706.6839089393616,10348,5072,10832,-297,-63,94,9876,-8956,8904,-32,169,-202,-14836,4156,3544,-927,38,-96,-14696,-2964,5684,-449,192,-86,0
3706.717385053634,10268,5004,11080,-291,-54,104,9868,-9196,8500,-54,144,-213,-14364,4276,3376,-925,95,-138,-14604,-2924,6128,-441,162,-67,0
3706.7509350776672,10276,5040,11064,-285,-76,103,9920,-9064,8800,-29,162,-210,-14552,4212,3420,-957,104,-162,-14672,-2932,5828,-470,177,-47,0
3706.7844791412354,10380,5104,11248,-295,-100,120,9908,-9160,8716,-30,151,-230,-14488,4104,3688,-954,117,-112,-14708,-3044,5756,-457,195,-66,0
3706.8179919719696,10308,5268,11016,-281,-108,126,9984,-9084,8736,-39,129,-227,-14704,4188,3612,-983,136,-135,-14708,-3092,5916,-479,207,-37,0
3706.851581096649,10364,5024,10932,-4,-123,137,9916,-9156,8796,-49,94,-233,-14628,4220,3616,-965,116,-102,-14748,-3052,5920,-470,192,-104,0
3706.8850560188293,10392,5032,10992,-250,-123,135,9924,-9072,8816,-37,108,-210,-14628,4268,3572,-966,86,-165,-14784,-3036,5844,-482,163,-97,0
3706.921723127365,10436,4932,10976,-255,-98,114,9856,-9044,8676,-56,143,-199,-14836,4172,3460,-982,120,-89,-14828,-2992,5644,-424,153,-98,0
3706.9571540355682,10348,5076,10916,-234,-86,116,9736,-8816,8776,-44,158,-189,-14688,4292,3464,-959,85,-117,-14728,-2932,5896,-475,129,-102,0
3706.9923090934753,10632,4996,11088,-293,-57,113,9900,-9140,8760,-22,117,-187,-14768,4240,3672,-983,78,-66,-14612,-2916,5896,-482,124,-90,0
3707.0274770259853,10364,5012,11172,-11,-84,132,9868,-9004,8624,7,76,-188,-14604,4116,3660,-1068,115,-108,-14708,-3020,5904,-464,107,-82,0
3707.0629069805145,10356,5364,10884,-218,-90,128,9948,-9096,8708,-97,131,-230,-14652,4308,3668,-1011,150,-135,-14684,-2940,6124,-482,127,-115,0
3707.099339962005,10296,4980,11156,-265,-140,129,9872,-9072,8768,-26,94,-203,-14820,4152,3500,-1008,135,-108,-14764,-2876,5664,-476,153,-84,0
3707.1342890262604,10396,4980,11236,-221,-123,165,10024,-9028,8448,5,120,-175,-14652,4224,3364,-1062,156,-99,-14796,-2904,5916,-514,107,-130,0
3707.1706569194794,10304,5088,11004,-229,-94,120,9952,-9104,8864,-18,153,-164,-14640,4196,3536,-1004,93,-48,-14684,-2972,5912,-481,68,-112,0
3707.206114053726,10320,5000,10920,-209,-85,114,9872,-9076,8656,-50,119,-197,-14720,4108,3516,-971,123,-81,-14740,-2844,5744,-496,127,-97,0
3707.2418050765996,10376,5052,11196,-168,-151,132,10008,-8960,8820,-65,84,-196,-14652,4204,3448,-774,160,-101,-14648,-2912,5880,-483,162,-120,0
3707.277715921402,10472,4972,10940,-171,-183,135,9948,-8988,8676,-35,97,-233,-14572,4220,3352,-1034,148,-93,-14680,-2824,5844,-482,226,-105,0
3707.3130350112915,10352,5032,11056,-155,-126,127,9972,-9036,8776,-58,91,-207,-14616,4236,3428,-776,134,-97,-14808,-3016,5896,-500,180,-126,0
3707.348222017288,10300,4936,10816,-143,-95,118,9756,-9096,8768,-12,156,-160,-14692,4168,3552,-1036,125,-39,-14828,-2920,5740,-467,155,-118,0
3707.383733034134,10440,5008,11252,-148,-27,79,10060,-8992,8768,2,165,-163,-14692,4220,3420,-1053,134,-70,-14744,-2928,6080,-485,163,-121,0
3707.4295270442963,10336,5068,11004,-150,-37,113,9948,-8984,8776,-49,154,-138,-14748,4100,3728,-1004,79,-30,-14700,-3052,5812,-479,128,-126,0
3707.4770021438603,10420,5076,11136,-138,-69,93,9944,-8984,8564,-49,148,-177,-14652,4196,3484,-943,84,-67,-14780,-2932,5864,-481,160,-147,0
3707.5215439796452,10308,5016,10848,-158,-94,81,9940,-9044,8736,-27,173,-176,-14712,4244,3428,-951,41,-48,-14724,-2992,5788,-472,180,-120,0
3707.559154987335,10384,4996,10976,-163,-62,97,9956,-9076,8824,-12,174,-144,-14664,4128,3644,-979,53,-44,-14416,-2932,5740,-480,139,-97,0
3707.5928621292114,10260,4988,11152,-144,-77,82,9984,-9100,8716,-1,163,-171,-14652,4284,3492,-996,34,-65,-14712,-2916,5908,-480,164,-131,0
3707.626407146454,10340,4992,11072,-106,-86,95,10204,-8980,8772,-6,136,-157,-14692,4172,3372,-1276,59,-90,-14660,-3024,5748,-459,140,-120,0
3707.6598660945892,10524,5052,11080,-94,-76,106,9976,-9016,8780,254,124,-164,-14704,4100,3484,-1011,98,-60,-14776,-2892,5776,-497,171,-136,0
3707.693387031555,10448,4936,11116,-122,-95,113,9964,-9008,8808,-12,132,-156,-14648,4168,3332,-1001,86,-51,-14788,-2984,5696,-487,156,-146,0
3707.726809978485,10428,5076,10892,-136,-44,106,9920,-9004,8736,-35,144,-143,-14616,4168,3672,-992,79,-66,-14792,-2888,5784,-477,68,-140,0
3707.7604939937596,10376,4952,11072,-129,-15,90,9892,-9020,8804,-4,136,-146,-14684,4216,3480,-1013,41,-49,-14688,-2968,5960,-517,94,-176,0
3707.7938740253453,10360,5040,11060,-173,-29,82,9828,-9028,8820,23,156,-154,-14704,4168,3588,-1047,75,-46,-14696,-2972,5972,-453,99,-122,0
3707.8276679515843,10280,5108,10964,-146,-21,66,9904,-9056,8876,-79,165,-156,-14616,4188,3580,-1016,35,-21,-14736,-2996,5760,-470,124,-185,0
3707.8613419532776,10404,4972,10952,-175,-96,35,9876,-9060,8956,-19,134,-193,-14556,4228,3476,-1013,49,-49,-14748,-2904,5840,-496,133,-155,0
3707.894457101822,10284,4992,10940,-139,-54,53,9824,-8916,8756,-27,129,-172,-14356,4252,3452,-1037,54,-86,-14344,-2960,5720,-761,146,-184,0
3707.928076982498,10452,4912,11032,-103,-77,109,9908,-9028,8604,-21,163,-125,-14380,4224,3648,-1039,65,-54,-14652,-2916,5832,-486,117,-152,0
3707.9615979194646,10364,5052,11120,-151,-35,125,9980,-9112,8784,-31,122,-161,-14676,4212,3348,-1046,38,-28,-14780,-3024,5988,-479,109,-164,0
3707.9951109886174,10304,5100,11000,-181,-57,124,9848,-9104,8784,-52,154,-152,-14652,4184,3584,-976,82,-19,-14760,-3016,5836,-478,140,-116,0
3708.028438091278,10432,5140,11084,-157,-81,126,9928,-8908,8804,-40,140,-153,-14708,4152,3624,-1051,117,-96,-14760,-2952,5724,-495,156,-122,0
3708.0619399547572,10372,5096,11064,-178,-88,131,9908,-9120,8748,255,141,-183,-14504,4256,3696,-1073,121,-125,-14636,-3048,5804,-467,174,-134,0
3708.0954089164734,10312,5152,10876,-151,-87,128,9752,-9044,8828,-8,104,-192,-14636,4184,3640,-1094,120,-70,-14688,-3044,5832,-505,159,-154,0
3708.1289250850677,10448,5044,11188,-176,-98,105,10012,-9068,8784,-37,138,-166,-14696,4224,3668,-1056,145,-67,-14840,-2840,5700,-485,97,-150,0
3708.1622800827026,10488,5016,11004,-157,-43,92,9832,-9088,8764,21,112,-183,-14496,4248,3588,-1049,119,-90,-14672,-3000,5656,-481,144,-135,0
3708.195821046829,10308,4944,11020,-200,-78,110,9780,-9216,8936,-33,103,-168,-14360,4208,3576,-1278,105,-93,-14664,-3012,5744,-493,152,-116,0
3708.2293770313263,10408,5140,10884,-179,-80,120,9936,-9040,8900,-25,99,-186,-14600,4224,3368,-1280,118,-80,-14740,-3068,5844,-456,155,-119,0
3708.2628729343414,10296,5100,11040,-171,-76,108,9880,-9020,8756,-36,135,-188,-14356,4292,3380,-769,123,-70,-14752,-2948,6104,-475,169,-129,0
3708.2965710163116,10332,4936,11068,-175,-87,84,9832,-9008,8744,-26,154,-208,-14680,4160,3824,-1016,124,-51,-14724,-2988,5744,-473,171,-121,0
3708.3301610946655,10396,5284,10888,-158,-71,126,9952,-9068,8768,-36,134,-173,-14712,4256,3604,-997,134,-89,-14660,-2940,5952,-477,147,-110,0
3708.3635201454163,10328,5004,10944,-170,-55,88,10016,-8972,8728,-30,119,-175,-14700,4252,3648,-1017,118,-86,-14628,-3096,5844,-480,129,-120,0
3708.3971610069275,10440,5356,10968,-163,-55,84,9932,-9188,8916,-37,110,-187,-14712,4156,3580,-1274,99,-70,-14660,-2996,5848,-468,146,-130,0
3708.4308750629425,10392,4904,11256,-188,-53,98,9920,-9032,8800,-48,135,-172,-14636,4264,3632,-983,84,-43,-14764,-3152,5800,-468,141,-134,0
3708.468794107437,10376,5352,11068,-160,-87,112,9900,-8996,8796,-63,145,-169,-14596,4180,3608,-955,105,-95,-14728,-3052,5832,-489,168,-122,0
3708.5024230480194,10388,5320,11092,-202,-62,124,9888,-9032,8668,-30,150,-187,-14636,4168,3636,-961,50,-81,-14720,-3024,5772,-460,195,-125,0
3708.5356309413914,10244,5056,11084,-168,-61,109,9904,-9056,8808,-35,180,-158,-14596,4140,3480,-936,37,-56,-14700,-3004,5844,-475,174,-103,0
3708.569112062454,10400,5184,11076,-200,-46,111,9972,-9044,8812,-16,203,-171,-14628,4184,3624,-891,36,-72,-14596,-3004,5820,-456,180,-85,0
3708.60551905632,10292,5112,11164,-178,-21,80,9820,-9116,8688,-39,184,-179,-14652,4096,3780,-860,78,-131,-14732,-3024,5864,-453,137,-97,0
3708.6412291526794,10376,4892,11028,-181,-6,85,9900,-9096,8860,-49,137,-171,-14696,4304,3512,-915,78,-80,-14776,-3040,5784,-487,113,-117,0
3708.6771359443665,10344,4988,11232,-507,-36,120,9956,-9184,8780,-23,134,-150,-14700,4144,3332,-828,122,-116,-14700,-3012,5976,-535,166,-80,0
3708.71240901947,10256,5092,10972,-215,-49,118,9900,-8980,8836,-54,130,-185,-14596,4144,3676,-921,120,-91,-14708,-3016,5864,-474,127,-76,0
3708.7476871013646,10308,5324,10760,-224,-48,71,10168,-9096,8752,-123,110,-219,-14632,4164,3648,-1033,134,-128,-14760,-3000,5916,-539,141,-82,0
3708.783653020858,10196,5012,10768,-275,-32,85,9944,-9016,8712,-82,141,-206,-14532,4264,3360,-1275,145,-97,-14776,-2944,5868,-492,154,-71,0
3708.8194971084595,10432,5008,10972,-225,-84,133,9924,-9000,8708,-10,96,-185,-14552,4252,3748,-1112,132,-94,-14692,-3048,5856,-501,125,-94,0
3708.8547170162205,10384,4876,11128,-241,-34,92,9872,-9136,8720,-43,135,-181,-14624,4364,3460,-771,131,-92,-14596,-3032,5880,-446,90,-115,0
3708.8902180194855,10416,4896,11112,-261,-60,96,9848,-9020,8640,-45,173,-194,-14628,4160,3416,-1063,131,-127,-14696,-3048,5732,-477,145,-94,0
3708.9255509376526,10376,5160,10780,-269,-70,130,9928,-9040,8844,-48,154,-215,-14676,4128,3640,-1076,176,-166,-14724,-3024,5880,-479,181,-78,0
3708.961802959442,10260,5000,11240,-262,-157,133,9868,-8788,8760,11,125,-241,-14600,4200,3572,-1075,194,-140,-14692,-2996,5776,-477,193,-77,0
3708.9977650642395,10260,5092,11004,-231,-116,133,9876,-9060,8800,-22,110,-218,-14564,4216,3796,-1033,174,-140,-14368,-2920,6104,-469,132,-61,0
3709.033184051513,10408,5056,11116,-508,-107,144,9972,-8988,8692,-8,153,-222,-14640,4208,3716,-1049,138,-116,-14740,-3036,5780,-441,157,-59,0
3709.0683259963994,10424,5024,11016,-253,-48,112,9940,-9100,8724,-29,166,-190,-14684,4184,3620,-980,145,-111,-14720,-2988,5748,-476,142,-80,0
3709.1044750213623,10188,5052,11096,-243,-66,125,9936,-8852,8688,-24,139,-207,-14760,4172,3692,-1020,141,-100,-14724,-2932,5732,-454,146,-65,0
3709.140315055847,10284,5288,11060,-281,-96,143,9904,-8976,8720,-16,165,-220,-14368,4160,3428,-1030,140,-91,-14772,-3084,5856,-461,183,-60,0
3709.1754839420323,10440,4980,10752,-256,-128,118,9896,-9088,8684,-35,146,-229,-14660,4168,3372,-1022,134,-97,-14360,-2904,5704,-451,208,-88,0
3709.211548089981,10320,5068,10956,-248,-119,125,9920,-9052,8756,-256,156,-223,-14692,4152,3672,-949,85,-102,-14720,-2956,5704,-465,194,-84,0
3709.248220920562,10396,5012,11168,-221,-118,123,9816,-8756,8732,-11,168,-214,-14712,4164,3600,-871,74,-107,-14768,-2980,5776,-498,188,-95,0
3709.281788110733,10468,4976,11028,-227,-155,118,9944,-8984,8772,-33,146,-186,-14672,4236,3608,-945,79,-125,-14732,-2928,6116,-471,193,-66,0
3709.315325975418,10448,5060,11152,-229,-100,147,9976,-9068,8652,-30,139,-202,-14660,4224,3444,-949,77,-102,-14740,-2972,5916,-477,198,-98,0
3709.3490619659424,10372,4952,10988,-218,-128,145,9884,-8976,8756,-55,111,-188,-14584,4100,3560,-983,115,-68,-14736,-3032,6012,-484,158,-76,0
3709.382486104965,10344,4928,11036,-217,-132,147,9888,-9212,8804,-43,96,-194,-14756,4248,3280,-982,121,-113,-14784,-2976,5640,-524,153,-103,0
3709.4157049655914,10388,5004,11060,-198,-135,162,10020,-9072,8816,-19,44,-203,-14604,4200,3688,-1067,136,-99,-14708,-2848,5804,-260,163,-93,0
3709.4492719173436,10356,4976,10892,-227,-92,117,9960,-9056,8660,-35,108,-200,-14628,4260,3460,-1056,169,-96,-14700,-2832,5664,-455,130,-116,0
3709.4826271533966,10552,4940,10968,-187,-107,133,9820,-9132,8792,-33,116,-181,-14608,4176,3592,-1080,140,-75,-14784,-2904,5872,-516,147,-140,0
3709.5162301063538,10432,4828,10952,-126,-49,87,10036,-9036,8552,-42,107,-183,-14760,4196,3496,-1085,98,-49,-14752,-2936,5680,-526,122,-147,0
3709.5496320724483,10392,5068,11216,-159,-53,107,10076,-9036,8652,13,127,-165,-14372,4104,3460,-1082,126,-100,-14612,-2916,5884,-494,126,-158,0
3709.5831530094147,10428,4980,10924,-129,-254,102,9952,-8988,8840,-44,121,-168,-14624,4220,3600,-1082,177,-90,-14692,-2988,5888,-470,107,-113,0
3709.616861104965,10328,4968,11052,-144,-47,105,9744,-9012,8648,-40,162,-187,-14800,4236,3512,-1073,138,-62,-14680,-2912,5800,-495,151,-165,0
3709.6502799987793,10432,4972,10924,-171,-41,113,9964,-9008,8696,1,97,-176,-14588,4192,3488,-1099,157,-29,-14784,-2992,5852,-486,125,-142,0
3709.683897018432,10336,4948,10984,-137,-30,123,9980,-9020,8784,-21,132,-134,-14604,4176,3632,-1087,106,-25,-14712,-3312,5788,-473,77,-128,0
3709.717492103576,10452,5088,11180,-154,-12,88,10016,-9112,8716,-30,156,-129,-14600,4236,3364,-992,59,-58,-14676,-3004,5924,-486,81,-152,0
3709.7510459423065,10376,4956,11100,-151,-24,50,9896,-9068,8756,-37,163,-135,-14680,4200,3552,-957,47,-63,-14648,-2972,5860,-474,120,-174,0
3709.784819126129,10400,5056,10928,-112,-43,85,9936,-9072,8868,-26,169,-162,-14596,4108,3532,-982,62,-89,-14396,-2912,5864,-481,139,-128,0
3709.8184890747066,10312,4948,11048,-161,-104,94,9916,-9148,8656,-4,170,-194,-14816,4340,3484,-953,92,-33,-14404,-2984,5840,-464,215,-133,0
3709.852028131485,10328,4976,10932,-137,-90,126,9848,-8996,8784,-11,154,-194,-14656,4172,3804,-961,49,-71,-14676,-3072,5956,-458,210,-104,0
3709.885375022888,10320,5052,11056,-135,-122,116,10028,-9056,8736,-21,173,-157,-14692,4300,3540,-970,39,-75,-14712,-2940,5804,-464,161,-135,0
3709.918982028961,10408,5096,11032,-148,-64,108,9912,-9052,8752,4,173,-162,-14604,4216,3656,-982,52,-86,-14716,-2988,5964,-473,151,-147,0
3709.952487945556,10396,4932,11092,-169,-80,101,10044,-8992,8688,-252,157,-180,-14620,4244,3460,-995,62,-35,-14688,-3008,5884,-463,141,-103,0
3709.9860460758214,10404,5084,10780,-176,-76,126,9964,-9052,8688,-26,142,-175,-14680,4244,3508,-772,51,-53,-14732,-3084,5708,-494,139,-129,0
3710.0197989940643,10444,5040,10860,-134,-85,80,9964,-8996,8736,-46,128,-159,-14716,4232,3408,-997,82,-72,-14696,-2956,5856,-494,119,-169,0
3710.0529460906982,10372,5032,10932,-143,-77,94,9892,-9088,8796,-29,122,-186,-14580,4180,3788,-1008,65,-121,-14772,-2964,5692,-466,142,-156,0
3710.0864551067352,10412,5016,11020,-138,-58,107,9968,-9080,8776,247,69,-199,-14644,4220,3452,-1044,111,-84,-14708,-2944,5856,-510,99,-160,0
3710.1200680732723,10420,5008,11232,-127,-31,89,9964,-8996,8608,-15,127,-169,-14624,4188,3472,-1097,152,-35,-14784,-2856,5772,-479,92,-144,0
3710.153373003006,10392,4972,10760,-154,-83,124,10216,-9012,8752,-6,77,-159,-14648,4264,3544,-1057,96,-76,-14652,-2988,5900,-536,147,-133,0
3710.1870019435883,10492,4992,10964,-113,-45,104,10196,-9072,8916,3,108,-135,-14740,4096,3444,-1049,108,-69,-14720,-3268,5904,-499,165,-142,0
3710.2206699848175,10360,5080,11136,-134,-92,121,10172,-9000,8768,-12,123,-176,-14596,4276,3536,-1032,96,-100,-14724,-2908,5832,-503,172,-165,0
3710.2539439201355,10400,5116,11176,-159,-78,94,9904,-8952,8776,-40,121,-174,-14604,4072,3616,-954,92,-86,-14732,-3036,5736,-485,136,-120,0
3710.291197061538,10384,5084,11208,-147,-74,105,9876,-9024,8832,-37,123,-156,-14700,4200,3480,-1010,59,-79,-14784,-2996,5944,-483,160,-123,0
3710.3272371292114,10280,4944,10948,-187,-84,106,9940,-9000,8700,254,177,-148,-14624,4260,3684,-978,16,-81,-14696,-3036,5912,-467,149,-120,0
3710.3624510765076,10300,5232,10988,-161,-30,83,9904,-9156,8876,-28,171,-184,-14476,4208,3664,-966,40,-64,-14420,-3328,5828,-473,136,-147,0
3710.3981649875645,10412,5012,11240,-159,-82,75,9900,-9052,8768,-34,163,-181,-14680,4260,3420,-1012,8,-102,-14636,-3036,5964,-489,175,-150,0
3710.4336910247803,10396,5024,10976,-184,-44,102,9916,-9092,8588,-41,115,-156,-14732,4180,3760,-1036,72,-72,-14632,-3044,5844,-499,141,-134,0
3710.4694080352783,10364,5092,11064,-154,-59,122,9972,-9024,8792,-12,111,-143,-14632,4124,3556,-1025,76,-54,-14720,-2988,5920,-494,84,-127,0
3710.5048189163203,10296,5040,10928,-173,-34,103,10212,-9092,8836,-64,109,-128,-14580,4140,3564,-994,69,-65,-14676,-3068,5880,-469,101,-118,0
3710.5407760143285,10416,5004,10960,-174,-64,104,9980,-9040,8816,-59,144,-135,-14644,4264,3624,-986,84,-58,-14648,-2976,5792,-484,109,-130,0
3710.577172994613,10408,5092,11080,-124,-53,134,9840,-9044,8852,-61,121,-155,-14636,4120,3496,-1044,90,-55,-14608,-3008,5844,-527,129,-161,0
3710.6126301288605,10320,5020,11152,-159,-80,102,9948,-8768,8756,1,105,-178,-14636,4212,3620,-1054,134,-80,-14736,-3048,5788,-484,177,-117,0
3710.64807510376,10384,4996,11024,-156,-109,114,10216,-9092,8736,-18,109,-183,-14828,4236,3492,-1035,69,-66,-14720,-2916,5944,-505,161,-147,0
3710.6830871105194,10424,5056,11040,-162,-33,86,9936,-8988,8752,-19,138,-144,-14656,4216,3340,-981,74,-91,-14736,-2932,5808,-488,134,-125,0
3710.7189021110535,10328,5064,10832,-122,-95,75,9936,-9008,8800,-34,174,-182,-14708,4272,3836,-1036,148,-60,-14696,-3088,5852,-498,168,-112,0
3710.7544231414795,10308,4996,11104,-165,-35,103,9884,-9036,8700,-34,150,-172,-14680,4212,3668,-1047,108,-87,-14688,-2976,5812,-487,140,-107,0
3710.7907321453094,10344,5072,10904,-181,-47,119,10104,-9028,8488,-42,154,-186,-14580,4236,3564,-1005,115,-107,-14760,-2996,5900,-463,138,-115,0
3710.8271300792694,10340,5132,10968,-208,-26,89,9964,-8992,8704,-19,159,-184,-14640,4200,3400,-975,106,-78,-14684,-3244,5752,-471,173,-100,0
3710.8623509407043,10312,4872,11152,-226,-59,112,9964,-9076,8744,-18,138,-191,-14628,4260,3564,-992,113,-70,-14696,-2996,5916,-459,177,-96,0
3710.897627115249,10452,5116,10868,-229,-74,120,9844,-8964,8832,-30,136,-202,-14612,4124,3576,-982,70,-130,-14736,-3312,6036,-484,172,-120,0
3710.9334931373596,10372,5180,10968,-219,-60,104,9788,-8992,8664,-67,119,-223,-14536,4060,3640,-983,129,-61,-14716,-3296,5948,-467,176,-71,0
3710.9671580791473,10364,5028,10980,-264,-100,121,10208,-9052,8768,-41,153,-209,-14580,4152,3616,-981,104,-85,-14676,-2832,5924,-460,157,-75,0
3711.000751018524,10328,5120,11092,-276,-78,103,9928,-8984,8780,-83,125,-202,-14544,4280,3560,-966,144,-79,-14768,-2936,5864,-465,126,-73,0
3711.0343310832973,10320,5068,10936,-271,-45,119,9876,-9088,8724,-60,179,-195,-14556,4252,3712,-976,107,-109,-14608,-2948,5868,-499,165,-80,0
3711.0680570602412,10292,4988,10940,-509,-65,91,9884,-9172,8664,-10,147,-202,-14584,4108,3664,-963,121,-155,-14608,-2988,5800,-468,182,-90,0
3711.1012310981755,10492,5044,11008,-290,-74,114,9844,-9208,8768,-64,173,-216,-14644,4140,3512,-973,128,-104,-14716,-3100,5824,-422,166,-102,0
3711.134598970413,10480,5024,10760,-259,-95,104,9976,-9124,8820,-53,113,-212,-14640,4276,3368,-957,126,-73,-14764,-2880,5816,-490,169,-80,0
3711.1681499481206,10344,5036,11104,-265,-109,105,10036,-9032,8772,-18,125,-221,-14620,4220,3652,-1004,117,-139,-14720,-2892,5876,-468,151,-72,0
3711.2017500400543,10296,5084,11032,-245,-77,112,9972,-8988,8780,-30,147,-191,-14584,4064,3728,-993,109,-163,-14744,-2996,5760,-471,155,-88,0
3711.235696077346,10372,5136,10888,-254,-98,103,9964,-9056,8744,-61,128,-220,-14692,4148,3748,-981,101,-141,-14760,-3004,5824,-481,145,-109,0
3711.2693109512334,10412,4912,11200,-273,-93,133,9888,-9104,8660,-22,149,-213,-14620,4156,3476,-977,136,-77,-14684,-2996,5864,-474,170,-31,0
3711.302901029586,10404,5036,10848,-270,-97,136,9936,-9012,8836,-5,156,-162,-14716,4148,3532,-989,113,-54,-14716,-2976,5952,-479,138,-63,0
3711.3366401195526,10728,5040,11100,-261,-92,106,9956,-8956,8704,-32,119,-195,-14580,4244,3388,-959,72,-69,-14716,-3108,5864,-444,87,-101,0
3711.3702211380005,10372,4956,10992,-3,-88,105,9928,-9064,8780,-47,133,-195,-14844,4236,3452,-990,101,-128,-14640,-2880,5876,-454,138,-85,0
3711.403519153595,10276,4880,11228,-214,-95,132,9728,-9036,8680,-13,169,-196,-14644,4220,3332,-1003,85,-131,-14724,-2976,5832,-490,162,-85,0
3711.4373309612274,10296,4988,11000,-217,-140,119,10208,-9200,8744,8,132,-225,-14396,4348,3760,-927,95,-97,-14692,-2820,5900,-461,178,-82,0
3711.4708540439606,10424,4956,11116,-205,-139,160,9940,-9072,8716,-23,104,-207,-14620,4180,3760,-1026,124,-87,-14568,-3304,5852,-464,165,-85,0
3711.5041921138763,10340,4924,10944,-236,-141,148,9932,-9016,8772,8,95,-227,-14596,4204,3508,-995,142,-134,-14676,-3032,5820,-466,150,-109,0
3711.5378720760345,10396,4992,10984,-224,-116,112,9844,-9128,8768,-37,119,-184,-14696,4172,3520,-996,127,-130,-14716,-2952,5644,-488,146,-102,0
3711.571352958679,10484,4956,10964,-214,-129,160,10204,-8764,8844,-35,116,-193,-14732,4148,3584,-1011,146,-94,-14736,-2956,5776,-487,178,-92,0
3711.6048829555516,10360,4972,11148,-214,-146,130,9784,-8980,8752,-44,101,-204,-14584,4188,3480,-994,139,-95,-14680,-3008,5844,-486,174,-99,0
3711.638260126114,10432,4884,10944,-172,-125,113,9912,-9008,8716,-55,109,-203,-14704,4236,3484,-1019,128,-86,-14792,-3032,5724,-494,150,-157,0
3711.6717870235443,10432,4916,10864,-143,-130,101,10004,-9020,8748,-34,122,-206,-14684,4272,3516,-769,73,-107,-14748,-2972,5816,-503,150,-118,0
3711.705547094345,10420,4976,11008,-135,-88,97,10068,-8832,8724,-15,108,-199,-14692,4220,3452,-1002,99,-105,-14752,-2928,5756,-493,137,-124,0
3711.7389600276947,10432,4920,10852,-145,-76,102,10044,-9036,8868,-14,146,-192,-14736,4164,3448,-1279,110,-65,-14720,-2968,5816,-486,169,-158,0
3711.772561073303,10432,4976,10784,-134,-84,93,9872,-9108,8912,3,149,-167,-14664,4124,3592,-772,94,-38,-14760,-2908,5824,-481,157,-163,0
3711.8058450222015,10356,5040,10756,-132,-82,100,9952,-9156,8836,-19,116,-167,-14496,4188,3728,-1066,109,-62,-14748,-2964,5832,-479,158,-124,0
3711.8394391536713,10400,4936,11072,-143,-56,91,10180,-9008,8880,-21,127,-176,-14820,4156,3524,-1014,105,-103,-14692,-2996,6052,-504,179,-124,0
3711.872987031936,10468,5024,10956,-169,-78,92,9980,-8992,8848,-36,141,-149,-14636,4168,3556,-1007,80,-86,-14784,-2960,6052,-498,104,-140,0
3711.9061081409454,10416,5040,11192,-128,-57,117,9968,-9036,8492,-12,130,-158,-14640,4204,3456,-1280,51,-28,-14668,-2936,6052,-529,109,-159,0
3711.9399759769444,10388,4920,10960,-148,-83,90,10044,-8976,8752,252,125,-151,-14612,4172,3668,-1042,105,-77,-14648,-2924,5832,-494,145,-146,0
3711.9780690670013,10396,5064,11080,-86,-24,96,9860,-8752,8708,-57,107,-178,-14696,4180,3428,-1004,90,-33,-14748,-2916,5772,-506,130,-150,0
3712.0134551525116,10464,4972,10968,-129,-79,112,9948,-8972,8836,-44,145,-187,-14652,4272,3440,-1013,77,-93,-14696,-2972,5792,-503,159,-138,0
3712.04926609993,10508,4988,10932,-149,-72,123,9904,-9044,8640,-40,85,-168,-14648,4340,3792,-1045,98,-42,-14788,-2880,5800,-463,130,-137,0
3712.0848660469055,10384,5008,11084,-135,-76,123,10220,-9016,8944,-15,139,-132,-14644,4252,3732,-1009,91,-84,-14772,-2992,6136,-470,99,-154,0
3712.1199231147766,10492,5048,11100,-147,-36,97,9948,-9080,8676,-78,150,-130,-14576,4128,3656,-1010,62,-36,-14792,-2932,5656,-497,124,-151,0
3712.1551101207733,10288,5044,10796,-160,-33,80,9940,-9004,9164,-26,124,-151,-14604,4244,3720,-1000,80,-43,-14744,-3012,5812,-495,109,-156,0
3712.1908271312714,10420,4944,11032,-101,-81,73,9984,-9000,8732,-34,142,-176,-14688,4084,3496,-1005,77,-49,-14612,-2904,5676,-509,161,-168,0
3712.2261610031123,10296,5008,10924,-116,-77,75,9896,-9068,8736,-12,126,-195,-14624,4296,3452,-1054,110,-95,-14672,-3016,5840,-470,187,-157,0
3712.2618710994725,10300,5080,11080,-111,-105,113,10012,-9024,8760,-30,134,-192,-14608,4336,3584,-1044,78,-73,-14732,-3004,6044,-491,166,-154,0
3712.298035144806,10312,5084,10796,-170,-44,122,9924,-9024,8720,-36,136,-176,-14600,4116,3548,-1008,112,-58,-14772,-2956,5836,-484,118,-112,0
3712.3327620029454,10368,5080,11084,-132,-53,111,9972,-9020,8756,-12,110,-146,-14632,4224,3672,-1279,109,-56,-14704,-3000,5924,-494,142,-142,0
3712.367550134658,10400,5168,11044,-137,-93,127,9732,-9000,8568,-24,162,-165,-14636,4080,3672,-1002,95,-74,-14644,-2980,5924,-488,132,-165,0
3712.402964115143,10412,5280,10756,-160,-45,86,9856,-9004,8632,-54,117,-178,-14600,4208,3636,-1029,61,-44,-14684,-2960,5804,-487,171,-155,0
3712.4392850399013,10444,5088,10892,-162,-81,84,9980,-9104,8828,-56,119,-166,-14628,4224,3660,-1010,87,-48,-14788,-3032,5832,-487,119,-122,0
3712.4749569892883,10368,5004,11024,-155,-63,102,10056,-9024,8748,-18,121,-171,-14552,4216,3500,-1036,98,-93,-14724,-3040,5796,-483,134,-148,0
3712.5102839469914,10448,5096,11240,-140,-51,84,9852,-8992,8900,-28,145,-159,-14664,4184,3376,-1037,110,-49,-14740,-3256,5796,-501,159,-137,0
3712.5454530715942,10452,5032,10892,-145,-67,106,9924,-8768,8532,-10,101,-168,-14680,4112,3628,-1032,72,-60,-14752,-2992,5720,-508,151,-120,0
3712.58105301857,10688,5160,11020,-144,-43,89,9920,-8940,8648,-22,122,-169,-14584,4292,3340,-1033,87,-94,-14700,-3068,5780,-485,125,-150,0
3712.617422103882,10388,5156,11012,-150,-62,130,9972,-8932,8876,-29,127,-161,-14616,4184,3800,-1009,117,-50,-14556,-3056,5752,-495,157,-136,0
3712.6507699489594,10352,5112,10944,-162,-51,106,10164,-8716,8940,-47,123,-171,-14620,4240,3632,-1018,96,-55,-14700,-3004,5796,-447,125,-125,0
3712.68444108963,10396,5176,10840,-168,-76,127,9972,-9124,8816,-41,114,-159,-14624,4240,3568,-1012,80,-53,-14720,-3024,5852,-485,113,-116,0
3712.7179450988774,10672,4956,10904,-199,-77,113,10020,-9140,8776,-26,139,-157,-14560,4240,3472,-1037,70,-88,-14740,-2988,5980,-483,136,-155,0
3712.7517390251164,10336,5156,10932,-171,6,95,9952,-9036,8836,-42,124,-161,-14556,4168,3496,-1014,83,-81,-14704,-3088,5816,-489,118,-142,0
3712.785444021225,10576,5092,10960,-182,-47,110,9912,-9016,8820,-70,162,-171,-14572,4168,3588,-980,33,-56,-14656,-2960,5920,-490,124,-148,0
3712.818771123886,10408,5060,11108,-202,-65,102,10096,-9076,8824,-64,126,-147,-14516,4252,3348,-1049,82,-37,-14732,-2980,5840,-497,161,-93,0
3712.852270126343,10380,5144,10964,-155,-37,99,9736,-9000,8740,4,153,-150,-14780,4156,3412,-1032,110,-71,-14732,-2976,5896,-469,124,-112,0
3712.8855390548706,10376,5028,11008,-181,-10,131,10012,-8964,8844,-33,133,-164,-14656,4276,3688,-1002,87,-52,-14764,-3012,5880,-476,115,-121,0
3712.9190640449524,10412,5056,10956,-214,248,97,9896,-8948,8668,-53,146,-159,-14692,4228,3568,-978,94,-49,-14716,-3012,5752,-477,111,-128,0
3712.952644109726,10444,5088,10948,-204,-41,94,9960,-9048,8804,-29,162,-162,-14680,4240,3668,-986,81,-46,-14652,-2944,5640,-487,157,-112,0
3712.986211061477,10432,5088,11060,-193,-22,97,9744,-9152,8660,-13,155,-173,-14600,4152,3732,-986,94,-83,-14692,-2932,5860,-469,195,-82,0
3713.0199339389806,10284,5024,11248,-234,-50,110,9916,-9212,8828,-16,158,-215,-14528,4228,3624,-1029,105,-133,-14588,-2996,5996,-484,186,-79,0
3713.0535030364986,10408,4880,10896,-235,-92,127,9952,-9196,8736,-48,123,-206,-14672,4236,3664,-974,64,-107,-14668,-3028,5904,-475,190,-74,0
3713.087146997452,10296,5108,11232,-241,-39,105,9928,-9028,8816,-51,163,-200,-14376,4232,3572,-970,112,-81,-14792,-2924,5800,-446,125,-84,0
3713.1206219196324,10320,5364,11048,-249,-69,101,9952,-9004,8684,-50,151,-202,-14580,4148,3472,-966,113,-101,-14672,-3028,5832,-464,159,-19,0
3713.153805971145,10420,5028,11008,-274,-26,120,9900,-8772,8716,-49,132,-170,-14624,4244,3560,-983,123,-80,-14560,-3024,5828,-465,158,-68,0
3713.187324047088,10368,5060,10796,-7,-57,124,9752,-9136,8916,-70,126,-205,-14604,4288,3716,-955,95,-144,-14656,-2900,6064,-465,170,-40,0
3713.2210071086884,10320,5052,10928,-261,-111,111,9848,-9116,8724,-13,137,-232,-14656,4208,3672,-984,117,-140,-14820,-2964,5648,-460,176,-79,0
3713.2544939517975,10316,5164,10928,-264,-131,107,9872,-9060,8776,-40,142,-235,-14664,4324,3556,-978,132,-115,-14656,-2824,5872,-473,195,-35,0
3713.2881479263306,10372,5064,11056,-230,-144,123,9900,-8964,8864,-29,128,-231,-14668,4196,3784,-991,117,-105,-14728,-2996,5860,-475,175,-95,0
3713.3216660022736,10380,4984,10992,-261,-124,136,9980,-8992,8924,-13,132,-199,-14696,4280,3356,-999,113,-181,-14728,-3048,5884,-467,174,-87,0
3713.3552720546722,10284,5108,11008,-510,-116,118,9896,-9032,8864,-50,139,-204,-14824,4212,3532,-993,131,-152,-14784,-3016,5668,-469,171,-112,0
3713.3887979984283,10492,5112,11048,-250,-110,128,10004,-8928,8696,-14,129,-211,-14632,4148,3648,-995,133,-98,-14648,-2872,5748,-487,143,-93,0
3713.422173976898,10400,5036,11040,-264,-125,146,9944,-9092,8824,-5,128,-214,-14604,4268,3480,-998,148,-92,-14676,-3064,5856,-473,157,-75,0
3713.4556970596313,10356,5076,10988,-243,-125,116,10204,-9020,8468,-28,133,-217,-14384,4168,3540,-977,160,-126,-14708,-2936,6124,-475,165,-50,0
3713.49197101593,10380,4996,10768,-228,-129,138,10156,-8716,8804,-83,86,-234,-14432,4256,3648,-998,164,-75,-14800,-2884,5916,-453,126,-89,0
3713.5258450508118,10316,4904,11208,-209,-122,136,10080,-9104,8708,-48,91,-231,-14728,4220,3496,-1277,132,-136,-14704,-2952,5840,-464,183,-123,0
3713.5594339370723,10460,5064,11120,-239,-133,126,9940,-8792,8924,16,147,-201,-14664,4188,3516,-1005,100,-117,-14724,-3008,5928,-485,154,-101,0
3713.5929179191594,10252,5028,11028,-182,-98,143,9976,-9032,8912,-70,125,-212,-14600,4228,3536,-986,93,-64,-14784,-2996,5736,-481,157,-75,0
3713.6261799335484,10460,5060,10880,-243,-121,112,9736,-9156,8860,-18,167,-194,-14660,4340,3440,-1263,140,-145,-14704,-2588,5720,-472,183,-91,0
3713.665018081665,10416,5056,10816,-227,-82,175,9800,-8808,8676,9,101,-171,-14656,4240,3528,-1033,121,-89,-14792,-3076,5848,-443,110,-103,0
3713.700744152069,10564,4972,10908,-258,-90,132,9888,-9004,8840,-14,155,-173,-14636,4172,3552,-1005,75,-116,-14736,-3168,5828,-455,132,-98,0
3713.7360410690308,10348,5100,10956,-227,-125,105,9856,-9000,8800,-40,109,-203,-14652,4248,3556,-970,122,-123,-14680,-2988,5800,-495,153,-147,0
3713.771968126297,10536,4924,10884,-166,-158,121,10016,-9092,8624,-82,101,-204,-14672,4216,3580,-1116,161,-83,-14692,-2844,5804,-499,174,-106,0
3713.8078110218053,10480,4956,11020,-156,-152,129,10080,-8936,8928,-21,121,-214,-14552,4124,3468,-1045,172,-127,-14708,-2960,5792,-505,172,-129,0
3713.8426690101624,10360,4960,11140,-138,-74,112,9748,-8956,8788,2,126,-207,-14628,4104,3592,-1065,165,-93,-14784,-2976,5908,-485,161,-120,0
3713.8779489994054,10260,4936,11056,-161,-82,116,10228,-8924,8768,-4,145,-161,-14724,4332,3524,-1055,139,-117,-14744,-2960,5832,-537,136,-118,0
3713.9139161109924,10444,5028,10992,-132,-8,109,10024,-8796,8496,-20,106,-177,-14644,4156,3812,-1083,166,-78,-14784,-2900,5644,-760,101,-118,0
3713.950266122818,10456,5060,10948,-140,-63,106,9744,-8992,8724,-6,129,-154,-14680,4124,3672,-1089,121,-57,-14616,-2960,5700,-483,112,-152,0
3713.9854710102086,10340,4968,10888,-154,-71,97,9904,-9020,8716,-66,111,-152,-14632,4284,3824,-1045,130,-83,-14660,-3048,5820,-489,120,-155,0
3714.0209341049194,10256,4940,10996,-130,-69,104,9920,-9004,8908,-43,161,-149,-14516,4212,3776,-1052,124,-82,-14616,-2916,5824,-487,136,-148,0
3714.0571539402004,10468,5004,10980,-138,-79,80,9968,-9020,8552,-23,149,-175,-14808,4148,3580,-1279,109,-110,-14728,-2912,5908,-478,157,-127,0
3714.0923559665684,10508,5112,10936,-147,-75,122,9940,-9116,8784,-9,102,-168,-14644,4112,3588,-1045,132,-70,-14692,-3016,5844,-486,137,-115,0
3714.1285660266876,10376,4996,10940,-127,-59,99,9776,-9036,8512,-39,121,-177,-14712,4108,3516,-995,128,-84,-14760,-2932,5864,-488,148,-135,0
3714.1638269424443,10504,5124,10984,-85,-84,112,10012,-9032,8844,-30,114,-173,-14652,4252,3404,-984,92,-64,-14664,-2880,5800,-477,142,-115,0
3714.19926905632,10404,5020,10964,-106,-105,136,10088,-8912,8764,-30,176,-166,-14656,4220,3684,-1001,64,-64,-14696,-3068,5752,-467,157,-128,0
3714.234929084778,10536,4984,11140,-140,-62,85,9984,-9084,8716,-47,124,-166,-14688,4196,3680,-952,54,-83,-14680,-3036,5864,-483,117,-154,0
3714.2707610130315,10440,5000,10772,-165,-73,114,10048,-9052,8856,-45,124,-150,-14696,4172,3688,-942,17,-63,-14772,-2912,5796,-766,128,-160,0
3714.3068790435786,10392,4864,10776,-153,-67,80,9916,-9216,8952,9,175,-151,-14372,4120,3816,-999,39,-78,-14624,-3024,5788,-471,134,-138,0
3714.3406410217285,10384,4984,10756,-128,-62,105,10036,-9216,8756,-53,158,-153,-14632,4256,3376,-776,47,-62,-14716,-3048,5824,-454,147,-128,0
3714.374144077301,10328,5044,11004,-165,-87,80,9992,-9024,8856,-12,156,-198,-14744,4324,3496,-980,45,-39,-14692,-3016,5708,-481,138,-179,0
3714.407477140426,10748,5016,10752,-163,-66,86,9928,-9080,8892,247,132,-142,-14648,4188,3484,-1023,72,-71,-14648,-2928,5864,-485,129,-134,0
3714.441031932831,10444,4948,10764,-124,-40,107,9920,-9116,8744,-11,114,-139,-14572,4260,3528,-1017,41,-34,-14688,-3032,6040,-454,96,-152,0
3714.4745259284973,10428,5096,10956,-161,-54,104,10052,-9012,8528,-51,134,-151,-14652,4196,3496,-996,60,241,-14812,-2964,5844,-476,92,-144,0
3714.50829410553,10372,5044,11052,-158,-46,90,9932,-9208,8744,-36,144,-136,-14776,4244,3644,-996,75,-34,-14760,-2964,5804,-500,94,-163,0
3714.5418460369115,10324,5072,10952,-120,-76,122,9936,-9012,8748,-25,132,-150,-14636,4148,3384,-1026,82,-33,-14752,-2896,5848,-483,141,-143,0
3714.5754420757294,10344,4904,10804,-147,-97,99,9936,-9088,8756,-9,155,-169,-14392,4144,3400,-1012,88,-81,-14648,-2948,5860,-493,182,-145,0
3714.6090190410614,10348,5016,11000,-124,-88,99,10048,-9056,8696,-14,111,-182,-14668,4252,3544,-1043,95,-114,-14728,-3028,5820,-487,154,-118,0
3714.6421020030975,10472,5124,10940,-148,-112,86,9904,-9024,8920,-23,148,-186,-14704,4276,3472,-1019,76,-32,-14680,-2976,5792,-481,163,-162,0
3714.6754879951477,10436,5044,10908,-174,-50,96,10008,-9200,8888,-34,147,-166,-14388,4140,3604,-1001,102,-35,-14700,-2988,5892,-495,122,-116,0
3714.7091159820557,10420,5096,10896,-130,-62,112,9940,-8924,8828,-32,125,-152,-14512,4260,3828,-776,83,-68,-14592,-2988,5736,-491,132,-138,0
3714.7427899837494,10376,5128,11224,-140,-52,123,9972,-9016,8772,-52,140,-159,-14840,4204,3344,-987,64,-79,-14708,-3024,5868,-463,145,-124,0
3714.776427984237,10420,5104,11240,-173,-25,105,9888,-8964,8904,-63,151,-164,-14768,3964,3776,-1069,82,-70,-14640,-3048,5768,-482,118,-101,0
3714.8100581169133,10436,5156,11220,-159,-57,89,10196,-9216,8736,-24,148,-180,-14440,4160,3436,-1034,95,-45,-14684,-2960,5952,-462,134,-116,0
3714.8437969684605,10344,5028,11000,-162,-43,104,9916,-9072,8748,-30,147,-170,-14656,4172,3772,-1055,92,-58,-14544,-3108,5916,-466,116,-116,0
3714.8773620128636,10504,5056,10920,-164,-27,87,10216,-9044,8936,-42,141,-172,-14608,4236,3636,-1051,82,-63,-14740,-2956,6048,-492,140,-138,0
3714.9107270240784,10444,5076,10948,-169,-41,118,9968,-9068,8904,-25,164,-174,-14684,4292,3640,-1012,95,-75,-14668,-3024,6116,-477,132,-104,0
3714.9444739818573,10376,5004,10764,-185,-2,103,9904,-8976,8940,-39,175,-161,-14728,4192,3596,-1029,103,-104,-14620,-3068,5788,-462,138,-116,0
3714.9781041145325,10432,5056,10980,-193,-13,105,9936,-9064,8860,-28,132,-177,-14672,4284,3548,-1015,115,-52,-14620,-3032,5824,-482,131,-94,0
3715.0118510723114,10392,5032,11240,-218,-49,92,9956,-9112,8776,-58,143,-172,-14664,4248,3608,-998,145,-55,-14680,-2960,5644,-487,135,-94,0
3715.0454840660095,10380,5152,11080,-203,-54,109,9968,-9016,8832,-81,142,-196,-14560,4276,3548,-993,161,-81,-14656,-3084,5800,-473,107,-104,0
3715.07860994339,10748,5288,11032,-244,-71,116,10012,-9096,8728,-71,117,-178,-14672,4268,3376,-1005,113,-123,-14668,-2988,5884,-524,112,-75,0
3715.1122069358826,10292,5064,11232,-277,-63,119,9872,-9116,8768,-44,136,-188,-14612,4224,3540,-1003,147,-93,-14672,-3064,5652,-490,141,-85,0
3715.1456019878387,10372,5164,11064,-180,-22,116,9864,-8796,8652,-121,124,-201,-14644,4220,3684,-1004,145,-93,-14692,-3060,5744,-507,149,-114,0
3715.1790540218353,10476,5008,10864,-237,-54,84,9728,-9112,8540,-105,137,-202,-14612,4192,3716,-971,114,-122,-14752,-2988,5784,-481,187,-114,0
3715.212813138962,10516,5004,11004,-236,-83,108,9988,-9068,8448,-61,151,-216,-14560,4192,3656,-1021,156,-131,-14664,-2952,5916,-467,172,-75,0
3715.2464780807495,10416,4968,11020,-231,-62,134,9792,-9012,8684,-32,151,-159,-14696,4148,3504,-1277,144,-129,-14668,-3076,5864,-448,114,-60,0
3715.2799530029292,10420,5084,11072,-252,-68,119,10028,-9108,8772,-37,144,-208,-14620,4260,3508,-999,106,-97,-14728,-3216,5880,-440,157,-100,0
3715.316066980362,10384,5056,10768,-284,-89,100,10184,-9084,8792,-33,156,-198,-14388,4124,3496,-969,100,-97,-14696,-2960,5864,-496,145,-125,0
3715.3521289825444,10408,5076,10920,-221,-84,123,10224,-8932,8484,-40,144,-200,-14704,4172,3604,-998,115,-131,-14644,-2956,6120,-500,190,-105,0
3715.3879411220555,10444,5060,10944,-268,-119,151,9876,-8988,8724,-27,122,-222,-14524,4128,3776,-1014,131,-118,-14744,-2956,5820,-489,179,-80,0
3715.4233980178833,10364,5048,10908,-210,-103,118,9964,-9012,8576,-32,113,-225,-14660,4252,3564,-1009,145,-96,-14724,-3008,5860,-495,173,-107,0
3715.4581589698796,10392,5108,11000,-229,-82,123,9984,-9080,8728,-42,150,-214,-14444,4172,3552,-978,132,-94,-14760,-2992,5812,-475,169,-64,0
3715.4939179420476,10468,4960,11056,-218,-117,154,10048,-8976,8752,-52,121,-197,-14680,4208,3448,-948,126,-121,-14776,-2936,5900,-453,165,-39,0
3715.52952003479,10384,4984,11100,-222,-106,148,9900,-9036,8624,-37,141,-204,-14700,3896,3672,-976,130,-83,-14656,-2936,5736,-464,179,-50,0
3715.564738035202,10372,5004,11044,-225,-107,143,9928,-9012,8812,-60,134,-204,-14620,4224,3656,-943,94,-165,-14704,-3052,5668,-455,196,-93,0
3715.6000530719757,10404,4996,11164,-238,-132,128,10212,-9084,8840,-54,152,-202,-14652,4164,3688,-925,48,-121,-14648,-2984,5628,-445,204,-83,0
3715.635339021682,10400,4984,10848,-223,-133,121,9844,-8944,8652,-25,158,-240,-14640,4288,3452,-870,43,-138,-14768,-2960,5824,-444,196,-66,0
3715.670830965042,10452,5000,11240,-252,-152,140,10132,-9064,8900,-22,199,-227,-14560,4156,3464,-975,60,-117,-14660,-3004,5824,-459,214,-60,0
3715.7059559822083,10416,5004,10872,-265,-160,139,10028,-9108,8724,-39,134,-222,-14664,4128,3648,-945,93,-145,-14700,-2964,5724,-444,210,-88,0
3715.7416450977325,10460,4896,11036,-207,-196,163,9952,-9032,8676,6,96,-241,-14704,4196,3572,-985,89,-117,-14648,-2972,5896,-471,205,-110,0
3715.777573108673,10540,5000,10940,-202,-160,137,10040,-8952,8680,-21,124,-194,-14580,4128,3336,-1003,98,-94,-14764,-2992,5636,-481,176,-114,0
3715.812243938446,10424,4956,10780,-167,-89,122,10012,-9192,8576,-73,110,-228,-14684,4128,3516,-1064,94,-82,-14736,-2940,5932,-499,135,-119,0
3715.8475580215454,10620,5104,10948,-155,-69,84,9772,-9128,8860,-33,136,-155,-14704,4080,3660,-1056,61,-78,-14780,-3016,5784,-765,122,-143,0
3715.8833680152893,10268,4956,11064,-191,-61,92,10228,-8968,8880,13,164,-146,-14628,4144,3412,-1041,85,-38,-14648,-2944,5708,-469,119,-141,0
3715.919327020645,10432,5000,10952,-119,-37,99,9912,-8852,8736,-59,149,-176,-14728,4148,3552,-1021,100,-118,-14696,-2932,5784,-495,136,-129,0
3715.954446077346,10404,5012,10992,-149,-68,74,9900,-9116,8480,-255,128,-188,-14824,4204,3468,-1045,78,-57,-14688,-2868,5824,-505,154,-152,0
3715.990303993225,10488,4872,11020,-129,-26,100,10020,-8728,8736,-14,136,-163,-14704,4232,3432,-1049,95,-40,-14668,-2928,5832,-490,129,-134,0
3716.0236599445343,10372,5088,10996,-137,-46,107,10044,-8936,8692,-29,143,-151,-14592,4180,3644,-1014,68,-14,-14740,-3280,5816,-480,86,-163,0
3716.0573499202724,10452,5056,11112,-163,-27,96,9888,-9064,8792,-35,158,-141,-14660,4172,3668,-1012,66,-46,-14752,-3008,5740,-477,103,-148,0
3716.091089963913,10440,5068,10956,-130,-40,97,9960,-9012,8680,-42,120,-126,-14816,4228,3476,-1280,100,-47,-14676,-2932,5748,-490,106,-147,0
3716.1244120597844,10424,5056,10992,-93,-56,112,10016,-9052,8820,-40,128,-174,-14608,4192,3660,-1021,118,-62,-14660,-3264,5748,-504,194,-160,0
3716.1576919555664,10412,4992,10980,-134,-100,119,9832,-8936,8716,11,108,-211,-14544,4196,3424,-1048,148,-78,-14688,-2856,5860,-495,183,-128,0
3716.1910719871526,10400,5024,10860,-108,-109,98,10228,-8992,8532,-36,121,-188,-14756,4172,3688,-773,110,-111,-14720,-2944,6052,-485,162,-126,0
3716.224498987198,10584,5024,10888,-157,-83,95,9960,-9068,8936,-31,157,-166,-14700,4180,3604,-1010,85,-76,-14712,-3036,5996,-490,147,-176,0
3716.2581851482396,10552,5044,10948,-148,-25,86,10196,-8988,8812,-19,176,-159,-14692,4092,3436,-1033,90,-23,-14656,-3052,5836,-478,115,-143,0
3716.291839122772,10380,5064,10824,-160,-44,111,9964,-8968,8716,252,106,-154,-14648,4192,3532,-1042,85,-40,-14696,-2996,5728,-501,107,-133,0
3716.3253431320186,10408,5084,10924,-143,-73,99,9756,-9032,8692,-51,123,-152,-14844,4192,3540,-1000,83,-53,-14740,-2904,5780,-477,131,-174,0
3716.358793973922,10384,5040,10764,-145,-69,76,9992,-9032,8892,-61,138,-158,-14632,4188,3484,-1005,63,-93,-14756,-2952,5876,-470,144,-168,0
3716.3921270370483,10428,5132,10808,-137,-75,89,10024,-9008,8732,-25,125,-163,-14572,4212,3436,-1021,105,-84,-14628,-3008,5688,-464,135,-165,0
3716.425593137741,10396,5032,10848,-144,-52,115,9964,-9084,8624,-34,118,-153,-14620,4228,3536,-1041,137,-33,-14760,-2968,5872,-472,102,-151,0
3716.4592239856725,10452,5060,10892,-144,-72,81,9884,-9012,8704,-35,115,-184,-14568,4224,3452,-1035,83,-50,-14848,-2992,5680,-495,106,-146,0
3716.4929509162903,10400,5116,10920,-129,-52,90,9964,-8956,8664,-24,101,-164,-14716,4212,3596,-1027,127,-60,-14696,-2916,5848,-521,117,-157,0
3716.5264041423798,10392,5076,10936,-141,-36,108,9880,-8992,8704,-22,117,-170,-14596,4196,3708,-1031,96,-103,-14696,-3056,6052,-477,115,-150,0
3716.5599610805516,10424,5040,11000,-154,-36,93,9900,-9000,8548,-33,148,-178,-14600,4192,3708,-1040,145,-69,-14800,-3048,5872,-482,107,-135,0
3716.593514919281,10436,5128,10944,-138,-44,116,10008,-9028,8696,-83,90,-174,-14652,4252,3532,-769,122,-27,-14812,-2948,5744,-524,96,-132,0
3716.6269209384914,10372,5028,10976,-167,-46,112,9980,-9108,8696,-37,94,-159,-14656,4112,3604,-1041,114,-66,-14664,-3036,5792,-485,103,-134,0
3716.6603751182556,10296,5132,11196,-169,-10,99,9932,-9024,8852,-46,138,-154,-14636,4252,3712,-1057,89,-20,-14756,-2980,5816,-488,140,-115,0
3716.6956911087036,10360,5028,10888,-162,-51,78,9972,-9088,8704,-76,133,-161,-14820,4180,3352,-772,69,-8,-14620,-2992,6088,-498,111,-177,0
3716.729248046875,10432,4972,10968,-154,-255,61,9956,-9060,8540,-62,114,-156,-14580,4196,3484,-1039,94,-45,-14776,-2992,5920,-459,123,-155,0
3716.7625000476837,10468,5180,10864,-126,-33,97,10108,-8764,8648,-20,155,-153,-14584,4152,3704,-1055,72,-64,-14664,-2988,5884,-522,135,-140,0
3716.7961721420293,10376,5100,11052,-147,-28,90,9916,-9212,8640,-22,159,-143,-14616,4212,3356,-956,69,-36,-14608,-3324,6080,-462,126,-136,0
3716.8295271396637,10368,5064,11024,-174,-54,79,9916,-9180,8744,-35,154,-158,-14844,4228,3776,-964,47,-41,-14780,-3044,5644,-474,142,-95,0
3716.863107919693,10344,5032,10884,-152,-28,94,9916,-9032,8796,-32,174,-154,-14596,4208,3740,-1007,56,-62,-14620,-2852,5816,-476,183,-137,0
3716.8966760635376,10452,4980,10888,-149,-57,99,10220,-9016,8596,-5,168,-183,-14528,4204,3576,-1011,85,-104,-14772,-3292,5656,-465,197,-140,0
3716.930043935776,10260,5092,10856,-156,-41,95,9936,-8732,8696,-9,167,-176,-14672,4336,3700,-970,60,-113,-14692,-3100,5848,-484,178,-98,0
3716.9635190963745,10464,5040,11004,-194,-75,89,9940,-9024,8640,-5,195,-168,-14640,4248,3668,-976,89,-81,-14372,-3104,5892,-457,175,-116,0
3717.0006721019745,10368,5128,10964,-181,9,98,9956,-9100,8704,-25,148,-165,-14608,4276,3588,-1053,86,-73,-14624,-3100,5840,-437,122,-121,0
3717.0357091426854,10396,5092,11000,-501,-255,119,9932,-9068,8732,-11,135,-164,-14808,4228,3672,-1002,94,-86,-14788,-3028,5948,-474,122,-105,0
3717.0717561244965,10348,5036,11164,-235,-22,124,9964,-8992,8756,-51,116,-181,-14656,4308,3676,-1046,142,-96,-14616,-3044,5916,-483,120,-78,0
3717.1081321239467,10480,5140,11108,-266,-70,111,9908,-9116,8784,-78,131,-229,-14672,4340,3692,-995,88,-161,-14644,-2956,5980,-515,152,-123,0
3717.143424987793,10348,5044,10904,-282,-24,102,9936,-9024,8756,-48,149,-211,-14572,4288,3456,-985,116,-133,-14720,-3000,5896,-483,126,-65,0
3717.179269075393,10336,4972,10912,-277,-37,105,9872,-9084,8708,-57,135,-227,-14604,4216,3660,-956,63,-130,-14672,-2972,5844,-471,145,-127,0
3717.2145030498505,10412,5116,11084,-285,-51,75,9896,-8992,8652,-43,176,-247,-14696,4140,3664,-996,95,-163,-14648,-3012,5900,-459,160,-92,0
3717.2502999305725,10324,5056,10900,-288,-67,85,9980,-9044,8716,-53,207,-221,-14564,4160,3348,-960,145,-120,-14716,-3040,5840,-447,183,-60,0
3717.2855010032654,10456,5044,11088,-296,-106,118,10008,-8820,8948,-56,190,-226,-14612,4184,3336,-980,143,-150,-14740,-3048,5800,-453,179,-32,0
3717.3212881088252,10336,5080,11040,-319,-133,160,10024,-9088,8888,-73,133,-239,-14696,4148,3612,-998,171,-124,-14716,-3012,5796,-437,189,-4,0
3717.3573920726776,10472,5076,11084,-318,-140,185,9848,-9064,8940,-75,152,-191,-14668,4140,3664,-979,168,-89,-14732,-3000,5936,-452,145,-44,0
3717.393037080765,10460,5096,11216,-297,-142,188,10004,-8964,8508,-73,119,-162,-14660,4160,3652,-994,131,-90,-14712,-3052,5836,-483,165,-47,0
3717.4286630153656,10336,4984,11128,-322,-127,194,9856,-9012,8836,-17,131,-171,-14688,4172,3648,-1002,130,-92,-14628,-2980,5720,-495,180,-36,0
3717.46413898468,10696,4884,10848,-219,-87,175,10000,-8932,8724,-73,92,-175,-14760,4148,3792,-986,112,-117,-14440,-2920,5776,-479,158,-40,0
3717.4995141029362,10436,5088,11012,-246,-149,168,10004,-9136,8736,-41,170,-214,-14720,4112,3592,-932,129,-114,-14620,-2948,5696,-450,176,-80,0
3717.535085916519,10540,4820,11192,-296,-117,130,10040,-9096,8684,-251,188,-195,-14628,4128,3432,-982,35,-84,-14856,-2944,5932,-426,197,-96,0
3717.5707309246063,10508,4968,11024,-291,-119,155,10136,-9016,8724,-6,192,-162,-14624,4172,3372,-941,21,-51,-14616,-2928,5896,-417,88,-79,0
3717.6055901050563,10360,4888,11048,-340,-99,100,9932,-9052,8676,-26,187,-167,-14600,4212,3528,-916,56,-110,-14736,-2864,5928,-433,112,-77,0
3717.6427590847015,10336,4936,10812,-512,-132,131,9916,-9108,8892,-72,156,-188,-14536,4228,3476,-938,68,-98,-14716,-2908,5808,-480,182,-108,0
3717.6765501499176,10640,5008,11120,-227,-175,121,9868,-9164,8704,-34,146,-251,-14620,4344,3788,-994,132,-99,-14708,-2912,6096,-496,227,-115,0
3717.710016012192,10436,4948,10984,-228,-214,126,9836,-9080,8944,-22,96,-260,-14576,4164,3544,-1008,148,-161,-14608,-2916,5708,-481,236,-74,0
3717.7435359954834,10408,4936,11000,-183,-214,143,9980,-8828,8736,-15,131,-251,-14576,4156,3572,-991,129,-144,-14668,-2900,5924,-265,196,-131,0
3717.7771720886235,10484,5024,10960,-133,-128,117,9984,-8920,8684,-46,92,-213,-14748,4056,3448,-1044,150,-126,-14840,-2908,5660,-509,143,-126,0
3717.8106651306152,10444,5024,11116,-141,-95,104,9740,-8972,8492,-14,104,-179,-14752,4348,3368,-1073,146,-55,-14772,-3008,5608,-491,191,-125,0
3717.844022989273,10532,4960,10944,-165,-32,121,10028,-9164,8688,-26,146,-161,-14744,4008,3484,-1103,161,-52,-14740,-3044,5680,-455,110,-142,0
3717.877429962158,10648,5020,10868,-190,-49,95,10024,-8944,8856,-53,133,-190,-14636,4112,3564,-1046,94,-83,-14696,-2932,5716,-261,124,-159,0
3717.9107730388646,10404,4868,10972,-120,-78,57,10064,-8992,8928,-64,127,-184,-14656,4148,3640,-1022,93,-61,-14664,-2964,5952,-526,124,-212,0
3717.9441800117493,10480,4988,10880,-81,-105,36,9956,-9004,8980,-45,160,-217,-14704,4256,3784,-1030,116,-41,-14736,-2992,5796,-483,111,-209,0
3717.9777240753174,10392,4996,10964,-119,-87,55,9924,-9036,8708,-54,101,-223,-14340,4180,3836,-1022,84,-77,-14668,-2964,5840,-504,144,-168,0
3718.0111560821533,10404,4908,10912,-87,-104,86,9908,-9052,8760,-30,105,-206,-14644,4168,3632,-1050,77,-89,-14692,-2944,5844,-467,90,-174,0
3718.0447721481323,10440,5032,11016,-100,-46,52,9912,-9152,8840,-10,147,-197,-14596,4184,3528,-1022,34,-59,-14740,-2988,6056,-492,88,-184,0
3718.0784089565277,10448,4916,11064,-125,-37,70,9812,-9024,8672,-24,161,-155,-14652,4264,3568,-1017,54,-48,-14812,-2936,6124,-472,94,-139,0
3718.111895084381,10484,5032,10968,-144,-9,74,9752,-9028,8572,-42,144,-162,-14400,4288,3664,-1017,59,-52,-14688,-2928,5660,-482,101,-177,0
3718.1452541351314,10392,5000,10984,-181,-18,121,10048,-9116,8780,-53,106,-182,-14384,4156,3400,-994,92,-105,-14368,-2976,5860,-465,165,-139,0
3718.1789491176605,10284,5032,11060,-220,-74,99,9944,-9012,8840,-36,151,-166,-14624,3880,3528,-991,100,-103,-14600,-3072,5816,-459,157,-138,0
3718.212501049042,10456,5000,10848,-173,-97,98,9888,-9048,8652,-118,161,-199,-14756,4152,3384,-970,23,-81,-14756,-3116,5924,-435,106,-182,0
3718.2460091114044,10392,4996,10972,-228,-90,38,10200,-9080,8716,-17,230,-185,-14568,4220,3684,-929,11,-58,-14672,-2932,5800,-480,145,-180,0
3718.2797229290013,10248,5012,10900,-172,-72,68,10216,-9040,8496,-49,146,-173,-14512,4252,3536,-1014,85,-27,-14648,-2936,5828,-440,191,-128,0
3718.3133411407466,10404,5092,11004,-166,-115,101,9912,-9112,8876,-64,128,-183,-14604,4156,3820,-931,56,-51,-14696,-2996,5884,-483,152,-113,0
3718.346909046173,10416,5008,10900,-144,-135,115,9868,-9008,8932,-93,91,-201,-14612,4208,3508,-945,56,-36,-14748,-2988,5920,-497,144,-103,0
3718.3805079460144,10540,5016,11028,-150,-70,125,9916,-9124,8768,-79,104,-111,-14660,4176,3572,-964,60,-42,-14732,-2972,5860,-499,117,-130,0
3718.4139089584346,10496,4916,10812,-126,-35,132,9736,-8980,8944,-76,76,-110,-14624,4100,3332,-1000,67,-248,-14688,-2876,5856,-486,157,-125,0
3718.447314977646,10248,5032,10956,-125,-51,130,10220,-8996,8708,-41,101,-124,-14648,4272,3520,-1037,76,-36,-14676,-2940,5832,-499,147,-110,0
3718.4810271263123,10488,4992,10912,-121,-27,114,10180,-9160,8624,-35,130,-100,-14780,4244,3460,-769,79,-22,-14692,-2928,5868,-486,107,-115,0
3718.51890206337,10456,5012,11072,-103,-11,115,9856,-9104,8840,-35,139,-109,-14628,4252,3404,-991,86,-24,-14616,-2928,5876,-511,125,-168,0
3718.5526459217067,10408,4980,11040,-88,1,87,9872,-9072,8736,-47,122,-128,-14700,4196,3448,-1003,93,-12,-14744,-2872,5940,-492,138,-148,0
3718.5862269401546,10308,5032,11024,-145,-29,79,9968,-8984,8748,-50,117,-134,-14664,4188,3332,-989,80,-11,-14664,-2952,5908,-494,116,-147,0
3718.6199250221252,10396,4972,11044,-118,-26,99,9924,-9092,8740,-60,118,-161,-14632,4244,3548,-989,70,-53,-14732,-3056,5844,-483,124,-139,0
3718.6529109477997,10420,4884,11000,-136,-5,69,10160,-9108,8540,-77,134,-164,-14680,4164,3716,-981,58,-63,-14688,-3080,5852,-486,131,-137,0
3718.6909749507904,10432,5040,10912,-179,12,88,9728,-9044,8708,-53,124,-137,-14724,4184,3800,-1027,119,-26,-14712,-3040,5892,-486,89,-107,0
3718.726072072983,10444,4968,10896,-180,-7,100,9908,-9004,8808,-35,155,-152,-14608,4176,3704,-982,147,-48,-14652,-2952,5984,-491,108,-97,0
3718.7618141174316,10328,5044,10944,-215,-12,111,9868,-9112,8712,-8,129,-188,-14608,4212,3836,-998,122,-26,-14680,-2976,5920,-476,124,-75,0
3718.7977211475372,10428,5004,11020,-298,-66,144,9908,-9036,8800,-19,85,-176,-14628,4192,3760,-1014,140,-93,-14644,-3080,6012,-498,161,-36,0
3718.8331100940704,10288,5040,11072,-289,-157,154,9876,-9164,8636,-61,71,-510,-14596,4252,3620,-1000,230,-130,-14828,-3144,5652,-512,132,-26,0
3718.8688890933995,10392,5044,11160,-231,-146,160,9840,-9064,8596,-119,89,-198,-14596,4216,3716,-1000,116,-74,-14680,-3004,5928,-537,100,-59,0
3718.904405117035,10544,4960,10936,-234,-69,119,10020,-9092,8672,-62,140,-157,-14664,4212,3372,-1003,102,-54,-14660,-2980,5980,-501,81,-70,0
3718.940210103988,10428,4936,10864,-299,-33,121,9920,-8992,8608,-11,194,-137,-14788,4240,3616,-1061,119,-109,-14464,-2976,5684,-464,140,-55,0
3718.9755520820613,10360,4964,10940,-310,-39,99,10236,-9168,8516,-18,198,-204,-14696,4200,3700,-983,99,-126,-14716,-2940,5860,-436,190,-83,0
3719.0112681388855,10376,4976,10828,-372,-124,102,9844,-9064,8928,20,192,-225,-14648,4284,3624,-1013,147,-127,-14732,-3004,5880,-449,218,-11,0
3719.0471699237823,10412,4972,10972,-337,-169,157,9888,-9160,8532,19,154,-2,-14604,4104,3544,-1031,176,-138,-14724,-3032,5852,-470,202,-74,0
3719.082504987716,10476,4988,11224,-296,-166,154,9956,-8976,8680,-22,109,-242,-14596,4272,3704,-996,144,-167,-14724,-3244,6136,-504,146,-91,0
3719.1181769371033,10420,4960,11232,-235,-171,142,9924,-9084,8768,-42,138,-225,-14588,4216,3592,-1020,115,-70,-14768,-2984,5716,-484,145,-34,0
3719.153403043747,10460,5068,10992,-205,-182,165,9972,-9096,8852,-35,103,-202,-14640,4268,3676,-991,118,-96,-14820,-2980,5856,-537,131,-84,0
3719.1895160675053,10472,4928,11040,-156,-159,169,9996,-9016,8644,-45,86,-158,-14540,4164,3448,-769,158,-98,-14688,-2888,5808,-515,171,-85,0
3719.2250299453735,10456,5024,10876,-78,-112,198,9972,-8980,8956,-8,39,-152,-14624,4336,3496,-772,146,-57,-14736,-2928,5796,-532,169,-81,0
3719.260699033737,10260,4976,10896,-93,-53,140,10208,-9080,8476,-15,104,-150,-14668,4212,3584,-1014,117,-58,-14724,-3032,5944,-500,140,-118,0
3719.295510053634,10612,4956,10768,-85,28,100,10068,-9044,8696,9,138,-155,-14716,4228,3332,-1003,52,-92,-14760,-2860,5728,-478,170,-137,0
3719.3326790332794,10564,4996,11004,-125,-17,96,10040,-9176,8624,15,207,-132,-14700,4192,3364,-991,-29,-55,-14824,-3088,5684,-467,126,-170,0
3719.3661940097813,10712,4884,10904,-175,-24,57,10020,-9016,8752,-32,206,-144,-14716,4272,3560,-962,-6,11,-14776,-2968,5652,-495,124,-132,0
3719.399658918381,10352,5008,10996,-205,-43,93,9940,-9136,8740,-52,145,-141,-14528,4204,3608,-998,11,-11,-14836,-3092,6024,-498,117,-122,0
3719.4331319332123,10456,4960,10976,-173,-62,123,9832,-9044,8712,-39,124,-141,-14536,4324,3692,-985,91,-27,-14620,-2992,5724,-481,99,-104,0
3719.4667439460754,10336,4960,11012,-169,-22,173,9772,-9104,8820,-24,110,-129,-14604,4244,3376,-1277,102,-73,-14348,-2896,5648,-489,80,-109,0
3719.5001499652863,10364,4976,11176,-113,-31,140,9912,-9088,8812,-49,123,-96,-14460,4264,4032,-996,81,-20,-14744,-2900,5860,-568,81,-109,0
3719.5334429740906,10344,5072,11032,-131,-58,159,10000,-9044,8688,-15,99,-124,-14540,4228,3628,-1004,93,-24,-14840,-2932,5832,-526,109,-74,0
3719.567120075226,10404,4988,11088,-175,-67,188,9964,-9056,8688,-1,87,-140,-14664,4244,3472,-1041,177,-26,-14708,-2952,5976,-766,124,-57,0
3719.6007051467896,10620,4980,11016,-128,-100,186,10024,-9128,8696,-37,25,-125,-14772,4368,3460,-1034,151,-93,-14888,-2848,5892,-523,89,-90,0
3719.6339030265813,10284,4840,11080,-134,-76,199,10024,-9180,8652,-53,76,-111,-14700,4320,3412,-1074,129,-49,-14724,-2920,5880,-606,52,-128,0
3719.6676931381226,10604,4912,10948,-140,-26,153,10012,-9084,8496,-19,111,-16,-14704,4172,3556,-1061,76,67,-14824,-2980,5832,-598,-52,-147,0
3719.7013740539546,10620,5072,11088,-94,74,135,9976,-9040,8816,-68,138,-32,-14768,4240,3584,-1028,47,-227,-14692,-2988,5964,-556,-67,-146,0
3719.734529018402,10456,4980,11060,-124,62,108,10224,-9128,8456,13,140,-51,-14596,4316,3620,-1094,82,-13,-14692,-3016,5908,-545,-13,-222,0
3719.767961025238,10408,4980,11032,-171,68,85,9952,-9048,8768,-35,190,-27,-14688,4264,3580,-1085,43,252,-14724,-2948,5636,-572,7,-204,0
3719.801572084427,10344,4988,10908,-100,36,125,9884,-9144,8720,-36,152,-16,-14576,4296,3704,-1040,23,45,-14820,-3296,5640,-530,20,-139,0
3719.8348529338837,10372,4988,11148,-130,27,111,9884,-9064,8848,-50,156,-61,-14560,4228,3760,-995,56,-228,-14648,-3312,6132,-537,250,-181,0
3719.8683829307556,10284,4988,10924,-155,32,103,9912,-9148,8684,-63,171,-68,-14500,4324,3756,-984,47,21,-14540,-3024,5944,-547,-15,-172,0
3719.9014811515813,10312,4944,11148,-41,101,130,9920,-9132,8668,-68,154,-42,-14656,4300,3600,-1011,19,57,-14708,-2928,5892,-541,25,-154,0
3719.9349319934845,10432,5052,10764,-105,97,115,9796,-9120,8524,-31,177,-50,-14544,4200,3436,-1278,75,94,-14712,-2936,5948,-557,49,-100,0
3719.968511104584,10444,4940,10972,-73,108,145,9800,-9088,8576,-87,111,-94,-14536,4220,3524,-1015,144,42,-14368,-3016,5912,-450,76,-49,0
3720.0020680427547,10400,4968,10940,-156,12,98,9756,-9124,8784,-16,78,-155,-14556,4272,3844,-974,136,-43,-14696,-3320,5908,-425,122,-67,0
3720.035387992859,10444,5088,10960,-158,44,92,9896,-9224,8824,-31,145,-147,-14708,4144,3512,-949,104,-45,-14644,-3112,5816,-428,136,-132,0
3720.0691480636597,10456,5060,11048,-164,-24,48,10020,-9176,8716,-41,205,-178,-14696,4228,3560,-943,27,-81,-14720,-3116,5896,-397,193,-168,0
3720.1028950214386,10512,5108,11048,-176,-81,21,9940,-9100,8768,-37,212,-216,-14608,4312,3744,-891,-3,-53,-14640,-3224,6100,-406,167,-218,0
3720.135931968689,10368,5140,11064,-174,-79,4,9812,-9024,8504,-90,226,-233,-14652,4464,3672,-854,-30,-77,-14792,-3120,6028,-451,166,-183,0
3720.1693279743195,10412,5060,11108,-228,-68,28,9876,-9128,8760,-108,212,-150,-14604,4460,3624,-932,-256,18,-14680,-2884,6044,-456,70,-133,0
3720.2029409408574,10440,4900,10968,-199,66,85,9844,-9144,8664,-94,157,-89,-14768,4476,3420,-947,59,100,-14712,-2884,6096,-454,-23,-104,0
3720.236921072006,10260,5084,11260,-200,123,118,9872,-9272,8708,-67,128,-65,-14508,4452,3508,-976,83,67,-14616,-2952,6316,-472,23,-72,0
3720.2700641155243,10396,4860,11116,-191,89,147,9836,-8988,8604,-73,97,-81,-14508,4424,3632,-948,118,70,-14736,-2988,6092,-514,28,-55,0
3720.3036251068115,10392,4892,11048,-199,39,182,9888,-9248,8684,-41,101,-60,-14532,4472,3480,-1081,107,34,-14704,-2900,5932,-590,54,-90,0
3720.3372740745544,10336,4972,11052,-125,22,153,9944,-9228,8592,-31,105,-79,-14668,4596,3472,-1010,133,-26,-14776,-2988,6064,-562,-17,-124,0
3720.3744311332703,10340,4988,11100,-134,80,108,9880,-9212,8448,-28,176,-124,-14728,4440,3680,-972,47,-50,-14628,-2972,5928,-508,47,-190,0
3720.4100570678715,10320,4872,11260,-150,104,254,9984,-9380,8748,21,221,-152,-14628,4496,3648,-773,-18,-79,-14448,-3032,6112,-257,39,-243,0
3720.4456210136414,10008,5076,11104,-155,147,-45,9876,-9092,8732,1,8,-167,-14636,4232,3860,-990,-53,8,-15012,-3216,6124,-437,-58,-7,0
3720.4812250137334,10324,5212,11112,-250,163,-79,9888,-9276,8768,-105,381,-90,-14692,4448,3788,-932,-168,70,-14712,-3304,6080,-529,-71,-278,0
3720.517638921737,10316,5088,11312,-284,149,13,9736,-9280,8860,-130,312,-11,-14532,4572,3432,-985,-109,63,-14792,-2984,6052,-564,-32,-196,0
3720.552556991577,10156,5024,11200,-175,61,102,9776,-9260,8604,-12,218,-63,-14372,4124,3684,-951,-255,16,-14432,-3020,6304,-521,-33,-183,0
3720.5882549285893,10088,4968,10772,-187,51,83,9740,-9224,8620,-34,252,-153,-14396,4356,3776,-962,9,-105,-14568,-3124,5920,-537,82,-208,0
3720.6232521533966,10160,5140,11132,-183,8,47,9804,-9268,8860,-7,265,-114,-14472,4608,3708,-1048,-9,-60,-14824,-3284,6068,-587,104,-171,0
3720.658770084381,10276,5060,11092,-140,70,110,9760,-9192,8768,-249,233,-64,-14532,4400,3788,-1115,16,-92,-14416,-3036,5964,-593,119,-134,0
3720.6943140029907,10236,5016,11132,-193,-9,163,9756,-9088,8816,36,128,-134,-14448,4596,3712,-1067,134,-9,-14708,-2912,5900,-567,93,-42,0
3720.7297661304474,10316,5040,11032,-512,21,499,9756,-9264,8744,-60,94,21,-14676,4552,3620,-1063,117,111,-14888,-2920,5976,-637,-31,55,0
3720.764943122864,10288,5088,11216,-254,77,357,9788,-9268,8636,23,191,141,-14636,4432,3568,-1067,138,197,-14488,-2908,6204,-567,-95,-28,0
3720.800217151642,10092,4708,11196,-273,113,314,9624,-9308,8668,66,172,86,-14388,4388,3628,-1008,58,55,-14120,-3268,6212,-535,-26,-133,0
3720.8349781036372,9952,4952,11116,-205,250,160,9612,-9016,8740,-10,161,-139,-14508,4244,3816,-932,23,-232,-14356,-3220,5960,-458,218,-166,0
3720.870724916458,10048,5072,11080,-209,-189,45,9756,-9088,8888,-53,247,-355,-14572,4204,3760,-916,-47,-271,-14344,-3120,5980,-406,381,-166,0
3720.9059789180756,10260,5172,10944,-351,-290,-49,9800,-9044,8916,-33,294,-389,-14636,4104,3792,-943,-80,-205,-14656,-3172,6004,-429,318,-228,0
3720.942379951477,9984,4992,11080,-310,-224,-14,9836,-9264,8796,83,259,-319,-14360,4576,3856,-898,30,-212,-14612,-3116,6296,-366,170,-236,0
3720.9775631427765,10224,5120,11116,-213,-76,-57,9748,-8996,8776,-69,274,-301,-14400,4496,4008,-889,-15,-154,-14772,-3136,6168,-407,136,-180,0
3721.013802051544,10256,5040,11068,-315,-65,251,9696,-9308,8736,-95,210,-195,-14460,4548,3672,-868,27,249,-14748,-2996,6152,-429,24,-154,0
3721.0471761226654,10320,4848,11212,-266,-49,36,9744,-9240,8756,-69,199,-224,-14608,4400,3700,-875,113,-55,-14508,-3008,6008,-364,9,-162,0
3721.08074092865,10148,4932,10968,-232,-48,32,9844,-9188,8532,-65,176,-232,-14532,4536,3700,-963,142,-84,-14576,-2940,5932,-376,107,-150,0
3721.1142430305486,10212,4952,11064,-4,-76,40,9672,-9244,8848,-100,197,-190,-14480,4500,3652,-1022,11,-53,-14520,-2948,6160,-466,107,-160,0
3721.147316932678,10216,4908,11056,-204,-22,74,9632,-9220,8564,-92,143,-154,-14452,4500,3684,-1018,61,-24,-14348,-3240,6308,-525,31,-168,0
3721.181025028229,10264,4948,11276,-106,-8,71,9636,-9300,8672,-34,119,-174,-14436,4404,3536,-1056,161,-66,-14444,-2944,6324,-451,78,-118,0
3721.2144880294804,10252,4884,11148,-147,-13,80,9708,-9220,8932,-58,49,-241,-14368,4388,3688,-1083,251,-112,-14344,-2912,6036,-457,238,-45,0
3721.2480340003963,10196,5012,11180,-194,-56,145,9676,-9400,8448,-85,-36,-298,-14392,4424,3516,-1067,351,-173,-14408,-2984,6328,-406,278,73,0
3721.2813661098485,10124,4832,11044,-217,-228,249,9568,-9268,8584,-52,-80,-347,-14460,4588,3624,-1044,412,-253,-14412,-3260,6044,-372,365,20,0
3721.3149080276494,10176,4980,11140,-254,-347,198,9780,-9204,8712,-32,-29,-423,-14552,4320,3908,-1047,390,-309,-14612,-3068,6096,-414,460,254,0
3721.348500967026,10408,5056,11240,-238,-365,129,9912,-9136,8844,-26,10,-450,-14696,4368,3728,-1081,244,-321,-14844,-3128,5880,-401,499,-24,0
3721.3817441463466,10372,5116,11068,-183,-364,138,9912,-9000,8816,-14,29,-352,-14380,4216,3644,-1089,210,-252,-14820,-2996,6060,-535,363,-13,0
3721.415261030197,10376,5004,10940,-105,-189,195,9808,-9164,8816,29,-36,-512,-14584,4604,3684,-1105,295,-135,-14708,-2980,6084,-496,143,-16,0
3721.4487240314484,10332,5068,10984,-113,-43,188,9784,-9268,8760,-25,-75,-172,-14812,4432,3764,-1037,324,-39,-14676,-3036,6100,-412,118,34,0
3721.4822931289673,10348,4972,11128,-175,-42,215,9860,-9204,8796,-72,-22,-122,-14624,4432,3756,-1018,246,-23,-14664,-2952,5972,-479,169,-1,0
3721.5158569812775,10308,4944,11100,-141,-95,207,9636,-9460,8604,-48,-253,-136,-14520,4344,3576,-1040,226,-77,-14560,-2952,6004,-510,183,-4,0
3721.549257993698,10296,4932,11400,-112,-136,226,9852,-9124,8632,-21,-74,-191,-14532,4496,3780,-1053,292,-140,-14572,-2960,5968,-492,10,44,0
3721.5827231407166,10256,4988,11180,-148,-195,282,9820,-9144,8664,-52,-69,-220,-14500,4336,3796,-997,286,-87,-14340,-3028,6132,-482,315,57,0
3721.6161930561066,10288,4876,11176,-137,-215,226,9764,-9196,8576,-47,-45,-247,-14536,4376,3516,-773,288,-128,-14500,-2944,6196,-447,290,6,0
3721.6494600772853,10304,5068,11156,-138,-202,205,9912,-9284,8684,-11,36,-240,-14640,4396,3532,-976,196,-123,-14796,-2996,6044,-471,289,-43,0
3721.6830720901494,10424,4880,11064,-135,-190,150,9900,-9248,8636,-6,97,-242,-14728,4420,3812,-973,128,-125,-14736,-2964,6040,-484,241,-120,0
3721.7169349193573,10436,5016,11148,-130,-139,96,9964,-9280,8828,-16,101,-227,-14664,4396,3504,-987,55,-95,-14772,-3036,5996,-467,218,-145,0
3721.7503409385686,10440,4996,11232,-135,-104,52,9976,-9208,8724,-8,183,-213,-14648,4280,3692,-964,41,-63,-14708,-3072,6076,-416,163,-185,0
3721.7835841178894,10304,4980,11176,-199,-68,39,9952,-9440,8816,-34,192,-239,-14588,4308,3496,-979,55,-139,-14616,-2948,5916,-482,214,-215,0
3721.8171429634094,10256,4964,10940,-152,-116,52,9964,-9064,8672,-21,162,-252,-14528,4268,3404,-963,64,-131,-14648,-2968,6028,-487,177,-184,0
3721.850536108017,10376,5096,10916,-91,-113,55,9816,-9140,8736,-68,120,-232,-14804,4400,3456,-976,61,-100,-14720,-2936,5976,-495,133,-137,0
3721.8838200569153,10364,4980,10800,-180,-54,75,10184,-9200,8660,53,83,-197,-14512,4596,3580,-1056,117,-33,-14824,-2908,6028,-483,159,-118,0
3721.9173340797424,10420,4988,10916,-153,-79,132,9908,-9076,8604,3,81,-159,-14576,4276,3568,-1033,126,-100,-14604,-3080,5932,-458,119,-143,0
3721.95086812973,10308,4956,10780,-124,-90,100,9896,-9160,8656,-40,131,-205,-14520,4452,3532,-987,137,-128,-14616,-2988,6016,-494,181,-159,0
3721.9843080043793,10368,4984,10908,-141,-102,93,9780,-9156,8732,-12,124,-512,-14564,4568,3592,-1015,156,-155,-14576,-2980,5972,-436,227,-131,0
3722.0177330970764,10472,4992,11116,-155,-105,86,9988,-9120,8740,29,86,-241,-14528,4288,3672,-1088,111,-149,-14664,-3020,6044,-423,217,-206,0
3722.0546860694885,10336,5004,11124,-117,-168,43,10196,-9468,8632,254,161,-313,-14592,4236,3612,-1021,73,-42,-14384,-3028,6112,-416,503,-227,0
3722.0902230739594,10236,5060,10992,-116,-177,-63,9952,-9132,8740,32,204,-365,-14640,4264,3392,-1042,90,-506,-14732,-3100,5964,-417,296,-215,0
3722.1249430179596,10256,4952,11108,-131,-186,-50,9904,-9140,8932,15,188,-389,-14560,4168,3612,-1011,59,-289,-14820,-2876,6016,-420,282,-214,0
3722.1606910228734,10340,5088,11072,-201,-140,12,9844,-9048,8536,4,168,-327,-14572,4384,3520,-988,134,-158,-14696,-2944,6088,-462,221,-95,0
3722.197129011154,10448,5044,11204,-208,-86,103,9892,-9180,8616,-7,128,-246,-14592,4440,3328,-991,195,-136,-14724,-2944,6012,-469,169,-38,0
3722.232348918914,10396,4988,11148,-278,-61,126,9920,-9164,8656,-9,118,-173,-14800,4360,3348,-1017,209,-113,-14640,-2920,6068,-467,143,-41,0
3722.268720149994,10312,4980,11204,-241,-67,177,9880,-9100,8888,-29,118,-172,-14584,4096,3624,-1039,178,-110,-14728,-3028,5888,-483,162,-35,0
3722.3039729595184,10304,5032,11060,-6,-48,168,9920,-9076,8672,-48,155,-157,-14552,4372,3700,-1030,137,-96,-14840,-2908,6088,-491,139,-90,0
3722.3402559757233,10304,5060,11064,-243,-21,111,9896,-9064,8664,-34,245,-201,-14704,4316,3600,-999,107,-156,-14708,-3032,5936,-490,192,-68,0
3722.375488996506,10456,5084,11024,-286,-48,91,9748,-9164,8488,-39,1,-214,-14508,4344,3712,-948,81,-131,-14620,-2948,5944,-468,201,-101,0
3722.4110770225525,10388,5012,11132,-286,-78,95,9952,-9164,8572,-13,235,-195,-14628,4196,3368,-934,124,-182,-14756,-2868,5820,-423,220,-106,0
3722.4471409320827,10396,5024,11116,-321,-129,132,9784,-9112,8744,-9,188,-260,-14384,4220,3712,-940,92,-169,-14648,-2988,6088,-393,266,-77,0
3722.482241153717,10404,4988,10912,-315,-163,136,9968,-9068,8804,-14,212,-502,-14560,4232,3672,-893,105,-161,-14588,-2904,5984,-435,246,-77,0
3722.5180909633636,10288,4924,11216,-336,-186,133,9940,-9064,8880,-10,155,-506,-14560,4300,3664,-931,81,-207,-14756,-2916,5716,-452,222,-47,0
3722.553344011306,10480,4996,11224,-271,-178,156,9868,-9064,8624,15,179,-230,-14780,4124,3436,-974,108,-107,-14800,-2852,5988,-464,164,-66,0
3722.5895569324493,10424,4968,10784,-318,-119,143,10000,-9104,8624,39,163,-204,-14688,4216,3328,-1001,118,-128,-14716,-2916,6020,-493,161,-99,0
3722.624398946762,10492,4980,11196,-299,-120,173,9820,-9044,8576,253,153,-161,-14600,4260,3536,-1010,118,-67,-14768,-2948,5928,-441,112,-60,0
3722.660198926925,10396,4960,11032,-323,-158,141,9884,-9088,8764,-30,173,-212,-14616,4308,3360,-1049,114,-142,-14828,-2856,6016,-469,177,-75,0
3722.6965570449834,10496,4920,10792,-292,-182,167,9992,-9192,8688,11,106,-235,-14620,4300,3592,-1018,137,-127,-14676,-2932,5876,-476,165,-65,0
3722.73009109497,10436,4832,11016,-271,-195,166,9868,-8996,8480,24,126,-194,-14848,4224,3604,-973,125,-131,-14728,-2912,5952,-469,114,-103,0
3722.7637350559235,10416,5016,11124,-274,-144,124,9972,-9076,8472,247,165,-192,-14744,4264,3792,-977,64,-124,-14656,-3004,6068,-476,122,-118,0
3722.797394990921,10324,5020,11132,-267,-121,121,9856,-9108,8772,-9,162,-195,-14728,4280,3684,-1036,85,-97,-14692,-2788,5868,-468,111,-135,0
3722.830914974212,10372,4876,11144,-226,-132,132,9896,-9168,8676,-45,131,-214,-14672,4204,3496,-986,113,-125,-14688,-3072,6004,-532,183,-82,0
3722.8643569946294,10460,4932,11128,-195,-155,147,9816,-9016,8828,-23,118,-217,-14644,4268,3488,-1056,202,-127,-14636,-2908,5640,-462,152,-110,0
3722.897696018219,10484,4660,11220,-174,-115,135,9856,-9096,8796,-44,108,-217,-14600,4132,3332,-1040,146,-111,-14688,-2564,6124,-479,160,-121,0
3722.9332890510564,10364,4888,11052,-183,-103,129,9872,-9076,8920,-25,144,-187,-14380,4216,3784,-1045,118,-56,-14732,-2876,6032,-500,122,-106,0
3722.9669129848485,10456,4800,10992,-123,-12,106,9948,-9104,8604,-25,122,-144,-14584,4252,3488,-1070,165,-32,-14656,-2924,5792,-495,110,-132,0
3723.000615119934,10468,4944,10816,-149,253,107,10236,-9076,8860,-253,114,-174,-14392,4216,3384,-1088,137,-72,-14656,-2940,5840,-478,130,-123,0
3723.034096002578,10416,4688,10924,-142,250,104,9972,-8956,8780,-37,106,-166,-14744,4228,3532,-1045,135,-83,-14692,-2912,6064,-493,112,-132,0
3723.0673599243164,10484,4904,11004,-136,244,80,10012,-9108,8724,-56,132,-178,-14676,4228,3688,-1047,143,-72,-14640,-2932,5868,-463,134,-122,0
3723.101046085357,10428,4612,10984,-140,-42,78,9840,-9048,8808,-49,129,-165,-14600,4276,3472,-1017,95,-27,-14624,-2928,5892,-483,133,-119,0
3723.1343410015106,10516,4988,10928,-109,-17,75,9924,-9144,8748,-26,130,-153,-14676,4220,3432,-986,70,-60,-14676,-2860,5764,-752,127,-152,0
3723.1678841114044,10272,4964,11192,-101,-14,75,9856,-9136,8788,-255,138,-172,-14440,4336,3792,-1019,75,-75,-14720,-2996,5648,-494,124,-136,0
3723.2015471458435,10256,5004,11048,-140,-27,73,9996,-9120,8640,-27,141,-201,-14668,4316,3580,-971,88,-81,-14744,-2824,6112,-504,136,-148,0
3723.2348630428314,10456,4864,11200,-131,-45,77,9888,-9092,8684,-46,146,-158,-14632,4300,3680,-972,39,-14,-14660,-2980,6084,-508,159,-137,0
3723.2683041095734,10376,4908,11200,-154,-55,84,9936,-9100,8868,-21,141,-158,-14404,4292,3496,-980,34,-78,-14728,-2972,5984,-514,146,-128,0
3723.3018620014186,10436,5080,11100,-105,-17,89,9936,-8972,8664,-61,157,-170,-14808,4132,3580,-1001,48,-79,-14736,-3056,5860,-474,124,-163,0
3723.3354070186615,10432,4968,11248,-139,-69,63,9924,-9128,8744,-59,151,-179,-14660,4232,3336,-964,-255,-96,-14684,-2944,5900,-485,181,-135,0
3723.368931055069,10408,4976,11072,-144,10,71,10220,-9124,8924,-13,136,-143,-14560,4228,3676,-967,12,-42,-14764,-2944,5796,-483,149,-135,0
3723.4022181034084,10308,4948,11236,-109,-18,85,9860,-8976,8784,-13,145,-136,-14624,4264,3604,-1003,37,-38,-14584,-2988,5892,-498,95,-169,0
3723.4357481002803,10424,4960,11040,-103,-28,76,9988,-9136,8484,-78,144,-139,-14628,4400,3400,-965,58,-71,-14600,-2980,5956,-512,123,-179,0
3723.469342947006,10276,4968,11244,-97,-29,94,9880,-9172,8684,-56,121,-164,-14652,4236,3492,-1002,81,-88,-14752,-2932,5952,-527,114,-146,0
3723.5029699802403,10420,5032,10952,-70,-29,108,9908,-9064,8668,-32,100,-162,-14600,4264,3672,-1070,56,-64,-14624,-3008,5880,-500,139,-150,0
3723.541181087494,10404,5004,10976,-100,-32,95,9848,-9124,8816,238,123,-140,-14840,4564,3836,-1085,157,-62,-14740,-2888,5936,-482,108,-146,0
3723.5753269195557,10376,5016,11096,-95,-22,101,9916,-9100,8668,-26,93,-160,-14840,4596,3700,-1097,132,-62,-14652,-2960,6132,-528,129,-177,0
3723.60884308815,10344,4924,11212,-125,-51,109,9908,-9136,8716,15,99,-155,-14416,4336,3540,-1086,160,-83,-14636,-3008,5976,-257,84,-137,0
3723.6422970294952,10384,5012,11184,-136,-64,106,9900,-9124,8908,-12,91,-165,-14528,4272,3392,-1087,139,-99,-14596,-2988,5976,-479,134,-124,0
3723.6758749485016,10284,5028,11248,-175,-89,112,9896,-9060,8832,-21,75,-163,-14584,4264,3544,-1059,141,-53,-14644,-3008,5932,-494,147,-146,0
3723.7117750644684,10316,5024,11296,-147,-69,112,9872,-9000,8728,-31,76,-158,-14668,4228,3596,-973,98,-94,-14736,-2828,5680,-501,129,-152,0
3723.747579097748,10304,4932,11236,-159,-75,104,9988,-9032,8700,-62,136,-179,-14548,4352,3332,-985,113,-58,-14600,-2948,5976,-482,111,-138,0
3723.7828481197357,10392,5012,10912,-152,-69,88,10132,-9160,8952,-24,132,-190,-14612,4252,3508,-1043,95,-111,-14680,-2952,5836,-476,175,-151,0
3723.8180379867554,10456,4940,10988,-145,-108,118,10008,-9104,8836,-14,129,-194,-14692,4312,3672,-1003,122,-49,-14640,-2920,5944,-485,137,-127,0
3723.8536949157715,10424,5028,10772,-160,-84,83,9900,-9052,8624,-45,132,-197,-14364,4308,3612,-972,100,-108,-14660,-3052,6016,-488,138,-151,0
3723.8891611099243,10396,5000,11076,-107,-77,103,9932,-9096,8508,-74,112,-179,-14384,4568,3664,-979,52,-52,-14664,-2972,5972,-513,149,-118,0
3723.9241690635686,10380,4940,10832,-154,-88,93,9916,-9124,8736,-17,148,-144,-14616,4320,3720,-976,32,-118,-14652,-2996,5932,-487,127,-151,0
3723.9603700637813,10336,5072,11008,-152,-43,124,9904,-9048,8472,-39,142,-164,-14352,4312,3832,-970,82,-51,-14644,-3300,5972,-466,120,-102,0
3723.9955091476445,10444,4988,11072,-134,-119,94,9956,-9164,8736,-103,135,-205,-14720,4280,3604,-940,47,-95,-14736,-3016,5856,-485,143,-152,0
3724.0315301418304,10412,4984,10924,-185,-67,57,9888,-9084,8684,-20,161,-180,-14588,4284,3484,-972,27,-51,-14644,-2988,5776,-471,183,-149,0
3724.0662240982056,10336,5064,11140,-132,-48,94,10024,-9096,8560,-37,146,-149,-14548,4260,3616,-974,22,-47,-14728,-3036,5924,-488,158,-120,0
3724.1022510528564,10360,5056,11024,-153,-61,100,9904,-9108,8892,-59,172,-169,-14644,4292,3700,-977,55,-84,-14636,-3004,6044,-474,151,-156,0
3724.1379201412205,10264,5072,11028,-177,-79,83,9900,-9128,8720,-51,147,-155,-14608,4324,3732,-953,69,-90,-14644,-2900,5852,-485,193,-144,0
3724.1732189655304,10408,5004,10968,-147,-47,99,9912,-9072,8668,-42,146,-157,-14520,4196,3688,-1038,121,-119,-14740,-2976,5976,-475,170,-88,0
3724.2093219757085,10332,5000,11104,-229,-56,122,9932,-9088,8836,-253,129,-205,-14472,4384,3620,-1081,94,-63,-14636,-2876,5800,-461,173,-100,0
3724.2449679374695,10416,4984,11016,-222,-76,112,9992,-9044,8676,15,140,-182,-14840,4336,3704,-1049,84,-81,-14744,-2972,6084,-488,155,-100,0
3724.2811479568486,10284,5132,10936,-265,-39,131,9900,-9116,8808,8,164,-165,-14680,4360,3508,-1058,128,-130,-14736,-2996,5956,-448,138,-72,0
3724.3172690868373,10400,5024,11096,-274,-91,133,9872,-9072,8748,-3,163,-193,-14808,4292,3584,-1021,135,-92,-14652,-2980,5912,-450,170,-70,0
3724.3523321151733,10324,4968,11120,-262,-80,128,9828,-9100,8908,-62,125,-195,-14508,4236,3524,-1010,130,-48,-14672,-3052,6004,-495,148,-82,0
3724.3875291347504,10308,4992,11004,-261,-72,99,9924,-9044,8452,-80,165,-205,-14840,4272,3612,-977,101,-131,-14620,-2976,5916,-470,140,-61,0
3724.4213199615483,10464,4972,11020,-283,-54,96,10232,-9136,8672,-36,185,-201,-14816,4420,3556,-983,120,-134,-14672,-2936,5956,-450,164,-82,0
3724.4549720287323,10464,4944,11140,-318,-69,129,10112,-9092,8920,-36,205,-232,-14648,4248,3616,-971,165,-164,-14664,-2888,5956,-433,184,-71,0
3724.4885840415955,10380,5000,11028,-280,-95,100,9956,-9112,8856,-4,177,-209,-14708,4560,3724,-1268,135,-112,-14612,-3004,5880,-464,182,-59,0
3724.5220110416412,10260,5048,10916,-270,-100,137,9944,-9072,8816,-22,138,-222,-14612,4324,3504,-1278,159,-107,-14596,-2960,5796,-464,182,-53,0
3724.5558230876923,10336,4920,10916,-302,-129,141,10004,-9112,8696,-16,161,-224,-14652,4292,3656,-1011,139,-190,-14712,-2964,5980,-467,174,-72,0
3724.58924794197,10456,4916,11028,-232,-110,134,9952,-9140,8744,-43,152,-213,-14700,4276,3520,-996,143,-152,-14720,-2952,5860,-488,170,-67,0
3724.6229529380803,10380,4976,11212,-260,-125,132,10000,-9172,8720,-5,144,-197,-14728,4284,3500,-1024,155,-104,-14660,-2936,5956,-475,149,-93,0
3724.6565890312195,10376,4992,10904,-323,-133,113,9900,-9068,8640,11,145,-202,-14640,4196,3700,-1010,122,-86,-14708,-2840,6056,-453,140,-76,0
3724.6901149749756,10484,5020,11160,-236,-110,105,10232,-9056,8744,-55,146,-209,-14632,4272,3620,-965,103,-93,-14632,-2844,5828,-459,134,-114,0
3724.7238140106206,10436,4972,11096,-266,-132,130,9864,-9056,8484,-32,129,-220,-14772,4252,3400,-985,125,-130,-14684,-2852,5884,-461,180,-104,0
3724.757204055786,10392,4924,10876,-245,-94,129,9964,-8880,8628,-35,82,-193,-14600,4336,3496,-1052,108,-134,-14704,-2908,5916,-469,145,-96,0
3724.7907321453094,10504,4904,10992,-238,-115,148,10016,-9056,8684,7,148,-195,-14672,4224,3592,-1008,120,-133,-14612,-3068,6104,-469,104,-121,0
3724.8245151042934,10368,4932,11080,-264,-98,137,9824,-9128,8916,-34,131,-184,-14560,4348,3404,-968,104,-69,-14732,-2944,6028,-468,143,-116,0
3724.857666015625,10536,4912,11200,-223,-100,133,10228,-9020,8740,-28,119,-201,-14652,4256,3612,-993,132,-117,-14732,-3004,5772,-495,167,-97,0
3724.8911049365997,10380,4908,10944,-202,-141,153,9976,-9128,8776,-27,120,-202,-14640,4272,3420,-1275,115,-148,-14764,-2920,6024,-473,214,-94,0
3724.924590110778,10308,4952,11084,-5,-141,150,9844,-9108,8872,-13,119,-212,-14584,4392,3448,-1012,136,-110,-14716,-2944,5916,-483,150,-126,0
3724.9578130245213,10416,4616,11240,-230,-174,144,9864,-9072,8756,-17,117,-211,-14664,4192,3548,-999,108,-104,-14656,-3004,5804,-483,177,-122,0
3724.991411924362,10376,4880,10984,-188,-123,111,9916,-9076,8800,-34,153,-210,-14600,4300,3632,-1002,118,-146,-14744,-2904,5884,-484,182,-104,0
3725.0249290466318,10468,4888,11016,-157,-134,121,9916,-8964,8676,-15,125,-186,-14632,4160,3360,-1019,155,-148,-14600,-2892,5684,-485,183,-113,0
3725.0585260391235,10452,4920,10988,-146,-131,122,9884,-9088,8664,-21,127,-203,-14608,4200,3528,-1280,116,-96,-14708,-2948,5708,-482,162,-125,0
3725.0921940803523,10504,4932,10888,-131,-113,110,9984,-9108,8736,-25,112,-198,-14436,4104,3500,-778,111,-90,-14664,-2948,5956,-495,173,-103,0
3725.125694990158,10496,4904,10800,-154,-62,89,10236,-9056,8464,-34,121,-182,-14580,4300,3756,-1023,107,-42,-14724,-2832,5976,-486,146,-154,0
3725.15913105011,10556,4904,10840,-152,-51,92,9996,-9056,8864,-16,131,-180,-14760,4208,3620,-1020,64,-78,-14712,-2844,5920,-503,139,-146,0
3725.1926441192627,10376,4660,11148,-130,-41,99,10000,-9012,8700,-21,120,-174,-14592,4216,3528,-1037,68,-99,-14760,-2908,5852,-483,165,-125,0
3725.2261929512024,10372,4928,10768,-121,-36,80,9900,-9084,8688,4,128,-170,-14732,4252,3752,-1277,108,-40,-14608,-2908,5900,-512,139,-145,0
3725.2596111297603,10336,4968,11188,-152,-73,104,9800,-9084,8716,-246,124,-166,-14828,4148,3776,-770,109,-33,-14540,-2864,5708,-486,141,-122,0
3725.2930870056152,10516,4892,10880,-116,-76,85,9948,-9052,8668,-43,109,-140,-14644,4304,3720,-1020,103,-42,-14792,-2940,5768,-496,102,-105,0
3725.3265359401703,10400,5060,11036,-156,-40,104,9960,-9184,8748,-43,127,-132,-14668,4280,3440,-1052,55,-65,-14604,-2920,5884,-507,110,-164,0
3725.359517097473,10384,4992,10976,-136,-18,86,9988,-9040,8488,-31,136,-139,-14484,4180,3708,-773,96,-249,-14724,-2944,5944,-486,78,-134,0
3725.3954350948334,10360,4948,11048,-94,-54,83,10216,-9104,8764,-83,102,-166,-14740,4264,3580,-1055,77,-83,-14688,-2876,5920,-493,94,-183,0
3725.4316821098323,10444,4856,11032,-119,-16,54,9956,-9092,8688,-5,147,-168,-14652,4272,3548,-775,103,-31,-14732,-2872,5936,-493,135,-152,0
3725.4662129879,10388,4916,10776,-126,-12,102,9736,-9092,8864,-21,113,-170,-14732,4508,3364,-1070,98,-75,-14720,-2980,6100,-503,122,-152,0
3725.5024099349976,10424,4828,10900,-121,-4,115,9896,-9024,8768,-54,118,-128,-14836,4264,3732,-1037,125,-1,-14644,-3036,5944,-765,38,-170,0
3725.5379941463466,10416,5112,11124,-128,-29,83,9884,-9076,8780,-24,135,-152,-14760,4228,3484,-1038,109,-96,-14592,-2852,5992,-480,111,-133,0
3725.5731079578404,10360,4972,10848,-86,-32,100,9944,-9008,8928,-34,107,-162,-14552,4344,3732,-1039,103,-31,-14684,-2996,5944,-531,131,-163,0
3725.6081850528717,10416,4964,11024,-101,-56,92,9832,-9128,8660,-10,117,-173,-14560,4304,3808,-1068,112,-96,-14740,-2960,5656,-505,118,-155,0
3725.644143104553,10332,4980,10988,-93,-40,87,9960,-9108,8720,-21,107,-161,-14552,4192,3700,-1009,79,-89,-14724,-2956,6036,-765,152,-147,0
3725.6797029972076,10300,4968,11180,-115,-81,84,9940,-9088,8880,-25,69,-164,-14388,4320,3712,-1274,111,-105,-14600,-2956,5648,-499,136,-159,0
3725.7145800590515,10412,5024,11220,-100,-71,82,9844,-9132,8648,-22,101,-182,-14804,4240,3608,-1039,112,-45,-14748,-3012,5880,-499,166,-140,0
3725.7499599456787,10400,4900,10964,-112,-50,110,10184,-9152,8448,-40,122,-181,-14588,4356,3600,-1018,97,-107,-14656,-3048,5976,-482,172,-153,0
3725.7852051258083,10464,5016,10988,-133,-79,108,10012,-9028,8672,-79,113,-151,-14568,4252,3528,-990,98,-15,-14712,-2968,5956,-519,120,-142,0
3725.8208000659943,10352,5000,10940,-139,-63,93,10076,-9064,8564,-68,122,-182,-14624,4336,3704,-982,50,-67,-14672,-2944,5984,-488,116,-129,0
3725.8561661243443,10388,5016,10852,-155,-39,92,9776,-9088,8864,11,135,-145,-14588,4176,3600,-997,66,-53,-14584,-3016,5860,-485,172,-115,0
3725.8918881416325,10272,5056,10964,-145,-57,128,9884,-9036,8732,-33,154,-181,-14644,4304,3696,-970,57,-66,-14652,-3008,5944,-499,193,-123,0
3725.928046941757,10372,4976,11148,-114,-105,102,9992,-9148,8696,-74,148,-203,-14656,4332,3496,-945,93,-68,-14604,-3200,6036,-478,162,-136,0
3725.9627349376683,10456,5076,10996,-203,-86,129,9956,-9004,8852,-20,125,-165,-14604,4244,3548,-995,87,-98,-14696,-3048,6012,-456,152,-113,0
3725.998206138611,10260,5060,11004,-179,-7,106,9908,-9052,8744,3,135,-164,-14584,4296,3604,-1004,68,-34,-14676,-2880,5924,-462,128,-145,0
3726.0347311496735,10420,5032,11032,-149,-27,85,9924,-9184,8836,-46,127,-149,-14484,4352,3576,-975,85,-62,-14696,-3068,5944,-501,107,-130,0
3726.0683419704437,10412,5060,10984,-176,-30,87,9888,-9052,8680,-63,157,-137,-14800,4340,3712,-1000,76,-51,-14744,-2928,6112,-486,104,-138,0
3726.101764917373,10372,4952,11232,-182,-55,93,9860,-9012,8880,-58,165,-156,-14520,4192,3792,-1017,79,-49,-14608,-3048,5644,-483,134,-123,0
3726.1351280212402,10356,4956,10956,-161,-12,87,9776,-9040,8784,-43,130,-171,-14596,4276,3332,-1045,105,-56,-14424,-3000,5876,-481,135,-145,0
3726.1687331199646,10436,4980,10976,-160,-114,102,9924,-9052,8732,-24,114,-222,-14564,4384,3348,-1055,162,-127,-14708,-3068,6132,-500,174,-137,0
3726.2021811008453,10376,5020,10888,-148,-51,98,9940,-9104,8664,6,114,-189,-14708,4256,3744,-1150,158,-76,-14600,-2980,5892,-447,127,-130,0
3726.2355740070343,10380,4984,10792,-151,-10,97,9744,-9044,8700,-30,113,-168,-14420,4256,3700,-1039,110,-70,-14440,-2932,6004,-513,118,-141,0
3726.2692661285405,10384,5056,11188,-159,5,107,9932,-9132,8920,-30,127,-150,-14800,4356,3584,-1025,134,-49,-14672,-2980,5980,-515,117,-111,0
3726.3028371334076,10320,5016,10972,-182,-1,96,9976,-9144,8944,-65,149,-157,-14600,4260,3364,-1018,124,-81,-14756,-3084,5912,-479,132,-120,0
3726.336198091507,10440,5112,11068,-213,-254,91,9860,-9144,8704,-54,141,-174,-14348,4296,3824,-1004,135,-76,-14672,-3032,5976,-494,129,-107,0
3726.3699769973755,10320,5072,11088,-195,0,101,9988,-9032,8704,-44,136,-177,-14516,4296,3572,-1036,145,-81,-14664,-3004,5972,-485,124,-102,0
3726.4031679630284,10308,5184,11164,-240,-28,121,10024,-9108,8796,-8,167,-197,-14836,4320,3832,-1013,140,-104,-14604,-3020,6020,-459,160,-53,0
3726.436576128006,10332,4904,10824,-239,-72,128,10032,-9132,8728,-49,151,-200,-14836,4260,3392,-999,144,-125,-14764,-3044,6024,-475,162,-88,0
3726.4700560569763,10332,5048,11104,-221,-92,118,9896,-9144,8676,-60,146,-212,-14592,4192,3772,-1002,155,-136,-14688,-2988,5984,-483,138,-87,0
3726.5036630630493,10444,5104,11292,-261,-47,116,9876,-9092,8496,-44,175,-181,-14592,4352,3596,-991,103,-121,-14680,-2924,6140,-487,143,-82,0
3726.5372459888454,10532,5148,11232,-275,-27,117,9732,-9100,8576,-41,151,-194,-14548,4432,3660,-976,92,-98,-14596,-3068,5968,-455,106,-85,0
3726.5707309246063,10336,5016,10904,-294,-46,109,9904,-9160,8716,-58,157,-200,-14528,4228,3476,-953,115,-89,-14680,-3004,5840,-436,147,-66,0
3726.6043069362645,10248,5012,11056,-310,-64,127,9948,-9096,8752,-44,151,-190,-14632,4316,3656,-953,124,-127,-14668,-2932,5996,-436,176,-78,0
3726.6376471519466,10444,4844,10836,-312,-79,129,9860,-9092,8676,-21,156,-222,-14364,4224,3616,-951,130,-164,-14724,-3016,5880,-459,214,-71,0
3726.6711950302124,10432,4944,11048,-279,-112,128,9916,-9072,8452,-34,171,-215,-14640,4272,3592,-926,115,-154,-14544,-2912,5968,-445,220,-89,0
3726.7047500610347,10392,4888,11052,-286,-132,119,10224,-9072,8860,-17,204,-231,-14640,4276,3516,-915,122,-115,-14660,-3060,5944,-436,231,-64,0
3726.7381711006165,10328,5008,11120,-291,-126,132,9900,-9104,8676,-256,174,-218,-14652,4256,3692,-929,103,-146,-14708,-2908,6016,-433,197,-97,0
3726.771817922592,10364,5000,11232,-306,-101,122,9936,-9008,8648,-1,187,-200,-14656,4108,3472,-969,103,-147,-14420,-3204,6004,-445,194,-73,0
3726.8054139614105,10324,5032,11168,-296,-107,119,9996,-9080,8716,-15,186,-237,-14664,4256,3600,-943,120,-126,-14704,-2884,6060,-447,170,-106,0
3726.8386330604553,10344,4920,11056,-277,-69,114,9984,-9048,8472,-77,143,-211,-14736,4264,3584,-970,103,-102,-14764,-2836,5900,-465,130,-107,0
3726.87211894989,10456,4888,11096,-280,-101,126,9896,-9064,8764,-2,124,-192,-14668,4588,3404,-1040,78,-105,-14728,-2952,5996,-499,177,-111,0
3726.9053311347966,10372,4984,11088,-243,-81,165,10128,-8964,8816,10,131,-170,-14600,4192,3816,-1018,120,-126,-14704,-3008,5920,-462,117,-76,0
3726.938699960708,10452,5016,11148,-214,-79,133,9768,-9092,8584,-43,130,-221,-14620,4248,3448,-990,124,-98,-14724,-2860,5772,-503,169,-118,0
3726.9723589420323,10348,4872,10908,-289,-140,119,9900,-9124,8684,-9,120,-220,-14604,4316,3596,-1038,119,-97,-14648,-2932,5904,-487,201,-96,0
3727.006026983261,10348,4920,11092,-244,-108,138,9996,-9044,8944,12,139,-157,-14592,4272,3356,-1054,103,-35,-14672,-2960,5824,-455,127,-112,0
3727.0394980907445,10328,5004,10864,-265,-67,115,10020,-9044,8604,-39,158,-180,-14624,4236,3628,-987,81,-92,-14688,-2996,6028,-442,80,-134,0
3727.075432062149,10144,5004,11108,-250,-87,122,9988,-9084,8700,-47,144,-206,-14580,4288,3700,-981,135,-77,-14692,-2908,6052,-501,107,-100,0
3727.111544132232,10336,4976,11052,-206,-116,120,9916,-9188,8740,-40,103,-192,-14600,4288,3552,-1047,179,-139,-14664,-2940,5868,-494,138,-106,0
3727.1477551460266,10352,5104,11232,-227,-147,140,9884,-8988,8468,-36,86,-255,-14612,4556,3452,-1081,173,-149,-14644,-2988,5732,-502,202,-98,0
3727.1829171180725,10360,4876,10944,-180,-135,138,9952,-9072,8676,-26,69,-214,-14596,4300,3524,-1068,164,-116,-14688,-2928,5844,-764,154,-115,0
3727.2192211151123,10460,4984,11008,-179,-132,114,9972,-9108,8748,-18,105,-214,-14696,4232,3528,-1048,154,-111,-14716,-2880,5796,-526,166,-127,0
3727.25424003601,10696,4864,10920,-160,-118,101,9960,-9036,8544,-33,111,-178,-14432,4240,3528,-1093,150,-85,-14760,-2936,5908,-485,143,-124,0
3727.289916038513,10476,5012,10796,-147,-67,95,9916,-9108,8680,-28,116,-166,-14652,4188,3832,-1087,129,-96,-14656,-2940,5692,-507,130,-154,0
3727.324913978576,10256,4920,10924,-143,-72,110,9968,-9060,8832,-14,107,-165,-14652,4228,3476,-1060,73,-30,-14752,-2992,6020,-482,121,-153,0
3727.3607001304626,10476,4956,10964,-168,-55,71,9896,-9104,8824,-30,135,-187,-14696,4244,3364,-1002,97,-83,-14624,-2944,5864,-488,132,-165,0
3727.3953809738164,10252,4696,11208,-124,-78,92,10028,-9036,8720,-27,131,-190,-14616,4208,3628,-989,108,-52,-14652,-2980,5924,-483,155,-150,0
3727.430978059768,10436,4892,10940,-147,-60,77,9872,-9044,8816,-18,141,-163,-14356,4152,3528,-1022,84,-58,-14684,-2996,5704,-485,140,-150,0
3727.4674069881444,10440,4972,11176,-121,-56,88,9728,-9060,8660,-30,159,-176,-14592,4292,3520,-982,78,-13,-14680,-3188,6040,-478,142,-136,0
3727.502419948578,10348,4972,11116,-164,-51,108,9832,-9052,8820,-19,109,-153,-14584,4268,3752,-994,68,-88,-14720,-3044,6096,-471,127,-126,0
3727.538154125213,10500,4956,11220,-170,-68,114,10176,-9052,8748,-67,163,-150,-14684,4312,3696,-968,44,-43,-14632,-2888,5840,-505,127,-109,0
3727.573660135269,10420,4616,10964,-154,-77,123,10012,-9076,8788,-6,138,-162,-14712,4272,3680,-1000,27,-48,-14848,-2844,5892,-487,164,-134,0
3727.6094250679016,10332,4992,11020,-144,-51,110,10000,-9040,8528,-32,137,-179,-14676,4244,3404,-1001,48,-100,-14740,-2920,5972,-480,154,-133,0
3727.6445441246033,10372,5080,10956,-113,-98,96,9772,-9044,8644,-56,159,-186,-14716,4216,3528,-990,14,-68,-14688,-2880,5872,-485,159,-182,0
3727.6798210144043,10408,4928,11136,-151,-60,91,10008,-9148,8624,-16,154,-180,-14540,4288,3492,-1014,32,-49,-14720,-2900,5956,-470,118,-140,0
3727.7166490554814,10424,4836,10776,-125,-25,80,9912,-9064,8708,-16,129,-137,-14556,4156,3548,-1038,39,-28,-14776,-2856,6000,-487,85,-152,0
3727.7500979900365,10432,4888,11032,-116,-20,79,9900,-9104,8728,-59,154,-130,-14660,4268,3488,-987,22,-60,-14624,-2972,5836,-503,103,-152,0
3727.783645153045,10424,4956,11008,-135,-27,80,9980,-9140,8808,-30,138,-147,-14632,4392,3724,-983,51,-67,-14756,-3036,6328,-489,99,-170,0
3727.817295074464,10476,4988,10884,-104,-31,75,9972,-9068,8636,-36,118,-146,-14540,4276,3684,-1273,70,-37,-14572,-2936,6052,-497,150,-171,0
3727.850826025009,10360,4952,11080,-115,-79,86,9924,-9164,8712,5,145,-181,-14632,4352,3640,-1063,97,-9,-14788,-2976,5988,-257,163,-146,0
3727.884355068207,10424,4976,10936,-99,-59,107,9968,-9084,8708,-24,109,-173,-14636,4268,3792,-1053,87,-62,-14672,-3008,6008,-262,164,-147,0
3727.9176831245422,10412,4968,11172,-124,-82,92,9888,-9012,8868,-55,97,-169,-14528,4288,3560,-1008,100,-86,-14664,-2936,6100,-481,135,-123,0
3727.9509551525116,10324,4992,11220,-121,-86,96,9920,-9052,8752,-20,120,-181,-14372,4144,3624,-1017,130,-52,-14736,-3008,6060,-488,167,-143,0
3727.9845280647282,10436,4988,10884,-127,-73,115,10236,-9056,8836,-32,94,-196,-14528,4244,3528,-1064,137,-37,-14664,-3000,5632,-493,121,-138,0
3728.0180969238286,10408,5000,10960,-156,-50,135,9964,-8980,8580,-31,92,-185,-14620,4296,3832,-1054,126,-67,-14440,-3208,6072,-487,146,-113,0
3728.051578998565,10380,5000,10880,-162,-61,88,9744,-9040,8940,-47,196,-153,-14344,4248,3756,-965,155,-125,-14708,-2964,5948,-486,88,-136,0
3728.0852761268616,10416,5060,10872,-161,-54,100,10008,-9104,8664,-37,113,-162,-14620,4284,3668,-1043,134,-77,-14640,-3060,6044,-513,148,-147,0
3728.1186549663544,10440,4988,11208,-144,-57,91,9972,-9124,8752,-25,125,-180,-14548,4336,3692,-1050,133,-48,-14676,-3048,5940,-493,125,-141,0
3728.1519999504094,10376,4944,11100,-128,-40,111,9740,-9040,8680,-16,136,-178,-14408,4196,3648,-1080,123,-89,-14672,-3028,5988,-768,111,-126,0
3728.1853630542755,10384,4908,10968,-160,-58,73,9880,-9056,8756,-43,79,-170,-14820,4240,3644,-1035,111,-113,-14676,-3104,6004,-482,163,-125,0
3728.2189171314244,10396,5060,10768,-148,-59,102,9988,-9060,8592,-20,109,-196,-14568,4272,3640,-1279,136,-79,-14732,-3024,5956,-479,119,-137,0
3728.2524900436406,10468,4976,10816,-167,-67,96,9892,-9164,8724,-31,140,-166,-14644,4324,3576,-1059,69,-36,-14408,-2924,6044,-509,138,-136,0
3728.286029100418,10468,4984,10772,-188,-54,107,9952,-9048,8480,-30,150,-185,-14572,4280,3588,-1055,79,-76,-14632,-2952,5928,-476,145,-116,0
3728.319585084915,10268,5104,11172,-150,-46,111,9876,-9084,8780,-73,153,-158,-14544,4332,3500,-1017,102,-59,-14684,-2936,5964,-476,108,-123,0
3728.353059053421,10396,4980,11260,-183,-53,71,10072,-9056,8624,-50,151,-212,-14800,4320,3556,-772,95,-70,-14372,-2996,6140,-483,145,-149,0
3728.3865990638733,10400,5000,11068,-168,-17,86,9904,-8976,8744,-19,141,-188,-14448,4292,3336,-1093,87,-66,-14676,-3048,5820,-493,166,-133,0
3728.4198660850525,10368,5000,11244,-154,-45,91,9920,-9024,8880,-8,130,-141,-14520,4232,3492,-1043,92,-45,-14712,-3004,5992,-489,125,-146,0
3728.4535050392155,10460,5040,10808,-178,-35,82,9888,-9036,8900,-50,164,-162,-14484,4244,3612,-977,77,-76,-14696,-2996,5868,-481,124,-136,0
3728.4871389865875,10380,5024,11084,-203,-56,86,9856,-9092,8740,-53,151,-170,-14592,4276,3684,-988,80,-123,-14608,-2956,6048,-474,167,-126,0
3728.5206749439244,10368,5140,11020,-156,-70,111,9964,-9072,8676,-27,162,-178,-14796,4268,3620,-998,100,-107,-14672,-2904,6016,-458,181,-109,0
3728.558723926544,10344,5056,10976,-225,-35,104,9952,-9108,8864,242,177,-167,-14568,4220,3652,-938,43,-59,-14692,-3016,5852,-455,202,-101,0
3728.592579126358,10296,5096,10932,-235,-70,107,9944,-9124,8692,6,183,-197,-14628,4340,3760,-942,56,-103,-14648,-3044,6016,-445,170,-75,0
3728.6260709762573,10400,4984,11056,-236,-69,104,9916,-8972,8860,-29,165,-187,-14600,4252,3808,-949,96,-149,-14744,-3040,6112,-412,179,-76,0
3728.6598279476166,10420,5032,11096,-248,-109,106,9884,-9044,8936,-19,163,-193,-14664,4236,3584,-939,78,-148,-14776,-2936,6028,-458,212,-42,0
3728.6934170722966,10240,5008,11016,-284,-75,112,9892,-9036,8724,-54,134,-230,-14556,4316,3616,-961,48,-84,-14596,-3032,5912,-450,167,-67,0
3728.727128028869,10416,4976,11008,-270,-78,102,9924,-9072,8716,-65,152,-188,-14536,4236,3580,-946,73,-98,-14668,-2996,5980,-459,150,-93,0
3728.7633159160614,10424,4908,11000,-310,-83,105,9972,-9068,8636,-102,165,-214,-14532,4324,3808,-952,106,-109,-14800,-2944,5972,-458,162,-54,0
3728.7982230186462,10484,4972,10992,-314,-73,104,10228,-9120,8672,-20,147,-211,-14620,4288,3620,-956,137,-156,-14708,-2900,6056,-472,200,-51,0
3728.833929061889,10456,4876,11032,-278,-78,128,10000,-9056,8724,-24,151,-223,-14600,4212,3560,-999,126,-108,-14620,-2868,5896,-449,206,-81,0
3728.8699169158936,10432,4908,10992,-272,-131,114,9912,-9108,8880,-46,146,-219,-14584,4288,3496,-1002,147,-148,-14640,-2972,6008,-477,183,-64,0
3728.905112028122,10388,4924,10952,-253,-124,109,9884,-9076,8884,-11,163,-218,-14556,4268,3524,-1008,124,-126,-14692,-3076,5928,-462,172,-61,0
3728.9404520988464,10376,4948,10904,-259,-118,120,9912,-9056,8648,-34,132,-209,-14380,4296,3652,-983,127,-116,-14784,-3012,6024,-451,141,-77,0
3728.975508928299,10404,4904,11084,-268,-89,129,10164,-9064,8760,-39,187,-178,-14692,4264,3572,-967,135,-133,-14712,-2880,5888,-469,125,-54,0
3729.0118300914764,10360,5020,11132,-270,-55,112,9964,-9076,8728,-23,161,-184,-14636,4192,3580,-1003,124,-116,-14700,-2952,5900,-456,142,-94,0
3729.0481300354004,10332,5012,11092,-293,-117,146,9876,-9208,8624,5,129,-189,-14592,4260,3540,-774,121,-91,-14704,-3024,5936,-464,161,-78,0
3729.0834839344025,10304,4940,11088,-233,-91,115,9960,-9108,8728,-72,154,-218,-14532,4224,3376,-1276,166,-163,-14656,-2908,5964,-458,141,-112,0
3729.1193110942845,10668,5112,11224,-276,-141,133,9896,-9180,8756,-9,117,-214,-14656,4308,3472,-1052,197,-115,-14708,-2844,6052,-488,153,-84,0
3729.154711961746,10456,4620,10924,-228,-91,160,9776,-9100,8736,-31,103,-164,-14716,4176,3556,-1055,130,-90,-14696,-2996,5988,-457,100,-91,0
3729.1906249523163,10304,4976,10928,-237,-65,150,9948,-9076,8800,-27,142,-167,-14576,4112,3612,-1032,103,-64,-14644,-2952,5836,-477,94,-121,0
3729.22598695755,10272,4964,11064,-248,-130,132,9856,-9052,8792,-44,102,-167,-14584,4232,3672,-997,139,-93,-14632,-2828,6072,-496,115,-70,0
3729.262391090393,10284,4912,11044,-195,-94,161,9924,-9008,8956,-58,128,-195,-14632,4252,3684,-1007,131,-149,-14608,-2876,5964,-486,208,-82,0
3729.2976241111755,10476,4664,11080,-204,-197,133,9884,-9104,8552,-23,113,-234,-14600,4292,3536,-1028,143,-127,-14800,-2868,5636,-479,181,-123,0
3729.3333201408386,10476,4916,10844,-163,-134,127,10016,-8992,8624,-49,130,-223,-14620,4244,3584,-1009,103,-149,-14756,-2876,5912,-469,164,-108,0
3729.368829011917,10488,4928,10968,-187,-161,122,9868,-9044,8808,254,102,-233,-14552,4292,3680,-1013,89,-91,-14696,-2948,5932,-513,163,-139,0
3729.405591964721,10484,4896,10980,-144,-145,111,10012,-8996,8900,-28,111,-228,-14628,4276,3792,-1025,129,-135,-14712,-2856,5680,-492,142,-147,0
3729.439145088196,10740,4908,10924,-123,-91,94,9896,-8992,8716,-40,124,-192,-14380,4284,3808,-1045,126,-101,-14668,-2880,5988,-507,153,-134,0
3729.4726700782776,10264,4952,10900,-142,-91,102,9896,-8952,8720,-32,106,-164,-14536,4252,3720,-1053,136,-37,-14672,-2964,5804,-463,128,-121,0
3729.5061440467834,10248,4960,10996,-131,-80,86,10044,-9004,8616,-52,126,-164,-14768,4296,3508,-999,79,-45,-14748,-2884,6124,-767,130,-172,0
3729.539834022522,10248,4852,11068,-177,-54,101,10056,-9128,8480,-1,107,-153,-14716,4296,3584,-1060,105,-85,-14664,-2972,5808,-478,120,-127,0
3729.5733621120453,10432,5020,10984,-105,-54,103,9884,-8864,8928,-11,115,-170,-14628,4232,3524,-1034,106,-100,-14688,-2976,5684,-479,145,-134,0
3729.6070420742035,10372,4972,11084,-73,-70,94,9900,-9144,8852,-68,133,-182,-14592,4388,3648,-977,53,-83,-14740,-2948,6108,-533,124,-152,0
3729.6402530670166,10428,4892,10892,-135,-42,79,9896,-9068,8868,-29,129,-134,-14340,4248,3664,-988,57,-20,-14768,-2916,5636,-484,102,-147,0
3729.6737880706787,10492,4912,10940,-121,-42,120,9920,-9076,8752,-24,143,-101,-14372,4252,3460,-956,66,-6,-14816,-2940,5848,-474,131,-136,0
3729.707363128662,10348,4992,10868,-129,-29,125,9960,-9104,8556,-19,124,-138,-14676,4164,3096,-961,86,-15,-14644,-2960,5976,-494,150,-121,0
3729.741132974624,10388,4944,11088,-125,-25,94,10028,-9140,8544,-24,127,-180,-14592,4232,3476,-1009,37,-37,-14692,-2908,6128,-469,157,-139,0
3729.7745151519775,10340,4956,10988,-118,-77,93,9972,-9072,8912,-28,149,-192,-14488,4256,3504,-981,56,-71,-14704,-2912,5924,-504,140,-133,0
3729.8081979751587,10292,4936,11096,-129,-20,89,10000,-9064,8660,-29,136,-175,-14636,4300,3476,-994,55,-44,-14612,-3004,5980,-484,155,-170,0
3729.8417520523067,10468,4960,11084,-127,-45,96,9956,-9120,8696,-19,127,-186,-14820,4236,3600,-1000,77,-56,-14600,-2876,5924,-472,144,-142,0
3729.875325918197,10472,5028,11040,-154,-73,87,9784,-9204,8748,-35,138,-189,-14380,4576,3612,-1015,70,-89,-14392,-2872,6056,-257,154,-150,0
3729.9087331295013,10744,4976,11108,-111,-55,100,9876,-8768,8652,-34,171,-171,-14584,4216,3484,-998,118,-84,-14632,-3004,6020,-516,150,-128,0
3729.9421391487126,10384,4976,10984,-121,-48,101,9992,-9040,8728,-28,137,-156,-14604,4268,3464,-1003,105,-43,-14380,-2956,5784,-504,129,-168,0
3729.9756021499634,10464,5000,11072,-113,-26,97,9744,-9068,8740,-18,171,-175,-14840,4248,3672,-984,112,-34,-14524,-2940,5804,-479,152,-151,0
3730.009113073349,10740,4936,11040,-120,-51,85,9732,-9004,8720,-45,137,-183,-14552,4228,3596,-1030,102,-99,-14796,-2956,5900,-482,155,-174,0
3730.0424609184265,10416,5004,10944,-125,-72,81,10028,-9036,8656,-9,134,-190,-14344,4292,3436,-986,99,-120,-14636,-2916,5904,-487,158,-162,0
3730.0764031410213,10356,4960,10816,-127,-12,74,9944,-9016,8488,-15,112,-178,-14664,4308,3376,-1011,85,-113,-14704,-2988,6136,-494,156,-147,0
3730.1098649501805,10476,5052,10872,-139,-60,104,9948,-8716,8716,-24,114,-171,-14588,4272,3628,-1000,80,-42,-14636,-3044,5940,-501,139,-154,0
3730.1429979801173,10452,4828,10996,-115,-42,95,9860,-9016,8624,-17,125,-180,-14656,4384,3624,-1035,82,-63,-14752,-2972,5984,-499,146,-135,0
3730.176789999008,10328,4972,10996,-137,-39,109,9904,-9072,8808,242,139,-170,-14804,4276,3740,-990,106,-80,-14572,-2948,5680,-498,132,-125,0
3730.2102501392365,10420,4956,11024,-144,-48,124,9876,-9096,8448,-38,102,-182,-14360,4228,3524,-1029,113,-79,-14612,-2956,6112,-469,136,-117,0
3730.24361205101,10360,4948,11108,-165,-22,121,9940,-9104,8704,-36,85,-154,-14576,4116,3664,-1042,111,-64,-14664,-2940,6040,-504,107,-127,0
3730.277492046356,10368,4996,10932,-151,-49,113,9948,-9040,8856,-42,96,-173,-14588,4268,3804,-1067,156,-32,-14628,-2880,5976,-260,115,-111,0
3730.3110411167145,10360,5084,10808,-137,-35,115,9912,-9172,8736,-51,99,-162,-14620,4188,3728,-797,125,-51,-14792,-2852,5952,-519,110,-130,0
3730.3443450927734,10408,4980,10884,-131,-41,90,9912,-9212,8656,-34,107,-180,-14604,4348,3680,-1069,126,-95,-14716,-2972,5928,-519,146,-143,0
3730.3778920173645,10400,4980,11080,-159,-46,82,9748,-9056,8720,-46,120,-174,-14400,4136,3500,-1015,141,-88,-14780,-2932,6100,-511,136,-122,0
3730.4112260341644,10644,5044,10760,-139,-88,100,10000,-9064,8672,-53,113,-173,-14456,4340,3644,-1061,131,-44,-14700,-2968,6104,-477,163,-137,0
3730.448179960251,10232,5068,11008,-187,-115,113,10020,-8964,8656,-53,137,-188,-14620,4224,3576,-996,105,-78,-14716,-2988,5932,-470,141,-113,0
3730.483222961426,10416,5068,11236,-140,-84,88,9892,-9148,8592,-78,127,-207,-14608,4364,3508,-1017,77,-63,-14712,-2888,5940,-501,122,-142,0
3730.518938064575,10324,5024,10892,-202,-54,90,9672,-9096,8656,-2,206,-154,-14572,4356,3548,-1046,58,-106,-14732,-3092,6136,-490,118,-130,0
3730.5540270805363,10304,5064,10952,-178,24,94,9924,-8728,8924,-56,141,-146,-14704,4316,3416,-990,68,-90,-14652,-3016,5840,-477,72,-138,0
3730.5899040699005,10412,5032,11032,-159,-35,71,9952,-9076,8756,-57,113,-186,-14368,4292,3632,-1009,99,-106,-14840,-2892,5936,-494,154,-136,0
3730.6251020431523,10424,4984,10804,-142,-9,70,9900,-8980,8804,-27,143,-160,-14532,4272,3592,-1047,84,-21,-14648,-3024,5848,-491,119,-118,0
3730.6604950428014,10432,5164,10940,-164,51,71,9836,-9092,8652,-54,165,-113,-14500,4204,3592,-1026,68,-88,-14712,-2940,5932,-465,115,-134,0
3730.6959340572357,10384,5364,11016,-246,16,102,10012,-9168,8696,-35,180,-171,-14848,4236,3600,-978,88,-51,-14680,-2920,6128,-456,153,-71,0
3730.731220960617,10284,4996,11176,-271,-35,122,9908,-9080,8688,-49,161,-169,-14684,4276,3604,-931,63,-120,-14704,-2920,6132,-471,168,-72,0
3730.766210079193,10496,4976,11040,-284,-86,145,10072,-9096,8744,-53,156,-193,-14540,4356,3724,-956,93,-110,-14548,-3008,5976,-465,223,-66,0
3730.801831007004,10328,5108,11172,-8,-82,110,10012,-9036,8716,-85,172,-231,-14340,4116,3688,-909,70,-153,-14424,-3180,6096,-452,209,-40,0
3730.8377590179443,10284,5004,11004,-316,-64,93,9740,-9084,8680,-76,192,-201,-14648,4308,3712,-897,46,-110,-14628,-2988,6092,-452,189,-59,0
3730.8726739883423,10456,4996,11216,-302,5,90,9896,-9088,8588,-56,230,-177,-14560,4284,3668,-925,56,-135,-14684,-3024,5756,-425,173,-71,0
3730.9082019329066,10364,5020,11100,-328,-46,127,10024,-9160,8680,-33,184,-211,-14832,4220,3556,-946,91,-72,-14628,-2964,5892,-440,178,-50,0
3730.9432101249695,10296,4996,10988,-329,-74,129,10016,-9052,8712,-65,175,-211,-14664,4204,3644,-936,151,-182,-14720,-3024,5664,-431,174,-54,0
3730.97868514061,10396,4952,11028,-298,-121,126,9932,-9036,8780,-36,155,-238,-14372,4168,3556,-956,133,-152,-14600,-3004,5872,-436,220,-46,0
3731.0137081146245,10296,5012,10968,-314,-169,145,9876,-9108,8804,-255,180,-239,-14640,4292,3444,-985,126,-190,-14680,-2900,5888,-464,191,-74,0
3731.0492451190958,10332,4916,10924,-318,-154,138,9980,-9204,8664,10,143,-242,-14660,4296,3628,-1002,88,-128,-14688,-2880,5872,-463,186,-97,0
3731.0866351127625,10512,4964,11016,-265,-123,118,9964,-9076,8724,255,107,-219,-14604,4284,3528,-1030,124,-145,-14704,-2884,6096,-487,159,-97,0
3731.120183944702,10348,5024,11036,-269,-117,122,10152,-9104,8920,245,148,-208,-14600,4284,3652,-1005,140,-62,-14684,-2944,5936,-458,154,-79,0
3731.153543949127,10376,5036,10880,-321,-126,151,9932,-9052,8672,-41,131,-207,-14660,4284,3496,-995,154,-118,-14736,-2904,5852,-441,140,-63,0
3731.1871979236603,10436,4976,11116,-269,-123,163,9968,-8824,8944,-71,103,-207,-14660,4260,3652,-997,150,-84,-14680,-2832,5976,-502,140,-75,0
3731.2208709716797,10564,5108,11024,-255,-138,148,10080,-9176,8656,-26,88,-207,-14752,4272,3364,-1040,121,-139,-14768,-2996,5940,-477,148,-96,0
3731.2540879249573,10400,4972,10832,-229,-124,139,9868,-9192,8764,-18,117,-198,-14592,4180,3612,-1032,150,-120,-14648,-2960,5980,-509,124,-83,0
3731.2877011299133,10396,4948,11012,-199,-129,133,9928,-9080,8736,-71,123,-207,-14784,4280,3472,-1011,118,-107,-14648,-2868,5952,-485,155,-115,0
3731.3211610317226,10420,4624,11208,-1,-123,111,10164,-9120,8724,-254,122,-201,-14364,4300,3588,-1013,144,-109,-14732,-2812,5816,-524,167,-113,0
3731.3545761108403,10492,5116,10796,-214,-69,123,9984,-9060,8708,-10,128,-162,-14684,4512,3556,-1033,94,-104,-14620,-2964,5876,-500,112,-145,0
3731.3880820274353,10356,4948,11048,-236,-107,125,9912,-9024,8708,-62,82,-174,-14688,4272,3476,-1046,74,-94,-14696,-2952,6124,-496,135,-99,0
3731.4216120243073,10412,4956,10800,-210,-124,124,9764,-9024,8932,-90,93,-198,-14540,4256,3712,-987,97,-92,-14724,-2872,5644,-525,156,-118,0
3731.4548699855804,10496,4844,11256,-143,-121,113,10012,-9048,8952,-50,126,-199,-14704,4260,3412,-1047,132,-82,-14656,-2860,5856,-499,175,-126,0
3731.4882481098175,10416,5012,11024,-160,-137,93,10228,-9032,8592,-37,134,-205,-14808,4236,3572,-1029,82,-115,-14664,-2824,5836,-481,201,-125,0
3731.5217750072484,10508,4912,10888,-169,-59,82,9996,-8992,8520,10,161,-178,-14680,4204,3496,-1031,90,-108,-14764,-3016,5928,-461,172,-146,0
3731.5554139614105,10288,4908,10984,-202,-76,69,9976,-9056,8776,-36,188,-184,-14704,4256,3476,-1009,41,-56,-14664,-2884,5872,-486,147,-138,0
3731.5891649723053,10368,4916,11056,-178,-62,106,9944,-9000,8632,-4,154,-169,-14632,4196,3360,-1012,62,-104,-14752,-3008,5960,-493,139,-130,0
3731.6226649284363,10716,5004,11056,-157,-80,114,9820,-9060,8800,-31,141,-166,-14384,4212,3680,-989,43,-76,-14684,-3032,6116,-545,157,-130,0
3731.6556770801544,10424,4928,10812,-154,-23,101,9736,-9048,8736,-69,89,-172,-14672,4220,3644,-934,75,-44,-14688,-2876,5896,-511,123,-117,0
3731.6891009807587,10444,4876,10980,-173,-71,107,9916,-9116,8688,-67,148,-169,-14632,4304,3620,-994,49,-45,-14616,-2956,5916,-474,136,-127,0
3731.7224271297455,10444,4940,10764,-182,-49,97,9944,-9144,8764,-65,142,-149,-14848,4284,3612,-949,40,-52,-14732,-2928,6012,-500,171,-154,0
3731.7557370662694,10484,4936,10940,-178,-81,88,9976,-9108,8880,-11,139,-190,-14644,4096,3500,-969,49,-89,-14808,-2932,5960,-506,152,-158,0
3731.7891540527344,10508,4960,10904,-122,-64,97,9968,-9064,8660,-31,118,-165,-14656,4288,3628,-972,52,-87,-14692,-3024,5920,-489,189,-136,0
3731.8228149414062,10540,4892,11100,-148,-109,85,9908,-9088,8572,-23,136,-182,-14568,4312,3448,-946,73,-75,-14752,-2948,6092,-462,200,-129,0
3731.8561470508575,10472,4900,11184,-117,-88,102,9900,-9056,8776,-63,158,-164,-14592,4236,3624,-914,26,-81,-14744,-2908,5972,-499,134,-146,0
3731.8895800113683,10412,4828,11180,-133,-70,90,9948,-9076,8480,-41,137,-138,-14604,4288,3808,-944,-36,-71,-14652,-2952,5900,-465,151,-161,0
3731.923110961914,10444,4952,11220,-185,-65,109,9936,-8992,8892,-10,176,-138,-14588,4232,3732,-962,-34,-53,-14680,-2940,6116,-464,169,-163,0
3731.956602096557,10396,4912,10996,-134,-44,80,9916,-9004,8828,-103,140,-154,-14672,4252,3364,-941,-23,-56,-14744,-2960,5836,-475,124,-191,0
3731.990086078644,10428,4988,11140,-111,-42,53,9980,-9076,8900,-47,162,-173,-14544,4268,3588,-929,-24,-11,-14696,-2832,5932,-503,141,-161,0
3732.0236661434174,10404,4948,10888,-134,231,80,9748,-9080,8676,-8,54,-155,-14548,4248,3516,-1016,34,-50,-14708,-3056,5740,-527,111,-170,0
3732.0572531223293,10292,4924,11032,-142,-255,85,10172,-9048,8796,-45,134,-101,-14576,4244,3612,-1007,35,-49,-14572,-3036,5928,-476,83,-146,0
3732.0906789302826,10360,4936,11100,-163,-38,86,9856,-9064,8728,-55,85,-136,-14348,4100,3760,-948,20,-43,-14764,-2996,5852,-543,132,-169,0
3732.1276099681854,10420,4972,11056,-91,-9,71,9996,-9084,8656,-59,113,-143,-14524,4100,3648,-994,90,-90,-14600,-2968,5940,-544,76,-140,0
3732.162537097931,10432,4900,11260,-74,-55,128,10052,-9084,8512,-22,103,-150,-14672,4272,3648,-1067,113,-66,-14620,-2992,6012,-524,144,-144,0
3732.197703123092,10360,5080,11016,-77,-40,96,9860,-9116,8800,-31,59,-161,-14440,4312,3812,-1080,81,-80,-14708,-3304,6004,-515,168,-132,0
3732.2333920001984,10348,5056,11128,-120,-78,113,9728,-9136,8720,-6,116,-173,-14612,4312,3768,-939,85,-96,-14736,-2960,6048,-505,142,-119,0
3732.269693136215,10448,4996,10964,-107,-46,112,9728,-9080,8452,-55,133,-157,-14620,4604,3340,-928,63,-53,-14648,-2968,5928,-504,174,-152,0
3732.3050720691685,10240,5080,11052,-116,-46,111,9912,-9128,8764,-30,123,-161,-14776,4196,3764,-989,109,-77,-14660,-3016,5916,-494,136,-129,0
3732.3407599925995,10436,5048,11076,-164,-71,82,9956,-9136,8684,-57,90,-165,-14656,4292,3696,-946,62,-40,-14712,-2996,6020,-501,146,-114,0
3732.3759939670563,10344,5080,10856,-132,-44,100,9956,-9104,8712,-82,137,-167,-14400,4256,3668,-937,67,-80,-14628,-2992,6132,-484,144,-116,0
3732.4115660190582,10432,4932,11240,-143,-69,73,9972,-9208,8724,-52,129,-183,-14808,4316,4024,-937,91,-78,-14660,-2936,5920,-486,137,-125,0
3732.4475629329686,10300,4944,11008,-135,-80,100,9880,-9144,8488,-51,100,-192,-14508,4348,3860,-1012,109,-82,-14660,-2956,6028,-478,141,-145,0
3732.4823961257935,10372,5036,10808,-135,-70,112,9916,-9164,8940,-19,112,-189,-14604,4308,3612,-1039,131,-116,-14680,-2836,5964,-499,158,-103,0
3732.518296003341,10412,4972,10904,-154,-77,98,10236,-9176,8688,-23,121,-183,-14624,4320,3828,-1034,109,-76,-14640,-3240,5996,-501,135,-119,0
3732.5536091327667,10364,4972,10944,-143,-104,114,9940,-9140,8696,-38,130,-171,-14552,4280,3744,-1006,139,-41,-14736,-3228,5880,-767,127,-105,0
3732.5891461372375,10500,4956,10896,-139,-59,111,10008,-9160,8816,-44,147,-153,-14668,4292,3688,-1055,108,-66,-14712,-2836,5908,-483,125,-126,0
3732.6242129802704,10320,5068,11220,-190,-33,110,9940,-9060,8512,0,158,-151,-14612,4232,3660,-920,48,-33,-14552,-3248,5932,-491,139,-115,0
3732.6596300601964,10424,5084,10880,-187,-32,115,9908,-9060,8580,-45,105,-165,-14612,4184,3788,-1013,139,-62,-14692,-3092,5912,-489,85,-156,0
3732.6947281360626,10364,5024,11024,-240,-31,66,10216,-9256,8804,-16,157,-160,-14524,4380,3560,-1043,179,-106,-14740,-3016,5972,-453,104,-93,0
3732.730391025543,10388,4996,10984,-213,-27,123,9896,-9376,8740,-8,106,-162,-14592,4180,3808,-1122,132,-80,-14776,-3032,6132,-479,119,-117,0
3732.767156124115,10448,5072,11120,-226,-30,109,10024,-9228,8700,-16,136,-148,-14392,4260,3812,-1073,126,-90,-14700,-3140,6008,-483,83,-94,0
3732.8007450103764,10420,4972,10968,-267,-20,82,9780,-9040,8536,-41,155,-172,-14616,4316,3700,-1023,153,-36,-14768,-3060,6008,-467,131,-62,0
3732.8343119621277,10436,5096,11168,-262,-41,98,9892,-9116,8548,-50,154,-201,-14512,4356,3512,-1042,150,-61,-14612,-3004,5896,-486,143,-73,0
3732.867833137512,10364,5012,11008,-268,-59,107,9892,-9152,8672,-44,156,-202,-14556,4296,3788,-1006,140,-147,-14692,-2964,6020,-485,188,-60,0
3732.9011149406433,10420,5044,10972,-295,-49,100,9888,-9080,8576,-23,180,-199,-14500,4324,3788,-1004,143,-134,-14600,-3032,6064,-466,194,-56,0
3732.9344890117645,10368,5008,10936,-294,-71,112,9732,-9108,8660,-45,185,-195,-14560,4344,3664,-769,173,-145,-14740,-2980,5980,-417,152,-41,0
3732.9680759906773,10400,5080,10888,-330,-36,96,9928,-9080,8584,-10,167,-200,-14600,4276,3724,-1064,170,-111,-14780,-2896,5892,-386,176,-38,0
3733.0013229846954,10472,4948,11140,-347,-58,127,10008,-9168,8680,5,168,-221,-14708,4100,3700,-1084,211,-169,-14676,-3060,5976,-408,168,-20,0
3733.034733057022,10448,4900,11032,-337,-119,168,10224,-9052,8660,24,141,-222,-14528,4208,3420,-1091,241,-126,-14748,-2848,5964,-429,180,-15,0
3733.0682461261754,10324,4960,10924,-313,-136,174,9884,-8800,8620,38,154,-251,-14636,4212,3672,-1112,235,-122,-14704,-2924,5940,-409,142,-44,0
3733.1017961502075,10312,4944,10996,-325,-150,148,9944,-9096,8772,78,165,-227,-14692,4368,3608,-1149,219,-147,-14632,-3048,5808,-420,172,-76,0
3733.1351180076604,10420,4852,11000,-310,-138,110,10048,-9020,8800,80,167,-512,-14600,4192,3712,-1101,223,-187,-14720,-2576,5944,-402,156,-76,0
3733.1687700748444,10388,4900,11028,-324,-169,116,10036,-8988,8628,75,208,-239,-14628,4344,3528,-1066,189,-160,-14752,-2968,5840,-396,181,-81,0
3733.202295064926,10456,4976,10804,-296,-188,110,9916,-9116,8796,47,205,-270,-14512,4260,3756,-1002,174,-150,-14676,-2980,6028,-416,172,-54,0
3733.235877990722,10448,4936,11256,-270,-174,138,9920,-9064,8736,-15,144,-219,-14636,4316,3740,-1009,200,-112,-14768,-3040,5908,-428,142,-59,0
3733.26930308342,10440,4956,10752,-288,-214,152,9884,-9028,8476,-28,139,-213,-14656,4344,3520,-956,162,-78,-14720,-2928,5904,-431,173,-32,0
3733.3029260635376,10428,4944,11040,-266,-162,209,9924,-9084,8908,-75,140,-176,-14644,4216,3604,-964,156,-104,-14740,-2908,5864,-462,122,-29,0
3733.3365609645844,10472,4920,10784,-271,-130,209,10168,-9076,8728,-58,87,-133,-14672,4308,3756,-989,157,-72,-14680,-2988,5956,-497,155,-29,0
3733.369961977005,10360,5084,10768,-291,-196,225,9980,-9204,8924,-34,96,-154,-14532,4288,3520,-989,152,-64,-14716,-3136,6140,-482,148,-44,0
3733.403753042221,10460,5032,10924,-223,-161,207,10188,-9052,8584,-136,48,-188,-14604,4284,3520,-1010,132,-54,-14600,-2864,5816,-518,140,-11,0
3733.437376976013,10456,4864,11024,-133,-165,196,9804,-9092,8912,-116,22,-221,-14664,4308,3392,-1048,173,-86,-14724,-2800,5848,-521,126,-46,0
3733.4707379341125,10512,4796,10880,-142,-148,195,10224,-8980,8484,-62,15,-159,-14668,4240,3408,-1082,187,-63,-14700,-2880,5744,-516,55,-86,0
3733.5043380260468,10572,4844,10844,-128,-136,146,10080,-9084,8624,-59,48,-132,-14668,4212,3588,-1092,151,10,-14584,-2960,5884,-522,46,-129,0
3733.5378060340886,10472,5016,11124,-84,-29,116,9988,-9080,8740,-76,78,-141,-14544,4164,3580,-1061,104,-29,-14728,-2796,5860,-525,90,-155,0
3733.573470115661,10564,4848,11032,-60,-40,97,10236,-9204,8696,-71,101,-109,-14384,4132,3532,-1075,33,-32,-14664,-2900,5892,-572,95,-192,0
3733.6075789928436,10512,4816,10964,-31,15,50,9952,-9120,8668,-31,171,-166,-14844,4324,3444,-1070,82,-60,-14652,-2820,5864,-484,167,-179,0
3733.6408309936523,10480,4840,10948,-61,-3,26,9988,-9108,8640,8,126,-215,-14636,4396,3572,-1071,66,-83,-14712,-3044,5884,-497,162,-183,0
3733.6743850708003,10396,5008,11188,-101,-250,46,9984,-9128,8632,-64,88,-176,-14580,4296,3504,-978,-22,-83,-14772,-2972,6104,-266,135,-183,0
3733.7080769538884,10348,4952,11224,-75,-5,40,9864,-9024,8684,-82,148,-183,-14600,4252,3548,-933,15,-52,-14692,-2952,6016,-533,108,-177,0
3733.741616010666,10384,5056,10860,-77,-9,64,9964,-9112,8684,-85,131,-157,-14528,4236,3336,-1010,85,-45,-14724,-2964,5972,-484,91,-130,0
3733.7749779224396,10320,5068,11100,-115,-19,117,10048,-9036,8460,-93,87,-152,-14656,4312,3672,-1034,73,-63,-14672,-2840,5932,-464,105,-122,0
3733.8121881484985,10420,5036,10968,-121,-21,117,10048,-9048,8764,-132,92,-142,-14832,4316,3652,-936,54,-13,-14752,-3044,5972,-527,112,-132,0
3733.848086118698,10404,5004,10936,-137,-67,126,9956,-8964,8904,-99,137,-149,-14580,4276,3524,-974,88,-18,-14632,-2908,5964,-767,115,-130,0
3733.883134126663,10372,4936,10960,-108,-55,105,10036,-9148,8916,-66,74,-167,-14564,4212,3396,-998,100,-40,-14648,-2848,5672,-485,124,-101,0
3733.919327020645,10504,5004,10988,-98,-31,151,9956,-9064,8692,-59,102,-156,-14596,4308,3672,-985,101,-253,-14744,-2924,5988,-496,148,-109,0
3733.9550020694733,10456,5012,10960,-109,-36,115,10012,-9080,8756,-49,96,-148,-14568,4292,3516,-977,69,-16,-14664,-3008,5712,-442,115,-96,0
3733.9904401302338,10532,4932,11000,-107,-10,129,9948,-9072,8592,-53,90,-139,-14508,4296,3532,-974,69,-32,-14704,-2968,6012,-483,108,-89,0
3734.0256640911102,10488,4868,11088,-110,-29,146,10180,-9196,8628,-77,100,-130,-14692,4428,3752,-1030,22,-243,-14680,-2876,6036,-501,87,-123,0
3734.0618081092834,10384,4936,11168,-142,-4,147,10004,-9168,8688,-52,147,-105,-14544,4360,3552,-1000,50,218,-14688,-2912,5888,-497,75,-122,0
3734.097978115082,10444,4940,11000,-166,-17,97,10212,-9140,8908,-123,149,-123,-14596,4272,3576,-992,53,5,-14672,-3012,6076,-461,92,-156,0
3734.1336760520935,10348,4888,11028,-194,-52,83,10036,-9156,8604,-36,142,-141,-14544,4348,3668,-1010,70,-28,-14704,-2924,5784,-458,114,-138,0
3734.1695511341095,10348,4924,11204,-210,20,64,10144,-9168,8552,1,175,-154,-14540,4328,3472,-1048,88,-95,-14528,-2976,5880,-475,144,-151,0
3734.205062150955,10408,5000,10912,-202,-17,73,9788,-9144,8704,-7,171,-169,-14340,4100,3484,-1016,67,-35,-14664,-2924,5964,-455,139,-108,0
3734.2403941154485,10424,4892,11152,-229,238,79,9932,-9260,8636,-254,166,-206,-14672,4332,3412,-1011,79,-83,-14732,-2972,6100,-463,142,-117,0
3734.2756271362305,10476,4632,11076,-506,-59,76,9832,-9208,8788,-28,190,-210,-14788,4120,3740,-991,53,-121,-14640,-2852,5644,-502,184,-120,0
3734.310961961746,10428,5060,11068,-215,-142,96,9752,-9188,8864,-49,165,-235,-14776,4288,3380,-1002,121,-156,-14664,-2944,6040,-469,172,-112,0
3734.346116065979,10436,4944,10920,-238,-107,111,9744,-9136,8708,-89,138,-219,-14552,4332,3516,-996,197,-130,-14676,-2944,5992,-484,137,-68,0
3734.3817279338837,10472,4936,10920,-275,-154,130,9964,-9076,8832,-60,108,-185,-14576,4256,3780,-1275,213,-71,-14688,-2968,6024,-477,133,-55,0
3734.417634010315,10356,4996,11016,-269,-29,166,9864,-9120,8548,-76,112,-157,-14564,4344,3768,-774,241,-108,-14740,-2908,6032,-496,161,-30,0
3734.454322099685,10432,4900,10988,-261,-45,184,9840,-9112,8468,-69,52,-152,-14684,4336,3660,-1053,267,-118,-14628,-2960,5924,-499,136,12,0
3734.4879450798035,10360,4960,11088,-268,-69,200,9840,-9052,8724,-83,109,-141,-14680,4276,3644,-1005,225,-70,-14636,-2952,5924,-482,182,255,0
3734.521570920944,10472,4888,10944,-283,-106,217,9944,-9072,8692,-108,78,-152,-14656,4240,3612,-1024,249,-53,-14720,-2816,5820,-483,156,12,0
3734.555006027221,10456,4908,10912,-289,-81,219,10008,-9040,8684,-124,67,-142,-14840,4216,3400,-993,210,-253,-14720,-2924,6012,-462,143,39,0
3734.5887830257416,10456,5096,10924,-293,-75,237,10088,-9188,8668,-134,52,-139,-14616,4176,3444,-965,242,-50,-14716,-2872,5860,-456,117,9,0
3734.6221039295197,10440,4920,11052,-304,-77,219,10008,-9172,8600,-123,84,-118,-14576,4332,3392,-1005,231,-44,-14716,-3068,5904,-458,105,3,0
3734.65545296669,10496,4876,11124,-303,-52,242,10036,-9112,8600,-95,67,-119,-14636,4332,3540,-998,193,-33,-14612,-2844,5704,-469,118,-5,0
3734.6889801025386,10436,4780,10960,-294,-69,233,9868,-9236,8608,-98,67,-144,-14664,4356,3452,-952,206,-247,-14676,-2872,6028,-465,117,252,0
3734.72243309021,10364,5084,10788,-299,-74,232,9984,-9232,8688,-126,45,-142,-14656,4348,3572,-949,188,-83,-14644,-2904,6020,-449,112,23,0
3734.75638794899,10484,4636,11100,-287,-136,13,9956,-9196,8668,-143,74,-135,-14584,4380,3504,-960,188,-49,-14692,-2812,5952,-491,158,61,0
3734.7900171279907,10488,4784,11036,-313,-138,233,9972,-9276,8540,-105,50,-172,-14592,4304,3596,-998,200,-51,-14728,-2880,5924,-493,174,-256,0
3734.8233909606934,10456,4848,10816,-205,-162,209,9836,-9008,8508,-89,24,-182,-14676,4272,3512,-1058,207,-48,-14640,-2604,5940,-488,151,-47,0
3734.857036113739,10556,4768,10956,-161,-208,186,10068,-9240,8568,-52,54,-212,-14596,4304,3364,-770,137,-61,-14680,-2684,5840,-543,217,-103,0
3734.8902840614323,10444,4736,10904,-155,-111,98,10004,-9160,8520,-20,96,-183,-14688,4272,3540,-1034,106,-83,-14624,-2804,5964,-510,146,-145,0
3734.9238400459294,10460,4732,11012,-121,-18,92,10044,-9144,8444,36,180,-128,-14636,4332,3564,-1003,40,-84,-14732,-3072,6136,-470,172,-166,0
3734.95739197731,10524,4760,10924,-125,-20,60,10228,-9156,8572,17,196,-191,-14748,4348,3568,-998,39,-94,-14800,-3028,5916,-429,171,-186,0
3734.9910831451416,10372,4752,11052,-121,-11,-12,9956,-8988,8676,38,206,-211,-14740,4304,3416,-1051,36,-76,-14824,-2892,6068,-443,138,-155,0
3735.024575948715,10484,4844,11236,-124,-33,31,9880,-9164,8888,5,214,-171,-14608,4184,3556,-1002,19,-74,-14708,-2960,6068,-449,165,-157,0
3735.057969093322,10496,4616,11024,-151,-58,65,9836,-9104,8624,10,193,-201,-14584,4180,3576,-981,91,-78,-14668,-2856,6008,-448,189,-133,0
3735.0916390419,10420,4952,11016,-113,-40,106,9940,-9180,8744,-60,119,-152,-14352,4300,3544,-996,110,-56,-14652,-2896,5940,-461,123,-110,0
3735.1252999305725,10424,4972,11108,-177,-32,131,9884,-9136,8632,-46,122,-115,-14656,4376,3496,-1028,121,-51,-14676,-2856,6012,-464,76,-88,0
3735.1585609912872,10412,5092,10892,-158,11,148,9892,-9152,8544,-64,112,-102,-14580,4576,3564,-1053,145,43,-14608,-2912,5820,-505,105,-97,0
3735.1920630931854,10748,4916,11256,-144,-14,173,9940,-9112,8604,-63,50,-125,-14436,4380,3696,-1037,157,-30,-14632,-2948,6040,-522,82,-88,0
3735.225564956665,10692,4960,11068,-147,-65,208,9952,-9172,8556,-76,74,-114,-14628,4556,3828,-1065,138,-34,-14612,-2868,5916,-527,118,-46,0
3735.2590770721436,10272,4852,10764,-136,-82,203,10216,-9128,8724,-106,35,-124,-14612,4296,3408,-1001,128,0,-14712,-2832,5900,-510,106,-71,0
3735.292750120163,10476,4804,10952,-122,-79,209,10092,-9168,8528,-110,-6,-118,-14544,4360,3504,-1022,195,7,-14700,-2780,5992,-506,95,-26,0
3735.326133966446,10600,4780,11140,-127,-104,200,10208,-9184,8672,-90,95,-110,-14640,4336,3496,-1044,140,-237,-14684,-2716,5876,-469,63,-101,0
3735.359594106674,10704,4820,10968,-193,-27,201,9992,-9276,8548,-104,103,-86,-14384,4544,3392,-771,126,15,-14744,-2840,5908,-506,39,-118,0
3735.3927800655365,10712,4772,10984,-172,5,171,9904,-9464,8632,-69,95,-77,-14660,4392,3568,-1010,155,14,-14712,-2588,6324,-481,32,-106,0
3735.4264140129094,10244,4808,11196,-159,-24,185,10068,-9252,8484,-27,99,-92,-14588,4480,3592,-1078,145,-20,-14636,-3052,5976,-495,90,-113,0
3735.459578037262,10352,4768,11008,-139,-67,165,10224,-8996,8488,-121,71,-121,-14620,4492,3448,-775,153,-12,-14712,-2800,5964,-524,71,-103,0
3735.4976320266724,10588,4816,11164,-128,-56,183,9928,-9336,8544,-82,136,-114,-14732,4416,3376,-1053,139,-30,-14624,-2820,6028,-512,104,-118,0
3735.5329589843755,10448,4772,11080,-170,-57,148,9964,-9160,8564,-67,168,-97,-14644,4380,3424,-1039,99,-56,-14664,-2828,5972,-490,96,-120,0
3735.5688951015472,10536,4904,10956,-190,-18,125,9940,-9128,8580,-144,139,-104,-14392,4300,3568,-1008,67,-46,-14664,-2976,5956,-455,79,-133,0
3735.604140996933,10444,4788,10856,-203,-60,143,9900,-9264,8544,-69,153,-68,-14656,4272,3556,-1005,67,-74,-14628,-3056,6000,-452,100,-96,0
3735.6397130489354,10288,4828,11072,-226,-33,143,9964,-9140,8556,-92,146,-99,-14348,4156,3548,-954,61,-36,-14572,-2868,5924,-461,104,-119,0
3735.6747069358826,10444,4772,11000,-218,-57,128,9940,-9264,8504,-97,158,-121,-14548,4436,3656,-966,0,-34,-14620,-2888,5944,-476,96,-137,0
3735.7111780643463,10368,4728,11124,-211,-15,143,9900,-9284,8452,-55,170,-131,-14472,4460,3412,-943,39,-28,-14712,-3008,5896,-451,129,-85,0
3735.74729013443,10492,4856,11096,-190,-62,143,9940,-9352,8700,-33,159,-146,-14548,4400,3400,-1001,85,-73,-14840,-2752,5976,-436,188,-55,0
3735.78248500824,10376,4708,11168,-313,-109,148,9940,-9300,8532,57,157,-221,-14476,4692,3584,-963,94,-153,-14664,-2764,6152,-411,508,-19,0
3735.81844496727,10420,4732,11160,-336,-215,143,9776,-9452,8596,-5,74,-262,-14624,4560,3532,-949,155,-195,-14680,-2880,5992,-444,240,-68,0
3735.8532719612126,10444,4728,11180,-251,-2,155,10060,-9348,8556,-91,74,-309,-14344,4508,3484,-881,100,-167,-14760,-2992,6112,-495,157,-115,0
3735.8881900310516,10472,4680,11048,-236,-160,84,10012,-9176,8380,-76,156,-502,-14532,4480,3528,-939,84,-163,-14640,-2796,6036,-495,166,-122,0
3735.9236419200893,10372,4656,10888,-297,-108,95,9940,-9172,8312,-18,185,-214,-14596,4432,3340,-1003,79,-140,-14824,-2600,5964,-464,193,-80,0
3735.9592339992523,10472,4760,10864,-369,-43,70,9924,-9240,8480,8,236,-234,-14692,4408,3548,-968,122,-183,-14728,-2756,5840,-404,193,-105,0
3735.994584083557,10540,4664,11160,-330,-34,60,10076,-9288,8608,-23,224,-237,-14628,4384,3536,-996,84,-186,-14760,-2720,5948,-438,204,-101,0
3736.0301849842076,10564,4720,11008,-382,-95,80,10008,-9260,8620,58,182,-236,-14624,4416,3512,-1030,123,-206,-14628,-2816,5968,-466,224,-95,0
3736.0653450489044,10440,4708,11004,-312,-138,138,9860,-9188,8676,17,169,-246,-14492,4316,3568,-1042,199,-175,-14680,-3072,6036,-443,193,-31,0
3736.1010630130772,10716,4848,10852,-321,-195,174,9932,-9164,8528,-45,113,-282,-14588,4412,3680,-1280,236,-155,-14732,-2916,6128,-476,201,-23,0
3736.1372489929204,10564,4736,10888,-308,-168,153,9964,-9264,8528,-52,83,-226,-14744,4360,3716,-1042,220,-128,-14756,-2812,5816,-486,128,-93,0
3736.1705489158635,10516,4760,10964,-204,-136,128,9960,-9332,8544,-53,77,-204,-14700,4436,3428,-1039,157,-133,-14764,-2808,5680,-511,111,-113,0
3736.20423412323,10536,4384,11024,-172,-118,124,9984,-8972,8524,-55,71,-198,-14552,4232,3496,-1039,189,-107,-14616,-2732,5704,-257,112,-121,0
3736.2377541065216,10524,4620,11112,-153,-108,143,9956,-9208,8560,-5,85,-208,-14696,4436,3424,-1018,151,-118,-14672,-2796,6064,-495,116,-143,0
3736.271114110946,10480,4616,10976,-131,-81,92,10096,-8984,8692,-45,107,-204,-14652,4164,3472,-1044,80,-9,-14680,-2712,5980,-507,152,-145,0
3736.3043761253357,10532,4740,10956,-79,-3,69,10044,-9172,8656,-23,144,-154,-14712,4364,3200,-1021,105,-85,-14716,-2732,5736,-498,141,-129,0
3736.3379459381104,10612,4664,11080,-176,-25,85,10076,-9248,8428,-23,168,-134,-14652,4296,3384,-1066,102,-41,-14760,-2796,6052,-457,128,-110,0
3736.371318101883,10548,4640,11020,-159,-252,97,9976,-9420,8572,-26,177,-127,-14620,4168,3432,-1047,101,252,-14660,-3044,6076,-446,77,-106,0
3736.4048910140987,10448,4824,11116,-154,37,104,9896,-9472,8600,-69,116,-117,-14696,4400,3464,-1006,92,-51,-14636,-2812,5904,-467,57,-99,0
3736.438460111618,10392,4812,11180,-151,-10,146,9864,-8984,8532,-86,83,-150,-14520,4424,3528,-987,108,-4,-14664,-2788,5948,-489,98,-103,0
3736.4718799591064,10568,4824,11012,-163,-96,189,9800,-9256,8536,-86,82,-138,-14608,4496,3668,-991,110,-63,-14620,-2768,6044,-507,112,-67,0
3736.5052030086517,10360,4832,11196,-161,-72,186,9880,-9268,8720,-82,39,-157,-14600,4376,3412,-1008,150,-78,-14568,-2780,6032,-497,152,-68,0
3736.5390400886536,10472,4884,11248,-162,-111,184,9932,-9288,8544,-67,53,-190,-14512,4268,3396,-1004,120,-73,-14596,-2768,5988,-506,169,-42,0
3736.572373151779,10732,4780,11080,-93,-107,142,10096,-9284,8400,-99,66,-175,-14848,4532,3532,-952,81,-80,-14696,-2724,5908,-479,163,-90,0
3736.6058399677277,10568,4704,10912,-137,-53,90,10080,-9180,8384,-7,158,-196,-14672,4368,3424,-937,67,-77,-14688,-2756,5976,-480,155,-130,0
3736.6391210556026,10596,4640,10884,-120,-55,85,10048,-9280,8656,-12,129,-190,-14656,4440,3364,-997,22,-80,-15068,-2772,5992,-450,158,-122,0
3736.6724820137024,10656,4788,11116,-154,-16,45,10068,-9264,8388,28,168,-203,-14748,4412,3368,-959,14,-41,-14748,-2716,6020,-434,150,-120,0
3736.7058560848236,10668,4744,11200,-228,0,48,9960,-9276,8376,-36,186,-175,-14692,4484,3364,-950,44,-45,-14632,-2708,6152,-467,95,-136,0
3736.7394599914555,10456,4832,11024,-180,-43,66,9924,-9316,8632,-35,158,-161,-14576,4504,3464,-1022,23,-94,-14712,-2804,6088,-484,108,-152,0
3736.7730150222774,10580,4712,11060,-146,-44,82,9996,-9252,8488,-62,175,-140,-14564,4552,3404,-1054,34,-62,-14712,-2612,6044,-498,109,-155,0
3736.8067030906677,10492,4796,11096,-203,-68,105,9924,-9460,8648,-18,148,-153,-14564,4416,3464,-992,119,-58,-14684,-2600,6008,-466,138,-82,0
3736.840142965317,10404,4960,10992,-193,-72,146,9740,-9268,8704,-59,98,-147,-14584,4380,3612,-1002,140,-55,-14672,-2888,6136,-473,152,-58,0
3736.8736519813538,10428,4844,11156,-170,-95,164,10036,-9228,8704,-44,92,-164,-14524,4604,3436,-1003,164,-79,-14636,-2832,5916,-761,133,-110,0
3736.9069690704346,10496,4616,10768,-151,-117,160,9868,-9152,8676,-68,111,-167,-14776,4108,3332,-1013,117,-105,-14700,-2824,5876,-512,170,-86,0
3736.9406991004944,10472,4920,10988,-181,-142,151,9792,-8984,8672,-77,98,-163,-14688,4324,3352,-969,125,-107,-14740,-2828,6072,-519,155,-80,0
3736.9741959571843,10264,4632,10900,-156,-104,133,10020,-9468,8556,-68,81,-200,-14568,4440,3420,-1002,150,-61,-14720,-2752,5916,-508,160,-108,0
3737.0077550411224,10548,4708,10988,-156,-87,137,9952,-9200,8616,-52,62,-219,-14664,4456,3428,-996,143,-39,-14752,-2760,6076,-258,110,-94,0
3737.041270971298,10608,4644,11204,-132,-68,115,10056,-9300,8448,3,111,-159,-14688,4576,3396,-1058,41,-59,-14744,-2648,6040,-764,116,-144,0
3737.0747671127324,10464,4648,11108,-142,-244,99,9960,-9296,8320,-23,124,-141,-14676,4568,3076,-1067,97,-49,-14736,-2704,6000,-542,65,-125,0
3737.108092069626,10728,4660,11048,-116,253,117,10020,-9296,8220,-73,157,-132,-14588,4448,3508,-1011,116,-16,-14768,-2704,6000,-463,116,-130,0
3737.1410479545593,10580,4624,11116,-183,-23,103,9916,-9400,8500,-57,186,-159,-14628,4452,3492,-999,102,233,-14644,-2648,6284,-436,132,-142,0
3737.1787860393524,10240,4352,10892,-188,57,60,9988,-9372,8556,-31,188,-162,-14848,4520,3476,-1033,37,-70,-14732,-2740,6076,-479,120,-188,0
3737.214196920395,10560,4792,11100,-162,-2,53,10020,-9448,8476,-12,204,-131,-14612,4512,3484,-1277,10,-117,-14652,-3056,6044,-486,103,-200,0
3737.250291109085,10420,4704,11000,-89,39,8,9984,-9196,8360,-20,209,-132,-14524,4324,3456,-1011,13,-22,-14360,-2772,6004,-505,65,-235,0
3737.28553199768,10444,4912,10912,-81,67,-255,9856,-9216,8548,4,226,-145,-14444,4404,3464,-1028,42,-67,-14564,-2764,5840,-461,127,-189,0
3737.321535110473,10400,4688,10992,-105,16,69,10000,-9252,8484,43,177,-177,-14496,4424,3588,-1064,87,-44,-14696,-2568,6032,-481,177,-149,0
3737.3576531410213,10316,4988,11064,-76,-60,104,10024,-9224,8520,-17,236,-150,-14564,4372,3420,-940,156,-119,-14704,-2888,6028,-497,146,-107,0
3737.3926301002502,10432,4828,11140,-129,-104,152,9888,-9240,8648,-76,100,-180,-14536,4440,3528,-967,127,-61,-14556,-2888,6036,-481,159,-97,0
3737.4281759262085,10380,4856,11260,-127,-104,177,9872,-9128,8576,-58,92,-167,-14596,4404,3552,-1055,158,-54,-14632,-3056,6072,-503,138,-104,0
3737.463469982147,10500,4800,10868,-152,-92,186,9900,-9256,8596,-43,94,-105,-14552,4460,3444,-1014,101,-60,-14724,-2884,5892,-493,122,-107,0
3737.499290943146,10504,4804,10848,-148,-23,166,9908,-9468,8600,-65,139,-85,-14656,4524,3464,-1276,74,-252,-14708,-2824,6036,-472,77,-115,0
3737.5346491336823,10456,4744,10800,-176,-3,144,9940,-9028,8516,-89,144,-112,-14588,4412,3468,-772,120,-36,-14652,-2732,5968,-444,100,-100,0
3737.5704400539394,10248,4796,10904,-175,-66,139,9916,-9368,8484,-51,135,-139,-14556,4236,3740,-953,44,-74,-14688,-2768,5892,-428,191,-84,0
3737.6055409908295,10456,4748,11136,-218,-79,138,9792,-9308,8524,-108,108,-206,-14580,4512,3360,-995,97,-87,-14644,-2576,6008,-425,160,-95,0
3737.641237974168,10464,4724,10880,-191,-65,123,9992,-9316,8292,-101,147,-166,-14604,4588,3500,-1050,75,-36,-14708,-2744,5904,-470,154,-99,0
3737.6878669261932,10424,4768,11100,-192,1,94,9876,-9316,8528,-16,164,-110,-14540,4464,3560,-986,128,-46,-14716,-2744,6052,-448,128,-123,0
3737.735572099685,10460,4808,10840,-251,255,109,9972,-9348,8700,254,165,-171,-14388,4460,3340,-1005,91,-73,-14608,-2896,6048,-455,134,-115,0
3737.77860713005,10392,4792,11208,-266,-60,108,9924,-9356,8592,-10,104,-198,-14580,4480,3512,-990,85,-113,-14704,-2588,6088,-479,159,-118,0
3737.8148550987244,10392,4780,11072,-291,-92,82,9960,-9340,8524,-250,113,-243,-14532,4504,3576,-990,54,-177,-14704,-2564,6100,-503,173,-95,0
3737.8483860492706,10480,4768,11008,-213,-58,47,9856,-9380,8488,-45,143,-244,-14652,4468,3564,-981,108,-177,-14640,-2860,5988,-484,203,-95,0
3737.8817150592804,10336,4748,11080,-293,-131,46,9824,-9312,8728,-15,157,-294,-14652,4440,3544,-946,132,-180,-14736,-2976,6080,-438,235,-79,0
3737.915210008621,10460,4748,11196,-334,-86,99,9884,-9196,8528,-255,109,-512,-14592,4508,3524,-1037,191,-122,-14660,-2832,6044,-449,171,-74,0
3737.9488430023193,10496,4700,11212,-343,-34,101,9968,-9300,8284,-14,112,-211,-14632,4496,3420,-991,109,-109,-14692,-2848,6232,-439,123,-88,0
3737.9821379184723,10532,4764,11140,-341,-65,117,10176,-9288,8620,-37,157,-198,-14692,4400,3472,-990,157,-165,-14684,-2720,6032,-453,119,-96,0
3738.0156569480896,10512,4740,11064,-345,-104,117,9944,-9216,8552,-38,110,-192,-14792,4440,3500,-1028,152,-135,-14652,-2704,6032,-490,175,-87,0
3738.0491449832916,10444,4780,11064,-306,-174,125,10032,-9236,8460,24,105,-220,-14580,4376,3520,-1053,195,-134,-14660,-2760,6048,-481,185,-54,0
3738.0824270248413,10416,4796,10980,-284,-137,146,10220,-9368,8276,-49,93,-229,-14504,4300,3488,-1019,170,-140,-14660,-2824,6024,-503,187,-39,0
3738.1157739162445,10504,4732,10944,-274,-148,164,9904,-9352,8484,-13,113,-228,-14604,4468,3448,-999,175,-173,-14712,-2896,5964,-457,180,-64,0
3738.1491370201115,10276,4812,11192,-311,-168,150,9740,-9260,8244,-41,97,-211,-14548,4376,3500,-997,162,-89,-14692,-2584,6092,-455,157,-82,0
3738.1823401451115,10488,4836,11080,-256,-146,136,9944,-9292,8664,-17,113,-195,-14608,4332,3428,-1000,143,-138,-14676,-2568,6024,-490,130,-56,0
3738.2157740592957,10516,4768,11080,-500,-135,147,9964,-9292,8328,-43,91,-180,-14616,4512,3456,-955,125,-106,-14736,-2740,6044,-464,132,-91,0
3738.2492640018463,10552,4740,11248,-213,-123,144,9808,-9264,8644,-98,112,-205,-14632,4448,3580,-947,97,-86,-14720,-2652,5984,-462,170,-95,0
3738.282637119293,10728,4820,11096,-207,-138,152,9920,-9336,8400,-69,73,-222,-14644,4416,3460,-952,116,-82,-14612,-2676,6012,-502,182,-111,0
3738.3161880970006,10524,4672,11124,-158,-136,138,9932,-8976,8364,-27,119,-242,-14624,4396,3516,-945,71,-103,-14772,-2764,6000,-463,216,-111,0
3738.3498289585114,10572,4676,11064,-171,-96,102,10036,-9264,8456,-12,161,-216,-14692,4316,3368,-982,71,-114,-14744,-2728,6168,-468,214,-130,0
3738.383157014847,10516,4372,10928,-155,-80,98,10064,-9288,8548,254,177,-182,-14684,4468,3476,-983,64,-132,-14836,-2720,6056,-452,204,-164,0
3738.4168260097504,10632,4748,11080,-140,-250,67,10028,-9268,8460,-13,191,-178,-14632,4348,3440,-1025,47,-42,-14768,-2728,6024,-447,164,-122,0
3738.4503350257874,10668,4772,11020,-158,-11,82,10008,-9276,8492,-18,203,-134,-14640,4376,3400,-1051,73,-35,-14676,-2740,6048,-458,125,-115,0
3738.48374915123,10244,4716,11088,-191,-255,72,9964,-9196,8564,-28,175,-123,-14712,4464,3596,-1050,55,-29,-14652,-2788,5916,-478,82,-130,0
3738.5174701213837,10416,4668,11040,-167,1,122,9912,-9296,8604,-14,166,-105,-14580,4552,3424,-1045,50,-47,-14600,-2780,6060,-535,107,-106,0
3738.551017999649,10496,4700,11124,-162,-27,111,9912,-9328,8524,-5,120,-127,-14572,4404,3484,-1061,87,-61,-14628,-2796,6048,-258,104,-100,0
3738.588891029358,10244,4800,11060,-118,-256,121,9924,-9204,8528,-65,100,-124,-14524,4508,3728,-1057,93,-36,-14644,-2760,5928,-513,136,-94,0
3738.6222419738774,10616,4768,10772,-101,-83,118,9924,-9300,8452,-38,97,-189,-14656,4496,3472,-1010,92,-74,-14388,-2764,6084,-500,186,-98,0
3738.6556010246277,10744,4744,10900,-129,-37,117,10020,-9308,8336,-51,75,-163,-14724,4340,3536,-1073,136,243,-14776,-2792,6016,-505,121,-109,0
3738.6892840862274,10280,4700,11224,-101,-34,111,9952,-9264,8640,-75,112,-115,-14640,4540,3436,-1048,119,-4,-14708,-2708,6096,-508,41,-130,0
3738.7228951454163,10532,4612,11088,-147,-42,106,10048,-9340,8580,-63,122,-113,-14692,4432,3436,-1017,147,28,-14676,-2708,6100,-497,70,-134,0
3738.7567279338837,10584,4752,11088,-115,15,113,10048,-9372,8712,-68,118,-115,-14728,4428,3500,-1038,128,-46,-14656,-2568,6056,-558,81,-155,0
3738.79021191597,10380,4508,11120,-117,-61,114,9940,-9276,8500,-5,98,-139,-14656,4496,3476,-1074,109,-47,-14848,-2808,5976,-531,120,-143,0
3738.82362294197,10472,4584,11072,-89,-27,82,9888,-9304,8724,-11,185,-122,-14824,4504,3104,-1062,124,-64,-14636,-2676,6096,-524,114,-153,0
3738.8618581295013,10436,4748,11132,-97,-82,121,9872,-9320,8532,-10,183,-79,-14800,4524,3364,-1076,133,-99,-14640,-2784,6040,-510,119,-123,0
3738.898021936416,10388,4664,11012,-126,-74,117,9728,-9304,8596,-31,134,-172,-14624,4492,3628,-775,78,-5,-14720,-2588,6128,-491,119,-153,0
3738.9331729412083,10404,4820,11044,-136,-78,110,10220,-9236,8628,-40,141,-145,-14636,4468,3624,-1001,64,-93,-14668,-2792,5964,-504,115,-149,0
3738.9688539505005,10448,4700,11140,-143,-68,96,9764,-9268,8520,-26,123,-147,-14380,4596,3500,-1000,41,-62,-14352,-2804,6148,-477,113,-180,0
3739.004410028457,10544,4796,11116,-159,-54,102,9920,-9296,8256,-68,149,-174,-14548,4412,3428,-931,34,-58,-14616,-2756,6056,-257,119,-143,0
3739.0400841236115,10472,4680,11168,-166,-73,54,9976,-9344,8460,-61,120,-197,-14552,4432,3312,-1267,43,-74,-14680,-2692,6028,-765,190,-167,0
3739.0755701065063,10420,4832,11152,-146,-108,132,9908,-9232,8544,-11,124,-142,-14840,4180,3444,-1078,131,-45,-14716,-3028,6052,-498,152,-142,0
3739.111232995987,10240,4800,11116,-124,-95,146,9844,-9256,8580,-35,140,-157,-14828,4560,3452,-990,81,-67,-14616,-2748,6140,-503,167,-141,0
3739.1471090316772,10444,4708,11104,-162,-102,137,9972,-9280,8680,-38,145,-164,-14364,4496,3460,-973,42,-82,-14664,-2780,5948,-488,148,-129,0
3739.1824960708614,10432,4732,11060,-223,-45,127,9740,-9220,8544,-17,168,-121,-14580,4360,3564,-965,78,-51,-14680,-2816,6000,-464,154,-58,0
3739.217968940736,10456,4740,11096,-301,-29,142,10008,-9276,8408,35,162,-133,-14580,4408,3684,-999,33,-10,-14704,-2804,5976,-411,160,-67,0
3739.2532830238342,10532,4812,11156,-408,-88,167,9824,-9336,8688,6,154,-214,-14608,4404,3468,-937,45,-111,-14596,-2864,6208,-425,152,-76,0
3739.2882030010223,10368,4828,11196,-356,-184,133,9920,-9432,8612,-82,123,-281,-14600,4416,3564,-905,89,-111,-14612,-2568,6052,-488,130,-116,0
3739.323953151704,10384,4740,11176,-259,-179,93,9752,-9232,8688,-109,118,-281,-14608,4496,3520,-945,67,-168,-14584,-2692,5980,-485,180,-117,0
3739.3597390651703,10508,4716,10968,-240,-158,91,9844,-9236,8536,-31,142,-512,-14492,4500,3408,-994,121,-157,-14628,-3024,6012,-471,247,-99,0
3739.394963979721,10456,4548,11132,-289,-132,85,9940,-9320,8388,-6,134,-247,-14616,4524,3540,-990,114,-172,-14692,-2640,5932,-449,222,-75,0
3739.4307110309605,10460,4604,11076,-337,-89,105,10084,-9328,8464,16,186,-249,-14700,4412,3580,-982,153,-142,-14740,-2564,6100,-448,239,-63,0
3739.465414047241,10596,4668,11020,-325,-98,105,9912,-9228,8264,21,192,-236,-14620,4364,3612,-1003,126,-130,-14764,-2584,6028,-454,211,-65,0
3739.501783132553,10304,4748,10796,-310,-127,104,9936,-9216,8696,-22,132,-261,-14548,4480,3524,-1029,122,-117,-14404,-2788,6000,-470,178,-81,0
3739.535537958145,10636,4780,11048,-324,-140,128,10064,-9304,8460,-30,131,-246,-14676,4420,3368,-1054,124,-141,-14696,-2824,5932,-452,150,-96,0
3739.5691699981694,10380,4724,11044,-301,-99,101,10076,-9260,8564,-16,177,-216,-14652,4424,3464,-1042,119,-161,-14764,-2704,5908,-468,151,-149,0
3739.6026899814606,10560,4636,11068,-201,-136,94,10084,-9188,8504,-30,84,-204,-14748,4416,3428,-1034,91,-62,-14716,-2772,5928,-522,109,-128,0
3739.6362109184265,10696,4472,11104,-127,-98,107,10032,-9432,8536,-67,101,-201,-14400,4436,3364,-1009,128,-29,-14684,-2748,5980,-527,104,-141,0
3739.6698570251465,10596,4684,10792,-119,-126,144,9932,-9328,8488,-85,83,-137,-14524,4440,3360,-1057,154,-39,-14716,-2664,5720,-525,83,-133,0
3739.703450918197,10608,4728,10980,-101,-33,145,9988,-9292,8496,-77,66,-132,-14368,4476,3540,-1061,203,-65,-14660,-2724,6060,-520,92,-77,0
3739.73717713356,10284,4856,10872,-134,-60,158,10192,-9320,8676,25,119,-156,-14532,4372,3372,-1090,209,-109,-14612,-2752,5956,-482,163,-90,0
3739.7706310749054,10712,4624,10788,-147,-61,162,9944,-9432,8544,24,118,-185,-14848,4428,3460,-1073,168,-113,-14632,-2572,6080,-476,203,-121,0
3739.8043060302734,10516,4728,11088,-124,-90,103,9932,-9356,8584,-254,99,-194,-14640,4384,3484,-1010,101,-81,-14696,-2576,6372,-499,156,-150,0
3739.8379471302032,10552,4724,11100,-94,-58,86,9972,-9224,8620,-76,116,-210,-14680,4504,3536,-940,87,-65,-14692,-2840,6344,-526,101,-185,0
3739.8714749813084,10552,4612,11032,-135,-48,59,9948,-9260,8288,-39,150,-171,-14584,4460,3516,-980,60,-92,-14672,-3052,5992,-453,99,-152,0
3739.9047760963444,10532,4644,11064,-151,-49,95,9916,-9340,8620,-52,139,-176,-14612,4400,3408,-953,100,-88,-14732,-2748,6140,-462,119,-126,0
3739.938413143158,10512,4616,11016,-198,-29,92,10092,-9264,8568,-65,170,-154,-14684,4416,3540,-999,60,-60,-14748,-2776,5996,-454,108,-122,0
3739.9719729423523,10552,4624,11232,-199,-59,89,10020,-9464,8492,-16,168,-165,-14664,4492,3784,-1041,41,-83,-14608,-2764,6084,-501,164,-140,0
3740.0054910182953,10484,4704,11116,-198,-127,114,9904,-9364,8532,63,120,-214,-14584,4124,3556,-1061,90,-156,-14608,-2904,6348,-479,231,-88,0
3740.0391380786896,10468,4800,11020,-85,-77,101,10236,-9228,8536,-25,156,-237,-14640,4336,3580,-981,67,-171,-14624,-2872,6056,-433,205,-136,0
3740.072525024414,10516,4736,11132,-129,-127,62,9936,-9044,8560,-242,156,-236,-14528,4364,3436,-928,89,-111,-14720,-2876,5936,-417,181,-149,0
3740.1060490608215,10656,4784,10928,-197,-34,65,10052,-9140,8552,-12,144,-175,-14676,4384,3420,-1001,80,-42,-14828,-2784,5652,-438,88,-127,0
3740.1394779682164,10292,4712,11116,-225,-7,86,9992,-9164,8560,-100,160,-121,-14704,4576,3516,-992,39,-6,-14700,-3004,5964,-460,85,-115,0
3740.1731009483333,10536,4720,11124,-230,-32,115,9952,-9276,8560,-80,176,-158,-14392,4480,3524,-943,77,-15,-14580,-2652,6056,-492,85,-105,0
3740.2068219184875,10484,4596,10936,-178,-41,111,9884,-9324,8476,-78,112,-154,-14416,4384,3456,-1036,98,-68,-14712,-2680,5976,-535,170,-71,0
3740.2404839992523,10456,4712,10760,-148,-84,147,9872,-9372,8692,47,110,-158,-14408,4468,3396,-1085,112,-88,-14608,-2696,6072,-527,188,-90,0
3740.2738211154933,10496,4720,11116,-137,-37,171,9992,-9224,8616,7,71,-135,-14600,4444,3444,-1029,155,-55,-14780,-2716,6028,-494,130,-136,0
3740.3073830604553,10432,4716,11028,-122,-89,150,10008,-9224,8676,-24,86,-177,-14344,4412,3340,-1011,156,-69,-14688,-2752,6032,-483,127,-99,0
3740.3411021232605,10300,4760,10948,-173,-64,149,9880,-9188,8592,-38,108,-179,-14844,4392,3636,-987,106,-28,-14708,-2824,5988,-493,133,-126,0
3740.374824047088,10288,4808,11064,-197,-66,140,9912,-9268,8540,-41,117,-166,-14672,4504,3424,-969,75,-65,-14640,-2872,6036,-482,140,-138,0
3740.4081671237946,10260,4408,11060,-233,-89,93,9936,-9268,8552,-56,136,-187,-14476,4460,3452,-1006,24,-75,-14680,-2728,6140,-465,106,-138,0
3740.4418029785156,10544,4708,11012,-215,-94,100,10056,-9392,8452,-80,155,-209,-14572,4520,3616,-971,66,-103,-14392,-2684,6096,-478,154,-134,0
3740.4753930568695,10528,4672,11100,-212,-103,82,9768,-9324,8528,33,154,-220,-14488,4504,3352,-1076,100,-86,-14676,-2776,6076,-477,155,-138,0
3740.5118370056152,10472,4616,11108,-171,-78,85,9876,-9332,8212,18,112,-202,-14512,4504,3372,-1046,170,-147,-14708,-2688,6176,-493,153,-128,0
3740.5474381446843,10560,4632,11184,-142,-81,117,10084,-9284,8696,-19,100,-213,-14364,4432,3512,-966,180,-98,-14704,-2808,6076,-487,138,-115,0
3740.5834379196162,10452,4696,11100,-212,-84,135,10020,-9284,8520,-66,143,-154,-14576,4372,3476,-984,182,-87,-14760,-2788,6048,-452,108,-114,0
3740.6192750930786,10512,4784,11076,-252,-107,132,10048,-9232,8516,-53,163,-136,-14840,4480,3568,-984,164,-76,-14772,-3048,6000,-435,103,-92,0
3740.654258966446,10560,4676,11000,-247,-53,90,9996,-9224,8596,-107,159,-145,-14684,4412,3316,-838,144,-15,-14696,-2752,6008,-440,39,-115,0
3740.6900210380554,10676,4664,11188,-243,-44,77,10100,-9300,8676,-65,193,-113,-14640,4392,3528,-943,104,246,-14672,-2676,6084,-435,14,-178,0
3740.725676059723,10316,4732,11004,-224,66,109,9992,-9160,8548,-10,167,-10,-14572,4460,3440,-949,113,61,-14628,-2672,5976,-474,-252,-112,0
3740.7618000507355,10380,4652,11108,-226,81,188,9880,-9292,8528,-46,114,-35,-14500,4536,3448,-1004,172,-5,-14556,-2800,6076,-762,50,-77,0
3740.79806804657,10448,4776,11132,-199,-254,221,9732,-9312,8656,-15,52,-63,-14544,4572,3532,-976,219,-53,-14644,-2728,5940,-475,90,-47,0
3740.8332180976868,10504,4704,10972,-184,-68,241,10180,-9272,8532,-77,68,-92,-14572,4452,3612,-943,171,-17,-14684,-2832,5932,-506,118,-65,0
3740.8691079616547,10364,4668,11012,-187,-71,239,10020,-9240,8516,-83,107,-61,-14532,4524,3484,-896,168,250,-14652,-2748,6148,-470,25,-71,0
3740.904195070266,10304,4620,10776,-254,-58,237,9828,-9312,8576,-183,157,-11,-14388,4520,3392,-754,159,32,-14652,-2600,6136,-393,19,-43,0
3740.9400889873505,10496,4640,11064,-300,-38,280,9928,-9320,8452,-240,158,60,-14560,4500,3340,-710,100,54,-14696,-2792,6052,-403,-9,-245,0
3740.9750900268555,10636,4708,10876,-366,-19,363,9852,-9328,8532,-289,143,107,-14524,4552,3224,-762,213,107,-14660,-2688,6048,-390,-14,73,0
3741.0106739997864,10612,4664,11044,-414,-22,465,9836,-9292,8420,-320,110,130,-14620,4456,3472,-846,510,57,-14344,-2728,6188,-409,-4,104,0
3741.0460050106053,10524,4624,11088,-444,-30,553,9844,-9388,8512,-286,16,170,-14428,4404,3148,-939,344,136,-14368,-2608,6200,-447,-6,193,0
3741.082453966141,10392,4592,11012,-455,-25,676,9732,-9452,8436,-274,-111,195,-14424,4624,3084,-1026,428,211,-14728,-2632,6236,-765,20,289,0
3741.1179580688477,10380,4460,11100,-459,42,713,9812,-9552,8528,-272,-145,226,-14484,4636,3480,-1061,476,197,-14688,-2664,6136,-542,-33,293,0
3741.1533370018005,10448,4520,11064,-372,63,734,9900,-9492,8540,-305,-93,342,-14544,4612,3440,-1060,454,297,-14668,-2640,6340,-606,-85,377,0
3741.1886880397797,10576,4460,11216,-386,112,759,9696,-9524,8552,-352,-240,264,-14612,4672,3236,-1004,510,268,-14720,-2608,6220,-572,-104,366,0
3741.2221601009373,10596,4312,11272,-414,96,692,9988,-9740,8368,-342,-205,211,-14624,4792,3264,-934,462,228,-14700,-2420,6252,-608,-63,326,0
3741.255635023117,10600,4136,11200,-464,69,612,9936,-9700,8300,-263,-198,180,-14556,4780,3208,-984,431,216,-14668,-2440,6388,-592,-92,314,0
3741.2888281345363,10556,4144,11132,-420,81,615,9940,-9804,8324,-230,-183,162,-14604,4720,2892,-981,480,214,-14648,-2508,6328,-764,-85,340,0
3741.3221580982213,10452,3924,11120,-488,62,594,9872,-9784,8140,-173,-151,111,-14556,4772,3076,-1033,489,130,-14636,-2524,6276,-472,-18,320,0
3741.3557801246643,10360,4116,11476,-519,18,555,9804,-9696,8160,-214,-160,35,-14636,5032,3288,-971,473,48,-14684,-2336,6324,-498,76,275,0
3741.3889899253845,10532,4328,11108,-257,-82,553,9924,-9948,8300,-236,-215,25,-14604,4608,3072,-1088,449,48,-14696,-2516,6308,-524,78,287,0
3741.4224610328674,10564,4276,11012,-467,-89,574,9808,-9628,8320,-193,-216,72,-14528,4548,3136,-1095,538,71,-14628,-2496,6272,-493,39,324,0
3741.4560680389404,10560,4204,11248,-456,-94,631,9908,-9488,8288,-306,-298,42,-14560,4748,2824,-1034,579,92,-14572,-2360,6232,-263,49,371,0
3741.4894571304326,10644,4284,11132,-524,-122,713,9780,-9644,8432,-312,-368,28,-14604,4704,3052,-1066,605,125,-14676,-2396,6208,-487,34,463,0
3741.5230360031123,10556,4116,11100,-765,-52,772,9832,-9632,8432,-267,-364,129,-14592,4784,3124,-1113,639,176,-14552,-2416,6332,-580,247,454,0
3741.556505918503,10552,4068,11120,-400,-89,767,9900,-9812,8188,-234,-414,35,-14688,4644,3132,-1123,634,156,-14584,-2404,6332,-555,24,398,0
3741.5896921157837,10576,3860,11284,-368,-133,687,10116,-9792,8080,-249,-317,-29,-14832,4772,2976,-1112,531,81,-14612,-2348,5964,-591,133,300,0
3741.623376131058,10680,3792,11364,-215,-173,500,10096,-9872,8096,-148,-192,-139,-15092,4748,2884,-1118,372,-60,-14692,-2140,6240,-601,146,139,0
3741.6569011211395,10760,3820,11168,-206,-183,297,10280,-9876,7972,-108,-88,-235,-14840,4756,2560,-1087,184,-96,-14692,-2052,6272,-554,194,-34,0
3741.6899719238286,10860,3736,11096,-155,-172,120,10260,-9916,7884,-86,60,-267,-14816,4784,2656,-1050,51,-118,-14764,-2048,6192,-469,165,-189,0
3741.7237610816956,10580,3660,11212,-177,-101,-30,10196,-9916,7896,-5,210,-320,-14692,4908,2912,-961,-71,-149,-14648,-2092,6148,-407,194,-15,0
3741.757296085357,10704,3732,11220,-231,-47,-196,10104,-9940,7724,7,292,-388,-14712,4940,2656,-924,-139,-203,-14776,-2276,6156,-339,210,-342,0
3741.790535926819,10680,3824,11156,-200,-57,-301,9992,-9960,7772,52,373,-415,-14656,5020,2656,-971,-176,-241,-14380,-2272,6320,-337,4,-377,0
3741.823984146118,10944,3800,11424,-163,-20,-298,9908,-9852,7916,42,375,-376,-14608,4924,2824,-969,-196,-222,-14688,-2124,6420,-371,276,-421,0
3741.8576109409332,10684,3796,11016,-121,-6,-302,9916,-9752,7716,71,412,-343,-14624,4852,3036,-974,-185,-176,-14612,-1816,6296,-397,216,-358,0
3741.8907010555267,10764,3936,11272,-116,50,-250,9900,-9752,8076,129,368,-289,-14580,4616,3148,-1273,-147,-194,-14844,-2252,6188,-432,225,-307,0
3741.924376964569,10684,3916,11192,-99,106,-152,9796,-9600,8252,111,308,-225,-14840,4748,2844,-1096,-49,-166,-14676,-2344,6180,-480,274,-243,0
3741.9576690196986,10660,4312,11048,-49,28,-62,9976,-9652,8248,116,270,-212,-14560,4620,3176,-1108,-22,-125,-14648,-2468,6048,-492,257,-194,0
3741.991111993789,10732,4248,11156,-99,-38,28,10060,-9304,8292,67,202,-197,-14584,4492,3280,-1053,63,-136,-14632,-2572,6284,-495,207,-156,0
3742.0247240066533,10668,4348,11108,-82,-27,52,9960,-9612,8216,13,207,-177,-14716,4612,3224,-1017,75,-67,-14816,-2440,6160,-527,131,-165,0
3742.05832695961,10548,4112,11152,-113,-38,34,10000,-9684,8220,24,168,-202,-14616,4664,3200,-769,16,-68,-14732,-2456,6204,-463,97,-171,0
3742.0919070243835,10636,4168,11348,-154,47,-3,10040,-9676,8156,-61,176,-170,-14832,4792,3216,-991,-26,250,-14700,-2512,6336,-439,75,-214,0
3742.1255230903625,10684,4012,11180,-137,56,-38,9984,-9816,8120,-49,208,-139,-14796,4832,3212,-970,-42,40,-14720,-2064,6236,-467,14,-273,0
3742.1589379310612,10684,3952,11260,-136,122,-50,10228,-9796,8016,-22,248,-128,-14632,4732,2924,-1008,-91,80,-14704,-2124,6284,-466,-21,-251,0
3742.194921016693,10644,3908,11500,-89,171,5,9748,-9828,7912,-81,210,-56,-14644,4880,2748,-1053,-95,125,-14624,-2172,6344,-768,-54,-239,0
3742.2306251525883,10452,3980,11220,-100,170,30,9860,-9888,8104,-55,219,-48,-14548,4924,3148,-1008,-51,56,-14632,-2256,6320,-494,-45,-182,0
3742.2659740448003,10748,3988,11356,-99,142,26,9940,-9860,8032,-107,193,-122,-14608,4904,2952,-964,-45,2,-14352,-2176,6284,-456,58,-204,0
3742.301868915558,10456,4096,11260,-140,46,35,9908,-9968,8092,-59,171,-147,-14412,4608,2940,-1036,41,-245,-14628,-2264,6388,-436,9,-160,0
3742.337399959564,10436,4104,11320,-139,87,52,9896,-9736,8008,-27,137,-139,-14648,4840,3128,-1059,25,-12,-14616,-2400,6412,-499,28,-230,0
3742.373389005661,10444,4124,11444,-105,39,-4,10016,-9732,8120,-13,180,-163,-14692,4916,3236,-1051,14,-31,-14648,-2052,6328,-544,64,-250,0
3742.4093239307404,10452,4340,11020,-69,59,-19,9868,-9708,8040,-256,149,-179,-14620,4832,3276,-1116,12,-88,-14592,-2476,6232,-574,64,-501,0
3742.4441699981694,10472,4120,11252,-30,251,-3,9912,-9836,8224,69,169,-223,-14580,4784,3240,-1107,20,-71,-14672,-2440,6284,-531,122,-243,0
3742.4794330596924,10712,4232,11400,-99,-13,-28,9912,-9712,8380,25,159,-274,-14368,4724,2896,-1278,18,-148,-14620,-2344,6368,-530,138,-207,0
3742.5150101184845,10468,4244,11464,-120,-80,-2,9936,-9660,8096,-2,179,-284,-14636,4776,3284,-1015,48,-98,-14640,-2368,6476,-501,103,-191,0
3742.550737142563,10412,4188,11356,-144,-82,252,9904,-9676,8100,-18,188,-256,-14632,5108,3152,-958,20,-91,-14768,-2340,6580,-763,108,-228,0
3742.586014986038,10444,4080,11332,-146,-69,-16,9956,-9752,8112,-20,221,-198,-14564,4900,3132,-963,-252,-59,-14560,-2292,6232,-454,58,-259,0
3742.621812105178,10320,4176,11496,-210,-45,-19,9916,-9932,8080,-29,269,-198,-14580,4764,3308,-944,-17,-109,-14524,-2532,6328,-426,122,-240,0
3742.6576080322266,10376,4244,11340,-187,-34,-30,9944,-9688,8368,-50,291,-174,-14620,5076,3224,-974,-36,-95,-14604,-2368,6368,-468,121,-238,0
3742.692624092102,10468,4268,11304,-141,-72,-38,9896,-9728,8352,-32,235,-217,-14776,4860,3204,-967,251,-106,-14688,-2440,6528,-482,165,-182,0
3742.7277071475983,10344,4176,11100,-144,-102,17,9836,-9868,8152,-13,187,-196,-14528,4796,3116,-1277,54,-127,-14368,-2500,6384,-461,120,-188,0
3742.7640531063084,10500,4260,11324,-144,-120,29,9920,-9644,8184,-74,236,-185,-14684,4756,3116,-929,25,-107,-14628,-2508,6216,-418,149,-210,0
3742.800327062607,10532,4336,11284,-179,-67,-32,9936,-9644,8436,-85,231,-232,-14540,4752,3220,-912,29,-49,-14716,-2428,6208,-382,115,-225,0
3742.8370609283443,10440,4280,11288,-186,-35,-31,9864,-9684,8236,-32,291,-155,-14752,4876,3140,-935,-57,246,-14380,-2416,6328,-436,97,-189,0
3742.8705480098724,10316,4148,11164,-153,-6,-13,9880,-9728,8300,-61,286,-133,-14516,4620,3204,-925,-71,17,-14584,-2404,6284,-446,49,-205,0
3742.9036929607387,10432,4216,11080,-140,7,3,9832,-9704,8148,-45,250,-181,-14456,4608,3092,-947,-37,-14,-14808,-2412,6424,-447,44,-178,0
3742.9373180866246,10380,4152,11464,-156,25,33,9812,-9724,8380,-42,165,-192,-14512,5060,3072,-911,75,-36,-14740,-2348,6416,-394,125,-108,0
3742.9706721305843,10412,4176,11328,-202,23,44,9800,-9844,8224,-44,142,-203,-14560,4888,3224,-928,132,242,-14376,-2340,6520,-423,109,-79,0
3743.0041790008545,10272,4224,11332,-215,12,53,9828,-9856,8244,-61,98,-228,-14484,4932,3152,-997,156,-61,-14500,-2504,6432,-381,143,-103,0
3743.037852048874,10184,4228,11328,-253,-48,62,9972,-9884,8356,-19,162,-226,-14496,4952,3392,-1019,88,-131,-14524,-2464,6508,-418,245,-166,0
3743.0713319778442,10372,4228,11276,-245,-110,26,9872,-9640,8160,-62,185,-236,-14588,4900,3196,-990,27,-144,-14520,-2424,6424,-466,247,-159,0
3743.104809999466,10244,4300,11284,-191,-59,18,9788,-9760,8268,-58,164,-221,-14428,4948,3204,-991,91,-158,-14548,-2340,6408,-491,173,-122,0
3743.138107061386,10220,4224,11272,-130,-67,103,9836,-9644,8156,-38,89,-246,-14404,4944,3168,-1001,186,-130,-14540,-2436,6332,-492,212,-111,0
3743.171674013138,10428,4200,11372,-111,-72,125,9812,-9648,8236,3,87,-219,-14572,4920,3104,-1019,219,-156,-14564,-2364,6392,-532,232,-102,0
3743.2050640583043,10372,4192,11484,-91,-81,169,9900,-9764,8072,-6,63,-209,-14592,4932,2852,-1059,242,-214,-14572,-2204,6568,-603,272,-35,0
3743.2387199401855,10500,4128,11060,-50,-136,212,9880,-9876,7924,21,11,-208,-14580,5100,3092,-1115,275,-237,-14660,-2364,6276,-574,286,12,0
3743.2721750736237,10472,4052,11256,-18,-95,184,9976,-9704,7952,95,-7,-217,-14724,4640,3224,-1179,227,-153,-14764,-2476,6496,-538,204,-81,0
3743.3056790828705,10484,4316,11408,-85,27,128,10228,-9960,8136,43,70,-190,-14716,4828,3076,-1123,187,-88,-14752,-2148,6648,-473,166,-65,0
3743.339182138443,10496,4212,11352,-173,47,110,9740,-9792,8344,37,152,-136,-14756,5076,3088,-1157,212,-128,-14664,-2444,6424,-367,145,-102,0
3743.372892141342,10296,4256,11316,-298,12,87,9900,-9736,8388,112,223,-168,-14524,4784,3304,-1105,156,-250,-14600,-2644,6264,-500,210,-205,0
3743.4061839580536,10356,4784,11432,-143,-81,62,9876,-9532,8512,-31,223,-232,-14580,4556,3528,-1096,72,-234,-14604,-2780,6080,-525,305,-155,0
3743.439912080765,10356,4532,11156,-111,-159,-11,9856,-9468,8404,-36,159,-315,-14460,4580,3272,-1037,168,-220,-14692,-2616,6288,-475,244,-173,0
3743.4735200405125,10308,4328,11204,-80,-90,5,9880,-9540,8416,-26,90,-338,-14616,4804,3280,-990,181,-175,-14840,-2432,6248,-422,185,-141,0
3743.5073709487915,10420,4292,11200,-124,-67,14,9932,-9612,8252,-8,145,-231,-14700,4920,3324,-984,74,-110,-14732,-2404,6344,-464,185,-142,0
3743.5410380363464,10700,4272,11268,-176,-19,36,9812,-9932,8332,-45,187,-147,-14696,4924,3004,-954,28,-55,-14836,-2364,6476,-460,38,-110,0
3743.574527025223,10284,4156,11284,-128,57,110,9780,-9768,8440,-65,169,-89,-14644,4960,3020,-978,71,-81,-14684,-2248,6560,-536,-22,-134,0
3743.610729932785,10724,4176,11480,-167,14,133,9924,-9868,8252,20,159,-88,-14520,4924,3084,-1097,78,-71,-14696,-2352,6268,-530,115,-152,0
3743.6444621086125,10332,4292,11268,-146,-7,130,9840,-9776,8148,22,130,-150,-14480,5112,3004,-1113,79,-95,-14548,-2376,6312,-568,168,-131,0
3743.677966117859,10300,4248,11432,-143,-94,141,9864,-9684,8176,57,151,-213,-14560,4828,3256,-1054,27,-102,-14652,-2536,6144,-526,216,-133,0
3743.7115111351013,10324,4292,11188,-130,-91,48,9892,-9864,8284,29,227,-222,-14684,4732,3172,-992,-9,-181,-14624,-2496,6332,-457,183,-157,0
3743.744887113571,10048,4216,11420,-149,-101,9,9856,-9592,8284,50,223,-247,-14584,4820,3360,-938,-32,-211,-14692,-2468,6396,-476,223,-156,0
3743.7784390449524,10304,4320,11356,-168,-111,4,9944,-9732,8260,42,282,-230,-14644,4828,3332,-948,-49,-189,-14516,-2540,6360,-420,226,-198,0
3743.812094926834,10292,4336,11264,-240,-197,12,9792,-9644,8356,36,299,-259,-14344,4712,3548,-916,19,-224,-14616,-2508,6248,-414,220,-200,0
3743.8454310894012,10404,4296,11384,-237,-190,4,10160,-9664,8308,-20,262,-313,-14608,4752,3200,-931,255,-244,-14832,-2448,6144,-419,285,-199,0
3743.8821640014653,10448,4368,11184,-272,-215,3,9904,-9756,8356,95,238,-275,-14636,4716,3108,-1018,5,-252,-14592,-2440,6248,-457,268,-199,0
3743.918098926544,10352,4308,11392,-230,-188,42,9940,-9552,8436,76,207,-251,-14572,4728,3316,-1045,35,-195,-14624,-2400,6368,-498,212,-163,0
3743.9531869888306,10504,4168,11264,-194,-177,109,9804,-9592,8244,58,191,-201,-14556,4692,3296,-1092,111,-196,-14704,-2536,6248,-262,169,-137,0
3743.9887230396266,10264,4424,11120,-168,-148,140,9952,-9572,8516,80,145,-167,-14636,4680,3192,-1101,112,-87,-14724,-2504,6352,-550,145,-146,0
3744.0241520404816,10256,4424,11476,-197,-109,177,9752,-9564,8440,40,135,-128,-14632,4520,3116,-1051,98,-114,-14604,-2728,6392,-531,92,-124,0
3744.059952020645,10296,4424,11252,-187,-137,153,9892,-9604,8304,34,111,-157,-14636,4824,3252,-1063,93,-106,-14836,-2720,6120,-513,129,-172,0
3744.095256090164,10424,4332,11068,-160,-182,87,9796,-9572,8128,-34,121,-194,-14620,4740,3188,-998,64,-116,-14580,-2504,6220,-527,115,-155,0
3744.130963087082,10452,4284,11200,-126,-152,121,9788,-9604,8364,-65,104,-185,-14540,4668,3212,-997,90,-59,-14564,-2436,6228,-502,80,-193,0
3744.1674320697784,10376,4288,11192,-135,-43,78,9904,-9508,8356,-32,85,-157,-14472,4760,3116,-1085,111,-52,-14656,-2464,6188,-269,97,-134,0
3744.2028210163116,10456,4200,11332,-128,-14,95,9900,-9660,8240,-44,107,-147,-14548,4724,3192,-1098,106,-36,-14636,-2440,6240,-538,57,-158,0
3744.2386550903325,10740,4244,11324,-122,25,136,9884,-9672,8332,-26,87,-72,-14640,4716,3080,-1165,181,253,-14540,-2476,6368,-568,25,-135,0
3744.2735741138454,10408,4348,11152,-87,48,130,9948,-9900,8212,8,93,-79,-14792,4820,3232,-1173,164,-34,-14648,-2476,6428,-530,66,-146,0
3744.3085050582886,10396,4288,11200,-131,22,106,9852,-9684,8280,-11,105,-111,-14648,4848,3348,-1143,88,-252,-14636,-2488,6384,-548,47,-164,0
3744.344075918197,10464,4376,11276,-80,21,109,9864,-9604,8340,-30,141,-75,-14548,4812,3316,-1112,51,3,-14792,-2496,6276,-577,26,-164,0
3744.3796439170837,10452,4388,11380,-66,23,113,9836,-9620,8408,-17,140,-69,-14572,4744,3400,-1190,61,-15,-14356,-2704,6388,-606,-256,-202,0
3744.415015935898,10440,4160,11204,-39,101,88,9820,-9656,8212,0,144,-38,-14412,4836,3212,-1162,76,-6,-14628,-2536,6380,-572,-11,-161,0
3744.4508850574493,10344,4320,11344,-68,89,88,9900,-9620,8312,23,169,-43,-14536,4592,3552,-1055,31,-236,-14568,-2508,6360,-513,39,-175,0
3744.4861540794373,10312,4364,11176,-109,35,70,9868,-9644,8200,9,154,-79,-14560,4784,3456,-1047,42,-24,-14556,-2384,6320,-509,58,-155,0
3744.523451089859,10248,4384,11340,-84,26,83,9796,-9580,8352,-9,175,-136,-14572,4620,3180,-1033,55,-130,-14584,-2564,6132,-466,147,-209,0
3744.557151079178,10244,4500,11304,-61,-58,41,9812,-9488,8224,-10,164,-202,-14476,4460,3424,-1017,68,-97,-14576,-2724,6320,-459,252,-166,0
3744.590707063675,10432,4428,11296,-155,-134,50,9688,-9508,8304,-42,144,-255,-14352,4656,3500,-953,60,-84,-14572,-2708,6556,-408,213,-167,0
3744.6242570877075,10296,4524,11392,-170,-114,15,9828,-9620,8204,-90,168,-288,-14620,4632,3412,-868,38,-153,-14704,-2564,6312,-370,152,-222,0
3744.6573770046234,10360,4432,11296,-188,-98,-45,9732,-9772,8664,-67,233,-295,-14664,4708,3280,-926,-38,-174,-14636,-2552,6248,-377,229,-232,0
3744.690768957138,10384,4452,11036,-170,-156,-3,9800,-9564,8404,-39,208,-299,-14472,4636,3204,-958,39,-89,-14584,-2580,6648,-397,215,-165,0
3744.7244229316716,10320,4512,11092,-199,-130,14,9824,-9688,8392,-132,125,-264,-14368,4732,3140,-861,92,-49,-14840,-2696,6216,-425,173,-130,0
3744.757956027984,10316,4468,11292,-255,-116,86,9496,-9620,8264,-114,38,-253,-14564,4728,3280,-880,184,-35,-14488,-2448,6280,-348,187,-8,0
3744.7915880680084,10408,4136,11424,-246,-104,189,9640,-9588,8196,-153,-87,-229,-14484,4856,2904,-963,0,-27,-14680,-2460,6460,-432,151,66,0
3744.82506608963,10408,4400,11280,-2,-109,310,9956,-9940,8308,-151,-133,-116,-14352,5076,3076,-953,280,28,-14556,-2352,6424,-449,38,92,0
3744.85892701149,10384,4272,11368,-255,-80,358,9780,-9740,8216,-164,-73,-72,-14696,4808,3160,-925,324,68,-14624,-2508,6464,-458,53,115,0
3744.8922231197357,10368,4240,11440,-237,-20,329,10164,-9852,8264,-130,-37,-101,-14672,4784,3296,-993,280,-244,-14652,-2464,6276,-469,122,-13,0
3744.9257061481476,10436,4348,11464,-217,-62,215,9972,-9740,8376,-40,104,-140,-14644,4696,3224,-1080,182,-91,-14628,-2516,6148,-480,146,-85,0
3744.9591951370244,10352,4328,11488,-236,-58,113,9828,-9700,8312,-41,153,-194,-14524,4796,3088,-1050,140,-141,-14588,-2536,6200,-496,188,-98,0
3744.992828130722,10400,4268,11240,-224,-53,8,9892,-9732,8316,36,144,-263,-14608,4828,3236,-1099,113,-160,-14548,-2528,6312,-490,243,-120,0
3745.0266151428223,10236,4336,11184,-160,-33,-32,9872,-9680,8148,73,155,-300,-14536,5060,3120,-1118,99,-178,-14584,-2480,6516,-767,243,-194,0
3745.060199022293,10336,4340,11040,-105,-88,-8,9824,-9588,8300,108,150,-307,-14516,4752,3240,-1083,133,-206,-14584,-2396,6400,-497,291,-133,0
3745.0937089920044,10408,4376,11336,-164,-114,38,9840,-9620,8216,16,135,-335,-14516,4792,3440,-1016,131,-248,-14480,-2436,6352,-447,307,-95,0
3745.1270389556885,10356,4360,11380,-248,-167,41,9876,-9592,8300,-4,149,-363,-14676,4772,3276,-941,169,-191,-14612,-2432,6352,-441,305,-62,0
3745.160115003586,10360,4344,11444,-270,-211,55,9828,-9688,8288,-253,141,-340,-14672,4988,3140,-1044,157,-211,-14700,-2536,6204,-473,338,-113,0
3745.1936640739445,10476,4436,11340,-241,-200,46,9864,-9548,8600,74,192,-320,-14624,4772,3296,-977,97,-178,-14664,-2516,6304,-480,292,-85,0
3745.2273149490356,10444,4376,11232,-204,-167,32,9876,-9552,8416,12,98,-314,-14640,4788,3300,-989,122,-212,-14644,-2536,6272,-518,234,-80,0
3745.2606630325317,10360,4356,11252,-230,-134,61,9964,-9536,8248,-15,233,-279,-14604,4584,3272,-955,112,-188,-14812,-2440,6256,-470,234,-91,0
3745.2941660881042,10484,4368,11232,-324,-183,51,10032,-9552,8320,39,224,-3,-14632,4648,3220,-1025,60,-139,-14724,-2688,6260,-487,263,-93,0
3745.3277471065526,10504,4500,11224,-377,-213,92,9912,-9552,8272,68,204,-3,-14360,4620,3244,-774,87,-149,-14696,-2504,6212,-476,215,-73,0
3745.361249923706,10432,4444,11140,-277,-187,149,9884,-9528,8504,-20,131,-237,-14552,4800,3192,-1014,114,-173,-14828,-2348,6260,-449,226,-59,0
3745.3945960998535,10348,4508,11296,-319,-291,156,9896,-9500,8184,-3,188,-245,-14532,4704,3204,-958,102,-160,-14396,-2416,6272,-454,265,-62,0
3745.4281921386723,10532,4204,11236,-318,-249,194,9928,-9548,8236,-11,135,-2,-14472,4704,2952,-958,119,-114,-14624,-2396,6168,-427,231,-51,0
3745.4616961479187,10556,4260,11216,-263,-226,186,9736,-9508,8344,249,176,-222,-14740,4664,3184,-1012,69,-100,-14680,-2524,6204,-423,181,-82,0
3745.4953129291534,10692,4348,11356,-275,-192,146,10020,-9656,8308,17,199,-217,-14708,4620,3144,-975,89,-145,-14672,-2480,6324,-446,185,-79,0
3745.528636932373,10456,4376,11096,-249,-223,154,9960,-9572,8376,-47,124,-252,-14684,4604,3260,-965,146,-174,-14632,-2296,6264,-460,184,-86,0
3745.565444946289,10500,4280,11196,-236,-244,146,9896,-9544,8312,-30,100,-273,-14540,4660,3132,-1002,89,-151,-14696,-2412,6168,-476,216,-113,0
3745.6007261276245,10604,4204,11220,-228,-198,98,9912,-9508,8228,-28,122,-275,-14664,4748,3188,-1050,93,-164,-14740,-2444,6192,-441,216,-143,0
3745.6354200839996,10516,4264,11096,-503,-195,85,9828,-9524,8432,22,142,-285,-14700,4740,2932,-1040,81,-150,-14708,-2452,6200,-470,237,-131,0
3745.6717720031734,10448,4312,11148,-212,-160,104,9812,-9548,8288,19,157,-233,-14592,4680,3212,-1037,126,-163,-14736,-2576,6228,-480,235,-119,0
3745.707792043686,10484,4588,11044,-139,-86,74,9804,-9532,8400,30,113,-238,-14576,4576,3352,-1069,140,-167,-14644,-2392,5944,-477,197,-130,0
3745.743024110794,10388,4284,11036,-137,-72,75,9936,-9380,8388,9,103,-240,-14640,4536,3344,-1128,128,-156,-14348,-2560,6332,-447,180,-104,0
3745.778662919998,10532,4604,11464,-119,-4,46,10188,-9460,8256,-23,105,-210,-14608,4652,3384,-1041,164,-83,-14656,-2560,6352,-485,127,-131,0
3745.813707113266,10552,4332,11288,-96,-15,78,10012,-9372,8404,-21,81,-183,-14616,4564,3084,-1073,169,-79,-14712,-2488,6132,-503,116,-150,0
3745.8493320941925,10564,4328,11208,-105,31,91,10228,-9300,8500,-253,124,-179,-14676,4636,3208,-1098,145,-50,-14612,-2444,6072,-482,130,-107,0
3745.8842599391933,10452,4212,11136,-120,15,73,10048,-9460,8036,-35,107,-160,-14644,4604,3132,-1030,123,-71,-14668,-2384,5988,-484,103,-140,0
3745.9203350543976,10548,4112,11260,-117,14,79,9964,-9540,8380,-39,102,-181,-14576,4572,3248,-1025,124,-72,-14360,-2532,6184,-765,130,-122,0
3745.9556651115413,10724,4276,11312,-119,-40,90,9936,-9520,8216,250,127,-162,-14580,4408,3276,-1064,116,-60,-14728,-2508,6268,-491,114,-116,0
3745.9922490119934,10528,4400,11212,-122,20,95,9992,-9560,8372,-97,104,-150,-14664,4572,3148,-959,42,-44,-14748,-2552,6244,-475,80,-128,0
3746.0274851322174,10592,4580,11408,-142,24,39,9928,-9532,8204,-44,165,-171,-14820,4844,3112,-1008,93,-48,-14720,-2544,6208,-494,100,-125,0
3746.0633869171143,10468,4580,11356,-128,51,77,10048,-9544,8052,-47,93,-137,-14400,4668,3140,-1279,121,-46,-14684,-2308,6236,-468,90,-142,0
3746.0982189178467,10640,4308,11196,-121,29,107,9936,-9548,8428,-76,108,-147,-14736,4648,3132,-943,56,-45,-14656,-2312,6296,-481,59,-170,0
3746.1338119506836,10544,4380,11252,-141,5,50,9840,-9584,8628,-66,171,-171,-14432,4680,3308,-950,28,-43,-14660,-2556,6248,-504,77,-167,0
3746.1697480678563,10384,4296,11232,-141,25,74,9896,-9596,8244,-32,169,-158,-14564,4648,2972,-993,13,-57,-14632,-2404,6164,-492,141,-160,0
3746.2066359519963,10420,4348,11140,-153,-28,58,9892,-9488,8292,29,182,-145,-14676,4676,3068,-993,16,-62,-14592,-2464,6256,-482,168,-175,0
3746.2401010990143,10496,4428,11024,-116,-16,62,9920,-9280,8288,-25,181,-176,-14600,4684,3072,-770,8,-73,-14728,-2528,6216,-499,143,-142,0
3746.2732989788055,10384,4420,11152,-125,-51,71,9968,-9688,8420,15,169,-161,-14524,4636,3180,-990,94,-92,-14624,-2588,6240,-464,170,-117,0
3746.306965112686,10640,4492,11200,-158,237,83,9932,-9460,8420,-39,141,-186,-14696,4420,3108,-1005,128,-56,-14668,-2512,6264,-453,195,-92,0
3746.3405699729924,10464,4472,11432,-139,-91,130,9960,-9536,8196,-39,100,-168,-14612,4656,3136,-1016,121,-29,-14692,-2448,6380,-485,117,-110,0
3746.3739190101624,10460,4524,11052,-110,-80,131,9972,-9532,8376,-43,117,-182,-14696,4740,3448,-974,96,-48,-14668,-2560,6364,-265,99,-132,0
3746.407308101654,10528,4356,11096,-106,-56,117,9964,-9644,8456,-57,111,-149,-14736,4676,3440,-960,57,-102,-14652,-2532,6188,-520,117,-161,0
3746.4409301280975,10676,4368,11256,-93,-61,73,9956,-9544,8376,-37,110,-189,-14368,4392,3256,-1031,54,-82,-14608,-2472,6100,-507,98,-153,0
3746.474478006363,10740,4308,10760,-116,-15,72,9904,-9720,8348,-17,173,-146,-14628,4724,3288,-1279,86,-57,-14712,-2484,6256,-467,148,-147,0
3746.5083379745483,10432,4376,11128,-128,-37,57,10224,-9556,8312,-31,123,-206,-14648,4584,3300,-979,67,-18,-14648,-2460,6316,-470,110,-126,0
3746.5418410301213,10472,4396,11208,-170,-62,102,9936,-9584,8312,-52,162,-153,-14752,4716,3180,-1042,106,-71,-14660,-2360,6184,-469,123,-124,0
3746.575366020202,10420,4364,11304,-200,-35,130,9824,-9556,8412,-24,131,-158,-14572,4820,3168,-1056,79,-101,-14628,-2584,6296,-492,128,-128,0
3746.6089320182805,10388,4464,11304,-139,-29,160,9888,-9448,8216,-56,78,-135,-14564,4632,3128,-1059,143,-54,-14696,-2548,6292,-468,98,-123,0
3746.6421830654144,10456,4392,11316,-195,-37,136,10024,-9536,8240,-78,218,-109,-14616,4636,3228,-969,122,-1,-14628,-2536,6368,-471,81,-146,0
3746.6756780147552,10372,4448,11300,-1,11,100,10164,-9560,8384,-74,144,-123,-14388,4688,3192,-1032,82,-34,-14660,-2420,6212,-496,77,-104,0
3746.7093739509583,10496,4340,11236,-334,-33,161,9856,-9616,7984,-30,168,-131,-14472,4668,3324,-1013,131,-101,-14592,-2476,6192,-476,134,-88,0
3746.742919921875,10332,4468,11360,-297,-178,180,9840,-9608,8508,-77,87,-225,-14612,4748,3496,-994,199,-119,-14684,-2808,6176,-454,166,-56,0
3746.7761530876164,10352,4416,11220,-210,-217,179,10236,-9520,8288,-171,15,-249,-14584,4640,3208,-929,201,-111,-14672,-2444,6356,-541,148,-97,0
3746.809690952301,10444,4268,11232,-208,-199,169,9872,-9608,8240,-69,93,-233,-14552,4732,3060,-999,89,-107,-14540,-2528,6316,-510,186,-83,0
3746.8432900905614,10292,4264,11160,-236,-208,200,9856,-9588,8084,-11,152,-228,-14592,4620,3076,-1020,154,-179,-14620,-2404,6248,-767,207,-80,0
3746.877063035965,10672,4280,11276,-214,-181,146,10000,-9572,8120,5,117,-233,-14604,4720,3132,-997,151,-223,-14672,-2396,6268,-475,209,-114,0
3746.9103219509125,10748,4284,11056,-275,-129,111,10024,-9600,8244,26,143,-243,-14660,4544,3240,-994,172,-161,-14676,-2464,6220,-401,220,-92,0
3746.9437770843506,10640,4388,11064,-316,-166,114,10040,-9580,8444,15,157,-251,-14560,4616,3372,-1011,120,-179,-14644,-2420,6204,-423,253,-92,0
3746.9772210121155,10264,4440,11048,-339,-213,144,9896,-9528,8324,-8,117,-257,-14612,4684,3292,-1017,121,-163,-14664,-2456,6236,-444,248,-89,0
3747.0105011463165,10352,4576,11008,-298,-260,167,9896,-9548,8344,-76,126,-511,-14364,4856,3232,-927,146,-200,-14520,-2476,6212,-426,227,-63,0
3747.0441060066223,10460,4416,11440,-286,-496,142,9760,-9544,8284,-141,155,-222,-14700,4664,3484,-926,118,-104,-14760,-2476,6068,-445,194,-96,0
3747.0772819519043,10516,4260,11080,-292,-225,120,10020,-9596,8356,-14,135,-226,-14620,4608,3180,-965,41,-123,-14648,-2440,6232,-491,195,-144,0
3747.1108880043034,10492,4360,11240,-299,-181,140,9884,-9484,8284,-7,167,-191,-14608,4472,3200,-961,60,-152,-14628,-2460,6264,-490,205,-86,0
3747.1442170143123,10592,4316,11204,-235,-144,133,9796,-9488,8324,-33,121,-251,-14632,4656,3212,-955,106,-137,-14704,-2480,6104,-473,205,-80,0
3747.177575111389,10496,4384,10972,-174,-158,155,10220,-9456,8300,-34,78,-198,-14548,4536,3304,-994,183,-85,-14680,-2500,6160,-488,219,-100,0
3747.2108149528503,10508,4264,11252,-140,-150,159,9972,-9476,8300,-15,62,-195,-14652,4576,2828,-1052,187,-39,-14732,-2440,6248,-438,230,-54,0
3747.248486995697,10620,4304,11244,-211,-99,173,10204,-9548,8392,-40,96,-183,-14648,4608,3300,-1048,152,-77,-14640,-2544,6184,-460,146,-112,0
3747.2833111286163,10492,4288,11080,-175,-43,102,10104,-9332,8380,-37,146,-152,-14712,4684,3240,-1038,98,-47,-14644,-2444,6112,-474,138,-141,0
3747.318211078644,10632,4236,11164,-179,55,68,9984,-9272,8372,-28,159,-152,-14728,4744,3136,-990,99,-47,-14644,-2308,6244,-519,74,-144,0
3747.3539769649506,10700,4204,11140,-92,53,45,9984,-9620,7940,-9,117,-131,-14676,4672,3256,-770,96,-19,-14676,-2476,6328,-495,93,-141,0
3747.389223098755,10476,4304,11108,-115,37,88,9892,-9716,8316,-15,105,-136,-14568,4632,3268,-1035,102,-76,-14576,-2328,6168,-502,130,-110,0
3747.4245591163635,10508,4236,11188,-123,249,107,10140,-9512,8448,1,130,-175,-14580,4680,3184,-1056,112,-74,-14720,-2408,6092,-477,162,-108,0
3747.4602150917053,10408,4116,11084,-130,-34,117,9756,-9488,8216,-13,73,-172,-14564,4756,3220,-1096,191,-72,-14732,-2444,6276,-462,179,-130,0
3747.4952149391174,10452,4320,11316,-157,-46,63,10028,-9528,8364,-24,122,-204,-14612,4696,3180,-1032,156,-101,-14836,-2464,6244,-486,133,-107,0
3747.5306439399724,10480,4336,11212,-149,-47,85,9952,-9508,8276,-30,116,-183,-14744,4672,3320,-1063,124,-64,-14688,-2472,6300,-765,76,-154,0
3747.5661420822144,10296,4388,11140,-120,31,29,9736,-9556,8212,-57,112,-165,-14364,4728,3132,-1040,81,-20,-14720,-2412,6344,-518,56,-194,0
3747.6016409397125,10476,4368,11152,-102,36,41,9968,-9572,8308,-36,110,-158,-14648,4848,3308,-1028,91,-58,-14836,-2512,6380,-530,63,-159,0
3747.637712955475,10284,4336,11124,-89,51,41,9896,-9232,8224,-22,132,-171,-14424,4604,2944,-1040,101,-23,-14600,-2532,6232,-522,100,-161,0
3747.6726930141454,10468,4280,11344,-66,37,69,9956,-9544,8172,-35,91,-189,-14592,4680,3276,-1039,87,-69,-14632,-2448,6216,-501,117,-132,0
3747.7077560424805,10360,4592,11056,-68,-18,83,9960,-9496,8268,-40,112,-152,-14800,4468,3144,-1064,126,-37,-14636,-2432,6272,-483,120,-136,0
3747.7433090209965,10516,4416,11100,-100,-28,78,9892,-9576,8260,-44,144,-166,-14648,4688,3096,-1062,120,-81,-14720,-2404,6156,-513,152,-132,0
3747.7792060375214,10436,4584,11140,-113,-21,112,9732,-9552,8308,253,126,-149,-14656,4748,3280,-1026,53,-16,-14372,-2784,6236,-504,97,-158,0
3747.8140609264374,10540,4516,11112,-96,-17,79,9772,-9260,8292,-25,138,-132,-14820,4684,3244,-979,50,-51,-14716,-2484,6012,-489,76,-155,0
3747.8493940830235,10468,4324,11412,-87,7,66,9968,-9516,8276,-54,203,-129,-14632,4680,3224,-915,21,249,-14588,-2368,6372,-533,54,-164,0
3747.885429143905,10468,4356,11228,-158,-50,96,9900,-9564,8236,-20,168,-109,-14588,4588,3320,-1011,29,21,-14836,-2520,6232,-498,75,-125,0
3747.9189829826355,10364,4464,11224,-105,21,113,10216,-9584,8272,-86,131,-125,-14600,4832,3104,-969,33,-37,-14820,-2800,6072,-494,93,-132,0
3747.9525260925293,10416,4420,11048,-171,-121,114,9744,-9712,8300,-69,183,-160,-14828,4856,3256,-903,68,-58,-14696,-2428,6212,-483,141,-134,0
3747.9857671260834,10276,4352,11372,-158,-43,126,9932,-9564,8276,-48,133,-145,-14692,4436,3204,-982,67,-48,-14672,-2472,6168,-453,160,-120,0
3748.0193500518803,10372,4588,11208,-151,-43,158,9944,-9464,8272,-36,127,-122,-14492,4592,3540,-1016,82,-242,-14716,-2616,6352,-463,127,-129,0
3748.052899122238,10384,4396,11392,-158,-56,131,10236,-9552,8292,-56,133,-120,-14652,4628,3192,-964,78,-29,-14644,-2540,6392,-475,82,-132,0
3748.0861940383916,10396,4584,11104,-155,-43,142,9904,-9592,8232,-37,112,-127,-14624,4820,3180,-1003,40,-86,-14612,-2564,6312,-261,117,-127,0
3748.1199719905853,10732,4376,11200,-144,-58,113,10004,-9592,8252,-28,127,-149,-14588,4632,3148,-1062,112,-87,-14484,-2552,6164,-500,126,-101,0
3748.1533460617065,10380,4396,11168,-129,-68,144,9852,-9532,8260,-11,121,-170,-14540,4784,3152,-1013,113,-93,-14636,-2484,6376,-264,157,-126,0
3748.186789035797,10416,4452,11076,-161,-68,117,9936,-9540,8204,-42,218,-174,-14396,4664,3244,-922,140,-69,-14660,-2492,6420,-466,167,-111,0
3748.2204599380493,10444,4352,11116,-177,-93,92,10184,-9648,8024,-46,142,-130,-14784,4740,3128,-1013,118,-68,-14604,-2480,6224,-477,155,-103,0
3748.2538120746613,10564,4372,11188,-167,-41,138,9944,-9584,8348,-53,122,-139,-14640,4608,3300,-1049,86,-45,-14660,-2308,6256,-486,153,-108,0
3748.2872469425206,10356,4464,11256,-188,-8,129,9988,-9556,8360,-9,124,-177,-14380,4640,3276,-1067,122,-44,-14716,-2452,6260,-466,89,-113,0
3748.3206970691685,10440,4428,11300,-215,-33,86,9872,-9652,8008,-41,121,-168,-14612,4716,3312,-1041,128,-63,-14368,-2464,6316,-466,131,-128,0
3748.354334115982,10500,4420,11192,-216,-42,104,10192,-9600,8332,-18,138,-194,-14640,4804,3272,-1033,129,-94,-14644,-2532,6284,-475,133,-114,0
3748.3875341415405,10420,4432,11328,-250,-64,108,9900,-9700,8164,-30,139,-211,-14740,4744,3264,-1058,152,-113,-14804,-2464,6324,-491,150,-128,0
3748.4211809635162,10388,4400,11296,-202,-105,81,9972,-9620,8180,-43,115,-235,-14412,4660,3372,-1012,134,-124,-14592,-2536,6296,-484,181,-98,0
3748.4549040794373,10336,4408,11332,-220,-169,114,10232,-9624,8344,-62,109,-246,-14564,4836,3304,-995,111,-134,-14640,-2476,6308,-506,168,-100,0
3748.4882180690765,10324,4392,11300,-221,-144,128,9864,-9512,8412,-91,107,-250,-14572,4824,3280,-956,124,-120,-14576,-2348,6252,-481,178,-70,0
3748.5218040943146,10468,4284,11320,-7,-153,141,10088,-9496,8020,-70,99,-228,-14368,4672,3224,-947,107,-142,-14620,-2408,6272,-490,175,-70,0
3748.5554571151733,10404,4388,11484,-302,-130,152,9952,-9260,8272,-37,160,-232,-14616,4616,3152,-986,142,-158,-14628,-2444,6216,-424,170,-44,0
3748.589038133621,10708,4580,11140,-282,-126,125,10012,-9520,8340,-71,127,-225,-14712,4596,3132,-984,113,-111,-14724,-2416,6024,-443,193,-76,0
3748.6271800994873,10508,4596,11420,-312,-158,131,9772,-9512,8420,-32,137,-222,-14640,4860,2892,-1000,144,-150,-14592,-2352,6068,-438,211,-59,0
3748.6606929302216,10580,4428,11072,-296,-152,143,9768,-9528,8388,-11,83,-215,-14596,4732,3268,-969,123,-133,-14672,-2396,6224,-437,184,-79,0
3748.6940100193024,10608,4324,11244,-289,-105,157,9908,-9584,8292,-256,168,-194,-14668,4708,3276,-956,82,-101,-14584,-2416,6348,-454,136,-85,0
3748.7275540828705,10348,4448,11312,-271,-129,125,9936,-9592,8372,-40,119,-198,-14688,4656,3296,-940,104,-76,-14372,-2428,6096,-468,141,-74,0
3748.761032104492,10400,4308,11164,-510,-112,147,9756,-9568,8376,-32,127,-207,-14624,4680,3104,-944,102,-114,-14596,-2464,6184,-496,193,-86,0
3748.794294118881,10412,4240,11140,-3,-145,135,9952,-9584,8196,247,134,-219,-14552,4380,3164,-954,113,-133,-14588,-2420,6148,-469,204,-67,0
3748.8277680873866,10468,4336,10992,-275,-180,160,9916,-9572,8248,-17,125,-198,-14612,4692,3304,-961,97,-122,-14688,-2412,6292,-452,215,-91,0
3748.861184120178,10512,4288,11104,-284,-178,162,10196,-9612,8196,-25,127,-215,-14676,4616,3324,-953,128,-130,-14660,-2380,6356,-436,219,-90,0
3748.8944120407104,10540,4328,11148,-253,-149,120,10060,-9604,8132,-18,125,-236,-14648,4708,3072,-980,122,-134,-14656,-2468,6216,-429,221,-79,0
3748.9315340518956,10540,4096,11160,-241,-151,137,9880,-9532,8300,-34,113,-217,-14612,4628,3108,-1005,109,-138,-14740,-2456,6220,-479,168,-98,0
3748.9675559997563,10524,4336,11044,-184,-110,117,9732,-9484,8260,-27,135,-226,-14668,4576,2964,-1020,132,-44,-14668,-2404,5964,-472,170,-122,0
3749.0030059814453,10584,4344,11120,-195,-88,103,10152,-9524,8208,-43,139,-193,-14676,4640,3212,-769,104,-87,-14644,-2428,6172,-490,156,-119,0
3749.0387771129604,10448,4284,11456,-180,-38,86,9992,-9500,8260,-44,142,-180,-14580,4620,3412,-1014,144,-83,-14428,-2380,6240,-484,153,-147,0
3749.0738110542293,10564,4296,11048,-163,-23,90,10064,-9500,8296,9,150,-212,-14600,4580,3116,-1036,123,-122,-14700,-2396,6132,-467,164,-130,0
3749.109465122224,10324,4420,11020,-184,-22,93,10012,-9276,8168,11,149,-176,-14532,4736,3188,-1027,108,-51,-14700,-2472,6116,-464,159,-136,0
3749.1444950103764,10520,4284,11268,-119,-13,96,9776,-9280,8616,-27,87,-161,-14712,4380,3308,-1057,97,-85,-14760,-2392,6296,-494,101,-129,0
3749.1803760528564,10704,4300,11276,-152,-9,103,9872,-9580,8336,0,125,-161,-14640,4632,2992,-1059,65,-37,-14648,-2452,6288,-505,127,-124,0
3749.2158930301666,10468,4360,11140,-148,12,85,9952,-9556,8256,-4,119,-146,-14568,4612,3200,-1085,131,-33,-14608,-2456,6244,-490,124,-115,0
3749.2513539791107,10468,4364,11276,-136,-254,101,10020,-9488,8660,-48,136,-159,-14552,4656,3176,-1037,142,-61,-14728,-2512,6160,-438,136,-128,0
3749.2875530719757,10628,4112,11188,-178,-18,72,10028,-9552,8304,-19,111,-180,-14788,4740,3228,-1052,172,-26,-14644,-2452,6292,-500,92,-138,0
3749.3224220275883,10480,4316,11184,-140,-1,95,10016,-9536,8332,-33,112,-140,-14708,4792,3080,-1079,121,-57,-14724,-2416,6324,-512,61,-165,0
3749.3588161468506,10476,4328,11516,-144,12,78,9996,-9264,8024,-50,125,-159,-14364,4600,3136,-1022,54,-35,-14592,-2432,6308,-503,91,-164,0
3749.3933770656586,10528,4304,11264,-148,-19,81,10168,-9536,8440,-45,127,-151,-14348,4704,3072,-770,121,-49,-14684,-2352,6364,-511,127,-131,0
3749.4291689395905,10456,4336,11260,-111,-33,82,9944,-9600,8224,-15,128,-195,-14640,4788,3264,-1046,118,-33,-14588,-2464,5952,-509,160,-139,0
3749.464228153229,10436,4324,11140,-122,-44,93,10204,-9268,8288,-38,104,-217,-14376,4668,3172,-1023,94,-107,-14796,-2420,6272,-501,136,-121,0
3749.499558925628,10516,4300,11280,-103,-31,88,9924,-9288,8144,-30,155,-175,-14700,4700,3252,-1040,113,-41,-14572,-2456,6280,-494,127,-138,0
3749.5346100330353,10532,4384,11212,-164,-23,103,10016,-9504,8292,-27,119,-159,-14564,4668,3224,-1048,106,-87,-14600,-2340,6224,-494,115,-114,0
3749.5706090927124,10512,4424,11172,-136,-54,86,10012,-9584,8444,-2,125,-155,-14608,4636,3056,-1054,123,-72,-14652,-2532,6280,-496,127,-138,0
3749.604077100754,10432,4260,11148,-139,-21,96,9996,-9596,8284,-28,143,-157,-14548,4724,3236,-1038,76,-29,-14596,-2524,6308,-498,109,-123,0
3749.6375460624695,10436,4384,11316,-134,-36,95,9896,-9520,8260,-40,99,-176,-14800,4672,3160,-1019,90,-50,-14632,-2484,6300,-517,120,-169,0
3749.671066045761,10624,4400,11272,-116,-17,70,9988,-9628,8312,-37,125,-190,-14812,4836,3088,-1018,81,-91,-14588,-2484,6140,-521,122,-181,0
3749.7045540809627,10416,4436,11352,-101,-62,91,10032,-9532,8128,-33,128,-191,-14592,4664,3100,-1025,122,-60,-14684,-2428,6168,-504,127,-142,0
3749.7378880977626,10508,4444,11048,-91,-78,77,9984,-9580,8236,-256,134,-160,-14552,4676,3248,-1016,80,-81,-14656,-2436,6176,-474,152,-133,0
3749.771435022354,10384,4488,11160,-150,-77,94,9920,-9540,8236,-39,119,-189,-14628,4704,3344,-975,66,-39,-14716,-2308,6212,-480,145,-124,0
3749.8051841259003,10472,4420,11120,-128,-75,126,10268,-9452,8084,-39,182,-150,-14656,4672,3280,-1011,71,-21,-14700,-2432,6344,-490,135,-164,0
3749.8385710716243,10452,4276,11100,-165,-71,93,9760,-9688,8104,-25,137,-172,-14628,4720,3116,-888,-14,-58,-14616,-2340,6180,-504,158,-171,0
3749.8719861507416,10392,4444,11212,-119,-61,89,10004,-9468,8356,-253,154,-160,-14468,4656,3312,-982,38,-75,-14844,-2544,6280,-485,121,-116,0
3749.9054391384125,10400,4472,11360,-151,-101,97,9896,-9492,8372,-42,185,-148,-14652,4676,3092,-988,18,-25,-14660,-2424,6368,-470,130,-127,0
3749.93871808052,10472,4420,11132,-177,-36,83,9904,-9544,8416,-17,245,-125,-14612,4564,3260,-983,80,-69,-14632,-2520,6316,-472,119,-143,0
3749.9724209308624,10432,4428,11188,-159,-66,86,9920,-9572,8248,-255,156,-140,-14524,4752,3252,-1012,23,-41,-14644,-2456,6320,-482,114,-152,0
3750.005905151367,10404,4380,11484,-154,-14,109,10152,-9512,8436,-31,152,-146,-14580,4696,3280,-945,51,-49,-14740,-2532,6240,-496,69,-134,0
3750.039587020874,10724,4352,11232,-177,-28,67,9952,-9560,8232,-16,159,-167,-14616,4708,3200,-1010,76,-56,-14620,-2516,6176,-496,137,-134,0
3750.0730171203613,10432,4488,11268,-168,-28,104,9872,-9672,8232,-35,151,-160,-14764,4692,3316,-1042,63,-46,-14532,-2424,6280,-487,151,-152,0
3750.1067130565643,10356,4096,11320,-149,-56,91,9944,-9608,8228,-8,133,-180,-14620,4796,3148,-1046,116,-82,-14608,-2452,6392,-492,151,-130,0
3750.140111923218,10688,4424,11348,-129,-57,118,9856,-9616,8212,-18,140,-203,-14644,4824,3240,-770,113,-119,-14688,-2492,6260,-478,140,-122,0
3750.173691034317,10452,4352,11228,-182,-46,141,9948,-9432,8240,-9,126,-174,-14600,4692,3168,-1042,120,-125,-14624,-2556,6356,-483,160,-129,0
3750.2072751522064,10476,4368,11252,-152,-79,107,9920,-9424,8252,-11,144,-173,-14564,4664,3224,-1045,122,-104,-14648,-2536,6320,-481,160,-131,0
3750.240828037262,10476,4428,11200,-193,-20,117,9948,-9512,8444,-20,150,-184,-14656,4684,3204,-1280,77,-19,-14588,-2452,6260,-476,168,-104,0
3750.2743630409245,10348,4480,11280,-259,-69,120,9904,-9568,8400,-11,195,-205,-14840,4672,3136,-979,78,-103,-14724,-2348,6264,-434,158,-96,0
3750.3080689907074,10252,4424,11308,-298,-132,141,9928,-9576,8440,-64,166,-229,-14672,4624,3324,-939,83,-149,-14452,-2484,6324,-471,128,-93,0
3750.3415329456334,10264,4468,11176,-308,-175,122,9940,-9632,8332,-52,96,-507,-14680,4792,3248,-978,91,-136,-14720,-2508,6232,-477,136,-110,0
3750.374895095825,10376,4416,11124,-276,-160,137,9924,-9468,8368,-86,80,-242,-14580,4656,3288,-956,152,-84,-14552,-2552,6288,-479,139,-87,0
3750.4082219600677,10396,4376,11152,-235,-151,145,9928,-9540,8272,-119,74,-232,-14516,4660,3124,-977,162,-146,-14644,-2432,6264,-523,190,-76,0
3750.4418461322784,10416,4364,11364,-268,-153,159,9960,-9500,8188,-46,96,-211,-14368,4660,3308,-996,144,-171,-14668,-2456,6156,-483,127,-60,0
3750.4753811359406,10248,4388,11220,-283,-100,157,10220,-9476,8228,-78,108,-183,-14360,4696,3316,-976,167,-159,-14764,-2476,6192,-482,158,-32,0
3750.508996009826,10532,4372,11024,-307,-73,167,10012,-9544,8312,-13,124,-166,-14612,4684,3248,-771,200,-89,-14736,-2556,6380,-440,169,-74,0
3750.54263305664,10356,4404,11080,-321,-92,141,10108,-9520,8400,-35,133,-223,-14820,4740,3324,-1042,153,-94,-14824,-2796,6224,-451,183,-84,0
3750.5762231349945,10356,4364,11220,-339,-153,123,10028,-9620,8380,-54,138,-233,-14636,4740,3256,-965,98,-133,-14672,-2412,6248,-435,184,-67,0
3750.6131761074066,10720,4340,11164,-288,-183,116,9956,-9476,8292,-33,109,-211,-14724,4748,3068,-986,106,-148,-14720,-2416,6228,-445,171,-102,0
3750.6488399505615,10460,4108,11356,-509,-171,110,10180,-9588,8276,-23,165,-504,-14520,4664,3080,-990,94,-115,-14740,-2336,6160,-474,152,-104,0
3750.684256076813,10264,4220,11200,-295,-147,117,9804,-9516,8056,-54,114,-208,-14784,4788,3200,-1016,142,-92,-14736,-2404,6236,-453,153,-67,0
3750.7206881046295,10252,4188,11480,-275,-145,167,9980,-9436,8252,5,118,-184,-14612,4672,3260,-1018,139,-132,-14632,-2476,6376,-448,139,-78,0
3750.757080078125,10428,4168,11420,-292,-140,192,9896,-9412,8200,-25,112,-179,-14640,4352,3252,-1001,157,-116,-14672,-2396,6208,-462,187,-67,0
3750.7919509410854,10412,4312,11152,-3,-149,157,9992,-9584,8356,-13,90,-218,-14616,4656,3312,-989,141,-153,-14712,-2456,6276,-484,192,-78,0
3750.8279249668126,10612,4324,11036,-242,-193,142,9976,-9376,8208,-22,116,-251,-14684,4736,3300,-965,80,-98,-14692,-2528,6192,-459,213,-118,0
3750.8629550933842,10576,4312,11220,-239,-179,96,9916,-9448,8252,-39,134,-230,-14708,4672,3080,-972,95,-65,-14796,-2448,5888,-472,176,-113,0
3750.8991160392766,10608,4280,11356,-210,-96,87,9912,-9480,8204,-33,142,-205,-14840,4380,3276,-935,86,-133,-14696,-2424,6204,-462,187,-109,0
3750.934459924698,10524,4244,11300,-180,-85,97,9936,-9556,7944,-34,142,-200,-14616,4644,3116,-938,49,-62,-14656,-2412,6208,-471,174,-121,0
3750.9701890945435,10488,4264,11136,-146,-84,103,9992,-9540,8272,-11,176,-137,-14560,4640,3288,-967,47,-66,-14740,-2336,6228,-455,157,-106,0
3751.0051691532135,10616,4316,11480,-140,-33,109,10016,-9224,8220,3,147,-158,-14640,4828,3324,-984,117,-41,-14668,-2404,6276,-447,165,-96,0
3751.0412230491634,10344,4296,11064,-156,-66,112,10080,-9600,8380,246,158,-180,-14828,4700,3208,-1035,80,-72,-14700,-2444,6216,-455,162,-109,0
3751.0773780345917,10472,4196,11168,-151,-21,88,9812,-9560,8260,252,150,-153,-14692,4644,3220,-1055,91,-50,-14696,-2396,6248,-489,131,-151,0
3751.1125380992894,10432,4232,11152,-130,-7,79,9732,-9728,8264,9,178,-154,-14688,4744,3420,-1059,92,-53,-14624,-2456,6144,-512,164,-145,0
3751.148141145706,10580,4304,11100,-141,-11,89,10008,-9540,8312,-14,134,-162,-14816,4612,3176,-1044,76,-77,-14624,-2424,6144,-486,122,-134,0
3751.1835150718694,10524,4268,11168,-198,-17,102,9884,-9564,8228,-28,154,-192,-14560,4844,3348,-993,82,-33,-14628,-2468,6388,-473,94,-145,0
3751.2193191051483,10368,4300,11036,-151,-30,52,10036,-9572,8288,-72,162,-186,-14716,4748,3344,-992,41,-36,-14728,-2404,6296,-490,105,-168,0
3751.2551960945134,10496,4276,11196,-205,-27,71,9944,-9628,8320,-256,157,-164,-14616,4704,3124,-1051,26,-35,-14600,-2540,6248,-767,150,-124,0
3751.2886090278625,10512,4352,11016,-130,35,93,10028,-9236,8360,-62,68,-159,-14628,4360,3192,-1107,117,-81,-14696,-2476,6184,-506,59,-143,0
3751.3221700191493,10528,4336,11364,-82,-22,45,10224,-9280,8004,-30,127,-182,-14600,4380,3108,-1010,160,-73,-14668,-2420,6292,-263,113,-158,0
3751.3558070659637,10676,4232,11104,-130,-4,73,10088,-9588,8332,253,100,-153,-14580,4732,3224,-1115,112,-16,-14636,-2432,6236,-522,76,-143,0
3751.3891000747685,10608,4252,11236,-141,77,75,10052,-9576,8272,-13,86,-123,-14384,4576,3372,-1098,91,-51,-14680,-2504,6216,-573,52,-159,0
3751.4225549697876,10528,4300,11184,-99,48,63,9764,-9516,8332,-41,164,-117,-14820,4624,3168,-1034,55,-65,-14776,-2548,6224,-482,48,-167,0
3751.4562270641322,10276,4420,11132,-134,13,70,9748,-9472,8332,-50,124,-161,-14660,4700,3240,-1007,62,-64,-14664,-2500,5936,-532,68,-175,0
3751.4897329807286,10444,4532,11244,-126,255,87,10208,-9552,8340,-22,135,-138,-14532,4576,3340,-1045,92,-63,-14388,-2520,6320,-536,135,-148,0
3751.5233781337733,10456,4300,11196,-67,-7,96,10204,-9516,8304,-10,97,-186,-14368,4672,3260,-771,82,-61,-14656,-2556,6240,-536,161,-167,0
3751.5571501255035,10528,4352,11396,-86,-11,103,9920,-9560,7944,-44,80,-174,-14508,4668,3176,-1016,81,-52,-14660,-2452,6272,-516,115,-171,0
3751.5906190872192,10736,4324,11244,-122,-41,91,9916,-9556,8192,-3,132,-175,-14848,4772,3176,-774,121,-78,-14588,-2496,6324,-492,137,-123,0
3751.6240170001984,10504,4268,11088,-102,-6,118,9808,-9624,8232,246,122,-158,-14688,4752,3132,-1042,98,-65,-14672,-2552,6236,-508,118,-165,0
3751.6574170589442,10316,4356,11332,-105,-253,105,9744,-9528,8340,-33,106,-163,-14564,4752,3240,-1017,36,-44,-14684,-2588,6284,-536,151,-151,0
3751.6908810138702,10420,4404,11172,-107,-45,114,10044,-9636,8296,-64,145,-130,-14612,4740,3312,-979,78,-29,-14628,-2572,6268,-489,145,-124,0
3751.724540948868,10368,4472,11212,-109,-55,105,9952,-9536,8212,-28,141,-155,-14840,4660,3252,-987,66,-59,-14452,-2484,6188,-484,146,-143,0
3751.758136987686,10532,4312,11260,-125,-50,110,9984,-9572,8260,-40,177,-181,-14616,4660,3128,-970,21,-103,-14692,-2456,6232,-465,224,-129,0
3751.7917201519012,10456,4360,11132,-150,-68,90,10128,-9580,8380,-26,212,-136,-14468,4704,3208,-1008,20,-42,-14600,-2452,6228,-470,199,-112,0
3751.8251121044163,10408,4400,10828,-171,-58,111,9944,-9552,8200,10,165,-159,-14412,4616,3072,-992,35,-26,-14620,-2500,6344,-450,193,-121,0
3751.8588111400604,10460,4416,11096,-177,-79,120,10036,-9588,8252,13,192,-183,-14552,4680,3232,-993,85,-95,-14640,-2572,6232,-451,168,-99,0
3751.8918049335484,10532,4360,11432,-178,-38,114,9844,-9540,8312,-12,144,-162,-14356,4688,3108,-969,108,-101,-14792,-2480,6192,-507,132,-130,0
3751.9254701137543,10436,4228,11344,-200,-63,100,10172,-9672,8204,-6,127,-164,-14776,4624,3188,-1017,84,-43,-14636,-2424,6208,-489,140,-165,0
3751.9589791297913,10412,4408,11232,-172,-19,108,10028,-9704,8180,28,170,-148,-14796,4648,3288,-1007,85,-72,-14620,-2540,6156,-478,99,-133,0
3751.9922289848323,10412,4412,11132,-165,-19,79,10060,-9516,8356,-65,148,-159,-14568,4616,3256,-771,71,-59,-14640,-2500,6160,-473,160,-130,0
3752.025763988496,10436,4344,11184,-180,-30,84,10052,-9264,8236,-36,245,-136,-14456,4684,3316,-1064,127,-85,-14612,-2512,6180,-491,135,-126,0
3752.059184074402,10392,4424,10948,-164,-240,97,10164,-9704,8300,-14,163,-150,-14416,4568,3156,-1036,88,-26,-14584,-2568,6320,-479,89,-133,0
3752.0928189754486,10372,4392,11388,-198,-19,112,9964,-9540,8304,-18,194,-156,-14820,4680,3248,-1003,100,-17,-14688,-2524,6188,-464,127,-113,0
3752.1266889572144,10324,4404,11312,-204,-13,105,9892,-9592,8300,-32,172,-154,-14572,4796,3168,-977,110,-90,-14676,-2396,6284,-492,112,-105,0
3752.1600339412694,10320,4404,11200,-190,-25,104,9956,-9568,8352,-37,130,-151,-14596,4748,3488,-1019,163,-144,-14592,-2516,6188,-503,130,-120,0
3752.1935129165654,10292,4424,11200,-227,-47,113,9956,-9540,8352,-5,155,-173,-14528,4672,3076,-1062,138,-142,-14576,-2536,6284,-462,134,-92,0
3752.2272450923924,10700,4452,11408,-221,-52,128,9960,-9612,8472,-35,117,-214,-14604,4688,3356,-1066,164,-88,-14660,-2488,6232,-506,146,-103,0
3752.2605259418483,10372,4372,11236,-3,-84,102,9904,-9580,8184,-55,161,-215,-14676,4684,3256,-990,159,-140,-14532,-2528,6160,-487,164,-92,0
3752.298602104187,10344,4352,11332,-256,-94,126,9936,-9676,8344,-45,137,-236,-14480,4720,3244,-953,139,-113,-14704,-2496,6300,-465,174,-92,0
3752.3338770866394,10424,4324,11432,-282,-117,131,9884,-9552,8312,-45,132,-215,-14584,4648,3400,-981,111,-139,-14636,-2616,6348,-444,166,-70,0
3752.3694560527806,10348,4392,11480,-294,-103,117,9956,-9564,8232,-37,143,-221,-14604,4780,3184,-935,126,-91,-14812,-2436,6328,-466,164,-79,0
3752.4050459861755,10240,4376,11344,-302,-146,135,9904,-9556,8196,-60,149,-262,-14656,4536,3272,-978,100,-192,-14808,-2512,5904,-449,217,-113,0
3752.4408249855046,10428,4348,11128,-304,-189,118,10008,-9500,8468,-37,192,-254,-14800,4688,2832,-957,153,-143,-14652,-2332,6384,-475,198,-97,0
3752.4771621227264,10576,4116,11140,-503,-184,142,10176,-9600,7972,-13,73,-239,-14596,4856,3128,-1061,148,-101,-14704,-2492,6080,-435,212,-39,0
3752.51251912117,10644,4100,11228,-336,-217,176,9968,-9536,8420,-26,142,-243,-14652,4640,3304,-1035,181,-175,-14624,-2516,6344,-466,185,-68,0
3752.548080921173,10488,4580,11316,-278,-189,140,10016,-9520,8424,-22,167,-224,-14600,4656,3368,-993,120,-116,-14708,-2436,6048,-470,184,-68,0
3752.5833709239964,10540,4424,11028,-294,-174,155,9764,-9484,8380,-59,132,-218,-14596,4656,3316,-965,111,-104,-14688,-2460,6212,-475,153,-68,0
3752.61820602417,10536,4416,11144,-303,-180,153,9992,-9520,8168,-40,156,-194,-14736,4656,3236,-962,74,-89,-14680,-2768,6284,-480,164,-86,0
3752.654340028762,10372,4336,10776,-302,-194,140,9740,-9476,8252,-12,160,-196,-14564,4840,3304,-964,92,-142,-14840,-2448,6204,-437,172,-99,0
3752.689767122268,10708,4320,11172,-267,-199,134,9904,-9500,8264,-43,141,-232,-14572,4684,3120,-908,98,-132,-14580,-2432,6204,-449,192,-88,0
3752.7252430915833,10552,4312,11112,-301,-221,147,9972,-9540,8108,-25,136,-242,-14612,4680,3052,-936,112,-133,-14732,-2316,6300,-407,200,-48,0
3752.7611689567566,10516,4168,11196,-279,-214,158,9956,-9548,8204,10,140,-190,-14720,4664,3188,-1002,131,-62,-14568,-2484,6332,-449,159,-102,0
3752.7971620559692,10456,4364,11156,-259,-103,132,10000,-9464,8340,-19,189,-217,-14664,4736,3236,-991,69,-59,-14768,-2500,6232,-459,141,-155,0
3752.8321950435643,10592,4232,11012,-214,-100,105,9952,-9628,8240,-26,84,-181,-14632,4616,3260,-958,123,-89,-14604,-2388,6252,-526,137,-73,0
3752.8685319423676,10544,4276,11128,-112,-86,108,10024,-9484,8156,-49,80,-211,-14576,4600,3196,-982,115,-99,-14800,-2396,6196,-480,146,-105,0
3752.903485059738,10628,4224,11060,-142,-28,87,10000,-9624,8256,-14,184,-184,-14664,4740,3116,-1055,82,-92,-14688,-2428,6032,-263,175,-161,0
3752.939440011978,10640,4292,11264,-111,-20,66,10044,-9492,8420,10,182,-173,-14836,4856,3036,-1043,118,-75,-14700,-2512,6304,-466,160,-165,0
3752.9731409549713,10552,4248,11156,-132,-255,63,9872,-9476,8348,9,149,-178,-14680,4608,3192,-1059,115,-91,-14780,-2484,6248,-474,155,-117,0
3753.006623983383,10536,4596,11172,-89,27,83,9920,-9724,8380,36,150,-183,-14584,4740,3152,-1051,112,-91,-14600,-2484,6260,-489,173,-128,0
3753.040099143982,10288,4240,11168,-119,26,93,9940,-9624,8268,-15,149,-177,-14652,4568,3168,-1076,128,-67,-14808,-2344,6232,-487,111,-142,0
3753.073671102524,10552,4284,11216,-122,-25,93,9984,-9628,8324,-31,90,-157,-14596,4644,3184,-1082,137,-55,-14596,-2524,6544,-516,100,-119,0
3753.1069900989532,10428,4276,11092,-118,-9,77,10204,-9540,8292,-13,151,-157,-14840,4636,3308,-1060,164,-85,-14608,-2508,6272,-484,77,-166,0
3753.140340089798,10508,4240,11428,-150,-41,90,10020,-9512,8208,-18,112,-169,-14412,4624,3192,-1082,105,-28,-14632,-2436,6236,-557,99,-158,0
3753.1761050224304,10444,4324,11196,-79,4,76,9736,-9636,8264,-28,139,-153,-14376,4708,3124,-1055,120,-54,-14640,-2500,6240,-507,99,-141,0
3753.2097380161285,10520,4308,11224,-105,-23,89,9928,-9612,8424,-27,126,-184,-14420,4576,3312,-1031,165,-54,-14740,-2420,6148,-494,118,-141,0
3753.2434561252594,10432,4604,11296,-100,-29,78,10080,-9444,8004,-40,111,-176,-14580,4564,3108,-1037,119,-62,-14712,-2464,6272,-463,123,-114,0
3753.2771821022034,10540,4540,11120,-100,-28,118,9832,-9460,8348,-77,78,-155,-14604,4616,3212,-1013,138,-75,-14684,-2380,6152,-533,115,-141,0
3753.3104710578923,10720,4292,11080,-135,-12,113,10044,-9620,8400,-29,102,-162,-14644,4664,3332,-1095,75,-36,-14544,-2552,6304,-514,89,-117,0
3753.3440420627594,10572,4316,11456,-109,-250,103,9972,-9680,8252,-74,119,-114,-14748,4632,3220,-1067,104,-236,-14700,-2528,6248,-527,77,-141,0
3753.377634048462,10628,4464,11444,-125,-19,84,10000,-9568,8288,-38,136,-138,-14536,4664,3176,-1096,61,-9,-14848,-2444,6248,-518,72,-114,0
3753.4109671115875,10468,4212,11168,-144,-2,84,9936,-9468,8416,-12,136,-137,-14372,4576,3120,-1039,75,-84,-14588,-2544,6140,-509,109,-133,0
3753.4445970058446,10496,4096,11116,-99,-254,83,9864,-9556,8272,-7,107,-118,-14828,4680,3076,-1027,97,229,-14560,-2572,6300,-475,95,-159,0
3753.4781780242924,10456,4312,11412,-142,-256,100,9952,-9500,8344,-32,123,-161,-14632,4384,3320,-986,53,-33,-14668,-2524,6336,-456,130,-149,0
3753.5117621421814,10320,4348,11264,-128,-48,82,9924,-9496,8392,-75,165,-164,-14600,4692,3156,-938,33,-44,-14508,-2484,6324,-488,148,-145,0
3753.545367002487,10416,4380,11104,-121,-71,66,9904,-9496,8320,-81,185,-182,-14692,4768,3328,-942,38,-48,-14604,-2416,6196,-481,162,-169,0
3753.5789370536804,10472,4372,11324,-110,-69,111,10028,-9540,8444,-246,136,-193,-14480,4648,3256,-991,49,-111,-14584,-2456,6296,-499,191,-125,0
3753.6125440597534,10380,4436,11204,-132,-80,111,10184,-9560,8208,25,160,-169,-14648,4772,3324,-1068,60,-101,-14672,-2484,6152,-464,189,-134,0
3753.650424003601,10468,4408,11512,-161,-77,100,10060,-9508,8268,18,150,-144,-14676,4708,3332,-1252,97,-58,-14704,-2488,6296,-484,174,-129,0
3753.684513092041,10456,4392,11220,-115,-71,121,9944,-9440,8312,248,60,-153,-14484,4668,3096,-1034,99,-56,-14740,-2612,5984,-457,149,-82,0
3753.718117952346,10496,4428,11032,-141,-77,135,9968,-9392,8228,0,130,-147,-14388,4824,3228,-1272,111,-71,-14692,-2560,6304,-463,129,-108,0
3753.7517030239105,10432,4384,11120,-156,-38,105,9900,-9476,8400,-38,143,-158,-14800,4856,3300,-989,76,-72,-14664,-2508,6280,-463,99,-104,0
3753.7852251529694,10536,4508,11228,-190,-68,117,10076,-9448,8352,-102,141,-142,-14608,4772,3140,-958,113,-31,-14616,-2508,6412,-488,142,-78,0
3753.818722963333,10420,4468,11148,-196,-43,154,9964,-9532,8404,-93,104,-153,-14584,4632,3308,-958,99,-23,-14652,-2540,6212,-488,130,-101,0
3753.8524270057683,10392,4328,11108,-172,-65,156,9868,-9500,8280,-76,110,-163,-14660,4632,3316,-997,149,-48,-14644,-2412,6284,-495,116,-105,0
3753.8858540058136,10520,4336,11164,-184,-63,124,9892,-9632,8228,-41,120,-151,-14532,4812,3200,-1038,120,-81,-14612,-2476,6148,-532,129,-101,0
3753.919070959091,10384,4372,11336,-143,-43,115,9884,-9684,8332,26,191,-126,-14648,4808,3156,-1255,123,-98,-14656,-2440,6308,-500,145,-138,0
3753.954869031906,10432,4260,11316,-103,-34,107,10024,-9608,8284,14,120,-201,-14800,4712,3240,-1049,108,-116,-14640,-2500,6336,-490,165,-143,0
3753.9907450675964,10468,4260,11240,-142,-49,58,10020,-9664,8216,44,158,-235,-14664,4664,3236,-1025,47,-123,-14636,-2480,6264,-491,155,-178,0
3754.026054143905,10420,4388,11132,-167,-39,15,9920,-9508,8204,48,187,-231,-14580,4716,3104,-1008,60,-131,-14588,-2608,6232,-462,141,-146,0
3754.062297105789,10240,4428,11332,-171,-25,12,9968,-9520,8440,-53,226,-239,-14704,4668,3324,-988,10,-153,-14712,-2764,6292,-437,145,-226,0
3754.0980660915375,10276,4424,11172,-201,-17,-44,9756,-9532,8240,-5,248,-13,-14636,4680,3216,-976,-23,-101,-14648,-2476,6272,-428,133,-221,0
3754.133520126343,10312,4364,11132,-208,37,-38,9948,-9544,8380,4,231,-218,-14552,4732,3184,-1042,-10,-112,-14452,-2540,6192,-474,145,-201,0
3754.1698989868164,10360,4452,11196,-211,-4,10,9944,-9584,8244,7,179,-228,-14540,4628,3184,-1014,58,-140,-14648,-2616,5928,-476,138,-154,0
3754.2052590847015,10416,4452,11040,-197,-46,32,9956,-9220,8328,23,173,-243,-14676,4704,3120,-1015,108,-114,-14632,-2496,6216,-463,187,-113,0
3754.2410740852356,10420,4476,11224,-182,-54,74,9968,-9536,8380,29,143,-234,-14584,4688,3348,-1003,100,-160,-14404,-2492,6240,-493,221,-93,0
3754.2771010398865,10356,4464,11192,-264,-119,116,9920,-9348,8372,28,150,-4,-14392,4564,3120,-1012,126,-127,-14380,-2804,6304,-485,231,-68,0
3754.3122129440308,10348,4516,11116,-236,-148,135,9896,-9504,8308,254,121,-265,-14348,4624,3092,-1012,163,-167,-14692,-2628,6252,-454,236,-75,0
3754.3480751514435,10488,4472,11240,-265,-157,130,9904,-9220,8392,-50,135,-254,-14652,4628,2936,-966,151,-159,-14640,-2572,6172,-444,225,-82,0
3754.38307595253,10268,4436,11308,-267,-198,109,9988,-9588,8268,-28,105,-294,-14644,4656,3252,-1257,181,-179,-14724,-2536,6192,-454,195,-98,0
3754.4183719158173,10532,4396,11156,-286,-189,114,9920,-9520,8216,-40,132,-266,-14616,4648,3164,-999,205,-142,-14716,-2420,6220,-429,163,-101,0
3754.4541151523595,10476,4148,11048,-270,-183,148,10044,-9580,8428,-26,88,-6,-14652,4728,3280,-1017,185,-162,-14628,-2456,6184,-440,183,-106,0
3754.4897539615627,10540,4284,11216,-242,-218,109,9992,-9476,8044,-33,129,-273,-14632,4504,3220,-1041,150,-217,-14996,-2448,6264,-465,201,-140,0
3754.525223016739,10548,4408,11380,-231,-190,87,10024,-9588,8368,14,168,-243,-14732,4664,3320,-769,107,-157,-14712,-2560,6200,-472,201,-157,0
3754.5608611106873,10596,4400,11120,-216,-219,82,10024,-9496,8424,-11,130,-262,-14612,4392,3496,-771,81,-153,-14700,-2552,6336,-474,179,-128,0
3754.5986850261684,10288,4404,11180,-238,-181,115,9932,-9612,8340,6,136,-236,-14568,4508,2828,-1024,119,-152,-14416,-2500,6160,-460,152,-117,0
3754.6320910453796,10444,4520,11328,-232,-185,129,9888,-9448,8384,-2,138,-237,-14592,4540,3240,-1040,112,-153,-14504,-2544,5912,-476,211,-87,0
3754.6655139923096,10264,4556,11468,-243,-161,152,9900,-9452,8436,-23,124,-233,-14472,4564,3312,-970,125,-112,-14672,-2576,6212,-486,168,-94,0
3754.6990470886235,10532,4368,11008,-240,-186,139,10232,-9708,8432,-44,102,-215,-14664,4812,3180,-949,99,-116,-14604,-2568,6152,-494,142,-103,0
3754.7327051162724,10604,4432,11336,-245,-185,131,9996,-9708,8304,-31,103,-215,-14808,4548,3464,-1007,87,-132,-14592,-2492,6228,-469,176,-106,0
3754.7660019397736,10456,4380,11284,-213,-167,110,9948,-9720,8392,-33,112,-213,-14380,4480,3272,-957,114,-101,-14816,-2788,6380,-453,188,-123,0
3754.7998020648956,10492,4440,11192,-228,-154,115,10072,-9380,8280,-51,116,-229,-14836,4360,3284,-962,116,-78,-14664,-2456,6140,-455,205,-96,0
3754.8333261013036,10520,4364,11008,-174,-132,134,10000,-9432,8304,-60,105,-186,-14700,4516,3192,-979,91,-81,-14716,-2464,6272,-456,175,-68,0
3754.8669381141663,10660,4360,11032,-158,-79,121,10124,-9388,8188,-19,139,-136,-14624,4628,3308,-995,60,-50,-14408,-2484,5896,-454,154,-118,0
3754.9004530906677,10528,4268,11244,-174,251,100,9772,-9388,8364,-28,180,-133,-14704,4564,3128,-995,54,-55,-14596,-2404,6184,-448,120,-100,0
3754.9336941242213,10508,4348,11240,-192,6,72,10048,-9428,8356,1,183,-165,-14676,4840,3096,-1006,83,0,-14700,-2436,6216,-465,139,-104,0
3754.9672460556026,10488,4340,11220,-161,250,92,10080,-9708,8208,-14,144,-170,-14692,4544,3156,-1022,85,-74,-14760,-2452,6248,-445,151,-121,0
3755.0006799697876,10480,4280,11256,-182,-31,65,9744,-9444,8428,13,158,-161,-14612,4548,3236,-1079,58,-96,-14576,-2400,6148,-498,149,-155,0
3755.034166097641,10512,4316,11272,-156,-20,81,10036,-9480,8044,20,133,-185,-14540,4568,3264,-1058,59,-56,-14564,-2456,6156,-502,140,-153,0
3755.0676479339604,10412,4360,11320,-143,-26,61,9912,-9436,8328,-4,125,-177,-14584,4668,3200,-1031,79,-43,-14592,-2476,6224,-508,122,-143,0
3755.1013989448547,10536,4320,11196,-159,-21,66,10008,-9488,8348,-9,158,-145,-14516,4672,3396,-1047,105,-68,-14360,-2748,6224,-477,157,-114,0
3755.134665966034,10396,4408,11128,-167,-24,86,10024,-9432,8420,-21,155,-138,-14664,4580,3476,-769,108,-100,-14576,-2572,6008,-495,177,-132,0
3755.1681909561157,10452,4352,11096,-132,-51,82,10236,-9244,8440,-67,93,-161,-14620,4584,3260,-1009,105,-65,-14724,-2488,6256,-502,98,-140,0
3755.2015500068665,10492,4372,11272,-119,-45,81,10120,-9568,8244,-91,131,-187,-14664,4652,3120,-983,60,-52,-14692,-2432,6120,-477,110,-159,0
3755.2351310253143,10568,4596,11360,-191,-87,59,10092,-9568,8420,-25,120,-189,-14692,4584,3176,-1068,93,-73,-14364,-2412,6144,-500,129,-131,0
3755.268849134445,10436,4460,11172,-116,-25,87,9924,-9324,8384,-6,115,-180,-14636,4620,3192,-1048,151,-56,-14628,-2476,6188,-503,110,-164,0
3755.302447080612,10436,4576,11100,-56,-49,61,10044,-9520,8268,-65,96,-189,-14724,4620,3400,-1066,120,-74,-14744,-2524,6188,-544,107,-148,0
3755.3359000682826,10564,4356,11268,-103,-8,66,9968,-9728,7988,-20,107,-156,-14608,4416,3224,-1068,71,-59,-14716,-2476,6168,-565,59,-169,0
3755.369434118272,10500,4364,11244,-71,31,71,10040,-9420,8300,-7,119,-104,-14344,4668,3112,-1041,111,-2,-14724,-2512,6120,-522,55,-152,0
3755.4029331207275,10408,4380,11136,-89,44,86,9960,-9420,8428,-32,112,-130,-14712,4536,3384,-1063,85,-11,-14848,-2492,6252,-517,80,-160,0
3755.436793088913,10448,4428,11076,-92,24,78,10068,-9520,8492,-33,133,-150,-14632,4568,3308,-1277,66,-62,-14660,-2784,6264,-518,86,-145,0
3755.470030069351,10596,4464,11324,-106,-13,75,9980,-9592,8212,-30,128,-151,-14624,4640,3440,-1015,69,-83,-14620,-2500,6292,-551,87,-191,0
3755.5036079883575,10340,4460,11348,-68,-23,54,9892,-9448,8336,-33,126,-215,-14572,4544,3352,-1014,42,-72,-14348,-2384,6144,-497,134,-169,0
3755.5372841358185,10380,4484,11184,-102,-42,55,9940,-9240,8340,-65,154,-202,-14584,4620,3208,-771,83,-53,-14556,-2536,6180,-487,130,-172,0
3755.5708301067352,10480,4544,11136,-113,-94,67,9856,-9320,8252,-42,143,-220,-14524,4736,3224,-1002,89,-69,-14596,-2540,6320,-486,169,-138,0
3755.6043729782104,10536,4436,11392,-118,-74,96,10056,-9404,8340,3,134,-190,-14628,4508,3256,-1277,60,-85,-14604,-2808,6280,-503,152,-166,0
3755.640746116638,10420,4432,11152,-84,-41,83,9984,-9220,8280,-20,165,-185,-14580,4400,3196,-1023,49,-44,-14716,-2748,6384,-538,122,-167,0
3755.6771929264078,10472,4484,11384,-65,-34,62,9740,-9440,8356,-18,126,-170,-14652,4832,3200,-983,60,-54,-14680,-2636,6152,-481,139,-172,0
3755.712198972702,10404,4464,11084,-137,-39,86,10236,-9492,8368,-12,141,-172,-14672,4432,3208,-991,63,-57,-14632,-2316,6204,-473,156,-168,0
3755.7474620342255,10448,4508,11148,-144,-38,71,10012,-9716,8380,5,173,-181,-14380,4496,3284,-975,43,-45,-14600,-2588,6164,-470,191,-147,0
3755.783457040786,10444,4544,11108,-160,-78,74,9992,-9240,8432,-251,195,-168,-14344,4640,3556,-957,66,-85,-14724,-2556,6300,-486,182,-106,0
3755.8192789554596,10420,4540,11108,-132,-43,104,9904,-9508,8440,-6,148,-205,-14380,4656,3136,-959,92,-62,-14696,-2636,6192,-456,180,-133,0
3755.8550069332123,10540,4548,10976,-152,-109,93,9940,-9460,8392,-8,140,-191,-14680,4620,3240,-802,15,-32,-14380,-2652,6480,-443,188,-136,0
3755.890289068222,10492,4612,11340,-150,-52,107,10012,-9428,8380,-29,140,-182,-14372,4688,3568,-986,101,-68,-14656,-2604,6148,-484,151,-138,0
3755.925899028778,10492,4580,11100,-194,-25,96,10004,-9520,8360,-39,163,-161,-14580,4616,3228,-1010,108,-76,-14824,-2796,6320,-494,130,-117,0
3755.9612970352173,10440,4508,11136,-193,-38,96,10236,-9528,8240,-39,165,-157,-14648,4644,3344,-1024,63,-47,-14720,-2800,6176,-477,100,-106,0
3755.9977359771733,10440,4508,11484,-212,-29,108,9884,-9720,8312,-17,149,-164,-14600,4684,3164,-1012,67,-46,-14724,-2624,6240,-492,140,-121,0
3756.032560110092,10440,4516,11332,-236,-51,82,9736,-9472,8328,-34,161,-193,-14480,4664,3456,-1005,66,-101,-14584,-2568,6128,-497,166,-127,0
3756.0682380199432,10444,4548,11156,-234,-108,71,9956,-9488,8344,-57,157,-234,-14660,4616,3324,-966,35,-124,-14620,-2692,6276,-441,165,-134,0
3756.1035079956055,10420,4576,11204,-282,-119,69,9916,-9452,8196,-59,162,-263,-14600,4672,3408,-951,88,-100,-14584,-2680,6236,-441,162,-118,0
3756.1397790908813,10428,4500,11392,-302,-99,90,9920,-9472,8292,-130,167,-244,-14344,4568,3344,-939,85,-112,-14752,-2596,6260,-452,105,-118,0
3756.1749911308293,10740,4512,11036,-300,-132,84,9804,-9532,8440,-165,181,-211,-14368,4748,3300,-935,5,-54,-14604,-2448,6240,-438,97,-111,0
3756.2106609344482,10364,4504,11224,-359,-83,118,9944,-9500,8328,-99,143,-155,-14520,4680,3096,-970,82,-101,-14740,-2604,6172,-475,124,-106,0
3756.246046066284,10352,4432,11056,-307,-71,122,9940,-9412,8380,-120,154,-179,-14676,4632,3356,-956,107,-98,-14680,-2588,6220,-474,179,-93,0
3756.28404712677,10392,4460,11484,-349,-166,152,9884,-9532,8248,-70,142,-221,-14548,4600,3156,-967,165,-122,-14704,-2504,6232,-453,183,-46,0
3756.317430019378,10468,4368,11172,-321,-204,186,9976,-9368,8400,-76,119,-201,-14644,4652,3396,-1021,151,-118,-14644,-2488,6112,-462,207,-108,0
3756.351037979126,10372,4416,10840,-314,-192,205,10092,-9552,8188,-81,135,-167,-14608,4544,3260,-971,92,-83,-14584,-2664,6196,-499,117,-92,0
3756.3844289779663,10244,4356,11496,-278,-125,163,10020,-9492,8396,-77,195,-164,-14808,4620,3100,-988,104,-66,-14760,-2792,6068,-475,106,-79,0
3756.4178171157837,10484,4420,11200,-243,-117,146,10016,-9276,8428,-49,159,-165,-14824,4616,3384,-982,85,-123,-14676,-2500,6212,-493,159,-135,0
3756.4512360095973,10416,4380,11456,-248,-162,159,9980,-9556,8384,-26,130,-178,-14584,4764,3364,-1014,71,-121,-14652,-2548,6308,-543,139,-126,0
3756.4848210811615,10428,4604,11228,-202,-86,156,9824,-9500,8264,-28,145,-132,-14492,4684,3216,-1010,61,-134,-14516,-2616,6288,-559,143,-137,0
3756.5181519985204,10404,4360,11364,-173,-111,168,9840,-9292,8288,14,158,-182,-14348,4704,3200,-1056,105,-101,-14752,-2448,6372,-537,168,-106,0
3756.5517790317535,10592,4236,11164,-171,-152,156,9804,-9552,8280,22,142,-156,-14848,4692,3284,-1035,81,-125,-14636,-2788,6160,-538,179,-94,0
3756.5853641033173,10580,4120,11148,-165,-181,169,9988,-9544,8388,34,146,-152,-14640,4648,3380,-1015,66,-141,-14720,-2664,6276,-519,190,-129,0
3756.6186380386353,10240,4460,10804,-133,-158,151,9768,-9548,8376,43,171,-130,-14808,4696,3344,-1014,98,-116,-14652,-2560,6128,-621,170,-163,0
3756.6516959667206,10488,4416,11040,-58,-159,158,10004,-9560,8280,-17,107,-165,-14560,4568,3256,-959,127,-133,-14372,-2596,6308,-531,173,-143,0
3756.6869671344757,10476,4408,11080,-59,-135,136,9764,-9468,8208,-20,135,-150,-14652,4744,3508,-1013,-249,-83,-14724,-2568,6068,-555,161,-172,0
3756.720256090164,10632,4456,11080,-80,-15,90,9968,-9380,8420,-36,176,-49,-14824,4744,3164,-916,-19,70,-14672,-2488,6320,-670,-14,-163,0
3756.753816127777,10432,4404,11088,-27,114,140,9948,-9496,8360,-50,117,-3,-14616,4652,3084,-969,86,82,-14564,-2476,6020,-568,-24,-146,0
3756.7873950004578,10464,4356,11204,-70,85,169,9764,-9388,8424,15,155,-39,-14552,4660,3148,-1015,101,-4,-14620,-2452,6196,-520,85,-106,0
3756.8208451271053,10520,4364,11092,-84,42,156,9744,-9476,8352,-14,147,-75,-14664,4516,3388,-996,108,-31,-14532,-2640,6068,-509,64,-132,0
3756.8542799949646,10460,4424,11080,-96,-16,100,9952,-9508,8136,-79,167,-135,-14692,4708,3172,-971,110,-23,-14536,-2636,6156,-541,110,-148,0
3756.8874859809875,10732,4412,10760,-105,-51,84,10064,-9564,8252,-34,245,-100,-14712,4560,3492,-1017,43,-49,-14620,-2600,6084,-527,144,-190,0
3756.9208030700684,10672,4488,10864,-49,-43,58,9980,-9416,8432,-15,3,-168,-14540,4584,3224,-1018,73,-150,-14620,-2592,6036,-496,185,-195,0
3756.9543530941014,10444,4488,11104,-48,-113,85,9976,-9500,8192,-16,208,-193,-14608,4672,3188,-1056,92,-121,-14364,-2616,6168,-558,205,-166,0
3756.987811088562,10248,4540,11124,-40,6,44,9896,-9408,8260,-7,178,-119,-14676,4856,3204,-1005,32,1,-14628,-2668,6276,-538,44,-135,0
3757.0212421417236,10296,4576,11456,-67,83,88,9876,-9424,8236,-24,151,-37,-14836,4628,3368,-1070,51,38,-14696,-2620,6292,-527,-27,-138,0
3757.0547959804535,10692,4468,11108,-117,71,110,9768,-9536,8192,-84,222,29,-14600,4652,3196,-967,137,47,-14524,-2676,6356,-596,-24,-153,0
3757.0882859230046,10376,4456,11244,-84,23,151,9864,-9500,8292,-124,42,-81,-14528,4632,3352,-970,175,-33,-14632,-2580,6176,-567,48,-66,0
3757.1217110157013,10528,4476,11220,-111,-14,216,9892,-9580,8436,-88,0,-102,-14568,4640,3544,-947,194,43,-14624,-2556,6328,-518,16,-75,0
3757.154855012893,10484,4536,11208,-153,85,158,9872,-9276,8272,-120,52,-59,-14512,4740,3200,-909,214,79,-14608,-2628,6240,-530,-10,-33,0
3757.1885309219365,10708,4440,11184,-159,48,173,9852,-9512,8436,-133,54,-50,-14716,4676,3428,-1010,86,5,-14596,-2548,6248,-586,46,-83,0
3757.2218499183655,10372,4388,11032,-123,70,144,9904,-9588,8352,-57,69,-35,-14504,4772,3144,-1052,171,241,-14808,-2456,6228,-632,27,-65,0
3757.2554869651794,10468,4388,11160,-86,75,207,9912,-9620,8396,-29,81,-22,-14612,4640,3324,-1176,121,54,-14640,-2708,6236,-523,21,-59,0
3757.2891340255733,10396,4508,11316,-193,101,164,9940,-9548,8368,-26,119,-7,-14716,4764,3516,-1081,134,50,-14608,-2688,6260,-516,-1,-81,0
3757.3260481357574,10344,4484,11052,-168,70,155,9776,-9524,8404,-74,129,-103,-14484,4684,3300,-978,177,-248,-14388,-2712,6320,-538,90,-90,0
3757.3620810508723,10380,4480,11108,-112,-27,130,9820,-9608,8368,-93,50,-165,-14516,4844,3088,-991,173,-29,-14504,-2648,6272,-500,161,-49,0
3757.3978540897374,10368,4568,11048,-190,-31,142,9876,-9488,8472,-108,-54,-238,-14836,4532,3288,-962,244,-35,-14348,-2672,6144,-409,160,29,0
3757.4333131313324,10272,4856,11204,-245,-108,156,9896,-9480,8292,-87,-87,-324,-14628,4832,3500,-936,304,-128,-14644,-2524,6300,-332,213,248,0
3757.4687349796295,10436,4444,11496,-275,-192,151,9864,-9660,8292,-68,-21,-308,-14768,4772,3340,-903,240,-69,-14648,-2804,6332,-450,239,-61,0
3757.5040380954742,10464,4560,11492,-158,-171,151,10072,-9708,8196,-74,24,-223,-14704,4628,3464,-939,180,-158,-14532,-2688,6268,-464,191,-170,0
3757.539358139038,10428,4568,11172,-157,-145,23,10036,-9532,8036,-46,203,-282,-14596,4764,3340,-954,66,-170,-14520,-2680,6644,-420,181,-252,0
3757.5750510692596,10328,4492,11208,-196,-155,-55,9788,-9524,8296,-9,205,-373,-14540,4852,3080,-927,38,-225,-14652,-2616,6288,-336,207,-508,0
3757.6106979846954,10256,4656,11256,-270,-80,-90,9816,-9412,8680,-124,305,-314,-14684,4824,3320,-846,-29,-140,-14840,-2776,6312,-416,165,-248,0
3757.6459751129146,10416,4560,11016,-229,-180,-64,9892,-9528,8344,-77,228,-301,-14564,4700,3348,-905,14,-99,-14636,-2524,6216,-465,233,-199,0
3757.6818931102753,10496,4544,11148,-168,-131,35,9884,-9476,8176,-3,212,-223,-14548,4800,2968,-941,111,-75,-14588,-2420,6340,-433,179,-108,0
3757.7177789211273,10260,4428,11128,-205,-131,120,9952,-9468,8236,3,113,-226,-14440,4852,3268,-965,172,-37,-14632,-2456,6376,-336,146,-64,0
3757.7528109550476,10368,4516,11204,-239,-50,104,9876,-9684,8312,-21,103,-197,-14580,4852,3392,-955,161,-7,-14624,-2432,6564,-460,124,-78,0
3757.7881050109863,10300,4432,11276,-164,-26,127,9880,-9580,8332,-82,146,-114,-14624,4932,3212,-772,162,-250,-14604,-2516,6272,-528,90,-76,0
3757.8236780166626,10464,4436,11064,-163,-9,125,9968,-9688,8200,-32,132,-127,-14380,4792,3132,-1263,126,-37,-14632,-2456,6176,-538,84,-75,0
3757.859172105789,10468,4504,11016,-110,-19,161,9796,-9520,8268,-19,88,-146,-14584,4800,3100,-1102,184,-38,-14344,-2596,6224,-518,65,-40,0
3757.8938620090485,10732,4492,11236,-186,38,173,10184,-9584,8352,23,93,-82,-14660,4792,3224,-1004,112,-252,-14848,-2652,6216,-462,78,-102,0
3757.9296510219574,10476,4568,11348,-186,62,117,10040,-9628,8444,-4,127,-64,-14776,4692,3156,-1079,75,-43,-14344,-2616,6456,-514,113,-148,0
3757.9665310382843,10356,4536,11236,-192,-253,120,10216,-9544,8636,-19,237,-124,-14612,4664,3192,-996,75,-119,-14580,-2600,6296,-516,176,-160,0
3757.9997360706334,10432,4432,11020,-153,-108,112,9912,-9428,8380,13,14,-150,-14564,4672,3256,-1116,74,-149,-14608,-2628,6328,-518,214,-143,0
3758.033257961273,10420,4684,11100,-191,-104,76,9864,-9464,8464,253,277,-178,-14432,4532,3368,-770,75,-109,-14596,-2696,6360,-445,135,-134,0
3758.0668821334843,10416,4852,11152,-257,253,68,9532,-9472,8456,-38,288,-164,-14580,4716,3396,-994,124,-107,-14620,-2648,6444,-459,102,-53,0
3758.1003930568695,10324,4856,11336,-276,-256,149,9920,-9528,8268,-62,57,-147,-14556,4872,3276,-1041,127,230,-14612,-2576,6316,-531,44,-72,0
3758.1336619853973,10460,4472,11168,-178,-38,205,9912,-9680,8316,-18,76,-123,-14620,5008,2872,-1140,70,-45,-14560,-2612,6288,-545,42,-130,0
3758.1672019958496,10380,4512,11504,-188,37,139,9828,-9620,8320,-22,217,-59,-14480,4684,3104,-1122,24,-39,-14656,-2600,6296,-554,21,-146,0
3758.2014269828796,10416,4448,11180,-177,25,152,9800,-9624,8252,-82,184,-96,-14528,4780,3300,-1064,59,-36,-14632,-2456,6492,-560,84,-111,0
3758.2349460124974,10400,4332,11028,-230,-38,149,9808,-9700,8060,-72,135,-146,-14632,4856,3396,-1127,94,-93,-14580,-2520,6576,-498,144,-112,0
3758.268733024597,10424,4452,11352,-175,-50,165,9880,-9520,8340,-15,135,-139,-14508,4576,3092,-1048,204,-121,-14364,-2560,6268,-468,190,-92,0
3758.302181959152,10484,4468,11044,-5,-200,187,9920,-9500,8180,-55,86,-284,-14836,4384,3312,-1278,208,-209,-14500,-2600,6076,-360,335,-65,0
3758.3354840278625,10344,4384,11024,-358,-280,118,9888,-9276,8396,-12,157,-329,-14564,4576,3392,-1040,139,-199,-14640,-2516,6280,-368,302,-115,0
3758.3692619800563,10332,4424,11100,-333,-147,41,9844,-9468,8396,-254,282,-209,-14560,4688,3164,-957,57,-178,-14572,-2672,6296,-378,169,-165,0
3758.4024429321294,10476,4544,11148,-376,-122,43,9716,-9456,8468,-16,343,-188,-14588,4576,3256,-1062,-66,-197,-14348,-2736,6296,-347,281,-181,0
3758.436150074005,10300,4500,11304,-346,-164,-54,9856,-9616,8540,-5,341,-258,-14660,4884,3368,-1091,-186,-143,-14780,-2728,6388,-442,151,-327,0
3758.469870090484,10448,4448,11196,-151,20,-105,9844,-9748,8636,23,368,-153,-14532,4860,3180,-899,-83,-37,-14756,-2476,6416,-515,46,-200,0
3758.50308394432,10524,4484,11444,-193,27,66,9848,-9704,8384,-47,172,-130,-14584,4800,3128,-948,31,-51,-14560,-2408,6168,-545,174,-88,0
3758.5366821289062,10372,4300,11140,-113,-128,158,9912,-9684,8116,9,171,-170,-14560,4640,3112,-1074,161,-193,-14492,-2528,6188,-458,275,-147,0
3758.570050954818,10252,4280,11024,-44,-143,94,9896,-9492,8200,145,252,-240,-14520,4564,3344,-1152,103,-13,-14584,-2520,6224,-415,409,-148,0
3758.6034729480743,10480,4504,11120,-126,-127,63,9844,-9396,8320,50,134,-311,-14544,4684,3272,-1110,124,-173,-14644,-2560,6220,-424,418,-18,0
3758.641926050186,10480,4544,11204,-172,-81,154,9760,-9564,8296,11,13,-257,-14712,4576,3148,-1049,266,-130,-14640,-2528,6180,-357,509,-33,0
3758.6758971214294,10476,4400,11184,-157,-86,152,10064,-9240,8424,52,71,-214,-14700,4632,3120,-1090,190,-158,-14612,-2680,6196,-382,247,-69,0
3758.7093579769135,10524,4560,11172,-212,-46,100,10004,-9488,8652,-35,208,-194,-14692,4676,3408,-1057,48,-85,-14708,-2552,6256,-468,182,-138,0
3758.7428901195526,10348,4452,11056,-243,254,27,9828,-9564,8488,42,190,-141,-14844,4844,3548,-1081,-26,-51,-14572,-2536,6376,-499,87,-209,0
3758.7765719890594,10384,4592,11176,-112,99,15,9780,-9600,8356,46,189,-137,-14496,4728,3220,-1045,-41,-21,-14520,-2640,6628,-504,69,-198,0
3758.809970140457,10380,4476,11284,-104,132,7,9764,-9612,8512,-5,202,-138,-14556,4744,3340,-1075,-33,-68,-14532,-2620,6460,-499,103,-213,0
3758.8436210155483,10328,4504,11288,-81,33,14,9708,-9624,8524,18,167,-208,-14516,4628,3368,-1031,-11,-149,-14528,-2544,6176,-509,153,-190,0
3758.877341032028,10276,4576,11324,-41,-47,39,9948,-9440,8380,4,141,-228,-14456,4632,3212,-1043,132,-187,-14600,-2648,6132,-474,228,-130,0
3758.910557985306,10324,4604,11156,-91,-118,75,9864,-9416,8464,-60,39,-304,-14788,4488,3312,-1054,190,-202,-14644,-2496,6056,-411,280,-86,0
3758.9440250396733,10508,4460,11192,-132,-149,72,9988,-9540,8580,-34,99,-356,-14648,4508,3184,-1000,121,-201,-14780,-2436,6180,-428,302,-177,0
3758.9774010181427,10540,4524,11184,-178,-155,15,10052,-9500,8328,1,126,-311,-14620,4572,3396,-1053,52,-184,-14636,-2320,6236,-450,237,-197,0
3759.0139899253845,10524,4456,11204,-167,-54,-12,9888,-9436,8272,12,161,-243,-14624,4632,3504,-1050,48,-145,-14836,-2628,6348,-437,157,-170,0
3759.050323009491,10380,4412,11364,-165,36,-13,9868,-9528,8504,16,172,-205,-14636,4732,3440,-1015,31,-77,-14684,-2624,6268,-424,107,-190,0
3759.0855319499974,10316,4552,11028,-139,25,-33,9924,-9432,8404,-14,101,-1,-14552,4648,3100,-1069,93,-120,-14556,-2640,6360,-428,139,-179,0
3759.1210911273956,10436,4608,11232,-173,29,29,9812,-9520,8484,-37,154,-202,-14444,4724,3560,-1058,124,-55,-14584,-2636,6324,-427,158,-115,0
3759.1570971012115,10324,4560,11292,-173,-249,112,9736,-9540,8544,-15,108,-149,-14528,4584,3116,-1111,129,-26,-14728,-2532,6312,-488,75,-80,0
3759.1919701099396,10388,4480,11200,-185,42,162,9888,-9564,8440,-75,114,-75,-14632,4700,3364,-1054,139,20,-14740,-2692,6360,-491,33,-87,0
3759.227397918701,10396,4516,11232,-214,58,203,9976,-9540,8272,-10,117,-56,-14544,4696,3368,-1065,160,-1,-14344,-2668,6356,-481,53,-104,0
3759.2638249397282,10264,4584,11028,-177,-5,129,9956,-9444,8436,-44,147,-146,-14664,4488,3536,-1013,142,-95,-14536,-2728,6188,-484,175,-152,0
3759.299270153045,10384,4624,11272,-181,-103,59,9968,-9472,8472,-27,170,-235,-14628,4812,3536,-1028,96,-149,-14636,-2656,6280,-449,237,-134,0
3759.3345530033116,10380,4560,11120,-173,-129,67,9804,-9400,8452,-48,135,-244,-14680,4844,3404,-1007,91,-127,-14692,-2584,6308,-491,188,-157,0
3759.369497060776,10336,4600,11176,-159,-111,94,9876,-9412,8616,-48,113,-220,-14480,4636,3200,-994,126,-55,-14616,-2536,6332,-475,149,-81,0
3759.4060821533203,10332,4616,11184,-164,-69,122,9876,-9568,8292,-60,49,-190,-14580,4644,3356,-1003,147,-26,-14616,-2528,6228,-477,103,-76,0
3759.4418630599976,10384,4396,11316,-157,-29,150,9856,-9600,8244,-40,55,-154,-14592,4820,3260,-1062,152,-11,-14548,-2564,6304,-503,91,-69,0
3759.4777431488037,10412,4436,11516,-165,-40,155,9912,-9504,8376,-25,28,-120,-14356,4684,3128,-1040,136,-15,-14664,-2720,6300,-262,90,-70,0
3759.512864112854,10348,4416,11272,-163,-29,167,9980,-9640,8292,7,102,-118,-14804,4580,3284,-1040,148,-96,-14556,-2768,6260,-485,123,-128,0
3759.5485630035405,10264,4360,11096,-199,-75,127,9940,-9388,8460,-15,159,-172,-14696,4604,3416,-1008,96,-102,-14516,-2776,6176,-441,159,-151,0
3759.58349609375,10408,4636,11256,-200,-86,59,9956,-9508,8352,-50,228,-225,-14704,4452,3440,-941,11,-161,-14680,-2572,6328,-450,179,-162,0
3759.6194541454315,10392,4552,11084,-321,-88,54,9908,-9464,8388,30,203,-205,-14688,4576,3340,-988,58,-124,-14756,-2652,6192,-420,194,-128,0
3759.6547470092773,10324,4552,11184,-279,-93,79,9852,-9428,8484,-56,191,-215,-14660,4440,3432,-975,65,-116,-14612,-2672,6212,-401,225,-118,0
3759.6883039474483,10344,4860,11272,-270,-223,109,9896,-9448,8676,-85,169,-11,-14676,4736,3256,-942,66,-124,-14732,-2524,6268,-457,186,-132,0
3759.7218070030212,10360,4472,11116,-287,-201,123,9816,-9428,8380,-23,160,-204,-14340,4712,3484,-987,39,-100,-14636,-2532,6384,-441,202,-101,0
3759.7554049491882,10360,4476,11116,-282,-112,155,9888,-9536,8372,-35,161,-155,-14492,4636,3328,-979,48,-74,-14540,-2604,6308,-451,116,-104,0
3759.789113998413,10164,4380,11300,-306,-138,164,9752,-9568,8520,-8,158,-154,-14548,4688,3560,-959,70,-83,-14520,-2500,6304,-462,135,-90,0
3759.8224520683293,10404,4404,11268,-309,-128,186,9848,-9536,8636,33,141,-171,-14780,4596,3112,-996,100,-107,-14676,-2600,6224,-458,185,-104,0
3759.8559980392456,10348,4416,11196,-302,-199,178,9892,-9560,8400,61,144,-178,-14584,4628,3232,-1054,100,-150,-14588,-2528,6168,-484,210,-99,0
3759.889286994934,10384,4472,11184,-270,-209,189,9928,-9360,8448,32,144,-210,-14592,4352,3328,-1068,143,-165,-14612,-2580,6148,-482,201,-58,0
3759.9228699207306,10332,4536,11256,-291,-268,182,10160,-9488,8404,-5,100,-252,-14560,4576,3560,-1077,155,-109,-14652,-2580,6436,-456,227,-67,0
3759.956553936004,10356,4476,11492,-333,-245,162,9788,-9536,8224,16,122,-238,-14452,4360,3564,-1045,151,-126,-14384,-2368,6556,-458,193,-78,0
3759.99003791809,10428,4416,11080,-333,-194,158,9948,-9724,8472,29,146,-220,-14576,4580,3300,-1056,142,-145,-14772,-2368,6208,-458,184,-80,0
3760.0232939720154,10516,4436,11148,-314,-215,131,9856,-9428,8484,-248,172,-221,-14804,4352,3316,-1278,104,-159,-14616,-2672,6264,-443,187,-102,0
3760.056730031967,10416,4364,11200,-315,-212,122,9956,-9728,8344,-16,172,-235,-14668,4844,3424,-999,100,-145,-14684,-2380,6224,-467,164,-125,0
3760.0903110504155,10536,4420,11208,-270,-217,126,9936,-9224,8456,-4,150,-215,-14800,4376,3096,-1030,56,-69,-14372,-2624,6264,-478,193,-111,0
3760.1239969730373,10468,4476,11088,-277,-192,120,9828,-9704,8208,251,143,-227,-14496,4584,3264,-1043,118,-112,-14824,-2748,5892,-466,182,-96,0
3760.157392978668,10424,4444,11140,-190,-115,138,9820,-9440,8236,-2,109,-220,-14604,4764,3564,-1056,183,-104,-14600,-2524,6136,-489,188,-88,0
3760.1910591125493,10472,4416,11180,-162,-140,158,9912,-9388,8348,-19,70,-219,-14624,4664,3268,-1028,206,-134,-14636,-2568,6144,-493,168,-94,0
3760.2243230342865,10568,4448,11128,-64,-28,127,9992,-9432,8280,-26,77,-173,-14704,4364,3360,-1011,94,-13,-14720,-2528,6128,-537,65,-144,0
3760.2578599452972,10632,4596,11164,-129,33,60,10056,-9664,8660,4,138,-151,-14624,4636,3496,-1100,-18,-16,-14648,-2556,5916,-506,84,-197,0
3760.291372060776,10496,4504,11232,-223,24,58,9832,-9508,8408,65,408,-53,-14600,4544,3080,-986,89,-79,-14344,-2616,6576,-434,78,-118,0
3760.3251519203186,10416,4444,11284,-208,39,83,9788,-9724,8584,-91,135,-169,-14588,4468,3460,-1041,145,-108,-14608,-2528,6380,-437,143,-104,0
3760.3586809635162,10540,4472,11236,-189,-76,67,9916,-9420,8440,-50,121,-208,-14772,4528,3308,-1044,166,-56,-14820,-2528,6176,-458,120,-138,0
3760.3922719955444,10492,4464,11172,-162,-71,91,9668,-9508,8568,-78,89,-208,-14540,4628,3360,-1051,144,-23,-14552,-2540,6240,-518,143,-138,0
3760.4255459308624,10332,4536,11180,-121,-47,111,9812,-9328,8352,-64,109,-150,-14524,4616,3380,-1058,191,-62,-14596,-2580,6232,-257,109,-127,0
3760.4591550827026,10460,4476,11196,-79,-6,110,9908,-9256,8532,-117,69,-171,-14520,4820,3136,-999,146,-99,-14392,-2488,6076,-535,109,-97,0
3760.4926681518555,10568,4508,11100,-58,-30,84,9912,-9420,8492,-94,72,-172,-14652,4552,3308,-1009,116,-73,-14728,-2452,6304,-510,98,-129,0
3760.526098012924,10548,4472,11232,-93,-32,95,9960,-9424,8452,-29,110,-177,-14816,4584,3092,-1042,115,-31,-14652,-2748,5924,-548,154,-142,0
3760.55980205536,10268,4420,11220,-47,252,80,9924,-9468,8380,-52,76,-181,-14584,4848,3484,-1040,131,-16,-14712,-2604,6240,-509,141,-118,0
3760.5934031009674,10588,4460,11044,-88,-1,102,10020,-9468,8244,-55,78,-182,-14608,4684,3112,-997,139,-67,-14664,-2460,6232,-510,140,-136,0
3760.6271460056305,10444,4416,11232,-93,1,93,9732,-9644,8200,-46,107,-160,-14648,4704,3300,-1003,124,-100,-14584,-2488,6336,-258,124,-134,0
3760.6604039669037,10268,4380,11184,-76,-21,88,9960,-9388,8312,-245,130,-154,-14596,4548,3384,-1029,85,-74,-14656,-2552,6244,-501,122,-163,0
3760.698189973831,10420,4520,11220,-118,255,90,9932,-9448,8364,-28,173,-173,-14724,4356,3076,-1002,32,-15,-14584,-2728,6256,-475,99,-197,0
3760.7336690425873,10288,4516,11216,-129,-6,34,9884,-9520,8404,-47,155,-186,-14512,4808,3408,-976,8,-94,-14652,-2596,6312,-471,111,-191,0
3760.7691810131073,10520,4432,11276,-148,-10,31,9812,-9672,8296,-42,187,-171,-14624,4368,3552,-974,34,-85,-14624,-2520,6168,-482,135,-182,0
3760.804516077041,10352,4500,11156,-139,-47,34,9872,-9396,8428,-18,183,-196,-14540,4528,3364,-972,59,-109,-14792,-2660,6224,-471,175,-158,0
3760.8401930332184,10428,4376,11464,-142,-74,61,9900,-9424,8420,-22,133,-213,-14580,4608,3452,-934,83,-71,-14344,-2540,6300,-454,191,-137,0
3760.875082015991,10384,4600,11208,-184,-105,71,9948,-9436,8512,-19,113,-245,-14636,4552,3380,-978,104,-95,-14612,-2332,6240,-404,213,-135,0
3760.910968065262,10428,4556,11192,-166,-80,108,9820,-9460,8412,-7,110,-210,-14620,4692,3452,-1002,85,-79,-14720,-2432,6300,-471,210,-136,0
3760.9462029933934,10472,4568,11248,-187,-96,91,9840,-9420,8408,7,143,-176,-14520,4584,3276,-1279,90,-50,-14640,-2648,6248,-479,152,-90,0
3760.9822809696198,10412,4528,11304,-169,-41,104,9936,-9532,8700,-34,116,-176,-14732,4500,3392,-1017,116,-79,-14736,-2808,6232,-498,122,-131,0
3761.0185000896454,10748,4512,11464,-195,-43,93,9844,-9488,8392,-15,148,-158,-14716,4648,3316,-1006,126,-21,-14612,-2564,6168,-501,131,-102,0
3761.0532281398773,10416,4480,11184,-152,-39,123,9924,-9472,8320,-24,89,-161,-14556,4500,3212,-1059,122,-36,-14552,-2496,6196,-506,136,-120,0
3761.0887839794163,10420,4504,11172,-171,-52,148,9844,-9528,8104,-60,109,-144,-14400,4832,3232,-996,152,-55,-14524,-2520,6264,-501,107,-114,0
3761.124305009842,10516,4544,11256,-168,-36,107,10060,-9528,8680,-45,157,-154,-14692,4636,3196,-965,138,-93,-14620,-2572,6168,-454,133,-115,0
3761.1595461368565,10352,4440,11092,-211,-61,128,9924,-9496,8420,-36,151,-144,-14628,4404,3336,-1011,83,-36,-14664,-2720,6352,-491,154,-149,0
3761.194738149643,10456,4516,11224,-195,-86,107,9880,-9420,8224,-28,175,-178,-14584,4508,3136,-1009,102,-83,-14612,-2604,6228,-495,145,-126,0
3761.230224132538,10352,4612,11220,-157,-14,67,9804,-9500,8452,-32,149,-187,-14580,4824,3304,-1055,92,-59,-14696,-2580,6296,-486,157,-122,0
3761.2650201320644,10344,4560,11248,-196,-38,89,9840,-9344,8508,-20,161,-182,-14492,4584,3344,-1014,136,-110,-14512,-2640,6200,-461,150,-93,0
3761.3006169795995,10460,4600,11124,-153,-37,112,9844,-9520,8448,-41,106,-193,-14576,4684,3244,-1051,155,-72,-14684,-2604,6044,-484,140,-88,0
3761.3369619846344,10332,4548,11160,-156,-37,142,9856,-9400,8656,-41,121,-149,-14384,4636,3564,-1034,161,-110,-14352,-2800,6300,-498,150,-100,0
3761.3704850673676,10332,4848,11392,-166,-58,119,9884,-9452,8420,-47,95,-146,-14416,4620,3428,-1053,155,-48,-14696,-2368,6320,-480,118,-98,0
3761.4039061069493,10408,4588,11476,-221,-30,75,9916,-9508,8396,-20,135,-151,-14588,4852,3436,-1022,83,-70,-14616,-2564,6372,-500,105,-95,0
3761.437412977218,10436,4492,11236,-235,-51,114,9732,-9620,8612,-16,141,-173,-14676,4672,3272,-1020,102,-112,-14608,-2792,6272,-486,132,-84,0
3761.47081208229,10428,4456,11144,-241,-61,116,9888,-9532,8384,-21,129,-213,-14632,4660,3192,-1022,96,-131,-14692,-2724,6280,-477,165,-103,0
3761.5041451454163,10352,4556,11284,-235,-139,109,9928,-9524,8484,-54,137,-222,-14784,4656,3328,-978,82,-93,-14600,-2584,6252,-469,192,-108,0
3761.53768491745,10348,4488,11060,-294,-129,94,9896,-9464,8304,-61,131,-236,-14716,4668,3168,-972,69,-144,-14636,-2552,6640,-453,150,-121,0
3761.5711741447453,10420,4556,11444,-262,-96,113,9812,-9708,8368,-82,172,-221,-14556,4636,3368,-980,91,-139,-14684,-2568,6236,-454,129,-102,0
3761.604696035385,10348,4452,11192,-337,-114,128,9844,-9564,8288,-29,139,-207,-14520,4632,3248,-1006,96,-117,-14508,-2396,6368,-449,158,-109,0
3761.6380150318146,10412,4528,11228,-308,-90,159,9884,-9428,8412,-39,159,-171,-14628,4608,3580,-1006,113,-95,-14564,-2812,6472,-418,162,-87,0
3761.671594142914,10312,4540,11448,-336,-166,154,9892,-9524,8632,-50,167,-198,-14684,4584,3408,-977,108,-123,-14800,-2548,6168,-475,179,-87,0
3761.7047550678253,10464,4448,11172,-338,-196,162,9904,-9488,8364,-11,158,-231,-14508,4616,3440,-1015,134,-145,-14600,-2312,6008,-443,206,-99,0
3761.7381811141972,10404,4488,11140,-307,-200,194,9908,-9340,8484,254,97,-208,-14612,4568,3276,-985,110,-105,-14664,-2784,6168,-448,183,-59,0
3761.7716109752655,10404,4548,11304,-312,-180,165,9996,-9456,8684,-60,130,-199,-14552,4576,3492,-955,90,-100,-14724,-2604,6324,-450,141,-94,0
3761.8050749301915,10384,4404,11308,-327,-189,141,9744,-9496,8388,-37,161,-203,-14628,4552,3180,-935,87,-110,-14552,-2612,6188,-428,149,-104,0
3761.838628053665,10456,4436,11092,-309,-197,154,9856,-9436,8420,-18,157,-198,-14604,4472,3300,-914,65,-169,-14688,-2576,6072,-457,187,-112,0
3761.8722219467163,10456,4484,11172,-288,-207,147,9840,-9480,8328,2,139,-230,-14848,4516,3172,-958,90,-132,-14652,-2540,6264,-475,215,-76,0
3761.9052510261536,10732,4388,11256,-278,-203,155,9892,-9232,8328,-6,107,-239,-14820,4592,3356,-958,94,-91,-14608,-2468,6284,-436,176,-110,0
3761.9389460086823,10412,4348,11324,-313,-208,171,10032,-9516,8444,-14,125,-233,-14404,4624,3364,-973,107,-97,-14584,-2556,6172,-469,211,-80,0
3761.9725539684296,10520,4348,11428,-271,-208,144,9924,-9580,8492,-5,147,-234,-14724,4520,3372,-994,146,-168,-14708,-2480,6256,-457,216,-91,0
3762.0059270858765,10420,4332,11172,-244,-178,144,9964,-9420,8312,3,99,-241,-14560,4696,3340,-1011,143,-109,-14652,-2540,6284,-765,185,-71,0
3762.0394809246063,10572,4444,11116,-213,-118,141,9952,-9708,8660,-36,99,-231,-14652,4488,3300,-965,142,-52,-14680,-2568,6396,-466,168,-97,0
3762.0727999210358,10584,4448,11040,-159,-123,99,9964,-9372,8388,-93,147,-207,-14740,4528,3332,-985,127,-126,-14716,-2384,6396,-492,115,-142,0
3762.1060631275172,10564,4412,11128,-146,-69,105,10188,-9720,8400,-15,132,-204,-14632,4676,3204,-772,73,-92,-14688,-2576,6216,-540,155,-159,0
3762.1392960548405,10476,4356,11060,-155,-13,89,9732,-9448,8608,12,136,-176,-14372,4400,3244,-1020,99,-71,-14628,-2516,6192,-482,120,-171,0
3762.1729321479797,10616,4368,11104,-95,-20,61,10016,-9436,8440,-18,136,-203,-14688,4396,3548,-1047,140,-45,-14660,-2492,6296,-488,142,-135,0
3762.206186056137,10476,4476,11228,-139,-8,79,9924,-9400,8568,26,148,-154,-14680,4696,3268,-1062,120,-59,-14652,-2536,6392,-498,129,-135,0
3762.2398149967194,10532,4448,11228,-72,50,111,9920,-9660,8400,11,127,-158,-14552,4552,3240,-1018,114,-54,-14372,-2596,6152,-505,115,-125,0
3762.273344039917,10480,4412,11344,-124,28,112,9952,-9440,8428,-17,178,-126,-14628,4500,3416,-1043,116,-45,-14696,-2784,6292,-488,131,-129,0
3762.3068799972534,10380,4556,11396,-149,-11,95,9924,-9524,8560,-46,126,-156,-14372,4620,3544,-1032,89,-21,-14504,-2644,6320,-508,100,-181,0
3762.3405809402466,10288,4416,11348,-181,246,75,9820,-9376,8496,-53,142,-164,-14640,4648,3520,-990,43,-254,-14596,-2556,6296,-531,72,-166,0
3762.3782711029053,10388,4476,11236,-70,24,62,9900,-9404,8336,-49,135,-147,-14580,4668,3312,-1274,91,-33,-14656,-2548,6312,-519,91,-168,0
3762.4139149188995,10456,4336,11368,-107,12,101,9912,-9408,8376,-58,111,-169,-14448,4668,3228,-1011,96,-48,-14588,-2456,6176,-499,130,-111,0
3762.449499130249,10420,4432,11260,-102,-11,71,9912,-9472,8492,-68,92,-161,-14656,4716,3304,-1063,157,-42,-14644,-2400,6364,-748,140,-106,0
3762.484713077545,10484,4452,11280,-93,-23,130,9924,-9472,8428,-25,109,-143,-14640,4584,3320,-1054,112,-77,-14624,-2464,6168,-527,164,-132,0
3762.5205781459813,10516,4480,11400,-96,-47,92,9904,-9472,8504,-42,81,-157,-14804,4380,3356,-1039,151,-53,-14404,-2492,6232,-515,116,-144,0
3762.5556309223175,10484,4512,11100,-116,-256,115,9936,-9416,8504,-41,110,-151,-14532,4560,3092,-1039,126,-85,-14676,-2516,6248,-513,130,-162,0
3762.59126996994,10444,4460,11124,-93,-16,78,9988,-9456,8212,-41,144,-153,-14688,4372,3364,-1043,125,-54,-14688,-2816,6168,-494,104,-124,0
3762.6262090206146,10360,4384,11476,-123,7,82,9876,-9508,8688,-43,143,-139,-14396,4812,3112,-998,110,-71,-14632,-2616,6256,-513,80,-158,0
3762.6623830795284,10432,4568,11196,-117,-6,80,9936,-9708,8408,-39,137,-140,-14588,4488,3384,-969,47,-21,-14760,-2648,6232,-535,99,-157,0
3762.6981430053706,10444,4444,11164,-102,-13,96,9828,-9412,8220,-28,145,-154,-14560,4584,3276,-1007,39,-116,-14624,-2576,6292,-519,137,-130,0
3762.7332730293274,10440,4420,11196,-116,-45,96,9860,-9684,8476,-42,108,-177,-14616,4624,3280,-1026,110,-30,-14608,-2808,6264,-507,159,-152,0
3762.768835067749,10248,4408,11124,-120,-47,115,9892,-9460,8356,-16,135,-165,-14592,4624,3356,-1013,130,-117,-14552,-2580,6388,-477,155,-163,0
3762.803904056549,10420,4572,11120,-122,-51,102,9928,-9484,8396,-34,103,-173,-14552,4700,3268,-1012,121,-64,-14608,-2604,6236,-503,161,-126,0
3762.8395619392395,10396,4440,11128,-126,-45,102,9904,-9452,8360,-38,111,-173,-14824,4600,3328,-1011,93,-103,-14600,-2532,6240,-505,141,-127,0
3762.8749361038213,10500,4548,11272,-126,-36,123,9872,-9260,8320,-33,142,-154,-14684,4684,3184,-960,87,-77,-14516,-2804,6516,-473,136,-140,0
3762.9108099937444,10356,4452,11224,-174,-27,108,9792,-9220,8320,-39,177,-162,-14776,4832,3560,-986,80,-75,-14612,-2508,6132,-448,142,-142,0
3762.9460809230804,10412,4556,11008,-187,-53,94,9952,-9508,8392,-73,139,-170,-14648,4600,3344,-950,63,-64,-14632,-2492,6240,-471,141,-169,0
3762.981610059738,10672,4516,11388,-218,-72,93,10236,-9400,8500,-252,160,-152,-14508,4684,3080,-1012,55,-29,-14672,-2616,6240,-459,145,-132,0
3763.0169520378113,10252,4372,11372,-165,-13,97,9888,-9468,8440,-26,169,-131,-14584,4852,3408,-1280,80,-77,-14656,-2660,6276,-419,147,-117,0
3763.05051112175,10492,4516,11236,-192,-77,90,9904,-9468,8428,-19,140,-209,-14452,4820,3464,-1008,85,-98,-14700,-2512,6144,-489,163,-113,0
3763.084272146225,10400,4548,11028,-220,-53,102,9936,-9396,8376,-24,142,-168,-14492,4748,3080,-1043,112,-47,-14504,-2584,6236,-486,128,-124,0
3763.1175251007085,10400,4548,11180,-181,-6,112,9840,-9220,8700,-21,166,-137,-14640,4556,3368,-1022,78,-31,-14592,-2656,6300,-498,112,-129,0
3763.1508231163025,10456,4812,11092,-203,-2,118,9976,-9576,8380,-48,172,-153,-14844,4396,3532,-993,85,-80,-14840,-2648,6252,-439,110,-101,0
3763.184329032898,10444,4472,11132,-266,-50,99,9812,-9492,8308,-12,144,-195,-14424,4716,3448,-999,79,-140,-14664,-2516,6168,-448,121,-142,0
3763.2177500724792,10412,4464,11132,-288,-61,93,9840,-9472,8616,-255,146,-200,-14632,4556,3304,-980,76,-117,-14832,-2624,6168,-475,168,-104,0
3763.2512500286102,10456,4480,11228,-247,-117,116,9924,-9264,8420,-56,136,-219,-14592,4592,3396,-957,117,-96,-14576,-2652,6192,-466,159,-91,0
3763.2850179672246,10368,4488,11316,-512,-135,126,9896,-9456,8236,-63,120,-226,-14544,4660,3364,-963,96,-104,-14564,-2560,6120,-463,184,-74,0
3763.3185579776764,10384,4376,11232,-346,-129,116,9848,-9504,8252,-47,167,-233,-14784,4788,3420,-951,105,-134,-14516,-2464,6368,-436,171,-78,0
3763.352170944214,10484,4448,11248,-302,-101,141,9928,-9500,8380,-36,176,-183,-14524,4356,3292,-996,97,-150,-14844,-2580,6256,-447,199,-57,0
3763.3854429721832,10480,4552,11172,-336,-140,139,9952,-9368,8500,-58,152,-203,-14624,4688,3400,-974,118,-140,-14628,-2580,6276,-423,186,-46,0
3763.4187910556793,10492,4432,11204,-317,-168,165,9984,-9720,8248,-67,164,-219,-14592,4672,3200,-936,125,-142,-14580,-2376,6160,-442,208,-37,0
3763.4524631500244,10384,4440,11492,-319,-211,148,9868,-9424,8428,-46,159,-249,-14580,4624,3212,-961,116,-144,-14688,-2368,6352,-447,213,-70,0
3763.4860520362854,10404,4160,11048,-300,-214,155,9852,-9468,8332,-17,131,-252,-14628,4504,3284,-991,109,-179,-14592,-2496,6108,-451,228,-78,0
3763.5197010040283,10748,4444,11228,-309,-206,165,9952,-9316,8364,40,141,-227,-14576,4524,3332,-1007,124,-118,-14632,-2544,6292,-461,197,-103,0
3763.5530059337616,10320,4472,11208,-297,-163,142,9980,-9492,8688,-10,149,-215,-14600,4516,3212,-977,101,-114,-14688,-2580,6296,-438,168,-82,0
3763.5865681171413,10508,4452,11116,-313,-171,145,9996,-9408,8256,-8,95,-237,-14696,4612,3376,-1023,158,-88,-14720,-2476,6120,-481,156,-68,0
3763.620090007782,10300,4524,11184,-267,-132,116,9940,-9448,8380,-33,134,-220,-14672,4708,3192,-1000,115,-122,-14668,-2556,6096,-479,130,-105,0
3763.6559231281285,10544,4328,11204,-262,-125,123,9896,-9492,8504,-17,68,-185,-14628,4812,3268,-1015,115,-120,-14596,-2532,6208,-767,139,-128,0
3763.6899700164795,10420,4416,11252,-178,-79,113,9972,-9440,8372,-51,78,-189,-14544,4536,3240,-771,118,-107,-14600,-2492,6156,-494,121,-115,0
3763.7236340045934,10444,4368,11184,-140,-114,112,9904,-9432,8292,-67,106,-216,-14620,4568,3120,-1009,111,-62,-14696,-2516,6188,-525,142,-127,0
3763.7573089599614,10484,4420,11064,-115,-72,93,9876,-9404,8416,-44,97,-161,-14656,4504,3288,-1051,113,-47,-14720,-2468,6148,-533,127,-143,0
3763.790832042694,10484,4364,11088,-96,16,90,9960,-9448,8220,-26,151,-126,-14680,4728,3340,-1047,86,-58,-14656,-2596,6144,-501,129,-163,0
3763.8242349624634,10496,4364,11220,-90,41,95,9856,-9408,8424,-27,137,-134,-14496,4540,3428,-1040,106,-55,-14612,-2628,6168,-499,92,-141,0
3763.8577110767365,10504,4404,11300,-95,63,101,10188,-9492,8412,-36,114,-144,-14828,4632,3436,-1034,132,-4,-14820,-2516,6216,-510,114,-138,0
3763.8908190727234,10504,4464,11256,-94,10,90,10012,-9424,8664,-29,158,-153,-14848,4596,3172,-1052,81,-42,-14628,-2580,6232,-501,145,-129,0
3763.9244699478154,10420,4532,11084,-101,11,86,9888,-9500,8536,-28,138,-178,-14744,4580,3564,-1026,106,-65,-14532,-2656,6248,-521,138,-125,0
3763.9580159187317,10396,4452,11116,-100,-17,72,9944,-9416,8336,-26,130,-167,-14552,4636,3212,-1279,85,-61,-14624,-2532,6324,-487,118,-141,0
3763.9915781021123,10380,4432,11112,-122,-24,85,9968,-9504,8336,-6,146,-161,-14644,4696,3320,-1046,114,-40,-14648,-2608,6300,-486,130,-163,0
3764.0246651172642,10404,4536,11476,-126,8,35,9828,-9664,8432,-25,148,-151,-14608,4388,3440,-1034,65,-99,-14664,-2324,6364,-505,106,-145,0
3764.0628850460052,10480,4600,11056,-94,35,62,9872,-9388,8400,-17,145,-139,-14612,4580,3408,-1018,63,-37,-14656,-2624,6320,-506,110,-120,0
3764.0981791019444,10288,4456,11220,-93,26,85,9880,-9504,8416,-59,145,-147,-14624,4856,3468,-985,59,-46,-14824,-2544,6380,-484,152,-112,0
3764.1339781284332,10464,4480,11164,-138,-58,118,9968,-9436,8432,-99,144,-153,-14556,4532,3212,-956,128,-18,-14340,-2768,6288,-445,166,-83,0
3764.169492959976,10528,4460,11184,-169,-37,116,9880,-9396,8344,-75,157,-149,-14644,4400,3356,-947,134,-66,-14716,-2544,6252,-451,169,-92,0
3764.204647064209,10480,4540,11180,-144,-25,155,9896,-9420,8460,-60,142,-117,-14668,4636,3328,-954,118,-38,-14596,-2556,6264,-451,137,-113,0
3764.240567922592,10424,4448,11164,-181,-48,149,9828,-9480,8696,-38,150,-152,-14608,4608,3356,-996,72,-14,-14672,-2664,6224,-490,127,-108,0
3764.2754859924316,10728,4484,11244,-181,-29,133,9900,-9508,8408,-44,136,-124,-14700,4640,3400,-986,21,0,-14668,-2560,6272,-503,78,-107,0
3764.3112790584564,10484,4432,11164,-221,-1,87,9824,-9492,8224,-18,178,-111,-14612,4760,3192,-967,4,-69,-14836,-2664,6336,-496,101,-109,0
3764.3474440574646,10320,4484,11268,-216,23,119,9900,-9480,8472,-41,156,-134,-14812,4584,3336,-994,71,-50,-14532,-2632,6344,-450,108,-91,0
3764.382277965545,10312,4536,11504,-302,-138,127,9892,-9520,8412,-53,125,-200,-14636,4632,3316,-963,120,-94,-14560,-2524,6352,-457,174,-93,0
3764.4180519580846,10372,4500,11344,-263,-164,138,9804,-9516,8596,-70,105,-227,-14368,4604,3368,-932,110,-153,-14636,-2584,6272,-504,210,-91,0
3764.4537470340733,10228,4496,11140,-207,-194,190,9876,-9524,8388,-107,117,-203,-14736,4672,3156,-966,158,-78,-14556,-2796,6336,-488,138,-69,0
3764.489648103714,10280,4420,11104,-220,-196,137,9956,-9688,8208,-93,137,-224,-14580,4720,3288,-970,121,-166,-14612,-2536,6284,-484,190,-97,0
3764.5250859260564,10564,4200,11188,-5,-165,155,9956,-9476,8444,-38,176,-223,-14660,4844,3268,-1023,127,-135,-14844,-2448,6316,-493,157,-123,0
3764.5603389739995,10560,4460,11464,-280,-115,101,10140,-9520,8304,-15,125,-211,-14692,4516,3320,-1042,141,-178,-14584,-2488,6108,-502,170,-116,0
3764.5958139896393,10508,4472,11200,-200,-122,140,9952,-9344,8440,-7,113,-202,-14680,4644,3276,-1071,149,-141,-14672,-2752,6228,-497,167,-106,0
3764.6317930221558,10388,4472,11152,-267,-150,152,9908,-9512,8700,-22,126,-224,-14648,4596,3248,-1018,153,-143,-14820,-2764,6192,-488,180,-69,0
3764.6676170825954,10472,4444,11204,-256,-137,151,9896,-9584,8444,-23,99,-227,-14692,4472,3516,-1000,155,-119,-14828,-2372,6176,-473,191,-82,0
3764.703428030014,10240,4456,11172,-245,-152,146,9848,-9712,8244,-36,136,-229,-14568,4648,3096,-1016,112,-126,-14644,-2520,6224,-483,164,-112,0
3764.737025022506,10496,4448,11116,-232,-149,132,9944,-9456,8400,-64,112,-202,-14584,4364,3460,-975,81,-98,-14500,-2628,6232,-491,157,-109,0
3764.7705850601196,10456,4492,11208,-274,-137,115,9828,-9492,8260,-44,99,-200,-14556,4560,3224,-960,112,-144,-14596,-2732,6240,-475,166,-101,0
3764.8042850494385,10308,4404,11184,-214,-111,129,9936,-9456,8288,-47,87,-235,-14652,4564,3160,-969,157,-98,-14704,-2488,6088,-494,161,-101,0
3764.8379600048065,10496,4448,11024,-131,-134,145,10000,-9456,8468,-45,88,-209,-14724,4640,3240,-1010,141,-74,-14664,-2536,6276,-489,157,-82,0
3764.871259927749,10580,4156,11120,-150,-71,117,9920,-9220,8312,-36,105,-192,-14380,4816,3080,-1024,157,-124,-14552,-2520,6280,-461,170,-100,0
3764.9044489860535,10608,4456,11008,-190,-67,115,9864,-9400,8212,-29,118,-208,-14392,4608,3220,-1030,175,-94,-14740,-2468,6196,-456,156,-105,0
3764.938175916672,10500,4448,11124,-155,-43,124,9944,-9560,8384,-43,131,-175,-14712,4420,3128,-1037,120,-51,-14732,-2556,6224,-474,124,-123,0
3764.9718499183655,10528,4096,11056,-147,30,73,10036,-9484,8264,27,154,-130,-14688,4556,3092,-1068,115,-42,-14704,-2548,6224,-480,106,-147,0
3765.005425930023,10252,4448,11012,-121,92,74,9864,-9432,8412,23,141,-116,-14592,4484,3104,-1055,88,-2,-14660,-2584,6180,-445,130,-126,0
3765.038969039917,10244,4380,11280,-146,35,51,9908,-9512,8684,-44,176,-149,-14640,4572,3192,-1039,31,-55,-14648,-2532,6184,-466,102,-156,0
3765.0725190639496,10384,4424,11256,-172,-4,47,9840,-9696,8216,-23,182,-155,-14576,4688,3292,-1041,26,-46,-14684,-2588,5908,-479,83,-139,0
3765.105991125106,10508,4412,11132,-128,33,55,9924,-9420,8412,7,174,-138,-14560,4568,3428,-1005,30,16,-14680,-2544,6240,-479,68,-172,0
3765.139575004577,10344,4452,11152,-138,43,33,9780,-9468,8500,-29,183,-134,-14348,4544,3452,-979,32,-24,-14608,-2656,6312,-446,100,-160,0
3765.1732721328735,10436,4528,11140,-180,28,47,9936,-9544,8380,-9,173,-151,-14592,4720,3212,-954,61,-69,-14548,-2528,6264,-474,148,-128,0
3765.206936120987,10400,4600,11180,-145,-5,79,9932,-9572,8396,10,179,-169,-14424,4568,3372,-980,64,-122,-14644,-2356,6192,-505,175,-149,0
3765.240499973297,10696,4436,11220,-146,-60,71,9876,-9480,8460,11,153,-168,-14816,4604,3264,-769,79,-99,-14608,-2328,6368,-471,178,-140,0
3765.2738919258118,10720,4420,11120,-105,-55,89,9888,-9712,8432,9,109,-216,-14600,4648,3216,-1065,153,-40,-14676,-2816,6216,-531,147,-149,0
3765.3074569702158,10696,4484,11340,-114,-57,84,9744,-9372,8436,-15,112,-181,-14652,4812,3284,-1044,116,-38,-14668,-2516,6220,-501,120,-132,0
3765.3413140773773,10512,4452,11244,-114,4,86,9844,-9220,8636,-23,133,-144,-14616,4628,3352,-1062,129,-39,-14660,-2568,6192,-767,127,-141,0
3765.374803066253,10384,4520,11300,-102,25,111,9948,-9408,8440,-11,129,-133,-14656,4376,3528,-1070,129,-88,-14844,-2632,6188,-531,130,-126,0
3765.408045053482,10384,4560,11288,-119,-7,126,9872,-9668,8420,-54,120,-151,-14568,4352,3200,-1278,122,-61,-14644,-2684,6156,-483,113,-137,0
3765.4416639804845,10452,4568,11276,-117,-41,115,9940,-9700,8396,-110,130,-150,-14840,4636,3312,-1007,101,-25,-14752,-2520,6144,-501,84,-143,0
3765.4750521183014,10444,4448,11280,-150,-21,60,9892,-9608,8240,-53,231,-138,-14640,4616,3284,-964,92,-81,-14672,-2596,6196,-515,115,-120,0
3765.5086431503296,10324,4472,11220,-119,-37,106,9876,-9444,8292,-2,125,-140,-14508,4648,3268,-1040,122,-104,-14480,-2804,6300,-479,165,-88,0
3765.542146921158,10384,4500,11248,-101,-33,107,9836,-9520,8352,-40,123,-166,-14636,4660,3308,-984,124,-75,-14636,-2380,6296,-489,154,-88,0
3765.5756819248204,10388,4392,11328,-184,-92,119,9840,-9532,8228,-19,143,-197,-14816,4652,3400,-997,64,-68,-14844,-2308,6272,-470,154,-127,0
3765.6091439723973,10340,4500,11224,-181,-55,125,9756,-9704,8656,-9,136,-130,-14380,4512,3116,-999,158,-15,-14732,-2384,6384,-489,76,-93,0
3765.6422040462494,10384,4528,11196,-127,-12,118,9920,-9728,8388,-35,115,-149,-14536,4580,3228,-1054,154,-64,-14588,-2560,6240,-464,124,-130,0
3765.6754579544067,10388,4456,11040,-121,-57,122,9952,-9544,8280,-56,97,-163,-14720,4584,3340,-1062,107,-47,-14660,-2464,6368,-519,103,-150,0
3765.711744070053,10292,4536,11400,-164,-18,119,9812,-9544,8392,-44,131,-187,-14592,4732,3232,-1029,78,-53,-14648,-2632,6204,-526,109,-139,0
3765.7462201118474,10396,4476,11180,-119,-39,80,9888,-9564,8340,-60,125,-151,-14524,4640,3112,-1033,103,-47,-14576,-2592,6232,-518,164,-149,0
3765.7822799682613,10360,4516,11268,-141,-61,80,9884,-9452,8396,-8,142,-208,-14528,4376,3112,-1027,95,-136,-14368,-2576,6184,-476,167,-137,0
3765.8180270195003,10412,4516,11228,-162,-51,87,9948,-9440,8252,-22,117,-198,-14632,4680,3264,-1044,104,-41,-14708,-2808,6272,-473,183,-130,0
3765.8536660671234,10420,4520,11208,-138,-64,106,9928,-9404,8552,8,135,-144,-14588,4644,3348,-1063,92,-104,-14568,-2552,6344,-477,152,-117,0
3765.8891489505763,10488,4572,11264,-195,-51,83,9956,-9500,8508,34,142,-182,-14692,4628,3372,-1053,139,-26,-14740,-2668,6324,-478,90,-116,0
3765.9242529869084,10304,4580,11232,-212,-30,93,9924,-9424,8520,-34,165,-198,-14588,4792,3400,-1039,26,-72,-14532,-2632,6208,-472,161,-114,0
3765.9594991207123,10300,4620,11048,-227,-37,103,9860,-9544,8260,-32,162,-191,-14592,4616,3568,-1033,121,-39,-14604,-2732,6168,-473,87,-110,0
3765.994679927826,10428,4576,11260,-240,-79,131,9884,-9244,8676,13,98,-193,-14580,4420,3416,-1076,140,-142,-14796,-2580,6164,-510,164,-69,0
3766.030688047409,10336,4504,11020,-230,-133,128,9900,-9728,8356,-57,168,-213,-14796,4552,3084,-942,28,-98,-14636,-2552,6308,-437,193,-62,0
3766.0655679702763,10312,4464,11268,-272,-158,139,9820,-9572,8320,-70,176,-198,-14536,4640,3176,-853,90,-141,-14712,-2552,6292,-471,167,-96,0
3766.1015229225163,10372,4520,11172,-261,-135,125,9912,-9472,8192,-43,148,-220,-14624,4580,3096,-919,116,-104,-14368,-2816,6380,-435,211,-75,0
3766.1376900672913,10356,4400,11116,-319,-184,151,9876,-9456,8416,-34,168,-217,-14656,4620,3308,-927,68,-99,-14648,-2352,6236,-442,221,-41,0
3766.172459125519,10288,4420,11348,-344,-148,164,9924,-9472,8516,-31,113,-218,-14644,4632,3360,-950,138,-108,-14644,-2584,6312,-469,189,-50,0
3766.2081899642944,10444,4476,11272,-309,-165,156,9908,-9532,8372,-17,118,-215,-14516,4400,3132,-1015,162,-138,-14648,-2476,6248,-434,175,-85,0
3766.2436239719386,10488,4400,11140,-316,-199,179,9828,-9300,8212,-35,145,-233,-14648,4560,3328,-997,98,-111,-14540,-2608,6216,-456,171,-93,0
3766.2791340351105,10408,4496,11168,-274,-189,150,9952,-9404,8628,-15,128,-245,-14640,4680,3264,-949,157,-140,-14684,-2628,6196,-494,160,-79,0
3766.3143141269684,10348,4464,11088,-261,-190,153,9844,-9524,8344,-16,114,-241,-14684,4552,3120,-966,140,-143,-14828,-2804,6172,-450,193,-110,0
3766.351567029953,10420,4464,11196,-282,-208,152,9980,-9664,8272,-34,142,-233,-14836,4544,3384,-986,133,-87,-14552,-2484,6148,-455,195,-82,0
3766.3848130702972,10288,4496,11152,-294,-162,162,9884,-9464,8412,-66,122,-219,-14632,4848,3416,-973,104,-157,-14660,-2508,6228,-439,128,-69,0
3766.4182920455933,10544,4100,11420,-283,-151,125,9912,-9580,8332,-30,138,-198,-14644,4624,3172,-989,45,-112,-14624,-2552,6148,-477,166,-152,0
3766.4519331455226,10432,4464,11204,-276,-187,130,10028,-9460,8560,45,156,-207,-14592,4500,3336,-1280,133,-84,-14568,-2616,6292,-436,143,-112,0
3766.4854969978333,10516,4488,11092,-225,-120,125,9872,-9440,8532,2,150,-247,-14556,4528,3404,-779,116,-129,-14676,-2556,6192,-461,233,-113,0
3766.518938064575,10424,4440,11212,-309,-219,137,10204,-9528,8312,36,147,-236,-14676,4656,3256,-997,76,-167,-14692,-2464,6244,-457,188,-136,0
3766.552664041519,10536,4340,11092,-234,-156,158,9968,-9636,8296,-21,148,-172,-14668,4596,3364,-1011,74,-122,-14660,-2528,6168,-484,136,-107,0
3766.5862159729004,10508,4464,11200,-251,-122,111,9872,-9500,8668,-19,141,-191,-14820,4568,3264,-998,97,-104,-14528,-2540,6220,-462,118,-105,0
3766.6198520660405,10404,4492,11224,-238,-113,132,9964,-9420,8424,-37,126,-181,-14636,4660,3284,-959,141,-90,-14640,-2484,6184,-490,112,-110,0
3766.6531760692596,10516,4388,11236,-174,-49,112,10044,-9356,8388,-46,106,-195,-14556,4548,3384,-1047,97,-81,-14680,-2548,6140,-507,149,-86,0
3766.6867411136627,10420,4368,11204,-184,-50,140,9804,-9460,8332,-18,125,-188,-14636,4600,3188,-1085,152,-88,-14588,-2572,5952,-507,132,-117,0
3766.7203249931335,10240,4360,11180,-165,-5,114,9984,-9336,8380,-32,127,-185,-14632,4580,3128,-1057,113,-106,-14716,-2496,5904,-505,161,-105,0
3766.7538049221043,10536,4392,10752,-163,-3,84,9916,-9528,8316,-19,152,-182,-14704,4636,3464,-1006,103,-96,-14684,-2484,6288,-479,152,-96,0
3766.7874281406403,10276,4388,11160,-152,16,98,9972,-9496,8472,-17,147,-178,-14572,4496,3380,-1010,105,-60,-14528,-2552,6108,-473,127,-131,0
3766.821119070053,10404,4400,11084,-167,-26,87,9912,-9452,8420,-9,145,-156,-14660,4512,3428,-1002,110,-28,-14580,-2656,6316,-469,141,-123,0
3766.8547410964966,10424,4436,11280,-174,18,82,9912,-9524,8664,-45,115,-159,-14580,4528,3324,-989,62,-38,-14624,-2608,6352,-471,139,-109,0
3766.8881030082703,10428,4520,11252,-162,-10,99,9840,-9528,8396,-63,141,-192,-14696,4364,3444,-975,43,-81,-14664,-2524,6328,-497,137,-137,0
3766.9216790199284,10480,4408,11244,-149,-29,86,9968,-9704,8208,-38,155,-180,-14656,4528,3388,-1017,93,-36,-14620,-2492,6280,-483,120,-159,0
3766.9549639225006,10512,4404,11212,-164,-4,50,9864,-9500,8472,247,155,-185,-14520,4636,3416,-1009,95,-39,-14616,-2548,6296,-461,177,-124,0
3766.988748073578,10400,4416,11212,-162,-256,98,9864,-9420,8352,-24,112,-161,-14636,4524,3164,-1009,121,-29,-14732,-2780,6164,-500,135,-118,0
3767.0224430561066,10272,4368,11208,-159,-42,88,9984,-9508,8480,-12,175,-167,-14576,4648,3380,-976,122,-77,-14596,-2600,6160,-460,145,-135,0
3767.0560450553894,10424,4424,11048,-129,-27,106,9872,-9540,8528,-34,115,-182,-14592,4564,3404,-1039,119,-79,-14712,-2524,6312,-479,140,-99,0
3767.0897510051723,10564,4488,11112,-118,-9,77,9900,-9368,8356,-36,88,-161,-14660,4584,3304,-769,63,-108,-14696,-2328,6164,-512,109,-132,0
3767.1234059333806,10360,4452,11256,-139,-40,75,9848,-9404,8344,-27,168,-143,-14572,4572,3388,-973,73,-32,-14664,-2808,6392,-492,110,-114,0
3767.1570389270782,10432,4564,11056,-153,7,90,9756,-9392,8436,-66,161,-142,-14740,4528,3384,-999,54,-254,-14632,-2528,6208,-483,115,-151,0
3767.1903800964355,10436,4404,11244,-161,-54,60,10000,-9512,8380,-20,117,-159,-14676,4364,3220,-983,90,-65,-14380,-2324,6192,-762,105,-166,0
3767.223834037781,10460,4452,11164,-155,17,71,9800,-9408,8580,-18,134,-149,-14816,4648,3268,-1019,90,-61,-14708,-2500,6344,-499,101,-147,0
3767.2574110031123,10424,4476,11292,-134,-256,92,9872,-9460,8308,9,107,-148,-14668,4644,3464,-1046,116,-31,-14672,-2700,6256,-528,98,-163,0
3767.291038990021,10740,4580,11072,-114,20,75,9792,-9556,8428,-59,144,-186,-14340,4616,3356,-1000,116,-57,-14348,-2784,6236,-506,105,-157,0
3767.3250811100006,10392,4460,11276,-98,-248,77,9972,-9468,8508,-47,130,-174,-14572,4768,3248,-1043,80,-75,-14716,-2624,6400,-535,150,-150,0
3767.35863995552,10408,4492,11304,-112,-64,65,9916,-9652,8376,-26,118,-186,-14652,4596,3264,-1065,105,-63,-14348,-2312,6308,-544,167,-144,0
3767.3943951129913,10372,4436,11396,-102,-10,118,9968,-9416,8324,-56,115,-172,-14544,4552,3368,-1045,160,-68,-14564,-2368,6288,-490,139,-94,0
3767.429605960846,10492,4512,11236,-126,-98,119,9976,-9512,8392,-22,121,-168,-14776,4564,3376,-1098,130,-91,-14756,-2792,6256,-485,175,-119,0
3767.4648101329803,10356,4428,11268,-139,-35,119,9748,-9448,8392,-52,126,-144,-14684,4628,3228,-1006,87,-123,-14612,-2624,6208,-494,145,-116,0
3767.500121116638,10440,4560,11452,-131,-74,131,9940,-9464,8444,-18,153,-148,-14584,4544,3252,-1004,43,-101,-14664,-2676,6276,-485,184,-147,0
3767.535763025284,10420,4508,11244,-132,-94,101,9900,-9512,8244,-34,193,-175,-14616,4380,3352,-976,36,-79,-14628,-2588,6328,-487,201,-118,0
3767.5706839561462,10352,4544,11252,-165,-79,82,9984,-9396,8488,-46,176,-185,-14544,4800,3408,-990,61,-59,-14344,-2500,6292,-470,153,-146,0
3767.6061079502106,10580,4532,11436,-173,-73,93,9896,-9480,8688,-28,144,-190,-14696,4632,3204,-1019,75,-76,-14700,-2556,6304,-473,169,-126,0
3767.641832113266,10424,4472,11180,-170,-77,88,9920,-9432,8472,-13,115,-177,-14600,4644,3276,-769,109,-55,-14612,-2592,6212,-471,159,-121,0
3767.67778301239,10336,4448,11276,-158,-63,99,9968,-9504,8300,-21,145,-149,-14568,4624,3452,-1020,100,-58,-14388,-2584,6316,-474,159,-137,0
3767.7125411033626,10320,4412,11256,-174,-47,96,9804,-9560,8312,-44,148,-181,-14368,4556,3136,-1008,93,-66,-14724,-2628,6380,-484,175,-139,0
3767.747698068618,10308,4408,11024,-130,-59,111,9864,-9356,8260,-32,139,-188,-14560,4544,3420,-1028,114,-49,-14688,-2712,6280,-485,116,-137,0
3767.7832949161534,10264,4492,11176,-151,-38,103,10168,-9700,8340,-31,61,-181,-14512,4840,3340,-1032,127,-107,-14524,-2704,6376,-526,127,-125,0
3767.8192451000214,10344,4480,11008,-153,-60,118,9916,-9424,8404,-45,133,-155,-14756,4656,3080,-1035,138,-50,-14584,-2684,6384,-490,112,-104,0
3767.8545551300053,10332,4552,11156,-181,-65,100,9852,-9504,8588,-87,119,-169,-14540,4624,3228,-1027,110,-100,-14376,-2332,6232,-508,93,-126,0
3767.8897130489354,10372,4516,11092,-174,-256,100,9816,-9484,8436,-15,98,-173,-14584,4828,3188,-1089,142,-45,-14548,-2356,5916,-490,138,-120,0
3767.9373960494995,10420,4528,11080,-176,-11,126,9652,-9228,8344,-54,196,-160,-14536,4560,3368,-1020,90,-46,-14640,-2596,6284,-462,104,-114,0
3767.9839539527893,10408,4548,11036,-250,-30,94,9884,-9544,8392,-8,159,-177,-14564,4616,3144,-979,45,-102,-14644,-2640,6320,-473,142,-120,0
3768.0277130603786,10392,4516,11264,-216,-67,131,9940,-9500,8496,-41,155,-198,-14612,4624,3180,-1000,82,-102,-14624,-2596,6248,-488,127,-119,0
3768.063411951065,10348,4564,11196,-231,-95,122,9868,-9436,8284,-33,102,-225,-14532,4608,3308,-1017,132,-108,-14616,-2592,6332,-475,162,-78,0
3768.0969960689545,10376,4440,11408,-230,-110,146,9836,-9516,8336,-23,143,-209,-14556,4624,3428,-1006,64,-133,-14556,-2616,6280,-454,157,-99,0
3768.1302340030666,10360,4480,11284,-511,-149,144,9900,-9600,8484,-31,141,-187,-14712,4584,3396,-936,89,-80,-14584,-2572,6216,-464,168,-70,0
3768.163644075393,10412,4472,11196,-268,-144,127,9804,-9572,8308,-29,135,-215,-14564,4636,3360,-953,73,-121,-14480,-2508,6328,-449,208,-68,0
3768.1972241401672,10392,4488,11252,-305,-187,169,9832,-9480,8524,-37,167,-200,-14540,4844,3372,-928,72,-178,-14588,-2672,6272,-439,192,-60,0
3768.230366945266,10420,4556,11268,-293,-189,147,9900,-9408,8660,-53,165,-216,-14556,4588,3136,-943,93,-102,-14672,-2528,6156,-447,207,-89,0
3768.2638051509853,10352,4500,11136,-286,-232,141,9856,-9444,8600,-56,156,-237,-14636,4528,3404,-937,93,-109,-14644,-2452,6292,-421,227,-20,0
3768.2973399162292,10396,4436,11172,-312,-230,171,9896,-9532,8356,-26,139,-250,-14644,4628,3284,-976,84,-152,-14532,-2588,6176,-438,227,-83,0
3768.3308210372925,10344,4376,11152,-291,-228,148,9920,-9504,8268,-33,111,-239,-14656,4776,3248,-970,123,-136,-14712,-2360,6200,-453,198,-85,0
3768.36448597908,10452,4424,11060,-283,-226,149,9924,-9668,8544,8,125,-225,-14824,4508,2992,-1085,182,-142,-14628,-2748,6272,-443,127,-82,0
3768.3977110385895,10416,4412,11084,-291,-181,169,9968,-9428,8392,-30,88,-219,-14616,4588,3320,-1049,180,-98,-14636,-2520,6224,-487,141,-79,0
3768.4310100078583,10736,4456,11008,-281,-161,144,10008,-9444,8424,-254,116,-211,-14604,4500,3316,-1036,164,-83,-14744,-2512,6152,-473,113,-98,0
3768.46457695961,10524,4464,11312,-272,-133,150,9872,-9464,8384,-63,93,-201,-14628,4560,3464,-1049,127,-123,-14628,-2336,6284,-575,130,-86,0
3768.4981479644775,10592,4316,11200,-232,-154,117,9740,-9432,8404,-35,118,-208,-14648,4360,3124,-1028,104,-125,-14636,-2808,6144,-502,146,-135,0
3768.5315070152283,10444,4404,11044,-247,-147,162,9984,-9360,8276,2,121,-200,-14544,4508,3204,-1015,159,-59,-14592,-2536,6180,-485,116,-105,0
3768.5652589797974,10496,4432,11344,-211,-159,143,9928,-9552,8320,-62,119,-205,-14612,4628,3188,-1277,136,-65,-14620,-2524,6296,-477,148,-123,0
3768.5989630222325,10516,4368,11180,-224,-151,120,10004,-9468,8348,-37,87,-218,-14772,4572,3244,-1013,97,-136,-14628,-2460,6248,-493,178,-125,0
3768.6321511268616,10620,4372,10900,-160,-35,120,9924,-9368,8252,-29,136,-189,-14360,4528,3160,-981,105,-92,-14656,-2536,6120,-479,97,-129,0
3768.6701650619507,10432,4352,11108,-181,-37,122,9944,-9400,8388,-44,179,-157,-14812,4520,3144,-975,60,-29,-14596,-2612,6224,-469,98,-137,0
3768.7037229537964,10708,4404,11152,-194,-19,65,9972,-9380,8308,-35,180,-175,-14696,4556,3552,-972,44,-91,-14816,-2364,5888,-489,148,-99,0
3768.7369980812073,10520,4396,11164,-161,251,72,9924,-9440,8304,-22,158,-164,-14664,4584,3296,-965,54,-77,-14672,-2504,6264,-494,169,-141,0
3768.770357131958,10732,4340,11404,-166,-13,94,9896,-9452,8388,45,168,-164,-14624,4544,3096,-1005,125,-58,-14732,-2348,6368,-448,158,-74,0
3768.8039259910583,10456,4596,11276,-154,-23,100,9816,-9408,8380,7,136,-172,-14632,4608,3284,-1008,109,-47,-14684,-2568,6264,-430,168,-117,0
3768.8373639583588,10732,4408,11228,-184,-62,121,9960,-9508,8688,24,142,-170,-14624,4704,3380,-1021,58,-70,-14716,-2572,6384,-486,159,-137,0
3768.8710350990295,10256,4432,11204,-140,13,80,9968,-9432,8460,-16,165,-185,-14632,4444,3336,-1024,86,-97,-14848,-2524,6272,-492,131,-132,0
3768.904222011566,10324,4484,11008,-160,-248,113,9904,-9704,8488,-30,150,-152,-14624,4564,3396,-1032,125,-21,-14676,-2352,6384,-473,111,-116,0
3768.9376339912415,10448,4412,11156,-121,4,110,9976,-9636,8380,-64,127,-168,-14588,4600,3356,-1096,163,-15,-14704,-2564,6092,-452,82,-108,0
3768.9711549282074,10392,4512,11304,-169,-34,93,9956,-9432,8436,-74,103,-176,-14584,4596,3308,-1034,140,-72,-14664,-2480,6352,-499,99,-165,0
3769.0048201084132,10724,4336,11040,-146,-49,83,9968,-9508,8212,-17,111,-166,-14444,4516,3228,-1110,149,-78,-14664,-2528,6332,-536,122,-168,0
3769.0382101535797,10400,4432,11116,-108,6,106,9900,-9396,8404,1,115,-115,-14780,4476,3308,-1059,140,-58,-14656,-2496,6216,-258,107,-146,0
3769.0744040012364,10748,4456,11256,-72,-45,64,9920,-9392,8548,-53,107,-206,-14368,4644,3348,-1036,108,-84,-14656,-2508,6240,-528,146,-167,0
3769.1101520061493,10596,4404,11444,-138,-34,91,9912,-9592,8528,14,137,-149,-14676,4572,3548,-1061,87,-40,-14676,-2464,6208,-514,78,-160,0
3769.1453800201416,10480,4520,10996,-71,30,83,9964,-9416,8272,-69,125,-91,-14552,4560,3244,-1038,101,-41,-14644,-2568,6380,-497,74,-133,0
3769.180724143982,10484,4464,11444,-133,11,81,9928,-9484,8392,-28,117,-116,-14628,4572,3496,-1018,37,-15,-14388,-2808,6284,-490,123,-154,0
3769.2153401374812,10432,4452,11252,-145,11,71,9816,-9492,8332,-50,128,-144,-14560,4596,3512,-963,6,-71,-14544,-2676,6196,-490,145,-149,0
3769.2508349418645,10348,4496,11052,-142,-2,71,9956,-9256,8292,-58,177,-144,-14644,4724,3232,-952,53,-83,-14452,-2560,6584,-481,154,-159,0
3769.285938978195,10344,4448,11404,-120,-62,64,9788,-9524,8400,-48,178,-173,-14768,4844,3232,-945,35,-60,-14356,-2808,6232,-449,212,-147,0
3769.3214340209965,10308,4456,11288,-166,-64,87,9912,-9468,8332,-67,169,-216,-14404,4504,3316,-966,77,-106,-14664,-2552,6244,-475,191,-107,0
3769.357419013977,10376,4452,11076,-147,-104,84,9924,-9712,8292,-18,144,-204,-14672,4604,3288,-999,56,-87,-14600,-2572,6304,-467,180,-129,0
3769.3924119472504,10700,4464,11064,-142,-66,105,9960,-9492,8400,-10,106,-172,-14592,4616,3324,-1039,87,-86,-14664,-2528,6264,-506,132,-111,0
3769.4281759262085,10436,4528,11316,-131,-73,97,9892,-9556,8380,-20,115,-170,-14520,4544,3344,-1056,97,-52,-14844,-2628,6216,-510,107,-124,0
3769.4637241363525,10524,4564,11296,-144,-68,113,9976,-9712,8692,-44,159,-167,-14624,4524,3280,-1081,159,-56,-14752,-2320,6248,-488,96,-143,0
3769.500029087066,10512,4384,11168,-173,-54,122,9916,-9512,8320,-254,101,-170,-14620,4540,3244,-1064,162,-93,-14660,-2500,6216,-507,145,-115,0
3769.5350699424744,10364,4460,11144,-181,-65,116,9940,-9436,8544,-28,107,-159,-14696,4472,3472,-1110,141,-49,-14616,-2632,6092,-516,103,-159,0
3769.5708389282227,10464,4396,11264,-144,-7,108,10228,-9536,8404,-73,111,-158,-14468,4728,3236,-1095,95,-78,-14620,-2632,6208,-526,120,-153,0
3769.6060359477997,10380,4532,11420,-140,-58,85,9848,-9400,8372,-24,101,-151,-14652,4580,3360,-1038,115,-104,-14684,-2812,6208,-496,124,-150,0
3769.641809940338,10372,4408,11244,-163,-62,71,9928,-9516,8524,-29,98,-190,-14632,4524,3184,-1005,95,-94,-14596,-2356,6388,-494,136,-136,0
3769.6779849529266,10336,4512,11152,-163,-65,100,10064,-9436,8212,-32,160,-171,-14584,4624,3264,-780,96,-98,-14636,-2632,6292,-493,141,-137,0
3769.7134580612183,10460,4564,11132,-154,-69,86,9764,-9428,8404,-28,147,-183,-14588,4676,3268,-1014,113,-93,-14676,-2548,6264,-457,148,-105,0
3769.7486870288853,10264,4512,11344,-213,-38,104,9888,-9504,8372,-5,137,-156,-14580,4592,3404,-1009,88,-59,-14348,-2656,6252,-452,146,-83,0
3769.7821469306946,10376,4512,11020,-512,-98,119,9912,-9500,8592,-11,182,-178,-14540,4580,3504,-969,64,-74,-14568,-2760,6168,-417,139,-83,0
3769.8157050609598,10392,4572,11164,-257,-106,138,9940,-9564,8228,-52,131,-224,-14444,4628,3400,-952,90,-121,-14684,-2576,6372,-469,175,-94,0
3769.8492789268494,10416,4496,11328,-218,-148,133,9804,-9408,8368,-34,107,-234,-14424,4680,3544,-962,90,-167,-14636,-2584,6212,-481,197,-82,0
3769.882702112198,10320,4508,11176,-235,-195,171,9804,-9420,8368,-73,152,-2,-14488,4612,3456,-931,98,-98,-14568,-2716,6204,-444,241,-38,0
3769.9165410995483,10372,4456,11044,-510,-178,199,9896,-9420,8428,-111,129,-202,-14500,4512,3308,-917,98,-84,-14640,-2744,6228,-425,198,-5,0
3769.9500539302826,10460,4368,11156,-293,-209,169,10008,-9520,8432,-71,154,-227,-14612,4632,3404,-963,97,-104,-14660,-2536,6240,-454,196,-45,0
3769.9836390018463,10532,4464,11308,-351,-203,170,9944,-9248,8404,-27,146,-167,-14720,4612,3488,-995,106,-138,-14652,-2812,5952,-458,193,-45,0
3770.0172441005698,10372,4480,11108,-319,-119,178,9824,-9444,8412,-47,163,-226,-14808,4480,3304,-976,144,-155,-14788,-2628,6228,-445,225,-47,0
3770.0507719516754,10344,4124,11484,-337,-284,192,9960,-9276,8288,-73,117,-284,-14404,4592,3256,-1018,237,-142,-14632,-2428,6296,-478,275,-4,0
3770.0845000743866,10280,4392,11084,-297,-268,224,10040,-9580,8356,-30,19,-236,-14700,4516,3224,-1061,210,-140,-14664,-2512,6276,-500,176,-52,0
3770.1180689334874,10508,4396,11012,-251,-253,180,10000,-9708,8308,-6,111,-216,-14616,4528,3080,-1060,153,-126,-14596,-2516,6116,-449,147,-102,0
3770.151342153549,10720,4136,11228,-297,-202,156,9856,-9560,8404,-68,64,-270,-14448,4660,3316,-935,153,-180,-14636,-2528,6212,-539,208,-105,0
3770.184900999069,10672,4324,11140,-182,-185,124,9904,-9240,8312,-59,46,-245,-14568,4576,3112,-986,173,-150,-14732,-2524,6136,-506,174,-130,0
3770.218308925628,10508,4348,11228,-177,-172,140,10056,-9460,8368,-41,114,-510,-14608,4560,3204,-1052,187,-111,-14612,-2572,6204,-490,190,-144,0
3770.251440048218,10260,4364,10976,-171,-116,128,9948,-9408,8340,-40,125,-237,-14604,4560,3428,-1040,112,-123,-14640,-2492,5984,-474,165,-120,0
3770.2852349281306,10740,4304,10908,-155,-35,94,10068,-9420,8316,-8,162,-182,-14664,4628,3360,-1030,104,-87,-14636,-2496,6188,-484,120,-135,0
3770.3188560009003,10624,4428,11108,-195,85,89,9960,-9248,8380,39,182,-112,-14612,4616,3308,-1035,122,-63,-14628,-2420,5952,-440,150,-105,0
3770.3523471355443,10428,4408,11060,-206,-240,114,9952,-9276,8628,51,198,-148,-14600,4576,3404,-1264,136,-62,-14748,-2816,6164,-467,173,-80,0
3770.385731935501,10428,4568,11144,-159,-27,132,10064,-9500,8472,-31,128,-167,-14692,4660,3552,-769,45,-63,-14612,-2672,6328,-466,158,-105,0
3770.4191670417786,10520,4536,11260,-162,-55,91,9844,-9460,8492,-56,160,-171,-14708,4716,3120,-921,19,-43,-14584,-2628,6200,-496,163,-165,0
3770.4529571533203,10512,4504,11160,-171,-51,112,9936,-9404,8416,-45,173,-167,-14412,4584,3548,-924,46,-72,-14604,-2516,6152,-524,139,-126,0
3770.4866890907283,10416,4424,11200,-196,-6,103,9868,-9368,8420,-42,165,-179,-14504,4376,3108,-948,36,-59,-14692,-2588,6288,-463,137,-137,0
3770.5201849937444,10376,4292,11148,-201,-22,88,9880,-9724,8412,-11,168,-173,-14428,4408,3160,-965,29,-67,-14612,-2476,6292,-455,119,-143,0
3770.5536799430843,10692,4396,11036,-222,-26,122,9936,-9532,8388,-12,177,-177,-14648,4560,3532,-1033,102,-66,-14592,-2356,5896,-464,178,-109,0
3770.5873839855194,10440,4452,11168,-264,-129,172,9884,-9504,8220,-27,123,-192,-14660,4856,3524,-996,156,-112,-14572,-2508,6232,-464,190,-85,0
3770.6211590766898,10476,4440,11104,-220,-133,148,9796,-9504,8548,-27,111,-248,-14752,4568,3280,-942,100,-123,-14644,-2508,6304,-767,159,-103,0
3770.6544439792633,10616,4376,11232,-228,-140,147,9996,-9492,8460,-61,132,-186,-14604,4588,3200,-1009,86,-116,-14840,-2468,6100,-468,93,-99,0
3770.688194990158,10532,4416,11044,-191,-253,118,9920,-9424,8412,-33,160,-110,-14732,4512,3200,-1031,64,-39,-14644,-2816,6160,-479,57,-130,0
3770.7216119766235,10552,4308,11188,-181,-12,71,9756,-9500,8624,-32,214,-139,-14740,4360,3116,-1023,16,-25,-14632,-2516,6196,-501,73,-168,0
3770.7576110363,10708,4436,11152,-217,30,79,10000,-9464,8516,-15,161,-126,-14684,4660,3136,-1041,82,223,-14656,-2376,6144,-476,74,-118,0
3770.7932009696965,10528,4360,11240,-154,4,118,10028,-9480,8688,-16,116,-148,-14624,4616,3368,-1276,93,-67,-14504,-2556,6188,-473,111,-138,0
3770.8289940357204,10500,4496,11260,-189,-42,128,9928,-9664,8296,-38,145,-186,-14584,4516,3272,-998,124,-90,-14628,-2572,6336,-449,111,-116,0
3770.8640971183772,10396,4452,11028,-187,-58,112,9980,-9480,8440,-56,148,-160,-14604,4756,3260,-770,80,-96,-14720,-2552,6224,-266,160,-133,0
3770.8996291160583,10524,4380,11168,-182,-50,91,9856,-9444,8264,-4,157,-177,-14536,4380,3332,-1038,76,-53,-14636,-2488,6184,-504,145,-130,0
3770.934963941574,10280,4464,11244,-155,-9,102,9924,-9248,8372,-47,118,-159,-14612,4688,3292,-1035,80,-45,-14712,-2552,6232,-485,126,-147,0
3770.9707901477814,10256,4384,11512,-178,-27,106,9848,-9712,8404,-12,140,-151,-14652,4608,3292,-1271,96,-97,-14648,-2528,6232,-481,117,-128,0
3771.0062251091003,10268,4464,11164,-175,-51,104,9932,-9396,8344,-20,116,-188,-14512,4832,3276,-1008,121,-83,-14828,-2488,6384,-495,152,-100,0
3771.042459011078,10680,4440,10980,-172,-81,123,9844,-9412,8404,-11,110,-165,-14592,4572,3372,-1037,122,-99,-14700,-2548,6248,-475,145,-95,0
3771.078154087066,10420,4432,11468,-200,-68,128,9960,-9580,8544,-47,141,-157,-14596,4512,3296,-973,119,-103,-14828,-2520,6168,-480,143,-130,0
3771.113824129104,10456,4524,11220,-207,-72,92,9848,-9488,8572,-27,140,-188,-14808,4552,3284,-1008,102,-71,-14720,-2500,6160,-472,163,-104,0
3771.1493470668793,10524,4396,11232,-187,-80,78,9924,-9584,8476,-7,161,-176,-14812,4468,3156,-769,111,-118,-14672,-2772,6224,-478,119,-101,0
3771.1844489574432,10516,4588,11108,-214,-105,114,9928,-9396,8228,-37,140,-181,-14712,4536,3420,-1012,66,-83,-14708,-2536,6388,-457,122,-151,0
3771.2203829288483,10584,4308,11212,-197,-33,90,10220,-9560,8296,-12,156,-163,-14676,4700,3112,-1005,41,-101,-14840,-2516,6392,-468,111,-155,0
3771.2553849220276,10404,4340,11224,-221,-91,87,9836,-9484,8328,-35,181,-176,-14568,4576,3320,-1023,73,-40,-14660,-2524,6156,-477,122,-126,0
3771.2908389568333,10336,4124,11356,-205,-100,106,9824,-9488,8448,-57,164,-190,-14572,4848,3512,-988,97,-95,-14356,-2540,6172,-476,160,-106,0
3771.327136993408,10416,4380,11356,-217,-79,125,9932,-9420,8336,-39,109,-187,-14760,4480,3116,-1006,108,-112,-14564,-2580,6268,-453,148,-103,0
3771.362468004226,10520,4440,11128,-178,-55,116,9900,-9716,8684,-37,123,-156,-14636,4564,3564,-1025,78,-60,-14660,-2568,6216,-474,134,-139,0
3771.4000990390773,10528,4484,11204,-181,-82,88,9984,-9244,8384,-61,154,-180,-14640,4816,3112,-982,73,-104,-14512,-2540,6196,-759,102,-148,0
3771.4337141513824,10444,4336,11128,-189,-42,76,9912,-9444,8368,-22,155,-225,-14360,4408,3100,-1038,73,-95,-14648,-2508,6180,-494,135,-136,0
3771.467358112335,10468,4352,11092,-144,-28,120,9952,-9360,8260,-25,133,-162,-14572,4560,3332,-1034,107,-69,-14764,-2568,6296,-480,115,-129,0
3771.501065969467,10356,4160,11152,-179,-33,88,9892,-9696,8208,-24,107,-183,-14568,4796,3200,-1020,142,-66,-14684,-2544,6276,-461,77,-136,0
3771.5345549583435,10500,4104,11164,-185,10,117,10052,-9568,8308,-66,162,-189,-14652,4504,3224,-1010,93,-56,-14624,-2528,6072,-504,91,-128,0
3771.5680749416347,10748,4488,11028,-148,-46,77,9896,-9464,8572,-26,162,-175,-14724,4448,3272,-1078,97,-97,-14728,-2588,6228,-496,138,-160,0
3771.6017940044403,10428,4468,11224,-163,-31,95,9852,-9500,8384,-12,106,-198,-14520,4620,3200,-1046,149,-135,-14600,-2496,6620,-548,134,-127,0
3771.635225057602,10324,4500,11264,-149,-57,119,9896,-9476,8432,-47,111,-195,-14512,4536,3380,-772,173,-108,-14656,-2808,6296,-452,145,-108,0
3771.6689920425415,10432,4408,11268,-171,-57,99,9928,-9424,8696,-57,126,-194,-14584,4672,3440,-1061,95,-72,-14604,-2348,6148,-477,143,-126,0
3771.7025210857387,10488,4388,11284,-165,-53,97,9952,-9440,8592,-29,139,-182,-14812,4624,3396,-1012,103,-93,-14796,-2320,6388,-484,132,-98,0
3771.736032009125,10376,4364,11312,-171,-53,97,9884,-9388,8380,-67,116,-195,-14540,4552,3540,-993,128,-77,-14656,-2348,6240,-486,112,-87,0
3771.7695059776306,10392,4524,11248,-167,-56,95,10196,-9428,8408,-65,169,-211,-14748,4592,3436,-999,125,-103,-14628,-2784,6248,-451,178,-107,0
3771.802873134613,10448,4436,11204,-176,-79,100,9728,-9692,8308,-44,142,-179,-14564,4624,3292,-998,102,-56,-14848,-2440,6292,-485,154,-105,0
3771.8365869522095,10580,4396,11120,-198,-89,112,9888,-9476,8364,-23,131,-189,-14612,4640,3404,-954,125,-41,-14724,-2468,6204,-480,160,-131,0
3771.8697979450226,10452,4412,11300,-159,-76,93,9940,-9628,8420,-36,142,-202,-14636,4724,3320,-985,78,-144,-14844,-2548,6252,-461,174,-124,0
3771.90319108963,10740,4376,11252,-185,-83,92,9768,-9332,8308,-38,130,-204,-14364,4384,3132,-979,80,-113,-14592,-2608,6116,-451,185,-122,0
3771.9369571208954,10508,4556,11168,-190,-91,115,9956,-9328,8488,-13,173,-191,-14344,4584,3344,-993,86,-98,-14624,-2660,6232,-450,209,-100,0
3771.9704840183254,10384,4428,11420,-167,-30,124,9788,-9420,8464,-27,150,-194,-14556,4540,3364,-923,93,-57,-14628,-2588,6332,-457,187,-107,0
3772.003981113434,10508,4384,11276,-150,-91,92,9896,-9472,8320,-66,145,-234,-14636,4632,3400,-908,61,-107,-14708,-2440,6296,-457,174,-121,0
3772.03755903244,10292,4360,11232,-211,-59,67,9856,-9488,8372,-40,171,-187,-14664,4592,3360,-974,30,-101,-14660,-2596,6284,-442,151,-126,0
3772.0710949897766,10472,4192,11012,-177,-62,63,9888,-9492,8416,-38,161,-167,-14408,4528,3368,-1011,59,-115,-14672,-2524,6152,-440,136,-138,0
3772.1047530174255,10704,4496,11180,-165,-58,47,9860,-9524,8384,-37,130,-219,-14644,4836,3328,-977,95,-112,-14620,-2548,6248,-466,180,-148,0
3772.1381671428685,10424,4424,11060,-122,-253,61,9796,-9228,8376,-35,105,-228,-14436,4428,3440,-1038,109,-70,-14700,-2476,6220,-510,175,-110,0
3772.171859025955,10532,4412,11152,-115,-23,119,10044,-9720,8292,-13,130,-171,-14724,4504,3528,-1039,56,-55,-14724,-2492,6272,-517,100,-143,0
3772.205512046814,10512,4468,11232,-146,-59,67,9772,-9436,8292,-39,126,-166,-14672,4700,3204,-1279,76,-96,-14356,-2484,6168,-483,130,-124,0
3772.238803148269,10544,4436,11204,-149,-33,113,9980,-9532,8280,-7,176,-149,-14748,4624,3388,-1003,96,-91,-14628,-2332,6384,-514,134,-187,0
3772.272164106369,10424,4480,11144,-145,8,104,9888,-9440,8440,32,137,-131,-14624,4584,3416,-1013,88,-22,-14592,-2676,5984,-563,114,-165,0
3772.305804014206,10472,4388,11272,-82,-5,74,9956,-9360,8656,9,137,-206,-14428,4468,3408,-1038,67,-87,-14552,-2664,6296,-520,169,-141,0
3772.3393139839172,10400,4556,11344,-116,-95,78,9804,-9428,8460,47,145,-226,-14832,4520,3484,-1014,115,-111,-14372,-2556,6296,-502,184,-141,0
3772.3729629516606,10428,4428,11184,-137,-81,57,9944,-9504,8556,-28,99,-268,-14656,4704,3400,-1025,155,-127,-14652,-2656,5900,-489,155,-177,0
3772.4060649871826,10328,4476,11156,-136,-62,46,9964,-9384,8444,15,154,-224,-14580,4612,3212,-1277,118,-106,-14376,-2588,6244,-489,139,-171,0
3772.443268060684,10428,4480,11020,-116,-80,51,9868,-9680,8440,-28,103,-246,-14544,4556,3164,-1013,73,-147,-14700,-2668,6216,-532,112,-184,0
3772.4786801338196,10248,4480,11148,-82,-69,50,10028,-9540,8416,-3,165,-221,-14840,4536,3300,-1024,103,-128,-14732,-2312,6168,-523,132,-171,0
3772.5137429237366,10540,4448,11184,-105,-59,54,9972,-9412,8616,-14,118,-220,-14652,4376,3364,-1001,79,-104,-14676,-2316,6352,-537,158,-165,0
3772.5492980480194,10412,4556,11292,-105,-80,72,10232,-9508,8496,-25,130,-194,-14624,4824,3428,-1023,153,-109,-14656,-2528,6216,-766,156,-133,0
3772.58447599411,10504,4584,11164,-138,-64,69,9980,-9472,8308,-14,143,-220,-14756,4532,3220,-1029,126,-121,-14592,-2588,6168,-444,183,-122,0
3772.6203570365906,10452,4492,11180,-154,-95,106,9976,-9500,8468,-10,124,-230,-14832,4540,3384,-1041,121,-81,-14636,-2656,6136,-490,161,-140,0
3772.6550920009613,10736,4548,11500,-164,-133,89,9968,-9404,8368,-16,123,-201,-14556,4548,3300,-930,50,-146,-14688,-2324,6152,-469,146,-149,0
3772.690885066986,10400,4536,11136,-155,-66,76,9920,-9440,8424,-4,150,-233,-14592,4520,3416,-1031,39,-71,-14644,-2608,6284,-496,152,-158,0
3772.7258810997014,10508,4464,11184,-182,-121,69,9808,-9408,8392,-10,172,-185,-14600,4576,3344,-995,17,-93,-14580,-2624,6176,-467,149,-145,0
3772.7619121074677,10416,4352,10792,-176,-70,79,9940,-9376,8528,-40,165,-173,-14636,4600,3244,-984,23,-37,-14768,-2716,5920,-474,122,-159,0
3772.7977941036224,10452,4492,11236,-186,-104,61,9972,-9436,8440,-10,183,-160,-14364,4492,3248,-946,62,-86,-14552,-2564,6156,-449,153,-121,0
3772.8325860500336,10432,4608,11104,-205,-66,103,9948,-9456,8372,250,141,-182,-14652,4648,3424,-1005,101,-70,-14688,-2640,6192,-455,187,-105,0
3772.867653131485,10472,4572,11172,-210,-117,116,9948,-9356,8412,254,147,-170,-14848,4520,3312,-953,71,-67,-14708,-2612,6228,-438,155,-100,0
3772.9032340049744,10696,4448,11284,-186,-114,78,10144,-9256,8376,-22,123,-188,-14632,4588,3352,-962,64,-93,-14692,-2788,6252,-485,141,-109,0
3772.9391651153564,10444,4524,11208,-171,-90,79,10000,-9408,8488,-34,184,-180,-14676,4792,3200,-1019,77,-81,-14596,-2640,6208,-490,125,-155,0
3772.9745249748235,10444,4492,11252,-187,-66,92,9952,-9468,8404,14,162,-161,-14460,4680,3196,-928,81,-61,-14516,-2564,6212,-268,151,-109,0
3773.0096831321716,10472,4444,11216,-136,-74,116,9844,-9432,8664,17,118,-173,-14660,4568,3212,-1032,125,-99,-14656,-2648,6200,-490,156,-106,0
3773.0446009635925,10412,4568,11088,-152,-155,121,9956,-9468,8508,-254,137,-202,-14632,4584,3372,-1032,130,-64,-14420,-2628,6364,-491,175,-120,0
3773.0812079906464,10468,4452,11096,-189,-136,126,9928,-9396,8468,-16,133,-200,-14584,4536,3344,-996,93,-150,-14432,-2668,6384,-473,164,-99,0
3773.1147890090942,10400,4508,11212,-197,-115,122,9992,-9364,8472,-55,157,-176,-14608,4604,3272,-1023,125,-59,-14608,-2692,6228,-491,143,-104,0
3773.1478569507603,10416,4548,11152,-178,-123,109,9988,-9400,8464,-38,89,-197,-14396,4588,3416,-1018,119,-70,-14696,-2728,6348,-508,127,-148,0
3773.181524038314,10308,4584,11096,-179,-60,80,10188,-9484,8264,-49,115,-180,-14556,4760,3160,-1052,115,-101,-14672,-2596,6300,-487,79,-164,0
3773.2152149677277,10484,4384,11116,-174,-40,36,9844,-9424,8416,-44,117,-192,-14600,4500,3488,-1021,82,-79,-14788,-2568,6256,-537,78,-138,0
3773.2482171058655,10468,4540,11176,-149,-38,55,9920,-9388,8204,-32,136,-166,-14672,4856,3344,-1012,95,-74,-14708,-2816,6200,-505,102,-158,0
3773.2818989753723,10500,4556,11344,-140,-5,104,9952,-9352,8360,-18,134,-182,-14588,4504,3240,-1019,120,-59,-14648,-2812,5960,-502,137,-125,0
3773.31512594223,10408,4560,11280,-143,-64,131,9832,-9400,8488,-28,127,-172,-14600,4444,3296,-1278,121,-113,-14364,-2612,6188,-476,182,-113,0
3773.3486580848694,10372,4608,11056,-129,-84,123,9872,-9364,8420,-38,84,-209,-14540,4564,3404,-1045,151,-121,-14636,-2628,6220,-496,173,-78,0
3773.3820331096654,10448,4620,11188,-107,-48,138,9884,-9276,8560,-65,118,-168,-14636,4536,3120,-1001,133,-34,-14752,-2700,6088,-510,132,-95,0
3773.4155621528625,10596,4552,11044,-147,-52,144,9952,-9472,8428,-61,90,-177,-14644,4584,3336,-1011,95,-37,-14636,-2588,6244,-504,104,-101,0
3773.4489970207214,10572,4600,11088,-184,-36,116,10008,-9316,8436,-46,145,-160,-14632,4592,3192,-1257,98,-79,-14592,-2640,6336,-495,109,-93,0
3773.482362031936,10396,4608,11184,-173,11,126,9948,-9700,8528,-84,146,-159,-14740,4536,3468,-1002,100,-76,-14624,-2680,6244,-439,105,-146,0
3773.5159339904785,10456,4528,11280,-197,-48,77,10004,-9380,8444,-22,186,-190,-14512,4352,3096,-974,73,-69,-14680,-2604,6188,-464,202,-154,0
3773.549216032028,10440,4552,11080,-156,-61,49,9964,-9436,8440,-46,147,-235,-14828,4784,3284,-990,61,-89,-14608,-2476,6208,-431,201,-155,0
3773.5827970504765,10564,4480,11124,-118,-50,31,10116,-9276,8288,0,243,-190,-14848,4496,3244,-971,-28,-47,-14600,-2556,6204,-463,163,-196,0
3773.6164679527283,10340,4496,11068,-140,26,20,9864,-9432,8276,3,510,-190,-14592,4548,3256,-972,-28,-65,-14752,-2576,6280,-442,125,-202,0
3773.649513959884,10576,4588,11260,-137,38,23,9944,-9448,8480,22,219,-187,-14684,4548,3372,-1274,74,-59,-14636,-2564,6336,-460,142,-171,0
3773.6856970787044,10444,4616,11164,-139,39,72,9940,-9440,8404,40,228,-127,-14540,4684,3216,-1031,23,-46,-14436,-2748,6232,-456,149,-165,0
3773.719736099243,10592,4584,11136,-118,46,29,9832,-9252,8224,-20,186,-151,-14828,4616,3324,-1007,47,-63,-14704,-2640,5920,-483,132,-151,0
3773.7529969215393,10336,4620,11276,-150,-36,80,9936,-9232,8608,-6,189,-162,-14560,4528,3440,-1031,81,-65,-14680,-2664,6396,-486,135,-163,0
3773.7865791320805,10372,4540,10996,-114,26,33,9960,-9380,8476,-33,198,-147,-14524,4572,3308,-1073,28,-69,-14668,-2696,6164,-490,149,-155,0
3773.8199191093445,10408,4652,11288,-157,13,66,9924,-9448,8564,-29,195,-125,-14736,4832,3428,-1010,46,-31,-14580,-2728,6200,-458,133,-168,0
3773.85347700119,10372,4596,11292,-148,39,65,9872,-9220,8580,-36,214,-124,-14516,4556,3328,-1016,81,-63,-14524,-2720,6380,-476,143,-138,0
3773.8866369724274,10252,4604,11140,-160,6,63,9808,-9368,8488,-26,146,-151,-14684,4504,3488,-990,87,-85,-14828,-2648,6384,-454,131,-123,0
3773.9202399253845,10416,4552,11276,-158,-40,97,9796,-9400,8444,-47,148,-181,-14360,4672,3540,-989,84,-64,-14708,-2564,6380,-505,132,-93,0
3773.9535169601445,10384,4492,11176,-184,-44,134,9832,-9428,8204,-36,51,-164,-14484,4572,3396,-1084,165,-92,-14604,-2604,6200,-448,127,-96,0
3773.9872770309444,10320,4520,11132,-159,-29,134,9888,-9492,8500,-44,132,-183,-14696,4520,3440,-1015,172,-60,-14752,-2612,6272,-457,156,-58,0
3774.0210039615627,10356,4536,11184,-223,-65,119,9968,-9552,8676,-66,119,-195,-14672,4648,3436,-1004,97,-100,-14600,-2500,6228,-487,151,-95,0
3774.054496049881,10744,4556,11088,-259,-45,134,9920,-9400,8524,-42,136,-164,-14604,4632,3148,-1012,130,-148,-14664,-2696,6300,-492,148,-76,0
3774.0877850055695,10500,4644,11216,-251,-128,147,9932,-9452,8464,-53,129,-180,-14400,4776,3104,-1006,140,-84,-14616,-2684,6244,-462,136,-71,0
3774.124402999878,10332,4408,11216,-283,-105,151,9948,-9448,8500,-33,167,-190,-14556,4536,3360,-986,127,-93,-14732,-2664,6312,-481,135,-51,0
3774.1595320701604,10376,4528,11224,-290,-167,153,9900,-9532,8556,-23,155,-203,-14636,4580,3452,-1033,129,-110,-14616,-2756,6260,-466,175,-98,0
3774.194657087326,10672,4480,11244,-297,-176,157,9852,-9392,8572,-65,160,-240,-14604,4600,3292,-1010,127,-188,-14640,-2748,6156,-484,182,-98,0
3774.230266094208,10332,4496,11280,-274,-206,122,9848,-9368,8488,-36,151,-284,-14436,4628,3460,-983,133,-141,-14644,-2572,6124,-500,242,-104,0
3774.26571893692,10432,4552,11072,-263,-258,114,9848,-9240,8308,-9,149,-281,-14632,4488,3284,-1036,119,-219,-14628,-2604,5908,-458,218,-94,0
3774.3012969493866,10504,4560,11288,-266,-237,149,10196,-9228,8328,17,125,-286,-14792,4424,3400,-1004,140,-169,-14696,-2524,6096,-477,220,-92,0
3774.337070941925,10244,4552,11256,-279,-226,118,9932,-9312,8288,43,206,-509,-14616,4412,3160,-1008,94,-155,-14788,-2600,6000,-464,229,-89,0
3774.3723609447484,10524,4500,11172,-266,-209,116,9964,-9416,8480,10,174,-252,-14652,4508,3428,-992,97,-116,-14632,-2704,6040,-464,229,-98,0
3774.4075980186462,10500,4628,11032,-248,-181,106,9952,-9300,8560,26,163,-237,-14644,4488,3448,-991,129,-166,-14644,-2556,6156,-472,235,-94,0
3774.4432420730586,10536,4476,11132,-275,-227,105,9876,-9412,8524,32,182,-242,-14624,4468,3328,-1274,97,-161,-14748,-2684,6148,-468,245,-119,0
3774.4782590866093,10440,4596,11064,-268,-214,106,9972,-9412,8412,20,184,-237,-14596,4524,3140,-957,82,-141,-14640,-2764,6192,-463,222,-115,0
3774.5140209198003,10316,4532,11032,-249,-229,126,9832,-9412,8492,16,160,-266,-14592,4548,3344,-1013,81,-166,-14644,-2816,6204,-494,238,-120,0
3774.549590110778,10320,4356,11160,-218,-229,131,9796,-9404,8484,46,146,-252,-14572,4508,3528,-1028,95,-172,-14352,-2684,6208,-496,237,-83,0
3774.5847690105443,10452,4548,11280,-235,-227,131,9940,-9392,8468,254,89,-7,-14612,4636,3420,-1006,155,-122,-14648,-2508,6252,-504,232,-57,0
3774.6200881004333,10524,4440,11016,-272,-250,187,10056,-9396,8372,16,77,-268,-14684,4520,3352,-999,148,-167,-14660,-2548,6264,-475,18,-79,0
3774.6556000709534,10636,4544,11036,-297,-299,198,9860,-9340,8360,-13,108,-6,-14516,4396,3456,-1016,201,-169,-14720,-2648,6216,-471,254,-16,0
3774.6916580200195,10532,4564,11072,-289,-301,206,9860,-8992,8388,-61,81,-243,-14548,4464,3296,-1003,199,-121,-14708,-2676,6108,-462,228,-5,0
3774.7277660369873,10536,4504,11120,-273,-237,235,9928,-9316,8696,-85,74,-227,-14620,4564,3316,-981,222,-133,-14572,-2592,6072,-446,204,-12,0
3774.7645189762115,10568,4504,11000,-311,-225,230,9828,-9332,8504,-59,32,-220,-14564,4348,3368,-984,251,-138,-14692,-2628,6124,-453,240,9,0
3774.7980771064754,10648,4408,11012,-278,-233,227,10048,-9284,8348,-85,23,-218,-14684,4416,3272,-996,242,-55,-14656,-2592,5952,-762,226,-251,0
3774.8315620422363,10700,4416,11020,-227,-191,201,9964,-9320,8300,-51,-253,-238,-14752,4504,3280,-1276,221,-121,-14728,-2584,6116,-534,222,-36,0
3774.8652470111842,10632,4380,11124,-203,-211,217,10000,-9364,8532,-23,22,-212,-14720,4424,3084,-1033,235,-130,-14592,-2644,6220,-499,186,-43,0
3774.8984780311584,10720,4352,11096,-182,-187,206,10048,-9392,8468,-72,43,-510,-14784,4428,3284,-987,202,-134,-14592,-2484,6140,-491,227,-35,0
3774.931932926178,10708,4380,11096,-239,-233,209,10096,-9392,8400,-251,46,-219,-14740,4408,3224,-1010,168,-85,-15048,-2408,6268,-497,181,-71,0
3774.9655170440674,10688,4280,10960,-200,-133,200,10096,-9360,8204,-22,48,-197,-14784,4428,3336,-1034,129,-60,-14736,-2528,5988,-477,125,-67,0
3774.9990010261536,10656,4388,10980,-243,-112,147,10036,-9288,8280,-13,128,-194,-14444,4496,3304,-999,115,-99,-14588,-2524,5904,-490,160,-110,0
3775.032441139221,10644,4356,11224,-208,-154,94,9876,-9596,8588,-39,112,-232,-14652,4424,3312,-979,103,-144,-14696,-2336,6108,-488,219,-107,0
3775.0661511421204,10504,4376,11248,-219,-204,90,9932,-9456,8372,3,95,-275,-14676,4508,3440,-1007,130,-156,-14652,-2556,6204,-504,280,-101,0
3775.099937915802,10564,4412,11284,-196,-230,129,9888,-9396,8440,7,101,-292,-14804,4464,3308,-997,174,-169,-14632,-2568,6092,-484,301,-92,0
3775.1332480907445,10632,4124,11088,-193,-227,113,9856,-9288,8640,-21,88,-260,-14612,4464,3540,-998,151,-184,-14664,-2648,6016,-474,260,-66,0
3775.166873931885,10588,4376,11232,-226,-6,162,10016,-9316,8472,-23,54,-282,-14652,4464,3384,-1013,195,-197,-14732,-2600,6340,-501,313,-49,0
3775.2005500793452,10628,4436,11080,-263,-235,159,10096,-9320,8536,23,67,-244,-14664,4520,3324,-1063,217,-169,-14660,-2596,6128,-507,246,-50,0
3775.2339789867406,10868,4452,10984,-263,-191,193,9988,-9360,8608,59,54,-505,-14712,4408,3164,-1038,222,-136,-14836,-2652,6064,-488,235,-53,0
3775.26767206192,10728,4448,10960,-241,-173,163,10100,-9236,8212,-20,33,-239,-14568,4356,3252,-1009,203,-89,-14832,-2564,6004,-444,213,-92,0
3775.301481008529,10964,4448,10884,-242,-214,159,10092,-9256,8528,-48,44,-254,-14744,4392,3112,-998,186,-116,-14740,-2468,5960,-501,207,-76,0
3775.334710121154,10780,4476,10940,-213,-148,137,10172,-9320,8344,-29,79,-235,-14692,4328,3204,-997,151,-124,-14700,-2532,5956,-481,196,-90,0
3775.3681440353394,10724,4308,10992,-217,-166,138,10024,-9304,8296,-19,64,-207,-14604,4420,3324,-993,175,-103,-14800,-2448,5964,-471,177,-79,0
3775.4013969898224,10788,4404,11008,-212,-125,143,10048,-8968,8372,6,72,-196,-14640,4360,3088,-1012,165,-34,-14536,-2544,5924,-452,174,-76,0
3775.434865951538,10684,4340,10872,-194,-36,134,10048,-8968,8204,-66,122,-131,-14628,4392,3120,-1027,140,-24,-14644,-2528,5960,-437,97,-138,0
3775.468553066253,10756,4280,10864,-200,79,95,10164,-9240,8392,-98,176,-106,-14732,4440,3140,-1039,98,-14,-14792,-2524,5780,-448,54,-172,0
3775.5019221305843,10748,4384,11096,-226,113,69,10096,-9376,8392,-5,223,-79,-14800,4360,3056,-1082,61,238,-14720,-2536,5940,-460,109,-141,0
3775.5355060100555,10764,4280,11220,-181,126,90,10104,-9336,8532,-13,151,-92,-14804,4456,3248,-1066,81,-24,-14824,-2572,6088,-442,74,-164,0
3775.568920135498,10660,4380,11164,-138,86,43,10096,-9304,8452,-69,180,-111,-14784,4484,3336,-771,60,-1,-14676,-2612,5952,-463,76,-165,0
3775.6024010181427,10628,4328,11028,-187,21,72,10008,-9376,8604,8,190,-122,-14460,4508,3088,-1043,49,-85,-14700,-2584,6244,-464,162,-140,0
3775.6356480121613,10652,4464,11056,-151,25,77,9980,-9292,8440,4,157,-145,-14584,4392,3320,-1278,81,-88,-14696,-2748,5896,-438,138,-133,0
3775.6692559719086,10560,4460,11128,-186,-4,69,10028,-9308,8372,-77,177,-179,-14652,4404,3332,-770,56,-86,-14660,-2628,5996,-459,108,-144,0
3775.702789068222,10584,4356,11288,-153,-28,78,9940,-9356,8484,-54,156,-226,-14560,4392,3424,-1014,122,-99,-14552,-2524,6000,-472,177,-130,0
3775.73637008667,10584,4376,11148,-148,-48,63,10056,-9320,8372,-12,181,-217,-14776,4416,3276,-1011,56,-114,-14772,-2444,6012,-508,173,-161,0
3775.7697019577026,10748,4408,10932,-180,-3,64,10088,-9316,8524,-30,181,-202,-14684,4496,3448,-771,82,-116,-14792,-2460,5992,-472,178,-114,0
3775.8061370849614,10716,4436,10948,-153,-25,83,10056,-9328,8492,-6,133,-205,-14708,4456,3356,-775,124,-79,-14756,-2488,6040,-446,209,-103,0
3775.8421189785004,10712,4336,10808,-197,-79,130,10000,-9236,8428,253,145,-208,-14676,4484,3352,-1009,135,-104,-14620,-2560,6212,-472,190,-130,0
3775.8784599304204,10724,4352,11028,-150,-69,115,9976,-9300,8304,-11,170,-193,-14792,4428,3124,-987,56,-110,-14644,-2468,6096,-487,162,-138,0
3775.9137389659886,10688,4428,10928,-164,-63,78,10040,-9280,8232,-32,184,-168,-14776,4372,3244,-1001,11,-56,-14688,-2548,5988,-485,123,-133,0
3775.949296951294,10644,4384,11180,-184,-33,67,9740,-9368,8656,-24,203,-168,-14664,4480,3284,-1011,21,-86,-14740,-2520,6068,-481,139,-139,0
3775.9846041202545,10632,4424,10960,-225,-71,74,10068,-9288,8548,-47,177,-162,-14652,4472,3372,-977,50,-60,-14600,-2480,5900,-444,139,-153,0
3776.0196380615234,10660,4400,11032,-196,-76,88,9768,-9256,8400,-42,167,-149,-14596,4404,3336,-966,59,-69,-14688,-2528,5948,-478,128,-136,0
3776.0549421310425,10580,4424,11232,-187,-83,122,9792,-9308,8460,-46,133,-193,-14612,4396,3200,-973,90,-74,-14824,-2528,5792,-456,168,-81,0
3776.090641975402,10532,4416,11044,-176,-117,156,9976,-9336,8500,-72,129,-185,-14556,4108,3384,-1275,115,-110,-14780,-2632,5980,-478,113,-115,0
3776.1261811256413,10724,4336,11124,-178,-59,121,9784,-9344,8536,-8,142,-143,-14692,4488,3156,-1045,84,-67,-14648,-2516,6148,-500,114,-116,0
3776.162068128586,10656,4200,11144,-198,-59,132,10008,-9288,8516,-6,136,-150,-14712,4440,3360,-1279,74,-57,-14780,-2344,5976,-496,87,-118,0
3776.1977920532227,10680,4516,11076,-130,37,122,10008,-9276,8292,-41,116,-149,-14688,4288,3272,-1046,76,-22,-14760,-2548,6044,-489,85,-142,0
3776.232927083969,10496,4160,11176,-138,-76,119,9988,-9368,8436,-25,496,-183,-14604,4352,3308,-980,92,-88,-14764,-2528,6088,-498,110,-117,0
3776.268392086029,10656,4396,11148,-164,-18,110,10040,-9292,8560,-28,158,-158,-14652,4584,3504,-991,59,-82,-14584,-2608,5936,-444,106,-152,0
3776.304073095321,10468,4420,10928,-151,-45,76,10076,-9344,8384,-70,194,-199,-14724,4500,3072,-958,78,-76,-14672,-2520,6044,-454,64,-161,0
3776.3396329879765,10640,4352,11144,-225,-89,70,9856,-9324,8488,-50,219,-144,-14788,4600,3332,-970,22,-25,-14640,-2528,6120,-473,75,-168,0
3776.37459897995,10656,4120,11180,-233,-41,85,10032,-9276,8552,-2,226,-135,-14676,4440,3268,-1030,34,-84,-14616,-2616,6132,-459,93,-134,0
3776.4099121093755,10612,4472,11148,-217,-55,110,9948,-9352,8576,-7,169,-168,-14408,4380,3396,-1009,78,-44,-14344,-2756,5980,-505,126,-93,0
3776.4467389583588,10612,4380,11048,-165,-101,135,9928,-9388,8404,-61,117,-172,-14448,4440,3380,-1000,129,-124,-14704,-2516,6024,-500,93,-123,0
3776.480236053466,10628,4500,11000,-205,-118,135,10004,-9336,8516,247,147,-177,-14608,4576,3476,-1046,111,-95,-14716,-2644,6064,-502,127,-113,0
3776.5138740539546,10556,4464,11208,-177,-74,154,9968,-9280,8476,23,142,-162,-14648,4508,3108,-1054,139,-72,-14736,-2344,5912,-476,129,-55,0
3776.547533988952,10720,4572,10820,-185,-70,175,10028,-9292,8432,21,122,-170,-14644,4332,3472,-1006,75,-45,-14636,-2376,6036,-484,111,-96,0
3776.5812530517574,10740,4596,10952,-186,-29,129,10056,-9368,8344,11,116,-180,-14664,4496,3464,-1017,106,-84,-14660,-2340,6100,-461,111,-139,0
3776.6146190166473,10572,4412,11052,-192,-64,113,9896,-9392,8468,8,102,-190,-14696,4488,3348,-1000,62,-91,-14636,-2436,6096,-485,153,-151,0
3776.647783994674,10600,4432,11004,-145,-66,62,10204,-9264,8364,-77,108,-177,-14600,4496,3172,-1035,66,-94,-14624,-2492,6068,-470,45,-187,0
3776.6826350688934,10500,4564,10988,-144,24,54,10104,-9284,8324,-35,188,-135,-14620,4468,3276,-1280,-10,-59,-14796,-2484,6144,-430,-50,-218,0
3776.7164950370798,10764,4396,10924,-200,188,-16,10060,-9292,8400,57,281,-89,-14580,4440,3356,-1034,-28,255,-14740,-2472,6048,-385,-30,-215,0
3776.7500870227814,10724,4380,11128,-208,216,5,10088,-9336,8644,3,304,-83,-14756,4384,3256,-1020,-59,0,-14724,-2632,6112,-399,252,-200,0
3776.783704042434,10808,4404,11028,-183,190,18,10036,-9448,8524,14,232,-50,-14744,4468,3228,-1025,-46,63,-14804,-2612,6068,-461,-21,-203,0
3776.8173539638524,10580,4472,11184,-112,162,48,9740,-9368,8544,-32,185,-65,-14576,4456,3472,-777,-40,68,-14688,-2620,6132,-477,-29,-214,0
3776.8509800434113,10500,4368,11152,-91,159,28,10232,-9368,8612,-31,228,-72,-14716,4548,3496,-1043,-53,-18,-14640,-2392,6380,-487,15,-225,0
3776.8843541145325,10736,4456,11252,-106,132,-2,10176,-9328,8532,-6,228,-119,-14836,4468,3360,-1008,-60,244,-14516,-2644,6140,-465,15,-195,0
3776.918000936508,10472,4412,11128,-101,122,0,9788,-9388,8424,-13,234,-113,-14620,4472,3080,-1015,-30,-35,-14428,-2596,6072,-438,35,-199,0
3776.951338052749,10244,4508,11192,-123,119,28,9852,-9348,8660,-54,173,-143,-14604,4516,3488,-1003,40,-15,-14784,-2316,6388,-442,47,-186,0
3776.984889984131,10240,4492,11256,-97,78,36,9844,-9352,8564,-46,122,-146,-14520,4500,3492,-967,49,-52,-14672,-2656,6372,-428,43,-145,0
3777.018414974212,10604,4416,11084,-123,55,55,9856,-9468,8512,-74,226,-84,-14848,4592,3460,-1005,98,-62,-14356,-2572,6048,-446,75,-163,0
3777.0519559383392,10536,4460,11236,-91,14,73,9896,-9328,8552,-60,138,-154,-14560,4540,3256,-999,94,-95,-14600,-2572,6060,-437,108,-115,0
3777.085576057434,10540,4436,11232,-75,-3,87,9868,-9364,8448,-73,127,-177,-14676,4504,3536,-1031,110,-61,-14752,-2704,6328,-427,104,-136,0
3777.119271039962,10456,4448,11120,-83,-17,78,10008,-9424,8440,0,158,-173,-14656,4468,3568,-1057,74,-63,-14656,-2556,6184,-455,114,-172,0
3777.1526930332184,10512,4592,11200,-117,55,67,9960,-9400,8568,-6,156,-135,-14628,4464,3264,-1049,80,-70,-14716,-2312,6196,-361,0,-158,0
3777.1863911151886,10456,4476,11172,-149,19,87,9828,-9348,8376,-5,124,-132,-14528,4580,3452,-1051,81,-71,-14684,-2596,6268,-388,182,-153,0
3777.2201080322266,10452,4556,11412,-178,-1,73,9924,-9320,8368,-14,147,-160,-14644,4516,3472,-1018,69,-56,-14680,-2620,6164,-400,161,-170,0
3777.253828048706,10396,4512,11252,-131,-2,67,9868,-9372,8664,-58,169,-158,-14384,4464,3396,-1275,37,-61,-14724,-2404,6296,-359,168,-159,0
3777.2874140739445,10472,4448,11136,-103,-252,40,9928,-9264,8524,-41,148,-201,-14720,4796,3424,-1023,-10,-64,-14724,-2320,6296,-438,93,-196,0
3777.321033000946,10484,4564,11252,-134,-9,53,9912,-9368,8488,11,173,-153,-14636,4572,3248,-779,49,-97,-14824,-2776,6332,-409,105,-167,0
3777.3543319702158,10392,4556,11004,-154,1,27,9840,-9316,8360,-19,147,-187,-14468,4512,3544,-1003,40,-136,-14548,-2628,6216,-481,93,-152,0
3777.3874781131744,10508,4644,11248,-185,-87,44,9940,-9380,8276,-81,130,-224,-14360,4548,3456,-1031,45,-100,-14668,-2640,6180,-468,95,-143,0
3777.421147108078,10592,4516,11080,-155,-75,73,9932,-9284,8592,-34,142,-188,-14576,4464,3404,-999,65,-93,-14716,-2660,6324,-479,69,-137,0
3777.454185009002,10672,4572,11216,-131,-6,79,9812,-9240,8588,-65,125,-147,-14584,4412,3384,-1042,90,-49,-14716,-2312,6124,-485,76,-131,0
3777.491415977478,10252,4484,11136,-156,8,85,10128,-9280,8684,-61,162,-149,-14604,4492,3436,-1007,48,-12,-14628,-2612,6276,-471,75,-133,0
3777.527079105377,10396,4384,11068,-154,21,79,9792,-9320,8504,-64,163,-141,-14552,4576,3572,-1012,76,-9,-14624,-2596,6232,-495,52,-151,0
3777.5624549388885,10404,4500,11032,-127,17,91,9884,-9328,8516,-53,127,-124,-14532,4544,3496,-771,99,-61,-14620,-2328,6316,-521,19,-109,0
3777.5984790325165,10348,4528,11060,-119,8,108,9876,-9472,8716,-57,78,-153,-14528,4632,3600,-994,129,-55,-14540,-2576,6224,-390,71,-109,0
3777.6333451271053,10380,4492,11008,-144,-56,106,9872,-9416,8344,-24,218,-175,-14640,4480,3456,-987,103,-93,-14556,-2572,6552,-436,111,-122,0
3777.6689150333405,10416,4436,11444,-141,-36,100,9820,-9436,8548,-47,153,-189,-14480,4544,3360,-990,112,-80,-14596,-2528,6304,-420,129,-132,0
3777.70431804657,10324,4356,11032,-156,-55,91,9796,-9384,8572,-25,141,-196,-14544,4440,3440,-989,137,-123,-14560,-2764,6276,-423,144,-112,0
3777.739743947983,10380,4852,11276,-156,-69,76,9836,-9428,8488,-40,133,-226,-14740,4496,3484,-981,123,-87,-14648,-2696,6332,-413,174,-126,0
3777.7750389575954,10332,4384,11100,-170,-55,68,10092,-9392,8640,-52,168,-208,-14680,4520,3152,-982,95,-124,-14396,-2640,6260,-442,193,-114,0
3777.810198068618,10320,4832,11208,-188,-62,90,9976,-9304,8512,-65,141,-220,-14404,4512,3316,-974,130,-121,-14644,-2528,6160,-425,153,-136,0
3777.846032142639,10496,4476,11444,-188,-68,73,9876,-9412,8308,-70,144,-203,-14352,4552,3300,-1020,71,-119,-14652,-2560,6200,-476,142,-112,0
3777.8822710514078,10704,4600,11488,-176,-65,55,9904,-9404,8504,-15,154,-212,-14788,4552,3516,-1004,90,-108,-14620,-2596,6180,-458,160,-150,0
3777.9174621105194,10428,4576,11232,-190,-39,61,9916,-9304,8668,-18,197,-170,-14600,4468,3548,-1007,65,-71,-14612,-2588,6272,-476,144,-123,0
3777.953362941742,10424,4640,11176,-178,-28,81,9856,-9312,8456,-51,182,-166,-14804,4536,3624,-974,79,-97,-14620,-2692,6292,-475,152,-118,0
3777.9891901016235,10404,4560,11220,-177,-65,96,9848,-9372,8508,-85,169,-146,-14488,4544,3388,-974,97,-47,-14592,-2572,6280,-484,158,-129,0
3778.024199008941,10336,4584,11452,-185,-49,99,9744,-9392,8304,-71,189,-140,-14616,4520,3616,-953,72,-85,-14604,-2652,6376,-475,158,-140,0
3778.0595569610596,10332,4584,11012,-196,-49,79,9800,-9364,8468,-66,232,-153,-14592,4528,3340,-962,90,-78,-14536,-2752,6228,-479,201,-119,0
3778.095090150833,10380,4496,11188,-195,-93,93,9856,-9336,8564,-68,167,-205,-14496,4436,3536,-952,104,-121,-14580,-2624,6328,-471,196,-120,0
3778.1321959495544,10452,4368,11108,-212,-109,98,10192,-9492,8432,-90,177,-202,-14676,4592,3276,-941,61,-76,-14652,-2572,6280,-495,215,-126,0
3778.1656370162964,10748,4556,11440,-214,-95,87,9804,-9488,8552,-6,182,-191,-14608,4588,3364,-1009,100,-87,-14412,-2628,6360,-500,188,-97,0
3778.1992230415344,10432,4616,11004,-192,-79,127,9912,-9372,8268,-77,123,-166,-14596,4456,3552,-983,128,-82,-14720,-2660,6300,-454,173,-111,0
3778.2327520847325,10536,4548,11516,-196,-77,101,9884,-9308,8392,-71,120,-188,-14708,4576,3364,-991,140,-128,-14640,-2596,6236,-502,200,-100,0
3778.266555070877,10484,4568,11060,-233,-60,132,9888,-9344,8408,-39,98,-199,-14848,4556,3408,-1039,113,-119,-14600,-2544,6076,-765,225,-106,0
3778.300084114074,10300,4584,11028,-204,-54,116,9952,-9368,8440,-16,148,-172,-14500,4424,3532,-994,120,-67,-14576,-2640,6320,-475,164,-99,0
3778.3335931301117,10404,4644,11208,-257,-57,107,9860,-9420,8580,-43,133,-207,-14544,4508,3396,-978,128,-100,-14540,-2640,6180,-409,164,-116,0
3778.3670189380646,10360,4652,11056,-1,-139,112,9828,-9440,8892,-76,98,-247,-14604,4544,3352,-982,136,-154,-14464,-2592,6196,-461,229,-53,0
3778.4001009464264,10336,4612,11496,-239,-181,135,9816,-9496,8564,-29,110,-501,-14848,4544,3360,-974,140,-167,-14608,-2544,6292,-492,230,-104,0
3778.433604002,10440,4548,11108,-219,-231,138,9876,-9460,8588,-38,107,-509,-14356,4548,3376,-987,149,-129,-14524,-2624,6220,-515,195,-123,0
3778.46711397171,10320,4588,11300,-239,-211,141,9868,-9332,8528,-37,88,-276,-14712,4488,3632,-973,179,-166,-14584,-2508,6232,-506,217,-120,0
3778.5007529258723,10444,4556,11016,-277,-212,135,9836,-9316,8620,4,136,-265,-14568,4552,3364,-1016,133,-205,-14676,-2580,6260,-484,510,-89,0
3778.534192085266,10360,4524,11180,-278,-215,146,9872,-9412,8524,10,143,-504,-14616,4564,3308,-982,143,-158,-14660,-2564,6388,-548,221,-95,0
3778.5677521228795,10404,4540,11116,-269,-224,143,9944,-9420,8588,-22,144,-234,-14528,4516,3432,-970,162,-130,-14720,-2788,6260,-534,218,-107,0
3778.6013190746307,10564,4632,11180,-237,-257,162,9856,-9336,8612,-25,148,-255,-14848,4508,3528,-981,153,-122,-14620,-2612,6228,-534,230,-115,0
3778.6347110271454,10500,4568,11068,-244,-278,164,9856,-9336,8484,3,132,-235,-14804,4472,3520,-972,185,-181,-14652,-2792,5936,-531,204,-48,0
3778.6683149337773,10456,4560,11008,-245,-255,174,9912,-9352,8420,23,77,-235,-14656,4488,3544,-994,162,-148,-14752,-2588,6184,-537,190,-93,0
3778.7062230110173,10712,4512,11052,-277,-204,165,10024,-9364,8524,15,98,-241,-14692,4408,3304,-991,131,-122,-14664,-2676,6080,-526,153,-92,0
3778.740447998048,10736,4396,11208,-322,-198,162,10012,-9284,8504,-8,128,-197,-14652,4356,3380,-959,106,-74,-14664,-2500,6228,-262,176,-102,0
3778.773947954178,10540,4496,11140,-291,-164,117,9888,-9272,8708,-47,102,-226,-14552,4416,3492,-990,130,-56,-14392,-2656,6096,-542,165,-84,0
3778.807564973831,10532,4460,11236,-244,-197,152,9840,-9348,8452,254,92,-200,-14632,4492,3272,-1038,164,-138,-14588,-2580,6196,-477,178,-98,0
3778.8408279418945,10608,4524,11076,-222,-167,165,9868,-9260,8564,-255,107,-216,-14828,4468,3348,-771,172,-103,-14844,-2572,6336,-493,201,-68,0
3778.8743691444397,10268,4444,11160,-200,-165,156,9872,-9324,8540,-69,76,-216,-14652,4544,3584,-988,128,-100,-14640,-2620,6152,-511,177,-83,0
3778.907427072525,10624,4424,11016,-196,-86,148,9940,-9340,8480,-49,99,-171,-14624,4464,3084,-1047,184,-78,-14768,-2476,6212,-505,111,-103,0
3778.940686941147,10564,4424,10972,-174,41,154,9752,-9276,8444,-26,166,-102,-14608,4408,3472,-1051,101,-31,-14772,-2476,6108,-497,72,-141,0
3778.9741959571843,10600,4480,11072,-203,97,113,9956,-9380,8472,255,168,-96,-14608,4424,3316,-1040,41,12,-14680,-2480,6168,-508,58,-143,0
3779.0076529979706,10504,4472,11180,-203,127,79,9932,-9384,8572,2,225,-102,-14640,4568,3288,-1041,69,-40,-14640,-2464,6240,-489,115,-88,0
3779.040997982025,10536,4476,11268,-120,63,80,9952,-9408,8512,38,211,-127,-14684,4432,3580,-1066,79,-60,-14592,-2572,6144,-506,164,-101,0
3779.0745720863342,10484,4424,11052,-128,17,69,9884,-9344,8244,23,246,-77,-14716,4560,3344,-1070,97,-97,-14632,-2328,6288,-481,149,-148,0
3779.1082289218903,10472,4488,11272,-118,3,98,9924,-9420,8588,52,336,-116,-14608,4512,3524,-1051,79,-26,-14636,-2708,6172,-497,104,-187,0
3779.1411180496216,10252,4464,11212,-119,-7,69,9792,-9428,8400,3,222,-138,-14696,4520,3484,-1017,248,-55,-14636,-2692,5980,-500,79,-194,0
3779.1796159744263,10252,4596,11032,-125,58,35,9756,-9340,8560,-25,202,-86,-14836,4592,3428,-1000,30,-51,-14372,-2604,6052,-481,62,-199,0
3779.2145490646362,10620,4484,11048,-124,65,31,10016,-9268,8312,15,238,-104,-14356,4492,3224,-1008,23,-56,-14652,-2696,6184,-469,89,-201,0
3779.2502949237823,10444,4504,11356,-149,35,13,9968,-9248,8524,-35,200,-193,-14504,4472,3548,-771,17,-76,-14648,-2596,6184,-471,111,-183,0
3779.286101102829,10248,4444,11196,-135,-40,9,9848,-9308,8428,-46,139,-224,-14648,4576,3352,-1008,47,-112,-14604,-2364,6240,-479,160,-145,0
3779.3218791484833,10448,4524,11144,-122,-51,31,9840,-9332,8616,12,115,-212,-14832,4432,3580,-1060,101,-107,-14632,-2524,6236,-467,168,-145,0
3779.35787510872,10584,4552,11116,-117,-35,40,9664,-9324,8500,33,158,-208,-14652,4472,3308,-1071,124,-84,-14596,-2620,6192,-467,176,-138,0
3779.3934299945836,10512,4548,11256,-173,-14,98,9828,-9228,8432,-28,105,-182,-14548,4528,3448,-1002,108,-77,-14680,-2596,6164,-492,148,-101,0
3779.4291729927063,10512,4536,11272,-128,31,119,9828,-9348,8632,-53,99,-162,-14724,4568,3356,-1043,71,-7,-14712,-2492,6252,-263,100,-132,0
3779.4642560482025,10444,4476,11084,-168,0,108,9860,-9388,8576,-60,121,-112,-14604,4576,3472,-1048,76,-51,-14644,-2672,6372,-529,76,-139,0
3779.4994990825653,10452,4412,11124,-135,44,118,9876,-9288,8636,-118,122,-133,-14836,4428,3356,-1013,100,-31,-14600,-2712,6284,-496,68,-129,0
3779.534609079361,10392,4532,11156,-150,-54,93,9928,-9312,8676,-88,80,-156,-14664,4516,3572,-996,68,-77,-14652,-2696,6272,-490,117,-119,0
3779.5705499649043,10460,4544,11112,-153,34,110,9896,-9352,8416,-58,35,-151,-14512,4508,3364,-1030,131,-36,-14488,-2588,6284,-492,149,-123,0
3779.6060130596165,10420,4488,11120,-140,-256,96,9896,-9196,8484,-38,65,-179,-14400,4448,3284,-1274,111,-58,-14636,-2640,6248,-486,146,-133,0
3779.6419339179993,10336,4684,11328,-144,-16,81,9908,-9344,8352,-69,94,-214,-14340,4564,3484,-987,108,-89,-14804,-2644,6376,-488,173,-126,0
3779.677978992462,10248,4552,11256,-120,-37,61,9912,-9372,8632,-66,106,-190,-14640,4464,3376,-1034,85,-70,-14612,-2580,6272,-473,138,-142,0
3779.71320104599,10456,4632,11252,-144,3,83,9832,-9372,8476,-14,120,-167,-14340,4488,3624,-1049,78,-102,-14620,-2584,6260,-511,133,-140,0
3779.7491469383244,10384,4720,11176,-125,16,120,9860,-9356,8532,-32,118,-150,-14532,4536,3412,-1078,145,-50,-14600,-2588,6280,-484,114,-104,0
3779.7842569351196,10460,4504,11212,-132,-42,113,9832,-9356,8688,1,108,-170,-14808,4524,3448,-1048,114,-81,-14624,-2580,6248,-474,146,-130,0
3779.820183992386,10416,4592,11020,-160,-14,125,9800,-9344,8580,-37,105,-152,-14636,4436,3352,-1025,173,-85,-14608,-2692,6368,-496,135,-127,0
3779.853712081909,10456,4596,11104,-148,-28,101,9856,-9300,8576,-37,123,-191,-14656,4388,3420,-1052,116,-91,-14652,-2776,6240,-476,145,-140,0
3779.8871779441833,10488,4464,11228,-149,-50,104,9848,-9328,8636,-22,154,-185,-14672,4352,3516,-1003,86,-116,-14648,-2808,6208,-471,127,-140,0
3779.9206500053406,10400,4860,11024,-156,-49,80,9908,-9380,8588,-62,117,-187,-14396,4512,3496,-997,110,-95,-14652,-2592,6192,-464,128,-148,0
3779.9539029598236,10456,4700,11036,-165,-37,68,9908,-9360,8516,-21,145,-198,-14404,4460,3480,-1023,114,-117,-14736,-2652,6256,-491,134,-117,0
3779.9874250888824,10420,4856,11124,-188,-39,91,9928,-9348,8472,-26,117,-198,-14704,4480,3496,-1081,88,-85,-14440,-2576,6260,-461,155,-105,0
3780.0210819244385,10428,4448,11292,-158,-57,107,9952,-9344,8524,-48,120,-183,-14548,4556,3384,-995,84,-84,-14656,-2604,6368,-475,153,-96,0
3780.0544481277466,10456,4356,11012,-177,-89,102,9864,-9356,8668,-65,127,-179,-14624,4516,3356,-979,119,-51,-14668,-2672,6348,-448,163,-79,0
3780.0879969596863,10300,4568,11168,-201,-88,105,9876,-9420,8580,-78,126,-170,-14816,4652,3380,-1001,98,-69,-14748,-2664,6092,-464,143,-102,0
3780.121621131897,10404,4576,11152,-279,-135,134,9760,-9344,8604,-28,161,-169,-14624,4516,3516,-1004,95,-107,-14684,-2616,6284,-510,150,-59,0
3780.1549170017242,10372,4656,11120,-213,-135,140,9784,-9348,8620,-50,155,-192,-14644,4420,3452,-994,122,-105,-14672,-2756,6240,-475,149,-75,0
3780.188383102417,10408,4852,11152,-223,-227,142,9896,-9392,8660,-68,141,-181,-14628,4532,3384,-972,102,-74,-14664,-2600,6168,-468,178,-77,0
3780.2220680713654,10380,4496,11308,-264,-151,156,9848,-9360,8444,-25,151,-203,-14532,4524,3344,-990,110,-130,-14612,-2640,6172,-455,183,-95,0
3780.2556719779973,10420,4480,11292,-247,-170,149,9892,-9344,8544,3,160,-189,-14692,4536,3352,-1014,73,-127,-14636,-2816,6272,-490,189,-91,0
3780.2892019748692,10404,4532,11252,-262,-166,131,9848,-9348,8544,-14,195,-224,-14596,4524,3416,-993,78,-167,-14844,-2792,6376,-471,182,-127,0
3780.322639942169,10484,4584,11204,-208,-193,138,9940,-9344,8652,-19,112,-243,-14372,4572,3304,-944,123,-154,-14608,-2572,6228,-486,196,-74,0
3780.3564720153813,10484,4856,10860,-218,-228,159,9876,-9420,8484,-27,131,-216,-14672,4464,3568,-999,111,-109,-14660,-2624,6152,-484,226,-70,0
3780.389725923538,10520,4424,11040,-255,-184,161,9944,-9320,8516,-1,155,-226,-14648,4428,3528,-1013,119,-124,-14720,-2644,6112,-481,210,-75,0
3780.423229932785,10456,4560,11436,-238,-242,156,9852,-9240,8500,-18,133,-200,-14696,4436,3332,-981,115,-141,-14680,-2612,6204,-471,177,-85,0
3780.4565620422363,10556,4524,10984,-231,-148,119,9872,-9380,8628,6,116,-196,-14588,4416,3480,-991,99,-103,-14648,-2588,6208,-502,173,-90,0
3780.4899809360504,10472,4472,10992,-226,-147,180,9936,-9324,8908,7,98,-183,-14404,4476,3252,-771,107,-71,-14668,-2536,6076,-498,176,-87,0
3780.5234289169307,10480,4456,11144,-229,-160,156,9944,-9408,8636,3,32,-218,-14344,4500,3488,-1085,125,-72,-14592,-2600,6228,-506,167,-65,0
3780.5571010112762,10744,4768,11144,-217,-161,157,9944,-9460,8500,-30,113,-220,-14640,4448,3356,-969,118,-146,-14644,-2604,6160,-482,148,-75,0
3780.5905361175533,10520,4368,11176,-166,-153,127,9856,-9364,8912,-81,125,-193,-14676,4528,3304,-996,84,-102,-14636,-2608,5940,-525,141,-136,0
3780.6240019798283,10628,4536,11136,-217,-161,128,9928,-9392,8608,12,159,-176,-14832,4488,3320,-1053,117,-77,-14612,-2604,6352,-486,177,-144,0
3780.6574280261993,10508,4520,10812,-171,-90,127,9900,-9280,8452,-38,111,-184,-14612,4412,3564,-995,134,-78,-14612,-2680,6076,-473,142,-121,0
3780.6910331249237,10324,4432,10856,-184,-91,92,9968,-9416,8460,-19,141,-190,-14628,4440,3440,-1037,106,-93,-14756,-2448,6180,-495,115,-128,0
3780.7246301174164,10648,4360,11076,-155,-17,100,9872,-9328,8500,-14,185,-126,-14836,4384,3432,-1065,85,-67,-14724,-2596,6212,-508,94,-131,0
3780.7581300735474,10256,4508,11248,-180,45,123,9976,-9468,8552,11,161,-104,-14604,4408,3328,-1055,127,-29,-14612,-2632,6104,-474,119,-119,0
3780.7916600704193,10468,4596,11096,-180,26,139,9880,-9276,8540,9,148,-149,-14668,4492,3460,-1056,91,-27,-14732,-2656,6320,-498,118,-126,0
3780.8247039318085,10464,4588,11064,-175,5,74,9868,-9368,8600,-32,169,-144,-14612,4460,3792,-1278,51,-28,-14676,-2700,6272,-505,123,-136,0
3780.8621859550476,10472,4500,11276,-141,-14,70,9832,-9472,8636,-7,154,-157,-14356,4444,3536,-1000,87,-114,-14824,-2400,6224,-493,117,-148,0
3780.8980300426483,10348,4596,11204,-141,5,76,9764,-9320,8692,-56,149,-188,-14348,4488,3400,-1008,78,-67,-14740,-2692,6200,-479,107,-125,0
3780.9336919784546,10444,4444,11128,-164,-6,68,9968,-9372,8392,-48,139,-148,-14816,4440,3364,-1000,50,-77,-14680,-2548,6284,-487,110,-121,0
3780.9696640968323,10512,4552,11024,-158,32,104,9828,-9376,8324,-21,166,-164,-14564,4496,3440,-1020,108,-58,-14680,-2384,5908,-490,121,-150,0
3781.004967927933,10288,4508,11060,-170,52,96,9824,-9320,8940,-28,146,-163,-14556,4576,3228,-1000,88,-48,-14592,-2672,6068,-505,123,-150,0
3781.0412530899043,10536,4424,11124,-134,-17,96,9916,-9380,8672,-35,123,-175,-14548,4452,3276,-1012,97,-96,-14832,-2332,6148,-479,146,-128,0
3781.077171087265,10560,4440,11180,-140,-47,79,9948,-9376,8596,-39,125,-159,-14656,4448,3536,-1280,63,-81,-14624,-2612,6100,-464,119,-147,0
3781.1123299598694,10496,4572,11120,-120,17,87,9940,-9300,8508,-27,127,-153,-14656,4528,3368,-1012,79,-48,-14728,-2572,6168,-474,118,-139,0
3781.1482520103455,10520,4616,11092,-134,33,64,10000,-9384,8504,-24,161,-170,-14816,4444,3512,-1278,85,-66,-14672,-2624,6224,-484,120,-156,0
3781.1830899715424,10724,4544,11292,-135,32,61,10148,-9268,8544,-52,126,-163,-14840,4600,3420,-991,76,-64,-14672,-2588,6328,-497,132,-143,0
3781.2186739444733,10344,4516,11020,-137,-5,60,9948,-9280,8628,-18,131,-162,-14360,4436,3372,-996,69,-86,-14592,-2632,6092,-496,129,-159,0
3781.2542350292206,10324,4532,11208,-133,-27,85,9824,-9320,8604,-19,107,-186,-14520,4620,3408,-1016,96,-67,-14516,-2700,6144,-760,143,-139,0
3781.289170026779,10448,4448,11012,-151,-18,80,9848,-9356,8664,-41,104,-171,-14756,4500,3396,-1020,93,-33,-14640,-2640,6192,-504,150,-143,0
3781.3244240283966,10432,4400,11096,-164,-84,121,9900,-9276,8588,-46,107,-201,-14604,4716,3468,-1021,152,-104,-14640,-2708,6352,-484,171,-124,0
3781.359596014023,10420,4616,11108,-148,-87,87,9888,-9348,8604,-32,115,-202,-14612,4504,3404,-992,118,-45,-14672,-2612,6280,-485,171,-108,0
3781.3948969841003,10448,4568,11200,-136,-71,95,9928,-9304,8480,-38,112,-179,-14588,4508,3340,-992,122,-129,-14620,-2728,6064,-488,195,-143,0
3781.4301619529724,10364,4584,11080,-149,-93,79,9820,-9348,8540,-41,108,-213,-14676,4488,3380,-989,143,-76,-14848,-2624,6276,-475,153,-122,0
3781.465590953827,10728,4576,11124,-184,-68,96,9932,-9376,8880,-71,106,-204,-14692,4512,3496,-968,86,-92,-14668,-2592,6160,-491,126,-188,0
3781.5021431446075,10664,4520,11436,-215,-62,84,9844,-9408,8568,-21,136,-142,-14356,4540,3104,-1274,36,-38,-14716,-2576,6256,-499,120,-140,0
3781.5356450080876,10456,4636,11148,-189,-18,115,9888,-9312,8640,-43,148,-139,-14796,4480,3516,-1009,98,-26,-14708,-2620,6228,-477,85,-133,0
3781.5693340301514,10384,4676,11248,-182,-45,74,9800,-9328,8628,-88,136,-159,-14832,4604,3532,-977,80,-111,-14648,-2648,6360,-263,132,-135,0
3781.6029200553894,10468,4532,10944,-214,-33,76,9776,-9372,8424,-11,102,-174,-14624,4572,3504,-1046,79,-66,-14808,-2628,6260,-492,154,-163,0
3781.636721134186,10748,4380,11080,-149,-51,93,9840,-9348,8584,8,108,-168,-14544,4448,3284,-1060,97,-39,-14620,-2708,6292,-500,128,-134,0
3781.6701281070714,10408,4672,11500,-187,-22,84,9860,-9316,8524,-53,146,-180,-14604,4504,3436,-1023,100,-27,-14688,-2616,6200,-454,77,-123,0
3781.703675031662,10348,4496,11144,-205,-65,104,9856,-9420,8620,-56,114,-180,-14512,4352,3352,-1272,106,-72,-14612,-2732,6212,-478,106,-125,0
3781.7373900413513,10476,4520,11332,-184,-41,98,9864,-9492,8436,-55,143,-182,-14624,4492,3384,-1049,110,-100,-14560,-2800,6340,-261,125,-144,0
3781.7710349559784,10472,4588,11204,-160,-52,105,9744,-9352,8660,-26,142,-177,-14532,4460,3352,-1064,139,-108,-14600,-2664,6252,-502,128,-114,0
3781.80482006073,10344,4556,11088,-177,-99,97,9840,-9324,8280,-40,106,-186,-14604,4528,3532,-1069,132,-113,-14616,-2708,6240,-456,163,-102,0
3781.838338136673,10476,4580,11208,-209,-35,108,10196,-9624,8512,-21,144,-180,-14584,4508,3352,-1033,122,-67,-14344,-2312,6300,-477,161,-113,0
3781.871973991394,10560,4548,11184,-209,-80,118,9952,-9440,8584,-37,153,-169,-14364,4484,3452,-1008,114,-105,-14544,-2656,6288,-498,139,-84,0
3781.9054510593414,10428,4824,11096,-192,-102,107,9896,-9348,8484,-48,152,-187,-14608,4528,3428,-1006,93,-124,-14812,-2712,6264,-461,160,-117,0
3781.9390749931335,10368,4376,11100,-241,-113,117,9768,-9432,8504,-80,132,-224,-14672,4496,3156,-972,95,-140,-14812,-2632,6324,-475,134,-132,0
3781.9724929332733,10276,4532,11104,-256,-150,134,9936,-9420,8484,-44,172,-236,-14564,4500,3396,-973,144,-117,-14612,-2676,6372,-471,173,-81,0
3782.0060369968414,10368,4676,11428,-249,-224,111,9808,-9364,8512,-58,125,-249,-14600,4784,3372,-959,92,-118,-14680,-2548,6100,-467,202,-107,0
3782.0396900177,10440,4664,11072,-251,-183,105,9852,-9260,8604,-45,165,-227,-14656,4536,3376,-954,87,-147,-14632,-2524,6232,-479,207,-115,0
3782.072929143905,10400,4360,11152,-258,-162,135,9804,-9340,8640,-43,149,-238,-14672,4504,3436,-951,118,-176,-14548,-2624,6040,-448,210,-63,0
3782.106606960296,10480,4616,11116,-242,-184,132,9832,-9304,8460,-5,169,-222,-14832,4480,3544,-935,108,-157,-14696,-2620,6268,-434,233,-56,0
3782.1398451328278,10432,4772,11128,-274,-181,142,9848,-9360,8580,-42,158,-233,-14660,4484,3496,-927,120,-119,-14672,-2424,6160,-433,222,-65,0
3782.1735789775853,10556,4504,11220,-255,-198,140,9952,-9428,8616,-20,133,-241,-14640,4460,3440,-928,87,-133,-14392,-2648,5972,-451,217,-84,0
3782.207175016403,10360,4496,11156,-293,-204,148,9884,-9416,8468,-256,152,-215,-14732,4488,3412,-958,83,-134,-14672,-2660,6200,-447,167,-101,0
3782.240797996521,10396,4532,11208,-260,-159,132,9912,-9372,8512,-41,142,-202,-14652,4480,3504,-967,95,-148,-14652,-2708,6164,-447,146,-87,0
3782.27432513237,10732,4480,11176,-268,-151,127,9908,-9452,8572,-2,165,-224,-14612,4556,3492,-964,133,-102,-14728,-2624,6228,-459,152,-95,0
3782.3080129623413,10716,4436,11128,-241,-136,142,9912,-9236,8604,-44,66,-225,-14648,4496,3176,-1021,124,-91,-14564,-2588,6212,-472,166,-130,0
3782.3416709899902,10564,4464,11224,-212,-119,158,9768,-9340,8648,10,138,-187,-14728,4544,3256,-772,81,-85,-14620,-2540,6348,-488,142,-129,0
3782.3752410411835,10508,4500,11024,-256,-123,123,9868,-9392,8480,-51,146,-192,-14672,4740,3524,-1005,90,-117,-14352,-2612,6152,-476,132,-140,0
3782.4085071086884,10488,4492,11288,-216,-99,125,9852,-9420,8604,-24,161,-216,-14676,4556,3400,-775,144,-116,-14492,-2816,6272,-532,144,-126,0
3782.4419560432434,10740,4428,11172,-192,-123,119,9872,-9360,8624,-47,134,-203,-14532,4612,3312,-1008,112,-118,-14616,-2480,6056,-493,190,-97,0
3782.4753270149226,10432,4444,11012,-170,-110,110,9856,-9376,8576,-25,136,-215,-14512,4504,3404,-1016,116,-132,-14684,-2656,6228,-501,156,-97,0
3782.5112249851218,10472,4424,11040,-181,-103,99,9824,-9308,8632,-28,150,-205,-14536,4388,3352,-989,88,-74,-14604,-2604,6112,-453,142,-134,0
3782.547585964203,10548,4540,10996,-197,-33,125,9868,-9272,8552,-255,151,-162,-14368,4472,3396,-1014,116,-31,-14688,-2612,6068,-454,149,-132,0
3782.582663059234,10504,4848,11208,-193,-34,103,10016,-9276,8588,-19,144,-154,-14660,4516,3500,-1020,131,-72,-14756,-2632,6124,-480,138,-114,0
3782.6186389923096,10532,4572,11096,-183,246,97,9972,-9412,8596,-58,134,-162,-14628,4380,3416,-1005,125,-21,-14604,-2356,6120,-468,131,-118,0
3782.6536090373993,10532,4572,11172,-167,-62,131,9764,-9316,8484,-57,125,-168,-14616,4432,3360,-1031,116,-41,-14688,-2632,6268,-488,114,-120,0
3782.6895849704742,10484,4496,11012,-140,-21,123,9924,-9392,8516,-27,117,-156,-14676,4448,3512,-1013,101,-38,-14676,-2628,5912,-494,100,-158,0
3782.7248799800873,10480,4460,11080,-158,-25,88,9928,-9364,8448,-19,146,-136,-14540,4504,3268,-1020,109,-63,-14732,-2308,6200,-469,96,-128,0
3782.7608609199524,10256,4532,10988,-130,8,92,10012,-9388,8536,-46,159,-164,-14616,4456,3484,-1031,76,-13,-14600,-2588,6236,-497,115,-136,0
3782.7961161136627,10524,4480,11356,-189,247,73,9856,-9320,8492,-47,122,-171,-14632,4376,3432,-1007,93,-52,-14620,-2640,5932,-469,84,-135,0
3782.831794023514,10568,4472,11140,-137,-35,94,9812,-9544,8532,-51,107,-169,-14576,4568,3572,-1043,87,-54,-14632,-2552,6236,-524,82,-120,0
3782.8674600124364,10404,4428,11112,-135,-252,98,9916,-9432,8408,-29,135,-138,-14540,4564,3380,-1038,81,-31,-14592,-2636,6240,-505,101,-130,0
3782.9032299518585,10524,4528,11132,-144,27,71,9928,-9420,8492,-24,144,-139,-14572,4484,3396,-1046,88,-52,-14672,-2656,6136,-482,75,-140,0
3782.9392399787903,10508,4536,11348,-142,18,80,9940,-9392,8500,-36,156,-130,-14600,4452,3412,-1001,32,-58,-14680,-2676,6188,-537,103,-178,0
3782.974113941192,10408,4512,11092,-151,13,64,9780,-9372,8240,250,109,-171,-14512,4532,3520,-1079,99,-119,-14668,-2580,6344,-506,94,-162,0
3783.0095031261444,10384,4524,10760,-104,17,90,10236,-9256,8532,-2,136,-136,-14628,4392,3576,-1027,93,-49,-14604,-2540,6108,-498,124,-150,0
3783.0446259975433,10428,4560,11056,-127,29,69,9804,-9400,8496,-49,135,-165,-14608,4548,3236,-1007,106,-84,-14688,-2628,6276,-481,95,-156,0
3783.0804080963135,10568,4400,11020,-132,-24,79,9916,-9404,8460,-30,154,-166,-14696,4476,3576,-994,109,-73,-14588,-2588,6140,-493,119,-152,0
3783.1153180599213,10484,4588,11032,-116,-33,76,9808,-9440,8496,-35,165,-171,-14376,4432,3524,-1010,108,-108,-14628,-2616,6212,-515,170,-103,0
3783.1509919166565,10628,4852,11088,-131,-30,124,9908,-9344,8260,-15,129,-171,-14568,4472,3460,-1050,106,-94,-14664,-2624,6388,-497,157,-102,0
3783.1866149902344,10352,4584,11152,-158,-79,122,9944,-9320,8224,-18,127,-172,-14636,4548,3428,-1012,103,-84,-14680,-2672,6148,-473,160,-104,0
3783.2202589511867,10424,4508,11016,-172,-14,116,9840,-9388,8696,-27,150,-189,-14536,4576,3424,-955,70,-41,-14636,-2612,6000,-478,139,-133,0
3783.2537500858307,10436,4356,11288,-153,-42,109,9804,-9364,8548,-6,147,-172,-14704,4480,3512,-985,103,-100,-14672,-2716,6248,-485,146,-111,0
3783.2873899936676,10444,4532,11240,-174,-53,103,9816,-9356,8564,-24,114,-179,-14784,4420,3328,-989,78,-104,-14620,-2636,6260,-438,143,-117,0
3783.320994138717,10576,4560,11216,-205,-78,100,9872,-9372,8688,-32,160,-170,-14376,4568,3292,-985,62,-75,-14588,-2616,6248,-469,148,-134,0
3783.354301929474,10464,4608,11072,-214,-77,105,9952,-9344,8604,-48,121,-185,-14668,4556,3440,-960,88,-68,-14640,-2544,6184,-476,154,-94,0
3783.389013051986,10428,4532,11072,-201,-92,116,9900,-9464,8444,-19,146,-195,-14460,4600,3420,-976,90,-117,-14640,-2584,6172,-472,182,-93,0
3783.4234161376953,10364,4420,11212,-176,-78,127,9860,-9408,8580,-4,137,-189,-14688,4576,3444,-969,105,-87,-14832,-2624,6392,-467,163,-104,0
3783.4568910598755,10448,4464,11232,-199,-76,106,9888,-9408,8504,-10,142,-195,-14596,4540,3384,-1031,114,-80,-14692,-2760,5932,-499,187,-124,0
3783.490431070328,10412,4480,11140,-184,-96,114,9864,-9400,8612,-7,134,-184,-14660,4532,3740,-778,76,-92,-14392,-2744,6300,-502,211,-94,0
3783.5240499973293,10688,4524,11220,-182,-71,92,9884,-9384,8588,-36,153,-215,-14604,4460,3352,-977,113,-125,-14616,-2620,6200,-509,172,-115,0
3783.5573489665985,10420,4504,11020,-185,-83,112,9948,-9320,8468,-54,129,-194,-14544,4524,3468,-1008,85,-105,-14600,-2580,6240,-503,167,-119,0
3783.5910761356354,10484,4352,11400,-203,-79,111,9864,-9416,8600,-37,115,-182,-14720,4620,3576,-997,74,-75,-14600,-2696,6260,-500,182,-115,0
3783.6245729923253,10416,4568,11060,-206,-81,113,9740,-9360,8472,-19,159,-168,-14624,4500,3364,-992,95,-66,-14848,-2708,6148,-469,156,-106,0
3783.6578011512756,10424,4420,11176,-177,-84,96,9952,-9400,8656,-67,177,-203,-14652,4388,3300,-793,90,-74,-14640,-2576,6172,-509,127,-138,0
3783.6913659572606,10244,4556,11136,-170,-90,86,9812,-9340,8472,-21,111,-201,-14560,4540,3356,-1055,150,-81,-14664,-2604,6204,-508,127,-143,0
3783.7287130355835,10468,4568,11120,-127,-27,113,9968,-9372,8564,-15,120,-161,-14620,4472,3424,-1029,134,-60,-14660,-2596,6208,-535,102,-103,0
3783.76247215271,10460,4536,11132,-153,-7,96,9928,-9380,8668,-52,152,-165,-14532,4572,3476,-772,120,-107,-14604,-2712,6344,-491,79,-123,0
3783.7961299419403,10380,4608,11008,-178,-21,91,9784,-9420,8464,-67,135,-155,-14736,4460,3488,-1008,111,-125,-14676,-2644,6228,-491,130,-131,0
3783.8297431468964,10416,4656,11080,-149,-41,93,9852,-9472,8492,-41,134,-152,-14660,4472,3476,-1007,147,-90,-14660,-2596,6240,-502,144,-118,0
3783.863018035888,10492,4604,11076,-162,-45,129,9820,-9404,8456,-32,94,-201,-14344,4504,3572,-1061,113,-57,-14368,-2632,6244,-492,143,-116,0
3783.8962359428406,10396,4560,11188,-176,-56,122,9876,-9368,8540,-44,105,-189,-14708,4600,3384,-1118,153,-137,-14620,-2684,6232,-502,161,-119,0
3783.92995095253,10432,4572,11136,-188,-72,131,9812,-9368,8444,-53,128,-162,-14472,4404,3408,-1014,106,-107,-14728,-2632,6332,-506,124,-96,0
3783.9632930755615,10348,4504,11164,-198,-21,120,9892,-9420,8544,-25,143,-151,-14584,4444,3440,-1003,101,-111,-14704,-2680,6140,-452,156,-87,0
3783.99707698822,10420,4660,11176,-236,-101,92,9872,-9304,8604,-13,133,-205,-14588,4456,3588,-981,60,-85,-14676,-2656,6280,-448,190,-101,0
3784.0305359363556,10408,4604,11164,-511,-110,139,9732,-9376,8712,-63,150,-226,-14628,4464,3424,-941,64,-127,-14716,-2692,6240,-449,135,-121,0
3784.0637469291682,10420,4540,11172,-219,-183,128,9832,-9416,8544,-115,148,-218,-14620,4496,3580,-943,60,-149,-14716,-2548,6124,-447,141,-85,0
3784.097370147705,10456,4496,11256,-249,-123,137,9788,-9412,8476,-57,97,-214,-14596,4552,3344,-987,52,-124,-14424,-2660,5900,-492,151,-84,0
3784.1308789253235,10480,4600,11244,-236,-151,184,9876,-9308,8520,-32,99,-189,-14612,4464,3508,-982,102,-99,-14532,-2664,6220,-461,150,-93,0
3784.164294958114,10340,4520,11220,-236,-138,174,9720,-9292,8572,-55,115,-220,-14576,4448,3464,-965,90,-141,-14544,-2552,6212,-467,197,-68,0
3784.200840950012,10360,4520,11052,-268,-213,157,9888,-9360,8492,-21,110,-225,-14640,4516,3244,-950,82,-106,-14696,-2708,6232,-472,199,-73,0
3784.236366033554,10540,4508,11348,-246,-182,177,10020,-9452,8424,-28,114,-208,-14632,4448,3464,-959,88,-85,-14668,-2792,6120,-459,182,-93,0
3784.272192001343,10432,4420,11160,-281,-180,130,10004,-9360,8492,-21,125,-227,-14524,4540,3524,-997,83,-159,-14344,-2676,6304,-467,191,-93,0
3784.3081381320953,10404,4468,11252,-268,-160,135,9932,-9284,8552,-32,161,-218,-14604,4492,3412,-978,109,-64,-14676,-2660,6016,-446,142,-83,0
3784.343055009842,10496,4552,11080,-242,-145,125,9832,-9368,8520,-27,107,-190,-14608,4464,3396,-992,67,-96,-14372,-2668,6232,-761,111,-104,0
3784.3792660236363,10468,4588,11180,-200,-121,140,9968,-9372,8568,-34,99,-196,-14420,4468,3332,-990,128,-74,-14656,-2692,6284,-528,163,-91,0
3784.4140639305115,10496,4492,11284,-217,-158,155,10168,-9364,8556,-23,102,-256,-14340,4404,3460,-779,125,-145,-14588,-2588,6196,-485,178,-70,0
3784.449234008789,10444,4492,11192,-220,-165,195,9844,-9384,8420,1,77,-214,-14620,4508,3352,-983,144,-76,-14540,-2556,6304,-505,165,-82,0
3784.485034942627,10496,4696,11272,-229,-180,185,9896,-9408,8624,-13,49,-212,-14400,4352,3352,-1065,173,-158,-14704,-2720,6236,-759,161,-70,0
3784.5202641487126,10540,4520,11164,-193,-120,153,9936,-9464,8644,-19,124,-195,-14632,4576,3540,-1023,146,-68,-14708,-2572,6160,-503,104,-99,0
3784.555524110794,10588,4452,11092,-178,-95,116,9996,-9404,8556,-79,109,-172,-14704,4560,3356,-1038,99,-111,-14752,-2628,6208,-537,108,-117,0
3784.5918459892273,10556,4432,11144,-195,-115,118,9916,-9264,8400,-5,136,-179,-14500,4432,3448,-1034,124,-97,-14764,-2580,6344,-501,121,-112,0
3784.628112077713,10572,4500,10960,-139,-97,122,9884,-9352,8556,-58,136,-170,-14636,4424,3568,-1021,137,-82,-14368,-2796,6060,-479,126,-136,0
3784.6632881164555,10580,4436,11188,-168,-99,97,9928,-9392,8444,-21,179,-187,-14812,4488,3436,-1057,132,-108,-14652,-2692,6148,-503,123,-144,0
3784.6986439228053,10744,4476,11088,-135,-55,118,9896,-9292,8496,-28,129,-160,-14600,4364,3364,-1060,112,-38,-14676,-2664,5992,-486,128,-103,0
3784.7337670326233,10540,4476,11108,-153,25,86,9856,-9228,8352,-35,165,-153,-14668,4392,3380,-1033,102,-39,-14644,-2772,6248,-497,113,-137,0
3784.769294023514,10528,4480,11292,-142,19,62,9872,-9388,8568,-19,139,-151,-14512,4612,3436,-1027,82,-64,-14708,-2596,6248,-482,104,-157,0
3784.8040709495544,10484,4536,11196,-112,45,96,9912,-9388,8228,-24,151,-125,-14716,4456,3436,-1031,73,-47,-14724,-2608,5920,-490,155,-162,0
3784.84035205841,10524,4564,11060,-123,44,80,9876,-9292,8492,5,154,-148,-14624,4536,3304,-987,68,-80,-14672,-2488,6344,-486,136,-147,0
3784.8737120628357,10380,4452,11128,-194,23,91,9860,-9268,8484,1,149,-154,-14560,4488,3572,-770,94,-78,-14588,-2608,6276,-455,166,-105,0
3784.9070920944214,10492,4488,11104,-168,-14,96,9952,-9312,8544,-18,172,-145,-14612,4540,3520,-1010,70,-9,-14664,-2692,6288,-488,175,-135,0
3784.9407930374146,10508,4568,11064,-115,-256,62,9912,-9356,8444,-9,208,-150,-14584,4464,3512,-983,49,-63,-14612,-2612,6228,-461,172,-147,0
3784.97421503067,10248,4360,11144,-164,-27,86,9924,-9224,8460,-8,194,-168,-14380,4396,3372,-987,56,-115,-14620,-2604,6176,-473,200,-128,0
3785.0075900554652,10280,4528,11184,-139,-31,65,9924,-9296,8480,-19,196,-178,-14376,4496,3364,-956,80,-86,-14792,-2604,6036,-442,112,-134,0
3785.040848016739,10580,4452,11080,-170,-19,69,9924,-9348,8552,-29,191,-165,-14596,4480,3556,-1019,87,-17,-14732,-2600,6264,-435,146,-106,0
3785.074229955673,10464,4540,11120,-166,-24,82,9928,-9336,8600,20,156,-144,-14656,4516,3440,-1009,64,-79,-14460,-2784,6232,-490,142,-119,0
3785.108029127121,10448,4508,11124,-182,-40,86,9964,-9328,8612,13,162,-138,-14532,4504,3448,-1277,90,-60,-14596,-2816,6196,-492,112,-118,0
3785.1412620544434,10412,4604,11124,-115,12,111,9840,-9328,8592,-52,152,-157,-14708,4564,3380,-1091,98,-46,-14608,-2640,6152,-502,148,-164,0
3785.1747241020203,10408,4556,11288,-164,-19,81,9944,-9356,8588,-20,167,-175,-14804,4452,3664,-1036,93,-59,-14688,-2600,6316,-491,148,-144,0
3785.2083690166473,10484,4544,11060,-147,23,82,9860,-9288,8476,-17,133,-163,-14596,4520,3484,-1040,111,-29,-14600,-2660,6140,-493,129,-141,0
3785.241972923279,10376,4520,11192,-108,-253,81,9748,-9336,8372,-26,197,-143,-14636,4532,3372,-1079,106,-86,-14728,-2640,6172,-484,100,-154,0
3785.275540113449,10400,4448,11148,-160,-7,105,9884,-9296,8512,-96,102,-171,-14796,4536,3452,-1008,119,-78,-14780,-2700,6208,-487,83,-118,0
3785.3092000484467,10412,4600,11096,-138,12,91,9820,-9456,8640,-68,148,-190,-14612,4496,3360,-1035,134,-67,-14612,-2652,6384,-484,115,-116,0
3785.3426671028133,10448,4484,11224,-194,-42,115,9872,-9296,8552,-251,107,-182,-14552,4432,3556,-1065,150,-29,-14800,-2640,6196,-536,139,-116,0
3785.3761169910426,10308,4616,11128,-117,247,96,9964,-9276,8676,-22,95,-182,-14588,4392,3356,-1054,151,-83,-14556,-2644,6112,-532,113,-132,0
3785.4097599983215,10440,4528,11032,-130,-31,114,9948,-9368,8532,-19,124,-168,-14624,4504,3604,-1077,100,-138,-14644,-2708,6132,-500,155,-117,0
3785.443032979965,10400,4604,11084,-144,-55,79,9896,-9436,8352,-34,119,-175,-14712,4540,3424,-1026,102,-74,-14548,-2624,5960,-261,177,-128,0
3785.4766471385956,10456,4560,11344,-119,-79,113,9856,-9320,8596,-13,114,-188,-14828,4504,3100,-1017,136,-97,-14640,-2592,6156,-466,132,-124,0
3785.5102150440216,10528,4596,11236,-148,-36,115,9896,-9392,8536,-33,112,-184,-14544,4432,3396,-1018,128,-78,-14680,-2628,6208,-447,162,-88,0
3785.54350399971,10380,4536,11220,-164,-89,95,10120,-9412,8556,-58,131,-199,-14660,4488,3220,-962,88,-84,-14588,-2680,6164,-453,162,-121,0
3785.5771770477295,10456,4664,11108,-197,-76,101,9920,-9276,8512,-73,148,-196,-14656,4520,3428,-944,98,-104,-14380,-2572,6128,-465,143,-129,0
3785.610743999481,10572,4588,11168,-180,-60,99,9944,-9420,8712,-45,133,-185,-14608,4540,3344,-961,52,-90,-14652,-2604,6132,-496,174,-153,0
3785.6439599990845,10484,4488,11184,-167,-88,92,9980,-9360,8440,33,178,-179,-14540,4492,3528,-992,70,-96,-14592,-2620,6000,-456,195,-126,0
3785.677444934845,10364,4632,11144,-177,-45,95,9864,-9420,8556,-13,176,-209,-14612,4464,3488,-990,68,-130,-14828,-2628,6344,-445,212,-126,0
3785.7110929489136,10444,4572,11484,-208,-128,101,9944,-9308,8644,-25,149,-207,-14684,4504,3332,-955,101,-137,-14776,-2796,6372,-453,157,-94,0
3785.7445571422572,10564,4832,11040,-134,-67,124,9856,-9356,8464,-14,115,-190,-14628,4544,3364,-1005,96,-75,-14640,-2356,6116,-481,100,-133,0
3785.7781529426575,10688,4572,11096,-177,-23,119,10016,-9372,8460,-14,137,-141,-14636,4448,3456,-1024,79,-35,-14568,-2776,6204,-479,98,-116,0
3785.8117840290074,10436,4580,11104,-218,-23,92,9900,-9372,8616,-23,152,-180,-14612,4460,3364,-992,77,-61,-14640,-2716,6172,-489,104,-137,0
3785.8452270030975,10372,4556,11244,-203,-49,81,9728,-9388,8516,-23,166,-203,-14356,4436,3524,-1005,71,-129,-14632,-2616,6248,-476,109,-135,0
3785.881819963455,10344,4588,11272,-172,-54,80,9820,-9392,8640,-36,162,-221,-14500,4576,3096,-1033,126,-89,-14556,-2640,6288,-495,171,-98,0
3785.9177460670476,10440,4400,11072,-165,-95,92,9876,-9372,8412,-54,79,-202,-14516,4512,3476,-1047,181,-94,-14668,-2536,6224,-457,159,-79,0
3785.952857017517,10380,4568,11172,-177,-71,133,9884,-9400,8700,-46,77,-189,-14676,4508,3368,-770,153,-57,-14692,-2552,6112,-467,168,-91,0
3785.9886770248413,10356,4372,11244,-179,-43,131,9916,-9320,8508,-38,83,-145,-14672,4464,3576,-1041,162,-116,-14628,-2696,6132,-501,106,-128,0
3786.0236759185786,10392,4688,11164,-152,-7,117,10160,-9340,8284,-24,237,-102,-14652,4512,3180,-958,142,-80,-14588,-2676,6224,-514,84,-144,0
3786.058886051178,10652,4584,11252,-163,-26,89,9772,-9228,8464,-49,142,-166,-14600,4456,3460,-1036,86,-103,-14568,-2660,6192,-504,94,-139,0
3786.0941169261932,10356,4528,11320,-186,-28,111,9816,-9324,8576,-46,128,-167,-14488,4360,3124,-1008,94,-79,-14408,-2604,6224,-486,121,-130,0
3786.1291580200195,10400,4596,11124,-164,253,84,9936,-9364,8564,-49,131,-180,-14620,4480,3452,-1056,85,-69,-14620,-2656,6192,-455,136,-116,0
3786.1641380786896,10468,4848,11188,-213,-51,109,10224,-9336,8492,-39,159,-186,-14536,4500,3688,-979,89,-119,-14608,-2624,6168,-464,153,-119,0
3786.1997010707855,10348,4672,11172,-221,-99,119,9928,-9328,8504,-37,141,-191,-14676,4540,3464,-988,79,-108,-14580,-2640,6328,-448,174,-116,0
3786.2349779605865,10408,4856,11008,-225,-135,104,9948,-9344,8632,-39,164,-200,-14596,4516,3572,-986,54,-97,-14616,-2732,6264,-461,177,-108,0
3786.2708649635315,10420,4568,11228,-237,-177,112,9816,-9428,8484,-49,114,-226,-14364,4588,3560,-953,75,-118,-14396,-2724,6308,-455,170,-99,0
3786.3059301376343,10356,4420,11260,-235,-168,130,9968,-9420,8280,-40,137,-203,-14372,4516,3396,-965,47,-91,-14356,-2584,6144,-486,205,-100,0
3786.3413090705867,10420,4404,11048,-265,-152,158,9924,-9424,8552,-50,138,-208,-14656,4556,3472,-943,63,-98,-14596,-2640,6252,-466,202,-69,0
3786.3771600723267,10532,4604,11152,-249,-178,149,9916,-9332,8604,-25,160,-204,-14552,4420,3300,-952,97,-86,-14632,-2712,6392,-432,198,-57,0
3786.4125430583954,10444,4628,11044,-274,-180,160,9732,-9440,8488,-22,137,-226,-14636,4532,3420,-953,138,-145,-14700,-2628,5976,-446,234,-77,0
3786.4486091136932,10444,4516,11016,-261,-190,164,10212,-9348,8508,-7,151,-214,-14652,4368,3388,-960,113,-81,-14644,-2636,6124,-468,199,-58,0
3786.4840641021733,10468,4488,11124,-246,-178,145,9880,-9396,8560,-5,111,-243,-14576,4520,3348,-1280,114,-156,-14672,-2656,6128,-493,212,-104,0
3786.520472049713,10420,4628,11140,-289,-209,140,9892,-9320,8464,-35,115,-1,-14632,4420,3668,-998,92,-83,-14700,-2580,6192,-451,147,-91,0
3786.5536661148076,10500,4452,11040,-248,-160,132,9936,-9420,8544,-74,108,-190,-14660,4580,3448,-992,86,-121,-14716,-2568,6220,-485,109,-110,0
3786.587341070175,10552,4416,11264,-306,-166,133,9980,-9332,8520,15,121,-199,-14356,4544,3548,-1031,65,-117,-14604,-2676,6388,-486,135,-100,0
3786.620943069458,10496,4568,11072,-236,-102,142,9956,-9312,8552,-26,131,-219,-14592,4476,3256,-991,106,-119,-14616,-2660,6136,-461,138,-151,0
3786.6542479991913,10440,4572,11352,-242,-208,136,9996,-9328,8548,-44,124,-248,-14528,4404,3120,-1268,169,-113,-14676,-2608,5912,-491,198,-79,0
3786.687646150589,10456,4484,11048,-250,-160,145,9872,-9288,8668,-8,94,-231,-14588,4536,3348,-1064,148,-139,-14752,-2812,6264,-466,171,-92,0
3786.7211420536046,10512,4520,10920,-215,-181,183,9968,-9348,8604,10,99,-168,-14844,4488,3472,-1049,96,-91,-14608,-2644,6184,-495,129,-124,0
3786.754604101181,10372,4500,11116,-238,-104,121,9800,-9376,8504,-25,120,-177,-14580,4496,3296,-978,115,-114,-14684,-2600,6204,-478,104,-112,0
3786.7883009910583,10560,4532,11160,-182,-143,125,9860,-9408,8432,-58,125,-187,-14696,4500,3516,-1130,159,-106,-14680,-2652,6116,-493,143,-142,0
3786.8218200206757,10432,4408,11088,-191,-113,118,9888,-9360,8484,-32,108,-208,-14364,4528,3504,-1015,146,-105,-14572,-2596,6284,-524,151,-111,0
3786.8554530143733,10508,4500,11204,-139,-112,133,9860,-9456,8480,-54,98,-227,-14584,4416,3404,-1042,149,-79,-14572,-2528,6016,-473,167,-91,0
3786.888792991638,10596,4496,11032,-158,-100,128,9904,-9340,8500,-51,104,-191,-14820,4432,3388,-1038,138,-103,-14664,-2596,6144,-466,126,-112,0
3786.9221069812775,10524,4560,11140,-145,8,110,9912,-9336,8440,-27,147,-165,-14600,4552,3368,-1023,86,-53,-14556,-2576,6296,-478,110,-148,0
3786.9555740356445,10544,4552,11144,-156,26,102,9876,-9380,8384,-5,141,-155,-14588,4388,3448,-1051,81,-20,-14348,-2596,5940,-472,156,-128,0
3786.989225149154,10580,4508,11104,-148,6,99,9920,-9284,8288,-25,156,-165,-14656,4416,3504,-1027,71,-59,-14680,-2696,6256,-464,128,-123,0
3787.022850036621,10412,4488,11236,-154,3,89,9932,-9240,8600,-33,147,-176,-14796,4392,3468,-971,59,-68,-14660,-2652,6288,-483,152,-123,0
3787.05624294281,10252,4548,11196,-151,11,72,9828,-9308,8512,-47,162,-176,-14700,4404,3288,-991,65,-48,-14596,-2576,6184,-452,119,-148,0
3787.0895349979405,10480,4568,11216,-142,24,82,9816,-9424,8524,-57,169,-156,-14552,4468,3524,-975,59,-43,-14620,-2640,6256,-467,139,-142,0
3787.1230139732365,10436,4612,11104,-153,2,76,9960,-9388,8428,-27,179,-155,-14584,4472,3368,-964,67,-83,-14684,-2364,6388,-484,142,-116,0
3787.1565680503845,10504,4568,11212,-164,-11,114,9844,-9316,8596,-40,140,-169,-14736,4356,3408,-1013,81,-92,-14812,-2368,6344,-458,173,-92,0
3787.190204143524,10416,4544,11192,-168,-23,95,9968,-9340,8656,-14,166,-191,-14624,4480,3572,-986,114,-88,-14504,-2640,6116,-464,189,-102,0
3787.2238280773163,10328,4548,11120,-166,-25,89,9904,-9440,8536,-42,126,-183,-14604,4484,3252,-973,114,-56,-14728,-2544,6140,-500,159,-100,0
3787.2573630809784,10724,4420,11188,-147,-13,88,9940,-9456,8620,-58,123,-176,-14612,4536,3280,-1014,93,-64,-14748,-2580,6208,-526,161,-103,0
3787.2908270359044,10716,4536,11044,-162,-40,88,9880,-9336,8360,-33,147,-164,-14592,4432,3396,-1062,81,-86,-14704,-2676,6248,-490,116,-122,0
3787.3244569301605,10472,4532,11052,-164,39,80,9940,-9372,8228,-38,156,-144,-14636,4508,3432,-1036,77,-103,-14608,-2356,6244,-481,110,-157,0
3787.3579320907593,10516,4552,11212,-174,-39,50,9888,-9372,8436,-28,143,-193,-14360,4548,3576,-978,74,-75,-14668,-2624,6280,-481,115,-170,0
3787.391179084778,10244,4572,11096,-158,41,77,9876,-9636,8604,-35,114,-146,-14636,4524,3364,-1043,107,-42,-14616,-2588,6136,-495,141,-128,0
3787.4247410297394,10444,4500,11108,-124,-1,93,9840,-9368,8664,-256,144,-154,-14612,4408,3320,-1036,84,-78,-14692,-2640,6080,-473,147,-147,0
3787.4582319259644,10312,4556,11104,-166,10,76,9952,-9356,8616,-59,131,-178,-14636,4508,3176,-993,95,-96,-14676,-2544,6240,-479,95,-147,0
3787.491997957229,10440,4560,11296,-126,-12,98,9848,-9468,8584,-49,123,-161,-14616,4480,3292,-1034,90,-98,-14704,-2716,6096,-502,119,-122,0
3787.5253119468694,10444,4604,11188,-161,-29,73,9872,-9420,8420,-13,175,-176,-14540,4520,3500,-1044,104,-60,-14824,-2372,6160,-514,131,-133,0
3787.5619370937347,10460,4644,11048,-144,-1,121,9832,-9468,8536,-29,95,-160,-14728,4480,3468,-1059,147,-79,-14532,-2724,6140,-542,125,-121,0
3787.598005056381,10348,4628,11188,-108,-71,92,9932,-9280,8500,-27,122,-172,-14348,4400,3476,-773,84,-98,-14664,-2684,6332,-259,124,-133,0
3787.633342027664,10424,4804,11068,-119,4,89,9800,-9416,8428,-82,112,-176,-14676,4544,3396,-1011,138,-76,-14608,-2704,6112,-539,126,-119,0
3787.669327020645,10376,4604,11240,-137,-53,128,9920,-9320,8556,-33,126,-171,-14824,4604,3360,-1046,134,-60,-14508,-2784,6256,-492,147,-119,0
3787.7049839496613,10292,4656,11240,-145,-50,101,9908,-9420,8432,-47,150,-181,-14560,4488,3568,-1006,133,-87,-14676,-2696,6280,-459,132,-102,0
3787.7409291267395,10544,4532,11192,-186,-69,107,9936,-9300,8608,-66,139,-180,-14756,4452,3560,-1013,127,-56,-14676,-2628,5944,-447,155,-112,0
3787.7774391174316,10512,4596,11228,-177,-64,127,9844,-9380,8664,-60,109,-168,-14660,4496,3368,-984,90,-73,-14692,-2604,6208,-497,130,-124,0
3787.8130710124974,10404,4536,11076,-122,-247,82,9932,-9288,8476,-94,55,-168,-14736,4520,3128,-995,125,-98,-14660,-2728,6232,-543,99,-134,0
3787.8481731414795,10444,4508,11196,-128,-16,95,9932,-9380,8496,-61,88,-178,-14684,4552,3492,-1031,70,-69,-14532,-2632,6244,-767,135,-169,0
3787.8835170269012,10284,4664,11052,-140,-70,94,9844,-9320,8224,-255,150,-192,-14520,4524,3436,-1023,100,-139,-14552,-2700,6276,-481,206,-137,0
3787.9198300838475,10292,4588,11092,-173,-84,90,9928,-9368,8452,-3,158,-233,-14648,4388,3420,-990,104,-47,-14708,-2600,6252,-464,212,-118,0
3787.9550580978394,10420,4600,11304,-232,-121,88,9964,-9352,8456,-58,143,-201,-14820,4440,3352,-987,57,-84,-14584,-2672,6320,-442,190,-103,0
3787.990807056427,10408,4508,11396,-508,-105,126,9856,-9360,8292,-13,194,-139,-14816,4508,3500,-977,47,-43,-14344,-2708,6312,-456,159,-53,0
3788.0262000560765,10308,4740,11116,-7,-75,116,9732,-9248,8484,-62,148,-152,-14696,4484,3432,-967,62,-57,-14640,-2680,6372,-442,133,-91,0
3788.0627939701085,10496,4524,11236,-193,-94,114,9928,-9444,8552,-47,98,-178,-14608,4624,3540,-987,92,-91,-14844,-2808,5912,-511,147,-116,0
3788.0985600948334,10744,4592,11448,-178,-58,118,9876,-9400,8392,-6,109,-164,-14568,4472,3484,-1067,102,-59,-14592,-2736,6200,-486,146,-103,0
3788.133749961853,10364,4852,11184,-193,-60,123,9928,-9308,8628,-28,129,-165,-14596,4492,3484,-1042,88,-75,-14652,-2728,6296,-473,138,-106,0
3788.1694459915166,10300,4568,11280,-203,-85,112,9976,-9380,8424,-13,126,-177,-14676,4580,3352,-1013,106,-78,-14708,-2428,5920,-457,134,-97,0
3788.2057881355286,10448,4484,11032,-196,-47,95,9948,-9268,8512,-29,151,-182,-14676,4524,3308,-1015,102,-95,-14764,-2580,6216,-480,119,-105,0
3788.239347934723,10712,4540,11128,-180,-51,132,9764,-9344,8524,-77,84,-175,-14552,4540,3152,-955,81,-79,-14720,-2676,6244,-532,145,-90,0
3788.2729411125183,10420,4556,11188,-131,-256,112,9888,-9412,8332,-128,119,-140,-14348,4584,3340,-928,72,-45,-14628,-2628,6280,-558,124,-130,0
3788.3066649436955,10484,4484,11200,-171,-59,112,9880,-9320,8492,-85,122,-158,-14844,4804,3444,-974,100,-43,-14656,-2612,6204,-531,135,-117,0
3788.3403100967403,10460,4524,11356,-176,-23,96,9872,-9220,8676,-48,150,-193,-14560,4424,3428,-973,76,-93,-14676,-2668,5976,-482,161,-133,0
3788.3738191127773,10480,4532,11188,-159,-60,84,9952,-9440,8496,-65,178,-192,-14544,4476,3420,-931,73,-103,-14716,-2712,6244,-509,173,-151,0
3788.4071691036224,10440,4680,11208,-141,-43,57,9972,-9448,8696,-123,162,-214,-14848,4580,3296,-896,54,-104,-14600,-2696,6240,-535,165,-155,0
3788.4403920173645,10352,4480,11196,-142,-64,77,9872,-9428,8700,-119,96,-204,-14592,4828,3404,-901,27,-69,-14644,-2608,6360,-506,175,-134,0
3788.4739439487453,10392,4628,11000,-150,-42,69,9936,-9388,8564,-142,131,-168,-14728,4440,3280,-708,12,-82,-14832,-2664,6340,-553,169,-162,0
3788.5076460838322,10564,4556,11156,-153,-251,84,9884,-9428,8424,-138,114,-193,-14804,4440,3500,-858,60,-134,-14596,-2716,6128,-528,126,-124,0
3788.5412220954895,10416,4444,11472,-164,-10,72,9900,-9308,8428,-128,119,-178,-14524,4516,3420,-930,88,-129,-14628,-2656,6224,-524,177,-133,0
3788.574590921402,10392,4428,11072,-155,-77,100,9848,-9472,8532,-27,130,-198,-14592,4444,3304,-1007,87,-80,-14600,-2680,6224,-510,169,-126,0
3788.608200073242,10276,4716,11392,-176,-40,102,9888,-9456,8572,-33,125,-206,-14636,4456,3468,-988,119,-69,-14536,-2724,6300,-461,178,-79,0
3788.64158296585,10332,4412,11064,-187,-38,134,9904,-9404,8512,-40,129,-167,-14600,4520,3500,-973,127,-116,-14652,-2608,6304,-467,170,-72,0
3788.6752209663387,10392,4744,11016,-237,-97,121,9904,-9432,8520,-65,142,-190,-14836,4536,3336,-937,56,-116,-14716,-2808,6336,-496,176,-106,0
3788.70902299881,10380,4596,11140,-272,-81,118,9976,-9528,8572,-61,128,-172,-14556,4528,3420,-927,33,-105,-14648,-2648,6256,-498,166,-110,0
3788.7471809387202,10400,4600,11212,-206,-47,132,10156,-9532,8680,-60,144,-172,-14372,4548,3380,-904,26,-59,-14640,-2740,6108,-489,120,-122,0
3788.781060934066,10440,4580,11284,-248,-99,92,9940,-9336,8324,-60,155,-169,-14476,4576,3100,-955,61,-49,-14592,-2636,6200,-482,145,-92,0
3788.8146030902863,10348,4508,11028,-237,-56,100,9856,-9440,8432,-16,124,-221,-14616,4548,3424,-1006,83,-85,-14632,-2616,6196,-473,179,-94,0
3788.848114967346,10364,4392,11132,-243,-114,144,10012,-9472,8408,6,153,-182,-14580,4704,3316,-951,37,-103,-14388,-2672,6148,-455,233,-113,0
3788.8814990520477,10396,4560,11236,-269,-106,94,9876,-9404,8448,-36,182,-191,-14356,4488,3316,-835,36,-95,-14788,-2572,6056,-464,159,-146,0
3788.914962053299,10440,4444,11268,-248,-129,91,9940,-9400,8220,-38,186,-202,-14596,4564,3352,-892,27,-99,-14684,-2640,5892,-488,181,-103,0
3788.948666095733,10428,4636,11272,-271,-150,107,9844,-9544,8572,-23,182,-190,-14584,4528,3464,-820,6,-153,-14808,-2592,6176,-545,240,-114,0
3788.981987953186,10376,4844,11488,-231,-137,128,9868,-9472,8544,-56,147,-195,-14560,4496,3444,-799,53,-136,-14656,-2644,6248,-527,179,-104,0
3789.0154681205754,10348,4632,11212,-249,-188,136,9840,-9456,8444,-54,127,-199,-14520,4504,3544,-519,42,-145,-14700,-2752,6248,-529,224,-98,0
3789.049082994461,10412,4536,11100,-260,-162,138,9896,-9276,8508,-50,114,-230,-14632,4524,3336,-878,100,-118,-14636,-2672,6160,-464,182,-91,0
3789.0824389457703,10560,4844,11052,-227,-201,130,10100,-9320,8360,-10,140,-232,-14612,4496,3580,-910,104,-169,-14668,-2640,6276,-472,215,-90,0
3789.115879058838,10416,4804,11064,-251,-166,117,9920,-9348,8516,-24,148,-512,-14652,4520,3508,-973,125,-113,-14780,-2640,6220,-455,173,-83,0
3789.149302959442,10424,4504,11172,-248,-192,141,9884,-9304,8608,-26,125,-249,-14580,4536,3300,-983,128,-110,-14600,-2660,6116,-478,173,-84,0
3789.1826341152187,10548,4532,11216,-231,-151,124,9964,-9420,8600,-29,126,-222,-14660,4592,3560,-1004,93,-88,-14688,-2324,6304,-259,134,-100,0
3789.2158200740814,10472,4520,11328,-236,-170,142,9884,-9348,8468,94,112,-193,-14568,4852,3332,-1095,110,-101,-14732,-2752,6120,-457,125,-78,0
3789.2529380321503,10324,4572,11020,-212,-106,154,9912,-9284,8680,13,109,-161,-14592,4352,3344,-967,160,-102,-14548,-2752,6312,-476,128,-96,0
3789.2876839637756,10240,4492,11136,-137,-152,129,9900,-9440,8660,-58,87,-225,-14788,4616,3480,-1096,165,-119,-14704,-2648,6020,-500,105,-126,0
3789.3233730793004,10592,4432,11096,-217,-148,115,9888,-9396,8400,10,122,-187,-14704,4648,3460,-994,129,-116,-14660,-2812,6216,-767,93,-106,0
3789.3587670326233,10512,4608,11108,-174,-114,114,9900,-9308,8544,-28,113,-147,-14468,4532,3376,-981,166,-70,-14612,-2676,6064,-492,94,-121,0
3789.39421415329,10504,4500,11112,-177,-38,110,9968,-9368,8388,-52,122,-127,-14604,4496,3396,-968,150,-57,-14620,-2636,6012,-534,65,-122,0
3789.4299089908604,10424,4452,11120,-156,255,131,9940,-9336,8500,-32,145,-144,-14700,4464,3412,-1037,139,-87,-14724,-2672,6088,-506,142,-127,0
3789.4649720191956,10456,4576,11244,-140,-25,99,9980,-9276,8700,-19,137,-160,-14544,4460,3456,-1276,105,-35,-14628,-2664,6148,-509,155,-114,0
3789.500707149505,10464,4588,11096,-138,16,62,9968,-9380,8192,-48,160,-161,-14604,4552,3356,-959,159,-86,-14648,-2624,6044,-475,122,-131,0
3789.5358400344853,10456,4516,11136,-177,7,73,9868,-9432,8560,-47,135,-184,-14608,4644,3436,-919,164,-95,-14620,-2588,6172,-768,160,-123,0
3789.5717499256134,10472,4432,11232,-143,-13,78,9924,-9400,8300,-80,151,-161,-14612,4608,3260,-846,164,-53,-14340,-2716,6348,-551,147,-135,0
3789.6075849533086,10480,4564,11168,-121,9,92,9888,-9456,8560,-102,130,-167,-14560,4576,3384,-843,125,-74,-14600,-2652,6200,-523,121,-139,0
3789.6423609256744,10484,4548,11104,-145,15,88,9868,-9400,8336,-87,153,-138,-14604,4792,3464,-939,115,-96,-14712,-2652,6088,-517,118,-127,0
3789.6778309345245,10388,4560,11164,-146,15,73,9904,-9344,8388,-70,166,-143,-14548,4588,3228,-1001,130,-36,-14644,-2616,6136,-257,115,-153,0
3789.7127389907837,10728,4472,10992,-157,10,98,10000,-9468,8492,-3,163,-162,-14612,4528,3320,-1074,155,-81,-14652,-2676,6216,-502,113,-121,0
3789.7486939430237,10352,4628,11304,-115,23,89,9864,-9492,8492,14,125,-163,-14400,4548,3560,-1098,151,-60,-14712,-2712,6120,-497,108,-85,0
3789.7837030887604,10412,4560,11204,-130,-1,115,9920,-9436,8512,-15,111,-136,-14644,4528,3368,-939,148,-87,-14628,-2732,5964,-550,181,-147,0
3789.8196029663086,10388,4572,11120,-114,0,79,9952,-9392,8404,-93,142,-157,-14660,4516,3384,-808,179,-87,-14628,-2652,6068,-581,147,-154,0
3789.8545191287994,10304,4600,11064,-87,38,70,9884,-9656,8608,-124,141,-161,-14344,4572,3572,-806,207,-100,-14708,-2692,6172,-603,155,-140,0
3789.891204118728,10440,4604,11092,-107,-1,73,9888,-9440,8672,-105,155,-141,-14664,4540,3144,-955,147,-42,-14720,-2660,6036,-767,154,-127,0
3789.9249610900883,10264,4376,11016,-158,-10,56,9864,-9416,8556,-31,169,-159,-14608,4480,3444,-1031,112,-49,-14548,-2676,6096,-475,169,-124,0
3789.95823597908,10364,4532,11256,-164,-46,88,9900,-9348,8520,-22,152,-169,-14840,4580,3420,-964,71,-69,-14580,-2652,6368,-477,174,-109,0
3789.991784095764,10380,4492,11456,-167,-37,101,9780,-9488,8496,-35,156,-171,-14688,4660,3296,-925,69,-118,-14648,-2728,5908,-504,194,-137,0
3790.02543592453,10332,4564,11196,-155,-63,91,9868,-9388,8508,-24,185,-181,-14668,4392,3388,-984,42,-68,-14772,-2668,6044,-496,162,-112,0
3790.0586359500885,10424,4568,11408,-184,-73,91,9880,-9448,8452,24,166,-189,-14636,4608,3268,-1014,75,-80,-14388,-2656,6388,-482,158,-108,0
3790.092185974121,10324,4580,10912,-163,-67,118,9872,-9432,8440,-246,141,-183,-14464,4492,3548,-1042,88,-115,-14700,-2568,6188,-498,161,-130,0
3790.1256060600285,10468,4700,11100,-162,-92,90,9800,-9420,8396,-30,153,-200,-14608,4648,3128,-1278,82,-112,-14820,-2684,6128,-512,93,-136,0
3790.1588239669804,10440,4600,11172,-219,-31,87,9940,-9520,8236,15,122,-151,-14416,4608,3364,-1072,50,-49,-14696,-2748,6284,-484,116,-136,0
3790.1923451423645,10440,4676,11204,-187,-96,131,9952,-9456,8524,27,167,-154,-14620,4584,3428,-1147,94,-15,-14724,-2804,6164,-441,89,-115,0
3790.2258429527283,10444,4652,11052,-177,-50,93,9896,-9424,8392,-27,145,-184,-14632,4536,3340,-1200,53,-65,-14680,-2708,6132,-464,116,-143,0
3790.2591800689693,10312,4636,11080,-207,-99,73,9892,-9432,8436,68,86,-211,-14340,4564,3240,-1330,58,-92,-14360,-2692,5984,-410,170,-141,0
3790.2929170131683,10340,4600,11152,-169,-77,109,9888,-9304,8260,97,148,-155,-14588,4644,3396,-1118,79,-40,-14672,-2712,6124,-490,158,-137,0
3790.3265450000763,10260,4840,11188,-181,-56,61,9844,-9424,8232,-6,166,-171,-14796,4840,3524,-1113,52,-54,-14700,-2616,6120,-402,77,-150,0
3790.3598139286046,10392,4584,11204,-211,-67,92,9820,-9500,8336,4,127,-196,-14592,4552,3244,-1127,79,-86,-14348,-2752,6184,-393,128,-114,0
3790.3932149410243,10452,4560,11212,-167,-57,97,9764,-9248,8516,4,154,-184,-14652,4572,3344,-1177,93,-84,-14656,-2568,6120,-429,137,-97,0
3790.4268560409546,10336,4476,10812,-190,-120,126,9892,-9376,8532,50,95,-182,-14804,4564,3288,-1266,165,-88,-14640,-2720,6268,-441,134,-76,0
3790.4602279663086,10300,4644,11168,-188,-37,128,9788,-9396,8548,8,101,-208,-14408,4500,3128,-1197,153,-85,-14684,-2716,6308,-443,108,-118,0
3790.4936089515686,10444,4556,11204,-211,-72,129,9932,-9448,8368,27,112,-189,-14696,4620,3388,-1117,119,-88,-14548,-2644,6184,-499,126,-98,0
3790.527149915695,10384,4544,11108,-183,-51,103,9880,-9416,8216,6,144,-174,-14500,4556,3300,-1070,125,-94,-14684,-2636,6072,-496,131,-137,0
3790.5602829456334,10340,4656,11088,-165,-87,116,9912,-9356,8588,-3,127,-172,-14564,4560,3524,-1134,154,-71,-14684,-2708,6152,-478,118,-144,0
3790.594085931778,10372,4660,11124,-141,-54,91,9904,-9404,8480,-31,123,-218,-14560,4548,3452,-1098,108,-59,-14640,-2628,6112,-493,146,-120,0
3790.62759900093,10460,4416,11176,-190,-71,98,9952,-9392,8444,-29,107,-216,-14832,4584,3532,-1029,129,-44,-14356,-2732,6128,-442,149,-133,0
3790.6612169742584,10320,4600,11444,-191,-75,60,9836,-9444,8384,-59,145,-209,-14636,4508,3276,-1017,107,-120,-14620,-2672,6392,-443,150,-125,0
3790.6944921016693,10420,4628,11132,-199,-80,64,9828,-9404,8444,-35,139,-189,-14580,4508,3184,-984,89,-131,-14596,-2648,6360,-479,150,-138,0
3790.7281510829926,10380,4592,11164,-166,-71,85,9852,-9432,8444,-42,152,-206,-14504,4528,3596,-967,48,-89,-14680,-2612,6172,-465,177,-147,0
3790.761739015579,10412,4812,11284,-184,-99,100,9856,-9500,8560,-32,115,-189,-14580,4540,3516,-1037,92,-37,-14768,-2628,6104,-472,149,-105,0
3790.7952880859375,10432,4700,11212,-160,-64,93,9936,-9284,8600,-14,115,-187,-14616,4492,3344,-1036,106,-93,-14596,-2716,6388,-491,116,-94,0
3790.8290500640874,10424,4656,11232,-161,-52,105,9912,-9360,8504,-46,102,-172,-14572,4560,3436,-968,122,-87,-14600,-2700,6104,-493,129,-105,0
3790.8623011112213,10436,4596,11316,-205,-43,110,9876,-9388,8672,-41,106,-178,-14644,4352,3424,-995,102,-76,-14600,-2680,6208,-485,138,-85,0
3790.8956689834595,10400,4600,11160,-228,-90,125,9896,-9260,8644,-41,129,-136,-14524,4556,3188,-995,91,-49,-14824,-2688,6312,-473,128,-119,0
3790.932934999466,10324,4712,11132,-215,-45,117,9928,-9336,8548,-58,141,-166,-14704,4448,3460,-998,87,-84,-14664,-2724,6160,-432,145,-121,0
3790.9691109657283,10448,4852,11272,-206,-112,83,9968,-9448,8496,-28,180,-206,-14596,4500,3440,-964,63,-137,-14524,-2596,6256,-443,221,-124,0
3791.0044169425964,10400,4516,11164,-205,-77,69,9868,-9452,8396,-25,134,-189,-14612,4528,3400,-965,32,-73,-14532,-2656,6040,-448,203,-108,0
3791.0401980876923,10408,4600,11164,-232,-80,118,9780,-9240,8504,-52,184,-170,-14756,4472,3144,-913,11,-93,-14612,-2736,6136,-413,182,-118,0
3791.0751090049744,10308,4708,11224,-507,-104,102,9920,-9456,8368,-23,214,-208,-14552,4536,3356,-869,12,-91,-14848,-2612,6144,-369,200,-93,0
3791.11088013649,10256,4516,11268,-275,-106,103,9900,-9420,8636,-61,193,-211,-14624,4544,3372,-877,65,-111,-14588,-2836,5984,-446,208,-91,0
3791.146213054657,10364,4668,11236,-280,-129,144,9888,-9464,8676,-54,184,-208,-14588,4848,3456,-908,79,-105,-14656,-2700,6248,-466,183,-86,0
3791.1821899414062,10380,4700,11268,-229,-163,122,9876,-9344,8540,-54,129,-234,-14488,4560,3524,-1011,70,-143,-14676,-2652,6200,-463,206,-95,0
3791.217427968979,10368,4472,11120,-236,-182,127,9900,-9668,8580,-38,154,-242,-14688,4576,3380,-941,81,-148,-14720,-2684,6176,-486,217,-83,0
3791.253618001938,10412,4396,11168,-505,-134,117,9772,-9496,8568,-81,141,-201,-14684,4628,3560,-829,99,-120,-14648,-2744,6100,-261,165,-109,0
3791.2895340919495,10368,4596,11144,-212,-140,134,9888,-9352,8428,-78,127,-219,-14528,4496,3348,-979,118,-159,-14644,-2656,6216,-477,120,-87,0
3791.3250999450684,10336,4516,11176,-241,-193,159,9940,-9372,8616,-76,101,-221,-14604,4480,3388,-1059,123,-145,-14696,-2628,6100,-459,149,-67,0
3791.360276937485,10488,4488,11052,-249,-213,140,9892,-9348,8608,-67,107,-244,-14680,4456,3328,-769,156,-140,-14704,-2732,6188,-496,161,-93,0
3791.3954610824585,10256,4568,11184,-215,-195,133,9952,-9328,8228,-57,117,-200,-14652,4488,3300,-1051,159,-125,-14604,-2656,5912,-441,152,-104,0
3791.4312601089478,10448,4608,11196,-233,-205,143,9732,-9332,8684,-16,77,-243,-14660,4568,3404,-1118,176,-144,-14664,-2692,6168,-434,160,-92,0
3791.4661469459534,10556,4604,11180,-249,-199,142,9868,-9336,8504,33,130,-241,-14648,4436,3464,-1110,136,-152,-14680,-2716,6208,-475,141,-110,0
3791.502536058426,10320,4508,11116,-255,-214,121,9940,-9312,8428,30,89,-242,-14808,4384,3260,-1236,175,-119,-14688,-2672,6020,-422,97,-78,0
3791.5374879837036,10588,4632,11080,-239,-168,142,9872,-9324,8424,76,70,-238,-14764,4452,3556,-1438,230,-57,-14804,-2548,6168,-387,78,-67,0
3791.5737321376805,10428,4356,11136,-291,-140,159,10024,-9400,8444,155,62,-224,-14572,4392,3604,-1307,222,-101,-14624,-2632,6280,-419,93,-99,0
3791.6073601245885,10424,4496,11184,-286,-128,186,9952,-9344,8448,79,76,-174,-14404,4540,3344,-1065,171,-118,-14672,-2608,6276,-481,126,-71,0
3791.6408450603485,10508,4568,11296,-185,-118,163,9856,-9340,8480,-75,85,-195,-14624,4520,3280,-986,151,-73,-14716,-2696,6248,-525,118,-151,0
3791.6739919185643,10552,4496,11228,-180,-203,121,9928,-9384,8528,-52,108,-234,-14556,4628,3576,-1060,150,-137,-14840,-2328,6300,-487,161,-83,0
3791.7075691223145,10456,4484,11076,-169,-134,147,9844,-9336,8464,-20,99,-211,-14664,4428,3392,-1075,136,-149,-14648,-2696,6060,-496,182,-103,0
3791.74114203453,10464,4504,11264,-192,-155,123,10060,-9260,8576,-14,137,-181,-14384,4172,3360,-1046,89,-78,-14628,-2692,6272,-463,113,-116,0
3791.7743201255794,10516,4824,11160,-239,-95,126,9952,-9424,8504,-28,136,-196,-14584,4460,3424,-1047,105,-65,-14692,-2716,6188,-482,117,-119,0
3791.8077440261845,10668,4556,11180,-174,-93,125,9728,-9348,8424,-31,98,-192,-14612,4592,3292,-965,91,-106,-14592,-2540,6236,-517,171,-123,0
3791.84110713005,10588,4452,10868,-141,-122,106,9916,-9336,8376,-61,158,-203,-14540,4468,3096,-968,127,-101,-14612,-2644,6288,-258,127,-130,0
3791.8745081424713,10588,4520,11104,-119,-44,80,10004,-9324,8452,-97,135,-191,-14692,4456,3400,-990,93,-74,-14708,-2596,6136,-479,153,-123,0
3791.908045053482,10624,4524,10992,-169,-29,93,9944,-9280,8408,-42,175,-181,-14572,4472,3304,-1015,89,-48,-14636,-2608,6200,-462,145,-137,0
3791.9413599967957,10692,4560,11072,-161,7,97,9860,-9444,8536,7,142,-164,-14840,4408,3100,-992,85,-120,-14604,-2708,6100,-478,182,-109,0
3791.9747879505157,10500,4484,11028,-185,-37,109,9980,-9352,8688,-13,175,-163,-14568,4460,3396,-963,84,-74,-14452,-2756,6160,-457,185,-110,0
3792.0084071159363,10480,4376,11200,-193,-25,116,9864,-9292,8480,-51,196,-163,-14636,4484,3328,-897,34,-31,-14624,-2684,6388,-473,160,-110,0
3792.0419449806213,10416,4572,10980,-156,-61,78,10060,-9420,8532,-47,174,-168,-14692,4524,3240,-938,59,-38,-14848,-2612,5908,-467,170,-150,0
3792.0754251480103,10704,4524,10752,-155,-43,107,9944,-9384,8492,-26,179,-172,-14764,4488,3356,-1023,56,-54,-14688,-2656,6192,-468,146,-136,0
3792.1090879440308,10592,4516,11196,-170,-249,94,9792,-9328,8456,-31,160,-152,-14692,4452,3376,-1032,63,-59,-14652,-2616,6128,-467,123,-137,0
3792.142322063446,10252,4472,11080,-140,48,68,9900,-9432,8412,-46,184,-140,-14608,4568,3332,-1274,84,-26,-14660,-2604,6148,-469,136,-136,0
3792.1756341457362,10472,4532,11112,-159,25,66,9968,-9388,8504,-38,148,-169,-14628,4484,3300,-992,59,-43,-14392,-2632,6184,-522,148,-150,0
3792.209228992462,10688,4508,11396,-101,14,94,9876,-9320,8464,-59,152,-162,-14728,4420,3476,-971,96,-54,-14664,-2648,6068,-551,116,-126,0
3792.2428641319275,10512,4600,11080,-121,-11,77,9860,-9708,8464,-40,123,-141,-14556,4520,3148,-1052,88,-62,-14748,-2588,6192,-508,156,-150,0
3792.2765481472015,10360,4552,11076,-126,-25,94,9904,-9244,8544,-25,155,-144,-14488,4476,3444,-1052,81,-71,-14692,-2688,6192,-487,117,-126,0
3792.310091018677,10496,4524,11092,-138,-240,95,9964,-9324,8424,-79,102,-166,-14584,4464,3364,-1058,98,227,-14684,-2708,6212,-466,56,-171,0
3792.3437230587006,10560,4564,11148,-144,-8,82,9876,-9356,8600,-45,162,-136,-14552,4536,3380,-950,53,-41,-14372,-2700,6344,-504,85,-181,0
3792.3771021366124,10556,4520,11192,-118,45,71,9960,-9380,8568,-79,97,-141,-14724,4500,3496,-1051,105,-42,-14692,-2680,6336,-445,48,-130,0
3792.4104709625244,10404,4628,11136,-121,33,63,9836,-9400,8656,-48,83,-177,-14624,4384,3496,-965,82,-62,-14628,-2668,6240,-485,66,-140,0
3792.4440021514893,10480,4584,11044,-129,-13,63,9780,-9408,8504,-50,122,-200,-14536,4528,3344,-1074,103,-81,-14824,-2696,6152,-461,115,-161,0
3792.477436065674,10408,4604,11088,-136,-37,76,10024,-9336,8504,-33,130,-170,-14656,4432,3412,-1044,139,-27,-14716,-2664,6104,-498,99,-133,0
3792.510880947113,10496,4592,11136,-121,-53,86,9816,-9316,8468,-21,103,-176,-14544,4472,3484,-1049,120,-50,-14528,-2620,6196,-480,126,-90,0
3792.5443830490112,10396,4664,11096,-72,-42,97,9888,-9304,8304,-24,108,-183,-14540,4404,3536,-1088,136,-92,-14720,-2672,6180,-462,140,-108,0
3792.5777580738068,10432,4600,11196,-115,-76,115,9892,-9432,8292,-6,102,-170,-14612,4456,3440,-1064,154,-103,-14644,-2648,6204,-472,117,-103,0
3792.6146559715276,10492,4500,11236,-135,-55,102,9924,-9240,8460,-7,246,-118,-14828,4516,3380,-970,144,-72,-14632,-2652,6552,-452,132,-105,0
3792.6501219272614,10340,4556,11080,-176,-56,119,9936,-9364,8656,-30,111,-169,-14608,4520,3428,-1050,157,-10,-14772,-2836,6256,-444,118,-96,0
3792.685037136078,10432,4628,11120,-158,-72,103,9948,-9440,8420,-46,119,-154,-14644,4496,3340,-1009,119,-94,-14828,-2660,6076,-470,146,-97,0
3792.720607995987,10468,4576,11236,-146,-64,92,9912,-9248,8584,-47,127,-186,-14652,4572,3428,-1003,72,-84,-14664,-2652,6208,-436,151,-110,0
3792.75623512268,10500,4848,11180,-192,-77,89,9996,-9452,8512,-25,145,-197,-14580,4460,3376,-981,100,-60,-14696,-2664,5928,-442,194,-117,0
3792.792377948761,10452,4652,11196,-188,-71,76,9860,-9444,8376,6,174,-200,-14624,4496,3424,-975,69,-65,-14580,-2632,6256,-422,216,-126,0
3792.8281531333923,10420,4656,11172,-219,-70,81,9952,-9336,8436,16,168,-202,-14656,4468,3336,-1001,77,-96,-14616,-2688,6276,-449,225,-120,0
3792.863477945328,10400,4620,11072,-209,-107,107,9968,-9352,8504,5,187,-205,-14532,4548,3524,-997,99,-99,-14664,-2720,6116,-455,216,-94,0
3792.8987669944763,10492,4744,11108,-168,-96,151,9920,-9380,8472,-42,128,-193,-14824,4464,3528,-998,100,-32,-14660,-2624,6168,-474,150,-102,0
3792.9341299533844,10500,4548,11196,-199,-77,134,9852,-9384,8512,254,131,-174,-14536,4492,3088,-1057,75,-80,-14696,-2624,6220,-478,169,-95,0
3792.969629049301,10376,4800,11228,-203,-76,131,9904,-9472,8644,19,147,-135,-14548,4572,3424,-1060,115,-39,-14624,-2696,6252,-473,118,-127,0
3793.005046129226,10456,4612,11144,-219,-88,95,9884,-9384,8520,-29,106,-185,-14384,4500,3520,-1079,114,-77,-14724,-2616,6392,-491,118,-151,0
3793.0409140586853,10440,4520,11180,-186,-84,86,9828,-9312,8620,9,115,-202,-14504,4520,3544,-1067,132,-72,-14640,-2668,6296,-503,130,-128,0
3793.0771040916443,10388,4412,11068,-163,-56,127,9964,-9388,8472,10,124,-139,-14836,4504,3524,-1087,111,-32,-14676,-2652,6392,-487,146,-138,0
3793.112213134765,10448,4536,11220,-194,-29,81,9904,-9308,8684,-23,147,-164,-14688,4428,3132,-1018,91,-79,-14644,-2584,6212,-458,153,-131,0
3793.1477611064906,10240,4636,11196,-217,-48,95,9840,-9468,8700,-35,138,-170,-14600,4620,3528,-1011,95,-65,-14364,-2612,6276,-470,113,-130,0
3793.183439016342,10464,4628,11236,-171,-54,93,10016,-9384,8516,-17,130,-169,-14576,4436,3384,-1050,155,-113,-14828,-2564,6156,-480,116,-115,0
3793.2187850475307,10728,4820,11376,-208,-36,129,9860,-9300,8540,-2,106,-189,-14548,4556,3420,-1053,200,-80,-14616,-2568,6216,-491,128,-90,0
3793.2552621364594,10348,4352,11240,-235,-95,131,9884,-9344,8500,-20,96,-204,-14692,4420,3496,-1090,157,-107,-14608,-2636,6156,-466,119,-73,0
3793.2887570858,10440,4572,11212,-229,-58,145,9740,-9376,8464,-32,85,-172,-14840,4468,3524,-1059,121,-90,-14648,-2656,6248,-491,124,-114,0
3793.32231092453,10420,4628,11172,-215,-93,147,9884,-9300,8272,-46,117,-182,-14624,4512,3348,-998,105,-50,-14628,-2728,6180,-523,103,-97,0
3793.355761051178,10404,4624,11216,-201,-73,144,9908,-9396,8512,-55,138,-172,-14644,4572,3476,-1008,122,-63,-14508,-2664,6328,-461,72,-117,0
3793.3890750408173,10404,4480,11072,-504,-110,111,9904,-9392,8400,-64,138,-186,-14840,4476,3392,-997,82,-93,-14572,-2696,6236,-475,147,-84,0
3793.4224851131444,10248,4492,11328,-238,-122,127,9948,-9400,8356,-47,135,-193,-14628,4568,3300,-1001,109,-127,-14688,-2816,6180,-464,148,-110,0
3793.4560451507573,10732,4444,11060,-235,-140,117,9936,-9448,8200,-63,137,-216,-14688,4428,3524,-998,126,-90,-14592,-2580,6228,-478,152,-82,0
3793.4895091056824,10276,4812,11260,-217,-168,124,9940,-9420,8508,-23,107,-230,-14584,4508,3376,-1006,93,-91,-14676,-2632,6132,-482,165,-122,0
3793.5230529308324,10568,4360,11192,-206,-177,120,9976,-9260,8504,9,152,-225,-14560,4468,3436,-1004,95,-156,-14632,-2668,6228,-484,164,-99,0
3793.5567309856415,10552,4572,11152,-227,-145,126,9912,-9280,8452,-26,148,-224,-14672,4404,3388,-1024,105,-135,-14560,-2636,6220,-479,149,-81,0
3793.5902121067043,10432,4624,11048,-249,-148,132,9900,-9320,8452,-23,115,-193,-14536,4372,3288,-1000,71,-98,-14660,-2676,6200,-466,134,-73,0
3793.6235411167145,10504,4588,11112,-256,-134,158,9956,-9348,8428,-39,104,-183,-14644,4504,3524,-974,78,-81,-14568,-2640,6128,-500,150,-130,0
3793.657061100006,10484,4560,11092,-251,-139,139,9792,-9312,8420,14,156,-196,-14612,4376,3360,-979,64,-82,-14688,-2628,6176,-470,172,-108,0
3793.6906609535213,10480,4504,10952,-228,-116,135,9840,-9296,8560,-43,116,-202,-14652,4488,3520,-960,59,-119,-14596,-2636,6140,-466,168,-114,0
3793.724034070968,10488,4612,11108,-248,-189,122,9952,-9396,8480,-14,175,-217,-14628,4476,3428,-914,48,-105,-14576,-2596,6280,-450,218,-57,0
3793.7601180076604,10688,4488,11004,-258,-160,145,10196,-9340,8436,28,147,-198,-14604,4536,3256,-924,100,-91,-14668,-2596,6192,-455,193,-89,0
3793.7942481040955,10252,4568,11092,-249,-132,126,9972,-9328,8696,13,193,-193,-14616,4456,3436,-936,55,-69,-14728,-2672,6152,-471,208,-123,0
3793.8276619911194,10472,4568,11032,-251,-144,124,9912,-9292,8404,-51,157,-170,-14520,4440,3380,-948,74,-97,-14724,-2604,6196,-484,141,-91,0
3793.861258029938,10300,4532,11504,-242,-155,152,9780,-9224,8364,-28,153,-226,-14760,4416,3488,-927,92,-120,-14660,-2568,6084,-493,138,-101,0
3793.8947241306305,10484,4592,11368,-201,-133,160,9944,-9344,8468,-16,118,-212,-14536,4420,3128,-1035,87,-121,-14612,-2580,6188,-511,191,-118,0
3793.928332090378,10396,4436,11040,-211,-102,129,9828,-9392,8320,-37,116,-193,-14592,4464,3524,-980,102,-106,-14816,-2336,6220,-761,165,-130,0
3793.961823940277,10676,4496,11100,-176,-123,124,9944,-9276,8392,-43,156,-201,-14596,4484,3384,-985,93,-93,-14652,-2616,6084,-763,158,-157,0
3793.995413064956,10432,4512,11080,-168,-75,94,9956,-9360,8656,-38,161,-178,-14512,4524,3212,-1002,103,-77,-14584,-2652,6136,-507,146,-125,0
3794.0290069580083,10540,4504,11024,-176,-48,114,9924,-9328,8416,-7,159,-175,-14732,4332,3384,-1009,131,-95,-14688,-2716,6264,-496,163,-113,0
3794.0624859333043,10464,4464,11024,-146,3,107,9876,-9336,8568,-23,156,-164,-14848,4324,3352,-1006,115,-68,-14612,-2624,6124,-481,143,-154,0
3794.0960381031036,10612,4488,11136,-168,-45,88,9748,-9376,8460,-54,149,-166,-14636,4536,3452,-1264,120,-65,-14652,-2608,5940,-492,127,-124,0
3794.129841089248,10336,4852,11252,-184,-17,92,9928,-9268,8488,-33,130,-152,-14644,4416,3384,-1076,165,-49,-14644,-2604,6236,-480,107,-135,0
3794.1632499694824,10744,4484,11112,-150,-5,111,9956,-9368,8524,-254,132,-176,-14376,4472,3428,-1063,137,-28,-14384,-2360,6336,-499,129,-119,0
3794.1970610618587,10532,4480,11124,-129,254,79,9896,-9400,8508,-34,115,-179,-14584,4404,3436,-1057,188,-76,-14356,-2652,6160,-502,61,-145,0
3794.2305710315704,10460,4460,10816,-131,20,102,9940,-9356,8468,-7,70,-147,-14604,4488,3364,-1109,118,-78,-14344,-2588,6392,-501,104,-124,0
3794.2636380195618,10500,4508,11124,-129,-14,93,9828,-9316,8344,-11,101,-172,-14516,4484,3368,-1104,133,-55,-14592,-2596,6156,-496,98,-108,0
3794.3012211322784,10532,4860,11148,-119,-252,108,9948,-9408,8520,-69,106,-170,-14608,4516,3324,-1029,123,-51,-14656,-2352,6104,-531,79,-117,0
3794.3372299671173,10504,4484,11100,-145,13,111,9940,-9460,8536,-46,78,-156,-14592,4400,3472,-1070,145,-85,-14668,-2644,6252,-504,101,-141,0
3794.3723959922795,10444,4600,11156,-149,-247,98,9912,-9280,8220,-31,141,-151,-14368,4548,3336,-1062,98,-53,-14444,-2708,6216,-470,145,-106,0
3794.4079840183254,10532,4560,11152,-124,15,80,10000,-9388,8656,-101,109,-162,-14684,4540,3484,-980,83,-65,-14632,-2652,6036,-540,113,-160,0
3794.4433331489563,10468,4496,11052,-118,-3,71,10028,-9388,8484,-39,129,-156,-14536,4420,3256,-1070,120,-58,-14608,-2584,6220,-492,149,-157,0
3794.4789249897003,10496,4428,11088,-107,9,90,9936,-9324,8452,-18,102,-161,-14548,4532,3452,-1041,136,-94,-14628,-2640,6148,-477,115,-119,0
3794.5138280391693,10244,4580,11132,-149,-3,81,9944,-9276,8396,-41,136,-168,-14568,4596,3424,-904,11,-14,-14688,-2716,6304,-456,131,-115,0
3794.549819946289,10536,4540,11168,-207,-31,72,9904,-9320,8472,-53,187,-144,-14688,4512,3484,-956,65,-88,-14404,-2684,6168,-460,130,-119,0
3794.5854771137238,10496,4520,11096,-162,-33,98,9880,-9320,8444,-40,143,-169,-14652,4504,3408,-977,77,-105,-14600,-2580,6076,-461,158,-123,0
3794.6212091445923,10420,4836,11148,-143,-29,112,9928,-9344,8296,-29,153,-186,-14492,4532,3204,-994,51,-97,-14596,-2588,6148,-467,184,-116,0
3794.6561300754547,10488,4572,11188,-148,-78,92,9888,-9416,8472,-24,127,-187,-14616,4468,3472,-925,67,-70,-14428,-2748,6248,-478,220,-106,0
3794.6916849613194,10700,4504,11088,-122,-25,105,10084,-9332,8700,-58,154,-165,-14500,4460,3432,-778,108,-61,-14584,-2552,6176,-475,157,-127,0
3794.7276251316075,10436,4484,11060,-160,-79,124,9936,-9376,8444,-251,138,-174,-14664,4568,3360,-998,111,-58,-14680,-2600,6224,-449,193,-101,0
3794.7628901004796,10240,4556,11172,-176,-66,96,9928,-9452,8372,-22,160,-184,-14388,4400,3464,-1032,65,-79,-14724,-2816,6192,-474,131,-149,0
3794.797667980194,10460,4584,11200,-180,-76,94,9932,-9392,8548,-42,137,-171,-14600,4516,3484,-1011,91,-49,-14652,-2500,6216,-461,135,-139,0
3794.833445072174,10308,4740,11108,-186,-46,91,9884,-9312,8288,-31,152,-182,-14692,4488,3524,-1004,107,-71,-14680,-2652,6136,-487,122,-127,0
3794.8692190647125,10420,4856,11040,-170,-53,88,10204,-9324,8584,-10,129,-179,-14624,4540,3380,-993,112,-71,-14648,-2692,6248,-465,124,-124,0
3794.904375076294,10380,4552,11216,-144,-83,103,9960,-9316,8512,-35,143,-192,-14588,4476,3524,-1000,87,-102,-14616,-2656,6284,-455,173,-133,0
3794.940544128418,10428,4540,11168,-181,-66,89,9964,-9324,8572,-36,136,-184,-14640,4480,3292,-1011,88,-57,-14352,-2412,6028,-504,165,-139,0
3794.9738299846654,10488,4528,10984,-154,-69,118,9868,-9284,8216,-5,125,-163,-14836,4500,3376,-1045,130,-89,-14684,-2656,6312,-478,137,-132,0
3795.0073680877686,10464,4536,11088,-153,-54,119,9976,-9348,8520,-39,101,-188,-14624,4512,3444,-1278,140,-84,-14348,-2752,6152,-494,120,-98,0
3795.040985107422,10384,4824,11200,-169,-13,133,9888,-9308,8484,-39,112,-151,-14828,4464,3232,-1000,150,-63,-14660,-2628,6184,-483,85,-120,0
3795.0743420124054,10464,4780,11184,-188,-61,101,10008,-9384,8644,-36,82,-153,-14580,4512,3296,-1040,112,-40,-14840,-2724,6236,-527,125,-129,0
3795.1075561046605,10460,4660,11236,-213,-63,109,9968,-9328,8472,-37,153,-146,-14644,4488,3412,-996,127,-88,-14744,-2780,6020,-516,103,-108,0
3795.1412110328674,10408,4712,11228,-164,-37,98,9940,-9320,8508,-95,134,-177,-14836,4400,3456,-1000,94,-121,-14840,-2676,6156,-477,116,-132,0
3795.1745629310612,10372,4628,11264,-170,-93,76,9892,-9376,8580,-44,128,-201,-14640,4516,3416,-974,81,-97,-14620,-2576,6100,-759,144,-135,0
3795.2081010341644,10360,4592,10952,-170,-36,96,9744,-9312,8396,-37,68,-173,-14544,4536,3352,-1043,126,-55,-14656,-2688,6152,-514,118,-140,0
3795.2413821220402,10504,4572,11076,-151,-32,122,9916,-9348,8404,-25,113,-139,-14588,4456,3216,-1008,95,-59,-14648,-2612,6204,-490,105,-118,0
3795.2748510837555,10440,4576,11104,-187,-28,98,9928,-9336,8512,-42,129,-163,-14520,4576,3564,-964,82,-96,-14580,-2640,6248,-472,110,-158,0
3795.3084020614624,10412,4652,11132,-198,-33,86,9956,-9420,8460,-66,188,-134,-14376,4384,3120,-1015,119,-95,-14628,-2752,6264,-488,103,-143,0
3795.3417921066284,10472,4692,11120,-189,-34,104,9952,-9368,8532,-21,159,-171,-14460,4520,3380,-1078,134,-82,-14524,-2692,6248,-488,173,-88,0
3795.375321149826,10324,4564,11008,-261,-44,124,9880,-9380,8648,28,160,-186,-14624,4540,3580,-1009,139,-114,-14568,-2648,6208,-507,175,-93,0
3795.408692121506,10420,4552,11128,-238,-50,101,9944,-9336,8412,6,158,-193,-14500,4440,3500,-1273,116,-116,-14664,-2708,6160,-480,154,-95,0
3795.4423220157623,10428,4564,11172,-180,251,94,9864,-9344,8680,-4,137,-182,-14644,4424,3568,-1012,137,-90,-14584,-2664,6116,-484,186,-98,0
3795.4756820201874,10408,4596,11080,-211,-57,79,9896,-9260,8380,255,191,-205,-14608,4560,3132,-1268,104,-87,-14524,-2628,6276,-442,203,-128,0
3795.5091450214386,10348,4652,11140,-207,-58,76,9968,-9368,8568,-40,140,-201,-14464,4456,3504,-993,116,-101,-14624,-2764,6272,-440,170,-99,0
3795.542634010315,10380,4568,11292,-254,-97,99,9832,-9352,8596,-41,156,-209,-14388,4400,3552,-979,73,-144,-14628,-2668,6036,-433,180,-84,0
3795.575875043869,10436,4616,11216,-4,-116,86,9972,-9296,8600,-53,170,-232,-14720,4536,3496,-955,28,-86,-14548,-2324,6224,-446,189,-108,0
3795.609419107437,10404,4580,11164,-243,-120,114,10028,-9364,8456,-40,139,-212,-14576,4476,3300,-968,72,-94,-14664,-2612,6200,-430,182,-79,0
3795.642427921295,10388,4520,11220,-242,-124,124,9804,-9448,8612,-37,145,-207,-14620,4488,3424,-978,85,-125,-14752,-2636,6172,-423,199,-65,0
3795.675885915756,10724,4572,11504,-509,-119,154,9844,-9128,8548,-42,149,-196,-14644,4468,3364,-975,119,-121,-14696,-2588,6228,-459,215,-41,0
3795.7094259262085,10420,4560,11040,-246,-149,153,9908,-9360,8532,-39,157,-213,-14604,4504,3436,-955,95,-77,-14560,-2692,6224,-443,199,-88,0
3795.7427339553833,10672,4528,11060,-237,-146,133,9884,-9328,8576,-42,130,-236,-14704,4440,3412,-985,102,-145,-14676,-2576,6128,-441,189,-69,0
3795.7761781215668,10456,4452,11240,-1,-145,126,9912,-9272,8656,-42,155,-196,-14616,4400,3120,-935,116,-166,-14652,-2684,6012,-459,176,-96,0
3795.8097569942474,10336,4520,11048,-266,-189,146,9964,-9332,8536,-63,138,-231,-14568,4464,3376,-963,127,-150,-14380,-2384,6356,-452,187,-98,0
3795.8433730602264,10688,4568,11072,-248,-167,116,9896,-9340,8520,-82,114,-244,-14364,4476,3456,-939,115,-99,-14724,-2660,6076,-420,180,-84,0
3795.8768999576573,10504,4524,11104,-1,-182,122,9968,-9328,8364,-38,131,-229,-14696,4540,3380,-985,69,-105,-14648,-2364,6152,-468,167,-126,0
3795.9102330207825,10472,4556,11096,-304,-178,128,9896,-9308,8524,-245,131,-204,-14584,4360,3448,-1005,97,-127,-14408,-2636,6296,-466,144,-122,0
3795.943596124649,10368,4548,11208,-230,-161,118,9916,-9324,8472,-73,114,-227,-14676,4496,3768,-987,83,-126,-14588,-2692,6204,-469,181,-116,0
3795.9810349941254,10392,4436,11240,-233,-210,119,9928,-9400,8624,-29,120,-235,-14636,4516,3572,-987,100,-127,-14636,-2612,6200,-489,209,-83,0
3796.016226053238,10484,4556,11032,-233,-194,161,9896,-9216,8420,-18,75,-203,-14640,4452,3432,-998,115,-95,-14720,-2376,5920,-418,207,-96,0
3796.052379131317,10568,4572,11228,-262,-121,151,9928,-9296,8508,-26,120,-201,-14576,4428,3408,-946,57,-95,-14732,-2672,6240,-375,235,-99,0
3796.08811712265,10508,4356,11196,-326,-79,147,9928,-9356,8656,-13,124,-191,-14588,4624,3496,-956,42,-76,-14688,-2632,6144,-390,282,-112,0
3796.123610973358,10720,4396,11072,-302,-103,156,9976,-9440,8496,-46,103,-215,-14676,4476,3196,-950,35,-154,-14612,-2596,5936,-430,380,-106,0
3796.1593210697174,10508,4452,11240,-319,-141,158,9896,-9412,8488,9,113,-200,-14596,4484,3536,-991,76,-86,-14564,-2600,6068,-497,244,-79,0
3796.1942930221558,10628,4424,11080,-220,-138,124,9908,-9292,8492,-2,88,-232,-14620,4424,3360,-1008,132,-129,-14668,-2632,6084,-522,164,-91,0
3796.230210065841,10532,4544,11292,-193,-180,115,9916,-9464,8544,255,121,-249,-14572,4456,3536,-1031,91,-119,-14684,-2672,6168,-533,130,-123,0
3796.2650220394135,10520,4476,11124,-152,-159,108,9976,-9336,8536,-28,154,-219,-14540,4484,3332,-1091,151,-111,-14364,-2624,6156,-479,174,-126,0
3796.3010580539703,10488,4528,11292,-204,-117,120,10012,-9336,8540,-52,121,-212,-14600,4460,3568,-1000,16,-75,-14680,-2608,6076,-473,277,-120,0
3796.3361859321594,10748,4528,11232,-226,-153,105,9912,-9252,8680,-61,158,-222,-14528,4464,3232,-976,21,-65,-14592,-2640,6012,-486,166,-159,0
3796.3725130558014,10556,4436,11132,-178,-97,83,10088,-9348,8192,-66,159,-165,-14708,4488,3532,-981,79,-79,-14688,-2608,6012,-489,90,-124,0
3796.4079720973973,10740,4536,11068,-117,-27,106,10036,-9360,8452,-250,139,-153,-14636,4444,3324,-1046,138,-29,-14720,-2588,6124,-483,76,-119,0
3796.4432170391083,10592,4436,11048,-132,21,96,10060,-9292,8408,-22,71,-163,-14632,4304,3560,-1074,127,-88,-14716,-2636,6220,-531,100,-134,0
3796.4791209697723,10564,4508,11088,-105,-40,97,10052,-9340,8592,-49,138,-163,-14380,4352,3468,-1077,143,-19,-14640,-2640,6084,-547,93,-130,0
3796.5142929553986,10524,4352,11148,-89,-9,69,9876,-9276,8424,-54,155,-165,-14384,4428,3656,-1278,105,-82,-14496,-2528,6172,-466,172,-133,0
3796.550127029419,10416,4556,11048,-153,-8,100,9892,-9260,8496,-61,142,-158,-14416,4432,3432,-1013,47,-29,-14732,-2728,6184,-428,200,-131,0
3796.5851349830627,10568,4548,11048,-185,6,103,9980,-9392,8212,-73,143,-137,-14760,4528,3552,-957,17,-4,-14696,-2640,6204,-491,130,-178,0
3796.6212389469138,10488,4580,11072,-141,6,76,10076,-9340,8384,-36,161,-156,-14640,4480,3364,-969,43,-89,-14712,-2732,6124,-501,67,-170,0
3796.654458999634,10532,4532,10976,-129,38,92,10188,-9308,8468,-47,90,-149,-14548,4424,3356,-998,45,-65,-14644,-2696,6140,-444,101,-126,0
3796.687919139862,10520,4516,11292,-184,30,51,9908,-9316,8424,-48,166,-160,-14680,4460,3428,-970,20,-48,-14572,-2544,6056,-386,224,-151,0
3796.721431016922,10428,4436,11108,-268,56,112,9900,-9388,8604,-38,134,-174,-14344,4436,3464,-1011,0,-33,-14340,-2732,6072,-351,251,-150,0
3796.7548539638524,10536,4504,11032,-242,43,140,9736,-9260,8208,-7,152,-159,-14628,4484,3484,-1009,49,-96,-14664,-2740,6076,-467,209,-131,0
3796.788192987442,10520,4508,11040,-186,-252,96,9732,-9232,8560,-38,131,-158,-14548,4560,3480,-1275,30,-62,-14684,-2564,5928,-495,129,-134,0
3796.8216700553894,10488,4532,11288,-103,-4,75,9804,-9308,8604,-61,129,-169,-14644,4560,3456,-1032,63,-49,-14696,-2580,6148,-527,86,-167,0
3796.8552639484406,10484,4448,11324,-75,-25,54,9920,-9388,8412,-118,156,-134,-14404,4536,3664,-955,-25,-41,-14632,-2644,5916,-557,133,-179,0
3796.8885140419,10384,4440,10908,-79,-67,66,9876,-9320,8444,-56,168,-181,-14576,4500,3456,-1002,50,-100,-14600,-2680,6080,-538,85,-116,0
3796.9220979213715,10356,4596,11144,-87,-76,93,9872,-9268,8592,-45,154,-159,-14624,4540,3496,-1007,115,-100,-14668,-2388,6216,-269,67,-123,0
3796.9557111263275,10436,4576,11156,-146,-54,72,10268,-9384,8444,-69,229,-161,-14588,4488,3404,-969,173,-77,-14608,-2692,6116,-540,110,-132,0
3796.989305019378,10396,4788,11072,-84,-44,61,9948,-9336,8692,-56,253,-137,-14696,4464,3436,-976,135,-34,-14688,-2612,6212,-612,98,-106,0
3797.022863149643,10500,4820,11040,-22,-103,44,9880,-9264,8428,-75,172,-155,-14524,4476,3472,-769,88,-21,-14612,-2808,6148,-603,32,-136,0
3797.056478023529,10500,4676,11048,-70,-47,44,9964,-9372,8548,-98,120,-170,-14368,4496,3252,-1002,118,-76,-14696,-2656,6164,-626,38,-140,0
3797.08992600441,10488,4808,11144,-110,-86,54,9992,-9260,8472,-95,150,-146,-14592,4420,3400,-956,81,-56,-14684,-2664,6164,-565,59,-162,0
3797.1234800815582,10744,4800,11156,-95,-57,52,9916,-9324,8468,-94,138,-155,-14628,4528,3524,-973,21,-46,-14648,-2624,6048,-592,119,-159,0
3797.1570379734044,10244,4588,11140,-128,-44,61,9800,-9272,8268,-68,132,-170,-14600,4536,3560,-1278,24,-48,-14700,-2552,6156,-559,87,-168,0
3797.1902580261226,10560,4784,11168,-111,-35,49,9932,-9404,8484,-65,121,-152,-14352,4500,3376,-1011,77,-40,-14848,-2644,6392,-559,105,-171,0
3797.2237319946294,10472,4584,11236,-150,-32,51,9884,-9340,8236,-61,106,-134,-14576,4428,3384,-1004,67,-75,-14748,-2736,6184,-527,116,-178,0
3797.257369041443,10460,4572,11156,-147,-70,34,9920,-9400,8500,-42,106,-188,-14504,4544,3576,-1038,96,-52,-14588,-2672,6076,-497,132,-134,0
3797.2907481193542,10396,4396,11132,-151,-60,73,9924,-9312,8320,-71,93,-223,-14524,4460,3156,-1040,160,-113,-14604,-2648,6332,-524,139,-126,0
3797.3244440555573,10396,4584,11148,-150,-10,77,9912,-9468,8508,-6,80,-230,-14616,4536,3520,-1029,174,-117,-14684,-2700,6268,-518,114,-185,0
3797.3579990863805,10524,4720,11048,-210,-47,57,9832,-9396,8508,-19,117,-180,-14488,4468,3496,-1000,167,-114,-14592,-2764,6192,-262,129,-163,0
3797.3912339210506,10476,4840,11384,-223,-81,67,9940,-9356,8696,-29,127,-212,-14848,4568,3412,-1007,109,-73,-14672,-2680,6288,-505,122,-156,0
3797.424767971039,10264,4648,11080,-235,-84,52,9996,-9308,8500,-9,124,-221,-14728,4456,3172,-1017,133,-76,-14572,-2728,6224,-521,137,-143,0
3797.4582340717316,10404,4488,11052,-148,-52,86,9936,-9340,8340,8,96,-207,-14708,4512,3424,-1055,107,-76,-14700,-2748,6344,-505,125,-123,0
3797.4917650222774,10496,4592,11044,-185,-5,70,10004,-9368,8552,8,123,-168,-14608,4596,3456,-1043,91,-38,-14836,-2684,6224,-490,48,-151,3
3797.5254449844365,10380,4628,11040,-188,4,75,10232,-9412,8552,-255,187,-141,-14728,4480,3300,-994,84,-85,-14704,-2676,6200,-454,68,-129,3
3797.5589439868922,10444,4760,11228,-221,8,101,10148,-9368,8484,12,145,-144,-14576,4464,3412,-980,155,-54,-14344,-2672,6192,-444,78,-94,3
3797.592385053634,10444,4688,11340,-241,-17,130,9936,-9340,8416,28,127,-150,-14460,4492,3548,-1274,212,-31,-14588,-2680,6220,-422,113,-74,3
3797.6256511211395,10336,4572,11228,-250,-41,164,9876,-9504,8560,-7,93,-200,-14556,4592,3380,-1044,212,-69,-14796,-2780,6220,-416,161,-55,3
3797.6636550426483,10416,4412,11140,-511,-149,146,9920,-9400,8572,-33,106,-202,-14572,4612,3528,-1001,179,-118,-14488,-2712,6204,-447,161,-43,3
3797.6998109817505,10432,4368,11232,-217,-134,162,9928,-9352,8264,-45,136,-187,-14656,4588,3664,-981,147,-149,-14652,-2652,6072,-410,170,-65,3
3797.7356660366054,10444,4444,11352,-273,-158,146,9920,-9368,8644,-28,173,-194,-14540,4356,3488,-971,128,-131,-14360,-2632,6204,-403,192,-57,3
3797.771233081817,10536,4460,11148,-512,-145,161,9888,-9280,8476,-40,192,-200,-14472,4484,3476,-969,122,-136,-14692,-2624,6384,-375,220,-73,3
3797.807116985321,10380,4560,11168,-286,-147,139,9912,-9324,8480,-18,194,-214,-14568,4424,3484,-995,129,-139,-14668,-2684,6348,-374,224,-57,0
3797.8421020507812,10492,4480,11128,-241,-184,148,10008,-9480,8384,8,199,-209,-14624,4488,3348,-1031,106,-134,-14632,-2688,6204,-404,257,-56,0
3797.8784511089325,10452,4600,11228,-242,-171,148,9964,-9440,8424,20,211,-230,-14632,4528,3288,-965,128,-187,-14620,-2632,6256,-375,240,-58,0
3797.913847923279,10532,4612,10800,-248,-192,149,10212,-9356,8396,4,91,-259,-14692,4608,3392,-1031,170,-108,-14724,-2688,6228,-499,170,-79,0
3797.9491720199585,10484,4808,11156,-194,-138,128,9940,-9288,8436,6,135,-235,-14732,4432,3476,-1092,115,-115,-14680,-2668,6112,-478,143,-129,0
3797.9841439723973,10500,4844,11064,-189,-152,127,10196,-9420,8432,-28,130,-194,-14572,4416,3472,-1127,111,-89,-14724,-2724,5988,-261,147,-111,0
3798.0198061466212,10316,4588,11500,-144,-142,135,9972,-9292,8380,-55,124,-204,-14612,4500,3560,-1055,118,-161,-14612,-2656,6240,-505,116,-89,0
3798.0555939674373,10656,4496,11168,-169,-129,140,10048,-9384,8556,-44,94,-189,-14840,4464,3480,-996,118,-113,-14608,-2716,6152,-448,124,-114,0
3798.0917980670934,10724,4592,11260,-156,-146,167,9900,-9248,8568,-59,108,-198,-14668,4424,3512,-1081,146,-103,-14524,-2724,6192,-504,138,-72,0
3798.12739109993,10512,4624,11036,-179,-147,142,9860,-9324,8584,-80,85,-215,-14816,4432,3396,-1052,136,-116,-14372,-2608,6120,-266,174,-94,0
3798.1698410511012,10240,4532,11060,-191,-169,151,9736,-9332,8500,-35,80,-211,-14552,4484,3384,-1003,64,-71,-14628,-2604,6368,-489,175,-100,0
3798.219383955002,10316,4584,11420,-212,-138,151,9972,-9372,8388,-66,105,-172,-14588,4544,3412,-928,126,-124,-14676,-2688,6324,-459,159,-79,0
3798.2650039196014,10504,4856,11072,-236,-181,164,10064,-9364,8596,-74,136,-201,-14580,4356,3152,-962,164,-125,-14632,-2796,6228,-477,178,-76,0
3798.301330089569,10544,4548,11252,-189,-129,151,9968,-9364,8436,-53,163,-190,-14376,4524,3484,-894,105,-104,-14616,-2564,6128,-463,237,-99,0
3798.3349161148076,10728,4520,11140,-191,-109,130,9972,-9320,8408,-56,152,-188,-14708,4520,3436,-917,102,-55,-14732,-2576,6180,-503,150,-118,0
3798.368365049362,10540,4520,11148,-164,-80,106,9868,-9304,8332,-8,167,-191,-14824,4412,3492,-1044,68,-79,-14616,-2816,6056,-486,188,-121,0
3798.4015860557556,10520,4576,10780,-214,-18,96,9912,-9268,8452,16,158,-178,-14472,4496,3528,-1041,78,-80,-14656,-2320,6240,-478,161,-103,0
3798.43528008461,10440,4452,11024,-176,8,111,9884,-9340,8512,20,115,-161,-14680,4476,3368,-1068,131,-52,-14784,-2720,6044,-517,148,-115,0
3798.4686551094055,10304,4548,11192,-179,5,117,10008,-9276,8600,-6,96,-169,-14556,4464,3428,-1070,121,-39,-14800,-2676,6100,-468,198,-123,0
3798.5020990371704,10732,4516,11180,-170,-38,107,9984,-9364,8480,-16,144,-187,-14640,4424,3460,-772,84,-68,-14692,-2692,6148,-493,136,-148,0
3798.5356750488286,10324,4504,11132,-140,-49,89,9976,-9280,8508,-42,137,-174,-14372,4396,3452,-1033,61,-104,-14760,-2576,6184,-501,84,-173,0
3798.5691990852356,10560,4588,11080,-140,-24,85,9904,-9188,8364,-44,127,-175,-14692,4448,3212,-1032,115,-62,-14672,-2580,6144,-506,110,-135,0
3798.602853059768,10592,4480,11144,-119,22,81,10024,-9316,8564,-17,64,-153,-14688,4416,3432,-1139,139,248,-14760,-2648,6188,-546,36,-139,0
3798.6363930702214,10608,4516,10920,-132,53,71,9956,-9296,8212,-30,130,-135,-14628,4540,3520,-1010,116,-247,-14844,-2608,6036,-578,30,-178,0
3798.6698310375214,10444,4532,10932,-121,11,106,10064,-9360,8536,-73,77,-118,-14788,4464,3196,-1074,105,-3,-14636,-2632,6080,-536,62,-163,0
3798.7034709453583,10384,4596,10852,-88,6,94,9940,-9316,8460,-115,127,-100,-14612,4560,3288,-946,80,-70,-14704,-2544,6144,-594,79,-135,0
3798.7371101379395,10472,4500,11196,-97,-251,104,10008,-9356,8248,-78,92,-119,-14588,4504,3332,-1042,97,-70,-14540,-2572,6192,-558,94,-158,0
3798.7751049995422,10376,4628,11088,-103,-5,106,9876,-9420,8552,-55,122,-123,-14760,4460,3752,-1093,113,-46,-14712,-2676,6144,-503,100,-142,0
3798.808759927749,10456,4620,11436,-126,-55,84,10116,-9416,8372,-77,155,-156,-14392,4552,3416,-780,75,-33,-14648,-2656,6124,-505,59,-147,0
3798.8423521518707,10408,4560,11144,-157,16,72,9904,-9324,8248,-30,149,-145,-14612,4732,3564,-1274,58,-55,-14612,-2692,6160,-483,111,-161,0
3798.8757529258723,10424,4588,11028,-145,25,62,9876,-9456,8296,-13,134,-119,-14660,4532,3524,-979,57,-50,-14688,-2684,6296,-480,169,-148,0
3798.9092531204224,10420,4600,11116,-164,-43,91,9928,-9324,8436,-24,148,-183,-14644,4360,3608,-878,-74,2,-14540,-2720,6152,-463,172,-165,0
3798.9428050518036,10304,4692,11512,-211,-37,62,9880,-9332,8420,8,142,-169,-14500,4444,3196,-901,76,-75,-14800,-2812,6396,-449,184,-118,0
3798.9763760566716,10428,4704,11052,-200,-57,97,9740,-9300,8468,-21,145,-157,-14624,4548,3320,-1005,48,-76,-14636,-2652,6080,-477,178,-97,0
3799.0099859237675,10628,4404,11096,-195,-76,118,9860,-9392,8572,2,179,-170,-14840,4532,3456,-986,255,-83,-14460,-2516,6216,-473,184,-139,0
3799.0436079502106,10484,4520,11068,-191,-43,118,9904,-9356,8392,-38,127,-178,-14844,4496,3612,-977,20,-94,-14616,-2624,6272,-265,141,-131,0
3799.077276945114,10372,4668,11172,-196,-45,110,9944,-9400,8484,-62,138,-137,-14776,4860,3360,-963,-7,-38,-14784,-2780,6084,-459,124,-122,0
3799.1109130382533,10276,4520,11312,-262,12,119,9896,-9300,8468,15,135,-161,-14684,4432,3652,-988,-14,-88,-14444,-2688,6248,-407,209,-115,0
3799.1442320346832,10328,4660,11020,-255,-256,119,10200,-9316,8400,2,170,-131,-14524,4568,3452,-987,4,-107,-14840,-2700,6124,-358,191,-138,0
3799.1777391433716,10476,4672,11192,-252,36,149,9900,-9368,8668,29,149,-166,-14644,4420,3408,-1044,44,-72,-14496,-2712,6248,-380,217,-110,0
3799.2112741470332,10380,4848,11160,-280,3,124,9796,-9380,8260,-17,136,-183,-14632,4508,3604,-930,26,-37,-14688,-2656,6208,-400,136,-101,0
3799.2449510097504,10424,4520,10776,-232,-58,106,9924,-9300,8492,-245,90,-180,-14816,4556,3284,-1118,160,-38,-14732,-2488,6348,-525,94,-78,0
3799.2784631252293,10416,4568,11236,-188,-85,124,9912,-9256,8360,15,142,-213,-14568,4492,3400,-1052,264,-123,-14580,-2744,6224,-472,99,-68,0
3799.314425945282,10468,4556,11064,-187,-88,157,9968,-9348,8480,-66,68,-185,-14604,4496,3516,-1047,215,-82,-14496,-2728,5932,-486,152,-89,0
3799.3501579761505,10440,4528,11284,-180,-124,96,9908,-9340,8508,-112,110,-190,-14616,4600,3364,-1011,125,-125,-14720,-2704,6304,-552,122,-103,0
3799.385411024093,10240,4652,11184,-157,-79,126,10004,-9276,8472,-95,128,-151,-14812,4464,3552,-1028,187,-58,-14440,-2584,5944,-533,25,-95,0
3799.421065092087,10420,4352,11100,-151,-36,148,9792,-9388,8684,-62,128,-141,-14516,4524,3532,-998,183,-52,-14564,-2740,6108,-510,89,-93,0
3799.4561319351196,10388,4560,11096,-200,-92,140,9956,-9416,8456,-66,131,-180,-14380,4460,3448,-902,229,-132,-14508,-2760,6088,-553,139,-127,0
3799.4924759864803,10456,4612,11320,-169,-147,116,9956,-9384,8220,-91,127,-254,-14620,4480,3472,-941,139,-155,-14616,-2696,6088,-523,206,-98,0
3799.5276751518254,10408,4600,11164,-165,-203,119,9968,-9380,8560,-49,109,-273,-14832,4584,3440,-950,185,-149,-14660,-2644,6100,-524,218,-103,0
3799.5632770061493,10420,4580,11120,-198,-220,144,9980,-9388,8344,-10,100,-246,-14512,4512,3448,-848,249,-173,-14820,-2596,6340,-532,254,-88,0
3799.5982949733734,10408,4568,11040,-183,-210,129,10036,-9452,8392,-13,84,-245,-14684,4524,3428,-958,165,-173,-14676,-2608,6120,-478,510,-57,0
3799.634192943573,10456,4480,11148,-214,-216,126,9944,-9428,8600,4,147,-230,-14636,4492,3684,-959,109,-110,-14684,-2648,6188,-437,248,-40,0
3799.6697781085973,10344,4528,11188,-248,-189,155,9992,-9340,8532,8,175,-504,-14664,4400,3464,-968,81,-177,-14556,-2664,5908,-444,238,-48,0
3799.7052900791173,10268,4628,11080,-225,-265,154,9908,-9420,8496,7,152,-245,-14644,4440,3528,-965,86,-107,-14664,-2748,6224,-446,234,-70,0
3799.7408781051636,10496,4448,11248,-210,-234,142,10048,-9248,8432,-25,123,-504,-14816,4480,3072,-960,77,-181,-14732,-2656,6096,-420,225,-80,0
3799.7761750221252,10348,4504,11120,-248,-197,138,9932,-9304,8468,-14,148,-241,-14712,4520,3528,-970,93,-141,-14680,-2396,6168,-438,212,-101,0
3799.812156915664,10500,4452,11116,-247,-161,120,10040,-9292,8428,-3,143,-236,-14688,4444,3320,-924,125,-170,-14636,-2688,6128,-463,194,-96,0
3799.8480820655823,10560,4376,10884,-233,-213,113,9992,-9400,8424,-19,124,-264,-14604,4440,3396,-966,112,-178,-14644,-2656,6048,-446,216,-110,0
3799.8836431503296,10620,4596,11016,-225,-194,120,10228,-9300,8408,-27,108,-260,-14572,4456,3240,-1021,89,-112,-14688,-2612,6056,-441,188,-80,0
3799.919296979904,10508,4500,11024,-216,-164,135,9944,-9320,8328,-34,80,-225,-14752,4156,3104,-983,153,-140,-14736,-2700,6108,-463,176,-89,0
3799.9541809558878,10632,4504,10900,-173,-125,110,9832,-9276,8264,-39,113,-216,-14652,4508,3272,-1039,167,-95,-14640,-2596,6144,-457,144,-132,0
3799.9901001453404,10656,4420,11068,-139,-39,117,10000,-9312,8444,-78,67,-208,-14752,4432,3400,-1032,119,-64,-14688,-2644,6316,-513,133,-162,0
3800.0236940383916,10692,4512,11092,-125,-255,107,9948,-9268,8288,-25,126,-147,-14712,4536,3188,-1096,138,-42,-14712,-2352,6112,-463,91,-69,0
3800.057361125946,10608,4420,10816,-171,71,110,9996,-9324,8340,10,145,-171,-14656,4420,3480,-1067,130,-63,-14728,-2604,6236,-446,121,-127,0
3800.0908520221706,10464,4504,11132,-191,36,109,9972,-9288,8432,-32,142,-130,-14580,4484,3368,-986,135,-49,-14832,-2628,6064,-442,80,-140,0
3800.1245131492615,10660,4436,11044,-126,74,83,9996,-9316,8460,-54,123,-144,-14688,4428,3268,-1039,77,-24,-14684,-2596,6064,-466,78,-160,0
3800.157977104187,10736,4544,11132,-189,1,91,10232,-9320,8676,26,177,-156,-14584,4580,3332,-1033,33,-42,-14668,-2680,6228,-462,121,-123,0
3800.1913590431213,10520,4532,11064,-159,68,96,9952,-9472,8308,-39,174,-160,-14684,4400,3412,-1050,74,-57,-14660,-2720,5912,-449,50,-118,0
3800.2249109745026,10700,4396,11184,-152,15,38,9872,-9368,8572,-57,158,-187,-14612,4448,3292,-1015,15,-72,-14640,-2360,5960,-471,128,-163,0
3800.2584240436554,10260,4456,10768,-170,44,59,9952,-9332,8304,-9,158,-155,-14564,4564,3572,-1275,49,-46,-14648,-2584,6144,-459,142,-167,0
3800.2916131019592,10576,4548,10824,-146,51,78,9956,-9352,8680,-5,186,-118,-14816,4128,3460,-1005,249,-10,-14704,-2636,6068,-464,124,-171,0
3800.325103998184,10248,4448,11056,-166,14,80,9984,-9392,8492,-64,197,-126,-14704,4456,3380,-946,24,-66,-14580,-2604,6212,-464,133,-169,0
3800.3585970401764,10264,4392,11084,-136,-17,81,9964,-9352,8484,-38,203,-155,-14348,4564,3496,-964,34,-51,-14532,-2588,6040,-488,174,-127,0
3800.3916890621185,10572,4524,11184,-125,-51,98,9984,-9340,8464,-25,174,-141,-14416,4520,3312,-1007,57,-69,-14632,-2728,6196,-468,186,-108,0
3800.4252870082855,10476,4504,11080,-138,-22,104,9924,-9412,8348,-21,167,-173,-14628,4400,3356,-1048,78,-60,-14600,-2692,6200,-477,167,-108,0
3800.458915948868,10744,4576,11176,-138,-47,98,9960,-9296,8544,-24,150,-172,-14652,4440,3476,-1067,98,-86,-14668,-2792,6360,-467,127,-135,0
3800.4922311306004,10548,4504,11248,-163,-12,82,9964,-9256,8516,-247,126,-172,-14692,4540,3512,-1036,68,-85,-14672,-2684,6360,-487,108,-165,0
3800.5257580280304,10536,4544,11144,-155,-2,73,9756,-9340,8348,-16,154,-139,-14848,4484,3180,-1070,66,-64,-14568,-2736,6152,-487,115,-145,0
3800.559023141861,10420,4620,11236,-138,13,71,9904,-9296,8576,-18,126,-148,-14544,4460,3392,-1063,82,-57,-14628,-2708,6208,-502,133,-121,0
3800.5925030708313,10428,4572,11168,-153,-21,64,10196,-9328,8684,-10,118,-176,-14592,4544,3212,-1045,158,-92,-14456,-2620,6040,-467,141,-122,0
3800.6260480880733,10564,4596,11412,-166,-66,91,9896,-9308,8684,-50,81,-200,-14532,4492,3484,-1061,197,-79,-14368,-2760,6232,-497,118,-117,0
3800.6595170497894,10360,4548,11180,-164,-36,79,10004,-9328,8508,-68,75,-217,-14576,4584,3448,-1080,245,-105,-14688,-2632,6176,-475,67,-112,0
3800.6931269168854,10468,4540,11016,-153,-67,115,9960,-9332,8436,8,82,-187,-14696,4428,3452,-1186,225,-82,-14588,-2788,6148,-483,110,-138,0
3800.7268531322484,10432,4364,11036,-147,-38,86,9920,-9280,8348,-20,81,-176,-14648,4432,3364,-1069,119,-69,-14640,-2740,6160,-514,96,-143,0
3800.7602059841156,10460,4572,11160,-119,-85,91,9728,-9236,8636,-11,111,-210,-14640,4544,3480,-1063,139,-131,-14664,-2680,5920,-482,91,-110,0
3800.7936239242554,10416,4480,11136,-125,-38,82,9944,-9440,8240,-52,141,-150,-14704,4440,3336,-1083,98,-106,-14684,-2656,6092,-498,98,-152,0
3800.8273389339442,10460,4568,11028,-163,-14,95,9992,-9380,8520,-23,96,-136,-14596,4364,3576,-1049,77,-34,-14700,-2696,6376,-468,92,-146,0
3800.8606719970703,10404,4860,11132,-171,-2,111,9996,-9232,8644,-55,130,-139,-14644,4484,3512,-1044,106,-56,-14596,-2684,6096,-465,57,-111,0
3800.8937170505524,10456,4584,11080,-152,-74,81,9748,-9408,8700,-28,127,-161,-14696,4544,3572,-1056,75,-115,-14680,-2692,6264,-495,80,-149,0
3800.9273569583893,10372,4560,11060,-188,-6,48,9772,-9384,8400,-41,104,-176,-14624,4432,3368,-1277,115,-39,-14372,-2760,6172,-462,91,-107,0
3800.9607670307164,10360,4576,11252,-139,-5,83,9836,-9316,8480,-27,141,-176,-14392,4496,3464,-1276,84,-31,-14576,-2764,6200,-488,142,-124,0
3800.997580051422,10328,4592,11196,-170,-31,92,9900,-9392,8384,-57,144,-182,-14652,4420,3396,-970,43,-100,-14704,-2680,6332,-458,119,-156,0
3801.0327410697932,10360,4840,11500,-183,-64,100,9840,-9340,8436,-55,191,-171,-14656,4448,3504,-965,48,-70,-14660,-2684,6076,-465,161,-117,0
3801.068761110306,10320,4608,11244,-179,-55,120,9944,-9312,8604,-20,189,-157,-14584,4484,3440,-959,81,-87,-14684,-2720,6112,-460,190,-95,0
3801.1039330959325,10360,4604,11212,-167,-51,120,9896,-9392,8468,-25,174,-178,-14524,4548,3460,-984,113,-76,-14616,-2648,6260,-476,166,-96,0
3801.1397371292114,10468,4488,11088,-190,-74,165,9940,-9320,8372,-33,140,-197,-14616,4488,3576,-976,116,-95,-14704,-2648,6248,-452,185,-66,0
3801.17479801178,10508,4444,11488,-268,-88,151,9880,-9372,8676,-23,171,-172,-14604,4476,3448,-976,92,-128,-14636,-2796,6200,-442,206,-72,0
3801.2106630802155,10404,4644,11100,-276,-183,159,9964,-9444,8328,-88,135,-210,-14680,4564,3492,-979,147,-109,-14732,-2724,6196,-461,179,-92,0
3801.2461230754852,10384,4696,11100,-233,-157,129,9984,-9408,8404,-119,172,-187,-14624,4492,3460,-940,104,-120,-14644,-2648,6240,-471,148,-104,0
3801.281851053238,10384,4624,11248,-241,-139,127,9896,-9372,8376,-55,123,-188,-14416,4440,3548,-991,112,-94,-14504,-2592,6184,-478,145,-85,0
3801.318059921264,10580,4544,11172,-268,-107,129,9888,-9404,8328,-41,116,-200,-14644,4508,3424,-982,101,-108,-14620,-2620,6212,-454,184,-82,0
3801.3534090518956,10588,4492,11200,-233,-153,145,10008,-9340,8480,-16,118,-227,-14692,4532,3092,-962,122,-149,-14456,-2644,6292,-474,227,-68,0
3801.388922929764,10252,4488,11184,-240,-197,159,9996,-9372,8456,-3,123,-235,-14832,4440,3324,-1044,178,-132,-14760,-2616,6196,-463,189,-66,0
3801.424142122268,10508,4572,11044,-503,-193,164,9936,-9288,8200,-39,89,-247,-14528,4508,3392,-1277,217,-162,-14832,-2772,6200,-478,142,-78,0
3801.4597239494324,10276,4844,11188,-227,-230,147,9964,-9308,8424,-33,86,-224,-14632,4480,3464,-1043,169,-115,-14740,-2572,6196,-491,133,-97,0
3801.4950881004333,10728,4496,11032,-263,-166,145,9960,-9304,8500,-17,67,-200,-14740,4528,3572,-1075,137,-146,-14396,-2736,6004,-262,118,-106,0
3801.5307960510254,10448,4376,11096,-190,-147,138,9908,-9344,8584,-30,99,-211,-14608,4468,3556,-1070,79,-90,-14652,-2776,6320,-476,156,-119,0
3801.5662291049957,10732,4556,11028,-244,-167,142,9940,-9316,8380,-30,115,-12,-14368,4416,3520,-964,103,-151,-14416,-2608,5916,-501,188,-100,0
3801.6025369167332,10536,4544,11176,-238,-181,133,9928,-9256,8656,-40,97,-237,-14560,4484,3444,-1028,132,-130,-14472,-2664,6192,-456,162,-77,0
3801.6396820545197,10492,4496,11140,-244,-176,148,10040,-9348,8224,-16,119,-201,-14568,4532,3204,-973,130,-94,-14708,-2596,6192,-485,164,-101,0
3801.6731750965123,10492,4472,10824,-239,-162,143,9920,-9316,8384,-40,107,-208,-14664,4496,3360,-997,144,-113,-14616,-2588,5896,-493,160,-84,0
3801.7068629264827,10320,4552,11092,-217,-164,121,9976,-9340,8508,-31,95,-182,-14608,4552,3528,-974,141,-149,-14544,-2564,6040,-498,177,-71,0
3801.7406039237976,10604,4484,11172,-214,-170,156,10048,-9372,8576,-31,66,-213,-14612,4464,3296,-984,134,-146,-14636,-2604,6148,-484,184,-87,0
3801.7741050720215,10536,4520,11052,-157,-136,161,9980,-9252,8432,-67,72,-193,-14644,4488,3384,-1022,130,-97,-14620,-2628,6028,-467,198,-94,0
3801.8075840473175,10560,4480,11148,-207,-181,147,9832,-9332,8380,-33,128,-209,-14660,4456,3180,-989,100,-95,-14724,-2576,6048,-459,158,-111,0
3801.84110713005,10596,4484,11008,-202,-51,125,10096,-9344,8416,-39,147,-184,-14612,4368,3152,-987,100,-81,-14624,-2312,5972,-465,141,-111,0
3801.8743929862976,10612,4500,11012,-174,-39,104,9988,-9364,8436,-11,181,-155,-14592,4328,3300,-987,74,-17,-14828,-2576,6112,-455,156,-155,0
3801.9076380729675,10596,4584,11052,-198,18,114,10064,-9332,8624,-16,188,-167,-14620,4384,3420,-1013,37,-38,-14604,-2680,5900,-462,173,-109,0
3801.9413070678715,10604,4492,11152,-190,-246,61,9748,-9436,8652,-29,191,-154,-14660,4460,3376,-988,37,-54,-14816,-2352,6388,-423,174,-118,0
3801.9748129844666,10528,4596,11016,-209,-27,75,10012,-9384,8264,-26,207,-175,-14656,4528,3404,-968,60,-75,-14736,-2632,6072,-461,163,-134,0
3802.0084040164948,10608,4416,11044,-141,-26,81,10020,-9360,8480,-35,157,-159,-14608,4480,3096,-1007,51,-86,-14648,-2684,6396,-457,146,-131,0
3802.041671037674,10484,4564,11220,-144,-23,72,9888,-9316,8396,-29,174,-174,-14580,4476,3432,-999,43,-56,-14508,-2736,6240,-457,135,-112,0
3802.0751960277557,10464,4604,11132,-152,-5,68,9776,-9316,8688,-65,154,-149,-14684,4540,3504,-1008,81,-14,-14716,-2600,6300,-474,82,-147,0
3802.109205007553,10508,4576,11148,-152,20,80,9740,-9356,8500,-9,157,-138,-14812,4564,3376,-1044,45,-31,-14652,-2568,6028,-506,90,-168,0
3802.142715930938,10284,4496,11088,-153,33,90,10000,-9320,8240,-3,149,-159,-14564,4480,3348,-1051,74,-58,-14704,-2640,6132,-507,88,-156,0
3802.1761441230774,10580,4508,11260,-141,46,100,9916,-9232,8592,-41,114,-146,-14560,4496,3336,-1065,106,-62,-14600,-2628,5988,-489,81,-126,0
3802.2100219726562,10576,4544,11084,-139,-10,45,9964,-9292,8468,-36,124,-168,-14596,4424,3364,-1012,133,-78,-14572,-2580,6252,-527,90,-160,0
3802.2436411380772,10516,4460,11204,-118,16,44,10024,-9332,8384,-36,150,-176,-14680,4504,3504,-1084,121,-54,-14688,-2572,6008,-502,97,-174,0
3802.2773530483246,10544,4372,11248,-125,31,54,9948,-9260,8476,-33,146,-149,-14576,4364,3564,-1056,38,-35,-14664,-2656,5952,-534,78,-214,0
3802.3108930587773,10544,4588,11052,-122,28,28,10040,-9408,8424,-37,124,-143,-14600,4536,3460,-1014,66,-33,-14840,-2704,6212,-485,30,-187,0
3802.344383955002,10428,4664,11088,-124,46,52,9860,-9264,8604,-36,177,-135,-14664,4448,3344,-1042,73,-80,-14660,-2656,6224,-513,72,-208,0
3802.3776590824123,10480,4496,11148,-106,35,49,10016,-9328,8544,-22,167,-147,-14620,4540,3548,-1046,72,-67,-14572,-2660,6092,-467,114,-196,0
3802.411100149154,10644,4364,11140,-119,45,60,10156,-9368,8264,-20,186,-117,-14584,4436,3496,-773,74,-56,-14544,-2656,6020,-446,170,-156,0
3802.444545984268,10432,4512,11144,-157,-17,88,10192,-9304,8664,247,153,-164,-14548,4580,3452,-1011,69,-105,-14796,-2744,6220,-459,202,-152,0
3802.47811794281,10384,4556,11084,-158,247,88,9904,-9332,8236,-6,144,-161,-14724,4512,3724,-774,97,-128,-14636,-2700,6188,-427,221,-132,0
3802.5116460323334,10468,4540,11028,-204,-28,94,9936,-9324,8652,15,149,-175,-14420,4504,3340,-769,68,-72,-14660,-2760,6172,-417,221,-106,0
3802.5452220439915,10728,4412,11212,-200,-4,116,9944,-9392,8492,3,159,-169,-14552,4384,3436,-1018,54,-30,-14532,-2712,6160,-385,236,-159,0
3802.578613996506,10424,4564,11176,-197,-2,111,9856,-9348,8552,-8,148,-196,-14536,4508,3428,-986,38,-104,-14604,-2732,6052,-431,270,-155,0
3802.6121850013733,10464,4516,11048,-180,-66,94,10224,-9384,8604,-13,179,-185,-14560,4492,3304,-970,33,-142,-14672,-2664,6092,-497,181,-158,0
3802.645411968231,10712,4620,11136,-146,-70,108,10080,-9352,8412,14,147,-164,-14640,4184,3272,-1005,64,-79,-14656,-2628,6368,-474,187,-140,0
3802.681834936142,10736,4840,10924,-139,-112,76,9992,-9320,8368,-8,158,-185,-14832,4464,3336,-772,90,-53,-14588,-2620,6152,-494,132,-134,0
3802.718022108078,10576,4584,11164,-134,-52,61,9860,-9428,8536,2,148,-167,-14604,4480,3360,-1019,89,-143,-14592,-2684,6132,-493,145,-143,0
3802.7532169818883,10396,4444,11172,-102,-64,45,9940,-9420,8572,-27,156,-183,-14672,4492,3548,-996,74,-95,-14596,-2748,6344,-511,150,-160,0
3802.7891840934753,10700,4692,11152,-153,-107,50,9728,-9296,8628,-7,202,-188,-14664,4448,3660,-677,-93,-43,-14656,-2992,6264,-491,118,-195,0
3802.8242049217224,10404,4644,11088,-131,-105,24,9944,-9288,8452,-96,203,-210,-14520,4408,3592,-970,50,-129,-14668,-2768,5980,-493,159,-188,0
3802.8598139286046,10436,4628,11028,-155,-169,253,10208,-9404,8628,-49,224,-510,-14564,4480,3272,-988,76,-158,-14552,-2776,6064,-487,175,-138,0
3802.894931077957,10444,4836,11160,-127,-90,32,9992,-9196,8696,-51,157,-241,-14644,4476,3404,-987,131,-102,-14664,-2704,6256,-478,134,-136,0
3802.9301841259003,10732,4640,11228,-130,-107,58,9756,-9364,8276,-54,158,-216,-14684,4400,3364,-1024,142,-111,-14672,-2564,6244,-549,107,-105,0
3802.965564966202,10468,4664,11020,-184,-115,73,9960,-9424,8448,-75,181,-223,-14656,4592,3348,-959,156,-76,-14644,-2604,6236,-768,75,-95,0
3803.0011510849004,10520,4584,11384,-189,-190,143,9940,-9392,8584,-87,121,-173,-14368,4456,3496,-1004,131,-92,-14776,-2652,6188,-503,103,-40,0
3803.0371921062474,10712,4628,11096,-213,-150,151,9864,-9348,8384,-41,119,-177,-14552,4520,3512,-1093,136,-71,-14660,-2644,6148,-542,75,-72,0
3803.0727500915523,10436,4560,11084,-167,-124,172,9928,-9352,8504,-46,114,-155,-14580,4400,3488,-1063,154,-136,-14628,-2704,6128,-267,87,-108,0
3803.1078090667725,10420,4664,11204,-223,-107,167,9936,-9348,8624,-22,151,-171,-14600,4468,3332,-1059,121,-56,-14760,-2820,6324,-523,101,-75,0
3803.1434099674225,10512,4572,11132,-245,-143,155,9944,-9360,8516,-31,129,-176,-14840,4108,3524,-1269,162,-61,-14604,-2676,6232,-508,127,-67,0
3803.179260969162,10360,4628,11064,-225,-141,177,9964,-9296,8484,-4,132,-199,-14612,4384,3448,-993,150,-118,-14612,-2776,6212,-490,165,-102,0
3803.2143671512604,10320,4352,11188,-219,-190,153,9900,-9272,8532,-39,121,-1,-14580,4360,3548,-958,136,-173,-14628,-2792,6104,-461,213,-84,0
3803.2501101493835,10464,4628,11096,-507,-210,153,9964,-9276,8468,-57,100,-236,-14612,4480,3408,-1006,105,-140,-14552,-2744,6016,-465,199,-103,0
3803.285670042038,10504,4552,11016,-249,-217,117,9972,-9244,8244,-253,112,-512,-14660,4384,3472,-970,121,-116,-14620,-2772,5996,-450,182,-100,0
3803.322756052017,10516,4580,10844,-248,-195,128,9900,-9288,8420,-9,139,-235,-14624,4468,3492,-958,77,-171,-14668,-2728,6036,-470,204,-134,0
3803.356434106826,10444,4556,11044,-282,-173,118,9972,-9216,8364,20,114,-222,-14672,4404,3764,-948,93,-108,-14768,-2716,6136,-464,185,-101,0
3803.3896770477295,10524,4604,10828,-230,-139,157,9980,-9356,8464,-38,76,-217,-14532,4408,3288,-950,112,-38,-14692,-2632,5896,-523,180,-65,0
3803.4231829643254,10536,4544,11276,-215,-172,202,10020,-9336,8460,254,13,-208,-14600,4440,3292,-992,173,-78,-14724,-2612,6216,-509,187,-19,0
3803.4569010734563,10552,4528,10864,-232,-165,247,10024,-9276,8680,10,35,-139,-14612,4424,3408,-1072,159,-83,-14744,-2636,6148,-505,165,-254,0
3803.49025607109,10556,4452,11012,-229,-155,220,9972,-9420,8428,-21,57,-142,-14672,4548,3112,-1038,128,-76,-14612,-2660,6236,-491,122,-38,0
3803.523931980133,10584,4440,11184,-506,-159,199,9940,-9372,8524,18,125,-124,-14820,4484,3360,-1020,106,236,-14656,-2612,6240,-496,148,-35,0
3803.5573000907893,10564,4448,11104,-225,-105,190,9944,-9228,8472,9,155,-153,-14592,4288,3512,-1037,67,-17,-14672,-2668,6136,-497,84,-115,0
3803.590861082077,10520,4592,11020,-172,-42,117,9976,-9292,8328,-37,162,-152,-14624,4384,3468,-983,79,-72,-14396,-2648,6152,-497,76,-147,0
3803.6244289875035,10384,4556,11100,-160,-28,121,9888,-9252,8408,-78,159,-182,-14604,4352,3544,-977,83,-87,-14800,-2672,6192,-501,160,-135,0
3803.6579201221466,10608,4592,10880,-121,42,53,10076,-9192,8520,-55,195,-157,-14656,4400,3360,-1032,107,-60,-14640,-2608,6260,-485,183,-111,0
3803.6914401054382,10536,4556,11144,-188,20,86,10032,-9296,8500,-11,145,-168,-14592,4416,3276,-1034,119,-61,-14668,-2604,6096,-467,156,-112,0
3803.725321054458,10704,4644,11032,-136,28,113,10084,-9224,8464,-44,147,-156,-14756,4456,3480,-1069,127,-42,-14640,-2680,6372,-473,176,-117,0
3803.7589659690852,10580,4632,11180,-176,-40,96,9924,-9276,8432,-10,165,-153,-14640,4516,3360,-1068,109,-21,-14672,-2636,6148,-494,139,-120,0
3803.7951970100403,10608,4508,11168,-129,6,106,9912,-9368,8196,28,97,-136,-14628,4492,3444,-1136,168,-18,-14692,-2696,6208,-534,70,-99,0
3803.8292779922485,10276,4376,11064,-119,88,86,10064,-9448,8344,-6,109,-122,-14600,4416,3528,-1071,141,-12,-14712,-2732,6140,-519,-7,-148,0
3803.8628699779515,10512,4372,11156,-146,73,98,9740,-9300,8700,-3,99,-106,-14848,4468,3472,-1101,101,42,-14620,-2620,6136,-504,-10,-131,0
3803.8959391117096,10560,4532,11196,-167,87,83,9940,-9232,8472,-38,105,-112,-14376,4372,3372,-1126,62,37,-14676,-2756,5996,-497,22,-124,0
3803.929296016693,10412,4528,11196,-158,57,92,10200,-9328,8476,-58,136,-128,-14684,4576,3496,-1095,130,-37,-14384,-2660,5908,-487,49,-118,0
3803.9626021385193,10496,4608,11024,-121,12,85,10044,-9308,8496,-37,132,-109,-14636,4428,3612,-1075,122,-64,-14688,-2716,6116,-501,129,-117,0
3803.9965560436253,10324,4616,11052,-166,2,87,9872,-9340,8556,-42,130,-135,-14652,4436,3432,-1039,126,-44,-14600,-2668,6176,-478,102,-122,0
3804.0301089286804,10492,4788,11080,-152,-7,96,10000,-9372,8252,-18,161,-171,-14544,4424,3440,-1279,139,-28,-14664,-2676,6204,-453,115,-149,0
3804.063795089721,10384,4456,11144,-121,-250,85,10056,-9372,8412,-39,134,-167,-14568,4544,3460,-1054,81,-46,-14560,-2712,6168,-510,162,-129,0
3804.0974390506744,10472,4556,11268,-182,-31,96,9956,-9288,8644,-36,151,-141,-14612,4428,3396,-1050,44,-25,-14644,-2680,6168,-503,115,-124,0
3804.1304371356964,10420,4372,10768,-165,52,130,10096,-9200,8636,-96,154,-42,-14344,4480,3396,-1078,79,9,-14704,-2752,5888,-475,84,-125,0
3804.1639280319214,10412,4384,11140,-163,29,104,10036,-9336,8400,-40,273,-101,-14848,4504,3556,-950,27,4,-14612,-2676,6144,-531,80,-119,0
3804.197461128235,10732,4672,11256,-210,43,103,9884,-9300,8336,-31,198,-89,-14560,4420,3420,-1008,70,-22,-14832,-2624,6156,-479,117,-121,0
3804.2311069965363,10408,4696,11052,-169,251,103,9804,-9368,8232,-64,165,-138,-14368,4488,3572,-965,62,-40,-14536,-2668,6200,-460,176,-118,0
3804.264725923538,10532,4588,10992,-173,235,88,10012,-9324,8212,-51,191,-164,-14608,4472,3580,-926,27,-58,-14632,-2744,6108,-434,202,-146,0
3804.298231124878,10492,4608,11136,-185,-70,55,9812,-9408,8680,-73,201,-210,-14664,4408,3384,-906,62,-117,-14512,-2696,6040,-455,205,-153,0
3804.331743955612,10476,4696,11084,-167,-84,77,9860,-9304,8428,-55,149,-225,-14840,4500,3408,-954,85,-132,-14648,-2780,6176,-445,224,-145,0
3804.36865901947,10512,4852,11248,-181,-73,74,9776,-9380,8600,-14,142,-242,-14520,4560,3504,-1277,83,-150,-14624,-2588,6068,-452,201,-135,0
3804.403202056885,10400,4624,11024,-197,-84,64,9980,-9376,8660,-55,125,-225,-14572,4544,3408,-1013,72,-99,-14692,-2644,6236,-477,158,-127,0
3804.438229084016,10456,4624,11096,-182,-57,63,9856,-9348,8524,-29,98,-193,-14704,4356,3328,-1015,101,-126,-14648,-2664,6284,-477,161,-121,0
3804.4739820957184,10372,4496,11096,-155,-56,89,10004,-9356,8592,-13,131,-160,-14620,4576,3636,-1278,90,-80,-14592,-2640,6272,-483,183,-110,0
3804.5102181434636,10260,4836,11368,-176,-14,92,9876,-9412,8696,-10,119,-174,-14580,4504,3448,-1040,74,-98,-14340,-2700,6228,-458,155,-120,0
3804.545025110245,10432,4592,11040,-193,-97,95,9856,-9264,8500,-50,132,-189,-14600,4584,3308,-974,80,-83,-14584,-2692,6208,-474,176,-95,0
3804.580810070038,10416,4532,11088,-163,-63,123,10004,-9372,8488,-66,101,-196,-14780,4528,3444,-981,101,-88,-14700,-2408,6280,-503,165,-103,0
3804.61612200737,10280,4652,11096,-201,-64,139,10192,-9348,8652,-37,101,-188,-14624,4564,3428,-1074,162,-100,-14744,-2632,6260,-483,137,-53,0
3804.652354955673,10488,4592,11068,-225,-100,168,9888,-9356,8560,-16,90,-192,-14352,4464,3356,-769,143,-77,-14652,-2744,6132,-486,135,-77,0
3804.688143968582,10376,4608,11180,-239,-128,140,9984,-9388,8600,-74,119,-203,-14696,4352,3392,-927,88,-129,-14356,-2700,6300,-494,125,-99,0
3804.7238979339604,10480,4688,11160,-212,-148,126,9936,-9408,8220,-102,129,-201,-14556,4540,3584,-945,44,-115,-14664,-2732,6244,-482,153,-139,0
3804.7601730823517,10496,4640,11236,-253,-167,110,9748,-9436,8564,-88,161,-244,-14816,4508,3732,-964,63,-75,-14608,-2772,5908,-464,163,-118,0
3804.7956070899963,10372,4688,11036,-238,-116,122,9912,-9328,8688,-65,131,-208,-14584,4472,3388,-1000,127,-116,-14652,-2704,6204,-426,130,-72,0
3804.8317120075226,10384,4612,11292,-281,-115,119,9968,-9472,8668,-90,109,-204,-14744,4468,3336,-912,64,-112,-14680,-2724,6224,-465,187,-91,0
3804.867681026458,10484,4496,11048,-252,-166,171,9916,-9388,8376,-17,116,-228,-14556,4500,3536,-945,99,-107,-14536,-2704,6220,-474,225,-56,0
3804.9033651351933,10488,4568,11220,-233,-158,183,10192,-9340,8368,28,65,-218,-14696,4552,3376,-981,124,-140,-14604,-2568,6224,-477,185,-77,0
3804.9391369819646,10244,4568,11124,-235,-150,175,10024,-9316,8452,-18,139,-190,-14636,4532,3472,-957,66,-102,-14680,-2700,6196,-458,170,-103,0
3804.9741070270534,10444,4560,11068,-7,-144,147,10228,-9316,8192,-32,153,-190,-14580,4504,3376,-933,69,-130,-14620,-2736,5932,-481,195,-101,0
3805.010875940323,10544,4620,11096,-227,-172,123,9932,-9244,8508,-20,145,-195,-14572,4392,3512,-920,30,-90,-14340,-2644,6080,-458,216,-102,0
3805.0445830821996,10740,4400,11228,-220,-156,126,9940,-9368,8404,-38,155,-212,-14624,4504,3440,-898,45,-133,-14688,-2612,6192,-445,214,-92,0
3805.0783390998845,10240,4596,11156,-241,-210,145,9956,-9344,8376,-38,152,-226,-14376,4436,3504,-886,3,-93,-14736,-2620,6196,-425,503,-87,0
3805.1118869781494,10600,4548,11180,-252,-180,129,9864,-9224,8432,-16,157,-253,-14832,4480,3516,-850,19,-162,-14356,-2648,6332,-461,269,-94,0
3805.1451930999756,10708,4500,11096,-4,-175,154,9932,-9292,8576,-39,125,-205,-14636,4500,3416,-891,46,-154,-14616,-2708,5980,-511,219,-53,0
3805.1788239479065,10556,4500,11056,-219,-168,162,9920,-9308,8576,-47,125,-234,-14620,4476,3428,-932,99,-117,-14732,-2708,5912,-437,184,-81,0
3805.212563991546,10540,4580,11140,-233,-192,158,9972,-9392,8420,-51,112,-192,-14540,4452,3508,-969,67,-62,-14580,-2532,6112,-501,169,-103,0
3805.246108055114,10556,4532,11232,-214,-133,121,10080,-9364,8588,-40,102,-195,-14528,4420,3468,-961,79,-103,-14612,-2632,6052,-495,151,-95,0
3805.2797949314117,10576,4396,11256,-148,-58,122,9904,-9352,8464,-63,112,-174,-14624,4388,3316,-895,93,-84,-14588,-2700,6120,-491,118,-115,0
3805.313311100006,10504,4584,11132,-160,-27,115,10040,-9264,8424,-17,149,-169,-14416,4504,3508,-1016,152,-101,-14620,-2516,6068,-468,121,-106,0
3805.3469569683075,10504,4508,11192,-194,-22,113,10236,-9288,8488,4,160,-171,-14528,4508,3340,-1076,154,-84,-14612,-2656,6124,-459,137,-120,0
3805.3803110122685,10652,4564,11116,-198,-11,110,10048,-9364,8532,-17,158,-148,-14648,4356,3412,-1073,165,-36,-14712,-2796,6332,-455,120,-88,0
3805.413736104965,10636,4484,11036,-171,-26,100,9748,-9328,8592,27,144,-159,-14716,4524,3492,-1112,186,-80,-14716,-2748,6100,-464,92,-131,0
3805.4470589160924,10616,4520,11160,-191,-28,100,10020,-9388,8520,26,167,-184,-14840,4396,3564,-1148,208,-68,-14676,-2600,5936,-449,63,-149,0
3805.4803941249843,10568,4516,11048,-183,32,104,9816,-9308,8420,0,148,-145,-14608,4424,3428,-1163,215,-16,-14680,-2628,6192,-469,68,-199,0
3805.5137209892273,10440,4652,11156,-187,-254,38,10212,-9388,8520,10,159,-148,-14664,4464,3504,-1144,147,-69,-14628,-2644,6292,-493,90,-156,0
3805.5473029613495,10604,4452,11116,-174,-5,73,9888,-9288,8608,9,174,-163,-14624,4504,3332,-1162,123,-84,-14604,-2308,6324,-494,70,-141,0
3805.580909013748,10316,4576,11228,-135,26,67,9884,-9324,8596,-30,91,-171,-14584,4532,3308,-1105,174,-48,-14708,-2696,6352,-259,50,-139,0
3805.6144969463357,10500,4360,11252,-150,9,72,9992,-9368,8352,-48,137,-168,-14584,4516,3560,-1104,200,-48,-14612,-2556,6148,-472,33,-127,0
3805.647915124893,10472,4512,11248,-153,-251,93,9972,-9356,8636,-58,90,-142,-14540,4792,3548,-1096,209,-14,-14716,-2572,6288,-559,90,-150,0
3805.6814439296722,10720,4416,10832,-99,-13,80,10236,-9340,8336,-27,92,-156,-14524,4516,3572,-1088,167,-76,-14652,-2720,6364,-543,104,-165,0
3805.7150599956512,10484,4604,11204,-100,14,89,9896,-9272,8408,15,118,-175,-14836,4496,3164,-1145,203,-104,-14676,-2692,5944,-514,119,-146,0
3805.7488081455226,10516,4544,10988,-118,-28,92,9836,-9360,8692,-255,117,-159,-14848,4504,3744,-1152,120,-105,-14664,-2716,6072,-509,124,-126,0
3805.7821869850163,10476,4588,11084,-112,-18,86,9912,-9392,8536,-29,138,-175,-14388,4532,3472,-1034,90,-43,-14700,-2636,6292,-495,133,-145,0
3805.8154189586644,10464,4532,11204,-112,-25,93,9756,-9472,8504,-15,115,-148,-14672,4392,3396,-1039,122,-54,-14648,-2704,6216,-501,82,-145,0
3805.848989009857,10476,4588,11204,-136,-7,84,9892,-9228,8628,-20,163,-174,-14844,4436,3492,-1031,76,-100,-14400,-2692,6168,-496,119,-169,0
3805.8823101520534,10404,4380,11200,-151,-64,57,9836,-9300,8596,-50,164,-172,-14604,4512,3556,-769,72,-85,-14556,-2656,6196,-474,138,-134,0
3805.9157149791718,10484,4368,11064,-130,-70,49,10004,-9412,8544,-63,170,-192,-14672,4508,3336,-991,69,-39,-14784,-2612,6180,-481,143,-154,0
3805.949280023575,10352,4612,11256,-146,-45,67,10188,-9420,8512,-25,149,-189,-14700,4576,3352,-989,67,-60,-14844,-2644,6100,-488,152,-120,0
3805.98272895813,10396,4656,11244,-167,-36,108,9936,-9300,8436,22,149,-171,-14420,4480,3412,-1013,61,-117,-14524,-2684,6044,-467,187,-118,0
3806.015862941742,10364,4680,11224,-150,-63,68,9716,-9272,8352,249,153,-199,-14612,4376,3512,-957,54,-141,-14568,-2712,6196,-478,207,-101,0
3806.0532679557805,10716,4620,11236,-161,-102,117,10004,-9292,8472,-49,162,-151,-14672,4492,3452,-930,64,-82,-14708,-2692,6148,-480,98,-104,0
3806.0887629985814,10500,4648,11196,-180,-68,111,10028,-9276,8636,-17,183,-139,-14652,4424,3320,-978,81,-46,-14624,-2700,6372,-465,142,-114,0
3806.1242330074315,10504,4568,11156,-202,-40,106,9740,-9360,8280,-14,180,-129,-14672,4460,3468,-1279,76,-24,-14716,-2724,6144,-471,118,-151,0
3806.1595289707184,10716,4632,11132,-195,-10,85,10220,-9396,8560,-10,159,-164,-14684,4476,3584,-975,61,-68,-14640,-2628,6136,-510,132,-153,0
3806.19480395317,10376,4604,11064,-183,-33,78,9944,-9384,8572,-43,144,-163,-14572,4568,3328,-991,69,-59,-14820,-2656,6092,-504,116,-149,0
3806.230432033538,10304,4544,11084,-165,-86,92,9832,-9380,8520,-30,151,-202,-14540,4492,3556,-1041,111,-106,-14652,-2660,6108,-507,157,-109,0
3806.2658541202545,10500,4616,11028,-187,-87,99,9916,-9308,8544,-54,117,-188,-14388,4548,3544,-1020,122,-70,-14644,-2628,6232,-474,168,-115,0
3806.3014731407166,10408,4500,11096,-185,-80,111,9956,-9356,8540,-23,131,-161,-14632,4568,3544,-1049,111,-122,-14660,-2324,6252,-527,146,-123,0
3806.3375821113586,10540,4680,10752,-151,-26,111,9764,-9296,8504,6,137,-171,-14668,4576,3376,-1069,139,-93,-14640,-2736,6388,-483,99,-125,0
3806.3729269504547,10444,4740,11228,-201,43,103,9744,-9244,8548,-31,129,-138,-14348,4468,3436,-1053,148,-30,-14584,-2608,6108,-499,93,-100,0
3806.408823013305,10456,4656,11120,-212,-45,134,9992,-9224,8272,-22,130,-177,-14564,4384,3444,-1060,164,-90,-14620,-2824,6244,-497,106,-105,0
3806.444059133529,10468,4592,11108,-245,-54,120,9864,-9340,8684,-22,114,-186,-14480,4388,3348,-1099,111,-58,-14604,-2712,6228,-478,114,-78,0
3806.4799411296844,10436,4700,11336,-216,-130,151,10112,-9412,8248,-52,123,-187,-14604,4432,3580,-770,119,-117,-14668,-2648,6152,-512,144,-112,0
3806.5155141353603,10504,4732,11204,-227,-143,131,9968,-9308,8568,-71,122,-217,-14620,4576,3464,-986,117,-110,-14580,-2684,6168,-500,148,-90,0
3806.5508799552917,10372,4536,11112,-209,-130,117,9888,-9404,8532,-60,108,-217,-14364,4452,3452,-983,99,-147,-14588,-2644,6256,-465,168,-103,0
3806.5859119892125,10492,4540,11052,-233,-168,137,9908,-9308,8624,-24,124,-233,-14836,4564,3684,-988,65,-110,-14736,-2644,6212,-463,152,-55,0
3806.6217679977412,10564,4836,11180,-255,-160,126,9908,-9316,8352,-27,134,-211,-14624,4444,3348,-993,110,-150,-14728,-2740,6036,-466,161,-88,0
3806.657743930816,10456,4464,11008,-250,-162,149,10224,-9368,8384,-40,105,-224,-14340,4472,3776,-970,131,-127,-14604,-2648,6132,-453,171,-79,0
3806.693787097931,10524,4560,11024,-236,-161,163,10024,-9316,8464,-8,136,-224,-14664,4480,3364,-973,53,-142,-14628,-2656,6328,-479,208,-96,0
3806.727380990982,10512,4568,10752,-233,-140,160,10020,-9388,8460,255,136,-219,-14592,4420,3424,-936,93,-136,-14568,-2648,6304,-485,195,-82,0
3806.761024951935,10436,4556,11088,-253,-159,162,9968,-9264,8436,-19,161,-204,-14676,4468,3500,-890,98,-142,-14640,-2604,6188,-470,215,-80,0
3806.7944819927216,10568,4600,11284,-242,-158,139,9980,-9364,8316,-66,159,-210,-14664,4552,3468,-887,26,-100,-14732,-2576,6040,-259,187,-92,0
3806.8281919956203,10644,4436,11096,-249,-151,107,10208,-9268,8552,-11,170,-168,-14676,4444,3452,-902,43,-97,-14600,-2648,6136,-487,211,-100,0
3806.8616080284123,10508,4656,11144,-236,-119,130,10220,-9276,8532,-8,164,-151,-14556,4416,3456,-984,80,-111,-14648,-2724,5888,-463,163,-56,0
3806.8949279785156,10464,4620,11196,-253,-163,144,9904,-9356,8448,-40,140,-211,-14564,4180,3384,-974,108,-140,-14660,-2780,6184,-483,217,-62,0
3806.9284451007843,10564,4536,11060,-282,-187,156,10088,-9332,8532,-13,94,-210,-14692,4532,3452,-1001,132,-65,-14756,-2572,6188,-492,206,-90,0
3806.9618160724644,10556,4496,11196,-207,-141,173,9980,-9380,8412,11,126,-164,-14636,4484,3428,-1012,63,-54,-14636,-2684,6364,-517,179,-118,0
3806.9954280853276,10500,4524,11100,-232,-121,113,9880,-9304,8656,-53,157,-178,-14552,4436,3448,-942,59,-87,-14624,-2656,6260,-259,121,-97,0
3807.02906703949,10512,4548,10780,-214,-132,113,9900,-9368,8552,-39,121,-186,-14512,4480,3312,-931,107,-123,-14396,-2796,6372,-491,149,-89,0
3807.0624330043793,10488,4532,11144,-190,-134,148,9900,-9312,8476,-45,119,-233,-14512,4496,3548,-1010,123,-74,-14688,-2564,6180,-508,185,-93,0
3807.095806121826,10560,4460,11240,-148,-129,137,9772,-9108,8376,-30,103,-203,-14568,4280,3468,-1005,93,-44,-14400,-2604,6136,-486,165,-84,0
3807.129254102707,10476,4448,11044,-171,-87,129,9936,-9236,8464,-21,107,-198,-14596,4444,3328,-1101,201,-92,-14668,-2640,5956,-445,116,-116,0
3807.162617921829,10580,4464,11064,-234,-41,112,9980,-9376,8660,-43,103,-176,-14580,4432,3332,-1037,183,-85,-14816,-2564,6216,-462,116,-126,0
3807.1962530612946,10596,4492,10772,-148,-34,106,10088,-9280,8532,12,120,-162,-14732,4576,3476,-1128,174,-33,-14700,-2636,6052,-469,86,-135,0
3807.229812145233,10744,4500,11180,-163,12,104,9744,-9364,8664,13,108,-148,-14600,4416,3532,-1137,125,-23,-14740,-2692,6192,-503,94,-147,0
3807.2632930278774,10672,4504,11248,-141,2,72,9864,-9308,8552,-7,111,-175,-14576,4440,3384,-1122,143,-48,-14748,-2596,6244,-477,83,-144,0
3807.2968361377716,10408,4568,11096,-146,26,86,9996,-9300,8508,-50,114,-158,-14580,4464,3460,-1057,102,-73,-14848,-2716,6180,-494,75,-164,0
3807.3303270339966,10728,4536,11080,-137,1,71,9908,-9304,8392,-30,144,-164,-14448,4360,3372,-1064,99,-42,-14536,-2672,6204,-472,98,-173,0
3807.363955974579,10568,4552,10988,-144,1,92,9924,-9296,8500,-13,172,-168,-14500,4448,3332,-1055,107,-37,-14712,-2748,5892,-472,137,-145,0
3807.3973219394684,10492,4356,11148,-146,-32,47,10020,-9224,8208,-39,163,-195,-14560,4472,3384,-1043,84,-56,-14388,-2760,6184,-460,140,-134,0
3807.4308450222015,10512,4612,11208,-154,23,71,9988,-9308,8612,-46,160,-169,-14636,4456,3572,-997,79,-113,-14640,-2656,6180,-442,127,-159,0
3807.4642250537872,10508,4572,11164,-112,-15,77,10080,-9364,8676,-45,156,-164,-14612,4552,3352,-997,65,-54,-14388,-2580,5992,-502,136,-133,0
3807.4974250793452,10296,4644,11220,-140,-33,77,9880,-9368,8632,-12,151,-158,-14588,4456,3384,-997,87,-26,-14636,-2616,6132,-503,153,-145,0
3807.531023979187,10488,4372,11128,-138,12,99,9864,-9364,8476,-54,169,-126,-14632,4836,3436,-1008,23,-13,-14696,-2752,6144,-501,168,-139,0
3807.564605951309,10452,4544,11252,-143,248,78,9920,-9392,8636,-60,201,-124,-14612,4504,3288,-956,65,-83,-14680,-2608,6168,-486,145,-163,0
3807.597944021225,10508,4524,11088,-170,-4,86,9924,-9416,8484,-49,164,-132,-14620,4480,3372,-983,40,-76,-14688,-2636,6276,-469,180,-128,0
3807.6315429210663,10728,4576,11096,-124,-9,89,10000,-9296,8500,-22,198,-156,-14604,4600,3324,-953,70,-38,-14672,-2668,6264,-503,158,-145,0
3807.6649911403656,10700,4552,11096,-179,-14,87,9744,-9340,8272,-37,190,-178,-14564,4536,3416,-947,48,-21,-14648,-2624,6340,-469,122,-119,0
3807.698396921158,10344,4508,11188,-149,-48,84,10136,-9364,8568,-54,166,-159,-14716,4540,3512,-964,86,-67,-14668,-2604,6216,-525,136,-127,0
3807.7359981536865,10444,4536,11080,-148,-64,87,9816,-9384,8624,-1,143,-174,-14360,4448,3484,-1022,88,-78,-14620,-2688,6136,-269,159,-123,0
3807.7720110416412,10252,4356,11008,-138,-6,103,9964,-9236,8332,-26,146,-169,-14532,4376,3348,-1036,104,-75,-14600,-2744,6180,-523,155,-155,0
3807.808005094528,10476,4572,11068,-134,-54,97,9872,-9300,8504,-18,174,-183,-14588,4508,3376,-1014,102,-76,-14684,-2644,6336,-508,152,-148,0
3807.8434641361237,10484,4584,11276,-158,-28,79,9988,-9392,8440,-45,156,-170,-14672,4452,3448,-1031,103,-93,-14360,-2700,6184,-522,164,-147,0
3807.879620075226,10396,4628,11236,-137,-72,96,9788,-9420,8432,-13,141,-199,-14676,4312,3376,-1116,150,-103,-14840,-2788,6180,-503,153,-122,0
3807.9150600433354,10440,4632,11080,-163,-60,108,9880,-9300,8448,-24,157,-196,-14628,4352,3440,-1074,202,-49,-14708,-2768,6188,-465,125,-130,0
3807.9508960247044,10740,4536,11208,-191,-36,101,9856,-9356,8308,-21,136,-191,-14664,4500,3536,-990,178,-78,-14440,-2676,6248,-469,95,-122,0
3807.985943078994,10544,4572,11000,-180,-76,122,9952,-9260,8664,-51,111,-191,-14568,4524,3380,-1100,143,-76,-14664,-2648,6100,-442,77,-133,0
3808.0216789245605,10508,4860,11224,-205,-38,101,9912,-9276,8628,36,85,-200,-14564,4412,3516,-1138,86,-62,-14700,-2708,6164,-442,143,-122,0
3808.057867050171,10568,4816,11192,-186,-56,97,9868,-9324,8544,-10,114,-208,-14532,4556,3364,-1065,144,-76,-14740,-2704,6244,-455,118,-125,0
3808.0933859348293,10356,4680,11248,-166,-4,92,10204,-9376,8244,-16,112,-174,-14624,4500,3464,-1061,166,-43,-14624,-2668,6216,-499,88,-96,0
3808.1292779445653,10472,4544,11020,-192,-46,105,9872,-9240,8696,-25,136,-162,-14604,4520,3328,-1022,103,-79,-14848,-2668,6196,-482,146,-92,0
3808.1643619537354,10404,4824,10980,-244,-88,151,9872,-9400,8368,-4,145,-165,-14608,4484,3512,-994,158,-76,-14640,-2716,6176,-457,124,-68,0
3808.1996810436253,10436,4840,11448,-244,-97,128,9960,-9384,8512,-77,146,-211,-14604,4504,3476,-981,72,-104,-14600,-2660,6352,-446,145,-92,0
3808.2350380420685,10244,4672,11216,-268,-148,110,9908,-9396,8464,-68,130,-242,-14700,4552,3484,-967,98,-124,-14656,-2696,6228,-458,171,-102,0
3808.270884037018,10684,4584,11140,-226,-154,121,9852,-9420,8616,-70,127,-242,-14516,4504,3468,-936,81,-103,-14624,-2716,6216,-486,166,-90,0
3808.3062410354614,10412,4512,11476,-245,-110,105,9824,-9280,8480,-66,136,-226,-14524,4580,3404,-933,26,-80,-14636,-2716,5980,-446,157,-97,0
3808.3421490192413,10484,4596,11188,-257,-119,105,9912,-9416,8540,-67,190,-214,-14820,4504,3444,-888,15,-97,-14668,-2612,6204,-442,167,-71,0
3808.3776760101314,10420,4476,11036,-236,-135,108,9880,-9320,8196,-60,169,-208,-14828,4468,3576,-912,86,-132,-14628,-2352,6152,-460,261,-51,0
3808.4112610816956,10476,4536,11148,-257,-150,147,9920,-9308,8664,-30,157,-217,-14356,4432,3424,-924,131,-182,-14644,-2700,6312,-461,264,-62,0
3808.4449560642242,10468,4428,11236,-222,-164,176,10000,-9384,8504,-16,135,-247,-14644,4552,3548,-948,130,-165,-14592,-2804,6204,-463,5,-68,0
3808.478660106659,10460,4444,11204,-239,-175,150,9744,-9360,8464,254,153,-235,-14524,4488,3664,-953,90,-96,-14704,-2668,6216,-449,228,-91,0
3808.511927127838,10500,4500,11100,-234,-203,124,9952,-9328,8440,246,121,-224,-14504,4432,3348,-974,109,-122,-14628,-2620,6196,-435,202,-64,0
3808.5454399585724,10632,4576,11236,-510,-131,146,10068,-9252,8572,12,138,-236,-14608,4416,3416,-1006,126,-125,-14740,-2600,6200,-437,198,-95,0
3808.5789370536804,10492,4612,10972,-507,-162,149,9980,-9340,8596,-32,105,-234,-14540,4372,3344,-989,114,-123,-14848,-2644,6200,-468,163,-117,0
3808.612688064575,10528,4460,11148,-1,-157,144,10000,-9336,8552,-33,97,-244,-14604,4448,3572,-1012,122,-80,-14736,-2596,6124,-471,146,-93,0
3808.6461119651794,10276,4512,10844,-226,-166,137,9936,-9472,8500,-26,92,-218,-14364,4448,3120,-997,139,-96,-14656,-2764,6052,-477,200,-101,0
3808.679801940918,10744,4584,11160,-200,-185,121,9732,-9372,8304,-4,110,-206,-14844,4504,3468,-1012,130,-126,-14672,-2592,6140,-479,174,-81,0
3808.713459968568,10528,4516,11124,-209,-159,139,10000,-9400,8580,23,102,-228,-14544,4460,3120,-995,125,-145,-14740,-2628,6104,-478,200,-82,0
3808.746973991394,10532,4452,11072,-240,-159,131,9872,-9380,8520,12,100,-212,-14484,4380,3468,-1008,143,-125,-14600,-2660,6140,-467,164,-58,0
3808.7806890010834,10668,4548,11096,-217,-138,147,10032,-9356,8464,-30,94,-190,-14652,4408,3564,-975,126,-99,-14792,-2692,6304,-513,132,-123,0
3808.8187000751495,10608,4440,11112,-221,-102,150,9784,-9288,8232,-14,99,-174,-14808,4488,3336,-1016,102,-92,-14740,-2624,6132,-500,120,-133,0
3808.8524589538574,10548,4548,11148,-179,-78,105,10004,-9036,8504,-32,131,-175,-14352,4384,3424,-1058,174,-66,-14672,-2712,6316,-487,79,-138,0
3808.885823965072,10596,4428,11192,-172,-65,82,10028,-9320,8524,-54,115,-192,-14576,4380,3332,-1040,142,-72,-14664,-2604,6392,-496,110,-153,0
3808.919310092926,10632,4516,11004,-164,-37,80,10016,-9296,8376,-12,121,-169,-14644,4360,3256,-1079,185,-12,-14652,-2784,6108,-498,82,-146,0
3808.9528090953827,10580,4528,10948,-161,62,83,9956,-9204,8212,17,147,-127,-14544,4444,3420,-1145,140,-28,-14672,-2640,6144,-500,90,-148,0
3808.9865069389343,10408,4516,11084,-159,38,82,9828,-9320,8596,-17,154,-134,-14692,4588,3452,-1073,95,-53,-14356,-2624,6136,-489,81,-152,0
3809.019935131073,10252,4536,10832,-149,29,71,9956,-9276,8484,-18,156,-143,-14656,4448,3440,-1024,112,-55,-14612,-2596,6068,-544,103,-156,0
3809.0536170005794,10512,4508,11216,-112,-13,87,9968,-9328,8500,-40,135,-160,-14636,4516,3440,-1071,119,-57,-14668,-2588,6084,-525,128,-130,0
3809.0872740745544,10556,4464,11088,-115,9,77,9908,-9292,8604,-38,129,-163,-14664,4492,3548,-1068,78,-46,-14624,-2680,5956,-501,124,-130,0
3809.1207890510564,10504,4556,11084,-112,29,80,9980,-9320,8472,-62,139,-149,-14612,4496,3548,-1062,105,-70,-14752,-2720,6272,-475,95,-107,0
3809.1540110111237,10536,4860,11244,-139,25,96,10016,-9312,8652,-32,128,-148,-14440,4504,3336,-1050,125,-71,-14680,-2692,6212,-461,109,-119,0
3809.1876440048213,10528,4548,11228,-149,8,109,9832,-9336,8572,-36,144,-150,-14580,4412,3132,-1052,143,-91,-14564,-2660,6236,-486,127,-125,0
3809.221267938614,10472,4628,11140,-143,-18,112,9904,-9344,8500,-52,123,-154,-14588,4492,3432,-982,105,-66,-14624,-2636,6136,-469,144,-122,0
3809.2547349929814,10504,4528,11212,-148,-32,96,9852,-9320,8416,-52,141,-170,-14540,4516,3468,-944,72,-25,-14656,-2592,6052,-466,156,-132,0
3809.2883241176605,10496,4548,11236,-157,-50,72,10092,-9260,8492,-75,171,-183,-14608,4532,3512,-949,24,-118,-14604,-2584,6264,-507,146,-150,0
3809.3215930461884,10560,4488,11168,-171,-23,82,9900,-9300,8464,-9,180,-149,-14396,4552,3364,-955,30,-117,-14636,-2684,6240,-472,196,-168,0
3809.3552470207214,10508,4592,11176,-112,-34,72,9868,-9328,8480,-8,189,-142,-14592,4420,3436,-922,29,-77,-14616,-2704,6112,-457,200,-115,0
3809.391247987747,10388,4652,10956,-136,-56,65,9892,-9280,8356,-74,202,-181,-14488,4516,3368,-884,90,-80,-14664,-2640,6208,-513,197,-120,0
3809.426192045212,10476,4536,10900,-132,-63,111,10076,-9340,8444,-48,158,-173,-14616,4468,3364,-973,102,-41,-14720,-2660,5964,-473,114,-106,0
3809.4618189334874,10288,4404,10848,-154,-39,103,9760,-9252,8524,-16,130,-174,-14816,4472,3496,-989,87,-74,-14736,-2664,6152,-530,159,-127,0
3809.4980981349945,10428,4596,11144,-183,-34,106,9960,-9224,8472,-59,160,-144,-14424,4560,3408,-1011,60,-58,-14644,-2784,6296,-493,127,-164,0
3809.533817052841,10432,4840,10912,-168,-22,74,9892,-9336,8568,-30,131,-170,-14432,4512,3408,-1021,65,-57,-14848,-2760,6548,-490,125,-179,0
3809.5691800117493,10436,4356,11092,-152,-51,75,9928,-9220,8676,-25,135,-167,-14688,4568,3560,-769,56,-41,-14568,-2640,6224,-504,111,-139,0
3809.6041679382324,10468,4656,11024,-150,-46,88,9948,-9296,8568,-42,126,-191,-14540,4392,3516,-1046,145,-78,-14656,-2652,6368,-510,118,-120,0
3809.6396880149846,10696,4500,11444,-155,-66,124,9888,-9352,8520,-23,100,-181,-14836,4428,3444,-1047,179,-90,-14644,-2624,6124,-487,142,-96,0
3809.675033092498,10484,4528,11144,-137,-72,109,9984,-9356,8532,-18,101,-163,-14640,4528,3272,-1115,206,-48,-14620,-2616,6160,-509,73,-146,0
3809.7112100124364,10420,4512,11196,-161,-12,150,9828,-9300,8492,7,87,-147,-14392,4428,3340,-1161,139,-63,-14672,-2672,6224,-498,75,-129,0
3809.747204065323,10472,4356,11124,-164,-46,100,9872,-9292,8524,-18,109,-160,-14836,4520,3144,-1094,82,-56,-14660,-2644,6256,-500,58,-134,0
3809.782112121582,10532,4648,11096,-176,-17,77,9944,-9328,8624,-252,142,-176,-14572,4488,3568,-1046,104,-78,-14608,-2632,6204,-481,112,-135,0
3809.8174891471863,10432,4780,11028,-159,-38,73,9980,-9316,8492,21,157,-181,-14528,4436,3392,-1033,83,-54,-14652,-2648,6152,-489,131,-133,0
3809.8529410362244,10424,4556,11072,-172,-40,121,9976,-9384,8612,-39,139,-173,-14648,4508,3312,-1004,109,-117,-14524,-2672,6208,-495,127,-98,0
3809.8887310028076,10444,4400,11052,-159,-28,92,9940,-9348,8380,-38,130,-174,-14344,4448,3364,-1038,127,-49,-14848,-2740,6332,-444,119,-114,0
3809.9242601394653,10520,4356,11128,-173,-60,117,9944,-9340,8620,-13,125,-182,-14344,4512,3576,-1045,128,-69,-14676,-2732,6104,-455,135,-104,0
3809.959820985794,10452,4648,11016,-177,-52,121,9868,-9360,8544,-28,155,-187,-14644,4480,3628,-1004,59,-77,-14632,-2668,6264,-465,169,-135,0
3809.994804143905,10480,4632,11120,-186,-46,108,9852,-9360,8612,-23,158,-152,-14804,4576,3528,-944,74,-76,-14628,-2692,6232,-466,146,-110,0
3810.0305290222163,10244,4568,11080,-214,-57,101,9916,-9288,8472,-34,157,-182,-14592,4428,3552,-953,40,-95,-14536,-2616,6300,-496,198,-86,0
3810.066020965576,10360,4564,11300,-205,-72,81,9852,-9340,8536,-46,213,-180,-14632,4500,3528,-874,54,-111,-14612,-2640,6352,-483,218,-77,0
3810.100042104721,10508,4540,11180,-219,-136,128,9920,-9344,8548,-81,189,-211,-14668,4452,3580,-896,55,-119,-14804,-2748,6280,-485,230,-66,0
3810.133574008941,10432,4816,10956,-216,-190,108,9892,-9356,8472,-77,144,-243,-14556,4524,3456,-900,50,-92,-14716,-2648,6336,-434,244,-62,0
3810.167220115661,10376,4624,11212,-254,-151,130,10004,-9368,8548,-112,122,-232,-14696,4528,3524,-888,58,-102,-14728,-2664,6300,-462,178,-88,0
3810.2005310058594,10244,4580,11056,-281,-122,125,9992,-9460,8440,-90,164,-205,-14696,4736,3432,-929,29,-89,-14720,-2616,6324,-509,149,-108,0
3810.2341949939732,10484,4824,11056,-246,-110,130,9884,-9272,8480,-20,149,-159,-14780,4432,3076,-963,47,-111,-14528,-2752,6264,-469,117,-86,0
3810.2679510116573,10532,4568,11040,-4,-72,112,10200,-8984,8252,-65,145,-215,-14432,4484,3072,-981,81,-104,-14596,-2636,6012,-487,181,-84,0
3810.3016769886012,10384,4508,11056,-288,-149,138,10188,-9400,8540,-5,103,-240,-14636,4444,3088,-1001,160,-108,-14424,-2756,6232,-466,204,-46,0
3810.3353221416473,10584,4604,11176,-239,-136,180,9908,-9276,8524,13,114,-195,-14660,4528,3484,-775,132,-88,-14736,-2632,6040,-472,174,-73,0
3810.3687529563904,10464,4360,11088,-256,-146,151,10024,-9388,8588,15,115,-223,-14720,4432,3360,-1056,180,-103,-14812,-2692,6324,-459,91,-83,0
3810.4019880294804,10464,4496,11120,-263,-108,156,9928,-9352,8412,-38,138,-201,-14344,4496,3528,-957,161,-114,-14628,-2676,6092,-468,111,-98,0
3810.4354779720306,10568,4596,11188,-215,-127,148,10036,-9368,8616,-39,55,-184,-14764,4408,3524,-1098,148,-69,-14624,-2660,6080,-505,105,-90,0
3810.469249010086,10492,4448,11056,-217,-115,141,9912,-9036,8468,42,86,-181,-14600,4528,3348,-1148,97,-68,-14724,-2636,6360,-503,95,-95,0
3810.503026008606,10468,4508,11080,-197,-99,148,9780,-9336,8380,21,45,-166,-14504,4392,3440,-1093,144,-92,-14636,-2348,5924,-512,101,-84,0
3810.5363841056824,10472,4588,11164,-182,-111,144,9924,-9356,8440,37,78,-205,-14660,4436,3568,-1033,113,-146,-14700,-2620,6204,-494,151,-106,0
3810.5699579715733,10464,4512,11136,-225,-132,148,10008,-9328,8508,-14,105,-192,-14592,4452,3576,-1020,147,-94,-14576,-2604,5908,-475,186,-100,0
3810.6033449172974,10464,4536,11192,-177,-136,179,9936,-9400,8264,-15,109,-203,-14572,4488,3444,-773,131,-88,-14512,-2640,6388,-472,191,-99,0
3810.636780023575,10532,4520,11160,-215,-169,134,9880,-9376,8556,-66,103,-216,-14624,4420,3384,-906,113,-108,-14340,-2664,6200,-501,147,-93,0
3810.6703159809113,10604,4456,11140,-199,-177,133,9988,-9296,8428,-42,116,-234,-14652,4456,3440,-1010,163,-130,-14684,-2640,6108,-501,159,-100,0
3810.7037510871883,10564,4508,11156,-190,-142,112,9984,-9388,8620,-53,104,-213,-14664,4548,3412,-1015,56,-117,-14672,-2664,6204,-516,164,-152,0
3810.7373671531677,10596,4440,11116,-172,-138,98,10100,-9360,8440,-36,124,-185,-14604,4380,3528,-974,34,-69,-14588,-2676,6148,-561,164,-147,0
3810.7707920074463,10472,4536,11200,-143,-89,94,9912,-9008,8400,-59,139,-191,-14520,4340,3188,-952,58,-110,-14604,-2660,6156,-496,149,-123,0
3810.8043560981755,10516,4584,11152,-170,-82,111,10020,-9220,8320,-32,192,-165,-14648,4368,3396,-994,43,-82,-14696,-2680,6084,-475,200,-132,0
3810.8376870155334,10488,4640,10928,-221,-38,53,10220,-9304,8504,-63,186,-182,-14360,4452,3420,-969,50,-70,-14744,-2596,6172,-481,176,-144,0
3810.871168136596,10640,4592,11068,-204,-29,89,9988,-9356,8264,-255,164,-119,-14644,4344,3408,-1009,43,-38,-14652,-2664,6100,-425,159,-123,0
3810.9042360782623,10712,4368,11052,-188,-9,99,9976,-9280,8480,8,206,-138,-14512,4448,3544,-1026,36,-49,-14604,-2696,5940,-449,140,-136,0
3810.9375669956203,10496,4484,11240,-141,-1,76,9892,-9332,8196,-67,159,-140,-14704,4556,3412,-962,252,-43,-14728,-2576,5896,-503,125,-186,0
3810.9709680080414,10532,4544,11192,-149,14,66,9896,-9400,8432,-17,180,-135,-14468,4392,3788,-1060,93,13,-14396,-2636,6252,-447,85,-137,0
3811.004590988159,10408,4588,11176,-151,51,101,9916,-9320,8432,-11,144,-134,-14564,4492,3428,-1101,93,18,-14532,-2592,6272,-435,85,-148,0
3811.0380029678345,10440,4576,10888,-175,57,90,9888,-9320,8604,-20,141,-107,-14628,4416,3524,-1043,94,-31,-14372,-2588,6392,-441,65,-111,0
3811.073960065841,10708,4580,11112,-155,42,102,9928,-9344,8604,-34,85,-153,-14624,4512,3572,-1085,165,-241,-14548,-2676,6184,-519,88,-131,0
3811.1094529628754,10488,4356,11232,-94,15,97,9940,-9320,8488,-80,126,-173,-14628,4584,3332,-1081,187,-61,-14620,-2564,6108,-506,92,-125,0
3811.1443951129913,10532,4380,11208,-98,-5,98,9924,-9472,8480,-56,115,-167,-14608,4496,3648,-1142,168,-60,-14580,-2632,6116,-580,103,-177,0
3811.1797370910645,10504,4568,11196,-82,-10,102,9908,-9348,8400,-27,140,-164,-14612,4516,3372,-1077,140,-85,-14616,-2672,6272,-526,115,-150,0
3811.2146329879765,10420,4352,11168,-120,46,68,9892,-9316,8520,-44,145,-142,-14604,4488,3596,-1060,94,-58,-14640,-2720,6120,-527,155,-129,0
3811.2503221035004,10388,4596,11196,-113,-16,74,9904,-9376,8636,-76,147,-177,-14540,4488,3492,-978,3,-71,-14696,-2664,6208,-546,148,-153,0
3811.2855949401855,10464,4580,11212,-100,-40,102,9904,-9372,8488,-75,139,-153,-14472,4512,3400,-1279,96,-13,-14652,-2704,6264,-526,66,-144,0
3811.3216810226445,10444,4636,11152,-134,-246,91,10032,-9324,8444,-53,106,-181,-14656,4464,3556,-1082,116,-57,-14800,-2660,6372,-498,118,-119,0
3811.35773897171,10244,4556,11032,-167,-29,81,10004,-9356,8432,-53,104,-181,-14576,4528,3552,-990,30,-50,-14792,-2636,6392,-503,159,-176,0
3811.393054962158,10448,4472,11164,-117,-34,83,9928,-9372,8268,-27,165,-169,-14548,4548,3504,-946,37,-49,-14600,-2680,6136,-479,183,-149,0
3811.4291620254517,10424,4580,11220,-158,-39,69,9940,-9376,8368,-24,186,-211,-14836,4440,3508,-890,34,-95,-14592,-2680,6264,-447,244,-117,0
3811.4640960693364,10440,4852,11232,-177,-86,62,9996,-9260,8488,-33,167,-242,-14604,4444,3508,-546,-55,-61,-14668,-2748,6224,-432,214,-86,0
3811.4997570514684,10488,4708,11256,-176,-125,100,9740,-9316,8580,-22,146,-198,-14828,4568,3752,-978,49,-91,-14724,-2612,6388,-496,192,-109,0
3811.534961938858,10248,4528,11220,-187,-102,116,9960,-9256,8488,-14,165,-147,-14588,4496,3464,-1033,52,-29,-14724,-2680,6216,-496,119,-140,0
3811.571170091629,10480,4692,11152,-183,-3,116,9888,-9360,8496,-49,129,-122,-14656,4460,3440,-1014,76,-60,-14680,-2748,6216,-499,73,-121,0
3811.6061470508575,10492,4560,11056,-163,-34,80,9876,-9336,8476,-255,125,-145,-14684,4484,3504,-1018,70,-36,-14612,-2620,6172,-764,116,-139,0
3811.6418061256413,10384,4548,11072,-150,-13,97,9908,-9268,8452,-18,116,-149,-14440,4456,3512,-1032,112,-44,-14756,-2668,6228,-498,124,-108,0
3811.677994966507,10532,4860,11152,-146,-38,117,9964,-9320,8392,-7,156,-160,-14648,4524,3304,-1085,164,-26,-14832,-2776,6280,-476,79,-88,0
3811.7133440971375,10456,4664,11436,-187,0,88,9904,-9416,8504,-33,135,-168,-14604,4548,3384,-1037,118,-40,-14612,-2624,6348,-765,126,-139,0
3811.748845100402,10292,4536,11128,-132,-44,94,9904,-9448,8548,-45,152,-181,-14808,4504,3364,-1075,182,-74,-14600,-2700,6236,-532,73,-173,0
3811.7823691368103,10432,4416,11104,-146,-32,99,9996,-9348,8544,251,94,-159,-14604,4516,3384,-1126,178,-96,-14720,-2712,6240,-525,121,-133,0
3811.8158271312714,10696,4532,11204,-148,-33,103,9944,-9292,8572,-32,118,-160,-14580,4492,3400,-1060,126,-105,-14640,-2744,6192,-537,120,-140,0
3811.8494420051575,10428,4372,11124,-126,-31,93,9828,-9340,8472,-12,137,-174,-14576,4568,3468,-1030,194,-35,-14848,-2740,6160,-488,105,-153,0
3811.8828330039973,10444,4668,11124,-157,-49,98,9768,-9384,8428,34,130,-217,-14520,4540,3372,-1280,154,-95,-14356,-2692,6280,-456,111,-123,0
3811.9161660671234,10348,4852,11264,-179,-72,93,9920,-9368,8624,-37,128,-186,-14380,4392,3728,-1038,150,-115,-14568,-2772,6152,-421,153,-127,0
3811.9497990608215,10336,4708,11072,-207,-58,103,9940,-9256,8632,-53,181,-178,-14560,4472,3576,-970,42,-97,-14716,-2620,6336,-461,187,-99,0
3811.9833950996403,10328,4692,11244,-215,-88,103,9988,-9348,8608,0,189,-214,-14604,4436,3500,-935,69,-88,-14652,-2748,6156,-436,187,-99,0
3812.0170991420746,10420,4656,11076,-269,-98,112,9920,-9392,8572,-47,203,-212,-14520,4596,3524,-885,70,-90,-14632,-2744,6208,-402,199,-72,0
3812.050660133362,10552,4620,11236,-267,-150,108,9732,-9348,8548,-55,171,-216,-14720,4492,3480,-913,88,-131,-14656,-2776,6292,-414,177,-59,0
3812.0842790603638,10420,4372,11496,-243,-151,130,9876,-9304,8480,-59,163,-248,-14628,4496,3384,-933,57,-161,-14672,-2664,5904,-437,179,-70,0
3812.1176850795746,10748,4732,11164,-294,-155,125,9920,-9308,8420,-53,143,-229,-14348,4548,3444,-955,113,-136,-14620,-2648,6216,-423,151,-42,0
3812.150866985321,10592,4636,11072,-282,-157,156,10224,-9324,8216,-39,88,-212,-14368,4836,3424,-947,102,-62,-14728,-2672,6192,-443,128,-87,0
3812.1843879222874,10476,4596,11268,-299,-103,143,10008,-9312,8496,-41,111,-176,-14724,4456,3320,-988,156,-108,-14804,-2684,6388,-443,141,-58,0
3812.2177560329437,10492,4500,11156,-292,-121,131,9772,-9276,8572,-5,85,-176,-14664,4428,3324,-1048,237,-131,-14692,-2744,6256,-419,84,-58,0
3812.2513411045074,10492,4564,11204,-287,-116,147,9788,-9384,8488,-51,108,-200,-14592,4516,3460,-1015,195,-137,-14616,-2632,6172,-465,127,-65,0
3812.28507399559,10496,4476,11232,-290,-161,140,9932,-9308,8532,9,46,-226,-14620,4548,3512,-1079,149,-86,-14660,-2552,6136,-491,151,-72,0
3812.318290948868,10420,4592,11236,-200,-112,161,9968,-9360,8412,8,40,-208,-14400,4496,3348,-1029,123,-107,-14672,-2680,6156,-501,93,-121,0
3812.3517899513245,10684,4500,11096,-206,-145,125,9840,-9308,8428,-17,104,-198,-14532,4536,3628,-1012,129,-140,-14612,-2780,6220,-450,108,-133,0
3812.3852231502533,10528,4484,11120,-236,-121,89,9924,-9400,8488,-26,99,-194,-14668,4456,3616,-974,68,-105,-14564,-2752,6088,-480,157,-115,0
3812.418594121933,10428,4656,11104,-233,-120,107,9908,-9296,8572,-39,132,-217,-14848,4504,3524,-956,127,-103,-14604,-2592,6200,-514,201,-83,0
3812.4520940780644,10360,4604,11136,-209,-144,130,9840,-9364,8436,-53,91,-242,-14612,4520,3332,-1000,132,-138,-14660,-2736,6280,-442,219,-86,0
3812.4855740070343,10456,4456,10812,-218,-172,170,9956,-9336,8660,-24,127,-219,-14460,4356,3400,-959,82,-161,-14592,-2680,6168,-449,227,-66,0
3812.5187339782715,10500,4588,11124,-244,-121,122,9952,-9436,8500,-24,129,-248,-14424,4552,3352,-967,106,-136,-14652,-2596,6248,-423,510,-68,0
3812.5523290634155,10436,4500,11188,-223,-119,135,10068,-9252,8476,255,147,-206,-14592,4488,3556,-881,79,-160,-14628,-2748,6236,-448,264,-89,0
3812.5854699611664,10524,4556,11208,-207,-146,91,9744,-9268,8444,-27,196,-243,-14588,4412,3488,-875,254,-182,-14520,-2756,6184,-409,277,-124,0
3812.6190650463104,10536,4588,11092,-233,-159,92,9980,-9260,8588,-42,157,-267,-14512,4460,3324,-920,66,-141,-14660,-2760,6160,-417,258,-70,0
3812.6525909900665,10532,4580,11052,-210,-180,93,9976,-9328,8632,-86,143,-262,-14668,4488,3300,-933,123,-125,-14660,-2632,6140,-461,208,-127,0
3812.686084985733,10532,4520,11188,-158,-123,102,10020,-9248,8516,-54,120,-212,-14684,4448,3476,-1012,100,-42,-14640,-2804,6048,-473,137,-150,0
3812.7196021080013,10608,4480,10940,-141,-37,109,9740,-9364,8520,-31,125,-172,-14700,4472,3516,-1041,91,-95,-14644,-2596,6160,-486,171,-118,0
3812.7554481029515,10452,4440,11220,-170,-18,111,9956,-9252,8660,-27,137,-184,-14588,4148,3320,-1020,116,-43,-14768,-2340,6268,-473,185,-102,0
3812.7907371520996,10540,4556,11180,-174,-39,102,10232,-9252,8552,-72,130,-167,-14512,4528,3352,-992,123,-71,-14700,-2604,6092,-491,147,-93,0
3812.8261439800262,10536,4604,11172,-158,5,98,10128,-9412,8512,-6,93,-185,-14700,4444,3412,-1114,181,-39,-14740,-2696,5952,-526,71,-138,0
3812.8618509769444,10272,4572,11144,-158,16,89,9984,-9212,8452,11,156,-167,-14536,4372,3332,-1084,134,-62,-14732,-2700,6264,-499,72,-177,0
3812.897625923157,10500,4580,11084,-161,0,61,10060,-9328,8532,-60,127,-143,-14644,4480,3548,-1279,98,250,-14620,-2668,6092,-525,47,-186,0
3812.9328639507294,10380,4444,11188,-147,25,30,9908,-9368,8292,-35,174,-158,-14620,4416,3388,-984,92,-65,-14796,-2700,6236,-502,108,-167,0
3812.9681990146637,10276,4556,11036,-127,44,65,9952,-9288,8332,-17,138,-149,-14736,4596,3332,-1041,146,249,-14656,-2796,6228,-502,51,-129,0
3813.0041649341583,10564,4828,11172,-130,15,79,9980,-9112,8468,-80,157,-164,-14524,4444,3436,-1040,80,-252,-14536,-2684,6184,-493,96,-117,0
3813.040097951889,10416,4576,11124,-137,-22,99,9884,-9456,8388,-62,142,-143,-14616,4484,3408,-966,100,-89,-14624,-2648,6192,-265,148,-123,0
3813.0751891136174,10408,4408,11112,-87,-23,95,9956,-9308,8508,-69,139,-183,-14364,4436,3456,-948,103,-104,-14656,-2624,5988,-554,182,-102,0
3813.110923051834,10376,4492,11188,-105,-39,91,9924,-9376,8384,-24,106,-164,-14348,4492,3440,-1029,134,-58,-14388,-2744,6392,-505,132,-143,0
3813.145828962326,10428,4492,11120,-122,-43,93,10044,-9036,8464,-53,154,-183,-14700,4488,3452,-1018,85,-60,-14596,-2588,6132,-501,154,-153,0
3813.181755065918,10376,4516,11268,-155,-39,75,10024,-9340,8436,-47,147,-158,-14596,4536,3416,-1014,108,-93,-14612,-2688,6212,-486,127,-178,0
3813.2176430225372,10624,4588,11184,-119,-23,58,9940,-9252,8604,-27,148,-167,-14620,4508,3564,-1023,81,-66,-14352,-2696,6248,-469,182,-158,0
3813.2528760433197,10436,4376,11132,-167,-6,89,9896,-9340,8480,-55,162,-165,-14568,4456,3496,-854,13,-87,-14488,-2708,6160,-456,161,-115,0
3813.288733959198,10432,4624,11104,-202,-53,67,9856,-9288,8208,-69,176,-175,-14644,4412,3492,-958,13,-51,-14684,-2720,6152,-429,127,-133,0
3813.323333024978,10468,4632,11184,-226,-36,97,9920,-9388,8504,-33,181,-189,-14668,4428,3344,-874,23,-88,-14648,-2668,6264,-425,164,-119,0
3813.3587551116943,10496,4664,11204,-168,-95,62,9788,-9372,8480,-34,154,-165,-14352,4552,3336,-942,91,-40,-14568,-2728,6312,-462,159,-147,0
3813.3938319683075,10348,4380,11196,-125,-86,112,9872,-9292,8648,-37,143,-194,-14592,4452,3324,-999,99,-109,-14600,-2664,6112,-447,201,-93,0
3813.42933011055,10460,4664,11156,-171,-87,118,9972,-9268,8480,-22,83,-218,-14560,4476,3520,-1095,132,-88,-14656,-2740,6160,-503,105,-119,0
3813.462743997574,10256,4360,11088,-124,-28,110,10040,-9344,8484,-84,108,-150,-14460,4556,3548,-1074,139,-60,-14664,-2584,6136,-519,91,-143,0
3813.4961910247803,10488,4592,11236,-129,-63,95,9912,-9412,8288,-64,56,-145,-14720,4472,3548,-1086,51,-37,-14676,-2584,6184,-597,113,-172,0
3813.5299899578094,10456,4724,11176,-110,-26,96,9948,-9344,8536,-58,114,-134,-14472,4400,3344,-1056,148,-45,-14732,-2708,6200,-555,56,-176,0
3813.5634670257573,10588,4732,11068,-151,-20,90,9952,-9388,8300,-70,114,-193,-14600,4492,3504,-1064,123,-118,-14352,-2740,6336,-514,107,-137,0
3813.5972909927364,10456,4616,11080,-156,-50,71,9920,-9324,8392,-22,361,-180,-14472,4148,3132,-907,155,-71,-14348,-2700,6388,-523,164,-124,0
3813.6319060325623,10424,4376,11132,-139,-33,100,9892,-9360,8448,-52,130,-138,-14592,4500,3436,-1049,161,-28,-14668,-2700,6384,-496,139,-135,0
3813.6660361289973,10608,4596,11100,-154,-39,134,9800,-9412,8516,-89,147,-179,-14572,4440,3612,-1016,83,-97,-14680,-2792,6264,-436,158,-123,0
3813.6996331214905,10252,4624,11420,-202,-70,99,9924,-9400,8448,-59,217,-179,-14496,4508,3416,-914,15,-113,-14676,-2684,6360,-458,204,-110,0
3813.733392953872,10396,4648,11152,-184,-50,103,9900,-9408,8556,-56,182,-166,-14620,4484,3592,-885,20,-106,-14668,-2756,6372,-499,511,-137,0
3813.7669880390163,10408,4584,11188,-204,-77,111,9912,-9212,8364,2,213,-160,-14380,4520,3364,-900,38,-59,-14620,-2720,6184,-507,254,-82,0
3813.8002049922943,10344,4616,11248,-187,-61,106,9944,-9276,8404,-15,203,-179,-14800,4428,3832,-961,53,-99,-14628,-2760,6288,-452,207,-96,0
3813.8375880718236,10448,4668,11196,-244,-84,123,9944,-9368,8520,-3,161,-200,-14820,4496,3708,-1012,104,-81,-14620,-2588,6248,-416,177,-57,0
3813.8716931343083,10400,4564,11492,-281,-142,140,9896,-9396,8440,11,131,-226,-14692,4472,3108,-1007,124,-91,-14704,-2716,6108,-390,156,-62,0
3813.9049351215363,10532,4528,11148,-288,-150,149,10224,-9312,8556,-51,76,-211,-14632,4552,3620,-964,108,-103,-14672,-2760,6316,-519,123,-69,0
3813.9385049343114,10388,4620,11116,-211,-123,116,9736,-9408,8484,-142,126,-227,-14580,4500,3444,-1011,119,-139,-14668,-2660,6200,-475,35,-103,0
3813.97209906578,10520,4740,11200,-243,-104,136,10012,-9400,8468,-127,82,-202,-14668,4376,3276,-1014,111,-81,-14768,-2576,6052,-483,45,-109,0
3814.0056190490723,10436,4540,11176,-270,-67,116,9872,-9404,8600,-52,46,-194,-14544,4500,3436,-1020,141,-83,-14824,-2684,6200,-449,63,-86,0
3814.0392210483546,10340,4616,10992,-264,-64,165,9816,-9296,8576,-36,53,-199,-14500,4412,3564,-1052,138,-105,-14476,-2708,6392,-440,135,-31,0
3814.0727450847626,10412,4544,11132,-286,-68,164,9952,-9460,8396,-91,-32,-251,-14676,4476,3436,-1015,131,-162,-14772,-2608,6176,-526,156,-108,0
3814.1064560413365,10372,4568,11148,-259,-165,167,10200,-9356,8500,-46,53,-238,-14644,4440,3452,-1098,178,-124,-14708,-2628,6116,-498,113,-88,0
3814.1397609710693,10612,4564,11068,-266,-83,193,9996,-9284,8208,-53,-40,-200,-14592,4424,3544,-1085,98,-115,-14632,-2728,6132,-491,140,-81,0
3814.1734750270844,10448,4352,11224,-238,-116,192,9992,-9300,8512,-24,52,-191,-14588,4448,3652,-926,76,-74,-14580,-2784,6120,-469,176,-98,0
3814.2069659233093,10504,4592,11180,-235,-136,157,9900,-9360,8388,255,171,-185,-14652,4448,3568,-863,-248,-54,-14564,-2712,5964,-427,192,-100,0
3814.240499973297,10424,4592,11252,-304,-189,132,9924,-9296,8476,253,193,-216,-14568,4444,3596,-892,29,-134,-14676,-2748,6220,-443,223,-84,0
3814.2739751338963,10424,4580,11108,-275,-203,160,9984,-9264,8424,24,97,-243,-14348,4444,3548,-915,110,-169,-14644,-2684,5920,-463,3,-61,0
3814.3075051307683,10348,4496,11328,-267,-228,135,10208,-9344,8292,-47,136,-273,-14560,4464,3560,-966,127,-139,-14696,-2692,6160,-459,207,-68,0
3814.341064929962,10500,4448,11092,-263,-212,138,10000,-9336,8412,31,114,-504,-14688,4568,3472,-1100,222,-81,-14752,-2608,6144,-477,123,-54,0
3814.374784946441,10588,4488,11332,-229,-197,152,9980,-9396,8584,43,111,-222,-14632,4556,3348,-1152,220,-110,-14736,-2712,6148,-477,120,-116,0
3814.407751083374,10504,4520,11152,-180,-171,141,9856,-9336,8476,82,190,-188,-14580,4484,3480,-1104,198,-93,-14664,-2632,6272,-517,123,-133,0
3814.444380044937,10484,4432,11200,-175,-166,99,9932,-9300,8540,69,217,-183,-14416,4440,3440,-1121,112,-112,-14564,-2692,6216,-446,177,-133,0
3814.479565143585,10524,4592,10848,-208,-173,88,10000,-9344,8592,35,211,-208,-14344,4456,3428,-999,79,-117,-14424,-2596,6020,-483,230,-121,0
3814.5151810646053,10740,4500,10968,-176,-176,96,10200,-8988,8264,24,181,-200,-14548,4364,3384,-967,118,-81,-14644,-2632,6072,-442,194,-94,0
3814.5508830547333,10552,4696,10864,-179,-101,109,10168,-9316,8504,-8,161,-187,-14416,4468,3664,-1012,156,-70,-14748,-2668,6016,-478,202,-79,0
3814.5861630439763,10276,4572,10836,-192,-46,119,10020,-9316,8668,9,158,-166,-14600,4364,3484,-1018,187,-40,-14640,-2676,6236,-447,143,-110,0
3814.6220140457153,10608,4548,11180,-201,-23,96,10052,-9264,8540,72,166,-185,-14604,4424,3408,-1059,152,-54,-14604,-2704,6184,-447,160,-124,0
3814.6575860977173,10532,4512,11164,-199,2,78,10232,-9424,8428,3,193,-170,-14364,4512,3344,-1056,73,-28,-14772,-2656,5928,-467,131,-151,0
3814.6928479671474,10552,4616,11200,-160,255,67,9984,-9380,8656,246,139,-170,-14520,4408,3164,-1061,69,-51,-14736,-2592,6216,-484,108,-141,0
3814.7277021408086,10564,4504,11232,-144,0,111,9904,-9288,8516,11,149,-156,-14520,4532,3380,-1052,83,-53,-14576,-2616,6092,-470,97,-123,0
3814.7633759975433,10476,4572,11220,-166,-24,91,9744,-9332,8376,-26,159,-141,-14508,4504,3312,-1009,114,-21,-14696,-2652,6200,-487,122,-112,0
3814.799250125885,10244,4496,11044,-149,-18,108,10220,-9400,8564,-37,123,-145,-14624,4504,3248,-1044,131,-31,-14464,-2752,6140,-455,123,-126,0
3814.8350110054016,10460,4532,11344,-162,-53,113,9968,-9324,8660,-11,145,-162,-14704,4480,3408,-1032,144,-27,-14608,-2636,6300,-483,113,-97,0
3814.8702311515813,10532,4788,10824,-177,-63,107,10200,-9376,8480,-65,165,-164,-14804,4464,3448,-1028,88,-21,-14748,-2564,6116,-508,112,-121,0
3814.9049780368805,10536,4392,11144,-157,-37,91,10116,-9712,8564,-29,113,-170,-14404,4532,3500,-1072,82,-55,-14648,-2688,6136,-515,104,-149,0
3814.940953016281,10280,4816,11248,-140,-9,83,9944,-9344,8596,-34,148,-132,-14696,4464,3096,-1056,77,-21,-14624,-2800,6268,-518,65,-150,0
3814.976119041443,10500,4552,11116,-130,249,69,9900,-9300,8524,-41,178,-169,-14636,4520,3548,-1023,58,-55,-14672,-2632,6164,-512,126,-186,0
3815.012505054474,10476,4488,11120,-150,-3,82,9952,-9472,8260,-2,114,-160,-14788,4524,3432,-1064,92,-51,-14584,-2764,6316,-475,136,-140,0
3815.0486810207362,10556,4560,11060,-138,-24,84,9988,-9320,8616,-8,133,-145,-14648,4452,3488,-1050,84,-25,-14412,-2756,6180,-482,92,-162,0
3815.0857570171356,10428,4480,11160,-154,-31,81,9932,-9360,8532,-66,179,-155,-14672,4432,3264,-972,89,-32,-14680,-2740,6248,-469,71,-146,0
3815.1191120147705,10664,4632,11096,-148,-33,98,10220,-9324,8540,-66,159,-180,-14696,4444,3468,-1000,89,-89,-14616,-2692,6244,-482,142,-134,0
3815.152359008789,10260,4844,11080,-156,-53,97,9908,-9352,8588,-4,139,-176,-14360,4544,3424,-1040,99,-55,-14396,-2712,6204,-488,141,-144,0
3815.1860120296483,10344,4568,11192,-146,-31,63,9836,-9360,8444,-34,129,-166,-14340,4432,3548,-1015,122,-67,-14540,-2728,6180,-501,125,-141,0
3815.2197821140294,10432,4584,11080,-134,-60,102,9912,-9416,8484,-40,115,-178,-14572,4400,3528,-1001,99,-47,-14648,-2748,6196,-509,123,-161,0
3815.253338098526,10528,4560,11120,-151,-31,99,9924,-9316,8428,-1,138,-165,-14792,4436,3408,-1042,133,-72,-14832,-2720,6248,-484,120,-140,0
3815.2869760990143,10252,4628,10796,-147,-34,114,9728,-9324,8648,-33,109,-167,-14552,4424,3408,-1032,127,-62,-14396,-2644,5928,-487,133,-122,0
3815.3205919265747,10424,4596,11068,-150,-39,119,9904,-9416,8596,-51,138,-168,-14652,4512,3540,-1011,127,-82,-14364,-2804,6148,-468,155,-110,0
3815.3542189598083,10448,4652,11156,-159,-82,96,9924,-9360,8464,-46,149,-182,-14436,4452,3484,-1007,91,-65,-14616,-2688,6136,-449,115,-123,0
3815.387568950653,10508,4828,11460,-180,-27,110,10016,-9320,8408,-31,150,-162,-14704,4584,3372,-982,89,-32,-14636,-2716,6172,-473,119,-130,0
3815.4212880134583,10432,4516,11196,-177,-21,69,9928,-9312,8576,-37,125,-179,-14528,4452,3416,-1010,102,-90,-14824,-2676,6148,-471,141,-117,0
3815.4546740055084,10288,4552,11176,-203,-7,92,9904,-9240,8540,-9,184,-164,-14592,4476,3616,-1043,82,-101,-14700,-2684,6292,-457,155,-96,0
3815.4882760047913,10352,4560,11052,-219,-49,92,9960,-9328,8516,-254,135,-178,-14628,4552,3320,-1057,114,-114,-14668,-2676,6204,-472,131,-91,0
3815.52193403244,10476,4728,11368,-250,-92,124,9944,-9268,8668,-40,109,-213,-14584,4428,3384,-990,119,-66,-14664,-2632,6348,-478,146,-76,0
3815.5556359291077,10420,4576,11228,-240,-107,146,9884,-9408,8660,-72,112,-212,-14676,4436,3472,-1007,147,-99,-14620,-2716,6152,-474,116,-44,0
3815.5892419815063,10240,4464,11236,-258,-135,169,9896,-9424,8388,-59,90,-185,-14412,4848,3516,-980,93,-114,-14696,-2716,6208,-425,130,-64,0
3815.6226100921626,10680,4644,11088,-506,-45,149,9892,-9348,8444,-51,99,-152,-14588,4504,3516,-990,56,-101,-14688,-2704,6148,-422,114,-84,0
3815.6558310985565,10452,4584,11172,-253,-35,115,9824,-9328,8624,-58,125,-182,-14644,4484,3456,-965,19,-63,-14848,-2796,6312,-404,137,-78,0
3815.6891810894012,10492,4544,11156,-385,254,133,9928,-9360,8412,5,133,-204,-14600,4540,3332,-972,-13,-95,-14612,-2556,6084,-286,241,-63,0
3815.722666025162,10440,4548,11040,-464,252,183,10076,-9332,8524,41,138,-186,-14624,4440,3368,-1009,-73,-111,-14624,-2724,6132,-272,229,-69,0
3815.756469964981,10312,4436,11092,-425,-39,183,10000,-9336,8300,13,147,-203,-14800,4500,3188,-953,39,-145,-14648,-2648,6360,-293,273,-98,0
3815.7900519371033,10396,4512,11048,-380,-56,161,9976,-9448,8660,5,136,-210,-14380,4460,3408,-963,30,-139,-14648,-2620,5980,-470,234,-104,0
3815.823709964752,10432,4556,11264,-218,-78,139,9816,-9052,8556,14,130,-185,-14516,4600,3560,-996,63,-137,-14632,-2624,6112,-467,248,-88,0
3815.8573589324956,10452,4524,11096,-218,-74,139,9860,-9380,8612,10,152,-199,-14572,4544,3456,-976,74,-103,-14824,-2456,6168,-521,182,-94,0
3815.8903160095215,10412,4520,11180,-202,-156,133,9892,-9352,8504,-2,90,-217,-14516,4388,3452,-983,99,-124,-14640,-2748,6008,-530,133,-77,0
3815.924118041992,10524,4536,11152,-235,-190,122,9916,-9308,8580,-8,139,-208,-14656,4552,3572,-944,65,-158,-14652,-2600,6192,-491,222,-76,0
3815.9577181339264,10464,4528,11072,-317,-176,176,9756,-9280,8544,246,168,-217,-14656,4524,3532,-914,99,-114,-14604,-2640,6276,-527,209,-89,0
3815.991380929947,10444,4512,11144,-236,-229,173,10008,-9268,8576,-48,162,-198,-14532,4400,3612,-958,175,-117,-14612,-2588,6028,-568,196,-77,0
3816.0250220298763,10532,4548,11136,-173,-246,119,9924,-9288,8508,-67,117,-239,-14620,4460,3472,-993,180,-94,-14360,-2604,6136,-510,203,-69,0
3816.0585889816284,10532,4468,11200,-181,-228,89,10004,-9304,8568,-33,134,-204,-14848,4392,3380,-1004,154,-128,-14704,-2544,6308,-553,168,-95,0
3816.0919649600983,10528,4452,11036,-142,-202,112,10024,-9420,8516,-43,120,-211,-14612,4516,3256,-1031,175,-151,-14636,-2664,6184,-548,130,-99,0
3816.1290559768677,10468,4492,11052,-89,-150,121,9936,-9352,8340,-39,102,-198,-14564,4364,3324,-1071,4,-100,-14700,-2520,5892,-575,89,-117,0
3816.1643359661102,10560,4492,10976,-108,-175,113,9952,-9456,8444,-26,70,-206,-14500,4352,3800,-781,213,-66,-14728,-2624,6140,-587,105,-111,0
3816.199788093568,10472,4412,11048,-127,-134,106,9948,-9268,8452,-88,95,-183,-14628,4560,3344,-1054,239,-68,-14728,-2568,6172,-580,20,-117,0
3816.2355329990387,10564,4384,11104,-103,-48,96,10220,-9400,8496,-68,80,-185,-14656,4476,3160,-1063,154,-87,-14612,-2684,6000,-550,79,-160,0
3816.2712481021886,10596,4440,11176,-136,-31,99,9912,-9224,8596,-34,150,-152,-14624,4424,3304,-1066,147,-39,-14720,-2684,6036,-522,69,-136,0
3816.3062019348145,10632,4596,11104,-117,247,85,9996,-9320,8344,-70,157,-176,-14652,4416,3348,-1083,121,-58,-14636,-2616,5932,-507,120,-165,0
3816.3418040275574,10292,4492,10772,-175,-44,64,9996,-9252,8572,-20,137,-190,-14516,4496,3384,-1071,168,-43,-14668,-2652,6136,-497,67,-134,0
3816.3776609897614,10536,4624,11020,-89,10,99,10216,-9212,8452,-33,160,-125,-14624,4424,3524,-1085,96,-252,-14592,-2680,6088,-475,103,-159,0
3816.4132721424103,10516,4604,11072,-117,39,49,9928,-9260,8356,-34,141,-137,-14600,4436,3448,-1020,79,-60,-14724,-2632,6252,-480,91,-152,0
3816.449702978134,10512,4520,11176,-155,35,55,9736,-9460,8584,-74,191,-164,-14384,4472,3372,-948,22,-66,-14572,-2772,6096,-465,148,-173,0
3816.484941959381,10744,4524,10992,-143,5,77,9928,-9256,8580,-37,200,-154,-14604,4440,3560,-1006,21,-21,-14648,-2664,5968,-476,191,-159,0
3816.5205471515656,10512,4548,10784,-146,3,72,9976,-9328,8492,-26,225,-147,-14544,4392,3524,-930,66,-55,-14612,-2632,6388,-490,281,-131,0
3816.555587053299,10476,4532,11068,-148,-59,108,9912,-9272,8676,-94,224,-173,-14844,4484,3540,-832,51,-95,-14628,-2604,6272,-543,249,-145,0
3816.59105205536,10528,4540,11200,-114,-64,102,10040,-9308,8528,-105,157,-165,-14560,4536,3364,-901,94,-50,-14348,-2632,6200,-550,250,-131,0
3816.6271250247955,10548,4600,11496,-90,-17,95,10016,-9264,8296,-92,214,-127,-14592,4460,3388,-936,149,-64,-14672,-2744,6120,-602,175,-172,0
3816.661926031112,10552,4548,11172,-81,-4,70,10032,-9288,8616,-67,189,-135,-14560,4484,3476,-998,103,-64,-14676,-2764,6224,-529,125,-170,0
3816.6980910301213,10608,4620,11148,-90,-4,25,9940,-9448,8528,-44,151,-179,-14616,4396,3204,-773,20,-52,-14668,-2684,6144,-493,146,-173,0
3816.7330961227412,10740,4372,11192,-140,252,37,9976,-9332,8556,1,169,-210,-14724,4328,3256,-1094,220,-83,-14720,-2552,6092,-519,82,-176,0
3816.7689769268036,10428,4592,11164,-128,18,28,9968,-9280,8548,-4,177,-184,-14576,4492,3432,-1043,91,-100,-14636,-2680,5988,-452,155,-189,0
3816.8023629188533,10536,4816,11164,-160,-43,9,10052,-9336,8452,255,143,-195,-14632,4396,3428,-1066,17,-73,-14596,-2744,6216,-486,180,-193,0
3816.8357679843903,10508,4604,11032,-166,-63,32,9968,-9168,8404,3,87,-212,-14364,4500,3508,-1083,-22,-63,-14528,-2732,6236,-424,158,-141,0
3816.869337081909,10444,4576,11024,-183,-66,63,9924,-9308,8280,41,114,-174,-14696,4528,3504,-1088,31,-73,-14704,-2756,6136,-467,88,-145,0
3816.9023571014404,10436,4652,11008,-191,-29,85,9956,-9396,8440,249,142,-156,-14564,4756,3336,-1062,79,-59,-14420,-2596,6152,-477,80,-165,0
3816.9357039928436,10316,4704,11212,-173,-6,112,9768,-9316,8544,-32,134,-117,-14432,4400,3568,-1006,11,-1,-14824,-2568,6360,-441,133,-120,0
3816.9692890644073,10372,4372,11204,-204,-65,99,9836,-9280,8588,-34,203,-148,-14528,4536,3404,-900,9,-71,-14468,-2672,6144,-464,198,-90,0
3817.0029079914093,10452,4692,11108,-205,-77,100,9920,-9292,8496,-47,141,-184,-14440,4440,3452,-936,71,-115,-14504,-2708,6168,-410,181,-67,0
3817.0365829467773,10428,4656,11088,-166,-80,148,9884,-9240,8432,-36,138,-153,-14528,4456,3484,-927,86,-81,-14580,-2856,6076,-416,185,-64,0
3817.0701091289525,10452,4668,11144,-223,-69,93,9968,-9316,8564,-60,151,-176,-14476,4496,3352,-874,35,-63,-14636,-2696,6312,-442,180,-114,0
3817.1035799980164,10416,4628,11104,-234,-69,93,9884,-9348,8344,-101,217,-170,-14696,4444,3536,-1004,104,-44,-14636,-2652,6264,-491,176,-123,0
3817.1371459960933,10500,4508,11072,-175,-86,76,9948,-9356,8656,-59,148,-192,-14652,4556,3540,-982,99,-84,-14672,-2396,6356,-494,183,-141,0
3817.170513153076,10488,4568,11260,-169,-49,83,9920,-9432,8300,-24,162,-186,-14692,4536,3544,-1026,89,-134,-14356,-2676,5920,-468,122,-135,0
3817.2039461135864,10572,4420,11116,-159,-89,92,9824,-9348,8688,-24,169,-173,-14616,4592,3556,-1036,74,-111,-14416,-2652,6184,-475,119,-138,0
3817.237697124481,10332,4588,11504,-160,-52,45,9852,-9320,8600,-23,160,-155,-14492,4512,3384,-969,114,-88,-14632,-2720,6152,-487,100,-141,0
3817.271203041076,10748,4860,11100,-150,-60,101,9868,-9304,8360,-21,137,-158,-14648,4488,3608,-1039,153,-67,-14764,-2608,6192,-465,82,-97,0
3817.304676055908,10696,4616,11072,-175,-25,135,9528,-9228,8680,-27,149,-138,-14516,4536,3452,-1042,149,-51,-14580,-2676,6132,-449,88,-91,0
3817.3382320404053,10416,4628,11224,-204,-24,153,9900,-9320,8248,-52,139,-187,-14584,4728,3352,-996,157,-101,-14624,-2692,6112,-447,87,-85,0
3817.3718440532684,10460,4620,11188,-186,-82,112,9848,-9308,8532,-9,150,-190,-14584,4452,3480,-1000,171,-98,-14664,-2764,5992,-443,107,-94,0
3817.4051871299744,10292,4656,11100,-221,-97,123,9844,-9320,8444,-38,99,-228,-14596,4408,3488,-1045,150,-84,-14724,-2640,5980,-430,126,-76,0
3817.4387321472163,10408,4668,11240,-185,-93,124,10088,-9376,8500,-6,121,-194,-14644,4408,3384,-1013,159,-122,-14672,-2676,6152,-453,155,-137,0
3817.4723110198975,10464,4640,11056,-189,-109,109,9928,-9388,8276,-22,95,-242,-14592,4524,3376,-983,138,-132,-14540,-2800,6240,-476,155,-121,0
3817.5056281089783,10432,4628,11168,-161,-128,93,9984,-9468,8220,-25,81,-226,-14632,4516,3436,-1007,139,-93,-14392,-2640,6104,-462,160,-106,0
3817.5392899513245,10320,4688,11180,-172,-98,111,9860,-9384,8588,-55,96,-195,-14604,4820,3484,-1035,113,-81,-14712,-2328,6212,-259,145,-103,0
3817.5726840496063,10480,4728,10992,-231,-92,118,9832,-9336,8620,-19,112,-182,-14680,4600,3332,-1041,119,-253,-14688,-2792,6208,-481,124,-85,0
3817.60608792305,10396,4668,11184,-238,-57,140,9912,-9348,8628,-48,158,-147,-14680,4356,3308,-1039,82,-76,-14840,-2740,6132,-464,105,-63,0
3817.6392970085144,10520,4552,11304,-302,-106,128,9920,-9404,8528,-247,104,-190,-14836,4472,3324,-1059,161,-67,-14708,-2708,6208,-450,140,-88,0
3817.6727969646454,10412,4384,11132,-6,-133,155,9944,-9316,8572,-33,68,-215,-14624,4548,3392,-1026,175,-107,-14672,-2784,6156,-500,142,-92,0
3817.7061519622803,10360,4516,11164,-204,-165,163,9880,-9356,8228,-83,72,-201,-14688,4520,3272,-992,137,-78,-14640,-2656,6292,-500,87,-131,0
3817.7401411533356,10564,4588,11096,-183,-116,111,9760,-9376,8688,-108,122,-212,-14844,4472,3524,-972,113,-106,-14568,-2664,6324,-493,111,-105,0
3817.7734010219574,10528,4680,11076,-218,-106,113,9964,-9392,8644,-86,142,-196,-14616,4476,3224,-997,110,-145,-14552,-2596,6036,-486,124,-115,0
3817.8107249736786,10504,4432,11132,-277,-74,120,9956,-9240,8500,-21,113,-214,-14800,4512,3212,-1009,136,-103,-14744,-2660,6184,-469,174,-48,0
3817.845999956131,10400,4480,11204,-243,-85,128,9904,-9360,8692,-43,108,-219,-14812,4416,3492,-1001,169,-136,-14652,-2752,6144,-465,195,-40,0
3817.8817601203923,10444,4588,11192,-278,-185,168,9896,-9308,8508,-31,143,-213,-14348,4488,3228,-989,191,-119,-14672,-2704,6196,-480,198,-73,0
3817.9177961349483,10512,4600,11176,-254,-148,185,9928,-9300,8424,-5,126,-238,-14632,4496,3360,-776,111,-127,-14676,-2704,6060,-483,191,-69,0
3817.952785015106,10464,4496,10912,-229,-167,165,9944,-9288,8500,-25,143,-213,-14600,4384,3500,-1002,98,-165,-14348,-2812,6056,-474,170,-81,0
3817.988774061203,10408,4584,11140,-246,-122,141,9984,-9296,8556,-21,141,-205,-14604,4356,3384,-933,69,-122,-14636,-2684,6100,-467,179,-78,0
3818.0241689682002,10436,4576,11116,-274,-141,146,9920,-9372,8520,-5,172,-219,-14636,4412,3408,-924,95,-160,-14636,-2632,6100,-455,196,-80,0
3818.05908703804,10612,4392,11068,-259,-146,144,9848,-9204,8508,-5,190,-204,-14672,4484,3096,-951,76,-101,-14684,-2676,5948,-441,215,-48,0
3818.0948150157933,10516,4564,11028,-8,-174,138,10008,-9284,8476,-9,201,-217,-14680,4464,3312,-929,75,-142,-14696,-2652,6024,-475,211,-78,0
3818.1305730342865,10432,4536,11084,-254,-165,138,9936,-9312,8572,26,189,-223,-14728,4460,3140,-952,62,-127,-14716,-2640,5928,-465,228,-73,0
3818.165912151336,10524,4532,11064,-247,-141,143,10012,-8980,8516,4,183,-220,-14604,4484,3532,-967,77,-137,-14760,-2672,6288,-460,181,-70,0
3818.2013790607452,10460,4436,11212,-244,-155,118,9940,-9352,8512,8,147,-184,-14576,4568,3324,-1001,79,-55,-14724,-2624,6152,-474,145,-115,0
3818.2376811504364,10580,4564,11212,-249,-123,122,9900,-9272,8504,9,119,-191,-14672,4580,3448,-1023,50,-64,-14752,-2588,6160,-495,137,-101,0
3818.272787094116,10520,4492,11244,-203,-136,123,9952,-9364,8540,-52,118,-172,-14620,4440,3476,-987,104,-105,-14660,-2696,6160,-263,157,-112,0
3818.3088250160213,10620,4532,11068,-192,-134,125,9856,-9360,8532,-75,128,-187,-14680,4500,3560,-1022,89,-84,-14600,-2520,6032,-503,163,-105,0
3818.3439309597015,10576,4408,10880,-162,-122,117,10016,-9108,8520,-42,103,-180,-14524,4420,3408,-1032,125,-101,-14716,-2720,5944,-466,132,-146,0
3818.3798179626465,10704,4476,10980,-167,-31,109,9972,-9316,8528,-42,159,-166,-14364,4408,3108,-1032,98,-245,-14620,-2540,6040,-478,114,-148,0
3818.4149410724644,10612,4444,10976,-174,21,91,10016,-9324,8500,-4,121,-166,-14372,4488,3204,-1042,150,-57,-14620,-2668,6044,-505,93,-112,0
3818.4514489173894,10540,4564,11008,-128,20,78,9780,-9400,8592,-28,155,-164,-14728,4512,3240,-1099,173,-39,-14708,-2624,6132,-501,122,-121,0
3818.4851689338684,10584,4488,11076,-142,12,90,9940,-9328,8464,-46,134,-173,-14492,4480,3472,-1116,145,-73,-14416,-2704,6352,-540,113,-144,0
3818.5184659957886,10456,4552,11208,-89,-26,70,9880,-9312,8604,-32,113,-177,-14572,4500,3436,-1056,117,-114,-14604,-2588,5908,-767,96,-190,0
3818.552123069763,10552,4552,11248,-121,-29,65,9896,-9360,8712,-25,125,-173,-14604,4456,3380,-1013,88,-74,-14700,-2724,6164,-264,105,-142,0
3818.585708141328,10712,4636,11260,-122,-34,78,9868,-9360,8560,-32,94,-135,-14652,4484,3392,-1048,112,-41,-14668,-2696,6192,-257,120,-145,0
3818.6189970970154,10416,4492,10756,-117,-13,111,9956,-9248,8544,-57,124,-162,-14820,4380,3436,-1033,70,-72,-14636,-2792,6316,-506,121,-132,0
3818.6525630950932,10480,4572,11036,-120,-23,100,9968,-9312,8592,-84,138,-156,-14576,4416,3484,-975,115,-35,-14660,-2776,6156,-488,97,-137,0
3818.6873869895935,10540,4556,11128,-113,-26,80,9936,-9332,8632,-70,114,-169,-14828,4448,3516,-1020,131,-69,-14636,-2664,6372,-472,136,-103,0
3818.7209899425507,10668,4492,11000,-137,-39,63,9884,-9400,8204,-33,149,-172,-14428,4440,3516,-1046,83,-102,-14616,-2648,6072,-476,147,-148,0
3818.7546370029454,10244,4504,11104,-112,-62,84,9936,-9284,8588,-22,142,-171,-14684,4396,3368,-994,87,-70,-14556,-2728,6244,-460,154,-145,0
3818.7882819175725,10732,4488,11088,-151,-44,53,10000,-9308,8348,-7,189,-214,-14584,4432,3552,-1011,55,-86,-14608,-2728,5908,-468,194,-139,0
3818.8213081359863,10552,4624,11148,-147,-39,51,9912,-9312,8680,-10,201,-169,-14588,4528,3324,-1010,29,-40,-14720,-2704,6116,-450,158,-145,0
3818.8598549365997,10584,4636,11140,-155,-36,87,9924,-9316,8448,-20,189,-160,-14772,4496,3556,-956,2,-76,-14360,-2424,6348,-471,191,-126,0
3818.893757104873,10472,4536,11152,-175,-78,76,9740,-9232,8544,-8,196,-170,-14564,4488,3596,-978,-3,-76,-14660,-2808,6196,-458,150,-152,0
3818.927281141281,10436,4652,11076,-187,-54,101,9948,-9280,8500,-28,190,-151,-14704,4464,3556,-977,32,-42,-14760,-2780,6268,-445,75,-143,0
3818.9609529972076,10488,4540,10960,-196,-48,57,10108,-9336,8668,-83,228,-145,-14544,4560,3504,-1031,39,-20,-14688,-2664,6144,-475,90,-181,0
3818.9944710731506,10392,4572,11044,-190,-15,60,9780,-9332,8628,-7,130,-174,-14484,4436,3428,-1067,83,-19,-14652,-2732,6108,-499,123,-140,0
3819.02779698372,10488,4560,11020,-152,-13,81,9868,-9276,8696,20,119,-157,-14344,4528,3384,-1036,78,-63,-14548,-2700,6128,-479,146,-155,0
3819.061645984649,10420,4516,11176,-170,-50,115,9736,-9324,8664,-49,125,-181,-14368,4400,3348,-1054,155,-103,-14356,-2704,6224,-485,93,-113,0
3819.0952579975124,10712,4836,11092,-170,-71,93,9928,-9180,8692,-63,123,-163,-14676,4484,3452,-1045,124,-115,-14672,-2676,5912,-503,139,-124,0
3819.12864613533,10284,4544,11188,-148,-89,108,9928,-9332,8520,-20,126,-172,-14548,4440,3452,-1066,160,-43,-14780,-2648,6248,-525,121,-149,0
3819.162097930908,10564,4568,11228,-133,-256,125,9932,-9356,8576,-55,79,-146,-14584,4512,3636,-1077,157,-36,-14572,-2776,6040,-538,98,-146,0
3819.1954550743103,10492,4616,11208,-125,-23,91,9840,-9420,8628,-18,105,-169,-14688,4528,3404,-1252,98,-93,-14600,-2680,6200,-492,98,-139,0
3819.2290649414062,10660,4616,11124,-144,-19,103,9860,-9364,8220,-12,90,-199,-14344,4504,3548,-1069,165,-90,-14360,-2700,5972,-458,165,-95,0
3819.2625410556793,10400,4636,11160,-137,-38,102,9972,-9328,8540,7,125,-188,-14404,4584,3480,-1063,149,-64,-14680,-2700,6052,-480,137,-115,0
3819.2960629463196,10392,4652,11176,-133,-48,131,10040,-9280,8512,-34,135,-161,-14364,4456,3520,-997,130,-36,-14568,-2744,6160,-455,130,-106,0
3819.3297049999237,10508,4632,11184,-155,-34,134,9892,-9288,8596,-32,135,-178,-14624,4516,3540,-987,96,-72,-14844,-2632,6324,-450,137,-108,0
3819.3634350299835,10624,4640,11240,-230,-45,101,9932,-9396,8604,253,163,-189,-14788,4528,3452,-1006,52,-109,-14788,-2616,6264,-429,188,-84,0
3819.3970489501953,10544,4708,11096,-495,-85,120,9944,-9336,8572,2,196,-186,-14572,4580,3468,-957,48,-114,-14612,-2668,6244,-427,186,-67,0
3819.4305491447453,10440,4592,11036,-277,-95,105,9976,-9284,8476,14,161,-199,-14656,4456,3396,-956,72,-87,-14688,-2732,6008,-435,165,-92,0
3819.4636831283574,10472,4584,11208,-257,-135,119,10164,-9284,8564,-53,147,-217,-14556,4520,3540,-943,95,-114,-14656,-2796,6264,-452,202,-94,0
3819.5017681121826,10668,4572,11288,-264,-121,139,9908,-9364,8556,-67,152,-216,-14632,4468,3456,-942,83,-95,-14636,-2592,6160,-434,167,-66,0
3819.5376150608063,10484,4832,11228,-267,-111,141,9892,-9364,8596,-67,132,-198,-14600,4560,3504,-961,85,-111,-14656,-2696,6144,-465,133,-72,0
3819.5729060173035,10564,4560,11080,-298,-91,145,9896,-9328,8564,-26,141,-161,-14428,4520,3352,-987,74,-79,-14572,-2676,6264,-453,109,-75,0
3819.6081941127773,10536,4568,11060,-242,-73,148,9940,-9356,8292,-50,119,-159,-14676,4388,3336,-972,107,-102,-14692,-2688,6392,-446,112,-78,0
3819.643373966217,10660,4568,11048,-272,-123,111,9904,-9368,8512,-13,142,-222,-14572,4408,3544,-998,167,-69,-14624,-2524,6024,-446,175,-81,0
3819.6793689727783,10724,4604,11104,-265,-100,141,10180,-9356,8564,-27,66,-233,-14812,4472,3348,-1019,240,-143,-14672,-2736,6224,-479,211,-59,0
3819.7148089408875,10332,4548,11172,-193,-136,155,9992,-9300,8512,11,117,-194,-14664,4448,3412,-1048,148,-95,-14684,-2620,6156,-464,123,-93,0
3819.7505750656132,10484,4592,11184,-273,-97,120,9768,-9336,8544,-39,95,-218,-14584,4572,3276,-981,166,-130,-14688,-2708,6220,-269,89,-135,0
3819.7855589389806,10488,4652,11196,-186,-106,111,9908,-9336,8628,-62,87,-182,-14624,4460,3364,-1028,131,-118,-14604,-2652,5928,-475,121,-110,0
3819.8215310573573,10552,4568,11172,-208,-131,174,9988,-9276,8488,-3,104,-207,-14544,4516,3392,-1016,161,-134,-14628,-2320,6108,-497,152,-94,0
3819.8576369285583,10476,4444,11164,-181,-113,138,9892,-9296,8556,-51,76,-200,-14644,4448,3500,-1003,139,-167,-14584,-2664,6208,-480,165,-95,0
3819.8929669857025,10468,4576,11172,-197,-140,146,9884,-9312,8536,-22,94,-218,-14588,4440,3388,-1016,134,-92,-14672,-2584,5972,-466,171,-91,0
3819.9287650585175,10528,4540,11108,-224,-134,136,9904,-9308,8660,-15,107,-203,-14636,4560,3432,-993,136,-162,-14652,-2720,6060,-467,201,-75,0
3819.9644129276276,10524,4444,11132,-208,-163,156,9888,-9228,8504,255,116,-208,-14588,4432,3464,-1000,107,-134,-14380,-2640,6124,-481,176,-105,0
3819.999696969986,10496,4532,11088,-216,-164,133,10228,-9288,8664,-10,113,-201,-14572,4488,3440,-943,93,-123,-14632,-2680,6060,-470,189,-95,0
3820.0351021289825,10436,4604,11040,-222,-153,141,9936,-9388,8536,7,133,-209,-14624,4500,3576,-951,27,-84,-14692,-2676,5896,-468,191,-86,0
3820.0707819461823,10556,4472,11016,-237,-147,122,10020,-9468,8520,-6,151,-234,-14636,4380,3500,-968,60,-139,-14680,-2540,6160,-481,190,-118,0
3820.1054730415344,10276,4440,10984,-182,-129,141,9952,-9312,8684,-25,128,-226,-14676,4416,3428,-968,88,-126,-14592,-2632,6208,-482,181,-116,0
3820.141175031662,10740,4484,11108,-165,-128,120,10092,-9316,8500,-60,136,-217,-14840,4448,3208,-987,112,-88,-14624,-2592,5888,-460,197,-112,0
3820.1747820377354,10524,4480,11036,-208,-85,102,9964,-9324,8504,-30,137,-189,-14628,4560,3272,-1038,130,-47,-14796,-2600,6104,-474,135,-133,0
3820.2082331180573,10676,4524,11108,-189,-44,101,9924,-9348,8616,-60,125,-165,-14684,4532,3452,-1034,108,-60,-14656,-2572,6232,-518,126,-140,0
3820.2418220043182,10532,4516,11168,-179,-8,92,9984,-9336,8564,-37,148,-165,-14844,4404,3180,-1039,40,-99,-14636,-2580,6164,-499,114,-152,0
3820.2754900455475,10264,4528,11032,-142,8,65,10028,-9352,8524,-12,144,-152,-14816,4404,3672,-1067,127,-34,-14516,-2728,6224,-472,70,-96,0
3820.30916595459,10240,4596,11280,-126,6,84,9900,-9328,8612,-74,92,-176,-14572,4384,3524,-1044,142,-26,-14592,-2676,6180,-520,87,-164,0
3820.3425369262695,10680,4544,11016,-154,24,56,9788,-9344,8520,-42,139,-173,-14616,4540,3416,-1061,138,-79,-14680,-2672,6200,-510,106,-159,0
3820.376050949096,10496,4464,10984,-100,21,82,9752,-9272,8532,-28,103,-139,-14772,4400,3436,-1093,142,-53,-14652,-2704,6196,-484,75,-182,0
3820.4095640182495,10300,4680,11016,-102,61,69,9940,-9352,8204,-57,160,-132,-14412,4308,3612,-1126,111,-57,-14608,-2600,6188,-500,47,-166,0
3820.4431200027466,10416,4568,11168,-123,12,78,9852,-9352,8568,-57,128,-138,-14460,4532,3492,-1041,136,-38,-14352,-2800,6164,-490,104,-147,0
3820.476902961731,10464,4496,11080,-116,4,86,9876,-9356,8532,-38,139,-155,-14592,4508,3396,-1275,124,-24,-14680,-2624,6336,-502,127,-115,0
3820.510365962982,10592,4500,11032,-126,-16,104,9852,-9328,8552,-29,99,-161,-14552,4532,3468,-1073,131,-55,-14624,-2500,6180,-767,170,-104,0
3820.5438871383667,10536,4544,11044,-108,-22,104,9996,-9268,8504,-43,88,-186,-14556,4440,3520,-1044,71,-108,-14620,-2588,6240,-516,140,-140,0
3820.5774250030518,10456,4528,11000,-113,-33,80,9944,-9356,8200,-22,157,-170,-14664,4464,3352,-1019,101,-72,-14680,-2632,6204,-494,136,-118,0
3820.61077094078,10504,4620,11172,-133,-26,51,9916,-9328,8428,-17,149,-171,-14580,4348,3472,-982,90,-60,-14680,-2692,6240,-483,180,-137,0
3820.6441209316254,10468,4636,11104,-174,-46,93,9912,-9280,8340,-31,126,-159,-14388,4408,3428,-967,59,-67,-14536,-2644,6256,-457,144,-171,0
3820.67775607109,10452,4568,11168,-146,-53,74,9916,-9364,8556,-46,158,-200,-14640,4472,3504,-953,78,-86,-14664,-2780,6264,-454,118,-195,0
3820.7112970352173,10456,4396,11236,-144,-86,87,9980,-9380,8672,-96,165,-172,-14672,4544,3828,-959,85,-84,-14748,-2668,6316,-471,156,-172,0
3820.744677066803,10596,4548,11168,-161,-83,71,9932,-9408,8540,-54,125,-194,-14840,4500,3416,-971,62,-76,-14664,-2668,6248,-522,201,-123,0
3820.7784390449524,10480,4644,11156,-154,-59,107,9944,-9340,8544,255,122,-174,-14604,4480,3380,-1005,92,-58,-14576,-2684,6044,-479,161,-147,0
3820.812070131302,10248,4612,10992,-139,-30,97,9848,-9356,8448,-2,148,-212,-14640,4588,3500,-1021,92,-81,-14544,-2660,6100,-481,155,-127,0
3820.845613002777,10468,4508,11200,-165,-77,113,10020,-9284,8532,-23,122,-159,-14728,4464,3472,-1033,97,-93,-14736,-2640,6324,-507,125,-139,0
3820.87924003601,10552,4592,11080,-151,-16,107,10228,-9296,8632,-27,115,-149,-14532,4544,3476,-1007,99,-49,-14668,-2692,5892,-759,114,-137,0
3820.9126470088963,10508,4524,11172,-167,-32,128,10068,-8976,8580,-46,102,-147,-14656,4408,3528,-1080,144,-39,-14652,-2720,6348,-518,93,-128,0
3820.9465360641484,10344,4500,11208,-172,-19,102,9860,-9296,8404,-30,153,-161,-14596,4488,3384,-770,168,-46,-14644,-2744,6256,-480,60,-102,0
3820.98022198677,10456,4616,10872,-172,-47,92,9932,-9352,8512,-60,73,-168,-14712,4432,3320,-1071,124,-35,-14644,-2692,6172,-553,114,-145,0
3821.0138120651245,10692,4604,11200,-146,-49,89,9856,-9328,8452,-41,140,-165,-14600,4508,3420,-1058,105,-39,-14404,-2664,6396,-259,103,-140,0
3821.0473871231084,10536,4604,11080,-155,-41,90,9940,-9336,8364,-12,131,-185,-14632,4444,3624,-1040,138,-100,-14636,-2604,6204,-469,146,-144,0
3821.0810499191284,10432,4596,11108,-184,-66,93,9740,-9388,8564,-14,123,-212,-14656,4532,3484,-1280,108,-124,-14564,-2616,6208,-479,145,-103,0
3821.1148021221165,10428,4804,11112,-167,-50,103,9904,-9232,8644,-9,135,-175,-14784,4764,3432,-1010,80,-78,-14560,-2724,6324,-491,149,-122,0
3821.1501369476323,10400,4500,11024,-157,-48,89,9860,-9284,8248,-21,157,-190,-14840,4452,3408,-1017,86,-49,-14648,-2728,6220,-491,141,-111,0
3821.185294151306,10484,4628,11188,-211,-29,80,9976,-9316,8616,-34,175,-193,-14668,4508,3076,-1009,98,-74,-14548,-2688,6292,-470,167,-127,0
3821.221020936966,10388,4640,11168,-257,-53,111,9904,-9364,8552,-20,158,-176,-14556,4560,3416,-949,76,-94,-14644,-2728,6252,-444,161,-110,0
3821.256222963333,10448,4608,10984,-242,-93,137,9924,-9340,8680,-48,153,-179,-14596,4468,3432,-950,77,-54,-14672,-2612,6252,-451,189,-79,0
3821.2923650741573,10440,4580,11212,-3,-125,114,9896,-9284,8552,-88,177,-214,-14676,4396,3572,-904,45,-121,-14680,-2764,6064,-503,221,-104,0
3821.328115940094,10472,4660,11108,-252,-97,107,9976,-9268,8448,-109,192,-192,-14576,4540,3724,-814,16,-94,-14712,-2376,6160,-488,193,-104,0
3821.3632769584656,10396,4568,11200,-210,-90,134,9812,-9392,8520,-75,178,-211,-14600,4572,3592,-852,68,-101,-14832,-2632,6076,-485,197,-69,0
3821.3990669250484,10740,4556,10776,-212,-130,160,9972,-9240,8464,-57,121,-219,-14600,4424,3164,-947,88,-85,-14640,-2608,6180,-451,205,-42,0
3821.434070110321,10460,4584,11048,-274,-133,159,9944,-9356,8700,-25,126,-197,-14684,4460,3396,-971,111,-109,-14656,-2760,6272,-446,162,-70,0
3821.469133138656,10416,4436,11112,-285,-134,183,10008,-9356,8192,-34,105,-193,-14608,4376,3392,-1278,182,-104,-14808,-2628,6360,-456,138,-57,0
3821.5047061443333,10304,4488,11344,-507,-165,157,9944,-9392,8472,18,84,-231,-14664,4576,3476,-1063,196,-151,-14644,-2696,6168,-768,104,-91,0
3821.540683031082,10244,4604,11076,-214,-122,149,9924,-9404,8440,12,110,-201,-14516,4560,3544,-1049,204,-96,-14800,-2684,6140,-496,123,-87,0
3821.5756061077122,10508,4528,10900,-233,-158,148,10008,-9364,8560,7,72,-229,-14344,4592,3516,-1116,176,-160,-14568,-2612,6228,-464,120,-107,0
3821.6116020679474,10684,4564,11204,-231,-118,146,10032,-9340,8304,254,91,-214,-14624,4448,3380,-1067,156,-102,-14780,-2632,6376,-482,108,-97,0
3821.6476111412053,10600,4540,11052,-270,-88,115,9984,-9392,8612,21,77,-204,-14632,4424,3352,-1055,102,-53,-14584,-2628,6172,-477,116,-121,0
3821.6827709674835,10740,4536,10956,-231,-130,164,9904,-9184,8504,-255,106,-186,-14576,4348,3340,-1066,128,-144,-14700,-2716,6028,-466,103,-99,0
3821.7187030315404,10728,4576,11200,-222,-150,124,10200,-9244,8472,-44,116,-223,-14500,4356,3360,-996,106,-88,-14652,-2556,6188,-464,198,-65,0
3821.7537860870366,10548,4540,11156,-236,-169,153,9928,-9304,8412,255,97,-216,-14616,4528,3328,-771,108,-114,-14728,-2624,6292,-462,189,-87,0
3821.7894511222844,10516,4512,11044,-188,-140,161,9780,-9288,8260,7,119,-187,-14668,4336,3552,-1276,70,-46,-14564,-2716,6252,-481,135,-119,0
3821.8248739242554,10484,4508,11164,-248,-98,98,10012,-9308,8524,-50,144,-185,-14612,4520,3420,-908,36,-63,-14612,-2700,6172,-469,130,-126,0
3821.8584311008453,10532,4560,11068,-250,-109,132,9872,-9284,8476,-45,128,-214,-14780,4436,3512,-939,46,-83,-14692,-2684,6132,-496,180,-110,0
3821.8917710781093,10460,4476,10792,-187,-162,148,9928,-9472,8204,-18,113,-211,-14520,4456,3332,-943,63,-143,-14428,-2588,6212,-470,215,-75,0
3821.9256031513214,10740,4512,11188,-173,-168,125,9900,-9460,8452,-51,121,-193,-14656,4412,3536,-974,98,-118,-14488,-2616,6036,-468,233,-86,0
3821.9593441486363,10500,4440,11084,-188,-130,143,9896,-9312,8640,-60,156,-218,-14604,4556,3540,-918,98,-72,-14668,-2508,6160,-476,215,-97,0
3821.992912054062,10628,4428,11084,-203,-85,119,9772,-9468,8464,-44,170,-175,-14668,4596,3516,-983,121,-52,-14556,-2660,6192,-463,159,-106,0
3822.0264799594884,10504,4544,11056,-198,-34,131,10032,-9260,8520,243,160,-167,-14744,4432,3336,-1028,136,-68,-14720,-2656,6248,-475,139,-117,0
3822.0601301193237,10668,4604,11156,-187,-18,73,9920,-9260,8564,-9,148,-168,-14660,4408,3440,-1037,72,-107,-14604,-2636,6160,-456,118,-114,0
3822.093740940094,10572,4368,10812,-176,-30,80,9956,-9288,8632,-32,132,-156,-14696,4360,3156,-1088,176,-56,-14672,-2716,5944,-453,93,-131,0
3822.1272950172424,10748,4552,11144,-157,8,71,9964,-9396,8688,-79,165,-163,-14636,4472,3548,-983,94,-50,-14672,-2556,6044,-523,75,-136,0
3822.1605000495915,10556,4488,11040,-97,-21,54,10152,-9324,8492,-53,153,-142,-14660,4752,3156,-1048,98,-33,-14376,-2604,5900,-525,81,-173,0
3822.1939010620117,10640,4480,11096,-143,35,47,10008,-9372,8392,-39,138,-173,-14656,4524,3560,-1088,116,-81,-14816,-2612,6160,-526,72,-151,0
3822.227352142334,10516,4460,11088,-161,22,67,10200,-9452,8580,-7,149,-153,-14640,4476,3396,-1074,139,-56,-14656,-2564,5984,-470,97,-162,0
3822.2607159614563,10520,4596,11072,-167,37,71,9936,-9320,8380,-16,151,-149,-14612,4528,3668,-1037,105,-17,-14708,-2692,6140,-474,96,-156,0
3822.29423213005,10556,4492,11044,-121,2,70,9876,-9324,8444,-60,101,-137,-14616,4492,3608,-1028,96,-53,-14644,-2624,6356,-505,123,-136,0
3822.327470064163,10540,4500,11228,-121,18,80,10200,-9228,8512,-39,158,-156,-14588,4388,3328,-1014,103,-106,-14588,-2724,6204,-501,132,-148,0
3822.361102104187,10360,4484,11100,-144,9,99,9976,-9268,8588,-63,151,-142,-14560,4452,3328,-1010,80,-47,-14724,-2624,6248,-468,69,-145,0
3822.394453048706,10568,4556,11084,-158,-30,82,9888,-9264,8664,-63,173,-180,-14632,4500,3396,-984,250,-41,-14832,-2680,6356,-470,134,-158,0
3822.4280719757085,10732,4412,10756,-141,-3,49,9984,-9308,8536,-9,154,-169,-14544,4508,3388,-1267,83,-22,-14644,-2668,6144,-459,165,-135,0
3822.4616370201115,10716,4848,11148,-144,-13,77,9912,-9260,8380,-12,192,-145,-14664,4512,3396,-971,55,-66,-14636,-2644,6192,-468,145,-168,0
3822.4952869415283,10744,4404,11176,-150,-18,72,10008,-9404,8564,-34,190,-172,-14348,4532,3364,-938,59,-55,-14676,-2728,5896,-461,134,-148,0
3822.5287799835205,10704,4820,11184,-167,-26,95,9764,-9312,8688,-35,179,-162,-14404,4488,3356,-977,111,-72,-14844,-2720,5948,-473,138,-154,0
3822.5623631477356,10560,4484,11116,-156,-41,75,10000,-9348,8460,-8,172,-180,-14692,4488,3436,-1043,102,-32,-14600,-2700,5888,-485,162,-119,0
3822.5957810878754,10436,4600,10976,-146,-47,91,9772,-9436,8496,-17,148,-166,-14600,4520,3344,-1075,131,-77,-14688,-2736,6280,-481,147,-124,0
3822.629276037216,10544,4504,11148,-144,-69,116,9916,-9256,8528,18,142,-188,-14648,4472,3460,-1068,128,-102,-14796,-2692,5928,-494,165,-120,0
3822.6624839305878,10736,4356,11092,-159,-47,106,10224,-9360,8564,-15,134,-174,-14664,4448,3140,-1051,168,-76,-14672,-2552,6188,-496,113,-118,0
3822.6964061260223,10632,4632,11204,-151,-84,122,9940,-9308,8448,-4,108,-161,-14728,4472,3668,-1056,169,-64,-14584,-2676,6152,-524,91,-141,0
3822.729824066162,10440,4604,11400,-139,-49,79,9900,-9012,8620,-25,143,-151,-14604,4536,3440,-1061,141,-64,-14592,-2692,5996,-479,110,-138,0
3822.7632939815526,10476,4620,11036,-157,-44,98,9916,-9328,8644,-54,115,-190,-14568,4416,3644,-1047,117,-92,-14624,-2652,6016,-526,101,-131,0
3822.7969939708714,10488,4352,11500,-109,-39,91,9936,-9420,8464,-59,137,-200,-14544,4472,3460,-1025,71,-111,-14612,-2672,6180,-516,90,-134,0
3822.832529067993,10276,4584,10904,-142,-26,81,9928,-9352,8300,0,140,-188,-14656,4440,3576,-1000,112,-98,-14612,-2656,5904,-497,126,-147,0
3822.868670940399,10464,4536,11092,-146,-41,84,9928,-9348,8216,-46,142,-196,-14752,4460,3520,-1084,116,-73,-14468,-2680,6108,-476,148,-115,0
3822.9038109779362,10448,4596,11220,-161,-31,99,9984,-9240,8520,-36,126,-177,-14544,4592,3512,-769,94,-78,-14616,-2664,6332,-473,152,-139,0
3822.939432144165,10536,4572,11180,-181,-54,93,9888,-9372,8596,-36,109,-187,-14576,4608,3596,-998,100,-67,-14540,-2624,6212,-515,122,-152,0
3822.9744391441345,10436,4452,11044,-176,-15,108,9804,-9340,8632,-34,126,-176,-14600,4488,3472,-769,70,-68,-14724,-2736,6052,-471,143,-135,0
3823.01015996933,10404,4656,10988,-181,-41,127,9904,-9232,8484,-32,160,-157,-14848,4364,3500,-977,105,-81,-14624,-2820,6256,-473,147,-101,0
3823.0454161167145,10336,4592,11068,-189,-78,91,10040,-9248,8452,-62,167,-198,-14668,4484,3284,-955,65,-96,-14608,-2668,6180,-464,178,-89,0
3823.0811851024628,10424,4564,11076,-199,-37,113,9644,-9292,8400,-6,174,-193,-14676,4472,3528,-991,84,-86,-14560,-2704,5888,-467,175,-83,0
3823.1172659397125,10464,4540,11160,-173,-39,142,9856,-9300,8676,-41,118,-165,-14400,4340,3732,-817,68,-23,-14652,-2716,6020,-432,184,-73,0
3823.1522600650787,10396,4552,10852,-14,-62,115,9820,-9344,8192,-43,174,-201,-14568,4488,3432,-938,71,-118,-14656,-2640,6196,-438,158,-76,0
3823.18749499321,10740,4544,11160,-268,-130,127,10020,-9288,8620,-60,171,-174,-14828,4580,3552,-961,112,-66,-14696,-2728,6184,-477,154,-81,0
3823.2232770919804,10524,4560,11412,-267,-83,144,10048,-9460,8584,-63,179,-163,-14836,4436,3400,-953,103,-114,-14644,-2688,6176,-464,150,-77,0
3823.2586760520935,10448,4816,11148,-223,-95,136,9868,-9304,8572,-73,158,-186,-14368,4524,3664,-1000,101,-91,-14496,-2668,6152,-483,160,-80,0
3823.294142961502,10484,4760,11204,-217,-122,153,9928,-9280,8580,-51,133,-196,-14592,4560,3324,-972,110,-118,-14652,-2480,6176,-492,155,-91,0
3823.32964015007,10276,4612,11160,-246,-91,123,10228,-9308,8396,-47,138,-202,-14596,4520,3256,-1011,155,-68,-14700,-2656,6188,-443,153,-79,0
3823.3651070594788,10584,4620,11192,-273,-135,174,9936,-9328,8420,-22,112,-197,-14580,4412,3496,-1000,185,-144,-14628,-2636,6224,-527,169,-67,0
3823.400684118272,10324,4504,11252,-213,-143,153,9844,-9416,8548,-26,102,-219,-14528,4512,3496,-1024,176,-94,-14848,-2668,6116,-486,139,-90,0
3823.435445070266,10424,4544,11076,-251,-166,157,9948,-9384,8252,-26,63,-237,-14684,4428,3328,-1043,103,-188,-14588,-2612,6208,-495,176,-94,0
3823.4707319736485,10440,4628,11128,-219,-173,148,9972,-9336,8584,0,51,-235,-14832,4440,3508,-1040,118,-162,-14708,-2676,5940,-483,182,-95,0
3823.5066380500793,10484,4452,11332,-229,-123,137,10228,-9348,8416,14,74,-224,-14700,4420,3504,-992,119,-148,-14720,-2676,6096,-485,172,-70,0
3823.540266990661,10488,4532,11096,-227,-162,138,9744,-9376,8556,-250,82,-226,-14556,4452,3456,-1007,130,-103,-14600,-2752,6084,-454,130,-59,0
3823.5738589763646,10436,4492,11140,-237,-142,121,9944,-9304,8624,-10,110,-226,-14368,4416,3512,-986,114,-110,-14688,-2636,6060,-464,168,-67,0
3823.607442140579,10584,4532,10972,-256,-135,128,9944,-9236,8476,-40,109,-179,-14604,4464,3448,-989,91,-127,-14656,-2620,6388,-479,154,-99,0
3823.640748023986,10552,4524,11108,-238,-166,134,10008,-9316,8260,-254,95,-207,-14672,4356,3516,-1001,77,-109,-14696,-2648,6272,-462,174,-80,0
3823.67423415184,10520,4576,11220,-226,-138,141,9924,-9240,8584,9,120,-197,-14576,4440,3516,-986,85,-81,-14644,-2680,6092,-446,179,-91,0
3823.7075819969173,10352,4524,11204,-264,-140,142,10020,-9264,8544,-16,112,-216,-14684,4508,3552,-917,63,-118,-14696,-2336,6380,-490,186,-103,0
3823.741282939912,10536,4480,11172,-261,-156,129,9964,-9308,8464,-12,126,-209,-14624,4456,3364,-941,110,-127,-14612,-2792,6120,-466,200,-93,0
3823.774912118912,10540,4472,11208,-219,-151,156,10196,-9180,8420,3,152,-190,-14564,4500,3568,-991,64,-83,-14616,-2744,6040,-450,189,-117,0
3823.8082051277165,10560,4476,11112,-229,-125,112,9924,-9344,8504,-41,141,-196,-14572,4504,3396,-906,90,-63,-14696,-2728,6164,-492,152,-98,0
3823.8418369293213,10548,4496,11244,-223,-134,136,10044,-9316,8484,-77,121,-189,-14644,4488,3404,-964,88,-106,-14620,-2588,6224,-510,163,-129,0
3823.8777129650116,10632,4356,11028,-148,-102,111,9996,-9268,8512,-61,114,-193,-14712,4396,3480,-775,89,-100,-14632,-2548,6052,-495,157,-116,0
3823.9117960929866,10548,4548,11116,-159,-81,101,9964,-9240,8504,-36,114,-198,-14372,4472,3168,-1068,140,-96,-14688,-2604,6120,-496,170,-111,0
3823.9452900886536,10596,4408,11240,-158,-50,95,10012,-9272,8480,-10,167,-210,-14840,4532,3428,-1109,183,-39,-14768,-2384,6208,-488,95,-150,0
3823.978940010071,10664,4476,11080,-188,9,78,10068,-9284,8492,-246,154,-177,-14656,4532,3568,-1052,168,-58,-14628,-2596,6324,-499,138,-162,0
3824.012547969818,10588,4456,11100,-155,-29,123,10160,-9352,8460,254,137,-162,-14636,4484,3228,-1097,123,-31,-14704,-2692,6188,-490,75,-152,0
3824.0460751056667,10520,4460,11044,-154,-2,75,10228,-9308,8540,-16,97,-181,-14640,4432,3636,-1127,74,-92,-14560,-2632,6240,-475,84,-151,0
3824.0795109272003,10456,4532,11084,-168,-27,70,9860,-9228,8600,-63,136,-208,-14548,4412,3320,-1059,90,-109,-14712,-2672,6124,-448,60,-141,0
3824.1131780147552,10668,4552,11120,-140,-17,53,10044,-9396,8508,-81,106,-152,-14720,4492,3316,-1022,49,-50,-14792,-2552,6176,-533,88,-180,0
3824.1466410160065,10620,4472,11108,-175,-1,44,9844,-9364,8492,-6,133,-154,-14356,4484,3200,-1029,62,-48,-14344,-2728,6372,-458,88,-150,0
3824.180419921875,10240,4532,11108,-129,39,65,9912,-9024,8704,-36,158,-141,-14424,4380,3404,-1058,106,-34,-14636,-2632,6128,-480,123,-123,0
3824.2139389514923,10712,4488,11060,-146,-29,99,9892,-9472,8664,-53,137,-181,-14396,4472,3548,-1043,155,-71,-14684,-2724,6216,-488,134,-90,0
3824.24745106697,10516,4596,11208,-136,244,132,10064,-9284,8492,-48,154,-149,-14608,4596,3372,-1033,108,-87,-14672,-2640,6160,-482,144,-142,0
3824.2808909416203,10392,4548,11256,-134,24,113,9980,-9336,8400,-20,149,-147,-14540,4464,3600,-1045,129,-41,-14748,-2596,6060,-470,123,-126,0
3824.3143191337585,10596,4604,11240,-122,10,92,10100,-9380,8540,-1,267,-161,-14560,4384,3368,-978,86,-56,-14576,-2700,6184,-468,133,-182,0
3824.3480761051173,10444,4496,11040,-123,29,74,9900,-9320,8508,-44,174,-156,-14672,4492,3428,-1010,26,-10,-14360,-2728,6020,-469,111,-180,0
3824.3816170692444,10508,4532,11188,-158,13,49,9960,-9360,8332,-8,193,-163,-14596,4508,3600,-957,37,-67,-14404,-2692,6220,-486,135,-168,0
3824.4152050018315,10516,4564,11052,-142,-22,61,9956,-9288,8636,-62,329,-109,-14776,4368,3412,-907,71,-99,-14684,-2736,6172,-466,164,-146,0
3824.448719024658,10404,4568,11012,-156,-52,65,9892,-9332,8452,-48,201,-184,-14692,4512,3448,-956,95,-71,-14672,-2580,6240,-465,203,-124,0
3824.4822521209717,10520,4584,11064,-148,-67,89,10028,-9412,8564,-48,192,-174,-14604,4512,3416,-942,76,-68,-14372,-2744,5928,-512,227,-140,0
3824.518718004226,10556,4636,11260,-120,-62,110,9936,-9304,8460,-30,163,-172,-14376,4592,3400,-771,116,-90,-14640,-2716,6276,-485,184,-135,0
3824.5541751384735,10484,4564,11216,-146,-78,108,9892,-9280,8480,-27,170,-187,-14644,4480,3496,-1278,100,-38,-14820,-2692,6372,-496,184,-81,0
3824.5895490646362,10296,4668,11252,-168,-55,72,10212,-9312,8564,-47,147,-170,-14372,4440,3668,-786,73,236,-14768,-2684,6196,-488,138,-131,0
3824.624927997589,10568,4572,11196,-149,-32,75,9932,-9284,8616,-11,134,-162,-14800,4372,3500,-1038,103,-53,-14580,-2656,6216,-496,98,-129,0
3824.66015791893,10460,4536,11116,-134,-41,94,10000,-9280,8608,-32,115,-160,-14680,4532,3380,-1081,180,-52,-14656,-2688,6172,-500,106,-134,0
3824.6957170963283,10460,4644,11204,-166,-49,77,9928,-9304,8464,-52,133,-184,-14668,4432,3384,-1000,167,-83,-14676,-2668,6164,-480,111,-148,0
3824.7317359447484,10424,4660,11028,-158,-96,116,9992,-9248,8464,-35,88,-173,-14624,4416,3504,-1092,131,-53,-14676,-2696,6064,-476,88,-141,0
3824.7674560546875,10444,4480,11144,-142,-25,101,9900,-9308,8568,-17,176,-86,-14800,4724,3244,-976,138,-106,-14732,-2632,6316,-520,116,-146,0
3824.803554058075,10564,4528,11228,-146,-49,107,9980,-9288,8616,-19,101,-169,-14580,4464,3432,-1069,148,-64,-14612,-2720,6248,-528,101,-129,0
3824.8395709991455,10628,4552,11220,-124,-45,102,9760,-9280,8192,-49,122,-176,-14644,4432,3368,-1050,126,-62,-14576,-2716,6180,-498,120,-121,0
3824.8750009536743,10712,4544,11064,-158,-43,102,9924,-9360,8536,-5,164,-173,-14636,4424,3336,-1058,115,-64,-14676,-2752,6204,-493,120,-126,0
3824.9113149642944,10400,4612,11108,-163,-75,84,9964,-9292,8476,-48,132,-195,-14644,4464,3828,-1029,96,-78,-14416,-2756,6272,-474,144,-103,0
3824.9476630687714,10708,4548,11132,-125,-55,85,9928,-9328,8528,-59,169,-190,-14608,4448,3348,-960,85,-76,-14716,-2672,6268,-478,123,-149,0
3824.9826519489284,10436,4584,11068,-196,-57,69,9904,-9416,8612,-40,128,-191,-14488,4460,3488,-1002,69,-82,-14680,-2720,6216,-468,175,-127,0
3825.0185561180115,10676,4676,11108,-195,-76,121,9884,-9188,8652,-32,183,-151,-14624,4356,3568,-970,92,-91,-14532,-2796,5976,-452,160,-92,0
3825.053606033325,10452,4632,11096,-203,-61,94,9976,-9356,8668,-50,176,-171,-14644,4508,3420,-966,85,-89,-14628,-2720,6104,-454,169,-101,0
3825.0886809825893,10640,4612,11036,-201,-42,88,9992,-9260,8480,-21,148,-197,-14824,4392,3480,-979,99,-101,-14684,-2660,6196,-466,175,-98,0
3825.1238441467285,10440,4632,11132,-209,-39,140,9988,-9164,8396,-7,144,-143,-14652,4416,3484,-978,72,-73,-14660,-2824,6152,-480,159,-79,0
3825.1606509685516,10440,4632,11080,-233,-31,129,9968,-9364,8664,-36,187,-172,-14668,4464,3356,-934,101,-63,-14680,-2684,6188,-419,173,-78,0
3825.194221973419,10468,4644,11124,-271,-40,123,9940,-9036,8540,-63,165,-152,-14636,4756,3540,-940,63,-101,-14660,-2720,6268,-451,179,-72,0
3825.2275221347813,10484,4596,11048,-280,-81,128,10016,-9264,8368,-51,146,-160,-14664,4480,3388,-977,97,-89,-14840,-2612,5896,-473,157,-78,0
3825.2611980438232,10368,4616,11180,-266,-71,154,9932,-9344,8560,-66,117,-190,-14652,4600,3368,-962,122,-109,-14636,-2692,6240,-495,147,-73,0
3825.2947580814366,10408,4352,11172,-253,-77,145,9860,-9368,8484,-55,138,-182,-14384,4484,3372,-934,109,-131,-14376,-2624,6152,-501,199,-64,0
3825.3277220726013,10352,4492,11164,-290,-77,134,10052,-9436,8532,-58,152,-190,-14572,4556,3344,-955,116,-93,-14672,-2636,6324,-440,168,-68,0
3825.3613309860234,10528,4620,11140,-281,-139,151,9916,-9380,8560,-60,168,-192,-14568,4588,3280,-951,99,-73,-14688,-2676,6148,-451,151,-80,0
3825.394546985626,10716,4724,11200,-257,-98,140,9916,-9280,8604,-52,121,-194,-14796,4500,3420,-985,169,-117,-14344,-2628,6164,-481,168,-54,0
3825.428116083145,10452,4628,10984,-242,-111,126,10216,-9400,8232,-67,114,-211,-14684,4532,3456,-988,182,-146,-14676,-2608,6288,-503,132,-89,0
3825.461694955826,10448,4524,11064,-234,-164,152,9940,-9352,8532,-42,91,-227,-14744,4508,3544,-1028,136,-138,-14744,-2596,6144,-483,142,-65,0
3825.4953360557556,10560,4596,11080,-221,-160,147,9976,-9280,8452,7,49,-242,-14648,4408,3472,-1052,124,-153,-14624,-2708,6164,-485,167,-111,0
3825.528729915619,10468,4620,11096,-238,-178,142,9840,-9300,8484,6,121,-214,-14604,4504,3548,-1058,155,-168,-14700,-2684,6076,-464,156,-96,0
3825.561984062194,10544,4500,11056,-227,-151,132,10004,-9352,8512,-19,108,-224,-14664,4500,3332,-1280,102,-189,-14556,-2608,6132,-468,194,-122,0
3825.5954740047455,10540,4516,11144,-231,-157,110,9972,-9472,8488,-11,145,-207,-14848,4308,3408,-1007,123,-176,-14604,-2660,6184,-456,117,-106,0
3825.6291019916534,10588,4572,11136,-511,-143,132,10000,-9300,8504,-25,87,-197,-14696,4420,3436,-992,115,-86,-14672,-2624,6108,-462,165,-81,0
3825.6624369621277,10500,4528,11156,-258,-152,145,10000,-9308,8540,-6,108,-191,-14628,4424,3452,-993,87,-83,-14624,-2712,6224,-458,143,-98,0
3825.6960930824284,10552,4520,11104,-251,-115,137,9908,-9268,8572,-25,119,-190,-14616,4436,3488,-935,107,-68,-14356,-2676,6296,-489,126,-109,0
3825.7296180725093,10728,4532,11200,-240,-164,132,10224,-9308,8520,-21,111,-203,-14544,4408,3448,-977,101,-123,-14800,-2640,6320,-473,198,-98,0
3825.7630219459534,10544,4424,11156,-237,-173,154,9868,-9276,8440,-256,112,-215,-14664,4512,3456,-993,83,-119,-14736,-2580,6200,-470,179,-71,0
3825.7967729568486,10580,4532,10820,-223,-110,152,9968,-9248,8472,8,140,-166,-14604,4412,3468,-1007,69,-29,-14692,-2608,6220,-466,145,-88,0
3825.8302271366124,10688,4508,10788,-241,-129,126,9764,-9444,8700,-35,165,-177,-14840,4488,3340,-963,30,-60,-14632,-2572,6060,-471,143,-138,0
3825.8637349605565,10712,4476,11140,-224,-117,125,9728,-9268,8544,-40,140,-193,-14568,4448,3328,-944,75,-101,-14696,-2788,6184,-491,158,-98,0
3825.897320985794,10568,4524,11248,-185,-129,101,9948,-9280,8628,-40,153,-212,-14676,4424,3076,-942,88,-130,-14640,-2620,6172,-501,205,-89,0
3825.9306271076202,10548,4352,10876,-180,-114,134,9904,-9260,8560,-80,145,-202,-14640,4492,3536,-984,89,-61,-14528,-2524,6136,-488,131,-139,0
3825.963855981826,10520,4396,11024,-184,-138,94,10000,-9304,8236,-24,164,-201,-14620,4492,3344,-1010,122,-49,-14664,-2620,6312,-517,169,-150,0
3825.9976649284363,10568,4568,11080,-210,-54,108,9944,-9348,8208,-18,164,-180,-14628,4512,3384,-1035,101,-88,-14628,-2720,6168,-478,178,-139,0
3826.0308420658107,10552,4568,11168,-132,-25,86,9940,-9204,8512,24,149,-178,-14644,4488,3408,-1052,142,-108,-14612,-2728,6092,-507,165,-114,0
3826.0644011497493,10584,4572,11044,-138,254,90,10156,-9296,8432,-5,145,-149,-14672,4468,3372,-1038,103,-19,-14656,-2684,6192,-492,120,-144,0
3826.0979509353638,10460,4568,11152,-178,-22,88,9928,-9272,8384,-29,151,-195,-14604,4316,3292,-989,84,-51,-14664,-2640,5892,-445,108,-139,0
3826.1312680244446,10592,4600,11252,-200,-24,101,9936,-9376,8532,6,125,-180,-14608,4512,3368,-1064,109,-109,-14720,-2728,6112,-493,109,-121,0
3826.164680957794,10628,4588,10840,-205,2,81,9932,-9300,8436,-26,153,-184,-14620,4480,3284,-989,79,-23,-14756,-2792,5904,-442,111,-148,0
3826.2011709213252,10300,4480,10828,-150,-252,78,9904,-9296,8512,10,103,-168,-14580,4404,3536,-1104,92,-66,-14560,-2676,6192,-461,131,-158,0
3826.23728108406,10712,4508,11124,-189,-252,87,10228,-9316,8264,0,128,-180,-14704,4448,3456,-1115,123,-73,-14704,-2592,6216,-486,84,-128,0
3826.271781921386,10560,4492,11032,-93,-21,90,9952,-9264,8536,-47,119,-148,-14664,4516,3384,-1061,130,-53,-14664,-2560,6260,-539,75,-147,0
3826.3076651096344,10508,4468,11048,-80,-243,69,10008,-9368,8700,-67,115,-147,-14576,4360,3440,-1105,66,-28,-14640,-2728,6248,-508,115,-147,0
3826.3424060344696,10556,4500,11204,-72,19,96,10028,-9288,8596,-4,157,-116,-14432,4468,3504,-1063,103,-38,-14768,-2704,6264,-492,67,-166,0
3826.3782489299774,10728,4372,11424,-156,-12,61,9908,-9304,8540,-64,175,-159,-14768,4480,3512,-1034,68,-31,-14628,-2620,6124,-512,81,-175,0
3826.413229942322,10456,4408,11244,-140,-8,62,9912,-9464,8564,-36,133,-146,-14512,4472,3248,-1025,88,-65,-14704,-2648,6180,-508,93,-145,0
3826.4489250183105,10384,4560,11172,-68,-31,74,9744,-9232,8484,-11,146,-152,-14648,4412,3448,-1050,79,-36,-14688,-2756,6108,-483,128,-149,0
3826.484413146972,10240,4520,11172,-110,-24,63,9872,-9340,8528,-52,156,-160,-14624,4492,3464,-805,-10,-28,-14600,-2648,6064,-482,94,-147,0
3826.5195031166077,10576,4540,11260,-151,-46,74,9896,-9408,8396,-75,159,-148,-14548,4468,3384,-995,74,-64,-14848,-2568,6396,-503,136,-144,0
3826.554754972458,10472,4508,11064,-129,-62,108,9824,-9276,8544,-25,177,-195,-14592,4536,3492,-1278,96,-80,-14564,-2696,6176,-485,157,-133,0
3826.590320110321,10536,4532,11456,-108,-44,113,9880,-9324,8424,5,136,-177,-14600,4424,3508,-1045,118,-56,-14688,-2664,6324,-496,161,-128,0
3826.625435113907,10448,4476,11080,-151,-79,110,9896,-9324,8524,-3,135,-164,-14636,4444,3508,-1000,72,-105,-14384,-2592,6136,-466,186,-121,0
3826.6607921123505,10532,4540,11148,-178,-41,105,9736,-9400,8464,-26,185,-171,-14612,4492,3328,-940,77,-29,-14732,-2796,6236,-484,171,-115,0
3826.696171998977,10680,4568,11104,-176,-67,103,9888,-9188,8480,-26,173,-177,-14524,4388,3304,-980,96,-102,-14588,-2768,6312,-439,187,-104,0
3826.7318849563603,10452,4552,11224,-141,-95,106,9920,-9332,8472,-37,179,-201,-14768,4392,3244,-990,77,-55,-14588,-2732,6256,-473,210,-107,0
3826.767841100693,10476,4364,10780,-187,-70,76,9744,-9284,8520,-59,174,-182,-14700,4444,3276,-978,109,-89,-14796,-2636,6156,-456,153,-131,0
3826.8024940490723,10448,4616,11096,-169,-37,82,10024,-9280,8516,-42,141,-206,-14700,4464,3236,-1000,84,-54,-14764,-2688,6176,-489,196,-140,0
3826.8398790359493,10628,4620,11088,-160,-35,83,9752,-9352,8204,-8,141,-163,-14620,4480,3344,-1269,88,-72,-14440,-2672,6128,-258,131,-129,0
3826.8734641075134,10484,4616,11064,-149,-65,92,9736,-9348,8240,-21,137,-173,-14808,4456,3440,-1027,102,-70,-14664,-2716,6140,-483,139,-151,0
3826.9070529937744,10544,4608,11144,-187,-19,84,10012,-9292,8468,-29,138,-163,-14808,4428,3508,-1018,103,-67,-14716,-2744,6200,-485,127,-138,0
3826.9406039714813,10268,4580,10792,-178,-15,122,9900,-9336,8564,-25,149,-165,-14612,4492,3836,-1010,59,-77,-14644,-2648,5936,-451,210,-128,0
3826.9742109775543,10384,4564,11028,-256,-9,118,9956,-9332,8528,29,148,-167,-14584,4456,3564,-1007,58,-58,-14644,-2664,6276,-414,237,-122,0
3827.007553100586,10404,4604,11276,-287,26,120,9940,-9228,8292,1,143,-188,-14512,4472,3608,-986,38,-105,-14596,-2692,6160,-402,301,-91,0
3827.0409710407253,10336,4636,11008,-322,-99,128,9944,-9360,8528,-62,131,-237,-14588,4500,3560,-961,58,-110,-14592,-3036,6196,-373,329,-104,0
3827.0744910240173,10400,4556,11444,-386,-44,144,9924,-9288,8568,-69,136,-195,-14584,4492,3436,-946,123,-93,-14628,-2688,6316,-411,293,-87,0
3827.1082410812373,10396,4624,11240,-366,-97,205,9904,-9220,8580,-63,128,-189,-14548,4568,3556,-1278,149,-51,-14708,-2772,6144,-459,194,-59,0
3827.141287088394,10412,4492,11128,-304,-52,159,9728,-9380,8552,-80,121,-165,-14528,4492,3400,-1043,126,-124,-14612,-2648,6120,-472,111,-50,0
3827.174864053726,10532,4520,11076,-236,-62,180,9892,-9404,8212,-99,91,-132,-14600,4512,3524,-770,176,-98,-14592,-2564,6104,-525,99,-72,0
3827.2084379196162,10500,4520,11468,-205,-99,171,9936,-9324,8364,-88,70,-167,-14576,4524,3396,-1006,166,-72,-14688,-2700,5912,-490,166,-64,0
3827.241912126541,10304,4576,11200,-195,-74,192,9928,-9260,8444,-15,87,-204,-14528,4344,3376,-1276,148,-93,-14688,-2572,6056,-431,248,-50,0
3827.275476932525,10428,4612,11248,-272,-116,188,9928,-9312,8452,0,78,-199,-14624,4476,3476,-999,79,-123,-14560,-2704,6068,-428,307,-61,0
3827.3092589378357,10604,4596,11036,-305,-80,170,9996,-9384,8484,9,121,-183,-14688,4564,3572,-950,42,-133,-14676,-2472,6168,-401,345,-79,0
3827.342664003372,10532,4428,11252,-318,-78,126,10020,-9332,8540,26,118,-215,-14608,4452,3416,-933,17,-149,-14600,-2640,6116,-411,332,-80,0
3827.3759660720825,10544,4404,11052,-324,-43,117,9920,-9276,8404,22,154,-235,-14572,4416,3560,-916,-29,-120,-14668,-2712,6140,-375,418,-124,0
3827.4095380306244,10504,4564,11040,-356,-40,125,9852,-9400,8512,17,166,-241,-14532,4448,3472,-901,-66,-121,-14632,-2648,6112,-354,375,-118,0
3827.443088054657,10492,4396,11160,-373,-75,137,10020,-9348,8608,14,151,-238,-14688,4544,3444,-898,-25,-145,-14680,-2556,5996,-407,301,-141,0
3827.476860046386,10464,4164,11156,-295,-70,102,9968,-9424,8492,82,151,-239,-14632,4476,3304,-977,-9,-177,-14656,-2580,6044,-453,242,-120,0
3827.5105681419373,10380,4512,11056,-244,-137,144,9956,-9280,8484,65,181,-217,-14656,4356,3412,-972,46,-158,-14724,-2584,6096,-469,174,-139,0
3827.5438890457153,10496,4460,11152,-205,-200,81,9876,-9148,8684,14,166,-235,-14364,4512,3560,-1011,70,-121,-14772,-2532,5972,-474,144,-82,0
3827.577418088913,10740,4496,11168,-277,-172,142,9852,-9164,8652,58,152,-198,-14384,4468,3376,-991,98,-109,-14648,-2652,6072,-436,160,-122,0
3827.6111011505122,10420,4524,11136,-278,-129,172,9856,-9136,8556,18,117,-165,-14684,4388,3416,-1270,125,-105,-14664,-2740,5940,-440,183,-112,0
3827.64453291893,10576,4416,11040,-291,-129,173,9964,-9256,8604,8,128,-203,-14724,4448,3456,-1009,109,-93,-14716,-2752,5964,-468,143,-102,0
3827.678190946579,10440,4424,11256,-264,-178,136,9960,-9200,8456,-52,138,-226,-14600,4480,3408,-1005,121,-84,-14840,-2636,6068,-466,152,-102,0
3827.7118439674373,10476,4444,11060,-227,-172,142,9772,-9324,8376,-58,88,-222,-14608,4416,3380,-975,129,-75,-14640,-2516,5956,-484,205,-118,0
3827.745388031006,10728,4420,11152,-253,-117,178,9784,-9272,8640,-69,114,-205,-14664,4392,3248,-979,153,-48,-14788,-2500,5996,-473,160,-151,0
3827.7789919376373,10532,4416,11236,-210,-66,146,9980,-9244,8264,-76,101,-177,-14708,4468,3436,-1069,127,-100,-14672,-2592,5924,-506,167,-136,0
3827.812726020813,10532,4256,11164,-177,-36,132,10068,-9284,8388,-21,149,-153,-14612,4392,3516,-1050,121,-110,-14764,-2632,6060,-478,167,-110,0
3827.845808029175,10600,4384,11452,-194,4,122,9752,-9292,8632,-10,135,-163,-14616,4380,3336,-1064,153,-82,-14728,-2600,6000,-501,145,-116,0
3827.8826580047603,10560,4408,11260,-162,-20,123,10120,-9228,8688,-65,134,-163,-14648,4468,3596,-769,119,-85,-14632,-2816,5968,-485,189,-138,0
3827.9177601337433,10720,4380,10992,-173,-15,99,9956,-9348,8600,-33,155,-146,-14364,4364,3412,-996,53,-79,-14720,-2708,5984,-258,161,-152,0
3827.9537501335144,10452,4428,11140,-196,7,99,10024,-9324,8636,-20,172,-167,-14556,4408,3460,-1003,49,-49,-14724,-2764,6036,-465,178,-155,0
3827.9896781444554,10696,4448,11104,-214,-9,96,9952,-9356,8496,-31,194,-165,-14684,4460,3572,-991,40,-88,-14796,-2596,5968,-453,176,-175,0
3828.024729013443,10520,4560,11032,-170,-16,58,9944,-9236,8368,-47,161,-171,-14624,4468,3540,-981,63,-44,-14692,-2376,6052,-464,176,-172,0
3828.0604219436646,10576,4452,11256,-167,-33,81,9900,-9268,8624,-46,176,-191,-14648,4492,3468,-969,39,-94,-14696,-2672,5888,-444,222,-165,0
3828.0953991413116,10296,4456,11052,-214,-78,127,10000,-9224,8568,-10,154,-189,-14600,4412,3588,-974,76,-59,-14736,-2652,6084,-482,218,-145,0
3828.130749940872,10548,4340,11040,-197,-71,130,9880,-9320,8388,-36,179,-169,-14628,4552,3360,-974,25,-39,-14700,-2644,6048,-482,156,-141,0
3828.1659619808197,10424,4400,11004,-122,-37,102,9924,-9316,8552,-44,200,-166,-14608,4524,3704,-941,26,-25,-14624,-2564,5940,-511,144,-149,0
3828.2019081115723,10460,4404,11168,-151,-33,84,10200,-9256,8544,-15,203,-194,-14808,4436,3376,-998,53,-78,-14708,-2688,5988,-489,104,-141,0
3828.2380709648132,10420,4364,11180,-143,-49,67,9880,-9332,8640,-29,173,-173,-14584,4452,3476,-1006,102,-9,-14716,-2632,5928,-464,79,-131,0
3828.2729561328883,10700,4376,11124,-146,-34,75,9956,-9360,8492,-87,171,-158,-14684,4564,3576,-1001,69,-6,-14936,-2620,5976,-516,52,-162,0
3828.309198141098,10288,4600,11216,-142,-50,63,9996,-9364,8696,-49,141,-154,-14364,4520,3580,-1062,89,-63,-14624,-2700,6116,-545,41,-149,0
3828.3441910743713,10512,4668,11148,-79,-24,64,9944,-9320,8568,-69,143,-138,-14600,4428,3564,-1090,123,-56,-14704,-2664,6116,-542,20,-170,0
3828.3796920776363,10472,4500,11108,-59,-60,16,9856,-9016,8604,-84,133,-200,-14820,4512,3428,-982,96,-66,-14732,-2604,6036,-263,133,-144,0
3828.4239621162415,10292,4488,11180,-122,-12,71,9956,-9348,8500,-14,138,-153,-14536,4440,3392,-1091,159,-90,-14564,-2708,5928,-545,56,-127,0
3828.4710590839386,10500,4456,11116,-108,-17,90,9744,-9280,8528,-92,144,-167,-14584,4480,3404,-1271,237,-20,-14600,-2756,6240,-517,-30,-118,0
3828.5196630954742,10440,4784,11100,-17,-45,76,9972,-9344,8644,-113,115,-140,-14700,4480,3392,-1141,339,-69,-14772,-2740,6092,-646,-186,-97,0
3828.553493976593,10548,4488,11228,163,-68,-8,9896,-9316,8720,-154,51,-166,-14512,4424,3428,-1239,351,-42,-14568,-2664,6064,-663,-285,-117,0
3828.5871279239655,10404,4432,11100,202,-58,-247,9920,-9260,8508,-134,63,-120,-14536,4444,3548,-1131,281,-56,-14600,-2744,5952,-652,-102,-96,0
3828.6208391189575,10360,4472,11144,68,-76,37,9884,-9292,8544,-95,113,-157,-14348,4440,3716,-1093,194,-64,-14524,-2664,6072,-552,255,-100,0
3828.6539270877843,10424,4476,10972,-46,-9,75,9972,-9276,8544,-74,111,-157,-14560,4516,3360,-1092,196,-69,-14620,-2744,6136,-552,48,-58,0
3828.6874549388885,10348,4584,11188,-79,-12,96,9828,-9368,8452,-49,126,-161,-14584,4536,3528,-1050,141,-32,-14552,-2656,6156,-525,56,-97,0
3828.7210750579834,10508,4596,11116,-112,-31,77,9932,-9388,8420,-57,121,-163,-14424,4532,3576,-1009,132,-56,-14696,-2676,5888,-541,78,-122,0
3828.7544140815735,10512,4628,11220,-168,-35,111,10008,-9340,8528,-68,137,-161,-14656,4436,3492,-965,86,-101,-14660,-2716,6192,-466,125,-90,0
3828.7881691455846,10364,4784,11204,-217,-72,103,10208,-9356,8420,-76,145,-177,-14584,4468,3424,-924,119,-95,-14708,-2680,6220,-506,141,-93,0
3828.8218381404877,10728,4564,11016,-217,-104,104,9920,-9256,8672,-102,104,-224,-14636,4568,3444,-896,95,-76,-14616,-2724,6164,-492,150,-93,0
3828.8552980422974,10436,4560,11168,-222,-151,123,9992,-9332,8584,-66,129,-232,-14360,4480,3540,-948,75,-91,-14644,-2756,6200,-469,164,-97,0
3828.8931901454926,10372,4456,11120,-268,-151,126,9812,-9376,8648,-50,135,-502,-14576,4528,3436,-909,87,-139,-14600,-2620,6296,-442,174,-60,0
3828.926964044571,10368,4536,11152,-253,-133,135,10172,-9304,8440,-68,133,-231,-14588,4600,3532,-841,62,-112,-14684,-2712,6064,-486,200,-47,0
3828.9604890346523,10576,4556,11024,-278,-149,133,9784,-9228,8516,-28,153,-243,-14652,4464,3292,-933,58,-89,-14800,-2604,5916,-486,168,-68,0
3828.9942820072174,10408,4496,11228,-248,-173,162,9864,-9408,8204,-5,146,-192,-14612,4440,3388,-916,116,-130,-14704,-2648,6252,-463,184,-44,0
3829.028131008148,10728,4536,11248,-251,-148,141,9824,-9356,8564,-12,154,-211,-14620,4416,3484,-956,110,-86,-14680,-2760,6192,-469,183,-103,0
3829.0616059303284,10524,4588,11016,-294,-193,143,9908,-9388,8436,-5,91,-226,-14680,4508,3368,-978,99,-114,-14720,-2688,5900,-492,187,-103,0
3829.0952501296997,10560,4456,11172,-237,-141,164,9952,-9360,8468,-26,115,-197,-14836,4504,3492,-954,127,-140,-14680,-2744,6088,-531,160,-110,0
3829.128531932831,10492,4504,11104,-202,-122,118,9888,-9340,8252,-8,131,-179,-14732,4436,3356,-929,69,-61,-14616,-2612,6296,-501,122,-126,0
3829.1618490219116,10396,4520,11252,-243,-100,129,9888,-9348,8644,-40,106,-196,-14524,4504,3120,-961,100,-44,-14612,-2592,6208,-507,122,-94,0
3829.195474147796,10488,4556,11140,-249,-92,118,9888,-9340,8864,-17,134,-208,-14444,4424,3400,-961,96,-130,-14596,-2580,5992,-524,170,-86,0
3829.229228973388,10452,4472,11188,-233,-152,146,9940,-9332,8448,1,117,-193,-14552,4480,3152,-995,160,-122,-14576,-2604,6008,-767,184,-100,0
3829.2629060745244,10456,4404,11096,-207,-154,181,9956,-9280,8392,40,49,-212,-14368,4560,3548,-1031,215,-144,-14560,-2600,6252,-541,176,-73,0
3829.2966089248653,10704,4456,11024,-216,-139,141,10008,-9336,8332,-10,113,-201,-14564,4488,3232,-1051,175,-100,-14680,-2628,6028,-476,134,-111,0
3829.3300940990453,10508,4440,11016,-206,-161,138,9976,-9340,8532,-17,72,-211,-14612,4512,3500,-1118,200,-141,-14688,-2620,5908,-509,160,-117,0
3829.3636651039124,10456,4576,11148,-167,-115,117,9972,-9292,8380,-41,136,-207,-14632,4416,3376,-1028,112,-68,-14664,-2624,6188,-495,142,-118,0
3829.397222995758,10488,4536,10768,-157,-114,111,10216,-9268,8420,-56,142,-214,-14684,4480,3364,-1012,122,-109,-14796,-2648,6104,-503,130,-167,0
3829.430791139602,10600,4500,10924,-163,-95,70,9876,-9296,8512,-70,105,-236,-14412,4356,3352,-997,92,-118,-14696,-2592,6132,-762,136,-137,0
3829.46435213089,10680,4508,10960,-143,-37,74,10044,-9340,8208,-22,142,-169,-14760,4436,3080,-1056,91,-67,-14724,-2668,6120,-457,127,-131,0
3829.4979560375214,10652,4528,11100,-154,-7,70,10000,-9228,8472,16,189,-161,-14656,4460,3092,-1054,100,-57,-14728,-2600,6164,-479,128,-140,0
3829.5314049720764,10504,4516,11132,-166,-13,68,9940,-9204,8532,-10,154,-169,-14672,4472,3376,-771,122,-40,-14388,-2632,6124,-489,144,-142,0
3829.5687460899353,10476,4584,11092,-141,17,95,9776,-9368,8652,-24,122,-143,-14680,4472,3464,-1043,85,-62,-14736,-2748,5976,-529,141,-140,0
3829.6042671203613,10560,4456,11160,-135,-247,63,10060,-9268,8532,-11,167,-146,-14672,4464,3544,-1044,21,-35,-14696,-2792,6184,-495,112,-179,0
3829.639734983444,10444,4584,11104,-143,-251,91,9880,-9316,8576,4,193,-128,-14464,4196,3392,-1018,64,-53,-14684,-2688,6220,-470,103,-139,0
3829.6750531196594,10424,4568,11100,-177,20,104,9932,-9292,8640,-65,175,-126,-14632,4416,3536,-971,53,-12,-14628,-2640,6116,-481,122,-165,0
3829.7108290195465,10432,4576,11476,-191,-8,90,9732,-9244,8484,-58,157,-140,-14572,4416,3392,-948,51,-31,-14528,-2640,6104,-470,159,-110,0
3829.7471239566803,10468,4560,11212,-157,-12,120,9944,-9296,8540,-51,179,-126,-14388,4520,3316,-942,72,-63,-14652,-2640,6196,-449,142,-103,0
3829.782477140426,10544,4572,11196,-145,-14,83,9848,-9412,8552,-67,181,-149,-14684,4492,3148,-973,60,-20,-14708,-2596,6348,-456,117,-140,0
3829.8184900283813,10548,4544,11132,-187,-61,80,9940,-9404,8688,-46,187,-161,-14752,4568,3444,-1005,81,-50,-14700,-2604,6048,-501,140,-125,0
3829.8536291122437,10516,4508,11172,-153,-33,89,9948,-9344,8476,-20,202,-159,-14704,4480,3352,-999,59,-43,-14492,-2712,6288,-499,118,-149,0
3829.88920712471,10452,4472,10920,-129,-12,72,9980,-9440,8484,5,161,-119,-14544,4472,3320,-1055,76,-58,-14608,-2688,6316,-492,109,-161,0
3829.9245650768285,10456,4484,11096,-141,-26,89,9996,-9300,8456,-16,174,-145,-14604,4400,3500,-1031,68,-97,-14668,-2656,5984,-488,130,-176,0
3829.9607989788055,10412,4400,11112,-144,-45,61,9872,-9420,8376,255,170,-178,-14668,4608,3376,-1027,112,-35,-14604,-2692,6236,-494,134,-162,0
3829.997086048126,10512,4820,11200,-147,-32,105,9932,-9340,8484,-13,177,-152,-14596,4436,3360,-1034,104,-63,-14544,-2636,5940,-766,119,-127,0
3830.0324330329895,10436,4504,11104,-141,-82,99,9944,-9248,8520,-30,164,-165,-14548,4456,3384,-972,86,-103,-14668,-2852,6364,-528,158,-126,0
3830.0687091350555,10436,4508,11148,-150,-76,87,9972,-9304,8448,-37,159,-182,-14592,4516,3516,-1004,86,-53,-14732,-2624,5984,-544,153,-137,0
3830.1036610603333,10552,4556,11048,-148,-79,76,9964,-9268,8624,-14,144,-172,-14656,4504,3192,-1054,171,-44,-14592,-2668,6064,-497,109,-140,3
3830.1397669315334,10520,4520,11156,-144,-72,91,9924,-9296,8604,-2,111,-203,-14624,4496,3468,-1046,160,-50,-14596,-2760,6012,-508,95,-128,3
3830.1750860214233,10472,4860,11128,-159,-55,88,9772,-9292,8564,-42,97,-205,-14696,4436,3388,-1063,173,-99,-14676,-2716,6184,-433,119,-139,3
3830.2116119861603,10732,4596,11124,-167,-53,84,9876,-9336,8584,-30,77,-183,-14640,4552,3496,-1075,139,-81,-14644,-2720,6260,-502,128,-148,3
3830.2453939914703,10488,4524,11180,-164,-66,113,9904,-9412,8724,-26,111,-152,-14576,4452,3236,-1059,97,-68,-14572,-2688,6196,-506,82,-147,3
3830.2789471149445,10480,4564,11052,-178,-77,110,9856,-9388,8624,-13,146,-165,-14472,4396,3412,-1071,106,-64,-14496,-2696,6088,-491,141,-140,3
3830.3124310970306,10384,4568,11080,-160,-101,114,9952,-9240,8548,-70,143,-171,-14636,4568,3480,-1072,61,-105,-14600,-2980,6296,-448,116,-134,3
3830.346029043197,10248,4580,11136,-181,-120,108,10168,-9316,8608,-34,133,-193,-14624,4772,3548,-1075,134,-104,-14580,-2596,6160,-437,141,-93,0
3830.379467010498,10476,4552,11208,-184,-35,100,10040,-9320,8512,2,115,-197,-14576,4528,3480,-1122,125,-49,-14532,-2604,6184,-395,139,-109,0
3830.412847995758,10416,4656,11100,-213,-39,122,9924,-9472,8472,-29,105,-188,-14592,4408,3532,-1071,102,-91,-14516,-2744,6144,-423,128,-127,0
3830.4464859962463,10732,4856,11084,-205,-35,105,10180,-8972,8460,-43,185,-170,-14644,4608,3408,-1012,72,-103,-14348,-2580,6264,-424,140,-135,0
3830.4800150394444,10740,4372,11168,-195,-63,107,10212,-9340,8700,-27,158,-177,-14584,4492,3300,-782,83,-119,-14652,-2620,6208,-450,129,-88,0
3830.513617992401,10732,4364,11068,-244,-62,143,9856,-9336,8588,-7,153,-176,-14588,4572,3500,-1030,97,-107,-14568,-2708,6016,-439,176,-81,0
3830.547460079193,10376,4540,11296,-225,-67,155,9832,-9296,8620,-54,151,-219,-14556,4384,3620,-979,105,-82,-14840,-2756,6188,-437,204,-59,0
3830.5809371471405,10408,4624,11188,-4,-109,134,9900,-9356,8644,-74,134,-185,-14420,4580,3464,-935,116,-93,-14372,-2604,6360,-479,178,-74,0
3830.6144680976868,10428,4600,11036,-228,-95,130,9888,-9368,8616,-73,151,-184,-14732,4492,3460,-875,40,-136,-14636,-2760,6084,-456,201,-75,0
3830.6479139328003,10440,4580,11080,-277,-152,134,9832,-9260,8476,-82,206,-208,-14848,4560,3376,-857,9,-139,-14596,-2676,6136,-432,218,-82,0
3830.6816070079803,10440,4508,11144,-276,-134,106,9888,-9368,8504,-68,171,-221,-14580,4464,3528,-852,39,-145,-14644,-2752,6396,-385,226,-58,0
3830.7152390480046,10460,4600,11216,-311,-168,152,9896,-9432,8504,-110,176,-235,-14708,4384,3440,-765,18,-130,-14684,-2712,6204,-477,255,-66,0
3830.7487850189214,10748,4452,11516,-259,-160,119,9940,-9388,8608,-125,144,-233,-14736,4596,3484,-848,25,-157,-14644,-2780,5960,-528,193,-112,0
3830.782230138778,10720,4472,11388,-218,-192,143,9812,-9308,8492,-54,129,-227,-14636,4412,3320,-935,40,-194,-14664,-2744,6112,-527,211,-86,0
3830.8157861232758,10240,4356,10984,-197,-177,136,9948,-9300,8696,-53,129,-247,-14660,4384,3568,-963,72,-144,-14636,-2728,6128,-507,209,-101,0
3830.8491280078883,10248,4500,11012,-247,-182,124,9888,-9316,8496,243,105,-236,-14636,4588,3444,-961,91,-131,-14812,-2612,6340,-486,181,-69,0
3830.8826560974126,10572,4536,11252,-510,-123,161,9936,-9288,8568,-60,105,-190,-14668,4396,3248,-951,109,-114,-14672,-2656,6260,-475,158,-67,0
3830.9162409305573,10596,4596,11040,-3,-117,185,9952,-9292,8492,-31,103,-170,-14632,4404,3300,-955,83,-135,-14616,-2736,6128,-485,194,-104,0
3830.9493179321294,10572,4568,11092,-237,-142,135,10008,-9284,8624,-41,116,-209,-14696,4336,3324,-950,69,-120,-14640,-2704,6368,-503,196,-115,0
3830.9827399253845,10520,4464,11324,-228,-180,127,9892,-9408,8600,-51,109,-243,-14700,4540,3476,-953,67,-106,-14696,-2680,6068,-488,183,-129,0
3831.0159821510315,10552,4544,11084,-226,-200,123,10220,-9324,8580,-33,36,-228,-14572,4560,3436,-978,110,-120,-14612,-2752,5928,-768,150,-102,0
3831.0494799613953,10428,4568,11208,-186,-126,142,9916,-9244,8476,-65,65,-252,-14500,4436,3244,-956,122,-163,-14684,-2592,6328,-480,156,-81,0
3831.0829830169682,10600,4428,11132,-220,-189,159,9984,-9420,8308,-39,65,-210,-14676,4560,3380,-1061,159,-154,-14632,-2592,6124,-503,174,-74,0
3831.1167709827423,10616,4568,11116,-193,-188,158,9964,-9340,8452,-8,62,-238,-14408,4528,3556,-1061,177,-110,-14652,-2680,6200,-512,153,-40,0
3831.1498069763184,10548,4516,11092,-208,-176,147,9896,-9348,8668,-20,79,-228,-14600,4484,3504,-1037,196,-100,-14816,-2744,6084,-505,142,-62,0
3831.183392047882,10540,4412,11104,-177,-157,163,9960,-9328,8412,-53,78,-217,-14612,4484,3452,-1037,159,-157,-14620,-2672,6108,-514,142,-93,0
3831.216969013214,10556,4496,11152,-155,-126,155,9912,-9280,8396,-36,116,-178,-14608,4412,3300,-1033,141,-73,-14848,-2364,5992,-474,147,-108,0
3831.253673076629,10532,4472,10968,-164,-60,106,9988,-9296,8256,-55,128,-172,-14540,4352,3580,-1011,86,-66,-14772,-2648,6016,-478,124,-121,0
3831.2896370887756,10668,4556,11200,-179,17,71,10008,-9320,8512,-46,184,-157,-14680,4512,3356,-981,70,-115,-14740,-2712,6152,-465,143,-171,0
3831.3248369693756,10576,4532,11120,-189,55,72,10032,-9248,8548,-19,170,-163,-14716,4448,3316,-1029,93,-65,-14636,-2656,6340,-445,137,-124,0
3831.3606340885162,10624,4580,10800,-163,21,73,10224,-9284,8472,-256,162,-161,-14668,4472,3332,-1041,78,-65,-14656,-2692,6336,-431,140,-148,0
3831.3955609798427,10572,4464,11148,-144,28,92,9872,-9276,8640,-62,167,-162,-14836,4448,3452,-957,55,-51,-14756,-2684,6256,-487,128,-176,0
3831.4314279556274,10464,4684,11128,-106,24,57,9944,-9364,8424,-86,162,-149,-14584,4508,3484,-922,31,-102,-14616,-2664,6256,-480,122,-132,0
3831.4677119255066,10568,4500,11204,-162,27,65,9924,-9300,8480,-74,153,-143,-14696,4468,3376,-961,31,-66,-14364,-2660,6108,-483,140,-123,0
3831.5032129287724,10724,4480,11204,-165,36,99,9972,-9380,8504,-8,128,-162,-14420,4144,3472,-975,78,-24,-14660,-2692,6168,-448,156,-105,0
3831.5387711524963,10476,4588,11140,-203,-18,87,9856,-9328,8656,-51,188,-157,-14604,4412,3376,-882,46,-96,-14724,-2732,5976,-427,164,-111,0
3831.5743820667267,10612,4444,11228,-167,-19,76,10036,-9412,8464,-49,161,-145,-14356,4452,3396,-842,-33,-18,-14636,-2592,6088,-448,162,-136,0
3831.609678030014,10484,4488,11008,-203,-43,90,9972,-9296,8600,-42,188,-177,-14604,4432,3508,-846,3,-99,-14700,-2668,6164,-475,191,-111,0
3831.6450660228734,10484,4552,11076,-117,6,98,9904,-9316,8548,-106,178,-176,-14604,4412,3404,-900,5,-31,-14692,-2592,6044,-470,130,-112,0
3831.68065905571,10608,4592,11044,-182,-57,70,9984,-9320,8556,-44,177,-179,-14644,4512,3444,-971,47,-88,-14688,-2588,6088,-483,157,-106,0
3831.7171189785004,10540,4544,11140,-193,46,99,9912,-9384,8568,12,139,-147,-14668,4356,3340,-1266,3,-83,-14712,-2688,6100,-478,103,-130,0
3831.7523391246796,10256,4840,11060,-231,24,80,9840,-9348,8640,-16,188,-154,-14368,4504,3384,-983,34,243,-14640,-2656,6152,-437,90,-122,0
3831.788526058197,10296,4388,11508,-243,-102,108,9832,-9460,8556,-15,132,-189,-14604,4520,3440,-949,42,-146,-14372,-2656,6284,-486,144,-121,0
3831.8233959674835,10480,4628,11116,-149,-98,88,10212,-9372,8208,-55,111,-195,-14636,4480,3404,-1029,66,-81,-14832,-2588,6160,-511,141,-137,0
3831.8588569164276,10328,4432,11080,-134,-70,98,9856,-9272,8412,-35,136,-184,-14524,4560,3344,-1050,96,-100,-14508,-2636,6032,-496,131,-123,0
3831.894325017929,10456,4460,10956,-186,-66,114,9900,-9300,8424,-29,176,-163,-14524,4524,3292,-1050,142,-70,-14696,-2596,6080,-453,158,-79,0
3831.928097009658,10476,4516,11040,-242,-19,136,9952,-9428,8552,-10,123,-156,-14680,4412,3600,-1039,140,-82,-14756,-2640,5976,-479,173,-66,0
3831.9614229202266,10568,4528,11264,-172,-26,149,9940,-9316,8680,-38,121,-177,-14640,4460,3696,-1018,138,-90,-14692,-2656,6076,-500,140,-114,0
3831.9948849678044,10496,4580,11088,-175,-36,143,9892,-9072,8520,-26,109,-164,-14596,4400,3428,-1279,132,-74,-14708,-2744,5900,-501,143,-122,0
3832.0284130573273,10572,4532,11100,-192,-108,136,9948,-9344,8464,-54,99,-191,-14620,4416,3516,-1055,159,-106,-14796,-2612,6048,-497,164,-108,0
3832.061651945114,10440,4460,10980,-177,-83,95,9740,-9352,8368,-36,128,-224,-14364,4572,3464,-1093,159,-126,-14664,-2664,6060,-467,110,-100,0
3832.095251083374,10492,4464,11124,-181,-37,78,9980,-9316,8620,-26,156,-183,-14640,4464,3364,-1072,123,-85,-14692,-2636,6184,-480,102,-156,0
3832.1287360191345,10484,4496,11084,-164,12,86,9904,-9308,8512,-22,162,-167,-14848,4440,3348,-1050,113,-93,-14664,-2636,6180,-477,105,-111,0
3832.162081003189,10388,4496,11112,-193,-40,99,9896,-9336,8512,-40,132,-202,-14516,4400,3404,-1046,152,-99,-14556,-2672,6116,-464,158,-103,0
3832.1957960128784,10496,4684,11232,-173,-73,134,9860,-9260,8568,-71,139,-180,-14528,4476,3352,-1057,169,-80,-14692,-2512,6392,-484,114,-81,0
3832.229429960251,10736,4532,11080,-165,-70,146,9980,-9404,8536,-47,136,-193,-14672,4428,3396,-1030,138,-89,-14668,-2632,6044,-472,157,-81,0
3832.262814998626,10508,4600,10868,-178,-72,130,10172,-9224,8516,-26,130,-159,-14632,4468,3636,-1048,124,-73,-14708,-2688,6052,-483,113,-101,0
3832.2964429855347,10516,4808,11196,-159,-56,87,10024,-9324,8460,-94,133,-165,-14584,4456,3484,-1027,62,-16,-14760,-2576,6124,-491,92,-133,0
3832.329987049103,10668,4512,11136,-185,-7,67,9872,-9260,8508,-24,189,-127,-14612,4408,3220,-1065,122,-37,-14680,-2636,6080,-465,87,-138,0
3832.3636059761043,10564,4532,11252,-136,64,76,9992,-9268,8484,-41,164,-135,-14748,4436,3460,-1073,87,-44,-14672,-2704,5996,-481,86,-140,0
3832.3972771167755,10516,4596,11088,-168,45,66,9816,-9228,8528,32,176,-159,-14572,4468,3424,-1021,15,-58,-14652,-2772,6380,-449,77,-178,0
3832.4307749271393,10424,4588,11024,-165,52,39,9728,-9416,8532,-29,160,-157,-14540,4444,3392,-991,71,-58,-14660,-2604,6128,-492,131,-129,0
3832.463725090027,10472,4556,11168,-145,-250,69,9756,-9432,8540,-32,151,-171,-14692,4548,3356,-1004,90,-92,-14608,-2564,6188,-488,146,-149,0
3832.4974179267883,10400,4624,11312,-164,-61,103,9864,-9148,8584,19,131,-199,-14356,4600,3256,-1033,102,-86,-14616,-2644,6204,-501,153,-122,0
3832.531033039093,10372,4540,11108,-133,-33,107,9876,-9464,8464,-11,141,-181,-14504,4484,3488,-1022,117,-101,-14840,-2660,5912,-476,175,-136,0
3832.5646719932556,10436,4384,11512,-180,-115,116,9808,-9392,8544,7,137,-179,-14848,4512,3576,-997,79,-49,-14692,-2684,6384,-473,162,-129,0
3832.5981960296635,10476,4560,11188,-174,-43,106,9904,-9412,8512,-30,150,-165,-14808,4768,3428,-994,72,-77,-14572,-2596,6104,-459,153,-126,0
3832.6317081451416,10432,4560,11048,-149,-107,112,9968,-9288,8264,-13,141,-191,-14560,4484,3260,-978,102,-102,-14560,-2700,6176,-486,177,-115,0
3832.6653101444244,10308,4356,11084,-171,-80,100,9888,-9328,8588,-5,139,-185,-14536,4372,3472,-1011,102,-96,-14704,-2700,6152,-484,150,-160,0
3832.698538064956,10440,4764,11088,-162,-117,106,9928,-9316,8536,-19,134,-189,-14620,4424,3516,-778,145,-83,-14640,-2748,6200,-470,126,-109,0
3832.7320129871373,10540,4500,11016,-190,-93,101,9964,-9328,8504,1,148,-187,-14660,4456,3416,-1077,113,-66,-14720,-2656,6172,-499,134,-141,0
3832.7655251026154,10544,4568,11152,-192,-36,86,9936,-9248,8508,16,160,-184,-14652,4508,3460,-1065,110,-92,-14700,-2584,6152,-483,119,-162,0
3832.7989940643306,10728,4560,11036,-182,-70,87,9952,-9312,8568,-9,148,-169,-14508,4504,3480,-1124,98,-110,-14552,-2708,6188,-472,135,-122,0
3832.8326420783997,10492,4508,11084,-176,-34,98,9860,-9336,8604,-16,126,-191,-14500,4464,3516,-1067,120,-55,-14652,-2652,5912,-500,104,-114,0
3832.866482973098,10516,4560,11124,-156,-54,86,9924,-9352,8332,11,117,-177,-14572,4484,3380,-1086,125,-62,-14620,-2728,6124,-485,123,-136,0
3832.8998899459843,10452,4588,11276,-238,-63,146,9804,-9312,8524,254,152,-146,-14528,4560,3508,-1072,146,-65,-14416,-2752,6108,-481,104,-107,0
3832.9380819797516,10448,4604,11084,-224,-74,126,9884,-9392,8732,-55,140,-166,-14564,4524,3420,-1085,136,-72,-14648,-2780,6080,-498,93,-72,0
3832.973007917404,10488,4580,11188,-230,-55,121,9952,-9260,8516,-5,103,-196,-14392,4508,3772,-1088,148,-63,-14532,-2552,6212,-475,118,-87,0
3833.008105993272,10428,4372,10892,-217,-88,135,9928,-9304,8644,-4,124,-176,-14620,4508,3580,-1105,176,-93,-14496,-2748,6152,-492,125,-93,0
3833.0434200763702,10396,4632,11200,-252,-122,116,9916,-9344,8512,-14,153,-222,-14600,4460,3376,-1095,156,-60,-14744,-2696,6264,-423,127,-93,0
3833.079381942749,10460,4556,11212,-311,-145,136,9976,-9340,8536,-16,120,-241,-14776,4520,3396,-1111,175,-76,-14644,-2668,6232,-450,178,-100,0
3833.115051984787,10604,4504,11108,-245,-186,137,9900,-9304,8568,-255,107,-219,-14572,4532,3264,-1100,164,-149,-14624,-2812,6360,-465,148,-104,0
3833.1505069732666,10480,4528,11104,-3,-138,171,9852,-9372,8560,25,103,-229,-14648,4576,3508,-1092,199,-103,-14608,-2608,6116,-491,113,-93,0
3833.1858689785004,10504,4516,11188,-238,-152,160,9936,-9424,8520,-4,81,-218,-14552,4500,3556,-1075,174,-134,-14696,-2700,6312,-479,168,-77,0
3833.22183394432,10440,4520,10976,-7,-182,156,9872,-9376,8524,-3,111,-222,-14592,4432,3416,-1039,167,-129,-14760,-2624,6072,-473,157,-63,0
3833.2576370239253,10376,4536,11212,-248,-202,138,9956,-9356,8432,-22,130,-229,-14756,4472,3332,-776,170,-137,-14736,-2704,6252,-471,215,-68,0
3833.2928709983826,10468,4552,11084,-509,-203,148,9896,-9284,8496,-39,104,-221,-14584,4516,3400,-1275,131,-145,-14416,-2700,6092,-462,165,-78,0
3833.328840970993,10624,4520,11060,-253,-210,165,9960,-9264,8512,-44,64,-250,-14740,4384,3416,-996,148,-119,-14672,-2636,6084,-470,161,-87,0
3833.3644599914555,10532,4488,11028,-219,-221,127,9984,-9304,8548,-24,84,-228,-14668,4480,3316,-782,154,-129,-14756,-2664,6188,-474,155,-81,0
3833.3996970653534,10572,4540,11112,-225,-182,139,9736,-9268,8508,-10,79,-218,-14600,4444,3476,-1033,91,-105,-14792,-2592,6176,-499,141,-113,0
3833.435378074646,10528,4372,11008,-250,-161,115,9996,-9284,8464,-30,82,-230,-14352,4444,3504,-1012,102,-139,-14664,-2664,6256,-489,117,-97,0
3833.4708349704742,10536,4396,10984,-200,-161,132,9900,-9016,8584,-23,62,-180,-14688,4460,3196,-1047,109,-99,-14692,-2596,6172,-539,134,-119,0
3833.5055661201477,10596,4408,11108,-199,-106,152,9944,-9292,8484,-3,73,-191,-14844,4604,3508,-1158,121,-116,-14616,-2636,6140,-507,124,-78,0
3833.5417780876164,10256,4500,10984,-162,-93,134,9920,-9312,8500,-29,112,-192,-14700,4488,3456,-1045,116,-104,-14764,-2616,6144,-514,124,-112,0
3833.5779390335083,10540,4432,11168,-146,-140,123,10164,-9320,8676,-57,91,-199,-14840,4404,3440,-1078,147,-115,-14596,-2624,6100,-765,101,-129,0
3833.611549139023,10676,4360,11008,-180,-116,118,9996,-9288,8296,-47,128,-164,-14656,4412,3468,-992,66,-62,-14636,-2600,6264,-440,116,-144,0
3833.6449890136723,10556,4520,10800,-146,-74,70,10000,-9300,8480,-38,175,-158,-14604,4424,3556,-928,-21,-40,-14512,-2656,6180,-436,182,-170,0
3833.678691148758,10560,4572,11256,-178,-21,57,9928,-9352,8504,-14,190,-165,-14608,4408,3376,-905,70,-75,-14660,-2600,6168,-444,144,-137,0
3833.7121880054474,10556,4520,11124,-173,-29,89,9952,-9220,8564,-37,240,-183,-14632,4484,3368,-909,72,-62,-14608,-2640,5948,-461,211,-113,0
3833.7455270290375,10616,4528,11064,-175,-64,108,9996,-9268,8520,-253,205,-196,-14632,4544,3408,-981,91,-67,-14708,-2688,5952,-436,206,-114,0
3833.779120922088,10604,4500,11196,-180,-19,92,9848,-9300,8492,-22,174,-192,-14652,4432,3428,-972,96,-46,-14644,-2596,6256,-447,163,-112,0
3833.8126859664917,10628,4512,11064,-189,-37,95,10048,-9328,8552,4,183,-170,-14384,4384,3084,-998,55,-30,-14632,-2748,6060,-446,116,-123,0
3833.846204996109,10476,4572,11148,-184,-5,100,9964,-9252,8556,-33,188,-151,-14540,4424,3408,-1279,104,-59,-14800,-2676,6132,-475,108,-141,0
3833.8799929618835,10576,4448,10932,-159,-255,98,9972,-9272,8628,-13,148,-130,-14668,4380,3220,-1081,63,-70,-14372,-2712,5888,-470,148,-123,0
3833.9163789749146,10444,4532,11124,-149,-37,92,9956,-9276,8548,-45,118,-149,-14656,4424,3480,-1041,99,-72,-14640,-2676,6256,-503,99,-134,0
3833.9499990940094,10620,4560,11124,-150,-24,90,9932,-9328,8632,-57,137,-161,-14560,4448,3396,-1022,140,-84,-14752,-2616,6308,-480,60,-155,0
3833.983520984649,10616,4508,11132,-145,-56,75,10152,-9316,8656,-69,125,-180,-14772,4552,3456,-772,79,-40,-14736,-2528,6116,-525,91,-192,0
3834.0172860622406,10560,4472,11128,-141,-6,69,9968,-9220,8624,26,131,-152,-14628,4404,3292,-1069,79,-79,-14540,-2616,6176,-478,120,-117,0
3834.050806045532,10404,4468,11176,-124,7,87,9812,-9304,8484,-15,112,-177,-14448,4504,3460,-772,139,-89,-14600,-2636,6080,-495,142,-112,0
3834.0844240188603,10508,4480,11100,-149,-61,82,10096,-9276,8480,-55,130,-160,-14756,4560,3496,-1001,121,-87,-14704,-2628,5916,-472,105,-138,0
3834.1179900169373,10468,4536,11120,-101,-13,94,9888,-9352,8516,-43,136,-150,-14736,4536,3516,-1033,130,-35,-14456,-2660,6200,-474,78,-176,0
3834.1512639522552,10264,4492,11200,-131,234,57,9976,-9468,8584,-23,149,-170,-14540,4404,3440,-1050,87,-55,-14632,-2660,6224,-479,108,-164,0
3834.1849081516266,10512,4620,11196,-142,-29,82,9864,-9308,8652,-27,163,-168,-14628,4468,3388,-1019,67,-36,-14644,-2680,6336,-482,108,-163,0
3834.2184231281285,10556,4516,11088,-156,-32,55,9968,-9428,8396,-38,142,-181,-14640,4404,3344,-1030,74,-73,-14580,-2684,6192,-500,106,-142,0
3834.2519021034245,10592,4604,11128,-148,-13,74,10036,-9420,8656,-59,147,-158,-14592,4520,3364,-1041,69,-65,-14704,-2676,6164,-480,124,-119,0
3834.285525083542,10468,4576,11140,-130,-65,118,9836,-9288,8592,-42,132,-152,-14616,4416,3528,-1012,97,-73,-14636,-2640,6192,-480,161,-144,0
3834.3192250728603,10516,4516,11152,-141,-52,93,10012,-9416,8528,-41,128,-192,-14652,4456,3472,-1022,71,-60,-14844,-2636,6384,-487,148,-149,0
3834.352765083313,10748,4532,11168,-157,-60,81,9904,-9052,8444,-10,152,-174,-14604,4500,3584,-1064,110,-51,-14664,-2752,6216,-478,125,-132,0
3834.38605594635,10528,4540,11056,-169,-8,102,9824,-9256,8576,4,144,-153,-14624,4444,3360,-1067,126,-67,-14620,-2636,6392,-461,149,-119,0
3834.4197111129765,10612,4852,11196,-195,-47,128,9948,-9236,8544,-25,62,-190,-14368,4452,3544,-1083,164,-47,-14568,-2700,6224,-496,88,-109,0
3834.45353102684,10468,4608,11124,-181,41,96,9788,-9360,8516,-48,143,-161,-14532,4536,3408,-1017,126,-63,-14708,-2700,6212,-481,138,-105,0
3834.487092971802,10584,4556,11160,-181,-15,99,9804,-9328,8552,-32,118,-168,-14364,4484,3528,-1067,83,-75,-14672,-2812,6220,-487,138,-117,0
3834.52050113678,10624,4556,11072,-162,-255,97,9912,-9268,8604,-30,145,-179,-14620,4436,3332,-988,130,-125,-14580,-2632,6292,-520,190,-89,0
3834.5539290905003,10532,4488,11300,-180,-46,93,9832,-9336,8452,-37,138,-203,-14592,4496,3296,-1002,138,-137,-14616,-2588,6176,-480,153,-108,0
3834.5901379585266,10276,4680,11132,-210,-108,126,9772,-9320,8476,-52,113,-210,-14568,4520,3328,-997,114,-116,-14584,-2656,6152,-485,188,-90,0
3834.624903917312,10520,4604,11012,-208,-123,150,9844,-9288,8232,-113,93,-205,-14596,4516,3328,-975,122,-87,-14736,-2636,6128,-509,135,-83,0
3834.6607549190526,10496,4544,11064,-219,-89,127,9912,-9280,8544,-65,115,-169,-14684,4448,3512,-949,83,-97,-14576,-2648,5916,-479,180,-68,0
3834.6960599422455,10476,4604,11076,-239,-114,133,9920,-9316,8476,-88,128,-184,-14740,4544,3476,-963,86,-145,-14692,-2700,6128,-454,194,-63,0
3834.7324230670934,10504,4500,11116,-245,-84,138,9904,-9328,8544,-34,148,-205,-14704,4528,3720,-932,89,-109,-14804,-2648,6092,-448,194,-88,0
3834.767746925354,10452,4624,11156,-259,-110,138,9940,-9416,8464,254,160,-204,-14608,4468,3520,-949,71,-158,-14640,-2648,6228,-464,215,-51,0
3834.803318023681,10264,4524,11156,-276,-130,138,9944,-9340,8688,-41,123,-214,-14568,4468,3428,-908,66,-143,-14720,-2672,6076,-454,185,-100,0
3834.8392329216003,10524,4512,11180,-260,-137,123,9868,-9320,8588,-42,134,-222,-14356,4412,3532,-948,70,-144,-14768,-2636,6232,-448,188,-80,0
3834.874356985092,10252,4532,11068,-310,-155,177,9764,-9308,8492,38,107,-172,-14636,4464,3424,-986,102,-109,-14640,-2660,6332,-445,179,-84,0
3834.9095439910893,10300,4624,11200,-266,-53,157,10236,-9240,8532,-41,81,-213,-14396,4360,3248,-947,124,-118,-14748,-2484,5992,-491,157,-84,0
3834.944922924042,10568,4520,11004,-293,-179,133,9976,-9328,8496,-12,91,-207,-14668,4456,3132,-992,115,-63,-14672,-2360,6192,-474,189,-73,0
3834.9806480407715,10536,4492,11048,-244,-149,153,10032,-9300,8604,38,106,-175,-14676,4412,3460,-1043,96,-119,-14704,-2672,6168,-489,138,-94,0
3835.015566110611,10456,4460,11160,-243,-124,117,9988,-9284,8644,-3,132,-177,-14648,4472,3344,-1027,156,-51,-14584,-2612,6128,-460,66,-123,0
3835.0517089366913,10452,4520,11080,-237,-105,137,9896,-9208,8448,-36,79,-201,-14500,4432,3396,-972,136,-109,-14560,-2792,5904,-259,114,-94,0
3835.0875980854034,10628,4528,11508,-190,-133,126,10060,-9372,8536,-26,244,-205,-14788,4568,3536,-1081,173,-129,-14612,-2604,6080,-492,152,-120,0
3835.122792005539,10588,4444,11028,-169,-143,150,9964,-9232,8564,-49,21,-225,-14356,4500,3372,-1273,150,-84,-14644,-2652,6076,-534,148,-85,0
3835.1587619781494,10616,4400,11016,-180,-166,132,9880,-9324,8520,-43,55,-207,-14832,4424,3268,-1005,138,-141,-14724,-2524,6236,-508,152,-91,0
3835.1941170692444,10496,4436,11188,-204,-97,132,9820,-9260,8592,-35,91,-206,-14348,4420,3484,-997,134,-135,-14512,-2668,6196,-522,138,-124,0
3835.2302060127254,10548,4516,11180,-159,-77,117,10080,-9260,8440,-56,150,-178,-14620,4336,3144,-1065,107,-35,-14444,-2708,6132,-482,147,-153,0
3835.2656230926514,10540,4448,11000,-169,-64,101,9948,-9264,8520,-40,166,-152,-14812,4468,3260,-971,115,-61,-14680,-2780,5912,-767,134,-155,0
3835.2991220951085,10516,4452,10948,-170,-43,88,10180,-9004,8556,-46,158,-187,-14428,4428,3368,-984,116,-95,-14732,-2684,6068,-490,174,-129,0
3835.3327300548553,10592,4452,11056,-151,-32,67,9996,-9300,8544,252,164,-179,-14616,4372,3428,-1037,77,-57,-14724,-2608,6072,-453,177,-104,0
3835.3662400245667,10620,4464,11132,-174,-14,71,9960,-9300,8472,-256,190,-175,-14688,4500,3372,-1013,54,-54,-14584,-2536,6100,-427,173,-121,0
3835.3998939990997,10464,4484,10792,-147,-73,54,10012,-9264,8544,-11,166,-181,-14580,4404,3396,-984,67,-49,-14784,-2592,6172,-463,177,-135,0
3835.4336180686955,10536,4504,11200,-184,-42,102,9796,-9208,8596,-37,169,-198,-14624,4388,3416,-1005,61,-38,-14680,-2732,6232,-477,144,-121,0
3835.467313051224,10552,4528,11148,-151,-17,78,9972,-9144,8572,-9,135,-152,-14692,4512,3408,-1019,60,-58,-14636,-2636,6220,-484,148,-134,0
3835.5011351108556,10716,4540,11024,-168,-38,89,10016,-9360,8472,-32,160,-135,-14584,4544,3396,-1033,40,-65,-14684,-2680,6184,-488,116,-130,0
3835.5343589782715,10508,4556,11172,-129,22,72,9928,-9344,8512,-63,162,-129,-14672,4412,3464,-1075,136,-33,-14632,-2648,6200,-521,53,-154,0
3835.567915916443,10532,4488,11460,-97,-8,98,10012,-9400,8352,-105,124,-149,-14764,4448,3560,-1009,72,-24,-14576,-2780,6060,-508,97,-132,0
3835.6015391349792,10312,4436,11216,-139,-31,88,9996,-9312,8648,-40,149,-145,-14368,4464,3412,-1096,136,-70,-14572,-2596,6012,-499,67,-120,0
3835.6348140239716,10628,4512,11040,-101,25,98,10048,-9208,8432,-42,145,-131,-14668,4448,3352,-1083,54,-61,-14672,-2676,5904,-517,117,-144,0
3835.6686239242554,10448,4496,11068,-106,10,97,10008,-9264,8672,-73,167,-148,-14600,4452,3464,-1020,44,-47,-14652,-2612,6256,-498,98,-146,0
3835.7021679878235,10544,4536,11092,-107,246,45,9968,-9356,8436,-61,172,-145,-14604,4408,3084,-984,53,-28,-14560,-2640,6200,-533,127,-189,0
3835.7357730865483,10496,4460,11120,-107,-23,75,9928,-9248,8588,-56,167,-148,-14632,4356,3484,-1026,104,-48,-14592,-2712,6088,-502,107,-144,0
3835.7692649364476,10400,4536,11100,-126,244,76,9888,-9324,8528,-27,133,-140,-14604,4436,3420,-1041,134,-65,-14620,-2648,5948,-502,145,-159,0
3835.8029270172124,10308,4568,11124,-136,-25,80,9932,-9344,8520,-17,133,-159,-14588,4400,3340,-1034,91,-105,-14628,-2600,6280,-476,126,-171,0
3835.8366670608525,10248,4568,11204,-139,-37,100,9912,-9248,8524,-5,158,-173,-14560,4516,3404,-1079,95,-103,-14688,-2696,6200,-454,149,-159,0
3835.870098114013,10556,4528,11224,-121,-70,64,9936,-9332,8436,0,183,-210,-14348,4472,3448,-1060,113,-66,-14848,-2688,6352,-500,133,-157,0
3835.9034149646764,10624,4572,11188,-156,-26,105,9932,-9248,8536,-4,152,-175,-14788,4408,3340,-1018,64,-79,-14456,-2692,6072,-485,169,-159,0
3835.9371199607854,10696,4808,11152,-134,-98,104,9928,-9248,8580,-43,193,-187,-14628,4424,3412,-978,104,-131,-14708,-2684,6156,-463,192,-142,0
3835.9705541133885,10440,4664,10968,-169,-70,85,9900,-9284,8464,-55,172,-212,-14564,4392,3464,-1005,61,-103,-14660,-2748,6000,-454,187,-119,0
3836.0042641162872,10520,4696,11104,-192,-82,104,9896,-8968,8652,-16,196,-194,-14600,4456,3548,-979,81,-86,-14600,-2656,6032,-470,176,-101,0
3836.037588119506,10476,4600,11052,-197,-60,116,9888,-9228,8412,-18,170,-168,-14580,4432,3408,-972,106,-47,-14736,-2708,6156,-428,195,-100,0
3836.0711259841923,10384,4624,11204,-188,-74,95,9940,-9364,8692,-5,149,-202,-14532,4496,3348,-978,110,-91,-14780,-2648,6016,-429,190,-119,0
3836.10477900505,10532,4620,11152,-205,-79,117,9936,-9300,8592,-26,164,-193,-14620,4504,3484,-1004,91,-91,-14692,-2672,6176,-467,170,-148,0
3836.138160943985,10468,4520,11056,-202,-88,109,9956,-9272,8700,-37,161,-161,-14624,4508,3512,-1039,89,-87,-14688,-2616,6216,-499,129,-121,0
3836.1716160774236,10456,4576,11216,-213,-48,138,9964,-9356,8572,-253,152,-126,-14848,4452,3552,-1034,104,-66,-14608,-2764,6196,-488,98,-119,0
3836.205351114273,10404,4372,11028,-194,-61,100,10032,-9360,8640,-64,136,-166,-14684,4472,3472,-1041,96,-48,-14760,-2692,6260,-502,117,-125,0
3836.2389159202576,10748,4572,11104,-219,-53,109,9948,-9312,8592,-11,118,-165,-14608,4480,3088,-1072,211,-31,-14596,-2660,6088,-492,69,-104,0
3836.274991989136,10484,4500,11164,-165,33,126,10116,-9288,8548,-75,77,-153,-14512,4536,3112,-1072,130,-58,-14660,-2676,6360,-482,155,-104,0
3836.3107631206512,10452,4776,11184,-153,-42,117,9932,-9236,8536,-22,129,-168,-14652,4352,3564,-1039,144,-96,-14816,-2732,6164,-497,88,-126,0
3836.3453810214996,10308,4636,11220,-206,-40,81,9980,-9264,8592,-60,126,-165,-14632,4524,3428,-1022,98,-47,-14652,-2580,6136,-501,139,-141,0
3836.3810019493103,10488,4524,10996,-133,-41,97,9940,-9380,8504,-40,112,-166,-14580,4512,3572,-1062,89,-102,-14388,-2692,6168,-491,167,-127,0
3836.4174389839172,10416,4568,11244,-153,23,127,9928,-9400,8492,-1,120,-175,-14452,4352,3440,-1049,152,-111,-14564,-2700,6288,-258,144,-105,0
3836.4528529644012,10472,4620,11108,-190,-64,111,9896,-9260,8560,-23,136,-171,-14632,4480,3560,-1028,116,-72,-14436,-2656,6368,-467,170,-90,0
3836.4882431030273,10312,4356,11164,-245,-56,102,9888,-9300,8580,-22,140,-183,-14740,4448,3420,-988,109,-146,-14644,-2628,6276,-461,184,-82,0
3836.5238530635834,10452,4612,11136,-229,-110,122,9924,-9280,8668,-76,115,-202,-14516,4436,3584,-965,90,-102,-14820,-2748,6076,-445,200,-81,0
3836.5596709251404,10520,4772,11088,-231,-183,133,9892,-9300,8464,-99,138,-206,-14564,4488,3724,-922,87,-134,-14812,-2684,6216,-463,189,-83,0
3836.5950889587402,10404,4576,11072,-6,-165,108,9888,-9236,8680,-107,164,-218,-14612,4516,3456,-901,44,-85,-14640,-2476,6436,-463,201,-95,0
3836.630804061889,10692,4468,11108,-250,-139,131,9952,-9348,8472,-70,201,-206,-14596,4592,3416,-946,32,-120,-14680,-2708,6100,-419,228,-61,0
3836.669394016266,10540,4472,11176,-270,-159,138,9920,-9428,8492,-46,204,-209,-14656,4424,3452,-918,50,-141,-14576,-2612,5936,-455,246,-67,0
3836.7043900489803,10464,4832,11060,-220,-175,127,9944,-9284,8472,-84,195,-213,-14624,4440,3412,-895,115,-127,-14408,-2656,6328,-487,500,-79,0
3836.7403080463414,10556,4548,11264,-244,-167,147,9956,-9356,8736,-17,136,-220,-14696,4440,3396,-980,127,-128,-14748,-2656,6232,-465,194,-81,0
3836.7755770683293,10652,4540,11020,-222,-182,162,9804,-9388,8608,-46,120,-213,-14628,4516,3452,-990,98,-108,-14660,-2640,6156,-522,187,-75,0
3836.8117101192474,10556,4564,11216,-249,-155,159,9948,-9440,8488,-11,108,-194,-14748,4420,3360,-998,83,-117,-14760,-2652,6396,-486,149,-121,0
3836.8476901054382,10436,4504,11156,-228,-116,166,9924,-9340,8508,255,69,-212,-14792,4488,3496,-1032,158,-80,-14620,-2712,6196,-518,111,-110,0
3836.8828461170197,10528,4556,11196,-221,-128,127,9908,-9428,8448,-10,119,-210,-14620,4544,3416,-982,146,-174,-14636,-2540,6340,-487,105,-100,0
3836.9177269935603,10624,4444,11168,-250,-135,136,9964,-9348,8468,-248,21,-217,-14624,4464,3440,-1019,101,-162,-14688,-2544,6104,-463,149,-113,0
3836.953454017639,10528,4516,11212,-224,-130,153,9940,-9276,8412,33,53,-205,-14608,4488,3320,-1034,80,-98,-14760,-2664,6152,-446,138,-90,0
3836.987149953842,10472,4516,10968,-237,-117,137,9876,-9324,8404,13,53,-214,-14844,4424,3148,-1006,140,-88,-14676,-2332,6152,-464,145,-97,0
3837.020798921585,10528,4508,11196,-224,-135,136,9908,-9312,8216,-7,83,-223,-14388,4452,3448,-997,102,-92,-14848,-2716,6140,-761,140,-91,0
3837.0543560981755,10464,4480,11080,-203,-166,130,9944,-9220,8572,1,89,-221,-14848,4500,3100,-994,134,-127,-14652,-2612,6168,-260,179,-108,0
3837.0877640247345,10644,4472,11016,-155,-112,127,9980,-9272,8512,-13,90,-210,-14596,4516,3408,-1038,142,-141,-14664,-2604,6136,-451,169,-96,0
3837.1213459968562,10524,4496,11092,-192,-169,147,9888,-9260,8556,-12,94,-212,-14608,4400,3476,-998,123,-62,-14708,-2700,6244,-466,172,-108,0
3837.154443025589,10476,4424,10940,-210,-117,133,10008,-9236,8524,-52,129,-206,-14656,4428,3344,-1005,132,-80,-14568,-2672,6124,-463,172,-101,0
3837.1883120536804,10500,4540,11264,-174,-54,101,9892,-9268,8384,-6,163,-187,-14476,4284,3344,-1044,87,-79,-14680,-2632,6036,-456,182,-105,0
3837.221740961074,10508,4528,11132,-190,-49,84,9992,-9056,8480,-28,168,-175,-14620,4416,3436,-999,75,-82,-14656,-2668,6388,-458,169,-127,0
3837.2552831172943,10620,4452,10824,-193,-58,114,9980,-9328,8560,-44,171,-177,-14340,4468,3116,-991,74,-75,-14708,-2604,5896,-458,139,-91,0
3837.288913965225,10604,4500,10868,-180,-53,80,10016,-9420,8592,-40,172,-182,-14748,4472,3408,-973,53,-45,-14724,-2812,6140,-489,153,-135,0
3837.322462081909,10620,4504,11084,-151,-54,82,10036,-9068,8496,5,186,-153,-14576,4468,3312,-979,74,-42,-14532,-2696,5912,-484,165,-132,0
3837.3558831214905,10472,4492,11084,-127,18,62,9872,-9216,8448,-71,199,-175,-14604,4352,3320,-945,34,-110,-14728,-2628,6176,-508,167,-153,0
3837.3893170356746,10556,4516,11156,-160,-60,54,9972,-9256,8480,-99,214,-151,-14344,4564,3140,-972,51,-53,-14696,-2644,6120,-510,108,-120,0
3837.4228429794316,10612,4420,11060,-154,-22,80,10024,-8968,8688,-81,168,-126,-14640,4464,3352,-997,86,-27,-14576,-2728,6076,-523,100,-145,0
3837.4564430713654,10608,4544,10892,-132,-10,123,9980,-9300,8256,-62,140,-151,-14672,4504,3560,-1030,105,-31,-14704,-2612,6144,-491,111,-139,0
3837.4900119304652,10560,4548,10996,-175,-9,88,9844,-9296,8312,-24,116,-136,-14596,4472,3324,-1052,85,-37,-14564,-2604,6144,-259,123,-142,0
3837.5235030651093,10484,4464,11244,-150,-13,64,9924,-9272,8364,-17,115,-162,-14684,4560,3344,-1063,157,-60,-14348,-2768,6036,-485,90,-154,0
3837.5572240352635,10500,4444,11108,-134,9,74,9920,-9424,8588,-33,116,-174,-14524,4528,3360,-1025,158,-101,-14612,-2584,6184,-516,114,-147,0
3837.5908241271973,10348,4432,11036,-117,-12,85,9944,-9312,8544,244,108,-190,-14568,4444,3280,-1061,175,-58,-14676,-2604,6096,-471,80,-143,0
3837.624345064163,10496,4432,11152,-169,-18,84,9752,-9352,8532,-31,59,-202,-14356,4392,3424,-1121,60,-41,-14612,-2580,6140,-468,115,-138,0
3837.6576609611516,10500,4516,11144,-141,-34,90,9928,-9028,8676,39,96,-179,-14612,4856,3456,-1113,80,-78,-14604,-2572,6232,-481,123,-142,0
3837.6912319660178,10528,4556,11124,-174,-17,90,9932,-9248,8460,34,119,-143,-14676,4408,3420,-1085,95,-64,-14712,-2624,6264,-452,86,-148,0
3837.7249710559845,10456,4504,11108,-159,-3,99,9908,-9220,8500,-12,127,-176,-14380,4412,3568,-1061,124,-30,-14648,-2736,6364,-455,111,-147,0
3837.7584609985356,10484,4544,11156,-141,-16,76,9952,-9456,8452,-3,155,-166,-14684,4400,3488,-1064,85,-31,-14636,-2636,5964,-464,130,-159,0
3837.7919740676884,10512,4504,11032,-179,-24,93,10016,-9304,8576,-9,146,-183,-14584,4544,3340,-1045,110,-90,-14684,-2704,6116,-448,136,-144,0
3837.8255691528325,10448,4664,11140,-141,-50,89,9772,-9264,8632,15,144,-174,-14672,4468,3556,-1048,103,-83,-14656,-2656,6200,-453,170,-137,0
3837.8592960834503,10484,4528,11508,-180,-58,102,9988,-9340,8612,-18,188,-154,-14732,4632,3232,-1050,105,-143,-14620,-2672,6204,-438,204,-120,0
3837.8928010463715,10240,4464,11248,-184,-52,74,9992,-9340,8276,-3,150,-171,-14632,4440,3388,-1011,60,-68,-14572,-2628,6212,-440,207,-115,0
3837.9261429309845,10252,4644,11160,-200,-46,89,9936,-9248,8412,-2,186,-160,-14412,4484,3492,-1005,66,-59,-14628,-2656,6096,-425,250,-127,0
3837.963315963745,10384,4588,11192,-238,-30,100,9852,-9276,8628,252,199,-160,-14832,4476,3804,-966,34,-76,-14616,-2640,6208,-410,240,-91,0
3837.9991800785065,10316,4552,11084,-241,-30,105,9900,-9344,8580,2,166,-168,-14820,4448,3080,-939,83,-76,-14652,-2636,6112,-448,187,-109,0
3838.0341980457306,10544,4776,10848,-191,-46,97,10188,-9272,8196,-25,169,-188,-14584,4496,3524,-976,85,-65,-14584,-2608,6336,-424,196,-103,0
3838.0697519779205,10404,4844,11196,-195,-74,111,9824,-9376,8680,-24,170,-183,-14820,4444,3400,-986,84,-49,-14688,-2664,6060,-432,145,-145,0
3838.1050469875336,10440,4612,11116,-176,-99,103,9920,-9296,8604,-72,145,-211,-14680,4412,3368,-986,75,-98,-14700,-2732,5964,-463,114,-124,0
3838.1404559612274,10500,4496,11192,-190,-102,80,9932,-9364,8568,-37,144,-197,-14716,4508,3564,-1023,93,-72,-14700,-2384,5940,-547,116,-148,0
3838.17614197731,10544,4600,11148,-200,-84,117,9880,-9336,8520,-9,154,-148,-14612,4468,3464,-1048,92,-57,-14668,-2744,6132,-533,92,-110,0
3838.211841106415,10400,4648,11092,-152,-37,80,9848,-9340,8528,-82,154,-147,-14664,4516,3472,-1000,99,-70,-14656,-2556,6024,-548,90,-143,0
3838.2480549812317,10480,4612,11260,-166,-84,81,9884,-9352,8612,-29,123,-172,-14764,4528,3384,-1031,134,-72,-14572,-2596,6132,-527,105,-105,0
3838.283437013626,10452,4500,11060,-106,-33,125,10004,-9236,8564,-1,67,-173,-14824,4512,3400,-1246,223,-49,-14648,-2748,6156,-552,87,-106,0
3838.319159984588,10436,4568,11128,-115,22,95,9728,-9308,8480,-74,136,-152,-14388,4508,3464,-1031,140,-26,-14656,-2604,6328,-498,45,-109,0
3838.3540320396423,10240,4512,11064,-176,-15,101,9960,-9256,8600,-71,109,-150,-14752,4396,3392,-1071,163,-40,-14604,-2636,6076,-764,72,-139,0
3838.389769077301,10460,4556,11196,-148,1,106,9892,-9280,8500,-36,135,-135,-14564,4364,3572,-1096,133,-93,-14388,-2708,6172,-257,94,-120,0
3838.4253871440883,10404,4556,11040,-157,-8,109,9876,-9308,8452,-3,116,-187,-14516,4516,3364,-1060,153,-75,-14576,-2676,6216,-505,109,-89,0
3838.4618189334874,10448,4516,11232,-159,-13,100,9852,-9316,8456,-58,151,-207,-14568,4444,3524,-1027,144,-96,-14844,-2688,6272,-482,130,-95,0
3838.4976811408997,10456,4856,11084,-201,-31,125,9952,-9356,8472,-7,157,-201,-14652,4512,3588,-1051,112,-67,-14592,-2612,6104,-453,157,-114,0
3838.5328500270844,10420,4580,11236,-240,-95,130,9956,-9352,8528,-60,126,-182,-14520,4480,3716,-998,107,-102,-14540,-2708,6284,-454,153,-88,0
3838.568643093109,10256,4584,11512,-236,-106,114,9812,-9304,8540,-84,123,-195,-14344,4408,3504,-929,78,-114,-14596,-2716,6240,-468,156,-69,0
3838.6052329540253,10336,4536,11200,-502,-141,137,9888,-9312,8492,-86,147,-224,-14592,4524,3440,-885,63,-104,-14612,-2656,6100,-490,160,-82,0
3838.6385209560394,10484,4520,11048,-254,-122,113,9884,-9388,8472,-81,137,-220,-14636,4440,3636,-892,27,-138,-14700,-2660,6048,-487,181,-79,0
3838.6721489429474,10440,4456,11104,-257,-147,98,9944,-9412,8444,-80,177,-230,-14368,4448,3444,-870,63,-128,-14688,-2720,6140,-472,203,-79,0
3838.705742120743,10504,4468,11264,-506,-144,135,9940,-9276,8536,-93,176,-178,-14364,4424,3448,-908,50,-118,-14828,-2628,5888,-470,227,-53,0
3838.7394609451294,10412,4556,11232,-240,-172,138,9868,-9336,8452,-48,146,-219,-14764,4184,3368,-898,100,-133,-14704,-2632,5928,-472,237,-58,0
3838.772906064987,10472,4552,11216,-1,-184,149,9816,-8964,8280,-66,143,-218,-14344,4536,3472,-969,120,-161,-14740,-2608,6304,-493,194,-84,0
3838.8066830635066,10608,4536,11176,-221,-184,174,9732,-9356,8680,-105,139,-194,-14552,4412,3332,-950,105,-133,-14696,-2584,6140,-536,167,-81,0
3838.8400831222534,10520,4532,11184,-245,-169,146,10024,-9300,8536,-41,108,-198,-14524,4512,3404,-1002,99,-95,-14772,-2736,6108,-506,151,-103,0
3838.873717069626,10508,4356,10964,-232,-122,153,9912,-9288,8572,-17,131,-178,-14636,4376,3412,-982,100,-89,-14440,-2668,6068,-492,109,-97,0
3838.911667108536,10336,4496,11240,-225,-129,144,9968,-9284,8540,-18,87,-203,-14660,4432,3736,-1052,174,-87,-14832,-2700,6316,-503,136,-89,0
3838.9455289840694,10464,4416,11064,-251,-117,130,9728,-9424,8528,-8,86,-192,-14636,4500,3460,-1005,209,-137,-14620,-2568,6308,-467,101,-101,0
3838.979182958603,10548,4432,11008,-218,-136,163,9980,-9328,8600,-6,54,-207,-14692,4380,3456,-1104,152,-93,-14572,-2608,6132,-450,90,-119,0
3839.0128910541534,10568,4500,11004,-229,-129,136,9852,-9332,8236,-4,90,-178,-14712,4752,3536,-1064,106,-87,-14564,-2720,6216,-459,79,-99,0
3839.0464589595795,10524,4504,11152,-233,-105,138,9884,-9388,8520,-256,71,-186,-14692,4472,3548,-1066,148,-50,-14660,-2628,6156,-500,84,-105,0
3839.079741001129,10472,4440,11040,-221,-138,139,9936,-9360,8580,-28,57,-185,-14520,4464,3316,-1073,123,-114,-14680,-2764,6256,-518,126,-78,0
3839.1132061481476,10568,4520,10980,-171,-112,150,9956,-9276,8580,-30,97,-209,-14660,4504,3464,-1025,142,-121,-14552,-2688,6172,-492,142,-100,0
3839.146665096283,10548,4476,11164,-189,-137,127,9932,-9400,8468,6,92,-204,-14840,4408,3188,-1008,96,-98,-14696,-2592,6228,-457,184,-112,0
3839.1800429821014,10616,4476,10936,-213,-113,113,9968,-9248,8392,-40,128,-206,-14640,4456,3432,-999,113,-71,-14404,-2580,6196,-450,164,-120,0
3839.2136850357056,10560,4464,11072,-190,-137,118,9896,-9188,8540,-6,123,-204,-14608,4428,3076,-975,99,-111,-14668,-2600,6388,-440,186,-105,0
3839.24734210968,10740,4520,11228,-156,-128,99,9940,-9260,8536,-55,119,-204,-14696,4408,3288,-982,89,-127,-14368,-2644,6312,-472,168,-119,0
3839.280569076538,10536,4516,11096,-168,-75,83,9944,-9276,8656,-24,168,-197,-14564,4416,3380,-950,56,-86,-14684,-2644,5912,-477,156,-128,0
3839.3139469623566,10528,4384,11088,-180,-57,79,9996,-9376,8508,-29,224,-191,-14688,4488,3076,-926,17,-50,-14644,-2516,6200,-481,195,-175,0
3839.3475689888005,10548,4464,11028,-154,-66,90,9732,-9380,8428,-60,200,-168,-14808,4492,3088,-919,38,-74,-14620,-2616,6040,-504,199,-138,0
3839.381083011627,10484,4448,11168,-133,-47,86,10028,-9264,8424,-62,233,-152,-14628,4428,3300,-921,84,-82,-14692,-2588,6208,-491,153,-157,0
3839.4143691062923,10620,4600,11092,-157,-57,104,9900,-9312,8508,-47,212,-164,-14612,4324,3320,-978,130,-73,-14676,-2788,6152,-504,156,-100,0
3839.4479200839996,10512,4548,11168,-147,-46,106,9988,-9304,8492,-43,178,-147,-14532,4396,3376,-1012,96,-20,-14764,-2340,6252,-261,116,-116,0
3839.481094121933,10536,4532,11232,-153,-10,96,10172,-9364,8548,-61,161,-126,-14616,4500,3328,-1010,90,-44,-14624,-2648,6160,-559,106,-161,0
3839.5148251056667,10620,4416,11216,-176,-24,81,9840,-9296,8552,-29,150,-145,-14628,4444,3576,-1018,80,-71,-14664,-2640,6100,-515,82,-147,0
3839.5485329627995,10244,4584,11232,-141,-5,88,10200,-9312,8544,-48,155,-146,-14612,4400,3072,-1096,203,-63,-14672,-2652,5888,-505,54,-138,0
3839.5818989276886,10296,4448,11108,-173,249,74,10060,-9376,8416,-22,144,-176,-14632,4468,3396,-1081,138,-18,-14696,-2640,6224,-260,134,-111,0
3839.6151149272923,10484,4512,11012,-181,6,89,10232,-9392,8520,-5,79,-147,-14600,4384,3288,-1086,174,-36,-14724,-2720,6148,-459,99,-133,0
3839.6522641181946,10568,4476,11044,-155,-9,124,9728,-9292,8576,-1,60,-164,-14612,4400,3464,-1059,22,-36,-14820,-2712,6256,-426,69,-143,0
3839.6874170303345,10488,4512,11008,-176,-26,106,9964,-9300,8428,10,118,-163,-14664,4456,3384,-1108,66,-247,-14764,-2672,6208,-435,66,-145,0
3839.723237037658,10468,4532,11080,-155,6,94,9780,-9260,8576,248,118,-128,-14684,4448,3384,-1065,95,-43,-14616,-2652,5900,-761,52,-157,0
3839.7587320804596,10492,4560,11132,-160,-14,111,9860,-9260,8452,-6,121,-120,-14340,4452,3316,-1052,113,-43,-14356,-2660,5892,-261,101,-142,0
3839.794410943985,10364,4476,11168,-107,-44,92,10004,-9328,8456,-7,136,-174,-14580,4504,3344,-1054,100,-111,-14628,-2676,6328,-486,147,-117,0
3839.8295290470123,10520,4524,11244,-170,-78,98,9912,-9276,8632,1,163,-191,-14596,4548,3412,-1063,135,-69,-14612,-2660,5900,-460,149,-141,0
3839.8649499416347,10256,4572,10988,-169,-71,99,9904,-9300,8596,-11,158,-192,-14644,4504,3604,-1038,85,-95,-14652,-2692,6148,-460,193,-132,0
3839.9004790782933,10492,4652,11156,-173,-76,119,9820,-9360,8432,-24,127,-174,-14668,4456,3404,-1016,69,-70,-14340,-2784,6272,-479,157,-140,0
3839.93581700325,10668,4532,11228,-159,-62,100,9908,-9296,8684,-57,133,-182,-14372,4468,3496,-973,48,-73,-14700,-2616,5944,-483,149,-176,0
3839.971735954284,10504,4504,10992,-131,-42,79,9984,-9348,8608,-57,141,-195,-14524,4472,3496,-991,42,-61,-14632,-2648,6284,-477,195,-119,0
3840.00767993927,10552,4580,11044,-164,-52,97,9992,-9388,8504,-21,181,-158,-14644,4476,3464,-939,86,-78,-14360,-2676,6132,-257,169,-141,0
3840.0425131320953,10452,4416,10808,-147,-88,94,9884,-9332,8608,-48,147,-155,-14552,4460,3576,-931,79,-110,-14616,-2608,6036,-501,196,-140,0
3840.0774829387665,10496,4520,11116,-130,-70,81,9888,-9320,8512,-65,157,-175,-14472,4412,3572,-979,61,-86,-14616,-2760,5980,-498,200,-116,0
3840.113466978073,10740,4592,11236,-155,-80,81,9960,-9224,8544,-41,163,-179,-14368,4440,3420,-965,98,-97,-14596,-2676,6020,-484,168,-126,0
3840.149202108383,10532,4640,10968,-174,-83,114,9920,-9020,8500,-64,140,-195,-14704,4508,3656,-994,115,-51,-14652,-2560,5912,-504,152,-131,0
3840.1842570304875,10472,4516,11036,-163,-42,87,9956,-9368,8608,-54,140,-169,-14616,4148,3340,-1020,75,-87,-14684,-2756,5952,-259,129,-116,0
3840.2208819389343,10556,4528,11080,-174,-14,112,9864,-9316,8440,-51,164,-156,-14644,4468,3432,-988,92,-38,-14728,-2692,6160,-519,113,-113,0
3840.2553939819336,10636,4480,11244,-149,-78,83,9900,-9276,8672,-62,152,-185,-14652,4444,3320,-960,80,-57,-14532,-2584,6172,-498,126,-125,0
3840.2919070720673,10492,4552,11084,-195,-32,91,9952,-9280,8564,-37,121,-203,-14564,4420,3364,-1059,160,-63,-14584,-2668,6068,-496,161,-103,0
3840.3255319595332,10244,4572,11124,-166,-69,118,10000,-9316,8432,16,107,-194,-14660,4552,3376,-1145,155,-60,-14592,-2684,6336,-489,135,-131,0
3840.3590810298924,10428,4548,11180,-186,-252,89,9956,-9356,8512,-50,169,-184,-14644,4500,3548,-962,121,-49,-14740,-2660,6172,-425,70,-142,0
3840.3922939300533,10516,4556,11052,-203,-51,101,10028,-9352,8560,-24,86,-155,-14348,4480,3408,-1063,106,-49,-14600,-2744,6156,-504,93,-120,0
3840.425781965256,10468,4652,11100,-146,-38,120,9912,-9308,8500,4,117,-177,-14508,4476,3516,-1131,66,-63,-14632,-2648,6308,-471,112,-125,0
3840.4591839313507,10632,4616,11220,-177,-34,117,9924,-9416,8524,18,108,-172,-14604,4408,3432,-1121,134,-85,-14604,-2676,6180,-486,100,-127,0
3840.4929020404816,10496,4832,11024,-169,-18,120,9856,-9380,8308,-21,113,-211,-14704,4460,3292,-1073,122,-59,-14596,-2744,5948,-496,118,-152,0
3840.526600122452,10700,4572,11064,-132,-34,82,9920,-9308,8528,-15,161,-164,-14656,4540,3440,-1031,113,-82,-14652,-2644,5924,-474,125,-151,0
3840.559807062149,10680,4352,11176,-167,-63,103,9936,-9324,8336,-28,135,-188,-14800,4448,3192,-1052,109,-57,-14400,-2764,5892,-440,163,-111,0
3840.5933260917664,10504,4688,11072,-183,-70,110,9912,-9284,8584,-40,101,-187,-14624,4464,3284,-1014,109,-84,-14620,-2704,6152,-452,161,-125,0
3840.6267631053925,10392,4360,11020,-201,-84,97,10024,-9252,8672,-48,147,-197,-14576,4520,3428,-982,92,-99,-14564,-2704,6156,-451,156,-105,0
3840.659860134125,10464,4528,11004,-199,-72,85,10044,-9344,8480,-79,180,-168,-14636,4424,3400,-969,28,-50,-14636,-2668,5932,-467,129,-142,0
3840.693477153778,10636,4468,11108,-199,-47,83,9952,-9336,8596,-24,168,-165,-14692,4384,3428,-997,69,-76,-14652,-2712,6168,-483,159,-92,0
3840.727172136306,10416,4604,11124,-207,-41,121,9820,-9260,8480,-18,188,-158,-14516,4492,3408,-969,124,-66,-14540,-2724,6084,-469,171,-87,0
3840.760607004165,10492,4488,11492,-236,-68,121,9916,-9280,8576,-88,228,-204,-14664,4536,3524,-911,79,-110,-14608,-2580,6228,-767,204,-95,0
3840.7941489219666,10688,4368,11196,-258,-86,120,9948,-9228,8588,-93,173,-172,-14776,4416,3564,-862,52,-114,-14432,-2628,6280,-526,137,-103,0
3840.8281490802765,10528,4532,11316,-214,-76,136,9816,-9292,8452,-95,202,-163,-14360,4432,3192,-872,66,-82,-14660,-2692,6196,-529,129,-116,0
3840.861648082733,10484,4548,11136,-227,-75,109,9772,-9268,8524,-78,176,-198,-14484,4496,3416,-914,59,-82,-14844,-2660,6176,-471,181,-107,0
3840.894828081131,10372,4628,11104,-271,-8,140,10036,-9356,8576,-70,168,-171,-14592,4420,3628,-861,54,-79,-14716,-2676,6112,-487,240,-98,0
3840.928440093994,10500,4544,11068,-275,-38,132,9876,-9260,8544,-74,163,-198,-14576,4500,3352,-893,42,-102,-14704,-2692,6284,-258,268,-104,0
3840.9618711471558,10496,4500,11080,-511,-55,150,9936,-9364,8452,-81,181,-195,-14532,4432,3592,-936,72,-81,-14640,-2612,6100,-493,206,-132,0
3840.9955139160156,10264,4600,11136,-259,-87,122,9984,-9240,8624,-65,110,-229,-14600,4528,3380,-997,89,-106,-14652,-2680,6248,-489,174,-90,0
3841.029312133789,10316,4516,11220,-215,-111,115,9944,-9280,8468,-21,117,-226,-14704,4520,3576,-1023,145,-98,-14376,-2652,6208,-437,163,-76,0
3841.0627839565277,10264,4452,11260,-197,-147,126,9952,-9236,8444,20,90,-204,-14664,4488,3368,-1101,242,-118,-14664,-2680,6228,-433,148,-63,0
3841.0960080623618,10440,4524,11100,-155,-111,98,9968,-9368,8480,6,129,-212,-14556,4572,3308,-989,183,-130,-14656,-2660,5968,-420,153,-73,0
3841.1295239925385,10548,4520,11512,-280,-153,149,9924,-9320,8636,-6,54,-213,-14524,4496,3532,-1102,124,-76,-14820,-2704,6216,-421,78,-72,0
3841.1628069877625,10512,4412,11080,-240,-109,155,9936,-9372,8540,-5,54,-217,-14616,4412,3500,-1167,146,-105,-14752,-2672,6332,-424,3,-74,0
3841.1970970630646,10612,4496,11004,-205,-132,134,9732,-9296,8484,14,89,-186,-14648,4488,3336,-1144,127,-77,-14640,-2816,5948,-452,63,-151,0
3841.230772972107,10744,4420,11204,-196,-111,124,10128,-9236,8484,-254,104,-183,-14624,4484,3328,-1077,106,-92,-14844,-2684,6088,-470,113,-95,0
3841.264326095581,10272,4564,10888,-167,-104,99,9976,-9236,8456,-9,127,-211,-14632,4568,3736,-1023,142,-170,-14388,-2816,6080,-464,192,-78,0
3841.2977831363683,10688,4480,11236,-205,-147,132,9952,-9280,8480,7,110,-226,-14656,4488,3428,-1039,178,-167,-14524,-2660,6232,-478,196,-75,0
3841.334767103195,10548,4604,11036,-197,-146,116,9936,-9272,8480,-31,88,-217,-14584,4384,3620,-769,117,-87,-14608,-2748,6076,-473,186,-78,0
3841.370398044586,10528,4592,11052,-227,-161,128,9964,-9288,8480,-59,106,-203,-14600,4428,3508,-950,100,-110,-14356,-2624,6284,-485,148,-95,0
3841.4060039520264,10508,4512,11252,-201,-117,125,9944,-9260,8496,-56,113,-195,-14636,4448,3216,-1005,125,-87,-14580,-2708,6100,-467,144,-85,0
3841.4420969486237,10508,4524,11068,-203,-133,107,10008,-9336,8432,-38,98,-204,-14676,4440,3408,-981,103,-96,-14704,-2624,6160,-472,168,-105,0
3841.4779090881348,10556,4532,11120,-225,-129,115,10220,-9372,8240,-48,108,-204,-14596,4376,3484,-986,89,-132,-14652,-2728,6144,-485,169,-108,0
3841.5134079456334,10372,4452,11040,-204,-146,139,9904,-8972,8564,-9,128,-191,-14540,4460,3504,-963,69,-91,-14604,-2548,6308,-489,182,-101,0
3841.5494050979614,10500,4432,10844,-209,-140,139,9984,-9356,8556,-23,145,-188,-14564,4432,3372,-946,79,-170,-14632,-2596,6112,-476,195,-87,0
3841.5850179195404,10640,4568,11144,-204,-153,136,9920,-9472,8536,-40,168,-193,-14608,4412,3112,-884,85,-157,-14664,-2612,6264,-537,506,-93,0
3841.6204969882965,10256,4464,11184,-216,-123,109,9900,-9368,8524,-42,177,-188,-14656,4424,3552,-926,125,-158,-14824,-2712,6092,-493,204,-73,0
3841.6555840969086,10556,4560,10992,-199,-87,108,10200,-9364,8564,-116,198,-181,-14692,4496,3472,-783,79,-120,-14760,-2520,6128,-497,173,-112,0
3841.6913061141972,10628,4476,11096,-192,-85,106,10232,-9392,8584,-68,171,-180,-14684,4420,3304,-930,49,-95,-14780,-2588,6316,-584,189,-177,0
3841.7276229858403,10576,4476,11232,-204,-97,98,10024,-9156,8520,-45,160,-176,-14568,4152,3336,-959,120,-96,-14848,-2776,6132,-535,154,-125,0
3841.7628841400146,10548,4448,11100,-166,-88,113,9976,-9464,8440,-114,142,-207,-14664,4444,3268,-892,171,-85,-14628,-2640,6020,-596,196,-116,0
3841.7982521057133,10568,4400,10900,-171,-82,90,10188,-9288,8552,-15,108,-183,-14808,4476,3244,-944,284,-104,-14672,-2632,6108,-598,122,-147,0
3841.8338191509242,10512,4512,11104,-151,5,115,10012,-9316,8464,-12,157,-135,-14604,4444,3588,-1083,172,-30,-14656,-2624,6212,-764,47,-146,0
3841.8694250583653,10516,4508,11208,-184,253,82,10008,-9316,8476,-22,163,-152,-14624,4452,3380,-1057,103,-38,-14596,-2624,6188,-485,74,-135,0
3841.9049451351166,10684,4456,11168,-193,251,72,10196,-9348,8452,-46,125,-144,-14644,4452,3452,-959,109,-94,-14720,-2640,6164,-566,113,-152,0
3841.9410459995274,10260,4560,11060,-147,-17,68,10008,-9408,8360,-52,140,-154,-14588,4496,3404,-986,170,-72,-14560,-2544,6296,-650,109,-170,0
3841.977122068405,10552,4484,10948,-101,253,92,9896,-9328,8500,-66,137,-170,-14532,4400,3344,-958,180,-94,-14692,-2676,6112,-556,143,-135,0
3842.0107071399693,10348,4560,11220,-158,-35,107,9920,-9244,8476,-26,134,-183,-14440,4384,3256,-1098,164,-34,-14688,-2652,6208,-503,146,-120,0
3842.044454097748,10736,4428,11196,-191,-41,103,9924,-9388,8352,-2,134,-179,-14440,4840,3460,-978,190,-47,-14620,-2676,6152,-534,148,-112,0
3842.0781259536743,10616,4584,11232,-147,-13,103,9788,-9308,8680,-47,110,-162,-14656,4496,3468,-1047,151,-26,-14708,-2684,6264,-463,47,-148,0
3842.1117880344395,10580,4528,11084,-158,-34,122,9964,-9272,8620,-14,65,-180,-14584,4420,3368,-1129,50,-61,-14548,-2724,6148,-450,46,-120,0
3842.1447179317474,10460,4548,11028,-189,-44,104,10008,-9268,8480,-23,103,-159,-14644,4400,3388,-1108,37,-64,-14688,-2656,6044,-457,54,-136,0
3842.1781561374664,10644,4500,11172,-157,-17,84,9996,-9348,8492,-13,135,-178,-14760,4460,3364,-1063,80,-9,-14684,-2588,6160,-499,78,-124,0
3842.2117869853973,10240,4488,10920,-144,-19,73,9732,-9288,8400,-30,127,-182,-14668,4480,3260,-1042,110,-70,-14540,-2648,5940,-461,102,-162,0
3842.245521068573,10464,4512,11092,-156,-46,73,9964,-9472,8220,-12,159,-178,-14604,4468,3396,-1033,102,-108,-14552,-2664,6284,-466,169,-131,0
3842.2791290283203,10440,4448,10976,-160,-49,102,10192,-9008,8300,-16,174,-183,-14840,4396,3452,-989,76,-106,-14732,-2728,6216,-494,161,-130,0
3842.3126649856563,10464,4588,11204,-166,-35,84,9972,-9248,8548,-29,170,-186,-14676,4436,3244,-998,94,-76,-14624,-2708,6180,-449,145,-145,0
3842.3462450504303,10528,4556,11152,-135,-35,117,9988,-9336,8452,-62,150,-164,-14728,4424,3444,-984,86,-43,-14688,-2672,6232,-500,146,-146,0
3842.3797590732574,10720,4492,11120,-165,-37,102,9904,-9280,8632,-41,155,-175,-14672,4496,3276,-999,58,-54,-14636,-2672,6200,-515,141,-158,0
3842.41331410408,10332,4516,11176,-171,-51,92,9880,-9276,8532,-21,176,-138,-14520,4516,3304,-989,62,-68,-14660,-2752,6184,-510,123,-141,0
3842.4469521045685,10396,4788,11244,-150,-28,88,9984,-9288,8500,-74,198,-160,-14604,4404,3564,-952,26,-86,-14644,-2624,5944,-557,179,-161,0
3842.4805090427403,10548,4528,11124,-165,-18,43,9832,-9264,8612,-53,226,-146,-14356,4536,3380,-913,98,-58,-14660,-2596,6308,-559,197,-151,0
3842.514011144638,10352,4536,11192,-144,-74,101,9944,-9324,8460,-96,179,-161,-14608,4372,3260,-915,77,-83,-14528,-2652,6120,-503,228,-113,0
3842.5475490093227,10496,4596,11168,-101,-82,82,9976,-9308,8368,-83,191,-171,-14624,4460,3532,-908,68,-61,-14708,-2692,6088,-469,196,-130,0
3842.5811989307404,10440,4512,11124,-172,-76,72,9900,-9356,8600,-79,208,-184,-14660,4512,3340,-901,97,-129,-14772,-2700,6376,-500,161,-126,0
3842.6147530078883,10536,4564,11184,-144,-45,125,9768,-9376,8644,-130,174,-152,-14712,4520,3368,-897,87,-70,-14664,-2620,6192,-583,165,-134,0
3842.64814710617,10568,4512,11164,-110,-46,100,10180,-9336,8560,-77,153,-167,-14572,4448,3384,-906,139,-43,-14596,-2728,6136,-610,155,-147,0
3842.6818599700932,10324,4524,11224,-84,-1,86,9908,-9448,8680,-90,144,-145,-14728,4548,3268,-888,165,-71,-14836,-2724,5964,-597,168,-115,0
3842.715497016906,10276,4540,11328,-104,-43,87,9876,-9380,8228,-78,141,-164,-14556,4388,3076,-939,156,-82,-14552,-2740,6108,-567,182,-163,0
3842.749283075332,10432,4560,10996,-122,-30,99,9912,-9336,8524,-51,154,-187,-14636,4544,3436,-941,164,-135,-14772,-2672,6040,-768,170,-109,0
3842.782837152481,10480,4544,11016,-129,-58,93,9948,-9388,8508,-8,130,-190,-14600,4448,3376,-1066,110,-82,-14708,-2792,6132,-463,142,-106,0
3842.8164210319524,10552,4748,11088,-156,-70,127,9996,-9276,8528,49,92,-183,-14648,4448,3312,-1164,124,-41,-14720,-2844,6188,-416,124,-109,0
3842.8500061035156,10444,4668,11244,-224,-45,96,9948,-9328,8620,56,105,-204,-14660,4492,3412,-1153,44,-65,-14684,-2692,6100,-296,142,-82,0
3842.8834431171413,10460,4356,11088,-257,-66,136,9900,-9276,8544,62,63,-203,-14660,4768,3556,-1156,-12,-35,-14768,-2724,6204,-250,148,-88,0
3842.9172461032867,10456,4520,11100,-326,-75,128,9904,-9380,8696,155,24,-195,-14696,4488,3560,-1218,13,-53,-14656,-2664,6116,-278,152,-114,0
3842.950803041458,10396,4528,11188,-307,-24,137,9956,-9272,8540,128,68,-200,-14796,4480,3532,-1159,40,-104,-14360,-2664,6192,-382,190,-131,0
3842.9842200279236,10452,4592,11036,-332,6,170,9772,-9324,8540,111,98,-171,-14664,4508,3300,-1060,10,-82,-14592,-2692,6076,-358,294,-129,0
3843.021784067154,10440,4632,11248,-341,11,173,9992,-9220,8496,34,150,-180,-14740,4484,3488,-1277,53,-72,-14804,-2804,6044,-393,322,-150,0
3843.0581519603734,10556,4536,11052,-358,6,171,9932,-9280,8548,27,117,-214,-14592,4500,3496,-994,48,-51,-14652,-2692,6096,-335,389,-110,0
3843.0937089920044,10468,4564,11116,-371,-43,193,9960,-9276,8500,-12,116,-187,-14844,4500,3688,-967,-61,-107,-14708,-2740,6220,-346,410,-120,0
3843.1295890808105,10488,4580,11236,-420,-47,243,9896,-9156,8652,40,187,-157,-14548,4432,3500,-958,-16,-74,-14624,-2756,6068,-316,343,-150,0
3843.1648709774013,10428,4536,11180,-442,-14,241,10192,-9408,8520,-37,186,-190,-14412,4456,3548,-965,-37,-125,-14696,-2668,5936,-310,335,-157,0
3843.200084924698,10456,4488,11172,-433,-117,198,10128,-9336,8592,7,250,-147,-14608,4496,3088,-937,7,-93,-14680,-2644,6108,-378,218,-130,0
3843.2354929447174,10544,4404,11124,-508,-99,136,9936,-9228,8616,-3,168,-175,-14656,4536,3392,-1012,9,-80,-14708,-2772,6136,-466,95,-118,0
3843.2717809677124,10404,4424,11164,-133,-84,32,9868,-9292,8488,-52,230,-163,-14636,4412,3352,-927,111,-135,-14696,-2576,6112,-533,15,-120,0
3843.3074159622192,10508,4472,11260,-72,-146,28,9992,-9356,8624,-79,171,-176,-14580,4536,3368,-965,50,-65,-14568,-2660,6056,-543,93,-105,0
3843.3432869911194,10452,4580,11308,-45,-105,46,9956,-9344,8252,-158,206,-163,-14644,4500,3396,-947,154,-80,-14848,-2680,6120,-654,-31,-80,0
3843.379245996475,10416,4480,11024,67,-94,250,9912,-9296,8580,-136,170,-145,-14552,4452,3356,-1056,296,-72,-14768,-2660,6068,-736,-155,-61,0
3843.4143829345703,10392,4488,11088,211,-19,-250,9912,-9332,8556,-172,122,-151,-14612,4548,3484,-1027,291,-68,-14644,-2744,5992,-716,-91,-107,0
3843.449499130249,10288,4448,11080,100,-47,-9,9920,-9380,8628,-149,163,-152,-14844,4536,3376,-995,227,-67,-14672,-2680,6080,-706,28,-146,0
3843.48504114151,10408,4532,11164,35,-25,32,9992,-9312,8276,-84,191,-151,-14552,4488,3500,-989,186,-54,-14832,-2800,5952,-638,91,-133,0
3843.5206320285797,10380,4576,11072,-56,-53,52,9852,-9240,8504,-113,123,-180,-14664,4508,3548,-1028,98,-39,-14600,-2700,6048,-565,108,-121,0
3843.5558359622955,10468,4848,11068,-112,-45,57,9960,-9316,8492,-40,113,-175,-14600,4364,3420,-1275,61,-71,-14612,-2712,5996,-501,126,-96,0
3843.5916430950165,10520,4644,11048,-168,-54,74,9964,-9320,8672,-240,128,-201,-14700,4520,3116,-1150,156,-49,-14748,-2716,6100,-434,93,-82,0
3843.627763032913,10500,4560,11272,-234,-99,115,9884,-9476,8636,49,88,-205,-14564,4424,3548,-1108,34,-61,-14652,-2680,6376,-336,108,-51,0
3843.663186073303,10456,4536,11260,-248,-88,144,9848,-9432,8696,63,36,-183,-14548,4400,3540,-1076,33,-54,-14624,-2704,6232,-462,161,-98,0
3843.6965079307556,10464,4576,11096,-278,-34,126,9888,-9344,8664,-18,58,-189,-14652,4456,3388,-1013,107,-115,-14644,-2652,6004,-508,116,-83,0
3843.7300450801854,10416,4572,11220,-12,-75,124,9948,-9292,8564,-16,120,-183,-14340,4532,3516,-1033,102,-96,-14600,-2656,6316,-483,120,-72,0
3843.763487100601,10480,4620,11200,-263,-101,125,9884,-9288,8632,-18,109,-213,-14592,4500,3440,-1033,173,-93,-14648,-2720,6136,-416,135,-79,0
3843.7974510192876,10672,4832,11108,-276,-92,146,9860,-9356,8468,-36,56,-226,-14648,4524,3340,-1021,150,-88,-14636,-2648,6144,-396,98,-44,0
3843.8308069705963,10688,4472,11012,-269,-155,142,10020,-9352,8560,-74,104,-217,-14688,4600,3428,-964,136,-113,-14696,-2652,6032,-493,141,-64,0
3843.8641641139984,10556,4528,11148,-261,-144,128,9800,-9268,8448,-29,159,-231,-14676,4420,3328,-965,134,-128,-14676,-2644,6140,-437,123,-107,0
3843.9000959396362,10468,4476,11124,-256,-116,122,9968,-9344,8696,-11,168,-218,-14536,4520,3408,-1014,96,-128,-14588,-2676,6188,-427,142,-95,0
3843.9384009838104,10448,4556,11072,-299,-160,96,9896,-9360,8552,-78,124,-238,-14556,4588,3276,-943,127,-65,-14380,-2640,6080,-508,171,-101,3
3843.9723241329193,10448,4476,11048,-224,-108,118,9980,-9300,8488,10,156,-203,-14588,4496,3560,-987,99,-123,-14672,-2632,6232,-477,196,-88,3
3844.005849123001,10560,4632,11332,-264,-127,138,10184,-9284,8436,7,188,-195,-14388,4340,3492,-927,72,-120,-14708,-2692,6024,-491,169,-90,3
3844.0392310619354,10524,4628,11096,-274,-129,120,9964,-8968,8560,-30,205,-172,-14640,4384,3344,-906,62,-85,-14656,-2768,6064,-441,190,-96,3
3844.0723891258244,10512,4532,11012,-230,-151,139,9904,-9256,8616,-56,176,-196,-14632,4452,3468,-893,101,-100,-14688,-2604,6152,-480,185,-26,3
3844.1060070991516,10496,4604,11172,-230,-197,180,9964,-9348,8456,-72,172,-215,-14564,4440,3372,-954,141,-138,-14672,-2636,6044,-498,205,-84,3
3844.1395139694214,10604,4508,11096,-197,-173,174,9968,-9420,8484,-73,199,-200,-14624,4484,3424,-965,104,-153,-14752,-2568,6140,-515,232,-87,3
3844.1729919910426,10400,4560,11240,-196,-208,166,9880,-9300,8600,-54,160,-194,-14376,4516,3156,-990,117,-131,-14600,-2716,6180,-504,222,-61,0
3844.2064571380615,10544,4472,11212,-213,-92,128,9920,-9300,8548,-54,102,-248,-14624,4532,3432,-961,134,-123,-14836,-2592,6200,-514,259,-87,0
3844.2399859428406,10584,4552,11052,-209,-108,147,10004,-9332,8576,-39,87,-221,-14596,4420,3444,-957,134,-119,-14688,-2580,6088,-505,197,-99,0
3844.2733409404755,10492,4512,11164,-203,-105,147,9928,-9432,8224,-15,108,-242,-14684,4392,3612,-1037,128,-126,-14780,-2712,5920,-457,142,-91,0
3844.30688214302,10580,4540,11168,-230,-162,136,9924,-9224,8448,6,94,-202,-14560,4372,3108,-1082,191,-109,-14676,-2640,6376,-477,120,-80,0
3844.3405849933624,10596,4452,11188,-200,-124,145,9912,-9320,8424,-25,106,-173,-14672,4496,3316,-967,133,-81,-14732,-2600,6004,-537,103,-128,0
3844.3738360404964,10652,4524,11024,-199,-90,129,10116,-9256,8228,10,76,-204,-14728,4388,3408,-1067,47,-72,-14592,-2636,6172,-426,93,-118,0
3844.407098054886,10580,4556,11096,-196,-96,145,9768,-9272,8384,40,58,-204,-14580,4404,3456,-1107,95,-111,-14704,-2600,5908,-450,112,-120,0
3844.440338134765,10592,4516,11000,-164,-139,110,9952,-9284,8496,-21,121,-223,-14620,4448,3160,-1099,92,-62,-14664,-2596,6080,-453,112,-129,0
3844.4736111164093,10524,4460,11080,-174,-118,129,9900,-9228,8476,6,150,-170,-14604,4460,3464,-1030,97,-17,-14756,-2580,6000,-466,60,-154,0
3844.5071630477905,10588,4416,11032,-145,-23,114,9752,-9284,8488,-44,117,-164,-14608,4380,3368,-1047,130,-57,-14652,-2708,6080,-471,54,-133,0
3844.5407841205597,10600,4472,11072,-190,14,120,9936,-9212,8468,7,168,-134,-14584,4444,3632,-1088,64,-68,-14356,-2676,6160,-452,121,-110,0
3844.574247121811,10560,4564,10980,-187,-253,98,10152,-9288,8544,-45,169,-145,-14364,4372,3472,-990,43,-53,-14664,-2640,6220,-453,113,-126,0
3844.6079139709473,10580,4528,11448,-180,-24,81,9936,-9248,8528,-61,143,-187,-14524,4432,3536,-958,45,-46,-14588,-2676,6008,-456,124,-140,0
3844.641238927841,10536,4500,10984,-137,-62,86,9892,-9352,8484,-54,156,-187,-14660,4464,3360,-945,70,-106,-14628,-2684,6048,-455,161,-145,0
3844.6780090332027,10520,4356,11184,-168,-62,78,9920,-9344,8376,-52,163,-197,-14588,4468,3380,-921,37,-87,-14608,-2632,6200,-456,180,-130,0
3844.7133650779724,10268,4492,11140,-176,-54,99,9896,-9288,8700,-51,175,-152,-14800,4552,3408,-922,61,-52,-14684,-2604,6236,-468,153,-149,0
3844.7492449283604,10556,4460,11224,-159,-44,101,9992,-9144,8504,-73,204,-141,-14348,4800,3364,-919,26,-91,-14692,-2692,6108,-524,184,-132,0
3844.784569978714,10592,4528,11124,-173,-38,89,9964,-9208,8540,-104,188,-161,-14568,4508,3304,-891,68,-57,-14716,-2640,6080,-259,173,-165,0
3844.8203029632564,10472,4512,11192,-128,-59,88,9740,-9420,8664,-126,187,-188,-14656,4652,3232,-883,62,-104,-14444,-2600,6164,-558,159,-141,0
3844.8553719520573,10592,4560,10976,-114,-56,95,9940,-9352,8512,-103,179,-159,-14608,4476,3380,-961,63,-46,-14640,-2588,6116,-551,147,-169,0
3844.8907260894775,10528,4464,11116,-137,-24,56,9936,-9360,8572,-64,170,-149,-14584,4484,3456,-891,49,-93,-14652,-2596,6084,-551,133,-205,0
3844.926239967346,10720,4540,11124,-124,-17,56,9892,-9260,8312,-58,207,-173,-14604,4452,3560,-871,99,-105,-14560,-2732,6104,-533,201,-132,0
3844.9622480869293,10532,4828,11104,-131,-11,49,9904,-9260,8512,-57,159,-190,-14536,4496,3380,-921,60,-60,-14684,-2720,6336,-526,159,-149,0
3844.9974019527435,10736,4588,11128,-132,-21,72,9792,-9400,8532,-57,154,-163,-14652,4480,3212,-939,90,-69,-14612,-2688,6372,-573,169,-155,0
3845.0328791141515,10484,4620,11224,-107,-34,88,9960,-9416,8556,-8,136,-158,-14696,4416,3396,-1280,131,-87,-14740,-2708,6116,-484,126,-132,0
3845.0683879852295,10476,4524,11156,-155,-20,94,10196,-9280,8556,-29,99,-175,-14552,4496,3296,-1024,113,-31,-14704,-2804,6224,-269,118,-102,0
3845.1034331321716,10644,4400,11064,-129,-9,96,9900,-9380,8508,-53,126,-162,-14616,4500,3424,-827,193,-74,-14688,-2692,6144,-498,100,-152,0
3845.1391780376434,10484,4560,11220,-115,-40,98,9888,-9312,8596,-41,56,-166,-14476,4500,3348,-916,112,-75,-14580,-2676,6176,-482,88,-134,0
3845.174441099168,10428,4556,11124,-159,-70,121,10208,-9460,8384,-18,65,-175,-14604,4432,3340,-1058,148,-73,-14676,-2596,6208,-479,103,-125,0
3845.2102410793304,10568,4548,11032,-139,-67,118,9992,-9328,8472,-10,89,-186,-14592,4564,3336,-1090,134,-53,-14772,-2692,6116,-479,56,-152,0
3845.2454850673676,10656,4448,11176,-138,-17,70,9744,-9320,8480,-255,87,-222,-14652,4568,3308,-1063,79,-54,-14344,-2724,6068,-761,90,-172,0
3845.2808539867406,10436,4532,11228,-165,-24,69,9860,-9204,8520,2,146,-155,-14512,4452,3456,-861,-246,-15,-14580,-2772,6244,-460,94,-158,0
3845.316015958786,10372,4744,11124,-154,-35,93,9992,-9364,8480,-57,147,-184,-14616,4504,3344,-775,75,-50,-14768,-2628,6124,-475,136,-163,0
3845.3519461154933,10708,4576,11032,-197,-28,56,10048,-9348,8624,-19,110,-168,-14372,4564,3132,-874,-29,-37,-14640,-2652,6164,-503,146,-156,0
3845.3852810859685,10452,4836,11096,-123,-32,120,9924,-9264,8216,-10,130,-159,-14612,4528,3360,-1058,63,-73,-14660,-2692,6232,-496,140,-134,0
3845.4189491271973,10280,4388,11072,-148,-13,103,9960,-9304,8496,-57,138,-166,-14840,4548,3412,-1004,108,-68,-14636,-2736,6188,-488,73,-146,0
3845.4525690078735,10528,4532,11112,-174,-34,87,9916,-9336,8580,-105,104,-164,-14624,4420,3472,-974,84,-60,-14796,-2772,6040,-474,135,-152,0
3845.4857571125035,10404,4564,11192,-138,-18,92,10208,-9344,8624,-106,135,-153,-14616,4492,3548,-907,24,-53,-14628,-2624,6060,-546,175,-177,0
3845.5195031166077,10456,4356,11044,-155,-46,92,9880,-9348,8508,-67,147,-179,-14544,4472,3568,-830,58,-98,-14644,-2792,6104,-542,192,-130,0
3845.5529429912563,10444,4556,11164,-128,-30,109,9864,-9396,8380,-115,76,-157,-14616,4432,3072,-763,21,-118,-14688,-2624,6252,-565,246,-119,0
3845.5862510204315,10240,4624,11280,-158,-38,110,9940,-9360,8428,-121,188,-163,-14584,4356,3092,-866,31,-41,-14628,-2720,6092,-527,222,-141,0
3845.619765996933,10380,4568,11052,-153,-87,107,9900,-9336,8380,-91,179,-171,-14664,4576,3420,-896,34,-87,-14840,-2788,6188,-500,270,-121,0
3845.6532170772552,10328,4852,11068,-182,-103,99,9916,-9336,8656,-96,191,-176,-14372,4524,3580,-899,20,-96,-14720,-2628,6076,-549,233,-112,0
3845.686685085296,10276,4684,11172,-185,-59,70,9968,-9380,8532,-100,175,-176,-14820,4532,3340,-883,-7,-95,-14744,-2716,6004,-561,177,-157,0
3845.719824075699,10472,4520,11136,-185,-63,64,10160,-9252,8632,-126,177,-167,-14568,4376,3400,-909,33,-70,-14680,-2696,6080,-535,156,-152,0
3845.7533910274506,10304,4556,11144,-175,-52,87,9988,-9420,8588,-52,160,-200,-14568,4548,3480,-983,34,-79,-14700,-2620,6168,-766,179,-124,0
3845.787094116211,10416,4784,11124,-183,-59,110,9908,-9384,8508,-6,102,-202,-14660,4636,3444,-980,68,-99,-14588,-2708,6116,-257,174,-126,0
3845.8207950592046,10468,4548,11144,-183,-70,107,9924,-9336,8348,253,138,-179,-14604,4504,3364,-986,107,-104,-14760,-2772,6256,-487,165,-128,0
3845.854401111602,10500,4576,11232,-185,-96,118,10080,-9452,8612,-256,118,-212,-14680,4460,3392,-982,117,-92,-14664,-2720,6016,-511,152,-116,0
3845.8874790668483,10740,4852,11132,-196,-73,116,9864,-9332,8500,-29,129,-179,-14652,4528,3516,-994,127,-46,-14700,-2792,6036,-485,116,-102,0
3845.921015024185,10480,4684,10808,-192,-102,140,9908,-9312,8480,-3,126,-169,-14616,4564,3528,-1033,132,-88,-14724,-2764,6376,-476,85,-115,0
3845.9545540809627,10268,4504,11160,-221,-84,125,9984,-9372,8476,-253,134,-174,-14708,4584,3668,-1051,131,-81,-14712,-2772,6100,-474,72,-112,0
3845.9881780147552,10428,4608,11172,-203,-55,125,9892,-9356,8520,253,98,-156,-14544,4544,3304,-1166,193,-49,-14696,-2844,6252,-447,19,-99,0
3846.0218050479893,10508,4564,11124,-216,-25,124,9936,-9388,8544,-47,107,-170,-14700,4568,3388,-1102,119,-50,-14652,-2700,6236,-450,81,-116,0
3846.055494070053,10552,4800,11140,-214,-42,100,9952,-9368,8536,-1,114,-175,-14604,4544,3272,-1138,136,-40,-14716,-2604,6316,-447,77,-96,0
3846.0891280174255,10492,4500,11252,-182,1,114,10008,-9300,8572,6,123,-150,-14636,4496,3436,-1141,113,-64,-14640,-2740,6092,-449,89,-96,0
3846.122463941574,10532,4576,11180,-191,-44,133,9872,-9264,8312,2,163,-151,-14536,4472,3456,-1059,89,-83,-14592,-2708,6092,-407,101,-91,0
3846.1558690071106,10456,4612,11160,-250,-75,113,9964,-9268,8624,-17,171,-177,-14520,4564,3336,-1008,116,-90,-14604,-2700,6236,-434,117,-91,0
3846.189455032348,10420,4572,11104,-227,-52,133,10036,-9360,8688,-23,136,-182,-14592,4520,3508,-1043,132,-59,-14712,-2656,6028,-473,120,-113,0
3846.2228159904485,10432,4404,11116,-225,-99,160,9864,-9420,8420,-26,133,-206,-14504,4548,3492,-1012,140,-138,-14576,-2716,6212,-451,181,-70,0
3846.2562460899353,10372,4656,11112,-229,-114,108,9912,-9404,8700,-45,136,-203,-14800,4548,3536,-994,52,-139,-14624,-2676,5920,-523,191,-70,0
3846.289761066437,10428,4604,11468,-217,-34,111,9952,-9436,8656,-119,232,-176,-14832,4840,3356,-963,109,-142,-14648,-2688,6192,-528,141,-85,0
3846.323277950288,10720,4360,11176,-185,-94,110,9876,-9388,8408,-72,226,-198,-14548,4616,3588,-960,77,-96,-14732,-2756,6184,-480,212,-85,0
3846.3596980571747,10388,4612,11084,-218,-151,98,9932,-9292,8520,-29,176,-219,-14576,4416,3360,-1038,125,-136,-14588,-2784,6120,-263,209,-77,0
3846.3949210643764,10284,4608,11080,-219,-129,95,9732,-9364,8500,-13,161,-234,-14804,4536,3328,-1091,252,-114,-14688,-2596,6068,-484,148,-82,0
3846.4305770397186,10740,4568,11064,-247,-128,122,9992,-9380,8580,82,115,-244,-14592,4492,3168,-1180,256,-119,-14836,-2744,6120,-427,161,-32,0
3846.4655020236974,10520,4484,10872,-299,-133,146,10012,-9288,8448,82,78,-218,-14668,4564,3176,-1193,230,-109,-14748,-2656,6032,-365,148,-37,0
3846.501888990402,10484,4636,11052,-278,-153,179,9952,-9316,8576,78,56,-221,-14632,4444,3620,-1163,151,-90,-14688,-2700,6020,-306,149,-47,0
3846.5380771160126,10552,4552,11144,-310,-151,159,10072,-9316,8232,127,111,-242,-14620,4444,3516,-1142,91,-104,-14628,-2720,6092,-332,148,-89,0
3846.5733609199524,10716,4356,11148,-313,-180,168,9956,-9336,8528,99,112,-213,-14588,4360,3428,-1151,111,-80,-14676,-2692,6004,-285,148,-50,0
3846.6090979576106,10612,4528,11032,-316,-165,202,9740,-8984,8472,56,85,-214,-14352,4484,3532,-1106,108,-69,-14736,-2740,6316,-351,123,-34,0
3846.644473075866,10520,4464,10816,-284,-159,147,9968,-9300,8240,45,51,-195,-14532,4472,3276,-1139,72,-63,-14592,-2628,6304,-375,128,-68,0
3846.6804599761963,10464,4444,11080,-298,-165,167,10236,-9292,8472,64,75,-183,-14656,4600,3508,-1087,110,-109,-14612,-2792,6396,-422,107,-88,0
3846.71588897705,10452,4484,11196,-228,-141,144,9728,-9004,8464,-48,61,-187,-14652,4536,3184,-1052,123,-128,-14644,-2656,6156,-433,127,-89,0
3846.7516520023346,10460,4508,11056,-255,-167,105,9896,-9244,8528,253,106,-223,-14840,4552,3396,-1035,108,-159,-14656,-2568,5948,-437,175,-87,0
3846.787698984146,10576,4492,10988,-232,-147,156,9972,-9224,8512,-16,102,-205,-14680,4356,3488,-1064,96,-93,-14364,-2708,6260,-448,131,-99,0
3846.8227231502533,10524,4468,11020,-237,-143,135,10012,-9236,8404,-21,144,-173,-14824,4392,3588,-1272,104,-50,-14720,-2704,6116,-431,101,-113,0
3846.8586180210114,10692,4484,11160,-231,-118,109,9888,-9324,8512,-44,121,-190,-14676,4460,3360,-1019,99,-112,-14676,-2624,6132,-455,141,-105,0
3846.8933610916133,10348,4460,11044,-180,-122,110,10024,-9352,8536,-49,137,-209,-14684,4512,3352,-775,91,-63,-14644,-2668,6112,-498,165,-130,0
3846.9291999340053,10616,4552,11088,-179,-182,123,9832,-9404,8552,-7,104,-225,-14612,4476,3404,-1078,180,-133,-14572,-2384,6196,-483,178,-99,0
3846.9646339416504,10604,4444,11152,-123,-75,100,10084,-9288,8324,-265,306,-163,-14356,4568,3048,-860,194,-147,-14352,-2332,6376,-891,155,-146,0
3847.0021719932556,10904,4416,11176,-61,-77,69,9744,-9420,8912,-86,232,-169,-14632,4192,3560,-986,219,-85,-14632,-2572,5872,-536,134,-157,0
3847.0356960296635,10576,4548,10784,-103,-90,86,9924,-9152,8564,-50,52,-226,-14432,4280,3308,-1128,112,-104,-14640,-2768,5908,-423,209,-85,0
3847.0693459510803,10568,4536,11064,-209,-90,105,10000,-9220,8596,77,87,-221,-14604,4416,3168,-1173,112,-71,-14752,-2688,6368,-329,201,-105,0
3847.1028809547424,10696,4428,11096,-235,-35,95,10040,-9352,8444,-10,61,-189,-14664,4532,3508,-988,147,-19,-14744,-2408,6188,-378,24,-132,0
3847.136172056198,10612,4444,11236,-155,-67,118,10204,-9300,8660,253,65,-149,-14732,4600,3368,-1054,66,-12,-14680,-2612,6388,-442,22,-133,0
3847.1697540283203,10564,4412,11252,-171,-53,97,9980,-9336,8392,44,83,-171,-14536,4508,3336,-1091,160,-58,-14608,-2680,6144,-477,53,-129,0
3847.203467130661,10528,4500,11184,-155,-47,112,10220,-9272,8660,41,101,-182,-14664,4396,3404,-1124,138,-68,-14636,-2576,6132,-468,93,-150,0
3847.2372510433197,10584,4588,11084,-154,-46,94,10060,-9140,8604,14,124,-176,-14564,4448,3364,-1196,159,-55,-14596,-2720,6104,-497,83,-145,0
3847.2706530094147,10444,4432,11008,-142,-11,92,9872,-9272,8432,-14,131,-147,-14624,4428,3448,-1154,138,243,-14696,-2660,6192,-460,119,-92,0
3847.3042430877686,10240,4480,11136,-128,-254,116,9984,-9256,8544,-38,139,-159,-14552,4456,3392,-1153,97,-22,-14540,-2672,6124,-486,125,-116,0
3847.3379099369054,10708,4604,11120,-126,-19,101,10036,-9288,8512,-33,106,-145,-14608,4380,3360,-1015,15,-47,-14612,-2636,6136,-482,124,-131,0
3847.3715579509735,10456,4516,11152,-165,-53,89,9976,-9360,8572,-37,168,-163,-14360,4484,3508,-970,101,-99,-14516,-2704,6292,-452,111,-142,0
3847.404849052429,10368,4404,11036,-120,-9,83,9788,-8984,8616,-68,146,-150,-14400,4244,3364,-974,100,-21,-14556,-2692,6296,-498,128,-152,0
3847.438430070877,10580,4428,11200,-137,-49,74,10068,-9340,8572,-30,198,-185,-14580,4416,3284,-994,103,-71,-14692,-2580,6236,-465,150,-161,0
3847.4719269275665,10576,4588,11148,-142,-23,84,10032,-9276,8532,8,197,-175,-14624,4408,3504,-1071,61,-44,-14612,-2596,6084,-439,178,-135,0
3847.505532026291,10480,4492,11032,-141,-52,79,9928,-9300,8480,-255,134,-184,-14528,4360,3468,-1016,33,-71,-14596,-2692,5924,-473,149,-147,0
3847.5391891002655,10436,4516,11104,-163,-19,95,9900,-9288,8428,248,185,-187,-14624,4452,3388,-949,15,-84,-14584,-2692,6388,-471,104,-138,0
3847.573035001754,10456,4504,11132,-139,-56,94,9908,-9348,8544,-64,196,-157,-14644,4372,3396,-915,71,-73,-14612,-2608,6288,-530,172,-139,0
3847.6065299510956,10732,4568,11260,-131,-60,98,9936,-9352,8576,-16,149,-167,-14684,4492,3380,-942,108,-64,-14568,-2648,6124,-518,178,-163,0
3847.6397790908813,10356,4552,11156,-150,-40,112,9920,-9248,8608,-27,115,-181,-14772,4492,3484,-986,112,-64,-14568,-2676,6100,-487,207,-129,0
3847.6734359264374,10500,4552,11108,-155,-83,105,9900,-9308,8544,-30,142,-184,-14628,4468,3416,-973,100,-101,-14688,-2660,6300,-257,202,-126,0
3847.7071120738983,10576,4548,11168,-147,-63,101,9968,-9296,8612,-5,162,-189,-14608,4512,3424,-987,114,-96,-14844,-2652,6168,-511,124,-135,0
3847.7407839298244,10548,4604,11092,-138,-66,99,9928,-9248,8528,-4,123,-191,-14632,4488,3312,-1004,103,-104,-14704,-2716,6172,-546,185,-150,0
3847.774420976639,10512,4584,11088,-135,-59,82,9936,-9340,8292,-60,150,-175,-14704,4436,3560,-950,63,-51,-14644,-2680,5944,-559,161,-144,0
3847.807419061661,10612,4532,11084,-100,-41,115,9952,-9324,8528,-138,190,-188,-14632,4372,3436,-911,121,-69,-14692,-2660,6176,-582,139,-170,0
3847.8410639762883,10592,4584,10992,-115,-34,37,9856,-9380,8520,-88,176,-173,-14620,4336,3324,-921,141,-76,-14704,-2712,6108,-554,151,-153,0
3847.8745551109314,10468,4560,11088,-136,-25,74,9876,-9280,8460,-69,125,-174,-14504,4456,3120,-979,111,-66,-14596,-2648,6028,-550,169,-115,0
3847.907895088196,10544,4520,11060,-126,-27,80,9880,-9280,8332,-77,140,-152,-14832,4568,3564,-906,174,-87,-14740,-2652,6168,-628,186,-150,0
3847.9417319297786,10492,4552,11084,-83,247,98,9896,-9036,8196,-91,163,-141,-14588,4552,3448,-908,164,-70,-14608,-2632,6232,-614,145,-180,0
3847.9752750396733,10296,4372,11104,-95,-23,79,9928,-9300,8336,-81,136,-168,-14544,4476,3464,-923,139,-98,-14652,-2664,6252,-573,155,-170,0
3848.0085971355443,10448,4708,11136,-126,-25,109,9996,-9284,8600,-84,133,-163,-14812,4444,3084,-947,124,-121,-14680,-2784,6380,-554,169,-165,0
3848.0450179576874,10484,4368,10924,-99,-67,91,9908,-9360,8624,-43,113,-189,-14756,4408,3456,-986,52,-76,-14608,-2700,6252,-259,116,-141,0
3848.0804679393764,10556,4412,10824,-189,-62,114,9992,-9228,8332,-16,123,-164,-14528,4584,3436,-765,-61,10,-14840,-2760,6088,-446,83,-105,0
3848.1159179210663,10520,4840,11208,-212,-30,116,9728,-9336,8680,-56,134,-175,-14624,4408,3560,-1087,59,-30,-14692,-2732,6120,-443,94,-113,0
3848.151853084564,10508,4540,11084,-232,-67,98,9972,-9320,8648,-14,113,-187,-14636,4516,3372,-1092,99,-108,-14660,-2668,6144,-460,74,-96,0
3848.187791109085,10448,4368,11068,-190,-16,116,9884,-9308,8668,25,87,-163,-14380,4528,3356,-1140,50,-31,-14596,-2664,6052,-409,95,-110,0
3848.2229919433594,10484,4616,10904,-199,-10,102,9948,-9332,8576,25,105,-154,-14620,4404,3428,-1143,122,-55,-14576,-2668,6208,-372,41,-112,0
3848.2580680847173,10356,4628,11088,-1,-33,131,9876,-9252,8500,78,90,-180,-14664,4484,3508,-1114,58,-22,-14736,-2760,5936,-283,154,-90,0
3848.2935531139374,10448,4544,11140,-300,-52,143,9884,-9376,8532,65,72,-192,-14764,4592,3316,-1086,20,-75,-14644,-2720,6284,-387,136,-73,0
3848.3291499614716,10400,4576,11144,-310,-101,164,9956,-9316,8500,20,73,-190,-14500,4496,3448,-1042,106,-76,-14604,-2652,6240,-419,162,-41,0
3848.364280939102,10276,4804,11292,-5,-96,154,10016,-9320,8452,-20,108,-201,-14584,4512,3524,-773,164,-117,-14680,-2712,6260,-439,166,-46,0
3848.3997049331665,10548,4532,11180,-280,-119,147,9912,-9268,8520,-20,126,-198,-14632,4576,3340,-1274,166,-57,-14360,-2620,6360,-411,177,-73,0
3848.4349589347844,10424,4508,11164,-268,-89,123,9948,-9364,8396,-69,145,-207,-14360,4416,3468,-1007,98,-124,-14688,-2660,6248,-418,171,-81,0
3848.4708499908443,10496,4548,11100,-249,-97,151,9972,-9296,8572,-49,128,-202,-14676,4488,3436,-1000,119,-110,-14620,-2696,6160,-451,183,-60,0
3848.5074219703674,10456,4516,11056,-226,-105,151,9896,-9252,8208,-58,132,-205,-14624,4376,3260,-1000,93,-119,-14740,-2664,6316,-449,157,-85,0
3848.5429849624634,10520,4588,11000,-254,-133,118,10020,-9316,8456,-48,117,-239,-14632,4516,3252,-994,99,-140,-14664,-2616,6084,-424,153,-94,0
3848.5786459445953,10424,4528,11064,-224,-166,143,9764,-9224,8832,-27,127,-230,-14684,4428,3428,-1016,135,-152,-14720,-2652,5936,-474,223,-96,0
3848.6142070293427,10444,4456,11248,-228,-152,99,9952,-9252,8468,-32,126,-221,-14604,4392,3452,-989,150,-122,-14724,-2648,6080,-458,204,-79,0
3848.6494131088252,10580,4472,11256,-199,-141,144,9764,-9340,8524,-13,142,-222,-14696,4448,3252,-973,106,-128,-14672,-2568,6048,-463,206,-96,0
3848.6864891052246,10656,4488,11064,-218,-158,124,9996,-9320,8468,-7,122,-221,-14580,4476,3504,-993,97,-118,-14632,-2756,6172,-487,205,-63,0
3848.7200360298157,10744,4528,10964,-230,-106,129,9900,-9312,8496,-21,154,-196,-14648,4452,3480,-884,96,-136,-14640,-2588,6216,-474,180,-84,0
3848.7536699771886,10584,4512,11132,-208,-148,148,9936,-9300,8484,-88,119,-200,-14632,4448,3452,-897,55,-140,-14752,-2752,6116,-482,190,-54,0
3848.787372112274,10496,4616,11024,-216,-135,137,9984,-9264,8448,-70,159,-203,-14672,4384,3556,-915,76,-141,-14620,-2616,6156,-474,207,-76,0
3848.8210279941563,10544,4468,10988,-207,-157,130,9968,-9312,8380,-46,138,-209,-14556,4464,3352,-956,104,-79,-14540,-2712,6164,-483,176,-81,0
3848.8543560504913,10484,4584,11180,-228,-145,132,10052,-9328,8540,-42,110,-223,-14724,4512,3408,-965,89,-90,-14740,-2640,6088,-494,180,-104,0
3848.88791012764,10544,4472,11092,-264,-184,126,10208,-9284,8528,-26,102,-223,-14704,4448,3384,-1016,109,-142,-14380,-2520,6064,-475,185,-83,0
3848.9214661121373,10536,4560,10984,-198,-119,161,10040,-9252,8508,-3,122,-180,-14716,4500,3460,-772,93,-127,-14636,-2604,6148,-471,139,-77,0
3848.9594910144806,10592,4556,11140,-239,-108,133,10188,-9320,8360,-14,116,-168,-14616,4456,3436,-1012,85,-66,-14744,-2796,5916,-479,107,-124,0
3848.993320941925,10496,4552,11200,-213,-106,127,9932,-9328,8400,-44,103,-192,-14676,4436,3380,-919,122,-74,-14832,-2612,5968,-511,132,-84,0
3849.0269560813904,10720,4444,11060,-146,-128,125,9896,-9460,8596,-42,81,-195,-14476,4520,3508,-769,87,-102,-14640,-2728,6016,-464,126,-122,0
3849.0602750778194,10612,4456,11104,-186,-158,129,9936,-9312,8424,-48,83,-223,-14760,4428,3488,-1277,102,-153,-14584,-2616,6236,-513,164,-110,0
3849.093969106674,10568,4492,11048,-150,-108,119,9968,-9320,8484,-30,119,-192,-14812,4596,3212,-773,117,-93,-14612,-2604,6024,-478,143,-109,0
3849.1276249885564,10364,4528,11044,-176,-91,111,10048,-9300,8476,-21,136,-156,-14656,4416,3568,-1027,106,-75,-14632,-2644,6012,-478,154,-149,0
3849.1610710620885,10608,4528,11016,-154,-5,77,9956,-9284,8488,-6,144,-177,-14768,4428,3356,-1280,77,-73,-14708,-2732,6132,-454,140,-126,0
3849.194662094116,10592,4552,11016,-192,-63,105,9992,-9260,8492,-9,201,-168,-14548,4396,3464,-998,69,-118,-14404,-2724,6184,-458,138,-130,0
3849.2283351421356,10492,4496,11268,-176,-39,95,9872,-9044,8632,-36,173,-192,-14676,4300,3528,-960,58,-94,-14424,-2692,6168,-450,144,-143,0
3849.261713027954,10572,4556,10904,-152,-62,72,9924,-9332,8504,-75,164,-194,-14656,4528,3492,-937,1,-29,-14680,-2680,6140,-485,147,-176,0
3849.2948739528656,10512,4404,10880,-159,-28,64,10028,-9388,8588,-82,168,-140,-14596,4488,3092,-904,4,-64,-14828,-2644,6324,-611,151,-172,0
3849.3284029960632,10500,4484,11164,-78,-10,74,10064,-9268,8492,-131,8,-125,-14540,4444,3440,-887,-2,-120,-14396,-2612,6092,-534,168,-146,0
3849.3618850708003,10408,4568,11176,-70,-28,54,9980,-9340,8480,-159,256,-193,-14652,4612,3444,-881,8,-120,-14636,-2556,6184,-558,180,-173,0
3849.395420074464,10616,4540,11064,-147,-57,63,9980,-9268,8260,-118,173,-143,-14668,4420,3396,-886,22,-76,-14684,-2664,6084,-258,191,-119,0
3849.4291851520534,10608,4648,11032,-116,-19,96,9924,-9316,8364,-57,163,-142,-14828,4592,3364,-934,70,-7,-14644,-2680,6148,-474,128,-124,0
3849.462701082229,10544,4588,11104,-136,250,116,9932,-9040,8524,-63,135,-149,-14640,4512,3408,-934,57,-31,-14704,-2684,6012,-494,136,-133,0
3849.4960150718694,10496,4588,11200,-142,-51,112,10044,-9284,8468,-59,143,-151,-14840,4468,3344,-959,43,-55,-14736,-2364,5908,-502,101,-173,0
3849.5297651290894,10540,4824,11148,-120,-15,88,9956,-9408,8360,-74,142,-151,-14716,4488,3496,-944,61,-95,-14356,-2716,6152,-525,106,-142,0
3849.5634360313416,10616,4572,10808,-135,5,71,9904,-9340,8608,-59,156,-157,-14600,4512,3408,-989,96,-34,-14636,-2728,6272,-480,120,-148,0
3849.5970470905304,10528,4640,11188,-152,-11,59,9884,-9392,8444,-14,116,-181,-14520,4468,3388,-1053,60,-56,-14520,-2660,6140,-485,171,-169,0
3849.6304500102997,10428,4468,11048,-154,-42,57,9968,-9384,8504,-1,135,-168,-14604,4572,3468,-1054,79,-96,-14680,-2668,6216,-499,164,-158,0
3849.6638700962067,10472,4856,11060,-138,-11,84,9728,-9268,8512,-15,101,-170,-14364,4428,3416,-1051,127,-102,-14552,-2716,6108,-495,140,-124,0
3849.6973371505733,10696,4544,11200,-154,-30,78,9988,-9376,8532,34,115,-176,-14672,4468,3488,-1109,155,-97,-14648,-2688,6132,-474,142,-123,0
3849.734647989273,10508,4776,11080,-159,-42,115,9968,-9376,8432,251,88,-189,-14568,4464,3596,-1061,163,-66,-14644,-2660,6280,-500,104,-140,0
3849.770131111145,10504,4572,11252,-152,-62,117,10016,-9400,8520,17,101,-180,-14568,4444,3428,-1074,84,-100,-14640,-2696,6144,-434,158,-148,0
3849.8054509162903,10472,4588,11096,-181,-49,117,9972,-9228,8536,2,125,-193,-14844,4452,3320,-1059,72,-66,-14624,-2664,6096,-468,149,-106,0
3849.8410251140594,10468,4764,11236,-166,-67,95,9740,-9340,8404,-11,144,-186,-14628,4408,3444,-998,101,-97,-14352,-2744,6264,-461,138,-122,0
3849.8773050308228,10464,4476,11124,-184,-82,114,9896,-9276,8444,-7,120,-166,-14604,4432,3640,-1047,134,-84,-14688,-2700,6060,-470,118,-147,0
3849.9119160175323,10240,4412,11092,-169,-56,103,9912,-9288,8532,-32,162,-175,-14600,4432,3412,-1067,116,-59,-14628,-2696,5940,-492,141,-121,0
3849.9482159614563,10448,4544,11192,-172,-54,133,9992,-9324,8624,-15,118,-172,-14592,4392,3424,-1070,138,-104,-14836,-2636,6168,-519,127,-149,0
3849.9834380149846,10536,4568,11088,-148,-65,114,9900,-9332,8676,-27,128,-174,-14512,4496,3096,-1072,114,-25,-14628,-2644,6200,-510,103,-133,0
3850.0192041397095,10708,4380,11104,-149,-79,137,9820,-9308,8512,-8,115,-197,-14628,4472,3660,-1050,101,-115,-14692,-2740,6204,-487,131,-135,0
3850.0549759864803,10460,4612,11264,-158,-54,87,9740,-9340,8344,-47,127,-181,-14840,4468,3484,-1031,134,-60,-14708,-2644,6204,-760,146,-129,0
3850.0904250144963,10532,4576,10976,-147,-71,93,10024,-9376,8440,-43,131,-200,-14612,4412,3376,-1046,154,-110,-14612,-2672,6304,-482,124,-134,0
3850.1259319782253,10736,4576,11044,-181,-83,103,9736,-9268,8432,-15,130,-175,-14680,4488,3472,-1056,184,-36,-14540,-2680,5916,-475,148,-125,0
3850.161170959472,10468,4652,11168,-184,-80,102,9888,-9320,8512,-16,145,-198,-14704,4480,3156,-1050,149,-127,-14348,-2680,6164,-474,162,-133,0
3850.1970870494843,10712,4844,11204,-165,-43,80,9864,-9276,8452,-51,137,-162,-14676,4524,3504,-1004,135,-76,-14668,-2680,6204,-464,112,-143,0
3850.2322070598602,10464,4576,11132,-207,-30,109,10068,-9336,8480,8,131,-185,-14380,4532,3600,-1046,54,-84,-14700,-2676,6352,-497,136,-136,0
3850.2685561180115,10492,4596,11172,-193,-62,117,9924,-9416,8544,1,159,-149,-14436,4416,3560,-1023,75,-91,-14576,-2808,6128,-457,128,-128,0
3850.303691148758,10532,4624,11180,-190,-63,81,9912,-9372,8420,-68,220,-187,-14376,4408,3360,-920,87,-67,-14412,-2800,6008,-518,159,-158,0
3850.3392450809483,10504,4568,11056,-173,-50,72,9904,-9284,8208,-78,176,-170,-14392,4528,3332,-960,70,-85,-14368,-2740,6020,-496,163,-92,0
3850.374691963196,10464,4588,11096,-140,-63,84,9820,-9288,8612,-62,189,-149,-14604,4464,3384,-940,12,-71,-14652,-2736,6280,-497,157,-141,0
3850.4080460071564,10424,4584,11104,-184,-15,98,9884,-9308,8608,-65,218,-151,-14500,4396,3456,-923,106,-70,-14840,-2744,6292,-497,115,-108,0
3850.4415841102605,10468,4680,11104,-201,-13,78,10004,-9436,8260,-96,183,-162,-14644,4380,3508,-976,145,-55,-14640,-2732,6124,-487,134,-125,0
3850.4750261306763,10500,4496,11116,-202,-17,89,9804,-9384,8636,3,141,-176,-14804,4448,3356,-1050,67,-75,-14616,-2700,5924,-488,150,-103,0
3850.509016990661,10412,4840,10752,-204,-64,128,9920,-9256,8692,18,120,-205,-14500,4428,3400,-1167,227,-105,-14708,-2600,6164,-492,110,-91,0
3850.542424917221,10472,4584,11088,-231,-81,133,9912,-9188,8388,-6,131,-200,-14388,4520,3400,-1038,155,-134,-14388,-2708,6264,-491,158,-52,0
3850.575837135315,10252,4572,11016,-239,-111,145,9860,-9280,8604,-46,104,-174,-14380,4464,3496,-993,137,-65,-14612,-2652,6176,-456,137,-71,0
3850.6092829704285,10740,4844,11064,-245,-102,129,9848,-9284,8540,-40,76,-198,-14604,4360,3548,-997,91,-99,-14684,-2676,6152,-443,142,-82,0
3850.6426279544826,10408,4364,11180,-254,-120,146,9972,-9364,8420,-28,84,-194,-14544,4488,3500,-1033,95,-79,-14664,-2660,6348,-440,141,-59,0
3850.6761469841003,10432,4704,11052,-282,-108,126,10008,-9292,8584,-83,126,-191,-14664,4488,3320,-1011,135,-103,-14376,-2668,6168,-437,95,-80,0
3850.710000038147,10556,4588,11116,-279,-68,137,9948,-9288,8444,-75,130,-200,-14704,4460,3448,-1020,120,-75,-14800,-2636,6236,-455,114,-59,0
3850.743488073349,10664,4576,11172,-291,-113,146,9888,-9400,8496,-29,105,-202,-14692,4440,3460,-1010,143,-109,-14528,-2624,6152,-442,173,-63,0
3850.7771949768066,10516,4528,11188,-270,-113,127,9928,-9256,8440,-32,110,-222,-14724,4508,3344,-1042,146,-108,-14700,-2688,6156,-463,205,-80,0
3850.810657978058,10556,4576,11268,-224,-172,175,9936,-9300,8564,14,91,-236,-14692,4512,3328,-1071,148,-151,-14668,-2640,6112,-452,179,-68,0
3850.8440599441524,10492,4572,11060,-209,-172,142,10012,-9256,8528,22,122,-228,-14580,4444,3604,-1008,109,-148,-14564,-2660,6128,-446,159,-95,0
3850.8774881362915,10580,4524,11268,-6,-123,133,9952,-9248,8512,-32,126,-193,-14636,4512,3440,-977,90,-93,-14608,-2612,6160,-405,193,-95,0
3850.910810947418,10484,4492,11040,-5,-118,134,10148,-9472,8200,-18,134,-194,-14540,4492,3404,-934,91,-72,-14672,-2660,6164,-468,207,-83,0
3850.944183111191,10672,4520,10936,-282,-142,123,9896,-9336,8584,2,131,-197,-14716,4452,3444,-919,82,-105,-14776,-2692,6084,-441,180,-88,0
3850.97756409645,10564,4404,11028,-271,-147,144,9976,-9280,8480,14,131,-222,-14512,4384,3384,-942,115,-108,-14588,-2612,6068,-434,181,-66,0
3851.0111501216893,10552,4524,11128,-255,-122,133,9744,-9344,8608,14,133,-251,-14668,4536,3464,-986,110,-104,-14692,-2636,6060,-428,220,-51,0
3851.0447931289673,10640,4376,11072,-301,-143,149,9992,-9348,8656,36,113,-223,-14596,4508,3428,-1048,145,-119,-14812,-2584,6104,-461,209,-61,0
3851.0782301425934,10540,4544,11136,-193,-105,147,9956,-9280,8204,39,118,-185,-14828,4512,3312,-1047,109,-93,-14676,-2620,6380,-480,144,-118,0
3851.111825942993,10584,4584,11016,-212,-87,125,10012,-9308,8348,16,137,-213,-14400,4508,3568,-1025,148,-134,-14612,-2472,6100,-483,158,-104,0
3851.1450440883636,10520,4440,11000,-233,-111,128,9912,-9396,8564,252,81,-219,-14608,4416,3372,-1049,170,-123,-14840,-2652,6148,-507,201,-110,0
3851.1785309314723,10528,4576,11104,-188,-171,132,9952,-9324,8444,-23,44,-263,-14664,4412,3392,-1044,195,-156,-14708,-2420,6064,-524,215,-94,0
3851.2122061252594,10524,4492,11204,-170,-167,159,10000,-9320,8192,-54,92,-245,-14808,4524,3432,-1278,194,-156,-14680,-2636,6116,-504,215,-79,0
3851.245700120926,10576,4524,11156,-199,-191,157,10004,-9276,8524,-58,96,-5,-14588,4516,3564,-1039,188,-159,-14636,-2652,6092,-475,282,-65,0
3851.279111146928,10660,4344,11168,-256,-174,178,10192,-9228,8724,-36,106,-242,-14668,4372,3568,-1010,149,-127,-14716,-2536,6136,-475,278,-93,0
3851.3126521110535,10636,4464,11184,-319,-173,185,9956,-9408,8480,-24,151,-225,-14540,4400,3460,-995,87,-106,-14700,-2516,6052,-452,367,-121,0
3851.3459961414333,10540,4516,11128,-378,-180,210,10068,-9464,8500,-36,137,-248,-14556,4400,3464,-964,68,-154,-14716,-2684,6200,-494,406,-96,0
3851.3792600631714,10608,4452,11104,-359,-191,184,10092,-9244,8536,-3,113,-275,-14692,4392,3328,-1043,164,-144,-14660,-2680,6224,-494,362,-112,0
3851.4170849323273,10580,4440,11212,-323,-189,158,9824,-9292,8540,-255,117,-275,-14712,4416,3508,-1024,144,-170,-14724,-2808,6184,-469,281,-113,0
3851.452368974685,10664,4472,11100,-214,-178,115,9952,-9224,8616,2,123,-249,-14636,4440,3272,-1276,124,-163,-14660,-2548,5952,-505,224,-133,0
3851.4880740642548,10576,4408,11236,-246,-171,121,9992,-9260,8404,-32,132,-263,-14644,4416,3348,-1024,145,-169,-14372,-2632,5948,-496,264,-101,0
3851.5233659744263,10540,4420,10888,-317,-290,136,9920,-9312,8556,-4,132,-243,-14556,4440,3424,-1048,154,-154,-14792,-2700,6072,-487,267,-60,0
3851.5596079826355,10640,4476,11060,-279,-214,191,9980,-9212,8444,-45,143,-227,-14712,4396,3496,-1040,161,-161,-14788,-2548,6064,-522,221,-66,0
3851.5947499275203,10716,4512,11196,-222,-231,160,10200,-9292,8472,-62,101,-237,-14696,4332,3500,-989,152,-136,-14632,-2664,5956,-544,216,-67,0
3851.630510091781,10584,4428,11080,-199,-255,165,10236,-9408,8576,-45,100,-226,-14524,4364,3424,-1035,162,-168,-14396,-2676,5920,-532,214,-48,0
3851.6655840873714,10528,4412,11064,-188,-226,200,9896,-8968,8228,-88,170,-240,-14596,4348,3500,-1009,223,-120,-14748,-2720,6008,-764,198,-28,0
3851.701779127121,10716,4416,10916,-225,-241,168,10012,-9160,8408,-103,130,-185,-14644,4328,3268,-986,235,-72,-14672,-2580,6004,-461,164,-28,0
3851.7378180027013,10804,4420,10912,-227,-149,190,10052,-9136,8488,-66,113,-159,-14756,4604,3576,-1011,168,-66,-14780,-2716,5892,-491,110,-38,0
3851.773323059082,10800,4516,11240,-149,-109,136,10040,-9184,8496,-78,112,-169,-14772,4328,3328,-1026,145,-41,-14684,-2592,6168,-528,40,-48,0
3851.809239149093,10668,4428,11052,-73,-130,116,10048,-9296,8500,-99,66,-161,-14720,4392,3416,-983,148,-64,-14716,-2668,5944,-452,58,-23,0
3851.8445460796356,10616,4436,11140,-95,-190,100,10132,-9320,8624,-115,-21,-231,-14728,4488,3300,-1039,174,-63,-14700,-2504,6024,-464,101,-24,0
3851.8796930313115,10580,4124,11156,-120,-187,158,10024,-9360,8352,-87,101,-155,-14612,4424,3280,-880,81,-56,-14668,-2468,6072,-494,119,-41,0
3851.9147279262543,10728,4340,10960,-171,-159,162,10020,-9268,8432,-45,78,-168,-14764,4484,3192,-1016,140,-91,-14636,-2476,6092,-442,134,-22,0
3851.9504921436314,10676,4104,11116,-268,-83,189,10024,-9316,8416,253,67,-147,-14704,4496,3224,-1003,132,-62,-14744,-2364,5900,-427,102,-54,0
3851.9861171245575,10840,4356,11120,-225,-94,168,10096,-9400,8604,6,62,-175,-14700,4436,3280,-1094,194,-78,-14736,-2640,6032,-500,100,-58,0
3852.0216770172124,10796,4384,11132,-302,-127,185,10004,-9288,8568,18,17,-213,-14656,4452,3600,-1044,238,-179,-14632,-2380,6116,-761,158,-80,0
3852.0580589771275,10692,4328,11144,-238,-286,145,9940,-9260,8412,60,57,-263,-14744,4364,3464,-1063,169,-166,-14640,-2512,6100,-502,214,-84,0
3852.0916249752045,10668,4332,11060,-235,-303,161,10000,-9328,8516,47,17,-321,-14692,4536,3388,-1101,111,-177,-14688,-2492,5828,-453,242,-138,0
3852.1253480911255,10820,4576,10860,-124,-7,106,10072,-9112,8360,255,113,-295,-14536,4252,3276,-1011,152,-196,-14652,-2556,5868,-430,256,-129,0
3852.1585259437566,10656,4248,10828,-120,-155,116,9992,-9188,8240,-41,160,-243,-14540,4284,3108,-1081,231,-178,-14532,-2516,5948,-401,232,-119,0
3852.1919751167293,10796,4328,10720,-133,-11,115,9992,-8984,8360,-29,244,-185,-14624,4064,3560,-1094,152,-55,-14868,-2536,5732,-319,184,-135,0
3852.22546195984,11048,4292,10652,-207,224,81,10008,-9056,8496,-2,344,-52,-14836,4296,2944,-1153,95,69,-14876,-2476,5712,-297,122,-116,0
3852.259114980697,10940,4212,10768,-264,391,45,10228,-9452,8500,49,369,35,-14836,4404,3220,-1194,23,94,-14760,-2816,6032,-283,78,-105,0
3852.2927980422974,10792,4580,11164,-257,412,27,10180,-9100,8564,26,371,18,-14724,4316,3540,-1108,59,73,-14844,-2664,6052,-317,-24,-108,0
3852.3265471458435,10596,4608,11124,-167,307,67,10180,-9324,8832,-88,233,-31,-14604,4384,3572,-1056,9,64,-14680,-2608,6072,-439,-5,-153,0
3852.3599259853363,10644,4516,10972,-31,207,78,9932,-9332,8572,-73,164,-62,-14632,4392,3364,-1049,40,64,-14640,-2492,6168,-449,3,-169,0
3852.3932440280914,10572,4388,11000,-34,174,60,10064,-9176,8412,-138,165,-60,-14700,4396,3308,-1036,-62,95,-14760,-2592,6176,-434,-95,-167,0
3852.4268159866333,10604,4488,11168,-97,246,41,9952,-9308,8512,-158,240,-33,-14660,4392,3460,-946,-81,124,-14680,-2516,6144,-489,-72,-183,0
3852.4603340625763,10600,4440,11056,-121,145,45,9940,-9472,8532,-128,191,-16,-14628,4476,3092,-940,-40,33,-14580,-2516,6120,-490,-45,-163,0
3852.4938089847565,10624,4412,11412,-131,123,97,10028,-9412,8404,-147,193,-39,-14632,4456,3212,-961,33,66,-14572,-2320,5996,-502,13,-88,0
3852.5274319648743,10564,4420,11164,-131,66,161,9884,-9380,8484,-118,131,-54,-14492,4600,2864,-1014,159,50,-14696,-2440,5928,-479,105,-26,0
3852.5610411167145,10404,4332,11192,-145,54,184,9940,-9388,8388,-121,95,-73,-14592,4452,3556,-804,156,53,-14696,-2492,6164,-484,108,-34,0
3852.5944731235504,10600,4476,11192,-185,-35,194,10004,-9388,8484,-94,131,-132,-14680,4492,3484,-1003,155,-39,-14348,-2640,6276,-494,115,-76,0
3852.6281731128693,10528,4132,11156,-190,20,144,9916,-9388,8516,-72,131,-130,-14740,4520,3396,-1066,163,-64,-14688,-2488,6208,-473,76,-130,0
3852.6616699695587,10520,4356,11224,-161,45,92,9944,-9336,8492,-38,149,-125,-14680,4480,3264,-1016,78,-51,-14660,-2640,6284,-550,48,-168,0
3852.6949729919434,10584,4448,11056,-130,66,66,9952,-9328,8496,-45,172,-154,-14688,4432,3572,-952,26,-52,-14652,-2556,6092,-763,38,-200,0
3852.7287309169774,10540,4436,11216,-148,40,11,9980,-9384,8368,-32,188,-198,-14660,4464,3244,-971,-27,-74,-14700,-2464,6380,-544,126,-204,0
3852.7623119354243,10684,4396,10940,-79,23,-8,10092,-9312,8380,-34,193,-155,-14688,4576,3340,-1002,-1,-106,-14832,-2528,6032,-510,53,-172,0
3852.7957119941707,10696,4416,10968,-114,79,49,9944,-9268,8280,23,167,-107,-14724,4208,3252,-1067,7,-50,-14816,-2552,6052,-483,48,-186,0
3852.829381942749,10488,4528,11096,-267,69,51,9900,-9324,8564,3,238,-99,-14664,4500,3356,-984,17,27,-14656,-2632,5904,-434,93,-125,0
3852.8623440265656,10288,4544,10792,-290,82,94,9840,-9400,8544,-39,187,-103,-14352,4488,3492,-995,40,-46,-14732,-2512,6100,-480,116,-60,0
3852.895539999008,10520,4552,11060,-290,15,157,9844,-9364,8520,-43,169,-57,-14632,4464,3712,-1004,86,7,-14804,-2660,6352,-497,79,-83,0
3852.9292421340942,10468,4472,11088,-252,250,191,9832,-9268,8608,-84,141,-68,-14568,4520,3488,-1035,101,51,-14708,-2676,6172,-513,53,-63,0
3852.9628400802612,10464,4488,11180,-198,244,227,9984,-9328,8588,-128,106,-78,-14616,4448,3592,-1029,128,66,-14696,-2540,6128,-533,34,-50,0
3852.996617078781,10556,4452,11080,-197,-19,184,9816,-9340,8592,-109,109,-74,-14652,4352,3500,-789,114,70,-14600,-2640,6172,-541,31,-36,0
3853.030096054077,10552,4436,11076,-191,1,200,9824,-9244,8512,-106,39,-69,-14536,4544,3168,-1034,149,-245,-14604,-2536,6348,-509,44,-33,0
3853.0635459423065,10516,4320,11220,-151,31,185,9900,-9372,8460,-88,95,-61,-14712,4476,3176,-991,149,20,-14724,-2664,6260,-519,63,-100,0
3853.101709127426,10612,4296,11172,-175,67,160,9876,-9332,8340,-97,128,-101,-14640,4588,3296,-945,126,-32,-14624,-2408,6252,-474,67,-105,0
3853.1374011039734,10504,4344,11260,-159,105,80,9992,-9700,8432,-26,137,-144,-14596,4360,3216,-1024,108,-42,-14536,-2504,6176,-426,124,-139,0
3853.1724441051483,10284,4200,11416,-160,15,27,9840,-9540,8308,3,172,-203,-14840,4632,3476,-1037,67,-108,-14484,-2452,6288,-476,188,-196,0
3853.2080950737004,10420,4412,11352,-112,-13,-16,9876,-9520,8428,-253,174,-240,-14692,4380,3376,-993,64,-136,-14836,-2500,6204,-509,200,-190,0
3853.2433519363403,10500,4380,11468,-104,-43,-15,9728,-9556,8468,-245,170,-225,-14632,4668,3232,-992,38,-157,-14760,-2484,6196,-499,153,-216,0
3853.2792251110077,10536,4348,11220,-132,9,-14,9892,-9460,8700,-20,202,-235,-14696,4508,3208,-1008,24,-115,-14692,-2568,6224,-520,105,-213,0
3853.314330101013,10600,4504,11068,-117,15,21,9896,-9432,8520,18,189,-185,-14632,4488,3240,-1033,33,-127,-14672,-2808,6288,-519,94,-247,0
3853.349501132965,10316,4444,11140,-76,37,6,9920,-9320,8640,29,150,-205,-14404,4412,3452,-1003,31,-73,-14632,-2604,6396,-510,100,-213,0
3853.3848099708557,10564,4592,11124,-98,55,-20,9976,-9228,8212,-6,193,-201,-14676,4336,3452,-991,-17,-120,-14680,-2636,6216,-518,106,-238,0
3853.4206280708313,10384,4592,11264,-105,15,-39,9744,-9296,8564,40,205,-208,-14612,4416,3600,-1014,13,-103,-14608,-2664,6220,-547,118,-227,0
3853.455528974533,10360,4592,11272,-87,11,255,9868,-9356,8524,34,184,-207,-14408,4476,3084,-1015,52,-109,-14696,-2628,6064,-518,134,-211,0
3853.4917409420013,10400,4560,11408,-88,-43,23,9764,-9328,8568,6,127,-216,-14572,4536,3228,-1008,116,-97,-14552,-2724,6016,-475,177,-120,0
3853.5276119709015,10424,4592,11172,-139,-76,89,9820,-9376,8584,-7,104,-229,-14420,4632,3408,-989,115,-68,-14612,-2548,6128,-477,154,-100,0
3853.562842130661,10452,4376,11096,-150,-69,119,9856,-9404,8668,-43,86,-189,-14516,4596,3364,-1012,140,-68,-14672,-2588,6220,-484,146,-80,0
3853.598119020462,10380,4404,11500,-205,-71,140,9828,-9356,8528,-14,91,-144,-14488,4504,3476,-1051,190,-13,-14676,-2572,6316,-477,85,-80,0
3853.6335411071773,10436,4580,11180,-200,-70,173,9812,-9416,8492,-36,86,-151,-14656,4500,3452,-1280,184,-62,-14668,-2760,6344,-502,67,-77,0
3853.6697070598602,10468,4472,11276,-204,-97,155,9992,-9452,8536,-16,68,-174,-14592,4800,3552,-1041,167,-18,-14560,-2368,6228,-508,118,-125,0
3853.7048640251164,10396,4464,11172,-168,-35,149,9948,-9364,8436,-4,70,-158,-14680,4532,3344,-1051,125,-50,-14612,-2544,6204,-540,94,-111,0
3853.7407290935516,10456,4452,11188,-124,-71,132,9892,-9368,8380,14,78,-162,-14540,4532,3344,-1008,145,-61,-14680,-2620,6380,-519,79,-139,0
3853.7742199897766,10428,4588,11376,-172,-44,102,9976,-9400,8512,-53,120,-179,-14716,4576,3360,-1005,112,-108,-14676,-2812,6144,-763,106,-126,0
3853.807676076889,10636,4772,11108,-138,-66,84,9960,-9228,8528,-37,128,-190,-14800,4524,3484,-1019,92,-62,-14680,-2720,6248,-518,114,-149,0
3853.841285943985,10392,4528,10964,-139,-41,106,9920,-9280,8412,-20,125,-165,-14344,4564,3344,-1040,86,-81,-14532,-2628,6172,-529,136,-162,0
3853.874347925186,10428,4536,11072,-137,-27,71,9824,-9376,8524,-23,146,-180,-14528,4492,3412,-1007,114,-107,-14572,-2668,6304,-502,136,-133,0
3853.9076211452484,10276,4548,11132,-183,-72,112,9780,-9360,8524,-27,166,-181,-14612,4544,3444,-1011,94,-60,-14436,-2672,6212,-486,145,-114,0
3853.9412131309514,10404,4508,11204,-162,-62,84,9792,-9384,8548,-49,106,-199,-14528,4480,3544,-982,89,-99,-14664,-2644,6220,-500,156,-110,0
3853.977319955826,10404,4500,11228,-143,-67,94,9888,-9404,8400,-36,134,-205,-14588,4520,3436,-1022,120,-60,-14684,-2716,6244,-467,156,-113,0
3854.0112531185146,10240,4552,11208,-194,-57,124,9804,-9348,8436,-36,134,-195,-14660,4480,3304,-1022,108,-100,-14672,-2704,6220,-453,187,-121,0
3854.0452361106873,10440,4628,11156,-191,-61,109,9916,-9356,8552,-61,143,-176,-14564,4532,3400,-989,97,-67,-14672,-2648,6172,-472,153,-121,0
3854.078742027282,10584,4556,11196,-228,-92,130,9904,-9380,8544,-60,147,-175,-14612,4460,3392,-1031,72,-102,-14504,-2704,5920,-453,179,-74,0
3854.1119959354405,10344,4444,11308,-195,-107,152,9840,-9276,8500,-42,156,-178,-14516,4424,3576,-957,102,-79,-14468,-2816,6212,-459,215,-84,0
3854.1454799175262,10372,4508,11188,-178,-118,136,9856,-9424,8480,-60,166,-228,-14504,4592,3540,-949,102,-92,-14684,-2720,6196,-484,193,-65,0
3854.1791200637813,10416,4504,11340,-213,-157,101,9916,-9400,8432,-72,133,-241,-14360,4572,3540,-943,92,-138,-14780,-2592,6384,-465,174,-117,0
3854.2127370834346,10572,4588,11152,-203,-149,102,9972,-9412,8528,-76,122,-208,-14584,4532,3348,-963,90,-107,-14688,-2560,6216,-502,117,-140,0
3854.2464039325714,10444,4448,11068,-174,-54,115,9956,-9448,8568,-17,85,-191,-14816,4504,3440,-993,127,-80,-14592,-2588,6312,-493,119,-98,0
3854.2800920009613,10412,4584,11020,-186,-56,91,9904,-9440,8556,18,223,-68,-14708,4584,3356,-893,120,-62,-14780,-2532,6192,-454,108,-142,0
3854.3134160041814,10420,4532,11100,-205,-36,108,9900,-9268,8456,-2,163,-160,-14636,4516,3364,-1049,155,-29,-14628,-2632,6212,-490,81,-121,0
3854.347235918045,10300,4584,11220,-193,-42,131,9936,-9388,8548,-18,123,-181,-14808,4568,3552,-774,177,-59,-14604,-2632,6188,-501,112,-95,0
3854.3807480335236,10308,4560,11212,-161,-83,136,9892,-9344,8428,-51,63,-201,-14496,4516,3256,-1028,147,-113,-14672,-2588,6044,-504,119,-109,0
3854.4142141342163,10336,4440,11212,-181,-94,134,9876,-9484,8392,-32,47,-186,-14656,4528,3352,-995,133,-91,-14592,-2668,6212,-484,112,-110,0
3854.447755098344,10440,4488,11176,-201,-77,126,10096,-9408,8484,-22,120,-167,-14632,4456,3440,-1002,131,-88,-14652,-2672,6264,-459,152,-123,0
3854.4812409877773,10432,4584,11168,-239,-128,89,9892,-9388,8696,-26,114,-220,-14552,4664,3404,-1004,112,-108,-14572,-2600,5992,-492,169,-129,0
3854.5146310329437,10400,4628,11284,-207,-115,81,9928,-9396,8464,-47,96,-244,-14824,4488,3116,-979,82,-153,-14540,-2568,6148,-484,168,-160,0
3854.5482749938965,10432,4604,11208,-240,-102,85,9908,-9404,8516,-33,119,-240,-14820,4576,3528,-979,97,-163,-14440,-2704,6388,-468,178,-102,0
3854.5817151069646,10360,4488,11284,-248,-178,98,9844,-9460,8256,-50,113,-512,-14616,4612,3400,-968,107,-142,-14616,-2740,6176,-469,182,-79,0
3854.615222930908,10376,4464,11212,-263,-202,128,9832,-9412,8640,-67,105,-278,-14788,4472,3308,-921,157,-142,-14556,-2552,6236,-464,217,-58,0
3854.6484410762787,10508,4476,11056,-278,-1,168,9864,-9392,8360,-74,27,-261,-14676,4576,3196,-927,160,-168,-14636,-2364,6184,-474,234,-18,0
3854.6819190979004,10432,4492,11088,-272,-203,163,9916,-9456,8436,-38,57,-213,-14664,4456,3492,-941,166,-179,-14840,-2808,5936,-467,203,-46,0
3854.7155981063843,10520,4516,11108,-273,-208,199,10104,-9300,8444,-106,48,-512,-14548,4520,3400,-942,177,-152,-14676,-2596,6180,-479,246,-56,0
3854.7517399787903,10584,4412,11276,-236,-183,155,9872,-9324,8492,-85,106,-221,-14544,4492,3356,-843,141,-168,-14672,-2500,6380,-487,237,-73,0
3854.78768491745,10588,4476,10840,-223,-200,160,10032,-9316,8512,-63,101,-218,-14612,4540,3312,-889,139,-106,-14600,-2628,6256,-515,232,-79,0
3854.8230130672455,10636,4380,11208,-215,-164,141,10064,-9388,8688,-40,153,-241,-14624,4472,3404,-931,125,-140,-14672,-2628,6252,-448,189,-104,0
3854.858206033706,10552,4556,11240,-284,-159,138,10036,-9468,8460,-29,210,-209,-14700,4448,3320,-995,37,-139,-14656,-2316,6160,-469,225,-116,0
3854.8937871456146,10472,4340,11156,-267,-166,107,9916,-9384,8440,-34,205,-210,-14704,4480,3128,-1022,59,-84,-14640,-2592,6060,-488,191,-116,0
3854.9297780990605,10240,4432,10952,-265,-179,130,9904,-9472,8420,-10,143,-208,-14572,4468,3232,-1020,103,-112,-14596,-2756,6060,-477,169,-86,0
3854.9648530483246,10732,4516,11048,-225,-136,159,9908,-9328,8688,-22,49,-192,-14620,4580,3364,-1054,192,-73,-14720,-2552,6336,-503,102,-75,0
3855.0006930828094,10564,4332,11192,-202,-90,147,9892,-9480,8420,30,56,-185,-14644,4536,3424,-1053,140,-89,-14652,-2604,6196,-502,115,-78,0
3855.0371389389043,10548,4448,11172,-227,-161,176,9904,-9368,8448,8,71,-159,-14640,4464,3504,-1076,158,-89,-14660,-2676,6140,-467,131,-85,0
3855.0725810527806,10528,4472,11324,-203,-190,125,10072,-9320,8424,-25,59,-205,-14592,4492,3292,-1038,168,-131,-14692,-2464,6160,-462,235,-83,0
3855.1082351207733,10600,4388,11028,-241,-211,180,10016,-9360,8628,3,75,-224,-14640,4380,3344,-1051,204,-149,-14780,-2596,6176,-456,148,-100,0
3855.1432950496674,10712,4508,11212,-191,-140,149,10116,-9260,8408,6,117,-199,-14620,4356,3276,-1017,103,-107,-14684,-2668,6144,-469,77,-143,0
3855.1781921386723,10660,4452,10900,-225,-105,111,10188,-9356,8456,-8,135,-172,-14604,4472,3380,-993,75,-89,-14680,-2464,6116,-467,70,-137,0
3855.2143089771275,10588,4328,11104,-168,-39,75,10068,-9336,8492,-43,141,-167,-14696,4432,3108,-983,104,-41,-14708,-2552,6132,-505,127,-144,0
3855.250123977661,10504,4356,11084,-180,29,81,9980,-9332,8284,18,165,-184,-14620,4488,3272,-1064,122,-77,-14664,-2440,6316,-437,112,-152,0
3855.285262107849,10660,4464,11180,-175,47,78,9944,-9340,8580,10,189,-164,-14436,4552,3432,-1073,89,-30,-14660,-2380,6152,-440,163,-123,0
3855.321038007736,10520,4448,11256,-182,251,100,9740,-9324,8196,-21,178,-183,-14584,4576,3352,-1039,103,-95,-14616,-2392,6056,-442,153,-117,0
3855.356073141098,10464,4396,11316,-211,-12,97,9944,-9416,8572,-7,136,-135,-14456,4552,3360,-1013,85,-90,-14664,-2508,6220,-489,138,-103,0
3855.3924391269684,10420,4456,11056,-174,-28,125,9828,-9348,8568,-85,185,-149,-14576,4532,3460,-916,72,-58,-14652,-2604,6152,-479,133,-110,0
3855.428236961365,10584,4488,11248,-129,-17,99,10060,-9276,8480,-106,159,-150,-14708,4448,3456,-864,79,-29,-14680,-2600,6136,-491,95,-105,0
3855.4618589878082,10712,4488,10992,-164,-43,110,10000,-9396,8464,-73,145,-149,-14644,4488,3200,-884,41,-63,-14440,-2556,6008,-488,146,-109,0
3855.4954330921173,10716,4392,11280,-163,-1,67,10084,-9352,8356,-88,193,-147,-14664,4504,3264,-927,56,-93,-14780,-2568,5932,-527,128,-170,0
3855.528995990753,10556,4376,11020,-119,20,67,9920,-9472,8412,-62,191,-183,-14604,4376,3264,-961,77,-76,-14680,-2792,6208,-532,125,-160,0
3855.5623631477356,10568,4312,11124,-123,21,35,10044,-9432,8340,-20,150,-180,-14632,4488,3312,-1016,78,-34,-14684,-2316,6104,-522,152,-182,0
3855.5955770015717,10544,4564,11152,-169,-21,20,9924,-9440,8564,2,199,-173,-14676,4516,3568,-1031,74,-116,-14740,-2632,6172,-494,149,-182,0
3855.6292650699615,10544,4416,11032,-96,17,37,10168,-9368,8544,-4,191,-138,-14736,4560,3460,-1045,40,-96,-14692,-2600,6324,-504,144,-183,0
3855.6624619960785,10504,4380,11200,-94,27,36,9952,-9400,8540,57,180,-162,-14712,4512,3248,-1110,71,-63,-14624,-2656,6344,-493,125,-231,0
3855.695820093155,10444,4484,11152,-133,41,49,9840,-9292,8380,63,202,-187,-14340,4480,3456,-1113,93,-21,-14612,-2652,6260,-483,100,-138,0
3855.7296090126038,10460,4532,11260,-113,40,42,9888,-9336,8444,-33,154,-148,-14620,4436,3444,-1070,60,-25,-14712,-2764,6148,-434,65,-155,0
3855.7631521224976,10528,4556,11180,-179,-17,70,9940,-9356,8592,-1,78,-161,-14480,4520,3428,-1101,106,-61,-14576,-2316,6196,-468,86,-123,0
3855.7962510585785,10300,4492,11048,-187,-21,110,9984,-9316,8432,-20,73,-137,-14428,4516,3456,-1127,150,-40,-14616,-2532,6316,-439,89,-115,0
3855.8300211429596,10536,4540,11016,-149,-27,130,9956,-9356,8532,-256,94,-117,-14604,4440,3444,-1094,130,-27,-14616,-2632,6132,-470,73,-112,0
3855.863549947738,10496,4512,11136,-162,-15,119,9948,-9304,8500,-13,104,-164,-14656,4524,3360,-1058,149,-33,-14628,-2696,5892,-261,77,-140,0
3855.8973159790044,10404,4572,11212,-97,4,113,9984,-9416,8408,-23,121,-181,-14580,4600,3308,-1071,105,-98,-14560,-2664,6252,-757,131,-135,0
3855.9306170940404,10516,4448,10988,-133,-32,105,9928,-9328,8628,-254,142,-188,-14788,4512,3532,-1054,156,-86,-14660,-2604,6220,-495,155,-117,0
3855.9640610218053,10428,4616,11244,-119,-24,87,9884,-9096,8348,-39,93,-192,-14708,4480,3576,-1067,112,-61,-14656,-2620,6236,-501,143,-157,0
3855.99742102623,10468,4536,11080,-145,-79,109,9928,-9368,8472,-39,128,-185,-14584,4460,3384,-987,112,-50,-14624,-2604,6224,-462,131,-131,0
3856.0311601161957,10520,4544,11376,-165,-67,106,9900,-9436,8416,-68,151,-184,-14604,4460,3372,-987,104,-54,-14580,-2604,6216,-444,170,-96,0
3856.0647680759434,10748,4596,11040,-180,-49,124,10004,-9444,8580,-31,96,-156,-14600,4504,3408,-990,77,-69,-14688,-2536,6368,-482,157,-107,0
3856.0982069969173,10340,4564,11200,-161,-48,114,10188,-9392,8468,-52,155,-172,-14584,4548,3404,-971,99,-116,-14636,-2572,6296,-464,168,-120,0
3856.1318421363835,10316,4508,11156,-206,-103,104,10000,-9404,8412,-76,153,-205,-14592,4560,3352,-938,28,-93,-14684,-2364,6316,-486,227,-128,0
3856.1655049324036,10564,4424,11120,-165,-81,94,9904,-9404,8524,-114,176,-179,-14604,4448,3276,-928,63,-72,-14724,-2528,6304,-496,149,-138,0
3856.198764085769,10724,4596,11024,-164,-77,106,9964,-9428,8400,-44,150,-190,-14828,4512,3088,-888,62,-97,-14800,-2648,6208,-268,179,-114,0
3856.2323939800262,10396,4532,11156,-181,-46,95,10020,-9288,8472,-76,141,-200,-14544,4448,3364,-956,86,-135,-14372,-2608,6356,-501,177,-119,0
3856.265995979309,10496,4484,11048,-182,-51,69,9568,-9332,8564,-62,134,-192,-14392,4408,3308,-947,118,-58,-14508,-2604,6200,-503,158,-90,0
3856.2995350360875,10424,4580,11260,-186,-71,117,9928,-9300,8524,-109,81,-152,-14684,4472,3376,-947,143,-30,-14640,-2576,6132,-526,164,-96,0
3856.333172082901,10488,4528,11140,-215,-103,157,9900,-9340,8608,-60,92,-179,-14640,4520,3412,-997,159,-62,-14676,-2696,6384,-493,174,-87,0
3856.3668310642242,10416,4356,11092,-174,-105,156,9852,-9360,8512,-50,91,-174,-14636,4384,3488,-1020,152,-83,-14636,-2640,6144,-501,116,-101,0
3856.3999950885773,10528,4428,11144,-184,-151,97,9744,-9364,8552,-38,104,-217,-14780,4488,3408,-1003,103,-91,-14648,-2572,6172,-493,131,-110,0
3856.436031103134,10440,4492,11180,-155,-54,100,9880,-9324,8404,31,115,-170,-14548,4352,3116,-1083,124,-255,-14620,-2468,6216,-487,132,-168,0
3856.4721419811253,10244,4456,11232,-157,-19,77,9936,-9372,8360,65,139,-183,-14652,4536,3304,-1085,156,-84,-14552,-2596,6220,-440,105,-157,0
3856.5077691078186,10284,4456,11176,-183,-32,10,9964,-9420,8288,61,217,-239,-14612,4504,3368,-1054,13,-100,-14548,-2524,6192,-388,150,-212,0
3856.5428969860077,10716,4400,11120,-215,-90,-7,10020,-9532,8648,69,171,-510,-14676,4564,3572,-1082,55,-196,-14812,-2544,6268,-441,174,-221,0
3856.5792999267574,10732,4444,11184,-161,-15,-4,9908,-9392,8404,110,178,-241,-14680,4616,3348,-1080,-238,-121,-14600,-2336,6368,-458,113,-229,0
3856.6144111156464,10564,4412,11228,-134,11,-9,9908,-9392,8592,92,163,-215,-14572,4516,3404,-1045,67,-172,-14696,-2544,6264,-491,114,-229,0
3856.64986205101,10404,4440,11184,-113,-7,-246,10028,-9320,8380,92,215,-223,-14640,4468,3424,-1073,13,-133,-14576,-2704,6204,-450,169,-217,0
3856.6850140094757,10420,4820,11024,-202,-36,-14,9920,-9372,8564,49,251,-230,-14636,4484,3356,-1044,-6,-137,-14632,-2644,6264,-436,221,-182,0
3856.7210199832916,10360,4784,11184,-217,-81,52,9896,-9356,8840,8,212,-221,-14672,4516,3408,-972,95,-152,-14628,-2656,6216,-465,191,-125,0
3856.757513999939,10420,4660,11060,-199,-119,85,9912,-9312,8604,-43,161,-214,-14620,4428,3412,-999,107,-146,-14804,-3048,6044,-478,222,-91,0
3856.7929389476776,10744,4672,11124,-227,-173,146,9912,-9260,8584,-64,102,-198,-14488,4516,3496,-1004,119,-88,-14648,-2720,6092,-497,168,-96,0
3856.829309940338,10348,4352,11044,-209,-130,159,9900,-9328,8652,-88,42,-143,-14668,4396,3452,-932,91,-115,-14644,-2624,6168,-531,148,-83,0
3856.8643770217896,10488,4352,11164,-174,-123,160,9936,-9260,8460,-36,103,-217,-14596,4504,3348,-979,86,-139,-14524,-2600,6136,-509,195,-72,0
3856.8994469642644,10712,4536,11080,-212,-151,165,9980,-9244,8496,-6,110,-210,-14612,4424,3508,-963,70,-111,-14644,-2788,6344,-454,204,-95,0
3856.9347429275513,10376,4372,11224,-256,-154,127,9868,-9244,8532,18,182,-239,-14584,4508,3200,-969,69,-126,-14652,-2656,6140,-440,249,-124,0
3856.9703500270844,10476,4436,11148,-245,-168,92,9952,-9388,8408,43,161,-247,-14660,4440,3400,-971,65,-172,-14588,-2740,6284,-426,297,-96,0
3857.0054869651794,10432,4408,11212,-232,-175,77,10028,-9564,8448,123,163,-282,-14652,4620,3348,-988,80,-208,-14576,-2664,6296,-461,324,-168,0
3857.0413489341736,10436,4508,11196,-193,-185,52,10176,-9384,8388,72,223,-294,-14628,4392,3440,-1018,51,-222,-14560,-2620,5944,-465,276,-156,0
3857.0788190364838,10484,4508,11144,-198,-181,68,9992,-9304,8512,-251,172,-290,-14660,4424,3252,-987,47,-170,-14684,-2492,6172,-500,259,-154,0
3857.1121520996094,10612,4436,11096,-214,-192,67,9988,-9280,8628,27,195,-283,-14396,4392,3304,-1003,77,-174,-14736,-2584,6068,-459,241,-166,0
3857.1453299522404,10748,4496,11024,-226,-157,84,9988,-9212,8420,9,159,-188,-14752,4324,3376,-994,61,-167,-14720,-2728,6124,-521,148,-149,0
3857.1789331436157,10612,4644,11068,-204,-103,122,9932,-9168,8608,-104,196,-123,-14620,4428,3408,-878,58,-52,-14768,-2720,6128,-556,89,-146,0
3857.2125000953674,10592,4636,11012,-196,-70,133,10008,-9344,8732,-85,175,-124,-14564,4244,3504,-941,80,-45,-14588,-2716,5948,-555,74,-117,0
3857.2458391189575,10520,4728,10764,-179,-107,153,9892,-9236,8600,-43,106,-140,-14624,4276,3432,-1048,161,-95,-14652,-2744,6024,-540,153,-84,0
3857.2794840335846,10528,4616,11004,-163,-80,154,9860,-9036,8560,37,63,-187,-14536,4304,3816,-1076,214,-106,-14356,-2644,6392,-535,159,-76,0
3857.3129611015324,10504,4560,11000,-146,-102,159,9996,-9200,8400,11,75,-234,-14368,4384,3472,-1076,185,-111,-14368,-2716,6064,-533,127,-113,0
3857.3466300964355,10428,4636,11220,-171,-120,123,9848,-9348,8560,-15,31,-231,-14480,4464,3556,-771,148,-135,-14660,-2648,6184,-491,183,-77,0
3857.3802020549774,10420,4548,11164,-167,-98,144,9964,-9304,8576,-32,-256,-237,-14544,4448,3324,-1033,223,-104,-14708,-2488,6232,-472,153,-72,0
3857.413733959198,10528,4536,11116,-181,-121,159,9748,-9472,8368,-20,-251,-226,-14680,4448,3256,-1062,188,-86,-14692,-2632,6192,-431,146,-54,0
3857.4472839832306,10564,4372,11084,-218,-93,185,10020,-9248,8360,-66,73,-184,-14372,4424,3388,-1033,176,-68,-14740,-2484,6200,-443,86,-56,0
3857.4805800914764,10704,4388,11088,-168,-34,168,10040,-9388,8500,-112,109,-125,-14720,4480,3232,-1013,137,-57,-14760,-2392,6072,-517,83,-106,0
3857.5139820575714,10680,4344,11040,-187,18,126,10124,-9364,8700,10,118,-110,-14856,4460,3332,-1073,121,-14,-14588,-2608,6132,-496,90,-126,0
3857.5475690364838,10604,4516,10792,-130,24,133,9728,-8980,8192,14,149,-103,-14676,4372,3196,-1036,90,-57,-14700,-2556,6116,-473,99,-119,0
3857.58119392395,10568,4488,11080,-168,3,70,10008,-9292,8452,-14,191,-164,-14612,4464,3480,-1007,49,-57,-14696,-2552,6024,-473,146,-168,0
3857.6147561073303,10508,4532,11200,-223,254,81,9912,-9284,8532,254,229,-123,-14696,4484,3472,-1021,-31,-53,-14612,-2688,5896,-454,126,-178,0
3857.6480021476746,10708,4500,11032,-187,250,73,10092,-9440,8476,-17,254,-127,-14836,4448,3548,-981,-7,-53,-14672,-2688,5896,-462,102,-169,0
3857.6816699504852,10256,4588,11192,-188,251,33,9936,-9264,8452,-5,209,-151,-14632,4324,3276,-999,0,-35,-14836,-2668,6080,-436,119,-161,0
3857.7152099609375,10484,4500,11080,-179,244,47,9856,-9276,8592,-31,195,-184,-14620,4408,3372,-933,-4,-37,-14664,-2672,6208,-474,103,-167,0
3857.749069929123,10452,4572,11136,-181,31,31,9868,-9292,8956,-9,215,-172,-14832,4580,3144,-965,22,-23,-14608,-2360,6272,-467,100,-180,0
3857.7827150821686,10412,4552,11108,-168,249,77,9904,-9368,8532,-30,193,-155,-14520,4420,3520,-983,49,-67,-14800,-2636,6220,-468,102,-137,0
3857.8162019252773,10280,4548,10992,-174,-44,108,9828,-9316,8480,-26,140,-142,-14656,4496,3396,-1022,123,-91,-14600,-2596,6132,-453,133,-113,0
3857.850011110306,10436,4468,11456,-197,-17,114,9980,-9284,8460,-39,169,-142,-14376,4560,3096,-1037,123,-24,-14536,-2632,6280,-485,125,-89,0
3857.883234977722,10384,4488,11124,-165,-33,142,9964,-9240,8524,-32,120,-132,-14584,4392,3364,-1078,146,-41,-14668,-2612,6164,-497,127,-103,0
3857.916918039322,10468,4548,11176,-159,-45,157,9924,-9304,8552,-56,149,-149,-14600,4432,3368,-1047,152,-71,-14668,-2708,6296,-539,141,-107,0
3857.9504449367523,10728,4476,11304,-152,-20,132,9960,-9284,8620,-106,152,-145,-14668,4420,3544,-950,106,-77,-14680,-2660,6016,-528,119,-154,0
3857.983946084976,10244,4544,11236,-132,-9,112,9964,-9308,8636,-101,158,-161,-14740,4448,3496,-942,114,-52,-14568,-2692,6240,-520,139,-154,0
3858.0174651145935,10556,4528,11008,-123,-31,75,9940,-9220,8480,-65,118,-186,-14592,4320,3556,-1012,164,-42,-14844,-2604,5984,-503,134,-128,0
3858.0507459640503,10580,4408,11132,-178,-13,87,9940,-9324,8420,-66,120,-189,-14712,4444,3428,-970,123,-95,-14648,-2668,6076,-488,139,-129,0
3858.0842070579533,10500,4452,11088,-148,-62,63,9972,-9328,8628,-77,129,-183,-14580,4552,3428,-985,114,-66,-14480,-2712,6080,-491,91,-112,0
3858.120630979538,10464,4584,11012,-156,-44,84,9908,-9344,8648,-71,91,-184,-14848,4452,3140,-1036,110,-108,-14712,-2664,6092,-508,133,-137,0
3858.155497074127,10388,4532,11216,-131,-80,99,10008,-9332,8504,-53,104,-215,-14664,4556,3468,-1069,126,-118,-14700,-2660,6168,-487,146,-134,0
3858.191560983658,10280,4600,11240,-146,-85,110,10020,-9292,8360,-8,73,-182,-14584,4364,3472,-1116,92,-110,-14360,-2692,6224,-497,141,-105,0
3858.2275719642644,10400,4600,10832,-157,-93,129,9968,-9252,8532,-56,84,-178,-14708,4604,3428,-1035,150,-58,-14584,-2648,6192,-518,109,-86,0
3858.2623529434204,10600,4528,11208,-161,-40,117,9888,-9272,8560,-18,182,-100,-14676,4448,3288,-1007,138,-51,-14612,-2640,6148,-487,121,-127,0
3858.2981071472163,10440,4492,11012,-152,-67,110,9968,-9196,8424,-29,106,-170,-14784,4556,3352,-1056,127,-65,-14696,-2676,6388,-763,106,-109,0
3858.3332159519196,10432,4584,11084,-178,-86,115,10112,-9432,8448,-73,129,-158,-14564,4380,3376,-1081,162,-74,-14572,-2624,6372,-454,138,-132,0
3858.3686370849614,10508,4596,11024,-174,-54,83,9976,-9328,8452,-60,137,-198,-14692,4524,3364,-992,127,-95,-14816,-2636,6188,-466,105,-157,0
3858.4038150310516,10424,4564,11228,-218,-91,53,10028,-9388,8616,-31,124,-223,-14676,4476,3420,-899,-39,-52,-14652,-2656,6204,-490,146,-139,0
3858.4396770000453,10496,4580,11112,-187,-100,99,9928,-9260,8328,-13,140,-168,-14812,4408,3432,-981,78,-118,-14708,-2708,6084,-448,146,-146,0
3858.4754951000214,10352,4508,11092,-210,-95,82,10016,-9236,8516,-59,161,-207,-14504,4488,3320,-982,69,-99,-14708,-2648,6136,-485,191,-143,0
3858.5113711357117,10456,4596,11080,-198,-67,76,9852,-9324,8460,-17,148,-181,-14572,4472,3352,-1037,56,-78,-14668,-2572,6192,-438,176,-138,0
3858.5473301410675,10488,4516,11052,-156,-53,116,9968,-9320,8560,35,183,-154,-14564,4464,3084,-978,88,-113,-14568,-2584,6224,-459,158,-118,0
3858.5823581218724,10420,4680,11028,-215,-45,105,9940,-9368,8464,-17,195,-173,-14628,4492,3080,-953,69,-88,-14652,-2672,6144,-410,140,-112,0
3858.6174099445343,10392,4504,11080,-218,-66,80,9904,-9364,8504,-11,160,-193,-14572,4452,3632,-1010,61,-71,-14732,-2700,6272,-429,162,-104,0
3858.6533141136174,10460,4556,11232,-233,-51,102,9940,-9268,8628,27,154,-200,-14824,4492,3352,-1037,133,-103,-14460,-2704,6388,-454,198,-94,0
3858.7047860622406,10468,4520,11244,-1,-93,108,9896,-9284,8584,-4,169,-195,-14832,4524,3556,-1037,115,-104,-14596,-2640,6144,-457,152,-92,0
3858.7511160373683,10732,4384,11048,-2,-116,112,9932,-9424,8652,-28,145,-213,-14516,4392,3544,-1005,126,-122,-14600,-2664,6232,-446,153,-73,0
3858.7902750968933,10368,4592,11384,-246,-139,133,9932,-9296,8524,-39,147,-213,-14628,4408,3540,-986,90,-159,-14688,-2644,6272,-483,165,-90,0
3858.823785066604,10448,4560,11260,-231,-194,127,9876,-9240,8684,-54,129,-225,-14592,4496,3092,-987,123,-153,-14812,-2604,6124,-476,154,-80,0
3858.8574120998383,10452,4460,11096,-208,-185,136,9864,-9368,8536,-91,121,-227,-14560,4508,3524,-981,124,-100,-14660,-2808,6108,-454,167,-66,0
3858.8907690048213,10516,4404,11020,-244,-197,145,10208,-9232,8468,-70,74,-224,-14644,4440,3504,-987,182,-98,-14724,-2328,6204,-464,128,-61,0
3858.9241859912872,10552,4516,11260,-269,-150,115,10216,-9372,8684,-67,110,-223,-14640,4504,3284,-1014,142,-144,-14768,-2564,6212,-470,124,-101,0
3858.9577500820164,10524,4500,10840,-240,-203,153,10056,-9260,8504,-19,104,-207,-14388,4468,3384,-1278,143,-131,-14608,-2636,6060,-498,162,-97,0
3858.995271921158,10544,4584,11232,-221,-164,147,10192,-9356,8628,-58,103,-230,-14776,4428,3576,-972,137,-119,-14600,-2624,6252,-491,186,-84,0
3859.0294830799103,10268,4600,11036,-220,-203,151,9928,-9260,8696,-38,154,-241,-14660,4428,3480,-970,118,-131,-14720,-2640,5988,-466,189,-97,0
3859.0629620552063,10524,4480,11180,-499,-191,136,9956,-9332,8492,-48,98,-244,-14644,4400,3412,-969,112,-131,-14740,-2644,6276,-483,143,-92,0
3859.0967590808878,10532,4752,11236,-218,-178,123,9968,-9328,8544,-10,88,-227,-14692,4452,3468,-993,121,-157,-14660,-2544,6104,-456,151,-96,0
3859.13015294075,10424,4464,11076,-222,-169,120,10064,-9164,8400,-42,145,-220,-14592,4444,3336,-988,107,-110,-14752,-2744,6240,-471,147,-90,0
3859.163703918457,10540,4516,11072,-241,-191,154,10052,-9340,8504,-40,88,-211,-14584,4376,3416,-959,127,-107,-14748,-2588,6200,-485,164,-101,0
3859.1974279880524,10536,4432,11096,-243,-145,163,10028,-9236,8328,-23,72,-210,-14660,4464,3296,-1011,117,-112,-14656,-2596,5912,-466,184,-92,0
3859.230834007263,10580,4480,11096,-221,-140,132,9752,-9288,8576,8,100,-205,-14652,4468,3480,-1015,100,-116,-14636,-2356,5984,-478,126,-149,0
3859.2643940448766,10700,4484,11220,-204,-101,117,9972,-9276,8444,-24,118,-190,-14388,4468,3208,-1003,48,-126,-14668,-2744,6080,-473,142,-131,0
3859.2979121208186,10480,4472,11172,-226,-118,130,9960,-9288,8576,-31,131,-213,-14576,4384,3472,-981,94,-95,-14636,-2544,6052,-509,160,-119,0
3859.3315529823303,10564,4464,10784,-190,-134,95,9828,-9288,8524,-39,101,-179,-14580,4496,3476,-1002,101,-112,-14568,-2484,6208,-478,211,-109,0
3859.3649940490723,10488,4496,10996,-164,-52,105,9996,-9260,8436,-36,185,-173,-14624,4364,3504,-970,91,-96,-14628,-2692,6060,-450,190,-134,0
3859.3981800079346,10528,4484,11092,-185,-74,93,10052,-9196,8460,-54,196,-184,-14600,4596,3420,-928,87,-112,-14620,-2688,6236,-479,209,-105,0
3859.4318659305573,10524,4564,11016,-224,-7,101,10032,-9240,8500,-67,233,-144,-14652,4452,3476,-941,121,-55,-14680,-2664,6332,-455,196,-135,0
3859.4655010700226,10580,4576,11032,-169,-34,108,10052,-9300,8644,-40,208,-147,-14620,4404,3524,-974,99,-27,-14676,-2692,6136,-449,162,-102,0
3859.4986231327052,10656,4580,11156,-163,-11,115,9924,-9284,8692,-65,159,-163,-14664,4452,3452,-1004,131,-72,-14640,-2584,6156,-471,139,-106,0
3859.532247066498,10608,4824,11024,-154,-28,101,9756,-9292,8572,-72,139,-169,-14672,4564,3124,-1006,114,-68,-14716,-2640,5992,-477,139,-120,0
3859.56574010849,10512,4352,11108,-132,244,92,10012,-9264,8544,-25,159,-157,-14376,4480,3420,-1046,76,-36,-14832,-2680,6208,-491,107,-118,0
3859.5990791320805,10592,4476,11056,-154,33,78,10012,-9272,8556,-26,107,-139,-14684,4416,3148,-1029,92,-23,-14652,-2588,6196,-485,84,-166,0
3859.6324610710144,10588,4352,11212,-141,42,84,9988,-9260,8620,5,98,-167,-14644,4460,3508,-1078,133,-20,-14664,-2616,6200,-490,76,-155,0
3859.665912151336,10508,4532,11252,-159,21,82,9940,-9412,8412,-29,157,-154,-14612,4388,3460,-1014,184,-67,-14600,-2648,6256,-473,86,-109,0
3859.6991579532623,10576,4572,11104,-169,-19,102,9936,-9452,8704,-24,67,-180,-14600,4448,3384,-1107,144,-62,-14664,-2580,6172,-454,90,-112,0
3859.732731103897,10512,4568,11080,-147,-16,107,9952,-9284,8332,-66,85,-182,-14572,4496,3544,-1081,97,-63,-14668,-2624,6204,-517,105,-154,0
3859.7661149501805,10552,4452,11204,-144,-3,79,10224,-9460,8472,-8,140,-183,-14576,4408,3472,-1080,75,-92,-14676,-2672,6136,-475,80,-146,0
3859.8028831481934,10644,4800,11224,-125,12,74,9912,-9344,8460,-49,158,-145,-14376,4340,3396,-1047,90,-71,-14592,-2728,6108,-487,94,-149,0
3859.837695121765,10624,4572,11128,-158,-25,62,9988,-9216,8692,-46,178,-196,-14568,4396,3364,-773,101,-134,-14652,-2608,6200,-497,131,-158,0
3859.873314142227,10532,4512,11076,-140,21,69,9740,-9472,8624,-256,137,-168,-14644,4140,3644,-1197,127,-56,-14636,-2636,6280,-493,135,-134,0
3859.9087669849396,10484,4596,11168,-142,-4,106,9880,-9156,8456,-52,133,-170,-14580,4424,3364,-1062,113,-52,-14684,-2620,6180,-490,92,-177,0
3859.9441969394684,10440,4548,11112,-177,247,73,9800,-9304,8524,-47,131,-154,-14724,4488,3492,-1038,75,-23,-14716,-2388,6164,-460,84,-134,0
3859.9798159599304,10532,4584,11072,-158,-69,109,9996,-9280,8604,-44,176,-153,-14728,4536,3416,-1012,65,-76,-14612,-2672,6176,-483,136,-134,0
3860.0151190757756,10488,4640,11076,-158,-61,104,9984,-9240,8504,-34,139,-160,-14568,4460,3308,-985,100,-35,-14604,-2724,6064,-501,155,-105,0
3860.050691127777,10452,4616,11172,-126,-70,112,9900,-9220,8640,-47,118,-177,-14548,4472,3388,-988,85,-105,-14572,-2688,6212,-490,204,-102,0
3860.0861589908604,10404,4512,11060,-140,-97,109,9780,-9276,8432,-11,106,-188,-14736,4480,3488,-971,124,-45,-14804,-2668,6132,-480,181,-101,0
3860.12184715271,10372,4588,11428,-139,-59,115,9780,-9308,8448,-32,79,-233,-14620,4432,3528,-902,75,-86,-14720,-2704,6164,-453,176,-99,0
3860.1576719284053,10444,4552,11140,-191,-91,120,10180,-9468,8572,-40,55,-198,-14640,4476,3356,-933,175,-61,-14636,-2700,6292,-453,162,-86,0
3860.1928679943085,10476,4520,11056,-186,-61,111,9996,-9320,8432,-39,28,-218,-14628,4400,3640,-1008,56,-57,-14680,-2676,6140,-454,194,-105,0
3860.2277290821075,10444,4624,11248,-191,-76,93,10108,-9300,8624,-54,159,-195,-14632,4488,3324,-1008,80,-76,-14664,-2696,6092,-488,156,-131,0
3860.2633259296413,10628,4440,11228,-153,-67,95,10052,-9308,8572,-13,162,-195,-14564,4524,3424,-1040,82,-87,-14732,-2588,5920,-481,158,-133,0
3860.2992401123042,10476,4576,11136,-169,-95,91,9968,-9320,8576,-32,163,-187,-14656,4472,3280,-1017,82,-100,-14708,-2672,6384,-492,170,-146,0
3860.334953069688,10504,4580,10972,-166,-64,97,10216,-9452,8368,-28,160,-194,-14640,4468,3476,-777,99,-72,-14684,-2700,6252,-486,152,-155,0
3860.3708479404454,10416,4604,11192,-189,-84,99,10232,-9236,8676,-11,137,-194,-14628,4124,3432,-1028,120,-114,-14604,-2652,6104,-456,149,-120,0
3860.406153917312,10520,4652,11384,-162,-73,103,9732,-9296,8436,-42,135,-209,-14624,4484,3448,-1014,132,-69,-14672,-2592,6364,-484,138,-134,0
3860.4433460235596,10748,4460,11016,-205,-66,125,9992,-9196,8440,-50,130,-166,-14828,4568,3384,-1017,104,-94,-14648,-2708,6152,-472,125,-118,0
3860.4772350788116,10248,4696,11164,-199,-44,118,9936,-9196,8492,-31,164,-157,-14668,4388,3128,-1278,106,-83,-14628,-2756,6096,-481,94,-118,0
3860.5102801322932,10440,4640,11212,-171,-72,96,9784,-9372,8504,-65,150,-158,-14656,4496,3260,-1007,99,-55,-14708,-2580,6252,-504,115,-121,0
3860.5438549518585,10488,4604,11172,-184,-21,85,9912,-9308,8680,-19,102,-178,-14612,4480,3472,-1017,108,-35,-14664,-2572,6184,-504,132,-109,0
3860.577414035797,10720,4568,11136,-123,-29,98,9800,-9256,8532,-15,131,-146,-14624,4580,3356,-1042,135,-74,-14588,-2684,6172,-485,127,-123,0
3860.6106569766994,10448,4548,11100,-177,-47,110,10192,-9384,8488,-40,145,-173,-14808,4532,3480,-970,99,-126,-14660,-2592,6160,-450,151,-107,0
3860.6439321041107,10400,4632,11116,-198,-76,82,10012,-9320,8616,-49,150,-185,-14652,4548,3376,-977,93,-55,-14732,-2616,6264,-464,155,-126,0
3860.6776399612418,10708,4356,11196,-173,-64,91,10036,-9208,8612,-43,146,-165,-14604,4452,3348,-1016,81,-42,-14656,-2612,6164,-491,132,-154,0
3860.7111301422124,10248,4364,11132,-181,-65,124,9896,-9260,8584,247,131,-173,-14584,4396,3376,-776,107,-44,-14636,-2652,5912,-501,144,-126,0
3860.7447710037227,10420,4684,11188,-186,-44,104,10008,-9356,8484,-30,140,-198,-14664,4452,3548,-772,102,-111,-14820,-2728,6236,-483,148,-121,0
3860.7784309387202,10520,4652,11260,-174,-32,88,9944,-9296,8496,-23,118,-166,-14596,4580,3352,-1017,82,-118,-14604,-2684,6016,-480,142,-117,0
3860.8118290901184,10476,4576,11084,-172,-20,125,9728,-9320,8364,-8,148,-167,-14636,4432,3440,-1032,94,-91,-14708,-2524,6216,-464,148,-87,0
3860.845571041107,10548,4668,11172,-171,-44,125,10168,-9328,8628,-27,157,-196,-14620,4180,3412,-1003,117,-60,-14636,-2748,6164,-482,179,-118,0
3860.8792300224304,10432,4580,11068,-211,-58,116,10224,-9332,8460,-50,144,-174,-14572,4440,3124,-986,90,-87,-14608,-2780,6188,-462,150,-136,0
3860.9124460220332,10472,4624,11104,-212,-82,92,9996,-9340,8528,-61,173,-185,-14692,4496,3436,-972,78,-81,-14736,-2648,6212,-460,146,-122,0
3860.94601893425,10444,4532,11112,-204,-68,145,9928,-9308,8704,-12,136,-193,-14736,4528,3412,-972,107,-122,-14612,-2608,6152,-474,135,-99,0
3860.9797060489655,10284,4856,11084,-228,-80,111,9944,-9288,8600,-20,123,-203,-14632,4424,3372,-989,96,-130,-14632,-2652,6088,-461,193,-76,0
3861.013307094574,10596,4536,11388,-202,-138,120,9904,-9460,8580,-40,127,-211,-14416,4396,3456,-982,88,-97,-14648,-2592,6164,-479,179,-73,0
3861.0466549396515,10432,4536,11240,-207,-143,127,9996,-9312,8516,-38,119,-211,-14624,4416,3388,-994,89,-86,-14596,-2644,6168,-489,159,-80,0
3861.0803029537205,10524,4384,11116,-217,-141,132,9976,-9264,8440,-44,127,-210,-14620,4432,3436,-985,100,-134,-14584,-2596,6180,-469,193,-79,0
3861.113651037216,10600,4536,11244,-213,-129,156,10012,-9316,8540,-53,121,-203,-14668,4504,3364,-958,124,-99,-14704,-2684,6112,-463,132,-73,0
3861.1471149921413,10580,4604,11096,-249,-127,132,10212,-9336,8464,-66,123,-197,-14692,4428,3568,-972,102,-78,-14720,-2632,6172,-475,165,-53,0
3861.180825948715,10568,4572,11124,-299,-155,147,9800,-9200,8672,-33,121,-196,-14556,4456,3412,-1027,120,-85,-14692,-2624,6360,-469,153,-96,0
3861.2143330574036,10580,4584,11032,-223,-134,116,9936,-9472,8508,-69,98,-193,-14684,4328,3344,-991,113,-111,-14740,-2580,6092,-493,147,-123,0
3861.2477810382843,10564,4504,11152,-238,-181,107,10008,-9292,8504,-26,147,-237,-14700,4432,3440,-1016,180,-156,-14604,-2564,6108,-471,156,-117,0
3861.2813889980316,10584,4540,11260,-267,-154,127,9940,-9324,8444,-27,86,-209,-14608,4368,3524,-1276,138,-99,-14616,-2692,6088,-507,145,-90,0
3861.3145310878754,10572,4424,11152,-235,-149,154,9796,-9288,8444,-21,114,-205,-14652,4424,3276,-1007,67,-84,-14672,-2612,5912,-480,115,-106,0
3861.348204135895,10528,4512,11228,-231,-143,96,9972,-9260,8544,-62,139,-185,-14632,4556,3352,-990,78,-108,-14708,-2632,6064,-487,120,-127,0
3861.3817679882054,10544,4556,11124,-221,-112,122,9964,-9332,8520,-49,126,-162,-14632,4428,3560,-1000,91,-118,-14616,-2800,6012,-766,156,-82,0
3861.415004968643,10444,4492,11140,-214,-137,142,9884,-9240,8472,-35,116,-197,-14380,4356,3364,-1019,135,-113,-14792,-2640,6096,-480,178,-97,0
3861.4485759735107,10536,4464,11124,-179,-170,120,9988,-9308,8432,-43,97,-217,-14620,4440,3432,-1274,119,-99,-14688,-2628,5908,-487,175,-99,0
3861.4853780269623,10548,4368,11116,-223,-149,138,9884,-9328,8464,11,86,-204,-14648,4416,3312,-1009,132,-152,-14628,-2672,6272,-468,173,-110,0
3861.521086931228,10572,4504,11252,-214,-113,103,9972,-9288,8452,252,120,-208,-14644,4428,3336,-1018,118,-83,-14828,-2816,5916,-491,176,-116,0
3861.557181119919,10508,4524,11076,-211,-118,132,9920,-9416,8512,-25,135,-209,-14476,4448,3428,-997,95,-106,-14712,-2788,6060,-476,163,-110,0
3861.5922479629517,10252,4556,11164,-212,-141,112,10012,-9296,8468,-45,122,-222,-14624,4372,3400,-964,73,-104,-14648,-2584,6140,-477,159,-128,0
3861.6274321079254,10568,4528,11168,-202,-138,94,9972,-9440,8580,-40,162,-199,-14824,4456,3500,-971,63,-107,-14748,-2584,5908,-479,151,-150,0
3861.663078069688,10564,4540,11372,-195,-92,97,10020,-9268,8652,-18,146,-187,-14676,4400,3376,-1004,52,-53,-14728,-2676,6204,-461,166,-132,0
3861.698750972748,10532,4444,11032,-184,-82,106,10212,-9148,8648,-22,169,-200,-14676,4440,3492,-965,60,-67,-14624,-2668,6084,-441,192,-132,0
3861.7338869571686,10748,4504,10992,-212,-19,105,10200,-9248,8532,15,189,-167,-14648,4472,3236,-985,50,-66,-14620,-2648,6036,-462,157,-115,0
3861.769631147384,10472,4524,11180,-196,-22,73,10228,-9260,8632,9,167,-178,-14368,4420,3376,-1011,99,-72,-14688,-2728,6384,-443,163,-104,0
3861.8050570487976,10656,4804,11040,-185,-27,105,9744,-9408,8228,-28,159,-171,-14688,4384,3380,-1031,79,-77,-14672,-2640,6096,-456,97,-120,0
3861.840631008148,10572,4524,11088,-179,-25,98,9904,-9264,8636,-34,120,-154,-14640,4380,3364,-1032,84,-21,-14624,-2676,6108,-521,122,-130,0
3861.8762080669403,10568,4484,11124,-174,-18,63,9984,-9456,8564,-20,170,-136,-14664,4432,3244,-1015,71,-59,-14716,-2596,6264,-487,100,-163,0
3861.9117779731755,10472,4488,11244,-140,44,94,9980,-9368,8332,-50,170,-139,-14796,4416,3712,-1042,87,-4,-14692,-2628,6108,-480,76,-152,0
3861.9475769996643,10580,4504,11124,-160,-256,82,9972,-9316,8464,-34,165,-162,-14584,4508,3224,-1279,100,-46,-14596,-2668,6132,-485,124,-142,0
3861.9833710193634,10488,4472,11052,-150,-248,105,10008,-9308,8512,-24,92,-196,-14672,4444,3104,-1107,197,-81,-14628,-2700,6132,-474,118,-101,0
3862.0192179679866,10244,4512,11252,-107,-13,104,10168,-9260,8668,-17,146,-159,-14600,4476,3344,-1048,139,-33,-14660,-2640,6140,-477,99,-131,0
3862.0545620918274,10544,4540,11032,-161,-22,88,10080,-9276,8432,-57,120,-178,-14636,4424,3296,-769,130,-83,-14716,-2452,6128,-492,98,-132,0
3862.089874982834,10556,4552,11012,-136,10,96,10068,-9420,8420,-61,133,-124,-14696,4464,3364,-1021,119,-48,-14628,-2660,6120,-541,81,-168,0
3862.1268939971924,10544,4532,11072,-138,-6,85,9960,-9360,8536,-33,132,-155,-14580,4480,3424,-1063,108,-97,-14556,-2572,6116,-495,159,-118,0
3862.160078048706,10700,4496,11036,-163,-26,76,9908,-9292,8560,-25,149,-183,-14572,4472,3472,-1032,119,-60,-14600,-2720,6192,-508,133,-163,0
3862.1934700012202,10408,4456,11084,-150,-66,93,9756,-9000,8680,-33,125,-182,-14564,4416,3400,-1008,116,-36,-14356,-2712,6164,-477,158,-146,0
3862.227250099182,10400,4504,11104,-167,-21,91,9948,-9460,8452,-34,156,-184,-14836,4528,3392,-1015,89,-83,-14652,-2612,6152,-475,189,-131,0
3862.2611091136932,10572,4564,11080,-163,-53,114,9944,-9252,8636,-21,155,-188,-14804,4156,3472,-1003,101,-113,-14676,-2664,6040,-492,166,-118,0
3862.2944500446324,10440,4528,11220,-149,-58,110,9920,-9232,8512,-62,124,-183,-14588,4384,3492,-1003,134,-125,-14672,-2740,6172,-484,178,-102,0
3862.3279559612274,10716,4588,11248,-167,-59,107,9976,-9276,8604,-62,145,-191,-14736,4400,3488,-974,105,-46,-14704,-2612,5908,-465,116,-119,0
3862.361624956131,10560,4464,11348,-182,-71,72,9964,-9296,8596,-28,112,-158,-14656,4520,3312,-1031,65,-45,-14696,-2576,6004,-503,140,-139,0
3862.3949689865112,10268,4576,11400,-166,-58,115,9924,-9276,8696,-14,135,-150,-14648,4340,3260,-1019,116,-51,-14708,-2368,6164,-466,118,-130,0
3862.428722143173,10512,4532,11068,-180,-37,98,10016,-9336,8564,-47,132,-200,-14640,4460,3436,-1013,104,-104,-14628,-2652,6252,-472,188,-130,0
3862.462317943573,10508,4472,11204,-151,-104,105,10048,-9280,8492,-36,142,-194,-14612,4424,3408,-1017,82,-108,-14724,-2584,6136,-485,160,-115,0
3862.4957020282745,10520,4556,11196,-201,-131,108,10048,-9276,8572,-17,164,-175,-14652,4540,3472,-999,71,-75,-14684,-2672,6244,-473,133,-129,0
3862.529662132263,10536,4400,10996,-196,-35,115,9960,-9360,8492,-14,142,-166,-14696,4484,3084,-1014,105,-47,-14712,-2624,6388,-453,139,-100,0
3862.5631051063538,10468,4568,11028,-205,-27,115,9916,-9316,8508,-12,151,-152,-14844,4388,3372,-1047,95,-30,-14784,-2716,6360,-489,157,-131,0
3862.596888065338,10304,4596,11200,-210,-51,121,9984,-9288,8480,-31,154,-168,-14684,4536,3104,-1036,78,-70,-14636,-2600,6176,-526,118,-122,0
3862.6300251483917,10608,4548,11212,-194,-55,113,9952,-9340,8552,-61,116,-174,-14548,4400,3348,-1021,122,-92,-14748,-2588,6224,-498,112,-132,0
3862.6636099815373,10444,4572,11168,-138,-70,105,10188,-9228,8632,-39,103,-185,-14632,4476,3296,-1011,154,-66,-14624,-2720,6192,-759,150,-145,0
3862.6973950862885,10460,4488,11148,-181,-61,110,9924,-9388,8404,-30,135,-196,-14636,4396,3544,-1031,156,-60,-14712,-2640,6152,-496,129,-122,0
3862.7307190895085,10240,4560,11148,-167,-48,99,10024,-9316,8452,-21,120,-183,-14404,4392,3356,-1075,138,-89,-14692,-2628,6128,-523,123,-120,0
3862.764323949814,10532,4452,11136,-166,-26,94,9932,-9392,8440,-40,108,-148,-14624,4372,3364,-1043,123,-83,-14676,-2680,5888,-490,139,-143,0
3862.7980420589442,10484,4592,11172,-157,-27,96,9808,-9316,8528,-29,157,-186,-14672,4556,3540,-1012,94,-107,-14840,-2664,6200,-477,139,-116,0
3862.831319093704,10444,4560,11116,-161,-72,101,9960,-9320,8480,-62,101,-175,-14608,4428,3428,-992,83,-66,-14696,-2624,5964,-488,147,-120,0
3862.8649139404292,10476,4656,10988,-181,-69,104,10028,-9232,8216,-30,123,-195,-14668,4464,3304,-986,112,-77,-14572,-2752,6060,-480,173,-99,0
3862.8981571197514,10504,4572,11088,-169,-74,107,9748,-9244,8236,-34,158,-169,-14604,4144,3316,-974,86,-97,-14660,-2652,6088,-482,170,-122,0
3862.9314651489253,10500,4608,11096,-193,-94,85,10232,-9228,8572,-47,130,-177,-14664,4364,3184,-1010,111,-86,-14380,-2680,6356,-472,163,-105,0
3862.965101957321,10512,4560,11024,-203,-48,107,10036,-9064,8608,-29,133,-205,-14536,4560,3128,-988,82,-77,-14424,-2636,5900,-464,158,-93,0
3862.9985730648045,10560,4636,11152,-179,-67,135,9940,-9264,8376,-25,159,-149,-14712,4448,3300,-1002,85,-75,-14604,-2652,6100,-454,163,-139,0
3863.0319290161133,10292,4516,11156,-199,-56,108,9996,-8976,8508,-25,163,-187,-14724,4420,3296,-1007,93,-81,-14848,-2640,6204,-484,148,-119,0
3863.0654039382935,10572,4496,11164,-201,-23,123,10056,-9316,8656,-27,134,-171,-14752,4492,3532,-997,116,-78,-14616,-2792,6144,-490,112,-147,0
3863.0989549160004,10568,4500,11040,-190,-52,92,10044,-9204,8636,-32,143,-155,-14664,4460,3312,-997,84,-32,-14656,-2700,5964,-464,110,-105,0
3863.132254123688,10428,4608,11088,-207,-55,92,9948,-9284,8220,-24,141,-143,-14352,4404,3300,-985,98,-69,-14576,-2668,6136,-482,138,-92,0
3863.1691849231725,10592,4540,11468,-204,-68,105,9980,-9208,8424,-21,149,-195,-14764,4352,3464,-1280,96,-150,-14688,-2624,6168,-465,149,-107,0
3863.204987049103,10288,4532,11108,-178,-54,99,9916,-9404,8504,-33,146,-188,-14624,4472,3424,-1021,127,-56,-14680,-2344,6332,-473,163,-116,0
3863.2406709194183,10328,4632,11196,-198,-86,142,10144,-9260,8292,-24,164,-197,-14652,4480,3296,-997,87,-128,-14404,-2724,6180,-463,175,-106,0
3863.2754969596863,10528,4572,11144,-236,-117,141,9888,-9332,8524,-46,120,-215,-14612,4416,3328,-935,117,-105,-14620,-2652,6208,-457,156,-104,0
3863.3118381500244,10548,4852,11008,-227,-80,128,9996,-9292,8700,-83,128,-215,-14640,4468,3480,-938,79,-98,-14736,-2600,6172,-507,140,-133,0
3863.3483259677882,10508,4452,11220,-265,-127,117,9984,-9284,8540,-29,120,-215,-14668,4364,3312,-962,65,-110,-14692,-2708,6280,-518,150,-111,0
3863.3832619190216,10472,4616,11144,-211,-116,138,9760,-9424,8464,-54,132,-202,-14544,4436,3180,-969,111,-89,-14676,-2660,6048,-450,118,-122,0
3863.4196989536285,10516,4480,11188,-265,-125,96,9896,-9256,8504,-67,132,-227,-14676,4444,3548,-963,136,-108,-14664,-2344,6380,-498,220,-71,0
3863.4550111293793,10644,4520,11012,-262,-85,129,10024,-9328,8204,-15,102,-214,-14720,4392,3396,-1049,120,-90,-14540,-2608,6224,-473,157,-72,0
3863.4908289909363,10524,4604,10960,-217,-97,137,9960,-9296,8596,-51,126,-175,-14624,4376,3332,-956,99,-50,-14628,-2696,6220,-498,127,-101,0
3863.526202917099,10552,4516,11180,-234,-122,109,9904,-9328,8604,-70,169,-214,-14656,4348,3556,-966,96,-138,-14676,-2592,6320,-489,118,-110,0
3863.561866044998,10292,4504,11080,-212,-120,131,9920,-9312,8484,-74,135,-188,-14628,4544,3340,-982,77,-98,-14568,-2508,6072,-514,174,-148,0
3863.59805393219,10488,4532,11128,-199,-154,131,9928,-9268,8584,-17,117,-211,-14584,4456,3288,-983,116,-81,-14652,-2664,6188,-510,134,-93,0
3863.6333611011505,10648,4432,10928,-216,-177,133,9916,-9240,8668,-46,95,-205,-14712,4540,3320,-981,124,-139,-14636,-2704,6076,-484,145,-112,0
3863.6694400310516,10548,4444,11124,-228,-151,114,9980,-9188,8556,-14,113,-218,-14652,4404,3076,-1050,124,-82,-14720,-2644,6180,-484,159,-83,0
3863.7044060230255,10348,4536,11120,-244,-124,138,9944,-9320,8492,-3,107,-202,-14644,4480,3360,-1009,167,-111,-14816,-2576,6192,-488,170,-120,0
3863.7396941184998,10532,4528,11188,-232,-146,144,10108,-9300,8436,-12,102,-201,-14624,4580,3104,-995,134,-86,-14688,-2620,6164,-450,137,-117,0
3863.7750561237335,10504,4476,11080,-218,-155,130,10044,-9188,8556,-35,63,-210,-14644,4568,3412,-995,100,-115,-14384,-2700,6248,-478,151,-96,0
3863.811180114746,10548,4484,11204,-218,-156,119,10040,-9232,8336,-56,95,-221,-14592,4392,3156,-989,128,-128,-14684,-2708,6136,-486,146,-118,0
3863.844855070114,10576,4560,10928,-205,-141,139,10020,-9264,8476,-37,89,-208,-14668,4132,3244,-998,140,-143,-14708,-2652,6092,-467,151,-89,0
3863.878422021866,10520,4468,11088,-203,-148,138,9976,-9308,8516,-31,127,-201,-14652,4360,3464,-1031,124,-102,-14632,-2612,6124,-471,160,-102,0
3863.911792039871,10564,4432,10936,-191,-136,126,10080,-9224,8388,-17,129,-184,-14620,4364,3364,-1022,115,-93,-14644,-2708,6100,-500,161,-125,0
3863.9454500675206,10548,4476,11048,-172,-128,115,10228,-9360,8528,-29,127,-184,-14560,4460,3452,-1036,122,-100,-14684,-2644,6096,-470,158,-109,0
3863.9789309501652,10508,4516,11036,-160,-69,115,9948,-9216,8392,-31,172,-165,-14756,4408,3236,-1049,104,-86,-14724,-2636,6232,-473,117,-123,0
3864.0150649547572,10600,4564,11220,-160,-27,76,10080,-9288,8464,-31,151,-146,-14696,4452,3488,-1030,94,-80,-14724,-2800,6148,-506,107,-122,0
3864.0487449169163,10656,4476,11156,-192,-27,121,10060,-9304,8396,252,144,-153,-14672,4432,3664,-1022,94,-52,-14676,-2600,6352,-438,148,-127,0
3864.0822060108185,10564,4544,10960,-156,-1,94,10216,-9248,8548,-24,142,-154,-14608,4520,3464,-1022,66,-46,-14676,-2540,6124,-476,122,-119,0
3864.115653991699,10520,4544,11044,-142,-13,86,9944,-9276,8468,-38,128,-178,-14624,4420,3180,-990,47,-109,-14380,-2436,6060,-766,147,-135,0
3864.149083137512,10632,4532,11076,-178,-34,88,9928,-9176,8388,-13,163,-158,-14384,4124,3468,-1002,49,-81,-14688,-2508,6124,-444,134,-133,0
3864.1823489665985,10540,4560,11124,-154,247,109,9728,-9076,8656,-255,173,-153,-14644,4368,3488,-989,30,24,-14688,-2656,6084,-433,146,-130,0
3864.2157909870148,10476,4548,11096,-201,4,98,10040,-9320,8532,-42,183,-134,-14680,4552,3292,-966,67,-253,-14636,-2624,5968,-460,129,-116,0
3864.249223947525,10556,4440,10944,-198,-42,107,9940,-9280,8460,-29,144,-150,-14484,4404,3108,-988,103,-62,-14636,-2784,6120,-468,95,-131,0
3864.282639980316,10532,4448,11140,-157,-41,105,9788,-9280,8584,-16,113,-156,-14704,4456,3252,-1055,101,-89,-14636,-2596,6312,-488,135,-134,0
3864.316215991974,10488,4464,11092,-159,-23,107,10208,-9340,8644,-13,112,-183,-14644,4520,3468,-1042,127,-28,-14652,-2624,6192,-508,150,-122,0
3864.3499479293823,10744,4468,11216,-158,-28,94,9980,-9292,8468,-22,134,-171,-14808,4452,3572,-1062,99,-85,-14672,-2612,6156,-483,131,-154,0
3864.3833360671997,10552,4460,11104,-165,-10,101,10068,-9356,8500,250,143,-170,-14684,4444,3300,-1039,90,-119,-14664,-2680,6164,-768,132,-123,0
3864.416804075241,10516,4516,11412,-154,-41,64,10636,-9260,8808,-109,85,-137,-14444,4552,3344,-1130,120,-101,-14612,-2644,5900,-494,144,-135,0
3864.4501991271973,10496,4480,11116,-150,-20,99,9928,-9340,8516,7,112,-182,-14376,4400,3332,-984,114,-64,-14668,-2592,6160,-499,168,-144,0
3864.483680009842,10464,4500,11164,-136,-71,93,10228,-9228,8368,-43,141,-165,-14568,4160,3456,-1016,93,-87,-14608,-2664,6016,-469,143,-130,0
3864.517363071441,10748,4516,10812,-146,-60,79,9960,-9272,8540,-46,141,-201,-14716,4456,3540,-1001,94,-88,-14820,-2648,6096,-473,151,-102,0
3864.5508670806885,10260,4568,11460,-168,-52,92,9980,-9276,8608,-43,144,-196,-14584,4508,3284,-769,108,-92,-14716,-2316,6260,-486,144,-134,0
3864.584217071533,10704,4428,11024,-177,-42,106,10208,-9284,8468,-14,138,-171,-14676,4112,3352,-1036,137,-40,-14668,-2724,5936,-504,134,-139,0
3864.617615938186,10740,4792,11224,-176,-32,83,9876,-9324,8560,-45,123,-187,-14832,4572,3304,-1037,130,-56,-14676,-2656,6184,-499,136,-122,0
3864.6509470939636,10560,4584,10880,-195,-63,105,9992,-9196,8620,-23,127,-177,-14644,4420,3452,-1038,114,-96,-14396,-2620,6000,-483,136,-120,0
3864.684497117996,10396,4484,11224,-169,-52,98,9988,-9336,8616,-69,110,-201,-14664,4500,3284,-782,123,-104,-14664,-2664,5984,-502,97,-136,0
3864.7179310321812,10276,4472,11084,-174,-75,83,10008,-9232,8412,-21,120,-168,-14700,4348,3336,-1076,111,-72,-14584,-2720,6012,-501,144,-124,0
3864.7514791488643,10336,4516,11060,-163,-35,117,10064,-9316,8572,-67,107,-172,-14668,4116,3396,-770,122,-19,-14724,-2648,6176,-504,117,-89,0
3864.7849719524384,10252,4560,11044,-170,-40,93,10040,-9240,8400,-81,99,-176,-14732,4472,3408,-978,76,-48,-14656,-2604,5964,-481,116,-144,0
3864.818432092666,10504,4492,10804,-238,-37,119,9948,-9292,8520,-18,93,-170,-14664,4496,3460,-1004,118,-58,-14504,-2680,6328,-453,140,-100,0
3864.8561780452724,10444,4376,11080,-2,-130,131,9956,-9296,8388,-30,150,-174,-14640,4508,3356,-964,77,-139,-14656,-2668,6324,-471,178,-134,0
3864.89178609848,10512,4556,11228,-255,-189,101,9760,-9388,8300,-95,162,-216,-14652,4592,3352,-938,41,-120,-14748,-2700,6204,-478,141,-153,0
3864.928015947342,10572,4516,10928,-198,-147,100,9976,-9368,8600,-114,115,-199,-14784,4516,3548,-921,81,-84,-14600,-2584,5908,-265,103,-108,0
3864.9633510112762,10544,4472,10984,-160,-142,129,9944,-9288,8472,-28,126,-183,-14568,4436,3376,-976,108,-144,-14488,-2816,6352,-474,165,-115,0
3864.9995141029362,10740,4496,11032,-200,-109,124,9964,-9272,8528,-6,126,-226,-14704,4428,3104,-1007,100,-92,-14612,-2632,6132,-475,196,-91,0
3865.0346400737762,10564,4476,11152,-209,-142,112,10144,-9304,8232,255,171,-213,-14764,4400,3420,-982,48,-110,-14596,-2732,6100,-448,1,-105,0
3865.0707471370692,10596,4596,11180,-220,-141,105,10040,-9268,8480,-32,184,-219,-14712,4296,3492,-982,80,-122,-14696,-2628,6084,-459,208,-128,0
3865.1059601306915,10580,4508,10932,-171,-147,113,9960,-9280,8424,-37,157,-206,-14700,4448,3276,-1017,107,-102,-14628,-2728,6056,-453,181,-89,0
3865.141287088394,10320,4572,10928,-217,-87,113,9732,-8984,8660,-15,137,-148,-14640,4360,3400,-993,108,-37,-14604,-2640,6192,-431,168,-97,0
3865.1762509346004,10652,4664,11116,-6,-77,132,10028,-9156,8476,4,127,-143,-14696,4360,3536,-1008,85,-35,-14756,-2696,6060,-461,106,-128,0
3865.212515115738,10612,4488,11056,-224,-57,119,10088,-9264,8540,-250,127,-149,-14812,4416,3460,-990,64,-72,-14692,-2728,6224,-494,88,-113,0
3865.2481451034546,10520,4440,11168,-216,-83,96,9960,-9276,8432,-10,119,-177,-14612,4448,3508,-995,35,-52,-14556,-2624,6244,-497,110,-146,0
3865.2836050987244,10524,4452,11004,-191,-87,102,9816,-9348,8228,-37,119,-181,-14524,4412,3396,-979,69,-79,-14624,-2572,6204,-500,101,-156,0
3865.319607973098,10516,4504,11116,-174,-82,114,9856,-9440,8404,-58,124,-175,-14548,4436,3396,-1056,133,-51,-14588,-2604,6136,-488,95,-133,0
3865.354990005493,10400,4504,11136,-128,-37,83,9944,-9320,8256,-36,122,-173,-14676,4516,3500,-1073,191,-33,-14664,-2560,6248,-503,125,-108,0
3865.390795946121,10588,4392,11032,-137,28,119,9740,-9268,8604,-52,63,-170,-14648,4420,3568,-1063,148,-39,-14364,-2672,6132,-496,147,-103,0
3865.4262030124664,10468,4564,11128,-105,43,131,10024,-9308,8516,-35,146,-155,-14644,4420,3428,-1064,164,-54,-14636,-2744,6156,-503,113,-80,0
3865.4616091251373,10520,4552,11252,-99,-10,132,10076,-9276,8560,-82,144,-50,-14964,4596,3264,-925,149,-111,-14676,-2764,6056,-498,115,-152,0
3865.4981229305267,10532,4480,11244,-174,-30,88,9964,-9192,8460,-95,106,-165,-14704,4356,3404,-1040,120,-54,-14564,-2836,6044,-767,132,-160,0
3865.5317549705505,10448,4852,11172,-110,-254,86,9988,-9252,8504,-58,128,-178,-14648,4432,3372,-1078,76,-75,-14724,-2696,6212,-511,98,-195,0
3865.565493106842,10460,4584,11124,-113,-3,46,10016,-9272,8640,-14,158,-153,-14692,4364,3352,-1028,48,-92,-14752,-2644,6280,-478,88,-160,0
3865.599172115326,10436,4528,11052,-146,17,61,9920,-9380,8580,-44,128,-163,-14456,4532,3080,-982,80,-64,-14848,-2688,6228,-472,92,-164,0
3865.6325800418854,10388,4608,11232,-130,-35,48,9984,-9360,8352,-52,143,-174,-14656,4392,3452,-1019,84,-29,-14820,-2640,6096,-484,152,-126,0
3865.665995121002,10428,4504,11056,-177,-8,103,9928,-9344,8584,-53,141,-174,-14632,4508,3380,-1040,110,-92,-14576,-2612,6196,-511,193,-93,0
3865.699721097946,10724,4552,11108,-115,-54,105,9912,-9464,8592,-45,127,-192,-14588,4500,3448,-1055,84,-84,-14628,-2632,6352,-522,207,-99,0
3865.733453035354,10240,4532,11080,-165,-51,127,9840,-9224,8476,-30,139,-170,-14616,4584,3372,-1004,99,-101,-14696,-2672,6292,-473,181,-122,0
3865.76713013649,10408,4568,11256,-154,-41,109,10000,-9276,8692,-40,113,-149,-14652,4480,3512,-999,114,-76,-14656,-2696,6284,-497,165,-92,0
3865.8005969524384,10676,4556,10928,-163,-27,113,9876,-9272,8600,-62,149,-161,-14640,4412,3624,-1002,94,-43,-14624,-2724,6172,-467,167,-99,0
3865.8341341018677,10456,4648,11284,-198,-69,126,10032,-9176,8420,-40,171,-171,-14736,4432,3504,-950,49,-60,-14596,-2712,6076,-437,156,-124,0
3865.8677439689636,10544,4544,11040,-229,-78,124,10012,-9220,8440,-43,172,-190,-14604,4400,3520,-958,42,-102,-14528,-2768,6052,-458,182,-81,0
3865.9013020992284,10496,4596,11040,-240,-107,123,10076,-9332,8628,-33,125,-212,-14664,4452,3344,-970,58,-92,-14672,-2668,6224,-445,221,-62,0
3865.9347920417786,10456,4580,11220,-232,-100,109,10072,-9248,8448,-38,140,-190,-14584,4500,3428,-961,87,-74,-14716,-2632,5960,-465,177,-86,0
3865.9684159755698,10292,4568,11192,-259,-136,136,9928,-9328,8480,-45,126,-181,-14580,4468,3528,-988,67,-50,-14568,-2680,6384,-464,164,-103,0
3866.0018520355225,10736,4476,11104,-224,-139,135,9932,-9352,8504,-47,141,-195,-14624,4420,3452,-993,79,-96,-14848,-2696,6204,-446,159,-107,0
3866.03551697731,10256,4604,11484,-231,-90,134,9968,-9372,8564,-53,149,-170,-14600,4436,3408,-971,69,-99,-14712,-2584,6160,-489,153,-107,0
3866.069216966629,10476,4596,11120,-224,-110,117,9920,-9376,8348,-62,132,-189,-14608,4452,3344,-999,36,-84,-14636,-2552,6240,-503,143,-102,0
3866.1026649475093,10240,4492,11020,-246,-107,168,9780,-9336,8612,-52,118,-168,-14620,4452,3480,-975,81,-49,-14684,-2744,6152,-501,125,-80,0
3866.135815143585,10596,4488,10892,-185,-87,125,9976,-9448,8528,-117,79,-183,-14676,4400,3516,-999,89,-104,-14636,-2624,6316,-512,135,-106,0
3866.1692991256714,10712,4432,11132,-241,-191,145,9896,-9372,8392,-23,134,-217,-14692,4388,3300,-992,136,-143,-14528,-2600,6084,-466,153,-78,0
3866.202836036682,10516,4492,10868,-502,-176,175,9916,-9368,8524,-19,91,-210,-14544,4460,3460,-1014,119,-132,-14664,-2700,6004,-485,180,-101,0
3866.23646402359,10556,4556,11064,-243,-199,150,10100,-9412,8632,-10,94,-219,-14720,4324,3388,-973,103,-118,-14664,-2772,6284,-471,152,-118,0
3866.2699649333954,10460,4644,11060,-248,-150,124,10024,-9304,8528,-40,134,-211,-14648,4428,3556,-954,81,-104,-14740,-2788,5904,-494,136,-100,0
3866.3035130500793,10472,4556,11140,-198,-157,120,9948,-9256,8484,-49,113,-215,-14644,4408,3560,-980,120,-113,-14744,-2648,6036,-469,140,-110,0
3866.337331056595,10532,4572,10972,-241,-156,155,9940,-9224,8448,-18,79,-198,-14632,4376,3420,-1030,147,-145,-14404,-2516,6100,-495,120,-86,0
3866.370828151704,10532,4492,11148,-192,-127,150,10072,-9248,8604,-18,96,-202,-14644,4420,3508,-1030,135,-127,-14728,-2648,5984,-506,128,-114,0
3866.4042820930486,10616,4480,11188,-212,-183,140,10036,-9380,8432,-5,76,-196,-14716,4528,3356,-1020,136,-100,-14652,-2600,6192,-458,125,-105,0
3866.437912940979,10504,4512,11156,-212,-117,129,10152,-9228,8412,-29,128,-231,-14672,4452,3392,-1009,178,-110,-14652,-2376,5976,-487,127,-97,0
3866.4714860916133,10580,4436,11136,-166,-118,135,9984,-9276,8424,9,101,-204,-14620,4404,3448,-1035,151,-108,-14672,-2708,6272,-496,155,-90,0
3866.5047669410706,10516,4500,11064,-191,-118,125,10076,-9368,8372,-56,115,-212,-14664,4420,3336,-1043,169,-80,-14620,-2576,5912,-509,135,-117,0
3866.5427961349483,10516,4460,11108,-150,-81,87,10024,-9284,8352,-49,122,-173,-14636,4408,3388,-771,120,-94,-14616,-2648,6296,-760,90,-141,0
3866.577958106994,10660,4428,11064,-150,-43,82,10096,-9308,8412,-7,147,-186,-14756,4372,3568,-1042,129,-117,-14664,-2648,6388,-500,125,-168,0
3866.6133470535283,10540,4432,11052,-162,-256,65,10008,-9200,8464,-11,162,-175,-14648,4380,3540,-1026,94,-110,-14652,-2688,6060,-476,138,-160,0
3866.649621963501,10624,4452,11192,-159,-19,76,9844,-8996,8420,-18,101,-210,-14704,4488,3304,-1051,113,-42,-14872,-2640,6084,-481,140,-155,0
3866.6849229335785,10560,4524,11244,-185,-28,110,9972,-9300,8196,-16,148,-173,-14644,4432,3396,-1030,110,-79,-14676,-2740,6100,-464,151,-137,0
3866.7204229831696,10620,4516,11028,-158,-72,109,9956,-9328,8484,-58,124,-194,-14772,4444,3168,-1000,78,-45,-14600,-2584,6348,-478,132,-168,0
3866.7555260658264,10484,4564,11132,-159,-45,93,10332,-9292,8716,-129,87,-155,-14456,4536,3360,-1033,62,-60,-14580,-2632,6152,-470,154,-130,0
3866.7912740707397,10540,4548,10956,-163,9,86,9964,-9232,8424,3,272,-162,-14600,4348,3456,-998,58,-22,-14668,-2720,6100,-443,127,-138,0
3866.827563047409,10480,4560,11148,-202,-38,46,10060,-9308,8484,-22,180,-152,-14644,4212,3360,-982,47,-41,-14652,-2632,6172,-476,166,-153,0
3866.8622999191284,10496,4564,11012,-162,-22,104,9948,-9296,8512,32,160,-148,-14564,4424,3476,-1022,139,-62,-14368,-2596,6108,-432,162,-119,0
3866.8980181217194,10588,4476,11076,-159,-31,121,10020,-9268,8532,3,170,-149,-14560,4444,3304,-1280,101,-89,-14652,-2616,5904,-434,168,-89,0
3866.932855129242,10560,4564,11212,-201,-28,92,9952,-9268,8484,-24,174,-175,-14688,4400,3664,-1007,55,206,-14692,-2628,6240,-461,95,-122,0
3866.9686830043793,10496,4528,11212,-169,-34,76,9896,-9372,8488,-9,181,-181,-14672,4556,3356,-1032,128,-47,-14660,-2600,6132,-482,116,-135,0
3867.004235982896,10436,4516,11164,-157,-17,74,10004,-9276,8584,-11,149,-161,-14696,4468,3352,-1049,142,-105,-14644,-2628,6264,-501,119,-158,0
3867.0406420230865,10416,4504,11112,-145,-255,89,9932,-9376,8480,-31,82,-190,-14580,4412,3420,-1072,124,-72,-14692,-2644,6220,-768,157,-143,0
3867.0758759975433,10500,4528,11096,-148,-79,82,9848,-9380,8624,-29,104,-182,-14820,4388,3348,-1038,68,-66,-14652,-2728,6204,-505,142,-157,0
3867.111778974533,10696,4560,11132,-154,-41,59,9872,-9272,8476,-28,123,-206,-14656,4448,3364,-1005,97,-80,-14700,-2584,6144,-465,181,-125,0
3867.1476221084595,10456,4628,11152,-164,-73,80,10012,-9256,8532,-29,119,-191,-14628,4464,3356,-1040,128,-96,-14516,-2696,6220,-480,157,-133,0
3867.1834111213684,10432,4548,11180,-181,-53,85,9956,-9248,8564,-35,136,-215,-14704,4380,3424,-997,135,-94,-14616,-2624,6112,-479,141,-147,0
3867.2172441482544,10672,4504,11224,-163,-80,88,10208,-9300,8668,-69,110,-202,-14704,4360,3596,-799,72,243,-14808,-2640,6100,-267,87,-167,0
3867.2507269382477,10604,4600,11164,-174,-43,88,9972,-9328,8376,-39,55,-190,-14692,4452,3340,-1032,123,-82,-14396,-2616,6012,-537,123,-114,0
3867.284337043762,10564,4596,11084,-142,-50,97,9960,-9280,8496,5,134,-180,-14800,4152,3168,-1001,135,-132,-14656,-2644,6120,-483,105,-117,0
3867.3179330825806,10492,4472,11228,-165,-81,116,9996,-9304,8584,-38,87,-217,-14704,4448,3532,-1047,133,-125,-14552,-2716,6204,-497,141,-103,0
3867.3512699604034,10512,4536,11036,-142,-113,97,9804,-9328,8540,-44,133,-217,-14800,4340,3352,-1067,79,-74,-14704,-2676,6228,-491,149,-114,0
3867.3845219612126,10492,4536,11188,-145,-80,104,10092,-9240,8548,-77,118,-166,-14680,4396,3304,-983,120,-53,-14724,-2584,5956,-506,103,-129,0
3867.4180359840393,10568,4360,11012,-165,-42,101,9976,-9276,8456,-51,168,-148,-14656,4468,3556,-1005,104,-89,-14656,-2656,6192,-477,116,-111,0
3867.4515740871434,10296,4508,11164,-164,-35,104,10184,-9232,8624,-68,76,-223,-14736,4268,3408,-1124,131,-51,-14720,-2620,6392,-538,105,-126,0
3867.4852669239044,10560,4580,11060,-131,-37,80,10012,-9000,8640,-104,213,-146,-14684,4504,3512,-968,84,3,-14620,-2504,6220,-518,91,-134,0
3867.51859998703,10568,4580,11072,-144,-63,106,10012,-9368,8572,-39,95,-168,-14640,4440,3324,-1276,127,-70,-14520,-2596,6144,-473,130,-107,0
3867.5519409179683,10464,4540,11240,-180,-58,95,9948,-9304,8496,-12,129,-164,-14520,4480,3360,-1278,89,-128,-14556,-2608,6192,-461,183,-129,0
3867.5854790210724,10528,4508,11056,-166,-42,82,9896,-9240,8636,-11,140,-195,-14820,4496,3580,-940,14,-118,-14632,-2588,6100,-760,174,-157,0
3867.6191749572754,10552,4588,10964,-171,-54,96,10192,-9376,8300,-27,130,-183,-14688,4412,3488,-974,57,-40,-14700,-2696,6380,-501,190,-124,0
3867.6523649692535,10492,4572,11108,-180,-85,115,9964,-9196,8628,-53,140,-187,-14712,4480,3480,-995,65,-54,-14368,-2668,6368,-469,207,-118,0
3867.6859900951385,10556,4604,11276,-184,-66,87,10064,-9272,8556,-21,140,-212,-14744,4416,3388,-981,39,-92,-14632,-2596,6392,-427,218,-99,0
3867.7193720340733,10500,4556,11084,-206,-119,74,10008,-9376,8260,-25,205,-195,-14596,4440,3120,-961,81,-80,-14600,-2616,6328,-452,204,-109,0
3867.752895116806,10556,4568,11056,-196,-84,118,10020,-9300,8532,12,174,-179,-14376,4468,3372,-1014,98,-77,-14692,-2724,6360,-427,188,-114,0
3867.7865319252014,10484,4372,11240,-217,-77,105,9956,-9296,8592,30,178,-193,-14616,4408,3292,-1051,76,-64,-14628,-2732,6132,-448,196,-121,0
3867.8198010921474,10612,4524,11192,-196,-66,109,9920,-9364,8464,5,156,-176,-14636,4464,3320,-1012,113,-59,-14788,-2640,6276,-474,137,-133,0
3867.8534741401672,10508,4368,11048,-214,-44,92,9880,-9304,8532,6,152,-196,-14696,4460,3440,-1044,105,-54,-14724,-2692,6032,-494,153,-146,0
3867.8869140148163,10436,4512,11232,-164,-50,105,9784,-9300,8656,29,163,-207,-14644,4604,3212,-1036,113,-95,-14632,-2700,6176,-478,142,-125,0
3867.9203341007233,10520,4640,11116,-183,-61,122,10120,-9308,8448,-5,243,-94,-14632,4500,2912,-933,163,-131,-14708,-2680,6336,-477,131,-141,0
3867.953670978546,10480,4616,11048,-198,-48,105,9728,-9272,8308,-55,155,-160,-14808,4464,3500,-1278,138,-74,-14728,-2796,6368,-485,144,-125,0
3867.9872820377354,10480,4472,11240,-188,-45,134,9952,-9212,8452,-28,120,-190,-14672,4388,3452,-1093,171,-103,-14360,-2640,6300,-502,114,-106,0
3868.0207231044774,10384,4552,11060,-185,-20,115,9980,-9288,8196,-57,156,-188,-14676,4484,3436,-1005,147,-84,-14612,-2664,6280,-480,101,-101,0
3868.0542349815373,10688,4512,11120,-194,-51,106,9952,-9248,8488,-21,104,-161,-14832,4424,3396,-1068,169,-85,-14412,-2644,6124,-523,125,-133,0
3868.0877590179443,10480,4376,11184,-200,-48,105,10016,-9288,8380,-52,133,-178,-14592,4380,3288,-1069,101,-97,-14636,-2704,6512,-485,153,-128,0
3868.1211950778966,10728,4588,11016,-218,-105,126,10048,-9248,8552,2,93,-198,-14540,4432,3528,-1022,107,-95,-14780,-2656,6176,-458,125,-88,0
3868.1545391082764,10556,4404,11120,-4,-126,118,9968,-9412,8488,-74,106,-220,-14712,4508,3352,-978,86,-167,-14604,-2684,6248,-494,130,-95,0
3868.190768003464,10528,4584,11060,-289,-130,138,10060,-9420,8412,-36,122,-193,-14652,4560,3420,-1014,131,-107,-14740,-2720,5944,-447,125,-64,0
3868.2260301113133,10260,4616,11180,-224,-86,124,9936,-9232,8536,-79,114,-225,-14704,4464,3332,-977,94,-129,-14680,-2676,6028,-464,134,-77,0
3868.2624549865723,10516,4508,11120,-1,-141,115,9964,-9264,8684,-48,104,-230,-14572,4400,3268,-1003,145,-69,-14508,-2596,6112,-470,180,-71,0
3868.2976059913635,10588,4572,10828,-238,-109,134,10228,-9276,8520,-33,102,-193,-14848,4404,3320,-991,116,-117,-14360,-2656,6084,-486,174,-88,0
3868.3331649303436,10356,4556,11164,-225,-107,105,10016,-9292,8628,-53,136,-211,-14720,4416,3320,-948,48,-91,-14588,-2740,6156,-428,128,-102,0
3868.3687720298763,10500,4536,11036,-294,-125,119,9892,-9252,8624,-60,130,-218,-14360,4552,3300,-933,57,-87,-14708,-2760,6204,-460,154,-97,0
3868.4037749767303,10572,4496,11040,-240,-138,144,10056,-9264,8496,-50,154,-200,-14604,4428,3360,-951,23,-105,-14660,-2580,5912,-477,204,-103,0
3868.4388649463654,10544,4500,11136,-234,-152,142,9956,-9328,8584,-28,128,-205,-14584,4396,3364,-944,68,-123,-14668,-2680,6128,-458,196,-61,0
3868.4744369983673,10556,4556,11172,-252,-162,172,10200,-9264,8696,-31,146,-210,-14664,4460,3436,-949,84,-90,-14752,-2556,6168,-442,226,-105,0
3868.510041952133,10592,4484,11128,-260,-156,160,9992,-9308,8560,-9,131,-200,-14728,4400,3348,-938,86,-92,-14744,-2604,6180,-464,235,-88,0
3868.5454819202423,10616,4404,11244,-258,-144,144,10128,-9196,8580,-7,156,-196,-14664,4356,3472,-970,97,-96,-14704,-2692,6380,-499,185,-109,0
3868.581572055816,10576,4528,11164,-218,-142,147,10052,-9304,8588,-48,154,-208,-14632,4380,3416,-948,114,-100,-14844,-2604,6040,-490,156,-91,0
3868.6180329322815,10612,4456,11180,-227,-136,128,9728,-8996,8528,-41,128,-222,-14560,4420,3328,-954,80,-103,-14656,-2616,6024,-502,171,-90,0
3868.6533329486842,10608,4564,11136,-230,-146,146,10232,-9280,8452,-32,111,-189,-14644,4364,3328,-969,81,-57,-14628,-2664,6168,-461,151,-96,0
3868.6891980171204,10556,4528,11076,-218,-125,123,10012,-9292,8364,17,121,-223,-14616,4396,3456,-1012,76,-142,-14688,-2552,6324,-495,156,-139,0
3868.7245421409602,10568,4536,11192,-227,-102,147,10008,-9348,8420,-13,105,-243,-14716,4484,3424,-1017,155,-83,-14672,-2504,5948,-502,119,-140,0
3868.7601470947266,10476,4472,11084,-200,-145,146,10048,-8968,8388,-28,107,-200,-14560,4400,3440,-1033,173,-106,-14396,-2628,6152,-767,148,-116,0
3868.7951951026917,10628,4500,11112,-180,-85,117,10032,-9176,8512,-48,122,-202,-14624,4364,3468,-771,182,-78,-14680,-2612,6236,-521,95,-121,0
3868.830476999283,10748,4476,11056,-168,-69,130,10096,-9280,8408,-52,38,-173,-14832,4476,3340,-1059,78,-37,-14740,-2592,6036,-521,101,-144,0
3868.8660221099854,10532,4548,11196,-129,-49,96,10208,-9208,8412,-39,134,-153,-14644,4308,3104,-1069,94,-96,-14600,-2612,6080,-497,90,-135,0
3868.8995399475093,10548,4416,11140,-153,22,100,9752,-9444,8532,-26,134,-153,-14608,4436,3376,-1045,111,-30,-14692,-2724,6108,-479,61,-160,0
3868.9331350326534,10660,4416,11300,-172,6,92,9992,-9228,8324,-31,172,-158,-14692,4416,3396,-1029,118,-32,-14732,-2464,6080,-509,117,-149,0
3868.966835021972,10548,4492,10984,-124,-10,85,9980,-9024,8240,-4,143,-146,-14588,4364,3460,-1047,96,-24,-14596,-2620,6108,-479,122,-143,0
3869.0002770423894,10596,4528,11092,-153,-15,87,10008,-9304,8456,-9,169,-158,-14628,4376,3148,-1013,101,-58,-14380,-2740,6076,-489,94,-124,0
3869.0382721424103,10312,4500,11056,-172,6,72,9936,-9400,8560,-19,167,-160,-14520,4480,3476,-1280,100,-51,-14572,-2720,6296,-453,101,-153,0
3869.071855068207,10248,4516,10848,-141,10,85,9984,-9300,8536,-53,192,-140,-14652,4460,3448,-1012,59,-36,-14844,-2612,5936,-533,132,-130,0
3869.1054589748383,10652,4384,11156,-167,-16,96,9900,-9400,8428,-17,148,-163,-14572,4432,3464,-771,99,-16,-14584,-2776,6312,-471,138,-145,0
3869.1389961242676,10460,4556,11228,-134,-8,106,9964,-9248,8456,-33,175,-158,-14380,4420,3404,-1017,95,-79,-14660,-2628,6076,-491,194,-135,0
3869.172441959381,10600,4476,11260,-173,-26,105,10000,-9272,8228,-13,187,-185,-14732,4464,3512,-1004,38,-83,-14668,-2600,6236,-488,198,-119,0
3869.205845117569,10452,4504,11116,-189,-34,95,9992,-9320,8480,-26,220,-168,-14684,4396,3496,-946,111,-35,-14644,-2640,5904,-487,165,-128,0
3869.2392311096187,10544,4504,11116,-165,-41,116,10092,-9284,8472,-14,168,-155,-14580,4424,3420,-994,80,-43,-14688,-2680,6088,-457,173,-94,0
3869.2729079723363,10544,4528,11228,-176,-28,89,9996,-9244,8604,-18,181,-181,-14512,4464,3472,-945,90,-98,-14628,-2828,6296,-499,200,-142,0
3869.3066139221196,10572,4568,11132,-172,-37,87,10028,-9328,8628,-33,168,-180,-14712,4380,3456,-969,83,-96,-14796,-2620,5928,-481,141,-146,0
3869.3401770591736,10556,4512,11180,-170,-38,78,10040,-9296,8552,-46,143,-195,-14684,4444,3356,-992,68,-79,-14636,-2624,6068,-489,131,-139,0
3869.373708963394,10576,4368,11164,-153,-52,82,10040,-9272,8688,-30,153,-174,-14604,4484,3400,-1033,75,-37,-14744,-2600,6356,-469,140,-130,0
3869.4070880413055,10728,4544,11068,-135,-47,96,9964,-9312,8412,-13,130,-179,-14604,4460,3392,-1006,81,-67,-14664,-2664,5912,-496,144,-142,0
3869.4405291080475,10568,4368,10904,-181,-59,90,9916,-9216,8364,250,139,-190,-14708,4372,3208,-1019,175,-104,-14376,-2648,6044,-482,119,-117,0
3869.4739689826965,10680,4576,11200,-161,-42,128,9904,-9156,8540,-21,76,-161,-14664,4380,3520,-1000,177,-91,-14648,-2692,6136,-535,118,-106,0
3869.5075240135193,10452,4468,11096,-134,-23,108,10028,-9440,8644,-30,124,-159,-14688,4416,3280,-1051,102,-67,-14636,-2656,6188,-507,87,-136,0
3869.5412249565125,10256,4576,11056,-182,-76,121,10092,-9184,8268,-10,96,-159,-14668,4452,3336,-1110,133,-7,-14656,-2636,6236,-511,45,-92,0
3869.574881076813,10528,4492,11296,-150,-68,102,9800,-9248,8692,-62,116,-145,-14384,4400,3096,-1078,104,-49,-14716,-2648,5896,-762,69,-165,0
3869.6084420681004,10484,4516,11276,-144,-26,87,10020,-9200,8464,8,138,-176,-14636,4104,3396,-1278,123,-80,-14564,-2620,6252,-514,104,-137,0
3869.641453027725,10716,4528,11044,-155,-23,102,10692,-9164,7960,-69,122,-148,-14540,4380,3564,-1088,129,-43,-14528,-2668,5920,-466,151,-162,0
3869.6749210357666,10444,4604,11220,-167,-38,73,9988,-9332,8356,-20,133,-150,-14612,4436,3780,-1002,117,-72,-14732,-2700,6200,-472,118,-143,0
3869.7085361480713,10292,4516,11064,-186,-61,89,10024,-9360,8440,-46,154,-161,-14792,4396,3484,-999,134,-96,-14628,-2696,6200,-451,123,-137,0
3869.7419519424443,10740,4624,11200,-142,-72,92,9968,-9320,8416,-39,161,-193,-14612,4456,3524,-1058,109,-102,-14844,-2656,5968,-492,121,-106,0
3869.7754881381998,10452,4680,11124,-144,-83,96,9892,-9284,8564,-2,96,-192,-14348,4476,3384,-1058,122,-84,-14512,-2648,6116,-504,136,-137,0
3869.8091521263123,10460,4584,11044,-149,-61,104,10220,-9292,8488,-46,116,-178,-14564,4348,3348,-1035,79,-19,-14648,-2704,6224,-494,147,-127,0
3869.842481136322,10532,4696,11048,-159,-63,116,9952,-9288,8516,-15,162,-174,-14636,4400,3536,-994,72,-59,-14496,-2752,6172,-458,147,-120,0
3869.8795781135564,10240,4572,10876,-174,-44,113,9948,-9240,8536,-34,149,-203,-14664,4356,3460,-968,92,-105,-14720,-2716,6100,-473,164,-97,0
3869.9146580696106,10488,4592,11088,-182,-73,117,10100,-9464,8548,-54,163,-196,-14600,4448,3564,-954,81,-77,-14688,-2668,6080,-450,195,-101,0
3869.950320959091,10260,4704,11256,-177,-80,88,9988,-9292,8484,-34,155,-182,-14636,4372,3320,-956,101,-121,-14392,-2716,6084,-464,199,-126,0
3869.9854810237885,10420,4568,11192,-215,-93,106,9976,-9208,8604,-25,175,-181,-14680,4432,3436,-963,64,-67,-14796,-2624,5900,-474,193,-119,0
3870.0218551158905,10600,4540,11100,-183,-63,105,9952,-9300,8560,-28,192,-162,-14724,4464,3140,-958,112,-65,-14620,-2600,6196,-501,193,-123,0
3870.0582461357117,10540,4540,11172,-151,-80,87,9908,-9284,8596,-48,173,-186,-14820,4552,3352,-981,101,-110,-14620,-2616,6144,-496,210,-104,0
3870.0933051109314,10532,4552,11124,-172,-95,101,10004,-9164,8524,-32,156,-182,-14548,4340,3396,-1005,83,-64,-14524,-2588,6092,-519,170,-131,0
3870.1291019916534,10480,4824,11084,-176,-95,115,9956,-9240,8476,-87,163,-158,-14644,4388,3484,-985,130,-124,-14696,-2668,6224,-514,143,-132,0
3870.1644270420074,10572,4356,11020,-138,-66,102,9980,-9348,8540,-66,150,-175,-14716,4428,3412,-987,108,-89,-14716,-2636,6396,-528,142,-132,0
3870.1996209621434,10568,4496,11136,-171,-66,97,9740,-9232,8612,-22,135,-161,-14716,4448,3404,-1024,107,-63,-14628,-2740,6076,-498,137,-103,0
3870.2345690727234,10520,4640,11036,-206,-61,136,9984,-9220,8568,254,134,-172,-14552,4456,3396,-1100,163,-34,-14696,-2844,6148,-485,95,-116,0
3870.2703490257263,10636,4680,11100,-204,-76,87,9940,-9344,8584,-79,116,-184,-14700,4448,3452,-970,123,-92,-14704,-2660,6196,-512,80,-154,0
3870.3055081367493,10348,4504,11248,-182,-49,99,9968,-9396,8656,-25,83,-217,-14340,4408,3164,-1059,176,-44,-14580,-2692,6124,-506,106,-123,0
3870.3418190479283,10308,4560,10780,-140,-38,119,10000,-9300,8468,-6,87,-158,-14592,4592,3540,-1108,53,-69,-14644,-2784,6244,-466,108,-112,0
3870.3780720233917,10492,4548,11140,-195,-32,97,10156,-9280,8584,-27,132,-175,-14828,4348,3416,-1049,108,-103,-14632,-2684,6144,-463,69,-106,0
3870.41332912445,10568,4484,11136,-223,-4,104,9972,-9324,8604,-33,128,-146,-14584,4532,3340,-1033,92,-78,-14608,-2752,6304,-494,101,-105,0
3870.448647975921,10496,4532,11024,-188,-31,136,10000,-9240,8576,-30,113,-172,-14628,4452,3180,-1032,90,-90,-14660,-2688,6324,-765,156,-110,0
3870.4834389686584,10264,4572,11104,-162,-33,129,9936,-9256,8500,-17,123,-204,-14416,4476,3412,-1074,181,-115,-14640,-2740,6132,-464,128,-81,0
3870.5207340717316,10488,4568,11116,-213,-129,108,10052,-9272,8640,-32,121,-200,-14348,4456,3484,-1280,100,-125,-14604,-2684,6232,-456,162,-113,0
3870.55442404747,10464,4856,11468,-222,-78,117,10100,-9368,8452,-33,129,-178,-14460,4504,3424,-993,96,-91,-14728,-2696,6180,-458,154,-113,0
3870.588304042816,10540,4548,11064,-3,-118,124,10000,-9236,8460,-46,168,-211,-14840,4512,3428,-942,54,-69,-14620,-2700,6084,-448,191,-119,0
3870.6217799186707,10400,4568,11100,-231,-110,110,9920,-9296,8460,-61,151,-199,-14652,4420,3372,-960,52,-126,-14612,-2640,6052,-445,190,-81,0
3870.6550590991974,10564,4572,11196,-247,-130,137,10012,-9236,8456,-91,187,-213,-14628,4424,3336,-900,56,-156,-14788,-2656,6108,-430,186,-93,0
3870.6886119842534,10620,4560,11104,-274,-162,102,9932,-9320,8468,-73,171,-210,-14716,4456,3300,-883,46,-80,-14584,-2636,6024,-464,194,-97,0
3870.7218711376186,10580,4452,11212,-250,-161,154,9980,-9240,8364,-29,113,-187,-14404,4504,3320,-965,126,-105,-14652,-2680,6184,-444,224,-80,0
3870.755520105362,10540,4600,11152,-226,-139,151,10024,-9024,8556,-41,133,-204,-14592,4484,3424,-941,145,-121,-14632,-2692,5964,-451,200,-71,0
3870.7892639636993,10288,4596,11052,-230,-164,137,10088,-9304,8516,-34,126,-225,-14720,4480,3428,-989,84,-130,-14776,-2604,6396,-470,210,-103,0
3870.8228180408482,10596,4544,11120,-251,-143,163,10020,-9320,8472,-8,118,-177,-14684,4352,3288,-976,99,-132,-14388,-2760,6152,-481,122,-100,0
3870.856408119201,10576,4632,11152,-229,-129,131,10000,-9004,8232,-34,82,-187,-14640,4392,3144,-999,142,-89,-14568,-2680,6184,-474,140,-103,0
3870.8895399570465,10524,4548,10992,-237,-130,141,9992,-9216,8460,-26,85,-193,-14632,4416,3416,-1278,112,-96,-14668,-2648,6364,-470,139,-107,0
3870.9229240417485,10596,4596,11228,-243,-142,151,9868,-9252,8536,-31,95,-201,-14648,4480,3224,-987,73,-94,-14696,-2580,6092,-492,176,-103,0
3870.9567749500275,10248,4536,11156,-229,-118,134,9956,-9288,8224,-33,103,-206,-14704,4396,3556,-1014,98,-107,-14672,-2628,6188,-479,141,-76,0
3870.990271091461,10500,4432,10976,-207,-176,121,9972,-9388,8500,-32,109,-231,-14556,4584,3408,-998,116,-132,-14620,-2604,5976,-463,180,-96,0
3871.0238120555878,10712,4580,11220,-247,-164,114,10032,-9400,8460,-36,79,-224,-14732,4568,3212,-1017,143,-102,-14640,-2580,6204,-486,168,-89,0
3871.057389974594,10636,4416,11124,-237,-151,158,9952,-9188,8432,4,68,-208,-14840,4504,3384,-777,162,-90,-14788,-2716,5908,-507,130,-122,0
3871.0910289287563,10528,4480,11136,-207,-118,112,10000,-9228,8348,-13,86,-193,-14612,4440,3312,-778,123,-157,-14756,-2664,6176,-492,153,-87,0
3871.124372959137,10588,4376,11052,-217,-142,141,9800,-9332,8576,-39,78,-187,-14668,4524,3564,-1010,143,-112,-14364,-2648,6320,-536,155,-113,0
3871.157539129257,10572,4520,11192,-183,-114,137,9968,-9240,8532,-56,86,-205,-14828,4580,3368,-1039,95,-72,-14800,-2608,6044,-510,147,-105,0
3871.1910591125493,10568,4456,11096,-188,-133,144,9992,-9168,8508,-21,96,-196,-14644,4448,3572,-1032,135,-118,-14628,-2652,6328,-258,126,-106,0
3871.2243700027466,10516,4560,11128,-192,-122,123,10020,-9024,8436,-31,105,-225,-14684,4360,3328,-1040,89,-129,-14728,-2636,6396,-488,139,-128,0
3871.2579190731053,10560,4496,10864,-192,-142,120,9988,-9196,8444,-34,127,-219,-14816,4120,3344,-1005,120,-117,-14700,-2384,5912,-489,167,-129,0
3871.2913329601283,10616,4480,10964,-146,-104,118,10056,-9280,8612,-37,90,-204,-14672,4484,3356,-1014,143,-83,-14612,-2656,6032,-485,132,-104,0
3871.3250269889836,10640,4412,11080,-143,-96,85,10096,-9240,8416,-41,158,-213,-14632,4128,3144,-1034,92,-53,-14708,-2572,6076,-488,132,-142,0
3871.3586859703064,10704,4452,10884,-158,-60,68,10108,-9260,8536,-13,158,-167,-14552,4396,3492,-1027,83,-43,-14716,-2640,6048,-489,144,-135,0
3871.39200592041,10644,4540,11080,-183,-26,93,9752,-9260,8212,-36,158,-172,-14728,4480,3420,-780,97,-87,-14684,-2392,6132,-459,144,-123,0
3871.4255831241603,10596,4544,11052,-136,-41,116,10004,-9248,8216,-6,160,-151,-14588,4324,3352,-772,111,-88,-14696,-2672,6080,-473,149,-153,0
3871.459226131439,10528,4464,10752,-149,250,122,9952,-9320,8320,-29,170,-151,-14616,4432,3300,-1009,65,-69,-14716,-2632,6244,-482,159,-117,0
3871.4930009841923,10584,4476,10960,-162,-47,88,9992,-9352,8612,-26,203,-144,-14600,4372,3440,-993,90,-42,-14636,-2688,6128,-488,163,-132,0
3871.5265901088715,10480,4588,10980,-144,-7,99,10068,-9276,8500,-20,172,-181,-14660,4464,3332,-1034,74,-50,-14640,-2756,6028,-434,154,-138,0
3871.563406944275,10712,4488,11024,-162,-14,93,10140,-9276,8428,-43,184,-155,-14692,4444,3224,-988,71,-28,-14772,-2616,6036,-439,125,-123,0
3871.5986540317535,10692,4448,10944,-166,-1,80,10156,-9344,8492,-26,135,-154,-14632,4560,3380,-1021,44,-30,-14672,-2564,6348,-497,114,-183,0
3871.6339340209965,10476,4468,11020,-189,-9,91,9916,-9416,8636,8,175,-152,-14612,4440,3500,-1043,86,-34,-14644,-2672,6020,-463,113,-126,0
3871.6694951057434,10612,4536,11132,-138,34,76,10132,-9308,8668,-91,115,-146,-14692,4336,3400,-1007,101,-81,-14520,-2552,6072,-259,99,-158,0
3871.704574108124,10608,4560,10984,-177,-35,50,10008,-9460,8536,-16,118,-185,-14588,4400,3396,-1045,91,-93,-14636,-2604,6108,-495,148,-156,0
3871.7404561042786,10536,4444,11056,-131,10,91,9732,-8976,8612,-11,117,-174,-14664,4372,3372,-1049,76,-4,-14688,-2700,6144,-516,127,-150,0
3871.776176929474,10288,4556,11172,-135,-17,90,9772,-9464,8508,-51,169,-153,-14656,4432,3288,-999,55,-32,-14644,-2552,6232,-485,97,-171,0
3871.8117759227753,10592,4676,11124,-158,1,63,10164,-9308,8580,-35,114,-148,-14820,4360,3436,-963,76,-52,-14676,-2652,6068,-496,112,-161,0
3871.848134994506,10544,4584,11064,-164,-18,91,9956,-9276,8592,-7,130,-173,-14576,4456,3248,-1024,83,-19,-14572,-2688,6092,-501,141,-123,0
3871.8835411071773,10412,4504,10948,-156,253,118,10220,-9336,8456,-33,114,-197,-14528,4468,3476,-1089,129,-73,-14616,-2688,6152,-507,135,-115,0
3871.9192459583282,10592,4608,11224,-123,-65,99,10228,-9320,8440,-41,135,-180,-14712,4496,3388,-1022,129,-47,-14704,-2680,6140,-510,105,-156,0
3871.954693078994,10624,4604,11252,-144,-68,63,10000,-9320,8248,-5,105,-193,-14652,4424,3544,-1017,-17,-250,-14776,-2656,6276,-496,109,-128,0
3871.990765094757,10608,4580,11024,-120,-42,98,10024,-9240,8460,-14,140,-164,-14708,4424,3308,-1040,146,-63,-14608,-2744,6220,-533,95,-139,0
3872.0261840820312,10288,4464,10836,-135,-31,124,9956,-9308,8368,-20,113,-168,-14344,4360,3396,-1047,99,-60,-14400,-2688,6184,-498,112,-155,0
3872.061851978302,10548,4672,10988,-156,-42,96,9828,-9240,8500,-64,144,-168,-14656,4424,3576,-1008,109,-82,-14628,-2676,6120,-509,118,-130,0
3872.098084926605,10580,4560,11036,-163,-54,93,9952,-9396,8484,-51,146,-178,-14548,4484,3188,-770,95,-74,-14392,-2720,6220,-477,135,-138,0
3872.1334481239323,10536,4560,11040,-176,-68,94,9968,-9256,8688,-18,111,-174,-14724,4472,3140,-1001,90,-120,-14620,-2600,6364,-503,157,-141,0
3872.1688311100006,10728,4576,11024,-153,-68,89,9748,-9260,8536,-6,142,-185,-14672,4496,3544,-1030,128,-85,-14632,-2656,5976,-474,140,-148,0
3872.2055239677434,10480,4584,11264,-169,-85,86,10040,-9284,8656,-254,168,-207,-14652,4440,3384,-1017,100,-113,-14736,-2708,6160,-489,147,-139,0
3872.2390220165253,10532,4520,11136,-181,-86,76,9964,-9276,8464,-25,126,-182,-14576,4372,3692,-979,108,-101,-14712,-2648,6348,-488,130,-138,0
3872.2726039886475,10416,4680,11056,-184,-75,99,9968,-9316,8536,-58,156,-169,-14656,4416,3300,-976,73,-73,-14692,-2712,6184,-503,135,-137,0
3872.3061749935146,10280,4592,11240,-189,-88,105,10000,-9328,8692,-32,146,-185,-14572,4324,3116,-1280,99,-76,-14672,-2680,6212,-477,119,-111,0
3872.3399851322174,10416,4684,11028,-172,-25,109,9928,-9188,8464,-64,174,-177,-14520,4524,3436,-1106,120,-70,-14580,-2856,6064,-445,134,-122,0
3872.3733699321747,10540,4508,11132,-190,-49,68,10120,-9260,8520,-36,144,-200,-14744,4416,3448,-982,98,-80,-14624,-2688,6168,-480,161,-131,0
3872.4066281318665,10436,4604,11184,-176,-39,81,9940,-9220,8668,-23,120,-190,-14652,4464,3500,-982,114,-103,-14624,-2596,6124,-489,172,-163,0
3872.4401090145116,10460,4516,11220,-140,-66,103,9856,-9208,8548,-66,114,-172,-14568,4420,3556,-976,68,-15,-14632,-2804,6388,-474,133,-144,0
3872.473664045334,10512,4368,11480,-204,-62,102,9996,-9308,8532,-57,144,-152,-14584,4356,3452,-942,53,-51,-14652,-2700,6008,-432,139,-113,0
3872.507405996322,10512,4628,11160,-211,-67,92,9936,-9260,8536,-34,140,-197,-14564,4436,3544,-944,55,-60,-14608,-2712,6144,-465,153,-119,0
3872.541424036026,10720,4612,11016,-204,-45,103,9944,-9200,8440,-1,159,-192,-14656,4416,3288,-1005,92,-68,-14660,-2720,6104,-462,159,-98,0
3872.5748059749603,10492,4852,11120,-222,-28,116,10180,-9388,8584,33,124,-192,-14528,4476,3476,-1032,110,-69,-14624,-2708,6256,-454,171,-76,0
3872.608102083206,10396,4856,11040,-192,-54,128,10028,-9264,8496,254,337,-160,-14592,4340,3504,-844,87,-85,-14624,-2756,6164,-463,164,-84,0
3872.6415989398956,10532,4812,11072,-253,-75,110,9940,-9352,8596,-29,121,-202,-14628,4448,3384,-1010,108,-88,-14728,-2676,6164,-448,145,-90,0
3872.6752500534053,10508,4464,11092,-252,-114,121,9968,-9300,8608,-11,175,-223,-14696,4388,3540,-971,111,-136,-14680,-2780,6280,-469,183,-92,0
3872.7088949680333,10244,4356,11148,-237,-155,137,9852,-9228,8616,-72,135,-216,-14444,4392,3372,-989,69,-148,-14612,-2748,6116,-471,196,-78,0
3872.7422969341283,10560,4828,11476,-236,-159,124,10048,-9252,8460,-88,130,-204,-14664,4496,3484,-965,67,-115,-14764,-2744,6088,-478,195,-80,0
3872.7759430408482,10584,4552,11168,-510,-128,119,10064,-9288,8584,-75,170,-195,-14848,4448,3456,-941,104,-72,-14836,-2320,6124,-434,138,-47,0
3872.8091480731964,10564,4736,11192,-244,-140,119,10056,-9252,8420,-67,173,-214,-14692,4432,3444,-984,99,-134,-14660,-2556,6224,-427,210,-69,0
3872.8426580429077,10628,4528,11324,-275,-106,135,9996,-9364,8356,-34,154,-184,-14708,4488,3360,-992,115,-138,-14664,-2588,6196,-464,177,-74,0
3872.8763880729675,10580,4472,11132,-237,-149,174,9904,-8984,8524,-31,125,-185,-14640,4512,3440,-997,123,-126,-14620,-2700,6240,-473,189,-70,0
3872.9096131324773,10676,4524,11056,-221,-126,138,9736,-9280,8248,-31,117,-212,-14572,4544,3304,-1006,125,-87,-14696,-2612,6200,-458,154,-97,0
3872.943179130554,10580,4544,10984,-240,-121,145,10080,-9268,8572,-35,146,-190,-14604,4392,3376,-996,98,-93,-14660,-2640,5920,-452,167,-62,0
3872.976902961731,10668,4572,11100,-252,-142,154,10016,-9272,8504,-32,109,-199,-14604,4588,3176,-984,75,-113,-14612,-2716,6284,-505,138,-94,0
3873.010498046875,10568,4524,11056,-277,-146,140,10020,-9320,8444,-12,123,-211,-14632,4416,3360,-979,84,-112,-14664,-2708,6112,-473,123,-90,0
3873.043676137924,10576,4504,10980,-232,-105,130,10004,-9368,8460,-40,149,-203,-14644,4368,3548,-964,94,-96,-14344,-2724,6100,-476,161,-82,0
3873.07738995552,10608,4432,11048,-233,-171,110,9944,-9300,8584,-38,162,-207,-14600,4512,3492,-966,91,-94,-14552,-2640,6100,-486,182,-95,0
3873.1108610630035,10704,4536,10816,-236,-167,135,9928,-9268,8456,-36,109,-221,-14604,4536,3256,-1013,137,-134,-14644,-2580,6056,-476,163,-71,0
3873.1439089775085,10572,4456,11092,-218,-142,142,10076,-9012,8368,254,95,-176,-14736,4428,3464,-992,93,-101,-14660,-2660,6376,-463,120,-103,0
3873.1774480342865,10632,4456,10996,-233,-152,121,10012,-9260,8544,-29,129,-196,-14704,4516,3132,-975,77,-54,-14724,-2632,6200,-457,134,-99,0
3873.211041927337,10560,4492,11120,-239,-113,134,10024,-9272,8504,-53,90,-214,-14676,4472,3452,-998,63,-121,-14596,-2608,6284,-503,169,-96,0
3873.248564004898,10656,4476,11080,-214,-158,140,10044,-9308,8376,-36,113,-212,-14688,4444,3140,-1274,116,-138,-14692,-2348,6188,-489,166,-107,0
3873.283751964569,10500,4540,10988,-165,-105,119,10016,-9184,8572,-33,116,-232,-14624,4380,3560,-1033,141,-81,-14716,-2664,6100,-479,169,-101,0
3873.3195190429683,10748,4444,11184,-214,-146,141,10076,-9256,8452,-14,148,-210,-14644,4404,3404,-1011,105,-89,-14740,-2592,6176,-491,149,-137,0
3873.3547570705414,10540,4456,11008,-167,-68,99,10224,-9000,8492,-49,151,-194,-14824,4480,3180,-773,97,-68,-14616,-2672,6168,-480,129,-115,0
3873.3902790546413,10596,4556,11056,-151,-61,101,10084,-9188,8492,-21,155,-179,-14364,4440,3136,-1047,120,-93,-14532,-2700,6008,-500,110,-147,0
3873.4253900051117,10708,4500,11172,-166,-17,90,10020,-9220,8668,-37,150,-163,-14648,4312,3084,-1034,133,-39,-14604,-2516,6136,-488,127,-136,0
3873.460909128189,10552,4516,11228,-159,-27,81,9972,-9212,8580,-43,143,-170,-14588,4400,3292,-1051,108,-74,-14800,-2588,5932,-473,132,-142,0
3873.4971380233765,10648,4448,10984,-161,-4,90,10048,-9288,8564,-14,118,-148,-14704,4492,3380,-1023,107,-76,-14832,-2620,5908,-766,109,-140,0
3873.5326111316685,10612,4564,11016,-127,-9,88,10112,-9264,8512,-2,138,-162,-14592,4380,3228,-1025,100,-37,-14700,-2668,6196,-492,95,-156,0
3873.568148136139,10580,4476,11100,-145,-13,90,10028,-9456,8464,-22,139,-159,-14704,4488,3324,-1076,79,-70,-14644,-2728,6272,-498,124,-138,0
3873.6033210754395,10508,4512,11068,-146,14,73,10012,-9188,8536,-44,147,-135,-14600,4452,3400,-1045,144,-42,-14692,-2592,6192,-461,96,-132,0
3873.638728141784,10672,4444,11112,-153,-1,80,10120,-9308,8420,-47,158,-167,-14348,4528,3328,-1053,103,-56,-14652,-2692,6084,-530,114,-164,0
3873.6741960048676,10564,4452,11116,-156,-29,89,10060,-9184,8552,-40,146,-148,-14508,4448,3320,-1037,90,-39,-14708,-2692,6176,-493,108,-116,0
3873.709491968155,10512,4588,11016,-127,253,93,9736,-9340,8416,-64,146,-149,-14660,4384,3288,-1020,90,-55,-14724,-2668,6024,-496,106,-153,0
3873.745043039322,10604,4572,11256,-153,-56,77,9936,-9280,8300,-41,122,-187,-14784,4416,3300,-1038,95,-62,-14660,-2580,6132,-501,143,-131,0
3873.7804780006413,10532,4520,11080,-160,0,76,10068,-9248,8564,-11,172,-139,-14648,4392,3384,-1070,85,-76,-14612,-2644,6196,-479,126,-134,0
3873.816246032715,10692,4524,10992,-146,-23,62,10012,-9436,8400,-16,176,-155,-14608,4432,3412,-1019,66,-19,-14636,-2684,6388,-500,119,-178,0
3873.8514239788055,10568,4604,11052,-164,6,93,10028,-9276,8324,-67,147,-165,-14696,4396,3496,-991,89,-98,-14664,-2764,5948,-484,88,-131,0
3873.8881371021275,10516,4536,10788,-144,-12,102,10012,-9200,8524,-43,168,-155,-14612,4456,3508,-1027,92,-45,-14672,-2768,6212,-486,115,-143,0
3873.9216980934143,10544,4484,11052,-133,-35,83,10056,-9200,8580,-23,119,-166,-14448,4412,3408,-1016,91,-71,-14528,-2712,6060,-507,156,-144,0
3873.955181121826,10472,4532,11080,-143,-18,89,9728,-9252,8404,-36,107,-170,-14460,4436,3464,-1033,110,-66,-14532,-2664,6116,-483,140,-150,0
3873.9890270233154,10448,4568,10968,-141,-84,93,10008,-9308,8512,-6,145,-172,-14556,4412,3324,-987,103,-119,-14600,-2672,6160,-469,173,-83,0
3874.0224959850316,10672,4552,11148,-165,-48,114,10072,-9336,8480,-18,165,-171,-14644,4432,3516,-994,108,-81,-14596,-2748,6172,-492,189,-117,0
3874.0586941242213,10496,4560,11208,-166,-70,127,10004,-9256,8568,-19,167,-184,-14820,4364,3480,-1006,75,-88,-14616,-2640,6216,-468,176,-146,0
3874.0928881168365,10420,4564,11172,-176,-57,113,9936,-9300,8528,-26,147,-194,-14840,4416,3332,-991,70,-108,-14664,-2660,6336,-467,162,-154,0
3874.128091096878,10312,4588,11140,-177,-92,96,9792,-9304,8496,-28,183,-190,-14696,4372,3252,-971,106,-116,-14688,-2344,5912,-443,173,-111,0
3874.1615769863133,10616,4528,11056,-189,-89,103,9728,-9268,8648,-35,152,-193,-14620,4460,3212,-1016,91,-91,-14696,-2652,6208,-484,137,-105,0
3874.195209026336,10496,4580,10976,-181,-71,115,10200,-9296,8288,-21,150,-177,-14620,4424,3284,-992,138,-69,-14624,-2708,6056,-480,126,-110,0
3874.2287659645085,10552,4552,11180,-182,-76,130,10016,-9356,8692,11,124,-183,-14848,4500,3492,-1042,118,-81,-14580,-2668,6104,-492,155,-117,0
3874.2620151042934,10456,4588,11108,-196,-70,123,10212,-9220,8568,2,154,-175,-14692,4464,3460,-1038,130,-121,-14556,-2660,6084,-488,140,-118,0
3874.2954440116882,10732,4476,11244,-170,-60,110,9996,-9408,8224,-37,135,-191,-14584,4488,3352,-1030,105,-67,-14584,-2680,6060,-501,121,-133,0
3874.329038143158,10564,4616,11200,-181,-60,81,9948,-9292,8512,-51,127,-151,-14648,4484,3516,-1006,92,-36,-14600,-2668,6084,-535,145,-134,0
3874.3626160621643,10468,4480,11276,-193,-66,81,10016,-9296,8524,-38,155,-148,-14720,4492,3428,-1007,107,-65,-14692,-2684,6388,-764,140,-118,0
3874.3961009979253,10528,4564,11040,-176,-66,111,9836,-9308,8568,-51,144,-167,-14436,4412,3532,-1015,93,-73,-14676,-2804,5936,-490,124,-107,0
3874.429638147354,10440,4612,11220,-163,-99,100,10020,-9268,8464,-78,142,-186,-14588,4464,3356,-1010,83,-100,-14632,-2608,5960,-481,110,-126,0
3874.462984085083,10568,4564,10956,-171,-70,66,9932,-9388,8400,-21,125,-194,-14668,4404,3376,-1040,119,-89,-14376,-2724,6124,-497,145,-138,0
3874.4968490600586,10724,4464,11152,-140,-63,98,9736,-9236,8376,-24,121,-154,-14840,4504,3308,-1036,106,-4,-14584,-2772,6304,-494,113,-117,0
3874.530324935913,10492,4596,11136,-184,-43,71,10012,-9244,8220,-46,122,-173,-14688,4536,3316,-1000,138,-31,-14580,-2580,6100,-487,111,-153,0
3874.563835144043,10292,4472,11304,-190,-16,75,10188,-9320,8508,-58,135,-166,-14620,4488,3384,-1031,89,-89,-14604,-2636,6140,-509,115,-148,0
3874.5976440906525,10644,4572,11120,-142,-12,105,9960,-9316,8528,-58,124,-149,-14644,4448,3532,-1048,114,-84,-14648,-2760,6132,-530,157,-145,0
3874.6311230659485,10464,4468,10960,-174,-21,124,9972,-9300,8620,-38,125,-174,-14652,4480,3416,-772,131,-61,-14608,-2776,6092,-518,143,-122,0
3874.6643080711365,10240,4516,11172,-155,-57,139,9880,-9472,8224,-31,126,-175,-14592,4448,3428,-1052,116,-58,-14660,-2760,6176,-487,148,-87,0
3874.6977000236507,10480,4844,11192,-207,-21,93,9956,-9308,8604,-47,142,-180,-14644,4452,3540,-1028,89,-97,-14372,-2764,6164,-479,178,-135,0
3874.7311861515045,10588,4568,11012,-191,-44,94,9932,-9340,8544,-33,153,-206,-14560,4448,3352,-993,100,-110,-14844,-2752,6116,-471,185,-121,0
3874.7648921012883,10584,4560,11044,-217,-24,101,9916,-9300,8708,-62,138,-191,-14556,4316,3332,-987,85,-100,-14520,-2784,6148,-467,174,-90,0
3874.7982871532445,10284,4664,11116,-211,-77,133,10236,-9380,8632,-72,123,-187,-14616,4388,3500,-968,142,-94,-14676,-2720,6208,-468,156,-88,0
3874.831934928894,10620,4548,11020,-260,-94,98,9912,-9252,8364,-74,135,-221,-14684,4396,3368,-987,95,-84,-14680,-2620,6216,-461,155,-111,0
3874.865497112274,10436,4532,11240,-256,-128,104,10232,-9272,8588,-81,148,-199,-14604,4464,3092,-1003,81,-140,-14700,-2624,6108,-486,174,-87,0
3874.898957967758,10440,4596,11076,-245,-86,136,10056,-9308,8584,-49,148,-197,-14392,4564,3364,-992,128,-112,-14652,-2772,6304,-459,143,-27,0
3874.9371089935303,10560,4424,11192,-256,-96,136,9948,-9284,8512,-59,97,-220,-14604,4412,3380,-1000,111,-143,-14648,-2640,6188,-459,197,-58,0
3874.9723329544067,10560,4788,11092,-230,-104,115,10024,-9328,8208,-56,144,-200,-14636,4504,3436,-1022,119,-146,-14684,-2748,5932,-472,191,-71,0
3875.0074110031123,10576,4552,11060,-227,-132,138,9728,-8992,8568,-55,120,-202,-14628,4424,3160,-986,114,-149,-14600,-2684,6084,-487,185,-87,0
3875.043062925338,10448,4588,10832,-245,-124,139,9880,-9248,8512,-72,106,-204,-14668,4420,3548,-967,107,-91,-14632,-2696,6220,-461,163,-68,0
3875.0791749954224,10552,4516,11140,-243,-134,149,10100,-9276,8484,-73,129,-196,-14736,4492,3356,-937,46,-135,-14756,-2620,6132,-455,172,-98,0
3875.1140680313115,10728,4528,11100,-263,-143,137,9920,-9288,8536,-26,117,-196,-14396,4460,3444,-995,58,-107,-14648,-2592,6168,-456,138,-83,0
3875.1497349739075,10548,4568,11192,-256,-96,113,9944,-9316,8448,-59,123,-209,-14688,4400,3308,-983,50,-109,-14340,-2732,6036,-421,205,-106,0
3875.1855311393733,10660,4552,11128,-280,-179,133,10040,-9312,8584,-25,119,-217,-14704,4412,3428,-923,58,-130,-14680,-2632,5900,-449,211,-81,0
3875.2215070724483,10700,4396,11068,-254,-165,159,9796,-9264,8592,-8,111,-213,-14672,4436,3448,-956,109,-94,-14628,-2648,5916,-443,198,-51,0
3875.2577080726624,10556,4496,11072,-240,-137,157,10000,-9228,8396,-20,135,-189,-14644,4476,3384,-970,67,-89,-14680,-2640,6224,-435,149,-90,0
3875.2928309440613,10504,4596,11156,-288,-128,138,10040,-9372,8476,-50,126,-185,-14684,4444,3436,-959,77,-74,-14448,-2388,5900,-486,167,-99,0
3875.328181028366,10580,4460,11108,-239,-139,149,9964,-9336,8600,-28,116,-165,-14688,4464,3524,-979,94,-80,-14708,-2656,6144,-504,152,-115,0
3875.3633430004124,10504,4452,11248,-214,-160,132,9996,-9236,8556,-255,81,-247,-14588,4420,3376,-999,136,-126,-14672,-2624,6136,-501,202,-112,0
3875.3991079330444,10588,4560,10788,-214,-140,159,10100,-9468,8360,-25,97,-197,-14688,4464,3180,-1037,115,-115,-14824,-2588,6204,-483,164,-103,0
3875.4339890480046,10512,4500,11168,-218,-146,137,9764,-9252,8224,-20,103,-199,-14392,4512,3292,-994,104,-117,-14704,-2676,6064,-503,146,-100,0
3875.4690871238718,10548,4476,11032,-204,-107,120,9992,-9332,8420,-12,117,-218,-14600,4484,3328,-1018,136,-113,-14684,-2724,5932,-489,181,-112,0
3875.5047149658203,10660,4524,10984,-213,-147,128,10068,-9252,8236,-22,104,-195,-14824,4392,3480,-990,108,-106,-14612,-2676,6012,-501,157,-142,0
3875.5407929420476,10588,4444,11024,-193,-132,122,10004,-9300,8528,-63,96,-205,-14388,4364,3580,-996,116,-70,-14644,-2648,6000,-484,140,-110,0
3875.5774531364445,10684,4444,11100,-152,-69,105,10084,-9176,8564,-90,132,-205,-14408,4552,3348,-961,61,-48,-14688,-2568,6108,-538,109,-148,0
3875.6110470294952,10692,4324,11056,-157,-76,85,10072,-9372,8412,252,166,-165,-14580,4340,3400,-1078,91,-72,-14632,-2692,6192,-486,143,-110,0
3875.644226074218,10556,4528,11000,-145,-6,109,10060,-8992,8660,247,120,-162,-14624,4428,3372,-1049,131,-103,-14684,-2620,6132,-467,117,-117,0
3875.6779780387883,10728,4516,11140,-138,-39,97,10016,-9336,8380,-44,152,-191,-14592,4440,3376,-1045,101,-96,-14756,-2808,5972,-517,129,-178,0
3875.7113380432133,10580,4492,11152,-165,-5,80,10076,-9264,8840,9,154,-146,-14648,4596,3536,-1068,98,-39,-14712,-2660,6384,-520,71,-155,0
3875.7448060512543,10624,4568,11012,-140,9,99,10236,-9468,8496,-34,137,-118,-14568,4096,3376,-1278,135,-25,-14352,-2688,6044,-494,96,-130,0
3875.778435945512,10560,4492,11172,-172,-247,106,10000,-9224,8476,-38,122,-121,-14592,4348,3284,-1071,145,-57,-14848,-2668,6352,-489,100,-115,0
3875.8117129802704,10556,4516,10908,-137,25,104,9992,-9296,8520,-21,149,-161,-14648,4384,3648,-1016,107,-73,-14580,-2636,6200,-505,73,-121,0
3875.845449924469,10484,4492,11016,-139,31,63,10088,-9296,8524,-41,150,-151,-14676,4480,3240,-1066,108,-37,-14568,-2708,6096,-517,89,-161,0
3875.8789169788365,10536,4512,11008,-114,-28,67,10212,-9336,8512,-49,126,-172,-14668,4464,3452,-1017,72,-28,-14692,-2744,6004,-543,132,-127,0
3875.9123599529266,10516,4568,11116,-112,-56,97,9924,-9312,8620,-37,152,-182,-14680,4472,3408,-1030,125,-94,-14652,-2692,6048,-488,153,-150,0
3875.9456720352173,10596,4484,11200,-133,-55,73,10072,-9244,8560,-7,158,-182,-14552,4460,3280,-1279,163,-126,-14620,-2684,6060,-506,126,-145,0
3875.9791889190674,10652,4508,11096,-122,-60,104,10064,-9288,8380,-30,123,-191,-14580,4428,3396,-1026,121,-52,-14752,-2708,6008,-492,136,-152,0
3876.0128769874573,10600,4448,11160,-153,-32,119,10024,-9300,8452,-36,127,-160,-14696,4436,3432,-1009,102,-66,-14628,-2580,5944,-485,125,-174,0
3876.0464799404144,10692,4560,11092,-133,-52,84,9984,-9148,8476,-9,161,-187,-14568,4392,3492,-1024,87,-49,-14716,-2656,6056,-511,136,-164,0
3876.0799961090083,10352,4384,11112,-122,-40,103,10076,-9324,8260,-32,158,-170,-14644,4396,3264,-1030,96,-129,-14592,-2672,6112,-472,146,-144,0
3876.1136429309845,10628,4620,11032,-162,-33,92,10060,-9052,8472,0,123,-168,-14348,4432,3484,-1035,121,-83,-14692,-2668,6048,-490,148,-139,0
3876.1467580795284,10272,4512,11140,-181,-16,65,10012,-9308,8592,-20,162,-154,-14604,4408,3468,-1277,63,-71,-14716,-2676,6168,-499,136,-169,0
3876.1803619861603,10492,4376,11044,-154,-42,88,10100,-9032,8492,-47,159,-169,-14620,4476,3456,-1037,118,-47,-14600,-2700,6152,-510,105,-97,0
3876.213882923126,10552,4640,11032,-145,-74,72,9936,-9188,8268,-2,159,-181,-14672,4328,3544,-1030,98,-82,-14620,-2760,6192,-483,191,-149,0
3876.24744606018,10624,4568,11052,-150,-67,91,9812,-9248,8420,-9,143,-180,-14676,4464,3372,-1043,107,-85,-14704,-2632,6184,-762,121,-129,0
3876.2810950279236,10604,4488,11036,-143,-32,84,10060,-9336,8240,-47,137,-172,-14696,4432,3480,-1007,67,-55,-14636,-2696,6160,-502,134,-143,0
3876.3145000934605,10524,4588,11100,-156,-41,97,9984,-9276,8496,-35,150,-149,-14772,4408,3404,-1018,96,-59,-14744,-2648,6216,-482,116,-132,0
3876.3481941223145,10552,4356,11012,-146,-31,99,9972,-9368,8560,-38,165,-140,-14348,4556,3516,-997,85,-67,-14628,-2752,6108,-474,143,-128,0
3876.3817889690404,10712,4580,11132,-166,-68,118,10000,-9296,8516,-31,152,-171,-14596,4420,3408,-984,60,-81,-14568,-2748,6080,-460,159,-136,0
3876.4152960777283,10728,4616,11184,-186,-62,121,9968,-9368,8520,-34,136,-180,-14544,4492,3396,-966,63,-88,-14600,-2680,6100,-485,175,-119,0
3876.448662042618,10592,4548,11088,-177,-70,111,9968,-9452,8356,3,177,-174,-14604,4468,3480,-982,91,-70,-14660,-2816,6192,-441,211,-121,0
3876.4823889732365,10356,4584,11008,-189,-99,120,9968,-9288,8456,-253,146,-203,-14664,4492,3416,-967,89,-65,-14708,-2796,6236,-441,169,-123,0
3876.5161211490636,10644,4600,11212,-171,-65,136,9944,-9164,8616,-51,145,-187,-14676,4520,3504,-982,176,-25,-14672,-2672,6220,-489,63,-141,0
3876.5497319698334,10488,4444,11188,-186,-21,82,9960,-9364,8372,-60,131,-142,-14664,4456,3376,-1050,127,-95,-14688,-2744,6144,-484,94,-132,0
3876.5829799175262,10568,4548,11184,-198,-57,129,9996,-9236,8640,-18,152,-116,-14740,4436,3568,-1091,85,-82,-14608,-2584,6164,-513,95,-133,0
3876.620449066162,10588,4592,11124,-182,25,86,9924,-9280,8548,-89,145,-154,-14692,4372,3440,-978,79,-33,-14684,-2672,6132,-554,88,-145,0
3876.6555349826813,10244,4504,11220,-169,-54,91,10188,-9344,8632,-17,124,-186,-14572,4368,3216,-1050,157,-76,-14664,-2708,6068,-481,154,-90,0
3876.691728115082,10596,4524,11176,-147,-34,124,10080,-9252,8380,-48,125,-165,-14540,4396,3540,-1062,110,231,-14620,-2728,6124,-500,129,-128,0
3876.7276859283443,10480,4592,11072,-206,-56,109,10024,-9288,8524,-55,177,-167,-14608,4472,3436,-948,94,-45,-14704,-2684,6280,-433,137,-117,0
3876.7625269889836,10536,4568,11232,-239,-73,120,9972,-9400,8628,-57,156,-166,-14640,4540,3284,-995,117,-83,-14748,-2652,6204,-474,140,-98,0
3876.7975721359253,10564,4476,11020,-221,-64,103,10012,-9296,8484,-61,138,-190,-14628,4488,3412,-1001,86,-58,-14592,-2700,5892,-475,148,-100,0
3876.8335061073303,10328,4572,11028,-239,-112,119,9924,-9452,8600,-53,117,-222,-14576,4440,3428,-975,98,-91,-14652,-2652,6384,-470,152,-80,0
3876.8685419559483,10508,4540,11180,-232,-108,127,9740,-9348,8460,-46,112,-234,-14596,4528,3556,-952,67,-116,-14656,-2656,6300,-492,190,-72,0
3876.9042351245885,10272,4544,10776,-252,-81,119,9928,-9324,8524,-47,148,-202,-14632,4504,3520,-958,91,-125,-14660,-2692,6096,-458,171,-87,0
3876.9405150413513,10568,4504,11100,-232,-142,139,10044,-9284,8520,-41,137,-185,-14696,4464,3268,-939,115,-78,-14660,-2680,6388,-452,189,-62,0
3876.9758820533752,10520,4540,11128,-262,-130,162,9904,-9244,8564,-54,101,-204,-14692,4396,3424,-944,166,-98,-14628,-2668,6104,-437,167,-84,0
3877.0110969543452,10544,4580,11208,-269,-146,136,10064,-9328,8516,-52,122,-222,-14616,4520,3612,-979,89,-127,-14632,-2780,6176,-435,199,-74,0
3877.0476181507115,10632,4588,11028,-235,-153,144,10016,-9360,8580,-31,115,-215,-14620,4372,3192,-963,122,-102,-14668,-2748,6136,-436,205,-67,0
3877.0828170776363,10480,4556,11128,-251,-148,132,10044,-9220,8476,-28,130,-217,-14696,4404,3396,-948,92,-117,-14696,-2604,6152,-474,210,-93,0
3877.1176729202266,10564,4556,11204,-252,-163,146,10012,-9252,8608,-30,138,-222,-14652,4412,3420,-992,86,-92,-14684,-2688,5920,-472,204,-107,0
3877.1534600257874,10568,4556,11188,-223,-166,145,10028,-9320,8220,-5,115,-241,-14636,4492,3416,-990,123,-167,-14816,-2700,5892,-464,158,-107,0
3877.1891901493073,10516,4584,11176,-246,-143,152,10092,-9252,8496,-21,77,-206,-14676,4388,3436,-1004,148,-100,-14708,-2636,6176,-485,120,-96,0
3877.224364042282,10532,4516,11092,-217,-96,161,10228,-9252,8632,-53,57,-182,-14632,4368,3440,-1006,103,-99,-14724,-2620,6168,-524,111,-102,0
3877.2603600025172,10564,4500,11240,-247,-122,133,10152,-9324,8496,-17,111,-195,-14668,4376,3388,-1040,94,-103,-14712,-2608,6100,-507,105,-122,0
3877.2938799858093,10624,4564,10756,-224,-77,140,9872,-9328,8468,-33,118,-159,-14608,4400,3444,-1031,101,-90,-14344,-2740,6144,-765,128,-116,0
3877.32749915123,10600,4408,11020,-189,-115,107,9984,-9400,8416,-35,109,-190,-14676,4480,3440,-959,119,-92,-14608,-2692,6044,-487,178,-120,0
3877.360877990722,10592,4416,11256,-218,-139,109,10024,-9380,8620,-24,145,-210,-14556,4488,3548,-969,102,-130,-14692,-2592,5984,-467,206,-92,0
3877.3940949440002,10680,4500,11028,-182,-117,136,10032,-9236,8480,-22,124,-199,-14592,4460,3344,-1000,42,-100,-14664,-2724,5964,-464,159,-111,0
3877.427561044693,10560,4472,10864,-235,-140,93,10028,-9260,8404,-39,144,-181,-14612,4428,3444,-950,46,-91,-14588,-2772,6088,-477,139,-117,0
3877.461214065552,10328,4464,11176,-217,-113,106,10000,-9252,8412,-50,116,-201,-14600,4468,3524,-982,97,-49,-14624,-2660,6168,-498,127,-86,0
3877.4949491024013,10640,4548,10916,-156,-92,82,10064,-9236,8504,-32,138,-173,-14576,4468,3288,-997,120,-73,-14652,-2644,5888,-498,134,-162,0
3877.5285599231725,10508,4428,11096,-156,-26,120,10056,-9276,8496,-4,151,-177,-14652,4472,3412,-1053,113,-56,-14556,-2624,6132,-496,144,-137,0
3877.5620920658107,10652,4532,11012,-150,-22,107,9996,-9320,8688,0,158,-170,-14416,4476,3248,-1052,108,-82,-14688,-2588,6128,-480,161,-141,0
3877.5956730842586,10588,4520,10804,-166,-51,90,9744,-9264,8480,11,150,-197,-14732,4384,3440,-1037,89,-99,-14684,-2608,6216,-470,155,-108,0
3877.629307985306,10548,4544,11020,-142,-39,79,10076,-9316,8484,3,128,-168,-14400,4500,3524,-1062,106,-67,-14708,-2644,6180,-502,146,-119,0
3877.662696123123,10624,4572,11156,-128,-35,87,9952,-9244,8440,-55,146,-182,-14660,4444,3452,-1026,86,-28,-14644,-2676,6192,-504,115,-137,0
3877.6962380409245,10540,4504,11020,-127,-23,80,10104,-9248,8476,-23,160,-167,-14648,4376,3396,-1010,131,-66,-14612,-2640,6240,-486,101,-103,0
3877.7300989627843,10488,4516,11132,-156,-14,86,9744,-9220,8348,-37,154,-156,-14620,4380,3332,-1279,86,-56,-14684,-2800,6272,-465,109,-122,0
3877.7636089324956,10644,4440,10944,-148,-18,91,9980,-9352,8592,-62,152,-157,-14648,4376,3204,-1025,88,-96,-14656,-2384,5996,-488,115,-155,0
3877.7973330020905,10704,4464,11032,-133,-14,95,10024,-9340,8512,-18,165,-156,-14612,4448,3324,-1014,113,-67,-14616,-2636,6032,-546,143,-163,0
3877.830806016922,10744,4576,11232,-117,-10,101,10016,-9276,8260,-15,158,-177,-14604,4364,3332,-1080,124,-44,-14716,-2648,6120,-478,172,-126,0
3877.8642139434814,10536,4808,11020,-153,-52,91,9940,-9228,8456,-4,172,-176,-14760,4380,3408,-1018,48,-82,-14836,-2664,6028,-467,149,-133,0
3877.8976550102234,10620,4852,11060,-119,-46,107,10064,-9300,8480,-61,150,-164,-14632,4492,3220,-1032,93,-119,-14652,-2656,6104,-477,90,-108,0
3877.9312160015106,10580,4560,11104,-138,-34,115,10192,-9280,8476,-24,149,-154,-14616,4436,3416,-1029,52,-45,-14660,-2648,6156,-455,109,-133,0
3877.9651141166682,10584,4564,10908,-141,-243,96,10044,-9268,8212,-3,164,-151,-14620,4380,3532,-1003,90,-38,-14748,-2760,6024,-441,110,-136,0
3877.998626947403,10476,4628,11144,-170,-38,58,10008,-9268,8232,-52,141,-145,-14644,4488,3368,-985,93,-23,-14648,-2616,6168,-488,98,-142,0
3878.032153129577,10544,4464,11108,-187,-58,73,10028,-9284,8648,15,129,-175,-14568,4456,3460,-1018,87,-33,-14612,-2736,6068,-465,138,-133,0
3878.065638065338,10636,4548,10944,-135,-28,87,10012,-9260,8460,253,166,-152,-14556,4532,3348,-1055,84,-79,-14632,-2740,6188,-484,125,-153,0
3878.0991599559784,10544,4568,11108,-144,-38,53,10052,-9268,8572,-16,162,-178,-14580,4416,3512,-1278,50,-74,-14612,-2616,6164,-475,130,-176,0
3878.1327059268956,10552,4584,11108,-155,-74,85,10056,-9296,8540,-9,155,-172,-14696,4444,3356,-1032,127,-36,-14680,-2748,6336,-496,113,-110,0
3878.1662061214442,10620,4484,11200,-146,-34,128,9964,-9280,8212,-25,127,-149,-14840,4484,3456,-1061,124,-43,-14636,-2736,6196,-502,133,-147,0
3878.1998751163483,10604,4356,11168,-137,-41,110,9772,-9336,8480,-1,131,-164,-14580,4476,3104,-1072,134,-82,-14804,-2752,6008,-543,134,-134,0
3878.2334740161896,10332,4536,11256,-132,-61,117,9904,-9368,8368,-36,130,-185,-14828,4384,3288,-1067,97,-86,-14832,-2664,6096,-497,134,-125,0
3878.269637107849,10544,4548,11244,-161,-51,105,9988,-9308,8288,-21,155,-155,-14676,4388,3480,-1024,131,-75,-14636,-2580,6076,-492,144,-137,0
3878.3049919605255,10520,4524,11064,-151,-36,93,10028,-9260,8528,-29,156,-170,-14592,4544,3528,-1045,73,-89,-14556,-2680,6164,-460,175,-136,0
3878.3409969806667,10564,4696,10992,-171,-51,117,9936,-9332,8564,-27,129,-172,-14600,4380,3428,-990,85,-63,-14616,-2712,6084,-502,161,-122,0
3878.376240968704,10660,4824,11124,-165,-55,100,10012,-9372,8360,-41,142,-174,-14848,4404,3520,-1025,99,-89,-14608,-2652,6192,-464,148,-130,0
3878.4123470783234,10564,4520,11056,-151,-84,101,9940,-9320,8460,-42,144,-184,-14600,4392,3400,-997,88,-88,-14712,-2760,6136,-462,154,-137,0
3878.4485809803014,10552,4564,11168,-187,-42,81,10100,-9308,8340,-36,105,-163,-14828,4524,3348,-989,115,-63,-14648,-2760,6224,-500,157,-129,0
3878.483938932418,10596,4516,11132,-145,-42,116,10028,-9316,8360,-13,129,-173,-14524,4436,3336,-1048,128,-90,-14716,-2744,5888,-482,123,-128,0
3878.5196449756622,10512,4788,11256,-140,-26,103,10004,-9332,8428,-23,170,-176,-14712,4420,3388,-1022,112,-55,-14420,-2712,6244,-506,127,-150,0
3878.5548229217534,10712,4520,10872,-137,-42,112,10004,-9248,8532,-23,146,-184,-14628,4464,3584,-1036,105,-81,-14724,-2760,6188,-493,130,-107,0
3878.5905370712285,10484,4516,11172,-175,-30,106,10048,-9388,8684,-40,129,-164,-14672,4496,3420,-1021,103,-56,-14632,-2756,6096,-258,117,-156,0
3878.626050949096,10516,4400,11212,-216,254,100,9924,-9132,8564,-33,182,-144,-14592,4376,3412,-1044,119,-80,-14396,-2780,6384,-467,132,-106,0
3878.661672115326,10564,4568,11012,-203,-17,102,9992,-9296,8428,-96,138,-160,-14744,4172,3556,-1008,55,-46,-14644,-2768,5940,-462,144,-107,0
3878.6977810859685,10572,4360,11056,-230,-57,85,9960,-9312,8576,-37,170,-178,-14548,4448,3568,-976,92,-67,-14640,-2676,6140,-484,164,-117,0
3878.7332580089574,10332,4612,10880,-206,-46,117,9728,-9236,8224,-24,147,-186,-14764,4312,3496,-1044,76,-85,-14620,-2708,6196,-468,190,-95,0
3878.7682850360875,10436,4596,11020,-240,-67,128,9944,-9280,8568,-61,117,-186,-14412,4456,3396,-947,97,-60,-14692,-2720,6364,-478,148,-83,0
3878.8038480281834,10264,4376,11172,-235,-80,88,9948,-9316,8464,-82,152,-194,-14700,4368,3512,-954,69,-130,-14704,-2772,6244,-472,144,-61,0
3878.839698076248,10516,4568,11164,-234,-87,118,9984,-9288,8696,-99,108,-187,-14792,4464,3504,-994,92,-87,-14628,-2652,6188,-486,203,-85,0
3878.8748199939732,10616,4548,10960,-238,-64,139,10020,-9256,8668,-37,137,-206,-14532,4524,3364,-1015,121,-140,-14544,-2724,6240,-467,186,-78,0
3878.9101281166077,10520,4384,11064,-231,-73,141,9896,-9380,8468,-45,111,-211,-14692,4496,3452,-998,92,-123,-14576,-2712,6280,-431,191,-71,0
3878.9455850124364,10556,4364,11164,-273,-107,161,10096,-9292,8532,-76,119,-187,-14392,4544,3496,-968,108,-100,-14680,-2636,6040,-461,179,-60,0
3878.9791131019592,10572,4440,11124,-218,-123,133,10032,-9356,8544,-66,149,-212,-14600,4452,3488,-895,164,-123,-14572,-2736,6064,-512,176,-82,0
3879.0128760337834,10288,4552,11020,-232,-134,141,10152,-9352,8608,-55,150,-209,-14632,4404,3460,-970,115,-137,-14568,-2840,5936,-483,186,-82,0
3879.046220064163,10520,4668,11072,-249,-105,119,9924,-9328,8452,-36,145,-232,-14560,4456,3404,-970,112,-122,-14608,-2636,6308,-451,153,-91,0
3880.035495996475,10652,4632,11072,-143,-83,71,9956,-9288,8268,-92,216,-153,-14688,4440,3440,-952,26,-43,-14708,-2792,6172,-471,153,-132,0
3880.071711063385,10572,4544,11008,-168,-25,79,10028,-9368,8452,-40,199,-140,-14548,4432,3392,-917,61,-71,-14576,-2696,6128,-495,164,-151,0
3880.107677936554,10532,4624,10952,-125,-25,71,9936,-9308,8436,-26,172,-147,-14564,4460,3520,-938,64,-88,-14676,-2716,6140,-486,143,-155,0
3880.1429510116573,10272,4580,11104,-157,-23,94,9912,-9324,8512,-42,176,-168,-14580,4468,3484,-1007,66,-36,-14704,-2772,6020,-445,127,-147,0
3880.1792500019073,10520,4552,11044,-166,-49,86,10040,-9412,8372,-88,129,-153,-14604,4540,3816,-951,45,-64,-14592,-2696,6060,-572,144,-121,0
3880.2142040729523,10652,4556,11176,-64,-33,77,10008,-9400,8512,-90,175,-158,-14668,4544,3360,-1000,87,-5,-14704,-2708,6344,-537,49,-130,0
3880.2495141029362,10620,4460,11236,-116,-23,121,10052,-9356,8692,-23,84,-156,-14652,4552,3512,-1084,161,-82,-14596,-2684,6208,-551,96,-153,0
3880.2847599983215,10564,4544,11064,-112,-54,114,9916,-9308,8628,-10,74,-187,-14508,4376,3592,-1152,161,-46,-14376,-2756,6204,-493,86,-112,0
3880.3206939697266,10536,4616,10784,-168,0,109,9756,-9288,8484,-31,124,-166,-14572,4600,3316,-1071,73,-75,-14596,-2632,6084,-463,109,-133,0
3880.3556730747223,10444,4668,10988,-175,-41,106,9856,-9384,8412,-10,145,-180,-14692,4484,3352,-999,82,-32,-14588,-2772,6148,-463,149,-98,0
3880.3907380104065,10536,4660,11048,-175,-52,100,9840,-9300,8568,-22,143,-197,-14512,4460,3332,-884,75,-68,-14572,-2680,6380,-483,163,-115,0
3880.4256610870366,10728,4636,11180,-196,-85,118,9960,-9304,8540,-47,144,-216,-14576,4488,3368,-997,115,-90,-14624,-2792,6072,-440,176,-107,0
3880.4610030651093,10520,4632,10876,-209,-49,106,9728,-9304,8492,-39,135,-178,-14644,4552,3832,-1012,117,-81,-14636,-2744,6244,-448,136,-137,0
3880.495978116989,10468,4604,11092,-210,-36,95,9944,-9316,8220,-13,154,-174,-14832,4516,3500,-994,66,-72,-14636,-2744,6092,-477,116,-114,0
3880.532352924347,10604,4600,10984,-184,-12,92,9876,-9384,8388,-250,162,-182,-14540,4388,3316,-1015,77,-103,-14376,-2816,5892,-486,161,-121,0
3880.568213939666,10512,4512,11036,-234,-74,99,9860,-9380,8268,-5,141,-213,-14612,4448,3408,-1035,108,-116,-14524,-2772,6168,-433,208,-105,0
3880.6045701503754,10444,4760,11000,-272,-61,152,9896,-9272,8536,-15,111,-219,-14560,4476,3508,-989,138,-139,-14408,-2764,6328,-430,194,-64,0
3880.6379799842834,10268,4368,11088,-280,-128,157,9936,-9348,8536,-25,149,-201,-14632,4400,3360,-1023,134,-77,-14828,-2628,6380,-419,164,-56,0
3880.6716139316563,10264,4816,11048,-292,-103,144,9940,-9384,8504,-255,114,-198,-14816,4452,3560,-1056,167,-77,-14596,-2788,6092,-428,118,-71,0
3880.7050371170044,10544,4568,11084,-298,-62,155,9944,-9288,8576,-32,142,-191,-14840,4496,3516,-1063,174,-88,-14724,-2604,6296,-451,108,-87,0
3880.7385969161987,10508,4636,10960,-295,-80,114,9924,-9292,8664,-63,125,-208,-14716,4508,3512,-1039,127,-121,-14712,-2612,6068,-434,166,-55,0
3880.7718930244446,10720,4376,10924,-277,-79,102,10028,-9316,8348,2,113,-239,-14608,4520,3468,-1042,154,-93,-14712,-2616,6020,-434,184,-58,0
3880.8056330680843,10580,4544,11040,-235,-128,163,9988,-9308,8624,-16,77,-238,-14648,4464,3428,-1038,145,-56,-14644,-2736,6100,-464,164,-75,0
3880.8392570018773,10564,4580,11004,-262,-133,129,9968,-9336,8416,-50,125,-230,-14656,4452,3508,-1006,127,-87,-14688,-2772,6392,-450,133,-68,0
3880.8729369640346,10520,4416,10868,-505,-151,142,9964,-9312,8448,-26,122,-203,-14664,4496,3408,-981,141,-109,-14680,-2804,6368,-477,156,-97,0
3880.9059450626373,10540,4524,11072,-242,-106,146,9888,-9416,8192,-18,93,-189,-14680,4172,3372,-1277,129,-143,-14676,-2744,6388,-258,166,-62,0
3880.939707040786,10488,4512,11024,-231,-99,150,9832,-9404,8612,-27,108,-191,-14812,4432,3448,-1269,152,-127,-14732,-2632,6028,-491,175,-86,0
3880.97329711914,10568,4636,11212,-236,-132,153,9920,-9272,8480,-25,108,-239,-14604,4484,3360,-1032,113,-113,-14680,-2716,6344,-485,181,-98,0
3881.0068271160126,10576,4516,11156,-249,-167,137,9996,-9364,8516,-16,103,-217,-14728,4344,3268,-778,114,-118,-14620,-2720,6084,-480,135,-91,0
3881.0404601097107,10524,4556,11024,-231,-149,123,9996,-9364,8480,-6,116,-216,-14640,4488,3352,-993,146,-157,-14760,-2676,6348,-478,191,-90,0
3881.0740311145782,10300,4584,11092,-201,-138,128,9964,-9316,8432,-8,95,-199,-14680,4380,3444,-1006,120,-97,-14704,-2612,6112,-446,178,-84,0
3881.1075029373173,10708,4504,11016,-213,-162,130,9992,-9204,8476,-29,150,-223,-14636,4556,3420,-1008,120,-109,-14672,-2632,6396,-466,190,-113,0
3881.1411359310155,10600,4404,11008,-206,-116,110,10084,-9280,8496,-55,134,-217,-14624,4488,3360,-994,130,-77,-14676,-2728,6052,-458,155,-106,0
3881.17467713356,10660,4488,11104,-223,-122,122,9996,-9240,8440,-32,127,-219,-14716,4392,3116,-998,76,-90,-14716,-2672,6200,-464,168,-103,0
3881.2081480026245,10732,4484,11068,-199,-102,121,10052,-9308,8480,-50,141,-205,-14400,4164,3524,-997,74,-138,-14692,-2624,6104,-488,160,-117,0
3881.2417480945587,10700,4504,11140,-165,-148,120,10032,-9368,8544,-30,126,-187,-14684,4488,3144,-1014,78,-97,-14532,-2672,6072,-490,150,-140,0
3881.2753870487213,10580,4584,11044,-178,-112,128,9908,-9280,8420,-29,150,-211,-14552,4188,3552,-1007,86,-54,-14612,-2668,6100,-488,161,-119,0
3881.3090951442723,10568,4796,10808,-183,-111,118,9908,-9248,8432,-51,126,-202,-14556,4376,3164,-1014,64,-61,-14744,-2704,5964,-497,135,-132,0
3881.342674970626,10596,4492,10764,-137,-92,95,10156,-9340,8316,-61,136,-161,-14516,4464,3416,-1033,81,-72,-14732,-2684,6072,-523,112,-132,0
3881.3763971328735,10608,4520,10940,-172,-69,76,9976,-9292,8328,-12,141,-169,-14640,4384,3452,-1048,141,-81,-14716,-2656,6068,-472,108,-116,0
3881.409569978714,10564,4548,11072,-163,-21,104,9764,-9236,8644,23,133,-172,-14672,4424,3444,-1070,119,-68,-14700,-2664,6060,-485,112,-128,0
3881.4429600238805,10544,4476,11252,-155,-22,98,10132,-9308,8636,-58,133,-157,-14704,4132,3376,-1023,69,-8,-14676,-2608,6096,-498,159,-143,0
3881.4766349792485,10700,4472,11028,-167,-60,76,10000,-9336,8416,-26,106,-166,-14580,4380,3456,-1050,102,-39,-14624,-2640,6132,-487,100,-138,0
3881.5100529193874,10704,4440,11156,-130,-3,84,9964,-9144,8264,-45,136,-135,-14632,4432,3608,-1046,102,-67,-14680,-2684,6160,-466,115,-145,0
3881.543668985367,10608,4568,10920,-150,-14,79,9912,-9352,8560,-32,178,-129,-14596,4472,3480,-1004,46,-71,-14708,-2692,6000,-480,113,-185,0
3881.5773661136627,10472,4536,11116,-174,-6,86,9924,-9244,8464,-46,165,-133,-14456,4464,3492,-963,43,-26,-14608,-2656,6324,-257,94,-141,0
3881.610646009445,10552,4416,11108,-137,-30,66,9996,-9332,8552,-78,140,-123,-14640,4384,3572,-997,69,-25,-14612,-2728,6056,-507,106,-121,0
3881.6476430892944,10560,4456,11256,-128,-23,67,9884,-9308,8440,-23,131,-159,-14428,4476,3400,-1031,110,-100,-14652,-2744,6372,-520,151,-100,0
3881.6828119754796,10496,4484,11184,-132,-35,96,9948,-9412,8640,-14,124,-192,-14652,4360,3340,-1021,73,-41,-14568,-2716,6196,-477,185,-118,0
3881.7187669277196,10516,4556,10956,-138,-67,70,9884,-9308,8476,-49,126,-149,-14580,4508,3488,-962,80,-103,-14580,-2708,6092,-569,224,-164,0
3881.7544109821324,10508,4536,11108,-87,-82,89,10040,-9428,8492,-48,153,-177,-14604,4476,3536,-955,59,-140,-14584,-2640,6104,-567,189,-177,0
3881.7907240390773,10572,4632,10900,-99,-40,104,9928,-9340,8580,-64,140,-167,-14664,4408,3412,-1023,15,-81,-14756,-2720,6272,-532,152,-163,0
3881.825607061386,10476,4540,11240,-104,-86,69,9936,-9152,8208,-26,161,-168,-14644,4428,3460,-1280,75,-87,-14688,-2684,5988,-510,124,-152,0
3881.8612430095673,10684,4596,11196,-175,-62,79,10200,-9264,8604,-59,134,-167,-14600,4380,3360,-997,73,-59,-14692,-2752,6100,-258,153,-162,0
3881.8971650600433,10552,4624,10988,-150,-39,57,9924,-9448,8556,-18,153,-164,-14620,4432,3556,-948,64,-105,-14416,-2608,6048,-502,151,-139,0
3881.9324860572815,10580,4576,11016,-108,-68,76,10020,-9304,8496,-37,152,-184,-14640,4420,3552,-1010,54,-104,-14616,-2656,6040,-263,197,-168,0
3881.9691450595856,10748,4576,11260,-124,-70,82,9936,-9460,8696,-26,118,-163,-14556,4372,3532,-926,61,-43,-14584,-2676,5964,-545,193,-162,0
3882.004583120346,10712,4848,10956,-112,-65,79,9884,-9300,8680,-38,139,-172,-14580,4468,3456,-974,72,-113,-14624,-2728,5972,-478,145,-129,0
3882.0398941040044,10300,4624,11148,-150,-63,112,9980,-9264,8332,-59,108,-195,-14676,4452,3588,-1013,107,-53,-14656,-2704,6088,-445,156,-106,0
3882.0749819278717,10620,4544,11168,-175,-47,90,9756,-9340,8492,-98,145,-179,-14660,4528,3492,-858,-76,-101,-14432,-2772,6352,-536,185,-120,0
3882.110459089279,10484,4660,11088,-149,-52,75,9932,-9276,8460,-98,182,-140,-14484,4456,3336,-817,25,-26,-14700,-2676,6152,-490,66,-119,0
3882.145499944688,10732,4796,11292,-152,-47,100,10064,-9368,8616,-112,133,-172,-14668,4440,3492,-1006,65,-69,-14660,-2780,6324,-403,103,-131,0
3882.181900024414,10552,4580,11248,-219,-77,99,9988,-9420,8464,-20,130,-178,-14616,4480,3408,-1037,133,-106,-14688,-2744,6012,-394,113,-121,0
3882.217527151108,10604,4644,11000,-166,-25,102,9964,-9328,8660,1,192,-159,-14536,4488,3656,-1005,76,-28,-14612,-2820,6188,-498,149,-116,0
3882.2532269954686,10396,4580,10776,-159,-22,84,9900,-9324,8328,-51,159,-158,-14496,4492,3424,-992,82,-23,-14616,-2716,6136,-450,117,-115,0
3882.2898659706116,10536,4372,11156,-168,-44,107,9980,-9256,8280,-43,118,-185,-14424,4532,3484,-1034,152,-61,-14720,-2736,6184,-407,96,-112,0
3882.3235759735107,10616,4596,11008,-144,-15,121,9976,-9288,8656,-26,129,-174,-14592,4480,3332,-1082,186,-85,-14636,-2668,5948,-414,106,-79,0
3882.357336997986,10576,4584,10960,-192,-32,125,9904,-9308,8632,-254,110,-159,-14592,4392,3364,-1096,166,-88,-14828,-2792,6032,-441,155,-89,0
3882.3905601501465,10452,4640,11084,-217,-244,138,9900,-9388,8528,35,130,-198,-14636,4480,3472,-1102,175,-70,-14616,-2704,6352,-449,82,-111,0
3882.4242479801173,10564,4636,11132,-201,-22,111,9944,-9356,8696,34,233,-150,-14780,4392,3472,-1047,223,-68,-14612,-2752,6212,-459,97,-99,0
3882.4577360153203,10464,4612,11132,-202,-33,135,10156,-9356,8656,43,142,-176,-14664,4544,3544,-1079,228,-111,-14620,-2736,6096,-459,151,-57,0
3882.4912300109863,10456,4632,11168,-216,-35,115,10012,-9248,8352,2,93,-205,-14664,4400,3524,-1119,197,-131,-14584,-2760,6196,-442,143,-89,0
3882.5248539447784,10340,4688,11148,-205,-68,113,9948,-9296,8532,-22,112,-230,-14532,4492,3544,-1044,205,-117,-14576,-2776,6272,-467,120,-80,0
3882.5584490299225,10580,4488,11204,-218,-96,123,9932,-9412,8452,-54,98,-219,-14648,4488,3360,-1276,155,-115,-14676,-2788,6176,-461,123,-57,0
3882.5919759273534,10728,4564,10888,-254,-90,120,10016,-9340,8464,-56,58,-208,-14572,4468,3492,-988,182,-67,-14644,-2760,6380,-463,101,-83,0
3882.6255409717564,10500,4556,11048,-231,-78,139,9760,-9380,8304,-38,54,-194,-14640,4512,3456,-1015,224,-110,-14840,-2640,6060,-446,142,-107,0
3882.658816099168,10528,4592,11252,-261,-57,140,9900,-9172,8556,-11,59,-209,-14580,4516,3604,-828,122,-89,-14628,-2724,6076,-479,154,-62,0
3882.692426919937,10480,4360,11100,-289,-134,157,9988,-9260,8528,-30,77,-198,-14520,4504,3320,-1003,205,-131,-14608,-2632,6088,-489,178,-70,0
3882.726037979126,10608,4632,11140,-248,-158,171,10032,-9400,8532,-23,107,-214,-14556,4540,3400,-966,178,-137,-14612,-2676,6028,-488,159,-64,0
3882.7597410678864,10584,4484,11268,-215,-143,141,9944,-9380,8400,-60,91,-232,-14796,4452,3204,-931,155,-86,-14792,-2708,6272,-537,143,-93,0
3882.7933311462402,10444,4556,11140,-188,-89,161,10228,-9392,8512,-64,69,-209,-14692,4360,3460,-935,132,-103,-14676,-2704,6344,-525,106,-55,0
3882.8268821239467,10608,4600,10804,-215,-146,141,10060,-9408,8224,-45,94,-223,-14684,4524,3572,-1280,176,-88,-14632,-2784,6256,-577,107,-117,0
3882.8604879379272,10600,4480,11116,-249,-154,132,9984,-9292,8376,-14,123,-197,-14836,4172,3800,-1017,113,-127,-14820,-2692,5992,-765,114,-111,0
3882.8938419818883,10728,4364,11044,-222,-110,111,10024,-9340,8552,-38,112,-216,-14548,4404,3384,-995,81,-93,-14624,-2672,6160,-492,168,-93,0
3882.9273700714107,10540,4372,11044,-227,-133,113,9972,-9376,8424,-32,106,-222,-14620,4504,3344,-933,134,-94,-14636,-2632,6268,-575,126,-97,0
3882.9606039524083,10568,4520,11072,-245,-106,135,9984,-9352,8620,-40,52,-209,-14828,4596,3268,-980,220,-145,-14648,-2708,6216,-601,40,-91,0
3882.9939770698547,10532,4380,11244,-182,-118,165,10084,-9292,8400,-16,20,-189,-14684,4380,3520,-958,208,-87,-14636,-2644,5896,-595,8,-89,0
3883.0275981426244,10620,4520,11116,-192,-138,131,10016,-9300,8564,-50,116,-193,-14624,4424,3472,-1017,116,-46,-14668,-2640,6128,-500,149,-90,0
3883.061223983764,10492,4544,11064,-238,-133,140,9992,-9280,8492,-51,78,-213,-14648,4464,3120,-996,106,-62,-14648,-2736,6072,-464,152,-112,0
3883.0944669246674,10632,4520,11172,-235,-113,173,10184,-9396,8268,-30,64,-221,-14616,4460,3324,-996,86,-141,-14604,-2580,6108,-497,179,-90,0
3883.1280319690704,10744,4544,10996,-217,-111,138,9760,-9400,8416,-33,209,-123,-14660,4384,3052,-872,108,-116,-14688,-2612,6148,-499,166,-93,0
3883.1611120700836,10556,4416,11068,-203,-158,135,10072,-9332,8532,-11,114,-217,-14644,4508,3532,-1006,85,-107,-14560,-2692,6268,-450,157,-96,0
3883.1946871280666,10576,4436,10936,-226,-115,111,9996,-9268,8332,-22,155,-201,-14652,4380,3424,-959,41,-96,-14744,-2724,6120,-421,224,-115,0
3883.2282299995422,10520,4488,11152,-201,-84,133,10000,-9284,8344,-77,157,-196,-14368,4476,3308,-931,16,-121,-14700,-2720,6264,-369,210,-91,0
3883.2618539333344,10648,4808,10872,-200,-76,91,10008,-9280,8328,-77,139,-198,-14616,4464,3272,-967,-2,-132,-14588,-2680,5888,-449,191,-126,0
3883.29545712471,10556,4364,10924,-186,-72,114,10056,-9328,8332,-90,163,-170,-14620,4376,3412,-920,47,-84,-14652,-2608,6020,-473,118,-151,0
3883.332401037216,10648,4508,11084,-169,23,60,10040,-9296,8380,-102,117,-164,-14656,4476,3456,-929,55,-61,-14704,-2344,6092,-554,138,-157,0
3883.3688910007477,10652,4596,11232,-149,-5,97,10488,-9340,8596,-121,147,-114,-14840,4412,3488,-995,101,-23,-14516,-2724,6156,-522,144,-116,0
3883.404546022415,10556,4508,11124,-123,40,72,10020,-9280,8244,-128,104,-173,-14728,4424,3296,-907,147,-27,-14356,-2684,6084,-553,133,-157,0
3883.4401531219482,10576,4476,11256,-104,-74,92,10092,-9440,8544,-171,78,-180,-14676,4528,3420,-910,86,-66,-14704,-2676,6308,-601,142,-173,0
3883.4750671386723,10520,4540,11048,-81,-15,86,9964,-9236,8204,-132,237,-133,-14532,4420,3552,-803,117,-53,-14628,-2748,6232,-582,52,-109,0
3883.5105130672455,10556,4632,11036,-106,40,122,10040,-9316,8460,-121,68,-116,-14636,4428,3288,-995,129,-250,-14640,-2780,6108,-497,70,-124,0
3883.5460751056667,10592,4512,11036,-95,28,108,10068,-9320,8564,-112,56,-143,-14848,4500,3376,-941,134,-21,-14588,-2708,6060,-514,57,-124,0
3883.5818541049957,10580,4596,10772,-150,16,80,9996,-9368,8496,-121,67,-119,-14736,4504,3452,-959,32,251,-14652,-2608,6288,-524,30,-148,0
3883.6185030937195,10572,4544,11116,-119,-36,102,9924,-9448,8348,-130,35,-172,-14608,4496,3464,-941,76,-39,-14648,-2776,6192,-462,73,-137,0
3883.653877019882,10256,4528,11232,-127,-59,119,10008,-9388,8328,-48,76,-187,-14664,4468,3428,-982,78,-106,-14640,-2624,6156,-406,121,-114,0
3883.689687013626,10528,4548,11068,-204,-62,119,10044,-9368,8428,-1,84,-185,-14376,4532,3508,-928,-20,-43,-14680,-2584,6232,-420,105,-103,0
3883.7247021198273,10608,4560,11232,-233,-112,104,10008,-9432,8196,12,75,-190,-14396,4456,3436,-1006,40,-83,-14640,-2752,6180,-444,125,-122,0
3883.7606830596924,10556,4588,11072,-229,-138,120,9992,-9404,8560,-8,111,-207,-14572,4388,3376,-974,47,-107,-14668,-2676,6216,-465,130,-98,0
3883.7958669662476,10540,4368,11156,-242,-218,166,10216,-9676,8488,4,34,-268,-14712,4560,3376,-990,65,-186,-14644,-2676,6264,-467,228,-119,0
3883.831727027893,10556,4476,11008,-195,-336,150,10100,-9356,8372,-16,33,-265,-14580,4476,3560,-993,92,-164,-14532,-2696,6324,-463,211,-96,0
3883.8679981231694,10284,4508,11088,-167,-275,165,9924,-9312,8332,-2,104,-263,-14560,4536,3572,-1278,67,-132,-14592,-2752,5952,-452,212,-66,0
3883.9027740955353,10536,4544,11088,-228,-305,185,10180,-9440,8384,15,98,-268,-14600,4448,3572,-988,88,-141,-14632,-2712,6284,-470,205,-69,0
3883.937497138977,10632,4544,10944,-209,-292,160,10124,-9332,8444,90,90,-258,-14644,4492,3488,-996,69,-118,-14696,-2748,5968,-462,189,-89,0
3883.973531961441,10628,4540,11240,-155,-343,176,10168,-9388,8292,39,131,-246,-14724,4408,3476,-1014,21,-107,-14832,-2776,6380,-468,189,-105,0
3884.007040977478,10788,4572,10900,-143,-248,151,10132,-9328,8360,14,138,-222,-14848,4356,3392,-1031,-247,-96,-14664,-2628,6076,-405,168,-120,0
3884.040575027466,10848,4516,10716,-150,-164,133,10012,-9208,8352,17,170,-173,-14376,4360,3440,-1088,29,-53,-14848,-2688,6124,-445,104,-147,0
3884.0741810798645,10700,4436,10736,-154,-253,72,10160,-9260,8320,74,220,-136,-14352,4448,3480,-1130,45,-18,-14592,-2644,6108,-399,83,-122,0
3884.1099779605865,10540,4524,11056,-247,50,75,10028,-9196,8460,84,293,-156,-14532,4344,3424,-1139,112,-59,-14696,-2660,6256,-374,133,-115,0
3884.1435451507573,10620,4352,11096,-204,-28,129,10160,-9372,8296,44,210,-170,-14656,4776,3596,-1070,88,-88,-14664,-2760,6316,-416,146,-70,0
3884.1772699356084,10612,4584,11176,-190,-104,101,10028,-9380,8520,18,193,-189,-14624,4456,3400,-1008,91,-118,-14348,-2720,6108,-432,161,-108,0
3884.2106010913853,10700,4464,11072,-151,-157,91,9856,-9280,8464,-21,186,-211,-14520,4488,3444,-1011,60,-105,-14548,-2712,6256,-444,173,-108,0
3884.2442650794983,10412,4536,10956,-139,-136,96,9956,-9288,8416,-27,203,-167,-14500,4552,3480,-990,85,-69,-14548,-2728,6224,-441,120,-106,0
3884.2779090404506,10636,4480,10944,-217,-111,69,10060,-9404,8340,-32,220,-189,-14588,4568,3408,-1008,59,-79,-14672,-2568,6248,-418,145,-95,0
3884.31129693985,10616,4532,11092,-211,-95,155,10076,-9348,8364,18,490,-142,-14656,4408,3376,-1034,107,-117,-14716,-2688,6176,-402,162,-80,0
3884.3445489406586,10620,4560,11016,-155,-97,84,10124,-9300,8452,11,257,-179,-14788,4372,3408,-1068,75,-72,-14708,-2564,6004,-369,199,-126,0
3884.3781571388245,10776,4532,11016,-232,-141,73,10044,-9288,8440,34,248,-237,-14556,4440,3364,-1121,102,-125,-14644,-2552,6032,-370,259,-90,0
3884.411313056946,10724,4576,10932,-212,-115,98,10124,-9304,8212,83,226,-206,-14464,4436,3404,-1133,61,-127,-14652,-2668,6160,-369,241,-81,0
3884.444869041443,10620,4480,11216,-235,-46,113,10076,-9316,8644,38,254,-182,-14352,4424,3500,-1066,80,-104,-14716,-2696,6148,-420,149,-96,0
3884.4782209396362,10724,4524,11240,-272,-19,99,10052,-9272,8540,26,238,-164,-14556,4524,3548,-1025,69,-75,-14620,-2672,6228,-456,141,-116,0
3884.511474132538,10660,4532,10788,-195,44,103,10064,-9268,8308,36,221,-159,-14544,4448,3508,-1043,47,-77,-14680,-2744,6200,-475,164,-149,0
3884.5448451042175,10664,4476,10904,-183,15,65,10012,-9224,8572,59,222,-179,-14812,4460,3556,-1063,74,-111,-14624,-2656,6220,-465,192,-139,0
3884.57844209671,10520,4492,11184,-188,14,66,10060,-9192,8552,2,204,-216,-14828,4456,3332,-1035,79,-164,-14672,-2652,6124,-411,215,-114,0
3884.6117079257965,10592,4536,11204,-178,-60,45,9768,-9352,8216,24,185,-226,-14616,4512,3620,-1033,84,-125,-14748,-2584,6232,-414,233,-129,0
3884.6451010704045,10676,4456,10928,-136,-26,51,10036,-9252,8388,12,216,-210,-14816,4496,3472,-1031,107,-142,-14704,-2656,6132,-379,217,-120,0
3884.6786069869995,10556,4576,11048,-147,-28,85,9960,-9252,8440,14,201,-198,-14376,4448,3732,-1058,105,-141,-14532,-2688,6044,-389,189,-149,0
3884.7118840217595,10600,4556,10816,-147,104,67,10084,-9276,8580,3,200,-134,-14488,4324,3308,-1049,47,-78,-14680,-2652,6040,-389,83,-169,0
3884.745424985885,10620,4508,10872,-172,228,11,10020,-9200,8252,16,262,-114,-14676,4392,3568,-1022,34,-25,-14692,-2756,6020,-380,76,-199,0
3884.77870106697,10672,4564,11000,-171,213,14,9988,-9256,8464,27,257,-98,-14812,4456,3516,-1062,87,-57,-14660,-2784,6136,-426,110,-162,0
3884.8122680187225,10636,4660,11128,-147,95,32,10056,-8980,8484,10,223,-141,-14724,4364,3508,-1030,118,-68,-14720,-2672,6216,-472,113,-168,0
3884.8457469940186,10564,4548,10936,-78,-25,70,10008,-9216,8552,-9,175,-130,-14676,4392,3392,-1084,168,-65,-14508,-2596,6168,-346,153,-149,0
3884.879249095917,10748,4640,11112,-145,-35,97,9856,-9220,8560,254,165,-159,-14548,4360,3472,-1088,195,-59,-14576,-2640,6128,-479,141,-146,0
3884.9123759269714,10364,4588,11012,-119,72,25,9944,-9020,8256,-27,168,-127,-14676,4476,3344,-1071,208,-91,-14708,-2772,6152,-499,63,-144,0
3884.9459240436554,10540,4664,11032,-128,85,77,9780,-9260,8656,-65,182,-138,-14632,4596,3496,-1052,232,-70,-14688,-2700,6208,-513,32,-138,0
3884.979385137558,10564,4480,11088,-154,137,49,9944,-9356,8568,-92,169,-109,-14832,4372,3484,-1021,268,-54,-14684,-2676,6256,-521,2,-148,0
3885.017732143402,10440,4588,11172,-158,122,90,9764,-9312,8260,-50,153,-70,-14792,4472,3524,-1079,281,-23,-14672,-2660,6156,-487,9,-92,0
3885.052915096283,10352,4564,11184,-167,254,94,9764,-9364,8480,-26,134,-165,-14700,4440,3484,-1064,197,-17,-14572,-2660,6076,-481,64,-108,0
3885.0892660617837,10716,4584,11024,-166,-27,107,10052,-9384,8568,-39,115,-155,-14584,4404,3484,-1065,234,-74,-14664,-2580,6276,-458,100,-125,0
3885.1242139339442,10488,4652,10996,-163,-18,109,9900,-9304,8484,-7,118,-144,-14636,4588,3828,-1096,212,-29,-14612,-2664,6096,-472,88,-96,0
3885.1595079898834,10568,4556,11152,-160,-5,79,10228,-9316,8392,-29,137,-161,-14640,4532,3476,-1277,195,-88,-14784,-2632,6256,-473,59,-164,0
3885.1950550079346,10516,4624,11044,-156,33,38,9972,-9356,8600,-32,176,-184,-14652,4424,3616,-1077,154,-49,-14668,-2744,6184,-478,42,-150,0
3885.230967998504,10740,4720,11168,-151,-15,42,10052,-9276,8488,-38,172,-178,-14576,4416,3448,-1041,127,-60,-14692,-2676,6264,-763,93,-187,0
3885.266008138656,10476,4592,11084,-117,17,90,9876,-9400,8496,-34,102,-168,-14552,4408,3584,-1092,118,-80,-14380,-2764,5940,-490,63,-153,0
3885.3024289608,10268,4640,11132,-131,-55,60,9868,-9324,8620,-30,112,-199,-14564,4364,3432,-1003,103,-121,-14644,-2748,6216,-517,98,-125,0
3885.3374691009526,10336,4636,11016,-139,-25,80,9896,-9280,8476,-49,129,-171,-14816,4496,3564,-996,123,-87,-14544,-2684,6156,-476,101,-143,0
3885.373631954193,10424,4728,11212,-162,-94,88,9860,-9236,8472,-66,134,-214,-14572,4408,3540,-1038,116,-63,-14600,-2744,6276,-480,199,-103,0
3885.408743143081,10328,4708,11248,-112,-174,115,9960,-9288,8480,-75,92,-230,-14504,4540,3408,-1030,124,-142,-14840,-2600,6256,-549,195,-104,0
3885.4443209171295,10484,4724,11024,-34,-185,113,9868,-9308,8624,-143,115,-227,-14636,4348,3288,-948,143,-91,-14668,-2600,5984,-540,129,-123,0
3885.480616092682,10480,4656,11156,-63,-140,101,9924,-9288,8552,-83,154,-158,-14648,4456,3224,-984,111,-63,-14668,-2664,6236,-528,60,-126,0
3885.515571117401,10632,4732,11152,-117,-107,145,10052,-9308,8472,-29,168,-158,-14552,4408,3320,-1038,74,-61,-14612,-2756,6248,-528,71,-130,0
3885.5515780448914,10580,4692,11044,-141,-96,90,9756,-9376,8492,-62,160,-136,-14564,4400,3384,-1033,28,-41,-14604,-2780,6156,-485,82,-141,0
3885.5876469612126,10500,4676,11100,-179,-119,110,9988,-9356,8572,-101,180,-173,-14572,4480,3536,-956,61,-106,-14456,-2708,6196,-504,126,-134,0
3885.622843980789,10592,4736,11172,-174,-205,127,9860,-9364,8440,-110,182,-212,-14536,4440,3488,-955,47,-128,-14844,-2628,6312,-494,183,-112,0
3885.659112930298,10508,4708,10992,-198,-222,118,9932,-9284,8696,-97,138,-199,-14592,4420,3480,-959,21,-103,-14500,-2688,6368,-470,175,-123,0
3885.692754983902,10472,4608,10972,-234,-164,169,9912,-9308,8572,-68,181,-151,-14584,4464,3500,-1001,70,-62,-14560,-2748,6320,-465,166,-91,0
3885.7260501384735,10412,4580,11256,-222,-123,116,9924,-9412,8496,-72,152,-186,-14576,4516,3624,-1003,64,-79,-14592,-2728,6356,-522,186,-114,0
3885.7597570419307,10448,4708,11048,-260,-151,139,9896,-9356,8536,24,102,-200,-14656,4552,3428,-1274,219,-160,-14596,-2612,6184,-549,185,-56,0
3885.793375968933,10508,4720,10812,-223,-160,188,9884,-9312,8604,-23,73,-203,-14520,4468,3436,-1076,181,-142,-14356,-2684,6308,-523,226,-62,0
3885.827225923538,10540,4652,11128,-239,-220,158,10008,-9236,8492,-41,137,-156,-14656,4380,3440,-1000,103,-83,-14580,-2684,6088,-518,192,-96,0
3885.860872030258,10656,4600,11052,-286,-154,158,10052,-9296,8696,-55,144,-193,-14684,4336,3204,-951,147,-82,-14700,-2716,6180,-516,175,-86,0
3885.8940701484685,10648,4708,10860,-268,-130,146,9996,-9300,8492,-36,100,-163,-14608,4564,3140,-976,116,-70,-14660,-2632,6136,-520,187,-89,0
3885.9275820255284,10628,4588,10844,-282,-62,186,9980,-9216,8352,-251,69,-163,-14620,4440,3388,-1003,119,-113,-14568,-2724,6200,-257,136,-78,0
3885.9611160755157,10564,4604,11084,-267,-60,159,9780,-9436,8524,-21,56,-205,-14652,4504,3556,-975,96,-136,-14564,-2760,6288,-485,186,-131,0
3885.994698047638,10564,4564,10868,-319,-62,109,9896,-9336,8696,31,93,-267,-14544,4424,3396,-982,114,-140,-14472,-2648,6220,-475,281,-114,0
3886.027766942978,10664,4368,11092,-302,-116,121,9960,-9284,8464,-12,58,-303,-14840,4392,3472,-1020,72,-163,-14588,-2668,6336,-494,338,-100,0
3886.0614690780644,10336,4600,11240,-501,-161,150,9992,-9320,8468,-55,101,-275,-14600,4460,3348,-948,84,-158,-14848,-2708,6312,-537,246,-70,0
3886.0950441360474,10580,4664,11108,-216,-142,152,9972,-9408,8680,-105,79,-207,-14700,4468,3328,-974,124,-116,-14628,-2816,6224,-525,120,-85,0
3886.128539085388,10500,4624,11068,-274,-130,180,10092,-9236,8204,-103,122,-109,-14668,4456,3380,-976,35,247,-14800,-2620,6108,-508,90,-85,0
3886.1617801189423,10660,4536,10840,-288,-67,208,10104,-9296,8508,-100,78,-99,-14624,4340,3460,-964,66,-239,-14728,-2720,6228,-522,63,-61,0
3886.1955189704895,10684,4684,10928,-277,-44,209,9980,-9216,8496,-94,118,-63,-14584,4336,3324,-972,71,-246,-14528,-2684,6064,-474,96,-50,0
3886.2291910648346,10536,4468,11060,-260,-82,186,9976,-9316,8612,-28,86,-144,-14564,4336,3504,-1035,113,-66,-14652,-2656,6140,-505,158,-89,0
3886.262515068054,10564,4532,10960,-200,-96,171,10048,-9216,8560,-41,83,-188,-14392,4408,3440,-1023,113,-120,-14572,-2784,6244,-486,169,-100,0
3886.2964501380925,10612,4532,11024,-190,-93,110,9760,-9320,8268,-22,115,-205,-14652,4536,3476,-1005,46,-84,-14612,-2692,6360,-489,169,-169,0
3886.3297579288483,10576,4424,11076,-233,-38,59,9808,-9336,8368,-39,183,-185,-14572,4484,3504,-1021,-15,-24,-14364,-2600,6068,-465,160,-156,0
3886.3635730743413,10504,4492,11080,-206,24,47,9944,-9344,8384,18,197,-154,-14576,4544,3400,-772,-256,-88,-14816,-2600,6192,-460,129,-182,0
3886.3969140052795,10544,4488,11080,-198,35,44,10024,-9336,8524,1,155,-194,-14648,4512,3472,-1013,50,-71,-14596,-2332,6260,-466,160,-146,0
3886.430228948593,10556,4544,11076,-230,14,71,9796,-9224,8648,15,132,-167,-14640,4528,3120,-1057,103,-69,-14612,-2376,6140,-443,146,-107,0
3886.4636170864105,10516,4412,11076,-182,28,113,9948,-9300,8400,-25,123,-132,-14496,4404,3440,-1022,36,-39,-14668,-2664,6140,-450,108,-114,0
3886.497288942337,10564,4460,11100,-182,90,81,9984,-9328,8440,-36,158,-151,-14624,4428,3560,-960,-75,-44,-14660,-2736,6020,-376,146,-188,0
3886.5305640697484,10588,4572,11008,-276,155,69,10116,-9300,8544,10,261,-108,-14716,4504,3512,-983,-128,-59,-14728,-2704,6028,-352,239,-191,0
3886.5640001296997,10676,4660,10976,-379,174,41,10016,-9244,8512,39,281,-104,-14676,4376,3408,-980,-66,243,-14516,-2788,6108,-339,211,-174,0
3886.5975811481476,10460,4796,10956,-372,199,76,9816,-9260,8496,17,265,-113,-14820,4444,3584,-960,-71,46,-14512,-2608,6280,-352,288,-144,0
3886.6309340000153,10408,4508,11212,-418,63,94,9820,-9384,8568,253,220,-157,-14572,4388,3812,-942,18,-62,-14436,-2716,6360,-409,509,-143,0
3886.6642229557037,10396,4548,11164,-290,-7,121,9896,-9408,8664,-74,163,-167,-14540,4488,3376,-1000,50,-60,-14580,-2720,6196,-767,173,-146,0
3886.7018449306483,10712,4372,11136,-157,-92,122,9916,-9252,8560,-93,115,-194,-14580,4396,3520,-1001,136,-80,-14648,-2664,6172,-474,157,-81,0
3886.7377450466156,10500,4584,11096,-133,-72,174,9940,-9260,8532,-73,57,-156,-14532,4460,3396,-1032,142,-24,-14460,-2592,6168,-478,147,-51,0
3886.772706985473,10596,4552,11152,-184,-5,175,9964,-9268,8684,-92,101,-83,-14348,4568,3548,-1030,23,32,-14828,-2572,6188,-766,131,-117,0
3886.8082010746,10544,4476,11164,-191,64,154,9968,-9444,8416,-92,142,-40,-14668,4612,3452,-948,12,92,-14744,-2640,6236,-526,38,-145,0
3886.8436291217804,10636,4448,11176,-164,47,195,9988,-9412,8220,-67,116,-86,-14652,4592,3428,-914,43,10,-14616,-2572,6116,-483,99,-103,0
3886.879289150238,10496,4452,11024,-193,10,193,9868,-9224,8392,-48,121,-87,-14604,4536,3500,-951,5,-231,-14600,-2740,6340,-446,202,-152,0
3886.9144279956818,10380,4492,11104,-275,5,174,9884,-9460,8224,-38,191,-137,-14536,4488,3548,-931,-48,-44,-14688,-2656,5912,-395,271,-171,0
3886.9505219459534,10516,4408,10840,-302,-239,94,10144,-9332,8616,-59,274,-204,-14692,4592,3616,-831,-53,-95,-14844,-2624,6332,-457,278,-218,0
3886.985563993454,10464,4488,11192,-293,-64,55,9992,-9272,8416,-70,268,-206,-14504,4452,3520,-871,-67,-123,-14604,-2692,6236,-459,206,-226,0
3887.0214200019836,10732,4584,11388,-201,-41,-251,9988,-9292,8408,-114,279,-178,-14560,4536,3612,-898,-64,-74,-14620,-2776,6132,-482,105,-223,0
3887.0579731464386,10484,4596,10856,-137,-34,-35,9848,-9304,8556,-73,239,-209,-14472,4516,3484,-952,38,-60,-14588,-2760,6084,-480,109,-187,0
3887.09328508377,10352,4580,11396,-139,-61,17,9872,-9312,8568,-74,160,-197,-14528,4844,3660,-971,56,-77,-14568,-2728,6092,-502,165,-131,0
3887.12961602211,10452,4360,11120,-134,-98,32,9864,-9248,8492,-75,203,-192,-14472,4520,3520,-977,42,-97,-14552,-2784,6168,-259,116,-177,0
3887.1650619506836,10472,4548,11132,-133,-72,-249,9880,-9304,8500,-46,215,-185,-14452,4548,3640,-971,70,-98,-14604,-2764,6136,-464,110,-165,0
3887.2007660865784,10320,4536,11048,-123,-66,32,9824,-9332,8648,-60,155,-236,-14532,4572,3676,-1008,82,-153,-14568,-2832,6108,-464,171,-144,0
3887.237515926361,10420,4588,11224,-128,-100,35,9804,-9356,8524,-70,139,-244,-14384,4592,3536,-984,105,-163,-14564,-2736,5988,-451,209,-131,0
3887.2726740837093,10464,4528,11104,-182,-128,75,9912,-9368,8508,-98,132,-265,-14560,4516,3700,-929,84,-165,-14616,-2800,6048,-472,248,-156,0
3887.3085601329803,10400,4592,11012,-172,-184,51,9888,-9300,8604,-151,160,-270,-14584,4512,3408,-833,41,-102,-14696,-2764,6180,-464,206,-140,0
3887.3442230224614,10680,4556,11020,-197,-108,38,9944,-9384,8552,-101,209,-204,-14524,4568,3604,-841,24,-110,-14784,-2672,6040,-433,189,-156,0
3887.378039121628,10472,4508,11200,-240,-71,63,9836,-9400,8476,-136,197,-191,-14536,4512,3564,-836,-37,-130,-14612,-2772,6168,-417,190,-131,0
3887.4113800525665,10492,4528,11244,-257,-30,64,9876,-9372,8380,-109,201,-188,-14512,4532,3652,-778,-13,-115,-14548,-2696,6256,-437,163,-142,0
3887.4450390338898,10456,4632,11140,-220,-87,27,9740,-9436,8688,-137,226,-267,-14564,4488,3712,-805,-10,-181,-14576,-2780,6112,-418,300,-157,0
3887.478711128235,10496,4504,11204,-237,-226,36,9800,-9320,8264,-157,228,-314,-14524,4428,3792,-794,-60,-493,-14384,-2768,6376,-453,337,-126,0
3887.5120260715485,10460,4512,11216,-216,-264,18,9804,-9448,8508,-157,204,-325,-14504,4552,3824,-770,-46,-12,-14696,-3064,6392,-424,285,-166,0
3887.5455429553986,10448,4656,11172,-256,-245,-24,9812,-9416,8456,-198,245,-323,-14544,4792,3600,-748,-18,-241,-14592,-2672,6304,-454,268,-134,0
3887.5792191028595,10312,4396,11232,-170,-195,31,9896,-9392,8512,-218,184,-294,-14576,4576,3600,-788,-8,-196,-14796,-2588,6216,-519,214,-128,0
3887.612852096557,10512,4540,11040,-176,-193,55,9844,-9376,8372,-149,171,-214,-14520,4392,3580,-811,2,-86,-14708,-2744,6152,-534,123,-141,0
3887.6461789608,10264,4452,11164,-182,-107,110,9936,-9380,8472,-123,174,-178,-14568,4512,3416,-867,109,-103,-14696,-2772,6108,-764,82,-102,0
3887.679777145386,10644,4564,11116,-155,-137,109,9860,-9444,8416,-165,150,-150,-14628,4556,3656,-881,57,-132,-14716,-2888,6048,-611,112,-112,0
3887.713056087494,10668,4516,11176,-164,-166,92,9856,-9552,8544,-154,131,-195,-14584,4480,3432,-897,148,-134,-14596,-2792,5892,-632,110,-78,0
3887.7467019557953,10548,4596,10956,-77,-205,102,9812,-9380,8300,-117,28,-224,-14824,4504,3700,-1012,207,-106,-14700,-2756,5988,-671,19,-80,0
3887.780343055725,10692,4464,10820,8,-209,67,9952,-9308,8420,-137,30,-198,-14696,4528,3784,-1002,196,-77,-14764,-2788,6024,-627,-23,-91,0
3887.8138360977173,10584,4588,10976,-35,-105,56,9852,-9396,8480,-94,99,-150,-14520,4560,3380,-994,164,-80,-14404,-2660,6172,-608,-46,-85,0
3887.847378015518,10580,4564,11120,-40,-6,95,9840,-9484,8676,252,44,-145,-14572,4440,3472,-1007,179,-131,-14532,-2780,6044,-629,53,-105,0
3887.8810191154485,10472,4624,11120,-100,-102,84,9904,-9480,8584,-242,80,-220,-14568,4524,3836,-781,227,-141,-14528,-2756,6084,-624,128,-104,0
3887.9144620895386,10532,4528,11016,-57,-185,95,9924,-9408,8460,26,106,-260,-14472,4416,3512,-1067,159,-160,-14600,-2764,5960,-592,189,-85,0
3887.9481611251836,10408,4832,10796,-134,-245,40,9784,-9236,8392,27,105,-348,-14440,4336,3564,-983,286,-487,-14472,-2928,6120,-430,192,-100,0
3887.9818379879,10352,4728,11212,-181,-241,29,9904,-9352,8472,-36,19,-487,-14412,4356,3524,-863,317,-320,-14412,-2800,5968,-318,326,-51,0
3888.0154531002045,10328,4696,11020,-258,-367,-251,9876,-9444,8440,-76,65,-530,-14560,4140,3580,-933,234,-463,-14584,-2960,5896,-239,475,-43,0
3888.0490341186523,10648,4784,10796,-368,-479,-41,10048,-9392,8524,-90,178,-640,-14664,4448,3628,-931,261,-441,-14832,-2720,5832,-158,474,-40,0
3888.082617998123,11040,4696,11120,-338,-321,-61,10208,-9380,8556,-76,198,-453,-14956,4744,3372,-959,83,-85,-15148,-2540,6256,-425,112,-142,3
3888.1158771514893,11112,4512,11108,-272,44,255,10152,-9580,8476,59,136,-70,-14668,4852,3484,-964,-21,160,-15036,-2568,6332,-445,-294,-225,3
3888.149441957474,10636,4452,11160,-119,386,26,10168,-9260,8684,182,225,152,-14636,4800,3628,-1089,-72,151,-14556,-2672,6392,-762,-370,-270,3
3888.1829559803014,10220,4584,11188,-59,363,64,9688,-9244,8324,120,197,96,-14368,4716,3360,-1191,70,88,-14128,-2760,6272,-561,-281,-193,3
3888.2166900634766,10180,4568,11068,-93,182,150,9540,-9348,8404,99,43,-9,-14224,4484,3492,-1193,200,53,-14440,-2712,6200,-462,-119,-15,3
3888.2502069473267,10360,4380,10996,-156,-36,7,9884,-9336,8208,58,40,-65,-14440,4420,3396,-1124,306,-16,-14452,-2660,5932,-423,53,26,3
3888.2836730480194,10740,4576,10800,-183,-166,508,10124,-9284,8456,3,38,-180,-14568,4356,3380,-1104,331,-121,-14620,-2796,5912,-346,217,-13,3
3888.3173780441284,10640,4584,11204,-229,-240,188,10148,-9232,8516,-253,103,-249,-14768,4316,3384,-1111,508,-171,-14692,-2736,6080,-331,287,-74,3
3888.3531920909886,10652,4640,10872,-268,-161,112,10000,-8968,8596,70,101,-268,-14692,4416,3420,-1128,178,-111,-14716,-2596,5904,-294,225,-107,3
3888.388831138611,10708,4568,10876,-213,-34,89,9952,-9276,8216,36,80,-180,-14668,4544,3376,-1074,189,242,-14760,-2608,6212,-400,99,-124,0
3888.4241220951085,10632,4512,11004,-186,75,94,10100,-9452,8364,63,166,-31,-14616,4436,3612,-1134,73,145,-14780,-2528,6324,-767,-26,-193,0
3888.4594910144806,10520,4476,11100,-128,241,118,9772,-9504,8452,131,251,130,-14708,4724,3832,-1187,-44,132,-14628,-2804,6248,-585,-95,-245,0
3888.4947049617763,10408,4636,11156,-44,32,78,9916,-9420,8576,84,232,128,-14544,4560,3624,-1103,-16,140,-14464,-2808,6376,-653,-78,-256,0
3888.5300559997563,10484,4700,11152,-61,196,92,9792,-9456,8616,-25,299,78,-14488,4580,3544,-1015,5,101,-14440,-2832,6220,-768,26,-238,0
3888.5654850006104,10384,4816,11072,-53,19,126,9740,-9380,8520,-76,240,-7,-14444,4396,3416,-772,86,45,-14392,-2924,6160,-665,87,-174,0
3888.60171508789,10328,4696,10940,-47,-71,153,9808,-9280,8496,-62,133,-133,-14468,4384,3540,-1047,197,-71,-14660,-3052,6024,-507,138,-78,0
3888.6376259326935,10436,4756,11180,-145,-109,163,9932,-9208,8472,-104,116,-218,-14668,4336,3456,-779,199,-93,-14592,-2856,6340,-409,198,-88,0
3888.6728091239934,10692,4752,10912,-244,-111,107,10032,-9284,8484,-78,146,-224,-14392,4540,3752,-1040,80,-63,-14684,-2984,6168,-497,185,-117,0
3888.708316087722,10604,4684,10956,-200,-56,97,9776,-9372,8560,-28,77,-171,-14644,4556,3548,-1039,47,43,-14660,-2696,6300,-549,253,-138,0
3888.7432971000667,10648,4536,11208,-103,-15,131,10064,-9452,8280,-40,174,-45,-14724,4696,3344,-1030,60,20,-14748,-2500,6360,-602,-51,-150,0
3888.778193950653,10520,4480,11104,-41,30,169,9916,-9500,8288,33,190,-15,-14628,4708,3472,-1132,5,35,-14728,-2676,6332,-662,23,-200,0
3888.8139469623566,10480,4584,11152,-23,40,177,9776,-9472,8348,44,231,20,-14588,4576,3696,-1105,-28,11,-14464,-2884,6256,-648,-251,-230,0
3888.8496811389923,10432,4720,11044,-126,92,96,9748,-9356,8552,-20,238,-54,-14556,4600,3500,-1004,-26,76,-14500,-2948,6228,-559,-16,-203,0
3888.8848669528966,10396,4744,11224,-170,10,116,9484,-9296,8532,-137,212,-74,-14440,4560,3716,-981,255,98,-14492,-2708,6264,-681,96,-164,0
3888.930989980697,10416,4380,11108,-140,-7,181,9904,-9248,8444,52,122,-49,-14380,4544,3412,-1097,35,-45,-14556,-2928,6648,-572,127,-100,0
3888.9775600433354,10344,4772,11244,-188,-27,157,9720,-9396,8588,-46,147,-151,-14364,4376,3636,-1018,119,-55,-14544,-2744,6304,-543,237,-42,0
3889.022504091263,10396,4664,11212,-248,-144,213,9864,-9264,8688,-33,63,-196,-14484,4352,3420,-1052,148,-150,-14540,-2868,6324,-566,270,-65,0
3889.0560410022736,10452,4684,11204,-187,-228,183,9852,-9332,8480,-13,91,-222,-14508,4564,3760,-1007,42,-132,-14520,-2864,6200,-624,258,-150,0
3889.0895731449123,10496,4624,11180,-164,-224,158,9748,-9348,8592,-14,136,-177,-14840,4612,3612,-1005,67,-109,-14684,-2748,6264,-575,190,-98,0
3889.1273369789124,10576,4640,10952,-118,-144,242,9840,-9452,8508,-4,78,-104,-14480,4840,3460,-1037,169,-116,-14616,-2732,6360,-597,127,-42,0
3889.160717010498,10492,4632,11180,-138,-59,275,9836,-9380,8384,78,-3,-91,-14552,4568,3488,-1058,276,-54,-14352,-2796,6160,-520,169,2,0
3889.1942179203033,10496,4544,10892,-206,-44,285,9948,-9444,8520,255,13,-152,-14504,4448,3660,-1049,271,-87,-14488,-2800,6196,-551,247,28,0
3889.2277510166164,10504,4604,11148,-6,-165,304,10204,-9456,8496,65,-10,-146,-14528,4552,3256,-1128,289,-135,-14676,-2732,6108,-607,324,100,0
3889.2614710330963,10524,4612,10960,-224,-167,327,9828,-9404,8348,52,-55,-175,-14580,4464,3540,-1165,318,-155,-14648,-2800,6244,-562,309,103,0
3889.295022010803,10520,4740,11000,-216,-163,340,9868,-9296,8244,10,-122,-206,-14520,4416,3548,-1083,288,-84,-14580,-2816,6148,-536,250,121,0
3889.3284211158752,10528,4624,11192,-285,-108,332,9864,-9412,8552,6,-58,-64,-14728,4836,3688,-1114,199,79,-14784,-2784,6628,-656,128,101,0
3889.361911058426,10620,4476,11268,-233,45,370,9788,-9592,8560,76,134,145,-14868,4804,3680,-1164,110,114,-14748,-2604,6512,-702,-121,-91,0
3889.3956611156464,10496,4488,11344,-23,168,231,9888,-9652,8604,175,331,150,-14568,4664,3596,-1087,-76,11,-14532,-2996,6436,-635,-111,-346,0
3889.4291369915013,10380,4732,11200,-25,150,50,9480,-9464,8652,49,335,254,-14252,4464,3624,-932,-83,-139,-14328,-2900,6116,-686,25,-292,0
3889.4627039432526,10364,4708,11128,-58,-76,38,9740,-9220,8656,-31,134,-218,-14368,4280,3272,-963,14,-245,-14368,-2808,5956,-583,0,-157,0
3889.4962520599365,10572,4588,10988,-118,-282,100,9900,-9436,8452,-37,174,-344,-14532,4152,3400,-1003,79,-321,-14684,-2868,5900,-452,475,-159,0
3889.5297930240636,10592,4784,10976,-228,-352,61,9940,-9108,8416,-254,157,-420,-14516,4476,3544,-1007,115,-262,-14732,-3056,6144,-403,450,-77,0
3889.5634081363683,10656,4676,11012,-321,-236,67,9964,-9292,8552,249,130,-294,-14676,4660,3356,-992,131,-126,-14780,-2596,6604,-396,194,-82,0
3889.5969400405884,10632,4740,11112,-267,-11,126,9860,-9444,8700,-77,62,-190,-14516,4712,3536,-986,196,4,-14716,-2704,6280,-445,27,-36,0
3889.6300640106206,10620,4520,11260,-229,23,173,9856,-9552,8472,-97,39,-88,-14524,4752,3540,-959,216,64,-14808,-2544,6376,-537,-56,-46,0
3889.6634559631348,10672,4432,11108,-152,65,213,9972,-9544,8348,-62,1,-13,-14564,4732,3644,-1035,168,94,-14820,-2672,6044,-767,-65,-72,0
3889.6971669197083,10544,4504,11148,-128,126,181,9928,-9656,8412,-35,116,-15,-14404,4388,3808,-1062,94,36,-14600,-2624,6380,-521,-28,-145,0
3889.7305331230164,10508,4504,11108,-219,89,139,9800,-9364,8548,-17,213,-45,-14520,4376,3344,-1049,55,243,-14548,-2764,6184,-508,58,-169,0
3889.7641179561615,10400,4612,10988,-202,69,93,9876,-9432,8544,-4,198,-77,-14396,4520,3604,-1108,71,-19,-14668,-2800,6256,-524,81,-180,0
3889.7975940704346,10448,4640,11136,-193,30,89,9884,-9384,8604,45,236,-99,-14452,4608,3636,-1117,84,28,-14656,-2576,6216,-496,92,-130,0
3889.8310029506683,10472,4616,10916,-155,62,84,9484,-9220,8624,15,190,-99,-14444,4480,3620,-1091,122,-31,-14424,-2780,6376,-448,78,-159,0
3889.8645241260533,10372,4724,11140,-184,65,94,9644,-9352,8556,47,106,-107,-14484,4836,3472,-1102,94,44,-14808,-2796,6176,-410,-19,-61,0
3889.8977789878845,10552,4628,11108,-268,160,144,9700,-9448,8552,-49,78,-33,-14532,4676,3336,-1072,209,150,-14564,-2728,6156,-446,-39,12,0
3889.9311969280243,10508,4624,11160,-284,108,242,9820,-9468,8520,-30,85,10,-14604,4732,3632,-1129,210,161,-14648,-2600,6248,-492,-61,11,0
3889.9648659229283,10604,4556,11140,-203,126,274,9728,-9560,8632,31,66,68,-14576,4616,3488,-1227,197,123,-14656,-2756,6232,-523,-44,-32,0
3889.9984419345856,10464,4456,11316,-147,123,221,9828,-9232,8404,20,98,22,-14640,4632,3428,-1212,121,100,-14528,-2776,6376,-551,-73,-120,0
3890.0343420505524,10704,4528,11284,-77,112,155,9820,-9460,8512,77,201,-12,-14780,4476,3452,-1229,50,-230,-14584,-2884,6180,-523,-28,-193,0
3890.0706169605255,10508,4612,11224,-74,103,46,9572,-9432,8468,101,266,-69,-14504,4856,3780,-1201,-75,-51,-14520,-2816,6304,-528,22,-281,0
3890.1055159568787,10260,4628,10856,-64,79,-6,9848,-9344,8524,86,295,-129,-14468,4492,3640,-1123,-72,-53,-14468,-2844,6216,-499,42,-294,0
3890.1412940025334,10312,4656,11008,-61,-1,-53,9660,-9432,8568,22,226,-225,-14356,4480,3664,-1082,1,-115,-14528,-2572,6384,-399,122,-225,0
3890.1775159835815,10388,4644,11124,-198,-44,-8,9720,-9352,8452,-91,171,-190,-14356,4796,3484,-1058,17,17,-14572,-2744,6300,-465,89,-105,0
3890.2123539447784,10432,4680,11164,-167,-34,147,9624,-9716,8508,-128,76,-74,-14232,4668,3492,-1027,161,77,-14540,-2728,6616,-484,-14,-53,0
3890.2474780082703,10328,4460,11432,-141,-7,201,9504,-9508,8348,-129,-28,-157,-14364,4668,3376,-984,288,-22,-14324,-2700,6160,-409,56,-10,0
3890.283355951309,10408,4568,11112,-232,-124,178,9868,-9360,8328,-150,-51,-259,-14376,4568,3668,-927,359,-122,-14392,-2668,6272,-304,244,76,0
3890.319236993789,10356,4460,11152,-300,-312,247,9780,-9652,8252,-133,-121,-335,-14704,4832,3536,-1051,291,-236,-14668,-2728,6352,-393,381,1,0
3890.3549749851218,10616,4592,11104,-154,-319,157,10188,-9276,8512,-29,88,-400,-14792,4600,3768,-1016,127,-244,-14708,-2952,6384,-370,278,-181,0
3890.3909571170802,10416,4760,11068,-209,-216,-36,9852,-9332,8744,-91,173,-407,-14832,4616,3832,-952,87,-285,-14600,-2872,6316,-389,267,-182,0
3890.4260470867157,10576,4736,11028,-197,-189,-36,9744,-9404,8704,-38,127,-392,-14600,4612,3608,-985,51,-228,-14616,-2684,6372,-443,211,-211,0
3890.4625990390773,10536,4568,11044,-86,-170,-32,9792,-9412,8548,-37,144,-351,-14396,4376,3528,-961,54,-153,-14392,-2796,6300,-412,164,-234,0
3890.497554063797,10368,4720,11072,-128,-199,-28,9516,-9304,8424,-114,91,-411,-14300,4384,3540,-912,165,-173,-14388,-2704,6296,-304,224,-81,0
3890.5331881046295,10480,4672,11260,-248,-190,31,9604,-9420,8588,-109,62,-438,-14460,4356,3760,-946,234,-266,-14504,-2652,6224,-327,419,-51,0
3890.5686271190643,10308,4600,11160,-228,-353,69,9880,-9492,8396,-112,29,-464,-14504,4624,3468,-997,285,-328,-14672,-2640,6348,-335,490,-39,0
3890.603893995285,10744,4536,11072,-268,-414,126,9820,-9356,8404,-52,44,-424,-14580,4660,3444,-1042,302,-219,-14416,-2620,6332,-379,379,252,0
3890.6398129463196,10548,4620,11204,-243,-260,125,9940,-9252,8504,3,49,-371,-14624,4736,3548,-1041,300,-243,-14680,-2592,6152,-370,306,-93,0
3890.6748981475835,10628,4604,11260,-173,-128,89,9780,-9536,8396,27,86,-343,-14688,4660,3452,-991,194,-185,-14684,-2564,6268,-423,249,-112,0
3890.7108130455013,10544,4532,11152,-170,-82,75,9992,-9416,8412,13,167,-221,-14732,4680,3444,-1022,93,-104,-14740,-2748,6344,-480,195,-118,0
3890.744226932525,10504,4620,11116,-234,-48,63,9872,-9420,8268,35,213,-194,-14572,4608,3516,-1017,62,-104,-14784,-2708,6144,-469,169,-125,0
3890.77794098854,10504,4588,11132,-276,-30,80,9988,-9408,8636,253,190,-191,-14672,4652,3448,-995,91,-114,-14652,-2636,6268,-503,178,-96,0
3890.8115599155426,10416,4584,11096,-302,-86,117,9952,-9480,8688,-8,148,-206,-14548,4576,3488,-995,131,-132,-14836,-2696,6268,-438,191,-75,0
3890.8448569774628,10400,4588,11200,-238,-123,147,9912,-9448,8440,-52,176,-186,-14356,4452,3796,-961,125,-124,-14816,-2764,6188,-451,192,-73,0
3890.8784189224243,10452,4368,11220,-310,-124,136,9992,-9260,8432,-14,167,-227,-14620,4436,3504,-958,67,-119,-14636,-2796,6188,-418,258,-114,0
3890.9118759632106,10432,4500,10928,-350,-123,89,9944,-9236,8540,15,181,-6,-14476,4512,3584,-957,102,-162,-14532,-2696,6264,-410,293,-58,0
3890.9454860687256,10296,4520,10864,-299,-83,115,9872,-9392,8484,62,216,-243,-14588,4560,3404,-945,88,-199,-14540,-2676,6392,-411,312,-134,0
3890.9791910648346,10496,4556,11172,-320,-105,97,9876,-9392,8616,72,231,-217,-14656,4632,3548,-917,-7,-196,-14652,-3044,6316,-434,304,-119,0
3891.012978076935,10460,4520,11244,-291,-91,121,9912,-9428,8240,35,187,-218,-14464,4528,3472,-915,71,-125,-14676,-2724,6156,-472,280,-90,0
3891.0466730594635,10452,4508,11196,-239,-114,127,9880,-9288,8576,39,123,-236,-14580,4516,3452,-969,155,-134,-14596,-2628,6128,-436,213,-54,0
3891.0801169872284,10284,4576,11172,-243,-128,183,9812,-9312,8528,25,69,-210,-14596,4472,3496,-1072,153,-127,-14620,-2708,6144,-427,191,-52,0
3891.1134021282196,10496,4572,11112,-253,-178,186,9900,-9344,8264,-43,87,-228,-14356,4536,3388,-1002,99,-146,-14664,-2684,6164,-466,188,-78,0
3891.1467900276184,10548,4572,11056,-210,-138,149,9960,-9400,8696,-22,132,-196,-14592,4716,3716,-972,131,-105,-14832,-2632,6280,-480,136,-100,0
3891.1804640293126,10592,4380,11124,-213,-179,172,9972,-9212,8552,-49,66,-198,-14628,4468,3536,-1025,91,-95,-14608,-2636,6152,-496,165,-63,0
3891.2139320373535,10520,4552,11248,-199,-155,156,9880,-9336,8552,-104,87,-222,-14592,4556,3504,-933,-30,-109,-14568,-2704,6352,-536,149,-83,0
3891.2474341392517,10288,4504,11136,-210,-182,150,9868,-9424,8572,-203,98,-220,-14504,4472,3648,-662,-145,-128,-14588,-2708,6396,-604,109,-146,0
3891.2811090946198,10560,4776,11072,-257,-309,94,9728,-9336,8528,-235,144,-235,-14496,4448,3320,-658,-114,-111,-14672,-2644,6356,-631,103,-154,0
3891.3144381046295,10584,4448,11140,-215,-270,105,9948,-9392,8376,-78,151,-207,-14668,4488,3776,-878,-13,-99,-14708,-2596,6120,-463,166,-133,0
3891.3482720851894,10652,4524,11212,-235,-151,110,9892,-9316,8472,-84,134,-212,-14492,4524,3548,-795,-91,-82,-14680,-2684,6132,-414,221,-120,0
3891.381921052933,10584,4536,11016,-219,-53,83,9852,-9288,8528,-140,155,-186,-14788,4392,3784,-547,-172,-83,-14820,-2664,6188,-263,187,-78,0
3891.415377140045,10540,4564,11084,-305,-99,97,9888,-9456,8572,-158,183,-204,-14760,4812,3436,-473,-146,-152,-14516,-2568,6208,-587,228,-124,0
3891.4490189552307,10584,4460,11132,-373,-3,123,10216,-9292,8400,-115,198,-245,-14436,4476,3436,-636,-29,-161,-14644,-2664,6388,-528,185,-99,0
3891.4825019836426,10548,4468,10984,-352,-213,170,10200,-9444,8420,-91,138,-226,-14596,4452,3488,-766,-251,-100,-14848,-2728,6188,-428,227,-100,0
3891.5159089565277,10584,4480,10776,-241,-102,113,9980,-9348,8532,-62,152,-209,-14572,4472,3616,-843,-255,-77,-14692,-2648,6224,-467,180,-151,0
3891.5497739315033,10700,4552,11172,-185,46,60,9984,-9316,8372,-37,181,-139,-14544,4512,3536,-906,17,-19,-14812,-2620,5936,-479,101,-149,0
3891.5834591388702,10632,4560,11044,-42,138,46,9952,-9260,8700,-65,199,-99,-14568,4488,3584,-836,-33,-67,-14612,-2700,6184,-416,107,-145,0
3891.6171629428864,10500,4544,11080,-100,120,63,9988,-9408,8496,-158,175,-127,-14468,4620,3360,-761,-34,-85,-14596,-2676,5936,-428,64,-121,0
3891.6505119800563,10612,4492,11008,-156,-251,99,9928,-9404,8428,-145,160,-156,-14784,4596,3408,-820,26,233,-14344,-2624,6240,-427,9,-92,0
3891.683804035186,10592,4584,11052,-178,-20,112,9896,-9412,8424,-93,145,-165,-14528,4600,3364,-897,63,-60,-14632,-2632,6056,-399,33,-87,0
3891.7202601432805,10308,4452,11088,-182,12,93,9760,-9392,8192,-10,161,-158,-14560,4428,3340,-1008,80,-73,-14768,-2676,6232,-424,8,-133,0
3891.7554450035095,10588,4604,11116,-106,81,52,9912,-9320,8444,21,174,-140,-14596,4700,3432,-1104,119,-54,-14516,-2692,6300,-307,90,-120,0
3891.7909269332886,10472,4448,10940,-3,374,12,9900,-9560,8520,3,148,-123,-14492,4668,3784,-1049,169,-90,-14816,-2780,6268,-567,-11,-111,0
3891.8263680934906,10840,4832,11204,-247,37,74,10024,-9676,8316,22,136,-148,-14480,4612,3628,-1038,114,-39,-14468,-2692,6396,-474,186,-140,0
3891.862368106842,10452,4584,10928,-46,63,81,9948,-9368,8472,-95,165,-138,-14444,4560,3396,-996,122,-114,-14452,-2588,6272,-516,28,-135,0
3891.8980259895325,10688,4524,11016,-73,-64,52,9904,-9348,8516,-101,184,-209,-14540,4408,3376,-931,196,-80,-14632,-2708,6216,-521,22,-145,0
3891.9331910610204,10524,4516,11220,-19,-23,59,9940,-9464,8544,-84,129,-176,-14544,4552,3384,-1008,504,-124,-14672,-2656,6260,-490,132,-131,0
3891.96924495697,10540,4548,11084,-65,32,82,9812,-9452,8456,31,119,-196,-14476,4496,3480,-1068,229,-107,-14844,-2700,6220,-488,214,-112,0
3892.0045230388646,10732,4648,11060,-160,26,59,9884,-9380,8668,-10,111,-207,-14584,4648,3664,-899,213,-89,-14648,-2820,6280,-530,193,-137,0
3892.0406670570374,10700,4652,11244,-108,18,52,10092,-9244,8524,-66,87,-227,-14344,4700,3528,-852,178,-127,-14604,-2676,6348,-535,152,-121,0
3892.0762169361115,10356,4652,11140,-144,248,58,10088,-9436,8440,-73,107,-178,-14836,4604,3512,-980,185,-93,-14768,-2668,6320,-544,68,-150,0
3892.111966133117,10320,4608,11280,-107,9,72,10004,-9360,8460,-67,101,-183,-14528,4528,3468,-984,172,-95,-14684,-2716,5888,-526,65,-137,0
3892.147578954696,10624,4700,11092,-170,-29,57,9956,-9444,8500,-74,141,-184,-14512,4384,3484,-863,156,4,-14592,-2752,5960,-545,77,-130,0
3892.1823351383214,10456,4852,11132,-121,85,86,9788,-9340,8464,-74,108,-141,-14512,4624,3360,-844,183,-21,-14612,-2632,6296,-540,93,-137,0
3892.218210935592,10484,4572,11200,-107,51,90,9952,-9392,8464,-92,97,-169,-14576,4580,3412,-934,157,-64,-14532,-2612,6196,-445,-23,-115,0
3892.2536261081696,10256,4588,11088,-140,62,95,9912,-9316,8348,-42,102,-166,-14568,4700,3392,-1021,98,-70,-14548,-2696,6392,-318,40,-93,0
3892.2895951271053,10552,4576,11208,-300,51,145,9972,-9368,8432,255,157,-164,-14844,4576,3388,-1102,159,-51,-14372,-2636,6400,-399,-36,-129,3
3892.3250939846043,10692,4624,11008,-235,2,112,9904,-9300,8252,49,113,-157,-14496,4696,3468,-1223,240,-59,-14488,-2624,6320,-397,51,-114,3
3892.3616111278534,10384,4544,11152,-150,-36,137,9820,-9244,8320,51,120,-170,-14504,4568,3548,-1233,185,-69,-14588,-2600,6308,-506,78,-109,3
3892.3949830532074,10332,4424,11152,-149,-86,130,9880,-9412,8444,46,84,-179,-14524,4648,3684,-1219,166,-98,-14616,-2656,6224,-390,170,-121,3
3892.4286170005794,10704,4368,11244,-222,-19,126,9972,-9392,8312,47,115,-218,-14532,4604,3580,-1131,141,-126,-14400,-2424,6252,-492,152,-106,3
3892.4622111320496,10720,4668,11488,-220,-25,139,9912,-9364,8392,63,154,-176,-14544,4640,3572,-1131,143,-112,-14672,-2652,6288,-475,231,-130,3
3892.4957270622253,10492,4640,10924,-207,-109,109,9912,-9380,8576,54,156,-216,-14516,4476,3284,-1111,133,-127,-14572,-2688,6284,-503,227,-168,3
3892.5291540622716,10420,4596,11108,-139,-131,100,9876,-9304,8204,251,161,-193,-14552,4664,3332,-1108,135,-105,-14592,-2556,6328,-536,214,-146,0
3892.5626950263973,10296,4628,11068,-132,-131,82,9992,-9452,8540,59,140,-207,-14512,4368,3508,-1135,129,-77,-14664,-2716,6248,-469,7,-133,0
3892.5963821411133,10444,4676,11120,-187,-78,94,9856,-9304,8480,65,157,-186,-14576,4532,3676,-1128,200,-72,-14584,-2632,6200,-416,196,-141,0
3892.629914045334,10440,4616,11324,-214,-75,132,9836,-9376,8596,31,132,-222,-14592,4560,3452,-1085,202,-129,-14632,-2328,6372,-493,288,-117,0
3892.663475036621,10536,4700,11072,-172,-160,130,9852,-9316,8464,19,124,-188,-14700,4644,3744,-1062,162,-114,-14628,-2804,6264,-574,248,-140,0
3892.697119951248,10524,4668,11164,-173,-130,117,10016,-9232,8396,11,116,-150,-14592,4600,3560,-1108,173,-56,-14744,-2704,6132,-550,205,-142,0
3892.7305209636693,10260,4396,11212,-194,-113,138,9756,-9380,8540,27,149,-170,-14552,4512,3404,-1172,190,-253,-14592,-2796,6076,-515,223,-127,0
3892.7640531063084,10740,4644,11024,-247,-118,143,9916,-9308,8860,25,168,-183,-14656,4504,3480,-1167,152,-59,-14600,-2744,6384,-522,223,-98,0
3892.7976710796356,10452,4816,11140,-218,-138,148,9872,-9348,8500,-256,122,-205,-14512,4580,3508,-1164,190,-111,-14508,-2672,6192,-474,151,-52,0
3892.8310921192174,10456,4488,11108,-237,-209,145,9940,-9460,8664,-16,86,-236,-14376,4676,3348,-1123,187,-115,-14808,-2748,6184,-478,168,-94,0
3892.8646690845494,10704,4580,11048,-199,-163,156,9960,-9388,8424,253,142,-207,-14532,4664,3476,-1098,164,-120,-14656,-2604,6216,-534,164,-118,0
3892.8981051445003,10324,4520,11112,-221,-153,120,9948,-9392,8268,-256,133,-192,-14560,4588,3492,-1071,147,-91,-14672,-2576,6308,-465,210,-123,0
3892.931769132614,10388,4564,11028,-254,-79,146,9920,-9384,8604,27,106,-204,-14532,4628,3604,-990,191,-114,-14592,-2548,6340,-453,167,-118,0
3892.965485095978,10600,4572,10988,-310,-53,167,10236,-9348,8700,22,120,-202,-14596,4560,3332,-1007,155,-142,-14592,-2668,6180,-470,213,-87,0
3892.9991650581364,10396,4780,11340,-341,-132,178,9944,-9340,8464,253,109,-223,-14544,4540,3492,-1064,135,-170,-14640,-2620,6224,-469,240,-91,0
3893.032664060592,10496,4852,11080,-263,-185,179,9936,-9320,8552,16,89,-244,-14536,4560,3400,-1088,139,-127,-14676,-2680,6348,-451,259,-60,0
3893.0661699771886,10596,4516,11176,-304,-198,162,9952,-9348,8424,36,109,-275,-14584,4552,3572,-1081,99,-150,-14604,-2740,6144,-424,276,-84,0
3893.0999550819397,10468,4492,11044,-342,-124,161,9916,-9252,8616,27,149,-237,-14624,4452,3448,-1006,245,-84,-14704,-2612,6160,-446,266,-112,0
3893.133521080017,10564,4584,11120,-386,-95,150,9768,-9284,8540,36,167,-227,-14808,4536,3416,-949,8,-163,-14660,-2680,6012,-420,322,-131,0
3893.1669161319733,10576,4536,11024,-473,-16,191,10184,-9272,8488,70,166,-208,-14484,4472,3688,-912,9,-153,-14680,-2744,6104,-421,370,-136,0
3893.20050907135,10584,4512,11148,-582,-25,248,9960,-9328,8604,72,153,-2,-14560,4488,3472,-853,-68,-136,-14664,-2620,6064,-437,501,-137,0
3893.2338950634003,10516,4464,11056,-651,-164,278,10024,-9228,8480,67,155,-255,-14600,4508,3396,-881,-73,-96,-14808,-2660,6252,-506,427,-170,0
3893.26759815216,10456,4624,11212,-441,-271,222,10012,-9376,8544,39,151,-214,-14612,4448,3388,-906,9,-162,-14696,-2624,6272,-497,266,-126,0
3893.3012261390686,10596,4404,11044,-231,-278,154,9972,-9388,8432,16,161,-194,-14664,4476,3344,-770,91,-148,-14592,-2572,6192,-538,157,-145,0
3893.334999084472,10536,4560,11152,-156,-243,139,9876,-9332,8544,16,174,-209,-14592,4556,3504,-1052,157,-116,-14740,-2756,6292,-517,162,-144,0
3893.3686051368713,10580,4152,11052,-156,-205,88,9872,-9264,8576,13,156,-189,-14500,4544,3480,-1114,128,-94,-14816,-2656,6076,-488,96,-116,0
3893.405416965484,10724,4452,11140,-132,-137,129,9840,-9304,8476,-62,149,-180,-14700,4460,3520,-1084,144,-70,-14728,-2636,6064,-467,119,-120,0
3893.4411659240723,10540,4592,11124,-192,-128,111,10236,-9276,8608,34,146,-172,-14648,4592,3568,-1057,123,-94,-14720,-2700,6160,-506,158,-124,0
3893.477240085602,10560,4432,10880,-224,-106,121,9908,-9144,8580,-34,159,-137,-14616,4456,3436,-1085,162,-45,-14660,-2708,6084,-496,49,-121,0
3893.5123119354243,10664,4448,11180,-133,-139,106,9904,-9324,8492,-19,150,-198,-14620,4524,3488,-1107,164,-69,-14672,-2592,5964,-477,158,-132,0
3893.5484070777893,10588,4424,11092,-180,-9,110,9888,-9312,8504,40,132,-141,-14692,4624,3564,-1208,157,-48,-14728,-2580,6048,-517,84,-170,0
3893.5834839344025,10552,4420,10968,-141,-3,61,10008,-9224,8464,37,192,-120,-14600,4552,3456,-1206,78,-41,-14704,-2576,6200,-490,43,-143,0
3893.618768930435,10604,4524,11076,-154,3,34,9880,-9348,8576,-32,184,-138,-14532,4492,3524,-1051,46,-255,-14768,-2732,6052,-463,104,-159,0
3893.6542019844055,10620,4428,11068,-209,21,87,9940,-9296,8644,-38,186,-148,-14640,4528,3496,-1003,61,-13,-14504,-2640,6216,-500,123,-153,0
3893.690294981002,10556,4456,11064,-174,-1,81,9916,-9324,8512,-8,151,-160,-14532,4620,3516,-1087,85,-98,-14688,-2588,6356,-494,131,-122,0
3893.7255380153656,10464,4432,11124,-145,-26,84,9920,-9308,8496,-37,154,-153,-14572,4792,3356,-1127,99,-8,-14664,-2752,6284,-477,56,-149,0
3893.760885953903,10476,4460,11424,-131,-38,86,9912,-9336,8628,-28,175,-136,-14592,4532,3332,-1162,71,-44,-14848,-2744,6172,-472,89,-143,0
3893.7971670627594,10592,4428,11256,-171,68,66,10016,-9364,8212,33,239,-104,-14656,4480,3396,-1127,52,-27,-14648,-2728,5920,-260,70,-202,0
3893.832853078842,10576,4420,11040,-119,24,61,9952,-9296,8556,20,242,-105,-14396,4540,3560,-1127,-243,-42,-14704,-2692,6132,-506,100,-215,0
3893.8676290512085,10552,4464,11108,-138,22,61,10032,-9300,8624,10,249,-104,-14652,4552,3504,-1036,-45,-17,-14644,-2756,6104,-491,92,-7,0
3893.9033291339874,10548,4540,11088,-144,48,28,9928,-9276,8532,-19,257,-103,-14592,4480,3352,-1039,-69,-29,-14696,-2728,6116,-513,62,-225,0
3893.9392590522766,10700,4408,10976,-132,35,34,9840,-9336,8500,-250,262,-121,-14496,4488,3536,-1019,-55,-66,-14652,-2728,5956,-257,76,-226,0
3893.9749100208282,10568,4432,11160,-123,38,74,9780,-9248,8564,35,158,-110,-14552,4752,3408,-1077,26,-61,-14624,-2720,5896,-502,67,-145,0
3894.0099201202393,10676,4500,10968,-95,18,50,9904,-9320,8604,16,188,-102,-14564,4532,3528,-1022,43,-65,-14732,-2668,6396,-497,85,-222,0
3894.046919107437,10592,4464,11280,-84,59,61,9888,-9328,8612,-15,214,-113,-14352,4812,3836,-986,-253,-13,-14632,-2712,6244,-480,96,-225,0
3894.0805249214172,10524,4460,11040,-140,62,81,9820,-9292,8624,7,191,-117,-14500,4540,3712,-1023,-34,-55,-14608,-2652,6136,-541,146,-188,0
3894.113975048065,10500,4536,11156,-156,42,114,9820,-9376,8532,34,190,-91,-14848,4596,3732,-1011,-34,-33,-14580,-2792,6228,-519,117,-185,0
3894.1500699520107,10452,4572,11224,-125,51,84,9860,-9408,8496,9,232,-84,-14592,4564,3532,-1072,-35,-51,-14604,-2828,6016,-529,89,-202,0
3894.183776140213,10520,4472,11308,-83,50,63,9748,-9368,8536,40,197,-129,-14488,4564,3516,-1021,-16,-11,-14480,-2844,6152,-532,96,-231,0
3894.217383146286,10504,4484,11016,-88,75,63,9816,-9264,8624,15,141,-101,-14388,4516,3580,-1043,34,-54,-14512,-3008,6284,-479,74,-149,0
3894.251075029373,10436,4600,11044,-135,17,96,9880,-9224,8496,16,151,-160,-14468,4452,3564,-1035,33,-93,-14400,-2764,6048,-490,112,-162,0
3894.2844841480255,10412,4536,11184,-165,253,88,9936,-9316,8620,-13,182,-144,-14848,4560,3416,-1040,70,-144,-14660,-2796,6164,-481,171,-175,0
3894.318067073822,10684,4484,11216,-148,-48,72,9840,-9392,8592,-28,145,-198,-14484,4456,3728,-1017,115,-74,-14460,-2776,5964,-506,157,-162,0
3894.3516180515294,10372,4528,11164,-149,-101,99,9824,-9288,8576,8,117,-203,-14456,4480,3496,-1057,160,-58,-14436,-2756,6132,-459,186,-114,0
3894.3851521015163,10396,4548,11152,-155,-11,125,9804,-9248,8656,-28,89,-217,-14456,4532,3636,-1090,143,-86,-14656,-2880,6096,-454,218,-117,0
3894.418653011322,10460,4640,11188,-209,-64,96,9852,-9472,8476,-9,132,-220,-14564,4492,3604,-1056,135,-127,-14576,-2912,6252,-441,204,-102,0
3894.4523370265965,10472,4548,11128,-217,-12,105,9780,-9300,8624,-20,99,-221,-14460,4476,3596,-771,165,-126,-14616,-2808,6196,-433,180,-92,0
3894.485794067383,10352,4644,11172,-214,-52,86,9752,-9280,8676,-48,54,-255,-14568,4496,3480,-1010,201,-94,-14632,-3052,6224,-428,192,-68,0
3894.519254922866,10456,4600,11140,-223,-122,105,9804,-9272,8696,-61,115,-273,-14848,4580,3460,-1015,192,-107,-14604,-2828,6188,-409,192,-82,0
3894.552950143814,10504,4500,11096,-218,-125,57,9952,-9228,8656,-72,156,-7,-14820,4524,3656,-1010,142,-112,-14740,-2788,6244,-424,162,-133,0
3894.5867891311646,10432,4472,11452,-219,-53,55,9908,-9264,8716,-22,170,-206,-14584,4592,3564,-988,79,-108,-14756,-2832,6256,-438,174,-134,0
3894.620379924774,10416,4536,11116,-224,-24,35,9964,-9268,8512,254,162,-197,-14452,4548,3532,-1032,103,-118,-14560,-2784,6288,-447,137,-70,0
3894.6537160873413,10068,4536,11276,-221,-131,122,9764,-9300,8632,-51,72,-216,-14432,4544,3620,-1027,189,-94,-14520,-2728,6288,-446,178,1,0
3894.6873009204865,10288,4488,11124,-271,-160,153,9800,-9380,8684,-100,91,-240,-14484,4480,3484,-936,215,-90,-14380,-2860,6100,-431,170,6,0
3894.7207689285283,10676,4476,11212,-236,-504,193,9836,-9352,8560,-140,62,-232,-14508,4432,3588,-913,220,-128,-14660,-2812,6272,-463,210,11,0
3894.7543759346004,10416,4484,11072,-267,-275,172,9904,-9308,8720,-122,88,-267,-14520,4536,3524,-940,209,-163,-14572,-2864,6036,-403,237,14,0
3894.7879920005794,10492,4604,11068,-334,-210,163,9820,-9248,8592,-97,65,-269,-14472,4460,3708,-964,224,-160,-14552,-2864,6040,-338,248,51,0
3894.821774959564,10596,4532,11132,-355,-203,146,9936,-9284,8352,-129,47,-332,-14816,4456,3560,-935,226,-132,-14688,-2636,6152,-387,498,-3,0
3894.8550260066986,10520,4396,11228,-338,-189,130,9896,-9364,8596,-53,-10,-315,-14532,4620,3452,-968,9,-148,-14612,-2608,6124,-394,255,6,0
3894.8884439468384,10464,4392,11048,-290,-173,208,9884,-9300,8440,-24,-70,-254,-14636,4596,3540,-772,220,-166,-14736,-2704,6184,-420,246,23,0
3894.9219150543213,10540,4448,11128,-272,-184,214,10172,-9368,8544,-50,5,-216,-14716,4564,3440,-964,203,-146,-14660,-2744,5888,-450,165,-28,0
3894.955512046814,10548,4412,11200,-236,-162,183,9976,-9280,8536,-45,57,-202,-14640,4560,3632,-975,164,-124,-14760,-2708,6312,-476,195,-51,0
3894.9892611503606,10580,4396,11180,-188,-176,160,9944,-9436,8628,-31,92,-218,-14560,4460,3404,-969,129,-139,-14716,-2744,6240,-495,196,-94,0
3895.0229139328003,10496,4380,10980,-201,-183,152,9900,-8980,8480,-7,98,-219,-14504,4540,3524,-992,135,-100,-14648,-2652,6164,-466,209,-93,0
3895.0564630031586,10480,4464,11132,-195,-165,149,9900,-9288,8540,249,123,-217,-14816,4504,3436,-1004,131,-112,-14668,-2668,6324,-474,180,-95,0
3895.093374013901,10600,4396,11056,-209,-165,99,9984,-9280,8700,-256,152,-225,-14592,4496,3476,-987,141,-173,-14704,-2700,6256,-448,189,-84,0
3895.1296350955963,10572,4484,11088,-231,-110,126,9968,-8984,8596,-18,100,-205,-14344,4516,3584,-1017,188,-88,-14636,-2620,6184,-471,140,-79,0
3895.1645801067352,10488,4496,11048,-174,-149,152,9940,-9308,8640,-28,126,-208,-14496,4532,3512,-981,138,-136,-14728,-2624,6036,-496,151,-69,0
3895.2001740932465,10524,4384,10884,-213,-160,153,9896,-9196,8448,-13,179,-239,-14668,4476,3508,-1001,114,-87,-14364,-2720,6036,-462,170,-103,0
3895.2356691360474,10624,4460,11108,-223,-169,125,9996,-9368,8572,-23,116,-248,-14644,4456,3456,-983,109,-136,-14676,-2652,6244,-463,189,-94,0
3895.2709429264078,10584,4444,11012,-214,-157,123,9888,-9280,8600,-16,118,-199,-14848,4468,3364,-1009,110,-102,-14692,-2620,6124,-474,160,-107,0
3895.3060541152954,10556,4428,11224,-154,-131,123,9824,-9372,8452,-25,158,-207,-14520,4484,3484,-995,90,-116,-14700,-2720,5920,-473,168,-123,0
3895.3424890041356,10668,4472,11060,-215,-163,112,9948,-9204,8616,-23,148,-221,-14524,4452,3516,-990,98,-96,-14656,-2676,6052,-490,167,-135,0
3895.3775341510773,10604,4420,10992,-186,-125,99,9992,-9208,8500,-79,113,-208,-14608,4456,3100,-1001,95,-55,-15040,-2624,5944,-523,103,-102,0
3895.4129080772404,10656,4376,10944,-146,-97,68,9996,-9228,8484,-44,171,-170,-14616,4456,3568,-1270,82,-63,-14736,-2660,6084,-519,85,-162,0
3895.4496490955353,10576,4496,11132,-176,-32,92,9848,-9188,8564,-9,158,-139,-14536,4424,3568,-1041,60,-46,-14712,-2680,6056,-463,141,-101,0
3895.4849839210506,10652,4504,11076,-170,-70,89,9924,-9336,8468,-60,148,-154,-14604,4476,3452,-1000,66,-39,-14752,-2760,6168,-499,110,-164,0
3895.520651102066,10696,4352,11060,-157,-50,79,9736,-9256,8612,-26,142,-165,-14592,4488,3792,-1016,83,-42,-14608,-2732,6168,-518,121,-135,0
3895.5556070804596,10556,4328,11132,-97,-60,89,9864,-9000,8684,-21,137,-149,-14584,4448,3384,-987,73,-58,-14680,-2748,6152,-523,92,-147,0
3895.5908861160274,10612,4416,11228,-148,-40,85,9968,-9264,8912,-64,160,-148,-14612,4532,3696,-976,64,-3,-14680,-2544,6124,-513,35,-156,0
3895.6259510517125,10508,4468,11080,-94,10,67,9904,-9312,8636,-74,131,-139,-14408,4496,3736,-1014,119,-70,-14528,-2744,6256,-515,18,-103,0
3895.661821126938,10552,4444,10964,-72,-25,52,9980,-9296,8580,-85,99,-135,-14624,4528,3356,-1109,171,-48,-14660,-2572,6132,-507,4,-124,0
3895.6976320743565,10616,4456,11076,20,-3,24,9964,-9272,8376,-65,154,-157,-14524,4468,3664,-1217,255,-25,-14644,-2652,6276,-544,-97,-114,0
3895.733502149582,10496,4492,11088,134,-12,5,9736,-9308,8232,-86,79,-160,-14640,4520,3704,-1141,247,-35,-14604,-2720,6028,-530,51,-127,0
3895.7671480178833,10396,4372,11128,-100,-23,64,9736,-9296,8544,-33,125,-181,-14644,4528,3468,-1056,143,-76,-14660,-2668,5924,-505,138,-139,0
3895.8007781505585,10672,4524,11240,-137,-48,93,10072,-9304,8512,-42,106,-175,-14612,4472,3280,-1079,181,-98,-14812,-2716,6176,-514,77,-120,0
3895.8340611457825,10484,4488,11252,-64,-24,74,9920,-9272,8520,-31,108,-148,-14500,4516,3400,-1063,203,-39,-14676,-2588,5900,-531,42,-154,0
3895.8676259517674,10604,4580,11180,-62,-16,41,9804,-9304,8524,-71,98,-160,-14612,4384,3580,-1082,152,-46,-14644,-2692,6292,-526,20,-150,0
3895.9011220932002,10336,4568,11152,-7,-26,31,10132,-9232,8628,-82,156,-183,-14356,4760,3452,-1089,170,-102,-14616,-2624,6376,-519,12,-151,0
3895.9343950748444,10444,4448,11128,-49,-64,33,10004,-9312,8572,-48,107,-178,-14644,4496,3540,-1037,121,-97,-14700,-2668,6032,-493,88,-142,0
3895.9680280685425,10524,4572,11140,-116,-20,61,9872,-9312,8592,-21,165,-197,-14448,4508,3652,-1277,89,-95,-14584,-2688,6188,-485,164,-161,0
3896.0016081333165,10740,4520,11012,-212,-75,64,9888,-9224,8592,10,138,-205,-14640,4384,3432,-1280,138,-46,-14664,-2704,6168,-484,188,-134,0
3896.0349380970006,10740,4664,11212,-204,-46,97,9908,-9328,8576,-13,134,-212,-14556,4580,3464,-1014,139,-58,-14760,-2740,6188,-473,132,-110,0
3896.0688259601593,10732,4516,11276,-146,-75,132,9752,-9264,8528,-49,91,-195,-14612,4776,3520,-1017,134,-102,-14616,-2720,6308,-522,127,-131,0
3896.1023399829865,10636,4484,11080,-138,-69,106,10032,-9312,8588,-21,105,-163,-14796,4480,3548,-1053,94,-114,-14820,-2816,6396,-500,102,-147,0
3896.1353960037227,10524,4608,11148,-149,-8,109,9964,-9184,8668,-12,134,-164,-14592,4484,3456,-1026,95,-9,-14532,-2788,6372,-478,52,-165,0
3896.168965101242,10512,4612,11072,-141,-41,91,9944,-9008,8592,-70,147,-142,-14612,4436,3296,-1033,64,-49,-14696,-2736,6244,-480,81,-145,0
3896.2023589611053,10532,4488,11044,-168,-251,80,9928,-9252,8640,-16,121,-168,-14504,4504,3484,-1043,95,-63,-14624,-2760,6092,-461,99,-152,0
3896.235579967498,10688,4536,11160,-169,-14,99,9844,-9176,8584,12,108,-170,-14488,4476,3532,-1052,75,-55,-14652,-2716,6244,-450,141,-119,0
3896.2693610191345,10536,4568,11120,-186,-46,98,9892,-9292,8472,-53,124,-183,-14580,4428,3448,-1048,95,-23,-14664,-2756,6220,-465,110,-114,0
3896.3028290271764,10720,4568,11172,-174,-6,94,10004,-9388,8196,-48,123,-173,-14568,4480,3392,-1003,109,-84,-14528,-2616,6216,-465,120,-122,0
3896.336410999298,10516,4528,11056,-156,-69,105,9892,-9388,8596,-39,122,-172,-14592,4412,3364,-1040,129,-79,-14620,-2672,6216,-470,158,-117,0
3896.3700070381165,10548,4624,11012,-179,-49,151,9840,-9300,8568,1,110,-166,-14548,4456,3424,-1053,153,-92,-14396,-2660,6132,-263,150,-115,0
3896.4033069610596,10296,4372,11096,-156,-93,130,9868,-9304,8516,-7,106,-195,-14784,4464,3408,-1035,118,-42,-14620,-2696,6264,-540,119,-136,0
3896.4368591308594,10560,4548,11260,-183,-33,99,10224,-9256,8644,-21,132,-172,-14612,4580,3488,-991,103,-26,-14620,-2848,6220,-495,119,-119,0
3896.4705040454865,10472,4692,11140,-184,-38,95,9752,-9280,8616,-12,100,-185,-14664,4440,3448,-1274,137,-115,-14632,-2740,6176,-474,154,-123,0
3896.5040130615234,10528,4532,11440,-191,-63,121,9876,-9276,8556,-47,131,-193,-14652,4460,3396,-1021,161,-108,-14548,-2684,6220,-506,148,-94,0
3896.5372869968414,10524,4620,11052,-165,-77,111,10008,-9288,8456,-20,155,-227,-14796,4516,3196,-1009,118,-110,-14640,-2780,6212,-477,171,-122,0
3896.5710809230804,10376,4468,11256,-160,-60,86,9948,-9220,8536,-42,133,-198,-14508,4532,3420,-1014,95,-55,-14716,-2792,6168,-473,146,-122,0
3896.6048691272736,10564,4488,11284,-216,-52,87,9904,-9284,8556,-14,146,-205,-14804,4832,3188,-1002,104,-60,-14576,-2700,6216,-470,151,-105,0
3896.6380159854893,10532,4596,11008,-248,-53,122,9896,-9232,8316,-22,122,-200,-14580,4480,3388,-1012,91,-110,-14412,-2676,6188,-495,154,-82,0
3896.6731030941014,10712,4644,11188,-224,-118,154,9900,-9360,8584,-43,104,-180,-14696,4548,3484,-999,121,-71,-14664,-2780,6236,-491,121,-81,0
3896.706660985946,10496,4532,11172,-204,-128,139,10192,-9344,8608,-64,159,-191,-14604,4564,3428,-948,114,-107,-14776,-2736,6204,-467,165,-84,3
3896.7399251461034,10308,4360,11108,-228,-162,125,9836,-9228,8544,-88,130,-194,-14816,4560,3784,-961,117,-93,-14840,-2796,5912,-456,157,-110,3
3896.77747297287,10508,4556,11108,-221,-176,161,10020,-9212,8548,-77,151,-179,-14624,4848,3336,-983,98,-124,-14708,-2588,6240,-476,160,-97,3
3896.8133411407466,10480,4520,11436,-237,-148,136,9892,-9400,8348,-42,136,-192,-14616,4476,3420,-1014,92,-85,-14684,-2696,6312,-460,142,-79,3
3896.849292039871,10500,4596,11256,-251,-100,126,9924,-9308,8512,-40,142,-189,-14824,4416,3576,-992,93,-113,-14484,-2688,6116,-460,106,-110,3
3896.8843519687653,10556,4500,11048,-252,-137,92,10020,-9332,8560,-50,123,-222,-14624,4432,3440,-981,124,-105,-14788,-2384,6260,-503,180,-76,3
3896.9194750785828,10600,4504,11160,-222,-192,167,9904,-9304,8676,-23,117,-217,-14628,4456,3144,-1277,122,-170,-14572,-2728,6188,-512,195,-73,0
3896.9546880722046,10560,4592,11232,-204,-173,143,9996,-9304,8528,-2,154,-189,-14568,4432,3632,-995,93,-56,-14708,-2704,6392,-458,170,-120,0
3896.990564107896,10608,4572,11068,-246,-128,117,9884,-9364,8652,-23,160,-187,-14660,4504,3800,-981,106,-135,-14712,-2652,6304,-449,142,-127,0
3897.025866985321,10484,4488,11120,-241,-127,110,9992,-9372,8508,-52,154,-193,-14704,4360,3472,-999,77,-122,-14624,-2708,6112,-486,156,-122,0
3897.0613551139836,10564,4452,11072,-198,-160,104,9972,-9296,8564,4,115,-195,-14636,4380,3388,-993,113,-158,-14612,-2616,6172,-505,194,-108,0
3897.0977349281306,10620,4440,10784,-167,-135,135,9904,-9288,8592,-33,99,-211,-14380,4496,3388,-1042,113,-146,-14684,-2708,6192,-485,158,-105,0
3897.132894039154,10652,4616,11236,-217,-166,140,9992,-9224,8616,-29,113,-199,-14376,4416,3508,-985,144,-149,-14832,-2764,6204,-480,146,-82,0
3897.1674921512604,10480,4544,11136,-216,-134,128,9992,-9260,8572,-44,124,-203,-14612,4584,3228,-1015,146,-104,-14624,-2712,6304,-460,203,-53,0
3897.2032239437103,10620,4552,11132,-213,-168,150,10108,-9344,8668,0,122,-192,-14584,4412,3256,-1006,108,-100,-14632,-2732,6264,-480,162,-92,0
3897.2391550540924,10568,4616,11132,-228,-151,141,9904,-9224,8520,-39,131,-210,-14836,4488,3364,-976,106,-123,-14356,-2664,6132,-465,176,-113,0
3897.274204015732,10620,4648,11256,-201,-190,127,9864,-9472,8532,-74,135,-219,-14540,4460,3512,-962,88,-76,-14740,-2780,6188,-493,169,-131,0
3897.3106179237366,10676,4172,11108,-169,-76,116,9916,-9216,8488,-23,128,-215,-14580,4452,3464,-769,61,-78,-14684,-2596,6292,-483,161,-140,0
3897.3456270694733,10544,4496,10988,-143,-82,103,9856,-9004,8520,-29,118,-190,-14592,4480,3600,-1043,132,-82,-14652,-2696,6004,-505,120,-119,0
3897.3817889690404,10680,4464,11072,-124,-95,64,9744,-9024,8564,-47,146,-213,-14640,4488,3392,-1031,82,-42,-14744,-2624,6300,-528,150,-147,0
3897.418009996414,10644,4548,11008,-126,-46,102,10012,-9444,8524,-7,152,-172,-14672,4432,3076,-1043,99,-45,-14684,-2592,5888,-469,118,-124,0
3897.4513149261475,10696,4492,11124,-150,40,106,9948,-9448,8280,-28,157,-144,-14532,4480,3496,-1055,113,-89,-14572,-2752,6092,-486,121,-122,0
3897.4849619865413,10644,4504,11000,-159,-9,101,9740,-8972,8212,-29,157,-168,-14644,4300,3432,-1048,117,-84,-14636,-2784,6160,-485,131,-135,0
3897.5185799598694,10572,4484,10824,-142,-12,68,9968,-9300,8408,-28,125,-178,-14612,4512,3440,-1024,46,-62,-14824,-2716,6220,-474,117,-155,0
3897.5519609451294,10632,4508,11120,-156,-27,64,9916,-9420,8464,-40,174,-179,-14560,4464,3376,-979,14,-26,-14684,-2620,6192,-495,122,-147,0
3897.585442066192,10536,4504,10988,-104,19,65,9908,-9236,8312,-61,119,-146,-14484,4508,3472,-970,58,-32,-14592,-2732,6144,-498,68,-160,0
3897.6190869808197,10604,4528,10908,-121,-11,66,9748,-9388,8544,-52,190,-163,-14640,4452,3456,-1018,44,-108,-14604,-2628,6132,-493,112,-145,0
3897.652302026748,10736,4592,11088,-131,-15,88,9916,-9288,8336,-46,128,-168,-14572,4484,3456,-1044,60,237,-14708,-2632,6184,-487,117,-130,0
3897.685825109482,10584,4584,11168,-119,3,86,9856,-9320,8588,-35,135,-150,-14636,4380,3456,-781,65,-39,-14608,-2688,6224,-487,140,-116,0
3897.7190310955043,10288,4360,10756,-134,-41,119,9904,-9232,8488,-93,123,-159,-14560,4456,3496,-988,55,-139,-14596,-2720,6280,-261,170,-117,0
3897.7521579265594,10508,4548,11116,-90,-61,88,10196,-9324,8536,-84,120,-187,-14620,4464,3432,-964,37,-112,-14552,-2708,6156,-495,174,-128,0
3897.785660028457,10544,4584,11088,-114,-67,80,9972,-9264,8528,-95,134,-192,-14428,4552,3632,-907,-4,-80,-14580,-2752,6156,-445,170,-151,0
3897.819214105606,10612,4360,11052,-114,-50,74,9988,-9220,8588,-68,159,-145,-14608,4488,3500,-879,-45,-81,-14712,-2624,6184,-467,149,-139,0
3897.852621078491,10616,4584,10928,-114,17,56,9880,-9308,8452,-85,159,-172,-14552,4568,3404,-854,-63,-96,-14684,-2772,6176,-504,148,-187,0
3897.8859610557556,10632,4568,11060,-134,-13,59,9796,-9240,8352,-73,171,-179,-14528,4468,3464,-925,-27,-77,-14580,-2776,6276,-482,146,-183,0
3897.9197731018066,10500,4532,11076,-145,-12,58,9876,-9268,8536,-75,154,-170,-14520,4488,3500,-917,-35,-69,-14788,-2744,6128,-490,166,-124,0
3897.9532079696655,10560,4520,11232,-146,-48,77,9940,-9348,8568,-80,148,-159,-14356,4552,3400,-965,-19,-50,-14656,-2732,6024,-463,148,-140,0
3897.9867680072784,10240,4376,11204,-162,-39,101,9972,-9420,8500,-62,144,-173,-14444,4408,3572,-973,43,-54,-14816,-2712,6080,-471,134,-117,0
3898.020422935486,10480,4556,10988,-163,-41,105,9904,-9296,8564,-54,138,-167,-14452,4568,3528,-953,56,-81,-14604,-2692,6108,-490,190,-130,0
3898.0539281368256,10512,4532,11096,-148,-73,107,9968,-9300,8504,-62,145,-173,-14380,4548,3464,-969,57,-90,-14736,-2680,6156,-470,166,-110,0
3898.0875740051274,10512,4620,11100,-161,-55,92,9772,-9268,8484,-56,153,-151,-14836,4532,3516,-996,74,-76,-14704,-2748,6132,-495,143,-108,0
3898.1211299896245,10544,4636,11064,-139,-52,89,9960,-9300,8860,-56,138,-201,-14492,4484,3584,-1006,79,-69,-14552,-2660,6248,-497,130,-140,0
3898.1542160511012,10680,4652,11216,-159,-71,69,9968,-9208,8604,-37,128,-195,-14544,4412,3632,-1005,93,-83,-14640,-2708,6248,-475,124,-162,0
3898.1878740787506,10652,4516,11076,-154,-90,78,9940,-9224,8556,-39,140,-172,-14800,4532,3516,-1030,60,-82,-14716,-2656,6224,-486,82,-126,0
3898.221415042877,10528,4588,11040,-200,-81,105,9924,-9332,8536,11,134,-153,-14344,4528,3700,-1038,73,-67,-14636,-2568,6256,-486,105,-127,0
3898.254877090454,10612,4664,11108,-178,-27,106,10212,-9316,8632,-57,130,-155,-14584,4472,3396,-1028,107,-38,-14568,-2712,6184,-488,83,-128,0
3898.2884209156036,10444,4612,11268,-186,-93,88,9936,-9296,8680,-18,137,-211,-14520,4508,3520,-1051,113,-78,-14792,-2772,6168,-511,148,-105,0
3898.3220410346985,10304,4612,11096,-167,-58,119,9952,-9276,8464,10,101,-153,-14512,4468,3496,-1098,109,-72,-14628,-2700,6108,-760,119,-139,0
3898.355598926544,10504,4820,11108,-144,-44,95,9972,-9204,8544,79,143,-156,-14472,4440,3556,-1084,115,-62,-14688,-2728,6276,-485,70,-160,0
3898.389158010482,10548,4676,11220,-196,-24,96,9876,-9372,8540,-254,147,-145,-14804,4512,3344,-1039,191,-59,-14584,-2696,6248,-459,99,-134,0
3898.4224619865413,10572,4372,11068,-209,-17,99,9912,-9428,8568,-32,154,-152,-14500,4584,3576,-1083,188,-100,-14484,-2696,6256,-476,147,-147,0
3898.460451126098,10388,4544,11088,-228,-74,115,9868,-9224,8516,20,152,-176,-14508,4460,3464,-1086,205,-59,-14572,-2672,6208,-467,146,-110,0
3898.4954760074615,10484,4564,11144,-232,-72,120,9968,-9368,8596,14,122,-197,-14500,4484,3780,-1099,173,-127,-14496,-2756,6292,-466,146,-75,0
3898.5312650203705,10504,4612,11232,-248,-101,130,9992,-9368,8260,-5,121,-180,-14592,4572,3476,-1050,167,-113,-14772,-2708,6200,-462,165,-106,0
3898.5662391185765,10240,4668,11256,-245,-71,131,9912,-9344,8340,-19,143,-195,-14632,4816,3336,-1038,157,-132,-14616,-2716,6116,-485,144,-91,0
3898.6018469333653,10528,4568,11064,-211,-102,138,9856,-9256,8588,-46,141,-166,-14368,4448,3456,-1272,122,-58,-14660,-2664,6240,-484,159,-93,0
3898.6380159854893,10268,4356,11012,-1,-135,136,9860,-9356,8644,-58,152,-245,-14848,4560,3520,-986,148,-115,-14608,-2728,6328,-454,142,-105,0
3898.6738159656525,10484,4680,11092,-263,-124,122,9868,-9268,8652,-57,137,-198,-14748,4440,3520,-1001,155,-115,-14348,-2756,6168,-450,159,-76,0
3898.709237098694,10588,4572,11012,-259,-99,125,10064,-9240,8512,-32,153,-223,-14808,4504,3484,-1007,171,-115,-14708,-2744,6164,-446,172,-88,0
3898.7444081306453,10240,4512,11092,-267,-133,149,9752,-9292,8604,-34,143,-204,-14644,4584,3524,-994,142,-127,-14632,-2732,6264,-455,169,-78,0
3898.7803061008453,10584,4504,11032,-245,-128,145,10008,-9316,8512,-25,141,-187,-14544,4512,3584,-1033,143,-93,-14608,-2656,6128,-466,185,-61,0
3898.8160769939423,10536,4560,11128,-505,-139,146,10000,-9320,8516,2,108,-206,-14592,4508,3560,-1044,138,-149,-14840,-2684,6368,-449,185,-80,0
3898.8516891002655,10720,4700,11060,-222,-121,139,9880,-9336,8664,-34,83,-227,-14596,4440,3464,-1000,131,-116,-14556,-2704,6280,-479,123,-94,0
3898.8878121376038,10624,4616,11160,-226,-98,134,10028,-9320,8488,-22,112,-192,-14644,4472,3532,-1024,110,-110,-14676,-2764,6196,-479,160,-100,0
3898.9226269721985,10524,4520,11076,-241,-145,159,9744,-9284,8448,5,153,-193,-14356,4532,3400,-1019,97,-73,-14728,-2812,6320,-467,129,-85,0
3898.957706928253,10484,4616,10936,-232,-120,131,9856,-9264,8596,-61,121,-189,-14540,4604,3564,-1004,140,-104,-14660,-2624,6120,-467,128,-98,0
3898.993365049362,10524,4548,10976,-225,-145,128,9872,-9380,8472,12,106,-225,-14632,4608,3328,-998,134,-109,-14640,-2596,6260,-466,194,-86,0
3899.029255151748,10616,4532,10924,-236,-150,140,9928,-9236,8420,-254,125,-187,-14424,4532,3504,-1022,147,-109,-14768,-2636,6208,-462,143,-99,0
3899.064393043518,10608,4584,11172,-226,-124,143,9996,-9248,8568,14,118,-170,-14520,4404,3564,-1025,105,-115,-14652,-2744,6256,-482,121,-107,0
3899.100654125213,10632,4556,11172,-223,-105,132,9904,-9328,8568,-48,146,-165,-14636,4496,3420,-1001,146,-110,-14596,-2672,6176,-482,148,-77,0
3899.133917093277,10544,4520,10828,-179,-63,130,10224,-9380,8552,-41,108,-198,-14540,4528,3480,-980,148,-73,-14836,-2756,6368,-482,161,-121,0
3899.171931028366,10332,4464,11052,-209,-96,151,9896,-9280,8560,-12,126,-181,-14788,4460,3400,-1035,144,-114,-14628,-2672,6180,-475,165,-91,0
3899.2060580253606,10532,4600,11116,-195,-130,130,9736,-9320,8320,-12,155,-199,-14392,4484,3432,-1024,114,-120,-14724,-2736,6248,-465,177,-105,0
3899.2398960590363,10612,4476,11128,-228,-100,116,9904,-9316,8628,-3,141,-205,-14616,4476,3392,-1018,118,-89,-14624,-2684,5908,-454,160,-95,0
3899.273388147354,10704,4404,11168,-210,-100,114,9864,-9304,8268,-40,112,-189,-14772,4444,3344,-1009,148,-135,-14388,-2736,6240,-489,166,-131,0
3899.3070731163025,10480,4444,10972,-181,-97,96,9932,-9300,8492,-54,112,-178,-14672,4484,3324,-1010,144,-100,-14616,-2732,6128,-505,141,-125,0
3899.340590953827,10328,4432,10824,-158,-86,86,9904,-9336,8528,-32,123,-191,-14628,4440,3468,-1013,108,-72,-14632,-2660,6112,-496,146,-114,0
3899.37423992157,10652,4576,11212,-184,-68,80,9900,-9328,8512,251,156,-194,-14624,4508,3368,-776,134,-88,-14576,-2732,6224,-470,160,-107,0
3899.4076480865483,10720,4624,10880,-167,-38,107,10028,-9260,8220,-33,160,-191,-14632,4360,3560,-1040,80,-105,-14644,-2676,6252,-484,127,-153,0
3899.4413800239563,10628,4612,11044,-166,-49,95,9744,-9288,8676,-20,162,-182,-14700,4540,3524,-1012,97,-71,-14828,-2696,6232,-478,149,-160,0
3899.474890947342,10548,4580,10980,-144,-29,97,9728,-9248,8568,-3,135,-187,-14560,4460,3436,-1268,127,-61,-14664,-2696,6204,-471,117,-151,0
3899.5086209774013,10528,4496,11084,-164,-72,111,10236,-9468,8572,-6,146,-177,-14648,4440,3716,-1279,118,-48,-14704,-2644,6216,-496,124,-141,0
3899.5422599315643,10580,4804,11140,-150,-42,99,9976,-9304,8588,-46,137,-160,-14600,4584,3456,-1033,111,-51,-14652,-2668,6320,-491,118,-133,0
3899.575842142105,10656,4516,11464,-180,-32,90,9988,-9372,8576,-10,135,-138,-14572,4500,3504,-1032,46,-54,-14552,-2724,6312,-762,110,-183,0
3899.6094551086426,10580,4568,11136,-143,-35,93,9880,-9352,8596,250,157,-140,-14632,4424,3464,-772,91,-32,-14580,-2660,6208,-504,104,-145,0
3899.6426179409027,10604,4580,11164,-146,-28,82,9964,-8992,8600,-58,137,-144,-14568,4448,3416,-987,71,-50,-14584,-2700,6332,-506,126,-151,0
3899.6764430999756,10264,4536,11056,-171,-43,87,9844,-9380,8692,-8,122,-172,-14580,4512,3364,-1274,110,-38,-14636,-2612,6148,-472,155,-139,0
3899.709972143173,10352,4508,10984,-146,-43,103,10036,-9284,8432,-11,269,-148,-14472,4444,3340,-1024,132,-56,-14728,-2780,6216,-476,129,-144,0
3899.7436130046844,10580,4464,11188,-170,-23,103,9904,-9284,8412,-22,159,-146,-14608,4492,3428,-1027,66,-51,-14636,-2720,6276,-489,84,-135,0
3899.7771959304814,10680,4544,11208,-161,-48,104,9952,-9400,8604,-55,133,-143,-14612,4476,3488,-965,86,-55,-14632,-2744,6328,-492,89,-111,0
3899.81072306633,10600,4664,11056,-138,-5,112,9980,-9348,8452,-51,135,-159,-14656,4492,3596,-1011,89,-46,-14636,-2756,6204,-495,134,-148,0
3899.844329118728,10524,4516,11156,-149,-74,94,9924,-8992,8488,-23,123,-178,-14560,4468,3456,-1031,109,-69,-14544,-2708,6172,-501,121,-128,0
3899.8780181407933,10560,4812,10888,-168,-31,116,9728,-9392,8572,-29,505,-161,-14496,4428,3356,-795,131,-84,-14552,-2796,6304,-492,138,-144,0
3899.9113030433655,10740,4444,10912,-140,-54,78,9952,-9356,8500,-18,145,-160,-14372,4520,3684,-1048,99,-93,-14784,-2732,6248,-479,140,-151,0
3899.9449319839478,10600,4596,11148,-163,-72,75,9884,-9276,8688,-22,130,-198,-14584,4480,3528,-1021,90,-88,-14716,-2604,6096,-490,151,-133,0
3899.9785120487213,10536,4460,11084,-157,-72,106,9968,-9172,8492,-25,107,-151,-14712,4456,3340,-1016,136,-26,-14572,-2768,6156,-488,147,-123,0
3900.0119199752803,10244,4852,11144,-163,-76,110,9944,-9340,8516,-35,137,-200,-14576,4520,3432,-1028,108,-83,-14568,-2988,5952,-482,129,-149,0
3900.0455090999603,10560,4680,11036,-181,-88,70,9956,-9392,8572,-38,184,-144,-14712,4544,3428,-971,121,-117,-14684,-2720,6248,-457,133,-171,0
3900.0791840553284,10596,4564,11088,-165,-54,74,9956,-9324,8708,-64,155,-192,-14376,4480,3548,-1004,93,-86,-14644,-2728,6172,-494,149,-131,0
3900.1148819923405,10556,4600,11012,-173,-58,93,9916,-9296,8552,-27,109,-173,-14640,4488,3536,-1022,97,-116,-14848,-2812,6348,-503,154,-128,0
3900.1504249572754,10584,4580,11032,-162,-51,122,9868,-9272,8548,-23,89,-207,-14800,4540,3408,-1003,113,-63,-14636,-2548,6100,-502,165,-120,0
3900.1858899593353,10604,4652,11196,-161,-74,106,9912,-9248,8440,-56,120,-163,-14564,4496,3532,-1004,104,-98,-14588,-2720,6236,-480,165,-129,0
3900.221848964691,10600,4628,11008,-158,-61,120,9960,-9320,8496,-60,130,-182,-14560,4528,3552,-1016,130,-78,-14672,-2788,6360,-466,143,-119,0
3900.257404088974,10556,4796,11188,-160,-60,91,9964,-9360,8592,-72,130,-168,-14616,4376,3492,-775,68,-52,-14724,-2768,6168,-526,157,-115,0
3900.2933969497685,10572,4640,11108,-208,-62,119,9856,-9260,8308,-39,187,-158,-14476,4536,3416,-1023,111,-77,-14636,-2704,6216,-476,124,-115,0
3900.3287029266357,10596,4624,10936,-159,-43,115,9944,-9284,8464,-98,120,-167,-14396,4472,3396,-1013,37,-31,-14620,-2804,5912,-485,104,-145,0
3900.3641669750214,10684,4388,11108,-161,-68,89,9920,-9244,8232,-33,139,-188,-14832,4544,3092,-1001,91,-81,-14632,-2696,6148,-469,167,-111,0
3900.3994131088252,10588,4568,11080,-159,-42,91,9848,-9280,8616,-23,137,-169,-14596,4532,3388,-1067,96,-32,-14668,-2784,6104,-482,160,-113,0
3900.434509038925,10604,4548,11100,-166,-37,118,10016,-9060,8336,-34,124,-176,-14600,4568,3588,-1023,73,-60,-14712,-2764,6228,-494,155,-121,0
3900.4707360267644,10460,4576,10968,-201,-45,104,10032,-9312,8480,-49,147,-198,-14572,4540,3464,-949,81,-52,-14680,-2676,6272,-491,127,-96,0
3900.5059540271764,10280,4600,11148,-181,-49,90,10016,-9304,8524,-50,150,-157,-14840,4452,3508,-987,99,-115,-14592,-2784,6248,-482,162,-94,0
3900.541356086731,10580,4584,11228,-192,-69,95,9912,-9400,8508,-6,179,-172,-14612,4552,3624,-1117,79,-103,-14620,-2768,6264,-427,199,-106,0
3900.5777721405034,10452,4388,11012,-203,-48,106,9904,-9384,8280,3,151,-198,-14544,4544,3424,-986,52,-64,-14584,-2684,6284,-469,197,-111,0
3900.6126821041107,10376,4652,11040,-210,-33,99,9888,-9300,8592,39,152,-181,-14568,4456,3608,-975,74,-122,-14808,-2764,6328,-439,178,-96,0
3900.6486370563507,10596,4792,11100,-238,-52,102,10068,-9284,8192,-20,150,-186,-14648,4500,3568,-949,80,-118,-14616,-2692,6032,-421,233,-70,0
3900.6840319633484,10592,4688,11080,-220,-106,106,9900,-9280,8608,-47,162,-198,-14580,4472,3792,-985,49,-144,-14664,-2748,6392,-352,5,-48,0
3900.719835996628,10496,4660,11008,-266,-76,103,9888,-9348,8652,-66,156,-179,-14592,4452,3372,-950,77,-80,-14836,-2696,6276,-389,174,-96,0
3900.7550439834595,10744,4632,11220,-253,-74,111,9912,-9320,8564,-68,156,-220,-14564,4576,3500,-944,58,-94,-14584,-2736,6108,-426,169,-79,0
3900.7907271385193,10544,4544,11008,-248,-100,91,9884,-9316,8544,-87,123,-205,-14664,4552,3388,-943,46,-104,-14688,-2660,6304,-443,183,-67,0
3900.8240070343013,10516,4528,11116,-215,-138,152,9920,-9288,8644,-75,128,-201,-14688,4520,3528,-940,52,-139,-14664,-2716,6116,-446,181,-62,0
3900.85777592659,10564,4584,11024,-249,-121,140,9984,-9340,8280,-111,135,-220,-14544,4424,3376,-845,13,-124,-14688,-2664,6184,-479,236,-76,0
3900.891144990921,10584,4568,11124,-247,-101,126,9988,-9296,8400,-117,91,-195,-14368,4588,3588,-856,40,-97,-14576,-2704,6120,-448,175,-78,0
3900.9247019290924,10544,4608,11012,-203,-82,154,9732,-9236,8512,-89,100,-192,-14612,4540,3428,-1005,-64,-99,-14616,-2652,6128,-467,176,-83,0
3900.9581251144414,10572,4564,11156,-237,-93,126,9916,-9416,8544,-85,93,-199,-14612,4564,3352,-769,36,-115,-14736,-2744,6264,-431,208,-98,0
3900.991861104965,10548,4628,11068,-233,-89,138,9748,-9360,8620,-172,145,-176,-14668,4556,3552,-549,7,-119,-14696,-2656,5896,-552,150,-98,0
3901.0255079269414,10732,4488,11080,-180,-137,122,10024,-9404,8512,-151,132,-189,-14624,4516,3580,-727,4,-109,-14352,-2620,6152,-501,193,-97,0
3901.0590369701385,10320,4612,11048,-209,-130,103,9956,-9296,8420,-73,153,-199,-14544,4364,3460,-872,84,-87,-14684,-2648,6148,-487,177,-119,0
3901.0926849842076,10532,4520,11096,-217,-98,121,9884,-9328,8552,-138,138,-227,-14600,4552,3408,-682,116,-142,-14600,-2728,6240,-503,186,-100,0
3901.1263530254364,10520,4568,11112,-233,-121,114,9896,-9400,8480,-64,155,-197,-14544,4548,3444,-760,166,-143,-14780,-2564,6248,-504,142,-75,0
3901.1597690582275,10468,4532,11132,-204,-83,150,10068,-9288,8312,-37,98,-173,-14548,4564,3436,-959,136,-155,-14484,-2652,5924,-522,124,-107,0
3901.193506002426,10592,4420,11124,-210,-105,139,9924,-9344,8464,-44,119,-157,-14836,4384,3392,-1009,111,-46,-14620,-2652,6076,-479,127,-114,0
3901.2271530628204,10528,4576,11204,-234,-98,150,9904,-9304,8512,-33,124,-177,-14556,4492,3504,-930,97,-60,-14696,-2652,6256,-483,123,-114,0
3901.2606630325317,10592,4792,11152,-184,-113,124,9796,-9368,8596,-90,118,-156,-14532,4472,3616,-852,52,-90,-14704,-2732,6108,-549,194,-122,0
3901.2943460941315,10616,4516,11084,-183,-134,119,10032,-9376,8564,-120,116,-210,-14520,4412,3408,-854,61,-152,-14544,-2716,6220,-527,217,-102,0
3901.327614068985,10676,4520,11116,-168,-66,119,9744,-9288,8428,-128,147,-188,-14664,4440,3492,-931,-251,-115,-14640,-2752,6136,-501,179,-117,0
3901.3605840206146,10572,4536,10876,-195,-133,133,9900,-9424,8420,-89,169,-206,-14484,4592,3440,-965,2,-114,-14648,-2768,6252,-462,187,-115,0
3901.3940110206604,10640,4616,11040,-216,-87,106,9840,-9300,8612,-72,142,-216,-14544,4624,3432,-1007,81,-101,-14580,-2668,6224,-452,210,-91,0
3901.4275350570683,10588,4584,11164,-194,-106,137,9756,-9316,8452,-13,129,-200,-14556,4472,3400,-1094,70,-88,-14604,-2688,6108,-464,142,-99,0
3901.4613399505615,10576,4516,11004,-166,-117,119,9868,-9288,8508,-36,127,-179,-14448,4372,3428,-1082,73,-66,-14616,-2688,6112,-767,133,-135,0
3901.4949131011963,10632,4544,10844,-171,-110,95,9844,-9344,8496,-29,150,-190,-14504,4480,3372,-1081,76,-77,-14672,-2728,5920,-501,121,-149,0
3901.528442144394,10680,4536,10968,-159,-113,79,10024,-9360,8264,-18,156,-180,-14520,4516,3516,-1165,99,-55,-14824,-2688,5904,-454,108,-126,0
3901.5617821216583,10600,4532,11112,-176,-89,96,9928,-9420,8516,22,167,-182,-14580,4572,3396,-1152,87,-103,-14692,-2588,6168,-477,97,-173,0
3901.5954949855804,10596,4576,11176,-142,-63,78,9856,-9444,8380,251,140,-197,-14548,4508,3404,-1125,67,-67,-14620,-2732,5988,-527,100,-156,0
3901.629259109497,10672,4528,11004,-137,-70,81,9868,-9296,8492,-15,182,-176,-14368,4516,3480,-1121,109,-59,-14676,-2588,6104,-487,101,-152,0
3901.6626141071324,10664,4532,10960,-159,-7,82,10200,-9328,8468,252,144,-156,-14348,4432,3560,-1109,146,-61,-14836,-2752,6260,-517,101,-163,0
3901.696412086487,10636,4628,11008,-150,-23,93,10032,-9320,8568,-39,128,-150,-14616,4600,3504,-1077,110,-30,-14664,-2708,6224,-547,79,-147,0
3901.7297849655147,10264,4532,11156,-145,-7,49,9908,-9376,8516,-25,134,-176,-14624,4552,3496,-1081,78,-66,-14432,-2684,6384,-505,79,-175,0
3901.7629699707036,10592,4608,11120,-154,-39,71,9892,-9292,8540,13,180,-167,-14440,4492,3516,-1079,89,-55,-14696,-2668,6084,-463,90,-166,0
3901.7996461391454,10632,4604,10816,-136,-54,77,9896,-9300,8500,-48,145,-181,-14528,4452,3536,-1067,21,-38,-14672,-2684,6128,-503,114,-143,0
3901.8345279693604,10544,4568,11260,-142,-51,68,9724,-9328,8584,-246,100,-223,-14472,4472,3420,-1031,55,-75,-14604,-2664,6128,-497,114,-131,0
3901.870469093322,10284,4524,11104,-78,31,91,10188,-9324,8580,5,105,-192,-14580,4548,3556,-1075,105,-49,-14352,-2772,6284,-475,121,-125,0
3901.905590057373,10596,4640,11052,-120,36,65,9908,-9352,8424,-24,160,-139,-14556,4452,3556,-1273,44,-45,-14636,-2708,6172,-550,91,-145,0
3901.9413290023804,10560,4556,11072,-107,68,44,9852,-9324,8452,-41,157,-135,-14584,4416,3404,-1036,112,-23,-14608,-2740,6304,-539,91,-157,0
3901.977761030197,10712,4648,11104,-87,42,58,9976,-9368,8568,-15,118,-170,-14560,4420,3404,-1076,86,-83,-14552,-2740,6136,-500,143,-157,0
3902.012732028961,10612,4688,11220,-120,19,94,9872,-9256,8476,-254,118,-173,-14464,4504,3744,-1062,104,-62,-14616,-2748,6152,-506,159,-132,0
3902.0486040115356,10552,4612,11196,-127,-8,89,10236,-9412,8484,6,74,-173,-14500,4440,3836,-1094,178,-80,-14840,-2752,6288,-500,131,-123,0
3902.083990097046,10532,4680,11236,-159,-256,95,9896,-9236,8556,9,90,-164,-14520,4600,3348,-1090,163,-88,-14648,-2788,6192,-481,148,-106,0
3902.1197080612183,10264,4688,11256,-138,-47,97,9880,-9412,8412,25,141,-182,-14608,4596,3404,-1037,175,-75,-14812,-2752,6044,-491,160,-133,0
3902.155097961426,10588,4580,11152,-151,-45,116,9860,-9300,8520,-255,104,-163,-14808,4524,3608,-1089,151,-91,-14608,-2772,6100,-510,152,-130,0
3902.19040608406,10452,4596,10768,-181,-56,111,9916,-9300,8520,-50,149,-169,-14484,4552,3528,-996,108,-73,-14628,-2744,6184,-524,190,-153,0
3902.2255759239197,10488,4580,11128,-148,-21,84,9952,-9336,8488,-52,126,-179,-14608,4568,3676,-956,120,-95,-14732,-2708,6336,-536,132,-125,0
3902.261913061142,10536,4628,11088,-141,-58,87,9976,-9368,8532,-46,118,-188,-14540,4508,3692,-1003,124,-87,-14572,-2688,6148,-526,138,-107,0
3902.2974939346313,10292,4644,11024,-138,-27,99,9976,-9360,8200,-38,114,-176,-14560,4456,3484,-996,93,-63,-14552,-2756,6168,-536,168,-125,0
3902.3333740234375,10620,4592,11032,-129,-53,98,9736,-9268,8464,-254,127,-167,-14580,4568,3688,-968,110,-42,-14544,-2696,6316,-533,139,-120,0
3902.368268966674,10456,4604,11100,-144,-44,96,9968,-9312,8608,-20,97,-163,-14432,4492,3460,-990,84,-92,-14600,-2780,6268,-502,141,-143,0
3902.40452003479,10560,4692,11052,-159,-42,86,9944,-9296,8260,-45,132,-175,-14596,4560,3504,-980,93,-87,-14604,-2728,6224,-498,143,-112,0
3902.4412820339203,10548,4860,11488,-156,-109,122,9852,-9696,8628,-66,94,-163,-14356,4576,3460,-999,78,-36,-14344,-2756,6248,-517,154,-110,0
3902.4748079776764,10572,4412,11320,-188,-108,91,9916,-9380,8232,-56,118,-170,-14552,4764,3788,-1034,94,-86,-14560,-2832,6224,-504,126,-102,0
3902.5085880756374,10516,4660,10972,-200,-47,99,9980,-9352,8572,-40,127,-150,-14556,4752,3712,-1024,98,-52,-14572,-2728,6252,-497,112,-116,0
3902.5420010089874,10452,4552,11172,-171,-64,87,9920,-9304,8556,-62,136,-185,-14596,4476,3592,-988,86,-56,-14644,-2728,6340,-521,147,-120,0
3902.5755200386043,10388,4640,11096,-166,-66,92,9896,-9276,8396,-33,127,-179,-14596,4480,3468,-1005,89,-52,-14364,-3012,6228,-512,117,-119,0
3902.6091430187225,10560,4712,10908,-137,-50,111,10232,-9400,8456,-65,123,-157,-14788,4548,3460,-999,68,-62,-14676,-2768,6156,-502,93,-132,0
3902.642482995987,10520,4560,11000,-171,-255,69,10028,-9380,8488,-68,139,-141,-14344,4548,3668,-996,46,-76,-14608,-2752,6372,-494,92,-143,0
3902.676049947738,10460,4544,11008,-204,-39,87,9912,-9316,8436,-87,150,-161,-14672,4480,3348,-1030,97,-86,-14560,-2728,6124,-489,113,-106,0
3902.709806919098,10556,4832,11164,-162,-27,114,9888,-9296,8616,-54,146,-154,-14516,4512,3476,-1086,115,-69,-14564,-2760,6216,-468,134,-90,0
3902.743380069732,10508,4376,11052,-216,-249,110,9880,-9380,8476,-25,116,-167,-14516,4580,3544,-1035,91,-44,-14556,-2732,6328,-439,147,-116,0
3902.7769351005554,10260,4712,11120,-217,-33,104,9884,-9420,8436,-19,132,-197,-14600,4512,3608,-1278,49,-64,-14588,-3056,6248,-433,149,-109,0
3902.8104500770573,10420,4692,11184,-213,-21,123,9868,-9412,8584,-29,150,-199,-14576,4628,3432,-987,73,-115,-14652,-2640,6188,-446,117,-98,0
3902.8438720703125,10716,4680,11236,-226,-11,111,9876,-9344,8528,-15,157,-193,-14536,4588,3520,-1024,80,-114,-14644,-2824,6132,-397,140,-82,0
3902.877571105957,10456,4716,11024,-230,-59,128,9816,-9392,8396,-42,160,-183,-14820,4484,3552,-988,65,-74,-14348,-2748,6240,-429,165,-77,0
3902.910880088806,10436,4668,11100,-277,-98,123,9872,-9332,8532,-71,132,-211,-14492,4488,3428,-964,73,-80,-14836,-2780,6240,-420,179,-81,0
3902.944384098053,10436,4604,11136,-266,-74,118,9856,-9308,8440,-73,137,-199,-14620,4496,3348,-929,77,-97,-14568,-2688,6224,-427,157,-86,0
3902.9778969287872,10552,4648,11212,-282,-91,131,9904,-9396,8208,-68,115,-190,-14552,4352,3560,-944,111,-128,-14512,-2716,6108,-432,148,-63,0
3903.0116231441493,10556,4632,11192,-245,-85,141,9920,-9360,8512,-47,89,-221,-14556,4616,3480,-979,120,-128,-14684,-2740,6232,-451,196,-31,0
3903.044970035553,10600,4656,11180,-259,-97,124,9920,-9400,8532,-52,121,-233,-14560,4524,3620,-988,127,-86,-14840,-2656,6172,-431,181,-52,0
3903.0786371231084,10432,4692,11084,-262,-103,145,9976,-9372,8580,-65,125,-213,-14608,4508,3428,-1018,127,-115,-14528,-2712,6144,-450,162,-96,0
3903.112141132354,10576,4560,11100,-225,-112,137,9980,-9344,8688,-28,121,-215,-14648,4572,3472,-1054,133,-147,-14620,-2736,6160,-449,175,-60,0
3903.1456151008606,10572,4640,11096,-230,-118,143,10000,-9400,8476,-37,93,-206,-14556,4460,3532,-1023,123,-144,-14672,-2780,6208,-450,178,-76,0
3903.1791961193085,10480,4776,10956,-269,-117,137,9964,-9352,8580,-22,118,-196,-14368,4784,3356,-1005,156,-88,-14720,-2700,6152,-439,155,-74,0
3903.21293592453,10312,4812,10768,-263,-106,139,9804,-9256,8500,-53,114,-211,-14580,4572,3704,-1018,113,-101,-14564,-2724,6172,-458,150,-123,0
3903.246468067169,10512,4604,10988,-507,-116,144,9992,-9396,8464,255,127,-193,-14568,4632,3468,-1037,91,-117,-14404,-2732,6332,-466,145,-84,0
3903.2800829410553,10504,4660,10900,-213,-113,113,10016,-9388,8520,254,159,-179,-14552,4452,3428,-997,114,-112,-14612,-2672,6176,-466,142,-121,0
3903.3136439323425,10572,4656,11152,-226,-138,102,9752,-9408,8464,-28,146,-213,-14600,4504,3572,-991,137,-136,-14648,-2556,6184,-457,180,-89,0
3903.3471081256866,10564,4484,10956,-244,-88,164,9936,-9396,8672,18,113,-191,-14564,4584,3472,-1053,120,-140,-14608,-2716,6248,-443,179,-89,0
3903.3806600570683,10540,4640,11052,-240,-110,140,9920,-9388,8588,40,137,-154,-14636,4536,3344,-1046,82,-75,-14668,-2744,6312,-480,129,-110,0
3903.4141211509705,10604,4676,11032,-224,-97,116,9796,-9388,8496,-18,151,-153,-14836,4500,3516,-999,116,-72,-14724,-2736,6128,-459,96,-111,0
3903.4475390911102,10564,4604,11108,-238,-99,132,9972,-9300,8524,-16,106,-177,-14536,4564,3528,-1021,146,-134,-14520,-2616,6056,-474,135,-116,0
3903.4843931198125,10524,4636,11044,-225,-174,130,9952,-9360,8608,-23,144,-217,-14512,4436,3444,-1034,136,-96,-14568,-2696,6236,-498,189,-103,0
3903.5200650691986,10700,4544,11092,-212,-108,133,9936,-9400,8376,0,110,-187,-14620,4508,3460,-1049,137,-143,-14384,-2728,6268,-493,162,-112,0
3903.5550930500026,10472,4512,10996,-233,-170,117,9988,-9296,8644,25,137,-214,-14580,4540,3584,-1030,139,-93,-14580,-2620,6232,-460,188,-152,0
3903.5907340049744,10272,4596,11076,-229,-129,132,9936,-9368,8516,-2,128,-221,-14572,4520,3388,-1053,159,-142,-14628,-2672,6176,-491,188,-89,0
3903.626219034195,10736,4536,11080,-174,-140,106,10016,-9200,8468,23,121,-213,-14680,4472,3552,-1027,149,-104,-14844,-2628,6348,-482,158,-123,0
3903.6619589328766,10584,4540,11140,-164,-98,126,9940,-9308,8516,-20,141,-198,-14532,4364,3436,-1052,141,-100,-14648,-2616,6132,-499,144,-131,0
3903.6977851390843,10712,4588,10960,-159,-110,119,10056,-9272,8652,-250,139,-188,-14560,4472,3468,-1029,148,-46,-14804,-2708,6220,-462,113,-130,0
3903.7327089309692,10632,4416,11124,-163,-118,102,10220,-9420,8524,14,146,-178,-14664,4552,3488,-1089,109,-106,-14776,-2596,6224,-515,133,-177,0
3903.767642021179,10532,4568,11024,-153,-113,92,9948,-9360,8528,73,144,-162,-14568,4124,3412,-1067,169,-80,-14576,-2932,5972,-467,131,-153,0
3903.803930044174,10696,4644,10768,-154,-87,70,9760,-9240,8476,33,158,-195,-14612,4452,3496,-1098,183,-46,-14644,-2676,6388,-485,134,-145,0
3903.8397669792175,10600,4516,11056,-177,-122,87,9908,-9400,8484,73,161,-173,-14564,4596,3448,-1115,247,-108,-14780,-2656,6292,-438,103,-126,0
3903.875020980835,10616,4636,11008,-179,-58,156,9932,-9280,8696,70,143,-145,-14556,4408,3388,-1180,293,-16,-14680,-2720,6168,-396,59,-126,0
3903.9104421138763,10608,4856,10992,-215,-31,127,10212,-9320,8508,45,132,-130,-14540,4456,3348,-1142,282,-31,-14640,-2736,6184,-431,105,-95,0
3903.9454491138454,10276,4516,11180,-187,-55,126,9888,-9408,8540,9,142,-146,-14604,4632,3732,-1077,210,-49,-14604,-2712,6188,-472,116,-133,0
3903.9813570976253,10616,4808,11460,-173,-80,75,9924,-9340,8588,-254,154,-170,-14672,4384,3516,-1091,142,-71,-14672,-2624,6260,-493,130,-145,0
3904.0176301002502,10508,4564,11240,-143,-72,82,9916,-9388,8580,-18,126,-183,-14840,4464,3520,-1080,157,-74,-14676,-2736,6240,-521,126,-117,0
3904.053081035614,10640,4440,11084,-121,-52,93,9816,-9276,8572,250,154,-170,-14652,4488,3464,-775,156,-62,-14596,-2484,6012,-506,127,-131,0
3904.088705062866,10684,4556,11104,-172,-56,94,9876,-9336,8528,-24,109,-188,-14360,4536,3532,-1026,84,-80,-14812,-2636,6356,-500,114,-163,0
3904.1253089904785,10528,4568,11232,-133,-33,85,10168,-9332,8320,-14,132,-196,-14640,4436,3520,-1038,64,-22,-14684,-2656,5896,-497,117,-169,0
3904.1585710048676,10696,4848,11056,-128,-25,89,9744,-9384,8260,-25,146,-142,-14620,4540,3612,-1013,102,-61,-14380,-2608,6128,-523,94,-146,0
3904.1945400238037,10528,4832,11064,-112,-9,77,9936,-9280,8372,-30,116,-188,-14684,4436,3468,-1009,91,-63,-14680,-2740,6300,-471,122,-156,0
3904.2286310195923,10548,4628,11024,-142,-84,75,10012,-9124,8396,-18,159,-193,-14508,4536,3704,-1011,71,-64,-14628,-2636,6164,-497,153,-161,0
3904.26225399971,10568,4616,11180,-135,-59,69,9888,-9304,8552,-16,170,-199,-14552,4464,3384,-996,76,-38,-14628,-2760,6228,-495,137,-154,0
3904.2956490516663,10512,4604,11076,-142,-54,62,10196,-9296,8492,3,148,-187,-14356,4496,3532,-1280,112,-56,-14620,-2664,6104,-464,132,-137,0
3904.329245090484,10520,4576,11152,-143,-59,85,9900,-9368,8652,-2,111,-172,-14672,4492,3508,-1058,136,-46,-14616,-2696,6304,-481,164,-158,0
3904.3646349906926,10532,4628,10900,-149,-59,120,9948,-9308,8328,-18,103,-153,-14556,4616,3440,-1056,101,-46,-14848,-2736,5916,-467,125,-140,0
3904.3980090618134,10532,4664,11144,-156,-44,129,9868,-9468,8556,-23,100,-172,-14580,4508,3620,-1016,103,-56,-14532,-2744,6236,-262,124,-109,0
3904.4316239356995,10556,4712,11048,-128,-56,105,9956,-9260,8544,-37,127,-147,-14488,4420,3400,-1006,126,-51,-14356,-2708,6152,-767,142,-128,0
3904.465183019638,10540,4616,11128,-162,-45,120,9900,-9300,8536,-26,136,-168,-14572,4472,3200,-1012,135,-69,-14812,-2804,6272,-492,129,-123,0
3904.4986100196843,10628,4632,11028,-151,-72,103,9916,-9300,8456,-35,108,-186,-14584,4464,3464,-1011,110,-78,-14612,-2704,6260,-475,146,-108,0
3904.5323419570923,10696,4652,11092,-162,-63,82,9944,-9320,8536,-69,142,-188,-14568,4536,3556,-1045,70,-54,-14636,-2720,6256,-511,145,-134,0
3904.5658149719234,10308,4776,11056,-154,-70,104,9928,-9328,8508,-42,152,-159,-14644,4476,3492,-996,98,-82,-14368,-2676,5976,-510,150,-129,0
3904.5994329452515,10532,4672,11092,-136,-54,106,10228,-9348,8576,-39,116,-162,-14524,4488,3656,-1012,81,-77,-14372,-2724,6276,-509,150,-136,0
3904.6328780651093,10264,4668,11260,-175,-78,98,9916,-9288,8488,-22,157,-177,-14524,4456,3368,-1006,108,-102,-14568,-2760,6312,-458,164,-106,0
3904.6663999557495,10568,4656,10960,-165,-48,97,9924,-9264,8872,-58,143,-174,-14624,4416,3444,-989,65,-55,-14616,-2764,6216,-489,152,-178,0
3904.6999061107635,10576,4544,11096,-189,-25,79,9992,-9372,8652,-19,147,-172,-14624,4544,3384,-1026,61,-76,-14620,-2784,6272,-491,121,-128,0
3904.7336010932922,10456,4668,10984,-190,-48,126,9864,-9316,8540,-43,147,-133,-14636,4372,3732,-1267,99,-71,-14588,-2832,6160,-430,119,-79,0
3904.767327070236,10460,4644,11068,-203,-16,84,9968,-9220,8620,-70,160,-186,-14628,4396,3536,-987,57,-62,-14624,-2732,6232,-453,155,-112,0
3904.8010280132294,10516,4660,10820,-228,-22,83,9844,-9348,8676,-29,155,-200,-14540,4544,3572,-1000,68,-97,-14596,-2976,5948,-472,178,-117,0
3904.8345239162445,10560,4748,11004,-225,-44,131,9884,-9316,8548,-30,121,-172,-14672,4488,3544,-1007,30,-87,-14556,-2656,6312,-490,141,-85,0
3904.8681869506836,10744,4620,11040,-233,-66,98,9972,-9272,8588,-86,147,-170,-14540,4560,3508,-929,66,-35,-14832,-2764,6136,-464,109,-90,0
3904.9015309810643,10604,4368,11212,-259,-53,90,9944,-9324,8380,-72,155,-203,-14636,4572,3552,-910,65,-116,-14384,-2776,6152,-437,132,-84,0
3904.9349019527435,10436,4648,11096,-265,-62,106,9832,-9388,8540,-60,160,-195,-14400,4544,3580,-949,53,-105,-14596,-2740,6232,-481,189,-81,0
3904.9684591293335,10696,4640,11396,-274,-69,139,9928,-9284,8692,-29,140,-199,-14448,4544,3500,-974,93,-103,-14620,-2632,6204,-496,209,-62,0
3905.0021290779114,10396,4620,11084,-246,-72,121,9944,-9272,8488,-68,95,-210,-14620,4476,3492,-930,116,-134,-14652,-2784,6196,-456,177,-47,0
3905.0357201099396,10436,4572,11028,-283,-96,130,10012,-9308,8572,-32,123,-231,-14812,4796,3516,-951,131,-98,-14340,-2740,6168,-444,197,-52,0
3905.069479942322,10420,4640,11220,-256,-108,136,9932,-9416,8400,-42,128,-207,-14828,4492,3492,-975,133,-97,-14708,-2720,6328,-458,218,-87,0
3905.1029980182643,10584,4472,11044,-260,-103,156,9960,-9272,8504,-17,144,-191,-14652,4560,3488,-966,93,-137,-14492,-2696,6184,-470,197,-66,0
3905.136032104492,10572,4652,11056,-249,-112,163,10104,-9304,8676,-51,145,-206,-14788,4436,3404,-1009,91,-120,-14596,-2812,6196,-465,178,-85,0
3905.1733980178833,10608,4560,10936,-273,-136,117,9952,-9320,8388,-57,167,-226,-14584,4536,3456,-1000,114,-107,-14704,-2692,6272,-466,200,-77,0
3905.2092590332027,10540,4548,11100,-249,-129,126,9812,-9312,8496,-49,-246,-236,-14612,4596,3520,-985,88,-151,-14448,-2644,6228,-492,167,-85,0
3905.2449440956116,10592,4624,11076,-250,-142,140,10044,-9328,8468,-34,126,-214,-14504,4632,3408,-995,89,-131,-14848,-2672,6288,-469,161,-68,0
3905.2808580398564,10552,4580,11232,-225,-147,142,9956,-9180,8636,-25,130,-215,-14516,4476,3472,-984,125,-114,-14532,-2604,6304,-488,153,-98,0
3905.3160560131073,10444,4624,11180,-218,-133,166,9944,-9292,8572,-32,124,-199,-14528,4512,3536,-1022,131,-167,-14828,-2708,6292,-472,164,-59,0
3905.3519001007085,10588,4540,11248,-225,-125,158,9748,-9240,8700,-25,143,-162,-14600,4568,3576,-976,177,-101,-14624,-2668,6140,-468,137,-90,0
3905.3877279758453,10464,4480,10940,-224,-137,153,9920,-9372,8604,5,120,-206,-14612,4528,3508,-1015,121,-102,-14576,-2676,6248,-488,141,-89,0
3905.4229171276093,10552,4464,11064,-254,-132,138,9976,-9380,8572,23,116,-196,-14512,4472,3484,-773,154,-121,-14740,-2680,5948,-465,129,-102,0
3905.458667039871,10628,4608,11028,-232,-121,123,9892,-9292,8440,-22,123,-193,-14396,4508,3436,-771,154,-127,-14616,-2716,6184,-450,162,-101,0
3905.493691921234,10512,4556,11236,-219,-161,122,10104,-9288,8520,-256,155,-206,-14536,4512,3408,-1017,144,-118,-14828,-2656,6360,-447,157,-110,0
3905.5296490192413,10532,4604,11016,-296,-147,148,9924,-9256,8392,81,99,-190,-13916,4428,3308,-980,159,156,-14628,-2696,6412,-447,16,133,0
3905.5647830963135,10480,4348,11172,-471,-195,137,10052,-9488,7536,-964,-497,-325,-14976,4844,2984,-271,502,-114,-14644,-2420,6240,-427,165,-106,0
3905.6006369590764,10796,4168,11016,-187,-390,88,10260,-9896,8988,428,372,-227,-15176,4780,3600,-1269,62,-297,-14980,-2792,6388,-593,401,-271,0
3905.636160135269,10908,4572,10992,67,39,67,10252,-9128,8660,540,478,-8,-15104,4340,3596,-1373,71,-309,-14988,-2856,6244,-620,167,-321,0
3905.671849966049,10740,4892,10860,252,191,15,9672,-8608,8688,223,489,-69,-14012,3996,3324,-979,-99,166,-14356,-3000,6116,-438,-62,-94,0
3905.707489967346,10088,4856,11236,-313,11,8,9800,-9136,8360,-393,44,-383,-14340,4256,3420,-708,216,-113,-14388,-2308,5932,-309,217,-132,0
3905.7434070110326,10588,4396,10908,-192,-311,21,10080,-9608,8704,208,534,-510,-15524,4708,3748,-1004,40,-310,-15212,-2760,6216,-533,199,-160,0
3905.7792680263524,10728,4360,10868,-238,0,35,10108,-9884,8412,-346,-518,-163,-14856,4876,2460,-176,353,-75,-14884,-2660,6404,-459,105,-108,0
3905.8155329227443,11000,4128,11260,-129,-176,143,9920,-9312,8772,157,103,-108,-14436,4392,4200,-1035,88,6,-14348,-2428,6096,-436,156,-52,0
3905.849058151245,10680,4584,10980,-129,138,218,9904,-9140,8208,22,137,54,-14480,4284,3564,-1243,211,82,-14480,-2688,6316,-523,-88,-79,0
3905.8824870586395,10384,4536,11052,-156,106,135,9816,-9296,8708,101,185,-26,-14460,4748,3500,-1092,97,33,-14728,-2744,6144,-554,44,-95,0
3905.915805101394,10412,4352,11220,-202,44,192,9812,-9204,8304,-158,58,-80,-14476,4464,3588,-1042,164,29,-14496,-2708,6316,-459,30,-30,0
3905.9493079185486,10724,4484,11392,-112,-63,161,9980,-9444,8608,-178,37,-181,-14600,4444,3536,-1045,165,-83,-14464,-2708,6080,-453,226,-107,0
3905.982609987259,10540,4548,11196,-79,-211,128,10440,-9284,8676,119,320,-186,-14624,4348,3544,-860,191,-132,-14792,-2780,6196,-538,219,-61,0
3906.0161459445953,10364,4768,10912,-234,-81,55,10224,-9244,8308,-482,-178,-323,-14600,4668,2584,-539,215,-176,-14736,-2632,6276,-424,175,-108,0
3906.0495769977574,10840,4464,10888,-204,-200,109,10120,-9472,8696,-137,-7,-171,-14732,4416,3604,-1142,199,-49,-14780,-2308,5728,-420,135,-137,0
3906.0830991268163,10512,4544,10876,-198,80,136,10064,-9272,8240,91,172,-28,-14744,4476,3600,-1535,130,26,-14688,-2704,6384,-525,-27,-178,0
3906.1168310642242,10580,4476,11144,-183,199,104,10000,-9308,8660,105,117,250,-14508,4596,3556,-1102,59,112,-14596,-2748,6144,-516,-31,-114,0
3906.1498520374294,10296,4712,11388,-246,69,106,9832,-9344,8228,-241,5,-50,-14504,4360,3340,-762,75,-3,-14400,-2536,6372,-470,47,-126,0
3906.183361053466,10476,4348,11020,-211,-163,54,10024,-9700,8648,-186,181,-285,-14696,4508,3288,-897,102,-14,-14668,-2352,6396,-470,243,-246,0
3906.216963052749,10656,4396,11020,-78,-168,80,9940,-9136,8616,129,347,-118,-14644,4596,3520,-1266,-255,-136,-14680,-2808,6176,-567,219,-201,0
3906.2503530979156,10564,4840,10864,-37,98,99,9828,-9156,8708,143,128,-76,-14496,4320,3476,-1137,103,-250,-14576,-2952,6288,-572,21,-135,0
3906.2838730812073,10700,4776,11064,-170,113,82,9784,-9192,8488,-103,-47,-146,-14368,4536,3260,-1007,141,68,-14480,-2684,6160,-426,32,-38,0
3906.31755900383,10400,4552,11068,-284,-16,132,9892,-9444,8628,-172,127,-127,-14644,4828,3672,-1021,119,-50,-14548,-2684,6192,-466,116,-87,0
3906.3509039878845,10580,4428,11080,-185,-98,157,9836,-9456,8636,43,209,-131,-14616,4568,3464,-1064,115,-106,-14652,-2736,6284,-546,159,-126,0
3906.384271144867,10276,4460,11460,-38,-91,120,9912,-9344,8424,-23,103,-210,-14520,4448,3516,-999,123,-63,-14572,-2648,6320,-529,183,-110,0
3906.4176621437073,10588,4376,11080,-74,-110,108,9880,-9048,8588,-75,26,-248,-14388,4440,3436,-1006,198,-93,-14720,-2692,6228,-462,162,-80,0
3906.451164007187,10600,4596,10760,-192,-66,95,10040,-9368,8600,-39,122,-162,-14604,4556,3420,-1057,134,-68,-14644,-2620,5972,-452,129,-127,0
3906.4848399162292,10572,4556,11056,-200,-23,104,9876,-9284,8508,4,185,-128,-14788,4844,3752,-1066,106,-57,-14632,-2736,6248,-467,116,-149,0
3906.518409013748,10540,4584,11152,-174,19,93,9952,-9340,8648,-253,160,-158,-14572,4464,3424,-1033,129,-42,-14576,-2972,6160,-490,116,-125,0
3906.5517489910126,10252,4504,10996,-181,-25,96,9916,-9216,8440,-41,149,-173,-14536,4524,3360,-1022,104,-76,-14604,-2784,6268,-484,112,-97,0
3906.5854620933533,10516,4632,11000,-216,-17,99,10236,-9380,8400,-27,157,-192,-14564,4604,3504,-981,132,-98,-14660,-2696,6604,-447,153,-100,0
3906.619111061096,10476,4672,11200,-255,-83,109,9924,-9368,8600,-4,143,-195,-14548,4512,3360,-993,130,-148,-14640,-2756,6300,-457,170,-81,0
3906.6522710323334,10452,4632,11032,-234,-128,117,9912,-9348,8504,-83,126,-224,-14848,4408,3496,-954,113,-113,-14548,-2792,6260,-463,147,-104,0
3906.685765981674,10456,4620,11140,-229,-192,111,9872,-9408,8536,-136,164,-231,-14376,4516,3580,-961,83,-118,-14484,-2752,6188,-447,150,-72,0
3906.7194049358372,10448,4640,10976,-257,-116,158,9848,-9248,8500,-87,116,-209,-14492,4576,3388,-961,135,-94,-14644,-2648,6172,-453,115,-47,0
3906.7527780532837,10484,4616,11156,-263,-101,162,9900,-9384,8564,-102,122,-196,-14472,4484,3264,-984,111,-130,-14624,-2656,6204,-459,158,-47,0
3906.7863919734955,10724,4508,10872,-295,-99,171,10028,-9356,8636,-45,118,-181,-14796,4564,3568,-985,114,-139,-14668,-2580,6336,-468,147,-45,0
3906.8198840618134,10568,4668,11120,-232,-99,170,9960,-9344,8508,-71,142,-190,-14692,4320,3404,-991,154,-120,-14820,-2388,6236,-445,154,-43,0
3906.8581709861755,10532,4524,11100,-293,-190,166,9872,-9300,8524,-26,137,-229,-14624,4488,3512,-1007,113,-118,-14536,-2660,6224,-433,210,-40,0
3906.8933930397034,10644,4508,10824,-287,-163,179,9976,-9432,8688,-15,140,-214,-14584,4480,3404,-1007,133,-122,-14640,-2720,6292,-458,178,-64,0
3906.9291801452637,10564,4536,11032,-251,-160,153,9804,-9356,8540,24,151,-223,-14604,4632,3456,-993,46,-112,-14648,-2692,6200,-473,149,-110,0
3906.96417093277,10628,4532,11132,-271,-132,127,10024,-9280,8520,-26,158,-184,-14480,4552,3420,-959,46,-89,-14588,-2616,6296,-478,145,-85,0
3907.0001249313354,10484,4592,11108,-223,-119,121,9960,-9312,8328,-50,144,-186,-14636,4548,3192,-1228,117,-71,-14636,-2804,6280,-486,185,-94,0
3907.035104036331,10696,4432,11072,-280,-118,149,9852,-9348,8484,-32,122,-202,-14484,4476,3468,-1012,103,-106,-14576,-2692,6184,-480,210,-66,0
3907.070976018905,10632,4444,10860,-231,-149,152,9872,-9336,8480,-64,117,-221,-14832,4544,3552,-1011,143,-129,-14764,-2656,6272,-472,200,-77,0
3907.1072030067444,10508,4412,11220,-1,-154,162,9948,-9308,8496,-8,99,-207,-14612,4592,3416,-778,139,-89,-14584,-2712,6152,-462,232,-81,0
3907.141879081726,10560,4596,10992,-203,-140,120,9936,-9388,8480,-34,124,-222,-14816,4460,3444,-1004,123,-130,-14676,-2664,6160,-513,226,-93,0
3907.17774105072,10644,4472,11136,-161,-123,159,9900,-9240,8512,-38,96,-208,-14576,4556,3396,-1264,152,-119,-14384,-2684,6088,-502,194,-141,0
3907.2126920223236,10732,4352,10984,-153,-96,134,9964,-9028,8604,-58,105,-184,-14588,4444,3392,-1011,148,-30,-14560,-2624,6220,-487,152,-84,0
3907.2483019828796,10928,4492,10844,-140,-67,121,9956,-9340,8268,-55,133,-168,-14388,4396,3488,-1036,107,-26,-14748,-2656,6136,-486,142,-121,0
3907.283365011215,10680,4472,11040,-174,12,138,9960,-9296,8480,-44,138,-149,-14616,4436,3448,-1060,132,-63,-14716,-2800,6220,-481,121,-111,0
3907.3196449279785,10644,4448,10980,-189,28,106,9936,-9380,8444,-2,136,-154,-14640,4508,3524,-1083,137,-17,-14560,-2708,6196,-487,103,-98,0
3907.3549830913544,10604,4472,11020,-144,10,112,9876,-9360,8524,-24,117,-150,-14580,4504,3396,-1036,144,-42,-14800,-2792,6288,-485,127,-141,0
3907.390275001526,10608,4616,11072,-123,247,129,9932,-9440,8540,-25,138,-145,-14348,4448,3484,-1066,97,-34,-14680,-2616,6184,-513,90,-131,0
3907.4254240989685,10584,4416,11056,-90,50,43,9912,-9320,8252,-32,119,-148,-14388,4592,3352,-1080,10,-61,-14744,-2696,6272,-503,101,-164,0
3907.4610199928284,10608,4580,11164,-163,54,53,9956,-9268,8432,-32,163,-128,-14564,4412,3576,-1001,35,-44,-14716,-2548,6304,-474,44,-138,0
3907.4972989559174,10744,4780,11212,-157,59,54,9932,-9388,8440,-85,167,-138,-14552,4416,3540,-861,-23,-29,-14592,-2704,6248,-471,54,-164,0
3907.5308830738068,10596,4516,11156,-188,28,58,10220,-9412,8384,-43,193,-140,-14608,4568,3404,-1021,44,27,-14448,-2672,6128,-485,94,-149,0
3907.5643401145935,10568,4604,11092,-174,56,70,9868,-9364,8492,-43,184,-131,-14528,4520,3336,-1041,-11,-26,-14360,-2624,6256,-457,121,-146,0
3907.5979361534123,10504,4576,11072,-168,7,94,9888,-9400,8672,-55,157,-116,-14572,4584,3480,-992,38,-38,-14384,-2736,6272,-454,116,-110,0
3907.6315219402313,10460,4464,11176,-141,251,68,9976,-9400,8536,-74,156,-167,-14812,4540,3440,-977,29,-77,-14728,-2700,6288,-489,128,-139,0
3907.6649861335754,10592,4592,11172,-135,-16,101,9924,-9392,8524,-83,142,-140,-14648,4576,3548,-1003,76,-77,-14620,-2620,6332,-500,140,-118,0
3907.6986529827122,10556,4524,11008,-150,-37,117,9916,-9296,8408,-59,111,-158,-14560,4568,3456,-797,48,-22,-14580,-2632,6168,-489,178,-104,0
3907.732304096222,10628,4572,10964,-144,255,99,9888,-9352,8612,-73,134,-131,-14568,4476,3332,-969,67,-58,-14700,-2708,6288,-504,139,-122,0
3907.765825986862,10272,4504,11080,-149,-22,126,9900,-9312,8432,-70,63,-153,-14848,4576,3468,-970,87,-63,-14648,-2616,6232,-450,122,-108,0
3907.79947400093,10584,4552,11092,-148,-13,140,9772,-9396,8600,-53,97,-144,-14340,4504,3440,-1009,140,-60,-14840,-2516,6372,-453,138,-64,0
3907.833009958267,10420,4640,11132,-194,-42,154,9984,-9400,8664,-38,96,-152,-14620,4584,3400,-999,62,-68,-14512,-2568,6256,-415,147,-116,0
3907.866238117218,10384,4508,11096,-509,-56,132,10012,-9512,8528,-54,219,-119,-14616,4620,3552,-971,38,-17,-14664,-2664,6264,-511,141,-108,0
3907.8997631073,10508,4500,11160,-229,-112,131,9916,-9392,8612,-71,103,-215,-14588,4528,3504,-943,54,-103,-14548,-2700,6200,-392,179,-60,0
3907.9333870410924,10380,4536,11016,-219,-202,116,9856,-9524,8560,-101,123,-278,-14672,4576,3444,-909,-28,-176,-14404,-2760,6320,-460,246,-140,0
3907.9667520523067,10592,4424,10968,-211,-237,105,9924,-9472,8572,-75,227,-261,-14440,4600,3432,-866,44,-172,-14720,-2616,6284,-762,218,-100,0
3908.000303030014,10616,4448,10996,-194,-200,168,9864,-9284,8368,-154,96,-229,-14500,4468,3404,-916,87,-85,-14560,-2680,6068,-407,204,-50,0
3908.033916950226,10476,4392,10976,-5,-192,155,9892,-9396,8364,-102,172,-208,-14584,4464,3528,-921,77,-125,-14524,-2704,6128,-407,223,-78,0
3908.0674080848694,10556,4768,10940,-239,-133,139,9812,-9264,8496,-40,164,-214,-14552,4436,3460,-935,76,-176,-14732,-2656,6296,-442,265,-42,0
3908.1010811328883,10704,4576,10788,-274,-121,149,9948,-9432,8448,-42,143,-225,-14692,4564,3588,-940,77,-143,-14644,-2528,6336,-258,230,-98,0
3908.13458609581,10960,4452,11000,-256,-179,165,9936,-9360,8540,-28,121,-209,-14820,4480,3484,-956,67,-132,-14632,-2708,6092,-464,221,-26,0
3908.1681180000305,10624,4548,11180,-207,-216,167,10028,-9360,8484,-74,101,-244,-14636,4480,3460,-965,98,-128,-14684,-2736,6192,-448,247,-78,0
3908.2017419338226,10568,4504,11072,-260,-213,159,9952,-9464,8468,-76,110,-224,-14588,4584,3404,-976,102,-114,-14656,-2644,6020,-489,208,-55,0
3908.2354059219365,10528,4504,11048,-233,-176,185,9948,-9328,8360,-65,87,-208,-14680,4392,3480,-947,129,-112,-14612,-2728,6096,-453,179,-36,0
3908.2690250873566,10672,4564,10984,-8,-136,191,9908,-9336,8504,-49,78,-174,-14532,4824,3376,-907,108,-104,-14684,-2668,6308,-499,140,-71,0
3908.302544116974,10704,4480,11084,-230,-145,173,9736,-9624,8676,-90,39,-187,-14536,4588,3384,-962,166,-101,-14344,-2316,6280,-484,103,-76,0
3908.3360509872437,10496,4468,11124,-224,-182,162,9900,-9376,8264,-109,66,-195,-14644,4516,3392,-927,159,-78,-14672,-2604,6160,-499,173,-54,0
3908.3697390556335,10596,4384,11256,-225,-200,185,10028,-9440,8236,-34,55,-2,-14560,4548,3332,-982,194,-145,-14836,-2568,6156,-520,214,-47,0
3908.4030840396886,10732,4440,11208,-157,-159,162,9908,-9320,8500,-59,53,-215,-14656,4488,3552,-976,173,-150,-14664,-2624,6216,-497,186,-62,0
3908.436839103698,10688,4492,11128,-187,-159,127,9896,-9300,8496,-53,131,-228,-14416,4480,3344,-941,116,-167,-14640,-2616,6180,-479,191,-85,0
3908.4702110290523,10680,4416,11036,-197,-56,102,10040,-9344,8432,-69,135,-202,-14820,4600,3496,-935,102,-120,-14724,-2584,6136,-464,161,-102,0
3908.5035779476166,10680,4492,10948,-183,-61,99,9896,-9444,8432,-50,151,-176,-14580,4408,3364,-944,80,-108,-14652,-2788,6204,-461,166,-123,0
3908.541517972946,10608,4432,11024,-179,15,91,10040,-9324,8372,-50,182,-173,-14820,4400,3560,-946,78,-61,-14632,-2788,6144,-450,127,-93,0
3908.5777361392975,10780,4520,10996,-182,-10,101,10176,-9380,8448,-51,185,-158,-14680,4544,3620,-916,4,-76,-14716,-2560,6212,-473,105,-162,0
3908.6129450798035,10872,4472,11232,-188,32,56,10036,-9460,8552,-42,158,-154,-14668,4492,3344,-954,8,-57,-14704,-2772,6188,-494,136,-160,0
3908.648754119873,10604,4512,10984,-132,26,80,9976,-9416,8276,12,176,-178,-14508,4440,3136,-975,72,-102,-14784,-2588,6004,-453,167,-140,0
3908.6842050552373,10580,4368,11020,-172,-28,75,9920,-9404,8424,-47,146,-194,-14572,4588,3340,-930,48,-108,-14616,-2528,6368,-510,217,-118,0
3908.7195019721985,10624,4416,10996,-170,-30,101,9956,-9388,8652,-31,122,-160,-14504,4492,3404,-935,108,-92,-14628,-2652,6252,-507,116,-104,0
3908.754956007004,10588,4556,10968,-162,-12,130,9860,-9328,8336,-53,116,-127,-14512,4488,3504,-980,142,-61,-14620,-2732,6132,-481,144,-96,0
3908.79127907753,10652,4600,11088,-198,-9,137,9980,-9404,8508,-33,121,-149,-14600,4544,3560,-964,110,-32,-14552,-2712,6192,-465,189,-88,0
3908.8262109756474,10512,4496,11024,-214,-51,115,9932,-9452,8476,-51,158,-173,-14564,4504,3368,-897,117,-78,-14356,-2648,6332,-512,206,-110,0
3908.8623719215393,10636,4604,11092,-180,-73,111,10180,-9356,8440,-71,136,-187,-14672,4484,3464,-899,126,-103,-14696,-2648,6128,-454,215,-112,0
3908.8981590270996,10620,4380,11040,-188,-84,119,10152,-9372,8376,-83,138,-178,-14660,4380,3340,-897,50,-83,-14788,-2624,6224,-447,184,-93,0
3908.9333181381226,10496,4380,10832,-222,-87,121,9892,-9424,8428,-41,132,-174,-14688,4556,3460,-895,75,-54,-14772,-2584,6256,-505,192,-113,0
3908.968806028366,10680,4456,11160,-201,-54,128,9984,-9420,8392,-14,124,-167,-14616,4572,3276,-947,120,-74,-14644,-2600,6184,-507,145,-96,0
3909.0043411254883,10560,4528,11064,-202,-36,110,9820,-9364,8400,-14,150,-153,-14344,4536,3424,-940,100,-75,-14680,-2508,6176,-498,126,-117,0
3909.040138959884,10568,4484,10992,-190,-46,97,10220,-9424,8524,-33,135,-172,-14580,4520,3576,-964,150,-67,-14796,-2600,6316,-526,144,-113,0
3909.0752890110016,10656,4548,11176,-182,-26,103,9972,-9432,8464,9,141,-164,-14848,4592,3452,-1019,163,-140,-14548,-2572,6196,-497,130,-126,0
3909.1108610630035,10596,4520,11064,-220,-69,118,10028,-9668,8476,-25,157,-188,-14552,4540,3580,-1005,139,-101,-14612,-2628,6216,-470,135,-119,0
3909.146012067794,10616,4500,10940,-170,-33,103,9924,-9452,8496,-27,125,-194,-14532,4628,3368,-990,157,-76,-14692,-2648,6192,-521,134,-121,0
3909.1826109886174,10616,4444,11268,-184,-42,107,9900,-9372,8516,-13,70,-178,-14488,4556,3356,-1039,199,-106,-14680,-2792,5900,-768,106,-127,0
3909.2223711013794,10580,4432,10884,-180,-67,94,9972,-9424,8372,-29,112,-169,-14620,4612,3484,-1056,140,-57,-14788,-2564,6160,-261,131,-140,0
3909.2563841342926,10700,4524,11128,-185,-54,78,9940,-9344,8396,-14,141,-177,-14596,4516,3564,-1032,138,-42,-14680,-2604,6120,-544,116,-121,0
3909.2899551391606,10564,4440,10992,-175,-28,123,9940,-9296,8440,-25,99,-163,-14644,4512,3400,-1024,197,-95,-14652,-2632,6120,-522,113,-111,0
3909.3234810829163,10688,4412,11132,-162,-60,116,9944,-9440,8488,-37,126,-170,-14552,4588,3360,-1066,124,-89,-14680,-2492,6032,-506,127,-106,0
3909.357416152954,10748,4436,11088,-193,-55,147,9872,-9348,8520,-41,103,-195,-14536,4828,3484,-1046,139,-74,-14608,-2624,6208,-444,145,-114,0
3909.3908030986786,10572,4464,11040,-200,-61,93,9736,-9388,8628,252,172,-182,-14640,4608,3360,-1021,138,-91,-14832,-2588,6192,-496,142,-130,0
3909.424376964569,10548,4496,11080,-180,-47,79,9728,-9368,8544,-11,142,-191,-14516,4464,3448,-1069,83,-66,-14676,-2640,6200,-501,144,-111,0
3909.4578919410706,10632,4432,11032,-195,-54,95,10032,-9320,8280,-37,93,-190,-14612,4640,3508,-1029,57,-80,-14656,-2440,5940,-474,83,-131,0
3909.4912419319153,10604,4472,11096,-211,-81,122,10048,-9368,8328,250,164,-143,-14564,4480,3100,-1019,52,-64,-14680,-2776,6204,-480,84,-115,0
3909.5248570442204,10564,4584,11148,-161,-3,100,10004,-9408,8344,-50,134,-152,-14656,4512,3364,-962,115,-64,-14656,-2668,6184,-465,97,-134,0
3909.5582880973816,10712,4436,10960,-191,-70,104,9916,-9452,8348,-39,142,-185,-14584,4632,3360,-1005,106,-78,-14532,-2600,5988,-500,136,-108,0
3909.5917959213252,10580,4444,10988,-193,-72,126,9732,-9360,8380,2,98,-186,-14572,4572,3328,-1026,111,-56,-14664,-2580,6184,-436,150,-116,0
3909.6254920959473,10616,4528,11256,-197,-32,131,10028,-9308,8236,-8,172,-143,-14700,4456,3504,-948,47,-66,-14716,-2568,6240,-450,110,-156,0
3909.6589689254765,10724,4480,11180,-242,-25,102,9972,-9488,8480,-13,184,-154,-14540,4832,3340,-920,16,-69,-14672,-2648,6020,-485,107,-138,0
3909.6926040649414,10568,4572,10936,-191,-29,104,10024,-9312,8332,-44,152,-148,-14572,4612,3380,-952,49,-55,-14616,-2624,5952,-462,141,-86,0
3909.7262549400334,10564,4460,10900,-187,-56,110,9972,-9368,8404,-8,120,-158,-14536,4396,3300,-1007,108,-56,-14548,-2648,6200,-505,143,-112,0
3909.7599909305573,10560,4476,11164,-175,-29,112,9980,-9424,8448,-7,153,-188,-14360,4504,3452,-1034,103,-66,-14652,-2636,6232,-446,180,-113,0
3909.7935121059413,10608,4464,11004,-209,-71,118,10140,-9396,8644,-1,155,-204,-14364,4556,3364,-989,84,-101,-14756,-2624,6160,-487,169,-120,0
3909.8271210193634,10640,4500,11120,-211,-56,94,10232,-9664,8552,-24,116,-205,-14412,4568,3564,-974,103,-134,-14656,-2784,5964,-487,161,-158,0
3909.860813140869,10520,4528,11080,-180,-49,104,9900,-9432,8508,-20,99,-199,-14684,4588,3508,-984,136,-110,-14700,-2596,6300,-501,140,-124,0
3909.894160985946,10696,4448,11208,-154,-47,100,10020,-9400,8536,-36,127,-150,-14652,4604,3384,-973,63,-34,-14696,-2664,6072,-516,104,-154,0
3909.9276809692383,10680,4496,10960,-154,-5,72,10000,-9412,8392,-48,158,-148,-14656,4512,3372,-984,48,-8,-14824,-2600,6196,-512,61,-173,0
3909.961271047592,10588,4488,11060,-150,45,66,9964,-9304,8500,-37,187,-136,-14612,4616,3340,-1016,82,-33,-14656,-2516,6140,-489,55,-156,0
3909.9947400093083,10600,4504,11144,-182,41,83,9936,-9364,8196,-28,136,-152,-14504,4524,3404,-975,76,-75,-14588,-2604,6080,-502,120,-135,0
3910.028345108032,10632,4468,11068,-198,34,91,10028,-9404,8424,-17,93,-175,-14388,4572,3472,-1012,108,-39,-14708,-2700,6184,-498,97,-133,0
3910.061965942383,10556,4584,11068,-170,-15,89,9876,-9348,8596,-20,106,-183,-14500,4628,3552,-1044,140,-45,-14548,-2580,6280,-498,173,-130,0
3910.0954871177673,10552,4564,11196,-190,-76,113,9872,-9516,8536,-52,91,-204,-14496,4672,3500,-996,105,-61,-14712,-2704,6320,-479,163,-114,0
3910.1291201114655,10604,4620,11072,-172,-142,129,9916,-9492,8484,-25,97,-199,-14532,4660,3400,-1006,101,-111,-14688,-2628,6356,-535,135,-130,0
3910.1624450683594,10408,4364,11116,-197,-98,121,9736,-9420,8616,-32,143,-182,-14536,4596,3484,-983,83,-110,-14848,-2676,6304,-768,138,-82,0
3910.1986379623413,10744,4500,11032,-159,-35,124,9888,-9424,8456,-89,114,-151,-14348,4552,3500,-954,107,-75,-14644,-2640,6256,-257,86,-112,0
3910.2342119216923,10564,4556,11084,-186,-72,93,10036,-9340,8404,-47,117,-163,-14348,4576,3472,-932,63,-83,-14636,-2684,6064,-489,128,-88,0
3910.270127058029,10564,4516,11064,-208,-20,136,9864,-9420,8512,-256,94,-191,-14828,4624,3372,-1007,140,-63,-14396,-2320,6392,-490,181,-83,0
3910.3053340911865,10556,4484,11096,-195,-104,161,9948,-9468,8420,-46,97,-176,-14664,4564,3296,-967,92,-48,-14756,-2684,6248,-484,142,-108,0
3910.3405611515045,10604,4548,11180,-158,-91,125,10072,-9392,8220,-69,107,-170,-14664,4784,3564,-955,114,-118,-14604,-2516,6144,-504,134,-126,0
3910.3760890960693,10472,4404,11096,-166,-77,112,10136,-9540,8344,-23,119,-186,-14632,4592,3528,-1003,88,-84,-14680,-2640,5920,-521,157,-189,0
3910.4128799438477,10508,4532,10928,-156,-63,63,9936,-9396,8196,19,134,-176,-14540,4860,3164,-772,91,-51,-14600,-2644,6312,-527,103,-165,0
3910.4482181072235,10620,4436,10828,-141,-19,70,9856,-9432,8236,-29,168,-168,-14644,4616,3488,-1032,61,-89,-14676,-2672,6328,-525,150,-145,0
3910.483258962631,10516,4568,11128,-200,-49,86,9952,-9448,8492,-13,104,-183,-14456,4676,3348,-989,117,-60,-14848,-2608,6256,-487,139,-103,0
3910.5182909965515,10716,4528,11172,-169,-95,85,10084,-9344,8564,-81,143,-148,-14504,4740,3296,-1047,144,-106,-14792,-2632,6136,-483,155,-98,0
3910.5540299415597,10556,4580,11012,-184,-102,118,9844,-9316,8456,-16,140,-199,-14484,4684,3608,-993,143,-71,-14524,-2600,6216,-460,164,-93,0
3910.5893249511723,10552,4556,11172,-192,-92,123,9884,-9456,8412,-47,165,-204,-14452,4608,3436,-1002,123,-118,-14628,-2676,6196,-492,178,-155,0
3910.624387025833,10748,4776,11184,-206,-124,85,9996,-9420,8232,-10,160,-218,-14612,4496,3484,-1011,106,-96,-14624,-2696,6152,-496,181,-154,0
3910.6593389511117,10640,4448,10896,-164,-109,80,9968,-9344,8580,-23,168,-213,-14640,4580,3384,-966,97,-100,-14652,-2688,6368,-492,175,-131,0
3910.6946189403534,10596,4576,10872,-216,-95,94,9952,-9356,8496,-25,143,-196,-14564,4656,3444,-1014,99,-115,-14652,-2496,6100,-492,189,-111,0
3910.7300369739532,10500,4508,11024,-205,-107,134,9884,-9456,8512,-9,129,-179,-14492,4360,3396,-1004,114,-60,-14612,-2628,6184,-469,177,-103,0
3910.7654449939732,10276,4412,11048,-197,-107,148,10036,-9388,8680,-50,100,-206,-14624,4536,3392,-982,114,-98,-14600,-2612,6120,-458,169,-104,0
3910.800881147384,10692,4556,11192,-192,-114,165,9944,-9464,8388,-59,136,-175,-14408,4704,3556,-960,83,-72,-14708,-2548,6104,-500,156,-117,0
3910.8374700546265,10704,4340,11088,-223,-84,109,10016,-9432,8528,-25,156,-157,-14588,4640,3356,-979,54,-110,-14668,-2604,6152,-490,140,-152,0
3910.870963096618,10632,4620,10936,-230,-49,127,10232,-9432,8344,-20,171,-152,-14620,4648,3536,-975,53,-77,-14596,-2692,6148,-472,116,-145,0
3910.9042060375214,10556,4568,11180,-184,-54,68,9912,-9432,8288,-66,164,-161,-14516,4572,3376,-970,52,-56,-14660,-2668,6000,-487,121,-170,0
3910.937968015671,10580,4472,11048,-195,-44,64,9912,-9468,8392,-28,157,-198,-14548,4852,3368,-974,76,-61,-14652,-2588,6124,-483,167,-111,0
3910.9713461399083,10624,4428,11100,-137,-26,99,9916,-9384,8404,-50,122,-188,-14664,4568,3216,-770,80,-65,-14524,-2648,6260,-455,152,-120,0
3911.004753112793,10632,4408,11204,-182,-38,112,9940,-9224,8624,-35,150,-185,-14516,4600,3216,-985,46,-88,-14584,-2632,6340,-453,131,-119,0
3911.0382239818573,10520,4580,11100,-206,-18,92,9840,-9660,8304,-40,158,-149,-14576,4676,3440,-960,101,-70,-14612,-2656,6028,-493,111,-131,0
3911.071618080139,10504,4544,11016,-151,-44,99,9936,-9396,8436,-56,130,-156,-14776,4592,3288,-1037,114,-86,-14592,-2484,6204,-517,155,-94,0
3911.1052050590515,10540,4480,11240,-166,-64,137,9876,-9364,8384,10,134,-180,-14524,4660,3416,-1069,103,-100,-14644,-2612,6064,-492,177,-84,0
3911.138531923294,10560,4572,11128,-168,-65,113,9760,-9368,8228,-30,112,-188,-14520,4480,3316,-1020,110,-144,-14600,-2720,6296,-506,236,-107,0
3911.1719341278076,10576,4532,11060,-200,-68,124,9848,-9424,8672,-5,145,-191,-14564,4548,3472,-924,25,-79,-14616,-2680,6180,-535,296,-139,0
3911.2056620121,10568,4448,11096,-198,-36,113,9844,-9356,8392,-29,162,-189,-14592,4708,3504,-917,32,-83,-14712,-2600,6284,-574,248,-131,0
3911.2389829158783,10612,4588,11008,-165,-54,89,9908,-9392,8576,-18,151,-200,-14344,4572,3124,-1002,52,-101,-14744,-2620,6272,-521,181,-154,0
3911.2721979618073,10716,4464,11128,-148,-59,116,9888,-9404,8504,-6,141,-171,-14628,4680,3412,-1073,81,-87,-14676,-2588,6236,-474,108,-111,0
3911.305694103241,10508,4424,11100,-193,-51,93,9984,-9440,8576,-13,140,-186,-14540,4660,3444,-1215,95,-49,-14804,-2616,5888,-484,91,-113,0
3911.339219093322,10680,4452,11220,-161,-71,94,9964,-9376,8316,15,130,-194,-14836,4552,3264,-1225,59,-68,-14616,-2664,5984,-494,154,-177,0
3911.3726930618286,10580,4420,11000,-196,-69,92,9844,-9368,8340,27,152,-185,-14580,4712,3256,-1120,-244,-74,-14688,-2728,6216,-566,135,-182,0
3911.4060211181645,10672,4508,10988,-176,-6,75,10220,-9308,8488,-3,168,-149,-14564,4584,3408,-1073,23,-65,-14652,-2600,6240,-548,72,-177,0
3911.4394760131836,10516,4460,11140,-120,75,51,9972,-9348,8312,49,152,-172,-14556,4676,3460,-1088,34,-51,-14588,-2628,6096,-257,117,-205,0
3911.4726910591125,10540,4476,10948,-188,249,59,9972,-9360,8272,8,190,-147,-14364,4500,3560,-1182,42,-64,-14596,-2724,6124,-399,110,-147,0
3911.5059149265294,10640,4468,11072,-186,-30,63,10000,-9384,8584,-1,190,-158,-14636,4724,3472,-1138,25,-82,-14684,-2716,6028,-485,119,-143,0
3911.5394740104675,10740,4500,11232,-223,20,79,9932,-9408,8196,-12,211,-154,-14584,4732,3460,-1269,-4,-61,-14688,-2780,6036,-480,122,-156,0
3911.5731730461125,10548,4632,10988,-188,-27,89,9856,-9320,8572,-47,150,-156,-14576,4504,3580,-1096,18,-57,-14808,-2620,6208,-450,106,-140,0
3911.606761932373,10472,4552,10948,-189,-30,98,9916,-9396,8564,-36,146,-176,-14464,4692,3576,-1018,50,-67,-14656,-2720,6316,-407,132,-98,0
3911.640156984329,10444,4580,11180,-254,-19,140,9792,-9452,8560,60,103,-169,-14480,4860,3348,-1060,89,-63,-14828,-2664,5896,-425,187,-73,0
3911.6736330986023,10456,4544,11148,-328,-93,144,9848,-9468,8432,-41,183,-161,-14504,4612,3720,-978,35,-89,-14636,-2760,6352,-432,192,-83,0
3911.707200050354,10552,4548,11204,-341,-128,155,9880,-9432,8580,-59,186,-189,-14576,4720,3488,-902,87,-78,-14692,-2676,6176,-448,199,-56,0
3911.7408640384674,10528,4432,11156,-313,-129,170,9924,-9460,8496,-90,125,-196,-14520,4644,3812,-889,68,-101,-14620,-2668,6176,-412,211,-55,0
3911.7743430137634,10256,4408,11104,-511,-111,177,9864,-9696,8520,-84,86,-213,-14484,4648,3468,-944,112,-112,-14504,-2636,6224,-483,215,-57,0
3911.80792093277,10704,4512,11248,-250,-107,152,9916,-9440,8216,-26,127,-210,-14504,4580,3452,-966,141,-139,-14688,-2632,6332,-454,219,-44,0
3911.8414540290833,10544,4432,11100,-273,-106,155,9844,-9348,8480,-31,138,-218,-14504,4564,3380,-964,131,-151,-14776,-2656,6096,-420,226,-66,0
3911.8779299259186,10280,4468,11164,-288,-93,153,9944,-9708,8584,-53,104,-222,-14656,4700,3284,-902,96,-182,-14452,-2656,6236,-454,510,-55,0
3911.9126551151276,10600,4448,11244,-321,-113,183,10232,-9452,8412,-12,151,-224,-14524,4688,3540,-918,73,-127,-14668,-2352,6036,-433,206,-81,0
3911.9487450122833,10648,4432,10972,-278,-143,182,10152,-9424,8496,-61,114,-202,-14432,4584,3372,-952,87,-155,-14564,-2564,6140,-466,196,-74,0
3911.983407974243,10644,4412,11148,-1,-132,142,10052,-9492,8368,-256,90,-231,-14720,4620,3468,-978,96,-156,-14624,-2644,6128,-469,183,-76,0
3912.0192410945892,10500,4384,11104,-284,-134,121,10008,-9368,8320,-8,124,-229,-14600,4644,3636,-1038,92,-137,-14736,-2696,5888,-454,171,-133,0
3912.0548460483546,10508,4440,10960,-226,-122,135,9924,-9308,8408,-40,127,-234,-14592,4824,3472,-981,89,-121,-14692,-2716,6332,-440,205,-96,0
3912.0901780128484,10620,4424,11196,-320,-109,168,9896,-9392,8272,24,123,-256,-14584,4612,3648,-933,57,-172,-14616,-2608,6120,-508,220,-117,0
3912.1253900527954,10736,4396,11088,-341,-224,141,9848,-9424,8496,0,128,-239,-14584,4632,3488,-897,44,-131,-14612,-2636,6100,-503,261,-106,0
3912.1607620716095,10476,4504,10968,-308,-206,162,9960,-9352,8540,-60,117,-233,-14540,4580,3452,-851,84,-169,-14764,-2532,5980,-258,209,-86,0
3912.1960971355443,10672,4408,11096,-313,-208,184,10236,-9372,8332,-35,115,-210,-14604,4632,3484,-971,92,-111,-14788,-2560,6028,-461,197,-84,0
3912.231760978698,10696,4428,11004,-346,-274,192,9884,-9420,8444,-19,129,-190,-14460,4560,3516,-948,98,-104,-14696,-2612,6048,-468,150,-131,0
3912.267827987672,10568,4460,11100,-349,-223,167,9916,-9376,8396,-32,123,-191,-14484,4548,3476,-942,122,-117,-14396,-2796,6048,-473,176,-85,0
3912.3028910160065,10608,4288,11088,-403,-305,164,9932,-9424,8396,-30,153,-214,-14424,4384,3364,-990,115,-144,-14688,-2556,6120,-490,152,-104,0
3912.3376181125645,10604,4324,10944,-3,-215,165,10036,-9392,8208,-43,95,-171,-14824,4840,3560,-1008,124,-103,-14648,-2568,6012,-468,144,-100,0
3912.3738491535187,10716,4236,11064,-227,-107,142,9892,-9280,8628,0,114,-157,-14592,4612,3492,-991,106,-57,-14576,-2620,6020,-456,116,-116,0
3912.4092421531677,10616,4120,11064,-317,-159,156,9864,-9652,8676,-26,123,-169,-14848,4432,3748,-934,131,-110,-14796,-2560,6076,-492,115,-91,0
3912.4446370601654,10664,4552,10936,-99,-96,145,9840,-9404,8212,-68,92,-186,-14536,4552,3564,-960,166,-91,-14620,-2576,6172,-472,169,-104,0
3912.480329990387,10500,4112,10876,-162,-30,149,9784,-9356,8676,-18,108,-158,-14508,4596,3372,-1012,182,-133,-14652,-2584,6036,-763,109,-93,0
3912.515398979187,10700,4260,11044,-142,-69,103,9956,-9360,8324,-11,138,-164,-14848,4596,3336,-1050,185,-65,-14672,-2324,6348,-452,115,-128,0
3912.5511989593506,10668,4328,11064,-115,24,71,9748,-9444,8264,-256,128,-179,-14648,4644,3416,-1107,208,-56,-14696,-2544,6104,-461,120,-111,0
3912.5847139358525,10588,4312,10940,-51,83,72,9912,-9468,8668,14,131,-161,-14604,4608,3544,-1116,231,-64,-14768,-2688,6116,-486,117,-113,0
3912.6182949543004,10736,4400,11056,-33,133,87,9880,-9368,8300,-36,107,-151,-14512,4700,3508,-1142,198,-99,-14600,-2600,6144,-473,93,-97,0
3912.6517450809483,10608,4256,11152,-81,101,69,9872,-9424,8468,-26,129,-161,-14488,4608,3496,-1095,215,-72,-14620,-2576,6260,-534,52,-83,0
3912.685270071029,10528,4412,11084,-15,46,36,9996,-9432,8280,-31,148,-163,-14584,4856,3148,-1125,265,-67,-14644,-2800,6308,-554,-36,-149,0
3912.7189700603485,10656,4332,10808,44,-38,250,9956,-9480,8500,-46,124,-174,-14832,4700,3384,-1197,222,-60,-14708,-2568,6156,-533,-36,-144,0
3912.7524640560155,10600,4424,11040,20,-34,15,9888,-9244,8524,-10,110,-193,-14800,4852,3804,-1199,230,-77,-14676,-2684,6268,-541,-16,-159,0
3912.7860989570613,10636,4296,11104,-13,-25,9,10048,-9488,8492,7,134,-175,-14504,4676,3572,-1201,261,-93,-14704,-2600,6180,-522,20,-160,0
3912.819860935211,10772,4376,11184,-49,-74,55,10024,-9420,8424,-9,120,-182,-14636,4584,3416,-1254,269,-70,-14808,-2804,5924,-456,34,-151,0
3912.8535780906677,10632,4412,11228,-139,-82,55,10200,-9644,8504,247,140,-167,-14364,4596,3448,-1213,163,-113,-14716,-2320,6164,-491,61,-126,0
3912.8870959281926,10572,4424,11108,-141,-46,51,9744,-9340,8684,-252,156,-161,-14816,4536,3496,-1200,140,-37,-14624,-2568,6184,-489,61,-148,0
3912.9205849170685,10608,4436,10780,-134,-12,60,9928,-9428,8476,-19,154,-158,-14592,4584,3304,-1193,121,-47,-14624,-2652,6256,-448,66,-157,0
3912.953953027725,10612,4452,11088,-132,-64,65,9960,-9340,8492,23,145,-158,-14644,4564,3328,-1186,125,-75,-14680,-2640,6076,-451,74,-155,0
3912.9877009391785,10592,4452,10968,-156,23,61,9772,-9284,8376,22,112,-158,-14680,4588,3536,-1240,130,238,-14580,-2596,6248,-444,40,-184,0
3913.021325111389,10604,4448,10812,-147,45,72,10204,-9384,8436,22,168,-105,-14512,4576,3508,-1175,96,-20,-14656,-2692,6180,-486,3,-208,0
3913.0547411441803,10628,4560,11140,-120,20,35,9932,-9608,8420,19,171,-146,-14376,4540,3368,-1154,113,-19,-14396,-2784,6272,-481,57,-175,0
3913.088418006897,10544,4424,11208,-163,22,46,9836,-9312,8632,50,209,-136,-14676,4492,3396,-1119,125,-40,-14636,-2796,6056,-464,96,-171,0
3913.1216690540314,10612,4476,10888,-197,-6,93,9832,-9356,8692,29,156,-138,-14456,4572,3472,-1142,123,-64,-14576,-2612,6172,-483,116,-146,0
3913.154783964157,10656,4428,11016,-132,-21,82,9800,-9392,8692,33,144,-146,-14544,4560,3508,-1147,135,-24,-14704,-2692,6220,-457,149,-128,0
3913.188565969467,10556,4520,11088,-166,-37,121,9884,-9404,8448,2,153,-156,-14556,4376,3640,-1127,214,-45,-14636,-2652,6200,-435,144,-110,0
3913.2221081256866,10720,4544,11100,-214,36,102,9680,-9368,8584,-26,140,-167,-14644,4576,3448,-1060,218,-74,-14576,-2744,6264,-411,178,-85,0
3913.255597114563,10584,4464,11168,-162,-16,99,9916,-9312,8480,-61,139,-157,-14576,4568,3352,-1104,156,-103,-14660,-2720,6272,-335,187,-98,0
3913.2894630432133,10548,4492,11124,-178,17,128,10012,-9380,8500,-31,166,-143,-14544,4696,3424,-1063,109,-99,-14388,-2716,6348,-400,152,-100,0
3913.3227851390843,10464,4504,11120,-189,-23,103,9956,-9332,8624,-37,183,-171,-14632,4592,3512,-986,61,-74,-14724,-2620,6124,-476,162,-145,0
3913.356374979019,10520,4428,11064,-191,-87,75,9980,-9428,8620,-50,124,-185,-14672,4572,3348,-1024,38,-75,-14724,-2404,6256,-478,127,-154,0
3913.389868974685,10604,4404,11044,-165,-70,98,9880,-9448,8592,20,139,-174,-14552,4544,3320,-968,67,-102,-14696,-2728,6200,-477,204,-130,0
3913.423377990722,10544,4388,11084,-156,-27,90,9880,-9444,8476,-48,149,-188,-14564,4604,3464,-918,89,-160,-14684,-2600,6092,-454,286,-101,0
3913.4569380283356,10600,4600,11012,-183,-28,79,9872,-9356,8476,-30,147,-215,-14836,4544,3088,-968,15,-87,-14716,-2636,6172,-456,199,-129,0
3913.490476131439,10512,4492,11056,-161,-60,107,9888,-9284,8476,-32,142,-174,-14812,4544,3580,-953,46,-22,-14848,-2580,6200,-468,123,-109,0
3913.5237400531773,10652,4472,11016,-177,-35,119,9968,-9368,8436,-27,175,-146,-14552,4508,3472,-962,126,-52,-14608,-2648,6192,-467,129,-139,0
3913.56068611145,10572,4488,11032,-187,-34,126,9912,-9408,8520,-24,124,-155,-14572,4480,3608,-999,90,-37,-14816,-2680,6304,-449,142,-132,0
3913.5956051349644,10500,4516,11140,-202,-55,120,9924,-9352,8556,-75,116,-156,-14596,4596,3340,-918,78,-67,-14608,-2616,6296,-581,67,-133,0
3913.6316621303554,10416,4516,11304,-187,-104,140,9888,-9688,8460,-104,74,-213,-14580,4564,3412,-967,174,-109,-14628,-2604,6232,-542,74,-61,0
3913.6676459312444,10632,4588,11260,-156,-191,146,9740,-9400,8572,-115,50,-243,-14588,4584,3328,-976,202,-74,-14676,-2596,6300,-584,136,-89,0
3913.702875137329,10564,4560,11176,-199,-102,145,9892,-9444,8332,-130,27,-219,-14556,4636,3284,-941,150,-113,-14680,-2672,6236,-582,116,-98,0
3913.7382340431213,10588,4468,11072,-168,-117,166,9840,-9424,8328,-63,77,-169,-14356,4656,3388,-1007,188,-96,-14544,-2680,6264,-576,91,-80,0
3913.773868083954,10548,4404,11248,-169,-77,166,9860,-9424,8320,-106,57,-194,-14580,4600,3488,-971,159,-119,-14600,-2552,6196,-565,137,-93,0
3913.8094661235814,10524,4388,11080,-169,-71,157,9944,-9384,8396,-80,92,-195,-14724,4596,3464,-1007,203,-122,-14376,-2604,6364,-766,167,-56,0
3913.8447251319885,10528,4424,11232,-218,-119,148,9932,-9700,8536,-45,114,-226,-14660,4612,3472,-1277,162,-170,-14644,-2580,6392,-523,217,-94,0
3913.8801331520085,10584,4496,11024,-191,-102,137,9992,-9320,8392,-9,83,-232,-14676,4620,3336,-1040,202,-139,-14364,-2588,6272,-494,192,-73,0
3913.9155280590053,10504,4524,11184,-215,-156,147,9888,-9388,8492,-24,133,-236,-14660,4556,3508,-1042,155,-123,-14692,-2604,6036,-490,216,-85,0
3913.9514069557194,10548,4500,11168,-234,-176,124,9960,-9396,8504,-42,106,-226,-14608,4596,3304,-999,125,-125,-14660,-2596,6224,-495,175,-99,0
3913.9878051280975,10580,4432,10944,-198,-107,122,9900,-9340,8444,-45,106,-220,-14612,4512,3660,-999,112,-113,-14620,-2720,6168,-474,182,-99,0
3914.023388147354,10576,4484,10832,-223,-142,142,9912,-9364,8648,-32,124,-214,-14616,4568,3464,-967,70,-156,-14452,-2720,6384,-489,209,-63,0
3914.0587790012364,10488,4464,11128,-229,-157,146,9900,-9320,8328,-50,125,-223,-14668,4556,3580,-948,82,-91,-14824,-2768,6260,-466,192,-49,0
3914.0941669940958,10576,4408,11208,-250,-186,154,9920,-9364,8480,-35,111,-245,-14556,4564,3428,-966,99,-127,-14708,-2332,6364,-444,205,-68,0
3914.1295089721684,10652,4488,11064,-216,-197,145,9976,-9344,8280,10,115,-241,-14636,4556,3236,-1044,101,-97,-14564,-2536,6228,-459,217,-74,0
3914.1650729179382,10548,4396,11016,-244,-207,170,9912,-9400,8404,-4,109,-224,-14828,4796,3396,-1012,117,-131,-14620,-2560,6216,-454,208,-72,0
3914.202506065368,10688,4208,11004,-210,-210,148,10224,-9332,8268,-37,121,-203,-14584,4456,3444,-985,128,-109,-14656,-2740,5904,-434,145,-89,0
3914.2387700080876,10752,4568,10968,-193,-123,116,10080,-9664,8616,-53,103,-188,-14696,4572,3404,-1034,116,-86,-14672,-2792,6116,-555,91,-142,0
3914.2726740837093,10656,4420,11016,-224,-81,101,10156,-9348,8408,-26,176,-143,-14568,4460,3140,-1012,112,-56,-14608,-2580,6224,-517,58,-127,0
3914.3062479496,10612,4320,10928,-137,-18,94,9740,-9268,8452,-65,160,-136,-14604,4408,3324,-1086,123,-28,-14700,-2592,6092,-489,97,-130,0
3914.3399081230164,10644,4452,11080,-169,-1,87,9964,-9392,8368,-29,156,-197,-14624,4520,3380,-1086,56,-39,-14740,-2508,6140,-508,122,-126,0
3914.3734600543976,10636,4364,10976,-130,19,93,10012,-9320,8272,254,149,-122,-14640,4520,3376,-1090,76,-58,-14580,-2572,6188,-439,69,-162,0
3914.4069550037384,10520,4504,11136,-158,-8,74,9916,-9340,8564,0,248,-113,-14588,4424,3376,-1047,76,-66,-14528,-2580,6264,-489,54,-163,0
3914.441085100174,10304,4460,11156,-174,38,67,9848,-9432,8704,-49,157,-154,-14644,4548,3600,-1018,62,-79,-14576,-2548,6224,-467,94,-101,0
3914.4745309352875,10668,4372,11204,-147,-253,56,10012,-9476,8476,-79,197,-157,-14832,4576,3460,-853,-12,-60,-14584,-2596,6292,-481,206,-121,0
3914.5081870555878,10660,4396,11124,-253,255,86,9884,-9408,8388,-42,176,-180,-14560,4560,3252,-805,45,-82,-14632,-2588,6284,-447,163,-167,0
3914.541855096817,10480,4340,10924,-262,-17,81,9836,-9496,8484,-47,161,-190,-14616,4360,3368,-929,64,-111,-14768,-2556,6184,-475,156,-167,0
3914.5748469829564,10488,4436,11136,-245,-38,99,9876,-9304,8524,-35,186,-194,-14664,4556,3268,-933,20,-123,-14656,-2704,5920,-467,224,-171,0
3914.6084239482884,10544,4468,11080,-210,-55,62,9892,-9412,8568,-55,204,-175,-14576,4612,3288,-788,8,-78,-14700,-2500,6164,-473,207,-149,0
3914.641669988632,10616,4488,11212,-142,-26,70,9952,-9396,8244,-102,177,-148,-14628,4512,3552,-758,-2,-91,-14376,-2732,5928,-478,202,-157,0
3914.6751770973206,10592,4384,11160,-140,-34,89,9892,-9376,8612,-65,198,-156,-14656,4584,3560,-804,48,-114,-14688,-2588,6144,-490,160,-117,0
3914.708795070648,10604,4440,10988,-161,-46,93,10008,-9384,8420,-61,150,-155,-14600,4520,3336,-822,80,-80,-14644,-2804,6164,-457,148,-96,0
3914.742353916168,10584,4524,11104,-178,-50,92,9860,-9452,8544,-35,146,-162,-14656,4596,3324,-878,138,-32,-14668,-2584,6284,-490,110,-125,0
3914.775838136673,10596,4416,11248,-190,-54,87,9876,-9408,8632,-15,175,-163,-14580,4724,3316,-876,124,-42,-14716,-2776,5912,-582,141,-154,0
3914.8092401027684,10620,4416,11160,-79,-28,58,9968,-9428,8524,-35,130,-171,-14784,4532,3180,-989,164,-39,-14600,-2564,6248,-568,79,-188,0
3914.842792034149,10552,4416,11056,-135,-15,57,9900,-9452,8400,-33,134,-180,-14364,4820,3224,-977,134,-87,-14624,-2552,6144,-534,110,-173,0
3914.8764569759373,10556,4512,11056,-156,-29,52,9940,-9416,8596,-35,146,-164,-14528,4624,3320,-980,134,-43,-14612,-2640,6216,-551,77,-177,0
3914.909749031067,10552,4408,11176,-153,-64,54,9820,-9368,8496,-73,159,-154,-14504,4612,3572,-1003,122,-44,-14556,-2580,6312,-562,140,-154,0
3914.9433591365814,10520,4372,11208,-233,-97,114,9744,-9396,8404,-87,162,-164,-14516,4540,3348,-854,111,-26,-14632,-2664,6256,-548,134,-163,0
3914.976953983307,10564,4472,11104,-210,-117,111,9884,-9404,8244,-83,170,-180,-14580,4368,3548,-1006,153,-89,-14548,-2648,6180,-491,196,-170,0
3915.0105450153355,10552,4568,11140,-207,-139,106,9868,-9436,8552,-15,176,-232,-14632,4584,3312,-1037,119,-104,-14636,-2624,6280,-509,196,-168,0
3915.044233083725,10608,4404,10980,-232,-100,86,9924,-9336,8556,-30,173,-184,-14676,4560,3356,-1041,154,-105,-14768,-2676,6216,-543,172,-165,0
3915.0775039196014,10652,4412,11028,-162,-79,81,9872,-9312,8556,-46,174,-158,-14684,4532,3352,-1020,119,-39,-14628,-2680,6152,-541,140,-172,0
3915.111093044281,10628,4444,11204,-160,-36,65,9896,-9420,8440,-35,173,-160,-14688,4532,3504,-968,128,-73,-14840,-2604,6160,-518,124,-156,0
3915.1444289684296,10500,4456,11164,-158,-60,83,9864,-9384,8468,-60,160,-154,-14664,4568,3264,-1056,138,-55,-14560,-2664,6100,-548,116,-161,0
3915.1781289577484,10560,4512,11080,-173,-105,72,9772,-9452,8192,-62,159,-183,-14512,4556,3364,-987,106,-121,-14584,-2684,6128,-544,195,-99,0
3915.2117199897766,10464,4448,11064,-154,-46,98,9832,-9500,8452,-51,147,-181,-14504,4608,3272,-1020,104,-49,-14676,-2648,6204,-570,199,-135,0
3915.2486739158635,10552,4476,11080,-167,-41,125,9880,-9368,8468,-17,101,-173,-14372,4592,3344,-1026,134,-90,-14604,-2660,6156,-508,161,-124,0
3915.28368806839,10548,4544,11076,-178,-36,95,9888,-9388,8308,-28,155,-174,-14580,4672,3132,-1275,111,-50,-14648,-2624,6220,-504,76,-146,0
3915.319258928299,10700,4412,10960,-195,-45,118,9856,-9424,8516,-4,94,-153,-14784,4792,3388,-995,45,-63,-14544,-2728,6184,-466,65,-124,0
3915.354578971863,10532,4392,11008,-226,-74,131,9912,-9356,8368,25,86,-170,-14376,4420,3304,-1040,56,-62,-14392,-2712,6204,-429,66,-95,0
3915.3905029296875,10588,4448,11164,-250,-52,130,9852,-9460,8440,17,98,-185,-14356,4684,3344,-1066,37,-76,-14720,-2600,6240,-418,147,-89,0
3915.426077127456,10636,4488,11216,-295,-49,129,9924,-9408,8220,20,128,-187,-14364,4392,3236,-1046,4,-63,-14664,-2384,6232,-436,153,-95,0
3915.461905002594,10548,4376,11148,-342,-148,139,9956,-9696,8692,245,189,-198,-14552,4588,3348,-1074,10,-95,-14560,-2628,6328,-418,185,-91,0
3915.498039007187,10512,4444,11052,-288,-172,131,9940,-9380,8484,-33,139,-224,-14644,4612,3360,-1050,49,-122,-14620,-2652,6332,-392,174,-82,0
3915.5332181453705,10592,4440,11004,-225,-90,129,9884,-9432,8392,-16,144,-207,-14520,4692,3452,-1011,9,-103,-14540,-2816,6204,-434,161,-86,0
3915.5691230297093,10612,4480,11168,-219,-134,142,9880,-9484,8440,-16,131,-186,-14828,4568,3488,-993,-21,-92,-14540,-2584,6372,-441,187,-88,0
3915.6040499210358,10616,4584,11080,-286,-153,157,9964,-9300,8204,5,185,-185,-14488,4628,3360,-982,26,-117,-14588,-2708,6144,-439,193,-99,0
3915.6396811008453,10560,4452,11164,-278,-148,142,9980,-9216,8476,-41,174,-198,-14544,4636,3360,-948,52,-171,-14604,-2652,6132,-439,261,-101,0
3915.6750519275665,10776,4452,11224,-318,-207,142,9868,-9252,8528,2,141,-2,-14528,4528,3308,-938,79,-163,-14556,-2692,6388,-445,266,-71,0
3915.710397005081,10540,4436,10928,-337,-211,219,9896,-9372,8296,254,138,-224,-14832,4572,3492,-952,61,-162,-14712,-2616,6152,-471,504,-58,0
3915.7458901405334,10672,4364,10760,-324,-219,178,10208,-9484,8480,13,119,-210,-14348,4608,3464,-957,97,-173,-14752,-2580,6272,-452,180,-95,0
3915.7816419601445,10620,4364,11156,-346,-196,209,9960,-9648,8204,4,114,-214,-14636,4788,3420,-1008,93,-105,-14748,-2660,6172,-468,201,-100,0
3915.817631959915,10636,4344,10936,-209,-162,130,9964,-9412,8560,16,85,-229,-14604,4648,3300,-1087,113,-158,-14688,-2532,5904,-449,199,-104,0
3915.8531301021576,10656,4320,11064,-163,-63,139,9892,-9360,8324,17,93,-215,-14532,4552,3332,-1123,90,-100,-14672,-2588,5968,-467,227,-58,0
3915.889764070512,10672,4360,11176,-350,-124,143,9888,-9364,8424,10,99,-211,-14848,4588,3420,-1084,142,-124,-14696,-2644,6248,-443,176,-103,0
3915.9232320785522,10660,4308,11064,-271,-147,111,9944,-9372,8464,-31,127,-225,-14584,4604,3424,-1083,157,-114,-14748,-2660,6308,-473,188,-108,0
3915.9570350646973,10560,4544,11132,-177,-140,132,10088,-9344,8520,12,104,-212,-14520,4600,3452,-1109,146,-118,-14760,-2572,6116,-434,191,-101,0
3915.9905021190643,10596,4404,10768,-84,-58,123,9840,-9272,8656,-56,50,-227,-14580,4528,3308,-1165,226,-73,-14648,-2556,6216,-396,171,-47,0
3916.0238449573517,10584,4396,11100,-60,108,129,9900,-9392,8572,-75,7,-210,-14604,4356,3420,-1065,248,-106,-14612,-2556,6044,-550,56,-64,0
3916.057426929474,10720,4372,10832,-99,-512,113,9892,-9316,8364,-112,129,-221,-14492,4408,3384,-1114,211,-131,-14592,-2544,5996,-519,74,-142,0
3916.090973138809,10720,4312,10896,-123,-102,103,9964,-9276,8340,-77,87,-171,-14360,4768,3252,-1080,145,-103,-14600,-2800,5932,-510,109,-143,0
3916.1245050430293,10652,4280,11016,-67,-48,80,9776,-9060,8244,-31,137,-180,-14636,4444,3312,-1154,180,-45,-14636,-2588,6236,-430,119,-108,0
3916.157781124115,10720,4400,10832,-18,171,58,10036,-9268,8532,14,61,-168,-14696,4492,3380,-1184,222,-65,-14768,-2340,6052,-463,76,-80,0
3916.1914250850677,10836,4476,11200,-101,212,76,10040,-9416,8456,4,86,-120,-14632,4528,3404,-1223,163,-39,-14668,-2804,6240,-478,54,-89,0
3916.225011110306,10736,4316,11064,-61,100,69,10072,-9432,8460,-27,78,-123,-14720,4664,3408,-1109,177,-82,-14664,-2640,6240,-484,28,-115,0
3916.258604049682,10596,4420,11252,-66,6,85,10032,-9372,8448,-20,136,-137,-14532,4552,3432,-1092,148,-55,-14620,-2580,6060,-443,89,-89,0
3916.2922389507294,10572,4376,11196,-135,-29,122,9900,-9392,8464,-57,97,-149,-14620,4564,3116,-1026,97,-37,-14720,-2628,6360,-445,138,-106,0
3916.325823068618,10292,4404,11136,-154,-18,82,9884,-9460,8504,-59,90,-166,-14424,4548,3560,-941,100,-40,-14656,-2612,6380,-425,104,-105,0
3916.3594319820404,10660,4420,11160,-167,22,103,9840,-9404,8428,-25,126,-157,-14472,4536,3532,-1051,79,-100,-14668,-2592,6256,-446,109,-132,0
3916.3926730155945,10620,4468,11020,-161,-56,82,9888,-9388,8428,-32,172,-166,-14648,4560,3332,-1014,72,-77,-14808,-2648,6320,-423,83,-120,0
3916.4260461330414,10512,4412,11020,-189,-114,106,9952,-9432,8420,-51,169,-175,-14668,4632,3192,-957,118,-68,-14640,-2816,6108,-431,111,-136,0
3916.4599080085754,10564,4432,11236,-122,-78,99,9932,-9520,8400,-51,119,-186,-14660,4492,3152,-963,151,-90,-14620,-2664,6192,-459,113,-133,0
3916.4936900138855,10664,4428,11020,-143,-118,91,9896,-9448,8432,-17,139,-209,-14600,4564,3376,-1078,133,-108,-14840,-2616,6040,-471,180,-97,0
3916.5273880958557,10268,4444,11228,-147,-71,104,9972,-9264,8500,-61,160,-189,-14704,4540,3292,-1049,115,-103,-14660,-2340,6264,-467,171,-120,0
3916.560951948166,10560,4484,11064,-235,-108,107,10196,-9436,8464,-250,120,-212,-14632,4460,3532,-1041,127,-89,-14676,-2664,6228,-471,134,-152,0
3916.594496011734,10620,4404,11188,-179,-55,92,9868,-9236,8440,-27,161,-159,-14848,4448,3300,-1022,140,-94,-14780,-2552,6304,-507,109,-140,0
3916.627942085266,10604,4432,11188,-173,-64,101,9984,-9388,8584,-27,138,-156,-14352,4572,3508,-1034,95,-44,-14640,-2648,6216,-503,126,-124,0
3916.661458969116,10612,4432,10840,-199,-90,106,9956,-9356,8308,-31,119,-181,-14564,4540,3384,-1032,111,-68,-14628,-2616,6316,-486,109,-125,0
3916.6948800086975,10608,4492,11012,-208,-99,92,9900,-9440,8576,-82,147,-192,-14656,4432,3460,-992,98,-83,-14652,-2672,6240,-473,104,-127,0
3916.7284080982213,10716,4412,11256,-165,-74,63,9968,-9412,8356,-43,151,-199,-14692,4604,3420,-1271,113,-89,-14680,-2504,6156,-497,160,-155,0
3916.7618229389195,10244,4476,11004,-186,-102,105,9864,-9444,8392,30,170,-193,-14376,4540,3164,-1007,78,-47,-14596,-2668,6232,-462,132,-108,0
3916.795263051986,10724,4436,10752,-186,-42,107,9940,-9448,8320,-39,127,-195,-14520,4784,3192,-1013,174,-85,-14580,-2380,6060,-480,147,-105,0
3916.8290119171143,10496,4424,11008,-204,-92,120,10024,-9460,8424,-11,115,-166,-14632,4396,3396,-1056,117,-76,-14380,-2480,6256,-473,103,-89,0
3916.8624501228333,10676,4372,11024,-166,-42,118,9904,-9304,8376,-17,126,-147,-14712,4452,3468,-1079,124,-89,-14844,-2364,6048,-473,104,-80,0
3916.8956530094147,10636,4460,11148,-164,-20,131,9952,-9336,8400,-5,162,-152,-14360,4420,3168,-1080,67,-70,-14708,-2644,6232,-475,108,-131,0
3916.9329359531403,10648,4468,11020,-177,26,52,9916,-9340,8500,11,250,-92,-14848,4648,3108,-959,78,-73,-14688,-2608,6184,-479,79,-159,0
3916.9692399501805,10504,4428,11196,-179,56,30,9940,-9384,8212,-4,247,-114,-14692,4500,3296,-991,44,-78,-14628,-2500,6176,-483,90,-184,0
3917.004306077957,10684,4376,11164,-147,33,50,9916,-9432,8484,-16,160,-159,-14776,4596,3528,-1060,70,-41,-14664,-2604,6156,-474,112,-143,0
3917.039475917816,10712,4364,11072,-150,41,59,9984,-9368,8500,-12,154,-175,-14572,4624,3396,-1066,111,-43,-14680,-2772,6240,-476,116,-141,0
3917.0745489597325,10540,4592,11036,-139,27,67,9864,-9396,8508,-6,130,-178,-14596,4564,3372,-1065,69,-54,-14612,-2536,6208,-476,129,-153,0
3917.1099030971523,10700,4444,11240,-129,-16,83,9804,-9408,8548,7,150,-149,-14592,4564,3528,-1060,111,-46,-14820,-2604,6152,-483,123,-131,0
3917.145472049713,10744,4568,10848,-163,10,113,9876,-9340,8568,-12,123,-154,-14352,4804,3428,-1020,97,-44,-14604,-2640,6248,-498,112,-156,0
3917.1815659999843,10592,4584,11116,-132,-29,78,9724,-9228,8476,-28,151,-194,-14568,4540,3080,-971,44,-67,-14652,-2680,6284,-544,176,-176,0
3917.2175331115723,10476,4480,11228,-128,70,44,9928,-9412,8424,-223,253,-127,-14616,4476,3360,-851,145,-58,-14472,-2536,6248,-489,12,-157,0
3917.252366065979,10332,4532,10816,-84,-76,57,9880,-9356,8636,0,144,-175,-14464,4552,3384,-1055,25,-111,-14584,-2572,6272,-397,119,-135,0
3917.287491083145,10416,4508,11072,-170,-44,76,9884,-9368,8484,42,102,-189,-14512,4484,3340,-1133,83,-53,-14568,-2720,6260,-456,170,-89,0
3917.3230631351466,10460,4448,11056,-271,-37,126,9900,-9352,8400,57,94,-167,-14696,4724,3444,-1091,136,-39,-14644,-2704,6412,-430,157,-98,0
3917.3582930564885,10572,4480,11240,-241,-20,118,9912,-9656,8316,38,93,-172,-14836,4600,3588,-1016,82,-20,-14820,-2592,6392,-496,102,-100,0
3917.3934299945836,10436,4492,11088,-182,-46,116,9892,-9368,8392,-26,102,-181,-14596,4548,3264,-1014,120,-94,-14608,-2584,6220,-475,117,-94,0
3917.429244041443,10524,4492,11276,-184,-114,111,9956,-9388,8444,-15,154,-167,-14556,4588,3444,-1037,109,-86,-14688,-2612,6208,-463,169,-95,0
3917.4648621082306,10396,4516,11212,-248,-130,130,9960,-9396,8476,-37,100,-198,-14692,4508,3444,-997,135,-129,-14680,-2632,6292,-455,200,-79,0
3917.500329017639,10676,4484,11176,-251,-205,144,9868,-9332,8532,-83,98,-213,-14392,4460,3388,-953,122,-101,-14696,-2620,6212,-465,161,-76,0
3917.535509109497,10484,4432,11072,-220,-185,139,9852,-9412,8684,-98,85,-248,-14592,4632,3504,-935,96,-127,-14592,-2508,6272,-510,167,-95,0
3917.572409152984,10568,4464,11180,-274,-219,131,9968,-9352,8604,-50,147,-213,-14600,4620,3420,-1001,123,-127,-14544,-2816,6304,-492,209,-87,0
3917.606038093568,10552,4560,11228,-214,-165,145,9936,-9340,8272,-38,104,-234,-14484,4552,3392,-996,139,-113,-14584,-2592,6228,-466,181,-53,0
3917.639321088792,10600,4404,11268,-277,-235,152,9892,-9444,8528,-65,103,-3,-14840,4844,3076,-946,175,-215,-14716,-2620,6140,-466,236,-28,0
3917.6728141307835,10704,4600,11028,-290,-227,170,10088,-9368,8408,-49,80,-512,-14464,4576,3196,-974,182,-159,-14360,-2608,6204,-478,217,-52,0
3917.7064499855046,10628,4456,11116,-234,-199,176,9772,-9284,8652,-3,83,-205,-14696,4544,3384,-997,130,-89,-14724,-2672,6140,-486,184,-66,0
3917.739977121353,10684,4472,11168,-247,-152,189,9744,-9396,8644,-54,116,-215,-14648,4400,3412,-956,161,-81,-14656,-2580,6172,-477,150,-78,0
3917.7734749317174,10660,4448,11196,-222,-178,179,10084,-9492,8420,-67,60,-209,-14584,4492,3304,-953,155,-97,-14572,-2620,6232,-492,168,-62,0
3917.8071749210358,10576,4368,11144,-231,-187,160,9920,-9408,8464,-23,75,-217,-14620,4520,3208,-997,132,-113,-14616,-2376,6240,-475,204,-61,0
3917.8407399654398,10664,4392,11208,-182,-127,136,9940,-9384,8552,-5,85,-221,-14732,4616,3440,-1041,142,-122,-14688,-2736,6272,-502,170,-80,0
3917.874268054962,10688,4352,10900,-210,-157,131,10016,-9336,8352,-21,113,-229,-14548,4352,3352,-1017,128,-74,-14672,-2608,6292,-512,195,-104,0
3917.9076149463654,10652,4508,11228,-232,-151,128,9968,-9320,8700,-23,105,-226,-14380,4556,3396,-1041,144,-108,-14496,-2544,6332,-491,167,-100,0
3917.9413430690765,10596,4592,10840,-187,-97,124,9936,-9420,8688,7,115,-198,-14672,4856,3392,-1037,140,-111,-14644,-2640,6224,-468,140,-77,0
3917.9748849868774,10608,4416,10884,-143,-58,114,10076,-9356,8492,-34,123,-177,-14624,4532,3396,-1034,104,-110,-14672,-2656,6212,-467,101,-138,0
3918.0084109306335,10688,4380,10932,-147,10,103,9992,-9236,8280,-28,152,-167,-14736,4504,3408,-1012,88,-61,-14576,-2448,6212,-478,121,-124,0
3918.0419430732723,10720,4396,11064,-177,32,89,9932,-9304,8444,-12,189,-166,-14612,4496,3304,-1030,74,-17,-14696,-2536,6100,-473,139,-153,0
3918.0754430294037,10640,4476,10984,-162,24,74,9992,-9380,8488,7,184,-158,-14680,4452,3316,-1039,85,-39,-14340,-2600,6356,-460,130,-142,0
3918.1093389987946,10620,4416,11060,-189,34,70,9964,-9384,8496,15,170,-169,-14580,4584,3304,-1017,65,-76,-14440,-2784,6148,-442,136,-131,0
3918.1427209377293,10544,4452,11056,-204,-22,74,9928,-9348,8696,-34,158,-166,-14836,4508,3436,-1011,112,-68,-14728,-2624,6272,-441,119,-115,0
3918.176151037216,10580,4408,11104,-154,245,98,9916,-9408,8532,-23,177,-166,-14840,4364,3580,-1039,76,-55,-14732,-2384,6272,-473,129,-133,0
3918.209784984588,10644,4356,11108,-167,11,75,10008,-9452,8416,-5,180,-145,-14848,4552,3484,-1048,35,-43,-14640,-2620,6416,-490,73,-162,0
3918.243420124054,10556,4508,11152,-161,45,77,9920,-9356,8384,-22,152,-123,-14656,4352,3520,-1037,25,-30,-14652,-2656,6232,-483,116,-175,0
3918.2769820690155,10600,4452,11032,-153,41,47,10196,-9320,8420,-30,123,-159,-14620,4564,3720,-1041,70,-43,-14588,-2588,6184,-478,93,-117,0
3918.310511112213,10492,4344,11068,-153,22,63,9744,-9384,8424,-38,174,-165,-14520,4540,3416,-1010,79,-80,-14600,-2480,6296,-466,122,-141,0
3918.3439850807194,10712,4364,10952,-169,32,58,9764,-9384,8332,-26,142,-165,-14652,4548,3352,-1038,76,-40,-14616,-2312,6144,-457,116,-152,0
3918.3774180412292,10608,4356,11008,-180,15,47,10120,-9428,8468,-51,159,-128,-14772,4540,3556,-995,21,-41,-14760,-2512,6000,-466,72,-141,0
3918.410779953003,10680,4376,11104,-176,32,64,9852,-9312,8464,0,286,-120,-14648,4496,3112,-973,46,-51,-14660,-2620,6232,-486,66,-141,0
3918.4443509578705,10528,4488,10924,-165,45,64,10048,-9228,8432,-39,156,-136,-14700,4576,3540,-1090,49,-60,-14632,-2444,6180,-486,81,-146,0
3918.4777281284332,10520,4380,11228,-169,38,79,9892,-9392,8528,-22,170,-129,-14592,4596,3368,-1037,69,-47,-14516,-2608,6248,-521,108,-160,0
3918.5114030838013,10604,4476,11168,-127,41,60,9956,-9288,8548,253,146,-156,-14560,4576,3432,-1275,51,-27,-14664,-2580,6360,-491,151,-132,0
3918.5448660850525,10440,4480,11204,-192,-17,90,9844,-9232,8448,-23,188,-156,-14396,4548,3560,-1009,90,-44,-14412,-2612,6256,-459,132,-105,0
3918.5782599449158,10524,4520,11108,-209,-26,123,9928,-9448,8620,-53,139,-187,-14544,4368,3460,-995,117,-68,-14580,-2624,6132,-450,149,-89,0
3918.6153249740605,10600,4460,11148,-207,-109,132,9956,-9400,8492,-30,164,-180,-14648,4804,3380,-965,150,-61,-14624,-2632,6316,-458,182,-92,0
3918.6502730846405,10500,4464,11164,-273,-171,163,9880,-9552,8544,-63,67,-224,-14840,4608,3180,-953,134,-140,-14588,-2620,6384,-490,210,-28,0
3918.6854860782623,10472,4436,11208,-196,-287,175,10000,-9368,8484,-117,65,-253,-14684,4620,3164,-945,124,-125,-14640,-2576,6376,-534,217,-49,0
3918.721534013748,10632,4420,11072,-211,-511,155,9884,-9384,8692,-82,80,-268,-14592,4408,3480,-946,134,-158,-14592,-2640,6144,-509,223,-81,0
3918.7576270103455,10548,4388,11120,-207,-288,138,9976,-9308,8372,-50,94,-249,-14564,4548,3508,-974,161,-194,-14696,-2312,6284,-462,504,-42,0
3918.792557954788,10560,4476,11140,-277,-235,170,9972,-9400,8512,-49,92,-237,-14680,4528,3556,-978,154,-175,-14700,-2480,6280,-465,228,-38,0
3918.828118085861,10740,4380,11120,-230,-270,162,10024,-9664,8692,-255,96,-259,-14776,4640,3232,-984,156,-135,-14644,-2628,6148,-494,219,-72,0
3918.8635859489445,10660,4432,11104,-291,-234,149,9944,-9348,8412,-254,110,-222,-14620,4392,3324,-964,139,-98,-14628,-2648,6192,-483,189,-92,0
3918.8991820812225,10568,4412,11116,-199,-238,147,9728,-9400,8204,-32,94,-234,-14512,4488,3124,-995,141,-134,-14788,-2616,6268,-478,187,-103,0
3918.934278011322,10740,4384,11108,-213,-212,110,9928,-9368,8372,-29,141,-238,-14624,4528,3376,-1006,122,-84,-14596,-2488,6148,-492,181,-119,0
3918.9702880382533,10776,4416,11024,-179,-62,106,10172,-9280,8304,-8,125,-161,-14652,4464,3408,-1035,30,-86,-14740,-2320,5936,-475,77,-150,0
3919.0055129528046,10648,4364,10952,-160,51,64,9972,-9240,8048,-256,172,-120,-14568,4500,3320,-1048,67,29,-14572,-2532,6068,-450,45,-144,0
3919.0411100387573,10656,4428,11152,-211,87,91,9944,-9380,8440,37,175,-138,-14572,4544,3256,-1057,92,222,-14800,-2436,6012,-474,98,-63,0
3919.0771870613094,10720,4348,11032,-187,5,126,9976,-9428,8480,-21,93,-145,-14608,4540,3388,-1064,140,-73,-14408,-2668,6348,-438,148,-103,0
3919.1124069690704,10544,4472,11188,-206,-70,103,9836,-9404,8580,247,186,-195,-14636,4668,3504,-1019,103,-121,-14716,-2580,6292,-498,192,-156,0
3919.148195028305,10544,4592,11012,-123,-106,90,9868,-9392,8516,-20,97,-196,-14456,4572,3340,-1014,124,-145,-14532,-2604,6584,-479,159,-87,0
3919.197515010834,10452,4404,11176,-202,-69,94,9856,-9344,8480,-24,167,-191,-14612,4560,3352,-989,70,-131,-14600,-2584,6352,-463,148,-122,0
3919.252387046814,10628,4500,11132,-202,-60,122,9764,-9448,8468,-71,117,-181,-14736,4572,3324,-980,94,-55,-14788,-2492,6192,-494,110,-121,0
3919.2892160415654,10544,4408,10880,-199,-67,108,10020,-9308,8272,-87,131,-194,-14588,4484,3268,-967,70,-101,-14836,-2464,6340,-516,154,-112,0
3919.3226990699764,10736,4512,11004,-171,-151,101,10028,-9256,8364,-45,100,-218,-14668,4488,3176,-1016,111,-147,-14820,-2416,6012,-460,203,-77,0
3919.3564150333405,10728,4404,11140,-165,-110,98,10020,-9316,8476,-25,141,-213,-14540,4496,3408,-1010,80,-73,-14764,-2812,6096,-468,179,-140,0
3919.3895599842076,10764,4352,11032,-152,-72,76,10036,-9444,8384,-32,131,-190,-14604,4528,3388,-1000,48,-59,-14648,-2568,5888,-485,125,-125,0
3919.42303109169,10628,4484,11032,-214,-24,88,9988,-9332,8460,-20,172,-151,-14612,4496,3360,-1004,46,-87,-14648,-2356,6212,-468,81,-146,0
3919.4566330909734,10636,4476,11032,-178,5,108,10004,-9376,8396,-69,143,-144,-14588,4596,3148,-977,40,-76,-14652,-2540,6084,-481,63,-147,0
3919.4902129173283,10632,4396,11100,-179,10,71,9816,-9384,8572,10,129,-131,-14648,4552,3348,-1049,8,-65,-14592,-2752,6256,-460,93,-132,0
3919.523731946945,10600,4520,11044,-186,-34,89,9816,-9324,8240,251,146,-126,-14592,4604,3464,-1011,35,-41,-14600,-2736,6236,-504,90,-150,0
3919.5574481487274,10604,4548,11248,-162,-60,88,9932,-9492,8300,-92,116,-179,-14368,4384,3344,-1013,71,-86,-14620,-2584,6168,-499,152,-135,0
3919.590810060501,10520,4392,11052,-179,-59,98,9832,-9452,8400,-31,229,-112,-14612,4628,3404,-925,115,-141,-14560,-2552,6120,-465,187,-118,0
3919.6241340637202,10552,4336,10928,-146,-67,141,9888,-9360,8272,-23,135,-158,-14460,4564,3420,-1038,75,-67,-14632,-2644,6300,-489,162,-74,0
3919.6574480533604,10600,4416,10904,-153,-55,112,10024,-9396,8204,-71,167,-146,-14744,4512,3504,-969,70,-36,-14760,-2652,6208,-468,126,-117,0
3919.690804004669,10684,4420,11248,-217,-42,99,9964,-9404,8500,-78,124,-163,-14724,4544,3080,-936,110,-88,-14700,-2612,6264,-485,145,-101,0
3919.724437952041,10592,4328,11044,-164,-53,126,9916,-9404,8376,-47,115,-163,-14632,4544,3228,-959,113,-76,-14684,-2508,5928,-467,135,-133,0
3919.7580530643463,10556,4368,10944,-181,-43,124,9936,-9360,8372,-36,146,-182,-14840,4432,3444,-1026,80,-78,-14392,-2604,6212,-493,160,-116,0
3919.7916131019592,10544,4496,11124,-156,-49,88,9904,-9316,8516,-31,114,-180,-14844,4572,3452,-1024,76,-90,-14768,-2592,6336,-481,159,-140,0
3919.825060129165,10424,4424,11164,-183,-67,82,9980,-9304,8296,-65,116,-189,-14816,4556,3392,-985,90,-70,-14664,-2568,6268,-481,162,-94,0
3919.8588039875035,10640,4368,11272,-171,-71,109,9972,-9452,8656,-29,111,-211,-14544,4592,3196,-953,101,-84,-14568,-2536,6248,-489,165,-133,0
3919.892216920852,10552,4424,10980,-163,-39,127,9948,-9328,8460,-40,149,-167,-14532,4480,3376,-979,100,-96,-14536,-2616,6136,-476,135,-143,0
3919.9257609844212,10560,4552,11208,-185,-104,95,10036,-9368,8472,-44,157,-176,-14828,4572,3420,-956,51,-42,-14584,-2528,6268,-483,143,-128,0
3919.9592239856725,10260,4368,11132,-183,-73,107,9904,-9696,8412,-99,139,-191,-14356,4828,3504,-909,56,-81,-14680,-2596,6224,-488,162,-143,0
3919.9926590919495,10708,4452,11020,-176,-89,96,9952,-9360,8356,-63,154,-188,-14636,4364,3488,-960,57,-101,-14848,-2640,6176,-483,190,-117,0
3920.026207923889,10612,4448,11164,-167,-65,88,9872,-9372,8592,-29,137,-219,-14552,4516,3136,-980,72,-143,-14836,-2808,6368,-492,208,-119,0
3920.0597281455994,10692,4440,11092,-161,-124,96,10144,-9444,8400,-27,124,-188,-14480,4488,3340,-972,88,-99,-14680,-2556,6184,-474,200,-134,0
3920.093297958374,10516,4428,11080,-187,-90,88,9856,-9304,8404,-46,115,-180,-14576,4552,3436,-981,83,-88,-14696,-2592,6076,-477,134,-102,0
3920.12695813179,10692,4468,11144,-169,-81,103,9768,-9276,8664,-62,128,-166,-14684,4524,3432,-981,75,-78,-14640,-2552,6216,-490,134,-123,0
3920.16035914421,10724,4464,11232,-192,-65,110,9972,-9344,8664,-50,145,-163,-14848,4460,3332,-989,22,-102,-14708,-2604,6108,-508,131,-136,0
3920.1937289237976,10656,4452,11068,-153,-23,88,9952,-9372,8540,-66,153,-127,-14576,4508,3524,-968,41,-65,-14636,-2596,6244,-493,68,-139,0
3920.2273359298706,10628,4476,11020,-190,-40,86,10020,-9364,8388,-38,175,-145,-14584,4508,3568,-978,21,-32,-14636,-2648,6144,-492,93,-131,0
3920.2609679698944,10572,4448,10888,-221,52,79,9884,-9412,8384,-90,170,-154,-14604,4544,3100,-952,22,-51,-14644,-2600,6348,-464,120,-122,0
3920.2986590862274,10656,4388,11008,-215,-11,90,9960,-9400,8404,-65,156,-146,-14676,4536,3364,-911,50,-22,-14644,-2636,6276,-495,103,-132,0
3920.3337070941925,10644,4444,11228,-208,-42,90,9772,-9688,8536,-56,116,-213,-14820,4484,3500,-921,78,-61,-14588,-2596,6280,-510,160,-117,0
3920.3691990375523,10464,4424,11160,-244,-129,179,9608,-9440,8424,-40,36,-293,-14340,4616,3580,-935,157,-177,-14424,-2612,6376,-511,5,-20,0
3920.4040329456334,10444,4444,11148,-181,-294,233,9512,-9224,8540,-97,-27,-280,-14500,4556,3400,-938,240,-157,-14512,-2588,6344,-517,282,251,0
3920.439383029938,10312,4436,11240,-149,-353,0,9852,-9496,8340,-149,-256,-305,-14780,4532,3244,-943,239,-224,-14520,-2584,6256,-524,295,-32,0
3920.474972009658,10500,4344,11160,-241,-360,182,9860,-9472,8248,-79,90,-304,-14460,4700,3520,-968,211,-220,-14612,-2588,6120,-491,312,-47,0
3920.5108070373535,10648,4392,10956,-191,-248,135,9952,-9332,8668,-49,142,-504,-14520,4640,3312,-980,158,-203,-14628,-2544,6092,-473,248,-64,0
3920.5474140644073,10692,4396,11000,-188,-128,127,10104,-9272,8444,-65,135,-202,-14628,4456,3132,-988,158,-114,-14688,-2688,6000,-458,157,-113,0
3920.5824460983276,10736,4484,10860,-232,-53,110,9748,-9240,8392,-6,206,-174,-14848,4404,3256,-1004,92,-92,-14752,-2584,6084,-453,167,-153,0
3920.6176259517674,10588,4464,10932,-195,-21,91,10024,-9472,8364,-9,195,-177,-14640,4484,3376,-1001,130,-95,-14768,-2324,6272,-480,178,-105,0
3920.6535289287563,10540,4428,11072,-135,-13,89,10132,-9376,8408,-35,106,-195,-14676,4588,3308,-1072,176,-43,-14740,-2548,6080,-479,148,-130,0
3920.6892390251164,10508,4376,10996,-110,23,97,10092,-9396,8424,4,113,-170,-14660,4368,3476,-1054,92,-71,-14696,-2376,5996,-495,138,-149,0
3920.724231004715,10508,4196,11192,-131,55,85,9944,-9432,8368,21,172,-141,-14552,4376,3488,-1080,39,0,-14548,-2540,6328,-522,109,-135,0
3920.759483098984,10568,4464,11172,-159,38,90,9848,-9324,8424,-32,154,-147,-14796,4496,3432,-1050,104,-79,-14556,-2688,6352,-457,90,-130,0
3920.795012950897,10608,4532,11044,-176,-7,85,9736,-9520,8412,-57,148,-119,-14600,4600,3468,-984,98,-64,-14812,-2604,6276,-449,100,-152,0
3920.8304190635686,10568,4432,11172,-237,-37,116,9880,-9432,8564,-57,158,-150,-14524,4692,3564,-1034,89,-78,-14580,-2584,6348,-497,130,-135,0
3920.8658571243286,10484,4368,11012,-195,-71,171,9868,-9484,8320,-54,134,-158,-14480,4632,3576,-1025,118,-75,-14516,-2812,6244,-489,129,-119,0
3920.9018609523773,10552,4452,11088,-131,-103,127,9876,-9368,8380,-105,122,-202,-14544,4528,3428,-1001,165,-128,-14648,-2628,6044,-467,162,-118,0
3920.9384620189667,10692,4436,11128,-211,-90,111,10088,-9428,8360,-21,140,-223,-14612,4512,3388,-1277,145,-107,-14612,-2632,6060,-449,200,-118,0
3920.9718499183655,10680,4396,10892,-181,-50,106,9992,-9392,8636,5,169,-185,-14596,4496,3452,-1082,86,-62,-14688,-2532,6084,-442,193,-106,0
3921.0055210590363,10536,4440,11184,-214,-40,123,10176,-9364,8216,-23,155,-157,-14700,4524,3376,-1047,98,-59,-14744,-2584,6176,-454,174,-91,0
3921.03921508789,10668,4416,11188,-180,-70,111,10036,-9352,8456,-34,123,-168,-14628,4600,3500,-993,105,-113,-14668,-2316,6184,-489,131,-160,0
3921.0727441310883,10728,4592,11160,-160,-10,86,10080,-9536,8404,-44,146,-159,-14636,4380,3564,-1039,81,-62,-14784,-2808,6200,-492,98,-154,0
3921.1060330867763,10624,4472,11080,-182,-16,85,9872,-9232,8316,18,165,-145,-14464,4556,3404,-1036,69,-36,-14644,-2756,6180,-483,80,-132,0
3921.1395330429077,10536,4492,11204,-166,252,86,9900,-9488,8508,-19,130,-184,-14604,4564,3288,-1059,74,-51,-14732,-2456,6196,-471,117,-138,0
3921.173430919647,10576,4408,11100,-217,-72,96,9980,-9552,8680,-9,165,-158,-14560,4672,3232,-1011,105,-102,-14580,-2508,6252,-466,153,-115,0
3921.2068009376526,10592,4420,11120,-226,-52,97,9948,-9468,8452,-8,153,-185,-14520,4652,3428,-1018,144,-136,-14592,-2556,6288,-456,149,-119,0
3921.2403130531306,10500,4448,11116,-188,-82,121,9916,-9492,8532,-12,134,-190,-14612,4604,3500,-1039,139,-86,-14624,-2648,6144,-448,184,-108,0
3921.2737979888916,10504,4408,11144,-217,-106,132,10184,-9400,8216,-42,112,-208,-14576,4616,3524,-994,126,-100,-14696,-2664,6248,-456,167,-121,0
3921.3073060512543,10516,4432,10976,-208,-117,102,9904,-9408,8500,-40,121,-212,-14712,4524,3564,-992,117,-132,-14680,-2700,5936,-457,144,-103,0
3921.340945959091,10704,4344,11088,-200,-108,72,9988,-9440,8408,-19,185,-205,-14696,4544,3356,-1015,80,-93,-14644,-2596,6324,-490,128,-134,0
3921.374386072159,10728,4452,11040,-204,-112,91,9964,-9256,8496,254,131,-141,-14552,4404,3284,-1072,126,-83,-14656,-2616,6000,-462,94,-130,0
3921.4076240062714,10732,4544,11104,-172,-25,93,10232,-9380,8236,-36,138,-162,-14780,4480,3476,-1052,155,-57,-14728,-2608,5948,-475,132,-118,0
3921.4412429332733,10656,4464,10984,-248,-54,114,10076,-9240,8252,29,131,-180,-14724,4528,3108,-1065,122,-75,-14748,-2344,6160,-462,118,-106,0
3921.4748029708862,10728,4376,11148,-161,-77,115,10088,-9404,8672,-14,116,-173,-14684,4516,3212,-1055,76,-74,-14696,-2552,6188,-506,84,-156,0
3921.5081260204315,10644,4364,11096,-165,-55,113,10008,-9408,8424,-30,140,-153,-14348,4848,3088,-1066,103,-99,-14824,-2508,6264,-491,127,-102,0
3921.5419061183934,10568,4368,11172,-206,-74,126,9936,-9376,8344,-31,114,-167,-14524,4516,3560,-1097,137,-86,-14600,-2640,6272,-458,127,-111,0
3921.575544118881,10604,4100,11172,-206,-67,110,9864,-9288,8424,-13,160,-181,-14716,4532,3456,-1034,133,-80,-14680,-2700,6340,-485,104,-126,0
3921.6092009544373,10632,4416,11164,-197,-59,83,9728,-9424,8512,-12,153,-186,-14604,4504,3440,-1009,77,-48,-14724,-2580,6240,-488,117,-125,0
3921.64240193367,10624,4400,10828,-185,-97,88,9968,-9308,8564,-21,129,-175,-14380,4600,3528,-989,74,-126,-14632,-2760,6228,-459,140,-137,0
3921.6762130260468,10556,4392,11148,-211,-114,87,9924,-9400,8404,-29,141,-199,-14636,4564,3292,-1013,96,-138,-14840,-2332,6352,-456,158,-114,0
3921.7095630168915,10568,4440,11164,-204,-97,110,9916,-9356,8420,18,137,-200,-14392,4520,3344,-977,110,-115,-14608,-2672,5892,-471,162,-103,0
3921.7430510520935,10604,4432,10988,-219,-129,119,9964,-9360,8480,-72,110,-193,-14620,4592,3304,-1008,115,-79,-14696,-2324,6128,-478,170,-121,0
3921.7767510414124,10704,4444,11052,-202,-85,115,9960,-9368,8464,-18,132,-191,-14648,4472,3516,-1036,107,-51,-14684,-2668,6212,-503,107,-87,0
3921.810236930847,10696,4444,11204,-207,-37,136,9968,-9360,8576,-21,135,-156,-14556,4600,3308,-1267,126,-109,-14660,-2552,6140,-485,130,-121,0
3921.8437390327454,10616,4472,11260,-168,-53,131,10012,-9452,8436,-15,125,-166,-14584,4472,3476,-1009,121,-50,-14576,-2784,6196,-490,123,-92,0
3921.877439022064,10548,4352,11024,-141,-67,111,9928,-9316,8356,-32,128,-190,-14632,4576,3344,-1011,99,-50,-14568,-2564,6108,-519,102,-144,0
3921.9107010364532,10688,4360,11052,-188,-69,95,10052,-9388,8400,-42,110,-216,-14684,4848,3440,-1029,92,-71,-14704,-2540,6200,-502,110,-117,0
3921.9439010620117,10656,4376,11392,-199,-62,69,9868,-9384,8404,-14,104,-172,-14644,4604,3344,-779,82,-51,-14352,-2772,6232,-474,96,-138,0
3921.9818420410156,10648,4124,11244,-214,-59,72,10048,-9400,8292,-4,134,-175,-14612,4604,3256,-1271,104,-89,-14824,-2544,6248,-459,131,-157,0
3922.0178251266484,10576,4416,11012,-203,-62,91,10112,-9424,8204,-12,115,-185,-14400,4528,3348,-1037,78,-68,-14576,-2576,6284,-469,146,-113,0
3922.0531420707703,10564,4428,11092,-185,-45,82,9920,-9392,8384,-16,129,-184,-14596,4352,3152,-1271,86,-114,-14672,-2572,6292,-458,160,-133,0
3922.0887949466705,10616,4492,11200,-188,-70,91,9744,-9400,8420,-28,154,-201,-14572,4500,3184,-982,77,-97,-14656,-2656,6348,-447,163,-142,0
3922.124417066574,10704,4404,11020,-218,-107,97,9996,-9368,8464,-18,178,-197,-14704,4576,3528,-1028,73,-117,-14728,-2600,6176,-457,202,-114,0
3922.1596739292145,10604,4144,11216,-211,-81,106,10232,-9332,8256,253,163,-200,-14452,4540,3452,-999,90,-91,-14692,-2616,6160,-441,192,-150,0
3922.195105075836,10568,4444,10960,-219,-87,106,9968,-9344,8468,-79,135,-183,-14560,4472,3404,-991,89,-62,-14644,-2560,6340,-483,138,-121,0
3922.2304821014404,10668,4404,11100,-206,-65,100,9936,-9328,8396,-28,142,-146,-14544,4508,3444,-774,72,-40,-14684,-2588,6172,-522,123,-107,0
3922.2659480571747,10564,4452,11080,-160,-39,138,9960,-9296,8560,-54,137,-129,-14600,4192,3512,-774,65,254,-14748,-2532,6136,-462,73,-122,0
3922.3018620014186,10732,4480,10948,-205,-71,144,9984,-9376,8676,-44,153,-139,-14628,4456,3276,-1041,152,-37,-14688,-2500,6236,-494,121,-106,0
3922.337507009506,10636,4348,11036,-219,-12,102,9572,-9232,8660,-40,114,-142,-14580,4568,3576,-1051,136,-64,-14636,-2636,6184,-477,116,-84,0
3922.3734180927277,10636,4436,11060,-243,-18,117,9996,-9376,8440,238,142,-126,-14820,4632,3352,-1079,113,-26,-14620,-2632,6348,-484,108,-80,0
3922.408667087555,10556,4372,11128,-191,-43,132,9904,-9544,8484,-32,140,-156,-14668,4844,3280,-993,99,-62,-14684,-2616,6264,-491,72,-136,0
3922.4436690807343,10656,4384,11292,-151,-72,101,9912,-9348,8344,-76,99,-153,-14344,4600,3500,-1007,118,-85,-14560,-2508,6256,-763,94,-122,0
3922.4788119792934,10564,4352,10904,-197,-44,103,9936,-9372,8248,-4,126,-172,-14544,4820,3176,-1072,133,-51,-14564,-2560,6208,-478,90,-136,0
3922.514158010482,10672,4372,10880,-220,6,109,9972,-9356,8384,-3,140,-191,-14680,4488,3320,-1042,150,-78,-14592,-2572,6068,-502,141,-120,0
3922.5501730442043,10544,4396,11356,-274,-108,80,9840,-9580,8688,67,124,-241,-14592,4508,3388,-1010,162,-169,-14592,-2568,6368,-476,247,-95,0
3922.585557937622,10532,4396,11120,-206,-235,132,9736,-9460,8480,-30,36,-299,-14580,4528,3368,-1279,189,-204,-14776,-2808,6648,-458,295,-71,0
3922.6221511363983,10616,4488,11160,-163,-305,173,9868,-9280,8228,-38,72,-302,-14748,4860,3536,-979,200,-181,-14444,-2580,6224,-261,247,-79,0
3922.655539035797,10632,4392,11124,-233,-256,150,9872,-9364,8372,-79,93,-282,-14460,4548,3440,-969,160,-155,-14676,-2800,6260,-496,235,-71,0
3922.68922495842,10536,4452,10816,-217,-214,154,9936,-9220,8436,-38,131,-245,-14356,4596,3400,-1004,122,-173,-14720,-2648,6176,-475,237,-82,0
3922.7226870059962,10712,4480,11020,-269,-181,165,10080,-9308,8392,-34,99,-225,-14732,4444,3580,-976,165,-163,-14700,-2656,6228,-453,170,-63,0
3922.7560989856725,10812,4436,11080,-251,-158,156,10040,-9280,8392,-33,109,-188,-14708,4356,3376,-988,130,-82,-14632,-2572,6128,-481,206,-53,0
3922.789473056793,10964,4604,11144,-213,-186,154,10032,-9436,8320,-47,76,-188,-14344,4384,3120,-977,174,-104,-14664,-2644,6168,-503,199,-72,0
3922.8229770660405,10692,4600,10796,-187,-183,214,9936,-9192,8396,-51,90,-219,-14376,4376,3088,-1021,157,-103,-14556,-2536,6132,-480,184,-86,0
3922.8566520214085,10716,4368,10940,-193,-141,165,10056,-9276,8416,-35,94,-202,-14676,4460,3540,-1018,141,-96,-14664,-2512,5968,-458,158,-90,0
3922.8896450996403,11000,4248,10940,-178,-23,122,10064,-9428,8300,-15,170,-139,-14628,4524,3320,-1050,117,-28,-14616,-2528,6396,-492,101,-145,0
3922.9231529235844,10764,4328,11080,-201,35,81,10068,-9440,8260,25,202,-134,-14612,4436,3328,-1082,47,-40,-14644,-2488,6220,-474,96,-128,0
3922.9568929672246,10648,4380,11072,-188,47,114,10020,-9460,8548,4,112,-126,-14652,4516,3276,-1065,71,-63,-14772,-2684,6160,-476,104,-133,0
3922.9901471138005,10676,4448,11092,-162,7,98,9976,-9380,8404,-32,116,-175,-14660,4836,3344,-1011,88,-74,-14640,-2568,6264,-485,160,-112,0
3923.0236320495605,10708,4308,11004,-173,-53,107,9928,-9568,8196,-52,106,-195,-14568,4580,3084,-1025,139,-90,-14616,-2532,6252,-487,185,-114,0
3923.0573959350586,10568,4336,10888,-151,-77,95,9756,-9324,8224,-35,150,-202,-14568,4552,3160,-1016,91,-70,-14600,-2632,6252,-492,143,-146,0
3923.0908620357513,10788,4344,11120,-209,-78,97,10012,-9336,8464,-74,185,-178,-14668,4572,3392,-983,71,-75,-14636,-2340,6256,-454,97,-108,0
3923.1244759559627,10640,4524,11040,-215,-52,72,10036,-9452,8444,-90,184,-174,-14684,4536,3572,-985,69,-89,-14680,-2600,6100,-498,124,-143,0
3923.158116102218,10652,4392,10776,-183,-60,97,10020,-9452,8480,-28,151,-165,-14600,4440,3536,-1005,94,-96,-14764,-2800,6328,-262,150,-105,0
3923.191349029541,10704,4444,11068,-150,-62,98,9784,-9432,8300,-26,115,-188,-14540,4600,3380,-1028,129,-83,-14800,-2480,6124,-507,159,-109,0
3923.2250130176544,10676,4424,11136,-157,-105,105,10080,-9332,8244,-13,144,-221,-14548,4560,3220,-1019,101,-100,-14700,-2532,6280,-494,222,-146,0
3923.2584910392766,10612,4396,11108,-185,-95,109,9992,-9404,8576,-32,138,-193,-14580,4480,3464,-1026,131,-123,-14740,-2552,6184,-476,168,-116,0
3923.2918779850006,10652,4328,11060,-183,-101,131,9968,-9356,8360,-21,136,-160,-14612,4588,3428,-1042,116,-104,-14632,-2564,6212,-480,162,-112,0
3923.3255059719086,10516,4468,11108,-172,-41,119,10052,-9468,8384,-47,133,-179,-14696,4540,3324,-1029,112,-54,-14664,-2600,6176,-484,121,-118,0
3923.3591661453243,10656,4404,11032,-185,-48,112,9916,-9328,8456,-64,123,-160,-14756,4580,3420,-994,116,-46,-14636,-2596,6152,-503,102,-123,0
3923.392259120941,10572,4424,11140,-195,-29,126,10020,-9408,8416,-46,134,-168,-14620,4448,3492,-1022,124,-80,-14664,-2552,6184,-485,118,-131,0
3923.4257090091705,10720,4356,11216,-205,-65,91,9912,-9376,8412,-48,144,-190,-14484,4648,3460,-978,112,-112,-14640,-2536,6284,-497,134,-113,0
3923.4592700004578,10664,4604,11024,-190,-79,109,10216,-9304,8296,-66,144,-216,-14556,4640,3252,-1017,132,-94,-14636,-2532,6208,-472,120,-102,0
3923.4927721023564,10632,4276,11228,-210,-110,112,9992,-9220,8524,-8,134,-199,-14832,4548,3324,-1007,157,-67,-14356,-2576,6392,-469,180,-121,0
3923.5261530876164,10620,4588,11096,-189,-67,125,10004,-9420,8320,-9,125,-190,-14644,4496,3340,-769,138,-87,-14636,-2784,6260,-482,143,-111,0
3923.5597100257874,10624,4308,11032,-184,-92,133,9988,-9480,8480,-57,116,-187,-14680,4732,3100,-1015,112,-73,-14680,-2480,6260,-524,127,-97,0
3923.593116044998,10656,4476,11056,-198,-77,111,9932,-9376,8432,-57,147,-175,-14712,4560,3364,-1000,86,-69,-14688,-2532,6080,-487,146,-133,0
3923.6261320114136,10660,4368,11016,-177,-53,81,9964,-9312,8340,-45,128,-169,-14400,4580,3356,-1014,83,-71,-14644,-2520,6244,-496,105,-152,0
3923.6642179489136,10920,4540,10888,-168,-48,51,9984,-9324,8256,-5,185,-186,-14468,4400,3368,-1011,76,-74,-14676,-2544,5916,-492,170,-139,0
3923.699573993683,10636,4168,11060,-226,-43,98,10164,-9368,8304,-7,139,-168,-14756,4472,3440,-1031,74,-41,-14688,-2624,6232,-440,154,-129,0
3923.7347750663757,10680,4440,11020,-178,-68,98,9960,-9364,8260,-30,140,-167,-14576,4480,3388,-992,72,-102,-14568,-2560,6216,-459,129,-124,0
3923.7700340747833,10524,4476,11072,-204,-79,103,10212,-9352,8340,-33,139,-173,-14608,4368,3292,-950,73,-24,-14672,-2536,6380,-478,139,-123,0
3923.8054680824284,10656,4388,11088,-175,-47,91,9924,-9308,8488,-36,157,-159,-14836,4428,3448,-994,71,-62,-14692,-2816,6136,-486,166,-137,0
3923.8410930633545,10584,4308,11320,-210,-85,124,10008,-9360,8312,-49,140,-175,-14356,4524,3420,-1026,108,-55,-14736,-2640,6360,-492,169,-89,0
3923.8773491382603,10644,4428,11060,-154,-80,123,10052,-9672,8428,-49,151,-195,-14648,4516,3392,-769,107,-83,-14592,-2628,6084,-471,183,-142,0
3923.912511110306,10728,4340,11140,-197,-95,130,10024,-9356,8344,-23,125,-198,-14652,4504,3436,-1000,148,-103,-14660,-2572,6112,-493,175,-95,0
3923.9476079940796,10708,4196,11092,-164,-124,123,9924,-9236,8388,-12,141,-185,-14616,4524,3392,-1073,122,-34,-14664,-2612,6124,-464,163,-95,0
3923.9829459190373,10496,4432,11128,-223,-92,147,9924,-9368,8384,-45,90,-208,-14708,4484,3308,-999,121,-105,-14664,-2592,6208,-475,136,-88,0
3924.0187480449677,10644,4312,11128,-171,-88,133,9968,-9396,8356,-48,149,-204,-14632,4552,3576,-983,108,-62,-14652,-2316,6240,-485,145,-111,0
3924.0538671016693,10496,4324,10992,-177,-65,104,9928,-9380,8356,-48,178,-170,-14572,4456,3240,-1028,100,-82,-14628,-2528,6296,-474,129,-113,0
3924.089427947998,10740,4388,11168,-198,-55,99,9964,-9288,8380,-25,136,-172,-14560,4484,3396,-1017,81,-67,-14740,-2764,6144,-483,114,-148,0
3924.125044107437,10740,4304,11064,-193,-39,94,9952,-9416,8424,-25,126,-172,-14788,4548,3360,-1275,121,-101,-14680,-2536,6168,-478,134,-111,0
3924.1607151031494,10548,4376,11148,-184,-70,112,10040,-9440,8384,-8,124,-180,-14600,4536,3276,-1020,127,-45,-14848,-2588,6352,-484,164,-127,0
3924.1956441402435,10632,4448,11112,-123,-47,126,9772,-9360,8392,-30,93,-193,-14608,4584,3504,-1006,138,-116,-14664,-2812,6244,-501,138,-137,0
3924.2316751480103,10736,4444,11208,-152,-77,91,9948,-9452,8380,-41,111,-185,-14780,4544,3156,-1005,102,-56,-14736,-2536,6244,-496,164,-123,0
3924.269186973572,10600,4468,11052,-167,-46,124,10220,-9292,8348,-30,165,-170,-14580,4536,3308,-1013,105,-68,-14700,-2612,6308,-495,94,-96,0
3924.305277109146,10716,4440,10808,-151,-52,102,10024,-9408,8504,-64,140,-179,-14688,4540,3512,-1009,120,-59,-14660,-2552,6248,-487,117,-148,0
3924.3389151096344,10708,4456,11120,-160,-77,77,10076,-9452,8388,-45,118,-192,-14624,4556,3344,-990,159,-130,-14640,-2808,6232,-504,112,-125,0
3924.3724501132965,10624,4316,11168,-150,-42,99,10064,-9204,8520,-13,113,-171,-14400,4560,3532,-1049,122,-39,-14656,-2604,6212,-468,127,-111,0
3924.4055600166325,10628,4396,10940,-188,-37,114,10008,-9368,8464,-14,138,-148,-14664,4480,3216,-990,82,-36,-14652,-2348,6220,-487,76,-116,0
3924.4391231536865,10612,4380,11176,-159,-43,87,10032,-9384,8388,-86,160,-123,-14520,4596,3336,-955,42,-84,-14844,-2540,6320,-498,108,-136,0
3924.4725229740143,10652,4356,11020,-139,-40,70,10000,-9440,8348,-7,164,-153,-14552,4460,3416,-994,59,-107,-14740,-2312,6252,-516,156,-126,0
3924.505985021591,10732,4380,11156,-129,-57,95,9968,-9348,8360,-30,196,-174,-14624,4528,3428,-1006,39,-89,-14636,-2628,6232,-493,168,-102,0
3924.539947986602,10624,4416,11252,-166,-73,91,9852,-9384,8524,-75,168,-162,-14588,4548,3380,-963,44,-99,-14732,-2504,6344,-452,175,-126,0
3924.5735700130463,10580,4348,11072,-228,-94,95,9980,-9404,8352,-14,171,-195,-14640,4620,3296,-924,76,-89,-14832,-2572,6180,-463,209,-120,0
3924.6071760654454,10580,4296,11072,-127,-72,109,9980,-9412,8400,-5,155,-212,-14652,4540,3180,-960,119,-137,-14804,-2376,6220,-460,248,-89,0
3924.6405761241913,10568,4324,11044,-190,-122,113,9732,-9440,8688,15,151,-197,-14676,4528,3392,-984,68,-135,-14724,-2308,6352,-436,218,-103,0
3924.6738281250005,10604,4416,11096,-190,-104,103,9932,-9336,8424,-28,174,-182,-14700,4528,3428,-974,40,-97,-14684,-2596,6224,-463,176,-142,0
3924.70736503601,10612,4364,11112,-207,-78,65,9900,-9440,8252,-26,186,-211,-14692,4464,3424,-981,59,-91,-14628,-2548,6232,-465,184,-135,0
3924.741056919098,10688,4420,11176,-211,-74,86,9936,-9432,8328,-1,185,-209,-14736,4444,3368,-960,94,-98,-14652,-2808,6092,-488,168,-142,0
3924.7744100093846,10648,4296,11076,-151,-90,73,10072,-9356,8240,-21,97,-175,-14724,4544,3176,-938,48,-102,-14696,-2812,6100,-477,122,-132,0
3924.8079171180725,10696,4396,11020,-170,-69,81,10012,-9332,8392,-6,137,-181,-14692,4428,3152,-1006,80,-105,-14720,-2524,6136,-442,155,-121,0
3924.8414509296413,10568,4348,11040,-192,-60,108,10100,-9400,8332,-7,148,-194,-14560,4552,3296,-1008,114,-73,-14668,-2580,6144,-499,136,-89,0
3924.8748359680176,10616,4420,11284,-184,-56,117,9732,-9352,8648,-56,129,-185,-14364,4548,3484,-974,106,-89,-14704,-2816,6276,-499,137,-133,0
3924.9081220626827,10556,4444,11016,-194,-81,88,10188,-9420,8436,-54,138,-175,-14436,4540,3460,-972,59,-91,-14736,-2564,6132,-766,134,-107,0
3924.9418029785156,10600,4480,10892,-147,-61,115,10032,-9272,8496,-53,106,-160,-14644,4496,3328,-986,125,-86,-14604,-2624,5896,-498,99,-101,0
3924.9753699302673,10632,4548,10776,-158,-60,121,9912,-9392,8540,-54,116,-149,-14584,4536,3364,-977,96,-77,-14620,-2592,6332,-514,143,-127,0
3925.0089550018315,10616,4212,10856,-211,-12,108,9852,-9428,8464,-11,149,-208,-14428,4572,3556,-961,129,-57,-14652,-2556,5952,-489,147,-98,0
3925.042454957962,10568,4392,11176,-175,-51,139,9952,-9464,8508,-43,91,-141,-14580,4544,3476,-968,114,-55,-14680,-2648,6244,-491,138,-115,0
3925.0758450031285,10760,4436,11172,-136,-32,115,10072,-9356,8268,-81,109,-163,-14724,4512,3524,-960,84,-67,-14668,-2640,6232,-497,90,-185,0
3925.1096999645233,10640,4264,10728,-163,251,67,10168,-9332,8440,-49,196,-140,-14696,4480,3324,-955,58,-82,-14508,-2576,6176,-487,72,-187,0
3925.1431770324707,10676,4528,10972,-157,53,56,10056,-9444,8352,-24,167,-165,-14440,4560,3380,-998,43,-54,-14560,-2556,6096,-461,113,-178,0
3925.1768300533295,10732,4448,11156,-157,85,67,9956,-9472,8280,-8,108,-156,-14692,4568,3324,-964,86,-64,-15032,-2580,5940,-454,105,-167,0
3925.210350036621,10728,4480,11372,-118,67,36,9964,-9496,8568,-16,140,-170,-14636,4860,3292,-1010,40,-57,-14660,-2384,5920,-478,103,-184,0
3925.243829011917,10640,4400,11064,-133,35,18,9988,-9400,8344,5,124,-189,-14824,4628,3324,-1011,79,-92,-14388,-2756,6312,-509,94,-178,0
3925.2775840759277,10624,4380,11016,-104,22,34,9980,-9456,8208,8,95,-180,-14356,4432,3384,-1027,4,-114,-14848,-2496,6352,-493,92,-218,0
3925.313318967819,10364,4520,11064,-130,79,48,9896,-9300,8420,-17,130,-169,-14752,4620,3456,-990,-46,-77,-14688,-2612,6264,-524,71,-194,0
3925.349393129349,10576,4464,11212,-123,98,56,9964,-9388,8676,-38,173,-141,-14568,4572,3300,-919,22,-57,-14628,-2688,6144,-759,71,-199,0
3925.3843600749974,10460,4532,10784,-155,42,62,9872,-9396,8452,-58,295,-70,-14792,4424,3184,-835,54,-94,-14628,-2640,6260,-459,142,-175,0
3925.419688940048,10584,4580,10984,-173,254,84,10220,-9444,8492,-93,144,-189,-14620,4608,3604,-911,72,-65,-14832,-2720,6300,-487,136,-162,0
3925.4548790454865,10584,4456,11240,-148,-26,53,9984,-9288,8620,-88,123,-204,-14564,4564,3492,-876,44,-131,-14584,-2620,6272,-520,191,-182,0
3925.4903740882874,10536,4424,11008,-133,-29,60,9952,-9420,8504,-107,132,-202,-14512,4464,3376,-846,51,-102,-14660,-2656,6292,-501,176,-167,0
3925.5261969566345,10508,4516,11080,-109,-25,58,10312,-9444,8432,-65,156,-159,-14440,4812,3512,-979,61,-50,-14668,-2664,6248,-504,122,-192,0
3925.561835050584,10676,4464,11260,-133,10,91,9980,-9316,8436,-10,169,-120,-14764,4416,3368,-1051,12,203,-14712,-2720,6052,-518,112,-181,0
3925.598055124283,10532,4612,11116,-148,35,94,9920,-9268,8408,-53,127,-125,-14592,4508,3276,-962,73,-251,-14720,-2692,6296,-519,77,-131,0
3925.633357048034,10412,4608,11192,-153,31,96,10076,-9416,8452,-96,330,-64,-14600,4408,3488,-793,54,-99,-14340,-2672,6304,-484,107,-166,0
3925.66892004013,10432,4564,11096,-183,-4,65,9764,-9344,8524,-111,139,-163,-14612,4580,3368,-959,61,-31,-14400,-2688,6284,-491,119,-146,0
3925.704153060913,10552,4560,10916,-174,6,62,9820,-9220,8512,-35,146,-174,-14572,4584,3308,-970,82,-73,-14840,-2628,6188,-506,113,-122,0
3925.7399179935455,10312,4424,11196,-150,249,88,9956,-9420,8340,-47,157,-130,-14628,4352,3364,-979,77,-13,-14536,-2532,6308,-473,79,-174,0
3925.774915933609,10496,4400,11220,-165,17,35,9976,-9400,8352,-41,162,-162,-14344,4728,3460,-902,32,-88,-14608,-2700,6288,-468,76,-160,0
3925.8105590343475,10504,4452,11148,-156,7,38,9952,-9412,8404,-49,404,-85,-14604,4512,3292,-855,66,-63,-14532,-2612,6308,-515,114,-157,0
3925.8459689617157,10452,4564,11188,-200,28,80,9896,-9372,8388,-51,142,-164,-14848,4840,3456,-959,156,-100,-14636,-2660,6368,-535,133,-77,0
3925.8817920684814,10740,4520,11356,-6,-72,147,9808,-9392,8500,-76,124,-177,-14600,4620,3504,-956,186,-103,-14612,-2720,6256,-486,166,-39,0
3925.9160511493683,10376,4584,11256,-218,-156,138,9916,-9508,8460,-74,107,-223,-14628,4860,3440,-945,153,-164,-14580,-2800,6256,-530,180,-87,0
3925.9533390998845,10564,4524,10964,-178,-184,158,9776,-9448,8532,-72,111,-242,-14480,4592,3472,-945,156,-141,-14492,-2708,6312,-521,192,-131,0
3925.9867601394653,10408,4536,11028,-188,-227,122,9820,-9432,8496,-80,108,-509,-14340,4600,3440,-936,119,-183,-14492,-2724,6284,-521,188,-119,0
3926.0204219818115,10540,4516,11048,-206,-200,127,9900,-9496,8532,-43,140,-243,-14348,4608,3440,-911,121,-198,-14636,-2652,6188,-522,189,-131,0
3926.053920030594,10652,4572,11164,-208,-210,104,10012,-9464,8464,-71,117,-10,-14724,4504,3412,-932,111,-132,-14744,-2652,6208,-522,196,-127,0
3926.0872919559483,10544,4424,11192,-217,-209,111,10036,-9400,8552,-27,128,-257,-14660,4552,3372,-989,95,-132,-14648,-2628,6140,-496,174,-109,0
3926.1207921504974,10728,4476,11260,-200,-218,129,9888,-9448,8292,-48,106,-269,-14504,4480,3240,-990,139,-171,-14344,-2592,6072,-482,188,-109,0
3926.1538379192352,10540,4500,11244,-243,-196,110,10000,-9364,8352,-41,91,-243,-14616,4644,3516,-979,125,-128,-14652,-2568,6392,-493,183,-74,0
3926.187267065048,10584,4464,11148,-249,-174,156,10088,-9360,8380,-14,106,-186,-14788,4600,3352,-1032,136,-96,-14692,-2656,6148,-479,160,-119,0
3926.220854997635,10656,4500,11060,-231,-153,151,10200,-9396,8176,-13,166,-188,-14836,4584,3400,-1273,94,-67,-14640,-2632,6224,-518,183,-94,0
3926.2543709278098,10712,4536,11092,-229,-115,147,10036,-9400,8476,-19,107,-211,-14668,4820,3500,-1031,108,-99,-14588,-2736,6204,-258,172,-83,0
3926.28788614273,10500,4452,11132,-224,-160,143,10008,-9416,8488,15,103,-207,-14540,4564,3416,-1044,87,-156,-14572,-2712,6188,-502,206,-118,0
3926.3211920261383,10464,4476,11052,-249,-190,84,9928,-9492,8360,-10,138,-232,-14348,4536,3492,-1272,55,-114,-14680,-2796,6280,-487,166,-117,0
3926.3544390201573,10600,4580,11104,-209,-166,79,9960,-9448,8436,-53,126,-246,-14840,4540,3476,-1003,52,-114,-14676,-2772,6208,-493,168,-123,0
3926.3876271247864,10684,4480,10812,-230,-159,102,9748,-9428,8284,-49,122,-219,-14664,4628,3252,-983,133,-112,-14612,-2516,6308,-464,110,-87,0
3926.4211621284485,10632,4384,10844,-221,-109,136,9956,-9412,8328,-32,91,-192,-14572,4544,3360,-993,135,-131,-14656,-2680,6168,-455,134,-132,0
3926.4546890258794,10688,4464,11036,-239,-113,94,9952,-9372,8368,-55,89,-205,-14596,4564,3372,-985,122,-74,-14580,-2664,6248,-488,156,-95,0
3926.4882209300995,10604,4496,11284,-211,-107,96,9960,-9464,8400,-51,120,-200,-14596,4488,3416,-1002,108,-52,-14588,-2640,6140,-497,135,-105,0
3926.521749973297,10548,4536,11084,-179,-78,112,9904,-9312,8516,-59,130,-180,-14608,4532,3284,-1034,92,-110,-14592,-2692,6160,-484,156,-109,0
3926.5552089214325,10532,4444,10928,-166,-46,128,9948,-9408,8300,-41,124,-151,-14480,4532,3548,-999,104,-67,-14464,-2676,6396,-479,120,-133,0
3926.5888490676884,10588,4436,11040,-161,-10,106,10004,-9320,8296,-40,184,-155,-14524,4356,3424,-993,83,-57,-14628,-2704,6060,-440,139,-152,0
3926.6222929954533,10592,4504,11048,-215,42,70,10008,-9304,8440,-29,196,-140,-14652,4328,3756,-1196,-31,72,-14720,-2592,6284,-441,149,-122,0
3926.6556761264806,10656,4448,10896,-239,67,94,10052,-9352,8412,-32,140,-123,-14672,4604,3432,-955,52,-36,-14828,-2640,6272,-434,88,-121,0
3926.689311981201,10624,4440,11100,-190,14,102,10220,-9644,8416,-15,147,-142,-14376,4624,3196,-991,58,-51,-14504,-2648,6196,-490,135,-144,0
3926.7228140830994,10496,4396,11180,-175,-16,98,9968,-9380,7992,-36,167,-169,-14760,4524,3532,-979,84,-71,-14608,-2756,6244,-485,131,-112,0
3926.7560589313507,10568,4464,11260,-174,-16,73,9932,-9268,8348,-13,191,-153,-14584,4608,3348,-1034,38,-33,-14644,-2728,6192,-482,139,-155,0
3926.7900021076202,10732,4460,11056,-168,6,81,10000,-9396,8332,-13,2,-88,-14800,4804,3396,-918,27,-95,-14688,-2708,6316,-477,134,-160,0
3926.822986125946,10632,4416,11048,-186,7,53,9900,-9480,8316,-51,178,-144,-14628,4572,3380,-973,68,-80,-14604,-2692,6124,-454,105,-181,0
3926.85682606697,10520,4460,11208,-194,33,71,9876,-9348,8656,-87,193,-158,-14608,4520,3336,-959,53,-56,-14628,-2556,6276,-466,55,-125,0
3926.8901290893555,10720,4428,11036,-177,62,51,9968,-9428,8472,-62,151,-128,-14800,4840,3100,-989,27,8,-14712,-2604,6296,-498,59,-149,0
3926.923674106598,10608,4404,11252,-189,-6,90,9904,-9420,8588,-251,116,-150,-14512,4560,3320,-1040,102,-21,-14716,-2728,6268,-443,63,-123,0
3926.9574480056763,10620,4540,10752,-162,72,83,9948,-9380,8360,-105,179,-129,-14628,4652,3448,-943,95,-63,-14572,-2684,6232,-499,64,-154,0
3926.9931759834294,10628,4404,11156,-184,-33,98,9908,-9372,8416,-64,164,-157,-14392,4620,3136,-991,77,-23,-14600,-2372,5972,-462,128,-121,0
3927.0289051532745,10692,4444,11128,-165,20,103,9912,-9388,8700,-8,122,-149,-14544,4520,3372,-1088,113,-63,-14684,-2780,6276,-465,79,-143,0
3927.0639131069183,10604,4536,11056,-203,13,84,10056,-9432,8232,-68,158,-166,-14720,4548,3504,-995,66,-60,-14604,-2668,6292,-485,50,-182,0
3927.0994510650635,10552,4588,11248,-165,-17,63,9900,-9480,8500,-28,154,-159,-14800,4600,3672,-1116,48,-64,-14672,-2712,6224,-501,40,-171,0
3927.134665966034,10532,4464,11044,-164,-255,56,9748,-9468,8520,-107,112,-142,-14500,4468,3420,-998,125,-24,-14352,-2624,6272,-537,77,-109,0
3927.1704640388493,10520,4472,11176,-114,-2,109,9824,-9544,8348,-23,92,-144,-14552,4604,3500,-1044,159,-69,-14840,-2668,6212,-519,107,-87,0
3927.205986022949,10508,4488,11120,-129,5,116,9900,-9476,8420,-52,118,-153,-14584,4844,3360,-965,144,-44,-14568,-2624,6396,-494,132,-127,0
3927.241797924042,10396,4484,11128,-179,-66,127,9916,-9500,8448,-43,132,-180,-14568,4644,3476,-1001,119,-117,-14844,-2744,6176,-466,160,-125,0
3927.277729988098,10280,4436,11048,-164,-76,104,9916,-9432,8216,-27,142,-184,-14592,4568,3492,-993,80,-117,-14816,-2768,6204,-462,138,-126,0
3927.312788963318,10444,4596,10928,-199,-85,69,9988,-9260,8488,-33,115,-237,-14624,4580,3516,-963,95,-148,-14356,-2784,6492,-463,152,-182,0
3927.3476510047913,10472,4496,11144,-158,-69,28,10564,-9340,8412,-67,306,-178,-14508,4640,3580,-996,72,-121,-14540,-2792,6192,-500,160,-227,0
3927.3833360671997,10672,4576,11096,-125,-110,17,9852,-9504,8436,-45,210,-256,-14560,4588,3540,-904,251,-145,-14640,-2668,6236,-488,176,-237,0
3927.4181890487675,10656,4472,11096,-154,-92,12,9904,-9380,8548,-28,217,-223,-14756,4576,3472,-956,-5,-96,-14672,-2752,6552,-504,140,-225,0
3927.4539070129395,10528,4588,11156,-162,-92,52,9884,-9560,8424,-85,203,-161,-14488,4616,3244,-851,35,-114,-14656,-2760,6144,-501,117,-213,0
3927.4894070625305,10492,4376,11116,-112,-60,70,9896,-9416,8564,-61,177,-149,-14616,4620,3368,-849,84,-68,-14716,-2704,6216,-487,20,-191,0
3927.5249149799347,10548,4504,11180,-108,-24,57,9940,-9404,8384,-48,173,-152,-14584,4432,3796,-860,34,-48,-14532,-2672,6216,-540,81,-199,0
3927.560353040695,10248,4436,11236,-138,-45,60,9988,-9364,8588,-29,225,-143,-14540,4640,3456,-864,35,-67,-14592,-2716,6332,-767,73,-236,0
3927.595469951629,10492,4484,11212,-130,-7,31,9880,-9468,8452,-45,492,-159,-14488,4600,3524,-784,-8,-124,-14568,-2664,6180,-580,89,-232,0
3927.6327619552612,10540,4600,11180,-127,-49,18,9824,-9472,8336,-36,216,-192,-14512,4676,3376,-820,255,-100,-14848,-2776,6280,-531,160,-187,0
3927.666198015213,10448,4516,11048,-156,-61,69,9856,-9532,8280,15,162,-151,-14428,4784,3232,-988,45,-76,-14412,-2596,6256,-524,208,-108,0
3927.699809074402,10452,4480,11188,-109,-125,176,9752,-9544,8236,85,73,-111,-14448,4772,3208,-772,74,-120,-14448,-2648,6244,-627,214,-105,0
3927.7334539890294,10476,4472,11076,-40,-180,232,9848,-9512,8368,156,83,-121,-14584,4648,3288,-1032,126,-204,-14624,-2652,6520,-621,177,-152,0
3927.767156124115,10628,4452,11204,23,-94,153,10640,-9440,7956,147,288,-183,-14820,4356,3328,-1138,159,-207,-14728,-2980,6208,-535,184,-164,0
3927.800548076629,10556,4808,11140,-118,-25,86,9896,-9408,8544,109,133,-171,-14592,4624,3384,-1080,47,-86,-14556,-2624,6284,-502,167,-140,0
3927.8337581157684,10528,4616,11224,-198,7,107,10016,-9452,8360,98,242,-62,-14696,4652,3552,-1092,-7,-46,-14624,-2824,6300,-640,98,-157,0
3927.8674249649043,10444,4504,11056,-98,-26,116,9864,-9432,8552,24,253,-66,-14604,4524,3420,-1018,30,-73,-14516,-2900,6264,-570,44,-218,0
3927.9009740352635,10336,4704,10936,-85,242,64,9880,-9216,8528,46,273,-143,-14480,4428,3564,-1000,23,-102,-14368,-3072,6076,-529,64,-253,0
3927.9344530105595,10388,4860,10848,-136,-69,9,9884,-9136,8704,32,279,-183,-14444,4180,3680,-968,-38,-116,-14500,-3144,6100,-506,191,-246,0
3927.9680929183965,10364,4828,10992,-207,-55,34,9756,-9248,8692,-31,233,-192,-14452,4512,3608,-953,40,-60,-14572,-2916,6188,-453,159,-108,0
3928.0017490386963,10368,4712,11204,-210,-56,127,9652,-9308,8636,-91,91,-173,-14472,4680,3484,-1010,184,-31,-14492,-2684,6240,-477,109,253,0
3928.0350041389465,10488,4524,11212,-195,-57,239,9832,-9576,8412,-57,-78,-123,-14444,4780,3168,-1107,265,-26,-14584,-2484,6272,-555,46,88,0
3928.0687329769135,10508,4432,11492,-158,-21,345,9864,-9588,8312,-45,-110,-29,-14676,4824,3516,-1148,306,52,-14708,-2640,6524,-558,-24,47,0
3928.1025209426884,10576,4448,11292,-161,-22,335,9912,-9524,8664,23,-35,-21,-14688,4644,3392,-1117,264,29,-14660,-2780,6420,-575,27,-7,0
3928.1358649730682,10516,4588,11460,-159,27,233,9924,-9652,8500,-28,93,-36,-14616,4688,3440,-1073,209,-5,-14536,-2764,6348,-587,88,-90,0
3928.1694071292877,10272,4604,11132,-105,-67,182,9848,-9508,8356,-65,116,-68,-14636,4656,3200,-1063,159,-43,-14676,-2800,6320,-614,77,-139,0
3928.2029089927673,10704,4476,11020,-106,-49,78,9896,-9388,8432,-50,206,-146,-14600,4496,3468,-1130,2,-113,-14520,-2908,6224,-534,104,-12,0
3928.236433982849,10472,4680,11108,-91,15,-8,10012,-9444,8564,-43,315,-185,-14628,4536,3364,-1052,-2,-88,-14620,-2816,6156,-446,116,-1,0
3928.2699649333954,10500,4652,11156,-126,-26,-26,9896,-9432,8580,-39,296,-198,-14844,4840,3448,-1026,-49,-90,-14816,-2580,5900,-515,161,-264,0
3928.3036489486694,10504,4572,11116,-70,-11,-12,9812,-9396,8552,17,239,-151,-14580,4704,3528,-1092,-23,-95,-14560,-2760,6144,-593,187,-247,0
3928.3372139930725,10420,4588,11184,-21,-70,85,9820,-9456,8500,95,248,-85,-14432,4804,3476,-1114,-5,-55,-14512,-2848,6192,-614,130,-179,0
3928.370795965194,10704,4684,11044,-60,254,177,9472,-9460,8624,73,222,-255,-14472,4736,3196,-1227,81,-38,-14520,-2856,6444,-605,55,-115,0
3928.4039261341095,10508,4704,11080,-50,17,199,9752,-9544,8536,47,171,24,-14432,4836,3424,-1178,124,-26,-14480,-2968,6320,-574,59,-136,0
3928.4375879764557,10428,4664,11140,-246,17,206,9660,-9496,8556,37,116,-23,-14516,4624,3792,-1165,127,-56,-14544,-2760,6268,-624,135,-78,0
3928.4710381031036,10432,4652,11232,-41,31,255,9648,-9360,8596,21,123,23,-14532,4700,3492,-1194,158,42,-14572,-2848,6336,-625,103,-53,0
3928.5045030117035,10548,4420,11056,-68,31,228,9768,-9236,8672,39,120,36,-14500,4556,3580,-1117,19,54,-14664,-2836,6300,-573,62,-112,0
3928.5379359722133,10344,4560,10816,-113,124,173,9948,-9440,8376,4,250,-245,-14512,4484,3384,-1073,21,19,-14456,-2996,6304,-456,102,-105,0
3928.5714030265813,10432,4852,11056,-145,11,110,9820,-9504,8344,33,293,-108,-14540,4516,3412,-1028,23,-97,-14536,-2880,6352,-426,198,-198,0
3928.605008125305,10416,4684,11124,-137,-65,77,9800,-9552,8416,71,323,-143,-14484,4352,3764,-1086,-48,-161,-14556,-2844,6276,-442,4,-228,0
3928.6384620666504,10480,4708,11104,-145,-125,28,9560,-9468,8552,73,320,-173,-14508,4620,3592,-1153,-92,-153,-14496,-2968,6228,-495,223,-248,0
3928.6744041442876,10256,4740,10872,-107,-87,-9,9796,-9352,8704,136,293,-183,-14652,4536,3624,-1248,-92,-146,-14532,-3008,6472,-464,148,-260,0
3928.710181951522,10404,4776,11124,-102,-40,-24,9800,-9236,8696,147,305,-173,-14408,4480,3548,-1179,-30,-143,-14644,-2720,6236,-516,121,-239,0
3928.74542093277,10472,4696,11208,-65,-18,65,9704,-9456,8644,140,204,-98,-14404,4672,3680,-1208,-10,-37,-14576,-2996,6384,-538,108,-185,0
3928.7809040546413,10404,4768,10760,-79,90,110,9652,-9336,8688,76,189,-26,-14424,4540,3512,-1147,36,27,-14568,-3000,6352,-569,-11,-129,0
3928.8160190582275,10444,4804,11016,-90,74,150,9668,-9552,8620,-14,140,-21,-14380,4668,3496,-1116,120,34,-14592,-2952,6268,-562,13,-108,0
3928.8518021106725,10488,4404,11140,-136,39,201,9552,-9484,8540,32,173,-30,-14524,4416,3696,-1158,40,31,-14516,-2876,6556,-613,18,-157,0
3928.8875079154964,10332,4436,11248,-118,32,187,9548,-9700,8628,37,248,-31,-14604,4584,3612,-1149,1,-240,-14536,-3012,6316,-494,45,-210,0
3928.9229099750523,10480,5032,11128,-201,23,59,9796,-9376,8732,34,329,-76,-14480,4552,3756,-1070,-30,-52,-14464,-3296,6264,-566,52,-276,0
3928.9585909843445,10280,4812,10988,-192,25,4,9500,-9372,8668,-11,249,-207,-14396,4268,3596,-1046,62,-59,-14108,-3024,6548,-455,178,-128,0
3928.9942951202393,10216,4940,11164,-200,-132,43,9540,-9268,8640,-88,126,-319,-14548,4480,3580,-982,202,-152,-14528,-3160,6408,-390,155,-82,0
3929.0297479629517,10224,4720,10928,-267,-136,49,9560,-9300,8720,-81,85,-303,-14432,4360,3620,-987,211,-94,-14488,-2904,6248,-380,147,-54,0
3929.0652239322662,10420,4720,10944,-258,-97,96,9712,-9396,8924,-154,61,-512,-14472,4644,3616,-1058,507,-80,-14528,-2868,6340,-375,173,245,0
3929.1012151241302,10348,4568,10968,-220,-86,171,9516,-9716,8900,-39,104,-154,-14500,4748,3528,-1123,299,-83,-14628,-2892,6492,-420,140,-77,0
3929.136136054992,10488,4672,11132,-188,4,176,9676,-9500,8648,-34,87,-175,-14624,4680,3904,-1104,180,-23,-14644,-3040,6528,-428,105,-119,0
3929.1718289852142,10272,4728,11060,-190,-9,113,9660,-9552,8720,-75,168,-165,-14396,4720,3732,-1082,124,-46,-14532,-2752,6340,-507,118,-104,0
3929.2080481052403,10264,4632,11056,-137,-53,128,9724,-9552,8524,-249,56,-151,-14540,4684,3560,-1151,210,-75,-14588,-2796,6240,-490,169,-99,0
3929.2431631088252,10400,4576,11152,-136,-147,191,9648,-9384,8656,45,102,-200,-14436,4508,3560,-1172,165,-177,-14528,-3032,6324,-420,262,-68,0
3929.2832729816437,10484,4756,11024,-272,-78,124,9480,-9280,8532,-124,37,-232,-14380,4672,3460,-1063,226,-89,-14480,-2728,6432,-449,140,-29,0
3929.3212399482723,10444,4560,11236,-179,-72,167,9680,-9544,8528,-70,4,-164,-14388,4692,3672,-1074,193,-34,-14704,-2780,6416,-476,80,-46,0
3929.354632139206,10556,4576,11332,-165,36,153,9844,-9568,8460,43,77,-124,-14372,4664,3572,-1177,84,-72,-14836,-2832,6428,-436,136,-96,0
3929.3880050182343,10284,4688,11168,-240,89,116,9548,-9532,8836,112,186,-150,-14612,4568,3576,-1081,68,-116,-14420,-2984,6144,-345,168,-129,0
3929.4218010902405,10320,4676,11056,-176,26,20,9772,-9468,8448,8,226,-266,-14588,4572,3760,-1137,4,-138,-14568,-2952,6256,-413,298,-189,0
3929.4554231166844,10396,4764,10948,-192,-145,55,9628,-9364,8716,25,225,-239,-14476,4456,3704,-1127,-98,-127,-14568,-2876,6292,-409,243,-157,0
3929.4886760711674,10428,4828,11036,-223,-111,91,9628,-9256,8932,57,148,-220,-14764,4416,3560,-1097,19,-125,-14356,-3016,6204,-361,209,-128,0
3929.5221989154816,10412,4788,11068,-318,-77,103,9944,-8992,8808,48,176,-226,-14376,4464,3716,-1086,83,-59,-14580,-2960,6384,-313,160,-132,0
3929.5556619167332,10072,4700,11080,-353,-27,50,9736,-9428,8744,43,182,-185,-14548,4812,3720,-1032,82,-26,-14688,-2824,6456,-342,133,-143,0
3929.5894391536713,10468,4704,11152,-368,-41,63,9716,-9480,8672,58,183,-205,-14488,4600,3696,-929,51,-48,-14348,-2876,6168,-412,153,-116,0
3929.6229500770573,10356,4768,11280,-320,-107,62,9968,-9580,8636,17,145,-274,-14584,4652,3692,-972,77,-142,-14524,-2944,6424,-393,201,-93,0
3929.656247138977,10348,4732,11232,-262,-240,97,9596,-9624,8756,27,46,-290,-14576,4708,3660,-968,104,-180,-14528,-2716,6640,-527,221,-82,0
3929.6895370483403,10408,4480,11016,-167,-278,158,9752,-9532,8460,17,84,-239,-14540,4612,3736,-1002,62,-133,-14696,-2808,6436,-568,206,-103,0
3929.723107099533,10436,4576,11208,-191,-170,171,9724,-9412,8664,13,151,-189,-14532,4560,3760,-999,95,-86,-14548,-2916,6200,-477,96,-118,0
3929.7567260265355,10356,4572,11072,-216,-119,132,9640,-9408,8584,7,192,-193,-14492,4592,3580,-1001,82,-111,-14480,-2868,6224,-511,178,-92,0
3929.7900760173798,10280,4680,11152,-228,-159,162,9948,-9400,8544,12,121,-225,-14620,4584,3404,-990,118,-178,-14768,-2872,6296,-497,185,-94,0
3929.8236589431763,10424,4616,11176,-185,-234,128,9732,-9388,8772,67,93,-260,-14572,4620,3676,-1086,160,-192,-14696,-2884,6396,-548,216,-110,0
3929.8572850227356,10580,4636,11088,-203,-182,144,9708,-9420,8656,41,87,-234,-14760,4640,3756,-1067,122,-129,-14848,-2704,6364,-517,161,-88,0
3929.8902060985565,10572,4516,11116,-194,-132,146,9744,-9404,8616,31,59,-159,-14684,4696,3640,-1066,127,-87,-14636,-2576,6344,-581,89,-108,0
3929.923690080642,10504,4632,11096,-197,-135,173,9692,-9456,8692,-253,31,-181,-14620,4632,3608,-1110,169,-121,-14544,-2904,6260,-545,93,-122,0
3929.9574451446533,10500,4612,11004,-156,-151,119,9752,-9428,8688,31,148,-202,-14624,4456,3648,-1123,71,-142,-14560,-2840,6244,-523,140,-164,0
3929.9906301498413,10664,4752,11084,-190,-150,41,9776,-9196,8664,42,270,-174,-14560,4580,3400,-1061,37,-166,-14408,-3020,6188,-263,150,-199,0
3930.0241160392766,10388,4764,10924,-163,-139,54,9600,-9296,8476,25,237,-185,-14468,4432,3696,-1041,50,-208,-14532,-3016,6264,-493,196,-165,0
3930.0576269626613,10164,4376,10964,-42,-73,20,9720,-9212,8764,9,168,-252,-14512,4424,3448,-1004,87,-203,-14836,-2836,6292,-453,136,-162,0
3930.0908761024475,10592,4684,11036,-104,-117,47,9624,-9424,8472,-75,133,-206,-14568,4352,3824,-972,66,-54,-14624,-2748,6252,-497,67,-146,0
3930.124465942383,10544,4620,11188,-131,-3,118,9744,-9352,8504,-45,90,-128,-14296,4508,3812,-1013,116,-12,-14364,-2788,6132,-265,146,-12,0
3930.157949924469,10360,4708,11000,-156,11,217,9716,-9348,8584,-134,-28,-156,-14308,4352,3464,-990,314,-25,-14372,-2852,6264,-442,139,49,0
3930.1912820339203,10412,4572,10960,-233,-132,203,9772,-9344,8436,-126,58,-233,-14484,4420,3608,-775,299,-132,-14488,-2748,6184,-408,307,16,0
3930.2249450683594,10516,4608,11060,-291,-98,189,9728,-9384,8544,-84,98,-210,-14568,4568,3588,-1069,3,-112,-14660,-2852,6236,-329,270,74,0
3930.2584331035614,10404,4588,11168,-266,-23,194,9492,-9156,8920,-31,46,-179,-14572,4464,3624,-1020,242,-19,-14508,-3024,6360,-287,179,23,0
3930.2916769981384,10352,4704,11160,-299,5,139,9800,-9320,8676,-77,41,-201,-14840,4488,4024,-951,131,-100,-14492,-2988,6200,-342,216,-20,0
3930.3252339363094,10464,4676,11096,-289,-92,119,9760,-9444,8696,-66,60,-244,-14652,4420,3708,-976,106,-149,-14696,-2844,6192,-378,302,-54,0
3930.3618919849396,10460,4672,11264,-228,-85,98,9776,-9380,8608,-50,21,-260,-14460,4504,3608,-978,143,-64,-14608,-2760,6316,-379,239,-256,0
3930.3977079391484,10364,4704,11028,-512,-16,147,9660,-9412,8792,-117,-53,-255,-14476,4756,3660,-913,209,-64,-14536,-2884,6384,-291,113,5,0
3930.433263063431,10388,4492,11184,-311,-27,143,9736,-9512,8632,-76,-23,-272,-14560,4552,3424,-981,197,-51,-14512,-2568,6360,-329,195,-15,0
3930.468316078186,10492,4528,11220,-283,-79,94,9728,-9520,8716,-72,142,-267,-14636,4388,3608,-990,131,-158,-14768,-2604,6280,-409,275,-109,0
3930.5043809413914,10532,4612,11256,-204,-90,55,9812,-9372,8452,-42,135,-290,-14456,4508,3828,-989,72,-160,-14632,-2796,6236,-476,0,-148,0
3930.539818048477,10404,4764,11180,-185,-58,26,9520,-9436,8476,-53,119,-287,-14516,4380,3580,-831,5,-99,-14664,-2808,6320,-405,228,-105,0
3930.5754699707036,10404,4684,11028,-226,-87,40,9764,-9244,8552,-105,110,-309,-14544,4400,3520,-870,126,-148,-14632,-2772,6292,-379,206,-137,0
3930.6116850376134,10408,4696,11180,-261,-108,61,9716,-9316,8588,-158,97,-306,-14588,4448,3732,-962,147,-72,-14560,-2736,6264,-363,225,-52,0
3930.647640943527,10456,4652,11048,-278,-110,92,9812,-9368,8468,-169,88,-276,-14412,4488,3588,-965,262,-65,-14664,-2768,6188,-406,175,25,0
3930.682676076889,10516,4628,11048,-324,-75,134,9736,-9392,8612,-171,-5,-259,-14480,4472,3324,-929,292,-19,-14668,-2816,6200,-353,118,22,0
3930.719208955765,10516,4384,11028,-323,-92,149,9864,-9664,8500,-223,-94,-246,-14560,4612,3488,-916,301,4,-14392,-2704,6272,-409,123,72,0
3930.7545850276947,10448,4556,11216,-319,-64,158,9732,-9464,8620,-159,-58,-224,-14612,4808,3436,-957,320,-58,-14372,-2692,6388,-430,87,251,0
3930.789829015732,10460,4516,11260,-212,-72,153,9736,-9500,8472,-155,28,-235,-14692,4520,3464,-1010,324,-96,-14660,-2736,6252,-411,111,-105,0
3930.825364112854,10384,4604,11216,-240,-108,51,9892,-9432,8556,-130,116,-251,-14840,4824,3388,-965,218,-72,-14600,-2672,6248,-488,149,-107,0
3930.8612899780273,10452,4796,10972,-207,-25,39,9868,-9356,8520,-104,69,-237,-14848,4548,3332,-972,293,-37,-14624,-2672,6364,-428,45,-77,0
3930.897290945053,10416,4612,11120,-224,11,73,10184,-9420,8552,-93,71,-179,-14700,4384,3452,-1041,216,-44,-14660,-2612,6296,-438,81,-97,0
3930.9322299957275,10408,4536,11332,-242,-71,90,9892,-9440,8520,-91,128,-201,-14636,4572,3360,-962,211,-88,-14564,-2616,6240,-470,118,-106,0
3930.968272924423,10416,4524,11112,-209,-135,81,9836,-9464,8352,-70,96,-206,-14340,4616,3440,-974,206,-61,-14780,-2736,6260,-464,185,-99,0
3931.004828929901,10364,4572,10884,-206,-104,87,9804,-9316,8252,-42,130,-203,-14544,4376,3140,-991,165,-128,-14564,-2744,6324,-484,218,-52,0
3931.0384609699254,10480,4572,11352,-214,-60,114,9880,-9436,8300,-29,135,-210,-14656,4848,3276,-1007,216,-136,-14592,-2676,6360,-467,210,-78,0
3931.071983098984,10472,4624,11320,-255,-51,109,9768,-9372,8564,-3,99,-222,-14584,4580,3504,-972,195,-98,-14528,-2700,6184,-474,245,-33,0
3931.1054821014404,10448,4660,11216,-266,-67,128,9792,-9360,8712,-14,51,-232,-14584,4544,3432,-981,138,-77,-14656,-2696,6624,-470,225,28,0
3931.139079093933,10372,4708,11276,-289,-138,168,9880,-9404,8512,-20,48,-223,-14576,4456,3504,-946,182,-160,-14584,-2744,6360,-434,229,40,0
3931.1723930835724,10412,4552,11196,-290,-201,197,9964,-9452,8216,-68,67,-248,-14600,4820,3252,-942,167,-142,-14752,-2656,6252,-421,302,-20,0
3931.205810070038,10460,4520,11252,-290,-259,190,9872,-9368,8392,-92,65,-279,-14848,4816,3400,-900,77,-140,-14616,-2672,6288,-419,289,-11,0
3931.239501953125,10552,4596,10960,-284,-263,177,9952,-9428,8356,-49,145,-235,-14620,4580,3388,-924,70,-139,-14616,-2624,6348,-473,265,-54,0
3931.273047924042,10448,4460,11256,-289,-229,166,9840,-9408,8352,-17,149,-256,-14612,4572,3412,-915,87,-157,-14716,-2800,6392,-419,280,-35,0
3931.306421041488,10604,4464,11128,-291,-182,145,9920,-9340,8492,-11,84,-275,-14672,4640,3392,-912,120,-156,-14636,-2648,6280,-457,1,-67,0
3931.3400230407715,10244,4488,11228,-267,-198,177,9916,-9372,8592,-43,115,-227,-14664,4624,3444,-996,113,-162,-14744,-2620,6248,-466,229,-41,0
3931.373505115509,10600,4444,11100,-305,-188,160,9924,-9440,8668,47,53,-226,-14600,4544,3368,-1062,125,-144,-14712,-2640,6212,-473,216,-75,0
3931.4072959423065,10584,4456,11112,-271,-202,181,9912,-9396,8584,12,70,-205,-14528,4544,3472,-1023,141,-110,-14648,-2688,6232,-501,189,-57,0
3931.4411001205444,10500,4544,11124,-508,-236,173,9968,-9472,8692,-30,17,-266,-14580,4452,3208,-1030,219,-116,-14688,-2500,6144,-517,174,-48,0
3931.4747180938725,10620,4420,11132,-240,-192,194,9992,-9268,8432,-256,-3,-246,-14804,4816,3444,-1048,293,-172,-14584,-2580,6336,-545,136,-58,0
3931.5079510211945,10704,4444,10988,-193,-140,177,9996,-9384,8404,-3,39,-177,-14664,4520,3440,-1041,202,-126,-14696,-2676,6152,-534,69,-116,0
3931.5416800975804,10668,4576,11136,-208,-118,126,9812,-9356,8540,-60,74,-192,-14592,4436,3404,-1027,182,-93,-14612,-2808,5908,-499,85,-86,0
3931.5752799510956,10540,4508,11260,-153,-61,135,9884,-9384,8388,-70,76,-178,-14640,4468,3364,-1017,212,-45,-14528,-2640,6048,-519,91,-138,0
3931.608603954315,10572,4420,10980,-135,-18,103,10032,-9280,8700,-40,138,-172,-14580,4456,3400,-1047,201,-78,-14648,-2564,5908,-517,97,-134,0
3931.641881942749,10556,4464,10804,-147,36,74,10080,-9244,8464,19,147,-173,-14652,4392,3416,-1083,164,-84,-14620,-2580,6100,-476,136,-106,0
3931.675548076629,10680,4548,11028,-177,-40,95,9900,-9412,8576,9,139,-179,-14672,4412,3468,-1061,204,-104,-14640,-2676,6312,-469,168,-92,0
3931.7090010643005,10572,4520,11164,-173,8,90,9992,-9420,8208,-9,71,-207,-14656,4568,3440,-1060,176,-71,-14600,-2816,6180,-456,162,-98,0
3931.742485046386,10508,4480,11272,-164,-84,109,10004,-9352,8468,-46,91,-216,-14700,4588,3484,-1022,72,-95,-14612,-2780,6304,-519,161,-118,0
3931.7759931087494,10596,4584,11216,-198,-40,135,9856,-9296,8400,-70,176,-145,-14600,4584,3484,-984,34,-74,-14840,-2616,6232,-475,94,-118,0
3931.8094370365143,10396,4440,11124,-221,-62,146,9904,-9420,8424,-95,152,-105,-14552,4488,3312,-1004,105,-47,-14600,-2616,6128,-435,115,-69,0
3931.842895984649,10488,4496,11164,-220,-61,163,9940,-9220,8668,-50,126,-177,-14832,4416,3244,-769,99,-54,-14600,-2656,6216,-441,176,-56,0
3931.8765001296997,10240,4508,11008,-181,-64,118,9916,-9356,8524,-16,136,-162,-14656,4560,3076,-1000,80,-107,-14828,-2712,6256,-452,173,-129,0
3931.9095749855046,10488,4404,10984,-208,-79,123,10096,-9444,8552,-252,144,-200,-14656,4496,3332,-1008,90,-145,-14664,-2640,6192,-455,218,-118,0
3931.9431090354924,10572,4488,11248,-190,-141,119,10216,-9376,8200,-24,147,-240,-14816,4652,3300,-1006,53,-107,-14624,-2496,6252,-473,227,-124,0
3931.976706981659,10616,4388,11244,-198,-156,91,9980,-9408,8360,10,131,-238,-14788,4484,3352,-1041,27,-122,-14640,-2504,6260,-468,207,-109,0
3932.0097999572754,10572,4512,11264,-176,-49,103,10012,-9360,8336,-10,198,-167,-14740,4436,3384,-1019,39,-69,-14680,-2308,6360,-443,134,-138,0
3932.047539949417,10668,4516,11156,-203,-75,84,9764,-9356,8484,-39,210,-173,-14632,4512,3168,-991,33,-99,-14640,-2652,6240,-463,143,-152,0
3932.0824909210205,10604,4480,11080,-230,-32,88,9900,-9388,8368,9,166,-148,-14608,4504,3460,-1050,39,-56,-14680,-2712,6192,-458,121,-104,0
3932.1176419258118,10620,4464,10844,-194,-19,101,10016,-9320,8456,5,146,-162,-14712,4464,3372,-1039,58,-100,-14628,-2672,6204,-491,106,-118,0
3932.1538379192352,10572,4536,11060,-174,-43,96,9864,-9348,8472,-31,169,-193,-14804,4476,3364,-984,52,-42,-14640,-2680,6288,-482,120,-175,0
3932.1893200874333,10444,4520,11040,-168,-53,63,9936,-9324,8460,-37,173,-163,-14472,4592,3344,-976,65,-97,-14844,-2620,6188,-505,155,-129,0
3932.2245569229126,10544,4448,11160,-182,-42,65,9876,-9352,8632,-249,144,-196,-14604,4596,3264,-1011,123,-61,-14524,-2712,6160,-508,193,-143,0
3932.2601070404053,10588,4528,11388,-160,-46,111,10088,-9360,8512,-22,129,-183,-14648,4512,3308,-1014,118,-123,-14616,-2640,6224,-477,139,-80,0
3932.295517921448,10588,4540,11196,-192,-108,119,10060,-9412,8696,-37,139,-173,-14628,4608,3568,-1031,128,-101,-14612,-2744,6244,-457,173,-98,0
3932.331762075424,10432,4560,11068,-216,-81,117,9856,-9396,8468,-41,118,-190,-14768,4520,3464,-982,108,-61,-14680,-2572,6308,-462,144,-111,0
3932.3677339553833,10556,4492,11140,-187,-88,125,9940,-9340,8536,-42,105,-194,-14660,4468,3568,-1015,98,-90,-14632,-2580,6180,-514,137,-113,0
3932.4026010036478,10632,4424,11164,-182,-66,128,9988,-9356,8284,-60,144,-192,-14376,4512,3272,-998,114,-83,-14652,-2728,6360,-485,127,-132,0
3932.438301086426,10296,4464,11056,-208,-72,121,10196,-9496,8688,-59,142,-201,-14532,4464,3356,-995,76,-80,-14824,-2600,6284,-487,151,-120,0
3932.4733469486237,10520,4460,11120,-197,-87,88,10020,-9388,8420,-21,134,-179,-14636,4572,3436,-1010,81,-44,-14736,-2716,6192,-496,131,-137,0
3932.5088839530945,10512,4444,11132,-168,-101,91,9956,-9332,8320,-18,149,-185,-14532,4496,3236,-1019,100,-105,-14524,-2608,6172,-477,166,-118,0
3932.544420003891,10508,4548,11020,-216,-73,102,9956,-9496,8540,-37,107,-178,-14672,4560,3340,-1006,138,-75,-14632,-2740,6092,-443,136,-99,0
3932.5807340145116,10528,4480,11160,-190,-88,109,10024,-9368,8452,-84,131,-182,-14392,4532,3556,-998,106,-82,-14660,-2348,6204,-487,153,-136,0
3932.6159579753876,10584,4440,11060,-179,-20,96,10160,-9356,8664,-44,100,-156,-14620,4584,3120,-1078,121,-77,-14832,-2664,6272,-524,78,-129,0
3932.6514880657196,10532,4476,11236,-123,49,78,9956,-9224,8452,-78,152,-109,-14648,4472,3348,-995,30,-78,-14620,-2668,6192,-485,-5,-175,0
3932.6881000995636,10524,4452,11124,-150,92,51,10008,-9236,8256,-43,137,-129,-14636,4512,3468,-932,-18,6,-14700,-2468,6136,-257,37,-205,0
3932.7216711044316,10624,4480,10968,-132,117,8,9944,-9356,8688,3,175,-120,-14612,4536,3152,-1085,65,-5,-14608,-2676,6116,-472,66,-160,0
3932.7552700042725,10464,4580,11080,-145,108,49,10048,-9376,8492,4,170,-130,-14672,4424,3432,-990,71,-46,-14708,-2716,6224,-475,69,-175,0
3932.7887759208684,10708,4584,11420,-141,102,54,9768,-9316,8392,-31,148,-131,-14572,4396,3432,-770,80,-59,-14824,-2700,6328,-490,68,-172,0
3932.8223259449005,10424,4548,11312,-113,49,71,9776,-9372,8452,-56,152,-153,-14676,4672,3544,-992,62,-42,-14484,-2720,6384,-527,82,-164,0
3932.8556740283966,10392,4500,11136,-118,3,67,9832,-9416,8232,-45,254,-66,-14672,4620,3440,-962,51,-51,-14532,-2640,6284,-526,113,-152,0
3932.8890919685364,10444,4468,11020,-106,-247,54,9924,-9396,8572,-76,148,-143,-14832,4672,3464,-1005,60,-54,-14812,-2728,6180,-509,77,-145,0
3932.92254114151,10364,4492,11044,-143,-16,93,9844,-9264,8512,-76,158,-166,-14620,4544,3316,-1036,107,-72,-14612,-2656,6436,-486,104,-118,0
3932.9564189910893,10392,4572,11216,-153,15,64,9944,-9376,8292,-75,279,-171,-14580,4464,3488,-920,67,-92,-14604,-2716,6256,-485,119,-140,0
3932.9898920059204,10464,4544,11260,-154,-41,85,9728,-9416,8648,-55,171,-195,-14376,4544,3364,-999,68,-78,-14792,-2644,6136,-483,147,-127,0
3933.0234661102295,10456,4512,11056,-127,-58,79,9892,-9380,8524,-84,146,-179,-14408,4516,3480,-961,71,-85,-14820,-2656,6212,-458,185,-101,0
3933.057182073593,10440,4528,11232,-141,-66,97,9916,-9416,8616,-101,149,-189,-14392,4424,3408,-951,41,-55,-14664,-2652,6324,-447,158,-132,0
3933.0908420085907,10512,4516,11132,-159,-40,64,9864,-9356,8220,-67,179,-171,-14424,4508,3564,-973,1,-64,-14604,-2664,6148,-412,168,-121,0
3933.1244411468506,10548,4464,11300,-191,-56,100,9888,-9312,8552,-57,189,-154,-14844,4456,3396,-903,-65,-65,-14524,-2584,6236,-441,178,-107,0
3933.157982110977,10540,4548,11040,-178,-4,87,9932,-9368,8536,-32,187,-162,-14348,4504,3284,-961,-23,-99,-14564,-2588,6232,-437,181,-114,0
3933.1917519569397,10296,4608,11056,-195,-30,103,9940,-9380,8524,-31,419,-116,-14408,4380,3180,-851,41,-98,-14640,-2572,6264,-459,161,-104,0
3933.2254469394684,10396,4844,11020,-203,-43,133,9956,-9336,8556,-81,122,-149,-14372,4532,3440,-960,80,-46,-14672,-2700,6292,-450,160,-110,0
3933.258943080902,10636,4516,11192,-207,-52,116,10008,-9536,8528,-65,132,-184,-14656,4376,3456,-994,49,-66,-14656,-2596,6180,-469,169,-113,0
3933.2924680709843,10404,4620,11236,-244,-68,124,9932,-9428,8536,-23,163,-131,-14520,4484,3324,-986,17,-89,-14648,-2700,6344,-467,108,-117,0
3933.326066017152,10544,4624,11264,-186,-49,102,9976,-9400,8512,-93,153,-165,-14596,4552,3428,-997,37,-103,-14396,-2648,6252,-487,83,-113,0
3933.359959125519,10452,4580,11192,-198,-41,87,9896,-9476,8596,-51,140,-190,-14608,4572,3436,-997,92,-86,-14360,-2604,6368,-492,116,-129,0
3933.3932950496674,10480,4548,11124,-222,-32,134,10068,-9348,8372,-38,122,-159,-14612,4708,3376,-1014,111,-44,-14592,-2492,6240,-480,135,-90,0
3933.4268851280212,10456,4624,11368,-243,-66,164,9824,-9356,8556,-72,122,-177,-14420,4544,3408,-1003,134,-35,-14692,-2600,6360,-470,133,-60,0
3933.4603600502014,10524,4556,11140,-243,-113,135,9904,-9536,8612,-86,108,-201,-14556,4584,3388,-901,132,-112,-14724,-2720,6384,-515,153,-67,0
3933.49380493164,10372,4612,11340,-234,-150,140,9888,-9408,8516,-74,140,-198,-14632,4524,3404,-945,125,-146,-14668,-2664,6304,-479,134,-98,0
3933.5273599624634,10472,4568,11140,-246,-142,147,9892,-9232,8524,-60,80,-226,-14568,4612,3472,-1024,166,-113,-14540,-2588,6268,-538,141,-108,0
3933.5609979629517,10336,4556,11156,-212,-146,171,9872,-9272,8564,-36,60,-223,-14484,4568,3404,-1034,160,-84,-14796,-2664,6240,-519,140,-97,0
3933.5943450927734,10484,4544,11176,-216,-201,146,9988,-9440,8392,-35,56,-238,-14600,4516,3412,-1004,193,-160,-14628,-2596,6272,-483,143,-80,0
3933.627855062485,10492,4404,11160,-169,-142,145,9884,-9316,8660,-18,70,-220,-14384,4796,3396,-1034,164,-164,-14652,-2656,6212,-495,198,-83,0
3933.6612939834595,10460,4488,11044,-213,-171,162,9736,-9704,8340,-15,94,-220,-14844,4448,3420,-1007,184,-130,-14472,-2600,6332,-472,232,-51,0
3933.6945400238037,10420,4552,11168,-226,-204,164,9944,-9332,8292,-29,111,-247,-14680,4464,3672,-987,210,-132,-14672,-2656,6308,-438,186,-80,0
3933.7323451042175,10604,4528,11032,-280,-241,171,10236,-9324,8216,-8,91,-246,-14744,4512,3644,-1268,159,-166,-14664,-2420,6228,-448,206,-66,0
3933.7674679756165,10604,4500,11172,-246,-221,153,9988,-9352,8448,-33,71,-233,-14684,4848,3524,-997,146,-160,-14692,-2756,6164,-482,162,-124,0
3933.8031001091003,10340,4828,11128,-221,-159,128,10008,-9404,8488,30,109,-222,-14596,4532,3272,-1031,122,-118,-14384,-2584,6260,-508,179,-131,0
3933.8386900424957,10576,4552,10904,-167,-176,103,9936,-9364,8444,14,92,-200,-14776,4452,3436,-1033,136,-126,-14544,-2512,6172,-466,200,-107,0
3933.8741970062256,10500,4500,11148,-247,-159,146,9748,-9400,8432,17,89,-230,-14624,4340,3284,-1266,117,-99,-14668,-2676,5936,-413,200,-57,0
3933.9094109535213,10536,4524,10876,-239,-179,136,9800,-9368,8244,-23,104,-208,-14796,4616,3312,-1025,128,-101,-14572,-2720,6236,-432,194,-112,0
3933.9445171356206,10564,4420,11064,-296,-180,144,10068,-9452,8488,38,137,-200,-14620,4460,3360,-1063,64,-147,-14780,-2692,5912,-446,211,-84,0
3933.9802229404454,10556,4588,11188,-512,-185,148,9876,-9412,8460,-9,150,-161,-14616,4424,3360,-1013,90,-116,-14612,-2392,6308,-469,202,-98,0
3934.0153090953827,10600,4508,11028,-193,-159,119,9900,-9396,8496,-90,134,-216,-14652,4592,3264,-775,109,-135,-14344,-2520,6268,-535,194,-90,0
3934.0502610206604,10748,4508,11256,-160,-127,136,10088,-9428,8308,-89,133,-194,-14656,4524,3232,-1078,174,-48,-14736,-2524,6216,-553,105,-112,0
3934.087160110473,10592,4444,11256,-107,-26,123,10000,-9336,8320,-55,161,-156,-14632,4476,3448,-1043,207,-50,-14588,-2676,6192,-639,72,-152,0
3934.1230709552765,10560,4488,11000,-117,74,96,10052,-9300,8272,-42,195,-121,-14620,4496,3288,-1012,202,-250,-14604,-2608,6300,-616,146,-133,0
3934.158718109131,10592,4484,11060,-163,8,81,10008,-9444,8404,-19,167,-162,-14604,4484,3320,-1075,185,-71,-14560,-2512,6076,-567,144,-134,0
3934.1944561004643,10544,4500,11160,-169,-30,113,9912,-9332,8476,8,130,-161,-14636,4544,3348,-1046,160,-80,-14620,-2576,6200,-472,197,-122,0
3934.2303559780125,10576,4464,11116,-158,-71,113,9728,-9400,8568,-58,124,-187,-14604,4600,3216,-957,145,-96,-14712,-2588,6220,-495,184,-117,0
3934.2655570507054,10740,4456,11132,-165,-34,89,9904,-9456,8428,-15,151,-136,-14620,4544,3348,-993,82,-75,-14692,-2596,6188,-465,125,-126,0
3934.303911924362,10616,4448,11088,-163,39,99,10000,-9324,8484,-14,134,-143,-14660,4548,3100,-1042,74,-19,-14816,-2360,6288,-453,139,-148,0
3934.3400831222534,10244,4520,11088,-197,48,82,9872,-9336,8384,-254,164,-137,-14492,4524,3352,-1054,58,18,-14584,-2604,6272,-404,124,-130,0
3934.3762090206146,10508,4400,11208,-230,26,116,9884,-9288,8268,0,142,-136,-14600,4552,3416,-1021,21,-60,-14560,-2648,6244,-388,132,-106,0
3934.4095830917363,10580,4532,11124,-199,-4,92,9968,-9432,8396,-68,125,-161,-14580,4516,3188,-985,74,-94,-14624,-2676,6212,-447,120,-134,0
3934.443170070648,10556,4424,10928,-160,-41,87,10012,-9392,8408,-256,127,-169,-14368,4516,3084,-1046,115,-75,-14656,-2532,6156,-450,96,-125,0
3934.4765081405644,10472,4408,11068,-189,8,82,9904,-9340,8268,9,123,-171,-14628,4560,3388,-1091,132,-28,-14744,-2520,6348,-440,92,-151,0
3934.5100989341736,10536,4432,10968,-162,-12,74,9940,-9388,8656,23,136,-170,-14648,4672,3440,-1088,132,-74,-14644,-2572,6276,-464,104,-145,0
3934.543641090393,10520,4532,11200,-130,37,47,9940,-9348,8536,-19,155,-139,-14576,4484,3380,-1046,91,-74,-14596,-2640,6268,-477,79,-170,0
3934.5773000717163,10632,4408,11200,-125,26,53,9944,-9460,8452,-28,143,-148,-14708,4544,3372,-1044,60,-52,-14576,-2572,6400,-471,102,-179,0
3934.6127989292145,10544,4604,11088,-137,-1,58,9780,-9420,8668,-57,179,-140,-14556,4672,3464,-1277,65,-56,-14644,-2588,6308,-505,94,-124,0
3934.6461529731755,10556,4496,11208,-143,30,81,9888,-9372,8504,-70,157,-133,-14528,4508,3436,-1003,89,-60,-14728,-2660,6208,-464,44,-157,0
3934.6798279285435,10532,4528,11172,-140,-26,52,9688,-9364,8588,-5,160,-207,-14504,4488,3296,-1261,3,-71,-14848,-2608,6288,-264,91,-180,0
3934.713443994522,10456,4816,11148,-113,22,29,9856,-9384,8564,-25,172,-140,-14804,4580,3280,-1057,49,-76,-14844,-2376,6240,-503,114,-140,0
3934.7469279766083,10344,4464,11160,-115,34,73,9844,-9324,8380,-45,151,-123,-14704,4808,3476,-1009,72,-15,-14368,-2684,6264,-761,121,-127,0
3934.7805559635162,10468,4548,11312,-121,-251,71,9868,-9380,8388,-68,178,-139,-14628,4604,3408,-973,36,-65,-14796,-2640,6244,-471,123,-188,0
3934.813998937607,10580,4492,11276,-128,-4,92,9848,-9388,8192,-78,147,-178,-14688,4536,3524,-985,87,-85,-14648,-2620,6128,-499,135,-145,0
3934.8476300239563,10372,4512,11072,-153,-44,87,9884,-9312,8572,-57,156,-165,-14532,4636,3444,-1280,60,-91,-14580,-2708,6336,-499,131,-100,0
3934.8810360431676,10524,4560,11104,-126,-34,118,9824,-9364,8508,-31,131,-156,-14348,4552,3256,-1277,89,-24,-14560,-2640,6232,-495,127,-128,0
3934.9144809246063,10476,4624,11148,-171,-62,106,9936,-9336,8504,-40,125,-152,-14364,4524,3548,-988,69,-58,-14576,-2564,6216,-461,148,-131,0
3934.9480299949646,10328,4492,11140,-193,249,76,9744,-9260,8168,-35,416,-178,-14492,4456,3380,-856,66,-119,-14632,-2728,6300,-464,163,-132,0
3934.9814929962163,10420,4684,11232,-231,-41,93,9780,-9656,8500,-39,202,-143,-14824,4572,3504,-936,56,-103,-14380,-2664,6196,-446,193,-69,0
3935.0153160095215,10404,4372,11116,-297,-107,154,9876,-9376,8620,-61,171,-199,-14580,4512,3532,-946,41,-100,-14848,-2596,6256,-415,235,-52,0
3935.048968076706,10416,4640,11240,-312,-199,146,9856,-9412,8492,-54,145,-234,-14584,4376,3520,-894,113,-129,-14584,-2760,6352,-462,298,-40,0
3935.082587957382,10436,4596,11456,-265,-264,157,9892,-9480,8476,-117,103,-270,-14720,4644,3508,-861,101,-136,-14576,-2724,6376,-538,231,-74,0
3935.1161019802094,10520,4440,11276,-188,-246,143,9908,-9636,8648,-124,88,-241,-14532,4644,3296,-929,117,-123,-14516,-2424,6124,-539,162,-74,0
3935.1497631073,10436,4424,11156,-183,-227,193,9836,-9340,8480,-73,96,-223,-14576,4520,3248,-998,138,-160,-14700,-2784,6320,-495,178,-63,0
3935.1831159591675,10416,4368,11148,-255,-208,164,9808,-9368,8552,-8,101,-243,-14620,4488,3432,-997,146,-134,-14712,-2612,6216,-449,221,-53,0
3935.2167840003963,10500,4512,11188,-4,-127,152,9836,-9296,8504,-40,138,-213,-14836,4536,3316,-906,116,-108,-14760,-2612,6092,-536,205,-49,0
3935.2503371238718,10636,4524,11188,-235,-179,140,10224,-9312,8488,-75,125,-221,-14676,4540,3184,-905,115,-114,-14676,-2660,6140,-540,199,-72,0
3935.283851146698,10568,4404,11224,-263,-185,141,10000,-9392,8444,-35,55,-226,-14616,4496,3440,-980,136,-130,-14712,-2696,6136,-497,224,-78,0
3935.317538022995,10460,4536,11124,-207,-194,182,9900,-9420,8472,-59,66,-218,-14636,4408,3168,-1006,145,-119,-14584,-2664,6208,-503,232,-76,0
3935.3511009216318,10512,4572,11064,-219,-203,149,9736,-9356,8432,-51,72,-254,-14660,4516,3348,-982,111,-164,-14552,-2536,6224,-545,218,-93,0
3935.384160041809,10632,4456,11244,-244,-139,139,9936,-9340,8424,-1,76,-187,-14596,4536,3376,-1020,97,-111,-14652,-2632,6084,-491,152,-85,0
3935.422374010086,10592,4516,11084,-243,-122,137,9944,-9420,8500,-16,105,-180,-14528,4604,3332,-987,92,-124,-14560,-2612,6236,-501,102,-110,0
3935.4584810733795,10616,4500,11252,-242,-141,138,9768,-9348,8504,-50,82,-192,-14540,4480,3296,-1003,131,-114,-14652,-2800,6048,-499,129,-84,0
3935.4939980506892,10508,4464,11236,-170,-149,154,10044,-9368,8384,-38,64,-198,-14612,4496,3332,-1017,117,-81,-14640,-2536,6232,-532,196,-89,0
3935.5289709568024,10540,4452,11128,-191,-190,159,9900,-9280,8444,-14,84,-243,-14592,4596,3372,-1049,152,-54,-14568,-2540,6088,-518,162,-77,0
3935.5648131370544,10560,4436,11060,-148,-121,122,9996,-9404,8300,-17,98,-216,-14572,4644,3496,-1071,101,-108,-14624,-2648,6244,-481,203,-108,0
3935.6002290248875,10504,4476,10920,-214,-86,116,9968,-9428,8512,-18,144,-194,-14836,4508,3504,-1062,157,-132,-14676,-2620,6208,-459,161,-136,0
3935.6348810195923,10552,4428,11140,-208,-57,90,9924,-9428,8208,21,146,-186,-14600,4464,3080,-1053,129,-61,-14772,-2572,6368,-458,163,-105,0
3935.6702020168304,10600,4400,10948,-202,-28,103,10116,-9328,8356,-7,149,-172,-14620,4556,3288,-1038,115,-102,-14596,-2612,5984,-444,118,-136,0
3935.705194950104,10552,4536,11120,-180,-29,116,9968,-9300,8436,-40,151,-168,-14568,4624,3324,-1027,115,-18,-14732,-2632,5988,-439,129,-85,0
3935.7409651279454,10520,4492,11008,-158,-51,106,9796,-9456,8376,-70,175,-143,-14720,4552,3332,-982,82,-64,-14700,-2732,6260,-487,127,-117,0
3935.7760851383214,10580,4420,11304,-180,3,69,10004,-9432,8424,15,160,-167,-14644,4552,3124,-1029,75,-69,-14640,-2348,6224,-491,151,-139,0
3935.8114700317383,10268,4500,10992,-108,-19,97,9936,-9336,8424,-24,156,-163,-14556,4488,3192,-1004,107,-75,-14480,-2604,6304,-449,142,-119,0
3935.847589969635,10600,4456,11188,-203,-58,100,9940,-9380,8388,-29,153,-204,-14616,4664,3384,-772,78,-57,-14680,-2612,6364,-470,159,-95,0
3935.8824100494385,10584,4544,11152,-195,-34,121,9904,-9420,8444,-256,146,-165,-14584,4424,3244,-1008,118,-91,-14616,-2632,6200,-476,119,-107,0
3935.918441057205,10288,4484,11216,-163,-3,126,9940,-9332,8392,-41,120,-138,-14792,4568,3268,-1029,103,-57,-14488,-2628,6252,-451,136,-94,0
3935.9538440704346,10736,4584,11084,-191,-84,98,9836,-9376,8428,-18,132,-173,-14568,4536,3348,-1018,105,-99,-14596,-2628,6176,-449,141,-126,0
3935.989314079284,10312,4508,11064,-192,-79,86,10000,-9356,8472,-30,164,-209,-14608,4568,3428,-998,60,-88,-14572,-2616,6320,-490,170,-158,0
3936.0244131088252,10628,4432,11084,-198,-85,56,9844,-9356,8224,-28,143,-205,-14664,4476,3392,-1002,89,-100,-14644,-2636,6152,-479,161,-144,0
3936.060800075531,10612,4488,11040,-173,-87,111,9916,-9432,8264,-36,117,-206,-14580,4556,3288,-987,111,-92,-14844,-2672,6368,-462,147,-106,0
3936.0942339897156,10680,4496,10996,-175,-84,108,9960,-9416,8492,-46,110,-188,-14616,4396,3508,-1004,110,-61,-14844,-2332,6124,-486,157,-110,0
3936.1277549266815,10640,4440,11184,-185,-72,114,10072,-9348,8392,-35,139,-171,-14624,4420,3308,-1275,99,-64,-14688,-2392,6216,-478,97,-110,0
3936.1611881256104,10484,4532,11108,-205,-44,137,9760,-9340,8352,-35,130,-134,-14688,4460,3452,-1057,127,-65,-14376,-2776,5972,-464,132,-101,0
3936.194359064102,10532,4548,11096,-225,-56,124,9888,-9316,8256,-38,145,-165,-14828,4524,3348,-1075,109,-73,-14584,-2600,6100,-495,132,-125,0
3936.2276411056523,10720,4440,11104,-188,-58,117,9924,-9388,8524,-56,110,-192,-14628,4488,3424,-1013,156,-85,-14412,-2696,6224,-502,111,-127,0
3936.2612750530243,10712,4432,11148,-158,-73,109,9768,-9340,8696,-38,112,-172,-14600,4512,3092,-1060,142,-78,-14636,-2656,6192,-506,97,-115,0
3936.2946100234985,10608,4484,11052,-150,-27,81,10048,-9476,8356,-38,142,-156,-14700,4460,3364,-1062,150,-25,-14752,-2344,6216,-508,71,-110,0
3936.328150987625,10568,4436,11080,-161,-34,82,10008,-9348,8372,-41,130,-169,-14604,4524,3484,-1048,127,-49,-14828,-2536,6116,-504,97,-143,0
3936.3617680072784,10488,4520,11148,-181,-36,96,9764,-9288,8308,-39,141,-158,-14356,4808,3388,-1050,121,-97,-14620,-2768,6252,-499,109,-106,0
3936.3949260711674,10596,4444,11088,-192,-67,102,9972,-9452,8272,-37,128,-191,-14520,4632,3396,-1032,141,-87,-14648,-2368,6128,-499,132,-106,0
3936.4285480976105,10492,4460,11152,-171,-40,135,9940,-9476,8360,-24,99,-200,-14544,4584,3368,-1018,154,-70,-14708,-2648,6256,-498,181,-93,0
3936.462136030197,10504,4520,11148,-162,-58,109,9924,-9352,8360,-36,123,-203,-14700,4568,3376,-1011,138,-76,-14524,-2668,6216,-483,201,-127,0
3936.495496034622,10516,4500,11056,-168,-74,107,10200,-9440,8432,-44,155,-177,-14692,4492,3524,-998,88,-107,-14696,-2516,6088,-474,140,-135,0
3936.5290560722347,10580,4500,11188,-204,-91,90,9740,-9448,8196,-47,168,-200,-14592,4500,3140,-989,79,-109,-14608,-2632,6168,-445,164,-101,0
3936.562648057937,10496,4492,11228,-216,-73,118,9920,-9288,8284,-54,133,-185,-14340,4528,3444,-964,88,-100,-14664,-2608,6208,-428,165,-117,0
3936.5959830284123,10632,4488,11216,-210,-87,102,9936,-9460,8360,-42,125,-172,-14392,4744,3336,-980,75,-58,-14692,-2520,6208,-486,138,-130,0
3936.6296019554134,10616,4484,11292,-226,-90,92,9880,-9432,8440,-1,160,-164,-14532,4524,3320,-1043,69,-98,-14568,-2540,6280,-464,137,-112,0
3936.662914991378,10568,4564,11248,-196,-23,121,9868,-9440,8552,-11,137,-171,-14344,4440,3468,-1005,77,-55,-14684,-2636,6148,-449,136,-159,0
3936.6980099678044,10668,4488,11168,-202,-84,73,9952,-9476,8584,-17,145,-193,-14580,4628,3280,-984,125,-92,-14620,-2608,6156,-487,180,-102,0
3936.7316009998326,10592,4500,11076,-218,-32,141,9968,-9372,8376,1,110,-196,-14564,4512,3292,-1044,112,-127,-14356,-2612,6260,-443,152,-84,0
3936.765368938446,10608,4560,11120,-183,-76,141,9904,-9352,8376,-18,139,-149,-14652,4568,3352,-1023,70,-81,-14748,-2664,6324,-476,87,-115,0
3936.7986810207362,10592,4488,11236,-198,-32,108,9992,-9308,8236,-41,129,-174,-14600,4536,3404,-989,96,-58,-14680,-2560,6280,-469,69,-137,0
3936.8321409225464,10452,4412,11164,-158,4,99,9984,-9444,8360,-47,147,-161,-14840,4476,3104,-994,70,-42,-14368,-2580,6168,-497,119,-151,0
3936.8656980991364,10544,4472,11264,-178,-41,110,9736,-9412,8616,-7,154,-173,-14464,4572,3452,-1039,70,-93,-14340,-2816,5964,-768,192,-95,0
3936.898635149002,10520,4444,10852,-139,-62,125,9844,-9360,8288,-44,117,-164,-14612,4460,3384,-774,128,-94,-14640,-2592,6184,-489,143,-103,0
3936.9320709705353,10280,4516,11132,-180,-85,121,9744,-9384,8404,-64,130,-213,-14616,4568,3356,-1010,119,-50,-14644,-2700,6324,-481,184,-130,0
3936.9656689167023,10516,4500,11140,-204,-56,93,9848,-9360,8676,-19,145,-195,-14368,4532,3540,-1020,101,-70,-14656,-2756,6264,-474,163,-116,0
3936.9990289211273,10648,4508,11216,-206,-45,112,9984,-9348,8280,-4,156,-167,-14468,4476,3332,-1040,123,-112,-14652,-2748,6372,-486,149,-86,0
3937.0325291156773,10264,4524,11248,-203,-72,121,9912,-9368,8260,-37,128,-199,-14716,4648,3472,-1049,118,-107,-14848,-2632,6632,-472,132,-82,0
3937.0656540393834,10536,4548,11132,-194,-103,108,9904,-9332,8544,-74,135,-189,-14444,4764,3436,-1266,120,-123,-14588,-2660,6300,-489,131,-133,0
3937.1039540767674,10572,4468,11152,-155,-69,116,9760,-9452,8372,-85,114,-179,-14604,4576,3448,-1032,157,-64,-14696,-2616,6396,-768,129,-124,0
3937.13920712471,10576,4476,11040,-148,-117,134,9844,-9236,8412,-45,98,-195,-14600,4460,3400,-1055,118,-112,-14628,-2544,6260,-509,119,-144,0
3937.1742229461674,10620,4500,11260,-161,-64,112,9924,-9440,8336,-23,133,-185,-14592,4536,3356,-1001,149,-95,-14600,-2720,5972,-496,143,-123,0
3937.2099249362946,10508,4416,11056,-170,-71,97,9940,-9356,8468,-18,140,-192,-14620,4552,3432,-1026,118,-123,-14660,-2584,6184,-466,160,-124,0
3937.2454681396484,10680,4548,11160,-159,-65,99,9932,-9444,8460,-50,148,-176,-14632,4568,3340,-997,118,-83,-14668,-2556,6268,-504,112,-144,0
3937.2810940742493,10600,4508,11204,-176,-40,70,10012,-9448,8388,-43,144,-167,-14656,4576,3488,-1022,55,-83,-14644,-2624,6288,-495,118,-153,0
3937.3162410259242,10500,4432,11036,-179,-39,112,9920,-9276,8452,-14,153,-144,-14632,4532,3500,-1039,104,-62,-14592,-2704,6052,-469,107,-126,0
3937.3517699241634,10548,4540,11164,-164,-8,91,9960,-9348,8468,-72,158,-173,-14820,4472,3552,-1279,55,-65,-14676,-2660,6316,-495,146,-100,0
3937.388003110885,10436,4500,11168,-191,-38,76,9896,-9356,8384,-9,164,-178,-14536,4448,3336,-1008,88,-98,-14552,-2684,6260,-472,189,-116,0
3937.4233949184418,10516,4420,11184,-174,-55,95,10012,-9332,8544,-40,157,-179,-14644,4488,3184,-1020,137,-54,-14628,-2648,6296,-459,168,-125,0
3937.4593100547786,10552,4468,11176,-187,-62,127,10132,-9396,8432,-40,153,-198,-14608,4440,3452,-1006,80,-67,-14688,-2616,6340,-444,127,-114,0
3937.4940171241765,10540,4472,11360,-190,-63,111,9888,-9392,8380,-39,130,-171,-14632,4828,3384,-981,61,-46,-14712,-2540,6192,-501,99,-144,0
3937.529881000519,10452,4576,11228,-151,-36,83,9920,-9412,8544,-11,159,-152,-14788,4584,3492,-1019,97,-90,-14552,-2560,6176,-487,134,-134,0
3937.56542801857,10320,4504,11148,-139,-17,108,9832,-9408,8408,-18,161,-174,-14664,4540,3508,-1059,86,-77,-14568,-2652,6160,-445,119,-135,0
3937.6012759208684,10596,4400,11108,-187,24,79,9916,-9408,8516,-12,189,-140,-14396,4560,3500,-1274,73,-59,-14672,-2616,6264,-447,127,-168,0
3937.637565135956,10536,4412,11152,-223,2,73,9560,-9328,8408,58,223,-154,-14688,4524,3524,-1009,103,-79,-14732,-2636,6320,-454,134,-137,0
3937.6722469329834,10516,4540,11008,-186,-4,84,10028,-9520,8548,21,159,-172,-14620,4528,3412,-1079,106,-85,-14704,-2572,6232,-474,135,-162,0
3937.7080481052403,10640,4528,11148,-172,247,60,9984,-9380,8440,251,122,-180,-14664,4584,3504,-1277,88,-68,-14632,-2580,6296,-474,95,-150,0
3937.743994951248,10516,4468,11028,-156,-37,59,9788,-9392,8472,1,139,-161,-14544,4492,3420,-1024,77,-90,-14612,-2560,6212,-768,69,-173,0
3937.7775759696965,10556,4472,11188,-148,-256,68,9892,-9400,8360,-12,138,-164,-14584,4588,3452,-1031,52,-51,-14804,-2352,6240,-763,75,-161,0
3937.810873031616,10428,4544,11024,-132,6,55,10260,-9224,8264,-67,199,-93,-14768,4540,3352,-807,97,-13,-14368,-2756,6188,-505,78,-149,0
3937.8444299697876,10728,4532,10976,-145,14,86,9844,-9224,8336,-241,179,-155,-14548,4540,3768,-980,83,-37,-14576,-2616,6416,-498,116,-116,0
3937.8780570030212,10688,4624,11224,-188,-34,103,9936,-9380,8432,-24,166,-188,-14532,4444,3300,-1016,143,-69,-14588,-2688,6188,-468,126,-119,0
3937.9114689826965,10740,4528,11268,-163,-41,124,9916,-9432,8560,-33,125,-168,-14508,4548,3408,-1276,138,-72,-14716,-2620,6136,-472,133,-92,0
3937.944915056228,10724,4396,11088,-174,-51,106,9860,-9344,8620,-19,135,-194,-14700,4652,3344,-1012,111,-33,-14620,-2608,6224,-498,111,-132,0
3937.9784409999843,10576,4472,11164,-207,-40,119,9932,-9440,8388,-36,122,-158,-14788,4516,3452,-1036,129,-31,-14664,-2664,6168,-506,88,-134,0
3938.0118989944453,10452,4408,11084,-162,10,95,9704,-9468,8548,-67,119,-139,-14824,4380,3444,-1054,69,-75,-14604,-2720,6192,-510,79,-117,0
3938.0456140041356,10528,4528,11208,-140,-8,77,9756,-9344,8564,-16,151,-155,-14492,4556,3472,-1270,110,-96,-14408,-2580,6228,-511,84,-117,0
3938.079200029373,10344,4544,11064,-178,15,95,9848,-9288,8732,-24,158,-132,-14632,4512,3576,-1026,114,-40,-14780,-2432,6200,-496,120,-120,0
3938.1125750541682,10416,4432,11052,-168,-4,127,9876,-9248,8532,-36,169,-145,-14536,4552,3312,-771,132,-32,-14504,-2704,6268,-477,128,-76,0
3938.1457390785213,10376,4588,11224,-175,-53,109,9900,-9504,8464,-63,154,-184,-14648,4552,3364,-998,157,-67,-14392,-2640,6292,-448,129,-81,0
3938.1794431209564,10552,4584,11288,-223,-106,147,9952,-9464,8584,-104,149,-195,-14656,4568,3388,-949,154,-108,-14740,-2612,6232,-456,172,-84,0
3938.2130551338196,10644,4572,11032,-241,-156,146,9868,-9468,8396,-81,112,-206,-14544,4412,3420,-974,136,-131,-14584,-2668,6336,-478,185,-52,0
3938.2466809749603,10452,4544,11156,-219,-131,123,9896,-9424,8256,-43,115,-189,-14540,4476,3488,-986,117,-111,-14556,-2644,6344,-460,194,-63,0
3938.280075073242,10352,4532,11012,-248,-182,152,9864,-9420,8432,-53,122,-224,-14632,4568,3600,-970,83,-94,-14584,-2644,6296,-479,196,-80,0
3938.313337087631,10384,4480,11328,-246,-168,142,9828,-9460,8564,-62,121,-203,-14592,4608,3704,-928,118,-167,-14644,-2624,6164,-456,199,-60,0
3938.3469109535213,10548,4492,11032,-237,-195,139,9888,-9344,8564,-33,124,-232,-14564,4544,3468,-980,84,-160,-14540,-2564,6220,-438,219,-86,0
3938.3805129528046,10652,4532,11156,-6,-180,142,9856,-9472,8548,-20,131,-234,-14344,4588,3412,-979,99,-134,-14628,-2592,6124,-431,212,-59,0
3938.413779973984,10332,4488,11112,-260,-236,179,9904,-9384,8428,-28,111,-254,-14584,4600,3448,-912,99,-123,-14612,-2628,6308,-441,250,-82,0
3938.4473321437836,10464,4492,11084,-254,-253,169,9928,-9532,8440,-40,92,-505,-14588,4536,3308,-937,140,-164,-14712,-2656,6188,-438,257,-59,0
3938.4810471534734,10420,4516,11196,-274,-229,177,9948,-9372,8368,-22,94,-238,-14664,4596,3428,-968,121,-146,-14788,-2308,6356,-451,219,-80,0
3938.5142140388493,10544,4448,10896,-266,-185,156,9936,-9424,8404,-9,91,-220,-14608,4572,3216,-994,135,-118,-14620,-2604,6288,-476,191,-49,0
3938.54772400856,10620,4500,11052,-509,-186,148,10008,-9412,8420,-5,104,-199,-14376,4472,3468,-985,117,-80,-14360,-2644,6248,-435,167,-74,0
3938.5813901424403,10580,4456,11160,-227,-159,161,9976,-9452,8524,-42,70,-202,-14512,4440,3544,-992,102,-88,-14680,-2756,6320,-475,125,-63,0
3938.6148290634155,10644,4440,10868,-249,-105,147,9924,-9392,8556,-20,61,-185,-14572,4584,3460,-1002,96,-112,-14628,-2796,6152,-512,154,-109,0
3938.6481671333313,10380,4476,11108,-218,-155,154,10228,-9448,8452,-6,74,-180,-14608,4540,3284,-1022,123,-88,-14612,-2708,6196,-502,126,-90,0
3938.681755065918,10512,4432,11164,-233,-173,167,9976,-9300,8492,-66,84,-193,-14492,4544,3528,-993,177,-86,-14668,-2580,6392,-493,148,-68,0
3938.715034008026,10744,4424,11108,-242,-175,171,10048,-9428,8504,-46,67,-219,-14432,4524,3204,-989,179,-105,-14680,-2540,6220,-513,185,-72,0
3938.7507579326634,10604,4424,11064,-230,-162,184,9916,-9332,8344,-43,65,-191,-14652,4516,3248,-998,163,-81,-14684,-2656,6148,-477,132,-99,0
3938.7874319553375,10720,4444,11136,-244,-107,139,9944,-9368,8248,-32,107,-153,-14608,4592,3276,-1013,122,-50,-14712,-2592,6304,-466,134,-85,0
3938.82328414917,10672,4432,10780,-218,-101,133,9932,-9440,8464,-17,124,-177,-14628,4588,3244,-982,117,-90,-14576,-2508,6296,-505,128,-97,0
3938.8582339286804,10648,4332,11136,-165,-81,131,9932,-9360,8416,-49,128,-177,-14540,4532,3432,-1028,92,-56,-14576,-2360,6256,-507,159,-100,0
3938.8939049243922,10736,4428,10960,-145,-80,126,10224,-9384,8396,-67,121,-185,-14528,4592,3408,-1051,101,-87,-14680,-2620,6156,-489,163,-113,0
3938.9295139312744,10732,4308,11072,-150,-57,128,9972,-9392,8424,-28,138,-180,-14568,4540,3348,-1041,137,-48,-14616,-2528,6208,-467,157,-145,0
3938.9648361206055,10740,4404,11252,-202,-41,101,9936,-9380,8208,-42,182,-152,-14644,4568,3296,-1027,100,-40,-14608,-2800,6260,-491,135,-132,0
3939.000246047973,10552,4432,10756,-163,15,115,9756,-9376,8480,-16,160,-143,-14696,4512,3376,-1053,159,-75,-14680,-2596,6300,-468,145,-107,0
3939.0352001190186,10676,4384,11048,-141,-4,96,10016,-9388,8340,-46,145,-152,-14696,4500,3076,-1050,135,-78,-14396,-2608,6216,-485,145,-128,0
3939.070872068405,10488,4456,11024,-140,-18,98,10000,-9300,8368,-46,144,-163,-14492,4472,3352,-776,108,-64,-14692,-2536,6208,-486,117,-130,0
3939.106365919113,10544,4420,11136,-118,-10,82,9984,-9412,8624,-70,143,-174,-14624,4640,3264,-1031,101,-72,-14644,-2464,6292,-513,112,-135,0
3939.1423070430756,10604,4488,11116,-145,-253,48,9980,-9388,8380,13,158,-150,-14592,4432,3352,-1037,132,-47,-14832,-2668,6240,-473,121,-142,0
3939.1776750087733,10512,4424,11136,-113,34,79,9916,-9276,8364,-67,168,-151,-14532,4580,3340,-1000,124,-51,-14720,-2636,6312,-472,88,-136,0
3939.213598012924,10568,4436,11188,-161,-250,96,9916,-9444,8420,-86,169,-172,-14692,4392,3352,-1016,117,-99,-14700,-2484,6208,-468,95,-112,0
3939.249160051346,10624,4384,11232,-184,29,109,9984,-9356,8460,-106,138,-97,-14680,4468,3496,-1043,118,-4,-14672,-2644,6116,-499,99,-111,0
3939.2840280532837,10648,4444,10984,-169,-12,146,9832,-9428,8360,-70,80,-136,-14620,4560,3312,-1279,151,-30,-14552,-2468,6176,-473,95,-80,0
3939.3347201347356,10300,4596,11220,-151,-7,136,9904,-9340,8540,-80,113,-122,-14652,4828,3276,-1042,90,-39,-14576,-2624,6260,-500,118,-152,0
3939.3704409599304,10640,4504,11256,-153,19,100,9948,-9456,8464,-35,138,-125,-14608,4592,3212,-1039,89,-36,-14592,-2604,6440,-507,98,-147,0
3939.407159090042,10464,4372,11160,-115,24,72,9800,-9456,8476,-53,98,-127,-14592,4572,3560,-1034,93,-76,-14556,-2516,6152,-504,101,-131,0
3939.440686941147,10420,4388,11268,-137,11,94,9936,-9500,8340,-19,125,-145,-14592,4660,3324,-1033,111,-43,-14612,-2760,6184,-485,150,-128,0
3939.4741899967194,10648,4444,11268,-135,-25,79,9972,-9492,8492,-36,122,-154,-14608,4620,3364,-1027,113,-19,-14772,-2740,6264,-499,169,-124,0
3939.5077109336853,10516,4436,11152,-115,-1,110,9976,-9532,8648,-44,136,-169,-14352,4852,3456,-775,76,-69,-14660,-2540,6268,-459,138,-142,0
3939.54137301445,10516,4448,11180,-159,-10,103,9900,-9428,8332,-80,150,-174,-14820,4540,3088,-1013,66,-84,-14848,-2664,6228,-470,166,-160,0
3939.5745589733124,10488,4464,11080,-161,-52,89,9936,-9384,8460,-83,161,-187,-14620,4476,3548,-991,58,-85,-14672,-2676,6340,-461,153,-149,0
3939.6081869602203,10576,4448,11140,-154,-44,83,10040,-9388,8432,-65,150,-137,-14604,4560,3400,-988,48,-42,-14760,-2608,6220,-479,138,-133,0
3939.6411900520325,10616,4412,11160,-148,-77,96,10032,-9444,8344,-35,153,-165,-14836,4520,3356,-998,61,-46,-14680,-2616,6204,-457,133,-128,0
3939.6747391223907,10544,4568,11112,-139,-11,92,10024,-9304,8520,-50,153,-146,-14684,4552,3344,-993,65,-48,-14672,-2324,6152,-479,125,-126,0
3939.7082910537724,10568,4536,10996,-170,-34,99,10000,-9440,8416,-28,111,-139,-14676,4608,3356,-1047,49,208,-14800,-2636,6168,-501,93,-113,0
3939.7418270111084,10612,4524,11124,-155,-57,141,10408,-9428,7996,-120,152,-83,-14616,4496,3260,-1074,111,16,-14628,-2780,6200,-510,73,-122,0
3939.775148153305,10472,4556,11248,-180,-16,122,9816,-9504,8456,-18,108,-120,-14508,4552,3404,-890,22,53,-14612,-2652,6192,-494,83,-97,0
3939.8087389469138,10444,4492,11104,-182,-26,141,9796,-9448,8380,-51,82,-145,-14540,4616,3364,-1060,128,-46,-14568,-2628,6168,-493,104,-97,0
3939.8423869609833,10264,4552,11104,-172,-39,171,9872,-9444,8468,-43,87,-125,-14600,4608,3296,-1011,131,-44,-14592,-2616,6344,-514,89,-87,0
3939.8760309219365,10512,4444,11204,-196,-67,191,9820,-9472,8408,-71,88,-152,-14560,4580,3460,-997,175,-66,-14564,-2616,6356,-497,134,-46,0
3939.909569978714,10416,4428,11196,-193,-120,172,9920,-9396,8696,-117,70,-163,-14824,4576,3124,-1000,164,-25,-14644,-2500,6292,-456,145,-72,0
3939.9430260658264,10240,4464,11144,-207,-77,156,9796,-9724,8412,-129,93,-172,-14636,4636,3408,-969,129,-29,-14644,-2540,6352,-480,122,-72,0
3939.9766161441803,10440,4460,11100,-239,-68,116,9980,-9552,8296,-55,129,-164,-14676,4760,3344,-992,128,-110,-14748,-2528,6232,-474,154,-88,0
3940.009989976883,10616,4432,11164,-189,-19,143,9992,-9428,8432,-130,144,-132,-14584,4500,3228,-1010,163,-93,-14716,-2536,6192,-469,117,-97,0
3940.0437541007996,10552,4456,11004,-225,-92,97,9956,-9456,8372,-68,170,-173,-14656,4608,3344,-961,159,-52,-14572,-2444,6272,-764,171,-105,0
3940.07738995552,10552,4356,11220,-205,-26,115,9928,-9512,8392,-55,114,-166,-14620,4572,3364,-1039,166,-41,-14708,-2536,6272,-495,90,-87,0
3940.1109549999237,10472,4460,11048,-236,-51,130,9916,-9352,8292,-30,174,-129,-14560,4656,3360,-1046,84,-66,-14552,-2580,6360,-482,142,-100,0
3940.144206047058,10456,4472,11196,-311,-91,144,9800,-9548,8536,-60,140,-179,-14620,4824,3516,-969,119,-69,-14584,-2596,6280,-459,99,-85,0
3940.1776990890503,10484,4376,11224,-249,-135,162,9892,-9560,8412,-129,109,-195,-14640,4604,3448,-933,131,-59,-14664,-2528,6188,-487,116,-49,0
3940.2109780311584,10480,4408,11076,-243,-144,156,9808,-9596,8216,-105,116,-216,-14572,4628,3388,-974,118,-84,-14508,-2596,6276,-529,168,-80,0
3940.2445280551915,10464,4396,11208,-211,-146,158,9964,-9688,8284,-68,116,-219,-14520,4652,3548,-987,156,-115,-14348,-2392,6248,-523,175,-94,0
3940.2780759334564,10480,4384,11172,-218,-181,144,9964,-9680,8320,-61,108,-237,-14396,4376,3108,-929,168,-190,-14596,-2480,6176,-483,204,-97,0
3940.31160902977,10388,4344,11088,-265,-209,151,9868,-9432,8408,-51,106,-277,-14740,4856,3188,-993,110,-158,-14736,-2328,6392,-446,235,-77,0
3940.3448889255524,10592,4400,11100,-228,-177,122,10104,-9444,8284,-19,136,-223,-14664,4676,3324,-983,115,-73,-14620,-2488,6248,-501,212,-108,0
3940.3784120082855,10560,4420,11248,-248,-152,149,9884,-9448,8412,255,122,-217,-14584,4556,3492,-993,115,-113,-14652,-2544,6328,-468,158,-86,0
3940.411782026291,10464,4452,11264,-6,-153,163,9924,-9524,8328,-32,93,-223,-14820,4580,3372,-999,151,-162,-14400,-2512,6256,-490,189,-84,0
3940.4487810134883,10272,4412,11196,-256,-188,152,9952,-9516,8228,-36,110,-218,-14676,4656,3428,-997,119,-104,-14700,-2628,6224,-452,211,-72,0
3940.483878135681,10616,4476,11240,-226,-182,152,9944,-9460,8240,-15,117,-229,-14344,4528,3384,-986,76,-167,-14652,-2588,6284,-492,188,-125,0
3940.5195260047913,10544,4152,11484,-244,-152,143,9732,-9680,8420,-23,117,-198,-14624,4536,3300,-1005,107,-116,-14384,-2324,6280,-451,184,-112,0
3940.554703950882,10520,4588,11048,-279,-163,140,9920,-9388,8648,-7,110,-222,-14360,4632,3384,-978,101,-126,-14636,-2604,6168,-454,193,-69,0
3940.5899651050563,10560,4364,11188,-286,-152,160,9768,-9624,8420,-52,106,-198,-14628,4544,3176,-950,95,-65,-14796,-2464,6100,-472,182,-69,0
3940.6255991458893,10676,4344,11116,-274,-181,163,10000,-9708,8412,-27,98,-199,-14644,4548,3360,-978,84,-114,-14372,-2544,6352,-474,208,-67,0
3940.6612391471863,10524,4436,11068,-260,-148,144,9896,-9500,8476,-45,122,-184,-14600,4816,3492,-995,106,-60,-14596,-2544,6304,-479,207,-74,0
3940.6961729526524,10580,4460,11076,-262,-204,156,9916,-9596,8308,-39,114,-231,-14596,4592,3340,-963,129,-101,-14620,-2536,6152,-489,219,-69,0
3940.732731103897,10544,4104,11220,-252,-224,154,9956,-9448,8392,-55,80,-220,-14736,4508,3556,-999,153,-63,-14656,-2816,6044,-468,153,-70,0
3940.7679350376134,10668,4296,11248,-224,-103,169,10160,-9404,8364,-34,113,-168,-14608,4516,3288,-996,95,-72,-14696,-2740,6168,-475,120,-121,0
3940.803421974182,10580,4380,10924,-203,-89,140,9900,-9480,8320,-57,134,-146,-14688,4480,3168,-984,105,-71,-14816,-2572,5912,-479,116,-113,0
3940.838844060898,10656,4316,11152,-157,-30,110,10020,-9432,8312,-68,100,-167,-14652,4592,3256,-1007,91,-93,-14820,-2484,6232,-500,137,-105,0
3940.87437415123,10612,4260,11020,-174,-56,114,9976,-9380,8328,-7,126,-178,-14824,4584,3296,-1049,117,-91,-14704,-2412,6096,-474,138,-126,0
3940.9106960296635,10632,4344,11008,-165,9,82,9788,-9252,8436,-6,167,-149,-14840,4548,3120,-1052,122,-53,-14808,-2500,6248,-489,158,-132,0
3940.9470949172974,10580,4344,11124,-179,-28,105,9920,-9220,8424,24,159,-171,-14608,4692,3420,-1048,96,-45,-14368,-2524,6312,-464,123,-144,0
3940.9822750091553,10580,4324,11112,-155,-2,84,9936,-9500,8240,14,186,-150,-14800,4664,3392,-1066,102,-101,-14520,-2552,6212,-481,135,-158,0
3941.0176010131836,10544,4268,11096,-158,7,89,9916,-9232,8528,15,159,-144,-14684,4680,3544,-1064,98,-50,-14576,-2492,6344,-501,128,-136,0
3941.053220033645,10540,4356,11220,-169,22,112,9960,-9244,8372,-29,139,-157,-14844,4392,3264,-1278,127,-42,-14444,-2324,6320,-481,127,-142,0
3941.0896871089935,10628,4408,11144,-137,-30,105,9872,-9568,8204,-57,152,-189,-14688,4512,3320,-774,96,-48,-14640,-2560,6148,-494,151,-135,0
3941.123220920562,10604,4320,10788,-115,-52,70,9980,-9460,8448,-21,118,-163,-14596,4796,3344,-1278,124,-76,-14604,-2368,6224,-502,104,-137,0
3941.1567249298096,10640,4408,11092,-150,248,95,9936,-9408,8304,-22,152,-166,-14492,4796,3524,-1032,115,-55,-14572,-2508,6204,-505,92,-147,0
3941.1902740001683,10628,4096,11016,-166,-252,107,9952,-9460,8412,-19,129,-133,-14560,4796,3244,-1017,116,-92,-14560,-2372,6328,-469,92,-125,0
3941.223896980285,10732,4472,11212,-157,19,82,9932,-9496,8560,-43,150,-155,-14720,4540,3264,-1053,122,-54,-14688,-2500,6256,-509,91,-117,0
3941.2573199272156,10612,4360,11244,-155,38,86,10224,-9464,8232,-13,137,-171,-14648,4556,3424,-1069,102,-42,-14684,-2532,6164,-506,131,-135,0
3941.29097700119,10716,4404,11196,-127,11,84,9952,-9452,8404,-32,141,-144,-14640,4568,3228,-1037,87,-63,-14668,-2508,6260,-496,79,-125,0
3941.324511051178,10532,4412,11148,-161,40,48,9944,-9496,8492,-54,176,-137,-14644,4648,3244,-1072,76,-45,-14676,-2384,6172,-491,102,-148,0
3941.3581030368805,10604,4340,11172,-168,18,71,9868,-9436,8464,-57,170,-140,-14560,4684,3444,-1034,64,-22,-14656,-2328,6272,-494,96,-142,0
3941.3920049667363,10332,4448,11208,-113,19,87,9832,-9572,8396,-50,127,-116,-14564,4640,3252,-1034,126,-26,-14668,-2584,6384,-455,58,-138,0
3941.4255840778346,10544,4120,11060,-146,35,86,9868,-9460,8436,-63,168,-109,-14676,4632,3356,-1052,77,-6,-14612,-2556,6232,-471,68,-142,0
3941.4591150283813,10492,4428,11136,-155,21,71,9840,-9720,8428,-61,150,-123,-14348,4616,3284,-774,74,-43,-14652,-2508,6224,-472,79,-146,0
3941.492727994919,10460,4436,11148,-103,25,93,9956,-9724,8404,-24,149,-149,-14472,4644,3548,-991,102,-74,-14568,-2804,6336,-497,148,-109,0
3941.5261940956116,10456,4280,11264,-130,-5,88,9836,-9560,8412,-26,167,-193,-14672,4664,3488,-1272,79,-100,-14632,-2484,6356,-485,131,-106,0
3941.5599811077122,10612,4408,11124,-128,-29,90,9912,-9524,8420,-41,138,-203,-14640,4620,3508,-1039,104,-93,-14716,-2476,6444,-495,189,-132,0
3941.5935089588165,10468,4428,11400,-181,-51,88,9936,-9544,8348,-56,134,-188,-14692,4672,3448,-1002,84,-56,-14340,-2568,6376,-455,193,-101,0
3941.6274230480194,10272,4400,11104,-186,-49,100,9912,-9500,8368,-33,159,-177,-14772,4452,3784,-979,50,-44,-14692,-2772,6248,-471,163,-120,0
3941.6608600616455,10324,4412,10868,-166,-61,95,9980,-9516,8320,-15,128,-157,-14624,4672,3236,-861,-81,-64,-14652,-2800,6284,-476,146,-144,0
3941.6942789554596,10244,4528,11332,-205,-58,106,9832,-9488,8456,-17,135,-195,-14652,4392,3508,-964,61,-60,-14660,-2484,6216,-453,144,-145,0
3941.7279410362244,10464,4480,11164,-227,-92,88,9980,-9600,8352,-43,156,-156,-14584,4600,3200,-971,53,-36,-14648,-2592,6148,-463,135,-131,0
3941.7616109848022,10640,4360,11128,-193,-53,73,9896,-9384,8628,3,339,-62,-14604,4464,3204,-857,42,-50,-14608,-2544,6276,-475,123,-155,0
3941.7952561378484,10544,4496,11100,-198,-49,91,9844,-9608,8376,-39,120,-176,-14492,4632,3388,-1046,84,-30,-14844,-2756,6192,-493,98,-124,0
3941.8288829326634,10452,4376,11200,-201,-39,89,9788,-9436,8364,10,120,-154,-14540,4564,3352,-994,81,-38,-14684,-2800,6504,-463,102,-108,0
3941.862380027771,10496,4376,11072,-168,-27,75,9860,-9568,8284,-55,121,-154,-14584,4672,3308,-990,103,-73,-14804,-2444,6280,-502,71,-135,0
3941.8956360816956,10700,4428,11240,-182,-48,117,9916,-9624,8364,-59,122,-109,-14704,4708,3200,-1047,79,254,-14396,-2436,6148,-502,89,-137,0
3941.9292111396794,10492,4452,11188,-212,-13,108,9908,-9712,8456,-21,173,-123,-14612,4384,3280,-1064,104,-33,-14512,-2768,6324,-485,107,-124,0
3941.9626240730286,10384,4428,11192,-205,-250,102,9940,-9624,8372,-60,134,-171,-14516,4676,3412,-1041,145,-91,-14748,-2496,6196,-483,140,-144,0
3941.9960479736324,10676,4444,11252,-198,-62,94,9876,-9532,8396,-25,142,-191,-14512,4568,3484,-1010,135,-108,-14568,-2504,6360,-483,157,-85,0
3942.030133962631,10336,4464,11224,-171,-28,88,9920,-9452,8320,-38,147,-193,-14596,4680,3108,-1013,117,-109,-14652,-2480,6204,-473,147,-120,0
3942.063682079315,10448,4500,11308,-180,-49,108,9944,-9464,8444,-27,145,-187,-14616,4640,3192,-1002,100,-63,-14800,-2312,6196,-473,130,-85,0
3942.0973031520844,10580,4392,11280,-233,-49,106,9876,-9524,8500,-41,175,-200,-14844,4668,3392,-973,133,-74,-14604,-2456,6208,-490,142,-114,0
3942.1347811222076,10464,4428,11336,-221,-97,109,9940,-9528,8492,-46,116,-202,-14624,4632,3316,-982,148,-127,-14376,-2740,6160,-471,190,-93,0
3942.1701641082764,10368,4452,11228,-245,-136,119,9896,-9528,8392,-31,106,-252,-14580,4652,3264,-1015,148,-105,-14572,-2580,6304,-510,185,-82,0
3942.205320119858,10600,4500,11132,-220,-155,138,9884,-9468,8268,-54,115,-245,-14544,4580,3444,-971,144,-141,-14560,-2568,6304,-461,195,-81,0
3942.2407059669495,10524,4420,11192,-502,-185,135,9868,-9560,8424,-75,99,-255,-14512,4700,3564,-952,128,-136,-14376,-2340,6368,-525,173,-90,0
3942.2755920886993,10312,4552,11236,-214,-178,127,10000,-9548,8464,-34,132,-245,-14656,4720,3432,-986,135,-141,-14664,-2600,6340,-470,180,-69,0
3942.3112900257115,10476,4360,11240,-223,-150,142,9916,-9240,8412,-37,118,-214,-14520,4656,3460,-982,105,-94,-14600,-2584,6372,-447,148,-63,0
3942.3462109565735,10572,4432,11248,-262,-163,133,9908,-9284,8320,-26,91,-204,-14624,4780,3572,-974,127,-146,-14612,-2540,6360,-460,176,-50,0
3942.3817751407623,10500,4368,11212,-271,-169,140,9884,-9532,8380,-53,103,-239,-14652,4632,3276,-969,153,-127,-14604,-2600,6340,-484,220,-80,0
3942.4177410602574,10500,4304,11140,-232,-227,148,9736,-9420,8372,-29,105,-248,-14636,4568,3200,-994,155,-145,-14448,-2500,6180,-473,204,-75,0
3942.4532039165492,10644,4376,11096,-248,-179,158,9904,-9564,8268,-22,87,-224,-14632,4368,3244,-988,112,-121,-14632,-2324,6204,-477,175,-86,0
3942.4886231422424,10360,4356,11072,-269,-161,151,9912,-9428,8404,-14,121,-202,-14616,4580,3184,-954,117,-119,-14728,-2508,6284,-445,199,-79,0
3942.5237109661102,10632,4424,11040,-250,-137,162,10016,-9436,8368,-50,90,-187,-14620,4660,3236,-996,81,-122,-14632,-2420,6168,-459,171,-104,0
3942.559729099273,10548,4412,11032,-247,-129,125,9924,-9564,8288,-32,98,-190,-14680,4656,3236,-969,44,-111,-14656,-2460,6148,-466,167,-122,0
3942.5950291156773,10504,4320,11476,-252,-133,118,10016,-9536,8300,1,143,-177,-14640,4560,3472,-985,81,-76,-14548,-2508,6212,-461,169,-126,0
3942.6303770542145,10472,4320,11200,-205,-163,145,9904,-9468,8332,-42,120,-211,-14544,4568,3332,-977,54,-142,-14700,-2476,6192,-456,228,-118,0
3942.6656250953674,10620,4336,11212,-244,-164,138,9888,-9420,8228,-256,135,-229,-14552,4636,3248,-991,119,-90,-14672,-2504,6244,-454,204,-94,0
3942.7013249397282,10600,4408,11132,-209,-126,160,9956,-9468,8356,-29,129,-179,-14592,4588,3260,-976,105,-81,-14596,-2544,6340,-420,132,-108,0
3942.7362279891972,10572,4112,11232,-189,-97,122,9876,-9260,8368,-14,182,-153,-14620,4636,2976,-1003,113,-56,-14620,-2528,6208,-475,111,-132,0
3942.7734699249268,10532,4312,11172,-173,-255,100,9932,-9268,8352,-29,155,-154,-14692,4852,3284,-1027,102,-51,-14696,-2500,6276,-478,114,-151,0
3942.807134151458,10636,4572,11088,-137,6,84,9756,-9488,8020,-33,170,-162,-14840,4780,3084,-1038,63,-106,-14792,-2416,6388,-482,155,-158,0
3942.8406629562373,10536,4120,11016,-135,-3,94,9928,-9416,8196,17,160,-162,-14688,4600,3512,-1045,117,-89,-14604,-2480,6284,-500,154,-130,0
3942.8741869926453,10648,4432,11132,-134,251,88,10232,-9512,8468,-19,142,-168,-14532,4540,3244,-1279,101,-31,-14700,-2580,6268,-465,124,-131,0
3942.9073729515076,10544,4116,11348,-150,-2,98,9976,-9592,8440,-13,166,-176,-14648,4720,3200,-1025,92,-46,-14640,-2452,6408,-495,135,-135,0
3942.941075086593,10292,4604,11176,-142,20,91,9888,-9692,8388,-10,164,-135,-14628,4652,3432,-1036,139,-47,-14600,-2464,6312,-503,125,-92,0
3942.974748134613,10472,4480,11000,-153,45,112,9896,-9716,8196,-24,143,-132,-14568,4636,3248,-1083,106,-88,-14680,-2564,6336,-480,77,-123,0
3943.0080919265747,10308,4492,11356,-165,31,91,9968,-9456,8436,-18,126,-139,-14588,4820,3136,-1027,131,-19,-14596,-2628,6216,-468,89,-125,0
3943.0418219566345,10484,4356,11204,-157,-253,87,9892,-9516,8556,-46,140,-167,-14836,4392,3076,-1062,157,-37,-14584,-2320,6248,-761,137,-129,0
3943.075433969497,10652,4376,11100,-131,247,83,9880,-9464,8360,-47,137,-186,-14528,4708,3536,-1024,115,-88,-14380,-2528,6240,-768,117,-125,0
3943.1091899871826,10276,4328,11096,-82,-38,81,9996,-9480,8372,-43,125,-178,-14440,4676,3328,-1004,112,-83,-14704,-2504,6380,-258,162,-134,0
3943.142452955246,10728,4172,11144,-127,-253,85,10216,-9384,8260,-49,163,-174,-14680,4556,3272,-1026,143,-51,-14744,-2684,6292,-464,127,-121,0
3943.1760449409485,10612,4392,11180,-159,-245,93,10008,-9512,8452,-42,130,-164,-14744,4580,3416,-1054,113,-69,-14616,-2540,6296,-464,100,-98,0
3943.2096350193024,10728,4604,11260,-148,-25,98,9900,-9496,8428,-18,160,-145,-14628,4644,3308,-1280,53,-248,-14688,-2492,6244,-480,133,-135,0
3943.2431540489197,10520,4604,11492,-167,15,65,10008,-9496,8312,-21,163,-112,-14784,4624,3172,-998,56,-29,-14576,-2488,6264,-494,87,-132,0
3943.2768471240997,10508,4448,11116,-135,40,73,9888,-9472,8420,-44,171,-152,-14624,4656,3416,-1017,27,-83,-14696,-2424,6296,-470,119,-142,0
3943.3104000091553,10484,4376,11304,-158,-30,66,9840,-9236,8304,-32,143,-167,-14548,4616,3204,-1009,36,-82,-14568,-2776,6328,-475,125,-156,0
3943.3436851501465,10564,4416,11148,-168,254,89,9916,-9584,8384,-43,157,-152,-14344,4824,3424,-1039,103,-2,-14388,-2584,6152,-464,113,-129,0
3943.3773851394653,10592,4568,11144,-147,-18,94,9964,-9456,8452,-48,141,-135,-14716,4356,3600,-1166,59,21,-14728,-2368,6232,-473,81,-127,0
3943.4106280803685,10512,4464,11092,-171,0,111,9900,-9524,8448,-21,136,-98,-14744,4648,3368,-1137,96,-64,-14524,-2536,6588,-485,71,-152,0
3943.4442999362946,10492,4424,11020,-196,-28,64,9876,-9556,8300,-60,162,-137,-14376,4848,3288,-989,41,-61,-14592,-2484,6152,-484,113,-128,0
3943.477975130081,10272,4336,11132,-126,-20,92,9736,-9576,8316,-16,159,-166,-14584,4584,3344,-1036,68,-72,-14532,-2524,6048,-503,158,-153,0
3943.5113930702214,10484,4376,11024,-144,-49,100,9952,-9544,8244,-8,214,-193,-14580,4360,3084,-1007,109,-51,-14516,-2476,6420,-482,151,-123,0
3943.5449810028076,10252,4392,11256,-157,-104,107,9904,-9572,8424,-12,129,-165,-14524,4840,3404,-1002,88,-45,-14748,-2316,6216,-477,151,-113,0
3943.578642129898,10420,4496,11384,-188,-66,102,9880,-9484,8268,-23,140,-158,-14520,4624,3212,-1013,99,-89,-14632,-2484,6192,-455,122,-173,0
3943.6118731498723,10464,4412,11208,-161,-50,77,9744,-9548,8576,-65,143,-165,-14544,4668,3380,-1021,88,-44,-14660,-2348,6256,-467,148,-119,0
3943.645523071289,10492,4484,11220,-184,-52,106,9888,-9252,8348,-40,122,-163,-14532,4608,3300,-1007,98,-51,-14848,-2684,6212,-483,101,-100,0
3943.67915892601,10476,4416,11228,-192,-43,119,9856,-9532,8444,-83,128,-145,-14564,4632,3272,-1004,93,-37,-14812,-2672,6216,-485,71,-125,0
3943.7125449180603,10264,4400,11252,-169,-39,100,9968,-9608,8328,-78,144,-152,-14812,4756,3404,-977,89,-58,-14696,-2316,6196,-257,128,-134,0
3943.7460770606995,10496,4364,11168,-173,-57,86,9956,-9564,8380,5,134,-163,-14564,4724,3512,-1268,96,-90,-14636,-2332,6436,-486,123,-91,0
3943.7794280052185,10260,4432,11264,-172,-23,129,9836,-9512,8420,-58,142,-175,-14524,4376,3576,-995,149,-119,-14584,-2508,6252,-486,192,-61,0
3943.8177120685573,10396,4452,11396,-168,-106,131,10104,-9632,8348,-29,118,-212,-14564,4688,3108,-978,131,-97,-14740,-2568,6328,-486,167,-109,0
3943.8528499603276,10540,4456,11116,-225,-80,135,9980,-9448,8268,-54,142,-149,-14576,4660,3468,-941,84,-61,-14712,-2576,6188,-499,125,-93,0
3943.888666152954,10472,4424,11208,-203,-45,138,9908,-9608,8380,-93,137,-131,-14824,4792,3292,-937,107,-65,-14560,-2588,6268,-484,140,-80,0
3943.9235510826106,10504,4396,11012,-230,-99,132,9876,-9380,8284,-77,163,-160,-14556,4732,3416,-906,102,-83,-14588,-2524,6388,-486,176,-99,0
3943.9592599868774,10308,4480,11068,-269,-136,142,10168,-9572,8436,-112,141,-214,-14660,4708,3496,-889,85,-99,-14736,-2468,6216,-478,233,-76,0
3943.9942309856415,10488,4412,11264,-234,-168,95,9832,-9596,8416,-103,135,-245,-14568,4760,3332,-802,85,-112,-14576,-2536,6292,-512,202,-107,0
3944.0300970077515,10416,4384,11352,-201,-172,110,9860,-9572,8412,-118,99,-269,-14532,4696,3292,-871,146,-173,-14552,-2468,6336,-493,218,-73,0
3944.0655019283295,10436,4260,11484,-237,-233,134,9884,-9588,8400,-30,106,-1,-14828,4752,3232,-983,121,-143,-14612,-2440,6208,-497,197,-87,0
3944.101511001587,10456,4412,11144,-280,-204,152,9908,-9568,8396,-51,119,-229,-14412,4488,3440,-925,117,-188,-14388,-2528,6300,-517,198,-65,0
3944.137552022934,10404,4412,11180,-275,-187,156,9852,-9548,8388,-43,95,-228,-14544,4616,3348,-843,132,-179,-14692,-2540,6204,-484,210,-74,0
3944.172733068466,10604,4372,11092,-325,-219,161,9924,-9524,8364,-72,52,-261,-14548,4592,3344,-908,172,-169,-14664,-2760,6276,-530,174,-63,0
3944.2081451416016,10500,4408,10784,-261,-301,164,9884,-9432,8368,-71,30,-273,-14372,4748,3192,-987,174,-144,-14764,-2312,6204,-765,210,-63,0
3944.2436130046844,10620,4436,10752,-293,-207,197,9924,-9488,8184,-72,12,-485,-14592,4612,3248,-980,151,-183,-14576,-2532,6196,-523,182,-68,0
3944.2796399593353,10636,4412,11052,-314,-223,196,9980,-9596,8400,-49,-9,-249,-14592,4836,3296,-946,187,-156,-14432,-2464,6144,-516,201,-71,0
3944.3149659633636,10608,4392,11232,-266,-273,184,9944,-9628,8236,-52,14,-263,-14676,4696,3408,-1012,175,-132,-14624,-2316,6256,-766,195,-85,0
3944.3541650772095,10556,4364,11008,-244,-247,159,9964,-9460,8316,-22,18,-510,-14600,4560,3256,-1037,165,-130,-14568,-2476,6192,-495,220,-86,0
3944.390156984329,10580,4588,11128,-234,-219,150,9992,-9708,8332,-31,41,-250,-14680,4560,3332,-1025,182,-146,-14340,-2496,6232,-515,200,-112,0
3944.4256241321564,10612,4328,11068,-177,-180,139,9928,-9244,8260,-40,122,-223,-14552,4464,3180,-1086,217,-94,-14660,-2388,6344,-480,159,-86,0
3944.4617240428925,10588,4244,11016,-203,-115,132,10000,-9568,8192,-11,151,-159,-14644,4588,3288,-1133,119,-102,-14684,-2444,6180,-444,129,-140,0
3944.495353937149,10548,4260,11252,-174,-38,96,10056,-9492,8336,30,222,-160,-14720,4528,3124,-1109,63,-23,-14636,-2480,5912,-443,170,-189,0
3944.528752088546,10712,4280,11012,-251,48,80,9744,-9640,8208,46,252,-135,-14596,4856,3116,-1130,46,-24,-14648,-2436,6380,-422,151,-143,0
3944.562258005142,10664,4208,11060,-1,5,75,9896,-9540,8400,84,223,-147,-14404,4696,3088,-1156,73,-96,-14624,-2544,6260,-395,185,-84,0
3944.59574007988,10592,4388,11316,-227,-47,76,10068,-9640,8368,58,176,-191,-14684,4684,3440,-1105,86,-99,-14676,-2788,6328,-415,206,-86,0
3944.629287958145,10588,4260,11248,-195,-98,90,9888,-9600,8448,19,155,-205,-14680,4684,3376,-1053,50,-62,-14564,-2364,6280,-508,192,-163,0
3944.662295103073,10548,4364,11188,-132,-105,100,9852,-9476,8332,12,182,-168,-14512,4844,3500,-1044,77,-113,-14564,-2692,6212,-490,184,-133,0
3944.6957199573517,10428,4336,10984,-137,-46,129,9864,-9444,8500,-44,209,-153,-14708,4532,3320,-770,110,-95,-14568,-2464,6136,-502,80,-126,0
3944.7292749881744,10520,4380,11064,-193,-84,102,10012,-9448,8380,-37,182,-181,-14576,4628,3176,-1038,165,-59,-14840,-2380,5896,-456,108,-111,0
3944.76279091835,10740,4284,11096,-227,-3,135,10212,-9256,8436,-16,165,-117,-14640,4472,3236,-1075,122,-20,-14648,-2544,6140,-463,128,-85,0
3944.7964949607854,10728,4132,11332,-219,-17,136,10200,-9636,7980,-53,141,-137,-14672,4840,3284,-1033,145,-23,-14704,-2580,6300,-522,169,-98,0
3944.8300299644475,10564,4592,11188,-151,-95,133,10048,-9536,8376,-118,124,-185,-14712,4644,3220,-993,129,-78,-14680,-2512,6372,-487,121,-108,0
3944.86361503601,10592,4308,11156,-159,-63,124,9976,-9416,8440,-41,146,-201,-14344,4624,3384,-1033,104,-112,-14368,-2472,6144,-540,148,-140,0
3944.8972129821773,10660,4304,11072,-171,-66,115,9892,-9512,8500,-12,141,-180,-14432,4396,3072,-1148,188,-50,-14656,-2372,6244,-506,90,-96,0
3944.9306619167332,10548,4304,11228,-177,3,134,9864,-9504,8360,-9,85,-154,-14380,4696,3388,-1100,163,-37,-14392,-2536,6464,-537,84,-113,0
3944.9642889499664,10632,4448,11060,-190,-24,127,9844,-9524,8320,-24,124,-114,-14604,4860,3508,-991,156,-20,-14340,-2536,6316,-526,57,-143,0
3944.998078107834,10532,4316,11216,-171,-32,122,9912,-9500,8328,-50,96,-149,-14564,4652,3280,-1015,203,-50,-14596,-2452,6248,-566,96,-124,0
3945.0317261219025,10716,4280,11140,-141,-35,128,9876,-9512,8420,-34,122,-175,-14560,4852,3428,-1063,133,-87,-14800,-2364,6224,-527,146,-115,0
3945.0653669834132,10492,4568,11040,-215,-77,118,9880,-9600,8324,-58,120,-194,-14656,4552,3392,-1010,95,-131,-14340,-2360,6304,-488,152,-123,0
3945.0989320278163,10564,4268,11212,-159,-108,81,9728,-9612,8676,-68,149,-206,-14600,4724,3344,-1027,119,-102,-14600,-2428,6152,-462,128,-126,0
3945.1323931217194,10648,4320,11300,-165,-98,54,9936,-9604,8300,-6,128,-210,-14624,4632,3152,-1107,121,-83,-14628,-2432,6132,-465,129,-111,0
3945.1655139923096,10664,4504,11040,-186,-70,105,9948,-9420,8368,-34,154,-192,-14812,4656,3440,-1068,74,-118,-14688,-2508,6184,-502,168,-133,0
3945.1992161273956,10632,4348,11196,-176,-53,58,9956,-9480,8272,-35,148,-186,-14668,4600,3188,-1060,78,-110,-14540,-2472,6212,-463,143,-159,0
3945.23251414299,10584,4244,11092,-199,-71,59,9916,-9544,8212,-13,159,-168,-14636,4640,3244,-1055,-9,-71,-14580,-2524,6200,-459,175,-132,0
3945.2661979198456,10464,4432,10988,-229,-81,99,9896,-9380,8312,-17,182,-151,-14692,4456,3512,-941,24,-45,-14628,-2604,6184,-460,166,-147,0
3945.2999291419983,10552,4348,11096,-206,-49,109,9856,-9564,8460,-39,176,-176,-14620,4360,3108,-925,95,-78,-14652,-2372,6196,-465,172,-120,0
3945.3336789608,10532,4400,11420,-229,-84,98,9932,-9420,8372,-34,164,-186,-14628,4580,3576,-952,-254,-112,-14644,-2536,6144,-416,194,-92,0
3945.367290019989,10552,4252,11172,-193,-106,129,9996,-9480,8468,-45,191,-182,-14588,4540,3480,-985,21,-82,-14652,-2536,6248,-406,180,-132,0
3945.4006259441376,10564,4436,11260,-235,-67,96,10220,-9524,8440,-19,191,-181,-14632,4648,3128,-930,62,-60,-14572,-2536,6280,-453,179,-81,0
3945.4340410232544,10740,4348,10816,-233,-52,120,9900,-9492,8472,-31,164,-169,-14532,4840,3268,-1011,126,-35,-14672,-2468,6300,-483,110,-131,0
3945.470052957535,10684,4400,11124,-163,-49,135,9744,-9488,8320,-23,134,-140,-14648,4620,3424,-1025,77,-28,-14600,-2460,6280,-474,52,-138,0
3945.504826068878,10516,4320,11168,-197,-37,116,10008,-9416,8204,-25,135,-146,-14588,4560,3428,-1006,103,-59,-14828,-2416,6208,-486,33,-133,0
3945.5402691364293,10508,4316,11024,-167,-27,93,9904,-9524,8168,-34,162,-139,-14520,4540,3256,-1053,114,-64,-14588,-2452,6164,-527,106,-130,0
3945.5755159854893,10596,4372,11288,-175,-66,128,9828,-9564,8312,5,132,-193,-14588,4672,3164,-1034,134,-88,-14584,-2456,6352,-540,156,-102,0
3945.6112871170044,10568,4220,11224,-149,-26,108,9956,-9528,8264,-49,158,-190,-14656,4600,3272,-1009,113,-62,-14544,-2448,6240,-530,167,-125,0
3945.6476290225983,10728,4288,11128,-199,-107,100,9860,-9500,8376,-14,150,-205,-14580,4664,3248,-985,105,-108,-14640,-2564,6200,-472,155,-118,0
3945.6824259757996,10672,4364,11204,-173,-42,109,9744,-9548,8336,-30,112,-190,-14632,4740,3432,-1006,155,-98,-14628,-2572,6260,-547,98,-131,0
3945.7187969684605,10584,4464,11204,-166,-13,90,9900,-9680,8384,-66,124,-184,-14660,4356,3388,-1270,134,-49,-14728,-2508,6160,-480,64,-128,0
3945.75412607193,10496,4576,11084,-180,-54,108,9928,-9228,8388,-57,125,-162,-14552,4524,3348,-1065,79,-102,-14592,-2528,6256,-472,103,-129,0
3945.789264917373,10404,4328,11188,-181,-72,91,10208,-9532,8368,-55,136,-204,-14440,4536,3080,-1021,66,-79,-14652,-2520,6224,-526,116,-136,0
3945.8245570659637,10708,4352,11256,-175,-35,103,10020,-9724,8292,-39,124,-182,-14640,4508,3116,-1048,113,-106,-14708,-2572,6288,-489,145,-118,0
3945.860382080078,10620,4328,11196,-181,-16,91,9868,-9416,8660,-47,133,-183,-14600,4612,3300,-1048,89,-50,-14812,-2504,6184,-497,147,-133,0
3945.8955121040344,10536,4356,11300,-197,-41,124,9744,-9500,8424,-26,94,-159,-14620,4612,3208,-1007,72,-80,-14844,-2524,6256,-477,168,-108,0
3945.93114900589,10372,4580,11196,-212,-40,152,9820,-9572,8340,-37,110,-159,-14688,4588,3324,-1008,120,-61,-14680,-2604,6336,-487,112,-93,0
3945.9661989212036,10660,4368,11180,-213,-47,123,9916,-9556,8316,-36,92,-174,-14704,4684,3332,-970,29,-86,-14636,-2548,6164,-477,163,-135,0
3946.0019350051884,10668,4392,11180,-202,-9,111,10172,-9464,8304,-51,161,-137,-14600,4640,3136,-957,-10,-25,-14600,-2576,6252,-477,162,-132,0
3946.0374839305878,10248,4348,11196,-231,20,64,9844,-9472,8376,-45,168,-165,-14400,4760,3400,-966,-40,-57,-14552,-2516,6296,-449,200,-135,0
3946.0733709335323,10560,4252,11052,-264,-79,88,9808,-9724,8300,3,208,-173,-14620,4700,3364,-944,-25,-74,-14648,-2464,6332,-469,260,-131,0
3946.1088609695435,10496,4300,11276,-241,-72,132,9924,-9608,8304,-7,174,-170,-14676,4532,3336,-971,49,-82,-14612,-2392,6124,-472,2,-95,0
3946.1444981098175,10580,4328,11136,-213,-86,115,9932,-9540,8388,-4,170,-172,-14788,4636,3108,-980,29,-83,-14716,-2620,6368,-503,223,-119,0
3946.178113937378,10488,4272,11380,-199,-96,100,9856,-9568,8380,-27,160,-184,-14684,4696,3108,-947,47,-80,-14712,-2756,6160,-526,186,-118,0
3946.2116680145264,10624,4564,11448,-167,-67,93,9732,-9480,8496,-43,167,-177,-14696,4584,3304,-991,61,-105,-14840,-2520,6212,-533,157,-149,0
3946.24549794197,10580,4352,11240,-156,-103,82,9908,-9572,8396,24,178,-179,-14704,4556,3076,-1034,90,-106,-14716,-2476,6420,-525,145,-116,0
3946.2790720462804,10484,4312,11248,-159,-44,89,9920,-9556,8320,-44,174,-181,-14780,4556,3288,-1058,72,-91,-14648,-2552,6224,-500,177,-148,0
3946.31250500679,10528,4248,11152,-164,-121,100,9836,-9552,8248,-38,174,-206,-14616,4656,3400,-990,48,-83,-14640,-2540,6152,-480,200,-133,0
3946.3460891246796,10624,4296,11040,-191,-82,85,9968,-9404,8536,-252,130,-208,-14840,4400,3580,-1032,128,-77,-14644,-2536,6164,-566,139,-144,0
3946.3797900676723,10252,4152,11028,-180,3,79,9980,-9480,8432,-33,149,-153,-14640,4612,3384,-1055,121,-84,-14672,-2480,6276,-512,61,-157,0
3946.4130930900574,10748,4296,11464,-129,-18,66,10216,-9540,8680,-16,176,-101,-14644,4528,3312,-1081,50,-16,-14716,-2680,6200,-507,3,-189,0
3946.4467139244084,10732,4428,11248,-146,80,51,9948,-9724,8304,-28,195,-118,-14820,4564,3120,-1055,33,-254,-14372,-2520,5928,-490,24,-168,0
3946.4802191257477,10712,4592,11124,-136,58,92,9916,-9524,8432,-6,145,-125,-14844,4584,3520,-1065,96,-35,-14372,-2536,6192,-502,77,-160,0
3946.51376414299,10556,4348,11196,-114,32,72,9872,-9536,8340,-43,151,-146,-14748,4352,3496,-1063,77,-62,-14576,-2588,6092,-500,90,-136,0
3946.547375917434,10532,4296,11100,-134,-5,85,9820,-9468,8312,-38,117,-138,-14560,4404,3568,-1029,85,-63,-14620,-2532,6232,-500,122,-151,0
3946.581001996994,10580,4372,11100,-178,-17,121,9836,-9576,8460,-44,113,-182,-14344,4564,3412,-972,109,-61,-14388,-2544,6596,-475,128,-99,0
3946.6148519515996,10272,4300,11460,-166,-49,105,9896,-9464,8400,-49,103,-180,-14816,4412,3472,-1010,131,-18,-14696,-2568,6260,-463,112,-119,0
3946.6482019424443,10748,4324,11224,-154,-50,71,9860,-9680,8464,-83,129,-179,-14708,4752,3756,-995,82,-49,-14548,-2472,6240,-494,103,-140,0
3946.6817989349365,10584,4256,11144,-169,-39,69,9808,-9608,8288,254,158,-167,-14840,4632,3424,-791,-161,-89,-14384,-2784,6240,-469,129,-145,0
3946.714951992035,10240,4580,11188,-155,12,72,9824,-9580,8392,3,136,-138,-14804,4404,3108,-1011,-251,-41,-14692,-2568,6108,-458,134,-156,0
3946.7487869262695,10696,4104,11144,-151,-55,41,9904,-9548,8316,-59,174,-172,-14368,4708,3392,-934,4,-87,-14604,-2560,6200,-466,165,-170,0
3946.7823600769043,10744,4364,11312,-164,-56,93,9824,-9664,8336,-28,144,-184,-14640,4856,3480,-948,21,-52,-14620,-2528,6056,-467,181,-145,0
3946.8158469200134,10552,4284,11220,-173,-36,117,9864,-9512,8472,-9,159,-160,-14592,4688,3312,-992,12,-54,-14824,-2580,6444,-497,151,-144,0
3946.8494529724126,10512,4364,11152,-205,-56,100,9848,-9500,8676,-69,185,-142,-14628,4640,3332,-907,19,-78,-14572,-2708,6324,-469,127,-129,0
3946.8827941417694,10456,4476,11284,-214,-37,121,9972,-9488,8412,-51,97,-143,-14544,4624,3308,-923,102,250,-14600,-2788,6284,-523,126,-145,0
3946.9160070419307,10580,4408,11144,-173,-33,114,9936,-9476,8208,-54,136,-136,-14548,4668,3488,-936,81,-65,-14556,-2472,6268,-557,127,-135,0
3946.950017929077,10488,4440,11284,-135,11,106,9904,-9480,8400,-62,125,-151,-14428,4536,3416,-954,56,-52,-14592,-2512,6224,-578,140,-121,0
3946.9837529659276,10460,4464,11156,-135,25,109,9964,-9592,8436,-73,60,-145,-14652,4684,3320,-917,90,-76,-14624,-2404,6216,-543,103,-124,0
3947.017324924469,10472,4392,11484,-159,-21,128,9812,-9248,8296,-131,133,-158,-14460,4696,3236,-964,145,-88,-14800,-2384,6240,-486,139,-73,0
3947.0508410930634,10564,4572,11100,-189,-2,147,9904,-9504,8420,-103,84,-171,-14372,4760,3456,-911,197,-73,-14628,-2316,6148,-554,127,-94,0
3947.08443403244,10512,4576,11060,-184,-8,140,9820,-9552,8284,-109,81,-139,-14620,4676,3104,-839,248,-33,-14636,-2508,6348,-545,60,-73,0
3947.118143081665,10536,4368,11252,-152,-28,144,9860,-9504,8312,-136,61,-176,-14844,4860,3460,-915,229,-65,-14560,-2656,6268,-507,77,-85,0
3947.1538879871373,10708,4592,11208,-215,-65,141,9896,-9636,8384,-95,74,-156,-14564,4688,3152,-947,163,-66,-14612,-2476,6216,-502,96,-96,0
3947.1900300979614,10456,4404,11064,-183,-66,129,9868,-9632,8404,-59,56,-175,-14580,4780,3248,-990,190,-105,-14704,-2572,6208,-509,115,-85,0
3947.2250990867615,10268,4468,11064,-211,-67,124,9968,-9552,8360,-50,86,-208,-14844,4724,3308,-935,153,-106,-14692,-2644,6308,-488,137,-93,0
3947.2607340812683,10404,4316,11284,-206,-108,113,9912,-9552,8384,-75,73,-200,-14556,4704,3456,-945,143,-108,-14756,-2336,6300,-478,197,-58,0
3947.2973821163173,10464,4160,11364,-216,-146,135,9880,-9620,8440,-58,112,-244,-14532,4664,3332,-936,161,-150,-14356,-2540,6420,-468,168,-79,0
3947.33267712593,10384,4344,11216,-234,-171,111,9820,-9532,8424,-51,118,-244,-14828,4616,3240,-923,142,-120,-14416,-2740,6276,-462,174,-103,0
3947.3681399822235,10548,4312,11148,-285,-158,115,9968,-9584,8392,-16,98,-246,-14664,4652,3408,-917,127,-148,-14724,-2608,6284,-487,189,-95,0
3947.404466152191,10516,4448,11108,-244,-118,128,9856,-9492,8392,-35,136,-206,-14532,4836,3076,-861,115,-123,-14340,-2376,6268,-468,201,-115,0
3947.440397024154,10296,4396,11180,-275,-174,107,9728,-9644,8308,-39,170,-235,-14492,4632,3276,-826,119,-127,-14716,-2480,6324,-479,278,-76,0
3947.475739955902,10544,4424,11164,-277,-198,115,9920,-9552,8236,-102,174,-237,-14604,4676,3404,-751,123,-137,-14392,-2776,6312,-509,305,-54,0
3947.511785030365,10596,4284,11240,-217,-191,144,9752,-9520,8228,-95,211,-209,-14736,4664,3268,-726,72,-129,-14592,-2624,6284,-537,228,-113,0
3947.5475630760193,10604,4292,11012,-1,-170,129,9952,-9572,8344,-110,183,-207,-14552,4632,3200,-855,154,-91,-14684,-2552,6292,-501,194,-103,0
3947.5824210643764,10584,4380,11284,-240,-188,134,9924,-9656,8368,-55,133,-213,-14624,4668,3276,-980,163,-142,-14616,-2588,6232,-570,211,-117,0
3947.6185870170593,10452,4580,11228,-245,-190,153,9836,-9512,8304,-24,90,-214,-14384,4636,3320,-943,186,-136,-14668,-2816,6260,-607,172,-69,0
3947.653562068939,10604,4096,11148,-181,-145,139,9732,-9624,8352,-59,95,-232,-14596,4708,3100,-950,176,-155,-14608,-2332,6348,-599,199,-108,0
3947.689315080642,10296,4520,11156,-178,-209,148,9888,-9560,8220,-32,122,-511,-14540,4656,3200,-973,188,-131,-14392,-2572,6296,-556,231,-77,0
3947.7250120639806,10704,4580,11100,-182,-166,108,10124,-9484,8408,-42,118,-259,-14636,4688,3436,-958,176,-106,-14392,-2308,6280,-539,236,-99,0
3947.7608659267426,10556,4388,11292,-205,-182,150,9916,-9504,8264,-49,85,-239,-14692,4640,3092,-1023,249,-158,-14616,-2508,6260,-518,123,-104,0
3947.7975249290466,10728,4548,11340,-208,-140,125,9868,-9596,8280,-30,76,-210,-14628,4552,3216,-962,188,-123,-14636,-2308,6160,-541,111,-79,0
3947.8308761119843,10496,4572,11092,-181,-118,134,9988,-9500,8260,-52,61,-224,-14676,4696,3156,-966,193,-125,-14624,-2404,6384,-482,56,-125,0
3947.864427089691,10632,4268,11052,-201,-103,116,9780,-9584,7940,1,55,-205,-14712,4576,3292,-1041,87,-104,-14468,-2800,6316,-494,76,-112,0
3947.8977370262146,10640,4296,11200,-189,-90,114,9960,-9424,8296,-14,94,-186,-14524,4676,2864,-1062,112,-55,-14568,-2564,6124,-490,47,-89,0
3947.931002140045,10284,4348,11120,-158,-38,94,9992,-9568,8252,-23,117,-166,-14356,4640,3152,-1084,121,-63,-14620,-2596,6252,-479,85,-148,0
3947.9647200107574,10572,4272,11340,-184,-24,104,9816,-9592,8332,-25,146,-160,-14600,4632,3428,-1069,123,-84,-14644,-2608,6424,-447,58,-118,0
3947.9985871315002,10576,4312,11140,-182,12,117,9868,-9536,8344,255,166,-143,-14540,4664,3176,-1076,91,-61,-14668,-2580,6196,-474,134,-96,0
3948.031984090805,10540,4292,11232,-163,35,94,9992,-9480,8280,17,171,-135,-14600,4672,3100,-1095,87,-52,-14680,-2512,6356,-453,145,-139,0
3948.0655181407933,10656,4340,11160,-136,21,86,9956,-9532,8440,-13,131,-149,-14572,4688,3112,-1045,113,-34,-14640,-2676,6256,-468,87,-158,0
3948.0991449356084,10560,4344,11316,-174,-254,75,9944,-9624,8256,-52,200,-161,-14632,4788,3340,-1008,41,-87,-14556,-2540,6200,-473,166,-162,0
3948.132396936416,10496,4400,11132,-139,-19,79,9900,-9556,8040,-40,210,-155,-14528,4736,3244,-905,40,-113,-14592,-2484,6192,-467,207,-125,0
3948.1657409667973,10568,4300,11256,-141,243,58,9936,-9560,8104,-79,207,-148,-14676,4772,3192,-789,247,-52,-14572,-2636,6188,-480,232,-147,0
3948.1991419792175,10608,4296,11332,-168,1,70,9876,-9340,8284,-104,298,-155,-14712,4560,3288,-801,45,-71,-14616,-2552,6352,-424,183,-166,0
3948.23219203949,10748,4152,11188,-179,-28,67,9972,-9572,8440,-99,258,-159,-14712,4700,3132,-884,78,-64,-14676,-2592,6200,-470,216,-109,0
3948.2657110691066,10496,4132,11292,-160,-55,76,10020,-9492,8356,-47,496,-199,-14716,4684,3100,-922,55,-107,-14624,-2572,6244,-768,211,-132,0
3948.299314022064,10556,4372,11136,-162,14,81,9968,-9612,8300,-47,190,-177,-14696,4628,3092,-887,50,-52,-14660,-2572,6176,-508,185,-160,0
3948.332708120346,10536,4312,11100,-160,-20,75,9880,-9480,8400,-39,198,-183,-14664,4768,3276,-961,23,-78,-14628,-2556,6272,-533,151,-195,0
3948.366352081298,10388,4308,11260,-145,-25,75,9840,-9644,8576,-24,162,-179,-14848,4740,3308,-977,41,-79,-14848,-2368,6288,-519,136,-154,0
3948.3999879360204,10540,4392,11272,-156,-256,47,9976,-9592,8464,-19,183,-169,-14592,4856,3232,-996,26,-127,-14584,-2536,6268,-514,130,-178,0
3948.4334330558772,10492,4396,11212,-145,-21,60,9820,-9648,8304,15,173,-190,-14540,4684,3104,-1010,57,-106,-14616,-2572,6304,-503,124,-184,0
3948.4672131538396,10480,4604,11184,-147,-22,63,9936,-9456,8240,33,148,-222,-14600,4656,3264,-1027,82,-98,-14496,-2608,6220,-461,149,-143,0
3948.5007259845734,10276,4552,11208,-104,-63,39,9768,-9680,8392,-252,206,-272,-14700,4764,3284,-1016,7,-153,-14648,-2504,6212,-478,185,-175,0
3948.5340270996094,10588,4328,11124,-126,-78,-11,9896,-9544,8224,43,157,-229,-14620,4740,3028,-1039,252,-136,-14672,-2448,6264,-442,162,-175,0
3948.5675930976868,10476,4420,11016,-135,-70,16,9944,-9496,8324,52,158,-222,-14640,4616,3160,-1056,26,-121,-14604,-2600,6184,-422,106,-156,0
3948.600850105285,10544,4316,11200,-181,-84,11,9752,-9564,8196,11,234,-228,-14808,4672,3552,-1094,-7,-47,-14720,-2468,6144,-408,128,-178,0
3948.634127140045,10668,4356,11140,-220,-66,43,9940,-9508,8364,28,159,-178,-14740,4756,3136,-1133,7,-47,-14768,-2724,6256,-389,78,-141,0
3948.6676521301274,10612,4436,11124,-220,-76,104,9872,-9416,8384,31,182,-119,-14624,4636,3084,-1107,48,-48,-14656,-2528,6160,-480,43,-137,0
3948.701203107834,10520,4456,11020,-190,-34,86,9884,-9584,8356,31,125,-145,-14348,4616,3320,-1031,92,-31,-14704,-2580,6236,-531,48,-183,0
3948.7344160079956,10432,4512,11060,-194,-255,54,9856,-9472,8448,59,108,-189,-14644,4676,3348,-1067,13,-14,-14592,-2580,6232,-554,63,-201,0
3948.768085002899,10464,4320,11148,-201,245,18,9668,-9640,8528,106,113,-212,-14404,4688,3392,-1156,22,-71,-14568,-2664,6356,-509,150,-176,0
3948.8015611171722,10352,4340,11332,-182,-49,24,9844,-9572,8484,125,216,-212,-14636,4676,3428,-1177,53,-132,-14468,-2644,6380,-507,190,-219,0
3948.8374710083012,10400,4328,11168,-140,-129,-27,9868,-9560,8244,116,286,-260,-14836,4724,3280,-1062,-58,-139,-14696,-2392,6324,-523,220,-242,0
3948.873237133026,10532,4312,11156,-98,-120,-99,9728,-9584,8236,137,327,-271,-14524,4740,3504,-1098,-11,-185,-14616,-2548,6440,-472,238,-249,0
3948.9088749885564,10404,4464,11132,-127,-122,-88,9844,-9704,8340,143,243,-304,-14696,4732,3316,-1279,-43,-186,-14604,-2692,6276,-379,280,-240,0
3948.9442191123962,10392,4428,11144,-184,-121,-106,9824,-9600,8224,126,395,-278,-14740,4760,3544,-1111,13,-202,-14748,-2644,6288,-422,248,-256,0
3948.979635953903,10572,4448,11040,-130,-83,-49,9924,-9436,8192,57,285,-233,-14588,4620,3076,-920,31,-143,-14716,-2624,6344,-426,207,-211,0
3949.015310049057,10744,4516,11084,-191,-69,-44,9908,-9392,8488,43,330,-197,-14628,4528,3492,-1038,1,-191,-14728,-2676,6248,-420,165,-498,0
3949.0507349967957,10524,4512,11052,-139,-64,-32,9924,-9372,8532,72,271,-225,-14756,4516,3480,-1097,-44,-146,-14716,-2668,6200,-465,185,-253,0
3949.0862390995026,10604,4636,11072,-155,-26,250,9872,-9312,8540,125,245,-205,-14584,4532,3560,-1087,22,-114,-14740,-2752,6072,-525,123,-210,0
3949.121896982193,10292,4656,11232,-133,16,254,9808,-9416,8536,83,175,-187,-14600,4376,3528,-1034,54,-64,-14708,-2760,6236,-482,69,-150,0
3949.1577961444855,10508,4508,11044,-121,-7,68,9816,-9336,8548,10,151,-171,-14652,4588,3332,-1039,105,-74,-14624,-2748,6232,-524,130,-158,0
3949.193285942077,10436,4556,11064,-112,-252,45,9716,-9328,8928,32,212,-166,-14760,4700,3416,-1053,61,-99,-14640,-2656,6332,-532,88,-161,0
3949.2288639545445,10432,4848,11452,-136,-254,28,9732,-9232,8468,-9,188,-190,-14524,4672,3484,-1009,105,-27,-14664,-2640,6132,-501,90,-160,0
3949.264086961746,10500,4384,11268,-193,-29,74,9820,-9400,8480,-20,187,-155,-14500,4552,3568,-974,76,-104,-14508,-2800,6464,-475,122,-103,0
3949.2991881370544,10324,4528,11296,-221,-50,99,9840,-9536,8516,-35,153,-222,-14548,4776,3568,-959,149,-162,-14532,-2744,6348,-447,235,-84,0
3949.334105014801,10432,4404,11280,-243,-187,117,9836,-9584,8364,-71,162,-274,-14380,4656,3272,-928,157,-153,-14640,-2588,6240,-481,277,-89,3
3949.3738989830013,10524,4472,11196,-212,-197,95,9752,-9548,8536,-100,159,-292,-14624,4624,3128,-899,128,-141,-14668,-2588,6300,-483,250,-80,3
3949.4092860221863,10480,4524,11172,-231,-235,98,9824,-9456,8472,41,258,-250,-14800,4396,3392,-1004,124,-194,-14720,-2700,6280,-481,202,-114,3
3949.4622650146484,10736,4444,11036,-198,-154,57,9964,-9392,8468,-8,172,-259,-14572,4572,3324,-949,112,-166,-14676,-2816,6016,-495,267,-159,3
3949.5103459358215,10536,4592,11120,-215,-137,114,10076,-9376,8564,23,224,-11,-14732,4760,3248,-875,134,-189,-14636,-2676,6060,-557,241,-141,3
3949.54460310936,10564,4528,11000,-152,-125,84,9940,-9340,8528,-17,225,-264,-14600,4528,3308,-715,74,-152,-14664,-2776,6152,-595,204,-185,3
3949.5784001350403,10740,4528,11208,-156,-95,62,9944,-9404,8516,-38,299,-237,-14344,4400,3268,-736,136,-168,-14608,-2780,6204,-563,198,-130,0
3949.611892938614,10436,4532,11152,-138,-49,96,9812,-9368,8700,-63,339,-227,-14664,4604,3340,-742,200,-201,-14664,-2720,6392,-611,172,-102,0
3949.644874095917,10448,4500,11268,-141,-75,137,9840,-9344,8596,-5,97,-168,-14464,4844,3348,-812,273,-157,-14644,-2752,6152,-617,162,-131,0
3949.6784660816193,10460,4568,10824,-87,-47,143,9744,-9340,8228,-35,156,-125,-14592,4836,3460,-854,303,-134,-14848,-2764,6036,-600,144,-77,0
3949.712037086487,10496,4532,11016,-127,-66,166,9916,-9352,8584,-37,139,-173,-14672,4380,3196,-967,319,-145,-14628,-2796,6116,-595,82,-66,0
3949.7455761432643,10460,4548,11120,-161,-13,177,9904,-9472,8600,-36,55,-147,-14608,4616,3136,-978,325,-184,-14584,-2788,6124,-527,48,-10,0
3949.7791340351105,10464,4548,11248,-164,-50,216,9812,-9308,8508,-64,57,-151,-14612,4520,3244,-1147,404,-95,-14716,-2660,6104,-433,-119,20,0
3949.812686920166,10440,4556,11056,-191,-162,254,9804,-9416,8416,-64,-16,-208,-14632,4472,3212,-1240,348,-89,-14804,-2732,6060,-383,-63,40,0
3949.846153020858,10420,4532,11148,-179,-191,246,9800,-9316,8640,-78,-15,-251,-14620,4516,3212,-1167,324,-124,-14400,-2720,5900,-406,47,31,0
3949.8796150684357,10512,4428,11072,-134,-218,234,9868,-9720,8552,-43,18,-213,-14696,4532,3320,-1223,302,-175,-14676,-2736,5924,-450,51,-19,0
3949.9129750728603,10596,4404,11212,-88,-202,166,9956,-9440,8540,-9,20,-245,-14732,4576,3108,-1212,211,-130,-14788,-2624,6164,-459,84,-63,0
3949.946741104126,10540,4520,11236,-130,-218,132,9908,-9456,8440,17,120,-204,-14688,4764,2840,-1137,260,-123,-14744,-2740,6212,-439,45,-75,0
3949.980289936065,10444,4452,11032,-191,-203,163,9860,-9356,8368,-38,56,-230,-14620,4560,3252,-1199,255,-115,-14656,-2616,6064,-388,22,-40,0
3950.013927936554,10528,4520,11232,-175,-198,164,9828,-9380,8576,-52,50,-204,-14668,4516,3208,-1231,233,-88,-14652,-2356,5936,-382,61,-27,0
3950.0474040508266,10748,4468,11200,-200,-202,191,9968,-9420,8624,-12,47,-199,-14692,4500,3204,-1027,218,-136,-14604,-2592,6272,-372,71,-14,0
3950.0810439586644,10524,4512,11224,-175,-222,222,9884,-9380,8280,250,47,-233,-14708,4532,3248,-1307,174,-144,-14528,-2708,6220,-348,94,-35,0
3950.1145720481873,10740,4584,11092,-209,-243,171,9876,-9408,8536,1,104,-2,-14692,4484,3272,-1381,84,-114,-14372,-2580,6256,-310,157,-65,0
3950.1479361057286,10564,4464,11216,-252,-298,158,9888,-9476,8440,61,108,-283,-14776,4464,3312,-1246,47,-151,-14636,-2560,6224,-360,267,-80,0
3950.1817071437836,10596,4508,10952,-174,-242,147,9924,-9328,8464,6,49,-315,-14668,4460,3548,-1034,65,-163,-14680,-2548,6252,-392,207,-139,0
3950.2153060436253,10716,4536,10960,-168,-197,122,9840,-9328,8596,-30,55,-317,-14836,4424,3192,-1026,85,-145,-14680,-2596,6220,-364,221,-98,0
3950.2488050460815,10604,4448,10936,-220,-187,120,10164,-9388,8544,19,111,-256,-14608,4424,3364,-771,126,-139,-14664,-2560,6152,-423,291,-77,0
3950.2818589210506,10564,4548,11220,-207,-181,122,10044,-9364,8548,14,86,-290,-14664,4440,3116,-987,185,-187,-14608,-2640,6196,-457,289,-113,0
3950.315462112426,10592,4372,11048,-189,-202,129,9868,-9364,8544,47,120,-6,-14712,4440,3072,-1075,210,-180,-14668,-2800,6076,-483,302,-93,0
3950.3493859767914,10628,4600,11132,-133,-174,110,9940,-9308,8524,3,123,-268,-14716,4444,3200,-1035,102,-175,-14616,-2592,6060,-529,296,-164,0
3950.3827240467067,10648,4408,10916,-201,-85,57,10008,-9276,8452,33,179,-207,-14656,4488,3320,-1001,67,-127,-14716,-2548,6256,-497,205,-134,0
3950.416144132614,10664,4500,10892,-217,-85,62,9872,-9352,8592,56,140,-243,-14608,4552,3088,-1006,40,-115,-14656,-2636,6272,-506,242,-136,0
3950.449932098388,10664,4584,11108,-188,-126,79,9908,-9300,8584,26,121,-211,-14728,4440,3212,-1005,82,-73,-14632,-2576,6396,-258,265,-133,0
3950.4835441112514,10516,4556,10932,-145,-123,103,9868,-9388,8532,11,129,-240,-14584,4468,3152,-1002,99,-92,-14616,-2748,6220,-546,511,-145,0
3950.5202851295467,10612,4504,11032,-121,-133,103,9944,-9280,8480,-60,97,-205,-14680,4304,3160,-972,134,-124,-14556,-2580,6216,-542,227,-125,0
3950.5557210445404,10652,4424,10556,-94,-64,85,9772,-9212,8368,-59,97,-216,-14604,4324,3236,-998,86,-90,-14636,-2608,5944,-549,188,-149,0
3950.5917501449585,10500,4448,10992,-131,56,62,10020,-9188,8428,-13,175,-159,-14648,4396,3232,-995,29,-9,-14688,-2596,6084,-520,204,-134,0
3950.6271109580994,10704,4576,10808,-236,120,74,9996,-9196,8452,13,211,-84,-14752,4568,3320,-1004,19,39,-14780,-2684,6100,-460,120,-112,0
3950.6623611450195,10684,4596,10768,-502,127,61,10144,-9304,8524,-28,202,-57,-15064,4492,3192,-975,-3,64,-14684,-2616,6100,-490,59,-151,0
3950.6980450153355,10728,4548,11148,-169,93,65,10024,-9356,8480,-64,163,-75,-14640,4544,3452,-995,-42,56,-14576,-2692,6256,-512,81,-157,0
3950.7335929870605,10568,4556,11100,-132,109,67,9872,-9088,8508,-80,124,-76,-14664,4488,3264,-1000,-245,32,-14836,-2732,6252,-496,106,-146,0
3950.7694840431213,10376,4532,11120,-178,50,75,9844,-9372,8600,-103,125,-141,-14556,4468,3464,-989,0,4,-14628,-2728,5964,-478,133,-129,0
3950.8050601482396,10616,4536,11060,-201,50,79,10160,-9260,8512,-64,131,-121,-14668,4532,3232,-976,51,-249,-14688,-2608,6060,-451,98,-136,0
3950.8405840396886,10648,4484,10800,-177,139,63,9904,-9344,8260,-59,118,-112,-14708,4436,3420,-979,22,37,-14480,-2648,6208,-417,53,-162,0
3950.875659942627,10616,4548,11212,-194,92,49,9896,-9436,8484,-23,135,-89,-14640,4504,3200,-980,23,-248,-14728,-2584,6168,-454,22,-159,0
3950.9113850593562,10568,4520,11036,-136,76,88,9968,-9444,8484,-24,122,-105,-14676,4424,3316,-970,36,-35,-14624,-2660,6128,-508,81,-161,0
3950.9476609230046,10456,4404,11088,-203,32,40,9900,-9412,8432,17,130,-168,-14560,4496,3376,-971,25,-17,-14576,-2608,6076,-503,170,-148,0
3950.982759952545,10476,4424,11076,-177,23,63,9952,-9448,8612,-248,136,-180,-14656,4496,3088,-951,-41,-45,-14568,-2592,6228,-518,234,-157,0
3951.0188710689545,10580,4512,11112,-193,-5,54,9944,-9336,8684,10,244,-175,-14656,4728,3196,-926,12,-89,-14632,-2716,6360,-445,131,-157,0
3951.053962945938,10452,4448,11124,-129,40,17,9868,-9444,8588,-2,184,-154,-14620,4516,3372,-974,35,-66,-14536,-2688,6144,-483,144,-192,0
3951.0902199745174,10528,4612,11012,-163,66,58,9840,-9292,8640,-248,137,-191,-14676,4532,3336,-993,35,-72,-14632,-2752,6392,-480,151,-120,0
3951.1256301403046,10428,4576,11116,-182,-7,98,9944,-9384,8532,-93,168,-139,-14592,4548,3096,-889,53,-40,-14836,-2664,6096,-521,125,-134,0
3951.163188934326,10444,4628,11132,-176,1,86,9780,-9380,8632,-102,166,-165,-14640,4544,3280,-841,86,-27,-14676,-2608,5972,-475,105,-118,0
3951.1969261169434,10596,4532,11140,-189,-37,109,9844,-9428,8476,-102,172,-142,-14664,4396,3128,-862,52,-65,-14640,-2676,6360,-478,98,-134,0
3951.2303540706635,10652,4448,11180,-210,-16,110,9928,-9352,8504,-75,166,-162,-14532,4356,3484,-870,35,-80,-14612,-2580,6208,-480,102,-140,0
3951.263859987259,10516,4556,11100,-128,-13,101,9852,-9364,8572,-66,134,-146,-14604,4540,3276,-918,70,-42,-14692,-2672,6136,-488,69,-119,0
3951.2972829341893,10584,4604,11028,-147,32,109,9936,-9364,8656,-72,132,-129,-14648,4600,3160,-919,70,-240,-14652,-2572,6144,-492,7,-137,0
3951.3306250572205,10448,4508,10992,-163,97,68,9964,-9396,8572,-15,152,-101,-14764,4844,3488,-880,11,-48,-14624,-2624,6220,-525,51,-150,0
3951.364089012146,10408,4368,11208,-154,88,61,9820,-9368,8520,-61,158,-121,-14364,4484,3452,-814,55,-48,-14768,-2648,6216,-767,49,-153,0
3951.3976011276245,10404,4632,11160,-140,27,88,9884,-9312,8484,-121,135,-155,-14672,4652,3392,-518,47,-32,-14612,-2660,6304,-508,65,-130,0
3951.4310741424565,10332,4516,11164,-123,51,72,9848,-9400,8480,-151,135,-175,-14520,4636,3248,-828,33,-34,-14644,-2604,6324,-441,14,-128,0
3951.464560985565,10248,4508,11224,-111,85,63,9900,-9372,8668,-91,159,-158,-14628,4364,3336,-847,26,-52,-14708,-2692,6308,-500,-11,-141,0
3951.4981191158295,10700,4560,11236,-145,89,66,9788,-9408,8420,-90,162,-134,-14572,4368,3380,-809,52,-64,-14712,-2680,6276,-497,5,-119,0
3951.5315380096436,10436,4696,11216,-120,62,64,9876,-9396,8476,-105,167,-165,-14780,4584,3132,-868,69,-70,-14572,-2624,6340,-473,17,-145,0
3951.565299987793,10416,4544,11296,-111,35,113,9908,-9428,8560,-92,158,-150,-14640,4852,3168,-858,108,-56,-14484,-2600,6260,-461,-147,-117,0
3951.599009037018,10424,4376,11492,-93,111,77,9740,-9364,8608,-54,130,-170,-14616,4496,3312,-1062,112,-25,-14528,-2620,6304,-406,-16,-110,0
3951.6323280334473,10492,4608,11152,-158,27,104,9896,-9396,8480,-2,144,-191,-14592,4532,3268,-1218,73,-88,-14664,-2748,6608,-438,72,-127,0
3951.6657390594482,10388,4628,11112,-171,-24,78,9964,-9280,8372,26,133,-188,-14424,4632,3340,-1112,87,-136,-14604,-2608,6376,-487,87,-149,0
3951.6993250846863,10348,4584,11076,-107,-12,67,9952,-9480,8524,-25,154,-171,-14564,4636,3364,-1047,103,-88,-14636,-2664,6324,-482,58,-161,0
3951.7330861091614,10272,4772,11216,-139,-25,78,9796,-9376,8444,-27,148,-165,-14848,4584,3372,-1007,86,-74,-14572,-2768,6344,-458,17,-133,0
3951.7665579319005,10328,4700,11224,-129,-36,75,9972,-9380,8376,-32,151,-178,-14512,4556,3320,-1056,129,-86,-14624,-2720,6296,-433,25,-132,0
3951.8001239299774,10352,4616,11444,-172,-42,54,9876,-9400,8700,-60,175,-167,-14608,4544,3384,-1056,97,-85,-14840,-2620,6300,-433,48,-131,0
3951.833713054657,10480,4660,11144,-167,-49,80,9728,-9224,8524,-53,103,-190,-14676,4508,3252,-1057,103,-92,-14456,-2664,6336,-468,63,-104,0
3951.8673391342163,10360,4628,11296,-166,-45,104,9916,-9424,8532,-3,123,-178,-14672,4804,3288,-1079,160,-99,-14804,-2788,6316,-440,58,-121,0
3951.900913000106,10416,4588,11324,-182,-60,82,9800,-9420,8408,-25,134,-191,-14688,4532,3176,-1040,152,-96,-14548,-2652,6308,-435,120,-135,0
3951.9344630241394,10344,4660,11352,-179,-82,111,9864,-9392,8516,-34,131,-202,-14680,4572,3392,-1039,125,-69,-14524,-2608,6388,-469,98,-125,0
3951.967740058899,10496,4604,11148,-155,-69,118,9904,-9708,8220,-66,128,-170,-14628,4576,3356,-1056,118,-116,-14584,-2620,6500,-753,71,-131,0
3952.001352071762,10344,4660,11340,-164,-45,102,9936,-9380,8472,-23,158,-140,-14648,4544,3280,-1071,131,-64,-14568,-2688,6148,-492,58,-128,0
3952.0350790023804,10464,4648,11008,-161,-37,102,9880,-9336,8536,-91,152,-150,-14568,4576,3564,-1277,99,-35,-14372,-2628,6348,-498,117,-137,0
3952.068736076355,10428,4628,11180,-190,-37,76,9892,-9388,8312,-48,188,-145,-14816,4632,3516,-985,107,-58,-14476,-2640,6440,-493,79,-121,0
3952.102270126343,10332,4664,11200,-180,10,77,9936,-9348,8408,-40,104,-146,-14612,4516,3316,-1049,148,-16,-14584,-2716,6552,-504,91,-125,0
3952.1356480121613,10416,4612,11260,-168,0,104,9908,-9444,8460,-50,141,-167,-14604,4572,3320,-1072,166,-88,-14532,-2684,6568,-464,73,-124,0
3952.1691319942474,10336,4596,11088,-196,248,73,9972,-9500,8376,-60,164,-166,-14584,4664,3412,-1039,163,-70,-14592,-2560,6364,-479,87,-139,0
3952.2058811187744,10344,4568,11432,-194,14,96,9832,-9476,8224,-34,155,-149,-14576,4592,3344,-1084,86,-67,-14552,-2736,6324,-462,154,-102,0
3952.2417619228363,10368,4384,11356,-200,-71,126,9828,-9416,8388,-2,154,-170,-14672,4532,3248,-1090,66,-83,-14508,-2812,6440,-502,173,-138,0
3952.2777020931244,10336,4656,11184,-206,-50,111,9976,-9244,8356,-28,153,-156,-14572,4644,3348,-1078,89,-60,-14568,-2692,6260,-460,181,-118,0
3952.3129110336304,10320,4640,11268,-254,12,88,9856,-9396,8492,-27,161,-181,-14572,4592,3288,-1080,61,-104,-14476,-2752,6260,-446,223,-108,0
3952.3481090068813,10348,4620,11272,-243,-53,123,9816,-9464,8472,43,128,-185,-14656,4544,3292,-1072,89,-50,-14556,-2596,6288,-469,212,-107,0
3952.3833930492406,10248,4672,11148,-257,-88,105,9900,-9408,8500,19,143,-201,-14576,4472,3296,-1141,78,-83,-14600,-2744,6160,-425,224,-110,0
3952.4181990623474,10364,4452,11428,-245,-58,111,9916,-9384,8544,-4,109,-182,-14696,4592,3120,-1035,74,-68,-14516,-2756,6216,-472,194,-153,0
3952.454190969467,10352,4776,11140,-231,-107,131,9888,-9400,8472,-29,127,-207,-14696,4384,3564,-1069,-252,-109,-14504,-2672,6216,-440,234,-126,0
3952.4895241260533,10412,4556,11064,-200,-113,113,9812,-9392,8532,-16,134,-202,-14676,4532,3136,-1000,5,-67,-14524,-2648,6404,-469,509,-134,0
3952.524660110473,10444,4596,11252,-239,-93,93,9840,-9420,8500,-4,154,-194,-14644,4656,3556,-992,22,-106,-14624,-2612,6212,-483,259,-138,0
3952.5606939792633,10392,4664,11260,-214,-95,102,9816,-9480,8604,-34,127,-225,-14632,4836,3508,-977,20,-37,-14764,-2696,6312,-497,305,-134,0
3952.5961849689484,10348,4800,11396,-184,-102,103,9792,-9440,8480,-8,152,-206,-14568,4360,3456,-961,-2,-115,-14604,-2700,6420,-510,327,-130,0
3952.6317949295044,10384,4664,11252,-213,-113,114,9804,-9288,8668,-11,107,-210,-14512,4448,3444,-974,-37,-54,-14416,-2600,5976,-486,407,-110,0
3952.6676890850067,10432,4680,11236,-226,-146,124,9752,-9440,8644,-17,121,-237,-14664,4644,3552,-963,-76,-72,-14644,-2708,6272,-555,436,-125,0
3952.702789068222,10276,4632,11296,-4,-171,135,9820,-9316,8464,41,144,-182,-14572,4512,3196,-1048,-24,-88,-14540,-2736,6312,-491,435,-74,0
3952.7386090755463,10380,4832,11184,-223,-193,126,9896,-9448,8504,40,124,-193,-14848,4372,3532,-1207,6,-63,-14632,-2752,6144,-361,349,-94,0
3952.774295091629,10336,4544,11248,-242,-199,151,9836,-9348,8556,99,87,-212,-14476,4612,3272,-1214,79,-109,-14812,-2644,5892,-355,308,-95,0
3952.8098409175873,10424,4576,11060,-244,-135,161,9980,-9360,8308,92,67,-196,-14592,4572,3236,-1234,130,-42,-14576,-2712,6188,-397,229,-100,0
3952.846451044082,10380,4540,11316,-274,-137,135,9896,-9336,8200,74,145,-173,-14516,4444,3208,-1098,104,-102,-14644,-2624,6176,-458,174,-89,0
3952.879924058914,10352,4604,11220,-255,-93,143,9800,-9448,8504,254,130,-155,-14672,4352,3196,-1052,132,-68,-14620,-2616,6160,-454,149,-132,0
3952.9134531021123,10384,4576,11192,-230,-78,112,9956,-9404,8564,-256,113,-179,-14340,4572,3384,-1119,118,-59,-14500,-2692,6380,-482,175,-102,0
3952.9469139575954,10360,4484,11472,-242,-88,109,9836,-9676,8512,26,101,-197,-14672,4840,3328,-1089,128,-125,-14680,-2716,6368,-492,210,-73,0
3952.9805579185486,10396,4484,11512,-509,-134,143,9812,-9244,8460,20,96,-210,-14568,4604,3440,-1067,109,-113,-14548,-2676,6324,-425,227,-79,0
3953.0141019821162,10344,4580,11084,-255,-170,136,9864,-9300,8536,50,118,-228,-14632,4632,3540,-975,82,-133,-14656,-2644,6196,-402,288,-99,0
3953.0474910736084,10336,4812,11268,-261,-190,128,9772,-9428,8628,50,189,-219,-14612,4680,3444,-992,252,-123,-14632,-2716,6108,-372,331,-72,0
3953.0811131000523,10464,4552,11228,-286,-224,149,9888,-9496,8536,21,152,-4,-14676,4640,3420,-998,-64,-135,-14636,-2692,6344,-317,354,-86,0
3953.114727973938,10316,4576,11072,-337,-222,126,9900,-9400,8560,10,168,-272,-14536,4564,3416,-964,-16,-199,-14640,-2640,6208,-332,394,-75,0
3953.1477279663086,10412,4736,10784,-389,-183,160,9820,-9280,8640,253,173,-245,-14668,4488,3460,-944,7,-158,-14724,-2600,6164,-352,326,-88,0
3953.1813991069794,10256,4480,11244,-345,-165,166,9956,-9360,8504,9,134,-228,-14544,4632,3280,-959,31,-117,-14672,-2548,6168,-426,281,-88,0
3953.214627981186,10484,4480,11260,-365,-210,185,9908,-9328,8556,38,134,-208,-14500,4476,3328,-1002,119,-133,-14596,-2720,6328,-363,197,-64,0
3953.248067140579,10432,4576,11236,-277,-250,206,9900,-9288,8932,-60,84,-235,-14496,4528,3364,-951,171,-152,-14696,-2692,6060,-466,125,-112,0
3953.2816479206085,10336,4476,11140,-201,-298,171,9900,-9348,8444,-69,83,-250,-14696,4532,3532,-978,148,-149,-14692,-2576,6100,-506,87,-110,0
3953.3152990341187,10528,4452,11156,-241,-278,142,9912,-9420,8500,-15,97,-213,-14704,4508,3264,-1036,124,-81,-14748,-2708,6340,-554,36,-121,0
3953.348717927933,10480,4540,11256,-205,-156,174,9888,-9252,8508,-59,107,-187,-14516,4572,3448,-1063,214,-43,-14848,-2692,6300,-591,-254,-90,0
3953.3821229934692,10564,4460,11008,-191,-113,132,9832,-9304,8556,-83,58,-179,-14532,4536,3224,-1079,273,-69,-14632,-2688,6164,-580,61,-105,0
3953.4155809879303,10392,4464,11176,-197,-112,123,9876,-9308,8584,-62,75,-161,-14840,4568,3436,-1066,262,-118,-14624,-2720,6100,-569,59,-97,0
3953.449168920517,10464,4484,11100,-178,-162,157,9912,-9400,8588,-57,84,-219,-14660,4500,3424,-1127,238,-63,-14844,-2668,6180,-543,101,-83,0
3953.482666015625,10740,4540,11036,-175,-172,135,9876,-9340,8520,-96,47,-219,-14568,4592,3356,-1275,153,-107,-14700,-2672,6160,-576,179,-90,0
3953.5163791179652,10536,4460,11120,-222,-206,128,9884,-9400,8672,-73,74,-228,-14692,4656,3348,-961,90,-119,-14644,-2612,6136,-545,226,-95,0
3953.5497081279755,10264,4380,11080,-290,-166,144,9900,-9348,8688,-27,87,-211,-14704,4488,3428,-966,73,-121,-14612,-2516,6204,-509,195,-107,0
3953.5833630561838,10632,4460,11216,-267,-138,151,9740,-9316,8532,-40,99,-209,-14616,4444,3508,-991,44,-97,-14632,-2696,6084,-485,230,-120,0
3953.616972923279,10472,4436,11248,-312,-154,175,9900,-9328,8532,-20,115,-234,-14400,4500,3472,-863,-41,-110,-14612,-2640,6184,-492,308,-101,0
3953.6501121520996,10536,4484,11252,-407,-144,161,9920,-9348,8348,-53,151,-237,-14668,4468,3340,-838,-35,-103,-14588,-2608,6092,-523,335,-140,0
3953.6836829185486,10656,4304,10880,-440,-161,180,9912,-9020,8584,-44,194,-200,-14508,4544,3256,-885,-23,-127,-14676,-2656,6108,-759,301,-163,0
3953.7174370288853,10588,4444,11076,-322,-108,155,9812,-9224,8424,-20,203,-204,-14632,4528,3328,-932,61,-125,-14704,-2672,6148,-466,223,-150,0
3953.75073313713,10620,4464,11104,-291,-24,129,9936,-9320,8432,29,201,-180,-14664,4560,3428,-961,56,-72,-14620,-2584,6044,-490,508,-162,0
3953.7843091487885,10648,4136,10828,-294,22,110,9900,-9376,8472,33,203,-158,-14544,4480,3512,-938,92,-44,-14656,-2692,6084,-528,234,-168,0
3953.817966938018,10624,4580,11372,-251,18,116,9932,-9336,8668,-256,150,-171,-14696,4536,3372,-1000,216,-108,-14732,-2632,6180,-572,135,-131,0
3953.8507061004643,10580,4464,11276,-142,17,80,9740,-9372,8572,-8,161,-140,-14620,4848,3292,-1032,340,-83,-14668,-2704,6100,-602,58,-111,0
3953.887831926346,10612,4492,11124,-91,45,82,9972,-9276,8436,-62,119,-147,-14600,4572,3724,-1114,261,-22,-14836,-2692,6040,-488,85,-113,0
3953.9231810569763,10716,4520,11132,-117,53,61,9912,-9308,8616,-26,142,-153,-14552,4540,3408,-1102,218,-74,-14644,-2652,6128,-430,54,-85,0
3953.958811044693,10628,4460,11084,255,86,52,9916,-9304,8536,-89,123,-146,-14828,4800,3452,-1161,189,-9,-14588,-2640,6136,-528,-44,-95,0
3953.9943721294403,10568,4492,11256,-81,-66,47,9876,-9292,8512,-82,162,-144,-14824,4580,3572,-1152,154,-75,-14624,-2652,6156,-473,58,-86,0
3954.029771089554,10428,4428,11416,76,-83,42,9912,-9420,8584,-100,161,-177,-14572,4460,3380,-1080,87,-70,-14680,-2684,6124,-444,65,-97,0
3954.0650389194493,10592,4420,11208,-59,-83,65,9884,-9280,8692,-74,144,-186,-14608,4456,3448,-1052,70,-103,-14680,-2708,6160,-364,96,-72,0
3954.100779056549,10604,4536,10964,-73,-92,74,9924,-9280,8532,-95,169,-164,-14652,4648,3524,-1037,50,-9,-14784,-2648,6196,-429,84,-115,0
3954.1360170841212,10240,4476,11104,-57,-22,62,9984,-9304,8608,-23,165,-107,-14664,4584,3376,-1078,53,-67,-14704,-2680,6328,-390,83,-115,0
3954.1717071533203,10540,4552,11132,-65,131,59,9884,-9240,8604,-21,141,-142,-14572,4392,3448,-1007,15,-4,-14644,-2684,6068,-443,59,-155,0
3954.207575082779,10548,4488,11080,-151,37,43,9924,-9400,8404,-27,165,-155,-14524,4576,3580,-977,254,-67,-14576,-2604,5932,-494,111,-143,0
3954.2423410415654,10484,4504,11000,-161,36,48,9892,-9360,8564,-54,167,-119,-14588,4496,3288,-990,-38,-37,-14656,-2648,6312,-501,117,-157,0
3954.2782969474792,10276,4528,11080,-125,15,51,9840,-9304,8688,-119,193,-127,-14620,4564,3744,-837,-137,-32,-14616,-2648,6212,-533,151,-185,0
3954.313379049301,10444,4536,11252,-124,15,26,9820,-9336,8548,-165,189,-145,-14564,4528,3576,-833,-103,-45,-14676,-2684,6248,-524,88,-147,0
3954.3488371372223,10576,4476,11148,-68,-12,42,9900,-9376,8616,-136,149,-153,-14688,4380,3496,-908,-82,-88,-14628,-2676,6208,-503,164,-159,0
3954.38732099533,10480,4468,11148,-100,-41,62,9852,-9436,8516,-141,160,-179,-14764,4580,3452,-848,-150,-75,-14672,-2632,6304,-589,166,-172,0
3954.423341989517,10312,4544,11192,-70,-12,51,9864,-9224,8504,-173,167,-158,-14484,4396,3400,-820,-122,-33,-14752,-2716,6268,-573,140,-174,0
3954.4581820964813,10488,4624,11268,-86,-67,59,10024,-9432,8592,-156,190,-152,-14480,4580,3404,-882,-126,-73,-14560,-2696,6212,-568,163,-168,0
3954.4941380023956,10364,4376,11356,-116,-56,52,9960,-9380,8460,-91,195,-172,-14604,4472,3440,-930,-16,-114,-14636,-2720,6128,-498,94,-138,0
3954.529876947403,10448,4608,11120,-129,-51,94,9896,-9452,8540,-77,133,-146,-14340,4572,3440,-989,74,-50,-14608,-2716,6044,-463,108,-135,0
3954.5634210109706,10448,4504,11052,-155,-68,121,9832,-9328,8660,-41,75,-178,-14656,4528,3488,-995,151,-8,-14728,-2612,6052,-442,103,-103,0
3954.597306966781,10564,4356,11212,-168,-49,77,9828,-9412,8592,-23,137,-194,-14348,4552,3560,-1011,129,-54,-14664,-2796,6224,-413,126,-135,0
3954.6306231021886,10396,4616,11092,-187,-74,85,9896,-9356,8464,7,143,-183,-14676,4620,3536,-1035,138,-107,-14736,-2648,6144,-475,166,-102,0
3954.6639859676366,10476,4736,11240,-147,-90,124,9864,-9480,8344,12,121,-194,-14516,4620,3332,-1049,153,-91,-14712,-2636,6156,-462,155,-111,0
3954.6973659992213,10464,4636,11244,-184,-86,119,9912,-9428,8696,46,138,-176,-14524,4616,3516,-1086,169,-85,-14544,-2612,6108,-425,140,-90,0
3954.7306950092316,10436,4696,11276,-195,-95,120,9872,-9372,8520,58,103,-185,-14568,4588,3428,-1087,214,-80,-14652,-2744,6152,-396,121,-98,0
3954.7638289928436,10388,4648,11268,-186,-80,141,9872,-9300,8596,35,85,-191,-14388,4596,3436,-1119,224,-75,-14816,-2612,6212,-379,126,-81,0
3954.797527074814,10456,4596,11092,-220,-78,105,10228,-9492,8472,27,120,-182,-14692,4640,3464,-1123,154,-37,-14716,-2688,6284,-473,117,-138,0
3954.8310589790344,10512,4592,11292,-209,-65,120,9796,-9404,8464,34,125,-161,-14500,4600,3424,-1087,156,-75,-14732,-2704,6268,-460,122,-107,0
3954.8642759323125,10464,4656,11144,-171,-68,140,9948,-9320,8500,-41,128,-165,-14552,4600,3492,-1045,119,-89,-14676,-2740,6128,-463,111,-147,0
3954.8975920677185,10452,4660,11212,-191,-116,89,9860,-9308,8600,-16,124,-199,-14604,4628,3256,-1074,179,-103,-14648,-2652,6180,-458,139,-112,0
3954.9311900138855,10552,4580,11108,-165,-57,124,9836,-9244,8380,-11,54,-183,-14368,4772,3480,-1110,203,-30,-14740,-2660,6140,-487,131,-85,0
3954.965026140213,10456,4480,11140,-160,-25,136,9840,-9336,8564,248,127,-172,-14392,4528,3408,-1067,142,-32,-14540,-2772,6296,-466,101,-115,0
3954.9985649585724,10464,4556,11168,-177,-48,84,9872,-9320,8428,-37,135,-171,-14552,4544,3376,-1014,127,-58,-14652,-2700,6152,-454,116,-142,0
3955.0319550037384,10432,4588,11092,-198,-69,97,9832,-9348,8220,-37,173,-169,-14496,4528,3416,-1009,84,-105,-14348,-2752,6256,-450,137,-123,0
3955.065514087677,10484,4600,11212,-183,-88,104,9896,-9348,8356,-42,140,-183,-14812,4856,3520,-935,-40,-108,-14656,-2840,6140,-534,207,-160,0
3955.0991489887238,10288,4568,11016,-112,-100,96,9892,-9300,8212,-79,130,-188,-14508,4536,3396,-955,15,-73,-14788,-2692,6152,-513,157,-130,0
3955.1321280002594,10416,4560,11068,-157,-150,137,9860,-9384,8520,-41,101,-173,-14512,4588,3328,-981,42,-89,-14344,-2580,6208,-470,164,-103,0
3955.1656229496,10412,4704,10948,-177,-27,101,9764,-9452,8444,-37,120,-202,-14652,4808,3388,-1032,156,-87,-14584,-2616,6192,-457,121,-109,0
3955.199159145355,10520,4592,11084,-193,-72,110,9988,-9456,8468,-23,135,-193,-14584,4772,3540,-987,132,-92,-14616,-2592,6204,-484,151,-97,0
3955.2325439453125,10440,4604,11220,-184,-62,127,9892,-9432,8436,-36,101,-189,-14708,4520,3416,-993,135,-47,-14672,-2572,6308,-460,128,-117,0
3955.2660450935364,10396,4556,11048,-195,-57,85,9788,-9468,8456,-10,131,-218,-14584,4600,3300,-1044,121,-102,-14548,-2600,6240,-466,106,-135,0
3955.2997391223907,10276,4520,11220,-205,-57,84,9860,-9440,8388,-42,157,-196,-14840,4860,3476,-1275,99,-110,-14696,-2644,6188,-474,125,-136,0
3955.3330070972443,10468,4664,11068,-235,-80,109,9800,-9460,8616,-24,162,-182,-14560,4536,3548,-1036,114,-108,-14704,-2584,6240,-525,138,-124,0
3955.36651802063,10516,4596,11152,-211,-66,133,9916,-9392,8560,-24,70,-209,-14500,4652,3520,-991,171,-97,-14360,-2704,6148,-487,140,-92,0
3955.3997299671173,10464,4540,11160,-221,-113,127,9920,-9356,8696,-35,196,-196,-14632,4628,3504,-1037,164,-114,-14636,-2624,6184,-498,143,-111,0
3955.4332380294804,10412,4596,11172,-214,-100,121,9836,-9520,8680,-35,82,-190,-14564,4780,3384,-986,185,-125,-14648,-2672,6264,-523,143,-81,0
3955.466900110245,10472,4520,11092,-222,-108,160,9828,-9336,8488,-76,102,-208,-14572,4804,3516,-978,178,-111,-14748,-2656,6084,-485,144,-120,0
3955.50055193901,10248,4616,11196,-228,-141,121,9952,-9452,8620,-38,140,-218,-14808,4528,3760,-992,154,-109,-14624,-2788,6160,-535,139,-113,0
3955.533966064453,10512,4604,11188,-270,-163,117,9908,-9348,8500,-19,114,-216,-14528,4612,3600,-1026,141,-111,-14536,-2644,5896,-454,158,-98,0
3955.5711870193486,10272,4528,11152,-217,-119,129,9872,-9464,8508,-42,116,-190,-14676,4480,3460,-985,139,-112,-14592,-2652,6188,-548,139,-103,0
3955.6073400974274,10460,4616,11196,-210,-121,146,9892,-9348,8660,-56,31,-205,-14488,4480,3256,-996,203,-111,-14520,-2636,6144,-474,175,-22,0
3955.6423850059514,10248,4508,11108,-2,-148,194,9840,-9380,8376,-46,92,-217,-14644,4548,3496,-1058,133,-81,-14736,-2792,6124,-508,188,-115,0
3955.6784279346466,10536,4364,11180,-204,-142,155,10208,-9444,8504,-49,82,-212,-14764,4572,3428,-952,101,-112,-14672,-2656,6236,-540,153,-104,0
3955.7134749889374,10564,4548,11224,-212,-101,131,9832,-9460,8340,-99,49,-172,-14644,4528,3364,-895,80,-73,-14584,-2716,6168,-526,80,-130,0
3955.748953104019,10544,4540,11144,-161,-91,111,9904,-9420,8500,-88,90,-197,-14632,4532,3540,-933,91,-100,-14660,-2612,5920,-554,83,-103,0
3955.784196138382,10484,4488,11076,-191,-157,127,9972,-9324,8368,-69,97,-199,-14432,4616,3400,-978,86,-93,-14604,-2336,6284,-511,175,-93,0
3955.8201911449432,10480,4492,10884,-175,-164,159,9816,-9400,8392,-42,54,-190,-14552,4532,3440,-945,84,-129,-14628,-2772,6152,-506,169,-90,0
3955.855266094208,10504,4560,10768,-186,-182,145,9964,-9392,8616,-47,89,-234,-14596,4516,3464,-991,142,-100,-14688,-2572,6244,-466,147,-75,0
3955.890746116638,10508,4540,11212,-205,-152,143,10096,-9244,8504,-43,125,-203,-14584,4500,3120,-992,117,-113,-14640,-2580,6040,-508,189,-117,0
3955.9254810810094,10548,4576,11488,-199,-140,125,9864,-9300,8324,-29,78,-200,-14656,4536,3432,-1030,104,-79,-14724,-2692,6208,-503,134,-97,0
3955.962079048157,10340,4536,11136,-204,-166,102,10188,-9300,8480,-50,106,-218,-14616,4356,3524,-980,116,-131,-14688,-2612,6148,-489,127,-121,0
3955.9976770877843,10444,4548,11132,-157,-163,91,9928,-9396,8444,-18,124,-234,-14604,4636,3428,-990,108,-102,-14796,-2636,5960,-477,150,-136,0
3956.0329260826106,10568,4520,11140,-184,-176,109,9976,-9672,8436,-25,143,-224,-14628,4564,3396,-1011,87,-118,-14740,-2340,6180,-430,158,-141,0
3956.0687539577484,10568,4560,11156,-139,-138,76,9968,-9356,8548,-80,132,-201,-14560,4664,3396,-772,57,-116,-14660,-2720,5888,-497,122,-149,0
3956.1041860580444,10500,4532,11120,-122,-66,95,9980,-9272,8512,-86,124,-163,-14524,4492,3388,-1018,54,-74,-14776,-2596,6104,-478,89,-114,0
3956.1391940116882,10588,4580,11196,-134,-20,99,9944,-9336,8480,-115,185,-150,-14352,4476,3164,-1055,80,-20,-14488,-2656,6132,-472,127,-138,0
3956.1740739345546,10500,4576,11104,-164,-15,128,9980,-9300,8380,-101,151,-140,-14604,4588,3372,-1090,124,-12,-14668,-2620,6280,-461,89,-114,0
3956.2101099491124,10620,4388,11076,-131,-41,121,10036,-9408,8368,-60,123,-103,-14672,4552,3436,-1142,91,-17,-14644,-2624,6220,-460,56,-113,0
3956.243777036667,10464,4592,11092,-137,7,117,9968,-9384,8472,-37,148,-116,-14616,4512,3604,-1138,82,-39,-14596,-2732,6100,-420,26,-118,0
3956.2774660587306,10512,4652,11028,-115,45,101,9936,-9392,8516,-48,157,-104,-14420,4524,3632,-1133,88,-38,-14388,-2668,6276,-424,23,-122,0
3956.311080932617,10276,4600,11056,-147,7,95,9844,-9412,8456,-40,207,-113,-14532,4504,3364,-1109,111,-17,-14340,-2632,6348,-409,82,-107,0
3956.3444249629974,10520,4536,11220,-179,12,114,9888,-9344,8468,-47,183,-143,-14528,4488,3428,-1096,160,-45,-14844,-2620,6256,-391,143,-91,0
3956.377763032913,10484,4504,11148,-190,-15,130,9868,-9440,8504,7,176,-141,-14520,4656,3532,-1095,90,-25,-14596,-2688,6152,-386,159,-86,0
3956.4111499786372,10372,4520,11172,-203,45,81,9868,-9400,8496,-16,196,-146,-14572,4548,3376,-1100,38,-29,-14640,-2688,6288,-388,133,-96,0
3956.444555044174,10528,4524,11264,-195,34,92,10144,-9564,8236,-2,177,-162,-14396,4612,3428,-1035,80,-54,-14680,-2344,6232,-416,122,-107,0
3956.4781339168558,10436,4568,11096,-213,-19,74,10020,-9684,8688,-15,189,-190,-14372,4512,3368,-1055,99,-64,-14400,-2616,6124,-475,200,-155,0
3956.5117831230164,10524,4500,11084,-189,-252,46,9816,-9456,8292,35,142,-195,-14476,4516,3476,-1069,104,-125,-14620,-2664,6232,-460,171,-151,0
3956.5453550815582,10532,4600,11048,-181,25,52,9932,-9424,8692,8,189,-190,-14368,4516,3512,-1056,81,-91,-14584,-2636,6216,-480,142,-189,0
3956.578670978546,10528,4840,11224,-214,9,71,9872,-9324,8352,11,181,-173,-14684,4576,3476,-1028,57,-54,-14740,-2628,6308,-505,96,-167,0
3956.612142086029,10256,4544,11140,-199,252,70,9856,-9432,8632,-30,135,-176,-14644,4620,3500,-986,72,-41,-14520,-2768,6224,-525,118,-160,0
3956.6456010341644,10608,4568,10856,-208,9,84,9916,-9368,8600,-69,109,-146,-14576,4696,3480,-1029,116,-91,-14628,-2792,6144,-487,108,-157,0
3956.6810829639435,10456,4656,11224,-168,-36,75,9864,-9356,8372,-56,119,-177,-14492,4600,3676,-1031,127,-75,-14560,-2644,6188,-491,139,-113,0
3956.7147591114044,10736,4572,11192,-188,-30,106,9800,-9400,8564,-88,116,-168,-14380,4560,3564,-1272,149,-88,-14660,-2588,6236,-489,130,-117,0
3956.748219013214,10480,4604,11136,-205,-44,125,9840,-9348,8448,-39,148,-155,-14788,4592,3384,-775,125,-37,-14836,-2768,6224,-479,127,-135,0
3956.7817299365997,10584,4588,11060,-187,-27,112,9856,-9368,8608,-31,103,-169,-14604,4524,3412,-988,97,-75,-14648,-2440,6232,-452,124,-89,0
3956.8153030872345,10344,4380,11316,-218,248,133,10176,-9692,8528,-30,142,-127,-14696,4540,3332,-1020,95,-121,-14676,-2680,6168,-484,148,-137,0
3956.8489370346074,10496,4572,11148,-224,-34,118,9776,-9664,8660,-55,143,-171,-14508,4592,3268,-955,101,-53,-14552,-2700,6240,-424,159,-113,0
3956.882306098938,10420,4392,11112,-252,-23,143,9940,-9404,8444,-84,142,-159,-14388,4424,3616,-951,133,-59,-14740,-2640,6224,-453,170,-87,0
3956.9154820442204,10252,4544,11048,-276,-27,118,9980,-9440,8436,-11,129,-188,-14804,4532,3428,-948,89,-75,-14688,-2736,6276,-484,195,-117,0
3956.949401140213,10388,4640,11516,-289,-40,142,9908,-9424,8572,-256,184,-148,-14548,4468,3364,-965,85,-94,-14572,-2788,6364,-453,161,-88,0
3956.9827671051025,10396,4440,11296,-282,-56,116,9956,-9428,8264,-76,176,-162,-14600,4360,3580,-935,86,-95,-14684,-2708,6256,-458,144,-140,0
3957.0165760517125,10580,4568,11020,-283,-58,89,9860,-9400,8612,-30,149,-168,-14648,4848,3336,-954,94,-32,-14840,-2516,5972,-451,184,-153,0
3957.049973964691,10396,4572,11020,-240,-22,113,9812,-9320,8528,-2,162,-155,-14556,4540,3832,-981,127,-70,-14848,-2648,6216,-494,185,-106,0
3957.0836889743805,10736,4604,11048,-262,-32,112,9820,-9384,8612,17,117,-191,-14548,4552,3500,-993,96,-44,-14680,-2584,6132,-479,156,-101,0
3957.1174490451813,10532,4536,11136,-236,-32,102,9980,-9448,8380,-29,126,-192,-14644,4608,3300,-971,104,-110,-14636,-2680,6248,-524,103,-131,0
3957.1508309841156,10700,4500,11060,-191,-61,108,9888,-9356,8460,-25,136,-169,-14636,4520,3548,-967,117,-55,-14592,-2672,6224,-265,130,-124,0
3957.1842870712285,10736,4572,11092,-175,-54,92,9760,-9232,8676,252,136,-170,-14532,4592,3456,-1036,145,-69,-14632,-2660,6264,-522,156,-119,0
3957.2177560329437,10484,4584,11076,-188,-24,99,9868,-9380,8504,-24,117,-171,-14564,4556,3580,-1008,139,-66,-14640,-2684,6168,-522,145,-120,0
3957.2546761035924,10476,4552,11228,-184,-57,117,9884,-9456,8472,-32,181,-165,-14680,4380,3564,-1014,155,-107,-14544,-2792,6176,-504,158,-113,0
3957.290192127228,10376,4544,11504,-179,-251,95,9900,-9380,8376,-15,155,-167,-14620,4600,3228,-989,121,-98,-14492,-2656,6052,-487,172,-79,0
3957.3254129886627,10352,4552,11228,-232,-51,113,9896,-9532,8684,255,171,-160,-14548,4576,3484,-990,115,-82,-14572,-2712,6200,-471,213,-77,0
3957.3607609272003,10364,4584,11356,-266,-90,125,9940,-9360,8568,-52,167,-228,-14692,4656,3500,-951,99,-151,-14708,-2664,6228,-467,201,-84,0
3957.396135091781,10468,4448,11260,-258,-179,150,9896,-9444,8440,-47,150,-233,-14500,4580,3564,-923,109,-132,-14680,-2408,6332,-463,178,-101,0
3957.4319300651546,10264,4496,11020,-238,-207,133,9828,-9720,8496,-57,143,-222,-14832,4400,3412,-938,81,-165,-14376,-2624,6284,-479,175,-126,0
3957.467767953872,10456,4444,11148,-235,-189,147,9888,-9400,8464,-42,161,-199,-14776,4592,3436,-911,105,-168,-14560,-2692,6140,-480,190,-89,0
3957.5027561187744,10392,4464,11168,-4,-149,131,9940,-9364,8404,-42,133,-201,-14524,4440,3220,-926,117,-126,-14628,-2600,6284,-476,174,-89,0
3957.5386400222774,10464,4468,11232,-228,-132,138,9976,-9428,8492,-15,150,-227,-14628,4828,3216,-960,140,-183,-14604,-2672,6076,-480,187,-80,0
3957.5736670494084,10540,4476,11212,-227,-190,167,9876,-9408,8596,1,119,-231,-14596,4412,3492,-902,109,-143,-14820,-2680,6144,-477,213,-71,0
3957.6096079349522,10516,4500,11152,-235,-169,146,9936,-9336,8468,-59,127,-217,-14384,4396,3516,-853,119,-155,-14656,-2700,6132,-492,164,-64,0
3957.645008087158,10496,4492,11444,-224,-180,177,9888,-9416,8688,-61,96,-210,-14340,4632,3156,-916,106,-142,-14664,-2632,6184,-505,130,-104,0
3957.6817569732666,10500,4504,11408,-241,-184,142,9840,-9360,8592,-3,100,-162,-14600,4552,3300,-962,130,-78,-14604,-2724,6180,-767,109,-114,0
3957.717767953872,10452,4556,11112,-207,-115,139,9856,-9468,8504,-70,64,-192,-14696,4456,3556,-836,101,-87,-14676,-2696,6280,-567,100,-136,0
3957.752629041672,10444,4436,11344,-190,-177,128,9852,-9516,8344,-69,102,-205,-14560,4612,3312,-911,121,-119,-14716,-2596,6120,-554,152,-98,0
3957.7881391048427,10640,4452,11156,-168,-154,162,9980,-9344,8456,-83,68,-195,-14532,4584,3444,-912,116,-124,-14680,-2680,6300,-557,172,-124,0
3957.8234090805054,10548,4504,11068,-162,-162,130,9952,-9444,8516,-80,75,-169,-14576,4560,3308,-845,80,-44,-14712,-2768,6136,-549,116,-127,0
3957.858835935592,10448,4608,11216,-167,-107,119,9916,-9416,8420,-106,70,-193,-14392,4440,3504,-850,111,-49,-14820,-2616,6176,-569,179,-130,0
3957.894880056381,10516,4516,11084,-171,-108,126,9912,-9388,8476,-118,98,-197,-14564,4660,3420,-876,61,-52,-14364,-2684,6132,-555,184,-132,0
3957.928242921829,10692,4356,10968,-202,-88,98,10196,-9524,8244,-101,92,-182,-14464,4596,3188,-883,107,-94,-14628,-2376,5896,-535,142,-140,0
3957.9619269371033,10536,4408,11212,-159,-8,113,9764,-9220,8544,-100,72,-163,-14596,4540,3252,-952,93,-80,-14720,-2708,6136,-765,116,-137,0
3957.995443105697,10528,4464,11180,-180,255,101,9908,-9388,8532,-42,108,-134,-14564,4632,3424,-970,82,-67,-14640,-2744,6192,-520,141,-118,0
3958.0294239521027,10248,4496,11212,-177,72,77,9944,-9360,8664,-43,113,-164,-14352,4504,3392,-1006,94,-65,-14732,-2672,6236,-525,123,-143,0
3958.0626549720764,10256,4584,11232,-153,7,105,9872,-9436,8420,-41,93,-166,-14552,4584,3472,-1002,137,-31,-14756,-2620,6388,-555,141,-127,0
3958.0962300300594,10664,4600,11132,-125,-30,103,9960,-9384,8460,-86,86,-167,-14364,4528,3380,-1005,151,-89,-14392,-2596,6132,-534,105,-107,0
3958.1300251483917,10452,4520,11160,-133,-14,80,9928,-9692,8376,-60,156,-176,-14840,4816,3504,-1058,149,-78,-14624,-2620,6060,-496,80,-150,0
3958.163507938385,10600,4416,11048,-171,251,83,9860,-9724,8224,8,123,-162,-14600,4364,3492,-1100,155,-59,-14600,-2712,6196,-494,119,-142,0
3958.1973121166234,10560,4472,11156,-161,23,119,9868,-9368,8480,26,137,-137,-14584,4548,3128,-1085,239,-46,-14600,-2720,6372,-507,83,-91,0
3958.2311599254613,10480,4460,11156,-133,-2,77,9932,-9384,8480,-41,112,-191,-14596,4796,3452,-1012,191,-53,-14608,-2668,6152,-539,94,-141,0
3958.264529943466,10740,4456,11212,-168,-11,93,9956,-9528,8196,-32,95,-167,-14400,4652,3428,-1036,114,-79,-14816,-2624,6368,-554,117,-157,0
3958.2981650829315,10612,4576,11272,-132,-28,95,10132,-9416,8384,-1,123,-166,-14340,4816,3164,-1075,132,-70,-14652,-2664,6240,-510,87,-133,0
3958.3318009376526,10504,4508,11140,-183,-252,91,9912,-9436,8636,-14,150,-147,-14656,4764,3348,-1060,146,-67,-14568,-2736,6176,-484,121,-82,0
3958.3655531406403,10436,4456,10756,-177,-10,82,9880,-9364,8688,10,186,-160,-14700,4496,3504,-1274,91,-41,-14632,-2712,6140,-492,137,-151,0
3958.398982048034,10572,4544,11056,-203,255,97,9912,-9456,8460,13,248,-122,-14656,4628,3272,-1050,68,-60,-14628,-2628,6200,-462,140,-124,0
3958.432312965393,10396,4524,11256,-185,-32,87,9876,-9684,8484,-4,145,-165,-14608,4612,3244,-1047,69,-44,-14364,-2812,5912,-442,142,-122,0
3958.4656620025635,10456,4564,11140,-192,-53,96,9912,-9408,8308,-10,145,-194,-14604,4660,3268,-970,83,-122,-14748,-2720,6136,-507,182,-132,0
3958.4994771480565,10248,4424,11104,-166,-102,75,9956,-9244,8520,-11,158,-186,-14840,4384,3180,-1022,100,-91,-14556,-2596,6128,-261,137,-153,0
3958.5331571102142,10384,4464,11056,-137,-79,85,9920,-9412,8316,3,164,-165,-14504,4596,3100,-1071,100,-51,-14600,-2764,5928,-454,109,-119,0
3958.5667691230774,10464,4532,11296,-181,-90,101,9904,-9452,8472,4,128,-173,-14356,4504,3340,-1080,138,-38,-14656,-2732,6176,-467,121,-142,0
3958.6003239154816,10436,4644,11148,-167,-79,100,9896,-9428,8500,12,159,-175,-14620,4776,3460,-1043,133,-79,-14628,-2680,6244,-486,162,-107,0
3958.6337139606476,10448,4376,11216,-155,-88,115,10164,-9428,8420,33,159,-176,-14652,4648,3284,-1084,132,-131,-14672,-2580,6144,-478,121,-135,0
3958.66730594635,10560,4560,11044,-143,-80,93,9916,-9440,8576,15,168,-174,-14624,4592,3424,-1088,144,-71,-14808,-2676,6152,-461,128,-128,0
3958.700865983963,10496,4488,11164,-138,-66,90,9948,-9428,8228,19,138,-178,-14700,4572,3320,-1108,108,-69,-14596,-2672,6200,-505,150,-138,0
3958.7343060970306,10452,4532,11356,-166,-104,91,9828,-9420,8488,5,148,-192,-14540,4824,3440,-1045,114,-88,-14580,-2616,6128,-505,151,-95,0
3958.7677960395813,10444,4580,11212,-179,-68,85,9868,-9236,8576,-8,161,-183,-14604,4612,3492,-1053,121,-77,-14564,-2736,6172,-490,112,-111,0
3958.8013670444493,10324,4556,11132,-155,-71,106,9880,-9224,8496,-15,187,-179,-14572,4524,3572,-1050,120,-109,-14660,-2704,6344,-491,133,-108,0
3958.83491897583,10368,4472,11096,-170,-97,97,9864,-9328,8680,-6,161,-186,-14840,4652,3372,-1061,116,-59,-14656,-2692,6252,-488,121,-119,0
3958.8685419559483,10388,4816,11196,-174,-68,90,9904,-9388,8460,-14,163,-172,-14564,4604,3524,-1069,113,-53,-14344,-2668,6196,-473,114,-105,0
3958.901948928833,10252,4392,11236,-191,-41,105,9916,-9664,8288,-1,162,-172,-14556,4652,3424,-1107,120,-111,-14664,-2652,6356,-457,128,-101,0
3958.9398651123042,10480,4512,11072,-185,-106,96,9868,-9472,8340,25,178,-171,-14348,4500,3420,-1107,132,-111,-14676,-2736,6388,-448,144,-106,0
3958.9749810695653,10456,4364,11232,-198,-94,107,9888,-9236,8372,16,128,-197,-14580,4588,3364,-1126,111,-101,-14572,-2632,6296,-456,162,-117,0
3959.011013031006,10492,4360,11112,-229,-66,126,9872,-9380,8652,14,152,-171,-14588,4560,3464,-1111,126,-96,-14688,-2700,6176,-412,142,-75,0
3959.0462300777435,10456,4660,11036,-210,-82,120,9972,-9388,8248,18,167,-189,-14368,4672,3564,-1075,140,-136,-14616,-2708,6184,-443,166,-113,0
3959.0824410915375,10444,4568,11180,-221,-115,113,9956,-9428,8488,-9,176,-189,-14612,4848,3452,-1278,102,-111,-14672,-2696,6144,-440,155,-117,0
3959.118166923523,10372,4584,11172,-203,-122,103,9864,-9256,8460,-33,185,-191,-14544,4800,3352,-778,91,-121,-14660,-2668,6160,-434,143,-92,0
3959.153779029846,10512,4524,11220,-213,-125,94,9756,-9240,8512,248,214,-176,-14580,4636,3532,-1018,57,-85,-14628,-2628,6168,-470,138,-104,0
3959.1892421245575,10520,4384,11076,-215,-137,126,9908,-9384,8480,-22,217,-164,-14608,4532,3440,-1023,103,-114,-14708,-3008,6124,-437,120,-100,0
3959.2245371341705,10520,4360,11120,-224,-100,102,9940,-9468,8608,-101,116,-210,-14440,4556,3580,-954,122,-105,-14616,-2592,6148,-538,185,-94,0
3959.2601919174194,10532,4488,11244,-174,-139,130,9836,-9396,8356,-61,81,-219,-14676,4604,3204,-1005,117,-110,-14668,-2752,6284,-498,208,-79,0
3959.2955210208893,10512,4528,11096,-183,-155,162,9948,-9288,8440,-61,128,-184,-14396,4512,3548,-994,44,-121,-14640,-2720,6248,-457,146,-89,0
3959.331069946289,10704,4568,11388,-244,-162,144,9868,-9440,8540,-52,143,-230,-14584,4568,3484,-972,84,-126,-14348,-2640,6224,-450,155,-84,0
3959.3673789501195,10656,4476,11112,-510,-158,133,9932,-9336,8492,-32,117,-198,-14604,4652,3548,-981,112,-130,-14680,-2572,6232,-483,183,-97,0
3959.4075589179993,10560,4488,11132,-205,-179,139,9888,-9552,8292,-11,106,-223,-14792,4540,3500,-1001,84,-130,-14584,-2632,6384,-499,208,-104,0
3959.4433119297028,10472,4544,11220,-201,-192,141,9896,-9260,8584,-39,74,-205,-14576,4820,3412,-1020,87,-141,-14504,-2644,6148,-439,176,-94,0
3959.4788029193874,10548,4536,11068,-231,-214,144,10040,-9384,8496,-26,115,-227,-14632,4584,3544,-1001,73,-109,-14676,-2672,6232,-433,239,-74,0
3959.5138289928436,10476,4512,11096,-263,-191,129,9968,-9392,8384,-10,138,-214,-14632,4488,3536,-1001,46,-137,-14572,-2640,6132,-436,237,-102,0
3959.549669981002,10528,4520,10868,-223,-185,136,9920,-9288,8584,-24,102,-222,-14684,4528,3448,-984,24,-148,-14700,-2728,6148,-479,192,-111,0
3959.5852630138397,10572,4532,11128,-192,-217,122,9884,-9448,8528,-66,117,-227,-14508,4552,3416,-970,15,-122,-14708,-2652,6064,-448,212,-75,0
3959.6189460754395,10536,4508,11108,-223,-222,135,9896,-9404,8292,-35,137,-237,-14536,4628,3512,-966,45,-93,-14632,-2596,6084,-425,234,-110,0
3959.652531147003,10552,4504,11108,-220,-184,129,9956,-9292,8656,-56,131,-216,-14604,4512,3416,-970,8,-92,-14724,-2612,6004,-433,215,-89,0
3959.6861159801483,10516,4512,11000,-205,-191,131,9884,-9344,8456,-33,137,-222,-14524,4516,3416,-769,15,-60,-14604,-2624,6240,-462,174,-106,0
3959.7199380397797,10516,4504,10788,-183,-115,141,9736,-9312,8556,-23,128,-181,-14652,4500,3488,-1028,19,-86,-14788,-2564,6220,-482,154,-117,0
3959.7535109519963,10544,4584,11076,-138,-123,98,9964,-9412,8488,-25,146,-150,-14552,4360,3352,-1025,52,-52,-14700,-2676,6100,-454,150,-118,0
3959.78706407547,10576,4484,11076,-163,-95,113,9832,-9344,8372,-28,142,-188,-14628,4548,3464,-1026,53,-64,-14692,-2684,6120,-470,161,-151,0
3959.8207449913025,10616,4500,10760,-124,-76,98,9976,-9348,8348,-67,184,-157,-14440,4556,3420,-1033,253,-41,-14740,-2692,6028,-478,170,-112,0
3959.8542709350586,10592,4504,11088,-86,-104,54,9932,-9452,8524,-47,196,-177,-14528,4604,3512,-1042,-68,-83,-14620,-2708,6104,-490,190,-160,0
3959.8875269889836,10520,4540,11092,-127,-91,73,9836,-9356,8672,-13,210,-167,-14536,4492,3344,-1046,-17,-67,-14644,-2624,5904,-440,173,-140,0
3959.9212520122533,10696,4520,11160,-101,-87,87,9944,-9452,8620,-49,200,-187,-14620,4612,3556,-1041,0,-63,-14636,-2736,6304,-430,164,-122,0
3959.954283952713,10500,4456,11216,-128,-133,84,9892,-9360,8524,-33,216,-207,-14524,4640,3360,-1076,33,-84,-14604,-2588,6152,-474,170,-143,0
3959.987874031067,10692,4456,11076,-120,-104,104,9812,-9452,8436,-64,133,-187,-14344,4808,3184,-1053,42,-69,-14672,-2716,6156,-482,152,-111,0
3960.0215981006622,10624,4568,10768,-88,-91,102,9896,-9344,8612,-39,171,-159,-14564,4500,3496,-1017,23,-90,-14640,-2736,6052,-457,147,-135,0
3960.0549540519714,10612,4388,11428,-134,-83,77,9784,-9380,8404,-58,203,-159,-14564,4528,3596,-1009,44,-89,-14624,-2708,6300,-476,153,-129,0
3960.0886011123653,10612,4464,10812,-116,-53,114,9904,-9324,8432,-38,154,-152,-14524,4500,3416,-988,71,-40,-14684,-2676,5892,-509,133,-105,0
3960.122139930725,10748,4524,10900,-133,-51,95,9832,-9404,8508,-37,157,-145,-14592,4540,3444,-1044,100,-81,-14580,-2572,6084,-487,136,-130,0
3960.15534210205,10584,4564,11200,-136,-9,102,9972,-9412,8540,-17,123,-158,-14756,4600,3520,-1043,130,-86,-14656,-2428,6168,-476,121,-93,0
3960.1890349388123,10636,4588,10968,-171,37,98,9864,-9348,8520,-32,142,-130,-14556,4488,3704,-1054,133,-68,-14620,-2628,5900,-468,126,-142,0
3960.2225229740143,10576,4596,10760,-205,101,65,9848,-9392,8564,-6,121,-146,-14572,4640,3476,-1061,175,-20,-14648,-2612,5984,-458,128,-115,0
3960.255887031555,10584,4540,11224,-185,68,119,9860,-9348,8516,-43,108,-136,-14628,4656,3556,-1033,119,-20,-14400,-2716,5892,-486,112,-107,0
3960.2894480228424,10728,4392,11096,-168,67,150,9916,-9360,8608,-48,122,-123,-14584,4588,3348,-1038,134,-46,-14604,-2676,6244,-509,94,-112,0
3960.3230259418483,10260,4552,11104,-193,59,98,9860,-9464,8532,-71,97,-140,-14536,4504,3544,-973,159,-73,-14688,-2596,6028,-500,68,-116,0
3960.356138944626,10540,4644,11072,-177,31,95,9788,-9408,8504,-80,102,-143,-14380,4408,3360,-953,192,-40,-14652,-2596,6248,-522,91,-109,0
3960.3896620273595,10524,4592,11156,-196,32,128,9792,-9428,8568,-71,58,-155,-14540,4528,3556,-960,211,-52,-14572,-2728,6288,-502,123,-87,0
3960.4231071472163,10556,4480,11024,-195,26,127,9900,-9412,8480,-24,96,-140,-14656,4808,3456,-985,2,-123,-14660,-2612,6388,-514,134,-93,0
3960.4565119743347,10468,4544,11216,-249,-16,112,9856,-9728,8708,-42,78,-190,-14448,4644,3456,-920,297,-94,-14708,-2624,6328,-526,113,-85,0
3960.489939928055,10244,4596,11084,-207,-24,114,9856,-9388,8356,-87,66,-174,-14536,4696,3408,-913,326,-90,-14680,-2664,6204,-512,126,-100,0
3960.523453950882,10568,4496,11228,-222,-17,138,9948,-9380,8468,-77,102,-157,-14576,4656,3516,-905,255,-69,-14660,-2720,6176,-544,134,-91,0
3960.5570521354675,10252,4476,11164,-291,-83,132,9972,-9536,8388,-58,102,-188,-14604,4588,3328,-921,245,-132,-14536,-2716,6112,-518,118,-95,0
3960.59278011322,10416,4464,11228,-272,-119,150,9808,-9444,8596,-39,90,-179,-14636,4828,3432,-862,4,-55,-14572,-2800,6176,-532,99,-87,0
3960.628867149353,10724,4368,11252,-238,-180,142,9888,-9612,8540,-69,64,-213,-14752,4624,3440,-855,261,-140,-14644,-2628,6232,-541,133,-98,0
3960.6643309593205,10596,4548,11072,-228,-184,158,9840,-9412,8320,-28,92,-237,-14624,4604,3304,-925,191,-90,-14712,-2656,6280,-509,215,-56,0
3960.6994659900665,10476,4456,11168,-280,-196,139,10028,-9408,8220,-1,115,-201,-14532,4796,3488,-934,139,-151,-14620,-2572,6188,-512,197,-82,0
3960.7352340221405,10584,4536,11068,-281,-156,147,9956,-9436,8692,-30,96,-205,-14600,4584,3396,-917,153,-89,-14712,-2728,6176,-477,132,-81,0
3960.77077794075,10640,4444,11280,-222,-158,156,9868,-9372,8436,-19,96,-198,-14352,4620,3260,-912,166,-164,-14688,-2716,6108,-522,151,-78,0
3960.8055140972133,10588,4468,11032,-184,-191,164,9876,-9484,8524,9,89,-239,-14540,4564,3180,-890,188,-90,-14608,-2612,6168,-526,182,-82,0
3960.8418800830846,10552,4448,10992,-239,-165,159,9920,-9280,8344,-31,74,-225,-14632,4684,3268,-917,108,-80,-14632,-2672,6152,-477,206,-97,0
3960.8781180381775,10516,4476,11080,-241,-116,162,9964,-9356,8308,-13,116,-182,-14656,4552,3436,-969,84,-113,-14656,-2644,6084,-469,147,-97,0
3960.9135110378265,10620,4376,11092,-512,-12,123,9964,-9428,8456,-7,133,-186,-14564,4656,3560,-937,-22,-55,-14612,-2636,5924,-385,229,-94,0
3960.9492440223694,10508,4444,11056,-415,3,162,9952,-9348,8392,46,154,-172,-14840,4648,3192,-1013,-45,-58,-14728,-2536,6192,-440,153,-121,0
3960.9843549728394,10512,4432,11140,-492,69,181,9876,-9444,8392,41,171,-163,-14680,4476,3508,-976,-18,-39,-14592,-2660,6388,-437,185,-149,0
3961.020040988922,10616,4484,11204,-703,72,231,9924,-9672,8432,66,193,-187,-14836,4540,3416,-804,-213,-60,-14644,-2604,5672,-497,331,-219,0
3961.0555131435394,10668,4464,11260,-1131,-122,354,9884,-9712,8212,120,285,-240,-14644,4360,3348,-708,-307,-58,-14688,-2668,6316,-608,423,-275,0
3961.0909659862514,10516,4596,10792,-880,-347,305,9900,-9472,8568,44,242,-280,-14704,4656,3108,-909,-190,-96,-14616,-2796,6432,-413,317,-165,0
3961.12610912323,10500,4228,11112,-322,-105,207,9876,-9432,8536,-24,159,-181,-14416,4632,3096,-1079,-54,-123,-14652,-2624,6204,-350,157,-94,0
3961.1619410514827,10536,4260,11208,-27,-27,42,9968,-9340,8520,-30,157,-156,-14348,4364,3076,-1229,123,-97,-14676,-2620,6284,-293,-68,-112,0
3961.1976659297943,10512,4332,11184,121,81,14,9840,-9360,8452,-17,170,-120,-14464,4600,3420,-1307,114,-58,-14652,-2628,6092,-339,68,-104,0
3961.2338111400604,10496,4268,11012,41,52,21,9928,-9392,8508,3,173,-146,-14648,4560,3592,-1316,166,-91,-14684,-2524,6276,-405,104,-102,0
3961.267326116562,10552,4312,11148,293,153,-62,9896,-9348,8584,-44,134,-108,-14520,4588,3264,-1309,363,-96,-14684,-2552,6280,-539,-57,-76,0
3961.300934076309,10568,4432,11068,368,-38,-26,9876,-9380,8624,-152,36,-99,-14604,4472,3420,-1028,483,-48,-14560,-2552,6052,-543,64,-102,0
3961.334326982498,10252,4436,11080,292,48,-10,9892,-9384,8456,-76,66,-156,-14568,4588,3372,-1266,450,-50,-14836,-2584,6156,-580,104,-87,0
3961.367959022522,10484,4440,11112,95,119,68,9872,-9360,8628,-94,53,-164,-14524,4576,3684,-1255,339,-49,-14628,-2592,6220,-620,121,-117,0
3961.4011969566345,10588,4448,11056,12,93,45,9928,-9316,8420,-68,70,-124,-14648,4496,3660,-1184,238,-42,-14688,-2760,6316,-595,60,-140,0
3961.434674024582,10576,4556,11008,-60,93,47,9940,-9380,8600,-74,141,-145,-14704,4564,3288,-1105,117,247,-14624,-2676,6224,-568,52,-166,0
3961.4683971405034,10420,4384,11056,-73,59,70,9804,-9404,8688,-84,101,-121,-14588,4532,3528,-1088,129,-244,-14760,-2572,6160,-528,47,-102,0
3961.5016510486603,10572,4476,11028,-83,4,75,9956,-9356,8360,-35,70,-124,-14800,4400,3404,-1039,126,-38,-14644,-2716,6232,-519,79,-84,0
3961.535217046737,10560,4424,11212,-101,25,92,9888,-9400,8380,-25,75,-147,-14848,4656,3352,-1025,98,-76,-14616,-2584,6240,-509,112,-128,0
3961.5687780380254,10360,4448,11184,-112,-27,88,9908,-9292,8636,-13,119,-165,-14704,4852,3464,-956,37,-64,-14596,-2620,6200,-500,155,-145,0
3961.6024639606476,10372,4452,11208,-183,54,86,9908,-9428,8424,-37,165,-159,-14644,4832,3428,-981,66,-53,-14584,-2568,6248,-478,101,-142,0
3961.635633945465,10388,4452,11096,-163,37,85,10108,-9364,8372,-16,125,-122,-14612,4616,3320,-1005,104,-47,-14688,-2700,6164,-465,104,-114,0
3961.669466018677,10528,4512,11228,-181,18,80,9896,-9428,8504,-57,125,-135,-14568,4556,3436,-995,89,-43,-14632,-2760,6208,-476,81,-139,0
3961.7027959823613,10388,4604,11200,-210,14,91,9892,-9504,8420,-55,151,-158,-14548,4400,3404,-976,85,-74,-14616,-2588,6360,-487,135,-137,0
3961.7361640930176,10416,4420,11252,-177,-41,94,9776,-9484,8472,-50,114,-187,-14476,4560,3420,-984,105,-88,-14724,-2608,6204,-476,187,-124,0
3961.769912004471,10444,4480,11208,-167,-7,91,9796,-9340,8384,-32,103,-169,-14848,4536,3140,-1008,124,-53,-14696,-2636,5904,-487,147,-107,0
3961.8034560680394,10680,4524,11080,-166,27,85,9864,-9436,8656,-32,91,-180,-14608,4636,3396,-1003,120,-67,-14696,-2656,6208,-526,141,-127,0
3961.8370609283443,10476,4584,11204,-180,-6,100,9864,-9468,8640,-43,140,-150,-14556,4528,3320,-980,79,-81,-14768,-2544,6116,-513,130,-114,0
3961.870695114136,10360,4472,11012,-179,-255,102,9888,-9388,8548,-48,137,-154,-14824,4628,3444,-1002,122,-70,-14644,-2676,6216,-464,75,-104,0
3961.9040760993958,10488,4416,11248,-194,-54,137,9884,-9460,8188,-69,118,-146,-14824,4616,3480,-1053,143,-26,-14504,-2544,6124,-500,109,-121,0
3961.937523126602,10504,4568,10992,-234,-98,109,9880,-9232,8532,-20,112,-162,-14392,4584,3400,-1010,101,-73,-14620,-2680,6180,-486,151,-94,0
3961.971073150634,10396,4596,11348,-200,-104,141,9876,-9504,8448,-48,103,-189,-14616,4848,3428,-1011,102,-97,-14512,-2732,6224,-478,152,-112,0
3962.0044689178467,10340,4552,11196,-163,-187,122,9916,-9468,8536,-86,133,-198,-14536,4636,3396,-974,69,-111,-14700,-2604,6104,-510,174,-115,0
3962.037835121154,10436,4416,11476,-172,-100,119,9844,-9300,8296,-45,121,-213,-14620,4552,3388,-1279,134,-62,-14616,-2592,6364,-503,143,-100,0
3962.0716109275813,10512,4512,11096,-152,-89,127,9924,-9416,8324,-22,114,-163,-14472,4552,3304,-1017,127,-57,-14836,-2716,6248,-528,134,-107,0
3962.105059146881,10564,4492,11228,-188,-83,123,9728,-9380,8328,-23,141,-197,-14612,4568,3568,-974,125,-88,-14680,-2696,6396,-529,106,-151,0
3962.1385350227356,10492,4432,11356,-207,-102,119,10192,-9468,8480,-48,148,-180,-14380,4632,3564,-997,134,-115,-14740,-2580,6216,-523,126,-92,0
3962.1721019744873,10424,4492,11236,-158,-148,121,9808,-9456,8428,-10,119,-204,-14600,4524,3384,-1011,162,-120,-14620,-2744,6264,-535,161,-92,0
3962.2055859565735,10588,4496,11128,-195,-162,133,9932,-9424,8380,-37,93,-220,-14604,4620,3328,-1039,134,-67,-14672,-2768,6200,-507,160,-79,0
3962.2390840053554,10432,4540,11040,-191,-127,150,9940,-9388,8696,-61,125,-216,-14476,4656,3352,-1008,130,-115,-14360,-2756,6144,-481,160,-117,0
3962.274901151657,10452,4492,11120,-224,-118,115,9800,-9504,8480,-5,144,-206,-14844,4388,3488,-990,103,-70,-14708,-2664,6204,-518,171,-116,0
3962.3104500770573,10268,4560,11020,-197,-106,107,9888,-9436,8524,-254,117,-214,-14824,4640,3416,-1000,85,-129,-14696,-2612,6152,-506,176,-88,0
3962.345643043518,10452,4444,11136,-238,-87,113,9952,-9388,8480,-18,86,-200,-14400,4552,3132,-1019,114,-92,-14600,-2676,6208,-452,169,-108,0
3962.381061077118,10252,4516,11324,-209,-140,116,9956,-9420,8408,-27,89,-221,-14504,4384,3536,-991,105,-155,-14676,-2632,6080,-494,177,-84,0
3962.4161880016322,10460,4456,11132,-210,-193,101,10000,-9436,8604,-55,148,-221,-14664,4568,3576,-990,96,-102,-14652,-2324,6340,-510,211,-103,0
3962.4519181251526,10408,4488,11176,-204,-161,136,9944,-9384,8416,-11,130,-232,-14628,4644,3308,-973,71,-138,-14608,-2508,6176,-486,206,-101,0
3962.487447977066,10496,4464,11200,-169,-143,113,9960,-9416,8512,-53,151,-198,-14672,4512,3100,-1000,52,-63,-14740,-2632,6112,-447,150,-123,0
3962.523328065872,10572,4508,11080,-151,-64,109,9936,-9400,8504,-52,149,-174,-14520,4624,3304,-1043,36,-48,-14696,-2648,6100,-464,144,-124,0
3962.5593340396886,10728,4516,11136,-138,-35,92,9924,-9340,8408,-54,146,-157,-14792,4492,3228,-1008,36,-84,-14652,-2756,6136,-475,127,-141,0
3962.5948259830475,10424,4436,11040,-138,14,81,10008,-9464,8396,-74,159,-144,-14540,4552,3264,-1037,7,-34,-14832,-2632,6276,-492,120,-108,0
3962.6304960250854,10592,4560,10988,-129,23,57,9960,-9328,8520,-51,156,-167,-14656,4576,3332,-1059,8,-61,-14344,-2700,6132,-480,131,-138,0
3962.6658160686493,10340,4388,11372,-134,-12,87,9840,-9648,8228,-38,195,-148,-14536,4608,3660,-1050,-3,-56,-14644,-2796,6088,-424,165,-139,0
3962.7017619609833,10404,4552,11204,-88,253,71,10124,-9636,8444,-90,205,-167,-14552,4668,3440,-769,29,-91,-14824,-2688,6260,-476,142,-151,0
3962.7378010749812,10472,4504,11088,-126,-14,62,9852,-9452,8468,-31,189,-180,-14684,4652,3332,-1013,4,-64,-14740,-2400,6236,-467,150,-128,0
3962.772712945938,10380,4560,11216,-111,55,82,9880,-9488,8328,-48,157,-141,-14496,4612,3532,-1031,17,-46,-14680,-2760,6136,-459,150,-123,0
3962.808781147003,10324,4576,11152,-133,0,73,9800,-9360,8476,-55,175,-131,-14464,4824,3384,-969,2,-54,-14648,-2668,6356,-455,127,-130,0
3962.8445789813995,10408,4544,11144,-153,18,69,9904,-9224,8300,-71,183,-125,-14600,4684,3400,-769,11,-20,-14576,-2612,6220,-468,122,-118,0
3962.8798520565033,10444,4532,11016,-132,-4,76,9924,-9508,8696,-43,184,-134,-14684,4640,3340,-1026,44,-86,-14800,-2672,5980,-457,161,-159,0
3962.915167093277,10288,4476,11200,-161,-10,106,9820,-9444,8320,-14,137,-200,-14572,4356,3184,-1087,16,-115,-14608,-2612,6212,-432,180,-133,0
3962.950609922409,10252,4548,11056,-173,-30,65,10020,-9464,8528,1,161,-189,-14608,4548,3412,-1090,2,-87,-14776,-2596,5944,-445,163,-156,0
3962.98420214653,10508,4560,11220,-177,-17,39,9924,-9408,8464,-16,222,-179,-14596,4724,3364,-1055,25,-55,-14580,-2648,6224,-494,148,-194,0
3963.0175099372864,10416,4576,11168,-148,-9,57,10200,-9472,8364,-12,154,-183,-14560,4560,3464,-1086,30,-101,-14600,-2716,6348,-464,155,-140,0
3963.0509440898895,10380,4532,11052,-139,-51,69,9916,-9388,8516,-42,123,-161,-14592,4644,3464,-1080,55,-71,-14596,-2664,6308,-447,141,-151,0
3963.0843441486363,10336,4520,11176,-130,-55,91,9768,-9408,8468,-48,125,-169,-14592,4568,3548,-999,76,-55,-14600,-2684,6292,-456,116,-122,0
3963.117952108383,10248,4460,11156,-170,-82,86,9872,-9448,8696,-101,167,-165,-14612,4644,3508,-772,94,-52,-14696,-2324,6092,-484,111,-130,0
3963.151407003402,10408,4640,11144,-195,-59,91,9904,-9400,8400,-2,150,-157,-14552,4644,3512,-1044,151,-107,-14616,-2664,6128,-469,139,-114,0
3963.1849789619446,10344,4656,11160,-176,-54,119,9864,-9312,8368,-15,129,-155,-14544,4620,3456,-770,174,-106,-14628,-2624,6228,-476,159,-78,0
3963.2186400890346,10436,4616,11320,-205,-55,133,9884,-9472,8464,-20,102,-190,-14600,4832,3452,-1015,169,-69,-14788,-2652,6136,-505,120,-96,0
3963.25195813179,10400,4516,11284,-221,-79,111,9968,-9496,8396,-17,129,-163,-14524,4612,3428,-775,157,-39,-14540,-2588,6172,-494,111,-106,0
3963.285629987716,10496,4528,11136,-200,-30,133,9944,-9612,8416,-26,132,-156,-14440,4844,3420,-1007,189,-43,-14808,-2712,6096,-496,112,-61,0
3963.3191099166875,10372,4672,11192,-241,-16,162,9916,-9440,8468,8,104,-164,-14604,4536,3428,-1049,250,-86,-14808,-2700,6364,-474,92,-108,0
3963.3526170253754,10460,4508,11288,-254,-53,144,9860,-9400,8452,-5,117,-134,-14516,4592,3504,-1012,156,-76,-14588,-2768,6368,-480,123,-139,0
3963.3860359191895,10468,4796,11040,-204,-34,145,9808,-9500,8540,-37,118,-155,-14536,4628,3416,-1015,127,-45,-14648,-2644,6340,-489,125,-119,0
3963.419965028762,10356,4776,11304,-183,-44,106,9808,-9412,8584,-36,107,-162,-14640,4564,3500,-992,125,-72,-14560,-2608,6184,-488,135,-99,0
3963.4537351131444,10500,4504,11188,-200,-65,97,9840,-9460,8324,-53,109,-195,-14696,4640,3396,-958,101,-51,-14584,-2352,6088,-510,209,-92,0
3963.487345933914,10316,4532,11200,-184,-86,70,9844,-9392,8352,-42,133,-169,-14584,4624,3484,-978,119,-99,-14824,-2692,6340,-449,153,-91,0
3963.5209600925446,10504,4612,11236,-225,-31,118,9852,-9488,8432,-36,143,-166,-14604,4632,3596,-930,126,-90,-14708,-2664,6264,-486,172,-63,0
3963.5544109344482,10380,4540,11512,-266,-62,126,9864,-9708,8512,-48,167,-184,-14668,4608,3480,-929,150,-132,-14616,-2660,6300,-467,190,-78,0
3963.588171005249,10400,4588,11036,-275,-117,124,9928,-9492,8696,-52,157,-200,-14628,4764,3468,-959,136,-112,-14580,-2404,6276,-489,165,-119,0
3963.6218500137334,10472,4360,11204,-258,-142,137,9808,-9316,8424,-41,165,-219,-14548,4556,3464,-961,130,-121,-14708,-2664,6220,-470,152,-91,0
3963.6555070877075,10344,4560,11168,-258,-136,127,9896,-9388,8484,-74,126,-195,-14732,4524,3464,-954,129,-117,-14524,-2612,6268,-484,188,-99,0
3963.6892449855804,10444,4500,11224,-6,-157,127,9892,-9448,8540,-55,176,-213,-14532,4652,3300,-943,136,-157,-14648,-2608,6376,-480,195,-86,0
3963.722890138626,10428,4536,10932,-245,-132,116,9864,-9436,8448,-49,128,-190,-14628,4600,3388,-1010,142,-167,-14612,-2676,6228,-454,167,-73,0
3963.756562948227,10240,4588,11100,-271,-118,124,9856,-9404,8440,-16,128,-199,-14528,4568,3472,-1013,175,-154,-14664,-2684,6344,-471,171,-76,0
3963.790111064912,10420,4480,11012,-265,-176,144,9904,-9424,8468,2,157,-223,-14632,4560,3360,-988,149,-144,-14688,-2612,6076,-443,234,-81,0
3963.8236489295964,10516,4608,11244,-283,-140,148,9892,-9448,8548,11,118,-217,-14704,4388,3444,-1024,121,-133,-14716,-2624,6224,-467,179,-126,0
3963.857283115387,10472,4588,11172,-276,-142,149,9960,-9540,8352,253,146,-220,-14500,4416,3424,-971,107,-143,-14704,-2652,6060,-482,195,-111,0
3963.8907561302185,10504,4552,11200,-273,-144,148,9988,-9392,8528,-7,147,-244,-14544,4560,3396,-960,79,-142,-14596,-2724,6160,-464,170,-99,0
3963.924142122268,10468,4448,11088,-243,-125,133,9888,-9384,8244,-13,123,-193,-14576,4572,3448,-998,116,-103,-14732,-2640,6180,-493,188,-104,0
3963.9607570171356,10472,4516,11300,-234,-147,118,9996,-9392,8384,-6,139,-206,-14712,4632,3416,-1004,87,-148,-14712,-2656,6168,-494,201,-105,0
3963.9961941242213,10444,4468,10856,-226,-155,123,9948,-9428,8520,-46,115,-233,-14560,4568,3240,-1004,84,-129,-14636,-2668,5920,-517,196,-92,0
3964.0318090915684,10268,4476,11496,-233,-193,148,9952,-9392,8388,-42,82,-232,-14560,4840,3324,-1000,177,-141,-14704,-2596,6240,-462,148,-100,0
3964.0677819252014,10596,4472,11284,-235,-132,130,9972,-9376,8344,-59,102,-208,-14688,4352,3388,-1013,125,-98,-14724,-2664,6124,-472,115,-109,0
3964.1027150154114,10296,4428,11036,-286,-146,131,9908,-9424,8524,-29,93,-196,-14652,4604,3480,-1042,-5,-95,-14664,-2788,6156,-494,227,-125,0
3964.13884305954,10428,4612,11088,-186,-117,110,9888,-9356,8620,-100,95,-172,-14344,4484,3296,-948,42,-118,-14644,-2664,6092,-536,144,-141,0
3964.1744041442876,10260,4564,11076,-166,-137,89,9904,-9388,8396,-134,118,-208,-14560,4480,3364,-956,85,-73,-14660,-2344,6088,-526,217,-106,0
3964.2097020149226,10580,4432,10912,-126,-66,137,9920,-9284,8348,-122,103,-166,-14700,4516,3520,-984,241,-69,-14828,-2612,6056,-526,146,-137,0
3964.2450489997864,10564,4432,11036,-117,21,104,9844,-9340,8436,-129,132,-118,-14584,4508,3496,-952,-27,2,-14744,-2688,6184,-531,70,-164,0
3964.280884027481,10416,4472,11080,-149,69,86,9852,-9392,8700,-106,155,-103,-14628,4516,3372,-919,11,-47,-14664,-2584,6000,-761,113,-166,0
3964.316050052642,10444,4508,11180,-110,80,77,9880,-9496,8600,-124,158,-131,-14580,4548,3356,-922,251,-61,-14648,-2556,6128,-552,208,-160,0
3964.35204410553,10472,4480,11188,-125,12,79,9788,-9492,8360,-95,154,-188,-14564,4384,3352,-982,40,-60,-14612,-2712,6344,-540,191,-144,0
3964.3881030082703,10244,4472,11312,-137,-245,71,9956,-9456,8404,-111,177,-180,-14612,4632,3464,-969,40,-95,-14552,-2676,6204,-511,263,-138,0
3964.4260799884796,10452,4368,11220,-139,41,47,9844,-9512,8368,-100,197,-154,-14828,4664,3792,-985,65,-83,-14784,-2692,6384,-527,218,-127,0
3964.462194919586,10564,4544,11280,-117,81,52,9928,-9416,8504,-79,153,-122,-14532,4636,3480,-968,36,-34,-14712,-2648,6292,-507,176,-118,0
3964.4984951019283,10448,4508,11152,-123,65,60,9736,-9556,8360,-71,163,-137,-14560,4828,3392,-989,100,-96,-14620,-2748,6084,-565,270,-140,0
3964.5334680080414,10252,4540,10860,-79,48,45,9856,-9432,8328,-151,158,-150,-14380,4568,3564,-873,108,-48,-14608,-2752,6172,-526,247,-141,0
3964.569023132324,10468,4560,11184,-95,-254,51,9840,-9404,8284,-131,114,-171,-14824,4496,3304,-956,126,-123,-14604,-2700,6056,-437,229,-97,0
3964.6060020923615,10356,4596,11184,-187,-30,96,9872,-9716,8528,-72,144,-170,-14360,4784,3428,-982,147,-99,-14732,-2744,6068,-475,318,-140,0
3964.6393001079564,10512,4504,11036,-204,-42,95,9940,-9508,8404,-59,130,-161,-14588,4640,3224,-962,122,-111,-14700,-2668,6112,-545,251,-120,0
3964.672667980194,10648,4528,11292,-130,-17,79,9832,-9512,8352,-76,88,-132,-14536,4640,3476,-965,94,-97,-14676,-2672,5988,-488,190,-140,0
3964.7064080238342,10384,4424,11204,-175,-8,98,9940,-9464,8364,-39,125,-146,-14560,4648,3420,-998,65,-91,-14576,-2736,6064,-446,194,-116,0
3964.739907026291,10420,4500,11144,-169,29,95,9884,-9728,8480,-53,98,-132,-14560,4552,3388,-1007,14,-42,-14672,-2648,6084,-405,159,-121,0
3964.7734949588776,10384,4440,11216,-209,-31,113,9928,-9516,8248,-26,186,-156,-14420,4376,3484,-769,20,-251,-14652,-2684,6296,-383,146,-123,0
3964.8070850372314,10404,4536,11200,-260,-8,117,9920,-9540,8292,9,181,-136,-14656,4656,3372,-1027,14,-52,-14740,-2656,6376,-343,161,-100,0
3964.8424880504613,10352,4540,11356,-261,9,115,9908,-9592,8340,-22,154,-159,-14428,4588,3632,-1017,25,-72,-14692,-2572,6016,-360,180,-126,0
3964.8761179447174,10324,4464,11324,-280,-3,99,9876,-9524,8380,25,182,-181,-14436,4628,3408,-1061,48,-38,-14664,-2636,5952,-348,211,-99,0
3964.909780025482,10328,4544,11208,-245,15,124,9824,-9492,8368,24,146,-170,-14588,4620,3580,-1087,70,-59,-14696,-2652,6124,-326,198,-96,0
3964.9432549476624,10360,4544,11132,-208,6,111,9768,-9428,8344,-30,146,-143,-14620,4584,3552,-1049,22,-92,-14768,-2676,6140,-330,140,-116,0
3964.9767880439763,10368,4492,11260,-250,-37,88,9840,-9528,8228,-31,127,-164,-14848,4504,3468,-1070,39,-93,-14720,-2680,6364,-321,74,-87,0
3965.010246992111,10408,4452,11236,-222,20,106,9952,-9496,8520,-28,158,-162,-14584,4428,3748,-1098,72,-45,-14640,-2676,6356,-371,111,-80,0
3965.043648958206,10380,4508,11252,-259,-32,99,9888,-9272,8348,35,165,-174,-14452,4532,3544,-1059,81,-29,-14640,-2572,6004,-395,196,-106,0
3965.077199935913,10380,4504,11288,-207,-48,107,9876,-9232,8300,-2,132,-181,-14532,4608,3492,-1027,45,-78,-14660,-2624,6056,-403,174,-87,0
3965.1107521057133,10272,4468,11248,-181,-48,129,9804,-9496,8456,12,110,-189,-14444,4712,3516,-1037,99,-100,-14608,-2712,6096,-420,205,-101,0
3965.1440041065216,10324,4468,11220,-202,-30,124,9836,-9540,8404,29,151,-197,-14804,4660,3088,-1048,89,-88,-14776,-2544,6208,-452,270,-101,0
3965.1776509284973,10424,4516,11348,-216,-36,91,9808,-9432,8456,24,165,-214,-14828,4800,3452,-1017,82,-86,-14652,-2684,5952,-454,1,-99,0
3965.211298942566,10304,4520,11316,-234,-48,90,9884,-9412,8464,16,166,-201,-14560,4596,3580,-974,53,-112,-14712,-2556,5972,-402,276,-129,0
3965.2448360919952,10456,4392,11376,-10,4,113,9828,-9520,8364,56,186,-222,-14560,4820,3380,-958,38,-147,-14828,-2596,6080,-402,341,-117,0
3965.278291940689,10388,4436,11292,-301,18,125,9968,-9672,8252,90,183,-210,-14532,4684,3584,-929,22,-107,-14700,-2668,6084,-445,332,-158,0
3965.3119270801544,10440,4444,11160,-329,60,134,9732,-9544,8372,73,168,-199,-14536,4628,3492,-955,16,-65,-14640,-2632,5944,-453,349,-139,0
3965.345267057418,10264,4412,11172,-405,45,165,9976,-9380,8248,90,205,-211,-14568,4624,3580,-894,-7,-83,-14684,-2800,5912,-442,408,-140,0
3965.3787620067596,10336,4484,11024,-512,28,181,9908,-9400,8432,55,207,-234,-14548,4360,3408,-884,24,-155,-14668,-2644,6120,-416,230,-102,0
3965.412054061889,10300,4552,11184,-511,3,172,9924,-9384,8520,47,208,-220,-14832,4604,3460,-906,50,-119,-14756,-2588,6012,-381,209,-106,0
3965.445496082306,10312,4508,11500,-483,-29,182,9928,-9592,8524,5,190,-207,-14584,4580,3604,-924,69,-126,-14788,-2556,6068,-432,210,-106,0
3965.4792160987854,10272,4356,11256,-396,-129,170,9856,-9504,8536,16,203,-190,-14616,4608,3424,-966,18,-80,-14744,-2728,6176,-350,122,-108,0
3965.5128121376038,10296,4472,11256,-264,-182,130,9788,-9700,8476,-41,165,-209,-14480,4672,3440,-987,81,-114,-14648,-2672,6012,-380,244,-90,0
3965.5461499691014,10308,4396,11348,-209,-257,134,9836,-9428,8364,-67,144,-217,-14588,4512,3624,-970,67,-101,-14752,-2676,5952,-466,7,-126,0
3965.5798299312587,10348,4404,11232,-296,-232,140,9788,-9404,8524,-25,163,-211,-14568,4672,3636,-971,69,-99,-14596,-2612,6052,-483,80,-97,0
3965.613450050354,10324,4296,11156,-335,-253,178,9896,-9404,8448,-19,180,-204,-14556,4608,3528,-932,43,-67,-14752,-2656,6084,-483,15,-106,0
3965.6502699851994,10260,4404,11468,-376,-242,177,9908,-9488,8436,-24,150,-214,-14572,4664,3504,-938,98,-108,-14640,-2584,6176,-490,-27,-116,0
3965.685677051544,10420,4104,11224,-303,-288,162,9884,-9696,8544,-30,148,-218,-14356,4552,3456,-970,112,-116,-14700,-2596,6116,-516,-9,-95,0
3965.7212710380554,10448,4136,11496,-234,-433,172,9952,-9472,8480,-10,118,-265,-14412,4452,3776,-985,125,-143,-14708,-2500,6036,-519,49,-112,0
3965.7571549415597,10368,4340,11224,-188,-392,153,9816,-9392,8492,0,94,-254,-14596,4372,3796,-1032,149,-155,-14704,-2528,6052,-485,71,-106,0
3965.792293071746,10436,4544,11344,-243,-382,160,9952,-9364,8544,-252,145,-238,-14512,4512,3696,-998,129,-102,-14704,-2684,5872,-453,75,-78,0
3965.828199148178,10500,4340,11204,-215,-307,130,9832,-9448,8536,-4,142,-217,-14532,4568,3464,-1274,110,-138,-14672,-2800,5928,-488,73,-103,0
3965.8635880947113,10476,4324,11116,-213,-228,151,9876,-9276,8576,5,123,-212,-14512,4620,3584,-992,156,-62,-14788,-2688,6112,-459,107,-109,0
3965.89881491661,10516,4380,11184,-202,-249,154,9832,-9368,8612,10,86,-201,-14520,4556,3436,-976,127,-106,-14668,-2604,6064,-457,89,-102,0
3965.9343340396886,10496,4320,11276,-174,-244,153,9828,-9396,8524,-19,88,-231,-14684,4816,3632,-971,113,-85,-14436,-2588,6056,-446,102,-89,0
3965.9701080322266,10540,4284,11012,-177,-205,148,9856,-9444,8452,-17,109,-210,-14580,4664,3576,-1006,130,-124,-14644,-2648,6028,-459,140,-85,0
3966.005387067794,10540,4348,11240,-172,-175,146,9880,-9264,8488,-8,114,-219,-14632,4828,3388,-1008,113,-119,-14700,-2512,6132,-444,107,-118,0
3966.041293144226,10564,4264,11212,-164,-161,143,9940,-9464,8460,-35,48,-230,-14348,4440,3464,-1028,140,-125,-14760,-2576,6076,-458,158,-128,0
3966.0760629177094,10636,4364,11060,-193,-130,135,9944,-9456,8520,-49,93,-193,-14620,4496,3496,-992,122,-111,-14668,-2532,6116,-487,127,-77,0
3966.111921072006,10608,4304,11172,-144,-81,127,9864,-9372,8308,-62,100,-160,-14592,4580,3612,-1055,132,-88,-14740,-2664,6108,-466,83,-135,0
3966.1475141048427,10612,4204,11092,-143,-9,87,9728,-9440,8364,-51,137,-141,-14428,4492,3440,-1064,81,-59,-14612,-2728,6100,-467,114,-123,0
3966.1828010082245,10468,4100,11304,-199,-21,102,9912,-9332,8360,-256,174,-138,-14492,4552,3496,-1052,92,-73,-14708,-2584,6176,-434,110,-108,0
3966.2181971073146,10668,4096,11236,-131,-38,107,9800,-9348,8672,-94,133,-162,-14488,4448,3436,-1036,89,-86,-14652,-2816,6020,-472,158,-152,0
3966.2540171146393,10512,4216,11192,-128,-19,58,9856,-9244,8464,-50,120,-186,-14432,4556,3612,-1034,111,-60,-14652,-2552,6080,-461,125,-137,0
3966.2905149459843,10568,4160,11060,-103,51,92,9884,-9372,8440,-30,136,-131,-14520,4620,3428,-1032,107,246,-14640,-2588,6040,-452,95,-127,0
3966.3241789340973,10300,4404,11204,-131,60,76,9828,-9720,8676,-30,161,-132,-14544,4640,3520,-987,107,-26,-14720,-2592,6144,-459,65,-112,0
3966.3580279350285,10692,4408,11116,-145,50,85,9832,-9280,8480,-74,148,-170,-14604,4652,3820,-1014,99,-34,-14652,-2556,6104,-467,66,-134,0
3966.3912949562073,10476,4604,11504,-107,4,78,9876,-9516,8652,-38,121,-140,-14556,4592,3268,-1035,115,-70,-14724,-2812,6272,-488,114,-155,0
3966.4248740673065,10460,4096,11272,-124,-5,84,9776,-9444,8476,-43,121,-139,-14532,4588,3440,-1040,108,-95,-14648,-2536,6348,-495,120,-122,0
3966.4583101272583,10484,4592,10772,-111,-57,83,9908,-9400,8420,-57,110,-185,-14548,4576,3336,-1039,116,-67,-14696,-2364,6372,-517,128,-133,0
3966.49192404747,10516,4348,11276,-146,-47,82,9820,-9408,8536,-36,159,-178,-14476,4632,3432,-1027,92,-35,-14688,-2508,6112,-475,120,-137,0
3966.5255789756775,10468,4320,11340,-130,-13,83,9944,-9448,8284,-30,178,-169,-14556,4668,3340,-1018,109,-59,-14636,-2572,6192,-509,111,-122,0
3966.559072017669,10484,4404,11276,-139,-54,96,9868,-9704,8616,-28,167,-187,-14556,4580,3524,-956,93,-77,-14340,-2656,6088,-528,102,-124,0
3966.592301130295,10540,4372,11116,-137,-79,90,9848,-9432,8420,-31,126,-162,-14796,4648,3252,-971,79,-60,-14616,-2672,6056,-535,85,-137,0
3966.6257650852203,10424,4404,11124,-86,-82,72,9904,-9492,8252,-54,125,-176,-14572,4560,3712,-962,63,-40,-14632,-2624,6308,-532,106,-115,0
3966.6586179733276,10520,4108,11116,-123,-80,71,9904,-9388,8648,-52,122,-176,-14512,4820,3568,-993,56,-138,-14688,-2628,6244,-532,149,-161,0
3966.692104101181,10744,4392,11052,-134,-52,80,9792,-9440,8536,-40,113,-174,-14360,4576,3428,-1025,65,-81,-14828,-2772,6100,-501,149,-128,0
3966.725727081298,10476,4556,11144,-161,-30,78,9864,-9472,8380,6,121,-180,-14760,4728,3384,-1036,107,-44,-14732,-2640,6212,-484,122,-102,0
3966.7592539787292,10244,4468,11128,-174,-42,72,9832,-9388,8536,-26,149,-188,-14496,4352,3356,-1047,101,-73,-14408,-2576,6192,-496,106,-134,0
3966.7928259372716,10336,4472,11388,-160,-41,97,9836,-9476,8528,-70,96,-194,-14624,4672,3448,-1280,163,-58,-14748,-2620,6112,-458,30,-108,0
3966.8264579772954,10480,4424,11320,-200,-37,111,9884,-9532,8500,-13,85,-170,-14620,4524,3612,-1062,126,-94,-14652,-2636,6064,-496,87,-124,0
3966.8598670959473,10380,4384,11292,-217,-80,143,9952,-9456,8476,10,145,-157,-14572,4568,3600,-983,117,-42,-14676,-2772,6240,-450,48,-131,0
3966.8931250572205,10716,4404,11152,-179,-86,98,9948,-9496,8536,-68,131,-178,-14808,4356,3384,-954,104,-44,-14608,-2568,6116,-525,36,-149,0
3966.926742076874,10448,4324,11284,-168,-153,84,10184,-9344,8404,-47,94,-198,-14452,4560,3448,-958,115,-64,-14652,-2620,6224,-503,50,-156,0
3966.960140943527,10528,4464,11140,-133,-144,143,9872,-9416,8452,-32,60,-181,-14476,4696,3520,-928,15,-38,-14788,-2604,6344,-527,3,-182,0
3966.99376296997,10504,4352,11232,-93,-191,141,9884,-9232,8560,-45,82,-166,-14568,4696,3420,-744,6,241,-14632,-2632,6092,-598,5,-179,0
3967.0273430347443,10444,4444,11356,-79,-225,94,9924,-9272,8576,-56,82,-182,-14520,4724,3520,-853,50,-51,-14640,-2812,5896,-540,91,-151,0
3967.0607669353485,10556,4424,11116,-106,-214,105,9904,-9496,8516,-26,137,-183,-14556,4664,3456,-965,44,-47,-14652,-2604,6000,-472,107,-147,0
3967.0942029953003,10536,4376,11088,-204,-170,119,9860,-9408,8428,25,164,-179,-14508,4676,3544,-1005,-48,-74,-14340,-2808,5888,-518,222,-150,0
3967.127676963806,10464,4400,11124,-301,-165,151,9860,-9468,8576,17,136,-240,-14528,4568,3572,-843,-82,-79,-14632,-2704,6092,-470,252,-175,0
3967.1608121395116,10288,4460,11296,-442,-197,158,9800,-9528,8516,44,206,-200,-14492,4676,3612,-807,-113,-78,-14676,-2572,6092,-382,281,-206,0
3967.1943869590764,10536,4312,11108,-552,-130,219,9840,-9448,8372,93,231,-216,-14360,4856,3592,-514,-226,-136,-14616,-2636,5924,-375,450,-255,0
3967.227889060974,10560,4328,11096,-596,-90,215,9748,-9228,8648,67,246,-233,-14476,4616,3632,-822,-362,-141,-14740,-2768,6204,-390,502,-202,0
3967.261556148529,10588,4384,11008,-508,-24,197,9840,-9400,8384,8,207,-234,-14504,4704,3384,-842,-312,-146,-14608,-2636,6300,-312,420,-127,0
3967.2950191497803,10548,4324,11136,-346,102,132,9996,-9392,8208,7,145,-218,-14600,4764,3356,-1041,-113,-128,-14760,-2632,6480,-312,89,-50,0
3967.3320879936214,10584,4288,11244,86,237,12,10196,-9720,8552,-68,65,-167,-14580,4740,3524,-1099,110,-77,-14684,-2656,5996,-433,-57,-53,0
3967.368148088455,10544,4124,11224,-46,-95,73,9892,-9444,8688,-154,83,-192,-14528,4808,3668,-1024,158,-122,-14628,-2616,6136,-473,-18,-73,0
3967.4035279750824,10600,4312,11128,-67,-149,78,9816,-9408,8484,-145,175,-184,-14440,4576,3728,-1004,173,-87,-14676,-2652,6124,-480,74,-62,0
3967.4388179779053,10292,4108,11504,-155,-163,136,9848,-9492,8520,-131,154,-201,-14448,4600,3552,-1040,137,-171,-14724,-2612,6188,-446,112,-79,0
3967.4742670059204,10528,4516,11468,-232,-134,131,9904,-9428,8424,-125,200,-224,-14524,4808,3468,-998,-4,-130,-14696,-2604,6124,-392,163,-106,0
3967.5099761486053,10536,4100,11164,-297,-94,161,9928,-9660,8452,-105,160,-213,-14516,4640,3668,-939,-68,-155,-14672,-2608,6176,-423,160,-113,0
3967.5449259281163,10504,4208,11232,-336,-98,147,9928,-9424,8692,-55,156,-202,-14504,4620,3708,-973,-182,-108,-14644,-2308,6116,-364,196,-99,0
3967.5812280178075,10532,4412,11184,-304,-89,142,9900,-9360,8436,-17,143,-204,-14452,4628,3616,-1014,-164,-154,-14756,-2700,6176,-367,206,-120,0
3967.6171000003815,10644,4260,11260,-279,-99,103,9856,-9428,8232,-77,108,-238,-14376,4772,3748,-1020,-110,-117,-14772,-2500,6300,-341,240,-97,0
3967.6518580913544,10560,4340,10880,-314,-78,104,9920,-9360,8224,-38,149,-237,-14532,4692,3732,-1015,-40,-164,-14828,-2748,5952,-319,239,-75,0
3967.687611103058,10724,4304,11116,-360,-27,136,9932,-9220,8608,-48,163,-189,-14472,4360,3820,-1098,-70,-144,-15104,-2768,5996,-280,229,-107,0
3967.7225520610814,10484,4248,11116,-382,-252,118,9920,-9508,8360,13,133,-167,-14532,4628,3648,-773,15,-124,-14636,-2632,6112,-294,203,-105,0
3967.758325099945,10484,4320,11376,-342,68,120,9848,-9420,8424,-39,188,-204,-14444,4600,3808,-997,68,-121,-14636,-2632,5964,-419,237,-88,0
3967.793559074402,10488,4340,11228,-316,-25,103,9916,-9440,8656,-20,177,-192,-14388,4680,3660,-933,140,-167,-14572,-2708,6108,-261,308,-102,0
3967.828859090805,10440,4184,11200,-341,-45,109,9852,-9436,8668,-14,155,-211,-14384,4516,3604,-894,273,-167,-14556,-2564,6040,-536,309,-102,0
3967.86439704895,10452,4344,11052,-343,-74,128,10160,-9556,8488,-86,174,-225,-14472,4564,3512,-858,264,-151,-14708,-2580,6092,-539,327,-108,0
3967.89982008934,10524,4184,11056,-188,-114,76,9928,-9356,8224,-111,224,-187,-14472,4616,3680,-857,357,-140,-14724,-2676,6212,-657,229,-125,3
3967.934957981109,10548,4208,11500,-14,-101,47,9992,-9392,8644,-153,163,-150,-14516,4640,3480,-936,456,-160,-14700,-2588,6052,-588,188,-105,3
3967.971988916397,10276,4152,11056,-55,-49,87,9804,-9400,8336,-107,210,-148,-14504,4612,3492,-972,348,-59,-14592,-2560,6028,-605,108,-115,3
3968.0056660175323,10492,4240,11068,-18,-92,57,9920,-9400,8264,-128,137,-155,-14520,4392,3696,-941,275,-40,-14740,-2768,6000,-627,82,-121,3
3968.0391941070557,10556,4164,11200,-88,-87,71,9948,-9500,8380,-55,158,-165,-14508,4668,3628,-1003,239,-37,-14700,-2572,6096,-625,100,-140,3
3968.0726339817043,10472,4292,11160,-28,-35,77,9892,-9472,8492,-42,133,-147,-14440,4596,3356,-1029,291,-108,-14652,-2700,6108,-568,87,-90,3
3968.106157064438,10472,4284,11220,18,251,85,9896,-9424,8420,-83,143,-169,-14564,4600,3568,-1018,268,-63,-14020,-2456,5856,-615,111,-111,3
3968.139153003692,10432,4300,11332,-19,-49,66,10000,-9448,8388,-60,165,-196,-14564,4636,3824,-1071,276,-61,-14692,-2668,6312,-615,67,-145,3
3968.1726810932164,10480,4336,11060,9,-21,63,9928,-9432,8520,-47,176,-115,-14560,4816,3568,-1095,246,-65,-14688,-2652,6104,-546,18,-126,3
3968.2062101364136,10580,4352,11012,24,14,61,9816,-9400,8336,-13,106,-124,-14444,4520,3584,-1110,300,-70,-14736,-2640,6132,-537,52,-122,3
3968.239844083786,10448,4356,11436,10,83,88,9788,-9392,8432,-32,128,-122,-14524,4692,3708,-1091,226,-52,-14696,-2636,6132,-574,71,-171,3
3968.2734451293945,10472,4400,11164,-17,16,39,9816,-9580,8248,-44,162,-163,-14552,4736,3744,-1086,204,-42,-14872,-2608,6064,-580,46,-124,0
3968.3072040081024,10440,4364,11180,35,26,18,9872,-9708,8536,-39,130,-161,-14524,4612,3456,-1110,215,-68,-14756,-2680,6240,-550,24,-140,0
3968.340460062027,10588,4496,11140,82,31,40,9840,-9516,8460,-63,94,-142,-14496,4376,3076,-1076,312,-74,-14736,-2612,6132,-555,-21,-114,0
3968.3739111423492,10488,4344,11176,47,3,39,9916,-9428,8228,-30,104,-153,-14544,4608,3492,-1131,279,-78,-14688,-2596,6060,-546,49,-126,0
3968.4073710441594,10492,4384,11136,27,-13,68,9904,-9452,8396,-32,84,-126,-14484,4632,3824,-1153,298,-85,-14636,-2632,6192,-545,43,-88,0
3968.441173076629,10420,4468,11176,30,-12,54,9828,-9544,8460,-38,71,-136,-14512,4632,3556,-1148,294,-39,-14664,-2584,6324,-543,4,-116,0
3968.474466085434,10420,4432,11444,25,0,35,9928,-9704,8400,-57,83,-162,-14648,4672,3532,-1156,269,-62,-14600,-2720,6368,-549,30,-120,0
3968.5080850124364,10420,4508,11224,86,-14,33,10176,-9380,8420,-67,104,-132,-14576,4660,3536,-1135,270,-90,-14724,-2720,6056,-556,59,-80,0
3968.5416469573975,10244,4468,11208,56,-16,62,9904,-9456,8468,-38,104,-160,-14352,4592,3572,-1152,286,-65,-14796,-2800,6036,-500,64,-107,0
3968.5749459266663,10496,4452,11268,-2,36,71,9872,-9672,8412,-54,111,-185,-14848,4632,3484,-1089,216,-41,-14636,-2672,6264,-502,81,-103,0
3968.608526945114,10240,4464,11224,-47,66,71,9840,-9664,8568,-11,112,-150,-14516,4612,3380,-1128,203,-58,-14788,-2612,5896,-510,87,-111,0
3968.6417529582973,10400,4532,11256,-58,70,75,9916,-9708,8488,-31,70,-129,-14612,4624,3392,-1109,218,-113,-14720,-2564,6024,-501,113,-105,0
3968.675267934799,10384,4496,11196,-56,16,82,9852,-9524,8404,-44,101,-153,-14600,4648,3520,-1077,205,-76,-14628,-2624,6104,-489,107,-120,0
3968.7089409828186,10448,4592,11252,-84,42,70,9892,-9532,8196,-34,129,-170,-14564,4628,3756,-1113,153,-48,-14640,-2688,6028,-473,167,-110,0
3968.7424409389496,10380,4580,11116,-143,41,77,9856,-9388,8388,-42,148,-160,-14548,4580,3104,-1014,160,-64,-14584,-2672,6056,-466,136,-108,0
3968.7759420871735,10244,4544,11168,-187,29,87,9908,-9480,8348,-22,143,-154,-14536,4560,3348,-1080,188,-93,-14484,-2612,6036,-417,196,-90,0
3968.8094470500946,10368,4588,11276,-223,19,95,9892,-9440,8544,-8,151,-146,-14804,4624,3516,-1056,186,-102,-14712,-2680,5908,-473,160,-91,0
3968.842894077301,10396,4448,11216,-233,-36,106,9848,-9352,8220,-250,135,-177,-14624,4596,3524,-1043,126,-45,-14716,-2640,6056,-765,175,-69,0
3968.876645088196,10360,4552,11260,-237,-70,119,9884,-9424,8484,1,173,-194,-14544,4528,3452,-1033,139,-90,-14604,-2768,6120,-497,203,-126,0
3968.9100401401524,10400,4560,11080,-212,-45,89,9820,-9228,8512,-11,137,-185,-14568,4616,3376,-1003,130,-102,-14712,-2688,6188,-473,205,-117,0
3968.9436640739445,10340,4528,11388,-217,-9,132,9896,-9476,8392,-39,123,-185,-14500,4664,3340,-986,143,-67,-14768,-2576,6244,-475,135,-108,0
3968.9769330024724,10696,4408,11224,-512,-14,88,9916,-9552,8420,10,109,-153,-14796,4652,3504,-1065,66,-66,-14716,-2368,6152,-478,162,-130,0
3969.0138840675354,10400,4504,11308,-252,-24,102,9812,-9424,8200,6,158,-156,-14560,4592,3408,-1066,134,-25,-14604,-2696,6196,-422,104,-88,0
3969.049726963043,10364,4508,11240,-222,-12,87,9992,-9492,8440,-12,144,-169,-14532,4584,3380,-1028,114,-86,-14612,-2608,6116,-476,165,-103,0
3969.0851011276245,10420,4528,11228,-217,-252,103,9816,-9352,8608,14,100,-157,-14524,4688,3428,-1077,91,-71,-14628,-2696,6392,-478,145,-115,0
3969.1208550930023,10400,4624,11188,-178,37,101,9880,-9456,8512,22,169,-154,-14672,4832,3544,-1066,98,-42,-14704,-2668,6372,-487,85,-143,0
3969.1562130451202,10336,4492,11156,-175,29,71,9892,-9496,8644,-39,149,-142,-14532,4592,3432,-978,109,-83,-14768,-2808,6124,-445,80,-133,0
3969.192053079605,10368,4600,11168,-200,40,65,9740,-9444,8396,-43,153,-151,-14380,4592,3340,-1016,62,-84,-14584,-2608,5916,-471,128,-98,0
3969.2279820442204,10396,4520,11380,-160,11,83,9840,-9720,8640,-10,137,-180,-14532,4560,3264,-1035,140,-83,-14628,-2652,5920,-768,170,-131,0
3969.263576030731,10392,4572,11164,-191,28,93,9768,-9468,8432,-33,116,-147,-14532,4628,3456,-1014,121,-63,-14632,-2608,6172,-499,155,-81,0
3969.299296140671,10304,4500,11492,-193,-16,112,9892,-9676,8524,-33,121,-182,-14804,4400,3344,-1014,112,-112,-14704,-2592,6152,-503,189,-106,0
3969.335063934326,10340,4460,11284,-251,-30,104,9844,-9528,8444,-39,130,-175,-14580,4700,3384,-979,131,-113,-14720,-2656,6364,-450,200,-73,0
3969.370747089386,10388,4496,11380,-301,-13,130,9752,-9728,8548,-51,153,-167,-14356,4656,3500,-925,92,-96,-14640,-2636,5952,-442,245,-94,0
3969.4061999320984,10300,4504,11252,-352,-251,115,9860,-9268,8200,-77,167,-197,-14528,4568,3456,-889,83,-150,-14620,-2656,6184,-434,321,-94,0
3969.4530420303345,10304,4504,11296,-376,-18,105,9796,-9540,8404,-84,190,-218,-14576,4680,3380,-836,31,-160,-14832,-2808,6096,-400,283,-78,0
3969.48925113678,10352,4408,11436,-357,-100,117,9872,-9416,8444,-63,166,-221,-14456,4644,3432,-890,43,-113,-14660,-2780,6216,-421,260,-81,0
3969.525097131729,10256,4452,11496,-321,-101,132,9824,-9508,8304,-52,135,-245,-14408,4656,3348,-875,74,-165,-14624,-2608,6084,-442,206,-91,0
3969.5603380203243,10460,4488,11268,-202,-236,141,9848,-9616,8372,5,107,-230,-14368,4520,3244,-928,85,-118,-14656,-2604,6016,-507,117,-83,0
3969.5953330993652,10256,4432,11280,-185,-247,167,9852,-9704,8372,-63,93,-227,-14548,4668,3328,-965,97,-140,-14784,-2620,6192,-768,115,-95,0
3969.630630016328,10348,4432,11440,-172,-198,132,9868,-9360,8612,-64,96,-190,-14844,4388,3344,-982,21,-38,-14680,-2504,6072,-531,-11,-101,0
3969.6657321453094,10484,4488,11300,-116,-335,156,9884,-9472,8404,-77,20,-191,-14620,4648,3480,-1009,38,-67,-14728,-2672,6204,-641,-101,-158,0
3969.699252128601,10332,4528,11220,-78,-413,161,9892,-9476,8444,-70,66,-215,-14604,4524,3532,-1005,63,-84,-14792,-2588,5932,-591,46,-164,0
3969.733011007309,10444,4488,11348,-123,-150,122,9888,-9484,8352,-111,69,-207,-14664,4624,3676,-975,21,-119,-14728,-2648,6120,-585,111,-124,0
3969.7664020061493,10304,4516,11504,-161,-160,104,9856,-9464,8436,-78,111,-244,-14492,4368,3428,-918,3,-91,-14672,-2312,6352,-569,172,-95,0
3969.799873113632,10340,4476,11180,-170,-114,99,9848,-9404,8248,-56,44,-180,-14788,4592,3452,-885,-28,-57,-14708,-2608,6140,-555,164,-124,0
3969.8335330486293,10440,4484,11008,-157,-101,121,9916,-9484,8380,-88,83,-167,-14528,4476,3368,-890,-18,-67,-14716,-2360,6148,-507,112,-115,0
3969.8673560619354,10424,4452,11268,-162,-87,124,9844,-9448,8428,-95,90,-168,-14476,4636,3552,-828,-43,-110,-14680,-2612,6156,-511,151,-135,0
3969.9016110897064,10396,4508,11200,-141,-92,104,9852,-9492,8380,-119,82,-199,-14544,4632,3372,-755,-79,-101,-14676,-2612,6088,-576,163,-122,0
3969.9353110790253,10228,4400,11240,-138,-81,118,9900,-9456,8264,-118,109,-200,-14600,4616,3496,-765,-131,-113,-14672,-2780,6096,-544,193,-141,0
3969.9687960147858,10456,4492,11268,-122,-15,100,9876,-9456,8356,-124,105,-192,-14544,4536,3476,-774,-115,-130,-14664,-2576,6112,-531,171,-142,0
3970.0022830963135,10456,4500,11244,-159,-71,100,9840,-9496,8332,-94,151,-175,-14340,4724,3516,-801,-38,-100,-14664,-2776,6232,-493,146,-96,0
3970.0356020927434,10356,4516,11276,-126,33,99,9848,-9512,8416,-116,141,-173,-14348,4360,3812,-789,-77,-82,-14672,-2716,5924,-526,185,-149,0
3970.0694401264186,10436,4564,11044,-94,49,61,9944,-9468,8456,-81,130,-172,-14452,4580,3528,-791,-32,-77,-14636,-2624,6096,-530,127,-144,0
3970.1029250621796,10416,4648,11060,-97,43,82,9888,-9396,8420,-147,159,-160,-14528,4396,3380,-833,-6,-89,-14616,-2604,5924,-534,177,-119,0
3970.1364159584045,10352,4456,11248,-88,-33,70,9840,-9600,8320,-147,163,-181,-14460,4632,3448,-860,252,-55,-14676,-2600,6076,-533,179,-140,0
3970.1699709892273,10380,4524,11088,-59,255,68,9896,-9512,8360,-154,142,-188,-14568,4728,3496,-824,10,-68,-14636,-2644,6100,-566,179,-151,0
3970.2036809921265,10260,4604,11084,-38,60,32,9736,-9572,8596,-167,167,-175,-14632,4632,3448,-826,23,-33,-14644,-2640,6124,-551,154,-122,0
3970.237462043762,10372,4548,11488,-50,65,52,9980,-9564,8012,-166,207,-165,-14624,4636,3556,-870,86,-60,-14592,-2628,6092,-554,165,-146,0
3970.2708230018616,10312,4492,11260,-64,51,37,9876,-9584,8332,-162,196,-147,-14524,4708,3460,-861,28,-108,-14620,-2656,6092,-514,182,-132,0
3970.3044199943542,10336,4560,11052,-66,42,48,9832,-9584,8216,-160,142,-154,-14456,4716,3600,-887,78,-70,-14632,-2616,5912,-522,150,-123,0
3970.3381819725037,10404,4832,11220,-69,27,53,9844,-9612,8292,-145,155,-156,-14564,4628,3456,-921,55,-86,-14676,-2704,6284,-501,169,-141,0
3970.3718581199646,10360,4504,11244,-115,5,64,9888,-9544,8480,-107,167,-142,-14508,4664,3568,-897,5,-39,-14660,-2740,6340,-518,152,-115,0
3970.4054300785065,10340,4572,11312,-114,8,50,9848,-9704,8296,-155,163,-149,-14588,4676,3632,-864,0,-66,-14604,-2680,6024,-514,69,-161,0
3970.4387419223785,10356,4584,11344,-138,-66,73,9772,-9556,8204,-98,145,-186,-14400,4612,3564,-952,58,-115,-14644,-2668,6016,-530,153,-171,0
3970.4722039699554,10320,4576,11196,-80,-64,82,9868,-9572,8344,-86,128,-159,-14432,4696,3324,-1006,74,-50,-14656,-2732,6064,-485,130,-143,0
3970.5055799484253,10280,4640,11316,-112,-6,90,9860,-9476,8444,-76,152,-143,-14512,4732,3384,-1001,91,-53,-14592,-2780,6104,-486,100,-147,0
3970.5394480228424,10336,4572,11296,-159,-43,76,9804,-9604,8216,-63,141,-167,-14580,4788,3632,-971,83,-36,-14428,-2604,5992,-479,87,-131,0
3970.573244094848,10296,4404,11268,-133,-69,92,9884,-9664,8392,-96,163,-159,-14416,4672,3488,-1040,87,-71,-14752,-2348,6060,-257,127,-125,0
3970.606832981109,10296,4796,11364,-148,-111,102,9848,-9572,8460,-39,121,-188,-14512,4756,3612,-1147,131,-105,-14696,-2588,6008,-482,143,-127,0
3970.6401190757756,10452,4520,11228,-123,-79,114,9720,-9660,8368,-47,136,-185,-14460,4624,3584,-1103,145,-74,-14600,-2612,6132,-466,151,-144,0
3970.6759810447693,10272,4548,11180,-168,-125,96,9924,-9568,8164,-17,289,-142,-14488,4700,3636,-1049,110,-113,-14792,-2628,6132,-467,116,-140,0
3970.7118339538574,10408,4668,11088,-145,-108,96,9848,-9592,8424,-42,149,-170,-14536,4768,3320,-1126,132,-134,-14604,-2688,5964,-444,103,-152,0
3970.7481119632725,10292,4664,11340,-178,-115,112,9792,-9660,8384,-10,168,-187,-14564,4668,3612,-1129,158,-82,-14684,-2636,6116,-484,108,-122,0
3970.783303022384,10324,4748,11252,-145,-142,121,9868,-9604,8264,-28,133,-173,-14520,4624,3332,-1127,144,-116,-14728,-2684,6020,-427,129,-118,0
3970.819410085678,10360,4816,11388,-211,-128,115,9964,-9600,8168,-39,152,-177,-14524,4708,3488,-1136,178,-52,-14840,-2676,6220,-475,97,-136,0
3970.8549189567566,10292,4672,11156,-197,-185,115,9820,-9600,8404,5,122,-181,-14500,4724,3680,-1152,149,-113,-14424,-2616,5936,-453,120,-103,0
3970.8903620243073,10316,4672,11352,-174,-154,116,9856,-9560,8368,30,87,-194,-14480,4664,3536,-1139,145,-59,-14660,-2664,5936,-479,119,-117,0
3970.9255430698395,10244,4716,11200,-133,-117,92,9840,-9620,8392,0,84,-170,-14532,4624,3416,-1137,135,-123,-14620,-2720,6204,-473,127,-149,0
3970.9613420963283,10240,4544,11196,-159,-131,117,9864,-9616,8336,-6,135,-185,-14516,4628,3704,-1129,172,-46,-14692,-2728,6140,-474,90,-114,0
3970.9973671436314,10252,4688,11068,-165,-135,116,9920,-9580,8300,5,127,-188,-14564,4704,3644,-1123,169,-46,-14632,-2672,6096,-482,131,-102,0
3971.0330719947815,10364,4668,11124,-218,-131,140,9888,-9616,8300,-16,112,-187,-14472,4692,3532,-1107,127,-87,-14652,-2812,6148,-469,136,-99,0
3971.06823015213,10348,4628,11472,-181,-164,167,9900,-9512,8676,-24,129,-167,-14692,4624,3504,-1105,141,-83,-14848,-2708,6188,-467,107,-148,0
3971.1033041477203,10416,4616,11156,-170,-170,88,9912,-9620,8424,-21,155,-206,-14548,4720,3336,-1090,114,-75,-14580,-2644,5984,-471,111,-118,0
3971.1391599178314,10264,4844,11284,-182,-115,109,9748,-9488,8320,-19,128,-199,-14464,4724,3332,-792,65,-40,-14672,-2580,6000,-476,117,-132,0
3971.174056053161,10328,4728,11144,-140,-89,93,9888,-9544,8244,-7,121,-146,-14548,4756,3520,-1110,122,-79,-14664,-2660,6164,-460,91,-133,0
3971.209941148758,10200,4552,11192,-416,-1291,-58,9696,-9264,8284,-238,135,-143,-14504,4696,3500,-1000,87,-25,-14712,-2728,6296,-422,97,-104,0
3971.2451140880585,10420,4692,11136,-226,-58,103,9860,-9600,8300,-256,150,-136,-14448,4676,3540,-1034,120,-105,-14704,-2600,6200,-460,130,-107,0
3971.2804150581364,10452,4668,11088,-184,-52,119,9812,-9640,8624,-27,140,-141,-14524,4676,3380,-1004,146,-67,-14628,-2680,6172,-467,133,-110,0
3971.315505027771,10360,4608,11220,-167,-11,134,9828,-9664,8176,-39,84,-155,-14484,4684,3468,-1008,133,-90,-14664,-2780,6100,-438,131,-90,0
3971.351453065872,10316,4652,11248,-198,-41,116,9844,-9556,8388,-41,138,-179,-14612,4732,3656,-994,52,-85,-14708,-2792,6216,-460,163,-99,0
3971.3847529888153,10336,4568,11100,-212,233,89,9912,-9668,8332,-16,117,-173,-14464,4696,3588,-987,91,-36,-14608,-2700,6012,-437,136,-119,0
3971.4181740283966,10372,4692,11160,-236,-26,92,9888,-9604,8400,-47,142,-155,-14396,4680,3364,-923,78,-57,-14640,-2780,6140,-471,180,-55,0
3971.4518530368805,10492,4708,11160,-253,-65,128,9856,-9580,8288,-79,136,-189,-14516,4708,3648,-861,58,-109,-14680,-2580,6076,-450,166,-81,0
3971.4852430820465,10308,4672,11024,-269,-91,101,9860,-9668,8584,-119,135,-212,-14484,4664,3600,-826,23,-132,-14544,-2740,6296,-449,187,-57,0
3971.518800973892,10348,4784,11308,-269,-112,119,9872,-9664,8224,-93,142,-226,-14436,4652,3524,-826,45,-117,-14656,-2684,6296,-407,184,-70,0
3971.552493095398,10396,4844,11136,-269,-211,140,9808,-9604,8228,-46,147,-225,-14488,4796,3380,-1016,115,-109,-14684,-2660,6176,-343,128,-59,0
3971.5862040519714,10340,4560,11332,-421,-168,189,9728,-9576,8324,-22,159,-220,-14532,4736,3448,-791,-22,-126,-14652,-2576,6156,-255,151,-19,0
3971.6199929714203,10380,4472,11196,-451,-269,229,9900,-9656,8244,-29,136,-228,-14552,4756,3272,-858,153,-94,-14652,-2644,6184,-229,-71,-23,0
3971.6536610126495,10456,4508,11268,-414,-373,6,9948,-9608,8208,23,137,-210,-14556,4628,3548,-1007,127,-129,-14812,-2600,6108,-206,111,-52,0
3971.687180042267,10372,4488,11308,-354,-353,236,9920,-9556,8416,25,112,-237,-14824,4668,3448,-1086,42,-170,-14748,-2320,6212,-162,77,-47,0
3971.7206439971924,10440,4604,11188,-349,-287,218,9868,-9696,8272,25,124,-238,-14840,4732,3460,-1131,67,-140,-14616,-2576,5904,-168,-13,-54,0
3971.754236936569,10532,4472,11252,-372,-14,167,10000,-9540,8228,12,81,-222,-14340,4688,3412,-1206,70,-68,-14644,-2608,6136,-240,34,-73,0
3971.7877120971684,10244,4680,11116,-335,-251,150,9832,-9540,8416,-22,127,-185,-14476,4440,3432,-1133,36,-116,-14620,-2612,6172,-305,84,-127,0
3971.82138299942,10364,4532,11244,-240,-114,135,9836,-9544,8392,9,120,-199,-14444,4740,3684,-1075,89,-147,-14632,-2604,6204,-391,139,-110,0
3971.8549320697784,10444,4516,11156,-184,-144,110,9840,-9508,8196,9,95,-218,-14536,4736,3532,-1049,125,-117,-14592,-2564,6184,-467,117,-99,0
3971.8882639408107,10416,4456,11216,-170,-146,116,9952,-9520,8388,255,136,-187,-14824,4708,3540,-1062,117,-70,-14712,-2600,6288,-426,78,-100,0
3971.9215791225433,10588,4528,11144,-217,-177,160,9904,-9624,8324,-8,95,-197,-14484,4848,3456,-1036,137,-82,-14644,-2604,6200,-486,80,-118,0
3971.954940080642,10412,4420,11112,-192,-171,140,9828,-9444,8396,-21,102,-178,-14544,4668,3500,-1052,176,-99,-14544,-2588,6320,-471,137,-117,0
3971.9884369373326,10452,4424,11196,-153,-165,146,9912,-9612,8216,252,146,-215,-14480,4612,3408,-1085,137,-135,-14536,-2480,6172,-454,194,-119,0
3972.0217299461365,10468,4396,10868,-131,-148,123,9824,-9492,8324,-12,123,-216,-14532,4608,3640,-1275,167,-89,-14720,-2812,6344,-442,177,-116,0
3972.0555419921875,10464,4396,11092,-144,-57,109,9888,-9552,8360,-13,82,-203,-14524,4652,3520,-1066,126,-87,-14628,-2384,6264,-412,178,-109,0
3972.0892930030823,10496,4508,11176,-172,-97,90,9880,-9620,8284,-22,129,-203,-14780,4432,3504,-1053,161,-141,-14700,-2556,6288,-369,56,-115,0
3972.1228590011597,10244,4448,11176,-161,-66,102,9896,-9572,8432,-16,125,-173,-14472,4700,3416,-1046,170,-133,-14800,-2612,6292,-499,86,-139,0
3972.1561739444733,10252,4428,11120,-86,-14,107,9904,-9504,8288,-71,132,-194,-14448,4648,3536,-1060,154,-100,-14596,-2512,6256,-430,138,-134,0
3972.1896650791173,10544,4560,10920,-112,-13,107,9828,-9508,8380,-53,159,-176,-14524,4692,3720,-1044,131,-75,-14572,-2596,6256,-485,166,-146,0
3972.223043918609,10492,4568,11212,-151,-21,74,9960,-9540,8312,-57,153,-150,-14784,4612,3572,-1025,136,-104,-14652,-2564,6240,-475,136,-117,0
3972.256716012954,10264,4384,11128,-135,-2,110,9936,-9496,8356,-42,161,-171,-14388,4752,3528,-1080,109,-120,-14724,-2604,6156,-467,137,-131,0
3972.2899930477142,10372,4540,11068,-122,7,53,9920,-9500,8332,-31,117,-171,-14472,4748,3376,-1068,145,-41,-14628,-2484,5944,-501,173,-133,0
3972.3235750198364,10504,4360,11196,-126,24,60,9888,-9588,8400,-7,160,-148,-14500,4668,3512,-1073,143,-60,-14620,-2628,6352,-491,139,-149,0
3972.3606240749364,10392,4544,11196,-93,20,70,9788,-9220,8532,-22,162,-151,-14580,4600,3524,-1058,126,-117,-14608,-2680,6328,-428,149,-150,0
3972.3959419727325,10372,4540,11080,-166,29,89,9928,-9504,8316,-24,160,-165,-14368,4752,3328,-1036,88,-24,-14736,-2488,6152,-480,133,-114,0
3972.4315569400787,10440,4500,11064,-186,13,64,9884,-9608,8296,-253,128,-158,-14540,4656,3444,-1057,42,-89,-14680,-2484,6224,-492,128,-158,0
3972.4676129817963,10464,4552,11244,-148,45,64,9764,-9568,8336,17,144,-127,-14496,4636,3460,-1058,97,-71,-14616,-2508,6248,-485,121,-133,0
3972.5027921199803,10440,4532,11016,-164,-19,61,9780,-9580,8320,1,172,-150,-14392,4624,3624,-1064,107,-89,-14452,-2748,6300,-487,146,-133,0
3972.5388050079346,10456,4572,11108,-168,-34,53,9900,-9616,8260,38,142,-198,-14524,4732,3332,-1063,133,-122,-14644,-2484,6200,-473,158,-137,0
3972.573984146118,10484,4524,11076,-134,-11,66,9856,-9524,8244,21,156,-164,-14556,4712,3772,-1061,78,-75,-14708,-2516,6276,-463,154,-195,0
3972.610069990158,10268,4520,11256,-199,5,63,10016,-9576,8400,17,173,-171,-14828,4836,3344,-1263,25,-71,-14640,-2816,6252,-500,116,-166,0
3972.6451520919804,10400,4560,11416,-163,15,59,9916,-9580,8404,21,163,-149,-14604,4688,3392,-1031,119,-55,-14708,-2524,6196,-495,112,-167,0
3972.680738925934,10440,4560,11212,-156,-25,77,9916,-9512,8400,-2,164,-159,-14552,4376,3476,-1048,111,-68,-14668,-2576,6152,-519,142,-152,0
3972.7154910564423,10440,4856,11196,-147,-25,85,9888,-9580,8412,19,136,-168,-14488,4376,3428,-1052,152,-70,-14596,-2644,6160,-550,142,-143,0
3972.7513980865483,10416,4604,11220,-171,-82,111,9804,-9516,8440,9,130,-159,-14376,4556,3620,-1032,101,-71,-14600,-2560,6356,-261,155,-118,0
3972.786170959472,10400,4404,11100,-220,-22,112,9828,-9544,8288,24,162,-153,-14548,4624,3516,-1052,115,-78,-14604,-2612,6340,-529,137,-132,0
3972.8222730159764,10336,4604,11172,-182,-71,115,9800,-9568,8392,-253,106,-139,-14568,4732,3716,-1039,96,-72,-14548,-2628,6280,-259,154,-146,0
3972.8586270809174,10456,4596,11236,-106,-26,116,9856,-9708,8600,-3,117,-158,-14444,4692,3528,-1037,174,-60,-14380,-2676,6196,-512,98,-109,0
3972.8934810161595,10372,4396,11196,-122,-48,87,9832,-9584,8340,-22,86,-171,-14508,4684,3488,-935,50,-92,-14672,-2604,6344,-507,120,-145,0
3972.9291779994965,10364,4556,11312,-149,-69,121,9856,-9548,8380,255,157,-169,-14500,4648,3548,-1027,136,-61,-14596,-2528,6244,-484,151,-111,0
3972.9639871120453,10408,4600,11232,-182,-62,100,9888,-9608,8464,-16,152,-179,-14488,4764,3584,-1014,121,-83,-14660,-2628,6296,-496,141,-121,0
3973.001501083374,10336,4496,11020,-148,-70,90,9724,-9560,8392,0,155,-186,-14504,4744,3568,-999,125,-104,-14644,-2608,6204,-517,159,-127,0
3973.034965991974,10396,4608,11156,-174,-30,121,9816,-9596,8288,4,163,-201,-14484,4720,3736,-997,111,-99,-14648,-2360,6300,-480,200,-89,0
3973.0686440467834,10316,4600,11500,-242,-89,117,9784,-9560,8568,-9,155,-214,-14556,4668,3412,-966,146,-107,-14704,-2616,6396,-464,182,-79,0
3973.1021230220795,10348,4572,11012,-238,-156,111,9884,-9524,8340,-59,142,-209,-14476,4780,3356,-949,108,-120,-14460,-2596,6176,-453,173,-101,0
3973.1354961395264,10716,4604,11336,-229,-168,111,9820,-9580,8380,-67,130,-200,-14620,4752,3476,-922,95,-129,-14348,-2544,6156,-516,168,-129,0
3973.169132947922,10404,4560,11188,-7,-142,116,9800,-9464,8284,-43,166,-188,-14536,4636,3428,-953,121,-128,-14844,-2564,6216,-489,123,-124,0
3973.2026789188385,10332,4656,11208,-1,-61,109,9848,-9516,8424,-58,160,-210,-14348,4356,3392,-949,100,-101,-14640,-2496,6200,-471,148,-103,0
3973.235952138901,10440,4552,11232,-265,-120,91,9928,-9492,8384,-28,158,-201,-14816,4852,3520,-956,103,-163,-14640,-2484,6224,-437,198,-62,0
3973.2695491313934,10352,4588,11176,-292,-76,134,9964,-9496,8300,255,124,-222,-14356,4660,3436,-969,130,-148,-14644,-2684,6300,-408,195,-70,0
3973.302976131439,10392,4540,11236,-318,-49,131,9940,-9448,8360,23,151,-214,-14428,4672,3476,-966,81,-154,-14600,-2544,6364,-418,175,-91,0
3973.3365581035614,10384,4596,11092,-332,-93,150,9744,-9656,8432,2,148,-198,-14536,4716,3420,-930,58,-103,-14600,-2608,6244,-419,169,-107,0
3973.3697710037227,10428,4820,11020,-321,-98,162,9860,-9564,8316,-21,158,-213,-14492,4728,3416,-907,47,-126,-14540,-2576,6080,-460,181,-97,0
3973.4029090404506,10424,4472,11404,-344,-117,176,9844,-9276,8276,18,143,-234,-14436,4672,3308,-931,32,-162,-14560,-2520,6168,-399,249,-81,0
3973.436543941498,10264,4484,11068,-405,-53,157,9832,-9268,8236,17,122,-226,-14480,4656,3356,-922,52,-107,-14620,-2592,6280,-407,224,-76,0
3973.469902038574,10384,4492,11012,-414,-107,196,9912,-9560,8332,15,139,-209,-14592,4624,3352,-926,74,-144,-14732,-2580,6256,-389,232,-78,0
3973.5034091472626,10288,4460,11244,-441,-31,179,9812,-9588,8484,25,161,-230,-14556,4672,3140,-922,24,-144,-14644,-2552,6212,-382,239,-107,0
3973.536947965622,10416,4528,11188,-457,-37,196,9948,-9444,8472,30,146,-164,-14340,4672,3392,-900,33,-129,-14528,-2552,6276,-390,238,-58,0
3973.5702810287476,10420,4516,11228,-418,-54,186,9824,-9724,8444,17,173,-214,-14524,4652,3460,-915,72,-129,-14756,-2608,6256,-449,243,-111,0
3973.603770971298,10416,4436,11244,-319,-30,150,9920,-9488,8524,-40,152,-222,-14480,4640,3444,-921,109,-54,-14716,-2492,6220,-460,216,-107,0
3973.637372016906,10444,4460,11288,-281,-58,132,9888,-9480,8460,-46,143,-205,-14428,4744,3552,-947,110,-109,-14736,-2784,6224,-509,151,-120,0
3973.6707811355595,10436,4552,11212,-250,-51,123,9904,-9468,8264,-54,136,-204,-14428,4636,3532,-930,137,-105,-14708,-2488,6200,-520,111,-124,0
3973.7043640613556,10452,4408,11128,-217,-40,116,9848,-9496,8328,-52,130,-182,-14388,4364,3452,-987,142,-86,-14640,-2516,5976,-500,154,-133,0
3973.7377469539642,10244,4476,11172,-260,-41,102,9868,-9520,8600,-19,147,-175,-14612,4696,3460,-1010,148,-54,-14832,-2336,6232,-502,152,-149,0
3973.7712290287013,10412,4584,11412,-239,-31,101,9916,-9548,8436,-11,152,-170,-14540,4596,3356,-986,156,-77,-14652,-2488,6020,-552,140,-143,0
3973.8045201301575,10412,4448,11216,-151,-43,98,9856,-9428,8320,-56,139,-174,-14532,4712,3604,-995,169,-118,-14664,-2392,6248,-523,115,-107,0
3973.8382110595703,10428,4516,11264,-91,-10,74,9820,-9552,8340,-54,148,-157,-14564,4684,3464,-1003,151,-75,-14648,-2428,6148,-575,106,-142,0
3973.8717420101166,10408,4472,11236,-118,255,60,9868,-9592,8396,-36,128,-173,-14568,4736,3472,-1033,135,-31,-14740,-2752,6220,-586,127,-133,0
3973.9049129486084,10328,4384,11288,-102,15,65,9836,-9476,8668,-39,142,-159,-14492,4592,3344,-1270,173,-21,-14604,-2604,6300,-564,93,-156,0
3973.938446998596,10384,4364,11024,-108,-9,68,9928,-9284,8424,-64,110,-162,-14572,4708,3428,-1027,146,-63,-14700,-2580,6280,-604,95,-132,0
3973.9718849658966,10348,4384,11196,-79,-55,89,9852,-9656,8340,-58,108,-157,-14508,4700,3496,-1048,188,-70,-14652,-2604,6068,-603,118,-118,0
3974.005439043045,10308,4408,11208,-65,-43,80,9788,-9580,8404,-54,92,-127,-14564,4708,3440,-995,206,-41,-14604,-2620,6360,-628,47,-147,0
3974.041934967041,10372,4508,11248,-71,-30,69,9832,-9564,8264,-57,93,-142,-14536,4688,3496,-989,205,-50,-14580,-2664,6272,-604,60,-166,0
3974.0781641006474,10348,4472,11108,-27,-3,42,9856,-9556,8256,-55,142,-148,-14568,4628,3212,-1031,209,-50,-14788,-2484,6204,-570,48,-146,0
3974.1136960983276,10400,4428,11220,-52,-58,64,9876,-9588,8400,-8,130,-143,-14788,4744,3408,-1086,184,-41,-14544,-2364,6176,-582,109,-156,0
3974.149274110794,10308,4436,11352,-50,-47,62,9848,-9640,8308,-21,100,-173,-14588,4632,3408,-1067,211,-106,-14616,-2668,6396,-596,55,-151,0
3974.184623003006,10432,4616,11372,-83,-112,79,9820,-9548,8332,-28,112,-192,-14648,4664,3460,-1040,208,-49,-14880,-2600,6248,-595,67,-158,0
3974.220363140106,10392,4420,11224,-72,-70,50,9872,-9596,8560,-33,113,-171,-14416,4660,3568,-1024,190,-74,-14756,-2816,6396,-569,48,-125,0
3974.255599975586,10376,4444,11180,-116,-75,65,9884,-9616,8352,-29,101,-150,-14504,4628,3472,-1071,223,-71,-14668,-2652,6264,-542,28,-136,0
3974.291723012924,10248,4500,11056,-81,-49,84,9844,-9584,8492,-16,126,-173,-14572,4652,3524,-1073,191,-79,-14524,-2668,6192,-515,12,-122,0
3974.3276970386505,10460,4564,11504,-104,-98,92,9896,-9704,8420,-43,108,-170,-14464,4652,3552,-771,199,-93,-14828,-2600,6232,-543,253,-133,0
3974.3628540039062,10380,4628,11284,-118,-101,76,9840,-9572,8460,-35,109,-174,-14656,4724,3484,-1279,169,-59,-14596,-2728,6276,-547,83,-143,0
3974.3982989788055,10388,4516,11060,-128,-83,86,9896,-9472,8296,-30,132,-165,-14516,4656,3416,-1068,176,-79,-14736,-2664,6268,-543,88,-123,0
3974.4335391521454,10356,4520,11216,-116,-94,101,9900,-9608,8308,-26,82,-160,-14580,4768,3244,-1067,198,-105,-14604,-2608,6288,-560,82,-143,0
3974.4715270996094,10332,4568,11088,-112,-125,116,9868,-9516,8404,-26,116,-170,-14792,4624,3360,-1036,146,-113,-14724,-2752,6228,-567,84,-113,0
3974.50838303566,10304,4548,11432,-128,-94,88,9740,-9612,8268,-50,117,-174,-14532,4756,3288,-1010,159,-75,-14592,-2624,6344,-514,81,-97,0
3974.543296098709,10368,4604,11488,-132,-89,92,9956,-9608,8284,-25,143,-167,-14348,4680,3324,-1032,176,-40,-14724,-2676,6352,-535,64,-130,0
3974.5791969299316,10340,4456,11092,-156,-61,121,9880,-9560,8380,-16,117,-168,-14548,4684,3524,-996,145,-59,-14672,-2676,6244,-554,79,-134,0
3974.6142110824585,10404,4356,11080,-150,-65,117,9776,-9568,8328,-21,130,-151,-14544,4624,3212,-1009,168,-57,-14600,-2800,6172,-553,85,-136,0
3974.6494510173798,10416,4356,11244,-133,-100,101,9764,-9488,8412,-63,118,-197,-14596,4740,3388,-1002,129,-83,-14696,-2580,6200,-566,65,-136,0
3974.6866569519043,10360,4476,11176,-153,-93,84,9872,-9524,8456,-35,98,-182,-14504,4580,3376,-1012,137,-94,-14644,-2636,6228,-571,87,-130,0
3974.7201840877533,10360,4572,11184,-91,-35,99,9864,-9488,8212,-18,83,-187,-14544,4656,3324,-1011,171,-74,-14592,-2704,6240,-526,66,-119,0
3974.7533409595494,10372,4656,11324,-131,-15,82,9872,-9520,8220,-64,123,-158,-14544,4752,3128,-967,148,-38,-14540,-2636,6160,-539,60,-127,0
3974.786893129349,10312,4544,11376,-154,-69,80,9876,-9576,8340,-62,125,-147,-14740,4656,3248,-961,115,-63,-14628,-2700,6344,-529,59,-133,0
3974.8205671310425,10472,4476,11240,-145,-35,79,9876,-9552,8324,-68,131,-173,-14460,4632,3396,-973,146,-91,-14580,-2736,6348,-540,96,-136,0
3974.8540029525757,10360,4632,11280,-122,-40,90,9900,-9284,8396,-57,120,-176,-14604,4544,3400,-983,155,-111,-14732,-2684,6220,-562,114,-98,0
3974.887298107147,10292,4472,11340,-93,-28,105,9832,-9512,8392,-98,101,-186,-14568,4692,3376,-904,199,-69,-14556,-2592,6296,-562,109,-105,0
3974.9205329418182,10372,4536,11224,-100,-90,91,9948,-9672,8252,-75,107,-179,-14492,4640,3524,-953,161,-80,-14428,-2632,6284,-259,194,-96,0
3974.954179048538,10308,4648,11212,-128,-41,109,9840,-9480,8332,-62,147,-207,-14500,4696,3304,-917,104,-106,-14804,-2716,6300,-481,295,-86,0
3974.9875819683075,10224,4660,11044,-215,-101,134,9844,-9464,8284,-38,189,-181,-14520,4616,3508,-923,1,-129,-14500,-2648,6372,-442,296,-64,0
3975.0211379528046,10308,4636,11224,-287,-159,130,9776,-9512,8400,-63,194,-196,-14564,4668,3228,-812,50,-129,-14600,-2660,6400,-470,319,-80,0
3975.0545620918274,10344,4616,11172,-239,-174,114,9964,-9564,8492,-56,177,-198,-14736,4740,3568,-761,60,-85,-14576,-2656,6316,-488,223,-47,0
3975.088217973709,10444,4496,11056,-264,-152,104,9924,-9644,8428,-44,174,-222,-14492,4648,3360,-772,66,-84,-14664,-2656,6308,-491,204,-79,0
3975.1217651367188,10380,4528,11464,-254,-137,107,9800,-9588,8404,-55,162,-215,-14608,4656,3360,-804,60,-138,-14636,-2560,6192,-546,167,-99,0
3975.1549911499023,10352,4580,11436,-253,-121,141,9816,-9616,8304,-38,148,-201,-14600,4772,3276,-833,102,-167,-14828,-2632,6332,-536,175,-101,0
3975.188758134842,10448,4556,11244,-228,-129,108,9912,-9488,8504,-38,138,-223,-14620,4816,3244,-876,128,-143,-14632,-2592,6168,-516,157,-111,0
3975.2223911285405,10440,4604,11128,-238,-168,134,9936,-9612,8300,-42,153,-225,-14604,4724,3160,-936,146,-124,-14576,-2632,6268,-537,185,-74,0
3975.2557399272923,10408,4576,11448,-210,-158,149,9956,-9608,8612,-27,145,-225,-14816,4648,3332,-947,150,-163,-14504,-2676,5944,-525,187,-94,0
3975.289178133011,10296,4520,11052,-217,-179,151,9840,-9488,8680,-36,193,-224,-14592,4608,3208,-945,148,-198,-14396,-2752,6256,-502,175,-88,0
3975.322695016861,10424,4592,11024,-219,-147,123,9800,-9500,8384,-34,123,-255,-14596,4712,3072,-916,128,-122,-14600,-2644,6308,-508,142,-81,0
3975.3564760684962,10552,4560,11296,-229,-152,121,9868,-9568,8308,-6,108,-227,-14620,4684,3160,-983,104,-77,-14604,-2580,6224,-532,161,-90,0
3975.3897380828853,10456,4580,11452,-2,-140,130,9844,-9568,8320,31,151,-187,-14648,4672,3352,-965,93,-114,-14540,-2744,6280,-535,108,-133,0
3975.4234690666203,10416,4648,11220,-208,-111,120,9784,-9528,8240,-55,121,-194,-14528,4616,3316,-956,98,-94,-14848,-2732,6276,-536,95,-114,0
3975.4572610855103,10396,4500,11180,-217,-168,117,9812,-9260,8380,-13,127,-215,-14840,4684,2836,-997,169,-124,-14640,-2624,6292,-538,152,-93,0
3975.4904849529266,10456,4536,11012,-206,-148,165,9912,-9496,8464,-10,90,-188,-14636,4760,3284,-1059,146,-79,-14672,-2596,6216,-545,132,-78,0
3975.524172067642,10524,4516,11228,-199,-128,133,9856,-9544,8396,-18,112,-161,-14812,4424,3076,-1029,172,-58,-14608,-2640,6416,-511,79,-95,0
3975.55779004097,10260,4584,10812,-218,-112,128,9868,-9484,8372,-36,152,-189,-14348,4716,3080,-982,163,-93,-14568,-2652,6268,-509,87,-121,0
3975.591285943985,10488,4600,11060,-194,-109,126,9880,-9592,8304,-25,137,-182,-14556,4700,3100,-1061,167,-130,-14584,-2672,6292,-522,112,-136,0
3975.6248450279236,10436,4476,11156,-180,-165,140,9816,-9500,8432,-19,122,-211,-14636,4752,3328,-1037,156,-116,-14552,-2548,6296,-526,161,-110,0
3975.6582159996033,10428,4548,11064,-165,-124,113,9868,-9544,8284,-43,115,-215,-14564,4676,3300,-1048,161,-113,-14528,-2620,6248,-554,127,-134,0
3975.6917660236363,10408,4520,11244,-156,-135,116,9876,-9472,8428,-38,154,-225,-14648,4784,3300,-1038,156,-105,-14696,-2692,6348,-500,153,-120,0
3975.729649066925,10456,4576,11260,-179,-64,87,9944,-9496,8208,-40,148,-180,-14644,4752,3076,-1057,166,-71,-14408,-2580,6204,-506,114,-139,0
3975.764960050584,10600,4848,11012,-144,-65,113,9888,-9584,8308,-22,135,-166,-14632,4720,3276,-1082,136,-81,-14600,-2684,6228,-532,104,-145,0
3975.8003060817723,10424,4464,11280,-180,-56,110,9896,-9236,8432,-42,132,-139,-14620,4740,3200,-1058,152,-97,-14360,-2760,6260,-264,71,-132,0
3975.8357310295105,10468,4508,11008,-142,-44,110,9916,-9584,8300,-50,149,-180,-14716,4752,3124,-1052,137,-91,-14668,-2572,6188,-519,119,-141,0
3975.8712661266322,10360,4588,11148,-129,-51,85,9972,-9424,8388,-67,146,-159,-14560,4624,3192,-1055,144,-114,-14568,-2812,6160,-536,117,-142,0
3975.9060990810394,10272,4500,11052,-123,-40,90,9920,-9524,8420,-41,138,-159,-14356,4772,3464,-1062,152,-51,-14632,-2700,6296,-522,94,-128,0
3975.9418201446533,10456,4536,11060,-119,-25,82,9888,-9580,8432,-64,84,-179,-14420,4780,3156,-1173,160,-22,-14544,-2580,6264,-465,21,-128,0
3975.9780800342564,10472,4520,11168,-255,23,98,9892,-9604,8340,-123,78,-130,-14340,4700,3580,-1135,147,-26,-14356,-2708,6160,-560,34,-129,0
3976.013468980789,10328,4352,11124,-124,-53,98,9860,-9552,8428,-71,134,-152,-14352,4664,3324,-1082,151,-48,-14496,-2696,6212,-540,117,-110,0
3976.0491719245915,10348,4600,11196,-108,-49,96,9896,-9456,8408,-63,125,-161,-14628,4796,3108,-1035,146,-85,-14780,-2680,6268,-556,108,-128,0
3976.0841269493103,10436,4536,11176,-139,-31,54,9880,-9624,8312,-46,154,-159,-14748,4760,3104,-1069,138,-46,-14536,-2704,6260,-526,90,-124,0
3976.1193919181824,10320,4612,11260,-130,-2,77,9852,-9508,8300,-33,146,-152,-14652,4684,3248,-1021,107,-97,-14552,-2612,6264,-521,111,-152,0
3976.1550600528717,10264,4356,11104,-141,-9,46,9876,-9628,8364,-33,164,-161,-14576,4616,3348,-1031,106,-88,-14592,-2676,6268,-262,78,-189,0
3976.19076013565,10396,4252,13224,935,172,109,9984,-9704,8332,58,200,-183,-14592,4784,3200,-1040,129,-91,-14844,-2708,6252,-764,105,-138,0
3976.2270810604095,10252,4628,11268,-91,-12,73,9948,-9524,8400,-24,141,-135,-14632,4652,3212,-1072,115,-42,-14808,-2668,6308,-529,74,-174,0
3976.2622780799866,10456,4392,11252,-126,-36,67,9764,-9540,8288,-26,121,-139,-14832,4632,3292,-1024,89,-44,-14804,-2768,6348,-538,66,-174,0
3976.2978479862213,10460,4800,11396,-143,-15,71,9840,-9552,8648,-47,127,-134,-14640,4796,3148,-1009,117,-58,-14524,-2980,6304,-520,81,-155,0
3976.3326959609985,10416,4556,11328,-118,243,90,9892,-9540,8388,-26,129,-159,-14608,4752,3292,-1036,129,-57,-14576,-2604,6188,-544,120,-144,0
3976.3687169551854,10408,4600,11184,-129,-86,120,9832,-9612,8320,-251,108,-178,-14592,4764,3328,-1077,164,-36,-14504,-2708,6172,-522,121,-104,0
3976.4019510746,10408,4560,11364,-127,-113,93,9828,-9620,8424,-40,94,-179,-14624,4720,3172,-1050,147,-86,-14648,-2748,6424,-498,107,-109,0
3976.4355311393733,10372,4640,11024,-117,-68,112,9804,-9560,8292,-39,143,-178,-14612,4748,3072,-1056,131,-109,-14552,-2668,6328,-510,143,-127,0
3976.4695749282837,10304,4668,11180,-135,-60,89,9844,-9560,8312,-20,141,-186,-14732,4624,3056,-1048,127,-79,-14584,-2704,6472,-525,138,-142,0
3976.5030651092534,10416,4580,11076,-134,-46,100,9888,-9508,8432,-31,104,-159,-14560,4748,3148,-1045,162,-31,-14620,-2760,6292,-496,81,-133,0
3976.5363850593562,10384,4644,11228,-142,-74,113,9836,-9528,8224,-59,147,-141,-14600,4624,3192,-986,116,-38,-14576,-2744,6256,-514,109,-143,0
3976.569901943207,10500,4648,11132,-164,-55,103,9836,-9604,8340,-82,173,-190,-14604,4676,3308,-770,116,-104,-14632,-2848,6248,-480,106,-139,0
3976.6032180786133,10384,4676,11000,-150,-91,103,9816,-9524,8412,-38,143,-169,-14620,4680,3280,-1033,87,-67,-14456,-2756,6476,-493,181,-150,0
3976.6367919445042,10508,4684,11092,-172,-77,101,9908,-9584,8308,-31,109,-172,-14560,4712,3296,-1038,136,-44,-14516,-2656,6192,-510,120,-112,0
3976.6702439785004,10396,4580,11324,-143,-72,98,9856,-9560,8276,-39,130,-170,-14500,4860,3100,-1009,94,-38,-14392,-2748,6452,-521,143,-137,0
3976.7036430835724,10300,4644,11152,-174,-67,105,10040,-9616,8280,-28,108,-163,-14512,4788,3148,-773,113,-75,-14616,-2736,6412,-526,155,-117,0
3976.73729801178,10300,4696,11080,-164,-97,105,9872,-9568,8368,-21,181,-184,-14532,4672,3132,-989,134,-131,-14772,-2784,6316,-503,167,-123,0
3976.7707300186157,10344,4616,11000,-185,-120,114,9820,-9536,8324,-60,134,-214,-14348,4716,3200,-976,119,-89,-14416,-2600,6152,-478,163,-85,0
3976.8038120269775,10436,4684,11164,-187,-99,139,9824,-9568,8392,-59,142,-198,-14692,4796,3176,-947,89,-73,-14704,-2720,6224,-500,154,-116,0
3976.837576150894,10436,4532,11016,-206,-76,81,9984,-9664,8224,-20,143,-163,-14492,4788,3196,-980,88,-84,-14780,-2708,6392,-519,141,-106,0
3976.8710191249843,10464,4700,11076,-195,-63,107,9856,-9564,8316,-19,119,-147,-14612,4656,3176,-998,129,-96,-14608,-2624,6236,-260,135,-133,0
3976.9043090343475,10428,4768,11216,-193,-74,106,9896,-9656,8348,-57,127,-183,-14612,4708,3124,-998,79,-62,-14564,-2976,6280,-514,160,-140,0
3976.9379100799565,10524,4588,11256,-194,-58,103,9768,-9576,8340,-32,123,-164,-14796,4672,3200,-985,86,-45,-14832,-2680,6280,-534,163,-97,0
3976.9712920188904,10480,4648,11132,-146,-50,109,9756,-9544,8384,-59,142,-156,-14372,4740,3156,-991,125,-89,-14528,-2872,6264,-523,104,-124,0
3977.0048680305486,10380,4704,11064,-157,250,112,9896,-9564,8492,-46,137,-159,-14624,4748,3128,-1010,96,-102,-14708,-2700,6268,-495,143,-123,0
3977.0384449958806,10440,4680,11436,-203,-29,98,9868,-9588,8388,-75,155,-151,-14840,4640,3180,-938,112,-57,-14604,-2664,6396,-497,139,-101,0
3977.0718929767613,10388,4668,11224,-184,-38,91,9860,-9560,8440,-35,166,-135,-14596,4756,3256,-973,87,-45,-14596,-2736,6288,-499,161,-146,0
3977.1053740978246,10312,4636,11384,-193,-56,115,9752,-9612,8352,-33,182,-169,-14584,4748,3232,-1006,115,-96,-14544,-2692,6144,-506,208,-115,0
3977.138682127,10496,4712,11232,-207,-51,126,9924,-9532,8392,-73,137,-184,-14624,4724,3132,-986,117,-110,-14560,-2808,6484,-483,162,-27,0
3977.171998023986,10384,4672,11188,-3,-111,117,9960,-9660,8324,-49,166,-183,-14436,4820,3232,-939,129,-133,-14560,-2836,6336,-453,179,-76,0
3977.205639123916,10360,4680,11208,-264,-95,110,9904,-9596,8352,-49,223,-244,-14580,4780,3348,-983,47,-103,-14816,-2732,6316,-451,220,-92,0
3977.2391841411595,10436,4480,11136,-271,-82,110,9808,-9564,8436,-12,185,-208,-14680,4744,3220,-967,75,-98,-14572,-2684,6440,-455,208,-97,0
3977.272546052933,10440,4552,11140,-505,-114,116,9868,-9628,8424,-34,167,-205,-14620,4800,3280,-919,61,-155,-14484,-2708,6348,-429,176,-81,0
3977.3060951232906,10448,4356,11196,-275,-108,105,9860,-9572,8364,-57,198,-209,-14848,4700,3464,-947,48,-161,-14672,-2692,6364,-463,187,-140,0
3977.3397431373596,10712,4816,11244,-279,-128,69,9936,-9628,8244,-10,199,-245,-14612,4708,3316,-995,46,-73,-14724,-2584,6352,-511,203,-97,0
3977.373302936554,10444,4624,11232,-266,-123,128,9760,-9608,8420,37,143,-233,-14572,4728,3252,-988,107,-132,-14572,-2676,6344,-470,243,-68,0
3977.410181045532,10276,4564,11236,-238,-147,136,9832,-9520,8444,-43,131,-232,-14560,4648,3192,-999,160,-176,-14364,-2716,6336,-439,241,-65,0
3977.445572137832,10464,4556,11076,-274,-172,110,9964,-9596,8700,10,130,-235,-14636,4760,3192,-1045,68,-133,-14676,-2684,6340,-476,160,-110,0
3977.481344938278,10436,4728,11184,-242,-159,126,9928,-9540,8408,28,139,-199,-14828,4648,3136,-1085,100,-134,-14644,-2704,6336,-458,118,-93,0
3977.5162329673763,10552,4624,11156,-214,-114,145,9852,-9504,8340,-9,170,-183,-14608,4620,3188,-1079,85,-76,-14584,-2728,6192,-477,104,-128,0
3977.5518209934235,10404,4656,11036,-252,-89,131,9748,-9500,8288,-6,104,-152,-14576,4652,3188,-1023,70,-67,-14548,-2568,6200,-466,145,-97,0
3977.5877199172974,10380,4620,11128,-199,-91,152,9908,-9460,8496,-29,122,-177,-14836,4640,3084,-1004,56,-102,-14588,-2644,6328,-499,167,-96,0
3977.622770071029,10336,4696,11064,-509,-158,140,9932,-9504,8308,-23,113,-226,-14572,4540,3212,-1022,85,-129,-14556,-2808,6220,-462,259,-65,0
3977.6581039428715,10468,4600,11204,-224,-167,142,9908,-9440,8496,-25,141,-238,-14788,4664,3252,-1037,142,-122,-14836,-2648,6556,-480,504,-81,0
3977.6936140060425,10348,4644,11292,-253,-184,133,9892,-9516,8452,-2,111,-228,-14656,4720,3212,-1082,93,-126,-14612,-2664,6352,-455,201,-85,0
3977.7296109199524,10456,4652,11044,-240,-128,127,9888,-9584,8416,20,142,-201,-14592,4656,3232,-1051,71,-94,-14592,-2604,6544,-461,157,-111,0
3977.7650530338283,10448,4704,11176,-240,-131,137,9800,-9268,8244,-23,117,-188,-14496,4756,3132,-1073,90,-68,-14608,-2756,6396,-441,132,-123,0
3977.8008761405945,10576,4528,10932,-210,-93,147,9888,-9544,8292,-43,104,-187,-14612,4716,3188,-1095,71,-107,-14604,-2692,6240,-471,142,-133,0
3977.837203025818,10584,4472,10932,-161,-114,118,9936,-9552,8688,-27,146,-190,-14572,4716,3240,-1175,90,-79,-14624,-2660,6220,-484,157,-155,0
3977.8722541332245,10724,4556,10760,-161,-74,95,9872,-9520,8312,248,139,-180,-14572,4628,3312,-1138,86,-120,-14624,-2636,6232,-478,172,-138,0
3977.9074461460114,10540,4412,11076,-154,-26,70,9968,-9528,8324,-3,153,-186,-14636,4632,3160,-1118,109,-60,-14836,-2716,6388,-474,141,-121,0
3977.9433081150055,10404,4604,11096,-128,-28,98,9852,-9716,8440,-10,124,-167,-14796,4592,3200,-1147,86,-33,-14576,-2764,6248,-462,133,-128,0
3977.9792490005493,10428,4684,11052,-150,-31,85,9956,-9432,8212,-33,145,-142,-14560,4692,3300,-1089,82,-77,-14576,-2772,6104,-477,116,-128,0
3978.0146341323853,10472,4632,11148,-134,-244,86,9800,-9524,8404,-15,140,-125,-14596,4740,3524,-1128,83,-59,-14800,-2640,6168,-507,77,-140,0
3978.0507791042323,10412,4644,11244,-118,-10,104,9824,-9532,8412,-33,110,-124,-14676,4656,3260,-1128,94,-20,-14412,-2700,6252,-491,102,-143,0
3978.0844731330876,10444,4700,11020,-126,-21,74,9832,-9648,8348,-18,146,-160,-14580,4756,3084,-1117,87,-15,-14668,-2656,6232,-491,100,-140,0
3978.1180460453033,10480,4696,11104,-138,-26,97,9828,-9508,8424,-13,122,-156,-14624,4724,3256,-1088,107,-73,-14564,-2652,6244,-480,110,-142,0
3978.151309967041,10612,4660,11172,-124,-40,90,9812,-9568,8352,-13,109,-176,-14624,4736,3276,-1123,141,-111,-14568,-2696,6204,-489,124,-125,0
3978.1848449707036,10372,4576,11100,-123,-69,82,9828,-9604,8388,-30,98,-167,-14368,4696,3120,-1093,107,-69,-14644,-2668,6272,-482,141,-134,0
3978.2182869911194,10384,4792,11176,-117,-35,112,9824,-9588,8428,248,126,-179,-14760,4400,3204,-1079,95,-19,-14540,-2700,6132,-476,133,-144,0
3978.251821041107,10416,4820,11452,-139,-50,86,9876,-9556,8372,-26,128,-188,-14556,4628,3316,-1104,96,-63,-14352,-2652,6280,-474,130,-145,0
3978.2855710983276,10512,4636,10988,-148,-24,79,9944,-9436,8368,-32,133,-171,-14416,4620,3100,-1058,48,-73,-14712,-2632,6232,-500,84,-157,0
3978.319165945053,10556,4672,11184,-157,-20,42,10100,-9688,8192,12,110,-144,-14672,4700,3440,-831,-131,-21,-14644,-2688,6300,-498,78,-211,0
3978.352644920349,10440,4768,11032,-171,-15,95,9836,-9232,8204,35,139,-121,-14620,4696,3244,-1114,65,-44,-14620,-2756,6308,-502,99,-171,0
3978.385980129242,10456,4612,11144,-109,6,64,9872,-9532,8432,-74,125,-145,-14492,4592,3292,-1054,70,-24,-14552,-2776,6280,-262,83,-173,0
3978.4196479320526,10432,4652,11212,-163,-59,90,9792,-9548,8268,-25,104,-179,-14592,4708,3488,-1093,129,-10,-14552,-2752,6264,-504,114,-127,0
3978.4534900188446,10744,4680,11124,-145,-15,120,9804,-9448,8384,5,116,-157,-14560,4760,3468,-1122,121,-56,-14428,-2836,6284,-502,98,-133,0
3978.4869360923763,10356,4640,11196,-147,2,125,9812,-9496,8548,-35,111,-155,-14620,4752,3140,-1035,84,-63,-14576,-3040,6352,-496,87,-163,0
3978.5205659866333,10448,4840,11216,-176,-49,78,9856,-9664,8384,-20,126,-143,-14556,4700,3148,-1041,146,-58,-14620,-2672,6296,-488,103,-126,0
3978.5542070865627,10416,4696,11040,-135,-50,99,9776,-9624,8284,-31,102,-163,-14536,4712,3208,-1074,157,-75,-14532,-2744,6236,-494,129,-139,0
3978.5875210762024,10684,4680,11180,-164,-91,112,9776,-9608,8408,-17,107,-143,-14532,4668,3328,-1099,151,-53,-14608,-2712,6248,-510,152,-130,0
3978.621088027954,10364,4696,11056,-145,-110,101,9840,-9676,8380,-35,121,-197,-14520,4676,3212,-1018,91,-103,-14576,-2736,6312,-489,148,-145,0
3978.6543190479283,10440,4644,11100,-184,-95,101,9828,-9656,8440,-23,137,-191,-14572,4716,3276,-1066,106,-46,-14624,-2676,6192,-476,178,-130,0
3978.6877870559692,10392,4688,11136,-182,-81,130,9824,-9600,8208,-6,144,-179,-14844,4624,3276,-1033,106,-46,-14616,-2708,6352,-488,157,-105,0
3978.7212970256805,10352,4728,11144,-169,-52,126,9844,-9536,8196,-14,102,-150,-14780,4856,3520,-1274,109,-64,-14636,-2692,6236,-498,131,-145,0
3978.7549879550934,10404,4676,11104,-170,-53,108,9860,-9540,8472,-26,123,-185,-14524,4644,3460,-1022,77,-93,-14804,-2680,6284,-472,155,-158,0
3978.78870010376,10396,4660,11072,-184,-31,87,9864,-9480,8408,-24,185,-172,-14532,4764,3148,-995,112,-86,-14784,-2756,6352,-461,125,-101,0
3978.822135925293,10360,4724,11240,-200,-66,99,9772,-9552,8360,-47,154,-166,-14784,4688,3564,-1039,123,-85,-14500,-2712,6316,-498,152,-79,0
3978.8559031486507,10304,4680,11168,-191,-51,124,9820,-9504,8268,-28,147,-185,-14588,4656,3512,-1055,122,-42,-14612,-2812,6256,-454,161,-112,0
3978.8891689777374,10408,4668,11052,-235,-42,109,9856,-9592,8268,-14,146,-162,-14756,4784,3380,-1274,117,-94,-14552,-2720,6324,-466,129,-77,0
3978.9226150512695,10352,4628,11168,-208,-46,133,9876,-9632,8480,5,145,-190,-14548,4436,3192,-1006,120,-121,-14492,-2684,6392,-457,190,-93,0
3978.9561309814453,10348,4832,11020,-249,-95,113,9860,-9616,8272,-22,145,-231,-14532,4696,3352,-972,118,-133,-14568,-2732,6168,-456,192,-71,0
3978.989861011505,10384,4784,11012,-264,-137,120,9804,-9592,8372,-63,160,-244,-14668,4664,3412,-965,104,-122,-14644,-2824,6300,-440,171,-68,0
3979.0235321521764,10400,4632,11476,-267,-113,113,9884,-9632,8372,-54,139,-204,-14604,4768,3108,-943,43,-96,-14364,-2664,6320,-463,158,-97,0
3979.0568621158604,10400,4356,11012,-331,-116,105,9788,-9492,8312,-31,174,-191,-14812,4816,3176,-957,69,-86,-14848,-2684,6212,-402,121,-65,0
3979.093626976013,10404,4648,11104,-292,-87,119,9880,-9584,8240,-64,144,-217,-14620,4568,3256,-995,83,-91,-14584,-2640,6256,-435,145,-62,0
3979.129580974579,10364,4628,11252,-343,-103,122,9852,-9580,8468,-27,126,-230,-14544,4600,3164,-1002,127,-115,-14644,-2588,6308,-458,166,-65,0
3979.1651000976562,10444,4616,11104,-281,-103,142,9844,-9556,8320,-10,131,-198,-14672,4640,3316,-1059,156,-140,-14700,-2756,6280,-486,172,-106,0
3979.2005970478053,10392,4632,11052,-210,-135,155,9832,-9508,8420,-1,127,-193,-14636,4792,3072,-1022,113,-97,-14804,-2664,6208,-464,147,-110,0
3979.2356340885162,10476,4832,11144,-221,-128,118,9868,-9692,8296,5,144,-208,-14424,4828,3220,-998,108,-191,-14564,-2720,6248,-495,157,-107,0
3979.2713899612418,10412,4860,11120,-196,-126,115,9704,-9516,8452,-236,138,-6,-14348,4572,3092,-1014,76,-109,-14736,-2772,6304,-491,186,-100,0
3979.307240962982,10348,4564,11024,-198,-171,105,9792,-9724,8340,18,133,-244,-14368,4700,3216,-1014,142,-168,-14844,-2740,6328,-458,192,-71,0
3979.342430114746,10264,4652,11228,-214,-99,104,9904,-9520,8372,-28,139,-233,-14488,4604,3320,-983,81,-97,-14636,-2704,6308,-452,166,-83,0
3979.378206014633,10452,4540,11328,-243,-153,142,9864,-9564,8512,-36,140,-207,-14752,4620,3280,-959,110,-122,-14648,-2672,6336,-456,184,-97,0
3979.4136850833893,10500,4628,11016,-253,-141,141,9884,-9488,8472,-25,121,-211,-14620,4700,3328,-988,108,-88,-14532,-2692,6148,-455,185,-65,0
3979.4496309757233,10400,4600,11104,-218,-174,155,9864,-9504,8412,-23,122,-234,-14632,4656,3244,-976,130,-125,-14568,-2740,6296,-469,181,-74,0
3979.4895570278163,10392,4600,11140,-246,-189,129,9812,-9488,8372,-48,94,-221,-14780,4540,3568,-999,120,-109,-14784,-2660,6400,-479,180,-76,0
3979.525141954422,10740,4424,11084,-219,-184,136,9892,-9480,8300,-19,133,-241,-14352,4616,3208,-1000,111,-120,-14680,-2632,6264,-510,189,-109,0
3979.5608389377594,10500,4600,10868,-180,-170,140,9896,-9504,8464,-37,117,-211,-14764,4560,3276,-1026,110,-125,-14700,-2640,6292,-763,159,-125,0
3979.596228122711,10284,4532,11124,-154,-121,104,9872,-9404,8268,-42,143,-220,-14804,4620,3256,-1279,116,-78,-14604,-2648,6256,-505,164,-143,0
3979.631776094436,10740,4408,11008,-140,-83,124,9828,-9408,8340,-44,149,-210,-14652,4808,3236,-1044,115,-84,-14592,-2708,6252,-486,150,-120,0
3979.6759750843044,10740,4856,11172,-151,-22,63,9780,-9488,8344,-57,278,-119,-14664,4632,3168,-1026,53,-66,-14644,-2704,6360,-522,139,-177,0
3979.7255580425262,10404,4572,11176,-168,-251,37,9840,-9500,8524,35,242,-130,-14632,4656,3200,-1044,52,-85,-14364,-2568,6156,-483,125,-169,0
3979.7681140899654,10460,4728,11096,-81,18,31,9852,-9612,8524,-25,289,-126,-14640,4444,3400,-1002,45,-82,-14684,-2792,6304,-531,125,-212,0
3979.8018169403076,10396,4788,10896,-102,-18,-252,9836,-9476,8584,45,292,-179,-14604,4672,3256,-1017,-241,-119,-14628,-2756,6212,-526,188,-237,0
3979.8355870246883,10508,4664,11116,-121,-36,5,9760,-9220,8456,66,278,-122,-14776,4724,3556,-1062,37,-150,-14532,-2740,6260,-489,216,-207,0
3979.8689699172974,10400,4832,11024,-126,-23,20,9856,-9452,8456,64,300,-107,-14500,4612,3276,-775,24,-113,-14616,-2796,6296,-482,152,-203,0
3979.902542114258,10460,4716,11188,-121,-6,34,9900,-9616,8520,46,290,-130,-14644,4640,3440,-770,37,-73,-14568,-2724,6220,-516,189,-217,0
3979.9360580444336,10420,4644,11232,-137,-91,20,9808,-9576,8536,85,278,-169,-14464,4788,3372,-1051,80,-150,-14596,-2772,6264,-535,216,-201,0
3979.969579935074,10432,4600,11296,-57,-94,13,9884,-9700,8552,113,173,-158,-14660,4528,3176,-1101,107,-214,-14844,-2764,6224,-522,236,-149,0
3980.003034114837,10520,4640,11028,-55,-100,56,9816,-9720,8356,123,186,-246,-14700,4484,3284,-1080,125,-167,-14680,-2816,6160,-540,247,-219,0
3980.0369000434875,10484,4660,11036,-83,-118,5,9852,-9400,8496,110,42,-263,-14736,4824,3336,-1027,35,-124,-14684,-2768,6144,-558,143,-247,0
3980.0703489780426,10484,4772,10860,-137,-40,-1,9836,-9428,8556,41,245,-218,-14616,4596,3076,-1076,61,-68,-14548,-2780,6256,-532,134,-194,0
3980.103837013244,10448,4656,11072,-124,-13,10,9872,-9472,8524,49,197,-166,-14700,4656,3088,-1134,96,-71,-14372,-2760,6312,-530,141,-180,0
3980.1372511386876,10528,4732,11232,-92,-26,37,9812,-9416,8664,59,157,-174,-14712,4556,3460,-1125,135,-106,-14540,-2816,6384,-521,99,-206,0
3980.170813083648,10396,4680,11220,-113,-47,26,9836,-9448,8500,63,168,-191,-14604,4796,3448,-1175,90,-89,-14492,-2740,6168,-524,112,-187,0
3980.2043540477753,10372,4784,11216,-115,-61,32,9772,-9284,8628,35,85,-210,-14560,4408,3428,-1198,90,-63,-14560,-2768,6260,-546,204,-168,0
3980.237993955612,10296,4748,11212,-109,-98,53,9844,-9460,8504,96,106,-6,-14820,4496,3332,-1162,100,-102,-14632,-2828,6188,-510,232,-155,0
3980.2716059684753,10432,4704,11260,-125,-137,11,9848,-9336,8356,96,143,-274,-14632,4572,3392,-1071,128,-146,-14720,-2852,6148,-456,508,-153,0
3980.3048729896545,10360,4648,11148,-157,-115,16,9824,-9452,8680,75,141,-298,-14572,4544,3416,-1082,129,-150,-14796,-2708,6328,-420,231,-137,0
3980.3384370803833,10480,4736,11124,-159,-93,66,9960,-9424,8632,127,126,-209,-14548,4624,3408,-1090,158,-38,-14444,-2572,6232,-489,101,-122,0
3980.3718860149384,10456,4848,11020,-181,-24,135,9836,-9316,8564,8,78,-121,-14624,4464,3440,-1007,124,-12,-14748,-2824,6372,-519,56,-128,0
3980.4054961204533,10464,4836,11052,-198,13,107,9860,-9196,8604,-68,78,-119,-14708,4492,3240,-975,87,-11,-14800,-3004,6108,-447,46,-131,0
3980.439080953598,10308,4736,11012,-233,12,119,9924,-9376,8588,-72,113,-136,-14620,4540,3480,-968,85,-21,-14720,-2856,6204,-413,30,-127,0
3980.472578048706,10540,4892,11024,-202,104,68,10112,-9364,8620,32,114,-70,-14696,4508,3472,-998,10,57,-14736,-2764,6136,-479,-49,-200,0
3980.5063700675964,10492,4784,11116,-193,201,35,9828,-9256,8548,66,110,-31,-14724,4528,3152,-1036,-33,97,-14572,-2988,5928,-486,-58,-201,0
3980.5397639274597,10420,5108,11136,-183,233,-23,9828,-9092,8592,85,59,-19,-14584,4356,3560,-996,-20,136,-14528,-2876,6396,-411,-105,-184,0
3980.5736811161046,10396,4728,11172,-232,276,52,9720,-9272,8548,61,196,18,-14428,4520,3372,-908,6,152,-14528,-2920,6352,-381,-155,-150,0
3980.6072311401363,10240,4800,11016,-277,254,38,9496,-9328,8668,-44,67,-7,-14500,4840,3412,-903,113,103,-14452,-2908,6236,-350,-98,-74,0
3980.6406409740453,10296,4920,11184,-297,163,132,9740,-9356,8588,-91,49,-65,-14588,4612,3408,-887,152,67,-14464,-2888,6328,-319,-43,-47,0
3980.6741919517517,10136,4808,11388,-309,110,175,9800,-9428,8308,-129,-2,-113,-14492,4644,3472,-897,149,110,-14584,-2820,6332,-331,-255,13,0
3980.7076799869533,10392,4660,11280,-344,47,240,9972,-9524,8384,-134,61,-25,-14592,5048,3080,-900,177,137,-14500,-2648,6476,-388,-23,75,0
3980.7409970760345,10296,4604,11384,-440,55,284,9832,-9640,8564,-216,132,-21,-14608,4776,3276,-977,111,131,-14792,-2720,6460,-360,45,120,0
3980.7792329788213,10180,4604,11520,-517,-128,321,9908,-9828,8328,-268,211,-97,-14756,4840,3276,-884,210,-26,-14832,-2340,6428,-424,218,87,0
3980.815201044082,10260,4420,11344,-463,-308,280,9864,-9944,8444,-224,344,-189,-14672,4844,3148,-928,88,-129,-14548,-2560,6520,-437,311,-3,0
3980.8506870269775,10384,4140,11480,-452,-288,195,9736,-9784,8420,-142,417,-236,-14560,4976,3444,-989,92,-128,-14516,-2796,6620,-478,328,-30,0
3980.88548207283,10300,4408,11364,-377,-220,183,9668,-9964,8468,-10,318,-231,-14544,4988,3328,-1065,120,-203,-14560,-2708,6388,-574,296,-58,0
3980.9213910102844,10332,4612,11228,-230,-153,219,9932,-9468,8668,115,35,-200,-14844,4656,3396,-1032,192,-175,-14524,-2912,6292,-534,202,-36,0
3980.9576480388646,10416,4840,11188,-185,-56,201,9900,-9388,8700,78,62,-211,-14532,4316,3352,-981,196,-139,-14460,-2952,6004,-453,191,-66,0
3980.9932861328125,10348,4932,11208,-179,-157,199,9788,-9392,8636,252,66,-290,-14696,4280,3384,-986,184,-193,-14508,-2880,6380,-437,274,-78,0
3981.028240919113,10484,4628,11240,-200,-230,180,9888,-9168,8748,-84,51,-321,-14560,4464,3080,-985,178,-126,-14680,-2832,6248,-438,227,-34,0
3981.063903093338,10496,4644,11216,-285,-218,156,9760,-9436,8712,-47,38,-244,-14604,4632,3500,-990,155,-62,-14696,-2644,6232,-467,183,-22,0
3981.0993440151215,10452,4568,11292,-310,-173,230,9648,-9552,8504,45,46,-188,-14528,4780,3516,-1280,157,-61,-14548,-2416,6196,-488,204,44,0
3981.1342201232906,10492,4560,11356,-269,-159,508,9776,-9676,8504,19,74,-184,-14356,4616,3268,-1057,216,-73,-14464,-2664,6400,-501,249,35,0
3981.1696050167084,10312,4424,11392,-269,-220,243,9692,-9748,8332,72,82,-248,-14656,4776,3464,-1073,262,-229,-14392,-2472,6476,-497,309,17,0
3981.205101966858,10476,4532,11308,-225,-206,241,9780,-9580,8364,-245,101,-273,-14604,4820,3172,-1070,3,-150,-14532,-2560,6520,-476,302,17,0
3981.2407209873204,10392,4532,11340,-239,-194,200,9716,-9528,8672,-72,-148,-356,-14800,4852,3180,-996,233,-169,-14724,-2536,6384,-471,221,-61,0
3981.2755589485173,10492,4404,11292,-199,-156,139,10020,-9448,8544,-70,34,-240,-14704,4624,3072,-976,160,-104,-14708,-2500,6304,-508,170,-108,0
3981.3112020492554,10668,4440,11216,-156,-123,125,10028,-9336,8196,-68,69,-192,-14784,4576,3228,-948,76,-142,-14824,-2328,6376,-767,121,-165,0
3981.347265958786,10644,4512,10864,-106,-5,34,10080,-9388,8460,22,163,-185,-14704,4328,2832,-1033,-8,-82,-14752,-2620,6008,-500,143,-256,0
3981.3823919296265,10624,4824,10996,-68,21,-50,10120,-9296,8616,63,195,-177,-14640,4452,3208,-1034,-21,-70,-14784,-2640,6116,-494,161,-263,0
3981.418610095978,10260,4668,11124,-94,62,-39,9856,-9364,8624,63,189,-172,-14516,4536,3532,-1061,-25,-50,-14524,-2820,6272,-488,120,-211,0
3981.451950073242,10468,4708,11212,-91,117,-24,9724,-9360,8548,30,194,-141,-14564,4668,3120,-1278,-13,-36,-14560,-2740,6260,-518,97,-224,0
3981.4854071140294,10420,4688,11420,-120,94,252,9976,-9448,8452,-40,179,-147,-14476,4652,3512,-775,-48,0,-14640,-2712,6500,-501,33,-254,0
3981.5189859867096,10360,4760,11412,-162,89,6,9488,-9728,8560,-102,180,-79,-14528,4700,3340,-928,-69,79,-14688,-2700,6468,-502,-70,-188,0
3981.5524780750275,10240,4740,11272,-5,141,22,9628,-9528,8656,-136,217,-45,-14552,4776,3360,-890,-8,115,-14536,-2660,6420,-463,-40,-154,0
3981.585725069046,10336,4576,11284,-247,94,98,9976,-9576,8576,-140,140,-57,-14500,4700,3512,-928,100,33,-14540,-2588,6484,-467,24,-64,0
3981.6192491054535,10148,4480,11388,-239,-10,169,9668,-9532,8516,-73,19,-108,-14480,4792,3320,-966,184,-51,-14432,-2604,6240,-496,128,-12,0
3981.652517080307,10328,4500,11404,-130,-104,220,9648,-9552,8480,-47,18,-179,-14436,4716,3276,-982,261,-106,-14556,-2748,6320,-761,233,-48,0
3981.685888051986,10212,4576,11056,-100,-145,204,9792,-9436,8368,-66,24,-256,-14432,4352,3292,-933,228,-134,-14684,-2776,6316,-507,220,-49,0
3981.719497919082,10500,4656,11236,-167,-169,173,9812,-9436,8576,-64,88,-177,-14624,4848,3488,-987,171,-101,-14748,-2732,6252,-491,171,-56,0
3981.7529950141907,10468,4748,11080,-182,-92,163,9868,-9400,8492,-65,99,-142,-14692,4640,3356,-981,136,-60,-14576,-2760,6336,-498,104,-52,0
3981.786078929901,10392,4672,11008,-180,-33,160,9972,-9400,8392,-162,93,-107,-14764,4504,3172,-919,125,58,-14572,-2736,5956,-434,5,-115,0
3981.8199269771576,10492,4380,11032,-245,12,85,9932,-9488,8444,-190,156,-84,-14724,4592,3344,-869,32,74,-14700,-2684,6304,-446,-10,-175,0
3981.853644132614,10380,4540,11060,-281,60,54,9892,-9640,8384,-144,179,-70,-14468,4816,3196,-909,-7,87,-14636,-2320,6480,-443,-2,-156,0
3981.88720703125,10396,4508,11500,-253,37,114,9968,-9612,8444,-108,121,-109,-14548,4872,3016,-957,76,7,-14560,-2612,6436,-528,50,-121,0
3981.9207630157466,10380,4424,11316,-165,-19,116,9972,-9500,8408,-112,109,-120,-14564,4940,3268,-908,71,-46,-14632,-2604,6472,-522,90,-119,0
3981.9544389247894,10348,4484,11380,-131,-35,113,9500,-9612,8336,-35,140,-129,-14548,4648,3184,-967,110,-62,-14504,-2724,6448,-510,134,-110,0
3981.9877729415894,10284,4596,11428,-121,-38,138,9776,-9540,8432,-78,166,-153,-14520,4672,3388,-993,115,-87,-14532,-2708,6216,-506,188,-149,0
3982.021286010742,10328,4580,11172,-150,-120,98,9800,-9480,8348,-90,158,-215,-14624,4676,3264,-968,143,-123,-14356,-2812,6320,-490,183,-113,0
3982.0547320842743,10360,4644,11092,-164,-70,62,9928,-9660,8572,-91,139,-188,-14628,4664,3556,-953,32,-66,-14628,-2712,6332,-533,28,-188,0
3982.0882110595703,10324,4676,11076,-164,34,21,9848,-9444,8596,-92,196,-113,-14692,4716,3368,-900,-35,23,-14652,-2684,6396,-534,-2,-206,0
3982.121801137924,10332,4580,11276,-170,88,250,9752,-9588,8444,-66,195,-121,-14344,4696,3408,-954,-10,-29,-14484,-2676,6524,-542,89,-224,0
3982.1549689769745,10440,4520,11308,-98,-4,-251,9848,-9696,8244,254,134,-246,-14616,4776,3140,-995,66,-163,-14468,-2640,6604,-576,208,-182,0
3982.18836402893,10356,4616,11348,2,-59,-251,9700,-9620,8340,32,106,-305,-14544,4792,3320,-770,111,-213,-14344,-2712,6224,-569,507,-189,0
3982.2220089435573,10396,4720,11272,-28,-88,28,9748,-9604,8388,43,109,-264,-14552,4656,3208,-969,131,-143,-14544,-2784,6308,-530,185,-157,0
3982.2555561065674,10348,4684,11216,-75,-54,51,9696,-9472,8424,19,119,-216,-14540,4756,3404,-979,120,-87,-14400,-2788,6420,-518,147,-112,0
3982.289013147354,10148,4784,11240,-160,-56,114,9616,-9408,8496,-26,123,-174,-14504,4612,3336,-936,172,-122,-14416,-2860,6304,-459,165,-46,0
3982.3227159976964,10232,4824,11012,-195,-44,150,9492,-9328,8684,-122,98,-196,-14812,4704,3380,-835,126,-115,-14844,-3036,6620,-486,177,-63,0
3982.3565011024475,10336,4628,11248,-235,-99,128,9884,-9580,8300,-138,123,-206,-14704,4736,3512,-764,86,-94,-14620,-2796,6372,-503,128,-72,0
3982.3896210193634,10472,4668,11216,-510,-31,149,9832,-9612,8548,-95,124,-128,-14592,4760,3124,-781,96,-18,-14692,-2744,6392,-502,102,-52,0
3982.4229130744934,10372,4640,11236,-227,-7,173,9912,-9468,8372,-115,122,-137,-14432,4568,3060,-830,96,-34,-14636,-2668,6332,-472,126,-42,0
3982.460641145706,10344,4632,11336,-290,-54,134,9800,-9552,8444,-130,225,-140,-14676,4716,3076,-850,52,-77,-14596,-2764,6344,-451,89,-142,0
3982.4955189228053,10324,4860,11508,-322,9,87,9788,-9648,8504,-53,240,-127,-14612,4868,3364,-917,-243,-26,-14468,-2804,6592,-515,105,-100,0
3982.5312399864197,10216,4676,11204,-264,12,81,9708,-9716,8400,-62,206,-142,-14504,4832,3320,-930,13,-62,-14392,-2660,6476,-557,116,-109,0
3982.566211938858,10192,4616,11372,-256,-36,80,9680,-9676,8400,-72,159,-181,-14532,4764,3092,-925,37,-69,-14476,-2692,6536,-489,157,-115,0
3982.6019630432133,10256,4460,11204,-196,-84,94,9828,-9572,8428,-16,192,-228,-14556,4796,3252,-891,-23,-166,-14548,-2728,6288,-258,199,-174,0
3982.637978076935,10248,4516,11108,-202,-117,15,9836,-9600,8416,27,228,-279,-14500,4756,3196,-920,-27,-177,-14484,-2724,6428,-478,1,-193,0
3982.6735570430756,10304,4360,11132,-503,-100,-24,9768,-9632,8408,31,508,-262,-14536,4832,3352,-957,16,-169,-14576,-2784,6372,-428,283,-128,0
3982.709645032882,10068,4548,11380,-276,-166,43,9804,-9572,8564,3,254,-272,-14536,4860,3252,-987,75,-209,-14472,-2672,6476,-409,276,-102,0
3982.7448649406433,10292,4700,11196,-302,-222,97,9972,-9492,8492,-59,237,-274,-14508,4788,3132,-1020,127,-197,-14432,-2752,6376,-421,326,-54,0
3982.7800400257115,10224,4624,11476,-309,-14,132,9648,-9728,8460,-126,154,-303,-14532,4684,3524,-1015,197,-202,-14616,-2760,6304,-390,279,-27,0
3982.8157789707184,10248,4564,11020,-267,-277,147,9800,-9668,8300,-129,173,-282,-14468,4724,3080,-1057,134,-143,-14756,-2760,6348,-424,217,-67,0
3982.8516049385066,10492,4484,11160,-297,-189,131,9852,-9392,8400,-121,195,-197,-14844,4844,3308,-1054,81,-49,-14984,-2768,6336,-409,117,-131,0
3982.8875830173492,10544,4644,11244,-311,-98,127,9968,-9680,8524,-69,223,-93,-14616,4676,3320,-1092,52,248,-14696,-2740,6208,-425,17,-81,0
3982.9228630065923,10440,4628,11164,-338,-77,174,9748,-9488,8332,-69,184,-93,-14612,4640,3304,-1125,104,-241,-14648,-2784,6316,-441,51,-72,0
3982.958776950836,10300,4692,11428,-269,-108,191,9680,-9408,8444,-87,176,-82,-14564,4632,3404,-1069,145,24,-14648,-2732,6268,-426,56,-50,0
3982.9941780567174,10488,4672,11292,-369,-158,510,9660,-9508,8620,-148,120,-67,-14312,4748,3364,-1117,510,68,-14496,-2792,6392,-406,93,48,0
3983.029555082321,10288,4428,11128,-336,-173,287,9636,-9700,8468,-178,64,-121,-14484,4916,3572,-1099,261,-38,-14500,-2736,6608,-460,107,46,0
3983.0648269653325,10344,4512,11244,-286,-171,283,9936,-9516,8392,-246,43,-85,-14360,4824,3296,-1102,177,11,-14672,-2584,6396,-484,47,4,0
3983.1003761291504,10356,4424,11028,-209,-116,258,9768,-9600,8596,-137,71,-52,-14648,5020,3192,-1065,221,63,-14568,-2592,6312,-452,25,-39,0
3983.1337239742284,10700,4416,11064,-231,-15,173,9848,-9664,8280,-92,124,-57,-14608,4708,3272,-1070,151,18,-14572,-2572,6272,-458,255,-71,0
3983.1672489643092,10560,4452,11100,-203,48,170,9888,-9464,8292,-142,135,12,-14700,4864,3120,-1042,78,86,-14708,-2440,6360,-440,-75,-118,0
3983.2006189823146,10724,4468,11092,-253,172,133,9816,-9664,8248,-33,184,249,-14568,4720,3388,-1054,95,74,-14540,-2708,6300,-420,28,-107,0
3983.2342090606694,10372,4588,11376,-271,76,148,9764,-9604,8428,-85,107,-66,-14356,4740,3176,-1046,111,27,-14628,-2608,6452,-414,50,-69,0
3983.2675371170044,10620,4604,11116,-195,27,141,9644,-9524,8432,-129,137,-58,-14396,4884,3496,-1072,112,44,-14576,-2564,6272,-475,30,-108,0
3983.3011081218724,10356,4492,11080,-208,11,126,9776,-9720,8316,-110,112,-73,-14648,4772,3552,-1038,42,24,-14680,-2636,6616,-457,-41,-158,0
3983.334722995758,10396,4412,11136,-202,104,109,9772,-9564,8308,-108,160,-13,-14648,4844,3284,-987,-43,68,-14832,-2604,6460,-434,-100,-214,0
3983.36829996109,10332,4744,11344,-276,140,37,9636,-9520,8492,-42,209,37,-14540,4860,3272,-998,-67,140,-14424,-2656,6564,-406,-120,-170,0
3983.4014661312103,10160,4596,11380,-210,131,106,9540,-9804,8484,-58,213,9,-14408,4888,3348,-1035,24,85,-14460,-2412,6444,-466,-65,-131,0
3983.434808969497,10200,4596,11288,-223,59,178,9724,-9684,8432,-33,91,-45,-14460,4884,3372,-1119,134,2,-14420,-2720,6504,-473,33,-54,0
3983.4682791233063,10188,4480,11420,-205,-87,230,9712,-9964,8688,-16,58,-120,-14320,5032,3236,-1132,208,-52,-14448,-2796,6608,-488,158,-8,0
3983.5018241405483,10368,4444,11368,-207,-173,243,9568,-9684,8428,-34,129,-138,-14592,4976,3252,-1114,228,-52,-14464,-2692,6576,-503,211,-21,0
3983.5354430675507,10016,4176,11368,-238,-162,260,9576,-9868,8412,-20,203,-131,-14620,4812,3428,-488,1245,-22,-13984,-2488,6660,-478,283,120,0
3983.5689499378204,10232,4456,11148,-983,28,791,6024,-12252,7992,-19266,-12714,-4225,-14368,5016,2896,-1024,279,-509,-14316,-2656,6668,-768,387,327,0
3983.6023700237274,10056,3868,11488,-721,-164,1023,13028,-10872,5440,-16465,-5833,-8216,-15204,4836,2892,-1254,637,-185,-14584,-2788,6468,-452,366,144,0
3983.635806083679,10608,3708,10976,-55,-426,474,15780,-9012,4060,-6264,-1606,-3501,-15200,4752,3300,-726,188,-206,-14912,-2672,6072,-492,307,-249,0
3983.6692440509796,11184,4276,11356,37,-303,239,11628,-10604,5316,-1144,902,-350,-15768,4592,3376,-806,-175,-498,-14936,-2496,6148,-517,259,-436,0
3983.702688932418,10992,4120,11152,-48,-46,-311,12536,-9040,5020,6162,3337,652,-14848,4824,3064,-874,-491,-198,-14728,-2716,6336,-478,84,-486,0
3983.7363770008083,10348,4368,11268,247,47,-414,12552,-9476,872,32767,23920,3396,-14436,5184,3176,-2782,389,-594,-15096,-1976,6328,-451,212,-383,0
3983.7699401378636,9952,4604,10776,-372,188,-173,9612,-9296,8100,756,238,1484,-14036,4916,3524,-968,-204,-21,-14392,-2584,6416,-465,118,-209,0
3983.8035480976105,10172,4544,11044,-313,-73,111,9840,-10024,7612,68,-717,-320,-14368,4764,2844,-936,160,-97,-14432,-2628,6452,-420,118,-120,0
3983.837301969528,10240,4828,11240,-160,-111,188,10060,-10040,7484,141,474,-109,-14468,4772,3572,-959,137,-18,-14564,-2696,6460,-466,44,-100,0
3983.8706700801854,10284,4552,11384,-184,-81,243,9780,-10016,7664,34,200,39,-14576,4744,3372,-773,116,20,-14372,-2616,6476,-489,26,-36,0
3983.9037461280823,10360,4556,11296,-234,-254,261,10000,-10040,7980,122,198,28,-14816,4424,3468,-1072,122,41,-14428,-2780,6264,-505,47,-48,0
3983.937266111374,10380,4608,11292,-245,-4,236,10068,-9980,7832,61,209,-35,-14556,4552,3472,-1046,166,20,-14512,-2780,6280,-458,138,14,0
3983.9707911014557,10300,4620,11400,-244,-162,1,9932,-10152,7804,56,99,-168,-14512,4756,3136,-1088,241,-78,-14456,-2708,6520,-527,247,-5,0
3984.0043640136723,10264,4500,11396,-246,-230,241,9900,-10148,7736,-25,20,-285,-14384,5008,3228,-1012,268,-128,-14444,-2672,6540,-477,305,56,0
3984.0380220413203,10268,4360,11368,-240,-272,261,9756,-10120,7524,-51,56,-290,-14484,4960,2968,-980,249,-156,-14488,-2496,6460,-455,283,37,0
3984.0716140270233,10488,4196,11336,-298,-192,214,10108,-10152,7460,-11,192,-243,-14612,4916,3000,-968,175,-125,-14588,-2404,6616,-424,229,-14,0
3984.1046669483185,10336,4240,11308,-307,-142,153,10204,-10244,7596,41,277,-182,-14752,4916,3096,-950,122,-166,-14396,-2424,6416,-427,222,-80,0
3984.1428639888763,10240,4180,11260,-281,-115,83,10208,-10264,7520,158,321,-231,-14612,4812,3044,-1020,130,-231,-14356,-2424,6388,-475,336,-104,0
3984.1781229972844,10284,4168,11392,-156,-166,67,10136,-10444,7632,187,344,-280,-14668,4900,3112,-1065,147,-307,-14680,-2376,6220,-502,402,-156,0
3984.2133169174194,10448,4168,11028,-118,-251,26,10156,-10132,7732,168,246,-398,-14724,4716,3012,-1053,96,-358,-14660,-2608,6384,-532,411,-163,0
3984.24909210205,10540,4464,11372,-88,-249,12,10168,-9908,7764,171,332,-381,-14612,4732,3200,-1060,28,-331,-14644,-2636,6248,-485,388,-226,0
3984.2841889858246,10584,4488,11096,-131,-207,-23,9992,-9856,7516,176,308,-329,-14728,4616,3144,-978,-25,-205,-14708,-2684,6252,-487,294,-217,0
3984.3200500011444,10728,4512,11192,-158,-150,-55,10352,-9800,7760,79,248,-260,-14676,4408,3280,-943,-107,-175,-14680,-2656,6300,-476,159,-221,0
3984.3554360866547,10708,4584,11156,-229,-124,249,10108,-9888,7852,25,180,-211,-14340,4608,3416,-965,-59,-85,-14664,-2696,6180,-482,150,-191,0
3984.3913609981532,10420,4608,11276,-202,-119,98,9736,-9936,8172,-29,61,-203,-14492,4744,3384,-932,37,-99,-14540,-2700,6320,-520,165,-134,0
3984.4273629188533,10384,4568,11220,-117,-146,159,9784,-9948,7916,-95,33,-170,-14456,4624,3248,-889,80,-74,-14440,-2628,6236,-529,163,-61,0
3984.4625160694122,10324,4528,11444,-143,-202,195,10064,-9928,7844,-130,71,-178,-14436,4624,3124,-939,143,-120,-14540,-2728,6324,-512,227,-24,0
3984.5007729530334,10352,4436,11084,-105,-152,213,10120,-9968,7740,-114,94,-168,-14624,4768,3208,-950,194,-121,-14344,-2520,6292,-528,148,-22,0
3984.5371711254124,10544,4364,11096,-100,-29,177,10148,-10236,7852,-80,-332,-167,-14712,4788,3272,-1007,73,-9,-14636,-2636,6356,-548,120,-101,0
3984.5723581314082,10572,4504,11292,-136,53,166,10284,-10020,7556,-71,-14,-119,-14600,4728,3104,-1013,107,-11,-14604,-2800,6352,-520,96,-71,0
3984.6081280708313,10400,4424,11420,-102,1,158,10180,-9932,7772,-115,26,-159,-14656,4476,3188,-1038,110,-27,-14700,-2664,6272,-465,104,-78,0
3984.643520116806,10412,4380,11440,-173,35,98,10120,-9932,7904,-115,204,-109,-14664,4788,3148,-989,121,-51,-14720,-2580,6148,-420,112,-86,0
3984.6791520118713,10456,4456,11152,-135,44,107,10128,-10084,7680,-70,218,-85,-14384,4736,3248,-1050,55,249,-14492,-2612,6576,-468,131,-129,0
3984.71409893036,10344,4324,11232,-140,37,69,10088,-10024,7744,-38,314,-74,-14684,4752,3148,-1267,-255,-52,-14700,-2648,6224,-472,80,-168,0
3984.7496860027313,10376,4424,11336,-136,25,70,10188,-10064,7644,-36,268,-229,-14820,4740,3212,-1035,24,-89,-14588,-2568,6380,-459,73,-149,0
3984.7851860523224,10380,4504,11428,-73,12,46,9948,-10072,7712,-46,265,-328,-14404,4724,3200,-1061,54,-81,-14600,-2508,6300,-525,130,-158,0
3984.8187761306763,10736,4532,11228,-38,-38,90,10128,-9956,7636,20,216,-303,-14588,4664,3244,-1118,48,-91,-14532,-2480,6244,-539,163,-173,0
3984.8524129390717,10288,4460,11104,252,-17,75,10160,-9920,7704,28,64,-269,-14584,4620,3320,-1117,93,-111,-14668,-2648,6564,-517,143,-164,0
3984.8856189250946,10420,4568,11420,-59,-18,42,10188,-9864,7920,20,161,-77,-14604,4732,3328,-1071,54,-97,-14644,-2588,6340,-500,108,-194,0
3984.919523000717,10520,4572,11100,-96,12,29,10208,-9936,7788,25,148,7,-14640,4748,3320,-1085,62,-83,-14476,-2644,6348,-500,80,-143,0
3984.9527339935303,10548,4384,11060,-124,35,53,10068,-9992,7684,-253,157,73,-14368,4644,3480,-1097,70,-24,-14752,-2700,6316,-500,71,-142,0
3984.98606801033,10400,4516,11172,-124,21,66,10220,-10068,7684,-28,158,-28,-14780,4760,3524,-1086,52,-245,-14596,-2612,6428,-510,54,-201,0
3985.0199930667877,10320,4584,11324,-139,-45,93,9796,-10216,7704,29,29,-159,-14488,4704,3232,-1047,62,-50,-14416,-2652,6336,-493,79,-143,0
3985.0536749362946,10380,4476,11308,-163,-25,110,10032,-10220,7448,11,115,-117,-14832,4668,3188,-1073,83,-67,-14584,-2432,6296,-497,76,-154,0
3985.0872070789333,10444,4376,11092,-162,-31,118,10056,-10056,7864,40,150,-147,-14528,4672,3268,-1051,58,-38,-14568,-2608,6200,-478,88,-138,0
3985.1206159591675,10444,4740,11340,-167,-53,112,10104,-10016,7880,79,109,-177,-14628,4820,3152,-1048,71,-59,-14540,-2668,6220,-494,105,-179,0
3985.153834104538,10476,4520,11252,-176,-61,89,10068,-9756,7884,25,141,-149,-14492,4768,3424,-1061,39,-66,-14816,-2328,6184,-489,120,-177,0
3985.187394142152,10496,4420,11336,-147,-79,83,10092,-10232,7716,71,135,-157,-14668,4756,3432,-1116,-5,-68,-14376,-2636,6600,-530,94,-212,0
3985.221132993698,10392,4484,11224,-207,-66,39,10088,-10020,7640,80,173,-149,-14592,4748,3296,-1092,48,-97,-14540,-2612,6408,-766,104,-171,0
3985.2547459602356,10444,4520,11260,-185,-34,73,10164,-9896,7784,12,174,-139,-14836,4672,3364,-1066,64,-72,-14612,-2644,6336,-479,80,-157,0
3985.2881369590764,10408,4480,11472,-200,-96,72,10076,-9976,7680,32,153,-142,-14548,4712,3112,-1064,41,-27,-14568,-2672,6312,-493,106,-197,0
3985.3216991424565,10372,4516,11332,-236,-36,77,10088,-9888,7860,26,144,-118,-14348,4724,3260,-1045,53,-43,-14504,-2708,6296,-478,56,-163,0
3985.354959964752,10344,4652,11152,-183,-16,97,10044,-9968,7856,-12,89,-123,-14544,4700,3424,-1034,72,-83,-14424,-2748,6500,-486,108,-155,0
3985.388375043869,10300,4776,11392,-163,-61,97,10044,-9916,7868,254,125,-161,-14520,4708,3376,-771,108,-40,-14532,-2700,6332,-470,138,-136,0
3985.4217810630803,10300,4580,11376,-102,-80,89,10224,-9996,7712,24,172,-267,-14368,4732,3260,-999,101,-82,-14476,-2684,6368,-508,165,-148,0
3985.4551899433136,10444,4548,11268,-124,-84,78,10144,-9924,7600,-13,165,-285,-14516,4716,3336,-1271,86,-103,-14524,-2564,6404,-455,159,-107,0
3985.4886090755463,10276,4556,11204,-184,-89,117,9996,-9948,7824,-9,151,-237,-14468,4852,3580,-1049,121,-47,-14620,-2728,6476,-486,155,-111,0
3985.5219841003413,10344,4584,11264,-156,-88,138,10116,-9884,7640,252,158,-143,-14520,4452,3276,-1016,122,-41,-14712,-2648,6368,-477,145,-120,0
3985.5552899837494,10316,4532,11304,-203,-30,132,10028,-9956,7848,31,185,-83,-14440,4772,3216,-1263,146,-28,-14520,-2676,6620,-470,96,-92,0
3985.5889511108403,10248,4680,11228,-199,-254,123,10148,-10004,7808,6,142,-60,-14536,4640,3376,-1007,132,-50,-14540,-2680,6396,-502,118,-94,0
3985.622323989868,10200,4588,11324,-216,-37,159,10000,-9756,7808,-4,130,-110,-14540,4692,3216,-1006,106,-66,-14512,-2724,6444,-488,136,-56,0
3985.6556000709534,10308,4520,11536,-243,-106,138,10184,-9944,7868,-73,109,-188,-14520,4660,3476,-943,184,-69,-14600,-2740,6436,-481,145,-37,0
3985.6891579627995,10328,4628,11376,-263,-191,159,10020,-10024,7856,-59,128,-276,-14564,4608,3468,-951,157,-137,-14604,-2676,6256,-444,195,-65,0
3985.72261095047,10248,4524,11296,-224,-207,164,10108,-9936,7884,-90,87,-303,-14560,4668,3268,-952,143,-147,-14492,-2672,6608,-493,178,-77,0
3985.7562041282654,10400,4448,11176,-211,-154,142,10100,-9932,7784,-46,113,-310,-14596,4788,3280,-991,127,-124,-14548,-2812,6352,-514,155,-101,0
3985.792490005493,10336,4340,11232,-213,-88,124,10172,-9932,7820,-12,127,-258,-14472,4780,3324,-1010,94,-139,-14604,-2708,6252,-259,175,-81,0
3985.828683137893,10352,4512,11308,-245,-104,104,10184,-9980,7720,-14,114,-288,-14492,4608,3368,-977,129,-151,-14604,-2596,6152,-467,216,-95,0
3985.8637280464172,10372,4448,11092,-212,-129,135,10144,-9956,7500,-45,135,-263,-14548,4788,3264,-956,142,-155,-14668,-2776,6352,-498,227,-79,0
3985.8990850448613,10736,4428,11244,-234,-152,135,10076,-10016,7728,9,136,-231,-14680,4740,3360,-961,139,-150,-14568,-2672,6360,-508,230,-88,0
3985.9343099594116,10276,4504,11176,-212,-158,119,10120,-9804,7800,-32,138,-222,-14484,4676,3372,-956,95,-150,-14664,-2680,6148,-481,168,-65,0
3985.9697439670563,10444,4700,11376,-198,-134,91,10108,-9928,7788,-44,167,-210,-14552,4664,3268,-926,102,-104,-14544,-2636,6380,-490,184,-99,0
3986.0051159858704,10380,4564,11244,-198,-124,115,10012,-9900,7656,-35,157,-241,-14556,4624,3428,-941,104,-105,-14352,-2708,6204,-510,192,-85,0
3986.0408561229706,10452,4352,11124,-191,-118,121,10072,-9936,7856,-61,108,-222,-14608,4560,3316,-926,82,-92,-14632,-2684,6376,-496,130,-119,0
3986.0759620666504,10368,4680,11336,-160,-105,108,10196,-10000,7784,-93,119,-204,-14732,4560,3348,-917,117,-76,-14692,-2644,6224,-489,90,-111,0
3986.112115144729,10452,4528,11148,-145,-151,95,10004,-9936,7916,-93,142,-218,-14748,4672,3296,-885,115,-102,-14408,-2584,6280,-263,107,-90,0
3986.148013114929,10360,4492,11396,-116,-162,125,10152,-9876,7764,-77,88,-228,-14548,4688,3260,-924,145,-101,-14352,-2620,6320,-506,194,-71,0
3986.1831851005554,10384,4536,11056,-176,-181,154,10080,-9956,7676,-68,137,-264,-14500,4768,3156,-893,161,-118,-14636,-2580,6440,-481,221,-76,0
3986.2182841300964,10376,4420,11024,-216,-180,155,10072,-9936,7768,-64,162,-218,-14844,4748,3244,-851,141,-76,-14636,-2680,6428,-459,190,-92,0
3986.2543380260468,10384,4548,11148,-224,-130,143,10140,-9804,7916,-70,116,-220,-14556,4732,3180,-897,174,-65,-14636,-2604,6416,-452,156,-42,0
3986.2897629737854,10528,4556,11224,-189,-88,178,10112,-9796,7884,-70,42,-209,-14340,4712,3316,-912,202,-39,-14340,-2932,6240,-499,136,-83,0
3986.3251080513005,10524,4592,11176,-166,-40,171,10488,-9808,7792,-123,47,-182,-14636,4616,3180,-868,127,-76,-14624,-2536,6380,-482,107,-95,0
3986.360881090164,10300,4560,10880,-183,-20,100,10284,-9872,7612,-85,134,-141,-14584,4704,3288,-843,22,-33,-14344,-2640,6308,-469,139,-141,0
3986.3958060741425,10452,4524,11212,-142,-40,67,10296,-9896,7916,-57,199,-147,-14600,4664,3004,-866,46,-67,-14616,-2564,6312,-488,137,-165,0
3986.4328129291534,10284,4548,11228,-112,5,30,10200,-9892,7708,-60,186,-104,-14492,4824,3304,-901,-48,-55,-14500,-2816,6172,-496,147,-181,0
3986.4663879871373,10400,4512,11184,-93,19,50,10152,-9940,7732,-30,198,-77,-14628,4812,3212,-881,-1,-53,-14508,-2680,6524,-495,87,-142,0
3986.4995551109314,10408,4524,11196,-129,253,50,10084,-10020,7832,5,184,-103,-14532,4792,3224,-943,68,-75,-14564,-2656,6212,-482,135,-119,0
3986.533143043518,10304,4400,11068,-120,253,68,10044,-9944,7632,-43,163,-92,-14560,4732,3216,-961,90,-98,-14840,-2656,6192,-491,93,-114,0
3986.5668151378636,10472,4496,11180,-127,63,82,10076,-9988,7804,-36,148,-119,-14840,4776,3336,-1013,61,-56,-14652,-2784,6412,-505,108,-145,0
3986.6002430915833,10280,4616,11048,-154,-1,65,10104,-9924,7880,-41,149,-167,-14532,4732,3432,-1024,92,-26,-14596,-2692,6616,-498,99,-127,0
3986.633500099182,10444,4516,11184,-130,-8,88,10208,-9948,7764,-89,136,-145,-14632,4792,3300,-1005,99,-36,-14612,-2592,6268,-510,82,-165,0
3986.667288064956,10392,4668,11200,-146,-35,67,10148,-9964,7656,-53,132,-160,-14848,4696,3244,-1045,85,-84,-14484,-2528,6260,-486,146,-140,0
3986.7009699344635,10424,4500,11192,-168,-53,65,10136,-9868,7816,-17,163,-153,-14824,4816,3172,-1007,68,-78,-14568,-2408,6560,-505,101,-125,0
3986.7344720363612,10332,4596,11276,-90,-27,82,10020,-10032,7744,-48,112,-120,-14556,4788,3232,-968,53,247,-14560,-2576,6312,-487,44,-141,0
3986.768259048462,10380,4620,11468,-126,-17,67,10080,-10004,7772,-28,193,-91,-14604,4836,3432,-960,12,-5,-14640,-2580,6420,-257,31,-173,0
3986.8018281459813,10352,4844,11148,-143,-29,76,10032,-9944,7912,-32,212,-44,-14840,4732,3184,-1023,57,-22,-14516,-2584,6320,-546,41,-183,0
3986.8353729248042,10352,4620,11156,-100,-34,76,10160,-9912,7836,-28,126,-96,-14560,4772,3136,-1028,33,-38,-14452,-2700,6324,-533,99,-190,0
3986.8690741062164,10324,4672,11244,-111,-49,68,10184,-9968,7856,-26,170,-155,-14560,4728,3220,-1038,54,-109,-14460,-2664,6340,-546,105,-175,0
3986.9024610519414,10332,4604,11172,-124,-62,63,10096,-10208,7760,-36,134,-175,-14492,4836,3320,-1033,55,-66,-14576,-2600,6432,-499,140,-156,0
3986.9360649585724,10324,4692,11480,-189,-71,72,9996,-10140,7436,-32,144,-189,-14448,4824,3512,-1066,53,-13,-14504,-2656,6408,-501,108,-186,0
3986.9698050022125,10268,4404,11484,-158,-94,70,10088,-10080,7724,-21,134,-149,-14608,4820,3268,-1074,51,-19,-14568,-2628,6404,-495,130,-176,0
3987.0033230781555,10332,4744,11012,-137,-62,87,10028,-9960,7680,-58,126,-133,-14492,4756,3304,-1083,46,-110,-14612,-2824,6452,-505,151,-166,0
3987.0369420051575,10308,4648,11240,-144,-120,53,10040,-10016,7656,-83,143,-175,-14572,4844,3240,-1098,110,-83,-14656,-2672,6536,-521,97,-178,0
3987.070572137832,10392,4804,11212,-122,-120,40,10132,-10000,7508,-39,193,-191,-14528,4900,3220,-1113,115,-42,-14524,-2616,6624,-553,126,-180,0
3987.104009151458,10416,4780,11244,-129,-105,99,10104,-9948,7808,3,65,-185,-14532,4816,3516,-1181,117,-46,-14436,-2652,6280,-559,137,-146,0
3987.137387037277,9988,4668,11460,-144,-89,67,9980,-9984,7824,15,106,-197,-14564,4696,3396,-1124,152,-106,-14480,-2724,6280,-535,174,-93,0
3987.1707899570465,10248,4672,11436,-109,-163,104,10092,-10008,7892,-12,121,-198,-14688,4916,3476,-1091,126,-136,-14620,-2672,6416,-539,183,-131,0
3987.204066991806,10384,4680,11224,-171,-109,90,10104,-10184,7432,23,166,-144,-14580,4792,3436,-1056,104,-87,-14620,-2748,6572,-531,152,-112,0
3987.2376570701604,10420,4696,11168,-156,-77,95,10064,-9924,7732,21,211,-102,-14544,5028,3408,-771,118,-37,-14800,-2684,6160,-530,105,-115,0
3987.2711539268494,10388,4776,11148,-169,-29,104,10032,-9920,7688,-6,176,-119,-14812,4756,3396,-1077,109,-61,-14452,-2800,6400,-501,67,-121,0
3987.3043639659886,10324,4756,11196,-234,-35,81,10040,-9948,7788,11,178,-156,-14520,4764,3408,-1021,98,-86,-14544,-2684,6156,-471,162,-132,0
3987.3379309177403,10360,4700,11496,-295,-65,112,9800,-9908,7872,-8,178,-177,-14568,4772,3244,-1036,130,-122,-14504,-2780,6312,-495,203,-91,0
3987.371465921402,10260,4612,11176,-229,-159,104,9948,-10032,7872,-28,115,-248,-14524,4844,3112,-1056,138,-113,-14524,-2696,6648,-530,239,-79,0
3987.4046211242676,10312,4592,11020,-231,-172,118,9980,-9732,7740,-5,166,-228,-14512,4780,3228,-772,133,-137,-14564,-2692,6476,-525,227,-101,0
3987.438113927841,10308,4628,11276,-231,-149,136,10056,-9900,7808,-18,158,-224,-14544,4888,3400,-1270,134,-159,-14548,-2700,6412,-475,229,-87,0
3987.4743559360504,10400,4688,11348,-245,-102,122,10048,-9980,7904,252,199,-188,-14548,4752,3476,-972,96,-132,-14508,-2736,6400,-497,205,-94,0
3987.509510040283,10336,4692,11128,-245,-149,130,10108,-9956,7792,-23,184,-227,-14572,4668,3536,-945,115,-93,-14516,-2740,6392,-498,223,-80,0
3987.5448400974274,10400,4620,11156,-208,-177,130,10088,-9760,7932,-24,183,-252,-14592,4652,3424,-958,110,-173,-14576,-2720,6288,-505,222,-53,0
3987.580171108246,10380,4716,11028,-238,-170,168,10028,-9920,7824,-18,93,-236,-14520,4856,3212,-922,162,-110,-14568,-2692,6396,-508,205,-77,0
3987.6156229972844,10400,4728,11204,-223,-157,150,10164,-10032,7696,-67,68,-244,-14524,4628,3516,-942,166,-83,-14564,-2812,6196,-504,214,-83,0
3987.6516859531403,10456,4648,11096,-211,-174,124,10036,-9776,7784,-58,-20,-272,-14356,4848,3432,-824,118,-101,-14584,-2740,6276,-515,204,-94,0
3987.6877760887146,10444,4752,11052,-201,-160,142,10192,-10224,7848,-64,-32,-5,-14632,4744,3400,-951,162,-91,-14732,-2696,6436,-517,156,-86,0
3987.722649097442,10452,4644,11148,-179,-145,143,9992,-9948,7756,-63,88,-232,-14600,4668,3244,-966,82,-166,-14640,-2632,6264,-496,172,-100,0
3987.758999109268,10288,4652,11144,-205,-132,131,10164,-9924,7744,-65,171,-175,-14832,4792,3100,-944,56,-114,-14380,-2712,6300,-492,187,-65,0
3987.7944099903107,10456,4640,11108,-187,-130,136,10044,-9936,7688,-68,192,-180,-14444,4612,3300,-960,62,-65,-14584,-2640,6424,-260,151,-80,0
3987.8297190666203,10452,4564,11232,-205,-150,158,10088,-9968,7808,-48,128,-195,-14528,4820,3224,-942,130,-83,-14832,-2716,6352,-490,139,-80,0
3987.864890098572,10472,4556,10820,-208,-147,164,10036,-9856,7792,-40,121,-217,-14608,4692,3532,-1014,166,-112,-14760,-2672,6652,-476,151,-63,0
3987.9002339839935,10404,4516,11188,-200,-164,138,10116,-9916,7824,6,172,-227,-14552,4804,3448,-920,116,-100,-14516,-2648,6464,-500,186,-80,0
3987.935590028762,10460,4708,11016,-190,-156,131,10088,-9752,7612,-15,52,-228,-14520,4708,3300,-780,502,-118,-14524,-2672,6308,-466,195,-100,0
3987.9715731143947,10352,4844,11260,-243,-176,127,10168,-9888,7792,-7,11,-264,-14532,4660,3216,-985,324,-64,-14580,-2628,6464,-498,178,-86,0
3988.006147146225,10568,4488,11196,-157,-119,95,9988,-9928,7712,-49,-56,-274,-14744,4748,3204,-1108,241,-105,-14620,-2356,6228,-519,126,-146,0
3988.0418260097504,10552,4560,11128,-203,-45,96,10296,-9920,7840,48,117,-128,-14624,4840,3152,-1052,101,-52,-14624,-2716,6236,-490,100,-157,0
3988.077634096145,10532,4736,10940,-165,48,67,10128,-9832,7816,-39,230,-80,-14752,4652,3276,-1093,47,-34,-14712,-2756,6204,-464,78,-129,0
3988.1123740673065,10492,4356,11136,-175,-48,69,10120,-9904,7864,-20,244,-131,-14560,4728,3204,-987,25,-38,-14588,-2684,6280,-501,158,-131,0
3988.1476581096654,10468,4832,11092,-172,-21,111,10036,-9768,7740,-24,218,-135,-14532,4704,3136,-1046,31,-33,-14636,-2748,6392,-483,86,-138,0
3988.181308031082,10432,4788,11072,-170,19,95,9972,-9856,7756,-20,119,-129,-14636,4688,3368,-1046,64,-66,-14344,-2560,6352,-464,50,-160,0
3988.2143781185146,10404,4588,11204,-181,-227,79,10080,-9964,7744,-38,116,-121,-14536,4700,3472,-987,80,-62,-14492,-2688,6308,-483,65,-123,0
3988.2479710578923,10404,4588,11220,-179,254,107,10108,-10000,7824,-21,114,-131,-14468,4696,3124,-978,86,-34,-14392,-2724,6236,-479,109,-138,0
3988.2815649509434,10424,4848,11220,-190,253,107,10100,-9916,8056,-18,120,-173,-14656,4808,3084,-1045,88,-43,-14552,-2708,6432,-456,137,-107,0
3988.3148839473724,10524,4680,11280,-153,-23,97,10036,-9956,7776,-7,100,-163,-14492,4792,3352,-1088,140,-40,-14556,-2676,6228,-505,108,-106,0
3988.3485069274902,10516,4756,11156,-150,-25,107,10208,-9920,7720,-7,134,-143,-14636,4716,3260,-1047,86,-60,-14652,-2608,6336,-475,126,-154,0
3988.3818070888524,10380,4524,11324,-201,-34,100,10084,-9992,7760,-40,117,-164,-14556,4736,2900,-992,80,-32,-14556,-2692,6276,-476,136,-136,0
3988.414978981018,10440,4612,11168,-173,-30,97,10136,-10016,7868,-24,148,-137,-14552,4692,3084,-1002,36,-55,-14512,-2664,6400,-496,140,-132,0
3988.448519945144,10320,4600,11272,-150,-30,100,10104,-9908,7892,-35,181,-158,-14536,4708,3296,-970,-18,-47,-14628,-2776,6588,-444,138,-124,0
3988.4821310043335,10444,4648,11020,-195,-24,84,10100,-9924,7804,-35,169,-154,-14548,4708,3168,-990,0,-58,-14576,-2672,6284,-449,116,-174,0
3988.5152499675755,10384,4596,11016,-178,-41,83,10064,-9932,7740,-36,137,-159,-14572,4748,3112,-958,16,-37,-14556,-2732,6476,-477,154,-165,0
3988.5487990379333,10416,4652,11216,-167,-57,87,10188,-10000,7708,-57,110,-169,-14536,4732,3460,-982,24,-47,-14512,-2644,6368,-483,138,-145,0
3988.58234500885,10428,4680,11232,-146,-64,98,10096,-9904,7780,-34,153,-129,-14660,4736,3240,-940,11,-61,-14520,-2724,6320,-491,142,-148,0
3988.615816116333,10428,4724,11156,-151,-56,102,10092,-9932,7776,-41,144,-156,-14468,4780,3224,-971,29,-80,-14532,-2800,6216,-475,160,-126,0
3988.6490330696106,10396,4576,11128,-188,-85,99,10040,-9948,7728,-61,108,-169,-14760,4692,3128,-964,67,-55,-14504,-2744,6396,-449,147,-135,0
3988.682475090027,10700,4648,11152,-150,-66,111,10024,-9788,7668,-59,116,-162,-14644,4760,3212,-977,64,-70,-14612,-2732,6336,-506,132,-142,0
3988.7157299518585,10448,4536,11188,-184,-63,93,10216,-9996,7780,-26,104,-127,-14688,4820,3288,-954,40,-98,-14624,-2752,6360,-500,128,-141,0
3988.749484062194,10312,4648,11088,-189,-58,111,10056,-9924,7728,-35,131,-117,-14604,4764,3228,-1263,74,-36,-14616,-2764,6436,-485,103,-115,0
3988.783028125763,10380,4680,11004,-170,-12,125,10052,-9980,7824,-96,133,-145,-14548,4724,3460,-900,33,-40,-14780,-2760,6224,-476,113,-129,0
3988.816470146179,10372,4720,11160,-159,-76,88,10444,-9956,7692,-38,125,-181,-14532,4796,3208,-982,91,-42,-14548,-2356,6244,-475,134,-149,0
3988.849949121475,10316,4712,10964,-150,-57,91,10132,-9868,7928,-45,121,-169,-14504,5080,3420,-772,78,-37,-14552,-2612,6428,-491,138,-163,0
3988.883353948593,10360,4740,10900,-150,-36,108,10092,-9964,7720,-38,135,-150,-14532,4652,3288,-1006,62,-47,-14796,-2792,6164,-472,85,-166,0
3988.9166419506073,10428,4628,11240,-157,-67,84,10060,-9748,7840,-27,144,-150,-14828,4704,3232,-955,42,-26,-14464,-2676,6600,-480,124,-153,0
3988.9501390457153,10332,4632,11200,-189,-62,95,10124,-9956,7772,-34,135,-155,-14776,4844,3316,-1279,81,-44,-14520,-2756,6436,-500,136,-156,0
3988.983644962311,10380,4728,11120,-173,-76,84,10128,-9884,7844,-20,139,-187,-14504,4872,3364,-1272,101,-159,-14500,-2728,6416,-503,157,-115,0
3989.0169451236725,10252,4724,11496,-133,-55,121,10052,-9736,7756,-33,134,-192,-14516,4756,3360,-1001,108,-100,-14560,-2724,6168,-488,157,-152,0
3989.0502359867096,10396,4656,11156,-146,-59,120,10112,-9960,8132,-13,121,-164,-14516,4668,3336,-1014,96,-48,-14380,-2912,6344,-489,143,-133,0
3989.0838561058044,10388,4784,11112,-190,-36,85,10036,-10000,7668,-19,137,-192,-14588,4424,3184,-1041,92,-47,-14528,-2664,6212,-481,139,-143,0
3989.117465019226,10416,4724,11404,-184,-50,130,10056,-9948,7736,-249,96,-176,-14524,4776,3512,-1053,128,-60,-14376,-2708,6168,-492,140,-99,0
3989.1528270244603,10376,4676,11156,-173,-76,105,10152,-9928,7812,-22,106,-168,-14568,4788,3372,-773,103,-77,-14540,-2696,6424,-493,138,-107,0
3989.1880071163173,10332,4672,11512,-172,-31,100,10100,-9984,7708,-60,115,-168,-14532,4748,3396,-1025,109,-62,-14520,-2700,6460,-491,140,-131,0
3989.223644018173,10396,4724,11084,-205,-56,123,10032,-9856,7776,-66,124,-167,-14588,4820,3680,-950,74,-85,-14576,-2784,6368,-491,128,-95,0
3989.2599840164185,10408,4612,11028,-202,-23,100,10008,-9964,7692,-46,131,-178,-14584,5008,3156,-958,104,-80,-14496,-2748,6268,-482,156,-115,0
3989.2947750091553,10432,4692,11116,-198,-54,115,10044,-9916,7632,-49,136,-190,-14584,4764,3380,-974,157,-90,-14512,-2704,6428,-467,147,-92,0
3989.3305859565735,10384,4600,11144,-238,-75,138,10076,-10176,7900,-49,103,-212,-14476,4828,3520,-961,124,-143,-14528,-2668,6620,-416,203,-63,0
3989.3655869960785,10440,4648,11176,-510,-105,151,10116,-10216,7748,-74,111,-231,-14548,4792,3468,-945,145,-108,-14628,-2744,6192,-461,216,-44,0
3989.401314973831,10440,4636,11148,-269,-115,145,10060,-10020,7692,-32,134,-212,-14636,4780,3356,-926,142,-106,-14568,-2724,6232,-259,151,-85,0
3989.436217069626,10748,4696,11100,-258,-109,134,10144,-9872,7804,-39,95,-219,-14584,4824,3072,-913,130,-123,-14596,-2824,6340,-494,179,-111,0
3989.471822977066,10416,4640,11196,-218,-21,108,10144,-9988,7812,-68,82,-209,-14524,4684,3076,-866,120,-118,-14528,-2676,6328,-500,155,-146,0
3989.5120799541473,10360,4596,11212,-217,-104,91,10072,-10008,7720,17,121,-265,-14524,4732,3308,-938,148,-187,-14588,-2748,6304,-768,245,-104,0
3989.5481040477753,10400,4568,11212,-198,-109,93,10220,-9924,7672,18,103,-258,-14532,4624,3424,-935,179,-195,-14572,-2684,6336,-501,205,-128,0
3989.5836660861974,10432,4396,11148,-161,-96,102,10444,-10196,7456,12,129,-242,-14584,4816,3156,-944,192,-140,-14644,-2688,6556,-556,171,-145,0
3989.6193330287933,10496,4660,11192,-190,-105,64,10460,-9748,7752,-18,162,-260,-14552,4796,3192,-1000,150,-160,-14564,-2664,6256,-502,153,-145,0
3989.654129981994,10488,4432,11140,-187,-71,97,10080,-9876,7916,-45,200,-202,-14696,4656,3268,-1272,148,-104,-14520,-2812,6316,-555,217,-115,0
3989.6897189617157,10360,4720,11148,-219,-124,118,10128,-9928,7764,-28,153,-249,-14840,4816,3516,-1093,175,-108,-14340,-2656,6252,-507,197,-128,0
3989.725196123123,10396,4604,11236,-204,-132,116,10052,-9916,7700,-23,159,-198,-14512,4680,3248,-1059,158,-103,-14824,-2752,6276,-486,184,-142,0
3989.7603790760045,10420,4724,11164,-239,-100,135,10080,-9948,7840,-10,168,-178,-14380,4700,3088,-1096,167,-67,-14568,-2656,6320,-477,168,-103,0
3989.7971899509434,10440,4648,11164,-208,-107,152,10060,-9876,7860,12,167,-190,-14508,4748,3372,-1049,156,-76,-14432,-2724,6260,-460,184,-97,0
3989.8306579589844,10356,4860,11428,-220,-160,182,10000,-9884,7808,-62,149,-179,-14528,4728,3484,-931,68,-122,-14536,-2796,6232,-400,279,-59,0
3989.864175081253,10432,4592,11156,-270,-177,175,9968,-9948,7768,-168,190,-184,-14528,4804,3476,-761,-168,-76,-14492,-2824,6376,-372,341,-106,0
3989.8974490165706,10348,4684,11052,-280,-204,156,10236,-9984,7708,-168,195,-211,-14644,4752,3124,-486,-109,-86,-14596,-2608,6244,-405,275,-64,0
3989.9309990406036,10724,4604,11152,-249,-230,171,10180,-9944,7700,-146,131,-230,-14352,4740,3028,-733,-75,-103,-14592,-2740,6364,-366,301,-46,0
3989.964296102524,10480,4552,11320,-246,-227,150,10268,-9900,7772,-136,112,-203,-14692,4824,3256,-812,15,-79,-14676,-2648,6224,-482,162,-115,0
3989.9977440834045,10712,4860,11212,-147,-132,137,10104,-9752,7836,-97,102,-159,-14684,4876,3160,-861,83,-32,-14568,-2644,6248,-259,97,-141,0
3990.0312540531163,10732,4548,11340,-168,-92,103,10248,-9956,7616,-74,156,-151,-14816,4712,3184,-958,64,-73,-14572,-2676,6184,-511,95,-158,0
3990.0644121170044,10536,4632,10948,-159,-30,93,10116,-9860,7436,-70,216,-141,-14344,4628,3520,-944,50,-59,-14544,-2528,6116,-523,73,-145,0
3990.097800016403,10512,4620,11116,-203,-40,95,10288,-9944,7760,-48,161,-144,-14716,4808,3292,-1038,76,-37,-14616,-2772,6248,-487,12,-144,0
3990.131206035614,10472,4692,11228,-324,-97,113,10196,-9900,7780,-73,204,-158,-14548,4708,3212,-947,89,-251,-14836,-2720,6392,-258,-56,-162,0
3990.1646831035614,10440,4528,11256,-303,-183,118,10152,-10232,7724,-115,174,-163,-14584,4804,3172,-923,69,-253,-14596,-2572,6288,-533,13,-155,0
3990.1981420516963,10372,4644,11112,-230,-114,106,10216,-9928,7800,-39,165,-142,-14364,4720,3556,-1042,-34,-52,-14448,-2692,6364,-460,149,-148,0
3990.2317559719086,10464,4372,10948,-244,16,133,10168,-10052,7820,-3,128,-141,-14492,4784,3540,-1031,-113,-57,-14576,-2740,6288,-468,159,-189,0
3990.26514005661,10620,4816,11492,-314,71,108,10116,-10004,7864,22,171,-148,-14572,4800,3108,-986,-154,-30,-14832,-2672,6172,-417,69,-200,0
3990.2987599372864,10396,4356,11352,-454,75,135,10024,-9968,7692,56,180,-154,-14488,4724,3344,-999,-194,-15,-14464,-3072,5984,-241,228,-219,0
3990.332414150238,10464,4484,11132,-560,23,235,10064,-10048,7908,75,177,-205,-14608,4820,3424,-1010,-196,-88,-14544,-2760,6292,-206,504,-189,0
3990.3659319877625,10428,4480,11180,-647,-1,262,10104,-9900,7696,139,216,-233,-14452,4768,3216,-1080,-136,-142,-14836,-2632,6424,-300,500,-139,0
3990.3992829322815,10388,4436,11168,-542,-106,235,10160,-9940,7700,60,173,-205,-14580,4768,3276,-1116,-72,-70,-14672,-2708,6384,-373,394,-140,0
3990.432868003845,10308,4520,11008,-415,-80,200,10200,-10044,7712,75,191,-121,-14528,4676,3528,-1200,-31,-35,-14688,-2672,6308,-440,229,-119,0
3990.4664270877843,10696,4368,11068,-271,-254,140,10084,-9996,7756,75,216,-93,-14544,4784,3472,-1031,30,-39,-14660,-2600,6208,-539,170,-167,0
3990.4998700618744,10440,4412,11088,-195,35,106,10164,-10004,7896,129,192,-98,-14532,4840,3492,-1033,-19,-100,-14664,-2644,6380,-447,208,-174,0
3990.5335550308228,10396,4440,11276,-192,75,41,9744,-10048,7728,180,221,-99,-14464,4808,3480,-1179,-14,-111,-14572,-2616,6384,-434,510,-206,0
3990.5668599605565,10496,4388,11204,-197,38,25,10028,-10036,7708,116,194,-209,-14472,4780,3384,-1172,66,-96,-14516,-2672,6364,-450,245,-196,0
3990.6002881526947,10344,4376,11404,-104,-10,14,10212,-10096,7864,127,195,-220,-14508,4776,3520,-1124,93,-145,-14344,-2724,6280,-446,267,-200,0
3990.6336770057683,10368,4416,11300,-114,-45,-25,9984,-10016,7792,138,238,-243,-14380,4688,3600,-1140,97,-213,-14496,-2728,6192,-416,316,-222,0
3990.667220115661,10408,4476,11284,-131,-76,-18,9984,-9840,7944,96,232,-266,-14580,4664,3608,-1037,75,-185,-14816,-2612,6240,-412,313,-227,0
3990.7008850574493,10360,4584,11200,-168,-70,-43,10068,-9856,7884,54,246,-251,-14536,4664,3432,-1084,26,-137,-14400,-2576,6216,-371,508,-188,0
3990.7342779636383,10404,4528,11120,-218,-65,-1,10116,-9844,7976,1,272,-217,-14504,4712,3656,-1106,65,-94,-14636,-2596,6288,-426,182,-199,0
3990.767746925354,10440,4560,11264,-195,-33,24,10092,-9892,7892,33,1,-146,-14820,4752,3836,-1131,53,-74,-14652,-2876,6052,-459,164,-155,0
3990.8011479377747,10344,4660,11232,-159,7,55,10084,-9792,7832,44,218,-131,-14512,4676,3648,-1185,100,-34,-14560,-2796,6044,-477,127,-139,0
3990.837821006776,10416,4528,11188,-183,-54,80,10032,-9884,7988,255,230,-129,-14560,4616,3776,-1109,108,-13,-14680,-3008,5900,-461,154,-151,0
3990.873219013214,10492,4664,11180,-204,-26,98,9944,-9884,7928,8,149,-128,-14460,4692,3612,-1080,101,233,-14564,-2736,6240,-448,184,-74,3
3990.9087240695953,10360,4620,11176,-208,254,163,10056,-9796,7912,-5,66,-128,-14392,4716,3504,-1108,223,-241,-14612,-2624,6220,-470,133,-47,3
3990.9442319869995,10356,4544,11060,-230,-19,171,9984,-9880,8036,-47,110,-112,-14608,4848,3524,-1142,149,16,-14640,-2824,6136,-442,123,-74,3
3990.9795429706573,10384,4484,11344,-266,-26,158,9936,-9884,7820,-40,166,-114,-14532,4732,3412,-998,76,-249,-14804,-2748,6036,-461,142,-72,3
3991.015043973922,10300,4448,11268,-233,-28,153,9992,-9888,7864,-38,147,-125,-14340,4740,3392,-1040,144,-59,-14624,-2704,5908,-456,197,-69,3
3991.050770998001,10404,4412,11364,-230,-62,152,10028,-9944,7836,-17,121,-159,-14544,4820,3460,-1096,140,-52,-14604,-2584,6100,-452,200,-99,3
3991.0861930847173,10464,4448,11396,-234,-59,151,10056,-9948,7768,255,140,-146,-14372,4860,3488,-1037,89,-73,-14496,-2632,6152,-457,179,-83,3
3991.1221549510956,10200,4404,11316,-234,-43,121,10000,-9864,7788,38,196,-133,-14560,4772,3516,-995,29,-85,-14560,-2732,6352,-446,229,-118,3
3991.1578569412236,10332,4420,11152,-229,-22,101,10048,-9892,7804,40,163,-188,-14564,4612,3592,-995,105,-117,-14488,-3008,6184,-451,505,-143,0
3991.1934990882874,10024,4584,11464,-203,-103,100,9852,-9864,7748,30,125,-220,-14524,4788,3528,-980,159,-203,-14524,-2776,6224,-452,273,-67,0
3991.2294239997864,10452,4492,11276,-204,-177,120,10060,-9900,7912,-6,119,-260,-14536,4684,3448,-972,123,-202,-14708,-2776,5924,-441,244,-88,0
3991.2648410797124,10384,4536,11216,-503,-169,123,10076,-9872,7904,-59,136,-501,-14548,4660,3540,-971,130,-129,-14748,-2824,6132,-426,222,-96,0
3991.300852060318,10676,4568,11328,-512,-140,141,10024,-9912,7852,-50,185,-207,-14556,4640,3472,-1009,122,-123,-14396,-2736,6324,-442,169,-98,0
3991.337062120437,10676,4420,11236,-294,-63,132,10220,-9832,7980,-28,153,-185,-14480,4840,3508,-772,113,-53,-14724,-2684,6088,-437,160,-85,0
3991.3722529411316,10300,4568,11508,-269,-70,179,10024,-9860,7832,5,134,-169,-14516,4616,3528,-1039,115,-64,-14604,-2748,6136,-439,175,-67,0
3991.407748937607,10476,4392,11408,-269,-104,187,9940,-9924,8068,-12,70,-179,-14552,4712,3764,-1050,215,-80,-14692,-2596,6128,-469,159,-32,0
3991.4430060386658,10464,4468,11308,-212,-163,207,9992,-9904,7692,0,128,-192,-14536,4720,3500,-1073,198,-124,-14652,-2712,6148,-510,201,-26,0
3991.479737043381,10472,4408,11460,-215,-187,197,10188,-9892,7952,21,130,-185,-14464,4700,3428,-1078,210,-72,-14380,-2752,6288,-490,155,-43,0
3991.5133929252625,10348,4420,11064,-205,-149,164,9992,-9792,8156,-52,152,-175,-14472,4704,3448,-1080,192,-75,-14596,-2736,6264,-466,131,-58,0
3991.5471251010895,10456,4452,11464,-210,-157,155,10048,-9952,7976,-39,254,-205,-14816,4788,3396,-1086,205,-83,-14624,-2612,6092,-464,174,-51,0
3991.5806870460506,10412,4348,11216,-222,-146,161,10068,-9868,7736,-18,119,-192,-14492,4692,3448,-1044,192,-148,-14428,-2708,6336,-481,167,-80,0
3991.6143410205846,10504,4456,11156,-200,-133,151,10068,-9788,7868,-6,109,-203,-14560,4784,3816,-1007,183,-145,-14640,-2660,6216,-477,163,-118,0
3991.6475939750667,10492,4456,11308,-183,-123,100,10160,-9812,7764,-19,122,-222,-14580,4636,3288,-966,170,-113,-14680,-2696,6192,-471,140,-121,0
3991.6812949180603,10500,4444,11116,-150,-133,94,10084,-9876,8148,11,125,-211,-14544,4584,3592,-1084,164,-104,-14604,-2696,5960,-489,135,-100,0
3991.7148840427403,10400,4564,11268,-140,-162,99,10144,-9824,7912,-9,147,-231,-14344,4744,3224,-923,142,-175,-14372,-2680,6120,-503,182,-125,0
3991.7485790252686,10456,4308,11168,-124,-178,92,10012,-9752,7896,41,126,-241,-14588,4616,3300,-998,181,-163,-14608,-2692,6084,-517,165,-115,0
3991.782123088836,10428,4544,11144,-104,-161,126,10056,-9704,7744,-9,94,-230,-14564,4632,3328,-1041,201,-164,-14696,-2728,6060,-524,146,-99,0
3991.815726041794,10492,4504,11072,-122,-102,112,9968,-9732,7956,-30,46,-197,-14480,4624,3472,-1074,508,-104,-14804,-2752,6124,-525,85,-127,0
3991.8492560386658,10368,4484,11124,-88,-110,121,10052,-9848,8180,-63,42,-203,-14568,4716,3472,-1013,206,-59,-14688,-2664,6144,-561,87,-109,0
3991.8825039863586,10480,4392,11080,-58,-101,87,10036,-9744,7880,-84,129,-166,-14564,4732,3592,-1050,211,-73,-14840,-2776,6372,-510,99,-105,0
3991.915964126587,10484,4524,11236,-97,-60,108,10116,-9788,7884,-99,143,-171,-14576,4560,3444,-1018,176,-57,-14708,-2684,6004,-495,51,-106,0
3991.9497480392456,10456,4464,10976,-89,-10,88,10056,-9900,7880,-86,128,-134,-14640,4684,3524,-1042,150,236,-14808,-2492,6216,-552,51,-137,0
3991.9833581447606,10508,4432,11316,-128,-12,86,10084,-9792,8020,-9,88,-132,-14540,4696,3192,-990,166,-39,-14628,-2700,6236,-768,88,-104,0
3992.0169789791107,10348,4560,11080,-33,29,80,10048,-9984,8092,-92,86,-150,-14500,4716,3420,-975,175,-4,-14612,-2744,6296,-511,76,-101,0
3992.0505061149597,10448,4500,11468,-51,-17,71,10068,-9876,8164,-79,93,-166,-14820,4812,3512,-969,129,-63,-14664,-2720,6152,-531,123,-114,0
3992.0838680267334,10468,4488,11448,-72,32,86,10064,-9864,7976,-69,112,-116,-14552,4700,3180,-872,132,-54,-14716,-2700,6232,-522,57,-105,0
3992.117543935776,10404,4532,11444,-42,20,87,10088,-9912,7900,-112,89,-96,-14696,4748,3364,-865,141,-31,-14660,-2684,6160,-530,83,-113,0
3992.1507999897003,10360,4364,11472,-41,54,55,10176,-9824,8128,-132,127,-98,-14588,4728,3388,-908,90,-11,-14692,-2772,6252,-519,50,-166,0
3992.1843349933624,10260,4472,11048,-63,79,40,10080,-9952,7944,-129,124,-137,-14500,4740,3532,-862,47,-32,-14816,-2784,6248,-527,43,-182,0
3992.2180471420293,10324,4816,11188,-84,52,34,10224,-9896,8028,-124,88,-147,-14516,4740,3120,-828,94,-43,-14604,-2580,6180,-537,59,-174,0
3992.2516589164734,10304,4524,11220,-74,36,8,10100,-9900,7720,-103,91,-142,-14592,4788,3548,-898,116,-92,-14548,-2740,6140,-548,75,-138,0
3992.285125017166,10408,4592,11388,-56,-16,30,10092,-9856,7832,-83,107,-165,-14612,4840,3412,-884,107,-63,-14512,-2596,6236,-537,100,-150,0
3992.3186950683594,10316,4656,11364,-46,42,29,10032,-9824,7784,-84,102,-163,-14500,4756,3452,-874,88,-97,-14680,-2660,6184,-546,121,-158,0
3992.352406978607,10420,4652,11288,-44,-254,42,10076,-9948,7840,-69,109,-134,-14496,4732,3488,-949,97,-82,-14368,-2696,6296,-762,88,-182,0
3992.3857481479645,10452,4556,11176,-47,-14,61,10008,-9940,7896,-104,112,-144,-14620,4800,3308,-933,116,-75,-14564,-2840,6388,-767,67,-143,0
3992.419263124466,10484,4640,11232,-55,11,66,10052,-9980,8152,-120,111,-130,-14508,4676,3284,-891,111,-63,-14644,-2696,6308,-555,46,-162,0
3992.4529910087585,10248,4432,11200,-56,-7,85,9936,-9896,7952,-115,124,-124,-14476,4616,3232,-899,117,-11,-14576,-2716,6208,-527,76,-126,0
3992.486169099808,10376,4692,11140,-80,-254,78,10008,-10056,7876,-108,62,-138,-14540,4696,3464,-937,117,-52,-14724,-2780,6192,-527,103,-91,0
3992.5228810310364,10248,4356,11044,-101,-44,94,10068,-9860,7880,-91,98,-145,-14544,4756,3272,-959,116,-25,-14700,-2672,6380,-511,95,-143,0
3992.557625055313,10296,4376,11052,-74,-33,67,10080,-9932,7856,-97,80,-145,-14484,4748,3320,-997,150,-92,-14608,-2780,6108,-265,89,-120,0
3992.5932800769806,10312,4644,11100,-106,-39,92,10048,-9892,7676,-84,102,-133,-14704,4816,3296,-975,162,-20,-14692,-2832,6248,-518,72,-136,0
3992.6288189888005,10388,4668,11316,-48,-19,95,10064,-9972,8008,-92,80,-165,-14536,4852,3208,-933,110,-44,-14604,-2760,6352,-542,77,-135,0
3992.6638960838322,10348,4612,11240,-68,-67,102,9996,-9948,7752,-95,110,-133,-14536,4820,3444,-998,147,-39,-14572,-2800,6256,-536,73,-106,0
3992.69980096817,10384,4708,11300,-123,-49,145,10156,-10192,7692,-69,84,-151,-14448,4816,3280,-1001,155,-92,-14620,-2772,6204,-536,97,-92,0
3992.7348079681396,10360,4640,11084,-107,-79,105,10000,-9960,7872,-74,105,-149,-14584,4776,3540,-1013,175,-37,-14544,-2728,6312,-264,111,-129,0
3992.7701671123505,10324,4812,11052,-89,-56,79,10028,-9772,7824,-53,120,-181,-14620,4836,3528,-1050,138,-87,-14580,-2856,6208,-523,102,-131,0
3992.8053879737854,10272,4688,11196,-75,-121,109,9956,-9920,7912,-74,114,-175,-14520,4752,3436,-1022,160,-112,-14340,-2736,6396,-525,108,-138,0
3992.841464996338,10316,4668,11072,-104,-109,89,9744,-9808,7824,-72,61,-200,-14520,4732,3340,-1006,170,-110,-14544,-2676,6236,-487,81,-127,0
3992.8776071071625,10332,4772,11372,-78,-76,55,10260,-9924,7600,-40,156,-184,-14528,5116,3224,-1046,114,-51,-14664,-2584,6164,-522,85,-149,0
3992.912605047226,10304,4728,11192,-128,-42,78,10100,-9916,7916,-18,142,-137,-14524,4744,3124,-1005,113,-77,-14556,-2844,6312,-537,98,-112,0
3992.9480390548706,10332,4856,11316,-133,-23,93,10044,-9872,7792,-119,125,-155,-14604,4612,3352,-1039,155,-49,-14576,-2708,6160,-493,71,-128,0
3992.9832310676575,10360,4744,11108,-120,-109,104,10124,-9976,7728,-64,138,-157,-14524,5064,3092,-1079,163,-58,-14816,-2684,6228,-552,116,-125,0
3993.019129037857,10352,4664,11488,-124,-53,76,10068,-9868,7920,-16,111,-139,-14572,5108,3268,-1135,133,-45,-14632,-3028,6272,-540,64,-142,0
3993.0541830062866,10356,4760,10912,-118,-245,84,10076,-9932,7744,-75,123,-145,-14552,4744,3300,-1112,99,-19,-14792,-2896,6336,-264,38,-128,0
3993.0898289680486,10444,4696,11240,-118,5,75,10192,-10192,7824,-48,133,-135,-14508,4768,3308,-1050,112,-57,-14640,-2680,6104,-508,81,-103,0
3993.1251261234283,10356,4684,11048,-127,-20,91,10140,-9968,7724,-55,99,-150,-14348,4772,3180,-1082,164,-97,-14592,-2772,6236,-520,139,-113,0
3993.1622390747066,10340,4788,11296,-195,-98,132,10004,-9880,7792,-16,94,-189,-14464,4892,3160,-1118,174,-92,-14344,-2724,6548,-480,154,-53,0
3993.1957161426544,10408,4700,11296,-210,-120,140,10020,-10028,7852,-51,79,-232,-14496,4828,3128,-1125,203,-62,-14608,-2564,6212,-498,146,-90,0
3993.2293190956116,10264,4744,11148,-262,-112,110,10020,-10068,7788,-13,59,-225,-14380,4892,3300,-1134,180,-93,-14528,-2664,6344,-464,157,-83,0
3993.262881040573,10392,4840,11028,-233,-49,91,10064,-9740,7852,-17,106,-188,-14504,4804,3572,-1115,197,-112,-14584,-2760,6424,-468,124,-82,0
3993.2964890003204,10324,4780,11052,-199,-110,148,10016,-10020,7716,-5,85,-205,-14464,4732,3488,-1103,214,-158,-14576,-2644,6312,-459,169,-70,0
3993.3296990394592,10272,4728,11228,-223,-123,163,10072,-10016,7836,13,123,-230,-14496,4768,3244,-1109,243,-140,-14836,-2736,6316,-478,164,-62,0
3993.363317966461,10296,4732,11192,-237,-166,146,10128,-9876,7716,-248,117,-216,-14356,4700,3256,-1110,214,-106,-14680,-2740,6180,-438,206,-68,0
3993.3970990180974,10452,4628,11108,-261,-140,146,10132,-9924,7884,60,84,-254,-14616,4692,3276,-1126,202,-141,-14848,-2676,6228,-430,244,-28,0
3993.430586099624,10444,4616,11024,-296,-167,162,10048,-10240,7908,84,169,-510,-14828,4800,3308,-1150,212,-159,-14524,-2764,6248,-469,212,-61,0
3993.4640300273895,10668,4764,11184,-244,-145,165,10080,-9832,7848,83,101,-223,-14700,4752,3120,-1154,190,-151,-14600,-2776,6384,-471,220,-105,0
3993.4976279735565,10296,4668,11096,-266,-184,128,10140,-9784,7896,66,116,-217,-14800,4660,3092,-1073,136,-113,-14588,-2740,6284,-445,186,-88,0
3993.5309500694275,10300,4724,11364,-297,-151,148,10068,-9880,7776,83,185,-239,-14568,4700,3232,-1116,144,-117,-14572,-2700,6240,-453,196,-87,0
3993.5645289421086,10456,4732,11300,-289,-135,157,10060,-9956,7808,80,190,-187,-14624,4800,3244,-1103,159,-77,-14696,-2700,6236,-410,125,-93,0
3993.5980510711674,10536,4644,11184,-280,-105,169,10072,-9892,7812,96,127,-201,-14692,4720,3328,-1145,170,-114,-14560,-2748,6144,-358,169,-62,0
3993.6312599182133,10372,4832,11064,-300,-105,160,10116,-9988,7760,54,182,-187,-14520,4640,3160,-1117,132,-83,-14616,-2684,6104,-354,230,-61,0
3993.6646821498875,10364,4656,11180,-275,-102,135,10120,-9916,8096,53,132,-235,-14532,4696,3040,-1169,109,-51,-14648,-2700,6572,-424,91,-53,0
3993.6981630325317,10424,4580,11012,-296,-93,159,10196,-9744,7776,90,164,-205,-14548,4740,3364,-1224,181,-112,-14584,-2648,6152,-367,58,-74,0
3993.731567144394,10260,4356,10848,-244,-105,160,10100,-9936,7820,52,89,-209,-14344,4728,3220,-1214,91,-111,-14628,-2692,6248,-281,160,-75,0
3993.7650840282445,10380,4672,11296,-512,-71,159,10036,-9924,7976,49,122,-174,-14484,4716,3248,-1183,132,-78,-14828,-2692,6220,-289,101,-89,0
3993.7986340522766,10704,4700,11396,-243,-12,132,10112,-9796,7740,16,155,-158,-14580,4696,3296,-1138,109,-52,-14556,-2684,6328,-365,105,-113,0
3993.831871986389,10672,4708,11208,-241,255,118,9992,-9860,7836,15,176,-157,-14672,4632,3296,-1144,87,-54,-14468,-2344,6248,-364,129,-106,0
3993.8655550479893,10404,4672,11188,-235,57,146,10080,-9880,7932,31,128,-171,-14636,4628,3280,-1140,112,-113,-14340,-2720,6228,-344,163,-91,0
3993.898849964142,10452,4544,11116,-229,27,108,10212,-9796,7728,14,154,-173,-14544,4752,3300,-1092,73,-61,-14656,-2676,6312,-358,178,-96,0
3993.9321060180664,10404,4656,11148,-277,52,114,10108,-9896,7844,50,181,-148,-14628,4660,3256,-1078,95,-50,-14844,-2672,6176,-382,92,-104,0
3993.9657509326935,10376,4636,11092,-224,29,114,10096,-9892,7784,11,158,-154,-14532,4684,3376,-1089,113,-55,-14556,-2740,6268,-396,115,-109,0
3993.9992301464085,10368,4464,11248,-208,-255,128,10132,-9852,7824,-37,157,-149,-14564,4684,3276,-1049,92,-74,-14664,-2688,6340,-437,92,-153,0
3994.0325100421906,10416,4648,11016,-201,-33,97,10120,-9820,7852,-67,165,-150,-14632,4700,3200,-1054,104,-24,-14364,-2788,6160,-454,92,-96,0
3994.0659930706024,10384,4848,11232,-181,14,107,10104,-9580,7892,-63,111,-167,-14640,4696,3560,-1052,70,-32,-14660,-2640,6240,-439,124,-108,0
3994.0996849536896,10264,4444,11484,-177,22,76,10216,-9888,7944,-50,143,-168,-14540,4984,3128,-1008,83,-41,-14560,-2680,6384,-452,149,-129,0
3994.13299703598,10484,4716,11112,-154,251,89,10080,-9852,7952,-36,139,-144,-14572,4744,3204,-992,109,-94,-14516,-2640,6212,-499,97,-139,0
3994.1666131019592,10336,4628,11056,-174,-14,120,10148,-9740,7864,-17,132,-167,-14544,4388,3104,-1273,116,-53,-14544,-2592,6252,-498,133,-120,0
3994.2028551101685,10428,4840,11080,-171,-54,84,10096,-9892,7824,-53,70,-179,-14616,4664,3160,-1013,97,-72,-14668,-2616,6628,-529,127,-124,0
3994.2376611232758,10468,4548,11040,-167,-52,71,10164,-9924,7892,-14,115,-144,-14692,4828,3376,-1022,83,-31,-14704,-2568,6460,-552,122,-156,0
3994.2733330726624,10340,4532,11212,-177,-30,70,10076,-9896,7776,-25,122,-142,-14552,4700,3244,-990,70,-54,-14620,-2812,6332,-549,91,-153,0
3994.3093309402466,10376,4612,11364,-150,-5,64,10072,-9876,7844,-73,139,-112,-14640,4720,3384,-1013,37,1,-14656,-2644,6248,-558,91,-182,0
3994.344598054886,10420,4676,11432,-167,-33,64,10088,-9912,7860,-26,158,-129,-14384,4436,3136,-984,49,-39,-14576,-2608,6296,-570,125,-150,0
3994.3802940845494,10316,4740,11148,-155,9,74,10120,-9808,7828,-33,148,-145,-14460,4632,3376,-1005,71,252,-14512,-2632,6168,-557,102,-213,0
3994.4156019687653,10284,4656,11084,-158,-12,109,10216,-9760,7816,-42,122,-131,-14568,4636,3344,-1012,90,-19,-14556,-2720,6536,-553,100,-166,0
3994.4515430927277,10444,4604,11292,-177,-25,76,10180,-9864,7708,-56,121,-125,-14472,4656,3308,-1016,114,-74,-14656,-2736,6372,-562,93,-181,0
3994.4876990318294,10288,4672,11328,-151,-55,84,10116,-9920,7920,-39,141,-152,-14828,4636,3396,-997,76,-73,-14672,-2728,6284,-539,145,-175,0
3994.5257420539856,10092,4652,11232,-178,-74,90,10028,-9876,7904,-19,162,-145,-14596,4748,3252,-1034,118,-60,-14568,-2624,6420,-528,183,-136,0
3994.5617799758907,10380,4704,11308,-149,-111,124,10116,-9828,7808,-48,160,-156,-14528,4704,3308,-999,132,-110,-14688,-2680,6480,-523,176,-150,0
3994.5977830886845,10488,4700,11248,-185,-87,108,10148,-9864,7848,-31,158,-159,-14528,4748,3368,-985,136,-58,-14540,-2764,6372,-529,158,-110,0
3994.6326789855957,10308,4736,11036,-191,-87,95,10068,-9904,7804,-22,129,-166,-14584,4668,3208,-988,139,-68,-14516,-2764,6216,-527,176,-122,0
3994.668256998062,10256,4676,11264,-175,-130,128,9916,-9916,7772,-37,116,-155,-14544,4764,3532,-985,149,-60,-14652,-2604,6336,-536,184,-110,0
3994.7032680511475,10280,4632,11088,-160,-97,126,10052,-9884,7892,-55,124,-175,-14552,4716,3256,-1000,152,-88,-14504,-2800,6360,-766,133,-122,0
3994.7382750511174,10308,4828,11508,-166,-114,123,10116,-9880,7872,-62,154,-191,-14764,4840,3340,-1007,126,-53,-14596,-2656,6240,-257,135,-124,0
3994.7742891311646,10412,4660,11424,-182,-102,122,10072,-9900,7876,-38,150,-184,-14396,4676,3280,-1008,125,-77,-14576,-2684,6304,-520,126,-105,0
3994.810250043869,10368,4656,11324,-182,-49,85,10028,-9980,7976,-23,133,-139,-14632,4532,3388,-972,93,-52,-14404,-2704,6072,-529,152,-128,0
3994.847186088562,10384,4576,11268,-175,-73,98,10028,-9864,7792,-26,148,-159,-14548,4744,3272,-1003,114,-66,-14540,-2728,6184,-514,148,-122,0
3994.8805539608,10228,4692,11264,-179,-112,107,10116,-9960,7880,-45,127,-190,-14564,4724,3180,-974,117,-126,-14564,-2732,6320,-480,165,-151,0
3994.9139220714574,10348,4688,11188,-155,-96,107,10040,-9868,7908,-55,148,-176,-14364,4832,3264,-999,90,-46,-14596,-2652,6376,-529,126,-142,0
3994.9475469589233,10312,4648,11252,-186,-41,133,10036,-9956,7744,-12,139,-131,-14500,4744,3424,-987,91,-61,-14480,-2824,6144,-257,131,-139,0
3994.9811549186707,10020,4696,11156,-202,-60,107,10040,-9876,8108,-58,158,-174,-14580,4588,3236,-980,112,-58,-14504,-2812,6328,-477,127,-136,0
3995.0144000053406,10332,4728,11076,-178,-80,102,10000,-9940,7816,-89,162,-174,-14628,4700,3344,-981,51,-96,-14584,-2732,6440,-504,138,-142,0
3995.0477640628815,10316,4600,11192,-207,-88,93,10032,-9832,7904,-35,146,-167,-14564,4668,3392,-1028,82,-86,-14576,-2704,6360,-487,177,-98,0
3995.0832469463357,10240,4668,11008,-158,-33,93,10080,-9836,7852,-49,142,-152,-14352,4704,3124,-983,95,-79,-14604,-2656,6220,-479,136,-123,0
3995.1169209480286,10352,4664,11028,-223,-42,104,10080,-9840,7872,-31,129,-171,-14508,4660,3288,-985,89,-69,-14612,-2824,6236,-465,135,-99,0
3995.150157928466,10356,4612,11308,-271,-75,129,10016,-9908,7876,-48,133,-201,-14600,4712,3336,-984,139,-63,-14532,-2756,6436,-484,185,-74,0
3995.183674097061,10176,4692,11396,-271,-91,119,10052,-9872,7896,-33,127,-206,-14544,4716,3292,-961,159,-100,-14636,-2764,6368,-500,222,-39,0
3995.2173120975494,10488,4636,11512,-278,-143,160,10012,-9840,7864,-11,127,-243,-14740,4756,3388,-986,159,-147,-14352,-2728,6368,-501,229,-62,0
3995.250828027725,10468,4620,11184,-224,-144,140,9748,-9884,7932,-46,103,-240,-14372,4680,3268,-979,151,-146,-14588,-2792,6536,-475,216,-68,0
3995.2843840122223,10284,4696,11428,-289,-165,133,10020,-9928,8184,-57,200,-218,-14624,4752,3252,-956,145,-151,-14756,-2656,6468,-443,193,-37,0
3995.3179950714107,10240,4660,11220,-255,-111,131,10192,-9924,7916,-11,182,-198,-14548,4764,3252,-977,183,-101,-14712,-2652,6292,-467,211,-58,0
3995.3515360355373,10284,4676,11420,-286,-130,159,10116,-9860,7856,-51,113,-240,-14500,4736,3220,-968,214,-124,-14516,-2632,6240,-494,209,-41,0
3995.3847730159764,10320,4672,11216,-250,-145,174,10160,-9764,7780,-54,108,-244,-14648,4640,3332,-997,202,-170,-14644,-2716,6236,-482,206,-69,0
3995.4182710647583,10504,4552,11432,-3,-155,144,10140,-10164,7824,-56,121,-253,-14812,4716,3256,-979,184,-127,-14608,-2580,6272,-258,214,-62,0
3995.4518759250645,10408,4368,11052,-265,-148,133,10076,-9908,7936,-36,112,-231,-14604,4708,2844,-986,183,-151,-14604,-2716,6300,-524,189,-93,0
3995.4856169223785,10348,4560,11228,-236,-123,97,10116,-9880,7784,-8,136,-231,-14612,4724,3252,-978,171,-126,-14748,-2648,6180,-523,191,-108,0
3995.5191030502324,10380,4576,11152,-209,-82,117,10096,-9816,8044,-19,141,-205,-14632,4640,3108,-1028,148,-143,-14368,-2648,6276,-499,147,-107,0
3995.55265212059,10432,4544,11180,-222,-88,128,10072,-9876,7716,-6,90,-231,-14608,4664,3296,-1044,184,-131,-14632,-2684,6384,-495,164,-108,0
3995.5862460136414,10324,4564,11188,-272,-87,156,10104,-9888,7892,-70,109,-223,-14564,4568,3212,-966,120,-147,-14656,-2612,6188,-445,155,-99,0
3995.6201031208034,10404,4592,11204,-280,-97,165,10148,-9956,7792,-48,122,-198,-14732,4804,3116,-1039,125,-106,-14624,-2596,6376,-518,149,-101,0
3995.653662919998,10304,4824,11116,-288,-39,154,10096,-9876,7796,-24,118,-169,-14600,4596,3096,-1022,127,-79,-14592,-2720,6260,-481,164,-106,0
3995.687196969986,10380,4596,11204,-301,-48,144,10128,-9764,8072,-42,122,-186,-14580,4676,3212,-1032,120,-112,-14344,-2652,6272,-462,136,-104,0
3995.720545053482,10384,4624,11144,-237,-45,101,10044,-9856,7932,-41,164,-178,-14624,4676,3224,-1046,108,-108,-14568,-2668,6172,-494,155,-145,0
3995.7540330886845,10384,4584,11092,-253,12,121,10076,-9916,7788,-20,143,-160,-14656,4716,3288,-1066,112,-89,-14688,-2692,6208,-480,96,-117,0
3995.7879350185394,10416,4576,11192,-223,98,122,10120,-9752,7868,-16,119,-97,-14692,4668,3328,-1039,46,15,-14596,-2676,6176,-459,68,-143,0
3995.8216140270233,10360,4500,11432,-209,117,98,10144,-9780,7736,-30,158,-93,-14584,4652,3240,-770,58,-252,-14588,-2596,6212,-469,77,-148,0
3995.8550050258636,10388,4796,11216,-166,105,117,10136,-9876,7852,-37,131,-128,-14636,4604,3196,-1038,72,-6,-14796,-2744,6164,-488,99,-135,0
3995.891797065736,10092,4616,11160,-145,32,93,10008,-9820,7920,-37,131,-148,-14592,4692,3096,-1009,86,-41,-14728,-2608,6256,-493,146,-144,0
3995.9278700351715,10344,4492,11348,-158,-4,123,10004,-9840,7764,-53,135,-159,-14792,4828,3408,-1005,77,-52,-14548,-2632,6344,-456,146,-129,0
3995.9631900787354,10308,4792,11300,-161,-36,85,10140,-9920,7844,-54,135,-170,-14644,4704,3224,-991,45,-56,-14608,-2648,6512,-496,124,-155,0
3995.999218940736,10384,4652,11288,-172,-37,99,10032,-9736,7788,-39,146,-157,-14524,4796,3276,-976,73,-63,-14688,-2680,6268,-495,123,-129,0
3996.033949136734,10248,4548,11376,-114,-11,81,10080,-9836,7932,-25,149,-119,-14608,4588,3140,-940,43,-48,-14652,-2700,6356,-531,125,-170,0
3996.0694789886475,10248,4680,11492,-123,-93,93,10144,-9752,7920,-52,120,-151,-14680,4728,3132,-967,30,-18,-14572,-2640,6232,-555,146,-172,0
3996.1046180725093,10456,4540,11232,-62,-93,82,10080,-9912,7792,-61,87,-170,-14640,4652,3360,-965,90,-34,-14628,-2532,6380,-526,114,-157,0
3996.140212059021,10428,4696,11228,-66,-107,78,10048,-9864,7812,-92,91,-175,-14656,4712,3264,-1018,78,-48,-14608,-2688,6336,-500,112,-123,0
3996.1755659580235,10376,4616,11140,-41,-78,68,10232,-9764,7868,-63,95,-164,-14724,4420,3540,-1028,89,-78,-14568,-2736,6288,-521,83,-156,0
3996.2118301391606,10424,4660,11192,4,-25,56,10088,-9892,7876,-59,98,-128,-14640,4728,3164,-1004,52,-80,-14580,-2736,6288,-498,86,-195,0
3996.2476279735565,10388,4668,11080,-21,-59,63,10112,-9884,7888,-48,130,-156,-14556,4388,3176,-1013,35,-35,-14448,-2812,6352,-489,105,-173,0
3996.2828791141515,10336,4692,11324,-35,-75,66,10064,-9912,7772,-91,68,-143,-14472,4748,3340,-1002,52,-67,-14636,-2712,6352,-497,84,-137,0
3996.3182179927826,10188,4688,11112,-17,-178,71,10028,-10192,7456,-64,125,-126,-14848,4740,3336,-1008,39,-4,-14772,-2764,6288,-473,147,-170,0
3996.353748083114,10332,4660,11284,-110,-110,110,10052,-9896,7788,-30,165,-122,-14596,4644,3232,-1009,67,-56,-14816,-2744,6392,-490,133,-134,0
3996.3888120651245,10348,4700,11124,-84,-155,85,10120,-10180,7840,-91,121,-149,-14412,4812,3324,-1011,91,-29,-14624,-2724,6288,-478,127,-134,0
3996.4241669178014,10352,4652,11036,-132,-145,95,10172,-9872,7788,-45,138,-142,-14676,4736,3256,-1011,80,-88,-14504,-2744,6252,-499,181,-129,0
3996.459664106369,10440,4608,11276,-103,-105,109,10080,-9892,7764,-51,144,-155,-14788,4772,3200,-1000,98,-36,-14636,-2752,6248,-486,133,-127,0
3996.494873046875,10332,4668,11168,-129,-105,108,10136,-9916,7856,-59,117,-144,-14612,4760,3148,-978,81,-253,-14524,-2760,6292,-525,126,-121,0
3996.5318279266357,10320,4704,11188,-143,-90,82,10064,-9992,7792,-40,201,-125,-14588,4760,3176,-986,102,-53,-14576,-2676,6260,-493,129,-125,0
3996.5655500888824,10304,4660,11016,-135,-110,100,10096,-9916,7828,-24,136,-138,-14604,4636,3468,-1009,147,-72,-14636,-2592,6480,-526,162,-113,0
3996.5991699695587,10348,4360,11020,-146,-143,98,10144,-9848,7800,-34,134,-147,-14552,4744,3100,-1035,112,-117,-14588,-2684,6428,-527,167,-136,0
3996.6326661109924,10324,4688,11080,-110,-96,108,10172,-9756,7792,-48,117,-171,-14712,4744,3136,-960,91,-62,-14680,-2724,6348,-486,153,-112,0
3996.6661210060124,10364,4672,11104,-159,-107,70,10128,-9932,7848,-46,208,-143,-14640,4728,3428,-998,98,-60,-14460,-2728,6220,-508,146,-122,0
3996.699474096298,10316,4728,11144,-188,-60,104,10060,-9920,7760,-47,133,-155,-14532,4716,3404,-938,133,-97,-14492,-2736,6336,-501,124,-115,0
3996.7330780029292,10344,4752,11148,-145,-92,132,10152,-9864,7796,-45,157,-159,-14508,4696,3304,-982,122,-140,-14516,-2728,6332,-498,150,-106,0
3996.7666800022125,10344,4760,11084,-169,-103,106,10096,-9908,7868,-60,135,-155,-14580,4664,3284,-997,120,-72,-14548,-2768,6284,-489,143,-107,0
3996.8002021312714,10352,4676,11180,-178,-86,102,10092,-9904,7812,-61,137,-194,-14528,4748,3080,-989,102,-55,-14660,-2696,6304,-481,155,-108,0
3996.833739042282,10328,4752,11156,-167,-124,60,10136,-9804,7772,-46,172,-183,-14512,4816,3140,-948,106,-79,-14652,-2728,6316,-498,137,-104,0
3996.8673391342163,10444,4676,11232,-180,-99,95,10132,-9952,7820,-28,144,-170,-14568,4676,3212,-990,91,-115,-14524,-2808,6328,-473,133,-100,0
3996.9002699851994,10360,4768,11100,-146,-91,117,10032,-10048,7876,-16,125,-169,-14508,4700,3348,-978,106,-96,-14804,-2664,6236,-526,163,-139,0
3996.933949947357,10364,4680,11304,-156,-68,94,10108,-10200,7864,-49,120,-184,-14764,4804,3088,-1267,114,-75,-14524,-2772,6284,-500,149,-97,0
3996.967432975769,10340,4728,11212,-151,-66,129,10084,-9904,7788,-43,136,-178,-14648,4684,3272,-1003,117,-76,-14768,-2756,6292,-490,165,-93,0
3997.001097917557,10464,4804,11208,-184,-105,116,10128,-9944,7916,-79,139,-174,-14608,4704,3104,-977,133,-90,-14592,-2804,6320,-501,126,-100,0
3997.0347690582275,10388,4756,11012,-162,-89,136,10096,-10008,7844,-101,146,-161,-14564,4796,3168,-963,98,-76,-14612,-2664,6320,-490,101,-130,0
3997.0682070255284,10408,4752,11116,-189,-59,128,10180,-9928,7888,-59,129,-152,-14676,4688,3268,-960,94,-74,-14648,-2748,6328,-768,120,-123,0
3997.101685047149,10316,4648,11160,-211,-56,102,10104,-9956,7736,-34,137,-175,-14600,4664,3248,-985,83,-30,-14672,-2740,6204,-482,132,-125,0
3997.134922981262,10348,4716,11164,-183,-27,98,10080,-9940,7756,-86,146,-175,-14712,4700,3256,-984,86,-76,-14640,-2744,6272,-505,145,-130,0
3997.1684460639954,10372,4748,11100,-187,-95,77,10132,-10004,7804,-66,119,-196,-14592,4724,3556,-953,113,-103,-14364,-2636,6192,-761,162,-118,0
3997.201954126358,10348,4764,11068,-174,-60,99,10208,-9916,7720,-72,124,-164,-14556,4700,3168,-941,136,-70,-14516,-2788,6284,-507,154,-93,0
3997.2355229854584,10364,4704,11388,-188,-83,114,10024,-9904,7708,-42,145,-206,-14500,4712,3484,-987,143,-60,-14692,-2736,6288,-490,138,-109,0
3997.2693049907684,10452,4716,11400,-196,-83,93,10036,-9972,7904,-100,150,-218,-14824,4696,3240,-949,89,-79,-14548,-2788,6280,-481,143,-105,0
3997.3028481006622,10452,4676,11436,-235,-84,87,9980,-9988,7876,-77,175,-195,-14616,4724,3116,-956,95,-122,-14560,-2680,6336,-492,163,-74,0
3997.3361089229584,10392,4660,11392,-225,-108,103,10092,-10004,7748,-43,148,-222,-14592,4664,3112,-981,145,-161,-14628,-2620,6272,-481,209,-56,0
3997.3697829246526,10488,4652,11136,-243,-91,126,10008,-9932,7640,-21,139,-227,-14524,4684,3232,-975,156,-116,-14608,-2704,6304,-500,173,-57,0
3997.4032740592957,10336,4712,10968,-195,-114,167,10188,-9928,7836,-34,144,-219,-14608,4772,3540,-973,170,-85,-14408,-2688,6352,-476,178,-79,0
3997.4369931221013,10372,4720,11196,-236,-110,131,10032,-9804,7816,-30,144,-238,-14376,4624,3092,-974,147,-148,-14668,-2576,6384,-505,185,-85,0
3997.4705851078033,10432,4700,11100,-216,-89,125,10040,-9948,7880,-32,139,-220,-14536,4768,3220,-954,164,-170,-14648,-2784,6236,-261,208,-86,0
3997.5041811466212,10324,4756,11228,-178,-107,138,10132,-9852,7732,-35,116,-223,-14512,4700,3304,-995,169,-142,-14668,-2732,6168,-480,170,-82,0
3997.537431001663,10280,4764,10952,-230,-144,153,10136,-9896,7860,-56,126,-214,-14644,4672,3088,-981,163,-144,-14684,-2692,6152,-498,177,-80,0
3997.5745720863342,10372,4860,11196,-212,-111,115,10108,-9896,7844,-43,137,-216,-14776,4728,2900,-973,151,-132,-14684,-2652,6232,-495,170,-101,0
3997.609992027282,10416,4756,11284,-229,-83,136,9736,-9872,7928,-28,87,-204,-14632,4756,3264,-984,127,-118,-14616,-2760,6288,-485,128,-78,0
3997.6455540657043,10704,4688,11132,-222,-96,155,10064,-9912,7692,-50,112,-187,-14672,4640,3312,-987,150,-75,-14608,-2736,6176,-503,146,-103,0
3997.6815659999843,10332,4684,11508,-226,-73,145,10144,-9860,7976,-24,96,-195,-14680,4816,3144,-1001,160,-158,-14556,-2592,6208,-524,168,-96,0
3997.717477083206,10400,4716,11228,-211,-103,146,10192,-9836,7780,-26,99,-203,-14380,4628,3124,-1008,178,-77,-14832,-2608,6240,-517,155,-72,0
3997.7526190280914,10284,4684,11236,-199,-143,136,10176,-9984,7856,-70,120,-212,-14568,4696,3136,-1014,145,-113,-14736,-2720,6356,-485,166,-98,0
3997.788150072098,10396,4596,11256,-190,-111,152,10032,-9876,7888,-77,87,-195,-14520,4632,3508,-959,140,-92,-14620,-2564,6140,-265,117,-103,0
3997.8234939575195,10492,4624,11140,-147,-32,96,9992,-9940,7780,-53,131,-157,-14664,4620,3160,-988,77,-117,-14528,-2496,6352,-542,134,-179,0
3997.8591101169586,10448,4684,11164,-196,-48,74,10148,-10136,7776,-3,115,-159,-14836,4588,3096,-1014,85,-26,-14672,-2684,6304,-498,129,-154,0
3997.8943440914154,10312,4720,11164,-146,15,88,10084,-9964,7780,-63,147,-178,-14592,4716,3048,-769,89,-45,-14684,-2740,6236,-483,116,-136,0
3997.93016910553,10440,4696,11112,-174,-38,65,10144,-9924,7792,-44,139,-166,-14596,4772,3072,-1012,98,-34,-14644,-2572,6324,-551,143,-139,0
3997.9651629924774,10400,4688,11072,-131,29,105,10208,-9932,7656,-37,120,-96,-14612,4648,2960,-990,67,-55,-14832,-2740,6312,-503,105,-119,0
3998.0008630752563,10384,4760,11092,-139,34,91,10136,-9888,7824,-33,139,-123,-14556,4752,3224,-1266,86,3,-14580,-2776,6296,-524,55,-145,0
3998.036195039749,10308,4724,11360,-175,22,96,10140,-9964,7864,-46,142,-102,-14652,4756,3112,-951,63,-251,-14600,-2756,6288,-767,68,-169,0
3998.0718579292293,10336,4696,11008,-138,17,112,10036,-10184,7708,-62,138,-127,-14760,4760,3148,-940,100,-42,-14564,-2724,6312,-552,56,-138,0
3998.1076540946965,10372,4660,11404,-125,16,94,10028,-9772,7744,-34,124,-180,-14692,4704,3284,-994,161,-83,-14612,-2688,6144,-505,82,-123,0
3998.142848968506,10476,4692,11032,-143,-35,70,10080,-9980,7724,-62,106,-162,-14708,4720,3208,-947,87,-71,-14548,-2780,6396,-504,37,-164,0
3998.1788089275365,10276,4724,11244,-130,15,74,10084,-9920,7768,-72,114,-131,-14668,4696,3104,-981,115,-65,-14704,-2684,6268,-523,23,-159,0
3998.2141320705414,10396,4684,11320,-138,55,71,10072,-9988,7780,-51,132,-133,-14848,4800,3244,-978,118,-21,-14576,-2688,6300,-527,19,-114,0
3998.2476220130925,10372,4744,11180,-114,6,84,10080,-9932,7900,-56,124,-155,-14624,4648,3040,-993,114,-21,-14840,-2604,6324,-524,-255,-135,0
3998.2811369895935,10344,4780,11072,-91,0,102,10136,-9776,7796,-44,121,-104,-14696,4724,3180,-998,164,-49,-14484,-2656,6484,-558,-58,-153,0
3998.3145959377293,10308,4760,11220,-119,31,70,10160,-9984,7752,-59,128,-147,-14564,4688,3004,-974,141,-53,-14596,-2748,6444,-538,-90,-149,0
3998.3482489585876,10300,4784,11204,-131,17,64,10044,-9928,7924,-41,100,-159,-14788,4848,3132,-979,130,-46,-14588,-2716,6244,-536,-81,-151,0
3998.381819963455,10280,4780,11164,-117,-248,58,10208,-9992,7668,-44,105,-141,-14384,4848,3084,-948,123,-58,-14504,-2568,6460,-545,-60,-168,0
3998.4151229858403,10304,4776,11168,-144,10,71,10084,-9960,7680,-38,148,-151,-14528,4720,3192,-981,127,-81,-14472,-2732,6352,-590,12,-162,0
3998.4486799240112,10324,4752,11104,-127,-21,79,9996,-9984,7832,-61,117,-170,-14352,4752,3108,-976,157,-66,-14536,-2692,6408,-605,-20,-128,0
3998.4823009967804,10444,4808,11300,-153,-52,81,10140,-9992,7792,-64,136,-174,-14604,4776,3084,-941,170,-85,-14544,-2700,6336,-552,35,-153,0
3998.5155971050262,10272,4804,11052,-124,-51,105,9988,-10020,7872,-76,123,-152,-14676,4772,3116,-992,113,-30,-14516,-2692,6388,-588,31,-121,0
3998.5494120121,10488,4728,11256,-158,-33,118,10140,-9980,7780,-66,140,-120,-14656,4700,3116,-930,107,-47,-14556,-2568,6384,-602,30,-143,0
3998.5828180313115,10320,4788,11312,-190,-68,115,10184,-9952,7896,-45,159,-116,-14636,4672,3180,-915,122,-59,-14484,-2792,6388,-584,73,-127,0
3998.6161110401154,10284,5108,11228,-160,-38,86,10080,-9888,7864,-93,128,-143,-14836,4788,3100,-947,149,-98,-14580,-2760,6416,-596,73,-167,0
3998.64981508255,10308,4788,11012,-165,-47,76,10180,-9976,7692,-69,156,-146,-14676,4828,3032,-946,147,-63,-14464,-2736,6480,-621,115,-178,0
3998.683341026306,10300,4752,11064,-139,-54,114,10164,-10016,7824,-78,119,-160,-14524,4748,3016,-911,151,-49,-14468,-2700,6424,-607,105,-121,0
3998.7170281410213,10288,4768,11260,-125,-58,97,10100,-10000,7716,-67,138,-123,-14652,4852,3028,-901,154,-65,-14716,-2636,6608,-590,81,-128,0
3998.750596046448,10268,4736,11232,-122,-20,88,10200,-9900,7512,-91,196,-115,-14576,4708,3208,-886,139,-82,-14600,-2784,6616,-573,116,-185,0
3998.783823013305,10224,4764,11208,-158,-25,56,10044,-10016,7776,-99,146,-132,-14616,4784,3072,-913,153,-80,-14420,-2708,6308,-568,169,-138,0
3998.8173620700836,10232,4776,11188,-113,-70,104,10060,-9996,7812,-77,133,-189,-14672,4652,3124,-890,134,-68,-14432,-2792,6276,-562,190,-136,0
3998.850872039795,10324,4824,11148,-132,-90,107,10076,-10084,7868,-75,121,-167,-14364,4812,3036,-913,151,-98,-14536,-2840,6148,-537,207,-102,0
3998.8842101097107,10264,4804,11148,-158,-77,110,10228,-10032,7484,-98,116,-190,-14620,4800,3096,-878,161,-99,-14472,-2756,6444,-523,153,-105,0
3998.917612075805,10004,4764,11100,-189,-87,124,10056,-10048,7756,-106,159,-137,-14692,4852,2944,-916,153,-27,-14584,-2844,6360,-441,137,-73,0
3998.951148033142,10328,4880,11284,-176,-49,132,10028,-10052,7680,-113,162,-116,-14816,4804,3144,-899,146,-35,-14496,-2848,6244,-528,136,-89,0
3998.9845390319824,10244,4796,11156,-174,-67,122,10084,-9760,7500,-67,119,-142,-14600,4788,3116,-985,155,-49,-14680,-2868,6160,-500,97,-123,0
3999.0180380344395,10304,4748,11156,-216,-58,116,10080,-10072,7864,-51,131,-178,-14712,4852,3016,-992,71,-88,-14472,-2752,6396,-501,157,-133,0
3999.0516309738164,10228,4824,11192,-196,-40,69,10112,-10092,7840,-7,155,-176,-14624,4856,3076,-1002,75,-117,-14516,-2680,6440,-530,194,-154,0
3999.0852699279785,10256,4700,11336,-196,-29,46,10012,-10152,7732,54,167,-222,-14632,4812,3060,-1036,94,-118,-14488,-2788,6452,-463,218,-156,0
3999.1186439990997,10136,4892,11148,-201,-76,30,10084,-10232,7440,35,165,-512,-14664,4816,3264,-1011,30,-141,-14472,-2764,6424,-459,229,-167,0
3999.1518580913544,10164,4820,11196,-212,-89,38,10032,-9976,7756,10,152,-246,-14584,4788,3208,-1011,24,-159,-14504,-2780,6468,-426,246,-143,3
3999.185469150543,10264,4808,11224,-240,-89,60,10032,-10008,7584,11,189,-215,-14680,4844,3040,-997,78,-163,-14492,-2932,6444,-428,242,-126,3
3999.2186529636383,10176,4884,11232,-287,-100,85,9964,-9968,7896,14,188,-254,-14604,4720,3232,-983,114,-123,-14592,-2892,6344,-407,220,-101,3
3999.255977153778,10260,4860,11448,-319,-117,75,10008,-9980,7876,-32,154,-269,-14648,4668,2892,-943,118,-176,-14772,-2844,6436,-437,228,-80,3
3999.2915461063385,10260,4796,11296,-308,-97,126,10084,-9924,7816,-49,136,-209,-14688,4796,2828,-980,96,-108,-14612,-2748,6260,-461,176,-98,3
3999.3276410102844,10420,4868,11288,-329,-88,128,10108,-9924,7884,-1,115,-193,-14640,4648,3192,-1025,100,-68,-14476,-2880,6416,-511,183,-87,3
3999.3627610206604,10240,4780,11112,-292,-132,142,10092,-9792,7828,9,99,-218,-14584,4684,3156,-1270,147,-130,-14560,-2856,6272,-459,192,-87,3
3999.3982739448547,10316,4616,11028,-261,-113,151,10124,-9920,7728,-31,119,-209,-14664,4776,3120,-1008,138,-144,-14524,-3040,6360,-496,202,-64,3
3999.433222055435,10336,4776,11228,-262,-175,170,9968,-10016,7816,252,144,-203,-14588,4800,2968,-992,105,-98,-14552,-2872,6592,-465,219,-44,0
3999.4683980941772,10008,4804,11092,-258,-147,178,10144,-9908,7676,-31,85,-199,-14488,4796,2836,-1052,160,-88,-14592,-2828,6352,-452,182,-69,0
3999.5033321380615,10200,4720,11300,-256,-136,183,10092,-9960,7688,-71,108,-168,-14616,4676,3072,-1036,154,-64,-14504,-2784,6408,-459,169,-88,0
3999.5438561439514,10300,4660,11244,-252,-134,174,10116,-10044,7776,-12,128,-180,-14624,4608,3304,-962,128,-114,-14800,-2772,6456,-257,186,-82,0
3999.5805530548096,10472,4552,11488,-216,-167,167,10048,-9784,7748,-12,184,-204,-14496,4652,3176,-948,128,-121,-14492,-2772,6624,-468,214,-72,0
3999.6153309345245,10188,4740,11376,-7,-177,169,10008,-9748,7776,9,209,-191,-14448,4800,2972,-801,186,-80,-14572,-2812,6628,-464,211,-64,0
3999.650969982147,10360,4696,11220,-210,-165,143,10008,-9984,7780,-24,122,-200,-14700,4804,3104,-987,160,-134,-14556,-3036,6176,-453,219,-88,0
3999.6861579418182,10308,4696,11408,-243,-202,133,9992,-9980,7916,0,123,-224,-14640,4692,2896,-1022,157,-161,-14356,-2848,6500,-472,209,-63,0
3999.7218990325923,10280,4672,10952,-214,-164,141,10076,-10196,7796,14,97,-233,-14696,4688,3012,-1025,83,-128,-14480,-2776,6340,-490,212,-100,0
3999.7581329345703,10420,4820,11200,-211,-183,156,10140,-9940,7848,-32,145,-206,-14688,4788,3176,-973,105,-86,-14568,-2916,6316,-443,193,-102,0
3999.7932231426244,10276,4704,11176,-219,-162,123,10092,-10012,7780,-65,164,-205,-14688,4752,2896,-1035,110,-106,-14540,-2676,6396,-479,145,-108,0
3999.829169988632,10336,4624,11248,-187,-124,134,10100,-9904,7736,-65,142,-181,-14632,4648,3056,-1012,100,-31,-14596,-2756,6300,-505,85,-114,0
3999.8646099567413,10224,4804,11132,-160,-50,116,10056,-9948,7660,-53,117,-125,-14684,4788,3228,-991,82,-256,-14732,-2760,6196,-500,105,-73,0
3999.9005820751195,10444,4672,11236,-156,-1,110,10180,-10048,7776,-63,147,-108,-14516,4772,3004,-1008,95,-66,-14812,-2904,6484,-477,111,-104,0
3999.933869123459,10336,4624,11084,-138,-5,133,10108,-9928,7708,-55,128,-135,-14644,4728,2936,-1002,121,-57,-14476,-2924,6456,-489,127,-113,0
3999.967400074005,10340,4704,11144,-151,-19,125,9992,-9948,7496,-62,130,-144,-14604,4680,3256,-999,121,-50,-14532,-2812,6400,-498,139,-123,0
4000.0010120868683,10172,4728,11228,-162,-24,127,10040,-9964,7876,-61,99,-143,-14616,4724,2912,-1009,102,-44,-14544,-2816,6428,-468,145,-124,0
4000.034382104873,10476,4656,11136,-130,-29,93,10116,-10008,7744,-50,124,-166,-14844,4788,3168,-1023,75,-43,-14636,-2848,6252,-512,105,-122,0
4000.0675849914555,10328,4428,11292,-159,-255,78,10100,-10020,7836,-21,151,-137,-14652,4796,3060,-1029,36,-61,-14580,-2844,6416,-478,111,-149,0
4000.101131916046,10332,4728,11184,-180,13,57,10108,-10000,7872,-40,162,-138,-14740,4800,3012,-984,26,-34,-14612,-2840,6404,-472,81,-189,0
4000.1341700553894,10296,4716,11312,-156,21,62,10148,-9744,7424,-73,140,-133,-14648,4796,3080,-1001,17,-12,-14356,-2776,6168,-513,102,-163,0
4000.1677000522614,10280,4676,11468,-177,-18,78,10092,-10000,7768,-44,126,-140,-14776,4672,2880,-1009,36,-85,-14632,-2784,6352,-502,138,-134,0
4000.2012820243835,10328,4676,11272,-132,-5,97,10064,-9920,7660,-33,164,-116,-14372,4704,2896,-1003,62,-74,-14608,-2816,6392,-478,143,-141,0
4000.2348120212555,10416,4740,11012,-130,-12,110,10088,-9864,7808,-48,145,-124,-14568,4740,3096,-974,56,-25,-14532,-2760,6344,-483,93,-139,0
4000.2679450511932,10288,4660,11224,-150,-5,83,10100,-9780,7728,-72,113,-120,-14628,4828,3040,-977,59,-53,-14576,-2848,6236,-494,113,-160,0
4000.3016459941864,10208,4768,11428,-136,-14,100,10064,-9996,7852,-40,140,-124,-14648,4808,3176,-1020,57,-94,-14504,-2876,6296,-510,135,-157,0
4000.334890127182,10348,4772,11212,-150,-31,92,10000,-9768,7760,-32,146,-175,-14688,4724,3112,-1063,43,-72,-14492,-2716,6316,-484,162,-140,0
4000.368469953537,10304,4708,11112,-148,-15,105,10068,-9784,7928,-60,26,-162,-14540,4708,3064,-1276,107,-60,-14588,-2844,6424,-495,144,-97,0
4000.4018120765686,10284,4764,11252,-193,-20,109,10216,-10048,7796,-71,169,-137,-14756,4748,3200,-992,54,-51,-14484,-2800,6508,-449,149,-156,0
4000.435359954834,10224,4412,11444,-172,-31,52,10016,-10152,7740,-37,214,-178,-14684,4884,3224,-1092,34,-79,-14616,-2688,6536,-510,149,-152,0
4000.4689059257507,10360,4696,11256,-178,-76,113,10064,-9968,7816,-15,99,-137,-14628,4864,3052,-982,99,-64,-14480,-2576,6356,-476,129,-123,0
4000.502357006073,10264,5088,11320,-156,-49,107,10200,-10220,7608,-38,159,-137,-14812,4836,2988,-1047,92,-71,-14380,-2824,6156,-488,148,-153,0
4000.5357930660243,10208,4748,11152,-141,-85,105,10000,-10016,7712,-45,123,-193,-14648,4740,3096,-1023,107,-100,-14688,-2600,6180,-427,195,-120,0
4000.569447994232,10316,4688,11188,-220,-111,117,10064,-10072,7788,-33,178,-179,-14848,4792,3076,-990,64,-90,-14560,-2788,6316,-491,181,-139,0
4000.6028950214386,10304,4804,10984,-154,-61,114,10232,-10016,7536,-19,142,-164,-14572,4836,3116,-1074,73,-101,-14848,-2764,6608,-499,175,-121,0
4000.6361169815063,10272,4744,11208,-192,-71,126,10100,-9948,8032,-4,151,-179,-14604,4780,3000,-777,115,-112,-14812,-2636,6196,-465,200,-130,0
4000.6697440147404,10024,4748,11464,-205,-97,121,10124,-9916,7832,-35,182,-139,-14776,4996,3164,-1075,44,-32,-14536,-2648,6396,-484,182,-134,0
4000.7030310630803,10176,4804,11484,-176,-70,115,10040,-9976,7796,-47,154,-167,-14544,4716,3124,-1032,116,-106,-14480,-2812,6304,-443,200,-91,0
4000.7365059852605,10252,4620,11188,-218,-67,96,10056,-9764,7516,-62,145,-184,-14652,4772,3328,-775,57,-88,-14584,-3072,6184,-502,137,-120,0
4000.770033121109,10308,4744,11172,-182,-51,120,9748,-10004,7748,-67,112,-173,-14620,4756,3144,-780,81,-48,-14540,-2696,6288,-462,157,-107,0
4000.8036711215973,10368,4652,11360,-510,-17,97,10092,-10088,7804,12,133,-159,-14812,4736,3112,-771,39,-51,-14496,-2836,6308,-479,176,-103,0
4000.8372139930725,10240,4780,11320,-496,-15,91,9996,-10044,7912,-17,187,-146,-14788,4720,2828,-1269,58,-30,-14568,-2908,6448,-438,111,-127,0
4000.8707320690155,10176,4784,11444,-237,-58,92,10000,-10040,7948,-51,130,-185,-14660,4800,3044,-1280,105,-127,-14452,-2764,6588,-493,190,-101,0
4000.9037740230565,10264,4808,11324,-244,-97,118,9728,-10016,7748,-17,127,-180,-14564,4720,3232,-1038,73,-98,-14796,-2832,6320,-480,174,-101,0
4000.9412620067596,10232,4768,11264,-238,-78,143,10000,-9924,7828,-60,122,-220,-14572,4820,3224,-1276,136,-117,-14388,-2648,6596,-435,171,-82,0
4000.976182937622,10164,4764,11168,-289,-93,115,10004,-10236,7444,-21,107,-202,-14576,4876,3248,-996,55,-105,-14532,-2788,6512,-458,176,-102,0
4001.0117480754852,10176,4608,11216,-511,-97,99,10064,-9800,7708,-40,166,-200,-14636,4772,3184,-999,75,-117,-14484,-2696,6404,-462,220,-76,0
4001.0476739406586,10176,4752,11024,-260,-106,134,9772,-10008,7756,-10,157,-240,-14644,4716,2952,-1037,104,-157,-14548,-2736,6364,-475,220,-66,0
4001.0827989578243,10248,4680,11316,-287,-158,153,10064,-9944,7852,-17,126,-223,-14672,4676,3148,-1041,153,-139,-14636,-2820,6400,-434,231,-75,0
4001.118268966674,10168,4684,11316,-237,-143,146,10116,-9984,7764,-6,153,-250,-14352,4804,3132,-1048,122,-169,-14800,-2852,6380,-467,225,-70,0
4001.153366088867,10396,4700,11108,-507,-157,132,10068,-9896,7772,-247,125,-219,-14696,4712,3040,-1010,105,-110,-14600,-2824,6260,-467,235,-79,0
4001.1892659664154,10304,4620,11244,-238,-168,149,10204,-9964,7852,31,140,-233,-14648,4724,3220,-1033,127,-169,-14820,-2992,6340,-464,205,-80,0
4001.2249569892883,10328,4668,11180,-279,-195,142,10108,-9928,7776,-254,160,-209,-14632,4740,2988,-1037,94,-142,-14560,-2576,6376,-446,213,-86,0
4001.2608201503754,10368,4784,11116,-281,-174,163,10080,-9908,7788,-7,130,-223,-14680,4680,2896,-1037,108,-149,-14652,-2836,6316,-431,204,-82,0
4001.296122074127,10280,4760,11152,-279,-164,144,10084,-9924,7708,-6,85,-247,-14672,4628,3148,-1041,122,-125,-14832,-2812,6228,-436,191,-64,0
4001.3314940929413,10348,4748,11260,-266,-176,155,10132,-9888,7776,-8,102,-195,-14552,4712,2932,-1016,122,-128,-14628,-2692,6256,-461,193,-52,0
4001.3670880794525,10352,4600,11180,-274,-157,144,10172,-9984,7724,-255,149,-227,-14672,4720,3232,-1040,127,-115,-14636,-2732,6276,-460,212,-79,0
4001.4018850326534,10408,4844,11096,-242,-148,140,10092,-9944,7676,16,84,-203,-14692,4688,3152,-1277,129,-107,-14616,-2776,6416,-459,183,-92,0
4001.4380309581757,10376,4356,11032,-230,-137,147,10052,-9960,7480,-8,78,-188,-14632,4728,3260,-1050,109,-106,-14532,-2744,6320,-447,174,-74,0
4001.4732489585876,10420,4740,11148,-205,-137,142,10184,-9872,7644,-49,146,-189,-14592,4712,3116,-1280,79,-63,-14656,-2732,6308,-463,113,-105,0
4001.509225130081,10300,4596,11368,-188,-99,117,10200,-10024,7772,-35,150,-155,-14732,4720,3244,-1046,43,-47,-14480,-2692,6208,-498,114,-140,0
4001.5445809364323,10292,4652,11160,-206,-51,68,10152,-9896,7720,-18,159,-142,-14644,4740,3140,-1076,93,-19,-14536,-2844,6264,-466,111,-120,0
4001.5813329219814,10364,4784,11112,-177,30,75,10080,-9828,7836,-64,141,-166,-14676,4760,3088,-1065,102,-72,-14604,-2600,6200,-446,104,-166,0
4001.614764928818,10432,4700,11288,-171,-13,74,10072,-9996,7788,-46,112,-140,-14712,4712,2996,-1091,110,-59,-14584,-2776,6292,-500,156,-141,0
4001.6479139328003,10300,4536,11400,-173,-24,84,10020,-10224,7772,-8,113,-146,-14732,4672,3152,-1276,67,-49,-14512,-2764,6256,-490,166,-166,0
4001.681587934494,10396,4672,11236,-182,249,87,10096,-9984,7844,-33,150,-154,-14680,4804,3164,-1036,28,-33,-14528,-3020,6348,-488,130,-141,0
4001.7150139808655,10200,4696,11212,-156,-15,78,10100,-10044,7920,-43,122,-158,-14616,4716,3172,-1037,45,-22,-14588,-2872,6452,-490,94,-166,0
4001.748608112335,10352,4632,11300,-176,11,80,10036,-9912,7904,-30,131,-127,-14732,4768,3168,-1014,44,-7,-14352,-2700,6168,-504,90,-153,0
4001.7817850112915,10344,4616,11280,-142,-27,80,10088,-9984,7820,-41,124,-150,-14788,4740,3280,-1014,92,-22,-14552,-2652,6196,-505,128,-128,0
4001.8154411315923,10384,4712,11252,-146,-22,103,10072,-10092,7720,-19,147,-161,-14564,4756,3268,-1269,78,-102,-14484,-2812,6352,-489,138,-142,0
4001.8489351272583,10272,4600,11244,-117,-12,91,10012,-10016,7844,-41,152,-129,-14764,4744,3248,-995,16,-72,-14544,-2668,6216,-492,114,-155,0
4001.8823361396794,10352,4672,11348,-151,-253,95,10136,-10004,7868,-39,158,-131,-14696,4648,3184,-1026,40,-50,-14660,-2712,6364,-499,131,-149,0
4001.9156141281123,10360,4632,11112,-161,-11,80,10108,-10020,7836,-38,148,-130,-14660,4760,3252,-1042,97,-59,-14596,-2720,6392,-508,137,-130,0
4001.9495351314545,10296,4636,11176,-155,-37,98,10064,-9892,7712,-57,121,-149,-14544,4804,3168,-1017,63,-17,-14536,-2852,6196,-505,129,-151,0
4001.98300409317,10152,4748,11180,-151,-20,95,10024,-10008,7784,-60,159,-124,-14848,4696,3324,-994,50,-66,-14660,-2796,6628,-492,116,-124,0
4002.0165190696716,10380,4656,11264,-116,-20,82,10020,-10012,7828,-62,166,-150,-14632,4764,3276,-993,8,-69,-14576,-2700,6256,-490,110,-150,0
4002.049984931946,10324,4620,11180,-154,-34,77,10076,-9964,7660,-57,158,-173,-14548,4672,3224,-973,44,-59,-14356,-2796,6424,-514,126,-151,0
4002.083904027939,10252,4776,11356,-179,-35,88,9996,-9952,7852,-57,167,-127,-14604,4812,3184,-1019,66,-20,-14548,-2812,6428,-510,130,-145,0
4002.117555141449,10320,4640,11224,-133,-54,92,10036,-10064,7740,-42,156,-146,-14620,4728,3140,-997,86,-57,-14560,-2784,6392,-494,187,-133,0
4002.150665998459,10272,4712,11300,-173,-59,85,9972,-10040,7860,-54,136,-170,-14356,4740,3200,-1047,81,-79,-14596,-2852,6424,-482,174,-128,0
4002.184214115143,10248,4796,11168,-160,-67,106,10020,-9968,7736,-62,172,-165,-14788,4732,3100,-1007,61,-87,-14656,-2776,6220,-466,171,-91,0
4002.2176370620723,10464,4668,10928,-149,-91,104,10056,-9980,7760,-42,139,-154,-14848,4788,3172,-1012,63,-65,-14512,-2824,6348,-513,160,-138,0
4002.2510890960693,10288,4624,11376,-188,-53,99,10080,-10036,7896,-19,124,-138,-14596,4760,3088,-978,47,-88,-14504,-2840,6336,-260,180,-115,0
4002.2846410274506,10008,4776,11252,-201,-50,94,9880,-10232,7712,-56,174,-164,-14676,4780,3300,-1035,65,-90,-14584,-3060,6184,-475,154,-130,0
4002.318148136139,10468,4652,11468,-171,-68,76,10060,-9964,7848,-43,172,-162,-14612,4716,3192,-999,60,-90,-14620,-2700,6352,-491,175,-149,0
4002.3516061306004,10464,4644,11172,-189,-73,69,10052,-9980,7648,-19,147,-157,-14564,4756,3172,-1060,62,-52,-14524,-2744,6240,-491,186,-124,0
4002.3851759433746,10324,4712,11088,-153,-52,109,10024,-9984,7656,-13,182,-109,-14616,4700,3212,-1054,23,-37,-14576,-2856,6244,-489,181,-128,0
4002.4185650348663,10332,4660,11328,-172,-60,75,10028,-10012,8124,-24,167,-139,-14648,4640,3108,-1038,68,-50,-14352,-2856,6264,-491,146,-136,0
4002.4520900249486,10224,4784,11376,-204,-37,93,10000,-9756,7864,-33,159,-162,-14428,4808,3224,-1009,70,-91,-14672,-2780,6336,-510,158,-139,0
4002.4857420921326,10168,4744,11172,-160,-56,103,10080,-10032,7932,-40,185,-157,-14608,4708,3212,-1000,73,-91,-14540,-2724,6228,-496,171,-136,0
4002.5193490982056,10324,4672,11296,-199,-68,102,9980,-9892,7900,-21,154,-210,-14608,4732,3028,-1057,85,-54,-14576,-3060,6232,-501,188,-108,0
4002.552850008011,10252,4684,11324,-161,-37,103,10064,-9796,7728,-33,147,-157,-14680,4768,3364,-1039,94,-85,-14568,-2840,6376,-479,145,-128,0
4002.585844039917,10100,4792,11448,-207,-31,79,9988,-10204,7652,-23,156,-140,-14684,4796,3368,-1028,83,-71,-14600,-2848,6392,-467,141,-99,0
4002.6234200000763,10276,4700,11076,-218,-27,107,10088,-10032,7856,-45,167,-150,-14592,4760,3472,-1004,79,-72,-14516,-2880,6344,-479,190,-77,0
4002.6592769622803,10264,4660,11452,-243,-54,152,10032,-9908,7820,-56,145,-177,-14572,4728,3392,-1014,85,-74,-14552,-2840,6396,-465,201,-93,0
4002.6951119899754,10028,4664,11232,-260,-121,114,10232,-10120,7880,-54,122,-224,-14568,4692,3276,-992,118,-118,-14496,-2584,6208,-453,202,-66,0
4002.7304611206055,10400,4712,11196,-262,-159,131,10084,-10048,7792,-73,139,-249,-14372,4732,3244,-993,133,-137,-14364,-2584,6488,-472,196,-71,0
4002.7655370235443,10200,4620,11364,-288,-136,155,9924,-10236,7776,-48,111,-232,-14604,4736,3196,-981,128,-129,-14796,-2580,6296,-474,194,-66,0
4002.801311016082,10276,4860,11412,-265,-114,113,10064,-10064,7868,-23,158,-205,-14632,4788,3284,-1011,137,-104,-14480,-2716,6552,-471,214,-60,0
4002.8376700878143,10252,4848,11080,-251,-113,133,10092,-9732,7928,-25,145,-212,-14536,4732,2992,-1019,140,-120,-14616,-2692,6200,-459,189,-24,0
4002.8728570938106,10272,4712,11016,-266,-142,138,9764,-9952,7984,-33,144,-226,-14544,4680,3232,-984,168,-114,-14380,-2772,6528,-474,211,-46,0
4002.908138990402,10312,4680,11412,-298,-156,142,10000,-10028,7920,-35,96,-227,-14732,4740,3176,-1012,195,-108,-14700,-2684,6312,-452,167,-30,0
4002.943788051605,10408,4832,11172,-217,-122,137,10188,-10232,7868,-39,110,-204,-14844,4768,3168,-985,143,-103,-14368,-2684,6204,-470,174,-85,0
4002.9795761108403,10372,4656,11392,-286,-89,97,10084,-9752,7796,-256,162,-188,-14700,4596,3268,-970,93,-104,-14592,-2816,6160,-486,125,-101,0
4003.0147500038147,10328,4784,11084,-228,-69,111,10048,-9924,7936,-50,133,-204,-14344,4804,3288,-984,92,-101,-14632,-2868,6176,-460,128,-102,0
4003.0507011413574,10324,4728,11272,-205,-63,84,10036,-9992,7804,-37,108,-218,-14644,4552,3300,-1000,137,-114,-14648,-2768,6232,-491,199,-107,0
4003.0862219333653,10276,4740,11180,-230,-100,116,9824,-10228,7788,-22,106,-218,-14676,4840,3284,-1049,104,-103,-14584,-2752,6348,-261,146,-81,0
4003.1219079494476,10008,4684,11264,-201,-97,139,10080,-9812,7712,-36,94,-180,-14520,4732,3568,-981,84,-56,-14340,-2696,6316,-480,131,-74,0
4003.1580600738525,10268,4644,11164,-194,-111,121,10236,-10040,7872,-54,113,-166,-14624,4748,3296,-959,141,-76,-14588,-2700,6180,-473,137,-92,0
4003.1936230659485,10272,4672,11304,-182,-92,154,9800,-9884,7932,-66,70,-237,-14580,4728,3168,-973,154,-115,-14544,-2712,5964,-487,173,-74,0
4003.2294719219203,10280,4640,11164,-175,-143,125,10088,-9924,7732,-68,75,-206,-14564,4784,3048,-997,108,-106,-14548,-2692,5976,-768,189,-85,0
4003.265286922455,10252,4636,11116,-121,-145,122,10024,-9984,7700,-79,94,-215,-14584,4708,3124,-1008,131,-87,-14616,-2596,6304,-506,164,-128,0
4003.2988851070404,10360,4608,11156,-116,-118,117,10100,-9916,7728,-67,134,-178,-14680,4704,3084,-1045,86,-62,-14560,-2800,6196,-768,160,-136,0
4003.3326079845438,10296,4568,11028,-142,-39,98,10076,-9996,7788,-40,125,-149,-14612,4676,3212,-1084,91,-20,-14660,-2788,6144,-522,153,-129,0
4003.366137981415,10368,4644,11236,-99,-25,105,9996,-10024,7732,-73,114,-156,-14600,4552,3348,-950,92,-51,-14548,-2796,6140,-486,133,-135,0
4003.3994350433354,10256,4680,11260,-125,-44,91,10164,-10192,7772,-61,4,-166,-14688,4752,3212,-1092,78,-52,-14648,-2816,6216,-549,189,-178,0
4003.4330079555516,10348,4396,11448,-79,-52,42,10044,-9996,7524,-72,90,-194,-14492,4732,3164,-1016,119,-52,-14580,-2812,6276,-766,171,-90,0
4003.4665739536285,10460,4376,11136,-135,-51,104,10140,-10004,7740,-74,133,-163,-14656,4684,3108,-993,35,-42,-14532,-3068,6236,-523,170,-149,0
4003.500174045562,10348,4660,11180,-80,-81,57,10012,-10144,7748,-51,157,-198,-14836,4712,3272,-1042,82,-45,-14644,-2788,6260,-518,179,-128,0
4003.5337829589844,10344,4684,11156,-123,-67,88,10100,-9764,7724,-75,97,-173,-14440,4816,3096,-970,86,-64,-14744,-2760,6188,-541,141,-125,0
4003.567346096039,10272,4744,11180,-107,-43,103,10128,-10024,7756,-60,170,-114,-14548,4696,3256,-1054,55,-50,-14516,-2916,6292,-532,139,-168,0
4003.6010169982906,10188,4788,11148,-126,-39,92,10032,-9960,7712,-67,127,-161,-14708,4824,3200,-1022,113,-92,-14348,-2632,6176,-463,150,-94,0
4003.6342530250554,10436,4720,11308,-110,-31,94,10172,-10008,7700,-93,146,-146,-14644,4868,3076,-997,63,-12,-14616,-2764,6288,-576,93,-135,0
4003.6677849292755,10376,4676,11288,-115,21,60,10096,-10020,7792,-39,101,-136,-14724,4756,3456,-1010,82,-54,-14564,-2736,6304,-488,114,-145,0
4003.7014169692993,10268,4728,11516,-151,-16,81,10148,-10040,7732,-30,187,-133,-14844,4652,3324,-1039,35,-51,-14632,-2564,6216,-544,108,-153,0
4003.734874010086,10404,4616,11192,-101,-14,61,10216,-10232,7724,-77,141,-129,-14828,4716,3184,-987,51,-59,-14656,-2748,6152,-538,107,-206,0
4003.768434047699,10280,4808,11504,-161,12,33,10108,-9748,7792,-45,201,-162,-14644,4708,3168,-975,46,-58,-14456,-2756,6264,-262,138,-165,0
4003.802118062973,10300,4740,11116,-138,-5,37,10120,-9932,7860,-63,166,-137,-14472,4640,3272,-1050,-25,-40,-14512,-2576,6264,-525,102,-191,0
4003.835464000702,10476,4720,11152,-123,250,83,9960,-9976,7756,-45,190,-108,-14500,4756,3348,-996,68,-21,-14500,-2812,6280,-528,60,-129,0
4003.8693199157715,10232,4744,11404,-166,15,91,10064,-10008,7844,-60,179,-110,-14476,4708,3240,-997,51,-57,-14464,-2824,6272,-528,93,-157,0
4003.90270113945,10200,4880,11348,-175,-17,97,9784,-10076,7712,-64,211,-132,-14516,4772,3140,-1045,95,-78,-14576,-2832,5968,-515,174,-120,0
4003.936546087265,10316,4752,11556,-153,-104,118,9996,-10020,7800,-42,143,-162,-14464,4696,3428,-1017,145,-74,-14820,-2740,6292,-546,187,-101,0
4003.970055103302,10188,4728,11220,-141,-97,137,10012,-10176,7712,-47,145,-157,-14532,4660,3192,-1047,156,-39,-14516,-2884,6440,-508,181,-98,0
4004.0036640167236,10476,4748,11068,-167,-97,142,10116,-9928,7764,-21,149,-162,-14588,4836,3348,-1054,136,-49,-14676,-2748,6236,-489,187,-120,0
4004.0375440120692,10148,4732,11196,-195,-76,119,9788,-10116,7796,-52,150,-157,-14544,4808,3156,-1043,91,-99,-14352,-2584,6256,-492,177,-125,0
4004.0710971355443,10160,4724,11256,-185,-102,100,10000,-10076,7764,-33,156,-204,-14620,4712,3116,-1038,83,-140,-14496,-2584,6192,-489,191,-114,0
4004.104547023773,10220,4716,11156,-212,-98,132,10056,-9964,7856,-57,172,-184,-14720,4732,3272,-1030,100,-68,-14812,-2600,6248,-480,187,-119,0
4004.13791513443,10392,4844,11232,-226,-51,102,10120,-10048,7688,-86,166,-176,-14628,4704,3104,-1278,108,-61,-14848,-2792,6152,-466,130,-141,0
4004.171443939209,10484,4736,11376,-168,-88,92,10172,-10016,7764,-70,139,-157,-14512,4792,3128,-1040,72,-73,-14540,-2844,6164,-523,163,-132,0
4004.2051100730896,10204,4784,11204,-176,-43,90,10200,-10052,7604,-38,159,-142,-14508,4772,3060,-1004,46,-98,-14584,-2772,6120,-503,170,-152,0
4004.2386651039124,10400,4728,11284,-144,-37,98,10088,-10044,7764,-5,173,-169,-14616,4748,3256,-1057,47,-111,-14428,-2912,5920,-517,190,-154,0
4004.274379968643,10476,4736,11256,-200,-79,101,9776,-10036,7576,-15,196,-164,-14520,4772,3180,-1013,63,-103,-14544,-2716,6256,-523,221,-105,0
4004.310361146928,10272,4780,11260,-228,-149,92,10212,-10036,7816,-45,172,-207,-14556,4780,3280,-963,100,-89,-14624,-2884,6320,-500,209,-124,0
4004.345638990402,10328,4712,11356,-206,-136,102,9844,-10060,7868,-72,164,-190,-14604,4720,3288,-964,77,-94,-14532,-3060,6392,-546,151,-126,0
4004.381222963333,10352,4716,11240,-194,-45,82,10188,-10048,7708,-48,161,-167,-14600,4732,3288,-971,47,-85,-14620,-2756,6092,-538,144,-104,0
4004.4174790382385,10112,4960,11100,-214,-65,99,9984,-9968,7776,-81,198,-187,-14824,4600,3184,-977,68,-74,-14608,-2896,6044,-469,127,-173,0
4004.4527521133423,10472,4744,11088,-178,-95,54,10120,-10076,7836,-120,172,-199,-14680,4732,3212,-1101,104,-90,-14648,-2728,6080,-586,168,-100,0
4004.4883279800415,10408,4640,11456,-197,-80,118,9996,-10024,7424,-45,55,-135,-14752,4872,3324,-901,74,-71,-14600,-2840,6156,-542,139,-112,0
4004.5245480537415,10272,4740,11184,-159,-49,82,10176,-9948,7716,-54,210,-150,-14840,4672,3284,-1046,71,-41,-14360,-3068,6152,-541,152,-136,0
4004.562672138214,10360,4804,11340,-169,-45,91,9956,-10116,7900,-68,192,-137,-14564,4772,3352,-1268,66,-65,-14568,-2876,6232,-524,132,-107,0
4004.5987300872803,10356,4688,11184,-235,254,78,9972,-10072,7804,-46,238,-130,-14356,4748,3456,-923,16,-17,-14524,-2968,6116,-570,119,-166,0
4004.6332399845123,10156,4820,11192,-123,240,94,10008,-10204,7936,-65,164,-128,-14496,4676,3024,-1023,152,-84,-14636,-2852,6220,-455,136,-94,0
4004.6688990592957,10172,4840,11052,-251,-63,121,9912,-10064,7716,-42,179,-181,-14520,4808,3344,-1018,88,-33,-14644,-2788,6152,-507,204,-109,0
4004.7043030261993,10288,4808,11196,-177,-66,122,9956,-10072,7720,-51,117,-200,-14612,4696,3264,-1007,109,-92,-14804,-2628,6256,-484,138,-95,0
4004.7395870685573,10336,4712,11276,-218,-87,117,9948,-9980,7764,-36,131,-197,-14740,4776,3244,-983,121,-88,-14496,-2888,6076,-481,175,-56,0
4004.774743080139,10188,4668,11112,-206,-78,135,10024,-10020,7856,-6,154,-181,-14580,4748,3296,-988,127,-131,-14584,-2896,6392,-469,157,-89,0
4004.8102090358734,10260,4744,11100,-216,-77,107,9988,-9980,7800,-44,151,-195,-14564,4692,3400,-1275,116,-96,-14652,-2904,6164,-455,166,-93,0
4004.8451080322266,10336,4816,11260,-222,-43,130,9996,-10108,7764,-50,178,-155,-14820,4744,3180,-1013,95,-64,-14828,-2880,6360,-504,132,-148,0
4004.8803341388702,10344,4772,11080,-200,-33,106,10096,-10104,7828,-61,129,-156,-14540,4796,3212,-1045,102,-80,-14660,-2844,6236,-473,158,-114,0
4004.9155099391933,10324,4868,11208,-205,-8,87,9980,-10000,7768,-34,145,-169,-14592,4660,3296,-988,102,-73,-14564,-2840,6124,-515,177,-135,0
4004.9511370658875,10276,4832,11364,-170,-67,99,10012,-10156,7680,-10,141,-173,-14604,4780,3248,-974,89,-83,-14356,-2896,6240,-475,187,-122,0
4004.9846899509434,10332,4764,11232,-209,-112,99,9752,-10048,7692,-39,141,-193,-14372,4612,3348,-999,98,-100,-14612,-2772,5980,-504,200,-124,0
4005.018145084381,10304,4852,11168,-228,-101,119,10012,-9964,7832,-49,146,-180,-14528,4664,3200,-985,54,-106,-14636,-2820,6172,-489,135,-99,0
4005.0515270233154,10200,4808,11160,-249,-113,108,9868,-10112,7816,-78,190,-160,-14600,4764,3272,-987,70,-34,-14588,-2844,6388,-469,137,-83,0
4005.0849261283875,10268,4704,11152,-291,-60,154,9880,-10108,7904,-2,94,-148,-14828,4740,3320,-890,172,-101,-14364,-2948,6228,-484,91,-38,0
4005.1184461116795,10224,4856,11180,-214,-95,194,9996,-10076,7952,-27,52,-204,-14592,4724,3264,-978,225,-154,-14684,-2876,6068,-501,141,-104,0
4005.1513600349426,10344,4756,11248,-171,-135,93,10096,-10176,7780,-35,252,-263,-14692,4780,3280,-1043,196,-158,-14576,-2804,6200,-545,201,-121,0
4005.184812068939,10352,4656,11040,-200,-176,79,10040,-10236,7672,-33,88,-247,-14556,4768,3288,-1020,93,-118,-14692,-2720,6284,-497,166,-119,0
4005.218384027481,10272,4844,11104,-233,-115,112,10168,-10064,7780,-256,140,-236,-14572,4812,3088,-1029,107,-127,-14664,-2772,6232,-476,144,-118,0
4005.251795053482,10344,4708,11252,-234,-74,101,10064,-10108,7756,41,150,-221,-14632,4764,3248,-1023,94,-159,-14572,-2716,6396,-484,115,-116,0
4005.285537004471,10156,4764,11148,-250,-76,108,10088,-10028,7816,34,141,-193,-14584,4884,3708,-982,133,-176,-14548,-2596,6160,-494,191,-121,0
4005.319139003753,10248,4760,11236,-214,-121,112,10228,-10132,7820,23,159,-229,-14576,4652,3384,-966,120,-113,-14524,-2892,6188,-490,209,-92,0
4005.3521950244904,10036,4776,11296,-249,-202,144,9856,-10028,7724,19,130,-237,-14544,4860,3256,-993,140,-159,-14408,-2828,6172,-469,257,-78,0
4005.3854100704193,10232,4760,11244,-231,-211,139,9936,-9732,7900,-10,160,-512,-14620,4716,3340,-967,142,-189,-14508,-2872,5960,-483,229,-76,0
4005.4189231395726,10212,4856,11128,-247,-198,146,9996,-9900,7872,254,132,-279,-14848,4704,3264,-989,150,-190,-14636,-3052,6188,-462,235,-73,0
4005.4526591300964,10332,4700,11180,-256,-204,153,10120,-9968,8020,-9,113,-226,-14512,4596,3176,-1072,139,-102,-14628,-2880,6256,-481,215,-74,0
4005.4862480163574,10312,4832,10972,-227,-233,190,9984,-9928,7744,-15,132,-264,-14540,4528,3320,-1006,154,-118,-14624,-2928,6100,-465,211,-27,0
4005.519907951355,10260,4804,11068,-245,-222,209,10000,-9912,7648,-54,80,-226,-14544,4604,3212,-1012,179,-100,-14568,-2844,6040,-409,140,-28,0
4005.5534150600433,10412,4708,11148,-235,-189,192,10072,-9980,7792,-40,33,-237,-14680,4804,3024,-993,221,-102,-14632,-2788,6124,-440,173,-38,0
4005.587121009826,10308,4712,11192,-203,-151,205,10120,-10040,7764,-29,47,-216,-14704,4700,3196,-988,167,-95,-14692,-2740,6056,-447,145,-69,0
4005.6208131313324,10352,4392,11148,-170,-100,159,10180,-10048,7932,-3,72,-193,-14736,4616,3224,-954,88,-32,-14644,-2756,5900,-508,131,-142,0
4005.6538491249084,10336,4672,11208,-112,-18,109,10192,-9936,7664,-37,83,-159,-14640,4640,3184,-968,180,-30,-14840,-3004,6068,-443,116,-124,0
4005.6874160766606,10196,4740,11156,-153,66,66,10212,-9944,7780,-90,179,-126,-14764,4632,3216,-990,-19,-57,-14824,-3008,6116,-478,80,-180,0
4005.7207710742955,10492,4712,11232,-64,51,68,10152,-9740,7900,-41,89,-103,-14848,5028,3124,-1055,126,18,-14696,-2664,6172,-557,41,-86,0
4005.7541930675507,10388,4748,11168,-136,99,141,10000,-10028,7564,-40,5,-95,-14652,4372,3084,-894,78,6,-14516,-2920,6212,-490,69,-87,0
4005.7877039909363,10212,4756,11200,-133,82,82,10096,-10168,7816,-85,253,-103,-14656,4732,3124,-1107,48,-242,-14688,-2828,6168,-480,115,-178,0
4005.82128405571,10384,4792,11296,-101,21,43,10064,-10032,7816,-70,117,-148,-14484,4732,3276,-1030,94,-95,-14672,-2836,6324,-505,173,-143,0
4005.854598045349,10232,4748,11156,-165,2,72,10060,-10052,8004,-60,183,-108,-14636,4828,3260,-1012,-20,219,-14696,-2844,6160,-589,83,-198,0
4005.888081073761,10240,4836,11516,-36,73,40,10048,-10036,7708,-88,135,-134,-14540,4708,3088,-987,38,244,-14620,-2920,6080,-470,67,-141,0
4005.9217100143433,10228,4824,11036,-103,1,65,10008,-10000,7708,-107,128,-126,-14812,4788,3548,-1039,50,-22,-14516,-2692,6252,-537,118,-151,0
4005.957638025284,10284,4748,11252,-79,25,81,10048,-10052,7692,-60,135,-130,-14580,4748,3116,-1003,72,-41,-14516,-2816,6240,-524,96,-132,0
4005.9932050704956,10240,4724,11320,-74,-7,118,10032,-10016,7632,-63,97,-172,-14668,4728,3112,-1055,118,-108,-14632,-2780,6164,-487,212,-98,0
4006.0281889438634,10300,4732,11096,-115,-87,129,10080,-9988,7644,-40,134,-148,-14600,4672,3168,-995,67,-35,-14644,-2844,6272,-527,144,-133,0
4006.0633699893947,10000,4756,11300,-73,-44,50,9996,-10160,7772,-59,134,-181,-14616,4660,3148,-1021,90,-167,-14628,-2752,6068,-476,147,-120,0
4006.0991859436035,10332,4844,11328,-157,-14,54,10056,-10080,7848,-41,198,-153,-14620,4780,3360,-999,-37,-62,-14520,-2948,6216,-555,138,-212,0
4006.1342120170593,10220,4832,11252,-102,-29,36,10048,-10028,7872,-36,219,-172,-14596,4812,3364,-1010,63,-59,-14708,-2584,6232,-555,137,-143,0
4006.1701819896693,10292,4800,11176,-128,-17,121,10008,-10000,7824,-77,17,-139,-14532,4712,3396,-853,23,-18,-14840,-3004,6332,-521,101,-141,0
4006.205582141876,10124,4740,11072,-120,0,79,10108,-10080,7728,-78,242,-140,-14340,4668,3176,-1120,42,-53,-14592,-2784,6244,-498,125,-166,0
4006.241797924042,10288,4804,11208,-157,-35,53,9940,-10160,7680,-57,121,-176,-14584,4840,3216,-995,90,-98,-14708,-2848,6292,-496,141,-137,0
4006.277745008468,10288,4784,11244,-175,3,74,9932,-10124,7660,-18,143,-150,-14656,4708,3296,-980,56,-44,-14616,-2976,6128,-590,68,-176,0
4006.3128659725194,10184,4900,11268,-76,19,61,9808,-10048,7808,-5,121,-193,-14836,4668,3536,-976,84,-138,-14828,-2840,6000,-476,174,-120,0
4006.348252058029,10196,4828,11196,-189,-76,100,10088,-9760,7708,-27,134,-188,-14584,4708,3356,-1022,113,-56,-14552,-2920,6156,-538,173,-122,0
4006.3832631111145,10456,5092,11028,-106,-36,98,10024,-10040,7844,-57,136,-164,-14544,4704,3368,-1079,132,-89,-14612,-2852,6220,-495,126,-119,0
4006.4191260337834,10288,4804,11196,-164,-26,107,10052,-10160,7712,-30,87,-149,-14844,4784,3332,-1066,131,-61,-14840,-2628,6368,-552,183,-110,0
4006.4543900489803,10440,4652,11148,-208,-55,110,10060,-9968,7920,-48,133,-115,-14596,4696,3308,-771,103,-103,-14604,-2928,6252,-468,93,-86,0
4006.4897251129146,10288,4900,11248,-172,-43,89,10012,-10060,7816,-106,121,-172,-14652,4676,3476,-1034,81,-51,-14640,-2908,5924,-468,121,-128,0
4006.5254909992213,10304,4836,11112,-198,-64,90,10120,-10100,7708,-40,246,-144,-14652,4828,3132,-1135,-13,-245,-14636,-2796,6284,-556,159,-152,0
4006.5618579387665,10280,4712,11260,-113,-23,101,9856,-10048,7688,250,69,-136,-14444,4700,3092,-972,90,-39,-14340,-2784,6104,-507,131,-101,0
4006.5996689796452,10300,4716,11144,-190,-41,101,10144,-10072,7488,-49,169,-134,-14348,4776,3128,-1001,50,-47,-14484,-2932,6172,-469,131,-162,0
4006.632739067077,10172,4724,11172,-151,-21,79,9996,-10080,7764,-35,234,-151,-14532,4712,3288,-1100,99,-66,-14540,-2852,6276,-461,168,-106,0
4006.6663980484013,10212,4756,11368,-186,-23,117,10224,-10128,7772,-54,112,-173,-14564,4680,3396,-898,62,-60,-14636,-2964,6268,-528,160,-120,0
4006.7000300884242,10020,4752,11232,-170,-46,77,10024,-10104,7736,-15,166,-148,-14528,4752,3388,-1059,80,-57,-14540,-2884,6200,-503,142,-121,0
4006.7337160110474,10104,5108,11296,-138,-29,105,9940,-10160,7932,-42,119,-186,-14596,4772,3268,-771,162,-125,-14508,-2944,6292,-449,210,-104,0
4006.767310142517,9988,4824,11232,-241,-82,107,10220,-10112,7872,-28,118,-161,-14528,4788,3560,-950,84,-48,-14588,-3020,6236,-533,155,-75,0
4006.800770044327,10132,4900,11288,-161,-31,127,9996,-10016,7784,-77,159,-184,-14508,4472,3272,-1010,195,-66,-14660,-2872,6096,-464,193,-42,0
4006.8342890739445,10448,4832,11260,-260,-126,166,10000,-10080,7800,-55,115,-224,-14352,4708,3544,-1001,157,-126,-14584,-2872,6280,-481,224,-38,0
4006.867886066437,10144,4760,11184,-230,-136,142,9956,-10064,8060,-64,130,-237,-14632,4656,3340,-962,142,-135,-14496,-2880,6204,-472,190,-75,0
4006.9010701179504,9988,4612,11280,-512,-124,115,9728,-10092,7816,-75,105,-278,-14720,4736,3304,-991,125,-155,-14604,-2872,6308,-469,227,-65,0
4006.9345819950104,10272,4612,11008,-273,-176,118,10020,-10068,7764,-29,152,-241,-14620,4616,3124,-1038,96,-105,-14628,-2888,6200,-510,215,-65,0
4006.9681429862976,10440,4820,11312,-249,-150,146,10008,-10084,7792,-256,23,-238,-14448,4692,3268,-924,167,-80,-14560,-2880,5960,-465,190,-27,0
4007.001815080642,10280,4736,11228,-282,-115,138,10108,-10096,7668,-30,169,-211,-14564,4644,3192,-999,142,-161,-14596,-3036,6092,-460,237,-80,0
4007.0353801250453,10248,4732,11312,-231,-156,144,10016,-9992,7728,-17,180,-234,-14820,4648,3468,-1032,167,-182,-14736,-2924,6192,-425,251,-15,0
4007.0690331459045,10248,4812,11024,-281,-185,159,9764,-10016,7556,-24,69,-247,-14572,4668,3276,-922,157,-152,-14628,-2796,6008,-476,182,-77,0
4007.102483034134,10300,4788,11100,-183,-160,151,10064,-10028,7836,-67,118,-218,-14672,4732,3020,-983,129,-111,-14636,-2868,6184,-486,117,-99,0
4007.135580062866,10404,4692,11316,-218,-108,116,10140,-10044,7764,-4,115,-222,-14368,4644,3096,-988,149,-131,-14656,-2880,5936,-468,177,-110,0
4007.169275999069,10304,4792,11196,-293,-148,131,10048,-9980,8092,-9,118,-213,-14776,4740,3104,-976,118,-97,-14732,-2900,6128,-492,140,-121,0
4007.2025671005254,10340,4808,11224,-219,-88,89,10164,-10036,7648,-57,103,-218,-14624,4768,3160,-1005,118,-110,-14712,-2884,6044,-459,159,-108,0
4007.2360730171204,10248,4764,11196,-243,-156,116,10148,-10064,7756,8,161,-242,-14340,4752,3216,-1007,95,-100,-14624,-2796,5928,-492,212,-77,0
4007.269814014434,10224,4828,11252,-243,-160,135,10052,-10092,7844,-12,107,-190,-14592,4624,3272,-982,130,-83,-14348,-2848,5888,-480,158,-108,0
4007.303488969803,10320,4636,11052,-210,-136,148,9968,-10024,7864,-40,150,-197,-14616,4704,3296,-1010,123,-95,-14796,-3068,6212,-483,151,-102,0
4007.33690905571,10212,4760,11316,-241,-120,107,9940,-10020,7928,-26,147,-197,-14640,4756,3204,-975,111,-104,-14504,-2884,6312,-486,144,-112,0
4007.3704380989075,10188,4808,11092,-171,-125,135,9776,-10056,7932,-21,129,-194,-14672,4708,3320,-1083,158,-75,-14496,-2824,6368,-517,206,-86,0
4007.4034340381622,10264,4704,11100,-183,-157,162,10104,-10008,7740,-40,107,-231,-14356,4716,3188,-1051,139,-122,-14444,-2780,6092,-488,199,-119,0
4007.437168121338,10272,4760,11276,-127,-122,141,10104,-9744,7884,-52,120,-180,-14600,4616,3076,-1060,157,-105,-14628,-2824,5896,-470,158,-102,0
4007.4705669879913,10352,4644,11136,-184,-48,122,10072,-10232,7856,-61,137,-139,-14604,4752,3092,-1035,121,-54,-14796,-2880,6132,-506,133,-116,0
4007.5038890838623,10064,4780,11404,-163,246,86,10036,-9952,7712,-52,156,-149,-14640,4756,3512,-1031,90,-37,-14680,-2860,5944,-768,157,-109,0
4007.5373940467834,10296,4928,11192,-180,-36,93,10052,-10064,7792,-21,158,-149,-14664,4740,3280,-1085,95,-61,-14660,-2912,6152,-531,144,-145,0
4007.570999145508,10024,4776,11284,-119,-49,79,10064,-10048,7704,-52,175,-153,-14512,4828,3112,-1038,110,-54,-14572,-2888,6180,-513,140,-141,0
4007.6042709350586,10320,4804,11052,-143,-41,68,10016,-10084,7924,-91,194,-177,-14632,4784,3304,-1097,102,-72,-14524,-2932,6392,-496,143,-131,0
4007.6407721042633,10388,4860,11484,-157,-29,84,10028,-10048,7752,-81,169,-166,-14568,4828,3076,-1057,95,-63,-14356,-2804,6168,-529,115,-110,0
4007.676157951355,10288,4776,11084,-147,-15,126,10008,-10136,7628,-43,82,-138,-14700,4636,3344,-960,165,-46,-14848,-2956,6116,-507,93,-106,0
4007.7118871212006,10012,4752,11216,-145,247,99,10028,-10100,7540,-47,182,-132,-14664,4696,3428,-1092,119,-72,-14364,-3044,6100,-501,121,-161,0
4007.7476060390472,10292,4764,11120,-116,-29,78,9780,-10068,7772,-27,126,-166,-14808,4688,3272,-1031,118,-66,-14648,-2912,6216,-502,188,-128,0
4007.7827501296997,10332,4796,11116,-135,-77,106,10108,-9952,7748,-68,143,-159,-14840,4756,3168,-1040,78,-50,-14676,-2800,6136,-533,82,-150,0
4007.8187849521637,10452,4704,11476,-101,20,67,9852,-10100,7888,253,116,-153,-14672,4680,3232,-1046,126,-86,-14564,-2884,6112,-502,91,-139,0
4007.8536450862885,10272,4772,11684,-212,-13,71,10016,-10068,7704,-11,166,-149,-14504,4760,3356,-957,36,-84,-14680,-2888,6132,-525,78,-163,0
4007.8891451358795,9992,4924,11252,-121,6,46,10044,-10060,7816,-71,157,-114,-14692,4652,3156,-1005,50,-65,-14744,-2816,5960,-479,72,-187,0
4007.924176931381,10300,4756,11324,-171,-28,30,10004,-10084,7448,-27,102,-130,-14704,4828,3220,-772,49,-35,-14664,-2584,6048,-546,109,-178,0
4007.9603710174565,10252,4860,11160,-154,-10,67,10012,-10064,7744,-37,153,-126,-14568,4736,3196,-1019,57,-63,-14784,-2980,6088,-489,118,-188,0
4007.995502948761,10212,4908,11220,-145,-38,113,10020,-10044,7660,-67,134,-128,-14528,4656,3288,-997,85,-31,-14612,-2928,6176,-270,89,-145,0
4008.0313999652863,10228,5092,11232,-172,-7,72,10020,-10120,7792,-23,122,-110,-14500,4652,3312,-1002,48,-65,-14632,-2984,6184,-766,118,-157,0
4008.0662450790405,10156,5092,11200,-152,-36,91,10020,-10120,7752,-39,147,-140,-14592,4712,3232,-1024,94,-53,-14592,-2824,6156,-518,160,-134,0
4008.1022329330444,9992,4860,11124,-200,-77,117,9968,-9824,7924,-18,113,-140,-14516,4728,3320,-1032,106,-76,-14592,-2948,6092,-768,161,-121,0
4008.1379420757294,10264,4612,11160,-152,-80,113,9768,-9996,7788,-46,170,-171,-14516,4796,3220,-1273,79,-74,-14536,-2964,6196,-464,137,-115,0
4008.173243999481,10020,4832,11128,-197,-95,96,10152,-10056,7900,-48,170,-140,-14580,4900,3220,-770,100,-71,-14600,-2932,6200,-524,141,-112,0
4008.2081360816956,10240,4832,11400,-183,-44,130,10064,-10084,7744,-21,140,-134,-14512,4732,3288,-1014,112,-55,-14700,-2964,6256,-506,129,-109,0
4008.2434809207916,10212,4876,11384,-184,-66,121,9992,-10108,7792,-40,178,-151,-14568,4692,3316,-1269,109,-43,-14596,-2948,6152,-482,165,-99,0
4008.2798249721523,10216,4840,11224,-187,-98,117,9992,-10024,7820,-80,143,-171,-14564,4780,3308,-990,129,-71,-14796,-2848,6036,-488,169,-107,0
4008.31338095665,10200,4832,11196,-177,-64,132,10000,-10024,7792,-90,146,-170,-14520,4760,3172,-1001,126,-94,-14720,-2900,6112,-492,145,-76,0
4008.3469851016994,10256,4768,11188,-205,-23,114,10040,-10200,7760,-49,150,-144,-14612,4736,3172,-1023,101,-79,-14828,-2864,5900,-258,164,-113,0
4008.3805310726166,10176,4712,11364,-221,-57,102,9992,-10008,7424,252,158,-158,-14580,4684,3192,-979,115,-81,-14620,-2912,6128,-466,182,-80,0
4008.413897037506,10132,4876,11228,-221,-89,129,9980,-10100,7720,-67,142,-207,-14568,4772,3092,-1016,129,-81,-14624,-2920,6228,-476,210,-92,0
4008.4474239349365,10172,4816,11244,-198,-149,120,10000,-10136,7828,-60,95,-250,-14344,4700,3376,-939,110,-135,-14584,-2852,6328,-501,178,-91,0
4008.48106598854,10316,4968,11368,-246,-100,110,10040,-10068,7724,-47,126,-194,-14600,4756,3320,-925,102,-122,-14672,-2600,6376,-512,145,-81,0
4008.5148019790654,10420,4844,11216,-245,-85,131,9952,-10040,7644,-51,154,-175,-14496,4780,3164,-975,122,-96,-14608,-2840,6360,-454,156,-57,0
4008.5481719970703,10224,4860,11088,-287,-113,143,10008,-9968,7708,-68,127,-199,-14592,4596,3324,-974,125,-98,-14664,-2992,6160,-494,148,-90,0
4008.5818669795995,10156,4800,11108,-279,-108,112,10184,-10020,7524,-77,113,-238,-14648,4780,3448,-979,147,-107,-14536,-2880,6124,-458,212,-98,0
4008.6155431270604,10256,4776,11344,-310,-153,121,10028,-10076,7676,-41,127,-258,-14660,4824,3144,-973,138,-136,-14360,-2860,5908,-481,224,-57,0
4008.6487431526184,10272,4752,11140,-230,-182,164,9992,-10104,7656,-29,129,-272,-14676,4472,3240,-946,131,-151,-14700,-3072,6152,-475,222,-66,0
4008.682170152664,10260,4668,11036,-228,-166,154,10036,-10144,7668,-23,92,-238,-14552,4800,3248,-964,174,-159,-14652,-2864,6004,-457,212,-73,0
4008.7158010005946,10288,4840,11160,-260,-148,133,10064,-10068,7656,-5,118,-240,-14656,4788,3288,-1014,124,-140,-14708,-2880,6072,-478,242,-60,0
4008.7493200302124,10272,4760,11100,-11,-183,134,10048,-10020,7692,9,156,-209,-14792,4708,3300,-997,134,-112,-14568,-2920,6184,-471,215,-86,0
4008.782897949218,10272,4812,11260,-235,-121,145,10004,-10008,7768,-11,150,-232,-14552,4520,3308,-979,158,-175,-14664,-2936,5956,-474,201,-93,0
4008.8164830207825,10308,4856,11232,-222,-166,150,10004,-10032,7816,-16,117,-252,-14688,4684,3220,-1056,171,-162,-14808,-2964,5952,-489,217,-68,0
4008.8499660491943,10296,4812,11272,-252,-159,152,10080,-10116,7792,-38,84,-231,-14840,4384,3276,-995,172,-106,-14604,-2948,6140,-463,194,-87,0
4008.8830680847173,10360,4804,11248,-218,-166,140,10128,-10016,7736,-45,118,-243,-14648,4628,3236,-990,128,-114,-14572,-2940,6112,-470,210,-100,0
4008.9166331291203,10280,4724,11148,-232,-165,141,10008,-10048,7772,-14,141,-206,-14728,4700,3136,-966,131,-143,-14780,-2612,6004,-467,177,-94,0
4008.950139999389,10320,4728,11148,-245,-139,131,10036,-10156,7760,0,81,-225,-14572,4596,3288,-1004,156,-113,-14644,-3060,6356,-490,164,-109,0
4008.9835741519923,10236,4792,11084,-236,-175,150,10080,-10000,7908,2,124,-200,-14624,4684,3160,-977,156,-70,-14664,-2868,6208,-502,200,-90,0
4009.0174350738525,10344,4740,11080,-202,-167,150,10136,-10068,7436,-23,107,-210,-14592,4700,3156,-1007,101,-81,-14596,-2732,6156,-500,169,-85,0
4009.0509591102605,10372,4784,11324,-165,-126,149,10112,-10004,7584,-30,146,-157,-14652,4584,3148,-1054,117,-55,-14556,-2804,6128,-507,132,-107,0
4009.0845210552216,10376,5052,11196,-148,-82,116,9976,-10056,7744,-22,150,-148,-14708,4584,3280,-1065,86,-79,-14716,-2812,5972,-496,88,-136,0
4009.117994070053,10360,4784,11080,-142,-12,102,10064,-10020,7584,-44,137,-123,-14560,4748,2896,-997,75,240,-14624,-2884,5956,-496,115,-116,0
4009.1513190269466,10328,4792,11180,-160,-27,99,10200,-10236,7772,-10,153,-141,-14584,4648,3388,-1032,89,-2,-14632,-2856,6128,-497,134,-141,0
4009.1848509311676,10352,4996,11100,-142,-60,122,9780,-10036,7860,-24,148,-158,-14692,4752,3148,-1039,107,-43,-14660,-3028,6068,-760,159,-155,0
4009.2185950279236,10284,4784,11156,-141,-57,89,9772,-10000,7916,-38,154,-156,-14544,4684,3284,-995,88,-100,-14840,-2908,5988,-494,173,-154,0
4009.252140045166,10272,4780,11196,-85,-22,107,9768,-10192,7844,-62,101,-168,-14800,4792,3284,-1018,105,-56,-14740,-2952,6096,-502,54,-142,0
4009.285572052002,10364,4760,11224,-121,44,43,10088,-10084,7752,-19,125,-131,-14656,4660,2944,-1085,74,-6,-14584,-2760,6208,-528,86,-166,0
4009.3219199180603,10252,4860,11192,-194,15,71,10060,-10092,7504,246,166,-103,-14596,4644,3184,-776,67,-42,-14748,-2968,5972,-485,97,-143,0
4009.3581070899963,10292,4724,11104,-106,13,72,10148,-10156,7892,-72,149,-155,-14716,4756,3196,-1054,80,-16,-14808,-2860,5920,-519,116,-161,0
4009.3929741382603,10340,4712,11156,-160,-57,63,10008,-10036,7432,-35,127,-155,-14572,4780,3036,-878,-46,-73,-14592,-2852,6088,-514,141,-160,0
4009.4289009571075,10280,4720,11088,-137,-10,108,9992,-9936,7680,-41,126,-128,-14368,4764,3116,-1039,64,-36,-14584,-2932,5988,-529,106,-164,0
4009.464403152466,10344,5056,11160,-144,12,95,9972,-10096,7728,-67,157,-97,-14516,4668,3132,-770,44,-3,-14580,-2864,6180,-486,69,-165,0
4009.4998199939732,10488,4828,11156,-164,48,90,10040,-10032,7488,-66,140,-109,-14636,4776,3184,-986,67,232,-14824,-2852,5900,-759,83,-186,0
4009.535031080246,10340,4768,11308,-142,20,68,9956,-9972,7668,-35,170,-135,-14620,4716,3100,-1036,85,-66,-14476,-2972,6012,-486,142,-162,0
4009.5751831531525,10268,4900,11196,-133,-255,81,10040,-10040,7716,-23,126,-172,-14676,4792,3188,-986,64,-71,-14364,-2924,6060,-511,140,-155,0
4009.611177921295,10292,4856,11108,-153,-21,94,10096,-10044,7924,-54,199,-187,-14652,4764,3064,-1015,97,-129,-14648,-2884,6000,-763,130,-157,0
4009.646224975586,10324,4872,11016,-181,-37,86,10020,-10124,7828,-43,176,-155,-14628,4712,3268,-990,63,-67,-14840,-2912,6276,-515,125,-145,0
4009.6818339824677,10448,5040,11176,-161,-24,119,10040,-10132,7652,-24,166,-140,-14564,4680,3384,-774,117,-48,-14396,-2944,6212,-495,125,-93,0
4009.7177989482884,10236,4800,11228,-225,-8,151,9980,-10116,7840,-61,143,-155,-14600,4680,3580,-962,154,-73,-14472,-2996,6188,-431,144,-65,0
4009.752900123596,10140,5080,11324,-319,-97,137,9928,-10128,7804,-59,109,-248,-14360,4712,3128,-930,168,-174,-14532,-2944,6120,-466,211,-23,0
4009.787670135498,10124,4860,11396,-223,-206,162,9924,-10168,7432,-57,38,-295,-14584,4832,3288,-923,172,-158,-14840,-2784,6232,-260,223,-68,0
4009.8233671188354,10184,4728,11136,-219,-204,156,10224,-10092,7440,-52,95,-234,-14472,4712,3220,-891,111,-149,-14488,-2568,5952,-487,205,-57,0
4009.858222961426,10044,4756,11128,-242,-189,146,10076,-10144,7760,-28,134,-268,-14628,4684,3160,-975,141,-153,-14848,-3040,6008,-461,229,-54,0
4009.8943910598755,10032,4812,11224,-309,-177,131,10024,-10180,7580,19,83,-239,-14360,4700,3092,-1050,172,-168,-14700,-2960,6084,-436,249,-49,0
4009.9437179565434,10492,4760,11240,-261,-193,149,10056,-10012,7848,-23,133,-209,-14616,4636,3080,-1020,150,-122,-14644,-2744,5892,-464,195,-53,0
4009.9911739826202,10384,4688,11080,-6,-171,162,10008,-10060,7588,41,82,-224,-14708,4556,3188,-953,113,-118,-14628,-2856,6084,-496,197,-103,0
4010.029860973358,10280,4752,11036,-228,-180,156,10068,-10192,7680,6,126,-207,-14672,4812,3128,-985,120,-102,-14664,-2956,5964,-461,170,-132,0
4010.0633869171143,10412,4712,11120,-126,-71,109,10080,-10000,7720,-73,189,-161,-14680,4856,3116,-1084,75,-80,-14692,-3044,5960,-522,122,-161,0
4010.0969779491425,10336,4788,11136,-155,-30,50,10024,-10000,7744,-255,169,-120,-14600,4664,3040,-1082,74,245,-14756,-2844,6008,-511,99,-102,0
4010.1302239894867,10380,4760,11104,-176,43,128,10092,-10236,7768,-16,128,-97,-14492,4568,3192,-1034,110,-254,-14716,-2868,5924,-261,79,-86,0
4010.163675069809,10464,4708,11428,-167,8,148,10000,-10088,7900,-26,132,-93,-14636,4652,3488,-1044,100,-16,-14824,-2964,6276,-496,106,-104,0
4010.1974289417267,10156,5080,11292,-219,-40,123,9760,-10048,7756,-30,117,-157,-14624,4744,3204,-1006,125,-52,-14584,-2972,5956,-503,141,-92,0
4010.231218099594,10240,4740,11072,-180,-86,131,9976,-10080,7728,-53,133,-147,-14524,4736,3276,-978,54,-88,-14376,-2936,6052,-529,154,-122,0
4010.2647490501404,10140,4792,11112,-219,-118,142,9924,-10052,7620,-20,115,-188,-14516,4708,3148,-1022,133,-90,-14728,-3068,6120,-483,159,-111,0
4010.298227071762,10212,4788,11264,-220,-70,114,10064,-10100,7676,-36,139,-148,-14608,4788,3288,-1278,103,-52,-14700,-2908,5932,-468,114,-123,0
4010.331762075424,10220,4736,11196,-215,-48,95,9964,-10172,7476,-24,144,-167,-14700,4784,3080,-1024,111,-29,-14568,-2832,6012,-486,123,-119,0
4010.365420103073,10288,4748,11108,-217,-46,127,9976,-10076,7472,-48,81,-198,-14700,4700,3188,-951,124,-142,-14672,-2916,6376,-502,185,-126,0
4010.398880958557,10328,4796,11332,-211,-116,113,10076,-10080,7804,-31,160,-210,-14664,4680,3156,-991,79,-140,-14628,-2912,6000,-516,194,-128,0
4010.43244600296,10420,4692,11508,-209,-131,113,10056,-10048,7696,-40,154,-223,-14696,4692,3112,-1017,108,-131,-14644,-2900,6104,-477,207,-96,0
4010.4658341407776,10332,4776,11252,-185,-95,97,10112,-10000,7664,-37,150,-203,-14612,4668,3344,-971,95,-100,-14640,-2948,6116,-495,172,-130,0
4010.499566078186,10252,4816,11076,-167,-76,94,10036,-9996,7652,-28,141,-195,-14752,4652,3412,-993,111,-104,-14728,-2868,6096,-491,155,-128,0
4010.5330951213837,10280,4768,11148,-164,-40,91,9992,-10084,7740,3,138,-163,-14776,4672,3380,-975,51,-108,-14712,-2924,6020,-763,121,-160,0
4010.5664751529694,10212,4760,11100,-150,-41,102,9916,-9768,7716,-38,159,-148,-14584,4636,2848,-1000,89,-104,-14356,-2952,5936,-497,114,-153,0
4010.6000480651855,10476,4784,11020,-192,-42,78,9968,-10112,7772,-66,100,-188,-14808,4608,3204,-1021,111,-40,-14392,-2832,5952,-482,134,-105,0
4010.6335549354553,10472,4624,11200,-176,-94,108,10016,-9988,7844,-61,141,-155,-14624,4744,3288,-1006,89,-27,-14692,-2820,6088,-499,134,-116,0
4010.66725897789,10196,4720,11196,-158,-24,120,10024,-10096,7640,-1,109,-170,-14664,4684,3096,-1041,111,-89,-14680,-2840,6156,-518,130,-143,0
4010.7008969783783,10232,4764,11132,-205,-28,141,10028,-10064,7592,-16,100,-158,-14348,4672,3524,-1279,77,-86,-14628,-2988,6060,-485,144,-107,0
4010.734225034714,10272,4684,11148,-157,-42,100,9984,-10200,7476,-53,145,-159,-14604,4692,3156,-1066,100,-30,-14672,-2884,6008,-482,96,-160,0
4010.7673990726475,10280,4764,11172,-193,-7,104,10028,-10028,7608,-50,162,-141,-14656,4688,3216,-1041,46,-27,-14656,-2816,5972,-517,138,-128,0
4010.801059007644,10264,4724,11048,-161,5,97,9844,-10240,7864,-44,151,-130,-14624,4704,3116,-1054,51,-51,-14600,-2884,6080,-475,124,-114,0
4010.8345870971684,10272,4776,11204,-171,0,112,10020,-10116,7900,-39,159,-166,-14608,4608,3268,-983,76,-62,-14644,-2864,6040,-767,110,-101,0
4010.8682439327245,10224,4760,11028,-190,15,74,10072,-10112,7644,-80,153,-133,-14660,4728,3220,-998,91,-63,-14508,-2924,6108,-502,137,-121,0
4010.901752948761,10252,4688,11032,-177,252,78,10088,-10152,7692,-63,162,-133,-14608,4680,3072,-1010,82,-45,-14604,-3008,6080,-491,144,-123,0
4010.9351489543915,10340,4732,11484,-140,-21,88,10144,-10088,7876,-63,181,-164,-14684,4608,3288,-1019,101,-27,-14672,-2992,5964,-262,155,-149,0
4010.9681789875035,10336,4832,11224,-145,255,80,10044,-10144,7748,-48,161,-169,-14588,4764,3088,-1001,73,-143,-14596,-2968,6024,-264,149,-144,0
4011.004478931427,9988,4776,11324,-138,9,87,10004,-10120,7740,-50,159,-169,-14384,4732,3140,-1018,65,-35,-14620,-2996,6076,-521,112,-172,0
4011.039819955826,10136,4728,11488,-132,43,73,9988,-10060,7764,-35,156,-126,-14580,4676,3384,-773,115,-72,-14396,-2920,5976,-507,131,-143,0
4011.075236082077,10052,4784,11428,-140,8,72,9740,-10044,7904,-75,150,-122,-14624,4660,3112,-1048,95,-1,-14720,-3008,6016,-507,134,-115,0
4011.110701084137,10368,4828,11216,-132,-240,93,10008,-10116,7764,-89,191,-141,-14604,4804,3172,-990,100,-29,-14620,-2884,5992,-497,117,-162,0
4011.145530939102,10168,4784,11280,-122,-6,83,10012,-10112,7624,-85,198,-141,-14740,4648,3276,-1017,118,-66,-14576,-2864,6052,-509,158,-128,0
4011.180988073349,10212,4800,11068,-134,-23,88,9996,-10080,7680,-81,181,-148,-14652,4844,3272,-1016,59,-39,-14572,-2852,5964,-498,165,-117,0
4011.2173230648045,10176,4812,11264,-128,-13,116,9900,-10176,7696,-47,156,-132,-14632,4704,3092,-1018,73,-56,-14480,-3004,6028,-534,147,-116,0
4011.2520310878754,10208,4788,11192,-121,3,91,9936,-10100,7620,-69,140,-139,-14632,4712,3080,-1016,110,-48,-14416,-2836,6180,-536,153,-109,0
4011.287621974945,10204,4660,11344,-124,-33,79,10196,-10040,7568,-72,174,-173,-14372,4700,3228,-942,55,-125,-14680,-2856,6096,-478,184,-119,0
4011.3228211402893,10264,4900,11096,-139,-56,95,10064,-10116,7728,-109,183,-171,-14692,4736,3268,-1004,89,-93,-14652,-2984,5984,-502,150,-88,0
4011.3588681221013,10212,4848,11436,-199,-20,126,9964,-10128,7692,-31,158,-171,-14628,4664,3052,-968,91,-111,-14676,-2900,6012,-511,154,-85,0
4011.394134044647,10152,4860,11268,-238,-90,159,10000,-10068,7444,-47,131,-200,-14812,4732,3248,-923,115,-134,-14636,-2916,6116,-436,155,-95,0
4011.4302909374237,10056,4900,11384,-206,-96,101,9956,-10112,7784,-75,101,-237,-14592,4660,3372,-1006,153,-74,-14668,-2900,6156,-480,176,-101,0
4011.4652600288396,10012,4764,11332,-253,-148,111,9860,-10000,7908,-42,92,-279,-14688,4788,3148,-996,165,-174,-14600,-2964,6004,-478,243,-71,0
4011.5009961128235,10140,4796,11452,-261,-172,170,9952,-10172,7712,-22,87,-217,-14504,4776,3288,-967,159,-119,-14676,-2840,6016,-474,187,-47,0
4011.535993099212,10176,4800,11116,-239,-115,171,9764,-10076,7684,-22,97,-225,-14652,4788,3200,-934,137,-133,-14704,-3012,6040,-446,145,-39,0
4011.5718030929565,10224,4848,11468,-282,-132,123,10056,-10132,7856,-26,136,-192,-14396,4664,3108,-954,135,-121,-14644,-2948,6008,-443,182,-80,0
4011.6077060699463,10228,4752,11276,-258,-168,155,9760,-10192,7828,-13,140,-228,-14828,5080,3148,-876,121,-177,-14532,-2980,6100,-444,250,-92,0
4011.6445989608765,10324,4784,11252,-278,-236,154,10012,-10108,7752,-12,101,-505,-14612,4660,3108,-970,157,-163,-14396,-2908,6000,-442,271,-66,0
4011.678189992904,10244,4772,11476,-196,-1,152,9940,-10084,7696,-5,97,-269,-14548,4688,3304,-1041,144,-139,-14664,-2896,6076,-488,199,-116,0
4011.7117860317226,10420,4752,11128,-191,-182,138,10048,-10124,7640,-253,98,-215,-14692,4656,3212,-1004,132,-147,-14612,-2920,5908,-495,163,-96,0
4011.745399951935,10356,4760,11252,-189,-134,125,10228,-9992,7856,-252,137,-176,-14616,4632,3212,-1031,109,-85,-14672,-2972,5932,-496,103,-131,0
4011.7790529727936,10384,4820,11164,-190,-53,96,10044,-10008,7480,-24,161,-121,-14696,4636,2968,-1051,84,-57,-14616,-2920,6000,-502,84,-143,0
4011.8123259544373,10300,4872,11228,-188,18,112,10064,-10044,7788,-33,199,-97,-14832,4816,3096,-1061,80,6,-14672,-2948,5692,-479,104,-110,0
4011.845785140991,10236,4744,11184,-216,-35,120,10000,-10068,7628,-23,159,-155,-14376,4772,3164,-1054,66,-53,-14836,-2944,5764,-498,159,-103,0
4011.879282951355,10272,4892,11012,-196,-93,106,9988,-10128,7736,-12,126,-203,-14592,4632,3228,-1018,94,-131,-14644,-2948,5984,-490,177,-83,0
4011.912670135498,10468,4768,11320,-219,-146,126,9960,-10100,7844,-32,159,-163,-14632,4828,3200,-1032,124,-109,-14632,-2984,6132,-493,177,-82,0
4011.9459130764003,10300,4700,11376,-192,-113,143,9900,-10040,7708,-52,110,-173,-14348,4824,3188,-1019,98,-44,-14816,-2968,6004,-482,161,-105,0
4011.9792799949646,10312,4720,11424,-207,-52,115,10068,-10088,7928,-51,130,-186,-14764,4620,3164,-1037,151,-65,-14688,-2956,5976,-484,114,-105,0
4012.0129120349884,10288,4736,11036,-119,243,86,10032,-10056,7776,-62,141,-166,-14656,4748,3064,-1108,142,-59,-14612,-2800,6272,-470,89,-134,0
4012.0463850498204,10376,4712,11316,-204,-22,68,10144,-10180,7696,-59,191,-119,-14708,4760,3212,-1051,17,-72,-14784,-2840,6028,-485,143,-93,0
4012.0797979831696,10284,4828,11228,-270,-115,132,9880,-10036,7588,-136,504,-104,-14592,4732,3200,-939,83,-93,-14684,-2888,5960,-430,149,-52,0
4012.1134109497066,10248,4764,11212,-186,-79,153,9760,-10096,7684,-134,183,-141,-14848,4696,3184,-988,137,-36,-14596,-2944,5920,-491,120,-157,0
4012.1469531059265,10276,4444,11016,-147,-63,110,9804,-10060,7908,-35,80,-135,-14656,4708,3452,-1110,142,-12,-14648,-2876,5952,-518,105,-109,0
4012.1806340217595,10308,4712,11156,-115,31,104,9808,-10024,7444,1,61,-142,-14636,4776,3084,-1070,107,-52,-14684,-2836,5968,-510,69,-146,0
4012.2141880989075,10268,4796,11324,-103,86,45,10212,-10076,7792,-22,127,-92,-14720,4592,3408,-1280,34,244,-14732,-2956,5976,-480,55,-220,0
4012.2474241256714,10036,4832,11324,-154,86,17,10060,-10224,7724,-254,206,-171,-14636,4736,3164,-998,25,-34,-14688,-2948,6060,-494,105,-202,0
4012.2810659408574,10176,4824,11412,-133,7,16,10204,-10164,7740,-34,160,-184,-14520,4752,3136,-998,76,-55,-14704,-2936,6032,-513,150,-185,0
4012.3147599697113,10116,4720,11424,-128,-58,80,9896,-10076,7596,-24,143,-189,-14512,4748,3300,-1280,114,-94,-14680,-2900,6048,-497,148,-119,0
4012.3482930660243,10200,4712,11008,-156,-26,94,10192,-10156,7752,-53,138,-163,-14540,4652,3124,-1011,116,-70,-14760,-2916,6028,-494,129,-126,0
4012.3817620277405,10260,4680,11444,-162,-13,86,9968,-10220,7812,-22,188,-118,-14580,4760,3256,-1013,69,-67,-14664,-2988,6132,-486,89,-166,0
4012.415255069732,10216,4760,11276,-171,251,82,10032,-10256,7500,8,230,-154,-14712,4800,3120,-970,41,-75,-14668,-2880,5972,-494,125,-162,0
4012.4484820365906,10192,4828,11252,-143,-31,72,9932,-10016,7896,-9,202,-151,-14644,4608,3260,-982,51,-47,-14368,-2996,6164,-500,126,-172,0
4012.4818501472473,10236,4972,11340,-179,-43,88,9924,-10068,7820,-39,167,-153,-14752,4772,3144,-998,100,-81,-14820,-3004,5852,-488,140,-138,0
4012.5152831077576,10152,4872,11192,-158,-70,116,9936,-10092,7704,-73,181,-176,-14840,4740,3336,-1015,95,-53,-14672,-2972,6016,-492,143,-135,0
4012.5486540794373,10248,4892,11192,-168,-61,103,9948,-10028,7748,-70,175,-156,-14612,4724,3380,-1004,107,-48,-14604,-2824,6012,-467,129,-109,0
4012.582131147384,10236,4888,11136,-182,-51,119,10024,-10080,7748,-67,139,-135,-14640,4628,3152,-1048,115,-53,-14612,-2932,6048,-509,102,-124,0
4012.615616083145,10176,4760,11332,-150,-27,138,9944,-10172,7776,-50,144,-140,-14624,4816,3076,-1058,99,-54,-14676,-2956,5988,-482,147,-101,0
4012.6486899852753,10092,4812,11448,-187,-43,105,9884,-10172,7700,-39,137,-158,-14580,4696,3288,-1004,99,-51,-14552,-3004,6116,-468,139,-118,0
4012.6850609779362,10160,4824,11136,-164,-79,105,10204,-10148,7580,-89,128,-181,-14524,4756,3300,-1006,107,-113,-14628,-2804,6220,-507,175,-110,0
4012.7207419872284,10204,4848,11296,-164,-56,117,9728,-10192,7464,-67,141,-145,-14656,4664,3144,-996,77,-68,-14704,-2928,6176,-531,132,-117,0
4012.7562251091003,10040,4812,11412,-212,-55,123,9892,-10048,7728,-47,186,-131,-14520,4656,3248,-1008,110,-113,-14660,-3040,5856,-466,137,-120,0
4012.791841983795,10232,4776,11072,-168,-29,111,9884,-10132,7572,-70,187,-169,-14648,4700,3244,-769,74,-89,-14772,-2872,6036,-455,135,-136,0
4012.828019142152,10292,4820,11264,-202,-52,97,9900,-10124,7632,-78,163,-167,-14704,4644,3168,-948,255,-112,-14736,-2864,6116,-496,132,-175,0
4012.8629400730133,10224,4776,11196,-163,-255,85,9932,-10132,7796,-22,165,-163,-14540,4724,3244,-984,93,-118,-14576,-2904,5996,-493,164,-145,0
4012.8986871242523,10176,4660,11460,-149,-36,95,9964,-10200,7604,-47,179,-151,-14816,4680,3164,-944,56,-83,-14620,-3048,6004,-500,103,-146,0
4012.9341080188747,10208,5108,11228,-189,-4,85,9744,-10208,7836,-31,183,-148,-14840,4724,3532,-925,19,-96,-14444,-3004,5924,-476,128,-149,0
4012.969511985778,10124,5060,11116,-172,-58,91,9876,-10076,7784,-42,147,-173,-14636,4728,3256,-987,100,-122,-14600,-3024,5972,-502,162,-93,0
4013.0045890808105,10148,4900,11516,-159,-64,122,9880,-10092,7896,-39,129,-172,-14368,4700,3224,-1040,132,-77,-14704,-2924,6096,-483,161,-59,0
4013.0398449897766,10212,4824,11292,-201,-38,106,9848,-10208,7652,-71,161,-146,-14540,4752,3528,-1036,115,-92,-14612,-2932,6008,-471,177,-83,0
4013.0749931335454,10124,4848,11356,-236,-60,118,9896,-10164,7748,-35,131,-182,-14560,4684,3244,-996,140,-90,-14696,-2968,5896,-477,160,-65,0
4013.1106951236725,10152,4984,11268,-231,-91,120,9888,-10436,7760,-61,93,-201,-14612,4772,3372,-990,151,-138,-14624,-2988,6024,-459,206,-47,0
4013.145888090133,10124,5092,11244,-260,-153,140,9916,-10168,7800,-71,139,-215,-14668,4768,3244,-975,143,-161,-14652,-3008,6064,-476,208,-65,0
4013.181841135025,10420,4680,11344,-511,-163,152,9860,-10168,7732,-68,118,-226,-14624,4728,3196,-996,140,-115,-14612,-2972,5892,-467,183,-40,0
4013.2175679206853,10172,4804,11256,-263,-129,148,9904,-10184,7676,-79,173,-194,-14432,4764,3244,-977,85,-155,-14668,-2904,5992,-421,213,-59,0
4013.252720117569,10188,4784,11324,-261,-143,125,10180,-10236,7764,-35,149,-213,-14644,4828,3072,-976,154,-146,-14716,-2832,5896,-442,220,-42,0
4013.2882361412053,10076,4748,11516,-247,-141,145,9912,-10068,7500,-5,51,-249,-14652,4812,3320,-969,144,-141,-14716,-2924,5972,-449,217,-51,0
4013.3252069950104,10224,4684,11304,-240,-151,144,9944,-10136,7680,-32,109,-253,-14684,4672,3324,-929,155,-132,-14744,-2948,5992,-455,185,-48,0
4013.3586349487305,10288,4788,11400,-234,-170,133,10004,-10128,7744,0,131,-263,-14576,4656,3148,-951,161,-188,-14680,-2896,5948,-429,234,-87,0
4013.3917739391322,10260,4796,11100,-275,-177,130,10000,-10004,7736,-24,124,-507,-14348,4724,3284,-974,116,-150,-14688,-2944,5948,-444,167,-88,0
4013.4253299236293,10396,4756,11344,-239,-128,132,10036,-10188,7732,-25,128,-205,-14632,4716,3140,-1013,131,-69,-14712,-2868,5968,-486,135,-121,0
4013.4586820602412,10224,4780,11416,-302,-116,129,9968,-10136,7852,25,124,-201,-14648,4664,3028,-1017,153,-83,-14652,-2928,6032,-459,143,-83,0
4013.4922239780426,10260,4908,11384,-244,-123,122,10020,-10076,7476,-64,107,-225,-14636,4640,3116,-1007,150,-150,-14712,-2988,5948,-463,154,-92,0
4013.5257499217987,10184,4720,11168,-221,-95,110,9976,-10168,7776,-17,101,-224,-14820,4780,3276,-988,155,-135,-14656,-2892,5964,-480,213,-64,0
4013.55919098854,10212,4772,11292,-6,-161,150,9896,-10120,7668,-5,94,-205,-14580,4720,3104,-983,116,-85,-14680,-2816,6108,-485,196,-88,0
4013.592644929886,10000,4820,11320,-225,-150,173,9936,-10140,7748,-20,135,-161,-14672,4668,3168,-969,139,-94,-14688,-2928,5984,-461,159,-63,0
4013.6261839866643,10184,4804,11152,-231,-92,152,9972,-10084,7748,-8,105,-176,-14784,4684,3136,-959,132,-94,-14584,-2860,5944,-475,131,-49,0
4013.659578084945,10308,4768,11228,-224,-102,147,9936,-10084,7820,-26,92,-212,-14628,4740,3136,-969,131,-144,-14672,-3036,5964,-500,177,-96,0
4013.6930561065674,10044,4784,11168,-182,-123,142,9900,-10080,7744,-41,126,-185,-14528,4724,3180,-1003,114,-100,-14660,-2860,6004,-492,203,-76,0
4013.7267739772797,10224,4672,11244,-205,-171,136,9968,-10116,7776,-35,79,-216,-14700,4692,3092,-1030,85,-84,-14720,-2916,5908,-452,171,-128,0
4013.76007604599,10396,4736,11332,-109,-83,114,10000,-10100,7720,-67,175,-156,-14656,4392,3288,-771,76,-77,-14712,-2820,5988,-484,118,-120,0
4013.7937440872192,10308,4708,11248,-156,-28,85,9940,-10148,7680,-33,154,-141,-14636,4632,3124,-772,99,-101,-14708,-2792,5932,-491,125,-136,0
4013.8274509906773,10012,4844,11008,-114,-18,94,9924,-10068,7780,-25,136,-171,-14612,4388,3264,-1052,125,-54,-14680,-2928,5928,-498,176,-108,0
4013.860897064209,10036,4784,11160,-117,-41,109,9784,-10104,7796,-52,131,-151,-14784,4616,3184,-1064,116,-35,-14712,-2848,6036,-490,160,-115,0
4013.8942151069646,10336,4684,11400,-103,-32,77,9936,-10228,7760,-66,123,-160,-14804,4680,2964,-1055,126,-76,-14616,-2996,5948,-518,152,-107,0
4013.92744398117,10204,4856,11332,-126,-61,70,9980,-10112,7696,-92,160,-172,-14548,4776,3184,-1047,73,-75,-14552,-2996,6004,-503,145,-135,0
4013.9608500003815,10216,4804,11264,-116,-58,71,9932,-10144,7688,-56,154,-156,-14620,4644,3292,-778,62,-65,-14636,-2952,6020,-524,135,-132,0
4013.9943289756775,10356,4804,11084,-145,-14,46,10028,-10108,7772,-26,139,-128,-14548,4668,3100,-1046,80,-36,-14664,-2880,5920,-257,121,-119,0
4014.0276601314545,10232,4788,11148,-160,240,97,10060,-10232,7928,-34,158,-155,-14608,4756,3216,-1007,79,-75,-14644,-2900,5992,-494,136,-157,0
4014.0614011287694,10172,4828,11292,-170,-71,85,9992,-10124,7776,-65,118,-151,-14648,4664,3100,-1000,85,-102,-14612,-2924,6024,-484,141,-128,0
4014.0948810577393,10164,4868,11092,-125,-51,110,9972,-10160,7740,-73,164,-168,-14704,4664,3312,-980,72,-64,-14760,-2948,5948,-482,78,-131,0
4014.1284029483795,10268,4696,11192,-136,-15,91,9992,-10204,7676,-11,175,-133,-14592,4696,2836,-1024,62,-254,-14684,-2928,5688,-523,78,-142,0
4014.1618819236755,10328,4892,11168,-192,-253,77,9928,-9992,7708,-20,212,-121,-14652,4632,3192,-1013,60,-56,-14692,-2952,5928,-486,82,-120,0
4014.1955959796906,10304,4796,11396,-114,16,44,9924,-10092,7764,-59,173,-135,-14696,4820,3144,-773,34,-49,-14616,-2928,6028,-489,104,-204,0
4014.2292261123653,10316,4828,11248,-169,4,50,9964,-10104,7712,-70,171,-123,-14520,4876,2916,-1036,59,-81,-14704,-2892,6064,-506,118,-183,0
4014.262643098831,10016,4828,11156,-142,254,78,9896,-10148,7892,-58,132,-142,-14540,4700,3276,-1018,84,-54,-14660,-2996,5916,-501,125,-124,0
4014.296039104461,10404,4852,11020,-104,10,87,9872,-10128,7852,-65,122,-133,-14632,4644,3172,-1004,57,-7,-14716,-2964,6072,-521,70,-136,0
4014.3297600746155,10184,4844,11324,-133,-246,89,9844,-10160,7552,-50,147,-147,-14572,4720,3568,-999,92,-33,-14584,-2988,5984,-485,88,-151,0
4014.3661439418793,10120,4728,11508,-141,-29,89,9872,-10184,7752,-24,224,-101,-14352,4660,3116,-995,64,-72,-14464,-2916,5908,-502,135,-150,0
4014.4018089771275,10224,4796,11308,-127,-49,72,9868,-10200,7864,-12,176,-137,-14620,4652,3188,-1278,119,-77,-14676,-2908,6132,-501,139,-131,0
4014.4376940727234,10040,4764,11056,-162,-52,108,9816,-10184,7764,-39,175,-192,-14548,4692,2968,-1009,99,-83,-14636,-3004,6096,-484,129,-127,0
4014.4723579883575,10144,4840,11204,-151,-37,99,9868,-10156,7804,-41,169,-130,-14600,4720,3256,-1006,129,-99,-14568,-2944,6112,-493,148,-140,0
4014.5073919296265,10244,4880,11212,-141,-39,119,9924,-10140,7684,-28,207,-120,-14580,4692,3088,-1001,117,-65,-14644,-2848,6048,-508,133,-123,0
4014.5430040359493,10124,4608,11072,-159,-43,112,9876,-10168,7496,-65,205,-170,-14556,4652,3156,-770,103,-77,-14692,-2852,5960,-495,165,-106,0
4014.5809049606323,10140,4884,11316,-173,-66,115,9744,-10092,7760,-43,162,-164,-14632,4728,3408,-989,100,-88,-14496,-2952,6052,-504,142,-114,0
4014.617543935776,10296,4888,11308,-158,-52,92,9916,-10084,7800,-38,179,-184,-14672,4656,3244,-998,116,-110,-14620,-2864,5900,-489,133,-114,0
4014.6520380973816,10264,4852,11228,-174,-61,108,9932,-10152,7632,-68,163,-175,-14840,4680,3172,-993,112,-29,-14748,-2996,6012,-492,143,-85,0
4014.6879789829254,10124,5108,11300,-198,-28,106,9916,-10244,7844,-54,169,-151,-14672,4692,3164,-1025,100,-88,-14652,-3220,6020,-489,133,-76,0
4014.7231819629674,10088,5104,11400,-211,-26,87,9884,-10144,7820,-44,109,-196,-14584,4748,3244,-989,150,-108,-14644,-2940,5736,-480,199,-68,0
4014.7587130069733,10468,5084,11312,-227,-116,141,9856,-10088,7804,-67,93,-231,-14484,4744,3168,-974,163,-115,-14616,-2868,6024,-490,220,-52,0
4014.7943339347844,10124,4824,11204,-7,-162,121,9892,-10224,7776,-50,88,-261,-14648,4768,3356,-933,112,-162,-14708,-2916,6120,-459,195,-74,0
4014.8301820755005,10192,4804,11164,-242,-140,114,9872,-10172,7668,-90,158,-201,-14836,4776,3180,-954,91,-95,-14672,-2924,5992,-475,138,-65,0
4014.8653819561005,10152,4988,11508,-299,-98,135,9888,-10236,7756,11,125,-185,-14848,4700,2972,-954,117,-149,-14624,-2812,5976,-485,153,-97,0
4014.90076804161,10244,4916,11272,-265,-93,128,9956,-10192,7744,-52,174,-211,-14664,4648,3188,-942,135,-155,-14732,-3016,5988,-449,153,-85,0
4014.9355831146245,10204,4896,11072,-236,-129,117,9976,-10156,7800,-42,135,-228,-14612,4684,3100,-998,159,-151,-14720,-2888,5976,-474,237,-62,0
4014.9714829921722,10468,4804,11364,-291,-157,139,10180,-10188,7720,-35,139,-247,-14616,4652,3040,-988,130,-134,-14740,-2848,5692,-465,221,-56,0
4015.007807016372,10320,4788,11104,-511,-151,161,9912,-10208,7800,-30,126,-209,-14840,4628,2908,-993,148,-103,-14760,-2588,5896,-460,151,-87,0
4015.04132604599,10276,4868,11276,-216,-123,152,9968,-10156,7588,-20,112,-195,-14720,4644,3208,-963,118,-104,-14648,-2960,5888,-479,164,-122,0
4015.074872016906,10240,4828,11324,-211,-127,118,9848,-10172,7764,10,135,-204,-14592,4732,3316,-1026,132,-91,-14608,-2960,5904,-487,166,-80,0
4015.1082930564885,10252,4888,11500,-237,-148,146,9852,-10108,7692,8,125,-198,-14660,4684,2936,-1039,169,-145,-14628,-2824,5948,-485,210,-63,0
4015.1417479515076,10280,4788,11188,-276,-221,179,9884,-10140,7896,4,83,-218,-14572,4708,3316,-1020,182,-126,-14648,-2980,5968,-478,223,-63,0
4015.1750030517574,10008,4804,11516,-223,-178,155,9920,-10108,7872,-48,68,-224,-14820,4652,2964,-945,126,-122,-14584,-2884,6008,-463,188,-61,0
4015.2086639404292,10192,4828,11152,-1,-183,169,9920,-10120,7592,-2,128,-180,-14716,4676,3216,-1019,170,-83,-14680,-2872,6012,-481,167,-72,0
4015.242277145386,10240,4756,11108,-221,-157,164,10220,-10156,7716,-8,83,-210,-14644,4664,3084,-1009,158,-120,-14736,-2920,5648,-477,193,-74,0
4015.2757780551915,10364,4728,11188,-176,-155,163,9924,-10228,7708,-21,148,-200,-14668,4356,3056,-1006,131,-100,-14408,-2912,5700,-505,164,-88,0
4015.3096671104427,10272,4780,11036,-162,-104,139,9972,-10116,7864,-44,142,-178,-14680,4700,3072,-778,113,-93,-14704,-2968,6016,-459,161,-120,0
4015.3432009220123,10300,4768,11452,-160,-61,111,9960,-10164,7928,-44,165,-186,-14640,4644,3300,-1065,86,-51,-14664,-2884,5924,-468,142,-137,0
4015.3769531250005,10456,4824,11260,-185,-37,73,9976,-10084,7728,-32,163,-166,-14664,4568,3112,-1038,87,-65,-14744,-2812,6004,-505,165,-126,0
4015.4100871086125,10368,4832,11424,-126,-19,70,9972,-10108,7744,-16,120,-137,-14656,4680,3160,-1047,101,-95,-14744,-2848,6032,-490,133,-136,0
4015.4435200691223,10256,4788,11108,-124,-15,120,9732,-10100,7576,-48,152,-140,-14420,4696,3036,-1042,135,-109,-14696,-2840,5956,-505,158,-116,0
4015.4772410392766,10224,4728,11124,-133,-52,129,9916,-10060,7756,-46,149,-154,-14824,4688,2876,-1037,127,-86,-14840,-2952,6136,-496,175,-139,0
4015.5106999874115,10324,4776,11212,-98,-50,134,9964,-10124,7452,-59,159,-169,-14456,4624,3088,-1025,120,-51,-15052,-2932,5908,-509,128,-140,0
4015.544100046158,10412,4780,11348,-98,16,93,9932,-10280,7784,-45,149,-151,-14716,4732,3276,-1011,89,-56,-14728,-2932,6000,-533,140,-134,0
4015.5775740146637,10300,4792,11156,-184,11,99,9972,-10116,7448,-10,160,-128,-14564,4632,3056,-1043,86,-78,-14680,-3028,5664,-514,124,-128,0
4015.6108350753784,10236,4648,11048,-129,-33,86,9956,-10096,7680,-57,157,-178,-14696,4724,3148,-1037,87,-49,-14848,-2928,5992,-491,143,-143,0
4015.6443400382996,10460,4808,11288,-195,-63,100,9728,-10024,7724,-48,160,-169,-14656,4620,3024,-1006,75,-67,-14628,-2852,5960,-263,185,-108,0
4015.6779680252075,10256,4780,11136,-227,-113,123,9844,-10180,7760,-56,167,-168,-14360,4704,2864,-954,56,-89,-14652,-2952,6004,-497,190,-120,0
4015.711359977722,10456,4776,11436,-211,-114,122,9768,-10128,7792,-56,169,-154,-14616,4812,3176,-978,95,-105,-14708,-2808,5984,-501,108,-122,0
4015.7448329925533,10308,4812,11072,-208,-65,141,10000,-10216,7732,-15,136,-156,-14696,4852,3016,-954,100,-56,-14792,-2936,5964,-482,105,-111,0
4015.7783191204076,10252,4784,11128,-210,-47,95,9972,-10176,7688,-246,141,-168,-14680,4668,3144,-945,76,-96,-14736,-2956,5980,-513,125,-139,0
4015.8115670681004,10432,5068,11176,-220,-69,121,9992,-10180,7844,13,135,-181,-14692,4748,3228,-994,74,-109,-14648,-2932,5972,-479,159,-113,0
4015.845407009125,10216,4748,11244,-254,-82,118,10016,-10148,7688,8,120,-207,-14664,4716,3196,-1012,112,-119,-14684,-2840,5908,-477,181,-103,0
4015.8787751197815,10224,4640,11260,-216,-120,119,9888,-10236,7708,-26,95,-198,-14684,4756,3144,-986,116,-107,-14604,-2888,6004,-504,135,-142,0
4015.912122964859,10052,4832,11504,-231,-107,113,9944,-10168,7720,-15,127,-180,-14600,4760,3344,-961,97,-105,-14672,-2968,6016,-483,165,-115,0
4015.945624113083,10284,4764,11200,-210,-60,121,9944,-10236,7668,-21,150,-171,-14552,4688,3456,-1001,76,-115,-14656,-2944,6124,-494,145,-127,0
4015.9792881011963,10240,4752,11240,-228,-42,111,9944,-10184,7608,-41,123,-161,-14792,4752,3124,-1025,101,-65,-14752,-2944,5920,-488,110,-100,0
4016.012881040573,10332,4796,11268,-217,-58,113,9924,-10060,7780,-49,150,-153,-14624,4648,3076,-1050,98,-57,-14652,-2896,5912,-477,96,-163,0
4016.0499510765076,10484,5088,10896,-210,-27,78,9884,-10200,7712,-58,167,-156,-14640,4696,3240,-773,91,-48,-14696,-2848,5644,-479,132,-119,0
4016.085597038269,10328,4776,11300,-198,-22,119,9884,-10156,7696,-57,161,-161,-14608,4672,3016,-1031,109,-31,-14604,-2940,5924,-499,147,-108,0
4016.121917009353,10184,4752,11216,-193,-67,158,9860,-10200,7764,-38,110,-191,-14532,4712,3120,-994,128,-125,-14700,-2916,6132,-490,181,-102,0
4016.157866001129,10468,4792,11240,-175,-76,136,9888,-10064,7868,-27,101,-174,-14732,4772,3132,-1054,114,-62,-14684,-2960,5952,-507,168,-93,0
4016.1927011013036,10216,4756,11108,-181,-66,126,9868,-10128,7860,-50,115,-149,-14684,4632,3252,-1008,98,-94,-14836,-3000,6020,-490,149,-136,0
4016.2287321090694,10280,4660,11032,-210,-65,113,9900,-10240,7700,-81,123,-184,-14692,4616,3308,-982,61,-55,-14776,-2840,5840,-497,111,-130,0
4016.2632150650024,10272,4824,11428,-159,-40,84,9888,-10248,7644,-58,138,-154,-14796,4744,3252,-1009,48,-68,-14680,-2900,5948,-498,56,-137,0
4016.2996180057526,10452,4712,11308,-198,2,79,9900,-10068,7720,-34,151,-118,-14672,4692,2868,-991,47,-13,-14720,-3004,5924,-478,111,-138,0
4016.335072994232,10296,4792,11432,-144,39,80,9936,-10456,7620,-101,190,-131,-14732,4500,3276,-997,61,-49,-14680,-2984,5856,-491,98,-196,0
4016.3707010746,10068,4804,11300,-150,11,32,9944,-10036,7844,-79,176,-146,-14636,4680,3104,-1004,61,-76,-14580,-2884,5868,-766,114,-162,0
4016.4062321186066,10280,5048,11152,-121,50,59,9916,-10136,7780,-46,194,-130,-14660,4708,3052,-779,56,-37,-14656,-2872,5808,-516,137,-152,0
4016.4424500465393,10212,5116,11324,-129,35,82,9872,-10200,7684,-36,212,-100,-14636,4780,3312,-983,49,-47,-14736,-3020,5952,-500,109,-151,0
4016.478143930435,10256,4848,11264,-147,71,75,9952,-10224,7680,-54,220,-112,-14592,4648,3108,-958,34,-45,-14656,-3148,6064,-520,93,-161,0
4016.5138580799103,10108,4892,11356,-163,21,80,9880,-9988,7892,-34,197,-142,-14516,4644,3128,-960,84,-44,-14576,-2980,5944,-520,148,-162,0
4016.5494899749756,10168,4700,11224,-139,-14,91,9928,-10136,7916,-56,169,-141,-14628,4612,3100,-1060,134,-70,-14644,-2956,6020,-499,152,-118,0
4016.5851130485535,10072,4668,11028,-166,-3,108,9976,-10108,7724,-73,164,-127,-14532,4676,3180,-1029,107,-33,-14708,-3048,5992,-490,126,-97,0
4016.6207871437073,10224,4876,11460,-182,7,114,9856,-10284,7476,-54,179,-130,-14708,4756,3228,-972,80,-85,-14776,-2908,5968,-485,147,-84,0
4016.6571490764613,10088,4820,11184,-202,-12,138,9984,-10164,7644,-12,142,-186,-14688,4708,3364,-974,123,-117,-14652,-2972,6092,-488,205,-30,0
4016.6968269348145,10200,4784,11504,-265,-137,179,9840,-10152,7780,-26,113,-3,-14692,4812,3304,-894,127,-124,-14684,-2996,5956,-463,201,-82,0
4016.730301141739,10136,4780,11276,-213,-191,180,9872,-10136,7836,-41,78,-263,-14664,4820,3224,-938,202,-156,-14716,-2980,6048,-497,230,-69,0
4016.7637350559235,10124,4812,11484,-241,-196,200,9964,-10164,7780,-26,68,-297,-14572,4720,3236,-902,168,-159,-14760,-3068,6116,-465,208,-75,0
4016.7975330352783,9984,4824,11212,-266,-207,180,9848,-10128,7660,-28,143,-265,-14592,4792,3048,-947,156,-162,-14668,-2900,5932,-450,210,-55,0
4016.8311529159546,10468,4840,11256,-276,-188,160,9856,-10152,7764,-55,66,-323,-14752,4516,3148,-981,152,-156,-14652,-2888,6044,-451,230,-24,0
4016.864344120025,10476,4800,11432,-277,-151,162,9920,-10172,7704,-24,132,-233,-14628,4712,3212,-1013,187,-137,-14748,-2844,6096,-461,220,-37,0
4016.8977150917053,10360,4728,11280,-278,-202,148,10012,-10160,7660,-23,142,-218,-14684,4820,3008,-1003,178,-130,-14832,-2868,6120,-492,249,-71,0
4016.9313240051274,10488,4848,11104,-243,-213,158,9956,-10172,7576,31,90,-506,-14648,4648,3068,-990,204,-166,-14708,-2952,5840,-464,251,-92,0
4016.9649491310124,9988,4780,11164,-219,-165,168,10184,-10340,7896,0,80,-274,-14632,4752,3100,-778,152,-120,-14828,-3032,5792,-505,219,-97,0
4016.9986751079564,10156,4812,11196,-226,-213,140,9856,-10144,7716,20,83,-248,-14400,4592,3208,-1004,126,-103,-14812,-2920,5908,-473,228,-111,0
4017.0321609973907,10320,4892,11208,-193,-137,136,9900,-10060,7768,-38,103,-194,-14816,4744,3108,-775,123,-76,-14816,-2828,5896,-502,112,-140,0
4017.065462112426,10336,4680,11016,-174,-17,96,10024,-10076,7780,253,133,-141,-14736,4684,3284,-1271,98,-63,-14696,-2868,5872,-519,66,-138,0
4017.099092960357,10328,4828,11344,-170,-1,98,9912,-10144,7672,32,151,-101,-14728,4852,2828,-1060,120,-28,-14824,-2920,5696,-465,86,-129,0
4017.1325581073766,10352,4820,11232,-134,41,92,9780,-10088,7744,-57,164,-112,-14688,4580,3252,-770,103,23,-14820,-2916,5816,-454,94,-100,0
4017.1657791137695,10016,4796,11164,-168,-32,117,9940,-10280,7804,-45,114,-167,-14600,4716,3124,-1034,80,-64,-14612,-2868,5952,-524,175,-141,0
4017.1994340419774,10260,4724,11312,-170,-87,120,9884,-10188,7752,-15,131,-154,-14732,4700,2972,-1038,78,-73,-14748,-2972,5940,-505,168,-98,0
4017.232955932617,10272,4860,11288,-149,-92,107,9800,-10084,7812,-56,164,-132,-14592,4760,2856,-1032,83,-69,-14660,-2900,6052,-505,117,-142,0
4017.266163110733,10208,4828,11368,-161,0,80,9864,-10136,7740,-38,110,-161,-14664,4708,2872,-1007,109,-78,-14560,-2908,5836,-522,72,-132,0
4017.3000700473785,10348,4768,11180,-152,21,65,9832,-10128,7688,-27,106,-183,-14612,4680,3080,-1013,79,-12,-14716,-2944,6112,-513,88,-172,0
4017.3337609767914,10284,4808,11456,-180,-23,75,9880,-10072,7620,-65,208,-138,-14720,4676,3148,-1047,15,-30,-14660,-2876,5892,-449,151,-99,0
4017.3671541213994,10224,4780,11040,-300,-70,137,9868,-10168,7648,-64,229,-149,-14508,4684,2928,-938,77,-104,-14616,-2896,5864,-433,199,-29,0
4017.4003739356995,10124,4816,11148,-216,-159,188,9764,-10276,7792,-100,143,-173,-14648,4844,3084,-933,185,-162,-14604,-2932,5952,-474,233,-32,0
4017.4339179992676,10240,4728,11252,-140,-190,195,9892,-10260,7760,-62,43,-243,-14708,4668,3148,-1269,231,-160,-14680,-2816,5688,-501,234,-48,0
4017.4674201011653,10308,4840,11196,-97,-114,185,9976,-10176,7708,-38,54,-238,-14760,4716,3140,-1032,132,-112,-14740,-2956,5952,-541,174,-105,0
4017.5008990764613,10364,4664,11064,-119,-50,98,10092,-10128,7728,-32,157,-169,-14736,4604,3000,-1011,76,-77,-14612,-2940,5652,-492,124,-180,0
4017.5344171524052,10368,4736,11260,-160,15,42,10064,-10164,7508,-58,191,-131,-14800,4712,2988,-1280,80,-52,-15028,-2900,5796,-471,111,-196,0
4017.5679430961613,10288,4780,11120,-202,45,38,9984,-10108,7796,-43,150,-164,-14660,4708,3164,-943,79,-41,-14720,-2880,5912,-478,87,-176,0
4017.6013901233673,10248,4724,11148,-173,20,53,9928,-10140,7620,-66,106,-157,-14816,4860,2924,-914,70,-44,-14664,-2916,5852,-479,69,-154,0
4017.634719133377,10300,4828,11276,-164,4,72,9960,-10484,7856,-54,143,-144,-14640,4652,3168,-972,79,-83,-14828,-2936,6136,-486,115,-109,0
4017.6681499481206,10160,4716,11260,-182,-20,89,9836,-10064,7672,-50,108,-179,-14576,4664,3096,-988,110,-117,-14724,-3012,5976,-484,130,-123,0
4017.7017989158635,10184,4820,11160,-143,-57,82,9824,-10300,7792,-22,131,-200,-14648,4760,3184,-994,97,-92,-14656,-3032,6028,-490,167,-123,0
4017.7396490573883,10176,5072,11292,-154,-24,92,9848,-10240,7532,-9,172,-207,-14596,4772,3052,-929,102,-93,-14676,-3288,5944,-502,168,-122,0
4017.7748119831085,10032,4896,11188,-169,-42,114,9896,-10072,7768,-68,168,-212,-14596,4632,2876,-924,91,-117,-14648,-2868,5736,-459,111,-96,0
4017.8102090358734,10024,4804,11480,-173,-75,107,9880,-10124,7888,-46,157,-137,-14544,4760,3080,-973,88,-69,-14760,-2960,5808,-481,110,-91,0
4017.8460569381714,10296,4740,11276,-227,-68,133,9944,-10168,7652,-35,131,-164,-14412,4584,3136,-782,148,-56,-14624,-3008,5656,-457,164,-62,0
4017.8817880153656,10276,4824,11080,-195,-101,129,9968,-10204,7704,-82,133,-189,-14772,4768,3080,-1067,121,-38,-14700,-2920,5904,-468,188,-93,0
4017.91764998436,10372,4736,11244,-180,-73,90,9836,-10296,7724,-35,133,-189,-14724,4780,3260,-1074,122,-63,-14680,-2892,5904,-258,194,-119,0
4017.9528961181645,10356,4712,11100,-137,-34,100,9972,-10168,7612,-41,155,-123,-14608,4656,3124,-1035,81,-60,-14744,-2884,6008,-505,134,-117,0
4017.9892330169682,9988,4800,11068,-105,48,89,9944,-10112,7528,-46,210,-84,-14596,4668,3288,-990,65,22,-14792,-3024,6004,-480,30,-173,0
4018.024272918701,10408,4732,11204,-123,132,49,9848,-10188,7804,-47,197,-64,-14604,4712,3112,-989,41,-35,-14824,-2892,5968,-491,50,-160,0
4018.0601511001587,10132,4612,11216,-135,61,72,9880,-10188,7672,-38,188,-82,-14604,4688,3140,-1016,39,24,-14684,-2912,6032,-504,106,-149,0
4018.0953750610347,10112,4768,11028,-109,42,83,9940,-10132,7828,-74,162,-131,-14580,4664,3164,-1033,82,-70,-14696,-2960,5920,-477,160,-130,0
4018.1309659481053,10000,5116,11276,-150,-30,99,9944,-10328,7732,-48,177,-162,-14584,4836,3100,-1021,103,-88,-14688,-2964,5896,-489,149,-160,0
4018.166218042373,10168,4848,11356,-118,-45,56,9916,-10176,7756,-32,177,-155,-14620,4696,3104,-966,56,-61,-14664,-2968,5980,-261,156,-163,0
4018.202497959137,10100,4744,11368,-143,-9,72,9788,-9988,7804,-14,206,-157,-14768,4744,3136,-994,28,-96,-14752,-3004,5928,-485,138,-155,0
4018.237631082535,10052,4952,11368,-153,-10,64,9956,-10168,7748,-21,188,-167,-14632,4824,3500,-1008,84,-65,-14776,-3012,5936,-510,149,-134,0
4018.2734129428864,10216,4788,11164,-147,-35,78,9732,-10188,7628,-18,197,-150,-14676,4648,3080,-1020,77,-105,-14668,-2960,6000,-485,133,-143,0
4018.309263944626,10216,4852,11264,-174,-20,103,9816,-10144,7692,-55,208,-142,-14620,4696,2856,-965,90,-52,-14776,-2924,6124,-465,147,-126,0
4018.3440089225774,10160,4908,11336,-168,-55,99,9904,-10240,7880,-51,164,-179,-14752,4612,2928,-998,97,-82,-14708,-2960,5972,-498,169,-128,0
4018.380352973938,10224,4828,11252,-139,-62,60,9924,-10176,7816,-11,167,-176,-14544,4740,3072,-1000,115,-99,-14672,-2944,5916,-483,172,-116,0
4018.4139540195465,10176,4784,11300,-146,-30,79,10204,-10132,7680,-45,174,-150,-14620,4672,3224,-977,95,-85,-14688,-2912,5884,-464,131,-137,0
4018.447592973709,10224,4900,11308,-134,-22,74,9840,-10224,7904,-36,193,-143,-14840,4704,3228,-983,97,-124,-14616,-3000,6028,-503,125,-127,0
4018.481164932251,10116,4848,11100,-137,-14,124,9840,-10088,7704,-44,139,-157,-14652,4740,3208,-940,34,-71,-14668,-2876,5868,-487,123,-122,0
4018.5147881507874,10164,4932,11140,-137,-36,82,9860,-10068,7708,-29,185,-145,-14732,4712,3156,-1277,91,-51,-14672,-3056,5908,-508,153,-120,0
4018.5480239391322,10080,4824,11252,-159,-24,101,9816,-10180,7728,-36,177,-186,-14648,4656,3200,-982,94,-69,-14824,-2936,5876,-479,189,-108,0
4018.581743001938,10180,4860,11212,-185,-60,98,9792,-10008,7776,-57,153,-175,-14616,4632,3204,-962,130,-89,-14708,-2948,5748,-467,123,-128,0
4018.6150109767914,9984,4840,11504,-151,-26,101,9928,-10304,7776,-37,156,-153,-14640,4620,3296,-939,67,-87,-14740,-3000,5808,-484,115,-124,0
4018.6481990814214,10108,4792,11512,-203,-16,93,9828,-10224,7744,-22,159,-144,-14360,4620,3004,-976,86,-49,-14676,-3044,5864,-261,143,-123,0
4018.6817870140076,10180,4932,11272,-172,-24,72,9912,-10124,7476,-66,183,-144,-14632,4684,3108,-1002,86,-50,-14740,-2968,5932,-459,117,-114,0
4018.71544098854,10224,4944,11060,-170,-21,74,9848,-10232,7660,-53,177,-172,-14768,4804,3048,-1000,97,-131,-14760,-2912,5700,-500,161,-128,0
4018.7487390041356,10056,4964,11272,-168,-29,69,9768,-10204,7708,-36,178,-132,-14588,4684,3176,-1009,41,-52,-14344,-3000,5888,-489,133,-122,0
4018.7823150157933,10180,4936,11012,-164,-17,101,9808,-10160,7732,-82,171,-111,-14680,4716,3132,-1017,50,-13,-14724,-2912,5920,-455,120,-133,0
4018.8158330917363,10076,5004,11416,-161,37,94,9832,-10416,7800,-79,172,-142,-14832,4612,3172,-1000,130,-35,-14672,-2996,5996,-488,132,-113,0
4018.8492710590363,10040,4960,11508,-174,9,69,9736,-10224,7832,-99,166,-148,-14648,4652,3192,-958,56,-105,-14628,-2940,5948,-503,148,-88,0
4018.882739067077,10092,4984,11448,-210,-12,110,9816,-10220,7712,-73,139,-177,-14768,4708,3288,-948,133,-123,-14684,-2920,6012,-488,212,-61,0
4018.9163761138916,10224,4916,11424,-262,-110,129,9796,-10280,7760,-53,113,-249,-14540,4784,3156,-1017,148,-97,-14676,-2928,5948,-459,238,-23,0
4018.9497561454773,10212,4864,11348,-219,-100,117,9792,-10104,7528,-39,107,-246,-14624,4788,3012,-966,145,-114,-14612,-2868,5968,-481,215,-49,0
4018.9834311008453,10176,4916,11368,-263,-101,120,9872,-10232,7812,-27,131,-229,-14696,4692,3132,-930,140,-120,-14672,-2896,5988,-462,186,-22,0
4019.017127990722,10040,4872,11352,-259,-98,148,9772,-10252,7760,-35,153,-211,-14644,4876,3052,-932,132,-147,-14744,-2940,5924,-459,194,-87,0
4019.0506031513214,10084,4892,11264,-261,-102,151,9888,-10252,7668,-38,158,-201,-14672,4680,3168,-944,153,-128,-14652,-2888,5920,-468,193,-65,0
4019.0841219425206,10180,4756,11336,-247,-142,156,9992,-10256,7672,-35,159,-216,-14392,4704,3256,-954,175,-113,-14708,-2972,5816,-450,197,-42,0
4019.117665052414,10140,4836,11092,-271,-137,129,9976,-10184,7688,-41,108,-227,-14736,4596,3036,-987,174,-139,-14680,-2992,5908,-433,222,-66,0
4019.1506590843205,10168,4700,11324,-258,-161,115,9936,-10156,7640,-22,98,-249,-14756,4716,3076,-965,137,-197,-14736,-2848,5632,-451,225,-51,0
4019.1842110157013,10216,4868,11236,-239,-149,143,9900,-10144,7732,9,95,-250,-14712,4732,2816,-947,149,-137,-14768,-2872,5976,-448,216,-72,0
4019.2177951335907,10184,4864,11320,-225,-132,118,9916,-10256,7492,-255,109,-209,-14676,4744,3132,-980,134,-128,-14772,-2884,6068,-454,183,-90,0
4019.251289129257,10156,4872,11212,-217,-135,144,9756,-10288,7784,-5,115,-180,-14740,4628,2972,-975,119,-100,-14704,-2900,5860,-481,151,-81,0
4019.2850511074066,10104,4852,11324,-226,-123,136,9792,-10192,7732,4,107,-198,-14636,4620,3252,-1278,148,-63,-14684,-3016,5852,-474,155,-70,0
4019.318701982498,10260,4848,11008,-214,-89,150,9744,-10192,7824,9,112,-219,-14644,4604,2924,-981,179,-104,-14724,-2892,5940,-474,188,-61,0
4019.352250099182,10080,4632,11164,-271,-157,166,9836,-10236,7672,-15,75,-229,-14696,4624,3104,-959,157,-92,-14364,-2928,5996,-453,199,-72,0
4019.3852870464325,10200,4864,11300,-214,-109,174,9820,-10176,7688,-63,108,-211,-14772,4692,3080,-1001,155,-115,-14700,-2852,5900,-480,155,-72,0
4019.4237120151524,10272,4768,11236,-245,-71,127,9888,-9996,7684,24,136,-190,-14676,4624,2892,-1003,118,-90,-14724,-2996,5868,-482,177,-111,0
4019.4592759609222,10116,4948,11164,-268,-122,163,9816,-10132,7728,-18,105,-195,-14632,4608,3196,-980,128,-95,-14684,-2936,5632,-437,168,-130,0
4019.494642972946,10272,4848,11220,-178,-100,97,9864,-10224,7884,-41,124,-212,-14712,4756,3052,-1055,109,-85,-14712,-2872,5948,-478,151,-138,0
4019.530620098114,10016,4760,11008,-224,-112,117,9840,-10200,7708,-3,100,-195,-14632,4676,2872,-1046,98,-131,-14784,-2940,5852,-474,200,-108,0
4019.5656149387364,10324,4740,11108,-123,-56,101,9976,-10188,7712,-38,122,-134,-14724,4664,3068,-1064,109,-56,-14808,-2840,5760,-459,114,-136,0
4019.60562300682,10436,4624,11084,-140,34,100,9740,-10200,7692,-64,104,-127,-14692,4716,3020,-1078,93,-16,-14648,-2848,5780,-453,89,-167,0
4019.6413171291356,10136,4792,11368,-163,22,90,9848,-10188,7736,-51,147,-136,-14640,4648,3124,-1003,74,-46,-14676,-2900,5716,-461,133,-153,0
4019.6776621341705,10220,4776,11412,-141,-22,90,9936,-10304,7772,-58,166,-147,-14724,4708,2896,-990,105,-50,-14668,-2860,6028,-491,163,-170,0
4019.712885141372,10136,4892,11348,-165,-45,109,9840,-10088,7672,-45,104,-191,-14612,4700,3320,-1040,112,-31,-14768,-2928,5848,-470,184,-140,0
4019.7481400966644,10012,4632,11044,-165,-28,118,9908,-10116,7864,-73,84,-154,-14600,4664,3056,-1012,105,-77,-14692,-2936,5956,-484,114,-126,0
4019.783539056778,10256,5084,11300,-186,6,129,9936,-10176,7740,-44,125,-137,-14704,4668,3012,-1046,103,-66,-14840,-2832,5752,-495,113,-107,0
4019.8195230960846,10140,4876,11192,-171,10,107,9944,-10236,7636,-41,120,-141,-14592,4692,2908,-1066,95,-23,-14704,-2912,5792,-490,131,-128,0
4019.854926109314,10024,4740,11508,-191,235,127,9860,-10304,7756,-86,120,-161,-14724,4620,3104,-999,103,-102,-14720,-2860,5800,-483,149,-119,0
4019.890239953994,10136,4828,11316,-158,-54,121,9880,-10228,7856,-92,129,-165,-14664,4656,3040,-999,82,-69,-14676,-2632,5812,-469,148,-134,0
4019.9262249469757,10216,4820,11344,-178,-77,110,9784,-10268,7444,-85,157,-175,-14756,4684,3148,-975,85,-51,-14644,-2960,5672,-476,162,-136,0
4019.9623670578003,10132,4624,11448,-160,-45,102,9876,-9988,7764,-35,174,-151,-14732,4756,2892,-1003,103,-85,-14764,-2952,5720,-472,145,-134,0
4019.998229980469,10220,5064,11276,-147,-46,84,9828,-10148,7676,-27,173,-138,-14808,4624,2908,-1003,123,-46,-14692,-2892,5876,-495,119,-180,0
4020.033751964569,10144,4860,11400,-161,-29,89,9828,-10188,7744,-36,139,-152,-14620,4656,3108,-1001,119,-79,-14656,-2880,5820,-470,158,-168,0
4020.0693459510803,10068,4892,11372,-147,-60,83,9980,-10220,7808,-35,158,-202,-14608,4688,2828,-942,41,-139,-14628,-2896,5808,-472,184,-178,0
4020.1029019355774,10128,4884,11316,-178,-80,96,9820,-10272,7744,-79,169,-166,-14732,4740,2932,-1005,77,-112,-14748,-3032,5944,-461,112,-137,0
4020.1365261077885,10188,4880,11260,-148,-39,89,9828,-10280,7760,-47,139,-148,-14716,4780,3264,-1009,57,-47,-14624,-2964,5872,-494,128,-155,0
4020.1700091362004,10092,5064,11484,-210,-34,97,9820,-10240,7904,-251,172,-148,-14624,4640,3060,-1021,48,-29,-14684,-2928,5752,-483,132,-161,0
4020.2034621238718,10092,4976,11184,-188,12,101,9940,-10228,7728,-40,164,-138,-14636,4436,2924,-1037,85,-254,-14636,-2952,5884,-459,88,-143,0
4020.237715005874,10116,4860,11252,-193,-3,87,9876,-10032,7728,-4,195,-127,-14736,4652,3156,-1021,80,-57,-14732,-2948,6008,-498,150,-163,0
4020.271000146866,10040,4808,11324,-195,-27,79,9824,-10180,7744,-17,174,-150,-14548,4648,2952,-1038,80,-92,-14660,-2916,6008,-483,139,-161,0
4020.3044991493225,10132,4932,11200,-156,-56,113,9828,-10088,7700,-37,157,-124,-14764,4600,3164,-964,17,-37,-14712,-2892,5924,-479,109,-159,0
4020.3380761146545,9952,4860,11296,-163,-10,95,9864,-10308,7812,-25,179,-114,-14600,4752,3300,-983,63,-26,-14700,-2928,5940,-474,118,-171,0
4020.3716139793396,10084,4948,11020,-190,-15,91,9896,-10268,7904,-20,169,-129,-14376,4684,3176,-991,75,-36,-14708,-3024,5780,-470,130,-110,0
4020.405123949051,10132,4936,11288,-173,-33,109,9796,-10472,7916,-46,212,-135,-14656,4708,3216,-952,69,-119,-14632,-2916,5940,-480,149,-94,0
4020.4384500980373,10184,4832,11224,-225,-62,81,9816,-10204,7864,-33,169,-173,-14580,4724,3048,-1052,118,-59,-14740,-3056,5800,-469,167,-126,0
4020.471888065338,10120,4892,11396,-169,-46,112,9856,-10216,7676,-35,150,-165,-14624,4688,3016,-1038,130,-66,-14416,-2952,6028,-467,124,-124,0
4020.5055580139165,10016,4608,11404,-204,-30,113,9892,-10260,7868,-18,170,-146,-14604,4788,3124,-1024,86,-10,-14676,-2968,5916,-486,139,-98,0
4020.5392389297485,10128,4664,11348,-161,-6,83,9872,-10288,7684,-28,169,-151,-14728,4728,3064,-1016,122,-82,-14744,-2896,5852,-484,117,-104,0
4020.5727150440216,10072,4892,11296,-178,-47,106,9784,-10164,7472,-36,175,-153,-14660,4708,3128,-1009,94,-99,-14644,-3000,5900,-480,177,-110,0
4020.6064150333405,10112,4832,11356,-183,-77,100,9560,-10272,7724,-57,140,-192,-14716,4744,3004,-1006,108,-77,-14792,-2956,5864,-463,172,-94,0
4020.6396350860596,10080,4612,11344,-184,-46,92,9788,-10268,7732,-58,149,-178,-14684,4708,3160,-1273,102,-53,-14732,-2884,5896,-492,149,-81,0
4020.6728889942174,10000,4904,11464,-230,-42,115,9792,-10416,7552,-36,159,-151,-14748,4736,3188,-1010,106,-86,-14692,-3020,5896,-477,156,-81,0
4020.706377029419,10116,4896,11340,-220,-77,91,9792,-10276,7804,-56,139,-209,-14420,4684,3052,-997,103,-104,-14616,-2832,6044,-471,183,-75,0
4020.740021944046,10200,5116,11376,-7,-73,126,9812,-10284,7832,-40,136,-205,-14344,4752,3096,-972,126,-112,-14668,-2872,5876,-478,191,-59,0
4020.773530960083,10076,4908,11456,-2,-95,134,9752,-10272,7896,-56,80,-249,-14600,4676,2864,-955,115,-119,-14776,-3012,5764,-472,223,-54,0
4020.807353973388,10048,4808,11240,-249,-119,116,9816,-10344,7908,-37,102,-254,-14664,4688,3092,-943,112,-107,-14648,-2916,5832,-463,202,-49,0
4020.840770959854,10132,4840,11380,-273,-100,133,9532,-10156,7748,-40,95,-236,-14664,4600,3136,-967,122,-148,-14652,-2928,5748,-466,186,-42,0
4020.874218940736,10208,4928,11332,-324,-132,128,9824,-10212,7800,-47,134,-254,-14648,4648,3136,-952,149,-132,-14768,-2952,5940,-443,170,-89,0
4020.9075810909276,10112,4780,11208,-263,-96,121,9876,-10012,7888,-69,107,-225,-14692,4760,3060,-940,121,-116,-15092,-2632,5828,-462,132,-99,0
4020.9413459300995,10204,4776,11236,-316,-57,101,9912,-10352,7736,27,112,-187,-14732,4648,3112,-956,89,-80,-14772,-2924,5744,-474,143,-83,0
4020.9749119281773,10192,4844,11372,-294,-110,94,9872,-10188,7844,-20,100,-219,-14660,4736,3024,-956,124,-104,-14784,-2972,5832,-427,186,-96,0
4021.0084600448613,10100,4804,11392,-268,-100,79,9892,-10192,7840,-6,121,-242,-14704,4640,3120,-967,88,-149,-14824,-2896,5848,-469,182,-140,0
4021.0418660640717,10280,4776,11336,-300,-109,67,9860,-10004,7784,-8,134,-245,-14632,4716,2992,-991,67,-137,-14680,-3040,5880,-457,188,-92,0
4021.0776059627533,10212,4868,11328,-275,-90,98,9812,-10248,7652,3,130,-202,-14728,4732,3012,-961,85,-97,-14764,-2860,5960,-476,123,-136,0
4021.113251924514,10108,4768,11356,-274,-45,113,9876,-10196,7796,-4,125,-153,-14740,4720,3244,-973,105,-78,-14664,-3024,5868,-452,101,-122,0
4021.1488060951233,10028,4888,11196,-284,-55,101,9752,-10036,7704,7,113,-205,-14688,4748,3128,-977,114,-114,-14696,-3064,5932,-486,150,-113,0
4021.1837170124054,10072,4636,11216,-240,-129,129,9828,-10232,7656,-10,124,-214,-14348,4616,3212,-955,99,-96,-14584,-2948,5632,-483,200,-103,0
4021.2192850112915,10152,4824,11172,-282,-221,150,9872,-10244,7704,10,110,-225,-14816,4628,3136,-977,105,-132,-14736,-2916,5756,-458,219,-68,0
4021.2542989254002,10020,4756,11168,-225,-193,147,10204,-10132,7836,-10,123,-222,-14768,4676,3076,-1014,150,-113,-14712,-2852,5748,-473,191,-83,0
4021.290013074875,10460,4636,11148,-221,-158,136,9860,-10200,7804,255,105,-229,-14752,4832,3148,-972,131,-104,-14828,-2952,5860,-448,172,-84,0
4021.3249580860133,10404,4824,11036,-193,-116,143,9836,-10224,7808,-30,125,-195,-14752,4748,3148,-994,119,-70,-14672,-2920,5780,-481,159,-121,0
4021.361237049103,10164,4844,11440,-169,-106,132,9912,-10160,7740,-26,142,-149,-14636,4592,3160,-1047,113,-71,-14732,-2960,5800,-484,144,-87,0
4021.397145032882,10140,4824,11044,-175,-56,131,9820,-10384,7892,-32,172,-144,-14748,4744,3120,-1056,107,-56,-14828,-2820,5708,-471,155,-121,0
4021.4323201179504,10204,4828,11320,-157,-28,123,9740,-10096,7740,-38,174,-142,-14660,4668,3148,-1044,96,-38,-14808,-2868,5764,-468,145,-134,0
4021.468549013138,10124,4796,11188,-160,-8,111,9964,-10312,7744,-45,158,-139,-14684,4688,2836,-1050,76,-71,-14776,-2852,5632,-472,146,-103,0
4021.5033760070805,10300,4812,11300,-137,-11,97,9804,-10196,7852,-73,147,-128,-14808,4648,3064,-1039,123,-63,-14664,-2876,5828,-487,154,-133,0
4021.539164066314,10008,4768,11492,-122,-45,114,9876,-10208,7740,-46,167,-161,-14676,4680,3152,-1036,87,-45,-14688,-2944,5688,-497,155,-97,0
4021.574275016784,9996,4776,11428,-148,-33,116,9828,-10200,7468,-61,140,-150,-14808,4704,2896,-1011,126,-29,-14604,-2976,5944,-495,191,-79,0
4021.6097240448003,10156,4836,11492,-135,-30,105,9776,-10116,7768,-74,156,-174,-14744,4676,3308,-1033,95,-118,-14732,-2968,5932,-486,142,-115,0
4021.645108938217,10172,4712,11304,-117,251,82,9884,-9992,7712,-36,181,-128,-14648,4724,3220,-1048,48,-65,-14756,-2928,5800,-767,121,-145,0
4021.6803629398346,10128,4796,11296,-176,7,69,9840,-10232,7764,16,158,-163,-14600,4648,2964,-1022,67,-57,-14748,-3012,5976,-466,142,-159,0
4021.7172091007233,10144,5036,11436,-106,-19,46,9852,-10152,7808,-59,170,-155,-14792,4676,2824,-1003,75,-66,-14728,-2948,5748,-470,121,-166,0
4021.750662088394,10124,4788,11400,-151,-254,43,9880,-10200,7628,-50,155,-173,-14720,4692,2904,-1031,55,-91,-14768,-3060,5828,-481,136,-153,0
4021.784212112426,10488,4728,11020,-164,-27,72,9884,-10104,7764,-22,176,-126,-14664,4640,3112,-1026,63,-67,-14808,-2876,5808,-506,142,-154,0
4021.8177170753484,10164,5116,11388,-137,252,86,9972,-10152,7736,-54,159,-117,-14592,4708,3088,-1007,95,-25,-14776,-3048,5988,-476,93,-142,0
4021.851269006729,10064,5076,11328,-167,43,78,9892,-10484,7900,-38,229,-42,-14628,4832,2888,-1277,37,-39,-14724,-2884,6040,-493,89,-154,0
4021.8848371505733,10108,4820,11372,-183,26,76,9748,-10276,7712,-39,212,-111,-14552,4636,3032,-1019,55,-67,-14712,-2880,5632,-478,103,-139,0
4021.9184370040894,10136,4904,11400,-152,-11,88,9784,-10248,7736,-43,161,-138,-14368,4436,3220,-1060,103,-52,-14724,-2948,5824,-481,131,-127,0
4021.9519350528717,9944,4828,11364,-179,-50,135,9820,-10204,7804,-20,135,-177,-14672,4676,3316,-1030,104,-89,-14680,-3056,5808,-495,165,-105,0
4021.985460996628,10272,4880,11288,-156,-52,117,9812,-10244,7776,-31,147,-140,-14680,4728,3120,-1009,104,-2,-14696,-3004,5948,-492,122,-117,0
4022.0192489624023,10200,4864,11324,-198,-45,113,9876,-10208,7720,-22,181,-147,-14592,4740,3076,-1048,98,-38,-14744,-2920,6124,-477,120,-120,0
4022.0530350208282,10224,4828,11340,-189,-16,113,9880,-10172,7744,-25,148,-163,-14668,4776,2940,-1031,100,-48,-14736,-3016,5788,-486,147,-96,0
4022.086669921875,9980,4824,11512,-184,-63,132,9844,-10132,7832,-33,155,-172,-14700,4744,2984,-1036,128,-87,-14712,-2848,5860,-472,149,-96,0
4022.1203420162205,10104,4860,11384,-179,-29,124,9824,-10488,7684,-13,155,-162,-14572,4800,3300,-1051,115,-82,-14700,-2972,5804,-463,160,-114,0
4022.153456926346,9732,4808,11296,-199,-49,104,9840,-10280,7668,-52,174,-177,-14708,4788,3232,-1010,102,-76,-14644,-3008,5660,-468,142,-110,0
4022.1868081092834,10164,4808,11092,-198,-44,99,9760,-10200,7740,-44,161,-170,-14796,4824,3224,-977,77,-109,-14676,-2892,5844,-469,165,-119,0
4022.220488071441,10092,4856,11368,-180,-17,119,9848,-10448,7788,-35,149,-161,-14572,4708,3252,-1003,107,-121,-14688,-2936,5804,-474,176,-116,0
4022.2537939548492,10020,4828,11496,-194,-37,91,9872,-10172,7720,-67,147,-181,-14584,4836,3276,-1272,113,-109,-14696,-2916,5860,-485,193,-110,0
4022.2873809337616,10040,4864,11312,-197,-39,89,9776,-10208,7824,-48,149,-191,-14568,4720,3048,-1267,134,-88,-14676,-2872,5904,-479,176,-74,0
4022.3209681510925,9984,4864,11496,-182,-60,77,9804,-10208,7792,-27,134,-210,-14716,4624,3364,-994,89,-96,-14692,-3000,5868,-489,192,-117,0
4022.3542740345006,10080,4836,11308,-219,-67,104,9872,-10172,7444,-42,120,-196,-14624,4660,3148,-989,120,-108,-14728,-3048,5864,-466,149,-121,0
4022.3876719474792,10092,4972,11388,-204,-52,92,9748,-10236,7804,-66,126,-182,-14616,4716,3244,-957,99,-102,-14760,-2960,5792,-488,118,-99,0
4022.4213950634003,10080,4932,11364,-264,-28,114,9812,-10236,7756,23,98,-204,-14692,4644,3320,-1000,101,-97,-14432,-3048,5840,-495,150,-105,0
4022.4547131061554,10008,4912,11340,-267,-83,101,9920,-10124,7852,-54,75,-229,-14700,4656,3212,-986,135,-98,-14768,-3016,5824,-459,169,-72,0
4022.4882099628453,10120,4948,11376,-229,-97,96,9784,-10240,7916,-67,97,-205,-14680,4752,3144,-1019,104,-129,-14700,-2908,5812,-479,178,-89,0
4022.5213871002197,10032,4792,11424,-313,-110,92,9812,-10212,7812,249,103,-230,-14660,4716,3016,-992,102,-140,-14668,-2836,5892,-467,183,-113,0
4022.5547249317174,9988,4748,11468,-282,-100,114,9848,-10120,7768,-18,96,-214,-14712,4732,3108,-964,84,-86,-14708,-2880,5768,-457,164,-93,0
4022.588473081589,10140,4876,11556,-271,-58,122,9840,-10040,7824,-29,94,-192,-14712,4748,2888,-975,110,-41,-14828,-3000,5876,-418,114,-125,0
4022.6219370365143,10104,4792,11464,-274,-65,100,9836,-10120,7724,-37,135,-194,-14688,4764,3080,-942,74,-110,-14724,-2840,5760,-458,140,-129,0
4022.655175924301,9828,4616,11396,-250,-58,89,9916,-10232,7636,-18,123,-215,-14400,4724,2896,-957,88,-129,-14688,-2960,5792,-472,201,-102,0
4022.6885409355164,10048,4728,11324,-244,-123,97,9816,-10180,7920,-10,102,-247,-14672,4616,3300,-986,175,-106,-14692,-2880,5884,-468,205,-82,0
4022.7218780517574,10112,4788,11424,-252,-133,114,9832,-9996,7864,-11,95,-253,-14696,4676,3024,-997,130,-124,-14680,-3000,5852,-465,192,-53,0
4022.7588160037994,10020,4904,11484,-225,-116,122,9808,-10172,7832,3,98,-218,-14676,4828,3068,-977,95,-105,-14720,-2808,5716,-476,201,-114,0
4022.79394698143,10052,4824,11424,-221,-101,124,9840,-10128,7884,4,123,-226,-14636,4804,2956,-1277,105,-92,-14728,-2940,5704,-481,187,-88,0
4022.8301970958714,10064,4824,11324,-216,-97,121,9828,-10412,7872,10,103,-207,-14412,4660,3096,-997,127,-148,-14732,-2924,5864,-454,180,-93,0
4022.865530014038,9996,4820,11448,-225,-133,139,9800,-10224,7768,-8,107,-203,-14572,4704,3028,-1030,122,-91,-14712,-3084,5812,-483,185,-94,0
4022.9010050296783,10092,4708,11036,-235,-153,112,9804,-10200,7752,-37,101,-202,-14644,4692,3148,-994,126,-138,-14804,-2964,5656,-480,177,-91,0
4022.936010122299,10148,4844,11204,-211,-136,111,9772,-10204,7852,-255,131,-228,-14632,4732,2892,-999,107,-70,-14640,-2860,5820,-489,183,-93,0
4022.9719641208653,9992,4608,11348,-188,-111,125,9904,-10224,7724,-24,144,-186,-14696,4740,3052,-1005,122,-106,-14684,-2956,5748,-476,162,-100,0
4023.007978916168,10200,4832,11284,-175,-68,140,9820,-10172,7500,-27,138,-156,-14628,4716,3048,-1028,138,-112,-14804,-2944,5840,-465,152,-108,0
4023.0434880256653,10116,4776,11360,-141,-49,120,9856,-10160,7784,-33,124,-144,-14724,4596,3020,-1040,117,-54,-14840,-2952,5760,-499,128,-115,0
4023.0793459415436,10016,4800,11008,-105,-23,128,9948,-10240,7744,-22,131,-139,-14696,4668,3244,-1026,156,-95,-14780,-2888,5824,-501,159,-114,0
4023.1150040626526,10088,4612,11228,-151,-47,111,9872,-10068,7776,-41,143,-143,-14716,4804,3224,-1041,106,-100,-14836,-2996,5848,-475,138,-114,0
4023.1508591175084,10132,4828,11172,-111,-17,120,9852,-10220,7724,-52,177,-106,-14708,4844,3032,-1037,116,-45,-14776,-2888,5796,-504,107,-120,0
4023.1859490871434,10072,4740,11508,-156,-20,118,9812,-10296,7756,-6,155,-105,-14660,4692,3236,-1073,86,-46,-14580,-3020,5712,-492,162,-110,0
4023.2218420505524,10096,5048,11504,-152,-4,134,9840,-10228,7924,-63,183,-132,-14644,4628,3276,-1054,160,-15,-14704,-2988,5744,-488,132,-133,0
4023.2581169605255,10060,4856,11500,-130,2,71,9920,-10492,7892,-73,159,-143,-14752,4696,3028,-1087,118,-38,-14804,-2924,5844,-517,160,-133,0
4023.2938411235814,10140,4844,11364,-159,-25,107,9876,-10168,7616,-39,135,-154,-14628,4740,2836,-1083,104,-46,-14644,-2948,5716,-502,158,-86,0
4023.329201936722,10076,4828,11172,-111,-18,123,9932,-10232,7588,-42,121,-140,-14632,4360,3028,-1049,101,-61,-14776,-2940,5976,-493,101,-143,0
4023.3647129535675,10048,4772,11288,-116,6,101,9864,-10188,7800,-37,136,-119,-14724,4772,2828,-1033,95,-71,-14720,-2924,5880,-495,87,-105,0
4023.4012200832362,10028,5012,11460,-149,246,74,9848,-10204,7732,-34,165,-143,-14648,4720,3048,-982,87,-97,-14740,-2908,5816,-483,147,-107,0
4023.43478512764,10012,4876,11396,-145,-7,117,9848,-10232,7896,-24,160,-163,-14808,4380,3004,-985,120,-120,-14792,-2888,5672,-491,169,-108,0
4023.468183994293,9996,4872,11240,-170,-20,98,9772,-10176,7748,-4,131,-174,-14744,4668,3204,-1050,123,-84,-14744,-2980,5840,-498,154,-125,0
4023.5018079280853,10024,4912,11348,-138,255,75,9760,-10020,7704,-37,160,-161,-14652,4672,3260,-1021,78,-53,-14748,-2992,5768,-487,114,-143,0
4023.5354299545284,10016,4808,11356,-154,15,97,9868,-10200,7708,-17,168,-162,-14680,4772,3024,-1027,81,-72,-14656,-2948,5756,-487,148,-146,0
4023.5686099529266,9748,4892,11388,-171,5,93,9776,-10360,7788,-251,159,-142,-14784,4624,3040,-1006,98,-102,-14668,-2936,5820,-471,145,-140,0
4023.6020970344543,10004,4644,11312,-176,-30,125,9804,-10280,7900,-19,145,-163,-14616,4672,3128,-1046,132,-71,-14728,-2984,5808,-471,154,-101,0
4023.6354429721832,10048,4824,11388,-199,-49,125,9824,-10204,7776,-26,158,-167,-14732,4640,2912,-1054,113,-54,-14736,-2980,5932,-477,168,-109,0
4023.6688411235814,10108,4856,11060,-167,-54,109,9780,-10236,7688,-37,129,-176,-14712,4644,2928,-999,100,-41,-14716,-3012,5728,-459,153,-100,0
4023.702203035354,10052,4660,11340,-208,-37,128,9856,-10212,7888,-26,144,-169,-14716,4760,3176,-1274,107,-97,-14764,-2992,5712,-489,182,-101,0
4023.7356491088867,10028,4864,11392,-175,-35,126,9732,-10216,7728,-17,153,-169,-14840,4708,3064,-1023,117,-38,-14836,-2860,5788,-487,148,-120,0
4023.7689030170445,10048,4868,11296,-175,-69,105,9764,-10252,7700,-22,127,-170,-14708,4644,3236,-1004,127,-54,-14700,-2880,5764,-507,122,-127,0
4023.8023970127106,10036,4756,11324,-192,-67,95,9800,-10464,7700,-8,136,-164,-14696,4728,3216,-689,-243,-93,-14752,-3048,5900,-481,146,-100,0
4023.8360209465027,10084,5096,11392,-194,-82,103,9808,-10164,7840,-24,158,-162,-14632,4708,3088,-973,81,-104,-14736,-2960,5832,-493,165,-104,0
4023.869781970978,10072,4808,11552,-187,-45,85,9864,-10408,7824,-34,166,-172,-14380,4688,3028,-1024,107,-92,-14768,-2992,5828,-486,141,-119,0
4023.9030070304875,10080,4820,11296,-189,-71,104,9772,-10128,7820,-45,139,-185,-14628,4740,3056,-1024,100,-67,-14784,-2948,5844,-461,146,-131,0
4023.9366800785065,10104,4896,11284,-202,-29,110,9792,-10160,7632,-62,169,-154,-14712,4708,3200,-986,81,-87,-14760,-2864,5808,-462,82,-131,0
4023.9700109958653,9848,4820,11416,-198,-255,80,9964,-10164,7760,-45,159,-138,-14844,4748,3100,-980,94,-25,-14652,-2976,5772,-500,121,-111,0
4024.0032069683075,9984,4884,11524,-1,244,113,9828,-10308,7880,-17,165,-148,-14660,4384,3036,-1016,86,-50,-14612,-2996,5856,-477,140,-104,0
4024.036847114563,9928,5068,11460,-224,-20,100,9760,-10232,7736,-68,146,-191,-14348,4700,2820,-1012,124,-67,-14708,-2852,5676,-481,147,-103,0
4024.070291996002,9800,4816,11512,-223,-76,121,9836,-10480,7896,-38,150,-210,-14648,4680,3232,-1033,116,-103,-14640,-3032,5640,-503,168,-99,0
4024.1038110256195,10072,4880,11312,-249,-95,141,9800,-10196,8172,-26,76,-214,-14616,4728,2824,-996,127,-114,-14676,-3016,5772,-476,173,-67,0
4024.1373000144963,10068,4900,11212,-244,-78,158,9816,-10212,7812,-52,101,-195,-14708,4760,3200,-1016,117,-49,-14784,-2972,5720,-474,123,-76,0
4024.1706941127773,10220,4844,11408,-278,-37,113,9772,-10200,7776,-55,119,-192,-14416,4684,3088,-967,83,-82,-14684,-3020,5976,-477,93,-71,0
4024.20393395424,9780,4824,11468,-315,-25,98,9740,-10212,7972,-45,109,-197,-14620,4692,3144,-922,95,-109,-14656,-2888,5684,-500,119,-100,0
4024.237560033798,9976,4816,11740,-283,-69,95,9808,-10152,7752,-26,117,-212,-14664,4660,3004,-946,105,-142,-14668,-3028,5800,-468,155,-86,0
4024.270935058594,9792,4760,11460,-283,-110,96,9868,-10324,7712,-11,87,-265,-14624,4732,3004,-953,145,-134,-14636,-2856,5744,-465,171,-82,0
4024.3043799400334,10176,4744,11280,-286,-95,78,9972,-10220,7880,-20,114,-245,-14708,4668,3004,-977,120,-96,-14752,-2928,5820,-463,161,-113,0
4024.3380470275883,10104,4844,11640,-279,-83,81,9860,-10224,7732,25,127,-231,-14780,4612,3124,-919,96,-160,-14712,-2868,5892,-458,166,-124,0
4024.371575117111,10216,4620,11692,-274,-78,75,9820,-10264,7740,0,143,-234,-14620,4760,2924,-966,86,-138,-14676,-2864,5692,-465,162,-87,0
4024.4048440456395,10060,4784,11360,-242,-93,77,9824,-10188,7760,-255,155,-217,-14684,4672,3020,-972,128,-115,-14788,-3040,5704,-462,196,-86,0
4024.441920042038,9920,4856,11364,-254,-114,92,9796,-10208,7800,-18,129,-231,-14372,4856,3056,-957,118,-104,-14688,-2904,5860,-471,151,-113,0
4024.478042125702,10000,4852,11340,-277,-118,116,9784,-10124,7864,-16,152,-224,-14700,4668,3016,-998,91,-127,-14776,-2876,5784,-475,177,-83,0
4024.5135090351105,10012,4852,11300,-238,-113,116,9728,-10216,7708,247,126,-219,-14732,4668,3036,-973,153,-130,-14660,-2932,5832,-460,216,-62,0
4024.5492670536046,10048,4812,11292,-224,-127,144,9844,-10248,7780,-30,129,-192,-14684,4736,2980,-1005,135,-105,-14696,-2956,5720,-457,152,-86,0
4024.5842640399933,10028,4836,11332,-267,-136,156,9888,-10192,7680,-25,125,-193,-14676,4844,3044,-983,165,-116,-14740,-2944,5644,-471,200,-76,0
4024.622831106186,10068,4780,11436,-224,-124,177,9848,-10200,7680,-11,96,-208,-14736,4592,2988,-1006,176,-101,-14772,-2920,5844,-470,164,-64,0
4024.6592519283295,10072,4816,11260,-220,-157,185,9828,-10240,7836,-256,115,-173,-14772,4756,2884,-1015,198,-92,-14712,-2828,5696,-472,207,-73,0
4024.6949789524083,9728,4780,11452,-228,-173,167,9804,-10184,7684,-10,141,-192,-14664,4716,3088,-1011,170,-130,-14720,-2900,5868,-455,177,-30,0
4024.7307789325714,10092,4684,11296,-218,-175,174,9828,-10168,7724,-45,161,-184,-14668,4636,3012,-999,158,-85,-14720,-2904,5724,-467,137,-60,0
4024.7671380043034,10136,4700,11400,-198,-87,182,9784,-10188,7756,-5,156,-151,-14784,4668,3052,-1029,107,-74,-14736,-2852,5736,-257,149,-103,0
4024.8022830486293,10104,4748,11400,-224,-113,129,9860,-10180,7688,10,133,-190,-14416,4572,2868,-1008,134,-50,-14708,-2940,5588,-453,170,-116,0
4024.8377499580383,10056,4804,11296,-95,-52,88,9864,-10144,7748,-72,142,-157,-14636,4364,2904,-1062,151,-78,-14776,-2884,5428,-502,106,-132,0
4024.8733220100403,9996,4696,11452,-160,-24,97,9864,-10184,7536,-20,149,-158,-14704,4736,3168,-1063,81,-82,-14760,-2884,5792,-500,149,-135,0
4024.9088020324707,10120,4744,11404,-139,-23,112,9808,-10152,7772,-34,150,-125,-14772,4604,2852,-1033,132,-43,-14732,-3044,5848,-493,106,-87,0
4024.9442889690404,10156,4724,11500,-149,-8,122,9936,-10168,7760,-67,128,-139,-14764,4708,3124,-1055,127,-41,-14728,-2996,5720,-496,82,-133,0
4024.9795949459076,10088,4832,11492,-163,19,84,9908,-10148,7788,-62,139,-136,-14776,4720,2960,-1034,109,-82,-14716,-2900,5828,-504,104,-143,0
4025.014750957489,10112,4824,11280,-140,-18,73,9888,-10192,7800,-71,146,-143,-14672,4684,2876,-1007,94,-71,-14716,-2976,5792,-486,124,-140,0
4025.0499370098114,10032,4692,11292,-124,-37,84,9840,-10152,7812,-24,126,-201,-14696,4652,3044,-1044,116,-77,-14708,-2876,5820,-464,173,-122,0
4025.087222099304,9956,4720,11332,-168,-52,129,9972,-10224,7764,-36,127,-208,-14772,4732,3240,-1038,116,-123,-14828,-2996,5884,-455,174,-70,0
4025.1207659244533,10040,4760,11364,-183,-50,122,9820,-10300,7760,-28,146,-199,-14768,4832,3192,-991,121,-112,-14384,-2856,5836,-469,156,-94,0
4025.154230117798,10064,4696,11340,-182,-84,128,9872,-10004,7852,-8,153,-191,-14748,4604,2896,-975,101,-96,-14840,-2912,5808,-465,164,-105,0
4025.1878521442413,10064,4840,11156,-188,-139,122,9976,-10472,7776,16,117,-222,-14656,4764,2932,-984,125,-144,-14776,-2920,5836,-481,183,-75,0
4025.221580028534,9976,4824,11396,-214,-138,167,9820,-10240,7900,-36,142,-220,-14616,4692,3084,-1031,120,-138,-14720,-2896,5860,-463,155,-60,0
4025.2548680305486,10112,4852,11448,-209,-148,112,9840,-10004,7832,-23,146,-227,-14668,4580,3020,-989,127,-105,-14752,-2880,5776,-452,150,-87,0
4025.2884011268616,10024,4756,11372,-215,-120,133,9932,-10240,7764,-251,173,-218,-14816,4392,2920,-980,56,-112,-14916,-2944,5668,-478,99,-112,0
4025.3234810829163,10032,4820,11476,-218,-116,120,10012,-10208,7892,29,221,-210,-14828,4756,2972,-970,34,-154,-14784,-2840,5720,-506,93,-156,0
4025.3573899269104,10136,4688,11360,-200,-98,92,9892,-10456,7904,29,157,-182,-14740,4652,3104,-965,52,-109,-14868,-2824,5376,-491,121,-144,0
4025.3907330036163,10112,4804,11300,-215,-82,112,9840,-10192,7804,22,103,-195,-14628,4728,2824,-985,126,-56,-14816,-2940,5776,-504,125,-112,0
4025.424215078354,10028,4752,11368,-218,-128,120,9856,-10468,7700,-18,76,-228,-14660,4848,2820,-996,100,-123,-14760,-2932,5760,-475,134,-91,0
4025.4576139450073,10072,4924,11212,-188,-100,143,9836,-10176,7828,-71,119,-172,-14756,4624,2836,-981,112,-108,-15036,-2900,5836,-457,70,-116,0
4025.4911000728603,10132,4772,11300,-178,-50,87,9900,-10140,7800,-43,117,-189,-14756,4772,2772,-1001,76,-36,-14756,-2892,5772,-512,75,-166,0
4025.5247690677643,10108,4828,11284,-221,-54,105,9876,-10160,7856,-32,148,-147,-14648,4556,3040,-1276,65,-22,-14728,-2928,5780,-477,76,-136,0
4025.55859208107,10016,4760,11376,-209,253,105,9920,-10104,7912,-80,135,-150,-14600,4700,3076,-1047,119,-249,-14748,-2964,5720,-456,70,-139,0
4025.5921919345856,10132,4760,11352,-211,-41,97,9848,-10236,7888,-75,145,-190,-14704,4700,3056,-1077,121,-46,-14688,-3068,5808,-502,129,-122,0
4025.625466108322,9772,4760,11384,-181,-88,128,9808,-10172,7764,-46,106,-166,-14624,4856,3044,-1076,109,-100,-14688,-2928,5868,-257,153,-87,0
4025.6586990356445,9820,4784,11192,-155,-76,159,9784,-10148,7708,-50,97,-141,-14640,4568,3028,-1067,119,-72,-14676,-2924,5728,-474,102,-129,0
4025.6920931339264,10152,4772,11396,-190,-10,119,9844,-10124,7796,-61,149,-158,-14724,4688,3068,-1044,104,-10,-14780,-2892,5856,-487,70,-101,0
4025.725732088089,10152,4848,11372,-202,-36,119,9844,-10424,7820,-57,154,-117,-14812,4644,2976,-1008,78,-38,-14740,-2984,5776,-508,91,-85,0
4025.7589139938354,10048,4736,11344,-174,241,152,9820,-10172,7808,-47,166,-136,-14348,4828,3040,-1018,80,-67,-14760,-2948,5788,-488,150,-77,0
4025.7924189567566,10068,4800,11416,-166,-52,126,9872,-10236,7816,-51,113,-172,-14388,4780,3180,-1056,168,-81,-14748,-2848,5832,-490,176,-109,0
4025.8260149955754,10064,4624,11428,-153,-93,134,9768,-9996,7700,-56,101,-210,-14676,4700,3060,-775,146,-58,-14708,-2596,5720,-469,157,-69,0
4025.8597509860992,10012,4692,11336,-183,-71,132,9888,-10272,7888,-64,148,-196,-14680,4660,2900,-1023,116,-78,-14832,-2928,5880,-492,138,-103,0
4025.8930521011353,10064,4788,11324,-147,-43,117,9844,-10184,7756,-25,119,-195,-14784,4560,2908,-989,102,-103,-14740,-2836,5768,-498,135,-149,0
4025.9266660213466,10132,4804,11432,-140,-9,90,9908,-10244,7636,-41,142,-164,-14668,4692,3100,-1037,121,-77,-14684,-2960,5700,-501,109,-132,0
4025.960135936737,10148,4848,11232,-165,254,73,9772,-10176,7912,-46,145,-149,-14844,4656,3236,-1042,117,-22,-14628,-2904,5876,-479,107,-144,0
4025.9937109947205,10144,4776,11352,-167,-17,97,9896,-10024,7680,-44,183,-143,-14636,4632,2880,-1005,96,-41,-14688,-2824,5748,-488,134,-119,0
4026.027393102646,10044,4844,11400,-142,-14,93,9864,-10212,7828,-64,172,-143,-14700,4748,2876,-1013,148,-85,-14664,-2960,5952,-495,171,-107,0
4026.0610971450806,10136,4748,11448,-141,-24,115,9848,-10164,7528,-46,125,-179,-14696,4656,3020,-994,145,-141,-14660,-2884,5768,-501,156,-93,0
4026.094346046448,10068,4828,11456,-149,-49,101,9924,-10188,7780,-57,137,-178,-14656,4740,3204,-1013,104,-81,-14772,-2864,5788,-475,152,-75,0
4026.1312761306763,10024,4800,11372,-155,-39,115,9868,-10000,7764,-29,174,-190,-14676,4744,2980,-1032,80,-91,-14756,-2964,5716,-488,151,-122,0
4026.166228055954,10056,4708,11308,-142,-52,88,9812,-10496,7804,-19,139,-177,-14576,4692,3272,-1049,105,-77,-14600,-2876,6080,-508,136,-142,0
4026.2018430233,10228,4788,11516,-112,-17,73,9824,-10260,7720,-36,177,-161,-14740,4724,3048,-1003,75,-91,-14656,-2824,5684,-501,129,-146,0
4026.23765206337,10056,4732,11300,-150,24,80,9792,-10156,7808,-45,191,-154,-14620,4656,2828,-1009,127,-38,-14760,-2840,5788,-470,66,-124,0
4026.2724039554596,10136,4816,11308,-122,53,83,9816,-10016,7704,-79,170,-105,-14712,4584,2956,-989,89,-63,-14812,-2876,5804,-494,106,-134,0
4026.3087639808655,10124,4776,11256,-163,55,109,9856,-10232,7720,254,161,-108,-14656,4728,2856,-1036,90,-85,-14752,-3004,5984,-477,126,-147,0
4026.3442070484166,10048,4756,11372,-164,14,101,9888,-10460,7848,-73,190,-162,-14716,4720,2988,-1030,71,-53,-14772,-2868,5780,-482,116,-193,0
4026.3793950080876,9980,4832,11304,-146,11,29,10028,-10228,7836,-28,193,-133,-14712,4712,2976,-1022,23,-66,-14720,-2928,5736,-267,106,-201,0
4026.4149720668793,9996,4808,11364,-169,41,61,9760,-10220,7868,-13,207,-112,-14672,4668,3188,-1000,40,-52,-14612,-3004,5864,-508,99,-166,0
4026.4507279396053,9932,4616,11348,-157,89,61,9856,-10180,7736,-24,241,-66,-14640,4756,2972,-1278,37,-69,-14480,-2996,5816,-502,59,-177,0
4026.4856491088867,9940,4820,11472,-144,56,59,9780,-10208,7696,-17,215,-91,-14604,4860,3056,-1032,44,-17,-14812,-2940,5792,-503,94,-156,0
4026.5213999748235,9860,4816,11464,-167,23,98,9696,-10236,7880,-49,160,-150,-14696,4840,3024,-1044,88,-76,-14604,-2928,5816,-505,158,-132,0
4026.5574860572815,9928,4804,11252,-157,-23,118,9944,-10164,7660,-45,153,-154,-14652,4708,3224,-1011,135,-78,-14804,-2880,5908,-479,179,-122,0
4026.592456102371,9972,4616,11324,-143,-65,105,9708,-10316,7884,-19,156,-185,-14652,4780,3016,-1072,155,-70,-14696,-2892,5852,-497,150,-96,0
4026.628734111786,10036,4920,11312,-131,-36,98,9932,-10300,8008,-26,119,-164,-14640,4772,2996,-994,80,-90,-14680,-3004,5840,-503,144,-139,0
4026.6636919975285,10176,5112,11612,-150,-21,71,9740,-10236,7908,-29,182,-160,-14656,4716,2872,-1046,85,-79,-14688,-2932,5840,-499,115,-140,0
4026.6997079849243,9900,4976,11300,-155,-15,72,9728,-10116,7800,-51,169,-146,-14604,4672,3004,-997,94,-95,-14724,-3008,5780,-500,122,-114,0
4026.7351529598236,9924,5104,11380,-170,-38,94,9824,-10200,7888,-67,202,-142,-14736,4664,3028,-1030,108,-102,-14668,-3008,5896,-473,167,-79,0
4026.771194934845,9908,4848,11372,-150,-24,106,9488,-10116,7856,-93,168,-147,-14688,4860,3256,-1014,120,-84,-14780,-3028,5864,-464,127,-80,0
4026.8049740791325,9792,4908,11356,-178,-35,103,9712,-10168,7500,-79,168,-165,-14664,4700,3008,-1004,98,-63,-14688,-2948,5720,-472,143,-86,0
4026.8386390209203,9940,4924,11728,-161,-22,91,9760,-10332,7912,-63,148,-177,-14816,4676,3016,-1020,106,-53,-14688,-2912,5824,-477,149,-81,0
4026.87189412117,9956,4864,11488,-175,-55,86,9744,-10324,7848,-59,138,-178,-14664,4644,3096,-974,164,-144,-14684,-2992,5776,-484,161,-101,0
4026.905394077301,9920,4668,11436,-149,-53,119,9792,-10344,7876,-68,120,-202,-14728,4760,3116,-995,133,-100,-14656,-2908,5824,-481,165,-84,0
4026.9388909339905,9976,4840,11764,-201,-61,127,9732,-10004,7752,-61,133,-194,-14668,4764,3024,-989,101,-117,-14756,-2900,5828,-474,184,-62,0
4026.972268104553,9744,4888,11448,-205,-80,125,9744,-10168,7764,-58,109,-212,-14664,4756,3076,-971,141,-117,-14764,-2964,5896,-473,174,-40,0
4027.0059990882874,9996,4852,11356,-237,-105,116,9716,-10312,7708,-51,73,-242,-14724,4808,2980,-940,108,-104,-14740,-2932,5712,-467,159,-52,0
4027.039575099945,10236,4892,11428,-254,-122,111,9752,-10236,7880,-61,108,-273,-14808,4684,3256,-933,137,-175,-14792,-2876,5692,-467,162,-73,0
4027.0728850364685,9876,4880,11356,-224,-104,114,9848,-10284,7840,-72,110,-223,-14664,4708,3072,-928,92,-110,-15100,-2868,5876,-448,129,-116,0
4027.1064670085907,9984,4848,11584,-229,-74,97,9820,-10344,7744,-39,144,-232,-14652,4764,3088,-936,86,-113,-14760,-2848,5768,-488,164,-110,0
4027.1399340629573,10016,4852,11416,-255,-82,75,9804,-10176,7928,28,129,-220,-14680,4780,2868,-996,108,-92,-14728,-3012,6072,-484,186,-95,0
4027.1735191345215,9924,4920,11448,-213,-97,49,9824,-10160,7844,-20,126,-248,-14608,4684,3048,-983,114,-127,-14828,-3020,5816,-466,155,-114,0
4027.2071409225464,9984,4780,11380,-252,-133,98,9848,-10220,7728,-16,126,-229,-14612,4692,2896,-1014,114,-144,-14856,-2944,5784,-482,192,-88,0
4027.2406530380254,10052,4808,11376,-228,-146,109,9808,-10124,7632,-15,134,-224,-14664,4620,2884,-969,134,-98,-14804,-2968,5848,-484,149,-125,0
4027.2738239765163,9748,4608,11260,-221,-106,117,9804,-10220,7972,-256,130,-174,-14748,4608,3032,-963,114,-42,-14748,-2912,5828,-481,81,-109,0
4027.3073711395264,9964,4868,11464,-222,-31,108,9864,-10156,7720,-42,122,-154,-14740,4676,3144,-1013,131,-53,-14788,-3056,5752,-489,52,-133,0
4027.3410549163814,9968,4960,11516,-236,-35,115,9788,-10264,7880,-15,98,-180,-14640,4716,3044,-995,113,-108,-14732,-2876,5772,-504,122,-104,0
4027.3743691444397,9968,4876,11356,-210,-88,115,9792,-9996,7928,-4,126,-209,-14396,4616,2824,-959,64,-88,-14632,-2928,5692,-456,170,-109,0
4027.4076540470123,10200,4864,11368,-218,-158,127,9800,-10200,7776,-15,131,-222,-14576,4676,2844,-1012,152,-109,-14660,-2940,5604,-466,227,-72,0
4027.441160917282,10020,4824,11456,-186,-155,119,9824,-10308,7688,-42,113,-226,-14756,4736,2944,-963,135,-126,-14736,-2840,5860,-455,169,-86,0
4027.4744820594788,10184,4816,11500,-213,-147,146,9764,-10016,7840,-255,108,-179,-14680,4780,2912,-990,117,-135,-14760,-2980,5688,-468,159,-107,0
4027.50805902481,10016,4864,11356,-204,-131,145,9752,-10192,7792,-8,144,-182,-14672,4592,2876,-1001,131,-97,-14680,-2892,5784,-473,185,-93,0
4027.5417299270634,10016,4812,11584,-212,-142,134,9756,-10180,7848,-18,155,-191,-14772,4856,2984,-1006,121,-83,-14828,-2860,5812,-485,174,-93,0
4027.5748429298405,9928,4844,11512,-205,-129,127,9820,-10176,7904,-42,133,-213,-14612,4664,2852,-1013,122,-96,-14628,-2888,5644,-492,180,-103,0
4027.6084461212163,9916,4756,11324,-191,-139,125,9956,-10156,7708,-36,150,-187,-14620,4688,3172,-1022,128,-109,-14772,-2752,5724,-497,193,-121,0
4027.6418030261993,10004,4772,11404,-152,-105,106,9864,-10132,7764,-75,146,-182,-14704,4724,2816,-1029,114,-77,-15032,-2856,5400,-494,127,-118,0
4027.6754059791565,10060,4764,11508,-145,-52,98,9828,-10224,7700,-40,166,-144,-14752,4644,2868,-1013,103,-63,-14676,-2972,5752,-474,138,-137,0
4027.7088720798492,9920,4796,11332,-141,-18,115,9540,-10200,7776,-42,133,-137,-14684,4736,3104,-1073,138,-44,-14716,-2840,5684,-472,149,-84,0
4027.7423470020294,9952,4912,11504,-153,-37,106,9784,-10200,7768,-33,115,-137,-14764,4708,2992,-1059,125,-80,-14740,-2932,5856,-498,138,-92,0
4027.775747060776,9960,4928,11408,-118,-46,121,9844,-10240,7876,-62,145,-155,-14712,4712,2960,-1029,130,-53,-14720,-2972,5880,-471,160,-95,0
4027.8128781318665,9744,4968,11392,-117,-71,102,9764,-10176,7920,-53,160,-168,-14684,4424,3232,-1277,108,-65,-14812,-3032,5704,-466,97,-108,0
4027.848576068878,9996,4800,11400,-140,-26,107,9772,-10176,8024,-62,134,-141,-14672,4712,2984,-1056,88,-75,-14744,-2976,5708,-493,89,-155,0
4027.8835101127625,9784,5104,11428,-152,-15,69,9888,-10204,7732,-10,146,-154,-14604,4544,2980,-1045,89,-7,-14812,-2972,5736,-488,117,-175,0
4027.9192259311676,10088,5104,11296,-108,-12,71,9840,-10180,7900,-80,183,-156,-14668,4744,3040,-1049,67,5,-14608,-2612,5852,-477,140,-137,0
4027.9542260169983,10112,4824,11460,-130,-25,58,9928,-9988,7912,-71,154,-153,-14656,4724,2848,-1025,74,-72,-14688,-2872,5744,-504,152,-193,0
4027.9894731044774,10068,4788,11316,-164,-82,97,9796,-10020,7820,-38,171,-156,-14396,4680,3080,-1037,105,-38,-14628,-2900,5752,-495,142,-132,0
4028.0243711471558,10236,4872,11324,-89,-39,109,9804,-10116,7832,-44,141,-153,-14656,4716,3064,-1016,106,-59,-14768,-2940,5836,-480,113,-126,0
4028.0596790313725,10208,4636,11096,-122,-250,80,9768,-10172,7792,-29,254,-86,-14596,4608,3020,-995,81,-62,-14688,-3000,5828,-477,84,-136,0
4028.094825029373,9872,4904,11412,-164,-11,86,9968,-10216,7908,-44,136,-149,-14600,4744,3012,-993,93,-64,-14788,-3092,5736,-477,126,-128,0
4028.1302621364594,10004,4872,11416,-100,-40,77,9716,-10152,7804,-26,177,-152,-14700,4636,2932,-1278,84,-119,-14724,-2988,5648,-477,162,-126,0
4028.1655399799347,9856,4840,11416,-165,-66,119,9772,-10172,7784,-62,164,-163,-14668,4664,3260,-1041,114,-66,-14696,-2976,5956,-486,134,-84,0
4028.201427936554,9796,4976,11504,-145,-58,115,9652,-10280,7920,-28,154,-142,-14724,4708,3068,-1030,110,-44,-14884,-2852,5880,-486,122,-103,0
4028.2374761104584,9968,4768,11300,-158,-42,110,9952,-10264,7792,-16,166,-147,-14712,4684,2976,-1040,115,-108,-14724,-3012,5832,-470,139,-114,0
4028.2724099159245,10136,4864,11108,-160,-61,122,9520,-10284,7688,-54,138,-147,-14728,4620,2952,-1016,120,-88,-14792,-2920,5608,-466,124,-119,0
4028.3087141513824,10232,4632,11728,-156,-44,121,9884,-10488,7780,-52,168,-117,-14692,4708,2840,-1022,101,-37,-14848,-3040,5868,-481,106,-126,0
4028.3442411422734,9996,4852,11048,-172,-69,111,9808,-10148,7708,-43,167,-157,-14600,4736,2984,-999,64,-69,-14672,-2976,5672,-481,130,-147,0
4028.3801610469814,9924,4840,11368,-163,-44,89,9748,-10268,7808,-68,206,-127,-14604,4732,2944,-1000,87,-60,-14704,-2908,5636,-490,110,-136,0
4028.4151711463924,9944,4956,11324,-183,-49,106,9776,-10020,7800,-11,163,-155,-14588,4712,2940,-1015,80,-74,-14724,-2900,5840,-485,122,-145,0
4028.451122045517,9960,4992,11384,-172,-41,108,9772,-10212,7972,-42,152,-158,-14408,4796,3084,-971,75,-96,-14688,-3028,5800,-493,146,-146,0
4028.4846670627594,10200,4960,11512,-156,-78,111,9696,-10168,7844,-39,164,-164,-14668,4656,3212,-983,96,-105,-14604,-2916,5724,-498,138,-81,0
4028.5181810855865,9988,4868,11468,-154,-45,120,9960,-10336,7884,-55,173,-192,-14756,4688,2912,-987,102,-75,-14672,-3032,5740,-491,139,-137,0
4028.551795959472,9772,4972,11052,-154,-128,120,9520,-10204,8088,-68,180,-185,-14588,4768,2976,-1027,139,-73,-14640,-3008,5872,-478,178,-92,0
4028.5852560997014,10052,4916,11400,-153,-126,131,9720,-10156,7692,-83,164,-177,-14584,4664,3064,-1018,108,-75,-15076,-2920,5880,-456,144,-120,0
4028.61891412735,10068,4900,11288,-160,-78,127,9780,-10204,7752,-96,178,-143,-14696,4704,2984,-978,92,-90,-14696,-2856,6080,-526,101,-117,0
4028.6520819664006,10140,4880,11012,-192,-15,100,9812,-10284,7708,-29,151,-137,-14620,4688,3016,-1027,111,-56,-14760,-3024,5800,-495,111,-91,0
4028.6857199668884,9980,4972,11372,-214,-2,110,9976,-10200,7952,-61,143,-168,-14644,4660,2904,-1034,113,-20,-14784,-2968,5892,-458,118,-125,0
4028.7192559242253,10004,4904,11372,-161,-65,100,9828,-9996,7772,-53,155,-157,-14756,4648,3044,-1026,87,-63,-14668,-2972,5736,-497,144,-120,0
4028.7529470920563,9968,4824,11512,-185,-70,78,9840,-10260,7708,-39,147,-169,-14832,4704,2892,-1059,90,-96,-14668,-2892,5812,-496,164,-128,0
4028.7865250110626,9908,4852,11236,-139,-46,113,9764,-10228,7752,-44,162,-115,-14692,4660,2884,-1027,62,-82,-14764,-2952,5792,-519,121,-153,0
4028.819725036621,9924,4924,11404,-155,-255,86,9720,-10316,7780,-63,139,-142,-14696,4512,3148,-985,83,-62,-14640,-3012,5816,-495,99,-129,0
4028.8535640239716,9944,4948,11512,-199,-18,75,9908,-10340,7912,-52,140,-179,-14620,4716,3040,-984,100,-68,-14596,-2956,5808,-475,136,-112,0
4028.8869259357452,9836,5052,11340,-234,-79,105,9980,-10352,7688,-57,119,-202,-14552,4684,2924,-945,96,-126,-14720,-3044,5744,-463,173,-51,0
4028.9204959869385,9824,4896,11400,-215,-135,109,9672,-10256,7792,-70,105,-254,-14728,4772,3252,-972,121,-182,-14672,-2964,5812,-451,187,-78,0
4028.9541330337524,9980,4984,11424,-510,-140,108,9752,-10224,7892,-38,112,-258,-14676,4856,2888,-942,122,-186,-14612,-2868,5792,-460,197,-108,0
4028.987627029419,9892,5104,11408,-266,-104,108,9740,-10264,7792,-32,102,-229,-14684,4784,3056,-958,87,-120,-14628,-2940,5992,-468,170,-85,0
4029.0211820602412,9996,4928,11432,-244,-122,118,9760,-10292,7844,-255,128,-252,-14612,4716,2960,-959,120,-144,-14672,-2880,5800,-453,177,-62,0
4029.0545821189885,9928,5040,11496,-227,-102,112,9860,-10264,8160,5,131,-244,-14648,4660,2944,-954,132,-143,-14696,-2920,5764,-468,187,-88,0
4029.0881280899043,9748,4644,11464,-250,-172,134,9776,-10460,7896,14,117,-215,-14680,4740,3048,-951,133,-147,-14728,-2944,5712,-453,183,-71,0
4029.121927022934,10000,4928,11400,-281,-175,134,9768,-10192,7784,-27,133,-504,-14708,4680,2940,-939,139,-125,-14768,-2948,5776,-452,177,-98,0
4029.1553671360016,9976,4912,11292,-299,-198,96,9748,-10180,7884,-7,136,-244,-14600,4704,3080,-982,138,-105,-14752,-2916,5784,-439,191,-119,0
4029.188914060592,9984,4960,11340,-281,-204,139,9852,-10284,7912,-12,93,-242,-14708,4652,3304,-1001,131,-143,-14784,-2940,5820,-468,169,-99,0
4029.2224340438843,10032,4944,11312,-276,-164,124,9944,-10464,7764,-17,93,-231,-14676,4660,3012,-990,123,-95,-14740,-2848,5808,-472,151,-68,0
4029.2559890747066,9800,4904,11424,-11,-146,124,9792,-10168,7924,12,113,-224,-14780,4752,3088,-1004,152,-158,-14796,-2880,5840,-493,159,-88,0
4029.289701938629,10048,4888,11448,-254,-181,172,9744,-10380,7836,0,123,-247,-14380,4656,3056,-994,164,-135,-14668,-2880,5648,-479,169,-88,0
4029.3230011463165,9796,4820,11288,-1,-147,176,9820,-10168,7828,-14,103,-236,-14580,4668,3096,-1003,132,-89,-14696,-2876,5768,-450,179,-46,0
4029.3565809726715,10044,4924,11528,-253,-161,177,9772,-10220,7688,-28,152,-219,-14644,4668,2956,-986,161,-144,-14636,-2988,5744,-464,147,-67,0
4029.389764070512,10152,4784,11408,-224,-147,148,9844,-10148,7832,-15,172,-187,-14444,4620,2856,-999,129,-58,-14736,-2944,5816,-483,119,-130,0
4029.4233491420746,10112,4764,11368,-239,-67,130,9840,-10200,7788,18,147,-149,-14720,4612,3020,-1040,94,-89,-14704,-2932,5736,-473,134,-102,0
4029.4568381309514,9940,5100,11284,-257,-95,140,9784,-10188,7820,-47,133,-186,-14684,4616,2996,-1008,113,-75,-14704,-2900,5836,-451,152,-90,0
4029.4943799972534,10052,4844,11308,-198,-88,108,9868,-10220,7872,-46,143,-180,-14728,4448,3076,-776,110,-86,-14652,-2860,5856,-480,180,-129,0
4029.529698133468,9760,4748,11412,-184,-171,140,9684,-10284,7788,-21,119,-183,-14616,4596,3028,-1043,125,-85,-14800,-2828,5792,-498,176,-111,0
4029.5651071071625,10064,4856,11344,-128,-84,145,9808,-10152,7548,-47,130,-145,-14692,4660,2944,-1091,109,-26,-14788,-2920,5800,-486,103,-129,0
4029.6012029647827,10056,4884,11352,-140,253,87,9496,-10192,7720,-57,122,-135,-14632,4696,3040,-1062,107,-51,-14696,-3024,6076,-476,86,-141,0
4029.6427040100098,10088,4612,11456,-155,11,93,9864,-10188,7828,-59,134,-132,-14704,4696,2916,-1280,87,-69,-14652,-2924,5852,-490,126,-124,0
4029.678766012192,9828,4880,11400,-122,-30,102,9728,-10464,7840,-33,139,-177,-14724,4732,3064,-1043,115,-62,-14664,-2852,5696,-487,157,-118,0
4029.7142109870906,10060,4784,11348,-163,-61,96,9736,-10248,7812,-41,133,-210,-14640,4788,3064,-1035,127,-98,-14716,-2896,5832,-476,194,-108,0
4029.7497119903564,9992,4876,11428,-128,-17,83,9748,-10432,7788,-60,144,-159,-14692,4672,2900,-1000,68,-58,-14796,-2960,5840,-480,119,-147,0
4029.7850339412694,10232,4872,11320,-143,-5,101,9916,-10036,7916,-29,162,-158,-14696,4748,3092,-769,110,-74,-14680,-2964,5756,-480,141,-142,0
4029.8212440013885,9748,4868,11308,-143,-17,109,9508,-10028,7856,-36,145,-148,-14688,4664,2836,-1046,120,-74,-14700,-2928,5756,-495,176,-125,0
4029.8562531471252,10104,4876,11336,-118,-85,112,9744,-10192,7804,-12,133,-144,-14644,4680,3068,-1038,103,-75,-14776,-2940,5744,-502,146,-116,0
4029.891777038574,9992,4988,11552,-122,-54,107,9732,-10276,7884,-56,166,-166,-14680,4532,2920,-1034,105,-90,-14716,-2936,5748,-487,158,-133,0
4029.9274101257324,10128,4900,11068,-166,-55,115,9772,-9988,7776,-54,158,-160,-14624,4728,2952,-1016,83,-72,-14748,-2884,5988,-480,149,-142,0
4029.9628529548645,10052,4988,11388,-158,-41,107,9840,-10272,7872,-57,168,-135,-14764,4776,3024,-1023,110,-87,-14736,-2928,5816,-489,158,-124,0
4029.9977130889893,10108,4968,11384,-141,-61,105,9864,-10252,7924,-49,146,-158,-14708,4608,2964,-1041,76,-78,-14700,-2976,5880,-501,135,-150,0
4030.033476114273,10036,4924,11420,-119,-27,83,9736,-10140,7864,-28,157,-132,-14508,4772,2876,-769,117,-80,-14780,-2912,5860,-496,114,-145,0
4030.069741010666,9904,4924,11428,-143,-33,106,9704,-10188,7720,-16,146,-167,-14732,4484,3240,-1020,128,-43,-14648,-3032,5848,-496,165,-131,0
4030.1049530506134,9984,4912,11348,-152,-62,93,9696,-10240,7816,-50,166,-158,-14728,4672,2916,-1014,107,-62,-14732,-2928,5836,-487,134,-120,0
4030.141142129898,10000,4848,11424,-142,-17,104,9520,-10052,7868,-66,163,-140,-14644,4756,2992,-1031,78,-48,-14744,-2852,5808,-261,111,-136,0
4030.174544095993,9732,4888,11484,-175,2,100,9800,-10280,7732,12,136,-125,-14656,4616,3136,-1280,65,-67,-14628,-2936,5796,-498,86,-160,0
4030.208219051361,9992,4956,11276,-207,-19,122,9532,-10424,7784,-70,167,-155,-14708,4600,3028,-1034,95,-96,-14716,-2992,5800,-479,93,-144,0
4030.241814136505,10044,4812,11324,-187,-17,97,9776,-10480,7760,-26,225,-142,-14684,4756,3004,-1018,65,239,-14708,-2924,5668,-507,131,-160,0
4030.2752039432526,9924,4860,11268,-206,-55,96,9688,-10284,7808,-21,150,-141,-14652,4424,2948,-1043,68,-35,-14704,-2960,5840,-492,147,-125,0
4030.3086941242213,9988,4876,11316,-163,-40,101,9912,-10200,7792,-10,150,-141,-14612,4732,2928,-1030,61,-56,-14696,-2884,5740,-502,118,-155,0
4030.3417069911957,9980,4880,11444,-162,-16,96,9736,-10144,7848,-40,165,-123,-14776,4692,2984,-976,34,-53,-14616,-2836,5720,-495,93,-159,0
4030.376172065736,10020,4892,11512,-212,-40,70,9804,-10236,7744,-21,188,-125,-14628,4852,3064,-1007,73,-65,-14720,-2928,5680,-470,116,-115,0
4030.4097099304204,9884,4944,11252,-189,-17,79,9960,-10040,7812,-34,157,-152,-14672,4680,3024,-958,94,-100,-14724,-2976,5716,-495,137,-118,0
4030.4433400630955,9928,4800,11512,-179,-68,131,9528,-10008,7880,-34,148,-178,-14596,4664,3064,-1093,163,-69,-14672,-2952,5772,-503,179,-111,0
4030.4768800735474,10052,4896,11488,-209,-57,115,9544,-10208,7456,-39,131,-156,-14772,4712,3004,-1040,122,-68,-14696,-3004,5788,-462,168,-102,0
4030.5103669166565,9920,4996,11604,-203,-71,128,9676,-10372,7720,-4,145,-157,-14764,4792,2960,-1031,116,-95,-14780,-2892,5768,-476,132,-128,0
4030.54386305809,10048,4932,11456,-176,-38,108,9752,-10244,7824,-23,133,-135,-14460,4708,3068,-1004,89,-77,-14684,-2928,5796,-476,127,-93,0
4030.5773739814754,9868,4948,11364,-211,-67,111,9584,-10028,7848,-19,157,-151,-14696,4736,2896,-996,101,-70,-14808,-2972,5744,-506,136,-98,0
4030.611015081405,9928,4900,11276,-200,-59,111,9940,-10144,7720,-52,142,-168,-14684,4704,2976,-1004,151,-51,-14704,-2952,5964,-479,142,-125,0
4030.6443359851837,9944,4928,11368,-211,-63,101,9956,-10176,7864,-73,175,-173,-14720,4708,3116,-1012,100,-70,-14672,-3016,5820,-471,111,-113,0
4030.6776330471043,9940,4832,11260,-242,-73,86,9880,-10252,7892,-41,146,-170,-14368,4784,2992,-991,100,-89,-14688,-2964,5856,-458,148,-97,0
4030.7108480930333,9936,4912,11408,-271,-84,129,9720,-10324,7836,-58,120,-225,-14724,4680,2900,-969,104,-93,-14944,-2956,5848,-462,170,-74,0
4030.744248151779,9936,4616,11600,-260,-95,145,9640,-10304,7928,-30,97,-251,-14624,4732,2956,-972,153,-139,-14752,-2976,5972,-482,189,-59,0
4030.7774779796605,9916,4884,11268,-243,-134,136,9688,-10312,7908,-52,85,-227,-14440,4796,2996,-943,133,-122,-14716,-2968,6020,-486,201,-72,0
4030.8110361099243,9736,4972,11228,-258,-127,96,9748,-10216,7888,-16,78,-230,-14636,4644,2900,-929,134,-99,-14760,-2936,5732,-478,162,-71,0
4030.8442521095276,9924,4912,11284,-265,-93,98,9664,-10248,7816,-49,111,-230,-14624,4636,3024,-922,83,-138,-14744,-2952,5728,-469,181,-96,0
4030.877648115158,9980,4936,11392,-280,-115,99,9956,-10280,7708,-30,75,-502,-14668,4556,2836,-960,110,-150,-14804,-3032,5688,-457,179,-85,0
4030.9110209941864,10024,4852,11396,-274,-120,123,9784,-10260,7676,-43,130,-239,-14812,4656,2932,-959,105,-142,-14832,-2868,5712,-463,143,-92,0
4030.9447269439693,10056,5064,11372,-271,-110,105,9808,-10248,7852,-17,125,-206,-14760,4708,2928,-973,86,-111,-14720,-2896,5744,-486,150,-146,0
4030.978038072586,9972,4936,11336,-313,-126,85,9784,-10192,7852,0,127,-238,-14732,4620,2920,-982,106,-108,-14740,-2988,5632,-476,150,-128,0
4031.011619091034,9728,4824,11048,-279,-128,78,9784,-10168,7724,-16,114,-239,-14664,4644,3100,-1020,122,-130,-14792,-3016,5884,-478,169,-126,0
4031.045406103134,9728,5116,11408,-294,-158,75,9748,-10456,7732,-21,112,-266,-14764,4732,3044,-1038,109,-150,-14740,-2928,5852,-511,199,-127,0
4031.078881978988,10016,4712,11492,-251,-154,132,9736,-10312,7820,12,107,-223,-14696,4560,3032,-998,103,-82,-14780,-2932,5780,-485,153,-95,0
4031.112414121628,10004,4880,11292,-238,-99,138,9788,-10088,7976,-20,103,-175,-14684,4560,2932,-1002,121,-47,-14776,-2924,5672,-455,84,-122,0
4031.145350933075,9748,4840,11400,-240,-48,106,9816,-9988,7760,-52,191,-123,-14636,4620,3004,-983,64,-45,-14632,-2972,5636,-504,90,-123,0
4031.183377981186,9968,4940,11312,-258,-65,110,9768,-10184,7952,-38,139,-155,-14696,4636,3280,-963,109,-69,-14672,-2988,5820,-473,129,-113,0
4031.21919798851,9756,4980,11488,-234,-112,136,9752,-10112,7812,-35,115,-212,-14596,4628,2964,-996,120,-94,-14592,-2908,5688,-468,190,-99,0
4031.2546730041504,10004,4908,11376,-2,-181,147,9692,-10148,7808,-6,103,-239,-14636,4668,2900,-1004,145,-109,-14736,-3048,6060,-464,203,-107,0
4031.290200948715,10072,4776,11400,-212,-157,133,9512,-10188,7800,-254,114,-209,-14668,4720,3000,-990,110,-83,-14696,-2920,5780,-470,152,-55,0
4031.325590133667,10016,4716,11348,-227,-137,145,9936,-10020,7780,-7,115,-195,-14728,4700,2940,-1006,116,-81,-14760,-2832,5920,-452,160,-100,0
4031.361269950866,10076,4816,11388,-175,-110,146,9864,-10416,7788,5,131,-202,-14820,4668,2844,-1008,124,-109,-14672,-2904,5724,-476,159,-106,0
4031.3972001075745,10040,5032,11040,-158,-81,144,9888,-10192,7764,-60,131,-185,-14572,4712,2876,-998,148,-71,-14744,-2952,5804,-486,174,-92,0
4031.432361125946,10084,4904,11312,-168,-100,128,9776,-10152,7780,-57,132,-170,-14728,4600,2992,-1035,92,-52,-14692,-2988,5724,-480,151,-112,0
4031.4680790901184,10092,4720,11204,-183,-57,96,9804,-10212,7592,-31,169,-187,-14784,4836,2996,-1063,127,-41,-14812,-2864,5824,-485,146,-88,0
4031.5033271312714,10012,4760,11324,-148,-60,124,9788,-10160,7704,-26,145,-170,-14696,4700,2896,-1026,130,-73,-14772,-2908,5780,-464,157,-98,0
4031.5392899513245,9964,4780,11336,-171,-58,109,9804,-10252,7880,-19,138,-150,-14644,4620,3020,-1029,108,-83,-14708,-2872,5848,-471,162,-138,0
4031.5745351314545,10032,4820,11332,-179,-79,151,9836,-10216,7860,-25,134,-138,-14632,4700,3024,-771,105,-30,-14724,-2928,5840,-481,134,-110,0
4031.610647916794,10052,4876,11448,-196,-122,141,9708,-10172,7852,3,166,-154,-14632,4604,2976,-1035,96,-105,-14848,-3028,5724,-462,165,-83,0
4031.645910024643,9732,4900,11384,-252,-141,184,9764,-10460,7880,7,368,-179,-14364,4704,3088,-1059,116,-79,-14600,-2992,5832,-451,144,-61,0
4031.6813039779663,9980,4840,11364,-240,-144,174,9780,-10388,7728,44,321,-196,-14784,4832,3016,-1063,154,-113,-14688,-3004,5812,-487,117,-86,0
4031.7176511287694,10048,4804,11304,-239,-146,149,9912,-10280,7832,17,128,-236,-14792,4368,3140,-1001,99,-100,-14760,-2964,5804,-527,148,-100,0
4031.752746105194,10088,4828,11328,-164,-89,124,9808,-10172,7804,-28,70,-205,-14720,4560,2968,-1048,143,-93,-14916,-2932,5684,-484,99,-188,0
4031.7887620925903,10232,4740,11252,-157,-46,83,9884,-10108,7824,-31,140,-168,-14788,4724,2840,-1077,108,-83,-14812,-2696,5604,-765,115,-160,0
4031.8244819641113,10012,4692,11316,-158,-28,64,9840,-10164,7720,-35,128,-167,-14692,4532,2684,-970,271,-141,-14696,-2900,5768,-477,134,-151,0
4031.8580861091614,10116,4780,11376,-100,-15,70,9768,-10240,7716,-56,133,-138,-14716,4656,3056,-981,109,-78,-14720,-3012,5652,-473,120,-164,0
4031.8913390636444,10028,4608,11364,-135,247,69,9780,-10172,7848,-29,111,-172,-14708,4820,3196,-984,75,-73,-14772,-2964,5784,-501,112,-158,0
4031.9249410629272,9964,4940,11516,-144,-15,97,9584,-10244,7840,-46,131,-158,-14656,4820,3244,-975,52,-43,-14764,-2956,5868,-510,118,-152,0
4031.9584429264078,10008,5020,11416,-132,5,115,9704,-10216,7784,-66,169,-100,-14648,4676,2992,-1006,78,-114,-14688,-3032,5780,-520,120,-143,0
4031.991881132126,9956,4824,11356,-156,-14,115,9716,-10220,7892,-47,143,-92,-14648,4632,2952,-1276,97,-78,-14652,-2984,5876,-500,130,-105,0
4032.0254321098323,9908,5076,11464,-118,-28,146,9916,-10172,7848,-59,119,-144,-14604,4392,2884,-1036,137,-69,-14656,-2944,5812,-516,98,-93,0
4032.0588989257812,9744,4756,11464,-140,-27,132,9820,-10240,7784,-33,105,-130,-14660,4680,2872,-996,102,-52,-14652,-2888,5720,-481,137,-101,0
4032.0921740531926,9784,4908,11444,-201,-69,156,9868,-10320,7868,-37,151,-116,-14644,4752,2928,-1051,113,-115,-14776,-2832,5864,-488,184,-84,0
4032.1258020401006,9964,4796,11388,-192,-132,146,9964,-10476,7740,-251,120,-145,-14624,4748,3052,-1024,112,-99,-14660,-2928,5804,-493,174,-117,0
4032.1590480804443,10000,5112,11384,-158,-121,162,9716,-10168,7800,-22,129,-189,-14684,4608,3048,-1038,94,-93,-14696,-2916,5880,-498,176,-118,0
4032.1924700737004,9964,5108,11292,-179,-108,110,9780,-10232,7844,-23,121,-195,-14752,4616,3320,-1030,111,-117,-14604,-2952,5852,-479,165,-113,0
4032.226025104522,10076,4828,11372,-134,-51,110,9668,-10224,7728,-23,144,-155,-14704,4732,3032,-1010,72,-113,-14900,-2848,5704,-507,146,-157,0
4032.2597329616547,10112,4796,11176,-134,-252,131,9860,-10168,7656,-27,176,-110,-14772,4408,2816,-1048,66,-68,-14744,-2856,5744,-495,65,-159,0
4032.2932291030884,10064,4808,11292,-97,68,79,9828,-10224,7748,-45,173,-72,-14392,4416,3044,-1068,102,235,-14708,-2844,5380,-483,91,-141,0
4032.326852083206,10044,4920,11356,-81,41,78,9724,-10452,7796,-43,196,-67,-14616,4628,2896,-1059,78,-23,-14796,-2940,5672,-506,108,-182,0
4032.3602750301366,10204,4948,11332,-81,59,73,9728,-10216,7920,-17,211,-83,-14664,4716,3024,-1068,52,-77,-14716,-3040,5772,-499,124,-165,0
4032.393455028534,10168,4876,11492,-81,6,56,9532,-10012,7880,-53,197,-118,-14632,4396,2968,-1054,94,-87,-14696,-2996,5824,-499,148,-125,0
4032.4270811080933,9988,4880,11392,-123,-15,104,9708,-10028,7732,-74,187,-130,-14724,4612,2888,-1034,72,-22,-14708,-2944,6072,-505,109,-170,0
4032.4606010913853,10116,4880,11456,-136,73,106,9668,-10324,7820,-45,202,-111,-14644,4648,2996,-1057,61,-253,-14628,-3000,5804,-530,75,-152,0
4032.4938549995422,9752,4876,11464,-176,65,87,9976,-10244,7800,-256,235,-67,-14584,4700,2980,-1279,53,-24,-14732,-2976,5976,-497,95,-117,0
4032.5274369716644,9876,5112,11480,-223,41,128,9584,-10032,8188,-39,173,-132,-14696,4648,3016,-1001,85,-62,-14620,-2960,5792,-461,126,-72,0
4032.5609879493713,9944,4960,11480,-305,-74,155,9620,-10244,8188,-36,109,-187,-14716,4816,3048,-1068,121,-68,-14640,-2996,5796,-491,210,-57,0
4032.594231128692,9932,4908,11488,-251,-189,159,9684,-10376,7856,16,202,-133,-14420,4664,2972,-982,26,-85,-14820,-2956,5828,-496,178,-68,0
4032.627876996994,9872,4780,11344,-203,-246,200,9632,-10208,7688,-15,280,-225,-14628,4648,3112,-1015,178,-124,-14696,-2916,5744,-480,192,-39,0
4032.6613690853123,9984,4860,11212,-227,-193,185,9936,-10000,8160,-31,252,-209,-14744,4592,2964,-969,139,-156,-14776,-2972,5860,-436,148,-49,0
4032.694839000702,10060,4868,11404,-188,-89,117,9776,-10456,7844,-28,197,-192,-14764,4572,3136,-989,121,-101,-14820,-2776,5800,-496,198,-61,0
4032.7284030914307,10088,4856,11420,-160,-46,140,9684,-10184,7832,-42,100,-183,-14768,4520,3016,-988,103,-72,-14800,-2948,5680,-475,208,-21,0
4032.761579036712,10068,4780,11496,-170,-131,149,9824,-10256,7856,-63,185,-213,-14664,4684,2968,-978,153,-122,-14744,-2812,5712,-471,213,-48,0
4032.7949910163884,10052,4844,11380,-197,-140,116,9740,-10356,7844,-10,291,-246,-14588,4692,2996,-981,166,-153,-14644,-2936,5640,-458,240,-17,0
4032.8306970596313,10024,4808,11424,-180,-169,129,9648,-10280,7844,35,170,-266,-14720,4704,3096,-947,108,-202,-14676,-2920,5744,-507,2,-90,0
4032.8661141395573,10024,4864,11380,-198,-208,107,9696,-10320,8092,55,136,-295,-14684,4664,2916,-1007,111,-181,-14696,-2888,5816,-465,246,-110,0
4032.9018850326534,9988,5068,11352,-235,-217,116,9748,-10280,7912,57,209,-270,-14684,4848,2972,-1040,108,-131,-14760,-2900,5656,-486,226,-119,0
4032.9384939670563,10004,4928,11380,-233,-189,121,9520,-10428,7932,253,218,-269,-14392,4712,3220,-975,97,-132,-14792,-2956,5712,-470,219,-107,0
4032.9734621047974,10056,4824,11268,-180,-137,135,9724,-10212,7724,-37,197,-217,-14756,4860,2816,-981,91,-93,-14928,-2824,5732,-475,173,-133,0
4033.0091230869293,10132,4848,11464,-153,-53,99,9804,-10076,7816,-31,508,-154,-14800,4552,2936,-964,47,-120,-14724,-2888,5584,-471,103,-176,0
4033.0445051193237,10160,4692,11328,-184,-252,64,9732,-10192,7764,16,207,-134,-14688,4596,2956,-966,18,-36,-14780,-2848,5416,-474,110,-141,0
4033.0797679424286,10140,4964,11348,-186,22,66,9808,-10176,8176,3,146,-123,-14724,4624,2860,-1040,37,-79,-14824,-2908,5712,-483,109,-165,0
4033.1150739192963,10004,4940,11324,-190,-29,83,9708,-10016,8148,2,156,-165,-14644,4648,3084,-1058,99,-47,-14764,-2908,5840,-481,129,-161,0
4033.1507260799413,9872,4680,11412,-124,-46,81,9644,-10152,7700,-30,123,-177,-14628,4716,2988,-1005,111,-59,-14596,-2908,5664,-481,144,-92,0
4033.185487985611,9988,4660,11760,-90,-26,111,9728,-10196,7912,-90,146,-163,-14652,4828,2964,-1024,70,-52,-14712,-2880,5764,-501,81,-173,0
4033.2212409973145,10052,4880,11152,-123,36,67,9744,-10452,7984,-28,179,-107,-14804,4820,3264,-1035,24,-50,-14744,-2960,5828,-258,62,-171,0
4033.257100105285,9988,4808,11292,-129,27,34,9980,-10204,7992,-21,243,-101,-14772,4716,3080,-1049,11,-60,-14760,-2864,5844,-499,58,-197,0
4033.2928609848022,9980,4932,11564,-65,88,17,9664,-10280,7872,-46,239,-117,-14688,4648,3060,-1054,6,-89,-14760,-2956,5752,-509,127,-218,0
4033.3280041217804,9728,4808,11496,-121,20,30,9476,-10340,7776,-41,221,-159,-14592,4804,3028,-1278,47,-83,-14748,-2952,5648,-502,176,-185,0
4033.3634469509125,9944,5080,11400,-85,-34,67,9632,-10252,7708,-23,194,-177,-14644,4764,2912,-1035,82,-131,-14688,-2876,5940,-498,194,-161,0
4033.398750066757,9916,4964,11316,-44,4,41,9680,-10132,7876,-34,176,-143,-14704,4716,3296,-1055,52,-64,-14760,-2928,5728,-492,121,-179,0
4033.434031009674,9764,4948,11364,-121,43,29,9680,-9992,7964,-19,193,-122,-14748,4640,3136,-1012,21,-93,-14760,-3092,5684,-485,100,-201,0
4033.4714810848236,10048,4944,11336,-144,26,73,9512,-10200,7976,-58,225,-95,-14664,4604,3028,-1051,75,-67,-14812,-2988,5664,-496,95,-132,0
4033.50493311882,10012,4956,11352,-126,34,62,9664,-10220,8008,248,200,-82,-14612,4572,3084,-1041,84,-48,-14676,-2980,5764,-480,140,-109,0
4033.5385179519653,9764,4984,11268,-98,255,104,9612,-10192,8060,-44,208,-101,-14684,4664,3080,-1039,148,-39,-14664,-3280,5812,-476,161,-122,0
4033.5720870494843,9948,5008,11340,-119,4,101,9484,-10248,8048,-60,178,-71,-14716,4612,2984,-1024,118,-115,-14684,-3000,5684,-500,137,-157,0
4033.605693101883,10180,5068,11256,-157,-42,80,9620,-10496,7792,-76,64,-50,-14696,4656,3008,-1035,131,-101,-14708,-2952,5740,-484,149,-93,0
4033.639055013656,9868,4980,11288,-120,-30,138,9652,-10272,8108,-52,160,-98,-14664,4544,2980,-1275,140,-50,-14776,-2928,5752,-477,127,-108,0
4033.672471046448,9964,5020,11496,-127,-35,123,9668,-10268,7880,-63,173,-64,-14812,4828,3296,-983,94,-11,-14732,-2988,5732,-481,79,-151,0
4033.7061431407933,9948,4936,11316,-150,-9,94,9708,-10260,8176,-65,212,-68,-14720,4520,2928,-993,79,-27,-14744,-2940,5688,-478,81,-147,0
4033.7398121356964,9916,4908,11444,-166,32,93,9512,-10340,7844,-65,122,-121,-14664,4712,3060,-1028,72,-59,-14648,-2876,5828,-485,122,-142,0
4033.773545026779,9928,4972,11336,-182,-4,111,9516,-10440,7936,-41,130,-123,-14620,4716,2796,-1004,94,-71,-14680,-2968,5956,-492,106,-131,0
4033.8071949481964,9900,4968,11364,-181,-6,120,9552,-10260,8032,-6,178,-141,-14636,4640,3016,-1034,119,-75,-14764,-3064,5880,-469,129,-118,0
4033.840781927109,9940,4988,11440,-158,-6,87,9592,-10296,8072,-19,209,-132,-14636,4628,3028,-1018,103,-76,-14724,-3032,5840,-494,124,-126,0
4033.8743381500244,9852,4928,11580,-147,-60,89,9504,-10348,8176,-33,195,-153,-14664,4676,2904,-1014,126,-82,-14740,-2996,5832,-516,192,-116,0
4033.90744304657,9852,5036,11508,-141,-83,83,9516,-10264,7956,-49,147,-211,-14692,4744,3180,-1010,127,-150,-14732,-2972,5812,-455,173,-101,0
4033.9411079883575,10208,4912,11384,-147,-37,82,9552,-10264,7924,-87,140,-170,-14712,4636,3200,-983,128,-74,-14848,-2944,5848,-487,108,-138,0
4033.9747490882874,9864,4864,11124,-195,8,94,9632,-10376,7888,-37,127,-126,-14740,4720,3264,-1040,74,-57,-14672,-3012,5848,-765,127,-132,0
4034.008255958557,9908,5032,11320,-227,-50,104,9456,-10228,7716,-62,99,-153,-14660,4624,2876,-987,104,-72,-14736,-2968,5744,-492,142,-90,0
4034.041850090027,9904,5008,11528,-217,-56,92,9624,-10248,8104,-69,179,-184,-14800,4696,3080,-1000,117,-137,-14672,-2952,5848,-462,171,-86,0
4034.07549905777,9956,4984,11012,-227,-78,92,9644,-10308,7800,-34,212,-227,-14744,4692,3008,-1028,80,-143,-14724,-2976,5692,-499,223,-154,0
4034.1092751026154,9964,4988,11396,-190,-91,94,9608,-10204,8016,-9,184,-238,-14672,4668,2796,-1003,91,-126,-14688,-3024,5828,-484,175,-108,0
4034.1427409648895,9904,4956,11312,-209,-84,87,9540,-10244,7920,-22,125,-227,-14588,4636,3080,-996,88,-65,-14696,-3096,6108,-479,153,-106,0
4034.1762290000916,9808,5112,11408,-12,-57,83,9528,-10244,8068,-33,168,-220,-14692,4380,3096,-960,77,-74,-14644,-3008,5836,-478,142,-83,0
4034.2095370292664,9964,4956,11320,-292,-99,109,9476,-10268,7776,-48,166,-220,-14844,4744,3116,-958,136,-123,-14700,-3048,5772,-455,161,-44,0
4034.2431230545044,9868,4988,11048,-277,-122,155,9568,-10244,7708,-29,128,-237,-14636,4716,2900,-965,161,-146,-14712,-2940,5700,-463,195,-70,0
4034.2768599987035,9928,4920,11380,-301,-152,141,9628,-10284,7956,-43,88,-268,-14660,4620,2944,-990,163,-137,-14760,-2956,5884,-457,175,-95,0
4034.3101561069493,10140,4956,11268,-510,-148,125,9572,-10228,7920,-36,116,-282,-14764,4604,2996,-983,151,-86,-14792,-2964,5748,-490,189,-76,0
4034.3436980247493,9728,4936,11432,-259,-167,114,9680,-10292,8040,8,96,-511,-14724,4644,3152,-1001,145,-130,-14732,-2928,5728,-481,217,-69,0
4034.3773651123042,9968,4992,11460,-222,-182,116,9512,-10344,8008,4,87,-297,-14820,4384,2864,-987,188,-192,-14780,-2932,5700,-485,198,-55,0
4034.4104759693146,9920,5020,11380,-230,-149,122,9532,-10288,7988,-13,81,-261,-14736,4672,2864,-979,144,-122,-14756,-2968,5852,-456,183,-58,0
4034.4439630508423,9868,5092,11544,-249,-173,135,9460,-10228,7804,-34,38,-246,-14744,4572,3192,-974,166,-97,-14660,-2964,5860,-479,177,-40,0
4034.4776041507725,9892,5020,11588,-270,-181,126,9648,-10208,8040,-66,99,-247,-14612,4580,2920,-1001,112,-136,-14696,-2960,5704,-471,196,-71,0
4034.5132880210876,9964,4960,11300,-235,-163,140,9576,-10224,7712,-31,106,-268,-14668,4712,3228,-992,72,-95,-14724,-2976,5728,-465,189,-50,0
4034.5485961437225,10040,4908,11432,-232,-175,151,9576,-10332,7828,-74,139,-226,-14712,4648,2980,-903,36,-139,-14960,-2900,5848,-506,193,-85,0
4034.5837490558624,9988,4948,11332,-129,-137,130,9920,-10232,8140,-36,127,-190,-14684,4632,2608,-911,84,-76,-14760,-2888,5616,-502,146,-100,0
4034.6198329925533,9912,4916,11480,-132,-93,153,9700,-10232,8040,-15,73,-188,-14580,4600,2900,-938,132,-125,-14832,-2980,5648,-507,167,-105,0
4034.6586489677434,10040,4908,11328,-137,-70,119,9564,-10112,7828,-85,121,-154,-14696,4848,3028,-902,108,-71,-14812,-3016,5712,-476,93,-107,0
4034.6938171386723,10068,4984,11216,-136,15,110,9752,-10008,8064,-43,176,-110,-14776,4364,2844,-917,21,-43,-14820,-2840,5736,-768,99,-148,0
4034.729500055313,10124,4920,11428,-124,-7,81,9592,-10264,7928,-39,133,-109,-14728,4580,2828,-916,4,-37,-14652,-2964,5772,-527,113,-143,0
4034.7649350166325,9828,5032,11444,-105,-1,93,9576,-10004,7748,-84,132,-138,-14768,4656,2900,-902,20,-4,-14736,-2908,5696,-477,122,-138,0
4034.800420045852,9916,4976,11448,-150,-13,67,9384,-10288,7844,-70,154,-144,-14580,4652,2876,-911,20,-50,-14680,-2968,5784,-502,167,-148,0
4034.8357789516454,9832,5080,11456,-157,-126,109,9476,-10304,7924,-32,141,-173,-14612,4676,3048,-943,143,-68,-14660,-2868,5800,-475,211,-63,0
4034.8712799549103,9860,5024,11484,-118,-107,121,9548,-10408,7944,-26,169,-132,-14720,4688,3268,-977,122,-82,-14740,-2820,5784,-496,157,-100,0
4034.9059929847717,10052,5012,11396,-163,-66,80,9596,-10276,7936,-56,132,-175,-14704,4596,2940,-967,88,-48,-14800,-3000,5816,-485,120,-170,0
4034.942317008972,9960,4956,11492,-194,-52,91,9564,-10324,7928,-46,211,-143,-14736,4672,3068,-1020,155,-103,-14652,-2920,5668,-485,122,-114,0
4034.9774861335754,9852,5032,11384,-155,-129,111,9576,-10308,8076,-40,93,-178,-14664,4816,2872,-1069,170,-69,-14768,-2876,5772,-459,167,-85,0
4035.0133650302882,9728,5000,11440,-181,-97,99,9516,-10436,8184,248,111,-220,-14656,4668,3120,-1061,182,-115,-14904,-2804,5884,-500,161,-103,0
4035.0486719608307,10048,5004,11300,-121,-58,88,9480,-10336,7712,-13,179,-160,-14716,4632,3028,-1047,82,-39,-14800,-2988,5808,-513,88,-170,0
4035.0841119289394,10048,4972,11400,-212,-21,41,9652,-10268,8128,-250,217,-140,-14740,4796,3088,-1082,39,-55,-15084,-2948,5456,-521,48,-204,0
4035.119882106781,9792,5008,11380,-191,65,29,9928,-10188,7692,29,253,-92,-14768,4632,2996,-1072,26,19,-14732,-3008,5736,-540,53,-157,0
4035.1549570560455,9952,5036,11284,-243,47,63,9600,-10304,7948,15,218,-90,-14656,4860,3264,-1103,59,-19,-14664,-3128,5752,-504,61,-194,0
4035.1907019615173,9784,5076,11068,-205,-11,60,9548,-10232,7968,-16,142,-176,-14692,4524,2952,-1056,78,-84,-14624,-2912,5676,-496,107,-168,0
4035.2242491245274,9928,4976,11236,-197,-31,43,9620,-10192,7904,-9,229,-203,-14604,4596,3004,-1062,82,-121,-14732,-2996,5640,-495,134,-148,0
4035.2579181194305,9940,5016,11428,-206,-69,74,9516,-10496,7952,-17,169,-212,-14592,4648,2800,-1083,125,-78,-14788,-2820,5744,-505,149,-111,0
4035.2913470268254,9968,4952,11572,-227,-106,76,9636,-10232,8156,0,121,-208,-14776,4636,2960,-1079,75,-35,-14808,-2996,5748,-508,106,-163,0
4035.3247759342194,10012,4984,11320,-213,-59,77,9648,-10092,7912,18,224,-122,-14792,4720,3080,-1048,255,-54,-14836,-2988,5808,-494,103,-186,0
4035.3584311008453,9880,4996,11396,-203,-26,37,9628,-10284,8048,15,148,-160,-14616,4368,3072,-1052,27,-102,-14776,-2960,5792,-486,114,-180,0
4035.391860961914,9820,4956,11460,-242,-49,52,9512,-10356,8172,25,153,-173,-14628,4384,2972,-1050,41,-116,-14724,-2960,5784,-476,148,-180,0
4035.425523042679,9880,4940,11408,-185,-72,52,9512,-10116,7944,33,169,-235,-14672,4780,3128,-1047,76,-84,-14752,-2960,5852,-476,133,-165,0
4035.459119081497,9780,5040,11492,-184,-76,55,9648,-10348,7700,46,137,-217,-14724,4716,3076,-1065,73,-101,-14728,-2988,5884,-535,191,-175,0
4035.4924170970917,9936,4704,11392,-203,-136,59,9484,-10172,7876,46,187,-238,-14756,4676,3032,-1063,107,-134,-14744,-3304,5740,-488,196,-162,0
4035.5261530876164,9940,5080,11272,-182,-91,52,9616,-10304,8116,-31,182,-230,-14732,4692,3104,-1003,90,-127,-15068,-2844,5808,-466,143,-150,0
4035.5595049858093,10212,4944,11340,-212,-57,34,9608,-10192,8104,-7,222,-179,-14744,4588,2924,-994,36,-79,-14668,-2992,5400,-490,130,-137,0
4035.5928819179535,9800,5080,11408,-214,-44,92,9592,-10100,8068,-12,136,-158,-14640,4608,3088,-1275,97,-26,-14712,-3308,5556,-471,90,-126,0
4035.6264801025386,9928,4936,11348,-169,14,94,9736,-10256,8004,-53,177,-101,-14712,4604,3204,-1003,55,-65,-14732,-3076,5680,-471,46,-174,0
4035.6597089767456,9932,4880,11360,-204,12,71,9704,-10008,8008,-43,225,-96,-14664,4588,3036,-998,34,-51,-14720,-2916,5716,-466,77,-171,0
4035.6933879852295,9940,5032,11656,-201,-24,77,9520,-10120,8024,-44,186,-151,-14376,4668,2900,-1035,98,-82,-14636,-2960,5380,-501,120,-103,0
4035.7269990444183,9824,5028,11280,-161,-37,107,9512,-10244,8020,-23,132,-152,-14600,4356,3208,-1035,115,-80,-14652,-2980,5788,-503,141,-111,0
4035.7604570388794,9588,5084,11520,-202,-93,137,9580,-10160,8108,-15,142,-191,-14340,4684,2836,-1036,132,-76,-14700,-3064,5916,-490,155,-104,0
4035.7938230037694,9812,5012,11448,-169,-78,135,9416,-10252,7988,-52,75,-183,-14644,4728,2920,-997,148,-101,-14684,-3008,5792,-473,138,-96,0
4035.8274199962616,9872,5004,11480,-202,-69,166,9568,-10260,8060,-58,66,-184,-14732,4700,3236,-973,178,-68,-14736,-3012,5968,-465,140,-106,0
4035.8611500263214,9880,4980,11448,-210,-60,141,9576,-10312,8100,-34,68,-167,-14740,4660,3020,-1011,107,-61,-14660,-2952,5892,-471,151,-117,0
4035.8943791389465,9920,5008,11548,-190,-76,130,9560,-10268,8088,-22,90,-178,-14732,4396,3220,-1038,104,-65,-14744,-3024,5832,-470,135,-122,0
4035.927967071533,9912,5084,11552,-204,-104,112,9604,-10208,7808,-53,107,-177,-14600,4724,2844,-1001,139,-105,-14640,-2988,5792,-455,146,-77,0
4035.9613540172572,9892,4988,11376,-187,-79,99,9624,-10008,7768,-42,157,-230,-14664,4644,2940,-985,113,-90,-14708,-3016,5820,-470,156,-113,0
4035.994881153106,9912,5072,11332,-207,-70,118,9596,-10048,8008,-9,134,-194,-14704,4640,3020,-1013,124,-77,-14796,-3148,5708,-487,166,-90,0
4036.0284960269923,9900,5148,11336,-178,-84,129,9600,-10204,7996,252,115,-209,-14752,4584,3016,-1007,134,-109,-14724,-2820,5816,-499,156,-114,0
4036.0619590282445,9896,4996,11416,-217,-91,120,9568,-10140,8032,-22,125,-195,-14696,4608,3032,-1020,135,-124,-14688,-3088,5792,-497,131,-105,0
4036.0955049991603,9928,5076,11372,-179,-76,101,9512,-10204,8088,-22,127,-191,-14640,4716,2896,-1022,132,-99,-14636,-3044,5784,-482,142,-132,0
4036.1292929649353,9908,5020,11424,-210,-112,126,9476,-10184,8084,-29,106,-190,-14700,4664,3196,-1020,138,-80,-14844,-3144,5692,-493,135,-117,0
4036.1625339984894,9804,5036,11404,-194,-61,121,9652,-10176,7728,-81,109,-164,-14752,4416,3048,-1017,117,-46,-14776,-2980,5736,-469,91,-135,0
4036.1991219520573,9880,5068,11280,-144,10,99,9664,-10240,7996,-34,127,-132,-14740,4736,2852,-1007,94,-62,-14792,-2936,5728,-473,43,-181,0
4036.2343990802765,9956,4976,11268,-211,42,88,9548,-10336,7976,35,136,-152,-14624,4664,3032,-1011,68,-26,-14660,-2992,5860,-458,118,-161,0
4036.2703599929814,9908,5100,11384,-203,-253,78,9568,-10184,7980,244,140,-151,-14396,4700,3116,-1027,76,-82,-14708,-3096,5792,-459,107,-155,0
4036.3055810928345,9924,5012,11400,-225,-7,68,9496,-10444,8108,-42,141,-139,-14752,4636,3316,-1040,25,-82,-14708,-3028,5792,-463,115,-165,0
4036.3416969776154,9916,4968,11316,-219,-38,85,9640,-10324,7916,-26,194,-124,-14712,4836,3252,-1064,114,-73,-14648,-2928,5688,-479,124,-152,0
4036.37761592865,9920,5088,11496,-170,-42,94,9608,-10132,8064,-22,138,-126,-14732,4748,2996,-1037,75,-56,-14744,-3056,5828,-471,70,-178,0
4036.4127421379094,9868,5052,11476,-170,21,99,9568,-10264,7928,-69,129,-66,-14656,4648,3108,-984,53,31,-14436,-2960,5844,-455,29,-174,0
4036.44852900505,9828,5028,11464,-198,28,75,9560,-10052,8136,-41,148,-111,-14656,4608,2936,-1018,77,-70,-14652,-3052,5728,-477,80,-120,0
4036.483668088913,9916,4968,11276,-167,-45,98,9496,-10316,8012,-66,153,-126,-14344,4684,3036,-1002,126,-40,-14688,-3040,5824,-467,121,-95,0
4036.5195050239563,9812,5044,11560,-205,-63,106,9264,-10212,8016,-66,87,-200,-14580,4688,3172,-1005,185,-97,-14740,-3016,5812,-467,158,-70,0
4036.554480075836,9772,5020,11488,-188,-85,115,9576,-10220,7748,-82,116,-201,-14720,4700,3276,-980,158,-87,-14620,-3008,5748,-465,129,-76,0
4036.5903770923615,9756,4972,11436,-195,-46,130,9596,-10292,7900,-52,131,-153,-14656,4632,3064,-1032,89,-75,-14808,-3020,5724,-474,152,-111,0
4036.625472068786,9856,5040,11400,-193,-25,75,9560,-10468,8032,-55,233,-178,-14640,4736,3152,-989,123,-88,-14700,-3072,5648,-443,129,-117,0
4036.6617040634155,9828,5012,11304,-225,-47,58,9512,-10308,7984,-75,164,-185,-14716,4688,2988,-999,115,-106,-14704,-3128,5720,-464,125,-106,0
4036.6975989341736,9808,5092,11396,-208,-24,66,9552,-10352,8040,-104,107,-130,-14644,4672,2968,-986,86,-34,-14676,-2956,5756,-482,101,-101,0
4036.7328360080724,9744,4972,11260,-206,-30,108,9424,-10288,7756,-128,92,-171,-14752,4680,2820,-978,172,-46,-14496,-2996,6040,-435,139,-10,0
4036.7688500881195,9768,5016,11224,-259,-81,151,9472,-10272,8052,-97,107,-227,-14688,4772,2852,-956,196,-152,-14684,-3092,5876,-423,195,-23,0
4036.80398106575,9780,5004,11360,-247,-171,127,9552,-10372,7924,-90,189,-288,-14724,4852,2980,-983,167,-163,-14636,-3148,5840,-422,247,-51,0
4036.841544151306,9840,4956,11416,-272,-168,71,9616,-10316,8100,-42,190,-319,-14808,4672,3124,-967,104,-182,-14804,-2832,6072,-460,224,-93,0
4036.8751590251923,9916,5032,11440,-2,-181,75,9556,-10312,8044,-31,124,-339,-14652,4632,2876,-978,90,-157,-14800,-2888,5656,-476,229,-102,0
4036.9083659648895,9916,5016,11440,-251,-161,125,9612,-10476,8004,-38,77,-268,-14696,4808,2956,-1005,117,-131,-14720,-2928,5856,-508,191,-53,0
4036.9419701099396,9744,5116,11508,-274,-131,182,9688,-10304,7792,-50,77,-200,-14736,4696,2580,-1005,180,-25,-14688,-2820,5632,-489,109,-13,0
4036.97541308403,9740,5116,11412,-266,-87,213,9704,-10272,7860,11,148,-150,-14668,4700,2948,-1031,198,-48,-14676,-3048,5656,-474,121,-255,0
4037.0087270736694,9856,4828,11536,-315,-118,227,9712,-10320,7964,42,212,-175,-14804,4624,2972,-1275,143,-141,-14764,-2824,5764,-466,168,-116,0
4037.042500972748,9836,5048,11388,-511,-146,105,9588,-10380,8064,-12,227,-217,-14724,4572,3160,-987,87,-166,-14768,-3172,5688,-442,197,-138,0
4037.0759119987492,9908,5016,11068,-3,-172,43,9660,-10180,8112,16,234,-244,-14732,4548,2884,-1019,30,-149,-14688,-2968,5480,-485,226,-175,0
4037.1096401214604,9972,4880,11404,-244,-214,65,9620,-10144,7936,13,165,-293,-14696,4588,3104,-1021,86,-151,-14688,-3032,5756,-467,208,-97,0
4037.1428849697113,9948,4952,11624,-239,-174,106,9484,-10092,7972,-18,93,-1,-14828,4860,2820,-978,113,-93,-14696,-3084,5848,-436,169,-100,0
4037.1764800548553,9812,5044,11320,-3,-163,131,9528,-10120,7908,-47,105,-233,-14720,4696,3236,-973,114,-123,-14664,-3048,5780,-471,133,-72,0
4037.209958076477,9964,4996,11384,-275,-151,179,9472,-10224,7936,-28,105,-186,-14688,4732,3008,-984,131,-105,-14680,-2988,5876,-481,139,-43,0
4037.2436399459843,9916,4956,11432,-268,-193,207,9568,-10220,7948,-36,96,-214,-14636,4364,2876,-991,194,-80,-14704,-3020,5640,-457,196,-51,0
4037.2774801254272,9932,4908,11396,-509,-205,209,9584,-10180,8068,-1,113,-239,-14628,4840,2740,-1007,199,-93,-14708,-3028,5644,-457,201,-22,0
4037.3111610412598,9948,4960,11372,-223,-183,203,9664,-10220,7940,-11,94,-217,-14712,4356,3016,-1008,177,-95,-14764,-2988,5792,-448,162,-27,0
4037.3448119163513,9772,4940,11388,-247,-158,192,9540,-10292,7840,-6,115,-198,-14672,4848,3024,-1032,161,-106,-14792,-3044,5772,-483,181,-60,0
4037.3783869743347,10024,4872,11400,-253,-151,175,9644,-10252,8044,-22,98,-186,-14612,4688,2856,-1035,172,-96,-14720,-2980,5852,-475,166,-80,0
4037.4119710922246,9864,4908,11408,-192,-139,152,9564,-10272,7932,-21,68,-203,-14720,4640,2876,-1020,168,-110,-14728,-3012,5768,-482,173,-114,0
4037.4455490112305,9888,4828,11224,-126,-111,90,9700,-10228,8032,-44,112,-193,-14724,4648,2952,-1000,125,-84,-14668,-2840,5608,-261,124,-163,0
4037.479115962982,10020,4924,11412,-118,-47,49,9688,-10188,7948,-33,171,-185,-14704,4516,2872,-1011,59,-71,-14772,-2832,5700,-495,128,-168,0
4037.51270198822,9988,4920,11372,-97,-5,47,9620,-10312,8000,-3,134,-166,-14656,4628,2976,-1026,90,-78,-14752,-2704,5876,-479,122,-158,0
4037.5462210178375,10008,4940,11416,-71,-15,55,9652,-10348,7976,243,133,-168,-14756,4592,3012,-1076,41,-88,-14748,-3004,5840,-514,121,-202,0
4037.579952955246,9964,4936,11400,-122,-31,36,9592,-10124,7888,-19,161,-172,-14692,4624,3092,-1043,36,-77,-14764,-3028,5664,-504,118,-182,0
4037.6136591434483,9904,4896,11520,-193,-38,45,9444,-10016,7844,5,201,-170,-14840,4648,2820,-1066,66,-105,-14668,-3064,5752,-474,202,-144,0
4037.6470420360565,9916,5056,11456,-169,-80,64,9432,-10204,8128,-8,151,-181,-14708,4436,3148,-1027,110,-96,-14660,-3068,5740,-468,166,-114,0
4037.6806230545044,9804,5012,11248,-139,-70,100,9620,-10284,8060,-82,132,-193,-14688,4832,3244,-1012,94,-95,-14744,-3024,5772,-466,123,-92,0
4037.7141420841212,9956,5020,11344,-161,-16,106,9564,-10212,8040,-61,155,-128,-14688,4624,3084,-1042,83,-36,-14688,-2824,5808,-491,116,-138,0
4037.7476739883423,9956,4944,11252,-197,-21,110,9692,-10204,8036,-37,157,-134,-14696,4352,2992,-987,102,-35,-14768,-3012,5804,-464,73,-111,0
4037.7812850475307,10040,5016,11300,-175,-50,124,9572,-10156,8020,-117,125,-95,-14676,4564,3136,-990,117,253,-14724,-2892,5780,-459,64,-88,0
4037.8147470951085,10000,5032,11372,-212,-42,138,9528,-10192,8012,-94,128,-83,-14696,4644,3040,-1012,66,-251,-14828,-2932,5872,-481,94,-89,0
4037.8481199741364,10028,5000,11360,-188,-35,143,9644,-10172,7964,-61,82,-90,-14648,4700,2960,-1034,132,0,-14788,-2972,5700,-491,66,-74,0
4037.884382009506,10016,4936,11340,-136,-19,185,9716,-10148,7944,-71,63,-68,-14744,4668,2960,-1048,97,22,-14836,-2820,5808,-504,20,-92,0
4037.920727014541,9888,4948,11488,-133,76,120,9624,-10256,7860,-74,129,-47,-14776,4644,2872,-1035,70,-22,-14708,-2932,5780,-520,4,-131,0
4037.9555659294133,9976,4940,11292,-169,47,107,9592,-10352,7832,-72,140,-43,-14756,4668,2856,-1034,14,22,-14652,-2948,5684,-510,21,-144,0
4037.9913620948796,9872,4960,11456,-132,69,101,9672,-10412,7860,-61,129,-78,-14676,4684,3220,-1016,44,-30,-14616,-2988,5824,-515,64,-142,0
4038.0274419784546,10220,5004,11504,-189,18,91,9564,-10292,7864,-55,153,-115,-14696,4672,2836,-1009,58,-31,-14680,-2952,5688,-470,112,-155,0
4038.0624859333043,9904,4956,11352,-155,14,72,9512,-10352,7876,-65,145,-127,-14608,4740,2996,-1271,44,-36,-14800,-3020,5776,-460,113,-134,0
4038.0980920791626,9904,4884,11644,-198,-252,86,9572,-10408,7772,-24,198,-145,-14612,4712,3020,-774,77,-83,-14672,-3000,5648,-469,154,-145,0
4038.1335949897766,9508,5020,11424,-166,-49,82,9472,-10492,8076,-8,182,-160,-14436,4784,3040,-1018,117,-72,-14628,-2996,5728,-505,170,-130,0
4038.16965508461,9868,5036,11400,-170,-57,108,9468,-10304,7988,-48,195,-156,-14608,4708,3256,-988,98,-129,-14636,-3252,5828,-488,176,-85,0
4038.2049961090083,9864,5060,11364,-181,-57,123,9600,-10152,7928,-64,172,-174,-14608,4700,3112,-996,132,-92,-14724,-3288,5808,-450,145,-42,0
4038.2406940460205,9908,5084,11492,-277,-120,172,9260,-10440,8056,-73,135,-207,-14672,4708,3264,-1003,203,-112,-14660,-3008,5792,-478,176,-3,0
4038.2761991024013,9768,5036,11568,-288,-156,229,9524,-10384,8056,-15,39,-246,-14636,4664,3172,-1011,201,-148,-14684,-3020,5884,-491,197,-22,0
4038.312484025955,9792,4972,11272,-252,-181,249,9588,-10284,7920,-30,62,-268,-14716,4600,2824,-991,213,-138,-14764,-2932,5736,-470,165,24,0
4038.3481440544133,9992,4864,11356,-275,-188,204,9556,-10068,7832,-32,75,-249,-14828,4644,2952,-965,211,-90,-14680,-2968,5884,-438,192,-26,0
4038.3836829662323,9932,4916,11404,-283,-143,201,9632,-10236,7712,-27,137,-251,-14744,4520,2976,-978,167,-124,-14720,-3036,5828,-434,172,-47,0
4038.4194869995117,9980,4908,11236,-286,-171,129,9624,-10472,7852,-43,119,-253,-14836,4676,2988,-990,132,-77,-14596,-2928,5788,-433,162,-62,0
4038.454707145691,10108,4848,11328,-271,-81,104,9648,-10312,7900,-39,114,-194,-14740,4760,3016,-960,110,-81,-14764,-2852,5808,-473,134,-69,0
4038.4901940822606,10004,4860,11508,-312,-88,137,9668,-10288,7936,16,94,-230,-14724,4604,2984,-1005,101,-76,-14632,-3008,5880,-481,178,-90,0
4038.527095079422,9848,5008,11404,-251,-132,119,9632,-10384,7924,-9,81,-275,-14732,4608,2948,-969,121,-153,-14600,-2940,5892,-458,207,-118,0
4038.5606429576874,9968,4968,11392,-249,-170,69,9692,-10012,7696,33,104,-320,-14708,4584,2996,-971,88,-175,-14600,-2864,5828,-468,237,-136,0
4038.5943520069122,9916,4872,11328,-280,-180,78,9524,-10244,7872,106,111,-301,-14652,4700,2944,-1004,77,-115,-14804,-2908,5828,-461,224,-132,0
4038.627900123596,9944,4836,11424,-263,-186,77,9668,-10284,7884,74,130,-4,-14764,4804,2952,-1002,67,-76,-14736,-2952,6004,-480,125,-197,0
4038.6613490581512,10036,4876,11332,-235,-100,70,9600,-10000,8144,93,173,-208,-14684,4776,3200,-1277,17,-139,-14760,-2968,5832,-503,104,-199,0
4038.694888114929,9900,4948,11428,-173,-87,69,9660,-10012,8104,89,157,-183,-14632,4624,3024,-1017,34,-114,-14644,-2976,5636,-479,158,-178,0
4038.728410959244,10020,4840,11316,-129,-87,58,9648,-10120,7980,29,158,-222,-14624,4532,2884,-1034,118,-97,-14708,-2976,5472,-470,195,-165,0
4038.7619550228123,9948,4952,11328,-154,-109,9,9704,-10104,7912,16,185,-235,-14832,4356,2612,-1051,109,-141,-14612,-2928,5664,-461,224,-151,0
4038.7955639362335,9992,4964,11364,-120,-113,9,9600,-10200,8108,13,151,-235,-14752,4368,2948,-1077,105,-118,-14760,-3124,5860,-499,216,-124,0
4038.8292829990387,9744,5060,11432,-140,-76,69,9588,-10184,8076,46,154,-186,-14716,4820,3292,-1056,85,-95,-14688,-3072,5776,-467,161,-150,0
4038.8629081249237,9960,4932,11732,-179,-41,78,9524,-10208,7976,-20,153,-192,-14672,4380,2836,-1032,122,-115,-14688,-3040,5904,-497,174,-98,0
4038.8961470127106,9792,5056,11476,-172,-109,110,9692,-10472,7988,-39,118,-219,-14632,4636,2968,-1044,144,-89,-14720,-3304,6032,-476,232,-98,0
4038.9300129413605,9984,5024,11472,-137,-128,143,9664,-10448,7932,-100,115,-236,-14652,4564,3168,-1000,156,-144,-14736,-3292,5760,-440,206,-98,0
4038.9636499881744,10020,5052,11244,-168,-105,105,9860,-10172,7992,-118,120,-235,-14688,4568,2864,-947,138,-91,-14716,-2928,5860,-450,170,-79,0
4038.997537136078,9908,5060,11392,-226,-85,119,9664,-10292,7920,-47,128,-217,-14640,4664,2920,-1028,149,-142,-14732,-2868,5700,-480,212,-71,0
4039.0309839248653,9976,4936,11356,-217,-162,187,9596,-10180,7988,-10,67,-207,-14748,4696,2920,-1279,193,-110,-14760,-3052,5792,-429,188,-49,0
4039.064527988434,10188,4944,11084,-158,-70,175,9724,-10444,7856,-66,105,-165,-14832,4676,3052,-1021,134,-91,-14860,-2896,5704,-467,153,-62,0
4039.098263025284,9896,4856,11456,-235,-78,157,9948,-10132,8148,-47,110,-194,-14780,4604,3084,-1026,140,-74,-14712,-3004,5860,-460,177,-63,0
4039.1317989826202,9944,4916,11416,-188,-133,172,9636,-10156,8000,-53,99,-175,-14756,4636,2916,-1038,162,-64,-14784,-2928,5740,-259,134,-74,0
4039.165288925171,10048,4940,11448,-164,-73,157,9632,-10212,7984,-81,91,-122,-14712,4592,3072,-1007,137,-21,-14632,-2928,5756,-477,53,-98,0
4039.1989250183105,10072,4968,11388,-186,-30,129,9708,-10168,8044,-121,93,-130,-14808,4676,2896,-1005,73,-78,-14812,-2972,5432,-455,43,-135,0
4039.232402086258,10024,4844,11392,-200,-248,125,9592,-10460,7980,-82,156,-101,-14700,4560,2880,-772,73,12,-14656,-2868,5784,-484,62,-107,0
4039.2660450935364,9960,5028,11340,-133,17,139,9588,-10292,8000,-55,124,-113,-14640,4844,2948,-1062,58,-31,-14660,-2980,5928,-480,120,-119,0
4039.299901008606,9972,4936,11416,-146,-46,132,9472,-10264,8172,-53,150,-189,-14680,4624,3004,-1051,110,-99,-15044,-2892,5892,-452,189,-83,0
4039.3331820964813,9948,4844,11436,-187,-96,105,9596,-10208,7896,-22,167,-240,-14736,4748,2988,-1043,116,-152,-14708,-2996,5956,-479,237,-97,0
4039.3668389320374,9904,4912,11400,-173,-154,121,9512,-10260,7968,-253,186,-218,-14652,4708,2876,-1063,156,-130,-14708,-2972,5960,-487,212,-70,0
4039.4000089168558,9896,4988,11304,-170,-158,142,9540,-10028,8056,-26,123,-206,-14564,4652,3148,-769,158,-111,-14716,-2968,5892,-441,196,-84,0
4039.433608055114,9736,4956,11396,-205,-120,141,9576,-10024,7956,-34,196,-197,-14752,4600,3072,-1003,137,-92,-14704,-2872,5836,-477,173,-84,0
4039.4672620296483,9984,4904,11376,-202,-60,134,9580,-10236,8044,-68,184,-163,-14736,4684,2956,-1277,123,-67,-14836,-2952,5776,-473,111,-90,0
4039.5010950565334,10080,4868,11516,-211,-57,138,9636,-10176,8116,-32,162,-134,-14784,4528,3116,-992,143,-100,-14652,-2972,5720,-467,118,-81,0
4039.5343201160426,10008,4988,11340,-226,-64,160,9652,-10204,7816,-47,187,-136,-14860,4584,2904,-1007,146,-84,-14820,-2932,5624,-452,124,-87,0
4039.5717029571533,10100,5016,11472,-210,-117,139,9612,-10160,8052,-62,137,-148,-14736,4596,2848,-1031,146,-43,-14612,-3020,5668,-451,118,-82,0
4039.6076581478123,10036,4964,11484,-210,-98,146,9508,-10188,8064,-74,91,-169,-14716,4636,3092,-1026,152,-69,-14792,-2868,5764,-469,131,-92,0
4039.6428809165955,9936,4864,11464,-185,-40,144,9692,-10000,8048,-50,68,-151,-14756,4644,2848,-1036,124,-30,-14752,-2616,5764,-473,94,-102,0
4039.682210922241,9892,4964,11456,-168,-36,137,9612,-10236,7984,-60,125,-117,-14696,4708,2864,-1014,94,-32,-14728,-2996,5848,-480,68,-106,0
4039.717644929886,9860,5000,11264,-220,-18,120,9564,-10304,7956,-63,103,-127,-14596,4776,3056,-1025,77,-21,-14780,-2908,5780,-485,85,-96,0
4039.753077030182,9948,4888,11304,-196,-53,132,9448,-10276,7880,-53,122,-122,-14684,4720,2856,-999,100,-55,-14612,-2804,5836,-446,112,-111,0
4039.7888760566716,9964,4900,11640,-178,-35,149,9568,-10272,8076,-69,103,-126,-14596,4752,2904,-970,90,-62,-14668,-3016,5792,-436,93,-62,0
4039.8237860202794,9908,4932,11332,-212,-66,149,9564,-10216,7888,-72,88,-168,-14716,4632,2888,-983,133,-83,-14648,-3016,5816,-450,139,-61,0
4039.859833955765,9988,4928,11376,-196,-112,148,9544,-10488,7780,-70,86,-170,-14704,4668,3024,-988,146,-67,-14780,-2892,5764,-447,154,-114,0
4039.8947589397435,10212,4864,11220,-187,-102,101,9732,-10300,7972,-58,123,-184,-14844,4600,2776,-997,94,-97,-14784,-2952,5800,-450,168,-96,0
4039.9306850433354,9972,4956,11452,-207,-111,105,9668,-10140,8068,-48,158,-182,-14644,4824,2904,-1027,100,-58,-14764,-2920,5780,-441,134,-104,0
4039.966253042221,9948,4868,11288,-155,-58,123,9592,-10300,7852,-55,104,-161,-14680,4664,2976,-1019,68,-43,-14848,-2728,5800,-488,57,-111,0
4040.0023820400243,9992,4856,11276,-215,255,146,9624,-10260,7968,-256,116,-118,-14448,4684,2832,-1012,100,-46,-14716,-2844,5876,-466,72,-110,0
4040.0378451347356,9952,4888,11328,-197,-55,147,9656,-10256,8044,-28,90,-125,-14772,4592,2868,-1000,123,-64,-14748,-2892,5728,-423,72,-114,0
4040.0728421211243,10052,4920,11124,-221,-23,156,9580,-9988,7684,-77,146,-107,-14640,4552,2996,-961,62,-30,-14708,-2948,5652,-446,78,-98,0
4040.1087460517883,9964,4980,11412,-248,-69,167,9604,-10164,7932,-89,146,-107,-14680,4672,2848,-771,84,-29,-14668,-2888,5820,-458,76,-79,0
4040.1439011096954,9952,4800,11400,-231,-41,176,9488,-10268,8068,-50,98,-116,-14664,4692,3008,-1027,87,-38,-14720,-3004,6112,-462,77,-123,0
4040.1903100013733,9848,4956,11308,-193,-5,141,9620,-10464,8016,-74,133,-118,-14664,4680,2952,-992,82,-59,-14712,-2848,5828,-454,98,-118,0
4040.2377550601964,9960,4676,11300,-201,-60,120,9504,-10284,7860,-41,146,-139,-14664,4700,2928,-1038,148,-34,-14348,-2856,5788,-474,155,-101,0
4040.2776391506195,9732,4892,11360,-145,-102,129,9516,-10368,7904,-3,125,-189,-14688,4640,2928,-1043,162,-136,-14620,-2904,5884,-448,171,-59,0
4040.3108410835266,9752,4652,11252,-127,-142,122,9636,-10196,7836,-35,134,-199,-14728,4752,2932,-972,131,-142,-14732,-2956,5792,-436,155,-93,0
4040.3443551063538,9912,5116,11500,-210,-154,109,9636,-9996,8056,-50,167,-178,-14748,4724,2908,-983,99,-63,-14696,-2832,5800,-458,118,-87,0
4040.3779201507573,10016,4860,11388,-263,-64,120,9664,-10284,7932,-30,151,-142,-14708,4680,2908,-1010,85,-37,-14712,-2872,5744,-464,85,-101,0
4040.411049127578,10124,4928,11316,-233,-14,137,9676,-10248,7984,-20,105,-127,-14620,4704,3200,-1005,101,-61,-14732,-2924,5792,-456,93,-122,0
4040.444332122802,9940,4956,11440,-182,-69,157,9536,-10268,8168,-46,117,-119,-14728,4688,3040,-987,145,-69,-14708,-2888,5936,-426,106,-103,0
4040.478152036667,9944,4692,11440,-192,-49,177,9504,-10016,7980,-50,96,-154,-14692,4408,2992,-1007,123,-43,-14652,-2824,5808,-466,117,-95,0
4040.511440038681,10008,4808,11376,-209,-68,79,9644,-10248,7956,-33,127,-173,-14748,4608,3020,-997,86,-72,-14760,-2824,5700,-465,96,-129,0
4040.5448429584503,10008,4848,11516,-228,-92,106,9524,-10236,7728,6,154,-162,-14668,4684,2768,-1027,68,-75,-14820,-2860,5812,-471,116,-104,0
4040.5782859325413,10116,4824,11300,-221,-54,103,9564,-10096,7904,-3,149,-142,-14700,4732,3048,-1033,89,-60,-14700,-2944,6004,-482,120,-130,0
4040.6115980148315,10008,4912,11432,-201,-68,103,9564,-10280,7844,19,140,-168,-14692,4800,2880,-1049,104,-64,-14636,-2820,5888,-501,169,-113,0
4040.6450979709625,9824,4876,11364,-135,-96,94,9600,-10472,7916,31,138,-203,-14644,4648,2912,-1051,96,-140,-14552,-2920,5868,-487,221,-153,0
4040.6786830425262,10000,4848,11364,-128,-109,81,9612,-10312,7968,-34,135,-240,-14788,4660,2832,-1018,103,-155,-14752,-2788,5880,-437,176,-130,0
4040.71195602417,10060,4808,11408,-174,-72,43,9560,-10260,7840,-6,193,-212,-14784,4792,3032,-1041,40,-136,-14700,-2812,5924,-498,146,-185,0
4040.7455279827122,9940,4760,11440,-195,-61,25,9740,-10208,7864,64,184,-164,-14760,4724,2940,-1091,-3,-80,-14636,-2880,5660,-519,166,-202,0
4040.7791681289673,9780,4820,11408,-140,-30,18,9644,-10268,8032,15,184,-182,-14720,4708,2844,-1052,21,-115,-14836,-2992,5816,-462,137,-222,0
4040.8125970363612,10028,5076,11340,-101,13,-6,9488,-10132,8092,-17,253,-137,-14768,4664,2956,-1022,-8,-86,-14704,-2884,5756,-483,116,-230,0
4040.8460540771484,10092,4964,11352,-171,-14,-9,9540,-10332,7964,-8,208,-122,-14676,4588,2940,-1074,25,-110,-14644,-2912,5796,-485,121,-212,0
4040.8797590732574,9956,4940,11492,-123,41,47,9460,-10244,8008,-23,196,-83,-14652,4656,3056,-1072,29,-41,-14828,-2884,5808,-486,125,-180,0
4040.9129779338837,9936,5048,11412,-64,52,20,9636,-10280,8080,-4,177,-144,-14736,4600,3048,-1027,46,-46,-14780,-2904,5964,-479,130,-188,0
4040.9466359615326,9896,4988,11268,-73,-24,31,9296,-10248,8036,46,167,-154,-14656,4756,3176,-1094,47,-115,-14784,-2980,5964,-519,190,-152,0
4040.980195045471,10016,4980,11384,-41,-40,32,9596,-10160,7684,19,227,-161,-14664,4648,2964,-1097,27,-109,-14700,-3012,5868,-486,152,-174,0
4041.0138499736786,9780,4984,11380,-123,-106,72,9564,-10244,8168,-50,173,-199,-14628,4368,2948,-1012,74,-82,-14684,-2928,5836,-460,163,-147,0
4041.0475299358372,9984,5016,11548,-193,-78,123,9552,-10416,8168,-106,141,-117,-14744,4660,3012,-971,93,8,-14668,-2868,5984,-435,66,-108,0
4041.0811600685124,10024,4900,11288,-239,-17,162,9628,-10448,8188,-122,159,-32,-14716,4780,2992,-975,109,-242,-14796,-2604,5860,-418,18,-118,0
4041.1145229339604,9984,4888,11340,-233,48,151,9604,-10320,8208,-62,179,-30,-14760,4680,2884,-1055,114,-19,-14760,-2904,5728,-464,41,-124,0
4041.1479630470276,10016,4932,11424,-169,32,130,9544,-10288,8032,-19,161,-55,-14676,4660,3288,-1077,79,-52,-14656,-3032,5760,-477,114,-152,0
4041.1817290782933,9888,4912,11552,-132,50,65,9488,-10472,8084,-35,202,-132,-14736,4616,3056,-1076,83,-46,-14700,-2928,5780,-501,176,-136,0
4041.2149419784546,9880,4648,11084,-98,2,44,9516,-10352,8080,-12,191,-183,-14604,4676,2832,-1066,72,-97,-14684,-2940,5824,-510,171,-141,0
4041.2528579235077,9900,4956,11412,-75,-6,53,9516,-10264,8128,-26,258,-123,-14684,4688,3004,-1025,66,-66,-14776,-3000,5800,-485,146,-108,0
4041.2876789569855,9876,5052,11388,-123,10,72,9528,-10268,8024,-74,184,-126,-14836,4700,3064,-1279,90,-59,-14664,-2912,5892,-460,72,-119,0
4041.3236529827122,9952,5000,11496,-161,80,91,9228,-10008,8000,-128,137,-77,-14368,4656,2928,-993,100,-242,-14788,-3024,5776,-452,80,-79,0
4041.3593380451202,9908,4988,11472,-189,68,111,9508,-10264,8160,-109,205,-99,-14664,4620,3072,-1011,132,-107,-14652,-2884,5800,-459,152,-76,0
4041.3943071365356,9784,4944,11440,-234,-46,87,9724,-10336,7736,-29,168,-204,-14592,4712,3052,-1031,115,-98,-14608,-2972,6076,-461,261,-47,0
4041.4298961162563,9820,4972,11268,-209,-123,88,9232,-10448,8004,-34,162,-326,-14380,4796,3120,-774,154,-179,-14644,-2952,5960,-474,270,-56,0
4041.4649710655212,9892,4912,11396,-238,-134,111,9424,-10312,8076,20,143,-321,-14712,5016,2900,-1066,147,-163,-14676,-2904,5916,-500,224,-66,0
4041.5008919239044,9860,4996,11336,-275,-148,140,9460,-10312,8104,51,196,-277,-14712,4832,2976,-1004,131,-159,-14788,-3056,5696,-448,154,-90,0
4041.5359220504765,9956,5052,11572,-297,-95,133,9564,-10136,7992,-42,151,-227,-14760,4604,2940,-981,94,-106,-14764,-2860,6100,-433,143,-66,0
4041.5709171295166,10044,4968,11308,-372,-114,165,9484,-10320,7964,-28,200,-222,-14756,4560,3064,-1011,137,-76,-14592,-2808,5764,-463,183,-47,0
4041.607111930847,9976,4944,11304,-342,-128,177,9516,-10180,7896,-7,112,-254,-14796,4400,3076,-771,161,-122,-14724,-2884,5812,-437,153,-61,0
4041.641844034195,9988,5004,11428,-266,-148,130,9596,-10084,8096,5,98,-244,-14764,4736,2940,-1004,110,-140,-14748,-2920,5736,-441,162,-115,0
4041.6781029701233,9972,4988,11436,-264,-155,130,9436,-10336,8012,20,124,-266,-14704,4692,3168,-1015,128,-107,-14716,-2840,5812,-471,213,-103,0
4041.713854074478,9936,4832,11436,-257,-148,119,9544,-10188,7964,39,120,-250,-14700,4556,2820,-1035,134,-197,-14652,-2936,5860,-466,225,-69,0
4041.749666929245,9936,5108,11440,-262,-183,141,9716,-10264,7976,2,94,-256,-14824,4704,2808,-770,151,-108,-14664,-2968,5736,-450,184,-82,0
4041.784851074218,9984,4892,11376,-207,-137,150,9744,-10312,7956,-16,81,-194,-14756,4644,3104,-1010,150,-112,-14652,-3020,5788,-463,143,-93,0
4041.820114135742,10036,4908,11440,-267,-116,161,9552,-10320,7972,-11,119,-176,-14804,4848,3256,-1273,147,-65,-14708,-2920,5796,-438,162,-105,0
4041.8556139469138,9888,4892,11424,-251,-149,164,9596,-10032,8056,12,62,-223,-14792,4636,2952,-1013,142,-154,-14688,-2948,5792,-452,211,-55,0
4041.892336130142,9884,4956,11636,-251,-169,146,9524,-10184,7968,7,112,-257,-14676,4692,3152,-1012,165,-123,-14676,-2904,5912,-430,233,-49,0
4041.9258799552917,9912,4672,11492,-242,-221,171,9552,-10296,7936,-17,124,-278,-14664,4608,3048,-1025,158,-112,-14600,-2884,5828,-449,248,-85,0
4041.9594509601593,9856,4968,11212,-240,-205,159,9552,-10316,8036,-15,74,-292,-14676,4364,3048,-1011,118,-131,-14756,-2852,5644,-455,225,-83,0
4041.993103981018,9992,4788,11400,-236,-188,137,9632,-10172,8068,11,100,-246,-14724,4696,3308,-1008,143,-138,-14788,-3060,5740,-435,178,-66,0
4042.0268390178685,10040,4888,11432,-260,-146,134,9512,-10232,7776,31,135,-198,-14696,4832,3044,-1032,150,-107,-14704,-2864,5780,-441,185,-85,0
4042.06022810936,10004,4928,11304,-226,-143,181,9628,-10280,7732,20,108,-190,-14640,4672,3008,-1013,167,-86,-14660,-2904,5720,-443,183,-89,0
4042.093775987625,9936,4868,11396,-204,-115,142,9596,-10168,8028,-6,88,-177,-14720,4592,3036,-1022,146,-93,-14820,-2928,5816,-459,181,-96,0
4042.1273729801173,10000,4836,11052,-128,-77,143,9660,-10176,8168,-45,52,-165,-14752,4560,3032,-1042,111,-85,-14864,-2808,5712,-468,114,-123,0
4042.1605179309845,10088,4904,11384,-164,33,102,9648,-10480,7988,-15,158,-124,-14792,4536,2944,-1053,64,-44,-14748,-2888,5804,-459,92,-140,0
4042.1941621303554,9972,4952,11328,-186,-28,108,9524,-10140,7964,-17,95,-124,-14752,4528,2936,-1035,103,-47,-14804,-2900,5848,-449,115,-108,0
4042.2276561260223,10220,4984,11420,-153,-32,100,9564,-10004,8064,-52,84,-161,-14676,4640,2900,-1273,113,-54,-14692,-2864,5792,-446,160,-94,0
4042.261250972748,9732,4696,11384,-197,-71,124,9564,-10312,7916,-53,91,-175,-14724,4712,2828,-1032,96,-82,-14772,-2608,5824,-493,160,-113,0
4042.294718980789,9996,5100,11440,-164,-56,117,9592,-10220,8084,-41,58,-155,-14716,4688,2752,-1053,52,-71,-14820,-2848,5868,-510,73,-103,0
4042.3282260894775,10004,5112,11384,-134,18,103,9612,-10148,8016,-37,66,-101,-14684,4664,2928,-1033,48,-33,-14752,-2880,5848,-461,49,-170,0
4042.3618199825282,9732,4912,11224,-158,48,92,9504,-10176,8028,-43,172,-115,-14696,4560,2964,-996,46,-48,-14692,-2920,5992,-472,114,-134,0
4042.3951849937444,9852,4932,11572,-162,-32,102,9548,-10304,7976,-25,181,-176,-14692,4840,2912,-771,101,-93,-14844,-2864,5672,-454,174,-125,0
4042.428789138794,9932,4832,11400,-167,-113,114,9520,-10340,7860,-254,181,-206,-14608,4616,2976,-1048,121,-124,-14664,-2868,5804,-466,211,-127,0
4042.462214946746,9936,4948,11424,-169,-151,110,9712,-10196,7708,-15,108,-196,-14748,4616,2948,-1043,142,-136,-14672,-2980,5960,-434,191,-97,0
4042.4956741333012,10028,5000,11364,-178,-114,134,9560,-10212,7980,-37,109,-179,-14776,4664,2948,-993,119,-105,-14736,-3024,5820,-443,162,-99,0
4042.5294461250305,10052,4900,11424,-213,-102,154,9516,-10020,8188,-44,109,-182,-14716,4720,2920,-1009,103,-59,-14788,-2852,5884,-462,141,-83,0
4042.562942028045,10016,4892,11324,-205,-61,133,9556,-10220,8156,-25,115,-172,-14676,4516,3016,-1031,109,-95,-14844,-2844,5728,-471,145,-113,0
4042.5965359210963,10020,4980,11036,-174,-57,111,9488,-10188,7924,0,92,-187,-14792,4644,2908,-1045,105,-99,-14760,-2892,5780,-486,136,-132,0
4042.6299500465393,9904,4852,11516,-186,-62,101,9636,-10488,7976,253,77,-191,-14740,4540,3052,-1038,104,-102,-14692,-3056,5816,-472,160,-132,0
4042.6634860038757,10020,4908,11340,-175,-82,83,9636,-10460,7740,-13,114,-232,-14688,4608,3084,-1039,103,-97,-14728,-2836,5852,-471,180,-109,0
4042.697384119034,9744,4960,11272,-178,-127,102,9540,-10352,8072,11,61,-221,-14624,4592,2860,-1040,126,-87,-14756,-2872,5672,-468,155,-137,0
4042.731043100357,10040,4896,11380,-186,-101,110,9640,-10196,7940,-20,-5,-245,-14836,4520,3096,-772,141,-72,-14708,-2604,5828,-452,163,-94,0
4042.764795064926,9988,4948,11696,-194,-102,118,9600,-10304,8012,-54,48,-227,-14740,4652,2952,-1015,138,-72,-14720,-2768,5784,-454,145,-121,0
4042.798313140869,10068,4816,11284,-219,-101,122,9584,-10192,7960,-61,93,-168,-14732,4852,2940,-769,130,-115,-14764,-2796,5860,-438,115,-126,0
4042.831825017929,9940,4836,11044,-161,-57,97,9696,-10344,8036,-58,135,-198,-14768,4408,3072,-1046,89,-99,-14788,-2840,5828,-495,87,-158,0
4042.8654639720917,10052,4772,11344,-174,-30,76,9588,-10284,7900,7,11,-209,-14776,4480,2868,-1058,46,-38,-14732,-2908,5784,-490,141,-151,0
4042.898983001709,9796,4680,11424,-135,-21,72,9636,-10464,8188,7,34,-220,-14756,4352,3040,-1072,66,-94,-14760,-2868,5720,-472,139,-188,0
4042.9362161159515,10028,4936,11392,-140,-58,-7,9676,-9988,8048,39,263,-165,-14700,4588,3108,-1063,-250,-113,-14812,-2824,5892,-494,170,-212,0
4042.9717581272125,9916,4916,11340,-171,-68,15,9520,-10144,7968,40,226,-222,-14616,4552,2840,-1076,73,-148,-14636,-2920,5696,-457,203,-152,0
4043.0082919597626,9860,4908,11076,-129,-74,59,9572,-10044,7996,-20,48,-257,-14732,4600,2960,-1039,77,-67,-14680,-2856,5788,-491,128,-174,0
4043.0430810451508,9804,4884,11488,-140,-35,54,9580,-10188,7852,-10,198,-180,-14668,4852,2840,-1035,50,-108,-14696,-2868,5852,-475,143,-186,0
4043.0791959762573,9792,4964,11364,-194,-51,65,9628,-10076,7908,-50,207,-160,-14676,4560,2892,-991,81,-55,-14696,-2904,5708,-485,119,-146,0
4043.1141779422765,9988,5052,11452,-159,-43,87,9604,-9996,8072,-57,172,-173,-14828,4844,3028,-1019,132,-108,-14628,-3068,5724,-466,183,-94,0
4043.1495311260223,9928,5016,11392,-189,-84,122,9572,-10148,7960,-25,120,-180,-14652,4576,2960,-1030,148,-90,-14804,-2896,5692,-480,167,-64,0
4043.1849360466003,10020,4928,11416,-170,-67,166,9704,-10268,7684,-59,81,-200,-14788,4456,3088,-769,130,-61,-14720,-2944,6036,-465,120,-70,0
4043.2212729454045,9908,4960,11336,-224,-46,169,9648,-10160,8000,-33,51,-190,-14616,4524,3100,-1011,187,-41,-14764,-2976,5752,-459,133,-59,0
4043.25621008873,10076,4960,11192,-197,-91,152,9680,-10204,7988,-11,30,-158,-14696,4548,3040,-1063,153,-76,-14664,-2956,5736,-511,159,-89,0
4043.2922019958496,9948,4940,11428,-144,-105,159,9920,-10276,7952,-8,41,-183,-14712,4544,2796,-1066,140,-91,-14836,-2944,5868,-482,171,-90,0
4043.3274869918823,9992,4880,11356,-181,-72,131,9664,-10220,7880,-26,89,-182,-14736,4592,2876,-1010,105,-8,-14708,-2688,5728,-456,141,-92,0
4043.3635120391846,10048,4660,11508,-209,-54,155,9668,-10244,7888,-38,163,-147,-14676,4668,3020,-1003,113,-93,-14788,-2736,5868,-470,120,-85,0
4043.398782968521,9776,4956,11276,-203,-74,159,9696,-10212,7700,-47,84,-144,-14624,4644,2936,-1030,139,-54,-15044,-2860,6096,-472,148,-94,0
4043.4342000484467,10208,4884,11268,-182,-56,157,9712,-10228,7852,-42,116,-137,-14816,4684,2936,-1039,120,-65,-14740,-2720,5852,-510,129,-105,0
4043.4695920944214,10048,4772,11360,-181,-49,140,9612,-10204,7908,-255,131,-141,-14768,4612,2884,-1042,113,-60,-14684,-2832,5844,-523,163,-151,0
4043.5049500465393,9916,4884,11256,-142,-32,106,9612,-10240,7824,255,164,-160,-14708,4640,2952,-1032,100,-104,-14776,-2936,5480,-473,156,-196,0
4043.5400350093846,10016,4848,11260,-101,2,37,9592,-10220,7976,-21,163,-125,-14752,4660,3032,-1070,-255,-20,-14840,-2916,5708,-532,71,-237,0
4043.5758249759674,9764,4656,11496,-107,90,14,9728,-10156,8152,23,197,-87,-14696,4556,2984,-1073,-7,-31,-14740,-2968,5656,-543,102,-228,0
4043.6094899177547,9892,4968,11424,-76,113,-4,9696,-10080,7780,6,195,-54,-14680,4448,3020,-1058,14,-75,-14772,-3016,5708,-489,92,-215,0
4043.642867088318,9924,5076,11392,-84,69,249,9600,-10212,8044,-42,237,-99,-14816,4856,3300,-1033,-10,-70,-14628,-2980,5736,-487,109,-213,0
4043.6765129566193,9948,4888,11520,-147,26,-7,9496,-10180,7996,-14,249,-126,-14664,4412,3216,-1078,252,-59,-14688,-3044,5868,-484,164,-219,0
4043.7099790573125,9936,5028,11288,-110,7,58,9228,-10224,8020,-13,194,-133,-14848,4580,3048,-1057,20,-42,-14756,-2924,5840,-492,100,-160,0
4043.7437241077423,9880,5068,11420,-100,2,69,9620,-10036,7776,-44,141,-113,-14636,4832,2972,-1063,35,-12,-14632,-2876,5648,-499,61,-177,0
4043.7773990631104,9888,5056,11388,-172,67,54,9572,-10120,8032,-21,173,-76,-14708,4368,3136,-1275,28,-225,-14608,-2864,5868,-505,51,-168,0
4043.8110380172734,9924,4988,11440,-182,70,77,9648,-10148,8128,-26,212,-71,-14628,4564,2964,-1041,53,-43,-14768,-2928,5744,-472,96,-160,0
4043.8446221351624,9976,5052,11576,-169,34,106,9552,-10184,8012,-55,197,-103,-14784,4568,3224,-781,74,-31,-14740,-2796,5936,-493,96,-127,0
4043.8782079219814,9848,4976,11308,-189,-27,109,9636,-10216,7932,-60,155,-88,-14740,4672,3004,-1058,111,-28,-14856,-2968,5828,-479,125,-108,0
4043.9116311073303,10100,5020,11352,-172,-18,135,9664,-10240,8004,-73,154,-115,-14704,4736,3040,-1034,132,-23,-14732,-2932,5800,-496,103,-100,0
4043.9449491500854,9936,5028,11440,-168,16,137,9572,-10448,7780,-46,149,-76,-14656,4584,2820,-1020,113,-17,-14760,-3056,5832,-473,83,-120,0
4043.978600025177,9856,5000,11516,-191,5,111,9500,-10204,8008,-79,200,-126,-14636,4676,3052,-1035,85,-79,-14736,-3140,5776,-494,128,-123,0
4044.012223005295,9796,5032,11432,-155,0,94,9600,-10212,8004,-99,197,-98,-14736,4644,3044,-1039,76,-35,-14740,-2980,6084,-474,94,-106,0
4044.0457940101624,9816,4988,11456,-126,252,94,9472,-10216,8072,-123,211,-97,-14680,4380,3144,-1004,120,-29,-14736,-2900,5800,-483,104,-69,0
4044.0792949199677,9948,5044,11236,-166,27,115,9532,-10284,7948,-111,219,-112,-14724,4616,2988,-992,101,-47,-14380,-2940,5868,-479,141,-91,0
4044.112776041032,9832,4996,11504,-217,-24,128,9508,-10368,8020,-76,206,-157,-14752,4676,3200,-1022,104,-134,-14604,-2944,5932,-476,170,-85,0
4044.1458649635315,9964,4988,11468,-292,-77,115,9520,-10332,7996,-38,180,-243,-14720,4600,3232,-1003,115,-144,-14644,-2972,5664,-477,217,-52,0
4044.1794550418854,9848,4936,11392,-292,-123,133,9220,-10044,7988,254,200,-292,-14736,4692,2984,-1001,127,-127,-14668,-2924,5928,-467,219,-81,0
4044.2132189273834,9804,4924,11440,-275,-128,125,9504,-10368,7976,20,215,-313,-14704,4728,2916,-1005,93,-146,-14696,-2872,5884,-490,212,-106,0
4044.2468709945683,9776,4988,11500,-290,-179,84,9532,-10256,7956,35,182,-284,-14624,4680,3272,-991,112,-212,-14872,-2864,5856,-483,232,-130,0
4044.2803299427032,9936,4964,11360,-278,-115,119,9604,-10436,7692,-22,179,-265,-14716,4852,3224,-959,109,-139,-14724,-2860,5760,-498,157,-45,0
4044.3138639926906,9916,4908,11512,-346,-114,149,9704,-10228,7976,22,151,-232,-14756,4612,3064,-1001,139,-98,-14748,-2896,5708,-486,176,-71,0
4044.3474459648132,9768,4956,11348,-351,-175,140,9572,-10120,7856,41,135,-238,-14800,4448,3060,-995,123,-114,-14832,-2908,5768,-445,191,-79,0
4044.3807599544525,9912,4932,11376,-320,-157,116,9600,-10144,8012,24,127,-258,-14628,4360,2880,-992,141,-144,-14672,-2840,5800,-476,214,-79,0
4044.413959980011,9920,4944,11324,-363,-240,164,9500,-10088,8156,70,109,-275,-14596,4540,2980,-1027,184,-178,-14704,-2920,5788,-450,509,-37,0
4044.447543144226,9788,4876,11448,-335,-255,183,9488,-10128,7968,30,132,-268,-14684,4512,3312,-1006,164,-133,-14724,-3220,5728,-454,241,-69,0
4044.481127977371,9936,5000,11516,-278,-219,159,9536,-10200,8156,42,164,-234,-14756,4572,2844,-979,117,-78,-14772,-2932,5712,-485,164,-150,0
4044.5148570537563,10216,4996,11496,-249,-163,106,9508,-10152,8040,15,78,-220,-14552,4500,3092,-772,134,-96,-14664,-2988,5816,-499,131,-123,0
4044.5483391284943,9856,4972,11380,-211,-153,122,9600,-10200,8008,6,37,-237,-14704,4504,3100,-983,144,-100,-14724,-2920,5752,-472,140,-135,0
4044.5818219184875,9924,4948,11036,-168,-114,110,9704,-10172,7924,2,75,-198,-14760,4568,3012,-1058,101,-83,-14708,-2840,5736,-500,170,-129,0
4044.6187541484833,10008,4852,11444,-138,-52,93,9528,-10236,7968,252,54,-188,-14640,4532,3068,-1067,115,-35,-14756,-2804,5668,-477,168,-82,0
4044.6541759967804,9976,4812,11492,-189,-69,130,9596,-10228,8156,-255,110,-178,-14724,4588,2996,-1050,203,-122,-14636,-2928,6044,-478,203,-108,0
4044.6919260025024,9928,4988,11424,-172,-86,124,9616,-10492,7952,13,93,-213,-14752,4812,2932,-1036,127,-142,-14732,-3072,5808,-496,226,-122,0
4044.7275080680843,9780,4948,11420,-158,-101,119,9600,-10220,7980,8,100,-187,-14708,4504,2828,-1035,131,-176,-14796,-2920,5776,-259,220,-112,0
4044.7632999420166,9836,5016,11268,-163,-109,118,9528,-10128,8152,-66,187,-190,-14672,4628,2840,-981,79,-83,-14752,-2940,6072,-473,162,-117,0
4044.7987711429596,9816,4852,11440,-197,-96,127,9576,-10192,8112,-73,152,-145,-14428,4644,3188,-1025,88,-102,-14688,-2924,5804,-491,135,-98,0
4044.8339269161224,9920,4892,11364,-228,-62,139,9664,-10160,8120,-37,125,-163,-14676,4572,2988,-978,133,-42,-14704,-2940,5736,-479,121,-79,0
4044.86956000328,9964,4896,11240,-185,-59,145,9604,-10184,7900,-30,129,-180,-14732,4528,3016,-1015,123,-78,-14740,-2860,5748,-499,146,-90,0
4044.9049749374394,9944,4944,11372,-182,-89,153,9688,-10220,8076,-5,125,-180,-14752,4500,3004,-1026,108,-70,-14768,-2972,5712,-489,175,-79,0
4044.9407720565796,9816,4876,11420,-216,-125,131,9676,-10124,7852,-41,91,-210,-14716,4576,3120,-1022,129,-132,-14752,-2928,5696,-495,201,-80,0
4044.9762020111084,10172,4904,11324,-148,-80,118,9608,-10136,7992,-44,102,-208,-14692,4584,3116,-1002,126,-83,-14800,-2820,5868,-762,96,-137,0
4045.01211309433,9948,4864,11428,-201,-27,86,9608,-10168,8072,-3,126,-128,-14772,4472,2896,-1043,26,-47,-14804,-2848,5796,-507,112,-141,0
4045.0480160713196,10004,4932,11400,-209,247,105,9544,-10116,8220,-50,148,-113,-14744,4552,3040,-1012,47,-36,-14784,-2972,5848,-460,76,-148,0
4045.0833890438084,10016,5012,11284,-175,23,77,9640,-10144,7988,-63,143,-95,-14740,4800,2976,-1029,42,29,-14708,-2888,5652,-264,76,-143,0
4045.119343042373,9896,4948,11312,-163,28,79,9640,-10132,7940,-45,120,-107,-14636,4772,2628,-1051,100,-76,-14752,-2944,5832,-497,97,-124,0
4045.1543929576874,9980,5020,11384,-139,0,111,9556,-10160,7964,-76,102,-155,-14708,4580,2940,-1277,138,-30,-14676,-2992,5784,-486,172,-108,0
4045.189546108246,9856,4988,11412,-145,-46,94,9640,-10204,8092,-56,154,-145,-14756,4588,3152,-1047,99,-88,-14820,-2980,5716,-493,150,-97,0
4045.2247660160065,9976,4912,11448,-157,-29,109,9696,-10244,8068,-70,76,-130,-14672,4812,3292,-1004,73,-55,-14812,-2924,5828,-504,110,-107,0
4045.2614300251003,9976,4912,11348,-114,-25,113,9640,-10232,7956,-81,97,-129,-14564,4496,2972,-1029,102,-46,-14768,-2776,5740,-504,124,-136,0
4045.2949221134186,9900,4976,11500,-174,-40,122,9576,-10148,7760,-22,146,-157,-14648,4564,2856,-988,139,-89,-14656,-2912,5856,-482,151,-79,0
4045.328567028045,9932,4868,11448,-158,-65,114,9500,-10300,7912,-57,118,-190,-14708,4672,3072,-774,126,-87,-14716,-2856,6124,-486,165,-84,0
4045.362091064453,9748,5008,11480,-217,-94,107,9568,-10280,8156,-25,98,-190,-14636,4688,3064,-1003,119,-116,-14800,-2596,5684,-503,147,-108,0
4045.3958740234375,9840,4924,11316,-182,-50,84,9688,-10300,8096,-27,106,-195,-14776,4584,3084,-1009,135,-101,-14740,-2868,5632,-500,188,-96,0
4045.4293169975285,9952,4772,11396,-194,-122,148,9636,-10476,7952,-8,107,-199,-14764,4624,2956,-1019,98,-126,-14716,-2960,5844,-470,158,-119,0
4045.46276307106,10028,4936,11300,-157,-81,125,9584,-10448,8100,-16,132,-178,-14772,4520,3256,-1002,82,-94,-14720,-2868,5896,-476,155,-139,0
4045.496353149414,10008,5048,11412,-201,-81,87,9564,-10212,7960,-10,149,-199,-14652,4620,2868,-985,75,-62,-14776,-2892,5760,-483,152,-111,0
4045.5297269821162,9952,4904,11232,-198,-108,111,9584,-10252,8032,-7,111,-210,-14640,4536,3052,-1007,85,-96,-14928,-2940,5824,-488,146,-124,0
4045.563403129577,9932,4980,11404,-187,-90,105,9600,-10184,7856,3,109,-230,-14776,4528,2964,-1033,89,-122,-14808,-2952,5512,-498,171,-116,0
4045.597288131714,9912,4952,11488,-202,-63,107,9580,-10140,8120,-5,82,-209,-14784,4568,3016,-1270,91,-66,-14744,-2844,5712,-484,160,-141,0
4045.6304130554204,9984,4932,11620,-213,-55,96,9612,-10212,8152,-29,135,-206,-14744,4560,2920,-1023,25,-91,-14800,-3028,5832,-498,146,-175,0
4045.6638879776006,9912,5036,11356,-217,-73,81,9720,-10224,7944,253,141,-170,-14744,4808,2916,-1045,0,-67,-14620,-2984,5844,-506,101,-169,0
4045.6973819732666,10232,4968,11448,-214,-47,74,9596,-10120,8028,-24,115,-123,-14760,4568,3308,-1002,20,-48,-14792,-2844,5776,-489,21,-189,0
4045.730543136596,9912,4972,11340,-242,38,109,9572,-10168,7856,-6,145,-110,-14560,4544,3224,-1014,27,41,-14612,-2704,5648,-761,53,-125,0
4045.7639551162724,9828,4956,11344,-240,-8,170,9564,-10152,8012,-16,127,-139,-14608,4464,2884,-1009,103,-52,-14632,-3036,6120,-494,109,-95,0
4045.797511100769,9916,4988,11344,-167,-8,125,9672,-10080,7964,-91,88,-129,-14824,4460,3296,-975,70,-52,-14828,-3012,5776,-466,86,-98,0
4045.8307931423187,9912,4940,11552,-211,-39,112,9736,-10384,8144,-95,98,-160,-14696,4700,2996,-1012,80,-41,-14688,-3068,5752,-492,150,-126,0
4045.86437010765,9916,5012,11464,-191,-86,108,9592,-10444,7992,-51,104,-193,-14668,4552,3064,-1039,92,-45,-14708,-2960,5644,-766,143,-97,0
4045.8976209163666,9944,4976,11376,-148,-58,139,9628,-10224,7868,-64,156,-135,-14752,4640,2852,-984,48,-21,-14712,-2904,5644,-498,111,-152,0
4045.9310829639435,9852,4940,11332,-172,11,68,9572,-10168,7976,-66,114,-143,-14636,4700,3072,-986,39,-45,-14612,-2900,5684,-490,113,-127,0
4045.9647641181946,9792,4968,11464,-190,-10,97,9556,-10472,8028,-60,104,-172,-14548,4828,3100,-1002,56,-115,-14392,-2976,5852,-502,138,-62,0
4045.998412132263,9788,4916,11428,-165,-61,123,9604,-10260,7968,-30,107,-209,-14696,4860,3024,-1001,128,-111,-14632,-2928,5764,-502,206,-91,0
4046.0317821502686,9840,4848,11448,-209,-102,132,9608,-10272,7956,-39,132,-209,-14768,4548,3036,-990,110,-113,-14800,-2864,6004,-493,189,-104,0
4046.0653281211853,9884,4984,11312,-142,-112,104,9596,-10208,7904,-41,111,-211,-14784,4608,3120,-976,95,-106,-14736,-2864,6100,-269,164,-87,0
4046.0989301204686,9888,4960,11272,-152,-63,102,9612,-10272,8068,-45,180,-193,-14664,4620,3016,-1009,59,-102,-14700,-2856,5784,-504,173,-119,0
4046.1322650909424,9972,4904,11440,-143,-41,95,9632,-10160,7976,-25,146,-180,-14712,4768,3200,-1000,82,-111,-14752,-2880,5708,-524,169,-121,0
4046.1657359600067,9892,5008,11460,-148,-33,51,9596,-10192,7984,-51,161,-174,-14688,4376,3084,-997,55,-50,-14700,-2956,5684,-521,150,-122,0
4046.1992430686955,9940,4976,11340,-155,-31,79,9888,-10208,8048,-53,129,-150,-14656,4472,3116,-982,17,-63,-14740,-2928,5736,-489,148,-139,0
4046.2326829433446,10016,4960,11668,-182,-30,71,9576,-10148,7800,-84,137,-179,-14668,4488,3044,-986,44,-86,-14688,-2908,5776,-496,154,-129,0
4046.2658541202545,9944,5020,11344,-153,-42,90,9644,-10160,7928,-107,106,-195,-14724,4572,2864,-993,40,-101,-14820,-2900,5780,-763,153,-139,0
4046.303363084793,9908,4876,11324,-136,-36,84,9604,-10208,7812,-83,95,-176,-14648,4604,3096,-999,84,-50,-14684,-2936,5840,-516,152,-113,0
4046.3382720947266,9864,4892,11280,-140,-23,91,9568,-10200,8188,-55,117,-172,-14736,4624,2832,-1015,59,-95,-14636,-3024,5788,-502,166,-132,0
4046.3741810321812,9776,4992,11408,-126,242,87,9536,-10468,7980,-47,111,-181,-14720,4636,3008,-1016,73,-94,-14704,-2948,5900,-535,177,-106,0
4046.4097640514374,9832,5044,11512,-169,-68,110,9516,-10020,7968,-58,124,-200,-14612,4516,3060,-1006,103,-110,-14620,-3032,5768,-509,195,-103,0
4046.44548201561,9856,5064,11444,-201,-82,92,9560,-10136,7772,-91,100,-208,-14696,4608,3240,-985,79,-109,-14828,-3056,5736,-456,169,-93,0
4046.4817061424255,9940,5028,11372,-182,-26,114,9624,-10252,7732,-117,74,-179,-14656,4416,3324,-936,123,-37,-14740,-2884,5744,-471,109,-102,0
4046.5177340507507,9984,4944,11316,-211,-17,106,9504,-10008,8160,-29,145,-168,-14724,4592,3276,-997,85,-70,-14736,-2932,5684,-465,125,-139,0
4046.552869081497,9840,5000,11420,-215,-41,101,9692,-10120,7980,-51,174,-172,-14720,4504,3084,-942,95,-70,-14768,-3024,5852,-461,139,-121,0
4046.588191032409,9940,4996,11424,-168,-39,62,9768,-10220,7892,-73,167,-182,-14848,4856,2840,-1003,96,-91,-14832,-2848,5736,-484,127,-165,0
4046.6238360404964,9936,4940,11440,-160,-15,55,9628,-10480,7752,-26,72,-178,-14640,4800,3060,-1000,111,-38,-14684,-3068,5748,-478,124,-153,0
4046.6591219902043,9928,4904,11388,-107,2,87,9552,-10120,7824,70,82,-147,-14404,4584,3080,-1022,123,-36,-14700,-2924,5812,-465,66,-153,0
4046.694167137146,9940,4924,11268,-136,35,95,9712,-10200,7992,10,177,-59,-14700,4600,3072,-773,158,254,-14732,-3028,5704,-468,75,-161,0
4046.7295501232147,9752,4940,11264,-136,62,70,9556,-10256,8004,-9,178,-139,-14364,4620,3304,-1113,96,-40,-14740,-2952,5864,-455,110,-170,0
4046.7647900581364,9768,5108,11628,-134,18,84,9684,-10308,7960,-35,155,-137,-14664,4628,3320,-1115,132,-45,-14720,-2904,5792,-500,148,-103,0
4046.8006651401524,9784,5060,11536,-147,-21,87,9628,-10264,7904,-68,124,-182,-14624,4392,2936,-1100,178,-83,-14672,-2900,5940,-444,161,-79,0
4046.835529088974,9792,4968,11328,-160,-51,112,9584,-10252,8164,-52,169,-164,-14656,4588,3200,-1066,158,-40,-14688,-3040,5736,-419,133,-134,0
4046.8712611198425,9760,4980,11312,-194,-2,99,9536,-10160,8064,-34,202,-142,-14508,4804,3316,-1278,130,-68,-14628,-2972,5888,-424,96,-117,0
4046.906144142152,9780,5088,11348,-179,55,68,9556,-10240,7808,-84,163,-175,-14684,4656,3156,-969,133,-77,-14624,-2936,6140,-462,129,-83,0
4046.9423999786372,9796,5100,11596,-171,34,107,9552,-10216,8076,-86,108,-199,-14848,4576,3036,-1271,149,-46,-14688,-3016,5780,-478,148,-74,0
4046.976004123688,9908,5008,11428,-153,-17,118,9704,-10272,7960,-58,215,-100,-14784,4600,3004,-987,162,-83,-14800,-2952,5828,-442,148,-103,0
4047.00968003273,9888,4988,11404,-181,-7,104,9576,-10272,7912,-77,194,-180,-14728,4592,2952,-974,164,-88,-14768,-2872,5840,-454,162,-84,0
4047.04342198372,9824,5020,11748,-190,-8,111,9532,-10212,7948,-106,58,-167,-14624,4652,3084,-993,125,-33,-14812,-2896,5860,-467,142,-70,0
4047.0772199630733,9728,5008,11452,-183,-13,109,9488,-10368,7892,-44,87,-206,-14648,4676,2824,-1001,146,-121,-14696,-2948,5776,-453,174,-30,0
4047.1106691360474,9776,5252,11268,-268,-62,185,9540,-10304,8176,-30,154,-224,-14692,4672,3100,-981,199,-151,-14628,-3012,5844,-424,199,-36,0
4047.1438541412354,9784,4904,11716,-320,-130,142,9644,-10252,7988,-60,161,-246,-14712,4684,3172,-987,111,-126,-14736,-2968,6140,-459,181,-105,0
4047.177292108536,9840,5020,11596,-284,-75,108,9496,-10300,7932,-68,85,-276,-14584,4668,3156,-1004,97,-116,-14608,-2872,5824,-490,156,-67,0
4047.2106299400334,9776,4992,11504,-249,-83,125,9720,-10272,7856,-15,139,-236,-14564,4612,2844,-990,125,-154,-14756,-2860,5812,-462,169,-77,0
4047.2441890239716,9732,4952,11380,-320,-99,126,9564,-10272,7760,-61,82,-312,-14636,4536,2976,-937,170,-156,-14696,-2980,5848,-459,176,-60,0
4047.277913093568,9840,5080,11356,-311,-83,81,9920,-10456,7840,-28,162,-276,-14756,4584,3008,-951,81,-142,-14800,-2888,5836,-444,149,-101,0
4047.3114020824432,9896,4904,11404,-363,-94,62,9752,-10236,7980,45,169,-310,-14756,4536,3084,-996,23,-127,-14800,-2828,5852,-453,183,-129,0
4047.344932079315,10168,5144,11480,-390,-128,60,9760,-10112,8072,4,198,-278,-14648,4552,3068,-917,76,-181,-14820,-2940,5780,-433,181,-139,0
4047.3784070014954,9956,5068,11400,-340,-136,60,9676,-10076,7688,-27,128,-281,-14728,4568,3040,-1003,59,-117,-14808,-2840,5864,-470,164,-119,0
4047.4116930961613,9972,4988,11460,-365,-137,122,9712,-10228,7708,8,72,-258,-14672,4756,3028,-1018,113,-20,-14728,-3072,5756,-479,113,-44,0
4047.4455490112305,9864,4904,11448,-358,-78,190,9552,-10020,7924,50,-10,-207,-14724,4644,3036,-1008,153,-232,-14836,-2928,5956,-512,38,-45,0
4047.4789731502533,9812,4868,11492,-340,21,183,9640,-10204,7820,-249,59,-125,-14780,4356,3252,-989,99,33,-14784,-3272,6028,-513,28,-100,0
4047.51233792305,9760,4904,11416,-305,26,138,9508,-10332,7732,49,139,-157,-14736,4616,2972,-974,18,-64,-14672,-3024,5696,-526,53,-145,0
4047.5458660125732,9824,4928,11472,-308,-23,61,9612,-10284,8008,22,181,-267,-14840,4604,2956,-963,11,-90,-14708,-3000,5900,-500,150,-212,0
4047.5794270038605,9828,4880,11536,-274,-98,-5,9668,-10204,7932,72,171,-359,-14604,4548,3004,-978,10,-73,-14740,-2840,5824,-492,174,-188,0
4047.6130139827733,9892,4912,11416,-270,-130,11,9664,-10108,7980,40,129,-355,-14656,4608,2876,-1013,72,-109,-14704,-2804,5784,-490,194,-91,0
4047.6464760303493,9836,4940,11468,-271,-144,112,9636,-10076,7948,86,49,-304,-14584,4672,3008,-1018,183,-146,-14716,-2888,5760,-485,242,-54,0
4047.6797640323643,9796,4840,11420,-507,-175,175,9620,-10148,7852,126,130,-511,-14640,4648,3320,-1025,178,-125,-14776,-2780,5744,-492,245,-19,0
4047.7131991386414,9888,4736,11552,-263,-195,173,9780,-10148,7848,103,32,-274,-14748,4684,3000,-1030,132,-62,-14740,-2896,5736,-767,160,-93,0
4047.7468879222874,9940,4872,11628,-1,-134,138,9764,-10084,8040,121,97,-177,-14744,4612,3060,-1278,57,-38,-15064,-2916,5824,-528,68,-167,0
4047.7805480957036,9764,4972,11716,-215,-55,103,9644,-10232,7984,97,189,-147,-14664,4608,3164,-1024,-252,-53,-14760,-3040,5792,-568,63,-187,0
4047.8139929771423,9856,4928,11268,-148,-33,81,9652,-10180,8144,100,197,-126,-14804,4616,3296,-1015,16,-59,-14744,-2940,5756,-561,44,-231,0
4047.847559928894,9860,4660,11416,-121,24,21,9700,-10092,7936,109,192,-175,-14376,4588,3084,-1076,-16,-44,-14744,-2872,5740,-581,105,-231,0
4047.8810639381413,9552,4872,11348,-127,2,38,9688,-10012,8188,17,113,-276,-14620,4512,3308,-1072,26,-25,-14696,-2888,5784,-555,153,-125,0
4047.914405107498,9768,4940,11276,-183,-72,62,9656,-10120,8160,47,120,-508,-14708,4568,3152,-1079,69,-95,-14656,-3040,5784,-489,188,-98,0
4047.9501831531525,9812,4940,11740,-511,-174,128,9656,-10204,7712,82,78,-268,-14680,4736,3304,-1071,122,-125,-14660,-2900,5724,-498,211,-90,0
4047.985501050949,9824,5060,11580,-206,-144,143,9764,-10168,7904,94,148,-217,-14792,4688,3052,-1063,61,-129,-14944,-2840,5816,-568,109,-172,0
4048.0210671424866,10164,4716,11440,-183,-80,104,9956,-10140,7952,132,205,-165,-14840,4672,3120,-1140,-30,-56,-14748,-2960,5760,-600,40,-251,0
4048.056230068207,9904,4892,11540,-151,-37,35,9864,-10084,8188,133,249,-173,-14928,4568,2924,-1129,-79,-44,-14648,-3044,5824,-587,46,-286,0
4048.092234134674,9936,4944,11548,-103,82,-84,9800,-10132,8092,61,325,-158,-14660,4548,2828,-1117,-139,-19,-14804,-3012,5788,-552,22,-355,0
4048.12802195549,9816,4872,11652,-162,-22,-98,9792,-10160,7976,179,326,-206,-14696,4356,2932,-1086,-99,-149,-14620,-2920,5764,-577,147,-321,0
4048.1626670360565,9948,4920,11740,-86,-129,-13,9580,-10100,8024,109,103,-353,-14364,4508,2988,-1108,24,-160,-14372,-2836,5764,-579,178,-237,0
4048.198642015457,9660,4932,11496,-87,-140,72,9288,-9808,8004,50,103,-289,-14380,4356,3080,-1055,103,-132,-14688,-2852,5876,-524,140,-179,0
4048.2337789535522,9804,5104,11576,-169,-128,99,9604,-9940,8032,53,80,-243,-14656,4492,3212,-1041,99,-107,-14636,-3296,5824,-529,133,-173,0
4048.2693219184875,9736,5104,11424,-182,-145,105,9720,-9912,8144,3,103,-216,-14644,4528,3496,-1086,54,-53,-14736,-3196,5908,-533,108,-164,0
4048.3043789863586,9612,4988,11520,-147,-117,111,9484,-10084,8160,-7,98,-204,-14652,4484,3164,-1076,36,-21,-14624,-3108,5944,-497,106,-149,0
4048.3407080173492,9860,4972,11432,-158,-47,103,9528,-9972,8008,-81,40,-243,-14712,4404,3172,-1029,99,-3,-14364,-3276,5804,-451,99,-132,0
4048.37549495697,10104,5084,11388,-208,-80,135,9772,-10000,7860,-43,58,-195,-14680,4640,3260,-1067,31,-38,-14744,-3032,5860,-518,100,-153,0
4048.4117159843445,9928,4920,11484,-185,-123,144,9788,-10060,8108,21,55,-182,-14368,4640,2972,-1094,57,-14,-14692,-3040,5724,-546,82,-111,0
4048.447610139847,9824,4956,11376,-169,-138,138,9824,-10048,8116,23,66,-191,-14668,4392,3108,-1094,44,242,-14708,-3080,5760,-540,91,-162,0
4048.482779979706,9792,4796,11508,-159,-86,65,9800,-10068,8076,63,43,-194,-14692,4524,3320,-1100,40,-19,-14652,-2820,5776,-517,126,-169,0
4048.5188329219814,9952,4940,11688,-184,-38,-3,9588,-9836,7744,318,291,-205,-14400,4680,2996,-1149,133,-74,-14748,-3128,5820,-546,107,-235,0
4048.553307056427,9856,4840,11532,-173,-59,-70,9496,-10108,8016,49,162,-298,-14812,4616,3312,-1110,15,-106,-14724,-2984,5788,-541,99,-283,0
4048.5892291069035,9868,4868,11348,-112,1,-85,9760,-10128,7992,167,325,-193,-14672,4668,3156,-1166,-100,-107,-14656,-3016,5776,-624,108,-309,0
4048.624522924423,9800,4944,11652,-146,-14,-130,9832,-10004,7768,250,284,-236,-14592,4632,3244,-1182,-138,-71,-14628,-3152,5936,-592,125,-337,0
4048.6579270362854,9804,4920,11516,-185,-59,-154,9864,-10036,8168,229,327,-282,-14744,4584,3236,-1107,-154,-141,-14752,-3160,5884,-598,131,-363,0
4048.691473007202,9832,4884,11480,-169,-127,-204,9704,-10016,7996,195,389,-303,-14684,4612,3428,-1118,-115,-170,-14636,-3124,5924,-590,172,-398,0
4048.7251081466675,9920,4988,11320,-156,-71,-6,9724,-9920,8052,190,458,-310,-14612,4472,3140,-1162,-207,-125,-14724,-3128,5748,-592,154,-429,0
4048.758671998977,9828,5052,11732,-203,-116,-263,9504,-9940,8080,145,762,-510,-14416,4228,3036,-1085,-117,-223,-14540,-3248,5812,-600,186,-386,0
4048.7919881343846,9728,5280,11132,-268,-166,-205,9528,-9748,8088,126,413,-283,-14504,4396,3528,-1094,-29,-148,-14640,-3340,5936,-762,239,-285,0
4048.82550907135,9476,5232,11508,-340,-201,-102,9484,-9844,8156,19,370,-283,-14828,4452,3472,-1128,60,-124,-14380,-3372,5636,-496,268,-202,0
4048.8591790199284,9476,5164,11432,-318,-225,-29,9628,-9760,8208,33,360,-249,-14788,4468,3472,-1062,80,-127,-14488,-3248,5688,-462,-661,-143,0
4048.8927290439606,9872,5520,12300,55,-130,125,9520,-9872,8308,52,259,-279,-14600,4260,3264,-1168,184,-174,-14596,-3312,5672,-435,376,-91,0
4048.926411151886,9728,5192,11340,-158,-212,46,9596,-9776,8256,-45,196,-353,-14696,4432,3432,-1072,213,-256,-14664,-3288,5784,-438,323,-148,0
4048.959986925125,9760,5012,11376,-115,-221,-46,9664,-9880,8296,-28,7,-382,-14772,4404,3232,-1080,89,-3,-14660,-3204,5724,-444,305,-246,0
4048.993725061416,9792,5108,11280,-124,-104,-147,9952,-9852,8372,16,364,-371,-14628,4364,3328,-1015,-8,-208,-14832,-3180,5788,-433,290,-241,0
4049.0274660587306,10100,5360,11408,-204,-132,-168,9784,-9784,8180,5,501,-244,-14804,4516,3532,-992,-86,-126,-14976,-3180,5768,-448,169,-215,0
4049.0612139701843,9960,5004,11364,-307,-68,-142,9732,-9844,8288,-41,504,-212,-14828,4544,3328,-978,-124,-110,-14708,-3216,5756,-411,170,-295,0
4049.0947439670563,9900,5048,11304,-299,-41,-151,9624,-9740,8300,-11,589,-171,-14576,4612,3336,-1002,-113,-142,-14716,-3204,5744,-453,139,-285,0
4049.128221988678,9832,5116,11528,-213,252,-99,9544,-9924,8204,71,583,-163,-14536,4544,3424,-1040,-61,-114,-14732,-3152,5452,-528,155,-226,0
4049.1616990566254,9704,5080,11428,-159,-37,-20,9456,-9820,8400,67,316,-194,-14588,4476,3364,-1001,66,-124,-14840,-3336,5844,-524,183,-162,0
4049.1949870586395,9720,5204,11432,-134,-67,51,9296,-9768,8520,25,415,-170,-14552,4212,3608,-1021,155,-146,-14644,-3420,5756,-471,184,-84,0
4049.22868514061,9704,5348,11528,-189,-78,73,9504,-9772,8252,-88,129,-332,-14688,4124,3568,-919,501,-203,-14664,-3420,5668,-389,249,-96,0
4049.2623429298405,9804,5148,11396,-209,-115,-26,9752,-9852,8560,-124,450,-243,-14796,4480,3560,-906,-46,-166,-14828,-3188,5708,-435,230,-188,0
4049.2958040237427,9908,4900,11568,-196,-142,-43,9600,-9828,8424,18,406,-252,-14764,4556,3440,-931,-113,-127,-14760,-3256,5768,-492,165,-262,0
4049.3294060230255,9872,5004,11484,-173,-45,-70,9504,-9816,8544,103,402,-185,-14688,4492,3432,-927,-142,-97,-14736,-3240,5848,-473,152,-323,0
4049.3628981113434,9748,5084,11424,-178,11,-47,9464,-9940,8432,109,268,-163,-14636,4532,3404,-956,-81,-128,-14684,-3576,5856,-534,98,-276,0
4049.396122932434,9964,5032,11456,-99,26,-39,9604,-9984,8268,28,322,-136,-14744,4376,3416,-1061,-63,-146,-14704,-3244,5452,-514,96,-351,0
4049.4301030635834,9812,5036,11320,253,89,-77,9476,-9856,8308,72,263,-161,-14756,4556,3340,-1091,-78,-138,-14664,-3184,5508,-594,74,-419,0
4049.4637179374695,9848,5064,11312,44,82,-58,9588,-9772,8464,135,238,-132,-14620,4440,3496,-1187,-135,-71,-14836,-3376,5720,-600,58,-393,0
4049.4973900318146,9940,5252,11428,83,197,-76,9772,-9684,8240,32,284,-107,-14864,4184,3528,-1130,-204,20,-14776,-3472,5700,-481,-68,-480,0
4049.5310940742493,9960,5164,11436,-93,251,-178,9976,-9924,8656,-19,446,-20,-14724,4576,3648,-997,-412,47,-14632,-3312,5724,-258,-81,-503,0
4049.5646300315852,9680,5152,11632,-21,186,-131,9492,-10016,8596,168,481,78,-14740,4688,3332,-1029,-362,-48,-14612,-3352,5932,-651,-58,-550,0
4049.598231077194,9640,5240,11460,204,300,-113,9316,-10076,8460,287,479,102,-14536,4652,3804,-1045,-356,-75,-14636,-3476,5860,-741,-97,-541,0
4049.6342830657964,9548,5192,11676,152,276,-77,9292,-9928,8560,164,401,110,-14356,4592,3784,-1145,-332,-26,-14344,-3492,5924,-747,-71,-529,0
4049.6703000068665,9352,5328,11500,196,234,-10,9236,-9948,8784,296,439,167,-14396,4412,3612,-1218,-273,-124,-14428,-3708,5752,-787,2,-492,0
4049.7100770473485,9588,5432,11388,320,119,-72,9280,-9804,8584,283,275,-162,-14476,4044,3716,-1151,-202,-268,-14484,-3792,5752,-644,82,-573,0
4049.7453269958496,9616,5592,11032,166,-49,-162,9392,-9664,8468,127,389,-240,-14460,4240,4092,-807,-58,-227,-14508,-3688,5436,-586,125,-452,0
4049.780944108963,9656,5644,11060,69,-157,-111,9280,-9728,8756,192,347,-203,-14488,4348,3620,-1101,-231,-174,-14608,-3792,5688,-527,152,-431,0
4049.8161630630493,9232,5464,11416,-249,-101,-97,9168,-9604,8888,161,360,-212,-14348,4280,3764,-1036,-144,-173,-14448,-3772,5776,-443,212,-332,0
4049.8523120880122,9356,5624,11464,-74,-125,-85,9160,-9724,8612,134,205,-380,-14388,4256,3680,-847,15,-286,-14272,-3796,5744,-408,345,-230,0
4049.888158082962,9644,5688,11300,-81,-400,-39,9224,-9684,8876,-45,199,-502,-14544,4224,3808,-926,130,-361,-14612,-3948,5628,-375,459,-267,0
4049.923888921737,9640,5556,11048,-122,-445,-141,9360,-9564,8756,-109,287,-552,-14600,4256,3848,-938,46,-308,-14716,-3720,5596,-348,405,-346,0
4049.9600851535797,9608,5468,11228,-101,-9,-170,9452,-9552,8672,28,354,-382,-14348,4220,3848,-881,-134,-184,-15032,-3840,5684,-357,238,-322,0
4049.9952199459076,9612,5632,11136,-181,-133,-167,9328,-9772,8692,61,332,-332,-14640,4364,3744,-779,-156,-237,-14668,-3608,5720,-351,151,-315,0
4050.0308380126953,9700,5628,11468,-308,-96,-133,9188,-9692,8764,-17,369,-193,-14372,4272,3896,-828,-116,-15,-14592,-3928,5732,-511,68,-221,0
4050.0659699440002,9536,5732,11384,-423,-106,-131,9256,-9668,8608,-312,364,-289,-14572,4368,3848,-778,-41,71,-14672,-3776,5852,-160,26,-170,0
4050.1025121212006,9480,5532,11400,-457,13,-31,9184,-9700,8668,-340,298,-175,-14492,4356,3828,-821,10,99,-14832,-3764,5420,-223,-28,-129,0
4050.138150930404,9640,5388,11344,-360,-15,45,9260,-9848,8720,-223,299,-100,-14340,4380,3592,-898,72,37,-14508,-3724,5668,-357,-13,-188,0
4050.173681974411,9596,5540,11324,-262,46,80,9152,-9700,8548,-153,284,-62,-14148,4480,3744,-973,-7,60,-14428,-3764,5656,-406,-255,-145,0
4050.2095890045166,9516,5484,11408,-220,13,89,9332,-9488,8528,-95,154,-89,-14320,4416,3784,-1039,69,76,-14420,-3652,5784,-482,76,-26,0
4050.244657993316,9448,5444,11372,-210,-89,228,9152,-9968,8632,-15,22,-141,-14376,4608,3564,-1226,339,-20,-14420,-3660,5924,-614,226,82,0
4050.281136035919,9544,5420,11432,-54,-173,373,9448,-9908,8612,10,-186,-173,-14428,4568,3680,-1273,430,-77,-14564,-3508,5916,-653,262,171,0
4050.3145029544826,9644,5428,11532,9,-188,471,9276,-9860,8536,-52,-319,-204,-14524,4504,3724,-1284,545,-9,-14776,-3640,5900,-654,182,171,0
4050.348212957382,9752,5368,11548,-52,-97,434,9400,-9868,8484,-87,-184,-99,-14572,4388,3684,-1201,427,24,-14704,-3808,5684,-603,48,97,0
4050.3817801475525,9668,5480,11284,-87,50,339,9672,-9884,8472,-143,-128,-75,-14752,4332,3776,-1085,301,34,-14640,-4064,5860,-530,19,-70,0
4050.4149680137634,9560,5480,11380,-111,100,156,9524,-9900,8572,-169,34,-213,-14752,4120,3696,-1016,166,-59,-14424,-3820,5560,-477,39,-218,0
4050.4483621120453,9500,5628,11216,-112,44,-36,9532,-9780,8932,-107,91,-369,-14780,3908,4020,-891,-62,-170,-14832,-4044,5536,-466,61,-421,0
4050.481873989105,9808,5664,11592,-27,129,-275,9892,-9704,8664,-98,365,-309,-14712,4368,3920,-885,-143,-161,-14696,-3596,5840,-467,-24,-454,0
4050.5152180194855,9508,5568,11216,-113,178,-201,9244,-9944,8572,35,326,-247,-14244,4112,3764,-967,-153,-128,-14300,-3528,5856,-525,98,-374,0
4050.5490591526027,9480,5584,11348,-74,-25,-49,9256,-9696,8692,29,248,-297,-14284,4480,3708,-976,-147,-156,-14492,-3740,5904,-561,162,-202,0
4050.5824580192566,9604,5680,11160,-232,-119,105,9468,-9628,8600,-87,14,-203,-14200,4788,3532,-1270,222,66,-14688,-3504,5904,-471,37,81,0
4050.616054058075,9488,5464,11696,-293,-29,390,9076,-9772,8420,-103,-334,-30,-14220,4508,3496,-1178,574,222,-14608,-3448,6052,-590,-59,311,0
4050.6495549678802,9508,5468,11400,-296,-26,674,8972,-9840,8436,-151,-617,97,-14240,4452,3580,-1214,741,278,-14312,-3596,5880,-541,-159,367,0
4050.682986974716,9420,5404,11020,-278,58,710,9328,-9916,8260,-68,-568,67,-14428,4368,3820,-1301,674,162,-14392,-3600,5772,-586,90,419,0
4050.7166781425476,9488,5496,11280,-217,-222,781,9452,-9984,8628,-59,-477,30,-14836,4560,3860,-1246,630,102,-14772,-3632,5924,-706,146,513,0
4050.7499201297765,9560,5540,11380,-216,-139,853,9484,-9892,8604,-13,-553,66,-14832,4444,3704,-1204,712,96,-14708,-3776,5784,-638,103,484,0
4050.7834300994873,9536,5532,11508,-162,-92,763,9608,-9892,8536,-96,-459,-17,-14692,4244,3732,-1193,640,57,-14664,-3652,5644,-586,129,320,0
4050.8170230388646,9884,5428,11288,-31,-70,582,9668,-9952,8616,-141,-246,23,-14832,4388,3588,-1173,375,40,-14432,-3768,5872,-640,88,127,0
4050.8505749702454,9612,5464,11588,-64,-28,454,9544,-9872,8556,-52,-119,-9,-14572,4360,3840,-1171,208,47,-14644,-3760,6020,-611,56,71,0
4050.883649110794,9656,5564,11364,-158,-2,372,9500,-9780,8700,-84,-46,-14,-14400,4336,3596,-1041,137,61,-14688,-3784,5856,-467,-23,25,0
4050.9171929359436,9928,5512,11348,-509,26,227,9668,-9760,8296,-174,112,-35,-14700,4300,3536,-919,108,43,-14784,-3644,5812,-371,-23,-32,0
4050.9507999420166,9652,5384,11392,-316,-63,134,9532,-9896,8376,-199,165,-147,-14624,4224,3724,-928,97,17,-14840,-3584,5784,-378,21,-83,0
4050.9845020771027,9716,5312,11308,-252,-29,137,9844,-9880,8440,-127,144,-125,-14572,4488,3516,-799,-14,36,-14716,-3416,5776,-408,53,-112,0
4051.0180239677434,9832,5300,11344,-282,255,93,9600,-9996,8348,-72,160,-137,-14384,4596,3384,-916,17,21,-14616,-3396,5948,-477,64,-94,0
4051.051628112793,9756,5312,11292,-253,-2,142,9512,-10076,8368,-12,144,-121,-14576,4624,3536,-990,61,-38,-14628,-3364,5840,-487,112,-97,0
4051.0851280689244,9672,5136,11380,-167,-33,146,9560,-10112,8300,20,94,-170,-14580,4564,3408,-1037,86,-72,-14588,-3312,5860,-557,184,-89,0
4051.118535041809,9708,5220,11428,-139,-47,169,9608,-10040,8228,82,96,-118,-14440,4808,3336,-1082,148,-65,-14536,-3432,5984,-532,177,-73,0
4051.1518731117253,9504,5236,11324,-128,-33,186,9392,-9896,8216,38,149,-120,-14544,4396,3396,-1049,134,-105,-14524,-3552,6060,-498,165,-126,0
4051.18541097641,9660,5488,11468,-170,-41,142,9512,-9920,8416,57,188,-105,-14460,4488,3720,-1070,97,-102,-14568,-3512,5876,-493,120,-117,0
4051.218730926513,9576,5404,11532,-193,-14,99,9404,-9912,8560,50,212,-144,-14528,4396,3588,-1068,73,-103,-14584,-3588,5776,-456,138,-98,0
4051.2522120475774,9452,5416,11660,-224,-65,89,9388,-9776,8536,27,199,-163,-14584,4516,3816,-1099,103,-17,-14528,-3688,5684,-439,180,-132,0
4051.2856760025024,9396,5500,11476,-231,-119,76,9464,-9832,8392,-11,303,-172,-14524,4596,3536,-1031,89,-71,-14540,-3532,5776,-450,173,-134,0
4051.3224670886993,9500,5376,11420,-233,-108,18,9412,-9852,8544,-27,450,-235,-14832,4512,3744,-1064,80,-122,-14576,-3528,6012,-437,183,-113,0
4051.3580930233,9692,5400,11380,-198,-15,37,9716,-9936,8624,50,507,-229,-14536,4576,3784,-1043,58,-38,-14360,-3492,5884,-482,144,-151,0
4051.3934280872345,9940,5476,11384,-174,27,53,9376,-9904,8656,26,237,-147,-14580,4472,3524,-1016,100,-52,-14592,-3456,5740,-489,136,-98,0
4051.429477930069,9536,5372,11600,-180,36,107,9216,-9896,8696,-19,225,-181,-14384,4380,3396,-1011,107,-127,-14592,-3576,5904,-472,248,-81,0
4051.4642980098724,9540,5444,11400,-237,-86,108,9432,-9844,8648,10,412,-181,-14356,4188,3516,-1102,197,-137,-14672,-3568,5948,-477,228,-63,0
4051.5002970695496,9656,5324,11396,-252,-142,126,9400,-10016,8680,44,215,-221,-14536,4552,3668,-1120,114,-132,-14644,-3528,6088,-765,198,-108,0
4051.5352139472966,9532,5204,11372,-209,-179,123,9388,-10064,8520,78,-244,-274,-14696,4484,3556,-1128,80,-213,-14604,-3484,6028,-264,172,-145,0
4051.5708899497986,9620,5428,11328,-151,-102,67,9544,-9880,8596,89,102,-10,-14668,4500,3656,-1025,24,-141,-14688,-3460,6104,-478,100,-175,0
4051.606218099594,9948,5388,11592,-238,-135,64,9392,-9936,8412,3,182,-271,-14504,4512,3440,-998,-21,-151,-14840,-3392,5956,-477,172,-127,0
4051.6424009799957,9480,5364,11368,-209,-191,113,9304,-9904,8240,48,211,-231,-14500,4524,3688,-1025,45,-176,-14640,-3432,6072,-457,205,-90,0
4051.6776981353764,9512,5340,11320,-210,-295,158,9312,-9832,8472,58,153,-218,-14496,4472,3468,-1005,92,-131,-14544,-3572,5896,-469,205,-69,0
4051.7133750915523,9656,5600,11632,-232,-297,179,9228,-9748,8452,31,298,-171,-14512,4132,3432,-907,33,-134,-14460,-3552,5904,-452,198,-44,0
4051.7482309341435,9664,5364,11280,-236,-310,153,9280,-9888,8552,38,346,-117,-14556,4416,3784,-920,64,-146,-14600,-3768,5820,-497,194,-55,0
4051.7842741012573,9572,5344,11436,-224,-290,182,9388,-9728,8688,81,371,-182,-14752,4176,3748,-964,123,-179,-14484,-3568,5796,-472,199,-60,0
4051.820284128189,9704,5152,11484,-256,-322,189,9448,-9832,8604,60,82,-263,-14520,4416,3568,-988,194,-117,-14764,-3528,5824,-463,179,-31,0
4051.855530023575,9816,5408,11308,-252,-277,192,9388,-9748,8660,28,55,-244,-14588,4384,3620,-946,131,-111,-14580,-3464,5616,-456,177,-45,0
4051.8912720680237,9844,5532,11496,-241,-216,171,9432,-9764,8680,24,24,-270,-14356,4320,3692,-1032,150,-56,-14588,-3532,5840,-487,158,-45,0
4051.92729306221,9780,5352,11180,-224,-190,152,9324,-9816,8664,15,-38,-275,-14568,4392,3800,-1006,127,-113,-14668,-3476,5868,-453,148,-51,0
4051.963806152344,9836,5604,11352,-198,-166,177,9524,-9764,8624,-43,50,-206,-14384,4448,3668,-1004,114,-41,-14640,-3516,5656,-486,125,-105,0
4051.9975991249084,9788,5308,11064,-191,-73,117,9528,-9500,8584,-47,95,-197,-14632,4424,3520,-984,53,-30,-14696,-3468,5808,-462,60,-119,0
4052.0309879779816,9916,5284,11504,-191,27,91,9460,-9780,8512,-32,172,-147,-14800,4560,3368,-993,-23,-1,-14624,-3420,5864,-489,11,-110,0
4052.0644850730896,9720,5248,11304,-174,34,93,9420,-9864,8500,-22,159,-122,-14544,4472,3388,-1071,74,-19,-14548,-3516,5924,-467,92,-126,0
4052.098078966141,9500,5292,11440,-210,8,125,9388,-9816,8576,-41,125,-137,-14540,4400,3588,-1007,83,-82,-14644,-3628,5948,-453,120,-91,0
4052.1313099861145,9736,5328,11336,-170,-39,151,9416,-9940,8540,-93,119,-157,-14512,4504,3684,-962,112,-41,-14612,-3516,5980,-442,147,-84,0
4052.1648359298706,9840,5292,11400,-205,-28,110,9452,-9764,8528,15,101,-184,-14504,4484,3720,-1042,106,-60,-14576,-3496,5900,-492,164,-95,0
4052.1983120441437,9728,5292,11332,-190,-115,140,9336,-9860,8492,17,99,-201,-14616,4380,3696,-1047,104,-96,-14660,-3572,5904,-456,156,-99,0
4052.2316489219666,9484,5416,11436,-144,-75,137,9700,-9488,8296,-52,122,-177,-14628,4452,3756,-1004,61,-83,-14640,-3476,6012,-483,99,-145,0
4052.2650620937347,9732,5304,11648,-225,-65,115,9400,-9852,8504,-13,160,-159,-14608,4560,3612,-993,61,-32,-14780,-3468,5684,-470,119,-126,0
4052.29865193367,9540,5364,11344,-233,-117,134,9376,-9844,8460,24,116,-160,-14484,4512,3388,-985,61,-63,-14352,-3468,5972,-465,100,-106,0
4052.3319690227518,9472,5312,11456,-225,-198,214,9384,-9824,8484,25,130,-153,-14592,4476,3692,-992,69,-77,-14492,-3540,5800,-500,89,-88,0
4052.36578798294,9720,5400,11284,-194,-174,168,9440,-9828,8660,-10,110,-154,-14484,4416,3628,-967,73,-102,-14832,-3480,5644,-481,77,-115,0
4052.3989551067352,9888,5352,11512,-179,-114,161,9492,-9772,8668,-26,117,-141,-14644,4320,3552,-996,63,-16,-14824,-3488,5772,-466,35,-111,0
4052.432410955429,9892,5284,11268,-193,-57,145,9604,-9724,8572,248,152,-107,-14516,4428,3656,-999,67,-33,-14468,-3484,5776,-465,92,-149,0
4052.4659960269923,9832,5524,11236,-213,-60,97,9352,-9844,8508,8,113,-160,-14532,4428,3504,-1067,74,-53,-14588,-3536,6012,-470,123,-120,0
4052.4996750354762,9732,5292,11392,-220,-110,103,9404,-9828,8500,-14,137,-216,-14568,4528,3820,-1039,107,-113,-14620,-3512,5956,-430,147,-123,0
4052.5332520008083,9696,5348,11448,-264,-162,119,9368,-9848,8484,-248,126,-207,-14756,4468,3740,-966,90,-131,-14508,-3436,5836,-428,193,-100,0
4052.56662607193,9656,5408,11292,-190,-167,132,9352,-9792,8556,-12,77,-232,-14476,4480,3516,-1002,137,-105,-14608,-3388,5888,-464,190,-79,0
4052.600121974945,9836,5336,11220,-172,-171,157,9448,-9784,8572,-39,93,-176,-14472,4504,3712,-1024,140,-66,-14680,-3504,5824,-458,132,-84,0
4052.6335310935974,9792,5336,11332,-167,-101,150,9484,-9740,8296,-66,90,-178,-14636,4472,3732,-1039,99,-98,-14612,-3536,5912,-492,113,-108,0
4052.667273044586,9880,5336,11468,-192,-48,121,9576,-9824,8440,-40,99,-166,-14616,4328,3612,-982,73,-57,-14648,-3428,5640,-491,71,-130,0
4052.7008190155034,9800,5252,11404,-187,-39,81,9488,-9788,8548,-49,112,-129,-14584,4464,3724,-991,82,-35,-14800,-3436,5868,-486,70,-137,0
4052.7343249320984,9744,5244,11492,-172,-23,102,9544,-9832,8464,-26,157,-150,-14504,4404,3820,-1042,91,-12,-14512,-3452,5948,-486,101,-119,0
4052.767930984497,9504,5364,11076,-222,-101,110,9408,-9728,8648,-46,113,-178,-14592,4472,3752,-1000,119,-39,-14484,-3488,5832,-441,130,-115,0
4052.8013439178467,9740,5360,11248,-203,-90,100,9372,-9908,8564,-57,109,-194,-14584,4492,3816,-981,79,-89,-14548,-3332,5844,-435,98,-138,0
4052.8347809314723,9884,5272,11260,-192,-61,127,9272,-9800,8552,-248,58,-200,-14460,4488,3700,-1278,99,-95,-14568,-3396,5836,-500,147,-134,0
4052.8684260845184,9712,5292,11268,-170,-70,138,9408,-9768,8604,7,98,-136,-14560,4448,3552,-1046,115,-33,-14600,-3544,6052,-472,108,-128,0
4052.9018719196324,9956,5252,11472,-194,-33,112,9488,-9816,8532,-39,158,-162,-14516,4524,3696,-1011,78,-41,-14788,-3548,5944,-496,112,-123,0
4052.9354159832005,9732,5176,11464,-233,-86,75,9440,-9932,8508,19,217,-168,-14544,4496,3500,-981,41,-88,-14344,-3432,5920,-468,151,-145,0
4052.968924045562,9804,5248,11376,-211,-97,98,9372,-9752,8524,-16,140,-201,-14432,4468,3732,-1062,82,-45,-14520,-3528,6048,-467,166,-141,0
4053.0051000118256,9948,5308,11500,-170,-115,140,9460,-9856,8512,-27,99,-181,-14500,4612,3692,-998,95,-95,-14548,-3600,6100,-450,138,-125,0
4053.041212081909,9816,5292,11484,-187,-65,131,9244,-9708,8536,-55,109,-163,-14592,4488,3568,-979,59,-95,-14504,-3496,5876,-459,125,-129,0
4053.0776059627533,9800,5248,11496,-205,-27,115,9448,-9620,8572,-39,127,-149,-14648,4404,3556,-1279,100,-53,-14792,-3348,5756,-486,124,-132,0
4053.1128349304204,9768,5248,11384,-154,20,104,9484,-9884,8472,-50,203,-99,-14360,4136,3788,-778,106,-33,-14664,-3512,5800,-516,106,-148,0
4053.1486661434174,9940,5236,11136,-138,102,93,9572,-9768,8588,-76,132,-113,-14560,4404,3568,-1044,67,-29,-14560,-3468,5892,-486,58,-183,0
4053.183494091034,9764,5332,11444,-183,134,78,9512,-9816,8560,-50,134,-102,-14464,4464,3532,-1074,43,-23,-14408,-3508,6096,-479,79,-158,0
4053.2187440395355,9948,5332,11380,-189,127,46,9444,-9804,8648,-43,158,-140,-14548,4464,3580,-1057,65,-29,-14568,-3476,5956,-493,110,-105,0
4053.2543640136723,9592,5344,11388,-196,60,93,9420,-9816,8604,-27,108,-187,-14524,4612,3744,-1024,83,-26,-14604,-3504,5916,-492,133,-122,0
4053.290260076522,9736,5372,11360,-178,-28,106,9336,-9884,8444,-28,45,-205,-14544,4444,3772,-1054,79,-90,-14552,-3552,5960,-493,155,-116,0
4053.325663089752,9652,5316,11436,-199,-58,92,9448,-9864,8492,-31,70,-192,-14492,4588,3576,-1040,64,-47,-14572,-3488,5864,-473,135,-128,0
4053.360985994339,9692,5216,11416,-250,-37,93,9444,-9852,8636,-15,82,-189,-14480,4528,3524,-1051,82,-48,-14620,-3416,5900,-485,106,-148,0
4053.3972649574284,9796,5184,11400,-189,-15,106,9364,-9804,8612,13,118,-166,-14580,4352,3480,-1051,68,-59,-14564,-3540,5988,-511,87,-119,0
4053.4323201179504,9976,5196,11432,-176,-59,126,9520,-9868,8716,25,118,-175,-14580,4432,3780,-1060,104,-92,-14592,-3448,5900,-470,170,-151,0
4053.467492103576,9888,5236,11284,-190,-90,104,9552,-9828,8532,-8,121,-202,-14836,4480,3804,-783,94,-78,-14840,-3484,5736,-464,158,-103,0
4053.5028309822083,9880,5128,11052,-150,-83,105,9420,-9744,8520,-33,64,-180,-14472,4508,3648,-983,121,-77,-14836,-3468,5860,-468,106,-131,0
4053.538800954818,9852,5276,11368,-211,-47,121,9512,-9836,8544,33,38,-172,-14624,4560,3724,-1039,107,-31,-14588,-3488,6000,-502,138,-119,0
4053.5746660232544,9760,5372,11516,-181,-43,140,9248,-9756,8452,-7,112,-166,-14624,4392,3812,-1048,98,-28,-14356,-3336,5956,-489,96,-127,0
4053.6099369525914,9944,5128,11312,-156,-20,84,9372,-9820,8696,-23,130,-129,-14496,4504,3584,-1028,121,-33,-14652,-3464,5804,-480,74,-162,0
4053.647057056427,9772,5292,11376,-138,254,97,9424,-9812,8512,-7,125,-134,-14512,4368,3692,-1048,70,29,-14556,-3424,5836,-486,76,-149,0
4053.6805689334874,9700,5360,11344,-144,23,96,9284,-9796,8612,9,82,-117,-14496,4472,3724,-1027,64,-8,-14536,-3428,5976,-503,89,-137,0
4053.7139949798584,9696,5284,11368,-137,9,143,9432,-9764,8472,-11,113,-127,-14460,4520,3732,-1001,87,-43,-14576,-3644,6004,-492,83,-130,0
4053.7475750446324,9652,5388,11432,-185,33,105,9324,-9984,8480,-44,110,-148,-14580,4540,3768,-1278,124,-48,-14548,-3404,5960,-467,122,-144,0
4053.7812049388885,9672,5320,11340,-189,-11,107,9412,-9840,8496,-49,76,-178,-14520,4564,3692,-1030,135,-88,-14460,-3504,5924,-485,144,-96,0
4053.8143520355225,9732,5388,11656,-208,-40,119,9288,-9788,8616,-33,102,-210,-14420,4472,3700,-1036,161,-96,-14616,-3512,5928,-465,185,-83,0
4053.84792304039,9672,5400,11232,-152,2,111,9472,-9836,8204,-23,96,-186,-14516,4432,3640,-770,148,-113,-14696,-3492,6032,-481,145,-81,0
4053.8814749717712,9668,5240,11608,-208,-5,98,9404,-9804,8488,-42,100,-201,-14512,4472,3760,-999,121,-64,-14620,-3548,5700,-488,115,-106,0
4053.914896965027,9788,5272,11480,-206,33,76,9572,-9756,8500,-39,126,-161,-14444,4500,3568,-1066,145,-72,-14828,-3492,6140,-505,162,-92,0
4053.9484429359436,9660,5596,11472,-201,4,73,9480,-9844,8312,-59,179,-187,-14476,4512,3656,-1041,101,-89,-14576,-3520,5888,-481,186,-73,0
4053.982299089432,9716,5572,11432,-194,-50,99,9416,-9764,8572,-111,162,-202,-14408,4412,3656,-1026,157,-120,-14548,-3580,5916,-469,209,-41,0
4054.0156440734863,9640,5316,11344,-200,-71,101,9492,-9756,8624,-113,173,-214,-14608,4608,3768,-999,143,-159,-14548,-3552,6004,-466,191,-60,0
4054.0494339466095,9728,5240,11416,-292,-105,135,9428,-9864,8412,-39,132,-229,-14424,4484,3600,-986,155,-129,-14548,-3480,5940,-489,216,-51,0
4054.0829560756683,9596,5284,11352,-224,-183,187,9264,-9948,8424,20,117,-252,-14512,4428,3372,-1001,168,-132,-14424,-3656,6064,-490,196,-75,0
4054.11667394638,9668,5328,11300,-146,-155,155,9408,-9828,8340,-48,129,-232,-14580,4440,3720,-1002,161,-197,-14408,-3344,6092,-454,205,-59,0
4054.1498301029205,9840,5244,11420,-224,-212,160,9536,-9880,8712,-17,87,-291,-14512,4408,3608,-769,166,-234,-14476,-3528,5928,-424,241,-70,0
4054.1833500862126,9708,5180,11372,-241,-234,161,9680,-9788,8560,-26,105,-265,-14556,4368,3368,-1005,202,-184,-14636,-3488,5884,-459,226,-29,0
4054.2169771194453,9816,5228,11372,-219,-193,177,9504,-9952,8224,-242,-25,-276,-14596,4504,3672,-1121,196,-70,-14348,-3452,5732,-467,168,-47,0
4054.2501821517944,9912,5332,11348,-191,-202,185,9324,-9732,8524,21,81,-242,-14364,4384,3756,-1081,220,-69,-14364,-3564,5824,-459,138,-72,0
4054.2838120460506,9712,5292,11296,-249,-242,166,9496,-9640,8548,-9,85,-242,-14628,4448,3668,-1061,205,-121,-14644,-3580,5924,-446,123,-70,0
4054.3173370361333,9856,5252,11440,-6,-219,147,9420,-9680,8572,3,83,-240,-14588,4468,3788,-1026,130,-121,-14608,-3504,5976,-454,142,-89,0
4054.3508040905003,9868,5184,11452,-270,-208,129,9228,-9804,8596,30,163,-208,-14560,4516,3580,-1015,99,-91,-14560,-3440,5924,-456,154,-136,0
4054.3842439651494,9804,5248,11324,-244,-187,141,9512,-9748,8448,28,137,-221,-14468,4364,3524,-1043,117,-93,-14592,-3492,5884,-482,148,-88,0
4054.4177229404454,9756,5200,11416,-234,-217,143,9536,-9756,8448,64,156,-229,-14540,4460,3336,-944,118,-134,-14588,-3468,5908,-472,206,-133,0
4054.4510459899902,9784,5236,11292,-217,-221,132,9488,-9584,8420,38,152,-240,-14356,4468,3644,-1085,158,-174,-14548,-3516,5980,-481,185,-114,0
4054.4848489761353,9816,5252,11440,-212,-211,129,9388,-9768,8676,19,159,-219,-14544,4416,3504,-1019,100,-92,-14824,-3512,5892,-473,187,-88,0
4054.5183110237126,9828,5180,11372,-198,-200,174,9724,-9508,8472,13,120,-224,-14504,4464,3516,-1070,128,-87,-14340,-3508,5684,-483,167,-107,0
4054.5518550872803,9844,5272,11120,-213,-163,138,9472,-9768,8364,23,90,-208,-14480,4420,3788,-999,123,-66,-14572,-3544,5936,-467,144,-48,0
4054.5854771137238,9840,5284,11324,-198,-145,159,9572,-9620,8260,-29,124,-177,-14696,4364,3680,-1006,135,-59,-14632,-3520,5800,-472,87,-77,0
4054.6191301345825,9876,5136,11360,-178,-48,102,9528,-9724,8544,-53,110,-182,-14612,4360,3608,-990,128,-58,-14564,-3456,5908,-470,101,-118,0
4054.6522669792175,9868,5324,11464,-170,-12,108,9536,-9872,8308,-48,73,-201,-14592,4524,3556,-984,69,-6,-14568,-3552,5872,-496,114,-92,0
4054.689654111862,9864,5544,11396,-148,-1,96,9580,-9736,8392,-69,103,-177,-14584,4368,3572,-1013,140,-6,-14568,-3384,6096,-484,150,-93,0
4054.7287070751195,9752,5396,11392,-151,-7,121,9504,-9788,8512,-80,108,-169,-14376,4380,3656,-1039,139,-30,-14368,-3436,5952,-477,126,-102,0
4054.7645859718323,9668,5264,11392,-144,-17,130,9500,-9776,8476,-59,104,-178,-14492,4504,3676,-1013,126,-56,-14496,-3368,5960,-491,123,-106,0
